OPE ID,School,State,Zip Code,School Type,20062007Qtr2_Dependent Students,20062007Qtr2_Independent Students,Quarterly Total,YTD_20062007Qtr2_Dependent Students,YTD_20062007Qtr2_Independent Students,Award Year To Date Total
00100200,ALABAMA AGRCLTL & MECHL UNIV            ,AL,35762-1357,Public       ,2064,1220,3284,4566,2181,6747
00100300,FAULKNER UNIVERSITY                     ,AL,36109-3398,Private      ,351,978,1329,652,1581,2233
00100400,UNIVERSITY OF MONTEVALLO                ,AL,35115-6000,Public       ,643,341,984,1204,597,1801
00100500,ALABAMA STATE UNIVERSITY                ,AL,36101-0000,Public       ,2356,1132,3488,5201,2204,7405
00100700,CENTRAL ALABAMA COMMUNITY COLLEGE       ,AL,35011-0000,Public       ,278,447,725,521,684,1205
00100800,ATHENS STATE UNIVERSITY                 ,AL,35611-1999,Public       ,206,780,986,343,1361,1704
00100900,AUBURN UNIVERSITY                       ,AL,36849-5113,Public       ,3383,1561,4944,10170,3462,13632
00101200,BIRMINGHAM SOUTHERN COLLEGE             ,AL,35254-0002,Private      ,320,87,407,985,174,1159
00101300,CALHOUN COMMUNITY COLLEGE               ,AL,35609-2216,Public       ,968,1537,2505,1841,2748,4589
00101500,ENTERPRISE-OZARK COMMUNITY COLLEGE      ,AL,36331-1300,Public       ,278,313,591,437,505,942
00101600,UNIVERSITY OF NORTH ALABAMA             ,AL,35632-0001,Public       ,1268,805,2073,2408,1322,3730
00101700,GADSDEN STATE COMMUNITY COLLEGE         ,AL,35903-2269,Public       ,589,873,1462,1079,1443,2522
00101706,GADSDEN STATE COMM. COLLEGE-AYERS CAMPUS,AL,36202-0000,Public       ,56,111,167,116,204,320
00101800,GEORGE C WALLACE COMMUNITY COLLEGE      ,AL,36303-0943,Public       ,369,733,1102,603,1123,1726
00101900,HUNTINGDON COLLEGE                      ,AL,36106-2148,Private      ,321,95,416,687,162,849
00102000,JACKSONVILLE STATE UNIVERSITY           ,AL,36265-1602,Public       ,1601,1346,2947,3493,2539,6032
00102100,JEFFERSON DAVIS COMMUNITY COLLEGE       ,AL,36427-2790,Public       ,116,203,319,199,357,556
00102200,JEFFERSON STATE COMMUNITY COLLEGE       ,AL,35215-3098,Public       ,890,1480,2370,1421,2428,3849
00102300,JUDSON COLLEGE                          ,AL,36756-2504,Private      ,116,33,149,201,62,263
00102400,UNIVERSITY OF WEST ALABAMA              ,AL,35470-0000,Public       ,601,817,1418,1207,1377,2584
00102600,MARION MILITARY INSTITUTE               ,AL,36756-3214,Public       ,104,8,112,138,12,150
00102800,MILES COLLEGE                           ,AL,35064-2697,Private      ,635,401,1036,1102,612,1714
00102900,UNIVERSITY OF MOBILE                    ,AL,36613-0000,Private      ,370,594,964,748,1028,1776
00103000,BISHOP STATE COMMUNITY COLLEGE          ,AL,36603-5898,Public       ,508,1199,1707,783,1995,2778
00103001,BISHOP STATE COMM COLG-CARVER CMPS      ,AL,36617-0000,Public       ,33,61,94,52,100,152
00103002,BISHOP STAT COMM CLG-SW CMPS            ,AL,36605-0000,Public       ,27,44,71,40,65,105
00103100,NORTHEAST ALABAMA STATE CMNTY COLG      ,AL,35986-0159,Public       ,212,387,599,392,571,963
00103300,OAKWOOD COLLEGE                         ,AL,35896-0001,Private      ,483,174,657,1101,378,1479
00103400,ALABAMA SOUTHERN COMMUNITY COLLEGE      ,AL,36460-5698,Public       ,214,224,438,355,341,696
00103600,SAMFORD UNIVERSITY                      ,AL,35229-7000,Private      ,437,576,1013,2180,1833,4013
00103700,SELMA UNIVERSITY                        ,AL,36701-0000,Private      ,2,3,5,2,3,5
00103800,SNEAD STATE COMMUNITY COLLEGE           ,AL,35957-0734,Public       ,259,376,635,454,645,1099
00104000,SOUTHERN UNION STATE COMMUNITY CLG      ,AL,36276-0000,Public       ,736,636,1372,1278,1091,2369
00104100,SPRING HILL COLLEGE                     ,AL,36608-1791,Private      ,378,190,568,1306,364,1670
00104400,STILLMAN COLLEGE                        ,AL,35403-1430,Private      ,399,115,514,939,228,1167
00104600,TALLADEGA COLLEGE                       ,AL,35160-2354,Private      ,158,39,197,300,68,368
00104700,TROY STATE UNIVERSITY                   ,AL,36082-0001,Public       ,1768,4457,6225,3368,7618,10986
00104754,TROY UNIVERSITY - DOTHAN                ,AL,36303-1575,Public       ,205,599,804,329,1037,1366
00104755,TROY UNIVERSITY - MONTGOMERY            ,AL,36103-4419,Public       ,304,1542,1846,552,2692,3244
00105000,TUSKEGEE UNIVERSITY                     ,AL,36088-1645,Private      ,1096,287,1383,3791,734,4525
00105100,UNIVERSITY OF ALABAMA (THE)             ,AL,35487-0120,Public       ,3943,2213,6156,9906,4425,14331
00105200,UNIVERSITY OF ALABAMA AT BIRMINGHAM     ,AL,35294-1150,Public       ,2472,3013,5485,5943,5713,11656
00105500,UNIVERSITY OF ALABAMA IN HUNTSVILLE     ,AL,35899-0001,Public       ,1129,983,2112,2599,1816,4415
00105700,UNIVERSITY OF SOUTH ALABAMA             ,AL,36688-0002,Public       ,2189,2906,5095,3840,4945,8785
00105900,LAWSON STATE COMMUNITY COLLEGE          ,AL,35221-1798,Public       ,457,669,1126,717,1078,1795
00105901,LAWSON STATE COMMUNITY COLLEGE - BESSEME,AL,35021-0308,Public       ,99,262,361,144,414,558
00106000,FAULKNER STATE COMMUNITY COLLEGE        ,AL,36507-2698,Public       ,613,608,1221,921,945,1866
00446200,GADSDEN BUSINESS COLLEGE                ,AL,35906-3658,Proprietary  ,7,25,32,8,28,36
00526000,J.F. DRAKE STATE TECH COLLEGE           ,AL,35811-1584,Public       ,105,296,401,150,452,602
00569100,SHELTON STATE COMMUNITY CLG             ,AL,35405-4017,Public       ,847,770,1617,1474,1230,2704
00569200,REID STATE TECHNICAL COLLEGE            ,AL,36401-0000,Public       ,43,86,129,66,124,190
00569700,NORTHWEST- SHOALS COMMUNITY COLLEGE     ,AL,35661-0000,Public       ,485,589,1074,900,1009,1909
00569702,NORTHWEST-SHOALS C.C.-PHIL CAMPBELL     ,AL,35581-0000,Public       ,53,57,110,116,114,230
00569900,GEORGE C WALLACE STATE CMTY COLLEGE     ,AL,36703-0000,Public       ,277,327,604,455,525,980
00573300,BEVILL STATE CMTY COLLEGE-WALKER        ,AL,35148-0000,Public       ,276,536,812,480,842,1322
00573301,BEVILL STATE COMMUNITY COLLEGE - FAYETTE,AL,35555-0000,Public       ,105,121,226,190,198,388
00573302,BEVILL STATE CMTY CLG-HAMILTON CAMP     ,AL,35570-0000,Public       ,54,106,160,102,181,283
00573305,BEVILL STATE CMTY CLG-WALKER CLG        ,AL,35501-0000,Public       ,95,115,210,168,205,373
00573400,H. COUNCILL TRENHOLM STATE TECH COLLEGE ,AL,36108-0020,Public       ,157,405,562,225,560,785
00573401,H. C. TRENHOLM ST TECH COL-PATTERSON CAM,AL,36116-2612,Public       ,57,105,162,81,178,259
00787100,GEORGE C WALLACE STATE CMTY CLG         ,AL,35077-2000,Public       ,738,1119,1857,1174,1766,2940
00831000,AUBURN UNIVERSITY-MONTGOMERY            ,AL,36124-0000,Public       ,934,1090,2024,1767,1929,3696
00898800,LURLEEN B WALLACE COMMUNITY COLLEGE     ,AL,36420-0418,Public       ,192,227,419,311,349,660
01019300,HERZING COLLEGE                         ,AL,35209-4816,Proprietary  ,67,205,272,104,331,435
01055400,CONCORDIA COLLEGE                       ,AL,36701-3323,Private      ,261,157,418,362,212,574
01123700,SOUTHERN COMMUNITY COLLEGE              ,AL,36083-1803,Private      ,8,47,55,17,59,76
01218200,CHATTAHOOCHEE VALLEY CMTY CLG           ,AL,36869-7917,Public       ,226,430,656,356,684,1040
01303906,SOUTH UNIVERSITY - MONTGOMERY           ,AL,36116-1120,Proprietary  ,54,195,249,78,317,395
02170600,UNITED STATES SPORTS ACADEMY            ,AL,36526-7055,Private      ,8,200,208,13,342,355
02199700,HERITAGE CHRISTIAN UNIVERSITY           ,AL,35630-0000,Private      ,6,27,33,8,40,48
02270400,SOUTHEASTERN BIBLE COLLEGE              ,AL,35244-2083,Private      ,38,63,101,68,90,158
02296000,PRINCE INSTITUTE OF PROFESSIONAL STUDIES,AL,36117-0000,Proprietary  ,16,28,44,21,38,59
02323800,GAITHER AND COMPANY BEAUTY COLLEGE      ,AL,35768-0000,Proprietary  ,0,1,1,1,2,3
02341000,FORTIS COLLEGE                          ,AL,36609-0000,Proprietary  ,112,313,425,128,441,569
02341002,CAPPS COLLEGE - MONTGOMERY              ,AL,36109-3624,Proprietary  ,12,27,39,19,43,62
02503400,AMRIDGE UNIVERSITY                      ,AL,36124-0000,Private      ,11,338,349,17,508,525
02605500,REMINGTON COLLEGE - MOBILE CAMPUS       ,AL,36609-5593,Proprietary  ,180,592,772,229,993,1222
03010600,VIRGINIA COLLEGE                        ,AL,35209-5154,Proprietary  ,298,2173,2471,396,3074,3470
03010602,VIRGINIA COLLEGE - HUNTSVILLE           ,AL,35805-0000,Proprietary  ,43,100,143,69,198,267
03010605,VA COLG TECHNICAL AT PELHAM             ,AL,35124-0000,Proprietary  ,9,7,16,21,14,35
03032500,ALABAMA STATE CLG BARBER STYLING        ,AL,35215-8308,Proprietary  ,3,8,11,14,16,30
03100503,VIRGINIA COLLEGE AT PENSACOLA - VIRGINIA,AL,35242-5340,Proprietary  ,35,117,152,35,117,152
03361400,FORTIS COLLEGE                          ,AL,36535-3547,Proprietary  ,26,136,162,31,170,201
03459300,SOUTHEASTERN SCHOOL OF COSMETOLOGY      ,AL,35228-0000,Private      ,5,43,48,9,58,67
03783300,BLUE CLIFF CAREER COLLEGE               ,AL,63306-4749,Proprietary  ,11,39,50,12,48,60
00111100,ALLAN HANCOCK COLLEGE                   ,CA,93454-6399,Public       ,517,867,1384,1737,1745,3482
00111300,ANTELOPE VALLEY COLLEGE                 ,CA,93536-5426,Public       ,453,965,1418,1938,2548,4486
00111600,ART CENTER COLLEGE OF DESIGN            ,CA,91103-1999,Private      ,140,250,390,964,1130,2094
00111700,AZUSA PACIFIC UNIVERSITY                ,CA,91702-7000,Private      ,483,1099,1582,5170,2834,8004
00111800,BAKERSFIELD COLLEGE                     ,CA,93305-1299,Public       ,899,1403,2302,4715,4068,8783
00111900,BARSTOW COMMUNITY COLLEGE               ,CA,92311-6608,Public       ,135,568,703,228,870,1098
00112000,AMER BAPT SEM OF THE WEST-BERKELEY      ,CA,94704-0000,Private      ,1,7,8,3,37,40
00112100,BETHANY UNIVERSITY /  ASSEMBLIES OF GOD ,CA,95066-2896,Private      ,53,91,144,403,299,702
00112200,BIOLA UNIVERSITY                        ,CA,90639-0001,Private      ,470,574,1044,4124,1610,5734
00112300,BROOKS INSTITUTE                        ,CA,93103-1809,Proprietary  ,558,389,947,1551,868,2419
00112400,CABRILLO COLLEGE                        ,CA,95003-3194,Public       ,314,675,989,1571,1798,3369
00112500,CALIFORNIA BAPTIST UNIVERSITY           ,CA,92504-3297,Private      ,359,554,913,2276,1479,3755
00112700,CALIFORNIA COLLEGE OF THE ARTS          ,CA,94107-2206,Private      ,204,236,440,1226,1127,2353
00113100,CALIFORNIA INSTITUTE OF TECHNOLOGY      ,CA,91125-0001,Private      ,74,41,115,2084,280,2364
00113200,CALIFORNIA INSTITUTE OF THE ARTS        ,CA,91355-2397,Private      ,85,67,152,1182,1303,2485
00113300,CALIFORNIA LUTHERAN UNIVERSITY          ,CA,91360-2787,Private      ,325,335,660,2151,783,2934
00113400,CALIFORNIA MARITIME ACADEMY             ,CA,94590-8181,Public       ,65,44,109,480,162,642
00113700,CALIF STATE UNIV-FULLERTON              ,CA,92831-3599,Public       ,1893,2533,4426,22646,10267,32913
00113800,"CALIFORNIA STATE UNIVERSITY, EAST BAY   ",CA,94542-3000,Public       ,609,1447,2056,5087,5573,10660
00113900,CALIF STATE UNIV-LONG BEACH             ,CA,90840-0006,Public       ,2090,2691,4781,29794,12656,42450
00114000,CALIF STATE UNIV-LOS ANGELES            ,CA,90032-4226,Public       ,1078,2568,3646,14446,11070,25516
00114100,"CALIF STATE UNIV, DOMINGUEZ HILLS       ",CA,90747-0001,Public       ,575,1836,2411,7408,6239,13647
00114200,CALIF STATE UNIV SAN BERNARDINO         ,CA,92407-2397,Public       ,969,2097,3066,9762,7681,17443
00114300,CAL POLY STATE UNIVERSITY               ,CA,93407-0001,Public       ,1091,531,1622,17814,2751,20565
00114400,CALIF STATE POLYTECHNIC UNIV POMONA     ,CA,91768-2500,Public       ,1010,987,1997,15446,4964,20410
00114600,CALIF STATE UNIV - CHICO                ,CA,95929-0001,Public       ,1158,1224,2382,9986,4364,14350
00114700,CALIF STATE UNIV - FRESNO               ,CA,93740-8026,Public       ,1280,1807,3087,14316,7445,21761
00114900,HUMBOLDT STATE UNIVERSITY               ,CA,95521-8299,Public       ,587,733,1320,5550,3179,8729
00115000,CALIF STATE UNIV-SACRAMENTO             ,CA,95819-6044,Public       ,1508,2536,4044,15493,10453,25946
00115100,SAN DIEGO STATE UNIVERSITY              ,CA,92182-1690,Public       ,2945,3359,6304,28967,11034,40001
00115300,CALIF STATE UNIV-NORTHRIDGE             ,CA,91330-8307,Public       ,1695,2625,4320,19890,11092,30982
00115301,CALIF STATE UNIV CHANNEL ISLANDS        ,CA,93012-0000,Public       ,147,250,397,1668,695,2363
00115400,SAN FRANCISCO STATE UNIVERSITY          ,CA,94132-1740,Public       ,1691,2919,4610,19731,12922,32653
00115500,SAN JOSE STATE UNIVERSITY               ,CA,95192-0036,Public       ,1590,2476,4066,16079,9126,25205
00115600,SONOMA STATE UNIVERSITY                 ,CA,94928-3609,Public       ,472,596,1068,6085,2279,8364
00115700,CALIF STATE UNIV-STANISLAUS             ,CA,95382-0299,Public       ,390,781,1171,4843,3263,8106
00115800,UNITED STATES INTERNATIONAL UNIV        ,CA,92131-1799,Private      ,8,193,201,71,856,927
00116100,CERRITOS COLLEGE                        ,CA,90650-6296,Public       ,1153,1458,2611,5199,3415,8614
00116200,CHABOT COLLEGE                          ,CA,94545-2400,Public       ,543,952,1495,2192,2248,4440
00116300,CHAFFEY COLLEGE                         ,CA,91737-9400,Public       ,804,1473,2277,3555,3715,7270
00116400,CHAPMAN UNIVERSITY                      ,CA,92866-1099,Private      ,412,1699,2111,4819,4647,9466
00116453,CHAPMAN UNIVERSITY SCHOOL OF LAW        ,CA,92866-0000,Private      ,11,210,221,103,1360,1463
00116500,CHURCH DIV SCH OF THE PACIFIC           ,CA,94709-0000,Private      ,0,12,12,0,66,66
00116600,CITRUS COLLEGE                          ,CA,91741-1899,Public       ,638,748,1386,2960,1811,4771
00116900,CLAREMONT GRADUATE UNIVERSITY           ,CA,91711-0000,Private      ,1,317,318,21,1150,1171
00117000,CLAREMONT MCKENNA COLLEGE               ,CA,91711-6400,Private      ,65,11,76,2150,49,2199
00117100,HARVEY MUDD COLLEGE                     ,CA,91711-5990,Private      ,37,6,43,1367,18,1385
00117200,PITZER COLLEGE                          ,CA,91711-6101,Private      ,36,17,53,1846,105,1951
00117300,POMONA COLLEGE                          ,CA,91711-6301,Private      ,392,12,404,3003,52,3055
00117400,SCRIPPS COLLEGE                         ,CA,91711-3948,Private      ,150,18,168,1179,58,1237
00117600,WEST HILLS COMMUNITY COLLEGE            ,CA,93210-1399,Public       ,264,561,825,1500,1363,2863
00117700,COGSWELL POLYTECHNICAL COLLEGE          ,CA,94089-1210,Private      ,20,20,40,95,63,158
00117800,COLLEGE OF MARIN                        ,CA,94904-2590,Public       ,75,239,314,395,765,1160
00117801,COLG OF MARIN-INDIAN VALLEY CMPS        ,CA,94949-0000,Public       ,0,24,24,5,38,43
00117900,NOTRE DAME DE NAMUR UNIVERSITY          ,CA,94002-1997,Private      ,112,211,323,777,523,1300
00118100,COLLEGE OF SAN MATEO                    ,CA,94402-3784,Public       ,219,335,554,1119,831,1950
00118200,COLLEGE OF THE DESERT                   ,CA,92260-9305,Public       ,489,763,1252,1576,1429,3005
00118300,HOLY NAMES UNIVERSITY                   ,CA,94619-1699,Private      ,67,179,246,415,478,893
00118500,COLLEGE OF THE REDWOODS                 ,CA,95501-9300,Public       ,397,757,1154,1420,1864,3284
00118600,COLLEGE OF THE SEQUOIAS                 ,CA,93277-2234,Public       ,707,1262,1969,3130,2913,6043
00118700,COLLEGE OF THE SISKIYOUS                ,CA,96094-2899,Public       ,138,178,316,550,441,991
00118701,COLLEGE OF THE SISKIYOUS - YREKA CENTER ,CA,96097-9538,Public       ,4,5,9,17,18,35
00119000,CONTRA COSTA COLLEGE                    ,CA,94806-3195,Public       ,292,628,920,938,1312,2250
00119100,DIABLO VALLEY COLLEGE                   ,CA,94523-1544,Public       ,475,644,1119,2037,1546,3583
00119200,CUESTA COLLEGE                          ,CA,93403-8106,Public       ,474,665,1139,1908,1483,3391
00119300,CYPRESS COLLEGE                         ,CA,90630-5897,Public       ,459,814,1273,2419,1982,4401
00119600,DOMINICAN UNIVERSITY OF CALIFORNIA      ,CA,94901-2298,Private      ,143,285,428,1748,859,2607
00119700,EL CAMINO COLLEGE                       ,CA,90506-0002,Public       ,950,1171,2121,4526,3225,7751
00119701,COMPTON COMMUNITY COLLEGE               ,CA,90221-5393,Public       ,103,310,413,416,775,1191
00119900,FOOTHILL COLLEGE                        ,CA,94022-4597,Public       ,217,424,641,906,1124,2030
00120000,FULLER THEOLOGICAL SEMINARY             ,CA,91182-0000,Private      ,1,413,414,7,1787,1794
00120100,FULLERTON COLLEGE                       ,CA,92832-2095,Public       ,761,861,1622,3749,2146,5895
00120200,GAVILAN COLLEGE                         ,CA,95020-9599,Public       ,133,263,396,594,588,1182
00120300,GLENDALE COMMUNITY COLLEGE              ,CA,91208-2894,Public       ,834,1029,1863,3649,2724,6373
00120400,GOLDEN GATE BAPT THEOL SEMINARY         ,CA,94941-0000,Private      ,0,11,11,0,24,24
00120500,GOLDEN GATE UNIVERSITY                  ,CA,94105-2967,Private      ,14,610,624,60,2499,2559
00120600,GOLDEN WEST COLLEGE                     ,CA,92647-2748,Public       ,553,756,1309,3250,2153,5403
00120700,GRADUATE THEOLOGICAL UNION              ,CA,94709-0000,Private      ,0,44,44,0,294,294
00120800,GROSSMONT COLLEGE                       ,CA,92020-1798,Public       ,659,987,1646,3006,2573,5579
00120900,HARTNELL COMMUNITY COLLEGE              ,CA,93901-1697,Public       ,231,401,632,1128,851,1979
00121200,HUMPHREYS COLLEGE                       ,CA,95207-3896,Private      ,42,234,276,156,554,710
00121400,IMPERIAL VALLEY COLLEGE                 ,CA,92251-9787,Public       ,584,735,1319,1964,1165,3129
00121500,LA SIERRA UNIVERSITY                    ,CA,92515-3332,Private      ,234,157,391,1439,463,1902
00121600,UNIVERSITY OF LA VERNE                  ,CA,91750-4443,Private      ,194,1210,1404,2299,3659,5958
00121700,LASSEN COLLEGE                          ,CA,96130-3000,Public       ,75,131,206,236,281,517
00121800,LOMA LINDA UNIVERSITY                   ,CA,92350-0001,Private      ,138,978,1116,631,3557,4188
00121900,LONG BEACH CITY COLLEGE                 ,CA,90808-1780,Public       ,1450,2435,3885,5811,5362,11173
00122000,MASTER'S COLLEGE & SEMINARY (THE)       ,CA,91321-1200,Private      ,132,93,225,1008,254,1262
00122300,LOS ANGELES CITY COLLEGE                ,CA,90029-3588,Public       ,628,1461,2089,2704,4466,7170
00122400,LOS ANGELES HARBOR COLLEGE              ,CA,90744-2397,Public       ,244,522,766,1166,1525,2691
00122600,LOS ANGELES PIERCE COLLEGE              ,CA,91371-0001,Public       ,551,716,1267,3288,2299,5587
00122700,LOS ANGELES TRADE TECH COLLEGE          ,CA,90015-4181,Public       ,344,864,1208,1632,2653,4285
00122800,LOS ANGELES VALLEY COLLEGE              ,CA,91401-4096,Public       ,524,891,1415,2678,2686,5364
00122900,SO CA UNIV  HEALTH SCIENCES             ,CA,90604-4051,Private      ,2,277,279,11,474,485
00123000,SOUTHERN CA COLLEGE OF OPTOMETRY        ,CA,92831-1699,Private      ,1,251,252,7,477,484
00123200,AMERICAN RIVER COLLEGE                  ,CA,95841-4286,Public       ,950,2349,3299,4380,5944,10324
00123300,SACRAMENTO CITY COLLEGE                 ,CA,95822-1386,Public       ,910,1854,2764,4914,4811,9725
00123600,MENLO COLLEGE                           ,CA,94027-4301,Private      ,151,35,186,665,93,758
00123700,MERCED COMMUNITY COLLEGE                ,CA,95348-2898,Public       ,500,837,1337,2731,2193,4924
00123800,MILLS COLLEGE                           ,CA,94613-1301,Private      ,82,159,241,1072,914,1986
00123900,MIRACOSTA COLLEGE                       ,CA,92056-3899,Public       ,303,567,870,1176,1273,2449
00124000,MODESTO JUNIOR COLLEGE                  ,CA,95350-5800,Public       ,714,1165,1879,4406,3736,8142
00124200,MONTEREY PENINSULA COLLEGE              ,CA,93940-4799,Public       ,172,347,519,677,799,1476
00124300,MOUNT ST MARYS COLLEGE                  ,CA,90049-1599,Private      ,108,256,364,1776,1319,3095
00124500,MT. SAN ANTONIO COLLEGE                 ,CA,91789-1399,Public       ,1217,1382,2599,5960,3573,9533
00124600,MT SAN JACINTO COLLEGE                  ,CA,92583-2399,Public       ,570,1213,1783,1846,2629,4475
00124700,NAPA VALLEY COLLEGE                     ,CA,94558-6236,Public       ,149,339,488,713,853,1566
00124900,OCCIDENTAL COLLEGE                      ,CA,90041-3314,Private      ,83,23,106,3221,163,3384
00125000,ORANGE COAST COLLEGE - FIN AID OFF      ,CA,92628-5005,Public       ,835,838,1673,5133,2334,7467
00125100,OTIS COLLEGE OF ART AND DESIGN          ,CA,90045-3505,Private      ,176,103,279,1098,414,1512
00125200,HOPE INTERNATIONAL UNIVERSITY           ,CA,92631-0000,Private      ,81,162,243,408,381,789
00125300,FRESNO PACIFIC UNIVERSITY               ,CA,93702-4798,Private      ,128,366,494,1359,1136,2495
00125400,PACIFIC LUTHERAN THEOLOGICAL SEM        ,CA,94708-0000,Private      ,0,18,18,1,82,83
00125500,PACIFIC OAKS COLLEGE                    ,CA,91103-3592,Private      ,12,402,414,21,860,881
00125600,PACIFIC SCHOOL OF RELIGION              ,CA,94709-0000,Private      ,0,29,29,1,162,163
00125800,PACIFIC UNION COLLEGE                   ,CA,94508-9797,Private      ,224,85,309,924,261,1185
00125900,PALO VERDE COLLEGE                      ,CA,92225-0000,Public       ,37,101,138,82,153,235
00126000,PALOMAR COLLEGE                         ,CA,92069-1486,Public       ,621,1140,1761,2842,2449,5291
00126100,PASADENA CITY COLLEGE                   ,CA,91106-2003,Public       ,1466,1366,2832,7212,3570,10782
00126200,POINT LOMA NAZARENE UNIVERSITY          ,CA,92106-2899,Private      ,273,227,500,3006,558,3564
00126600,LANEY COLLEGE                           ,CA,94607-4893,Public       ,401,1132,1533,1702,2720,4422
00126700,MERRITT COLLEGE                         ,CA,94619-3196,Public       ,155,725,880,735,1592,2327
00126800,PORTERVILLE COLLEGE                     ,CA,93257-6059,Public       ,230,411,641,962,948,1910
00126900,RIO HONDO COLLEGE                       ,CA,90601-1699,Public       ,691,927,1618,3465,2146,5611
00127000,RIVERSIDE COMMUNITY COLLEGE             ,CA,92506-1299,Public       ,1757,2583,4340,7368,6686,14054
00127200,SAN BERNARDINO VALLEY COLLEGE           ,CA,92410-2798,Public       ,490,1269,1759,2088,3352,5440
00127300,SAN DIEGO CITY COLLEGE                  ,CA,92101-4787,Public       ,606,1503,2109,2728,3870,6598
00127500,SAN DIEGO MESA COLLEGE                  ,CA,92111-4996,Public       ,764,1160,1924,3779,3139,6918
00127800,SAN FRANCISCO CONSERVATORY OF MUSIC     ,CA,94122-4498,Private      ,35,46,81,246,271,517
00127900,SAN FRANCISCO THEOLOGICAL SEMINARY      ,CA,94960-0000,Private      ,0,45,45,0,82,82
00128000,SAN JOAQUIN DELTA COLLEGE               ,CA,95207-6370,Public       ,822,1644,2466,4391,4160,8551
00128100,WILLIAM JESSUP UNIVERSITY               ,CA,95765-3707,Private      ,70,113,183,385,261,646
00128200,SAN JOSE CITY COLLEGE                   ,CA,95128-2797,Public       ,468,1031,1499,1610,2013,3623
00128400,SANTA ANA COLLEGE                       ,CA,92706-3398,Public       ,380,605,985,2444,1827,4271
00128500,SANTA BARBARA CITY COLLEGE              ,CA,93109-2394,Public       ,646,486,1132,2668,1313,3981
00128600,SANTA MONICA COLLEGE                    ,CA,90405-1644,Public       ,1204,1077,2281,6549,3033,9582
00128700,SANTA ROSA JUNIOR COLLEGE               ,CA,95401-4395,Public       ,374,822,1196,2514,2482,4996
00128800,CLAREMONT SCHOOL OF THEOLOGY            ,CA,91711-0000,Private      ,1,51,52,3,175,178
00128900,SHASTA COLLEGE                          ,CA,96049-7692,Public       ,374,829,1203,1923,1967,3890
00129000,SIERRA COLLEGE                          ,CA,95677-3397,Public       ,526,960,1486,2533,2712,5245
00129100,SIMPSON UNIVERSITY                      ,CA,96003-8606,Private      ,158,104,262,1030,429,1459
00129200,SOLANO COMMUNITY COLLEGE                ,CA,94534-3197,Public       ,218,635,853,1225,1824,3049
00129300,VANGUARD UNIVERSITY OF SOUTHERN CA      ,CA,92626-6597,Private      ,199,147,346,1723,520,2243
00129400,SOUTHWESTERN COLLEGE                    ,CA,91910-7299,Public       ,789,951,1740,3968,2702,6670
00129500,SOUTHWESTERN LAW SCHOOL                 ,CA,90010-1106,Private      ,2,325,327,13,2102,2115
00129600,DOMINICAN SCH PHILOSOPHY & THEOLOGY     ,CA,94709-0000,Private      ,0,5,5,1,15,16
00129900,ST JOHN'S SEMINARY COLLEGE              ,CA,93010-0000,Private      ,0,0,0,3,0,3
00130200,SAINT MARY'S COLLEGE OF CALIFORNIA      ,CA,94556-2744,Private      ,231,366,597,3319,1004,4323
00130500,STANFORD UNIVERSITY                     ,CA,94305-6106,Private      ,1397,453,1850,12442,2375,14817
00130501,STANFORD UNIVERSITY - GRADUATE SCHOOL OF,CA,94305-5301,Private      ,8,170,178,42,485,527
00130502,STANFORD UNIVERSITY - GRADUATE SCHOOL OF,CA,94305-5015,Private      ,3,262,265,22,858,880
00130503,STANFORD UNIVERSITY - STANFORD LAW SCHOO,CA,94305-3096,Private      ,0,272,272,15,1665,1680
00130700,FRESNO CITY COLLEGE                     ,CA,93741-0002,Public       ,1621,2366,3987,8353,6291,14644
00130800,REEDLEY COLLEGE                         ,CA,93654-2099,Public       ,763,1043,1806,3227,2461,5688
00130900,TAFT COLLEGE                            ,CA,93268-2317,Public       ,98,139,237,372,319,691
00131200,UNIVERSITY OF CALIFORNIA-BERKELEY       ,CA,94720-1520,Public       ,1163,1691,2854,35344,14919,50263
00131300,UNIVERSITY OF CALIFORNIA-DAVIS          ,CA,95616-8558,Public       ,1363,1257,2620,30790,9774,40564
00131400,UNIVERSITY OF CALIFORNIA-IRVINE         ,CA,92697-2825,Public       ,870,950,1820,32404,6560,38964
00131500,UNIVERSITY OF CALIFORNIA (UCLA)         ,CA,90095-9000,Public       ,1466,2580,4046,42179,16906,59085
00131502,UNIV OF CALIFORNIA LOS ANG SCH MED      ,CA,90095-0000,Public       ,11,105,116,115,713,828
00131503,UNIV OF CALIFORNIA LOS ANG DENTAL       ,CA,90095-0000,Public       ,1,30,31,14,154,168
00131600,UNIVERSITY OF CALIFORNIA-RIVERSIDE      ,CA,92521-0209,Public       ,825,832,1657,19966,3896,23862
00131700,UNIVERSITY OF CALIFORNIA-SAN DIEGO      ,CA,92093-0013,Public       ,857,886,1743,31908,6143,38051
00131900,UNIVERSITY OF CALIFORNIA-SFRANCISCO     ,CA,94143-0246,Public       ,37,399,436,377,2801,3178
00132000,UNIVERSITY OF CALIFORNIA-SANTA BARB     ,CA,93106-3180,Public       ,832,554,1386,29039,5044,34083
00132100,UNIVERSITY OF CALIFORNIA-SANTA CRUZ     ,CA,95064-0001,Public       ,655,363,1018,18564,2964,21528
00132200,UNIVERSITY OF REDLANDS                  ,CA,92373-0999,Private      ,274,412,686,3431,1233,4664
00132500,UNIVERSITY OF SAN FRANCISCO             ,CA,94117-1080,Private      ,416,1013,1429,6014,4691,10705
00132600,SANTA CLARA UNIVERSITY                  ,CA,95053-4956,Private      ,469,529,998,5950,2721,8671
00132800,UNIVERSITY OF SOUTHERN CALIFORNIA       ,CA,90089-0914,Private      ,998,2513,3511,24171,15961,40132
00132900,UNIVERSITY OF THE PACIFIC               ,CA,95211-0197,Private      ,341,297,638,5049,2228,7277
00132901,UNIVERSITY OF THE PACIFIC - MCGEORGE SCH,CA,95817-2799,Private      ,0,253,253,16,2018,2034
00132902,UNIV OF THE PACIFIC SCH OF DENT         ,CA,94115-0000,Private      ,1,40,41,11,546,557
00133400,VENTURA COLLEGE                         ,CA,93003-3899,Public       ,436,590,1026,1599,1320,2919
00133500,VICTOR VALLEY COLLEGE                   ,CA,92395-5849,Public       ,509,1135,1644,1625,2816,4441
00133800,WEST VALLEY COLLEGE                     ,CA,95070-5697,Public       ,301,421,722,1078,910,1988
00134100,WESTMONT COLLEGE                        ,CA,93108-1099,Private      ,136,10,146,1856,35,1891
00134200,WHITTIER COLLEGE                        ,CA,90601-4413,Private      ,173,51,224,1949,232,2181
00134201,WHITTIER COLLEGE - COLLEGE OF LAW       ,CA,92626-1501,Private      ,0,356,356,2,1288,1290
00134300,WOODBURY UNIVERSITY                     ,CA,91510-7846,Private      ,95,143,238,903,587,1490
00134400,YUBA COLLEGE                            ,CA,95901-7699,Public       ,365,897,1262,1989,2360,4349
00177212,TRINITY INTERNATIONAL UNIV-CA           ,CA,92705-0000,Private      ,2,73,75,4,145,149
00274100,AMERICAN JEWISH UNIVERSITY              ,CA,90077-1599,Private      ,12,18,30,71,131,202
00301002,ANTIOCH UNIV/LOS ANGELES                ,CA,90230-7615,Private      ,3,242,245,13,551,564
00301003,ANTIOCH  UNIV/SANTA BARBARA             ,CA,93101-0000,Private      ,6,100,106,149,307,456
00304701,HEBREW UNION COLL - LOS ANGELES         ,CA,90007-0000,Private      ,0,2,2,1,6,7
00369110,MONTEREY INST OF INTERNATL STUDIES      ,CA,93940-2691,Private      ,3,155,158,13,646,659
00394700,UC-HASTINGS COLLEGE OF THE LAW          ,CA,94102-0000,Public       ,0,140,140,15,3259,3274
00394800,SAN FRANCISCO ART INSTITUTE             ,CA,94133-2299,Private      ,164,165,329,886,717,1603
00405500,HEBREW UNION COLLEGE - JEWISH INSTITUTE ,CA,90007-3796,Private      ,1,44,45,2,80,82
00408000,STARR KING SCHOOL FOR THE MINISTRY      ,CA,94709-1299,Private      ,0,23,23,1,53,54
00448000,DE ANZA COLLEGE                         ,CA,95014-5793,Public       ,712,795,1507,2980,2064,5044
00448100,OHLONE COLLEGE                          ,CA,94539-5847,Public       ,247,350,597,1139,902,2041
00448400,JOHN F. KENNEDY UNIVERSITY              ,CA,94523-4817,Private      ,4,347,351,11,1033,1044
00449000,PATTEN UNIVERSITY                       ,CA,94601-2699,Private      ,25,55,80,95,136,231
00449400,EVEREST COLLEGE                         ,CA,92408-3752,Proprietary  ,74,189,263,79,212,291
00450200,CITY COLLEGE OF SAN FRANCISCO           ,CA,94112-0000,Public       ,955,1898,2853,4224,4892,9116
00563800,DOWNEY ADULT SCHOOL                     ,CA,90241-5610,Public       ,5,9,14,8,12,20
00565500,HACIENDA LA PUENTE ADULT EDUC CTR       ,CA,91746-0000,Public       ,15,72,87,34,113,147
00616500,LA CNTY CLG OF NURSING & ALLD HLTH      ,CA,90033-1018,Public       ,13,66,79,68,243,311
00672000,COLLEGE OF ALAMEDA                      ,CA,94501-2109,Public       ,202,410,612,901,945,1846
00673100,CASA LOMA COLLEGE                       ,CA,91405-4523,Private      ,25,91,116,82,245,327
00686300,VENTURA COUNTY CMTY CLG DISTRICT        ,CA,93010-8552,Public       ,2,6,8,8,14,22
00697300,CANADA COLLEGE                          ,CA,94061-1099,Public       ,87,190,277,348,459,807
00697500,LINCOLN UNIVERSITY                      ,CA,94612-2801,Private      ,4,14,18,9,21,30
00701200,SAMUEL MERRITT COLLEGE                  ,CA,94609-3108,Private      ,25,363,388,155,1270,1425
00704700,LOS ANGELES SOUTHWEST COLLEGE           ,CA,90047-4810,Public       ,163,688,851,837,1972,2809
00705000,BAY VISTA COLLEGE OF BEAUTY             ,CA,91950-3616,Proprietary  ,4,9,13,11,16,27
00711500,MOORPARK COLLEGE                        ,CA,93021-1695,Public       ,387,378,765,1450,940,2390
00713000,NEWBERRY SCHOOLS OF BEAUTY              ,CA,91344-7404,Proprietary  ,15,24,39,22,29,51
00714200,LYLE'S COLLEGE OF BEAUTY                ,CA,93710-3948,Proprietary  ,26,46,72,52,68,120
00714201,LYLE'S CLG OF BTY BAKERSFIELD           ,CA,93301-0000,Proprietary  ,6,11,17,34,29,63
00716400,BRYAN COLLEGE                           ,CA,90057-0000,Proprietary  ,19,120,139,30,158,188
00717801,WESTERN SEMINARY - BAY AREA CENTER      ,CA,95032-0000,Private      ,0,3,3,0,12,12
00717804,WESTERN SEMINARY - SACRAMENTO           ,CA,95821-3939,Private      ,1,4,5,3,20,23
00718700,NORTH ADRIAN'S COLLEGE OF BEAUTY        ,CA,95350-2381,Proprietary  ,4,13,17,19,26,45
00719000,WYOTECH                                 ,CA,94539-7663,Proprietary  ,244,288,532,454,493,947
00720300,SALON SUCCESS ACADEMY                   ,CA,91786-4060,Proprietary  ,11,14,25,16,21,37
00720400,MODERN BEAUTY ACADEMY                   ,CA,93030-7016,Proprietary  ,13,23,36,20,26,46
00722900,WESTERN BEAUTY INSTITUTE                ,CA,91402-3104,Proprietary  ,67,259,326,75,317,392
00723400,HEALD COLLEGE                           ,CA,94105-2206,Proprietary  ,42,91,133,135,196,331
00723600,ART INST OF CALIFORNIA-LOS ANGELES      ,CA,90405-3035,Proprietary  ,757,505,1262,3660,2150,5810
00724500,SAN JOSE BEAUTY COLLEGE                 ,CA,95126-0000,Proprietary  ,0,0,0,1,0,1
00725300,FEDERICO BEAUTY INSTITUTE               ,CA,95834-1905,Proprietary  ,29,79,108,77,122,199
00729600,COLEMAN COLLEGE                         ,CA,92123-0000,Private      ,24,131,155,59,241,300
00745600,MARINELLO SCH BTY BUENA PRK             ,CA,90620-0000,Proprietary  ,0,0,0,1,0,1
00746501,AMERICAN ACADEMY OF DRAMATIC ARTS - HOLL,CA,90028-7504,Private      ,46,32,78,175,74,249
00747600,MARINELLO SCHOOLS OF BEAUTY             ,CA,90023-2666,Proprietary  ,176,432,608,230,596,826
00747602,MARINELLO SCHOOLS OF BEAUTY - SPA ACADEM,CA,90048-5101,Proprietary  ,2,4,6,19,13,32
00747603,MARINELLO SCHOOLS OF BEAUTY - INGLEWOOD ,CA,90301-2306,Proprietary  ,0,4,4,7,6,13
00747604,MARINELLO SCHOOLS OF BEAUTY - RESEDA    ,CA,91335-4218,Proprietary  ,0,0,0,4,5,9
00747605,MARINELLO SCHOOLS OF BEAUTY - NORTH HOLL,CA,91606-3210,Proprietary  ,0,0,0,9,3,12
00747606,MARINELLO SCHOOLS OF BEAUTY - WEST COVIN,CA,91790-2805,Proprietary  ,1,2,3,8,3,11
00747607,MARINELLO SCHOOLS OF BEAUTY - SAN BERNAR,CA,92410-3261,Proprietary  ,0,6,6,15,14,29
00747608,MARINELLO SCHOOLS OF BEAUTY - ONTARIO   ,CA,91762-2113,Proprietary  ,3,5,8,19,11,30
00747609,MARINELLO SCHOOLS OF BEAUTY - WHITTIER  ,CA,90601-4107,Proprietary  ,2,2,4,10,5,15
00747611,MARINELLO SCHOOLS OF BEAUTY - SAN DIEGO ,CA,92126-4217,Proprietary  ,6,5,11,31,17,48
00747700,"HEALD COLLEGE,SCHOOLS OF BUS & TECH     ",CA,95670-6005,Proprietary  ,65,130,195,203,430,633
00753100,ACADEMY OF ART UNIVERSITY               ,CA,94105-3410,Proprietary  ,796,1342,2138,2605,3181,5786
00753600,COSUMNES RIVER COLLEGE                  ,CA,95823-5799,Public       ,544,913,1457,2585,2132,4717
00754802,WESTWOOD COLLEGE OF TECHNOLOGY          ,CA,92801-0000,Proprietary  ,121,83,204,556,300,856
00754803,WESTWOOD COLLEGE OF TECHNOLOGY          ,CA,91786-0000,Proprietary  ,188,150,338,626,417,1043
00760500,ACADEMY PACIFIC BUSINESS & TRAVEL       ,CA,90028-5218,Proprietary  ,3,6,9,9,9,18
00760600,EVEREST COLLEGE                         ,CA,90010-2221,Proprietary  ,51,140,191,98,191,289
00760700,CONCORDE CAREER INSTITUTE               ,CA,91606-3134,Proprietary  ,75,151,226,124,242,366
00770700,COLUMBIA COLLEGE                        ,CA,95370-8580,Public       ,56,148,204,423,438,861
00771300,SKYLINE COLLEGE                         ,CA,94066-1698,Public       ,279,321,600,1196,819,2015
00793000,CONCORDE CAREER INSTITUTE               ,CA,92108-0000,Proprietary  ,33,165,198,74,298,372
00799300,CALIF STATE UNIV BAKERSFIELD            ,CA,93311-1022,Public       ,476,1006,1482,4457,3584,8041
00807100,CONCORDE CAREER INSTITUTE               ,CA,92840-9201,Proprietary  ,66,164,230,110,289,399
00807300,BUTTE COMMUNITY COLLEGE                 ,CA,95965-0000,Public       ,538,1018,1556,2765,2636,5401
00809000,EVEREST COLLEGE                         ,CA,91803-1310,Proprietary  ,88,224,312,151,318,469
00809300,HEALD COLLEGE                           ,CA,93704-1706,Proprietary  ,149,226,375,625,653,1278
00853200,HEALD COLLEGE                           ,CA,94545-2352,Proprietary  ,123,202,325,286,494,780
00853700,CONCORDE CAREER INSTITUTE               ,CA,92401-0000,Proprietary  ,95,276,371,183,579,762
00859600,WEST LOS ANGELES COLLEGE                ,CA,90230-3500,Public       ,186,506,692,944,1651,2595
00859700,FEATHER RIVER COLLEGE                   ,CA,95971-9124,Public       ,112,58,170,335,156,491
00884400,CALIFORNIA CHRISTIAN COLLEGE            ,CA,93703-3599,Private      ,3,5,8,23,24,47
00884600,WRIGHT INSTITUTE                        ,CA,94704-0000,Private      ,1,157,158,1,306,307
00890300,COLLEGE OF THE CANYONS                  ,CA,91355-1899,Public       ,309,329,638,1447,879,2326
00891800,SADDLEBACK COLLEGE                      ,CA,92692-3699,Public       ,358,539,897,1344,1214,2558
00902200,ASSOCIATED TECHNICAL COLLEGE            ,CA,90017-0000,Proprietary  ,13,152,165,16,161,177
00903200,EMPIRE COLLEGE                          ,CA,95403-2122,Proprietary  ,27,117,144,60,193,253
00915800,DON BOSCO TECHNICAL INSTITUTE           ,CA,91770-4299,Private      ,0,0,0,10,1,11
00927200,CRAFTON HILLS COLLEGE                   ,CA,92399-1799,Public       ,259,413,672,1041,950,1991
00932500,ABRAM FRIEDMAN OCCUP CTR                ,CA,90015-3507,Public       ,2,12,14,10,32,42
00950900,SKILLS & BUSINESS EDUCATION CENTER      ,CA,95824-1529,Public       ,44,297,341,72,384,456
00974800,WESTERN CAREER COLLEGE                  ,CA,95826-3203,Proprietary  ,237,667,904,557,1348,1905
00974802,WESTERN CAREER COLLEGE - PLEASANT HILL C,CA,94523-1984,Proprietary  ,42,93,135,84,179,263
00974805,WESTERN CAREER COLLEGE - FREMONT        ,CA,94538-3115,Proprietary  ,116,352,468,189,657,846
00974806,WESTERN CAREER COLLEGE -  ANTIOCH/WALNUT,CA,94531-1604,Proprietary  ,2,6,8,9,11,20
00998900,SANTA BARBARA BUSINESS COLLEGE          ,CA,93111-0000,Proprietary  ,28,82,110,76,189,265
01011100,CERRO-COSO COMMUNITY COLLEGE            ,CA,93555-9571,Public       ,71,313,384,199,675,874
01014225,TOURO CLG OSEOPATHIC MEDICINE           ,CA,94592-1115,Private      ,0,169,169,20,676,696
01014900,PEPPERDINE UNIVERSITY                   ,CA,90263-0000,Private      ,473,1325,1798,5842,4559,10401
01033300,JESUIT SCHOOL OF THEOLOGY - BERKELEY    ,CA,94709-1193,Private      ,1,10,11,2,55,57
01034000,LOS MEDANOS COLLEGE                     ,CA,94565-5197,Public       ,233,412,645,826,1037,1863
01036500,CHARLES R DREW UNIV OF MED & SCI        ,CA,90059-0000,Private      ,9,76,85,37,288,325
01036800,MENNONITE BRETHREN BIBLICAL SEM         ,CA,93727-0000,Private      ,1,22,23,1,38,39
01037500,HARBOR OCCUPATIONAL CENTER              ,CA,90731-0000,Public       ,6,6,12,21,24,45
01039500,UNIVERSITY OF SAN DIEGO                 ,CA,92110-2492,Private      ,701,735,1436,9923,2469,12392
01039501,UNIVERSITY OF SAN DIEGO - SCHOOL OF LAW ,CA,92110-2492,Private      ,6,406,412,52,2677,2729
01044100,PARDEE RAND GRADUATE SCHOOL             ,CA,90407-2138,Private      ,0,4,4,3,10,13
01047400,MARYMOUNT COLLEGE OF PALOS VERDES       ,CA,90275-0000,Private      ,52,1,53,466,26,492
01057900,WEST VALLEY OCCUPATIONAL CTR            ,CA,91367-0000,Public       ,4,12,16,29,43,72
01083100,NEW COLLEGE OF CALIFORNIA               ,CA,94102-0000,Private      ,36,305,341,108,814,922
01083200,WESTERN STATE UNIV COLLEGE OF LAW       ,CA,92831-3014,Proprietary  ,2,155,157,12,793,805
01085400,THOMAS JEFFERSON SCHOOL OF LAW          ,CA,92110-0000,Private      ,3,531,534,6,1458,1464
01102400,EVEREST COLLEGE                         ,CA,94103-2091,Proprietary  ,140,566,706,237,926,1163
01110700,EVEREST  COLLEGE                        ,CA,92801-5231,Proprietary  ,75,200,275,138,280,418
01110900,EVEREST COLLEGE                         ,CA,91335-4631,Proprietary  ,72,128,200,124,185,309
01111200,FIDM-FASHION INSTITUTE OF DESIGN        ,CA,90015-1421,Proprietary  ,1050,370,1420,3874,1041,4915
01111700,ALLIANT INTERNATIONAL UNIVERSITY        ,CA,92131-1799,Private      ,6,250,256,32,954,986
01111705,ALLIANT INTERNATIONAL UNIVERSITY - LOS A,CA,91803-1360,Private      ,1,62,63,8,449,457
01111706,ALLIANT INTERNATIONAL UNIVERSITY - SAN F,CA,94133-1221,Private      ,2,109,111,2,384,386
01111707,ALLIANT INTERNATIONAL UNIVERSITY - FRESN,CA,93727-2014,Private      ,1,46,47,9,220,229
01112100,EVEREST COLLEGE                         ,CA,94541-4007,Proprietary  ,34,138,172,83,222,305
01112300,EVEREST COLLEGE                         ,CA,90247-4163,Proprietary  ,80,365,445,150,559,709
01146000,NATIONAL UNIVERSITY                     ,CA,92037-1011,Private      ,75,2885,2960,214,6097,6311
01162600,PRACTICAL SCHOOLS                       ,CA,92805-0000,Proprietary  ,122,176,298,250,351,601
01164900,LOYOLA MARYMOUNT UNIVERSITY             ,CA,90045-0000,Private      ,328,733,1061,8059,2121,10180
01164901,LOYOLA MARYMOUNT UNIVERSITY - LOYOLA LAW,CA,90015-0019,Private      ,3,328,331,24,2908,2932
01167200,MENDOCINO COMMUNITY COLLEGE             ,CA,95482-3000,Public       ,119,248,367,555,579,1134
01169600,NATIONAL POLYTECHNIC COLLEGE OF SCIENCE ,CA,90744-6399,Private      ,19,106,125,39,182,221
01170700,NORTH-WEST COLLEGE                      ,CA,91790-2097,Proprietary  ,33,84,117,52,128,180
01179200,FRANCISCAN SCHOOL OF THEOLOGY           ,CA,94709-0000,Private      ,0,9,9,0,15,15
01182000,SAN DIEGO MIRAMAR COLLEGE               ,CA,92126-0000,Public       ,288,547,835,1276,1438,2714
01186500,CALIFORNIA HAIR DESIGN ACADEMY          ,CA,92115-0000,Proprietary  ,5,7,12,22,16,38
01202600,JE BOUTIQUE COLLEGE OF BEAUTY           ,CA,92021-6247,Proprietary  ,13,13,26,20,25,45
01202700,GALEN COLLEGE OF CALIFORNIA             ,CA,93728-2381,Proprietary  ,15,38,53,41,50,91
01203100,SAN DIEGO CHRISTIAN COLLEGE             ,CA,92019-1157,Private      ,71,41,112,447,154,601
01206100,EVEREST COLLEGE                         ,CA,95128-3908,Proprietary  ,38,144,182,82,218,300
01215400,CALIFORNIA INSTITUTE OF INTEGRAL STUDIES,CA,94103-2557,Private      ,3,435,438,8,829,837
01231600,MANCHESTER BEAUTY COLLEGE               ,CA,93726-5306,Proprietary  ,26,66,92,69,75,144
01231700,TULARE BEAUTY COLLEGE                   ,CA,93274-3432,Proprietary  ,3,11,14,6,15,21
01244600,UNIVERSAL COLLEGE OF BEAUTY             ,CA,90044-0044,Proprietary  ,3,18,21,21,24,45
01245200,EVERGREEN VALLEY COLLEGE                ,CA,95135-1598,Public       ,597,752,1349,2050,1536,3586
01255000,LOS ANGELES MISSION COLLEGE             ,CA,91342-3200,Public       ,219,411,630,1221,1388,2609
01265000,MARINELLO SCHOOL OF BEAUTY              ,CA,91502-2828,Proprietary  ,21,58,79,36,75,111
01265100,MARINELLO SCHOOL OF BEAUTY              ,CA,91748-1674,Proprietary  ,0,4,4,10,14,24
01284200,OXNARD COLLEGE                          ,CA,93030-0000,Public       ,290,502,792,933,968,1901
01287200,NORTH-WEST COLLEGE                      ,CA,91768-3199,Proprietary  ,12,62,74,25,98,123
01287300,WYOTECH                                 ,CA,90810-3800,Proprietary  ,194,501,695,332,703,1035
01290700,LAKE TAHOE COMMUNITY COLLEGE            ,CA,96150-4524,Public       ,38,82,120,161,179,340
01291100,MARINELLO SCHOOL OF BEAUTY              ,CA,92646-2552,Proprietary  ,10,18,28,14,20,34
01291200,MTI COLLEGE                             ,CA,95841-0000,Proprietary  ,51,167,218,187,618,805
01294200,ROSEMEAD BEAUTY SCHOOL                  ,CA,91770-1639,Proprietary  ,19,49,68,21,53,74
01298400,PROFESSIONAL INSTITUTE OF BEAUTY        ,CA,91731-2613,Proprietary  ,0,0,0,0,1,1
01298500,HAIR CALIFORNIA BEAUTY ACADEMY          ,CA,92867-7127,Proprietary  ,0,1,1,5,2,7
01298900,OCEANSIDE COLLEGE OF BEAUTY             ,CA,92054-5393,Proprietary  ,7,10,17,15,22,37
01301000,LANCASTER BEAUTY SCHOOL                 ,CA,93534-3098,Proprietary  ,10,7,17,21,16,37
01307400,AMERICAN BEAUTY COLLEGE                 ,CA,90706-5417,Proprietary  ,3,16,19,15,20,35
01308100,WESTGATE BEAUTY COLLEGE                 ,CA,95129-0000,Proprietary  ,1,0,1,1,0,1
01309500,SALON SUCCESS ACADEMY                   ,CA,92879-6561,Proprietary  ,8,9,17,13,16,29
01310300,CALIFORNIA WESTERN SCHOOL OF LAW        ,CA,92101-0000,Private      ,1,338,339,11,1780,1791
01323300,SIMI VALLEY ADULT SCHOOL/CAREER INS     ,CA,93065-3940,Public       ,2,11,13,10,23,33
01324000,LYTLE'S REDWOOD EMPIRE BEAUTY CLG       ,CA,95403-0000,Proprietary  ,14,17,31,40,41,81
02052300,UNIVERSITY OF WEST LOS ANGELES          ,CA,90301-0000,Private      ,3,29,32,33,104,137
02054900,MARINELLO SCHOOL OF BEAUTY              ,CA,92630-0000,Proprietary  ,1,8,9,4,12,16
02057700,ALMADEN BEAUTY COLLEGE                  ,CA,95123-0000,Proprietary  ,0,0,0,1,0,1
02059800,PARIS BEAUTY COLLEGE                    ,CA,94520-2611,Proprietary  ,2,4,6,11,13,24
02063500,COASTLINE COMMUNITY COLLEGE             ,CA,92708-0000,Public       ,109,466,575,457,1141,1598
02064300,SIERRA COLLEGE OF BEAUTY                ,CA,95340-0000,Proprietary  ,9,7,16,28,10,38
02065500,BROOKS COLLEGE                          ,CA,90804-3289,Proprietary  ,186,123,309,668,288,956
02065501,BROOKS COLLEGE - SUNNYVALE              ,CA,94086-5303,Proprietary  ,84,96,180,224,195,419
02065700,CALIFORNIA BEAUTY COLLEGE               ,CA,95354-0000,Proprietary  ,9,20,29,46,35,81
02070500,CONCORDIA UNIVERSITY                    ,CA,92612-0000,Private      ,226,244,470,1388,604,1992
02075800,SOUTHERN CA INST OF ARCHITECTURE        ,CA,90013-0000,Private      ,18,72,90,101,440,541
02086400,MARINELLO SCHOOL OF BEAUTY              ,CA,95050-0000,Proprietary  ,0,0,0,6,2,8
02091200,ELEGANCE INTERNATIONAL                  ,CA,90028-0000,Proprietary  ,10,18,28,13,25,38
02091700,KAPLAN COLLEGE                          ,CA,92123-1509,Proprietary  ,99,299,398,224,595,819
02096100,FIELDING INSTITUTE                      ,CA,93105-0000,Private      ,0,394,394,0,650,650
02099200,AMERICAN CONSERVATORY THEATER           ,CA,94108-0000,Private      ,3,17,20,14,175,189
02110200,COLUMBIA COLLEGE                        ,CA,91356-0000,Private      ,64,43,107,150,96,246
02110800,CALIFORNIA COLLEGE SAN DIEGO            ,CA,92108-3821,Proprietary  ,87,276,363,211,351,562
02111300,CUYAMACA COLLEGE                        ,CA,92019-0000,Public       ,238,352,590,1077,994,2071
02113601,AMERICAN INTERCONTINENTAL UNIV - LOS ANG,CA,90066-7008,Proprietary  ,238,297,535,700,765,1465
02119100,MISSION COLLEGE                         ,CA,95054-1897,Public       ,270,701,971,1084,1584,2668
02120600,SAYBROOK GRADUATE SCHOOL                ,CA,94111-1920,Private      ,0,187,187,3,326,329
02120700,SAN JOAQUIN VALLEY COLLEGE              ,CA,93291-0000,Proprietary  ,408,970,1378,1371,2545,3916
02120900,ITT TECHNICAL INSTITUTE                 ,CA,95670-6034,Proprietary  ,101,165,266,334,358,692
02125000,CAREER ACADEMY OF BEAUTY                ,CA,92845-0000,Proprietary  ,16,35,51,25,43,68
02128200,"VICTOR VALLEY BEAUTY COLLEGE, INC       ",CA,92392-0000,Proprietary  ,46,46,92,70,59,129
02128300,INSTITUTE FOR BUSINESS & TECHNOLOGY     ,CA,95050-0000,Proprietary  ,52,225,277,67,279,346
02128301,INSTITUTE FOR BUSINESS & TECHNOLOGY     ,CA,95610-0000,Proprietary  ,32,157,189,44,211,255
02138300,PACIFIC GRADUATE SCHOOL OF PSYCHOLO     ,CA,94303-4232,Private      ,2,149,151,2,358,360
02147400,CLEVELAND CHIROPRACTIC COLLEGE          ,CA,90004-0000,Private      ,12,148,160,42,283,325
02161800,MUSICIANS INSTITUTE                     ,CA,90028-6157,Proprietary  ,238,159,397,638,390,1028
02167800,ESTES INSTITUTE OF COSMETOLOGY          ,CA,93291-0000,Proprietary  ,8,11,19,42,34,76
02174600,MARINELLO SCHOOL OF BEAUTY              ,CA,90201-0000,Proprietary  ,4,41,45,7,48,55
02180600,BRIDGES  ACADEMY OF BEAUTY              ,CA,92311-2327,Proprietary  ,1,1,2,1,1,2
02184900,PALMER COLLEGE OF CHIROPRACTIC WEST     ,CA,95134-0000,Private      ,4,66,70,18,302,320
02185800,MOLER BARBER COLLEGE                    ,CA,94611-0000,Proprietary  ,2,14,16,5,21,26
02187500,"HEALD COLLEGE, SCH OF BUS & TECH        ",CA,94520-0000,Proprietary  ,103,193,296,262,511,773
02188400,SIERRA VALLEY COLLEGE OF COURT REPORTING,CA,93726-0000,Proprietary  ,11,53,64,34,101,135
02208600,MADERA BEAUTY COLLEGE                   ,CA,93637-3519,Proprietary  ,2,8,10,13,9,22
02211000,HAIRMASTERS UNIVERSITY OF BEAUTY        ,CA,92405-0000,Proprietary  ,12,20,32,29,25,54
02220000,COLLEEN O'HARA BEAUTY ACADEMY           ,CA,92701-0000,Proprietary  ,6,43,49,8,43,51
02220200,CALIFORNIA CULINARY ACADEMY             ,CA,94102-3336,Proprietary  ,266,355,621,872,745,1617
02221300,MARINELLO SCHOOL OF BEAUTY              ,CA,92553-0000,Proprietary  ,17,59,76,44,101,145
02222000,AMERICAN FILM INSTITUTE                 ,CA,90027-0000,Private      ,28,201,229,90,464,554
02226000,EAST LOS ANGELES COLLEGE                ,CA,91754-0000,Public       ,770,1003,1773,4676,3443,8119
02228500,LIFE CHIROPRACTIC COLLEGE-WEST          ,CA,94545-0000,Private      ,2,250,252,6,409,415
02230900,FREDRICK & CHARLES BEAUTY COLLEGE       ,CA,95501-0000,Proprietary  ,8,19,27,23,31,54
02231900,GEMOLOGICAL INSTITUTE OF AMERICA        ,CA,92008-4698,Private      ,28,59,87,62,144,206
02234300,FASHION CAREERS OF CALIFORNIA           ,CA,92110-0000,Proprietary  ,16,18,34,75,53,128
02236400,"THANH LE COLG, SCH OF COSMETOLOGY       ",CA,92840-0000,Proprietary  ,0,2,2,0,3,3
02237200,PHILLIPS GRADUATE INSTITUTE             ,CA,91316-0000,Private      ,1,136,137,1,256,257
02238200,LAKE FOREST BEAUTY COLLEGE              ,CA,92630-1662,Proprietary  ,0,0,0,1,1,2
02241600,SAN DIEGO CONTINUING EDUCATION          ,CA,92113-0000,Public       ,11,67,78,33,129,162
02241800,AMERICAN CAREER COLLEGE                 ,CA,90004-0000,Proprietary  ,319,736,1055,642,1546,2188
02242700,BERKELEY CITY COLLEGE                   ,CA,94704-0000,Public       ,106,439,545,433,848,1281
02255400,INTERNATIONAL SCHOOL OF COSMETOLOGY     ,CA,90250-0000,Proprietary  ,4,20,24,7,37,44
02255600,MARINELLO SCHOOL OF BEAUTY              ,CA,90723-0000,Proprietary  ,12,58,70,17,58,75
02258600,ALAMEDA BEAUTY COLLEGE                  ,CA,94501-0000,Proprietary  ,6,12,18,22,22,44
02262400,YESHIVA OHR ELCHONON CHABAD             ,CA,90046-0000,Private      ,2,0,2,30,0,30
02267600,INSTITUTE OF TRANSPERSONAL PSYCHLGY     ,CA,94303-4624,Private      ,0,197,197,0,298,298
02270600,LIFE PACIFIC COLLEGE                    ,CA,91773-0000,Private      ,118,68,186,282,116,398
02276800,WESTMINSTER SEMINARY CALIFORNIA         ,CA,92027-0000,Private      ,0,39,39,0,93,93
02277400,SOUTH COAST COLLEGE                     ,CA,92868-2616,Proprietary  ,11,73,84,41,179,220
02282300,ALHAMBRA BEAUTY COLLEGE                 ,CA,91802-0000,Proprietary  ,7,27,34,11,28,39
02285100,HILLTOP BEAUTY SCHOOL                   ,CA,94014-0000,Proprietary  ,5,68,73,6,92,98
02291500,ITT TECHNICAL INSTITUTE                 ,CA,91773-0000,Proprietary  ,162,229,391,510,598,1108
02291600,ITT TECHNICAL INSTITUTE                 ,CA,92123-0000,Proprietary  ,95,210,305,456,804,1260
02298000,DESIGN INSTITUTE OF SAN DIEGO           ,CA,92121-0000,Proprietary  ,49,101,150,143,201,344
02304300,"PLATT COLLEGE, SAN DIEGO                ",CA,92115-0000,Proprietary  ,22,44,66,104,116,220
02306300,KAPLAN COLLEGE                          ,CA,95368-0000,Proprietary  ,93,246,339,154,418,572
02306302,KAPLAN COLLEGE - FRESNO                 ,CA,93612-3802,Proprietary  ,58,119,177,118,198,316
02309500,CLOVIS ADULT EDUC                       ,CA,93611-0000,Public       ,13,84,97,25,104,129
02312400,LA COLLEGE INTERNATIONAL                ,CA,90010-0000,Proprietary  ,31,51,82,90,101,191
02321800,ITT TECHNICAL INSTITUTE                 ,CA,91342-3664,Proprietary  ,184,199,383,554,591,1145
02321900,ITT TECHNICAL INSTITUTE                 ,CA,92801-0000,Proprietary  ,113,136,249,348,369,717
02327600,ART INST OF CALIFORNIA-SAN DIEGO        ,CA,92108-4401,Proprietary  ,576,443,1019,1608,1064,2672
02330500,LAGUNA COLLEGE OF ART AND DESIGN        ,CA,92651-0000,Private      ,47,35,82,263,104,367
02332800,CENTER FOR EMPLOYMENT TRAINING          ,CA,95110-0000,Private      ,57,395,452,83,488,571
02338500,GLENDALE CAREER COLLEGE                 ,CA,91201-0000,Proprietary  ,51,117,168,84,197,281
02338700,MARINELLO SCHOOL OF BEAUTY              ,CA,94103-0000,Proprietary  ,12,42,54,25,54,79
02342400,ACADEMY OF RADIO BROADCASTING           ,CA,92647-3809,Proprietary  ,8,15,23,22,28,50
02343400,"BELLUS ACADEMY, THE ACADEMY OF BEAUTY AN",CA,92064-4633,Proprietary  ,7,21,28,9,27,36
02345800,MONTEBELLO BEAUTY COLLEGE               ,CA,90640-0000,Proprietary  ,10,25,35,12,26,38
02351900,KAPLAN COLLEGE                          ,CA,95660-5512,Proprietary  ,57,155,212,115,241,356
02351901,KAPLAN COLLEGE - BAKERSFIELD            ,CA,93304-0000,Proprietary  ,52,126,178,86,177,263
02358000,THOMAS AQUINAS COLLEGE                  ,CA,93060-9622,Private      ,25,2,27,307,24,331
02359300,SHASTA BIBLE COLLEGE                    ,CA,96002-0000,Private      ,7,11,18,39,26,65
02482700,WESTERN UNIVERSITY OF HEALTH S          ,CA,91766-1854,Private      ,3,465,468,42,2686,2728
02494800,LOLA BEAUTY COLLEGE                     ,CA,92641-0000,Proprietary  ,1,11,12,1,12,13
02497300,TRINITY COLLEGE                         ,CA,93277-0000,Proprietary  ,68,186,254,102,329,431
02500000,SAN JOAQUIN COLLEGE OF LAW              ,CA,93612-0000,Private      ,0,98,98,3,216,219
02518400,THE NATIONAL HISPANIC UNIVERSITY        ,CA,95127-0000,Private      ,38,61,99,196,161,357
02519800,AVANCE BEAUTY COLLEGE                   ,CA,92154-0000,Proprietary  ,3,10,13,22,16,38
02520200,CALIFORNIA CAREER SCHOOLS               ,CA,92805-0000,Proprietary  ,1,11,12,3,17,20
02520300,INTERIOR DESIGNERS INSTITUTE            ,CA,92660-0000,Proprietary  ,2,11,13,24,24,48
02537200,PALOMAR INSTITUTE OF COSMETOLOGY        ,CA,92069-0000,Proprietary  ,23,45,68,50,61,111
02539100,KAPLAN COLLEGE                          ,CA,91606-3231,Proprietary  ,72,199,271,154,431,585
02539500,IRVINE VALLEY COLLEGE                   ,CA,92620-0000,Public       ,216,355,571,1047,879,1926
02542300,NATIONAL HOLISTIC INSTITUTE             ,CA,94608-0000,Proprietary  ,25,93,118,59,155,214
02543400,BROWNSON TECHNICAL SCHOOL               ,CA,92805-0000,Proprietary  ,3,5,8,5,6,11
02545900,HYPNOSIS MOTIVATION INSTITUTE           ,CA,91356-0000,Private      ,0,24,24,0,28,28
02546400,MTI BUSINESS COLLEGE INC                ,CA,95207-0000,Proprietary  ,9,64,73,24,84,108
02549000,KAPLAN COLLEGE                          ,CA,92083-7736,Proprietary  ,92,183,275,177,342,519
02549005,KAPLAN COLLEGE -  PALM SPRINGS          ,CA,92262-7011,Proprietary  ,52,122,174,104,215,319
02553500,ASSOCIATED TECHNICAL COLLEGE            ,CA,92101-0000,Proprietary  ,4,32,36,13,40,53
02553600,DIVERSIFIED LANGUAGE INSTITUTE          ,CA,90017-0000,Proprietary  ,3,118,121,3,125,128
02559300,UNITED EDUCATION INSTITUTE              ,CA,90020-0000,Proprietary  ,274,684,958,453,1149,1602
02559400,INTERCOAST COLLEGES                     ,CA,92868-1656,Proprietary  ,14,144,158,17,154,171
02565400,KAPLAN COLLEGE                          ,CA,95207-6216,Proprietary  ,67,185,252,151,335,486
02570300,LOS ANGELES ORT TECHNICAL INSTITUTE     ,CA,90048-0000,Private      ,26,124,150,43,241,284
02577900,SANTA BARBARA BUSINESS COLLEGE          ,CA,93309-1664,Proprietary  ,49,137,186,114,321,435
02578000,SANTA BARBARA BUSINESS COLLEGE          ,CA,93454-6943,Proprietary  ,23,69,92,45,145,190
02584200,NEWBRIDGE COLLEGE                       ,CA,92701-0000,Proprietary  ,46,193,239,55,209,264
02591600,NORTH-WEST COLLEGE                      ,CA,91101-1744,Proprietary  ,5,31,36,16,38,54
02593100,HEALD COLLEGE                           ,CA,95678-5303,Proprietary  ,73,135,208,240,450,690
02593200,HEALD COLLEGE                           ,CA,95035-8008,Proprietary  ,95,167,262,229,446,675
02593300,HEALD COLLEGE                           ,CA,95210-5667,Proprietary  ,96,114,210,269,325,594
02595600,ASIAN AMERICAN INTERNATIONAL BTY CG     ,CA,92683-4043,Proprietary  ,0,0,0,0,3,3
02597300,SOUTH BAYLO UNIVERSITY                  ,CA,92801-1701,Private      ,2,53,55,3,79,82
02602300,CENTRAL COAST COLLEGE                   ,CA,93901-3301,Proprietary  ,23,46,69,42,69,111
02608900,PINNACLE COLLEGE                        ,CA,91803-8842,Proprietary  ,11,30,41,20,43,63
02609000,EMPERORS COLG OF TRAD ORIENTAL MED      ,CA,90403-5609,Proprietary  ,0,56,56,0,96,96
02612800,LOS ANGELES RECORDING SCHOOL            ,CA,90028-3112,Proprietary  ,137,169,306,284,305,589
02619300,SAMRA UNIV OF ORIENTAL MEDICINE         ,CA,90015-1019,Private      ,0,34,34,1,62,63
02620300,PLATT COLLEGE                           ,CA,92647-3017,Proprietary  ,22,23,45,48,39,87
03010611,VIRGINIA COLLEGE - GOLF ACADEMY OF AMERI,CA,92008-6512,Proprietary  ,24,24,48,41,51,92
03011300,"CALIF STATE UNIV, SAN MARCOS            ",CA,92096-0001,Public       ,515,830,1345,5309,3067,8376
03019900,ADELANTE CAREER INSTITUTE               ,CA,91402-4924,Proprietary  ,2,21,23,3,24,27
03025600,DELL'ARTE SCH OF PHYSICAL THEATRE       ,CA,95525-0816,Private      ,1,11,12,6,20,26
03027700,PACIFIC COLLEGE OF ORIENTAL MED         ,CA,92108-4408,Proprietary  ,3,91,94,12,176,188
03029600,POMONA ADULT SCHOOL                     ,CA,91766-0000,Public       ,5,29,34,14,41,55
03034000,HEALD COLLEGE                           ,CA,93906-5100,Proprietary  ,99,129,228,290,267,557
03035700,LAS POSITAS COLLEGE                     ,CA,94551-6750,Public       ,185,287,472,679,569,1248
03039900,FREMONT COLLEGE                         ,CA,90703-5342,Proprietary  ,2,20,22,32,38,70
03043900,NEWSCHOOL OF ARCHITECTURE & DESIGN      ,CA,92101-6634,Proprietary  ,26,68,94,141,228,369
03044500,KAPLAN COLLEGE                          ,CA,91402-4222,Proprietary  ,23,59,82,63,147,210
03044501,MARIC COLLEGE - PANORAMA CITY           ,CA,91402-4222,Proprietary  ,30,52,82,66,133,199
03052201,COURT REPORTING INSTITUTE-SAN DIEGO     ,CA,92123-1765,Proprietary  ,5,22,27,30,93,123
03054100,ROYALE COLLEGE OF BEAUTY                ,CA,92590-2525,Proprietary  ,8,18,26,16,25,41
03062300,WESTECH COLLEGE                         ,CA,91764-4988,Proprietary  ,4,26,30,9,37,46
03062400,MT DIABLO ADULT EDUC LOMA VISTA CTR     ,CA,94518-1122,Public       ,7,10,17,18,20,38
03062700,PLATT COLLEGE                           ,CA,90041-0000,Proprietary  ,17,23,40,103,126,229
03062701,PLATT COLLEGE                           ,CA,91764-0000,Proprietary  ,42,63,105,127,139,266
03063400,MODERN TECHNOLOGY SCHOOL                ,CA,92708-9821,Proprietary  ,6,47,53,19,81,100
03067400,BALDWIN PARK ADULT SCHOOL               ,CA,91706-4897,Public       ,2,28,30,11,44,55
03067500,INSTITUTE OF TECHNOLOGY                 ,CA,93612-3217,Proprietary  ,143,522,665,257,697,954
03069500,SAGE COLLEGE                            ,CA,92557-6720,Proprietary  ,18,85,103,38,161,199
03070400,ITT TECHNICAL INSTITUTE                 ,CA,92408-3519,Proprietary  ,178,197,375,494,507,1001
03072300,EVEREST COLLEGE                         ,CA,91761-3222,Proprietary  ,102,376,478,194,547,741
03072700,WESTWOOD COLLEGE - LOS ANGELES          ,CA,90010-1577,Proprietary  ,140,119,259,722,520,1242
03074900,MARTINEZ ADULT CENTER                   ,CA,94553-3298,Public       ,0,13,13,2,16,18
03078200,AMERICAN CLG TRADITIONAL CHINESE MD     ,CA,94107-2813,Private      ,0,84,84,1,167,168
03084700,VENTURA ADULT\CONTINUING EDUCATION      ,CA,93003-7313,Public       ,9,40,49,16,58,74
03087400,ITT TECHNICAL INSTITUTE                 ,CA,90502-1356,Proprietary  ,205,346,551,433,729,1162
03094400,ELITE PROGRESSIVE SCHOOL OF COSM        ,CA,95841-2909,Proprietary  ,12,18,30,56,47,103
03097700,CENTRAL CALIF SCH CONTINUING EDUC       ,CA,93401-6739,Proprietary  ,12,69,81,14,84,98
03098200,YO SAN UNIV TRADITIONAL CHINESE MED     ,CA,90066-1103,Private      ,0,18,18,1,38,39
03105700,MONTEREY PARK COLLEGE                   ,CA,91754-2416,Proprietary  ,4,6,10,18,16,34
03108100,SUMMIT CAREER COLLEGE                   ,CA,92324-3956,Proprietary  ,129,484,613,188,825,1013
03109500,DONGGUK ROYAL UNIVERSITY                ,CA,90020-1765,Private      ,0,29,29,0,36,36
03113100,MARIC COLLEGE                           ,CA,92630-0000,Proprietary  ,35,120,155,53,167,220
03113102,MARIC COLLEGE - CARSON                  ,CA,90746-3228,Proprietary  ,18,81,99,48,163,211
03113103,MARIC COLLEGE - RIVERSIDE               ,CA,92507-4223,Proprietary  ,59,174,233,111,320,431
03113105,MARIC COLLEGE - POMONA                  ,CA,91768-2643,Proprietary  ,23,72,95,53,125,178
03113106,MARIC COLLEGE - SAN DIEGO               ,CA,92120-3425,Proprietary  ,34,104,138,78,200,278
03113108,MARIC COLLEGE - IRWINDALE               ,CA,91706-1410,Proprietary  ,0,1,1,0,1,1
03113300,MCED CAREER COLLEGE                     ,CA,93727-1620,Proprietary  ,4,40,44,12,69,81
03113600,SOUTHERN CALIFORNIA INST OF TECHNOL     ,CA,92805-3758,Proprietary  ,6,86,92,27,262,289
03115400,LYLE'S FRESNO COLLEGE OF BEAUTY         ,CA,93710-0000,Proprietary  ,1,3,4,31,7,38
03116600,EAST SAN GABRIEL VLY REG OCCUP PROG     ,CA,91790-2105,Public       ,0,7,7,2,9,11
03123000,SONOMA COLLEGE                          ,CA,94954-7464,Proprietary  ,3,33,36,51,162,213
03125300,JOHN WESLEY INTER. BARBER & BTY CLG     ,CA,90813-4321,Proprietary  ,17,30,47,31,45,76
03125400,ART INSTITUTE OF CALIFORNIA-HOLLYWOOD (T,CA,90010-1014,Proprietary  ,139,100,239,426,290,716
03125800,PREMIERE CAREER COLLEGE                 ,CA,91706-3746,Proprietary  ,23,81,104,28,89,117
03126800,PACIFICA GRADUATE INSTITUTE             ,CA,93013-0000,Proprietary  ,0,298,298,0,525,525
03128000,SANTA BARBARA CLG OF ORIENTAL MED       ,CA,93101-2430,Proprietary  ,2,38,40,7,52,59
03128700,MT SIERRA COLLEGE                       ,CA,91016-3414,Proprietary  ,105,141,246,270,298,568
03131300,FIVE BRANCHES UNIVERSITY                ,CA,95062-4669,Private      ,1,120,121,19,192,211
03138400,AMERICAN COLLEGE OF MEDICAL TECH        ,CA,90248-1611,Proprietary  ,33,146,179,46,194,240
03144400,AMERICAN CLG OF HEALTH PROFESSIONS      ,CA,92374-0000,Proprietary  ,5,9,14,13,22,35
03150500,VIRGINIA SEWING MACHINES & SCH CTR      ,CA,90015-3535,Proprietary  ,0,7,7,0,7,7
03162300,FOUR-D SUCCESS ACADEMY                  ,CA,92324-4218,Proprietary  ,22,135,157,53,351,404
03163300,PACIFIC STATES UNIVERSITY               ,CA,90006-4298,Private      ,5,6,11,12,17,29
03195400,EVEREST COLLEGE                         ,CA,90501-2867,Proprietary  ,17,34,51,41,48,89
03210300,CALIFORNIA SCHOOL OF CULINARY ARTS      ,CA,91101-5221,Proprietary  ,297,380,677,991,705,1696
03225300,AMERICAN UNIVERSITY OF HEALTH SCIENCES  ,CA,90755-3612,Proprietary  ,5,14,19,16,25,41
03242300,CAREER NETWORK INSTITUTE                ,CA,92868-4710,Proprietary  ,38,98,136,49,134,183
03250300,COMMUNITY BASED EDUCATION AND DEVEL     ,CA,90036-1137,Private      ,1,15,16,1,20,21
03260300,CALIFORNIA STATE U-MONTEREY BAY         ,CA,93955-8001,Public       ,413,442,855,3100,1306,4406
03266300,BETHESDA CHRISTIAN UNIVERSITY           ,CA,92801-4132,Private      ,1,2,3,6,7,13
03278300,CLARITA CAREER COLLEGE                  ,CA,91351-5432,Proprietary  ,7,26,33,10,30,40
03282300,KIM ANH ACADEMY OF BEAUTY               ,CA,92683-4605,Proprietary  ,4,41,45,4,43,47
03288300,ACAD CHINESE CULTURE & HEALTH SCIS      ,CA,94512-0000,Private      ,0,33,33,1,54,55
03299300,PACIFIC COLLEGE                         ,CA,92626-3160,Proprietary  ,17,124,141,30,173,203
03308300,KENSINGTON COLLEGE                      ,CA,92705-8708,Proprietary  ,0,1,1,2,2,4
03321300,SCRIPPS RESEARCH INSTITUTE (THE)        ,CA,92037-0000,Private      ,0,1,1,5,22,27
03327400,ACUPUNCTURE AND INTEGRATIVE MEDICINE COL,CA,94704-2724,Private      ,1,43,44,1,87,88
03330300,NEWBRIDGE COLLEGE - BURBANK             ,CA,91754-2416,Proprietary  ,0,0,0,1,2,3
03332300,SOUTHERN CA BIBLE CLG & SEMINARY        ,CA,92019-1109,Private      ,3,38,41,6,103,109
03359300,ST. FRANCIS CAREER COLLEGE              ,CA,90262-2659,Private      ,22,79,101,53,199,252
03367300,PROFESSIONAL GOLFERS CAREER COLLEGE     ,CA,92591-6013,Proprietary  ,31,46,77,65,79,144
03383300,CALIFORNIA RECORDING INSTITUTE          ,CA,94103-3921,Proprietary  ,0,0,0,1,1,2
03392300,CHASE COLLEGE                           ,CA,90010-2501,Proprietary  ,13,30,43,15,33,48
03394300,REMINGTON COLLEGE - SAN DIEGO CAMPUS    ,CA,92108-3002,Proprietary  ,188,482,670,268,693,961
03395300,INTERNATIONAL CAREER DEVELOPMENT        ,CA,90027-5794,Proprietary  ,105,329,434,138,422,560
03399300,NORTHWESTERN TECHNICAL COLLEGE          ,CA,95670-4443,Proprietary  ,9,30,39,24,77,101
03403300,TRINITY LIFE BIBLE COLLEGE              ,CA,95842-3546,Private      ,8,19,27,39,93,132
03413400,ENGLISH CENTER  (THE)                   ,CA,94607-3734,Private      ,11,36,47,22,87,109
03415300,MEDACOM COLLEGE                         ,CA,94560-0000,Proprietary  ,0,1,1,0,1,1
03427400,CAREER COLLEGES OF AMERICA              ,CA,90280-7420,Proprietary  ,71,391,462,109,622,731
03427500,ANTELOPE VALLEY MEDICAL COLLEGE         ,CA,93534-3324,Proprietary  ,27,135,162,51,220,271
03440400,MARIAN HEALTH CAREERS CENTER            ,CA,90010-1728,Proprietary  ,4,5,9,9,14,23
03441400,VALLEY CAREER COLLEGE                   ,CA,92020-3057,Proprietary  ,28,107,135,45,157,202
03455900,VALLECITOS CENTER FOR EMPLOYMENT TR     ,CA,94541-5027,Private      ,2,1,3,3,2,5
03458300,MY LE'S BEAUTY COLLEGE                  ,CA,95824-3039,Proprietary  ,15,46,61,38,58,96
03467300,MARINELLO SCHOOL OF BEAUTY              ,CA,92545-3661,Proprietary  ,3,4,7,8,12,20
03467301,CALIFORNIA BEAUTY COLLEGE - DESERT HOT S,CA,92240-1307,Proprietary  ,1,0,1,1,0,1
03474700,OPPORTUNITIES INDUSTRIALIZATION CEN     ,CA,94025-1413,Private      ,0,3,3,0,3,3
03479300,PROFESSIONAL CAREER INSTITUTE           ,CA,90703-2522,Proprietary  ,19,52,71,35,78,113
03479400,DONALD VOCATIONAL SCHOOL                ,CA,90010-1718,Proprietary  ,0,6,6,1,7,8
03485400,JAMES ALBERT SCHOOL OF COSMETOLOGY      ,CA,92627-3831,Proprietary  ,0,8,8,5,11,16
03485401,JAMES ALBERT SCHOOL OF COSMETOLOGY - ANA,CA,92804-5384,Proprietary  ,1,0,1,1,1,2
03516300,THE KING'S COLLEGE AND SEMINARY         ,CA,91405-2233,Private      ,8,56,64,19,106,125
03532400,ADVANCED TRAINING ASSOCIATES            ,CA,92020-1236,Proprietary  ,0,4,4,2,5,7
03542400,COPPER MOUNTAIN COLLEGE                 ,CA,92252-6102,Public       ,74,342,416,186,646,832
03550300,OCCUPATIONAL TRAINING SERVICES          ,CA,92123-1539,Private      ,1,11,12,12,22,34
03577300,COBA ACADEMY                            ,CA,92866-1407,Proprietary  ,7,3,10,14,5,19
03590400,NTMA TRAINING CENTERS OF SOUTHERN C     ,CA,90650-6099,Private      ,3,73,76,5,82,87
03592400,IRELL & MANELLA GRADUATE SCHOOL OF BIOLO,CA,91010-0000,Private      ,0,0,0,1,8,9
03598300,AVALON BEAUTY COLLEGE                   ,CA,93103-3137,Proprietary  ,0,2,2,6,3,9
03602400,INSTITUTE OF NETWORK TECHNOLOGY         ,CA,90755-2274,Proprietary  ,0,0,0,2,0,2
03614300,UNITED BEAUTY COLLEGE                   ,CA,91733-0000,Proprietary  ,1,27,28,3,28,31
03615300,COMMUNITY BUSINESS COLLEGE              ,CA,95356-1569,Proprietary  ,3,9,12,13,19,32
03621300,LIBERTY TRAINING INSTITUTE              ,CA,90057-3202,Proprietary  ,2,22,24,4,23,27
03622300,INTERNATIONAL TECHNOLOGICAL UNIVERS     ,CA,95050-3714,Private      ,0,1,1,0,2,2
03633300,CALIFORNIA LEARNING CENTER              ,CA,92805-3700,Proprietary  ,6,26,32,7,31,38
03636300,HEARTWOOD INSTITUTE                     ,CA,95542-9446,Proprietary  ,4,27,31,9,41,50
03639300,WEST COAST ULTRASOUND INSTITUTE         ,CA,90211-3312,Proprietary  ,20,97,117,29,116,145
03646300,DESIGN'S SCHOOL OF COSMETOLOGY          ,CA,93446-1471,Proprietary  ,7,7,14,9,10,19
03662400,ACADEMY EDUCATION SERVICES              ,CA,93030-7026,Proprietary  ,7,23,30,7,29,36
03681300,CALIFORNIA HEALING ARTS COLLEGE         ,CA,90025-2589,Proprietary  ,10,20,30,18,38,56
03695300,COMMUNITY ENHANCEMENT SERVICES          ,CA,91205-2395,Private      ,1,8,9,1,9,10
03695700,SANTIAGO CANYON COLLEGE                 ,CA,92869-4512,Public       ,127,137,264,695,379,1074
03698300,WEST COAST UNIVERSITY                   ,CA,90004-0000,Proprietary  ,10,128,138,23,321,344
03698400,CA COLLEGE OF VOCATIONAL CAREER         ,CA,93301-1800,Proprietary  ,12,26,38,19,44,63
03722300,AMERICAN MEDICAL SCIENCES CENTER        ,CA,91601-3718,Proprietary  ,0,2,2,2,3,5
03736300,ADVANCE BEAUTY COLLEGE                  ,CA,92843-4752,Proprietary  ,3,85,88,8,91,99
03740400,ATI COLLEGE                             ,CA,90650-0000,Proprietary  ,2,7,9,3,9,12
03755300,GATES COLLEGE                           ,CA,90278-0000,Proprietary  ,1,6,7,2,11,13
03759300,COMPUTER TUTOR BUSINESS & TECH INST     ,CA,95356-0000,Proprietary  ,2,37,39,8,46,54
03786300,ADVANCED COLLEGE                        ,CA,90280-5255,Proprietary  ,13,32,45,18,38,56
03797400,CAREER CARE INSTITUTE                   ,CA,93534-4766,Proprietary  ,41,133,174,46,160,206
03806300,LAKE COLLEGE                            ,CA,96002-0926,Proprietary  ,6,39,45,10,58,68
03810300,SILICON VALLEY UNIVERSITY               ,CA,95131-1868,Private      ,2,8,10,13,22,35
03814400,SOKA UNIVERSITY OF AMERICA              ,CA,92656-8081,Private      ,7,4,11,187,23,210
03835300,CONEJO VALLEY ADULT EDUCATION           ,CA,91360-0000,Public       ,0,0,0,0,5,5
03838400,WALTER JAY M.D. INSTITUTE AN EDUCATIONAL,CA,90057-0000,Proprietary  ,1,1,2,1,1,2
03852500,CIT COLLEGE OF INFOMEDICAL TECHNOLOGY   ,CA,92831-3703,Proprietary  ,3,49,52,8,54,62
03853300,KECK GRADUATE INSTITUTE OF APPLIED LIFE ,CA,91711-4817,Private      ,0,25,25,0,54,54
03853400,LADERA CAREER PATHS TRAINING CENTERS    ,CA,90045-1931,Proprietary  ,0,2,2,2,5,7
03868300,WORLD MISSION UNIVERSITY                ,CA,90020-1789,Private      ,0,10,10,1,13,14
03868400,LOS ANGELES MUSIC ACADEMY               ,CA,91105-2540,Proprietary  ,26,25,51,48,35,83
03871300,FOLSOM LAKE COLLEGE                     ,CA,95630-6798,Public       ,139,296,435,600,764,1364
03874300,CAMBRIDGE CAREER COLLEGE                ,CA,95993-0000,Proprietary  ,0,5,5,12,10,22
03874400,COMMMUNITY CHRISTIAN COLLEGE            ,CA,92373-4465,Private      ,3,7,10,18,15,33
03889300,STANBRIDGE COLLEGE                      ,CA,92612-0000,Proprietary  ,8,28,36,12,30,42
03901300,PACIFIC COAST TRADE SCHOOL              ,CA,93033-2441,Proprietary  ,1,2,3,1,4,5
03904300,QUALITY COLLEGE OF CULINARY CAREERS     ,CA,93727-1615,Proprietary  ,5,16,21,20,26,46
03910400,NATIONAL POLYTECHNIC COLLEGE            ,CA,90040-3066,Proprietary  ,9,28,37,9,29,38
03933300,MUELLER COLLEGE OF HOLISTIC STUDIES     ,CA,92116-2630,Proprietary  ,10,48,58,18,69,87
03959300,CAREER MANAGEMENT INSTITUTE             ,CA,92868-4117,Proprietary  ,0,5,5,0,7,7
03962300,AMERICAN INSTITUTE OF MASSAGE THERAPY   ,CA,92705-5463,Proprietary  ,1,10,11,9,17,26
03964400,INTERNATIONAL SCHOOL OF BEAUTY          ,CA,92260-2740,Proprietary  ,12,17,29,24,25,49
03969400,MEDICAL INSTITUTE                       ,CA,90029-2428,Proprietary  ,7,6,13,13,7,20
03969600,AMERICAN AUTO INSTITUTE                 ,CA,90703-2637,Proprietary  ,3,14,17,13,15,28
03971300,AMERICAN CAREER COLLEGE                 ,CA,91764-4906,Proprietary  ,34,117,151,45,179,224
03973300,EX'PRESSION COLLEGE FOR DIGITAL ARTS    ,CA,94608-1021,Proprietary  ,88,126,214,221,205,426
03974500,CALIFORNIA CAREER COLLEGE               ,CA,91303-2006,Proprietary  ,4,25,29,8,27,35
03980300,CALIFORNIA STATE UNIVERSITY CHANNEL ISLA,CA,93012-8599,Public       ,97,141,238,694,433,1127
03995300,UNIVERSITY OF EAST-WEST MEDICINE        ,CA,94087-6106,Proprietary  ,0,4,4,3,15,18
04001300,PALACE BEAUTY COLLEGE                   ,CA,90006-4233,Proprietary  ,1,4,5,7,4,11
04001400,MOJAVE BARBER COLLEGE                   ,CA,92395-3201,Proprietary  ,2,5,7,3,9,12
04003300,CSI CAREER COLLEGE                      ,CA,95687-3100,Proprietary  ,7,43,50,14,58,72
04004300,THUY PRINCESS BEAUTY COLLEGE            ,CA,91766-0000,Proprietary  ,1,1,2,4,3,7
04005300,INTERAMERICAN COLLEGE                   ,CA,91950-4437,Private      ,1,9,10,1,10,11
04011900,AMERICAN COLLEGE OF CALIFORNIA          ,CA,94102-2305,Proprietary  ,2,3,5,11,6,17
04014400,PALLADIUM TECHNICAL ACADEMY             ,CA,91731-2429,Proprietary  ,5,0,5,6,1,7
04037300,LOS ANGELES FILM SCHOOL (THE)           ,CA,90028-7300,Proprietary  ,13,6,19,13,6,19
04049300,MAXINE WATERS EMPLOYMENT PREPARATION CEN,CA,90059-1023,Public       ,0,1,1,0,1,1
04057300,TECHSKILLS OF SACRAMENTO                ,CA,95815-4025,Proprietary  ,13,37,50,13,38,51
00184600,BRIAR CLIFF UNIVERSITY                  ,IA,51104-2100,Private      ,285,173,458,1169,352,1521
00184700,BUENA VISTA UNIVERSITY                  ,IA,50588-9987,Private      ,632,599,1231,1833,1071,2904
00184800,SOUTHEASTERN COMMUNITY COLLEGE          ,IA,52655-0000,Public       ,352,525,877,712,868,1580
00185000,CENTRAL COLLEGE                         ,IA,50219-1999,Private      ,444,44,488,1965,88,2053
00185200,CLARKE COLLEGE                          ,IA,52001-3198,Private      ,303,142,445,899,286,1185
00185400,COE COLLEGE                             ,IA,52402-5092,Private      ,286,55,341,1585,151,1736
00185500,DES MOINES UNIV-OSTEOPATHIC MED CTR     ,IA,50312-0000,Private      ,4,777,781,15,1326,1341
00185600,CORNELL COLLEGE                         ,IA,52314-1098,Private      ,144,13,157,1560,49,1609
00185700,SOUTHWESTERN COMMUNITY COLLEGE          ,IA,50801-1098,Public       ,207,196,403,442,315,757
00185800,DIVINE WORD COLLEGE                     ,IA,52045-0380,Private      ,0,1,1,5,3,8
00185900,DORDT COLLEGE                           ,IA,51250-1697,Private      ,274,35,309,1145,73,1218
00186000,DRAKE UNIVERSITY                        ,IA,50311-4505,Private      ,341,492,833,3620,1878,5498
00186200,ELLSWORTH COMMUNITY COLLEGE             ,IA,50126-1199,Public       ,188,85,273,484,143,627
00186400,IOWA LAKES COMMUNITY COLLEGE            ,IA,51334-2234,Public       ,383,305,688,991,514,1505
00186500,IOWA CENTRAL COMMUNITY COLLEGE          ,IA,50501-0000,Public       ,653,435,1088,1594,767,2361
00186600,GRACELAND UNIVERSITY                    ,IA,50140-1699,Private      ,401,312,713,850,539,1389
00186700,GRAND VIEW UNIVERSITY                   ,IA,50316-1599,Private      ,403,310,713,1129,718,1847
00186800,GRINNELL COLLEGE                        ,IA,50112-1690,Private      ,158,7,165,2023,23,2046
00186900,IOWA STATE UNIV SCIENCE & TECHNOLOG     ,IA,50011-2028,Public       ,2985,1153,4138,16181,3810,19991
00187100,IOWA WESLEYAN COLLEGE                   ,IA,52641-1398,Private      ,208,158,366,494,284,778
00187300,LORAS COLLEGE                           ,IA,52004-0178,Private      ,506,87,593,1849,164,2013
00187400,LUTHER COLLEGE                          ,IA,52101-1045,Private      ,553,30,583,2686,83,2769
00187500,MARSHALLTOWN COMMUNITY COLLEGE          ,IA,50158-4760,Public       ,159,253,412,441,433,874
00187700,NORTH IOWA AREA COMMUNITY COLLEGE       ,IA,50401-7299,Public       ,437,322,759,1131,593,1724
00187900,MORNINGSIDE COLLEGE                     ,IA,51106-1751,Private      ,254,90,344,1514,252,1766
00188000,MOUNT MERCY COLLEGE                     ,IA,52402-4797,Private      ,230,177,407,1068,477,1545
00188100,ASHFORD UNIVERSITY                      ,IA,52732-3997,Proprietary  ,174,1314,1488,317,1858,2175
00188300,NORTHWESTERN COLLEGE                    ,IA,51041-1996,Private      ,485,43,528,1541,81,1622
00188700,SIMPSON COLLEGE                         ,IA,50125-1297,Private      ,560,209,769,2065,384,2449
00188900,ST AMBROSE UNIVERSITY                   ,IA,52803-2898,Private      ,686,455,1141,2235,929,3164
00189000,UNIVERSITY OF NORTHERN IOWA             ,IA,50614-0705,Public       ,2568,959,3527,8600,2033,10633
00189100,UNIVERSITY OF DUBUQUE                   ,IA,52001-5099,Private      ,415,176,591,1321,400,1721
00189200,UNIVERSITY OF IOWA                      ,IA,52242-1316,Public       ,3906,2564,6470,14873,7201,22074
00189300,UPPER IOWA UNIVERSITY                   ,IA,52142-9206,Private      ,355,1096,1451,1041,2004,3045
00189400,VENNARD COLLEGE                         ,IA,52595-0029,Private      ,29,14,43,50,17,67
00189500,WALDORF COLLEGE                         ,IA,50436-1700,Private      ,239,26,265,592,51,643
00189600,WARTBURG COLLEGE                        ,IA,50677-2200,Private      ,349,26,375,2278,59,2337
00189700,WARTBURG THEOLOGICAL SEMINARY           ,IA,52004-5004,Private      ,0,68,68,1,118,119
00190000,WILLIAM PENN UNIVERSITY                 ,IA,52577-1799,Private      ,425,599,1024,849,1005,1854
00396300,AIB COLLEGE OF BUSINESS                 ,IA,50321-1799,Private      ,163,155,318,640,391,1031
00407500,ESTRN IOWA COMMUNITY COLLEGE DIST       ,IA,52801-1221,Public       ,9,27,36,29,58,87
00407501,CLINTON COMMUNITY COLLEGE               ,IA,52732-0000,Public       ,125,187,312,254,326,580
00407502,MUSCATINE COMMUNITY COLLEGE             ,IA,52761-0000,Public       ,131,148,279,273,276,549
00407503,SCOTT COMMUNITY COLLEGE                 ,IA,52722-0000,Public       ,422,830,1252,747,1436,2183
00407600,KIRKWOOD COMMUNITY COLLEGE              ,IA,52406-2068,Public       ,2283,1720,4003,4964,3207,8171
00423300,MERCY/ST. LUKE'S SCH RAD TECH           ,IA,52402-0000,Private      ,1,4,5,14,15,29
00458600,KAPLAN UNIVERSITY                       ,IA,52807-2095,Proprietary  ,672,13045,13717,907,18786,19693
00458604,KAPLAN UNIVERSITY - CEDAR RAPIDS        ,IA,52404-2998,Proprietary  ,106,373,479,154,623,777
00458605,KAPLAN UNIVERSITY - DES MOINES          ,IA,50323-5702,Proprietary  ,161,457,618,226,634,860
00458606,KAPLAN UNIVERSITY - MASON CITY          ,IA,50401-4665,Proprietary  ,104,263,367,129,358,487
00458607,KAPLAN UNIVERSITY - CEDAR FALLS         ,IA,50613-6309,Proprietary  ,122,407,529,169,583,752
00458610,KAPLAN UNIVERSITY - COUNCIL BLUFFS      ,IA,51503-5289,Proprietary  ,56,222,278,71,308,379
00458700,NORTHEAST IOWA COMMUNITY COLLEGE        ,IA,52132-0400,Public       ,235,192,427,485,425,910
00458701,NORTHEAST IOWA COMMUNITY COLLEGE        ,IA,52068-0000,Public       ,322,327,649,651,614,1265
00459500,HAWKEYE COMMUNITY COLLEGE               ,IA,50701-0000,Public       ,972,791,1763,1917,1378,3295
00459800,IOWA WESTERN CMTY CLG-COUNCIL BLUFF     ,IA,51502-0000,Public       ,844,652,1496,1546,1134,2680
00460000,NORTHWEST IOWA COMMUNITY COLLEGE        ,IA,51201-1046,Public       ,151,111,262,379,197,576
00626700,IOWA METHODIST MEDICAL CENTER SCHOOLS   ,IA,50309-1499,Private      ,6,13,19,18,31,49
00627300,MERCY COLLEGE OF HEALTH SCIENCES        ,IA,50309-1239,Private      ,160,240,400,364,442,806
00712000,DES MOINES AREA CMTY COLLEGE            ,IA,50021-0000,Public       ,1579,1740,3319,3562,3624,7186
00712100,FAITH BAPTIST BIBLE CLG & THEOL SEM     ,IA,50021-0000,Private      ,135,31,166,260,51,311
00729100,ST LUKE'S COLLEGE                       ,IA,51104-0263,Private      ,36,32,68,124,81,205
00731600,WESTERN IOWA TECH COMMUNITY COLLEGE     ,IA,51106-0000,Public       ,371,822,1193,755,1336,2091
00758800,CAPRI COLLEGE                           ,IA,52004-0873,Proprietary  ,83,95,178,116,121,237
00761100,EQ SCHOOL OF HAIR DESIGN                ,IA,51503-0813,Proprietary  ,17,26,43,24,34,58
00765600,AMERICAN COLLEGE OF HARISTYLING -CR     ,IA,52402-0000,Proprietary  ,4,6,10,5,7,12
00765800,AMER COLL OF HAIRSTYLING-DES MOINES     ,IA,50309-5446,Proprietary  ,1,12,13,2,17,19
00765900,LA JAMES COLLEGE OF HAIRSTYLING         ,IA,50401-3308,Proprietary  ,24,31,55,41,39,80
00771700,CAPRI COLLEGE                           ,IA,52807-2622,Proprietary  ,6,6,12,22,13,35
00794100,COLLEGE OF HAIR DESIGN                  ,IA,50703-1834,Proprietary  ,11,26,37,16,36,52
00811600,DAYTON'S SCHOOL OF HAIR DESIGN          ,IA,52601-0000,Proprietary  ,3,3,6,3,6,9
00826000,IOWA SCHOOL OF BEAUTY INC               ,IA,50322-0000,Proprietary  ,36,49,85,47,68,115
00840300,INDIAN HILLS COMMUNITY COLLEGE          ,IA,52501-1398,Public       ,530,474,1004,1180,925,2105
00840301,INDIAN HILLS COMMUNITY COLLEGE          ,IA,52544-0000,Public       ,74,64,138,159,144,303
00842400,LA JAMES INTERNATIONAL COLLEGE          ,IA,50501-5577,Proprietary  ,33,26,59,44,35,79
00959300,LA'JAMES COLLEGE OF HAIRSTYLING         ,IA,52240-0000,Proprietary  ,24,13,37,37,16,53
01111300,MAHARISHI UNIV OF MANAGEMENT            ,IA,52557-0001,Private      ,71,64,135,108,102,210
01206400,HAMILTON TECHNICAL COLLEGE              ,IA,52807-2653,Proprietary  ,30,98,128,41,141,182
01230000,PALMER COLLEGE OF CHIROPRACTIC          ,IA,52803-5287,Private      ,33,433,466,79,2280,2359
01300600,LA' JAMES INTERNATIONAL COLLEGE-CF      ,IA,50613-5242,Proprietary  ,32,18,50,44,23,67
02090300,CAPRI COLLEGE                           ,IA,52404-0000,Proprietary  ,12,3,15,27,10,37
02132000,LA JAMES COLLEGE OF HAIRSTYLING         ,IA,50703-0000,Proprietary  ,0,0,0,0,1,1
02134500,LA JAMES INTERNATIONAL COLLEGE - DAV    ,IA,52806-3952,Proprietary  ,16,16,32,24,24,48
02160900,"SALON PROFESSIONAL ACADEMY, THE         ",IA,50010-0000,Proprietary  ,41,12,53,93,22,115
02262500,FAUST INSTITUTE OF COSMETOLOGY          ,IA,50588-0000,Proprietary  ,9,17,26,15,20,35
02274100,LA' JAMES INTERNATIONAL COLLEGE - DM    ,IA,50131-0000,Proprietary  ,42,45,87,64,60,124
02289000,AMERICAN HAIR ACADEMY                   ,IA,52627-4530,Proprietary  ,3,3,6,3,3,6
02306900,IOWA SCHOOL OF BEAUTY                   ,IA,52501-0000,Proprietary  ,12,15,27,14,18,32
02328900,EMMAUS BIBLE COLLEGE                    ,IA,52001-0000,Private      ,77,13,90,146,23,169
02330900,IOWA SCHOOL OF BEAUTY                   ,IA,50158-0000,Proprietary  ,6,12,18,9,16,25
02333200,DAYTON'S SCHOOL OF HAIR DESIGN          ,IA,52632-0000,Proprietary  ,1,2,3,2,2,4
02572500,DAVENPORT BARBER STYLING COLLEGE        ,IA,52807-0000,Proprietary  ,0,1,1,1,1,2
02609200,VATTEROTT COLLEGE                       ,IA,50321-4704,Proprietary  ,38,159,197,51,237,288
03069100,ALLEN COLLEGE                           ,IA,50703-1916,Private      ,112,77,189,271,174,445
03441300,IOWA SCHOOL OF BEAUTY                   ,IA,51106-5111,Proprietary  ,16,14,30,20,23,43
03607400,TOTAL LOOK SCHOOL OF COSMETOLOGY AND MAS,IA,52136-1053,Proprietary  ,2,5,7,2,6,8
00259600,ATLANTIC COMMUNITY COLLEGE              ,NJ,08330-2699,Public       ,1178,1302,2480,1720,1916,3636
00259700,BLOOMFIELD COLLEGE                      ,NJ,07003-3425,Private      ,756,489,1245,2042,978,3020
00259800,CALDWELL COLLEGE                        ,NJ,07006-6195,Private      ,402,247,649,1159,443,1602
00259900,CENTENARY COLLEGE                       ,NJ,07840-2184,Private      ,534,326,860,1211,528,1739
00260000,COLLEGE OF SAINT ELIZABETH              ,NJ,07960-6989,Private      ,282,195,477,600,328,928
00260100,CUMBERLAND COUNTY COLLEGE               ,NJ,08362-0517,Public       ,678,751,1429,999,1096,2095
00260300,DREW UNIVERSITY                         ,NJ,07940-4063,Private      ,304,148,452,2551,422,2973
00260700,FAIRLEIGH DICKINSON UNIV-TEANECK        ,NJ,07666-1996,Private      ,438,428,866,2341,1223,3564
00260701,FAIRLEIGH DICKINSON UNIV-FLORHAM        ,NJ,07940-0000,Private      ,262,107,369,2143,394,2537
00260702,FAIRLEIGH DICKINSON UNIV-ED WMS CLG     ,NJ,07601-0000,Private      ,20,15,35,78,44,122
00260703,FAIRLEIGH DICKINSON UNIVERSITY          ,NJ,07940-0000,Private      ,220,151,371,1276,383,1659
00260800,GEORGIAN COURT UNIVERSITY               ,NJ,08701-2697,Private      ,481,548,1029,1014,980,1994
00260900,ROWAN UNIVERSITY                        ,NJ,08028-1702,Public       ,2854,1123,3977,9142,2210,11352
00261000,FELICIAN COLLEGE                        ,NJ,07644-2198,Private      ,474,316,790,1076,470,1546
00261300,NEW JERSEY CITY UNIVERSITY              ,NJ,07305-1597,Public       ,1716,1658,3374,3331,2682,6013
00261500,MIDDLESEX COUNTY COLLEGE                ,NJ,08818-3050,Public       ,1896,1169,3065,3011,1803,4814
00261600,MONMOUTH UNIVERSITY                     ,NJ,07764-1898,Private      ,1570,762,2332,5420,1434,6854
00261700,MONTCLAIR STATE UNIVERSITY              ,NJ,07043-9987,Public       ,3249,1677,4926,10512,3403,13915
00261900,NEW BRUNSWICK THEOLOGICAL SEMINARY      ,NJ,08901-0000,Private      ,4,42,46,9,60,69
00262100,NEW JERSEY INST OF TECHNOLOGY           ,NJ,07102-1982,Public       ,1122,657,1779,3262,1249,4511
00262200,KEAN UNIVERSITY                         ,NJ,07083-7131,Public       ,2779,1824,4603,6961,3650,10611
00262400,OCEAN COUNTY COLLEGE                    ,NJ,08754-2001,Public       ,1489,768,2257,2255,1176,3431
00262500,WILLIAM PATERSON UNIVERSITY             ,NJ,07470-2152,Public       ,2724,1190,3914,6581,2103,8684
00262600,PRINCETON THEOLOGICAL SEMINARY          ,NJ,08542-0000,Private      ,0,192,192,1,470,471
00262700,PRINCETON UNIVERSITY                    ,NJ,08544-0001,Private      ,1426,121,1547,8544,954,9498
00262800,RIDER UNIVERSITY                        ,NJ,08648-3099,Private      ,861,349,1210,4797,945,5742
00262900,"RUTGERS, THE STATE UNIVERSITY OF NJ     ",NJ,08901-1281,Public       ,8449,4435,12884,30427,12618,43045
00263200,SETON HALL UNIVERSITY                   ,NJ,07079-2697,Private      ,1604,882,2486,5476,1814,7290
00263201,SETON HALL UNIVERSITY - SCHOOL OF LAW   ,NJ,07079-5210,Private      ,31,479,510,117,1596,1713
00263800,ST PETER'S COLLEGE                      ,NJ,07306-5997,Private      ,932,340,1272,2742,562,3304
00263900,STEVENS INSTITUTE OF TECHNOLOGY         ,NJ,07030-5370,Private      ,573,126,699,2067,228,2295
00264200,COLLEGE OF NEW JERSEY (THE)             ,NJ,08628-0718,Public       ,1472,318,1790,7410,717,8127
00264300,UNION COUNTY COLLEGE                    ,NJ,07016-1598,Public       ,1459,1977,3436,2123,2707,4830
00473600,BERGEN COMMUNITY COLLEGE                ,NJ,07652-1595,Public       ,2200,1309,3509,3359,1932,5291
00474000,MERCER COUNTY COMMUNITY COLLEGE         ,NJ,08690-0000,Public       ,935,1142,2077,1456,1969,3425
00539900,MONMOUTH COUNTY VOCATIONAL SCH DIST     ,NJ,07728-5033,Public       ,11,20,31,15,25,40
00545200,TETERBORO SCH OF AERONAUTICS            ,NJ,07608-1083,Proprietary  ,14,17,31,24,20,44
00546000,SOMERSET COUNTY TECHNICAL INSTITUTE     ,NJ,08807-0350,Public       ,20,41,61,26,57,83
00546100,SALEM COMMUNITY COLLEGE                 ,NJ,08069-2799,Public       ,178,268,446,246,335,581
00641000,C E GREGORY SCHOOL OF NURSING           ,NJ,08857-0000,Private      ,48,65,113,64,80,144
00641700,HOLY NAME HOSPITAL SCH OF NURSING       ,NJ,07666-4254,Private      ,32,62,94,54,92,146
00642000,MOUNTAINSIDE HOSP SCH NRSG              ,NJ,07042-4898,Proprietary  ,16,56,72,36,111,147
00642100,MUHLENBERG SNYDER SCHOOLS               ,NJ,07061-3399,Private      ,58,169,227,87,263,350
00642900,ST FRANCIS MEDICAL CTR SCH NURSING      ,NJ,08629-1986,Private      ,5,11,16,12,27,39
00642902,ST FRANCIS MED CTR RAD TECH             ,NJ,08629-0000,Private      ,2,5,7,4,7,11
00686500,CAMDEN COUNTY COLLEGE                   ,NJ,08012-3240,Public       ,2153,2260,4413,3266,3454,6720
00690100,GLOUCESTER COUNTY COLLEGE               ,NJ,08080-4249,Public       ,848,683,1531,1495,1009,2504
00710700,ESSEX COUNTY COLLEGE                    ,NJ,07102-1798,Public       ,1589,1897,3486,2596,3392,5988
00750200,BERKELEY COLLEGE                        ,NJ,07424-3367,Proprietary  ,557,348,905,980,602,1582
00750201,BERKELEY COLLEGE                        ,NJ,07095-0000,Proprietary  ,232,126,358,360,206,566
00750202,BERKELEY COLLEGE - PARAMUS              ,NJ,07652-2931,Proprietary  ,189,85,274,340,165,505
00750600,LINCOLN TECHNICAL INSTITUTE             ,NJ,07083-5032,Proprietary  ,424,367,791,467,439,906
00750601,LINCOLN TECHNICAL INSTITUTE             ,NJ,07430-0000,Proprietary  ,392,250,642,472,317,789
00750700,GIBBS COLLEGE                           ,NJ,07039-1611,Proprietary  ,344,455,799,575,793,1368
00750701,KATHARINE GIBBS - PISCATAWAY            ,NJ,08854-0000,Proprietary  ,169,226,395,243,335,578
00759300,PARISIAN BEAUTY ACADEMY                 ,NJ,07601-5509,Proprietary  ,10,32,42,16,33,49
00772900,COUNTY COLLEGE OF MORRIS                ,NJ,07869-0000,Public       ,868,427,1295,1583,702,2285
00773000,BURLINGTON COUNTY COLLEGE               ,NJ,08068-1599,Public       ,968,785,1753,1650,1362,3012
00773100,RARITAN VALLEY COMMUNITY COLLEGE        ,NJ,08876-1265,Public       ,472,382,854,776,570,1346
00794700,BETH MEDRASH GOVOHA OF AMERICA          ,NJ,08701-0000,Private      ,39,574,613,41,577,618
00840400,BROOKDALE COMMUNITY COLLEGE             ,NJ,07738-1597,Public       ,1625,1123,2748,2563,1670,4233
00844101,ANTHEM INSTITUTE                        ,NJ,08002-0000,Proprietary  ,4,6,10,7,8,15
00849400,HO HO KUS SCHL OF TRADE & TECH SCIENCES ,NJ,07513-1402,Proprietary  ,3,11,14,5,12,17
00860900,RABBINICAL COLLEGE OF AMERICA           ,NJ,07960-3600,Private      ,8,0,8,13,0,13
00907800,CAPRI INSTITUTE OF HAIR DESIGN          ,NJ,07011-2111,Proprietary  ,12,18,30,14,21,35
00934400,RAMAPO COLLEGE OF NEW JERSEY            ,NJ,07430-1680,Public       ,1155,305,1460,4236,579,4815
00934500,RICHARD STOCKTON COLLEGE OF NJ          ,NJ,08240-0195,Public       ,1767,816,2583,4890,1646,6536
00999400,PASSAIC COUNTY COMMUNITY COLLEGE        ,NJ,07505-1179,Public       ,998,1157,2155,1288,1458,2746
01039400,UNIV OF MEDICINE & DENTISTRY OF NJ      ,NJ,07107-0000,Public       ,71,1881,1952,146,3253,3399
01062900,P B COSMETOLOGY EDUCATION CENTRE        ,NJ,08030-1750,Proprietary  ,25,17,42,30,18,48
01085100,ANTHEM INSTITUTE                        ,NJ,07054-3409,Proprietary  ,197,302,499,320,484,804
01085101,ANTHEM INSTITUTE                        ,NJ,07306-0000,Proprietary  ,13,19,32,23,32,55
01085102,ANTHEM INSTITUTE                        ,NJ,08902-0000,Proprietary  ,13,9,22,24,17,41
01090300,RIZZIERI INSTITUTE                      ,NJ,08043-4600,Proprietary  ,34,20,54,45,25,70
01152300,MORRIS COUNTY SCHOOL OF TECHNOLOGY      ,NJ,07834-0000,Public       ,11,7,18,17,13,30
01170800,NATURAL MOTION INST OF HAIR DESIGN      ,NJ,07306-5496,Proprietary  ,4,14,18,9,16,25
01198900,TALMUDICAL ACADEMY                      ,NJ,07710-0000,Private      ,7,1,8,7,1,8
01209000,REIGNBOW BEAUTY ACADEMY                 ,NJ,08861-4118,Proprietary  ,6,22,28,6,22,28
01234600,DOVER BUSINESS COLLEGE                  ,NJ,07011-2161,Proprietary  ,30,93,123,34,132,166
01234602,DOVER BUSINESS COLLEGE                  ,NJ,07801-4643,Proprietary  ,25,95,120,30,118,148
01246100,LINCOLN TECHNICAL INSTITUTE             ,NJ,08820-2896,Proprietary  ,111,117,228,121,136,257
01246102,LINCOLN TECHNICAL INSTITUTE             ,NJ,08054-0000,Proprietary  ,99,130,229,114,159,273
01246103,LINCOLN TECHNICAL INSTITUTE             ,NJ,07652-2106,Proprietary  ,108,174,282,127,213,340
01246200,HOHOKUS - HACKENSACK SCHOOL OF BUSINESS ,NJ,07601-7197,Proprietary  ,40,213,253,50,268,318
01295400,HUDSON COUNTY COMMUNITY COLLEGE         ,NJ,07306-4012,Public       ,1464,1773,3237,2037,2447,4484
02053700,EASTWICK COLLEGE                        ,NJ,07446-0000,Proprietary  ,47,200,247,50,213,263
02061800,ROMAN ACADEMY OF BEAUTY CULTURE         ,NJ,07506-0000,Proprietary  ,3,2,5,7,4,11
02092300,HOHOKUS SCHOOL - RETS/NUTLEY            ,NJ,07110-0000,Proprietary  ,39,67,106,59,102,161
02103700,CAPRI INSTITUTE OF HAIR DESIGN          ,NJ,07652-0000,Proprietary  ,20,38,58,26,40,66
02104000,HARRIS SCHOOL OF BUSINESS               ,NJ,08002-2983,Proprietary  ,22,226,248,22,248,270
02131100,DU CRET SCHOOL OF THE ARTS              ,NJ,07060-0000,Private      ,1,2,3,5,2,7
02131600,PENNCO TECH                             ,NJ,08012-0000,Proprietary  ,133,157,290,149,162,311
02132300,BERDAN INSTITUTE                        ,NJ,07512-0000,Proprietary  ,63,84,147,65,89,154
02146800,JOE KUBERT SCH OF CARTOON & GRAPHIC     ,NJ,07801-0000,Proprietary  ,23,30,53,54,43,97
02149800,EMPIRE BEAUTY SCHOOL                    ,NJ,08021-0000,Proprietary  ,36,76,112,42,97,139
02149801,EMPIRE BEAUTY SCHOOL - BORDENTOWN       ,NJ,08505-1513,Proprietary  ,1,0,1,3,4,7
02154000,DIVERS ACAD OF EASTERN SEABOARD         ,NJ,08081-1139,Proprietary  ,25,27,52,31,37,68
02183600,CAPRI INSTITUTE OF HAIR DESIGN          ,NJ,07033-0000,Proprietary  ,18,31,49,24,32,56
02186700,HARRISON CAREER INSTITUTE               ,NJ,08075-0000,Proprietary  ,3,10,13,3,11,14
02186703,HARRISON CAREER INSTITUTE               ,NJ,08096-0000,Proprietary  ,4,21,25,5,23,28
02186707,HARRISON CAREER INSTITUTE               ,NJ,07079-0000,Proprietary  ,1,5,6,2,6,8
02186708,HARRISON CAREER INSTITUTE               ,NJ,07376-0000,Proprietary  ,4,19,23,7,28,35
02186709,HARRISON CAREER INSTITUTE               ,NJ,07011-0000,Proprietary  ,1,0,1,1,0,1
02192200,THOMAS EDISON STATE COLLEGE             ,NJ,08608-0000,Public       ,54,1005,1059,111,1673,1784
02219600,OMEGA INSTITUTE                         ,NJ,08109-0000,Proprietary  ,30,34,64,41,42,83
02223700,NEW HORIZON INST OF COSMETOLOGY         ,NJ,07093-0000,Proprietary  ,0,3,3,2,3,5
02223900,DRAKE COLLEGE OF BUSINESS               ,NJ,07201-0000,Proprietary  ,33,258,291,35,264,299
02232500,UNION COUNTY VOCATIONAL TECH INST       ,NJ,07076-0000,Public       ,12,8,20,18,18,36
02234600,SHORE BEAUTY SCHOOL                     ,NJ,08232-0000,Proprietary  ,3,6,9,4,6,10
02246000,ROSS UNIVERSITY - MEDICAL SCHOOL        ,NJ,08837-0000,Proprietary  ,2,665,667,8,2829,2837
02248600,COOPER HEALTH SYS-CTR ALLIED HEALTH     ,NJ,08103-0000,Private      ,12,26,38,22,40,62
02252700,CONCORDE SCHOOL OF HAIR DESIGN          ,NJ,07712-0000,Proprietary  ,19,38,57,22,38,60
02261800,EUROPEAN ACADEMY OF COSMETOLOGY         ,NJ,07083-0000,Proprietary  ,14,29,43,16,30,46
02265500,CAPRI INSTITUTE OF HAIR DESIGN          ,NJ,08724-0000,Proprietary  ,14,26,40,17,26,43
02277900,ROSS UNIV - SCH OF VETERINARY MED       ,NJ,08837-0000,Proprietary  ,1,112,113,1,762,763
02291000,LINCOLN TECHNICAL INSTITUTE             ,NJ,07080-2424,Proprietary  ,57,22,79,65,24,89
02301900,ALLIED MEDICAL AND TECHNICAL INSTITUTE  ,NJ,07470-3017,Proprietary  ,0,0,0,0,1,1
02312000,BERGEN COUNTY TECHNICAL SCHOOLS         ,NJ,07601-6110,Public       ,10,13,23,21,17,38
02344200,EMPIRE BEAUTY SCHOOL                    ,NJ,08002-0000,Proprietary  ,18,43,61,30,70,100
02503900,WARREN COUNTY COMMUNITY COLLEGE         ,NJ,07882-0000,Public       ,164,129,293,241,196,437
02523700,OCEAN COUNTY VOCATIONAL-TECH SCHOOL     ,NJ,08753-0000,Public       ,38,99,137,48,112,160
02525900,ARTISTIC ACADEMY OF HAIR DESIGN         ,NJ,07950-1409,Proprietary  ,29,19,48,34,24,58
02528200,REIGNBOW BEAUTY ACADEMY                 ,NJ,07060-0000,Proprietary  ,5,31,36,6,32,38
02539903,STAR TECHNICAL INSTITUTE-EGG HARBOR     ,NJ,08234-0000,Proprietary  ,8,43,51,9,59,68
02558700,PRISM CAREER INSTITUTE                  ,NJ,08037-0000,Proprietary  ,22,90,112,22,97,119
02558702,ACADEMY OF COMPUTER CAREERS             ,NJ,08080-0000,Proprietary  ,1,1,2,2,4,6
02568800,SUSSEX COUNTY COMMUNITY COLLEGE         ,NJ,07860-1149,Public       ,414,235,649,622,327,949
02586800,HARRISON CAREER INSTITUTE               ,NJ,08360-6210,Proprietary  ,7,20,27,7,20,27
02586801,HARRISON CAREER INSTITUTE               ,NJ,07755-0000,Proprietary  ,3,5,8,4,8,12
02586900,HARRIS SCHOOL OF BUSINESS               ,NJ,08084-1520,Proprietary  ,7,54,61,15,94,109
02586901,STAR TECHNICAL INSTITUTE - LAKEWOOD     ,NJ,08701-0000,Proprietary  ,22,87,109,31,137,168
02615401,STAR TECHNICAL INSTITUTE -              ,NJ,07102-4599,Proprietary  ,11,70,81,17,129,146
02616402,SANFORD-BROWN INSTITUTE - ISELIN        ,NJ,08830-0000,Proprietary  ,84,292,376,131,471,602
03077500,RABBI JACOB JOSEPH SCHOOL               ,NJ,08817-4494,Private      ,2,0,2,2,0,2
03085201,HARRISON CAREER INSTITUTE               ,NJ,08648-0000,Proprietary  ,3,8,11,3,9,12
03122600,EASTERN INTERNATIONAL COLLEGE           ,NJ,07306-3906,Proprietary  ,17,48,65,20,57,77
03187300,STENOTECH CAREER INSTITUTE              ,NJ,07004-3490,Proprietary  ,9,17,26,10,22,32
03197300,INSTITUTE FOR HEALTH EDUCATION(THE)     ,NJ,07306-2929,Proprietary  ,0,3,3,1,3,4
03324300,CENTRAL CAREER SCHOOL                   ,NJ,07080-2408,Proprietary  ,1,2,3,1,4,5
03389300,ACADEMY OF MASSAGE THERAPY              ,NJ,07631-0000,Proprietary  ,6,8,14,7,10,17
03424500,NEW COMMUNITY WORKFORCE DEVELOPMENT     ,NJ,07103-2402,Private      ,6,125,131,10,132,142
03530300,"KEY SKILLS LEARNING, INC.               ",NJ,07013-1900,Proprietary  ,1,3,4,1,6,7
03536300,INSTITUTE FOR THERAPEUTIC MASSAGE       ,NJ,07420-1452,Proprietary  ,8,48,56,11,59,70
03574400,CORTIVA INSTITUTE - SOMERSET SCHOOL OF M,NJ,08854-3908,Proprietary  ,6,17,23,7,20,27
03625300,PERFORMANCE TRAINING INSTITUTE          ,NJ,08753-0000,Proprietary  ,1,1,2,1,1,2
03629300,HELMA INSTITUTE OF MASSAGE THERAPY      ,NJ,07663-6200,Proprietary  ,1,1,2,1,1,2
03650600,PC AGE                                  ,NJ,07306-3936,Proprietary  ,3,13,16,3,13,16
03650603,PC AGE                                  ,NJ,08817-2842,Proprietary  ,1,9,10,3,12,15
03666300,SOMERSET CHRISTIAN COLLEGE              ,NJ,08890-9035,Private      ,5,32,37,10,46,56
03769300,PC TECH LEARNING CENTER                 ,NJ,07306-9900,Proprietary  ,1,15,16,3,18,21
03803300,HEALTHCARE TRAINING INSTITUTE           ,NJ,07083-3504,Proprietary  ,8,32,40,19,80,99
03811300,EASTERN SCHOOL OF ACUPUNCTURE AND TRADIT,NJ,07042-3562,Proprietary  ,3,9,12,4,19,23
        ,BROOKLYN LAW SCHOOL                     ,NY,11201-0000,Private      ,10,900,910,30,3039,3069
00266500,VAUGHN COLLEGE OF AERONAUTICS AND TECHNO,NY,11369-9997,Private      ,308,195,503,458,250,708
00266600,ADELPHI UNIVERSITY                      ,NY,11530-4299,Private      ,987,1346,2333,5004,2911,7915
00266700,DOWLING COLLEGE                         ,NY,11769-1999,Private      ,747,928,1675,1788,1475,3263
00266800,ALFRED UNIVERSITY                       ,NY,14802-1205,Private      ,428,137,565,2551,395,2946
00266900,BANK STREET COLLEGE OF EDUCATION        ,NY,10025-0000,Private      ,0,402,402,5,670,675
00267100,BARD COLLEGE                            ,NY,12504-5000,Private      ,221,78,299,2356,446,2802
00267800,BRYANT & STRATTON COLLEGE               ,NY,14203-1713,Proprietary  ,445,1362,1807,673,2702,3375
00267803,BRYANT & STRATTON COLLEGE - GREECE      ,NY,14606-4227,Proprietary  ,88,295,383,132,487,619
00267805,BRYANT & STRATTON COLLEGE - SYRACUSE    ,NY,13203-2502,Proprietary  ,203,380,583,383,886,1269
00267807,BRYANT & STRATTON COLLEGE - ALBANY      ,NY,12205-5230,Proprietary  ,88,161,249,125,357,482
00268100,CANISIUS COLLEGE                        ,NY,14208-1098,Private      ,1123,505,1628,3983,875,4858
00268500,CAZENOVIA COLLEGE                       ,NY,13035-1085,Private      ,226,27,253,1327,75,1402
00268700,CUNY-BROOKLYN COLLEGE                   ,NY,11210-2814,Public       ,3668,2670,6338,8785,4929,13714
00268800,CITY COLLEGE-CUNY                       ,NY,10031-9198,Public       ,3501,2045,5546,8329,3864,12193
00268900,CUNY-HUNTER COLLEGE                     ,NY,10021-0000,Public       ,5215,3636,8851,14037,7195,21232
00269000,QUEENS COLLEGE-CUNY                     ,NY,11367-1597,Public       ,3476,2237,5713,7734,3624,11358
00269100,CUNY- BOROUGH OF MANHATTAN CMTY CLG     ,NY,10007-1047,Public       ,4011,3478,7489,6785,5792,12577
00269200,CUNY BRONX COMMUNITY COLLEGE            ,NY,10453-3102,Public       ,2095,2329,4424,3280,3420,6700
00269300,CUNY-JOHN JAY CLG CRIMINAL JUSTICE      ,NY,10019-1093,Public       ,4067,2097,6164,7775,3602,11377
00269400,KINGSBOROUGH COMMUNITY COLLEGE          ,NY,11235-2398,Public       ,2325,1556,3881,3914,2416,6330
00269600,NY CITY COLLEGE OF TECHNOLOGY-CUNY      ,NY,11201-2983,Public       ,3565,2166,5731,6641,3836,10477
00269700,QUEENSBOROUGH COMMUNITY COLLEGE         ,NY,11364-1497,Public       ,2292,1282,3574,3584,1813,5397
00269800,CUNY THE COLLEGE OF STATEN ISLAND       ,NY,10314-6600,Public       ,2622,1222,3844,6051,2518,8569
00269900,CLARKSON UNIVERSITY                     ,NY,13699-5615,Private      ,549,83,632,3360,210,3570
00270000,COLGATE ROCHESTER CROZER DIVINITY S     ,NY,14620-0000,Private      ,1,33,34,3,53,56
00270100,COLGATE UNIVERSITY                      ,NY,13346-1386,Private      ,305,8,313,3507,38,3545
00270300,COLLEGE OF MOUNT SAINT VINCENT          ,NY,10471-1093,Private      ,542,115,657,1721,190,1911
00270400,COLLEGE OF NEW ROCHELLE                 ,NY,10805-2339,Private      ,392,3108,3500,929,3535,4464
00270500,COLLEGE OF SAINT ROSE                   ,NY,12203-1490,Private      ,836,775,1611,3546,1541,5087
00270700,COLUMBIA UNIVERSITY                     ,NY,10027-0000,Private      ,324,708,1032,2720,2332,5052
00270701,COLUMBIA UNIV ARCHITECTURE              ,NY,10027-0000,Private      ,8,130,138,35,660,695
00270702,COLUMBIA UNIV SCHOOL OF THE ARTS        ,NY,10027-0000,Private      ,9,222,231,45,962,1007
00270703,COLUMBIA UNIV BUSINESS GRAD             ,NY,10027-0000,Private      ,7,688,695,15,1299,1314
00270704,COLUMBIA UNIV SCHOOL ENGIN-UNDERGRA     ,NY,10027-0000,Private      ,328,15,343,1460,33,1493
00270705,COLUMBIA UNIV SCHOOL GENERAL STUDIE     ,NY,10027-0000,Private      ,92,409,501,229,752,981
00270706,COLUMBIA UNIV GRAD SCHL ARTS & SCI      ,NY,10027-0000,Private      ,6,345,351,25,1323,1348
00270707,COLUMBIA UNIV SCH INTL PUB AFFAIRS      ,NY,10027-0000,Private      ,1,174,175,5,1093,1098
00270708,COLUMBIA UNIV JOURNALISM GRAD           ,NY,10027-0000,Private      ,3,53,56,13,490,503
00270710,COLUMBIA UNIV COLUMBIA COLLEGE          ,NY,10027-0000,Private      ,928,49,977,6518,176,6694
00270711,COLUMBIA UNIV SCHOOL OF LAW             ,NY,10027-0000,Private      ,3,462,465,29,3152,3181
00270712,COLUMBIA UNIV SOCIAL WORK               ,NY,10025-0000,Private      ,3,91,94,12,839,851
00270713,COLUMBIA UNIV SCHL DENT & ORAL SURG     ,NY,10032-0000,Private      ,2,60,62,7,315,322
00270714,COLUMBIA UNIV INST HUMAN NUTRITION      ,NY,10032-0000,Private      ,0,29,29,2,45,47
00270715,COLUMBIA UNIV NURSING                   ,NY,10032-0000,Private      ,9,140,149,52,529,581
00270716,COLUMBIA UNIV COLL PHYS & SURGEONS      ,NY,10032-0000,Private      ,2,153,155,11,978,989
00270717,COLUMBIA UNIV PHYSICAL THERAPY          ,NY,10032-0000,Private      ,4,55,59,8,100,108
00270718,COLUMBIA UNIV OCCUPATIONAL THERAPY      ,NY,10032-0000,Private      ,0,38,38,3,68,71
00270719,COLUMBIA UNIV PUBLIC HEALTH             ,NY,10032-0000,Private      ,0,124,124,4,878,882
00270720,COLUMBIA UNIV - ENGINEERING (GRAD)      ,NY,10027-0000,Private      ,11,95,106,47,240,287
00270721,COLUMBIA UNIV-CONT ED & SP PROGMS       ,NY,10027-0000,Private      ,4,46,50,9,74,83
00270800,BARNARD COLLEGE-COLUMBIA UNIV           ,NY,10027-6598,Private      ,536,22,558,3249,75,3324
00270900,CONCORDIA COLLEGE                       ,NY,10708-1998,Private      ,194,57,251,639,96,735
00271000,COOPER UNION                            ,NY,10003-7120,Private      ,169,37,206,1156,93,1249
00271100,CORNELL UNIVERSITY                      ,NY,14853-2801,Private      ,3432,1052,4484,18301,4141,22442
00271101,WEILL CORNELL MEDICAL COLLEGE AND GRADUA,NY,10021-0000,Private      ,2,261,263,30,617,647
00271200,D'YOUVILLE COLLEGE                      ,NY,14201-1084,Private      ,422,506,928,1264,1002,2266
00271300,DOMINICAN COLLEGE                       ,NY,10962-1299,Private      ,521,257,778,1162,407,1569
00271800,ELMIRA COLLEGE                          ,NY,14901-2099,Private      ,356,206,562,1730,370,2100
00272200,FORDHAM UNIVERSITY                      ,NY,10458-5157,Private      ,2115,2124,4239,13524,6074,19598
00272206,MARYMOUNT COLLEGE                       ,NY,10591-3796,Private      ,92,49,141,253,97,350
00272600,GENERAL THEOLOGICAL SEMINARY            ,NY,10011-0000,Private      ,0,24,24,0,102,102
00272800,HAMILTON COLLEGE                        ,NY,13323-1218,Private      ,383,11,394,2124,26,2150
00272900,HARTWICK COLLEGE                        ,NY,13820-4020,Private      ,481,29,510,2314,62,2376
00273100,HOBART & WILLIAM SMITH COLLEGES         ,NY,14456-3397,Private      ,450,18,468,2440,47,2487
00273200,HOFSTRA UNIVERSITY                      ,NY,11549-1010,Private      ,2573,1727,4300,10200,4229,14429
00273400,HOUGHTON COLLEGE                        ,NY,14744-0128,Private      ,427,91,518,1445,144,1589
00273500,HILBERT COLLEGE                         ,NY,14075-1597,Private      ,269,126,395,677,239,916
00273700,IONA COLLEGE                            ,NY,10801-1890,Private      ,1491,379,1870,5032,693,5725
00273900,ITHACA COLLEGE                          ,NY,14850-7130,Private      ,920,173,1093,10102,572,10674
00274000,JEWISH THEOLOGICAL SEMINARY OF AMER     ,NY,10027-4649,Private      ,21,55,76,110,181,291
00274200,THE JUILLIARD SCHOOL                    ,NY,10023-6588,Private      ,80,66,146,962,543,1505
00274400,KEUKA COLLEGE                           ,NY,14478-0000,Private      ,306,231,537,1088,442,1530
00274800,LEMOYNE COLLEGE                         ,NY,13214-1399,Private      ,688,435,1123,3242,776,4018
00274900,NEW YORK COLLEGE OF PODIATRIC MED       ,NY,10035-0000,Private      ,6,132,138,24,312,336
00275100,LONG ISLAND UNIVERSITY                  ,NY,11548-1326,Private      ,1545,1445,2990,5737,2742,8479
00275115,LONG ISLAND UNIVERSITY - SOUTHAMPTON COL,NY,11968-4198,Private      ,18,36,54,53,42,95
00275116,LONG ISLAND UNIVERSITY - BROOKLYN       ,NY,11201-8423,Private      ,1452,1725,3177,4198,3203,7401
00275800,MANHATTAN COLLEGE                       ,NY,10471-4098,Private      ,721,94,815,4305,240,4545
00275900,MANHATTAN SCHOOL OF MUSIC               ,NY,10027-4698,Private      ,101,119,220,590,643,1233
00276000,MANHATTANVILLE COLLEGE                  ,NY,10577-2132,Private      ,364,347,711,2290,571,2861
00276300,MARIA COLLEGE                           ,NY,12208-1798,Private      ,56,249,305,101,468,569
00276500,MARIST COLLEGE                          ,NY,12601-1387,Private      ,1082,313,1395,6192,619,6811
00276900,MARYMOUNT MANHATTAN COLLEGE             ,NY,10021-4597,Private      ,409,68,477,2167,184,2351
00277200,MERCY COLLEGE                           ,NY,10522-1189,Private      ,841,2450,3291,1419,3567,4986
00277500,MOLLOY COLLEGE                          ,NY,11570-1100,Private      ,668,585,1253,1692,1128,2820
00277700,MEDAILLE COLLEGE                        ,NY,14214-2695,Private      ,328,478,806,994,908,1902
00277800,MOUNT SAINT MARY COLLEGE                ,NY,12550-3494,Private      ,326,267,593,1859,780,2639
00277900,NAZARETH COLLEGE OF ROCHESTER           ,NY,14618-3790,Private      ,560,620,1180,2522,1119,3641
00278200,NEW YORK INSTITUTE OF TECHNOLOGY        ,NY,11568-8000,Private      ,1458,1635,3093,3651,2874,6525
00278202,NY INSTITUTE OF TECHNOLOGY-OSTEOPATHIC M,NY,11568-0000,Private      ,1,649,650,5,1057,1062
00278300,NEW YORK LAW SCHOOL                     ,NY,10013-0000,Private      ,6,587,593,18,2611,2629
00278400,NEW YORK MEDICAL COLLEGE                ,NY,10595-0000,Private      ,2,776,778,7,1489,1496
00278500,NEW YORK UNIVERSITY                     ,NY,10012-1091,Private      ,2397,4586,6983,27933,19434,47367
00278800,NIAGARA UNIVERSITY                      ,NY,14109-2010,Private      ,768,249,1017,3491,513,4004
00279000,NYACK COLLEGE                           ,NY,10960-3698,Private      ,332,569,901,962,883,1845
00279100,PACE UNIVERSITY - NEW YORK              ,NY,10038-1598,Private      ,874,704,1578,5526,1910,7436
00279101,PACE UNIVERSITY-PLEASANTVILLE           ,NY,10570-0000,Private      ,500,221,721,2693,556,3249
00279102,PACE UNIVERSITY - WHITE PLAINS          ,NY,10603-0000,Private      ,28,449,477,142,1566,1708
00279500,PAUL SMITHS CLG OF ARTS & SCIENCES      ,NY,12970-0000,Private      ,286,52,338,878,111,989
00279600,POLYTECHNIC INTSTITUTE OF NEW YORK UNIV ,NY,11201-3840,Private      ,354,168,522,1448,306,1754
00279800,PRATT INSTITUTE                         ,NY,11205-3899,Private      ,577,509,1086,3601,1830,5431
00280300,RENSSELAER POLYTECHNIC INSTITUTE        ,NY,12180-3590,Private      ,1045,167,1212,6428,477,6905
00280500,ROBERTS WESLEYAN COLLEGE                ,NY,14624-1997,Private      ,340,409,749,1143,692,1835
00280600,ROCHESTER INSTITUTE OF TECHNOLOGY       ,NY,14623-5608,Private      ,2465,901,3366,10896,2106,13002
00280700,ROCKEFELLER UNIVERSITY                  ,NY,10021-0000,Private      ,1,2,3,6,13,19
00280800,DAEMEN COLLEGE                          ,NY,14226-3592,Private      ,503,297,800,1533,473,2006
00281000,THE SAGE COLLEGES                       ,NY,12180-4199,Private      ,401,569,970,1215,1161,2376
00281200,TROCAIRE COLLEGE                        ,NY,14220-2094,Private      ,192,412,604,335,815,1150
00281300,SARAH LAWRENCE COLLEGE                  ,NY,10708-5999,Private      ,113,113,226,1917,535,2452
00281400,SKIDMORE COLLEGE                        ,NY,12866-1632,Private      ,472,49,521,3284,92,3376
00281401,SKIDMORE COLL-UNIV WITHOUT WALLS        ,NY,12866-0000,Private      ,5,24,29,27,41,68
00281500,ST BERNARDS SCH THEOLOGY & MINISTRY     ,NY,14618-3822,Private      ,0,11,11,3,33,36
00281600,SIENA COLLEGE                           ,NY,12211-1462,Private      ,959,81,1040,3975,157,4132
00281700,ST BONAVENTURE UNIVERSITY               ,NY,14778-2284,Private      ,475,206,681,2036,378,2414
00282000,ST FRANCIS COLLEGE                      ,NY,11201-4398,Private      ,570,144,714,1457,238,1695
00282100,ST JOHN FISHER COLLEGE                  ,NY,14618-3597,Private      ,417,452,869,3881,1119,5000
00282200,CHRIST THE KING SEMINARY                ,NY,14052-0607,Private      ,0,3,3,0,4,4
00282300,ST JOHN'S UNIVERSITY                    ,NY,11439-1343,Private      ,4193,1662,5855,16649,4463,21112
00282500,ST JOSEPH'S COLLEGE                     ,NY,11205-3688,Private      ,245,186,431,750,313,1063
00282501,ST JOSEPH'S COLLEGE-SUFFOLK CAMPUS      ,NY,11772-0000,Private      ,822,380,1202,2087,714,2801
00282900,ST LAWRENCE UNIVERSITY                  ,NY,13617-1455,Private      ,549,51,600,2382,83,2465
00283200,ST THOMAS AQUINAS COLLEGE               ,NY,10976-1050,Private      ,498,95,593,1356,165,1521
00283300,ST VLADIMIR ORTHODOX THEOL SEM          ,NY,10707-0000,Private      ,0,14,14,1,26,27
00283500,SUNY AT ALBANY                          ,NY,12222-0001,Public       ,3979,1756,5735,14008,3659,17667
00283600,BINGHAMTON UNIVERSITY (SUNY)            ,NY,13902-6000,Public       ,2563,736,3299,15532,1986,17518
00283700,SUNY AT BUFFALO                         ,NY,14260-0001,Public       ,4125,2927,7052,17086,7548,24634
00283800,SUNY AT STONY BROOK                     ,NY,11794-0001,Public       ,3693,2053,5746,15418,4864,20282
00283900,SUNY-DOWNSTATE MEDICAL CENTER           ,NY,11203-2098,Public       ,48,345,393,118,1564,1682
00284000,SUNY UPSTATE MEDICAL UNIVERSITY         ,NY,13210-2375,Public       ,34,196,230,153,999,1152
00284100,SUNY BROCKPORT - FIN AID OFF            ,NY,14420-2914,Public       ,1897,931,2828,6988,1817,8805
00284200,BUFFALO STATE COLLEGE - SUNY            ,NY,14222-1095,Public       ,2947,1776,4723,8304,3180,11484
00284300,SUNY COLLEGE-CORTLAND                   ,NY,13045-0900,Public       ,1497,482,1979,8488,1240,9728
00284400,SUNY AT FREDONIA                        ,NY,14063-1145,Public       ,1454,331,1785,5726,681,6407
00284500,SUNY GENESEO                            ,NY,14454-1401,Public       ,923,193,1116,7240,496,7736
00284600,SUNY COLLEGE-NEW PALTZ                  ,NY,12561-2499,Public       ,1930,718,2648,7654,1493,9147
00284700,SUNY COLLEGE-ONEONTA                    ,NY,13820-4015,Public       ,1837,240,2077,8020,547,8567
00284800,SUNY OSWEGO                             ,NY,13126-3599,Public       ,2163,837,3000,7431,1688,9119
00284900,SUNY COLLEGE AT PLATTSBURGH             ,NY,12901-2681,Public       ,1515,491,2006,5436,1063,6499
00285000,SUNY COLLEGE-POTSDAM                    ,NY,13676-2294,Public       ,1007,393,1400,3525,728,4253
00285100,SUNY COLLEGE OF ENVIRONMENT SCIENCE AND ,NY,13210-2778,Public       ,272,112,384,1343,373,1716
00285300,SUNY MARITIME COLLEGE                   ,NY,10465-4198,Public       ,315,79,394,878,142,1020
00285400,SUNY COLLEGE OF TECHNOLOGY-ALFRED       ,NY,14802-9951,Public       ,1126,268,1394,2927,501,3428
00285500,SUNY CANTON COLG OF TECHNOLOGY          ,NY,13617-1098,Public       ,596,221,817,1971,594,2565
00285600,SUNY AG & TECH COLLEGE-COBLESKILL       ,NY,12043-9986,Public       ,892,148,1040,2387,276,2663
00285700,SUNY DELHI                              ,NY,13753-1190,Public       ,846,147,993,2209,315,2524
00285800,SUNY FARMINGDALE                        ,NY,11735-1021,Public       ,1281,537,1818,3242,960,4202
00285900,SUNY COLLEGE OF AG & TECH AT MORRISVILLE,NY,13408-0901,Public       ,1129,249,1378,2728,547,3275
00286000,ADIRONDACK COMMUNITY COLLEGE            ,NY,12804-2004,Public       ,554,405,959,1055,676,1731
00286100,CAYUGA COMMUNITY COLLEGE                ,NY,13021-3099,Public       ,631,511,1142,1066,876,1942
00286200,BROOME COMMUNITY COLLEGE                ,NY,13902-0000,Public       ,870,633,1503,2114,1354,3468
00286300,CORNING COMMUNITY COLLEGE               ,NY,14830-3297,Public       ,577,546,1123,1047,1002,2049
00286400,DUTCHESS COMMUNITY COLLEGE              ,NY,12601-1595,Public       ,697,485,1182,1242,747,1989
00286600,FASHION INSTITUTE OF TECHNOLOGY         ,NY,10001-5992,Public       ,1428,683,2111,5328,1788,7116
00286700,SUNY FULTON MONTGOMERY COMM CLG         ,NY,12095-3790,Public       ,348,292,640,555,452,1007
00286800,HUDSON VALLEY COMMUNITY COLLEGE         ,NY,12180-6096,Public       ,2055,1160,3215,3557,1792,5349
00286900,JAMESTOWN COMMUNITY COLLEGE             ,NY,14702-0020,Public       ,650,479,1129,1448,976,2424
00287000,JEFFERSON COMMUNITY COLLEGE             ,NY,13601-1897,Public       ,482,590,1072,871,929,1800
00287100,"SUNY, MOHAWK VALLEY COMMUNITY CLG       ",NY,13501-5394,Public       ,1144,648,1792,2273,1117,3390
00287200,MONROE COMMUNITY COLLEGE                ,NY,14623-5780,Public       ,2425,1992,4417,4797,3373,8170
00287300,NASSAU COMMUNITY COLLEGE                ,NY,11530-6793,Public       ,2423,1255,3678,4319,1933,6252
00287400,NIAGARA COUNTY COMMUNITY COLLEGE        ,NY,14132-9460,Public       ,1110,822,1932,2058,1596,3654
00287500,ONONDAGA COMMUNITY COLLEGE              ,NY,13215-4585,Public       ,1336,1031,2367,2591,1846,4437
00287600,ORANGE COUNTY COMMUNITY COLLEGE         ,NY,10940-6441,Public       ,734,593,1327,1257,958,2215
00287700,ROCKLAND COMMUNITY COLLEGE              ,NY,10901-3611,Public       ,530,467,997,853,603,1456
00287800,SUFFOLK COMMUNITY COLLEGE               ,NY,11784-2899,Public       ,1636,849,2485,2841,1329,4170
00287801,SUFFOLK COMMUNITY CLG-W. CAMPUS         ,NY,11717-0000,Public       ,789,636,1425,1259,960,2219
00287803,SUFFOLK COMMUNITY CLG-EASTRN CAMPUS     ,NY,11901-0000,Public       ,233,225,458,394,323,717
00287900,SULLIVAN COUNTY COMMUNITY COLLEGE       ,NY,12759-5151,Public       ,427,175,602,751,284,1035
00288000,ULSTER COUNTY COMMUNITY COLLEGE         ,NY,12484-0557,Public       ,380,259,639,621,356,977
00288100,SUNY WESTCHESTER COMMUNITY COLLEGE      ,NY,10595-1698,Public       ,1088,947,2035,1804,1415,3219
00288200,SYRACUSE UNIVERSITY                     ,NY,13244-2130,Private      ,2102,1165,3267,15007,4791,19798
00288300,UTICA COLLEGE OF SYRACUSE UNIV          ,NY,13502-4892,Private      ,524,354,878,2524,768,3292
00288500,ALBANY COLLEGE OF PHARMACY AND HEALTH SC,NY,12208-3492,Private      ,75,48,123,1264,547,1811
00288600,ALBANY LAW SCHOOL                       ,NY,12208-0000,Private      ,3,403,406,27,1248,1275
00288700,ALBANY MEDICAL COLLEGE                  ,NY,12208-0000,Private      ,1,175,176,19,805,824
00288900,UNION COLLEGE                           ,NY,12308-2311,Private      ,178,30,208,2521,81,2602
00289000,UNION THEOLOGICAL SEMINARY              ,NY,10027-0000,Private      ,0,77,77,0,268,268
00289200,UNITED STATES MERCHANT MARINE ACADEMY   ,NY,11024-1699,Public       ,131,6,137,304,8,312
00289400,UNIVERSITY OF ROCHESTER                 ,NY,14627-9000,Private      ,1090,485,1575,6065,1044,7109
00289401,EASTMAN SCH OF MUSIC/UNIV ROCHESTER     ,NY,14604-0000,Private      ,116,97,213,734,355,1089
00289402,UNIV OF ROCHESTER SCHL OF MEDICINE      ,NY,14642-0000,Private      ,8,279,287,36,641,677
00289500,VASSAR COLLEGE                          ,NY,12604-0008,Private      ,638,19,657,3330,51,3381
00289600,VILLA MARIA COLLEGE-BUFFALO             ,NY,14225-3999,Private      ,162,105,267,285,164,449
00289900,WAGNER COLLEGE                          ,NY,10301-4495,Private      ,474,83,557,2343,182,2525
00290000,WEBB INSTITUTE                          ,NY,11542-1398,Private      ,6,0,6,48,0,48
00290100,WELLS COLLEGE                           ,NY,13026-0500,Private      ,148,23,171,726,57,783
00290300,YESHIVA UNIVERSITY                      ,NY,10033-3201,Private      ,679,806,1485,1379,2337,3716
00290302,YESHIVA UNIVERSITY - BRONX CAMPUS       ,NY,10461-1975,Private      ,2,435,437,7,951,958
00397400,MESIVTHA TIFERETH JERUSALEM OF AMER     ,NY,10002-6382,Private      ,0,0,0,1,0,1
00397600,RABBINICAL ACAD MESIVTA RABBI CHAIM     ,NY,11230-4715,Private      ,1,0,1,3,0,3
00397700,RABBINICAL COLLEGE CH'SAN SOFER         ,NY,11204-1252,Private      ,2,0,2,3,0,3
00397800,RABBINICAL SEMINARY OF AMERICA          ,NY,11375-0000,Private      ,3,4,7,7,4,11
00397900,COLUMBIA UNIV TEACHERS COLLEGE          ,NY,10027-0000,Private      ,3,1054,1057,18,3024,3042
00405400,HEBREW UNION COL-JEWISH INST OF REL     ,NY,10012-0000,Private      ,1,72,73,1,87,88
00455301,ITT TECHNICAL INSTITUTE                 ,NY,12205-0000,Proprietary  ,144,240,384,193,321,514
00475900,"CUNY, YORK COLLEGE                      ",NY,11451-0001,Public       ,1813,1245,3058,3595,2051,5646
00476500,CUNY GRADUATE SCH & UNIV CTR            ,NY,10016-0000,Public       ,14,533,547,35,1393,1428
00477600,CENTRAL YESHIVA TOMCHEI TMIMIM LUBA     ,NY,11230-2798,Private      ,3,0,3,7,0,7
00478800,HERKIMER COUNTY COMMUNITY COLLEGE       ,NY,13350-1598,Public       ,747,314,1061,1554,577,2131
00479800,MIRRER YESHIVA CENTRAL INST             ,NY,11223-2010,Private      ,7,25,32,7,25,32
00479900,MONROE COLLEGE                          ,NY,10468-4305,Proprietary  ,967,1579,2546,1744,3268,5012
00481100,EVEREST INSTITUTE                       ,NY,14621-3007,Proprietary  ,134,673,807,279,1627,1906
00482500,TAYLOR BUSINESS INSTITUTE               ,NY,10011-5501,Proprietary  ,320,280,600,487,456,943
00506401,ST JAMES MERCY HOSP SCH OF RAD          ,NY,14843-2197,Private      ,12,9,21,17,16,33
00506600,FAXTON ST. LUKE'S SCHOOL OF RADIOGRAPHY ,NY,13502-4856,Private      ,9,7,16,19,12,31
00520800,THE COLLEGE OF WESTCHESTER              ,NY,10602-0000,Proprietary  ,245,278,523,395,347,742
00587700,ROBERT J HOCHSTIM SCHOOL OF RADIOG      ,NY,11572-1151,Private      ,0,3,3,0,8,8
00643501,ARNOT OGDEN MEDICAL CENTER              ,NY,14905-1676,Private      ,12,14,26,21,24,45
00643800,PHILLIPS BETH ISRAEL SCH OF NURSING     ,NY,10001-6354,Private      ,29,93,122,58,160,218
00644300,COCHRAN SCH NSG-ST JOHN RVSDE HOSP      ,NY,10701-1399,Private      ,29,174,203,44,215,259
00644500,CROUSE HOSP SCH OF NURSING              ,NY,13210-1690,Private      ,47,78,125,100,136,236
00644800,ELLIS HOSPITAL SCHOOL OF NURSING        ,NY,12308-0000,Private      ,9,53,62,13,82,95
00646101,ST ELIZABETH COLLEGE OF NURSING         ,NY,13501-2998,Private      ,61,107,168,87,140,227
00646102,ST ELIZABETH SCH OF RADIOGRAPHY         ,NY,13501-0000,Private      ,2,8,10,10,9,19
00646700,SAINT JOSEPH'S COLLEGE OF NURSING       ,NY,13203-1806,Private      ,69,134,203,137,214,351
00678200,GENESEE COMMUNITY COLLEGE               ,NY,14020-9704,Public       ,886,598,1484,1636,1025,2661
00678500,SCHENECTADY COUNTY COMMUNITY CLG        ,NY,12305-2294,Public       ,524,547,1071,880,802,1682
00678700,CLINTON COMMUNITY COLLEGE               ,NY,12901-5690,Public       ,416,247,663,765,431,1196
00678800,TOMPKINS CORTLAND COMMUNITY COLLEGE     ,NY,13053-8504,Public       ,713,416,1129,1326,702,2028
00678900,COLUMBIA-GREENE COMMUNITY COLLEGE       ,NY,12534-9543,Public       ,294,177,471,571,365,936
00679100,SUNY AT PURCHASE                        ,NY,10577-1400,Public       ,1006,260,1266,4487,612,5099
00702200,CUNY-LEHMAN COLLEGE                     ,NY,10468-1589,Public       ,2783,2484,5267,6192,4132,10324
00702600,"MT SINAI SCH OF MEDICINE, NY UNIV       ",NY,10029-0000,Private      ,1,356,357,4,834,838
00710900,SUNY COLLEGE-OLD WESTBURY               ,NY,11568-0210,Public       ,1206,536,1742,3094,867,3961
00711100,NORTH COUNTRY COMMUNITY COLLEGE         ,NY,12983-2046,Public       ,237,174,411,477,307,784
00726400,MESIFTA TORAH VODAATH RABBINCAL SEM     ,NY,11218-5209,Private      ,0,1,1,1,1,2
00727300,CUNY-BERNARD BARUCH COLLEGE             ,NY,10010-5518,Public       ,3811,2165,5976,10358,4062,14420
00730400,CULINARY INSTITUTE OF AMERICA           ,NY,12538-1499,Private      ,770,372,1142,1994,813,2807
00737200,AUSTIN'S SCHOOL OF SPA TECHNOLOGY       ,NY,12206-1513,Proprietary  ,2,0,2,4,3,7
00737500,ISLAND DRAFTING & TECHNICAL INST        ,NY,11701-2704,Proprietary  ,38,34,72,57,53,110
00738700,LONG ISLAND BEAUTY SCHOOL               ,NY,11788-4346,Proprietary  ,19,28,47,21,29,50
00738800,LONG ISLAND BEAUTY SCHOOL               ,NY,11550-3704,Proprietary  ,7,18,25,7,19,26
00739100,BEAUTY SCHOOL OF MIDDLETOWN             ,NY,10940-6574,Proprietary  ,13,30,43,14,35,49
00739400,BERKELEY COLLEGE                        ,NY,10017-0000,Proprietary  ,734,638,1372,1303,901,2204
00739402,BERKELEY COLLEGE-WESTCHESTER CAMPUS     ,NY,10601-1533,Proprietary  ,285,90,375,487,138,625
00739800,KATHARINE GIBBS SCHOOL                  ,NY,10018-2602,Proprietary  ,775,1109,1884,1282,1990,3272
00740100,MANDL SCHOOL                            ,NY,10019-5516,Proprietary  ,35,264,299,36,271,307
00740500,WOOD TOBE-COBURN SCHOOL                 ,NY,10016-0102,Proprietary  ,322,46,368,375,50,425
00746500,AMERICAN ACADEMY OF DRAMATIC ARTS       ,NY,10016-7089,Private      ,100,46,146,273,95,368
00746600,LIM COLLEGE                             ,NY,10022-5268,Proprietary  ,350,30,380,794,66,860
00746800,SCHOOL OF VISUAL ARTS                   ,NY,10010-3994,Proprietary  ,768,345,1113,2873,1029,3902
00751800,APEX TECHNICAL SCHOOL                   ,NY,10011-2008,Proprietary  ,183,427,610,236,548,784
00752200,CONTINENTAL SCH OF BEAUTY CULTURE       ,NY,14623-3231,Proprietary  ,17,44,61,19,46,65
00753200,FINGER LAKES COMMUNITY COLLEGE          ,NY,14424-8395,Public       ,773,552,1325,1578,968,2546
00757200,AMERICAN MUSICAL AND DRAMATIC ACAD      ,NY,10023-2106,Private      ,469,80,549,1090,171,1261
00757300,EMPIRE BEAUTY SCHOOL                    ,NY,11103-4028,Proprietary  ,17,31,48,29,69,98
00780400,CAREER ACADEMY OF NEW YORK              ,NY,10011-7307,Proprietary  ,29,95,124,59,131,190
00818900,CONTINENTAL SCH OF BEAUTY CULTURE       ,NY,14223-0000,Proprietary  ,3,3,6,8,3,11
00818902,CONTINENTAL SCHOOL OF BEAUTY CULTURE  - ,NY,14224-3402,Proprietary  ,2,3,5,2,7,9
00843500,INTERBORO INSTITUTE                     ,NY,10019-3604,Proprietary  ,799,1353,2152,858,1472,2330
00843700,CHAMPLAIN VALLEY - TEC/PRN              ,NY,12901-0000,Public       ,2,4,6,4,8,12
00849500,JAMESTOWN BUSINESS COLLEGE              ,NY,14702-0429,Proprietary  ,62,92,154,104,149,253
00861100,"CUNY, HOSTOS CMTY COLLEGE               ",NY,10451-1499,Public       ,940,1282,2222,1548,2086,3634
00878800,SUNY-STUDENT LOAN SERVICE CENTER        ,NY,12144-3440,Public       ,36,41,77,108,79,187
00900300,OLEAN BUSINESS INSTITUTE INC            ,NY,14760-2691,Proprietary  ,9,19,28,18,39,57
00902900,NEIGHBORHOOD PLAYHOUSE                  ,NY,10022-5017,Private      ,14,5,19,26,11,37
00904300,ELMIRA BUSINESS INSTITUTE               ,NY,14901-2731,Proprietary  ,89,627,716,96,637,733
00907700,UTICA SCHOOL OF COMMERCE                ,NY,13501-2280,Proprietary  ,73,143,216,95,177,272
00924800,SAMARITAN HOSPITAL SCH NURSING          ,NY,12180-2475,Private      ,19,58,77,33,110,143
00928300,MIDWAY-PARIS BEAUTY SCHOOL              ,NY,11385-3453,Proprietary  ,2,2,4,2,3,5
00928400,LEARNING INST FOR BEAUTY SCIENCES       ,NY,11756-1345,Proprietary  ,17,42,59,17,42,59
00947900,SAINT VINCENTS CMC SI NURSING SCHOOL    ,NY,10304-3850,Proprietary  ,15,39,54,22,55,77
00947901,SAINT VINCENTS CMC SI PHYS ASSIST PROG  ,NY,10304-3850,Proprietary  ,0,2,2,1,3,4
00976900,METROPOLITAN COLLEGE OF NEW YORK        ,NY,10013-1919,Private      ,80,615,695,119,1213,1332
00992900,SUNY COLLEGE OF OPTOMETRY               ,NY,10036-8003,Public       ,2,65,67,12,318,330
01005100,LA GUARDIA CMTY COLLEGE - CUNY          ,NY,11101-3083,Public       ,1873,1717,3590,3248,2926,6174
01005200,JEFFERSON-LEWIS BOCES PRAC NRSGPRG      ,NY,13601-9509,Public       ,6,20,26,8,30,38
01009700,CUNY-MEDGAR W EVERS COLLEGE             ,NY,11225-2010,Public       ,942,1327,2269,1730,2131,3861
01014200,TOURO COLLEGE                           ,NY,10010-4202,Private      ,1084,4140,5224,1397,5921,7318
01014700,WESTERN SUFFOLK BOCES                   ,NY,11768-3499,Public       ,18,58,76,26,84,110
01015300,HELENE FULD COL OF NRSNG/N GEN HOSP     ,NY,10035-0000,Private      ,0,100,100,2,137,139
01028600,EMPIRE STATE COLLEGE                    ,NY,12866-4391,Public       ,169,2370,2539,292,5533,5825
01055100,NEW YORK SCH MED & DENTAL ASSISTANT     ,NY,11101-2327,Proprietary  ,29,81,110,38,127,165
01064100,SOUTHERN WESTCHESTER BOCES              ,NY,10543-0000,Public       ,1,25,26,3,30,33
01068400,ERIE COMMUNITY COLLEGE-ALL CAMPUSES     ,NY,14203-2698,Public       ,2700,2464,5164,4175,3563,7738
01081300,AMERICAN ACAD MCALLISTER INST           ,NY,10019-3604,Private      ,26,58,84,39,98,137
01083700,SIMMONS INST OF FUNERAL SERVICE         ,NY,13207-2098,Proprietary  ,9,22,31,19,34,53
01093000,SUBURBAN TECHNICAL SCHOOL               ,NY,11550-3771,Proprietary  ,13,44,57,15,49,64
01095200,PNW BOCES LPN PROGRAM                   ,NY,10598-0000,Public       ,2,15,17,3,23,26
01103100,TECHNICAL CAREER INSTITUTE              ,NY,10001-2789,Proprietary  ,718,1298,2016,917,1834,2751
01118900,UNITED TALMUDICAL SEMINARY              ,NY,11211-7984,Private      ,2,14,16,2,14,16
01119200,BETH HAMEDRASH SHAAREI YOSHER INST      ,NY,11204-1052,Private      ,0,1,1,0,1,1
01161400,CHAMPLAIN VALLEY HOSP SCH RAD TECH      ,NY,12901-1490,Private      ,1,4,5,16,7,23
01164700,SBI CAMPUS - AN AFFILIATE OF SANFORD-BRO,NY,11747-3785,Proprietary  ,155,231,386,233,362,595
01167700,MEMORIAL SLOAN KETTERING CANCER CTR     ,NY,10021-6094,Private      ,0,2,2,3,4,7
01167800,SUNY INST OF TECHNOLOGY UTICA ROME      ,NY,13504-3050,Public       ,379,377,756,1008,588,1596
01183000,BERK TRADE AND BUSINESS SCHOOL          ,NY,11101-0000,Proprietary  ,5,39,44,9,42,51
01185900,WORD OF LIFE BIBLE INSTITUTE            ,NY,12860-0129,Private      ,151,21,172,325,43,368
01186000,MERCY MED CNTR SCHL OF RADIOGRAPHY      ,NY,11570-1098,Private      ,0,0,0,0,2,2
01192100,WESTCHESTER SCH OF BEAUTY CULTURE       ,NY,10550-2295,Proprietary  ,1,3,4,3,4,7
01192200,BETH HATALMUD RABBINICAL CLG            ,NY,11214-2594,Private      ,0,1,1,0,1,1
01201100,TALMUDICAL SEM OHOLEI TORAH             ,NY,11213-3310,Private      ,1,0,1,4,0,4
01207200,PHILLIPS HAIRSTYLING INSTITUTE          ,NY,13210-1509,Proprietary  ,21,39,60,25,55,80
01210700,INSTITUTE OF DESIGN & CONSTRUCTION      ,NY,11201-5380,Private      ,4,13,17,11,23,34
01220300,MEMORIAL HOSPITAL SCH OF NURSING        ,NY,12204-1083,Private      ,15,50,65,26,102,128
01227700,NEW YORK CHIROPRACTIC COLLEGE           ,NY,13148-0800,Private      ,5,205,210,8,565,573
01229300,VEEB NASSAU CNTY SCHL OF PRACT NURS     ,NY,11553-3037,Public       ,15,66,81,25,80,105
01235800,PLAZA COLLEGE                           ,NY,11372-6300,Proprietary  ,149,234,383,152,240,392
01236400,SAINT VINCENTS CATHOLIC MEDICAL CENTERS ,NY,11354-0000,Proprietary  ,19,67,86,32,98,130
01240700,SCHUYLER-CHEMUNG-TIOGA BOCES            ,NY,14903-1089,Public       ,9,62,71,10,72,82
01240701,STEUBEN SCHUYLER CHEMUNG TIOGA ALLEGANY ,NY,14870-9518,Public       ,9,72,81,10,77,87
01256100,FIVE TOWNS COLLEGE                      ,NY,11746-5871,Proprietary  ,405,86,491,1045,160,1205
01258900,ERIE 1 BOCES                            ,NY,14224-0000,Public       ,9,43,52,10,50,60
01265200,ONONDAGA CORTLAND MADISON BOCES         ,NY,13090-4500,Public       ,28,94,122,52,137,189
01278300,OSWEGO COUNTY BOCES ADULT CAREERS       ,NY,13114-4498,Public       ,13,23,36,21,41,62
01292700,CENTRAL TECH NURSING PROGRAM            ,NY,13202-3092,Public       ,3,29,32,5,35,40
01302900,BORICUA COLLEGE                         ,NY,10032-1599,Private      ,124,490,614,138,533,671
02056400,CAPRI COSMETOLOGY LEARNING CENTER       ,NY,10954-0000,Proprietary  ,9,13,22,12,16,28
02066200,THE NEW SCHOOL                          ,NY,10011-0000,Private      ,781,1246,2027,3405,3731,7136
02069000,NEW YORK SCHOOL OF INTERIOR DESIGN      ,NY,10021-0000,Private      ,53,86,139,135,158,293
02075700,BRIARCLIFFE COLLEGE                     ,NY,11714-0000,Proprietary  ,373,231,604,1121,704,1825
02075702,BRIARCLIFFE COLLEGE - PATCHOGUE         ,NY,11772-3019,Proprietary  ,199,117,316,672,525,1197
02092400,RIDLEY-LOWELL SCHOOL OF BUSINESS        ,NY,13905-0000,Proprietary  ,9,42,51,10,46,56
02093700,LONG ISLAND BUSINESS INSTITUTE          ,NY,11725-0000,Proprietary  ,123,486,609,156,573,729
02098400,HERKIMER COUNTY BOCES                   ,NY,13350-0000,Public       ,15,30,45,22,39,61
02104300,OTSEGO AREA SCHOOL OF PRAC NURSING      ,NY,13820-0000,Public       ,5,10,15,11,16,27
02105900,HAIR DESIGN INSTITUTE AT FIFTH AVE      ,NY,11220-0000,Proprietary  ,11,25,36,13,26,39
02106800,BRAMSON ORT COLLEGE                     ,NY,11375-0000,Private      ,92,229,321,94,231,325
02110900,CATTARAUGUS/ALLEGANY BOCES              ,NY,14760-0000,Public       ,13,48,61,14,55,69
02116011,SANFORD-BROWN INSTITUTE - NEW YORK      ,NY,10003-2103,Proprietary  ,15,29,44,28,54,82
02118700,LONG ISLAND COLLEGE HOSPITAL - SCHOOL OF,NY,11201-6001,Private      ,25,71,96,38,121,159
02118702,LONG ISLAND COLLEGE HOSPITAL - SCHOOL OF,NY,11201-6001,Private      ,2,9,11,8,13,21
02124000,ORANGE ULSTER BOCES SCH OF PRAC NRS     ,NY,10924-9401,Public       ,5,46,51,8,56,64
02125500,CIRCLE IN THE SQUARE THEATRE SCHOOL     ,NY,10019-0000,Private      ,22,23,45,46,44,90
02126300,MADISON-ONEIDA BOCES PRAC NRS           ,NY,13478-0000,Public       ,4,53,57,5,57,62
02138500,BOCES RENSSELAER SCH OF PRAC NRSG       ,NY,12033-3221,Public       ,3,27,30,6,59,65
02145800,CAYUGA ONONDAGA BOCES                   ,NY,13021-9430,Public       ,8,39,47,13,51,64
02146000,WAYNE-FINGER LAKES BOCES                ,NY,14513-0000,Public       ,9,41,50,9,41,50
02153600,BROOME-TIOGA BOCES PN PROG              ,NY,13905-0000,Public       ,9,15,24,14,26,40
02157900,ROCHESTER GENERAL HOSPITAL              ,NY,14621-3001,Private      ,7,41,48,15,67,82
02158200,WSHNGTN-SARTGA-WARN-HMLTN-ESX BOCES     ,NY,12839-1051,Public       ,2,6,8,3,8,11
02160100,GENEVA GENERAL HOSPITAL                 ,NY,14456-0000,Private      ,8,15,23,12,31,43
02163400,NEW YORK CAREER INSTITUTE               ,NY,10007-2801,Proprietary  ,80,242,322,96,294,390
02169100,DAVIS COLLEGE                           ,NY,13790-0000,Private      ,60,31,91,103,44,147
02170000,SWEDISH INSTITUTE                       ,NY,10001-0000,Proprietary  ,25,167,192,51,414,465
02170200,ALBANY SCHOHARIE SCHENECTADY            ,NY,12205-0000,Public       ,5,39,44,8,45,53
02171900,AILEY SCHOOL (THE)                      ,NY,10019-4402,Private      ,16,8,24,52,13,65
02172100,HAMILTON-FULTON-MONTGOMERY BOCES        ,NY,12095-0000,Public       ,7,6,13,15,7,22
02172800,DUTCHESS COUNTY BOCES SCH PRAC NURS     ,NY,12601-0000,Public       ,7,45,52,14,53,67
02173200,EMPIRE BEAUTY SCHOOL                    ,NY,10001-0000,Proprietary  ,95,236,331,122,326,448
02173900,ULSTER COUNTY BOCES PRACTICAL NRSG      ,NY,12466-0000,Public       ,7,48,55,11,62,73
02176000,CHERYL FELL'S SCHOOL OF BUSINESS        ,NY,14304-0000,Proprietary  ,2,17,19,2,17,19
02179400,EASTERN SUFFOLK BOCES                   ,NY,11713-0000,Public       ,49,162,211,59,209,268
02182200,NEW SCHOOL OF RADIO & TELEVISION        ,NY,12206-1106,Proprietary  ,2,4,6,2,4,6
02191600,TORAH TEMIMAH TALMUDICAL SEMINARY       ,NY,11218-0000,Private      ,1,1,2,1,1,2
02192500,BELLEVUE HOSP CTR SCH RAD TECH          ,NY,10016-0000,Public       ,5,5,10,7,8,15
02193700,SAINT LAWRENCE LEWIS COUNTY BOCES       ,NY,13617-0000,Public       ,7,37,44,52,39,91
02193701,SAINT LAWRENCE LEWIS COUNTY BOCES - NORT,NY,13669-0798,Public       ,1,1,2,1,2,3
02193702,SAINT LAWRENCE LEWIS COUNTY BOCES - SOUT,NY,13642-0342,Public       ,1,1,2,1,1,2
02193703,SAINT LAWRENCE LEWIS COUNTY BOCES - ADUL,NY,13668-3238,Public       ,0,4,4,0,4,4
02199300,ORLEANS-NIAGARA BOCES                   ,NY,14132-0000,Public       ,2,21,23,3,24,27
02206000,HUNTER BUSINESS SCHOOL                  ,NY,11756-0000,Proprietary  ,34,118,152,72,152,224
02217800,D.HOPFER SCH NURSING AT MT.VRN HOSP     ,NY,10550-0000,Private      ,12,139,151,23,172,195
02219500,MILDRED ELLEY                           ,NY,12206-1513,Proprietary  ,52,187,239,76,344,420
02235600,ERIE 2-CHAUTAUQUA-CATTARAUGUS BOCES     ,NY,14006-0000,Public       ,1,46,47,2,66,68
02248700,BUFFALO VOC TECH CTR PRAC NRSG PROG     ,NY,14211-0000,Public       ,2,0,2,6,3,9
02256700,KOL YAAKOV TORAH CENTER                 ,NY,10952-0000,Private      ,1,0,1,2,0,2
02265100,YESHIVA DERECH CHAIM                    ,NY,11218-0000,Private      ,0,1,1,0,1,1
02265200,GLOBAL BUSINESS INSTITUTE               ,NY,11691-0000,Private      ,81,330,411,102,433,535
02272900,ROCKLAND COUNTY BOCES PRAC NRSG SCH     ,NY,10994-0000,Public       ,4,20,24,5,22,27
02275900,"MODERN WELDING SCHOOL, INC.             ",NY,12304-0000,Proprietary  ,12,28,40,16,29,45
02287800,NATIONAL TRACTOR TRAILER SCHOOL         ,NY,13088-2505,Proprietary  ,3,31,34,5,32,37
02294900,INSTITUTE OF AUDIO RESEARCH             ,NY,10003-0000,Proprietary  ,131,115,246,200,186,386
02306500,PROFESSIONAL BUSINESS INSTITUTE         ,NY,10002-0000,Private      ,172,219,391,206,324,530
02314200,NORTHERN WESTCHESTER SCH COSMETOL       ,NY,10566-0000,Proprietary  ,0,1,1,2,1,3
02320100,OHR SOMAYACH TANENBAUM EDUCATIONAL CENTE,NY,10952-0000,Private      ,1,0,1,1,1,2
02325600,NEW YORK INSTITUTE OF ENGLISH & BUS     ,NY,10001-0000,Private      ,21,144,165,33,174,207
02332300,FEGS TRADES AND BUSINESS SCHOOL         ,NY,10013-0000,Private      ,0,0,0,0,1,1
02348700,CAREER BLAZERS LEARNING CENTER          ,NY,10017-0000,Proprietary  ,17,105,122,26,162,188
02454300,NEW YORK UNIVERSITY SCHOOL OF MEDICINE  ,NY,10016-6497,Private      ,26,340,366,133,891,1024
02491400,SPANISH AMERICAN INSTITUTE              ,NY,10036-0000,Private      ,1,9,10,1,11,12
02505800,YESHIVA KARLIN STOLIN RAB INSTITUTE     ,NY,11204-0000,Private      ,0,0,0,0,1,1
02505900,SH-OR YOSHUV RABBINICAL COLLEGE         ,NY,11691-0000,Private      ,0,0,0,1,0,1
02506000,ASSOCIATED BETH RIVKAH SCHOOLS          ,NY,11225-0000,Private      ,4,0,4,7,0,7
02506100,CITY UNIV OF NEW YORK-CENTRAL           ,NY,10021-0000,Public       ,115,75,190,389,188,577
02506200,MERCE CUNNINGHAM STUDIO                 ,NY,10014-0000,Private      ,0,0,0,0,1,1
02506800,YESHIVAT MIKDASH MELECH                 ,NY,11230-0000,Private      ,6,3,9,6,3,9
02511500,JOFFREY BALLET SCHOOL                   ,NY,10011-0000,Proprietary  ,4,0,4,8,1,9
02513500,MAR JON SCHOOL OF BEAUTY CULTURE        ,NY,14150-0000,Proprietary  ,6,15,21,12,28,40
02525600,ART INSTITUTE OF NEW YORK CITY (THE)    ,NY,10013-2429,Proprietary  ,655,511,1166,1001,730,1731
02540800,"GLOBE INSTITUTE OF TECHNOLOGY, INC.     ",NY,10007-0000,Proprietary  ,157,555,712,194,781,975
02546000,TRI-STATE COLLEGE OF ACUPUNCTURE        ,NY,10011-0000,Proprietary  ,1,54,55,2,64,66
02556700,SEMINAR L'MOROS BAIS YAAKOV             ,NY,11219-0000,Private      ,5,0,5,8,0,8
02572900,BUSINESS INFORMATICS CENTER             ,NY,11580-0000,Proprietary  ,0,11,11,1,14,15
02575400,FRENCH CULINARY INSTITUTE               ,NY,10013-2618,Proprietary  ,53,109,162,133,185,318
02587600,ORLO SCH HAIR DESIGN & COSMETOLOGY      ,NY,12206-1723,Proprietary  ,10,15,25,11,16,27
02599400,NEW YORK COLLEGE OF HEALTH PROFESSIONS  ,NY,11791-4413,Private      ,51,162,213,104,459,563
02600100,NEW YORK ACADEMY OF ART (THE)           ,NY,10013-2911,Private      ,3,46,49,3,84,87
02614900,SANFORD-BROWN INSTITUTE                 ,NY,10604-2910,Proprietary  ,63,239,302,95,383,478
02615001,SANFORD-BROWN INSTITUTE - GARDEN CITY   ,NY,11530-4734,Proprietary  ,1,5,6,2,9,11
02616600,SHEAR EGO INTL SCH OF HAIR DESIGN       ,NY,14617-3501,Proprietary  ,6,10,16,8,14,22
02617000,CONTINENTAL SCH OF BEAUTY CULTURE       ,NY,14020-1908,Proprietary  ,12,5,17,12,7,19
02617001,CONTINENTAL SCHOOL OF BEAUTY CULTURE - O,NY,14760-2618,Proprietary  ,3,0,3,3,1,4
02622900,BAIS MEDRASH ELYON                      ,NY,10952-3013,Private      ,0,0,0,1,0,1
03000100,YESHIVA GEDOLAH IMREI YOSEF DSPINKA     ,NY,11219-4696,Private      ,0,1,1,0,1,1
03007200,DANCE THEATRE OF HARLEM                 ,NY,10031-0000,Private      ,2,1,3,7,2,9
03027701,PACIFIC COLLEGE OF ORIENTAL MEDICINE - N,NY,10010-7108,Proprietary  ,1,64,65,5,117,122
03081600,DELAWARE CHENANGO MADISON OT. BOCES     ,NY,13815-9554,Public       ,2,9,11,4,9,13
03088500,NEW YORK INTERNATIONAL BEAUTY SCH       ,NY,10019-0000,Proprietary  ,14,105,119,17,108,125
03089700,COMPUTER CAREER CENTER                  ,NY,11530-3334,Proprietary  ,58,210,268,69,304,373
03095500,ASA INST BUSINESS & COMPUTER TECH       ,NY,11201-5208,Proprietary  ,499,2001,2500,537,2300,2837
03096200,CHARLES STUART SCHOOL                   ,NY,11229-2004,Proprietary  ,4,12,16,5,14,19
03099100,SUNBRIDGE COLLEGE                       ,NY,10977-0000,Private      ,1,53,54,1,71,72
03103700,ADIRONDACK BEAUTY SCHOOL                ,NY,12801-3158,Proprietary  ,2,10,12,5,11,16
03104900,SULLIVAN COUNTY BOCES                   ,NY,12754-2116,Public       ,2,23,25,6,30,36
03111100,NEW YORK PARALEGAL SCHOOL               ,NY,10007-0000,Proprietary  ,4,21,25,8,31,39
03115300,GENESEE VALLEY BOCES                    ,NY,14020-1099,Public       ,3,9,12,5,23,28
03120700,NEW YORK CONSERVATORY FOR DRAMATIC ARTS ,NY,10011-4225,Proprietary  ,115,50,165,241,75,316
03127100,YESHIVAS NOVOMINSK                      ,NY,11219-0000,Private      ,0,0,0,1,0,1
03169300,STUDIO JEWELERS                         ,NY,10016-4112,Proprietary  ,0,4,4,0,7,7
03172400,CALIBER TRAINING INSTITUTE              ,NY,10018-6504,Proprietary  ,44,305,349,45,305,350
03181400,MERKAZ BNOS                             ,NY,11204-0000,Private      ,4,53,57,4,53,57
03191300,CUNY SCHOOL OF LAW @ QUEENS COLLEGE     ,NY,11367-0000,Public       ,45,388,433,116,1075,1191
03193300,MANHATTAN SCHOOL OF COMPUTER TECH       ,NY,11230-1617,Private      ,12,92,104,17,94,111
03203300,NEW YORK INSTITUTE OF MASSAGE           ,NY,14221-6021,Proprietary  ,23,74,97,35,118,153
03208300,GRACE INSTITUTE OF BUSINESS TECH        ,NY,11201-2303,Private      ,9,106,115,10,108,118
03216300,UNIFICATION THEOLOGICAL SEMINARY        ,NY,12507-5021,Private      ,0,1,1,0,1,1
03315300,HARLEM SCHOOL OF TECHNOLOGY             ,NY,10027-4426,Proprietary  ,0,5,5,2,10,12
03328300,FRANKLIN CAREER INSTITUTE               ,NY,11550-3003,Private      ,98,240,338,98,240,338
03342400,AMERICAN BARBER INSTITUTE               ,NY,10001-5271,Proprietary  ,9,22,31,10,28,38
03358300,ALLEN SCHOOL                            ,NY,11432-4901,Proprietary  ,67,349,416,72,355,427
03361500,WILLSEY INSTITUTE                       ,NY,10301-1989,Proprietary  ,4,43,47,4,44,48
03380300,CULINARY ACADEMY OF LONG ISLAND         ,NY,11791-5311,Proprietary  ,17,20,37,21,26,47
03419400,NORTHEASTERN SEMINARY                   ,NY,14624-1997,Private      ,1,22,23,4,60,64
03426400,ANTHEM INSTITUTE                        ,NY,10018-0000,Proprietary  ,157,355,512,242,540,782
03433500,LIA SCHORR INSTITUTE OF COSMETIC SK     ,NY,10022-2614,Proprietary  ,1,6,7,2,8,10
03443300,NEW YORK COLLEGE OF TRADITIONAL CHINESE ,NY,11501-0000,Private      ,2,7,9,5,18,23
03496300,YESHIVA SHAAREI TORAH OF ROCKLAND       ,NY,10901-4003,Private      ,1,0,1,1,0,1
03537300,NEW YORK AUTOMOTIVE & DIESEL INSTIT     ,NY,11101-0000,Proprietary  ,51,54,105,94,182,276
03568300,LEON STUDIO ONE SCHOOL OF HAIR DESI     ,NY,14221-5323,Proprietary  ,12,23,35,15,26,41
03651300,SAINT JOSEPH'S MEDICAL CENTER SCHOO     ,NY,10701-4080,Private      ,1,5,6,4,5,9
03652300,METROPOLITAN LEARNING INSTITUTE         ,NY,11375-0000,Private      ,8,166,174,8,166,174
03691300,USA BEAUTY SCHOOL INTERNATIONAL         ,NY,10013-3530,Proprietary  ,1,0,1,1,0,1
03713300,BEIS MEDRASH HEICHAL DOVID              ,NY,11691-4433,Private      ,0,0,0,0,1,1
03718300,CENTURION PROFESSIONAL TRAINING         ,NY,11235-0822,Private      ,0,1,1,0,1,1
03819400,HUDSON VALLEY SCHOOL OF ADVANCED AESTHET,NY,12493-0000,Proprietary  ,3,8,11,5,13,18
03839300,AVEDA INSTITUTE NEW YORK                ,NY,10013-1522,Proprietary  ,26,53,79,47,78,125
03881300,UNION GRADUATE COLLEGE                  ,NY,12308-3103,Private      ,0,60,60,7,107,114
03903400,AMERICAN BEAUTY SCHOOL                  ,NY,10462-8003,Proprietary  ,2,17,19,5,19,24
03931300,XINCON TECHNOLOGY SCHOOL                ,NY,10001-3507,Proprietary  ,0,2,2,3,2,5
03941400,ELITE ACADEMY OF BEAUTY ARTS            ,NY,11223-1630,Proprietary  ,2,5,7,6,6,12
03983300,"SCHOOL OF PROFESSIONAL HORTICULTURE, AT ",NY,10458-5126,Private      ,0,2,2,0,3,3
00267808,BRYANT & STRATTON COLLEGE - PARMA       ,OH,44130-0000,Proprietary  ,146,601,747,254,1223,1477
00301000,ANTIOCH UNIVERSITY                      ,OH,45387-1608,Private      ,119,45,164,563,94,657
00301001,ANTIOCH UNIVERSITY MCGREGOR             ,OH,45387-0000,Private      ,1,221,222,3,346,349
00301010,ANTIOCH UNIVERSITY                      ,OH,45387-0000,Private      ,6,89,95,38,150,188
00301100,ART ACADEMY OF CINCINNATI               ,OH,45202-7106,Private      ,59,32,91,178,51,229
00301200,ASHLAND UNIVERSITY                      ,OH,44805-3799,Private      ,508,812,1320,2775,1754,4529
00301300,ATHENAEUM OF OHIO                       ,OH,45230-2000,Private      ,0,3,3,0,6,6
00301400,BALDWIN-WALLACE COLLEGE                 ,OH,44017-2088,Private      ,849,431,1280,3529,907,4436
00301600,BLUFFTON UNIVERSITY                     ,OH,45817-2104,Private      ,364,117,481,1273,193,1466
00301800,BOWLING GREEN STATE UNIVERSITY          ,OH,43403-0001,Public       ,3516,1552,5068,14658,3821,18479
00302300,CAPITAL UNIVERSITY                      ,OH,43209-2394,Private      ,665,794,1459,3283,2189,5472
00302400,CASE WESTERN RESERVE UNIV               ,OH,44106-0000,Private      ,800,313,1113,4993,762,5755
00302401,CASE WESTERN RESERVE UNIV - MED         ,OH,44106-0000,Private      ,6,341,347,28,912,940
00302402,CASE WESTERN RESERVE UNIV - DENTAL      ,OH,44106-0000,Private      ,2,130,132,8,318,326
00302403,CASE WESTERN RESERVE UNIV - LAW         ,OH,44106-0000,Private      ,2,381,383,13,1260,1273
00302404,CASE WESTERN RESERVE UNIV - UG          ,OH,44106-0000,Private      ,81,19,100,317,43,360
00302405,CASE WESTERN RESERVE UNIV - MSASS       ,OH,44106-0000,Private      ,2,169,171,4,423,427
00302406,CASE WESTERN RESERVE UNIV - NURS UG     ,OH,44106-0000,Private      ,40,58,98,177,130,307
00302407,CASE WESTERN RESERVE UNIV - WSOM        ,OH,44106-0000,Private      ,5,124,129,11,214,225
00302408,CASE WESTERN RESERVE UNIV -A&S GRAD     ,OH,44106-0000,Private      ,0,109,109,4,210,214
00302409,CASE WESTERN RESERVE UNIV -ENG GRAD     ,OH,44106-0000,Private      ,7,35,42,15,74,89
00302410,CASE WESTERN RESERVE UNIV -NURS GRD     ,OH,44106-0000,Private      ,2,123,125,11,264,275
00302500,CEDARVILLE UNIVERSITY                   ,OH,45314-8564,Private      ,742,62,804,3096,131,3227
00302600,CENTRAL STATE UNIVERSITY                ,OH,45384-1004,Public       ,790,270,1060,2435,660,3095
00302900,CINCINNATI CHRISTIAN UNIVERSITY         ,OH,45204-3200,Private      ,146,121,267,437,314,751
00303000,OHIO CHRISTIAN UNIVERSITY               ,OH,43113-9487,Private      ,64,106,170,113,200,313
00303100,CLEVELAND INSTITUTE OF MUSIC            ,OH,44106-1776,Private      ,19,27,46,508,349,857
00303200,CLEVELAND STATE UNIVERSITY              ,OH,44115-2214,Public       ,1613,3350,4963,5066,7509,12575
00303300,COLLEGE OF MT ST JOSEPH                 ,OH,45233-1670,Private      ,370,372,742,1351,770,2121
00303500,OHIO DOMINICAN UNIVERSITY               ,OH,43219-2099,Private      ,504,801,1305,2128,1616,3744
00303600,FRANCISCAN UNIV OF STEUBENVILLE         ,OH,43952-1763,Private      ,659,297,956,1886,571,2457
00303700,COLLEGE OF WOOSTER                      ,OH,44691-2363,Private      ,442,20,462,2054,51,2105
00303900,COLUMBUS COLLEGE OF ART AND DESIGN      ,OH,43215-1758,Private      ,307,104,411,1477,290,1767
00304000,CUYAHOGA COMMUNITY COLLEGE              ,OH,44115-2878,Public       ,1347,4124,5471,2589,7289,9878
00304001,CUYAHOGA COMMUNITY CLG-EASTERN CAM      ,OH,44122-6195,Public       ,206,589,795,410,1078,1488
00304002,CUYAHOGA COMMUNITY CLG-METRO CAMPUS     ,OH,44115-0000,Public       ,262,737,999,516,1347,1863
00304003,CUYAHOGA COMMUNITY CLG-WESTERN CMPS     ,OH,44130-0000,Public       ,441,453,894,876,843,1719
00304100,"DEFIANCE COLLEGE, THE                   ",OH,43512-1695,Private      ,189,98,287,1036,247,1283
00304200,DENISON UNIVERSITY                      ,OH,43023-1329,Private      ,465,15,480,2313,34,2347
00304300,CHANCELLOR UNIVERSITY                   ,OH,44114-1096,Proprietary  ,92,347,439,161,712,873
00304400,TRINITY LUTHERAN SEMINARY               ,OH,43209-0000,Private      ,0,66,66,0,120,120
00304500,UNIVERSITY OF FINDLAY                   ,OH,45840-3695,Private      ,777,477,1254,2676,965,3641
00304600,FRANKLIN UNIVERSITY                     ,OH,43215-5399,Private      ,225,1780,2005,548,4669,5217
00304606,FRANKLIN UNIVERSITY - NORTHWEST         ,OH,43019-5331,Private      ,0,5,5,1,14,15
00304608,FRANKLIN UNIVERSITY - NORTHEAST         ,OH,43081-1111,Private      ,3,13,16,7,26,33
00304700,HEBREW UNION COLLEGE MAIN CAMPUS        ,OH,45220-0000,Private      ,0,84,84,0,119,119
00304800,HEIDELBERG UNIVERSITY                   ,OH,44883-2462,Private      ,408,128,536,1493,230,1723
00304900,HIRAM COLLEGE                           ,OH,44234-1808,Private      ,358,91,449,1298,188,1486
00305000,JOHN CARROLL UNIVERSITY                 ,OH,44118-4581,Private      ,653,261,914,3643,577,4220
00305100,KENT STATE UNIV - KENT CAMPUS           ,OH,44242-0001,Public       ,4485,2827,7312,15043,6284,21327
00305101,KENT STATE UNIV - GEAUGA CAMPUS         ,OH,44021-0000,Public       ,85,84,169,182,158,340
00305102,KENT STATE UNIV - STARK CAMPUS          ,OH,44720-0000,Public       ,645,602,1247,1401,1149,2550
00305103,KENT STATE UNIV - TUSCARAWAS CAMPUS     ,OH,44663-0000,Public       ,255,323,578,608,657,1265
00305104,KENT STATE UNIV - TRUMBULL CAMPUS       ,OH,44483-0000,Public       ,238,337,575,551,816,1367
00305105,KENT STATE UNIV - ASHTABULA CAMPUS      ,OH,44004-0000,Public       ,205,364,569,463,755,1218
00305106,KENT STATE UNIV -E.LIVERPOOL CAMPUS     ,OH,43920-0000,Public       ,97,160,257,228,389,617
00305107,KENT STATE UNIV - SALEM CAMPUS          ,OH,44460-0000,Public       ,177,209,386,477,529,1006
00306500,KENYON COLLEGE                          ,OH,43022-9623,Private      ,184,6,190,2118,21,2139
00306600,LAKE ERIE COLLEGE                       ,OH,44077-3389,Private      ,202,117,319,597,222,819
00306800,LORAIN COUNTY COMMUNITY COLLEGE         ,OH,44035-1691,Public       ,796,1613,2409,1491,2731,4222
00306900,LOURDES COLLEGE                         ,OH,43560-2898,Private      ,180,434,614,426,995,1421
00307200,MALONE UNIVERSITY                       ,OH,44709-3897,Private      ,298,352,650,1733,776,2509
00307300,MARIETTA COLLEGE                        ,OH,45750-4033,Private      ,384,69,453,2163,188,2351
00307500,METHODIST THEOLOGICAL SCH IN OHIO       ,OH,43015-0000,Private      ,0,79,79,1,182,183
00307600,MIAMI-JACOBS COLLEGE                    ,OH,45401-0000,Proprietary  ,59,477,536,83,732,815
00307602,MIAMI - JACOBS CAREER COLLEGE - SPRINGBO,OH,45066-1115,Proprietary  ,31,93,124,34,95,129
00307700,MIAMI UNIVERSITY                        ,OH,45056-1831,Public       ,1937,830,2767,13949,2514,16463
00307800,WRIGHT STATE UNIVERSITY                 ,OH,45435-0002,Public       ,1883,1898,3781,9265,5846,15111
00308300,MOUNT UNION COLLEGE                     ,OH,44601-3993,Private      ,701,56,757,2759,124,2883
00308400,MUSKINGUM UNIVERSITY                    ,OH,43762-1199,Private      ,530,186,716,1889,296,2185
00308500,NOTRE DAME COLLEGE OF OHIO              ,OH,44121-4293,Private      ,275,306,581,848,640,1488
00308600,OBERLIN COLLEGE                         ,OH,44074-1090,Private      ,757,23,780,4039,80,4119
00308800,OHIO COLLEGE OF PODIATRIC MEDICINE      ,OH,44131-7304,Private      ,1,147,148,1,313,314
00308900,OHIO NORTHERN UNIVERSITY                ,OH,45810-1555,Private      ,834,308,1142,3779,1000,4779
00309000,OHIO STATE UNIVERSITY-ALL CAMPUSES      ,OH,43210-1358,Public       ,5124,3900,9024,35351,18016,53367
00309001,OHIO STATE UNIVERSITY-LIMA              ,OH,45804-0000,Public       ,0,0,0,3,4,7
00309002,OHIO STATE UNIVERSITY-MANSFIELD         ,OH,44906-0000,Public       ,0,0,0,1,5,6
00309003,THE OHIO STATE UNIVERSITY-MARION        ,OH,43302-0000,Public       ,0,0,0,5,7,12
00309004,OHIO STATE UNIVERSITY-NEWARK            ,OH,43055-1797,Public       ,0,0,0,12,6,18
00309005,OHIO STATE UNIVERSITY-ATI/WOOSTER       ,OH,44691-0000,Public       ,0,0,0,2,0,2
00310000,OHIO UNIVERSITY                         ,OH,45701-2979,Public       ,2981,1249,4230,15443,3512,18955
00310002,"OHIO UNIVERSITY, ZANESVILLE CAMPUS      ",OH,43701-0000,Public       ,220,267,487,736,725,1461
00310003,"OHIO UNIVERSITY, LANCASTER CAMPUS       ",OH,43130-0000,Public       ,185,235,420,604,620,1224
00310004,"OHIO UNIVERSITY, SOUTHERN CAMPUS        ",OH,45638-0000,Public       ,191,317,508,588,861,1449
00310005,"OHIO UNIVERSITY, CHILLICOTHE CAMPUS     ",OH,45601-0000,Public       ,205,298,503,507,869,1376
00310006,"OHIO UNIVERSITY, EASTERN CAMPUS         ",OH,43950-0000,Public       ,84,91,175,393,209,602
00310008,OHIO UNIV COLL OF OSTEOPATHIC MED       ,OH,45701-0000,Public       ,2,162,164,12,444,456
00310900,OHIO WESLEYAN UNIVERSITY                ,OH,43015-2398,Private      ,128,17,145,2252,75,2327
00311000,OTTERBEIN COLLEGE                       ,OH,43081-2006,Private      ,692,298,990,3145,655,3800
00311300,PONTIFICAL COLLEGE JOSEPHINUM           ,OH,43235-1498,Private      ,11,7,18,27,10,37
00311401,FIRELANDS REGIONAL MEDICAL CENTER       ,OH,44870-4788,Private      ,18,43,61,59,103,162
00311500,RABBINICAL COLLEGE OF TELSHE            ,OH,44092-2584,Private      ,0,7,7,0,7,7
00311600,UNIV OF RIO GRANDE                      ,OH,45674-3131,Private      ,293,351,644,1235,884,2119
00311900,SINCLAIR COMMUNITY COLLEGE              ,OH,45402-1460,Public       ,1692,3415,5107,3508,6409,9917
00312100,TIFFIN UNIVERSITY                       ,OH,44883-2161,Private      ,403,395,798,1355,777,2132
00312200,UNITED THEOLOGICAL SEMINARY             ,OH,45406-0000,Private      ,0,67,67,0,135,135
00312300,UNIVERSITY OF AKRON                     ,OH,44325-6211,Public       ,3583,3687,7270,12853,9163,22016
00312500,UNIVERSITY OF CINCINNATI                ,OH,45221-0125,Public       ,4268,4100,8368,14633,10561,25194
00312504,UNIVERSITY OF CINCINNATI - COLLEGE OF ME,OH,45267-0553,Public       ,13,381,394,59,761,820
00312700,UNIVERSITY OF DAYTON                    ,OH,45469-0002,Private      ,989,881,1870,7966,2388,10354
00313100,UNIVERSITY OF TOLEDO                    ,OH,43606-3390,Public       ,3461,2234,5695,11676,4855,16531
00313101,UNIVERSITY OF TOLEDO - HEALTH SCIENCE CA,OH,43614-2598,Public       ,17,566,583,68,1153,1221
00313300,URBANA UNIVERSITY                       ,OH,43078-2091,Private      ,263,186,449,808,377,1185
00313400,URSULINE COLLEGE                        ,OH,44124-4398,Private      ,176,374,550,653,818,1471
00313500,WALSH UNIVERSITY                        ,OH,44720-3396,Private      ,365,246,611,1920,651,2571
00314100,WILBERFORCE UNIVERSITY                  ,OH,45384-1001,Private      ,281,211,492,983,472,1455
00314200,WILMINGTON COLLEGE                      ,OH,45177-2499,Private      ,409,146,555,1688,373,2061
00314300,WITTENBERG UNIVERSITY                   ,OH,45501-2199,Private      ,227,60,287,2501,147,2648
00314400,XAVIER UNIVERSITY                       ,OH,45207-1035,Private      ,528,875,1403,4373,2024,6397
00314500,YOUNGSTOWN STATE UNIVERSITY             ,OH,44555-0001,Public       ,1827,1660,3487,6535,4414,10949
00398200,CLEVELAND INSTITUTE OF ART              ,OH,44106-1700,Private      ,123,55,178,700,127,827
00406000,WINEBRENNER THEOLOGICAL SEMINARY        ,OH,45840-0000,Private      ,0,27,27,2,39,41
00485200,CLARK STATE COMMUNITY COLLEGE           ,OH,45505-4795,Public       ,357,847,1204,712,1694,2406
00485300,BRADFORD SCHOOL                         ,OH,43219-0000,Proprietary  ,289,122,411,371,158,529
00485500,DAVIS COLLEGE                           ,OH,43623-4307,Proprietary  ,34,289,323,55,395,450
00486100,UNIVERSITY OF NORTHWESTERN OHIO         ,OH,45805-1498,Private      ,868,275,1143,2596,622,3218
00486600,STAUTZENBERGER COLLEGE                  ,OH,43537-4007,Proprietary  ,98,404,502,155,548,703
00510200,SCH OF DIAGNOSTIC IMAGING-CLEVELAND     ,OH,44119-0000,Private      ,3,13,16,9,23,32
00512700,BROWN MACKIE COLLEGE-CINCINNATI         ,OH,45215-1107,Proprietary  ,234,1426,1660,292,1834,2126
00531300,NORTH CENTRAL STATE COLLEGE             ,OH,44901-0000,Public       ,281,777,1058,647,1384,2031
00575300,OWENS STATE COMMUNITY COLLEGE           ,OH,43699-0000,Public       ,1391,2647,4038,2841,4950,7791
00648700,AULTMAN COLLEGE OF NURSING AND HEALTH SC,OH,44710-1799,Private      ,41,67,108,89,156,245
00648900,CHRIST HOSP SCH OF NURSING              ,OH,45219-2989,Private      ,32,121,153,98,265,363
00649400,GOOD SAMARITAN COLG-NURSING/HEALTH      ,OH,45220-2489,Private      ,46,110,156,121,249,370
00649800,MERIDIA HURON SCHOOL OF NURSING         ,OH,44112-4308,Private      ,8,83,91,19,172,191
00650700,TRINIT HEALTH SYSTEM SCH OF NURSING     ,OH,43952-2667,Private      ,21,55,76,53,121,174
00680400,LAKELAND COMMUNITY COLLEGE              ,OH,44094-5198,Public       ,639,1344,1983,1465,2506,3971
00686700,COLUMBUS STATE COMMUNITY COLLEGE        ,OH,43215-1786,Public       ,2583,5369,7952,5837,10754,16591
00703500,KETTERING COLLEGE OF MEDICAL ARTS       ,OH,45429-1299,Private      ,129,209,338,398,610,1008
00708500,MOUNT VERNON NAZARENE UNIVERSITY        ,OH,43050-9500,Private      ,468,155,623,1257,285,1542
00708501,MOUNT VERNON NAZARENE UNIV - AGS        ,OH,43050-0000,Private      ,7,312,319,39,565,604
00727500,EASTERN GATEWAY COMMUNITY COLLEGE       ,OH,43952-3598,Public       ,264,426,690,473,692,1165
00747300,CHOFFIN CAREER & TECHNICAL CENTER       ,OH,44503-1628,Public       ,12,76,88,33,136,169
00759800,HOCKING TECHNICAL COLLEGE               ,OH,45764-9582,Public       ,993,950,1943,2290,1946,4236
00777700,REMINGTON COLLEGE - CLEVELAND CAMPUS    ,OH,44125-1957,Proprietary  ,68,345,413,113,719,832
00777704,REMINGTON COLLEGE-CLEVELAND WEST CAMPUS ,OH,44070-3129,Proprietary  ,63,184,247,86,353,439
00812900,ADULT AND COMMUNITY EDUCATION @ HUDSON  ,OH,43211-2017,Public       ,11,91,102,25,173,198
00813200,TOLEDO SCHOOL OF PRACTICAL NURSING      ,OH,43613-5110,Public       ,20,110,130,39,190,229
00813300,ZANE STATE COLLEGE                      ,OH,43701-2626,Public       ,276,462,738,522,813,1335
00819400,AKRON SCHOOL OF PRACTICAL NRSG          ,OH,44311-0000,Public       ,21,107,128,44,145,189
00827800,TERRA COMMUNITY COLLEGE                 ,OH,43420-9670,Public       ,197,425,622,378,722,1100
00867700,NORTHWEST STATE COMMUNITY COLLEGE       ,OH,43502-9542,Public       ,362,737,1099,637,1111,1748
00888600,PORTAGE LAKES CAREER CENTER             ,OH,44232-0000,Public       ,5,37,42,12,56,68
00908800,ITT TECHNICAL INSTITUTE                 ,OH,45414-3456,Proprietary  ,290,574,864,364,683,1047
00915600,WAYNE COUNTY SCHOOLS CAREER CENTER      ,OH,44677-9672,Public       ,10,64,74,19,138,157
00917200,SPRINGFIELD REGIONAL SCHOOL OF NURSING  ,OH,45501-0000,Private      ,24,77,101,56,141,197
00941200,NATIONAL INSTITUTE OF TECHNOLOGY        ,OH,44221-2998,Proprietary  ,138,212,350,170,291,461
00945101,BROWN MACKIE COLLEGE-NORTH CANTON       ,OH,44720-0000,Proprietary  ,66,544,610,85,825,910
00953000,GERBER AKRON BEAUTY SCHOOL              ,OH,44333-3714,Proprietary  ,3,26,29,6,30,36
00953100,SPA SCHOOL (THE)                        ,OH,43214-1524,Proprietary  ,1,12,13,3,20,23
00965800,RIGGS LEMAR BEAUTY COLLEGE              ,OH,44221-1114,Proprietary  ,12,31,43,19,38,57
00966000,TIFFIN ACADEMY OF HAIR DESIGN           ,OH,44883-2833,Proprietary  ,22,21,43,30,34,64
00983700,ITT TECHNICAL INSTITUTE                 ,OH,44509-4098,Proprietary  ,508,632,1140,630,814,1444
00994100,BELMONT TECHNICAL COLLEGE               ,OH,43950-9766,Public       ,274,447,721,569,762,1331
00994200,SHAWNEE STATE UNIVERSITY                ,OH,45662-4344,Public       ,739,609,1348,2387,1206,3593
01001700,PAYNE THEOLOGICAL SEMINARY              ,OH,45384-0474,Private      ,0,24,24,0,48,48
01002700,JAMES A. RHODES STATE COLLEGE           ,OH,45804-3597,Public       ,360,791,1151,876,1479,2355
01016800,NATIONWIDE BEAUTY ACADEMY               ,OH,43228-1000,Proprietary  ,105,137,242,155,229,384
01028000,OHIO STATE BEAUTY ACADEMY               ,OH,45801-4950,Proprietary  ,37,58,95,59,80,139
01032300,HANNAH E MULLINS SCH-PRAC NRSG          ,OH,44460-2906,Public       ,4,39,43,6,68,74
01034500,CINCINNATI STATE TECH & COMM CLG        ,OH,45223-2690,Public       ,1005,2345,3350,2361,4782,7143
01045300,WASHINGTON STATE CMTY COLLEGE           ,OH,45750-9225,Public       ,197,457,654,548,856,1404
01063000,NORTHERN INSTITUTE OF COSMETOLOGY       ,OH,44052-1803,Proprietary  ,7,20,27,11,30,41
01073600,MARION TECHNICAL COLLEGE                ,OH,43302-5694,Public       ,181,402,583,397,783,1180
01088000,CHATFIELD COLLEGE                       ,OH,45118-9705,Private      ,16,40,56,27,56,83
01088100,STARK STATE COLLEGE OF TECHNOLOGY       ,OH,44720-7299,Public       ,912,1748,2660,1638,3066,4704
01090600,CINCINNATI CLG OF MORTUARY SCIENCE      ,OH,45224-1428,Private      ,30,45,75,70,101,171
01092300,UNION INSTITUTE & UNIVERSITY            ,OH,45206-1925,Private      ,14,608,622,26,1123,1149
01096200,MOORE UNIV OF HAIR DESIGN               ,OH,45213-0000,Proprietary  ,1,9,10,2,12,14
01099300,HOBART INSTITUTE OF WELDING TECHNOLOGY  ,OH,45373-2400,Private      ,42,21,63,101,40,141
01100500,KAPLAN COLLEGE                          ,OH,43232-4827,Proprietary  ,41,240,281,71,403,474
01104600,CENTRAL OHIO TECHNICAL COLLEGE          ,OH,43055-1767,Public       ,231,611,842,851,2184,3035
01170300,PENTA COUNTY JOINT VOCATIONAL SCH       ,OH,43551-0000,Public       ,3,25,28,6,43,49
01174400,NATIONAL BEAUTY COLLEGE                 ,OH,44720-0000,Proprietary  ,14,26,40,26,45,71
01174500,OHIO TECHNICAL COLLEGE                  ,OH,44103-1228,Proprietary  ,442,143,585,770,236,1006
01182500,OHIO STATE SCHOOL OF COSMETOLOGY        ,OH,43224-1107,Proprietary  ,13,20,33,30,43,73
01212800,SOUTHWESTERN COLLEGE                    ,OH,45402-3003,Proprietary  ,36,309,345,48,415,463
01212802,SOUTHWESTERN COLLEGE                    ,OH,45005-2267,Proprietary  ,11,111,122,18,161,179
01212803,SOUTHWESTERN COLLEGE                    ,OH,45202-4304,Proprietary  ,25,182,207,27,198,225
01212804,SOUTHWESTERN COLLEGE                    ,OH,45246-3121,Proprietary  ,62,448,510,72,594,666
01216600,CAROUSEL BEAUTY COLLEGE                 ,OH,45402-8935,Proprietary  ,20,68,88,32,84,116
01224800,CENTRAL SCHOOL OF PRACTICAL NURSING     ,OH,44103-4371,Private      ,21,117,138,33,190,223
01267200,CAROUSEL BEAUTY COLLEGE                 ,OH,45044-5113,Proprietary  ,2,14,16,4,15,19
01267400,CAROUSEL OF MIAMI VALLEY BEAUTY CLG     ,OH,45424-2063,Proprietary  ,6,7,13,14,17,31
01275000,EDISON COMMUNITY COLLEGE                ,OH,45356-9239,Public       ,251,598,849,523,1204,1727
01283800,LAURA AND ALVIN SIEGAL COLLEGE OF JUDAIC,OH,44122-7197,Private      ,0,3,3,0,4,4
01284800,MOLER-HOLLYWOOD BEAUTY COLLEGE          ,OH,45202-2577,Proprietary  ,11,54,65,17,67,84
01287000,SOUTHERN STATE COMMUNITY COLLEGE        ,OH,45133-9406,Public       ,244,579,823,595,1178,1773
01289100,ANTONELLI COLLEGE                       ,OH,45202-2592,Proprietary  ,124,460,584,187,702,889
01289600,VIRGINIA MARTI COLLEGE OF ART AND DESIGN,OH,44107-0778,Proprietary  ,71,69,140,118,107,225
01313200,INTERNATIONAL CLG OF BROADCASTING       ,OH,45431-1898,Proprietary  ,13,60,73,24,85,109
02052000,OHIO INST OF PHOTOGRAPHY & TECHNOLOGY   ,OH,45439-1984,Proprietary  ,82,256,338,168,428,596
02054300,TRUMBULL BUSINESS COLLEGE               ,OH,44484-0000,Proprietary  ,34,198,232,47,294,341
02056800,DAYMAR COLLEGE                          ,OH,45601-1038,Proprietary  ,37,178,215,41,216,257
02056802,DAYMAR COLLEGE - LANCASTER              ,OH,43130-0000,Proprietary  ,2,7,9,3,8,11
02056803,DAYMAR COLLEGE - NEW BOSTON             ,OH,45662-4900,Proprietary  ,2,10,12,2,15,17
02056804,DAYMAR COLLEGE - JACKSON                ,OH,45640-1728,Proprietary  ,1,8,9,1,14,15
02066100,OHIO STATE COLLEGE/BARBER STYLING       ,OH,43213-0000,Proprietary  ,14,13,27,26,40,66
02069500,AKRON INSTITUTE                         ,OH,44306-0000,Proprietary  ,47,233,280,72,381,453
02073300,GALLIA-JACKSON-VINTON SCH ADULT ED      ,OH,45674-0000,Public       ,13,62,75,25,127,152
02077800,CENTURY SCHOOL OF COSMETOLOGY           ,OH,43952-0000,Proprietary  ,0,4,4,1,6,7
02110700,CLEVELAND INST OF DENTAL-MED ASST       ,OH,44115-2285,Proprietary  ,54,224,278,66,289,355
02116009,SANFORD-BROWN COLLEGE - MIDDLEBURG HEIGH,OH,44130-8362,Proprietary  ,11,36,47,18,77,95
02116900,UPPER VALLEY JVS                        ,OH,45356-0000,Public       ,3,58,61,11,139,150
02117300,GREAT OAKS INSTITUTE OF TECHNOLOGY      ,OH,45241-1581,Public       ,49,242,291,78,546,624
02128600,THE ART INSTITUTE OF CINCINNATI         ,OH,45246-0000,Proprietary  ,40,14,54,104,25,129
02140700,COMMUNITY EDUCATIONAL SERVICES          ,OH,44702-1710,Public       ,12,86,98,17,151,168
02152100,ACADEMY OF COURT REPORTING AND TECHNOLOG,OH,44115-0000,Proprietary  ,59,1225,1284,67,1261,1328
02158500,OHIO BUSINESS COLLEGE                   ,OH,44055-3344,Proprietary  ,20,162,182,24,169,193
02158501,OHIO BUSINESS COLLEGE                   ,OH,44870-9953,Proprietary  ,12,42,54,20,46,66
02163900,BEATRICE ACADEMY OF BEAUTY              ,OH,44106-0000,Proprietary  ,4,19,23,10,37,47
02168100,TRI-COUNTY JOINT VOCATIONAL SCHOOL      ,OH,45764-0000,Public       ,6,50,56,7,53,60
02187900,ASHTABULA CO JOINT VOC SCH ADULT ED     ,OH,44047-0000,Public       ,1,43,44,3,72,75
02189000,ADULT CENTER FOR EDUCATION              ,OH,43701-0000,Public       ,15,76,91,19,107,126
02190700,RETS TECH CENTER                        ,OH,45459-0000,Proprietary  ,55,358,413,90,678,768
02192100,BUTLER TECHNOLOGY AND CAREER DEVELOPMENT,OH,45011-0000,Public       ,30,117,147,47,185,232
02196300,COLLINS CAREER CENTER                   ,OH,45619-0000,Public       ,42,132,174,68,278,346
02210800,MEDINA COUNTY CAREER CENTER             ,OH,44256-0000,Public       ,3,40,43,5,55,60
02215400,OHIO STATE SCHOOL OF COSMETOLOGY        ,OH,43207-0000,Proprietary  ,18,35,53,44,69,113
02220500,GOD'S BIBLE SCHOOL & COLLEGE            ,OH,45210-0000,Private      ,52,18,70,92,22,114
02220800,CAREER & TECHNOLOGY EDUCATION CENTERS OF,OH,43055-0000,Public       ,3,21,24,9,47,56
02239800,PIONEER CAREER & TECHNOLOGY CENTER      ,OH,44875-0000,Public       ,2,6,8,3,7,10
02245600,WARREN COUNTY CAREER CENTER             ,OH,45036-0000,Public       ,2,9,11,5,17,22
02246300,INSTITUTE OF MEDICAL-DENTAL TECH        ,OH,45246-3317,Proprietary  ,14,66,80,19,87,106
02261400,COLLEGE OF ART ADVERTISING              ,OH,45211-0000,Proprietary  ,6,9,15,9,13,22
02263700,MIAMI VALLEY CAREER TECHNOLOGY CTR      ,OH,45315-0000,Public       ,24,122,146,44,220,264
02269400,EASTERN HILLS ACAD OF HAIR DESIGN       ,OH,45255-0000,Proprietary  ,8,31,39,8,40,48
02269500,WESTERN HILLS SCHOOL OF BEAUTY & HAIR DE,OH,45211-0000,Proprietary  ,19,79,98,24,124,148
02270100,OHIO HI-POINT CAREER CENTER             ,OH,43311-0000,Public       ,9,72,81,14,116,130
02272700,COLUMBIANA COUNTY CAREER CENTER         ,OH,44432-0000,Public       ,4,59,63,7,93,100
02287900,RAPHAEL'S SCHOOL OF BEAUTY CULTURE      ,OH,44446-0000,Proprietary  ,11,44,55,15,57,72
02301400,OHIO VALLEY COLLEGE OF TECHNOLOGY       ,OH,43920-0000,Proprietary  ,29,94,123,39,130,169
02303600,BOHECKER'S BUSINESS COLLEGE             ,OH,44266-0000,Proprietary  ,88,114,202,141,266,407
02304700,TRI-RIVERS CAREER CENTER                ,OH,43302-0000,Public       ,9,39,48,20,74,94
02311200,AMERICAN SCHOOL OF TECHNOLOGY           ,OH,43229-0000,Proprietary  ,20,157,177,25,196,221
02315500,TOLEDO ACADEMY OF BEAUTY CULTURE - EAST ,OH,43616-0000,Proprietary  ,21,77,98,25,93,118
02328500,MOLER-PICKENS BEAUTY COLLEGE            ,OH,45014-0000,Proprietary  ,5,13,18,6,15,21
02334300,INTERNATIONAL ACAD OF HAIR DESIGN       ,OH,45239-0000,Proprietary  ,33,20,53,48,27,75
02336300,KNOX COUNTY CAREER CENTER               ,OH,43050-4298,Public       ,18,65,83,30,157,187
02336700,CUYAHOGA VALLEY CAREER CENTER           ,OH,44141-1296,Public       ,19,59,78,27,116,143
02337700,PROFESSIONAL SKILLS INSTITUTE           ,OH,43607-0000,Proprietary  ,27,195,222,49,415,464
02345600,AKRON MACHINING INSTITUTE               ,OH,44203-0000,Private      ,4,32,36,5,33,38
02351500,WILLOUGHBY EASTLAKE SCH OF PRAC NSG     ,OH,44094-0000,Public       ,5,51,56,11,87,98
02352800,POLARIS CAREER CENTER-ADULT ED DEPT     ,OH,44130-0000,Public       ,15,36,51,18,47,65
02354200,SCIOTO COUNTY JOINT VOCATIONAL SCH      ,OH,45648-0000,Public       ,24,102,126,37,160,197
02454400,NORTHEASTERN OHIO UNIVS COL OF MED      ,OH,44272-0000,Public       ,7,211,218,42,454,496
02497800,GREENE COUNTY CAREER CENTER             ,OH,45385-0000,Public       ,2,18,20,6,38,44
02512600,ADULT VOCATIONAL SERVICES               ,OH,44308-0000,Public       ,1,46,47,2,50,52
02519300,OHIO STATE SCH COSMETOLOGY              ,OH,43068-0000,Proprietary  ,4,5,9,4,8,12
02522700,EASTLAND-FAIRFIELD CAREER AND TECHNICAL ,OH,43125-0000,Public       ,15,67,82,23,117,140
02528300,TDDS TECHNICAL INSTITUTE                ,OH,44429-0000,Proprietary  ,26,89,115,28,119,147
02529500,HAMRICK SCHOOL                          ,OH,44256-0000,Proprietary  ,1,15,16,2,19,21
02541400,TOLEDO ACADEMY OF BEAUTY CULTURE-SO     ,OH,43614-0000,Proprietary  ,16,69,85,19,79,98
02545800,INNER STATE BEAUTY SCHOOLS              ,OH,44124-0000,Proprietary  ,15,62,77,19,88,107
02553000,SCHOOL OF ADVERTISING ART               ,OH,45440-0000,Proprietary  ,93,6,99,148,8,156
02560000,CASAL AVEDA INSTITUTE                   ,OH,44515-0000,Proprietary  ,10,16,26,26,23,49
02560700,PICKAWAY ROSS CO JOINT VOC TECH SCH     ,OH,45601-0000,Public       ,16,50,66,30,109,139
02562300,APOLLO CAREER CENTER-ADULT EDUC         ,OH,45806-0000,Public       ,31,116,147,48,205,253
02563000,RAPHAELS SCHOOL OF BEAUTY CULTURE       ,OH,44601-2847,Proprietary  ,1,13,14,5,17,22
02568600,MAHONING COUNTY CAREER & TECH CENTR     ,OH,44406-0000,Public       ,5,18,23,8,29,37
02582900,KAPLAN CAREER INSTITUTE                 ,OH,44129-6810,Proprietary  ,44,206,250,57,321,378
02586400,TRUMBULL CAREER & TECH CENTER-ADULT     ,OH,44483-1997,Public       ,10,77,87,18,118,136
02588500,OHIO STATE SCHOOL OF COSMETOLOGY        ,OH,43081-0000,Proprietary  ,10,3,13,17,5,22
02599711,VATTEROTT COLLEGE - CLEVELAND           ,OH,44147-3502,Proprietary  ,16,143,159,21,173,194
02603800,LORAIN COUNTY JVS ADULT CAREER CTR      ,OH,44074-9799,Public       ,3,32,35,5,49,54
02614700,SPRINGFIELD CLARK CO JOINT VOC SCH      ,OH,45505-4295,Public       ,1,15,16,3,32,35
02616200,BROWN MACKIE COLLEGE-FINDLAY            ,OH,45840-6848,Proprietary  ,106,436,542,120,495,615
02620000,SANDUSKY CAREER CENTER                  ,OH,44870-4786,Public       ,5,28,33,8,65,73
03007900,GALLIPOLIS CAREER COLLEGE               ,OH,45631-2600,Proprietary  ,14,92,106,16,154,170
03015100,ALLIANCE HIGH SCH-CMTY SERVICES DIV     ,OH,44601-2899,Public       ,13,58,71,16,70,86
03015300,EHOVE CAREER CENTER                     ,OH,44846-9500,Public       ,19,89,108,35,205,240
03023700,MADISON ADULT CAREER CENTER             ,OH,44905-2718,Public       ,5,26,31,5,34,39
03024300,VALLEY BEAUTY SCHOOL                    ,OH,43725-2332,Proprietary  ,12,24,36,15,27,42
03027100,FAIRVIEW ACADEMY                        ,OH,44126-2214,Proprietary  ,5,16,21,7,20,27
03034200,WASHINGTON COUNTY CAREER CENTER ADULT TE,OH,45750-9290,Public       ,2,24,26,9,42,51
03051400,AUBURN CAREER CENTER                    ,OH,44077-9723,Public       ,18,19,37,30,32,62
03051500,US GRANT JOINT VOCATIONAL SCHOOL        ,OH,45106-9502,Public       ,0,8,8,0,16,16
03065800,OHIO INSTITUTE OF HEALTH CAREERS        ,OH,44035-2394,Proprietary  ,36,213,249,44,243,287
03065900,BUCKEYE CAREER CENTER                   ,OH,44663-9437,Public       ,17,79,96,30,150,180
03067600,RAPHAEL'S SCHOOL OF BEAUTY CULTURE      ,OH,44512-2222,Proprietary  ,4,20,24,5,24,29
03068200,OHIO CENTER FOR BROADCASTING            ,OH,44125-4220,Proprietary  ,28,63,91,40,92,132
03071900,MOUNT CARMEL COLLEGE OF NURSING         ,OH,43222-1598,Private      ,85,137,222,415,372,787
03078000,OHIO CENTER FOR BROADCASTING            ,OH,45227-1509,Proprietary  ,9,17,26,16,27,43
03079000,ETI TECHNICAL COLLEGE                   ,OH,44446-4398,Proprietary  ,48,158,206,67,202,269
03084800,DELAWARE AREA CAREER CENTER             ,OH,43015-8969,Public       ,0,4,4,1,12,13
03084801,DELAWARE AREA CAREER CENTER -           ,OH,43015-9001,Public       ,0,1,1,3,8,11
03095600,VANTAGE CAREER CENTER                   ,OH,45891-1378,Public       ,3,23,26,7,54,61
03097000,MERCY COLLEGE OF NORTHWEST OHIO         ,OH,43604-1132,Private      ,116,231,347,267,450,717
03100100,PARAMOUNT BEAUTY ACADEMY                ,OH,45662-4136,Proprietary  ,13,18,31,16,22,38
03105400,CLEVELAND EXTENSION HIGH SCH-WEST       ,OH,44102-2298,Public       ,7,41,48,9,80,89
03116200,DAYTON BARBER COLLEGE                   ,OH,45402-2310,Proprietary  ,7,41,48,8,59,67
03116300,OHIO COLLEGE OF MASSOTHERAPY            ,OH,44321-1363,Private      ,36,102,138,58,141,199
03116400,VANGUARD-SENTINELL VOC SCH DISTRICT     ,OH,43420-1197,Public       ,1,15,16,1,19,20
03117000,ASHLAND COUNTY-W HOLMES CAREER CTR      ,OH,44805-0000,Public       ,2,25,27,5,37,42
03200500,YOUNGSTOWN COLLEGE OF MASSOTHERAPY      ,OH,44471-2321,Proprietary  ,6,7,13,10,13,23
03319300,CREATIVE IMAGES-A CERTIFIED MATRIX      ,OH,45414-2557,Proprietary  ,9,27,36,15,37,52
03319301,CREATIVE IMAGES-A CERTIFIED MATRIX      ,OH,45459-0000,Proprietary  ,9,37,46,17,49,66
03416400,VALLEY BEAUTY SCHOOL                    ,OH,43701-3624,Proprietary  ,4,10,14,5,11,16
03425300,ROSEDALE BIBLE COLLEGE                  ,OH,43029-9517,Private      ,15,2,17,32,3,35
03457300,ALLEGHENY WESLEYAN COLLEGE              ,OH,44460-9598,Private      ,11,0,11,17,0,17
03468400,NATIONAL INSTITUTE OF MASSOTHERAPY      ,OH,44319-2100,Proprietary  ,13,28,41,20,60,80
03468500,ATS INSTITUTE OF TECHNOLOGY             ,OH,44143-2216,Proprietary  ,14,203,217,18,263,281
03475400,TRI-STATE BIBLE COLLEGE                 ,OH,45680-8402,Private      ,1,2,3,4,7,11
03534400,AMERICAN INST OF ALTERNATIVE MEDICI     ,OH,43229-1113,Proprietary  ,18,53,71,29,86,115
03578300,TRI-STATE COLLEGE                       ,OH,44452-8535,Proprietary  ,5,10,15,6,21,27
03586400,MED CENTRAL COLLEGE OF NURSING          ,OH,44903-2265,Private      ,62,68,130,234,223,457
03626300,BROWN AVEDA INSTITUTE                   ,OH,44060-6212,Proprietary  ,22,20,42,41,27,68
03659300,COMPUTER QUEST LTD.                     ,OH,44130-3034,Proprietary  ,1,21,22,2,25,27
03693300,CARNEGIE INST OF INTEGRATIVE MED/MASSOTH,OH,44260-9608,Private      ,0,9,9,2,13,15
03700300,REGENCY BEAUTY INSTITUTE - CLEVELAND    ,OH,44094-0000,Proprietary  ,16,33,49,23,62,85
03726300,TEMPLE BAPTIST COLLEGE                  ,OH,45240-0000,Private      ,4,11,15,8,15,23
03744300,EDUTEK COLLEGE                          ,OH,44224-0000,Private      ,0,9,9,1,20,21
03747300,BEXLEY HALL SEMINARY                    ,OH,43209-2325,Private      ,0,1,1,0,5,5
03776400,HEALING ARTS INSTITUTE                  ,OH,43551-3138,Proprietary  ,7,12,19,10,30,40
03837300,AVEDA FREDRIC'S INSTITUTE               ,OH,45208-1304,Proprietary  ,7,4,11,13,7,20
03882300,OREGON CAREER CENTER                    ,OH,43616-2631,Public       ,0,2,2,1,2,3
        ,INVALID SCHOOL CODE                     ,  ,00000-0000,,10197,8142,18339,19922,13746,33668
00134500,ADAMS STATE COLLEGE                     ,CO,81102-2373,Public       ,542,511,1053,1526,931,2457
00134600,ARAPAHOE COMMUNITY COLLEGE              ,CO,80160-9002,Public       ,413,962,1375,740,1764,2504
00134700,COLORADO COLLEGE                        ,CO,80903-3294,Private      ,159,74,233,2240,221,2461
00134800,COLORADO SCHOOL OF MINES                ,CO,80401-1887,Public       ,445,137,582,2859,402,3261
00134900,UNIVERSITY OF NORTHERN COLORADO         ,CO,80639-0001,Public       ,1568,829,2397,7919,2618,10537
00135000,COLORADO STATE UNIVERSITY               ,CO,80523-0100,Public       ,3206,1748,4954,12956,4809,17765
00135200,DENVER  SEMINARY                        ,CO,80120-2192,Private      ,2,142,144,7,438,445
00135300,FORT LEWIS COLLEGE                      ,CO,81301-3999,Public       ,806,315,1121,2609,809,3418
00135400,ILIFF SCHOOL OF THEOLOGY                ,CO,80210-0000,Private      ,2,92,94,2,183,185
00135500,LAMAR COMMUNITY COLLEGE                 ,CO,81052-3999,Public       ,109,127,236,249,193,442
00135800,MESA STATE COLLEGE                      ,CO,81501-7682,Public       ,1054,826,1880,2717,1657,4374
00135900,COLORADO NORTHWESTERN COMMUNITY COLLEGE ,CO,81648-3598,Public       ,67,85,152,148,149,297
00136000,METROPOLITAN STATE CLG OF DENVER        ,CO,80204-0000,Public       ,2098,3040,5138,5159,7098,12257
00136100,NORTHEASTERN JUNIOR COLLEGE             ,CO,80751-2399,Public       ,194,108,302,621,219,840
00136200,OTERO JUNIOR COLLEGE                    ,CO,81050-3346,Public       ,168,219,387,315,301,616
00136300,REGIS UNIVERSITY                        ,CO,80221-1099,Private      ,299,2190,2489,1826,5270,7096
00136500,COLORADO STATE UNIVERSITY-PUEBLO        ,CO,81001-4901,Public       ,760,763,1523,2099,1553,3652
00136800,TRINIDAD STATE JR COLLEGE               ,CO,81082-2396,Public       ,203,270,473,384,417,801
00137000,UNIVERSITY OF COLORADO-BOULDER          ,CO,80309-0077,Public       ,3629,2120,5749,13778,5835,19613
00137100,UNIVERSITY OF DENVER                    ,CO,80208-2000,Private      ,578,1691,2269,3995,5767,9762
00137200,WESTERN STATE COLLEGE                   ,CO,81231-0000,Public       ,545,137,682,1513,299,1812
00163202,AQUINAS INSTITUTE OF THEOLOGY - AQUINAS ,CO,80903-1498,Private      ,0,0,0,0,3,3
00405702,NATIONAL AMERICAN UNIVERSITY            ,CO,80918-0000,Proprietary  ,2,71,73,7,110,117
00405703,NATIONAL AMERICAN UNIVERSITY            ,CO,80222-0000,Proprietary  ,2,36,38,6,54,60
00450300,EVEREST COLLEGE                         ,CO,80916-3548,Proprietary  ,45,338,383,58,390,448
00450600,COLORADO MOUNTAIN COLLEGE               ,CO,81602-0000,Public       ,260,188,448,634,388,1022
00450700,EVEREST COLLEGE                         ,CO,80229-4339,Proprietary  ,152,809,961,217,1206,1423
00450701,"EVEREST COLLEGE- EVEREST COLLEGE, AURORA",CO,80012-5692,Proprietary  ,7,18,25,20,34,54
00450800,UNIVERSITY OF COLORADO DENVER           ,CO,80204-2029,Public       ,186,1209,1395,565,3097,3662
00450824,UNIVERSITY OF COLORADO DENVER - AURARIA ,CO,80217-3364,Public       ,997,1981,2978,3126,5133,8259
00450900,UNIV OF COLORADO AT COLO SPRINGS        ,CO,80918-3735,Public       ,984,1159,2143,3613,2845,6458
00559600,EMILY GRIFFITH OPPORTUNITY SCH          ,CO,80204-2197,Public       ,39,262,301,84,462,546
00729700,REDSTONE COLLEGE                        ,CO,80020-9988,Proprietary  ,117,203,320,171,267,438
00754700,LINCOLN COLLEGE OF TECHNOLOGY           ,CO,80223-2013,Proprietary  ,271,251,522,434,343,777
00754800,WESTWOOD COLLEGE - DENVER NORTH         ,CO,80221-3653,Proprietary  ,747,1998,2745,1036,3029,4065
00754801,WESTWOOD COLLEGE - DENVER SOUTH         ,CO,80227-3653,Proprietary  ,161,399,560,223,548,771
00758200,AIMS COMMUNITY COLLEGE                  ,CO,80632-0000,Public       ,319,585,904,844,1269,2113
00764900,ROCKY MOUNTAIN COLG OF ART & DESIGN     ,CO,80214-0000,Proprietary  ,88,36,124,433,129,562
00793300,FRONT RANGE COMMUNITY COLLEGE           ,CO,80031-2199,Public       ,1046,1974,3020,2260,4106,6366
00793301,FRONT RANGE COMM COLL/LARIMER CAMP      ,CO,80526-0000,Public       ,0,0,0,6,12,18
00863500,INTELLITEC MEDICAL INSTITUTE            ,CO,80909-1570,Proprietary  ,10,97,107,15,106,121
00887100,CONCORDE CAREER INSTITUTE               ,CO,80203-0000,Proprietary  ,43,246,289,60,328,388
00889600,PIKES PEAK COMMUNITY COLLEGE            ,CO,80906-5498,Public       ,887,1855,2742,1620,3283,4903
00940100,COLORADO CHRISTIAN UNIVERSITY           ,CO,80226-7449,Private      ,317,573,890,1074,982,2056
00954200,COMMUNITY COLLEGE OF DENVER             ,CO,80217-2026,Public       ,629,1454,2083,1283,3133,4416
00954300,RED ROCKS COMMUNITY COLLEGE             ,CO,80228-1255,Public       ,391,720,1111,827,1353,2180
00985500,YESHIVA TORAS CHAIM TALMUDICAL SEM      ,CO,80204-0067,Private      ,0,0,0,1,1,2
00998100,MORGAN COMMUNITY COLLEGE                ,CO,80701-4399,Public       ,83,226,309,161,402,563
01014800,COLORADO TECHNICAL UNIVERSITY           ,CO,80907-3896,Proprietary  ,223,1843,2066,317,2821,3138
01014802,COLORADO TECHNICAL UNIV - DENVER        ,CO,80111-3201,Proprietary  ,36,112,148,56,262,318
01014805,COLORADO TECH UNIV - ON LINE            ,CO,80907-0000,Proprietary  ,387,6425,6812,518,9027,9545
01014806,COLORADO TECH UNIV - FED EXPRESS        ,CO,80921-3800,Proprietary  ,2,17,19,5,26,31
01014807,COLORADO TECH UNIV - MCI WORLD COM      ,CO,80919-3172,Proprietary  ,1,5,6,2,10,12
01014808,COLORADO TECH UNIV - USAA               ,CO,80920-1005,Proprietary  ,1,1,2,2,3,5
01014810,COLORADO TECH UNIV - PETERSON AFB       ,CO,80914-1586,Proprietary  ,0,1,1,0,1,1
01014811,COLORADO TECH UNIV-HEWLETT PACKARD      ,CO,80919-2303,Proprietary  ,0,0,0,0,2,2
01014812,COLORADO TECHNICAL UNIVERSITY - WESTMINS,CO,80021-3498,Proprietary  ,32,124,156,52,217,269
01014813,COLORADO TECH UNIV - ORACLE             ,CO,80921-3660,Proprietary  ,1,7,8,1,9,10
01014815,COLORADO TECHNCL UNIV PUEBLO            ,CO,81003-2315,Proprietary  ,8,17,25,21,31,52
01070900,EMPIRE BEAUTY SCHOOL-LAKEWOOD           ,CO,80215-0000,Proprietary  ,6,15,21,6,18,24
01073200,SAN JUAN BASINTECHNICAL COLLEGE         ,CO,81328-9196,Public       ,16,47,63,25,58,83
01157200,COLORADO SCHOOL OF TRADES               ,CO,80215-2996,Proprietary  ,31,59,90,53,104,157
01267000,BEL-REA INST OF ANIMAL TECH             ,CO,80247-3048,Proprietary  ,140,155,295,235,315,550
01285000,INTERNATIONAL SALON AND SPA ACADEMY     ,CO,80918-3684,Proprietary  ,20,49,69,23,57,80
01287500,PICKENS TECHNICAL COLLEGE               ,CO,80011-9307,Public       ,46,103,149,80,165,245
01300700,NAZARENE BIBLE COLLEGE                  ,CO,80910-3717,Private      ,13,197,210,27,335,362
02059400,INTERNATIONAL BEAUTY ACADEMY            ,CO,80918-3684,Proprietary  ,13,44,57,18,51,69
02072200,EMPIRE BEAUTY SCHOOL -ARVADA            ,CO,80212-0000,Proprietary  ,14,45,59,16,51,67
02078900,ART INSTITUTE OF COLORADO (THE)         ,CO,80203-2983,Proprietary  ,610,489,1099,1725,1458,3183
02116300,PUEBLO COMMUNITY COLLEGE                ,CO,81004-0000,Public       ,373,980,1353,696,1936,2632
02117500,NAROPA UNIVERSITY                       ,CO,80302-0000,Private      ,85,261,346,249,962,1211
02133100,COLORADO CENTER FOR MEDICAL LABORATORY S,CO,80218-0000,Private      ,3,15,18,4,25,29
02141100,ARTISTIC BEAUTY COLGS-WESTMINSTER       ,CO,80030-0000,Proprietary  ,22,56,78,23,56,79
02141102,ARTISTIC BEAUTY COLLEGES-LITTLETON      ,CO,80123-3480,Proprietary  ,2,1,3,4,2,6
02141103,ARTISTIC BEAUTY COLLEGES-AURORA         ,CO,80017-3194,Proprietary  ,3,15,18,4,18,22
02156200,DELTA - MONTROSE TECHNICAL COLLEGE      ,CO,81416-0000,Public       ,16,26,42,33,44,77
02159000,AMERICAN DIESEL & AUTO COLLEGE          ,CO,80223-0000,Proprietary  ,1,0,1,1,0,1
02160600,EMPIRE BEAUTY SCHOOL -THORNTON          ,CO,80241-1659,Proprietary  ,20,49,69,20,51,71
02165200,SALON PROFESSIONAL ACADEMY (THE)        ,CO,81504-5309,Proprietary  ,4,7,11,6,7,13
02167600,KAPLAN COLLEGE                          ,CO,80229-5309,Proprietary  ,40,92,132,51,118,169
02171300,TRINIDAD STATE JUNIOR COLLEGE           ,CO,81101-0000,Proprietary  ,0,2,2,1,4,5
02188700,DENVER ACAD OF COURT REPORTING          ,CO,80030-0000,Proprietary  ,2,3,5,4,7,11
02211901,CHEEKS INTERNATIONAL ACADEMY OF BEAUTY C,CO,80525-3053,Proprietary  ,4,5,9,5,9,14
02211902,CHEEKS INTERNATIONAL ACDMY BTY CULT     ,CO,80631-0000,Proprietary  ,1,5,6,2,9,11
02253700,INTELLITEC COLLEGE                      ,CO,80909-0000,Proprietary  ,17,109,126,21,124,145
02267500,GLENWOOD BEAUTY ACADEMY                 ,CO,81601-0000,Proprietary  ,3,14,17,6,15,21
02276900,COMMUNITY COLLEGE OF AURORA             ,CO,80011-9036,Public       ,361,881,1242,623,1501,2124
02321700,ITT TECHNICAL INSTITUTE                 ,CO,80229-5338,Proprietary  ,192,380,572,223,408,631
02518500,HAIR DYNAMICS EDUCATION CENTER          ,CO,80525-0000,Proprietary  ,15,26,41,20,40,60
02594300,COLLEGE AMERICA - DENVER                ,CO,80222-3380,Proprietary  ,70,528,598,84,623,707
02611000,HERITAGE COLLEGE                        ,CO,80212-7413,Proprietary  ,51,210,261,78,316,394
03006300,INST OF BUSINESS & MEDICAL CAREERS      ,CO,80525-3044,Proprietary  ,71,261,332,96,417,513
03012100,REMINGTON COLLEGE - COLORADO SPRINGS CAM,CO,80215-0000,Proprietary  ,25,154,179,46,314,360
03013100,BOULDER COLLEGE OF MASSAGE THERAPY      ,CO,80301-3295,Private      ,29,58,87,50,95,145
03014900,PLATT COLLEGE                           ,CO,80014-3141,Proprietary  ,11,43,54,22,75,97
03027400,XENON INTERNATIONAL ACADEMY III         ,CO,80014-1193,Proprietary  ,13,19,32,18,28,46
03030606,UTAH COLLEGE OF MASSAGE THERAPY - DENVER,CO,80031-2921,Proprietary  ,41,47,88,53,79,132
03030607,UTAH COLLEGE OF MASSAGE THERAPY - DENVER,CO,80012-2523,Proprietary  ,34,66,100,39,75,114
03031603,DPT BUSINESS SCHOOL                     ,CO,80223-0000,Proprietary  ,0,2,2,1,4,5
03066900,INTELLITEC COLLEGE                      ,CO,81506-3994,Proprietary  ,37,245,282,40,251,291
03068201,OHIO CENTER FOR BROADCASTING - COLORADO ,CO,80214-4129,Proprietary  ,9,24,33,14,36,50
03289300,COLORADO HEIGHTS UNIVERSITY             ,CO,80236-2711,Private      ,3,36,39,6,38,44
03306300,MONTESSORI EDUC CRT OF THE ROCKIES      ,CO,80301-2587,Private      ,2,19,21,4,30,34
03474400,CENTER OF ADVANCED THERAPEUTICS         ,CO,80210-1629,Proprietary  ,1,1,2,1,7,8
03534300,JONES INTERNATIONAL UNIVERSITY          ,CO,80112-3446,Proprietary  ,5,364,369,8,660,668
03545300,UNIVERSITY OF THE ROCKIES               ,CO,80903-3612,Proprietary  ,3,63,66,4,96,100
03584400,COLORADO SCHOOL OF HEALING ARTS         ,CO,80226-4332,Proprietary  ,22,107,129,34,150,184
03670300,TONI & GUY HAIRDRESSING ACADEMY         ,CO,80911-1713,Proprietary  ,14,20,34,22,34,56
03686300,COLORADO SCHOOL OF TRADITIONAL CHINESE M,CO,80206-2127,Proprietary  ,1,40,41,2,66,68
03805300,CORTIVA INSTITUTE-COLORADO              ,CO,80021-0000,Proprietary  ,1,9,10,2,14,16
03972300,CUTTIN' UP BEAUTY ACADEMY               ,CO,80220-0000,Proprietary  ,1,8,9,2,12,14
03976300,MASSAGE THERAPY INSTITUTE OF COLORADO   ,CO,80206-2127,Proprietary  ,5,30,35,11,40,51
00267811,BRYANT & STRATTON COLLEGE - VIRGINIA BEA,VA,23462-4417,Proprietary  ,72,382,454,124,831,955
00370200,AVERETT UNIVERSITY                      ,VA,24541-3692,Private      ,360,343,703,1075,624,1699
00370300,BLUEFIELD COLLEGE                       ,VA,24605-1799,Private      ,127,221,348,535,400,935
00370400,BRIDGEWATER COLLEGE                     ,VA,22812-1599,Private      ,295,33,328,2021,81,2102
00370500,COLLEGE OF WILLIAM & MARY               ,VA,23187-8795,Public       ,450,348,798,6770,2901,9671
00370600,CHRISTOPHER NEWPORT UNIVERSITY          ,VA,23606-2998,Public       ,679,198,877,5050,642,5692
00370700,RICHARD BLAND COLLEGE                   ,VA,23805-7100,Public       ,177,109,286,373,203,576
00370800,EASTERN MENNONITE UNIVERSITY            ,VA,22802-2462,Private      ,317,133,450,926,264,1190
00370900,EMORY & HENRY COLLEGE                   ,VA,24327-0010,Private      ,303,27,330,1423,82,1505
00371100,FERRUM COLLEGE                          ,VA,24088-2612,Private      ,461,59,520,1620,161,1781
00371200,TIDEWATER COMMUNITY COLLEGE             ,VA,23510-1910,Public       ,1792,3169,4961,3726,6887,10613
00371300,HAMPDEN-SYDNEY COLLEGE                  ,VA,23943-0128,Private      ,232,9,241,922,20,942
00371400,HAMPTON UNIVERSITY                      ,VA,23668-0099,Private      ,1590,635,2225,8068,1943,10011
00371500,HOLLINS UNIVERSITY                      ,VA,24020-0000,Private      ,160,171,331,789,408,1197
00371900,LONGWOOD UNIVERSITY                     ,VA,23909-1899,Public       ,712,130,842,3605,378,3983
00372000,LYNCHBURG COLLEGE                       ,VA,24501-3199,Private      ,618,174,792,2441,356,2797
00372100,JAMES MADISON UNIVERSITY                ,VA,22807-3780,Public       ,1970,383,2353,14245,1405,15650
00372300,MARY BALDWIN COLLEGE                    ,VA,24401-3610,Private      ,349,248,597,961,474,1435
00372400,MARYMOUNT UNIVERSITY                    ,VA,22207-4224,Private      ,502,557,1059,1955,1376,3331
00372600,NATIONAL COLLEGE                        ,VA,24153-4524,Proprietary  ,246,1753,1999,321,2653,2974
00372700,NORTHERN VA CMTY CLG                    ,VA,22003-3743,Public       ,1799,2335,4134,3354,4291,7645
00372800,OLD DOMINION UNIVERSITY                 ,VA,23529-0052,Public       ,2394,2691,5085,10270,7249,17519
00373200,RADFORD UNIVERSITY                      ,VA,24142-6905,Public       ,1445,420,1865,6359,1522,7881
00373300,RANDOLPH-MACON COLLEGE                  ,VA,23005-5505,Private      ,322,19,341,1446,46,1492
00373400,RANDOLPH COLLEGE                        ,VA,24503-1526,Private      ,123,29,152,737,82,819
00373500,VIRGINIA COMMONWEALTH UNIVERSITY        ,VA,23284-9004,Public       ,3661,3525,7186,12931,8213,21144
00373600,ROANOKE COLLEGE                         ,VA,24153-3794,Private      ,440,52,492,2143,119,2262
00373700,SHENANDOAH UNIVERSITY                   ,VA,22601-5195,Private      ,495,527,1022,1660,1239,2899
00373800,SOUTHERN VIRGINIA UNIVERSITY            ,VA,24416-3038,Private      ,291,96,387,656,158,814
00373900,ST PAULS COLLEGE                        ,VA,23868-1299,Private      ,225,124,349,466,243,709
00374200,SWEET BRIAR COLLEGE                     ,VA,24595-9998,Private      ,181,22,203,582,47,629
00374300,UNION THEO SEMINARY & PRESBYTRN SCH     ,VA,23227-0000,Private      ,0,51,51,1,97,98
00374400,UNIVERSITY OF RICHMOND                  ,VA,23173-0001,Private      ,569,500,1069,2940,1638,4578
00374500,UNIVERSITY OF VIRGINIA - SFS            ,VA,22903-0000,Public       ,1415,1532,2947,11839,6389,18228
00374600,UNIVERSITY OF MARY WASHINGTON           ,VA,22401-5358,Public       ,459,181,640,3232,520,3752
00374700,UNIV OF VIRGINIA'S COLLEGE AT WISE      ,VA,24293-4412,Public       ,377,119,496,1515,312,1827
00374800,EASTERN SHORE COMMUNITY COLLEGE         ,VA,23410-3000,Public       ,88,124,212,186,261,447
00374900,GEORGE MASON UNIVERSITY                 ,VA,22030-4444,Public       ,2275,2683,4958,9890,7883,17773
00375100,PATRICK HENRY COMMUNITY COLLEGE         ,VA,24112-5311,Public       ,231,513,744,442,945,1387
00375200,VIRGINIA INTERMONT COLLEGE              ,VA,24201-4298,Private      ,206,163,369,510,309,819
00375300,VIRGINIA MILITARY INSTITUTE             ,VA,24450-2138,Public       ,192,13,205,1209,51,1260
00375400,VIRGINIA POLYTECH INST & STATE UNIV     ,VA,24061-2000,Public       ,1872,686,2558,18560,2999,21559
00375800,DANVILLE COMMUNITY COLLEGE              ,VA,24541-4004,Public       ,355,735,1090,617,1201,1818
00375900,J. SARGEANT REYNOLDS COMMUNITY CLG      ,VA,23285-0000,Public       ,798,1617,2415,1550,3089,4639
00376000,VIRGINIA WESTERN CMTY COLLEGE           ,VA,24038-0000,Public       ,400,774,1174,788,1336,2124
00376100,WYTHEVILLE COMMUNITY COLLEGE            ,VA,24382-3308,Public       ,250,511,761,481,917,1398
00376200,VIRGINIA UNIVERSITY OF LYNCHBURG        ,VA,24501-6400,Private      ,9,41,50,25,57,82
00376400,VIRGINIA STATE UNIVERSITY               ,VA,23806-0001,Public       ,2071,614,2685,6528,1482,8010
00376500,NORFOLK STATE UNIVERSITY                ,VA,23504-8000,Public       ,2480,1530,4010,6549,3456,10005
00376600,VIRGINIA UNION UNIVERSITY               ,VA,23220-1711,Private      ,873,251,1124,2291,519,2810
00376700,VIRGINIA WESLEYAN COLLEGE               ,VA,23502-5599,Private      ,372,155,527,1470,376,1846
00376800,WASHINGTON & LEE UNIVERSITY             ,VA,24450-0303,Private      ,271,126,397,1511,1088,2599
00400400,JOHN TYLER COMMUNITY COLLEGE            ,VA,23831-5316,Public       ,513,1061,1574,993,1872,2865
00498800,CENTRAL VIRGINIA COMMUNITY COLLEGE      ,VA,24502-2498,Public       ,289,417,706,582,731,1313
00499200,MILLER-MOTTE TECHNICAL COLLEGE          ,VA,24505-0000,Proprietary  ,44,158,202,52,214,266
00499600,DABNEY S LANCASTER COMMUNITY CLG        ,VA,24422-1000,Public       ,105,115,220,304,240,544
00522300,NEW RIVER COMMUNITY COLLEGE             ,VA,24084-1127,Public       ,390,472,862,784,954,1738
00607500,ROANOKE MEM HOSP SCH RAD ONCOLOGY       ,VA,24033-0000,Private      ,0,2,2,1,3,4
00607501,ROANOKE MEM HOSP SCH RAD TECH           ,VA,24014-1850,Private      ,0,2,2,1,3,4
00662200,COLLEGE OF HEALTH SCIENCES - CHRV       ,VA,24031-0000,Private      ,144,263,407,342,519,861
00681900,BLUE RIDGE COMMUNITY COLLEGE            ,VA,24486-0080,Public       ,320,334,654,874,788,1662
00687100,THOMAS NELSON COMMUNITY COLLEGE         ,VA,23670-0000,Public       ,735,1509,2244,1411,2823,4234
00709900,VIRGINIA HIGHLANDS COMMUNITY CLG        ,VA,24210-4210,Public       ,328,317,645,668,676,1344
00726000,SOUTHWEST VIRGINIA COMMUNITY CLG        ,VA,24641-1510,Public       ,335,594,929,691,891,1582
00859200,LOUISE OBICI SCHOOL OF NURSING          ,VA,23434-8038,Private      ,3,5,8,6,16,22
00859202,SUFFOLK PUB SCH-LOUISE OBICI SCH PN     ,VA,23434-0000,Private      ,0,3,3,2,4,6
00865900,LORD FAIRFAX COMMUNITY COLLEGE          ,VA,22645-0047,Public       ,274,388,662,625,733,1358
00866000,GERMANNA COMMUNITY COLLEGE              ,VA,22508-0339,Public       ,244,368,612,485,686,1171
00866100,SOUTHSIDE VIRGINIA CMTY CLG             ,VA,23821-2930,Public       ,335,721,1056,584,1043,1627
00915900,PAUL D CAMP COMMUNITY COLLEGE           ,VA,23851-0737,Public       ,91,209,300,177,391,568
00916000,RAPPAHANNOCK COMMUNITY COLLEGE          ,VA,23149-2616,Public       ,129,218,347,294,382,676
00926700,EVEREST COLLEGE                         ,VA,23606-4203,Proprietary  ,39,336,375,45,440,485
00942000,SANFORD-BROWN COLLEGE                   ,VA,22182-3913,Proprietary  ,159,227,386,274,365,639
00953500,STAUNTON SCHOOL OF COSMETOLOGY          ,VA,24401-4323,Proprietary  ,3,5,8,6,8,14
00953700,VIRGINIA SCH OF HAIR DESIGN             ,VA,23669-0000,Proprietary  ,19,65,84,22,80,102
00962900,MOUNTAIN EMPIRE COMMUNITY COLLEGE       ,VA,24219-0700,Public       ,373,605,978,647,878,1525
00992800,PIEDMONT VIRGINIA COMMUNITY COLLEGE     ,VA,22902-7589,Public       ,241,363,604,573,716,1289
00995800,HICKS ACADEMY OF BEAUTY CULTURE         ,VA,23707-3218,Proprietary  ,2,6,8,3,9,12
01004300,BON SECOURS MEMORIAL SCH OF NURSING     ,VA,23227-4612,Private      ,80,181,261,133,410,543
01019800,ECPI COLLEGE OF TECHNOLOGY              ,VA,23462-6542,Proprietary  ,429,1456,1885,602,2071,2673
01033800,EASTERN VIRGINIA MEDICAL SCHOOL         ,VA,23501-1980,Private      ,5,422,427,17,904,921
01159600,RALPH'S VIRGINIA SCH OF COSMETOLOGY     ,VA,24501-2652,Proprietary  ,1,5,6,5,6,11
01274401,SOUTHSIDE REGIONAL MED CTR PROF SCHOOLS ,VA,23803-5133,Proprietary  ,29,86,115,47,174,221
01274402,SOUTHSIDE REG MED CTR SCH RAD TECH      ,VA,23803-0000,Proprietary  ,2,12,14,4,23,27
02053000,LIBERTY UNIVERSITY                      ,VA,24502-0000,Private      ,3896,3419,7315,9957,6380,16337
02108800,WARDS CORNER BEAUTY ACADEMY             ,VA,23505-0000,Proprietary  ,6,54,60,11,65,76
02111600,DANVILLE REGIONAL MEDICAL CENTER SCHOOL ,VA,24541-0000,Proprietary  ,18,51,69,28,84,112
02140000,RIVERSIDE SCHOOL OF HEALTH CAREERS      ,VA,23608-3802,Private      ,20,91,111,35,150,185
02140001,RIVERSIDE SCHOOL OF HEALTH CAREERS-PRACT,VA,23601-3802,Private      ,12,53,65,25,111,136
02140002,RIVERSIDE SCHOOL OF RADIOLOGIC TECH     ,VA,23601-0000,Private      ,2,9,11,6,34,40
02175800,LYNCHBURG GENERAL HOSP SCH OF NURSG     ,VA,24501-0000,Private      ,27,58,85,49,95,144
02197600,WOODROW WILSON REHABILITATION CTR       ,VA,22939-0000,Public       ,8,5,13,9,7,16
02223100,HERITAGE INSTITUTE                      ,VA,22046-4400,Proprietary  ,11,77,88,15,83,98
02242400,HENRICO CTY ST MARYS HOSP PRAC NRSG     ,VA,23075-0000,Public       ,2,25,27,6,35,41
02247200,MEDSPA CAREERS INSTITUTE                ,VA,23606-0000,Proprietary  ,173,720,893,244,1078,1322
02304500,HERITAGE INSTITUTE                      ,VA,20111-0000,Proprietary  ,14,43,57,19,49,68
02320900,TIDEWATER TECH                          ,VA,23517-0000,Proprietary  ,22,49,71,28,59,87
02334400,CENTURA COLLEGE                         ,VA,23452-0000,Proprietary  ,147,924,1071,209,1488,1697
02340000,COLONIAL HEIGHTS BEAUTY ACADEMY         ,VA,23834-0000,Proprietary  ,2,6,8,4,8,12
02342700,FORTIS COLLEGE                          ,VA,23502-4101,Proprietary  ,17,73,90,62,117,179
02342701,FORTIS COLLEGE - RICHMOND CAMPUS        ,VA,23236-3472,Proprietary  ,7,50,57,52,84,136
02535400,ECPI TECHNICAL COLLEGE                  ,VA,23236-0000,Proprietary  ,83,146,229,152,205,357
02538800,SUFFOLK BEAUTY ACADEMY                  ,VA,23434-0000,Proprietary  ,0,8,8,1,11,12
02541200,STRATFORD UNIVERSITY                    ,VA,22043-0000,Proprietary  ,63,171,234,99,216,315
02541201,STRATFORD UNIVERSITY-WOODBRIDGE         ,VA,22192-0000,Proprietary  ,5,20,25,17,44,61
02549800,NEW HORIZONS TECH SCH PR NSG            ,VA,23666-0000,Public       ,5,8,13,7,24,31
02567300,BRAXTON SCHOOL OF BUSINESS (THE)        ,VA,23230-0000,Proprietary  ,6,19,25,12,30,42
02588901,SANZ SCHOOL                             ,VA,22044-0000,Proprietary  ,0,3,3,2,8,10
02605900,TESST COLLEGE OF TECHNOLOGY             ,VA,22312-6342,Proprietary  ,32,114,146,44,148,192
02610100,WASHINGTON COUNTY ADULT SKILL CTR       ,VA,24210-2346,Public       ,6,26,32,12,32,44
03002400,GRAHAM WEBB INTERNATIONAL ACAD HAIR     ,VA,22209-2129,Proprietary  ,2,5,7,5,10,15
03010700,BAR PALMA BEAUTY CAREERS  ACADEMY       ,VA,24014-2255,Proprietary  ,1,12,13,3,17,20
03042800,"VIRGINIA BEACH CITY SCHOOLS, SCH.-PR.NSG",VA,23456-0038,Public       ,6,18,24,13,36,49
03091100,ACT COLLEGE                             ,VA,22209-2297,Proprietary  ,43,175,218,65,260,325
03091300,REGENT UNIVERSITY                       ,VA,23464-9800,Private      ,105,1465,1570,241,3159,3400
03092700,ECPI TECHNICAL COLLEGE-ROANOKE          ,VA,24012-1603,Proprietary  ,29,105,134,48,152,200
03096500,SPRINGFIELD BEAUTY ACADEMY              ,VA,22003-3016,Proprietary  ,1,30,31,2,34,36
03106500,SENTARA NORFOLK GENERAL HOSPITAL        ,VA,23320-2843,Private      ,42,187,229,91,386,477
03116900,BAPTIST THEOLOGICAL SEM.-RICHMOND       ,VA,23227-0000,Private      ,2,27,29,2,39,41
03126300,TIDEWATER TECH AVIATION                 ,VA,23320-5987,Proprietary  ,17,127,144,23,140,163
03126400,CENTURA COLLEGE                         ,VA,23235-5230,Proprietary  ,40,260,300,49,287,336
03126401,CENTURA COLLEGE - WEST                  ,VA,23294-0000,Proprietary  ,2,17,19,7,28,35
03127500,ADVANCED TECHNOLOGY INSTITUTE           ,VA,23462-2409,Proprietary  ,121,82,203,232,132,364
03280400,VIRGINIA SCHOOL OF MASSAGE              ,VA,22903-0000,Proprietary  ,4,5,9,6,10,16
03409500,RICHMOND SCHOOL OF HEALTH AND TECH      ,VA,23227-0000,Proprietary  ,58,361,419,66,401,467
03455300,CRESCENT COSMETOLOGY UNIVERSITY         ,VA,23666-3115,Proprietary  ,1,5,6,3,8,11
03559300,APPALACHIAN SCHOOL OF LAW               ,VA,24614-0000,Private      ,3,232,235,9,583,592
03638400,TAP THIS VALLEY WORKS CTR FOR EMPLO     ,VA,24016-1901,Private      ,0,5,5,1,5,6
03645400,RUDY & KELLY ACADEMY OF HAIR AND NA     ,VA,23464-6857,Proprietary  ,8,29,37,15,38,53
03654300,CAREER TRAINING SOLUTIONS               ,VA,22406-1014,Proprietary  ,6,77,83,12,114,126
03709300,EDWARD VIA VIRGINIA CLG OSTEOPATHIC MED ,VA,24060-6360,Private      ,1,286,287,7,606,613
03872400,INSTITUTE FOR THE PSYCHOLOGICAL SCIENCES,VA,22202-3609,Private      ,0,16,16,0,55,55
03876300,CULPEPER COSMETOLOGY TRAINING CENTER    ,VA,22701-3155,Public       ,1,5,6,3,10,13
03883400,AVIATION INSTITUTE OF MAINTENANCE       ,VA,20110-4156,Proprietary  ,6,30,36,10,39,49
03966300,CENTRAL BAPTIST THEOLOGICAL SEMINARY OF ,VA,23464-6847,Private      ,0,1,1,0,1,1
04038400,AVI CAREER INSTITUTE                    ,VA,22066-1839,Proprietary  ,0,2,2,0,3,3
00107000,THUNDERBIRD SCHOOL OF GLOBAL MANAGEMENT ,AZ,85306-6000,Private      ,0,145,145,1,297,298
00107100,ARIZONA WESTERN COLLEGE                 ,AZ,85366-0000,Public       ,1075,1046,2121,1795,1490,3285
00107200,COCHISE COLLEGE                         ,AZ,85607-6190,Public       ,395,585,980,602,903,1505
00107300,EASTERN ARIZONA COLLEGE                 ,AZ,85552-0769,Public       ,404,306,710,797,489,1286
00107400,GRAND CANYON UNIVERSITY                 ,AZ,85017-3030,Proprietary  ,280,4501,4781,659,6553,7212
00107600,GLENDALE COMMUNITY COLLEGE              ,AZ,85302-3090,Public       ,1692,2178,3870,2910,3508,6418
00107700,MESA COMMUNITY COLLEGE                  ,AZ,85202-4866,Public       ,2123,2871,4994,3646,4795,8441
00107800,PHOENIX COLLEGE                         ,AZ,85013-4234,Public       ,1061,1752,2813,1680,2828,4508
00107900,YAVAPAI COLLEGE                         ,AZ,86301-3297,Public       ,406,561,967,798,1033,1831
00108100,ARIZONA STATE UNIV (ALL CAMPUSES)       ,AZ,85287-0412,Public       ,7373,7024,14397,25009,17844,42853
00108200,NORTHERN ARIZONA UNIVERSITY             ,AZ,86011-0001,Public       ,2955,3234,6189,9339,6523,15862
00108300,UNIVERSITY OF ARIZONA                   ,AZ,85721-0066,Public       ,4027,2726,6753,15505,9139,24644
00165701,MIDWESTERN UNIVERSITY                   ,AZ,85308-0000,Private      ,16,576,592,56,1614,1670
00446700,TUCSON COLLEGE                          ,AZ,85710-0000,Proprietary  ,34,166,200,47,232,279
00711300,SOUTHWESTERN COLLEGE                    ,AZ,85032-7097,Private      ,86,38,124,149,53,202
00726600,PIMA COUNTY COMMUNITY COLLEGE           ,AZ,85709-1110,Public       ,2141,3040,5181,3838,5259,9097
00728300,CENTRAL ARIZONA COLLEGE                 ,AZ,85228-9779,Public       ,423,577,1000,669,891,1560
00822100,UNIVERSAL TECHNICAL INSTITUTE           ,AZ,85323-7946,Proprietary  ,4884,1762,6646,8222,2909,11131
00824600,DINè COLLEGE                            ,AZ,86556-0126,Public       ,199,354,553,271,511,782
00830300,GATEWAY COMMUNITY COLLEGE               ,AZ,85034-1795,Public       ,306,1056,1362,536,1776,2312
00830302,MARICOPA SKILL CENTER                   ,AZ,85034-0000,Public       ,57,205,262,80,313,393
00830400,SCOTTSDALE COMMUNITY COLLEGE            ,AZ,85250-0000,Public       ,711,924,1635,1242,1458,2700
00886400,ARIZONA ACADEMY OF BEAUTY               ,AZ,85712-5021,Proprietary  ,5,19,24,7,23,30
00886500,ARTISTIC BEAUTY COLLEGES-TUCSON         ,AZ,85716-3999,Proprietary  ,49,96,145,55,98,153
00886501,ARTISTIC BEAUTY COLLEGES - TUCSON  - NOR,AZ,85705-1665,Proprietary  ,23,54,77,30,59,89
00945100,BROWN MACKIE COLLEGE                    ,AZ,85712-5300,Proprietary  ,54,212,266,61,225,286
01084700,ARIZONA AUTOMOTIVE INSTITUTE            ,AZ,85301-3503,Proprietary  ,159,301,460,227,421,648
01085800,AVALON SCHOOL OF COSMETOLOGY            ,AZ,85210-4010,Proprietary  ,21,75,96,28,83,111
01157000,PIMA MEDICAL INSTITUTE-MESA             ,AZ,85202-2950,Proprietary  ,26,56,82,47,117,164
01168900,REFRIGERATION SCHOOL                    ,AZ,85034-0000,Proprietary  ,9,108,117,12,137,149
01180200,ARIZONA ACADEMY OF BEAUTY-NORTH         ,AZ,85705-2720,Proprietary  ,9,23,32,12,25,37
01180800,ARTISTIC BEAUTY COLLEGES-FLAGSTAFF      ,AZ,86004-5119,Proprietary  ,27,77,104,31,80,111
01180801,CLG OF BEAUTY ARTS & SCI/CHANDLER       ,AZ,85224-0000,Proprietary  ,10,38,48,10,41,51
01180802,CLG OF BEAUTY ARTS & SCI/PRESCOTT       ,AZ,86303-0000,Proprietary  ,8,22,30,8,23,31
01186200,NORTHLAND PIONEER COLLEGE               ,AZ,86025-2996,Public       ,119,319,438,190,553,743
01186400,MOHAVE COMMUNITY COLLEGE                ,AZ,86409-1238,Public       ,183,790,973,312,1202,1514
01218400,INTERNATIONAL ACAD OF HAIR DESIGN       ,AZ,85225-7198,Proprietary  ,25,44,69,27,48,75
01234300,ARTISTIC BEAUTY COLLEGES-PHOENIX        ,AZ,85304-0000,Proprietary  ,18,64,82,19,66,85
01234301,EMPIRE BEAUTY SCHOOL - AVONDALE         ,AZ,85323-2352,Proprietary  ,5,5,10,12,13,25
01293700,ARTISTIC BEAUTY COLLEGES - PARADISE VALL,AZ,85257-0000,Proprietary  ,11,9,20,14,11,25
02065200,ITT TECHNICAL INSTITUTE                 ,AZ,85282-0000,Proprietary  ,279,700,979,340,791,1131
02065300,PRESCOTT COLLEGE                        ,AZ,86301-0000,Private      ,87,311,398,283,692,975
02071200,KAPLAN COLLEGE                          ,AZ,85029-4349,Proprietary  ,60,193,253,68,217,285
02098800,UNIVERSITY OF PHOENIX                   ,AZ,85040-0000,Proprietary  ,1264,34489,35753,2081,60299,62380
02100500,UNIVERSAL TECHNICAL INSTITUTE           ,AZ,85027-0000,Proprietary  ,3133,2241,5374,4960,3596,8556
02100600,APOLLO COLLEGE                          ,AZ,85015-0000,Proprietary  ,371,972,1343,483,1320,1803
02113800,ROBERTO-VENN SCH OF LUTHIERY            ,AZ,85040-0000,Proprietary  ,10,13,23,21,24,45
02146600,SOUTH MOUNTAIN COMMUNITY COLLEGE        ,AZ,85040-0000,Public       ,363,584,947,569,862,1431
02171500,WESTERN INTERNATIONAL UNIVERSITY        ,AZ,85021-0000,Proprietary  ,133,2846,2979,362,8560,8922
02171545,AXIA- (WESTERN INTERNATIONAL UNIVERSITY),AZ,85210-4803,Proprietary  ,0,0,0,0,41,41
02173300,DEVOE COLLEGE OF BEAUTY                 ,AZ,85635-0000,Proprietary  ,1,2,3,2,3,5
02174900,COLLINS COLLEGE                         ,AZ,85040-4000,Proprietary  ,748,457,1205,1841,1039,2880
02177500,RIO SALADO COMMUNITY COLLEGE            ,AZ,85281-0000,Public       ,162,1437,1599,280,2403,2683
02181300,LONG TECHNICAL COLLEGE                  ,AZ,85008-6915,Proprietary  ,6,53,59,8,67,75
02192300,MARICOPA BEAUTY COLLEGE                 ,AZ,85323-0000,Proprietary  ,20,20,40,26,28,54
02199900,AMERICAN INDIAN CLG-ASSEMBLIES GOD      ,AZ,85021-0000,Private      ,14,19,33,28,32,60
02217100,PIMA MEDICAL INSTITUTE                  ,AZ,85716-0000,Proprietary  ,355,1282,1637,511,1899,2410
02218800,BROOKLINE COLLEGE                       ,AZ,85019-1600,Proprietary  ,68,519,587,89,739,828
02220300,ARTISTIC BEAUTY COLLEGES-GLENDALE       ,AZ,85051-0000,Proprietary  ,14,33,47,18,41,59
02263100,ANTHEM COLLEGE                          ,AZ,85014-0000,Proprietary  ,1049,2710,3759,1993,4747,6740
02280500,CHARLES OF ITALY BEAUTY COLLEGE         ,AZ,86403-0000,Proprietary  ,8,17,25,8,18,26
02295000,EVEREST COLLEGE                         ,AZ,85021-1610,Proprietary  ,110,735,845,155,976,1131
02317800,AMERICAN INSTITUTE OF TECHNOLOGY        ,AZ,85043-0000,Proprietary  ,4,194,198,11,235,246
02342401,ACADEMY OF RADIO BROADCASTING           ,AZ,85008-0000,Proprietary  ,0,7,7,5,16,21
02361100,ITT TECHNICAL INSTITUTE                 ,AZ,85704-0000,Proprietary  ,157,280,437,194,387,581
02491500,THE ART CENTER DESIGN COLLEGE           ,AZ,85716-0000,Proprietary  ,68,143,211,99,178,277
02521500,LAMSON COLLEGE                          ,AZ,85284-1141,Proprietary  ,18,114,132,22,121,143
02559000,UNIVERSITY OF ADVANCING TECHNOLOGY      ,AZ,85283-0000,Proprietary  ,294,207,501,764,384,1148
02561900,TONI AND GUY HAIRDRESSING ACADEMY       ,AZ,85251-3301,Proprietary  ,40,40,80,53,54,107
02582700,CORTIVA INSTITUTE - TUCSON              ,AZ,85710-3503,Proprietary  ,18,28,46,25,54,79
02602500,NORTHERN ARIZONA INSTITUTE OF TECHNOLOGY,AZ,86001-0000,Proprietary  ,0,0,0,1,0,1
02616700,SCOTTSDALE CULINARY INSTITUTE           ,AZ,85251-2729,Proprietary  ,429,650,1079,823,1119,1942
02623600,PARADISE VALLEY COMMUNITY COLLEGE       ,AZ,85032-1210,Public       ,472,756,1228,783,1234,2017
02623800,CORTIVA INSTITUTE - SCOTTSDALE          ,AZ,85257-4218,Proprietary  ,10,51,61,16,68,84
03004700,MUNDUS INSTITUTE                        ,AZ,85015-3665,Proprietary  ,4,12,16,6,18,24
03005000,SAFFORD COLLEGE OF BEAUTY CULTURE       ,AZ,85546-3309,Proprietary  ,2,0,2,2,0,2
03010613,VIRGINIA COLLEGE - GOLF ACADEMY OF ARIZO,AZ,85225-6742,Proprietary  ,41,38,79,64,81,145
03030604,UTAH COLLEGE OF MASSAGE THERAPY - ARIZON,AZ,85282-0000,Proprietary  ,58,113,171,83,160,243
03030605,UTAH COLLEGE OF MASSAGE THERAPY - ARIZON,AZ,85051-3470,Proprietary  ,41,82,123,63,133,196
03034400,CONSERVATORY RECORDING ARTS & SCIS      ,AZ,85282-1707,Proprietary  ,158,170,328,277,329,606
03072200,CHANDLER-GILBERT COMMUNITY COLLEGE      ,AZ,85225-2499,Public       ,676,803,1479,1090,1322,2412
03076400,BRYMAN SCHOOL OF ARIZONA                ,AZ,85029-4919,Proprietary  ,910,1340,2250,1556,2298,3854
03081200,METROPOLITAN COLLEGE                    ,AZ,85040-0000,Private      ,0,3,3,2,7,9
03097800,CARSTEN INSTITUTE OF HAIR & BEAUTY      ,AZ,85282-5404,Proprietary  ,46,47,93,55,59,114
03100400,COCONINO COUNTY COMMUNITY COLLEGE       ,AZ,86001-2701,Public       ,289,406,695,510,667,1177
03107000,SOUTHWEST CLG OF NATUROPATHIC MED       ,AZ,85282-0000,Private      ,1,182,183,3,311,314
03115000,ARIZONA COLLEGE OF ALLIED HEALTH        ,AZ,85302-3843,Proprietary  ,14,110,124,25,166,191
03120300,COLLEGE AMERICA                         ,AZ,86004-3936,Proprietary  ,68,165,233,74,175,249
03156300,ESTRELLA MOUNTAIN COMMUNITY COLLEGE     ,AZ,85392-1010,Public       ,391,598,989,650,994,1644
03156301,ESTRELLA MOUNTAIN COMMUNITY COLLEGE - SO,AZ,85392-1010,Public       ,55,161,216,84,262,346
03347300,INTERNATIONAL BAPTIST COLLEGE           ,AZ,85282-6799,Private      ,11,4,15,14,5,19
03445300,HDS TRUCK DRIVING INSTITUTE             ,AZ,85731-0000,Proprietary  ,1,8,9,1,11,12
03572300,EAST VALLEY INSTITUTE OF TECHNOLOGY     ,AZ,85201-6910,Public       ,18,33,51,24,42,66
03593300,SOUTHWEST INSTITUTE OF HEALING ARTS     ,AZ,85281-3658,Proprietary  ,24,120,144,36,200,236
03617500,PHOENIX INSTITUTE OF HERBAL MEDICINE & A,AZ,85012-0000,Proprietary  ,2,24,26,5,44,49
03695500,ARIZONA SCHOOL OF ACUPUNCTURE AND ORIENT,AZ,85712-1100,Proprietary  ,1,16,17,3,26,29
03740500,ART INSTITUTE OF TUCSON (THE)           ,AZ,85712-2732,Proprietary  ,50,44,94,56,49,105
03784400,TOHONO O'ODHAM COMMUNITY COLLEGE        ,AZ,85634-3129,Public       ,3,23,26,7,28,35
03814300,TURNING POINT BEAUTY COLLEGE            ,AZ,85222-4229,Proprietary  ,0,6,6,0,7,7
04051300,ART INSTITUTE OF PHOENIX (THE)          ,AZ,85021-2859,Proprietary  ,191,134,325,191,134,325
04059300,TUCSON COLLEGE OF BEAUTY                ,AZ,85705-2451,Proprietary  ,2,6,8,2,6,8
00142800,DELAWARE STATE UNIVERSITY               ,DE,19901-2277,Public       ,1631,528,2159,4347,1061,5408
00142900,GOLDEY BEACOM COLLEGE                   ,DE,19808-1993,Private      ,185,107,292,388,195,583
00143100,UNIVERSITY OF DELAWARE                  ,DE,19716-0099,Public       ,3005,654,3659,16079,1644,17723
00143300,WESLEY COLLEGE                          ,DE,19901-3875,Private      ,638,116,754,1970,231,2201
00143301,WESLEY COLLEGE-CTR FOR ADULT STUDIE     ,DE,19720-0000,Private      ,7,115,122,20,178,198
00331301,WIDENER UNIV SCHOOL OF LAW - DE         ,DE,19803-0000,Private      ,6,468,474,22,1496,1518
00705300,DELAWARE TECH & CMTY COLLEGE-OWENS      ,DE,19947-0000,Public       ,449,600,1049,829,967,1796
00794800,WILMINGTON UNIVERSITY                   ,DE,19720-6491,Private      ,473,1281,1754,896,2350,3246
01172700,DELAWARE TECH & CMTY CLG-TERRY          ,DE,19901-8736,Public       ,386,556,942,675,843,1518
01195002,DELAWARE COLLEGE OF ART & DESIGN        ,DE,19801-0000,Private      ,77,17,94,231,42,273
02125200,BEEBE SCHOOL OF NURSING                 ,DE,19958-1462,Private      ,15,18,33,24,40,64
02144900,DELAWARE TECH & CMTY CLG-STANTN/WLM     ,DE,19801-0000,Public       ,761,1127,1888,1332,1814,3146
02190400,SCHILLING DOUGLAS SCH OF HAIR DSGN      ,DE,19711-0000,Proprietary  ,28,36,64,37,55,92
02586902,STAR TECHNICAL INSTITUTE -              ,DE,19901-4615,Proprietary  ,14,73,87,16,118,134
03021000,HARRISON CAREER INSTITUTE               ,DE,19804-3259,Proprietary  ,3,13,16,3,15,18
03025800,DAWN TRAINING CENTRE                    ,DE,19805-1511,Proprietary  ,17,115,132,19,132,151
03543300,HARRIS SCHOOL OF BUSINESS               ,DE,19803-5341,Proprietary  ,8,17,25,8,21,29
03702300,DELAWARE LEARNING INSTITUTE OF COSMETOLO,DE,19939-9759,Proprietary  ,0,1,1,0,1,1
00143400,AMERICAN UNIVERSITY                     ,DC,20016-8020,Private      ,361,1354,1715,9811,7873,17684
00143700,CATHOLIC UNIVERSITY OF AMERICA          ,DC,20064-0002,Private      ,722,620,1342,3242,1648,4890
00143711,"CATHOLIC UNIV AMERICA, LAW SCHOOL       ",DC,20064-0000,Private      ,9,443,452,28,1464,1492
00144100,UNIV OF THE DISTRICT OF COLUMBIA        ,DC,20008-0000,Public       ,656,1232,1888,1260,2273,3533
00144102,UNIVERSITY OF THE DISTRICT OF COLUMBIA -,DC,20008-1173,Public       ,15,148,163,27,558,585
00144300,GALLAUDET UNIVERSITY                    ,DC,20002-3695,Private      ,344,308,652,685,624,1309
00144400,GEORGE WASHINGTON UNIVERSITY            ,DC,20052-2353,Private      ,2026,2339,4365,10359,6138,16497
00144402,GEORGE WASHINGTON UNIV LAW SCHL         ,DC,20052-0000,Private      ,5,749,754,21,3622,3643
00144403,GEORGE WASHINGTON UNIV SCH MED          ,DC,20052-0000,Private      ,5,453,458,24,1068,1092
00144500,GEORGETOWN UNIVERSITY                   ,DC,20057-1252,Private      ,1244,1173,2417,9417,3726,13143
00144501,"GEORGETOWN UNIV, SCH OF MEDICINE        ",DC,20007-0000,Private      ,5,297,302,24,1095,1119
00144503,GEORGETOWN UNIV LAW CENTER              ,DC,20001-0000,Private      ,2,957,959,18,4529,4547
00144800,HOWARD UNIVERSITY                       ,DC,20059-0001,Private      ,2106,1987,4093,10277,6413,16690
00145600,SOUTHEASTERN UNIVERSITY                 ,DC,20024-2788,Private      ,53,326,379,110,573,683
00145900,STRAYER UNIVERSITY                      ,DC,20005-2603,Proprietary  ,307,9091,9398,385,11935,12320
00146000,TRINITY UNIVERSITY                      ,DC,20017-1004,Private      ,199,431,630,656,981,1637
00146400,WESLEY THEOLOGICAL SEMINARY             ,DC,20016-0000,Private      ,0,91,91,0,200,200
00207701,JOHNS HOPKINS UNIV SCH ADV INTL STU     ,DC,20036-0000,Private      ,1,152,153,24,1079,1103
01006500,WASHINGTON THEOLOGICAL UNION            ,DC,20012-0000,Private      ,0,14,14,0,23,23
01195000,THE CORCORAN COLLEGE OF ART & DESIG     ,DC,20006-4804,Private      ,101,93,194,404,209,613
01266500,HARRISON CTR FOR CAREER EDUCATION       ,DC,20001-5303,Private      ,2,46,48,3,89,92
01280300,DOMINICAN HOUSE OF STUDIES              ,DC,20017-1584,Private      ,0,1,1,0,1,1
02132800,NAT'L CONSERVATORY DRAMATIC ARTS        ,DC,20007-2758,Private      ,2,3,5,4,7,11
02279200,DUDLEY BEAUTY COLG-WASHINGTON           ,DC,20018-0000,Proprietary  ,12,35,47,28,61,89
02588900,SANZ SCHOOL                             ,DC,20006-0000,Proprietary  ,91,386,477,100,439,539
03104300,CAREER BLAZERS LEARNING CENTER OF WASHIN,DC,20037-1881,Proprietary  ,14,147,161,22,184,206
03218300,POTOMAC COLLEGE                         ,DC,20016-1860,Proprietary  ,8,181,189,13,208,221
03409600,BENNETT CAREER INSTITUTE                ,DC,20017-1754,Proprietary  ,18,60,78,34,88,122
03750300,TECHNICAL LEARNING CENTERS              ,DC,20005-3415,Proprietary  ,5,40,45,11,77,88
00154100,ABRAHAM BALDWIN AGRICULTURAL CLG        ,GA,31794-0000,Public       ,1178,557,1735,1879,903,2782
00154200,AGNES SCOTT COLLEGE                     ,GA,30030-3797,Private      ,336,108,444,1035,221,1256
00154300,DARTON COLLEGE                          ,GA,31707-3098,Public       ,913,1394,2307,1333,2183,3516
00154400,ALBANY STATE UNIVERSITY                 ,GA,31705-2796,Public       ,2282,1310,3592,4740,2177,6917
00154500,ANDREW COLLEGE                          ,GA,39840-1313,Private      ,198,13,211,325,26,351
00154600,ARMSTRONG ATLANTIC STATE UNIVERSITY     ,GA,31419-1997,Public       ,1289,1513,2802,2867,3278,6145
00154700,ATLANTA CHRISTIAN COLLEGE               ,GA,30344-1999,Private      ,203,57,260,318,105,423
00154900,ATLANTA COLLEGE OF ART                  ,GA,30309-3549,Private      ,51,26,77,141,71,212
00155200,AUGUSTA STATE UNIVERSITY                ,GA,30904-2200,Public       ,1916,1828,3744,3392,3196,6588
00155400,BERRY COLLEGE                           ,GA,30149-5007,Private      ,513,60,573,1806,131,1937
00155500,THOMAS UNIVERSITY                       ,GA,31792-7499,Private      ,100,303,403,170,451,621
00155600,BRENAU UNIVERSITY                       ,GA,30501-3668,Private      ,398,838,1236,884,1500,2384
00155700,BREWTON PARKER COLLEGE                  ,GA,30445-0000,Private      ,356,340,696,595,540,1135
00155800,COASTAL GEORGIA COMMUNITY COLLEGE       ,GA,31520-3644,Public       ,543,875,1418,798,1446,2244
00155900,CLARK ATLANTA UNIVERSITY                ,GA,30314-4385,Private      ,2979,1361,4340,10191,3075,13266
00156000,COLUMBIA THEOLOGICAL SEMINARY           ,GA,30031-0000,Private      ,1,96,97,2,162,164
00156100,COLUMBUS STATE UNIVERSITY               ,GA,31907-5645,Public       ,2154,1654,3808,4025,2836,6861
00156200,GEORGIA PERIMETER COLLEGE               ,GA,30021-0000,Public       ,3669,4104,7773,6195,8040,14235
00156300,EMMANUEL COLLEGE                        ,GA,30639-0000,Private      ,251,67,318,512,123,635
00156400,EMORY UNIVERSITY                        ,GA,30322-1960,Private      ,999,1630,2629,7609,6105,13714
00156600,FORT VALLEY STATE UNIVERSITY            ,GA,31030-3298,Public       ,1332,502,1834,2588,908,3496
00156700,GAINESVILLE STATE COLLEGE               ,GA,30503-0000,Public       ,1587,713,2300,2461,1108,3569
00156800,INTERDENOMINATIONAL THEOLOGY CENTER     ,GA,30314-0000,Private      ,1,218,219,3,337,340
00156900,GEORGIA INSTITUTE OF TECHNOLOGY         ,GA,30332-0002,Public       ,3224,1129,4353,10598,2346,12944
00157000,SOUTHERN POLYTECHNIC STATE UNIV         ,GA,30060-2896,Public       ,724,559,1283,1580,1028,2608
00157100,GEORGIA MILITARY COLLEGE                ,GA,31061-3398,Public       ,836,1117,1953,1280,1838,3118
00157200,GEORGIA SOUTHERN UNIVERSITY             ,GA,30460-8065,Public       ,4942,1631,6573,12149,3318,15467
00157300,GEORGIA SOUTHWESTERN STATE UNIV         ,GA,31709-4693,Public       ,709,544,1253,1326,1004,2330
00157400,GEORGIA STATE UNIVERSITY                ,GA,30303-3010,Public       ,6257,6342,12599,14843,14085,28928
00157500,GORDON COLLEGE                          ,GA,30204-1762,Public       ,1294,617,1911,2256,1117,3373
00157700,KENNESAW STATE UNIVERSITY               ,GA,30144-5591,Public       ,3940,3344,7284,7803,6148,13951
00157800,LAGRANGE COLLEGE                        ,GA,30240-2999,Private      ,374,196,570,1044,347,1391
00157900,MEDICAL COLLEGE OF GEORGIA              ,GA,30912-0004,Public       ,225,859,1084,439,1777,2216
00158000,MERCER UNIVERSITY                       ,GA,31207-0003,Private      ,1002,2267,3269,3039,4483,7522
00158100,MIDDLE GEORGIA COLLEGE                  ,GA,31014-1599,Public       ,1170,482,1652,2101,969,3070
00158200,MOREHOUSE COLLEGE                       ,GA,30314-3773,Private      ,1188,231,1419,3281,515,3796
00158500,NORTH GEORGIA COLLEGE & STATE UNIV      ,GA,30597-0001,Public       ,986,540,1526,2324,1085,3409
00158600,OGLETHORPE UNIVERSITY                   ,GA,30319-2737,Private      ,331,124,455,896,265,1161
00158700,PAINE COLLEGE                           ,GA,30901-3182,Private      ,461,141,602,1221,315,1536
00158800,PIEDMONT COLLEGE                        ,GA,30535-5644,Private      ,281,651,932,564,997,1561
00158900,REINHARDT COLLEGE                       ,GA,30183-2981,Private      ,362,120,482,702,196,898
00159000,SAVANNAH STATE UNIVERSITY               ,GA,31404-5298,Public       ,1887,751,2638,3915,1405,5320
00159100,SHORTER COLLEGE                         ,GA,30165-4298,Private      ,466,748,1214,1157,1264,2421
00159200,SOUTH GEORGIA COLLEGE                   ,GA,31533-8104,Public       ,463,271,734,756,499,1255
00159400,SPELMAN COLLEGE                         ,GA,30314-4399,Private      ,919,237,1156,4421,674,5095
00159600,TOCCOA FALLS COLLEGE                    ,GA,30598-0001,Private      ,441,86,527,910,159,1069
00159700,TRUETT MCCONNELL COLLEGE                ,GA,30528-1264,Private      ,199,14,213,344,29,373
00159800,UNIVERSITY OF GEORGIA                   ,GA,30602-6114,Public       ,5588,3337,8925,14965,7109,22074
00159900,VALDOSTA STATE UNIVERSITY               ,GA,31698-0001,Public       ,3948,1668,5616,7233,2801,10034
00160000,WESLEYAN COLLEGE                        ,GA,31210-4407,Private      ,149,193,342,328,293,621
00160100,UNIV OF WEST GEORGIA                    ,GA,30118-0002,Public       ,3124,1494,4618,6295,2647,8942
00160200,GEORGIA COLLEGE & STATE UNIVERSITY      ,GA,31061-0490,Public       ,1582,608,2190,3710,1141,4851
00160400,YOUNG HARRIS COLLEGE                    ,GA,30582-4137,Private      ,270,10,280,624,20,644
00348400,COVENANT COLLEGE                        ,GA,30750-4164,Private      ,213,127,340,1037,241,1278
00395600,DALTON STATE COLLEGE                    ,GA,30720-3797,Public       ,749,773,1522,1172,1228,2400
00402400,GEORGIA NORTHWESTERN TECHNICAL COLLEGE  ,GA,30161-6757,Public       ,193,673,866,263,856,1119
00402403,NORTHWESTERN TECHNICAL COLLEGE          ,GA,30739-0569,Public       ,155,571,726,229,871,1100
00411700,GRADY HEALTH SYSTEM                     ,GA,30303-3050,Public       ,31,70,101,55,139,194
00525400,LANIER TECHNICAL COLLEGE                ,GA,30566-3499,Public       ,216,717,933,315,1129,1444
00525500,MOULTRIE TECHNICAL COLLEGE              ,GA,31768-0000,Public       ,156,685,841,206,931,1137
00525600,VALDOSTA TECHNICAL COLLEGE              ,GA,31603-0000,Public       ,354,835,1189,511,1374,1885
00551100,OKEFENOKEE TECHNICAL COLLEGE            ,GA,31501-4016,Public       ,144,544,688,172,638,810
00559900,AUGUSTA TECHNICAL COLLEGE               ,GA,30906-3399,Public       ,598,1806,2404,871,2633,3504
00560000,ATHENS TECHNICAL COLLEGE                ,GA,30601-1579,Public       ,430,869,1299,705,1504,2209
00560100,ALBANY TECHNICAL COLLEGE                ,GA,31701-2648,Public       ,368,1414,1782,494,1833,2327
00561300,FLINT RIVER TECHNICAL INSTITUTE         ,GA,30286-0014,Public       ,49,266,315,72,446,518
00561500,SOUTHWEST GEORGIA TECHNICAL COLLEGE     ,GA,31792-2622,Public       ,222,601,823,296,936,1232
00561700,SOUTH GEORGIA TECHNICAL COLLEGE         ,GA,31709-8167,Public       ,246,386,632,364,671,1035
00561800,SAVANNAH TECHNICAL COLLEGE              ,GA,31405-5594,Public       ,555,1944,2499,772,2792,3564
00561900,NORTH GEORGIA TECHNICAL COLLEGE         ,GA,30523-0000,Public       ,284,614,898,374,799,1173
00562000,CHATTAHOOCHEE TECHNICAL COLLEGE         ,GA,30060-3398,Public       ,681,1458,2139,1059,2533,3592
00562004,NORTH METRO TECHNICAL COLLEGE           ,GA,30102-3129,Public       ,125,389,514,177,584,761
00562005,APPALACHIAN TECHNICAL COLLEGE           ,GA,30143-0000,Public       ,97,227,324,147,336,483
00562100,GRIFFIN TECHNICAL COLLEGE               ,GA,30223-2097,Public       ,290,891,1181,446,1360,1806
00562200,DEKALB TECHNICAL COLLEGE                ,GA,30021-0000,Public       ,424,1650,2074,631,2638,3269
00562400,COLUMBUS TECHNICAL COLLEGE              ,GA,31904-6572,Public       ,364,1199,1563,513,1712,2225
00576300,CENTRAL GEORGIA TECHNICAL COLLEGE       ,GA,31206-3628,Public       ,427,1688,2115,812,3672,4484
00772800,MACON STATE COLLEGE                     ,GA,31206-5145,Public       ,1020,1544,2564,1796,2972,4768
00854300,ATLANTA TECHNICAL COLLEGE               ,GA,30310-4499,Public       ,436,1365,1801,663,2241,2904
00897600,CLAYTON STATE UNIVERSITY                ,GA,30260-0285,Public       ,1722,2336,4058,3257,4231,7488
00918300,EAST CENTRAL TECHNICAL COLLEGE          ,GA,31750-0000,Public       ,87,362,449,113,477,590
00927000,ART INSTITUTE OF ATLANTA                ,GA,30328-1649,Proprietary  ,1446,978,2424,2620,1745,4365
00950700,GEORGIA HIGHLANDS COLLEGE               ,GA,30162-0000,Public       ,949,819,1768,1359,1346,2705
01031903,MEDIX SCHOOL                            ,GA,30080-7630,Proprietary  ,64,187,251,76,213,289
01048700,WEST GEORGIA TECHNICAL COLLEGE          ,GA,30182-6476,Public       ,429,1124,1553,619,1802,2421
01048704,WEST GEORGIA TECHNICAL COLLEGE          ,GA,30240-5957,Public       ,127,548,675,220,813,1033
01077100,GUPTON JONES COLLEGE                    ,GA,30035-4022,Private      ,33,97,130,67,143,210
01099700,EAST GEORGIA COLLEGE                    ,GA,30401-2699,Public       ,584,278,862,918,414,1332
01107400,BAINBRIDGE COLLEGE                      ,GA,39819-8400,Public       ,352,849,1201,489,1333,1822
01110901,EVEREST COLLEGE - EVEREST INSTITUTE     ,GA,30067-8340,Proprietary  ,4,17,21,9,32,41
01157400,BAUDER COLLEGE                          ,GA,30313-2439,Proprietary  ,229,313,542,371,490,861
01205100,PRO WAY HAIR SCHOOL                     ,GA,30083-2884,Proprietary  ,15,47,62,22,81,103
01216500,ATLANTA METROPOLITAN COLLEGE            ,GA,30310-4498,Public       ,714,945,1659,1129,1611,2740
01303900,SOUTH UNIVERSITY                        ,GA,31406-4881,Proprietary  ,173,1325,1498,267,2078,2345
02055000,WAYCROSS COLLEGE                        ,GA,31503-0000,Public       ,226,241,467,330,408,738
02060900,BROWN CLG OF COURT REPORTING & M.T.     ,GA,30318-2570,Proprietary  ,12,145,157,15,222,237
02074800,LIFE UNIVERSITY                         ,GA,30060-0000,Private      ,81,391,472,173,1284,1457
02089700,HERZING COLLEGE                         ,GA,30326-1332,Proprietary  ,54,261,315,69,312,381
02110501,ART INSTITUTE OF CHARLOTTE (THE) - BROWN,GA,30319-3054,Proprietary  ,2,3,5,5,5,10
02113604,AMERICAN INTERCONTINENTAL UNIV - DUNWOOD,GA,30328-1649,Proprietary  ,362,1004,1366,689,2006,2695
02116000,SANFORD-BROWN COLLEGE                   ,GA,30328-4803,Proprietary  ,187,959,1146,290,1868,2158
02141500,SAVANNAH COLLEGE OF ART & DESIGN        ,GA,31402-3146,Private      ,2047,913,2960,5490,1929,7419
02202800,AUGUSTA AREA DIET INTERN UNIV HOSP      ,GA,30901-0000,Private      ,1,8,9,2,14,16
02205300,SAVANNAH RIVER COLLEGE                  ,GA,30909-0000,Proprietary  ,20,130,150,27,162,189
02217200,PORTFOLIO CENTER                        ,GA,30309-0000,Proprietary  ,10,49,59,16,77,93
02266200,AMERICAN PROFESSIONAL INSTITUTE         ,GA,31201-0000,Proprietary  ,49,240,289,58,307,365
02279500,HEART OF GEORGIA TECHNICAL COLLEGE      ,GA,31021-0000,Public       ,144,472,616,188,640,828
02284300,INTERACTIVE COLLEGE OF TECHNOLOGY       ,GA,30341-0000,Proprietary  ,65,418,483,76,519,595
02284308,INTERACTIVE LEARNING SYSTEMS            ,GA,30260-0000,Proprietary  ,11,36,47,15,83,98
02284309,INTERACTIVE COLLEGE OF TECHNOLOGY       ,GA,30501-0000,Proprietary  ,11,41,52,13,46,59
02285500,"CREATIVE CIRCUS, THE                    ",GA,30324-0000,Proprietary  ,18,117,135,26,172,198
02288400,GWINNETT TECHNICAL INSTITUTE            ,GA,30043-5702,Public       ,544,1197,1741,904,2474,3378
02313902,WESTWOOD COLLEGE - O'HARE AIRPORT - ATLA,GA,30345-2807,Proprietary  ,67,85,152,83,116,199
02318600,GEORGIA MEDICAL INSTITUTE               ,GA,30303-0000,Proprietary  ,159,757,916,223,949,1172
02321400,ROFFLER-MOLER HAIRSTYLING COLLEGE       ,GA,30062-0000,Proprietary  ,13,34,47,14,46,60
02354500,SOUTHEASTERN BEAUTY SCHOOLS             ,GA,31906-0000,Proprietary  ,9,60,69,10,68,78
02482100,MOREHOUSE SCHOOL OF MEDICINE            ,GA,30310-0000,Private      ,28,208,236,76,467,543
02502700,ADVANCED CAREER TRAINING                ,GA,30329-0000,Proprietary  ,26,108,134,36,171,207
02502701,ADVANCED CAREER TRAINING-RIVERDALE      ,GA,30274-0000,Proprietary  ,24,135,159,34,210,244
02508600,MIDDLE GEORGIA TECHNICAL COLLEGE        ,GA,31088-0000,Public       ,253,620,873,335,781,1116
02520000,INTERNATIONAL SCH SKIN & NAILCARE       ,GA,30342-1119,Proprietary  ,8,79,87,15,103,118
02577000,ARNOLD / PADRICKS  UNIV OF COSM         ,GA,30297-0000,Proprietary  ,5,10,15,6,14,20
02577700,BEAUTY COLLEGE OF AMERICA               ,GA,30297-0000,Proprietary  ,11,23,34,14,30,44
02578300,INTERNATIONAL CITY BEAUTY COLLEGE       ,GA,31093-3631,Proprietary  ,1,7,8,3,8,11
02580200,ATLANTA SCHOOL OF MASSAGE               ,GA,30338-0000,Proprietary  ,23,37,60,35,63,98
02583000,GWINNETT COLLEGE OF BUSINESS            ,GA,30047-3447,Proprietary  ,31,229,260,51,309,360
02607600,CAPELLI LEARNING CTR FOR COSM           ,GA,30324-0000,Proprietary  ,11,33,44,28,79,107
03005400,ARTISTIC BEAUTY COLLEGE                 ,GA,30013-2076,Proprietary  ,73,202,275,96,281,377
03022601,WESTERN CULINARY INSTITUTE - LE CORDON B,GA,30084-5893,Proprietary  ,35,39,74,70,69,139
03030000,OGEECHEE TECHNICAL COLLEGE              ,GA,30458-8049,Public       ,269,583,852,403,860,1263
03032100,ALTAMAHA TECHNICAL COLLEGE              ,GA,31545-4465,Public       ,93,301,394,113,419,532
03042700,LAURUSTECHNICAL INSTITUTE               ,GA,30030-1506,Proprietary  ,14,100,114,24,152,176
03066500,SOUTHEASTERN TECHNICAL COLLEGE          ,GA,30474-8817,Public       ,115,388,503,142,553,695
03066502,SWAINSBORO TECHNICAL COLLEGE            ,GA,30401-5700,Public       ,69,203,272,98,273,371
03072304,EVEREST COLLEGE - EVEREST INSTITUTE     ,GA,30236-0000,Proprietary  ,23,51,74,36,101,137
03076300,BEULAH HEIGHTS BIBLE COLLEGE            ,GA,30316-1873,Private      ,7,188,195,16,286,302
03079202,WESTWOOD COLLEGE - ATLANTA MIDTOWN      ,GA,30309-2848,Proprietary  ,147,179,326,228,257,485
03081500,SOUTHEASTERN BEAUTY SCHOOL              ,GA,31917-0000,Proprietary  ,10,62,72,12,70,82
03089100,GEORGIA INSTITUTE OF COSMETOLOGY        ,GA,30606-3152,Proprietary  ,10,64,74,16,72,88
03090600,COBB BEAUTY COLLEGE                     ,GA,30144-2828,Proprietary  ,6,20,26,8,22,30
03100900,LUTHER RICE UNIVERSITY                  ,GA,30038-2454,Private      ,13,158,171,16,256,272
03102000,RIVERTOWN SCHOOL OF BEAUTY              ,GA,31904-4747,Proprietary  ,11,40,51,12,47,59
03104500,ATLANTA INSTITUTE OF MUSIC              ,GA,30096-4988,Proprietary  ,32,29,61,41,44,85
03116100,VOGUE BEAUTY SCHOOL                     ,GA,30141-2226,Proprietary  ,8,41,49,12,43,55
03155500,SANDERSVILLE REGIONAL TECH INST         ,GA,31082-6179,Public       ,51,165,216,78,259,337
03173300,ATLANTA'S JOHN MARSHALL LAW SCHOOL      ,GA,30309-0000,Proprietary  ,9,233,242,10,483,493
03232303,COMPUTER-ED INSTITUTE-                  ,GA,30071-0000,Proprietary  ,38,205,243,39,215,254
03232304,LINCOLN COLLEGE OF TECHNOLOGY           ,GA,30067-8638,Proprietary  ,64,201,265,78,287,365
03251300,BEACON UNIVERSITY                       ,GA,31909-4663,Private      ,9,100,109,21,168,189
03391300,ROSS MEDICAL EDUCATION CENTER           ,GA,30033-3105,Proprietary  ,4,40,44,5,65,70
03418300,GWINNETT COLLEGE-SANDY SPRINGS          ,GA,30328-3161,Proprietary  ,6,59,65,7,67,74
03445500,FAYETTE BEAUTY ACADEMY                  ,GA,30214-1191,Proprietary  ,4,14,18,8,17,25
03522300,POWDER SPRINGS BEAUTY COLLEGE           ,GA,30127-2926,Proprietary  ,2,6,8,2,9,11
03523300,AVIATION INSTITUTE OF MAINTENANCE       ,GA,30045-6716,Proprietary  ,34,101,135,50,140,190
03576300,GEORGIA AVIATION AND TECHNICAL COLL     ,GA,31023-0000,Public       ,31,50,81,49,65,114
03753400,MICHAEL'S SCHOOL OF BEAUTY              ,GA,31211-1493,Proprietary  ,3,22,25,4,26,30
03762300,INSTITUTE FOR MEDICAL SERVICES CERTIFICA,GA,30340-2702,Private      ,2,3,5,9,17,26
03804400,JAVELIN TECHNICAL TRAINING CENTER       ,GA,30339-6040,Proprietary  ,16,108,124,17,119,136
03812300,OMNITECH INSTITUTE                      ,GA,30035-1206,Proprietary  ,24,82,106,35,141,176
04021300,AUGUSTA SCHOOL OF MASSAGE               ,GA,30809-0000,Proprietary  ,2,1,3,2,1,3
        ,CHICAGO THEOLOGICAL SEMINARY            ,IL,60637-0000,Private      ,2,26,28,2,127,129
00162800,AMERICAN ACADEMY OF ART                 ,IL,60604-4302,Proprietary  ,167,50,217,345,92,437
00163300,AUGUSTANA COLLEGE                       ,IL,61201-2296,Private      ,851,73,924,3135,121,3256
00163400,AURORA UNIVERSITY                       ,IL,60506-4892,Private      ,653,670,1323,1734,1293,3027
00163500,BARAT COLLEGE                           ,IL,60045-3297,Private      ,0,3,3,0,8,8
00163600,SOUTHWESTERN ILLINOIS COLLEGE           ,IL,62221-5899,Public       ,1012,1757,2769,1809,3021,4830
00163800,BLACK HAWK COLLEGE                      ,IL,61265-5899,Public       ,752,1029,1781,1315,1678,2993
00163900,BLACKBURN COLLEGE                       ,IL,62626-1498,Private      ,316,49,365,829,97,926
00164000,PRAIRIE STATE COLLEGE                   ,IL,60411-8226,Public       ,464,984,1448,919,1881,2800
00164100,BRADLEY UNIVERSITY                      ,IL,61625-0002,Private      ,732,242,974,5526,844,6370
00164300,SPOON RIVER COLLEGE                     ,IL,61520-8907,Public       ,204,244,448,438,415,853
00164700,CITY COLLEGES OF CHICAGO                ,IL,60606-6998,Public       ,87,162,249,184,373,557
00164800,TRUMAN COLLEGE                          ,IL,60640-5691,Public       ,473,966,1439,941,1954,2895
00164900,RICHARD J DALEY COLLEGE                 ,IL,60652-1299,Public       ,542,837,1379,1067,1850,2917
00165000,CITY COLLEGES OF CHICAGO-MALCOLM X      ,IL,60612-3197,Public       ,411,1091,1502,904,2479,3383
00165200,HAROLD WASHINGTON COLLEGE               ,IL,60601-2403,Public       ,913,1330,2243,1701,2682,4383
00165400,KENNEDY KING COLLEGE                    ,IL,60621-3798,Public       ,352,1259,1611,740,2619,3359
00165500,WRIGHT COLLEGE                          ,IL,60634-1591,Public       ,915,878,1793,1749,1827,3576
00165700,MIDWESTERN UNIVERSITY                   ,IL,60515-1200,Private      ,40,684,724,152,2266,2418
00165900,ROSALIND FRANKLIN UNIVERSITY OF MEDICINE,IL,60064-3095,Private      ,2,395,397,6,1754,1760
00166300,SPERTUS COLLEGE                         ,IL,60605-1995,Private      ,0,19,19,1,26,27
00166400,UNIVERSITY OF ST FRANCIS                ,IL,60435-6188,Private      ,475,582,1057,1087,1036,2123
00166495,ST JOSEPH COLLEGE OF NURSING            ,IL,60435-0000,Private      ,5,8,13,10,24,34
00166500,COLUMBIA COLLEGE                        ,IL,60605-1996,Private      ,2908,1413,4321,7416,3282,10698
00166600,CONCORDIA UNIVERSITY                    ,IL,60305-1499,Private      ,364,955,1319,1174,1584,2758
00166900,DANVILLE AREA COMMUNITY COLLEGE         ,IL,61832-5199,Public       ,254,357,611,530,666,1196
00167100,DEPAUL UNIVERSITY                       ,IL,60604-2287,Private      ,2493,2980,5473,11997,9068,21065
00167400,EASTERN ILLINOIS UNIVERSITY             ,IL,61920-3099,Public       ,2475,944,3419,7447,1987,9434
00167500,ELGIN COMMUNITY COLLEGE                 ,IL,60123-7193,Public       ,635,828,1463,1137,1456,2593
00167600,ELMHURST COLLEGE                        ,IL,60126-3296,Private      ,770,384,1154,2325,773,3098
00167800,EUREKA COLLEGE                          ,IL,61530-9976,Private      ,241,62,303,654,108,762
00168100,HIGHLAND COMMUNITY COLLEGE              ,IL,61032-9341,Public       ,225,266,491,455,484,939
00168200,GARRETT-EVANGELICAL THEOLOGICAL SEM     ,IL,60201-0000,Private      ,1,66,67,2,134,136
00168400,GREENVILLE COLLEGE                      ,IL,62246-1199,Private      ,411,212,623,1246,366,1612
00168500,HEBREW THEOLOGICAL COLLEGE              ,IL,60077-3263,Private      ,128,2,130,211,2,213
00168800,ILLINOIS COLLEGE                        ,IL,62650-2299,Private      ,267,25,292,1363,85,1448
00168900,ILLINOIS COLLEGE OF OPTOMETRY           ,IL,60616-3878,Private      ,4,277,281,12,624,636
00169100,ILLINOIS INSTITUTE OF TECHNOLOGY        ,IL,60616-0000,Private      ,548,445,993,2413,1085,3498
00169103,CHICAGO KENT COLLEGE OF LAW             ,IL,60661-0000,Private      ,1,558,559,4,1854,1858
00169200,ILLINOIS STATE UNIVERSITY               ,IL,61790-1000,Public       ,2981,1014,3995,13872,3467,17339
00169300,NORTHEASTERN ILLINOIS UNIV              ,IL,60625-4699,Public       ,1459,1767,3226,3705,4135,7840
00169400,CHICAGO STATE UNIVERSITY                ,IL,60628-1598,Public       ,1341,2571,3912,3418,5772,9190
00169600,ILLINOIS WESLEYAN UNIVERSITY            ,IL,61701-0000,Private      ,422,21,443,2581,49,2630
00169800,JOHN MARSHALL LAW SCHOOL                ,IL,60604-0000,Private      ,3,954,957,6,1998,2004
00169900,JOLIET JUNIOR COLLEGE                   ,IL,60431-8938,Public       ,1161,1129,2290,2197,2118,4315
00170000,JUDSON UNIVERSITY                       ,IL,60123-1498,Private      ,278,248,526,646,453,1099
00170100,KASKASKIA COLLEGE                       ,IL,62801-7878,Public       ,341,531,872,671,1020,1691
00170300,KENDALL COLLEGE                         ,IL,60622-4278,Proprietary  ,177,234,411,507,537,1044
00170400,KNOX COLLEGE                            ,IL,61401-4999,Private      ,415,29,444,1724,55,1779
00170500,ILLINOIS VALLEY COMMUNITY COLLEGE       ,IL,61348-9692,Public       ,306,407,713,583,725,1308
00170600,LAKE FOREST COLLEGE                     ,IL,60045-2399,Private      ,454,41,495,1518,91,1609
00170700,LEWIS UNIVERSITY                        ,IL,60446-2200,Private      ,1004,780,1784,2625,1487,4112
00170800,LINCOLN CHRISTIAN UNIVERSITY            ,IL,62656-2167,Private      ,239,166,405,494,347,841
00170900,LINCOLN COLLEGE                         ,IL,62656-1699,Private      ,445,118,563,855,204,1059
00171000,LOYOLA UNIVERSITY CHICAGO               ,IL,60626-0000,Private      ,1152,1888,3040,12705,6689,19394
00171002,LOYOLA STRITCH SCHOOL OF MEDICINE       ,IL,60153-0000,Private      ,3,77,80,11,882,893
00171200,LUTHERAN SCHOOL OF THEOL AT CHICAGO     ,IL,60615-0000,Private      ,0,67,67,1,115,116
00171600,MACCORMAC COLLEGE                       ,IL,60602-4405,Private      ,21,60,81,38,89,127
00171700,MACMURRAY COLLEGE                       ,IL,62650-2590,Private      ,277,99,376,682,198,880
00172100,MCCORMICK THEOLOGICAL SEMINARY          ,IL,60615-5108,Private      ,0,39,39,0,79,79
00172200,MCKENDREE UNIVERSITY                    ,IL,62254-1299,Private      ,517,431,948,1340,813,2153
00172300,MEADVILLE LOMBARD THEOLOGICAL SCHOOL    ,IL,60637-1602,Private      ,1,11,12,1,67,68
00172400,MILLIKIN UNIVERSITY                     ,IL,62522-2084,Private      ,762,260,1022,2610,560,3170
00172500,MONMOUTH COLLEGE                        ,IL,61462-1963,Private      ,595,39,634,1708,82,1790
00172800,MORTON COLLEGE                          ,IL,60804-4398,Public       ,387,458,845,629,737,1366
00173200,NATIONAL UNIV OF HEALTH SCIENCES        ,IL,60148-4583,Private      ,19,193,212,43,404,447
00173300,NATIONAL-LOUIS UNIVERSITY               ,IL,60603-3032,Private      ,117,2572,2689,204,4093,4297
00173400,NORTH CENTRAL COLLEGE                   ,IL,60540-4690,Private      ,557,170,727,2123,397,2520
00173500,NORTH PARK UNIVERSITY                   ,IL,60625-4895,Private      ,627,355,982,1825,690,2515
00173600,NORTHERN BAPTIST THEOL SEMINARY         ,IL,60148-0000,Private      ,0,7,7,2,17,19
00173700,NORTHERN ILLINOIS UNIVERSITY            ,IL,60115-2854,Public       ,3900,2099,5999,15998,6148,22146
00173900,NORTHWESTERN UNIV                       ,IL,60208-0001,Private      ,1381,2269,3650,11497,7285,18782
00174100,OLIVET NAZARENE UNIVERSITY              ,IL,60914-2271,Private      ,728,524,1252,2505,1083,3588
00174200,IL EASTERN COMM COLGS-OLNEY CENTRAL     ,IL,62450-1099,Public       ,206,197,403,436,385,821
00174500,QUINCY UNIVERSITY                       ,IL,62301-2699,Private      ,364,204,568,1054,360,1414
00174600,ROBERT MORRIS UNIVERSITY ILLINOIS       ,IL,60605-1225,Private      ,1207,1319,2526,3293,3419,6712
00174700,ROCK VALLEY COLLEGE                     ,IL,61114-5699,Public       ,801,1089,1890,1463,2142,3605
00174800,ROCKFORD COLLEGE                        ,IL,61108-2393,Private      ,239,365,604,659,698,1357
00174900,ROOSEVELT UNIVERSITY                    ,IL,60605-1394,Private      ,651,1802,2453,2017,4331,6348
00175000,DOMINICAN UNIVERSITY                    ,IL,60305-1066,Private      ,456,478,934,1413,908,2321
00175200,SAUK VALLEY COMMUNITY COLLEGE           ,IL,61021-9112,Public       ,265,340,605,524,680,1204
00175300,SCHOOL OF ART INSTITUTE OF CHICAGO      ,IL,60603-3013,Private      ,394,292,686,2122,1547,3669
00175400,SEABURY-WESTERN THEO SEMINARY           ,IL,60201-0000,Private      ,0,19,19,0,35,35
00175600,SHIMER COLLEGE                          ,IL,60616-3893,Private      ,21,21,42,44,41,85
00175700,SOUTHEASTERN ILLINOIS COLLEGE           ,IL,62946-4925,Public       ,198,225,423,368,404,772
00175800,SOUTHERN ILL UNIV-CARBONDALE            ,IL,62901-0000,Public       ,3999,2499,6498,10342,5163,15505
00175801,SOUTHERN ILLINOIS UNIV SCHOOL MEDIC     ,IL,62794-0000,Public       ,17,110,127,62,371,433
00175900,SOUTHERN ILL UNIV-EDWARDSVILLE          ,IL,62026-1060,Public       ,2299,1294,3593,7723,3636,11359
00175924,SO IL UNIV-SCHL OF DENTAL MEDICINE      ,IL,62002-0000,Public       ,1,54,55,8,196,204
00176100,SPRINGFIELD COLLEGE IN ILLINOIS         ,IL,62702-2694,Private      ,159,171,330,305,345,650
00176500,UNIVERSITY OF ST MARY OF THE LAKE       ,IL,60060-0000,Private      ,1,3,4,2,6,8
00176700,BENEDICTINE UNIVERSITY                  ,IL,60532-0900,Private      ,537,739,1276,1558,1349,2907
00176800,ST XAVIER UNIVERSITY                    ,IL,60655-3199,Private      ,732,910,1642,2885,2253,5138
00176900,SOUTH SUBURBAN COLLEGE                  ,IL,60473-9978,Public       ,563,1572,2135,1088,2859,3947
00177100,TRINITY CHRISTIAN COLLEGE               ,IL,60463-0929,Private      ,302,204,506,1018,398,1416
00177200,TRINITY INTERNATIONAL UNIVERSITY        ,IL,60015-1283,Private      ,264,324,588,825,761,1586
00177300,TRITON COLLEGE                          ,IL,60171-1995,Public       ,786,967,1753,1489,1777,3266
00177400,UNIVERSITY OF CHICAGO                   ,IL,60637-1476,Private      ,1361,515,1876,7299,1620,8919
00177401,UNIV OF CHICAGO PRITZKER SCH OF MED     ,IL,60637-0000,Private      ,5,177,182,24,530,554
00177403,"UNIV OF CHICAGO, GRAD SCH OF BUS        ",IL,60637-0000,Private      ,3,629,632,9,910,919
00177405,UNIVERSITY OF CHICAGO GRADUATE          ,IL,60637-0000,Private      ,9,1025,1034,49,3963,4012
00177500,UNIV OF ILLINOIS @ URBANA-CHAMPAIGN     ,IL,61820-5796,Public       ,6197,1913,8110,21106,5591,26697
00177600,UNIV OF ILLINOIS AT CHICAGO             ,IL,60607-7163,Public       ,3404,3139,6543,13110,9528,22638
00177800,VANDERCOOK COLLEGE OF MUSIC             ,IL,60616-3731,Private      ,47,27,74,109,45,154
00177900,IL EASTERN COMM COLGS-WABASH VALLEY     ,IL,62863-2699,Public       ,103,100,203,250,193,443
00178000,WESTERN ILLINOIS UNIVERSITY             ,IL,61455-1390,Public       ,2855,1176,4031,7739,2403,10142
00178100,WHEATON COLLEGE                         ,IL,60187-5535,Private      ,440,197,637,2288,477,2765
00178300,WORSHAM COLLEGE OF MORTUARY SCIENCE     ,IL,60090-2646,Proprietary  ,19,27,46,31,63,94
00396100,HARPER COLLEGE                          ,IL,60067-7398,Public       ,1020,820,1840,2000,1489,3489
00418100,ADVOCATE TRINITY HOSPITAL SCHOOL OF RADI,IL,60617-3982,Private      ,4,18,22,8,55,63
00456000,GEM CITY COLLEGE                        ,IL,62301-4949,Proprietary  ,5,8,13,8,12,20
00456800,MIDSTATE COLLEGE                        ,IL,61614-3558,Proprietary  ,15,302,317,31,526,557
00457100,SPARKS COLLEGE                          ,IL,62565-2241,Proprietary  ,2,12,14,4,18,22
00621400,BLESSING RIEMAN COLLEGE OF NURSING      ,IL,62301-0000,Private      ,25,24,49,61,52,113
00621401,BLESSING HOSP SCH MED LAB TECH          ,IL,62301-0000,Private      ,0,4,4,1,5,6
00621402,BLESSING HOSP SCH OF RAD TECH           ,IL,62301-2852,Private      ,11,4,15,13,10,23
00621403,BLESSING HOSPITAL - COLLEGE OF NURSING  ,IL,62305-7005,Private      ,2,2,4,4,5,9
00622501,TRINITY COLLEGE OF NURSING & HEALTH SCIE,IL,61201-5317,Private      ,27,62,89,46,116,162
00624000,ST FRANCIS MED CLG OF NRSG              ,IL,61603-3783,Private      ,45,79,124,111,203,314
00665600,COLLEGE OF DUPAGE                       ,IL,60137-6599,Public       ,1635,1569,3204,3068,2816,5884
00675300,ILLINOIS CENTRAL COLLEGE                ,IL,61635-0001,Public       ,885,1244,2129,1841,2279,4120
00693100,WAUBONSEE COMMUNITY COLLEGE             ,IL,60554-0000,Public       ,361,514,875,694,955,1649
00711800,PARKLAND COLLEGE                        ,IL,61821-1899,Public       ,1136,952,2088,2092,1731,3823
00711900,REND LAKE COLLEGE                       ,IL,62846-9801,Public       ,393,411,804,712,697,1409
00717000,LINCOLN LAND COMMUNITY COLLEGE          ,IL,62794-9256,Public       ,673,909,1582,1256,1735,2991
00726500,CARL SANDBURG COLLEGE                   ,IL,61401-9576,Public       ,323,509,832,591,906,1497
00729701,WESTWOOD COLLEGE OF TECHNOLOGY          ,IL,60176-0000,Proprietary  ,2,5,7,9,10,19
00754900,COYNE AMERICAN INSTITUTE                ,IL,60607-1300,Proprietary  ,74,242,316,132,426,558
00764400,LAKE LAND COLLEGE                       ,IL,61938-9366,Public       ,635,541,1176,1342,1076,2418
00768400,KISHWAUKEE COLLEGE                      ,IL,60150-9699,Public       ,380,421,801,719,752,1471
00769000,KANKAKEE COMMUNITY COLLEGE              ,IL,60901-6505,Public       ,307,464,771,628,883,1511
00769100,MCHENRY COUNTY COLLEGE                  ,IL,60012-2761,Public       ,342,326,668,668,589,1257
00769200,MORAINE VALLEY COMMUNITY COLLEGE        ,IL,60465-0937,Public       ,1136,991,2127,2262,1883,4145
00769300,SHAWNEE COMMUNITY COLLEGE               ,IL,62992-9725,Public       ,208,393,601,379,617,996
00769400,COLLEGE OF LAKE COUNTY                  ,IL,60030-1198,Public       ,680,993,1673,1224,1704,2928
00793700,MS ROBERTS ACADEMY OF BEAUTY CULT       ,IL,60181-2930,Proprietary  ,4,13,17,8,20,28
00807600,JOHN A LOGAN COLLEGE                    ,IL,62918-2500,Public       ,666,741,1407,1087,1158,2245
00825900,EDUCATORS OF BEAUTY                     ,IL,61081-3611,Proprietary  ,23,67,90,32,80,112
00825901,EDUCATORS OF BEAUTY                     ,IL,61104-0000,Proprietary  ,5,14,19,8,23,31
00832800,ALVAREITA'S COLLEGE OF COSMETOLOGY      ,IL,62025-2041,Proprietary  ,9,26,35,17,31,48
00854400,CAREER COLLEGES OF CHICAGO              ,IL,60603-6397,Proprietary  ,10,104,114,20,147,167
00854500,ROCKFORD BUSINESS COLLEGE               ,IL,61103-0000,Proprietary  ,52,387,439,69,583,652
00888000,MORRISON INSTITUTE OF TECHNOLOGY        ,IL,61270-2959,Private      ,66,12,78,126,20,146
00893800,GRAHAM HOSPITAL SCH OF NURSING          ,IL,61520-2497,Private      ,9,25,34,14,56,70
00893900,CANNELLA SCHOOL OF HAIR DESIGN          ,IL,60406-2130,Proprietary  ,9,26,35,11,40,51
00914500,GOVERNORS STATE UNIVERSITY              ,IL,60466-0975,Public       ,173,1304,1477,401,2805,3206
00923200,CATHOLIC THEOLOGICAL UNION              ,IL,60615-0000,Private      ,0,17,17,0,33,33
00933300,UNIV OF ILLINOIS AT SPRINGFIELD         ,IL,62703-5407,Public       ,424,744,1168,1119,1555,2674
00947500,EDUCATORS OF BEAUTY                     ,IL,61301-2404,Proprietary  ,14,12,26,15,16,31
00959500,CANNELLA SCHOOL OF HAIR DESIGN          ,IL,60617-4303,Proprietary  ,8,21,29,15,45,60
00976700,OLIVE-HARVEY COLLEGE                    ,IL,60628-1696,Public       ,231,709,940,470,1642,2112
00978600,IL EASTERN COMM COLGS-LINCOLN TRAIL     ,IL,62454-5708,Public       ,100,111,211,227,245,472
00980000,RUSH UNIVERSITY                         ,IL,60612-3806,Private      ,97,740,837,220,1590,1810
00989600,OAKTON COMMUNITY COLLEGE                ,IL,60016-1268,Public       ,639,532,1171,1353,1052,2405
00998700,SAINT ANTHONY COLLEGE OF NURSING        ,IL,61108-2468,Private      ,32,75,107,67,145,212
01002000,LEWIS AND CLARK COMMUNITY COLLEGE       ,IL,62035-2466,Public       ,488,617,1105,864,1154,2018
01031600,LINCOLN COLLEGE OF TECHNOLOGY           ,IL,60160-1605,Proprietary  ,365,509,874,501,723,1224
01050100,LAKEVIEW  COLLEGE OF NURSING            ,IL,61832-3781,Private      ,42,68,110,77,146,223
01069500,TRI-COUNTY BEAUTY ACADEMY               ,IL,62056-2036,Proprietary  ,6,13,19,6,16,22
01071000,CAPITAL AREA SCH OF PRAC NRSG           ,IL,62707-0000,Public       ,19,127,146,28,221,249
01072700,DEVRY UNIVERSITY                        ,IL,60618-5994,Proprietary  ,6633,18231,24864,12147,30434,42581
01073700,ADVOCATE IL MASONIC SCH OF RAD TECH     ,IL,60657-5193,Private      ,6,34,40,13,62,75
01083600,PIVOT POINT INTNL CSMTLGY RSRCH CTR     ,IL,60626-0000,Proprietary  ,115,137,252,167,245,412
01087900,RICHLAND COMMUNITY COLLEGE              ,IL,62521-8513,Public       ,284,484,768,476,812,1288
01181000,TAYLOR BUSINESS INSTITUTE               ,IL,60606-5111,Proprietary  ,3,53,56,5,69,74
01185800,EVEREST COLLEGE                         ,IL,60077-1074,Proprietary  ,137,444,581,158,519,677
01236200,NORTHWESTERN COLLEGE                    ,IL,60630-2298,Proprietary  ,356,846,1202,620,1581,2201
01238500,BLOOMINGTON-NORMAL SCH RADIOGRAPHY      ,IL,61761-4604,Private      ,4,2,6,11,4,15
01258400,ILLINOIS INSTITUTE OF ART (THE)         ,IL,60654-1593,Proprietary  ,1452,788,2240,2830,1348,4178
01260800,DU QUOIN BEAUTY COLLEGE                 ,IL,62832-1805,Proprietary  ,0,0,0,1,0,1
01281300,JOHN WOOD COMMUNITY COLLEGE             ,IL,62305-0401,Public       ,408,405,813,731,671,1402
01308700,CAPRI GARFIELD RIDGE SCH OF BTY CLR     ,IL,60629-1613,Proprietary  ,14,61,75,18,76,94
01308800,CAPRI OAK FOREST COLLEGE OF BEAUTY      ,IL,60452-2798,Proprietary  ,49,64,113,66,99,165
02055200,HARRINGTON COLLEGE OF DESIGN            ,IL,60606-3433,Proprietary  ,296,430,726,654,639,1293
02068100,ADLER SCH OF PROFESSIONAL PSYCHLGY      ,IL,60601-0000,Private      ,2,187,189,4,413,417
02069300,VATTEROTT COLLEGE                       ,IL,62305-5938,Proprietary  ,42,99,141,60,160,220
02073200,TELSHE YESHIVA-CHICAGO                  ,IL,60625-0000,Private      ,11,4,15,12,4,16
02074400,IL EASTERN COMM COLGS-FRONTIER          ,IL,62837-0000,Public       ,61,108,169,109,201,310
02075400,KELLER GRADUATE SCHOOL OF MGMT.         ,IL,60515-5683,Proprietary  ,14,3762,3776,26,6252,6278
02113600,AMERICAN INTERCONTINENTAL UNIVERSITY    ,IL,60192-3713,Proprietary  ,1397,11664,13061,2274,19949,22223
02117400,BECK AREA CAREER CENTER                 ,IL,62278-0000,Public       ,10,33,43,11,59,70
02124400,UNIVERSITY OF SPA & COSMETOLOGY ART     ,IL,62704-0000,Proprietary  ,39,60,99,54,87,141
02150600,COSMETOLOGY AND SPA INSTITUTE (THE)     ,IL,60014-4003,Proprietary  ,22,37,59,24,41,65
02155300,THE CHICAGO SCHOOL OF PROF PSYCHOLOGY   ,IL,60610-4705,Private      ,3,554,557,7,1335,1342
02160300,INTERNATIONAL ACAD OF DESIGN & TECH     ,IL,60602-3319,Proprietary  ,857,668,1525,1627,1358,2985
02160304,INTERNATIONAL ACADEMY OF DESIGN AND TECH,IL,60173-5160,Proprietary  ,34,26,60,79,45,124
02166800,JOHN AMICO'S SCHOOL OF HAIR DESIGN      ,IL,60452-0000,Proprietary  ,0,4,4,0,11,11
02168600,EAST WEST UNIVERSITY                    ,IL,60605-0000,Private      ,397,540,937,635,759,1394
02179900,ARGOSY UNIVERSITY                       ,IL,60601-7757,Proprietary  ,195,4113,4308,507,10898,11405
02185400,ST AUGUSTINE COLLEGE                    ,IL,60640-0000,Private      ,155,694,849,201,867,1068
02192400,MR JOHNS SCHOOL OF COSMETOLOGY          ,IL,62521-0000,Proprietary  ,6,52,58,8,55,63
02202600,CANNELLA SCHOOL OF HAIR DESIGN          ,IL,60181-1321,Proprietary  ,4,15,19,5,15,20
02214100,WEST SUBURBAN COLLEGE OF NURSING        ,IL,60302-2519,Private      ,36,103,139,66,202,268
02228100,MAC DANIEL'S BEAUTY SCHOOL              ,IL,60640-0000,Proprietary  ,3,14,17,6,23,29
02253000,CANNELLA SCHOOL OF HAIR DESIGN          ,IL,60644-0000,Proprietary  ,5,19,24,9,30,39
02261200,HAIR PROFESSIONALS ACAD COSMETOLOGY     ,IL,60118-0000,Proprietary  ,5,15,20,6,16,22
02262100,HAIR PROFESSIONALS SCH COSMETOLOGY      ,IL,60543-0000,Proprietary  ,5,13,18,7,14,21
02291200,CANNELLA SCHOOL OF HAIR DESIGN          ,IL,60639-0000,Proprietary  ,5,15,20,10,37,47
02295500,CANNELLA SCHOOL OF HAIR DESIGN          ,IL,60120-0000,Proprietary  ,3,35,38,3,36,39
02297500,OEHRLEIN SCHOOL OF COSMETOLOGY          ,IL,61611-0000,Proprietary  ,14,20,34,15,28,43
02312300,LA' JAMES COLLEGE HAIRSTYLING           ,IL,61244-0000,Proprietary  ,7,9,16,8,13,21
02313900,WESTWOOD COLLEGE - O'HARE AIRPORT       ,IL,60631-2801,Proprietary  ,112,150,262,214,338,552
02317300,CONCEPT COLLEGE OF COSMETOLOGY          ,IL,61832-0000,Proprietary  ,21,49,70,28,58,86
02319200,LAKE FOREST GRAD SCHL OF MGMT           ,IL,60045-4824,Private      ,0,52,52,0,83,83
02323300,PROFESSIONAL'S CHOICE HAIR DSN ACAD     ,IL,60435-0000,Proprietary  ,9,11,20,12,13,25
02332200,HAIR PROFESSIONALS CAREER COLLEGE       ,IL,60178-0000,Proprietary  ,11,7,18,13,10,23
02337800,THE COLLEGE OF OFFICE TECHNOLOGY        ,IL,60622-0000,Proprietary  ,24,213,237,27,243,270
02349400,ALVAREITA'S COLLEGE OF COSMETOLOGY      ,IL,62035-0000,Proprietary  ,10,4,14,11,7,18
02349500,CANNELLA SCHOOL OF HAIR DESIGN          ,IL,60632-0000,Proprietary  ,16,54,70,23,75,98
02352200,COOKING & HOSPITALITY INSTITUTE         ,IL,60610-3050,Proprietary  ,337,330,667,680,668,1348
02498200,HAIR PROFESSIONALS ACAD COSMETOLOGY     ,IL,60187-0000,Proprietary  ,6,14,20,6,19,25
02522800,FOX COLLEGE                             ,IL,60453-0000,Proprietary  ,88,24,112,122,34,156
02527600,LEXINGTON COLLEGE                       ,IL,60607-0000,Private      ,16,27,43,40,40,80
02536700,BELL MAR BEAUTY COLLEGE                 ,IL,60650-0000,Proprietary  ,1,4,5,2,6,8
02538100,REGENCY BEAUTY INSTITUTE                ,IL,61820-0000,Proprietary  ,1,41,42,4,51,55
02556100,ENVIRONMENTAL TECHNICAL INSTITUTE       ,IL,60143-0000,Proprietary  ,51,82,133,58,85,143
02556600,NILES SCHOOL OF COSMETOLOGY             ,IL,60714-0000,Proprietary  ,5,6,11,5,11,16
02573700,INSTITUTE FOR CLINICAL SOCIAL WORK      ,IL,60601-0000,Private      ,0,25,25,2,47,49
02579200,INGALLS MEMORIAL HOSPITAL               ,IL,60426-0000,Private      ,1,6,7,1,10,11
02584900,"FIRST INSTITUTE, INC.                   ",IL,60014-7489,Proprietary  ,7,24,31,7,38,45
02587700,HAIR PROFESSIONALS CAREER COLLEGE       ,IL,60465-1929,Proprietary  ,7,13,20,10,17,27
02599500,HANOVER PARK COLLEGE OF BEAUTY CULT     ,IL,60133-5421,Proprietary  ,19,24,43,28,36,64
02622700,KNOWLEDGE SYSTEMS INSTITUTE             ,IL,60076-0000,Private      ,0,2,2,0,5,5
03002000,HAIRMASTERS INST OF COSMETOLOGY         ,IL,61701-5547,Proprietary  ,17,12,29,20,17,37
03027702,PACIFIC COLLEGE OF ORIENTAL MEDICINE - C,IL,60613-4418,Proprietary  ,2,39,41,4,78,82
03065300,TREND SETTERS COLL OF COSMETOLOGY       ,IL,60915-2101,Proprietary  ,36,23,59,39,31,70
03072701,WESTWOOD COLLEGE OF TECHNOLOGY          ,IL,60409-0000,Proprietary  ,153,415,568,251,627,878
03072702,WESTWOOD COLLEGE OF TECHNOLOGY          ,IL,60602-0000,Proprietary  ,204,376,580,297,497,794
03078400,CAMEO BEAUTY ACADEMY                    ,IL,60453-3196,Proprietary  ,19,16,35,28,21,49
03079200,WESTWOOD COLLEGE - DUPAGE               ,IL,60517-2321,Proprietary  ,164,95,259,333,214,547
03082900,ROSEL SCHOOL OF COSMETOLOGY             ,IL,60659-1913,Proprietary  ,2,33,35,3,39,42
03083800,HEARTLAND COMMUNITY COLLEGE             ,IL,61761-9446,Public       ,372,585,957,747,1050,1797
03098000,ST JOHN'S COLLEGE OF NURSING            ,IL,62702-5321,Private      ,20,21,41,52,52,104
03098002,ST JOHN'S HOSP SCH MED TECH             ,IL,62769-5324,Private      ,2,2,4,6,3,9
03098003,ST JOHN'S HOSPITAL SCH OF DIETETICS     ,IL,62769-0000,Private      ,0,1,1,1,1,2
03099700,CAIN'S BARBER COLLEGE                   ,IL,60615-3510,Proprietary  ,14,79,93,24,143,167
03099800,ILLINOIS SCHOOL OF HEALTH CAREERS       ,IL,60604-0000,Proprietary  ,88,262,350,114,366,480
03101800,ILLINOIS CENTER FOR BROADCASTING        ,IL,60148-7015,Proprietary  ,7,51,58,14,87,101
03128300,PYRAMID CAREER INSTITUTE                ,IL,60657-4207,Proprietary  ,1,0,1,1,2,3
03128500,NATIONAL LATINO EDUCATION INSTITUTE     ,IL,60609-2205,Private      ,9,18,27,10,25,35
03199300,CHRISTIAN LIFE COLLEGE                  ,IL,60056-2522,Private      ,12,7,19,15,10,25
03368300,MIDWEST TECHNICAL INSTITUTE             ,IL,62707-8805,Proprietary  ,54,228,282,74,380,454
03448300,BIR TRAINING CENTER                     ,IL,60659-1298,Proprietary  ,6,50,56,6,59,65
03455700,CORTIVA INSTITUTE - CHICAGO             ,IL,60602-3315,Proprietary  ,50,112,162,75,178,253
03472300,CHICAGO URBAN LEAGUE COMPUTER TRAIN     ,IL,60604-2198,Private      ,1,2,3,1,9,10
03510300,ERIKSON INSTITUTE                       ,IL,60654-4510,Private      ,0,94,94,1,224,225
03623300,VEE'S SCHOOL OF BEAUTY CULTURE          ,IL,62205-2326,Proprietary  ,3,10,13,4,14,18
03643300,"MR. JOHN'S SCHOOL OF JACKSONVILLE,  INC,",IL,62650-3488,Proprietary  ,2,7,9,2,13,15
03655300,ILLINOIS CAREERPATH INSTITUTE           ,IL,60610-4705,Private      ,0,7,7,1,10,11
03669300,ILLINOIS WELDING SCHOOL                 ,IL,61607-2045,Proprietary  ,11,28,39,15,41,56
03684300,NORTHSHORE UNIVERSITY HEALTHSYSTEM SCHOO,IL,60201-9872,Private      ,0,11,11,0,18,18
03721400,AMERICAN CAREER COLLEGE                 ,IL,60402-0000,Proprietary  ,2,14,16,5,16,21
03879300,YOUR SCHOOL OF BEAUTY CULTURE           ,IL,60653-1517,Proprietary  ,1,18,19,1,34,35
03881400,EUROPEAN MASSAGE THERAPY SCHOOL         ,IL,60077-2269,Proprietary  ,2,33,35,3,35,38
03891300,SOMA INSTITUTE - THE NATIONAL SCHOOL OF ,IL,60604-4466,Proprietary  ,32,77,109,41,117,158
03914300,"CALC, INSTITUTE OF TECHNOLOGY           ",IL,62002-5931,Proprietary  ,2,35,37,4,81,85
03955400,MIDWEST INSTITUTE OF MASSAGE THERAPY    ,IL,62223-0000,Proprietary  ,0,6,6,1,15,16
        ,ASBURY THEOLOGICAL SEMINARY             ,KY,40390-0000,Private      ,3,392,395,10,896,906
00195100,ALICE LLOYD COLLEGE                     ,KY,41844-9703,Private      ,172,31,203,921,74,995
00195200,ASBURY COLLEGE                          ,KY,40390-1198,Private      ,275,79,354,1122,167,1289
00195400,BELLARMINE UNIVERSITY                   ,KY,40205-1877,Private      ,245,298,543,2038,770,2808
00195500,BEREA COLLEGE                           ,KY,40403-0000,Private      ,535,135,670,2256,380,2636
00195800,BRESCIA UNIVERSITY                      ,KY,42301-3023,Private      ,81,67,148,360,186,546
00195900,CAMPBELLSVILLE UNIVERSITY               ,KY,42718-2799,Private      ,316,240,556,1809,626,2435
00196000,SPALDING UNIVERSITY                     ,KY,40203-2188,Private      ,80,490,570,390,1369,1759
00196100,CENTRE COLLEGE                          ,KY,40422-1394,Private      ,161,20,181,1680,50,1730
00196200,UNIVERSITY OF THE CUMBERLANDS           ,KY,40769-1372,Private      ,359,165,524,1709,391,2100
00196300,EASTERN KENTUCKY UNIVERSITY             ,KY,40475-3102,Public       ,2291,2105,4396,7830,4892,12722
00196400,GEORGETOWN COLLEGE                      ,KY,40324-1628,Private      ,275,148,423,1715,313,2028
00196500,KENTUCKY CHRISTIAN UNIVERSITY           ,KY,41143-2205,Private      ,124,65,189,458,141,599
00196800,KENTUCKY STATE UNIVERSITY               ,KY,40601-2355,Public       ,709,426,1135,2135,942,3077
00196900,KENTUCKY WESLEYAN COLLEGE               ,KY,42302-1039,Private      ,220,49,269,1257,176,1433
00197000,LEES COLLEGE                            ,KY,41339-0000,Private      ,2,1,3,6,7,13
00197100,LEXINGTON THEOLOGICAL SEMINARY          ,KY,40508-0000,Private      ,1,23,24,1,44,45
00197200,LINDSEY WILSON COLLEGE                  ,KY,42728-1223,Private      ,204,274,478,1621,817,2438
00197400,LOUISVILLE PRESBYTERIAN THEOL SEM       ,KY,40205-0000,Private      ,0,79,79,0,124,124
00197500,MIDWAY COLLEGE                          ,KY,40347-1120,Private      ,106,324,430,434,889,1323
00197600,MOREHEAD STATE UNIVERSITY               ,KY,40351-1689,Public       ,1426,1393,2819,4667,2987,7654
00197700,MURRAY STATE UNIVERSITY                 ,KY,42071-0009,Public       ,1504,1082,2586,4811,2399,7210
00197900,WEST KENTUCKY CMNTY & TECHNICAL COLG    ,KY,42002-7380,Public       ,292,667,959,785,1482,2267
00197901,WEST KENTUCKY CMNTY & TECHNICAL COLG    ,KY,42001-0000,Public       ,69,147,216,249,350,599
00197903,W KY CMNTY TECH - MURRAY AREA VOC ED CTR,KY,42071-0000,Public       ,1,4,5,2,7,9
00197906,W KY CMNTY - FULTON CNTY AREA TECH CNTR ,KY,42050-0000,Public       ,0,2,2,0,2,2
00198000,PIKEVILLE COLLEGE                       ,KY,41501-1194,Private      ,196,88,284,892,275,1167
00198001,PIKEVILLE CLG-SCH OSTEOPATHIC MEDIC     ,KY,41501-0000,Private      ,1,148,149,4,305,309
00198200,SOUTHERN BAPTIST THEOL SEMINARY         ,KY,40280-0000,Private      ,12,39,51,40,101,141
00198300,ST. CATHARINE COLLEGE                   ,KY,40061-9499,Private      ,106,93,199,461,272,733
00198700,TRANSYLVANIA UNIVERSITY                 ,KY,40508-1797,Private      ,289,21,310,1419,71,1490
00198800,UNION COLLEGE                           ,KY,40906-1499,Private      ,207,202,409,854,407,1261
00198900,UNIVERSITY OF KENTUCKY                  ,KY,40506-0054,Public       ,2941,2001,4942,12391,5368,17759
00198901,UNIV OF KY-COLLEGE OF DENTISTRY         ,KY,40536-0000,Public       ,3,115,118,7,191,198
00198902,UNIV OF KY-COLLEGE OF MEDICINE          ,KY,40536-0000,Public       ,2,229,231,17,380,397
00199000,ASHLAND COMMUNITY AND TECHNICAL COLLEGE ,KY,41101-3683,Public       ,251,555,806,681,1272,1953
00199001,ASHLAND CMNTY AND TECHNCL COLG          ,KY,41102-0000,Public       ,41,82,123,121,183,304
00199100,ELIZABETHTOWN COMMUNITY  AND TECHNICAL C,KY,42701-3081,Public       ,388,801,1189,1186,1986,3172
00199300,HENDERSON COMMUNITY COLLEGE             ,KY,42420-4699,Public       ,128,310,438,321,640,961
00199400,HOPKINSVILLE COMMUNITY COLLEGE          ,KY,42241-2621,Public       ,208,859,1067,513,1756,2269
00199600,BIG SANDY COMMUNITY AND TECHNICAL COLG  ,KY,41653-1815,Public       ,303,423,726,936,1064,2000
00199602,BIG SANDY COMMUNITY AND TECHNICAL COLG  ,KY,41240-1032,Public       ,5,4,9,72,68,140
00199700,SOMERSET COMMUNITY COLLEGE              ,KY,42501-2973,Public       ,546,1252,1798,1443,2839,4282
00199701,LAUREL TECHNICAL COLLEGE                ,KY,40744-0000,Public       ,14,22,36,29,52,81
00199703,SOMERSET TECHNICAL COLLEGE              ,KY,42501-3043,Public       ,18,27,45,45,68,113
00199800,SOUTHEAST KENTUCKY COMMUNITY AND TECHNIC,KY,40823-1099,Public       ,274,380,654,715,822,1537
00199802,CUMBERLAND VLY TEC CLG MIDDLESBORO      ,KY,40965-2265,Public       ,7,14,21,35,25,60
00199804,SOUTHEAST COMMUNITY COLLEGE             ,KY,40831-1796,Public       ,12,28,40,28,46,74
00199900,UNIVERSITY OF LOUISVILLE                ,KY,40292-0000,Public       ,1554,2386,3940,9054,7900,16954
00200100,THOMAS MORE COLLEGE                     ,KY,41017-3495,Private      ,209,166,375,966,398,1364
00200200,WESTERN KENTUCKY UNIVERSITY             ,KY,42101-3576,Public       ,3062,2176,5238,9523,4938,14461
00461800,SPENCERIAN COLLEGE                      ,KY,40216-2605,Proprietary  ,260,633,893,571,1206,1777
00461900,SULLIVAN UNIVERSITY                     ,KY,40205-3000,Proprietary  ,446,1053,1499,1281,2905,4186
00524300,HAZARD TECHNICAL COLLEGE                ,KY,41701-1198,Public       ,26,27,53,72,59,131
00524400,BLUEGRASS COMMUNITY & TECHNICAL COLLEGE ,KY,40506-0235,Public       ,264,821,1085,598,1800,2398
00527100,BOWLING GREEN TECHNICAL COLLEGE         ,KY,42101-3601,Public       ,153,271,424,386,657,1043
00527300,GATEWAY COMMUNITY & TECHNOLOGY COLL     ,KY,41011-0000,Public       ,205,498,703,433,980,1413
00549500,KY TECH-JEFFERSON CAMPUS                ,KY,40203-2036,Public       ,159,262,421,377,504,881
00549502,SHELBY COUNTY AREA TECHNOLOGY CTR       ,KY,40065-0000,Public       ,9,30,39,38,55,93
00696000,MAYSVILLE CMNTY & TECHNCL COLG          ,KY,41056-8910,Public       ,164,430,594,405,991,1396
00696002,MAYSVILLE CMNTY & TECHNCL COLG - ROWAN  ,KY,40351-8359,Public       ,24,34,58,76,74,150
00696100,JEFFERSON COMMUNITY AND TECHNICAL COLLEG,KY,40202-2005,Public       ,823,1734,2557,2468,4469,6937
00696200,HAZARD COMMUNITY COLLEGE                ,KY,41701-2402,Public       ,282,434,716,920,1048,1968
00696203,KY TECH-KNOTT CO. TECHNOLOGY CTR        ,KY,41822-0000,Public       ,0,1,1,1,2,3
00696205,KY TECH-LEE COUNTY AREA TECH CTR        ,KY,41311-0000,Public       ,2,0,2,3,1,4
00696206,KY TECH-LETCHER CNTY AREA TECH CTR      ,KY,41858-0000,Public       ,0,1,1,6,5,11
00696207,KY TECH-BREATHITT COUNTY VOC ED CTR     ,KY,41339-0000,Public       ,2,5,7,3,14,17
00842500,DAYMAR COLLEGE                          ,KY,42001-0000,Proprietary  ,17,47,64,58,119,177
00901000,MADISONVILLE COMMUNITY COLLEGE          ,KY,42431-9199,Public       ,238,621,859,708,1403,2111
00927500,NORTHERN KENTUCKY UNIVERSITY            ,KY,41099-0001,Public       ,1787,1915,3702,5890,4302,10192
00931300,DAYMAR COLLEGE                          ,KY,42301-5830,Proprietary  ,37,352,389,80,663,743
00931302,DAYMAR COLLEGE - LOUISVILLE CAMPUS      ,KY,40219-1973,Proprietary  ,4,15,19,7,34,41
00970700,LEXINGTON COMMUNITY COLLEGE             ,KY,40506-0235,Public       ,710,836,1546,1922,2180,4102
01042400,SALON PROFESSIONAL ACADEMY THE          ,KY,40502-1776,Proprietary  ,6,25,31,14,37,51
01048900,NATIONAL COLLEGE                        ,KY,40508-0000,Proprietary  ,185,1154,1339,286,2271,2557
01172500,COLLINS SCHOOL OF COSMETOLOGY           ,KY,40965-2809,Proprietary  ,3,17,20,5,23,28
01208800,SULLIVAN COLLEGE OF TECHNOLOGY AND DESIG,KY,40218-4528,Proprietary  ,125,102,227,338,242,580
01212801,SOUTHWESTERN COLLEGE                    ,KY,41042-1466,Proprietary  ,32,132,164,43,202,245
01240400,LEXINGTON BEAUTY COLLEGE                ,KY,40503-1819,Proprietary  ,8,19,27,15,35,50
01267700,OWENSBORO TECHNICAL COLLEGE             ,KY,42301-4806,Public       ,0,0,0,3,5,8
01267702,KY TECH OHIO CO CENTER                  ,KY,42347-0000,Public       ,0,0,0,0,1,1
01272300,KY TECH-WAYNE COUNTY AREA TECH CTR      ,KY,42633-1088,Public       ,1,0,1,1,0,1
01291400,EMPIRE BEAUTY SCHOOL                    ,KY,40218-0000,Proprietary  ,26,86,112,41,102,143
01291500,EMPIRE BEAUTY SCHOOL                    ,KY,41042-5113,Proprietary  ,30,61,91,32,67,99
01291600,EMPIRE BEAUTY SCHOOL                    ,KY,40216-4212,Proprietary  ,4,32,36,9,42,51
01291700,EMPIRE BEAUTY SCHOOL                    ,KY,40160-0000,Proprietary  ,25,39,64,33,50,83
01296800,EMPIRE BEAUTY SCHOOL                    ,KY,40207-2695,Proprietary  ,40,44,84,52,54,106
02159100,"APPALACHIAN BEAUTY SCHOOL, INC.         ",KY,41503-0000,Proprietary  ,2,9,11,7,16,23
02177100,EMPIRE BEAUTY SCHOOL                    ,KY,40204-0000,Proprietary  ,13,31,44,19,44,63
02251500,TREND SETTERS ACAD OF BEAUTY CULT       ,KY,40258-0000,Proprietary  ,17,39,56,27,44,71
02275000,JENNY LEA ACADEMY OF COSMETOLOGY        ,KY,40831-0000,Proprietary  ,1,10,11,1,12,13
02279800,ELIZABETHTOWN BEAUTY SCHOOL             ,KY,42701-0000,Proprietary  ,4,7,11,11,14,25
02284306,INTERACTIVE LEARNING SYSTEMS            ,KY,41042-0000,Proprietary  ,3,35,38,3,38,41
02323700,PAT WILSON'S BEAUTY COLLEGE             ,KY,42420-0000,Proprietary  ,1,24,25,4,31,35
02337200,PJ'S COLLEGE OF COSMETOLOGY             ,KY,42101-0000,Proprietary  ,23,128,151,33,161,194
02340800,PAUL MITCHELL THE SCHOOL LEXINGTON      ,KY,40601-0000,Proprietary  ,4,9,13,4,10,14
02351700,DONTA SCHOOL OF BEAUTY CULTURE          ,KY,40203-0000,Proprietary  ,4,24,28,7,35,42
02491100,BECKFIELD COLLEGE                       ,KY,41042-0000,Proprietary  ,51,188,239,97,473,570
02518900,BARRETT & COMPANY SCH HAIR DESIGN       ,KY,40356-0000,Proprietary  ,16,33,49,21,53,74
02526100,JENNY LEA ACADEMY OF COSMETOLOGY        ,KY,41858-0000,Proprietary  ,8,7,15,8,7,15
02535600,CLEAR CREEK BAPTIST BIBLE COLLEGE       ,KY,40977-0000,Private      ,10,53,63,27,90,117
02551100,PJ'S COLLEGE OF COSMETOLOGY             ,KY,42121-0000,Proprietary  ,16,53,69,20,59,79
02560800,SOUTHEAST SCHOOL OF COSMETOLOGY         ,KY,40962-0000,Proprietary  ,10,10,20,13,22,35
02576200,MID-CONTINENT UNIVERSITY                ,KY,42066-9007,Private      ,75,408,483,155,919,1074
02616204,BROWN MACKIE COLLEGE-FINDLAY - BROWN MAC,KY,40219-1916,Proprietary  ,21,175,196,62,560,622
03002100,KENTUCKY MOUNTAIN BIBLE COLLEGE         ,KY,41385-0010,Private      ,12,7,19,32,16,48
03007000,FRONTIER SCH OF MIDWIFERY&FAMILY NU     ,KY,41749-0000,Private      ,0,105,105,0,195,195
03026200,HEAD'S WEST KENTUCKY BEAUTY COLLEGE     ,KY,42431-0000,Proprietary  ,3,18,21,6,31,37
03029200,NU-TEK ACADEMY OF BEAUTY                ,KY,40353-9767,Proprietary  ,4,13,17,8,19,27
03034500,OWENSBORO COMMUNITY & TECHNICAL COLLEGE ,KY,42303-1899,Public       ,292,550,842,825,1262,2087
03083700,GALEN HEALTH INSTITUTES                 ,KY,40207-1047,Proprietary  ,67,549,616,121,954,1075
03103500,MR JIM'S BEAUTY COLLEGE                 ,KY,42301-2646,Proprietary  ,3,7,10,6,9,15
03106700,MOTIF BEAUTY ACADEMY                    ,KY,40391-1958,Proprietary  ,3,19,22,8,22,30
03516500,EZELL'S COSMETOLOGY SCHOOL              ,KY,42071-2530,Proprietary  ,6,25,31,6,27,33
03611300,BRIGHTON CENTER'S CENTER FOR EMPLOY     ,KY,41071-1968,Private      ,3,29,32,4,32,36
03804300,BELLEFONTE ACADEMY OF BEAUTY            ,KY,41169-2015,Proprietary  ,7,11,18,8,15,23
03885300,EMPLOYMENT SOLUTIONS                    ,KY,40517-3260,Private      ,0,4,4,1,10,11
03886300,REGENCY SCHOOL OF HAIR DESIGN           ,KY,41653-1278,Proprietary  ,6,19,25,10,24,34
04038300,ATA CAREER EDUCATION                    ,KY,40223-3832,Proprietary  ,33,199,232,36,214,250
00200300,CENTENARY COLLEGE OF LOUISIANA          ,LA,71104-3396,Private      ,509,87,596,1070,151,1221
00200400,DILLARD UNIVERSITY                      ,LA,70122-3097,Private      ,609,125,734,1074,212,1286
00200500,NICHOLLS STATE UNIVERSITY               ,LA,70310-0001,Public       ,2657,1025,3682,4212,1910,6122
00200600,GRAMBLING STATE UNIVERSITY              ,LA,71245-2215,Public       ,2571,1154,3725,5142,2251,7393
00200700,LOUISIANA COLLEGE                       ,LA,71359-0000,Private      ,467,89,556,804,147,951
00200800,LOUISIANA TECH UNIVERSITY               ,LA,71272-0001,Public       ,3783,1188,4971,6027,2025,8052
00201000,LOUISIANA STATE UNIV & A&M COLG         ,LA,70803-5710,Public       ,11189,3022,14211,17536,5400,22936
00201100,LOUISIANA STATE UNIV-ALEXANDRIA         ,LA,71302-9121,Public       ,711,933,1644,1049,1492,2541
00201200,LOUISIANA STATE UNIV-EUNICE             ,LA,70535-6726,Public       ,989,649,1638,1476,1085,2561
00201300,LOUISIANA STATE UNIV-SHREVEPORT         ,LA,71115-2399,Public       ,1334,1162,2496,2035,1924,3959
00201400,LA STATE UNIV HEALTH SCIENCES CTR       ,LA,70112-2223,Public       ,198,681,879,274,1353,1627
00201500,(THE) UNIVERSITY OF NEW ORLEANS         ,LA,70148-0001,Public       ,3091,2086,5177,4391,3101,7492
00201600,LOYOLA UNIVERSITY NEW ORLEANS           ,LA,70118-6195,Private      ,975,625,1600,2140,1121,3261
00201700,MCNEESE STATE UNIVERSITY                ,LA,70609-4510,Public       ,2880,1294,4174,4156,2115,6271
00201900,NEW ORLEANS BAPTIST THEOL SEMINARY      ,LA,70126-0000,Private      ,19,37,56,24,55,79
00202000,UNIVERSITY OF LOUISIANA AT MONROE       ,LA,71209-9001,Public       ,3281,1905,5186,5278,3194,8472
00202100,NORTHWESTERN STATE UNIVERSITY           ,LA,71497-0001,Public       ,3318,2027,5345,5262,3458,8720
00202200,NOTRE DAME SEMINARY                     ,LA,70118-0000,Private      ,0,2,2,1,4,5
00202300,OUR LADY OF HOLY CROSS COLLEGE          ,LA,70131-7399,Private      ,284,332,616,399,521,920
00202400,SOUTHEASTERN LOUISIANA UNIV             ,LA,70402-0001,Public       ,5751,2346,8097,8111,3719,11830
00202500,SOUTHERN UNIVERSITY A & M COLLEGE       ,LA,70813-9374,Public       ,3828,2396,6224,6514,4184,10698
00202600,SOUTHERN UNIV NEW ORLEANS               ,LA,70126-0002,Public       ,405,828,1233,568,1192,1760
00202700,ST JOSEPH SEMINARY COLLEGE              ,LA,70457-9990,Private      ,16,3,19,19,4,23
00202900,TULANE UNIVERSITY                       ,LA,70118-5698,Private      ,1410,1550,2960,5266,3316,8582
00203100,UNIV OF LOUISIANA AT LAFAYETTE          ,LA,70504-0001,Public       ,6377,2099,8476,9674,3677,13351
00203200,XAVIER UNIVERSITY OF LOUISIANA          ,LA,70125-1098,Private      ,1329,538,1867,2580,916,3496
00462100,AYERS CAREER COLLEGE                    ,LA,71108-5845,Proprietary  ,18,144,162,26,182,208
00462500,DELGADO COMMUNITY COLLEGE               ,LA,70119-0000,Public       ,1768,2785,4553,2272,4258,6530
00520300,REMINGTON COLLEGE - LAFAYETTE CAMPUS    ,LA,70508-5760,Proprietary  ,139,638,777,168,830,998
00520306,REMINGTON COLLEGE - BATON ROUGE CAMPUS  ,LA,70816-4040,Proprietary  ,102,254,356,140,391,531
00546700,SOWELA TECHNICAL COMMUNITY COLLEGE      ,LA,70616-6950,Public       ,198,217,415,253,309,562
00547200,LOUISIANA TECHNICAL COLLEGE - SIDNEY N. ,LA,70126-5511,Public       ,4,8,12,5,15,20
00548800,LOUISIANA TECH COLG-BATON ROUGE         ,LA,70807-0000,Public       ,113,166,279,168,261,429
00548802,LOUISIANA TECH COLG-ACADIAN CMPS        ,LA,70526-0000,Public       ,19,48,67,26,71,97
00548803,LOUISIANA TECH COLG-ALEXANDRIA CMPS     ,LA,71302-3137,Public       ,65,160,225,87,254,341
00548804,LOUISIANA TECH COLG-ASCENSION CMPS      ,LA,70778-3007,Public       ,21,15,36,29,23,52
00548805,LA TECH COLLEGE-AVOYELLES CAMPUS        ,LA,71327-0000,Public       ,12,26,38,17,35,52
00548806,LA TECHNICAL COLG-BASTROP CMPS          ,LA,71221-0000,Public       ,13,30,43,20,49,69
00548808,LA TECH COLG CHARLES B COREILCMPS       ,LA,70586-0000,Public       ,16,34,50,23,53,76
00548809,LA TECHNICAL COLG-DELTA-OUACHITA        ,LA,71292-9064,Public       ,87,146,233,131,240,371
00548810,EVANGELINE TECHNICAL INST               ,LA,70582-3104,Public       ,9,45,54,13,61,74
00548811,LA TECHN COLLEGE - FLORIDA PARISHES     ,LA,70441-0000,Public       ,8,39,47,10,56,66
00548812,LOUISIANA TECH COLG-FOLKES CAMPUS       ,LA,70748-0000,Public       ,1,6,7,1,9,10
00548813,LA TECHNICAL INST-GULF AREA CMPS        ,LA,70510-0878,Public       ,38,50,88,53,91,144
00548814,LOUISIANA TECH COLG-HAMMOND CMPS        ,LA,70404-0000,Public       ,39,63,102,52,90,142
00548815,LA TECH COLG-HUEY P. LONG CAMPUS        ,LA,71483-0000,Public       ,6,24,30,13,34,47
00548816,LA TECH COLLEGE-JEFFERSON CAMPUS        ,LA,70001-5605,Public       ,9,66,75,12,109,121
00548817,LOUISIANA TEC CLG-JUMONVILLE MEM CP     ,LA,70760-0000,Public       ,15,32,47,23,47,70
00548818,LA TECH COLLEGE-LAFAYETTE CAMPUS        ,LA,70506-0000,Public       ,150,204,354,217,338,555
00548819,LOUISIANA TECHNICAL COLLEGE-LAFOURC     ,LA,70301-4336,Public       ,24,44,68,28,70,98
00548820,LOUISIANA TEC CLG-LAMAR SALTER CMPS     ,LA,71446-0000,Public       ,22,50,72,29,73,102
00548822,LOUISIANA TECHNICAL CLG-MANSFIELD       ,LA,71052-1236,Public       ,9,27,36,16,42,58
00548823,LA. TECH COLG.-MORGAN SMITH CAMPUS      ,LA,70546-0000,Public       ,11,19,30,17,35,52
00548824,LOUISIANA TEC CLG-NATCHITOCHES CMPS     ,LA,71458-0000,Public       ,26,50,76,37,89,126
00548825,LOUISIANA TECH COLG-NORTH CTRL CMPS     ,LA,71241-0000,Public       ,8,14,22,8,17,25
00548826,LOUISIANA TECH CLG-NORTHEAST LA CMP     ,LA,71295-2999,Public       ,14,34,48,20,48,68
00548827,LOUISIANA TEC CLG-NW LOUISIANA CMPS     ,LA,71058-0000,Public       ,36,84,120,53,126,179
00548828,LA TECHNICAL COLG-OAKDALE CMPS          ,LA,71463-0000,Public       ,17,29,46,24,52,76
00548829,LTC-RIVER PARISHES CAMPUS               ,LA,70084-0000,Public       ,46,83,129,55,117,172
00548830,LOUISIANA TECHNICAL COLLEGE-RUSTON      ,LA,71273-0000,Public       ,100,69,169,182,137,319
00548831,LTC - SABINE VALLEY CAMPUS              ,LA,71449-3839,Public       ,8,16,24,12,24,36
00548832,LOUISIANA TECH COLG-SHELBY JACKSON      ,LA,71334-0000,Public       ,8,50,58,10,69,79
00548833,LA TECH COLG SHREVEPORT-BOSSIER         ,LA,71137-0000,Public       ,84,253,337,118,376,494
00548835,LA TECHNICAL COLLEGE-SLIDELL CAMPUS     ,LA,70459-0000,Public       ,2,9,11,5,13,18
00548837,LOUISIANA TECH COLG-SULLIVAN CAMPUS     ,LA,70427-5866,Public       ,40,71,111,46,115,161
00548838,LOUISIANA TECHNICAL COLG - TALLULAH     ,LA,71284-0000,Public       ,15,34,49,22,48,70
00548839,LA TECH COLG-TECHE AREA CAMPUS          ,LA,70562-0000,Public       ,54,77,131,81,130,211
00548840,LOUISIANA TECH COLG-T.H.HARRIS CMPS     ,LA,70570-6113,Public       ,130,174,304,171,248,419
00548841,LOUISIANA TECH COLG W JEFFERSON CMP     ,LA,70058-0000,Public       ,8,15,23,10,21,31
00548842,LOUISIANA TECHNICAL COLLEGE - WESTSIDE C,LA,70765-0733,Public       ,5,20,25,8,29,37
00548843,LTC-YOUNG MEMORIAL CAMPUS               ,LA,70381-0000,Public       ,25,49,74,32,89,121
00576100,L. E. FLETCHER TECHNICAL COMMUNITY COLLE,LA,70360-2863,Public       ,191,149,340,252,246,498
00576101,L.E. FLETCHER TECHNICAL COMMUNITY COLLEG,LA,70360-7310,Public       ,28,25,53,37,41,78
00768600,SOUTHERN UNIV AT SHREVEPORT/BOSSIER     ,LA,71107-4795,Public       ,439,887,1326,611,1340,1951
00806700,LSU HEALTH SCIENCES CENTR-SHREVEPOR     ,LA,71130-3932,Public       ,81,411,492,135,666,801
00989800,DEMMON SCHOOL OF BEAUTY                 ,LA,70607-2128,Proprietary  ,9,24,33,9,27,36
01005701,AMERICAN COMMERCIAL COLLEGE             ,LA,71105-2502,Proprietary  ,12,66,78,15,100,115
01109700,CLOYD'S BEAUTY SCHOOL #1                ,LA,71291-3131,Proprietary  ,4,16,20,5,34,39
01112102,BRYMAN COLLEGE                          ,LA,70119-0000,Proprietary  ,7,11,18,9,17,26
01163100,"D-JAY'S SCHL OF BEAUTY, ARTS & SCI      ",LA,70806-0000,Proprietary  ,13,12,25,19,17,36
01184100,JOHN JAY BEAUTY COLLEGE                 ,LA,70124-2592,Proprietary  ,10,16,26,14,24,38
01261100,RONNIE & DORMANS SCHOOL HAIR DESIGN     ,LA,70501-0000,Proprietary  ,1,16,17,3,18,21
01282300,PAT GOINS RUSTON BEAUTY SCHOOL          ,LA,71270-4301,Proprietary  ,2,2,4,3,7,10
01287900,PAT GOINS BENTON ROAD BEAUTY SCHOOL     ,LA,71111-4838,Proprietary  ,4,7,11,6,11,17
01288000,PAT GOINS BEAUTY SCHOOL                 ,LA,71201-5167,Proprietary  ,2,3,5,3,7,10
02055400,BOSSIER PARISH COMMUNITY COLLEGE        ,LA,71111-0000,Public       ,973,1131,2104,1333,1836,3169
02055500,DELTA SCH OF BUSINESS & TECHNOLOGY      ,LA,70601-0000,Proprietary  ,47,138,185,65,194,259
02065100,REMINGTON COLLEGE - NEW ORLEANS CAMPUS  ,LA,70005-3007,Proprietary  ,0,0,0,2,5,7
02089711,HERZING COLLEGE                         ,LA,70062-8727,Proprietary  ,8,17,25,8,25,33
02117800,AVEDA INSTITUTE LAFAYETTE               ,LA,70503-3246,Proprietary  ,34,40,74,44,47,91
02166100,NUNEZ COMMUNITY COLLEGE                 ,LA,70043-0000,Public       ,38,68,106,46,116,162
02166200,ITI TECHNICAL COLLEGE                   ,LA,70817-0000,Proprietary  ,101,141,242,142,195,337
02197500,BATON ROUGE SCHOOL OF COMPUTERS         ,LA,70816-0000,Proprietary  ,16,30,46,24,34,58
02234000,CAMERON COLLEGE                         ,LA,70119-0000,Proprietary  ,0,2,2,0,4,4
02258400,AVEDA INSTITUTE BATON ROUGE             ,LA,70816-2246,Proprietary  ,70,28,98,82,58,140
02260200,DIESEL DRIVING ACADEMY                  ,LA,71109-5617,Proprietary  ,5,39,44,5,43,48
02263600,BASTROP BEAUTY SCHOOL #1                ,LA,71220-0000,Proprietary  ,6,1,7,7,1,8
02265600,JOHN JAY KENNER ACADEMY                 ,LA,70062-0000,Proprietary  ,18,40,58,20,41,61
02269300,STEVENSON'S ACADEMY OF HAIR DESIGN      ,LA,70116-0000,Proprietary  ,9,10,19,11,18,29
02323100,PAT GOINS SHREVEPORT BEAUTY SCHOOL      ,LA,71108-4354,Proprietary  ,6,10,16,6,12,18
02327800,PINEVILLE BEAUTY SCHOOL                 ,LA,71360-0000,Proprietary  ,11,13,24,11,21,32
02335701,BATON ROUGE GEN MED CTR SCH NSG         ,LA,70821-0000,Private      ,27,74,101,47,116,163
02335702,BATON ROUGE GEN MED CTR-RAD TECH        ,LA,70806-0000,Private      ,13,20,33,23,31,54
02338000,"CLOYD'S BEAUTY SCHOOL #2, INC           ",LA,71202-3539,Proprietary  ,5,17,22,7,31,38
02352500,"CLOYD'S BEAUTY SCHOOL #3, INC           ",LA,71201-3211,Proprietary  ,3,22,25,4,37,41
02358600,"STAGE ONE THE HAIR SCHOOL, INC.         ",LA,70605-0000,Proprietary  ,19,31,50,21,33,54
02493400,ALEXANDRIA ACADEMY OF BEAUTY CULT       ,LA,71301-0000,Proprietary  ,4,18,22,4,25,29
02518300,SOUTH LOUISIANA BEAUTY COLLEGE          ,LA,70363-0000,Proprietary  ,6,19,25,9,22,31
02536400,LOUISIANA ACADEMY OF BEAUTY             ,LA,70535-0000,Proprietary  ,15,18,33,17,23,40
02538300,DELTA COLLEGE OF ARTS & TECH INC        ,LA,70806-1529,Proprietary  ,36,164,200,50,217,267
02538301,DELTA COLLEGE OF ARTS & TECHNOLOGY - LAF,LA,70508-6831,Proprietary  ,14,35,49,15,48,63
02548500,COSMETOLOGY TRAINING CENTER             ,LA,70503-0000,Proprietary  ,11,12,23,17,15,32
02554800,VANGUARD COLLEGE OF COSMETOLOGY         ,LA,70458-8823,Proprietary  ,4,6,10,5,13,18
02582200,"GUY'S ACADEMY HAIR, SKIN & NAILS        ",LA,71105-2404,Proprietary  ,20,64,84,23,73,96
02600900,AVEDA INSTITUTE                         ,LA,70433-2922,Proprietary  ,141,224,365,180,296,476
02601000,AMERICAN SCHOOL OF BUSINESS             ,LA,71105-5646,Proprietary  ,6,35,41,9,42,51
02601100,OPELOUSAS SCHOOL OF COSMETOLOGY         ,LA,70570-6156,Proprietary  ,5,20,25,5,21,26
02606800,CAREER TRAINING SPECIALISTS             ,LA,71201-6046,Proprietary  ,129,295,424,166,431,597
02606801,CAREER TECHNICAL COLLEGE - SHREVEPORT   ,LA,71105-2405,Proprietary  ,32,155,187,35,177,212
02617100,BATON ROUGE COLLEGE                     ,LA,70816-2246,Proprietary  ,20,36,56,30,53,83
02619200,DENHAM SPRINGS BEAUTY COLLEGE           ,LA,70726-3829,Proprietary  ,4,16,20,4,20,24
03010400,CRESCENT CITY SCH GAMING & BARTENDG     ,LA,70119-5507,Proprietary  ,2,52,54,2,52,54
03023500,CAMELOT CAREER COLLEGE                  ,LA,70805-7539,Proprietary  ,31,72,103,41,80,121
03030900,DIESEL DRIVING ACADEMY                  ,LA,70815-8109,Proprietary  ,13,94,107,13,100,113
03061400,ASCENSION COLLEGE                       ,LA,70737-2912,Proprietary  ,37,51,88,45,64,109
03095100,GRETNA CAREER COLLEGE                   ,LA,70053-2436,Proprietary  ,6,33,39,7,38,45
03106200,OUR LADY OF THE LAKE COLLEGE            ,LA,70808-4345,Private      ,406,708,1114,607,1154,1761
03253300,JONESVILLE BEAUTY SCHOOL                ,LA,71343-0000,Proprietary  ,4,17,21,6,19,25
03294300,BLUE CLIFF SCH THERAPEUTIC MASSAGE      ,LA,70002-3458,Proprietary  ,38,177,215,43,205,248
03322300,CULINARY INSTITUTE OF NEW ORLEANS       ,LA,70140-0000,Proprietary  ,16,22,38,24,33,57
03332600,DELTA COLLEGE                           ,LA,70433-9042,Proprietary  ,14,82,96,17,120,137
03332601,DELTA COLLEGE - SLIDELL                 ,LA,70460-2624,Proprietary  ,8,40,48,11,53,64
03356300,MEDICAL TRAINING COLLEGE                ,LA,70816-5820,Proprietary  ,38,78,116,54,142,196
03402300,METROPOLITAN COMMUNITY COLLEGE          ,LA,70053-6758,Proprietary  ,0,2,2,1,3,4
03422500,BLUE CLIFF COLLEGE                      ,LA,71107-6520,Proprietary  ,29,123,152,32,135,167
03422600,BLUE CLIFF COLLEGE                      ,LA,70508-3858,Proprietary  ,28,57,85,31,70,101
03480300,MEDVANCE INSTITUTE                      ,LA,70809-1908,Proprietary  ,136,688,824,162,899,1061
03498400,OMEGA INSTITUTE OF COSMETOLOGY          ,LA,70360-0000,Proprietary  ,14,17,31,16,21,37
03727500,MOORE CAREER COLLEGE                    ,LA,70808-4191,Proprietary  ,12,16,28,16,26,42
03730300,BATON ROUGE COMMUNITY COLLEGE           ,LA,78806-4129,Public       ,1582,1151,2733,2168,1940,4108
03752400,SCHOOL OF URBAN MISSIONS                ,LA,70053-0000,Private      ,5,24,29,8,32,40
03789300,UNITECH TRAINING ACADEMY                ,LA,70503-5132,Proprietary  ,25,79,104,27,95,122
03789400,RIVER PARISHES COMMUNITY COLLEGE        ,LA,70778-0310,Public       ,131,152,283,178,232,410
03795300,CASSIA BEAUTY COLLEGE                   ,LA,70126-0000,Proprietary  ,2,1,3,3,3,6
03810500,COURT REPORTING INSTITUTE OF LOUISI     ,LA,70816-0000,Proprietary  ,4,24,28,6,33,39
03932300,PROFESSIONAL CHEF'S INSTITUTE OF THE SOU,LA,70809-0000,Proprietary  ,2,1,3,2,1,3
03956300,SOUTH LOUISIANA COMMUNITY COLLEGE       ,LA,70506-0000,Public       ,360,354,714,451,489,940
04040300,COMPASS CAREER COLLEGE                  ,LA,70403-0653,Proprietary  ,3,25,28,4,36,40
00143600,CAPITOL COLLEGE                         ,MD,20708-9759,Private      ,46,80,126,282,193,475
00146200,WASHINGTON BIBLE COLLEGE                ,MD,20706-3599,Private      ,38,78,116,82,143,225
00205700,ALLEGANY COLLEGE OF MARYLAND            ,MD,21502-2596,Public       ,432,390,822,1328,940,2268
00205800,ANNE ARUNDEL COMMUNITY COLLEGE          ,MD,21012-1895,Public       ,534,898,1432,1729,2234,3963
00206000,BALTIMORE HEBREW UNIVERSITY             ,MD,21215-3996,Private      ,0,18,18,10,38,48
00206100,BALTIMORE CITY COMMUNITY COLLEGE        ,MD,21215-7893,Public       ,360,1189,1549,1447,3558,5005
00206200,BOWIE STATE UNIVERSITY                  ,MD,20715-9465,Public       ,847,647,1494,5357,2517,7874
00206300,COMMUNITY COLLEGE OF BALTIMORE COUNTY   ,MD,21228-5381,Public       ,996,2070,3066,3226,5045,8271
00206400,COLLEGE OF SOUTHERN MARYLAND            ,MD,20646-0910,Public       ,357,510,867,1292,1388,2680
00206500,CLG NOTRE DAME OF MARYLAND              ,MD,21210-2476,Private      ,72,282,354,705,839,1544
00206700,COLUMBIA UNION COLLEGE                  ,MD,20912-7796,Private      ,191,139,330,710,452,1162
00206800,COPPIN STATE UNIVERSITY                 ,MD,21216-3698,Public       ,541,664,1205,2776,2451,5227
00207100,FREDERICK COMMUNITY COLLEGE             ,MD,21702-9745,Public       ,237,358,595,692,790,1482
00207200,FROSTBURG STATE UNIVERSITY              ,MD,21532-1099,Public       ,594,230,824,4534,787,5321
00207300,GOUCHER COLLEGE                         ,MD,21204-2794,Private      ,116,116,232,2178,352,2530
00207400,HAGERSTOWN COMMUNITY COLLEGE            ,MD,21742-6590,Public       ,225,347,572,771,808,1579
00207500,HARFORD COMMUNITY COLLEGE               ,MD,21015-1696,Public       ,228,345,573,833,842,1675
00207600,HOOD COLLEGE                            ,MD,21701-8575,Private      ,179,145,324,1823,444,2267
00207700,JOHNS HOPKINS UNIVERSITY                ,MD,21218-2693,Private      ,349,223,572,4825,813,5638
00207702,JOHNS HOPKINS UNIV SCH ARTS/SCI/ENG     ,MD,21218-0000,Private      ,403,294,697,3225,772,3997
00207703,JOHNS HOPKINS UNIV SCH OF BUS/ED        ,MD,21046-0000,Private      ,7,435,442,31,993,1024
00207705,JOHNS HOPKINS BLOOMBERG SCH OF PH       ,MD,21205-0000,Private      ,0,289,289,13,931,944
00207706,JOHNS HOPKINS UNIV SCH OF MEDICINE      ,MD,21205-0000,Private      ,10,192,202,55,734,789
00207707,JOHNS HOPKINS UNIV SCH OF NURSING       ,MD,21205-0000,Private      ,23,111,134,190,638,828
00207708,JOHNS HOPKINS UNIV PEABODY CONSERV      ,MD,21202-2397,Private      ,48,50,98,594,310,904
00207800,LOYOLA UNIVERSITY MARYLAND              ,MD,21210-2699,Private      ,349,437,786,5211,1183,6394
00208000,MARYLAND INST COLLEGE OF ART            ,MD,21217-4191,Private      ,247,104,351,1956,536,2492
00208300,MORGAN STATE UNIVERSITY                 ,MD,21251-0002,Public       ,1824,779,2603,7772,2588,10360
00208600,MOUNT SAINT MARY'S UNIVERSITY           ,MD,21727-7799,Private      ,166,87,253,2118,220,2338
00208700,NER ISRAEL RABBINICAL COLLEGE           ,MD,21208-1198,Private      ,12,5,17,59,30,89
00208900,PRINCE GEORGES COMMUNITY COLLEGE        ,MD,20774-2199,Public       ,819,1572,2391,2493,3457,5950
00209100,SALISBURY UNIVERSITY                    ,MD,21801-6862,Public       ,858,251,1109,6525,920,7445
00209200,ST JOHN'S COLLEGE                       ,MD,21404-0000,Private      ,32,36,68,576,143,719
00209500,ST. MARY'S COLLEGE OF MARYLAND          ,MD,20686-3001,Public       ,206,27,233,2034,116,2150
00209600,ST MARY'S SEMINARY & UNIV               ,MD,21210-1994,Private      ,2,7,9,11,22,33
00209900,TOWSON UNIVERSITY                       ,MD,21252-0002,Public       ,1396,902,2298,13741,3751,17492
00210200,UNIVERSITY OF BALTIMORE                 ,MD,21201-5779,Public       ,106,918,1024,482,3864,4346
00210300,"UNIVERSITY OF MARYLAND, COLLEGE PARK    ",MD,20742-5145,Public       ,2366,1914,4280,20825,6861,27686
00210400,"UNIVERSITY OF MARYLAND, BALTIMORE       ",MD,21201-1691,Public       ,320,1302,1622,2157,6928,9085
00210500,UMBC                                    ,MD,21250-0002,Public       ,712,592,1304,6468,2567,9035
00210600,UNIVERSITY MARYLAND EASTERN SHORE       ,MD,21853-4053,Public       ,718,198,916,4037,896,4933
00210700,STEVENSON UNIVERSITY                    ,MD,21153-0641,Private      ,231,141,372,2929,652,3581
00210800,WASHINGTON COLLEGE                      ,MD,21620-1197,Private      ,57,22,79,1672,61,1733
00210900,MCDANIEL COLLEGE                        ,MD,21157-4390,Private      ,117,118,235,2461,310,2771
00458612,KAPLAN COLLEGE                          ,MD,21742-2797,Proprietary  ,140,271,411,254,537,791
00458614,KAPLAN COLLEGE - FREDERICK              ,MD,21704-8307,Proprietary  ,11,49,60,13,67,80
00465000,CHESAPEAKE COLLEGE                      ,MD,21679-0008,Public       ,134,238,372,587,672,1259
00691100,MONTGOMERY COLLEGE                      ,MD,20850-1195,Public       ,1335,1386,2721,4615,3888,8503
00734100,INTERNATIONAL BEAUTY SCHOOL             ,MD,21502-2370,Proprietary  ,8,23,31,16,26,42
00744700,DEL-MAR-VA BEAUTY ACADEMY               ,MD,21804-0000,Proprietary  ,4,4,8,14,11,25
00749100,TESST COLLEGE OF TECHNOLOGY             ,MD,21227-1063,Proprietary  ,133,447,580,214,741,955
00793600,LINCOLN TECHNICAL INSTITUTE             ,MD,21046-1544,Proprietary  ,252,272,524,431,404,835
00817500,HOWARD COMMUNITY COLLEGE                ,MD,21044-3197,Public       ,338,434,772,1263,1349,2612
00826300,AWARD BEAUTY SCHOOL                     ,MD,21740-5624,Proprietary  ,3,24,27,3,25,28
00830800,CECIL COLLEGE                           ,MD,21901-1999,Public       ,129,171,300,350,352,702
01001400,GARRETT COMMUNITY COLLEGE               ,MD,21541-1265,Public       ,99,56,155,312,128,440
01031900,MEDIX SCHOOL                            ,MD,21204-2538,Proprietary  ,77,214,291,103,278,381
01041000,TESST COLLEGE OF TECHNOLOGY             ,MD,21286-2201,Proprietary  ,74,183,257,158,324,482
01164400,UNIV OF MARYLAND UNIVERSITY COLLEGE     ,MD,20783-8078,Public       ,317,4846,5163,1016,9803,10819
01164402,U OF MD UNIVERSITY COLLEGE - EUROPE     ,MD,20832-0000,Public       ,69,578,647,234,1093,1327
01164404,U OF MD UNIVERSITY COLLEGE - ASIA       ,MD,31207-0000,Public       ,25,268,293,46,443,489
02073900,WOR-WIC COMMUNITY COLLEGE               ,MD,21804-0000,Public       ,175,293,468,646,913,1559
02083600,TESST COLLEGE OF TECHNOLOGY             ,MD,20705-2698,Proprietary  ,64,125,189,127,243,370
02116005,SANFORD-BROWN INSTITUTE - LANDOVER      ,MD,20785-2287,Proprietary  ,29,193,222,46,368,414
02127900,SOJOURNER DOUGLASS COLLEGE              ,MD,21205-0000,Private      ,12,267,279,63,1100,1163
02155100,MARYLAND COLLEGE OF ART AND DESIGN      ,MD,20902-0000,Private      ,7,8,15,52,28,80
02269700,INTERNATIONAL BEAUTY SCHOOL             ,MD,21014-0000,Proprietary  ,21,16,37,26,21,47
02288900,ABI-ACCUTECH BUSINESS INSTITUTE         ,MD,21703-0000,Proprietary  ,6,15,21,6,22,28
02314800,BALTIMORE INTERNATIONAL COLLEGE         ,MD,21202-0000,Private      ,84,82,166,389,240,629
02331000,MARYLAND BEAUTY ACADEMY OF ESSEX        ,MD,21221-0000,Proprietary  ,12,44,56,21,64,85
02333000,HAIR ACADEMY                            ,MD,20784-0000,Proprietary  ,14,37,51,20,46,66
02343800,MONTGOMERY BEAUTY SCHOOL                ,MD,20901-0000,Proprietary  ,3,16,19,13,23,36
02494700,BALTIMORE STUDIO OF HAIR DESIGN         ,MD,21201-0000,Proprietary  ,24,51,75,38,93,131
02495000,ROBERT PAUL ACAD COSMTGY ARTS & SCI     ,MD,21093-0000,Proprietary  ,30,26,56,46,39,85
02495100,MARYLAND BEAUTY ACADEMY                 ,MD,21136-0000,Proprietary  ,1,18,19,6,23,29
02545400,NORTH AMERICAN TRADE SCHOOLS            ,MD,21244-0069,Proprietary  ,49,217,266,64,248,312
02573800,"L' ACADEMIE DE CUISINE, INC.            ",MD,20877-0000,Proprietary  ,7,45,52,19,73,92
02578400,TAI SOPHIA INSTITUTE                    ,MD,20723-6010,Private      ,0,51,51,0,131,131
03021002,HARRISON CAREER INSTITUTE-BALTIMORE     ,MD,21201-0000,Proprietary  ,0,9,9,2,18,20
03027200,BLADES SCHOOL OF HAIR DESIGN            ,MD,20619-0226,Proprietary  ,5,21,26,9,23,32
03064900,AARON'S ACADEMY OF BEAUTY               ,MD,20602-2715,Proprietary  ,8,23,31,11,31,42
03097200,AESTHETICS INSTITUTE OF COSMETOLOGY     ,MD,20877-1305,Proprietary  ,0,8,8,3,17,20
03100700,CARROLL COMMUNITY COLLEGE               ,MD,21157-6913,Public       ,107,148,255,478,373,851
03148300,AMERICAN BEAUTY ACADEMY                 ,MD,20902-1911,Proprietary  ,14,50,64,26,57,83
03296300,BALTIMORE SCHOOL OF MASSAGE             ,MD,21090-2261,Proprietary  ,42,132,174,54,155,209
03327300,NEW CREATIONS ACADEMY OF HAIR DSN       ,MD,20746-2960,Proprietary  ,3,9,12,6,17,23
03455500,NATIONAL LABOR COLLEGE                  ,MD,20903-1790,Private      ,1,5,6,1,10,11
03493300,ALL-STATE CAREER SCHOOL                 ,MD,21224-6658,Proprietary  ,53,236,289,71,305,376
03771300,AMERICAN CAREER INSTITUTE               ,MD,20902-4637,Proprietary  ,0,8,8,4,15,19
03822400,MAPLE SPRINGS BAPTIST BIBLE COLLEGE & SE,MD,20743-5711,Private      ,0,5,5,2,10,12
03965500,HAIR EXPRESSIONS ACADEMY                ,MD,20852-1729,Proprietary  ,2,8,10,6,11,17
        ,MGH INSTITUTE OF HEALTH PROFESSION      ,MA,02129-0000,Private      ,4,133,137,8,606,614
00211400,AMERICAN INTERNATIONAL COLLEGE          ,MA,01109-3189,Private      ,537,421,958,1482,819,2301
00211500,AMHERST COLLEGE                         ,MA,01002-5000,Private      ,385,15,400,2803,59,2862
00211600,ANDOVER NEWTON THEOLOGICAL SCHOOL       ,MA,02459-0000,Private      ,0,78,78,0,178,178
00211700,ANNA MARIA COLLEGE                      ,MA,01612-1198,Private      ,187,85,272,771,177,948
00211800,ASSUMPTION COLLEGE                      ,MA,01615-1294,Private      ,457,114,571,3478,282,3760
00211900,ATLANTIC UNION COLLEGE                  ,MA,01561-1000,Private      ,156,103,259,272,180,452
00212000,MERRIMACK COLLEGE                       ,MA,01845-5800,Private      ,476,37,513,3184,84,3268
00212100,BABSON COLLEGE                          ,MA,02457-0310,Private      ,333,210,543,1769,464,2233
00212200,BAY PATH COLLEGE                        ,MA,01106-2212,Private      ,196,336,532,678,698,1376
00212300,BECKER COLLEGE-WORCESTER                ,MA,01615-0071,Private      ,436,223,659,1808,566,2374
00212400,BENTLEY UNIVERSITY                      ,MA,02452-4705,Private      ,785,244,1029,5185,517,5702
00212600,BERKLEE COLLEGE OF MUSIC                ,MA,02215-3693,Private      ,737,226,963,2935,527,3462
00212800,BOSTON COLLEGE                          ,MA,02467-3800,Private      ,1598,898,2496,15019,4832,19851
00212900,BOSTON CONSERVATORY OF MUSIC            ,MA,02215-9830,Private      ,104,51,155,709,209,918
00213000,BOSTON UNIVERSITY                       ,MA,02215-1789,Private      ,3262,3549,6811,22660,11128,33788
00213300,BRANDEIS UNIVERSITY                     ,MA,02453-2700,Private      ,740,247,987,4176,631,4807
00213900,CLARK UNIVERSITY                        ,MA,01610-1473,Private      ,520,173,693,3522,444,3966
00214000,ELMS COLLEGE                            ,MA,01013-2839,Private      ,235,138,373,827,358,1185
00214100,COLLEGE OF THE HOLY CROSS               ,MA,01610-2395,Private      ,587,4,591,4617,28,4645
00214300,CURRY COLLEGE                           ,MA,02186-2395,Private      ,580,239,819,2891,584,3475
00214400,DEAN COLLEGE                            ,MA,02038-1994,Private      ,295,41,336,1208,93,1301
00214500,EASTERN NAZARENE COLLEGE                ,MA,02170-2999,Private      ,257,146,403,626,213,839
00214507,EASTERN NAZARENE CLG - LEAD PROGRAM     ,MA,02170-0000,Private      ,6,14,20,11,31,42
00214600,EMERSON COLLEGE                         ,MA,02116-4624,Private      ,606,311,917,4804,1247,6051
00214700,EMMANUEL COLLEGE                        ,MA,02115-5798,Private      ,168,71,239,2781,220,3001
00214800,ENDICOTT COLLEGE                        ,MA,01915-2098,Private      ,257,43,300,3222,111,3333
00214900,EPISCOPAL DIVINITY SCHOOL               ,MA,02138-0000,Private      ,1,24,25,1,39,40
00215000,FISHER COLLEGE                          ,MA,02116-1500,Private      ,365,230,595,964,428,1392
00215100,BENJAMIN FRANKLIN INSTITUTE OF TECH     ,MA,02116-6296,Public       ,162,66,228,355,113,468
00215300,GORDON COLLEGE                          ,MA,01984-1899,Private      ,385,25,410,1584,58,1642
00215400,HELLENIC COLLEGE                        ,MA,02445-7496,Private      ,20,36,56,44,81,125
00215500,HARVARD UNIVERSITY                      ,MA,02138-3800,Private      ,221,108,329,3894,497,4391
00215501,AMRCN REPERTORY THTR INST ADV THTR      ,MA,02138-0000,Private      ,0,5,5,1,106,107
00215502,HARVARD BUSINESS SCHOOL                 ,MA,02163-0000,Private      ,19,685,704,131,1421,1552
00215503,HARVARD EXTENSION SCHOOL                ,MA,02138-0000,Private      ,44,255,299,65,470,535
00215504,HARVARD SCH OF DENTAL MEDICINE          ,MA,02115-0000,Private      ,3,80,83,5,202,207
00215505,HARVARD UNIV GRAD SCH DESIGN            ,MA,02138-0000,Private      ,3,192,195,9,768,777
00215506,HARVARD DIVINITY SCHOOL                 ,MA,02138-0000,Private      ,7,28,35,11,619,630
00215507,HARVARD UNIV GRAD SCH ED                ,MA,02138-0000,Private      ,3,142,145,12,1152,1164
00215508,HARVARD UNIV GRAD S OF ARTS & SCIEN     ,MA,02138-0000,Private      ,9,73,82,76,675,751
00215509,HARVARD JOHN F KENNEDY SCHL OF GOVT     ,MA,02138-0000,Private      ,3,124,127,13,982,995
00215510,HARVARD LAW SCHOOL                      ,MA,02138-0000,Private      ,5,881,886,41,3169,3210
00215511,HARVARD UNIV MEDICAL SCHOOL             ,MA,02115-0000,Private      ,18,346,364,81,849,930
00215512,HARVARD UNIV SCH PUBLIC HEALTH          ,MA,02115-0000,Private      ,2,56,58,16,538,554
00215513,HARVARD UNIVERSITY-HARVARD COLLEGE      ,MA,02138-0000,Private      ,1067,41,1108,9717,211,9928
00215700,HEBREW COLLEGE                          ,MA,02459-2237,Private      ,1,59,60,2,88,90
00215800,LASELL COLLEGE                          ,MA,02466-2716,Private      ,465,26,491,1955,73,2028
00216000,LESLEY UNIVERSITY                       ,MA,02138-2790,Private      ,301,1971,2272,1547,3651,5198
00216100,UMASS LOWELL                            ,MA,01854-3089,Public       ,1325,812,2137,5909,1974,7883
00216300,MARIST COLLEGE & SEMINARY               ,MA,01701-0000,Private      ,2,82,84,5,292,297
00216400,NEW ENGLAND COLLEGE OF OPTOMETRY        ,MA,02115-1129,Private      ,2,101,103,4,410,414
00216500,MASS. COLLEGE OF PHARMACY  & HEALTH SCIE,MA,02115-5804,Private      ,214,229,443,2512,1760,4272
00216700,BERKSHIRE COMMUNITY COLLEGE             ,MA,01201-5786,Public       ,320,333,653,550,561,1111
00216800,CAPE COD COMMUNITY COLLEGE              ,MA,02668-1599,Public       ,353,419,772,747,758,1505
00216900,GREENFIELD COMMUNITY COLLEGE            ,MA,01301-9739,Public       ,251,377,628,447,665,1112
00217000,HOLYOKE COMMUNITY COLLEGE               ,MA,01040-1099,Public       ,1023,1099,2122,1868,1961,3829
00217100,MASSACHUSETTS BAY COMMUNITY COLLEGE     ,MA,02181-0000,Public       ,548,676,1224,1086,1158,2244
00217200,MOUNT WACHUSETT COMMUNITY COLLEGE       ,MA,01440-1000,Public       ,481,705,1186,987,1308,2295
00217300,NORTH SHORE COMMUNITY COLLEGE           ,MA,01923-4093,Public       ,716,1030,1746,1225,1732,2957
00217400,NORTHERN ESSEX COMMUNITY COLLEGE        ,MA,01830-2399,Public       ,633,1020,1653,1011,1466,2477
00217500,QUINSIGAMOND COMMUNITY COLLEGE          ,MA,01606-2092,Public       ,772,826,1598,1502,1595,3097
00217600,BRISTOL COMMUNITY COLLEGE               ,MA,02720-7399,Public       ,839,949,1788,1676,1721,3397
00217700,MASSASOIT COMMUNITY COLLEGE             ,MA,02302-3996,Public       ,858,876,1734,1728,1619,3347
00217800,MASSACHUSETTS INST OF TECHNOLOGY        ,MA,02139-4307,Private      ,908,529,1437,7211,1801,9012
00218000,MASSACHUSETTS COLLEGE OF ART AND DESIGN ,MA,02115-5803,Public       ,237,123,360,1807,587,2394
00218100,MASSACHUSETTS MARITIME ACADEMY          ,MA,02532-3400,Public       ,307,22,329,830,50,880
00218300,BRIDGEWATER STATE COLLEGE               ,MA,02325-0001,Public       ,1042,538,1580,7889,1642,9531
00218400,FITCHBURG STATE COLLEGE                 ,MA,01420-2697,Public       ,523,243,766,3774,760,4534
00218500,FRAMINGHAM STATE COLLEGE                ,MA,01702-2471,Public       ,709,214,923,4044,589,4633
00218700,MASSACHUSETTS CLG OF LIBERAL ARTS       ,MA,01247-4100,Public       ,283,119,402,1463,383,1846
00218800,SALEM STATE COLLEGE                     ,MA,01970-5353,Public       ,1564,759,2323,5800,1803,7603
00218900,WESTFIELD STATE COLLEGE                 ,MA,01086-1630,Public       ,858,266,1124,5311,731,6042
00219000,WORCESTER STATE COLLEGE                 ,MA,01602-2597,Public       ,699,347,1046,3804,1085,4889
00219200,MOUNT HOLYOKE COLLEGE                   ,MA,01075-1492,Private      ,477,63,540,2152,210,2362
00219300,MOUNT IDA COLLEGE                       ,MA,02459-3323,Private      ,505,100,605,1835,230,2065
00219400,NEW ENGLAND CONSERVATORY OF MUSIC       ,MA,02115-5018,Private      ,32,37,69,630,631,1261
00219700,NICHOLS COLLEGE                         ,MA,01571-6346,Private      ,176,49,225,1311,132,1443
00219900,NORTHEASTERN UNIVERSITY                 ,MA,02115-5000,Private      ,2262,1373,3635,23333,5785,29118
00220100,PINE MANOR COLLEGE                      ,MA,02167-0000,Private      ,176,36,212,544,70,614
00220200,BLESSED JOHN XXIII NATIONAL SEMINARY    ,MA,02493-0000,Private      ,1,1,2,1,1,2
00220500,QUINCY COLLEGE                          ,MA,02169-4501,Public       ,298,605,903,572,1122,1694
00220600,REGIS COLLEGE                           ,MA,02193-0000,Private      ,201,179,380,813,387,1200
00220800,SIMMONS COLLEGE                         ,MA,02115-5898,Private      ,215,535,750,2362,2293,4655
00220900,SMITH COLLEGE                           ,MA,01063-2936,Private      ,249,92,341,2833,860,3693
00221000,UNIV OF MASSACHUSETTS-DARTMOUTH         ,MA,02747-2300,Public       ,1250,373,1623,7913,1393,9306
00221100,SPRINGFIELD COLLEGE                     ,MA,01109-3797,Private      ,533,1151,1684,3194,2614,5808
00221400,ST JOHN'S SEMINARY                      ,MA,02135-8839,Private      ,3,16,19,6,20,26
00221700,STONEHILL COLLEGE                       ,MA,02357-6110,Private      ,238,23,261,4592,100,4692
00221800,SUFFOLK UNIVERSITY                      ,MA,02108-2770,Private      ,634,480,1114,6498,1678,8176
00221802,SUFFOLK UNIVERSITY LAW SCHOOL           ,MA,02108-0000,Private      ,19,347,366,112,2445,2557
00221900,TUFTS UNIVERSITY                        ,MA,02155-5808,Private      ,485,407,892,7843,1949,9792
00221901,TUFTS UNIV SCH OF DENTAL MEDICINE       ,MA,02111-0000,Private      ,2,231,233,16,770,786
00221902,TUFTS UNIVERSITY - CUMMINGS SCHOOL OF VE,MA,01536-0000,Private      ,0,75,75,20,399,419
00221904,TUFTS UNIV SCHOOL OF MEDICINE           ,MA,02111-0000,Private      ,4,248,252,41,1203,1244
00222100,UNIV OF MASSACHUSETTS-AMHERST           ,MA,01003-0000,Public       ,2779,1218,3997,22381,4492,26873
00222200,UNIV OF MASSACHUSETTS-BOSTON            ,MA,02125-3393,Public       ,1458,2089,3547,5262,4771,10033
00222400,WELLESLEY COLLEGE                       ,MA,02481-8203,Private      ,528,27,555,2777,112,2889
00222500,WENTWORTH INSTITUTE OF TECHNOLOGY       ,MA,02115-5998,Private      ,746,132,878,3258,333,3591
00222600,WESTERN NEW ENGLAND COLLEGE             ,MA,01119-2654,Private      ,643,358,1001,4180,1139,5319
00222700,WHEATON COLLEGE                         ,MA,02766-2322,Private      ,248,11,259,2322,33,2355
00222800,WHEELOCK COLLEGE                        ,MA,02215-4176,Private      ,195,216,411,943,485,1428
00222900,WILLIAMS COLLEGE                        ,MA,01267-2600,Private      ,487,14,501,2611,56,2667
00223300,WORCESTER POLYTECHNIC INSTITUTE         ,MA,01609-2280,Private      ,653,92,745,4285,238,4523
00396500,BAY STATE COLLEGE                       ,MA,02116-2901,Proprietary  ,259,122,381,792,248,1040
00396600,BOSTON ARCHITECTURAL COLLEGE            ,MA,02115-2795,Private      ,127,382,509,291,589,880
00466100,HAMPSHIRE COLLEGE                       ,MA,01002-3359,Private      ,456,25,481,2017,67,2084
00466600,SALTER COLLEGE                          ,MA,01583-1700,Proprietary  ,218,785,1003,258,1068,1326
00466700,SCHOOL OF MUSEUM OF FINE ARTS           ,MA,02115-5534,Private      ,64,40,104,748,289,1037
00466900,UPPER CAPE COD REGIONAL VOC TECH        ,MA,02532-3310,Public       ,5,29,34,7,38,45
00527900,GREATER LOWELL REGNL VOC TECH SCH       ,MA,01879-0000,Public       ,4,25,29,7,41,48
00551900,DIMAN REGIONAL VOC TECH INST            ,MA,02723-3519,Public       ,4,32,36,8,52,60
00552300,BLUE HILLS REGIONAL VOC TECH            ,MA,02021-1398,Public       ,8,70,78,14,104,118
00555700,MCCANN TECHNICAL SCHOOL                 ,MA,01247-0000,Public       ,10,18,28,15,25,40
00613600,NATIONAL AVIATION ACADEMY - NEW ENGLAND ,MA,01730-2620,Proprietary  ,32,40,72,55,62,117
00632200,BROCKTON HOSPITAL SCH OF NURSING        ,MA,02302-0000,Private      ,31,90,121,90,338,428
00632400,LABOURE COLLEGE                         ,MA,02124-5698,Private      ,40,197,237,110,451,561
00633100,LAWRENCE MEM HOSPITAL SCH OF NRSNG      ,MA,02155-1643,Private      ,29,161,190,54,307,361
00687300,MARIAN COURT COLLEGE                    ,MA,01907-2896,Private      ,79,35,114,136,67,203
00748100,GIBBS COLLEGE                           ,MA,02116-2904,Proprietary  ,146,168,314,253,367,620
00748400,NEWBURY COLLEGE                         ,MA,02445-5796,Private      ,369,112,481,1243,224,1467
00748600,THE NEW ENGLAND INSTITUTE OF ART        ,MA,02445-7295,Proprietary  ,497,187,684,1146,379,1525
00748800,KAPLAN CAREER INSTITUTE                 ,MA,02129-1644,Proprietary  ,45,112,157,81,201,282
00807800,SPRINGFIELD TECHNICAL COMMUNITY CLG     ,MA,01105-0000,Public       ,723,1257,1980,1442,2330,3772
00891600,NEW ENGLAND SCHOOL OF LAW               ,MA,02116-0000,Private      ,2,486,488,7,1951,1958
00912900,EMPIRE BEAUTY SCHOOL                    ,MA,02148-0000,Proprietary  ,5,9,14,7,16,23
00964500,BARD COLLEGE AT SIMON'S ROCK            ,MA,01230-9702,Private      ,138,6,144,287,7,294
00974700,GORDON-CONWELL THEOLOGICAL SEMINARY     ,MA,01982-0000,Private      ,0,213,213,2,521,523
00975600,UNIVERSITY OF MASS MEDICAL CENTER       ,MA,01655-0000,Public       ,6,311,317,16,675,691
00987700,HENRI'S SCHOOL OF HAIR DESIGN           ,MA,01420-5675,Proprietary  ,6,8,14,11,9,20
00989900,LOWELL ACADEMY HAIRSTYLING INST         ,MA,01852-1909,Proprietary  ,8,17,25,8,21,29
00993600,MIDDLESEX COMMUNITY COLLEGE             ,MA,01730-1197,Public       ,406,296,702,712,471,1183
00993602,"MIDDLESEX COMMUNITY COLLEGE, LOWELL     ",MA,01852-0000,Public       ,702,531,1233,1197,824,2021
01121000,BUNKER HILL COMMUNITY COLLEGE           ,MA,02129-2991,Public       ,1058,1589,2647,1993,2957,4950
01151000,EVEREST INSTITUTE                       ,MA,02135-7638,Proprietary  ,109,273,382,166,472,638
01193000,ROXBURY COMMUNITY COLLEGE               ,MA,02120-3400,Public       ,246,757,1003,451,1327,1778
01204200,MANSFIELD BEAUTY SCHOOLS                ,MA,02169-5061,Proprietary  ,9,23,32,14,28,42
01206800,MANSFIELD BEAUTY SCHOOL                 ,MA,01103-1410,Proprietary  ,5,27,32,6,34,40
01238600,SOUTHEASTERN TECHNICAL INSTITUTE        ,MA,02375-1780,Public       ,19,58,77,24,88,112
01241400,EMPIRE BEAUTY SCHOOL                    ,MA,02116-1914,Proprietary  ,7,19,26,12,23,35
01255300,WHITTIER REGIONAL VOC TECH SCHOOL       ,MA,01830-1898,Public       ,1,4,5,2,5,7
01288100,MONTACHUSETT REG VOC TECH SCH           ,MA,01420-4649,Public       ,1,24,25,5,32,37
01292100,EMPIRE BEAUTY SCHOOL                    ,MA,02215-0000,Proprietary  ,23,39,62,40,60,100
01294800,ROB ROY ACADEMY                         ,MA,02721-5330,Proprietary  ,10,21,31,11,24,35
02063000,MONTSERRAT COLLEGE OF ART               ,MA,01915-0000,Private      ,60,11,71,384,37,421
02063800,BUTERA SCHOOL OF ART                    ,MA,02116-0000,Proprietary  ,21,3,24,43,7,50
02076700,EMPIRE BEAUTY SCHOOL                    ,MA,02148-0000,Proprietary  ,17,45,62,22,52,74
02079400,EMPIRE BEAUTY SCHOOL                    ,MA,02453-0000,Proprietary  ,25,21,46,35,34,69
02092100,MASSACHUSETTS SCHOOL OF BARBERING       ,MA,02169-0000,Proprietary  ,2,20,22,4,24,28
02092200,EMPIRE BEAUTY SCHOOL                    ,MA,01852-0000,Proprietary  ,16,65,81,22,72,94
02122000,NEW ENGLAND HAIR ACADEMY                ,MA,02148-0000,Proprietary  ,5,17,22,13,24,37
02137000,ROB ROY ACADEMY                         ,MA,02780-0000,Proprietary  ,5,11,16,6,13,19
02137200,MASS GEN HOSP DIETETIC INTERNSHIP       ,MA,02114-0000,Private      ,2,3,5,2,6,8
02143000,LONGY SCHOOL OF MUSIC                   ,MA,02138-3599,Private      ,8,24,32,30,94,124
02161300,WESTON JESUIT SCHOOL OF THEOLOGY        ,MA,02138-0000,Private      ,1,7,8,1,68,69
02163500,NEW ENGLAND SCHOOL OF PHOTOGRAPHY       ,MA,02215-0000,Proprietary  ,37,35,72,69,72,141
02169900,ASSABET VALLEY REGIONAL VOC SCHOOL      ,MA,01752-0000,Public       ,5,18,23,8,30,38
02181600,ROB ROY ACADEMY                         ,MA,01609-0000,Proprietary  ,18,40,58,27,46,73
02182900,CAMBRIDGE COLLEGE                       ,MA,02138-5304,Private      ,47,1584,1631,77,2327,2404
02197900,NORTH BENNET STREET SCHOOL              ,MA,02113-0000,Private      ,17,53,70,31,77,108
02215100,HALLMARK INSTITUTE OF PHOTOGRAPHY       ,MA,01376-0000,Proprietary  ,71,59,130,158,119,277
02219501,MILDRED ELLEY - PITTSFIELD              ,MA,01201-5300,Proprietary  ,1,0,1,3,3,6
02220400,CATHERINE HINDS INST OF ESTHETICS       ,MA,01801-0000,Proprietary  ,19,64,83,32,79,111
02237100,JOSEPH P KEEFE TECHNICAL SCHOOL         ,MA,01701-5698,Public       ,0,0,0,0,2,2
02274300,CONWAY SCHOOL OF LANDSCAPE DESIGN       ,MA,01341-0179,Private      ,0,6,6,0,11,11
02325700,LABARON HAIRDRESSING ACADEMY            ,MA,02740-0000,Proprietary  ,6,14,20,6,18,24
02325800,LABARON HAIRDRESSING ACAD-BROCKTON      ,MA,02301-0000,Proprietary  ,4,13,17,10,14,24
02337400,BANCROFT SCHOOL OF MASSAGE THERAPY      ,MA,01604-4614,Proprietary  ,9,33,42,17,48,65
02338200,BAY STATE SCHOOL OF TECHNOLOGY          ,MA,02021-0000,Proprietary  ,12,40,52,18,51,69
02339400,ROB ROY ACADEMY                         ,MA,02746-0000,Proprietary  ,7,8,15,8,10,18
02491700,CORTIVA INSTITUTE -  BOSTON             ,MA,02472-2577,Proprietary  ,8,46,54,13,66,79
02523900,ELIZABETH GRADY SCHOOL OF ESTHETICS     ,MA,02155-0000,Proprietary  ,9,8,17,14,15,29
02579800,NEW ENGLAND SCHOOL OF ACUPUNCTURE       ,MA,02458-0000,Private      ,0,90,90,0,122,122
02614901,SANFORD-BROWN INSTITUTE - SPRINGFIELD   ,MA,01104-1739,Proprietary  ,2,6,8,5,13,18
03066700,AILANO SCHOOL OF COSMETOLOGY            ,MA,02303-4740,Proprietary  ,7,11,18,14,13,27
03104000,SHAWSHEEN ADULT TECHNICAL INSTITUTE     ,MA,01821-5499,Public       ,5,13,18,7,24,31
03120800,KAY HARVEY HAIRDRESSING ACADEMY         ,MA,01089-2701,Proprietary  ,7,20,27,7,25,32
03127700,SOUTHERN NEW ENGLAND SCHOOL OF LAW      ,MA,02747-1252,Private      ,0,125,125,2,232,234
03130500,URBAN COLLEGE OF BOSTON                 ,MA,02111-1093,Private      ,8,156,164,18,285,303
03194300,BOSTON GRAD SCH OF PSYCHOANALYSIS       ,MA,02446-4602,Private      ,0,14,14,0,26,26
03196300,LINCOLN TECHNICAL INSTITUTE             ,MA,02145-1102,Proprietary  ,74,158,232,106,273,379
03196302,LINCOLN TECHNICAL INSTITUTE             ,MA,01852-5119,Proprietary  ,55,147,202,71,176,247
03205400,JOLIE HAIR & BEAUTY ACADEMY             ,MA,01056-2769,Proprietary  ,1,4,5,1,6,7
03232302,LINCOLN TECHNICAL INSTITUTE             ,MA,02401-1818,Proprietary  ,17,47,64,24,72,96
03235300,MASSACHUSETTS SCHOOL OF LAW             ,MA,01810-1094,Private      ,1,294,295,6,404,410
03240300,HAIR IN MOTION BEAUTY ACADEMY           ,MA,01604-2213,Proprietary  ,4,6,10,4,6,10
03248300,BOSTON BAPTIST COLLEGE                  ,MA,02136-4000,Private      ,23,13,36,61,21,82
03316400,FUNERAL INSTITUTE OF THE NORTHEAST      ,MA,02062-4766,Proprietary  ,8,22,30,11,36,47
03504300,NATL GRAD SCH OF QUALITY SYSTM MGMT     ,MA,02540-0000,Private      ,0,8,8,0,14,14
03763300,MEDICAL PROFESSIONAL INSTITUTE          ,MA,02148-8143,Proprietary  ,0,13,13,1,19,20
03859300,E.I.N.E.                                ,MA,01876-4709,Proprietary  ,0,5,5,0,8,8
03946300,FRANKLIN W. OLIN COLLEGE OF ENGINEERING ,MA,02492-1200,Private      ,10,0,10,10,0,10
04039300,SULLIVAN AND COGLIANO TRAINING CENTER   ,MA,02301-1822,Proprietary  ,0,1,1,0,1,1
00401000,INSTITUT INTERNAT'L D'ETUDES FRANCA     ,FC,00000-0000,Public       ,0,2,2,1,2,3
00401200,HEBREW UNIVERSITY OF JERUSALEM (THE)    ,FC,00000-0000,Public       ,30,59,89,52,144,196
00403000,UNIVERSITY OF CAMBRIDGE                 ,FC,00000-0000,Public       ,1,9,10,1,20,21
00503400,AMERICAN UNIVERSITY OF CAIRO            ,FC,00000-0000,Private      ,24,63,87,67,123,190
00667100,KATHOLIEKE UNIVERSITEIT LEUVEN          ,FC,00000-0000,Private      ,0,8,8,1,20,21
00669000,UNIVERSITY OF COPENHAGEN                ,FC,00000-0000,Public       ,0,2,2,0,7,7
00669100,UNIVERSITY OF CAMBRIDGE - PEMBROKE      ,FC,00000-0000,Public       ,0,4,4,1,6,7
00669200,UNIVERSITY OF LEEDS                     ,FC,00000-0000,Public       ,3,31,34,6,67,73
00669300,UNIV OF LONDON-LONDON SCHOOL ECON       ,FC,00000-0000,Public       ,9,181,190,19,389,408
00669400,SCH OF ORIENTAL & AFRICAN STUDIES       ,FC,00000-0000,Public       ,2,63,65,8,116,124
00669500,UNIV OF LONDON-UNIVERSITY COLLEGE       ,FC,00000-0000,Public       ,7,99,106,26,234,260
00669600,UNIV OF LONDON-SCH ADVANCED STUDY       ,FC,00000-0000,Public       ,0,5,5,0,15,15
00669700,"QUEEN MARY, UNIVERSITY OF LONDON        ",FC,00000-0000,Public       ,3,32,35,12,70,82
00669900,UNIVERSITY OF SUSSEX                    ,FC,00000-0000,Public       ,4,24,28,6,68,74
00670000,"UNIVERSITY OF YORK, THE                 ",FC,00000-0000,Public       ,3,44,47,7,81,88
00670400,UNIVERSITY COLLEGE CORK                 ,FC,00000-0000,Public       ,6,17,23,15,37,52
00671300,UPPSALA UNIVERSITY                      ,FC,00000-0000,Public       ,0,6,6,0,12,12
00671500,UNIVERSITY OF GENEVA                    ,FC,00000-0000,Public       ,0,10,10,0,25,25
00683900,UNIVERSITY OF EDINBURGH                 ,FC,00000-0000,Public       ,24,137,161,66,303,369
00684200,UNIVERSITY OF DUBLIN TRINITY COLLEG     ,FC,00000-0000,Public       ,8,56,64,24,105,129
00685000,UNIVERSITY OF CAMBRIDGE - DOWNING C     ,FC,00000-0000,Public       ,0,2,2,0,2,2
00685100,INTERNATIONAL CHRISTIAN UNIVERSITY      ,FC,00000-0000,Private      ,1,5,6,8,8,16
00763200,UNIVERSITY OF BRISTOL                   ,FC,00000-0000,Public       ,7,15,22,13,52,65
00768100,COLLEGE OF EUROPE                       ,FC,00000-0000,Private      ,0,3,3,1,4,5
00770500,ROYAL COLLEGE OF SURGEONS IN IRELAN     ,FC,00000-0000,Private      ,2,33,35,5,52,57
00788100,AMERICAN UNIVERSITY OF PARIS            ,FC,00000-0000,Private      ,60,33,93,199,72,271
00837100,AMERICAN UNIVERSITY OF BEIRUT           ,FC,00000-0000,Private      ,18,17,35,52,47,99
00837300,TEL-AVIV UNIVERSITY                     ,FC,00000-0000,Public       ,4,34,38,10,57,67
00837700,UNIVERSITEIT VAN AMSTERDAM(UNIVERSI     ,FC,00000-0000,Public       ,2,42,44,8,95,103
00838000,UNIVERSITY OF WARWICK                   ,FC,00000-0000,Public       ,2,27,29,6,39,45
00838300,UNIVERSITY OF GLASGOW                   ,FC,00000-0000,Public       ,5,109,114,30,211,241
00838600,UNIVERSITY OF HELSINKI                  ,FC,00000-0000,Public       ,0,1,1,0,7,7
00839300,UNIVERSITY OF OSLO                      ,FC,00000-0000,Public       ,0,5,5,1,16,17
00839400,UNIVERSITY OF OXFORD                    ,FC,00000-0000,Public       ,1,55,56,9,131,140
00839800,UNIVERSITY OF SHEFFIELD (THE)           ,FC,00000-0000,Public       ,0,13,13,4,43,47
00839900,UNIVERSITY OF SOUTHAMPTON               ,FC,00000-0000,Public       ,2,13,15,4,26,30
00845000,KASTURBA MEDICAL COLLEGE (A CONSTITENT I,FC,00000-0000,Private      ,21,121,142,32,239,271
00845200,ABERYSTWYTH UNIVERSITY                  ,FC,00000-0000,Public       ,6,11,17,9,28,37
00846000,UNIVERSITY OF NEWCASTLE UPON TYNE       ,FC,00000-0000,Public       ,1,14,15,3,31,34
00846100,UNIVERSITY OF SAINT ANDREWS             ,FC,00000-0000,Public       ,32,58,90,89,101,190
00846200,UNIVERSIDAD DE SALAMANCA                ,FC,00000-0000,Public       ,4,19,23,6,35,41
00850500,UNIVERSITY OF MELBOURNE                 ,FC,00000-0000,Public       ,6,37,43,13,86,99
00858600,SWANSEA UNIVERSITY                      ,FC,00000-0000,Public       ,1,16,17,5,40,45
00858700,UNIVERSITY OF DURHAM                    ,FC,00000-0000,Public       ,3,19,22,7,45,52
00866500,UNIVERSITY OF KENT AT CANTERBURY (THE)  ,FC,00000-0000,Public       ,1,37,38,3,76,79
00866600,UNIVERSITY OF HONG KONG                 ,FC,00000-0000,Public       ,4,13,17,10,29,39
00867000,UNIVERSITY OF NEW SOUTH WALES           ,FC,00000-0000,Public       ,3,24,27,10,62,72
00868700,UNIVERSITY OF ESSEX                     ,FC,00000-0000,Public       ,2,26,28,6,45,51
00869200,LEIDEN UNIVERSITY                       ,FC,00000-0000,Public       ,1,24,25,2,47,49
00869300,CITY UNIVERSITY                         ,FC,00000-0000,Public       ,7,32,39,9,78,87
00890800,THE UNIVERSITY OF BIRMINGHAM            ,FC,00000-0000,Public       ,2,30,32,6,67,73
00891000,UNIVERSITY OF HULL                      ,FC,00000-0000,Public       ,1,7,8,4,12,16
00892000,UNIVERSITY OF NOTTINGHAM                ,FC,00000-0000,Public       ,10,29,39,14,69,83
00900600,UNIVERSITY OF SALFORD (THE)             ,FC,00000-0000,Public       ,2,5,7,2,12,14
00908400,"UNIV OF LONDON, BIRKBECK                ",FC,00000-0000,Public       ,0,24,24,0,58,58
00908500,UNIV OF LONDON KING'S COLLEGE           ,FC,00000-0000,Public       ,5,84,89,11,171,182
00908600,UNIVERSITY OF LONDON - ROYAL HOLLOWAY   ,FC,00000-0000,Public       ,4,22,26,13,47,60
00914300,BAR-ILAN UNIVERSITY                     ,FC,00000-0000,Private      ,2,4,6,5,13,18
00924700,ARCHITECTURAL ASSOC SCH OF ARCHITEC     ,FC,00000-0000,Private      ,2,9,11,3,22,25
00924900,UNIVERSITY OF LIVERPOOL                 ,FC,00000-0000,Public       ,3,14,17,9,35,44
00936800,UNIVERSITY OF ABERDEEN                  ,FC,00000-0000,Public       ,4,38,42,22,69,91
00942300,ROYAL COLLEGE OF ART                    ,FC,00000-0000,Public       ,0,7,7,2,22,24
00942400,ROYAL ACADEMY OF DRAMATIC ART           ,FC,00000-0000,Private      ,2,2,4,6,8,14
00942800,TECHNION-ISRAEL INST OF TECHLGY         ,FC,00000-0000,Public       ,0,21,21,1,30,31
00944200,UNIVERSITY OF EXETER                    ,FC,00000-0000,Public       ,2,34,36,7,60,67
00944400,UNIVERSITY OF LANCASTER                 ,FC,00000-0000,Public       ,1,9,10,1,19,20
00963400,UNIVERSITY OF OXFORD ST CATHERINE'S     ,FC,00000-0000,Public       ,0,5,5,0,7,7
00980800,UNIVERSITY OF STRATHCLYDE               ,FC,00000-0000,Public       ,1,8,9,1,23,24
00981700,UNIVERSITY OF SANTO TOMAS               ,FC,00000-0000,Private      ,2,11,13,3,17,20
00986000,UNIVERSITY OF SURREY                    ,FC,00000-0000,Public       ,0,5,5,0,11,11
00988800,KAROLINSKA INSTITUTET                   ,FC,00000-0000,Public       ,0,1,1,0,3,3
00990600,PONTIFICAL NORTH AMERICAN COLLEGE       ,FC,00000-0000,Private      ,0,2,2,2,4,6
00992700,UNIVERSITY OF CAMBRIDGE - FITZWILLI     ,FC,00000-0000,Public       ,0,3,3,0,5,5
01006700,LUND UNIVERSITY                         ,FC,00000-0000,Public       ,0,10,10,0,26,26
01008400,UNIVERSITY OF CAPE TOWN                 ,FC,00000-0000,Private      ,1,13,14,7,27,34
01008700,UNIVERSITY OF OXFORD ST PETER'S COL     ,FC,00000-0000,Public       ,1,0,1,2,5,7
01008800,UNIVERSITY OF OXFORD - CORPUS CHRIS     ,FC,00000-0000,Public       ,0,3,3,0,3,3
01009000,UNIVERSITY OF OXFORD - BALLIOL COLL     ,FC,00000-0000,Public       ,0,7,7,0,11,11
01014300,UNIVERSITY OF READING                   ,FC,00000-0000,Public       ,1,14,15,4,36,40
01015700,CARDIFF UNIVERSITY                      ,FC,00000-0000,Public       ,2,16,18,2,33,35
01015900,PONTIFICIA UNIVERSITA GREGORIANA        ,FC,00000-0000,Private      ,0,1,1,0,4,4
01016000,CG JUNG INST                            ,FC,00000-0000,Private      ,0,0,0,1,0,1
01018800,UNIVERSITY COLLEGE DUBLIN               ,FC,00000-0000,Public       ,3,48,51,5,85,90
01019000,UNIVERSITY OF CAMBRIDGE CHURCHILL C     ,FC,00000-0000,Public       ,0,1,1,0,5,5
01022800,UNIVERSITY OF STIRLING                  ,FC,00000-0000,Public       ,1,8,9,7,15,22
01033200,UNIVERSITY OF CAMBRIDGE - CLARE COL     ,FC,00000-0000,Public       ,1,5,6,1,6,7
01045600,UNIVERSITY OF HAIFA                     ,FC,00000-0000,Public       ,3,4,7,8,8,16
01047200,INST EUROPEEN OPEEN D'ADMINISTRATIO     ,FC,00000-0000,Private      ,0,19,19,0,30,30
01049300,CRANFIELD UNIVERSITY                    ,FC,00000-0000,Public       ,0,2,2,0,4,4
01052000,TRINITY LABAN                           ,FC,00000-0000,Public       ,1,0,1,3,2,5
01052001,LABAN CENTER FOR MOVEMENT & DANCE       ,FC,00000-0000,Public       ,1,3,4,2,4,6
01052500,UNIVERSITY OF HERTFORDSHIRE             ,FC,00000-0000,Public       ,5,4,9,6,6,12
01057400,LONDON INTRNTL FILM SCHOOL              ,FC,00000-0000,Private      ,0,14,14,0,21,21
01058400,VRIJE UNIVERSITEIT BRUSSELS             ,FC,00000-0000,Private      ,1,3,4,2,7,9
01058600,INSTITUTE OF SOCIAL STUDIES             ,FC,00000-0000,Private      ,0,7,7,1,15,16
01058800,AUSTRALIAN NATIONAL UNIVERSITY          ,FC,00000-0000,Public       ,3,11,14,6,30,36
01058900,BANGOR UNIVERSITY                       ,FC,00000-0000,Public       ,0,10,10,2,17,19
01059400,"RICHMOND, THE AMERICAN INT UNI IN LONDON",FC,00000-0000,Private      ,55,9,64,266,26,292
01059900,INST D'ETUDES POLITIQUES DE PARIS       ,FC,00000-0000,Public       ,0,12,12,1,23,24
01068100,MACQUARIE UNIVERSITY                    ,FC,00000-0000,Public       ,7,20,27,20,46,66
01069200,UNIVERSITY OF QUEENSLAND (THE)          ,FC,00000-0000,Public       ,3,27,30,20,55,75
01070400,SILLIMAN UNIVERSITY                     ,FC,00000-0000,Private      ,0,1,1,0,2,2
01078900,UNIVERSITY OF OXFORD - WORCESTER CO     ,FC,00000-0000,Public       ,0,4,4,0,8,8
01079200,CITY AND GUILDS OF LONDON INSTITUTE     ,FC,00000-0000,Private      ,1,3,4,3,5,8
01079500,AKADEMIA MEDYCZNA                       ,FC,00000-0000,Public       ,1,4,5,1,11,12
01079700,"NATIONAL UNIVERSITY OF IRELAND, MAY     ",FC,00000-0000,Public       ,3,3,6,3,6,9
01080300,SEMMELWEIS UNIVERSITY OF BUDAPEST       ,FC,00000-0000,Public       ,1,13,14,1,23,24
01081600,KINGSTON UNIVERSITY                     ,FC,00000-0000,Public       ,4,12,16,12,22,34
01083800,UNIVERSITITY OF BERGEN (UOB)            ,FC,00000-0000,Public       ,1,2,3,2,4,6
01086400,UNIV OF DUNDEE                          ,FC,00000-0000,Public       ,1,13,14,6,23,29
01086600,UNIVERSITY OF OXFORD - MAGDALEN COLLEGE ,FC,00000-0000,Public       ,0,4,4,1,12,13
01086700,UNIVERSITY OF OXFORD ST JOHN'S COLL     ,FC,00000-0000,Public       ,0,1,1,1,4,5
01091400,MONASH UNIVERSITY                       ,FC,00000-0000,Public       ,2,12,14,7,28,35
01091500,UNIV OF EAST ANGLIA                     ,FC,00000-0000,Public       ,3,16,19,6,45,51
01094200,UNIVERSITY OF OXFORD - ST HUGH'S CO     ,FC,00000-0000,Public       ,1,0,1,2,1,3
01097700,UNIVERSIDAD CENTRAL DEL ESTE            ,FC,00000-0000,Private      ,21,178,199,49,474,523
01099900,UNIV OF OXFORD - WADHAM COLLEGE         ,FC,00000-0000,Public       ,0,4,4,0,4,4
01104400,PONTIFICIA UNIVERSITA SAN TOMMASO       ,FC,00000-0000,Private      ,0,6,6,2,8,10
01105300,UNIVERSITY OF OXFORD - ST HILDA'S C     ,FC,00000-0000,Public       ,0,2,2,0,2,2
01105400,UNIVERSITY OF OXFORD - ST ANNE'S CO     ,FC,00000-0000,Public       ,0,1,1,0,1,1
01105500,UNIV OF OXFORD - LADY MARGARET HALL     ,FC,00000-0000,Public       ,0,0,0,0,3,3
01105600,UNIVERSITY OF OXFORD - UNIVERSITY C     ,FC,00000-0000,Public       ,1,4,5,1,6,7
01105700,UNIVERSITY OF OXFORD - TRINITY COLL     ,FC,00000-0000,Public       ,0,2,2,1,2,3
01105800,UNIVERSITY OF OXFORD-ST EDMUND HALL     ,FC,00000-0000,Public       ,0,4,4,0,7,7
01105900,UNIVERSITY OF OXFORD ST ANTONY'S CO     ,FC,00000-0000,Public       ,0,12,12,0,29,29
01106000,UNIVERSITY OF OXFORD - QUEEN'S COLL     ,FC,00000-0000,Public       ,0,1,1,0,5,5
01106100,UNIVERSITY OF OXFORD - PEMBROKE COL     ,FC,00000-0000,Public       ,0,3,3,1,7,8
01106200,UNIVERSITY OF OXFORD - ORIEL COLLEG     ,FC,00000-0000,Public       ,0,2,2,1,3,4
01106300,UNIVERSITY OF OXFORD - NUFFIELD COL     ,FC,00000-0000,Public       ,0,2,2,0,6,6
01106400,UNIVERSITY OF OXFORD - NEW COLLEGE      ,FC,00000-0000,Public       ,1,5,6,1,6,7
01106500,UNIVERSITY OF OXFORD MERTON COLLEGE     ,FC,00000-0000,Public       ,1,5,6,2,6,8
01106600,UNIVERSITY OF OXFORD - LINCOLN COLL     ,FC,00000-0000,Public       ,0,3,3,1,4,5
01106700,UNIVERSITY OF OXFORD - KEBLE COLLEG     ,FC,00000-0000,Public       ,0,1,1,1,5,6
01106800,UNIVERSITY OF OXFORD - JESUS COLLEG     ,FC,00000-0000,Public       ,0,10,10,0,12,12
01106900,UNIVERSITY OF OXFORD - HERTFORD COL     ,FC,00000-0000,Public       ,0,3,3,0,8,8
01107000,UNIVERSITY OF OXFORD EXETER COLLEGE     ,FC,00000-0000,Public       ,0,4,4,0,11,11
01107100,UNIV OF OXFORD - CHRIST CHURCH          ,FC,00000-0000,Public       ,0,4,4,0,14,14
01107200,UNIVERSITY OF OXFORD - BRASENOSE CO     ,FC,00000-0000,Public       ,0,3,3,0,4,4
01109100,FLINDERS UNIVERSITY OF S AUSTRALIA      ,FC,00000-0000,Public       ,0,4,4,1,13,14
01109400,UNIVERSITY OF WESTERN AUSTRALIA (THE)   ,FC,00000-0000,Public       ,3,5,8,4,15,19
01156700,"IMPERIAL COLLEGE OF SCIENCE, TECHNOLOGY ",FC,00000-0000,Public       ,3,11,14,6,26,32
01167900,UNIVERSITY OF BATH                      ,FC,00000-0000,Public       ,1,12,13,3,24,27
01168300,FRANKLIN COLLEGE  SWITZERLAND           ,FC,00000-0000,Private      ,37,3,40,254,11,265
01175800,UNIV OF CAMBRIDGE - PETERHOUSE          ,FC,00000-0000,Public       ,0,2,2,1,8,9
01176400,ROYAL ACADEMY OF MUSIC                  ,FC,00000-0000,Public       ,2,3,5,7,14,21
01176500,GOLDSMITHS' COLLEGE-UNIV OF LONDON      ,FC,00000-0000,Public       ,5,41,46,10,95,105
01176600,UNIV OF LONDON - INST OF EDUC           ,FC,00000-0000,Public       ,0,15,15,0,22,22
01177900,STOCKHOLM SCHOOL OF ECONOMICS           ,FC,00000-0000,Private      ,0,3,3,0,5,5
01178000,BRUNEL UNIVERSITY                       ,FC,00000-0000,Public       ,2,20,22,5,39,44
01178400,UNIVERSITY OF WARSAW                    ,FC,00000-0000,Public       ,0,2,2,0,4,4
01183800,UNIVERSITY OF OXFORD - MANSFIELD CO     ,FC,00000-0000,Public       ,0,1,1,0,2,2
01207500,UNIVERSITY CAMBRIDGE - TRINITY COLL     ,FC,00000-0000,Public       ,0,4,4,0,11,11
01207800,VICTORIA UNIV OF WELLINGTON             ,FC,00000-0000,Public       ,6,6,12,9,23,32
01210100,UNIVERSITY OF CAMBRIDGE - GIRTON CO     ,FC,00000-0000,Public       ,0,1,1,0,1,1
01213600,VICTORIA UNIV OF MANCHESTER (THE)       ,FC,00000-0000,Public       ,2,35,37,4,61,65
01219800,UNIVERSITY OF BRADFORD                  ,FC,00000-0000,Public       ,1,17,18,3,32,35
01220100,UNIVERSITY OF OXFORD - REGENT'S PAR     ,FC,00000-0000,Public       ,0,3,3,1,6,7
01220600,JAMES COOK UNIVERSITY                   ,FC,00000-0000,Public       ,7,22,29,17,52,69
01221300,PONTIFICIA BOLIVARIANA UNIVERSITY       ,FC,00000-0000,Private      ,0,1,1,0,1,1
01221500,BIRMINGHAM CITY UNIVERSITY              ,FC,00000-0000,Public       ,0,7,7,0,11,11
01222300,JAGIELLONIAN UNIVERSITY COLLEGIUM M     ,FC,00000-0000,Public       ,3,19,22,3,36,39
01222500,UNIVERSITY OF SZEGED FACULTY OF MEDICINE,FC,00000-0000,Public       ,0,5,5,0,10,10
01223400,KOREA UNIVERSITY                        ,FC,00000-0000,Private      ,0,1,1,2,9,11
01225800,ASTON UNIVERSITY                        ,FC,00000-0000,Public       ,0,1,1,0,4,4
01227500,UNIVERSITY OF OXFORD - WOLFSON COLL     ,FC,00000-0000,Public       ,0,5,5,0,9,9
01230200,GONVILLE & CAIUS COLLEGE                ,FC,00000-0000,Public       ,0,2,2,0,7,7
01233300,UNIV OF THE ARTS LONDON- CAMBERWELL COLL,FC,00000-0000,Public       ,3,6,9,4,11,15
01233500,ROYAL COLLEGE OF MUSIC                  ,FC,00000-0000,Public       ,1,2,3,4,8,12
01233700,WROCLAW UNIVERSITY OF MEDICINE          ,FC,00000-0000,Public       ,1,1,2,1,3,4
01234100,UNIVERSITY OF WALES - ST DAVID'S UN     ,FC,00000-0000,Public       ,3,17,20,5,29,34
01239700,KONINKLIJK CONSERVATORIUM               ,FC,00000-0000,Public       ,0,1,1,1,2,3
01242100,UNIV OF AUCKLAND                        ,FC,00000-0000,Public       ,9,13,22,12,44,56
01253900,UNIVERSITY OF THE ARTS LONDON IDO - CENT,FC,00000-0000,Public       ,10,21,31,20,45,65
01254000,UNIVERSIDAD DE NAVARRA                  ,FC,00000-0000,Private      ,3,4,7,5,15,20
01276500,UNIVERSITY OF OXFORD - LINACRE COLL     ,FC,00000-0000,Public       ,0,7,7,0,15,15
01276600,"NATIONAL UNIVERSITY IRELAND, GALWAY     ",FC,00000-0000,Public       ,2,20,22,4,46,50
01280200,PONTIFICIA UNIV CATOLICA MAD Y MAES     ,FC,00000-0000,Private      ,12,26,38,26,39,65
01281100,INST TECNOLOGICO DE SANTO DOMINGO       ,FC,00000-0000,Private      ,5,20,25,6,45,51
01283900,UNIVERSITY OF CAMBRIDGE - SAINT JOH     ,FC,00000-0000,Public       ,0,4,4,0,8,8
01286200,MOUNTVIEW ACADEMY OF THEATRE ARTS       ,FC,00000-0000,Private      ,1,2,3,2,3,5
01297800,UNIVERSITY OF HUDDERSFIELD (THE)        ,FC,00000-0000,Public       ,0,1,1,1,6,7
01315300,MASSEY UNIVERSITY                       ,FC,00000-0000,Public       ,4,16,20,8,37,45
01322500,COLLEGE OF LAW                          ,FC,00000-0000,Private      ,0,9,9,0,15,15
02052400,DARWIN COLLEGE                          ,FC,00000-0000,Public       ,0,3,3,0,5,5
02082400,UNIVERSITY OF CAMBRIDGE - QUEEN'S C     ,FC,00000-0000,Public       ,0,10,10,0,14,14
02083400,UNIVERSITY OF CAMBRIDGE - WOLFSON C     ,FC,00000-0000,Public       ,0,6,6,0,13,13
02087400,UNIVERSITY OF CAMBRIDGE - NEWNHAM C     ,FC,00000-0000,Public       ,0,2,2,0,3,3
02087900,OXFORD BROOKES UNIVERSITY               ,FC,00000-0000,Public       ,3,26,29,5,44,49
02094100,BEN-GURION UNIV                         ,FC,00000-0000,Public       ,1,22,23,2,123,125
02094400,UNIV OF CAMBRIDGE - ST EDMUND'S HOU     ,FC,00000-0000,Public       ,0,2,2,1,3,4
02095500,LONDON BUS SCHOOL                       ,FC,00000-0000,Private      ,1,73,74,2,116,118
02098700,FATIMA COLLEGE OF MEDICINE              ,FC,00000-0000,Private      ,1,18,19,2,36,38
02101900,ROEHAMPTON UNIVERSITY                   ,FC,00000-0000,Public       ,7,25,32,12,57,69
02108600,LONDON ACADEMY OF MUSIC & DRAMATIC      ,FC,00000-0000,Private      ,4,5,9,8,12,20
02115900,UNIVERSITY OF PORTSMOUTH                ,FC,00000-0000,Public       ,1,2,3,2,5,7
02116700,UNIVERSITY OF CAMBRIDGE - LUCY CAVE     ,FC,00000-0000,Public       ,0,3,3,0,4,4
02120000,UNIV OF LONDON - COURTALD INST OF A     ,FC,00000-0000,Public       ,0,11,11,2,20,22
02133400,UNIVERSITY OF CAMBRIDGE - SIDNEY SU     ,FC,00000-0000,Public       ,0,0,0,0,1,1
02142000,UNIVERSITY OF CAMBRIDGE - HOMERTON      ,FC,00000-0000,Public       ,0,0,0,1,2,3
02149700,UNIVERSITY OF WINCHESTER (THE)          ,FC,00000-0000,Public       ,0,0,0,0,1,1
02156800,UNIV OF OTAGO                           ,FC,00000-0000,Public       ,2,9,11,4,21,25
02162300,"IESE BUSINESS SCH, UNIV OF NAVARRA      ",FC,00000-0000,Private      ,0,28,28,1,43,44
02164600,DAYANAND MEDICAL COLLEGE & HOSPITAL     ,FC,00000-0000,Private      ,0,1,1,1,1,2
02167400,UNIVERSITY OF CAMBRIDGE - CORPUS CH     ,FC,00000-0000,Public       ,0,1,1,0,5,5
02168200,NORWEGIAN UNIV OF SCIENCE ANDTECH       ,FC,00000-0000,Public       ,0,0,0,0,2,2
02175700,OHR SOMAYACH INSTITUTIONS               ,FC,00000-0000,Private      ,0,0,0,0,1,1
02177700,KING'S COLLEGE- UNIV OF CAMBRIDGE       ,FC,00000-0000,Public       ,1,9,10,3,19,22
02180500,MIDDLESEX UNIVERSITY                    ,FC,00000-0000,Public       ,6,15,21,21,36,57
02181000,UNIVERSITY OF SOUTH AUSTRALIA           ,FC,00000-0000,Public       ,0,3,3,0,11,11
02183500,UNIV OF OXFORD - WYCLIFFE HALL          ,FC,00000-0000,Public       ,0,3,3,1,7,8
02186000,UNIVERSITY OF CAMBRIDGE - MAGDALENE     ,FC,00000-0000,Public       ,0,1,1,0,2,2
02186100,UNIVERSITY OF CAMBRIDGE - EMMANUEL      ,FC,00000-0000,Public       ,0,1,1,0,2,2
02189600,UNIVERSITY OF GRONINGEN                 ,FC,00000-0000,Public       ,0,2,2,0,9,9
02194800,UNIVERSITY OF THE WEST OF ENGLAND -     ,FC,00000-0000,Public       ,3,4,7,3,10,13
02195100,UNIV OF WESTMINSTER                     ,FC,00000-0000,Public       ,10,30,40,16,67,83
02196700,GUILDHALL SCHOOL OF MUSIC & DRAMA       ,FC,00000-0000,Public       ,1,4,5,9,8,17
02197000,INT'L GRAD PROGRAMME STOCKHOLM UNIV     ,FC,00000-0000,Public       ,0,3,3,0,6,6
02207300,UNIVERSITY OF CAMBRIDGE - CHRIST'S      ,FC,00000-0000,Public       ,0,5,5,0,7,7
02209500,UNIVERSITEIT UTRECHT                    ,FC,00000-0000,Public       ,2,8,10,6,32,38
02210000,UNIV OF LONDON - LONDON SCHOOL OF H     ,FC,00000-0000,Public       ,0,17,17,0,52,52
02212300,UNIVERSITY OF CAMBRIDGE - ROBINSON      ,FC,00000-0000,Public       ,0,0,0,0,3,3
02216300,UNIVERSIDAD DE CHILE                    ,FC,00000-0000,Public       ,1,1,2,7,8,15
02225300,UNIV OF CANTERBURY                      ,FC,00000-0000,Public       ,3,6,9,4,22,26
02229100,UNIVERSITY OF LEICESTER                 ,FC,00000-0000,Public       ,3,26,29,4,52,56
02229600,SACKLER SCHOOL OF MEDICINE              ,FC,00000-0000,Public       ,0,157,157,0,179,179
02232100,UNIVERSITY OF CAMBRIDGE                 ,FC,00000-0000,Public       ,0,8,8,0,19,19
02233300,"ST GEORGE'S UNIV, SCH OF MEDICINE       ",FC,00000-0000,Proprietary  ,5,710,715,10,1272,1282
02235300,LONDON METROPOLITAN UNIVERSITY          ,FC,00000-0000,Public       ,14,41,55,32,78,110
02240900,AISH HATORAH CLG OF JEWISH STUDIES      ,FC,00000-0000,Private      ,0,0,0,0,4,4
02244400,AMERICAN UNIV OF THE CARIBBEAN          ,FC,00000-0000,Proprietary  ,3,302,305,9,690,699
02257100,COVENTRY UNIVERSITY                     ,FC,00000-0000,Public       ,1,2,3,6,4,10
02266600,UNIVERSITY OF LONDON - SAINT GEORGE     ,FC,00000-0000,Public       ,0,2,2,1,7,8
02271700,UNIVERSITY OF CAMBRIDGE - CLARE HAL     ,FC,00000-0000,Public       ,0,4,4,0,6,6
02271800,UNIV OF OXFORD - CAMPION HALL           ,FC,00000-0000,Public       ,0,0,0,0,2,2
02272100,UNIV OF OXFORD - GREYFRIARS             ,FC,00000-0000,Public       ,0,1,1,0,1,1
02272200,UNIV OF CAMBRIDGE - NEW HALL            ,FC,00000-0000,Public       ,0,2,2,0,4,4
02273600,QUEEN'S UNIV OF BELFAST (THE)           ,FC,00000-0000,Public       ,1,12,13,2,22,24
02273900,HERIOT WATT UNIVERSITY                  ,FC,00000-0000,Public       ,0,14,14,0,30,30
02276700,NYENRODE BUSINESS UNIVERSITEIT          ,FC,00000-0000,Private      ,0,1,1,0,5,5
02279700,UNIVERSITY OF MANCHESTER - INSTITUT     ,FC,00000-0000,Public       ,3,26,29,8,64,72
02293400,ECOLE DES HAUTES ETUDES COMERCIALS      ,FC,00000-0000,Public       ,0,16,16,0,23,23
02296300,UNIVERSITY OF CAMBRIDGE - JESUS COL     ,FC,00000-0000,Public       ,0,2,2,0,3,3
02310500,DE MONTFORT UNIVERSITY                  ,FC,00000-0000,Public       ,0,6,6,1,11,12
02320500,ROYAL NORTHERN COLLEGE OF MUSIC         ,FC,00000-0000,Public       ,0,2,2,1,6,7
02335100,UNIV OF CAMBRIDGE - TRINITY HALL        ,FC,00000-0000,Public       ,0,7,7,1,8,9
02338900,UNIVERSITY  FOR THE CREATIVE ARTS       ,FC,00000-0000,Public       ,1,1,2,4,1,5
02338903,KENT INSTITUTE OF ART & DESIGN          ,FC,00000-0000,Public       ,0,2,2,1,4,5
02339300,ERASMUS UNIV ROTTERDAM                  ,FC,00000-0000,Public       ,0,8,8,0,25,25
02347300,ESCUELA AUTONOMA DE CIENCIAS MEDICA     ,FC,00000-0000,Private      ,4,5,9,4,11,15
02351800,UNIVERSIDAD IBEROAMERICANA (UNIBE       ,FC,00000-0000,Private      ,47,258,305,72,536,608
02352100,UNIVERSITY OF PLYMOUTH                  ,FC,00000-0000,Public       ,1,6,7,1,17,18
02355200,ECOLE SUPERIEURE DE CUISINE FRANCAISE-FE,FC,00000-0000,Public       ,3,7,10,3,12,15
02363000,GSA CONSERVATOIRE                       ,FC,00000-0000,Private      ,1,1,2,1,1,2
02493000,ESCUELA SUPERIOR ADMINISTRACION Y D     ,FC,00000-0000,Private      ,0,13,13,0,23,23
02496600,UNIVERSITY OF STELLENBOSCH              ,FC,00000-0000,Public       ,0,3,3,0,7,7
02502600,PECSI ORVOSTUDOMANYI EGYETEM (PECS      ,FC,00000-0000,Public       ,1,4,5,1,15,16
02530000,E.M. LYON                               ,FC,00000-0000,Private      ,0,1,1,0,2,2
02545700,GLASGOW SCHOOL OF ART                   ,FC,00000-0000,Public       ,2,12,14,4,21,25
02579600,MURDOCH UNIVERSITY                      ,FC,00000-0000,Public       ,1,9,10,7,30,37
02588000,UNIVERSITY OF ULSTER                    ,FC,00000-0000,Public       ,4,5,9,6,11,17
02591800,CURTIN UNIVERSITY OF TECHNOLOGY         ,FC,00000-0000,Public       ,1,10,11,4,24,28
02592300,MILLTOWN INST OF THEOLOGY & PHILOSO     ,FC,00000-0000,Private      ,0,1,1,0,2,2
02604300,AALBORG UNIVERSITY                      ,FC,00000-0000,Public       ,0,4,4,3,9,12
02611500,HELSINKI SCH OF ECONOMICS & BUS ADM     ,FC,00000-0000,Public       ,0,0,0,0,3,3
02611600,ECOL NATIONAL DES PONTS ET CHAUSSEE     ,FC,00000-0000,Public       ,0,2,2,1,5,6
02611700,DUBLIN CITY UNIVERSITY                  ,FC,00000-0000,Public       ,1,10,11,4,24,28
02623200,UNIVERSITY OF NEWCASTLE (THE)           ,FC,00000-0000,Public       ,4,8,12,8,16,24
03012700,UNIVERSITY OF BUCKINGHAM                ,FC,00000-0000,Private      ,1,3,4,1,8,9
03029400,KEELE UNIVERSITY                        ,FC,00000-0000,Public       ,0,2,2,0,8,8
03029500,NORTHUMBRIA UNIVERSITY                  ,FC,00000-0000,Public       ,0,4,4,2,10,12
03029800,NORGES HANDELSHOYSKOLE                  ,FC,00000-0000,Public       ,0,1,1,2,2,4
03033300,MANCHESTER METROPOLITAN UNIV            ,FC,00000-0000,Public       ,1,8,9,2,20,22
03033700,NORWEGIAN SCHOOL OF MANAGEMENT          ,FC,00000-0000,Private      ,0,1,1,1,2,3
03045000,UNIVERSITY OF EAST LONDON               ,FC,00000-0000,Public       ,4,10,14,5,24,29
03050100,STUDIO ART CENTERS INTERNATIONAL        ,FC,00000-0000,Private      ,5,16,21,30,52,82
03066800,PONTIFICIO ATENEO DELLA SANTA CROCE     ,FC,00000-0000,Private      ,1,6,7,1,8,9
03067200,UNIVERSITY OF SYDNEY                    ,FC,00000-0000,Public       ,9,44,53,18,100,118
03073800,UNIV OF DEBRECEN MED & HEALTH SCI       ,FC,00000-0000,Public       ,2,7,9,5,10,15
03078700,UNIVERSITA COMMERCIALE L BOCCONI        ,FC,00000-0000,Public       ,1,9,10,4,9,13
03080300,SHEFFIELD HALLAM UNIVERSITY             ,FC,00000-0000,Public       ,0,3,3,0,4,4
03084300,UNIVERSITY OF LIMERICK                  ,FC,00000-0000,Public       ,4,7,11,10,19,29
03085100,UNIV OF WOLVERHAMPTON (WOLVERHAMPTO     ,FC,00000-0000,Public       ,1,3,4,2,5,7
03088100,SOPHIA ANTIPOLIS MANAGEMENT INST        ,FC,00000-0000,Private      ,0,1,1,0,1,1
03088700,ROYAL SCOTTISH ACAD MUSIC & DRAMA       ,FC,00000-0000,Public       ,2,5,7,6,8,14
03091400,UNIVERSITY OF WOLLONGONG                ,FC,00000-0000,Public       ,5,6,11,10,16,26
03091500,UNIVERSITY OF CANBERRA                  ,FC,00000-0000,Public       ,0,0,0,2,2,4
03091700,KAROL MARCINKOWSKI UNIV OF MED SCI      ,FC,00000-0000,Public       ,6,66,72,8,94,102
03092500,NOTTINGHAM TRENT UNIVERSITY             ,FC,00000-0000,Public       ,3,8,11,4,13,17
03095000,RMIT UNIVERSITY                         ,FC,00000-0000,Public       ,3,7,10,5,14,19
03095400,BOND UNIVERSITY                         ,FC,00000-0000,Private      ,5,23,28,15,54,69
03095900,ESSEC BUSINESS SCHOOL                   ,FC,00000-0000,Private      ,0,0,0,0,4,4
03096100,LA TROBE UNIVERSITY                     ,FC,00000-0000,Public       ,3,8,11,8,13,21
03096900,DEAKIN UNIVERSITY                       ,FC,00000-0000,Public       ,2,5,7,4,14,18
03097100,UNIVERSITY OF WESTERN SYDNEY            ,FC,00000-0000,Public       ,1,4,5,2,6,8
03097300,VICTORIA UNIVERSITY OF TECHNOLOGY       ,FC,00000-0000,Public       ,2,3,5,2,9,11
03097500,CENTRAL QUEENSLAND UNIVERSITY           ,FC,00000-0000,Public       ,2,2,4,3,4,7
03100000,UNIVERSITY OF ADELAIDE (THE)            ,FC,00000-0000,Public       ,0,9,9,1,23,24
03100200,INST DE MANAGEMENT HOTELIER INTERNA     ,FC,00000-0000,Private      ,0,0,0,1,0,1
03101600,ASIAN INSTITUTE OF MANAGEMENT           ,FC,00000-0000,Private      ,0,1,1,1,3,4
03102500,AMERICAN UNIVERSITY OF ROME             ,FC,00000-0000,Private      ,34,16,50,98,40,138
03102800,ROBERT GORDON UNIVERSITY (THE)          ,FC,00000-0000,Public       ,0,3,3,1,7,8
03103200,INT'L STUDIES CTR AT THE CORVINUS UNIVER,FC,00000-0000,Public       ,0,2,2,0,5,5
03104800,GRIFFITH UNIVERSITY                     ,FC,00000-0000,Public       ,7,11,18,14,27,41
03106100,ROSKILDE UNIV ROSKILDE UNIVERSITY C     ,FC,00000-0000,Public       ,0,1,1,0,1,1
03123500,HOGESCHOOL VAN AMSTERDAM                ,FC,00000-0000,Private      ,1,4,5,3,6,9
03125200,LINCOLN UNIVERSITY                      ,FC,00000-0000,Public       ,1,1,2,1,3,4
03136300,AUSTRALIAN CATHOLIC UNIVERSITY          ,FC,00000-0000,Public       ,0,3,3,1,5,6
03137400,CHARLES STURT UNIVERSITY                ,FC,00000-0000,Public       ,0,4,4,1,7,8
03140300,EDITH COWAN UNIVERSITY                  ,FC,00000-0000,Public       ,0,5,5,1,10,11
03140400,NORTHERN TERRITORY UNIVERSITY           ,FC,00000-0000,Public       ,0,0,0,0,2,2
03140500,QUEENSLAND UNIVERSITY OF TECHNOLOGY     ,FC,00000-0000,Public       ,1,4,5,6,14,20
03140600,SOUTHERN CROSS UNIVERSITY               ,FC,00000-0000,Public       ,0,5,5,3,10,13
03140700,SWINBURNE UNIVERSITY OF TECHNOLOGY      ,FC,00000-0000,Public       ,0,1,1,2,2,4
03140900,UNIVERSITY OF BALLARAT                  ,FC,00000-0000,Public       ,0,1,1,0,2,2
03150300,UNIVERSITY OF TASMANIA                  ,FC,00000-0000,Public       ,3,2,5,4,9,13
03274300,"KUNGLIGA TEKNISKA HOGSKOLAN, KTH        ",FC,00000-0000,Public       ,0,2,2,0,6,6
03287300,LIVERPOOL INSTITUTE FOR PERFORMING ARTS ,FC,00000-0000,Public       ,5,3,8,8,8,16
03300300,"2ND SCHOOL OF MEDICINE, CHARLES UNI     ",FC,00000-0000,Public       ,2,1,3,2,4,6
03300400,"FIRST FACULTY OF MEDICINE, CHARLES UNIV.",FC,00000-0000,Public       ,1,8,9,1,18,19
03329300,JOHN CABOT UNIVERSITY                   ,FC,00000-0000,Private      ,21,3,24,71,12,83
03332400,AGRICULTURE UNIVERSITY OF WROCLAW       ,FC,00000-0000,Public       ,0,1,1,0,3,3
03333300,MEDICAL UNIVERSITY SCHOOL OF LUBLIN     ,FC,00000-0000,Public       ,11,61,72,19,118,137
03334300,UNIVERSIDAD NORDESTANA                  ,FC,00000-0000,Private      ,1,1,2,1,4,5
03335300,MEDICAL UNIVERSITY OF SILESIA           ,FC,00000-0000,Public       ,4,39,43,9,58,67
03342300,GLASGOW CALEDONIAN UNIVERSITY           ,FC,00000-0000,Public       ,1,4,5,2,5,7
03349400,"QUEEN MARGARET UNIVERSITY COLLEGE, EDINB",FC,00000-0000,Public       ,0,3,3,0,6,6
03350300,BOURNEMOUTH UNIVERSITY                  ,FC,00000-0000,Public       ,1,11,12,3,19,22
03352300,LONDON SOUTH BANK UNIVERSITY            ,FC,00000-0000,Private      ,5,9,14,12,17,29
03363300,THE ARTS EDUCATIONAL SCHOOLS LONDON     ,FC,00000-0000,Private      ,0,0,0,1,3,4
03364300,"FACULTY OF MEDICINE, PALACKY UNIVER     ",FC,00000-0000,Public       ,0,1,1,0,4,4
03365400,AUCKLAND INSTITUTE OF TECHNOLOGY        ,FC,00000-0000,Public       ,2,6,8,2,11,13
03366300,TROPICAL AGRICULTURE RESEARCH AND H     ,FC,00000-0000,Private      ,0,1,1,0,1,1
03375300,"CHARLES UNIVERSITY, FACULTY OF MEDI     ",FC,00000-0000,Public       ,0,2,2,0,5,5
03377300,"UNIVERSITY OF WALES INSTITUTE, CARD     ",FC,00000-0000,Public       ,1,3,4,1,4,5
03378300,"THE 3RD FACULTY OF MEDICINE, CHARLE     ",FC,00000-0000,Public       ,0,1,1,0,2,2
03386300,CHARLES UNIVERSITY-MEDICAL FACULTY      ,FC,00000-0000,Public       ,2,2,4,2,4,6
03397400,HOGESCHOOL VOOR DE KUNSTEN UTRECHT      ,FC,00000-0000,Private      ,1,2,3,1,7,8
03406300,"THE SCHOOL OF PHARMACY, UNIVERSITY      ",FC,00000-0000,Public       ,0,0,0,1,0,1
03418400,NAPIER UNIVERSITY                       ,FC,00000-0000,Public       ,2,11,13,4,22,26
03435300,ANGLIA POLYTECHNIC UNIVERSITY HIGHE     ,FC,00000-0000,Public       ,0,4,4,1,4,5
03456600,ANGELES UNIVERSITY FOUNDATION           ,FC,00000-0000,Private      ,0,1,1,0,1,1
03460300,INTERNATIONALES THEOLOGISCHES INSTI     ,FC,00000-0000,Private      ,0,3,3,2,12,14
03462400,UNIV OF ARTS LONDON - LON COLL OF COMMUN,FC,00000-0000,Public       ,2,11,13,4,14,18
03466300,INSTITUTO CENTROAMERICANO DE ADMINI     ,FC,00000-0000,Private      ,0,3,3,0,4,4
03473300,UNIV OF ARTS LONDON - LON COLL FASHION  ,FC,00000-0000,Public       ,14,17,31,27,29,56
03475300,UNIV OF THE ARTS  LONDON - CHELSEA COLL ,FC,00000-0000,Public       ,0,3,3,2,8,10
03477400,UNIVERSITY OF LUTON                     ,FC,00000-0000,Public       ,0,0,0,1,0,1
03478300,ROYAL WELSH COLLEGE OF MUSIC AND DRAMA  ,FC,00000-0000,Public       ,0,1,1,1,1,2
03484300,LANDEGG INTERNATIONAL UNIVERSITY        ,FC,00000-0000,Private      ,0,2,2,0,4,4
03492400,UNIV OF CAMBRIDGE-ST CATHERINE'S CG     ,FC,00000-0000,Public       ,0,2,2,0,3,3
03494400,UNIV OF CAMBRIDGE-SELWYN COLLEGE        ,FC,00000-0000,Public       ,0,2,2,0,5,5
03494600,UNIV OF OXFORD-HARRIS MANCHESTER        ,FC,00000-0000,Public       ,0,2,2,0,3,3
03500300,WIMBLEDON COLLEGE OF ART                ,FC,00000-0000,Public       ,0,0,0,1,1,2
03501400,LEEDS METROPOLITAN UNIVERSITY           ,FC,00000-0000,Public       ,2,9,11,2,13,15
03507300,UNIVERSITY OF SUNDERLAND                ,FC,00000-0000,Public       ,3,3,6,4,7,11
03515300,UNIVERSITY OF CENTRAL LANCASHIRE        ,FC,00000-0000,Public       ,0,3,3,1,8,9
03517300,UNIVERSITY OF BRIGHTON                  ,FC,00000-0000,Public       ,3,4,7,4,10,14
03518300,EUROPEAN GRADUATE SCHOOL                ,FC,00000-0000,Private      ,0,16,16,1,43,44
03526300,INST CENTROAMERICANO DE ADM DE EMP      ,FC,00000-0000,Private      ,0,1,1,0,1,1
03527300,SOFIA UNIVERSITY ST. KLIMENT OHRIDSKI   ,FC,00000-0000,Public       ,0,1,1,0,1,1
03533300,BATH SPA UNIVERSITY                     ,FC,00000-0000,Public       ,0,13,13,0,19,19
03547300,UNIVERSITY OF GLAMORGAN                 ,FC,00000-0000,Public       ,0,1,1,0,2,2
03580300,LIVERPOOL JOHN MOORES UNIVERSITY        ,FC,00000-0000,Public       ,2,1,3,2,3,5
03594300,GROUP ESC GRENOBLE GRAD SCH OF BUS.     ,FC,00000-0000,Private      ,0,7,7,0,12,12
03597300,JAGIELLONIAN UNIVERSITY                 ,FC,00000-0000,Public       ,0,5,5,1,14,15
03601300,UNIVERSITAT JAUME I DE CASTELLO/UJI     ,FC,00000-0000,Public       ,0,7,7,0,10,10
03603300,LEEDS COLLEGE OF MUSIC                  ,FC,00000-0000,Public       ,0,1,1,0,1,1
03619300,UNIVERSITY OF GREENWICH                 ,FC,00000-0000,Public       ,2,8,10,6,11,17
03653400,UNIVERSIDAD DE IBEROAMERICA - UNIBE     ,FC,00000-0000,Private      ,4,6,10,6,10,16
03674300,UNIVERSITY OF ABERTAY DUNDEE            ,FC,00000-0000,Public       ,0,1,1,1,2,3
03684400,UNIVERSITY OF LINCOLN                   ,FC,00000-0000,Public       ,0,1,1,0,2,2
03684500,MEDICAL UNIVERSITY OF GDANSK            ,FC,00000-0000,Public       ,1,0,1,1,0,1
03684600,POMERANIAN MEDICAL UNIVERSITY           ,FC,00000-0000,Public       ,1,0,1,1,0,1
03694300,UNIVERSITY COLLEGE CHICHESTER           ,FC,00000-0000,Public       ,0,1,1,0,1,1
03697300,NATIONAL FILM & TELEVISION SCHOOL       ,FC,00000-0000,Private      ,0,1,1,0,1,1
03716300,"UNIVERSITY OF WALES, NEWPORT            ",FC,00000-0000,Public       ,1,3,4,2,4,6
03721300,WRITTLE COLLEGE                         ,FC,00000-0000,Public       ,0,1,1,0,3,3
03770300,NAZARENE THEOLOGICAL COLLEGE            ,FC,00000-0000,Private      ,0,5,5,0,9,9
03777400,WESTMINSTER COLLEGE                     ,FC,00000-0000,Private      ,1,0,1,1,2,3
03816400,AMERICAN GRAD SCH OF INTERNTL REL & DIPL,FC,00000-0000,Private      ,0,18,18,1,35,36
03818300,LEIPZIG GRADUATE SCHOOL OF MANAGEMENT   ,FC,00000-0000,Private      ,0,3,3,0,3,3
03824300,"ROYAL VETERINARY COLLEGE (THE), UNIVERSI",FC,00000-0000,Public       ,0,42,42,0,54,54
03850500,MEDICAL UNIVERSITY OF LODZ              ,FC,00000-0000,Public       ,2,23,25,2,29,31
03859400,UNIVERSITY COLLEGE FALMOUTH             ,FC,00000-0000,Public       ,0,5,5,0,5,5
03926400,NATIONAL COLLEGE OF ART AND DESIGN      ,FC,00000-0000,Public       ,1,0,1,2,1,3
03941301,AVE MARIA UNIVERSITY - LATIN AMERICA    ,FC,00000-0000,Private      ,54,9,63,69,14,83
00380600,ALDERSON-BROADDUS COLLEGE               ,WV,26416-1051,Private      ,54,54,108,698,331,1029
00380700,MOUNTAIN STATE UNIVERSITY               ,WV,25801-5624,Private      ,184,1207,1391,929,2748,3677
00380800,BETHANY COLLEGE                         ,WV,26032-0417,Private      ,308,19,327,1042,46,1088
00380900,BLUEFIELD STATE COLLEGE                 ,WV,24701-2198,Public       ,203,352,555,1026,1147,2173
00381000,CONCORD UNIVERSITY                      ,WV,24712-0000,Public       ,282,192,474,2389,747,3136
00381100,DAVIS & ELKINS COLLEGE                  ,WV,26241-3996,Private      ,72,43,115,492,232,724
00381200,FAIRMONT STATE UNIVERSITY               ,WV,26554-2470,Public       ,379,496,875,4379,2495,6874
00381300,GLENVILLE STATE COLLEGE                 ,WV,26351-1292,Public       ,102,57,159,1195,319,1514
00381500,MARSHALL UNIVERSITY                     ,WV,25755-3300,Public       ,1056,1493,2549,7056,4077,11133
00381600,SOUTHERN WV COMMUNITY COLLEGE           ,WV,25637-2900,Public       ,154,338,492,785,797,1582
00381800,UNIVERSITY OF CHARLESTON                ,WV,25304-1099,Private      ,134,117,251,1286,448,1734
00381900,OHIO VALLEY COLLEGE                     ,WV,26105-8000,Private      ,87,49,136,328,117,445
00382000,SALEM INTERNATIONAL UNIVERSITY          ,WV,26426-0500,Proprietary  ,43,69,112,170,130,300
00382200,SHEPHERD UNIVERSITY                     ,WV,25443-3210,Public       ,574,327,901,2587,807,3394
00382300,WEST LIBERTY STATE COLLEGE              ,WV,26074-0295,Public       ,270,118,388,1971,428,2399
00382600,WEST VIRGINIA STATE UNIVERSITY          ,WV,25112-0000,Public       ,424,628,1052,2113,2155,4268
00382700,WEST VIRGINIA UNIVERSITY                ,WV,26506-6201,Public       ,1739,1261,3000,18581,6098,24679
00382711,WEST VIRGINIA UNIVERSITY - POTOMAC STATE,WV,26726-3000,Public       ,172,72,244,972,234,1206
00382721,WEST VIRGINIA UNIV INST OF TECH         ,WV,25136-2436,Public       ,160,164,324,1123,520,1643
00382800,WEST VIRGINIA UNIV AT PARKERSBURG       ,WV,26101-9577,Public       ,217,545,762,1078,1440,2518
00383000,WEST VIRGINIA WESLEYAN COLLEGE          ,WV,26201-2600,Private      ,179,17,196,1515,95,1610
00383100,WHEELING JESUIT UNIVERSITY              ,WV,26003-6243,Private      ,268,166,434,1224,366,1590
00500700,WEST VIRGINIA JUNIOR COLLEGE            ,WV,26505-5596,Proprietary  ,20,28,48,73,114,187
00500800,MOUNTAIN STATE COLLEGE                  ,WV,26101-3993,Proprietary  ,9,60,69,26,118,144
00754400,APPALACHIAN BIBLE COLLEGE               ,WV,25818-1353,Private      ,69,21,90,204,67,271
00757800,HUNTINGTON SCHOOL OF BEAUTY CULTURE     ,WV,25705-2030,Proprietary  ,11,27,38,26,31,57
00760000,INTERNATIONAL BEAUTY SCHOOL             ,WV,25401-3231,Proprietary  ,11,33,44,15,36,51
00835500,JAMES RUMSEY TECHNICAL INSTITUTE        ,WV,25403-0259,Public       ,15,42,57,43,85,128
00895900,CLARKSBURG BEAUTY ACADEMY               ,WV,26301-2903,Proprietary  ,3,7,10,18,11,29
00904700,HUNTINGTON JUNIOR COLLEGE               ,WV,25701-2004,Proprietary  ,21,172,193,106,713,819
00905400,WEST VIRGINIA NORTHERN CMTY COLLEGE     ,WV,26003-0000,Public       ,161,571,732,570,1140,1710
01014000,MINERAL COUNTY VOCATIONAL TECH CTR      ,WV,26726-0000,Public       ,1,6,7,4,14,18
01021703,INTERNATIONAL ACADEMY OF DESIGN AND TECH,WV,26554-9790,Proprietary  ,0,0,0,7,3,10
01035600,EVEREST INSTITUTE                       ,WV,25313-1304,Proprietary  ,101,494,595,154,700,854
01057300,WEST VIRGINIA JUNIOR COLLEGE            ,WV,25322-0000,Proprietary  ,15,45,60,62,159,221
01057302,WEST VIRGINIA JUNIOR COLLEGE            ,WV,26330-0000,Proprietary  ,21,57,78,129,171,300
01086100,WEST VIRGINIA BUSINESS COLLEGE          ,WV,26301-0000,Proprietary  ,1,13,14,9,19,28
01124500,WEST VIRGINIA SCH OSTEOPATHIC MED       ,WV,24901-1128,Public       ,0,147,147,10,592,602
01174900,WOOD COUNTY SCH OF PRAC NURSING         ,WV,26101-6424,Public       ,2,23,25,12,38,50
01235900,B M SPURR SCHOOL OF PRAC NURSING        ,WV,26038-1660,Private      ,2,19,21,5,30,35
01257300,WEST VIRGINIA UNIV-HOSP-RAD TECH        ,WV,26506-8062,Private      ,4,9,13,49,51,100
01274300,BENJAMIN FRANKLIN CAREER&TECH           ,WV,25064-0000,Public       ,22,48,70,41,64,105
01290400,MONONGALIA CNTY TECH ED CTR             ,WV,26501-6841,Public       ,10,36,46,41,85,126
01290500,ACADEMY OF CAREERS AND TECHNOLOGY       ,WV,25801-0000,Public       ,8,54,62,33,97,130
02057400,ROANE-JACKSON TECHNICAL CENTER          ,WV,25252-0000,Public       ,3,13,16,13,34,47
02068000,UNITED TECHNICAL CENTER                 ,WV,26301-0000,Public       ,5,11,16,19,38,57
02070100,BECKLEY BEAUTY ACADEMY                  ,WV,25801-0000,Proprietary  ,2,13,15,15,21,36
02073400,CARVER CAREER TECH ED CTR               ,WV,25306-6397,Public       ,23,70,93,62,134,196
02145100,SCOTT COLLEGE OF COSMETOLOGY            ,WV,26003-0000,Proprietary  ,21,12,33,33,19,52
02175900,MARION COUNTY TECHNICAL CENTER          ,WV,26571-0000,Public       ,0,0,0,1,1,2
02178200,CHARLESTON SCHOOL OF BEAUTY CULTURE     ,WV,25301-0000,Proprietary  ,9,27,36,20,33,53
02218200,GARNET CAREER CENTER                    ,WV,25301-0000,Public       ,15,85,100,40,158,198
02275300,CABELL COUNTY CAREER TECHNOLOGY CTR     ,WV,25705-0000,Public       ,13,40,53,34,76,110
02280300,WV CAREER AND TECHNICAL INSTITUTE       ,WV,25112-0000,Public       ,11,7,18,46,25,71
02524500,RALPH R WILLIS VOCATIONAL CENTER        ,WV,25601-0000,Public       ,3,18,21,9,26,35
02534800,FRED W EBERLE TECHNICAL CENTER          ,WV,26201-0000,Public       ,4,11,15,16,32,48
02535500,MERCER COUNTY TECH EDUC CNTR            ,WV,24740-0000,Public       ,6,20,26,23,42,65
02579900,NORTH CENTRAL OPPORTUNITIES IND CTR     ,WV,26554-2936,Private      ,0,6,6,1,17,18
02609400,VALLEY COLLEGE                          ,WV,25404-5711,Proprietary  ,9,43,52,13,75,88
03052000,MEREDITH MANOR EQUESTRIAN CENTRE        ,WV,26184-9707,Proprietary  ,20,13,33,47,24,71
03076500,FAYETTE INSTITUTE OF TECHNOLOGY         ,WV,25901-2174,Public       ,2,3,5,8,27,35
03084200,VALLEY COLLEGE                          ,WV,24740-3141,Proprietary  ,1,18,19,2,33,35
03084400,VALLEY COLLEGE                          ,WV,25801-2643,Proprietary  ,6,28,34,13,74,87
03098300,PUTNAM CAREER & TECHNICAL CENTER        ,WV,25070-0000,Public       ,7,12,19,21,37,58
03099200,"MOUNTAINEER BEAUTY COLLEGE, INC         ",WV,25177-2917,Proprietary  ,2,14,16,13,30,43
03102100,MORGANTOWN BEAUTY COLLEGE               ,WV,26505-5430,Proprietary  ,12,15,27,30,26,56
03123200,STANLEY TECHNICAL INSTITUTE             ,WV,26505-3751,Private      ,1,14,15,3,15,18
03327500,SOUTH BRANCH VOCATIONAL TECH CENTER     ,WV,26847-1698,Public       ,0,5,5,0,5,5
03734300,JOHN D. ROCKEFELLER IV CAREER CENTER    ,WV,26047-9424,Public       ,1,1,2,2,6,8
03957300,BLUE RIDGE COMMUNITY AND TECHNICAL COLLE,WV,25401-3244,Public       ,67,133,200,160,315,475
03960300,NEW RIVER COMMUNITY AND TECHNICAL COLLEG,WV,25801-2636,Public       ,52,196,248,328,649,977
04028300,MOUNTAIN STATE SCHOOL OF MASSAGE        ,WV,25304-2025,Proprietary  ,7,17,24,16,26,42
04038500,PIERPONT COMMUNITY & TECHNICAL COLLEGE  ,WV,26554-2451,Public       ,45,83,128,45,83,128
04038600,WEST VIRGINIA STATE COMMUNITY AND TECHNI,WV,25112-1000,Public       ,34,114,148,47,151,198
04041400,MARSHALL COMMUNITY AND TECHNICAL COLLEGE,WV,25755-3300,Public       ,39,117,156,164,202,366
00106100,ALASKA PACIFIC UNIVERSITY               ,AK,99508-4672,Private      ,123,155,278,332,360,692
00106200,SHELDON JACKSON COLLEGE                 ,AK,99835-7699,Private      ,27,19,46,56,48,104
00106300,UNIVERSITY OF ALASKA FAIRBANKS          ,AK,99775-7500,Public       ,534,712,1246,1459,1566,3025
00106500,UNIVERSITY OF ALASKA SOUTHEAST          ,AK,99801-8680,Public       ,121,209,330,342,518,860
00884300,ALASKA BIBLE COLLEGE                    ,AK,99588-0000,Private      ,2,5,7,5,11,16
01146200,UNIVERSITY OF ALASKA ANCHORAGE          ,AK,99514-1608,Public       ,1467,1919,3386,2943,3975,6918
02541000,CAREER ACADEMY                          ,AK,99507-0000,Proprietary  ,29,129,158,39,190,229
02576900,CHARTER COLLEGE                         ,AK,99508-0000,Proprietary  ,31,225,256,45,303,348
03160300,ALASKA VOCATIONAL TECHNICAL CENTER      ,AK,99664-0889,Public       ,47,82,129,72,164,236
03461300,ILISAGVIK COLLEGE                       ,AK,99723-0749,Public       ,3,18,21,3,30,33
03677300,GALENA CITY SCHOOL DISTRICT - PROJE     ,AK,99741-0359,Public       ,1,1,2,1,1,2
00108500,UNIV ARKANSAS MONTICELLO                ,AR,71656-0000,Public       ,686,568,1254,1192,998,2190
00108501,GREAT RIVERS TECHNICAL INSTITUTE        ,AR,71654-0000,Public       ,3,18,21,5,31,36
00108502,FOREST ECHOES TECHNICAL INSTITUTE       ,AR,71635-0000,Public       ,6,14,20,11,19,30
00108600,UNIV OF ARKANSAS AT PINE BLUFF          ,AR,71601-2790,Public       ,1068,561,1629,2290,1023,3313
00108700,ARKANSAS BAPTIST COLLEGE                ,AR,72202-6099,Private      ,27,78,105,46,131,177
00108800,LYON COLLEGE                            ,AR,72501-3699,Private      ,174,47,221,540,92,632
00108900,ARKANSAS TECH UNIVERSITY                ,AR,72801-2222,Public       ,1518,1098,2616,3088,1966,5054
00109000,ARKANSAS STATE UNIVERSITY               ,AR,72467-0000,Public       ,2120,2340,4460,4543,4322,8865
00109006,DELTA TECHNICAL INSTITUTE               ,AR,72365-9558,Public       ,17,21,38,31,46,77
00109100,ARKANSAS STATE UNIVERSITY - BEEBE       ,AR,72012-1000,Public       ,522,713,1235,881,1197,2078
00109103,ARKANSAS STATE UNIV-BEEBE-SEARCY        ,AR,72143-4798,Public       ,3,9,12,44,58,102
00109200,UNIVERSITY OF CENTRAL ARKANSAS          ,AR,72035-0001,Public       ,2881,1395,4276,5716,2487,8203
00109300,CENTRAL BAPTIST COLLEGE                 ,AR,72034-6470,Private      ,109,85,194,191,115,306
00109400,UNIVERSITY OF THE OZARKS                ,AR,72830-2880,Private      ,143,43,186,404,70,474
00109500,CROWLEYS RIDGE COLLEGE                  ,AR,72450-9775,Private      ,37,11,48,61,19,80
00109700,HARDING UNIVERSITY                      ,AR,72149-0001,Private      ,1287,504,1791,2537,740,3277
00109800,HENDERSON STATE UNIVERSITY              ,AR,71999-0001,Public       ,874,591,1465,1710,904,2614
00109900,HENDRIX COLLEGE                         ,AR,72032-3080,Private      ,188,24,212,1274,60,1334
00110000,JOHN BROWN UNIVERSITY                   ,AR,72761-2747,Private      ,269,326,595,1112,583,1695
00110100,UNIV ARKANSAS LITTLE ROCK               ,AR,72204-1099,Public       ,1395,2915,4310,2689,5583,8272
00110200,OUACHITA BAPTIST UNIVERSITY             ,AR,71998-0001,Private      ,457,52,509,1027,82,1109
00110300,PHILANDER SMITH COLLEGE                 ,AR,72202-3718,Private      ,209,235,444,474,468,942
00110400,PHILLIPS COUNTY COMMUNITY COLLEGE       ,AR,72342-0000,Public       ,141,260,401,252,387,639
00110401,RICE BELT TECH INST                     ,AR,72042-0000,Public       ,4,0,4,6,4,10
00110600,WILLIAMS BAPTIST COLLEGE                ,AR,72476-4661,Private      ,198,73,271,453,133,586
00110700,SOUTHERN ARKANSAS UNIVERSITY            ,AR,71754-0000,Public       ,808,548,1356,1461,890,2351
00110800,UNIV ARKANSAS FAYETTEVILLE              ,AR,72701-0000,Public       ,2677,1937,4614,6265,3553,9818
00110900,UNIV OF ARKANSAS FOR MEDCL SCIENCES     ,AR,72205-7102,Public       ,204,617,821,332,1125,1457
00110901,UNIV OF ARKANSAS COLG OF MEDICINE       ,AR,72205-0000,Public       ,6,148,154,18,578,596
00111000,UNIVERSITY OF ARKANSAS-FORT SMITH       ,AR,72904-7397,Public       ,1045,1336,2381,1959,2377,4336
00524500,U OF A COMM COLLEGE AT MORRILTON        ,AR,72110-9601,Public       ,302,485,787,499,806,1305
00570700,SEARK COLLEGE                           ,AR,71603-0000,Public       ,205,532,737,338,1023,1361
00573200,UNIV AR COMMUNITY COLLEGE AT HOPE       ,AR,71801-0000,Public       ,154,237,391,268,360,628
00704400,CROWLEYS RIDGE TECHNICAL INSTITUTE      ,AR,72336-0000,Public       ,35,71,106,46,116,162
00773800,SOUTHERN ARKANSAS UNIVERSITY TECH       ,AR,71701-1900,Public       ,160,229,389,255,373,628
00792100,FAYETTEVILLE BEAUTY COLLEGE             ,AR,72701-0000,Proprietary  ,11,30,41,16,53,69
00997600,OUACHITA TECHNICAL COLLEGE              ,AR,72104-0816,Public       ,103,229,332,160,367,527
01074100,MELLIE'S BEAUTY COLLEGE                 ,AR,72901-3886,Proprietary  ,4,11,15,6,12,18
01210500,NATIONAL PARK COMMUNITY COLLEGE         ,AR,71913-9174,Public       ,245,534,779,392,840,1232
01226000,EAST ARKANSAS COMMUNITY COLLEGE         ,AR,72335-2204,Public       ,167,236,403,262,358,620
01226100,NORTH ARKANSAS COLLEGE                  ,AR,72601-5508,Public       ,266,449,715,477,802,1279
01286000,ARKANSAS NORTHEASTERN COLLEGE           ,AR,72316-1109,Public       ,211,379,590,482,702,1184
02052200,BLACK RIVER TECHNICAL COLLEGE           ,AR,72455-0000,Public       ,222,412,634,390,605,995
02073500,UNIVERSITY OF ARKANSAS COMMUNITY COLLEGE,AR,72503-0000,Public       ,129,272,401,222,414,636
02073700,NORTHWEST TECHNICAL INSTITUTE           ,AR,72765-0000,Public       ,26,85,111,51,172,223
02074600,SOUTH ARKANSAS COMMUNITY COLLEGE        ,AR,71731-0000,Public       ,120,383,503,200,605,805
02075300,PULASKI TECHNICAL COLLEGE               ,AR,72118-0000,Public       ,845,3138,3983,1247,4945,6192
02087000,OZARKA COLLEGE                          ,AR,72556-0000,Public       ,78,209,287,137,292,429
02111100,RICH MOUNTAIN COMMUNITY COLLEGE         ,AR,71953-0000,Public       ,106,109,215,247,228,475
02202400,PROFESSIONAL COSMETOLOGY EDUC CTR       ,AR,71730-5828,Proprietary  ,5,19,24,6,20,26
02220900,COSSATOT COMMUNITY COLLEGE              ,AR,71832-0000,Public       ,86,232,318,209,440,649
02260400,BEE JAY'S HAIRSTYLING ACADEMY           ,AR,72212-0000,Proprietary  ,2,9,11,2,14,16
02272400,EASTERN COLLEGE OF HEALTH VOCATIONS     ,AR,72209-0000,Proprietary  ,27,148,175,44,270,314
02284200,NEW TYLER BARBER COLLEGE INC            ,AR,72114-0000,Proprietary  ,10,15,25,12,20,32
02287400,MARSHA KAY BEAUTY COLLEGE               ,AR,72653-0000,Proprietary  ,4,7,11,6,9,15
02321701,ITT TECHNICAL INSTITUTE                 ,AR,72204-9925,Proprietary  ,93,249,342,129,292,421
02330800,JEFFERSON SCHOOL OF NURSING             ,AR,71603-0000,Private      ,13,43,56,26,86,112
02339800,SOUTHERN INSTITUTE OF COSMETOLOGY       ,AR,72301-0000,Proprietary  ,1,2,3,3,5,8
02341700,CAREER ACADEMY OF HAIR DESIGN           ,AR,72764-4304,Proprietary  ,15,32,47,21,54,75
02348200,MID-SOUTH COMMUNITY COLLEGE             ,AR,72301-0000,Public       ,179,324,503,307,611,918
02363500,ARTHUR'S BEAUTY COLLEGE                 ,AR,72901-0000,Proprietary  ,9,24,33,12,40,52
02525800,LEE'S SCHOOL OF COSMETOLOGY             ,AR,72114-0000,Proprietary  ,6,11,17,7,19,26
02538500,ARTHUR'S BEAUTY COLLEGE                 ,AR,72076-0000,Proprietary  ,28,76,104,31,97,128
02569600,SEARCY BEAUTY COLLEGE                   ,AR,72143-0000,Proprietary  ,6,25,31,7,28,35
03005100,ARKANSAS BEAUTY SCHOOL                  ,AR,72209-5116,Proprietary  ,10,37,47,15,48,63
03007100,HOT SPRINGS BEAUTY COLLEGE              ,AR,71901-5432,Proprietary  ,10,23,33,16,25,41
03007600,ARKANSAS BEAUTY SCHOOL-CONWAY           ,AR,72032-4354,Proprietary  ,10,17,27,14,21,35
03023400,ARKANSAS COLLEGE OF BARBERING           ,AR,72114-5615,Proprietary  ,6,52,58,7,57,64
03063300,NORTHWEST ARKANSAS COMMUNITY COLLEG     ,AR,72712-5190,Public       ,524,825,1349,854,1434,2288
03065100,ABC BEAUTY COLLEGE                      ,AR,71923-4206,Proprietary  ,8,15,23,9,17,26
03105200,BAPTIST HEALTH SCHOOLS LITTLE ROCK      ,AR,72210-0000,Private      ,110,390,500,187,692,879
03116800,"DELUXE BEAUTY SCHOOL, L.L.C.            ",AR,71603-0000,Proprietary  ,5,6,11,5,9,14
03124900,IMAGINE -  PAUL MITCHELL PARTNER SCHOOL ,AR,72117-2516,Proprietary  ,3,3,6,5,5,10
03127200,ASKINS VO-TECH                          ,AR,72908-8028,Proprietary  ,3,6,9,4,6,10
03212300,BLYTHEVILLE ACADEMY OF COSMETOLOGY      ,AR,72315-3424,Proprietary  ,4,10,14,5,18,23
03214300,VELVATEX COLLEGE OF BEAUTY CULTURE      ,AR,72202-5452,Proprietary  ,3,6,9,4,10,14
03254300,MARGARET'S HAIR ACADEMY                 ,AR,71655-4905,Proprietary  ,1,6,7,2,15,17
03519400,LYNNDALE FUNDAMENTALS OF BEAUTY SCH     ,AR,71730-4804,Proprietary  ,5,15,20,5,15,20
03855300,ECCLESIA COLLEGE                        ,AR,72762-8159,Private      ,14,7,21,17,11,28
03912300,CROSSETT SCHOOL OF COSMETOLOGY          ,AR,71635-0000,Proprietary  ,4,5,9,7,5,12
03997300,ARKANSAS BEAUTY COLLEGE                 ,AR,72801-3741,Proprietary  ,13,11,24,16,22,38
00133900,CORBAN COLLEGE                          ,OR,97301-9392,Private      ,99,77,176,997,255,1252
00316505,CASCADE COLLEGE                         ,OR,97216-0000,Private      ,115,35,150,250,81,331
00318600,BLUE MOUNTAIN COMMUNITY COLLEGE         ,OR,97801-0000,Public       ,143,252,395,530,719,1249
00318800,CENTRAL OREGON COMMUNITY COLLEGE        ,OR,97701-5998,Public       ,320,516,836,1145,1375,2520
00318900,CLATSOP COMMUNITY COLLEGE               ,OR,97103-3698,Public       ,72,115,187,261,320,581
00319100,CONCORDIA UNIVERSITY                    ,OR,97211-6099,Private      ,226,356,582,917,953,1870
00319300,EASTERN OREGON UNIVERSITY               ,OR,97850-2899,Public       ,303,509,812,1733,1704,3437
00319400,GEORGE FOX UNIVERSITY                   ,OR,97132-2697,Private      ,281,540,821,2080,1251,3331
00319600,LANE COMMUNITY COLLEGE                  ,OR,97405-0640,Public       ,744,1253,1997,2942,4677,7619
00319700,LEWIS & CLARK COLLEGE                   ,OR,97219-7899,Private      ,139,326,465,3296,2437,5733
00319800,LINFIELD COLLEGE                        ,OR,97128-6894,Private      ,133,128,261,2735,403,3138
00319801,LINFIELD COLLEGE - PORTLAND CAMPUS      ,OR,97210-0000,Private      ,29,87,116,360,680,1040
00319900,MARYLHURST UNIVERSITY                   ,OR,97036-7036,Private      ,20,269,289,91,670,761
00320300,MOUNT ANGEL SEMINARY                    ,OR,97373-0505,Private      ,0,4,4,8,15,23
00320400,MOUNT HOOD COMMUNITY COLLEGE            ,OR,97030-3300,Public       ,638,1013,1651,2145,2796,4941
00320600,MULTNOMAH BIBLE COLLEGE/SEMINARY        ,OR,97220-5898,Private      ,141,127,268,481,408,889
00320700,PACIFIC NORTHWEST COLLEGE OF ART        ,OR,97209-3023,Private      ,70,69,139,343,273,616
00320800,NORTHWEST CHRISTIAN UNIVERSITY          ,OR,97401-3727,Private      ,70,120,190,377,337,714
00320900,WESTERN OREGON UNIVERSITY               ,OR,97361-1394,Public       ,557,337,894,3959,1358,5317
00321000,OREGON STATE UNIVERSITY                 ,OR,97331-8507,Public       ,1555,1318,2873,13039,5855,18894
00321100,OREGON INSTITUTE OF TECHNOLOGY          ,OR,97601-8801,Public       ,213,272,485,1505,1182,2687
00321200,PACIFIC UNIVERSITY                      ,OR,97116-1797,Private      ,202,375,577,2031,2065,4096
00321300,PORTLAND COMMUNITY COLLEGE              ,OR,97219-7198,Public       ,1470,3455,4925,4689,9694,14383
00321600,PORTLAND STATE UNIVERSITY               ,OR,97207-0000,Public       ,1668,3493,5161,7986,11660,19646
00321700,REED COLLEGE                            ,OR,97202-8199,Private      ,207,51,258,2156,215,2371
00321800,CHEMEKETA COMMUNITY COLLEGE             ,OR,97309-1500,Public       ,769,1513,2282,2295,4114,6409
00321900,SOUTHERN OREGON UNIVERSITY              ,OR,97520-5010,Public       ,464,450,914,3333,1697,5030
00322000,SOUTHWESTERN OREGON COMMUNITY CLG       ,OR,97420-2956,Public       ,213,235,448,840,665,1505
00322100,TREASURE VALLEY COMMUNITY COLLEGE       ,OR,97914-3423,Public       ,210,320,530,663,733,1396
00322200,UMPQUA COMMUNITY COLLEGE                ,OR,97470-0226,Public       ,143,295,438,604,786,1390
00322300,UNIVERSITY OF OREGON                    ,OR,97403-1226,Public       ,1665,1244,2909,13324,6929,20253
00322400,UNIVERSITY OF PORTLAND                  ,OR,97203-5798,Private      ,293,246,539,5234,1213,6447
00322500,WARNER PACIFIC COLLEGE                  ,OR,97215-4099,Private      ,119,173,292,525,385,910
00322700,WILLAMETTE UNIVERSITY                   ,OR,97301-3930,Private      ,248,234,482,2886,1343,4229
00487800,CLACKAMAS COMMUNITY COLLEGE             ,OR,97045-7998,Public       ,409,637,1046,1344,1804,3148
00488200,OREGON HEALTH & SCIENCE UNIVERSITY      ,OR,97239-0000,Public       ,51,395,446,397,2338,2735
00488230,OREGON GRAD INST OF SCIENCE & TECH      ,OR,97006-0000,Public       ,1,5,6,5,22,27
00693800,LINN BENTON COMMUNITY COLLEGE           ,OR,97321-3774,Public       ,461,731,1192,1767,1924,3691
00717800,WESTERN SEMINARY                        ,OR,97215-0000,Private      ,1,55,56,2,110,112
00723402,HEALD COLLEGE - PORTLAND                ,OR,97205-3432,Proprietary  ,14,51,65,29,80,109
00781900,ART INSTITUTE OF PORTLAND (THE)         ,OR,97209-2911,Proprietary  ,282,260,542,986,824,1810
00888700,CONCORDE CAREER INSTITUTE               ,OR,97232-2242,Proprietary  ,63,226,289,90,315,405
00907900,EVEREST COLLEGE                         ,OR,97204-2296,Proprietary  ,182,964,1146,245,1430,1675
00958100,SPRINGFIELD COLLEGE OF BEAUTY           ,OR,97477-5474,Proprietary  ,24,30,54,47,63,110
01012200,PHAGANS' MEDFORD BEAUTY SCHOOL          ,OR,97504-5297,Proprietary  ,10,26,36,23,35,58
01018200,ROGUE COMMUNITY COLLEGE                 ,OR,97527-0000,Public       ,272,767,1039,952,1911,2863
01050700,ACADEMY OF HAIR DESIGN                  ,OR,97301-3526,Proprietary  ,8,17,25,12,23,35
01185200,ITT TECHNICAL INSTITUTE                 ,OR,97220-0000,Proprietary  ,171,425,596,278,536,814
01230900,WESTERN STATES CHIROPRACTIC COLLEGE     ,OR,97230-3099,Private      ,4,164,168,16,391,407
01234700,PHAGANS CENTRAL OREGON BEAUTY CLG       ,OR,97701-5175,Proprietary  ,8,37,45,16,50,66
01234800,PHAGANS BEAUTY COLLEGE                  ,OR,97333-4716,Proprietary  ,18,26,44,28,35,63
01235000,PHAGANS SCHOOL OF HAIR DESIGN           ,OR,97267-4808,Proprietary  ,9,20,29,16,28,44
01235100,PHAGANS SCHOOL OF BEAUTY                ,OR,97301-4732,Proprietary  ,7,26,33,12,38,50
01300800,PHAGANS TIGARD BEAUTY SCHOOL            ,OR,97223-0000,Proprietary  ,10,7,17,14,19,33
02101000,NORTHWEST COLLEGE OF HAIR DESIGN        ,OR,97086-7702,Proprietary  ,7,38,45,17,57,74
02101002,NORTHWEST COLLEGE                       ,OR,97007-3954,Proprietary  ,4,2,6,8,6,14
02104900,COLLEGE OF LEGAL ARTS                   ,OR,97219-9998,Proprietary  ,3,32,35,6,68,74
02106100,COLLEGE OF COSMETOLOGY                  ,OR,97601-0000,Proprietary  ,8,7,15,21,21,42
02154400,BEAU MONDE CLG OF HAIR DESIGN           ,OR,97205-0000,Proprietary  ,18,31,49,44,66,110
02159700,EUGENE BIBLE COLLEGE                    ,OR,97405-0000,Private      ,29,22,51,87,69,156
02201900,PHAGANS' SCHOOL OF HAIR DESIGN          ,OR,97232-0000,Proprietary  ,22,38,60,45,83,128
02311000,PAUL MITCHELL THE SCHOOL                ,OR,97103-0000,Proprietary  ,1,6,7,6,11,17
02330100,PIONEER PACIFIC COLLEGE                 ,OR,97070-0000,Proprietary  ,109,442,551,144,634,778
02330102,PIONEER PACIFIC COLLEGE                 ,OR,97403-0000,Proprietary  ,57,221,278,80,340,420
02337900,COLLEGE OF HAIR DESIGN CAREERS          ,OR,97301-0000,Proprietary  ,24,33,57,28,36,64
02344100,ROSEBURG BEAUTY COLLEGE                 ,OR,97470-0000,Proprietary  ,5,21,26,22,38,60
02534000,NATIONAL COLLEGE OF NATURAL MEDICINE    ,OR,97201-0000,Private      ,3,228,231,8,500,508
02578800,NORTHWEST NANNIES INSTITUTE             ,OR,97035-0000,Proprietary  ,11,3,14,17,3,20
02603700,OREGON COL OF ORIENTAL MEDICINE         ,OR,97216-0000,Private      ,1,123,124,2,265,267
03007300,OREGON COLLEGE OF ART & CRAFT           ,OR,97225-6399,Private      ,19,28,47,95,164,259
03022600,WESTERN CULINARY INSTITUTE              ,OR,97205-2793,Proprietary  ,547,764,1311,1273,1429,2702
03042500,APOLLO COLLEGE                          ,OR,97232-1302,Proprietary  ,65,274,339,104,417,521
03074400,PHAGANS NEWPORT ACAD CSMTLGY CAREER     ,OR,97365-4963,Proprietary  ,3,9,12,6,10,16
03074500,EAST-WEST COLLEGE OF THE HEALING ARTS   ,OR,97232-2765,Proprietary  ,18,85,103,36,179,215
03185300,PHAGANS GRANTS PASS COLLEGE OF BTY      ,OR,97527-3039,Proprietary  ,4,13,17,11,18,29
03428300,KLAMATH COMMUNITY COLLEGE               ,OR,97603-7121,Public       ,51,214,265,164,533,697
03642300,VALLEY MEDICAL COLLEGE                  ,OR,97305-1373,Proprietary  ,5,30,35,9,55,64
03668300,BIRTHINGWAY COLLEGE OF MIDWIFERY        ,OR,97266-4042,Private      ,1,19,20,5,65,70
03783400,ABDILL CAREER COLLEGE                   ,OR,97504-7137,Proprietary  ,2,30,32,7,48,55
03932400,GUTENBERG COLLEGE                       ,OR,97403-1368,Private      ,9,7,16,25,17,42
00137400,ALBERTUS MAGNUS COLLEGE                 ,CT,06511-1189,Private      ,104,185,289,659,407,1066
00137403,ALBERTUS MAGNUS CLG-NEW DIMENSIONS      ,CT,06511-0000,Private      ,8,193,201,32,334,366
00137800,CENTRAL CONNECTICUT STATE UNIV          ,CT,06050-2490,Public       ,1798,1174,2972,6742,2439,9181
00137900,CONNECTICUT COLLEGE                     ,CT,06320-4196,Private      ,307,27,334,2014,66,2080
00138000,WESTERN CONNECTICUT STATE UNIV          ,CT,06810-6826,Public       ,909,393,1302,3766,925,4691
00138500,FAIRFIELD UNIVERSITY                    ,CT,06430-0000,Private      ,219,179,398,5118,440,5558
00138700,HARTFORD SEMINARY                       ,CT,06105-0000,Private      ,3,5,8,9,11,20
00138900,HOLY APOSTLES COLLEGE & SEMINARY        ,CT,06416-2005,Private      ,0,14,14,4,23,27
00139200,MANCHESTER COMMUNITY COLLEGE            ,CT,06045-1046,Public       ,775,724,1499,1462,1242,2704
00139300,MITCHELL COLLEGE                        ,CT,06320-4498,Private      ,225,50,275,698,120,818
00139700,UNIVERSITY OF NEW HAVEN                 ,CT,06516-1999,Private      ,383,411,794,3316,998,4314
00139800,NORTHWESTERN CT COMMUNITY COLLEGE       ,CT,06098-1747,Public       ,132,126,258,264,245,509
00139900,NORWALK COMMUNITY TECHNICAL COLLEGE     ,CT,06854-1655,Public       ,432,574,1006,713,980,1693
00140100,POST UNIVERSITY                         ,CT,06723-3240,Proprietary  ,205,189,394,898,387,1285
00140200,QUINNIPIAC UNIVERSITY                   ,CT,06518-1908,Private      ,710,377,1087,8715,1060,9775
00140201,QUINNIPIAC UNIVERSITY SCHOOL OF LAW     ,CT,06518-0000,Private      ,11,249,260,123,993,1116
00140300,SACRED HEART UNIVERSITY                 ,CT,06825-1000,Private      ,916,357,1273,5302,767,6069
00140600,SOUTHERN CONNECTICUT STATE UNIV         ,CT,06515-1355,Public       ,1255,963,2218,6933,3257,10190
00140900,SAINT JOSEPH COLLEGE                    ,CT,06117-2791,Private      ,249,302,551,844,637,1481
00141400,TRINITY COLLEGE                         ,CT,06106-3100,Private      ,184,67,251,2319,179,2498
00141600,UNIVERSITY OF BRIDGEPORT                ,CT,06601-5650,Private      ,472,658,1130,1632,1217,2849
00141700,UNIVERSITY OF CONNECTICUT-STORRS        ,CT,06269-2151,Public       ,1538,818,2356,20206,3787,23993
00141702,UNIV CONN STAMFORD                      ,CT,06901-0000,Public       ,74,63,137,335,139,474
00141703,UNIV OF CONNECTICUT - TORINGTON         ,CT,06790-0000,Public       ,34,13,47,171,46,217
00141706,UNIV OF CONNECTICUT SCH LAW             ,CT,06105-0000,Public       ,4,226,230,22,1049,1071
00141707,UNIV OF CT - SCH OF SOCIAL WORK         ,CT,06117-0000,Public       ,13,77,90,61,428,489
00141708,UNIVERSITY OF CONNECTICUT - SCHOOL OF ME,CT,06030-1920,Public       ,0,163,163,8,395,403
00141709,UNIVERSITY OF CONNECTICUT - SCHOOL OF DE,CT,06030-1920,Public       ,1,84,85,1,191,192
00142200,UNIVERSITY OF HARTFORD                  ,CT,06117-1599,Private      ,721,402,1123,8049,1100,9149
00142400,WESLEYAN UNIVERSITY                     ,CT,06459-3208,Private      ,667,36,703,3330,99,3429
00142500,EASTERN CONNECTICUT STATE UNIV          ,CT,06226-2295,Public       ,545,241,786,4181,805,4986
00142600,YALE UNIVERSITY                         ,CT,06520-8288,Private      ,1033,758,1791,9679,5456,15135
00142601,YALE UNIV PHYSICIANS ASSOC PROG         ,CT,06510-0000,Private      ,0,25,25,2,62,64
00142602,YALE UNIV EPIDEMIOLOGY & PUB HLTH       ,CT,06510-0000,Private      ,2,17,19,4,182,186
00142603,YALE UNIV SCHOOL MEDICINE               ,CT,06510-0000,Private      ,3,232,235,17,653,670
00280301,RENSSELAER POLYTECHNIC INSTITUTE-RENSSEL,CT,06120-2991,Private      ,1,7,8,2,9,11
00280303,RENSSELAER POLYTECHNIC INSTITUTE - RENSS,CT,06340-6097,Private      ,1,0,1,3,0,3
00280400,RENSSELAER HARTFORD GRADUATE CENTER     ,CT,06120-0000,Private      ,0,6,6,0,15,15
00451300,HOUSATONIC COMMUNITY COLLEGE            ,CT,06604-4704,Public       ,568,979,1547,958,1605,2563
00618100,BRIDGEPORT HOSP SCHL OF NURSING         ,CT,06610-2896,Private      ,24,91,115,64,181,245
00619100,ST. VINCENT'S COLLEGE                   ,CT,06606-9966,Private      ,64,187,251,154,371,525
00698200,NAUGATUCK VALLEY COMM-TECH COLG         ,CT,06708-3089,Public       ,573,638,1211,1095,1181,2276
00730000,ELI WHITNEY TECHNICAL HIGH SCHOOL       ,CT,06514-0000,Public       ,9,27,36,10,47,57
00730300,LINCOLN TECHNICAL INSTITUTE             ,CT,06051-0000,Proprietary  ,201,473,674,230,527,757
00730500,PORTER AND CHESTER INSTITUTE OF BRANFORD,CT,06405-4022,Proprietary  ,75,76,151,78,87,165
00731100,WINDHAM TECHNICAL HIGH SCHOOL           ,CT,06226-2100,Public       ,2,11,13,3,13,16
00745900,PAIER COLLEGE OF ART                    ,CT,06514-3902,Proprietary  ,49,27,76,128,53,181
00763500,CAPITAL COMMUNITY COLLEGE               ,CT,06103-1207,Public       ,444,1007,1451,763,1642,2405
00803700,GATEWAY COMMUNITY-TECHNICAL COLLEGE     ,CT,06511-0000,Public       ,532,890,1422,1008,1584,2592
00803800,MIDDLESEX COMMUNITY CLG                 ,CT,06457-4889,Public       ,228,321,549,427,574,1001
00887200,RENASCI ACADEMY OF HAIR                 ,CT,06460-4160,Proprietary  ,4,16,20,5,19,24
00887300,PAUL MITCHELL THE SCHOOL                ,CT,06810-6716,Proprietary  ,2,3,5,3,7,10
00887400,BRIO ACADEMY OF COSMETOLOGY             ,CT,06450-4836,Proprietary  ,38,62,100,43,72,115
00906500,THE HARTFORD CONSERVATORY               ,CT,06105-2891,Private      ,10,6,16,33,9,42
00927700,E C GOODWIN TECHNICAL HIGH SCHOOL       ,CT,06053-0000,Public       ,1,20,21,6,27,33
00929100,J M WRIGHT TECHNICAL HIGH SCHOOL        ,CT,06904-0000,Public       ,3,17,20,4,21,25
00940700,BRIARWOOD COLLEGE                       ,CT,06489-1057,Proprietary  ,151,121,272,398,208,606
00976400,TUNXIS COMMUNITY COLLEGE                ,CT,06032-3187,Public       ,330,403,733,661,717,1378
00976500,THREE RIVERS COMMUNITY TECH COLLEGE     ,CT,06360-0000,Public       ,331,533,864,672,985,1657
00982200,ALBERT I PRINCE TECHNICAL HIGH SCHOOL   ,CT,06106-3799,Public       ,5,35,40,6,42,48
01041700,BRIO ACADEMY OF EAST HARTFORD           ,CT,06108-2220,Proprietary  ,21,34,55,23,41,64
01053000,QUINEBAUG VALLEY COMMUNITY COLLEGE      ,CT,06239-1440,Public       ,191,313,504,346,549,895
01077900,PORTER AND CHESTER INSTITUTE-ALLCAMPUSES,CT,06615-7158,Proprietary  ,331,537,868,409,689,1098
01077904,PORTER & CHESTER INSTITUTE              ,CT,06109-0000,Proprietary  ,0,0,0,0,1,1
01115000,ASNUNTUCK COMMUNITY COLLEGE             ,CT,06082-3800,Public       ,104,121,225,186,216,402
01149600,BULLARD HAVENS VOC TECH SCHOOL          ,CT,06610-3499,Public       ,1,19,20,3,27,30
01169700,VINAL REGIONAL VOC TECH SCHOOL          ,CT,06457-4918,Public       ,2,16,18,4,25,29
01184300,NORWICH TECHNICAL HIGH SCHOOL           ,CT,06360-7097,Public       ,2,15,17,5,27,32
01218500,H C WILCOX TECHNICAL HIGH SCHOOL        ,CT,06450-0000,Public       ,1,0,1,2,2,4
01242500,STONE ACADEMY                           ,CT,06514-4125,Proprietary  ,40,357,397,53,536,589
01242503,STONE ACADEMY -WATERBURY                ,CT,06705-3823,Proprietary  ,2,5,7,4,6,10
01287700,GIBBS COLLEGE                           ,CT,06855-1436,Proprietary  ,200,212,412,368,390,758
01291300,LEON INSTITUTE OF HAIR DESIGN           ,CT,06604-4226,Proprietary  ,3,11,14,5,17,22
01326400,HENRY ABBOTT TECHNICAL HIGH SCHOOL      ,CT,06811-4881,Public       ,2,5,7,2,10,12
02058900,HARVARD H ELLIS TECHNICAL HIGH SCHOOL   ,CT,06239-0000,Public       ,6,5,11,13,8,21
02074000,BRANFORD HALL CAREER INSTITUTE          ,CT,06405-0000,Proprietary  ,168,676,844,180,743,923
02106600,FOX INSTITUTE OF BUSINESS               ,CT,06110-0000,Proprietary  ,18,110,128,30,148,178
02112300,RIDLEY LOWELL BUSINESS & TECH INST      ,CT,06320-0000,Proprietary  ,7,45,52,8,51,59
02112700,NORTH HAVEN ACADEMY                     ,CT,06473-3108,Proprietary  ,37,28,65,43,31,74
02115100,BUTLER BUSINESS SCHOOL                  ,CT,06604-0000,Proprietary  ,10,75,85,11,82,93
02148700,CONNECTICUT INST OF HAIR DESIGN         ,CT,06716-0000,Proprietary  ,1,2,3,1,3,4
02202500,NEW ENGLAND TRACTOR TRAILER SCH         ,CT,06071-2036,Proprietary  ,6,158,164,8,185,193
02213000,ELLA T GRASSO SOUTHEASTERN TECHNICAL HIG,CT,06340-0000,Public       ,0,4,4,3,5,8
02228800,BARAN INSTITUTE OF TECHNOLOGY           ,CT,06088-9631,Proprietary  ,273,103,376,476,168,644
02244900,GOODWIN COLLEGE                         ,CT,06118-9980,Private      ,107,430,537,183,978,1161
02245300,HOWELL CHENEY TECHNICAL HIGH SCHOOL     ,CT,06040-0000,Public       ,2,17,19,4,23,27
02265900,WINDHAM COMMUNITY MEM HOSP-RAD TECH     ,CT,06226-0000,Private      ,5,13,18,8,20,28
02296100,YALE-NEW HAVEN HOSP DIETETIC INTERN     ,CT,06510-8900,Private      ,0,3,3,9,12,21
02300000,W F KAYNOR TECHNICAL HIGH SCHOOL        ,CT,06708-0000,Public       ,2,23,25,4,28,32
02316600,CONNECTICUT CTR FOR MASSAGE THERAPY     ,CT,06111-3975,Proprietary  ,23,108,131,31,147,178
02316601,CONNECTICUT CENTER FOR MASSAGE THERAPY -,CT,06880-4619,Proprietary  ,9,51,60,13,67,80
02316603,CONNECTICUT CENTER FOR MASSAGE THERAPY -,CT,06340-4619,Proprietary  ,10,54,64,13,71,84
02562400,EMMETT O BRIEN REG VOC TECH SCHOOL      ,CT,06401-2500,Public       ,0,1,1,0,1,1
02565000,PLATT TECHNICAL HIGH SCHOOL             ,CT,06460-2105,Public       ,3,4,7,7,6,13
03079400,LYME ACADEMY COLLEGE OF FINE ARTS       ,CT,06371-2333,Private      ,20,18,38,72,34,106
03094800,INDUSTRIAL MANAGEMENT & TRAINING        ,CT,06706-1211,Proprietary  ,9,35,44,16,53,69
03231400,OLIVER WOLCOTT TECHNICAL HIGH SCHOOL    ,CT,06790-3859,Public       ,1,2,3,1,4,5
03234300,CHARTER OAK STATE COLLEGE               ,CT,06053-2150,Public       ,11,235,246,24,415,439
03316300,LINCOLN TECHNICAL INSTITUTE - HARTFORD  ,CT,06105-3630,Proprietary  ,144,83,227,248,136,384
03381300,CONNECTICUT TRAINING CENTER             ,CT,06108-2705,Private      ,10,71,81,11,88,99
03927300,ALBERT SCHOOL (THE)                     ,CT,06357-2447,Proprietary  ,5,5,10,6,8,14
00146600,BARRY UNIVERSITY                        ,FL,33161-6695,Private      ,1330,2694,4024,3319,5248,8567
00146601,BARRY UNIVERSITY SCHOOL OF LAW          ,FL,32807-0000,Private      ,18,381,399,42,877,919
00146700,BETHUNE COOKMAN UNIVERSITY              ,FL,32114-3099,Private      ,1852,328,2180,4530,718,5248
00146800,ST THOMAS UNIVERSITY                    ,FL,33054-0000,Private      ,422,863,1285,907,1760,2667
00146900,FLORIDA INSTITUTE OF TECHNOLOGY         ,FL,32901-6988,Private      ,643,335,978,2843,709,3552
00147000,BREVARD COMMUNITY COLLEGE               ,FL,32922-6503,Public       ,1177,1543,2720,1794,2571,4365
00147100,CENTRAL FLORIDA COMMUNITY COLLEGE       ,FL,34478-1388,Public       ,1028,1135,2163,1627,1966,3593
00147200,CHIPOLA  COLLEGE                        ,FL,32446-2053,Public       ,313,252,565,451,407,858
00147300,CLEARWATER CHRISTIAN COLLEGE            ,FL,33759-0000,Private      ,182,24,206,584,72,656
00147500,DAYTONA STATE COLLEGE                   ,FL,32114-2800,Public       ,1451,1849,3300,2244,3093,5337
00147700,EDISON COLLEGE                          ,FL,33906-6210,Public       ,1168,1279,2447,1891,2070,3961
00147800,EDWARD WATERS COLLEGE                   ,FL,32209-6199,Private      ,382,221,603,635,378,1013
00147900,EMBRY-RIDDLE AERONAUTICAL UNIV          ,FL,32114-3900,Private      ,1166,1250,2416,5788,2573,8361
00148000,FLORIDA A & M UNIVERSITY                ,FL,32307-3100,Public       ,4371,2050,6421,10378,4452,14830
00148100,FLORIDA ATLANTIC UNIVERSITY             ,FL,33431-6498,Public       ,3582,2773,6355,9025,6277,15302
00148101,FLORIDA ATLANTIC UNIVERSITY/DAVIE       ,FL,33314-0000,Public       ,321,728,1049,648,1521,2169
00148103,FLORIDA ATLANTIC UNIV-JUPITER/PSL       ,FL,33458-0000,Public       ,132,170,302,364,341,705
00148200,FLORIDA COLLEGE                         ,FL,33617-5578,Private      ,167,16,183,316,27,343
00148400,FLORIDA STATE COLLEGE AT JACKSONVILLE   ,FL,32202-4030,Public       ,2756,4667,7423,4324,8119,12443
00148500,FLORIDA KEYS COMMUNITY COLLEGE          ,FL,33040-4397,Public       ,61,94,155,106,181,287
00148600,FLORIDA MEMORIAL UNIVERSITY             ,FL,33054-6199,Private      ,715,476,1191,1353,807,2160
00148700,ECKERD COLLEGE                          ,FL,33711-4744,Private      ,464,199,663,2087,411,2498
00148800,FLORIDA SOUTHERN COLLEGE                ,FL,33801-5698,Private      ,775,255,1030,1912,409,2321
00148900,FLORIDA STATE UNIVERSITY                ,FL,32306-2430,Public       ,7576,3650,11226,22612,9928,32540
00149000,GULF COAST COMMUNITY COLLEGE            ,FL,32401-1058,Public       ,545,831,1376,923,1503,2426
00149300,INDIAN RIVER STATE COLLEGE              ,FL,34981-5596,Public       ,1009,1198,2207,1641,1929,3570
00149500,JACKSONVILLE UNIVERSITY                 ,FL,32211-3394,Private      ,842,709,1551,2527,1385,3912
00149700,JONES COLLEGE                           ,FL,32211-5588,Private      ,32,248,280,46,449,495
00149900,EVEREST UNIVERSITY                      ,FL,32810-5601,Proprietary  ,553,3292,3845,740,5082,5822
00150000,BROWARD COLLEGE- DOWNTOWN CTR           ,FL,33301-2208,Public       ,1420,1910,3330,2228,3399,5627
00150001,BROWARD COLLEGE - DAVIE CAMPUS          ,FL,33314-0000,Public       ,1216,1123,2339,2003,2068,4071
00150002,BROWARD COLLEGE- NORTH CAMPUS           ,FL,33066-0000,Public       ,725,779,1504,1207,1496,2703
00150003,BROWARD COLLEGE- SOUTH CAMPUS           ,FL,33024-0000,Public       ,834,876,1710,1386,1598,2984
00150100,LAKE CITY COMMUNITY COLLEGE             ,FL,32025-2007,Public       ,323,501,824,493,846,1339
00150200,LAKE SUMTER COMMUNITY COLLEGE           ,FL,34788-8751,Public       ,447,505,952,684,841,1525
00150400,MANATEE COMMUNITY COLLEGE               ,FL,34207-3596,Public       ,970,1400,2370,1563,2297,3860
00150500,LYNN UNIVERSITY                         ,FL,33431-5598,Private      ,415,240,655,1207,435,1642
00150600,MIAMI DADE COLLEGE ADMINISTRATION ONLY  ,FL,33176-3393,Public       ,468,484,952,859,893,1752
00150601,MIAMI DADE COLLEGE - NORTH CAMPUS       ,FL,33167-3495,Public       ,2779,3540,6319,4923,6824,11747
00150602,MIAMI DADE COLLEGE - KENDALL CAMPUS     ,FL,33176-3393,Public       ,3029,2270,5299,5192,4162,9354
00150603,MIAMI DADE COLLEGE - WOLFSON CAMPUS     ,FL,33132-2297,Public       ,1614,1543,3157,2824,3139,5963
00150604,MIAMI DADE COLLEGE - MEDICAL CAMPUS     ,FL,33127-4693,Public       ,333,797,1130,634,1557,2191
00150605,MIAMI DADE COLLEGE - HOMESTEAD CAMPUS   ,FL,33030-6009,Public       ,324,406,730,551,791,1342
00150606,MIAMI DADE COLLEGE -INTERAMERICAN CAMPUS,FL,33135-0000,Public       ,730,1350,2080,1151,2524,3675
00150800,NORTH FLORIDA COMMUNITY COLLEGE         ,FL,32340-1699,Public       ,162,203,365,249,338,587
00150900,NOVA SOUTHEASTERN UNIVERSITY            ,FL,33314-7796,Private      ,1113,9244,10357,2722,17572,20294
00151000,NORTHWEST FLORIDA STATE COLLEGE         ,FL,32578-1295,Public       ,478,764,1242,835,1385,2220
00151200,PALM BEACH COMMUNITY COLLEGE            ,FL,33461-4796,Public       ,2194,2048,4242,3472,3490,6962
00151300,PENSACOLA JR COLLEGE                    ,FL,32504-8998,Public       ,1049,1520,2569,1626,2568,4194
00151400,POLK COMMUNITY COLLEGE                  ,FL,33881-4299,Public       ,747,1041,1788,1179,1765,2944
00151500,ROLLINS COLLEGE                         ,FL,32789-4499,Private      ,497,451,948,1711,836,2547
00151900,SANTA FE COLLEGE                        ,FL,32606-6200,Public       ,2034,1521,3555,3777,3101,6878
00152000,SEMINOLE COMMUNITY COLLEGE              ,FL,32773-6199,Public       ,1355,1938,3293,2044,3101,5145
00152100,SOUTHEASTERN UNIVERSITY                 ,FL,33801-6099,Private      ,1043,291,1334,2062,531,2593
00152200,SOUTH FLORIDA COMMUNITY COLLEGE         ,FL,33825-9399,Public       ,325,346,671,506,564,1070
00152201,SOUTH FLORIDA COMMUNITY COLLEGE - LAKE P,FL,33852-9605,Public       ,5,11,16,11,19,30
00152300,ST JOHNS RIVER COMMUNITY COLLEGE        ,FL,32177-3897,Public       ,459,703,1162,745,1287,2032
00152600,SAINT LEO UNIVERSITY                    ,FL,33574-6665,Private      ,720,3706,4426,2039,7278,9317
00152800,ST. PETERSBURG COLLEGE                  ,FL,33760-3768,Public       ,1869,3732,5601,2940,6779,9719
00153100,STETSON UNIVERSITY                      ,FL,32723-3761,Private      ,660,214,874,1943,432,2375
00153101,STETSON UNIVERSITY - COLLEGE OF LAW     ,FL,33707-3299,Private      ,3,550,553,20,1501,1521
00153300,TALLAHASSEE COMMUNITY COLLEGE           ,FL,32304-2895,Public       ,2388,1765,4153,4141,3345,7486
00153400,EVEREST UNIVERSITY                      ,FL,33614-5801,Proprietary  ,407,3442,3849,628,6167,6795
00153500,UNIVERSITY OF FLORIDA                   ,FL,32611-3150,Public       ,6002,4243,10245,21821,11826,33647
00153600,UNIVERSITY OF MIAMI                     ,FL,33146-6531,Private      ,1940,1144,3084,11619,3396,15015
00153601,UNIV OF MIAMI SCHOOL OF LAW             ,FL,33124-0000,Private      ,10,257,267,58,1812,1870
00153602,UNIV OF MIAMI-SCH OF MEDICINE           ,FL,33136-0000,Private      ,108,483,591,426,926,1352
00153700,UNIVERSITY OF SOUTH FLORIDA             ,FL,33620-6960,Public       ,6494,4761,11255,18686,11176,29862
00153701,UNIV OF SOUTH FLORIDA-ST PETERSBURG     ,FL,33701-0000,Public       ,159,182,341,394,448,842
00153702,UNIV OF SOUTH FLORIDA-SARASOTA          ,FL,34243-0000,Public       ,67,171,238,139,331,470
00153705,UNIV OF SOUTH FLORIDA                   ,FL,33803-0000,Public       ,147,121,268,409,268,677
00153706,UNIV OF SOUTH FLORIDA- MEDICINE         ,FL,33612-0000,Public       ,165,290,455,517,762,1279
00153800,UNIVERSITY OF TAMPA                     ,FL,33606-1490,Private      ,1607,613,2220,4932,1116,6048
00154000,WEBBER INTERNATIONAL UNIVERSITY         ,FL,33827-0096,Private      ,286,87,373,490,140,630
00173308,NATIONAL-LOUIS UNIVERSITY               ,FL,33609-0000,Private      ,1,35,36,5,54,59
00177201,TRINITY INTERNATIONAL UNIVERSITY - SOUTH,FL,33324-4611,Private      ,6,99,105,14,171,185
00395400,UNIV OF CENTRAL FLORIDA                 ,FL,32816-0001,Public       ,8949,4159,13108,25774,10921,36695
00395500,UNIVERSITY OF WEST FLORIDA              ,FL,32514-5750,Public       ,1478,1303,2781,3308,2846,6154
00407215,NORTHWOOD UNIVERSITY                    ,FL,33409-0000,Private      ,186,77,263,423,147,570
00558500,LIVELY TECHNICAL CENTER                 ,FL,32304-0000,Public       ,79,247,326,118,426,544
00558600,LINDSEY HOPKINS TECHNICAL ED CENTER     ,FL,33127-4692,Public       ,37,165,202,70,275,345
00559400,D G ERWIN TECHNICAL CENTER              ,FL,33610-8255,Public       ,86,410,496,132,612,744
00560500,PINELLAS TECH ED CTR-CLEARWATER         ,FL,33760-2194,Public       ,42,142,184,63,206,269
00560700,SARASOTA COUNTY TECHNICAL INSTITUTE     ,FL,34233-0000,Public       ,31,92,123,47,137,184
00560800,TRAVISS TECHNICAL CENTER                ,FL,33803-0000,Public       ,49,179,228,75,297,372
00561200,MANATEE TECHNICAL INSTITUTE             ,FL,34210-0000,Public       ,43,165,208,53,222,275
00561201,MANATEE TECHNICAL INSTITUTE-EAST        ,FL,34211-0000,Public       ,5,69,74,11,88,99
00675000,VALENCIA COMMUNITY COLLEGE              ,FL,32802-3028,Public       ,5536,4057,9593,8568,6893,15461
00752500,SUWANNEE-HAMILTON AREA VOC TECH CTR     ,FL,32060-0000,Public       ,17,52,69,24,85,109
00752600,WASHINGTON HOLMES TECHNICAL CENTER      ,FL,32428-1699,Public       ,43,137,180,51,153,204
00755800,LEE COUNTY HIGH TECH CENTER CENTRAL     ,FL,33916-2299,Public       ,45,70,115,74,122,196
00758600,REMINGTON COLLEGE - TAMPA CAMPUS        ,FL,33612-8410,Proprietary  ,159,428,587,200,674,874
00758604,REMINGTON COLLEGE-LARGO CAMPUS          ,FL,33771-0000,Proprietary  ,3,10,13,6,21,27
00758605,REMINGTON COLLEGE-JACKSONVILLE CAMPUS   ,FL,32256-6932,Proprietary  ,5,11,16,8,20,28
00787000,HILLSBOROUGH COMMUNITY COLLEGE          ,FL,33606-3572,Public       ,2614,3285,5899,4244,5574,9818
00789300,FLAGLER COLLEGE                         ,FL,32085-1027,Private      ,784,221,1005,2097,414,2511
00807500,ST JOHN VIANNEY COLLEGE SEMINARY        ,FL,33165-3244,Private      ,6,3,9,8,3,11
00814600,EVEREST UNIVERSITY - POMPANO BEACH      ,FL,33062-2522,Proprietary  ,203,1157,1360,270,1869,2139
00822300,ST VINCENT DE PAUL REGIONL SEMINARY     ,FL,33436-0000,Private      ,0,0,0,0,2,2
00841700,STENOTYPE INST OF JACKSONVILLE          ,FL,32207-0000,Proprietary  ,16,121,137,19,143,162
00850100,RASMUSSEN COLLEGE                       ,FL,34471-7051,Proprietary  ,47,208,255,76,337,413
00850103,RASMUSSEN COLLEGE-HOLIDAY               ,FL,34690-0000,Proprietary  ,22,151,173,35,238,273
00884800,WARNER SOUTHERN COLLEGE                 ,FL,33859-8725,Private      ,261,258,519,387,372,759
00884900,PALM BEACH ATLANTIC UNIVERSITY          ,FL,33401-6505,Private      ,749,593,1342,1729,1120,2849
00887800,MIAMI INTERNATIONAL UNIV ART&DESIGN     ,FL,33132-1418,Proprietary  ,776,493,1269,1295,795,2090
00910400,RIVERSIDE HAIRSTYLING ACADEMY           ,FL,32207-3810,Proprietary  ,8,17,25,11,25,36
00963500,FLORIDA INTERNATIONAL UNIVERSITY        ,FL,33199-0001,Public       ,7189,5290,12479,17087,11774,28861
00984100,UNIVERSITY OF NORTH FLORIDA             ,FL,32224-2645,Public       ,2962,1976,4938,6640,4081,10721
00990200,SHERIDAN TECHNICAL CENTER               ,FL,33021-3399,Public       ,70,244,314,111,400,511
01016100,"LORAINE'S ACADEMY, INC                  ",FL,33710-0000,Proprietary  ,9,44,53,11,57,68
01019500,ART INSTITUTE OF FT LAUDERDALE          ,FL,33316-3000,Proprietary  ,988,823,1811,1402,1104,2506
01065200,PASCO-HERNANDO COMMUNITY CLG            ,FL,34654-5199,Public       ,832,1226,2058,1290,2218,3508
01072401,CARLOS ALBIZU UNIVERSITY                ,FL,33172-0000,Private      ,27,366,393,56,604,660
01082600,TOM P. HANEY TECHNICAL CENTER           ,FL,32405-5099,Public       ,36,139,175,42,220,262
01112700,GOODING INST OF NUR ANES BAY MED CT     ,FL,32401-0000,Public       ,1,18,19,1,33,34
01226300,ATLANTIC TECHNICAL CENTER               ,FL,33063-3902,Public       ,87,156,243,119,269,388
01254400,FIRST COAST TECHNICAL COLLEGE           ,FL,32084-1921,Public       ,39,160,199,56,226,282
01257400,RINGLING SCHOOL OF ART AND DESIGN       ,FL,34234-5895,Private      ,274,88,362,997,224,1221
01303904,SOUTH UNIVERSITY                        ,FL,33409-5149,Proprietary  ,88,380,468,123,490,613
01323400,LORENZO WALKER INST OF TECHNOLOGY       ,FL,34104-4405,Public       ,48,99,147,60,151,211
02052002,FLORIDA EDUCATION CENTER - LAUDERHILL   ,FL,33313-5857,Proprietary  ,26,140,166,38,186,224
02089600,CONCORDE CAREER INSTITUTE               ,FL,32211-0000,Proprietary  ,57,278,335,69,387,456
02089709,HERZING COLLEGE                         ,FL,32792-5509,Proprietary  ,8,15,23,13,20,33
02113606,AMERICAN INTERCONTINENTAL UNIV          ,FL,33324-0000,Proprietary  ,27,48,75,50,99,149
02113609,AMERICAN INTERCONTINENTAL UNIV - WESTON ,FL,33326-3233,Proprietary  ,343,461,804,575,844,1419
02115300,PINELLAS TECHNICAL EDUCATION CENTERS - S,FL,33711-0000,Public       ,50,158,208,68,238,306
02116006,SANFORD-BROWN INSTITUTE - FT. LAUDERDALE,FL,33309-1906,Proprietary  ,76,266,342,123,502,625
02121800,EVEREST INSTITUTE                       ,FL,33169-4759,Proprietary  ,215,569,784,275,755,1030
02148200,FASHION FOCUS HAIR ACADEMY              ,FL,34231-0000,Proprietary  ,0,10,10,2,11,13
02148300,MANHATTAN BEAUTY SCHOOL                 ,FL,33611-0000,Proprietary  ,36,195,231,43,210,253
02149900,PAUL MITCHELL THE SCHOOL-JACKSONVILLE   ,FL,32205-0000,Proprietary  ,1,6,7,2,13,15
02151900,KEISER  UNIVERSITY                      ,FL,33309-0000,Proprietary  ,1028,3110,4138,1414,4850,6264
02156300,MARGATE SCHOOL OF BEAUTY                ,FL,33063-0000,Proprietary  ,0,0,0,1,6,7
02156700,FLORIDA CHRISTIAN COLLEGE               ,FL,34744-0000,Private      ,82,55,137,125,96,221
02159600,BAPTIST COLLEGE OF FLORIDA (THE)        ,FL,32440-0000,Private      ,100,94,194,166,172,338
02172700,CONCORDE CAREER INSTITUTE               ,FL,33607-0000,Proprietary  ,52,226,278,65,347,412
02188900,HOBE SOUND BIBLE COLLEGE                ,FL,33475-0000,Private      ,24,6,30,35,11,46
02200100,BRADENTON BEAUTY & BARBER ACADEMY       ,FL,34209-0000,Proprietary  ,4,20,24,4,21,25
02215900,ATI CAREER TRAINING CENTER              ,FL,33309-1785,Proprietary  ,87,193,280,114,301,415
02218700,FLORIDA TECHNICAL COLLEGE               ,FL,32826-2707,Proprietary  ,192,367,559,254,527,781
02228300,LAKE TECHNICAL CENTER                   ,FL,32726-0000,Public       ,34,126,160,45,188,233
02245500,CENTRAL FLORIDA COLLEGE                 ,FL,32789-4679,Proprietary  ,74,283,357,98,323,421
02245502,CFC-CAREER TRAINING INSTITUTE - ORLANDO ,FL,32804-0000,Proprietary  ,11,23,34,27,45,72
02245504,CENTRAL FLORIDA  COLLEGE -  LARGO       ,FL,33771-4957,Proprietary  ,24,37,61,39,72,111
02257900,INTERNATIONAL ACADEMY                   ,FL,32119-3541,Proprietary  ,24,52,76,37,62,99
02275100,CONCORDE CAREER INSTITUTE               ,FL,33025-0000,Proprietary  ,33,151,184,39,190,229
02278800,SOUTHWEST FLORIDA COLLEGE               ,FL,33907-0000,Proprietary  ,196,474,670,259,655,914
02278801,SOUTHWEST FLORIDA COLLEGE - TAMPA       ,FL,33619-1344,Proprietary  ,105,229,334,142,352,494
02279600,CORTIVA INSTITUTE - FLORIDA             ,FL,33781-0000,Proprietary  ,10,38,48,11,52,63
02280800,NEW ENGLAND INST TECH-PALM BEACH        ,FL,33407-0000,Proprietary  ,243,373,616,340,658,998
02283800,BEAUTY SCHOOLS OF AMERICA               ,FL,33012-3322,Proprietary  ,8,106,114,13,110,123
02286500,ITT TECHNICAL INSTITUTE                 ,FL,33634-7515,Proprietary  ,495,887,1382,578,1028,1606
02287100,LA BELLE BEAUTY SCHOOL                  ,FL,33012-0000,Proprietary  ,5,56,61,8,56,64
02293200,ATI CAREER TRAINING CENTER              ,FL,33309-5916,Proprietary  ,149,271,420,186,422,608
02293202,ATI CAREER TAINING CENTER - ATI COLLEGE ,FL,87109-2016,Proprietary  ,69,444,513,81,536,617
02293600,ADVANCED TECHNICAL CENTERS              ,FL,33266-1597,Private      ,4,5,9,7,11,18
02297000,CHARLOTTE TECHNICAL CENTER              ,FL,33948-0000,Public       ,21,71,92,27,101,128
02300900,WITHLACOOCHEE TECHNICAL INSTITUTE       ,FL,34450-0000,Public       ,25,99,124,38,135,173
02305700,GULF COAST COLLEGE                      ,FL,33619-0000,Proprietary  ,29,70,99,40,109,149
02305800,FLORIDA CAREER COLLEGE                  ,FL,33012-7028,Proprietary  ,486,905,1391,562,1128,1690
02307400,GEORGE STONE AREA VOCATIONAL TECHNICAL  ,FL,32526-0000,Public       ,22,107,129,33,157,190
02314100,SCHILLER INTERNATIONAL UNIVERSITY       ,FL,33770-3716,Proprietary  ,21,35,56,54,68,122
02316200,MIAMI LAKES TECHNICAL EDUCATION CTR     ,FL,33014-0000,Public       ,64,146,210,116,235,351
02321200,ORANGE TECH EDUC CTR- WESTSIDE TECH     ,FL,34787-0000,Public       ,42,81,123,49,98,147
02325100,KEY COLLEGE                             ,FL,33004-3046,Proprietary  ,8,28,36,9,35,44
02326800,RESORT & SPA SCHOOLS INTERNATIONAL      ,FL,34233-0000,Proprietary  ,3,17,20,3,19,22
02326900,SUNSTATE ACADEMY OF HAIR DESIGN         ,FL,33907-1415,Proprietary  ,12,32,44,17,35,52
02329900,FLORIDA INSTITUTE OF ULTRASOUND         ,FL,32514-0000,Proprietary  ,16,32,48,25,61,86
02337000,SUNCOAST II THE TAMPA BAY SCHOOL OF MASS,FL,33607-3802,Proprietary  ,0,6,6,0,13,13
02338400,FT PIERCE BEAUTY ACADEMY                ,FL,34982-0000,Proprietary  ,16,63,79,17,67,84
02341001,FORTIS COLLEGE - DBA FORTIS INSTITUTE   ,FL,32504-7322,Proprietary  ,5,13,18,8,27,35
02346200,WYOTECH                                 ,FL,32174-1010,Proprietary  ,51,109,160,87,171,258
02362100,FULL SAIL UNIVERSITY                    ,FL,32792-0000,Proprietary  ,2275,1100,3375,4270,2047,6317
02499000,ACADEMY OF COSMETOLOGY                  ,FL,32953-3311,Proprietary  ,5,29,34,7,30,37
02501500,"O*TEC, MID-FLORIDA TECH                 ",FL,32809-0000,Public       ,75,118,193,128,160,288
02502702,ADVANCED CAREER TRAINING-JACKSONVIL     ,FL,32256-0000,Proprietary  ,18,127,145,42,224,266
02504600,WINTER PARK TECH                        ,FL,32789-0000,Public       ,20,85,105,28,128,156
02508900,TALMUDIC COLLEGE OF FLORIDA             ,FL,33139-0000,Private      ,3,3,6,7,4,11
02511700,RIDGE TECHNICAL CENTER                  ,FL,33881-0000,Public       ,25,99,124,36,171,207
02513200,ORLANDO TECHNICAL CENTER                ,FL,32801-0000,Public       ,57,160,217,79,284,363
02515400,CITY COLLEGE                            ,FL,33309-3073,Private      ,86,435,521,108,544,652
02517100,SARASOTA SCHOOL OF MASSAGE THERAPY      ,FL,34243-6130,Proprietary  ,9,27,36,15,40,55
02524000,SUNSTATE ACADEMY OF HAIR DESIGN         ,FL,34624-0000,Proprietary  ,3,15,18,5,15,20
02524200,ROBERT MORGAN EDUCATIONAL CENTER        ,FL,33177-0000,Public       ,70,142,212,105,226,331
02547600,FLORIDA NATIONAL COLLEGE                ,FL,33012-0000,Proprietary  ,363,967,1330,399,1136,1535
02554200,RADFORD LOCKLIN TECH CENTER             ,FL,32570-0000,Public       ,7,25,32,9,38,47
02573200,LA BELLE BEAUTY ACADEMY                 ,FL,33135-0000,Proprietary  ,4,4,8,6,6,12
02586200,FLORIDA CAREER COLLEGE                  ,FL,33759-3924,Proprietary  ,35,123,158,50,228,278
02597100,HERITAGE INSTITUTE                      ,FL,33912-7132,Proprietary  ,27,76,103,37,93,130
02598200,FLORIDA TECHNICAL CLG JACKSONVILLE      ,FL,32211-5123,Proprietary  ,20,45,65,30,69,99
02599800,EVEREST UNIVERSITY                      ,FL,33759-1359,Proprietary  ,193,1361,1554,252,2256,2508
02601600,HENRY W BREWSTER TECHNICAL CENTER       ,FL,33602-0000,Public       ,10,53,63,13,76,89
02612700,DARLYNE MCGEE'S ACAD OF COSMETOLOGY     ,FL,32905-2805,Proprietary  ,7,20,27,7,24,31
02616400,SANFORD-BROWN INSTITUTE                 ,FL,32256-3520,Proprietary  ,39,132,171,55,264,319
02616401,SANFORD-BROWN INSTITUTE - TAMPA         ,FL,33610-8304,Proprietary  ,52,226,278,72,415,487
03003200,EVEREST INSTITUTE                       ,FL,33186-1410,Proprietary  ,130,451,581,168,578,746
03003600,MCFATTER TECHNICAL CENTER               ,FL,33317-7499,Public       ,50,161,211,90,253,343
03008600,FLORIDA COLLEGE OF NATURAL HEALTH       ,FL,33064-1342,Proprietary  ,77,207,284,91,233,324
03010608,VIRGINIA COLLEGE - PENSACOLA            ,FL,32501-5650,Proprietary  ,160,373,533,234,558,792
03010612,VIRGINIA COLLEGE - GOLF ACADEMY OF AMERI,FL,32701-0000,Proprietary  ,37,28,65,57,52,109
03012300,ASM BEAUTY WORLD ACADEMY                ,FL,33021-0000,Proprietary  ,6,47,53,7,54,61
03018500,BENE'S INTERNATIONAL SCHOOL OF BEAUTY   ,FL,34652-1637,Proprietary  ,13,39,52,20,43,63
03028200,TRINITY COLLEGE OF FLORIDA              ,FL,34655-4401,Private      ,32,36,68,57,62,119
03031400,INTERNATIONAL ACAD OF DESIGN & TECH     ,FL,33634-6313,Proprietary  ,1101,924,2025,1888,1677,3565
03031402,INTERNATIONAL ACADEMY OF DESIGN AND TECH,FL,32809-4633,Proprietary  ,276,209,485,528,427,955
03031403,IADT - ORLANDO CULINARY ACADEMY         ,FL,32819-0000,Proprietary  ,244,258,502,416,402,818
03035800,HERITAGE INSTITUTE                      ,FL,32216-0948,Proprietary  ,8,60,68,10,68,78
03035900,NATIONAL AVIATION ACADEMY               ,FL,33760-3931,Proprietary  ,44,141,185,72,220,292
03037500,HODGES UNIVERSITY                       ,FL,34119-7932,Private      ,105,581,686,133,785,918
03054200,TECHNICAL CAREER INSTITUTE              ,FL,33144-2373,Proprietary  ,194,146,340,235,181,416
03071600,COLLEGE OF BUSINESS & TECHNOLOGY        ,FL,33176-1412,Proprietary  ,40,228,268,49,257,306
03079800,GEORGE T BAKER AVIATION                 ,FL,33142-5687,Public       ,40,30,70,59,43,102
03079900,CITY COLLEGE                            ,FL,32707-5342,Private      ,4,65,69,4,68,72
03087600,ITT TECHNICAL INSTITUTE                 ,FL,32746-1607,Proprietary  ,309,694,1003,358,822,1180
03089200,NOUVELLE INSTITUTE                      ,FL,33125-4141,Proprietary  ,6,124,130,7,125,132
03096300,FLORIDA CAREER INSTITUTE                ,FL,33860-0000,Proprietary  ,19,37,56,29,57,86
03099600,MERCY HOSPITAL SCHOOL OF PRACTICAL NSG  ,FL,33133-4237,Private      ,18,41,59,27,74,101
03100800,TAYLOR TECHNICAL INSTITUTE              ,FL,32348-0894,Public       ,6,33,39,6,45,51
03101900,TRINITY BAPTIST COLLEGE                 ,FL,32221-1398,Private      ,116,37,153,176,57,233
03103900,MARION COUNTY COMMUNITY TECH & ADUL     ,FL,34474-3172,Public       ,40,134,174,52,185,237
03108500,EVERGLADES UNIVERSITY                   ,FL,33431-0000,Private      ,46,249,295,62,354,416
03108600,COM-PU-MED VOCATIONAL CAREERS           ,FL,33012-4861,Proprietary  ,19,150,169,19,151,170
03113400,ACADEMY OF HEALING ARTS                 ,FL,33463-2113,Proprietary  ,5,20,25,5,23,28
03114700,PRAXIS INSTITUTE                        ,FL,33135-2657,Proprietary  ,6,141,147,6,155,161
03115500,FLORIDA HOSPITAL COLG OF HEALTH SCI     ,FL,32803-1237,Private      ,303,486,789,520,1167,1687
03123900,KEISER CAREER INSTITUTE                 ,FL,33413-0000,Proprietary  ,86,290,376,123,408,531
03125600,MIAMI AD SCHOOL                         ,FL,33139-5203,Proprietary  ,22,106,128,32,157,189
03127900,TECHNICAL EDUCATION CTR OSCEOLA         ,FL,34744-4459,Public       ,23,103,126,37,149,186
03139600,DELTA CONNECTION ACADEMY                ,FL,32773-9683,Proprietary  ,12,30,42,32,52,84
03158300,LEE COUNTY HIGH TECH CENTER NORTH       ,FL,33993-2479,Public       ,12,45,57,18,63,81
03178400,CORAL RIDGE NURSES ASST TRAINING        ,FL,33306-0000,Proprietary  ,0,6,6,1,10,11
03224300,NEW PROFESSIONS TECHNICAL INSTITUTE     ,FL,33134-1640,Proprietary  ,16,193,209,17,194,211
03230300,OKALOOSA APPLIED TECHNOLOGY CENTER      ,FL,32547-1299,Public       ,22,95,117,31,150,181
03238300,FLORIDA COLLEGE OF INTEGRATIVE MED      ,FL,32809-5721,Proprietary  ,8,61,69,12,82,94
03255300,FLORIDA GULF COAST UNIVERSITY           ,FL,33965-6565,Public       ,1603,755,2358,3972,1593,5565
03256300,YESHIVA GEDOLAH RABBINICAL COLLEGE      ,FL,33139-4708,Private      ,1,2,3,2,2,4
03346300,ACAD FOR PRAC NURSING & HEALTH OCCP     ,FL,33417-4574,Private      ,20,216,236,35,289,324
03348400,PROFESSIONAL TRAINING CENTERS           ,FL,33184-0000,Proprietary  ,61,311,372,73,440,513
03370300,AUDIO RECORDING TECHNOLOGY INSTITUTE    ,FL,32811-0000,Proprietary  ,28,30,58,54,61,115
03373300,BEACON COLLEGE                          ,FL,34748-5224,Private      ,20,11,31,53,27,80
03374300,FLORIDA COASTAL SCHOOL OF LAW           ,FL,32256-0000,Proprietary  ,6,717,723,14,1717,1731
03382300,BRADFORD-UNION AREA CAREERTECHNICAL CENT,FL,32091-2434,Public       ,11,29,40,17,70,87
03390300,LINCOLN TECHNICAL INSTITUTE             ,FL,32730-2351,Proprietary  ,37,178,215,43,223,266
03411400,INTERNATIONAL TRAINING CAREERS          ,FL,33155-1462,Private      ,3,77,80,3,84,87
03414500,SOUTHEAST INSTITUTE OF ORIENTAL MED     ,FL,33176-1509,Proprietary  ,2,30,32,2,57,59
03425400,CENTRAL FLORIDA INSTITUTE               ,FL,34684-4436,Proprietary  ,26,141,167,29,168,197
03429600,ATLANTIC INST OF ORIENTAL MEDICINE      ,FL,33316-0000,Private      ,3,30,33,3,45,48
03429700,EAST WEST COLLG OF NATURAL MEDICINE     ,FL,34236-4959,Proprietary  ,0,65,65,0,83,83
03433400,NEW CONCEPT MASSAGE AND BEAUTY SCHO     ,FL,33135-0000,Proprietary  ,3,7,10,3,10,13
03434300,FORTIS COLLEGE                          ,FL,32073-2999,Proprietary  ,28,153,181,42,264,306
03459400,SAINT PETERSBURG THEOLOGICAL SEMINA     ,FL,33708-3116,Private      ,3,18,21,4,28,32
03480302,MEDVANCE INSTITUTE - STUART             ,FL,34994-3000,Proprietary  ,1,10,11,1,16,17
03491400,AMERICAN ADVANCED TECHNICIANS INST      ,FL,33014-4430,Proprietary  ,3,17,20,3,23,26
03524300,ACADEMY FOR FIVE ELEMENT ACUPUNCTURE    ,FL,32601-6811,Private      ,0,12,12,0,14,14
03549300,ULTIMATE MEDICAL ACADEMY                ,FL,33756-5802,Proprietary  ,8,54,62,12,59,71
03553300,KEISER CAREER COLLEGE                   ,FL,32216-0000,Proprietary  ,4,12,16,5,16,21
03557300,NORTH FLORIDA COSMETOLOGY INSTITUTE     ,FL,32312-0000,Proprietary  ,21,35,56,28,63,91
03564300,SUPERIOR CAREER INSTITUTE               ,FL,33311-1141,Proprietary  ,3,15,18,3,17,20
03570400,ENGLISH CENTER (THE)                    ,FL,33133-2703,Public       ,5,42,47,6,64,70
03595400,ANGLEY COLLEGE                          ,FL,32720-4257,Proprietary  ,10,41,51,14,43,57
03611400,FLORIDA BARBER ACADEMY                  ,FL,33441-0000,Proprietary  ,2,2,4,4,3,7
03618300,FLORIDA INSTITUTE OF ANIMAL ARTS        ,FL,32792-1740,Proprietary  ,11,14,25,18,20,38
03627400,JACKSONVILLE BEAUTY INSTITUTE           ,FL,32208-1885,Proprietary  ,1,23,24,4,34,38
03627600,FLORIDA EDUCATION INSTITUTE             ,FL,33144-5036,Proprietary  ,9,78,87,14,83,97
03661400,SOUTH FLORIDA INSTITUTE OF TECHNOLO     ,FL,33135-0000,Proprietary  ,3,21,24,8,23,31
03691400,AVE MARIA SCHOOL OF LAW                 ,FL,34119-1376,Private      ,0,159,159,1,437,438
03706300,AMERICAN INSTITUTE                      ,FL,33319-5613,Proprietary  ,14,79,93,15,87,102
03757300,ADVANCE SCIENCE INSTITUTE               ,FL,33012-0000,Proprietary  ,0,4,4,0,4,4
03801400,BEAUTY INSTITUTE (THE)                  ,FL,33409-2972,Proprietary  ,5,26,31,8,28,36
03816300,ARTISTIC NAILS & BEAUTY ACADEMY         ,FL,33605-5919,Proprietary  ,5,24,29,7,26,33
03823300,FLORIDA ACADEMY OF HEALTH & BEAUTY      ,FL,33311-0000,Proprietary  ,7,19,26,7,22,29
03832300,DADE MEDICAL COLLEGE                    ,FL,33126-5534,Proprietary  ,13,69,82,27,111,138
03842500,CAMBRIDGE INSTITUTE OF ALLIED HEALTH    ,FL,32750-0000,Proprietary  ,1,27,28,3,29,32
03856300,UNIVERSAL BEAUTY SCHOOL                 ,FL,33174-4406,Proprietary  ,5,52,57,5,52,57
03866300,GALIANO CAREER ACADEMY                  ,FL,32701-0000,Proprietary  ,30,192,222,32,210,242
03875300,MEDICAL CAREER INSTITUTE OF SOUTH FLORID,FL,33407-2103,Proprietary  ,12,56,68,12,59,71
03903500,SOUTHERN TECHNICAL COLLEGE              ,FL,32809-0000,Proprietary  ,6,14,20,11,23,34
03905300,LEVIN SCHOOL OF HEALTH CARE             ,FL,33445-4699,Proprietary  ,0,0,0,0,2,2
03906300,CAREER INSTITUTE OF FLORIDA             ,FL,33773-3434,Proprietary  ,5,82,87,7,88,95
03911300,TOTAL INTERNATIONAL CAREER INSTITUTE    ,FL,33012-0000,Proprietary  ,1,1,2,1,2,3
03939400,CENTURA INSTITUTE                       ,FL,32807-3566,Proprietary  ,15,52,67,18,63,81
03939600,DAYTONA COLLEGE                         ,FL,32174-8445,Proprietary  ,3,20,23,4,23,27
03941300,AVE MARIA UNIVERSITY                    ,FL,34142-9505,Private      ,190,46,236,384,78,462
03957400,NEW COLLEGE OF FLORIDA                  ,FL,34243-2109,Public       ,144,35,179,760,109,869
03985300,COMMERCIAL DIVING ACADEMY               ,FL,32208-0000,Proprietary  ,15,38,53,23,56,79
03986300,AVIATOR COLLEGE OF AERONAUTICAL SCIENCE ,FL,34946-9022,Proprietary  ,5,8,13,7,12,19
04016500,AMERICAN INSTITUTE OF BEAUTY            ,FL,33773-0000,Proprietary  ,4,33,37,4,38,42
04029300,TRENDSETTERS OF FLORIDA SCHOOL OF BEAUTY,FL,32205-0000,Proprietary  ,1,16,17,1,23,24
04058300,HEALTH OPPORTUNITY TECHNICAL CENTER     ,FL,33169-4517,Proprietary  ,0,1,1,0,1,1
00160500,CHAMINADE UNIV OF HONOLULU              ,HI,96816-1578,Private      ,328,467,795,1148,1051,2199
00160600,BRIGHAM YOUNG UNIV-HAWAII CAMPUS        ,HI,96762-1294,Private      ,218,188,406,607,390,997
00161000,UNIVERSITY OF HAWAII AT MANOA           ,HI,96822-2399,Public       ,1733,1654,3387,7773,5610,13383
00161100,UNIVERSITY OF HAWAII AT HILO            ,HI,96720-4091,Public       ,470,322,792,2032,1206,3238
00161200,HONOLULU COMMUNITY COLLEGE              ,HI,96817-4598,Public       ,382,355,737,820,759,1579
00161300,KAPIOLANI COMMUNITY COLLEGE             ,HI,96816-4421,Public       ,508,528,1036,1249,1156,2405
00161400,KAUAI COMMUNITY COLLEGE                 ,HI,96766-9591,Public       ,64,93,157,167,182,349
00161500,MAUI COMMUNITY COLLEGE                  ,HI,96732-1644,Public       ,176,255,431,492,678,1170
00454900,LEEWARD COMMUNITY COLLEGE               ,HI,96782-3393,Public       ,377,489,866,807,992,1799
00525800,HAWAII COMMUNITY COLLEGE                ,HI,96720-4075,Public       ,291,295,586,658,753,1411
00723401,HEALD COLLEGE - HONOLULU                ,HI,96814-0000,Proprietary  ,231,280,511,349,435,784
00727900,HAWAII PACIFIC UNIVERSITY               ,HI,96813-2882,Private      ,654,808,1462,3068,2293,5361
00777500,HOLLYWOOD BEAUTY COLLEGE                ,HI,96701-4100,Proprietary  ,11,27,38,16,39,55
01122000,WINDWARD COMMUNITY COLLEGE              ,HI,96744-0000,Public       ,132,185,317,275,384,659
02055100,HAWAII BUSINESS COLLEGE                 ,HI,96813-0000,Proprietary  ,66,119,185,92,153,245
02100300,MED-ASSIST SCHOOL OF HAWAII             ,HI,96813-0000,Proprietary  ,13,34,47,23,51,74
02107800,UNIVERSITY OF HAWAII - WEST OAHU        ,HI,96782-0000,Public       ,59,191,250,183,453,636
02139500,HAWAII INSTITUTE OF HAIR DESIGN         ,HI,96817-5195,Proprietary  ,8,33,41,14,42,56
02208704,SAN DIEGO GOLF ACADEMY - THE GOLF ACADEM,HI,96744-3724,Proprietary  ,3,4,7,12,9,21
02321300,HAWAI'I THEOLOGICAL SEMINARY            ,HI,96817-0000,Private      ,2,8,10,7,16,23
03017800,TRAVEL INSTITUTE OF THE PACIFIC         ,HI,96814-1946,Proprietary  ,16,36,52,23,52,75
03020800,NEW YORK TECHNICAL INST OF HAWAII       ,HI,96817-4415,Proprietary  ,6,10,16,10,20,30
03072500,WORLD MEDICINE INSTITUTE                ,HI,96826-0000,Private      ,1,14,15,2,27,29
03649300,HAWAII TECHNOLOGY INSTITUTE             ,HI,96813-3036,Private      ,0,3,3,8,12,20
03735300,INST OF CLINICAL ACUPUNCTURE & ORIENT MD,HI,96813-2307,Proprietary  ,0,19,19,1,22,23
00161600,BOISE STATE UNIVERSITY                  ,ID,83725-1000,Public       ,1448,2225,3673,6834,7435,14269
00161700,"COLLEGE OF IDAHO, THE                   ",ID,83605-4432,Private      ,152,72,224,935,169,1104
00161900,COLLEGE OF SOUTHERN IDAHO               ,ID,83301-0000,Public       ,541,921,1462,1393,1590,2983
00162000,IDAHO STATE UNIVERSITY                  ,ID,83209-5377,Public       ,1006,2509,3515,3087,5427,8514
00162100,LEWIS-CLARK STATE COLLEGE               ,ID,83501-2698,Public       ,226,398,624,1468,1419,2887
00162300,NORTH IDAHO COLLEGE                     ,ID,83814-2199,Public       ,464,599,1063,1447,1454,2901
00162400,NORTHWEST NAZARENE UNIVERSITY           ,ID,83686-5897,Private      ,264,274,538,1097,566,1663
00162500,BRIGHAM YOUNG UNIVERSITY-IDAHO          ,ID,83460-1650,Private      ,1806,1592,3398,4213,2412,6625
00162600,UNIVERSITY OF IDAHO                     ,ID,83844-4291,Public       ,801,714,1515,6742,3360,10102
00455300,ITT TECHNICAL INSTITUTE                 ,ID,83713-1529,Proprietary  ,158,335,493,220,406,626
00987300,MR JUAN'S CLG OF HAIR DESIGN            ,ID,83301-4154,Proprietary  ,3,16,19,7,29,36
01113300,EASTERN IDAHO TECHNICAL COLLEGE         ,ID,83404-5788,Public       ,93,228,321,191,524,715
02210700,CAREER BEAUTY COLLEGE                   ,ID,83440-0000,Proprietary  ,8,8,16,19,13,32
02218000,APOLLO COLLEGE                          ,ID,83704-0000,Proprietary  ,67,221,288,110,310,420
02234500,BOISE BIBLE COLLEGE                     ,ID,83714-1220,Private      ,40,25,65,135,56,191
02275800,MR LEONS SCHOOL OF HAIR DESIGN          ,ID,83843-8384,Proprietary  ,7,10,17,9,14,23
02314000,SCHOOL OF HAIRSTYLING (THE)             ,ID,83202-0000,Proprietary  ,17,21,38,25,40,65
02319800,HEADMASTERS SCHOOL OF HAIR DESIGN       ,ID,83814-0000,Proprietary  ,38,46,84,46,53,99
02349200,HEADMASTERS SCHOOL OF HAIR DESIGN       ,ID,83501-0000,Proprietary  ,5,14,19,10,25,35
02559500,RAZZLE DAZZLE CLG OF HAIR DESIGN        ,ID,83686-5104,Proprietary  ,5,11,16,19,23,42
02607100,SCOT LEWIS SCHOOLS                      ,ID,83709-1662,Proprietary  ,21,34,55,37,61,98
03052202,COURT REPORTING INSTITUTE/CRI COMPUTER T,ID,83709-8101,Proprietary  ,2,9,11,4,14,18
03098700,ACADEMY OF COURT REPORTING              ,ID,83704-8320,Proprietary  ,48,196,244,69,301,370
03832400,COSMETOLOGY SCHOOL OF ARTS & SCIENCES   ,ID,83318-1327,Proprietary  ,2,15,17,5,22,27
00163200,AQUINAS INSTITUTE OF THEOLOGY           ,MO,63108-3323,Private      ,2,15,17,3,44,47
00244900,AVILA COLLEGE                           ,MO,64145-1698,Private      ,304,330,634,811,702,1513
00245000,CALVARY BIBLE COLLEGE                   ,MO,64147-1341,Private      ,53,60,113,140,123,263
00245200,CENTRAL BIBLE COLLEGE                   ,MO,65803-1096,Private      ,146,91,237,491,210,701
00245300,CENTRAL METHODIST UNIVERSITY            ,MO,65248-1198,Private      ,235,135,370,914,322,1236
00245301,CENTRAL METHODIST UNIVERSITY            ,MO,63601-0000,Private      ,19,34,53,49,92,141
00245302,CENTRAL METHODIST UNIVERSITY- UNION     ,MO,63084-0000,Private      ,8,11,19,25,32,57
00245400,UNIVERSITY OF CENTRAL MISSOURI          ,MO,64093-5178,Public       ,1947,1145,3092,5528,2504,8032
00245600,COLUMBIA COLLEGE                        ,MO,65216-4581,Private      ,603,2427,3030,1713,6643,8356
00245700,CONCORDIA SEMINARY                      ,MO,63105-3199,Private      ,0,188,188,2,665,667
00245800,COTTEY COLLEGE                          ,MO,64772-2790,Private      ,78,5,83,337,13,350
00245900,CROWDER COLLEGE                         ,MO,64850-9165,Public       ,461,498,959,882,1010,1892
00246000,CULVER STOCKTON COLLEGE                 ,MO,63435-1299,Private      ,301,59,360,1032,144,1176
00246100,DRURY UNIVERSITY                        ,MO,65802-3791,Private      ,495,796,1291,1751,1933,3684
00246200,EDEN THEOLOGICAL SEMINARY               ,MO,63119-0000,Private      ,0,43,43,0,85,85
00246300,EVANGEL UNIVERSITY                      ,MO,65802-2125,Private      ,510,187,697,1646,366,2012
00246400,FONTBONNE UNIVERSITY                    ,MO,63105-3098,Private      ,302,681,983,1030,1557,2587
00246600,HARRIS-STOWE STATE COLLEGE              ,MO,63103-2199,Public       ,375,509,884,763,1018,1781
00246700,CONCEPTION SEMINARY COLLEGE             ,MO,64433-0000,Private      ,10,3,13,19,8,27
00246800,JEFFERSON COLLEGE                       ,MO,63050-2441,Public       ,697,573,1270,1321,974,2295
00247100,ST LOUIS COMMUNITY COLLEGE              ,MO,63102-0000,Public       ,2454,3662,6116,4653,6060,10713
00247300,KANSAS CITY ART INSTITUTE               ,MO,64111-1874,Private      ,183,55,238,810,160,970
00247400,KANSAS CITY UNIV OF MED & BIOSCIENCES   ,MO,64106-0000,Private      ,4,533,537,17,1007,1024
00247600,KENRICK-GLENNON SEMINARY                ,MO,63119-0000,Private      ,2,1,3,5,4,9
00247700,A.T. STILL UNIV OF HEALTH SCIENCES      ,MO,63501-0000,Private      ,1,804,805,4,1465,1469
00247900,LINCOLN UNIVERSITY                      ,MO,65101-3500,Public       ,643,386,1029,1707,911,2618
00248000,LINDENWOOD UNIVERSITY                   ,MO,63301-1695,Private      ,987,1260,2247,3443,3076,6519
00248200,MARYVILLE UNIVERSITY                    ,MO,63141-7299,Private      ,347,562,909,1920,1250,3170
00248400,METROPOLITAN COMMUNITY COLLEGE          ,MO,64111-2408,Public       ,2597,3308,5905,4438,5714,10152
00248500,MIDWESTERN BAPTIST THEOL SEMINARY       ,MO,64118-0000,Private      ,12,49,61,27,79,106
00248600,MINERAL AREA COLLEGE                    ,MO,63601-1000,Public       ,461,480,941,986,960,1946
00248800,MISSOURI SOUTHERN STATE UNIVERSITY      ,MO,64801-1595,Public       ,960,1014,1974,2215,2047,4262
00248900,MISSOURI VALLEY COLLEGE                 ,MO,65340-3197,Private      ,391,86,477,1187,259,1446
00249000,MISSOURI WESTERN STATE UNIVERSITY       ,MO,64507-2294,Public       ,649,448,1097,2885,1342,4227
00249100,MOBERLY AREA COMMUNITY COLLEGE          ,MO,65270-1304,Public       ,591,540,1131,1337,1149,2486
00249400,NAZARENE THEOLOGICAL SEMINARY           ,MO,64131-1246,Private      ,0,50,50,0,108,108
00249500,TRUMAN STATE UNIVERSITY                 ,MO,63501-4221,Public       ,999,143,1142,4325,325,4650
00249600,NORTHWEST MISSOURI STATE UNIV           ,MO,64468-6001,Public       ,1377,260,1637,4507,607,5114
00249800,PARK UNIVERSITY                         ,MO,64152-3795,Private      ,436,2185,2621,853,4518,5371
00249900,ROCKHURST UNIVERSITY                    ,MO,64110-2561,Private      ,297,336,633,1578,785,2363
00250000,COLLEGE OF THE OZARKS                   ,MO,65726-2502,Private      ,232,34,266,2333,216,2549
00250100,SOUTHEAST MISSOURI STATE UNIV           ,MO,63701-4799,Public       ,1367,951,2318,5179,2381,7560
00250200,SOUTHWEST BAPTIST UNIVERSITY            ,MO,65613-2597,Private      ,452,361,813,1620,813,2433
00250300,MISSOURI STATE UNIVERSITY               ,MO,65897-0094,Public       ,3154,1883,5037,9842,4141,13983
00250400,ST LOUIS COLLEGE OF PHARMACY            ,MO,63110-1088,Private      ,111,152,263,676,391,1067
00250600,SAINT LOUIS UNIVERSITY                  ,MO,63103-2097,Private      ,1046,1577,2623,7560,4326,11886
00250602,SAINT LOUIS UNIV SCH MEDICINE           ,MO,63104-0000,Private      ,27,233,260,176,700,876
00250900,SAINT PAUL SCHOOL OF THEOLOGY           ,MO,64127-2499,Private      ,0,19,19,0,193,193
00251200,STEPHENS COLLEGE                        ,MO,65215-0001,Private      ,130,89,219,775,219,994
00251400,NORTH CENTRAL MISSOURI COLLEGE          ,MO,64683-1824,Public       ,186,214,400,445,415,860
00251600,UNIVERSITY OF MISSOURI-COLUMBIA         ,MO,65211-1600,Public       ,2797,1508,4305,15867,5256,21123
00251700,MISSOURI UNIVERSITY OF SCIENCE & TECHNOL,MO,65409-0250,Public       ,638,243,881,3474,771,4245
00251800,UNIVERSITY OF MISSOURI-KANSAS CITY      ,MO,64110-2497,Public       ,1377,2196,3573,4650,5570,10220
00251900,UNIVERSITY OF MISSOURI-ST LOUIS         ,MO,63121-4499,Public       ,1498,2462,3960,4047,5218,9265
00252000,WASHINGTON UNIVERSITY                   ,MO,63130-4899,Private      ,608,1167,1775,10225,3882,14107
00252001,WASHINGTON UNIV-SCHOOL OF MEDICINE      ,MO,63110-0000,Private      ,6,420,426,28,1083,1111
00252100,WEBSTER UNIVERSITY                      ,MO,63119-3194,Private      ,585,3985,4570,2564,7798,10362
00252200,WENTWORTH MILITARY ACADEMY              ,MO,64067-1799,Private      ,30,52,82,89,109,198
00252300,WESTMINSTER COLLEGE                     ,MO,65251-1299,Private      ,146,15,161,902,60,962
00252400,WILLIAM JEWELL COLLEGE                  ,MO,64068-1896,Private      ,228,79,307,1270,194,1464
00252500,WILLIAM WOODS UNIVERSITY                ,MO,65251-2388,Private      ,172,554,726,749,968,1717
00405704,NATIONAL AMERICAN UNIVERSITY            ,MO,64057-1791,Proprietary  ,12,110,122,18,184,202
00441300,ST JOHNS HOSP SCH RAD TECH              ,MO,65802-0000,Private      ,10,16,26,25,36,61
00470300,LOGAN COLLEGE OF CHIROPRACTIC           ,MO,63006-1065,Private      ,22,150,172,55,1027,1082
00470700,COVENANT THEOLOGICAL SEMINARY           ,MO,63141-8697,Private      ,2,211,213,5,364,369
00471100,LINN STATE TECHNICAL COLLEGE            ,MO,65051-9607,Public       ,293,84,377,769,171,940
00471300,THREE RIVERS COMMUNITY COLLEGE          ,MO,63901-2393,Public       ,475,599,1074,1059,1217,2276
00528700,BROOKFIELD AREA CAREER CENTER           ,MO,64628-0000,Public       ,1,0,1,1,0,1
00528800,KIRKSVILLE AREA TECHNICAL CENTER        ,MO,63501-0000,Public       ,9,26,35,16,37,53
00528900,WAYNESVILLE TECHNICAL ACADEMY           ,MO,65583-0000,Public       ,5,26,31,8,61,69
00542400,SOUTH CENTRAL CAREER CENTER             ,MO,65775-3334,Public       ,16,37,53,28,65,93
00542600,SIKESTON CAREER AND TECHNOLOGY CTR      ,MO,63801-0000,Public       ,7,16,23,15,84,99
00542900,ROLLA TECHNICAL INSTITUTE               ,MO,65401-3601,Public       ,41,72,113,119,156,275
00543000,POPLAR BLUFF TECHNICAL CAREER CNTR      ,MO,63901-0000,Public       ,16,32,48,30,78,108
00543600,DAVIS H HART MEXICO AREA VOC TECH       ,MO,65265-0000,Public       ,7,13,20,14,18,32
00543800,SALINE COUNTY CAREER CENTER             ,MO,65340-0000,Public       ,2,20,22,6,54,60
00544500,TRUMAN MEDICAL CENTER SCHOOL OF NURSE AN,MO,64108-2677,Private      ,2,11,13,5,33,38
00553100,GRAND RIVER TECHNICAL SCHOOL            ,MO,64601-1299,Public       ,27,18,45,52,28,80
00553200,CAPE GIRARDEAU CAREER & TECHNOLOGY CENTE,MO,63703-7511,Public       ,22,70,92,49,163,212
00638500,CHAMBERLAIN COLLEGE OF NURSING          ,MO,63139-3297,Proprietary  ,93,300,393,223,577,800
00638900,BARNES JEWISH COLLEGE OF NURSING AND ALL,MO,63110-1091,Private      ,54,227,281,132,482,614
00639200,RESEARCH COLLEGE OF NURSING             ,MO,64132-1199,Proprietary  ,26,61,87,54,139,193
00639201,RESEARCH MEDICAL CENTER - COLLEGE OF NUR,MO,64132-1199,Proprietary  ,2,1,3,5,9,14
00639202,RESEARCH MED CTR SCHL OF RAD TECH       ,MO,64132-0000,Proprietary  ,6,8,14,12,16,28
00639203,RESEARCH MED CTR SCH NUCL MED TECH      ,MO,64132-0000,Proprietary  ,0,4,4,0,7,7
00666600,LUTHERAN  SCHOOL OF NURSING             ,MO,63118-3909,Proprietary  ,25,110,135,41,186,227
00754000,MISSOURI BAPTIST UNIVERSITY             ,MO,63141-8698,Private      ,289,331,620,720,669,1389
00755700,ITT TECHNICAL INSTITUTE                 ,MO,63045-1122,Proprietary  ,511,808,1319,619,943,1562
00808000,STATE FAIR COMMUNITY COLLEGE            ,MO,65301-0000,Public       ,506,536,1042,1058,1042,2100
00826900,HILLYARD TECHNICAL CENTER               ,MO,64506-0000,Public       ,27,49,76,65,79,144
00855200,PATRICIA STEVENS COLLEGE                ,MO,63102-2334,Proprietary  ,22,43,65,37,50,87
00860600,TRI-COUNTY TECHNICAL SCHOOL             ,MO,65026-0000,Public       ,1,11,12,8,25,33
00886200,EAST CENTRAL COLLEGE                    ,MO,63084-0529,Public       ,403,336,739,1054,731,1785
00908900,HANNIBAL-LAGRANGE COLLEGE               ,MO,63401-1999,Private      ,211,147,358,566,306,872
00952000,NATIONAL ACADEMY OF BEAUTY ARTS         ,MO,63128-1307,Proprietary  ,58,74,132,85,130,215
00959000,INDEPENDENCE COLLEGE OF COSMETOLOGY     ,MO,64055-1105,Proprietary  ,12,8,20,18,17,35
00960700,HOUSE OF HEAVILIN BEAUTY COLLEGE        ,MO,64110-2826,Proprietary  ,6,19,25,10,24,34
00978200,SAINT LUKE'S COLLEGE                    ,MO,64114-3237,Private      ,10,25,35,66,110,176
00979500,MISSOURI COLLEGE                        ,MO,63144-2901,Proprietary  ,114,152,266,208,307,515
01014814,COLORADO TECHNL UNIV NORTH KANSAS CITY  ,MO,64116-3614,Proprietary  ,88,277,365,154,643,797
01027900,HICKEY COLLEGE                          ,MO,63146-0000,Proprietary  ,192,51,243,224,67,291
01040500,PINNACLE CAREER INSTITUTE               ,MO,64131-3367,Proprietary  ,23,119,142,25,149,174
01102600,WARRENSBURG AREA VOC TECH SCH           ,MO,64093-0000,Public       ,13,18,31,27,42,69
01173500,PIKE/LINCOLN TECHNICAL CENTER           ,MO,63344-0000,Public       ,7,30,37,14,43,57
01212000,ASSEMBLIES OF GOD THEO. SEMINARY        ,MO,65802-0000,Private      ,2,106,108,10,219,229
01250000,RANKEN TECHNICAL COLLEGE                ,MO,63113-2811,Private      ,424,212,636,768,366,1134
01258000,ST LOUIS CHRISTIAN COLLEGE              ,MO,63033-6499,Private      ,51,101,152,95,141,236
01320800,BAPTIST BIBLE COLLEGE                   ,MO,65803-3498,Private      ,144,104,248,290,171,461
02056100,FOUR RIVERS CAREER CENTER               ,MO,63090-0000,Public       ,8,17,25,16,27,43
02066900,NICHOLS CAREER CENTER                   ,MO,65101-2814,Public       ,26,44,70,69,82,151
02068200,COX HEALTH - COX COLLEGE                ,MO,65802-0000,Private      ,69,222,291,165,472,637
02068202,COX HEALTH - RADIOLOGIC TECHNOLOGY      ,MO,65802-0000,Private      ,18,10,28,33,32,65
02068204,COX HEALTH - MEDICAL TECHNOLOGY         ,MO,65807-0000,Private      ,6,2,8,8,6,14
02073600,KENNETT CAREER & TECHNOLOGY CENTER      ,MO,63857-0000,Public       ,1,18,19,5,43,48
02090400,BOONSLICK TECHNICAL EDUCATION CTR       ,MO,65233-0000,Public       ,5,14,19,10,29,39
02121100,MIDWEST INSTITUTE                       ,MO,63122-0000,Proprietary  ,21,78,99,28,86,114
02124500,FRANKLIN TECHNOLOGY CENTER              ,MO,64801-0000,Public       ,33,99,132,56,178,234
02142200,LEX LA RAY TECHNICAL CENTER             ,MO,64067-0000,Public       ,11,22,33,17,47,64
02151000,HANNIBAL CAREER AND TECHNICAL CENTE     ,MO,63401-2285,Public       ,10,34,44,17,68,85
02154900,MISSOURI SCH OF BARB & HAIR             ,MO,63031-0000,Proprietary  ,8,19,27,11,31,42
02164200,FOREST INST PROFESSIONAL PSYCHOLOGY     ,MO,65807-0000,Private      ,5,123,128,5,207,212
02165900,CHILLICOTHE BEAUTY ACADEMY              ,MO,64601-0000,Proprietary  ,1,9,10,4,14,18
02180200,METRO BUSINESS COLLEGE                  ,MO,63701-0000,Proprietary  ,53,179,232,76,280,356
02187200,NORTH CENTRAL AREA VOC TECH SCHOOL      ,MO,64424-0000,Public       ,1,0,1,1,0,1
02188000,NORTHWEST TECHNICAL SCHOOL              ,MO,64468-0000,Public       ,10,27,37,37,50,87
02188100,NORTHLAND CAREER CENTER                 ,MO,64079-8333,Public       ,13,28,41,17,39,56
02202700,OZARK CHRISTIAN COLLEGE                 ,MO,64801-0000,Private      ,183,56,239,434,115,549
02203400,NEVADA REGIONAL TECHNICAL CENTER        ,MO,64772-0000,Public       ,5,21,26,8,49,57
02205200,SANFORD-BROWN COLLEGE                   ,MO,63026-7305,Proprietary  ,305,1055,1360,479,1903,2382
02205203,SANFORD BROWN COLLEGE-ST. PETERS        ,MO,63301-4042,Proprietary  ,86,178,264,134,329,463
02205205,SANFORD BROWN COLLEGE-HAZELWOOD         ,MO,63042-2708,Proprietary  ,68,316,384,97,422,519
02214500,SALEM COLLEGE OF HAIRSTYLING            ,MO,65401-0000,Proprietary  ,5,10,15,6,10,16
02239200,ALLIED COLLEGE - NORTH                  ,MO,63043-0000,Proprietary  ,177,387,564,309,630,939
02242800,GIBSON TECHNICAL CENTER                 ,MO,65737-0169,Public       ,4,22,26,5,48,53
02250600,EVEREST COLLEGE                         ,MO,65807-2446,Proprietary  ,190,569,759,362,1165,1527
02263400,LAKE CAREER AND TECHNICAL CENTER        ,MO,65020-0000,Public       ,3,5,8,10,8,18
02266400,CENTRAL CHRISTIAN CLG OF THE BIBLE      ,MO,65270-0000,Private      ,187,83,270,299,125,424
02277500,HOUSE OF HEAVILIN OF BLUE SPRINGS       ,MO,64014-3953,Proprietary  ,15,38,53,18,44,62
02289200,COLUMBIA AREA CAREER CENTER             ,MO,65203-0000,Public       ,13,42,55,38,105,143
02292400,COLUMBIA BEAUTY ACADEMY                 ,MO,65203-0000,Proprietary  ,4,10,14,10,18,28
02295700,MISSOURI BEAUTY ACADEMY                 ,MO,63640-1827,Proprietary  ,5,10,15,8,15,23
02295701,"MISSOURI BEAUTY ACADEMY, LLC - CRYSTAL C",MO,63019-1724,Proprietary  ,8,10,18,11,14,25
02304000,MISSOURI TECH                           ,MO,63132-0000,Proprietary  ,9,13,22,26,23,49
02309100,AMERICAN COLLEGE OF HAIR DESIGN         ,MO,65301-2144,Proprietary  ,7,18,25,16,21,37
02311100,ABBOTT ACADEMY OF COSMETIC ARTS/SCI     ,MO,63376-0000,Proprietary  ,8,17,25,14,26,40
02313000,CASS CAREER CENTER                      ,MO,64701-0000,Public       ,6,6,12,8,22,30
02340500,ST LOUIS COLLEGE OF HEALTH CAREERS      ,MO,63110-0000,Proprietary  ,20,175,195,34,274,308
02340501,ST LOUIS COLLEGE OF HEALTH              ,MO,63129-0000,Proprietary  ,1,1,2,2,9,11
02342100,CAREER & TECHNOLOGY CTR AT FT OSAGE     ,MO,64058-0000,Public       ,5,2,7,8,8,16
02361600,CONCORDE CAREER COLLEGE                 ,MO,64111-0000,Proprietary  ,53,255,308,68,365,433
02497500,CLINTON TECHNICAL SCHOOL                ,MO,64735-2966,Public       ,0,2,2,0,2,2
02520800,MERRELL UNIV OF BTY ARTS & SCIENCES     ,MO,65109-0000,Proprietary  ,22,29,51,59,55,114
02530600,SAINT CHARLES COMMUNITY COLLEGE         ,MO,63376-0975,Public       ,924,702,1626,1773,1161,2934
02543800,PARIS II EDUCATIONAL CENTER (THE)       ,MO,64118-0000,Proprietary  ,7,43,50,9,56,65
02550400,OZARK MOUNTAIN TECHNICAL CENTER         ,MO,65711-0000,Public       ,2,2,4,3,2,5
02555300,PATSY AND ROB'S ACADEMY OF BEAUTY       ,MO,63074-0000,Proprietary  ,17,65,82,21,69,90
02564700,ELAINE STEVEN BEAUTY COLLEGE            ,MO,63136-0000,Proprietary  ,16,54,70,22,60,82
02564701,ELAINE STEVEN BEAUTY COLLEGE - ADVANCE B,MO,63383-2006,Proprietary  ,3,3,6,4,4,8
02568500,GRABBER SCHOOL OF HAIR DESIGN           ,MO,63011-0000,Proprietary  ,31,45,76,43,56,99
02599700,VATTEROTT COLLEGE                       ,MO,63134-2900,Proprietary  ,36,374,410,54,478,532
02599701,VATTEROTT COLLEGE - KANSAS CITY         ,MO,64129-1692,Proprietary  ,65,414,479,90,494,584
02599702,VATTEROTT COLLEGE - SPRINGFIELD LOCATION,MO,65807-5340,Proprietary  ,32,201,233,44,263,307
02599703,VATTEROTT COLLEGE - JOPLIN              ,MO,64801-5033,Proprietary  ,33,144,177,51,200,251
02599705,VATTEROTT COLLEGE - SUNSET HILLS        ,MO,63127-1516,Proprietary  ,78,206,284,107,316,423
02599712,VATTEROTT COLLEGE - O'FALLON            ,MO,63366-2748,Proprietary  ,42,124,166,64,204,268
02608000,NEOSHO BEAUTY COLLEGE                   ,MO,64850-1525,Proprietary  ,3,7,10,6,10,16
02608001,NEOSHO BEAUTY COLLEGE - CLASS ACT I COSM,MO,64801-2314,Proprietary  ,3,5,8,4,6,10
02609202,VATTEROTT COLLEGE-ST JOSEPH             ,MO,64501-2911,Proprietary  ,29,123,152,55,173,228
02609203,VATTEROTT COLLEGE - L'ECOLE CULINAIRE   ,MO,63124-1103,Proprietary  ,44,88,132,70,138,208
02611001,HERITAGE COLLEGE                        ,MO,64151-0000,Proprietary  ,58,239,297,82,283,365
03011900,LAMAR AREA VOCATIONAL-TECHNICAL SCH     ,MO,64759-1285,Public       ,1,0,1,1,0,1
03032000,EXCELSIOR SPRINGS AREA CAREER CTR       ,MO,64024-0248,Public       ,1,1,2,1,1,2
03042400,LEBANON TECHNOLOGY & CAREER CENTER      ,MO,65536-3296,Public       ,6,15,21,17,49,66
03066300,BRYAN CAREER COLLEGE                    ,MO,65806-2507,Proprietary  ,36,83,119,45,114,159
03068600,NORTH COUNTY TECH SPECIAL SCH DIST      ,MO,63033-6498,Public       ,14,124,138,23,205,228
03070200,CENTRAL COLLEGE OF COSMETOLOGY          ,MO,65583-0000,Proprietary  ,8,6,14,10,9,19
03070900,SE MO HOSP CLG NURSING & HEALTH SCI     ,MO,63703-4507,Private      ,16,50,66,62,133,195
03072800,DALLAS COUNTY CAREER CENTER             ,MO,65685-9152,Public       ,0,0,0,0,3,3
03077200,COSMETOLOGY CONCEPTS INSTITUTE          ,MO,65202-1972,Proprietary  ,4,4,8,12,8,20
03083000,OZARKS TECHNICAL COMMUNITY COLLEGE      ,MO,65802-3601,Public       ,1921,1840,3761,3247,3086,6333
03092600,MESSENGER COLLEGE                       ,MO,64804-4909,Private      ,16,16,32,27,25,52
03097600,ST LOUIS HAIR ACADEMY                   ,MO,63107-1737,Proprietary  ,6,14,20,7,20,27
03101000,NEW DIMENSION SCHOOL OF HAIR DESIGN     ,MO,64801-5017,Proprietary  ,8,14,22,11,18,29
03106000,MISSOURI STATE UNIVERSITY - WEST PLAINS ,MO,65775-2715,Public       ,257,216,473,631,480,1111
03110900,HOUSE OF HEAVILIN BEAUTY COLLEGE        ,MO,64030-1154,Proprietary  ,8,35,43,10,36,46
03166300,MOBERLY AREA TECHNICAL CENTER           ,MO,65270-1904,Public       ,11,5,16,19,8,27
03174300,HERNDON CAREER CENTER                   ,MO,64138-2695,Public       ,5,6,11,11,8,19
03519300,MISSOURI COLLEGE OF COSMETOLOGY NORTH   ,MO,65803-1235,Proprietary  ,27,48,75,56,92,148
03528300,MIDWEST UNIVERSITY                      ,MO,63385-2905,Private      ,1,1,2,1,3,4
03579300,TEXAS COUNTY TECHNICAL INSTITUTE        ,MO,65483-2700,Private      ,6,79,85,15,185,200
03616300,AVIATION INSTITUTE OF MAINTENANCE       ,MO,64129-1811,Proprietary  ,27,107,134,30,133,163
03663400,UNIVERSITY OF COSMETOLOGY               ,MO,63080-1910,Proprietary  ,3,13,16,4,14,18
03817300,ST. CHARLES SCHOOL OF MASSAGE THERAPY   ,MO,63303-5607,Proprietary  ,6,5,11,8,13,21
03878300,PROFESSIONAL MASSAGE TRAINING CENTER    ,MO,65803-2939,Proprietary  ,15,20,35,19,30,49
03916300,ECLIPS SCHOOL OF COSMETOLOGY AND BARBERI,MO,63703-5809,Proprietary  ,6,9,15,9,16,25
03924300,HAIR ACADEMY 110 (THE)                  ,MO,63501-2915,Proprietary  ,3,6,9,8,13,21
03970400,MTTI-WELLSPRING CENTER FOR NATURAL HEALT,MO,64114-3313,Proprietary  ,24,50,74,32,66,98
00163201,AQUINAS INSTITUTE OF THEOLOGY - MINISTRY,OK,73123-0380,Private      ,1,2,3,1,3,4
00314600,WESTERN OKLAHOMA STATE COLLEGE          ,OK,73521-1397,Public       ,172,276,448,321,482,803
00314700,BACONE COLLEGE                          ,OK,74403-1597,Private      ,319,236,555,489,423,912
00314900,SOUTHERN NAZARENE UNIVERSITY            ,OK,73008-2694,Private      ,411,352,763,927,588,1515
00315000,CAMERON UNIVERSITY                      ,OK,73505-6377,Public       ,613,1094,1707,1176,1999,3175
00315100,OKLAHOMA WESLEYAN UNIVERSITY            ,OK,74006-6299,Private      ,226,272,498,469,467,936
00315200,UNIV OF CENTRAL OKLAHOMA                ,OK,73034-5209,Public       ,3026,2345,5371,6050,4283,10333
00315300,CONNORS STATE COLLEGE                   ,OK,74469-9700,Public       ,330,372,702,632,765,1397
00315400,EAST CENTRAL UNIVERSITY                 ,OK,74820-6999,Public       ,789,872,1661,1731,1702,3433
00315500,EASTERN OKLAHOMA STATE COLLEGE          ,OK,74578-4999,Public       ,328,336,664,689,653,1342
00315600,REDLANDS COMMUNITY COLLEGE              ,OK,73036-5304,Public       ,229,363,592,429,640,1069
00315700,LANGSTON UNIVERSITY                     ,OK,73050-0000,Public       ,632,560,1192,1599,1295,2894
00315800,MURRAY STATE COLLEGE                    ,OK,73460-3137,Public       ,384,476,860,720,916,1636
00316000,NORTHEASTERN OKLAHOMA A & M COLLEGE     ,OK,74354-6497,Public       ,477,330,807,1007,560,1567
00316100,NORTHEASTERN STATE UNIVERSITY           ,OK,74464-2399,Public       ,1813,1883,3696,3663,4149,7812
00316200,NORTHERN OKLAHOMA COLLEGE               ,OK,74653-0310,Public       ,617,695,1312,1069,1273,2342
00316300,NORTHWESTERN OKLAHOMA STATE UNIV        ,OK,73717-2799,Public       ,338,347,685,678,606,1284
00316400,OKLAHOMA BAPTIST UNIVERSITY             ,OK,74801-2590,Private      ,383,99,482,1236,205,1441
00316500,OKLAHOMA CHRISTIAN UNIVERSITY           ,OK,73131-0000,Private      ,730,201,931,1715,340,2055
00316600,OKLAHOMA CITY UNIVERSITY                ,OK,73106-1493,Private      ,524,753,1277,1622,1693,3315
00316700,UNIV OF SCIENCE & ARTS OF OKLAHOMA      ,OK,73018-5322,Public       ,326,179,505,696,376,1072
00316800,ROGERS STATE UNIVERSITY                 ,OK,74017-3252,Public       ,602,841,1443,1287,1657,2944
00317000,OKLAHOMA STATE UNIVERSITY               ,OK,74078-1015,Public       ,4478,2401,6879,10229,4881,15110
00317200,OKLAHOMA STATE UNIVERSITY-OKMULGEE      ,OK,74447-3901,Public       ,465,342,807,965,746,1711
00317400,OKLAHOMA PANHANDLE STATE UNIVERSITY     ,OK,73939-0000,Public       ,230,131,361,505,249,754
00317600,CARL ALBERT STATE COLLEGE               ,OK,74953-5208,Public       ,425,585,1010,835,1249,2084
00317800,SEMINOLE STATE COLLEGE                  ,OK,74818-1902,Public       ,268,387,655,535,741,1276
00317900,SOUTHEASTERN OKLAHOMA STATE UNIV        ,OK,74701-0609,Public       ,806,683,1489,1648,1360,3008
00318000,SOUTHWESTERN CHRISTIAN UNIVERSITY       ,OK,73008-2335,Private      ,68,71,139,104,108,212
00318100,SOUTHWESTERN OKLAHOMA STATE UNIV        ,OK,73096-3098,Public       ,913,585,1498,2059,1247,3306
00318101,SOUTHWESTERN OK STATE UNIV AT SAYRE     ,OK,73662-0000,Public       ,52,78,130,110,186,296
00318300,ST GREGORY'S UNIVERSITY                 ,OK,74804-2499,Private      ,96,165,261,250,309,559
00318308,SAINT GREGORY'S UNIVERSITY - IPD TULSA  ,OK,74135-2499,Private      ,5,51,56,10,95,105
00318400,UNIVERSITY OF OKLAHOMA                  ,OK,73019-4078,Public       ,3865,2836,6701,10677,6239,16916
00318401,UNIVERSITY OF OKLAHOMA-HLTH SCI CTR     ,OK,73190-0000,Public       ,156,1198,1354,333,2478,2811
00318500,UNIVERSITY OF TULSA                     ,OK,74104-3189,Private      ,612,583,1195,2207,1424,3631
00398500,ORAL ROBERTS UNIVERSITY                 ,OK,74171-0001,Private      ,795,508,1303,2261,960,3221
00531100,TULSA COUNTY AREA VOC TECH SCHOOL       ,OK,74145-0000,Public       ,66,243,309,109,408,517
00531200,RED RIVER TECHNOLOGY CENTER             ,OK,73533-2700,Public       ,4,39,43,10,54,64
00533900,METRO TECHNOLOGY CENTERS SCH DIST22     ,OK,73111-0000,Public       ,50,286,336,78,509,587
00533903,METRO TECHNOLOGY CENTERS SCH DIST22     ,OK,73129-0000,Public       ,10,74,84,20,139,159
00694200,MID-AMERICA CHRISTIAN UNIVERSITY        ,OK,73170-4504,Private      ,156,204,360,258,368,626
00767800,SPARTAN COLLEGE OF AERONAUTICS AND TECHN,OK,74115-5800,Proprietary  ,320,269,589,508,358,866
00791100,VIRGILS BEAUTY COLLEGE                  ,OK,74401-6802,Proprietary  ,0,6,6,4,16,20
00834300,AUTRY TECHNOLOGY CENTER                 ,OK,73703-2598,Public       ,13,101,114,29,146,175
00861900,TRI COUNTY TECHNOLOGY CENTER            ,OK,74006-6029,Public       ,31,43,74,60,93,153
00918500,ROSE STATE COLLEGE                      ,OK,73110-2799,Public       ,748,1467,2215,1309,2723,4032
00920400,KIAMICHI AREA VOC TECH SCHOOL           ,OK,74578-0548,Public       ,77,273,350,131,528,659
00920408,KIAMICHI AREA VOC TECH SCHOOL           ,OK,74953-0000,Public       ,9,27,36,13,51,64
00961800,TULSA WELDING SCHOOL                    ,OK,74104-0000,Proprietary  ,178,238,416,244,314,558
00964700,"OKLAHOMA STATE UNIV, OKLA CITY          ",OK,73107-6159,Public       ,528,1354,1882,989,2454,3443
00970800,EVES COLLEGE OF HAIRSTYLING             ,OK,73501-4359,Proprietary  ,12,18,30,16,21,37
00976300,TULSA COMMUNITY COLLEGE                 ,OK,74135-6198,Public       ,1813,3102,4915,3094,5536,8630
00996300,CADDO KIOWA VOC TECH CENTER             ,OK,73038-0000,Public       ,11,72,83,29,185,214
00996400,CENTRAL OKLAHOMA AREA VOC TECH SCH      ,OK,74030-9613,Public       ,17,80,97,25,125,150
00996500,CANADIAN VALLEY TECHNOLOGY CENTER       ,OK,73036-9117,Public       ,14,146,160,26,217,243
00996800,GORDON COOPER TECHNOLOGY CENTER         ,OK,74804-9913,Public       ,34,131,165,51,229,280
01005300,INDIAN CAPITAL TECHNOLGY CENTER #4      ,OK,74403-9907,Public       ,51,163,214,75,317,392
01026600,HILLSDALE FREE WILL BAPTIST COLLEGE     ,OK,73153-0000,Private      ,57,27,84,108,47,155
01034200,SOUTHERN OKLAHOMA TECHNOLOGY CENTER     ,OK,73401-2100,Public       ,27,59,86,41,107,148
01039100,OKLAHOMA CITY COMMUNITY COLLEGE         ,OK,73159-4444,Public       ,1182,2010,3192,2054,3543,5597
01071700,GREAT PLAINS TECHNOLOGY CENTER SCHOOL DI,OK,73505-8399,Public       ,44,192,236,72,309,381
01076200,WESTERN OK AREA VOC TECH SCH DIST12     ,OK,73624-1469,Public       ,21,39,60,28,68,96
01120600,PIONEER TECHNOLOGY CENTER               ,OK,74601-1106,Public       ,7,41,48,13,78,91
01128200,OKLAHOMA STATE UNV CLG OSTEOPTHC MD     ,OK,74107-0000,Public       ,15,248,263,29,460,489
01153700,MID-AMERICA TECHNOLOGY CENTER           ,OK,73095-0210,Public       ,8,29,37,14,51,65
01227200,MOORE-NORMAN TECHNOLOGY CENTER          ,OK,73069-8399,Public       ,51,187,238,79,332,411
02052700,NORTHEAST TECHNOLOGY CENTER             ,OK,74361-0487,Public       ,18,103,121,31,188,219
02060800,MERIDIAN TECHNOLOGY CENTER              ,OK,74074-0000,Public       ,49,83,132,71,169,240
02126500,ENID BEAUTY COLLEGE                     ,OK,73701-0000,Proprietary  ,8,13,21,9,15,24
02177900,STATE BARBER AND HAIR DESIGN CLG        ,OK,73108-0000,Proprietary  ,7,26,33,9,34,43
02184400,SAND SPRINGS BEAUTY COLLEGE             ,OK,74063-0000,Proprietary  ,17,53,70,20,65,85
02197300,HOLLYWOOD COSMETOLOGY CENTER            ,OK,73189-0000,Proprietary  ,3,8,11,4,10,14
02222700,FRANCIS TUTTLE TECHNOLOGY CENTER        ,OK,73142-0000,Public       ,70,344,414,112,582,694
02238500,CENTRAL STATE BEAUTY ACADEMY            ,OK,73162-6007,Proprietary  ,9,52,61,12,73,85
02250900,E OK COUNTY AREA VO-TECH                ,OK,73020-0000,Public       ,9,21,30,12,30,42
02256200,"BROKEN ARROW BEAUTY COLLEGE, INC        ",OK,74012-0000,Proprietary  ,24,46,70,27,59,86
02282100,HIGH PLAINS AREA VOC-TECH               ,OK,73801-0000,Public       ,3,26,29,5,49,54
02306800,PLATT COLLEGE                           ,OK,74145-0000,Proprietary  ,90,822,912,112,1020,1132
02510300,BEAUTY TECHNICAL COLLEGE                ,OK,74465-0000,Proprietary  ,5,15,20,9,22,31
02531200,WOODWARD BEAUTY COLLEGE                 ,OK,73801-0000,Proprietary  ,2,1,3,4,5,9
02554300,AMERICAN BEAUTY INSTITUTE               ,OK,74501-0000,Proprietary  ,3,10,13,4,20,24
02556500,YUKON BEAUTY COLLEGE                    ,OK,73099-4108,Proprietary  ,6,7,13,6,7,13
02560200,PHILLIPS THEOLOGICAL SEMINARY -         ,OK,74116-5612,Private      ,0,55,55,0,76,76
02571500,CITY COLLEGE                            ,OK,73160-0000,Proprietary  ,15,175,190,18,188,206
02581100,CLAREMORE BEAUTY COLLEGE                ,OK,74017-7034,Proprietary  ,2,8,10,3,10,13
02581200,CC'S COSMETOLOGY COLLEGE                ,OK,74129-0000,Proprietary  ,12,78,90,22,119,141
02591101,CAREER POINT INSTITUTE                  ,OK,74146-0000,Proprietary  ,3,29,32,7,45,52
02597400,PONTOTOC TECHNOLOGY CENTER SCHOOL       ,OK,74820-8621,Public       ,16,61,77,28,102,130
02599706,VATTEROTT COLLEGE - TULSA               ,OK,74146-2205,Proprietary  ,6,76,82,9,89,98
02599713,VATTEROTT COLLEGE - TULSA               ,OK,74146-4406,Proprietary  ,4,2,6,4,3,7
02600000,NORTHWEST TECHNOLOG CTR SCH DIST 10     ,OK,73717-9600,Public       ,9,20,29,12,28,40
02600500,WES WATKINS TECHNOLOGY CENTER           ,OK,74883-9660,Public       ,16,50,66,29,113,142
02609205,VATTEROTT COLLEGE - OKLAHOMA CITY       ,OK,73127-2103,Proprietary  ,43,283,326,47,331,378
03008700,SOUTHWEST TECHNOLOGY CENTER             ,OK,73521-1527,Public       ,4,20,24,8,29,37
03010300,POTEAU BEAUTY COLLEGE                   ,OK,74953-5400,Proprietary  ,7,19,26,10,35,45
03024700,STILLWATER BEAUTY ACADEMY               ,OK,74075-3467,Proprietary  ,9,7,16,12,9,21
03030700,OKLAHOMA SCHOOL OF PHOTOGRAPHY          ,OK,73160-3320,Proprietary  ,6,15,21,12,23,35
03030800,AMERICAN BROADCASTING SCHOOL            ,OK,73115-3334,Proprietary  ,11,98,109,14,111,125
03051100,CHISHOLM TRAIL TECHNOLOGY CENTER        ,OK,73764-9720,Public       ,2,12,14,7,22,29
03067300,METROPOLITAN CLG OF LEGAL STUDIES       ,OK,74145-0000,Private      ,4,25,29,4,36,40
03081300,METROPOLITAN COLLEGE                    ,OK,73118-5438,Private      ,5,72,77,5,82,87
03089400,SCHOOL OF HAIR DESIGN                   ,OK,74745-3447,Proprietary  ,5,42,47,6,54,60
03103800,SOUTHERN SCHOOL OF BEAUTY               ,OK,74701-5008,Proprietary  ,10,38,48,12,40,52
03109800,PONCA CITY BEAUTY COLLEGE               ,OK,74601-4201,Proprietary  ,0,0,0,0,1,1
03109801,BARTLESVILLE BEAUTY COLLEGE             ,OK,74003-2835,Proprietary  ,1,3,4,3,4,7
03115100,HERITAGE COLLEGE                        ,OK,73119-0000,Proprietary  ,66,279,345,83,332,415
03124800,PLATT COLLEGE                           ,OK,73501-3808,Proprietary  ,20,62,82,24,94,118
03126200,GREEN COUNTRY AREA VOC TECH SCHOOL      ,OK,74447-1217,Public       ,7,24,31,17,44,61
03198400,MID-DEL AREA VOCATIONAL & TECH SCH      ,OK,73110-4825,Public       ,7,19,26,11,31,42
03329400,PRYOR BEAUTY COLLEGE                    ,OK,74361-0000,Proprietary  ,3,7,10,4,8,12
03329401,PRYOR BEAUTY COLLEGE - GROVE BEAUTY COLL,OK,74345-0009,Proprietary  ,0,6,6,0,6,6
03367400,COMMUNITY CARE COLLEGE                  ,OK,74145-6420,Proprietary  ,51,296,347,59,342,401
03396300,OKLAHOMA HEALTH ACADEMY                 ,OK,74105-6220,Proprietary  ,10,56,66,15,79,94
03396400,OKLAHOMA HEALTH ACADEMY                 ,OK,73160-3667,Proprietary  ,24,59,83,26,91,117
03453400,SHAWNEE BEAUTY COLLEGE                  ,OK,74801-7014,Proprietary  ,0,14,14,1,17,18
03676300,FAMILY OF FAITH COLLEGE                 ,OK,74802-1805,Private      ,1,1,2,4,8,12
03831300,INSTITUTE OF HAIR DESIGN                ,OK,74804-0000,Proprietary  ,1,17,18,1,17,18
03928300,CENTRAL STATE MASSAGE ACADEMY           ,OK,73162-6007,Proprietary  ,5,23,28,8,29,37
04027300,4-STATES ACADEMY OF COSMETOLOGY         ,OK,74354-0000,Proprietary  ,2,4,6,2,9,11
04062300,OKLAHOMA TECHNOLOGY INSTITUTE           ,OK,73114-6318,Proprietary  ,3,10,13,3,10,13
00163700,BETHANY THEOLOGICAL SEMINARY            ,IN,47374-0000,Private      ,0,9,9,0,15,15
00178400,ANCILLA COLLEGE-FINANCIAL AID OFFC      ,IN,46513-0001,Private      ,21,42,63,326,354,680
00178500,ANDERSON UNIVERSITY                     ,IN,46012-3495,Private      ,311,158,469,2452,635,3087
00178600,BALL STATE UNIVERSITY                   ,IN,47306-0880,Public       ,941,721,1662,15799,6313,22112
00178700,BETHEL COLLEGE INC                      ,IN,46545-5591,Private      ,74,161,235,1435,878,2313
00178800,BUTLER UNIVERSITY                       ,IN,46208-3487,Private      ,243,188,431,4744,1003,5747
00178900,CHRISTIAN THEOLOGICAL SEMINARY          ,IN,46208-0000,Private      ,1,52,53,3,153,156
00179200,DEPAUW UNIVERSITY                       ,IN,46135-0037,Private      ,185,4,189,2577,37,2614
00179300,EARLHAM COLLEGE                         ,IN,47374-4095,Private      ,239,44,283,1385,104,1489
00179301,EARLHAM SCHOOL OF RELIGION              ,IN,47374-0000,Private      ,1,30,31,15,48,63
00179500,UNIVERSITY OF EVANSVILLE                ,IN,47722-0002,Private      ,195,59,254,3399,382,3781
00179800,FRANKLIN COLLEGE OF INDIANA             ,IN,46131-2623,Private      ,59,15,74,1473,105,1578
00179900,GOSHEN COLLEGE                          ,IN,46526-4794,Private      ,106,39,145,899,203,1102
00180000,GRACE COLLEGE & THEO SEMINARY           ,IN,46590-1224,Private      ,127,50,177,1047,587,1634
00180100,HANOVER COLLEGE                         ,IN,47243-0108,Private      ,46,3,49,1368,42,1410
00180300,HUNTINGTON UNIVERSITY                   ,IN,46750-1299,Private      ,83,25,108,1075,172,1247
00180400,UNIVERSITY OF INDIANAPOLIS              ,IN,46227-3697,Private      ,165,340,505,3925,2074,5999
00180500,INDIANA INSTITUTE OF TECHNOLOGY         ,IN,46803-1297,Private      ,181,319,500,1225,1465,2690
00180700,INDIANA STATE UNIVERSITY                ,IN,47809-2501,Public       ,594,730,1324,7062,4103,11165
00180800,UNIVERSITY OF SOUTHERN INDIANA          ,IN,47712-3596,Public       ,456,364,820,7174,2168,9342
00180900,INDIANA UNIVERSITY-BLOOMINGTON          ,IN,47405-1223,Public       ,2019,1566,3585,22823,8297,31120
00181100,INDIANA UNIV-EAST                       ,IN,47374-1289,Public       ,84,230,314,864,1246,2110
00181300,INDIANA UNIV-PURDUE UNIV INDPLS         ,IN,46202-5145,Public       ,1013,2863,3876,10962,14279,25241
00181301,INDIANA UNIVERSITY - PURDUE UNIVERSITY I,IN,47203-1769,Public       ,59,181,240,783,817,1600
00181400,INDIANA UNIV KOKOMO                     ,IN,46902-3557,Public       ,91,276,367,1179,1378,2557
00181500,INDIANA UNIV-NORTHWEST                  ,IN,46408-1197,Public       ,187,514,701,1838,2672,4510
00181600,INDIANA UNIVERSITY - SOUTH BEND         ,IN,46615-0000,Public       ,288,695,983,2929,3022,5951
00181700,INDIANA UNIVERSITY-SOUTHEAST            ,IN,47150-6405,Public       ,327,604,931,2159,2108,4267
00182000,MANCHESTER COLLEGE                      ,IN,46962-1276,Private      ,55,12,67,1578,104,1682
00182100,MARIAN UNIVERSITY                       ,IN,46222-1997,Private      ,82,206,288,1258,1200,2458
00182200,INDIANA WESLEYAN UNIVERSITY             ,IN,46953-4974,Private      ,180,2102,2282,3386,6585,9971
00182300,ASSOCIATED MENNONITE BIBLICAL SEM       ,IN,46517-1999,Private      ,0,39,39,3,70,73
00182400,OAKLAND CITY UNIVERSITY                 ,IN,47660-1099,Private      ,30,166,196,651,1381,2032
00182500,PURDUE UNIVERSITY                       ,IN,47907-2050,Public       ,1918,963,2881,26463,5408,31871
00182600,PURDUE UNIV NORTH CENTRAL CAMPUS        ,IN,46391-9528,Public       ,166,269,435,1748,1720,3468
00182700,PURDUE UNIV CALUMET                     ,IN,46323-2094,Public       ,467,714,1181,3558,3477,7035
00182800,INDIANA UNIV-PURDUE UNIV FORT WAYNE     ,IN,46805-1499,Public       ,517,978,1495,5911,4765,10676
00183000,ROSE HULMAN INSTITUTE OF TECHNOLOGY     ,IN,47803-3999,Private      ,130,9,139,2684,79,2763
00183200,UNIVERSITY OF SAINT FRANCIS             ,IN,46808-3994,Private      ,77,164,241,1837,1195,3032
00183300,ST JOSEPH'S COLLEGE                     ,IN,47978-0000,Private      ,91,19,110,1133,107,1240
00183400,CALUMET COLLEGE OF SAINT JOSEPH         ,IN,46394-2195,Private      ,37,139,176,304,573,877
00183500,SAINT MARY-OF-THE-WOODS COLLEGE         ,IN,47876-0067,Private      ,25,164,189,345,828,1173
00183600,ST MARY'S COLLEGE                       ,IN,46556-5007,Private      ,94,5,99,1541,44,1585
00183800,TAYLOR UNIVERSITY                       ,IN,46989-1001,Private      ,158,13,171,2056,61,2117
00183801,TAYLOR UNIVERSITY - FORT WAYNE          ,IN,46807-0000,Private      ,57,74,131,514,311,825
00183900,TRINE UNIVERSITY                        ,IN,46703-1764,Private      ,104,76,180,1651,428,2079
00184000,UNIVERSITY OF NOTRE DAME                ,IN,46556-5602,Private      ,337,337,674,10739,2651,13390
00184200,VALPARAISO UNIVERSITY                   ,IN,46383-6493,Private      ,142,334,476,4168,1660,5828
00184300,VINCENNES UNIVERSITY                    ,IN,47591-1523,Public       ,422,430,852,4273,1949,6222
00184302,VINCENNES UNIV - FORT HARRISON CNTR     ,IN,46256-0000,Public       ,4,16,20,67,71,138
00184400,WABASH COLLEGE                          ,IN,47933-0352,Private      ,49,2,51,1104,24,1128
00224905,DAVENPORT UNIVERSITY-MERRILLVILLE       ,IN,46410-0000,Private      ,15,132,147,128,698,826
00420300,GOOD SAMARITAN HOSP RADIOGRAPHY PRG     ,IN,47591-0000,Public       ,1,0,1,3,12,15
00457900,INTERNATIONAL BUSINESS COLLEGE          ,IN,46804-0000,Proprietary  ,112,58,170,602,246,848
00457901,INTERNATIONAL BUSINESS COLLEGE          ,IN,46256-0000,Proprietary  ,53,25,78,352,94,446
00458300,BROWN MACKIE COLLEGE-SOUTH BEND         ,IN,46635-1776,Proprietary  ,76,435,511,283,1655,1938
00512730,BROWN MACKIE COLLEGE-MERRILLVILLE       ,IN,46410-0000,Proprietary  ,63,464,527,132,1146,1278
00625700,SAINT ELIZABETH SCHOOL OF NURSING       ,IN,47904-2198,Private      ,11,18,29,104,169,273
00726300,HOLY CROSS COLLEGE                      ,IN,46556-0308,Private      ,39,13,52,448,54,502
00727600,SAINT MEINRAD SCHOOL OF THEOLOGY        ,IN,47577-1002,Private      ,0,19,19,5,43,48
00732700,ITT TECHNICAL INSTITUTE                 ,IN,47630-7430,Proprietary  ,585,1073,1658,872,1409,2281
00732900,ITT TECHNICAL INSTITUTE                 ,IN,46268-1119,Proprietary  ,663,1259,1922,1118,2635,3753
00736200,MEDTECH COLLEGE                         ,IN,46250-3970,Proprietary  ,12,157,169,23,248,271
00793800,LINCOLN COLLEGE OF TECHNOLOGY           ,IN,46202-0000,Proprietary  ,475,223,698,1552,624,2176
00832900,ITT TECHNICAL INSTITUTE                 ,IN,46825-2393,Proprietary  ,515,766,1281,915,1120,2035
00842300,IVY TECH COMMUNITY COLLEGE OF INDIANA - ,IN,46601-3892,Public       ,160,724,884,1096,2754,3850
00854600,NOT FOR STUDENT USE                     ,IN,46208-4700,Public       ,228,646,874,1126,2201,3327
00854700,IVY TECH COMMUNITY COLLEGE OF INDIANA - ,IN,47802-4898,Public       ,153,619,772,1143,2373,3516
00951500,J MICHAEL HARROLD BEAUTY ACADEMY        ,IN,47807-3390,Proprietary  ,0,3,3,11,6,17
00961200,"APEX SCHOOL OF BEAUTY CULTURE, INC      ",IN,46016-0000,Proprietary  ,2,5,7,4,12,16
00961300,MERRILLVILLE BEAUTY COLLEGE             ,IN,46410-3401,Proprietary  ,5,38,43,17,61,78
00967300,RUDAE'S SCHOOL OF BEAUTY CULTURE        ,IN,46825-5444,Proprietary  ,7,30,37,29,40,69
00967301,RUDAE'S SCHOOL OF BEAUTY CULTURE - FORT ,IN,46825-5444,Proprietary  ,0,4,4,0,4,4
00977700,KAPLAN COLLEGE                          ,IN,46278-1736,Proprietary  ,70,241,311,202,480,682
00991700,IVY TECH COMMUNITY COLLEGE OF INDIANA - ,IN,46208-1763,Public       ,425,1494,1919,2648,5159,7807
00992300,IVY TECH COMMUNITY COLLEGE OF INDIANA - ,IN,47250-1881,Public       ,68,299,367,435,923,1358
00992400,IVY TECH COMMUNITY COLLEGE OF INDIANA - ,IN,47302-9448,Public       ,192,709,901,1628,3241,4869
00992500,IVY TECH COMMUNITY COLLEGE OF INDIANA - ,IN,47710-3398,Public       ,148,517,665,1065,2038,3103
00992600,IVY TECH COMMUNITY COLLEGE OF INDIANA- R,IN,46805-1489,Public       ,240,841,1081,1923,3881,5804
01003700,IVY TECH STATE COLLEGE - REGION 9       ,IN,47374-1220,Public       ,73,373,446,438,1323,1761
01003800,IVY TECH COMMUNITY COLLEGE OF INDIANA - ,IN,47203-1868,Public       ,109,353,462,637,1381,2018
01003900,IVY TECH COMMUNITY COLLEGE OF INDIANA - ,IN,47903-6299,Public       ,251,529,780,1516,2152,3668
01004000,IVY TECH COMMUNITY COLLEGE OF INDIANA - ,IN,46409-1303,Public       ,141,646,787,904,2754,3658
01004100,IVY TECH STATE COLLEGE - REGION 5       ,IN,46903-1373,Public       ,115,528,643,640,1701,2341
01010900,IVY TECH COMMUNITY COLLEGE OF INDIANA - ,IN,47172-1897,Public       ,139,408,547,637,1344,1981
01015100,VINCENNES BEAUTY COLLEGE                ,IN,47591-1297,Proprietary  ,8,12,20,21,21,42
01040900,LAFAYETTE BEAUTY ACADEMY                ,IN,47901-1149,Proprietary  ,7,13,20,18,36,54
01061800,MID-AMERICA CLG FUNERAL SERVICE         ,IN,47130-9990,Private      ,5,22,27,19,51,70
01150500,CREATIVE HAIR STYLING ACADEMY           ,IN,46322-1554,Proprietary  ,11,20,31,24,41,65
02084800,RAVENSCROFT BEAUTY COLLEGE              ,IN,46815-0000,Proprietary  ,11,32,43,30,54,84
02087600,CONCORDIA THEOLOGICAL SEMINARY          ,IN,46825-0000,Private      ,0,132,132,3,265,268
02118900,EVANSVILLE TRI STATE BEAUTY COLLEGE     ,IN,47715-0000,Proprietary  ,3,2,5,31,17,48
02140800,MARTIN UNIVERSITY                       ,IN,46218-0000,Private      ,8,169,177,82,709,791
02158400,HARRISON COLLEGE                        ,IN,46204-2611,Proprietary  ,78,359,437,298,1093,1391
02158401,HARRISON COLLEGE - COLUMBUS             ,IN,47203-1843,Proprietary  ,14,91,105,75,321,396
02158402,HARRISON COLLEGE - LAFAYETTE            ,IN,47905-4859,Proprietary  ,22,89,111,87,230,317
02158404,HARRISON COLLEGE - MARION               ,IN,46952-0000,Proprietary  ,9,30,39,38,139,177
02158405,HARRISON COLLEGE - TERRE HAUTE          ,IN,47802-0000,Proprietary  ,12,48,60,52,257,309
02158407,HARRISON COLLEGE - ANDERSON             ,IN,46013-0000,Proprietary  ,13,72,85,78,244,322
02158409,HARRISON COLLEGE - EVANSVILLE           ,IN,47715-3901,Proprietary  ,14,136,150,66,306,372
02158410,HARRISON COLLEGE - EAST                 ,IN,46239-8903,Proprietary  ,34,133,167,110,463,573
02158412,HARRISON COLLEGE - FORT WAYNE           ,IN,46825-0000,Proprietary  ,34,154,188,147,390,537
02158413,HARRISON COLLEGE - NORTHWEST            ,IN,46278-0000,Proprietary  ,18,58,76,50,196,246
02158800,DON ROBERTS BEAUTY SCHOOLS              ,IN,46383-0000,Proprietary  ,5,6,11,12,9,21
02164300,DON ROBERTS SCHOOL OF HAIR DESIGN       ,IN,46375-9999,Proprietary  ,10,24,34,16,34,50
02201800,KAPLAN COLLEGE                          ,IN,46410-0000,Proprietary  ,18,115,133,103,348,451
02201802,KAPLAN COLLEGE - HAMMOND                ,IN,46324-3347,Proprietary  ,27,159,186,147,685,832
02241700,PJ'S COLLEGE OF COSMETOLOGY             ,IN,47129-0000,Proprietary  ,6,29,35,8,49,57
02302700,J EVERETT LIGHT CAREER CENTER           ,IN,46240-0000,Public       ,8,48,56,24,149,173
02304800,PJ'S COLLEGE OF COSMETOLOGY             ,IN,47374-0000,Proprietary  ,5,31,36,12,40,52
02308900,MASTER'S OF COSMETOLOGY COLLEGE         ,IN,46809-0000,Proprietary  ,6,17,23,41,43,84
02339600,ROGER'S ACADEMY OF HAIR DESIGN          ,IN,47712-0000,Proprietary  ,7,32,39,20,41,61
02345200,EMPIRE BEAUTY SCHOOL                    ,IN,46237-0000,Proprietary  ,10,35,45,44,78,122
02347600,BALL MEMORIAL HOSPITAL SCH RAD TECH     ,IN,47303-0000,Private      ,2,5,7,27,31,58
02351300,KNOX BEAUTY COLLEGE                     ,IN,46534-0000,Proprietary  ,2,4,6,6,12,18
02490500,HAIR FASHIONS BY KAYE BEAUTY CLG        ,IN,46250-0000,Proprietary  ,1,9,10,18,38,56
02490800,HAIR FASHIONS BY KAYE BEAUTY CLG        ,IN,46060-0000,Proprietary  ,21,108,129,29,127,156
02607000,HAIR ARTS ACADEMY                       ,IN,47404-3581,Proprietary  ,8,9,17,19,24,43
02615800,COLLEGE OF COURT REPORTING              ,IN,46342-5969,Proprietary  ,4,93,97,10,144,154
03009700,HARRISON COLLEGE                        ,IN,47303-6413,Proprietary  ,27,99,126,94,309,403
03084601,THE ART INSTITUTE OF INDIANAPOLIS       ,IN,46268-1170,Proprietary  ,67,65,132,199,169,368
03100600,MARION COMM TUCKER AREA VOC SCHOOL      ,IN,46952-3831,Public       ,6,23,29,49,117,166
03176300,AMERICAN TRANS AIR AVIATION ACADEMY     ,IN,46241-1445,Proprietary  ,14,64,78,26,149,175
03262300,DAVID DEMUTH INSTITUTE OF COSM          ,IN,47374-4101,Proprietary  ,2,19,21,6,28,34
03456700,CROSSROADS BIBLE COLLEGE                ,IN,46219-4912,Private      ,9,23,32,55,166,221
03521300,IVY TECH COMMUNITY COLLEGE OF INDIANA - ,IN,47404-9772,Public       ,197,483,680,1349,1976,3325
03538300,ALEXANDRIA SCH OF SCIENTIFIC THERAP     ,IN,46001-0287,Proprietary  ,5,26,31,26,48,74
00190100,ALLEN COUNTY COMMUNITY COLLEGE          ,KS,66749-1607,Public       ,223,266,489,522,423,945
00190200,COWLEY COUNTY COMMUNITY COLLEGE & AREA V,KS,67005-2662,Public       ,544,725,1269,1051,1246,2297
00190300,BAKER UNIVERSITY                        ,KS,66006-0065,Private      ,216,693,909,1260,1202,2462
00190400,BETHANY COLLEGE                         ,KS,67456-1897,Private      ,156,16,172,818,59,877
00190500,BETHEL COLLEGE                          ,KS,67117-0531,Private      ,102,48,150,469,125,594
00190600,BUTLER COUNTY COMMUNITY COLLEGE         ,KS,67042-3280,Public       ,935,1210,2145,2000,2198,4198
00190700,CENTRAL BAPTIST THEOLOGY SEMINARY       ,KS,66226-3513,Private      ,2,11,13,2,25,27
00190800,CENTRAL CHRISTIAN COLLEGE OF KANSAS     ,KS,67460-5799,Private      ,156,33,189,423,69,492
00190900,CLOUD COUNTY COMMUNITY COLLEGE          ,KS,66901-1002,Public       ,173,209,382,534,423,957
00191000,COFFEYVILLE COMMUNITY COLLEGE           ,KS,67337-5064,Public       ,281,76,357,570,129,699
00191008,COFFEYVILLE COMM COL/AREA VOC TECH CAMP ,KS,67337-5064,Public       ,3,1,4,17,1,18
00191100,COLBY COMMUNITY COLLEGE                 ,KS,67701-4099,Public       ,186,124,310,461,217,678
00191300,DODGE CITY COMMUNITY COLLEGE            ,KS,67801-2399,Public       ,193,106,299,411,177,588
00191400,DONNELLY COLLEGE                        ,KS,66102-4298,Private      ,56,93,149,119,156,275
00191500,FORT HAYS STATE UNIVERSITY              ,KS,67601-4099,Public       ,872,800,1672,3047,1833,4880
00191600,FORT SCOTT COMMUNITY COLLEGE            ,KS,66701-3199,Public       ,342,271,613,742,435,1177
00191700,BARCLAY COLLEGE                         ,KS,67059-0288,Private      ,25,10,35,64,18,82
00191800,FRIENDS UNIVERSITY                      ,KS,67213-3397,Private      ,280,887,1167,1090,1660,2750
00191900,GARDEN CITY COMMUNITY COLLEGE           ,KS,67846-6398,Public       ,248,167,415,525,292,817
00192000,HESSTON COLLEGE                         ,KS,67062-2093,Private      ,127,43,170,369,141,510
00192100,HIGHLAND COMMUNITY COLLEGE              ,KS,66035-4062,Public       ,330,189,519,734,387,1121
00192114,HIGHLAND COMMUNITY COLLEGE - NOTHEAST KA,KS,66002-1513,Public       ,25,39,64,57,73,130
00192300,HUTCHINSON COMMUNITY COLLEGE            ,KS,67501-5894,Public       ,513,472,985,1332,928,2260
00192400,INDEPENDENCE COMMUNITY COLLEGE          ,KS,67301-0000,Public       ,120,67,187,245,116,361
00192500,KANSAS CITY KANSAS COMMUNITY CLG        ,KS,66112-9978,Public       ,355,774,1129,698,1467,2165
00192502,"KANSAS CITY KS AREA TECH SCHOOL, KS     ",KS,66104-0000,Public       ,36,112,148,64,187,251
00192600,PITTSBURG STATE UNIVERSITY              ,KS,66762-7500,Public       ,1122,664,1786,3298,1557,4855
00192700,EMPORIA STATE UNIVERSITY                ,KS,66801-5087,Public       ,1029,832,1861,2916,1718,4634
00192800,KANSAS STATE UNIVERSITY                 ,KS,66506-1104,Public       ,2855,1272,4127,12288,3913,16201
00192900,KANSAS WESLEYAN UNIVERSITY              ,KS,67401-6196,Private      ,183,72,255,948,304,1252
00193000,LABETTE COMMUNITY COLLEGE               ,KS,67357-4299,Public       ,131,188,319,304,317,621
00193100,MANHATTAN CHRISTIAN COLLEGE             ,KS,66502-4081,Private      ,120,50,170,319,80,399
00193300,MCPHERSON COLLEGE                       ,KS,67460-3899,Private      ,136,42,178,670,136,806
00193600,NEOSHO COUNTY COMMUNITY COLLEGE         ,KS,66720-2699,Public       ,181,214,395,349,341,690
00193700,OTTAWA UNIVERSITY                       ,KS,66067-3399,Private      ,124,683,807,510,1102,1612
00193800,PRATT COMMUNITY COLLEGE                 ,KS,67124-8432,Public       ,185,105,290,417,188,605
00193900,NEWMAN UNIVERSITY                       ,KS,67213-2084,Private      ,229,345,574,800,833,1633
00194000,SOUTHWESTERN COLLEGE                    ,KS,67156-2499,Private      ,211,259,470,626,549,1175
00194300,UNIVERSITY OF ST MARY                   ,KS,66048-5023,Private      ,152,115,267,429,288,717
00194500,STERLING COLLEGE                        ,KS,67579-1533,Private      ,200,23,223,717,42,759
00194600,TABOR COLLEGE                           ,KS,67063-1799,Private      ,107,49,156,492,98,590
00194800,UNIVERSITY OF KANSAS                    ,KS,66045-7535,Public       ,3149,1783,4932,12401,5469,17870
00194802,UNIVERSITY OF KANSAS MED CENTER         ,KS,66160-0000,Public       ,59,334,393,213,1450,1663
00194900,WASHBURN UNIVERSITY                     ,KS,66621-1110,Public       ,613,1007,1620,2805,3073,5878
00195000,WICHITA STATE UNIVERSITY                ,KS,67208-0001,Public       ,1684,2043,3727,4643,4556,9199
00460800,BARTON COUNTY COMMUNITY COLLEGE         ,KS,67530-9283,Public       ,228,334,562,536,644,1180
00526400,FLINT HILLS TECHNICAL COLLEGE           ,KS,66801-5999,Public       ,55,90,145,100,150,250
00526500,NORTH CENTRAL KANSAS TECH COLG          ,KS,67420-0000,Public       ,104,62,166,239,111,350
00526700,NORTHWEST KANSAS TECHNICAL SCHOOL       ,KS,67735-3441,Public       ,78,43,121,177,64,241
00549800,WICHITA AREA TECHNICAL COLLEGE          ,KS,67211-2099,Public       ,123,289,412,182,473,655
00549900,SALINA AREA TECHNICAL COLLEGE           ,KS,67401-8195,Public       ,50,32,82,116,62,178
00550000,MANHATTAN AREA TECHNICAL COLLEGE        ,KS,66503-2499,Public       ,71,100,171,193,181,374
00675500,BROWN MACKIE COLLEGE (THE)              ,KS,67401-7307,Proprietary  ,98,352,450,135,521,656
00703200,MID AMERICA NAZARENE UNIVERSITY         ,KS,66062-1899,Private      ,129,236,365,947,590,1537
00817200,SOUTHWEST KANSAS TECHNICAL SCHOOL       ,KS,67905-2013,Public       ,28,14,42,47,23,70
00822800,SEWARD CO COMM CO/AREA TECHNICAL SCHOOL ,KS,67905-0000,Public       ,117,117,234,250,223,473
00824400,JOHNSON COUNTY COMMUNITY COLLEGE        ,KS,66210-1299,Public       ,1304,1599,2903,3078,3224,6302
00833200,B-STREET DESIGN SCHOOL OF INTERNATIONAL ,KS,66502-6082,Proprietary  ,6,15,21,13,27,40
00868200,ACADEMY OF HAIR DESIGN                  ,KS,67401-2803,Proprietary  ,8,28,36,21,40,61
01025600,BENEDICTINE COLLEGE                     ,KS,66002-1499,Private      ,267,42,309,1237,116,1353
01043800,HASKELL INDIAN NATIONS UNIVERSITY       ,KS,66046-4800,Public       ,320,225,545,582,381,963
01050300,WICHITA TECHNICAL INSTITUTE             ,KS,67213-1927,Proprietary  ,69,457,526,105,707,812
01068900,KAW AREA TECHNICAL SCHOOL               ,KS,66604-2199,Public       ,64,116,180,115,198,313
02090700,CLEVELAND CHIROPRACTIC COLLEGE          ,KS,66210-1613,Private      ,16,138,154,41,386,427
02134800,OLD TOWN BARBER AND BEAUTY COLLEGE      ,KS,67211-0000,Proprietary  ,9,40,49,10,51,61
02196400,CAPITOL CITY HAIR DESIGN COLLEGE        ,KS,66102-0000,Proprietary  ,9,43,52,14,45,59
02204900,AMERICAN ACADEMY OF HAIR DESIGN         ,KS,66611-0000,Proprietary  ,13,13,26,25,26,51
02257700,HAYS ACADEMY OF HAIR DESIGN             ,KS,67601-0000,Proprietary  ,12,7,19,23,13,36
02303500,AMERICAN INSTITUTE OF BAKING            ,KS,66502-0000,Private      ,1,2,3,4,5,9
02340700,LABARON HAIRDRESSING ACADEMY            ,KS,66204-0000,Proprietary  ,7,14,21,12,20,32
02590900,WRIGHT CAREER COLLEGE                   ,KS,66212-0000,Private      ,79,536,615,87,635,722
02599709,VATTEROTT COLLEGE - WICHITA             ,KS,67226-1304,Proprietary  ,17,133,150,30,177,207
02603100,XENON INTERNATIONAL ACADEMY             ,KS,67203-5428,Proprietary  ,35,35,70,58,46,104
02606300,PAUL MITCHELL THE SCHOOL WICHITA        ,KS,67226-2803,Proprietary  ,6,28,34,10,47,57
02613000,PINNACLE CAREER INSTITUTE               ,KS,66046-2703,Proprietary  ,26,67,93,39,126,165
03031300,XENON INTERNATIONAL ACADEMY IV          ,KS,66061-3765,Proprietary  ,9,33,42,14,42,56
03066200,BRYAN COLLEGE                           ,KS,66604-2496,Proprietary  ,18,132,150,27,212,239
03450300,B-STREET DESIGN SCHOOL OF INTERNATIONAL ,KS,66611-2373,Proprietary  ,6,16,22,9,18,27
03450301,B-STREET DESIGN SCHOOL OF INTERNATIONAL ,KS,67207-5148,Proprietary  ,7,26,33,7,31,38
03450302,B-STREET DESIGN SCHOOL OF INTERNATIONAL ,KS,66212-5451,Proprietary  ,4,10,14,10,14,24
03529300,SIDNEY'S HAIRDRESSING COLLEGE           ,KS,67501-7094,Proprietary  ,5,10,15,14,19,33
03862300,BMSI INSTITUTE                          ,KS,66212-3388,Proprietary  ,2,4,6,3,7,10
00203300,UNIVERSITY OF MAINE-PRESQUE ISLE        ,ME,04769-2888,Public       ,194,134,328,648,352,1000
00203500,BANGOR THEOLOGICAL SEMINARY             ,ME,04402-0411,Private      ,1,38,39,2,70,72
00203600,BATES COLLEGE                           ,ME,04240-6028,Private      ,282,10,292,2129,28,2157
00203800,BOWDOIN COLLEGE                         ,ME,04011-8451,Private      ,331,12,343,2625,33,2658
00203900,COLBY COLLEGE                           ,ME,04901-8841,Private      ,155,6,161,2155,25,2180
00204000,UNIVERSITY OF MAINE-FARMINGTON          ,ME,04938-1990,Public       ,309,98,407,2554,376,2930
00204100,UNIVERSITY OF MAINE-FORT KENT           ,ME,04743-1292,Public       ,94,69,163,389,200,589
00204300,HUSSON UNIVERSITY                       ,ME,04401-2999,Private      ,450,230,680,1600,566,2166
00204400,MAINE MARITIME ACADEMY                  ,ME,04420-0001,Public       ,213,37,250,822,110,932
00205000,UNIVERSITY OF NEW ENGLAND               ,ME,04005-9599,Private      ,466,551,1017,2579,1563,4142
00205100,SAINT JOSEPH'S COLLEGE                  ,ME,04084-5263,Private      ,158,194,352,1311,385,1696
00205200,THOMAS COLLEGE                          ,ME,04901-5097,Private      ,175,47,222,724,119,843
00205300,UNIVERSITY OF MAINE                     ,ME,04469-0001,Public       ,944,560,1504,8718,2399,11117
00205400,UNIVERSITY OF SOUTHERN MAINE            ,ME,04104-0000,Public       ,925,881,1806,5040,3589,8629
00205500,UNIVERSITY OF MAINE-MACHIAS             ,ME,04654-1397,Public       ,101,64,165,442,172,614
00520400,BEAL COLLEGE                            ,ME,04401-6896,Proprietary  ,59,181,240,142,338,480
00527600,CENTRAL MAINE COMMUNITY COLLEGE         ,ME,04210-6498,Public       ,321,307,628,757,650,1407
00527700,EASTERN MAINE COMMUNITY COLLEGE         ,ME,04401-4280,Public       ,325,253,578,927,600,1527
00552500,SOUTHERN MAINE COMMUNITY  COLLEGE       ,ME,04106-1698,Public       ,612,562,1174,1679,1352,3031
00576000,NORTHERN MAINE COMMUNITY COLLEGE        ,ME,04769-2016,Public       ,175,154,329,365,293,658
00577600,MERCY HOSP SCH OF RADIOLOGIC TECH       ,ME,04101-3795,Private      ,1,7,8,8,12,20
00630501,CENTRAL MAINE MEDICAL CENTER - COLLEGE O,ME,04240-4500,Private      ,11,59,70,31,129,160
00676000,UNIVERSITY OF MAINE-AUGUSTA             ,ME,04330-9410,Public       ,381,1024,1405,1211,3358,4569
00685800,UNITY COLLEGE                           ,ME,04988-9502,Private      ,164,29,193,585,82,667
00903800,MR BERNARD'S SCH HAIR FASHION INC       ,ME,04243-1163,Proprietary  ,7,25,32,13,28,41
00923100,WASHINGTON COUNTY COMMUNITY COLLEGE     ,ME,04619-9704,Public       ,70,53,123,182,127,309
00929200,ANDOVER COLLEGE                         ,ME,04106-2415,Proprietary  ,56,203,259,90,335,425
00929201,ANDOVER COLLEGE -                       ,ME,04240-0000,Proprietary  ,41,187,228,66,335,401
00945900,EMPIRE BEAUTY SCHOOL                    ,ME,04101-3348,Proprietary  ,103,103,206,165,211,376
00982600,KENNEBEC VALLEY  COMMUNITY  COLLEGE     ,ME,04937-1367,Public       ,191,366,557,399,802,1201
01138500,COLLEGE OF THE ATLANTIC                 ,ME,04609-1105,Private      ,24,9,33,358,53,411
01167300,MAINE COLLEGE OF ART                    ,ME,04101-3987,Private      ,109,54,163,554,169,723
02104400,SPA TECH INSTITUTE                      ,ME,04102-0000,Proprietary  ,37,82,119,54,127,181
02347100,NEW ENGLAND SCHOOL OF COMMUNICATIONS    ,ME,04401-0000,Private      ,123,25,148,345,61,406
02361300,LANDING SCHOOL OF BOATBUILDING & DESIGN ,ME,04046-1490,Private      ,8,16,24,16,32,48
03122900,YORK COUNTY COMMUNITY COLLEGE           ,ME,04090-0529,Public       ,103,89,192,225,210,435
03429300,SEACOAST CAREER SCHOOLS                 ,ME,04073-0000,Proprietary  ,26,146,172,36,180,216
03612300,BIRTHWISE MIDWIFERY SCHOOL              ,ME,04009-1110,Proprietary  ,5,12,17,10,27,37
03990300,FULLER CIRCLES SCHOOL FOR MASSAGE THERAP,ME,04963-5230,Proprietary  ,1,3,4,1,3,4
00209300,ST JOHN'S COLLEGE                       ,NM,87505-4599,Private      ,33,52,85,490,172,662
00264900,COLLEGE OF SANTA FE                     ,NM,87505-7634,Private      ,151,263,414,606,507,1113
00265000,UNIVERSITY OF THE SOUTHWEST             ,NM,88240-9129,Private      ,130,104,234,249,181,430
00265100,EASTERN NEW MEXICO UNIV PORTALES        ,NM,88130-6000,Public       ,755,710,1465,1838,1304,3142
00265101,EASTERN NEW MEXICO UNIV-ROSWELL CAM     ,NM,88202-0000,Public       ,311,462,773,559,766,1325
00265300,NEW MEXICO HIGHLANDS UNIVERSITY         ,NM,87701-4436,Public       ,387,703,1090,920,1285,2205
00265400,NEW MEXICO INST OF MINING & TECH        ,NM,87801-4796,Public       ,349,112,461,786,195,981
00265500,NEW MEXICO JUNIOR COLLEGE               ,NM,88240-9123,Public       ,247,290,537,418,389,807
00265600,NEW MEXICO MILITARY INSTITUTE           ,NM,88201-5173,Public       ,116,2,118,211,5,216
00265700,NEW MEXICO STATE UNIVERSITY             ,NM,88003-8001,Public       ,2459,2066,4525,7126,4704,11830
00265701,NEW MEXICO STATE UNIV-ALAMOGORDO        ,NM,88311-0000,Public       ,119,261,380,215,465,680
00265702,NEW MEXICO STATE UNIV.-DONA ANA CLG     ,NM,88003-0000,Public       ,515,703,1218,1048,1537,2585
00265703,NEW MEXICO STATE UNIV-CARLSBAD          ,NM,88220-0000,Public       ,81,216,297,159,351,510
00265704,NEW MEXICO STATE UNIV-GRANTS            ,NM,87020-0000,Public       ,45,102,147,78,159,237
00266000,SAN JUAN COLLEGE                        ,NM,87402-4699,Public       ,391,802,1193,691,1243,1934
00266300,THE UNIVERSITY OF NEW MEXICO            ,NM,87131-0001,Public       ,3030,3534,6564,8091,8683,16774
00266301,UNIV OF NEW MEXICO - GALLUP BRANCH      ,NM,87301-5697,Public       ,262,511,773,434,858,1292
00266302,UNIV OF NEW MEXICO - VALENCIA BRANCH    ,NM,87031-0000,Public       ,111,199,310,261,460,721
00266303,UNIV OF NEW MEXICO - LOS ALAMOS         ,NM,87544-0000,Public       ,32,51,83,89,88,177
00266400,WESTERN NEW MEXICO UNIVERSITY           ,NM,88061-5417,Public       ,268,531,799,567,895,1462
00405701,NATIONAL AMERICAN UNIVERSITY            ,NM,87110-0000,Proprietary  ,11,155,166,20,219,239
00474200,CENTRAL NEW MEXICO COMMUNITY COLLEGE    ,NM,87106-4096,Public       ,1423,2957,4380,2321,5303,7624
00474300,CLOVIS COMMUNITY COLLEGE                ,NM,88101-8381,Public       ,149,443,592,245,629,874
00996200,LUNA COMMUNITY COLLEGE                  ,NM,87701-0000,Public       ,93,173,266,168,270,438
01063200,DEWOLFF CLG HAIRSTYLING/COSMETOLOGY     ,NM,87112-4113,Proprietary  ,9,19,28,15,26,41
01300500,OLYMPIAN UNIVERSITY OF COSMETOLOGY      ,NM,88310-5051,Proprietary  ,129,333,462,144,384,528
02083900,NORTHERN NEW MEXICO COLLEGE             ,NM,87530-0000,Public       ,142,309,451,266,498,764
02146400,INSTITUTE OF AMERICAN INDIAN ARTS       ,NM,87508-0000,Public       ,70,65,135,108,107,215
02278100,SANTA FE COMMUNITY COLLEGE              ,NM,87507-0000,Public       ,180,404,584,271,616,887
02357600,CROWNPOINT INSTITUTE OF TECHNOLOGY      ,NM,87313-0000,Public       ,69,137,206,85,167,252
02491501,THE ART CENTER DESIGN COLLEGE- ALBQ     ,NM,87110-0000,Proprietary  ,35,28,63,61,52,113
02496900,ALBUQUERQUE BARBER COLLEGE              ,NM,87108-1859,Proprietary  ,0,3,3,5,8,13
02511000,SOUTHWESTERN INDIAN POLYTECH INST       ,NM,87184-0000,Public       ,86,102,188,136,147,283
02532900,BUSINESS SKILLS INSTITUTE               ,NM,88001-0000,Proprietary  ,8,47,55,12,48,60
02622000,SOUTHWEST ACUPUNCTURE COLLEGE           ,NM,87505-0000,Proprietary  ,0,194,194,0,264,264
03076100,SOUTHWESTERN COLLEGE                    ,NM,87507-0000,Private      ,2,80,82,4,118,122
03099300,METROPOLITAIN CLG COURT REPORTING       ,NM,87110-4129,Private      ,3,45,48,8,54,62
03128200,KAPLAN CAREER INSTITUTE                 ,NM,87109-2072,Proprietary  ,24,88,112,38,138,176
03206300,MESALANDS COMMUNITY COLLEGE             ,NM,88401-3352,Public       ,31,64,95,72,108,180
03430300,UNIVERSAL THERAPEUTIC MASSAGE INSTITUTE ,NM,87107-4403,Proprietary  ,11,15,26,15,23,38
03678300,PIMA MEDICAL INSTITUTE                  ,NM,87110-4127,Proprietary  ,8,12,20,9,15,24
03944300,MASSAGE THERAPY TRAINING INSTITUTE      ,NM,88007-0000,Proprietary  ,12,15,27,16,27,43
00223400,ADRIAN COLLEGE                          ,MI,49221-2575,Private      ,370,60,430,1687,135,1822
00223500,ALBION COLLEGE                          ,MI,49224-1831,Private      ,277,51,328,2190,93,2283
00223600,ALMA COLLEGE                            ,MI,48801-1599,Private      ,213,30,243,1718,69,1787
00223700,ALPENA COMMUNITY COLLEGE                ,MI,49707-1495,Public       ,223,272,495,600,479,1079
00223800,ANDREWS UNIVERSITY                      ,MI,49104-0750,Private      ,414,370,784,1127,855,1982
00223900,AQUINAS COLLEGE                         ,MI,49506-1799,Private      ,343,210,553,1787,465,2252
00224000,BAY DE NOC COMMUNITY COLLEGE            ,MI,49829-2524,Public       ,236,306,542,714,612,1326
00224100,CALVIN COLLEGE                          ,MI,49546-4388,Private      ,468,79,547,3656,222,3878
00224200,CALVIN THEOLOGICAL SEMINARY             ,MI,49546-4387,Private      ,1,15,16,6,147,153
00224300,CENTRAL MICHIGAN UNIVERSITY             ,MI,48859-0001,Public       ,3060,2338,5398,15781,5441,21222
00224600,CLEARY UNIVERSITY                       ,MI,48105-2659,Private      ,33,189,222,81,349,430
00224700,CONCORDIA UNIVERSITY-ANN ARBOR          ,MI,48105-2797,Private      ,152,115,267,588,196,784
00224800,CRANBROOK ACADEMY OF ART                ,MI,48303-0000,Private      ,1,30,31,10,225,235
00224900,DAVENPORT UNIVERSITY                    ,MI,49503-0000,Private      ,709,3428,4137,2055,9061,11116
00225100,DELTA COLLEGE                           ,MI,48710-0001,Public       ,1095,1532,2627,3277,3129,6406
00225400,MICHIGAN STATE UNIVERSITY COLLEGE OF LAW,MI,48824-1300,Private      ,53,396,449,260,1458,1718
00225900,EASTERN MICHIGAN UNIVERSITY             ,MI,48197-2214,Public       ,2788,2787,5575,10560,6456,17016
00226000,FERRIS STATE UNIVERSITY                 ,MI,49307-2251,Public       ,1652,1152,2804,9396,3829,13225
00226100,CHARLES STEWART MOTT COMMUNITY CLG      ,MI,48503-2089,Public       ,892,1954,2846,1901,3435,5336
00226200,KETTERING UNIVERSITY                    ,MI,48504-4898,Private      ,370,84,454,2119,206,2325
00226300,GLEN OAKS COMMUNITY COLLEGE             ,MI,49032-9784,Public       ,84,219,303,286,399,685
00226400,GOGEBIC COMMUNITY COLLEGE               ,MI,49938-1365,Public       ,113,116,229,338,240,578
00226500,GRACE BIBLE COLLEGE                     ,MI,49509-1998,Private      ,38,14,52,191,41,232
00226600,CORNERSTONE UNIVERSITY                  ,MI,49525-5897,Private      ,334,455,789,1500,931,2431
00226700,GRAND RAPIDS COMMUNITY COLLEGE          ,MI,49503-3295,Public       ,1646,1906,3552,5322,4089,9411
00226800,GRAND VALLEY STATE UNIVERSITY           ,MI,49401-9403,Public       ,2365,1588,3953,17159,5415,22574
00226900,GREAT LAKES CHRISTIAN COLLEGE           ,MI,48917-1299,Private      ,60,52,112,143,82,225
00227000,HENRY FORD COMMUNITY COLLEGE            ,MI,48128-1495,Public       ,1726,2715,4441,3713,5388,9101
00227300,HOPE COLLEGE                            ,MI,49423-3607,Private      ,363,27,390,3496,112,3608
00227400,JACKSON COMMUNITY COLLEGE               ,MI,49201-8399,Public       ,482,943,1425,1395,1981,3376
00227500,KALAMAZOO COLLEGE                       ,MI,49006-3295,Private      ,151,16,167,1445,47,1492
00227600,KELLOGG COMMUNITY COLLEGE               ,MI,49017-3397,Public       ,439,1066,1505,1233,2017,3250
00227700,LAKE MICHIGAN COLLEGE                   ,MI,49022-1899,Public       ,218,471,689,906,1122,2028
00227800,LANSING COMMUNITY COLLEGE               ,MI,48933-1293,Public       ,1603,2851,4454,3930,4636,8566
00227900,LAWRENCE TECHNOLOGICAL UNIVERSITY       ,MI,48075-1058,Private      ,336,348,684,1492,789,2281
00228200,MADONNA UNIVERSITY                      ,MI,48150-1173,Private      ,275,741,1016,933,1656,2589
00228400,MARYGROVE COLLEGE                       ,MI,48221-2599,Private      ,133,820,953,385,1831,2216
00228800,ROCHESTER COLLEGE                       ,MI,48307-2764,Private      ,192,175,367,494,424,918
00229000,MICHIGAN STATE UNIVERSITY               ,MI,48824-1113,Public       ,5440,2955,8395,26784,8010,34794
00229200,MICHIGAN TECHNOLOGICAL UNIV             ,MI,49931-1295,Public       ,812,220,1032,4748,656,5404
00229300,LAKE SUPERIOR STATE UNIVERSITY          ,MI,49783-1691,Public       ,311,186,497,1859,608,2467
00229400,MONROE COUNTY COMMUNITY CLG             ,MI,48161-9746,Public       ,248,377,625,694,692,1386
00229500,MONTCALM COMMUNITY COLLEGE              ,MI,48885-9723,Public       ,158,609,767,529,1092,1621
00229700,MUSKEGON COMMUNITY COLLEGE              ,MI,49442-1432,Public       ,437,544,981,1629,1470,3099
00229900,NORTH CENTRAL MICHIGAN COLLEGE          ,MI,49770-8740,Public       ,216,410,626,553,720,1273
00230100,NORTHERN MICHIGAN UNIVERSITY            ,MI,49855-5316,Public       ,1246,657,1903,6033,1878,7911
00230200,NORTHWESTERN MICHIGAN COLLEGE           ,MI,49686-3061,Public       ,503,713,1216,1622,1368,2990
00230300,OAKLAND COMMUNITY COLLEGE               ,MI,48304-2266,Public       ,43,81,124,149,191,340
00230301,OAKLAND COMMUNITY COLLEGE - ORCHARD RIDG,MI,48334-4579,Public       ,310,504,814,776,1064,1840
00230302,OAKLAND COMMUNITY COLLEGE - ROYAL OAK CA,MI,48067-3898,Public       ,474,1024,1498,1142,2255,3397
00230304,OAKLAND COMMUNITY COLLEGE - AUBURN HILLS,MI,48323-2845,Public       ,407,704,1111,1106,1413,2519
00230305,OAKLAND COMMUNITY COLLEGE - HIGHLAND LAK,MI,48327-4187,Public       ,201,424,625,558,911,1469
00230700,OAKLAND UNIVERSITY                      ,MI,48309-4401,Public       ,1817,1751,3568,7245,4048,11293
00230800,OLIVET COLLEGE                          ,MI,49076-9902,Private      ,343,97,440,1076,191,1267
00231000,ST. CLAIR COUNTY COMMUNITY COLLEGE      ,MI,48061-0000,Public       ,364,655,1019,1017,1215,2232
00231100,KUYPER COLLEGE                          ,MI,49525-9749,Private      ,30,31,61,194,81,275
00231300,SACRED HEART MAJOR SEMINARY             ,MI,48206-1799,Private      ,4,56,60,16,112,128
00231400,SAGINAW VALLEY STATE UNIV               ,MI,48710-0001,Public       ,1227,1103,2330,5705,2429,8134
00231500,SCHOOLCRAFT COLLEGE                     ,MI,48152-2696,Public       ,815,1418,2233,2106,2733,4839
00231600,SIENA HEIGHTS UNIVERSITY                ,MI,49221-1796,Private      ,275,356,631,890,765,1655
00231700,SOUTHWESTERN MICHIGAN COLLEGE           ,MI,49047-9793,Public       ,162,319,481,567,700,1267
00231800,SPRING ARBOR UNIVERSITY                 ,MI,49283-9984,Private      ,348,1103,1451,1729,2024,3753
00232200,FINLANDIA UNIVERSITY                    ,MI,49930-1882,Private      ,87,60,147,482,242,724
00232300,UNIVERSITY OF DETROIT MERCY             ,MI,48221-3038,Private      ,545,978,1523,2304,2387,4691
00232301,UNIVERSITY OF DETROIT MERCY- DENTAL SCH ,MI,48219-3580,Private      ,16,128,144,75,452,527
00232303,UNIV OF DETROIT MERCY - LAW SCHOOL      ,MI,48226-0000,Private      ,6,230,236,16,898,914
00232500,UNIVERSITY OF MICHIGAN - ANN ARBOR      ,MI,48109-1316,Public       ,1822,1771,3593,21420,8135,29555
00232501,UNIVERSITY OF MICHIGAN-MEDICAL SCH      ,MI,48109-0000,Public       ,22,137,159,74,990,1064
00232503,UNIVERSITY OF MICHIGAN LAW SCHOOL       ,MI,48109-0000,Public       ,1,457,458,21,2407,2428
00232600,UNIVERSITY OF MICHIGAN-DEARBORN         ,MI,48128-2406,Public       ,756,1047,1803,3054,2456,5510
00232700,UNIVERSITY OF MICHIGAN-FLINT            ,MI,48502-1950,Public       ,693,1362,2055,2050,2800,4850
00232800,WASHTENAW COMMUNITY COLLEGE             ,MI,48106-0000,Public       ,679,1373,2052,1667,2658,4325
00232900,WAYNE STATE UNIVERSITY                  ,MI,48202-0000,Public       ,2711,4197,6908,10827,11801,22628
00232901,WAYNE STATE UNIV SCH OF MEDICINE        ,MI,48201-3359,Public       ,32,554,586,148,1359,1507
00232902,WAYNE STATE UNIVERSITY - LAW SCHOOL     ,MI,48202-3424,Public       ,15,252,267,58,1003,1061
00233000,WESTERN MICHIGAN UNIVERSITY             ,MI,49008-3899,Public       ,3125,2065,5190,14206,5223,19429
00233100,WESTERN THEOLOGICAL SEMINARY            ,MI,49423-0000,Private      ,1,30,31,1,84,85
00407100,WALSH COLLEGE OF ACCT & BUS ADMN        ,MI,48007-7006,Private      ,48,480,528,126,973,1099
00407200,NORTHWOOD UNIVERSITY                    ,MI,48640-2398,Private      ,477,443,920,1927,955,2882
00467300,BAKER COLLEGE - FLINT                   ,MI,48507-5508,Private      ,773,2064,2837,1448,3274,4722
00467301,BAKER COLLEGE OF CADILLAC               ,MI,49601-0000,Private      ,153,537,690,299,936,1235
00467302,BAKER COLLEGE OF CLINTON TOWNSHIP       ,MI,48035-0000,Private      ,616,1184,1800,1480,2834,4314
00467303,BAKER COLLEGE OF MUSKEGON               ,MI,49442-0000,Private      ,724,1328,2052,1698,2271,3969
00467304,BAKER COLLEGE OF OWOSSO                 ,MI,48867-0000,Private      ,474,693,1167,1067,1184,2251
00467305,BAKER COLLEGE OF AUBURN HILLS           ,MI,48326-0000,Private      ,396,1093,1489,687,1749,2436
00467306,BAKER COLLEGE OF PORT HURON             ,MI,48060-0000,Private      ,182,397,579,378,798,1176
00467309,BAKER COLLEGE OF JACKSON                ,MI,49202-0000,Private      ,160,461,621,362,902,1264
00467311,BAKER COLLEGE-CASS CITY                 ,MI,48726-0000,Private      ,47,147,194,107,280,387
00467313,BAKER COLLEGE - GRADUATE ON-LINE        ,MI,48507-0000,Private      ,53,1270,1323,111,2706,2817
00467317,BAKER COLLEGE-ALLEN PARK                ,MI,48101-0000,Private      ,195,464,659,388,902,1290
00469200,DORSEY SCHOOL OF BUSINESS               ,MI,48195-2334,Proprietary  ,8,49,57,13,62,75
00469201,DORSEY SCHOOL OF BUSINESS               ,MI,48184-0000,Proprietary  ,12,92,104,15,135,150
00469202,DORSEY SCHOOL OF BUSINESS               ,MI,48071-0000,Proprietary  ,9,89,98,10,97,107
00469204,DORSEY SCHOOL OF BUSINESS               ,MI,48066-0000,Proprietary  ,17,152,169,24,215,239
00676800,MID MICHIGAN COMMUNITY COLLEGE          ,MI,48625-9447,Public       ,486,659,1145,1160,1282,2442
00677100,COLLEGE FOR CREATIVE STUDIES            ,MI,48202-4034,Private      ,299,138,437,1087,361,1448
00694900,KALAMAZOO VALLEY COMMUNITY COLLEGE      ,MI,49003-4070,Public       ,851,1297,2148,2584,2469,5053
00717100,KIRTLAND COMMUNITY COLLEGE              ,MI,48653-0000,Public       ,198,350,548,506,685,1191
00761700,CARNEGIE INSTITUTE                      ,MI,48083-1159,Proprietary  ,33,205,238,45,299,344
00795000,WEST SHORE COMMUNITY COLLEGE            ,MI,49454-0000,Public       ,111,217,328,346,463,809
00817800,EMPIRE BEAUTY SCHOOL                    ,MI,49525-2440,Proprietary  ,117,117,234,170,165,335
00890600,MACOMB COMMUNITY COLLEGE                ,MI,48088-3896,Public       ,1398,1893,3291,3561,3609,7170
00894600,PORT HURON COSMETOLOGY COLLEGE          ,MI,48329-1618,Proprietary  ,12,20,32,15,34,49
00923000,WAYNE COUNTY COMMUNITY CLG-DISTRICT     ,MI,48226-3095,Public       ,1365,4045,5410,2847,8017,10864
00973200,VIRGINIA FARRELL BEAUTY SCHOOL          ,MI,48080-1448,Proprietary  ,9,25,34,15,43,58
00973400,VIRGINIA FARRELL BEAUTY SCHOOL          ,MI,48220-1739,Proprietary  ,22,82,104,37,134,171
00982800,EVEREST INSTITUTE                       ,MI,48033-4400,Proprietary  ,320,1482,1802,397,1970,2367
01047000,KALAMAZOO BEAUTY ACADEMY                ,MI,49002-5220,Proprietary  ,1,4,5,5,5,10
01062700,ITT TECHNICAL INSTITUTE                 ,MI,49519-0000,Proprietary  ,564,1048,1612,735,1236,1971
01082700,DAVID PRESSLEY PROF SCH OF COSMTLGY     ,MI,48067-3219,Proprietary  ,14,18,32,30,33,63
01109800,FLINT INSTITUTE OF BARBERING            ,MI,48504-4395,Proprietary  ,11,24,35,17,44,61
01164600,VIRGINIA FARRELL BEAUTY SCHOOL          ,MI,48185-3091,Proprietary  ,12,48,60,22,89,111
01229100,WRIGHT BEAUTY ACADEMY                   ,MI,49015-2696,Proprietary  ,3,6,9,11,16,27
01239900,LEWIS COLLEGE OF BUSINESS               ,MI,48235-0000,Private      ,43,101,144,100,231,331
01262700,THOMAS M. COOLEY LAW SCHOOL             ,MI,48901-1586,Private      ,4,1390,1394,12,3763,3775
01321800,M J MURPHY BTY CLG MT PLEASANT          ,MI,48858-2502,Proprietary  ,13,20,33,28,32,60
02060300,MICHIGAN INSTITUTE OF AERONAUTICS       ,MI,48111-0000,Proprietary  ,90,146,236,116,190,306
02068700,ADRIAN BEAUTY ACADEMY                   ,MI,49221-0000,Proprietary  ,7,9,16,12,12,24
02099700,ROSS MEDICAL EDUCATION CENTER           ,MI,48532-0000,Proprietary  ,23,242,265,37,349,386
02100400,EVEREST INSTITUTE                       ,MI,49525-2301,Proprietary  ,141,689,830,220,987,1207
02125600,MICHIGAN COLLEGE OF BEAUTY              ,MI,48083-0000,Proprietary  ,51,77,128,73,97,170
02135000,MARQUETTE GEN HOSP SCH RAD TECH         ,MI,49855-0000,Private      ,3,2,5,14,10,24
02158600,MR BELA'S SCHOOL OF COSMETOLOGY         ,MI,48092-4637,Proprietary  ,2,5,7,5,7,12
02160303,INTERNATIONAL ACADEMY OF DESIGN AND TECH,MI,48083-2160,Proprietary  ,200,213,413,375,408,783
02180100,ROSS MEDICAL EDUCATION CENTER           ,MI,48092-0000,Proprietary  ,21,111,132,28,142,170
02198900,MICHIGAN SCHOOL OF PROFESSIONAL PSYCHOLO,MI,48334-4512,Private      ,0,46,46,3,74,77
02209200,TAYLORTOWN SCHOOL OF BEAUTY             ,MI,48180-0000,Proprietary  ,9,31,40,16,52,68
02237800,SPECS HOWARD SCHOOL OF MEDIA ARTS       ,MI,48075-0000,Proprietary  ,177,147,324,305,235,540
02285700,BAYSHIRE BEAUTY ACADEMY                 ,MI,48708-5614,Proprietary  ,2,13,15,10,19,29
02289801,KAPLAN INSTITUTE - DETROIT CAMPUS       ,MI,48202-0000,Proprietary  ,21,198,219,21,198,219
02324500,MICHIGAN COLLEGE OF BEAUTY              ,MI,48161-0000,Proprietary  ,14,19,33,21,27,48
02339700,ROSS MEDICAL EDUCATION CENTER           ,MI,48116-0000,Proprietary  ,17,113,130,21,154,175
02361500,MICHIGAN BARBER COLLEGE                 ,MI,48204-2244,Private      ,23,55,78,38,79,117
02491000,WEST MI COLG OF BARBERING & BEAUTY      ,MI,49008-0000,Proprietary  ,7,20,27,10,33,43
02495800,FOCUS:HOPE                              ,MI,48238-0000,Private      ,28,41,69,48,91,139
02498300,VIRGINIA FARRELL BEAUTY SCHOOL          ,MI,48154-0000,Proprietary  ,12,49,61,23,77,100
02533600,ROSS MEDICAL EDUCATION CENTER           ,MI,48917-2108,Proprietary  ,50,144,194,56,205,261
02588200,DOUGLAS J AVEDA INSTITUTE               ,MI,48823-4351,Proprietary  ,57,54,111,119,92,211
02588201,DOUGLAS J AVEDA INSTITUTE - ANN ARBOR   ,MI,48104-2211,Proprietary  ,14,19,33,38,37,75
02594600,HOWELL COLLEGE OF COSMETOLOGY           ,MI,48843-8584,Proprietary  ,2,3,5,3,7,10
02595700,HILLSDALE BEAUTY COLLEGE                ,MI,49242-0000,Proprietary  ,8,11,19,37,13,50
02618400,MICHIGAN CAREER & TECHNICAL INST        ,MI,49080-9254,Public       ,42,30,72,99,47,146
03005700,DETROIT BUSINESS INST. DOWNRIVER        ,MI,48193-6761,Proprietary  ,9,95,104,16,122,138
03025100,MR DAVID'S SCHOOL OF COSMETOLOGY        ,MI,48507-2054,Proprietary  ,9,21,30,12,41,53
03028500,LAWTON SCHOOL                           ,MI,48075-5406,Proprietary  ,11,53,64,12,61,73
03066600,BAY MILLS COMMUNITY COLLEGE             ,MI,49715-9750,Public       ,15,64,79,40,119,159
03075200,TWIN CITY BEAUTY COLLEGE                ,MI,49085-3305,Proprietary  ,34,59,93,38,64,102
03075201,TWIN CITY BEAUTY COLLEGE - TRAVERSE CITY,MI,49686-5119,Proprietary  ,1,5,6,3,8,11
03090000,SHARP'S ACADEMY OF HAIRSTYLING INC.     ,MI,48433-0000,Proprietary  ,2,15,17,4,15,19
03109700,HOUGHTON LAKE INST OF COSMETOLOGY       ,MI,48629-0669,Proprietary  ,6,4,10,8,9,17
03110300,THE SCHOOL OF CREATIVE HAIR DESIGN      ,MI,49036-1139,Proprietary  ,4,6,10,10,9,19
03124000,NORTHWESTERN TECHNOLOGICAL INST         ,MI,48075-2412,Proprietary  ,20,129,149,42,206,248
03135300,MICHIGAN THEOLOGICAL SEMINARY           ,MI,48170-4399,Private      ,1,25,26,2,48,50
03284300,MICHIGAN JEWISH INSTITUTE               ,MI,48237-0000,Private      ,51,1,52,98,5,103
03340300,WARREN WOODS VOCATIONAL ADULT EDUC      ,MI,48088-3699,Public       ,4,19,23,6,19,25
03474300,AVE MARIA COLLEGE                       ,MI,48197-2451,Private      ,4,2,6,14,12,26
03490300,PAUL MITCHELL THE SCHOOL ESCANABA       ,MI,49829-0000,Proprietary  ,5,10,15,7,14,21
03588300,IRENE'S MYOMASSOLOGY INSTITUTE          ,MI,48033-2404,Proprietary  ,11,64,75,22,108,130
03704300,BLUE WATER COLLEGE OF COSMETOLOGY       ,MI,48040-0000,Proprietary  ,10,10,20,12,16,28
03772300,SAGINAW CHIPPEWA TRIBAL COLLEGE         ,MI,48858-0000,Public       ,1,9,10,3,14,17
03815300,IN SESSION-ARTS OF COSMETOLOGY BEAU     ,MI,48609-0000,Proprietary  ,12,20,32,22,33,55
03907300,PAUL MITCHELL THE SCHOOL GREAT LAKES    ,MI,48060-0000,Proprietary  ,1,1,2,5,10,15
03915300,CAREER QUEST LEARNING CENTER            ,MI,48910-4732,Proprietary  ,6,68,74,6,96,102
03976500,ANN ARBOR INSTITUTE OF MASSAGE THERAPY  ,MI,48103-0000,Proprietary  ,4,23,27,8,45,53
04002400,ECUMENICAL THEOLOGICAL SEMINARY         ,MI,48201-3035,Private      ,0,10,10,0,28,28
04006300,NUVO COLLEGE OF COSMETOLOGY             ,MI,49441-3822,Proprietary  ,9,18,27,9,27,36
04014300,P&A SCHOLARS BEAUTY SCHOOL              ,MI,48204-0000,Proprietary  ,6,10,16,10,14,24
04055300,CREATIVE HAIR SCHOOL OF COSMETOLOGY     ,MI,48504-1234,Proprietary  ,1,6,7,2,6,8
00233200,ANOKA-RAMSEY CC-CAMBRIDGE/COONRAPID     ,MN,55433-3499,Public       ,825,785,1610,1222,1183,2405
00233400,AUGSBURG COLLEGE                        ,MN,55454-1351,Private      ,817,796,1613,1830,1255,3085
00233500,RIVERLAND COMMUNITY COLLEGE             ,MN,55912-1473,Public       ,349,468,817,555,710,1265
00233600,BEMIDJI STATE UNIVERSITY                ,MN,56601-2699,Public       ,1035,523,1558,2067,867,2934
00233700,BETHANY LUTHERAN COLLEGE INC            ,MN,56001-6163,Private      ,221,22,243,519,40,559
00233900,CENTRAL LAKES COLG-BRAINERD/STAPLES     ,MN,56401-3900,Public       ,572,469,1041,882,696,1578
00234000,CARLETON COLLEGE                        ,MN,55057-4001,Private      ,198,3,201,2430,15,2445
00234100,COLLEGE OF ST BENEDICT                  ,MN,56374-2099,Private      ,599,10,609,1773,18,1791
00234200,ST. CATHERINE UNIVERSITY                ,MN,55105-1789,Private      ,788,1245,2033,1829,2153,3982
00234201,COLLEGE OF ST CATHERINE-MINNEAPOLIS     ,MN,55454-0000,Private      ,0,0,0,0,1,1
00234300,COLLEGE OF ST SCHOLASTICA               ,MN,55811-4199,Private      ,631,468,1099,1709,774,2483
00234500,UNIVERSITY OF ST THOMAS                 ,MN,55105-1096,Private      ,1307,1211,2518,4918,2248,7166
00234600,CONCORDIA COLLEGE-MOORHEAD              ,MN,56562-0001,Private      ,1047,70,1117,2709,122,2831
00234700,"CONCORDIA UNIVERSITY, ST PAUL, MN       ",MN,55104-5494,Private      ,393,428,821,874,676,1550
00235000,VERMILION COMMUNITY COLLEGE             ,MN,55731-1996,Public       ,164,42,206,367,69,436
00235300,GUSTAVUS ADOLPHUS COLLEGE               ,MN,56082-1498,Private      ,658,10,668,2757,23,2780
00235400,HAMLINE UNIVERSITY                      ,MN,55104-1284,Private      ,678,906,1584,1958,1861,3819
00235500,HIBBING COMMUNITY COLLEGE               ,MN,55746-3300,Public       ,203,239,442,365,362,727
00235600,ITASCA COMMUNITY COLLEGE                ,MN,55744-3397,Public       ,224,128,352,452,240,692
00235700,LUTHER SEMINARY                         ,MN,55108-0000,Private      ,1,199,200,3,399,402
00235800,MACALESTER COLLEGE                      ,MN,55105-1899,Private      ,625,21,646,2792,54,2846
00236000,"MINNESOTA STATE UNIVERSITY, MANKATO     ",MN,56002-0000,Public       ,3475,1169,4644,7917,2353,10270
00236100,MARTIN LUTHER COLLEGE                   ,MN,56073-3965,Private      ,266,28,294,650,43,693
00236200,MINNEAPOLIS COMM AND TECH COLLEGE       ,MN,55403-1779,Public       ,1029,2184,3213,1523,3324,4847
00236500,MINNEAPOLIS COLLEGE OF ART & DESIGN     ,MN,55404-4343,Private      ,115,64,179,746,261,1007
00236600,CROSSROADS COLLEGE                      ,MN,55902-2382,Private      ,38,33,71,58,45,103
00236700,MINNESOTA STATE UNIVERSITY MOORHEAD     ,MN,56563-0001,Public       ,1656,656,2312,4126,1284,5410
00236900,NORTH CENTRAL UNIVERSITY                ,MN,55404-1391,Private      ,504,131,635,961,213,1174
00237000,NORTH HENNEPIN COMMUNITY COLLEGE        ,MN,55445-2299,Public       ,709,1064,1773,1011,1618,2629
00237100,NORTHWESTERN COLLEGE                    ,MN,55113-1598,Private      ,775,242,1017,2007,382,2389
00237300,ROCHESTER COMMUNITY/TECH COLLEGE        ,MN,55904-4999,Public       ,1019,958,1977,1631,1477,3108
00237500,SOUTHWEST MINNESOTA STATE UNIVERSITY    ,MN,56258-1598,Public       ,445,251,696,1679,588,2267
00237700,ST CLOUD STATE UNIVERSITY               ,MN,56301-4498,Public       ,3385,1314,4699,6485,2145,8630
00237900,SAINT JOHNS UNIVERSITY                  ,MN,56321-0000,Private      ,513,30,543,1548,64,1612
00238000,SAINT MARY'S UNIVERSITY                 ,MN,55987-1399,Private      ,306,813,1119,1222,1312,2534
00238200,ST OLAF COLLEGE                         ,MN,55057-1098,Private      ,883,26,909,3279,60,3339
00238300,CROWN COLLEGE                           ,MN,55375-9001,Private      ,315,244,559,603,355,958
00238500,NORTHLAND COMMUNITY & TECHNICAL CLG     ,MN,56701-2598,Public       ,561,663,1224,938,1001,1939
00238600,UNITED THEOLGCL SEMINRY TWIN CITIES     ,MN,55112-0000,Private      ,1,48,49,1,72,73
00238800,"UNIVERSITY OF MINNESOTA, DULUTH         ",MN,55812-2496,Public       ,2712,690,3402,6791,1241,8032
00238900,"UNIVERSITY OF MINNESOTA, MORRIS         ",MN,56267-2113,Public       ,258,47,305,1503,144,1647
00239100,WILLIAM MITCHELL COLLEGE OF LAW         ,MN,55105-0000,Private      ,1,267,268,1,1288,1289
00239300,MINNESOTA STATE COLLEGE-SE TECH         ,MN,55987-0409,Public       ,303,445,748,442,592,1034
00239400,WINONA STATE UNIVERSITY                 ,MN,55987-5838,Public       ,1950,434,2384,4619,701,5320
00396900,UNIVERSITY OF MINNESOTA-TWIN CITIES     ,MN,55455-0422,Public       ,6430,4792,11222,20192,11019,31211
00400900,MESABI RANGE CMNTY & TECH COLLEGE       ,MN,55792-0000,Public       ,170,160,330,264,238,502
00405708,NATIONAL AMERICAN UNIVERSITY            ,MN,55113-0000,Proprietary  ,8,92,100,12,153,165
00405715,NATIONAL AMERICAN UNIVERSITY - BLOOMINGT,MN,55425-5550,Proprietary  ,6,35,41,6,59,65
00406900,UNIVERSITY OF MINNESOTA-CROOKSTON       ,MN,56716-5001,Public       ,280,84,364,684,180,864
00438600,VETERAN'S MEDICAL CTR- SCH RAD TECH     ,MN,55417-2399,Public       ,1,5,6,5,13,18
00464100,DUNWOODY COLLEGE OF TECHNOLOGY          ,MN,55403-1192,Private      ,296,231,527,435,396,831
00464200,GLOBE UNIVERSITY                        ,MN,55125-5408,Proprietary  ,148,364,512,199,470,669
00464500,MINNEAPOLIS BUSINESS COLLEGE            ,MN,55113-4036,Proprietary  ,378,74,452,398,84,482
00464600,MINNESOTA SCHOOL OF BUSINESS            ,MN,55423-0000,Proprietary  ,863,1736,2599,1112,2234,3346
00464800,RASMUSSEN COLLEGE - EAGAN               ,MN,55122-1346,Proprietary  ,44,231,275,53,296,349
00525200,RIDGEWATER COLLEGE                      ,MN,56201-2098,Public       ,806,557,1363,1402,834,2236
00526300,MINNESOTA WEST CMNTY & TECH COLG        ,MN,56241-1096,Public       ,380,348,728,631,541,1172
00553300,"SAINT PAUL COLLEGE, COMMUNITY/TECHNICAL ",MN,55102-1800,Public       ,514,1091,1605,786,1630,2416
00553400,ST CLOUD TECHNICAL COLLEGE              ,MN,56303-1240,Public       ,736,467,1203,1131,722,1853
00553500,PINE TECHNICAL COLLEGE                  ,MN,55063-2198,Public       ,60,132,192,98,208,306
00553700,SOUTH CENTRAL COLLEGE                   ,MN,56003-0000,Public       ,483,483,966,802,784,1586
00554100,MINNESOTA STATE COMMUNITY AND TECHNICAL ,MN,56573-1405,Public       ,889,907,1796,1516,1474,2990
00554400,ALEXANDRIA TECHNICAL COLLEGE            ,MN,56308-3799,Public       ,498,210,708,972,340,1312
00575700,LAKE SUPERIOR COLLEGE                   ,MN,55811-3399,Public       ,700,660,1360,1069,1055,2124
00575900,NORTHWEST TECHNICAL COLLEGE - BEMIDJI   ,MN,56601-4907,Public       ,180,223,403,281,330,611
00677500,RAINY RIVER COMMUNITY COLLEGE           ,MN,56649-2187,Public       ,76,39,115,114,63,177
00735000,ANOKA-HENNEPIN TECHNICAL COLLEGE        ,MN,55303-1590,Public       ,219,328,547,346,528,874
00735100,BROWN COLLEGE                           ,MN,55120-1004,Proprietary  ,477,486,963,958,913,1871
00746200,COLLEGE OF VISUAL ARTS                  ,MN,55102-2199,Private      ,51,22,73,124,40,164
00795400,NORMANDALE COMMUNITY COLLEGE            ,MN,55431-4399,Public       ,1177,999,2176,1919,1867,3786
00826700,NORTHWEST TECHNICAL INSTITUTE           ,MN,55121-5001,Proprietary  ,50,20,70,83,34,117
00869400,RASMUSSEN COLLEGE                       ,MN,56301-3713,Proprietary  ,101,348,449,123,468,591
00869401,RASMUSSEN COLLEGE - BROOKLYN PARK       ,MN,55445-1512,Proprietary  ,71,194,265,80,249,329
00905800,BETHEL UNIVERSITY                       ,MN,55112-6999,Private      ,1024,655,1679,2555,978,3533
00960000,COSMETOLOGY CAREERS UNLTD-DULUTH        ,MN,55802-2031,Proprietary  ,6,14,20,8,21,29
00972200,EMPIRE BEAUTY SCHOOL                    ,MN,55119-7003,Proprietary  ,34,45,79,53,90,143
00974000,INVER HILLS COMMUNITY COLLEGE           ,MN,55076-3224,Public       ,543,658,1201,855,1001,1856
00983100,MODEL COLLEGE OF HAIR DESIGN            ,MN,56301-4280,Proprietary  ,54,22,76,84,28,112
00987000,EMPIRE BEAUTY SCHOOL                    ,MN,55420-2919,Proprietary  ,41,48,89,64,97,161
00989200,"DULUTH BUSINESS UNIV, INC.              ",MN,55807-0000,Proprietary  ,64,124,188,89,152,241
00999200,OAK HILLS CHRISTIAN COLLEGE             ,MN,56601-0000,Private      ,58,31,89,91,43,134
01024800,ART INSTITUTES INTL MINNESOTA           ,MN,55402-3137,Proprietary  ,539,358,897,1066,624,1690
01037400,METROPOLITAN STATE UNIVERSITY           ,MN,55106-5000,Public       ,470,1635,2105,812,2675,3487
01040200,DAKOTA COUNTY TECHNICAL COLLEGE         ,MN,55068-2999,Public       ,342,413,755,512,633,1145
01049000,REGENCY BEAUTY INSTITUTE                ,MN,55428-0000,Proprietary  ,212,206,418,263,248,511
01049100,HENNEPIN TECHNICAL COLLEGE              ,MN,55445-2399,Public       ,538,960,1498,753,1348,2101
01054600,CENTURY COMMUNITY AND TECHNICAL CLG     ,MN,55110-1894,Public       ,1135,1395,2530,1724,2037,3761
01101700,HERZING COLLEGE                         ,MN,55428-3548,Proprietary  ,61,100,161,103,203,306
01168600,RASMUSSEN COLLEGE - EDEN PRAIRIE        ,MN,55344-7220,Proprietary  ,41,358,399,51,529,580
01173200,"MAYO CLINIC, COLLEGE OF MEDICINE        ",MN,55905-0000,Private      ,11,91,102,26,215,241
01173201,MAYO SCHOOL OF HEALTH-RELATED SCIEN     ,MN,55905-0000,Private      ,20,39,59,33,94,127
01173206,MAYO GRAD SCHOOL                        ,MN,55901-0000,Private      ,0,8,8,0,20,20
01173207,MAYO MEDICAL SCHOOL                     ,MN,55901-0000,Private      ,2,40,42,2,190,192
01232800,NORTHWESTERN HEALTH SCIENCES UNIV       ,MN,55431-1599,Private      ,22,472,494,46,712,758
02050300,ACADEMY COLLEGE                         ,MN,55420-1554,Proprietary  ,24,67,91,36,75,111
02096002,REGIONS HOSPITAL -DIETETIC INTRNSHP     ,MN,55101-0000,Private      ,1,2,3,2,3,5
02123200,AVEDA INSTITUTE                         ,MN,55414-0000,Proprietary  ,131,85,216,207,140,347
02159800,COSMETOLOGY CAREERS UNLTD - HIBBING     ,MN,55746-0000,Proprietary  ,2,2,4,4,3,7
02160901,"SALON PROFESSIONAL ACADEMY, THE - THE SA",MN,55428-4928,Proprietary  ,18,9,27,22,13,35
02238100,MINNESOTA SCHOOL OF COSMETOLOGY         ,MN,55125-0000,Proprietary  ,16,52,68,21,58,79
02260500,SUMMIT ACAD OPPORTUNITIES IND CTR       ,MN,55405-0000,Private      ,2,12,14,4,18,22
02284500,PILLSBURY BAPTIST BIBLE COLLEGE         ,MN,55060-0000,Private      ,71,16,87,109,18,127
02503300,RASMUSSEN COLLEGE - MANKATO             ,MN,56001-8658,Proprietary  ,80,217,297,131,396,527
02504200,WALDEN UNIVERSITY                       ,MN,55401-2511,Proprietary  ,12,6932,6944,19,11064,11083
02514100,AMERICAN INDIAN OPPORTUNITIES CTR       ,MN,55404-0000,Private      ,1,37,38,2,38,40
02543600,INGENUE                                 ,MN,56560-0000,Proprietary  ,9,1,10,16,2,18
02551200,EAST METRO OIC                          ,MN,55104-3435,Private      ,5,30,35,5,33,38
03001200,MCNALLY SMITH COLLEGE OF MUSIC          ,MN,55101-2220,Proprietary  ,141,47,188,290,79,369
03051900,ALFRED ADLER GRADUATE SCHOOL            ,MN,55305-0000,Private      ,0,40,40,0,55,55
03096400,LEECH LAKE TRIBAL COLLEGE               ,MN,56633-0000,Public       ,10,60,70,14,88,102
03129100,FOND DU LAC TRIBAL & COMMUNITY CLG      ,MN,55720-2984,Public       ,120,228,348,164,293,457
03267300,CAPELLA UNIVERSITY                      ,MN,55402-3389,Proprietary  ,25,9000,9025,37,14332,14369
03473400,MINNEAPOLIS SCHOOL OF MASSAGE AND B     ,MN,55418-3343,Private      ,9,24,33,13,42,55
03833300,AMERICAN ACADEMY OF ACUPUNCTURE AND ORIE,MN,55113-0000,Proprietary  ,0,12,12,1,33,34
03921400,WHITE EARTH TRIBAL AND COMMUNITY COLLEGE,MN,56557-0478,Private      ,7,29,36,7,32,39
00239600,ALCORN STATE UNIVERSITY                 ,MS,39096-7500,Public       ,1316,827,2143,2643,1479,4122
00239700,BELHAVEN COLLEGE                        ,MS,39202-1789,Private      ,319,917,1236,913,1619,2532
00239800,BLUE MOUNTAIN COLLEGE                   ,MS,38610-9370,Private      ,103,99,202,178,152,330
00240100,COAHOMA COMMUNITY COLLEGE               ,MS,38614-9799,Public       ,337,442,779,561,711,1272
00240200,COPIAH-LINCOLN COMMUNITY COLLEGE        ,MS,39191-0649,Public       ,588,568,1156,976,896,1872
00240300,DELTA STATE UNIVERSITY                  ,MS,38733-0000,Public       ,1137,1071,2208,2239,1787,4026
00240400,EAST CENTRAL COMMUNITY COLLEGE          ,MS,39327-0129,Public       ,449,569,1018,844,845,1689
00240500,EAST MISSISSIPPI COMM COLLEGE           ,MS,39358-0000,Public       ,670,922,1592,1024,1321,2345
00240700,HINDS COMMUNITY COLLEGE                 ,MS,39154-9799,Public       ,1935,2368,4303,3191,3994,7185
00240800,HOLMES COMMUNITY COLLEGE                ,MS,39079-0000,Public       ,767,1209,1976,1269,1941,3210
00240900,ITAWAMBA COMMUNITY COLLEGE              ,MS,38843-1099,Public       ,972,1156,2128,1533,1714,3247
00241000,JACKSON STATE UNIVERSITY                ,MS,39217-0001,Public       ,2759,2642,5401,5853,4611,10464
00241100,JONES COUNTY JUNIOR COLLEGE             ,MS,39437-3999,Public       ,1124,729,1853,1734,1160,2894
00241300,MERIDIAN COMMUNITY COLLEGE              ,MS,39307-5890,Public       ,618,635,1253,1040,1004,2044
00241400,MILLSAPS COLLEGE                        ,MS,39201-0000,Private      ,342,150,492,968,247,1215
00241500,MISSISSIPPI COLLEGE                     ,MS,39058-0001,Private      ,822,1010,1832,1652,1743,3395
00241501,MISSISSIPPI COLLEGE - SCHOOL OF LAW     ,MS,39201-1391,Private      ,12,311,323,24,617,641
00241600,MISSISSIPPI DELTA CMTY COLLEGE          ,MS,38761-0000,Public       ,651,727,1378,1056,1161,2217
00241700,MISSISSIPPI GULF CST CLG-PERKINSTON     ,MS,39573-0000,Public       ,430,209,639,653,332,985
00241701,MISSISSIPPI GULF CST CLG-JEFF DAVIS     ,MS,39507-0000,Public       ,530,866,1396,786,1265,2051
00241702,MISSISSIPPI GULF CST CLG-JACKSON CN     ,MS,39553-0000,Public       ,488,647,1135,732,973,1705
00242200,MISSISSIPPI UNIV FOR WOMEN              ,MS,39701-5818,Public       ,560,571,1131,1201,1010,2211
00242300,MISSISSIPPI STATE UNIVERSITY            ,MS,39762-9698,Public       ,3302,2090,5392,7154,3479,10633
00242400,MISSISSIPPI VALLEY STATE UNIVERSITY     ,MS,38941-1400,Public       ,994,1223,2217,1869,1979,3848
00242600,NORTHEAST MS CMNTY COLLEGE              ,MS,38829-1731,Public       ,784,527,1311,1395,935,2330
00242700,NORTHWEST MISSISSIPPI COMMUNITY CLG     ,MS,38668-1703,Public       ,1412,1173,2585,2358,1883,4241
00243000,PEARL RIVER COMMUNITY COLLEGE           ,MS,39470-2201,Public       ,747,757,1504,1158,1204,2362
00243300,RUST COLLEGE                            ,MS,38635-2328,Private      ,412,135,547,818,228,1046
00243500,SOUTHEASTERN BAPTIST COLLEGE            ,MS,39440-0000,Private      ,5,15,20,8,18,26
00243600,SOUTHWEST MISSISSIPPI CMNTY CLG         ,MS,39666-8099,Public       ,434,404,838,636,587,1223
00243900,TOUGALOO COLLEGE                        ,MS,39174-9799,Private      ,576,151,727,1208,297,1505
00244000,UNIVERSITY OF MISSISSIPPI               ,MS,38677-1848,Public       ,2842,1721,4563,6465,3280,9745
00244001,UNIVERSITY OF MISSISSIPPI - MED CTR     ,MS,39216-0000,Public       ,143,279,422,347,1115,1462
00244100,UNIVERSITY OF SOUTHERN MISSISSIPPI      ,MS,39406-0001,Public       ,3293,2625,5918,6962,5071,12033
00244700,WILLIAM CAREY UNIVERSITY                ,MS,39401-5499,Private      ,427,832,1259,711,1384,2095
01146100,WESLEY COLLEGE                          ,MS,39073-1070,Private      ,13,33,46,25,45,70
02074900,CHRIS' BEAUTY COLLEGE                   ,MS,39501-0000,Proprietary  ,10,31,41,14,32,46
02160500,NORTH MISSISSIPPI MED CTR MED TECH      ,MS,38801-0000,Private      ,2,9,11,5,22,27
02235900,ACADEMY OF HAIR DESIGN #4               ,MS,39208-0000,Proprietary  ,16,27,43,17,32,49
02244300,ACADEMY OF HAIR DESIGN #1               ,MS,38901-0000,Proprietary  ,37,118,155,40,121,161
02249900,DELTA BEAUTY COLLEGE                    ,MS,38701-0000,Proprietary  ,17,68,85,24,73,97
02251600,ACADEMY OF HAIR DESIGN #6               ,MS,39401-7581,Proprietary  ,20,54,74,26,60,86
02251700,FOSTER'S COSMETOLOGY COLLEGE            ,MS,38663-0000,Proprietary  ,0,8,8,0,8,8
02302800,MISSISSIPPI COLLEGE OF BEAUTY CULT      ,MS,39440-0000,Proprietary  ,6,8,14,7,8,15
02320800,MAGNOLIA COLLEGE OF COSMETOLOGY         ,MS,39206-0000,Proprietary  ,16,40,56,21,54,75
02361200,MAGNOLIA BIBLE COLLEGE                  ,MS,39090-0000,Private      ,4,7,11,4,9,13
02490200,"ICS, THE WRIGHT BEAUTY COLLEGE          ",MS,38834-0000,Proprietary  ,3,17,20,4,19,23
02502100,CREATIONS COLLEGE OF COSMETOLOGY        ,MS,38803-0000,Proprietary  ,9,39,48,11,42,53
02516200,WESLEY BIBLICAL SEMINARY                ,MS,39206-0000,Private      ,0,34,34,0,50,50
02554600,GIBSON'S BARBER AND BEAUTY COLLEGE      ,MS,39773-0000,Proprietary  ,10,22,32,14,34,48
02586000,J & J HAIR DESIGN COLLEGE               ,MS,39051-3716,Proprietary  ,4,31,35,5,36,41
03004000,FINAL TOUCH BEAUTY SCHOOL               ,MS,39307-2934,Proprietary  ,5,27,32,7,30,37
03010404,CRESCENT CITY SCHOOL OF GAMING & BARTEND,MS,38664-1903,Proprietary  ,0,2,2,0,2,2
03010603,VIRGINIA COLLEGE - JACKSON              ,MS,39206-5602,Proprietary  ,27,73,100,36,133,169
03010610,VIRGINIA COLLEGE - BILOXI               ,MS,39532-2124,Proprietary  ,7,35,42,10,60,70
03263300,TRAXLER'S SCHOOL OF HAIR                ,MS,39212-2529,Proprietary  ,10,15,25,10,23,33
03464300,ACADEMY OF HAIR DESIGN                  ,MS,39562-0000,Proprietary  ,4,7,11,6,7,13
03525300,BLUE CLIFF COLLEGE                      ,MS,39507-0000,Proprietary  ,9,66,75,11,75,86
03848300,DAY SPA CAREER COLLEGE                  ,MS,39564-0000,Proprietary  ,4,29,33,7,31,38
03963300,HEALING TOUCH SCHOOL OF MASSAGE THERAPY ,MS,39402-1300,Proprietary  ,8,14,22,11,23,34
00252600,CARROLL COLLEGE                         ,MT,59625-0002,Private      ,254,80,334,1417,203,1620
00252700,UNIVERSITY OF GREAT FALLS               ,MT,59405-4996,Private      ,100,161,261,315,336,651
00252800,MILES COMMUNITY COLLEGE                 ,MT,59301-4799,Public       ,59,60,119,215,142,357
00252900,DAWSON COMMUNITY COLLEGE                ,MT,59330-1405,Public       ,46,26,72,192,75,267
00253000,MONTANA STATE UNIVERSITY - BILLINGS     ,MT,59101-0298,Public       ,473,730,1203,2007,2053,4060
00253100,MONTANA TECH OF THE UNIV OF MONTANA     ,MT,59701-8997,Public       ,233,276,509,1074,726,1800
00253200,MONTANA STATE UNIVERSITY - BOZEMAN      ,MT,59717-0001,Public       ,1233,782,2015,7104,2668,9772
00253300,MONTANA STATE UNIVERSITY-NORTHERN       ,MT,59501-3148,Public       ,163,253,416,570,580,1150
00253400,ROCKY MOUNTAIN COLLEGE                  ,MT,59102-1796,Private      ,193,88,281,752,230,982
00253600,UNIVERSITY OF MONTANA (THE)             ,MT,59812-0001,Public       ,1437,1478,2915,6426,4842,11268
00253700,UNIVERSITY OF MONTANA WESTERN (THE)     ,MT,59725-3598,Public       ,179,147,326,728,341,1069
00442500,BENEFIS HEALTHCARE SCH RAD TECH         ,MT,59405-4324,Private      ,1,5,6,7,8,15
00677700,FLATHEAD VALLEY COMMUNITY COLLEGE       ,MT,59901-2699,Public       ,103,150,253,361,414,775
00757000,HELENA COLLEGE OF TECHNOLOGY            ,MT,59601-3098,Public       ,99,162,261,295,364,659
00790000,BUTTE ACADEMY OF BEAUTY CULTURE         ,MT,59701-9197,Proprietary  ,8,4,12,10,9,19
00894700,"DAHL'S COLLEGE OF BEAUTY,INC            ",MT,59401-3731,Proprietary  ,3,8,11,9,15,24
00931400,MSU COLLEGE OF TECH-GREAT FALLS         ,MT,59405-4907,Public       ,101,296,397,296,635,931
00946800,COLLEGE OF COIFFURE ART LTD             ,MT,59102-5333,Proprietary  ,4,6,10,15,16,31
02143400,SALISH KOOTENAI COLLEGE                 ,MT,59855-0000,Public       ,68,196,264,161,505,666
02286600,LITTLE BIG HORN COLLEGE                 ,MT,59022-0000,Public       ,6,21,27,52,70,122
02343000,FT PECK COMMUNITY COLLEGE               ,MT,59255-0000,Public       ,11,47,58,20,91,111
02510600,BLACKFEET COMMUNITY COLLEGE             ,MT,59417-0000,Private      ,25,49,74,83,154,237
02517500,FORT BELKNAP COLLEGE                    ,MT,59526-0000,Public       ,21,40,61,29,54,83
02545200,CHIEF DULL KNIFE COLLEGE                ,MT,59043-0098,Public       ,3,11,14,33,59,92
02610900,STONE CHILD COLLEGE                     ,MT,59521-9796,Public       ,6,20,26,37,64,101
02621300,ACADEMY OF COSMETOLOGY                  ,MT,59715-3544,Proprietary  ,8,7,15,25,12,37
03205300,MODERN BEAUTY SCHOOL                    ,MT,59801-8386,Proprietary  ,8,10,18,18,18,36
03763400,"ACADEMY OF NAIL, SKIN & HAIR            ",MT,59101-0000,Proprietary  ,14,22,36,27,37,64
03778300,HEALTH WORKS INSTITUTE                  ,MT,59715-0000,Proprietary  ,9,11,20,14,18,32
00253900,CHADRON STATE COLLEGE                   ,NE,69337-2690,Public       ,454,263,717,1171,471,1642
00254000,COLLEGE OF ST MARY                      ,NE,68106-2606,Private      ,144,363,507,366,635,1001
00254100,CONCORDIA UNIVERSITY                    ,NE,68434-1594,Private      ,451,53,504,1206,92,1298
00254200,CREIGHTON UNIVERSITY                    ,NE,68178-0001,Private      ,867,1271,2138,3827,3683,7510
00254300,DANA COLLEGE                            ,NE,68008-9905,Private      ,252,35,287,784,76,860
00254400,DOANE COLLEGE                           ,NE,68333-2421,Private      ,311,222,533,1212,427,1639
00254700,GRACE UNIVERSITY                        ,NE,68108-3629,Private      ,95,71,166,314,162,476
00254800,HASTINGS COLLEGE                        ,NE,68901-7621,Private      ,408,39,447,1360,85,1445
00255100,UNIVERSITY OF NEBRASKA AT KEARNEY       ,NE,68849-0001,Public       ,1111,456,1567,3431,868,4299
00255300,MIDLAND LUTHERAN COLLEGE                ,NE,68025-4254,Private      ,315,51,366,980,94,1074
00255400,UNIVERSITY OF NEBRASKA-OMAHA            ,NE,68182-0001,Public       ,1927,1392,3319,5868,3495,9363
00255500,NEBRASKA WESLEYAN UNIVERSITY            ,NE,68504-2796,Private      ,533,153,686,1693,271,1964
00255700,MID-PLAINS COMM COLLEGE - NORTH PLATTE  ,NE,69101-9420,Public       ,149,184,333,311,290,601
00255701,MID-PLAINS COMMUNITY COLLEGE - MCCOOK   ,NE,69001-2631,Public       ,85,45,130,187,84,271
00255900,PERU STATE COLLEGE                      ,NE,68421-0010,Public       ,234,214,448,678,448,1126
00256000,WESTERN NEBRASKA COMMUNITY COLLEGE      ,NE,69361-1815,Public       ,121,190,311,390,427,817
00256300,UNION COLLEGE                           ,NE,68506-4387,Private      ,278,94,372,599,178,777
00256500,UNIVERSITY OF NEBRASKA-LINCOLN          ,NE,68588-0419,Public       ,3651,1363,5014,11092,3237,14329
00256596,UNIVERSITY OF NEBRASKA - CURTIS         ,NE,69025-9522,Public       ,74,9,83,205,14,219
00256600,WAYNE STATE COLLEGE                     ,NE,68787-1172,Public       ,742,287,1029,2125,568,2693
00256700,YORK COLLEGE                            ,NE,68467-2699,Private      ,148,24,172,322,47,369
00443100,MARY LANNING MEM HOSP SCH RAD TECH      ,NE,68901-4497,Private      ,1,2,3,8,4,12
00443600,REGNL WST MEDCL CTR SCHL RAD            ,NE,69361-0000,Private      ,1,4,5,6,6,12
00458608,KAPLAN UNIVERSITY - OMAHA               ,NE,68134-1002,Proprietary  ,66,430,496,113,743,856
00458609,KAPLAN UNIVERSITY - LINCOLN             ,NE,68508-2668,Proprietary  ,85,280,365,123,326,449
00639900,BRYANLGH COLLEGE OF HEALTH SCIENCES     ,NE,68506-1398,Private      ,86,61,147,192,145,337
00640400,NEBR METHODIST CLG OF NURS ALLD HLTH    ,NE,68114-2852,Private      ,134,172,306,299,356,655
00689500,UNIVERSITY OF NEBRASKA-MED CTR          ,NE,68198-4265,Public       ,179,556,735,469,1745,2214
00750100,VATTEROTT COLLEGE                       ,NE,68137-1237,Proprietary  ,73,241,314,114,354,468
00849200,ALEGENT HEALTH SCHOOLS                  ,NE,68114-2767,Private      ,5,31,36,18,57,75
00952300,BAHNER COLLEGE OF HAIRSTYLING           ,NE,68025-3297,Proprietary  ,50,16,66,70,18,88
00961700,CAPITOL BEAUTY SCHOOL                   ,NE,68144-3873,Proprietary  ,58,36,94,80,50,130
00974300,BELLEVUE UNIVERSITY                     ,NE,68005-0000,Private      ,231,1408,1639,416,2500,2916
00986200,CLARKSON COLLEGE                        ,NE,68131-2739,Private      ,86,127,213,344,379,723
01151900,JOSEPH'S COLLEGE OF BEAUTY/ALL CAMPUSES ,NE,68510-2226,Proprietary  ,110,113,223,154,170,324
01166700,NORTHEAST COMMUNITY COLLEGE             ,NE,68702-0000,Public       ,513,368,881,1177,602,1779
01258600,METROPOLITAN COMMUNITY COLLEGE          ,NE,68103-0000,Public       ,908,1987,2895,1767,3994,5761
01297600,NEBRASKA CHRISTIAN COLLEGE              ,NE,68046-4256,Private      ,57,14,71,99,16,115
02079700,COLLEGE OF HAIR DESIGN                  ,NE,68508-0000,Proprietary  ,44,28,72,80,35,115
02099500,CENTRAL COMMUNITY COLLEGE- GI           ,NE,68801-0000,Public       ,146,304,450,347,540,887
02099501,CENTRAL COMMUNITY COLLEGE - HASTINGS    ,NE,68902-0000,Public       ,241,167,408,646,324,970
02099502,CENTRAL COMMUNITY COLLEGE - COLUMBUS    ,NE,68602-0000,Public       ,124,110,234,299,203,502
02508300,SOUTHEAST COMM. COLLEGE-ALL CAMPUSES    ,NE,68520-0000,Public       ,1059,978,2037,2231,2122,4353
02508301,SOUTHEAST COMMUNITY COLLEGE             ,NE,68310-7042,Public       ,134,103,237,365,182,547
02508302,SOUTHEAST COMMUNITY COLLEGE             ,NE,68405-0000,Public       ,243,45,288,653,125,778
02550800,NEBRASKA INDIAN COMMUNITY COLLEGE       ,NE,68039-0000,Public       ,1,8,9,3,17,20
02610500,XENON INTERNATIONAL ACADEMY II          ,NE,68127-3522,Proprietary  ,92,52,144,132,81,213
03023300,VATTEROTT COLLEGE                       ,NE,68137-1237,Proprietary  ,5,14,19,14,21,35
03127300,OMAHA SCHOOL OF MASSAGE THERAPY         ,NE,68127-5002,Proprietary  ,15,37,52,25,50,75
03164300,THE CREATIVE CENTER                     ,NE,68164-2911,Proprietary  ,43,7,50,67,10,77
03279300,MYOTHERAPY INSTITUTE                    ,NE,68516-3641,Proprietary  ,11,29,40,24,46,70
03323300,LITTLE PRIEST TRIBAL COLLEGE            ,NE,68071-0000,Private      ,3,13,16,7,20,27
03821400,UNIVERSAL COLLEGE OF HEALING ARTS       ,NE,68112-1810,Proprietary  ,2,19,21,6,28,34
00256800,UNIVERSITY OF NEVADA RENO               ,NV,89557-0002,Public       ,1507,1196,2703,4903,2944,7847
00256900,UNIVERSITY OF NEVADA-LAS VEGAS          ,NV,89154-1001,Public       ,2412,3166,5578,7602,8101,15703
00697700,GREAT BASIN COLLEGE                     ,NV,89801-3348,Public       ,82,222,304,191,386,577
00736700,MARINELLO SCHOOLS OF BEAUTY             ,NV,89110-3563,Proprietary  ,6,21,27,19,30,49
00919200,SIERRA NEVADA COLLEGE                   ,NV,89451-0000,Private      ,57,83,140,188,169,357
01036200,COLLEGE OF SOUTHERN NEVADA              ,NV,89146-1139,Public       ,1365,3078,4443,2517,5629,8146
01036300,WESTERN NEVADA COLLEGE                  ,NV,89703-0000,Public       ,166,373,539,319,679,998
01323200,ACADEMY OF HAIR DESIGN                  ,NV,89102-0000,Proprietary  ,31,65,96,43,82,125
02097100,SOUTHERN NEVADA UNIV OF COSMETOLOGY     ,NV,89121-0000,Proprietary  ,4,9,13,16,25,41
02107700,TRUCKEE MEADOWS COMMUNITY CLG           ,NV,89512-0000,Public       ,503,1015,1518,1014,1888,2902
02237500,EVEREST COLLEGE                         ,NV,89103-0000,Proprietary  ,92,314,406,174,494,668
02338509,NEVADA CAREER INSTITUTE                 ,NV,89121-0000,Proprietary  ,32,139,171,47,217,264
02361001,ITT TECHNICAL INSTITUTE                 ,NV,89014-0000,Proprietary  ,134,243,377,160,292,452
02600700,LAS VEGAS GAMING & TECHNICAL SCHOOL     ,NV,89109-0000,Proprietary  ,0,0,0,0,1,1
02616703,SCOTTSDALE CULINARY INSTITUTE - LE CORDO,NV,89144-7047,Proprietary  ,35,58,93,81,119,200
02621500,CAREER COLLEGE OF NORTHERN NEVADA       ,NV,89434-7905,Proprietary  ,19,120,139,34,139,173
03030603,UTAH CLG OF MASSAGE THERAPY-NSMT        ,NV,89123-0000,Proprietary  ,37,96,133,54,146,200
03031405,INTERNATIONAL ACADEMY OF DESIGN AND TECH,NV,89074-7750,Proprietary  ,35,25,60,70,56,126
03043200,KAPLAN COLLEGE                          ,NV,89102-8618,Proprietary  ,44,158,202,59,190,249
03084600,THE ART INSTITUTE OF LAS VEGAS          ,NV,89074-7737,Proprietary  ,259,259,518,524,614,1138
03088200,CARSON CITY BEAUTY ACADEMY              ,NV,89706-0000,Proprietary  ,7,21,28,15,31,46
03110000,ACADEMY OF HEALING ARTS                 ,NV,89106-4031,Proprietary  ,20,101,121,22,102,124
03232305,COMPUTER-ED INSTITUTE -                 ,NV,89014-6398,Proprietary  ,20,42,62,28,64,92
03787300,EXPERTISE SCHOOL OF BEAUTY              ,NV,89106-2516,Private      ,9,30,39,13,43,56
03838500,NORTHWEST HEALTH CAREERS                ,NV,89128-0000,Proprietary  ,8,30,38,17,50,67
03975300,INSTITUTE OF PROFESSIONAL CAREERS       ,NV,89119-7825,Proprietary  ,4,25,29,13,39,52
00257200,COLBY-SAWYER COLLEGE                    ,NH,03257-4648,Private      ,260,11,271,1345,35,1380
00257300,DARTMOUTH COLLEGE                       ,NH,03755-3529,Private      ,426,460,886,6786,1472,8258
00257500,FRANKLIN PIERCE UNIVERSITY              ,NH,03461-0060,Private      ,412,345,757,2814,594,3408
00257900,NEW ENGLAND COLLEGE                     ,NH,03242-3293,Private      ,244,87,331,1255,191,1446
00258000,SOUTHERN NEW HAMPSHIRE UNIVERSITY       ,NH,03106-1045,Private      ,408,922,1330,2872,1760,4632
00258100,NHTI  - CONCORD'S COMMUNITY COLLEGE     ,NH,03301-7412,Public       ,539,446,985,1289,798,2087
00258200,MANCHESTER COMMUNITY COLLEGE            ,NH,03102-8518,Public       ,230,278,508,457,464,921
00258201,NH COMM TECH COLLEGE - STRATHAM         ,NH,03885-0000,Public       ,136,188,324,273,342,615
00258202,NEW HAMPSHIRE COMMUNITY TECHNICAL COLLEG,NH,03038-0000,Public       ,6,9,15,16,18,34
00258204,HEW HAMPSHIRE COMMUNITY TECHNICAL COLLEG,NH,03803-2807,Public       ,9,16,25,28,25,53
00258300,GREAT BAY COMMUNITY COLLEGE             ,NH,03885-0000,Public       ,3,4,7,3,4,7
00258600,RIVIER COLLEGE                          ,NH,03060-5086,Private      ,204,222,426,1098,488,1586
00258700,SAINT ANSELM COLLEGE                    ,NH,03102-1310,Private      ,388,11,399,3121,39,3160
00258900,UNIVERSITY OF NEW HAMPSHIRE             ,NH,03824-2511,Public       ,771,376,1147,14845,2323,17168
00259000,KEENE STATE COLLEGE                     ,NH,03431-0000,Public       ,687,132,819,4991,473,5464
00259100,PLYMOUTH STATE UNIVERSITY               ,NH,03264-1595,Public       ,578,157,735,5129,618,5747
00301004,ANTIOCH UNIVERSITY                      ,NH,03431-0000,Private      ,0,210,210,2,734,736
00472900,HESSER COLLEGE                          ,NH,03103-7230,Proprietary  ,347,357,704,614,601,1215
00472901,HESSER COLLEGE - NASHUA CAMPUS          ,NH,03063-1286,Proprietary  ,44,146,190,60,195,255
00472904,HESSER COLLEGE - PORTSMOUTH CAMPUS      ,NH,03801-3245,Proprietary  ,39,107,146,80,181,261
00472905,HESSER COLLEGE - SALEM CAMPUS           ,NH,03079-2842,Proprietary  ,76,188,264,102,223,325
00472906,HESSER COLLEGE - CONCORD CAMPUS         ,NH,03301-3415,Proprietary  ,31,124,155,53,186,239
00473000,MCINTOSH COLLEGE INC                    ,NH,03820-3990,Proprietary  ,275,238,513,652,493,1145
00473100,DANIEL WEBSTER COLLEGE                  ,NH,03063-1300,Proprietary  ,164,92,256,895,168,1063
00473300,CHESTER COLLEGE OF NEW ENGLAND          ,NH,03036-4331,Private      ,67,12,79,260,30,290
00529100,WHITE MOUNTAINS COMMUNITY COLLEGE       ,NH,03570-3799,Public       ,73,121,194,162,271,433
00529101,N.H.COMM TECH COLLEGE - LACONIA         ,NH,03246-0000,Public       ,142,130,272,290,229,519
00702500,LEBANON COLLEGE                         ,NH,03766-0000,Private      ,5,21,26,6,30,36
00755500,LAKES REGION COMMUNITY COLLEGE          ,NH,03246-1326,Public       ,1,0,1,1,0,1
00756000,RIVER VALLEY COMMUNITY COLLEGE          ,NH,03743-9707,Public       ,72,161,233,143,311,454
00849300,CONTINENTAL ACADEMIE OF HAIR DESIGN     ,NH,03103-4901,Proprietary  ,9,5,14,14,7,21
00864500,EMPIRE BEAUTY SCHOOL                    ,NH,03220-0000,Proprietary  ,34,29,63,43,38,81
00923600,NASHUA COMMUNITY COLLEGE                ,NH,03063-2052,Public       ,221,187,408,388,336,724
01318900,CONTINENTAL ACADEMIE OF HAIR DESIGN     ,NH,03051-3754,Proprietary  ,17,10,27,29,11,40
02097900,FRANKLIN PIERCE LAW CENTER              ,NH,03301-0000,Private      ,3,201,204,14,651,665
02140400,ST JOSEPH SCH OF PRAC NRSG              ,NH,03060-0000,Private      ,7,57,64,16,80,96
02174800,MICHAEL'S SCHOOL OF HAIR DESIGN & ESTHET,NH,03110-0000,Proprietary  ,36,32,68,43,35,78
02179600,EMPIRE BEAUTY SCHOOL                    ,NH,03878-0000,Proprietary  ,33,39,72,43,43,86
02211600,PORTSMOUTH BTY SCH OF HAIR DESIGN       ,NH,03801-4084,Proprietary  ,7,6,13,16,9,25
02245400,KEENE BEAUTY ACADEMY                    ,NH,03431-0000,Proprietary  ,12,7,19,21,8,29
02247000,NEW ENGLAND SCHOOL OF HAIR DESIGN       ,NH,03784-0000,Proprietary  ,11,17,28,19,18,37
02300200,CONCORD ACADEMY OF HAIR DESIGN          ,NH,03301-0000,Proprietary  ,6,4,10,9,7,16
03043100,THOMAS MORE COLLEGE OF LIBERAL ARTS     ,NH,03054-4818,Private      ,31,4,35,77,9,86
03101300,GRANITE STATE COLLEGE                   ,NH,03301-6400,Public       ,44,421,465,88,727,815
03182300,NEW HAMPSHIRE INSTITUTE OF ART          ,NH,03104-4858,Private      ,85,32,117,215,54,269
03305300,SECOND START                            ,NH,03301-5706,Private      ,0,26,26,0,27,27
03437300,UPPER VALLEY TEACHER TRANING PROGRAM    ,NH,03766-1358,Private      ,0,20,20,1,32,33
03729300,NH INSTITUTE FOR THERAPEUTIC ARTS       ,NH,03051-4906,Proprietary  ,4,17,21,7,20,27
00267000,BAPTIST BIBLE COLG OF PENNSYLVANIA      ,PA,18411-1297,Private      ,310,49,359,644,96,740
00322800,BRYN ATHYN COLLEGE OF THE NEW CHURCH    ,PA,19009-0717,Private      ,34,1,35,55,1,56
00322900,ALBRIGHT COLLEGE                        ,PA,19612-5234,Private      ,711,294,1005,2752,532,3284
00323000,ALLEGHENY COLLEGE                       ,PA,16335-3902,Private      ,261,15,276,3002,53,3055
00323100,COMM CLG OF ALLEGHENY-ALLEGHENY CMP     ,PA,15212-0000,Public       ,981,1512,2493,1443,2475,3918
00323101,"COMM CLG OF ALLEGHENY, BOYCE CAMPUS     ",PA,15146-0000,Public       ,633,750,1383,877,1221,2098
00323102,"COMM CLG OF ALLEGHENY, NORTH CAMPUS     ",PA,15237-0000,Public       ,432,404,836,644,634,1278
00323103,"COMM CLG OF ALLEGHENY, SOUTH CAMPUS     ",PA,15122-0000,Public       ,800,758,1558,1171,1352,2523
00323300,ALVERNIA UNIVERSITY                     ,PA,19607-1799,Private      ,508,427,935,1372,849,2221
00323500,ARCADIA UNIVERSITY                      ,PA,19038-3295,Private      ,707,425,1132,3184,1077,4261
00323700,BRYN MAWR COLLEGE                       ,PA,19010-2899,Private      ,327,149,476,1351,439,1790
00323800,BUCKNELL UNIVERSITY                     ,PA,17837-2122,Private      ,828,42,870,4839,104,4943
00323900,BUCKS COUNTY COMMUNITY COLLEGE          ,PA,18940-1320,Public       ,906,714,1620,1629,1203,2832
00324000,BUTLER COUNTY COMMUNITY COLLEGE         ,PA,16001-0000,Public       ,669,534,1203,1045,866,1911
00324100,CABRINI COLLEGE                         ,PA,19087-3698,Private      ,536,132,668,2107,258,2365
00324200,CARNEGIE MELLON UNIVERSITY              ,PA,15213-3890,Private      ,1188,307,1495,7279,780,8059
00324201,CARNEGIE MELLON UNIV- THE HEINZ SCH     ,PA,15213-0000,Private      ,76,85,161,468,370,838
00324202,CARNEGIE MELLON- TEPPER SCHOOL OF BUSINE,PA,15213-0000,Private      ,5,203,208,11,468,479
00324300,CEDAR CREST COLLEGE                     ,PA,18104-6196,Private      ,457,487,944,1255,860,2115
00324400,CHATHAM UNIVERSITY                      ,PA,15232-2826,Private      ,115,231,346,551,775,1326
00324500,CHESTNUT HILL COLLEGE                   ,PA,19118-2693,Private      ,324,446,770,1120,825,1945
00324700,MISERICORDIA  UNIVERSITY                ,PA,18612-1008,Private      ,577,303,880,1612,580,2192
00324900,COMMUNITY COLLEGE OF PHILADELPHIA       ,PA,19130-3991,Public       ,3359,4575,7934,6246,8945,15191
00325100,CURTIS INSTITUTE OF MUSIC               ,PA,19103-6187,Private      ,26,13,39,215,86,301
00325200,DELAWARE VALLEY COLLEGE                 ,PA,18901-2697,Private      ,640,111,751,1837,188,2025
00325300,DICKINSON COLLEGE                       ,PA,17013-2896,Private      ,463,12,475,2766,47,2813
00325400,DICKINSON SCHOOL OF LAW                 ,PA,17013-2899,Private      ,5,191,196,29,1627,1656
00325600,DREXEL UNIVERSITY                       ,PA,19104-2875,Private      ,3512,3348,6860,13385,7507,20892
00325800,DUQUESNE UNIVERSITY                     ,PA,15282-0001,Private      ,2165,1580,3745,6345,3055,9400
00325900,EASTERN UNIVERSITY                      ,PA,19087-3696,Private      ,649,665,1314,2005,1197,3202
00325908,EASTERN BAPTIST THEOLGCL SEMINARY       ,PA,19096-0000,Private      ,0,47,47,0,83,83
00326200,ELIZABETHTOWN COLLEGE                   ,PA,17022-2298,Private      ,433,105,538,2710,214,2924
00326300,EVANGELICAL SCHOOL OF THEOLOGY          ,PA,17067-0000,Private      ,0,50,50,0,73,73
00326500,FRANKLIN & MARSHALL COLLEGE             ,PA,17604-0000,Private      ,324,21,345,2168,51,2219
00326600,GANNON UNIVERSITY                       ,PA,16541-0001,Private      ,467,348,815,3026,982,4008
00326700,GENEVA COLLEGE                          ,PA,15010-3599,Private      ,320,333,653,1705,682,2387
00326800,GETTYSBURG COLLEGE                      ,PA,17325-1486,Private      ,636,13,649,3472,49,3521
00326900,GROVE CITY COLLEGE                      ,PA,16127-0000,Private      ,399,10,409,1685,22,1707
00327000,GWYNEDD-MERCY COLLEGE                   ,PA,19437-0901,Private      ,543,409,952,1386,767,2153
00327200,HARCUM COLLEGE                          ,PA,19010-3476,Private      ,196,323,519,401,517,918
00327300,HARRISBURG AREA COMMUNITY COLLEGE       ,PA,17110-2999,Public       ,2376,2984,5360,4471,6219,10690
00327400,HAVERFORD COLLEGE                       ,PA,19041-1392,Private      ,255,4,259,1687,15,1702
00327500,HOLY FAMILY UNIVERSITY                  ,PA,19114-2094,Private      ,476,513,989,1580,1351,2931
00327600,IMMACULATA UNIVERSITY                   ,PA,19345-0647,Private      ,288,389,677,1032,851,1883
00327700,INDIANA UNIVERSITY OF PENNSYLVANIA      ,PA,15705-1097,Public       ,4912,1506,6418,10642,2735,13377
00327900,JUNIATA COLLEGE                         ,PA,16652-2196,Private      ,330,27,357,1848,71,1919
00328000,KEYSTONE COLLEGE                        ,PA,18440-0200,Private      ,655,284,939,1339,545,1884
00328200,KINGS COLLEGE                           ,PA,18711-0801,Private      ,425,111,536,2436,285,2721
00328300,LACKAWANNA COLLEGE                      ,PA,18509-9961,Private      ,615,327,942,969,514,1483
00328400,LAFAYETTE COLLEGE                       ,PA,18042-1768,Private      ,307,16,323,3054,34,3088
00328500,LANCASTER BIBLE COLLEGE                 ,PA,17601-5036,Private      ,250,107,357,541,195,736
00328600,LANCASTER THEOLOGICAL SEMINARY          ,PA,17603-0000,Private      ,0,49,49,0,80,80
00328700,LASALLE UNIVERSITY                      ,PA,19141-1199,Private      ,962,874,1836,4636,1977,6613
00328800,LEBANON VALLEY COLLEGE                  ,PA,17003-1400,Private      ,580,72,652,2325,155,2480
00328900,LEHIGH UNIVERSITY                       ,PA,18015-1588,Private      ,924,188,1112,6472,467,6939
00329000,LINCOLN UNIVERSITY                      ,PA,19352-0999,Public       ,943,312,1255,2835,752,3587
00329100,LUTHERAN THEOLOG SEMINARY-GETTYSBRG     ,PA,17325-0000,Private      ,0,73,73,1,134,135
00329200,LUTHERAN THEOLOGICAL SEMINARY           ,PA,19119-0000,Private      ,0,81,81,0,169,169
00329300,LYCOMING COLLEGE                        ,PA,17701-5192,Private      ,373,37,410,1822,92,1914
00329400,MANOR COLLEGE                           ,PA,19046-3399,Private      ,189,160,349,394,354,748
00329600,MARYWOOD UNIVERSITY                     ,PA,18509-1598,Private      ,563,563,1126,2033,1150,3183
00329700,MERCYHURST COLLEGE                      ,PA,16546-0001,Private      ,757,362,1119,3847,1069,4916
00329800,MESSIAH COLLEGE                         ,PA,17027-0800,Private      ,350,30,380,3135,101,3236
00330000,MOORE COLLEGE OF ART & DESIGN           ,PA,19103-1179,Private      ,102,44,146,567,156,723
00330100,MORAVIAN COLLEGE                        ,PA,18018-6650,Private      ,326,78,404,1899,173,2072
00330101,MORAVIAN THEOLOGICAL SEMINARY           ,PA,18018-0000,Private      ,4,32,36,11,56,67
00330200,MOUNT ALOYSIUS COLLEGE                  ,PA,16630-1999,Private      ,457,373,830,1052,719,1771
00330300,CARLOW COLLEGE                          ,PA,15213-3165,Private      ,377,595,972,1186,1198,2384
00330400,MUHLENBERG COLLEGE                      ,PA,18104-5586,Private      ,383,74,457,2806,147,2953
00330600,VALLEY FORGE CHRISTIAN COLLEGE          ,PA,19460-2399,Private      ,411,110,521,743,183,926
00330900,PEIRCE COLLEGE                          ,PA,19102-4699,Private      ,135,754,889,209,1280,1489
00331100,PENNSYLVANIA COLLEGE OF OPTOMETRY       ,PA,19027-1598,Private      ,6,180,186,12,769,781
00331300,WIDENER UNIVERSITY                      ,PA,19013-5792,Private      ,920,640,1560,3554,1662,5216
00331302,WIDENER UNIV SCH OF LAW- HARRISBURG     ,PA,17106-9381,Private      ,0,226,226,3,727,730
00331500,BLOOMSBURG UNIVERSITY OF PA             ,PA,17815-1301,Public       ,2578,658,3236,8078,1295,9373
00331600,CALIFORNIA UNIV OF PENNSYLVANIA         ,PA,15419-1394,Public       ,2471,1369,3840,5124,2281,7405
00331700,CHEYNEY UNIVERSITY OF PENNSYLVANIA      ,PA,19319-0200,Public       ,834,286,1120,2070,595,2665
00331800,CLARION UNIVERSITY OF PENNSYLVANIA      ,PA,16214-1232,Public       ,2168,856,3024,4636,1376,6012
00332000,EAST STROUDSBURG UNIVERSITY             ,PA,18301-2999,Public       ,2064,570,2634,6482,1120,7602
00332100,EDINBORO UNIVERSITY OF PENNSYLVANIA     ,PA,16444-0001,Public       ,1605,844,2449,4923,2144,7067
00332200,KUTZTOWN UNIVERSITY OF PENNSYLVANIA     ,PA,19530-9339,Public       ,2061,519,2580,8519,1301,9820
00332300,LOCK HAVEN UNIV OF PENNSYLVANIA         ,PA,17745-2439,Public       ,1007,274,1281,4808,827,5635
00332400,MANSFIELD UNIVERSITY                    ,PA,16933-1123,Public       ,906,431,1337,2630,866,3496
00332500,MILLERSVILLE UNIVERSITY OF PA           ,PA,17551-1800,Public       ,1510,519,2029,6777,1356,8133
00332600,SHIPPENSBURG UNIVERSITY                 ,PA,17257-2299,Public       ,1623,395,2018,6155,956,7111
00332700,SLIPPERY ROCK UNIVERSITY                ,PA,16057-1326,Public       ,3120,839,3959,6815,1471,8286
00332800,WEST CHESTER UNIVERSITY                 ,PA,19383-0001,Public       ,2329,783,3112,10868,2264,13132
00332900,PENN STATE UNIVERSITY                   ,PA,16802-1503,Public       ,16680,4943,21623,55814,11878,67692
00332901,PENN STATE UNIV-HERSHEY MEDCL CTR       ,PA,17033-0000,Public       ,15,325,340,53,1007,1060
00335000,UNIVERSITY OF THE ARTS (THE)            ,PA,19102-9493,Private      ,537,139,676,2645,425,3070
00335100,PHILADELPHIA BIBLICAL UNIVERSITY        ,PA,19047-2942,Private      ,317,171,488,785,305,1090
00335200,PHILADELPHIA CLG OSTEOPATHIC MED        ,PA,19131-0000,Private      ,10,1053,1063,19,2071,2090
00335300,UNIVERSITY OF THE SCIENCES IN PHILADELPH,PA,19104-4495,Private      ,548,255,803,2875,658,3533
00335400,PHILADELPHIA UNIVERSITY                 ,PA,19144-5497,Private      ,905,309,1214,3371,592,3963
00335600,PITTSBURGH THEOLOGICAL SEMINARY         ,PA,15206-0000,Private      ,0,87,87,0,187,187
00335700,POINT PARK UNIVERSITY                   ,PA,15222-1912,Private      ,931,864,1795,2357,1430,3787
00335800,REFORMED PRESBYTERIAN THEOL SEMINAR     ,PA,15208-0000,Private      ,0,11,11,0,20,20
00335900,ROBERT MORRIS UNIVERSITY                ,PA,15108-1189,Private      ,1451,917,2368,3269,1444,4713
00336000,ROSEMONT COLLEGE                        ,PA,19010-1699,Private      ,133,157,290,460,305,765
00336200,SETON HILL UNIVERSITY                   ,PA,15601-1599,Private      ,589,324,913,1588,574,2162
00336400,ST. CHARLES BORROMEO SEMINARY           ,PA,19096-0000,Private      ,12,16,28,25,23,48
00336600,SAINT FRANCIS UNIVERSITY                ,PA,15940-0600,Private      ,557,210,767,1669,411,2080
00336700,SAINT JOSEPH'S UNIVERSITY               ,PA,19131-1395,Private      ,933,580,1513,5211,1070,6281
00336800,ST VINCENT COLLEGE                      ,PA,15650-2690,Private      ,626,139,765,1767,204,1971
00336900,SUSQUEHANNA UNIVERSITY                  ,PA,17870-1001,Private      ,255,28,283,2242,68,2310
00337000,SWARTHMORE COLLEGE                      ,PA,19081-1397,Private      ,369,12,381,2412,33,2445
00337100,TEMPLE UNIV - MAIN CAMPUS               ,PA,19122-6003,Private      ,3798,1489,5287,22128,5355,27483
00337101,TEMPLE UNIV - SCHOOL OF LAW             ,PA,19122-0000,Private      ,13,224,237,50,2105,2155
00337102,TEMPLE UNIV - SCHOOL OF MEDICINE        ,PA,19140-0000,Private      ,8,239,247,83,1168,1251
00337103,TEMPLE UNIV - SCHOOL OF DENTISTRY       ,PA,19140-0000,Private      ,2,76,78,15,556,571
00337104,TEMPLE UNIV - AMBLER CAMPUS             ,PA,19002-0000,Private      ,196,122,318,752,494,1246
00337105,TEMPLE UNIV - SCH OF ALLIED HEALTH      ,PA,19140-0000,Private      ,68,83,151,316,298,614
00337106,TEMPLE UNIV - SCHOOL OF PHARMACY        ,PA,19140-0000,Private      ,59,149,208,321,579,900
00337107,TEMPLE UNIV - TYLER SCHOOL OF ART       ,PA,19122-0000,Private      ,107,42,149,691,262,953
00337108,TEMPLE UNIV - GRAD DIV HEALTH SCI       ,PA,19140-0000,Private      ,17,85,102,65,307,372
00337109,TEMPLE UNIV - GRADUATE DIVISION         ,PA,19122-0000,Private      ,30,636,666,127,2089,2216
00337111,TEMPLE UNIV-SCH OF PODIATRIC MED        ,PA,19107-0000,Private      ,1,57,58,7,284,291
00337600,THIEL COLLEGE                           ,PA,16125-2181,Private      ,582,69,651,1449,103,1552
00337800,UNIVERSITY OF PENNSYLVANIA              ,PA,19104-6216,Private      ,2196,2673,4869,11219,9143,20362
00337900,UNIVERSITY OF PITTSBURGH                ,PA,15260-0000,Public       ,5555,3086,8641,20713,7631,28344
00337906,UNIVERSITY OF PITTSBURGH - SCHOOL OF MED,PA,15261-0001,Public       ,10,187,197,44,906,950
00337907,UNIVERSITY OF PITTSBURGH - SCHOOL OF DEN,PA,15261-2523,Public       ,4,178,182,19,371,390
00338400,UNIVERSITY OF SCRANTON                  ,PA,18510-4622,Private      ,1302,489,1791,5346,873,6219
00338500,URSINUS COLLEGE                         ,PA,19426-2562,Private      ,354,22,376,2727,63,2790
00338600,VALLEY FORGE MILITARY COLLEGE           ,PA,19087-3695,Private      ,80,5,85,168,10,178
00338800,VILLANOVA UNIVERSITY                    ,PA,19085-1699,Private      ,1457,624,2081,9441,1280,10721
00338801,VILLANOVA UNIV SCH OF LAW               ,PA,19085-0000,Private      ,2,270,272,10,1382,1392
00338900,WASHINGTON & JEFFERSON COLLEGE          ,PA,15301-4801,Private      ,453,19,472,2264,41,2305
00339100,WAYNESBURG UNIVERSITY                   ,PA,15370-1222,Private      ,620,320,940,1652,497,2149
00339200,WESTMINSTER COLLEGE                     ,PA,16172-0002,Private      ,577,65,642,1696,92,1788
00339300,WESTMINSTER THEOLOGICAL SEMINARY        ,PA,19038-0000,Private      ,1,57,58,2,177,179
00339400,WILKES UNIVERSITY                       ,PA,18766-0998,Private      ,1032,298,1330,2999,579,3578
00339500,PENNSYLVANIA COLLEGE OF TECHNOLOGY      ,PA,17701-5779,Public       ,2331,870,3201,4826,1748,6574
00339600,WILSON COLLEGE                          ,PA,17201-1285,Private      ,119,134,253,311,267,578
00339900,YORK COLLEGE OF PENNSYLVANIA            ,PA,17405-7199,Private      ,1371,412,1783,4831,821,5652
00398600,DESALES UNIVERSITY                      ,PA,18034-9568,Private      ,571,345,916,1983,693,2676
00398700,LA ROCHE COLLEGE                        ,PA,15237-5898,Private      ,481,230,711,985,370,1355
00398800,NEUMANN COLLEGE                         ,PA,19014-1298,Private      ,784,290,1074,2177,583,2760
00405800,GRATZ COLLEGE                           ,PA,19027-3097,Private      ,0,25,25,1,48,49
00445200,MONTGOMERY COUNTY COMMUNITY COLLEGE     ,PA,19422-6300,Public       ,1156,1143,2299,1821,1831,3652
00488600,ELECTRONIC INSTITUTES                   ,PA,17057-9984,Private      ,1,0,1,1,1,2
00488700,BRANDYWINE SCHOOL OF NURSING            ,PA,19320-1536,Proprietary  ,16,37,53,35,56,91
00488900,CAMBRIA-ROWE BUSINESS COLLEGE           ,PA,15902-2494,Proprietary  ,110,123,233,158,223,381
00489000,CENTRAL PENNSYLVANIA COLLEGE            ,PA,17093-0309,Proprietary  ,222,148,370,915,430,1345
00489300,DU BOIS BUSINESS COLLEGE                ,PA,15801-2401,Proprietary  ,94,85,179,173,194,367
00489400,ERIE BUSINESS CENTER                    ,PA,16501-1305,Proprietary  ,59,187,246,82,304,386
00489401,ERIE BUSINESS CENTER SOUTH              ,PA,16101-0000,Proprietary  ,19,45,64,31,69,100
00489800,MCCANN SCHOOL OF BUSINESS & TECHNOL     ,PA,17901-1335,Proprietary  ,313,611,924,448,1010,1458
00489900,MERCY HOSP SCH OF NURSING               ,PA,15219-5166,Private      ,49,33,82,95,68,163
00490100,NEWPORT BUSINESS INSTITUTE              ,PA,15068-3929,Proprietary  ,15,19,34,24,46,70
00490200,PENN COMMERCIAL BUSINESS/TECHNICAL SCHL ,PA,15301-2871,Proprietary  ,101,160,261,162,275,437
00491000,KAPLAN CAREER INSTITUTE                 ,PA,17111-3571,Proprietary  ,143,225,368,205,326,531
00491001,THOMPSON INSTITUTE-PHILADEPHIA CAMPUS   ,PA,19104-3386,Proprietary  ,67,291,358,96,464,560
00491002,THOMPSON INSTITUTE-CHAMBERSBURG         ,PA,17201-0000,Proprietary  ,0,0,0,1,0,1
00491400,NEWPORT BUSINESS INSTITUTE              ,PA,17701-5855,Proprietary  ,15,39,54,39,88,127
00500701,WEST VIRGINIA CAREER INSTITUTE          ,PA,15456-0000,Proprietary  ,35,69,104,62,115,177
00531000,PITTSBURGH INST OF AERONAUTICS          ,PA,15236-0000,Private      ,94,65,159,147,93,240
00533000,FAYETTE CNTY AREA VOC TECH PRC NRSG     ,PA,15401-0000,Public       ,5,43,48,10,83,93
00533500,CENTRAL PENN INST OF SCI & TECH PNP     ,PA,16823-0000,Public       ,10,33,43,15,55,70
00534100,UPPER BUCKS CO AREA VOC-TECH SCHOOL     ,PA,18944-0000,Public       ,1,0,1,1,3,4
00536500,YORK CO AREA VOC-TECH SCH-PRAC NSG      ,PA,17402-0000,Public       ,6,37,43,12,46,58
00594200,UPMC PRESBYTERIAN SCH OF RADIOLOGIC     ,PA,15213-2582,Private      ,15,11,26,29,22,51
00594600,SCHOOL OF RADIOLOGIC TECHNOLOGY AT ST. C,PA,19134-1995,Proprietary  ,24,24,48,34,38,72
00653400,CITIZENS SCHOOL OF NURSING              ,PA,15068-6591,Private      ,20,69,89,33,94,127
00653700,CONEMAUGH VLY MEM HOSP SCH NRSNG        ,PA,15905-4398,Private      ,36,44,80,84,91,175
00653702,CONEMAUGH HOSP- SCH HISTOTECHNOLOGY     ,PA,15905-0000,Private      ,1,1,2,5,1,6
00653704,CONEMAUGH VLY MEM HOSP SCH RAD TECH     ,PA,15905-0000,Private      ,9,9,18,27,17,44
00653706,CONEMAUGH VLY MEM HOSP SCH  MED TECH    ,PA,15905-4398,Private      ,4,1,5,5,3,8
00653900,EPISCOPAL HOSPITAL SCHL OF NURSING      ,PA,19125-1000,Private      ,19,115,134,44,238,282
00655100,ST MARGARET SCHL OF NURSING             ,PA,15238-3205,Private      ,33,51,84,55,127,182
00656000,OHIO VALLEY HOSP SCH OF NURSING         ,PA,15136-1694,Private      ,13,29,42,16,47,63
00656500,READING HOSPITAL SCHOOL OF HEALTH SCIENC,PA,19611-1744,Private      ,69,146,215,136,246,382
00657400,"ST LUKE'S HOSPITAL OF BETHLEHEM, PA     ",PA,18015-1065,Private      ,51,56,107,73,111,184
00657600,SEWICKLEY VALLEY HOSP SCH NRSNG         ,PA,15143-1498,Private      ,30,42,72,47,79,126
00657602,HVHS SCHOOL OF RADIOLOGIC TECHNOLOGY    ,PA,15143-0000,Private      ,10,4,14,12,7,19
00657700,UPMC SHADYSIDE SCHOOL OF NURSING        ,PA,15232-1381,Private      ,43,133,176,77,227,304
00657800,SHARON REGIONAL SCHOOL OF NURSING       ,PA,16146-3395,Private      ,11,34,45,22,57,79
00658200,WASHINGTON HOSP SCH OF NURSING          ,PA,15301-3398,Private      ,33,73,106,66,132,198
00658202,WASHINGTON HOSP SCH OF RAD TECH         ,PA,15301-3398,Private      ,8,8,16,18,15,33
00658300,WESTERN PENN HOSP-SCH OF NURSING        ,PA,15224-1790,Private      ,68,64,132,106,98,204
00680700,COMMUNITY COLLEGE OF BEAVER COUNTY      ,PA,15061-2588,Public       ,459,442,901,735,735,1470
00681000,LEHIGH CARBON COMMUNITY COLLEGE         ,PA,18078-2598,Public       ,1246,983,2229,1936,1624,3560
00681100,LUZERNE COUNTY COMMUNITY COLLEGE        ,PA,18634-3899,Public       ,1261,977,2238,2034,1697,3731
00708700,ABINGTON MEM HOSP SCHL OF NURSING       ,PA,19090-1284,Private      ,36,57,93,87,131,218
00709000,METHODIST HOSPITAL SCH OF NURSING       ,PA,19148-3594,Private      ,6,11,17,11,23,34
00709100,EVEREST INSTITUTE                       ,PA,15222-1320,Proprietary  ,69,252,321,120,548,668
00711000,DELAWARE COUNTY COMMUNITY COLLEGE       ,PA,19063-1094,Public       ,1291,1372,2663,2195,2406,4601
00719100,NORTHAMPTON COMMUNITY COLLEGE           ,PA,18020-7599,Public       ,1353,1019,2372,2756,2227,4983
00739802,KATHERINE GIBBS-PHILADELPHIA            ,PA,19403-2422,Proprietary  ,16,10,26,46,39,85
00743000,ANTONELLI INST OF ART & PHOTOGRAPHY     ,PA,19038-8242,Proprietary  ,92,10,102,180,16,196
00743600,KAPLAN CAREER INSTITUTE - ICM CAMPUS    ,PA,15222-1977,Proprietary  ,261,636,897,372,1001,1373
00743700,PITTSBURGH TECHNICAL INSTITUTE          ,PA,15071-3205,Proprietary  ,746,242,988,1942,629,2571
00746900,"HUSSIAN SCHOOL OF ART, INC.             ",PA,19106-0000,Proprietary  ,78,10,88,130,13,143
00747000,"ART INSTITUTE OF PITTSBURGH, THE        ",PA,15219-1328,Proprietary  ,1702,3090,4792,3300,4712,8012
00752900,CTR ART TCH BRDYWN CMPS PRC NRS PRG     ,PA,19320-2459,Public       ,10,48,58,13,86,99
00775900,LINCOLN TECHNICAL INSTITUTE             ,PA,18104-3298,Proprietary  ,150,178,328,253,284,537
00777900,LANSDALE SCHOOL OF BUSINESS             ,PA,19454-4148,Proprietary  ,41,118,159,51,167,218
00778000,NEW CASTLE SCHOOL OF TRADES             ,PA,16143-9721,Proprietary  ,90,150,240,133,267,400
00778100,CHI INSTITUTE/RETS CAMPUS               ,PA,19008-3516,Proprietary  ,116,327,443,177,620,797
00782600,BEREAN INSTITUTE                        ,PA,19130-1526,Private      ,32,22,54,44,29,73
00783200,LINCOLN TECH INSTITUTE                  ,PA,19136-1595,Proprietary  ,149,114,263,273,265,538
00783900,TRIANGLE TECH                           ,PA,15214-3897,Proprietary  ,123,109,232,161,151,312
00791200,THADDEUS STEVENS CLG OF TECHNOLOGY      ,PA,17602-0000,Public       ,409,104,513,690,194,884
00791600,FRANKLIN CNTY CAREER & TECH CTR-PNP     ,PA,17201-0000,Public       ,4,16,20,5,20,25
00820000,JAMESON MEMORIAL HOSP SCH NURSING       ,PA,16105-2595,Private      ,21,44,65,48,91,139
00826301,AWARD BEAUTY SCHOOL - CHAMBERSBURG BEAUT,PA,17201-2435,Proprietary  ,0,0,0,1,1,2
00835000,ART INSTITUTE OF PHILADELPHIA           ,PA,19103-5198,Proprietary  ,1391,669,2060,2811,1201,4012
00844100,ANTHEM INSTITUTE                        ,PA,19064-1243,Proprietary  ,118,238,356,160,317,477
00856800,VET TECH INSTITUTE                      ,PA,15222-3400,Proprietary  ,174,49,223,230,76,306
00865300,JEFFERSON CO DUBOIS VOC TECH-PR NSG     ,PA,15851-0000,Public       ,4,21,25,13,42,55
00888900,LEHIGH VALLEY COLLEGE                   ,PA,18034-8447,Proprietary  ,264,205,469,664,568,1232
00895500,PRUONTOS HAIR DESIGN INSTITUTE & BEAUTY ,PA,16602-0000,Proprietary  ,8,8,16,12,8,20
00918600,DEAN INSTITUTE OF TECHNOLOGY            ,PA,15226-1197,Proprietary  ,19,43,62,25,64,89
00944900,PENNCO TECH                             ,PA,19007-0000,Proprietary  ,199,226,425,217,230,447
00966400,EMPIRE BEAUTY SCHOOL                    ,PA,18052-5730,Proprietary  ,67,117,184,76,135,211
00966500,EMPIRE BEAUTY SCHOOL                    ,PA,17109-2210,Proprietary  ,37,63,100,59,89,148
00966600,EMPIRE BEAUTY SCHOOL                    ,PA,19605-2803,Proprietary  ,44,64,108,58,90,148
00972100,BRADFORD SCHOOL                         ,PA,15219-2602,Proprietary  ,480,62,542,524,65,589
00972300,FRANKFORD HOSP SCH OF NURSING           ,PA,19124-2696,Private      ,87,115,202,186,216,402
00973700,UPHS PRESBYTERIAN MC SCH PRACTL NRS     ,PA,19104-2692,Private      ,0,3,3,0,3,3
00978300,GORDON PHILLIPS SCH OF BEAUTY CULT      ,PA,19135-0000,Proprietary  ,78,107,185,95,138,233
00986300,LANCASTER GENERAL COLLEGE OF NURSING AND,PA,17602-4955,Private      ,91,128,219,177,236,413
01000600,GREATER JOHNSTOWN AREA VOC TECH SCH     ,PA,15904-0000,Public       ,23,47,70,32,96,128
01005500,CRAWFORD CNTY AREA VO-TECH PRAC NUR     ,PA,16335-0000,Public       ,3,30,33,5,32,37
01017600,WESTMORELAND COUNTY COMMUNITY CLG       ,PA,15697-1895,Public       ,897,953,1850,1332,1507,2839
01038800,READING AREA COMMUNITY COLLEGE          ,PA,19603-1706,Public       ,508,876,1384,851,1518,2369
01054100,EMPIRE BEAUTY SCHOOL                    ,PA,15146-2229,Proprietary  ,75,93,168,102,140,242
01054200,EMPIRE BEAUTY SCHOOL                    ,PA,18701-0000,Proprietary  ,79,55,134,120,99,219
01054300,EMPIRE BEAUTY SCHOOL                    ,PA,17701-3914,Proprietary  ,50,57,107,66,89,155
01081400,PITTSBURGH INST MORTUARY SCIENCE        ,PA,15206-3706,Private      ,30,49,79,52,94,146
01086000,GREATER ALTOONA CAREER/TECH CENTER      ,PA,16602-0000,Public       ,22,66,88,36,90,126
01096300,GREENE COUNTY VOC-TECH SCHOOL           ,PA,15370-0000,Public       ,1,39,40,4,44,48
01097000,EMPIRE BEAUTY SCHOOL                    ,PA,17042-5209,Proprietary  ,8,5,13,13,9,22
01099800,PENNSYLVANIA INSTITUTE OF TECH          ,PA,19063-4098,Private      ,106,126,232,156,151,307
01102000,EMPIRE BEAUTY SCHOOL                    ,PA,17604-4335,Proprietary  ,34,27,61,41,45,86
01102100,EMPIRE BEAUTY SCHOOL                    ,PA,17402-2862,Proprietary  ,54,83,137,77,120,197
01162100,AUTOMOTIVE TRAINING CENTER              ,PA,19341-1310,Proprietary  ,327,67,394,486,99,585
01162200,WELDER TRAINING & TESTING INST          ,PA,18109-3253,Proprietary  ,1,0,1,1,0,1
01163800,EMPIRE BEAUTY SCHOOL                    ,PA,17876-0000,Proprietary  ,19,17,36,28,27,55
01171500,POTTSVILLE HOSPITAL SCHOOL OF NURSING   ,PA,17901-3692,Private      ,16,22,38,37,46,83
01191900,BEAVER FALLS BEAUTY ACADEMY             ,PA,15010-4208,Proprietary  ,8,16,24,9,17,26
01205000,ROSEDALE TECHNICAL INSTITUTE            ,PA,15205-9791,Private      ,85,71,156,134,120,254
01239300,THOMAS JEFF UNIV-CLG ALLIED HEALTH      ,PA,19107-0000,Private      ,84,191,275,320,528,848
01239301,JEFFERSON MED CLG-T. JEFFERSON UNIV     ,PA,19107-5587,Private      ,37,342,379,116,1189,1305
01239303,THOMAS JEFFERSON UNIV-GRADUATE COLG     ,PA,19107-0000,Private      ,32,298,330,111,624,735
01246104,LINCOLN TECHNICAL INSTITUTE             ,PA,19104-0202,Proprietary  ,99,246,345,118,257,375
01246105,LINCOLN TECHNICAL INSTITUTE             ,PA,19116-4202,Proprietary  ,78,143,221,107,198,305
01246106,THE CITTONE INSTITUTE                   ,PA,19462-1326,Proprietary  ,83,183,266,94,212,306
01252300,TALMUDICAL YESHIVA OF PHILA             ,PA,19131-1296,Private      ,1,0,1,2,0,2
01260500,EMPIRE BEAUTY SCHOOL                    ,PA,17331-2405,Proprietary  ,19,14,33,40,25,65
01260600,EMPIRE BEAUTY SCHOOL                    ,PA,17901-2505,Proprietary  ,17,54,71,35,82,117
01260700,EMPIRE BEAUTY SCHOOL                    ,PA,16801-5218,Proprietary  ,8,9,17,9,14,23
01292900,SOUTH HILLS BEAUTY ACADEMY              ,PA,15216-2335,Proprietary  ,7,8,15,10,12,22
01301500,GORDON PHILLIPS SCH BEAUTY CULTURE      ,PA,19102-2701,Proprietary  ,61,134,195,90,194,284
01313400,YESHIVATH BETH MOSHE                    ,PA,18505-2196,Private      ,1,0,1,4,0,4
01321400,ROXBOROUGH MEM HOSP SCH OF NURSING      ,PA,19128-0000,Proprietary  ,21,75,96,40,156,196
01326300,SOUTH HILLS SCH OF BUS & TECHNOLOGY     ,PA,16801-4516,Proprietary  ,267,183,450,402,327,729
01326304,SOUTH HILLS SCHOOL OF BUSINESS & TECHNOL,PA,16602-1188,Proprietary  ,10,13,23,31,28,59
02061000,VENUS BEAUTY ACADEMY                    ,PA,19079-0000,Proprietary  ,15,7,22,19,11,30
02068300,DOUGLAS SCHOOL OF BUSINESS              ,PA,15062-0000,Proprietary  ,87,80,167,139,142,281
02090200,TRIANGLE TECH                           ,PA,16502-0000,Proprietary  ,66,73,139,89,94,183
02092500,LAUREL TECHNICAL INSTITUTE              ,PA,16146-0000,Proprietary  ,13,44,57,15,73,88
02092502,BUSINESS INSTITUTE OF PENNSYLVANIA      ,PA,16335-0000,Proprietary  ,9,51,60,11,71,82
02107300,PENNSYLVANIA ACADEMY OF FINE ARTS       ,PA,19102-1424,Private      ,20,42,62,129,191,320
02112200,GREAT LAKES INSTITUTE OF TECHNOLOGY     ,PA,16509-0000,Proprietary  ,103,153,256,137,159,296
02114200,JOHNSON COLLEGE                         ,PA,18508-0000,Private      ,154,58,212,274,94,368
02116001,SANFORD-BROWN INSTITUTE - TREVOSE       ,PA,19053-4700,Proprietary  ,107,308,415,160,511,671
02118000,LEVITTOWN BEAUTY ACADEMY LLC            ,PA,19054-1713,Proprietary  ,9,12,21,11,12,23
02119300,PA ACAD OF COSMETOLOGY ARTS & SCI       ,PA,15904-0000,Proprietary  ,27,16,43,32,36,68
02119301,PA ACAD OF COSMTLGY ARTS & SCI          ,PA,15801-0000,Proprietary  ,2,1,3,5,1,6
02120800,"YORKTOWNE BUSINESS INSTITUTE, INC.      ",PA,17404-0000,Proprietary  ,71,150,221,85,234,319
02127400,YORK TECHNICAL INSTITUTE                ,PA,17402-0000,Proprietary  ,606,341,947,1130,795,1925
02129000,TRIANGLE TECH                           ,PA,15601-0000,Proprietary  ,170,135,305,221,155,376
02129001,TRIANGLE TECH - BUSINESS CAREERS INSTITU,PA,15601-3304,Proprietary  ,0,2,2,0,2,2
02144000,"VISION ACADEMY, THE                     ",PA,18103-0000,Proprietary  ,12,12,24,19,15,34
02147800,SCHUYLKILL INST BUSINESS & TECHNLGY     ,PA,17901-0000,Proprietary  ,26,41,67,46,80,126
02149000,EMPIRE BEAUTY SCHOOL                    ,PA,19341-2804,Proprietary  ,32,45,77,41,57,98
02151500,CENTRAL SUSQUEHANNA LPN CENTER          ,PA,17847-0000,Public       ,13,54,67,23,124,147
02153500,OAKBRIDGE ACADEMY OF ARTS               ,PA,15068-0000,Proprietary  ,36,10,46,50,17,67
02158300,JUNIATA-MIFFLIN CO AREA VOC TECH        ,PA,17044-0000,Public       ,4,31,35,12,41,53
02161400,NORTHEASTERN HOSP SCH OF NRSG           ,PA,19134-0000,Private      ,13,48,61,29,118,147
02169600,CLEARFIELD CTY CAREER AND TECH CNTR     ,PA,16830-0000,Public       ,3,21,24,14,41,55
02174400,TRIANGLE TECH                           ,PA,15801-0000,Proprietary  ,137,88,225,250,196,446
02178900,ACADEMY OF HAIR DESIGN                  ,PA,18202-1465,Proprietary  ,1,4,5,5,5,10
02183000,ORLEANS TECHNICAL INSTITUTE             ,PA,19111-0000,Private      ,51,148,199,68,193,261
02186705,HARRISON CAREER INSTITUTE               ,PA,18704-0000,Proprietary  ,0,1,1,0,2,2
02192800,WALNUT HILL COLLEGE                     ,PA,19104-0000,Proprietary  ,187,82,269,404,154,558
02202300,SANFORD-BROWN INSTITUTE                 ,PA,15219-1907,Proprietary  ,135,198,333,248,469,717
02202301,SANFORD-BROWN INSTITUTE                 ,PA,15146-2141,Proprietary  ,129,165,294,213,324,537
02203900,ERIE INSTITUTE OF TECHNOLOGY            ,PA,16565-1002,Proprietary  ,60,62,122,87,89,176
02206200,AMBLER BEAUTY ACADEMY                   ,PA,19002-0000,Proprietary  ,9,7,16,11,11,22
02206300,STROUDSBURG SCHOOL OF COSMETOLOGY       ,PA,18360-0000,Proprietary  ,4,13,17,11,16,27
02212700,LANCASTER SCHOOL OF COSMETOLOGY         ,PA,17602-0000,Proprietary  ,13,38,51,17,47,64
02213400,PROFESSIONAL SKILLS CAREER ACADEMY      ,PA,16148-0000,Proprietary  ,6,4,10,12,8,20
02234200,ACADEMY OF MEDICAL ARTS & BUSINESS      ,PA,17112-0000,Proprietary  ,58,101,159,64,108,172
02251200,SCHUYLKILL COUNTY AREA VOC TECH SCH     ,PA,17931-0000,Public       ,9,49,58,17,81,98
02251202,SCHUYLKILL COUNTY AREA VOC TECH SCH     ,PA,17931-0000,Public       ,5,11,16,11,16,27
02253900,BERKS TECHNICAL INSTITUTE               ,PA,19610-0000,Proprietary  ,186,167,353,336,404,740
02255200,PENNSYLVANIA SCHOOL OF BUSINESS         ,PA,18101-1604,Proprietary  ,49,117,166,57,173,230
02269900,PENNSYLVANIA COLLEGE OF ART & DESIGN    ,PA,17603-3528,Private      ,112,29,141,263,44,307
02270500,BUCKS COUNTY SCHOOL OF BEAUTY CULT      ,PA,19053-0000,Proprietary  ,13,8,21,19,13,32
02273400,RECONSTRUCTIONIST RABBINICAL COLLEG     ,PA,19095-0000,Private      ,0,12,12,0,19,19
02276600,HANOVER PUBLIC SCH DIST PRAC NURSG      ,PA,17331-0000,Public       ,6,10,16,9,24,33
02282500,LENAPE SCHOOL OF PRACTICAL NURSING      ,PA,16226-0000,Public       ,14,24,38,27,108,135
02288800,EMPIRE BEAUTY SCHOOL                    ,PA,18974-4508,Proprietary  ,24,25,49,26,27,53
02289500,PACE INSTITUTE                          ,PA,19601-0000,Proprietary  ,19,86,105,22,125,147
02289600,CONSOLIDATED SCHOOL OF BUSINESS         ,PA,17404-0000,Proprietary  ,34,53,87,50,94,144
02289700,ACADEMY OF CREATIVE HAIR DESIGN         ,PA,18702-0000,Proprietary  ,9,10,19,14,16,30
02289800,CHI INSTITUTE - FRANKLIN MILLS          ,PA,19154-0000,Proprietary  ,145,201,346,194,298,492
02290400,"ALTOONA BEAUTY SCHOOL, INC              ",PA,16602-0000,Proprietary  ,11,19,30,15,20,35
02292700,LANSDALE SCHOOL OF COSMETOLOGY          ,PA,19446-0000,Proprietary  ,4,5,9,6,9,15
02299300,TRINITY EPISCOPAL SCHOOL MINISTRY       ,PA,15003-0000,Private      ,0,16,16,0,26,26
02301300,PJA SCHOOL (THE)                        ,PA,19082-1917,Proprietary  ,34,130,164,42,218,260
02304400,YTI CAREER INSTITUTE - MECHANICSBURG    ,PA,17055-0000,Proprietary  ,84,143,227,125,253,378
02306200,VENANGO COUNTY AREA VOC TECH SCHOOL     ,PA,16301-0000,Public       ,7,16,23,12,24,36
02310800,LANCASTER COUNTY CAREER & TECH CTR      ,PA,17584-0000,Public       ,37,97,134,53,177,230
02330300,LEBANON CO CAREER & TECHNOLOGY CTR      ,PA,17042-0000,Public       ,13,68,81,17,84,101
02330600,PENNSYLVANIA GUNSMITH SCHOOL            ,PA,15202-0000,Proprietary  ,10,17,27,17,25,42
02350100,WESTERN AREA CAREER & TECHNOLOGY CT     ,PA,15317-0000,Public       ,7,22,29,13,72,85
02350200,INDIANA COUNTY TECH CTR SCH PR NSG      ,PA,15701-1465,Public       ,6,8,14,11,19,30
02353100,NORTHERN TIER CAREER CENTER             ,PA,18848-0000,Public       ,10,21,31,12,42,54
02361002,ITT TECHNICAL INSTITUTE                 ,PA,19406-0000,Proprietary  ,125,176,301,188,203,391
02362300,MERCER COUNTY AREA VOC TECH SCHOOL      ,PA,16137-0000,Public       ,8,41,49,16,51,67
02492500,DELAWARE VLY ACAD MED DNTL ASSTS        ,PA,19114-0000,Proprietary  ,1,2,3,2,2,4
02492600,EASTERN CTR ARTS AND TECH PR NSG        ,PA,19090-0000,Public       ,7,41,48,7,75,82
02495500,ALL-STATE CAREER SCHOOL                 ,PA,19029-0000,Proprietary  ,26,221,247,31,252,283
02529800,WILKES BARRE AREA CAREER AND TECHNICAL C,PA,18705-0000,Public       ,14,66,80,25,105,130
02530400,CLEARFIELD BEAUTY ACADEMY               ,PA,16830-0000,Proprietary  ,1,0,1,1,1,2
02536600,COMMONWEALTH TECH INSTIT @ HIRAM G      ,PA,15905-0000,Public       ,97,54,151,150,91,241
02539900,STAR TECHNICAL INSTITUTE                ,PA,19082-0000,Proprietary  ,8,53,61,14,103,117
02544300,BUTLER BEAUTY SCHOOL                    ,PA,16001-0000,Proprietary  ,24,45,69,30,59,89
02545000,LAWRENCE COUNTY CAREER AND TECHNICAL CEN,PA,16101-0000,Public       ,5,33,38,8,45,53
02546200,LAUREL BUSINESS INSTITUTE               ,PA,15401-0877,Proprietary  ,81,104,185,127,184,311
02550000,CLARION CO AREA VOC-TECH PRAC NRSG      ,PA,16254-0000,Public       ,5,17,22,8,26,34
02554500,HAZLETON AREA CAREER CENTER PRACTICAL NU,PA,18201-0000,Public       ,7,15,22,18,37,55
02557800,ART INSTITUTE OF YORK (THE) - PENNSYLVAN,PA,17402-9012,Proprietary  ,282,91,373,507,155,662
02558701,PRISM CAREER INSTITUTE - PHL CAMPUS     ,PA,19152-0000,Proprietary  ,1,3,4,2,6,8
02566400,ALBERT EINSTEIN MED CTR DEPT DNTL       ,PA,19141-3098,Private      ,4,1,5,7,4,11
02574800,PENNSYLVANIA INSTITUTE OF TAXIDERMY     ,PA,15931-0000,Proprietary  ,2,8,10,4,15,19
02609500,CAREER TRAINING ACADEMY                 ,PA,15068-6308,Proprietary  ,36,68,104,51,121,172
02609501,CAREER TRAINING ACADEMY                 ,PA,15146-0000,Proprietary  ,6,4,10,10,5,15
02615400,STAR TECHNICAL INSTITUTE                ,PA,19114-2204,Proprietary  ,27,118,145,49,231,280
02616100,JEAN MADELINE ED CTR FOR COSM           ,PA,19147-1542,Proprietary  ,146,83,229,192,119,311
03006800,PENNSYLVANIA CULINARY INSTITUTE         ,PA,15222-3511,Proprietary  ,494,469,963,966,755,1721
03010800,TRI-STATE BUSINESS INSTITUTE            ,PA,16506-1013,Proprietary  ,169,381,550,358,1189,1547
03011500,ALLIED MEDICAL AND TECHNICAL INSTITUTE  ,PA,18702-0000,Proprietary  ,71,69,140,78,95,173
03011600,ALLIED MEDICAL AND TECHNICAL INSTITUTE  ,PA,18509-2903,Proprietary  ,65,71,136,81,95,176
03021001,HARRISON CAREER INSTITUTE.              ,PA,18103-0000,Proprietary  ,0,4,4,1,4,5
03029900,CONSOLIDATED SCHOOL OF BUSINESS         ,PA,17603-2389,Proprietary  ,45,75,120,71,129,200
03031600,DPT BUSINESS SCHOOL                     ,PA,19116-3961,Proprietary  ,28,253,281,33,305,338
03031601,DPT BUSINESS SCHOOL                     ,PA,19106-0000,Proprietary  ,28,117,145,33,167,200
03067000,ANTONELLI MEDICAL & PROF INST           ,PA,19464-9244,Proprietary  ,3,12,15,3,15,18
03072400,ALL-STATE CAREER SCHOOL                 ,PA,15122-1000,Proprietary  ,6,62,68,6,67,73
03072600,DCI CAREER INSTITUTE                    ,PA,15061-2307,Proprietary  ,8,52,60,9,72,81
03081900,YTI CAREER INSTITUTE - ALTOONA          ,PA,16602-4457,Proprietary  ,56,132,188,83,231,314
03085200,HARRISON CAREER INSTITUTE               ,PA,19103-5402,Proprietary  ,0,8,8,0,10,10
03090800,LAKE ERIE COLL OF OSTEOPATHIC MED       ,PA,16509-0000,Private      ,36,871,907,113,1983,2096
03098600,CAREER TECH CTR OF LACKAWANNA CNTY      ,PA,18508-0000,Public       ,9,56,65,14,70,84
03101500,BIDWELL TRAINING CENTER                 ,PA,15233-2233,Private      ,2,7,9,2,11,13
03103300,JNA INSTITUTE OF CULINARY ARTS          ,PA,19146-3119,Proprietary  ,26,48,74,46,61,107
03109100,METROPOLITAN CAREER CENTER              ,PA,19144-0000,Private      ,11,80,91,15,100,115
03110700,AVIATION INSTITUTE OF MAINTENANCE       ,PA,19114-1017,Proprietary  ,39,78,117,47,105,152
03120400,REGIONAL CAREER & TECHNICAL CENTER      ,PA,16509-4699,Public       ,2,3,5,2,3,5
03126000,CENTER FOR INNOVATIVE TRAINING & ED     ,PA,19106-4414,Proprietary  ,0,2,2,1,6,7
03128400,DELAWARE COUNTY TECHNICAL SCHOOL        ,PA,19032-1998,Public       ,11,47,58,15,72,87
03128800,GECAC TRAINING INSTITUTE                ,PA,16502-1137,Private      ,2,12,14,2,15,17
03180400,PENNSYLVANIA HIGHLANDS COMMUNITY COLLEGE,PA,15904-2927,Public       ,216,192,408,337,372,709
03236400,LT INTERNATIONAL BEAUTY SCHOOL          ,PA,19130-2235,Proprietary  ,2,4,6,3,7,10
03353300,ACADEMY OF VOCAL ARTS                   ,PA,19103-6685,Private      ,2,7,9,5,25,30
03439400,NAWCC SCHOOL OF HOROLOGY                ,PA,17512-2130,Private      ,0,1,1,2,1,3
03471400,NORTH CENTRAL INDUSTRIAL TECHNICAL      ,PA,15853-9708,Private      ,5,15,20,8,18,26
03503300,WINNER INSTITUTE OF ARTS & SCIENCES     ,PA,16154-1811,Private      ,8,9,17,17,11,28
03535300,HUNTINGDON COUNTY CAREER AND TECHNO     ,PA,17060-0905,Public       ,0,15,15,0,22,22
03561400,SUSQUEHANNA COUNTY CAREER & TECHNOL     ,PA,18816-0100,Public       ,1,5,6,3,6,9
03661300,SPRINGHOUSE COMPUTER SCHOOL             ,PA,19341-1129,Proprietary  ,1,2,3,2,2,4
03766300,PENNSYLVANIA SCHOOL OF MUSCLE THERAPY   ,PA,19406-3101,Proprietary  ,10,25,35,17,38,55
03781300,PRINCETON INFORMATION TECHNOLOGY CENTER ,PA,19038-4535,Proprietary  ,0,0,0,0,1,1
03899300,CALVARY BAPTIST THEOLOGICAL SEMINARY    ,PA,19446-4718,Private      ,0,0,0,2,1,3
03923300,PRECISION MANUFACTURING INSTITUTE       ,PA,16335-8380,Private      ,3,9,12,4,10,14
03949300,WON INSTITUTE OF GRADUATE STUDIES       ,PA,19038-4535,Private      ,0,9,9,0,10,10
03950500,NORTHWEST REGIONAL TECHNOLOGY INSTITUTE ,PA,16508-2820,Proprietary  ,3,33,36,4,36,40
03952300,NATIONAL MASSAGE THERAPY INSTITUTE      ,PA,19116-3965,Proprietary  ,24,106,130,25,116,141
00267813,BRYANT & STRATTON COLLEGE - MIL DOWNTOWN,WI,53203-2608,Proprietary  ,143,519,662,207,810,1017
00383200,ALVERNO COLLEGE                         ,WI,53234-3922,Private      ,464,674,1138,1123,1465,2588
00383500,BELOIT COLLEGE                          ,WI,53511-5595,Private      ,226,28,254,1679,81,1760
00383700,CARDINAL STRITCH UNIVERSITY             ,WI,53217-9884,Private      ,305,1170,1475,659,2051,2710
00383800,CARROLL UNIVERSITY                      ,WI,53186-5593,Private      ,922,243,1165,2636,524,3160
00383900,CARTHAGE COLLEGE                        ,WI,53141-0000,Private      ,546,155,701,2929,350,3279
00384000,WESTERN TECHNICAL COLLEGE               ,WI,54601-0908,Public       ,562,726,1288,974,1066,2040
00384200,CONCORDIA UNIVERSITY WISCONSIN          ,WI,53097-2402,Private      ,713,667,1380,1672,1268,2940
00384800,EDGEWOOD COLLEGE                        ,WI,53711-1958,Private      ,374,353,727,1118,694,1812
00385000,SILVER LAKE COLLEGE                     ,WI,54220-9319,Private      ,46,126,172,108,235,343
00385400,LAKELAND COLLEGE                        ,WI,53082-0000,Private      ,441,612,1053,914,1012,1926
00385600,LAWRENCE UNIVERSITY                     ,WI,54912-0599,Private      ,392,18,410,1892,59,1951
00386100,MARIAN UNIVERSITY                       ,WI,54935-4699,Private      ,304,303,607,1042,764,1806
00386300,MARQUETTE UNIVERSITY                    ,WI,53201-0000,Private      ,629,712,1341,8933,3050,11983
00386600,MILWAUKEE AREA TECH COLLEGE             ,WI,53233-1443,Public       ,1562,3566,5128,2667,6786,9453
00386800,MILWAUKEE SCHOOL OF ENGINEERING         ,WI,53202-3109,Private      ,346,141,487,1940,396,2336
00386900,MOUNT MARY COLLEGE                      ,WI,53222-4597,Private      ,296,396,692,629,803,1432
00387400,NASHOTAH HOUSE                          ,WI,53058-0000,Private      ,0,13,13,0,31,31
00387500,NORTHLAND COLLEGE                       ,WI,54806-3999,Private      ,211,55,266,941,120,1061
00388400,RIPON COLLEGE                           ,WI,54971-0248,Private      ,257,19,276,1054,30,1084
00389200,ST. NORBERT COLLEGE                     ,WI,54115-2002,Private      ,499,32,531,1811,67,1878
00389500,UNIVERSITY OF WISCONSIN-MADISON         ,WI,53715-1382,Public       ,5344,3277,8621,16693,8755,25448
00389600,UNIVERSITY OF WISCONSIN-MILWAUKEE       ,WI,53201-3165,Public       ,4297,2957,7254,11826,6828,18654
00389700,UNIVERSITY OF WISCONSIN COLLEGES        ,WI,53708-8680,Public       ,433,356,789,914,666,1580
00389701,UNIVERSITY OF WISCONSIN-BARABOO         ,WI,53913-1098,Public       ,105,43,148,189,83,272
00389702,UNIVERSITY OF WISCONSIN-BARRON          ,WI,54868-2497,Public       ,100,42,142,210,70,280
00389703,UNIVERSITY OF WISCONSIN-FOND DU LAC     ,WI,54935-2998,Public       ,144,62,206,299,138,437
00389704,UNIVERSITY OF WISCONSIN-FOX VALLEY      ,WI,54952-1297,Public       ,309,115,424,651,255,906
00389705,UNIVERSITY OF WISCONSIN-MANITOWOC       ,WI,54220-6699,Public       ,98,36,134,197,73,270
00389706,UNIVERSITY OF WISCONSIN-MARATHON        ,WI,54401-5396,Public       ,237,89,326,444,152,596
00389707,UNIVERSITY OF WISCONSIN-MARINETTE       ,WI,54143-4299,Public       ,72,28,100,177,56,233
00389708,UNIVERSITY OF WISCONSIN-MARSHFIELD      ,WI,54449-3310,Public       ,105,48,153,204,97,301
00389709,UNIVERSITY OF WISCONSIN-RICHLAND        ,WI,53581-1399,Public       ,85,22,107,186,43,229
00389710,UNIVERSITY OF WISCONSIN COLLEGES - ROCK ,WI,53546-5699,Public       ,144,109,253,280,189,469
00389711,UNIVERSITY OF WISCONSIN-SHEBOYGAN       ,WI,53081-4789,Public       ,109,60,169,205,113,318
00389712,UNIVERSITY OF WISCONSIN-WASHINGTON      ,WI,53095-3699,Public       ,126,42,168,274,89,363
00389713,UNIVERSITY OF WISCONSIN-WAUKESHA        ,WI,53188-2799,Public       ,272,110,382,548,188,736
00389900,UNIVERSITY OF WISCONSIN-GREEN BAY       ,WI,54311-7001,Public       ,1228,541,1769,3257,1069,4326
00391100,VITERBO UNIVERSITY                      ,WI,54601-4777,Private      ,199,228,427,1330,614,1944
00391500,UNIVERSITY OF WISCONSIN-STOUT           ,WI,54751-0790,Public       ,1654,567,2221,4253,1119,5372
00391700,UNIVERSITY OF WISCONSIN-EAU CLAIRE      ,WI,54702-4004,Public       ,2342,571,2913,6121,1040,7161
00391900,UNIVERSITY OF WISCONSIN-LA CROSSE       ,WI,54601-3742,Public       ,1513,531,2044,5480,1114,6594
00392000,UNIVERSITY OF WISCONSIN-OSHKOSH         ,WI,54901-8604,Public       ,1513,659,2172,5400,1927,7327
00392100,UNIVERSITY OF WISCONSIN-PLATTEVILLE     ,WI,53818-3099,Public       ,1327,458,1785,3698,842,4540
00392300,UNIVERSITY OF WISCONSIN-RIVER FALLS     ,WI,54022-5013,Public       ,1482,371,1853,3428,667,4095
00392400,UNIVERSITY OF WISCONSIN-STEVENS POINT   ,WI,54481-3871,Public       ,2208,696,2904,5095,1198,6293
00392500,UNIVERSITY OF WISCONSIN-SUPERIOR        ,WI,54880-2898,Public       ,497,427,924,1153,854,2007
00392600,UNIVERSITY OF WISCONSIN-WHITEWATER      ,WI,53190-1792,Public       ,1749,579,2328,5505,1380,6885
00400700,MADISON AREA TECHNICAL COLLEGE          ,WI,53704-2599,Public       ,1307,1733,3040,2188,2721,4909
00501500,UNIVERSITY OF WISCONSIN-PARKSIDE        ,WI,53141-2000,Public       ,922,532,1454,2078,1081,3159
00529400,WAUKESHA COUNTY TECHNICAL COLLEGE       ,WI,53072-4696,Public       ,424,528,952,694,939,1633
00530100,NORTHEAST WISCONSIN TECHNICAL COLLEGE   ,WI,54307-9042,Public       ,667,1147,1814,1148,1928,3076
00530400,CHIPPEWA VALLEY TECHNICAL COLLEGE       ,WI,54701-6162,Public       ,768,981,1749,1227,1691,2918
00538000,MID-STATE TECHNICAL COLLEGE             ,WI,54494-5512,Public       ,296,482,778,448,717,1165
00538400,NICOLET AREA TECHNICAL COLLEGE          ,WI,54501-0000,Public       ,146,206,352,257,367,624
00538700,NORTHCENTRAL TECHNICAL COLLEGE          ,WI,54401-1899,Public       ,254,549,803,413,834,1247
00538900,GATEWAY TECHNICAL COLLEGE               ,WI,53144-1690,Public       ,464,1513,1977,716,2637,3353
00539000,BLACKHAWK TECHNICAL COLLEGE             ,WI,53547-5009,Public       ,239,568,807,376,888,1264
00610800,BELLIN HOSP SCH OF RAD TECH             ,WI,54305-3505,Private      ,4,0,4,13,4,17
00611500,MERCY MED CTR SCH OF RAD TECH           ,WI,54904-3370,Private      ,3,1,4,10,3,13
00612601,ST LUKE'S MEDCL CTR SCHL RAD TECH       ,WI,53215-4330,Private      ,0,7,7,3,16,19
00612603,ST LUKE'S MED CTR SCH OF SONOGRAPHY     ,WI,53215-0000,Private      ,1,2,3,2,8,10
00613100,THEDA CLARK REG MED CTR SCH RAD TEC     ,WI,54957-0000,Private      ,1,2,3,4,2,6
00663900,BELLIN COLLEGE                          ,WI,54305-0000,Private      ,57,48,105,176,125,301
00766900,SOUTHWEST WISCONSIN TECH COLLEGE        ,WI,53809-0000,Public       ,247,217,464,432,339,771
00777400,SCIENTIFIC COLLEGE OF BEAUTY/BARBER     ,WI,54601-0000,Proprietary  ,11,13,24,14,15,29
00821700,WISCONSIN COLLEGE OF COSMETOLOGY        ,WI,54304-0000,Proprietary  ,15,15,30,35,22,57
00919400,LAKESHORE TECHNICAL COLLEGE             ,WI,53015-1412,Public       ,204,427,631,319,721,1040
00925600,MORAINE PARK TECHNICAL COLLEGE          ,WI,54936-0000,Public       ,302,569,871,538,1237,1775
00941900,STATE CLG OF BEAUTY CULT-WAUSAU         ,WI,54403-4667,Proprietary  ,15,15,30,24,24,48
00962100,HERZING COLLEGE                         ,WI,53718-4236,Proprietary  ,203,646,849,307,1077,1384
00974400,FOX VALLEY TECHNICAL COLLEGE            ,WI,54913-0000,Public       ,696,934,1630,1245,1739,2984
01091300,MADISON MEDIA INSTITUTE                 ,WI,53718-6787,Proprietary  ,134,66,200,204,102,306
01148400,ADVANCED INSTITUTE OF HAIR DESIGN       ,WI,53225-0000,Proprietary  ,56,35,91,76,59,135
01182400,WISCONSIN INDIANHEAD TECH CLG WITC      ,WI,54871-9300,Public       ,378,558,936,590,926,1516
01290600,MADISON COSMETOLOGY COLLEGE             ,WI,53711-1030,Proprietary  ,18,22,40,28,37,65
02077100,MILWAUKEE INST OF ART & DESIGN          ,WI,53202-0000,Private      ,131,30,161,618,88,706
02078000,SACRED HEART SCHOOL OF THEOLOGY         ,WI,53130-0000,Private      ,0,7,7,0,11,11
02136600,WISCONSIN LUTHERAN COLLEGE              ,WI,53226-0000,Private      ,251,28,279,687,53,740
02201803,KAPLAN COLLEGE - MILWAUKEE              ,WI,53212-3939,Proprietary  ,49,294,343,49,296,345
02271300,WI SCH OF PROFESSIONAL PSYCHOLOGY       ,WI,53225-0000,Private      ,0,34,34,0,48,48
02317200,MARANATHA BAPTIST BIBLE COLLEGE         ,WI,53094-0000,Private      ,250,21,271,477,42,519
02324700,EMPIRE BEAUTY SCHOOL                    ,WI,53717-0000,Proprietary  ,42,55,97,63,84,147
02332100,EMPIRE BEAUTY SCHOOL                    ,WI,54220-0000,Proprietary  ,29,58,87,48,99,147
02453500,MEDICAL COLLEGE OF WISCONSIN            ,WI,53226-0000,Private      ,7,119,126,18,1064,1082
02494300,GILL-TECH ACADEMY OF HAIR DESIGN        ,WI,54911-0000,Proprietary  ,31,16,47,39,21,60
02532200,LAC COURTE OREILLES OJIBWA CMTY CLG     ,WI,54843-0000,Public       ,17,86,103,22,106,128
03007400,LAKESIDE SCHOOL OF MASSAGE THERAPY      ,WI,53719-1103,Private      ,17,26,43,27,38,65
03061200,MIDWEST COLLEGE OF ORIENTAL MEDICINE    ,WI,53403-9747,Proprietary  ,1,75,76,2,86,88
03077600,EMPIRE BEAUTY SCHOOL                    ,WI,54304-4838,Proprietary  ,64,92,156,94,172,266
03087500,ITT TECHNICAL INSTITUTE                 ,WI,53220-4612,Proprietary  ,341,523,864,463,734,1197
03125100,COLLEGE OF MENOMINEE NATION             ,WI,54135-0000,Private      ,31,125,156,51,207,258
03220300,"SALON PROFESSIONAL ACADEMY, THE         ",WI,54701-7633,Proprietary  ,29,35,64,44,45,89
03309300,MONTESSORI INSTITUTE OF MILWAUKEE       ,WI,53207-0000,Private      ,0,8,8,0,15,15
03822300,FOUR SEASONS SALON AND COSMETOLOGY SCHOO,WI,53566-0000,Proprietary  ,3,4,7,4,7,11
03872500,NORTHLAND INTERNATIONAL UNIVERSITY      ,WI,54119-9285,Private      ,108,10,118,195,15,210
03925300,BLUE SKY SCHOOL OF PROFESSIONAL MASSAGE ,WI,53024-9699,Private      ,12,29,41,24,49,73
00290500,NORTH CAROLINA A&T STATE UNIV           ,NC,27411-0001,Public       ,3142,1322,4464,11073,3226,14299
00290600,APPALACHIAN STATE UNIVERSITY            ,NC,28608-2059,Public       ,1904,694,2598,9431,2118,11549
00290700,UNIVERSITY OF NC AT ASHEVILLE           ,NC,28804-3299,Public       ,538,323,861,2314,826,3140
00290800,BARTON COLLEGE                          ,NC,27893-3104,Private      ,327,192,519,1029,449,1478
00291000,BELMONT ABBEY COLLEGE                   ,NC,28012-1802,Private      ,276,182,458,897,313,1210
00291100,BENNETT COLLEGE                         ,NC,27401-3239,Private      ,215,44,259,723,180,903
00291200,BREVARD COLLEGE                         ,NC,28712-3306,Private      ,198,45,243,742,101,843
00291300,CAMPBELL UNIVERSITY                     ,NC,27506-0036,Private      ,706,779,1485,2911,2142,5053
00291400,CATAWBA COLLEGE                         ,NC,28144-2488,Private      ,257,148,405,1101,335,1436
00291500,CENTRAL PIEDMONT COMMUNITY COLLEGE      ,NC,28204-2297,Public       ,1229,2479,3708,2545,4511,7056
00291600,CHOWAN UNIVERSITY                       ,NC,27855-1850,Private      ,327,64,391,1121,139,1260
00291700,COLLEGE OF THE ALBEMARLE                ,NC,27909-2327,Public       ,129,282,411,366,673,1039
00291800,DAVIDSON COLLEGE                        ,NC,28035-7157,Private      ,314,9,323,1858,26,1884
00291900,DAVIDSON COUNTY COMMUNITY COLLEGE       ,NC,27293-0000,Public       ,161,603,764,347,1065,1412
00292000,DUKE UNIVERSITY                         ,NC,27708-0397,Private      ,1348,248,1596,10016,812,10828
00292001,DUKE UNIV - SCHOOL OF MEDICINE          ,NC,27710-0000,Private      ,8,303,311,45,954,999
00292002,DUKE UNIV - SCHOOL OF LAW               ,NC,27708-0000,Private      ,5,238,243,19,1702,1721
00292003,DUKE UNIV - GRAD SCH ARTS & SCIENCE     ,NC,27708-0000,Private      ,5,162,167,32,568,600
00292004,DUKE UNIV - FUQUA SCH OF BUSINESS       ,NC,27708-0000,Private      ,5,427,432,35,897,932
00292005,DUKE UNIV/NICHOLAS SCH OF ENVIRON.      ,NC,27708-0000,Private      ,4,88,92,13,274,287
00292006,DUKE UNIV - DIVINITY SCHOOL             ,NC,27708-0000,Private      ,5,240,245,47,603,650
00292007,DUKE UNIV - SCHOOL OF NURSING           ,NC,27710-0000,Private      ,7,101,108,49,329,378
00292300,EAST CAROLINA UNIVERSITY                ,NC,27858-1818,Public       ,3192,2507,5699,12664,6179,18843
00292600,ELIZABETH CITY STATE UNIVERSITY         ,NC,27909-7806,Public       ,578,278,856,2448,834,3282
00292700,ELON UNIVERSITY                         ,NC,27244-2010,Private      ,547,143,690,5096,444,5540
00292800,FAYETTEVILLE STATE UNIVERSITY           ,NC,28301-4298,Public       ,1217,1626,2843,4056,3630,7686
00292900,GARDNER-WEBB UNIVERSITY                 ,NC,28017-0000,Private      ,473,729,1202,1625,1370,2995
00293000,GREENSBORO COLLEGE                      ,NC,27401-1875,Private      ,337,218,555,1175,471,1646
00293100,GUILFORD COLLEGE                        ,NC,27410-4171,Private      ,473,663,1136,1900,1514,3414
00293300,HIGH POINT UNIVERSITY                   ,NC,27262-4221,Private      ,449,511,960,1824,1071,2895
00293400,ISOTHERMAL COMMUNITY COLLEGE            ,NC,28160-0804,Public       ,154,438,592,304,727,1031
00293500,JOHN WESLEY COLLEGE                     ,NC,27265-0000,Private      ,13,60,73,26,126,152
00293600,JOHNSON C SMITH UNIVERSITY              ,NC,28216-5398,Private      ,724,166,890,2551,433,2984
00293700,KING'S COLLEGE-CHARLOTTE                ,NC,28204-2435,Proprietary  ,332,108,440,411,149,560
00293900,LEES MCRAE COLLEGE                      ,NC,28604-0000,Private      ,220,69,289,721,184,905
00294000,LENOIR COMMUNITY COLLEGE                ,NC,28502-0188,Public       ,207,561,768,426,974,1400
00294100,LENOIR-RHYNE UNIVERSITY                 ,NC,28603-0000,Private      ,431,167,598,1598,379,1977
00294200,LIVINGSTONE COLLEGE                     ,NC,28144-5298,Private      ,337,87,424,778,204,982
00294300,LOUISBURG COLLEGE                       ,NC,27549-2398,Private      ,287,31,318,777,68,845
00294400,MARS HILL COLLEGE                       ,NC,28754-0000,Private      ,397,149,546,1220,305,1525
00294500,MEREDITH COLLEGE                        ,NC,27607-5298,Private      ,220,204,424,1556,628,2184
00294600,METHODIST UNIVERSITY                    ,NC,28311-1420,Private      ,587,394,981,1669,774,2443
00294700,MITCHELL COMMUNITY COLLEGE              ,NC,28677-5264,Public       ,171,436,607,329,786,1115
00294800,MONTREAT COLLEGE                        ,NC,28757-1267,Private      ,149,179,328,459,349,808
00294900,MOUNT OLIVE COLLEGE                     ,NC,28365-1299,Private      ,276,874,1150,630,1521,2151
00295000,NORTH CAROLINA CENTRAL UNIVERSITY       ,NC,27707-3198,Public       ,1342,1780,3122,5945,4485,10430
00295100,NORTH CAROLINA WESLEYAN COLLEGE         ,NC,27804-8699,Private      ,300,368,668,974,660,1634
00295300,PEACE COLLEGE                           ,NC,27604-1194,Private      ,210,41,251,675,125,800
00295400,UNIV OF NORTH CAROLINA AT PEMBROKE      ,NC,28372-1510,Public       ,1008,909,1917,3527,2121,5648
00295500,PFEIFFER UNIVERSITY                     ,NC,28109-0000,Private      ,231,359,590,716,657,1373
00295600,PIEDMONT BAPTIST COLLEGE AND GRADUATE SC,NC,27101-5025,Private      ,71,60,131,135,89,224
00295700,QUEENS UNIVERSITY OF CHARLOTTE          ,NC,28274-0001,Private      ,323,398,721,1107,746,1853
00295800,ROCKINGHAM COMMUNITY COLLEGE            ,NC,27375-0000,Public       ,138,317,455,371,696,1067
00296000,SALEM COLLEGE                           ,NC,27108-0000,Private      ,103,147,250,467,358,825
00296100,SANDHILLS COMMUNITY COLLEGE             ,NC,28374-8283,Public       ,277,692,969,556,1212,1768
00296200,SHAW UNIVERSITY                         ,NC,27601-2393,Private      ,760,662,1422,2450,1737,4187
00296300,SOUTHEASTERN BAPTIST THEOL SEMINARY     ,NC,27588-0000,Private      ,5,30,35,27,68,95
00296400,SOUTHEASTERN COMMUNITY COLLEGE          ,NC,28472-5422,Public       ,168,394,562,337,650,987
00296700,ST ANDREWS PRESBYTERIAN COLLEGE         ,NC,28352-9979,Private      ,243,47,290,643,100,743
00296800,ST AUGUSTINES COLLEGE                   ,NC,27610-2298,Private      ,523,167,690,1379,355,1734
00297000,SURRY COMMUNITY COLLEGE                 ,NC,27017-0304,Public       ,247,359,606,505,672,1177
00297200,NORTH CAROLINA STATE UNIV-RALEIGH       ,NC,27695-1751,Public       ,2496,1509,4005,15404,5099,20503
00297300,GASTON COLLEGE                          ,NC,28034-1499,Public       ,330,842,1172,741,1501,2242
00297400,UNIVERSITY OF N C-CHAPEL HILL           ,NC,27514-0000,Public       ,1022,1494,2516,15475,8855,24330
00297500,UNIVERSITY OF NC AT CHARLOTTE           ,NC,28223-0001,Public       ,2415,1925,4340,10772,5700,16472
00297600,UNIVERSITY OF N C - GREENSBORO          ,NC,27412-0001,Public       ,1807,1651,3458,10517,5360,15877
00297800,WAKE FOREST UNIV - UNDERGRADUATE        ,NC,27109-7246,Private      ,395,45,440,3930,147,4077
00297801,WAKE FOREST UNIV - SCH OF MEDICINE      ,NC,27157-1090,Private      ,12,228,240,34,802,836
00297803,WAKE FOREST UNIVERSITY - SCHOOLS OF BUSI,NC,27109-7659,Private      ,2,223,225,18,348,366
00297805,WAKE FOREST UNIV - SCH OF LAW           ,NC,27109-7206,Private      ,3,261,264,9,964,973
00297806,WAKE FOREST UNIV - GRAD A&S/DIVINITY    ,NC,27109-7246,Private      ,10,93,103,35,281,316
00297900,WARREN WILSON COLLEGE                   ,NC,28815-0000,Private      ,238,51,289,865,221,1086
00298000,WAYNE COMMUNITY COLLEGE                 ,NC,27533-0000,Public       ,274,578,852,578,1107,1685
00298100,WESTERN CAROLINA UNIVERSITY             ,NC,28723-9731,Public       ,1566,697,2263,5076,1606,6682
00298200,WESTERN PIEDMONT COMMUNITY COLLEGE      ,NC,28655-4504,Public       ,140,330,470,456,1045,1501
00298300,WILKES COMMUNITY COLLEGE                ,NC,28697-2100,Public       ,193,296,489,433,579,1012
00298400,UNIVERSITY OF N C-WILMINGTON            ,NC,28403-3297,Public       ,2085,1024,3109,7814,2366,10180
00298500,WINGATE UNIVERSITY                      ,NC,28174-0159,Private      ,420,186,606,1565,410,1975
00298600,WINSTON-SALEM STATE UNIVERSITY          ,NC,27102-0000,Public       ,1260,831,2091,5606,2355,7961
00398100,UNC SCHOOL OF THE ARTS                  ,NC,27127-2188,Public       ,180,64,244,916,209,1125
00403300,ASHEVILLE BUNCOMBE TECH CMTY CLG        ,NC,28801-4897,Public       ,312,668,980,661,1316,1977
00406200,PITT COMMUNITY COLLEGE                  ,NC,28590-0000,Public       ,554,996,1550,1252,1862,3114
00483500,CALDWELL COMMUNITY CLG & TECH INST      ,NC,28638-2626,Public       ,277,631,908,552,1039,1591
00483800,GUILFORD TECHNICAL COMMUNITY CLG        ,NC,27282-0309,Public       ,727,1395,2122,1959,3928,5887
00484400,WAKE TECHNICAL COMMUNITY COLLEGE        ,NC,27603-5696,Public       ,661,1498,2159,1616,3189,4805
00484500,WILSON COMMUNITY COLLEGE                ,NC,27893-3310,Public       ,106,472,578,216,794,1010
00499201,MILLER-MOTTE TECHNICAL COLLEGE - MILLER-,NC,27511-9209,Proprietary  ,29,305,334,38,403,441
00531600,COASTAL CAROLINA COMMUNITY COLLEGE      ,NC,28546-6816,Public       ,228,718,946,469,1376,1845
00531700,FORSYTH TECHNICAL COMMUNITY COLLEGE     ,NC,27103-5197,Public       ,427,1340,1767,905,2636,3541
00531800,CATAWBA VALLEY COMMUNITY COLLEGE        ,NC,28602-8302,Public       ,305,637,942,761,1319,2080
00532000,CAPE FEAR COMMUNITY COLLEGE             ,NC,28401-3910,Public       ,608,848,1456,1214,1435,2649
00544700,RANDOLPH COMMUNITY COLLEGE              ,NC,27204-1009,Public       ,156,303,459,343,714,1057
00544800,DURHAM TECHNICAL CMNTY COLLEGE          ,NC,27703-5023,Public       ,211,879,1090,442,1671,2113
00544900,CENTRAL CAROLINA COMMUNITY COLLEGE      ,NC,27330-9000,Public       ,217,633,850,495,1230,1725
00546300,ALAMANCE COMMUNITY COLLEGE              ,NC,27253-0000,Public       ,229,717,946,453,1222,1675
00546400,RICHMOND COMMUNITY COLLEGE              ,NC,28345-4522,Public       ,133,458,591,245,826,1071
00575400,ROWAN-CABARRUS COMMUNITY COLLEGE        ,NC,28145-1595,Public       ,332,763,1095,670,1590,2260
00647700,CABARRUS COLLEGE OF HEALTH SCIENCES     ,NC,28025-0000,Private      ,69,109,178,172,245,417
00647800,MERCY HOSP SCH OF NURSING               ,NC,28207-0000,Public       ,21,95,116,70,207,277
00648300,WATTS SCHOOL OF NURSING                 ,NC,27704-0000,Private      ,14,73,87,49,151,200
00679900,CRAVEN COMMUNITY COLLEGE                ,NC,28562-0000,Public       ,135,505,640,314,1080,1394
00703100,PAMLICO COMMUNITY COLLEGE               ,NC,28529-0000,Public       ,11,42,53,24,80,104
00764000,FAYETTEVILLE TECHNICAL CMTY COLLEGE     ,NC,28303-0236,Public       ,699,2803,3502,1398,5332,6730
00768700,JAMES SPRUNT COMMUNITY COLLEGE          ,NC,28349-0398,Public       ,69,223,292,171,463,634
00781400,BROOKSTONE COLLEGE OF BUSINESS          ,NC,28262-0000,Proprietary  ,12,122,134,20,148,168
00781401,BROOKSTONE COLLEGE OF BUSINESS          ,NC,27409-0000,Proprietary  ,26,165,191,32,212,244
00789200,SAMPSON COMMUNITY COLLEGE               ,NC,28328-0000,Public       ,90,322,412,263,761,1024
00798500,SOUTH PIEDMONT COMMUNITY COLLEGE        ,NC,28135-9703,Public       ,108,399,507,178,628,806
00798600,HALIFAX COMMUNITY COLLEGE               ,NC,27890-0089,Public       ,93,251,344,219,490,709
00798700,BLADEN COMMUNITY COLLEGE                ,NC,28332-0266,Public       ,81,364,445,183,747,930
00798800,MARTIN COMMUNITY COLLEGE                ,NC,27892-8307,Public       ,65,288,353,112,481,593
00808100,CARTERET COMMUNITY COLLEGE              ,NC,28557-2989,Public       ,107,307,414,203,525,728
00808200,CLEVELAND COMMUNITY COLLEGE             ,NC,28150-0000,Public       ,134,570,704,301,993,1294
00808300,HAYWOOD COMMUNITY COLLEGE               ,NC,28721-0000,Public       ,130,218,348,257,429,686
00808500,MCDOWELL TECHNICAL COMMUNITY CLG        ,NC,28752-8728,Public       ,58,150,208,120,254,374
00808700,MONTGOMERY COMMUNITY COLLEGE            ,NC,27371-0787,Public       ,49,173,222,109,344,453
00846600,SOUTHWESTERN COMMUNITY COLLEGE          ,NC,28779-8581,Public       ,143,278,421,318,530,848
00855700,NASH COMMUNITY COLLEGE                  ,NC,27804-0488,Public       ,168,357,525,329,558,887
00855800,BEAUFORT COUNTY COMMUNITY COLLEGE       ,NC,27889-7889,Public       ,115,279,394,214,560,774
00861200,ROBESON COMMUNITY COLLEGE               ,NC,28359-2151,Public       ,218,751,969,427,1458,1885
00861300,ROANOKE-CHOWAN COMMUNITY COLLEGE        ,NC,27910-9522,Public       ,74,181,255,133,365,498
00885500,EDGECOMBE COMMUNITY COLLEGE             ,NC,27886-9399,Public       ,83,386,469,160,561,721
00885501,EDGECOMBE COMMUNITY COLLEGE             ,NC,27801-0000,Public       ,40,238,278,90,341,431
00902500,SOUTH EASTERN CLG OF BEAUTY CULTURE     ,NC,28204-0000,Proprietary  ,34,92,126,41,128,169
00933600,JOHNSTON COMMUNITY COLLEGE              ,NC,27577-0000,Public       ,192,429,621,423,849,1272
00943000,TRI-COUNTY COMMUNITY COLLEGE            ,NC,28906-7919,Public       ,66,131,197,133,243,376
00964600,PIEDMONT COMMUNITY COLLEGE              ,NC,27573-1197,Public       ,71,259,330,151,555,706
00968400,BLUE RIDGE COMMUNITY COLLEGE            ,NC,28731-9624,Public       ,103,223,326,226,394,620
00974701,GORDON-CONWELL THEO SEM - CHARLOTTE     ,NC,28273-0000,Private      ,0,60,60,1,113,114
00990300,VANCE-GRANVILLE CMTY COLLEGE            ,NC,27536-0917,Public       ,201,619,820,466,1263,1729
01026400,SOUTH COLLEGE                           ,NC,28803-3152,Proprietary  ,10,66,76,21,108,129
01119400,STANLY COMMUNITY COLLEGE                ,NC,28001-7458,Public       ,117,326,443,255,588,843
01119700,MAYLAND COMMUNITY COLLEGE               ,NC,28777-2777,Public       ,68,129,197,176,254,430
01179900,PAUL MITCHELL THE SCHOOL FAYETTEVILLE   ,NC,28303-5364,Proprietary  ,5,37,42,7,56,63
01192600,LEON'S BEAUTY SCHOOL                    ,NC,27403-2812,Proprietary  ,24,33,57,49,72,121
02056500,MITCHELL'S HAIR STYLING ACADEMY         ,NC,27893-0000,Proprietary  ,9,20,29,20,47,67
02056501,MITCHELL'S HAIR STYLING ACADEMY - MITCHE,NC,27606-3326,Proprietary  ,3,13,16,10,19,29
02110500,ART INSTITUTE OF CHARLOTTE (THE)        ,NC,28217-0000,Proprietary  ,370,293,663,856,592,1448
02170700,BRUNSWICK COMMUNITY COLLEGE             ,NC,28422-0000,Public       ,85,169,254,161,296,457
02205000,COLLEGE OF WILMINGTON                   ,NC,28403-0000,Proprietary  ,2,10,12,3,19,22
02210400,FAYETTEVILLE BEAUTY COLLEGE             ,NC,28303-0000,Proprietary  ,9,42,51,16,75,91
02227800,MITCHELL'S HAIR STYLING ACADEMY         ,NC,27534-0000,Proprietary  ,0,0,0,0,7,7
02227900,MITCHELL'S HAIR STYLING ACADEMY         ,NC,27858-0000,Proprietary  ,3,9,12,6,14,20
02238700,HAIRSTYLING INSTITUTE OF CHARLOTTE      ,NC,28204-0000,Proprietary  ,5,28,33,13,50,63
02280900,ROANOKE BIBLE COLLEGE                   ,NC,27909-0000,Private      ,27,21,48,87,39,126
02286300,CAROLINA BEAUTY COLLEGE                 ,NC,27262-0000,Proprietary  ,49,333,382,64,384,448
02558900,CHEVEUX SCHOOL OF HAIR DESIGN           ,NC,28540-0000,Proprietary  ,2,11,13,3,14,17
02560600,PINNACLE INSTITUTE OF COSMETOLOGY       ,NC,28115-8020,Proprietary  ,8,13,21,15,16,31
02614201,MILLER-MOTTE BUSINESS COLLEGE           ,NC,28403-0000,Proprietary  ,80,398,478,98,570,668
03009500,WINSTON-SALEM BARBER SCHOOL             ,NC,27107-0000,Proprietary  ,4,20,24,25,43,68
03064400,REGENCY BEAUTY INSTITUTE                ,NC,27127-0000,Proprietary  ,14,29,43,18,41,59
03089300,HERITAGE BIBLE COLLEGE                  ,NC,28335-0000,Private      ,9,25,34,13,42,55
03104200,CAROLINAS COLLEGE OF HEALTH SCIENCE     ,NC,28232-2861,Public       ,49,187,236,144,330,474
03104201,CHS NURSE ANESTHESIA PROGRAM / UNCC     ,NC,28232-2861,Public       ,22,42,64,94,105,199
03109000,SCHOOL OF COMMUNICATION ARTS OF NORTH CA,NC,27614-7076,Proprietary  ,130,63,193,220,87,307
03237300,ANSON COLLEGE OF COSMETOLOGY            ,NC,28170-2147,Proprietary  ,1,7,8,6,18,24
03361300,MEDICAL ARTS MASSAGE SCHOOL             ,NC,27616-6453,Proprietary  ,8,23,31,13,42,55
03513400,APEX SCHOOL OF THEOLOGY                 ,NC,27703-8024,Private      ,3,13,16,4,34,38
03555400,SOUTHEASTERN SCHOOL OF NEUROMUSCULAR  MA,NC,29406-0000,Proprietary  ,1,14,15,2,17,19
03570300,CAROLINA CHRISTIAN COLLEGE              ,NC,27105-3241,Private      ,2,10,12,7,25,32
03663300,HOOD THEOLOGICAL SEMINARY               ,NC,28144-5768,Private      ,0,54,54,1,82,83
03748500,LA SHE'S BEAUTY ACADEMY                 ,NC,27707-3569,Proprietary  ,1,1,2,9,14,23
03777300,CAROLINA ACAD OF COSMETIC ART & SCI     ,NC,28054-0460,Proprietary  ,23,22,45,29,43,72
03827300,NEW LIFE THEOLOGICAL SEMINARY           ,NC,28205-1648,Private      ,0,9,9,0,21,21
00298800,BISMARCK STATE COLLEGE                  ,ND,58501-1299,Public       ,374,281,655,1256,731,1987
00298900,DICKINSON STATE UNIVERSITY              ,ND,58601-4896,Public       ,267,158,425,1137,418,1555
00299000,JAMESTOWN COLLEGE                       ,ND,58405-3401,Private      ,192,32,224,755,103,858
00299100,LAKE REGION STATE COLLEGE               ,ND,58301-1598,Public       ,64,74,138,225,187,412
00299200,UNIVERSITY OF MARY                      ,ND,58504-9652,Private      ,315,371,686,1512,843,2355
00299300,MAYVILLE STATE UNIVERSITY               ,ND,58257-1299,Public       ,111,54,165,455,149,604
00299400,MINOT STATE UNIVERSITY                  ,ND,58707-0002,Public       ,409,450,859,1330,1058,2388
00299500,MINOT STATE UNIV-BOTTINEAU CAMPUS       ,ND,58318-1159,Public       ,46,46,92,159,103,262
00299600,NORTH DAKOTA STATE CLG OF SCIENCE       ,ND,58076-0002,Public       ,419,209,628,1230,403,1633
00299700,NORTH DAKOTA STATE UNIVERSITY           ,ND,58108-6050,Public       ,1605,660,2265,6711,1675,8386
00300500,UNIVERSITY OF NORTH DAKOTA              ,ND,58202-8193,Public       ,1988,1087,3075,6281,2802,9083
00300700,WILLISTON STATE COLLEGE                 ,ND,58802-1326,Public       ,81,130,211,235,263,498
00300800,VALLEY CITY STATE UNIVERSITY            ,ND,58072-0000,Public       ,156,72,228,531,140,671
00484600,RASMUSSEN COLLEGE                       ,ND,58103-7196,Proprietary  ,160,576,736,228,777,1005
00775600,JOSEF'S SCHOOL OF HAIR DESIGN INC       ,ND,58102-4977,Proprietary  ,15,15,30,38,27,65
00935400,MEDCENTER ONE COLLEGE OF NURSING        ,ND,58501-4494,Private      ,16,17,33,50,64,114
01040600,JOSEF'S SCHOOL OF HAIR DESIGN           ,ND,58201-6394,Proprietary  ,15,15,30,26,24,50
01205900,TRINITY BIBLE COLLEGE                   ,ND,58436-7150,Private      ,78,51,129,196,91,287
01229500,R D HAIRSTYLING COLLEGE                 ,ND,58501-4001,Proprietary  ,4,5,9,17,13,30
02188200,SITTING BULL COLLEGE                    ,ND,58538-9721,Public       ,15,88,103,18,131,149
02236500,LITTLE HOOP COMMUNITY COLLEGE           ,ND,58335-0000,Public       ,8,17,25,10,33,43
02242900,UNITED TRIBES TECHNICAL COLLEGE         ,ND,58504-0000,Private      ,59,190,249,107,325,432
02298200,HEADQUARTERS ACADEMY OF HAIR DESIGN     ,ND,58701-0000,Proprietary  ,4,9,13,11,15,26
02301100,TURTLE MTN CMNTY COLG-FIN AID OFC       ,ND,58316-0000,Private      ,27,66,93,84,160,244
02553700,FORT BERTHOLD COMMUNITY COLLEGE         ,ND,58763-0000,Public       ,5,18,23,12,37,49
03087200,MOLER BARBER CLG OF HAIRSTYLING         ,ND,58103-0000,Proprietary  ,1,6,7,3,9,12
04031300,SALON PROFESSIONAL ACADEMY (THE)        ,ND,58103-3337,Proprietary  ,17,6,23,37,11,48
00301005,ANTIOCH UNIV/SEATTLE                    ,WA,98121-0000,Private      ,10,419,429,22,870,892
00376900,BELLEVUE COMMUNITY COLLEGE              ,WA,98007-6484,Public       ,754,963,1717,1939,2398,4337
00377000,BIG BEND COMMUNITY COLLEGE              ,WA,98837-3299,Public       ,174,303,477,503,696,1199
00377100,"CENTRAL WASHINGTON UNIV., FIN AID       ",WA,98926-7495,Public       ,1636,1057,2693,6668,3154,9822
00377200,CENTRALIA COLLEGE                       ,WA,98531-4099,Public       ,205,371,576,581,756,1337
00377300,CLARK COLLEGE                           ,WA,98663-3598,Public       ,898,1444,2342,2070,3545,5615
00377400,COLUMBIA BASIN COLLEGE                  ,WA,99301-3379,Public       ,494,809,1303,1378,1792,3170
00377500,EASTERN WASHINGTON UNIVERSITY           ,WA,99004-2447,Public       ,1103,1130,2233,6987,4342,11329
00377600,EVERETT COMMUNITY COLLEGE               ,WA,98201-1352,Public       ,439,976,1415,1072,2243,3315
00377700,HERITAGE UNIVERSITY                     ,WA,98948-9562,Private      ,66,402,468,355,1195,1550
00377800,GONZAGA UNIVERSITY                      ,WA,99258-0083,Private      ,306,477,783,5658,2453,8111
00377900,GRAYS HARBOR COLLEGE                    ,WA,98520-7599,Public       ,134,259,393,365,594,959
00378000,GREEN RIVER COMMUNITY COLLEGE           ,WA,98092-3622,Public       ,625,767,1392,1355,1764,3119
00378100,HIGHLINE COMMUNITY COLLEGE              ,WA,98198-9800,Public       ,599,1104,1703,1258,2128,3386
00378200,LOWER COLUMBIA COLLEGE                  ,WA,98632-0310,Public       ,218,562,780,428,902,1330
00378300,NORTHWEST UNIVERSITY                    ,WA,98083-0000,Private      ,175,133,308,995,434,1429
00378400,OLYMPIC COLLEGE                         ,WA,98337-1600,Public       ,333,710,1043,788,1775,2563
00378500,PACIFIC LUTHERAN UNIVERSITY             ,WA,98447-0003,Private      ,563,393,956,3646,1299,4945
00378600,PENINSULA COLLEGE                       ,WA,98362-6660,Public       ,118,282,400,241,599,840
00378700,SEATTLE CENTRAL COMMUNITY COLLEGE       ,WA,98122-2413,Public       ,594,1143,1737,1435,2656,4091
00378703,SEATTLE VOCATIONAL INSTITUTE            ,WA,98144-0000,Public       ,9,57,66,26,97,123
00378800,SEATTLE PACIFIC UNIVERSITY              ,WA,98119-1997,Private      ,696,410,1106,4008,1231,5239
00379000,SEATTLE UNIVERSITY                      ,WA,98122-1090,Private      ,647,1095,1742,5672,5056,10728
00379100,SHORELINE COMMUNITY COLLEGE             ,WA,98133-5696,Public       ,501,822,1323,1212,1913,3125
00379200,SKAGIT VALLEY COLLEGE                   ,WA,98273-5899,Public       ,270,584,854,622,1317,1939
00379300,SPOKANE COMMUNITY COLLEGE               ,WA,99207-5399,Public       ,821,1940,2761,1968,4314,6282
00379400,ST MARTIN'S UNIVERSITY                  ,WA,98503-7500,Private      ,116,197,313,1017,848,1865
00379600,TACOMA COMMUNITY COLLEGE                ,WA,98466-6100,Public       ,543,1282,1825,1421,3266,4687
00379700,UNIVERSITY OF PUGET SOUND               ,WA,98416-1039,Private      ,383,131,514,3974,710,4684
00379800,UNIVERSITY OF WASHINGTON                ,WA,98195-5880,Public       ,2561,3090,5651,20059,17171,37230
00379900,WALLA WALLA UNIVERSITY                  ,WA,99324-1198,Private      ,475,200,675,1074,503,1577
00380000,WASHINGTON STATE UNIVERSITY             ,WA,99164-1035,Public       ,2459,2092,4551,13579,7358,20937
00380100,WENATCHEE VALLEY COLLEGE                ,WA,98801-1799,Public       ,232,376,608,794,1197,1991
00380200,WESTERN WASHINGTON UNIVERSITY           ,WA,98225-5946,Public       ,1713,730,2443,10806,3187,13993
00380300,WHITMAN COLLEGE                         ,WA,99362-2067,Private      ,311,14,325,2088,49,2137
00380400,WHITWORTH UNIVERSITY                    ,WA,99251-0001,Private      ,508,252,760,2677,665,3342
00380500,YAKIMA VALLEY COMMUNITY COLLEGE         ,WA,98907-2520,Public       ,476,903,1379,1459,2489,3948
00499800,PUGET SOUND CHRISTIAN COLLEGE           ,WA,98201-3516,Private      ,23,22,45,63,45,108
00499900,BELLINGHAM TECHNICAL COLLEGE            ,WA,98225-0000,Public       ,106,310,416,234,603,837
00500000,PIERCE COLLEGE                          ,WA,98498-1919,Public       ,537,1238,1775,1270,2764,4034
00500100,EDMONDS COMMUNITY COLLEGE               ,WA,98036-5999,Public       ,443,859,1302,956,1774,2730
00500600,WALLA WALLA COMMUNITY COLLEGE           ,WA,99362-9267,Public       ,284,404,688,989,1327,2316
00530600,BATES TECHNICAL COLLEGE                 ,WA,98405-0000,Public       ,159,630,789,321,1114,1435
00537200,SOUTH PUGET SOUND COMMUNITY COLLEGE     ,WA,98512-6292,Public       ,394,795,1189,956,1769,2725
00537300,LAKE WASHINGTON TECHNICAL COLLEGE       ,WA,98034-8505,Public       ,123,394,517,277,868,1145
00575200,CLOVER PARK TECHNICAL COLLEGE           ,WA,98499-0000,Public       ,199,803,1002,456,1618,2074
00717805,WESTERN SEMINARY - SEATTLE              ,WA,98021-4440,Private      ,0,0,0,0,1,1
00815500,EVERGREEN STATE COLLEGE (THE)           ,WA,98505-0002,Public       ,484,633,1117,2431,2348,4779
00844300,ITT TECHNICAL INSTITUTE                 ,WA,98168-3334,Proprietary  ,189,401,590,281,511,792
00907901,EVEREST COLLEGE                         ,WA,98684-6950,Proprietary  ,6,15,21,17,35,52
00938700,PERRY TECHNICAL INSTITUTE               ,WA,98903-1239,Private      ,93,128,221,205,288,493
00954400,SPOKANE FALLS COMMUNITY COLLEGE         ,WA,99224-5204,Public       ,776,1163,1939,2074,2648,4722
00970400,NORTH SEATTLE COMMUNITY COLLEGE         ,WA,98103-3599,Public       ,344,715,1059,843,1732,2575
00970600,SOUTH SEATTLE COMMUNITY COLLEGE         ,WA,98106-1499,Public       ,359,611,970,815,1234,2049
00973900,GLEN DOW ACAD OF HAIR DESIGN            ,WA,99201-0209,Proprietary  ,31,38,69,54,59,113
01036400,WHATCOM COMMUNITY COLLEGE               ,WA,98226-8003,Public       ,361,416,777,859,1013,1872
01043400,RENTON TECHNICAL COLLEGE                ,WA,98056-0000,Public       ,162,464,626,318,866,1184
01148100,DIVERS INSTITUTE OF TECHNOLOGY          ,WA,98107-0667,Proprietary  ,33,83,116,43,147,190
01231500,CORNISH COLLEGE OF THE ARTS             ,WA,98121-4604,Private      ,145,41,186,825,271,1096
01249600,GREENWOOD BEAUTY SCHOOL                 ,WA,98103-0000,Proprietary  ,4,20,24,8,42,50
01302200,CITY UNIVERSITY OF SEATTLE              ,WA,98005-3030,Private      ,33,766,799,73,1573,1646
01309400,BELLINGHAM BEAUTY SCHOOL                ,WA,98225-0000,Proprietary  ,11,17,28,12,26,38
02091701,KAPLAN COLLEGE - SEATTLE                ,WA,98055-4910,Proprietary  ,8,29,37,8,29,37
02105300,BELLEVUE BEAUTY SCHOOL                  ,WA,98007-0000,Proprietary  ,6,4,10,11,12,23
02106700,TRINITY LUTHERAN COLLEGE                ,WA,98201-3569,Private      ,25,11,36,62,24,86
02180000,NORTHWEST INDIAN COLLEGE                ,WA,98226-9278,Public       ,26,67,93,42,158,200
02184200,PAROBA COLLEGE OF COSMETOLOGY           ,WA,98208-0000,Proprietary  ,18,30,48,27,35,62
02202200,STYLEMASTERS COLLEGE OF HAIR DESIGN     ,WA,98632-0000,Proprietary  ,6,21,27,10,26,36
02203300,GENE JUAREZ ACADEMY OF BEAUTY           ,WA,98125-0000,Proprietary  ,122,102,224,169,163,332
02203301,GENE JUAREZ ACADEMY OF BEAUTY           ,WA,98003-0000,Proprietary  ,17,19,36,31,33,64
02222900,INTERNATIONAL AIR & HOSPITALITY ACADEMY ,WA,98661-4835,Proprietary  ,61,38,99,90,52,142
02231100,CROWN COLLEGE                           ,WA,98444-0000,Proprietary  ,5,96,101,12,193,205
02236800,PROFESSIONAL BEAUTY SCHOOL              ,WA,98902-0000,Proprietary  ,25,30,55,35,38,73
02242500,BASTYR UNIVERSITY                       ,WA,98028-0000,Private      ,37,426,463,91,892,983
02291300,ART INSTITUTE OF SEATTLE                ,WA,98121-1622,Proprietary  ,630,518,1148,1484,1148,2632
02291700,HENRY COGSWELL COLLEGE                  ,WA,98201-0000,Private      ,21,13,34,71,49,120
02300100,EVEREST COLLEGE                         ,WA,98367-1835,Proprietary  ,97,522,619,109,644,753
02326500,INTERFACE COLLEGE                       ,WA,99201-3209,Proprietary  ,6,57,63,12,95,107
02331400,NORTHWEST HAIR ACADEMY                  ,WA,98273-0000,Proprietary  ,19,50,69,21,57,78
02331402,NORTHWEST HAIR ACADEMY - EVERETT        ,WA,98204-0000,Proprietary  ,1,3,4,3,5,8
02345100,PHAGAN'S ORCHARDS BEAUTY SCHOOL         ,WA,98662-0000,Proprietary  ,11,14,25,15,22,37
02504900,ACADEMY OF HAIR DESIGN (THE)            ,WA,98801-0000,Proprietary  ,9,18,27,22,21,43
02541900,BJ'S BEAUTY AND BARBER COLLEGE          ,WA,98409-0000,Proprietary  ,8,13,21,10,22,32
02602100,NORTHWEST COLLEGE OF ART                ,WA,98370-8625,Proprietary  ,50,6,56,139,21,160
02606200,EVEREST COLLEGE                         ,WA,98055-2990,Proprietary  ,83,430,513,122,606,728
02617500,EVEREST COLLEGE                         ,WA,98133-9018,Proprietary  ,241,607,848,336,861,1197
03052200,COURT REPORTING INSTITUTE               ,WA,98133-7500,Proprietary  ,3,18,21,6,27,33
03065000,CLARE'S BEAUTY COLLEGE                  ,WA,99301-5505,Proprietary  ,3,29,32,8,37,45
03071800,ITT TECHNICAL INSTITUTE                 ,WA,99216-1589,Proprietary  ,171,394,565,233,508,741
03099000,CORTIVA INSTITUTE - SEATTLE             ,WA,98109-5474,Proprietary  ,24,44,68,37,100,137
03139500,MONTESSORI SCHOOLS OF WASHINGTON        ,WA,98203-6600,Private      ,0,3,3,0,4,4
03280300,SEATTLE INST OF ORIENTAL MEDICINE       ,WA,98115-0000,Proprietary  ,0,15,15,2,34,36
03283300,NORTHWEST HVAC/R ASSOCIATION & TRAINING ,WA,99202-2125,Private      ,1,7,8,2,19,21
03361600,SEATTLE MIDWIFERY SCHOOL                ,WA,98144-0000,Private      ,2,19,21,5,51,56
03466400,MARS HILL GRADUATE SCHOOL               ,WA,98121-0000,Private      ,0,130,130,0,184,184
03483500,CASCADIA COMMUNITY COLLEGE              ,WA,98011-9510,Public       ,130,158,288,319,401,720
03490400,EMIL FRIES PIANO HOSPITAL & TRAININ     ,WA,98661-4323,Private      ,0,3,3,0,3,3
03631500,CORTIVA INSTITUTE - BRIAN UTTING SCHOOL ,WA,98109-5211,Proprietary  ,7,31,38,10,54,64
03689400,FAITH EVANGELICAL SEMINARY              ,WA,98407-2607,Private      ,1,41,42,3,76,79
03707500,CHETTA'S ACADEMY OF HAIR AND NAILS      ,WA,98362-4310,Proprietary  ,2,7,9,5,12,17
03724300,DIGIPEN INSTITUTE OF TECHNOLOGY         ,WA,98052-5170,Proprietary  ,196,64,260,581,152,733
03917300,EVERGREEN BEAUTY AND BARBER COLLEGE     ,WA,98208-3759,Proprietary  ,3,21,24,3,25,28
03932500,TOTAL COSMETOLOGY TRAINING CENTER       ,WA,99217-6231,Proprietary  ,13,22,35,21,39,60
03953300,YAKIMA BEAUTY SCHOOL;BEAUTYWORKS        ,WA,98901-2202,Proprietary  ,3,14,17,8,19,27
04043400,ALPINE COLLEGE                          ,WA,99206-5097,Proprietary  ,0,1,1,0,1,1
00340100,BROWN UNIVERSITY                        ,RI,02912-9127,Private      ,472,42,514,10631,265,10896
00340101,BROWN UNIVERSITY - GRADUATE SCHOOL      ,RI,02912-1827,Private      ,3,134,137,20,1292,1312
00340102,BROWN MEDICAL SCHOOL                    ,RI,02912-0000,Private      ,5,102,107,12,357,369
00340200,BRYANT UNIVERSITY                       ,RI,02917-1284,Private      ,254,53,307,4669,236,4905
00340400,JOHNSON & WALES UNIVERSITY              ,RI,02903-3703,Private      ,4532,1024,5556,15983,2771,18754
00340600,PROVIDENCE COLLEGE                      ,RI,02918-0001,Private      ,680,105,785,6495,383,6878
00340700,RHODE ISLAND COLLEGE                    ,RI,02908-1991,Public       ,472,488,960,5437,2381,7818
00340800,COMMUNITY COLLEGE OF RI - WARWICK       ,RI,02906-0000,Public       ,573,833,1406,2692,3103,5795
00340801,COMMUNITY COLLEGE OF RI - LINCOLN       ,RI,02865-4585,Public       ,198,345,543,1031,1087,2118
00340802,COMMUNITY COLLEGE OF RI- PROVIDENCE     ,RI,02905-2313,Public       ,195,342,537,976,1541,2517
00340900,RHODE ISLAND SCHOOL OF DESIGN           ,RI,02903-2784,Private      ,202,122,324,2220,1014,3234
00341000,ROGER WILLIAMS UNIVERSITY               ,RI,02809-2921,Private      ,271,217,488,6143,1328,7471
00341100,SALVE REGINA UNIVERSITY                 ,RI,02840-4192,Private      ,179,74,253,3830,211,4041
00341400,UNIVERSITY OF RHODE ISLAND              ,RI,02881-0000,Public       ,1465,592,2057,12942,2426,15368
00659100,ST. JOSEPH HOSP SCH OF NURSING          ,RI,02904-5199,Private      ,9,26,35,46,115,161
00784400,GIBBS COLLEGE                           ,RI,02920-7807,Proprietary  ,78,128,206,288,450,738
00784500,NEW ENGLAND INSTITUTE OF TECHNOLOGY     ,RI,02886-2266,Private      ,556,337,893,1712,1061,2773
01115900,"SAWYER SCHOOL,THE                       ",RI,02860-4117,Proprietary  ,33,258,291,81,536,617
02071900,ARTHUR ANGELO SCH COSMET&HAIR DSGN      ,RI,02903-0000,Proprietary  ,11,28,39,62,91,153
02176900,WARWICK ACADEMY OF BEAUTY CULTURE       ,RI,02886-1534,Proprietary  ,11,31,42,48,84,132
02584400,NEW ENGLAND TRACTOR TRAILER TRAINING SCH,RI,02860-1752,Proprietary  ,17,207,224,20,217,237
03080000,NEWPORT SCHOOL OF HAIRDRESSING          ,RI,02860-4038,Proprietary  ,1,8,9,6,47,53
03115200,MOTORING TECHNICAL TRAINING INST        ,RI,02914-0000,Proprietary  ,26,55,81,57,91,148
03232300,LINCOLN TECHNICAL INSTITUTE             ,RI,02865-4211,Proprietary  ,76,230,306,110,343,453
03570500,ZION BIBLE COLLEGE                      ,RI,02806-1246,Private      ,48,31,79,105,64,169
03732300,INTERNATIONAL YACHT RESTORATION SCH     ,RI,02840-6720,Private      ,3,4,7,7,9,16
00341700,ALLEN UNIVERSITY                        ,SC,29204-1085,Private      ,226,159,385,350,216,566
00341800,ANDERSON UNIVERSITY                     ,SC,29621-4035,Private      ,365,158,523,1539,390,1929
00341900,CHARLESTON SOUTHERN UNIVERSITY          ,SC,29406-2160,Private      ,1172,554,1726,2775,1107,3882
00342000,BENEDICT COLLEGE                        ,SC,29204-1086,Private      ,1045,433,1478,2187,846,3033
00342200,SOUTHERN WESLEYAN UNIVERSITY            ,SC,29630-1020,Private      ,255,1033,1288,556,1703,2259
00342300,THE CITADEL                             ,SC,29409-0002,Public       ,782,296,1078,1895,567,2462
00342400,CLAFLIN UNIVERSITY                      ,SC,29115-4498,Private      ,963,350,1313,1845,606,2451
00342500,CLEMSON UNIVERSITY                      ,SC,29634-0001,Public       ,2908,961,3869,10348,2114,12462
00342600,UNIV OF SC AT SUMTER                    ,SC,29150-2498,Public       ,240,211,451,429,396,825
00342700,COKER COLLEGE                           ,SC,29550-3797,Private      ,342,397,739,731,651,1382
00342800,COLLEGE OF CHARLESTON                   ,SC,29424-0100,Public       ,1879,666,2545,6682,1584,8266
00342900,COLUMBIA INTERNATIONAL UNIVERSITY       ,SC,29203-1599,Private      ,99,111,210,492,486,978
00343000,COLUMBIA COLLEGE                        ,SC,29203-5998,Private      ,422,443,865,1035,787,1822
00343100,CONVERSE COLLEGE                        ,SC,29302-0006,Private      ,222,291,513,651,508,1159
00343200,ERSKINE COLLEGE                         ,SC,29639-0000,Private      ,258,17,275,701,29,730
00343201,ERSKINE THEOLOGICAL SEMINARY            ,SC,29639-0000,Private      ,1,87,88,7,115,122
00343400,FURMAN UNIVERSITY                       ,SC,29613-5253,Private      ,554,123,677,2542,212,2754
00343500,LANDER UNIVERSITY                       ,SC,29649-2099,Public       ,948,240,1188,2255,527,2782
00343600,LIMESTONE COLLEGE                       ,SC,29340-3799,Private      ,400,1190,1590,821,2137,2958
00343700,LUTHERAN THEOLOGICAL SOUTHERN SEM       ,SC,29203-5898,Private      ,0,55,55,1,92,93
00343800,MEDICAL UNIV OF SOUTH CAROLINA - FA     ,SC,29425-1760,Public       ,77,477,554,176,2398,2574
00343900,MORRIS COLLEGE                          ,SC,29150-3599,Private      ,506,149,655,909,274,1183
00344000,NEWBERRY COLLEGE                        ,SC,29108-2197,Private      ,313,58,371,1066,117,1183
00344100,NORTH GREENVILLE COLLEGE                ,SC,29688-1892,Private      ,927,151,1078,1756,217,1973
00344500,PRESBYTERIAN COLLEGE                    ,SC,29325-2503,Private      ,390,16,406,1188,31,1219
00344600,SOUTH CAROLINA STATE UNIVERSITY         ,SC,29117-4427,Public       ,2411,878,3289,4692,1507,6199
00344700,SPARTANBURG METHODIST COLLEGE           ,SC,29301-5899,Private      ,488,57,545,972,99,1071
00344800,UNIVERSITY OF SOUTH CAROLINA            ,SC,29208-3999,Public       ,5033,3304,8337,13660,7214,20874
00344900,UNIVERSITY OF SOUTH CAROLINA AIKEN      ,SC,29801-6399,Public       ,971,513,1484,2235,985,3220
00345000,UNIV OF SC AT BEAUFORT                  ,SC,29902-4602,Public       ,257,244,501,450,441,891
00345100,COASTAL CAROLINA UNIVERSITY             ,SC,29528-0000,Public       ,1945,473,2418,6006,1177,7183
00345300,UNIV OF SC AT LANCASTER                 ,SC,29721-0889,Public       ,281,169,450,480,346,826
00345400,UNIV OF SC SYSTEM SALKEHATCHIE          ,SC,29810-0617,Public       ,213,136,349,321,231,552
00345500,VOORHEES COLLEGE                        ,SC,29042-0000,Private      ,348,177,525,532,278,810
00345600,WINTHROP UNIVERSITY                     ,SC,29733-0001,Public       ,1762,594,2356,4633,1167,5800
00345700,WOFFORD COLLEGE                         ,SC,29303-3663,Private      ,117,23,140,1384,53,1437
00399000,FLORENCE-DARLINGTON TECH COLLEGE        ,SC,29501-0548,Public       ,944,1230,2174,1494,2141,3635
00399100,GREENVILLE TECHNICAL COLLEGE            ,SC,29607-2439,Public       ,2095,3352,5447,3264,5509,8773
00399200,PIEDMONT TECHNICAL COLLEGE              ,SC,29648-1467,Public       ,611,1237,1848,977,1952,2929
00399300,MIDLANDS TECHNICAL COLLEGE              ,SC,29202-0000,Public       ,2508,3365,5873,3638,5565,9203
00399400,SPARTANBURG COMMUNITY COLLEGE           ,SC,29305-4386,Public       ,1018,1377,2395,1594,2435,4029
00399500,CENTRAL CAROLINA TECHNICAL COLLEGE      ,SC,29150-2499,Public       ,388,806,1194,650,1638,2288
00399600,YORK TECHNICAL COLLEGE                  ,SC,29730-3395,Public       ,879,1202,2081,1296,1978,3274
00492000,TRIDENT TECHNICAL COLLEGE               ,SC,29423-8067,Public       ,1992,2812,4804,3083,5150,8233
00492300,CLINTON JR COLLEGE                      ,SC,29730-5152,Private      ,32,7,39,48,11,59
00492400,FORREST JUNIOR COLLEGE                  ,SC,29624-2405,Proprietary  ,5,81,86,11,90,101
00492500,HORRY-GEORGETOWN TECH COLLEGE           ,SC,29526-9521,Public       ,751,1114,1865,1178,2029,3207
00492600,TRI-COUNTY TECHNICAL COLLEGE            ,SC,29670-9133,Public       ,1055,1071,2126,1715,1822,3537
00492700,UNIV OF SC AT UNION                     ,SC,29379-0729,Public       ,92,55,147,168,117,285
00536300,DENMARK TECHNICAL COLLEGE               ,SC,29042-0000,Public       ,211,185,396,296,237,533
00681500,ORANGEBURG-CALHOUN TECHNICAL COLG       ,SC,29118-8299,Public       ,501,790,1291,733,1227,1960
00695100,UNIVERSITY OF SOUTH CAROLINA UPSTATE    ,SC,29303-9972,Public       ,1386,782,2168,3251,1566,4817
00760200,NORTHEASTERN TECHNICAL COLLEGE          ,SC,29520-7015,Public       ,199,411,610,299,592,891
00922600,FRANCIS MARION UNIVERSITY               ,SC,29501-0000,Public       ,1394,467,1861,3395,921,4316
00932200,WILLIAMSBURG TECHNICAL COLLEGE          ,SC,29556-4197,Public       ,116,223,339,186,329,515
00991000,TECHNICAL COLLEGE OF THE LOWCOUNTRY     ,SC,29902-5441,Public       ,215,571,786,319,854,1173
00991100,UNIV OF SC-REGIONAL CAMPUSES ADMIN      ,SC,29208-0001,Public       ,25,23,48,82,40,122
01005600,AIKEN TECHNICAL COLLEGE                 ,SC,29802-0696,Public       ,584,882,1466,902,1521,2423
01209200,KENNETH SHULER SCHOOL OF COSMETOLOGY    ,SC,29732-2169,Proprietary  ,4,3,7,6,8,14
01303907,SOUTH UNIVERSITY                        ,SC,29203-6400,Proprietary  ,61,343,404,97,559,656
02063700,SHERMAN CLG STRAIGHT CHIROPRACTIC       ,SC,29316-0000,Private      ,7,251,258,15,369,384
02189800,NO AMER INST OF AVIATION OF SO CAR      ,SC,29527-0000,Proprietary  ,0,1,1,0,6,6
02310300,COLUMBIA BEAUTY SCHOOL                  ,SC,29033-0000,Proprietary  ,2,14,16,5,20,25
02338600,CHARZANNE BEAUTY COLLEGE                ,SC,29649-0000,Proprietary  ,9,40,49,11,44,55
02341100,KENNETH SHULER SCHOOL OF COSMETOLOGY & N,SC,29210-0000,Proprietary  ,37,136,173,47,151,198
02356600,CHARLESTON COSMETOLOGY INSTITUTE        ,SC,29420-0000,Proprietary  ,20,25,45,24,40,64
02552400,ACADEMY OF HAIR TECHNOLOGY              ,SC,29615-2363,Proprietary  ,23,35,58,29,48,77
02567600,SUMTER BEAUTY COLLEGE                   ,SC,29150-0000,Proprietary  ,7,35,42,9,42,51
02614202,MILLER - MOTTE TECHNICAL COLLEGE - NORTH,SC,29406-9239,Proprietary  ,124,511,635,130,534,664
03010614,VIRGINIA COLLEGE - GOLF ACADEMY OF AMERI,SC,29579-0000,Proprietary  ,79,61,140,128,100,228
03052300,KENNETH SHULER SCH COSM & HAIR DESG     ,SC,29841-2013,Proprietary  ,7,18,25,11,23,34
03088300,ACADEMY OF COSMETOLOGY                  ,SC,29418-5667,Proprietary  ,15,30,45,20,44,64
03258300,SOUTHERN METHODIST COLLEGE              ,SC,29116-1027,Private      ,1,16,17,3,32,35
03293300,STRAND COLLEGE OF HAIR DESIGN           ,SC,29572-4310,Proprietary  ,11,28,39,13,37,50
03304300,CENTURA COLLEGE                         ,SC,29406-9235,Proprietary  ,45,237,282,62,307,369
03513300,LACY COSMETOLOGY SCHOOL                 ,SC,29803-9084,Proprietary  ,10,17,27,15,25,40
03595300,CHARLESTON SCHOOL OF MASSAGE            ,SC,29412-8270,Proprietary  ,3,18,21,6,25,31
03746300,LEGRAND INSTITUTE OF COSMETOLOGY        ,SC,29020-0000,Proprietary  ,6,10,16,7,19,26
03746400,SOUTHEASTERN INSTITUTE                  ,SC,29210-0000,Proprietary  ,10,31,41,20,46,66
03768400,STYLETRENDS BARBER AND HAIRSTYLING ACADE,SC,29730-4511,Proprietary  ,2,22,24,3,23,26
03842300,PLATINUM SHEAR SCHOOL OF COSMETOLOGY    ,SC,29115-0000,Proprietary  ,2,2,4,6,4,10
03856400,W. L. BONNER COLLEGE                    ,SC,29203-0000,Private      ,2,13,15,5,21,26
03892300,HARLEY'S BEAUTY & BARBER CAREER INST.   ,SC,29204-1919,Proprietary  ,2,16,18,5,27,32
00345800,AUGUSTANA COLLEGE                       ,SD,57197-0001,Private      ,453,93,546,1573,160,1733
00345900,BLACK HILLS STATE UNIVERSITY            ,SD,57799-9670,Public       ,584,461,1045,1792,1036,2828
00346100,DAKOTA WESLEYAN UNIVERSITY              ,SD,57301-4398,Private      ,202,135,337,546,263,809
00346300,DAKOTA STATE UNIVERSITY                 ,SD,57042-1799,Public       ,304,186,490,990,358,1348
00346500,MOUNT MARTY COLLEGE                     ,SD,57078-3724,Private      ,125,176,301,488,368,856
00346600,NORTHERN STATE UNIVERSITY               ,SD,57401-7198,Public       ,255,136,391,1312,471,1783
00346700,PRESENTATION COLLEGE                    ,SD,57401-1299,Private      ,82,141,223,323,427,750
00346900,UNIVERSITY OF SIOUX FALLS               ,SD,57105-1699,Private      ,240,167,407,1110,372,1482
00347000,SOUTH DAKOTA SCH OF MINES & TECH        ,SD,57701-3995,Public       ,292,165,457,1032,378,1410
00347100,SOUTH DAKOTA STATE UNIVERSITY           ,SD,57007-2298,Public       ,1924,887,2811,6189,1751,7940
00347400,UNIVERSITY OF SOUTH DAKOTA              ,SD,57069-2390,Public       ,1271,1422,2693,3666,2964,6630
00405600,SIOUX FALLS SEMINARY                    ,SD,57105-2729,Private      ,0,43,43,0,63,63
00405700,NATIONAL AMERICAN UNIVERSITY            ,SD,57701-3692,Proprietary  ,190,1456,1646,301,2088,2389
00405707,NATIONAL AMERICAN UNIVERSITY            ,SD,57105-0000,Proprietary  ,21,88,109,34,159,193
00492900,MCKENNAN HOSP-RADOLOGICAL TECH          ,SD,57101-0000,Private      ,6,4,10,28,10,38
00530900,LAKE AREA TECHNICAL INSTITUTE           ,SD,57201-2869,Public       ,270,140,410,587,232,819
00598700,AVERA SACRED HEART HOSPITAL SCHOOL OF RA,SD,57078-3899,Private      ,4,2,6,10,3,13
00776400,SOUTHEAST TECHNICAL INST                ,SD,57107-0000,Public       ,456,328,784,1024,599,1623
00828400,MITCHELL TECHNICAL INSTITUTE            ,SD,57301-2002,Public       ,202,115,317,412,222,634
01013800,STEWART SCHOOL                          ,SD,57104-0000,Proprietary  ,42,18,60,72,32,104
01014804,COLORADO TECHNICAL UNIVERSITY           ,SD,57108-2272,Proprietary  ,119,269,388,274,702,976
01017000,WESTERN DAKOTA TECHNICAL INSTITUTE      ,SD,57701-4018,Public       ,191,273,464,355,505,860
01147701,SIOUX VALLEY HOSP-MEDICAL TECH          ,SD,57117-5039,Private      ,5,5,10,18,13,31
01465900,OGLALA LAKOTA COLLEGE                   ,SD,57752-0490,Public       ,47,283,330,89,423,512
02137100,BLACK HILLS BEAUTY COLLEGE              ,SD,57701-0000,Proprietary  ,17,30,47,36,43,79
02143700,SINTE GLESKA UNIVERSITY                 ,SD,57570-0000,Public       ,27,122,149,43,245,288
02144600,KILIAN COMMUNITY COLLEGE                ,SD,57103-7020,Private      ,47,222,269,64,342,406
02277300,SISSETON WAHPETON COLLEGE               ,SD,57262-0000,Public       ,6,25,31,6,29,35
02297800,HEADLINES ACADEMY                       ,SD,57701-0000,Proprietary  ,10,18,28,23,38,61
00347700,AQUINAS COLLEGE                         ,TN,37205-2086,Private      ,74,223,297,210,611,821
00347701,AQUINAS COLLEGE -  PRIMETIME PROGRAM    ,TN,37214-3644,Private      ,5,98,103,11,206,217
00347800,AUSTIN PEAY STATE UNIVERSITY            ,TN,37044-0002,Public       ,1660,1885,3545,4381,4190,8571
00347900,BELMONT UNIVERSITY                      ,TN,37212-3757,Private      ,763,585,1348,3653,1452,5105
00348000,BETHEL COLLEGE                          ,TN,38201-1705,Private      ,226,456,682,946,1181,2127
00348100,CARSON-NEWMAN COLLEGE                   ,TN,37760-2204,Private      ,583,154,737,2190,394,2584
00348200,CHRISTIAN BROTHERS UNIVERSITY           ,TN,38104-5581,Private      ,305,319,624,1491,939,2430
00348300,COLUMBIA STATE COMMUNITY COLLEGE        ,TN,38401-5653,Public       ,743,740,1483,1627,1597,3224
00348500,CUMBERLAND UNIVERSITY                   ,TN,37087-3554,Private      ,303,228,531,1147,534,1681
00348600,LIPSCOMB UNIVERSITY                     ,TN,37204-3951,Private      ,633,184,817,2178,407,2585
00348700,EAST TENNESSEE STATE UNIV - MAIN CAMPUS ,TN,37614-2857,Public       ,2595,1653,4248,7202,4218,11420
00348701,EAST TENNESSEE STATE UNIV - MEDICINE    ,TN,37614-1708,Public       ,16,118,134,42,224,266
00349000,FISK UNIVERSITY                         ,TN,37208-3045,Private      ,327,123,450,1591,317,1908
00349200,FREED-HARDEMAN UNIVERSITY               ,TN,38340-2399,Private      ,461,345,806,1317,605,1922
00349400,HIWASSEE COLLEGE                        ,TN,37354-4001,Private      ,127,30,157,348,74,422
00349500,JOHNSON BIBLE COLLEGE                   ,TN,37998-9775,Private      ,199,90,289,523,169,692
00349600,KING COLLEGE                            ,TN,37620-2699,Private      ,279,206,485,1051,440,1491
00349800,LAMBUTH UNIVERSITY                      ,TN,38301-5296,Private      ,265,83,348,1149,232,1381
00349900,LANE COLLEGE                            ,TN,38301-4598,Private      ,526,129,655,1775,460,2235
00350000,LEE UNIVERSITY                          ,TN,37320-0000,Private      ,726,330,1056,2620,848,3468
00350100,LEMOYNE-OWEN COLLEGE                    ,TN,38126-6510,Private      ,205,207,412,713,688,1401
00350200,LINCOLN MEMORIAL UNIVERSITY             ,TN,37752-7920,Private      ,248,817,1065,1025,1783,2808
00350400,MARTIN METHODIST COLLEGE                ,TN,38478-2799,Private      ,156,78,234,676,320,996
00350500,MARYVILLE COLLEGE                       ,TN,37804-5907,Private      ,391,45,436,1646,135,1781
00350600,MEHARRY MEDICAL COLLEGE                 ,TN,37208-0000,Private      ,8,480,488,29,1143,1172
00350700,MEMPHIS COLLEGE OF ART                  ,TN,38104-2764,Private      ,176,65,241,460,146,606
00350900,UNIVERSITY OF MEMPHIS (THE)             ,TN,38152-4611,Public       ,3971,4046,8017,10970,9802,20772
00351000,MIDDLE TENNESSEE STATE UNIV             ,TN,37130-0000,Public       ,6030,2779,8809,14292,5851,20143
00351100,MILLIGAN COLLEGE                        ,TN,37682-4001,Private      ,135,117,252,815,358,1173
00351700,SOUTHERN COLLEGE OF OPTOMETRY           ,TN,38104-2222,Private      ,4,123,127,18,553,571
00351800,SOUTHERN ADVENTIST UNIVERSITY           ,TN,37315-0370,Private      ,500,139,639,1570,422,1992
00351900,RHODES COLLEGE                          ,TN,38112-1690,Private      ,386,67,453,2107,156,2263
00352200,TENNESSEE STATE UNIVERSITY              ,TN,37209-1561,Public       ,2445,2380,4825,7907,5300,13207
00352300,TENNESSEE TECHNOLOGICAL UNIV            ,TN,38505-0001,Public       ,2201,982,3183,5942,2072,8014
00352400,TENNESSEE TEMPLE UNIVERSITY             ,TN,37404-3587,Private      ,182,51,233,400,105,505
00352500,TENNESSEE WESLEYAN COLLEGE              ,TN,37371-0040,Private      ,205,94,299,769,307,1076
00352600,TREVECCA NAZARENE UNIVERSITY            ,TN,37210-2877,Private      ,313,519,832,930,1134,2064
00352700,TUSCULUM COLLEGE                        ,TN,37743-0001,Private      ,320,587,907,1461,1504,2965
00352800,UNION UNIVERSITY                        ,TN,38305-3697,Private      ,473,509,982,1711,965,2676
00352900,UNIVERSITY OF TENNESSEE-CHATTANOOGA     ,TN,37403-2598,Public       ,2541,1012,3553,7149,2278,9427
00353000,UNIVERSITY OF TENNESSEE-KNOXVILLE       ,TN,37996-0150,Public       ,6298,2471,8769,18730,6136,24866
00353006,UNIVERSITY OF TENNESSEE-HEALTH SCI CTR  ,TN,38103-0000,Public       ,87,793,880,279,2378,2657
00353100,UNIVERSITY OF TENNESSEE-MARTIN          ,TN,38238-0002,Public       ,1241,634,1875,5289,1692,6981
00353400,UNIVERSITY OF THE SOUTH                 ,TN,37383-1000,Private      ,151,20,171,1235,44,1279
00353500,VANDERBILT UNIVERSITY                   ,TN,37240-0001,Private      ,1178,1145,2323,6944,3765,10709
00353501,VANDERBILT UNIV MED CTR ALLIEDHEAL      ,TN,37232-5510,Private      ,7,58,65,24,150,174
00353502,VANDERBILT UNIV - SCH OF MED            ,TN,37232-0000,Private      ,5,212,217,47,744,791
00353600,BRYAN COLLEGE                           ,TN,37321-7000,Private      ,152,94,246,779,228,1007
00399800,CHATTANOOGA STATE COMMUNITY COLLEGE     ,TN,37406-1097,Public       ,1080,1606,2686,2189,3105,5294
00399900,CLEVELAND STATE COMMUNITY COLLEGE       ,TN,37312-2858,Public       ,407,519,926,941,1100,2041
00402500,TN TECHNOLOGY CTR AT KNOXVILLE          ,TN,37919-2327,Public       ,138,212,350,247,472,719
00402600,TENNESSEE TECH. CNTR AT CROSSVILLE      ,TN,38555-4142,Public       ,82,111,193,176,255,431
00461700,NATIONAL COLLEGE OF BUSINESS & TECH     ,TN,37211-6605,Proprietary  ,39,216,255,64,460,524
00493400,DRAUGHONS JR CLG OF BUSINESS            ,TN,37217-1056,Proprietary  ,142,873,1015,219,1585,1804
00493700,JACKSON STATE COMMUNITY COLLEGE         ,TN,38301-3797,Public       ,691,903,1594,1705,1947,3652
00493800,SOUTH COLLEGE                           ,TN,37909-3323,Proprietary  ,79,275,354,161,580,741
00494700,WEST TENNESSEE BUSINESS COLLEGE         ,TN,38301-3256,Proprietary  ,34,134,168,66,270,336
00528000,TN TECHNOLOGY CTR AT COVINGTON          ,TN,38019-0249,Public       ,33,54,87,64,134,198
00528100,TN TECHNOLOGY CTR AT ELIZABETHTON       ,TN,37643-0789,Public       ,53,165,218,92,373,465
00528200,TN TECHNOLOGY CTR AT HARTSVILLE         ,TN,37074-0000,Public       ,27,103,130,72,191,263
00528300,TN TECHNOLOGY CTR AT NEWBERN            ,TN,38059-1198,Public       ,35,80,115,64,179,243
00530700,TN TECHNOLOGY CTR AT MCMINNVILLE        ,TN,37110-1322,Public       ,58,120,178,96,296,392
00535100,TENNESSEE TECHNOLOGY CENTER AT MORRISTOW,TN,37813-2094,Public       ,117,259,376,229,466,695
00535200,TN TECHNOLOGY CENTER AT MCKENZIE        ,TN,38201-1620,Public       ,62,112,174,107,202,309
00535300,TN TECHNOLOGY CENTER AT LIVINGSTON      ,TN,38570-0219,Public       ,60,122,182,135,295,430
00535400,TN TECHNOLOGY CTR AT JACKSON            ,TN,38301-0000,Public       ,124,222,346,270,530,800
00535600,TENNESSEE TECHNOLOGY CENTER AT HOHENWALD,TN,38462-0000,Public       ,45,106,151,145,326,471
00535700,TENNESSEE TECHNOLOGY CENTER AT CRUMP    ,TN,38327-3402,Public       ,27,123,150,112,253,365
00535800,TN TECHNOLOGY CENTER AT ATHENS          ,TN,37371-0848,Public       ,44,72,116,120,174,294
00535900,TENNESSEE TECHNOLOGY CENTER AT NASHVILLE,TN,37209-0000,Public       ,123,287,410,229,526,755
00536000,TENNESSEE TECHNOLOGY CENTER AT MEMPHIS  ,TN,38105-3604,Public       ,173,460,633,335,892,1227
00537800,NORTHEAST STATE TECH CMNTY COLG         ,TN,37617-0246,Public       ,721,829,1550,1566,1730,3296
00537900,TN TECHNOLOGY CTR AT SHELBYVILLE        ,TN,37160-3697,Public       ,126,174,300,235,375,610
00660000,METHODIST HOSP SCH OF NURSING           ,TN,38104-3499,Private      ,15,37,52,55,109,164
00683500,DYERSBURG STATE COMMUNITY COLLEGE       ,TN,38024-0000,Public       ,365,515,880,963,1226,2189
00683600,MOTLOW STATE COMMUNITY COLLEGE          ,TN,37388-7972,Public       ,574,500,1074,1151,1028,2179
00743900,FOUNTAINHEAD COLLEGE OF TECHNOLOGY      ,TN,37918-2583,Proprietary  ,30,46,76,52,107,159
00744000,NASHVILLE AUTO DIESEL COLLEGE           ,TN,37206-3298,Proprietary  ,813,274,1087,1597,430,2027
00778200,TENNESSEE TECHNOLOGY CENTER AT DICKSON  ,TN,37055-0000,Public       ,61,171,232,130,369,499
00778300,MIDDLE TENNESSEE SCH OF ANESTHESIA      ,TN,37116-0417,Private      ,3,84,87,8,153,161
00814500,NASHVILLE STATE TECH CMNTY COLLEGE      ,TN,37209-0000,Public       ,702,1394,2096,1369,2779,4148
00865500,GENESIS CAREER COLLEGE OF COOKEVILLE    ,TN,38501-1959,Proprietary  ,15,15,30,31,20,51
00885900,JOHN A GUPTON COLLEGE                   ,TN,37203-2934,Private      ,22,40,62,39,70,109
00886300,WALTERS STATE COMMUNITY COLLEGE         ,TN,37813-6899,Public       ,963,955,1918,2248,2018,4266
00946400,TN TECHNOLOGY CTR AT PULASKI            ,TN,38478-4541,Public       ,32,131,163,64,356,420
00956700,TENNESSEE SCHOOL OF BEAUTY              ,TN,37921-3303,Proprietary  ,27,54,81,60,99,159
00971000,TENNESSEE TECHNOLOGY CENTER AT ONEIDA/HU,TN,37756-4149,Public       ,24,58,82,41,95,136
00991200,VOLUNTEER STATE COMMUNITY COLLEGE       ,TN,37066-3188,Public       ,965,984,1949,2010,2026,4036
00991400,ROANE STATE COMMUNITY COLLEGE           ,TN,37748-8664,Public       ,878,954,1832,1846,2062,3908
00998200,CRICHTON COLLEGE                        ,TN,38111-4745,Private      ,122,281,403,406,800,1206
01021700,INTERNATIONAL ACADEMY OF DESIGN & TECH  ,TN,37212-0000,Proprietary  ,261,255,516,534,527,1061
01032600,TN TECHNOLOGY CTR AT HARRIMAN           ,TN,37748-1109,Public       ,59,79,138,107,215,322
01043900,SOUTHWEST TENNESSEE COMMUNITY COLLG     ,TN,38104-3322,Public       ,1566,2904,4470,3342,6335,9677
01044700,"PLAZA BEAUTY SCHOOL, INC.               ",TN,38117-4822,Proprietary  ,20,56,76,30,70,100
01046000,AMERICAN BAPTIST THEOLOGICAL SEMINA     ,TN,37207-4994,Private      ,6,29,35,10,64,74
01052900,MEMPHIS THEOLOGICAL SEMINARY            ,TN,38104-0000,Private      ,3,68,71,5,92,97
01070000,TN TECHNOLOGY CENTER AT JACKSBORO       ,TN,37757-2461,Public       ,44,78,122,85,159,244
01155300,WM R MOORE COLLEGE OF TECHNOLOGY        ,TN,38104-0000,Private      ,16,17,33,27,42,69
01216400,TENNESSEE TECHNICAL CNTR AT RIPLEY      ,TN,38063-7359,Public       ,10,58,68,26,140,166
01254700,EMMANUEL SCHOOL OF RELIGION             ,TN,37601-0000,Private      ,0,10,10,3,30,33
01269300,PELLISSIPPI STATE COMMUNITY COLLEGE     ,TN,37933-0990,Public       ,1184,865,2049,2333,1814,4147
02092800,TENNESSEE TECHNOLOGY CENTER AT WHITEVILL,TN,38075-0000,Public       ,29,74,103,54,140,194
02103500,TN TECHNOLOGY CTR AT MURFREESBORO       ,TN,37129-0000,Public       ,64,101,165,131,220,351
02106400,O'MORE COLLEGE OF DESIGN                ,TN,37064-0000,Private      ,56,27,83,143,51,194
02125300,NASHVILLE CLG OF MEDICAL CAREERS        ,TN,37115-0000,Proprietary  ,7,71,78,15,134,149
02153100,JON NAVE UNIVERSITY OF COSMETOLOGY      ,TN,37013-3347,Proprietary  ,13,23,36,16,37,53
02157100,CONCORDE CAREER COLLEGE                 ,TN,38137-0000,Proprietary  ,109,464,573,182,817,999
02188300,PENTECOSTAL THEOLOGICAL SEMINARY        ,TN,37320-0000,Private      ,1,68,69,2,120,122
02204200,"CHATTANOOGA COLLEGE - MEDICAL, DENTAL AN",TN,37411-0000,Proprietary  ,2,81,83,9,165,174
02237900,TN TECHNOLOGY CENTER AT PARIS           ,TN,38242-0000,Public       ,46,180,226,87,375,462
02257400,ARNOLD'S BEAUTY SCHOOL                  ,TN,38358-0000,Proprietary  ,6,6,12,15,12,27
02274500,ACADEMY OF COSMETOLOGY                  ,TN,38111-0000,Proprietary  ,1,0,1,1,0,1
02275500,REUBEN-ALLEN COLLEGE                    ,TN,37922-0000,Proprietary  ,5,10,15,10,15,25
02278700,MR WAYNES SCH OF UNISEX HAIR DESIGN     ,TN,38501-0000,Proprietary  ,3,9,12,6,13,19
02293900,VOLUNTEER BEAUTY ACADEMY-NASHVILLE      ,TN,37115-2112,Proprietary  ,5,21,26,10,27,37
02294000,VOLUNTEER BEAUTY ACADEMY-DYERSBURG      ,TN,38024-1622,Proprietary  ,9,24,33,9,27,36
02326200,KAPLAN CAREER INSTITUTE                 ,TN,37217-1342,Proprietary  ,36,110,146,63,261,324
02326300,MEDVANCE INSTITUTE                      ,TN,38501-4305,Proprietary  ,93,425,518,127,620,747
02335900,VOLUNTEER BEAUTY ACADEMY-NASHVILLE      ,TN,37209-3033,Proprietary  ,6,29,35,7,43,50
02359800,ITT TECHNICAL INSTITUTE                 ,TN,37214-3717,Proprietary  ,412,749,1161,585,977,1562
02498000,NEW WAVE HAIR ACADEMY                   ,TN,38128-0000,Proprietary  ,12,66,78,19,82,101
02539800,QUEEN CITY COLLEGE                      ,TN,37042-0000,Proprietary  ,14,77,91,18,113,131
02540000,TENNESSEE ACADEMY OF COSMETOLOGY        ,TN,38133-0000,Proprietary  ,18,54,72,25,67,92
02578200,NOSSI COLLEGE OF ART                    ,TN,37072-0000,Proprietary  ,76,57,133,180,208,388
02595000,FAYETTEVILLE BEAUTY SCHOOL              ,TN,37334-2909,Proprietary  ,6,16,22,12,22,34
02597600,NEW WAVE HAIR ACADEMY                   ,TN,38301-3812,Proprietary  ,19,78,97,22,84,106
02599710,VATTEROTT COLLEGE - MEMPHIS             ,TN,38132-1714,Proprietary  ,43,216,259,59,306,365
02605501,REMINGTON COLLEGE - MEMPHIS CAMPUS      ,TN,38132-0000,Proprietary  ,141,652,793,190,806,996
02614200,MILLER MOTTE BUSINESS COLLEGE           ,TN,37040-6023,Proprietary  ,61,215,276,79,423,502
02614203,MILLER - MOTTE TECHNICAL COLLEGE - CHATT,TN,37421-7220,Proprietary  ,56,187,243,110,553,663
02614204,MILLER - MOTTE TECHNICAL COLLEGE - GOODL,TN,37072-1870,Proprietary  ,20,103,123,31,173,204
03001800,FREE WILL BAPTIST BIBLE COLLEGE         ,TN,37205-2498,Private      ,103,27,130,197,48,245
03008800,FRANKLIN ACADEMY                        ,TN,37312-3939,Private      ,5,17,22,8,36,44
03012500,NEW WAVE HAIR ACADEMY                   ,TN,38111-4253,Proprietary  ,27,130,157,46,163,209
03024900,TENNESSEE ACADEMY OF COSMETOLOGY        ,TN,38125-3442,Proprietary  ,15,45,60,24,54,78
03061100,GENESIS CAREER COLLEGE OF LEBANON       ,TN,37087-2718,Proprietary  ,8,82,90,10,85,95
03073400,ITT TECHNICAL INSTITUTE                 ,TN,37932-3343,Proprietary  ,623,932,1555,781,1152,1933
03079100,NORTH CENTRAL INSTITUTE                 ,TN,37042-3116,Proprietary  ,8,27,35,13,46,59
03088800,WATKINS INSTITUTE COLLEGE OF ART & DESIG,TN,37228-1306,Private      ,99,82,181,234,181,415
03126900,STYLES & PROFILES BEAUTY COLLEGE        ,TN,38375-2109,Proprietary  ,2,8,10,2,8,10
03149300,NEW DIRECTIONS HAIR ACADEMY             ,TN,37209-0000,Proprietary  ,49,121,170,55,145,200
03355400,RICHMONT GRADUATE UNIVERSITY            ,TN,37404-0000,Private      ,4,90,94,5,136,141
03440300,BAPTIST MEMORIAL COLLEGE OF HEALTH      ,TN,38104-3104,Private      ,161,297,458,515,810,1325
03454300,TENNESSEE CAREER COLLEGE                ,TN,37214-2945,Proprietary  ,14,40,54,16,71,87
03487300,TEMPLE BAPTIST SEMINARY                 ,TN,37404-0000,Private      ,2,6,8,4,10,14
03513500,WILLIAMSON CHRISTIAN COLLEGE            ,TN,37067-8237,Private      ,6,16,22,9,23,32
03647300,NEW CONCEPTS SCHOOL OF COSMETOLOGY      ,TN,37311-7373,Proprietary  ,2,9,11,2,11,13
03683300,INTERNATIONAL BARBER & STYLE COLLEGE    ,TN,37209-0000,Proprietary  ,5,30,35,6,40,46
03774300,PYRAMID BEAUTY SCHOOL                   ,TN,38104-2324,Proprietary  ,4,19,23,8,32,40
03774400,SHEAR ACADEMY                           ,TN,38555-4177,Proprietary  ,2,6,8,5,17,22
03830300,SAE INSTITUTE OF TECHNOLOGY             ,TN,37203-4310,Proprietary  ,72,72,144,124,129,253
03841300,CAREER BEAUTY COLLEGE                   ,TN,38464-3634,Proprietary  ,3,15,18,7,20,27
03920300,INSTITUTE OF HAIR DESIGN                ,TN,38310-1801,Proprietary  ,3,18,21,9,33,42
03930300,BUCHANAN BEAUTY COLLEGE                 ,TN,37160-2741,Proprietary  ,4,10,14,9,14,23
04025300,LAST MINUTE CUTS SCHOOL OF BARBERING AND,TN,38109-7709,Proprietary  ,6,13,19,8,22,30
04035300,NAVE COSMETOLOGY ACADEMY                ,TN,38401-6335,Proprietary  ,14,36,50,20,43,63
00353700,ABILENE CHRISTIAN UNIVERSITY            ,TX,79699-3701,Private      ,1304,384,1688,3205,738,3943
00353900,ALVIN COMMUNITY COLLEGE                 ,TX,77511-4807,Public       ,327,589,916,482,874,1356
00354000,AMARILLO COLLEGE                        ,TX,79109-2446,Public       ,881,1801,2682,1645,3059,4704
00354100,ANGELO STATE UNIVERSITY                 ,TX,76909-5069,Public       ,1641,723,2364,4047,1613,5660
00354300,AUSTIN COLLEGE                          ,TX,75090-4440,Private      ,502,58,560,1455,103,1558
00354400,AUSTIN PRESBYTERIAN THEOLOGICAL SEM     ,TX,78705-5797,Private      ,0,94,94,0,145,145
00354500,BAYLOR UNIVERSITY                       ,TX,76798-1458,Private      ,3090,939,4029,12485,2731,15216
00354600,COASTAL BEND COLLEGE                    ,TX,78102-2197,Public       ,503,616,1119,904,1112,2016
00354900,BLINN COLLEGE                           ,TX,77833-4098,Public       ,2927,1197,4124,5255,2082,7337
00355300,CISCO JUNIOR COLLEGE                    ,TX,76437-9803,Public       ,616,669,1285,1035,1069,2104
00355400,CLARENDON COLLEGE                       ,TX,79226-0000,Public       ,154,102,256,251,163,414
00355600,COMMONWEALTH INST OF FUNERAL SVC        ,TX,77090-5918,Private      ,21,53,74,35,88,123
00355700,CONCORDIA UNIVERSITY TEXAS              ,TX,78726-4141,Private      ,386,333,719,907,559,1466
00355800,NORTH CENTRAL TEXAS COLLEGE             ,TX,76240-4699,Public       ,654,744,1398,1134,1366,2500
00356000,DALLAS BAPTIST UNIVERSITY               ,TX,75211-9299,Private      ,798,1166,1964,1702,2025,3727
00356100,CEDAR VALLEY COLLEGE                    ,TX,75134-0000,Public       ,539,843,1382,972,1441,2413
00356200,DALLAS THEOLOGICAL SEM                  ,TX,75204-0000,Private      ,5,196,201,13,364,377
00356300,DEL MAR COLLEGE                         ,TX,78404-3897,Public       ,1634,2227,3861,2806,3699,6505
00356400,EAST TEXAS BAPTIST UNIVERSITY           ,TX,75670-1423,Private      ,603,162,765,1366,316,1682
00356500,TEXAS A&M UNIVERSITY - COMMERCE         ,TX,75429-3011,Public       ,1291,1746,3037,2743,3170,5913
00356600,EPISCOPAL THEOL SEM OF THE STHWST       ,TX,78768-0000,Private      ,0,4,4,1,10,11
00356800,FRANK PHILLIPS COLLEGE                  ,TX,79008-0000,Public       ,129,142,271,184,234,418
00357000,GRAYSON COUNTY COLLEGE                  ,TX,75020-8299,Public       ,432,732,1164,752,1230,1982
00357100,HARDIN-SIMMONS UNIVERSITY               ,TX,79698-6050,Private      ,774,371,1145,1795,728,2523
00357200,TRINITY VALLEY COMMUNITY COLLEGE        ,TX,75751-2734,Public       ,557,1002,1559,1019,1620,2639
00357300,HILL COLLEGE                            ,TX,76645-2711,Public       ,251,208,459,419,335,754
00357301,HILL COLLEGE                            ,TX,76031-0000,Public       ,187,380,567,294,623,917
00357400,HOWARD COLLEGE                          ,TX,79720-0213,Public       ,383,514,897,694,991,1685
00357500,HOWARD PAYNE UNIVERSITY                 ,TX,76801-2715,Private      ,398,147,545,1232,298,1530
00357600,HOUSTON BAPTIST UNIVERSITY              ,TX,77074-3298,Private      ,549,601,1150,1408,1263,2671
00357700,HUSTON - TILLOTSON UNIVERSITY           ,TX,78702-2795,Private      ,288,157,445,594,318,912
00357800,UNIVERSITY OF THE INCARNATE WORD        ,TX,78209-6398,Private      ,1032,1379,2411,2847,2807,5654
00357900,JACKSONVILLE COLLEGE                    ,TX,75766-4759,Private      ,78,45,123,130,81,211
00358000,KILGORE COLLEGE                         ,TX,75662-3299,Public       ,847,1058,1905,1473,1749,3222
00358100,LAMAR UNIVERSITY-BEAUMONT               ,TX,77710-0042,Public       ,2428,1713,4141,4965,3099,8064
00358200,LAREDO COMMUNITY COLLEGE                ,TX,78040-4395,Public       ,1371,1062,2433,2535,1942,4477
00358300,LEE COLLEGE                             ,TX,77520-4796,Public       ,529,1075,1604,773,1756,2529
00358400,LETOURNEAU UNIVERSITY                   ,TX,75607-0000,Private      ,408,1444,1852,1390,2610,4000
00358500,LON MORRIS COLLEGE                      ,TX,75766-2900,Private      ,139,39,178,274,56,330
00358600,LUBBOCK CHRISTIAN UNIVERSITY            ,TX,79407-2099,Private      ,549,477,1026,1095,845,1940
00358800,UNIVERSITY OF MARY HARDIN-BAYLOR        ,TX,76513-2599,Private      ,596,408,1004,2298,1028,3326
00359000,MCLENNAN COMMUNITY COLLEGE              ,TX,76708-1498,Public       ,1314,2012,3326,2260,3255,5515
00359100,MCMURRY UNIVERSITY                      ,TX,79697-0001,Private      ,451,200,651,1356,456,1812
00359200,MIDWESTERN STATE UNIVERSITY             ,TX,76308-2099,Public       ,1152,909,2061,2704,1949,4653
00359300,NAVARRO COLLEGE                         ,TX,75110-4818,Public       ,955,1052,2007,1710,1784,3494
00359400,UNIVERSITY OF NORTH TEXAS               ,TX,76203-1370,Public       ,7986,5428,13414,17864,10421,28285
00359500,OBLATE SCHOOL OF THEOLOGY               ,TX,78216-0000,Private      ,1,9,10,2,18,20
00359600,ODESSA COLLEGE                          ,TX,79764-7127,Public       ,583,906,1489,998,1617,2615
00359800,OUR LADY OF THE LAKE UNIVERSITY         ,TX,78207-4689,Private      ,638,921,1559,1783,1875,3658
00359900,UNIVERSITY OF TEXAS - PAN AMERICAN      ,TX,78541-2999,Public       ,3177,2356,5533,10686,5506,16192
00360000,PANOLA COLLEGE                          ,TX,75633-2397,Public       ,315,377,692,542,625,1167
00360100,PARIS JR COLLEGE                        ,TX,75460-6298,Public       ,480,713,1193,837,1199,2036
00360200,PAUL QUINN COLLEGE                      ,TX,75241-4398,Private      ,288,323,611,475,536,1011
00360300,RANGER COLLEGE                          ,TX,76470-3298,Public       ,239,147,386,367,221,588
00360400,RICE UNIVERSITY                         ,TX,77251-1892,Private      ,762,537,1299,4883,1285,6168
00360600,SAM HOUSTON STATE UNIVERSITY            ,TX,77340-0000,Public       ,4420,2032,6452,10067,4027,14094
00360700,ALAMO CMTY CLG DISTRICT PROGRAM         ,TX,78207-0000,Public       ,54,92,146,95,155,250
00360800,ST PHILLIPS COLLEGE                     ,TX,78203-2098,Public       ,1554,2873,4427,2502,4882,7384
00360900,SAN JACINTO CLG-CENTRAL-NORTH-SOUTH     ,TX,77501-0000,Public       ,2280,2980,5260,3684,5027,8711
00361000,SCHREINER UNIVERSITY                    ,TX,78028-5697,Private      ,322,162,484,849,338,1187
00361100,SOUTH PLAINS COLLEGE                    ,TX,79336-6504,Public       ,1833,1582,3415,3085,2683,5768
00361200,UNIV OF HOUSTON-DOWNTOWN                ,TX,77002-1001,Public       ,1945,2807,4752,4152,5552,9704
00361300,SOUTHERN METHODIST UNIVERSITY           ,TX,75275-0181,Private      ,1394,1548,2942,4591,3399,7990
00361400,SOUTHWEST TEXAS JR COLLEGE              ,TX,78801-6221,Public       ,765,905,1670,1172,1390,2562
00361500,TEXAS STATE UNIVERSITY--SAN MARCOS      ,TX,78666-4602,Public       ,6188,3465,9653,15688,7710,23398
00361600,SOUTHWESTERN ASSEMBLIES OF GOD UNIV     ,TX,75165-2397,Private      ,405,289,694,777,548,1325
00361700,SOUTHWESTERN BAPTIST THEOL SEMINARY     ,TX,76122-0000,Private      ,7,43,50,24,104,128
00361800,SOUTHWESTERN CHRISTIAN COLLEGE          ,TX,75160-3400,Private      ,68,39,107,107,55,162
00361900,SOUTHWESTERN ADVENTIST UNIVERSITY       ,TX,76059-1922,Private      ,221,162,383,445,281,726
00362000,SOUTHWESTERN UNIVERSITY                 ,TX,78626-6111,Private      ,191,36,227,1661,99,1760
00362100,ST EDWARDS UNIVERSITY                   ,TX,78704-0000,Private      ,1135,874,2009,3412,1876,5288
00362300,ST MARY'S UNIV OF SAN ANTONIO           ,TX,78228-8500,Private      ,670,714,1384,3018,2197,5215
00362400,STEPHEN F AUSTIN STATE UNIVERSITY       ,TX,75962-0001,Public       ,3315,1431,4746,7883,2595,10478
00362500,SUL ROSS STATE UNIVERSITY               ,TX,79832-0113,Public       ,447,589,1036,1052,1086,2138
00362600,TARRANT COUNTY COLLEGE                  ,TX,76102-6599,Public       ,3205,4205,7410,5468,7568,13036
00362700,TEMPLE COLLEGE                          ,TX,76504-7435,Public       ,528,844,1372,973,1464,2437
00362800,TEXARKANA COLLEGE                       ,TX,75599-0001,Public       ,543,735,1278,1019,1229,2248
00363000,PRAIRIE VIEW A&M UNIVERSITY             ,TX,77446-2967,Public       ,2803,1757,4560,6836,3342,10178
00363100,TARLETON STATE UNIVERSITY               ,TX,76402-0000,Public       ,2001,1624,3625,4175,2998,7173
00363200,TEXAS A&M UNIVERSITY                    ,TX,77842-0000,Public       ,7951,2413,10364,22990,5295,28285
00363400,TEXAS STATE TECHNICAL CLG AT WACO       ,TX,76705-1695,Public       ,970,890,1860,1653,1466,3119
00363500,TEXAS CHIROPRACTIC COLLEGE              ,TX,77505-1699,Private      ,13,187,200,23,333,356
00363600,TEXAS CHRISTIAN UNIVERSITY              ,TX,76129-0001,Private      ,1633,885,2518,6787,1996,8783
00363700,JARVIS CHRISTIAN COLLEGE                ,TX,75765-1470,Private      ,248,67,315,379,99,478
00363800,TEXAS COLLEGE                           ,TX,75702-4500,Private      ,294,197,491,477,328,805
00363900,TEXAS A&M UNIVERSITY-KINGSVILLE         ,TX,78363-8203,Public       ,1655,1568,3223,3629,2742,6371
00364100,TEXAS LUTHERAN UNIVERSITY               ,TX,78155-5999,Private      ,629,91,720,1591,166,1757
00364200,TEXAS SOUTHERN UNIVERSITY               ,TX,77004-4598,Public       ,4269,3965,8234,8634,7887,16521
00364300,TEXAS SOUTHMOST COLLEGE                 ,TX,78520-4992,Public       ,82,116,198,176,220,396
00364400,TEXAS TECH UNIVERSITY                   ,TX,79409-0000,Public       ,6374,3077,9451,14951,6313,21264
00364500,TEXAS WESLEYAN UNIVERSITY               ,TX,76105-1536,Private      ,412,1197,1609,823,2511,3334
00364600,TEXAS WOMAN'S UNIVERSITY                ,TX,76204-5587,Public       ,1513,2470,3983,3907,6186,10093
00364700,TRINITY UNIVERSITY                      ,TX,78212-7200,Private      ,581,166,747,2649,349,2998
00364800,TYLER JUNIOR COLLEGE                    ,TX,75701-3436,Public       ,1963,1649,3612,3422,2720,6142
00365100,UNIVERSITY OF DALLAS                    ,TX,75062-4799,Private      ,336,393,729,1347,761,2108
00365200,UNIVERSITY OF HOUSTON                   ,TX,77204-2010,Public       ,7738,6487,14225,19061,14055,33116
00365400,UNIVERSITY OF ST THOMAS                 ,TX,77006-4626,Private      ,390,381,771,1222,849,2071
00365600,UNIVERSITY OF TEXAS-ARLINGTON           ,TX,76019-0000,Public       ,5296,5221,10517,11617,10415,22032
00365800,UNIVERSITY OF TEXAS-AUSTIN              ,TX,78713-7758,Public       ,7824,4306,12130,31474,14044,45518
00365900,UT HEALTH CENTER-SAN ANTONIO            ,TX,78229-3900,Public       ,179,1024,1203,435,2342,2777
00366100,UNIVERSITY OF TEXAS-EL PASO             ,TX,79968-0629,Public       ,3468,2964,6432,9330,7180,16510
00366200,VICTORIA COLLEGE (THE)                  ,TX,77901-4494,Public       ,403,724,1127,741,1252,1993
00366300,WAYLAND BAPTIST UNIVERSITY              ,TX,79072-6998,Private      ,383,909,1292,752,1541,2293
00366400,WEATHERFORD COLLEGE                     ,TX,76086-5699,Public       ,590,598,1188,1111,1064,2175
00366500,WEST TEXAS A&M UNIVERSITY               ,TX,79016-0000,Public       ,1345,1259,2604,2908,2196,5104
00366800,WHARTON COUNTY JR COLLEGE               ,TX,77488-3298,Public       ,754,707,1461,1334,1182,2516
00366900,WILEY COLLEGE                           ,TX,75670-5199,Private      ,219,177,396,398,282,680
00400300,CENTRAL TEXAS COLLEGE                   ,TX,76540-4199,Public       ,675,2499,3174,1179,4652,5831
00407221,NORTHWOOD UNIVERSITY                    ,TX,75104-0000,Private      ,249,251,500,492,470,962
00445300,EL CENTRO COLLEGE                       ,TX,75202-0000,Public       ,872,1806,2678,1584,3133,4717
00494800,TEXAS A&M UNIV SYSTEM HEALTH SCI CT     ,TX,77840-7896,Public       ,15,132,147,40,401,441
00494801,TEXAS A&M UNIV SYSTEMS-HSC              ,TX,77843-1114,Public       ,58,268,326,123,587,710
00494900,BAYLOR COLLEGE OF MEDICINE              ,TX,77030-0000,Private      ,40,342,382,126,1030,1156
00495100,UNIV OF TEXAS HEALTH SCIENCE CENTER     ,TX,77225-0000,Public       ,105,875,980,260,2149,2409
00495200,UNIV OF TEXAS MEDICAL BRANCH            ,TX,77550-0000,Public       ,104,752,856,244,1619,1863
00497200,GALVESTON COLLEGE                       ,TX,77550-7447,Public       ,253,420,673,416,735,1151
00497700,SOUTH TEXAS COLLEGE OF LAW              ,TX,77002-0000,Private      ,6,628,634,12,1709,1721
00520307,REMINGTON COLLEGE - DALLAS CAMPUS       ,TX,75041-9935,Proprietary  ,11,38,49,21,54,75
00661200,COVENANT SCH OF NSG & ALLIED HEALTH     ,TX,79410-0000,Private      ,53,120,173,85,211,296
00666100,ANGELINA COLLEGE                        ,TX,75902-0000,Public       ,637,862,1499,1166,1412,2578
00694100,DALLAS CHRISTIAN COLLEGE                ,TX,75234-7229,Private      ,73,98,171,147,160,307
00709600,COLLEGE OF THE MAINLAND                 ,TX,77591-2499,Public       ,267,616,883,480,1035,1515
00728700,BRAZOSPORT COLLEGE                      ,TX,77566-3199,Public       ,250,388,638,416,638,1054
00732907,ITT TECHNICAL INSTITUTE                 ,TX,77063-3751,Proprietary  ,54,81,135,103,127,230
00754805,WESTWOOD COLLEGE OF TECHNOLOGY          ,TX,77074-0000,Proprietary  ,66,103,169,100,142,242
00758602,REMINGTON COLLEGE - FORT WORTH CAMPUS   ,TX,76112-1280,Proprietary  ,103,351,454,135,524,659
00835300,LINCOLN COLLEGE OF TECHNOLOGY           ,TX,75052-0000,Proprietary  ,370,408,778,452,505,957
00849800,MIMS CLASSIC BEAUTY COLLEGE             ,TX,78216-0000,Proprietary  ,15,28,43,23,38,61
00850300,MOUNTAIN VIEW COLLEGE                   ,TX,75211-6599,Public       ,812,1054,1866,1429,1835,3264
00850400,RICHLAND COLLEGE                        ,TX,75243-2199,Public       ,1174,1618,2792,1937,2731,4668
00851000,EASTFIELD COLLEGE                       ,TX,75150-2099,Public       ,931,1489,2420,1605,2468,4073
00908200,INTERNATIONAL BUSINESS COLLEGE          ,TX,79903-0000,Proprietary  ,67,150,217,83,164,247
00916300,SAN ANTONIO COLLEGE                     ,TX,78212-4299,Public       ,3621,4814,8435,6064,8375,14439
00916302,SAN ANTONIO COLLEGE FT SAM HOUSTON      ,TX,78234-0000,Public       ,11,7,18,36,21,57
00922500,TEXAS STATE TECHNICAL COLLEGE  HARLINGEN,TX,78550-3697,Public       ,1034,1002,2036,2176,1593,3769
00946600,KAPLAN CAREER INSTITUTE                 ,TX,78216-1899,Proprietary  ,86,310,396,130,464,594
00946607,SAN ANT COL OF MED & DENTAL - MCALLEN   ,TX,78503-1622,Proprietary  ,82,206,288,145,322,467
00946609,CAREER CENTERS OF TX - CORPUS CHRISTI   ,TX,78416-9900,Proprietary  ,36,218,254,55,335,390
00946610,KAPLAN CAREER INSTITUTE - CAREER CENTERS,TX,76103-2310,Proprietary  ,56,218,274,59,240,299
00954900,WESTERN TEXAS COLLEGE                   ,TX,79549-9501,Public       ,179,111,290,306,166,472
00965100,TEXAS A&M INTERNATIONAL UNIVERSITY      ,TX,78041-1900,Public       ,1032,930,1962,2472,1681,4153
00974100,UNIVERSITY OF TEXAS AT DALLAS           ,TX,75083-0000,Public       ,2003,2398,4401,4966,4505,9471
00976800,UNIVERSITY OF NORTH TEXAS HEALTH SCIENCE,TX,76107-2699,Public       ,29,478,507,74,1011,1085
00979700,MIDLAND COLLEGE                         ,TX,79705-6397,Public       ,601,746,1347,1120,1396,2516
00993000,UNIVERSITY OF TEXAS-PERMIAN BASIN       ,TX,79762-0001,Public       ,671,814,1485,1252,1442,2694
00993200,TEXAS STATE TECH CLG-WEST TEXAS         ,TX,79556-4108,Public       ,178,248,426,297,392,689
00993201,TEXAS STATE TECH COLLEGE-ABILENE        ,TX,79601-0000,Public       ,47,104,151,88,171,259
00993204,TEXAS STATE TECH CLG-BRECKENRIDGE       ,TX,76424-0000,Public       ,13,70,83,21,96,117
00993205,TEXAS STATE TECH COLLEGE-BROWNWOOD      ,TX,76801-0000,Public       ,47,110,157,66,171,237
01001900,UNIV OF TEXAS SOUTHWESTERN MED CTR      ,TX,75390-9096,Public       ,53,449,502,129,1433,1562
01005700,AMERICAN COMMERCIAL COLLEGE             ,TX,79602-1399,Proprietary  ,8,91,99,13,144,157
01005900,AMERICAN COMMERCIAL COLLEGE             ,TX,79761-0000,Proprietary  ,14,95,109,20,124,144
01005901,AMERICAN COMMERCIAL COLLEGE - AMERICAN C,TX,76310-2303,Proprietary  ,7,72,79,16,113,129
01006000,VERNON COLLEGE                          ,TX,76384-4092,Public       ,362,685,1047,603,1198,1801
01011500,UNIVERSITY OF TEXAS-SAN ANTONIO         ,TX,78249-0600,Public       ,7364,5434,12798,18165,11046,29211
01013000,WADE COLLEGE                            ,TX,75207-3199,Proprietary  ,69,71,140,114,118,232
01038700,EL PASO COMMUNITY COLLEGE               ,TX,79998-0000,Public       ,3944,4298,8242,7726,8731,16457
01050900,HALLMARK COLLEGE OF AERONAUTICS         ,TX,78214-0000,Proprietary  ,70,248,318,103,374,477
01062400,CENTRAL TEXAS COMMERCIAL COLLEGE        ,TX,75231-5033,Proprietary  ,25,15,40,33,18,51
01063300,HOUSTON COMMUNITY COLLEGE               ,TX,77002-0000,Public       ,415,759,1174,769,1342,2111
01063303,HOUSTON COMMUNITY COLLEGE - CENTRAL     ,TX,77004-0000,Public       ,793,1716,2509,1491,3223,4714
01063304,HOUSTON COMMUNITY COLLEGE - RICE AVIATIO,TX,77061-5001,Public       ,500,986,1486,865,1773,2638
01063305,HOUSTON COMMUNITY COLLEGE - NORTHEAST CO,TX,77066-5221,Public       ,593,1014,1607,988,1758,2746
01063306,HOUSTON COMMUNITY COLLEGE - CENTRAL COLL,TX,77088-6372,Public       ,514,797,1311,877,1403,2280
01063339,HOUSTON COMMUNITY COLLEGE - STAFFORD    ,TX,77477-0000,Public       ,427,579,1006,843,1143,1986
01063347,HOUSTON COMMUNITY COLLEGE - SOUTHWEST   ,TX,77081-7849,Public       ,1353,2199,3552,2773,4477,7250
01063348,HOUSTON COMMUNITY COLLEGE - COLEMAN     ,TX,77030-0000,Public       ,117,530,647,191,922,1113
01067400,TEXAS TECH U HEALTH SCIENCES CENTER     ,TX,79430-0000,Public       ,204,819,1023,485,1911,2396
01076100,DALLAS INSTITUTE OF FUNERAL SERVICE     ,TX,75227-4314,Private      ,26,74,100,45,122,167
01114500,LONE STAR COLLEGE SYSTEM                ,TX,77073-3499,Public       ,1395,2205,3600,2471,4101,6572
01114501,LONE STAR COLLEGE-KINGWOOD              ,TX,77339-0000,Public       ,468,824,1292,721,1293,2014
01114502,LONE STAR COLLEGE-TOMBALL               ,TX,77375-0000,Public       ,379,555,934,620,1032,1652
01114503,LONE STAR COLLEGE-MONTGOMERY            ,TX,77384-0000,Public       ,471,862,1333,837,1549,2386
01114504,LONE STAR COLLEGE-CY-FAIR               ,TX,77433-1383,Public       ,648,785,1433,1132,1467,2599
01116100,TEXAS A&M UNIV CORPUS CHRISTI           ,TX,78412-5599,Public       ,2153,1447,3600,5673,2895,8568
01116300,UNIVERSITY OF TEXAS AT TYLER            ,TX,75799-6699,Public       ,1365,1398,2763,2921,2567,5488
01171100,UNIVERSITY OF HOUSTON-CLEAR LAKE        ,TX,77058-1002,Public       ,557,2058,2615,1095,3954,5049
01201500,AUSTIN COMMUNITY COLLEGE                ,TX,78752-4390,Public       ,3161,4050,7211,6225,8078,14303
01202000,VICTORIA BEAUTY COLLEGE                 ,TX,77901-6233,Proprietary  ,6,7,13,10,27,37
01226800,BALDWIN BEAUTY SCHOOL #5                ,TX,78704-4785,Proprietary  ,20,29,49,33,56,89
01229700,LAREDO BEAUTY COLLEGE                   ,TX,78040-1051,Proprietary  ,26,105,131,31,125,156
01248200,ATI TECHNICAL TRAINING CENTER           ,TX,75235-4622,Proprietary  ,133,446,579,158,639,797
01248300,COSMETOLOGY CAREER CENTER               ,TX,75006-2566,Proprietary  ,32,68,100,46,98,144
01248800,INTERNATIONAL BEAUTY COLLEGE NO 3       ,TX,75040-0000,Proprietary  ,4,10,14,7,16,23
01276400,METROPLEX BEAUTY SCHOOL                 ,TX,75149-0000,Proprietary  ,10,41,51,13,48,61
01293000,CHARLES & SUE'S SCH OF HAIR DESIGN      ,TX,77801-0000,Proprietary  ,18,28,46,23,41,64
01293100,VELMA B'S BEAUTY ACADEMY                ,TX,75216-1511,Proprietary  ,9,15,24,14,22,36
01293200,TINT SCHOOL OF MAKEUP & COSMETOLOGY     ,TX,75061-4235,Proprietary  ,4,24,28,7,30,37
01298200,BORDER INSTITUTE OF TECHNOLOGY          ,TX,79925-6709,Proprietary  ,16,45,61,23,61,84
01300300,NEILSON BEAUTY COLLEGE                  ,TX,75208-4637,Proprietary  ,4,31,35,9,37,46
01301600,OGLE SCHOOL HAIR SKIN NAILS             ,TX,76013-7400,Proprietary  ,32,49,81,49,84,133
01323100,UNIVERSITY OF HOUSTON-VICTORIA          ,TX,77901-5731,Public       ,118,631,749,251,1142,1393
02058600,CONLEE'S COLLEGE OF COSMETOLOGY         ,TX,78028-0000,Proprietary  ,5,14,19,7,23,30
02074100,CAPITOL CITY TRADE & TECHNICAL SCH      ,TX,78704-0000,Proprietary  ,34,117,151,43,128,171
02077400,NORTH LAKE COLLEGE                      ,TX,75038-0000,Public       ,520,810,1330,866,1431,2297
02078100,STEPHENVILLE BEAUTY COLLEGE             ,TX,76401-0000,Proprietary  ,4,4,8,6,8,14
02081400,ARLINGTON BAPTIST COLLEGE               ,TX,76012-0000,Private      ,29,24,53,51,39,90
02093600,SOUTHWEST SCHOOL OF ELECTRONIC          ,TX,78735-0000,Proprietary  ,10,20,30,13,29,42
02098300,WESTERN TECHNICAL COLLEGE               ,TX,79927-2105,Proprietary  ,34,31,65,81,63,144
02100200,BROOKHAVEN COLLEGE                      ,TX,75244-0000,Public       ,608,999,1607,1012,1724,2736
02113610,AMERICAN INTERCONTINENTAL UNIV - HOUSTON,TX,77042-4516,Proprietary  ,101,189,290,206,330,536
02116008,SANFORD-BROWN COLLEGE - HOUSTON         ,TX,77036-8507,Proprietary  ,47,237,284,60,401,461
02116012,SANFORD-BROWN INSTITUTE - HOUSTON NORTH ,TX,77008-1058,Proprietary  ,23,128,151,40,278,318
02117100,ART INSTITUTE OF HOUSTON                ,TX,77056-0000,Proprietary  ,483,398,881,941,754,1695
02119200,COURT REPORTING INSTITUTE OF DALLAS     ,TX,75247-6913,Proprietary  ,65,257,322,136,696,832
02136800,AMERICAN COMMERCIAL COLLEGE             ,TX,76904-0000,Proprietary  ,14,49,63,24,81,105
02144800,VET TECH INSTITUTE OF HOUSTON           ,TX,77027-9881,Proprietary  ,55,34,89,72,50,122
02176100,PIPO ACADEMY OF HAIR DESIGN             ,TX,79903-0000,Proprietary  ,12,29,41,23,32,55
02188600,AUSTIN BUSINESS COLLEGE                 ,TX,78741-0000,Proprietary  ,37,79,116,59,108,167
02200800,AMERICAN COMMERCIAL COLLEGE             ,TX,79411-0000,Proprietary  ,18,89,107,21,110,131
02218300,SOUTHWEST SCHOOL OF BUSINESS & TECHNICAL,TX,78221-0000,Proprietary  ,29,69,98,33,107,140
02224600,TRI-STATE BEAUTY SCHOOL #1              ,TX,79915-0000,Proprietary  ,51,165,216,62,175,237
02230500,OGLE SCHOOL HAIR SKIN NAILS             ,TX,76132-3638,Proprietary  ,37,42,79,60,90,150
02230600,OGLE SCHOOL HAIR SKIN NAILS             ,TX,76053-4650,Proprietary  ,12,21,33,16,35,51
02239100,CENTRAL TEXAS BEAUTY COLLEGE #2         ,TX,78664-4204,Proprietary  ,9,34,43,12,36,48
02245200,MTI COLLEGE OF BUS. & TECHNOLOGY        ,TX,77036-0000,Proprietary  ,80,281,361,91,313,404
02248200,MILAN INSTITUTE OF COSMETOLOGY          ,TX,79103-0000,Proprietary  ,44,138,182,51,158,209
02254800,TEXAS VOCATIONAL SCHOOLS                ,TX,77901-0000,Proprietary  ,15,46,61,19,53,72
02259400,AMBERTON UNIVERSITY                     ,TX,75041-0000,Private      ,6,52,58,11,91,102
02261300,EVEREST INSTITUTE                       ,TX,78213-3841,Proprietary  ,226,861,1087,331,1397,1728
02261301,NATIONAL INSTITUTE OF TECHNOLOGY        ,TX,77027-0000,Proprietary  ,31,55,86,53,93,146
02267100,EXPOSITO SCHOOL OF HAIR DESIGN          ,TX,79109-0000,Proprietary  ,16,29,45,18,41,59
02276000,FRANKLIN BEAUTY SCHOOL #2               ,TX,77021-0000,Proprietary  ,8,16,24,19,38,57
02285900,UNIVERSITY OF COSMETOLOGY ARTS&SCI      ,TX,78504-0000,Proprietary  ,67,204,271,80,245,325
02294800,CAPITOL CITY CAREERS                    ,TX,78745-0000,Proprietary  ,5,51,56,15,59,74
02305300,PARKER COLLEGE OF CHIROPRACTIC          ,TX,75229-0000,Private      ,27,420,447,38,1049,1087
02306700,FORT WORTH BEAUTY SCHOOL                ,TX,76116-3299,Proprietary  ,7,35,42,8,44,52
02312200,TEXAS SCHOOL OF BUSINESS                ,TX,77073-6032,Proprietary  ,69,189,258,87,283,370
02312201,TEXAS SCHOOL OF BUSINESS - SOUTHWEST CAM,TX,77057-0000,Proprietary  ,75,233,308,93,358,451
02312202,TEXAS SCHOOL OF BUSINESS - FRIENDSWOOD C,TX,77546-8938,Proprietary  ,20,174,194,23,240,263
02312203,TEXAS SCHOOL OF BUSINESS - EAST CAMPUS  ,TX,77029-1916,Proprietary  ,39,197,236,50,297,347
02313901,WESTWOOD COLLEGE - DALLAS               ,TX,75243-0000,Proprietary  ,137,183,320,193,246,439
02315400,NORTHEAST TEXAS COMMUNITY COLLEGE       ,TX,75456-0000,Public       ,353,426,779,583,676,1259
02318200,"KD STUDIO, ACTOR'S CONSERVATORY         ",TX,75207-2111,Proprietary  ,19,25,44,40,48,88
02320200,HOUSTON GRADUATE SCHOOL OF THEOLOGY     ,TX,77004-0000,Private      ,1,37,38,2,61,63
02326000,SAN ANTONIO BEAUTY COLLEGE NO 3         ,TX,78217-0000,Proprietary  ,5,40,45,10,42,52
02328600,ITT TECHNICAL INSTITUTE                 ,TX,76011-0000,Proprietary  ,210,395,605,278,489,767
02331200,BAPTIST MISSIONARY ASSN THEOL SEM       ,TX,75766-0000,Private      ,2,16,18,3,25,28
02331300,INTERACTIVE LEARNING SYSTEMS            ,TX,77502-1201,Proprietary  ,2,68,70,6,76,82
02331301,INTERACTIVE LEARNING SYSTEMS            ,TX,77081-0000,Proprietary  ,8,117,125,8,135,143
02331303,INTERACTIVE LEARNING SYSTEMS            ,TX,77502-0000,Proprietary  ,6,49,55,6,49,55
02331304,INTERACTIVE LEARNING SYSTEMS            ,TX,77060-0000,Proprietary  ,2,34,36,2,38,40
02341300,PALO ALTO COLLEGE                       ,TX,78224-0000,Public       ,1638,1899,3537,2689,3196,5885
02348500,LAMAR STATE COLLEGE-PORT ARTHUR         ,TX,77640-0000,Public       ,286,483,769,487,860,1347
02357700,ACADEMY OF HAIR DESIGN                  ,TX,77090-0000,Proprietary  ,7,14,21,13,28,41
02358200,LAMAR STATE COLLEGE-ORANGE              ,TX,77630-0000,Public       ,265,523,788,411,802,1213
02361400,COLLIN COUNTY COMMUNITY COLLEGE         ,TX,75071-0000,Public       ,1181,1570,2751,1987,2690,4677
02362000,UNIVERSAL TECHNICAL INSTITUTE           ,TX,77073-0000,Proprietary  ,3114,1021,4135,4798,1578,6376
02362800,AUSTIN GRADUATE SCHOOL OF THEOLOGY      ,TX,78752-1333,Private      ,0,11,11,3,21,24
02521200,ARLINGTON CAREER INSTITUTE              ,TX,75050-0000,Proprietary  ,20,172,192,26,192,218
02521800,SEGUIN BEAUTY SCHOOL                    ,TX,78155-0000,Proprietary  ,15,22,37,16,25,41
02527500,HOUSTON TRAINING SCHOOLS                ,TX,77020-0000,Proprietary  ,37,166,203,44,185,229
02530700,SEBRING CAREER SCHOOLS                  ,TX,77083-1510,Proprietary  ,8,39,47,9,49,58
02538900,INTERNATIONAL BUSINESS COLLEGE          ,TX,79414-3509,Proprietary  ,31,112,143,39,142,181
02539600,ART INSTITUTE OF DALLAS                 ,TX,75231-5993,Proprietary  ,609,431,1040,998,712,1710
02548800,SOUTH TEXAS VO-TECH INSTITUTE           ,TX,78596-0000,Proprietary  ,77,199,276,94,208,302
02549400,SOUTH TEXAS VO-TECH INSTITUTE           ,TX,78501-0000,Proprietary  ,66,229,295,89,268,357
02555400,UNIV OF TX MD ANDERSON CANCER CTR       ,TX,77030-0000,Public       ,16,65,81,34,133,167
02557400,STAR COLLEGE OF COSMETOLOGY             ,TX,75961-0000,Proprietary  ,4,14,18,11,20,31
02568100,TEXAS BARBER COLLEGES & HAIRSTYLING     ,TX,75208-0000,Proprietary  ,85,330,415,118,436,554
02569300,TEXAS CULINARY ACADEMY                  ,TX,78758-3403,Proprietary  ,279,332,611,503,575,1078
02572000,COMPUTER CAREER CENTER                  ,TX,79925-2021,Proprietary  ,9,39,48,22,57,79
02572100,"CAREER ACADEMY, INC.                    ",TX,75501-0000,Proprietary  ,2,13,15,6,20,26
02572200,INSTITUTE OF COSMETOLOGY & ESTHETICS    ,TX,77036-0000,Proprietary  ,8,12,20,17,30,47
02580100,IVERSON BUSINESS SCH & COURT REPORT     ,TX,76011-1344,Proprietary  ,5,134,139,15,188,203
02591100,CAREER POINT INSTITUTE                  ,TX,78201-2027,Proprietary  ,101,511,612,144,781,925
02591900,CAREER CENTERS OF TEXAS - EL PASO       ,TX,79907-1525,Proprietary  ,129,363,492,204,556,760
02591905,CAREER CENTERS OF TEXAS-BROWNSVILLE     ,TX,78521-9905,Proprietary  ,71,183,254,117,312,429
02596400,REDSTONE COLLEGE - LOS ANGELES          ,TX,77061-0000,Proprietary  ,119,102,221,403,271,674
02596412,WESTWOOD COLLEGE OF AVIATION TECHNOLOGY ,TX,77061-5114,Proprietary  ,61,65,126,73,90,163
02596500,ATI CAREER TRAINING CENTER              ,TX,76180-1599,Proprietary  ,121,247,368,176,459,635
02596600,ATI-CAREER TRAINING CENTER              ,TX,75220-4443,Proprietary  ,166,499,665,196,648,844
02600200,OCEAN CORPORATION (THE)                 ,TX,77099-3479,Proprietary  ,30,138,168,52,213,265
02604700,CENTER FOR ADVANCED LEGAL STUDIES       ,TX,77098-4151,Proprietary  ,8,74,82,10,124,134
02615000,SANFORD-BROWN INSTITUTE                 ,TX,75247-6931,Proprietary  ,104,480,584,156,705,861
03009400,SW SCH BUS & TECH CAREERS               ,TX,78212-2840,Proprietary  ,1,4,5,3,6,9
03010000,VANGUARD INSTITUTE OF TECHNOLOGY        ,TX,78539-0000,Proprietary  ,77,351,428,88,482,570
03010604,VIRGINIA COLLEGE - VIRGINIA COLLEGE AT A,TX,78723-0000,Proprietary  ,0,1,1,0,1,1
03011800,UNIVERSITY OF COSMETOLOGY ARTS & SCIENCE,TX,78226-1160,Proprietary  ,7,49,56,11,52,63
03019800,PCI HEALTH TRAINING CENTER              ,TX,75247-4720,Proprietary  ,96,266,362,130,396,526
03021500,SW SCH BUS & TECH CAREERS               ,TX,78852-4859,Proprietary  ,15,13,28,26,20,46
03023800,AIMS ACADEMY                            ,TX,75050-0000,Proprietary  ,5,11,16,9,24,33
03025000,TEXAS COLLEGE OF COSMETOLOGY            ,TX,79605-2001,Proprietary  ,20,73,93,26,77,103
03026100,POLYTECHNIC INSTITUTE                   ,TX,77022-2914,Proprietary  ,10,13,23,13,20,33
03026500,REMINGTON COLLEGE - HOUSTON CAMPUS      ,TX,77082-1849,Proprietary  ,174,533,707,255,810,1065
03026501,REMINGTON COLLEGE - NORTH HOUSTON CAMPUS,TX,77067-1849,Proprietary  ,12,31,43,22,59,81
03028800,CIRCLE J BEAUTY SCHOOL                  ,TX,77587-3714,Proprietary  ,4,35,39,4,39,43
03032300,SCHOOL OF AUTOMOTIVE MACHINISTS         ,TX,77055-1803,Proprietary  ,14,27,41,25,38,63
03035200,TINT SCHOOL OF MAKEUP & COSMETOLOGY     ,TX,75229-3734,Proprietary  ,15,57,72,20,84,104
03035300,SOUTHERN CAREERS INSTITUTE              ,TX,78704-5252,Proprietary  ,143,411,554,193,585,778
03035301,SOUTHERN CAREERS INSTITUTE              ,TX,78577-0000,Proprietary  ,94,202,296,124,283,407
03035302,SOUTHERN CAREERS INSTITUTE - CORPUS CHRI,TX,78414-2904,Proprietary  ,40,166,206,63,252,315
03035303,SOUTHERN CAREERS INSTITUTE - #1         ,TX,78221-4351,Proprietary  ,21,102,123,31,184,215
03035304,SOUTHERN CAREERS INSTITUTE-LAREDO       ,TX,78041-0000,Proprietary  ,18,59,77,28,77,105
03061800,STAR COLLEGE OF COSMETOLOGY             ,TX,75702-8214,Proprietary  ,20,63,83,25,88,113
03064600,UNIVERSITY OF TEXAS AT BROWNSVILLE      ,TX,78520-4993,Public       ,2055,2438,4493,4909,4808,9717
03071400,ITT TECHNICAL INSTITUTE                 ,TX,78249-3303,Proprietary  ,197,331,528,247,372,619
03075400,ICC TECHNICAL INSTITUTE                 ,TX,77004-2930,Private      ,5,12,17,8,17,25
03079201,WESTWOOD COLLEGE OF TECHNOLOGY          ,TX,76180-0000,Proprietary  ,107,170,277,161,253,414
03091200,CAREERS UNLIMITED                       ,TX,75702-7110,Proprietary  ,7,27,34,12,35,47
03103400,SOUTH TEXAS COLLEGE                     ,TX,78501-6699,Public       ,2733,3192,5925,5815,5295,11110
03104700,TEXAS COLLEGE OF COSMETOLOGY            ,TX,76903-4708,Proprietary  ,19,70,89,26,75,101
03105900,CAREERS UNLIMITED                       ,TX,77055-4002,Proprietary  ,16,151,167,26,273,299
03108700,ROYAL BEAUTY CAREERS                    ,TX,77069-4611,Proprietary  ,5,20,25,8,33,41
03111000,MID-CITIES BARBER COLLEGE               ,TX,75051-4810,Proprietary  ,5,32,37,6,40,46
03115800,TEXAS CAREERS                           ,TX,78238-4203,Proprietary  ,82,384,466,106,571,677
03115802,TEXAS CAREERS - LAREDO                  ,TX,78041-6181,Proprietary  ,44,102,146,51,114,165
03115803,TEXAS CAREERS - BEAUMONT                ,TX,77701-3706,Proprietary  ,35,137,172,56,253,309
03115804,TEXAS CAREERS - LUBBOCK                 ,TX,79401-2601,Proprietary  ,51,235,286,67,345,412
03128100,ACADEMY OF HEALTH CARE PROFESSIONS      ,TX,77092-8108,Proprietary  ,35,173,208,59,256,315
03144300,NATIONAL BEAUTY COLLEGE                 ,TX,75043-4046,Proprietary  ,6,18,24,7,21,28
03153300,AMER COLL OF ACUPUNCTURE & O.M.         ,TX,77063-4104,Proprietary  ,0,22,22,0,37,37
03156400,ACADEMY OF ORIENTAL MEDICINE AT AUSTIN  ,TX,78757-1132,Proprietary  ,3,103,106,7,159,166
03159300,ARLINGTON MEDICAL INSTITUTE             ,TX,76011-2645,Proprietary  ,11,44,55,26,73,99
03170300,TEXAS A&M UNIVERSITY-TEXARKANA          ,TX,75501-0000,Public       ,115,372,487,233,724,957
03179500,TEXAS COLG TRADITIONAL CHINESE MED      ,TX,78704-6748,Proprietary  ,2,30,32,2,56,58
03189400,COLLEGE OF SAINT THOMAS MORE            ,TX,76109-2323,Private      ,6,11,17,11,14,25
03237400,FARIS COMPUTER SCHOOL                   ,TX,77627-3829,Proprietary  ,0,7,7,0,10,10
03272300,SOUTHEASTERN CAREER INSTITUTE           ,TX,75234-7288,Proprietary  ,27,97,124,41,160,201
03272301,SOUTHEASTERN CAREER INSTITUTE - MIDLAND ,TX,79703-5531,Proprietary  ,29,105,134,36,162,198
03275300,TOUCH OF CLASS SCHOOL OF COSM           ,TX,75402-6314,Proprietary  ,10,44,54,11,46,57
03276300,ACADEMY OF HAIR DESIGN                  ,TX,75901-4900,Proprietary  ,4,18,22,8,24,32
03277300,ACADEMY OF HAIR DESIGN                  ,TX,77701-4650,Proprietary  ,5,29,34,9,34,43
03303300,NORTHWEST EDUCATIONAL CENTER            ,TX,77092-7055,Proprietary  ,10,65,75,10,70,80
03341300,SOUTHWESTERN PROFESSIONAL INSTITUTE     ,TX,77056-6239,Proprietary  ,5,46,51,6,50,56
03371300,TONI&GUY HAIRDRESSING ACADEMY           ,TX,75006-2351,Proprietary  ,29,33,62,37,50,87
03372300,NORTHWEST VISTA COLLEGE                 ,TX,78251-4217,Public       ,1508,1674,3182,2505,2940,5445
03396500,TEXAS STATE TECHNICAL COLG/MARSHALL     ,TX,75672-7402,Public       ,118,116,234,206,208,414
03400300,CAREER QUEST                            ,TX,78229-3539,Proprietary  ,9,61,70,12,90,102
03412300,ADVANCED BARBER COLLEGE & HAIR DESI     ,TX,78596-0000,Proprietary  ,11,46,57,13,47,60
03416500,DALLAS NURSING INSTITUTE                ,TX,75243-5502,Proprietary  ,21,182,203,32,253,285
03422300,MILAN INSTITUTE                         ,TX,78238-3327,Proprietary  ,78,141,219,110,211,321
03422400,COLLEGE OF BIBLICAL STUDIES-HOUSTON     ,TX,77036-3211,Private      ,19,230,249,35,368,403
03424400,MEDVANCE INSTITUTE                      ,TX,77057-7386,Proprietary  ,43,231,274,47,253,300
03426300,CAREER ADVANCEMENT CENTER               ,TX,78752-1470,Proprietary  ,17,66,83,24,99,123
03486300,SYLVIA'S INTERNATIONAL SCHOOL OF BE     ,TX,77091-3203,Proprietary  ,0,6,6,1,7,8
03509400,CORYELL COSMETOLOGY COLLEGE             ,TX,76528-2036,Proprietary  ,2,13,15,2,13,15
03520300,LUBBOCK HAIR ACADEMY                    ,TX,79410-3524,Proprietary  ,5,13,18,7,18,25
03541300,BEHOLD! BEAUTY ACADEMY                  ,TX,77016-3725,Proprietary  ,2,10,12,5,18,23
03542300,CONCORDE CAREER INSTITUTE               ,TX,76011-4016,Proprietary  ,59,335,394,92,629,721
03551400,STATE BEAUTY ACADEMY                    ,TX,75116-3501,Proprietary  ,17,35,52,20,40,60
03556400,KUSSAD INSTITUTE OF COURT REPORTING     ,TX,78704-5712,Proprietary  ,3,10,13,3,16,19
03563300,ACADEMY OF COSEMTOLOGY                  ,TX,78745-2858,Proprietary  ,7,25,32,18,48,66
03573300,AVIATION INSTITUTE OF MAINTENANCE       ,TX,75209-3017,Proprietary  ,27,104,131,32,121,153
03610300,MJ'S BEAUTY ACADEMY INC                 ,TX,75224-4409,Proprietary  ,6,13,19,9,17,26
03612400,VALLEY GRANDE INSTITUTE FOR ACADEMI     ,TX,78596-0000,Private      ,45,171,216,67,220,287
03627300,LAMAR INSTITUTE OF TECHNOLOGY           ,TX,77705-4142,Public       ,383,554,937,655,1123,1778
03676400,HEALTHY HAIR ACADEMY                    ,TX,75227-0000,Proprietary  ,5,22,27,7,26,33
03680300,JAY'S TECHNICAL INSTITUTE               ,TX,77031-3509,Proprietary  ,1,11,12,2,18,20
03682400,DALLAS BARBER & STYLIST COLLEGE         ,TX,75231-0000,Proprietary  ,10,30,40,19,60,79
03714300,TREND BARBER COLLEGE                    ,TX,77071-2104,Proprietary  ,12,21,33,16,35,51
03723300,CULINARY INST ALAIN & MARIE LENOTRE     ,TX,77022-4322,Proprietary  ,13,43,56,23,77,100
03727600,CULINARY ACADEMY OF AUSTIN              ,TX,78752-0000,Proprietary  ,26,33,59,53,64,117
03731300,INTERNATIONAL RENOWNED BEAUTY ACADE     ,TX,76103-2504,Proprietary  ,5,21,26,5,28,33
03733300,BAPTIST UNIVERSITY OF THE AMERICAS      ,TX,78224-1336,Private      ,14,51,65,21,95,116
03756300,ANAMARC EDUCATIONAL INSTITUTE           ,TX,79930-6230,Proprietary  ,9,101,110,14,108,122
03885400,COMPUTER LABS                           ,TX,79906-5924,Proprietary  ,1,2,3,1,2,3
03885700,HOUSTON'S TRAINING AND EDUCATION CENTER ,TX,77036-2021,Proprietary  ,11,40,51,15,65,80
03922300,SOUTH TEXAS BARBER COLLEGE              ,TX,78415-3463,Proprietary  ,5,28,33,5,35,40
03926300,AMESED                                  ,TX,75081-0000,Proprietary  ,1,16,17,4,17,21
03984300,ALLIED CAREER CENTER                    ,TX,75007-0000,Proprietary  ,3,24,27,4,33,37
03987300,TEXAS HEALTH SCHOOL                     ,TX,77079-2106,Proprietary  ,5,21,26,14,45,59
04045300,NORTHWEST BEAUTY SCHOOL                 ,TX,77091-1208,Proprietary  ,2,8,10,4,13,17
04045400,MAI-TRIX BEAUTY COLLEGE                 ,TX,77040-0000,Proprietary  ,5,6,11,5,6,11
00367000,BRIGHAM YOUNG UNIVERSITY                ,UT,84602-8406,Private      ,2605,3886,6491,6349,6676,13025
00367100,DIXIE STATE COLLEGE OF UTAH             ,UT,84770-3876,Public       ,652,630,1282,1236,946,2182
00367200,LDS BUSINESS COLLEGE                    ,UT,84101-3500,Private      ,148,147,295,294,237,531
00367400,STEVENS HENAGER COLLEGE                 ,UT,84401-1420,Proprietary  ,178,1013,1191,197,1098,1295
00367500,UNIVERSITY OF UTAH                      ,UT,84112-9055,Public       ,1782,3345,5127,5758,9824,15582
00367600,COLLEGE OF EASTERN UTAH                 ,UT,84501-2699,Public       ,168,210,378,377,341,718
00367700,UTAH STATE UNIVERSITY                   ,UT,84322-1400,Public       ,1756,2699,4455,3768,5057,8825
00367800,SOUTHERN UTAH UNIVERSITY                ,UT,84720-2470,Public       ,864,939,1803,1910,1518,3428
00367900,SNOW COLLEGE                            ,UT,84627-1299,Public       ,592,226,818,1065,320,1385
00368000,WEBER STATE UNIVERSITY                  ,UT,84408-1136,Public       ,1135,2743,3878,2446,5737,8183
00368100,WESTMINSTER COLLEGE                     ,UT,84105-3697,Private      ,521,490,1011,1347,963,2310
00402700,UTAH VALLEY UNIVERSITY                  ,UT,84058-5999,Public       ,1516,3499,5015,2743,5953,8696
00522000,SALT LAKE COMMUNITY COLLEGE             ,UT,84123-0000,Public       ,1413,3323,4736,2449,5830,8279
00943300,SHERMAN KENDALL'S ACADEMY OF BEAUTY     ,UT,84106-1836,Proprietary  ,3,16,19,7,18,25
01009800,NEUMONT UNIVERSITY                      ,UT,84095-0000,Proprietary  ,94,107,201,178,167,345
01116500,UINTAH BASIN APPLIED TECHNOLOGY CLG     ,UT,84066-0000,Public       ,5,18,23,10,31,41
01116600,UTAH CAREER COLLEGE                     ,UT,84088-4021,Proprietary  ,105,455,560,117,483,600
02078800,SHERMAN KENDALL'S ACADEMY OF BEAUTY     ,UT,84047-0000,Proprietary  ,3,6,9,4,9,13
02115400,BRIDGERLAND APPLIED TECHNOLOGY COLLEGE  ,UT,84321-0000,Public       ,41,129,170,60,207,267
02156600,DAVIS APPLIED TECHNOLOGY COLLEGE        ,UT,84037-0000,Public       ,44,223,267,79,365,444
02178500,EAGLE GATE COLLEGE                      ,UT,84123-0000,Proprietary  ,99,448,547,119,581,700
02270800,AMERITECH COLLEGE                       ,UT,84604-6927,Proprietary  ,22,53,75,24,74,98
02298500,EVEREST COLLEGE                         ,UT,84119-2668,Proprietary  ,77,363,440,91,457,548
02346500,OGDEN-WEBER APPLIED TECHNOLOGY COLG     ,UT,84404-0000,Public       ,43,310,353,75,438,513
02360800,PROVO COLLEGE                           ,UT,84601-0000,Proprietary  ,67,320,387,95,376,471
02361000,ITT TECHNICAL INSTITUTE                 ,UT,84123-0000,Proprietary  ,94,384,478,102,407,509
02504000,MARINELLO SCHOOL OF BEAUTY              ,UT,84041-0000,Proprietary  ,10,37,47,13,47,60
02516100,MARINELLO SCHOOL OF BEAUTY              ,UT,84405-1501,Proprietary  ,7,9,16,12,16,28
02531800,VON CURTIS ACADEMY OF HAIR DESIGN       ,UT,84606-0000,Proprietary  ,158,139,297,242,186,428
02556800,HAIRITAGE COLLEGE OF BEAUTY             ,UT,84117-7204,Proprietary  ,22,27,49,29,29,58
02557700,PREMIER HAIR ACADEMY                    ,UT,84120-3603,Proprietary  ,2,4,6,2,7,9
02572700,EVANS HAIRSTYLING COLLEGE               ,UT,84770-0000,Proprietary  ,12,6,18,14,7,21
02572800,VISTA COLLEGE                           ,UT,84015-0000,Proprietary  ,7,34,41,9,48,57
02572801,CERTIFIED CAREERS INSTITUTE             ,UT,84015-0000,Proprietary  ,7,39,46,9,47,56
02573100,EVANS HAIRSTYLING COLLEGE               ,UT,84720-0000,Proprietary  ,14,8,22,19,11,30
02612200,MARINELLO SCHOOL OF BEAUTY              ,UT,84604-1585,Proprietary  ,29,34,63,44,54,98
03030600,UTAH COLLEGE OF MASSAGE THERAPY         ,UT,84111-1606,Proprietary  ,155,236,391,202,340,542
03030601,UTAH CLG OF MASSAGE THER-PROVO CMPS     ,UT,84042-0000,Proprietary  ,37,87,124,51,122,173
03082100,MYOTHERAPY COLLEGE OF UTAH              ,UT,84115-2522,Proprietary  ,3,18,21,7,30,37
03108200,ECHELON EDGE ACADEMY OF HAIR SKIN & NAIL,UT,84070-2004,Proprietary  ,3,6,9,5,7,12
03110400,HAIRITAGE HAIR ACADEMY                  ,UT,84770-5233,Proprietary  ,11,16,27,12,22,34
03339400,WESTERN GOVERNORS UNIVERSITY            ,UT,84107-2533,Private      ,61,2356,2417,90,3652,3742
03413300,MOUNTAINLAND APPLIED TECHNOLOGY COLLEGE ,UT,84058-5857,Public       ,9,19,28,14,29,43
03463300,CAREERS UNLIMITED                       ,UT,84058-0000,Proprietary  ,7,6,13,10,10,20
03617300,HEALING MOUNTAIN MASSAGE SCHOOL         ,UT,84111-3232,Proprietary  ,3,13,16,6,22,28
03829500,SKINWORKS SCHOOL OF ADVANCED SKINCARE   ,UT,84115-0000,Proprietary  ,4,10,14,4,16,20
03838300,OGDEN INSTITUTE OF MASSAGE THERAPY      ,UT,84403-0000,Proprietary  ,2,12,14,4,16,20
03902300,RENAISSANCE SCHOOL OF THERAPEUTIC MASSAG,UT,84010-2835,Proprietary  ,0,2,2,0,4,4
03909300,MAXIMUM STYLE TEC SCHOOL OF COSMETOLOGY ,UT,84323-4679,Proprietary  ,3,10,13,5,14,19
03921300,CAMEO COLLEGE OF ESSENTIAL BEAUTY       ,UT,84115-0000,Proprietary  ,24,57,81,39,78,117
00368200,BENNINGTON COLLEGE                      ,VT,05201-6001,Private      ,147,47,194,744,175,919
00368300,CASTLETON STATE COLLEGE                 ,VT,05735-0000,Public       ,438,121,559,2151,339,2490
00368400,CHAMPLAIN COLLEGE                       ,VT,05401-3950,Private      ,340,180,520,2260,512,2772
00368402,WOODBURY COLLEGE                        ,VT,05602-0000,Private      ,3,54,57,9,109,118
00368500,COLLEGE OF ST JOSEPH                    ,VT,05701-3899,Private      ,50,101,151,172,184,356
00368600,GODDARD COLLEGE                         ,VT,05667-0000,Private      ,22,328,350,46,548,594
00368700,GREEN MOUNTAIN COLLEGE                  ,VT,05764-1199,Private      ,250,38,288,910,77,987
00368800,JOHNSON STATE COLLEGE                   ,VT,05656-9898,Public       ,287,300,587,1138,696,1834
00368900,LYNDON STATE COLLEGE                    ,VT,05851-0919,Public       ,241,60,301,1275,267,1542
00369000,MARLBORO COLLEGE                        ,VT,05344-0300,Private      ,61,18,79,423,53,476
00369100,MIDDLEBURY COLLEGE                      ,VT,05753-0000,Private      ,428,192,620,2561,949,3510
00369200,NORWICH UNIVERSITY                      ,VT,05663-1035,Private      ,359,509,868,2210,971,3181
00369300,SOUTHERN VERMONT COLLEGE                ,VT,05201-6002,Private      ,139,52,191,410,116,526
00369400,ST MICHAELS COLLEGE                     ,VT,05439-0001,Private      ,322,55,377,2740,139,2879
00369600,UNIVERSITY OF VERMONT                   ,VT,05405-0160,Public       ,991,454,1445,11800,2323,14123
00369800,VERMONT TECHNICAL COLLEGE               ,VT,05061-0000,Public       ,226,182,408,856,440,1296
00857500,SALON PROFESSIONAL ACADEMY (THE)        ,VT,05495-4001,Proprietary  ,17,18,35,51,37,88
00865800,O'BRIENS AVEDA INSTITUTE                ,VT,05403-7747,Proprietary  ,10,10,20,17,17,34
00886000,SIT                                     ,VT,05301-4801,Private      ,11,167,178,14,450,464
01116700,COMMUNITY COLLEGE OF VERMONT            ,VT,05676-1552,Public       ,399,1183,1582,710,1937,2647
01193400,VERMONT LAW SCHOOL                      ,VT,05068-0000,Private      ,0,161,161,1,917,918
01218300,BURLINGTON COLLEGE                      ,VT,05401-8477,Private      ,21,50,71,66,105,171
02143500,STERLING COLLEGE                        ,VT,05827-0000,Private      ,30,11,41,94,20,114
02207000,NEW ENGLAND SCHOOL OF RADIOLOGIC TE     ,VT,05701-0000,Private      ,0,0,0,1,0,1
02254000,NEW ENGLAND CULINARY INSTITUTE          ,VT,05602-0000,Proprietary  ,151,78,229,455,215,670
02532600,LANDMARK COLLEGE                        ,VT,05346-0000,Private      ,124,26,150,259,46,305
03708300,BURLINGTON TECHNICAL CENTER             ,VT,05401-2721,Public       ,5,2,7,12,9,21
00392800,CASPER COLLEGE                          ,WY,82601-4612,Public       ,312,421,733,730,700,1430
00392900,EASTERN WYOMING COLLEGE                 ,WY,82240-1603,Public       ,92,59,151,209,123,332
00393000,SHERIDAN COLLEGE                        ,WY,82801-9133,Public       ,147,195,342,427,426,853
00393100,NORTHWEST COLLEGE                       ,WY,82435-1895,Public       ,189,164,353,650,335,985
00393200,UNIVERSITY OF WYOMING                   ,WY,82071-3663,Public       ,1322,1075,2397,4761,2926,7687
00393300,WESTERN WYOMING COMMUNITY COLLEGE       ,WY,82902-0000,Public       ,238,212,450,486,443,929
00728900,CENTRAL WYOMING COLLEGE                 ,WY,82501-0000,Public       ,96,191,287,268,364,632
00915700,WYOMING TECHNICAL INSTITUTE             ,WY,82072-9519,Proprietary  ,2011,604,2615,3785,1011,4796
00925900,LARAMIE COUNTY COMMUNITY CLG            ,WY,82007-3299,Public       ,221,382,603,618,884,1502
02211900,CHEEKS INTERNATIONAL ACDMY              ,WY,82001-0000,Proprietary  ,12,44,56,17,66,83
03291300,BUSINESS SKILLS INSTITUTE A DEPARTMENT O,WY,82930-0000,Public       ,3,5,8,5,9,14
00393500,UNIV OF GUAM                            ,GU,96923-0000,Public       ,584,424,1008,902,756,1658
01536100,GUAM COMMUNITY COLLEGE                  ,GU,96921-0000,Public       ,261,387,648,373,634,1007
03438300,PACIFIC ISLANDS BIBLE COLLEGE           ,GU,96913-2619,Private      ,13,2,15,19,6,25
00393600,PONTIFICAL CATHOLIC UNIV OF PR          ,PR,00717-0777,Private      ,3219,1722,4941,3844,2181,6025
00393700,UNIVERSITY OF THE SACRED HEART          ,PR,00914-0383,Private      ,1769,684,2453,2101,813,2914
00393800,INTER-AMER UNIV PR-CNTRL ADMN           ,PR,00936-0000,Private      ,1381,2294,3675,1449,2520,3969
00393801,INTER-AMER UNIV PR SCHL LAW             ,PR,00936-8351,Private      ,0,218,218,0,270,270
00393802,INTER AMERICAN UNIVERSITY OF PUERTO RICO,PR,00926-0000,Private      ,787,984,1771,953,1208,2161
00393803,INTER AMERICAN UNIVERSITY OF PR         ,PR,00683-0000,Private      ,2552,1043,3595,2997,1385,4382
00393804,INTER-AMER UNIV PR-RECINTO AGUADILA     ,PR,00605-2000,Private      ,1693,1076,2769,1934,1318,3252
00393805,INTER-AMER UNIV PR-ARECIBO CAMPUS       ,PR,00614-4050,Private      ,2346,1173,3519,2595,1377,3972
00393806,INTER-AMER UNIV PR-BARRANQUITAS REG     ,PR,00794-0517,Private      ,970,521,1491,1292,703,1995
00393807,INTER-AMER UNIV PR-FAJARDO REGIONAL     ,PR,00738-0000,Private      ,896,654,1550,936,724,1660
00393808,INTER-AMER UNIV PR - GUAYAMA CAMPUS     ,PR,00785-4004,Private      ,722,670,1392,849,827,1676
00393809,INTER-AMER UNIV PR-PONCE REGIONAL       ,PR,00715-0000,Private      ,2273,1475,3748,2581,1765,4346
00393810,INTER-AMER UNIV PR - SCH OF OPTOMETRY   ,PR,00918-0000,Private      ,1,30,31,1,47,48
00393811,INTER-AMER UNIV PR-BAYAMON REG CLG      ,PR,00959-0000,Private      ,2579,769,3348,2910,889,3799
00394100,COLEGIO UNIVERSITARIO DEL ESTE          ,PR,00983-0000,Private      ,2751,2964,5715,2895,3329,6224
00394200,UNIVERSITY OF PR-CENTRAL ADMINISTRATION ,PR,00936-4984,Public       ,475,157,632,639,229,868
00394201,UNIVERSITY OF PR-RIO PIEDRAS CAMPUS     ,PR,00931-3300,Public       ,6205,1279,7484,7519,1752,9271
00394202,UNIV OF PUERTO RICO-MAYAGUEZ CAMPUS     ,PR,00681-5000,Public       ,5824,650,6474,7323,1051,8374
00394203,"UNIVERSITY OF PR, MED. SCIENCES CAMPUS  ",PR,00936-5067,Public       ,223,675,898,272,770,1042
00394204,"UNIVERSITY OF PUERTO RICO, CAYEY CAMPUS ",PR,00736-0000,Public       ,1833,251,2084,2665,472,3137
00394205,"UNIVERSITY OF PR, HUMACAO CAMPUS        ",PR,00791-4057,Public       ,2418,369,2787,2743,411,3154
00394206,UNIVERSITY OF PR-AGUADILLA CAMPUS       ,PR,00604-6150,Public       ,1831,213,2044,2261,322,2583
00394207,UNIVERSITY OF PUERTO RICO-ARECIBO CAMPUS,PR,00614-0000,Public       ,2484,225,2709,3447,410,3857
00394208,UNIVERSITY OF PUERTO RICO-BAYAMON CAMPUS,PR,00959-0000,Public       ,2204,193,2397,3196,342,3538
00394209,UNIVERSITY OF PUERTO RICO-CAROLINA      ,PR,00984-4800,Public       ,2142,261,2403,2438,308,2746
00394210,UNIVERSITY OF PUERTO RICO-PONCE         ,PR,00732-0000,Public       ,2156,263,2419,2975,352,3327
00394211,"UNIVERSITY OF PR, UTUADO CAMPUS         ",PR,00641-0000,Public       ,840,150,990,1048,223,1271
00501900,UNIV ADVENTISTA DE LAS ANTILLAS         ,PR,00681-0118,Private      ,313,169,482,345,188,533
00502200,BAYAMON CENTRAL UNIVERSITY              ,PR,00960-0000,Private      ,812,910,1722,868,967,1835
00890200,COLUMBIA CENTRO UNIVERSITARIO           ,PR,00726-0000,Proprietary  ,179,319,498,199,363,562
01056700,COLEGIO TECNOLOGICO DE SAN JUAN         ,PR,00918-2973,Public       ,172,222,394,179,242,421
01072400,CARLOS ALBIZU UNIVERSITY                ,PR,00902-3711,Private      ,60,445,505,67,521,588
01081900,CONSERVATORIO DE MUSICA DE PUERTO RICO  ,PR,00907-3373,Public       ,190,38,228,207,42,249
01120300,RYDER MEMORIAL HOSP SCH OF NURSING      ,PR,00792-0000,Private      ,2,2,4,5,2,7
01171900,UNIVERSIDAD DEL TURABO                  ,PR,00778-0000,Private      ,3530,3497,7027,4158,4607,8765
01194000,ICPR JUNIOR COLLEGE                     ,PR,00919-0000,Proprietary  ,108,89,197,112,91,203
01194100,AMERICAN UNIVERSITY OF PUERTO RICO      ,PR,00960-2037,Private      ,447,380,827,506,453,959
01194101,AMERICAN UNIVERSITY OF PUERTO RICO      ,PR,00674-0000,Private      ,474,294,768,579,395,974
01252500,CARIBBEAN UNIVERSITY                    ,PR,00960-0493,Private      ,992,1214,2206,1055,1338,2393
01314800,RAMIREZ COLLEGE OF BUS & TECH           ,PR,00918-0000,Proprietary  ,122,157,279,144,196,340
02063100,MBTI BUSINESS TRNG INSTITUTE            ,PR,00907-3917,Proprietary  ,161,189,350,212,273,485
02097000,"COLEGIO TECNICO METROPOLITANO, INC.     ",PR,00920-0000,Proprietary  ,20,67,87,22,68,90
02100000,POLYTECHNIC UNIVERSITY OF PR            ,PR,00917-0000,Private      ,1891,870,2761,2224,1065,3289
02163300,UNIVERSIDAD CENTRAL DEL CARIBE          ,PR,00960-0000,Private      ,46,221,267,51,244,295
02165100,EDP COLLEGE OF PUERTO RICO              ,PR,00919-0000,Private      ,196,349,545,203,398,601
02166400,INSTITUTO DE BANCA Y COMERCIO           ,PR,00925-0000,Proprietary  ,2413,2316,4729,3242,3477,6719
02170300,INST EDUC TECNIA OCUP LA REINA          ,PR,00674-0000,Proprietary  ,5,4,9,5,4,9
02170301,INST EDUC TECNICA OCUPLA LA REINA       ,PR,00603-0000,Proprietary  ,11,1,12,11,1,12
02189100,CENTRO DE ESTUDIOS MULTIDISCIPLIN       ,PR,00926-0000,Private      ,167,297,464,179,323,502
02189300,EMMA'S BEAUTY ACADEMY                   ,PR,00680-0000,Proprietary  ,126,103,229,129,105,234
02195400,MODERN HAIRSTYLING INSTITUTE            ,PR,00960-0000,Proprietary  ,94,70,164,95,70,165
02195500,MODERN HAIRSTYLING INSTITUTE            ,PR,00612-0000,Proprietary  ,0,0,0,0,1,1
02195800,LICEO E ARTE Y TECNOLGIA                ,PR,00919-0000,Private      ,478,319,797,509,339,848
02195900,MODERN HAIRSTYLING INSTITUTE            ,PR,00980-0000,Proprietary  ,4,1,5,4,1,5
02234900,ANTILLES SCHOOL OF TECH CAREERS         ,PR,00909-0000,Proprietary  ,28,44,72,31,44,75
02241901,COMMONWEALTH OF PR DEPT OF EDUC - CARLOS,PR,00986-0000,Public       ,6,10,16,6,11,17
02241902,COMMONWEALTH OF PR DEPT OF EDUC - TOMAS ,PR,00613-0000,Public       ,9,3,12,10,5,15
02241904,COMMONWEALTH OF PR DEPT OF EDUC - ITPR R,PR,00655-0000,Public       ,332,99,431,365,121,486
02241905,COMMONWEALTH OF PR DEPT OF EDUC - JOSE A,PR,00674-0000,Public       ,488,105,593,646,150,796
02241907,COMMONWEALTH OF PR DEPT OF EDUC - ITPR R,PR,00928-0000,Public       ,246,65,311,260,69,329
02241908,COMMONWEALTH OF PR DEPT OF EDUC - ITPR R,PR,00732-0000,Public       ,456,139,595,519,165,684
02241909,COMMONWEALTH OF PR DEPT OF EDUC - TROQUE,PR,00959-0000,Public       ,8,0,8,8,0,8
02260600,NATIONAL COLLEGE OF BUSINESS & TECH     ,PR,00960-2036,Proprietary  ,1433,1410,2843,1781,1977,3758
02260601,NATIONAL COLLEGE OF BUSINESS & TECHNOLOG,PR,00612-0000,Proprietary  ,14,2,16,18,5,23
02260602,NATIONAL COLLEGE OF BUSINESS & TECHNOLOG,PR,00745-9903,Proprietary  ,4,4,8,7,4,11
02260800,HUERTAS JUNIOR COLLEGE                  ,PR,00726-0000,Proprietary  ,212,142,354,215,146,361
02276400,INTERNATIONAL JUNIOR COLLEGE            ,PR,00910-0000,Proprietary  ,4,18,22,5,18,23
02276402,INTERNATIONAL JUNIOR COLLEGE            ,PR,00791-0000,Proprietary  ,7,7,14,7,7,14
02276403,INTERNATIONAL JUNIOR COLLEGE            ,PR,00733-0000,Proprietary  ,4,2,6,5,2,7
02297700,AUTOMECA TECHNICAL COLLEGE              ,PR,00957-0000,Proprietary  ,443,186,629,473,208,681
02303800,AMERICAN EDUCATIONAL COLLEGE            ,PR,00961-0000,Proprietary  ,184,152,336,185,155,340
02335500,COLEGIO BIBLICO PENTECOSTAL DE PR       ,PR,00978-0000,Private      ,7,40,47,7,43,50
02340600,HUMACAO COMMUNITY COLLEGE               ,PR,00792-0000,Private      ,41,47,88,42,48,90
02343600,INSTITUTE OF BEAUTY CAREERS             ,PR,00613-0000,Proprietary  ,145,167,312,166,223,389
02482400,PONCE SCHOOL OF MEDICINE                ,PR,00716-2347,Private      ,5,360,365,6,467,473
02502400,SERBIA'S SCHOOL OF BEAUTY CULTURE       ,PR,00785-0000,Proprietary  ,73,107,180,73,107,180
02504500,INSTITUCION CHAVIANO DE MAYAGUEZ        ,PR,00708-0000,Proprietary  ,2,4,6,3,4,7
02505400,ATLANTIC COLLEGE                        ,PR,00970-0000,Private      ,309,138,447,334,158,492
02512100,INSTITUTO IRMA VALENTIN - UTUADO        ,PR,00641-0000,Proprietary  ,8,58,66,13,72,85
02534900,PONCE PARAMEDICAL COLLEGE (POPAC)       ,PR,00731-0000,Proprietary  ,556,389,945,832,532,1364
02549700,ACADEMIA MAISON D'ESTHETIQUE            ,PR,00907-0000,Proprietary  ,52,81,133,57,104,161
02552300,COLEGIO MAYOR DE TECHNOLOGIA            ,PR,00714-0000,Proprietary  ,65,94,159,83,151,234
02562500,INTERNATIONAL TECHNICAL COLLEGE         ,PR,00918-0000,Proprietary  ,51,47,98,51,50,101
02563500,ROGIES SCHOOL OF BEAUTY CULTURE         ,PR,00910-0000,Proprietary  ,41,35,76,42,35,77
02566800,PUERTO RICO TECH JUNIOR COLLEGE         ,PR,00917-0000,Proprietary  ,23,20,43,24,26,50
02569400,ESCUELA DE ARTES PLASTICAS              ,PR,00902-1112,Public       ,194,92,286,224,109,333
02570400,EDUCATIONAL TECHNICAL COLLEGE           ,PR,00925-3404,Proprietary  ,136,284,420,138,304,442
02576100,ESCUELA TECNICA DE ELECTRICIDAD         ,PR,00731-0000,Proprietary  ,198,161,359,230,193,423
02587500,UNIVERSIDAD METROPOLITANA               ,PR,00928-0000,Private      ,2581,2928,5509,2999,3559,6558
02588600,SEMINARIO EVANGELICO DE PUERTO RICO     ,PR,00925-0000,Private      ,0,8,8,0,16,16
02593700,HISPANIC AMERICAN COLLEGE               ,PR,00725-0000,Proprietary  ,32,62,94,33,62,95
02611100,INSTITUTO MERLIX                        ,PR,00961-0000,Proprietary  ,11,20,31,12,20,32
03021900,EDIC COLLEGE                            ,PR,00726-0000,Proprietary  ,187,139,326,188,141,329
03025500,MECH TECH COLLEGE                       ,PR,00725-6118,Proprietary  ,1131,337,1468,1396,461,1857
03025900,"LICEO DE ARTE, DISENOS Y COMERCIO       ",PR,00726-0000,Proprietary  ,107,139,246,110,144,254
03029700,"UNIVERSAL TECHNOLOGY CLG OF PR, INC     ",PR,00605-1955,Private      ,242,492,734,282,593,875
03061900,COLEGIO TECHNOLOGICO Y COMERCIAL        ,PR,00602-0000,Proprietary  ,7,16,23,8,18,26
03068400,STAR BEAUTY ACADEMY                     ,PR,00961-6312,Proprietary  ,1,0,1,1,0,1
03070500,D'MART INSTITUTE                        ,PR,00794-3517,Proprietary  ,362,397,759,431,482,913
03075600,EMMA'S BEAUTY ACADEMY                   ,PR,00795-0000,Proprietary  ,144,132,276,148,132,280
03085700,PROFESSIONAL TECHNICAL INSTITUTION      ,PR,00960-7061,Proprietary  ,76,67,143,76,68,144
03098100,INSTITUTO IRMA VALENTIN - MANATI        ,PR,00674-0333,Proprietary  ,23,57,80,24,57,81
03104400,PROFESSIONAL ELECTRIC SCHOOL            ,PR,00674-1797,Proprietary  ,22,32,54,26,38,64
03106900,ESCUELA DE PERITOS ELECTRICITAS         ,PR,00662-0457,Proprietary  ,10,2,12,10,2,12
03112100,JOHN DEWEY COLLEGE                      ,PR,00915-9538,Private      ,75,259,334,77,276,353
03112101,JOHN DEWEY COLLEGE                      ,PR,00986-0000,Private      ,113,126,239,121,150,271
03112102,JOHN DEWEY COLLEGE-BAYAMON CAMPUS       ,PR,00959-0000,Private      ,25,56,81,29,62,91
03112104,JOHN DEWEY COLLEGE - YABUCOA LRNING SITE,PR,00767-0767,Private      ,4,15,19,4,15,19
03112105,JOHN DEWEY COLLEGE - FAJARDO BRANCH     ,PR,00738-0738,Private      ,118,140,258,118,140,258
03112106,JOHN DEWEY COLLEGE - ARROYO BRANCH      ,PR,00714-0714,Private      ,19,97,116,20,99,119
03112107,JOHN DEWEY COLLEGE - JUANA DIAZ BRANCH  ,PR,00795-0000,Private      ,40,33,73,46,59,105
03115900,TRINITY COLLEGE OF PUERTO RICO          ,PR,00734-0000,Private      ,10,20,30,11,20,31
03122500,ACADEMIA SERRANT INC.                   ,PR,00717-1568,Proprietary  ,23,54,77,25,56,81
03123100,GLOBELLE TECHNICAL INSTITUTE            ,PR,00693-4218,Proprietary  ,22,52,74,24,52,76
03124200,NOVA COLLEGE DE PUERTO RICO             ,PR,00960-4016,Proprietary  ,21,49,70,22,49,71
03142300,ACADEMIA VOCATIONAL DEL TURABO          ,PR,00725-3657,Proprietary  ,16,19,35,19,21,40
03157600,"COLEGIO DE CINEMATOGRAFIA, ARTES Y TELEV",PR,00961-6345,Proprietary  ,48,17,65,49,17,66
03177300,SAN JUAN BAUTISTA SCH OF MEDICINE       ,PR,00726-0000,Private      ,0,60,60,0,179,179
03326300,UNIVERSAL CAREER COMMUNITY COLLEGE      ,PR,00907-0000,Proprietary  ,160,186,346,178,213,391
03336300,CENTURY COLLEGE                         ,PR,00603-4802,Proprietary  ,16,17,33,17,18,35
03414300,MONTECLARO                              ,PR,00745-9612,Private      ,2,0,2,5,0,5
03452300,INSTITUTO PRE-VOCACIONAL E INDUSTRI     ,PR,00613-1800,Private      ,20,31,51,21,31,52
03461400,POLITEC INSTITUTE                       ,PR,00732-0000,Proprietary  ,2,1,3,5,4,9
03469300,IVAEM COLLEGE                           ,PR,00725-0000,Proprietary  ,73,26,99,81,27,108
03531300,COLEGIO PENTECOSTAL MIZPA               ,PR,00928-0966,Private      ,6,49,55,6,49,55
03544300,ATENAS COLLEGE                          ,PR,00674-0000,Private      ,248,321,569,290,428,718
03552300,LESTON COLLEGE                          ,PR,00961-6309,Proprietary  ,17,33,50,17,33,50
03585300,CENTRO DE CAPACITACION Y ASESORAMIE     ,PR,00612-0000,Proprietary  ,21,66,87,21,70,91
03600300,AMERICAN TECHNOLOGICAL COLLEGE          ,PR,00928-3713,Proprietary  ,9,14,23,9,15,24
03608300,CARIBBEAN FORENSIC & TECHNICAL COLL     ,PR,00926-0000,Proprietary  ,9,26,35,10,28,38
03638300,ROSSLYN TRAINING ACADEMY OF COSMETOLOGY ,PR,00602-3225,Proprietary  ,8,40,48,9,40,49
03735400,"CHARLIES GUARD,DETECTIVE BUREAU&ACA     ",PR,00605-0000,Proprietary  ,9,53,62,9,53,62
03751300,ESCUELA HOTELERA DE SAN JUAN            ,PR,00917-0091,Proprietary  ,146,97,243,166,113,279
03758300,BAYAMON COMMUNITY COLLEGE               ,PR,00960-0000,Proprietary  ,15,42,57,16,42,58
03781400,INDUSTRIAL TECHNICAL COLLEGE            ,PR,00792-0000,Proprietary  ,14,39,53,18,41,59
03785300,J.G. GUAYNABO TECHNICAL COLLEGE         ,PR,00960-0000,Proprietary  ,3,9,12,3,9,12
03800300,COLEGIO TECNICO DE ELECTRICIDAD GALLOSA ,PR,00602-0000,Proprietary  ,2,9,11,2,9,11
03800400,INSTITUTE OF BEAUTY OCCUPATIONS AND TECH,PR,00676-5071,Proprietary  ,12,46,58,16,60,76
03843300,ADVANCED TECH COLLEGE                   ,PR,00961-6321,Proprietary  ,0,2,2,0,2,2
03849300,AGUADILLA TECHNICAL COLLEGE             ,PR,00603-0000,Proprietary  ,2,0,2,2,0,2
00394600,UNIVERSITY OF THE VIRGIN ISLANDS        ,VI,00802-6000,Public       ,301,197,498,679,400,1079
00394601,UNIV OF THE VIRGIN ISLANDS-ST CROIX     ,VI,00850-0000,Public       ,116,153,269,248,304,552
00667700,MCGILL UNIVERSITY                       ,CN,00000-0000,Public       ,193,111,304,1204,310,1514
00667900,QUEEN'S UNIVERSITY AT KINGSTON          ,CN,00000-0000,Public       ,32,12,44,95,24,119
00668100,ST FRANCIS XAVIER UNIVERSITY            ,CN,00000-0000,Public       ,8,3,11,31,6,37
00668200,ST THOMAS UNIVERSITY                    ,CN,00000-0000,Public       ,2,2,4,13,3,16
00668300,UNIVERSITY OF GUELPH                    ,CN,00000-0000,Public       ,9,5,14,28,21,49
00668400,UNIVERSITY OF MANITOBA                  ,CN,00000-0000,Public       ,12,7,19,30,21,51
00668500,UNIVERSITY OF NEW BRUNSWICK (THE)       ,CN,00000-0000,Public       ,7,3,10,22,9,31
00668600,UNIVERSITY OF OTTAWA                    ,CN,00000-0000,Public       ,13,13,26,26,23,49
00668800,UNIVERSITY OF TORONTO                   ,CN,00000-0000,Public       ,66,91,157,232,274,506
00668900,UNIVERSITY OF WINDSOR                   ,CN,00000-0000,Public       ,3,12,15,10,26,36
00683700,UNIVERSITE LAVAL                        ,CN,00000-0000,Public       ,0,9,9,4,15,19
00683800,DALHOUSIE UNIVERSITY                    ,CN,00000-0000,Public       ,18,27,45,96,49,145
00685200,BISHOP'S UNIVERSITY                     ,CN,00000-0000,Private      ,8,1,9,23,1,24
00685300,MCMASTER UNIVERSITY                     ,CN,00000-0000,Public       ,10,8,18,21,17,38
00767900,YORK UNIVERSITY                         ,CN,00000-0000,Public       ,26,24,50,86,67,153
00787400,UNIVERSITY AT CALGARY (THE)             ,CN,00000-0000,Public       ,10,9,19,17,31,48
00814800,UNIVERSITY OF WINNIPEG                  ,CN,00000-0000,Public       ,1,1,2,7,2,9
00836200,UNIVERSITY OF ALBERTA (THE)             ,CN,00000-0000,Public       ,0,16,16,13,32,45
00836300,MOUNT SAINT VINCENT UNIVERSITY          ,CN,00000-0000,Private      ,1,1,2,6,2,8
00836400,SAINT MARY'S UNIVERSITY                 ,CN,00000-0000,Public       ,8,3,11,15,10,25
00836500,CONCORDIA UNIVERSITY - SIR GEORGE W     ,CN,00000-0000,Public       ,48,47,95,158,118,276
00836600,UNIVERSITE DE MONTREAL                  ,CN,00000-0000,Public       ,3,13,16,7,26,33
00836800,CARLETON UNIVERSITY                     ,CN,00000-0000,Public       ,7,9,16,31,16,47
00836900,UNIVERSITY OF BRITISH COLUMBIA          ,CN,00000-0000,Public       ,100,96,196,495,344,839
00837000,"SAFA, UNIVERSITY OF VICTORIA            ",CN,00000-0000,Public       ,18,14,32,96,47,143
00844400,SIMON FRASER UNIVERSITY                 ,CN,00000-0000,Public       ,12,25,37,54,64,118
00844600,UNIVERSITY OF WESTERN ONTARIO (THE)     ,CN,00000-0000,Public       ,11,14,25,30,30,60
00844800,UNIVERSITY OF REGINA                    ,CN,00000-0000,Public       ,0,2,2,4,5,9
00844900,ACADIA UNIVERSITY                       ,CN,00000-0000,Public       ,22,1,23,51,5,56
00852600,UNIVERSITY OF WATERLOO                  ,CN,00000-0000,Public       ,8,6,14,23,13,36
00858200,WILFRID LAURIER UNIVERSITY              ,CN,00000-0000,Public       ,1,3,4,4,5,9
00874200,UNIVERSITE DE SHERBROOKE                ,CN,00000-0000,Private      ,1,1,2,2,1,3
00891300,LAKEHEAD UNIVERSITY                     ,CN,00000-0000,Public       ,0,1,1,2,6,8
00911900,UNIVERSITE DE MONCTON                   ,CN,00000-0000,Public       ,0,0,0,0,1,1
00918000,LAURENTIAN UNIVERSITY OF SUDBURY        ,CN,00000-0000,Public       ,0,1,1,0,3,3
00925200,BROCK UNIVERSITY                        ,CN,00000-0000,Public       ,5,6,11,7,9,16
00936700,UNIVERSITY OF PRINCE EDWARD ISLAND      ,CN,00000-0000,Public       ,2,35,37,7,72,79
00942100,BRANDON UNIVERSITY                      ,CN,00000-0000,Public       ,0,3,3,2,5,7
00948600,TRINITY WESTERN UNIVERSITY              ,CN,00000-0000,Private      ,59,22,81,246,44,290
00950000,MEMORIAL UNIVERSITY OF NEWFOUNDLAND     ,CN,00000-0000,Public       ,3,9,12,12,21,33
00950100,UNIVERSITY OF KING'S COLLEGE            ,CN,00000-0000,Public       ,7,0,7,17,0,17
00950300,MOUNT ALLISON UNIVERSITY                ,CN,00000-0000,Public       ,8,1,9,30,1,31
00950500,TRENT UNIVERSITY                        ,CN,00000-0000,Public       ,2,0,2,7,1,8
00969700,LETHBRIDGE COLLEGE                      ,CN,00000-0000,Public       ,2,0,2,3,0,3
00969800,MEDICINE HAT COLLEGE                    ,CN,00000-0000,Public       ,1,0,1,1,2,3
00970100,SENECA COLG OF APPLIED ARTS & TECH      ,CN,00000-0000,Public       ,4,4,8,7,7,14
01012300,NOVA SCOTIA COLLEGE OF ART & DESIGN     ,CN,00000-0000,Public       ,3,1,4,8,13,21
01022100,SAINT PAUL UNIVERSITY                   ,CN,00000-0000,Public       ,1,3,4,1,4,5
01045800,SHERIDAN COLLEGE OF APPLIED ARTS AN     ,CN,00000-0000,Public       ,4,2,6,17,7,24
01067500,REGENT COLLEGE                          ,CN,00000-0000,Private      ,0,57,57,2,100,102
01070300,UNIVERSITY OF LETHBRIDGE                ,CN,00000-0000,Public       ,2,1,3,4,1,5
01072000,RYERSON UNIVERSITY                      ,CN,00000-0000,Public       ,7,20,27,25,28,53
01172200,BRIERCREST BIBLE COLLEGE                ,CN,00000-0000,Private      ,12,10,22,20,16,36
01221100,ALGONQUIN CLG OF APPLIED ARTS &TECH     ,CN,00000-0000,Public       ,2,3,5,5,5,10
01222800,HUMBER COLLEGE                          ,CN,00000-0000,Public       ,1,2,3,7,12,19
01227400,PROVIDENCE COLLEGE                      ,CN,00000-0000,Private      ,11,7,18,19,11,30
02054200,DAWSON COLLEGE                          ,CN,00000-0000,Public       ,0,1,1,0,2,2
02081600,SAULT COLLG OF APPLIED ARTS & TECH      ,CN,00000-0000,Public       ,0,1,1,0,1,1
02102100,BETHANY BIBLE COLLEGE                   ,CN,00000-0000,Private      ,34,9,43,60,11,71
02116600,CANADIAN MEMORIAL CHIROPRACTIC COLL     ,CN,00000-0000,Private      ,0,1,1,0,2,2
02167000,PRAIRIE BIBLE INST                      ,CN,00000-0000,Private      ,14,9,23,29,17,46
02184600,INSTITUTE FOR CHRISTIAN STUDIES         ,CN,00000-0000,Private      ,0,1,1,1,4,5
02195600,LASALLE COLLEGE                         ,CN,00000-0000,Private      ,1,1,2,3,7,10
02195700,TAYLOR UNIVERSITY COLLEGE AND SEMINARY  ,CN,00000-0000,Private      ,3,0,3,8,2,10
02201100,COLUMBIA BIBLE COLLEGE                  ,CN,00000-0000,Private      ,7,2,9,14,6,20
02209700,UNIVERSITE DU QUEBEC (UNIVERSITY OF     ,CN,00000-0000,Public       ,0,4,4,0,9,9
02216400,TYNDALE COLLEGE & SEMINARY              ,CN,00000-0000,Private      ,3,3,6,4,4,8
02219000,ST. LAWRENCE COLLEGE                    ,CN,00000-0000,Public       ,0,2,2,2,2,4
02219200,UNIVERSITY OF SASKATCHEWAN              ,CN,00000-0000,Public       ,0,2,2,3,9,12
02324900,EMMANUEL BIBLE COLLEGE                  ,CN,00000-0000,Private      ,0,0,0,0,1,1
02338800,EMILY CARR UNIVERSITY OF ART AND DESIGN ,CN,00000-0000,Public       ,11,10,21,46,21,67
02354700,RED DEER COLLEGE                        ,CN,00000-0000,Public       ,0,0,0,0,1,1
02529200,AUGUSTANA UNIVERSITY COLLEGE            ,CN,00000-0000,Private      ,0,1,1,0,1,1
02592600,NEW BRUNSWICK COMMUNITY COLLEGE         ,CN,00000-0000,Public       ,0,1,1,1,1,2
02593800,CONCORDIA UNIVERSITY COLLEGE            ,CN,00000-0000,Private      ,1,2,3,7,3,10
02611900,THE KING'S UNIVERSITY COLLEGE           ,CN,00000-0000,Private      ,1,0,1,1,1,2
03018300,ROCKY MOUNTAIN COLLEGE: CENTRE FOR      ,CN,00000-0000,Private      ,1,0,1,4,2,6
03033800,UNIVERSITY COLLEGE OF CAPE BRETON       ,CN,00000-0000,Public       ,4,0,4,6,1,7
03076200,COVENANT BIBLE COLLEGE                  ,CN,00000-0000,Private      ,8,0,8,15,1,16
03078300,VANCOUVER SCHOOL OF THEOLOGY            ,CN,00000-0000,Private      ,0,4,4,1,11,12
03273300,CANADIAN COLLEGE OF NATUROPATHIC ME     ,CN,00000-0000,Private      ,0,7,7,3,16,19
03298300,ALBERTA COLLEGE OF ART & DESIGN         ,CN,00000-0000,Public       ,8,0,8,19,1,20
03332500,KWANTLEN UNIVERSITY COLLEGE             ,CN,00000-0000,Public       ,0,2,2,2,7,9
03335400,CANADIAN UNIVERSITY COLLEGE             ,CN,00000-0000,Private      ,11,5,16,27,6,33
03339300,ST. STEPHENS UNIVERSITY                 ,CN,00000-0000,Private      ,3,1,4,4,2,6
03348500,REDEEMER UNIVERSITY COLLEGE             ,CN,00000-0000,Private      ,3,0,3,16,1,17
03408300,CANDIAN NAZARENE UNIVERSITY COLLEGE     ,CN,00000-0000,Private      ,0,0,0,3,1,4
03421300,LOYALIST COLLEGE OF APPLIED ARTS &      ,CN,00000-0000,Public       ,0,1,1,1,2,3
03433300,LANGARA COLLEGE                         ,CN,00000-0000,Public       ,0,1,1,5,5,10
03435400,ROYAL ROADS UNIVERSITY                  ,CN,00000-0000,Public       ,0,3,3,1,5,6
03465300,NIPISSING UNIVERSITY                    ,CN,00000-0000,Public       ,1,0,1,1,0,1
03511300,CN CLG ACUPUNCTURE & ORIENTAL MED       ,CN,00000-0000,Private      ,0,2,2,1,7,8
03551300,INTERNATIONAL BIBLE COLLEGE             ,CN,00000-0000,Private      ,1,1,2,2,2,4
03560400,NIAGARA COLLEGE-WELLAND CAMPUS          ,CN,00000-0000,Public       ,1,0,1,1,3,4
03613300,UNIV OF NORTHERN BRITISH COLUMBIA       ,CN,00000-0000,Public       ,1,1,2,5,4,9
03674400,CANADIAN SOUTHERN BAPTIST SEMINARY      ,CN,00000-0000,Private      ,0,2,2,0,2,2
03711300,CAPILANO UNIVERSITY                     ,CN,00000-0000,Public       ,2,4,6,2,5,7
03745300,BRITISH COLUMBIA INSTITUTE OF TECHNOLOGY,CN,00000-0000,Public       ,2,3,5,4,6,10
00814700,UNIVERSIDAD AUTONOMA DE GUADALAJARA     ,MX,00000-0000,Private      ,12,502,514,31,860,891
01041800,INST TEC Y DE ESTSUPER DE MONTERRE      ,MX,00000-0000,Private      ,14,19,33,39,40,79
01067600,UNIVERSIDAD DE MONTERREY                ,MX,00000-0000,Private      ,3,9,12,8,18,26
01093800,UNIVERSIDAD DE GUANAJUATO               ,MX,00000-0000,Public       ,5,4,9,12,13,25
01097600,INSTITUTO ALLENDE                       ,MX,00000-0000,Private      ,1,2,3,3,10,13
01230100,UNIV AUTON DE TAMAULIPAS FAC DEMED      ,MX,00000-0000,Public       ,0,0,0,0,3,3
02053300,CENTRO DE ESTUDIOS UNIVERSITARIOS D     ,MX,00000-0000,Private      ,31,101,132,43,130,173
02283100,UNIVERSIDAD TECNOLOGICA DE MEXICO       ,MX,00000-0000,Proprietary  ,1,6,7,5,10,15
01001000,AMERICAN SAMOA CMNTY COLLEGE            ,AS,96799-2609,Public       ,426,89,515,648,156,804
01034300,COLLEGE OF MICRONESIA - FSM             ,FM,96941-0159,Public       ,506,104,610,782,152,934
01100900,PALAU COMMUNITY COLLEGE                 ,PW,96940-0009,Public       ,218,131,349,590,250,840
03022400,COLLEGE OF THE MARSHALL ISLANDS         ,MH,96960-1258,Public       ,132,83,215,145,87,232
03033000,NORTHERN MARIANAS COLLEGE               ,MP,96950-0000,Public       ,121,155,276,150,179,329
