OPE ID,School,State,Zip Code,School Type,20062007Qtr6_Dependent Students,20062007Qtr6_Independent Students,Quarterly Total,YTD_20062007Qtr6_Dependent Students,YTD_20062007Qtr6_Independent Students,Award Year To Date Total
00100200,ALABAMA AGRCLTL & MECHL UNIV            ,AL,35762-1357,Public       ,40,57,97,5663,3141,8804
00100300,FAULKNER UNIVERSITY                     ,AL,36109-3398,Private      ,15,67,82,1066,2907,3973
00100400,UNIVERSITY OF MONTEVALLO                ,AL,35115-6000,Public       ,11,29,40,1620,955,2575
00100500,ALABAMA STATE UNIVERSITY                ,AL,36101-0000,Public       ,78,135,213,6766,3853,10619
00100700,CENTRAL ALABAMA COMMUNITY COLLEGE       ,AL,35011-0000,Public       ,31,85,116,1005,1734,2739
00100800,ATHENS STATE UNIVERSITY                 ,AL,35611-1999,Public       ,6,63,69,534,2222,2756
00100900,AUBURN UNIVERSITY                       ,AL,36849-5113,Public       ,91,64,155,12265,4723,16988
00101200,BIRMINGHAM SOUTHERN COLLEGE             ,AL,35254-0002,Private      ,7,6,13,1206,279,1485
00101300,CALHOUN COMMUNITY COLLEGE               ,AL,35609-2216,Public       ,101,196,297,3063,4858,7921
00101500,ENTERPRISE-OZARK COMMUNITY COLLEGE      ,AL,36331-1300,Public       ,18,63,81,773,1135,1908
00101600,UNIVERSITY OF NORTH ALABAMA             ,AL,35632-0001,Public       ,37,73,110,3299,2261,5560
00101700,GADSDEN STATE COMMUNITY COLLEGE         ,AL,35903-2269,Public       ,55,146,201,1896,3140,5036
00101706,GADSDEN STATE COMM. COLLEGE-AYERS CAMPUS,AL,36202-0000,Public       ,4,20,24,210,441,651
00101800,GEORGE C WALLACE COMMUNITY COLLEGE      ,AL,36303-0943,Public       ,41,108,149,1191,2524,3715
00101900,HUNTINGDON COLLEGE                      ,AL,36106-2148,Private      ,3,12,15,836,321,1157
00102000,JACKSONVILLE STATE UNIVERSITY           ,AL,36265-1602,Public       ,50,102,152,4769,4382,9151
00102100,JEFFERSON DAVIS COMMUNITY COLLEGE       ,AL,36427-2790,Public       ,33,44,77,445,773,1218
00102200,JEFFERSON STATE COMMUNITY COLLEGE       ,AL,35215-3098,Public       ,45,150,195,2553,4664,7217
00102300,JUDSON COLLEGE                          ,AL,36756-2504,Private      ,2,6,8,258,116,374
00102400,UNIVERSITY OF WEST ALABAMA              ,AL,35470-0000,Public       ,21,172,193,1648,2936,4584
00102600,MARION MILITARY INSTITUTE               ,AL,36756-3214,Public       ,2,1,3,219,26,245
00102800,MILES COLLEGE                           ,AL,35064-2697,Private      ,13,40,53,1812,1222,3034
00102900,UNIVERSITY OF MOBILE                    ,AL,36613-0000,Private      ,6,40,46,1003,1630,2633
00103000,BISHOP STATE COMMUNITY COLLEGE          ,AL,36603-5898,Public       ,28,144,172,1526,3930,5456
00103001,BISHOP STATE COMM COLG-CARVER CMPS      ,AL,36617-0000,Public       ,2,5,7,96,226,322
00103002,BISHOP STAT COMM CLG-SW CMPS            ,AL,36605-0000,Public       ,6,2,8,69,138,207
00103100,NORTHEAST ALABAMA STATE CMNTY COLG      ,AL,35986-0159,Public       ,44,96,140,796,1547,2343
00103300,OAKWOOD COLLEGE                         ,AL,35896-0001,Private      ,10,7,17,1603,601,2204
00103400,ALABAMA SOUTHERN COMMUNITY COLLEGE      ,AL,36460-5698,Public       ,45,108,153,723,1149,1872
00103600,SAMFORD UNIVERSITY                      ,AL,35229-7000,Private      ,9,11,20,2421,2237,4658
00103700,SELMA UNIVERSITY                        ,AL,36701-0000,Private      ,0,1,1,3,11,14
00103800,SNEAD STATE COMMUNITY COLLEGE           ,AL,35957-0734,Public       ,12,47,59,716,1310,2026
00104000,SOUTHERN UNION STATE COMMUNITY CLG      ,AL,36276-0000,Public       ,43,78,121,2165,2200,4365
00104100,SPRING HILL COLLEGE                     ,AL,36608-1791,Private      ,2,12,14,1469,580,2049
00104400,STILLMAN COLLEGE                        ,AL,35403-1430,Private      ,20,10,30,1169,406,1575
00104600,TALLADEGA COLLEGE                       ,AL,35160-2354,Private      ,4,0,4,512,130,642
00104700,TROY STATE UNIVERSITY                   ,AL,36082-0001,Public       ,64,700,764,4557,14092,18649
00104754,TROY UNIVERSITY - DOTHAN                ,AL,36303-1575,Public       ,0,0,0,468,1684,2152
00104755,TROY UNIVERSITY - MONTGOMERY            ,AL,36103-4419,Public       ,0,0,0,881,4387,5268
00105000,TUSKEGEE UNIVERSITY                     ,AL,36088-1645,Private      ,24,8,32,4268,933,5201
00105100,UNIVERSITY OF ALABAMA (THE)             ,AL,35487-0120,Public       ,77,181,258,11972,6449,18421
00105200,UNIVERSITY OF ALABAMA AT BIRMINGHAM     ,AL,35294-1150,Public       ,80,140,220,7585,8106,15691
00105500,UNIVERSITY OF ALABAMA IN HUNTSVILLE     ,AL,35899-0001,Public       ,18,65,83,3431,2887,6318
00105700,UNIVERSITY OF SOUTH ALABAMA             ,AL,36688-0002,Public       ,43,187,230,5291,7510,12801
00105900,LAWSON STATE COMMUNITY COLLEGE          ,AL,35221-1798,Public       ,36,141,177,1623,2741,4364
00105901,LAWSON STATE COMMUNITY COLLEGE - BESSEME,AL,35021-0308,Public       ,6,29,35,361,912,1273
00106000,FAULKNER STATE COMMUNITY COLLEGE        ,AL,36507-2698,Public       ,45,89,134,1703,1862,3565
00446200,GADSDEN BUSINESS COLLEGE                ,AL,35906-3658,Proprietary  ,0,1,1,22,56,78
00526000,J.F. DRAKE STATE TECH COLLEGE           ,AL,35811-1584,Public       ,25,49,74,346,1024,1370
00569100,SHELTON STATE COMMUNITY CLG             ,AL,35405-4017,Public       ,87,156,243,2673,2867,5540
00569200,REID STATE TECHNICAL COLLEGE            ,AL,36401-0000,Public       ,19,46,65,225,565,790
00569700,NORTHWEST- SHOALS COMMUNITY COLLEGE     ,AL,35661-0000,Public       ,120,97,217,1786,2186,3972
00569702,NORTHWEST-SHOALS C.C.-PHIL CAMPBELL     ,AL,35581-0000,Public       ,6,3,9,205,204,409
00569900,GEORGE C WALLACE STATE CMTY COLLEGE     ,AL,36703-0000,Public       ,59,87,146,1048,1569,2617
00573300,BEVILL STATE CMTY COLLEGE-WALKER        ,AL,35148-0000,Public       ,41,116,157,994,1977,2971
00573301,BEVILL STATE COMMUNITY COLLEGE - FAYETTE,AL,35555-0000,Public       ,11,15,26,294,400,694
00573302,BEVILL STATE CMTY CLG-HAMILTON CAMP     ,AL,35570-0000,Public       ,3,12,15,184,327,511
00573305,BEVILL STATE CMTY CLG-WALKER CLG        ,AL,35501-0000,Public       ,6,13,19,287,403,690
00573400,H. COUNCILL TRENHOLM STATE TECH COLLEGE ,AL,36108-0020,Public       ,38,122,160,582,1563,2145
00573401,H. C. TRENHOLM ST TECH COL-PATTERSON CAM,AL,36116-2612,Public       ,8,13,21,187,402,589
00787100,GEORGE C WALLACE STATE CMTY CLG         ,AL,35077-2000,Public       ,55,138,193,2111,3381,5492
00831000,AUBURN UNIVERSITY-MONTGOMERY            ,AL,36124-0000,Public       ,30,122,152,2528,3324,5852
00898800,LURLEEN B WALLACE COMMUNITY COLLEGE     ,AL,36420-0418,Public       ,19,59,78,603,907,1510
01019300,HERZING COLLEGE                         ,AL,35209-4816,Proprietary  ,2,45,47,187,691,878
01055400,CONCORDIA COLLEGE                       ,AL,36701-3323,Private      ,5,5,10,585,553,1138
01123700,SOUTHERN COMMUNITY COLLEGE              ,AL,36083-1803,Private      ,0,0,0,24,156,180
01218200,CHATTAHOOCHEE VALLEY CMTY CLG           ,AL,36869-7917,Public       ,21,74,95,705,1440,2145
01303906,SOUTH UNIVERSITY - MONTGOMERY           ,AL,36116-1120,Proprietary  ,16,77,93,228,876,1104
02170600,UNITED STATES SPORTS ACADEMY            ,AL,36526-7055,Private      ,1,46,47,22,784,806
02199700,HERITAGE CHRISTIAN UNIVERSITY           ,AL,35630-0000,Private      ,0,2,2,15,80,95
02270400,SOUTHEASTERN BIBLE COLLEGE              ,AL,35244-2083,Private      ,0,0,0,102,158,260
02296000,PRINCE INSTITUTE OF PROFESSIONAL STUDIES,AL,36117-0000,Proprietary  ,1,0,1,37,75,112
02323800,GAITHER AND COMPANY BEAUTY COLLEGE      ,AL,35768-0000,Proprietary  ,0,4,4,3,22,25
02341000,FORTIS COLLEGE                          ,AL,36609-0000,Proprietary  ,25,83,108,275,974,1249
02341002,CAPPS COLLEGE - MONTGOMERY              ,AL,36109-3624,Proprietary  ,0,3,3,30,97,127
02503400,AMRIDGE UNIVERSITY                      ,AL,36124-0000,Private      ,0,36,36,29,966,995
02605500,REMINGTON COLLEGE - MOBILE CAMPUS       ,AL,36609-5593,Proprietary  ,39,201,240,534,2338,2872
03010600,VIRGINIA COLLEGE                        ,AL,35209-5154,Proprietary  ,131,1180,1311,1248,8466,9714
03010602,VIRGINIA COLLEGE - HUNTSVILLE           ,AL,35805-0000,Proprietary  ,0,6,6,110,340,450
03010605,VA COLG TECHNICAL AT PELHAM             ,AL,35124-0000,Proprietary  ,0,0,0,35,29,64
03032500,ALABAMA STATE CLG BARBER STYLING        ,AL,35215-8308,Proprietary  ,2,3,5,22,45,67
03100503,VIRGINIA COLLEGE AT PENSACOLA - VIRGINIA,AL,35242-5340,Proprietary  ,5,21,26,78,266,344
03361400,FORTIS COLLEGE                          ,AL,36535-3547,Proprietary  ,6,46,52,77,369,446
03459300,SOUTHEASTERN SCHOOL OF COSMETOLOGY      ,AL,35228-0000,Private      ,0,14,14,30,213,243
03783300,BLUE CLIFF CAREER COLLEGE               ,AL,63306-4749,Proprietary  ,1,16,17,57,232,289
03894300,HUNTSVILLE BIBLE COLLEGE                ,AL,35811-0000,Private      ,0,2,2,1,7,8
00111100,ALLAN HANCOCK COLLEGE                   ,CA,93454-6399,Public       ,26,53,79,2394,3015,5409
00111300,ANTELOPE VALLEY COLLEGE                 ,CA,93536-5426,Public       ,110,285,395,3193,5356,8549
00111600,ART CENTER COLLEGE OF DESIGN            ,CA,91103-1999,Private      ,2,6,8,1158,1359,2517
00111700,AZUSA PACIFIC UNIVERSITY                ,CA,91702-7000,Private      ,13,237,250,5599,5291,10890
00111800,BAKERSFIELD COLLEGE                     ,CA,93305-1299,Public       ,59,185,244,5855,6327,12182
00111900,BARSTOW COMMUNITY COLLEGE               ,CA,92311-6608,Public       ,28,185,213,590,2307,2897
00112000,AMER BAPT SEM OF THE WEST-BERKELEY      ,CA,94704-0000,Private      ,0,0,0,3,53,56
00112100,BETHANY UNIVERSITY /  ASSEMBLIES OF GOD ,CA,95066-2896,Private      ,2,7,9,478,458,936
00112200,BIOLA UNIVERSITY                        ,CA,90639-0001,Private      ,2,16,18,4377,2042,6419
00112300,BROOKS INSTITUTE                        ,CA,93103-1809,Proprietary  ,18,7,25,2188,1269,3457
00112400,CABRILLO COLLEGE                        ,CA,95003-3194,Public       ,40,80,120,2329,3227,5556
00112500,CALIFORNIA BAPTIST UNIVERSITY           ,CA,92504-3297,Private      ,13,61,74,2548,2350,4898
00112700,CALIFORNIA COLLEGE OF THE ARTS          ,CA,94107-2206,Private      ,3,3,6,1349,1265,2614
00113100,CALIFORNIA INSTITUTE OF TECHNOLOGY      ,CA,91125-0001,Private      ,4,0,4,2171,310,2481
00113200,CALIFORNIA INSTITUTE OF THE ARTS        ,CA,91355-2397,Private      ,1,0,1,1241,1343,2584
00113300,CALIFORNIA LUTHERAN UNIVERSITY          ,CA,91360-2787,Private      ,4,46,50,2326,1274,3600
00113400,CALIFORNIA MARITIME ACADEMY             ,CA,94590-8181,Public       ,0,0,0,538,198,736
00113700,CALIF STATE UNIV-FULLERTON              ,CA,92831-3599,Public       ,46,91,137,24767,13049,37816
00113800,"CALIFORNIA STATE UNIVERSITY, EAST BAY   ",CA,94542-3000,Public       ,25,71,96,5780,7212,12992
00113900,CALIF STATE UNIV-LONG BEACH             ,CA,90840-0006,Public       ,39,72,111,31716,15145,46861
00114000,CALIF STATE UNIV-LOS ANGELES            ,CA,90032-4226,Public       ,34,121,155,15729,14026,29755
00114100,"CALIF STATE UNIV, DOMINGUEZ HILLS       ",CA,90747-0001,Public       ,98,107,205,8228,8533,16761
00114200,CALIF STATE UNIV SAN BERNARDINO         ,CA,92407-2397,Public       ,37,121,158,10882,10287,21169
00114300,CAL POLY STATE UNIVERSITY               ,CA,93407-0001,Public       ,127,37,164,19296,3453,22749
00114400,CALIF STATE POLYTECHNIC UNIV POMONA     ,CA,91768-2500,Public       ,107,76,183,16758,6319,23077
00114600,CALIF STATE UNIV - CHICO                ,CA,95929-0001,Public       ,28,24,52,11071,5484,16555
00114700,CALIF STATE UNIV - FRESNO               ,CA,93740-8026,Public       ,21,51,72,15547,9234,24781
00114900,HUMBOLDT STATE UNIVERSITY               ,CA,95521-8299,Public       ,16,22,38,6111,3810,9921
00115000,CALIF STATE UNIV-SACRAMENTO             ,CA,95819-6044,Public       ,37,95,132,17220,13252,30472
00115100,SAN DIEGO STATE UNIVERSITY              ,CA,92182-1690,Public       ,70,87,157,31839,13842,45681
00115300,CALIF STATE UNIV-NORTHRIDGE             ,CA,91330-8307,Public       ,47,97,144,21820,14052,35872
00115301,CALIF STATE UNIV CHANNEL ISLANDS        ,CA,93012-0000,Public       ,3,7,10,1845,930,2775
00115400,SAN FRANCISCO STATE UNIVERSITY          ,CA,94132-1740,Public       ,175,152,327,21565,15717,37282
00115500,SAN JOSE STATE UNIVERSITY               ,CA,95192-0036,Public       ,39,49,88,17527,11460,28987
00115600,SONOMA STATE UNIVERSITY                 ,CA,94928-3609,Public       ,8,19,27,6511,2888,9399
00115700,CALIF STATE UNIV-STANISLAUS             ,CA,95382-0299,Public       ,8,42,50,5324,4272,9596
00115800,UNITED STATES INTERNATIONAL UNIV        ,CA,92131-1799,Private      ,0,6,6,85,1048,1133
00116100,CERRITOS COLLEGE                        ,CA,90650-6296,Public       ,107,204,311,7298,6161,13459
00116200,CHABOT COLLEGE                          ,CA,94545-2400,Public       ,46,98,144,3052,3690,6742
00116300,CHAFFEY COLLEGE                         ,CA,91737-9400,Public       ,32,94,126,5215,6478,11693
00116400,CHAPMAN UNIVERSITY                      ,CA,92866-1099,Private      ,22,297,319,5244,8095,13339
00116453,CHAPMAN UNIVERSITY SCHOOL OF LAW        ,CA,92866-0000,Private      ,0,4,4,112,1468,1580
00116500,CHURCH DIV SCH OF THE PACIFIC           ,CA,94709-0000,Private      ,0,0,0,0,71,71
00116600,CITRUS COLLEGE                          ,CA,91741-1899,Public       ,31,66,97,4067,3071,7138
00116900,CLAREMONT GRADUATE UNIVERSITY           ,CA,91711-0000,Private      ,0,47,47,24,1521,1545
00117000,CLAREMONT MCKENNA COLLEGE               ,CA,91711-6400,Private      ,2,0,2,2200,59,2259
00117100,HARVEY MUDD COLLEGE                     ,CA,91711-5990,Private      ,1,0,1,1395,22,1417
00117200,PITZER COLLEGE                          ,CA,91711-6101,Private      ,1,0,1,1897,122,2019
00117300,POMONA COLLEGE                          ,CA,91711-6301,Private      ,3,2,5,3112,73,3185
00117400,SCRIPPS COLLEGE                         ,CA,91711-3948,Private      ,0,0,0,1228,66,1294
00117600,WEST HILLS COMMUNITY COLLEGE            ,CA,93210-1399,Public       ,18,47,65,1954,2446,4400
00117700,COGSWELL POLYTECHNICAL COLLEGE          ,CA,94089-1210,Private      ,1,1,2,126,95,221
00117800,COLLEGE OF MARIN                        ,CA,94904-2590,Public       ,2,10,12,650,1300,1950
00117801,COLG OF MARIN-INDIAN VALLEY CMPS        ,CA,94949-0000,Public       ,0,1,1,8,79,87
00117900,NOTRE DAME DE NAMUR UNIVERSITY          ,CA,94002-1997,Private      ,4,9,13,856,750,1606
00118100,COLLEGE OF SAN MATEO                    ,CA,94402-3784,Public       ,16,34,50,1517,1477,2994
00118200,COLLEGE OF THE DESERT                   ,CA,92260-9305,Public       ,33,92,125,2285,2622,4907
00118300,HOLY NAMES UNIVERSITY                   ,CA,94619-1699,Private      ,3,11,14,498,738,1236
00118500,COLLEGE OF THE REDWOODS                 ,CA,95501-9300,Public       ,14,37,51,1894,3012,4906
00118600,COLLEGE OF THE SEQUOIAS                 ,CA,93277-2234,Public       ,54,119,173,4091,4798,8889
00118700,COLLEGE OF THE SISKIYOUS                ,CA,96094-2899,Public       ,13,30,43,799,906,1705
00118701,COLLEGE OF THE SISKIYOUS - YREKA CENTER ,CA,96097-9538,Public       ,1,4,5,26,40,66
00119000,CONTRA COSTA COLLEGE                    ,CA,94806-3195,Public       ,14,33,47,1398,2329,3727
00119100,DIABLO VALLEY COLLEGE                   ,CA,94523-1544,Public       ,49,75,124,2934,2702,5636
00119200,CUESTA COLLEGE                          ,CA,93403-8106,Public       ,28,88,116,2598,2585,5183
00119300,CYPRESS COLLEGE                         ,CA,90630-5897,Public       ,20,57,77,3392,3578,6970
00119600,DOMINICAN UNIVERSITY OF CALIFORNIA      ,CA,94901-2298,Private      ,2,8,10,1867,1105,2972
00119700,EL CAMINO COLLEGE                       ,CA,90506-0002,Public       ,87,141,228,6479,5778,12257
00119701,COMPTON COMMUNITY COLLEGE               ,CA,90221-5393,Public       ,19,60,79,713,1589,2302
00119900,FOOTHILL COLLEGE                        ,CA,94022-4597,Public       ,26,61,87,1336,1884,3220
00120000,FULLER THEOLOGICAL SEMINARY             ,CA,91182-0000,Private      ,0,7,7,10,2127,2137
00120100,FULLERTON COLLEGE                       ,CA,92832-2095,Public       ,39,63,102,5210,3753,8963
00120200,GAVILAN COLLEGE                         ,CA,95020-9599,Public       ,29,49,78,886,1191,2077
00120300,GLENDALE COMMUNITY COLLEGE              ,CA,91208-2894,Public       ,92,97,189,5314,4734,10048
00120400,GOLDEN GATE BAPT THEOL SEMINARY         ,CA,94941-0000,Private      ,0,0,0,0,33,33
00120500,GOLDEN GATE UNIVERSITY                  ,CA,94105-2967,Private      ,0,41,41,68,3187,3255
00120600,GOLDEN WEST COLLEGE                     ,CA,92647-2748,Public       ,15,59,74,4208,3523,7731
00120700,GRADUATE THEOLOGICAL UNION              ,CA,94709-0000,Private      ,0,2,2,0,345,345
00120800,GROSSMONT COLLEGE                       ,CA,92020-1798,Public       ,57,124,181,4430,4807,9237
00120900,HARTNELL COMMUNITY COLLEGE              ,CA,93901-1697,Public       ,50,80,130,1975,2017,3992
00121200,HUMPHREYS COLLEGE                       ,CA,95207-3896,Private      ,6,11,17,211,864,1075
00121400,IMPERIAL VALLEY COLLEGE                 ,CA,92251-9787,Public       ,52,100,152,3487,2998,6485
00121500,LA SIERRA UNIVERSITY                    ,CA,92515-3332,Private      ,6,12,18,1736,716,2452
00121600,UNIVERSITY OF LA VERNE                  ,CA,91750-4443,Private      ,5,162,167,2543,5598,8141
00121700,LASSEN COLLEGE                          ,CA,96130-3000,Public       ,6,22,28,402,625,1027
00121800,LOMA LINDA UNIVERSITY                   ,CA,92350-0001,Private      ,4,25,29,751,4137,4888
00121900,LONG BEACH CITY COLLEGE                 ,CA,90808-1780,Public       ,121,422,543,8272,10232,18504
00122000,MASTER'S COLLEGE & SEMINARY (THE)       ,CA,91321-1200,Private      ,0,6,6,1085,356,1441
00122300,LOS ANGELES CITY COLLEGE                ,CA,90029-3588,Public       ,71,219,290,3855,7340,11195
00122400,LOS ANGELES HARBOR COLLEGE              ,CA,90744-2397,Public       ,29,102,131,1856,2875,4731
00122600,LOS ANGELES PIERCE COLLEGE              ,CA,91371-0001,Public       ,35,63,98,4525,3763,8288
00122700,LOS ANGELES TRADE TECH COLLEGE          ,CA,90015-4181,Public       ,25,142,167,2485,4994,7479
00122800,LOS ANGELES VALLEY COLLEGE              ,CA,91401-4096,Public       ,39,105,144,3840,4569,8409
00122900,SO CA UNIV  HEALTH SCIENCES             ,CA,90604-4051,Private      ,0,4,4,11,567,578
00123000,SOUTHERN CA COLLEGE OF OPTOMETRY        ,CA,92831-1699,Private      ,0,1,1,8,491,499
00123200,AMERICAN RIVER COLLEGE                  ,CA,95841-4286,Public       ,62,283,345,5952,9988,15940
00123300,SACRAMENTO CITY COLLEGE                 ,CA,95822-1386,Public       ,60,196,256,6412,7859,14271
00123600,MENLO COLLEGE                           ,CA,94027-4301,Private      ,3,3,6,768,163,931
00123700,MERCED COMMUNITY COLLEGE                ,CA,95348-2898,Public       ,28,54,82,3715,3723,7438
00123800,MILLS COLLEGE                           ,CA,94613-1301,Private      ,2,1,3,1131,1050,2181
00123900,MIRACOSTA COLLEGE                       ,CA,92056-3899,Public       ,13,39,52,1712,2261,3973
00124000,MODESTO JUNIOR COLLEGE                  ,CA,95350-5800,Public       ,39,138,177,5739,6232,11971
00124200,MONTEREY PENINSULA COLLEGE              ,CA,93940-4799,Public       ,11,34,45,1031,1390,2421
00124300,MOUNT ST MARYS COLLEGE                  ,CA,90049-1599,Private      ,4,20,24,1865,1738,3603
00124500,MT. SAN ANTONIO COLLEGE                 ,CA,91789-1399,Public       ,49,90,139,8125,6146,14271
00124600,MT SAN JACINTO COLLEGE                  ,CA,92583-2399,Public       ,45,147,192,2858,4854,7712
00124700,NAPA VALLEY COLLEGE                     ,CA,94558-6236,Public       ,18,42,60,1082,1540,2622
00124900,OCCIDENTAL COLLEGE                      ,CA,90041-3314,Private      ,1,3,4,3298,198,3496
00125000,ORANGE COAST COLLEGE - FIN AID OFF      ,CA,92628-5005,Public       ,45,88,133,6588,4018,10606
00125100,OTIS COLLEGE OF ART AND DESIGN          ,CA,90045-3505,Private      ,4,3,7,1231,492,1723
00125200,HOPE INTERNATIONAL UNIVERSITY           ,CA,92631-0000,Private      ,1,15,16,496,583,1079
00125300,FRESNO PACIFIC UNIVERSITY               ,CA,93702-4798,Private      ,2,43,45,1478,1756,3234
00125302,FRESNO PACIFIC UNIVERSITY - VISALIA CENT,CA,93277-8341,Private      ,0,1,1,7,49,56
00125303,FRESNO PACIFIC UNIVERSITY - BAKERSFIELD ,CA,93301-4533,Private      ,1,3,4,4,41,45
00125400,PACIFIC LUTHERAN THEOLOGICAL SEM        ,CA,94708-0000,Private      ,0,1,1,1,93,94
00125500,PACIFIC OAKS COLLEGE                    ,CA,91103-3592,Private      ,1,7,8,28,1120,1148
00125600,PACIFIC SCHOOL OF RELIGION              ,CA,94709-0000,Private      ,0,1,1,1,185,186
00125800,PACIFIC UNION COLLEGE                   ,CA,94508-9797,Private      ,12,5,17,1265,445,1710
00125900,PALO VERDE COLLEGE                      ,CA,92225-0000,Public       ,1,2,3,149,360,509
00126000,PALOMAR COLLEGE                         ,CA,92069-1486,Public       ,39,99,138,4079,4462,8541
00126100,PASADENA CITY COLLEGE                   ,CA,91106-2003,Public       ,80,79,159,9736,5984,15720
00126200,POINT LOMA NAZARENE UNIVERSITY          ,CA,92106-2899,Private      ,5,105,110,3180,1265,4445
00126600,LANEY COLLEGE                           ,CA,94607-4893,Public       ,33,133,166,2471,4603,7074
00126700,MERRITT COLLEGE                         ,CA,94619-3196,Public       ,9,62,71,1123,2949,4072
00126800,PORTERVILLE COLLEGE                     ,CA,93257-6059,Public       ,31,70,101,1362,1771,3133
00126900,RIO HONDO COLLEGE                       ,CA,90601-1699,Public       ,32,57,89,4715,3630,8345
00127000,RIVERSIDE COMMUNITY COLLEGE             ,CA,92506-1299,Public       ,134,414,548,10944,12159,23103
00127200,SAN BERNARDINO VALLEY COLLEGE           ,CA,92410-2798,Public       ,56,280,336,3266,6443,9709
00127300,SAN DIEGO CITY COLLEGE                  ,CA,92101-4787,Public       ,103,318,421,4063,7605,11668
00127500,SAN DIEGO MESA COLLEGE                  ,CA,92111-4996,Public       ,63,163,226,5576,5799,11375
00127800,SAN FRANCISCO CONSERVATORY OF MUSIC     ,CA,94122-4498,Private      ,0,0,0,268,292,560
00127900,SAN FRANCISCO THEOLOGICAL SEMINARY      ,CA,94960-0000,Private      ,0,1,1,1,100,101
00128000,SAN JOAQUIN DELTA COLLEGE               ,CA,95207-6370,Public       ,139,393,532,6259,8181,14440
00128100,WILLIAM JESSUP UNIVERSITY               ,CA,95765-3707,Private      ,0,10,10,429,407,836
00128200,SAN JOSE CITY COLLEGE                   ,CA,95128-2797,Public       ,35,72,107,2318,3647,5965
00128400,SANTA ANA COLLEGE                       ,CA,92706-3398,Public       ,41,87,128,3386,3334,6720
00128500,SANTA BARBARA CITY COLLEGE              ,CA,93109-2394,Public       ,47,71,118,3536,2351,5887
00128600,SANTA MONICA COLLEGE                    ,CA,90405-1644,Public       ,73,99,172,8485,5068,13553
00128700,SANTA ROSA JUNIOR COLLEGE               ,CA,95401-4395,Public       ,10,21,31,3235,4094,7329
00128800,CLAREMONT SCHOOL OF THEOLOGY            ,CA,91711-0000,Private      ,0,0,0,3,205,208
00128900,SHASTA COLLEGE                          ,CA,96049-7692,Public       ,19,78,97,2615,3651,6266
00129000,SIERRA COLLEGE                          ,CA,95677-3397,Public       ,40,102,142,3635,4660,8295
00129100,SIMPSON UNIVERSITY                      ,CA,96003-8606,Private      ,1,5,6,1104,604,1708
00129200,SOLANO COMMUNITY COLLEGE                ,CA,94534-3197,Public       ,9,48,57,1838,3248,5086
00129300,VANGUARD UNIVERSITY OF SOUTHERN CA      ,CA,92626-6597,Private      ,4,26,30,1875,817,2692
00129400,SOUTHWESTERN COLLEGE                    ,CA,91910-7299,Public       ,35,89,124,5755,4697,10452
00129500,SOUTHWESTERN LAW SCHOOL                 ,CA,90010-1106,Private      ,0,1,1,18,2221,2239
00129600,DOMINICAN SCH PHILOSOPHY & THEOLOGY     ,CA,94709-0000,Private      ,0,0,0,3,19,22
00129900,ST JOHN'S SEMINARY COLLEGE              ,CA,93010-0000,Private      ,0,0,0,5,0,5
00130200,SAINT MARY'S COLLEGE OF CALIFORNIA      ,CA,94556-2744,Private      ,2,13,15,3527,1429,4956
00130500,STANFORD UNIVERSITY                     ,CA,94305-6106,Private      ,15,52,67,13017,2828,15845
00130501,STANFORD UNIVERSITY - GRADUATE SCHOOL OF,CA,94305-5301,Private      ,0,5,5,47,565,612
00130502,STANFORD UNIVERSITY - GRADUATE SCHOOL OF,CA,94305-5015,Private      ,0,2,2,27,986,1013
00130503,STANFORD UNIVERSITY - STANFORD LAW SCHOO,CA,94305-3096,Private      ,0,0,0,19,1714,1733
00130700,FRESNO CITY COLLEGE                     ,CA,93741-0002,Public       ,86,248,334,10422,10397,20819
00130800,REEDLEY COLLEGE                         ,CA,93654-2099,Public       ,58,94,152,4368,4384,8752
00130900,TAFT COLLEGE                            ,CA,93268-2317,Public       ,10,33,43,559,613,1172
00131200,UNIVERSITY OF CALIFORNIA-BERKELEY       ,CA,94720-1520,Public       ,93,61,154,37042,16455,53497
00131300,UNIVERSITY OF CALIFORNIA-DAVIS          ,CA,95616-8558,Public       ,49,43,92,32201,10929,43130
00131400,UNIVERSITY OF CALIFORNIA-IRVINE         ,CA,92697-2825,Public       ,137,123,260,33698,7672,41370
00131500,UNIVERSITY OF CALIFORNIA (UCLA)         ,CA,90095-9000,Public       ,57,137,194,43930,19760,63690
00131502,UNIV OF CALIFORNIA LOS ANG SCH MED      ,CA,90095-0000,Public       ,0,1,1,137,756,893
00131503,UNIV OF CALIFORNIA LOS ANG DENTAL       ,CA,90095-0000,Public       ,0,0,0,15,163,178
00131600,UNIVERSITY OF CALIFORNIA-RIVERSIDE      ,CA,92521-0209,Public       ,20,33,53,20871,5116,25987
00131700,UNIVERSITY OF CALIFORNIA-SAN DIEGO      ,CA,92093-0013,Public       ,37,39,76,32996,6918,39914
00131900,UNIVERSITY OF CALIFORNIA-SFRANCISCO     ,CA,94143-0246,Public       ,1,7,8,434,3102,3536
00132000,UNIVERSITY OF CALIFORNIA-SANTA BARB     ,CA,93106-3180,Public       ,177,83,260,30228,5594,35822
00132100,UNIVERSITY OF CALIFORNIA-SANTA CRUZ     ,CA,95064-0001,Public       ,14,43,57,19254,3424,22678
00132200,UNIVERSITY OF REDLANDS                  ,CA,92373-0999,Private      ,1,103,104,3625,2082,5707
00132500,UNIVERSITY OF SAN FRANCISCO             ,CA,94117-1080,Private      ,6,31,37,6337,5592,11929
00132600,SANTA CLARA UNIVERSITY                  ,CA,95053-4956,Private      ,5,35,40,6246,3260,9506
00132800,UNIVERSITY OF SOUTHERN CALIFORNIA       ,CA,90089-0914,Private      ,21,79,100,25200,17490,42690
00132900,UNIVERSITY OF THE PACIFIC               ,CA,95211-0197,Private      ,4,8,12,5348,2518,7866
00132901,UNIVERSITY OF THE PACIFIC - MCGEORGE SCH,CA,95817-2799,Private      ,1,8,9,19,2118,2137
00132902,UNIV OF THE PACIFIC SCH OF DENT         ,CA,94115-0000,Private      ,0,1,1,11,593,604
00133400,VENTURA COLLEGE                         ,CA,93003-3899,Public       ,43,84,127,2318,2364,4682
00133500,VICTOR VALLEY COLLEGE                   ,CA,92395-5849,Public       ,84,289,373,3141,6101,9242
00133800,WEST VALLEY COLLEGE                     ,CA,95070-5697,Public       ,30,44,74,1594,1711,3305
00134100,WESTMONT COLLEGE                        ,CA,93108-1099,Private      ,3,0,3,1951,45,1996
00134200,WHITTIER COLLEGE                        ,CA,90601-4413,Private      ,6,7,13,2084,318,2402
00134201,WHITTIER COLLEGE - COLLEGE OF LAW       ,CA,92626-1501,Private      ,0,7,7,2,1377,1379
00134300,WOODBURY UNIVERSITY                     ,CA,91510-7846,Private      ,4,15,19,1014,786,1800
00134400,YUBA COLLEGE                            ,CA,95901-7699,Public       ,151,191,342,2953,4355,7308
00177212,TRINITY INTERNATIONAL UNIV-CA           ,CA,92705-0000,Private      ,0,1,1,5,220,225
00274100,AMERICAN JEWISH UNIVERSITY              ,CA,90077-1599,Private      ,0,0,0,83,149,232
00301002,ANTIOCH UNIV/LOS ANGELES                ,CA,90230-7615,Private      ,0,3,3,20,801,821
00301003,ANTIOCH  UNIV/SANTA BARBARA             ,CA,93101-0000,Private      ,0,4,4,169,427,596
00304701,HEBREW UNION COLL - LOS ANGELES         ,CA,90007-0000,Private      ,0,0,0,1,6,7
00369110,MONTEREY INST OF INTERNATL STUDIES      ,CA,93940-2691,Private      ,0,2,2,18,757,775
00394700,UC-HASTINGS COLLEGE OF THE LAW          ,CA,94102-0000,Public       ,0,0,0,15,3314,3329
00394800,SAN FRANCISCO ART INSTITUTE             ,CA,94133-2299,Private      ,3,5,8,981,820,1801
00405500,HEBREW UNION COLLEGE - JEWISH INSTITUTE ,CA,90007-3796,Private      ,0,0,0,2,89,91
00408000,STARR KING SCHOOL FOR THE MINISTRY      ,CA,94709-1299,Private      ,0,0,0,1,64,65
00448000,DE ANZA COLLEGE                         ,CA,95014-5793,Public       ,96,132,228,4400,3624,8024
00448100,OHLONE COLLEGE                          ,CA,94539-5847,Public       ,28,21,49,1637,1538,3175
00448400,JOHN F. KENNEDY UNIVERSITY              ,CA,94523-4817,Private      ,1,23,24,16,1509,1525
00449000,PATTEN UNIVERSITY                       ,CA,94601-2699,Private      ,2,20,22,167,332,499
00449400,EVEREST COLLEGE                         ,CA,92408-3752,Proprietary  ,53,115,168,363,837,1200
00450200,CITY COLLEGE OF SAN FRANCISCO           ,CA,94112-0000,Public       ,91,277,368,6212,9218,15430
00563800,DOWNEY ADULT SCHOOL                     ,CA,90241-5610,Public       ,0,0,0,11,20,31
00565500,HACIENDA LA PUENTE ADULT EDUC CTR       ,CA,91746-0000,Public       ,4,45,49,77,429,506
00616500,LA CNTY CLG OF NURSING & ALLD HLTH      ,CA,90033-1018,Public       ,1,2,3,92,323,415
00672000,COLLEGE OF ALAMEDA                      ,CA,94501-2109,Public       ,22,65,87,1374,1777,3151
00673100,CASA LOMA COLLEGE                       ,CA,91405-4523,Private      ,10,29,39,183,511,694
00686300,VENTURA COUNTY CMTY CLG DISTRICT        ,CA,93010-8552,Public       ,0,0,0,13,24,37
00697300,CANADA COLLEGE                          ,CA,94061-1099,Public       ,7,19,26,502,852,1354
00697500,LINCOLN UNIVERSITY                      ,CA,94612-2801,Private      ,1,1,2,12,40,52
00701200,SAMUEL MERRITT COLLEGE                  ,CA,94609-3108,Private      ,1,9,10,190,1534,1724
00704700,LOS ANGELES SOUTHWEST COLLEGE           ,CA,90047-4810,Public       ,29,189,218,1424,4049,5473
00705000,BAY VISTA COLLEGE OF BEAUTY             ,CA,91950-3616,Proprietary  ,6,18,24,61,170,231
00711500,MOORPARK COLLEGE                        ,CA,93021-1695,Public       ,34,53,87,2100,1614,3714
00713000,NEWBERRY SCHOOLS OF BEAUTY              ,CA,91344-7404,Proprietary  ,13,9,22,91,99,190
00714200,LYLE'S COLLEGE OF BEAUTY                ,CA,93710-3948,Proprietary  ,4,7,11,106,190,296
00714201,LYLE'S CLG OF BTY BAKERSFIELD           ,CA,93301-0000,Proprietary  ,0,1,1,45,47,92
00716400,BRYAN COLLEGE                           ,CA,90057-0000,Proprietary  ,7,24,31,80,433,513
00717801,WESTERN SEMINARY - BAY AREA CENTER      ,CA,95032-0000,Private      ,0,1,1,0,16,16
00717804,WESTERN SEMINARY - SACRAMENTO           ,CA,95821-3939,Private      ,0,3,3,3,35,38
00718700,NORTH ADRIAN'S COLLEGE OF BEAUTY        ,CA,95350-2381,Proprietary  ,9,14,23,75,154,229
00719000,WYOTECH                                 ,CA,94539-7663,Proprietary  ,54,63,117,1065,1261,2326
00720300,SALON SUCCESS ACADEMY                   ,CA,91786-4060,Proprietary  ,5,7,12,57,68,125
00720400,MODERN BEAUTY ACADEMY                   ,CA,93030-7016,Proprietary  ,3,2,5,50,58,108
00722900,WESTERN BEAUTY INSTITUTE                ,CA,91402-3104,Proprietary  ,24,94,118,232,820,1052
00723400,HEALD COLLEGE                           ,CA,94105-2206,Proprietary  ,20,44,64,270,448,718
00723600,ART INST OF CALIFORNIA-LOS ANGELES      ,CA,90405-3035,Proprietary  ,45,43,88,4668,2912,7580
00724500,SAN JOSE BEAUTY COLLEGE                 ,CA,95126-0000,Proprietary  ,0,0,0,1,0,1
00725300,FEDERICO BEAUTY INSTITUTE               ,CA,95834-1905,Proprietary  ,12,16,28,179,275,454
00729600,COLEMAN COLLEGE                         ,CA,92123-0000,Private      ,9,38,47,166,630,796
00745600,MARINELLO SCH BTY BUENA PRK             ,CA,90620-0000,Proprietary  ,0,0,0,5,0,5
00746501,AMERICAN ACADEMY OF DRAMATIC ARTS - HOLL,CA,90028-7504,Private      ,2,1,3,239,104,343
00747600,MARINELLO SCHOOLS OF BEAUTY             ,CA,90023-2666,Proprietary  ,113,209,322,809,1756,2565
00747602,MARINELLO SCHOOLS OF BEAUTY - SPA ACADEM,CA,90048-5101,Proprietary  ,0,1,1,21,20,41
00747603,MARINELLO SCHOOLS OF BEAUTY - INGLEWOOD ,CA,90301-2306,Proprietary  ,0,0,0,9,12,21
00747604,MARINELLO SCHOOLS OF BEAUTY - RESEDA    ,CA,91335-4218,Proprietary  ,0,0,0,7,9,16
00747605,MARINELLO SCHOOLS OF BEAUTY - NORTH HOLL,CA,91606-3210,Proprietary  ,0,0,0,11,7,18
00747606,MARINELLO SCHOOLS OF BEAUTY - WEST COVIN,CA,91790-2805,Proprietary  ,0,0,0,13,9,22
00747607,MARINELLO SCHOOLS OF BEAUTY - SAN BERNAR,CA,92410-3261,Proprietary  ,1,0,1,20,28,48
00747608,MARINELLO SCHOOLS OF BEAUTY - ONTARIO   ,CA,91762-2113,Proprietary  ,1,3,4,24,29,53
00747609,MARINELLO SCHOOLS OF BEAUTY - WHITTIER  ,CA,90601-4107,Proprietary  ,0,0,0,15,8,23
00747611,MARINELLO SCHOOLS OF BEAUTY - SAN DIEGO ,CA,92126-4217,Proprietary  ,0,1,1,37,27,64
00747700,"HEALD COLLEGE,SCHOOLS OF BUS & TECH     ",CA,95670-6005,Proprietary  ,16,52,68,350,795,1145
00753100,ACADEMY OF ART UNIVERSITY               ,CA,94105-3410,Proprietary  ,74,211,285,3991,5730,9721
00753600,COSUMNES RIVER COLLEGE                  ,CA,95823-5799,Public       ,17,84,101,3379,3761,7140
00754802,WESTWOOD COLLEGE OF TECHNOLOGY          ,CA,92801-0000,Proprietary  ,34,31,65,937,604,1541
00754803,WESTWOOD COLLEGE OF TECHNOLOGY          ,CA,91786-0000,Proprietary  ,20,45,65,1018,812,1830
00760500,ACADEMY PACIFIC BUSINESS & TRAVEL       ,CA,90028-5218,Proprietary  ,0,0,0,10,9,19
00760600,EVEREST COLLEGE                         ,CA,90010-2221,Proprietary  ,36,86,122,306,632,938
00760700,CONCORDE CAREER INSTITUTE               ,CA,91606-3134,Proprietary  ,14,34,48,319,579,898
00770700,COLUMBIA COLLEGE                        ,CA,95370-8580,Public       ,5,13,18,619,770,1389
00771300,SKYLINE COLLEGE                         ,CA,94066-1698,Public       ,32,49,81,1681,1469,3150
00793000,CONCORDE CAREER INSTITUTE               ,CA,92108-0000,Proprietary  ,22,105,127,219,800,1019
00799300,CALIF STATE UNIV BAKERSFIELD            ,CA,93311-1022,Public       ,11,39,50,4937,4828,9765
00807100,CONCORDE CAREER INSTITUTE               ,CA,92840-9201,Proprietary  ,5,22,27,257,606,863
00807300,BUTTE COMMUNITY COLLEGE                 ,CA,95965-0000,Public       ,25,85,110,3911,4757,8668
00809000,EVEREST COLLEGE                         ,CA,91803-1310,Proprietary  ,64,126,190,514,1069,1583
00809300,HEALD COLLEGE                           ,CA,93704-1706,Proprietary  ,15,45,60,889,1118,2007
00853200,HEALD COLLEGE                           ,CA,94545-2352,Proprietary  ,27,73,100,584,1098,1682
00853700,CONCORDE CAREER INSTITUTE               ,CA,92401-0000,Proprietary  ,33,73,106,452,1160,1612
00859600,WEST LOS ANGELES COLLEGE                ,CA,90230-3500,Public       ,19,96,115,1506,3104,4610
00859700,FEATHER RIVER COLLEGE                   ,CA,95971-9124,Public       ,2,4,6,449,293,742
00884400,CALIFORNIA CHRISTIAN COLLEGE            ,CA,93703-3599,Private      ,0,1,1,35,44,79
00884600,WRIGHT INSTITUTE                        ,CA,94704-0000,Private      ,0,4,4,1,360,361
00886800,DON'S BEAUTY SCHOOL                     ,CA,94612-0000,Proprietary  ,0,0,0,0,1,1
00890300,COLLEGE OF THE CANYONS                  ,CA,91355-1899,Public       ,33,41,74,2271,1725,3996
00891800,SADDLEBACK COLLEGE                      ,CA,92692-3699,Public       ,24,70,94,2170,2410,4580
00902200,ASSOCIATED TECHNICAL COLLEGE            ,CA,90017-0000,Proprietary  ,11,96,107,83,647,730
00903200,EMPIRE COLLEGE                          ,CA,95403-2122,Proprietary  ,11,22,33,149,485,634
00915800,DON BOSCO TECHNICAL INSTITUTE           ,CA,91770-4299,Private      ,0,0,0,10,3,13
00927200,CRAFTON HILLS COLLEGE                   ,CA,92399-1799,Public       ,23,40,63,1503,1668,3171
00932500,ABRAM FRIEDMAN OCCUP CTR                ,CA,90015-3507,Public       ,1,1,2,20,52,72
00950900,SKILLS & BUSINESS EDUCATION CENTER      ,CA,95824-1529,Public       ,11,93,104,161,1014,1175
00974800,WESTERN CAREER COLLEGE                  ,CA,95826-3203,Proprietary  ,151,521,672,1451,3966,5417
00974802,WESTERN CAREER COLLEGE - PLEASANT HILL C,CA,94523-1984,Proprietary  ,18,21,39,248,488,736
00974805,WESTERN CAREER COLLEGE - FREMONT        ,CA,94538-3115,Proprietary  ,15,79,94,552,1693,2245
00974806,WESTERN CAREER COLLEGE -  ANTIOCH/WALNUT,CA,94531-1604,Proprietary  ,0,1,1,9,18,27
00974807,WESTERN CAREER COLLEGE - SAN JOSE       ,CA,95119-1325,Proprietary  ,0,1,1,0,1,1
00998900,SANTA BARBARA BUSINESS COLLEGE          ,CA,93111-0000,Proprietary  ,9,37,46,187,433,620
01011100,CERRO-COSO COMMUNITY COLLEGE            ,CA,93555-9571,Public       ,9,52,61,423,1474,1897
01014225,TOURO CLG OSEOPATHIC MEDICINE           ,CA,94592-1115,Private      ,1,3,4,21,715,736
01014900,PEPPERDINE UNIVERSITY                   ,CA,90263-0000,Private      ,7,117,124,6162,5930,12092
01033300,JESUIT SCHOOL OF THEOLOGY - BERKELEY    ,CA,94709-1193,Private      ,0,1,1,2,64,66
01034000,LOS MEDANOS COLLEGE                     ,CA,94565-5197,Public       ,13,37,50,1286,1889,3175
01036500,CHARLES R DREW UNIV OF MED & SCI        ,CA,90059-0000,Private      ,0,5,5,48,421,469
01036800,MENNONITE BRETHREN BIBLICAL SEM         ,CA,93727-0000,Private      ,0,1,1,1,71,72
01037500,HARBOR OCCUPATIONAL CENTER              ,CA,90731-0000,Public       ,1,1,2,25,39,64
01039500,UNIVERSITY OF SAN DIEGO                 ,CA,92110-2492,Private      ,5,26,31,10393,3012,13405
01039501,UNIVERSITY OF SAN DIEGO - SCHOOL OF LAW ,CA,92110-2492,Private      ,1,3,4,63,2827,2890
01044100,PARDEE RAND GRADUATE SCHOOL             ,CA,90407-2138,Private      ,0,0,0,4,18,22
01047400,MARYMOUNT COLLEGE OF PALOS VERDES       ,CA,90275-0000,Private      ,0,1,1,512,39,551
01057900,WEST VALLEY OCCUPATIONAL CTR            ,CA,91367-0000,Public       ,0,3,3,39,74,113
01083100,NEW COLLEGE OF CALIFORNIA               ,CA,94102-0000,Private      ,0,24,24,135,1177,1312
01083200,WESTERN STATE UNIV COLLEGE OF LAW       ,CA,92831-3014,Proprietary  ,0,1,1,14,884,898
01085400,THOMAS JEFFERSON SCHOOL OF LAW          ,CA,92110-0000,Private      ,0,6,6,8,1597,1605
01102400,EVEREST COLLEGE                         ,CA,94103-2091,Proprietary  ,86,272,358,754,2554,3308
01110700,EVEREST  COLLEGE                        ,CA,92801-5231,Proprietary  ,27,76,103,390,875,1265
01110900,EVEREST COLLEGE                         ,CA,91335-4631,Proprietary  ,63,104,167,448,694,1142
01111200,FIDM-FASHION INSTITUTE OF DESIGN        ,CA,90015-1421,Proprietary  ,25,12,37,5271,1599,6870
01111700,ALLIANT INTERNATIONAL UNIVERSITY        ,CA,92131-1799,Private      ,1,17,18,48,1317,1365
01111705,ALLIANT INTERNATIONAL UNIVERSITY - LOS A,CA,91803-1360,Private      ,0,0,0,8,494,502
01111706,ALLIANT INTERNATIONAL UNIVERSITY - SAN F,CA,94133-1221,Private      ,0,4,4,3,488,491
01111707,ALLIANT INTERNATIONAL UNIVERSITY - FRESN,CA,93727-2014,Private      ,0,3,3,10,282,292
01112100,EVEREST COLLEGE                         ,CA,94541-4007,Proprietary  ,24,98,122,213,678,891
01112300,EVEREST COLLEGE                         ,CA,90247-4163,Proprietary  ,46,222,268,497,1733,2230
01146000,NATIONAL UNIVERSITY                     ,CA,92037-1011,Private      ,18,1155,1173,396,14450,14846
01162600,PRACTICAL SCHOOLS                       ,CA,92805-0000,Proprietary  ,15,38,53,556,825,1381
01164900,LOYOLA MARYMOUNT UNIVERSITY             ,CA,90045-0000,Private      ,11,37,48,8380,2782,11162
01164901,LOYOLA MARYMOUNT UNIVERSITY - LOYOLA LAW,CA,90015-0019,Private      ,0,4,4,32,3029,3061
01167200,MENDOCINO COMMUNITY COLLEGE             ,CA,95482-3000,Public       ,10,36,46,816,1181,1997
01169600,NATIONAL POLYTECHNIC COLLEGE OF SCIENCE ,CA,90744-6399,Private      ,10,51,61,117,454,571
01170700,NORTH-WEST COLLEGE                      ,CA,91790-2097,Proprietary  ,19,48,67,196,473,669
01179200,FRANCISCAN SCHOOL OF THEOLOGY           ,CA,94709-0000,Private      ,0,0,0,0,26,26
01182000,SAN DIEGO MIRAMAR COLLEGE               ,CA,92126-0000,Public       ,38,104,142,1978,2866,4844
01186500,CALIFORNIA HAIR DESIGN ACADEMY          ,CA,92115-0000,Proprietary  ,7,15,22,70,103,173
01202600,JE BOUTIQUE COLLEGE OF BEAUTY           ,CA,92021-6247,Proprietary  ,9,14,23,75,160,235
01202700,GALEN COLLEGE OF CALIFORNIA             ,CA,93728-2381,Proprietary  ,5,22,27,115,218,333
01203100,SAN DIEGO CHRISTIAN COLLEGE             ,CA,92019-1157,Private      ,0,5,5,534,239,773
01206100,EVEREST COLLEGE                         ,CA,95128-3908,Proprietary  ,23,36,59,230,555,785
01215400,CALIFORNIA INSTITUTE OF INTEGRAL STUDIES,CA,94103-2557,Private      ,0,5,5,12,1072,1084
01231600,MANCHESTER BEAUTY COLLEGE               ,CA,93726-5306,Proprietary  ,8,25,33,125,223,348
01231700,TULARE BEAUTY COLLEGE                   ,CA,93274-3432,Proprietary  ,1,1,2,11,27,38
01244600,UNIVERSAL COLLEGE OF BEAUTY             ,CA,90044-0044,Proprietary  ,1,9,10,47,112,159
01245200,EVERGREEN VALLEY COLLEGE                ,CA,95135-1598,Public       ,18,20,38,2676,2512,5188
01255000,LOS ANGELES MISSION COLLEGE             ,CA,91342-3200,Public       ,28,87,115,1826,2527,4353
01265000,MARINELLO SCHOOL OF BEAUTY              ,CA,91502-2828,Proprietary  ,8,35,43,94,215,309
01265100,MARINELLO SCHOOL OF BEAUTY              ,CA,91748-1674,Proprietary  ,4,17,21,53,151,204
01284200,OXNARD COLLEGE                          ,CA,93030-0000,Public       ,49,156,205,1598,2127,3725
01287200,NORTH-WEST COLLEGE                      ,CA,91768-3199,Proprietary  ,13,53,66,82,370,452
01287300,WYOTECH                                 ,CA,90810-3800,Proprietary  ,185,480,665,1325,2982,4307
01290700,LAKE TAHOE COMMUNITY COLLEGE            ,CA,96150-4524,Public       ,10,25,35,294,464,758
01291100,MARINELLO SCHOOL OF BEAUTY              ,CA,92646-2552,Proprietary  ,6,5,11,63,76,139
01291200,MTI COLLEGE                             ,CA,95841-0000,Proprietary  ,38,83,121,393,1108,1501
01294200,ROSEMEAD BEAUTY SCHOOL                  ,CA,91770-1639,Proprietary  ,3,12,15,49,128,177
01298400,PROFESSIONAL INSTITUTE OF BEAUTY        ,CA,91731-2613,Proprietary  ,1,14,15,15,110,125
01298500,HAIR CALIFORNIA BEAUTY ACADEMY          ,CA,92867-7127,Proprietary  ,0,0,0,8,9,17
01298900,OCEANSIDE COLLEGE OF BEAUTY             ,CA,92054-5393,Proprietary  ,4,1,5,43,55,98
01301000,LANCASTER BEAUTY SCHOOL                 ,CA,93534-3098,Proprietary  ,10,23,33,91,199,290
01307400,AMERICAN BEAUTY COLLEGE                 ,CA,90706-5417,Proprietary  ,1,11,12,32,85,117
01308100,WESTGATE BEAUTY COLLEGE                 ,CA,95129-0000,Proprietary  ,0,0,0,1,0,1
01309500,SALON SUCCESS ACADEMY                   ,CA,92879-6561,Proprietary  ,4,9,13,56,58,114
01310300,CALIFORNIA WESTERN SCHOOL OF LAW        ,CA,92101-0000,Private      ,0,4,4,14,1932,1946
01323300,SIMI VALLEY ADULT SCHOOL/CAREER INS     ,CA,93065-3940,Public       ,0,1,1,18,44,62
01324000,LYTLE'S REDWOOD EMPIRE BEAUTY CLG       ,CA,95403-0000,Proprietary  ,1,0,1,84,99,183
02052300,UNIVERSITY OF WEST LOS ANGELES          ,CA,90301-0000,Private      ,0,0,0,33,107,140
02054900,MARINELLO SCHOOL OF BEAUTY              ,CA,92630-0000,Proprietary  ,2,3,5,21,39,60
02057700,ALMADEN BEAUTY COLLEGE                  ,CA,95123-0000,Proprietary  ,0,0,0,1,0,1
02059800,PARIS BEAUTY COLLEGE                    ,CA,94520-2611,Proprietary  ,2,9,11,37,88,125
02063500,COASTLINE COMMUNITY COLLEGE             ,CA,92708-0000,Public       ,8,73,81,616,2029,2645
02064300,SIERRA COLLEGE OF BEAUTY                ,CA,95340-0000,Proprietary  ,3,9,12,63,77,140
02065500,BROOKS COLLEGE                          ,CA,90804-3289,Proprietary  ,10,16,26,891,478,1369
02065501,BROOKS COLLEGE - SUNNYVALE              ,CA,94086-5303,Proprietary  ,2,4,6,345,372,717
02065700,CALIFORNIA BEAUTY COLLEGE               ,CA,95354-0000,Proprietary  ,1,2,3,70,72,142
02070500,CONCORDIA UNIVERSITY                    ,CA,92612-0000,Private      ,0,16,16,1484,912,2396
02075800,SOUTHERN CA INST OF ARCHITECTURE        ,CA,90013-0000,Private      ,0,2,2,116,489,605
02086400,MARINELLO SCHOOL OF BEAUTY              ,CA,95050-0000,Proprietary  ,1,2,3,15,13,28
02091200,ELEGANCE INTERNATIONAL                  ,CA,90028-0000,Proprietary  ,2,2,4,41,58,99
02091700,KAPLAN COLLEGE                          ,CA,92123-1509,Proprietary  ,33,71,104,537,1325,1862
02096100,FIELDING INSTITUTE                      ,CA,93105-0000,Private      ,0,19,19,0,1154,1154
02099200,AMERICAN CONSERVATORY THEATER           ,CA,94108-0000,Private      ,1,2,3,17,185,202
02110200,COLUMBIA COLLEGE                        ,CA,91356-0000,Private      ,5,4,9,241,165,406
02110800,CALIFORNIA COLLEGE SAN DIEGO            ,CA,92108-3821,Proprietary  ,16,65,81,329,717,1046
02111300,CUYAMACA COLLEGE                        ,CA,92019-0000,Public       ,18,47,65,1641,2018,3659
02113601,AMERICAN INTERCONTINENTAL UNIV - LOS ANG,CA,90066-7008,Proprietary  ,14,29,43,992,1185,2177
02119100,MISSION COLLEGE                         ,CA,95054-1897,Public       ,13,37,50,1493,2586,4079
02120600,SAYBROOK GRADUATE SCHOOL                ,CA,94111-1920,Private      ,0,1,1,3,483,486
02120700,SAN JOAQUIN VALLEY COLLEGE              ,CA,93291-0000,Proprietary  ,101,414,515,2355,5341,7696
02120900,ITT TECHNICAL INSTITUTE                 ,CA,95670-6034,Proprietary  ,62,64,126,743,915,1658
02125000,CAREER ACADEMY OF BEAUTY                ,CA,92845-0000,Proprietary  ,5,16,21,82,181,263
02128200,"VICTOR VALLEY BEAUTY COLLEGE, INC       ",CA,92392-0000,Proprietary  ,5,10,15,141,132,273
02128300,INSTITUTE FOR BUSINESS & TECHNOLOGY     ,CA,95050-0000,Proprietary  ,26,91,117,235,1076,1311
02128301,INSTITUTE FOR BUSINESS & TECHNOLOGY     ,CA,95610-0000,Proprietary  ,16,85,101,141,880,1021
02138300,PACIFIC GRADUATE SCHOOL OF PSYCHOLO     ,CA,94303-4232,Private      ,0,0,0,3,411,414
02138300,PALO ALTO UNIVERSITY                    ,CA,94304-1337,Private      ,0,2,2,0,7,7
02147400,CLEVELAND CHIROPRACTIC COLLEGE          ,CA,90004-0000,Private      ,2,6,8,66,418,484
02161800,MUSICIANS INSTITUTE                     ,CA,90028-6157,Proprietary  ,9,10,19,1027,696,1723
02167800,ESTES INSTITUTE OF COSMETOLOGY          ,CA,93291-0000,Proprietary  ,2,4,6,97,88,185
02174600,MARINELLO SCHOOL OF BEAUTY              ,CA,90201-0000,Proprietary  ,8,41,49,44,256,300
02180600,BRIDGES  ACADEMY OF BEAUTY              ,CA,92311-2327,Proprietary  ,1,3,4,6,11,17
02184900,PALMER COLLEGE OF CHIROPRACTIC WEST     ,CA,95134-0000,Private      ,0,1,1,21,350,371
02185800,MOLER BARBER COLLEGE                    ,CA,94611-0000,Proprietary  ,0,4,4,14,50,64
02187500,"HEALD COLLEGE, SCH OF BUS & TECH        ",CA,94520-0000,Proprietary  ,19,46,65,529,917,1446
02188400,SIERRA VALLEY COLLEGE OF COURT REPORTING,CA,93726-0000,Proprietary  ,2,4,6,67,173,240
02208600,MADERA BEAUTY COLLEGE                   ,CA,93637-3519,Proprietary  ,0,0,0,16,22,38
02211000,HAIRMASTERS UNIVERSITY OF BEAUTY        ,CA,92405-0000,Proprietary  ,8,6,14,59,67,126
02220000,COLLEEN O'HARA BEAUTY ACADEMY           ,CA,92701-0000,Proprietary  ,5,35,40,49,303,352
02220200,CALIFORNIA CULINARY ACADEMY             ,CA,94102-3336,Proprietary  ,33,73,106,1348,1576,2924
02221300,MARINELLO SCHOOL OF BEAUTY              ,CA,92553-0000,Proprietary  ,9,34,43,99,222,321
02222000,AMERICAN FILM INSTITUTE                 ,CA,90027-0000,Private      ,0,2,2,105,508,613
02226000,EAST LOS ANGELES COLLEGE                ,CA,91754-0000,Public       ,42,97,139,6390,5597,11987
02228500,LIFE CHIROPRACTIC COLLEGE-WEST          ,CA,94545-0000,Private      ,0,2,2,6,494,500
02230900,FREDRICK & CHARLES BEAUTY COLLEGE       ,CA,95501-0000,Proprietary  ,0,4,4,40,67,107
02231900,GEMOLOGICAL INSTITUTE OF AMERICA        ,CA,92008-4698,Private      ,6,5,11,90,258,348
02234300,FASHION CAREERS OF CALIFORNIA           ,CA,92110-0000,Proprietary  ,1,3,4,116,108,224
02236400,"THANH LE COLG, SCH OF COSMETOLOGY       ",CA,92840-0000,Proprietary  ,0,13,13,1,59,60
02237200,PHILLIPS GRADUATE INSTITUTE             ,CA,91316-0000,Private      ,0,2,2,1,406,407
02238200,LAKE FOREST BEAUTY COLLEGE              ,CA,92630-1662,Proprietary  ,0,0,0,1,4,5
02241600,SAN DIEGO CONTINUING EDUCATION          ,CA,92113-0000,Public       ,3,28,31,61,338,399
02241800,AMERICAN CAREER COLLEGE                 ,CA,90004-0000,Proprietary  ,144,325,469,1559,3552,5111
02242700,BERKELEY CITY COLLEGE                   ,CA,94704-0000,Public       ,20,72,92,756,1963,2719
02255400,INTERNATIONAL SCHOOL OF COSMETOLOGY     ,CA,90250-0000,Proprietary  ,0,5,5,13,71,84
02255600,MARINELLO SCHOOL OF BEAUTY              ,CA,90723-0000,Proprietary  ,5,44,49,66,226,292
02258600,ALAMEDA BEAUTY COLLEGE                  ,CA,94501-0000,Proprietary  ,0,9,9,39,89,128
02262400,YESHIVA OHR ELCHONON CHABAD             ,CA,90046-0000,Private      ,24,0,24,85,1,86
02267600,INSTITUTE OF TRANSPERSONAL PSYCHLGY     ,CA,94303-4624,Private      ,0,3,3,0,382,382
02270600,LIFE PACIFIC COLLEGE                    ,CA,91773-0000,Private      ,1,0,1,371,195,566
02276800,WESTMINSTER SEMINARY CALIFORNIA         ,CA,92027-0000,Private      ,0,0,0,1,125,126
02277400,SOUTH COAST COLLEGE                     ,CA,92868-2616,Proprietary  ,2,22,24,91,376,467
02282300,ALHAMBRA BEAUTY COLLEGE                 ,CA,91802-0000,Proprietary  ,7,22,29,42,177,219
02285100,HILLTOP BEAUTY SCHOOL                   ,CA,94014-0000,Proprietary  ,0,22,22,19,195,214
02291500,ITT TECHNICAL INSTITUTE                 ,CA,91773-0000,Proprietary  ,84,108,192,1152,1322,2474
02291600,ITT TECHNICAL INSTITUTE                 ,CA,92123-0000,Proprietary  ,32,89,121,725,1356,2081
02298000,DESIGN INSTITUTE OF SAN DIEGO           ,CA,92121-0000,Proprietary  ,1,6,7,198,319,517
02299600,GINO ROBAIR BEAUTY COLLEGE              ,CA,92504-0000,Proprietary  ,0,0,0,0,1,1
02304300,"PLATT COLLEGE, SAN DIEGO                ",CA,92115-0000,Proprietary  ,7,19,26,179,260,439
02306300,KAPLAN COLLEGE                          ,CA,95368-0000,Proprietary  ,35,99,134,381,1054,1435
02306302,KAPLAN COLLEGE - FRESNO                 ,CA,93612-3802,Proprietary  ,15,52,67,255,527,782
02309500,CLOVIS ADULT EDUC                       ,CA,93611-0000,Public       ,0,5,5,38,192,230
02312400,LA COLLEGE INTERNATIONAL                ,CA,90010-0000,Proprietary  ,0,9,9,125,193,318
02321800,ITT TECHNICAL INSTITUTE                 ,CA,91342-3664,Proprietary  ,73,80,153,1074,1175,2249
02321900,ITT TECHNICAL INSTITUTE                 ,CA,92801-0000,Proprietary  ,48,64,112,642,744,1386
02327600,ART INST OF CALIFORNIA-SAN DIEGO        ,CA,92108-4401,Proprietary  ,30,42,72,2188,1613,3801
02330500,LAGUNA COLLEGE OF ART AND DESIGN        ,CA,92651-0000,Private      ,0,2,2,322,145,467
02332800,CENTER FOR EMPLOYMENT TRAINING          ,CA,95110-0000,Private      ,57,421,478,396,2451,2847
02338500,GLENDALE CAREER COLLEGE                 ,CA,91201-0000,Proprietary  ,11,50,61,168,512,680
02338700,MARINELLO SCHOOL OF BEAUTY              ,CA,94103-0000,Proprietary  ,1,12,13,60,148,208
02342400,ACADEMY OF RADIO BROADCASTING           ,CA,92647-3809,Proprietary  ,2,11,13,55,116,171
02343400,"BELLUS ACADEMY, THE ACADEMY OF BEAUTY AN",CA,92064-4633,Proprietary  ,2,15,17,84,181,265
02345800,MONTEBELLO BEAUTY COLLEGE               ,CA,90640-0000,Proprietary  ,2,3,5,47,103,150
02351900,KAPLAN COLLEGE                          ,CA,95660-5512,Proprietary  ,21,65,86,246,646,892
02351901,KAPLAN COLLEGE - BAKERSFIELD            ,CA,93304-0000,Proprietary  ,39,86,125,250,633,883
02358000,THOMAS AQUINAS COLLEGE                  ,CA,93060-9622,Private      ,0,0,0,315,27,342
02359300,SHASTA BIBLE COLLEGE                    ,CA,96002-0000,Private      ,2,1,3,48,47,95
02482700,WESTERN UNIVERSITY OF HEALTH S          ,CA,91766-1854,Private      ,0,2,2,49,2815,2864
02494800,LOLA BEAUTY COLLEGE                     ,CA,92641-0000,Proprietary  ,0,11,11,6,74,80
02497300,TRINITY COLLEGE                         ,CA,93277-0000,Proprietary  ,12,57,69,251,807,1058
02500000,SAN JOAQUIN COLLEGE OF LAW              ,CA,93612-0000,Private      ,0,0,0,4,252,256
02518400,THE NATIONAL HISPANIC UNIVERSITY        ,CA,95127-0000,Private      ,2,23,25,291,382,673
02519800,AVANCE BEAUTY COLLEGE                   ,CA,92154-0000,Proprietary  ,2,10,12,42,78,120
02520200,CALIFORNIA CAREER SCHOOLS               ,CA,92805-0000,Proprietary  ,0,4,4,4,53,57
02520300,INTERIOR DESIGNERS INSTITUTE            ,CA,92660-0000,Proprietary  ,3,16,19,56,168,224
02537200,PALOMAR INSTITUTE OF COSMETOLOGY        ,CA,92069-0000,Proprietary  ,8,18,26,131,181,312
02539100,KAPLAN COLLEGE                          ,CA,91606-3231,Proprietary  ,38,71,109,403,908,1311
02539102,KAPLAN COLLEGE -  RIVERSIDE             ,CA,92507-4223,Proprietary  ,4,23,27,4,23,27
02539500,IRVINE VALLEY COLLEGE                   ,CA,92620-0000,Public       ,32,66,98,1613,1728,3341
02542300,NATIONAL HOLISTIC INSTITUTE             ,CA,94608-0000,Proprietary  ,7,6,13,180,461,641
02543400,BROWNSON TECHNICAL SCHOOL               ,CA,92805-0000,Proprietary  ,2,13,15,24,84,108
02545900,HYPNOSIS MOTIVATION INSTITUTE           ,CA,91356-0000,Private      ,0,35,35,4,197,201
02546400,MTI BUSINESS COLLEGE INC                ,CA,95207-0000,Proprietary  ,3,37,40,44,268,312
02549000,KAPLAN COLLEGE                          ,CA,92083-7736,Proprietary  ,40,99,139,489,974,1463
02549005,KAPLAN COLLEGE -  PALM SPRINGS          ,CA,92262-7011,Proprietary  ,20,62,82,237,530,767
02552200,CULVER CITY BEAUTY COLLEGE              ,CA,90230-0000,Proprietary  ,0,0,0,0,1,1
02553500,ASSOCIATED TECHNICAL COLLEGE            ,CA,92101-0000,Proprietary  ,1,7,8,30,131,161
02553600,DIVERSIFIED LANGUAGE INSTITUTE          ,CA,90017-0000,Proprietary  ,0,74,74,10,600,610
02559300,UNITED EDUCATION INSTITUTE              ,CA,90020-0000,Proprietary  ,161,397,558,1289,3096,4385
02559400,INTERCOAST COLLEGES                     ,CA,92868-1656,Proprietary  ,19,158,177,143,1036,1179
02565400,KAPLAN COLLEGE                          ,CA,95207-6216,Proprietary  ,24,63,87,308,788,1096
02570300,LOS ANGELES ORT TECHNICAL INSTITUTE     ,CA,90048-0000,Private      ,22,120,142,129,788,917
02577900,SANTA BARBARA BUSINESS COLLEGE          ,CA,93309-1664,Proprietary  ,16,49,65,258,686,944
02578000,SANTA BARBARA BUSINESS COLLEGE          ,CA,93454-6943,Proprietary  ,10,21,31,109,331,440
02584200,NEWBRIDGE COLLEGE                       ,CA,92701-0000,Proprietary  ,34,127,161,196,722,918
02591600,NORTH-WEST COLLEGE                      ,CA,91101-1744,Proprietary  ,4,7,11,45,95,140
02593100,HEALD COLLEGE                           ,CA,95678-5303,Proprietary  ,18,59,77,395,743,1138
02593200,HEALD COLLEGE                           ,CA,95035-8008,Proprietary  ,15,60,75,444,899,1343
02593300,HEALD COLLEGE                           ,CA,95210-5667,Proprietary  ,16,34,50,524,724,1248
02595600,ASIAN AMERICAN INTERNATIONAL BTY CG     ,CA,92683-4043,Proprietary  ,3,14,17,11,129,140
02597300,SOUTH BAYLO UNIVERSITY                  ,CA,92801-1701,Private      ,1,8,9,7,177,184
02602300,CENTRAL COAST COLLEGE                   ,CA,93901-3301,Proprietary  ,7,11,18,111,212,323
02608900,PINNACLE COLLEGE                        ,CA,91803-8842,Proprietary  ,12,12,24,58,84,142
02609000,EMPERORS COLG OF TRAD ORIENTAL MED      ,CA,90403-5609,Proprietary  ,0,4,4,1,202,203
02612800,LOS ANGELES RECORDING SCHOOL            ,CA,90028-3112,Proprietary  ,16,28,44,585,642,1227
02619300,SAMRA UNIV OF ORIENTAL MEDICINE         ,CA,90015-1019,Private      ,0,4,4,2,116,118
02620300,PLATT COLLEGE                           ,CA,92647-3017,Proprietary  ,1,8,9,82,84,166
03010611,VIRGINIA COLLEGE - GOLF ACADEMY OF AMERI,CA,92008-6512,Proprietary  ,3,6,9,82,115,197
03011300,"CALIF STATE UNIV, SAN MARCOS            ",CA,92096-0001,Public       ,65,58,123,5928,4063,9991
03019900,ADELANTE CAREER INSTITUTE               ,CA,91402-4924,Proprietary  ,3,19,22,33,153,186
03025600,DELL'ARTE SCH OF PHYSICAL THEATRE       ,CA,95525-0816,Private      ,0,0,0,7,31,38
03027700,PACIFIC COLLEGE OF ORIENTAL MED         ,CA,92108-4408,Proprietary  ,0,6,6,18,489,507
03029600,POMONA ADULT SCHOOL                     ,CA,91766-0000,Public       ,5,24,29,54,166,220
03031409,INTERNATIONAL ACADEMY OF DESIGN AND TECH,CA,95834-9664,Proprietary  ,2,2,4,6,5,11
03034000,HEALD COLLEGE                           ,CA,93906-5100,Proprietary  ,15,34,49,448,553,1001
03035700,LAS POSITAS COLLEGE                     ,CA,94551-6750,Public       ,11,33,44,980,1003,1983
03039900,FREMONT COLLEGE                         ,CA,90703-5342,Proprietary  ,4,20,24,71,164,235
03043900,NEWSCHOOL OF ARCHITECTURE & DESIGN      ,CA,92101-6634,Proprietary  ,3,10,13,187,347,534
03044500,KAPLAN COLLEGE                          ,CA,91402-4222,Proprietary  ,12,42,54,119,292,411
03044501,MARIC COLLEGE - PANORAMA CITY           ,CA,91402-4222,Proprietary  ,0,0,0,92,187,279
03052201,COURT REPORTING INSTITUTE-SAN DIEGO     ,CA,92123-1765,Proprietary  ,0,0,0,32,98,130
03054100,ROYALE COLLEGE OF BEAUTY                ,CA,92590-2525,Proprietary  ,7,7,14,64,87,151
03062300,WESTECH COLLEGE                         ,CA,91764-4988,Proprietary  ,15,96,111,61,466,527
03062400,MT DIABLO ADULT EDUC LOMA VISTA CTR     ,CA,94518-1122,Public       ,2,5,7,36,80,116
03062700,PLATT COLLEGE                           ,CA,90041-0000,Proprietary  ,3,6,9,144,187,331
03062701,PLATT COLLEGE                           ,CA,91764-0000,Proprietary  ,6,25,31,256,295,551
03063400,MODERN TECHNOLOGY SCHOOL                ,CA,92708-9821,Proprietary  ,5,28,33,84,281,365
03067400,BALDWIN PARK ADULT SCHOOL               ,CA,91706-4897,Public       ,0,18,18,29,167,196
03067500,INSTITUTE OF TECHNOLOGY                 ,CA,93612-3217,Proprietary  ,95,295,390,792,2424,3216
03069500,SAGE COLLEGE                            ,CA,92557-6720,Proprietary  ,4,8,12,102,404,506
03070400,ITT TECHNICAL INSTITUTE                 ,CA,92408-3519,Proprietary  ,90,116,206,1081,1168,2249
03072300,EVEREST COLLEGE                         ,CA,91761-3222,Proprietary  ,74,268,342,621,1855,2476
03072700,WESTWOOD COLLEGE - LOS ANGELES          ,CA,90010-1577,Proprietary  ,27,38,65,995,819,1814
03074900,MARTINEZ ADULT CENTER                   ,CA,94553-3298,Public       ,0,4,4,2,43,45
03078200,AMERICAN CLG TRADITIONAL CHINESE MD     ,CA,94107-2813,Private      ,0,1,1,1,260,261
03084700,VENTURA ADULT\CONTINUING EDUCATION      ,CA,93003-7313,Public       ,3,18,21,38,141,179
03085400,CAREER WEST ACADEMY                     ,CA,95928-0000,Proprietary  ,0,0,0,0,2,2
03087400,ITT TECHNICAL INSTITUTE                 ,CA,90502-1356,Proprietary  ,65,150,215,915,1638,2553
03087700,ESCUELAS LEICESTER                      ,CA,90015-0000,Proprietary  ,0,0,0,2,13,15
03094400,ELITE PROGRESSIVE SCHOOL OF COSM        ,CA,95841-2909,Proprietary  ,20,25,45,315,317,632
03097700,CENTRAL CALIF SCH CONTINUING EDUC       ,CA,93401-6739,Proprietary  ,0,0,0,38,192,230
03098200,YO SAN UNIV TRADITIONAL CHINESE MED     ,CA,90066-1103,Private      ,0,5,5,1,119,120
03105700,MONTEREY PARK COLLEGE                   ,CA,91754-2416,Proprietary  ,0,0,0,22,25,47
03108100,SUMMIT CAREER COLLEGE                   ,CA,92324-3956,Proprietary  ,30,118,148,512,2057,2569
03109500,DONGGUK ROYAL UNIVERSITY                ,CA,90020-1765,Private      ,0,3,3,0,106,106
03113100,MARIC COLLEGE                           ,CA,92630-0000,Proprietary  ,0,0,0,131,399,530
03113102,MARIC COLLEGE - CARSON                  ,CA,90746-3228,Proprietary  ,0,0,0,95,321,416
03113103,MARIC COLLEGE - RIVERSIDE               ,CA,92507-4223,Proprietary  ,9,17,26,277,691,968
03113105,MARIC COLLEGE - POMONA                  ,CA,91768-2643,Proprietary  ,0,0,0,98,259,357
03113106,MARIC COLLEGE - SAN DIEGO               ,CA,92120-3425,Proprietary  ,0,0,0,85,229,314
03113108,MARIC COLLEGE - IRWINDALE               ,CA,91706-1410,Proprietary  ,0,0,0,0,2,2
03113300,MCED CAREER COLLEGE                     ,CA,93727-1620,Proprietary  ,10,83,93,46,297,343
03113600,SOUTHERN CALIFORNIA INST OF TECHNOL     ,CA,92805-3758,Proprietary  ,6,82,88,64,624,688
03115400,LYLE'S FRESNO COLLEGE OF BEAUTY         ,CA,93710-0000,Proprietary  ,0,0,0,32,9,41
03116600,EAST SAN GABRIEL VLY REG OCCUP PROG     ,CA,91790-2105,Public       ,0,1,1,2,13,15
03123000,SONOMA COLLEGE                          ,CA,94954-7464,Proprietary  ,0,0,0,70,273,343
03125300,JOHN WESLEY INTER. BARBER & BTY CLG     ,CA,90813-4321,Proprietary  ,4,14,18,50,97,147
03125400,ART INSTITUTE OF CALIFORNIA-HOLLYWOOD (T,CA,90010-1014,Proprietary  ,12,14,26,612,452,1064
03125800,PREMIERE CAREER COLLEGE                 ,CA,91706-3746,Proprietary  ,14,29,43,135,412,547
03126800,PACIFICA GRADUATE INSTITUTE             ,CA,93013-0000,Proprietary  ,0,11,11,0,811,811
03128000,SANTA BARBARA CLG OF ORIENTAL MED       ,CA,93101-2430,Proprietary  ,0,0,0,8,66,74
03128700,MT SIERRA COLLEGE                       ,CA,91016-3414,Proprietary  ,8,6,14,378,483,861
03131300,FIVE BRANCHES UNIVERSITY                ,CA,95062-4669,Private      ,0,4,4,21,273,294
03138400,AMERICAN COLLEGE OF MEDICAL TECH        ,CA,90248-1611,Proprietary  ,4,6,10,132,440,572
03144400,AMERICAN CLG OF HEALTH PROFESSIONS      ,CA,92374-0000,Proprietary  ,0,3,3,18,47,65
03150500,VIRGINIA SEWING MACHINES & SCH CTR      ,CA,90015-3535,Proprietary  ,0,18,18,1,99,100
03162300,FOUR-D SUCCESS ACADEMY                  ,CA,92324-4218,Proprietary  ,9,36,45,116,702,818
03163300,PACIFIC STATES UNIVERSITY               ,CA,90006-4298,Private      ,0,0,0,13,23,36
03195400,EVEREST COLLEGE                         ,CA,90501-2867,Proprietary  ,8,29,37,106,178,284
03210300,CALIFORNIA SCHOOL OF CULINARY ARTS      ,CA,91101-5221,Proprietary  ,58,110,168,1542,1597,3139
03225300,AMERICAN UNIVERSITY OF HEALTH SCIENCES  ,CA,90755-3612,Proprietary  ,4,7,11,39,78,117
03242300,CAREER NETWORK INSTITUTE                ,CA,92868-4710,Proprietary  ,14,55,69,166,428,594
03250300,COMMUNITY BASED EDUCATION AND DEVEL     ,CA,90036-1137,Private      ,4,64,68,25,391,416
03260300,CALIFORNIA STATE U-MONTEREY BAY         ,CA,93955-8001,Public       ,6,28,34,3369,1776,5145
03266300,BETHESDA CHRISTIAN UNIVERSITY           ,CA,92801-4132,Private      ,0,0,0,8,36,44
03278300,CLARITA CAREER COLLEGE                  ,CA,91351-5432,Proprietary  ,30,85,115,163,433,596
03282300,KIM ANH ACADEMY OF BEAUTY               ,CA,92683-4605,Proprietary  ,0,0,0,7,122,129
03288300,ACAD CHINESE CULTURE & HEALTH SCIS      ,CA,94512-0000,Private      ,0,3,3,2,115,117
03299300,PACIFIC COLLEGE                         ,CA,92626-3160,Proprietary  ,11,18,29,91,385,476
03308300,KENSINGTON COLLEGE                      ,CA,92705-8708,Proprietary  ,0,5,5,2,24,26
03321300,SCRIPPS RESEARCH INSTITUTE (THE)        ,CA,92037-0000,Private      ,0,0,0,6,23,29
03327400,ACUPUNCTURE AND INTEGRATIVE MEDICINE COL,CA,94704-2724,Private      ,0,6,6,2,161,163
03330300,NEWBRIDGE COLLEGE - BURBANK             ,CA,91754-2416,Proprietary  ,0,0,0,1,4,5
03332300,SOUTHERN CA BIBLE CLG & SEMINARY        ,CA,92019-1109,Private      ,0,2,2,9,174,183
03359300,ST. FRANCIS CAREER COLLEGE              ,CA,90262-2659,Private      ,5,0,5,82,288,370
03367300,PROFESSIONAL GOLFERS CAREER COLLEGE     ,CA,92591-6013,Proprietary  ,3,5,8,103,149,252
03383300,CALIFORNIA RECORDING INSTITUTE          ,CA,94103-3921,Proprietary  ,0,0,0,1,1,2
03392300,CHASE COLLEGE                           ,CA,90010-2501,Proprietary  ,14,49,63,123,235,358
03394300,REMINGTON COLLEGE - SAN DIEGO CAMPUS    ,CA,92108-3002,Proprietary  ,17,81,98,581,1370,1951
03395300,INTERNATIONAL CAREER DEVELOPMENT        ,CA,90027-5794,Proprietary  ,85,265,350,605,1653,2258
03399300,NORTHWESTERN TECHNICAL COLLEGE          ,CA,95670-4443,Proprietary  ,9,35,44,102,344,446
03403300,TRINITY LIFE BIBLE COLLEGE              ,CA,95842-3546,Private      ,3,8,11,72,188,260
03413400,ENGLISH CENTER  (THE)                   ,CA,94607-3734,Private      ,4,27,31,46,209,255
03415300,MEDACOM COLLEGE                         ,CA,94560-0000,Proprietary  ,0,0,0,2,18,20
03427400,CAREER COLLEGES OF AMERICA              ,CA,90280-7420,Proprietary  ,38,200,238,367,1656,2023
03427500,ANTELOPE VALLEY MEDICAL COLLEGE         ,CA,93534-3324,Proprietary  ,24,81,105,177,647,824
03440400,MARIAN HEALTH CAREERS CENTER            ,CA,90010-1728,Proprietary  ,11,14,25,79,150,229
03441400,VALLEY CAREER COLLEGE                   ,CA,92020-3057,Proprietary  ,8,57,65,116,398,514
03455900,VALLECITOS CENTER FOR EMPLOYMENT TR     ,CA,94541-5027,Private      ,0,4,4,13,22,35
03458300,MY LE'S BEAUTY COLLEGE                  ,CA,95824-3039,Proprietary  ,1,14,15,60,179,239
03467300,MARINELLO SCHOOL OF BEAUTY              ,CA,92545-3661,Proprietary  ,7,12,19,68,130,198
03467301,CALIFORNIA BEAUTY COLLEGE - DESERT HOT S,CA,92240-1307,Proprietary  ,0,0,0,3,2,5
03474700,OPPORTUNITIES INDUSTRIALIZATION CEN     ,CA,94025-1413,Private      ,0,0,0,0,8,8
03479300,PROFESSIONAL CAREER INSTITUTE           ,CA,90703-2522,Proprietary  ,3,27,30,58,196,254
03479400,DONALD VOCATIONAL SCHOOL                ,CA,90010-1718,Proprietary  ,1,27,28,6,99,105
03485400,JAMES ALBERT SCHOOL OF COSMETOLOGY      ,CA,92627-3831,Proprietary  ,2,6,8,18,64,82
03485401,JAMES ALBERT SCHOOL OF COSMETOLOGY - ANA,CA,92804-5384,Proprietary  ,0,0,0,2,3,5
03516300,THE KING'S COLLEGE AND SEMINARY         ,CA,91405-2233,Private      ,0,9,9,54,275,329
03532400,ADVANCED TRAINING ASSOCIATES            ,CA,92020-1236,Proprietary  ,0,4,4,4,18,22
03542400,COPPER MOUNTAIN COLLEGE                 ,CA,92252-6102,Public       ,2,16,18,358,1196,1554
03550300,OCCUPATIONAL TRAINING SERVICES          ,CA,92123-1539,Private      ,1,6,7,14,50,64
03577300,COBA ACADEMY                            ,CA,92866-1407,Proprietary  ,5,6,11,64,59,123
03590400,NTMA TRAINING CENTERS OF SOUTHERN C     ,CA,90650-6099,Private      ,15,86,101,70,509,579
03592400,IRELL & MANELLA GRADUATE SCHOOL OF BIOLO,CA,91010-0000,Private      ,0,0,0,1,10,11
03598300,AVALON BEAUTY COLLEGE                   ,CA,93103-3137,Proprietary  ,1,0,1,9,28,37
03602400,INSTITUTE OF NETWORK TECHNOLOGY         ,CA,90755-2274,Proprietary  ,0,0,0,6,17,23
03614300,UNITED BEAUTY COLLEGE                   ,CA,91733-0000,Proprietary  ,1,13,14,15,132,147
03615300,COMMUNITY BUSINESS COLLEGE              ,CA,95356-1569,Proprietary  ,0,2,2,15,39,54
03621300,LIBERTY TRAINING INSTITUTE              ,CA,90057-3202,Proprietary  ,1,20,21,14,201,215
03622300,INTERNATIONAL TECHNOLOGICAL UNIVERS     ,CA,95050-3714,Private      ,0,0,0,0,4,4
03633300,CALIFORNIA LEARNING CENTER              ,CA,92805-3700,Proprietary  ,0,0,0,7,31,38
03636300,HEARTWOOD INSTITUTE                     ,CA,95542-9446,Proprietary  ,0,0,0,15,56,71
03639300,WEST COAST ULTRASOUND INSTITUTE         ,CA,90211-3312,Proprietary  ,5,11,16,99,402,501
03646300,DESIGN'S SCHOOL OF COSMETOLOGY          ,CA,93446-1471,Proprietary  ,12,10,22,50,77,127
03662400,ACADEMY EDUCATION SERVICES              ,CA,93030-7026,Proprietary  ,0,0,0,13,47,60
03681300,CALIFORNIA HEALING ARTS COLLEGE         ,CA,90025-2589,Proprietary  ,4,14,18,40,150,190
03695300,COMMUNITY ENHANCEMENT SERVICES          ,CA,91205-2395,Private      ,0,34,34,8,173,181
03695700,SANTIAGO CANYON COLLEGE                 ,CA,92869-4512,Public       ,15,28,43,1051,796,1847
03696300,UNIVERSITY OF THE WEST                  ,CA,91770-3709,Private      ,0,0,0,0,10,10
03698300,WEST COAST UNIVERSITY                   ,CA,90004-0000,Proprietary  ,1,29,30,56,641,697
03698400,CA COLLEGE OF VOCATIONAL CAREER         ,CA,93301-1800,Proprietary  ,1,15,16,29,114,143
03722300,AMERICAN MEDICAL SCIENCES CENTER        ,CA,91601-3718,Proprietary  ,0,0,0,3,3,6
03736300,ADVANCE BEAUTY COLLEGE                  ,CA,92843-4752,Proprietary  ,10,45,55,28,323,351
03740400,ATI COLLEGE                             ,CA,90650-0000,Proprietary  ,8,18,26,33,126,159
03755300,GATES COLLEGE                           ,CA,90278-0000,Proprietary  ,0,0,0,6,15,21
03759300,COMPUTER TUTOR BUSINESS & TECH INST     ,CA,95356-0000,Proprietary  ,2,19,21,24,151,175
03786300,ADVANCED COLLEGE                        ,CA,90280-5255,Proprietary  ,11,40,51,55,150,205
03797400,CAREER CARE INSTITUTE                   ,CA,93534-4766,Proprietary  ,6,23,29,139,447,586
03806300,LAKE COLLEGE                            ,CA,96002-0926,Proprietary  ,6,58,64,66,392,458
03810300,SILICON VALLEY UNIVERSITY               ,CA,95131-1868,Private      ,0,0,0,18,33,51
03814400,SOKA UNIVERSITY OF AMERICA              ,CA,92656-8081,Private      ,0,0,0,201,26,227
03835300,CONEJO VALLEY ADULT EDUCATION           ,CA,91360-0000,Public       ,0,0,0,0,5,5
03838400,WALTER JAY M.D. INSTITUTE AN EDUCATIONAL,CA,90057-0000,Proprietary  ,1,0,1,15,42,57
03852500,CIT COLLEGE OF INFOMEDICAL TECHNOLOGY   ,CA,92831-3703,Proprietary  ,9,62,71,42,330,372
03853300,KECK GRADUATE INSTITUTE OF APPLIED LIFE ,CA,91711-4817,Private      ,0,0,0,0,66,66
03853400,LADERA CAREER PATHS TRAINING CENTERS    ,CA,90045-1931,Proprietary  ,0,2,2,4,28,32
03868300,WORLD MISSION UNIVERSITY                ,CA,90020-1789,Private      ,0,4,4,2,54,56
03868400,LOS ANGELES MUSIC ACADEMY               ,CA,91105-2540,Proprietary  ,0,3,3,65,65,130
03871300,FOLSOM LAKE COLLEGE                     ,CA,95630-6798,Public       ,11,35,46,858,1406,2264
03874300,CAMBRIDGE CAREER COLLEGE                ,CA,95993-0000,Proprietary  ,2,13,15,18,32,50
03874300,CAMBRIDGE JUNIOR COLLEGE                ,CA,95993-0000,Proprietary  ,0,1,1,0,1,1
03874400,COMMMUNITY CHRISTIAN COLLEGE            ,CA,92373-4465,Private      ,1,0,1,26,28,54
03889300,STANBRIDGE COLLEGE                      ,CA,92612-0000,Proprietary  ,0,8,8,23,77,100
03901300,PACIFIC COAST TRADE SCHOOL              ,CA,93033-2441,Proprietary  ,2,5,7,7,21,28
03904300,QUALITY COLLEGE OF CULINARY CAREERS     ,CA,93727-1615,Proprietary  ,2,5,7,40,79,119
03910400,NATIONAL POLYTECHNIC COLLEGE            ,CA,90040-3066,Proprietary  ,5,14,19,26,120,146
03933300,MUELLER COLLEGE OF HOLISTIC STUDIES     ,CA,92116-2630,Proprietary  ,0,4,4,39,178,217
03959300,CAREER MANAGEMENT INSTITUTE             ,CA,92868-4117,Proprietary  ,0,0,0,0,7,7
03962300,AMERICAN INSTITUTE OF MASSAGE THERAPY   ,CA,92705-5463,Proprietary  ,0,0,0,19,51,70
03964400,INTERNATIONAL SCHOOL OF BEAUTY          ,CA,92260-2740,Proprietary  ,0,6,6,35,67,102
03969400,MEDICAL INSTITUTE                       ,CA,90029-2428,Proprietary  ,0,0,0,20,39,59
03969600,AMERICAN AUTO INSTITUTE                 ,CA,90703-2637,Proprietary  ,6,22,28,42,107,149
03971300,AMERICAN CAREER COLLEGE                 ,CA,91764-4906,Proprietary  ,20,44,64,194,463,657
03973300,EX'PRESSION COLLEGE FOR DIGITAL ARTS    ,CA,94608-1021,Proprietary  ,25,24,49,520,531,1051
03974500,CALIFORNIA CAREER COLLEGE               ,CA,91303-2006,Proprietary  ,6,12,18,27,102,129
03976400,CALIFORNIA INSTITUTE OF THE HEALING ARTS,CA,95825-8551,Proprietary  ,0,1,1,2,19,21
03980300,CALIFORNIA STATE UNIVERSITY CHANNEL ISLA,CA,93012-8599,Public       ,3,3,6,769,584,1353
03995300,UNIVERSITY OF EAST-WEST MEDICINE        ,CA,94087-6106,Proprietary  ,0,2,2,4,48,52
03999300,BEAUMONT ADULT SCHOOL                   ,CA,92223-1927,Public       ,2,13,15,4,43,47
04001300,PALACE BEAUTY COLLEGE                   ,CA,90006-4233,Proprietary  ,0,9,9,15,53,68
04001400,MOJAVE BARBER COLLEGE                   ,CA,92395-3201,Proprietary  ,5,8,13,16,55,71
04003300,CSI CAREER COLLEGE                      ,CA,95687-3100,Proprietary  ,5,15,20,45,159,204
04004300,THUY PRINCESS BEAUTY COLLEGE            ,CA,91766-0000,Proprietary  ,0,0,0,6,19,25
04005300,INTERAMERICAN COLLEGE                   ,CA,91950-4437,Private      ,0,3,3,4,66,70
04011900,AMERICAN COLLEGE OF CALIFORNIA          ,CA,94102-2305,Proprietary  ,0,0,0,11,8,19
04014400,PALLADIUM TECHNICAL ACADEMY             ,CA,91731-2429,Proprietary  ,2,7,9,26,36,62
04037300,LOS ANGELES FILM SCHOOL (THE)           ,CA,90028-7300,Proprietary  ,5,9,14,185,250,435
04049300,MAXINE WATERS EMPLOYMENT PREPARATION CEN,CA,90059-1023,Public       ,0,11,11,3,32,35
04056300,CAREER COLLEGE OF CALIFORNIA            ,CA,92705-5805,Proprietary  ,0,2,2,2,13,15
04057300,TECHSKILLS OF SACRAMENTO                ,CA,95815-4025,Proprietary  ,2,4,6,30,234,264
04076400,GNOMON SCHOOL OF VISUAL EFFECTS         ,CA,90038-2616,Proprietary  ,2,10,12,15,51,66
04092400,MAKE-UP DESIGNORY                       ,CA,91502-1322,Proprietary  ,0,2,2,3,6,9
04109300,ACADEMY OF BARBERING ARTS (THE)         ,CA,91324-3406,Proprietary  ,4,5,9,8,13,21
04111300,WEST HILLS COLLEGE LEMOORE              ,CA,93245-9248,Public       ,11,30,41,11,30,41
04114500,VALLEY COLLEGE OF MEDICAL CAREERS       ,CA,91304-2354,Proprietary  ,3,27,30,5,59,64
04115300,COACHELLA VALLEY BEAUTY COLLEGE         ,CA,92253-2051,Proprietary  ,2,9,11,2,9,11
04115800,MERIDIAN INSTITUTE                      ,CA,90010-3606,Proprietary  ,0,2,2,0,2,2
04116000,VIDEO SYMPHONY ENTERTRAINING            ,CA,91502-3253,Proprietary  ,3,4,7,5,20,25
00184600,BRIAR CLIFF UNIVERSITY                  ,IA,51104-2100,Private      ,0,5,5,1253,471,1724
00184700,BUENA VISTA UNIVERSITY                  ,IA,50588-9987,Private      ,4,74,78,1987,1665,3652
00184800,SOUTHEASTERN COMMUNITY COLLEGE          ,IA,52655-0000,Public       ,22,82,104,1114,1842,2956
00185000,CENTRAL COLLEGE                         ,IA,50219-1999,Private      ,1,0,1,2078,112,2190
00185200,CLARKE COLLEGE                          ,IA,52001-3198,Private      ,0,3,3,989,413,1402
00185400,COE COLLEGE                             ,IA,52402-5092,Private      ,1,2,3,1643,192,1835
00185500,DES MOINES UNIV-OSTEOPATHIC MED CTR     ,IA,50312-0000,Private      ,0,8,8,19,1476,1495
00185600,CORNELL COLLEGE                         ,IA,52314-1098,Private      ,2,0,2,1603,62,1665
00185700,SOUTHWESTERN COMMUNITY COLLEGE          ,IA,50801-1098,Public       ,6,23,29,592,603,1195
00185800,DIVINE WORD COLLEGE                     ,IA,52045-0380,Private      ,1,1,2,18,20,38
00185900,DORDT COLLEGE                           ,IA,51250-1697,Private      ,3,0,3,1194,110,1304
00186000,DRAKE UNIVERSITY                        ,IA,50311-4505,Private      ,3,24,27,3765,2247,6012
00186200,ELLSWORTH COMMUNITY COLLEGE             ,IA,50126-1199,Public       ,6,15,21,618,295,913
00186400,IOWA LAKES COMMUNITY COLLEGE            ,IA,51334-2234,Public       ,11,45,56,1268,1080,2348
00186500,IOWA CENTRAL COMMUNITY COLLEGE          ,IA,50501-0000,Public       ,15,71,86,2074,1663,3737
00186600,GRACELAND UNIVERSITY                    ,IA,50140-1699,Private      ,2,42,44,1023,1030,2053
00186700,GRAND VIEW UNIVERSITY                   ,IA,50316-1599,Private      ,5,22,27,1312,993,2305
00186800,GRINNELL COLLEGE                        ,IA,50112-1690,Private      ,1,0,1,2082,26,2108
00186900,IOWA STATE UNIV SCIENCE & TECHNOLOG     ,IA,50011-2028,Public       ,47,68,115,17717,4908,22625
00187100,IOWA WESLEYAN COLLEGE                   ,IA,52641-1398,Private      ,1,9,10,589,431,1020
00187300,LORAS COLLEGE                           ,IA,52004-0178,Private      ,1,1,2,1932,203,2135
00187400,LUTHER COLLEGE                          ,IA,52101-1045,Private      ,1,0,1,2815,102,2917
00187500,MARSHALLTOWN COMMUNITY COLLEGE          ,IA,50158-4760,Public       ,5,34,39,607,785,1392
00187700,NORTH IOWA AREA COMMUNITY COLLEGE       ,IA,50401-7299,Public       ,17,29,46,1481,1054,2535
00187900,MORNINGSIDE COLLEGE                     ,IA,51106-1751,Private      ,1,21,22,1590,361,1951
00188000,MOUNT MERCY COLLEGE                     ,IA,52402-4797,Private      ,1,10,11,1133,632,1765
00188100,ASHFORD UNIVERSITY                      ,IA,52732-3997,Proprietary  ,88,2219,2307,672,9458,10130
00188300,NORTHWESTERN COLLEGE                    ,IA,51041-1996,Private      ,0,1,1,1607,97,1704
00188700,SIMPSON COLLEGE                         ,IA,50125-1297,Private      ,2,19,21,2178,528,2706
00188900,ST AMBROSE UNIVERSITY                   ,IA,52803-2898,Private      ,8,33,41,2516,1359,3875
00189000,UNIVERSITY OF NORTHERN IOWA             ,IA,50614-0705,Public       ,31,98,129,9777,3005,12782
00189100,UNIVERSITY OF DUBUQUE                   ,IA,52001-5099,Private      ,5,7,12,1520,519,2039
00189200,UNIVERSITY OF IOWA                      ,IA,52242-1316,Public       ,44,112,156,16572,8858,25430
00189300,UPPER IOWA UNIVERSITY                   ,IA,52142-9206,Private      ,18,182,200,1312,3842,5154
00189400,VENNARD COLLEGE                         ,IA,52595-0029,Private      ,0,0,0,71,35,106
00189500,WALDORF COLLEGE                         ,IA,50436-1700,Private      ,1,0,1,683,81,764
00189600,WARTBURG COLLEGE                        ,IA,50677-2200,Private      ,1,1,2,2361,77,2438
00189700,WARTBURG THEOLOGICAL SEMINARY           ,IA,52004-5004,Private      ,0,1,1,1,150,151
00190000,WILLIAM PENN UNIVERSITY                 ,IA,52577-1799,Private      ,8,78,86,1050,1633,2683
00396300,AIB COLLEGE OF BUSINESS                 ,IA,50321-1799,Private      ,7,12,19,722,539,1261
00407500,ESTRN IOWA COMMUNITY COLLEGE DIST       ,IA,52801-1221,Public       ,0,5,5,49,95,144
00407501,CLINTON COMMUNITY COLLEGE               ,IA,52732-0000,Public       ,4,21,25,402,614,1016
00407502,MUSCATINE COMMUNITY COLLEGE             ,IA,52761-0000,Public       ,6,18,24,412,525,937
00407503,SCOTT COMMUNITY COLLEGE                 ,IA,52722-0000,Public       ,15,62,77,1209,2478,3687
00407600,KIRKWOOD COMMUNITY COLLEGE              ,IA,52406-2068,Public       ,66,263,329,6745,6046,12791
00423300,MERCY/ST. LUKE'S SCH RAD TECH           ,IA,52402-0000,Private      ,1,0,1,17,18,35
00458600,KAPLAN UNIVERSITY                       ,IA,52807-2095,Proprietary  ,457,7514,7971,4102,66527,70629
00458604,KAPLAN UNIVERSITY - CEDAR RAPIDS        ,IA,52404-2998,Proprietary  ,11,35,46,240,922,1162
00458605,KAPLAN UNIVERSITY - DES MOINES          ,IA,50323-5702,Proprietary  ,17,56,73,369,1061,1430
00458606,KAPLAN UNIVERSITY - MASON CITY          ,IA,50401-4665,Proprietary  ,4,17,21,175,580,755
00458607,KAPLAN UNIVERSITY - CEDAR FALLS         ,IA,50613-6309,Proprietary  ,7,26,33,262,930,1192
00458610,KAPLAN UNIVERSITY - COUNCIL BLUFFS      ,IA,51503-5289,Proprietary  ,6,27,33,112,486,598
00458700,NORTHEAST IOWA COMMUNITY COLLEGE        ,IA,52132-0400,Public       ,22,32,54,701,783,1484
00458701,NORTHEAST IOWA COMMUNITY COLLEGE        ,IA,52068-0000,Public       ,15,38,53,1027,1153,2180
00459500,HAWKEYE COMMUNITY COLLEGE               ,IA,50701-0000,Public       ,28,110,138,2882,2756,5638
00459800,IOWA WESTERN CMTY CLG-COUNCIL BLUFF     ,IA,51502-0000,Public       ,16,67,83,2136,2015,4151
00460000,NORTHWEST IOWA COMMUNITY COLLEGE        ,IA,51201-1046,Public       ,3,7,10,464,330,794
00626700,IOWA METHODIST MEDICAL CENTER SCHOOLS   ,IA,50309-1499,Private      ,0,0,0,20,37,57
00627300,MERCY COLLEGE OF HEALTH SCIENCES        ,IA,50309-1239,Private      ,7,18,25,446,639,1085
00712000,DES MOINES AREA CMTY COLLEGE            ,IA,50021-0000,Public       ,68,227,295,5146,6446,11592
00712100,FAITH BAPTIST BIBLE CLG & THEOL SEM     ,IA,50021-0000,Private      ,1,0,1,314,88,402
00729100,ST LUKE'S COLLEGE                       ,IA,51104-0263,Private      ,2,1,3,139,102,241
00731600,WESTERN IOWA TECH COMMUNITY COLLEGE     ,IA,51106-0000,Public       ,24,87,111,1244,2603,3847
00758800,CAPRI COLLEGE                           ,IA,52004-0873,Proprietary  ,1,2,3,261,237,498
00761100,EQ SCHOOL OF HAIR DESIGN                ,IA,51503-0813,Proprietary  ,3,6,9,55,68,123
00765600,AMERICAN COLLEGE OF HARISTYLING -CR     ,IA,52402-0000,Proprietary  ,0,3,3,12,24,36
00765800,AMER COLL OF HAIRSTYLING-DES MOINES     ,IA,50309-5446,Proprietary  ,0,5,5,11,53,64
00765900,LA JAMES COLLEGE OF HAIRSTYLING         ,IA,50401-3308,Proprietary  ,4,5,9,77,80,157
00771700,CAPRI COLLEGE                           ,IA,52807-2622,Proprietary  ,0,0,0,29,26,55
00794100,COLLEGE OF HAIR DESIGN                  ,IA,50703-1834,Proprietary  ,1,6,7,32,91,123
00811600,DAYTON'S SCHOOL OF HAIR DESIGN          ,IA,52601-0000,Proprietary  ,0,2,2,9,38,47
00826000,IOWA SCHOOL OF BEAUTY INC               ,IA,50322-0000,Proprietary  ,4,24,28,80,149,229
00840300,INDIAN HILLS COMMUNITY COLLEGE          ,IA,52501-1398,Public       ,36,77,113,1692,1917,3609
00840301,INDIAN HILLS COMMUNITY COLLEGE          ,IA,52544-0000,Public       ,10,21,31,261,322,583
00842400,LA JAMES INTERNATIONAL COLLEGE          ,IA,50501-5577,Proprietary  ,2,4,6,63,70,133
00959300,LA'JAMES COLLEGE OF HAIRSTYLING         ,IA,52240-0000,Proprietary  ,8,4,12,92,47,139
01111300,MAHARISHI UNIV OF MANAGEMENT            ,IA,52557-0001,Private      ,0,2,2,132,155,287
01206400,HAMILTON TECHNICAL COLLEGE              ,IA,52807-2653,Proprietary  ,8,38,46,129,343,472
01230000,PALMER COLLEGE OF CHIROPRACTIC          ,IA,52803-5287,Private      ,0,5,5,105,2472,2577
01300600,LA' JAMES INTERNATIONAL COLLEGE-CF      ,IA,50613-5242,Proprietary  ,8,4,12,88,72,160
02090300,CAPRI COLLEGE                           ,IA,52404-0000,Proprietary  ,0,2,2,41,15,56
02132000,LA JAMES COLLEGE OF HAIRSTYLING         ,IA,50703-0000,Proprietary  ,0,0,0,0,1,1
02134500,LA JAMES INTERNATIONAL COLLEGE - DAV    ,IA,52806-3952,Proprietary  ,4,4,8,52,66,118
02160900,"SALON PROFESSIONAL ACADEMY, THE         ",IA,50010-0000,Proprietary  ,2,0,2,119,39,158
02262500,FAUST INSTITUTE OF COSMETOLOGY          ,IA,50588-0000,Proprietary  ,0,2,2,27,44,71
02274100,LA' JAMES INTERNATIONAL COLLEGE - DM    ,IA,50131-0000,Proprietary  ,8,10,18,151,168,319
02289000,AMERICAN HAIR ACADEMY                   ,IA,52627-4530,Proprietary  ,5,2,7,17,17,34
02306900,IOWA SCHOOL OF BEAUTY                   ,IA,52501-0000,Proprietary  ,2,7,9,33,61,94
02328900,EMMAUS BIBLE COLLEGE                    ,IA,52001-0000,Private      ,0,0,0,189,52,241
02330900,IOWA SCHOOL OF BEAUTY                   ,IA,50158-0000,Proprietary  ,0,1,1,15,31,46
02333200,DAYTON'S SCHOOL OF HAIR DESIGN          ,IA,52632-0000,Proprietary  ,0,2,2,4,12,16
02572500,DAVENPORT BARBER STYLING COLLEGE        ,IA,52807-0000,Proprietary  ,0,1,1,7,21,28
02609200,VATTEROTT COLLEGE                       ,IA,50321-4704,Proprietary  ,14,41,55,98,434,532
03069100,ALLEN COLLEGE                           ,IA,50703-1916,Private      ,1,1,2,295,237,532
03441300,IOWA SCHOOL OF BEAUTY                   ,IA,51106-5111,Proprietary  ,2,3,5,38,58,96
03607400,TOTAL LOOK SCHOOL OF COSMETOLOGY AND MAS,IA,52136-1053,Proprietary  ,2,1,3,6,12,18
04089300,BIO-CHI INSTITUTE OF MASSAGE THERAPY    ,IA,51103-2138,Proprietary  ,6,6,12,6,6,12
00259600,ATLANTIC COMMUNITY COLLEGE              ,NJ,08330-2699,Public       ,38,58,96,2605,3343,5948
00259700,BLOOMFIELD COLLEGE                      ,NJ,07003-3425,Private      ,4,13,17,2277,1388,3665
00259800,CALDWELL COLLEGE                        ,NJ,07006-6195,Private      ,5,25,30,1271,739,2010
00259900,CENTENARY COLLEGE                       ,NJ,07840-2184,Private      ,5,26,31,1359,920,2279
00260000,COLLEGE OF SAINT ELIZABETH              ,NJ,07960-6989,Private      ,3,13,16,689,548,1237
00260100,CUMBERLAND COUNTY COLLEGE               ,NJ,08362-0517,Public       ,15,16,31,1414,1706,3120
00260300,DREW UNIVERSITY                         ,NJ,07940-4063,Private      ,3,5,8,2668,512,3180
00260700,FAIRLEIGH DICKINSON UNIV-TEANECK        ,NJ,07666-1996,Private      ,9,32,41,2573,1873,4446
00260701,FAIRLEIGH DICKINSON UNIV-FLORHAM        ,NJ,07940-0000,Private      ,2,3,5,2271,546,2817
00260702,FAIRLEIGH DICKINSON UNIV-ED WMS CLG     ,NJ,07601-0000,Private      ,2,2,4,100,79,179
00260703,FAIRLEIGH DICKINSON UNIVERSITY          ,NJ,07940-0000,Private      ,0,10,10,1379,539,1918
00260800,GEORGIAN COURT UNIVERSITY               ,NJ,08701-2697,Private      ,4,25,29,1235,1458,2693
00260900,ROWAN UNIVERSITY                        ,NJ,08028-1702,Public       ,21,47,68,10078,3022,13100
00261000,FELICIAN COLLEGE                        ,NJ,07644-2198,Private      ,10,29,39,1249,791,2040
00261300,NEW JERSEY CITY UNIVERSITY              ,NJ,07305-1597,Public       ,12,46,58,3988,4054,8042
00261500,MIDDLESEX COUNTY COLLEGE                ,NJ,08818-3050,Public       ,59,76,135,4309,3079,7388
00261600,MONMOUTH UNIVERSITY                     ,NJ,07764-1898,Private      ,9,11,20,6029,1966,7995
00261700,MONTCLAIR STATE UNIVERSITY              ,NJ,07043-9987,Public       ,44,50,94,12001,4824,16825
00261900,NEW BRUNSWICK THEOLOGICAL SEMINARY      ,NJ,08901-0000,Private      ,0,1,1,14,104,118
00262100,NEW JERSEY INST OF TECHNOLOGY           ,NJ,07102-1982,Public       ,12,12,24,3748,1822,5570
00262200,KEAN UNIVERSITY                         ,NJ,07083-7131,Public       ,29,44,73,8094,5248,13342
00262400,OCEAN COUNTY COLLEGE                    ,NJ,08754-2001,Public       ,20,29,49,3222,2072,5294
00262500,WILLIAM PATERSON UNIVERSITY             ,NJ,07470-2152,Public       ,20,28,48,7586,2968,10554
00262600,PRINCETON THEOLOGICAL SEMINARY          ,NJ,08542-0000,Private      ,0,4,4,2,538,540
00262700,PRINCETON UNIVERSITY                    ,NJ,08544-0001,Private      ,8,16,24,8812,1082,9894
00262800,RIDER UNIVERSITY                        ,NJ,08648-3099,Private      ,8,21,29,5181,1376,6557
00262900,"RUTGERS, THE STATE UNIVERSITY OF NJ     ",NJ,08901-1281,Public       ,93,154,247,34037,16073,50110
00263200,SETON HALL UNIVERSITY                   ,NJ,07079-2697,Private      ,10,21,31,6054,2727,8781
00263201,SETON HALL UNIVERSITY - SCHOOL OF LAW   ,NJ,07079-5210,Private      ,1,4,5,140,1754,1894
00263800,ST PETER'S COLLEGE                      ,NJ,07306-5997,Private      ,15,25,40,3069,985,4054
00263900,STEVENS INSTITUTE OF TECHNOLOGY         ,NJ,07030-5370,Private      ,3,9,12,2304,470,2774
00264200,COLLEGE OF NEW JERSEY (THE)             ,NJ,08628-0718,Public       ,15,35,50,7990,1044,9034
00264300,UNION COUNTY COLLEGE                    ,NJ,07016-1598,Public       ,33,76,109,3530,4861,8391
00473600,BERGEN COMMUNITY COLLEGE                ,NJ,07652-1595,Public       ,29,53,82,4711,3262,7973
00474000,MERCER COUNTY COMMUNITY COLLEGE         ,NJ,08690-0000,Public       ,13,61,74,2198,3301,5499
00539900,MONMOUTH COUNTY VOCATIONAL SCH DIST     ,NJ,07728-5033,Public       ,0,0,0,36,54,90
00545200,TETERBORO SCH OF AERONAUTICS            ,NJ,07608-1083,Proprietary  ,2,2,4,68,71,139
00546000,SOMERSET COUNTY TECHNICAL INSTITUTE     ,NJ,08807-0350,Public       ,1,1,2,33,93,126
00546100,SALEM COMMUNITY COLLEGE                 ,NJ,08069-2799,Public       ,3,12,15,385,599,984
00641000,C E GREGORY SCHOOL OF NURSING           ,NJ,08857-0000,Private      ,0,0,0,71,94,165
00641700,HOLY NAME HOSPITAL SCH OF NURSING       ,NJ,07666-4254,Private      ,0,0,0,74,122,196
00642000,MOUNTAINSIDE HOSP SCH NRSG              ,NJ,07042-4898,Proprietary  ,1,2,3,49,156,205
00642100,MUHLENBERG SNYDER SCHOOLS               ,NJ,07061-3399,Private      ,0,5,5,121,395,516
00642900,ST FRANCIS MEDICAL CTR SCH NURSING      ,NJ,08629-1986,Private      ,0,0,0,14,38,52
00642902,ST FRANCIS MED CTR RAD TECH             ,NJ,08629-0000,Private      ,0,0,0,4,11,15
00686500,CAMDEN COUNTY COLLEGE                   ,NJ,08012-3240,Public       ,44,158,202,4617,5699,10316
00690100,GLOUCESTER COUNTY COLLEGE               ,NJ,08080-4249,Public       ,14,38,52,2169,1817,3986
00710700,ESSEX COUNTY COLLEGE                    ,NJ,07102-1798,Public       ,36,103,139,4019,5821,9840
00750200,BERKELEY COLLEGE                        ,NJ,07424-3367,Proprietary  ,8,7,15,1333,1115,2448
00750201,BERKELEY COLLEGE                        ,NJ,07095-0000,Proprietary  ,1,3,4,514,379,893
00750202,BERKELEY COLLEGE - PARAMUS              ,NJ,07652-2931,Proprietary  ,2,2,4,457,292,749
00750600,LINCOLN TECHNICAL INSTITUTE             ,NJ,07083-5032,Proprietary  ,92,108,200,1214,1227,2441
00750601,LINCOLN TECHNICAL INSTITUTE             ,NJ,07430-0000,Proprietary  ,30,43,73,787,621,1408
00750700,GIBBS COLLEGE                           ,NJ,07039-1611,Proprietary  ,21,29,50,978,1393,2371
00750701,KATHARINE GIBBS - PISCATAWAY            ,NJ,08854-0000,Proprietary  ,7,7,14,450,592,1042
00759300,PARISIAN BEAUTY ACADEMY                 ,NJ,07601-5509,Proprietary  ,2,12,14,80,154,234
00772900,COUNTY COLLEGE OF MORRIS                ,NJ,07869-0000,Public       ,17,29,46,2301,1193,3494
00773000,BURLINGTON COUNTY COLLEGE               ,NJ,08068-1599,Public       ,25,76,101,2313,2405,4718
00773100,RARITAN VALLEY COMMUNITY COLLEGE        ,NJ,08876-1265,Public       ,16,46,62,1258,1117,2375
00794700,BETH MEDRASH GOVOHA OF AMERICA          ,NJ,08701-0000,Private      ,145,161,306,460,1645,2105
00840400,BROOKDALE COMMUNITY COLLEGE             ,NJ,07738-1597,Public       ,36,63,99,4110,3085,7195
00844101,ANTHEM INSTITUTE                        ,NJ,08002-0000,Proprietary  ,0,0,0,9,15,24
00849400,HO HO KUS SCHL OF TRADE & TECH SCIENCES ,NJ,07513-1402,Proprietary  ,4,20,24,44,145,189
00860900,RABBINICAL COLLEGE OF AMERICA           ,NJ,07960-3600,Private      ,17,1,18,93,7,100
00907800,CAPRI INSTITUTE OF HAIR DESIGN          ,NJ,07011-2111,Proprietary  ,5,9,14,64,95,159
00934400,RAMAPO COLLEGE OF NEW JERSEY            ,NJ,07430-1680,Public       ,9,2,11,4730,817,5547
00934500,RICHARD STOCKTON COLLEGE OF NJ          ,NJ,08240-0195,Public       ,15,13,28,5615,2193,7808
00999400,PASSAIC COUNTY COMMUNITY COLLEGE        ,NJ,07505-1179,Public       ,32,84,116,2465,3329,5794
01039400,UNIV OF MEDICINE & DENTISTRY OF NJ      ,NJ,07107-0000,Public       ,3,70,73,190,4016,4206
01062900,P B COSMETOLOGY EDUCATION CENTRE        ,NJ,08030-1750,Proprietary  ,5,2,7,110,97,207
01085100,ANTHEM INSTITUTE                        ,NJ,07054-3409,Proprietary  ,54,108,162,881,1589,2470
01085101,ANTHEM INSTITUTE                        ,NJ,07306-0000,Proprietary  ,1,2,3,33,54,87
01085102,ANTHEM INSTITUTE                        ,NJ,08902-0000,Proprietary  ,1,2,3,32,35,67
01090300,RIZZIERI INSTITUTE                      ,NJ,08043-4600,Proprietary  ,1,5,6,94,80,174
01152300,MORRIS COUNTY SCHOOL OF TECHNOLOGY      ,NJ,07834-0000,Public       ,0,0,0,25,32,57
01170800,NATURAL MOTION INST OF HAIR DESIGN      ,NJ,07306-5496,Proprietary  ,4,6,10,38,98,136
01198900,TALMUDICAL ACADEMY                      ,NJ,07710-0000,Private      ,0,0,0,40,1,41
01209000,REIGNBOW BEAUTY ACADEMY                 ,NJ,08861-4118,Proprietary  ,6,19,25,52,186,238
01234600,DOVER BUSINESS COLLEGE                  ,NJ,07011-2161,Proprietary  ,2,3,5,113,371,484
01234602,DOVER BUSINESS COLLEGE                  ,NJ,07801-4643,Proprietary  ,0,2,2,62,255,317
01246100,LINCOLN TECHNICAL INSTITUTE             ,NJ,08820-2896,Proprietary  ,21,44,65,296,466,762
01246102,LINCOLN TECHNICAL INSTITUTE             ,NJ,08054-0000,Proprietary  ,10,52,62,259,513,772
01246103,LINCOLN TECHNICAL INSTITUTE             ,NJ,07652-2106,Proprietary  ,23,43,66,326,596,922
01246200,HOHOKUS - HACKENSACK SCHOOL OF BUSINESS ,NJ,07601-7197,Proprietary  ,5,30,35,134,564,698
01295400,HUDSON COUNTY COMMUNITY COLLEGE         ,NJ,07306-4012,Public       ,28,50,78,3441,4343,7784
02053700,EASTWICK COLLEGE                        ,NJ,07446-0000,Proprietary  ,5,49,54,169,580,749
02061800,ROMAN ACADEMY OF BEAUTY CULTURE         ,NJ,07506-0000,Proprietary  ,0,6,6,38,53,91
02092300,HOHOKUS SCHOOL - RETS/NUTLEY            ,NJ,07110-0000,Proprietary  ,13,40,53,156,348,504
02103700,CAPRI INSTITUTE OF HAIR DESIGN          ,NJ,07652-0000,Proprietary  ,4,3,7,83,85,168
02104000,HARRIS SCHOOL OF BUSINESS               ,NJ,08002-2983,Proprietary  ,31,160,191,181,1092,1273
02131100,DU CRET SCHOOL OF THE ARTS              ,NJ,07060-0000,Private      ,1,0,1,21,9,30
02131600,PENNCO TECH                             ,NJ,08012-0000,Proprietary  ,7,21,28,364,509,873
02132300,BERDAN INSTITUTE                        ,NJ,07512-0000,Proprietary  ,9,20,29,188,403,591
02146800,JOE KUBERT SCH OF CARTOON & GRAPHIC     ,NJ,07801-0000,Proprietary  ,0,0,0,63,51,114
02149800,EMPIRE BEAUTY SCHOOL                    ,NJ,08021-0000,Proprietary  ,5,19,24,116,291,407
02149801,EMPIRE BEAUTY SCHOOL - BORDENTOWN       ,NJ,08505-1513,Proprietary  ,0,0,0,5,7,12
02154000,DIVERS ACAD OF EASTERN SEABOARD         ,NJ,08081-1139,Proprietary  ,9,9,18,79,138,217
02183600,CAPRI INSTITUTE OF HAIR DESIGN          ,NJ,07033-0000,Proprietary  ,7,6,13,66,89,155
02186700,HARRISON CAREER INSTITUTE               ,NJ,08075-0000,Proprietary  ,0,0,0,10,37,47
02186703,HARRISON CAREER INSTITUTE               ,NJ,08096-0000,Proprietary  ,0,0,0,20,105,125
02186707,HARRISON CAREER INSTITUTE               ,NJ,07079-0000,Proprietary  ,0,0,0,3,7,10
02186708,HARRISON CAREER INSTITUTE               ,NJ,07376-0000,Proprietary  ,0,0,0,28,84,112
02186709,HARRISON CAREER INSTITUTE               ,NJ,07011-0000,Proprietary  ,0,0,0,1,0,1
02192200,THOMAS EDISON STATE COLLEGE             ,NJ,08608-0000,Public       ,2,74,76,189,3196,3385
02219600,OMEGA INSTITUTE                         ,NJ,08109-0000,Proprietary  ,3,28,31,80,202,282
02223700,NEW HORIZON INST OF COSMETOLOGY         ,NJ,07093-0000,Proprietary  ,1,18,19,16,115,131
02223900,DRAKE COLLEGE OF BUSINESS               ,NJ,07201-0000,Proprietary  ,22,215,237,176,1338,1514
02232500,UNION COUNTY VOCATIONAL TECH INST       ,NJ,07076-0000,Public       ,2,3,5,56,73,129
02234600,SHORE BEAUTY SCHOOL                     ,NJ,08232-0000,Proprietary  ,0,4,4,25,43,68
02246000,ROSS UNIVERSITY - MEDICAL SCHOOL        ,NJ,08837-0000,Proprietary  ,0,46,46,15,3608,3623
02248600,COOPER HEALTH SYS-CTR ALLIED HEALTH     ,NJ,08103-0000,Private      ,0,1,1,30,61,91
02252700,CONCORDE SCHOOL OF HAIR DESIGN          ,NJ,07712-0000,Proprietary  ,8,22,30,106,271,377
02261800,EUROPEAN ACADEMY OF COSMETOLOGY         ,NJ,07083-0000,Proprietary  ,5,6,11,53,132,185
02265500,CAPRI INSTITUTE OF HAIR DESIGN          ,NJ,08724-0000,Proprietary  ,1,7,8,86,121,207
02277900,ROSS UNIV - SCH OF VETERINARY MED       ,NJ,08837-0000,Proprietary  ,1,21,22,6,904,910
02291000,LINCOLN TECHNICAL INSTITUTE             ,NJ,07080-2424,Proprietary  ,4,5,9,119,72,191
02301900,ALLIED MEDICAL AND TECHNICAL INSTITUTE  ,NJ,07470-3017,Proprietary  ,0,0,0,0,1,1
02312000,BERGEN COUNTY TECHNICAL SCHOOLS         ,NJ,07601-6110,Public       ,1,2,3,35,55,90
02344200,EMPIRE BEAUTY SCHOOL                    ,NJ,08002-0000,Proprietary  ,1,4,5,90,159,249
02503900,WARREN COUNTY COMMUNITY COLLEGE         ,NJ,07882-0000,Public       ,5,9,14,407,393,800
02523700,OCEAN COUNTY VOCATIONAL-TECH SCHOOL     ,NJ,08753-0000,Public       ,0,1,1,77,158,235
02525900,ARTISTIC ACADEMY OF HAIR DESIGN         ,NJ,07950-1409,Proprietary  ,0,2,2,83,69,152
02528200,REIGNBOW BEAUTY ACADEMY                 ,NJ,07060-0000,Proprietary  ,2,4,6,28,89,117
02539903,STAR TECHNICAL INSTITUTE-EGG HARBOR     ,NJ,08234-0000,Proprietary  ,7,47,54,66,346,412
02558700,PRISM CAREER INSTITUTE                  ,NJ,08037-0000,Proprietary  ,14,117,131,124,591,715
02558702,ACADEMY OF COMPUTER CAREERS             ,NJ,08080-0000,Proprietary  ,0,0,0,3,7,10
02568800,SUSSEX COUNTY COMMUNITY COLLEGE         ,NJ,07860-1149,Public       ,8,8,16,985,647,1632
02586800,HARRISON CAREER INSTITUTE               ,NJ,08360-6210,Proprietary  ,0,0,0,23,115,138
02586801,HARRISON CAREER INSTITUTE               ,NJ,07755-0000,Proprietary  ,0,0,0,16,45,61
02586900,HARRIS SCHOOL OF BUSINESS               ,NJ,08084-1520,Proprietary  ,4,28,32,42,258,300
02586901,STAR TECHNICAL INSTITUTE - LAKEWOOD     ,NJ,08701-0000,Proprietary  ,6,38,44,67,374,441
02615401,STAR TECHNICAL INSTITUTE -              ,NJ,07102-4599,Proprietary  ,5,53,58,54,453,507
02616402,SANFORD-BROWN INSTITUTE - ISELIN        ,NJ,08830-0000,Proprietary  ,21,89,110,338,1155,1493
03077500,RABBI JACOB JOSEPH SCHOOL               ,NJ,08817-4494,Private      ,1,0,1,8,0,8
03085201,HARRISON CAREER INSTITUTE               ,NJ,08648-0000,Proprietary  ,0,0,0,20,105,125
03122600,EASTERN INTERNATIONAL COLLEGE           ,NJ,07306-3906,Proprietary  ,22,43,65,167,406,573
03187300,STENOTECH CAREER INSTITUTE              ,NJ,07004-3490,Proprietary  ,2,0,2,35,78,113
03197300,INSTITUTE FOR HEALTH EDUCATION(THE)     ,NJ,07306-2929,Proprietary  ,0,0,0,4,16,20
03324300,CENTRAL CAREER SCHOOL                   ,NJ,07080-2408,Proprietary  ,1,10,11,5,66,71
03389300,ACADEMY OF MASSAGE THERAPY              ,NJ,07631-0000,Proprietary  ,1,3,4,20,96,116
03424500,NEW COMMUNITY WORKFORCE DEVELOPMENT     ,NJ,07103-2402,Private      ,4,66,70,45,448,493
03530300,"KEY SKILLS LEARNING, INC.               ",NJ,07013-1900,Proprietary  ,2,7,9,3,38,41
03536300,INSTITUTE FOR THERAPEUTIC MASSAGE       ,NJ,07420-1452,Proprietary  ,4,21,25,39,183,222
03574400,CORTIVA INSTITUTE - SOMERSET SCHOOL OF M,NJ,08854-3908,Proprietary  ,2,5,7,36,100,136
03625300,PERFORMANCE TRAINING INSTITUTE          ,NJ,08753-0000,Proprietary  ,0,0,0,2,7,9
03629300,HELMA INSTITUTE OF MASSAGE THERAPY      ,NJ,07663-6200,Proprietary  ,4,21,25,39,169,208
03650600,PC AGE                                  ,NJ,07306-3936,Proprietary  ,0,4,4,22,80,102
03650603,PC AGE                                  ,NJ,08817-2842,Proprietary  ,1,0,1,19,71,90
03666300,SOMERSET CHRISTIAN COLLEGE              ,NJ,08890-9035,Private      ,1,0,1,20,85,105
03769300,PC TECH LEARNING CENTER                 ,NJ,07306-9900,Proprietary  ,5,64,69,23,276,299
03803300,HEALTHCARE TRAINING INSTITUTE           ,NJ,07083-3504,Proprietary  ,3,15,18,44,173,217
03811300,EASTERN SCHOOL OF ACUPUNCTURE AND TRADIT,NJ,07042-3562,Proprietary  ,0,4,4,4,48,52
04081300,BAIS MEDRASH TORAS CHESED               ,NJ,08701-0000,Private      ,3,1,4,22,1,23
        ,BROOKLYN LAW SCHOOL                     ,NY,11201-0000,Private      ,0,15,15,37,3199,3236
00266500,VAUGHN COLLEGE OF AERONAUTICS AND TECHNO,NY,11369-9997,Private      ,6,2,8,718,482,1200
00266600,ADELPHI UNIVERSITY                      ,NY,11530-4299,Private      ,10,37,47,5521,4260,9781
00266700,DOWLING COLLEGE                         ,NY,11769-1999,Private      ,12,35,47,2256,2383,4639
00266800,ALFRED UNIVERSITY                       ,NY,14802-1205,Private      ,0,2,2,2704,514,3218
00266900,BANK STREET COLLEGE OF EDUCATION        ,NY,10025-0000,Private      ,0,13,13,5,814,819
00267100,BARD COLLEGE                            ,NY,12504-5000,Private      ,0,3,3,2413,481,2894
00267800,BRYANT & STRATTON COLLEGE               ,NY,14203-1713,Proprietary  ,80,316,396,1372,5117,6489
00267803,BRYANT & STRATTON COLLEGE - GREECE      ,NY,14606-4227,Proprietary  ,25,62,87,268,955,1223
00267805,BRYANT & STRATTON COLLEGE - SYRACUSE    ,NY,13203-2502,Proprietary  ,25,98,123,692,1616,2308
00267807,BRYANT & STRATTON COLLEGE - ALBANY      ,NY,12205-5230,Proprietary  ,14,37,51,258,631,889
00268100,CANISIUS COLLEGE                        ,NY,14208-1098,Private      ,5,22,27,4375,1362,5737
00268300,SEMINARY OF THE IMMACULATE CONCEPT      ,NY,11743-0000,Private      ,0,0,0,0,1,1
00268500,CAZENOVIA COLLEGE                       ,NY,13035-1085,Private      ,1,2,3,1432,127,1559
00268700,CUNY-BROOKLYN COLLEGE                   ,NY,11210-2814,Public       ,62,55,117,10824,7394,18218
00268800,CITY COLLEGE-CUNY                       ,NY,10031-9198,Public       ,44,53,97,10038,5852,15890
00268900,CUNY-HUNTER COLLEGE                     ,NY,10021-0000,Public       ,84,84,168,16351,9815,26166
00269000,QUEENS COLLEGE-CUNY                     ,NY,11367-1597,Public       ,65,51,116,9923,5901,15824
00269100,CUNY- BOROUGH OF MANHATTAN CMTY CLG     ,NY,10007-1047,Public       ,77,115,192,11497,10105,21602
00269200,CUNY BRONX COMMUNITY COLLEGE            ,NY,10453-3102,Public       ,31,27,58,5968,6407,12375
00269300,CUNY-JOHN JAY CLG CRIMINAL JUSTICE      ,NY,10019-1093,Public       ,43,37,80,10669,5538,16207
00269400,KINGSBOROUGH COMMUNITY COLLEGE          ,NY,11235-2398,Public       ,59,27,86,7261,4745,12006
00269600,NY CITY COLLEGE OF TECHNOLOGY-CUNY      ,NY,11201-2983,Public       ,77,53,130,9499,6163,15662
00269700,QUEENSBOROUGH COMMUNITY COLLEGE         ,NY,11364-1497,Public       ,49,27,76,6504,3696,10200
00269800,CUNY THE COLLEGE OF STATEN ISLAND       ,NY,10314-6600,Public       ,60,20,80,7764,3684,11448
00269900,CLARKSON UNIVERSITY                     ,NY,13699-5615,Private      ,3,1,4,3527,270,3797
00270000,COLGATE ROCHESTER CROZER DIVINITY S     ,NY,14620-0000,Private      ,0,0,0,4,85,89
00270100,COLGATE UNIVERSITY                      ,NY,13346-1386,Private      ,1,0,1,3625,46,3671
00270300,COLLEGE OF MOUNT SAINT VINCENT          ,NY,10471-1093,Private      ,6,6,12,2006,306,2312
00270400,COLLEGE OF NEW ROCHELLE                 ,NY,10805-2339,Private      ,13,149,162,1210,6551,7761
00270500,COLLEGE OF SAINT ROSE                   ,NY,12203-1490,Private      ,7,17,24,3964,2105,6069
00270700,COLUMBIA UNIVERSITY                     ,NY,10027-0000,Private      ,3,27,30,2912,2819,5731
00270701,COLUMBIA UNIV ARCHITECTURE              ,NY,10027-0000,Private      ,0,2,2,42,710,752
00270702,COLUMBIA UNIV SCHOOL OF THE ARTS        ,NY,10027-0000,Private      ,0,1,1,60,1020,1080
00270703,COLUMBIA UNIV BUSINESS GRAD             ,NY,10027-0000,Private      ,0,7,7,20,1541,1561
00270704,COLUMBIA UNIV SCHOOL ENGIN-UNDERGRA     ,NY,10027-0000,Private      ,2,0,2,1512,37,1549
00270705,COLUMBIA UNIV SCHOOL GENERAL STUDIE     ,NY,10027-0000,Private      ,0,4,4,293,993,1286
00270706,COLUMBIA UNIV GRAD SCHL ARTS & SCI      ,NY,10027-0000,Private      ,1,9,10,33,1722,1755
00270707,COLUMBIA UNIV SCH INTL PUB AFFAIRS      ,NY,10027-0000,Private      ,0,9,9,7,1215,1222
00270708,COLUMBIA UNIV JOURNALISM GRAD           ,NY,10027-0000,Private      ,0,2,2,15,535,550
00270710,COLUMBIA UNIV COLUMBIA COLLEGE          ,NY,10027-0000,Private      ,6,2,8,6777,214,6991
00270711,COLUMBIA UNIV SCHOOL OF LAW             ,NY,10027-0000,Private      ,0,3,3,34,3318,3352
00270712,COLUMBIA UNIV SOCIAL WORK               ,NY,10025-0000,Private      ,1,1,2,19,897,916
00270713,COLUMBIA UNIV SCHL DENT & ORAL SURG     ,NY,10032-0000,Private      ,0,1,1,10,336,346
00270714,COLUMBIA UNIV INST HUMAN NUTRITION      ,NY,10032-0000,Private      ,0,0,0,2,52,54
00270715,COLUMBIA UNIV NURSING                   ,NY,10032-0000,Private      ,2,3,5,62,639,701
00270716,COLUMBIA UNIV COLL PHYS & SURGEONS      ,NY,10032-0000,Private      ,0,2,2,12,1008,1020
00270717,COLUMBIA UNIV PHYSICAL THERAPY          ,NY,10032-0000,Private      ,0,0,0,9,106,115
00270718,COLUMBIA UNIV OCCUPATIONAL THERAPY      ,NY,10032-0000,Private      ,0,1,1,3,79,82
00270719,COLUMBIA UNIV PUBLIC HEALTH             ,NY,10032-0000,Private      ,0,4,4,4,938,942
00270720,COLUMBIA UNIV - ENGINEERING (GRAD)      ,NY,10027-0000,Private      ,0,2,2,56,318,374
00270721,COLUMBIA UNIV-CONT ED & SP PROGMS       ,NY,10027-0000,Private      ,0,0,0,10,160,170
00270800,BARNARD COLLEGE-COLUMBIA UNIV           ,NY,10027-6598,Private      ,2,0,2,3361,88,3449
00270900,CONCORDIA COLLEGE                       ,NY,10708-1998,Private      ,2,1,3,719,165,884
00271000,COOPER UNION                            ,NY,10003-7120,Private      ,3,0,3,1264,119,1383
00271100,CORNELL UNIVERSITY                      ,NY,14853-2801,Private      ,19,38,57,19125,4654,23779
00271101,WEILL CORNELL MEDICAL COLLEGE AND GRADUA,NY,10021-0000,Private      ,0,3,3,38,722,760
00271200,D'YOUVILLE COLLEGE                      ,NY,14201-1084,Private      ,2,9,11,1404,1329,2733
00271300,DOMINICAN COLLEGE                       ,NY,10962-1299,Private      ,8,36,44,1356,664,2020
00271800,ELMIRA COLLEGE                          ,NY,14901-2099,Private      ,0,11,11,1829,641,2470
00272200,FORDHAM UNIVERSITY                      ,NY,10458-5157,Private      ,39,50,89,14496,7754,22250
00272206,MARYMOUNT COLLEGE                       ,NY,10591-3796,Private      ,0,2,2,338,151,489
00272600,GENERAL THEOLOGICAL SEMINARY            ,NY,10011-0000,Private      ,0,0,0,0,111,111
00272800,HAMILTON COLLEGE                        ,NY,13323-1218,Private      ,2,0,2,2199,32,2231
00272900,HARTWICK COLLEGE                        ,NY,13820-4020,Private      ,1,0,1,2411,74,2485
00273100,HOBART & WILLIAM SMITH COLLEGES         ,NY,14456-3397,Private      ,1,0,1,2514,53,2567
00273200,HOFSTRA UNIVERSITY                      ,NY,11549-1010,Private      ,28,36,64,11645,5532,17177
00273400,HOUGHTON COLLEGE                        ,NY,14744-0128,Private      ,0,2,2,1524,289,1813
00273500,HILBERT COLLEGE                         ,NY,14075-1597,Private      ,6,4,10,852,367,1219
00273700,IONA COLLEGE                            ,NY,10801-1890,Private      ,2,14,16,5404,1024,6428
00273900,ITHACA COLLEGE                          ,NY,14850-7130,Private      ,6,1,7,10474,639,11113
00274000,JEWISH THEOLOGICAL SEMINARY OF AMER     ,NY,10027-4649,Private      ,0,1,1,119,206,325
00274200,THE JUILLIARD SCHOOL                    ,NY,10023-6588,Private      ,1,0,1,1011,581,1592
00274400,KEUKA COLLEGE                           ,NY,14478-0000,Private      ,2,15,17,1208,811,2019
00274800,LEMOYNE COLLEGE                         ,NY,13214-1399,Private      ,4,8,12,3513,1055,4568
00274900,NEW YORK COLLEGE OF PODIATRIC MED       ,NY,10035-0000,Private      ,0,0,0,28,374,402
00275100,LONG ISLAND UNIVERSITY                  ,NY,11548-1326,Private      ,23,62,85,6759,4505,11264
00275101,LONG ISLAND UNIVERSITY - BRENTWOOD CAMPU,NY,11717-5326,Private      ,0,4,4,0,4,4
00275102,LONG ISLAND UNIVERSITY - ROCKLAND CAMPUS,NY,10962-0000,Private      ,0,2,2,0,3,3
00275104,LONG ISLAND UNIVERSITY - NEW YORK UNIVER,NY,10011-0000,Private      ,1,1,2,1,1,2
00275106,LONG ISLAND UNIVERSITY - JEWISH BOARD OF,NY,10019-0000,Private      ,0,1,1,0,1,1
00275107,LONG ISLAND UNIVERSITY - QUEENS DISTRICT,NY,11364-0000,Private      ,0,1,1,0,1,1
00275110,LONG ISLAND UNIVERSITY - WESTBURY SENIOR,NY,11568-1619,Private      ,1,0,1,1,0,1
00275114,LONG ISLAND UNIVERSITY - SACHEM HIGH SCH,NY,11779-2231,Private      ,0,1,1,0,1,1
00275115,LONG ISLAND UNIVERSITY - SOUTHAMPTON COL,NY,11968-4198,Private      ,4,1,5,125,136,261
00275116,LONG ISLAND UNIVERSITY - BROOKLYN       ,NY,11201-8423,Private      ,15,35,50,5105,5306,10411
00275800,MANHATTAN COLLEGE                       ,NY,10471-4098,Private      ,6,13,19,4668,384,5052
00275900,MANHATTAN SCHOOL OF MUSIC               ,NY,10027-4698,Private      ,0,0,0,619,673,1292
00276000,MANHATTANVILLE COLLEGE                  ,NY,10577-2132,Private      ,5,12,17,2396,892,3288
00276300,MARIA COLLEGE                           ,NY,12208-1798,Private      ,2,3,5,157,688,845
00276500,MARIST COLLEGE                          ,NY,12601-1387,Private      ,7,15,22,6603,1035,7638
00276900,MARYMOUNT MANHATTAN COLLEGE             ,NY,10021-4597,Private      ,6,3,9,2358,271,2629
00277200,MERCY COLLEGE                           ,NY,10522-1189,Private      ,20,48,68,2554,6780,9334
00277500,MOLLOY COLLEGE                          ,NY,11570-1100,Private      ,3,21,24,2009,1663,3672
00277700,MEDAILLE COLLEGE                        ,NY,14214-2695,Private      ,3,40,43,1169,1584,2753
00277800,MOUNT SAINT MARY COLLEGE                ,NY,12550-3494,Private      ,6,17,23,2070,1150,3220
00277900,NAZARETH COLLEGE OF ROCHESTER           ,NY,14618-3790,Private      ,4,5,9,2746,1468,4214
00278200,NEW YORK INSTITUTE OF TECHNOLOGY        ,NY,11568-8000,Private      ,13,150,163,4478,5158,9636
00278202,NY INSTITUTE OF TECHNOLOGY-OSTEOPATHIC M,NY,11568-0000,Private      ,0,1,1,6,1141,1147
00278300,NEW YORK LAW SCHOOL                     ,NY,10013-0000,Private      ,0,1,1,21,2823,2844
00278400,NEW YORK MEDICAL COLLEGE                ,NY,10595-0000,Private      ,0,4,4,11,1654,1665
00278500,NEW YORK UNIVERSITY                     ,NY,10012-1091,Private      ,28,114,142,29419,23426,52845
00278800,NIAGARA UNIVERSITY                      ,NY,14109-2010,Private      ,6,10,16,3825,766,4591
00279000,NYACK COLLEGE                           ,NY,10960-3698,Private      ,4,97,101,1231,2273,3504
00279100,PACE UNIVERSITY - NEW YORK              ,NY,10038-1598,Private      ,14,25,39,6084,2774,8858
00279101,PACE UNIVERSITY-PLEASANTVILLE           ,NY,10570-0000,Private      ,11,15,26,2992,857,3849
00279102,PACE UNIVERSITY - WHITE PLAINS          ,NY,10603-0000,Private      ,0,19,19,162,1883,2045
00279500,PAUL SMITHS CLG OF ARTS & SCIENCES      ,NY,12970-0000,Private      ,1,1,2,1038,156,1194
00279600,POLYTECHNIC INTSTITUTE OF NEW YORK UNIV ,NY,11201-3840,Private      ,6,9,15,1706,563,2269
00279800,PRATT INSTITUTE                         ,NY,11205-3899,Private      ,2,1,3,3967,2166,6133
00280300,RENSSELAER POLYTECHNIC INSTITUTE        ,NY,12180-3590,Private      ,7,2,9,6863,651,7514
00280500,ROBERTS WESLEYAN COLLEGE                ,NY,14624-1997,Private      ,5,25,30,1286,1168,2454
00280600,ROCHESTER INSTITUTE OF TECHNOLOGY       ,NY,14623-5608,Private      ,21,22,43,11872,2882,14754
00280700,ROCKEFELLER UNIVERSITY                  ,NY,10021-0000,Private      ,0,1,1,8,14,22
00280800,DAEMEN COLLEGE                          ,NY,14226-3592,Private      ,0,9,9,1782,747,2529
00281000,THE SAGE COLLEGES                       ,NY,12180-4199,Private      ,2,9,11,1407,1559,2966
00281200,TROCAIRE COLLEGE                        ,NY,14220-2094,Private      ,1,17,18,461,1142,1603
00281300,SARAH LAWRENCE COLLEGE                  ,NY,10708-5999,Private      ,3,0,3,1992,580,2572
00281400,SKIDMORE COLLEGE                        ,NY,12866-1632,Private      ,1,1,2,3382,119,3501
00281401,SKIDMORE COLL-UNIV WITHOUT WALLS        ,NY,12866-0000,Private      ,0,0,0,31,66,97
00281500,ST BERNARDS SCH THEOLOGY & MINISTRY     ,NY,14618-3822,Private      ,0,0,0,4,45,49
00281600,SIENA COLLEGE                           ,NY,12211-1462,Private      ,5,5,10,4375,236,4611
00281700,ST BONAVENTURE UNIVERSITY               ,NY,14778-2284,Private      ,2,1,3,2215,532,2747
00282000,ST FRANCIS COLLEGE                      ,NY,11201-4398,Private      ,10,4,14,1906,460,2366
00282100,ST JOHN FISHER COLLEGE                  ,NY,14618-3597,Private      ,3,6,9,4008,1441,5449
00282200,CHRIST THE KING SEMINARY                ,NY,14052-0607,Private      ,0,0,0,0,10,10
00282300,ST JOHN'S UNIVERSITY                    ,NY,11439-1343,Private      ,35,27,62,17841,5344,23185
00282500,ST JOSEPH'S COLLEGE                     ,NY,11205-3688,Private      ,6,13,19,890,601,1491
00282501,ST JOSEPH'S COLLEGE-SUFFOLK CAMPUS      ,NY,11772-0000,Private      ,15,18,33,2653,1171,3824
00282600,ST JOSEPH'S SEMINARY                    ,NY,10704-0000,Private      ,0,1,1,0,2,2
00282900,ST LAWRENCE UNIVERSITY                  ,NY,13617-1455,Private      ,2,3,5,2483,123,2606
00283200,ST THOMAS AQUINAS COLLEGE               ,NY,10976-1050,Private      ,4,1,5,1565,260,1825
00283300,ST VLADIMIR ORTHODOX THEOL SEM          ,NY,10707-0000,Private      ,0,0,0,1,40,41
00283500,SUNY AT ALBANY                          ,NY,12222-0001,Public       ,54,41,95,15967,4979,20946
00283600,BINGHAMTON UNIVERSITY (SUNY)            ,NY,13902-6000,Public       ,22,14,36,16657,2559,19216
00283700,SUNY AT BUFFALO                         ,NY,14260-0001,Public       ,50,37,87,19238,9591,28829
00283800,SUNY AT STONY BROOK                     ,NY,11794-0001,Public       ,50,43,93,17587,6403,23990
00283900,SUNY-DOWNSTATE MEDICAL CENTER           ,NY,11203-2098,Public       ,0,9,9,144,1749,1893
00284000,SUNY UPSTATE MEDICAL UNIVERSITY         ,NY,13210-2375,Public       ,1,3,4,177,1069,1246
00284100,SUNY BROCKPORT - FIN AID OFF            ,NY,14420-2914,Public       ,16,25,41,7950,2699,10649
00284200,BUFFALO STATE COLLEGE - SUNY            ,NY,14222-1095,Public       ,24,60,84,10025,4810,14835
00284300,SUNY COLLEGE-CORTLAND                   ,NY,13045-0900,Public       ,9,13,22,9030,1587,10617
00284400,SUNY AT FREDONIA                        ,NY,14063-1145,Public       ,9,1,10,6515,924,7439
00284500,SUNY GENESEO                            ,NY,14454-1401,Public       ,7,1,8,7651,604,8255
00284600,SUNY COLLEGE-NEW PALTZ                  ,NY,12561-2499,Public       ,13,16,29,8392,1993,10385
00284700,SUNY COLLEGE-ONEONTA                    ,NY,13820-4015,Public       ,11,6,17,8820,745,9565
00284800,SUNY OSWEGO                             ,NY,13126-3599,Public       ,23,6,29,8367,2223,10590
00284900,SUNY COLLEGE AT PLATTSBURGH             ,NY,12901-2681,Public       ,14,12,26,5968,1502,7470
00285000,SUNY COLLEGE-POTSDAM                    ,NY,13676-2294,Public       ,10,9,19,4057,1032,5089
00285100,SUNY COLLEGE OF ENVIRONMENT SCIENCE AND ,NY,13210-2778,Public       ,2,1,3,1457,456,1913
00285300,SUNY MARITIME COLLEGE                   ,NY,10465-4198,Public       ,0,1,1,1010,211,1221
00285400,SUNY COLLEGE OF TECHNOLOGY-ALFRED       ,NY,14802-9951,Public       ,8,4,12,3387,683,4070
00285500,SUNY CANTON COLG OF TECHNOLOGY          ,NY,13617-1098,Public       ,5,7,12,2428,956,3384
00285600,SUNY AG & TECH COLLEGE-COBLESKILL       ,NY,12043-9986,Public       ,5,1,6,2844,410,3254
00285700,SUNY DELHI                              ,NY,13753-1190,Public       ,5,2,7,2695,461,3156
00285800,SUNY FARMINGDALE                        ,NY,11735-1021,Public       ,24,17,41,4094,1607,5701
00285900,SUNY COLLEGE OF AG & TECH AT MORRISVILLE,NY,13408-0901,Public       ,11,7,18,3280,849,4129
00285901,SUNY COLLEGE OF AG & TECH AT MORRISVILLE,NY,13815-1620,Public       ,0,0,0,25,36,61
00286000,ADIRONDACK COMMUNITY COLLEGE            ,NY,12804-2004,Public       ,13,7,20,1707,1230,2937
00286100,CAYUGA COMMUNITY COLLEGE                ,NY,13021-3099,Public       ,11,40,51,1701,1495,3196
00286200,BROOME COMMUNITY COLLEGE                ,NY,13902-0000,Public       ,21,47,68,3075,2261,5336
00286300,CORNING COMMUNITY COLLEGE               ,NY,14830-3297,Public       ,17,36,53,1773,1879,3652
00286400,DUTCHESS COMMUNITY COLLEGE              ,NY,12601-1595,Public       ,17,21,38,2255,1486,3741
00286600,FASHION INSTITUTE OF TECHNOLOGY         ,NY,10001-5992,Public       ,15,14,29,6183,2459,8642
00286700,SUNY FULTON MONTGOMERY COMM CLG         ,NY,12095-3790,Public       ,8,10,18,968,795,1763
00286800,HUDSON VALLEY COMMUNITY COLLEGE         ,NY,12180-6096,Public       ,24,41,65,5526,3356,8882
00286900,JAMESTOWN COMMUNITY COLLEGE             ,NY,14702-0020,Public       ,9,6,15,2202,1670,3872
00287000,JEFFERSON COMMUNITY COLLEGE             ,NY,13601-1897,Public       ,11,36,47,1325,1711,3036
00287100,"SUNY, MOHAWK VALLEY COMMUNITY CLG       ",NY,13501-5394,Public       ,9,13,22,3444,2062,5506
00287200,MONROE COMMUNITY COLLEGE                ,NY,14623-5780,Public       ,59,48,107,8039,6842,14881
00287300,NASSAU COMMUNITY COLLEGE                ,NY,11530-6793,Public       ,74,72,146,8440,4642,13082
00287400,NIAGARA COUNTY COMMUNITY COLLEGE        ,NY,14132-9460,Public       ,16,20,36,3037,2612,5649
00287500,ONONDAGA COMMUNITY COLLEGE              ,NY,13215-4585,Public       ,37,76,113,4154,3266,7420
00287600,ORANGE COUNTY COMMUNITY COLLEGE         ,NY,10940-6441,Public       ,12,22,34,2182,1718,3900
00287700,ROCKLAND COMMUNITY COLLEGE              ,NY,10901-3611,Public       ,22,31,53,1641,1238,2879
00287800,SUFFOLK COMMUNITY COLLEGE               ,NY,11784-2899,Public       ,40,27,67,4797,2478,7275
00287801,SUFFOLK COMMUNITY CLG-W. CAMPUS         ,NY,11717-0000,Public       ,27,11,38,2400,1856,4256
00287803,SUFFOLK COMMUNITY CLG-EASTRN CAMPUS     ,NY,11901-0000,Public       ,4,5,9,816,673,1489
00287900,SULLIVAN COUNTY COMMUNITY COLLEGE       ,NY,12759-5151,Public       ,6,4,10,1180,566,1746
00288000,ULSTER COUNTY COMMUNITY COLLEGE         ,NY,12484-0557,Public       ,7,12,19,1075,738,1813
00288100,SUNY WESTCHESTER COMMUNITY COLLEGE      ,NY,10595-1698,Public       ,32,51,83,3222,2864,6086
00288200,SYRACUSE UNIVERSITY                     ,NY,13244-2130,Private      ,24,149,173,15676,5665,21341
00288300,UTICA COLLEGE OF SYRACUSE UNIV          ,NY,13502-4892,Private      ,9,14,23,2806,1161,3967
00288500,ALBANY COLLEGE OF PHARMACY AND HEALTH SC,NY,12208-3492,Private      ,1,0,1,1297,569,1866
00288600,ALBANY LAW SCHOOL                       ,NY,12208-0000,Private      ,0,3,3,30,1307,1337
00288700,ALBANY MEDICAL COLLEGE                  ,NY,12208-0000,Private      ,1,3,4,24,901,925
00288900,UNION COLLEGE                           ,NY,12308-2311,Private      ,7,0,7,2615,96,2711
00289000,UNION THEOLOGICAL SEMINARY              ,NY,10027-0000,Private      ,0,1,1,0,308,308
00289200,UNITED STATES MERCHANT MARINE ACADEMY   ,NY,11024-1699,Public       ,3,0,3,343,15,358
00289400,UNIVERSITY OF ROCHESTER                 ,NY,14627-9000,Private      ,6,17,23,6294,1427,7721
00289401,EASTMAN SCH OF MUSIC/UNIV ROCHESTER     ,NY,14604-0000,Private      ,0,1,1,752,389,1141
00289402,UNIV OF ROCHESTER SCHL OF MEDICINE      ,NY,14642-0000,Private      ,0,6,6,40,709,749
00289500,VASSAR COLLEGE                          ,NY,12604-0008,Private      ,3,0,3,3441,55,3496
00289600,VILLA MARIA COLLEGE-BUFFALO             ,NY,14225-3999,Private      ,2,0,2,395,293,688
00289900,WAGNER COLLEGE                          ,NY,10301-4495,Private      ,9,9,18,2613,290,2903
00290000,WEBB INSTITUTE                          ,NY,11542-1398,Private      ,0,0,0,55,1,56
00290100,WELLS COLLEGE                           ,NY,13026-0500,Private      ,0,1,1,772,71,843
00290300,YESHIVA UNIVERSITY                      ,NY,10033-3201,Private      ,7,9,16,1785,2707,4492
00290302,YESHIVA UNIVERSITY - BRONX CAMPUS       ,NY,10461-1975,Private      ,0,9,9,15,1169,1184
00397400,MESIVTHA TIFERETH JERUSALEM OF AMER     ,NY,10002-6382,Private      ,1,0,1,29,1,30
00397600,RABBINICAL ACAD MESIVTA RABBI CHAIM     ,NY,11230-4715,Private      ,9,1,10,24,1,25
00397700,RABBINICAL COLLEGE CH'SAN SOFER         ,NY,11204-1252,Private      ,0,0,0,11,22,33
00397800,RABBINICAL SEMINARY OF AMERICA          ,NY,11375-0000,Private      ,12,11,23,33,56,89
00397900,COLUMBIA UNIV TEACHERS COLLEGE          ,NY,10027-0000,Private      ,2,100,102,28,3847,3875
00405400,HEBREW UNION COL-JEWISH INST OF REL     ,NY,10012-0000,Private      ,0,0,0,1,97,98
00455301,ITT TECHNICAL INSTITUTE                 ,NY,12205-0000,Proprietary  ,8,24,32,277,516,793
00475900,"CUNY, YORK COLLEGE                      ",NY,11451-0001,Public       ,27,18,45,4676,3309,7985
00476500,CUNY GRADUATE SCH & UNIV CTR            ,NY,10016-0000,Public       ,0,0,0,40,1796,1836
00476500,CUNY GRADUATE SCH & UNIV CTR            ,NY,10016-4309,Public       ,0,24,24,2,229,231
00477600,CENTRAL YESHIVA TOMCHEI TMIMIM LUBA     ,NY,11230-2798,Private      ,141,3,144,469,57,526
00478800,HERKIMER COUNTY COMMUNITY COLLEGE       ,NY,13350-1598,Public       ,12,12,24,2154,1007,3161
00479800,MIRRER YESHIVA CENTRAL INST             ,NY,11223-2010,Private      ,15,2,17,93,65,158
00479900,MONROE COLLEGE                          ,NY,10468-4305,Proprietary  ,96,281,377,3121,6089,9210
00481100,EVEREST INSTITUTE                       ,NY,14621-3007,Proprietary  ,70,255,325,668,3228,3896
00482500,TAYLOR BUSINESS INSTITUTE               ,NY,10011-5501,Proprietary  ,0,0,0,610,543,1153
00506401,ST JAMES MERCY HOSP SCH OF RAD          ,NY,14843-2197,Private      ,0,0,0,19,18,37
00506600,FAXTON ST. LUKE'S SCHOOL OF RADIOGRAPHY ,NY,13502-4856,Private      ,0,0,0,22,14,36
00520800,THE COLLEGE OF WESTCHESTER              ,NY,10602-0000,Proprietary  ,18,34,52,717,798,1515
00587700,ROBERT J HOCHSTIM SCHOOL OF RADIOG      ,NY,11572-1151,Private      ,0,0,0,0,10,10
00643501,ARNOT OGDEN MEDICAL CENTER              ,NY,14905-1676,Private      ,0,0,0,30,40,70
00643800,PHILLIPS BETH ISRAEL SCH OF NURSING     ,NY,10001-6354,Private      ,0,1,1,73,208,281
00644300,COCHRAN SCH NSG-ST JOHN RVSDE HOSP      ,NY,10701-1399,Private      ,2,1,3,59,334,393
00644500,CROUSE HOSP SCH OF NURSING              ,NY,13210-1690,Private      ,3,1,4,125,228,353
00644800,ELLIS HOSPITAL SCHOOL OF NURSING        ,NY,12308-0000,Private      ,0,1,1,24,121,145
00646101,ST ELIZABETH COLLEGE OF NURSING         ,NY,13501-2998,Private      ,0,0,0,95,154,249
00646102,ST ELIZABETH SCH OF RADIOGRAPHY         ,NY,13501-0000,Private      ,0,0,0,13,11,24
00646700,SAINT JOSEPH'S COLLEGE OF NURSING       ,NY,13203-1806,Private      ,0,2,2,149,237,386
00678200,GENESEE COMMUNITY COLLEGE               ,NY,14020-9704,Public       ,24,53,77,2500,1932,4432
00678500,SCHENECTADY COUNTY COMMUNITY CLG        ,NY,12305-2294,Public       ,8,8,16,1684,1543,3227
00678700,CLINTON COMMUNITY COLLEGE               ,NY,12901-5690,Public       ,6,9,15,1109,728,1837
00678800,TOMPKINS CORTLAND COMMUNITY COLLEGE     ,NY,13053-8504,Public       ,7,30,37,1892,1276,3168
00678900,COLUMBIA-GREENE COMMUNITY COLLEGE       ,NY,12534-9543,Public       ,7,13,20,881,639,1520
00679100,SUNY AT PURCHASE                        ,NY,10577-1400,Public       ,12,3,15,5042,833,5875
00702200,CUNY-LEHMAN COLLEGE                     ,NY,10468-1589,Public       ,48,40,88,7728,6432,14160
00702600,"MT SINAI SCH OF MEDICINE, NY UNIV       ",NY,10029-0000,Private      ,0,3,3,6,900,906
00710900,SUNY COLLEGE-OLD WESTBURY               ,NY,11568-0210,Public       ,6,9,15,3690,1310,5000
00711100,NORTH COUNTRY COMMUNITY COLLEGE         ,NY,12983-2046,Public       ,4,1,5,767,579,1346
00726400,MESIFTA TORAH VODAATH RABBINCAL SEM     ,NY,11218-5209,Private      ,18,8,26,52,48,100
00727300,CUNY-BERNARD BARUCH COLLEGE             ,NY,10010-5518,Public       ,70,41,111,12065,5742,17807
00730400,CULINARY INSTITUTE OF AMERICA           ,NY,12538-1499,Private      ,29,13,42,2677,1262,3939
00737200,AUSTIN'S SCHOOL OF SPA TECHNOLOGY       ,NY,12206-1513,Proprietary  ,6,32,38,58,178,236
00737500,ISLAND DRAFTING & TECHNICAL INST        ,NY,11701-2704,Proprietary  ,3,4,7,92,90,182
00738700,LONG ISLAND BEAUTY SCHOOL               ,NY,11788-4346,Proprietary  ,7,15,22,103,152,255
00738800,LONG ISLAND BEAUTY SCHOOL               ,NY,11550-3704,Proprietary  ,4,5,9,48,124,172
00739100,BEAUTY SCHOOL OF MIDDLETOWN             ,NY,10940-6574,Proprietary  ,3,4,7,65,124,189
00739400,BERKELEY COLLEGE                        ,NY,10017-0000,Proprietary  ,18,8,26,2001,1636,3637
00739402,BERKELEY COLLEGE-WESTCHESTER CAMPUS     ,NY,10601-1533,Proprietary  ,3,4,7,665,234,899
00739800,KATHARINE GIBBS SCHOOL                  ,NY,10018-2602,Proprietary  ,48,83,131,2292,3587,5879
00740100,MANDL SCHOOL                            ,NY,10019-5516,Proprietary  ,7,49,56,120,823,943
00740500,WOOD TOBE-COBURN SCHOOL                 ,NY,10016-0102,Proprietary  ,0,0,0,532,100,632
00746500,AMERICAN ACADEMY OF DRAMATIC ARTS       ,NY,10016-7089,Private      ,0,0,0,346,128,474
00746600,LIM COLLEGE                             ,NY,10022-5268,Proprietary  ,5,1,6,947,90,1037
00746800,SCHOOL OF VISUAL ARTS                   ,NY,10010-3994,Proprietary  ,6,3,9,3168,1214,4382
00750602,LINCOLN TECHNICAL INSTITUTE             ,NY,11357-6092,Proprietary  ,38,27,65,310,124,434
00751800,APEX TECHNICAL SCHOOL                   ,NY,10011-2008,Proprietary  ,60,125,185,879,1722,2601
00752200,CONTINENTAL SCH OF BEAUTY CULTURE       ,NY,14623-3231,Proprietary  ,15,45,60,183,454,637
00753200,FINGER LAKES COMMUNITY COLLEGE          ,NY,14424-8395,Public       ,9,24,33,2279,1675,3954
00757200,AMERICAN MUSICAL AND DRAMATIC ACAD      ,NY,10023-2106,Private      ,5,1,6,1304,216,1520
00757300,EMPIRE BEAUTY SCHOOL                    ,NY,11103-4028,Proprietary  ,13,32,45,98,208,306
00780400,CAREER ACADEMY OF NEW YORK              ,NY,10011-7307,Proprietary  ,9,73,82,155,498,653
00818900,CONTINENTAL SCH OF BEAUTY CULTURE       ,NY,14223-0000,Proprietary  ,0,0,0,10,6,16
00818902,CONTINENTAL SCHOOL OF BEAUTY CULTURE  - ,NY,14224-3402,Proprietary  ,0,1,1,4,10,14
00843500,INTERBORO INSTITUTE                     ,NY,10019-3604,Proprietary  ,280,371,651,2855,3564,6419
00843700,CHAMPLAIN VALLEY - TEC/PRN              ,NY,12901-0000,Public       ,0,0,0,9,32,41
00849500,JAMESTOWN BUSINESS COLLEGE              ,NY,14702-0429,Proprietary  ,9,16,25,159,292,451
00861100,"CUNY, HOSTOS CMTY COLLEGE               ",NY,10451-1499,Public       ,12,17,29,2698,3778,6476
00861400,RABBINICAL CLG BOBOVER YESHIVA BNEI     ,NY,11219-3293,Private      ,17,9,26,146,34,180
00861700,RABBINICAL SEM MKOR CHAIM-YESHIVA       ,NY,11219-4300,Private      ,5,3,8,22,3,25
00878800,SUNY-STUDENT LOAN SERVICE CENTER        ,NY,12144-3440,Public       ,3,0,3,142,105,247
00900300,OLEAN BUSINESS INSTITUTE INC            ,NY,14760-2691,Proprietary  ,0,0,0,32,84,116
00902900,NEIGHBORHOOD PLAYHOUSE                  ,NY,10022-5017,Private      ,0,0,0,35,22,57
00904300,ELMIRA BUSINESS INSTITUTE               ,NY,14901-2731,Proprietary  ,12,72,84,167,1061,1228
00907700,UTICA SCHOOL OF COMMERCE                ,NY,13501-2280,Proprietary  ,3,21,24,149,352,501
00924800,SAMARITAN HOSPITAL SCH NURSING          ,NY,12180-2475,Private      ,0,1,1,51,137,188
00928300,MIDWAY-PARIS BEAUTY SCHOOL              ,NY,11385-3453,Proprietary  ,3,8,11,30,111,141
00928400,LEARNING INST FOR BEAUTY SCIENCES       ,NY,11756-1345,Proprietary  ,9,33,42,87,238,325
00933500,MESIVTA EASTERN PKWY RABBINICAL CLG     ,NY,11218-5559,Private      ,8,0,8,27,7,34
00947900,SAINT VINCENTS CMC SI NURSING SCHOOL    ,NY,10304-3850,Proprietary  ,0,1,1,34,77,111
00947901,SAINT VINCENTS CMC SI PHYS ASSIST PROG  ,NY,10304-3850,Proprietary  ,0,0,0,1,4,5
00976900,METROPOLITAN COLLEGE OF NEW YORK        ,NY,10013-1919,Private      ,1,20,21,197,1840,2037
00992900,SUNY COLLEGE OF OPTOMETRY               ,NY,10036-8003,Public       ,0,0,0,12,326,338
01005100,LA GUARDIA CMTY COLLEGE - CUNY          ,NY,11101-3083,Public       ,46,42,88,6560,6191,12751
01005200,JEFFERSON-LEWIS BOCES PRAC NRSGPRG      ,NY,13601-9509,Public       ,0,0,0,17,114,131
01009700,CUNY-MEDGAR W EVERS COLLEGE             ,NY,11225-2010,Public       ,17,22,39,2834,4027,6861
01014200,TOURO COLLEGE                           ,NY,10010-4202,Private      ,36,145,181,3599,11293,14892
01014700,WESTERN SUFFOLK BOCES                   ,NY,11768-3499,Public       ,0,1,1,58,213,271
01015300,HELENE FULD COL OF NRSNG/N GEN HOSP     ,NY,10035-0000,Private      ,1,31,32,8,409,417
01028600,EMPIRE STATE COLLEGE                    ,NY,12866-4391,Public       ,7,126,133,521,8683,9204
01037800,RABBINICAL COLLEGE OF LONG ISLAND       ,NY,11561-3244,Private      ,6,0,6,35,1,36
01054900,KEHILATH YAKOV RABBINICAL SEMINARY      ,NY,10562-1001,Private      ,7,3,10,48,23,71
01055100,NEW YORK SCH MED & DENTAL ASSISTANT     ,NY,11101-2327,Proprietary  ,12,30,42,141,399,540
01064100,SOUTHERN WESTCHESTER BOCES              ,NY,10543-0000,Public       ,0,6,6,8,111,119
01068400,ERIE COMMUNITY COLLEGE-ALL CAMPUSES     ,NY,14203-2698,Public       ,38,44,82,6959,6165,13124
01081300,AMERICAN ACAD MCALLISTER INST           ,NY,10019-3604,Private      ,2,6,8,67,174,241
01083700,SIMMONS INST OF FUNERAL SERVICE         ,NY,13207-2098,Proprietary  ,1,0,1,26,46,72
01093000,SUBURBAN TECHNICAL SCHOOL               ,NY,11550-3771,Proprietary  ,9,19,28,101,222,323
01094300,RABBINICAL COLLEGE BETH SHRAGA          ,NY,10952-3033,Private      ,11,0,11,21,0,21
01095200,PNW BOCES LPN PROGRAM                   ,NY,10598-0000,Public       ,0,1,1,9,83,92
01103100,TECHNICAL CAREER INSTITUTE              ,NY,10001-2789,Proprietary  ,137,227,364,2259,3655,5914
01118900,UNITED TALMUDICAL SEMINARY              ,NY,11211-7984,Private      ,139,141,280,580,460,1040
01119200,BETH HAMEDRASH SHAAREI YOSHER INST      ,NY,11204-1052,Private      ,8,1,9,29,11,40
01161400,CHAMPLAIN VALLEY HOSP SCH RAD TECH      ,NY,12901-1490,Private      ,0,0,0,17,8,25
01164700,SBI CAMPUS - AN AFFILIATE OF SANFORD-BRO,NY,11747-3785,Proprietary  ,16,24,40,427,678,1105
01167000,YESHIVA OF NITRA RABBINICAL COLLEGE     ,NY,11211-7108,Private      ,12,16,28,115,41,156
01167700,MEMORIAL SLOAN KETTERING CANCER CTR     ,NY,10021-6094,Private      ,0,0,0,4,9,13
01167800,SUNY INST OF TECHNOLOGY UTICA ROME      ,NY,13504-3050,Public       ,1,7,8,1218,970,2188
01182100,YESHIVATH ZICHRON MOSHE                 ,NY,12779-0580,Private      ,12,0,12,71,4,75
01183000,BERK TRADE AND BUSINESS SCHOOL          ,NY,11101-0000,Proprietary  ,4,24,28,40,171,211
01185900,WORD OF LIFE BIBLE INSTITUTE            ,NY,12860-0129,Private      ,4,2,6,467,65,532
01186000,MERCY MED CNTR SCHL OF RADIOGRAPHY      ,NY,11570-1098,Private      ,0,0,0,0,5,5
01192100,WESTCHESTER SCH OF BEAUTY CULTURE       ,NY,10550-2295,Proprietary  ,0,3,3,11,54,65
01192200,BETH HATALMUD RABBINICAL CLG            ,NY,11214-2594,Private      ,15,0,15,46,1,47
01198400,OHR HAMEIR THEOLOGICAL SEMINARY         ,NY,10566-0990,Private      ,23,0,23,67,0,67
01201100,TALMUDICAL SEM OHOLEI TORAH             ,NY,11213-3310,Private      ,21,0,21,215,0,215
01207200,PHILLIPS HAIRSTYLING INSTITUTE          ,NY,13210-1509,Proprietary  ,4,7,11,50,124,174
01210700,INSTITUTE OF DESIGN & CONSTRUCTION      ,NY,11201-5380,Private      ,1,3,4,35,107,142
01220300,MEMORIAL HOSPITAL SCH OF NURSING        ,NY,12204-1083,Private      ,0,0,0,37,125,162
01227700,NEW YORK CHIROPRACTIC COLLEGE           ,NY,13148-0800,Private      ,1,5,6,12,718,730
01229300,VEEB NASSAU CNTY SCHL OF PRACT NURS     ,NY,11553-3037,Public       ,0,1,1,48,167,215
01235800,PLAZA COLLEGE                           ,NY,11372-6300,Proprietary  ,33,53,86,439,798,1237
01236400,SAINT VINCENTS CATHOLIC MEDICAL CENTERS ,NY,11354-0000,Proprietary  ,0,1,1,44,145,189
01240700,SCHUYLER-CHEMUNG-TIOGA BOCES            ,NY,14903-1089,Public       ,0,1,1,32,150,182
01240701,STEUBEN SCHUYLER CHEMUNG TIOGA ALLEGANY ,NY,14870-9518,Public       ,0,1,1,21,108,129
01256100,FIVE TOWNS COLLEGE                      ,NY,11746-5871,Proprietary  ,12,3,15,1299,260,1559
01258900,ERIE 1 BOCES                            ,NY,14224-0000,Public       ,2,5,7,34,207,241
01265200,ONONDAGA CORTLAND MADISON BOCES         ,NY,13090-4500,Public       ,1,0,1,142,505,647
01278300,OSWEGO COUNTY BOCES ADULT CAREERS       ,NY,13114-4498,Public       ,0,0,0,37,109,146
01292700,CENTRAL TECH NURSING PROGRAM            ,NY,13202-3092,Public       ,0,0,0,10,76,86
01302600,MACHZIKEI HADATH RABBINICAL COLLEGE     ,NY,11204-1805,Private      ,19,16,35,58,23,81
01302700,YESHIVATH VIZNITZ                       ,NY,10952-3021,Private      ,34,99,133,132,107,239
01302900,BORICUA COLLEGE                         ,NY,10032-1599,Private      ,15,32,47,336,1226,1562
02056400,CAPRI COSMETOLOGY LEARNING CENTER       ,NY,10954-0000,Proprietary  ,4,4,8,41,57,98
02066200,THE NEW SCHOOL                          ,NY,10011-0000,Private      ,8,31,39,3851,4788,8639
02069000,NEW YORK SCHOOL OF INTERIOR DESIGN      ,NY,10021-0000,Private      ,0,0,0,157,205,362
02075700,BRIARCLIFFE COLLEGE                     ,NY,11714-0000,Proprietary  ,2,3,5,1448,969,2417
02075702,BRIARCLIFFE COLLEGE - PATCHOGUE         ,NY,11772-3019,Proprietary  ,1,2,3,871,782,1653
02092400,RIDLEY-LOWELL SCHOOL OF BUSINESS        ,NY,13905-0000,Proprietary  ,2,9,11,53,316,369
02093700,LONG ISLAND BUSINESS INSTITUTE          ,NY,11725-0000,Proprietary  ,69,189,258,479,1433,1912
02098400,HERKIMER COUNTY BOCES                   ,NY,13350-0000,Public       ,0,0,0,31,76,107
02104300,OTSEGO AREA SCHOOL OF PRAC NURSING      ,NY,13820-0000,Public       ,0,0,0,17,29,46
02105900,HAIR DESIGN INSTITUTE AT FIFTH AVE      ,NY,11220-0000,Proprietary  ,5,9,14,34,86,120
02106800,BRAMSON ORT COLLEGE                     ,NY,11375-0000,Private      ,0,0,0,342,496,838
02110900,CATTARAUGUS/ALLEGANY BOCES              ,NY,14760-0000,Public       ,0,0,0,23,110,133
02116011,SANFORD-BROWN INSTITUTE - NEW YORK      ,NY,10003-2103,Proprietary  ,47,170,217,92,260,352
02118700,LONG ISLAND COLLEGE HOSPITAL - SCHOOL OF,NY,11201-6001,Private      ,1,1,2,70,204,274
02118702,LONG ISLAND COLLEGE HOSPITAL - SCHOOL OF,NY,11201-6001,Private      ,1,0,1,20,29,49
02124000,ORANGE ULSTER BOCES SCH OF PRAC NRS     ,NY,10924-9401,Public       ,2,1,3,25,117,142
02125500,CIRCLE IN THE SQUARE THEATRE SCHOOL     ,NY,10019-0000,Private      ,0,0,0,62,47,109
02126300,MADISON-ONEIDA BOCES PRAC NRS           ,NY,13478-0000,Public       ,0,3,3,18,157,175
02138500,BOCES RENSSELAER SCH OF PRAC NRSG       ,NY,12033-3221,Public       ,0,0,0,13,102,115
02145800,CAYUGA ONONDAGA BOCES                   ,NY,13021-9430,Public       ,0,1,1,17,58,75
02146000,WAYNE-FINGER LAKES BOCES                ,NY,14513-0000,Public       ,0,0,0,28,190,218
02152000,YESHIVA SHAAR HATORAH ITRI TORAH        ,NY,11418-0000,Private      ,12,1,13,14,1,15
02153600,BROOME-TIOGA BOCES PN PROG              ,NY,13905-0000,Public       ,0,0,0,21,72,93
02157900,ROCHESTER GENERAL HOSPITAL              ,NY,14621-3001,Private      ,0,0,0,21,106,127
02158200,WSHNGTN-SARTGA-WARN-HMLTN-ESX BOCES     ,NY,12839-1051,Public       ,0,0,0,18,102,120
02160100,GENEVA GENERAL HOSPITAL                 ,NY,14456-0000,Private      ,0,0,0,15,40,55
02163400,NEW YORK CAREER INSTITUTE               ,NY,10007-2801,Proprietary  ,0,1,1,177,544,721
02169100,DAVIS COLLEGE                           ,NY,13790-0000,Private      ,1,0,1,153,92,245
02170000,SWEDISH INSTITUTE                       ,NY,10001-0000,Proprietary  ,2,23,25,98,715,813
02170200,ALBANY SCHOHARIE SCHENECTADY            ,NY,12205-0000,Public       ,0,1,1,27,147,174
02171900,AILEY SCHOOL (THE)                      ,NY,10019-4402,Private      ,0,2,2,65,20,85
02172100,HAMILTON-FULTON-MONTGOMERY BOCES        ,NY,12095-0000,Public       ,0,0,0,21,37,58
02172800,DUTCHESS COUNTY BOCES SCH PRAC NURS     ,NY,12601-0000,Public       ,0,2,2,31,134,165
02173200,EMPIRE BEAUTY SCHOOL                    ,NY,10001-0000,Proprietary  ,48,84,132,471,926,1397
02173900,ULSTER COUNTY BOCES PRACTICAL NRSG      ,NY,12466-0000,Public       ,0,1,1,27,159,186
02176000,CHERYL FELL'S SCHOOL OF BUSINESS        ,NY,14304-0000,Proprietary  ,0,0,0,5,32,37
02179400,EASTERN SUFFOLK BOCES                   ,NY,11713-0000,Public       ,1,1,2,103,359,462
02179401,HARRY B WARD TECH CTR-EAST SUF BOCE     ,NY,11901-0000,Public       ,0,0,0,1,1,2
02182200,NEW SCHOOL OF RADIO & TELEVISION        ,NY,12206-1106,Proprietary  ,4,0,4,22,36,58
02187300,DARKEI NOAM RABBINICAL COLLEGE          ,NY,11210-0000,Private      ,0,0,0,0,1,1
02191600,TORAH TEMIMAH TALMUDICAL SEMINARY       ,NY,11218-0000,Private      ,6,0,6,45,1,46
02192500,BELLEVUE HOSP CTR SCH RAD TECH          ,NY,10016-0000,Public       ,0,0,0,8,18,26
02193700,SAINT LAWRENCE LEWIS COUNTY BOCES       ,NY,13617-0000,Public       ,0,0,0,56,43,99
02193701,SAINT LAWRENCE LEWIS COUNTY BOCES - NORT,NY,13669-0798,Public       ,0,0,0,2,3,5
02193702,SAINT LAWRENCE LEWIS COUNTY BOCES - SOUT,NY,13642-0342,Public       ,0,0,0,1,1,2
02193703,SAINT LAWRENCE LEWIS COUNTY BOCES - ADUL,NY,13668-3238,Public       ,0,0,0,0,6,6
02199300,ORLEANS-NIAGARA BOCES                   ,NY,14132-0000,Public       ,0,0,0,6,28,34
02206000,HUNTER BUSINESS SCHOOL                  ,NY,11756-0000,Proprietary  ,8,35,43,149,535,684
02206001,HUNTER BUSINESS SCHOOL -                ,NY,11763-0000,Proprietary  ,1,0,1,5,5,10
02217800,D.HOPFER SCH NURSING AT MT.VRN HOSP     ,NY,10550-0000,Private      ,0,0,0,29,243,272
02219500,MILDRED ELLEY                           ,NY,12206-1513,Proprietary  ,13,78,91,230,958,1188
02235600,ERIE 2-CHAUTAUQUA-CATTARAUGUS BOCES     ,NY,14006-0000,Public       ,1,1,2,24,143,167
02248700,BUFFALO VOC TECH CTR PRAC NRSG PROG     ,NY,14211-0000,Public       ,0,0,0,6,3,9
02256700,KOL YAAKOV TORAH CENTER                 ,NY,10952-0000,Private      ,1,5,6,4,5,9
02265100,YESHIVA DERECH CHAIM                    ,NY,11218-0000,Private      ,10,1,11,44,12,56
02265200,GLOBAL BUSINESS INSTITUTE               ,NY,11691-0000,Private      ,52,163,215,360,1112,1472
02272900,ROCKLAND COUNTY BOCES PRAC NRSG SCH     ,NY,10994-0000,Public       ,0,1,1,15,48,63
02275900,"MODERN WELDING SCHOOL, INC.             ",NY,12304-0000,Proprietary  ,5,9,14,55,127,182
02287800,NATIONAL TRACTOR TRAILER SCHOOL         ,NY,13088-2505,Proprietary  ,0,39,39,14,285,299
02294900,INSTITUTE OF AUDIO RESEARCH             ,NY,10003-0000,Proprietary  ,14,11,25,528,415,943
02306500,PROFESSIONAL BUSINESS INSTITUTE         ,NY,10002-0000,Private      ,45,62,107,537,720,1257
02314200,NORTHERN WESTCHESTER SCH COSMETOL       ,NY,10566-0000,Proprietary  ,0,4,4,15,34,49
02320100,OHR SOMAYACH TANENBAUM EDUCATIONAL CENTE,NY,10952-0000,Private      ,0,1,1,1,2,3
02325600,NEW YORK INSTITUTE OF ENGLISH & BUS     ,NY,10001-0000,Private      ,5,30,35,97,462,559
02332300,FEGS TRADES AND BUSINESS SCHOOL         ,NY,10013-0000,Private      ,0,0,0,0,1,1
02348700,CAREER BLAZERS LEARNING CENTER          ,NY,10017-0000,Proprietary  ,1,56,57,56,497,553
02349700,RABBINICAL SEMINARY ADAS YEREIM         ,NY,11211-0000,Private      ,2,8,10,18,33,51
02350600,YESHIVA AND KOLLEL HARBOTZAS TORAH      ,NY,11230-0000,Private      ,0,6,6,0,16,16
02454300,NEW YORK UNIVERSITY SCHOOL OF MEDICINE  ,NY,10016-6497,Private      ,0,7,7,163,1014,1177
02491400,SPANISH AMERICAN INSTITUTE              ,NY,10036-0000,Private      ,3,6,9,13,52,65
02505800,YESHIVA KARLIN STOLIN RAB INSTITUTE     ,NY,11204-0000,Private      ,31,24,55,41,45,86
02505900,SH-OR YOSHUV RABBINICAL COLLEGE         ,NY,11691-0000,Private      ,7,3,10,23,12,35
02506000,ASSOCIATED BETH RIVKAH SCHOOLS          ,NY,11225-0000,Private      ,1,2,3,68,12,80
02506100,CITY UNIV OF NEW YORK-CENTRAL           ,NY,10021-0000,Public       ,2,2,4,444,269,713
02506200,MERCE CUNNINGHAM STUDIO                 ,NY,10014-0000,Private      ,1,3,4,4,9,13
02506800,YESHIVAT MIKDASH MELECH                 ,NY,11230-0000,Private      ,37,2,39,56,15,71
02511500,JOFFREY BALLET SCHOOL                   ,NY,10011-0000,Proprietary  ,0,0,0,26,3,29
02513500,MAR JON SCHOOL OF BEAUTY CULTURE        ,NY,14150-0000,Proprietary  ,0,0,0,33,74,107
02525600,ART INSTITUTE OF NEW YORK CITY (THE)    ,NY,10013-2429,Proprietary  ,15,28,43,1523,1250,2773
02540800,"GLOBE INSTITUTE OF TECHNOLOGY, INC.     ",NY,10007-0000,Proprietary  ,21,112,133,476,1629,2105
02546000,TRI-STATE COLLEGE OF ACUPUNCTURE        ,NY,10011-0000,Proprietary  ,0,2,2,3,118,121
02546300,YESHIVA OF THE TELSHE ALUMNI            ,NY,10471-0000,Private      ,6,0,6,34,0,34
02550600,TALMUDICAL INST OF UPSTATE NY           ,NY,14607-0000,Private      ,1,0,1,6,2,8
02556700,SEMINAR L'MOROS BAIS YAAKOV             ,NY,11219-0000,Private      ,4,0,4,235,1,236
02572900,BUSINESS INFORMATICS CENTER             ,NY,11580-0000,Proprietary  ,1,3,4,32,119,151
02575400,FRENCH CULINARY INSTITUTE               ,NY,10013-2618,Proprietary  ,5,9,14,208,354,562
02587600,ORLO SCH HAIR DESIGN & COSMETOLOGY      ,NY,12206-1723,Proprietary  ,0,1,1,65,80,145
02599400,NEW YORK COLLEGE OF HEALTH PROFESSIONS  ,NY,11791-4413,Private      ,1,5,6,168,717,885
02600100,NEW YORK ACADEMY OF ART (THE)           ,NY,10013-2911,Private      ,0,0,0,15,99,114
02614900,SANFORD-BROWN INSTITUTE                 ,NY,10604-2910,Proprietary  ,17,65,82,243,877,1120
02615001,SANFORD-BROWN INSTITUTE - GARDEN CITY   ,NY,11530-4734,Proprietary  ,0,0,0,2,14,16
02616600,SHEAR EGO INTL SCH OF HAIR DESIGN       ,NY,14617-3501,Proprietary  ,1,9,10,31,46,77
02617000,CONTINENTAL SCH OF BEAUTY CULTURE       ,NY,14020-1908,Proprietary  ,2,8,10,65,131,196
02617001,CONTINENTAL SCHOOL OF BEAUTY CULTURE - O,NY,14760-2618,Proprietary  ,0,0,0,5,1,6
02622900,BAIS MEDRASH ELYON                      ,NY,10952-3013,Private      ,10,1,11,12,3,15
03000100,YESHIVA GEDOLAH IMREI YOSEF DSPINKA     ,NY,11219-4696,Private      ,2,45,47,9,171,180
03007200,DANCE THEATRE OF HARLEM                 ,NY,10031-0000,Private      ,0,0,0,10,5,15
03027701,PACIFIC COLLEGE OF ORIENTAL MEDICINE - N,NY,10010-7108,Proprietary  ,1,12,13,8,357,365
03081600,DELAWARE CHENANGO MADISON OT. BOCES     ,NY,13815-9554,Public       ,0,0,0,12,59,71
03088500,NEW YORK INTERNATIONAL BEAUTY SCH       ,NY,10019-0000,Proprietary  ,5,27,32,64,346,410
03089700,COMPUTER CAREER CENTER                  ,NY,11530-3334,Proprietary  ,23,140,163,251,1096,1347
03095500,ASA INST BUSINESS & COMPUTER TECH       ,NY,11201-5208,Proprietary  ,119,486,605,1328,4863,6191
03096200,CHARLES STUART SCHOOL                   ,NY,11229-2004,Proprietary  ,2,9,11,11,57,68
03099100,SUNBRIDGE COLLEGE                       ,NY,10977-0000,Private      ,0,0,0,2,90,92
03103700,ADIRONDACK BEAUTY SCHOOL                ,NY,12801-3158,Proprietary  ,0,0,0,14,30,44
03104900,SULLIVAN COUNTY BOCES                   ,NY,12754-2116,Public       ,0,0,0,9,50,59
03111100,NEW YORK PARALEGAL SCHOOL               ,NY,10007-0000,Proprietary  ,0,30,30,22,155,177
03115300,GENESEE VALLEY BOCES                    ,NY,14020-1099,Public       ,1,5,6,27,152,179
03120700,NEW YORK CONSERVATORY FOR DRAMATIC ARTS ,NY,10011-4225,Proprietary  ,3,2,5,331,126,457
03127100,YESHIVAS NOVOMINSK                      ,NY,11219-0000,Private      ,6,0,6,32,0,32
03129200,RABBINICAL CLG OHR SHIMAR YISROEL       ,NY,11211-8102,Private      ,2,0,2,52,89,141
03147300,YESHIVA D'MONSEY                        ,NY,10952-3106,Private      ,27,9,36,27,9,36
03169300,STUDIO JEWELERS                         ,NY,10016-4112,Proprietary  ,0,1,1,3,11,14
03172400,CALIBER TRAINING INSTITUTE              ,NY,10018-6504,Proprietary  ,32,163,195,259,1415,1674
03181400,MERKAZ BNOS                             ,NY,11204-0000,Private      ,0,34,34,12,287,299
03191300,CUNY SCHOOL OF LAW @ QUEENS COLLEGE     ,NY,11367-0000,Public       ,1,1,2,134,1140,1274
03193300,MANHATTAN SCHOOL OF COMPUTER TECH       ,NY,11230-1617,Private      ,0,18,18,29,213,242
03203300,NEW YORK INSTITUTE OF MASSAGE           ,NY,14221-6021,Proprietary  ,2,3,5,77,240,317
03208300,GRACE INSTITUTE OF BUSINESS TECH        ,NY,11201-2303,Private      ,6,20,26,71,287,358
03216300,UNIFICATION THEOLOGICAL SEMINARY        ,NY,12507-5021,Private      ,0,0,0,0,10,10
03315300,HARLEM SCHOOL OF TECHNOLOGY             ,NY,10027-4426,Proprietary  ,1,0,1,7,42,49
03328300,FRANKLIN CAREER INSTITUTE               ,NY,11550-3003,Private      ,12,35,47,243,606,849
03342400,AMERICAN BARBER INSTITUTE               ,NY,10001-5271,Proprietary  ,6,12,18,46,96,142
03358300,ALLEN SCHOOL                            ,NY,11432-4901,Proprietary  ,30,146,176,267,1191,1458
03361500,WILLSEY INSTITUTE                       ,NY,10301-1989,Proprietary  ,2,7,9,34,225,259
03380300,CULINARY ACADEMY OF LONG ISLAND         ,NY,11791-5311,Proprietary  ,5,27,32,76,196,272
03419400,NORTHEASTERN SEMINARY                   ,NY,14624-1997,Private      ,0,5,5,4,114,118
03426400,ANTHEM INSTITUTE                        ,NY,10018-0000,Proprietary  ,37,109,146,619,1499,2118
03433500,LIA SCHORR INSTITUTE OF COSMETIC SK     ,NY,10022-2614,Proprietary  ,0,8,8,5,52,57
03443300,NEW YORK COLLEGE OF TRADITIONAL CHINESE ,NY,11501-0000,Private      ,0,2,2,5,71,76
03496300,YESHIVA SHAAREI TORAH OF ROCKLAND       ,NY,10901-4003,Private      ,3,1,4,7,2,9
03537300,NEW YORK AUTOMOTIVE & DIESEL INSTIT     ,NY,11101-0000,Proprietary  ,20,50,70,426,733,1159
03568300,LEON STUDIO ONE SCHOOL OF HAIR DESI     ,NY,14221-5323,Proprietary  ,3,6,9,58,102,160
03651300,SAINT JOSEPH'S MEDICAL CENTER SCHOO     ,NY,10701-4080,Private      ,0,0,0,10,15,25
03652300,METROPOLITAN LEARNING INSTITUTE         ,NY,11375-0000,Private      ,4,53,57,19,430,449
03691300,USA BEAUTY SCHOOL INTERNATIONAL         ,NY,10013-3530,Proprietary  ,0,12,12,16,168,184
03713300,BEIS MEDRASH HEICHAL DOVID              ,NY,11691-4433,Private      ,24,7,31,24,8,32
03718300,CENTURION PROFESSIONAL TRAINING         ,NY,11235-0822,Private      ,0,0,0,0,1,1
03773300,CENTER FOR NATURAL WELLNESS SCHOOL OF MA,NY,12205-1601,Proprietary  ,4,1,5,19,90,109
03802300,UTA MESIVTA OF KIRYAS JOEL              ,NY,10950-2169,Private      ,102,86,188,526,292,818
03819400,HUDSON VALLEY SCHOOL OF ADVANCED AESTHET,NY,12493-0000,Proprietary  ,0,1,1,19,42,61
03839300,AVEDA INSTITUTE NEW YORK                ,NY,10013-1522,Proprietary  ,7,10,17,109,192,301
03881300,UNION GRADUATE COLLEGE                  ,NY,12308-3103,Private      ,0,4,4,7,170,177
03903400,AMERICAN BEAUTY SCHOOL                  ,NY,10462-8003,Proprietary  ,3,8,11,39,155,194
03931300,XINCON TECHNOLOGY SCHOOL                ,NY,10001-3507,Proprietary  ,0,0,0,3,2,5
03941400,ELITE ACADEMY OF BEAUTY ARTS            ,NY,11223-1630,Proprietary  ,1,10,11,19,81,100
03983300,"SCHOOL OF PROFESSIONAL HORTICULTURE, AT ",NY,10458-5126,Private      ,0,0,0,0,9,9
04102300,NEW AGE TRAINING                        ,NY,10018-0000,Proprietary  ,2,11,13,4,19,23
00267808,BRYANT & STRATTON COLLEGE - PARMA       ,OH,44130-0000,Proprietary  ,42,125,167,548,2319,2867
00301000,ANTIOCH UNIVERSITY                      ,OH,45387-1608,Private      ,0,1,1,590,123,713
00301001,ANTIOCH UNIVERSITY MCGREGOR             ,OH,45387-0000,Private      ,0,20,20,6,671,677
00301010,ANTIOCH UNIVERSITY                      ,OH,45387-0000,Private      ,0,3,3,41,177,218
00301100,ART ACADEMY OF CINCINNATI               ,OH,45202-7106,Private      ,0,1,1,217,84,301
00301200,ASHLAND UNIVERSITY                      ,OH,44805-3799,Private      ,5,85,90,3025,2944,5969
00301300,ATHENAEUM OF OHIO                       ,OH,45230-2000,Private      ,0,0,0,0,7,7
00301400,BALDWIN-WALLACE COLLEGE                 ,OH,44017-2088,Private      ,4,21,25,3866,1366,5232
00301600,BLUFFTON UNIVERSITY                     ,OH,45817-2104,Private      ,3,6,9,1395,287,1682
00301800,BOWLING GREEN STATE UNIVERSITY          ,OH,43403-0001,Public       ,29,54,83,16711,5163,21874
00302300,CAPITAL UNIVERSITY                      ,OH,43209-2394,Private      ,11,15,26,3612,2768,6380
00302400,CASE WESTERN RESERVE UNIV               ,OH,44106-0000,Private      ,6,7,13,5350,1003,6353
00302401,CASE WESTERN RESERVE UNIV - MED         ,OH,44106-0000,Private      ,0,1,1,33,955,988
00302402,CASE WESTERN RESERVE UNIV - DENTAL      ,OH,44106-0000,Private      ,0,0,0,13,333,346
00302403,CASE WESTERN RESERVE UNIV - LAW         ,OH,44106-0000,Private      ,0,1,1,16,1337,1353
00302404,CASE WESTERN RESERVE UNIV - UG          ,OH,44106-0000,Private      ,0,1,1,346,52,398
00302405,CASE WESTERN RESERVE UNIV - MSASS       ,OH,44106-0000,Private      ,0,2,2,4,471,475
00302406,CASE WESTERN RESERVE UNIV - NURS UG     ,OH,44106-0000,Private      ,0,2,2,197,165,362
00302407,CASE WESTERN RESERVE UNIV - WSOM        ,OH,44106-0000,Private      ,0,3,3,14,320,334
00302408,CASE WESTERN RESERVE UNIV -A&S GRAD     ,OH,44106-0000,Private      ,0,1,1,5,282,287
00302409,CASE WESTERN RESERVE UNIV -ENG GRAD     ,OH,44106-0000,Private      ,0,2,2,15,99,114
00302410,CASE WESTERN RESERVE UNIV -NURS GRD     ,OH,44106-0000,Private      ,0,0,0,13,325,338
00302500,CEDARVILLE UNIVERSITY                   ,OH,45314-8564,Private      ,11,1,12,3368,185,3553
00302600,CENTRAL STATE UNIVERSITY                ,OH,45384-1004,Public       ,27,15,42,2899,956,3855
00302900,CINCINNATI CHRISTIAN UNIVERSITY         ,OH,45204-3200,Private      ,1,8,9,583,550,1133
00303000,OHIO CHRISTIAN UNIVERSITY               ,OH,43113-9487,Private      ,4,16,20,226,467,693
00303100,CLEVELAND INSTITUTE OF MUSIC            ,OH,44106-1776,Private      ,1,0,1,522,359,881
00303200,CLEVELAND STATE UNIVERSITY              ,OH,44115-2214,Public       ,40,220,260,6485,11282,17767
00303300,COLLEGE OF MT ST JOSEPH                 ,OH,45233-1670,Private      ,3,13,16,1543,1073,2616
00303500,OHIO DOMINICAN UNIVERSITY               ,OH,43219-2099,Private      ,3,68,71,2317,2522,4839
00303600,FRANCISCAN UNIV OF STEUBENVILLE         ,OH,43952-1763,Private      ,5,6,11,2058,722,2780
00303700,COLLEGE OF WOOSTER                      ,OH,44691-2363,Private      ,0,1,1,2123,69,2192
00303900,COLUMBUS COLLEGE OF ART AND DESIGN      ,OH,43215-1758,Private      ,1,4,5,1651,396,2047
00304000,CUYAHOGA COMMUNITY COLLEGE              ,OH,44115-2878,Public       ,33,150,183,4427,12999,17426
00304001,CUYAHOGA COMMUNITY CLG-EASTERN CAM      ,OH,44122-6195,Public       ,3,11,14,672,1777,2449
00304002,CUYAHOGA COMMUNITY CLG-METRO CAMPUS     ,OH,44115-0000,Public       ,6,33,39,832,2458,3290
00304003,CUYAHOGA COMMUNITY CLG-WESTERN CMPS     ,OH,44130-0000,Public       ,6,17,23,1360,1472,2832
00304100,"DEFIANCE COLLEGE, THE                   ",OH,43512-1695,Private      ,2,4,6,1103,344,1447
00304200,DENISON UNIVERSITY                      ,OH,43023-1329,Private      ,1,0,1,2407,41,2448
00304300,CHANCELLOR UNIVERSITY                   ,OH,44114-1096,Proprietary  ,0,21,21,246,1150,1396
00304400,TRINITY LUTHERAN SEMINARY               ,OH,43209-0000,Private      ,0,0,0,2,159,161
00304500,UNIVERSITY OF FINDLAY                   ,OH,45840-3695,Private      ,5,20,25,3073,1423,4496
00304600,FRANKLIN UNIVERSITY                     ,OH,43215-5399,Private      ,2,75,77,755,6830,7585
00304606,FRANKLIN UNIVERSITY - NORTHWEST         ,OH,43019-5331,Private      ,0,1,1,2,26,28
00304608,FRANKLIN UNIVERSITY - NORTHEAST         ,OH,43081-1111,Private      ,0,0,0,10,37,47
00304700,HEBREW UNION COLLEGE MAIN CAMPUS        ,OH,45220-0000,Private      ,0,1,1,1,138,139
00304800,HEIDELBERG UNIVERSITY                   ,OH,44883-2462,Private      ,2,2,4,1600,324,1924
00304900,HIRAM COLLEGE                           ,OH,44234-1808,Private      ,3,6,9,1372,335,1707
00305000,JOHN CARROLL UNIVERSITY                 ,OH,44118-4581,Private      ,6,32,38,3881,835,4716
00305100,KENT STATE UNIV - KENT CAMPUS           ,OH,44242-0001,Public       ,34,55,89,17402,8585,25987
00305101,KENT STATE UNIV - GEAUGA CAMPUS         ,OH,44021-0000,Public       ,0,7,7,258,272,530
00305102,KENT STATE UNIV - STARK CAMPUS          ,OH,44720-0000,Public       ,2,8,10,1886,1704,3590
00305103,KENT STATE UNIV - TUSCARAWAS CAMPUS     ,OH,44663-0000,Public       ,1,7,8,790,1025,1815
00305104,KENT STATE UNIV - TRUMBULL CAMPUS       ,OH,44483-0000,Public       ,4,7,11,768,1244,2012
00305105,KENT STATE UNIV - ASHTABULA CAMPUS      ,OH,44004-0000,Public       ,2,9,11,621,1137,1758
00305106,KENT STATE UNIV -E.LIVERPOOL CAMPUS     ,OH,43920-0000,Public       ,0,1,1,311,550,861
00305107,KENT STATE UNIV - SALEM CAMPUS          ,OH,44460-0000,Public       ,1,4,5,609,778,1387
00306500,KENYON COLLEGE                          ,OH,43022-9623,Private      ,0,0,0,2175,24,2199
00306600,LAKE ERIE COLLEGE                       ,OH,44077-3389,Private      ,1,3,4,691,345,1036
00306800,LORAIN COUNTY COMMUNITY COLLEGE         ,OH,44035-1691,Public       ,54,137,191,2591,5118,7709
00306900,LOURDES COLLEGE                         ,OH,43560-2898,Private      ,2,12,14,625,1558,2183
00307200,MALONE UNIVERSITY                       ,OH,44709-3897,Private      ,1,17,18,1855,1119,2974
00307300,MARIETTA COLLEGE                        ,OH,45750-4033,Private      ,4,6,10,2278,253,2531
00307500,METHODIST THEOLOGICAL SCH IN OHIO       ,OH,43015-0000,Private      ,0,1,1,1,242,243
00307600,MIAMI-JACOBS COLLEGE                    ,OH,45401-0000,Proprietary  ,14,73,87,204,1529,1733
00307602,MIAMI - JACOBS CAREER COLLEGE - SPRINGBO,OH,45066-1115,Proprietary  ,13,62,75,110,391,501
00307603,MIAMI - JACOBS CAREER COLLEGE - TROY    ,OH,45373-3837,Proprietary  ,10,77,87,12,95,107
00307700,MIAMI UNIVERSITY                        ,OH,45056-1831,Public       ,52,84,136,15576,3769,19345
00307800,WRIGHT STATE UNIVERSITY                 ,OH,45435-0002,Public       ,24,76,100,10838,7893,18731
00308300,MOUNT UNION COLLEGE                     ,OH,44601-3993,Private      ,3,0,3,2968,179,3147
00308400,MUSKINGUM UNIVERSITY                    ,OH,43762-1199,Private      ,7,15,22,2097,505,2602
00308500,NOTRE DAME COLLEGE OF OHIO              ,OH,44121-4293,Private      ,3,22,25,948,990,1938
00308600,OBERLIN COLLEGE                         ,OH,44074-1090,Private      ,1,0,1,4162,103,4265
00308800,OHIO COLLEGE OF PODIATRIC MEDICINE      ,OH,44131-7304,Private      ,0,0,0,1,336,337
00308900,OHIO NORTHERN UNIVERSITY                ,OH,45810-1555,Private      ,2,0,2,4095,1119,5214
00309000,OHIO STATE UNIVERSITY-ALL CAMPUSES      ,OH,43210-1358,Public       ,76,132,208,39437,21995,61432
00309001,OHIO STATE UNIVERSITY-LIMA              ,OH,45804-0000,Public       ,0,0,0,3,4,7
00309002,OHIO STATE UNIVERSITY-MANSFIELD         ,OH,44906-0000,Public       ,0,0,0,1,5,6
00309003,THE OHIO STATE UNIVERSITY-MARION        ,OH,43302-0000,Public       ,0,0,0,5,7,12
00309004,OHIO STATE UNIVERSITY-NEWARK            ,OH,43055-1797,Public       ,0,0,0,12,6,18
00309005,OHIO STATE UNIVERSITY-ATI/WOOSTER       ,OH,44691-0000,Public       ,0,0,0,2,0,2
00310000,OHIO UNIVERSITY                         ,OH,45701-2979,Public       ,55,54,109,17191,4716,21907
00310002,"OHIO UNIVERSITY, ZANESVILLE CAMPUS      ",OH,43701-0000,Public       ,3,6,9,909,1045,1954
00310003,"OHIO UNIVERSITY, LANCASTER CAMPUS       ",OH,43130-0000,Public       ,9,10,19,841,978,1819
00310004,"OHIO UNIVERSITY, SOUTHERN CAMPUS        ",OH,45638-0000,Public       ,3,11,14,824,1353,2177
00310005,"OHIO UNIVERSITY, CHILLICOTHE CAMPUS     ",OH,45601-0000,Public       ,4,20,24,711,1450,2161
00310006,"OHIO UNIVERSITY, EASTERN CAMPUS         ",OH,43950-0000,Public       ,2,7,9,485,336,821
00310008,OHIO UNIV COLL OF OSTEOPATHIC MED       ,OH,45701-0000,Public       ,0,0,0,13,465,478
00310900,OHIO WESLEYAN UNIVERSITY                ,OH,43015-2398,Private      ,1,1,2,2323,92,2415
00311000,OTTERBEIN COLLEGE                       ,OH,43081-2006,Private      ,9,6,15,3419,949,4368
00311300,PONTIFICAL COLLEGE JOSEPHINUM           ,OH,43235-1498,Private      ,3,1,4,44,22,66
00311401,FIRELANDS REGIONAL MEDICAL CENTER       ,OH,44870-4788,Private      ,0,0,0,68,119,187
00311500,RABBINICAL COLLEGE OF TELSHE            ,OH,44092-2584,Private      ,2,0,2,30,22,52
00311600,UNIV OF RIO GRANDE                      ,OH,45674-3131,Private      ,6,41,47,1508,1481,2989
00311900,SINCLAIR COMMUNITY COLLEGE              ,OH,45402-1460,Public       ,35,134,169,6148,12003,18151
00312100,TIFFIN UNIVERSITY                       ,OH,44883-2161,Private      ,7,32,39,1590,1377,2967
00312200,UNITED THEOLOGICAL SEMINARY             ,OH,45406-0000,Private      ,0,1,1,1,192,193
00312300,UNIVERSITY OF AKRON                     ,OH,44325-6211,Public       ,38,81,119,15103,12261,27364
00312500,UNIVERSITY OF CINCINNATI                ,OH,45221-0125,Public       ,95,364,459,18547,16083,34630
00312504,UNIVERSITY OF CINCINNATI - COLLEGE OF ME,OH,45267-0553,Public       ,0,4,4,76,809,885
00312700,UNIVERSITY OF DAYTON                    ,OH,45469-0002,Private      ,15,87,102,8416,3353,11769
00313100,UNIVERSITY OF TOLEDO                    ,OH,43606-3390,Public       ,38,72,110,13651,7051,20702
00313101,UNIVERSITY OF TOLEDO - HEALTH SCIENCE CA,OH,43614-2598,Public       ,2,4,6,84,1353,1437
00313300,URBANA UNIVERSITY                       ,OH,43078-2091,Private      ,1,8,9,953,571,1524
00313400,URSULINE COLLEGE                        ,OH,44124-4398,Private      ,1,27,28,746,1285,2031
00313500,WALSH UNIVERSITY                        ,OH,44720-3396,Private      ,1,10,11,2073,902,2975
00314100,WILBERFORCE UNIVERSITY                  ,OH,45384-1001,Private      ,6,4,10,1127,680,1807
00314200,WILMINGTON COLLEGE                      ,OH,45177-2499,Private      ,4,5,9,1820,517,2337
00314300,WITTENBERG UNIVERSITY                   ,OH,45501-2199,Private      ,3,7,10,2624,230,2854
00314400,XAVIER UNIVERSITY                       ,OH,45207-1035,Private      ,11,36,47,4690,2846,7536
00314500,YOUNGSTOWN STATE UNIVERSITY             ,OH,44555-0001,Public       ,14,48,62,7934,6287,14221
00398200,CLEVELAND INSTITUTE OF ART              ,OH,44106-1700,Private      ,1,0,1,760,172,932
00406000,WINEBRENNER THEOLOGICAL SEMINARY        ,OH,45840-0000,Private      ,0,4,4,2,77,79
00485200,CLARK STATE COMMUNITY COLLEGE           ,OH,45505-4795,Public       ,8,23,31,1114,2891,4005
00485300,BRADFORD SCHOOL                         ,OH,43219-0000,Proprietary  ,1,0,1,572,357,929
00485500,DAVIS COLLEGE                           ,OH,43623-4307,Proprietary  ,2,26,28,126,716,842
00486100,UNIVERSITY OF NORTHWESTERN OHIO         ,OH,45805-1498,Private      ,25,14,39,3130,1069,4199
00486600,STAUTZENBERGER COLLEGE                  ,OH,43537-4007,Proprietary  ,8,30,38,316,1175,1491
00510200,SCH OF DIAGNOSTIC IMAGING-CLEVELAND     ,OH,44119-0000,Private      ,0,0,0,10,34,44
00512700,BROWN MACKIE COLLEGE-CINCINNATI         ,OH,45215-1107,Proprietary  ,54,262,316,896,4575,5471
00531300,NORTH CENTRAL STATE COLLEGE             ,OH,44901-0000,Public       ,9,15,24,1090,2468,3558
00575300,OWENS STATE COMMUNITY COLLEGE           ,OH,43699-0000,Public       ,27,100,127,4992,9232,14224
00648700,AULTMAN COLLEGE OF NURSING AND HEALTH SC,OH,44710-1799,Private      ,0,1,1,123,207,330
00648900,CHRIST HOSP SCH OF NURSING              ,OH,45219-2989,Private      ,0,1,1,110,330,440
00649400,GOOD SAMARITAN COLG-NURSING/HEALTH      ,OH,45220-2489,Private      ,0,2,2,167,369,536
00649800,MERIDIA HURON SCHOOL OF NURSING         ,OH,44112-4308,Private      ,0,3,3,24,237,261
00650700,TRINIT HEALTH SYSTEM SCH OF NURSING     ,OH,43952-2667,Private      ,0,0,0,56,135,191
00680400,LAKELAND COMMUNITY COLLEGE              ,OH,44094-5198,Public       ,16,55,71,2248,4276,6524
00686700,COLUMBUS STATE COMMUNITY COLLEGE        ,OH,43215-1786,Public       ,79,221,300,9391,17732,27123
00703500,KETTERING COLLEGE OF MEDICAL ARTS       ,OH,45429-1299,Private      ,0,7,7,473,846,1319
00708500,MOUNT VERNON NAZARENE UNIVERSITY        ,OH,43050-9500,Private      ,3,5,8,1504,493,1997
00708501,MOUNT VERNON NAZARENE UNIV - AGS        ,OH,43050-0000,Private      ,1,19,20,52,1062,1114
00727500,EASTERN GATEWAY COMMUNITY COLLEGE       ,OH,43952-3598,Public       ,2,11,13,716,1145,1861
00747300,CHOFFIN CAREER & TECHNICAL CENTER       ,OH,44503-1628,Public       ,0,2,2,51,189,240
00759800,HOCKING TECHNICAL COLLEGE               ,OH,45764-9582,Public       ,17,40,57,3156,3085,6241
00777700,REMINGTON COLLEGE - CLEVELAND CAMPUS    ,OH,44125-1957,Proprietary  ,8,89,97,226,1434,1660
00777704,REMINGTON COLLEGE-CLEVELAND WEST CAMPUS ,OH,44070-3129,Proprietary  ,7,30,37,216,762,978
00812900,ADULT AND COMMUNITY EDUCATION @ HUDSON  ,OH,43211-2017,Public       ,5,26,31,58,371,429
00813200,TOLEDO SCHOOL OF PRACTICAL NURSING      ,OH,43613-5110,Public       ,1,3,4,64,355,419
00813300,ZANE STATE COLLEGE                      ,OH,43701-2626,Public       ,4,17,21,901,1544,2445
00819400,AKRON SCHOOL OF PRACTICAL NRSG          ,OH,44311-0000,Public       ,0,0,0,47,162,209
00827800,TERRA COMMUNITY COLLEGE                 ,OH,43420-9670,Public       ,18,56,74,676,1412,2088
00867700,NORTHWEST STATE COMMUNITY COLLEGE       ,OH,43502-9542,Public       ,3,24,27,917,1897,2814
00888600,PORTAGE LAKES CAREER CENTER             ,OH,44232-0000,Public       ,0,0,0,25,123,148
00908800,ITT TECHNICAL INSTITUTE                 ,OH,45414-3456,Proprietary  ,40,90,130,771,1553,2324
00915600,WAYNE COUNTY SCHOOLS CAREER CENTER      ,OH,44677-9672,Public       ,0,0,0,22,203,225
00917200,SPRINGFIELD REGIONAL SCHOOL OF NURSING  ,OH,45501-0000,Private      ,1,4,5,77,206,283
00941200,NATIONAL INSTITUTE OF TECHNOLOGY        ,OH,44221-2998,Proprietary  ,10,60,70,280,611,891
00945101,BROWN MACKIE COLLEGE-NORTH CANTON       ,OH,44720-0000,Proprietary  ,13,137,150,238,1755,1993
00953000,GERBER AKRON BEAUTY SCHOOL              ,OH,44333-3714,Proprietary  ,1,7,8,21,109,130
00953100,SPA SCHOOL (THE)                        ,OH,43214-1524,Proprietary  ,0,3,3,14,61,75
00965800,RIGGS LEMAR BEAUTY COLLEGE              ,OH,44221-1114,Proprietary  ,0,0,0,20,43,63
00966000,TIFFIN ACADEMY OF HAIR DESIGN           ,OH,44883-2833,Proprietary  ,2,5,7,46,66,112
00983700,ITT TECHNICAL INSTITUTE                 ,OH,44509-4098,Proprietary  ,60,114,174,1071,1591,2662
00994100,BELMONT TECHNICAL COLLEGE               ,OH,43950-9766,Public       ,5,12,17,865,1430,2295
00994200,SHAWNEE STATE UNIVERSITY                ,OH,45662-4344,Public       ,19,28,47,3252,2136,5388
01001700,PAYNE THEOLOGICAL SEMINARY              ,OH,45384-0474,Private      ,0,0,0,0,92,92
01002700,JAMES A. RHODES STATE COLLEGE           ,OH,45804-3597,Public       ,9,28,37,1313,2579,3892
01016800,NATIONWIDE BEAUTY ACADEMY               ,OH,43228-1000,Proprietary  ,5,20,25,282,478,760
01028000,OHIO STATE BEAUTY ACADEMY               ,OH,45801-4950,Proprietary  ,7,4,11,94,142,236
01032300,HANNAH E MULLINS SCH-PRAC NRSG          ,OH,44460-2906,Public       ,1,1,2,17,101,118
01034500,CINCINNATI STATE TECH & COMM CLG        ,OH,45223-2690,Public       ,75,182,257,3882,7949,11831
01045300,WASHINGTON STATE CMTY COLLEGE           ,OH,45750-9225,Public       ,5,38,43,859,1596,2455
01063000,NORTHERN INSTITUTE OF COSMETOLOGY       ,OH,44052-1803,Proprietary  ,0,4,4,19,60,79
01073600,MARION TECHNICAL COLLEGE                ,OH,43302-5694,Public       ,2,14,16,581,1407,1988
01088000,CHATFIELD COLLEGE                       ,OH,45118-9705,Private      ,2,17,19,66,200,266
01088100,STARK STATE COLLEGE OF TECHNOLOGY       ,OH,44720-7299,Public       ,7,33,40,2543,5011,7554
01090600,CINCINNATI CLG OF MORTUARY SCIENCE      ,OH,45224-1428,Private      ,1,2,3,98,145,243
01092300,UNION INSTITUTE & UNIVERSITY            ,OH,45206-1925,Private      ,0,113,113,40,2237,2277
01096200,MOORE UNIV OF HAIR DESIGN               ,OH,45213-0000,Proprietary  ,0,0,0,12,40,52
01099300,HOBART INSTITUTE OF WELDING TECHNOLOGY  ,OH,45373-2400,Private      ,7,5,12,172,104,276
01100500,KAPLAN COLLEGE                          ,OH,43232-4827,Proprietary  ,27,96,123,177,902,1079
01104600,CENTRAL OHIO TECHNICAL COLLEGE          ,OH,43055-1767,Public       ,11,33,44,1222,3219,4441
01170300,PENTA COUNTY JOINT VOCATIONAL SCH       ,OH,43551-0000,Public       ,0,1,1,15,115,130
01174400,NATIONAL BEAUTY COLLEGE                 ,OH,44720-0000,Proprietary  ,0,2,2,65,136,201
01174500,OHIO TECHNICAL COLLEGE                  ,OH,44103-1228,Proprietary  ,9,11,20,1012,466,1478
01182500,OHIO STATE SCHOOL OF COSMETOLOGY        ,OH,43224-1107,Proprietary  ,1,2,3,45,87,132
01212800,SOUTHWESTERN COLLEGE                    ,OH,45402-3003,Proprietary  ,5,61,66,137,908,1045
01212802,SOUTHWESTERN COLLEGE                    ,OH,45005-2267,Proprietary  ,6,36,42,57,435,492
01212803,SOUTHWESTERN COLLEGE                    ,OH,45202-4304,Proprietary  ,15,66,81,129,710,839
01212804,SOUTHWESTERN COLLEGE                    ,OH,45246-3121,Proprietary  ,20,76,96,189,1271,1460
01216600,CAROUSEL BEAUTY COLLEGE                 ,OH,45402-8935,Proprietary  ,7,15,22,88,199,287
01224800,CENTRAL SCHOOL OF PRACTICAL NURSING     ,OH,44103-4371,Private      ,0,1,1,50,286,336
01267200,CAROUSEL BEAUTY COLLEGE                 ,OH,45044-5113,Proprietary  ,1,2,3,18,45,63
01267400,CAROUSEL OF MIAMI VALLEY BEAUTY CLG     ,OH,45424-2063,Proprietary  ,0,0,0,19,26,45
01275000,EDISON COMMUNITY COLLEGE                ,OH,45356-9239,Public       ,6,15,21,777,1814,2591
01283800,LAURA AND ALVIN SIEGAL COLLEGE OF JUDAIC,OH,44122-7197,Private      ,0,0,0,0,5,5
01284800,MOLER-HOLLYWOOD BEAUTY COLLEGE          ,OH,45202-2577,Proprietary  ,4,15,19,39,177,216
01287000,SOUTHERN STATE COMMUNITY COLLEGE        ,OH,45133-9406,Public       ,4,19,23,979,2190,3169
01289100,ANTONELLI COLLEGE                       ,OH,45202-2592,Proprietary  ,27,123,150,389,1492,1881
01289600,VIRGINIA MARTI COLLEGE OF ART AND DESIGN,OH,44107-0778,Proprietary  ,2,4,6,202,182,384
01313200,INTERNATIONAL CLG OF BROADCASTING       ,OH,45431-1898,Proprietary  ,1,4,5,76,153,229
02052000,OHIO INST OF PHOTOGRAPHY & TECHNOLOGY   ,OH,45439-1984,Proprietary  ,13,57,70,321,918,1239
02054300,TRUMBULL BUSINESS COLLEGE               ,OH,44484-0000,Proprietary  ,0,7,7,92,554,646
02056800,DAYMAR COLLEGE                          ,OH,45601-1038,Proprietary  ,2,10,12,58,322,380
02056802,DAYMAR COLLEGE - LANCASTER              ,OH,43130-0000,Proprietary  ,0,0,0,5,16,21
02056803,DAYMAR COLLEGE - NEW BOSTON             ,OH,45662-4900,Proprietary  ,0,0,0,4,21,25
02056804,DAYMAR COLLEGE - JACKSON                ,OH,45640-1728,Proprietary  ,0,1,1,2,22,24
02066100,OHIO STATE COLLEGE/BARBER STYLING       ,OH,43213-0000,Proprietary  ,1,23,24,53,168,221
02069500,AKRON INSTITUTE                         ,OH,44306-0000,Proprietary  ,2,33,35,169,876,1045
02073300,GALLIA-JACKSON-VINTON SCH ADULT ED      ,OH,45674-0000,Public       ,0,1,1,43,192,235
02077800,CENTURY SCHOOL OF COSMETOLOGY           ,OH,43952-0000,Proprietary  ,0,0,0,7,27,34
02110700,CLEVELAND INST OF DENTAL-MED ASST       ,OH,44115-2285,Proprietary  ,12,84,96,220,826,1046
02116009,SANFORD-BROWN COLLEGE - MIDDLEBURG HEIGH,OH,44130-8362,Proprietary  ,27,98,125,126,556,682
02116900,UPPER VALLEY JVS                        ,OH,45356-0000,Public       ,1,5,6,19,235,254
02117300,GREAT OAKS INSTITUTE OF TECHNOLOGY      ,OH,45241-1581,Public       ,1,9,10,150,857,1007
02128600,THE ART INSTITUTE OF CINCINNATI         ,OH,45246-0000,Proprietary  ,3,0,3,143,49,192
02140700,COMMUNITY EDUCATIONAL SERVICES          ,OH,44702-1710,Public       ,0,0,0,25,218,243
02152100,ACADEMY OF COURT REPORTING AND TECHNOLOG,OH,44115-0000,Proprietary  ,30,264,294,277,2839,3116
02158500,OHIO BUSINESS COLLEGE                   ,OH,44055-3344,Proprietary  ,2,23,25,81,471,552
02158501,OHIO BUSINESS COLLEGE                   ,OH,44870-9953,Proprietary  ,0,0,0,26,75,101
02163900,BEATRICE ACADEMY OF BEAUTY              ,OH,44106-0000,Proprietary  ,0,0,0,18,83,101
02168100,TRI-COUNTY JOINT VOCATIONAL SCHOOL      ,OH,45764-0000,Public       ,0,1,1,14,111,125
02187900,ASHTABULA CO JOINT VOC SCH ADULT ED     ,OH,44047-0000,Public       ,0,6,6,15,226,241
02189000,ADULT CENTER FOR EDUCATION              ,OH,43701-0000,Public       ,1,3,4,55,228,283
02190700,RETS TECH CENTER                        ,OH,45459-0000,Proprietary  ,14,62,76,234,1384,1618
02192100,BUTLER TECHNOLOGY AND CAREER DEVELOPMENT,OH,45011-0000,Public       ,4,7,11,117,506,623
02196300,COLLINS CAREER CENTER                   ,OH,45619-0000,Public       ,0,0,0,119,487,606
02210800,MEDINA COUNTY CAREER CENTER             ,OH,44256-0000,Public       ,0,2,2,13,130,143
02215400,OHIO STATE SCHOOL OF COSMETOLOGY        ,OH,43207-0000,Proprietary  ,2,1,3,69,101,170
02220500,GOD'S BIBLE SCHOOL & COLLEGE            ,OH,45210-0000,Private      ,0,0,0,148,61,209
02220800,CAREER & TECHNOLOGY EDUCATION CENTERS OF,OH,43055-0000,Public       ,0,4,4,17,116,133
02239800,PIONEER CAREER & TECHNOLOGY CENTER      ,OH,44875-0000,Public       ,0,0,0,7,56,63
02245600,WARREN COUNTY CAREER CENTER             ,OH,45036-0000,Public       ,1,4,5,9,50,59
02246300,INSTITUTE OF MEDICAL-DENTAL TECH        ,OH,45246-3317,Proprietary  ,3,12,15,57,193,250
02261400,COLLEGE OF ART ADVERTISING              ,OH,45211-0000,Proprietary  ,0,0,0,16,18,34
02263700,MIAMI VALLEY CAREER TECHNOLOGY CTR      ,OH,45315-0000,Public       ,1,0,1,91,417,508
02269400,EASTERN HILLS ACAD OF HAIR DESIGN       ,OH,45255-0000,Proprietary  ,0,2,2,45,92,137
02269500,WESTERN HILLS SCHOOL OF BEAUTY & HAIR DE,OH,45211-0000,Proprietary  ,3,5,8,63,299,362
02270100,OHIO HI-POINT CAREER CENTER             ,OH,43311-0000,Public       ,0,3,3,18,164,182
02272700,COLUMBIANA COUNTY CAREER CENTER         ,OH,44432-0000,Public       ,0,0,0,21,179,200
02287900,RAPHAEL'S SCHOOL OF BEAUTY CULTURE      ,OH,44446-0000,Proprietary  ,3,9,12,51,156,207
02301400,OHIO VALLEY COLLEGE OF TECHNOLOGY       ,OH,43920-0000,Proprietary  ,1,8,9,66,251,317
02303600,BOHECKER'S BUSINESS COLLEGE             ,OH,44266-0000,Proprietary  ,9,47,56,211,530,741
02304700,TRI-RIVERS CAREER CENTER                ,OH,43302-0000,Public       ,0,1,1,32,133,165
02311200,AMERICAN SCHOOL OF TECHNOLOGY           ,OH,43229-0000,Proprietary  ,4,58,62,85,619,704
02315500,TOLEDO ACADEMY OF BEAUTY CULTURE - EAST ,OH,43616-0000,Proprietary  ,2,4,6,40,198,238
02328500,MOLER-PICKENS BEAUTY COLLEGE            ,OH,45014-0000,Proprietary  ,4,11,15,21,84,105
02334300,INTERNATIONAL ACAD OF HAIR DESIGN       ,OH,45239-0000,Proprietary  ,3,5,8,85,72,157
02336300,KNOX COUNTY CAREER CENTER               ,OH,43050-4298,Public       ,0,0,0,39,185,224
02336700,CUYAHOGA VALLEY CAREER CENTER           ,OH,44141-1296,Public       ,0,3,3,38,161,199
02337700,PROFESSIONAL SKILLS INSTITUTE           ,OH,43607-0000,Proprietary  ,1,6,7,91,652,743
02345600,AKRON MACHINING INSTITUTE               ,OH,44203-0000,Private      ,2,19,21,16,132,148
02351500,WILLOUGHBY EASTLAKE SCH OF PRAC NSG     ,OH,44094-0000,Public       ,0,2,2,15,104,119
02352800,POLARIS CAREER CENTER-ADULT ED DEPT     ,OH,44130-0000,Public       ,0,4,4,34,128,162
02354200,SCIOTO COUNTY JOINT VOCATIONAL SCH      ,OH,45648-0000,Public       ,2,7,9,75,320,395
02454400,NORTHEASTERN OHIO UNIVS COL OF MED      ,OH,44272-0000,Public       ,1,1,2,48,472,520
02497800,GREENE COUNTY CAREER CENTER             ,OH,45385-0000,Public       ,0,13,13,26,152,178
02512600,ADULT VOCATIONAL SERVICES               ,OH,44308-0000,Public       ,0,8,8,7,137,144
02519300,OHIO STATE SCH COSMETOLOGY              ,OH,43068-0000,Proprietary  ,0,0,0,7,20,27
02522700,EASTLAND-FAIRFIELD CAREER AND TECHNICAL ,OH,43125-0000,Public       ,1,4,5,48,263,311
02528300,TDDS TECHNICAL INSTITUTE                ,OH,44429-0000,Proprietary  ,3,23,26,68,404,472
02529500,HAMRICK SCHOOL                          ,OH,44256-0000,Proprietary  ,0,2,2,4,86,90
02541400,TOLEDO ACADEMY OF BEAUTY CULTURE-SO     ,OH,43614-0000,Proprietary  ,2,17,19,45,172,217
02545800,INNER STATE BEAUTY SCHOOLS              ,OH,44124-0000,Proprietary  ,1,11,12,54,236,290
02553000,SCHOOL OF ADVERTISING ART               ,OH,45440-0000,Proprietary  ,0,0,0,191,14,205
02560000,CASAL AVEDA INSTITUTE                   ,OH,44515-0000,Proprietary  ,9,5,14,86,74,160
02560700,PICKAWAY ROSS CO JOINT VOC TECH SCH     ,OH,45601-0000,Public       ,0,6,6,52,222,274
02562300,APOLLO CAREER CENTER-ADULT EDUC         ,OH,45806-0000,Public       ,1,4,5,68,359,427
02563000,RAPHAELS SCHOOL OF BEAUTY CULTURE       ,OH,44601-2847,Proprietary  ,3,11,14,26,78,104
02568600,MAHONING COUNTY CAREER & TECH CENTR     ,OH,44406-0000,Public       ,0,0,0,15,78,93
02582900,KAPLAN CAREER INSTITUTE                 ,OH,44129-6810,Proprietary  ,22,97,119,164,821,985
02586400,TRUMBULL CAREER & TECH CENTER-ADULT     ,OH,44483-1997,Public       ,1,0,1,44,258,302
02588500,OHIO STATE SCHOOL OF COSMETOLOGY        ,OH,43081-0000,Proprietary  ,0,0,0,26,12,38
02599711,VATTEROTT COLLEGE - CLEVELAND           ,OH,44147-3502,Proprietary  ,4,34,38,62,449,511
02603800,LORAIN COUNTY JVS ADULT CAREER CTR      ,OH,44074-9799,Public       ,0,1,1,36,168,204
02614700,SPRINGFIELD CLARK CO JOINT VOC SCH      ,OH,45505-4295,Public       ,0,2,2,5,74,79
02616200,BROWN MACKIE COLLEGE-FINDLAY            ,OH,45840-6848,Proprietary  ,15,91,106,364,1408,1772
02620000,SANDUSKY CAREER CENTER                  ,OH,44870-4786,Public       ,0,0,0,24,131,155
03007900,GALLIPOLIS CAREER COLLEGE               ,OH,45631-2600,Proprietary  ,1,3,4,27,256,283
03015100,ALLIANCE HIGH SCH-CMTY SERVICES DIV     ,OH,44601-2899,Public       ,0,1,1,32,164,196
03015300,EHOVE CAREER CENTER                     ,OH,44846-9500,Public       ,3,13,16,67,327,394
03023700,MADISON ADULT CAREER CENTER             ,OH,44905-2718,Public       ,0,0,0,13,104,117
03024300,VALLEY BEAUTY SCHOOL                    ,OH,43725-2332,Proprietary  ,3,1,4,40,71,111
03027100,FAIRVIEW ACADEMY                        ,OH,44126-2214,Proprietary  ,0,10,10,18,69,87
03034200,WASHINGTON COUNTY CAREER CENTER ADULT TE,OH,45750-9290,Public       ,1,3,4,22,158,180
03051400,AUBURN CAREER CENTER                    ,OH,44077-9723,Public       ,0,0,0,40,68,108
03051500,US GRANT JOINT VOCATIONAL SCHOOL        ,OH,45106-9502,Public       ,0,0,0,0,31,31
03065800,OHIO INSTITUTE OF HEALTH CAREERS        ,OH,44035-2394,Proprietary  ,10,52,62,143,692,835
03065900,BUCKEYE CAREER CENTER                   ,OH,44663-9437,Public       ,0,0,0,44,208,252
03067600,RAPHAEL'S SCHOOL OF BEAUTY CULTURE      ,OH,44512-2222,Proprietary  ,1,10,11,23,67,90
03068200,OHIO CENTER FOR BROADCASTING            ,OH,44125-4220,Proprietary  ,4,12,16,105,270,375
03071900,MOUNT CARMEL COLLEGE OF NURSING         ,OH,43222-1598,Private      ,3,1,4,494,499,993
03078000,OHIO CENTER FOR BROADCASTING            ,OH,45227-1509,Proprietary  ,2,5,7,37,62,99
03079000,ETI TECHNICAL COLLEGE                   ,OH,44446-4398,Proprietary  ,2,13,15,124,369,493
03084800,DELAWARE AREA CAREER CENTER             ,OH,43015-8969,Public       ,0,0,0,1,17,18
03084801,DELAWARE AREA CAREER CENTER -           ,OH,43015-9001,Public       ,0,1,1,5,13,18
03095600,VANTAGE CAREER CENTER                   ,OH,45891-1378,Public       ,0,0,0,24,120,144
03097000,MERCY COLLEGE OF NORTHWEST OHIO         ,OH,43604-1132,Private      ,1,4,5,372,657,1029
03100100,PARAMOUNT BEAUTY ACADEMY                ,OH,45662-4136,Proprietary  ,2,15,17,33,97,130
03105400,CLEVELAND EXTENSION HIGH SCH-WEST       ,OH,44102-2298,Public       ,0,1,1,29,219,248
03116200,DAYTON BARBER COLLEGE                   ,OH,45402-2310,Proprietary  ,5,11,16,27,141,168
03116300,OHIO COLLEGE OF MASSOTHERAPY            ,OH,44321-1363,Private      ,2,2,4,105,259,364
03116400,VANGUARD-SENTINELL VOC SCH DISTRICT     ,OH,43420-1197,Public       ,0,0,0,2,26,28
03117000,ASHLAND COUNTY-W HOLMES CAREER CTR      ,OH,44805-0000,Public       ,0,6,6,15,131,146
03200500,YOUNGSTOWN COLLEGE OF MASSOTHERAPY      ,OH,44471-2321,Proprietary  ,0,2,2,20,42,62
03319300,CREATIVE IMAGES-A CERTIFIED MATRIX      ,OH,45414-2557,Proprietary  ,7,16,23,68,141,209
03319301,CREATIVE IMAGES-A CERTIFIED MATRIX      ,OH,45459-0000,Proprietary  ,2,5,7,79,139,218
03416400,VALLEY BEAUTY SCHOOL                    ,OH,43701-3624,Proprietary  ,0,5,5,13,37,50
03425300,ROSEDALE BIBLE COLLEGE                  ,OH,43029-9517,Private      ,0,1,1,64,9,73
03457300,ALLEGHENY WESLEYAN COLLEGE              ,OH,44460-9598,Private      ,1,0,1,35,11,46
03468400,NATIONAL INSTITUTE OF MASSOTHERAPY      ,OH,44319-2100,Proprietary  ,1,1,2,37,111,148
03468500,ATS INSTITUTE OF TECHNOLOGY             ,OH,44143-2216,Proprietary  ,6,27,33,53,675,728
03475400,TRI-STATE BIBLE COLLEGE                 ,OH,45680-8402,Private      ,0,0,0,5,15,20
03534400,AMERICAN INST OF ALTERNATIVE MEDICI     ,OH,43229-1113,Proprietary  ,3,8,11,56,195,251
03578300,TRI-STATE COLLEGE                       ,OH,44452-8535,Proprietary  ,0,0,0,14,38,52
03586400,MED CENTRAL COLLEGE OF NURSING          ,OH,44903-2265,Private      ,1,9,10,263,313,576
03626300,BROWN AVEDA INSTITUTE                   ,OH,44060-6212,Proprietary  ,9,8,17,105,88,193
03659300,COMPUTER QUEST LTD.                     ,OH,44130-3034,Proprietary  ,1,2,3,6,131,137
03693300,CARNEGIE INST OF INTEGRATIVE MED/MASSOTH,OH,44260-9608,Private      ,2,23,25,11,90,101
03700300,REGENCY BEAUTY INSTITUTE - CLEVELAND    ,OH,44094-0000,Proprietary  ,3,2,5,42,138,180
03726300,TEMPLE BAPTIST COLLEGE                  ,OH,45240-0000,Private      ,0,1,1,22,33,55
03744300,EDUTEK COLLEGE                          ,OH,44224-0000,Private      ,0,0,0,1,20,21
03747300,BEXLEY HALL SEMINARY                    ,OH,43209-2325,Private      ,0,0,0,0,12,12
03776400,HEALING ARTS INSTITUTE                  ,OH,43551-3138,Proprietary  ,0,3,3,18,54,72
03837300,AVEDA FREDRIC'S INSTITUTE               ,OH,45208-1304,Proprietary  ,0,0,0,16,18,34
03882300,OREGON CAREER CENTER                    ,OH,43616-2631,Public       ,0,0,0,2,13,15
04074300,HONDROS COLLEGE                         ,OH,43081-3855,Proprietary  ,1,4,5,1,12,13
04117300,DAYTON SCHOOL OF MEDICAL MASSAGE        ,OH,45429-1111,Proprietary  ,20,70,90,24,97,121
04118300,NORTHCOAST MEDICAL TRAINING ACADEMY     ,OH,44240-4174,Proprietary  ,5,11,16,5,11,16
        ,INVALID SCHOOL CODE                     ,  ,00000-0000,,502,733,1235,29572,27354,56926
00134500,ADAMS STATE COLLEGE                     ,CO,81102-2373,Public       ,5,46,51,1982,1632,3614
00134600,ARAPAHOE COMMUNITY COLLEGE              ,CO,80160-9002,Public       ,29,137,166,1341,3292,4633
00134700,COLORADO COLLEGE                        ,CO,80903-3294,Private      ,5,5,10,2354,276,2630
00134800,COLORADO SCHOOL OF MINES                ,CO,80401-1887,Public       ,2,4,6,3128,587,3715
00134900,UNIVERSITY OF NORTHERN COLORADO         ,CO,80639-0001,Public       ,27,70,97,9126,3558,12684
00135000,COLORADO STATE UNIVERSITY               ,CO,80523-0100,Public       ,65,91,156,15441,6479,21920
00135200,DENVER  SEMINARY                        ,CO,80120-2192,Private      ,0,8,8,7,556,563
00135300,FORT LEWIS COLLEGE                      ,CO,81301-3999,Public       ,7,13,20,3161,1166,4327
00135400,ILIFF SCHOOL OF THEOLOGY                ,CO,80210-0000,Private      ,0,3,3,3,231,234
00135500,LAMAR COMMUNITY COLLEGE                 ,CO,81052-3999,Public       ,4,22,26,355,416,771
00135800,MESA STATE COLLEGE                      ,CO,81501-7682,Public       ,16,53,69,3513,2496,6009
00135900,COLORADO NORTHWESTERN COMMUNITY COLLEGE ,CO,81648-3598,Public       ,1,6,7,238,286,524
00136000,METROPOLITAN STATE CLG OF DENVER        ,CO,80204-0000,Public       ,98,239,337,7736,11140,18876
00136100,NORTHEASTERN JUNIOR COLLEGE             ,CO,80751-2399,Public       ,4,6,10,830,387,1217
00136200,OTERO JUNIOR COLLEGE                    ,CO,81050-3346,Public       ,15,33,48,541,877,1418
00136300,REGIS UNIVERSITY                        ,CO,80221-1099,Private      ,2,152,154,2002,7729,9731
00136500,COLORADO STATE UNIVERSITY-PUEBLO        ,CO,81001-4901,Public       ,18,42,60,2735,2447,5182
00136800,TRINIDAD STATE JR COLLEGE               ,CO,81082-2396,Public       ,21,75,96,679,1036,1715
00137000,UNIVERSITY OF COLORADO-BOULDER          ,CO,80309-0077,Public       ,101,79,180,16292,7594,23886
00137100,UNIVERSITY OF DENVER                    ,CO,80208-2000,Private      ,15,135,150,4382,7490,11872
00137200,WESTERN STATE COLLEGE                   ,CO,81231-0000,Public       ,1,3,4,1794,432,2226
00163202,AQUINAS INSTITUTE OF THEOLOGY - AQUINAS ,CO,80903-1498,Private      ,0,0,0,0,3,3
00405702,NATIONAL AMERICAN UNIVERSITY            ,CO,80918-0000,Proprietary  ,0,2,2,8,165,173
00405703,NATIONAL AMERICAN UNIVERSITY            ,CO,80222-0000,Proprietary  ,1,0,1,13,77,90
00450300,EVEREST COLLEGE                         ,CO,80916-3548,Proprietary  ,21,111,132,173,1089,1262
00450600,COLORADO MOUNTAIN COLLEGE               ,CO,81602-0000,Public       ,13,20,33,885,665,1550
00450700,EVEREST COLLEGE                         ,CO,80229-4339,Proprietary  ,51,263,314,616,3040,3656
00450701,"EVEREST COLLEGE- EVEREST COLLEGE, AURORA",CO,80012-5692,Proprietary  ,0,3,3,30,56,86
00450800,UNIVERSITY OF COLORADO DENVER           ,CO,80204-2029,Public       ,6,27,33,698,3650,4348
00450824,UNIVERSITY OF COLORADO DENVER - AURARIA ,CO,80217-3364,Public       ,22,66,88,3920,6840,10760
00450900,UNIV OF COLORADO AT COLO SPRINGS        ,CO,80918-3735,Public       ,12,59,71,4339,3889,8228
00559600,EMILY GRIFFITH OPPORTUNITY SCH          ,CO,80204-2197,Public       ,10,45,55,189,1046,1235
00729700,REDSTONE COLLEGE                        ,CO,80020-9988,Proprietary  ,16,28,44,307,522,829
00754700,LINCOLN COLLEGE OF TECHNOLOGY           ,CO,80223-2013,Proprietary  ,66,63,129,955,836,1791
00754800,WESTWOOD COLLEGE - DENVER NORTH         ,CO,80221-3653,Proprietary  ,58,394,452,2160,7733,9893
00754801,WESTWOOD COLLEGE - DENVER SOUTH         ,CO,80227-3653,Proprietary  ,10,29,39,396,1044,1440
00758200,AIMS COMMUNITY COLLEGE                  ,CO,80632-0000,Public       ,15,81,96,1311,2295,3606
00764900,ROCKY MOUNTAIN COLG OF ART & DESIGN     ,CO,80214-0000,Proprietary  ,1,3,4,507,175,682
00793300,FRONT RANGE COMMUNITY COLLEGE           ,CO,80031-2199,Public       ,52,202,254,3816,6975,10791
00793301,FRONT RANGE COMM COLL/LARIMER CAMP      ,CO,80526-0000,Public       ,0,0,0,6,12,18
00863500,INTELLITEC MEDICAL INSTITUTE            ,CO,80909-1570,Proprietary  ,4,44,48,80,486,566
00887100,CONCORDE CAREER INSTITUTE               ,CO,80203-0000,Proprietary  ,12,57,69,187,871,1058
00889600,PIKES PEAK COMMUNITY COLLEGE            ,CO,80906-5498,Public       ,65,317,382,2933,6627,9560
00940100,COLORADO CHRISTIAN UNIVERSITY           ,CO,80226-7449,Private      ,1,49,50,1279,1769,3048
00954200,COMMUNITY COLLEGE OF DENVER             ,CO,80217-2026,Public       ,58,180,238,2238,5558,7796
00954300,RED ROCKS COMMUNITY COLLEGE             ,CO,80228-1255,Public       ,34,136,170,1445,2691,4136
00985500,YESHIVA TORAS CHAIM TALMUDICAL SEM      ,CO,80204-0067,Private      ,1,0,1,3,6,9
00998100,MORGAN COMMUNITY COLLEGE                ,CO,80701-4399,Public       ,19,37,56,290,775,1065
01014800,COLORADO TECHNICAL UNIVERSITY           ,CO,80907-3896,Proprietary  ,41,325,366,786,7804,8590
01014802,COLORADO TECHNICAL UNIV - DENVER        ,CO,80111-3201,Proprietary  ,6,34,40,114,601,715
01014805,COLORADO TECH UNIV - ON LINE            ,CO,80907-0000,Proprietary  ,198,2914,3112,1832,28859,30691
01014806,COLORADO TECH UNIV - FED EXPRESS        ,CO,80921-3800,Proprietary  ,1,6,7,7,56,63
01014807,COLORADO TECH UNIV - MCI WORLD COM      ,CO,80919-3172,Proprietary  ,0,0,0,6,24,30
01014808,COLORADO TECH UNIV - USAA               ,CO,80920-1005,Proprietary  ,0,0,0,3,9,12
01014809,COLORADO TECH UNIV - SCHRIEVER AFB      ,CO,80912-7298,Proprietary  ,0,0,0,0,2,2
01014810,COLORADO TECH UNIV - PETERSON AFB       ,CO,80914-1586,Proprietary  ,0,1,1,0,3,3
01014811,COLORADO TECH UNIV-HEWLETT PACKARD      ,CO,80919-2303,Proprietary  ,1,1,2,1,7,8
01014812,COLORADO TECHNICAL UNIVERSITY - WESTMINS,CO,80021-3498,Proprietary  ,8,50,58,116,555,671
01014813,COLORADO TECH UNIV - ORACLE             ,CO,80921-3660,Proprietary  ,0,3,3,1,23,24
01014815,COLORADO TECHNCL UNIV PUEBLO            ,CO,81003-2315,Proprietary  ,0,9,9,33,87,120
01070900,EMPIRE BEAUTY SCHOOL-LAKEWOOD           ,CO,80215-0000,Proprietary  ,1,9,10,30,58,88
01073200,SAN JUAN BASINTECHNICAL COLLEGE         ,CO,81328-9196,Public       ,0,0,0,49,153,202
01157200,COLORADO SCHOOL OF TRADES               ,CO,80215-2996,Proprietary  ,0,13,13,92,222,314
01267000,BEL-REA INST OF ANIMAL TECH             ,CO,80247-3048,Proprietary  ,3,5,8,373,550,923
01285000,INTERNATIONAL SALON AND SPA ACADEMY     ,CO,80918-3684,Proprietary  ,10,20,30,83,196,279
01287500,PICKENS TECHNICAL COLLEGE               ,CO,80011-9307,Public       ,1,10,11,168,369,537
01300700,NAZARENE BIBLE COLLEGE                  ,CO,80910-3717,Private      ,0,25,25,47,593,640
02059400,INTERNATIONAL BEAUTY ACADEMY            ,CO,80918-3684,Proprietary  ,0,0,0,30,96,126
02072200,EMPIRE BEAUTY SCHOOL -ARVADA            ,CO,80212-0000,Proprietary  ,4,4,8,55,111,166
02078900,ART INSTITUTE OF COLORADO (THE)         ,CO,80203-2983,Proprietary  ,26,38,64,2300,2038,4338
02116300,PUEBLO COMMUNITY COLLEGE                ,CO,81004-0000,Public       ,43,178,221,1530,4329,5859
02117500,NAROPA UNIVERSITY                       ,CO,80302-0000,Private      ,0,3,3,282,1089,1371
02133100,COLORADO CENTER FOR MEDICAL LABORATORY S,CO,80218-0000,Private      ,0,1,1,9,44,53
02141100,ARTISTIC BEAUTY COLGS-WESTMINSTER       ,CO,80030-0000,Proprietary  ,10,27,37,113,257,370
02141102,ARTISTIC BEAUTY COLLEGES-LITTLETON      ,CO,80123-3480,Proprietary  ,3,12,15,10,30,40
02141103,ARTISTIC BEAUTY COLLEGES-AURORA         ,CO,80017-3194,Proprietary  ,5,9,14,31,92,123
02156200,DELTA - MONTROSE TECHNICAL COLLEGE      ,CO,81416-0000,Public       ,0,1,1,58,125,183
02159000,AMERICAN DIESEL & AUTO COLLEGE          ,CO,80223-0000,Proprietary  ,0,0,0,1,1,2
02160600,EMPIRE BEAUTY SCHOOL -THORNTON          ,CO,80241-1659,Proprietary  ,3,13,16,63,155,218
02165200,SALON PROFESSIONAL ACADEMY (THE)        ,CO,81504-5309,Proprietary  ,0,4,4,27,52,79
02167600,KAPLAN COLLEGE                          ,CO,80229-5309,Proprietary  ,11,29,40,121,391,512
02171300,TRINIDAD STATE JUNIOR COLLEGE           ,CO,81101-0000,Proprietary  ,0,0,0,2,4,6
02188700,DENVER ACAD OF COURT REPORTING          ,CO,80030-0000,Proprietary  ,2,10,12,23,169,192
02211901,CHEEKS INTERNATIONAL ACADEMY OF BEAUTY C,CO,80525-3053,Proprietary  ,0,0,0,9,23,32
02211902,CHEEKS INTERNATIONAL ACDMY BTY CULT     ,CO,80631-0000,Proprietary  ,0,0,0,3,20,23
02253700,INTELLITEC COLLEGE                      ,CO,80909-0000,Proprietary  ,14,52,66,127,568,695
02267500,GLENWOOD BEAUTY ACADEMY                 ,CO,81601-0000,Proprietary  ,2,8,10,17,42,59
02276900,COMMUNITY COLLEGE OF AURORA             ,CO,80011-9036,Public       ,40,201,241,1236,3236,4472
02321700,ITT TECHNICAL INSTITUTE                 ,CO,80229-5338,Proprietary  ,35,81,116,555,1074,1629
02518500,HAIR DYNAMICS EDUCATION CENTER          ,CO,80525-0000,Proprietary  ,6,8,14,86,132,218
02594300,COLLEGE AMERICA - DENVER                ,CO,80222-3380,Proprietary  ,19,149,168,246,1269,1515
02611000,HERITAGE COLLEGE                        ,CO,80212-7413,Proprietary  ,18,101,119,198,957,1155
03006300,INST OF BUSINESS & MEDICAL CAREERS      ,CO,80525-3044,Proprietary  ,11,51,62,195,721,916
03012100,REMINGTON COLLEGE - COLORADO SPRINGS CAM,CO,80215-0000,Proprietary  ,2,7,9,82,445,527
03013100,BOULDER COLLEGE OF MASSAGE THERAPY      ,CO,80301-3295,Private      ,1,0,1,80,181,261
03014900,PLATT COLLEGE                           ,CO,80014-3141,Proprietary  ,3,4,7,60,164,224
03027400,XENON INTERNATIONAL ACADEMY III         ,CO,80014-1193,Proprietary  ,0,7,7,40,64,104
03030606,UTAH COLLEGE OF MASSAGE THERAPY - DENVER,CO,80031-2921,Proprietary  ,9,17,26,136,225,361
03030607,UTAH COLLEGE OF MASSAGE THERAPY - DENVER,CO,80012-2523,Proprietary  ,11,14,25,145,277,422
03031603,DPT BUSINESS SCHOOL                     ,CO,80223-0000,Proprietary  ,0,0,0,2,7,9
03066900,INTELLITEC COLLEGE                      ,CO,81506-3994,Proprietary  ,9,48,57,175,768,943
03068201,OHIO CENTER FOR BROADCASTING - COLORADO ,CO,80214-4129,Proprietary  ,0,7,7,47,127,174
03289300,COLORADO HEIGHTS UNIVERSITY             ,CO,80236-2711,Private      ,2,31,33,15,148,163
03306300,MONTESSORI EDUC CRT OF THE ROCKIES      ,CO,80301-2587,Private      ,1,2,3,6,39,45
03474400,CENTER OF ADVANCED THERAPEUTICS         ,CO,80210-1629,Proprietary  ,0,0,0,1,7,8
03534300,JONES INTERNATIONAL UNIVERSITY          ,CO,80112-3446,Proprietary  ,1,106,107,18,1470,1488
03545300,UNIVERSITY OF THE ROCKIES               ,CO,80903-3612,Proprietary  ,0,1,1,4,156,160
03584400,COLORADO SCHOOL OF HEALING ARTS         ,CO,80226-4332,Proprietary  ,0,5,5,60,303,363
03670300,TONI & GUY HAIRDRESSING ACADEMY         ,CO,80911-1713,Proprietary  ,1,3,4,49,70,119
03686300,COLORADO SCHOOL OF TRADITIONAL CHINESE M,CO,80206-2127,Proprietary  ,1,6,7,6,127,133
03805300,CORTIVA INSTITUTE-COLORADO              ,CO,80021-0000,Proprietary  ,1,2,3,13,51,64
03972300,CUTTIN' UP BEAUTY ACADEMY               ,CO,80220-0000,Proprietary  ,1,4,5,9,50,59
03976300,MASSAGE THERAPY INSTITUTE OF COLORADO   ,CO,80206-2127,Proprietary  ,0,3,3,21,78,99
04093300,ACADEMY OF NATURAL THERAPY              ,CO,80631-3425,Proprietary  ,3,12,15,11,37,48
00267811,BRYANT & STRATTON COLLEGE - VIRGINIA BEA,VA,23462-4417,Proprietary  ,8,61,69,250,1444,1694
00370200,AVERETT UNIVERSITY                      ,VA,24541-3692,Private      ,8,104,112,1221,1439,2660
00370300,BLUEFIELD COLLEGE                       ,VA,24605-1799,Private      ,1,4,5,583,707,1290
00370400,BRIDGEWATER COLLEGE                     ,VA,22812-1599,Private      ,5,0,5,2145,101,2246
00370500,COLLEGE OF WILLIAM & MARY               ,VA,23187-8795,Public       ,6,30,36,7090,3168,10258
00370600,CHRISTOPHER NEWPORT UNIVERSITY          ,VA,23606-2998,Public       ,5,7,12,5394,836,6230
00370700,RICHARD BLAND COLLEGE                   ,VA,23805-7100,Public       ,5,4,9,545,309,854
00370800,EASTERN MENNONITE UNIVERSITY            ,VA,22802-2462,Private      ,1,7,8,997,425,1422
00370900,EMORY & HENRY COLLEGE                   ,VA,24327-0010,Private      ,2,0,2,1505,113,1618
00371100,FERRUM COLLEGE                          ,VA,24088-2612,Private      ,1,0,1,1766,195,1961
00371200,TIDEWATER COMMUNITY COLLEGE             ,VA,23510-1910,Public       ,81,364,445,5889,11984,17873
00371300,HAMPDEN-SYDNEY COLLEGE                  ,VA,23943-0128,Private      ,1,0,1,1011,29,1040
00371400,HAMPTON UNIVERSITY                      ,VA,23668-0099,Private      ,26,20,46,8934,2460,11394
00371500,HOLLINS UNIVERSITY                      ,VA,24020-0000,Private      ,0,3,3,868,527,1395
00371900,LONGWOOD UNIVERSITY                     ,VA,23909-1899,Public       ,8,12,20,3932,520,4452
00372000,LYNCHBURG COLLEGE                       ,VA,24501-3199,Private      ,9,5,14,2699,517,3216
00372100,JAMES MADISON UNIVERSITY                ,VA,22807-3780,Public       ,19,12,31,15323,1673,16996
00372300,MARY BALDWIN COLLEGE                    ,VA,24401-3610,Private      ,3,15,18,1111,815,1926
00372400,MARYMOUNT UNIVERSITY                    ,VA,22207-4224,Private      ,7,23,30,2222,1826,4048
00372600,NATIONAL COLLEGE                        ,VA,24153-4524,Proprietary  ,71,421,492,885,5894,6779
00372700,NORTHERN VA CMTY CLG                    ,VA,22003-3743,Public       ,134,318,452,5651,7813,13464
00372800,OLD DOMINION UNIVERSITY                 ,VA,23529-0052,Public       ,52,137,189,11729,9719,21448
00373200,RADFORD UNIVERSITY                      ,VA,24142-6905,Public       ,13,7,20,6958,1845,8803
00373300,RANDOLPH-MACON COLLEGE                  ,VA,23005-5505,Private      ,1,0,1,1536,57,1593
00373400,RANDOLPH COLLEGE                        ,VA,24503-1526,Private      ,2,1,3,776,113,889
00373500,VIRGINIA COMMONWEALTH UNIVERSITY        ,VA,23284-9004,Public       ,53,116,169,15185,10613,25798
00373600,ROANOKE COLLEGE                         ,VA,24153-3794,Private      ,4,0,4,2289,166,2455
00373700,SHENANDOAH UNIVERSITY                   ,VA,22601-5195,Private      ,4,14,18,1831,1511,3342
00373800,SOUTHERN VIRGINIA UNIVERSITY            ,VA,24416-3038,Private      ,5,3,8,824,233,1057
00373900,ST PAULS COLLEGE                        ,VA,23868-1299,Private      ,2,8,10,614,388,1002
00374200,SWEET BRIAR COLLEGE                     ,VA,24595-9998,Private      ,0,1,1,624,53,677
00374300,UNION THEO SEMINARY & PRESBYTRN SCH     ,VA,23227-0000,Private      ,0,0,0,1,121,122
00374400,UNIVERSITY OF RICHMOND                  ,VA,23173-0001,Private      ,0,8,8,3081,1942,5023
00374500,UNIVERSITY OF VIRGINIA - SFS            ,VA,22903-0000,Public       ,40,55,95,12651,7126,19777
00374600,UNIVERSITY OF MARY WASHINGTON           ,VA,22401-5358,Public       ,10,16,26,3483,739,4222
00374700,UNIV OF VIRGINIA'S COLLEGE AT WISE      ,VA,24293-4412,Public       ,3,3,6,1679,416,2095
00374800,EASTERN SHORE COMMUNITY COLLEGE         ,VA,23410-3000,Public       ,2,19,21,255,438,693
00374900,GEORGE MASON UNIVERSITY                 ,VA,22030-4444,Public       ,43,113,156,11465,10248,21713
00375100,PATRICK HENRY COMMUNITY COLLEGE         ,VA,24112-5311,Public       ,15,79,94,740,1767,2507
00375200,VIRGINIA INTERMONT COLLEGE              ,VA,24201-4298,Private      ,2,3,5,630,475,1105
00375300,VIRGINIA MILITARY INSTITUTE             ,VA,24450-2138,Public       ,7,1,8,1282,64,1346
00375400,VIRGINIA POLYTECH INST & STATE UNIV     ,VA,24061-2000,Public       ,32,43,75,19704,3791,23495
00375800,DANVILLE COMMUNITY COLLEGE              ,VA,24541-4004,Public       ,18,44,62,1003,2098,3101
00375900,J. SARGEANT REYNOLDS COMMUNITY CLG      ,VA,23285-0000,Public       ,30,123,153,2371,4992,7363
00376000,VIRGINIA WESTERN CMTY COLLEGE           ,VA,24038-0000,Public       ,21,97,118,1416,2694,4110
00376100,WYTHEVILLE COMMUNITY COLLEGE            ,VA,24382-3308,Public       ,22,48,70,671,1450,2121
00376200,VIRGINIA UNIVERSITY OF LYNCHBURG        ,VA,24501-6400,Private      ,0,2,2,38,143,181
00376400,VIRGINIA STATE UNIVERSITY               ,VA,23806-0001,Public       ,28,15,43,7466,2018,9484
00376500,NORFOLK STATE UNIVERSITY                ,VA,23504-8000,Public       ,30,45,75,7493,4696,12189
00376600,VIRGINIA UNION UNIVERSITY               ,VA,23220-1711,Private      ,12,9,21,2632,798,3430
00376700,VIRGINIA WESLEYAN COLLEGE               ,VA,23502-5599,Private      ,3,6,9,1612,517,2129
00376800,WASHINGTON & LEE UNIVERSITY             ,VA,24450-0303,Private      ,2,0,2,1597,1114,2711
00400400,JOHN TYLER COMMUNITY COLLEGE            ,VA,23831-5316,Public       ,16,103,119,1674,3251,4925
00498800,CENTRAL VIRGINIA COMMUNITY COLLEGE      ,VA,24502-2498,Public       ,12,45,57,918,1440,2358
00499200,MILLER-MOTTE TECHNICAL COLLEGE          ,VA,24505-0000,Proprietary  ,7,35,42,106,461,567
00499600,DABNEY S LANCASTER COMMUNITY CLG        ,VA,24422-1000,Public       ,5,27,32,408,479,887
00522300,NEW RIVER COMMUNITY COLLEGE             ,VA,24084-1127,Public       ,3,10,13,1092,1464,2556
00607500,ROANOKE MEM HOSP SCH RAD ONCOLOGY       ,VA,24033-0000,Private      ,0,0,0,1,4,5
00607501,ROANOKE MEM HOSP SCH RAD TECH           ,VA,24014-1850,Private      ,0,1,1,2,5,7
00662200,COLLEGE OF HEALTH SCIENCES - CHRV       ,VA,24031-0000,Private      ,7,15,22,415,724,1139
00681900,BLUE RIDGE COMMUNITY COLLEGE            ,VA,24486-0080,Public       ,7,29,36,1152,1211,2363
00687100,THOMAS NELSON COMMUNITY COLLEGE         ,VA,23670-0000,Public       ,34,120,154,2156,4602,6758
00709900,VIRGINIA HIGHLANDS COMMUNITY CLG        ,VA,24210-4210,Public       ,4,16,20,932,1129,2061
00726000,SOUTHWEST VIRGINIA COMMUNITY CLG        ,VA,24641-1510,Public       ,4,24,28,1062,1723,2785
00859200,LOUISE OBICI SCHOOL OF NURSING          ,VA,23434-8038,Private      ,0,3,3,11,35,46
00859202,SUFFOLK PUB SCH-LOUISE OBICI SCH PN     ,VA,23434-0000,Private      ,0,1,1,2,8,10
00865900,LORD FAIRFAX COMMUNITY COLLEGE          ,VA,22645-0047,Public       ,23,52,75,932,1294,2226
00866000,GERMANNA COMMUNITY COLLEGE              ,VA,22508-0339,Public       ,10,57,67,814,1270,2084
00866100,SOUTHSIDE VIRGINIA CMTY CLG             ,VA,23821-2930,Public       ,40,153,193,1130,2539,3669
00915900,PAUL D CAMP COMMUNITY COLLEGE           ,VA,23851-0737,Public       ,6,47,53,304,866,1170
00916000,RAPPAHANNOCK COMMUNITY COLLEGE          ,VA,23149-2616,Public       ,5,21,26,491,761,1252
00926700,EVEREST COLLEGE                         ,VA,23606-4203,Proprietary  ,32,271,303,255,1710,1965
00942000,SANFORD-BROWN COLLEGE                   ,VA,22182-3913,Proprietary  ,12,30,42,469,686,1155
00953500,STAUNTON SCHOOL OF COSMETOLOGY          ,VA,24401-4323,Proprietary  ,1,0,1,19,28,47
00953700,VIRGINIA SCH OF HAIR DESIGN             ,VA,23669-0000,Proprietary  ,4,10,14,40,163,203
00962900,MOUNTAIN EMPIRE COMMUNITY COLLEGE       ,VA,24219-0700,Public       ,1,12,13,987,1646,2633
00992800,PIEDMONT VIRGINIA COMMUNITY COLLEGE     ,VA,22902-7589,Public       ,8,62,70,917,1306,2223
00995800,HICKS ACADEMY OF BEAUTY CULTURE         ,VA,23707-3218,Proprietary  ,1,5,6,11,61,72
01004300,BON SECOURS MEMORIAL SCH OF NURSING     ,VA,23227-4612,Private      ,2,2,4,169,497,666
01019800,ECPI COLLEGE OF TECHNOLOGY              ,VA,23462-6542,Proprietary  ,167,524,691,2061,7208,9269
01033800,EASTERN VIRGINIA MEDICAL SCHOOL         ,VA,23501-1980,Private      ,0,3,3,20,1028,1048
01159600,RALPH'S VIRGINIA SCH OF COSMETOLOGY     ,VA,24501-2652,Proprietary  ,1,6,7,21,38,59
01162601,WESTWOOD COLLEGE - SOUTH BAY - ARLINGTON,VA,22203-4167,Proprietary  ,10,15,25,31,60,91
01162602,WESTWOOD COLLEGE - SOUTH BAY - ANNANDALE,VA,22003-2602,Proprietary  ,7,26,33,24,68,92
01274401,SOUTHSIDE REGIONAL MED CTR PROF SCHOOLS ,VA,23803-5133,Proprietary  ,1,1,2,69,235,304
01274402,SOUTHSIDE REG MED CTR SCH RAD TECH      ,VA,23803-0000,Proprietary  ,0,1,1,5,32,37
02053000,LIBERTY UNIVERSITY                      ,VA,24502-0000,Private      ,55,467,522,11530,11974,23504
02108800,WARDS CORNER BEAUTY ACADEMY             ,VA,23505-0000,Proprietary  ,9,31,40,55,280,335
02111600,DANVILLE REGIONAL MEDICAL CENTER SCHOOL ,VA,24541-0000,Proprietary  ,0,1,1,34,103,137
02128700,CENTRAL SCHOOL OF PRACTICAL NURSING     ,VA,23502-2230,Public       ,0,3,3,3,11,14
02140000,RIVERSIDE SCHOOL OF HEALTH CAREERS      ,VA,23608-3802,Private      ,0,3,3,62,263,325
02140001,RIVERSIDE SCHOOL OF HEALTH CAREERS-PRACT,VA,23601-3802,Private      ,0,0,0,25,111,136
02140002,RIVERSIDE SCHOOL OF RADIOLOGIC TECH     ,VA,23601-0000,Private      ,0,0,0,6,34,40
02175800,LYNCHBURG GENERAL HOSP SCH OF NURSG     ,VA,24501-0000,Private      ,0,1,1,66,138,204
02197600,WOODROW WILSON REHABILITATION CTR       ,VA,22939-0000,Public       ,1,0,1,44,37,81
02223100,HERITAGE INSTITUTE                      ,VA,22046-4400,Proprietary  ,2,7,9,53,227,280
02242400,HENRICO CTY ST MARYS HOSP PRAC NRSG     ,VA,23075-0000,Public       ,1,0,1,9,46,55
02247200,MEDSPA CAREERS INSTITUTE                ,VA,23606-0000,Proprietary  ,23,54,77,562,2325,2887
02304500,HERITAGE INSTITUTE                      ,VA,20111-0000,Proprietary  ,15,66,81,116,387,503
02320900,TIDEWATER TECH                          ,VA,23517-0000,Proprietary  ,9,22,31,77,198,275
02334400,CENTURA COLLEGE                         ,VA,23452-0000,Proprietary  ,33,316,349,504,3631,4135
02340000,COLONIAL HEIGHTS BEAUTY ACADEMY         ,VA,23834-0000,Proprietary  ,3,5,8,27,78,105
02342700,FORTIS COLLEGE                          ,VA,23502-4101,Proprietary  ,8,29,37,108,302,410
02342701,FORTIS COLLEGE - RICHMOND CAMPUS        ,VA,23236-3472,Proprietary  ,5,28,33,74,195,269
02535400,ECPI TECHNICAL COLLEGE                  ,VA,23236-0000,Proprietary  ,33,51,84,511,760,1271
02538800,SUFFOLK BEAUTY ACADEMY                  ,VA,23434-0000,Proprietary  ,5,3,8,17,90,107
02541200,STRATFORD UNIVERSITY                    ,VA,22043-0000,Proprietary  ,11,24,35,204,484,688
02541201,STRATFORD UNIVERSITY-WOODBRIDGE         ,VA,22192-0000,Proprietary  ,0,1,1,25,89,114
02549800,NEW HORIZONS TECH SCH PR NSG            ,VA,23666-0000,Public       ,0,0,0,10,34,44
02567300,BRAXTON SCHOOL OF BUSINESS (THE)        ,VA,23230-0000,Proprietary  ,2,11,13,30,87,117
02588901,SANZ SCHOOL                             ,VA,22044-0000,Proprietary  ,0,0,0,2,19,21
02605900,TESST COLLEGE OF TECHNOLOGY             ,VA,22312-6342,Proprietary  ,5,57,62,120,504,624
02610100,WASHINGTON COUNTY ADULT SKILL CTR       ,VA,24210-2346,Public       ,2,15,17,27,146,173
03002400,GRAHAM WEBB INTERNATIONAL ACAD HAIR     ,VA,22209-2129,Proprietary  ,5,11,16,63,81,144
03010700,BAR PALMA BEAUTY CAREERS  ACADEMY       ,VA,24014-2255,Proprietary  ,6,11,17,27,71,98
03042800,"VIRGINIA BEACH CITY SCHOOLS, SCH.-PR.NSG",VA,23456-0038,Public       ,1,1,2,17,54,71
03091100,ACT COLLEGE                             ,VA,22209-2297,Proprietary  ,23,82,105,170,831,1001
03091300,REGENT UNIVERSITY                       ,VA,23464-9800,Private      ,2,131,133,342,4677,5019
03092700,ECPI TECHNICAL COLLEGE-ROANOKE          ,VA,24012-1603,Proprietary  ,14,43,57,133,460,593
03096500,SPRINGFIELD BEAUTY ACADEMY              ,VA,22003-3016,Proprietary  ,3,14,17,15,140,155
03106500,SENTARA NORFOLK GENERAL HOSPITAL        ,VA,23320-2843,Private      ,1,5,6,143,595,738
03116900,BAPTIST THEOLOGICAL SEM.-RICHMOND       ,VA,23227-0000,Private      ,0,0,0,3,59,62
03126300,TIDEWATER TECH AVIATION                 ,VA,23320-5987,Proprietary  ,7,26,33,73,392,465
03126400,CENTURA COLLEGE                         ,VA,23235-5230,Proprietary  ,9,38,47,149,620,769
03126401,CENTURA COLLEGE - WEST                  ,VA,23294-0000,Proprietary  ,1,3,4,13,42,55
03127500,ADVANCED TECHNOLOGY INSTITUTE           ,VA,23462-2409,Proprietary  ,13,28,41,414,396,810
03280400,VIRGINIA SCHOOL OF MASSAGE              ,VA,22903-0000,Proprietary  ,2,7,9,43,115,158
03409500,RICHMOND SCHOOL OF HEALTH AND TECH      ,VA,23227-0000,Proprietary  ,6,42,48,132,785,917
03455300,CRESCENT COSMETOLOGY UNIVERSITY         ,VA,23666-3115,Proprietary  ,0,0,0,5,15,20
03559300,APPALACHIAN SCHOOL OF LAW               ,VA,24614-0000,Private      ,0,0,0,9,655,664
03638400,TAP THIS VALLEY WORKS CTR FOR EMPLO     ,VA,24016-1901,Private      ,0,3,3,1,24,25
03645400,RUDY & KELLY ACADEMY OF HAIR AND NA     ,VA,23464-6857,Proprietary  ,6,8,14,70,99,169
03654300,CAREER TRAINING SOLUTIONS               ,VA,22406-1014,Proprietary  ,5,12,17,44,294,338
03709300,EDWARD VIA VIRGINIA CLG OSTEOPATHIC MED ,VA,24060-6360,Private      ,0,1,1,7,638,645
03872400,INSTITUTE FOR THE PSYCHOLOGICAL SCIENCES,VA,22202-3609,Private      ,0,0,0,0,59,59
03876300,CULPEPER COSMETOLOGY TRAINING CENTER    ,VA,22701-3155,Public       ,2,0,2,8,24,32
03883400,AVIATION INSTITUTE OF MAINTENANCE       ,VA,20110-4156,Proprietary  ,9,20,29,58,161,219
03966300,CENTRAL BAPTIST THEOLOGICAL SEMINARY OF ,VA,23464-6847,Private      ,0,1,1,1,8,9
04038400,AVI CAREER INSTITUTE                    ,VA,22066-1839,Proprietary  ,0,2,2,2,19,21
00107000,THUNDERBIRD SCHOOL OF GLOBAL MANAGEMENT ,AZ,85306-6000,Private      ,0,3,3,2,520,522
00107100,ARIZONA WESTERN COLLEGE                 ,AZ,85366-0000,Public       ,87,84,171,2502,2571,5073
00107200,COCHISE COLLEGE                         ,AZ,85607-6190,Public       ,27,53,80,1073,1790,2863
00107300,EASTERN ARIZONA COLLEGE                 ,AZ,85552-0769,Public       ,9,17,26,1137,991,2128
00107400,GRAND CANYON UNIVERSITY                 ,AZ,85017-3030,Proprietary  ,19,352,371,943,12195,13138
00107600,GLENDALE COMMUNITY COLLEGE              ,AZ,85302-3090,Public       ,93,225,318,4664,6272,10936
00107700,MESA COMMUNITY COLLEGE                  ,AZ,85202-4866,Public       ,107,250,357,6053,8598,14651
00107800,PHOENIX COLLEGE                         ,AZ,85013-4234,Public       ,64,179,243,2743,5276,8019
00107900,YAVAPAI COLLEGE                         ,AZ,86301-3297,Public       ,17,49,66,1134,1767,2901
00108100,ARIZONA STATE UNIV (ALL CAMPUSES)       ,AZ,85287-0412,Public       ,166,309,475,29855,23772,53627
00108200,NORTHERN ARIZONA UNIVERSITY             ,AZ,86011-0001,Public       ,55,268,323,11033,9608,20641
00108300,UNIVERSITY OF ARIZONA                   ,AZ,85721-0066,Public       ,116,147,263,18007,11358,29365
00165701,MIDWESTERN UNIVERSITY                   ,AZ,85308-0000,Private      ,1,6,7,67,1780,1847
00446700,TUCSON COLLEGE                          ,AZ,85710-0000,Proprietary  ,14,76,90,178,868,1046
00711300,SOUTHWESTERN COLLEGE                    ,AZ,85032-7097,Private      ,6,3,9,244,112,356
00726600,PIMA COUNTY COMMUNITY COLLEGE           ,AZ,85709-1110,Public       ,177,282,459,6554,9897,16451
00728300,CENTRAL ARIZONA COLLEGE                 ,AZ,85228-9779,Public       ,14,67,81,1130,1733,2863
00822100,UNIVERSAL TECHNICAL INSTITUTE           ,AZ,85323-7946,Proprietary  ,287,188,475,11641,5119,16760
00824600,DINè COLLEGE                            ,AZ,86556-0126,Public       ,19,63,82,649,1227,1876
00830300,GATEWAY COMMUNITY COLLEGE               ,AZ,85034-1795,Public       ,19,116,135,917,3321,4238
00830302,MARICOPA SKILL CENTER                   ,AZ,85034-0000,Public       ,12,61,73,198,698,896
00830400,SCOTTSDALE COMMUNITY COLLEGE            ,AZ,85250-0000,Public       ,55,92,147,2102,2758,4860
00886400,ARIZONA ACADEMY OF BEAUTY               ,AZ,85712-5021,Proprietary  ,1,6,7,26,65,91
00886500,ARTISTIC BEAUTY COLLEGES-TUCSON         ,AZ,85716-3999,Proprietary  ,20,39,59,235,371,606
00886501,ARTISTIC BEAUTY COLLEGES - TUCSON  - NOR,AZ,85705-1665,Proprietary  ,5,12,17,91,152,243
00945100,BROWN MACKIE COLLEGE                    ,AZ,85712-5300,Proprietary  ,11,44,55,141,531,672
01084700,ARIZONA AUTOMOTIVE INSTITUTE            ,AZ,85301-3503,Proprietary  ,57,73,130,494,839,1333
01085800,AVALON SCHOOL OF COSMETOLOGY            ,AZ,85210-4010,Proprietary  ,7,16,23,94,199,293
01157000,PIMA MEDICAL INSTITUTE-MESA             ,AZ,85202-2950,Proprietary  ,1,6,7,73,213,286
01168900,REFRIGERATION SCHOOL                    ,AZ,85034-0000,Proprietary  ,8,75,83,74,515,589
01180200,ARIZONA ACADEMY OF BEAUTY-NORTH         ,AZ,85705-2720,Proprietary  ,1,4,5,22,69,91
01180800,ARTISTIC BEAUTY COLLEGES-FLAGSTAFF      ,AZ,86004-5119,Proprietary  ,7,30,37,140,332,472
01180801,CLG OF BEAUTY ARTS & SCI/CHANDLER       ,AZ,85224-0000,Proprietary  ,5,22,27,65,191,256
01180802,CLG OF BEAUTY ARTS & SCI/PRESCOTT       ,AZ,86303-0000,Proprietary  ,1,7,8,42,92,134
01186200,NORTHLAND PIONEER COLLEGE               ,AZ,86025-2996,Public       ,7,44,51,387,1208,1595
01186400,MOHAVE COMMUNITY COLLEGE                ,AZ,86409-1238,Public       ,36,171,207,816,3065,3881
01218400,INTERNATIONAL ACAD OF HAIR DESIGN       ,AZ,85225-7198,Proprietary  ,14,23,37,91,123,214
01234300,ARTISTIC BEAUTY COLLEGES-PHOENIX        ,AZ,85304-0000,Proprietary  ,11,27,38,123,244,367
01234301,EMPIRE BEAUTY SCHOOL - AVONDALE         ,AZ,85323-2352,Proprietary  ,0,4,4,32,58,90
01293700,ARTISTIC BEAUTY COLLEGES - PARADISE VALL,AZ,85257-0000,Proprietary  ,0,5,5,29,56,85
02065200,ITT TECHNICAL INSTITUTE                 ,AZ,85282-0000,Proprietary  ,86,189,275,968,2143,3111
02065300,PRESCOTT COLLEGE                        ,AZ,86301-0000,Private      ,3,12,15,345,1038,1383
02071200,KAPLAN COLLEGE                          ,AZ,85029-4349,Proprietary  ,14,34,48,147,491,638
02098800,UNIVERSITY OF PHOENIX                   ,AZ,85040-0000,Proprietary  ,2131,45646,47777,14079,330310,344389
02100500,UNIVERSAL TECHNICAL INSTITUTE           ,AZ,85027-0000,Proprietary  ,166,135,301,7269,5895,13164
02100600,APOLLO COLLEGE                          ,AZ,85015-0000,Proprietary  ,168,443,611,1497,4257,5754
02113800,ROBERTO-VENN SCH OF LUTHIERY            ,AZ,85040-0000,Proprietary  ,0,0,0,33,33,66
02146600,SOUTH MOUNTAIN COMMUNITY COLLEGE        ,AZ,85040-0000,Public       ,23,67,90,1079,1721,2800
02171500,WESTERN INTERNATIONAL UNIVERSITY        ,AZ,85021-0000,Proprietary  ,21,515,536,791,17538,18329
02171545,AXIA- (WESTERN INTERNATIONAL UNIVERSITY),AZ,85210-4803,Proprietary  ,0,0,0,0,41,41
02173300,DEVOE COLLEGE OF BEAUTY                 ,AZ,85635-0000,Proprietary  ,1,2,3,17,41,58
02174900,COLLINS COLLEGE                         ,AZ,85040-4000,Proprietary  ,33,31,64,2388,1610,3998
02177500,RIO SALADO COMMUNITY COLLEGE            ,AZ,85281-0000,Public       ,37,521,558,653,5837,6490
02181300,LONG TECHNICAL COLLEGE                  ,AZ,85008-6915,Proprietary  ,0,3,3,25,163,188
02192300,MARICOPA BEAUTY COLLEGE                 ,AZ,85323-0000,Proprietary  ,9,12,21,56,72,128
02199900,AMERICAN INDIAN CLG-ASSEMBLIES GOD      ,AZ,85021-0000,Private      ,1,4,5,45,49,94
02217100,PIMA MEDICAL INSTITUTE                  ,AZ,85716-0000,Proprietary  ,124,423,547,1710,5320,7030
02218800,BROOKLINE COLLEGE                       ,AZ,85019-1600,Proprietary  ,18,159,177,242,1986,2228
02220300,ARTISTIC BEAUTY COLLEGES-GLENDALE       ,AZ,85051-0000,Proprietary  ,11,14,25,89,165,254
02263100,ANTHEM COLLEGE                          ,AZ,85014-0000,Proprietary  ,308,1211,1519,4057,11742,15799
02280500,CHARLES OF ITALY BEAUTY COLLEGE         ,AZ,86403-0000,Proprietary  ,3,8,11,34,95,129
02295000,EVEREST COLLEGE                         ,AZ,85021-1610,Proprietary  ,31,333,364,468,3258,3726
02317800,AMERICAN INSTITUTE OF TECHNOLOGY        ,AZ,85043-0000,Proprietary  ,10,179,189,51,1105,1156
02342401,ACADEMY OF RADIO BROADCASTING           ,AZ,85008-0000,Proprietary  ,0,0,0,5,23,28
02361100,ITT TECHNICAL INSTITUTE                 ,AZ,85704-0000,Proprietary  ,58,117,175,614,1073,1687
02491500,THE ART CENTER DESIGN COLLEGE           ,AZ,85716-0000,Proprietary  ,29,22,51,270,487,757
02521500,LAMSON COLLEGE                          ,AZ,85284-1141,Proprietary  ,0,41,41,130,700,830
02559000,UNIVERSITY OF ADVANCING TECHNOLOGY      ,AZ,85283-0000,Proprietary  ,13,14,27,1035,716,1751
02561900,TONI AND GUY HAIRDRESSING ACADEMY       ,AZ,85251-3301,Proprietary  ,7,6,13,186,150,336
02582700,CORTIVA INSTITUTE - TUCSON              ,AZ,85710-3503,Proprietary  ,2,8,10,52,134,186
02602500,NORTHERN ARIZONA INSTITUTE OF TECHNOLOGY,AZ,86001-0000,Proprietary  ,0,0,0,1,0,1
02616700,SCOTTSDALE CULINARY INSTITUTE           ,AZ,85251-2729,Proprietary  ,24,87,111,1410,2256,3666
02623600,PARADISE VALLEY COMMUNITY COLLEGE       ,AZ,85032-1210,Public       ,30,61,91,1441,2316,3757
02623800,CORTIVA INSTITUTE - SCOTTSDALE          ,AZ,85257-4218,Proprietary  ,1,1,2,47,161,208
03004700,MUNDUS INSTITUTE                        ,AZ,85015-3665,Proprietary  ,0,0,0,13,37,50
03005000,SAFFORD COLLEGE OF BEAUTY CULTURE       ,AZ,85546-3309,Proprietary  ,2,8,10,13,44,57
03010613,VIRGINIA COLLEGE - GOLF ACADEMY OF ARIZO,AZ,85225-6742,Proprietary  ,5,5,10,128,153,281
03030604,UTAH COLLEGE OF MASSAGE THERAPY - ARIZON,AZ,85282-0000,Proprietary  ,21,32,53,214,377,591
03030605,UTAH COLLEGE OF MASSAGE THERAPY - ARIZON,AZ,85051-3470,Proprietary  ,9,32,41,177,396,573
03034400,CONSERVATORY RECORDING ARTS & SCIS      ,AZ,85282-1707,Proprietary  ,14,18,32,463,571,1034
03072200,CHANDLER-GILBERT COMMUNITY COLLEGE      ,AZ,85225-2499,Public       ,34,60,94,1765,2280,4045
03076400,BRYMAN SCHOOL OF ARIZONA                ,AZ,85029-4919,Proprietary  ,287,487,774,3330,5438,8768
03081200,METROPOLITAN COLLEGE                    ,AZ,85040-0000,Private      ,0,0,0,2,7,9
03097800,CARSTEN INSTITUTE OF HAIR & BEAUTY      ,AZ,85282-5404,Proprietary  ,5,4,9,125,142,267
03100400,COCONINO COUNTY COMMUNITY COLLEGE       ,AZ,86001-2701,Public       ,22,28,50,857,1257,2114
03107000,SOUTHWEST CLG OF NATUROPATHIC MED       ,AZ,85282-0000,Private      ,0,3,3,3,404,407
03115000,ARIZONA COLLEGE OF ALLIED HEALTH        ,AZ,85302-3843,Proprietary  ,11,38,49,65,427,492
03120300,COLLEGE AMERICA                         ,AZ,86004-3936,Proprietary  ,5,34,39,175,417,592
03156300,ESTRELLA MOUNTAIN COMMUNITY COLLEGE     ,AZ,85392-1010,Public       ,26,84,110,1152,1901,3053
03156301,ESTRELLA MOUNTAIN COMMUNITY COLLEGE - SO,AZ,85392-1010,Public       ,2,14,16,155,441,596
03347300,INTERNATIONAL BAPTIST COLLEGE           ,AZ,85282-6799,Private      ,1,0,1,35,22,57
03445300,HDS TRUCK DRIVING INSTITUTE             ,AZ,85731-0000,Proprietary  ,2,50,52,11,186,197
03478400,PHOENIX SEMINARY                        ,AZ,85018-7611,Private      ,0,2,2,0,10,10
03572300,EAST VALLEY INSTITUTE OF TECHNOLOGY     ,AZ,85201-6910,Public       ,14,3,17,64,95,159
03593300,SOUTHWEST INSTITUTE OF HEALING ARTS     ,AZ,85281-3658,Proprietary  ,9,16,25,77,424,501
03617500,PHOENIX INSTITUTE OF HERBAL MEDICINE & A,AZ,85012-0000,Proprietary  ,0,3,3,6,75,81
03695500,ARIZONA SCHOOL OF ACUPUNCTURE AND ORIENT,AZ,85712-1100,Proprietary  ,1,0,1,7,43,50
03740500,ART INSTITUTE OF TUCSON (THE)           ,AZ,85712-2732,Proprietary  ,5,9,14,107,126,233
03784400,TOHONO O'ODHAM COMMUNITY COLLEGE        ,AZ,85634-3129,Public       ,1,10,11,17,91,108
03814300,TURNING POINT BEAUTY COLLEGE            ,AZ,85222-4229,Proprietary  ,1,2,3,2,26,28
04051300,ART INSTITUTE OF PHOENIX (THE)          ,AZ,85021-2859,Proprietary  ,14,21,35,504,441,945
04059300,TUCSON COLLEGE OF BEAUTY                ,AZ,85705-2451,Proprietary  ,3,5,8,31,39,70
04120900,ARIZONA CULINARY INSTITUTE              ,AZ,85259-4939,Proprietary  ,3,10,13,3,10,13
00142800,DELAWARE STATE UNIVERSITY               ,DE,19901-2277,Public       ,30,22,52,5050,1547,6597
00142900,GOLDEY BEACOM COLLEGE                   ,DE,19808-1993,Private      ,4,17,21,537,418,955
00143100,UNIVERSITY OF DELAWARE                  ,DE,19716-0099,Public       ,40,26,66,17484,2230,19714
00143300,WESLEY COLLEGE                          ,DE,19901-3875,Private      ,4,9,13,2221,339,2560
00143301,WESLEY COLLEGE-CTR FOR ADULT STUDIE     ,DE,19720-0000,Private      ,0,32,32,41,471,512
00331301,WIDENER UNIV SCHOOL OF LAW - DE         ,DE,19803-0000,Private      ,0,2,2,23,1666,1689
00705300,DELAWARE TECH & CMTY COLLEGE-OWENS      ,DE,19947-0000,Public       ,14,82,96,1227,1909,3136
00794800,WILMINGTON UNIVERSITY                   ,DE,19720-6491,Private      ,19,138,157,1349,4420,5769
01172700,DELAWARE TECH & CMTY CLG-TERRY          ,DE,19901-8736,Public       ,23,61,84,1031,1601,2632
01195002,DELAWARE COLLEGE OF ART & DESIGN        ,DE,19801-0000,Private      ,1,1,2,281,65,346
02125200,BEEBE SCHOOL OF NURSING                 ,DE,19958-1462,Private      ,1,2,3,31,49,80
02144900,DELAWARE TECH & CMTY CLG-STANTN/WLM     ,DE,19801-0000,Public       ,24,74,98,1918,2899,4817
02190400,SCHILLING DOUGLAS SCH OF HAIR DSGN      ,DE,19711-0000,Proprietary  ,3,8,11,87,146,233
02586902,STAR TECHNICAL INSTITUTE -              ,DE,19901-4615,Proprietary  ,4,35,39,36,309,345
03021000,HARRISON CAREER INSTITUTE               ,DE,19804-3259,Proprietary  ,0,0,0,6,54,60
03025800,DAWN TRAINING CENTRE                    ,DE,19805-1511,Proprietary  ,3,62,65,60,444,504
03543300,HARRIS SCHOOL OF BUSINESS               ,DE,19803-5341,Proprietary  ,7,54,61,50,290,340
03702300,DELAWARE LEARNING INSTITUTE OF COSMETOLO,DE,19939-9759,Proprietary  ,0,5,5,21,42,63
00143400,AMERICAN UNIVERSITY                     ,DC,20016-8020,Private      ,7,26,33,10126,8706,18832
00143700,CATHOLIC UNIVERSITY OF AMERICA          ,DC,20064-0002,Private      ,8,39,47,3496,2152,5648
00143711,"CATHOLIC UNIV AMERICA, LAW SCHOOL       ",DC,20064-0000,Private      ,0,2,2,31,1607,1638
00144100,UNIV OF THE DISTRICT OF COLUMBIA        ,DC,20008-0000,Public       ,21,63,84,1821,3615,5436
00144102,UNIVERSITY OF THE DISTRICT OF COLUMBIA -,DC,20008-1173,Public       ,1,2,3,45,615,660
00144300,GALLAUDET UNIVERSITY                    ,DC,20002-3695,Private      ,6,2,8,861,824,1685
00144400,GEORGE WASHINGTON UNIVERSITY            ,DC,20052-2353,Private      ,10,112,122,10909,7917,18826
00144402,GEORGE WASHINGTON UNIV LAW SCHL         ,DC,20052-0000,Private      ,0,3,3,24,3803,3827
00144403,GEORGE WASHINGTON UNIV SCH MED          ,DC,20052-0000,Private      ,0,1,1,29,1125,1154
00144500,GEORGETOWN UNIVERSITY                   ,DC,20057-1252,Private      ,13,57,70,9832,4537,14369
00144501,"GEORGETOWN UNIV, SCH OF MEDICINE        ",DC,20007-0000,Private      ,0,3,3,32,1149,1181
00144503,GEORGETOWN UNIV LAW CENTER              ,DC,20001-0000,Private      ,0,6,6,22,4806,4828
00144800,HOWARD UNIVERSITY                       ,DC,20059-0001,Private      ,39,40,79,11572,7872,19444
00145600,SOUTHEASTERN UNIVERSITY                 ,DC,20024-2788,Private      ,1,19,20,180,974,1154
00145900,STRAYER UNIVERSITY                      ,DC,20005-2603,Proprietary  ,46,803,849,1220,29925,31145
00146000,TRINITY UNIVERSITY                      ,DC,20017-1004,Private      ,2,40,42,772,1478,2250
00146400,WESLEY THEOLOGICAL SEMINARY             ,DC,20016-0000,Private      ,0,4,4,0,289,289
00207701,JOHNS HOPKINS UNIV SCH ADV INTL STU     ,DC,20036-0000,Private      ,0,1,1,27,1180,1207
01006500,WASHINGTON THEOLOGICAL UNION            ,DC,20012-0000,Private      ,0,0,0,0,36,36
01195000,THE CORCORAN COLLEGE OF ART & DESIG     ,DC,20006-4804,Private      ,0,5,5,462,307,769
01266500,HARRISON CTR FOR CAREER EDUCATION       ,DC,20001-5303,Private      ,0,0,0,3,108,111
01280300,DOMINICAN HOUSE OF STUDIES              ,DC,20017-1584,Private      ,0,0,0,0,6,6
02132800,NAT'L CONSERVATORY DRAMATIC ARTS        ,DC,20007-2758,Private      ,0,1,1,7,19,26
02279200,DUDLEY BEAUTY COLG-WASHINGTON           ,DC,20018-0000,Proprietary  ,0,14,14,59,167,226
02588900,SANZ SCHOOL                             ,DC,20006-0000,Proprietary  ,46,174,220,336,1446,1782
03104300,CAREER BLAZERS LEARNING CENTER OF WASHIN,DC,20037-1881,Proprietary  ,12,104,116,87,617,704
03218300,POTOMAC COLLEGE                         ,DC,20016-1860,Proprietary  ,1,29,30,29,499,528
03409600,BENNETT CAREER INSTITUTE                ,DC,20017-1754,Proprietary  ,3,17,20,77,220,297
03750300,TECHNICAL LEARNING CENTERS              ,DC,20005-3415,Proprietary  ,4,23,27,29,259,288
00154100,ABRAHAM BALDWIN AGRICULTURAL CLG        ,GA,31794-0000,Public       ,47,51,98,2738,1535,4273
00154200,AGNES SCOTT COLLEGE                     ,GA,30030-3797,Private      ,1,7,8,1127,307,1434
00154300,DARTON COLLEGE                          ,GA,31707-3098,Public       ,55,183,238,2133,4035,6168
00154400,ALBANY STATE UNIVERSITY                 ,GA,31705-2796,Public       ,50,75,125,5738,3347,9085
00154500,ANDREW COLLEGE                          ,GA,39840-1313,Private      ,6,2,8,426,49,475
00154600,ARMSTRONG ATLANTIC STATE UNIVERSITY     ,GA,31419-1997,Public       ,25,127,152,3619,4892,8511
00154700,ATLANTA CHRISTIAN COLLEGE               ,GA,30344-1999,Private      ,2,2,4,417,163,580
00154900,ATLANTA COLLEGE OF ART                  ,GA,30309-3549,Private      ,0,0,0,141,71,212
00155200,AUGUSTA STATE UNIVERSITY                ,GA,30904-2200,Public       ,36,69,105,4178,4466,8644
00155400,BERRY COLLEGE                           ,GA,30149-5007,Private      ,4,2,6,1935,188,2123
00155500,THOMAS UNIVERSITY                       ,GA,31792-7499,Private      ,6,27,33,277,819,1096
00155600,BRENAU UNIVERSITY                       ,GA,30501-3668,Private      ,5,80,85,1052,2378,3430
00155700,BREWTON PARKER COLLEGE                  ,GA,30445-0000,Private      ,16,34,50,761,922,1683
00155800,COASTAL GEORGIA COMMUNITY COLLEGE       ,GA,31520-3644,Public       ,28,82,110,1283,2461,3744
00155900,CLARK ATLANTA UNIVERSITY                ,GA,30314-4385,Private      ,49,46,95,11805,4187,15992
00156000,COLUMBIA THEOLOGICAL SEMINARY           ,GA,30031-0000,Private      ,0,1,1,3,203,206
00156100,COLUMBUS STATE UNIVERSITY               ,GA,31907-5645,Public       ,43,109,152,5058,4237,9295
00156200,GEORGIA PERIMETER COLLEGE               ,GA,30021-0000,Public       ,199,361,560,9625,13030,22655
00156300,EMMANUEL COLLEGE                        ,GA,30639-0000,Private      ,2,2,4,629,201,830
00156400,EMORY UNIVERSITY                        ,GA,30322-1960,Private      ,17,66,83,8116,7252,15368
00156600,FORT VALLEY STATE UNIVERSITY            ,GA,31030-3298,Public       ,32,37,69,3207,1414,4621
00156700,GAINESVILLE STATE COLLEGE               ,GA,30503-0000,Public       ,45,38,83,3507,1910,5417
00156800,INTERDENOMINATIONAL THEOLOGY CENTER     ,GA,30314-0000,Private      ,0,2,2,5,540,545
00156900,GEORGIA INSTITUTE OF TECHNOLOGY         ,GA,30332-0002,Public       ,133,60,193,11887,3176,15063
00157000,SOUTHERN POLYTECHNIC STATE UNIV         ,GA,30060-2896,Public       ,15,51,66,2061,1727,3788
00157100,GEORGIA MILITARY COLLEGE                ,GA,31061-3398,Public       ,86,136,222,2497,3523,6020
00157200,GEORGIA SOUTHERN UNIVERSITY             ,GA,30460-8065,Public       ,306,113,419,14569,4749,19318
00157300,GEORGIA SOUTHWESTERN STATE UNIV         ,GA,31709-4693,Public       ,11,35,46,1696,1513,3209
00157400,GEORGIA STATE UNIVERSITY                ,GA,30303-3010,Public       ,142,373,515,18110,19234,37344
00157500,GORDON COLLEGE                          ,GA,30204-1762,Public       ,32,44,76,3106,1710,4816
00157700,KENNESAW STATE UNIVERSITY               ,GA,30144-5591,Public       ,93,218,311,10097,9333,19430
00157800,LAGRANGE COLLEGE                        ,GA,30240-2999,Private      ,10,37,47,1244,578,1822
00157900,MEDICAL COLLEGE OF GEORGIA              ,GA,30912-0004,Public       ,14,45,59,535,2244,2779
00158000,MERCER UNIVERSITY                       ,GA,31207-0003,Private      ,14,157,171,3500,6514,10014
00158100,MIDDLE GEORGIA COLLEGE                  ,GA,31014-1599,Public       ,34,51,85,2718,1512,4230
00158200,MOREHOUSE COLLEGE                       ,GA,30314-3773,Private      ,11,3,14,4067,778,4845
00158500,NORTH GEORGIA COLLEGE & STATE UNIV      ,GA,30597-0001,Public       ,24,56,80,2824,1613,4437
00158600,OGLETHORPE UNIVERSITY                   ,GA,30319-2737,Private      ,4,4,8,1087,430,1517
00158700,PAINE COLLEGE                           ,GA,30901-3182,Private      ,6,11,17,1465,481,1946
00158800,PIEDMONT COLLEGE                        ,GA,30535-5644,Private      ,9,188,197,704,1852,2556
00158900,REINHARDT COLLEGE                       ,GA,30183-2981,Private      ,3,2,5,897,300,1197
00159000,SAVANNAH STATE UNIVERSITY               ,GA,31404-5298,Public       ,38,30,68,4956,2096,7052
00159100,SHORTER COLLEGE                         ,GA,30165-4298,Private      ,8,148,156,1369,2736,4105
00159200,SOUTH GEORGIA COLLEGE                   ,GA,31533-8104,Public       ,25,36,61,1118,830,1948
00159400,SPELMAN COLLEGE                         ,GA,30314-4399,Private      ,14,4,18,4996,894,5890
00159600,TOCCOA FALLS COLLEGE                    ,GA,30598-0001,Private      ,1,3,4,1028,210,1238
00159700,TRUETT MCCONNELL COLLEGE                ,GA,30528-1264,Private      ,7,0,7,493,56,549
00159800,UNIVERSITY OF GEORGIA                   ,GA,30602-6114,Public       ,168,216,384,17824,9630,27454
00159900,VALDOSTA STATE UNIVERSITY               ,GA,31698-0001,Public       ,78,85,163,8879,4213,13092
00160000,WESLEYAN COLLEGE                        ,GA,31210-4407,Private      ,3,23,26,405,497,902
00160100,UNIV OF WEST GEORGIA                    ,GA,30118-0002,Public       ,64,169,233,7741,4097,11838
00160200,GEORGIA COLLEGE & STATE UNIVERSITY      ,GA,31061-0490,Public       ,66,57,123,4526,1771,6297
00160400,YOUNG HARRIS COLLEGE                    ,GA,30582-4137,Private      ,14,0,14,740,32,772
00348400,COVENANT COLLEGE                        ,GA,30750-4164,Private      ,2,13,15,1126,430,1556
00395600,DALTON STATE COLLEGE                    ,GA,30720-3797,Public       ,27,58,85,1833,2281,4114
00402400,GEORGIA NORTHWESTERN TECHNICAL COLLEGE  ,GA,30161-6757,Public       ,11,45,56,674,2158,2832
00402403,NORTHWESTERN TECHNICAL COLLEGE          ,GA,30739-0569,Public       ,13,31,44,499,1765,2264
00411700,GRADY HEALTH SYSTEM                     ,GA,30303-3050,Public       ,2,5,7,76,215,291
00525400,LANIER TECHNICAL COLLEGE                ,GA,30566-3499,Public       ,8,41,49,585,1962,2547
00525500,MOULTRIE TECHNICAL COLLEGE              ,GA,31768-0000,Public       ,23,66,89,540,2145,2685
00525600,VALDOSTA TECHNICAL COLLEGE              ,GA,31603-0000,Public       ,18,69,87,931,2553,3484
00551100,OKEFENOKEE TECHNICAL COLLEGE            ,GA,31501-4016,Public       ,14,30,44,386,1396,1782
00559900,AUGUSTA TECHNICAL COLLEGE               ,GA,30906-3399,Public       ,23,84,107,1720,5103,6823
00560000,ATHENS TECHNICAL COLLEGE                ,GA,30601-1579,Public       ,30,59,89,1343,3065,4408
00560100,ALBANY TECHNICAL COLLEGE                ,GA,31701-2648,Public       ,36,111,147,1041,3595,4636
00561300,FLINT RIVER TECHNICAL INSTITUTE         ,GA,30286-0014,Public       ,6,33,39,147,906,1053
00561500,SOUTHWEST GEORGIA TECHNICAL COLLEGE     ,GA,31792-2622,Public       ,7,37,44,575,1809,2384
00561700,SOUTH GEORGIA TECHNICAL COLLEGE         ,GA,31709-8167,Public       ,26,76,102,647,1384,2031
00561800,SAVANNAH TECHNICAL COLLEGE              ,GA,31405-5594,Public       ,24,108,132,1785,5987,7772
00561900,NORTH GEORGIA TECHNICAL COLLEGE         ,GA,30523-0000,Public       ,16,43,59,777,1759,2536
00562000,CHATTAHOOCHEE TECHNICAL COLLEGE         ,GA,30060-3398,Public       ,30,76,106,1894,4100,5994
00562004,NORTH METRO TECHNICAL COLLEGE           ,GA,30102-3129,Public       ,15,37,52,348,1021,1369
00562005,APPALACHIAN TECHNICAL COLLEGE           ,GA,30143-0000,Public       ,11,27,38,278,722,1000
00562100,GRIFFIN TECHNICAL COLLEGE               ,GA,30223-2097,Public       ,19,71,90,833,2687,3520
00562200,DEKALB TECHNICAL COLLEGE                ,GA,30021-0000,Public       ,23,116,139,1208,4782,5990
00562400,COLUMBUS TECHNICAL COLLEGE              ,GA,31904-6572,Public       ,22,87,109,1003,3584,4587
00576300,CENTRAL GEORGIA TECHNICAL COLLEGE       ,GA,31206-3628,Public       ,26,102,128,1538,6449,7987
00772800,MACON STATE COLLEGE                     ,GA,31206-5145,Public       ,42,173,215,2759,5079,7838
00854300,ATLANTA TECHNICAL COLLEGE               ,GA,30310-4499,Public       ,33,163,196,1377,4586,5963
00897600,CLAYTON STATE UNIVERSITY                ,GA,30260-0285,Public       ,43,104,147,4309,6405,10714
00918300,EAST CENTRAL TECHNICAL COLLEGE          ,GA,31750-0000,Public       ,12,36,48,271,971,1242
00927000,ART INSTITUTE OF ATLANTA                ,GA,30328-1649,Proprietary  ,85,93,178,4126,3171,7297
00950700,GEORGIA HIGHLANDS COLLEGE               ,GA,30162-0000,Public       ,25,43,68,2130,2145,4275
01031903,MEDIX SCHOOL                            ,GA,30080-7630,Proprietary  ,28,98,126,222,858,1080
01048700,WEST GEORGIA TECHNICAL COLLEGE          ,GA,30182-6476,Public       ,17,37,54,1121,3068,4189
01048704,WEST GEORGIA TECHNICAL COLLEGE          ,GA,30240-5957,Public       ,19,47,66,388,1568,1956
01077100,GUPTON JONES COLLEGE                    ,GA,30035-4022,Private      ,1,4,5,119,258,377
01099700,EAST GEORGIA COLLEGE                    ,GA,30401-2699,Public       ,24,36,60,1452,818,2270
01107400,BAINBRIDGE COLLEGE                      ,GA,39819-8400,Public       ,63,142,205,989,2727,3716
01110901,EVEREST COLLEGE - EVEREST INSTITUTE     ,GA,30067-8340,Proprietary  ,0,1,1,16,58,74
01157400,BAUDER COLLEGE                          ,GA,30313-2439,Proprietary  ,23,46,69,709,1010,1719
01205100,PRO WAY HAIR SCHOOL                     ,GA,30083-2884,Proprietary  ,12,25,37,73,276,349
01216500,ATLANTA METROPOLITAN COLLEGE            ,GA,30310-4498,Public       ,23,54,77,1779,2655,4434
01303900,SOUTH UNIVERSITY                        ,GA,31406-4881,Proprietary  ,69,863,932,673,6174,6847
02055000,WAYCROSS COLLEGE                        ,GA,31503-0000,Public       ,16,33,49,499,729,1228
02060900,BROWN CLG OF COURT REPORTING & M.T.     ,GA,30318-2570,Proprietary  ,0,2,2,22,319,341
02074800,LIFE UNIVERSITY                         ,GA,30060-0000,Private      ,1,10,11,237,1682,1919
02089700,HERZING COLLEGE                         ,GA,30326-1332,Proprietary  ,7,32,39,212,927,1139
02110501,ART INSTITUTE OF CHARLOTTE (THE) - BROWN,GA,30319-3054,Proprietary  ,2,0,2,9,18,27
02113604,AMERICAN INTERCONTINENTAL UNIV - DUNWOOD,GA,30328-1649,Proprietary  ,14,65,79,1042,3287,4329
02116000,SANFORD-BROWN COLLEGE                   ,GA,30328-4803,Proprietary  ,42,250,292,718,3918,4636
02141500,SAVANNAH COLLEGE OF ART & DESIGN        ,GA,31402-3146,Private      ,27,21,48,6853,2663,9516
02202800,AUGUSTA AREA DIET INTERN UNIV HOSP      ,GA,30901-0000,Private      ,0,0,0,3,22,25
02205300,SAVANNAH RIVER COLLEGE                  ,GA,30909-0000,Proprietary  ,1,25,26,70,450,520
02217200,PORTFOLIO CENTER                        ,GA,30309-0000,Proprietary  ,0,1,1,28,161,189
02266200,AMERICAN PROFESSIONAL INSTITUTE         ,GA,31201-0000,Proprietary  ,17,127,144,142,962,1104
02279500,HEART OF GEORGIA TECHNICAL COLLEGE      ,GA,31021-0000,Public       ,11,39,50,376,1218,1594
02284300,INTERACTIVE COLLEGE OF TECHNOLOGY       ,GA,30341-0000,Proprietary  ,34,245,279,267,1636,1903
02284308,INTERACTIVE LEARNING SYSTEMS            ,GA,30260-0000,Proprietary  ,7,49,56,53,291,344
02284309,INTERACTIVE COLLEGE OF TECHNOLOGY       ,GA,30501-0000,Proprietary  ,7,28,35,31,234,265
02285500,"CREATIVE CIRCUS, THE                    ",GA,30324-0000,Proprietary  ,1,1,2,58,264,322
02288400,GWINNETT TECHNICAL INSTITUTE            ,GA,30043-5702,Public       ,29,74,103,1667,4394,6061
02313902,WESTWOOD COLLEGE - O'HARE AIRPORT - ATLA,GA,30345-2807,Proprietary  ,4,24,28,181,321,502
02318600,GEORGIA MEDICAL INSTITUTE               ,GA,30303-0000,Proprietary  ,93,390,483,814,3523,4337
02321400,ROFFLER-MOLER HAIRSTYLING COLLEGE       ,GA,30062-0000,Proprietary  ,6,6,12,42,132,174
02354500,SOUTHEASTERN BEAUTY SCHOOLS             ,GA,31906-0000,Proprietary  ,3,20,23,25,218,243
02482100,MOREHOUSE SCHOOL OF MEDICINE            ,GA,30310-0000,Private      ,0,1,1,102,502,604
02502700,ADVANCED CAREER TRAINING                ,GA,30329-0000,Proprietary  ,13,77,90,147,554,701
02502701,ADVANCED CAREER TRAINING-RIVERDALE      ,GA,30274-0000,Proprietary  ,8,85,93,111,637,748
02508600,MIDDLE GEORGIA TECHNICAL COLLEGE        ,GA,31088-0000,Public       ,19,35,54,740,1834,2574
02520000,INTERNATIONAL SCH SKIN & NAILCARE       ,GA,30342-1119,Proprietary  ,2,37,39,35,321,356
02577000,ARNOLD / PADRICKS  UNIV OF COSM         ,GA,30297-0000,Proprietary  ,4,9,13,25,76,101
02577700,BEAUTY COLLEGE OF AMERICA               ,GA,30297-0000,Proprietary  ,0,11,11,33,95,128
02578300,INTERNATIONAL CITY BEAUTY COLLEGE       ,GA,31093-3631,Proprietary  ,2,6,8,12,43,55
02580200,ATLANTA SCHOOL OF MASSAGE               ,GA,30338-0000,Proprietary  ,13,41,54,103,332,435
02583000,GWINNETT COLLEGE OF BUSINESS            ,GA,30047-3447,Proprietary  ,7,28,35,112,612,724
02607600,CAPELLI LEARNING CTR FOR COSM           ,GA,30324-0000,Proprietary  ,4,18,22,53,196,249
03005400,ARTISTIC BEAUTY COLLEGE                 ,GA,30013-2076,Proprietary  ,36,94,130,287,769,1056
03022601,WESTERN CULINARY INSTITUTE - LE CORDON B,GA,30084-5893,Proprietary  ,1,2,3,100,109,209
03030000,OGEECHEE TECHNICAL COLLEGE              ,GA,30458-8049,Public       ,18,62,80,878,1888,2766
03032100,ALTAMAHA TECHNICAL COLLEGE              ,GA,31545-4465,Public       ,7,13,20,294,1027,1321
03042700,LAURUSTECHNICAL INSTITUTE               ,GA,30030-1506,Proprietary  ,8,98,106,68,619,687
03066500,SOUTHEASTERN TECHNICAL COLLEGE          ,GA,30474-8817,Public       ,3,39,42,283,1099,1382
03066502,SWAINSBORO TECHNICAL COLLEGE            ,GA,30401-5700,Public       ,8,26,34,211,669,880
03072304,EVEREST COLLEGE - EVEREST INSTITUTE     ,GA,30236-0000,Proprietary  ,1,7,8,68,199,267
03076300,BEULAH HEIGHTS BIBLE COLLEGE            ,GA,30316-1873,Private      ,0,17,17,30,606,636
03079202,WESTWOOD COLLEGE - ATLANTA MIDTOWN      ,GA,30309-2848,Proprietary  ,9,17,26,444,583,1027
03081500,SOUTHEASTERN BEAUTY SCHOOL              ,GA,31917-0000,Proprietary  ,3,21,24,27,217,244
03089100,GEORGIA INSTITUTE OF COSMETOLOGY        ,GA,30606-3152,Proprietary  ,13,36,49,93,326,419
03090600,COBB BEAUTY COLLEGE                     ,GA,30144-2828,Proprietary  ,2,5,7,24,71,95
03100900,LUTHER RICE UNIVERSITY                  ,GA,30038-2454,Private      ,0,14,14,22,533,555
03102000,RIVERTOWN SCHOOL OF BEAUTY              ,GA,31904-4747,Proprietary  ,9,28,37,52,215,267
03104500,ATLANTA INSTITUTE OF MUSIC              ,GA,30096-4988,Proprietary  ,1,3,4,99,110,209
03116100,VOGUE BEAUTY SCHOOL                     ,GA,30141-2226,Proprietary  ,1,11,12,32,127,159
03155500,SANDERSVILLE REGIONAL TECH INST         ,GA,31082-6179,Public       ,7,25,32,166,589,755
03173300,ATLANTA'S JOHN MARSHALL LAW SCHOOL      ,GA,30309-0000,Proprietary  ,0,5,5,12,681,693
03232303,COMPUTER-ED INSTITUTE-                  ,GA,30071-0000,Proprietary  ,15,95,110,125,726,851
03232304,LINCOLN COLLEGE OF TECHNOLOGY           ,GA,30067-8638,Proprietary  ,33,71,104,194,674,868
03251300,BEACON UNIVERSITY                       ,GA,31909-4663,Private      ,0,1,1,38,310,348
03355402,PSYCHOLOGICAL STUDIES INSTITUTE -       ,GA,30327-2921,Private      ,0,1,1,2,47,49
03391300,ROSS MEDICAL EDUCATION CENTER           ,GA,30033-3105,Proprietary  ,3,14,17,18,173,191
03418300,GWINNETT COLLEGE-SANDY SPRINGS          ,GA,30328-3161,Proprietary  ,1,12,13,22,208,230
03445500,FAYETTE BEAUTY ACADEMY                  ,GA,30214-1191,Proprietary  ,2,4,6,24,48,72
03522300,POWDER SPRINGS BEAUTY COLLEGE           ,GA,30127-2926,Proprietary  ,1,13,14,5,76,81
03523300,AVIATION INSTITUTE OF MAINTENANCE       ,GA,30045-6716,Proprietary  ,13,32,45,126,412,538
03576300,GEORGIA AVIATION AND TECHNICAL COLL     ,GA,31023-0000,Public       ,5,5,10,109,136,245
03753400,MICHAEL'S SCHOOL OF BEAUTY              ,GA,31211-1493,Proprietary  ,2,5,7,22,150,172
03762300,INSTITUTE FOR MEDICAL SERVICES CERTIFICA,GA,30340-2702,Private      ,0,0,0,9,17,26
03804400,JAVELIN TECHNICAL TRAINING CENTER       ,GA,30339-6040,Proprietary  ,43,185,228,237,1297,1534
03812300,OMNITECH INSTITUTE                      ,GA,30035-1206,Proprietary  ,8,45,53,100,452,552
04021300,AUGUSTA SCHOOL OF MASSAGE               ,GA,30809-0000,Proprietary  ,1,4,5,16,42,58
04091300,SAVANNAH SCHOOL OF MASSAGE THERAPY      ,GA,31406-2711,Private      ,0,2,2,0,7,7
04105300,NIGHTINGALE MEDICAL INSTITUTE           ,GA,30084-4036,Proprietary  ,1,2,3,4,29,33
        ,CHICAGO THEOLOGICAL SEMINARY            ,IL,60637-0000,Private      ,0,0,0,3,160,163
00162800,AMERICAN ACADEMY OF ART                 ,IL,60604-4302,Proprietary  ,0,2,2,491,126,617
00163300,AUGUSTANA COLLEGE                       ,IL,61201-2296,Private      ,2,1,3,3287,155,3442
00163400,AURORA UNIVERSITY                       ,IL,60506-4892,Private      ,6,126,132,1983,2073,4056
00163500,BARAT COLLEGE                           ,IL,60045-3297,Private      ,0,0,0,2,12,14
00163600,SOUTHWESTERN ILLINOIS COLLEGE           ,IL,62221-5899,Public       ,75,250,325,3164,5945,9109
00163800,BLACK HAWK COLLEGE                      ,IL,61265-5899,Public       ,39,86,125,2006,2952,4958
00163900,BLACKBURN COLLEGE                       ,IL,62626-1498,Private      ,1,0,1,920,140,1060
00164000,PRAIRIE STATE COLLEGE                   ,IL,60411-8226,Public       ,25,90,115,1632,3355,4987
00164100,BRADLEY UNIVERSITY                      ,IL,61625-0002,Private      ,3,9,12,5862,1062,6924
00164300,SPOON RIVER COLLEGE                     ,IL,61520-8907,Public       ,4,11,15,662,724,1386
00164700,CITY COLLEGES OF CHICAGO                ,IL,60606-6998,Public       ,4,3,7,274,560,834
00164800,TRUMAN COLLEGE                          ,IL,60640-5691,Public       ,28,85,113,1653,3530,5183
00164900,RICHARD J DALEY COLLEGE                 ,IL,60652-1299,Public       ,25,89,114,2116,3607,5723
00165000,CITY COLLEGES OF CHICAGO-MALCOLM X      ,IL,60612-3197,Public       ,31,130,161,1775,4875,6650
00165200,HAROLD WASHINGTON COLLEGE               ,IL,60601-2403,Public       ,46,144,190,3421,5220,8641
00165400,KENNEDY KING COLLEGE                    ,IL,60621-3798,Public       ,34,209,243,1473,5507,6980
00165500,WRIGHT COLLEGE                          ,IL,60634-1591,Public       ,21,52,73,2885,3298,6183
00165700,MIDWESTERN UNIVERSITY                   ,IL,60515-1200,Private      ,0,1,1,171,2414,2585
00165900,ROSALIND FRANKLIN UNIVERSITY OF MEDICINE,IL,60064-3095,Private      ,0,6,6,9,1903,1912
00166300,SPERTUS COLLEGE                         ,IL,60605-1995,Private      ,0,12,12,2,74,76
00166400,UNIVERSITY OF ST FRANCIS                ,IL,60435-6188,Private      ,5,43,48,1237,1622,2859
00166495,ST JOSEPH COLLEGE OF NURSING            ,IL,60435-0000,Private      ,0,0,0,10,24,34
00166500,COLUMBIA COLLEGE                        ,IL,60605-1996,Private      ,51,64,115,9442,4590,14032
00166600,CONCORDIA UNIVERSITY                    ,IL,60305-1499,Private      ,1,60,61,1275,2518,3793
00166900,DANVILLE AREA COMMUNITY COLLEGE         ,IL,61832-5199,Public       ,11,45,56,802,1431,2233
00167100,DEPAUL UNIVERSITY                       ,IL,60604-2287,Private      ,36,196,232,13300,12286,25586
00167400,EASTERN ILLINOIS UNIVERSITY             ,IL,61920-3099,Public       ,30,70,100,8874,2887,11761
00167500,ELGIN COMMUNITY COLLEGE                 ,IL,60123-7193,Public       ,15,30,45,1966,2461,4427
00167600,ELMHURST COLLEGE                        ,IL,60126-3296,Private      ,4,15,19,2664,1095,3759
00167800,EUREKA COLLEGE                          ,IL,61530-9976,Private      ,1,1,2,715,151,866
00168100,HIGHLAND COMMUNITY COLLEGE              ,IL,61032-9341,Public       ,12,36,48,703,966,1669
00168200,GARRETT-EVANGELICAL THEOLOGICAL SEM     ,IL,60201-0000,Private      ,0,0,0,2,191,193
00168400,GREENVILLE COLLEGE                      ,IL,62246-1199,Private      ,2,18,20,1395,645,2040
00168500,HEBREW THEOLOGICAL COLLEGE              ,IL,60077-3263,Private      ,7,5,12,288,19,307
00168800,ILLINOIS COLLEGE                        ,IL,62650-2299,Private      ,3,1,4,1448,105,1553
00168900,ILLINOIS COLLEGE OF OPTOMETRY           ,IL,60616-3878,Private      ,0,0,0,15,654,669
00169100,ILLINOIS INSTITUTE OF TECHNOLOGY        ,IL,60616-0000,Private      ,2,19,21,2655,1503,4158
00169103,CHICAGO KENT COLLEGE OF LAW             ,IL,60661-0000,Private      ,0,0,0,8,2019,2027
00169200,ILLINOIS STATE UNIVERSITY               ,IL,61790-1000,Public       ,33,35,68,15536,4347,19883
00169300,NORTHEASTERN ILLINOIS UNIV              ,IL,60625-4699,Public       ,20,41,61,4616,5616,10232
00169400,CHICAGO STATE UNIVERSITY                ,IL,60628-1598,Public       ,25,113,138,4574,8829,13403
00169600,ILLINOIS WESLEYAN UNIVERSITY            ,IL,61701-0000,Private      ,3,2,5,2680,71,2751
00169800,JOHN MARSHALL LAW SCHOOL                ,IL,60604-0000,Private      ,1,4,5,10,2376,2386
00169900,JOLIET JUNIOR COLLEGE                   ,IL,60431-8938,Public       ,39,82,121,3146,3556,6702
00170000,JUDSON UNIVERSITY                       ,IL,60123-1498,Private      ,3,21,24,809,822,1631
00170100,KASKASKIA COLLEGE                       ,IL,62801-7878,Public       ,36,87,123,1077,1999,3076
00170300,KENDALL COLLEGE                         ,IL,60622-4278,Proprietary  ,8,22,30,670,989,1659
00170400,KNOX COLLEGE                            ,IL,61401-4999,Private      ,0,0,0,1799,73,1872
00170500,ILLINOIS VALLEY COMMUNITY COLLEGE       ,IL,61348-9692,Public       ,19,35,54,899,1263,2162
00170600,LAKE FOREST COLLEGE                     ,IL,60045-2399,Private      ,0,0,0,1577,118,1695
00170700,LEWIS UNIVERSITY                        ,IL,60446-2200,Private      ,11,67,78,3055,2410,5465
00170800,LINCOLN CHRISTIAN UNIVERSITY            ,IL,62656-2167,Private      ,0,2,2,608,594,1202
00170900,LINCOLN COLLEGE                         ,IL,62656-1699,Private      ,10,6,16,1146,326,1472
00171000,LOYOLA UNIVERSITY CHICAGO               ,IL,60626-0000,Private      ,26,130,156,13553,8402,21955
00171002,LOYOLA STRITCH SCHOOL OF MEDICINE       ,IL,60153-0000,Private      ,0,1,1,13,895,908
00171200,LUTHERAN SCHOOL OF THEOL AT CHICAGO     ,IL,60615-0000,Private      ,0,1,1,1,171,172
00171600,MACCORMAC COLLEGE                       ,IL,60602-4405,Private      ,2,7,9,96,193,289
00171700,MACMURRAY COLLEGE                       ,IL,62650-2590,Private      ,0,2,2,818,290,1108
00172100,MCCORMICK THEOLOGICAL SEMINARY          ,IL,60615-5108,Private      ,1,1,2,2,114,116
00172200,MCKENDREE UNIVERSITY                    ,IL,62254-1299,Private      ,8,36,44,1569,1405,2974
00172300,MEADVILLE LOMBARD THEOLOGICAL SCHOOL    ,IL,60637-1602,Private      ,0,1,1,1,77,78
00172400,MILLIKIN UNIVERSITY                     ,IL,62522-2084,Private      ,7,6,13,2848,789,3637
00172500,MONMOUTH COLLEGE                        ,IL,61462-1963,Private      ,4,0,4,1848,95,1943
00172800,MORTON COLLEGE                          ,IL,60804-4398,Public       ,19,40,59,1234,1556,2790
00173200,NATIONAL UNIV OF HEALTH SCIENCES        ,IL,60148-4583,Private      ,4,15,19,76,638,714
00173300,NATIONAL-LOUIS UNIVERSITY               ,IL,60603-3032,Private      ,8,260,268,313,7226,7539
00173400,NORTH CENTRAL COLLEGE                   ,IL,60540-4690,Private      ,7,6,13,2352,573,2925
00173500,NORTH PARK UNIVERSITY                   ,IL,60625-4895,Private      ,3,22,25,2205,1248,3453
00173600,NORTHERN BAPTIST THEOL SEMINARY         ,IL,60148-0000,Private      ,0,0,0,2,23,25
00173700,NORTHERN ILLINOIS UNIVERSITY            ,IL,60115-2854,Public       ,65,115,180,18451,8142,26593
00173900,NORTHWESTERN UNIV                       ,IL,60208-0001,Private      ,9,53,62,11939,8952,20891
00174100,OLIVET NAZARENE UNIVERSITY              ,IL,60914-2271,Private      ,7,24,31,2784,1938,4722
00174200,IL EASTERN COMM COLGS-OLNEY CENTRAL     ,IL,62450-1099,Public       ,13,32,45,610,698,1308
00174500,QUINCY UNIVERSITY                       ,IL,62301-2699,Private      ,1,7,8,1135,486,1621
00174600,ROBERT MORRIS UNIVERSITY ILLINOIS       ,IL,60605-1225,Private      ,23,57,80,4244,5477,9721
00174700,ROCK VALLEY COLLEGE                     ,IL,61114-5699,Public       ,29,67,96,2079,3431,5510
00174800,ROCKFORD COLLEGE                        ,IL,61108-2393,Private      ,6,104,110,828,1247,2075
00174900,ROOSEVELT UNIVERSITY                    ,IL,60605-1394,Private      ,13,94,107,2517,6490,9007
00175000,DOMINICAN UNIVERSITY                    ,IL,60305-1066,Private      ,2,21,23,1590,1295,2885
00175200,SAUK VALLEY COMMUNITY COLLEGE           ,IL,61021-9112,Public       ,20,31,51,833,1257,2090
00175300,SCHOOL OF ART INSTITUTE OF CHICAGO      ,IL,60603-3013,Private      ,7,2,9,2347,1737,4084
00175400,SEABURY-WESTERN THEO SEMINARY           ,IL,60201-0000,Private      ,0,1,1,0,40,40
00175600,SHIMER COLLEGE                          ,IL,60616-3893,Private      ,0,0,0,59,57,116
00175700,SOUTHEASTERN ILLINOIS COLLEGE           ,IL,62946-4925,Public       ,8,27,35,523,808,1331
00175800,SOUTHERN ILL UNIV-CARBONDALE            ,IL,62901-0000,Public       ,71,173,244,12322,7671,19993
00175801,SOUTHERN ILLINOIS UNIV SCHOOL MEDIC     ,IL,62794-0000,Public       ,0,1,1,73,389,462
00175900,SOUTHERN ILL UNIV-EDWARDSVILLE          ,IL,62026-1060,Public       ,31,78,109,8734,4810,13544
00175924,SO IL UNIV-SCHL OF DENTAL MEDICINE      ,IL,62002-0000,Public       ,0,0,0,8,222,230
00176100,SPRINGFIELD COLLEGE IN ILLINOIS         ,IL,62702-2694,Private      ,2,12,14,403,659,1062
00176500,UNIVERSITY OF ST MARY OF THE LAKE       ,IL,60060-0000,Private      ,0,0,0,2,10,12
00176700,BENEDICTINE UNIVERSITY                  ,IL,60532-0900,Private      ,10,62,72,1884,2434,4318
00176800,ST XAVIER UNIVERSITY                    ,IL,60655-3199,Private      ,5,34,39,3329,3433,6762
00176900,SOUTH SUBURBAN COLLEGE                  ,IL,60473-9978,Public       ,32,157,189,2226,5759,7985
00177100,TRINITY CHRISTIAN COLLEGE               ,IL,60463-0929,Private      ,1,3,4,1162,619,1781
00177200,TRINITY INTERNATIONAL UNIVERSITY        ,IL,60015-1283,Private      ,2,11,13,947,1102,2049
00177300,TRITON COLLEGE                          ,IL,60171-1995,Public       ,37,87,124,2512,3327,5839
00177400,UNIVERSITY OF CHICAGO                   ,IL,60637-1476,Private      ,11,12,23,7698,2003,9701
00177401,UNIV OF CHICAGO PRITZKER SCH OF MED     ,IL,60637-0000,Private      ,0,2,2,29,540,569
00177403,"UNIV OF CHICAGO, GRAD SCH OF BUS        ",IL,60637-0000,Private      ,0,15,15,11,1329,1340
00177405,UNIVERSITY OF CHICAGO GRADUATE          ,IL,60637-0000,Private      ,1,18,19,58,4475,4533
00177500,UNIV OF ILLINOIS @ URBANA-CHAMPAIGN     ,IL,61820-5796,Public       ,78,124,202,23930,7123,31053
00177600,UNIV OF ILLINOIS AT CHICAGO             ,IL,60607-7163,Public       ,63,77,140,15235,11960,27195
00177800,VANDERCOOK COLLEGE OF MUSIC             ,IL,60616-3731,Private      ,0,3,3,127,73,200
00177900,IL EASTERN COMM COLGS-WABASH VALLEY     ,IL,62863-2699,Public       ,3,15,18,339,337,676
00178000,WESTERN ILLINOIS UNIVERSITY             ,IL,61455-1390,Public       ,31,31,62,9413,3499,12912
00178100,WHEATON COLLEGE                         ,IL,60187-5535,Private      ,0,4,4,2494,592,3086
00178300,WORSHAM COLLEGE OF MORTUARY SCIENCE     ,IL,60090-2646,Proprietary  ,0,0,0,50,104,154
00396100,HARPER COLLEGE                          ,IL,60067-7398,Public       ,60,81,141,3195,2766,5961
00418100,ADVOCATE TRINITY HOSPITAL SCHOOL OF RADI,IL,60617-3982,Private      ,0,0,0,14,75,89
00456000,GEM CITY COLLEGE                        ,IL,62301-4949,Proprietary  ,2,3,5,22,58,80
00456800,MIDSTATE COLLEGE                        ,IL,61614-3558,Proprietary  ,3,39,42,59,887,946
00457100,SPARKS COLLEGE                          ,IL,62565-2241,Proprietary  ,0,1,1,10,43,53
00621400,BLESSING RIEMAN COLLEGE OF NURSING      ,IL,62301-0000,Private      ,0,1,1,71,71,142
00621401,BLESSING HOSP SCH MED LAB TECH          ,IL,62301-0000,Private      ,0,0,0,2,7,9
00621402,BLESSING HOSP SCH OF RAD TECH           ,IL,62301-2852,Private      ,0,0,0,15,12,27
00621403,BLESSING HOSPITAL - COLLEGE OF NURSING  ,IL,62305-7005,Private      ,0,2,2,7,12,19
00622501,TRINITY COLLEGE OF NURSING & HEALTH SCIE,IL,61201-5317,Private      ,1,1,2,58,166,224
00624000,ST FRANCIS MED CLG OF NRSG              ,IL,61603-3783,Private      ,1,1,2,144,268,412
00665600,COLLEGE OF DUPAGE                       ,IL,60137-6599,Public       ,79,196,275,4952,5159,10111
00675300,ILLINOIS CENTRAL COLLEGE                ,IL,61635-0001,Public       ,35,106,141,2879,4129,7008
00693100,WAUBONSEE COMMUNITY COLLEGE             ,IL,60554-0000,Public       ,8,38,46,1106,1669,2775
00711800,PARKLAND COLLEGE                        ,IL,61821-1899,Public       ,32,80,112,3191,3023,6214
00711900,REND LAKE COLLEGE                       ,IL,62846-9801,Public       ,16,53,69,1078,1428,2506
00717000,LINCOLN LAND COMMUNITY COLLEGE          ,IL,62794-9256,Public       ,17,36,53,1856,2974,4830
00726500,CARL SANDBURG COLLEGE                   ,IL,61401-9576,Public       ,25,38,63,889,1550,2439
00729701,WESTWOOD COLLEGE OF TECHNOLOGY          ,IL,60176-0000,Proprietary  ,0,0,0,12,15,27
00754900,COYNE AMERICAN INSTITUTE                ,IL,60607-1300,Proprietary  ,26,81,107,354,1010,1364
00764400,LAKE LAND COLLEGE                       ,IL,61938-9366,Public       ,29,70,99,1945,1998,3943
00768400,KISHWAUKEE COLLEGE                      ,IL,60150-9699,Public       ,10,31,41,1214,1280,2494
00769000,KANKAKEE COMMUNITY COLLEGE              ,IL,60901-6505,Public       ,17,44,61,872,1547,2419
00769100,MCHENRY COUNTY COLLEGE                  ,IL,60012-2761,Public       ,6,39,45,1089,1128,2217
00769200,MORAINE VALLEY COMMUNITY COLLEGE        ,IL,60465-0937,Public       ,47,83,130,3505,3367,6872
00769300,SHAWNEE COMMUNITY COLLEGE               ,IL,62992-9725,Public       ,37,88,125,668,1384,2052
00769400,COLLEGE OF LAKE COUNTY                  ,IL,60030-1198,Public       ,54,146,200,2340,3521,5861
00793700,MS ROBERTS ACADEMY OF BEAUTY CULT       ,IL,60181-2930,Proprietary  ,4,11,15,23,84,107
00807600,JOHN A LOGAN COLLEGE                    ,IL,62918-2500,Public       ,56,135,191,1800,2599,4399
00825900,EDUCATORS OF BEAUTY                     ,IL,61081-3611,Proprietary  ,14,19,33,85,193,278
00825901,EDUCATORS OF BEAUTY                     ,IL,61104-0000,Proprietary  ,0,1,1,11,36,47
00832800,ALVAREITA'S COLLEGE OF COSMETOLOGY      ,IL,62025-2041,Proprietary  ,2,7,9,42,82,124
00854400,CAREER COLLEGES OF CHICAGO              ,IL,60603-6397,Proprietary  ,0,0,0,20,151,171
00854500,ROCKFORD BUSINESS COLLEGE               ,IL,61103-0000,Proprietary  ,4,31,35,151,986,1137
00869402,RASMUSSEN COLLEGE - ROCKFORD            ,IL,61108-2513,Proprietary  ,2,36,38,31,271,302
00888000,MORRISON INSTITUTE OF TECHNOLOGY        ,IL,61270-2959,Private      ,0,1,1,152,38,190
00893800,GRAHAM HOSPITAL SCH OF NURSING          ,IL,61520-2497,Private      ,0,0,0,21,70,91
00893900,CANNELLA SCHOOL OF HAIR DESIGN          ,IL,60406-2130,Proprietary  ,1,6,7,37,95,132
00914500,GOVERNORS STATE UNIVERSITY              ,IL,60466-0975,Public       ,9,102,111,583,4437,5020
00923200,CATHOLIC THEOLOGICAL UNION              ,IL,60615-0000,Private      ,0,1,1,0,56,56
00933300,UNIV OF ILLINOIS AT SPRINGFIELD         ,IL,62703-5407,Public       ,3,45,48,1450,2454,3904
00947500,EDUCATORS OF BEAUTY                     ,IL,61301-2404,Proprietary  ,2,3,5,34,46,80
00959500,CANNELLA SCHOOL OF HAIR DESIGN          ,IL,60617-4303,Proprietary  ,6,14,20,43,135,178
00976700,OLIVE-HARVEY COLLEGE                    ,IL,60628-1696,Public       ,11,84,95,1002,3195,4197
00978600,IL EASTERN COMM COLGS-LINCOLN TRAIL     ,IL,62454-5708,Public       ,6,11,17,354,425,779
00980000,RUSH UNIVERSITY                         ,IL,60612-3806,Private      ,0,9,9,272,1843,2115
00989600,OAKTON COMMUNITY COLLEGE                ,IL,60016-1268,Public       ,24,60,84,2041,1868,3909
00998700,SAINT ANTHONY COLLEGE OF NURSING        ,IL,61108-2468,Private      ,1,3,4,93,192,285
01002000,LEWIS AND CLARK COMMUNITY COLLEGE       ,IL,62035-2466,Public       ,20,79,99,1530,2353,3883
01031600,LINCOLN COLLEGE OF TECHNOLOGY           ,IL,60160-1605,Proprietary  ,82,184,266,1058,1620,2678
01050100,LAKEVIEW  COLLEGE OF NURSING            ,IL,61832-3781,Private      ,0,1,1,114,185,299
01069500,TRI-COUNTY BEAUTY ACADEMY               ,IL,62056-2036,Proprietary  ,2,6,8,13,40,53
01071000,CAPITAL AREA SCH OF PRAC NRSG           ,IL,62707-0000,Public       ,0,3,3,45,341,386
01072700,DEVRY UNIVERSITY                        ,IL,60618-5994,Proprietary  ,485,2159,2644,19349,52388,71737
01073700,ADVOCATE IL MASONIC SCH OF RAD TECH     ,IL,60657-5193,Private      ,0,1,1,18,81,99
01083600,PIVOT POINT INTNL CSMTLGY RSRCH CTR     ,IL,60626-0000,Proprietary  ,22,28,50,417,515,932
01087900,RICHLAND COMMUNITY COLLEGE              ,IL,62521-8513,Public       ,13,63,76,785,1626,2411
01181000,TAYLOR BUSINESS INSTITUTE               ,IL,60606-5111,Proprietary  ,7,24,31,67,292,359
01185800,EVEREST COLLEGE                         ,IL,60077-1074,Proprietary  ,54,201,255,530,1631,2161
01236200,NORTHWESTERN COLLEGE                    ,IL,60630-2298,Proprietary  ,46,120,166,1155,3056,4211
01238500,BLOOMINGTON-NORMAL SCH RADIOGRAPHY      ,IL,61761-4604,Private      ,0,0,0,11,7,18
01258400,ILLINOIS INSTITUTE OF ART (THE)         ,IL,60654-1593,Proprietary  ,22,32,54,3641,2011,5652
01260800,DU QUOIN BEAUTY COLLEGE                 ,IL,62832-1805,Proprietary  ,0,0,0,1,0,1
01281300,JOHN WOOD COMMUNITY COLLEGE             ,IL,62305-0401,Public       ,17,53,70,1156,1375,2531
01308700,CAPRI GARFIELD RIDGE SCH OF BTY CLR     ,IL,60629-1613,Proprietary  ,2,19,21,48,211,259
01308800,CAPRI OAK FOREST COLLEGE OF BEAUTY      ,IL,60452-2798,Proprietary  ,3,6,9,147,176,323
02055200,HARRINGTON COLLEGE OF DESIGN            ,IL,60606-3433,Proprietary  ,19,26,45,879,1061,1940
02068100,ADLER SCH OF PROFESSIONAL PSYCHLGY      ,IL,60601-0000,Private      ,0,3,3,8,557,565
02069300,VATTEROTT COLLEGE                       ,IL,62305-5938,Proprietary  ,22,87,109,131,456,587
02073200,TELSHE YESHIVA-CHICAGO                  ,IL,60625-0000,Private      ,3,0,3,27,9,36
02074400,IL EASTERN COMM COLGS-FRONTIER          ,IL,62837-0000,Public       ,6,19,25,174,369,543
02075400,KELLER GRADUATE SCHOOL OF MGMT.         ,IL,60515-5683,Proprietary  ,2,526,528,46,11821,11867
02113600,AMERICAN INTERCONTINENTAL UNIVERSITY    ,IL,60192-3713,Proprietary  ,298,3281,3579,4886,42693,47579
02117400,BECK AREA CAREER CENTER                 ,IL,62278-0000,Public       ,1,1,2,25,110,135
02124400,UNIVERSITY OF SPA & COSMETOLOGY ART     ,IL,62704-0000,Proprietary  ,16,12,28,136,192,328
02150600,COSMETOLOGY AND SPA INSTITUTE (THE)     ,IL,60014-4003,Proprietary  ,1,9,10,81,124,205
02155300,THE CHICAGO SCHOOL OF PROF PSYCHOLOGY   ,IL,60610-4705,Private      ,0,17,17,11,1450,1461
02160300,INTERNATIONAL ACAD OF DESIGN & TECH     ,IL,60602-3319,Proprietary  ,30,28,58,2339,2077,4416
02160304,INTERNATIONAL ACADEMY OF DESIGN AND TECH,IL,60173-5160,Proprietary  ,2,3,5,170,176,346
02166800,JOHN AMICO'S SCHOOL OF HAIR DESIGN      ,IL,60452-0000,Proprietary  ,0,2,2,8,51,59
02168600,EAST WEST UNIVERSITY                    ,IL,60605-0000,Private      ,4,10,14,878,1077,1955
02179900,ARGOSY UNIVERSITY                       ,IL,60601-7757,Proprietary  ,6,215,221,736,14805,15541
02185400,ST AUGUSTINE COLLEGE                    ,IL,60640-0000,Private      ,0,0,0,372,1578,1950
02192400,MR JOHNS SCHOOL OF COSMETOLOGY          ,IL,62521-0000,Proprietary  ,2,11,13,27,128,155
02202600,CANNELLA SCHOOL OF HAIR DESIGN          ,IL,60181-1321,Proprietary  ,0,4,4,9,40,49
02214100,WEST SUBURBAN COLLEGE OF NURSING        ,IL,60302-2519,Private      ,0,1,1,90,291,381
02228100,MAC DANIEL'S BEAUTY SCHOOL              ,IL,60640-0000,Proprietary  ,4,8,12,19,95,114
02253000,CANNELLA SCHOOL OF HAIR DESIGN          ,IL,60644-0000,Proprietary  ,0,0,0,19,49,68
02261200,HAIR PROFESSIONALS ACAD COSMETOLOGY     ,IL,60118-0000,Proprietary  ,7,16,23,60,130,190
02261201,HAIR PROFESSIONALS ACADEMY OF COSMETOLOG,IL,60118-9333,Proprietary  ,0,1,1,0,6,6
02262100,HAIR PROFESSIONALS SCH COSMETOLOGY      ,IL,60543-0000,Proprietary  ,3,6,9,50,91,141
02291200,CANNELLA SCHOOL OF HAIR DESIGN          ,IL,60639-0000,Proprietary  ,2,8,10,34,97,131
02295500,CANNELLA SCHOOL OF HAIR DESIGN          ,IL,60120-0000,Proprietary  ,0,3,3,18,75,93
02297500,OEHRLEIN SCHOOL OF COSMETOLOGY          ,IL,61611-0000,Proprietary  ,2,4,6,57,63,120
02312300,LA' JAMES COLLEGE HAIRSTYLING           ,IL,61244-0000,Proprietary  ,8,4,12,28,24,52
02313900,WESTWOOD COLLEGE - O'HARE AIRPORT       ,IL,60631-2801,Proprietary  ,1,8,9,383,614,997
02317300,CONCEPT COLLEGE OF COSMETOLOGY          ,IL,61832-0000,Proprietary  ,1,5,6,68,129,197
02319200,LAKE FOREST GRAD SCHL OF MGMT           ,IL,60045-4824,Private      ,0,12,12,0,263,263
02323300,PROFESSIONAL'S CHOICE HAIR DSN ACAD     ,IL,60435-0000,Proprietary  ,1,2,3,23,35,58
02332200,HAIR PROFESSIONALS CAREER COLLEGE       ,IL,60178-0000,Proprietary  ,2,9,11,43,50,93
02337800,THE COLLEGE OF OFFICE TECHNOLOGY        ,IL,60622-0000,Proprietary  ,10,90,100,114,949,1063
02349400,ALVAREITA'S COLLEGE OF COSMETOLOGY      ,IL,62035-0000,Proprietary  ,1,1,2,30,23,53
02349500,CANNELLA SCHOOL OF HAIR DESIGN          ,IL,60632-0000,Proprietary  ,5,21,26,57,196,253
02352200,COOKING & HOSPITALITY INSTITUTE         ,IL,60610-3050,Proprietary  ,27,61,88,1053,1283,2336
02498200,HAIR PROFESSIONALS ACAD COSMETOLOGY     ,IL,60187-0000,Proprietary  ,7,19,26,52,141,193
02498201,HAIR PROFESSIONALS ACADEMY OF COSMETOLOG,IL,60563-0000,Proprietary  ,1,0,1,3,9,12
02522800,FOX COLLEGE                             ,IL,60453-0000,Proprietary  ,1,1,2,214,81,295
02527600,LEXINGTON COLLEGE                       ,IL,60607-0000,Private      ,0,0,0,58,63,121
02536700,BELL MAR BEAUTY COLLEGE                 ,IL,60650-0000,Proprietary  ,3,14,17,10,95,105
02538100,REGENCY BEAUTY INSTITUTE                ,IL,61820-0000,Proprietary  ,0,6,6,12,87,99
02556100,ENVIRONMENTAL TECHNICAL INSTITUTE       ,IL,60143-0000,Proprietary  ,6,23,29,203,405,608
02556600,NILES SCHOOL OF COSMETOLOGY             ,IL,60714-0000,Proprietary  ,3,3,6,31,63,94
02570305,LOS ANGELES ORT TECHNICAL INSTITUTE -D/B,IL,60077-0000,Private      ,0,0,0,0,1,1
02573700,INSTITUTE FOR CLINICAL SOCIAL WORK      ,IL,60601-0000,Private      ,0,0,0,4,64,68
02579200,INGALLS MEMORIAL HOSPITAL               ,IL,60426-0000,Private      ,0,1,1,2,16,18
02584900,"FIRST INSTITUTE, INC.                   ",IL,60014-7489,Proprietary  ,1,8,9,34,120,154
02587700,HAIR PROFESSIONALS CAREER COLLEGE       ,IL,60465-1929,Proprietary  ,2,8,10,49,101,150
02599500,HANOVER PARK COLLEGE OF BEAUTY CULT     ,IL,60133-5421,Proprietary  ,3,7,10,54,80,134
02622700,KNOWLEDGE SYSTEMS INSTITUTE             ,IL,60076-0000,Private      ,0,0,0,3,20,23
03002000,HAIRMASTERS INST OF COSMETOLOGY         ,IL,61701-5547,Proprietary  ,2,1,3,50,69,119
03027702,PACIFIC COLLEGE OF ORIENTAL MEDICINE - C,IL,60613-4418,Proprietary  ,0,7,7,7,177,184
03065300,TREND SETTERS COLL OF COSMETOLOGY       ,IL,60915-2101,Proprietary  ,10,10,20,120,155,275
03072701,WESTWOOD COLLEGE OF TECHNOLOGY          ,IL,60409-0000,Proprietary  ,32,81,113,432,1201,1633
03072702,WESTWOOD COLLEGE OF TECHNOLOGY          ,IL,60602-0000,Proprietary  ,24,82,106,582,1068,1650
03078400,CAMEO BEAUTY ACADEMY                    ,IL,60453-3196,Proprietary  ,11,7,18,76,73,149
03079200,WESTWOOD COLLEGE - DUPAGE               ,IL,60517-2321,Proprietary  ,5,5,10,507,429,936
03082900,ROSEL SCHOOL OF COSMETOLOGY             ,IL,60659-1913,Proprietary  ,2,15,17,18,168,186
03083800,HEARTLAND COMMUNITY COLLEGE             ,IL,61761-9446,Public       ,20,52,72,1150,1869,3019
03098000,ST JOHN'S COLLEGE OF NURSING            ,IL,62702-5321,Private      ,0,0,0,56,70,126
03098002,ST JOHN'S HOSP SCH MED TECH             ,IL,62769-5324,Private      ,0,0,0,6,6,12
03098003,ST JOHN'S HOSPITAL SCH OF DIETETICS     ,IL,62769-0000,Private      ,0,0,0,1,1,2
03099700,CAIN'S BARBER COLLEGE                   ,IL,60615-3510,Proprietary  ,2,21,23,61,298,359
03099800,ILLINOIS SCHOOL OF HEALTH CAREERS       ,IL,60604-0000,Proprietary  ,25,101,126,278,1070,1348
03101800,ILLINOIS CENTER FOR BROADCASTING        ,IL,60148-7015,Proprietary  ,8,9,17,86,189,275
03128300,PYRAMID CAREER INSTITUTE                ,IL,60657-4207,Proprietary  ,0,0,0,7,38,45
03128500,NATIONAL LATINO EDUCATION INSTITUTE     ,IL,60609-2205,Private      ,2,9,11,29,108,137
03199300,CHRISTIAN LIFE COLLEGE                  ,IL,60056-2522,Private      ,1,0,1,27,22,49
03368300,MIDWEST TECHNICAL INSTITUTE             ,IL,62707-8805,Proprietary  ,30,166,196,215,1082,1297
03416300,COMPUTER SYSTEMS INSTITUTE              ,IL,60077-0000,Proprietary  ,2,13,15,2,17,19
03448300,BIR TRAINING CENTER                     ,IL,60659-1298,Proprietary  ,1,18,19,23,313,336
03455700,CORTIVA INSTITUTE - CHICAGO             ,IL,60602-3315,Proprietary  ,4,15,19,173,480,653
03472300,CHICAGO URBAN LEAGUE COMPUTER TRAIN     ,IL,60604-2198,Private      ,0,7,7,4,69,73
03510300,ERIKSON INSTITUTE                       ,IL,60654-4510,Private      ,0,3,3,1,255,256
03623300,VEE'S SCHOOL OF BEAUTY CULTURE          ,IL,62205-2326,Proprietary  ,1,5,6,12,39,51
03643300,"MR. JOHN'S SCHOOL OF JACKSONVILLE,  INC,",IL,62650-3488,Proprietary  ,2,7,9,11,49,60
03655300,ILLINOIS CAREERPATH INSTITUTE           ,IL,60610-4705,Private      ,0,0,0,4,22,26
03669300,ILLINOIS WELDING SCHOOL                 ,IL,61607-2045,Proprietary  ,0,0,0,17,51,68
03684300,NORTHSHORE UNIVERSITY HEALTHSYSTEM SCHOO,IL,60201-9872,Private      ,0,0,0,0,25,25
03721400,AMERICAN CAREER COLLEGE                 ,IL,60402-0000,Proprietary  ,1,15,16,21,111,132
03879300,YOUR SCHOOL OF BEAUTY CULTURE           ,IL,60653-1517,Proprietary  ,0,1,1,9,89,98
03881400,EUROPEAN MASSAGE THERAPY SCHOOL         ,IL,60077-2269,Proprietary  ,0,6,6,20,110,130
03891300,SOMA INSTITUTE - THE NATIONAL SCHOOL OF ,IL,60604-4466,Proprietary  ,3,15,18,100,273,373
03914300,"CALC, INSTITUTE OF TECHNOLOGY           ",IL,62002-5931,Proprietary  ,2,9,11,17,173,190
03955400,MIDWEST INSTITUTE OF MASSAGE THERAPY    ,IL,62223-0000,Proprietary  ,1,3,4,8,43,51
        ,ASBURY THEOLOGICAL SEMINARY             ,KY,40390-0000,Private      ,0,5,5,14,1117,1131
00195100,ALICE LLOYD COLLEGE                     ,KY,41844-9703,Private      ,2,0,2,1029,100,1129
00195200,ASBURY COLLEGE                          ,KY,40390-1198,Private      ,0,5,5,1232,258,1490
00195400,BELLARMINE UNIVERSITY                   ,KY,40205-1877,Private      ,9,59,68,2215,1215,3430
00195500,BEREA COLLEGE                           ,KY,40403-0000,Private      ,6,1,7,2380,445,2825
00195800,BRESCIA UNIVERSITY                      ,KY,42301-3023,Private      ,0,3,3,407,285,692
00195900,CAMPBELLSVILLE UNIVERSITY               ,KY,42718-2799,Private      ,5,37,42,1945,1092,3037
00196000,SPALDING UNIVERSITY                     ,KY,40203-2188,Private      ,4,42,46,488,1882,2370
00196100,CENTRE COLLEGE                          ,KY,40422-1394,Private      ,0,0,0,1745,58,1803
00196200,UNIVERSITY OF THE CUMBERLANDS           ,KY,40769-1372,Private      ,2,27,29,1843,672,2515
00196300,EASTERN KENTUCKY UNIVERSITY             ,KY,40475-3102,Public       ,96,188,284,9668,7315,16983
00196400,GEORGETOWN COLLEGE                      ,KY,40324-1628,Private      ,5,53,58,1847,646,2493
00196500,KENTUCKY CHRISTIAN UNIVERSITY           ,KY,41143-2205,Private      ,2,1,3,558,198,756
00196800,KENTUCKY STATE UNIVERSITY               ,KY,40601-2355,Public       ,29,32,61,2576,1353,3929
00196900,KENTUCKY WESLEYAN COLLEGE               ,KY,42302-1039,Private      ,4,0,4,1360,226,1586
00197000,LEES COLLEGE                            ,KY,41339-0000,Private      ,0,0,0,8,8,16
00197100,LEXINGTON THEOLOGICAL SEMINARY          ,KY,40508-0000,Private      ,0,1,1,1,57,58
00197200,LINDSEY WILSON COLLEGE                  ,KY,42728-1223,Private      ,2,13,15,1710,1161,2871
00197400,LOUISVILLE PRESBYTERIAN THEOL SEM       ,KY,40205-0000,Private      ,0,0,0,0,135,135
00197500,MIDWAY COLLEGE                          ,KY,40347-1120,Private      ,2,17,19,513,1401,1914
00197600,MOREHEAD STATE UNIVERSITY               ,KY,40351-1689,Public       ,49,127,176,5698,4927,10625
00197700,MURRAY STATE UNIVERSITY                 ,KY,42071-0009,Public       ,29,76,105,5714,3543,9257
00197900,WEST KENTUCKY CMNTY & TECHNICAL COLG    ,KY,42002-7380,Public       ,14,74,88,1145,2470,3615
00197901,WEST KENTUCKY CMNTY & TECHNICAL COLG    ,KY,42001-0000,Public       ,0,0,0,337,500,837
00197903,W KY CMNTY TECH - MURRAY AREA VOC ED CTR,KY,42071-0000,Public       ,0,0,0,5,13,18
00197906,W KY CMNTY - FULTON CNTY AREA TECH CNTR ,KY,42050-0000,Public       ,0,0,0,0,2,2
00198000,PIKEVILLE COLLEGE                       ,KY,41501-1194,Private      ,3,4,7,1030,386,1416
00198001,PIKEVILLE CLG-SCH OSTEOPATHIC MEDIC     ,KY,41501-0000,Private      ,0,2,2,5,324,329
00198200,SOUTHERN BAPTIST THEOL SEMINARY         ,KY,40280-0000,Private      ,0,0,0,46,133,179
00198300,ST. CATHARINE COLLEGE                   ,KY,40061-9499,Private      ,7,6,13,545,373,918
00198700,TRANSYLVANIA UNIVERSITY                 ,KY,40508-1797,Private      ,3,1,4,1473,101,1574
00198800,UNION COLLEGE                           ,KY,40906-1499,Private      ,2,98,100,941,1136,2077
00198900,UNIVERSITY OF KENTUCKY                  ,KY,40506-0054,Public       ,39,64,103,14292,7078,21370
00198901,UNIV OF KY-COLLEGE OF DENTISTRY         ,KY,40536-0000,Public       ,0,0,0,7,201,208
00198902,UNIV OF KY-COLLEGE OF MEDICINE          ,KY,40536-0000,Public       ,2,6,8,23,399,422
00199000,ASHLAND COMMUNITY AND TECHNICAL COLLEGE ,KY,41101-3683,Public       ,7,40,47,1060,2135,3195
00199001,ASHLAND CMNTY AND TECHNCL COLG          ,KY,41102-0000,Public       ,0,0,0,172,279,451
00199100,ELIZABETHTOWN COMMUNITY  AND TECHNICAL C,KY,42701-3081,Public       ,19,72,91,1650,3201,4851
00199300,HENDERSON COMMUNITY COLLEGE             ,KY,42420-4699,Public       ,7,27,34,449,1044,1493
00199400,HOPKINSVILLE COMMUNITY COLLEGE          ,KY,42241-2621,Public       ,9,60,69,783,2897,3680
00199600,BIG SANDY COMMUNITY AND TECHNICAL COLG  ,KY,41653-1815,Public       ,11,64,75,1328,1909,3237
00199602,BIG SANDY COMMUNITY AND TECHNICAL COLG  ,KY,41240-1032,Public       ,0,0,0,72,68,140
00199700,SOMERSET COMMUNITY COLLEGE              ,KY,42501-2973,Public       ,16,100,116,2046,4691,6737
00199701,LAUREL TECHNICAL COLLEGE                ,KY,40744-0000,Public       ,0,0,0,42,93,135
00199703,SOMERSET TECHNICAL COLLEGE              ,KY,42501-3043,Public       ,0,0,0,54,102,156
00199800,SOUTHEAST KENTUCKY COMMUNITY AND TECHNIC,KY,40823-1099,Public       ,11,47,58,1061,1524,2585
00199802,CUMBERLAND VLY TEC CLG MIDDLESBORO      ,KY,40965-2265,Public       ,0,0,0,42,39,81
00199804,SOUTHEAST COMMUNITY COLLEGE             ,KY,40831-1796,Public       ,1,0,1,53,90,143
00199900,UNIVERSITY OF LOUISVILLE                ,KY,40292-0000,Public       ,55,154,209,10674,10164,20838
00200100,THOMAS MORE COLLEGE                     ,KY,41017-3495,Private      ,1,44,45,1047,749,1796
00200200,WESTERN KENTUCKY UNIVERSITY             ,KY,42101-3576,Public       ,93,158,251,12013,7344,19357
00461800,SPENCERIAN COLLEGE                      ,KY,40216-2605,Proprietary  ,60,174,234,950,2535,3485
00461900,SULLIVAN UNIVERSITY                     ,KY,40205-3000,Proprietary  ,92,199,291,2031,4799,6830
00524300,HAZARD TECHNICAL COLLEGE                ,KY,41701-1198,Public       ,0,0,0,90,90,180
00524400,BLUEGRASS COMMUNITY & TECHNICAL COLLEGE ,KY,40506-0235,Public       ,50,161,211,1837,4430,6267
00527100,BOWLING GREEN TECHNICAL COLLEGE         ,KY,42101-3601,Public       ,11,35,46,559,1137,1696
00527300,GATEWAY COMMUNITY & TECHNOLOGY COLL     ,KY,41011-0000,Public       ,16,54,70,712,1780,2492
00549500,KY TECH-JEFFERSON CAMPUS                ,KY,40203-2036,Public       ,0,0,0,599,838,1437
00549502,SHELBY COUNTY AREA TECHNOLOGY CTR       ,KY,40065-0000,Public       ,0,0,0,73,112,185
00696000,MAYSVILLE CMNTY & TECHNCL COLG          ,KY,41056-8910,Public       ,11,37,48,605,1599,2204
00696002,MAYSVILLE CMNTY & TECHNCL COLG - ROWAN  ,KY,40351-8359,Public       ,0,0,0,97,122,219
00696100,JEFFERSON COMMUNITY AND TECHNICAL COLLEG,KY,40202-2005,Public       ,33,133,166,3787,7046,10833
00696200,HAZARD COMMUNITY COLLEGE                ,KY,41701-2402,Public       ,8,31,39,1285,1805,3090
00696203,KY TECH-KNOTT CO. TECHNOLOGY CTR        ,KY,41822-0000,Public       ,0,0,0,1,3,4
00696204,KY TECH-LESLIE COUNTY AREA TECH CTR     ,KY,41749-0000,Public       ,0,1,1,1,1,2
00696205,KY TECH-LEE COUNTY AREA TECH CTR        ,KY,41311-0000,Public       ,0,0,0,3,2,5
00696206,KY TECH-LETCHER CNTY AREA TECH CTR      ,KY,41858-0000,Public       ,0,1,1,10,10,20
00696207,KY TECH-BREATHITT COUNTY VOC ED CTR     ,KY,41339-0000,Public       ,0,0,0,4,16,20
00842500,DAYMAR COLLEGE                          ,KY,42001-0000,Proprietary  ,4,22,26,84,240,324
00901000,MADISONVILLE COMMUNITY COLLEGE          ,KY,42431-9199,Public       ,8,36,44,1012,2222,3234
00927500,NORTHERN KENTUCKY UNIVERSITY            ,KY,41099-0001,Public       ,24,98,122,7353,6059,13412
00931300,DAYMAR COLLEGE                          ,KY,42301-5830,Proprietary  ,24,94,118,225,1479,1704
00931302,DAYMAR COLLEGE - LOUISVILLE CAMPUS      ,KY,40219-1973,Proprietary  ,0,3,3,7,58,65
00970700,LEXINGTON COMMUNITY COLLEGE             ,KY,40506-0235,Public       ,0,0,0,1977,2230,4207
01042400,SALON PROFESSIONAL ACADEMY THE          ,KY,40502-1776,Proprietary  ,1,4,5,31,90,121
01048900,NATIONAL COLLEGE                        ,KY,40508-0000,Proprietary  ,44,363,407,657,4620,5277
01172500,COLLINS SCHOOL OF COSMETOLOGY           ,KY,40965-2809,Proprietary  ,0,11,11,8,79,87
01208800,SULLIVAN COLLEGE OF TECHNOLOGY AND DESIG,KY,40218-4528,Proprietary  ,20,18,38,513,452,965
01212801,SOUTHWESTERN COLLEGE                    ,KY,41042-1466,Proprietary  ,8,51,59,122,550,672
01240400,LEXINGTON BEAUTY COLLEGE                ,KY,40503-1819,Proprietary  ,1,2,3,23,75,98
01267700,OWENSBORO TECHNICAL COLLEGE             ,KY,42301-4806,Public       ,0,0,0,3,5,8
01267702,KY TECH OHIO CO CENTER                  ,KY,42347-0000,Public       ,0,0,0,0,1,1
01272300,KY TECH-WAYNE COUNTY AREA TECH CTR      ,KY,42633-1088,Public       ,0,0,0,1,0,1
01291400,EMPIRE BEAUTY SCHOOL                    ,KY,40218-0000,Proprietary  ,5,32,37,121,293,414
01291500,EMPIRE BEAUTY SCHOOL                    ,KY,41042-5113,Proprietary  ,2,9,11,70,161,231
01291600,EMPIRE BEAUTY SCHOOL                    ,KY,40216-4212,Proprietary  ,4,11,15,44,123,167
01291700,EMPIRE BEAUTY SCHOOL                    ,KY,40160-0000,Proprietary  ,3,9,12,77,142,219
01296800,EMPIRE BEAUTY SCHOOL                    ,KY,40207-2695,Proprietary  ,4,3,7,100,108,208
02159100,"APPALACHIAN BEAUTY SCHOOL, INC.         ",KY,41503-0000,Proprietary  ,0,1,1,14,50,64
02177100,EMPIRE BEAUTY SCHOOL                    ,KY,40204-0000,Proprietary  ,3,10,13,42,124,166
02251500,TREND SETTERS ACAD OF BEAUTY CULT       ,KY,40258-0000,Proprietary  ,2,15,17,57,163,220
02275000,JENNY LEA ACADEMY OF COSMETOLOGY        ,KY,40831-0000,Proprietary  ,4,6,10,24,89,113
02279800,ELIZABETHTOWN BEAUTY SCHOOL             ,KY,42701-0000,Proprietary  ,2,0,2,17,36,53
02284306,INTERACTIVE LEARNING SYSTEMS            ,KY,41042-0000,Proprietary  ,8,28,36,21,142,163
02323700,PAT WILSON'S BEAUTY COLLEGE             ,KY,42420-0000,Proprietary  ,2,1,3,9,55,64
02337200,PJ'S COLLEGE OF COSMETOLOGY             ,KY,42101-0000,Proprietary  ,12,51,63,75,457,532
02340800,PAUL MITCHELL THE SCHOOL LEXINGTON      ,KY,40601-0000,Proprietary  ,0,7,7,10,31,41
02351700,DONTA SCHOOL OF BEAUTY CULTURE          ,KY,40203-0000,Proprietary  ,1,5,6,15,105,120
02491100,BECKFIELD COLLEGE                       ,KY,41042-0000,Proprietary  ,4,10,14,164,768,932
02518900,BARRETT & COMPANY SCH HAIR DESIGN       ,KY,40356-0000,Proprietary  ,1,13,14,55,99,154
02526100,JENNY LEA ACADEMY OF COSMETOLOGY        ,KY,41858-0000,Proprietary  ,0,0,0,8,21,29
02535600,CLEAR CREEK BAPTIST BIBLE COLLEGE       ,KY,40977-0000,Private      ,0,0,0,42,155,197
02551100,PJ'S COLLEGE OF COSMETOLOGY             ,KY,42121-0000,Proprietary  ,3,9,12,35,131,166
02560800,SOUTHEAST SCHOOL OF COSMETOLOGY         ,KY,40962-0000,Proprietary  ,0,0,0,23,50,73
02576200,MID-CONTINENT UNIVERSITY                ,KY,42066-9007,Private      ,2,35,37,204,1507,1711
02616204,BROWN MACKIE COLLEGE-FINDLAY - BROWN MAC,KY,40219-1916,Proprietary  ,34,118,152,209,1180,1389
03002100,KENTUCKY MOUNTAIN BIBLE COLLEGE         ,KY,41385-0010,Private      ,1,0,1,57,31,88
03007000,FRONTIER SCH OF MIDWIFERY&FAMILY NU     ,KY,41749-0000,Private      ,0,17,17,0,471,471
03026200,HEAD'S WEST KENTUCKY BEAUTY COLLEGE     ,KY,42431-0000,Proprietary  ,1,4,5,13,62,75
03029200,NU-TEK ACADEMY OF BEAUTY                ,KY,40353-9767,Proprietary  ,1,4,5,14,45,59
03034500,OWENSBORO COMMUNITY & TECHNICAL COLLEGE ,KY,42303-1899,Public       ,9,35,44,1212,2170,3382
03083700,GALEN HEALTH INSTITUTES                 ,KY,40207-1047,Proprietary  ,13,68,81,246,1760,2006
03103500,MR JIM'S BEAUTY COLLEGE                 ,KY,42301-2646,Proprietary  ,1,5,6,16,51,67
03106700,MOTIF BEAUTY ACADEMY                    ,KY,40391-1958,Proprietary  ,2,0,2,13,50,63
03516500,EZELL'S COSMETOLOGY SCHOOL              ,KY,42071-2530,Proprietary  ,1,3,4,11,52,63
03611300,BRIGHTON CENTER'S CENTER FOR EMPLOY     ,KY,41071-1968,Private      ,3,44,47,10,204,214
03804300,BELLEFONTE ACADEMY OF BEAUTY            ,KY,41169-2015,Proprietary  ,5,12,17,40,80,120
03885300,EMPLOYMENT SOLUTIONS                    ,KY,40517-3260,Private      ,2,8,10,7,45,52
03886300,REGENCY SCHOOL OF HAIR DESIGN           ,KY,41653-1278,Proprietary  ,1,5,6,22,52,74
04038300,ATA CAREER EDUCATION                    ,KY,40223-3832,Proprietary  ,12,69,81,99,571,670
00200300,CENTENARY COLLEGE OF LOUISIANA          ,LA,71104-3396,Private      ,3,0,3,1168,230,1398
00200400,DILLARD UNIVERSITY                      ,LA,70122-3097,Private      ,15,6,21,1665,399,2064
00200500,NICHOLLS STATE UNIVERSITY               ,LA,70310-0001,Public       ,38,46,84,5041,2641,7682
00200600,GRAMBLING STATE UNIVERSITY              ,LA,71245-2215,Public       ,192,65,257,6479,3165,9644
00200700,LOUISIANA COLLEGE                       ,LA,71359-0000,Private      ,3,11,14,993,263,1256
00200800,LOUISIANA TECH UNIVERSITY               ,LA,71272-0001,Public       ,62,50,112,7212,3059,10271
00201000,LOUISIANA STATE UNIV & A&M COLG         ,LA,70803-5710,Public       ,82,74,156,20956,6890,27846
00201100,LOUISIANA STATE UNIV-ALEXANDRIA         ,LA,71302-9121,Public       ,35,39,74,1463,2305,3768
00201200,LOUISIANA STATE UNIV-EUNICE             ,LA,70535-6726,Public       ,28,30,58,1965,1604,3569
00201300,LOUISIANA STATE UNIV-SHREVEPORT         ,LA,71115-2399,Public       ,17,44,61,2422,2711,5133
00201400,LA STATE UNIV HEALTH SCIENCES CTR       ,LA,70112-2223,Public       ,2,26,28,350,1599,1949
00201500,(THE) UNIVERSITY OF NEW ORLEANS         ,LA,70148-0001,Public       ,53,115,168,6438,5440,11878
00201600,LOYOLA UNIVERSITY NEW ORLEANS           ,LA,70118-6195,Private      ,23,36,59,2650,1797,4447
00201700,MCNEESE STATE UNIVERSITY                ,LA,70609-4510,Public       ,40,47,87,5140,3197,8337
00201900,NEW ORLEANS BAPTIST THEOL SEMINARY      ,LA,70126-0000,Private      ,0,1,1,37,98,135
00202000,UNIVERSITY OF LOUISIANA AT MONROE       ,LA,71209-9001,Public       ,47,91,138,6415,4640,11055
00202100,NORTHWESTERN STATE UNIVERSITY           ,LA,71497-0001,Public       ,70,135,205,6383,5370,11753
00202200,NOTRE DAME SEMINARY                     ,LA,70118-0000,Private      ,0,0,0,2,4,6
00202300,OUR LADY OF HOLY CROSS COLLEGE          ,LA,70131-7399,Private      ,9,15,24,642,923,1565
00202400,SOUTHEASTERN LOUISIANA UNIV             ,LA,70402-0001,Public       ,87,67,154,10871,5682,16553
00202500,SOUTHERN UNIVERSITY A & M COLLEGE       ,LA,70813-9374,Public       ,77,101,178,8573,6257,14830
00202600,SOUTHERN UNIV NEW ORLEANS               ,LA,70126-0002,Public       ,18,60,78,1154,2541,3695
00202700,ST JOSEPH SEMINARY COLLEGE              ,LA,70457-9990,Private      ,0,0,0,49,12,61
00202900,TULANE UNIVERSITY                       ,LA,70118-5698,Private      ,28,65,93,6016,4421,10437
00203100,UNIV OF LOUISIANA AT LAFAYETTE          ,LA,70504-0001,Public       ,79,48,127,11619,5004,16623
00203200,XAVIER UNIVERSITY OF LOUISIANA          ,LA,70125-1098,Private      ,20,9,29,3372,1259,4631
00462100,AYERS CAREER COLLEGE                    ,LA,71108-5845,Proprietary  ,7,34,41,84,459,543
00462500,DELGADO COMMUNITY COLLEGE               ,LA,70119-0000,Public       ,83,309,392,4564,8625,13189
00520300,REMINGTON COLLEGE - LAFAYETTE CAMPUS    ,LA,70508-5760,Proprietary  ,41,222,263,684,2391,3075
00520306,REMINGTON COLLEGE - BATON ROUGE CAMPUS  ,LA,70816-4040,Proprietary  ,8,59,67,250,877,1127
00546700,SOWELA TECHNICAL COMMUNITY COLLEGE      ,LA,70616-6950,Public       ,13,29,42,527,743,1270
00547200,LOUISIANA TECHNICAL COLLEGE - SIDNEY N. ,LA,70126-5511,Public       ,0,0,0,10,30,40
00548800,LOUISIANA TECH COLG-BATON ROUGE         ,LA,70807-0000,Public       ,7,28,35,326,672,998
00548802,LOUISIANA TECH COLG-ACADIAN CMPS        ,LA,70526-0000,Public       ,6,11,17,60,131,191
00548803,LOUISIANA TECH COLG-ALEXANDRIA CMPS     ,LA,71302-3137,Public       ,9,22,31,177,555,732
00548804,LOUISIANA TECH COLG-ASCENSION CMPS      ,LA,70778-3007,Public       ,3,8,11,60,70,130
00548805,LA TECH COLLEGE-AVOYELLES CAMPUS        ,LA,71327-0000,Public       ,5,9,14,47,105,152
00548806,LA TECHNICAL COLG-BASTROP CMPS          ,LA,71221-0000,Public       ,2,5,7,45,134,179
00548808,LA TECH COLG CHARLES B COREILCMPS       ,LA,70586-0000,Public       ,4,12,16,61,151,212
00548809,LA TECHNICAL COLG-DELTA-OUACHITA        ,LA,71292-9064,Public       ,5,19,24,242,483,725
00548810,EVANGELINE TECHNICAL INST               ,LA,70582-3104,Public       ,3,11,14,46,154,200
00548811,LA TECHN COLLEGE - FLORIDA PARISHES     ,LA,70441-0000,Public       ,1,10,11,25,100,125
00548812,LOUISIANA TECH COLG-FOLKES CAMPUS       ,LA,70748-0000,Public       ,3,14,17,11,35,46
00548813,LA TECHNICAL INST-GULF AREA CMPS        ,LA,70510-0878,Public       ,22,21,43,162,266,428
00548814,LOUISIANA TECH COLG-HAMMOND CMPS        ,LA,70404-0000,Public       ,6,12,18,131,267,398
00548815,LA TECH COLG-HUEY P. LONG CAMPUS        ,LA,71483-0000,Public       ,4,14,18,48,146,194
00548816,LA TECH COLLEGE-JEFFERSON CAMPUS        ,LA,70001-5605,Public       ,0,7,7,28,177,205
00548817,LOUISIANA TEC CLG-JUMONVILLE MEM CP     ,LA,70760-0000,Public       ,2,14,16,62,133,195
00548818,LA TECH COLLEGE-LAFAYETTE CAMPUS        ,LA,70506-0000,Public       ,18,43,61,420,788,1208
00548819,LOUISIANA TECHNICAL COLLEGE-LAFOURC     ,LA,70301-4336,Public       ,7,12,19,80,173,253
00548820,LOUISIANA TEC CLG-LAMAR SALTER CMPS     ,LA,71446-0000,Public       ,1,9,10,75,225,300
00548822,LOUISIANA TECHNICAL CLG-MANSFIELD       ,LA,71052-1236,Public       ,12,9,21,56,151,207
00548823,LA. TECH COLG.-MORGAN SMITH CAMPUS      ,LA,70546-0000,Public       ,5,13,18,41,108,149
00548824,LOUISIANA TEC CLG-NATCHITOCHES CMPS     ,LA,71458-0000,Public       ,3,14,17,70,181,251
00548825,LOUISIANA TECH COLG-NORTH CTRL CMPS     ,LA,71241-0000,Public       ,3,5,8,30,88,118
00548826,LOUISIANA TECH CLG-NORTHEAST LA CMP     ,LA,71295-2999,Public       ,1,14,15,40,131,171
00548827,LOUISIANA TEC CLG-NW LOUISIANA CMPS     ,LA,71058-0000,Public       ,10,27,37,165,363,528
00548828,LA TECHNICAL COLG-OAKDALE CMPS          ,LA,71463-0000,Public       ,1,7,8,44,141,185
00548829,LTC-RIVER PARISHES CAMPUS               ,LA,70084-0000,Public       ,8,11,19,115,255,370
00548830,LOUISIANA TECHNICAL COLLEGE-RUSTON      ,LA,71273-0000,Public       ,5,11,16,234,239,473
00548831,LTC - SABINE VALLEY CAMPUS              ,LA,71449-3839,Public       ,8,11,19,55,117,172
00548832,LOUISIANA TECH COLG-SHELBY JACKSON      ,LA,71334-0000,Public       ,2,9,11,38,185,223
00548833,LA TECH COLG SHREVEPORT-BOSSIER         ,LA,71137-0000,Public       ,10,36,46,253,848,1101
00548835,LA TECHNICAL COLLEGE-SLIDELL CAMPUS     ,LA,70459-0000,Public       ,0,0,0,9,20,29
00548837,LOUISIANA TECH COLG-SULLIVAN CAMPUS     ,LA,70427-5866,Public       ,3,13,16,117,262,379
00548838,LOUISIANA TECHNICAL COLG - TALLULAH     ,LA,71284-0000,Public       ,14,25,39,91,194,285
00548839,LA TECH COLG-TECHE AREA CAMPUS          ,LA,70562-0000,Public       ,2,16,18,152,293,445
00548840,LOUISIANA TECH COLG-T.H.HARRIS CMPS     ,LA,70570-6113,Public       ,17,18,35,340,509,849
00548841,LOUISIANA TECH COLG W JEFFERSON CMP     ,LA,70058-0000,Public       ,1,2,3,18,47,65
00548842,LOUISIANA TECHNICAL COLLEGE - WESTSIDE C,LA,70765-0733,Public       ,2,3,5,17,70,87
00548843,LTC-YOUNG MEMORIAL CAMPUS               ,LA,70381-0000,Public       ,7,12,19,88,248,336
00576100,L. E. FLETCHER TECHNICAL COMMUNITY COLLE,LA,70360-2863,Public       ,9,18,27,416,430,846
00576101,L.E. FLETCHER TECHNICAL COMMUNITY COLLEG,LA,70360-7310,Public       ,2,0,2,71,72,143
00768600,SOUTHERN UNIV AT SHREVEPORT/BOSSIER     ,LA,71107-4795,Public       ,49,39,88,1129,2558,3687
00806700,LSU HEALTH SCIENCES CENTR-SHREVEPOR     ,LA,71130-3932,Public       ,7,12,19,173,800,973
00989800,DEMMON SCHOOL OF BEAUTY                 ,LA,70607-2128,Proprietary  ,0,3,3,16,75,91
01005701,AMERICAN COMMERCIAL COLLEGE             ,LA,71105-2502,Proprietary  ,7,12,19,45,293,338
01109700,CLOYD'S BEAUTY SCHOOL #1                ,LA,71291-3131,Proprietary  ,6,27,33,47,174,221
01112102,BRYMAN COLLEGE                          ,LA,70119-0000,Proprietary  ,0,0,0,12,37,49
01163100,"D-JAY'S SCHL OF BEAUTY, ARTS & SCI      ",LA,70806-0000,Proprietary  ,2,13,15,42,101,143
01184100,JOHN JAY BEAUTY COLLEGE                 ,LA,70124-2592,Proprietary  ,0,1,1,17,37,54
01261100,RONNIE & DORMANS SCHOOL HAIR DESIGN     ,LA,70501-0000,Proprietary  ,1,0,1,6,32,38
01282300,PAT GOINS RUSTON BEAUTY SCHOOL          ,LA,71270-4301,Proprietary  ,5,6,11,25,44,69
01287900,PAT GOINS BENTON ROAD BEAUTY SCHOOL     ,LA,71111-4838,Proprietary  ,0,9,9,21,70,91
01288000,PAT GOINS BEAUTY SCHOOL                 ,LA,71201-5167,Proprietary  ,0,3,3,14,40,54
02055400,BOSSIER PARISH COMMUNITY COLLEGE        ,LA,71111-0000,Public       ,33,71,104,2076,3043,5119
02055500,DELTA SCH OF BUSINESS & TECHNOLOGY      ,LA,70601-0000,Proprietary  ,6,30,36,146,557,703
02065100,REMINGTON COLLEGE - NEW ORLEANS CAMPUS  ,LA,70005-3007,Proprietary  ,0,0,0,2,5,7
02089711,HERZING COLLEGE                         ,LA,70062-8727,Proprietary  ,0,1,1,15,48,63
02117800,AVEDA INSTITUTE LAFAYETTE               ,LA,70503-3246,Proprietary  ,3,5,8,94,93,187
02166100,NUNEZ COMMUNITY COLLEGE                 ,LA,70043-0000,Public       ,10,54,64,284,691,975
02166200,ITI TECHNICAL COLLEGE                   ,LA,70817-0000,Proprietary  ,12,33,45,286,484,770
02197500,BATON ROUGE SCHOOL OF COMPUTERS         ,LA,70816-0000,Proprietary  ,1,8,9,45,91,136
02234000,CAMERON COLLEGE                         ,LA,70119-0000,Proprietary  ,2,65,67,18,187,205
02258400,AVEDA INSTITUTE BATON ROUGE             ,LA,70816-2246,Proprietary  ,7,9,16,142,114,256
02260200,DIESEL DRIVING ACADEMY                  ,LA,71109-5617,Proprietary  ,2,18,20,35,291,326
02263600,BASTROP BEAUTY SCHOOL #1                ,LA,71220-0000,Proprietary  ,1,10,11,14,59,73
02265600,JOHN JAY KENNER ACADEMY                 ,LA,70062-0000,Proprietary  ,8,11,19,60,104,164
02269300,STEVENSON'S ACADEMY OF HAIR DESIGN      ,LA,70116-0000,Proprietary  ,3,9,12,62,101,163
02323100,PAT GOINS SHREVEPORT BEAUTY SCHOOL      ,LA,71108-4354,Proprietary  ,0,7,7,11,42,53
02327800,PINEVILLE BEAUTY SCHOOL                 ,LA,71360-0000,Proprietary  ,1,4,5,41,62,103
02335701,BATON ROUGE GEN MED CTR SCH NSG         ,LA,70821-0000,Private      ,0,2,2,77,185,262
02335702,BATON ROUGE GEN MED CTR-RAD TECH        ,LA,70806-0000,Private      ,0,0,0,27,52,79
02338000,"CLOYD'S BEAUTY SCHOOL #2, INC           ",LA,71202-3539,Proprietary  ,5,25,30,46,175,221
02352500,"CLOYD'S BEAUTY SCHOOL #3, INC           ",LA,71201-3211,Proprietary  ,6,26,32,47,176,223
02358600,"STAGE ONE THE HAIR SCHOOL, INC.         ",LA,70605-0000,Proprietary  ,5,3,8,75,91,166
02493400,ALEXANDRIA ACADEMY OF BEAUTY CULT       ,LA,71301-0000,Proprietary  ,0,16,16,11,79,90
02518300,SOUTH LOUISIANA BEAUTY COLLEGE          ,LA,70363-0000,Proprietary  ,5,7,12,44,89,133
02536400,LOUISIANA ACADEMY OF BEAUTY             ,LA,70535-0000,Proprietary  ,1,2,3,30,55,85
02538300,DELTA COLLEGE OF ARTS & TECH INC        ,LA,70806-1529,Proprietary  ,1,20,21,105,477,582
02538301,DELTA COLLEGE OF ARTS & TECHNOLOGY - LAF,LA,70508-6831,Proprietary  ,0,3,3,26,131,157
02548500,COSMETOLOGY TRAINING CENTER             ,LA,70503-0000,Proprietary  ,2,9,11,65,74,139
02554800,VANGUARD COLLEGE OF COSMETOLOGY         ,LA,70458-8823,Proprietary  ,2,5,7,59,89,148
02582200,"GUY'S ACADEMY HAIR, SKIN & NAILS        ",LA,71105-2404,Proprietary  ,3,5,8,73,185,258
02600900,AVEDA INSTITUTE                         ,LA,70433-2922,Proprietary  ,17,25,42,447,650,1097
02601000,AMERICAN SCHOOL OF BUSINESS             ,LA,71105-5646,Proprietary  ,1,17,18,30,140,170
02601100,OPELOUSAS SCHOOL OF COSMETOLOGY         ,LA,70570-6156,Proprietary  ,3,1,4,21,50,71
02606800,CAREER TRAINING SPECIALISTS             ,LA,71201-6046,Proprietary  ,17,41,58,307,848,1155
02606801,CAREER TECHNICAL COLLEGE - SHREVEPORT   ,LA,71105-2405,Proprietary  ,9,33,42,95,470,565
02617100,BATON ROUGE COLLEGE                     ,LA,70816-2246,Proprietary  ,1,6,7,42,108,150
02619200,DENHAM SPRINGS BEAUTY COLLEGE           ,LA,70726-3829,Proprietary  ,1,5,6,28,78,106
03010400,CRESCENT CITY SCH GAMING & BARTENDG     ,LA,70119-5507,Proprietary  ,9,145,154,54,684,738
03023500,CAMELOT CAREER COLLEGE                  ,LA,70805-7539,Proprietary  ,18,62,80,140,335,475
03030900,DIESEL DRIVING ACADEMY                  ,LA,70815-8109,Proprietary  ,4,39,43,59,525,584
03061400,ASCENSION COLLEGE                       ,LA,70737-2912,Proprietary  ,7,9,16,93,184,277
03095100,GRETNA CAREER COLLEGE                   ,LA,70053-2436,Proprietary  ,5,45,50,51,279,330
03106200,OUR LADY OF THE LAKE COLLEGE            ,LA,70808-4345,Private      ,13,36,49,883,1846,2729
03253300,JONESVILLE BEAUTY SCHOOL                ,LA,71343-0000,Proprietary  ,0,1,1,14,50,64
03294300,BLUE CLIFF SCH THERAPEUTIC MASSAGE      ,LA,70002-3458,Proprietary  ,4,21,25,161,555,716
03322300,CULINARY INSTITUTE OF NEW ORLEANS       ,LA,70140-0000,Proprietary  ,0,0,0,27,33,60
03332600,DELTA COLLEGE                           ,LA,70433-9042,Proprietary  ,1,8,9,59,306,365
03332601,DELTA COLLEGE - SLIDELL                 ,LA,70460-2624,Proprietary  ,4,14,18,37,165,202
03356300,MEDICAL TRAINING COLLEGE                ,LA,70816-5820,Proprietary  ,3,14,17,109,325,434
03402300,METROPOLITAN COMMUNITY COLLEGE          ,LA,70053-6758,Proprietary  ,0,0,0,3,4,7
03422500,BLUE CLIFF COLLEGE                      ,LA,71107-6520,Proprietary  ,1,23,24,89,376,465
03422600,BLUE CLIFF COLLEGE                      ,LA,70508-3858,Proprietary  ,4,28,32,83,201,284
03480300,MEDVANCE INSTITUTE                      ,LA,70809-1908,Proprietary  ,34,171,205,461,2318,2779
03498400,OMEGA INSTITUTE OF COSMETOLOGY          ,LA,70360-0000,Proprietary  ,3,4,7,36,52,88
03727500,MOORE CAREER COLLEGE                    ,LA,70808-4191,Proprietary  ,3,7,10,44,108,152
03730300,BATON ROUGE COMMUNITY COLLEGE           ,LA,78806-4129,Public       ,39,89,128,3368,3445,6813
03752400,SCHOOL OF URBAN MISSIONS                ,LA,70053-0000,Private      ,0,0,0,33,81,114
03789300,UNITECH TRAINING ACADEMY                ,LA,70503-5132,Proprietary  ,19,121,140,186,932,1118
03789400,RIVER PARISHES COMMUNITY COLLEGE        ,LA,70778-0310,Public       ,7,14,21,316,465,781
03795300,CASSIA BEAUTY COLLEGE                   ,LA,70126-0000,Proprietary  ,0,0,0,4,5,9
03810500,COURT REPORTING INSTITUTE OF LOUISI     ,LA,70816-0000,Proprietary  ,0,2,2,17,91,108
03858300,RAY'S FAITH ACADEMY OF BEAUTY EDUCATION ,LA,70737-0000,Proprietary  ,0,0,0,2,7,9
03932300,PROFESSIONAL CHEF'S INSTITUTE OF THE SOU,LA,70809-0000,Proprietary  ,0,0,0,7,2,9
03956300,SOUTH LOUISIANA COMMUNITY COLLEGE       ,LA,70506-0000,Public       ,12,52,64,760,1012,1772
04040300,COMPASS CAREER COLLEGE                  ,LA,70403-0653,Proprietary  ,1,9,10,23,113,136
04112300,LOUISIANA CULINARY INSTITUTE            ,LA,70816-4109,Proprietary  ,5,4,9,16,18,34
00143600,CAPITOL COLLEGE                         ,MD,20708-9759,Private      ,2,7,9,312,311,623
00146200,WASHINGTON BIBLE COLLEGE                ,MD,20706-3599,Private      ,0,0,0,115,244,359
00205700,ALLEGANY COLLEGE OF MARYLAND            ,MD,21502-2596,Public       ,18,39,57,1738,1501,3239
00205800,ANNE ARUNDEL COMMUNITY COLLEGE          ,MD,21012-1895,Public       ,29,145,174,2776,3973,6749
00206000,BALTIMORE HEBREW UNIVERSITY             ,MD,21215-3996,Private      ,0,0,0,13,48,61
00206100,BALTIMORE CITY COMMUNITY COLLEGE        ,MD,21215-7893,Public       ,25,107,132,2441,6507,8948
00206200,BOWIE STATE UNIVERSITY                  ,MD,20715-9465,Public       ,23,24,47,6158,3379,9537
00206300,COMMUNITY COLLEGE OF BALTIMORE COUNTY   ,MD,21228-5381,Public       ,56,184,240,5134,8557,13691
00206400,COLLEGE OF SOUTHERN MARYLAND            ,MD,20646-0910,Public       ,10,45,55,1779,2210,3989
00206500,CLG NOTRE DAME OF MARYLAND              ,MD,21210-2476,Private      ,1,28,29,765,1228,1993
00206700,COLUMBIA UNION COLLEGE                  ,MD,20912-7796,Private      ,3,24,27,873,683,1556
00206800,COPPIN STATE UNIVERSITY                 ,MD,21216-3698,Public       ,9,10,19,3296,3322,6618
00207100,FREDERICK COMMUNITY COLLEGE             ,MD,21702-9745,Public       ,9,44,53,974,1389,2363
00207200,FROSTBURG STATE UNIVERSITY              ,MD,21532-1099,Public       ,5,9,14,4995,992,5987
00207300,GOUCHER COLLEGE                         ,MD,21204-2794,Private      ,4,3,7,2267,436,2703
00207400,HAGERSTOWN COMMUNITY COLLEGE            ,MD,21742-6590,Public       ,17,66,83,1117,1557,2674
00207500,HARFORD COMMUNITY COLLEGE               ,MD,21015-1696,Public       ,9,52,61,1184,1526,2710
00207600,HOOD COLLEGE                            ,MD,21701-8575,Private      ,3,9,12,1911,628,2539
00207700,JOHNS HOPKINS UNIVERSITY                ,MD,21218-2693,Private      ,1,11,12,4970,1067,6037
00207702,JOHNS HOPKINS UNIV SCH ARTS/SCI/ENG     ,MD,21218-0000,Private      ,3,17,20,3316,1117,4433
00207703,JOHNS HOPKINS UNIV SCH OF BUS/ED        ,MD,21046-0000,Private      ,0,15,15,34,1422,1456
00207705,JOHNS HOPKINS BLOOMBERG SCH OF PH       ,MD,21205-0000,Private      ,0,6,6,14,1080,1094
00207706,JOHNS HOPKINS UNIV SCH OF MEDICINE      ,MD,21205-0000,Private      ,0,9,9,70,831,901
00207707,JOHNS HOPKINS UNIV SCH OF NURSING       ,MD,21205-0000,Private      ,0,4,4,214,715,929
00207708,JOHNS HOPKINS UNIV PEABODY CONSERV      ,MD,21202-2397,Private      ,0,0,0,619,329,948
00207800,LOYOLA UNIVERSITY MARYLAND              ,MD,21210-2699,Private      ,4,13,17,5371,1545,6916
00208000,MARYLAND INST COLLEGE OF ART            ,MD,21217-4191,Private      ,1,1,2,2066,590,2656
00208300,MORGAN STATE UNIVERSITY                 ,MD,21251-0002,Public       ,31,14,45,9225,3555,12780
00208600,MOUNT SAINT MARY'S UNIVERSITY           ,MD,21727-7799,Private      ,4,5,9,2221,319,2540
00208700,NER ISRAEL RABBINICAL COLLEGE           ,MD,21208-1198,Private      ,1,2,3,86,49,135
00208900,PRINCE GEORGES COMMUNITY COLLEGE        ,MD,20774-2199,Public       ,40,109,149,3632,5599,9231
00209100,SALISBURY UNIVERSITY                    ,MD,21801-6862,Public       ,13,14,27,7176,1251,8427
00209200,ST JOHN'S COLLEGE                       ,MD,21404-0000,Private      ,0,7,7,593,179,772
00209500,ST. MARY'S COLLEGE OF MARYLAND          ,MD,20686-3001,Public       ,0,0,0,2161,139,2300
00209600,ST MARY'S SEMINARY & UNIV               ,MD,21210-1994,Private      ,0,0,0,12,31,43
00209900,TOWSON UNIVERSITY                       ,MD,21252-0002,Public       ,31,51,82,14948,4810,19758
00210200,UNIVERSITY OF BALTIMORE                 ,MD,21201-5779,Public       ,6,34,40,643,4870,5513
00210300,"UNIVERSITY OF MARYLAND, COLLEGE PARK    ",MD,20742-5145,Public       ,55,115,170,22809,8932,31741
00210400,"UNIVERSITY OF MARYLAND, BALTIMORE       ",MD,21201-1691,Public       ,4,34,38,2418,8044,10462
00210500,UMBC                                    ,MD,21250-0002,Public       ,14,21,35,7110,3214,10324
00210600,UNIVERSITY MARYLAND EASTERN SHORE       ,MD,21853-4053,Public       ,15,9,24,4597,1149,5746
00210700,STEVENSON UNIVERSITY                    ,MD,21153-0641,Private      ,0,5,5,3127,829,3956
00210800,WASHINGTON COLLEGE                      ,MD,21620-1197,Private      ,1,1,2,1723,78,1801
00210900,MCDANIEL COLLEGE                        ,MD,21157-4390,Private      ,3,24,27,2557,494,3051
00458612,KAPLAN COLLEGE                          ,MD,21742-2797,Proprietary  ,8,42,50,370,946,1316
00458614,KAPLAN COLLEGE - FREDERICK              ,MD,21704-8307,Proprietary  ,3,23,26,50,260,310
00465000,CHESAPEAKE COLLEGE                      ,MD,21679-0008,Public       ,8,18,26,752,1015,1767
00691100,MONTGOMERY COLLEGE                      ,MD,20850-1195,Public       ,47,126,173,6430,6148,12578
00734100,INTERNATIONAL BEAUTY SCHOOL             ,MD,21502-2370,Proprietary  ,6,14,20,46,115,161
00744700,DEL-MAR-VA BEAUTY ACADEMY               ,MD,21804-0000,Proprietary  ,2,8,10,50,61,111
00749100,TESST COLLEGE OF TECHNOLOGY             ,MD,21227-1063,Proprietary  ,29,127,156,465,1692,2157
00793600,LINCOLN TECHNICAL INSTITUTE             ,MD,21046-1544,Proprietary  ,83,130,213,939,1094,2033
00817500,HOWARD COMMUNITY COLLEGE                ,MD,21044-3197,Public       ,15,33,48,1737,2046,3783
00826300,AWARD BEAUTY SCHOOL                     ,MD,21740-5624,Proprietary  ,5,28,33,75,259,334
00830800,CECIL COLLEGE                           ,MD,21901-1999,Public       ,7,25,32,571,694,1265
01001400,GARRETT COMMUNITY COLLEGE               ,MD,21541-1265,Public       ,1,2,3,441,320,761
01031900,MEDIX SCHOOL                            ,MD,21204-2538,Proprietary  ,42,159,201,331,983,1314
01041000,TESST COLLEGE OF TECHNOLOGY             ,MD,21286-2201,Proprietary  ,15,52,67,334,737,1071
01164400,UNIV OF MARYLAND UNIVERSITY COLLEGE     ,MD,20783-8078,Public       ,28,561,589,1574,18170,19744
01164402,U OF MD UNIVERSITY COLLEGE - EUROPE     ,MD,20832-0000,Public       ,3,68,71,383,2344,2727
01164404,U OF MD UNIVERSITY COLLEGE - ASIA       ,MD,31207-0000,Public       ,4,62,66,114,1088,1202
02073900,WOR-WIC COMMUNITY COLLEGE               ,MD,21804-0000,Public       ,9,61,70,953,1701,2654
02083600,TESST COLLEGE OF TECHNOLOGY             ,MD,20705-2698,Proprietary  ,30,66,96,352,672,1024
02116005,SANFORD-BROWN INSTITUTE - LANDOVER      ,MD,20785-2287,Proprietary  ,19,78,97,154,892,1046
02127900,SOJOURNER DOUGLASS COLLEGE              ,MD,21205-0000,Private      ,2,21,23,106,1864,1970
02155100,MARYLAND COLLEGE OF ART AND DESIGN      ,MD,20902-0000,Private      ,1,1,2,63,38,101
02269700,INTERNATIONAL BEAUTY SCHOOL             ,MD,21014-0000,Proprietary  ,0,0,0,42,39,81
02288900,ABI-ACCUTECH BUSINESS INSTITUTE         ,MD,21703-0000,Proprietary  ,0,0,0,6,32,38
02314800,BALTIMORE INTERNATIONAL COLLEGE         ,MD,21202-0000,Private      ,3,5,8,507,400,907
02331000,MARYLAND BEAUTY ACADEMY OF ESSEX        ,MD,21221-0000,Proprietary  ,5,11,16,52,154,206
02333000,HAIR ACADEMY                            ,MD,20784-0000,Proprietary  ,19,41,60,144,348,492
02343800,MONTGOMERY BEAUTY SCHOOL                ,MD,20901-0000,Proprietary  ,7,29,36,63,201,264
02494700,BALTIMORE STUDIO OF HAIR DESIGN         ,MD,21201-0000,Proprietary  ,9,19,28,104,213,317
02495000,ROBERT PAUL ACAD COSMTGY ARTS & SCI     ,MD,21093-0000,Proprietary  ,2,1,3,73,65,138
02495100,MARYLAND BEAUTY ACADEMY                 ,MD,21136-0000,Proprietary  ,2,3,5,17,52,69
02545400,NORTH AMERICAN TRADE SCHOOLS            ,MD,21244-0069,Proprietary  ,15,100,115,166,842,1008
02573800,"L' ACADEMIE DE CUISINE, INC.            ",MD,20877-0000,Proprietary  ,0,1,1,29,117,146
02578400,TAI SOPHIA INSTITUTE                    ,MD,20723-6010,Private      ,0,0,0,1,234,235
03021002,HARRISON CAREER INSTITUTE-BALTIMORE     ,MD,21201-0000,Proprietary  ,0,0,0,2,20,22
03027200,BLADES SCHOOL OF HAIR DESIGN            ,MD,20619-0226,Proprietary  ,1,9,10,32,88,120
03064900,AARON'S ACADEMY OF BEAUTY               ,MD,20602-2715,Proprietary  ,2,6,8,27,57,84
03097200,AESTHETICS INSTITUTE OF COSMETOLOGY     ,MD,20877-1305,Proprietary  ,0,6,6,6,61,67
03100700,CARROLL COMMUNITY COLLEGE               ,MD,21157-6913,Public       ,8,16,24,641,594,1235
03148300,AMERICAN BEAUTY ACADEMY                 ,MD,20902-1911,Proprietary  ,23,47,70,157,377,534
03296300,BALTIMORE SCHOOL OF MASSAGE             ,MD,21090-2261,Proprietary  ,10,32,42,156,492,648
03327300,NEW CREATIONS ACADEMY OF HAIR DSN       ,MD,20746-2960,Proprietary  ,1,2,3,13,54,67
03455500,NATIONAL LABOR COLLEGE                  ,MD,20903-1790,Private      ,0,0,0,1,15,16
03493300,ALL-STATE CAREER SCHOOL                 ,MD,21224-6658,Proprietary  ,26,187,213,231,1364,1595
03771300,AMERICAN CAREER INSTITUTE               ,MD,20902-4637,Proprietary  ,0,5,5,17,79,96
03822400,MAPLE SPRINGS BAPTIST BIBLE COLLEGE & SE,MD,20743-5711,Private      ,0,2,2,2,21,23
03965500,HAIR EXPRESSIONS ACADEMY                ,MD,20852-1729,Proprietary  ,2,6,8,29,58,87
        ,MGH INSTITUTE OF HEALTH PROFESSION      ,MA,02129-0000,Private      ,1,14,15,11,681,692
00211400,AMERICAN INTERNATIONAL COLLEGE          ,MA,01109-3189,Private      ,3,22,25,1648,1146,2794
00211500,AMHERST COLLEGE                         ,MA,01002-5000,Private      ,0,0,0,2945,69,3014
00211600,ANDOVER NEWTON THEOLOGICAL SCHOOL       ,MA,02459-0000,Private      ,0,2,2,0,217,217
00211700,ANNA MARIA COLLEGE                      ,MA,01612-1198,Private      ,10,20,30,841,284,1125
00211800,ASSUMPTION COLLEGE                      ,MA,01615-1294,Private      ,1,1,2,3595,360,3955
00211900,ATLANTIC UNION COLLEGE                  ,MA,01561-1000,Private      ,1,2,3,374,272,646
00212000,MERRIMACK COLLEGE                       ,MA,01845-5800,Private      ,1,1,2,3322,113,3435
00212100,BABSON COLLEGE                          ,MA,02457-0310,Private      ,2,9,11,1848,691,2539
00212200,BAY PATH COLLEGE                        ,MA,01106-2212,Private      ,2,14,16,737,1161,1898
00212300,BECKER COLLEGE-WORCESTER                ,MA,01615-0071,Private      ,10,24,34,1979,828,2807
00212400,BENTLEY UNIVERSITY                      ,MA,02452-4705,Private      ,3,16,19,5365,713,6078
00212600,BERKLEE COLLEGE OF MUSIC                ,MA,02215-3693,Private      ,21,14,35,3426,725,4151
00212800,BOSTON COLLEGE                          ,MA,02467-3800,Private      ,10,15,25,15468,5264,20732
00212900,BOSTON CONSERVATORY OF MUSIC            ,MA,02215-9830,Private      ,2,1,3,761,239,1000
00213000,BOSTON UNIVERSITY                       ,MA,02215-1789,Private      ,21,86,107,23511,13329,36840
00213300,BRANDEIS UNIVERSITY                     ,MA,02453-2700,Private      ,1,6,7,4311,766,5077
00213900,CLARK UNIVERSITY                        ,MA,01610-1473,Private      ,1,5,6,3613,546,4159
00214000,ELMS COLLEGE                            ,MA,01013-2839,Private      ,1,5,6,894,462,1356
00214100,COLLEGE OF THE HOLY CROSS               ,MA,01610-2395,Private      ,4,3,7,4754,36,4790
00214300,CURRY COLLEGE                           ,MA,02186-2395,Private      ,8,29,37,3072,897,3969
00214400,DEAN COLLEGE                            ,MA,02038-1994,Private      ,5,1,6,1337,129,1466
00214500,EASTERN NAZARENE COLLEGE                ,MA,02170-2999,Private      ,3,13,16,762,435,1197
00214507,EASTERN NAZARENE CLG - LEAD PROGRAM     ,MA,02170-0000,Private      ,0,0,0,13,55,68
00214600,EMERSON COLLEGE                         ,MA,02116-4624,Private      ,3,2,5,4959,1354,6313
00214700,EMMANUEL COLLEGE                        ,MA,02115-5798,Private      ,2,4,6,2892,328,3220
00214800,ENDICOTT COLLEGE                        ,MA,01915-2098,Private      ,1,2,3,3314,189,3503
00214900,EPISCOPAL DIVINITY SCHOOL               ,MA,02138-0000,Private      ,0,7,7,1,59,60
00215000,FISHER COLLEGE                          ,MA,02116-1500,Private      ,10,21,31,1170,821,1991
00215100,BENJAMIN FRANKLIN INSTITUTE OF TECH     ,MA,02116-6296,Public       ,2,7,9,437,187,624
00215300,GORDON COLLEGE                          ,MA,01984-1899,Private      ,1,0,1,1661,81,1742
00215400,HELLENIC COLLEGE                        ,MA,02445-7496,Private      ,0,2,2,58,102,160
00215500,HARVARD UNIVERSITY                      ,MA,02138-3800,Private      ,2,8,10,4075,595,4670
00215501,AMRCN REPERTORY THTR INST ADV THTR      ,MA,02138-0000,Private      ,0,0,0,1,110,111
00215502,HARVARD BUSINESS SCHOOL                 ,MA,02163-0000,Private      ,0,5,5,159,1543,1702
00215503,HARVARD EXTENSION SCHOOL                ,MA,02138-0000,Private      ,5,19,24,93,754,847
00215504,HARVARD SCH OF DENTAL MEDICINE          ,MA,02115-0000,Private      ,0,0,0,6,220,226
00215505,HARVARD UNIV GRAD SCH DESIGN            ,MA,02138-0000,Private      ,0,0,0,12,790,802
00215506,HARVARD DIVINITY SCHOOL                 ,MA,02138-0000,Private      ,1,0,1,24,647,671
00215507,HARVARD UNIV GRAD SCH ED                ,MA,02138-0000,Private      ,0,2,2,13,1203,1216
00215508,HARVARD UNIV GRAD S OF ARTS & SCIEN     ,MA,02138-0000,Private      ,0,4,4,83,793,876
00215509,HARVARD JOHN F KENNEDY SCHL OF GOVT     ,MA,02138-0000,Private      ,0,4,4,16,1027,1043
00215510,HARVARD LAW SCHOOL                      ,MA,02138-0000,Private      ,1,4,5,53,3259,3312
00215511,HARVARD UNIV MEDICAL SCHOOL             ,MA,02115-0000,Private      ,0,1,1,92,892,984
00215512,HARVARD UNIV SCH PUBLIC HEALTH          ,MA,02115-0000,Private      ,0,0,0,18,571,589
00215513,HARVARD UNIVERSITY-HARVARD COLLEGE      ,MA,02138-0000,Private      ,2,1,3,10061,248,10309
00215700,HEBREW COLLEGE                          ,MA,02459-2237,Private      ,0,0,0,4,101,105
00215800,LASELL COLLEGE                          ,MA,02466-2716,Private      ,1,1,2,2048,94,2142
00216000,LESLEY UNIVERSITY                       ,MA,02138-2790,Private      ,4,351,355,1684,5967,7651
00216100,UMASS LOWELL                            ,MA,01854-3089,Public       ,17,31,48,6667,2847,9514
00216300,MARIST COLLEGE & SEMINARY               ,MA,01701-0000,Private      ,0,1,1,5,325,330
00216400,NEW ENGLAND COLLEGE OF OPTOMETRY        ,MA,02115-1129,Private      ,0,1,1,4,442,446
00216500,MASS. COLLEGE OF PHARMACY  & HEALTH SCIE,MA,02115-5804,Private      ,5,6,11,2588,1942,4530
00216700,BERKSHIRE COMMUNITY COLLEGE             ,MA,01201-5786,Public       ,4,6,10,713,854,1567
00216800,CAPE COD COMMUNITY COLLEGE              ,MA,02668-1599,Public       ,4,8,12,1117,1284,2401
00216900,GREENFIELD COMMUNITY COLLEGE            ,MA,01301-9739,Public       ,4,4,8,687,1082,1769
00217000,HOLYOKE COMMUNITY COLLEGE               ,MA,01040-1099,Public       ,15,51,66,2629,3044,5673
00217100,MASSACHUSETTS BAY COMMUNITY COLLEGE     ,MA,02181-0000,Public       ,20,24,44,1526,1770,3296
00217200,MOUNT WACHUSETT COMMUNITY COLLEGE       ,MA,01440-1000,Public       ,12,63,75,1337,2071,3408
00217300,NORTH SHORE COMMUNITY COLLEGE           ,MA,01923-4093,Public       ,14,26,40,2002,2950,4952
00217400,NORTHERN ESSEX COMMUNITY COLLEGE        ,MA,01830-2399,Public       ,35,90,125,1920,3061,4981
00217500,QUINSIGAMOND COMMUNITY COLLEGE          ,MA,01606-2092,Public       ,18,53,71,2118,2545,4663
00217600,BRISTOL COMMUNITY COLLEGE               ,MA,02720-7399,Public       ,21,46,67,2370,2779,5149
00217700,MASSASOIT COMMUNITY COLLEGE             ,MA,02302-3996,Public       ,7,20,27,2322,2410,4732
00217800,MASSACHUSETTS INST OF TECHNOLOGY        ,MA,02139-4307,Private      ,5,29,34,7397,2154,9551
00218000,MASSACHUSETTS COLLEGE OF ART AND DESIGN ,MA,02115-5803,Public       ,0,1,1,1915,681,2596
00218100,MASSACHUSETTS MARITIME ACADEMY          ,MA,02532-3400,Public       ,2,0,2,917,72,989
00218300,BRIDGEWATER STATE COLLEGE               ,MA,02325-0001,Public       ,11,7,18,8452,2146,10598
00218400,FITCHBURG STATE COLLEGE                 ,MA,01420-2697,Public       ,5,22,27,4083,1032,5115
00218500,FRAMINGHAM STATE COLLEGE                ,MA,01702-2471,Public       ,7,11,18,4335,811,5146
00218700,MASSACHUSETTS CLG OF LIBERAL ARTS       ,MA,01247-4100,Public       ,1,5,6,1572,481,2053
00218800,SALEM STATE COLLEGE                     ,MA,01970-5353,Public       ,22,27,49,6496,2535,9031
00218900,WESTFIELD STATE COLLEGE                 ,MA,01086-1630,Public       ,10,1,11,5664,941,6605
00219000,WORCESTER STATE COLLEGE                 ,MA,01602-2597,Public       ,8,13,21,4133,1456,5589
00219200,MOUNT HOLYOKE COLLEGE                   ,MA,01075-1492,Private      ,1,1,2,2214,226,2440
00219300,MOUNT IDA COLLEGE                       ,MA,02459-3323,Private      ,2,1,3,1947,269,2216
00219400,NEW ENGLAND CONSERVATORY OF MUSIC       ,MA,02115-5018,Private      ,1,0,1,646,651,1297
00219700,NICHOLS COLLEGE                         ,MA,01571-6346,Private      ,1,11,12,1364,205,1569
00219900,NORTHEASTERN UNIVERSITY                 ,MA,02115-5000,Private      ,30,89,119,24500,7133,31633
00220100,PINE MANOR COLLEGE                      ,MA,02167-0000,Private      ,1,0,1,605,95,700
00220200,BLESSED JOHN XXIII NATIONAL SEMINARY    ,MA,02493-0000,Private      ,0,0,0,1,3,4
00220500,QUINCY COLLEGE                          ,MA,02169-4501,Public       ,3,38,41,888,1847,2735
00220600,REGIS COLLEGE                           ,MA,02193-0000,Private      ,3,5,8,864,517,1381
00220800,SIMMONS COLLEGE                         ,MA,02115-5898,Private      ,5,4,9,2472,2723,5195
00220900,SMITH COLLEGE                           ,MA,01063-2936,Private      ,0,2,2,2929,902,3831
00221000,UNIV OF MASSACHUSETTS-DARTMOUTH         ,MA,02747-2300,Public       ,22,14,36,8580,1773,10353
00221100,SPRINGFIELD COLLEGE                     ,MA,01109-3797,Private      ,3,93,96,3386,3842,7228
00221400,ST JOHN'S SEMINARY                      ,MA,02135-8839,Private      ,4,7,11,18,93,111
00221700,STONEHILL COLLEGE                       ,MA,02357-6110,Private      ,0,0,0,4717,117,4834
00221800,SUFFOLK UNIVERSITY                      ,MA,02108-2770,Private      ,7,11,18,6771,2096,8867
00221802,SUFFOLK UNIVERSITY LAW SCHOOL           ,MA,02108-0000,Private      ,0,5,5,116,2550,2666
00221900,TUFTS UNIVERSITY                        ,MA,02155-5808,Private      ,2,7,9,8011,2194,10205
00221901,TUFTS UNIV SCH OF DENTAL MEDICINE       ,MA,02111-0000,Private      ,0,0,0,17,802,819
00221902,TUFTS UNIVERSITY - CUMMINGS SCHOOL OF VE,MA,01536-0000,Private      ,0,0,0,20,414,434
00221904,TUFTS UNIV SCHOOL OF MEDICINE           ,MA,02111-0000,Private      ,0,5,5,46,1248,1294
00222100,UNIV OF MASSACHUSETTS-AMHERST           ,MA,01003-0000,Public       ,78,32,110,23900,5572,29472
00222200,UNIV OF MASSACHUSETTS-BOSTON            ,MA,02125-3393,Public       ,22,47,69,6173,6458,12631
00222400,WELLESLEY COLLEGE                       ,MA,02481-8203,Private      ,1,0,1,2893,129,3022
00222500,WENTWORTH INSTITUTE OF TECHNOLOGY       ,MA,02115-5998,Private      ,12,2,14,3444,459,3903
00222600,WESTERN NEW ENGLAND COLLEGE             ,MA,01119-2654,Private      ,4,7,11,4348,1308,5656
00222700,WHEATON COLLEGE                         ,MA,02766-2322,Private      ,1,0,1,2382,39,2421
00222800,WHEELOCK COLLEGE                        ,MA,02215-4176,Private      ,0,3,3,1002,591,1593
00222900,WILLIAMS COLLEGE                        ,MA,01267-2600,Private      ,1,0,1,2707,62,2769
00223300,WORCESTER POLYTECHNIC INSTITUTE         ,MA,01609-2280,Private      ,2,4,6,4402,330,4732
00396500,BAY STATE COLLEGE                       ,MA,02116-2901,Proprietary  ,5,18,23,945,437,1382
00396600,BOSTON ARCHITECTURAL COLLEGE            ,MA,02115-2795,Private      ,7,3,10,357,796,1153
00466100,HAMPSHIRE COLLEGE                       ,MA,01002-3359,Private      ,4,0,4,2120,81,2201
00466600,SALTER COLLEGE                          ,MA,01583-1700,Proprietary  ,67,288,355,694,2849,3543
00466700,SCHOOL OF MUSEUM OF FINE ARTS           ,MA,02115-5534,Private      ,1,0,1,790,314,1104
00466900,UPPER CAPE COD REGIONAL VOC TECH        ,MA,02532-3310,Public       ,0,1,1,9,47,56
00527900,GREATER LOWELL REGNL VOC TECH SCH       ,MA,01879-0000,Public       ,0,0,0,12,61,73
00551900,DIMAN REGIONAL VOC TECH INST            ,MA,02723-3519,Public       ,1,0,1,14,68,82
00552300,BLUE HILLS REGIONAL VOC TECH            ,MA,02021-1398,Public       ,0,0,0,23,125,148
00555700,MCCANN TECHNICAL SCHOOL                 ,MA,01247-0000,Public       ,0,0,0,21,49,70
00613600,NATIONAL AVIATION ACADEMY - NEW ENGLAND ,MA,01730-2620,Proprietary  ,4,16,20,139,173,312
00632200,BROCKTON HOSPITAL SCH OF NURSING        ,MA,02302-0000,Private      ,0,2,2,97,373,470
00632400,LABOURE COLLEGE                         ,MA,02124-5698,Private      ,3,11,14,150,590,740
00633100,LAWRENCE MEM HOSPITAL SCH OF NRSNG      ,MA,02155-1643,Private      ,0,0,0,61,381,442
00687300,MARIAN COURT COLLEGE                    ,MA,01907-2896,Private      ,0,4,4,181,127,308
00748100,GIBBS COLLEGE                           ,MA,02116-2904,Proprietary  ,6,26,32,410,619,1029
00748400,NEWBURY COLLEGE                         ,MA,02445-5796,Private      ,3,5,8,1359,290,1649
00748600,THE NEW ENGLAND INSTITUTE OF ART        ,MA,02445-7295,Proprietary  ,26,18,44,1507,581,2088
00748800,KAPLAN CAREER INSTITUTE                 ,MA,02129-1644,Proprietary  ,18,38,56,199,512,711
00807800,SPRINGFIELD TECHNICAL COMMUNITY CLG     ,MA,01105-0000,Public       ,11,32,43,2112,3768,5880
00891600,NEW ENGLAND SCHOOL OF LAW               ,MA,02116-0000,Private      ,0,4,4,9,2032,2041
00912900,EMPIRE BEAUTY SCHOOL                    ,MA,02148-0000,Proprietary  ,3,5,8,36,63,99
00964500,BARD COLLEGE AT SIMON'S ROCK            ,MA,01230-9702,Private      ,1,0,1,335,8,343
00974700,GORDON-CONWELL THEOLOGICAL SEMINARY     ,MA,01982-0000,Private      ,0,2,2,3,667,670
00975600,UNIVERSITY OF MASS MEDICAL CENTER       ,MA,01655-0000,Public       ,0,7,7,17,749,766
00987700,HENRI'S SCHOOL OF HAIR DESIGN           ,MA,01420-5675,Proprietary  ,2,2,4,38,33,71
00989900,LOWELL ACADEMY HAIRSTYLING INST         ,MA,01852-1909,Proprietary  ,0,0,0,32,50,82
00993600,MIDDLESEX COMMUNITY COLLEGE             ,MA,01730-1197,Public       ,8,19,27,1094,814,1908
00993602,"MIDDLESEX COMMUNITY COLLEGE, LOWELL     ",MA,01852-0000,Public       ,19,34,53,1883,1459,3342
01121000,BUNKER HILL COMMUNITY COLLEGE           ,MA,02129-2991,Public       ,14,24,38,2765,4512,7277
01151000,EVEREST INSTITUTE                       ,MA,02135-7638,Proprietary  ,50,133,183,453,1249,1702
01193000,ROXBURY COMMUNITY COLLEGE               ,MA,02120-3400,Public       ,3,15,18,722,2192,2914
01204200,MANSFIELD BEAUTY SCHOOLS                ,MA,02169-5061,Proprietary  ,2,6,8,35,83,118
01206800,MANSFIELD BEAUTY SCHOOL                 ,MA,01103-1410,Proprietary  ,0,11,11,14,93,107
01238600,SOUTHEASTERN TECHNICAL INSTITUTE        ,MA,02375-1780,Public       ,1,0,1,38,120,158
01241400,EMPIRE BEAUTY SCHOOL                    ,MA,02116-1914,Proprietary  ,0,0,0,17,29,46
01255300,WHITTIER REGIONAL VOC TECH SCHOOL       ,MA,01830-1898,Public       ,0,0,0,2,6,8
01288100,MONTACHUSETT REG VOC TECH SCH           ,MA,01420-4649,Public       ,0,2,2,9,48,57
01292100,EMPIRE BEAUTY SCHOOL                    ,MA,02215-0000,Proprietary  ,17,29,46,183,338,521
01294800,ROB ROY ACADEMY                         ,MA,02721-5330,Proprietary  ,4,10,14,59,109,168
02063000,MONTSERRAT COLLEGE OF ART               ,MA,01915-0000,Private      ,0,0,0,407,48,455
02063800,BUTERA SCHOOL OF ART                    ,MA,02116-0000,Proprietary  ,0,0,0,50,9,59
02076700,EMPIRE BEAUTY SCHOOL                    ,MA,02148-0000,Proprietary  ,13,16,29,92,168,260
02079400,EMPIRE BEAUTY SCHOOL                    ,MA,02453-0000,Proprietary  ,3,21,24,93,195,288
02092100,MASSACHUSETTS SCHOOL OF BARBERING       ,MA,02169-0000,Proprietary  ,0,1,1,20,67,87
02092200,EMPIRE BEAUTY SCHOOL                    ,MA,01852-0000,Proprietary  ,5,20,25,87,192,279
02122000,NEW ENGLAND HAIR ACADEMY                ,MA,02148-0000,Proprietary  ,2,5,7,54,90,144
02137000,ROB ROY ACADEMY                         ,MA,02780-0000,Proprietary  ,3,3,6,32,38,70
02137200,MASS GEN HOSP DIETETIC INTERNSHIP       ,MA,02114-0000,Private      ,0,0,0,2,6,8
02143000,LONGY SCHOOL OF MUSIC                   ,MA,02138-3599,Private      ,0,0,0,32,116,148
02161300,WESTON JESUIT SCHOOL OF THEOLOGY        ,MA,02138-0000,Private      ,0,0,0,1,75,76
02163500,NEW ENGLAND SCHOOL OF PHOTOGRAPHY       ,MA,02215-0000,Proprietary  ,0,0,0,99,106,205
02169900,ASSABET VALLEY REGIONAL VOC SCHOOL      ,MA,01752-0000,Public       ,0,1,1,10,56,66
02181600,ROB ROY ACADEMY                         ,MA,01609-0000,Proprietary  ,9,10,19,94,151,245
02182900,CAMBRIDGE COLLEGE                       ,MA,02138-5304,Private      ,9,593,602,159,5189,5348
02197900,NORTH BENNET STREET SCHOOL              ,MA,02113-0000,Private      ,0,0,0,36,104,140
02215100,HALLMARK INSTITUTE OF PHOTOGRAPHY       ,MA,01376-0000,Proprietary  ,0,0,0,186,163,349
02219501,MILDRED ELLEY - PITTSFIELD              ,MA,01201-5300,Proprietary  ,0,0,0,4,6,10
02220400,CATHERINE HINDS INST OF ESTHETICS       ,MA,01801-0000,Proprietary  ,3,13,16,67,182,249
02237100,JOSEPH P KEEFE TECHNICAL SCHOOL         ,MA,01701-5698,Public       ,0,0,0,0,3,3
02274300,CONWAY SCHOOL OF LANDSCAPE DESIGN       ,MA,01341-0179,Private      ,0,0,0,0,14,14
02325700,LABARON HAIRDRESSING ACADEMY            ,MA,02740-0000,Proprietary  ,2,5,7,24,53,77
02325800,LABARON HAIRDRESSING ACAD-BROCKTON      ,MA,02301-0000,Proprietary  ,1,2,3,27,40,67
02337400,BANCROFT SCHOOL OF MASSAGE THERAPY      ,MA,01604-4614,Proprietary  ,1,3,4,26,91,117
02338200,BAY STATE SCHOOL OF TECHNOLOGY          ,MA,02021-0000,Proprietary  ,6,23,29,54,300,354
02339400,ROB ROY ACADEMY                         ,MA,02746-0000,Proprietary  ,2,1,3,15,35,50
02491700,CORTIVA INSTITUTE -  BOSTON             ,MA,02472-2577,Proprietary  ,2,18,20,27,208,235
02523900,ELIZABETH GRADY SCHOOL OF ESTHETICS     ,MA,02155-0000,Proprietary  ,0,2,2,30,68,98
02579800,NEW ENGLAND SCHOOL OF ACUPUNCTURE       ,MA,02458-0000,Private      ,0,4,4,0,149,149
02614901,SANFORD-BROWN INSTITUTE - SPRINGFIELD   ,MA,01104-1739,Proprietary  ,0,0,0,9,19,28
03066700,AILANO SCHOOL OF COSMETOLOGY            ,MA,02303-4740,Proprietary  ,2,1,3,34,36,70
03104000,SHAWSHEEN ADULT TECHNICAL INSTITUTE     ,MA,01821-5499,Public       ,0,1,1,8,37,45
03120800,KAY HARVEY HAIRDRESSING ACADEMY         ,MA,01089-2701,Proprietary  ,1,7,8,20,66,86
03127700,SOUTHERN NEW ENGLAND SCHOOL OF LAW      ,MA,02747-1252,Private      ,0,0,0,2,270,272
03130500,URBAN COLLEGE OF BOSTON                 ,MA,02111-1093,Private      ,0,6,6,32,570,602
03194300,BOSTON GRAD SCH OF PSYCHOANALYSIS       ,MA,02446-4602,Private      ,0,0,0,1,59,60
03196300,LINCOLN TECHNICAL INSTITUTE             ,MA,02145-1102,Proprietary  ,39,77,116,263,615,878
03196302,LINCOLN TECHNICAL INSTITUTE             ,MA,01852-5119,Proprietary  ,19,35,54,212,420,632
03205400,JOLIE HAIR & BEAUTY ACADEMY             ,MA,01056-2769,Proprietary  ,0,4,4,8,42,50
03232302,LINCOLN TECHNICAL INSTITUTE             ,MA,02401-1818,Proprietary  ,3,27,30,93,262,355
03235300,MASSACHUSETTS SCHOOL OF LAW             ,MA,01810-1094,Private      ,0,3,3,6,565,571
03240300,HAIR IN MOTION BEAUTY ACADEMY           ,MA,01604-2213,Proprietary  ,0,2,2,16,26,42
03248300,BOSTON BAPTIST COLLEGE                  ,MA,02136-4000,Private      ,0,0,0,97,40,137
03316400,FUNERAL INSTITUTE OF THE NORTHEAST      ,MA,02062-4766,Proprietary  ,0,2,2,19,67,86
03504300,NATL GRAD SCH OF QUALITY SYSTM MGMT     ,MA,02540-0000,Private      ,0,17,17,0,69,69
03763300,MEDICAL PROFESSIONAL INSTITUTE          ,MA,02148-8143,Proprietary  ,0,4,4,4,55,59
03859300,E.I.N.E.                                ,MA,01876-4709,Proprietary  ,0,4,4,5,40,45
03946300,FRANKLIN W. OLIN COLLEGE OF ENGINEERING ,MA,02492-1200,Private      ,0,0,0,21,0,21
04039300,SULLIVAN AND COGLIANO TRAINING CENTER   ,MA,02301-1822,Proprietary  ,8,99,107,26,318,344
00401000,INSTITUT INTERNAT'L D'ETUDES FRANCA     ,FC,00000-0000,Public       ,0,0,0,1,3,4
00401200,HEBREW UNIVERSITY OF JERUSALEM (THE)    ,FC,00000-0000,Public       ,0,0,0,60,161,221
00403000,UNIVERSITY OF CAMBRIDGE                 ,FC,00000-0000,Public       ,0,0,0,1,32,33
00503400,AMERICAN UNIVERSITY OF CAIRO            ,FC,00000-0000,Private      ,0,1,1,84,155,239
00667100,KATHOLIEKE UNIVERSITEIT LEUVEN          ,FC,00000-0000,Private      ,0,0,0,3,39,42
00669000,UNIVERSITY OF COPENHAGEN                ,FC,00000-0000,Public       ,0,0,0,1,10,11
00669100,UNIVERSITY OF CAMBRIDGE - PEMBROKE      ,FC,00000-0000,Public       ,0,0,0,2,8,10
00669200,UNIVERSITY OF LEEDS                     ,FC,00000-0000,Public       ,0,1,1,11,79,90
00669300,UNIV OF LONDON-LONDON SCHOOL ECON       ,FC,00000-0000,Public       ,0,3,3,27,486,513
00669400,SCH OF ORIENTAL & AFRICAN STUDIES       ,FC,00000-0000,Public       ,0,1,1,12,146,158
00669500,UNIV OF LONDON-UNIVERSITY COLLEGE       ,FC,00000-0000,Public       ,0,0,0,36,297,333
00669600,UNIV OF LONDON-SCH ADVANCED STUDY       ,FC,00000-0000,Public       ,0,0,0,0,22,22
00669700,"QUEEN MARY, UNIVERSITY OF LONDON        ",FC,00000-0000,Public       ,0,1,1,13,93,106
00669900,UNIVERSITY OF SUSSEX                    ,FC,00000-0000,Public       ,0,0,0,9,85,94
00670000,"UNIVERSITY OF YORK, THE                 ",FC,00000-0000,Public       ,0,2,2,9,98,107
00670400,UNIVERSITY COLLEGE CORK                 ,FC,00000-0000,Public       ,0,0,0,18,51,69
00671300,UPPSALA UNIVERSITY                      ,FC,00000-0000,Public       ,0,0,0,1,17,18
00671500,UNIVERSITY OF GENEVA                    ,FC,00000-0000,Public       ,0,1,1,0,33,33
00683900,UNIVERSITY OF EDINBURGH                 ,FC,00000-0000,Public       ,0,4,4,80,373,453
00684200,UNIVERSITY OF DUBLIN TRINITY COLLEG     ,FC,00000-0000,Public       ,0,0,0,26,142,168
00685000,UNIVERSITY OF CAMBRIDGE - DOWNING C     ,FC,00000-0000,Public       ,0,0,0,0,2,2
00685100,INTERNATIONAL CHRISTIAN UNIVERSITY      ,FC,00000-0000,Private      ,0,0,0,9,9,18
00763200,UNIVERSITY OF BRISTOL                   ,FC,00000-0000,Public       ,0,1,1,13,67,80
00768100,COLLEGE OF EUROPE                       ,FC,00000-0000,Private      ,0,0,0,3,6,9
00770500,ROYAL COLLEGE OF SURGEONS IN IRELAN     ,FC,00000-0000,Private      ,0,0,0,8,64,72
00788100,AMERICAN UNIVERSITY OF PARIS            ,FC,00000-0000,Private      ,0,1,1,239,114,353
00837100,AMERICAN UNIVERSITY OF BEIRUT           ,FC,00000-0000,Private      ,0,1,1,69,60,129
00837300,TEL-AVIV UNIVERSITY                     ,FC,00000-0000,Public       ,0,0,0,15,64,79
00837700,UNIVERSITEIT VAN AMSTERDAM(UNIVERSI     ,FC,00000-0000,Public       ,0,0,0,10,116,126
00838000,UNIVERSITY OF WARWICK                   ,FC,00000-0000,Public       ,0,0,0,6,49,55
00838300,UNIVERSITY OF GLASGOW                   ,FC,00000-0000,Public       ,0,0,0,34,252,286
00838600,UNIVERSITY OF HELSINKI                  ,FC,00000-0000,Public       ,0,0,0,1,8,9
00839300,UNIVERSITY OF OSLO                      ,FC,00000-0000,Public       ,0,0,0,2,19,21
00839400,UNIVERSITY OF OXFORD                    ,FC,00000-0000,Public       ,0,5,5,15,176,191
00839800,UNIVERSITY OF SHEFFIELD (THE)           ,FC,00000-0000,Public       ,0,1,1,5,57,62
00839900,UNIVERSITY OF SOUTHAMPTON               ,FC,00000-0000,Public       ,1,0,1,6,39,45
00845000,KASTURBA MEDICAL COLLEGE (A CONSTITENT I,FC,00000-0000,Private      ,0,2,2,40,403,443
00845200,ABERYSTWYTH UNIVERSITY                  ,FC,00000-0000,Public       ,0,0,0,11,32,43
00846000,UNIVERSITY OF NEWCASTLE UPON TYNE       ,FC,00000-0000,Public       ,0,0,0,5,43,48
00846100,UNIVERSITY OF SAINT ANDREWS             ,FC,00000-0000,Public       ,2,3,5,127,132,259
00846200,UNIVERSIDAD DE SALAMANCA                ,FC,00000-0000,Public       ,0,1,1,9,51,60
00850500,UNIVERSITY OF MELBOURNE                 ,FC,00000-0000,Public       ,0,1,1,15,130,145
00858600,SWANSEA UNIVERSITY                      ,FC,00000-0000,Public       ,0,0,0,7,44,51
00858700,UNIVERSITY OF DURHAM                    ,FC,00000-0000,Public       ,0,1,1,9,70,79
00866500,UNIVERSITY OF KENT AT CANTERBURY (THE)  ,FC,00000-0000,Public       ,0,2,2,4,104,108
00866600,UNIVERSITY OF HONG KONG                 ,FC,00000-0000,Public       ,0,1,1,12,34,46
00867000,UNIVERSITY OF NEW SOUTH WALES           ,FC,00000-0000,Public       ,1,4,5,14,93,107
00868700,UNIVERSITY OF ESSEX                     ,FC,00000-0000,Public       ,0,0,0,8,55,63
00869200,LEIDEN UNIVERSITY                       ,FC,00000-0000,Public       ,0,0,0,3,64,67
00869300,CITY UNIVERSITY                         ,FC,00000-0000,Public       ,1,1,2,13,97,110
00890800,THE UNIVERSITY OF BIRMINGHAM            ,FC,00000-0000,Public       ,0,0,0,9,96,105
00891000,UNIVERSITY OF HULL                      ,FC,00000-0000,Public       ,0,0,0,7,18,25
00892000,UNIVERSITY OF NOTTINGHAM                ,FC,00000-0000,Public       ,0,0,0,16,87,103
00900600,UNIVERSITY OF SALFORD (THE)             ,FC,00000-0000,Public       ,0,0,0,2,16,18
00908400,"UNIV OF LONDON, BIRKBECK                ",FC,00000-0000,Public       ,0,0,0,0,72,72
00908500,UNIV OF LONDON KING'S COLLEGE           ,FC,00000-0000,Public       ,0,0,0,13,213,226
00908600,UNIVERSITY OF LONDON - ROYAL HOLLOWAY   ,FC,00000-0000,Public       ,1,0,1,17,61,78
00914300,BAR-ILAN UNIVERSITY                     ,FC,00000-0000,Private      ,0,0,0,7,18,25
00924700,ARCHITECTURAL ASSOC SCH OF ARCHITEC     ,FC,00000-0000,Private      ,0,0,0,3,27,30
00924900,UNIVERSITY OF LIVERPOOL                 ,FC,00000-0000,Public       ,0,0,0,9,49,58
00936800,UNIVERSITY OF ABERDEEN                  ,FC,00000-0000,Public       ,1,3,4,33,94,127
00942300,ROYAL COLLEGE OF ART                    ,FC,00000-0000,Public       ,0,0,0,2,27,29
00942400,ROYAL ACADEMY OF DRAMATIC ART           ,FC,00000-0000,Private      ,0,0,0,7,10,17
00942800,TECHNION-ISRAEL INST OF TECHLGY         ,FC,00000-0000,Public       ,0,0,0,1,49,50
00944200,UNIVERSITY OF EXETER                    ,FC,00000-0000,Public       ,0,0,0,9,76,85
00944400,UNIVERSITY OF LANCASTER                 ,FC,00000-0000,Public       ,0,0,0,1,26,27
00963400,UNIVERSITY OF OXFORD ST CATHERINE'S     ,FC,00000-0000,Public       ,0,0,0,0,11,11
00980800,UNIVERSITY OF STRATHCLYDE               ,FC,00000-0000,Public       ,0,0,0,1,32,33
00981700,UNIVERSITY OF SANTO TOMAS               ,FC,00000-0000,Private      ,0,0,0,4,22,26
00986000,UNIVERSITY OF SURREY                    ,FC,00000-0000,Public       ,0,0,0,0,16,16
00988800,KAROLINSKA INSTITUTET                   ,FC,00000-0000,Public       ,0,1,1,0,4,4
00990600,PONTIFICAL NORTH AMERICAN COLLEGE       ,FC,00000-0000,Private      ,0,1,1,2,12,14
00992700,UNIVERSITY OF CAMBRIDGE - FITZWILLI     ,FC,00000-0000,Public       ,0,1,1,0,7,7
01006700,LUND UNIVERSITY                         ,FC,00000-0000,Public       ,0,0,0,0,36,36
01008400,UNIVERSITY OF CAPE TOWN                 ,FC,00000-0000,Private      ,0,0,0,9,38,47
01008700,UNIVERSITY OF OXFORD ST PETER'S COL     ,FC,00000-0000,Public       ,0,0,0,2,6,8
01008800,UNIVERSITY OF OXFORD - CORPUS CHRIS     ,FC,00000-0000,Public       ,0,0,0,0,4,4
01008900,CENTRAL SCHOOL OF SPEECH AND DRAMA      ,FC,00000-0000,Private      ,0,0,0,0,6,6
01009000,UNIVERSITY OF OXFORD - BALLIOL COLL     ,FC,00000-0000,Public       ,0,0,0,0,13,13
01014300,UNIVERSITY OF READING                   ,FC,00000-0000,Public       ,0,0,0,4,49,53
01015700,CARDIFF UNIVERSITY                      ,FC,00000-0000,Public       ,0,0,0,3,40,43
01015900,PONTIFICIA UNIVERSITA GREGORIANA        ,FC,00000-0000,Private      ,1,0,1,2,5,7
01016000,CG JUNG INST                            ,FC,00000-0000,Private      ,0,0,0,1,0,1
01018800,UNIVERSITY COLLEGE DUBLIN               ,FC,00000-0000,Public       ,1,2,3,7,141,148
01019000,UNIVERSITY OF CAMBRIDGE CHURCHILL C     ,FC,00000-0000,Public       ,0,0,0,0,5,5
01022800,UNIVERSITY OF STIRLING                  ,FC,00000-0000,Public       ,1,0,1,9,19,28
01033200,UNIVERSITY OF CAMBRIDGE - CLARE COL     ,FC,00000-0000,Public       ,0,0,0,2,8,10
01045600,UNIVERSITY OF HAIFA                     ,FC,00000-0000,Public       ,0,1,1,8,10,18
01047200,INST EUROPEEN OPEEN D'ADMINISTRATIO     ,FC,00000-0000,Private      ,0,0,0,0,61,61
01049300,CRANFIELD UNIVERSITY                    ,FC,00000-0000,Public       ,0,0,0,0,12,12
01052000,TRINITY LABAN                           ,FC,00000-0000,Public       ,0,0,0,3,2,5
01052001,LABAN CENTER FOR MOVEMENT & DANCE       ,FC,00000-0000,Public       ,0,0,0,2,5,7
01052500,UNIVERSITY OF HERTFORDSHIRE             ,FC,00000-0000,Public       ,0,0,0,8,6,14
01057400,LONDON INTRNTL FILM SCHOOL              ,FC,00000-0000,Private      ,0,0,0,1,32,33
01058400,VRIJE UNIVERSITEIT BRUSSELS             ,FC,00000-0000,Private      ,0,0,0,4,9,13
01058600,INSTITUTE OF SOCIAL STUDIES             ,FC,00000-0000,Private      ,0,0,0,1,19,20
01058800,AUSTRALIAN NATIONAL UNIVERSITY          ,FC,00000-0000,Public       ,0,0,0,7,47,54
01058900,BANGOR UNIVERSITY                       ,FC,00000-0000,Public       ,0,0,0,2,22,24
01059400,"RICHMOND, THE AMERICAN INT UNI IN LONDON",FC,00000-0000,Private      ,0,0,0,304,37,341
01059900,INST D'ETUDES POLITIQUES DE PARIS       ,FC,00000-0000,Public       ,0,0,0,1,40,41
01068100,MACQUARIE UNIVERSITY                    ,FC,00000-0000,Public       ,0,1,1,23,73,96
01069200,UNIVERSITY OF QUEENSLAND (THE)          ,FC,00000-0000,Public       ,1,1,2,26,116,142
01070400,SILLIMAN UNIVERSITY                     ,FC,00000-0000,Private      ,0,0,0,0,3,3
01078900,UNIVERSITY OF OXFORD - WORCESTER CO     ,FC,00000-0000,Public       ,0,0,0,0,9,9
01079200,CITY AND GUILDS OF LONDON INSTITUTE     ,FC,00000-0000,Private      ,0,0,0,3,6,9
01079500,AKADEMIA MEDYCZNA                       ,FC,00000-0000,Public       ,0,0,0,2,31,33
01079700,"NATIONAL UNIVERSITY OF IRELAND, MAY     ",FC,00000-0000,Public       ,0,0,0,3,8,11
01080300,SEMMELWEIS UNIVERSITY OF BUDAPEST       ,FC,00000-0000,Public       ,0,0,0,1,26,27
01081600,KINGSTON UNIVERSITY                     ,FC,00000-0000,Public       ,0,0,0,21,29,50
01083800,UNIVERSITITY OF BERGEN (UOB)            ,FC,00000-0000,Public       ,0,0,0,2,5,7
01086400,UNIV OF DUNDEE                          ,FC,00000-0000,Public       ,0,1,1,7,39,46
01086600,UNIVERSITY OF OXFORD - MAGDALEN COLLEGE ,FC,00000-0000,Public       ,0,0,0,1,14,15
01086700,UNIVERSITY OF OXFORD ST JOHN'S COLL     ,FC,00000-0000,Public       ,0,0,0,1,5,6
01091400,MONASH UNIVERSITY                       ,FC,00000-0000,Public       ,1,1,2,9,47,56
01091500,UNIV OF EAST ANGLIA                     ,FC,00000-0000,Public       ,0,0,0,8,55,63
01094200,UNIVERSITY OF OXFORD - ST HUGH'S CO     ,FC,00000-0000,Public       ,0,0,0,2,4,6
01097700,UNIVERSIDAD CENTRAL DEL ESTE            ,FC,00000-0000,Private      ,1,1,2,107,667,774
01098000,SOMERVILLE COLLEGE                      ,FC,00000-0000,Public       ,0,0,0,0,2,2
01099900,UNIV OF OXFORD - WADHAM COLLEGE         ,FC,00000-0000,Public       ,0,0,0,0,6,6
01104400,PONTIFICIA UNIVERSITA SAN TOMMASO       ,FC,00000-0000,Private      ,0,1,1,2,19,21
01105300,UNIVERSITY OF OXFORD - ST HILDA'S C     ,FC,00000-0000,Public       ,0,0,0,0,6,6
01105400,UNIVERSITY OF OXFORD - ST ANNE'S CO     ,FC,00000-0000,Public       ,0,1,1,0,7,7
01105500,UNIV OF OXFORD - LADY MARGARET HALL     ,FC,00000-0000,Public       ,0,0,0,0,4,4
01105600,UNIVERSITY OF OXFORD - UNIVERSITY C     ,FC,00000-0000,Public       ,0,0,0,1,10,11
01105700,UNIVERSITY OF OXFORD - TRINITY COLL     ,FC,00000-0000,Public       ,0,0,0,2,2,4
01105800,UNIVERSITY OF OXFORD-ST EDMUND HALL     ,FC,00000-0000,Public       ,0,0,0,0,16,16
01105900,UNIVERSITY OF OXFORD ST ANTONY'S CO     ,FC,00000-0000,Public       ,0,1,1,0,43,43
01106000,UNIVERSITY OF OXFORD - QUEEN'S COLL     ,FC,00000-0000,Public       ,0,0,0,1,8,9
01106100,UNIVERSITY OF OXFORD - PEMBROKE COL     ,FC,00000-0000,Public       ,0,0,0,1,9,10
01106200,UNIVERSITY OF OXFORD - ORIEL COLLEG     ,FC,00000-0000,Public       ,0,1,1,2,6,8
01106300,UNIVERSITY OF OXFORD - NUFFIELD COL     ,FC,00000-0000,Public       ,0,0,0,0,8,8
01106400,UNIVERSITY OF OXFORD - NEW COLLEGE      ,FC,00000-0000,Public       ,0,0,0,1,11,12
01106500,UNIVERSITY OF OXFORD MERTON COLLEGE     ,FC,00000-0000,Public       ,0,0,0,2,7,9
01106600,UNIVERSITY OF OXFORD - LINCOLN COLL     ,FC,00000-0000,Public       ,0,0,0,1,7,8
01106700,UNIVERSITY OF OXFORD - KEBLE COLLEG     ,FC,00000-0000,Public       ,0,0,0,1,6,7
01106800,UNIVERSITY OF OXFORD - JESUS COLLEG     ,FC,00000-0000,Public       ,0,0,0,0,16,16
01106900,UNIVERSITY OF OXFORD - HERTFORD COL     ,FC,00000-0000,Public       ,0,0,0,1,10,11
01107000,UNIVERSITY OF OXFORD EXETER COLLEGE     ,FC,00000-0000,Public       ,0,0,0,0,18,18
01107100,UNIV OF OXFORD - CHRIST CHURCH          ,FC,00000-0000,Public       ,0,1,1,1,18,19
01107200,UNIVERSITY OF OXFORD - BRASENOSE CO     ,FC,00000-0000,Public       ,0,0,0,0,5,5
01109100,FLINDERS UNIVERSITY OF S AUSTRALIA      ,FC,00000-0000,Public       ,0,0,0,3,31,34
01109400,UNIVERSITY OF WESTERN AUSTRALIA (THE)   ,FC,00000-0000,Public       ,0,0,0,5,22,27
01156700,"IMPERIAL COLLEGE OF SCIENCE, TECHNOLOGY ",FC,00000-0000,Public       ,0,0,0,7,41,48
01167900,UNIVERSITY OF BATH                      ,FC,00000-0000,Public       ,0,1,1,4,35,39
01168300,FRANKLIN COLLEGE  SWITZERLAND           ,FC,00000-0000,Private      ,0,0,0,264,12,276
01175800,UNIV OF CAMBRIDGE - PETERHOUSE          ,FC,00000-0000,Public       ,0,0,0,1,9,10
01176400,ROYAL ACADEMY OF MUSIC                  ,FC,00000-0000,Public       ,0,0,0,7,16,23
01176500,GOLDSMITHS' COLLEGE-UNIV OF LONDON      ,FC,00000-0000,Public       ,0,0,0,11,120,131
01176600,UNIV OF LONDON - INST OF EDUC           ,FC,00000-0000,Public       ,0,0,0,0,30,30
01177900,STOCKHOLM SCHOOL OF ECONOMICS           ,FC,00000-0000,Private      ,0,0,0,0,6,6
01178000,BRUNEL UNIVERSITY                       ,FC,00000-0000,Public       ,0,1,1,5,42,47
01178400,UNIVERSITY OF WARSAW                    ,FC,00000-0000,Public       ,0,0,0,0,6,6
01183800,UNIVERSITY OF OXFORD - MANSFIELD CO     ,FC,00000-0000,Public       ,0,0,0,0,2,2
01207500,UNIVERSITY CAMBRIDGE - TRINITY COLL     ,FC,00000-0000,Public       ,0,0,0,0,13,13
01207800,VICTORIA UNIV OF WELLINGTON             ,FC,00000-0000,Public       ,0,0,0,23,49,72
01210100,UNIVERSITY OF CAMBRIDGE - GIRTON CO     ,FC,00000-0000,Public       ,0,0,0,0,1,1
01213600,VICTORIA UNIV OF MANCHESTER (THE)       ,FC,00000-0000,Public       ,0,1,1,4,77,81
01219800,UNIVERSITY OF BRADFORD                  ,FC,00000-0000,Public       ,0,0,0,3,43,46
01220100,UNIVERSITY OF OXFORD - REGENT'S PAR     ,FC,00000-0000,Public       ,0,0,0,1,7,8
01220600,JAMES COOK UNIVERSITY                   ,FC,00000-0000,Public       ,0,0,0,21,78,99
01221300,PONTIFICIA BOLIVARIANA UNIVERSITY       ,FC,00000-0000,Private      ,0,0,0,1,2,3
01221500,BIRMINGHAM CITY UNIVERSITY              ,FC,00000-0000,Public       ,0,0,0,0,16,16
01222300,JAGIELLONIAN UNIVERSITY COLLEGIUM M     ,FC,00000-0000,Public       ,0,0,0,3,54,57
01222500,UNIVERSITY OF SZEGED FACULTY OF MEDICINE,FC,00000-0000,Public       ,0,1,1,1,18,19
01223400,KOREA UNIVERSITY                        ,FC,00000-0000,Private      ,0,1,1,3,11,14
01225800,ASTON UNIVERSITY                        ,FC,00000-0000,Public       ,0,0,0,0,6,6
01227500,UNIVERSITY OF OXFORD - WOLFSON COLL     ,FC,00000-0000,Public       ,0,0,0,0,15,15
01230200,GONVILLE & CAIUS COLLEGE                ,FC,00000-0000,Public       ,0,0,0,0,9,9
01233300,UNIV OF THE ARTS LONDON- CAMBERWELL COLL,FC,00000-0000,Public       ,0,0,0,6,14,20
01233500,ROYAL COLLEGE OF MUSIC                  ,FC,00000-0000,Public       ,0,0,0,4,10,14
01233700,WROCLAW UNIVERSITY OF MEDICINE          ,FC,00000-0000,Public       ,0,0,0,2,6,8
01234100,UNIVERSITY OF WALES - ST DAVID'S UN     ,FC,00000-0000,Public       ,0,0,0,5,38,43
01239700,KONINKLIJK CONSERVATORIUM               ,FC,00000-0000,Public       ,0,0,0,2,7,9
01242100,UNIV OF AUCKLAND                        ,FC,00000-0000,Public       ,1,1,2,21,76,97
01253900,UNIVERSITY OF THE ARTS LONDON IDO - CENT,FC,00000-0000,Public       ,0,0,0,31,61,92
01254000,UNIVERSIDAD DE NAVARRA                  ,FC,00000-0000,Private      ,0,0,0,6,20,26
01276500,UNIVERSITY OF OXFORD - LINACRE COLL     ,FC,00000-0000,Public       ,0,0,0,0,19,19
01276600,"NATIONAL UNIVERSITY IRELAND, GALWAY     ",FC,00000-0000,Public       ,0,0,0,5,61,66
01280200,PONTIFICIA UNIV CATOLICA MAD Y MAES     ,FC,00000-0000,Private      ,1,1,2,62,116,178
01281100,INST TECNOLOGICO DE SANTO DOMINGO       ,FC,00000-0000,Private      ,0,2,2,11,68,79
01283900,UNIVERSITY OF CAMBRIDGE - SAINT JOH     ,FC,00000-0000,Public       ,0,0,0,0,10,10
01286200,MOUNTVIEW ACADEMY OF THEATRE ARTS       ,FC,00000-0000,Private      ,0,0,0,2,4,6
01297800,UNIVERSITY OF HUDDERSFIELD (THE)        ,FC,00000-0000,Public       ,0,0,0,1,6,7
01315300,MASSEY UNIVERSITY                       ,FC,00000-0000,Public       ,0,0,0,11,73,84
01322500,COLLEGE OF LAW                          ,FC,00000-0000,Private      ,0,0,0,0,18,18
02052400,DARWIN COLLEGE                          ,FC,00000-0000,Public       ,0,0,0,0,9,9
02082400,UNIVERSITY OF CAMBRIDGE - QUEEN'S C     ,FC,00000-0000,Public       ,1,0,1,1,15,16
02083400,UNIVERSITY OF CAMBRIDGE - WOLFSON C     ,FC,00000-0000,Public       ,0,0,0,0,18,18
02087400,UNIVERSITY OF CAMBRIDGE - NEWNHAM C     ,FC,00000-0000,Public       ,0,0,0,0,3,3
02087900,OXFORD BROOKES UNIVERSITY               ,FC,00000-0000,Public       ,0,1,1,8,52,60
02094100,BEN-GURION UNIV                         ,FC,00000-0000,Public       ,0,0,0,3,126,129
02094400,UNIV OF CAMBRIDGE - ST EDMUND'S HOU     ,FC,00000-0000,Public       ,0,0,0,1,4,5
02095500,LONDON BUS SCHOOL                       ,FC,00000-0000,Private      ,0,1,1,2,150,152
02098700,FATIMA COLLEGE OF MEDICINE              ,FC,00000-0000,Private      ,0,0,0,2,49,51
02101900,ROEHAMPTON UNIVERSITY                   ,FC,00000-0000,Public       ,0,0,0,14,66,80
02108600,LONDON ACADEMY OF MUSIC & DRAMATIC      ,FC,00000-0000,Private      ,0,0,0,9,17,26
02115900,UNIVERSITY OF PORTSMOUTH                ,FC,00000-0000,Public       ,0,0,0,4,9,13
02116700,UNIVERSITY OF CAMBRIDGE - LUCY CAVE     ,FC,00000-0000,Public       ,0,0,0,0,4,4
02120000,UNIV OF LONDON - COURTALD INST OF A     ,FC,00000-0000,Public       ,0,0,0,2,25,27
02133400,UNIVERSITY OF CAMBRIDGE - SIDNEY SU     ,FC,00000-0000,Public       ,0,0,0,0,2,2
02142000,UNIVERSITY OF CAMBRIDGE - HOMERTON      ,FC,00000-0000,Public       ,0,0,0,1,3,4
02149700,UNIVERSITY OF WINCHESTER (THE)          ,FC,00000-0000,Public       ,0,0,0,2,2,4
02156800,UNIV OF OTAGO                           ,FC,00000-0000,Public       ,0,0,0,9,37,46
02162300,"IESE BUSINESS SCH, UNIV OF NAVARRA      ",FC,00000-0000,Private      ,0,0,0,2,60,62
02164600,DAYANAND MEDICAL COLLEGE & HOSPITAL     ,FC,00000-0000,Private      ,0,0,0,1,1,2
02167400,UNIVERSITY OF CAMBRIDGE - CORPUS CH     ,FC,00000-0000,Public       ,0,0,0,0,5,5
02168200,NORWEGIAN UNIV OF SCIENCE ANDTECH       ,FC,00000-0000,Public       ,0,0,0,0,2,2
02175700,OHR SOMAYACH INSTITUTIONS               ,FC,00000-0000,Private      ,0,1,1,3,7,10
02177700,KING'S COLLEGE- UNIV OF CAMBRIDGE       ,FC,00000-0000,Public       ,0,1,1,3,22,25
02180500,MIDDLESEX UNIVERSITY                    ,FC,00000-0000,Public       ,0,0,0,23,53,76
02181000,UNIVERSITY OF SOUTH AUSTRALIA           ,FC,00000-0000,Public       ,0,0,0,1,15,16
02183500,UNIV OF OXFORD - WYCLIFFE HALL          ,FC,00000-0000,Public       ,0,0,0,2,7,9
02186000,UNIVERSITY OF CAMBRIDGE - MAGDALENE     ,FC,00000-0000,Public       ,0,0,0,0,3,3
02186100,UNIVERSITY OF CAMBRIDGE - EMMANUEL      ,FC,00000-0000,Public       ,0,0,0,0,3,3
02189600,UNIVERSITY OF GRONINGEN                 ,FC,00000-0000,Public       ,0,0,0,0,9,9
02194800,UNIVERSITY OF THE WEST OF ENGLAND -     ,FC,00000-0000,Public       ,0,0,0,4,13,17
02195100,UNIV OF WESTMINSTER                     ,FC,00000-0000,Public       ,0,0,0,22,89,111
02196700,GUILDHALL SCHOOL OF MUSIC & DRAMA       ,FC,00000-0000,Public       ,0,0,0,10,10,20
02197000,INT'L GRAD PROGRAMME STOCKHOLM UNIV     ,FC,00000-0000,Public       ,0,0,0,0,8,8
02207300,UNIVERSITY OF CAMBRIDGE - CHRIST'S      ,FC,00000-0000,Public       ,0,0,0,0,9,9
02209500,UNIVERSITEIT UTRECHT                    ,FC,00000-0000,Public       ,1,0,1,9,38,47
02210000,UNIV OF LONDON - LONDON SCHOOL OF H     ,FC,00000-0000,Public       ,0,0,0,0,59,59
02212300,UNIVERSITY OF CAMBRIDGE - ROBINSON      ,FC,00000-0000,Public       ,0,0,0,0,4,4
02216300,UNIVERSIDAD DE CHILE                    ,FC,00000-0000,Public       ,0,0,0,7,11,18
02225300,UNIV OF CANTERBURY                      ,FC,00000-0000,Public       ,0,1,1,11,37,48
02229100,UNIVERSITY OF LEICESTER                 ,FC,00000-0000,Public       ,0,1,1,4,69,73
02229600,SACKLER SCHOOL OF MEDICINE              ,FC,00000-0000,Public       ,0,0,0,0,198,198
02232100,UNIVERSITY OF CAMBRIDGE                 ,FC,00000-0000,Public       ,0,1,1,0,28,28
02233300,"ST GEORGE'S UNIV, SCH OF MEDICINE       ",FC,00000-0000,Proprietary  ,0,22,22,12,2572,2584
02235300,LONDON METROPOLITAN UNIVERSITY          ,FC,00000-0000,Public       ,0,0,0,36,123,159
02240900,AISH HATORAH CLG OF JEWISH STUDIES      ,FC,00000-0000,Private      ,0,0,0,1,6,7
02244400,AMERICAN UNIV OF THE CARIBBEAN          ,FC,00000-0000,Proprietary  ,0,15,15,11,1092,1103
02257100,COVENTRY UNIVERSITY                     ,FC,00000-0000,Public       ,0,0,0,6,6,12
02266600,UNIVERSITY OF LONDON - SAINT GEORGE     ,FC,00000-0000,Public       ,0,0,0,1,7,8
02271700,UNIVERSITY OF CAMBRIDGE - CLARE HAL     ,FC,00000-0000,Public       ,0,0,0,0,11,11
02271800,UNIV OF OXFORD - CAMPION HALL           ,FC,00000-0000,Public       ,0,0,0,0,3,3
02272100,UNIV OF OXFORD - GREYFRIARS             ,FC,00000-0000,Public       ,0,0,0,0,1,1
02272200,UNIV OF CAMBRIDGE - NEW HALL            ,FC,00000-0000,Public       ,0,1,1,0,5,5
02273600,QUEEN'S UNIV OF BELFAST (THE)           ,FC,00000-0000,Public       ,0,0,0,6,28,34
02273900,HERIOT WATT UNIVERSITY                  ,FC,00000-0000,Public       ,1,1,2,2,39,41
02276700,NYENRODE BUSINESS UNIVERSITEIT          ,FC,00000-0000,Private      ,0,0,0,0,6,6
02279700,UNIVERSITY OF MANCHESTER - INSTITUT     ,FC,00000-0000,Public       ,0,0,0,11,78,89
02293400,ECOLE DES HAUTES ETUDES COMERCIALS      ,FC,00000-0000,Public       ,0,0,0,0,30,30
02296300,UNIVERSITY OF CAMBRIDGE - JESUS COL     ,FC,00000-0000,Public       ,0,0,0,0,4,4
02310500,DE MONTFORT UNIVERSITY                  ,FC,00000-0000,Public       ,0,0,0,2,14,16
02320500,ROYAL NORTHERN COLLEGE OF MUSIC         ,FC,00000-0000,Public       ,0,1,1,2,9,11
02335100,UNIV OF CAMBRIDGE - TRINITY HALL        ,FC,00000-0000,Public       ,0,0,0,1,10,11
02338900,UNIVERSITY  FOR THE CREATIVE ARTS       ,FC,00000-0000,Public       ,0,0,0,4,1,5
02338903,KENT INSTITUTE OF ART & DESIGN          ,FC,00000-0000,Public       ,0,0,0,1,4,5
02339300,ERASMUS UNIV ROTTERDAM                  ,FC,00000-0000,Public       ,0,0,0,0,33,33
02347300,ESCUELA AUTONOMA DE CIENCIAS MEDICA     ,FC,00000-0000,Private      ,0,0,0,6,15,21
02351800,UNIVERSIDAD IBEROAMERICANA (UNIBE       ,FC,00000-0000,Private      ,3,10,13,144,814,958
02352100,UNIVERSITY OF PLYMOUTH                  ,FC,00000-0000,Public       ,0,0,0,1,23,24
02355200,ECOLE SUPERIEURE DE CUISINE FRANCAISE-FE,FC,00000-0000,Public       ,0,0,0,4,15,19
02363000,GSA CONSERVATOIRE                       ,FC,00000-0000,Private      ,0,0,0,2,3,5
02493000,ESCUELA SUPERIOR ADMINISTRACION Y D     ,FC,00000-0000,Private      ,0,1,1,0,29,29
02496600,UNIVERSITY OF STELLENBOSCH              ,FC,00000-0000,Public       ,0,0,0,1,10,11
02502600,PECSI ORVOSTUDOMANYI EGYETEM (PECS      ,FC,00000-0000,Public       ,0,0,0,1,18,19
02530000,E.M. LYON                               ,FC,00000-0000,Private      ,0,0,0,0,4,4
02545700,GLASGOW SCHOOL OF ART                   ,FC,00000-0000,Public       ,0,0,0,9,28,37
02579600,MURDOCH UNIVERSITY                      ,FC,00000-0000,Public       ,1,0,1,9,48,57
02588000,UNIVERSITY OF ULSTER                    ,FC,00000-0000,Public       ,0,0,0,6,14,20
02591800,CURTIN UNIVERSITY OF TECHNOLOGY         ,FC,00000-0000,Public       ,0,2,2,6,43,49
02592300,MILLTOWN INST OF THEOLOGY & PHILOSO     ,FC,00000-0000,Private      ,0,0,0,0,5,5
02604300,AALBORG UNIVERSITY                      ,FC,00000-0000,Public       ,0,0,0,4,12,16
02611500,HELSINKI SCH OF ECONOMICS & BUS ADM     ,FC,00000-0000,Public       ,0,0,0,1,4,5
02611600,ECOL NATIONAL DES PONTS ET CHAUSSEE     ,FC,00000-0000,Public       ,0,0,0,1,8,9
02611700,DUBLIN CITY UNIVERSITY                  ,FC,00000-0000,Public       ,0,0,0,4,31,35
02623200,UNIVERSITY OF NEWCASTLE (THE)           ,FC,00000-0000,Public       ,1,0,1,13,23,36
03012700,UNIVERSITY OF BUCKINGHAM                ,FC,00000-0000,Private      ,0,0,0,1,13,14
03029400,KEELE UNIVERSITY                        ,FC,00000-0000,Public       ,0,0,0,0,9,9
03029500,NORTHUMBRIA UNIVERSITY                  ,FC,00000-0000,Public       ,1,0,1,4,16,20
03029800,NORGES HANDELSHOYSKOLE                  ,FC,00000-0000,Public       ,0,1,1,3,4,7
03033300,MANCHESTER METROPOLITAN UNIV            ,FC,00000-0000,Public       ,0,0,0,3,24,27
03033700,NORWEGIAN SCHOOL OF MANAGEMENT          ,FC,00000-0000,Private      ,0,0,0,1,3,4
03045000,UNIVERSITY OF EAST LONDON               ,FC,00000-0000,Public       ,0,0,0,6,33,39
03050100,STUDIO ART CENTERS INTERNATIONAL        ,FC,00000-0000,Private      ,0,0,0,35,56,91
03066800,PONTIFICIO ATENEO DELLA SANTA CROCE     ,FC,00000-0000,Private      ,0,1,1,2,14,16
03067200,UNIVERSITY OF SYDNEY                    ,FC,00000-0000,Public       ,0,0,0,22,194,216
03073800,UNIV OF DEBRECEN MED & HEALTH SCI       ,FC,00000-0000,Public       ,0,0,0,7,20,27
03078700,UNIVERSITA COMMERCIALE L BOCCONI        ,FC,00000-0000,Public       ,0,0,0,4,20,24
03080300,SHEFFIELD HALLAM UNIVERSITY             ,FC,00000-0000,Public       ,0,0,0,1,7,8
03084300,UNIVERSITY OF LIMERICK                  ,FC,00000-0000,Public       ,0,0,0,12,24,36
03085100,UNIV OF WOLVERHAMPTON (WOLVERHAMPTO     ,FC,00000-0000,Public       ,0,0,0,2,8,10
03088100,SOPHIA ANTIPOLIS MANAGEMENT INST        ,FC,00000-0000,Private      ,0,0,0,0,2,2
03088700,ROYAL SCOTTISH ACAD MUSIC & DRAMA       ,FC,00000-0000,Public       ,0,0,0,8,12,20
03091400,UNIVERSITY OF WOLLONGONG                ,FC,00000-0000,Public       ,0,0,0,10,25,35
03091500,UNIVERSITY OF CANBERRA                  ,FC,00000-0000,Public       ,0,0,0,3,5,8
03091700,KAROL MARCINKOWSKI UNIV OF MED SCI      ,FC,00000-0000,Public       ,0,0,0,8,160,168
03092500,NOTTINGHAM TRENT UNIVERSITY             ,FC,00000-0000,Public       ,0,0,0,5,18,23
03095000,RMIT UNIVERSITY                         ,FC,00000-0000,Public       ,0,0,0,6,27,33
03095400,BOND UNIVERSITY                         ,FC,00000-0000,Private      ,0,3,3,24,80,104
03095900,ESSEC BUSINESS SCHOOL                   ,FC,00000-0000,Private      ,0,0,0,0,6,6
03096100,LA TROBE UNIVERSITY                     ,FC,00000-0000,Public       ,0,0,0,9,26,35
03096900,DEAKIN UNIVERSITY                       ,FC,00000-0000,Public       ,0,0,0,6,19,25
03097100,UNIVERSITY OF WESTERN SYDNEY            ,FC,00000-0000,Public       ,0,0,0,5,7,12
03097300,VICTORIA UNIVERSITY OF TECHNOLOGY       ,FC,00000-0000,Public       ,0,0,0,3,14,17
03097500,CENTRAL QUEENSLAND UNIVERSITY           ,FC,00000-0000,Public       ,0,0,0,4,7,11
03100000,UNIVERSITY OF ADELAIDE (THE)            ,FC,00000-0000,Public       ,0,0,0,3,39,42
03100200,INST DE MANAGEMENT HOTELIER INTERNA     ,FC,00000-0000,Private      ,0,0,0,1,0,1
03101600,ASIAN INSTITUTE OF MANAGEMENT           ,FC,00000-0000,Private      ,0,0,0,2,3,5
03102500,AMERICAN UNIVERSITY OF ROME             ,FC,00000-0000,Private      ,1,1,2,119,56,175
03102800,ROBERT GORDON UNIVERSITY (THE)          ,FC,00000-0000,Public       ,0,0,0,2,10,12
03103200,INT'L STUDIES CTR AT THE CORVINUS UNIVER,FC,00000-0000,Public       ,0,0,0,0,5,5
03104800,GRIFFITH UNIVERSITY                     ,FC,00000-0000,Public       ,0,2,2,18,42,60
03106100,ROSKILDE UNIV ROSKILDE UNIVERSITY C     ,FC,00000-0000,Public       ,0,0,0,0,2,2
03123500,HOGESCHOOL VAN AMSTERDAM                ,FC,00000-0000,Private      ,0,0,0,5,10,15
03125200,LINCOLN UNIVERSITY                      ,FC,00000-0000,Public       ,0,0,0,1,6,7
03136300,AUSTRALIAN CATHOLIC UNIVERSITY          ,FC,00000-0000,Public       ,0,0,0,1,6,7
03137400,CHARLES STURT UNIVERSITY                ,FC,00000-0000,Public       ,0,0,0,2,8,10
03140300,EDITH COWAN UNIVERSITY                  ,FC,00000-0000,Public       ,0,0,0,5,18,23
03140400,NORTHERN TERRITORY UNIVERSITY           ,FC,00000-0000,Public       ,0,0,0,0,2,2
03140500,QUEENSLAND UNIVERSITY OF TECHNOLOGY     ,FC,00000-0000,Public       ,0,1,1,7,25,32
03140600,SOUTHERN CROSS UNIVERSITY               ,FC,00000-0000,Public       ,0,0,0,6,16,22
03140700,SWINBURNE UNIVERSITY OF TECHNOLOGY      ,FC,00000-0000,Public       ,0,0,0,3,6,9
03140900,UNIVERSITY OF BALLARAT                  ,FC,00000-0000,Public       ,0,0,0,0,2,2
03150300,UNIVERSITY OF TASMANIA                  ,FC,00000-0000,Public       ,0,0,0,4,18,22
03274300,"KUNGLIGA TEKNISKA HOGSKOLAN, KTH        ",FC,00000-0000,Public       ,0,0,0,0,7,7
03287300,LIVERPOOL INSTITUTE FOR PERFORMING ARTS ,FC,00000-0000,Public       ,0,0,0,9,10,19
03300300,"2ND SCHOOL OF MEDICINE, CHARLES UNI     ",FC,00000-0000,Public       ,0,0,0,3,7,10
03300400,"FIRST FACULTY OF MEDICINE, CHARLES UNIV.",FC,00000-0000,Public       ,0,0,0,2,28,30
03329300,JOHN CABOT UNIVERSITY                   ,FC,00000-0000,Private      ,0,0,0,92,19,111
03332400,AGRICULTURE UNIVERSITY OF WROCLAW       ,FC,00000-0000,Public       ,0,0,0,0,4,4
03333300,MEDICAL UNIVERSITY SCHOOL OF LUBLIN     ,FC,00000-0000,Public       ,0,1,1,37,210,247
03334300,UNIVERSIDAD NORDESTANA                  ,FC,00000-0000,Private      ,0,0,0,2,5,7
03335300,MEDICAL UNIVERSITY OF SILESIA           ,FC,00000-0000,Public       ,0,0,0,19,134,153
03342300,GLASGOW CALEDONIAN UNIVERSITY           ,FC,00000-0000,Public       ,0,0,0,2,8,10
03349400,"QUEEN MARGARET UNIVERSITY COLLEGE, EDINB",FC,00000-0000,Public       ,0,1,1,0,8,8
03350300,BOURNEMOUTH UNIVERSITY                  ,FC,00000-0000,Public       ,0,0,0,4,25,29
03352300,LONDON SOUTH BANK UNIVERSITY            ,FC,00000-0000,Private      ,0,0,0,14,26,40
03363300,THE ARTS EDUCATIONAL SCHOOLS LONDON     ,FC,00000-0000,Private      ,0,0,0,1,4,5
03364300,"FACULTY OF MEDICINE, PALACKY UNIVER     ",FC,00000-0000,Public       ,0,0,0,0,7,7
03365400,AUCKLAND INSTITUTE OF TECHNOLOGY        ,FC,00000-0000,Public       ,0,0,0,3,14,17
03366300,TROPICAL AGRICULTURE RESEARCH AND H     ,FC,00000-0000,Private      ,0,0,0,0,1,1
03375300,"CHARLES UNIVERSITY, FACULTY OF MEDI     ",FC,00000-0000,Public       ,0,0,0,2,9,11
03377300,"UNIVERSITY OF WALES INSTITUTE, CARD     ",FC,00000-0000,Public       ,0,0,0,1,5,6
03378300,"THE 3RD FACULTY OF MEDICINE, CHARLE     ",FC,00000-0000,Public       ,0,0,0,2,7,9
03386300,CHARLES UNIVERSITY-MEDICAL FACULTY      ,FC,00000-0000,Public       ,0,0,0,2,10,12
03397400,HOGESCHOOL VOOR DE KUNSTEN UTRECHT      ,FC,00000-0000,Private      ,0,0,0,1,9,10
03406300,"THE SCHOOL OF PHARMACY, UNIVERSITY      ",FC,00000-0000,Public       ,0,0,0,1,0,1
03418400,NAPIER UNIVERSITY                       ,FC,00000-0000,Public       ,0,0,0,6,28,34
03435300,ANGLIA POLYTECHNIC UNIVERSITY HIGHE     ,FC,00000-0000,Public       ,1,0,1,2,5,7
03456600,ANGELES UNIVERSITY FOUNDATION           ,FC,00000-0000,Private      ,0,1,1,0,3,3
03460300,INTERNATIONALES THEOLOGISCHES INSTI     ,FC,00000-0000,Private      ,0,0,0,2,15,17
03462400,UNIV OF ARTS LONDON - LON COLL OF COMMUN,FC,00000-0000,Public       ,0,0,0,6,28,34
03466300,INSTITUTO CENTROAMERICANO DE ADMINI     ,FC,00000-0000,Private      ,0,0,0,0,7,7
03473300,UNIV OF ARTS LONDON - LON COLL FASHION  ,FC,00000-0000,Public       ,0,0,0,35,33,68
03475300,UNIV OF THE ARTS  LONDON - CHELSEA COLL ,FC,00000-0000,Public       ,0,0,0,4,12,16
03477400,UNIVERSITY OF LUTON                     ,FC,00000-0000,Public       ,0,0,0,1,0,1
03478300,ROYAL WELSH COLLEGE OF MUSIC AND DRAMA  ,FC,00000-0000,Public       ,0,0,0,3,2,5
03484300,LANDEGG INTERNATIONAL UNIVERSITY        ,FC,00000-0000,Private      ,0,0,0,0,4,4
03492400,UNIV OF CAMBRIDGE-ST CATHERINE'S CG     ,FC,00000-0000,Public       ,0,0,0,0,5,5
03494400,UNIV OF CAMBRIDGE-SELWYN COLLEGE        ,FC,00000-0000,Public       ,0,0,0,0,7,7
03494600,UNIV OF OXFORD-HARRIS MANCHESTER        ,FC,00000-0000,Public       ,0,0,0,0,5,5
03500300,WIMBLEDON COLLEGE OF ART                ,FC,00000-0000,Public       ,0,0,0,1,2,3
03501400,LEEDS METROPOLITAN UNIVERSITY           ,FC,00000-0000,Public       ,0,0,0,3,13,16
03507300,UNIVERSITY OF SUNDERLAND                ,FC,00000-0000,Public       ,0,0,0,5,10,15
03515300,UNIVERSITY OF CENTRAL LANCASHIRE        ,FC,00000-0000,Public       ,0,0,0,3,9,12
03517300,UNIVERSITY OF BRIGHTON                  ,FC,00000-0000,Public       ,0,0,0,5,15,20
03518300,EUROPEAN GRADUATE SCHOOL                ,FC,00000-0000,Private      ,0,3,3,1,90,91
03526300,INST CENTROAMERICANO DE ADM DE EMP      ,FC,00000-0000,Private      ,0,0,0,0,6,6
03527300,SOFIA UNIVERSITY ST. KLIMENT OHRIDSKI   ,FC,00000-0000,Public       ,0,0,0,0,4,4
03533300,BATH SPA UNIVERSITY                     ,FC,00000-0000,Public       ,0,0,0,0,22,22
03547300,UNIVERSITY OF GLAMORGAN                 ,FC,00000-0000,Public       ,0,0,0,0,3,3
03580300,LIVERPOOL JOHN MOORES UNIVERSITY        ,FC,00000-0000,Public       ,0,0,0,2,3,5
03594300,GROUP ESC GRENOBLE GRAD SCH OF BUS.     ,FC,00000-0000,Private      ,0,1,1,0,24,24
03597300,JAGIELLONIAN UNIVERSITY                 ,FC,00000-0000,Public       ,0,0,0,1,21,22
03601300,UNIVERSITAT JAUME I DE CASTELLO/UJI     ,FC,00000-0000,Public       ,0,0,0,1,14,15
03603300,LEEDS COLLEGE OF MUSIC                  ,FC,00000-0000,Public       ,0,0,0,0,2,2
03619300,UNIVERSITY OF GREENWICH                 ,FC,00000-0000,Public       ,0,0,0,9,18,27
03653400,UNIVERSIDAD DE IBEROAMERICA - UNIBE     ,FC,00000-0000,Private      ,0,0,0,10,20,30
03674300,UNIVERSITY OF ABERTAY DUNDEE            ,FC,00000-0000,Public       ,0,0,0,2,3,5
03684400,UNIVERSITY OF LINCOLN                   ,FC,00000-0000,Public       ,0,0,0,0,4,4
03684500,MEDICAL UNIVERSITY OF GDANSK            ,FC,00000-0000,Public       ,0,0,0,1,2,3
03684600,POMERANIAN MEDICAL UNIVERSITY           ,FC,00000-0000,Public       ,0,0,0,1,0,1
03692300,DONCASTER COLLEGE                       ,FC,00000-0000,Public       ,0,0,0,0,1,1
03694300,UNIVERSITY COLLEGE CHICHESTER           ,FC,00000-0000,Public       ,0,0,0,0,1,1
03697300,NATIONAL FILM & TELEVISION SCHOOL       ,FC,00000-0000,Private      ,0,0,0,0,2,2
03716300,"UNIVERSITY OF WALES, NEWPORT            ",FC,00000-0000,Public       ,0,0,0,3,4,7
03721300,WRITTLE COLLEGE                         ,FC,00000-0000,Public       ,0,0,0,0,3,3
03770300,NAZARENE THEOLOGICAL COLLEGE            ,FC,00000-0000,Private      ,0,0,0,0,12,12
03777400,WESTMINSTER COLLEGE                     ,FC,00000-0000,Private      ,0,0,0,1,2,3
03816400,AMERICAN GRAD SCH OF INTERNTL REL & DIPL,FC,00000-0000,Private      ,0,0,0,1,45,46
03818300,LEIPZIG GRADUATE SCHOOL OF MANAGEMENT   ,FC,00000-0000,Private      ,0,0,0,0,4,4
03824300,"ROYAL VETERINARY COLLEGE (THE), UNIVERSI",FC,00000-0000,Public       ,0,0,0,0,72,72
03850500,MEDICAL UNIVERSITY OF LODZ              ,FC,00000-0000,Public       ,0,0,0,4,55,59
03859400,UNIVERSITY COLLEGE FALMOUTH             ,FC,00000-0000,Public       ,0,0,0,0,7,7
03926400,NATIONAL COLLEGE OF ART AND DESIGN      ,FC,00000-0000,Public       ,0,0,0,2,3,5
03941301,AVE MARIA UNIVERSITY - LATIN AMERICA    ,FC,00000-0000,Private      ,0,1,1,156,43,199
00380600,ALDERSON-BROADDUS COLLEGE               ,WV,26416-1051,Private      ,0,2,2,737,380,1117
00380700,MOUNTAIN STATE UNIVERSITY               ,WV,25801-5624,Private      ,14,231,245,1249,5469,6718
00380800,BETHANY COLLEGE                         ,WV,26032-0417,Private      ,4,0,4,1142,64,1206
00380900,BLUEFIELD STATE COLLEGE                 ,WV,24701-2198,Public       ,6,26,32,1304,1695,2999
00381000,CONCORD UNIVERSITY                      ,WV,24712-0000,Public       ,6,8,14,2630,1033,3663
00381100,DAVIS & ELKINS COLLEGE                  ,WV,26241-3996,Private      ,1,4,5,556,322,878
00381200,FAIRMONT STATE UNIVERSITY               ,WV,26554-2470,Public       ,10,35,45,4847,3285,8132
00381300,GLENVILLE STATE COLLEGE                 ,WV,26351-1292,Public       ,3,5,8,1323,431,1754
00381500,MARSHALL UNIVERSITY                     ,WV,25755-3300,Public       ,26,101,127,8127,5956,14083
00381600,SOUTHERN WV COMMUNITY COLLEGE           ,WV,25637-2900,Public       ,1,13,14,1069,1376,2445
00381800,UNIVERSITY OF CHARLESTON                ,WV,25304-1099,Private      ,0,3,3,1388,571,1959
00381900,OHIO VALLEY COLLEGE                     ,WV,26105-8000,Private      ,2,5,7,435,215,650
00382000,SALEM INTERNATIONAL UNIVERSITY          ,WV,26426-0500,Proprietary  ,3,37,40,236,312,548
00382200,SHEPHERD UNIVERSITY                     ,WV,25443-3210,Public       ,3,16,19,2957,1135,4092
00382300,WEST LIBERTY STATE COLLEGE              ,WV,26074-0295,Public       ,2,6,8,2203,596,2799
00382600,WEST VIRGINIA STATE UNIVERSITY          ,WV,25112-0000,Public       ,3,14,17,2554,2867,5421
00382700,WEST VIRGINIA UNIVERSITY                ,WV,26506-6201,Public       ,43,104,147,19828,7540,27368
00382711,WEST VIRGINIA UNIVERSITY - POTOMAC STATE,WV,26726-3000,Public       ,6,5,11,1134,364,1498
00382721,WEST VIRGINIA UNIV INST OF TECH         ,WV,25136-2436,Public       ,1,6,7,1330,767,2097
00382800,WEST VIRGINIA UNIV AT PARKERSBURG       ,WV,26101-9577,Public       ,4,37,41,1369,2213,3582
00383000,WEST VIRGINIA WESLEYAN COLLEGE          ,WV,26201-2600,Private      ,1,2,3,1619,119,1738
00383100,WHEELING JESUIT UNIVERSITY              ,WV,26003-6243,Private      ,0,6,6,1288,548,1836
00500700,WEST VIRGINIA JUNIOR COLLEGE            ,WV,26505-5596,Proprietary  ,3,10,13,119,190,309
00500800,MOUNTAIN STATE COLLEGE                  ,WV,26101-3993,Proprietary  ,0,15,15,40,231,271
00754400,APPALACHIAN BIBLE COLLEGE               ,WV,25818-1353,Private      ,0,1,1,238,83,321
00757800,HUNTINGTON SCHOOL OF BEAUTY CULTURE     ,WV,25705-2030,Proprietary  ,3,6,9,50,99,149
00760000,INTERNATIONAL BEAUTY SCHOOL             ,WV,25401-3231,Proprietary  ,2,9,11,38,100,138
00835500,JAMES RUMSEY TECHNICAL INSTITUTE        ,WV,25403-0259,Public       ,0,1,1,49,120,169
00895900,CLARKSBURG BEAUTY ACADEMY               ,WV,26301-2903,Proprietary  ,17,22,39,70,105,175
00904700,HUNTINGTON JUNIOR COLLEGE               ,WV,25701-2004,Proprietary  ,15,95,110,203,1283,1486
00905400,WEST VIRGINIA NORTHERN CMTY COLLEGE     ,WV,26003-0000,Public       ,15,53,68,864,2028,2892
01014000,MINERAL COUNTY VOCATIONAL TECH CTR      ,WV,26726-0000,Public       ,0,1,1,8,29,37
01021703,INTERNATIONAL ACADEMY OF DESIGN AND TECH,WV,26554-9790,Proprietary  ,0,0,0,7,3,10
01035600,EVEREST INSTITUTE                       ,WV,25313-1304,Proprietary  ,54,179,233,471,1937,2408
01057300,WEST VIRGINIA JUNIOR COLLEGE            ,WV,25322-0000,Proprietary  ,3,26,29,97,317,414
01057302,WEST VIRGINIA JUNIOR COLLEGE            ,WV,26330-0000,Proprietary  ,12,23,35,206,345,551
01086100,WEST VIRGINIA BUSINESS COLLEGE          ,WV,26301-0000,Proprietary  ,2,12,14,36,183,219
01124500,WEST VIRGINIA SCH OSTEOPATHIC MED       ,WV,24901-1128,Public       ,0,0,0,11,611,622
01174900,WOOD COUNTY SCH OF PRAC NURSING         ,WV,26101-6424,Public       ,0,1,1,14,43,57
01235900,B M SPURR SCHOOL OF PRAC NURSING        ,WV,26038-1660,Private      ,0,0,0,7,33,40
01257300,WEST VIRGINIA UNIV-HOSP-RAD TECH        ,WV,26506-8062,Private      ,0,0,0,52,57,109
01274300,BENJAMIN FRANKLIN CAREER&TECH           ,WV,25064-0000,Public       ,1,1,2,61,143,204
01290400,MONONGALIA CNTY TECH ED CTR             ,WV,26501-6841,Public       ,0,0,0,48,114,162
01290500,ACADEMY OF CAREERS AND TECHNOLOGY       ,WV,25801-0000,Public       ,0,1,1,62,194,256
02057400,ROANE-JACKSON TECHNICAL CENTER          ,WV,25252-0000,Public       ,0,1,1,17,57,74
02068000,UNITED TECHNICAL CENTER                 ,WV,26301-0000,Public       ,0,6,6,25,70,95
02070100,BECKLEY BEAUTY ACADEMY                  ,WV,25801-0000,Proprietary  ,0,3,3,27,52,79
02073400,CARVER CAREER TECH ED CTR               ,WV,25306-6397,Public       ,6,1,7,110,231,341
02145100,SCOTT COLLEGE OF COSMETOLOGY            ,WV,26003-0000,Proprietary  ,3,2,5,53,50,103
02175900,MARION COUNTY TECHNICAL CENTER          ,WV,26571-0000,Public       ,0,0,0,1,1,2
02178200,CHARLESTON SCHOOL OF BEAUTY CULTURE     ,WV,25301-0000,Proprietary  ,0,12,12,41,128,169
02218200,GARNET CAREER CENTER                    ,WV,25301-0000,Public       ,5,22,27,61,318,379
02275300,CABELL COUNTY CAREER TECHNOLOGY CTR     ,WV,25705-0000,Public       ,0,3,3,41,150,191
02280300,WV CAREER AND TECHNICAL INSTITUTE       ,WV,25112-0000,Public       ,0,0,0,62,38,100
02524500,RALPH R WILLIS VOCATIONAL CENTER        ,WV,25601-0000,Public       ,0,0,0,10,32,42
02534800,FRED W EBERLE TECHNICAL CENTER          ,WV,26201-0000,Public       ,0,0,0,31,100,131
02535500,MERCER COUNTY TECH EDUC CNTR            ,WV,24740-0000,Public       ,0,1,1,38,89,127
02579900,NORTH CENTRAL OPPORTUNITIES IND CTR     ,WV,26554-2936,Private      ,0,2,2,16,102,118
02609400,VALLEY COLLEGE                          ,WV,25404-5711,Proprietary  ,0,9,9,28,177,205
03052000,MEREDITH MANOR EQUESTRIAN CENTRE        ,WV,26184-9707,Proprietary  ,1,3,4,73,41,114
03076500,FAYETTE INSTITUTE OF TECHNOLOGY         ,WV,25901-2174,Public       ,1,2,3,16,48,64
03084200,VALLEY COLLEGE                          ,WV,24740-3141,Proprietary  ,2,8,10,9,80,89
03084400,VALLEY COLLEGE                          ,WV,25801-2643,Proprietary  ,0,12,12,25,167,192
03098300,PUTNAM CAREER & TECHNICAL CENTER        ,WV,25070-0000,Public       ,0,1,1,25,52,77
03099200,"MOUNTAINEER BEAUTY COLLEGE, INC         ",WV,25177-2917,Proprietary  ,0,2,2,24,66,90
03102100,MORGANTOWN BEAUTY COLLEGE               ,WV,26505-5430,Proprietary  ,1,3,4,62,67,129
03123200,STANLEY TECHNICAL INSTITUTE             ,WV,26505-3751,Private      ,0,0,0,7,45,52
03327500,SOUTH BRANCH VOCATIONAL TECH CENTER     ,WV,26847-1698,Public       ,0,0,0,4,17,21
03734300,JOHN D. ROCKEFELLER IV CAREER CENTER    ,WV,26047-9424,Public       ,0,0,0,6,16,22
03819300,AMERICAN PUBLIC UNIVERSITY SYSTEM       ,WV,25414-1621,Proprietary  ,4,204,208,37,1555,1592
03957300,BLUE RIDGE COMMUNITY AND TECHNICAL COLLE,WV,25401-3244,Public       ,1,19,20,263,526,789
03960300,NEW RIVER COMMUNITY AND TECHNICAL COLLEG,WV,25801-2636,Public       ,4,27,31,513,1163,1676
04028300,MOUNTAIN STATE SCHOOL OF MASSAGE        ,WV,25304-2025,Proprietary  ,0,0,0,21,54,75
04038500,PIERPONT COMMUNITY & TECHNICAL COLLEGE  ,WV,26554-2451,Public       ,4,11,15,122,237,359
04038600,WEST VIRGINIA STATE COMMUNITY AND TECHNI,WV,25112-1000,Public       ,1,5,6,160,390,550
04041400,MARSHALL COMMUNITY AND TECHNICAL COLLEGE,WV,25755-3300,Public       ,2,18,20,297,454,751
04047300,BRIDGEMONT COMMUNITY & TECHNICAL COLLEGE,WV,25136-2435,Public       ,0,1,1,6,12,18
00106100,ALASKA PACIFIC UNIVERSITY               ,AK,99508-4672,Private      ,3,13,16,396,588,984
00106200,SHELDON JACKSON COLLEGE                 ,AK,99835-7699,Private      ,0,1,1,88,78,166
00106300,UNIVERSITY OF ALASKA FAIRBANKS          ,AK,99775-7500,Public       ,28,67,95,2144,2741,4885
00106500,UNIVERSITY OF ALASKA SOUTHEAST          ,AK,99801-8680,Public       ,5,42,47,486,883,1369
00884300,ALASKA BIBLE COLLEGE                    ,AK,99588-0000,Private      ,0,0,0,8,20,28
01146200,UNIVERSITY OF ALASKA ANCHORAGE          ,AK,99514-1608,Public       ,36,118,154,4174,6021,10195
02541000,CAREER ACADEMY                          ,AK,99507-0000,Proprietary  ,8,32,40,126,536,662
02576900,CHARTER COLLEGE                         ,AK,99508-0000,Proprietary  ,3,29,32,107,718,825
03160300,ALASKA VOCATIONAL TECHNICAL CENTER      ,AK,99664-0889,Public       ,3,4,7,132,261,393
03461300,ILISAGVIK COLLEGE                       ,AK,99723-0749,Public       ,1,1,2,14,74,88
03677300,GALENA CITY SCHOOL DISTRICT - PROJE     ,AK,99741-0359,Public       ,0,0,0,3,1,4
00108500,UNIV ARKANSAS MONTICELLO                ,AR,71656-0000,Public       ,23,62,85,1767,1796,3563
00108501,GREAT RIVERS TECHNICAL INSTITUTE        ,AR,71654-0000,Public       ,0,1,1,12,44,56
00108502,FOREST ECHOES TECHNICAL INSTITUTE       ,AR,71635-0000,Public       ,0,1,1,21,42,63
00108600,UNIV OF ARKANSAS AT PINE BLUFF          ,AR,71601-2790,Public       ,31,28,59,3125,1684,4809
00108700,ARKANSAS BAPTIST COLLEGE                ,AR,72202-6099,Private      ,22,23,45,199,357,556
00108800,LYON COLLEGE                            ,AR,72501-3699,Private      ,0,0,0,608,116,724
00108900,ARKANSAS TECH UNIVERSITY                ,AR,72801-2222,Public       ,22,36,58,3962,2897,6859
00109000,ARKANSAS STATE UNIVERSITY               ,AR,72467-0000,Public       ,57,185,242,6279,7191,13470
00109006,DELTA TECHNICAL INSTITUTE               ,AR,72365-9558,Public       ,0,1,1,43,89,132
00109100,ARKANSAS STATE UNIVERSITY - BEEBE       ,AR,72012-1000,Public       ,11,89,100,1282,2275,3557
00109103,ARKANSAS STATE UNIV-BEEBE-SEARCY        ,AR,72143-4798,Public       ,0,0,0,44,58,102
00109200,UNIVERSITY OF CENTRAL ARKANSAS          ,AR,72035-0001,Public       ,52,70,122,7737,3844,11581
00109300,CENTRAL BAPTIST COLLEGE                 ,AR,72034-6470,Private      ,1,8,9,291,248,539
00109400,UNIVERSITY OF THE OZARKS                ,AR,72830-2880,Private      ,6,1,7,507,103,610
00109500,CROWLEYS RIDGE COLLEGE                  ,AR,72450-9775,Private      ,1,1,2,109,49,158
00109700,HARDING UNIVERSITY                      ,AR,72149-0001,Private      ,21,74,95,3118,1396,4514
00109800,HENDERSON STATE UNIVERSITY              ,AR,71999-0001,Public       ,19,46,65,2328,1661,3989
00109900,HENDRIX COLLEGE                         ,AR,72032-3080,Private      ,0,2,2,1375,87,1462
00110000,JOHN BROWN UNIVERSITY                   ,AR,72761-2747,Private      ,1,13,14,1194,1150,2344
00110100,UNIV ARKANSAS LITTLE ROCK               ,AR,72204-1099,Public       ,47,150,197,3885,8589,12474
00110200,OUACHITA BAPTIST UNIVERSITY             ,AR,71998-0001,Private      ,5,0,5,1232,129,1361
00110300,PHILANDER SMITH COLLEGE                 ,AR,72202-3718,Private      ,4,9,13,626,742,1368
00110400,PHILLIPS COUNTY COMMUNITY COLLEGE       ,AR,72342-0000,Public       ,25,49,74,520,1042,1562
00110401,RICE BELT TECH INST                     ,AR,72042-0000,Public       ,1,0,1,8,4,12
00110600,WILLIAMS BAPTIST COLLEGE                ,AR,72476-4661,Private      ,2,1,3,533,181,714
00110700,SOUTHERN ARKANSAS UNIVERSITY            ,AR,71754-0000,Public       ,30,46,76,2021,1509,3530
00110800,UNIV ARKANSAS FAYETTEVILLE              ,AR,72701-0000,Public       ,74,99,173,8149,5291,13440
00110900,UNIV OF ARKANSAS FOR MEDCL SCIENCES     ,AR,72205-7102,Public       ,3,9,12,402,1468,1870
00110901,UNIV OF ARKANSAS COLG OF MEDICINE       ,AR,72205-0000,Public       ,0,0,0,24,607,631
00111000,UNIVERSITY OF ARKANSAS-FORT SMITH       ,AR,72904-7397,Public       ,33,95,128,2674,3805,6479
00524500,U OF A COMM COLLEGE AT MORRILTON        ,AR,72110-9601,Public       ,11,27,38,768,1276,2044
00570700,SEARK COLLEGE                           ,AR,71603-0000,Public       ,21,84,105,641,1996,2637
00573200,UNIV AR COMMUNITY COLLEGE AT HOPE       ,AR,71801-0000,Public       ,5,36,41,429,837,1266
00704400,CROWLEYS RIDGE TECHNICAL INSTITUTE      ,AR,72336-0000,Public       ,2,4,6,91,239,330
00773800,SOUTHERN ARKANSAS UNIVERSITY TECH       ,AR,71701-1900,Public       ,8,13,21,347,629,976
00792100,FAYETTEVILLE BEAUTY COLLEGE             ,AR,72701-0000,Proprietary  ,2,9,11,34,105,139
00997600,OUACHITA TECHNICAL COLLEGE              ,AR,72104-0816,Public       ,3,19,22,290,733,1023
01074100,MELLIE'S BEAUTY COLLEGE                 ,AR,72901-3886,Proprietary  ,1,10,11,16,58,74
01210500,NATIONAL PARK COMMUNITY COLLEGE         ,AR,71913-9174,Public       ,14,49,63,754,1724,2478
01226000,EAST ARKANSAS COMMUNITY COLLEGE         ,AR,72335-2204,Public       ,3,28,31,501,860,1361
01226100,NORTH ARKANSAS COLLEGE                  ,AR,72601-5508,Public       ,10,40,50,718,1364,2082
01286000,ARKANSAS NORTHEASTERN COLLEGE           ,AR,72316-1109,Public       ,27,76,103,735,1532,2267
02052200,BLACK RIVER TECHNICAL COLLEGE           ,AR,72455-0000,Public       ,13,99,112,658,1461,2119
02073500,UNIVERSITY OF ARKANSAS COMMUNITY COLLEGE,AR,72503-0000,Public       ,11,27,38,412,995,1407
02073700,NORTHWEST TECHNICAL INSTITUTE           ,AR,72765-0000,Public       ,0,5,5,90,336,426
02074600,SOUTH ARKANSAS COMMUNITY COLLEGE        ,AR,71731-0000,Public       ,6,45,51,364,1153,1517
02075300,PULASKI TECHNICAL COLLEGE               ,AR,72118-0000,Public       ,25,141,166,2229,8508,10737
02087000,OZARKA COLLEGE                          ,AR,72556-0000,Public       ,2,12,14,266,709,975
02111100,RICH MOUNTAIN COMMUNITY COLLEGE         ,AR,71953-0000,Public       ,3,11,14,342,505,847
02202400,PROFESSIONAL COSMETOLOGY EDUC CTR       ,AR,71730-5828,Proprietary  ,2,4,6,20,75,95
02220900,COSSATOT COMMUNITY COLLEGE              ,AR,71832-0000,Public       ,2,25,27,293,841,1134
02260400,BEE JAY'S HAIRSTYLING ACADEMY           ,AR,72212-0000,Proprietary  ,2,5,7,11,49,60
02272400,EASTERN COLLEGE OF HEALTH VOCATIONS     ,AR,72209-0000,Proprietary  ,11,57,68,183,768,951
02284200,NEW TYLER BARBER COLLEGE INC            ,AR,72114-0000,Proprietary  ,7,13,20,50,98,148
02287400,MARSHA KAY BEAUTY COLLEGE               ,AR,72653-0000,Proprietary  ,2,4,6,13,31,44
02321701,ITT TECHNICAL INSTITUTE                 ,AR,72204-9925,Proprietary  ,23,60,83,304,744,1048
02330800,JEFFERSON SCHOOL OF NURSING             ,AR,71603-0000,Private      ,1,2,3,31,122,153
02339800,SOUTHERN INSTITUTE OF COSMETOLOGY       ,AR,72301-0000,Proprietary  ,3,12,15,23,76,99
02341700,CAREER ACADEMY OF HAIR DESIGN           ,AR,72764-4304,Proprietary  ,1,3,4,41,97,138
02348200,MID-SOUTH COMMUNITY COLLEGE             ,AR,72301-0000,Public       ,25,62,87,591,1285,1876
02363500,ARTHUR'S BEAUTY COLLEGE                 ,AR,72901-0000,Proprietary  ,4,5,9,43,126,169
02525800,LEE'S SCHOOL OF COSMETOLOGY             ,AR,72114-0000,Proprietary  ,4,3,7,28,63,91
02538500,ARTHUR'S BEAUTY COLLEGE                 ,AR,72076-0000,Proprietary  ,3,17,20,93,285,378
02569600,SEARCY BEAUTY COLLEGE                   ,AR,72143-0000,Proprietary  ,1,15,16,19,97,116
03005100,ARKANSAS BEAUTY SCHOOL                  ,AR,72209-5116,Proprietary  ,1,12,13,34,107,141
03007100,HOT SPRINGS BEAUTY COLLEGE              ,AR,71901-5432,Proprietary  ,2,7,9,31,83,114
03007600,ARKANSAS BEAUTY SCHOOL-CONWAY           ,AR,72032-4354,Proprietary  ,0,8,8,33,68,101
03023400,ARKANSAS COLLEGE OF BARBERING           ,AR,72114-5615,Proprietary  ,1,15,16,23,137,160
03063300,NORTHWEST ARKANSAS COMMUNITY COLLEG     ,AR,72712-5190,Public       ,24,74,98,1390,2430,3820
03065100,ABC BEAUTY COLLEGE                      ,AR,71923-4206,Proprietary  ,1,5,6,20,53,73
03066302,BRYAN COLLEGE -                         ,AR,72756-1825,Proprietary  ,3,34,37,3,34,37
03105200,BAPTIST HEALTH SCHOOLS LITTLE ROCK      ,AR,72210-0000,Private      ,0,7,7,257,1015,1272
03116800,"DELUXE BEAUTY SCHOOL, L.L.C.            ",AR,71603-0000,Proprietary  ,0,2,2,13,27,40
03124900,IMAGINE -  PAUL MITCHELL PARTNER SCHOOL ,AR,72117-2516,Proprietary  ,0,0,0,13,25,38
03127200,ASKINS VO-TECH                          ,AR,72908-8028,Proprietary  ,0,2,2,11,40,51
03212300,BLYTHEVILLE ACADEMY OF COSMETOLOGY      ,AR,72315-3424,Proprietary  ,5,3,8,15,40,55
03214300,VELVATEX COLLEGE OF BEAUTY CULTURE      ,AR,72202-5452,Proprietary  ,2,3,5,12,32,44
03254300,MARGARET'S HAIR ACADEMY                 ,AR,71655-4905,Proprietary  ,0,7,7,14,74,88
03519400,LYNNDALE FUNDAMENTALS OF BEAUTY SCH     ,AR,71730-4804,Proprietary  ,0,2,2,11,54,65
03855300,ECCLESIA COLLEGE                        ,AR,72762-8159,Private      ,1,2,3,42,29,71
03912300,CROSSETT SCHOOL OF COSMETOLOGY          ,AR,71635-0000,Proprietary  ,1,3,4,14,36,50
03997300,ARKANSAS BEAUTY COLLEGE                 ,AR,72801-3741,Proprietary  ,3,5,8,32,57,89
00133900,CORBAN COLLEGE                          ,OR,97301-9392,Private      ,1,2,3,1067,390,1457
00316505,CASCADE COLLEGE                         ,OR,97216-0000,Private      ,1,1,2,324,123,447
00318600,BLUE MOUNTAIN COMMUNITY COLLEGE         ,OR,97801-0000,Public       ,5,6,11,711,1162,1873
00318800,CENTRAL OREGON COMMUNITY COLLEGE        ,OR,97701-5998,Public       ,10,30,40,1630,2173,3803
00318900,CLATSOP COMMUNITY COLLEGE               ,OR,97103-3698,Public       ,5,11,16,360,542,902
00319100,CONCORDIA UNIVERSITY                    ,OR,97211-6099,Private      ,3,24,27,1054,1257,2311
00319300,EASTERN OREGON UNIVERSITY               ,OR,97850-2899,Public       ,4,13,17,2010,2191,4201
00319400,GEORGE FOX UNIVERSITY                   ,OR,97132-2697,Private      ,1,28,29,2266,1795,4061
00319600,LANE COMMUNITY COLLEGE                  ,OR,97405-0640,Public       ,34,68,102,3931,6760,10691
00319700,LEWIS & CLARK COLLEGE                   ,OR,97219-7899,Private      ,0,4,4,3392,2602,5994
00319800,LINFIELD COLLEGE                        ,OR,97128-6894,Private      ,2,7,9,2820,536,3356
00319801,LINFIELD COLLEGE - PORTLAND CAMPUS      ,OR,97210-0000,Private      ,0,2,2,374,736,1110
00319900,MARYLHURST UNIVERSITY                   ,OR,97036-7036,Private      ,3,42,45,127,1166,1293
00320300,MOUNT ANGEL SEMINARY                    ,OR,97373-0505,Private      ,0,0,0,12,30,42
00320400,MOUNT HOOD COMMUNITY COLLEGE            ,OR,97030-3300,Public       ,32,63,95,2939,4163,7102
00320600,MULTNOMAH BIBLE COLLEGE/SEMINARY        ,OR,97220-5898,Private      ,0,2,2,548,509,1057
00320700,PACIFIC NORTHWEST COLLEGE OF ART        ,OR,97209-3023,Private      ,1,1,2,397,340,737
00320800,NORTHWEST CHRISTIAN UNIVERSITY          ,OR,97401-3727,Private      ,1,4,5,415,456,871
00320900,WESTERN OREGON UNIVERSITY               ,OR,97361-1394,Public       ,14,38,52,4417,1792,6209
00321000,OREGON STATE UNIVERSITY                 ,OR,97331-8507,Public       ,37,58,95,14390,7060,21450
00321100,OREGON INSTITUTE OF TECHNOLOGY          ,OR,97601-8801,Public       ,3,10,13,1696,1450,3146
00321200,PACIFIC UNIVERSITY                      ,OR,97116-1797,Private      ,1,13,14,2138,2322,4460
00321300,PORTLAND COMMUNITY COLLEGE              ,OR,97219-7198,Public       ,110,423,533,6871,15263,22134
00321600,PORTLAND STATE UNIVERSITY               ,OR,97207-0000,Public       ,72,279,351,9642,15770,25412
00321700,REED COLLEGE                            ,OR,97202-8199,Private      ,0,4,4,2232,277,2509
00321800,CHEMEKETA COMMUNITY COLLEGE             ,OR,97309-1500,Public       ,22,86,108,3242,6349,9591
00321900,SOUTHERN OREGON UNIVERSITY              ,OR,97520-5010,Public       ,23,78,101,3854,2333,6187
00322000,SOUTHWESTERN OREGON COMMUNITY CLG       ,OR,97420-2956,Public       ,2,10,12,1049,994,2043
00322100,TREASURE VALLEY COMMUNITY COLLEGE       ,OR,97914-3423,Public       ,8,45,53,946,1355,2301
00322200,UMPQUA COMMUNITY COLLEGE                ,OR,97470-0226,Public       ,6,19,25,814,1319,2133
00322300,UNIVERSITY OF OREGON                    ,OR,97403-1226,Public       ,57,120,177,14731,8125,22856
00322400,UNIVERSITY OF PORTLAND                  ,OR,97203-5798,Private      ,11,9,20,5444,1432,6876
00322500,WARNER PACIFIC COLLEGE                  ,OR,97215-4099,Private      ,1,21,22,577,701,1278
00322700,WILLAMETTE UNIVERSITY                   ,OR,97301-3930,Private      ,2,2,4,3068,1491,4559
00487800,CLACKAMAS COMMUNITY COLLEGE             ,OR,97045-7998,Public       ,14,56,70,1889,2811,4700
00488200,OREGON HEALTH & SCIENCE UNIVERSITY      ,OR,97239-0000,Public       ,3,5,8,434,2557,2991
00488230,OREGON GRAD INST OF SCIENCE & TECH      ,OR,97006-0000,Public       ,0,0,0,6,29,35
00693800,LINN BENTON COMMUNITY COLLEGE           ,OR,97321-3774,Public       ,22,28,50,2425,3027,5452
00717800,WESTERN SEMINARY                        ,OR,97215-0000,Private      ,0,5,5,3,204,207
00723402,HEALD COLLEGE - PORTLAND                ,OR,97205-3432,Proprietary  ,5,24,29,48,147,195
00781900,ART INSTITUTE OF PORTLAND (THE)         ,OR,97209-2911,Proprietary  ,13,14,27,1378,1210,2588
00888700,CONCORDE CAREER INSTITUTE               ,OR,97232-2242,Proprietary  ,27,73,100,242,813,1055
00907900,EVEREST COLLEGE                         ,OR,97204-2296,Proprietary  ,79,302,381,777,3371,4148
00958100,SPRINGFIELD COLLEGE OF BEAUTY           ,OR,97477-5474,Proprietary  ,1,5,6,85,104,189
01012200,PHAGANS' MEDFORD BEAUTY SCHOOL          ,OR,97504-5297,Proprietary  ,0,8,8,46,125,171
01018200,ROGUE COMMUNITY COLLEGE                 ,OR,97527-0000,Public       ,8,33,41,1487,3267,4754
01050700,ACADEMY OF HAIR DESIGN                  ,OR,97301-3526,Proprietary  ,3,2,5,35,88,123
01185200,ITT TECHNICAL INSTITUTE                 ,OR,97220-0000,Proprietary  ,44,94,138,722,1262,1984
01230900,WESTERN STATES CHIROPRACTIC COLLEGE     ,OR,97230-3099,Private      ,1,1,2,23,474,497
01234700,PHAGANS CENTRAL OREGON BEAUTY CLG       ,OR,97701-5175,Proprietary  ,3,8,11,58,133,191
01234800,PHAGANS BEAUTY COLLEGE                  ,OR,97333-4716,Proprietary  ,3,2,5,59,67,126
01235000,PHAGANS SCHOOL OF HAIR DESIGN           ,OR,97267-4808,Proprietary  ,2,6,8,30,68,98
01235100,PHAGANS SCHOOL OF BEAUTY                ,OR,97301-4732,Proprietary  ,0,7,7,38,102,140
01300800,PHAGANS TIGARD BEAUTY SCHOOL            ,OR,97223-0000,Proprietary  ,4,9,13,32,44,76
02101000,NORTHWEST COLLEGE OF HAIR DESIGN        ,OR,97086-7702,Proprietary  ,9,5,14,66,123,189
02101002,NORTHWEST COLLEGE                       ,OR,97007-3954,Proprietary  ,0,0,0,14,26,40
02104900,COLLEGE OF LEGAL ARTS                   ,OR,97219-9998,Proprietary  ,3,15,18,23,172,195
02106100,COLLEGE OF COSMETOLOGY                  ,OR,97601-0000,Proprietary  ,1,5,6,42,64,106
02154400,BEAU MONDE CLG OF HAIR DESIGN           ,OR,97205-0000,Proprietary  ,9,11,20,109,179,288
02159700,EUGENE BIBLE COLLEGE                    ,OR,97405-0000,Private      ,0,1,1,126,114,240
02201900,PHAGANS' SCHOOL OF HAIR DESIGN          ,OR,97232-0000,Proprietary  ,2,10,12,86,182,268
02311000,PAUL MITCHELL THE SCHOOL                ,OR,97103-0000,Proprietary  ,0,1,1,19,34,53
02330100,PIONEER PACIFIC COLLEGE                 ,OR,97070-0000,Proprietary  ,20,72,92,323,1107,1430
02330102,PIONEER PACIFIC COLLEGE                 ,OR,97403-0000,Proprietary  ,5,42,47,149,604,753
02337900,COLLEGE OF HAIR DESIGN CAREERS          ,OR,97301-0000,Proprietary  ,4,2,6,56,64,120
02344100,ROSEBURG BEAUTY COLLEGE                 ,OR,97470-0000,Proprietary  ,1,0,1,30,65,95
02534000,NATIONAL COLLEGE OF NATURAL MEDICINE    ,OR,97201-0000,Private      ,0,1,1,9,555,564
02578800,NORTHWEST NANNIES INSTITUTE             ,OR,97035-0000,Proprietary  ,0,0,0,32,7,39
02603700,OREGON COL OF ORIENTAL MEDICINE         ,OR,97216-0000,Private      ,0,1,1,3,295,298
03007300,OREGON COLLEGE OF ART & CRAFT           ,OR,97225-6399,Private      ,0,1,1,108,198,306
03022600,WESTERN CULINARY INSTITUTE              ,OR,97205-2793,Proprietary  ,49,120,169,2060,3051,5111
03042500,APOLLO COLLEGE                          ,OR,97232-1302,Proprietary  ,37,133,170,442,1547,1989
03074400,PHAGANS NEWPORT ACAD CSMTLGY CAREER     ,OR,97365-4963,Proprietary  ,2,3,5,22,52,74
03074500,EAST-WEST COLLEGE OF THE HEALING ARTS   ,OR,97232-2765,Proprietary  ,1,13,14,76,329,405
03185300,PHAGANS GRANTS PASS COLLEGE OF BTY      ,OR,97527-3039,Proprietary  ,3,3,6,48,76,124
03428300,KLAMATH COMMUNITY COLLEGE               ,OR,97603-7121,Public       ,2,17,19,268,923,1191
03642300,VALLEY MEDICAL COLLEGE                  ,OR,97305-1373,Proprietary  ,0,4,4,25,146,171
03668300,BIRTHINGWAY COLLEGE OF MIDWIFERY        ,OR,97266-4042,Private      ,0,2,2,5,94,99
03783400,ABDILL CAREER COLLEGE                   ,OR,97504-7137,Proprietary  ,0,4,4,16,115,131
03932400,GUTENBERG COLLEGE                       ,OR,97403-1368,Private      ,0,0,0,27,18,45
00137400,ALBERTUS MAGNUS COLLEGE                 ,CT,06511-1189,Private      ,0,7,7,726,744,1470
00137403,ALBERTUS MAGNUS CLG-NEW DIMENSIONS      ,CT,06511-0000,Private      ,1,50,51,56,920,976
00137800,CENTRAL CONNECTICUT STATE UNIV          ,CT,06050-2490,Public       ,16,54,70,7527,3254,10781
00137900,CONNECTICUT COLLEGE                     ,CT,06320-4196,Private      ,1,1,2,2072,83,2155
00138000,WESTERN CONNECTICUT STATE UNIV          ,CT,06810-6826,Public       ,18,7,25,4173,1213,5386
00138500,FAIRFIELD UNIVERSITY                    ,CT,06430-0000,Private      ,3,15,18,5274,651,5925
00138700,HARTFORD SEMINARY                       ,CT,06105-0000,Private      ,0,0,0,11,19,30
00138900,HOLY APOSTLES COLLEGE & SEMINARY        ,CT,06416-2005,Private      ,0,1,1,6,47,53
00139200,MANCHESTER COMMUNITY COLLEGE            ,CT,06045-1046,Public       ,14,27,41,2199,2045,4244
00139300,MITCHELL COLLEGE                        ,CT,06320-4498,Private      ,2,1,3,776,174,950
00139700,UNIVERSITY OF NEW HAVEN                 ,CT,06516-1999,Private      ,6,19,25,3536,1480,5016
00139800,NORTHWESTERN CT COMMUNITY COLLEGE       ,CT,06098-1747,Public       ,2,2,4,394,425,819
00139900,NORWALK COMMUNITY TECHNICAL COLLEGE     ,CT,06854-1655,Public       ,5,4,9,1207,1545,2752
00140100,POST UNIVERSITY                         ,CT,06723-3240,Proprietary  ,8,30,38,1056,944,2000
00140200,QUINNIPIAC UNIVERSITY                   ,CT,06518-1908,Private      ,4,4,8,8976,1260,10236
00140201,QUINNIPIAC UNIVERSITY SCHOOL OF LAW     ,CT,06518-0000,Private      ,0,1,1,130,1063,1193
00140300,SACRED HEART UNIVERSITY                 ,CT,06825-1000,Private      ,7,26,33,5685,1210,6895
00140600,SOUTHERN CONNECTICUT STATE UNIV         ,CT,06515-1355,Public       ,22,37,59,7603,4139,11742
00140900,SAINT JOSEPH COLLEGE                    ,CT,06117-2791,Private      ,1,21,22,932,922,1854
00141400,TRINITY COLLEGE                         ,CT,06106-3100,Private      ,0,1,1,2460,232,2692
00141600,UNIVERSITY OF BRIDGEPORT                ,CT,06601-5650,Private      ,4,24,28,1877,1930,3807
00141700,UNIVERSITY OF CONNECTICUT-STORRS        ,CT,06269-2151,Public       ,23,65,88,21152,4648,25800
00141702,UNIV CONN STAMFORD                      ,CT,06901-0000,Public       ,1,2,3,384,206,590
00141703,UNIV OF CONNECTICUT - TORINGTON         ,CT,06790-0000,Public       ,1,1,2,185,59,244
00141706,UNIV OF CONNECTICUT SCH LAW             ,CT,06105-0000,Public       ,0,1,1,27,1085,1112
00141707,UNIV OF CT - SCH OF SOCIAL WORK         ,CT,06117-0000,Public       ,1,7,8,74,477,551
00141708,UNIVERSITY OF CONNECTICUT - SCHOOL OF ME,CT,06030-1920,Public       ,0,2,2,10,414,424
00141709,UNIVERSITY OF CONNECTICUT - SCHOOL OF DE,CT,06030-1920,Public       ,0,1,1,2,199,201
00142200,UNIVERSITY OF HARTFORD                  ,CT,06117-1599,Private      ,9,11,20,8438,1429,9867
00142400,WESLEYAN UNIVERSITY                     ,CT,06459-3208,Private      ,0,2,2,3420,126,3546
00142500,EASTERN CONNECTICUT STATE UNIV          ,CT,06226-2295,Public       ,5,6,11,4540,1050,5590
00142600,YALE UNIVERSITY                         ,CT,06520-8288,Private      ,4,15,19,10116,5756,15872
00142601,YALE UNIV PHYSICIANS ASSOC PROG         ,CT,06510-0000,Private      ,0,0,0,2,66,68
00142602,YALE UNIV EPIDEMIOLOGY & PUB HLTH       ,CT,06510-0000,Private      ,0,0,0,4,193,197
00142603,YALE UNIV SCHOOL MEDICINE               ,CT,06510-0000,Private      ,0,1,1,21,670,691
00280301,RENSSELAER POLYTECHNIC INSTITUTE-RENSSEL,CT,06120-2991,Private      ,0,1,1,2,61,63
00280303,RENSSELAER POLYTECHNIC INSTITUTE - RENSS,CT,06340-6097,Private      ,0,0,0,3,0,3
00280400,RENSSELAER HARTFORD GRADUATE CENTER     ,CT,06120-0000,Private      ,0,0,0,0,26,26
00451300,HOUSATONIC COMMUNITY COLLEGE            ,CT,06604-4704,Public       ,5,15,20,1495,2542,4037
00618100,BRIDGEPORT HOSP SCHL OF NURSING         ,CT,06610-2896,Private      ,0,2,2,72,265,337
00619100,ST. VINCENT'S COLLEGE                   ,CT,06606-9966,Private      ,1,0,1,184,498,682
00698200,NAUGATUCK VALLEY COMM-TECH COLG         ,CT,06708-3089,Public       ,10,13,23,1633,1852,3485
00730000,ELI WHITNEY TECHNICAL HIGH SCHOOL       ,CT,06514-0000,Public       ,0,0,0,21,102,123
00730300,LINCOLN TECHNICAL INSTITUTE             ,CT,06051-0000,Proprietary  ,25,83,108,722,1787,2509
00730500,PORTER AND CHESTER INSTITUTE OF BRANFORD,CT,06405-4022,Proprietary  ,8,17,25,165,206,371
00731100,WINDHAM TECHNICAL HIGH SCHOOL           ,CT,06226-2100,Public       ,0,0,0,6,30,36
00745900,PAIER COLLEGE OF ART                    ,CT,06514-3902,Proprietary  ,0,0,0,163,78,241
00763500,CAPITAL COMMUNITY COLLEGE               ,CT,06103-1207,Public       ,3,13,16,1210,2622,3832
00803700,GATEWAY COMMUNITY-TECHNICAL COLLEGE     ,CT,06511-0000,Public       ,6,14,20,1697,2764,4461
00803800,MIDDLESEX COMMUNITY CLG                 ,CT,06457-4889,Public       ,2,14,16,670,993,1663
00887200,RENASCI ACADEMY OF HAIR                 ,CT,06460-4160,Proprietary  ,0,4,4,11,33,44
00887300,PAUL MITCHELL THE SCHOOL                ,CT,06810-6716,Proprietary  ,0,3,3,42,64,106
00887400,BRIO ACADEMY OF COSMETOLOGY             ,CT,06450-4836,Proprietary  ,14,28,42,172,315,487
00906500,THE HARTFORD CONSERVATORY               ,CT,06105-2891,Private      ,0,0,0,55,17,72
00927700,E C GOODWIN TECHNICAL HIGH SCHOOL       ,CT,06053-0000,Public       ,1,1,2,15,48,63
00929100,J M WRIGHT TECHNICAL HIGH SCHOOL        ,CT,06904-0000,Public       ,0,0,0,6,38,44
00940700,BRIARWOOD COLLEGE                       ,CT,06489-1057,Proprietary  ,3,5,8,525,364,889
00976400,TUNXIS COMMUNITY COLLEGE                ,CT,06032-3187,Public       ,12,26,38,1014,1237,2251
00976500,THREE RIVERS COMMUNITY TECH COLLEGE     ,CT,06360-0000,Public       ,6,21,27,1043,1693,2736
00982200,ALBERT I PRINCE TECHNICAL HIGH SCHOOL   ,CT,06106-3799,Public       ,0,1,1,13,72,85
01041700,BRIO ACADEMY OF EAST HARTFORD           ,CT,06108-2220,Proprietary  ,10,18,28,84,175,259
01053000,QUINEBAUG VALLEY COMMUNITY COLLEGE      ,CT,06239-1440,Public       ,2,6,8,538,854,1392
01077900,PORTER AND CHESTER INSTITUTE-ALLCAMPUSES,CT,06615-7158,Proprietary  ,40,86,126,947,1606,2553
01077904,PORTER & CHESTER INSTITUTE              ,CT,06109-0000,Proprietary  ,0,0,0,0,1,1
01115000,ASNUNTUCK COMMUNITY COLLEGE             ,CT,06082-3800,Public       ,1,7,8,310,397,707
01149600,BULLARD HAVENS VOC TECH SCHOOL          ,CT,06610-3499,Public       ,0,0,0,6,54,60
01169700,VINAL REGIONAL VOC TECH SCHOOL          ,CT,06457-4918,Public       ,0,1,1,6,52,58
01184300,NORWICH TECHNICAL HIGH SCHOOL           ,CT,06360-7097,Public       ,0,0,0,10,51,61
01218500,H C WILCOX TECHNICAL HIGH SCHOOL        ,CT,06450-0000,Public       ,0,0,0,4,5,9
01242500,STONE ACADEMY                           ,CT,06514-4125,Proprietary  ,16,106,122,166,1420,1586
01242503,STONE ACADEMY -WATERBURY                ,CT,06705-3823,Proprietary  ,0,0,0,6,20,26
01287700,GIBBS COLLEGE                           ,CT,06855-1436,Proprietary  ,17,31,48,629,800,1429
01291300,LEON INSTITUTE OF HAIR DESIGN           ,CT,06604-4226,Proprietary  ,1,6,7,14,62,76
01326400,HENRY ABBOTT TECHNICAL HIGH SCHOOL      ,CT,06811-4881,Public       ,0,0,0,11,35,46
02058900,HARVARD H ELLIS TECHNICAL HIGH SCHOOL   ,CT,06239-0000,Public       ,0,0,0,18,14,32
02074000,BRANFORD HALL CAREER INSTITUTE          ,CT,06405-0000,Proprietary  ,102,465,567,968,3789,4757
02106600,FOX INSTITUTE OF BUSINESS               ,CT,06110-0000,Proprietary  ,9,31,40,122,451,573
02112300,RIDLEY LOWELL BUSINESS & TECH INST      ,CT,06320-0000,Proprietary  ,13,58,71,71,482,553
02112700,NORTH HAVEN ACADEMY                     ,CT,06473-3108,Proprietary  ,2,2,4,108,68,176
02115100,BUTLER BUSINESS SCHOOL                  ,CT,06604-0000,Proprietary  ,9,27,36,51,294,345
02148700,CONNECTICUT INST OF HAIR DESIGN         ,CT,06716-0000,Proprietary  ,0,1,1,18,20,38
02202500,NEW ENGLAND TRACTOR TRAILER SCH         ,CT,06071-2036,Proprietary  ,12,135,147,79,1006,1085
02213000,ELLA T GRASSO SOUTHEASTERN TECHNICAL HIG,CT,06340-0000,Public       ,0,0,0,4,9,13
02228800,BARAN INSTITUTE OF TECHNOLOGY           ,CT,06088-9631,Proprietary  ,17,13,30,852,401,1253
02244900,GOODWIN COLLEGE                         ,CT,06118-9980,Private      ,16,98,114,361,1899,2260
02245300,HOWELL CHENEY TECHNICAL HIGH SCHOOL     ,CT,06040-0000,Public       ,0,1,1,4,38,42
02265900,WINDHAM COMMUNITY MEM HOSP-RAD TECH     ,CT,06226-0000,Private      ,0,0,0,11,26,37
02296100,YALE-NEW HAVEN HOSP DIETETIC INTERN     ,CT,06510-8900,Private      ,0,0,0,9,12,21
02300000,W F KAYNOR TECHNICAL HIGH SCHOOL        ,CT,06708-0000,Public       ,0,0,0,6,47,53
02316600,CONNECTICUT CTR FOR MASSAGE THERAPY     ,CT,06111-3975,Proprietary  ,3,13,16,64,278,342
02316601,CONNECTICUT CENTER FOR MASSAGE THERAPY -,CT,06880-4619,Proprietary  ,0,8,8,31,144,175
02316603,CONNECTICUT CENTER FOR MASSAGE THERAPY -,CT,06340-4619,Proprietary  ,0,5,5,25,138,163
02562400,EMMETT O BRIEN REG VOC TECH SCHOOL      ,CT,06401-2500,Public       ,0,0,0,0,4,4
02565000,PLATT TECHNICAL HIGH SCHOOL             ,CT,06460-2105,Public       ,0,0,0,11,18,29
03079400,LYME ACADEMY COLLEGE OF FINE ARTS       ,CT,06371-2333,Private      ,0,1,1,86,44,130
03094800,INDUSTRIAL MANAGEMENT & TRAINING        ,CT,06706-1211,Proprietary  ,0,1,1,49,150,199
03231400,OLIVER WOLCOTT TECHNICAL HIGH SCHOOL    ,CT,06790-3859,Public       ,0,0,0,2,7,9
03234300,CHARTER OAK STATE COLLEGE               ,CT,06053-2150,Public       ,0,10,10,42,746,788
03316300,LINCOLN TECHNICAL INSTITUTE - HARTFORD  ,CT,06105-3630,Proprietary  ,20,24,44,396,346,742
03381300,CONNECTICUT TRAINING CENTER             ,CT,06108-2705,Private      ,10,51,61,73,345,418
03927300,ALBERT SCHOOL (THE)                     ,CT,06357-2447,Proprietary  ,2,4,6,40,69,109
04053300,CLEMENS COLLEGE                         ,CT,06078-0000,Proprietary  ,1,0,1,8,5,13
04104300,ACADEMY DI CAPELLI - SCHOOL OF COSMETOLO,CT,06492-0000,Proprietary  ,1,5,6,2,6,8
00146600,BARRY UNIVERSITY                        ,FL,33161-6695,Private      ,25,82,107,3919,7299,11218
00146601,BARRY UNIVERSITY SCHOOL OF LAW          ,FL,32807-0000,Private      ,1,4,5,50,1046,1096
00146700,BETHUNE COOKMAN UNIVERSITY              ,FL,32114-3099,Private      ,50,25,75,5502,1085,6587
00146800,ST THOMAS UNIVERSITY                    ,FL,33054-0000,Private      ,16,69,85,1171,2640,3811
00146900,FLORIDA INSTITUTE OF TECHNOLOGY         ,FL,32901-6988,Private      ,8,30,38,3145,1105,4250
00147000,BREVARD COMMUNITY COLLEGE               ,FL,32922-6503,Public       ,76,217,293,3102,4795,7897
00147100,CENTRAL FLORIDA COMMUNITY COLLEGE       ,FL,34478-1388,Public       ,60,117,177,2609,3486,6095
00147200,CHIPOLA  COLLEGE                        ,FL,32446-2053,Public       ,9,19,28,682,794,1476
00147300,CLEARWATER CHRISTIAN COLLEGE            ,FL,33759-0000,Private      ,1,2,3,709,100,809
00147500,DAYTONA STATE COLLEGE                   ,FL,32114-2800,Public       ,108,208,316,4060,6268,10328
00147700,EDISON COLLEGE                          ,FL,33906-6210,Public       ,75,123,198,3130,3679,6809
00147800,EDWARD WATERS COLLEGE                   ,FL,32209-6199,Private      ,13,8,21,979,698,1677
00147900,EMBRY-RIDDLE AERONAUTICAL UNIV          ,FL,32114-3900,Private      ,75,151,226,6639,4652,11291
00148000,FLORIDA A & M UNIVERSITY                ,FL,32307-3100,Public       ,159,51,210,12972,5837,18809
00148100,FLORIDA ATLANTIC UNIVERSITY             ,FL,33431-6498,Public       ,170,234,404,11356,9094,20450
00148101,FLORIDA ATLANTIC UNIVERSITY/DAVIE       ,FL,33314-0000,Public       ,8,56,64,809,2167,2976
00148103,FLORIDA ATLANTIC UNIV-JUPITER/PSL       ,FL,33458-0000,Public       ,6,22,28,456,551,1007
00148200,FLORIDA COLLEGE                         ,FL,33617-5578,Private      ,5,0,5,419,41,460
00148400,FLORIDA STATE COLLEGE AT JACKSONVILLE   ,FL,32202-4030,Public       ,165,449,614,7460,14697,22157
00148500,FLORIDA KEYS COMMUNITY COLLEGE          ,FL,33040-4397,Public       ,12,20,32,229,450,679
00148600,FLORIDA MEMORIAL UNIVERSITY             ,FL,33054-6199,Private      ,29,38,67,1842,1354,3196
00148700,ECKERD COLLEGE                          ,FL,33711-4744,Private      ,2,25,27,2222,728,2950
00148800,FLORIDA SOUTHERN COLLEGE                ,FL,33801-5698,Private      ,9,41,50,2142,712,2854
00148900,FLORIDA STATE UNIVERSITY                ,FL,32306-2430,Public       ,669,220,889,28267,13221,41488
00149000,GULF COAST COMMUNITY COLLEGE            ,FL,32401-1058,Public       ,30,80,110,1527,2766,4293
00149300,INDIAN RIVER STATE COLLEGE              ,FL,34981-5596,Public       ,84,226,310,3035,4120,7155
00149500,JACKSONVILLE UNIVERSITY                 ,FL,32211-3394,Private      ,32,112,144,2931,2430,5361
00149700,JONES COLLEGE                           ,FL,32211-5588,Private      ,4,43,47,95,902,997
00149900,EVEREST UNIVERSITY                      ,FL,32810-5601,Proprietary  ,241,985,1226,2142,11699,13841
00150000,BROWARD COLLEGE- DOWNTOWN CTR           ,FL,33301-2208,Public       ,73,185,258,3964,6052,10016
00150001,BROWARD COLLEGE - DAVIE CAMPUS          ,FL,33314-0000,Public       ,110,187,297,3189,3470,6659
00150002,BROWARD COLLEGE- NORTH CAMPUS           ,FL,33066-0000,Public       ,35,51,86,1921,2425,4346
00150003,BROWARD COLLEGE- SOUTH CAMPUS           ,FL,33024-0000,Public       ,35,58,93,2296,2666,4962
00150100,LAKE CITY COMMUNITY COLLEGE             ,FL,32025-2007,Public       ,24,71,95,784,1600,2384
00150200,LAKE SUMTER COMMUNITY COLLEGE           ,FL,34788-8751,Public       ,22,39,61,1106,1480,2586
00150400,MANATEE COMMUNITY COLLEGE               ,FL,34207-3596,Public       ,78,196,274,2738,4207,6945
00150500,LYNN UNIVERSITY                         ,FL,33431-5598,Private      ,8,19,27,1421,701,2122
00150600,MIAMI DADE COLLEGE ADMINISTRATION ONLY  ,FL,33176-3393,Public       ,13,24,37,1243,1453,2696
00150601,MIAMI DADE COLLEGE - NORTH CAMPUS       ,FL,33167-3495,Public       ,306,415,721,8770,12055,20825
00150602,MIAMI DADE COLLEGE - KENDALL CAMPUS     ,FL,33176-3393,Public       ,310,270,580,9593,8035,17628
00150603,MIAMI DADE COLLEGE - WOLFSON CAMPUS     ,FL,33132-2297,Public       ,209,204,413,4982,5640,10622
00150604,MIAMI DADE COLLEGE - MEDICAL CAMPUS     ,FL,33127-4693,Public       ,19,71,90,954,2547,3501
00150605,MIAMI DADE COLLEGE - HOMESTEAD CAMPUS   ,FL,33030-6009,Public       ,77,85,162,1087,1615,2702
00150606,MIAMI DADE COLLEGE -INTERAMERICAN CAMPUS,FL,33135-0000,Public       ,107,176,283,2267,4607,6874
00150800,NORTH FLORIDA COMMUNITY COLLEGE         ,FL,32340-1699,Public       ,6,22,28,424,666,1090
00150900,NOVA SOUTHEASTERN UNIVERSITY            ,FL,33314-7796,Private      ,42,887,929,3503,27515,31018
00151000,NORTHWEST FLORIDA STATE COLLEGE         ,FL,32578-1295,Public       ,31,90,121,1332,2679,4011
00151200,PALM BEACH COMMUNITY COLLEGE            ,FL,33461-4796,Public       ,229,281,510,6291,6731,13022
00151300,PENSACOLA JR COLLEGE                    ,FL,32504-8998,Public       ,77,222,299,3066,5136,8202
00151400,POLK COMMUNITY COLLEGE                  ,FL,33881-4299,Public       ,25,72,97,1824,2882,4706
00151500,ROLLINS COLLEGE                         ,FL,32789-4499,Private      ,7,20,27,1912,1264,3176
00151900,SANTA FE COLLEGE                        ,FL,32606-6200,Public       ,91,126,217,5597,4974,10571
00152000,SEMINOLE COMMUNITY COLLEGE              ,FL,32773-6199,Public       ,90,213,303,3644,5790,9434
00152100,SOUTHEASTERN UNIVERSITY                 ,FL,33801-6099,Private      ,15,42,57,2493,972,3465
00152200,SOUTH FLORIDA COMMUNITY COLLEGE         ,FL,33825-9399,Public       ,21,38,59,845,1111,1956
00152201,SOUTH FLORIDA COMMUNITY COLLEGE - LAKE P,FL,33852-9605,Public       ,0,0,0,15,31,46
00152300,ST JOHNS RIVER COMMUNITY COLLEGE        ,FL,32177-3897,Public       ,20,89,109,1346,2432,3778
00152600,SAINT LEO UNIVERSITY                    ,FL,33574-6665,Private      ,31,427,458,2557,12023,14580
00152800,ST. PETERSBURG COLLEGE                  ,FL,33760-3768,Public       ,141,507,648,5213,11951,17164
00153100,STETSON UNIVERSITY                      ,FL,32723-3761,Private      ,9,18,27,2344,656,3000
00153101,STETSON UNIVERSITY - COLLEGE OF LAW     ,FL,33707-3299,Private      ,0,3,3,24,1639,1663
00153300,TALLAHASSEE COMMUNITY COLLEGE           ,FL,32304-2895,Public       ,123,165,288,6516,5765,12281
00153400,EVEREST UNIVERSITY                      ,FL,33614-5801,Proprietary  ,138,1609,1747,1590,14717,16307
00153500,UNIVERSITY OF FLORIDA                   ,FL,32611-3150,Public       ,579,221,800,26144,15008,41152
00153600,UNIVERSITY OF MIAMI                     ,FL,33146-6531,Private      ,47,63,110,12818,4418,17236
00153601,UNIV OF MIAMI SCHOOL OF LAW             ,FL,33124-0000,Private      ,1,4,5,70,1918,1988
00153602,UNIV OF MIAMI-SCH OF MEDICINE           ,FL,33136-0000,Private      ,6,5,11,531,1043,1574
00153700,UNIVERSITY OF SOUTH FLORIDA             ,FL,33620-6960,Public       ,464,307,771,23452,15756,39208
00153701,UNIV OF SOUTH FLORIDA-ST PETERSBURG     ,FL,33701-0000,Public       ,9,21,30,498,665,1163
00153702,UNIV OF SOUTH FLORIDA-SARASOTA          ,FL,34243-0000,Public       ,3,6,9,194,489,683
00153705,UNIV OF SOUTH FLORIDA                   ,FL,33803-0000,Public       ,12,9,21,510,389,899
00153706,UNIV OF SOUTH FLORIDA- MEDICINE         ,FL,33612-0000,Public       ,20,5,25,641,853,1494
00153800,UNIVERSITY OF TAMPA                     ,FL,33606-1490,Private      ,29,41,70,5495,1624,7119
00154000,WEBBER INTERNATIONAL UNIVERSITY         ,FL,33827-0096,Private      ,5,1,6,602,204,806
00173308,NATIONAL-LOUIS UNIVERSITY               ,FL,33609-0000,Private      ,0,9,9,6,122,128
00177201,TRINITY INTERNATIONAL UNIVERSITY - SOUTH,FL,33324-4611,Private      ,1,8,9,31,375,406
00395400,UNIV OF CENTRAL FLORIDA                 ,FL,32816-0001,Public       ,684,251,935,31146,14781,45927
00395500,UNIVERSITY OF WEST FLORIDA              ,FL,32514-5750,Public       ,45,112,157,4317,4323,8640
00407215,NORTHWOOD UNIVERSITY                    ,FL,33409-0000,Private      ,5,6,11,528,290,818
00558500,LIVELY TECHNICAL CENTER                 ,FL,32304-0000,Public       ,6,21,27,240,837,1077
00558501,LIVELY TECHNICAL CENTER - AVIATION SCHOO,FL,32304-8723,Public       ,0,0,0,9,14,23
00558600,LINDSEY HOPKINS TECHNICAL ED CENTER     ,FL,33127-4692,Public       ,5,22,27,162,695,857
00559400,D G ERWIN TECHNICAL CENTER              ,FL,33610-8255,Public       ,19,57,76,302,1225,1527
00560500,PINELLAS TECH ED CTR-CLEARWATER         ,FL,33760-2194,Public       ,6,23,29,167,593,760
00560700,SARASOTA COUNTY TECHNICAL INSTITUTE     ,FL,34233-0000,Public       ,2,9,11,87,305,392
00560800,TRAVISS TECHNICAL CENTER                ,FL,33803-0000,Public       ,2,8,10,159,559,718
00561200,MANATEE TECHNICAL INSTITUTE             ,FL,34210-0000,Public       ,2,11,13,136,527,663
00561201,MANATEE TECHNICAL INSTITUTE-EAST        ,FL,34211-0000,Public       ,0,2,2,28,179,207
00675000,VALENCIA COMMUNITY COLLEGE              ,FL,32802-3028,Public       ,366,388,754,13880,12096,25976
00752500,SUWANNEE-HAMILTON AREA VOC TECH CTR     ,FL,32060-0000,Public       ,3,1,4,47,174,221
00752600,WASHINGTON HOLMES TECHNICAL CENTER      ,FL,32428-1699,Public       ,6,9,15,108,344,452
00755800,LEE COUNTY HIGH TECH CENTER CENTRAL     ,FL,33916-2299,Public       ,2,9,11,145,277,422
00758600,REMINGTON COLLEGE - TAMPA CAMPUS        ,FL,33612-8410,Proprietary  ,8,49,57,365,1216,1581
00758604,REMINGTON COLLEGE-LARGO CAMPUS          ,FL,33771-0000,Proprietary  ,0,2,2,9,39,48
00758605,REMINGTON COLLEGE-JACKSONVILLE CAMPUS   ,FL,32256-6932,Proprietary  ,2,1,3,12,39,51
00787000,HILLSBOROUGH COMMUNITY COLLEGE          ,FL,33606-3572,Public       ,128,290,418,7152,9668,16820
00789300,FLAGLER COLLEGE                         ,FL,32085-1027,Private      ,5,8,13,2325,556,2881
00807500,ST JOHN VIANNEY COLLEGE SEMINARY        ,FL,33165-3244,Private      ,0,0,0,14,5,19
00814600,EVEREST UNIVERSITY - POMPANO BEACH      ,FL,33062-2522,Proprietary  ,48,290,338,734,4077,4811
00822300,ST VINCENT DE PAUL REGIONL SEMINARY     ,FL,33436-0000,Private      ,0,0,0,0,8,8
00841700,STENOTYPE INST OF JACKSONVILLE          ,FL,32207-0000,Proprietary  ,5,24,29,95,522,617
00850100,RASMUSSEN COLLEGE                       ,FL,34471-7051,Proprietary  ,11,44,55,181,760,941
00850103,RASMUSSEN COLLEGE-HOLIDAY               ,FL,34690-0000,Proprietary  ,6,25,31,103,588,691
00884800,WARNER SOUTHERN COLLEGE                 ,FL,33859-8725,Private      ,3,55,58,493,750,1243
00884900,PALM BEACH ATLANTIC UNIVERSITY          ,FL,33401-6505,Private      ,19,28,47,2194,1883,4077
00887800,MIAMI INTERNATIONAL UNIV ART&DESIGN     ,FL,33132-1418,Proprietary  ,32,36,68,2035,1487,3522
00910400,RIVERSIDE HAIRSTYLING ACADEMY           ,FL,32207-3810,Proprietary  ,3,8,11,28,98,126
00963500,FLORIDA INTERNATIONAL UNIVERSITY        ,FL,33199-0001,Public       ,566,282,848,21878,16925,38803
00984100,UNIVERSITY OF NORTH FLORIDA             ,FL,32224-2645,Public       ,199,119,318,8437,5783,14220
00990200,SHERIDAN TECHNICAL CENTER               ,FL,33021-3399,Public       ,15,51,66,320,1078,1398
01016100,"LORAINE'S ACADEMY, INC                  ",FL,33710-0000,Proprietary  ,1,25,26,53,224,277
01019500,ART INSTITUTE OF FT LAUDERDALE          ,FL,33316-3000,Proprietary  ,39,39,78,2180,1877,4057
01065200,PASCO-HERNANDO COMMUNITY CLG            ,FL,34654-5199,Public       ,67,142,209,2184,3937,6121
01072401,CARLOS ALBIZU UNIVERSITY                ,FL,33172-0000,Private      ,6,59,65,119,1223,1342
01082600,TOM P. HANEY TECHNICAL CENTER           ,FL,32405-5099,Public       ,4,5,9,91,426,517
01112700,GOODING INST OF NUR ANES BAY MED CT     ,FL,32401-0000,Public       ,0,0,0,1,43,44
01226300,ATLANTIC TECHNICAL CENTER               ,FL,33063-3902,Public       ,10,25,35,277,714,991
01254400,FIRST COAST TECHNICAL COLLEGE           ,FL,32084-1921,Public       ,6,14,20,157,518,675
01254401,FIRST COAST TECHNICAL INSTITUTE - PUTNAM,FL,32077-6830,Public       ,0,0,0,6,16,22
01257400,RINGLING SCHOOL OF ART AND DESIGN       ,FL,34234-5895,Private      ,3,1,4,1151,283,1434
01303904,SOUTH UNIVERSITY                        ,FL,33409-5149,Proprietary  ,16,60,76,256,1007,1263
01323400,LORENZO WALKER INST OF TECHNOLOGY       ,FL,34104-4405,Public       ,6,5,11,123,286,409
02052002,FLORIDA EDUCATION CENTER - LAUDERHILL   ,FL,33313-5857,Proprietary  ,19,64,83,137,567,704
02089600,CONCORDE CAREER INSTITUTE               ,FL,32211-0000,Proprietary  ,7,39,46,188,960,1148
02089709,HERZING COLLEGE                         ,FL,32792-5509,Proprietary  ,0,3,3,21,56,77
02113606,AMERICAN INTERCONTINENTAL UNIV          ,FL,33324-0000,Proprietary  ,1,8,9,60,178,238
02113609,AMERICAN INTERCONTINENTAL UNIV - WESTON ,FL,33326-3233,Proprietary  ,5,20,25,852,1370,2222
02115300,PINELLAS TECHNICAL EDUCATION CENTERS - S,FL,33711-0000,Public       ,1,34,35,121,591,712
02116006,SANFORD-BROWN INSTITUTE - FT. LAUDERDALE,FL,33309-1906,Proprietary  ,48,95,143,327,1122,1449
02121800,EVEREST INSTITUTE                       ,FL,33169-4759,Proprietary  ,115,344,459,818,2200,3018
02148200,FASHION FOCUS HAIR ACADEMY              ,FL,34231-0000,Proprietary  ,1,2,3,12,35,47
02148300,MANHATTAN BEAUTY SCHOOL                 ,FL,33611-0000,Proprietary  ,22,144,166,173,865,1038
02149900,PAUL MITCHELL THE SCHOOL-JACKSONVILLE   ,FL,32205-0000,Proprietary  ,3,6,9,14,70,84
02151900,KEISER  UNIVERSITY                      ,FL,33309-0000,Proprietary  ,226,811,1037,3629,11971,15600
02156300,MARGATE SCHOOL OF BEAUTY                ,FL,33063-0000,Proprietary  ,0,0,0,1,6,7
02156700,FLORIDA CHRISTIAN COLLEGE               ,FL,34744-0000,Private      ,1,2,3,176,155,331
02159600,BAPTIST COLLEGE OF FLORIDA (THE)        ,FL,32440-0000,Private      ,2,5,7,248,307,555
02172700,CONCORDE CAREER INSTITUTE               ,FL,33607-0000,Proprietary  ,19,59,78,217,847,1064
02188900,HOBE SOUND BIBLE COLLEGE                ,FL,33475-0000,Private      ,2,2,4,70,27,97
02200100,BRADENTON BEAUTY & BARBER ACADEMY       ,FL,34209-0000,Proprietary  ,8,42,50,40,191,231
02215900,ATI CAREER TRAINING CENTER              ,FL,33309-1785,Proprietary  ,14,40,54,217,577,794
02218700,FLORIDA TECHNICAL COLLEGE               ,FL,32826-2707,Proprietary  ,47,147,194,555,1342,1897
02228300,LAKE TECHNICAL CENTER                   ,FL,32726-0000,Public       ,0,11,11,107,378,485
02245500,CENTRAL FLORIDA COLLEGE                 ,FL,32789-4679,Proprietary  ,15,103,118,247,978,1225
02245502,CFC-CAREER TRAINING INSTITUTE - ORLANDO ,FL,32804-0000,Proprietary  ,3,18,21,47,110,157
02245504,CENTRAL FLORIDA  COLLEGE -  LARGO       ,FL,33771-4957,Proprietary  ,2,3,5,67,113,180
02257900,INTERNATIONAL ACADEMY                   ,FL,32119-3541,Proprietary  ,8,40,48,139,325,464
02275100,CONCORDE CAREER INSTITUTE               ,FL,33025-0000,Proprietary  ,23,56,79,151,615,766
02278800,SOUTHWEST FLORIDA COLLEGE               ,FL,33907-0000,Proprietary  ,48,95,143,533,1362,1895
02278801,SOUTHWEST FLORIDA COLLEGE - TAMPA       ,FL,33619-1344,Proprietary  ,29,49,78,316,661,977
02279600,CORTIVA INSTITUTE - FLORIDA             ,FL,33781-0000,Proprietary  ,0,2,2,29,137,166
02280800,NEW ENGLAND INST TECH-PALM BEACH        ,FL,33407-0000,Proprietary  ,40,55,95,729,1206,1935
02283800,BEAUTY SCHOOLS OF AMERICA               ,FL,33012-3322,Proprietary  ,45,239,284,264,1342,1606
02286500,ITT TECHNICAL INSTITUTE                 ,FL,33634-7515,Proprietary  ,122,155,277,1390,2276,3666
02287100,LA BELLE BEAUTY SCHOOL                  ,FL,33012-0000,Proprietary  ,12,54,66,43,359,402
02293200,ATI CAREER TRAINING CENTER              ,FL,33309-5916,Proprietary  ,43,94,137,402,932,1334
02293201,ATI CAREER TRAINING CENTER - MIAMI      ,FL,33122-1707,Proprietary  ,0,1,1,8,10,18
02293202,ATI CAREER TAINING CENTER - ATI COLLEGE ,FL,87109-2016,Proprietary  ,18,87,105,185,1047,1232
02293600,ADVANCED TECHNICAL CENTERS              ,FL,33266-1597,Private      ,0,0,0,7,22,29
02297000,CHARLOTTE TECHNICAL CENTER              ,FL,33948-0000,Public       ,2,6,8,72,234,306
02300900,WITHLACOOCHEE TECHNICAL INSTITUTE       ,FL,34450-0000,Public       ,0,3,3,103,305,408
02305700,GULF COAST COLLEGE                      ,FL,33619-0000,Proprietary  ,2,17,19,65,239,304
02305800,FLORIDA CAREER COLLEGE                  ,FL,33012-7028,Proprietary  ,387,590,977,2481,4251,6732
02307400,GEORGE STONE AREA VOCATIONAL TECHNICAL  ,FL,32526-0000,Public       ,4,22,26,102,407,509
02314100,SCHILLER INTERNATIONAL UNIVERSITY       ,FL,33770-3716,Proprietary  ,0,3,3,74,118,192
02316200,MIAMI LAKES TECHNICAL EDUCATION CTR     ,FL,33014-0000,Public       ,20,36,56,248,682,930
02321200,ORANGE TECH EDUC CTR- WESTSIDE TECH     ,FL,34787-0000,Public       ,2,6,8,129,259,388
02325100,KEY COLLEGE                             ,FL,33004-3046,Proprietary  ,0,3,3,20,104,124
02326800,RESORT & SPA SCHOOLS INTERNATIONAL      ,FL,34233-0000,Proprietary  ,8,30,38,47,130,177
02326900,SUNSTATE ACADEMY OF HAIR DESIGN         ,FL,33907-1415,Proprietary  ,4,26,30,96,194,290
02329900,FLORIDA INSTITUTE OF ULTRASOUND         ,FL,32514-0000,Proprietary  ,0,6,6,44,114,158
02337000,SUNCOAST II THE TAMPA BAY SCHOOL OF MASS,FL,33607-3802,Proprietary  ,1,11,12,7,73,80
02338400,FT PIERCE BEAUTY ACADEMY                ,FL,34982-0000,Proprietary  ,22,68,90,97,343,440
02341001,FORTIS COLLEGE - DBA FORTIS INSTITUTE   ,FL,32504-7322,Proprietary  ,0,3,3,13,49,62
02346200,WYOTECH                                 ,FL,32174-1010,Proprietary  ,12,13,25,233,451,684
02362100,FULL SAIL UNIVERSITY                    ,FL,32792-0000,Proprietary  ,122,68,190,7107,3613,10720
02499000,ACADEMY OF COSMETOLOGY                  ,FL,32953-3311,Proprietary  ,4,19,23,32,107,139
02501500,"O*TEC, MID-FLORIDA TECH                 ",FL,32809-0000,Public       ,6,10,16,240,389,629
02502702,ADVANCED CAREER TRAINING-JACKSONVIL     ,FL,32256-0000,Proprietary  ,1,5,6,111,634,745
02504600,WINTER PARK TECH                        ,FL,32789-0000,Public       ,8,19,27,92,355,447
02508900,TALMUDIC COLLEGE OF FLORIDA             ,FL,33139-0000,Private      ,1,2,3,21,9,30
02511700,RIDGE TECHNICAL CENTER                  ,FL,33881-0000,Public       ,2,8,10,93,378,471
02513200,ORLANDO TECHNICAL CENTER                ,FL,32801-0000,Public       ,10,24,34,183,573,756
02515400,CITY COLLEGE                            ,FL,33309-3073,Private      ,34,94,128,313,1277,1590
02517100,SARASOTA SCHOOL OF MASSAGE THERAPY      ,FL,34243-6130,Proprietary  ,2,2,4,38,106,144
02524000,SUNSTATE ACADEMY OF HAIR DESIGN         ,FL,34624-0000,Proprietary  ,18,19,37,73,108,181
02524200,ROBERT MORGAN EDUCATIONAL CENTER        ,FL,33177-0000,Public       ,31,55,86,337,678,1015
02547600,FLORIDA NATIONAL COLLEGE                ,FL,33012-0000,Proprietary  ,65,189,254,927,2566,3493
02554200,RADFORD LOCKLIN TECH CENTER             ,FL,32570-0000,Public       ,0,6,6,19,106,125
02573200,LA BELLE BEAUTY ACADEMY                 ,FL,33135-0000,Proprietary  ,8,39,47,41,238,279
02586200,FLORIDA CAREER COLLEGE                  ,FL,33759-3924,Proprietary  ,76,129,205,373,894,1267
02597100,HERITAGE INSTITUTE                      ,FL,33912-7132,Proprietary  ,35,96,131,198,526,724
02598200,FLORIDA TECHNICAL CLG JACKSONVILLE      ,FL,32211-5123,Proprietary  ,5,14,19,69,199,268
02599800,EVEREST UNIVERSITY                      ,FL,33759-1359,Proprietary  ,70,356,426,720,4867,5587
02601600,HENRY W BREWSTER TECHNICAL CENTER       ,FL,33602-0000,Public       ,1,13,14,52,269,321
02612700,DARLYNE MCGEE'S ACAD OF COSMETOLOGY     ,FL,32905-2805,Proprietary  ,4,18,22,29,96,125
02616400,SANFORD-BROWN INSTITUTE                 ,FL,32256-3520,Proprietary  ,36,97,133,159,694,853
02616401,SANFORD-BROWN INSTITUTE - TAMPA         ,FL,33610-8304,Proprietary  ,22,107,129,220,981,1201
03003200,EVEREST INSTITUTE                       ,FL,33186-1410,Proprietary  ,80,222,302,661,1993,2654
03003600,MCFATTER TECHNICAL CENTER               ,FL,33317-7499,Public       ,9,26,35,204,593,797
03008600,FLORIDA COLLEGE OF NATURAL HEALTH       ,FL,33064-1342,Proprietary  ,24,69,93,304,962,1266
03010608,VIRGINIA COLLEGE - PENSACOLA            ,FL,32501-5650,Proprietary  ,37,202,239,471,1535,2006
03010612,VIRGINIA COLLEGE - GOLF ACADEMY OF AMERI,FL,32701-0000,Proprietary  ,3,2,5,110,115,225
03012300,ASM BEAUTY WORLD ACADEMY                ,FL,33021-0000,Proprietary  ,1,16,17,20,147,167
03018500,BENE'S INTERNATIONAL SCHOOL OF BEAUTY   ,FL,34652-1637,Proprietary  ,6,26,32,68,208,276
03028200,TRINITY COLLEGE OF FLORIDA              ,FL,34655-4401,Private      ,0,1,1,91,118,209
03031400,INTERNATIONAL ACAD OF DESIGN & TECH     ,FL,33634-6313,Proprietary  ,71,141,212,3241,3401,6642
03031402,INTERNATIONAL ACADEMY OF DESIGN AND TECH,FL,32809-4633,Proprietary  ,3,2,5,661,543,1204
03031403,IADT - ORLANDO CULINARY ACADEMY         ,FL,32819-0000,Proprietary  ,6,6,12,548,584,1132
03035800,HERITAGE INSTITUTE                      ,FL,32216-0948,Proprietary  ,17,57,74,91,415,506
03035900,NATIONAL AVIATION ACADEMY               ,FL,33760-3931,Proprietary  ,32,35,67,159,416,575
03037500,HODGES UNIVERSITY                       ,FL,34119-7932,Private      ,20,97,117,364,2010,2374
03054200,TECHNICAL CAREER INSTITUTE              ,FL,33144-2373,Proprietary  ,70,93,163,508,614,1122
03071600,COLLEGE OF BUSINESS & TECHNOLOGY        ,FL,33176-1412,Proprietary  ,6,95,101,146,941,1087
03071601,COLLEGE OF BUSINESS & TECHNOLOGY -      ,FL,33144-2072,Proprietary  ,1,0,1,5,4,9
03071602,COLLEGE OF BUSINESS & TECHNOLOGY -      ,FL,33012-3436,Proprietary  ,0,1,1,6,7,13
03079800,GEORGE T BAKER AVIATION                 ,FL,33142-5687,Public       ,2,14,16,140,131,271
03079900,CITY COLLEGE                            ,FL,32707-5342,Private      ,4,36,40,24,181,205
03087600,ITT TECHNICAL INSTITUTE                 ,FL,32746-1607,Proprietary  ,96,197,293,1113,2061,3174
03089200,NOUVELLE INSTITUTE                      ,FL,33125-4141,Proprietary  ,9,82,91,36,588,624
03096300,FLORIDA CAREER INSTITUTE                ,FL,33860-0000,Proprietary  ,3,30,33,66,201,267
03099600,MERCY HOSPITAL SCHOOL OF PRACTICAL NSG  ,FL,33133-4237,Private      ,1,8,9,38,121,159
03100800,TAYLOR TECHNICAL INSTITUTE              ,FL,32348-0894,Public       ,0,1,1,26,137,163
03101900,TRINITY BAPTIST COLLEGE                 ,FL,32221-1398,Private      ,0,2,2,251,97,348
03103900,MARION COUNTY COMMUNITY TECH & ADUL     ,FL,34474-3172,Public       ,2,11,13,96,328,424
03108500,EVERGLADES UNIVERSITY                   ,FL,33431-0000,Private      ,5,61,66,137,889,1026
03108600,COM-PU-MED VOCATIONAL CAREERS           ,FL,33012-4861,Proprietary  ,7,143,150,82,848,930
03113400,ACADEMY OF HEALING ARTS                 ,FL,33463-2113,Proprietary  ,3,12,15,21,103,124
03114700,PRAXIS INSTITUTE                        ,FL,33135-2657,Proprietary  ,2,54,56,36,558,594
03115500,FLORIDA HOSPITAL COLG OF HEALTH SCI     ,FL,32803-1237,Private      ,14,13,27,741,1663,2404
03123900,KEISER CAREER INSTITUTE                 ,FL,33413-0000,Proprietary  ,32,95,127,357,1018,1375
03125600,MIAMI AD SCHOOL                         ,FL,33139-5203,Proprietary  ,1,1,2,65,269,334
03127900,TECHNICAL EDUCATION CTR OSCEOLA         ,FL,34744-4459,Public       ,10,13,23,116,355,471
03139600,DELTA CONNECTION ACADEMY                ,FL,32773-9683,Proprietary  ,1,3,4,47,92,139
03158300,LEE COUNTY HIGH TECH CENTER NORTH       ,FL,33993-2479,Public       ,2,3,5,52,171,223
03178400,CORAL RIDGE NURSES ASST TRAINING        ,FL,33306-0000,Proprietary  ,0,1,1,2,20,22
03224300,NEW PROFESSIONS TECHNICAL INSTITUTE     ,FL,33134-1640,Proprietary  ,9,72,81,77,658,735
03230300,OKALOOSA APPLIED TECHNOLOGY CENTER      ,FL,32547-1299,Public       ,3,6,9,70,304,374
03238300,FLORIDA COLLEGE OF INTEGRATIVE MED      ,FL,32809-5721,Proprietary  ,0,0,0,15,138,153
03255300,FLORIDA GULF COAST UNIVERSITY           ,FL,33965-6565,Public       ,77,34,111,4894,2316,7210
03256300,YESHIVA GEDOLAH RABBINICAL COLLEGE      ,FL,33139-4708,Private      ,1,0,1,20,4,24
03346300,ACAD FOR PRAC NURSING & HEALTH OCCP     ,FL,33417-4574,Private      ,10,53,63,90,631,721
03348400,PROFESSIONAL TRAINING CENTERS           ,FL,33184-0000,Proprietary  ,10,52,62,147,745,892
03370300,AUDIO RECORDING TECHNOLOGY INSTITUTE    ,FL,32811-0000,Proprietary  ,0,2,2,89,97,186
03373300,BEACON COLLEGE                          ,FL,34748-5224,Private      ,2,0,2,67,34,101
03374300,FLORIDA COASTAL SCHOOL OF LAW           ,FL,32256-0000,Proprietary  ,2,4,6,25,2006,2031
03382300,BRADFORD-UNION AREA CAREERTECHNICAL CENT,FL,32091-2434,Public       ,0,1,1,28,128,156
03390300,LINCOLN TECHNICAL INSTITUTE             ,FL,32730-2351,Proprietary  ,10,63,73,137,708,845
03411400,INTERNATIONAL TRAINING CAREERS          ,FL,33155-1462,Private      ,3,41,44,35,406,441
03414500,SOUTHEAST INSTITUTE OF ORIENTAL MED     ,FL,33176-1509,Proprietary  ,1,2,3,17,135,152
03425400,CENTRAL FLORIDA INSTITUTE               ,FL,34684-4436,Proprietary  ,14,49,63,115,554,669
03429600,ATLANTIC INST OF ORIENTAL MEDICINE      ,FL,33316-0000,Private      ,0,3,3,4,85,89
03429700,EAST WEST COLLG OF NATURAL MEDICINE     ,FL,34236-4959,Proprietary  ,0,1,1,1,137,138
03433400,NEW CONCEPT MASSAGE AND BEAUTY SCHO     ,FL,33135-0000,Proprietary  ,1,8,9,7,45,52
03434300,FORTIS COLLEGE                          ,FL,32073-2999,Proprietary  ,14,67,81,149,659,808
03459400,SAINT PETERSBURG THEOLOGICAL SEMINA     ,FL,33708-3116,Private      ,1,3,4,7,50,57
03480302,MEDVANCE INSTITUTE - STUART             ,FL,34994-3000,Proprietary  ,0,0,0,3,32,35
03491400,AMERICAN ADVANCED TECHNICIANS INST      ,FL,33014-4430,Proprietary  ,0,10,10,18,81,99
03524300,ACADEMY FOR FIVE ELEMENT ACUPUNCTURE    ,FL,32601-6811,Private      ,0,0,0,1,54,55
03549300,ULTIMATE MEDICAL ACADEMY                ,FL,33756-5802,Proprietary  ,16,91,107,64,439,503
03553300,KEISER CAREER COLLEGE                   ,FL,32216-0000,Proprietary  ,0,3,3,10,36,46
03557300,NORTH FLORIDA COSMETOLOGY INSTITUTE     ,FL,32312-0000,Proprietary  ,1,9,10,51,124,175
03564300,SUPERIOR CAREER INSTITUTE               ,FL,33311-1141,Proprietary  ,2,10,12,25,100,125
03570400,ENGLISH CENTER (THE)                    ,FL,33133-2703,Public       ,3,22,25,19,182,201
03595400,ANGLEY COLLEGE                          ,FL,32720-4257,Proprietary  ,2,16,18,31,173,204
03611400,FLORIDA BARBER ACADEMY                  ,FL,33441-0000,Proprietary  ,2,14,16,20,62,82
03618300,FLORIDA INSTITUTE OF ANIMAL ARTS        ,FL,32792-1740,Proprietary  ,8,7,15,41,80,121
03627400,JACKSONVILLE BEAUTY INSTITUTE           ,FL,32208-1885,Proprietary  ,4,80,84,27,356,383
03627600,FLORIDA EDUCATION INSTITUTE             ,FL,33144-5036,Proprietary  ,4,49,53,44,320,364
03661400,SOUTH FLORIDA INSTITUTE OF TECHNOLO     ,FL,33135-0000,Proprietary  ,16,112,128,61,434,495
03691400,AVE MARIA SCHOOL OF LAW                 ,FL,34119-1376,Private      ,0,0,0,1,531,532
03696400,SABER                                   ,FL,33134-1604,Private      ,0,46,46,0,46,46
03706300,AMERICAN INSTITUTE                      ,FL,33319-5613,Proprietary  ,7,43,50,80,426,506
03757300,ADVANCE SCIENCE INSTITUTE               ,FL,33012-0000,Proprietary  ,5,36,41,35,202,237
03801400,BEAUTY INSTITUTE (THE)                  ,FL,33409-2972,Proprietary  ,3,26,29,21,153,174
03816300,ARTISTIC NAILS & BEAUTY ACADEMY         ,FL,33605-5919,Proprietary  ,13,53,66,61,268,329
03823300,FLORIDA ACADEMY OF HEALTH & BEAUTY      ,FL,33311-0000,Proprietary  ,1,1,2,12,54,66
03832300,DADE MEDICAL COLLEGE                    ,FL,33126-5534,Proprietary  ,8,29,37,65,263,328
03842500,CAMBRIDGE INSTITUTE OF ALLIED HEALTH    ,FL,32750-0000,Proprietary  ,1,7,8,17,85,102
03856300,UNIVERSAL BEAUTY SCHOOL                 ,FL,33174-4406,Proprietary  ,2,24,26,18,200,218
03866300,GALIANO CAREER ACADEMY                  ,FL,32701-0000,Proprietary  ,21,78,99,113,618,731
03875300,MEDICAL CAREER INSTITUTE OF SOUTH FLORID,FL,33407-2103,Proprietary  ,13,42,55,78,430,508
03888300,DRAGON RISES COLLEGE OF ORIENTAL MEDICIN,FL,32601-5089,Proprietary  ,0,0,0,3,9,12
03903500,SOUTHERN TECHNICAL COLLEGE              ,FL,32809-0000,Proprietary  ,3,16,19,23,57,80
03905300,LEVIN SCHOOL OF HEALTH CARE             ,FL,33445-4699,Proprietary  ,0,0,0,0,2,2
03906300,CAREER INSTITUTE OF FLORIDA             ,FL,33773-3434,Proprietary  ,0,37,37,21,369,390
03911300,TOTAL INTERNATIONAL CAREER INSTITUTE    ,FL,33012-0000,Proprietary  ,0,12,12,2,50,52
03939400,CENTURA INSTITUTE                       ,FL,32807-3566,Proprietary  ,9,10,19,42,187,229
03939600,DAYTONA COLLEGE                         ,FL,32174-8445,Proprietary  ,0,6,6,9,87,96
03941300,AVE MARIA UNIVERSITY                    ,FL,34142-9505,Private      ,1,0,1,525,126,651
03957400,NEW COLLEGE OF FLORIDA                  ,FL,34243-2109,Public       ,1,1,2,836,132,968
03985300,COMMERCIAL DIVING ACADEMY               ,FL,32208-0000,Proprietary  ,7,18,25,63,232,295
03985400,SPACE COAST HEALTH INSTITUTE            ,FL,32904-8771,Proprietary  ,1,1,2,7,15,22
03986300,AVIATOR COLLEGE OF AERONAUTICAL SCIENCE ,FL,34946-9022,Proprietary  ,0,1,1,12,25,37
04016500,AMERICAN INSTITUTE OF BEAUTY            ,FL,33773-0000,Proprietary  ,6,29,35,38,172,210
04029300,TRENDSETTERS OF FLORIDA SCHOOL OF BEAUTY,FL,32205-0000,Proprietary  ,1,8,9,9,72,81
04058300,HEALTH OPPORTUNITY TECHNICAL CENTER     ,FL,33169-4517,Proprietary  ,3,30,33,9,164,173
04105400,PENSACOLA SCHOOL OF MASSAGE THERAPY & HE,FL,32504-7337,Proprietary  ,3,3,6,8,29,37
04106300,PALM BEACH ACADEMY OF HEALTH & BEAUTY   ,FL,33403-2130,Proprietary  ,0,1,1,0,1,1
04116600,TAYLOR COLLEGE                          ,FL,34420-8714,Proprietary  ,0,16,16,0,16,16
04119500,LANE INSTITUTE OF HEALTH SCIENCES       ,FL,32780-2898,Private      ,0,0,0,0,1,1
04120400,HI-TECH SCHOOL OF COSMETOLOGY           ,FL,33174-0000,Proprietary  ,6,4,10,6,4,10
00160500,CHAMINADE UNIV OF HONOLULU              ,HI,96816-1578,Private      ,9,15,24,1369,1507,2876
00160600,BRIGHAM YOUNG UNIV-HAWAII CAMPUS        ,HI,96762-1294,Private      ,6,16,22,864,685,1549
00161000,UNIVERSITY OF HAWAII AT MANOA           ,HI,96822-2399,Public       ,32,42,74,8699,6656,15355
00161100,UNIVERSITY OF HAWAII AT HILO            ,HI,96720-4091,Public       ,11,10,21,2338,1429,3767
00161200,HONOLULU COMMUNITY COLLEGE              ,HI,96817-4598,Public       ,6,13,19,1072,1150,2222
00161300,KAPIOLANI COMMUNITY COLLEGE             ,HI,96816-4421,Public       ,20,35,55,1583,1649,3232
00161400,KAUAI COMMUNITY COLLEGE                 ,HI,96766-9591,Public       ,0,3,3,220,266,486
00161500,MAUI COMMUNITY COLLEGE                  ,HI,96732-1644,Public       ,7,21,28,671,1017,1688
00454900,LEEWARD COMMUNITY COLLEGE               ,HI,96782-3393,Public       ,15,28,43,1088,1533,2621
00525800,HAWAII COMMUNITY COLLEGE                ,HI,96720-4075,Public       ,7,11,18,878,1022,1900
00723401,HEALD COLLEGE - HONOLULU                ,HI,96814-0000,Proprietary  ,21,50,71,691,857,1548
00727900,HAWAII PACIFIC UNIVERSITY               ,HI,96813-2882,Private      ,15,34,49,3487,3112,6599
00777500,HOLLYWOOD BEAUTY COLLEGE                ,HI,96701-4100,Proprietary  ,0,4,4,28,70,98
01122000,WINDWARD COMMUNITY COLLEGE              ,HI,96744-0000,Public       ,3,11,14,401,592,993
02055100,HAWAII BUSINESS COLLEGE                 ,HI,96813-0000,Proprietary  ,0,0,0,165,271,436
02100300,MED-ASSIST SCHOOL OF HAWAII             ,HI,96813-0000,Proprietary  ,1,3,4,57,115,172
02107800,UNIVERSITY OF HAWAII - WEST OAHU        ,HI,96782-0000,Public       ,1,4,5,233,587,820
02139500,HAWAII INSTITUTE OF HAIR DESIGN         ,HI,96817-5195,Proprietary  ,0,5,5,28,97,125
02208704,SAN DIEGO GOLF ACADEMY - THE GOLF ACADEM,HI,96744-3724,Proprietary  ,1,1,2,15,22,37
02321300,HAWAI'I THEOLOGICAL SEMINARY            ,HI,96817-0000,Private      ,0,0,0,9,20,29
03017800,TRAVEL INSTITUTE OF THE PACIFIC         ,HI,96814-1946,Proprietary  ,5,30,35,57,216,273
03020800,NEW YORK TECHNICAL INST OF HAWAII       ,HI,96817-4415,Proprietary  ,1,1,2,16,37,53
03072500,WORLD MEDICINE INSTITUTE                ,HI,96826-0000,Private      ,0,0,0,4,52,56
03649300,HAWAII TECHNOLOGY INSTITUTE             ,HI,96813-3036,Private      ,1,1,2,16,26,42
03735300,INST OF CLINICAL ACUPUNCTURE & ORIENT MD,HI,96813-2307,Proprietary  ,0,2,2,3,31,34
03999400,TRADITIONAL CHINESE MEDICAL COLLEGE OF H,HI,96743-8324,Private      ,0,0,0,0,5,5
00161600,BOISE STATE UNIVERSITY                  ,ID,83725-1000,Public       ,52,130,182,8181,9964,18145
00161700,"COLLEGE OF IDAHO, THE                   ",ID,83605-4432,Private      ,0,1,1,1038,225,1263
00161900,COLLEGE OF SOUTHERN IDAHO               ,ID,83301-0000,Public       ,23,82,105,2092,2899,4991
00162000,IDAHO STATE UNIVERSITY                  ,ID,83209-5377,Public       ,31,74,105,4304,7982,12286
00162100,LEWIS-CLARK STATE COLLEGE               ,ID,83501-2698,Public       ,1,27,28,1738,1950,3688
00162300,NORTH IDAHO COLLEGE                     ,ID,83814-2199,Public       ,12,35,47,1903,2311,4214
00162400,NORTHWEST NAZARENE UNIVERSITY           ,ID,83686-5897,Private      ,3,45,48,1228,967,2195
00162500,BRIGHAM YOUNG UNIVERSITY-IDAHO          ,ID,83460-1650,Private      ,240,218,458,7001,5904,12905
00162600,UNIVERSITY OF IDAHO                     ,ID,83844-4291,Public       ,26,33,59,7448,4146,11594
00455300,ITT TECHNICAL INSTITUTE                 ,ID,83713-1529,Proprietary  ,61,123,184,546,1196,1742
00987300,MR JUAN'S CLG OF HAIR DESIGN            ,ID,83301-4154,Proprietary  ,2,2,4,21,50,71
01113300,EASTERN IDAHO TECHNICAL COLLEGE         ,ID,83404-5788,Public       ,0,11,11,266,817,1083
02210700,CAREER BEAUTY COLLEGE                   ,ID,83440-0000,Proprietary  ,1,4,5,47,51,98
02218000,APOLLO COLLEGE                          ,ID,83704-0000,Proprietary  ,23,76,99,288,870,1158
02234500,BOISE BIBLE COLLEGE                     ,ID,83714-1220,Private      ,0,0,0,174,91,265
02275800,MR LEONS SCHOOL OF HAIR DESIGN          ,ID,83843-8384,Proprietary  ,7,5,12,35,54,89
02314000,SCHOOL OF HAIRSTYLING (THE)             ,ID,83202-0000,Proprietary  ,0,0,0,46,58,104
02319800,HEADMASTERS SCHOOL OF HAIR DESIGN       ,ID,83814-0000,Proprietary  ,10,18,28,123,157,280
02349200,HEADMASTERS SCHOOL OF HAIR DESIGN       ,ID,83501-0000,Proprietary  ,0,9,9,25,53,78
02559500,RAZZLE DAZZLE CLG OF HAIR DESIGN        ,ID,83686-5104,Proprietary  ,3,11,14,36,84,120
02607100,SCOT LEWIS SCHOOLS                      ,ID,83709-1662,Proprietary  ,6,12,18,88,142,230
03052202,COURT REPORTING INSTITUTE/CRI COMPUTER T,ID,83709-8101,Proprietary  ,0,0,0,4,22,26
03098700,ACADEMY OF COURT REPORTING              ,ID,83704-8320,Proprietary  ,22,99,121,251,988,1239
03832400,COSMETOLOGY SCHOOL OF ARTS & SCIENCES   ,ID,83318-1327,Proprietary  ,2,4,6,11,53,64
00163200,AQUINAS INSTITUTE OF THEOLOGY           ,MO,63108-3323,Private      ,0,1,1,3,54,57
00244900,AVILA COLLEGE                           ,MO,64145-1698,Private      ,2,24,26,993,1120,2113
00245000,CALVARY BIBLE COLLEGE                   ,MO,64147-1341,Private      ,1,1,2,181,182,363
00245200,CENTRAL BIBLE COLLEGE                   ,MO,65803-1096,Private      ,3,1,4,607,302,909
00245300,CENTRAL METHODIST UNIVERSITY            ,MO,65248-1198,Private      ,5,5,10,1073,549,1622
00245301,CENTRAL METHODIST UNIVERSITY            ,MO,63601-0000,Private      ,1,0,1,59,158,217
00245302,CENTRAL METHODIST UNIVERSITY- UNION     ,MO,63084-0000,Private      ,0,0,0,32,43,75
00245400,UNIVERSITY OF CENTRAL MISSOURI          ,MO,64093-5178,Public       ,34,100,134,6580,3692,10272
00245600,COLUMBIA COLLEGE                        ,MO,65216-4581,Private      ,31,339,370,2304,10738,13042
00245700,CONCORDIA SEMINARY                      ,MO,63105-3199,Private      ,1,13,14,4,698,702
00245800,COTTEY COLLEGE                          ,MO,64772-2790,Private      ,0,0,0,360,20,380
00245900,CROWDER COLLEGE                         ,MO,64850-9165,Public       ,37,66,103,1356,1751,3107
00246000,CULVER STOCKTON COLLEGE                 ,MO,63435-1299,Private      ,4,0,4,1132,187,1319
00246100,DRURY UNIVERSITY                        ,MO,65802-3791,Private      ,14,65,79,2195,3299,5494
00246200,EDEN THEOLOGICAL SEMINARY               ,MO,63119-0000,Private      ,0,0,0,0,118,118
00246300,EVANGEL UNIVERSITY                      ,MO,65802-2125,Private      ,3,25,28,1886,553,2439
00246400,FONTBONNE UNIVERSITY                    ,MO,63105-3098,Private      ,3,82,85,1169,2558,3727
00246600,HARRIS-STOWE STATE COLLEGE              ,MO,63103-2199,Public       ,7,18,25,1172,1691,2863
00246700,CONCEPTION SEMINARY COLLEGE             ,MO,64433-0000,Private      ,0,0,0,34,12,46
00246800,JEFFERSON COLLEGE                       ,MO,63050-2441,Public       ,31,65,96,1845,1735,3580
00247100,ST LOUIS COMMUNITY COLLEGE              ,MO,63102-0000,Public       ,90,419,509,7720,11797,19517
00247300,KANSAS CITY ART INSTITUTE               ,MO,64111-1874,Private      ,0,2,2,883,191,1074
00247400,KANSAS CITY UNIV OF MED & BIOSCIENCES   ,MO,64106-0000,Private      ,0,0,0,20,1062,1082
00247600,KENRICK-GLENNON SEMINARY                ,MO,63119-0000,Private      ,0,0,0,6,6,12
00247700,A.T. STILL UNIV OF HEALTH SCIENCES      ,MO,63501-0000,Private      ,0,41,41,6,1918,1924
00247900,LINCOLN UNIVERSITY                      ,MO,65101-3500,Public       ,14,26,40,2170,1417,3587
00248000,LINDENWOOD UNIVERSITY                   ,MO,63301-1695,Private      ,23,212,235,4027,5435,9462
00248200,MARYVILLE UNIVERSITY                    ,MO,63141-7299,Private      ,3,45,48,2080,1798,3878
00248400,METROPOLITAN COMMUNITY COLLEGE          ,MO,64111-2408,Public       ,152,303,455,6490,9514,16004
00248500,MIDWESTERN BAPTIST THEOL SEMINARY       ,MO,64118-0000,Private      ,0,0,0,27,84,111
00248500,MIDWESTERN BAPTIST THEOL SEMINARY       ,MO,64118-4697,Private      ,0,1,1,18,106,124
00248600,MINERAL AREA COLLEGE                    ,MO,63601-1000,Public       ,26,36,62,1413,1654,3067
00248800,MISSOURI SOUTHERN STATE UNIVERSITY      ,MO,64801-1595,Public       ,19,52,71,2787,3076,5863
00248900,MISSOURI VALLEY COLLEGE                 ,MO,65340-3197,Private      ,8,8,16,1367,348,1715
00249000,MISSOURI WESTERN STATE UNIVERSITY       ,MO,64507-2294,Public       ,13,37,50,3553,2040,5593
00249100,MOBERLY AREA COMMUNITY COLLEGE          ,MO,65270-1304,Public       ,17,25,42,1842,1767,3609
00249400,NAZARENE THEOLOGICAL SEMINARY           ,MO,64131-1246,Private      ,0,2,2,0,176,176
00249500,TRUMAN STATE UNIVERSITY                 ,MO,63501-4221,Public       ,5,2,7,4730,404,5134
00249600,NORTHWEST MISSOURI STATE UNIV           ,MO,64468-6001,Public       ,13,45,58,5139,1016,6155
00249800,PARK UNIVERSITY                         ,MO,64152-3795,Private      ,12,197,209,1182,7545,8727
00249900,ROCKHURST UNIVERSITY                    ,MO,64110-2561,Private      ,7,42,49,1726,1187,2913
00250000,COLLEGE OF THE OZARKS                   ,MO,65726-2502,Private      ,3,2,5,2481,255,2736
00250100,SOUTHEAST MISSOURI STATE UNIV           ,MO,63701-4799,Public       ,27,70,97,6040,3486,9526
00250200,SOUTHWEST BAPTIST UNIVERSITY            ,MO,65613-2597,Private      ,11,30,41,1868,1394,3262
00250300,MISSOURI STATE UNIVERSITY               ,MO,65897-0094,Public       ,69,141,210,11532,5986,17518
00250400,ST LOUIS COLLEGE OF PHARMACY            ,MO,63110-1088,Private      ,2,1,3,719,434,1153
00250600,SAINT LOUIS UNIVERSITY                  ,MO,63103-2097,Private      ,21,84,105,8050,5556,13606
00250602,SAINT LOUIS UNIV SCH MEDICINE           ,MO,63104-0000,Private      ,0,2,2,203,753,956
00250900,SAINT PAUL SCHOOL OF THEOLOGY           ,MO,64127-2499,Private      ,0,0,0,0,206,206
00251200,STEPHENS COLLEGE                        ,MO,65215-0001,Private      ,1,5,6,840,331,1171
00251400,NORTH CENTRAL MISSOURI COLLEGE          ,MO,64683-1824,Public       ,15,38,53,613,775,1388
00251600,UNIVERSITY OF MISSOURI-COLUMBIA         ,MO,65211-1600,Public       ,90,138,228,17498,6710,24208
00251700,MISSOURI UNIVERSITY OF SCIENCE & TECHNOL,MO,65409-0250,Public       ,8,20,28,3821,1021,4842
00251800,UNIVERSITY OF MISSOURI-KANSAS CITY      ,MO,64110-2497,Public       ,25,101,126,5542,7739,13281
00251900,UNIVERSITY OF MISSOURI-ST LOUIS         ,MO,63121-4499,Public       ,49,139,188,5067,7739,12806
00252000,WASHINGTON UNIVERSITY                   ,MO,63130-4899,Private      ,13,24,37,10606,4496,15102
00252001,WASHINGTON UNIV-SCHOOL OF MEDICINE      ,MO,63110-0000,Private      ,0,0,0,35,1113,1148
00252100,WEBSTER UNIVERSITY                      ,MO,63119-3194,Private      ,6,184,190,2838,11589,14427
00252200,WENTWORTH MILITARY ACADEMY              ,MO,64067-1799,Private      ,4,10,14,157,213,370
00252300,WESTMINSTER COLLEGE                     ,MO,65251-1299,Private      ,0,2,2,967,82,1049
00252400,WILLIAM JEWELL COLLEGE                  ,MO,64068-1896,Private      ,1,5,6,1404,282,1686
00252500,WILLIAM WOODS UNIVERSITY                ,MO,65251-2388,Private      ,1,215,216,866,2310,3176
00405704,NATIONAL AMERICAN UNIVERSITY            ,MO,64057-1791,Proprietary  ,1,4,5,29,282,311
00441300,ST JOHNS HOSP SCH RAD TECH              ,MO,65802-0000,Private      ,1,1,2,32,56,88
00470300,LOGAN COLLEGE OF CHIROPRACTIC           ,MO,63006-1065,Private      ,4,4,8,81,1172,1253
00470700,COVENANT THEOLOGICAL SEMINARY           ,MO,63141-8697,Private      ,0,1,1,5,467,472
00471100,LINN STATE TECHNICAL COLLEGE            ,MO,65051-9607,Public       ,29,7,36,927,266,1193
00471300,THREE RIVERS COMMUNITY COLLEGE          ,MO,63901-2393,Public       ,36,54,90,1490,2191,3681
00528700,BROOKFIELD AREA CAREER CENTER           ,MO,64628-0000,Public       ,0,0,0,2,1,3
00528800,KIRKSVILLE AREA TECHNICAL CENTER        ,MO,63501-0000,Public       ,2,0,2,21,59,80
00528900,WAYNESVILLE TECHNICAL ACADEMY           ,MO,65583-0000,Public       ,0,1,1,11,76,87
00542400,SOUTH CENTRAL CAREER CENTER             ,MO,65775-3334,Public       ,0,0,0,41,141,182
00542600,SIKESTON CAREER AND TECHNOLOGY CTR      ,MO,63801-0000,Public       ,0,1,1,25,134,159
00542900,ROLLA TECHNICAL INSTITUTE               ,MO,65401-3601,Public       ,0,3,3,176,239,415
00543000,POPLAR BLUFF TECHNICAL CAREER CNTR      ,MO,63901-0000,Public       ,0,5,5,36,115,151
00543600,DAVIS H HART MEXICO AREA VOC TECH       ,MO,65265-0000,Public       ,0,0,0,24,25,49
00543800,SALINE COUNTY CAREER CENTER             ,MO,65340-0000,Public       ,0,0,0,8,63,71
00544500,TRUMAN MEDICAL CENTER SCHOOL OF NURSE AN,MO,64108-2677,Private      ,0,1,1,9,52,61
00553100,GRAND RIVER TECHNICAL SCHOOL            ,MO,64601-1299,Public       ,0,1,1,62,51,113
00553200,CAPE GIRARDEAU CAREER & TECHNOLOGY CENTE,MO,63703-7511,Public       ,1,3,4,66,255,321
00638500,CHAMBERLAIN COLLEGE OF NURSING          ,MO,63139-3297,Proprietary  ,1,76,77,263,1133,1396
00638900,BARNES JEWISH COLLEGE OF NURSING AND ALL,MO,63110-1091,Private      ,0,4,4,175,692,867
00639200,RESEARCH COLLEGE OF NURSING             ,MO,64132-1199,Proprietary  ,0,0,0,62,170,232
00639201,RESEARCH MEDICAL CENTER - COLLEGE OF NUR,MO,64132-1199,Proprietary  ,0,0,0,7,11,18
00639202,RESEARCH MED CTR SCHL OF RAD TECH       ,MO,64132-0000,Proprietary  ,0,0,0,13,22,35
00639203,RESEARCH MED CTR SCH NUCL MED TECH      ,MO,64132-0000,Proprietary  ,0,0,0,0,9,9
00666600,LUTHERAN  SCHOOL OF NURSING             ,MO,63118-3909,Proprietary  ,1,2,3,52,269,321
00754000,MISSOURI BAPTIST UNIVERSITY             ,MO,63141-8698,Private      ,8,82,90,1044,1437,2481
00755700,ITT TECHNICAL INSTITUTE                 ,MO,63045-1122,Proprietary  ,114,236,350,1581,2728,4309
00808000,STATE FAIR COMMUNITY COLLEGE            ,MO,65301-0000,Public       ,21,58,79,1481,1736,3217
00826900,HILLYARD TECHNICAL CENTER               ,MO,64506-0000,Public       ,2,1,3,90,115,205
00855200,PATRICIA STEVENS COLLEGE                ,MO,63102-2334,Proprietary  ,2,10,12,84,151,235
00860600,TRI-COUNTY TECHNICAL SCHOOL             ,MO,65026-0000,Public       ,0,0,0,10,47,57
00886200,EAST CENTRAL COLLEGE                    ,MO,63084-0529,Public       ,29,46,75,1455,1362,2817
00908900,HANNIBAL-LAGRANGE COLLEGE               ,MO,63401-1999,Private      ,1,4,5,672,430,1102
00952000,NATIONAL ACADEMY OF BEAUTY ARTS         ,MO,63128-1307,Proprietary  ,11,16,27,199,281,480
00959000,INDEPENDENCE COLLEGE OF COSMETOLOGY     ,MO,64055-1105,Proprietary  ,7,3,10,72,76,148
00960700,HOUSE OF HEAVILIN BEAUTY COLLEGE        ,MO,64110-2826,Proprietary  ,0,5,5,19,73,92
00978200,SAINT LUKE'S COLLEGE                    ,MO,64114-3237,Private      ,2,0,2,71,133,204
00979500,MISSOURI COLLEGE                        ,MO,63144-2901,Proprietary  ,12,47,59,424,758,1182
01014814,COLORADO TECHNL UNIV NORTH KANSAS CITY  ,MO,64116-3614,Proprietary  ,8,32,40,249,1067,1316
01027900,HICKEY COLLEGE                          ,MO,63146-0000,Proprietary  ,3,2,5,358,162,520
01040500,PINNACLE CAREER INSTITUTE               ,MO,64131-3367,Proprietary  ,12,129,141,113,615,728
01102600,WARRENSBURG AREA VOC TECH SCH           ,MO,64093-0000,Public       ,0,1,1,33,46,79
01173500,PIKE/LINCOLN TECHNICAL CENTER           ,MO,63344-0000,Public       ,0,2,2,25,60,85
01212000,ASSEMBLIES OF GOD THEO. SEMINARY        ,MO,65802-0000,Private      ,0,3,3,11,320,331
01250000,RANKEN TECHNICAL COLLEGE                ,MO,63113-2811,Private      ,2,3,5,1008,581,1589
01258000,ST LOUIS CHRISTIAN COLLEGE              ,MO,63033-6499,Private      ,3,2,5,156,258,414
01320800,BAPTIST BIBLE COLLEGE                   ,MO,65803-3498,Private      ,3,3,6,467,301,768
02056100,FOUR RIVERS CAREER CENTER               ,MO,63090-0000,Public       ,1,0,1,24,33,57
02066900,NICHOLS CAREER CENTER                   ,MO,65101-2814,Public       ,0,0,0,75,93,168
02068200,COX HEALTH - COX COLLEGE                ,MO,65802-0000,Private      ,1,11,12,201,655,856
02068202,COX HEALTH - RADIOLOGIC TECHNOLOGY      ,MO,65802-0000,Private      ,0,1,1,36,51,87
02068204,COX HEALTH - MEDICAL TECHNOLOGY         ,MO,65807-0000,Private      ,0,0,0,9,16,25
02073600,KENNETT CAREER & TECHNOLOGY CENTER      ,MO,63857-0000,Public       ,0,0,0,6,51,57
02090400,BOONSLICK TECHNICAL EDUCATION CTR       ,MO,65233-0000,Public       ,0,0,0,12,41,53
02121100,MIDWEST INSTITUTE                       ,MO,63122-0000,Proprietary  ,4,23,27,73,292,365
02124500,FRANKLIN TECHNOLOGY CENTER              ,MO,64801-0000,Public       ,0,0,0,76,311,387
02142200,LEX LA RAY TECHNICAL CENTER             ,MO,64067-0000,Public       ,1,0,1,19,54,73
02151000,HANNIBAL CAREER AND TECHNICAL CENTE     ,MO,63401-2285,Public       ,1,0,1,20,81,101
02154900,MISSOURI SCH OF BARB & HAIR             ,MO,63031-0000,Proprietary  ,4,4,8,25,68,93
02164200,FOREST INST PROFESSIONAL PSYCHOLOGY     ,MO,65807-0000,Private      ,0,5,5,7,282,289
02165900,CHILLICOTHE BEAUTY ACADEMY              ,MO,64601-0000,Proprietary  ,1,1,2,7,26,33
02180200,METRO BUSINESS COLLEGE                  ,MO,63701-0000,Proprietary  ,8,44,52,157,629,786
02187200,NORTH CENTRAL AREA VOC TECH SCHOOL      ,MO,64424-0000,Public       ,0,0,0,2,0,2
02188000,NORTHWEST TECHNICAL SCHOOL              ,MO,64468-0000,Public       ,0,0,0,55,95,150
02188100,NORTHLAND CAREER CENTER                 ,MO,64079-8333,Public       ,0,0,0,19,48,67
02202700,OZARK CHRISTIAN COLLEGE                 ,MO,64801-0000,Private      ,2,0,2,569,217,786
02203400,NEVADA REGIONAL TECHNICAL CENTER        ,MO,64772-0000,Public       ,0,0,0,12,59,71
02205200,SANFORD-BROWN COLLEGE                   ,MO,63026-7305,Proprietary  ,64,320,384,936,3698,4634
02205203,SANFORD BROWN COLLEGE-ST. PETERS        ,MO,63301-4042,Proprietary  ,25,75,100,307,867,1174
02205205,SANFORD BROWN COLLEGE-HAZELWOOD         ,MO,63042-2708,Proprietary  ,23,105,128,253,1014,1267
02214500,SALEM COLLEGE OF HAIRSTYLING            ,MO,65401-0000,Proprietary  ,0,4,4,15,49,64
02239200,ALLIED COLLEGE - NORTH                  ,MO,63043-0000,Proprietary  ,81,198,279,821,1824,2645
02242800,GIBSON TECHNICAL CENTER                 ,MO,65737-0169,Public       ,0,0,0,5,60,65
02250600,EVEREST COLLEGE                         ,MO,65807-2446,Proprietary  ,51,129,180,638,2003,2641
02263400,LAKE CAREER AND TECHNICAL CENTER        ,MO,65020-0000,Public       ,1,0,1,14,14,28
02266400,CENTRAL CHRISTIAN CLG OF THE BIBLE      ,MO,65270-0000,Private      ,0,1,1,377,180,557
02277500,HOUSE OF HEAVILIN OF BLUE SPRINGS       ,MO,64014-3953,Proprietary  ,4,4,8,56,103,159
02289200,COLUMBIA AREA CAREER CENTER             ,MO,65203-0000,Public       ,0,0,0,49,145,194
02292400,COLUMBIA BEAUTY ACADEMY                 ,MO,65203-0000,Proprietary  ,0,0,0,13,18,31
02295700,MISSOURI BEAUTY ACADEMY                 ,MO,63640-1827,Proprietary  ,2,8,10,24,59,83
02295701,"MISSOURI BEAUTY ACADEMY, LLC - CRYSTAL C",MO,63019-1724,Proprietary  ,0,0,0,18,23,41
02304000,MISSOURI TECH                           ,MO,63132-0000,Proprietary  ,5,12,17,66,104,170
02309100,AMERICAN COLLEGE OF HAIR DESIGN         ,MO,65301-2144,Proprietary  ,1,4,5,37,74,111
02311100,ABBOTT ACADEMY OF COSMETIC ARTS/SCI     ,MO,63376-0000,Proprietary  ,1,2,3,28,44,72
02313000,CASS CAREER CENTER                      ,MO,64701-0000,Public       ,0,0,0,9,26,35
02340500,ST LOUIS COLLEGE OF HEALTH CAREERS      ,MO,63110-0000,Proprietary  ,3,57,60,114,704,818
02340501,ST LOUIS COLLEGE OF HEALTH              ,MO,63129-0000,Proprietary  ,0,1,1,2,15,17
02342100,CAREER & TECHNOLOGY CTR AT FT OSAGE     ,MO,64058-0000,Public       ,0,0,0,9,11,20
02361600,CONCORDE CAREER COLLEGE                 ,MO,64111-0000,Proprietary  ,16,82,98,173,941,1114
02497500,CLINTON TECHNICAL SCHOOL                ,MO,64735-2966,Public       ,0,0,0,1,3,4
02520800,MERRELL UNIV OF BTY ARTS & SCIENCES     ,MO,65109-0000,Proprietary  ,5,7,12,104,125,229
02530600,SAINT CHARLES COMMUNITY COLLEGE         ,MO,63376-0975,Public       ,28,44,72,2496,1951,4447
02543800,PARIS II EDUCATIONAL CENTER (THE)       ,MO,64118-0000,Proprietary  ,3,18,21,40,147,187
02550400,OZARK MOUNTAIN TECHNICAL CENTER         ,MO,65711-0000,Public       ,0,0,0,3,2,5
02555300,PATSY AND ROB'S ACADEMY OF BEAUTY       ,MO,63074-0000,Proprietary  ,0,13,13,37,139,176
02564700,ELAINE STEVEN BEAUTY COLLEGE            ,MO,63136-0000,Proprietary  ,9,15,24,78,220,298
02564701,ELAINE STEVEN BEAUTY COLLEGE - ADVANCE B,MO,63383-2006,Proprietary  ,0,0,0,5,6,11
02568500,GRABBER SCHOOL OF HAIR DESIGN           ,MO,63011-0000,Proprietary  ,4,6,10,86,103,189
02599700,VATTEROTT COLLEGE                       ,MO,63134-2900,Proprietary  ,10,61,71,187,1264,1451
02599701,VATTEROTT COLLEGE - KANSAS CITY         ,MO,64129-1692,Proprietary  ,21,76,97,246,1264,1510
02599702,VATTEROTT COLLEGE - SPRINGFIELD LOCATION,MO,65807-5340,Proprietary  ,5,47,52,112,557,669
02599703,VATTEROTT COLLEGE - JOPLIN              ,MO,64801-5033,Proprietary  ,6,13,19,103,427,530
02599705,VATTEROTT COLLEGE - SUNSET HILLS        ,MO,63127-1516,Proprietary  ,5,35,40,251,663,914
02599712,VATTEROTT COLLEGE - O'FALLON            ,MO,63366-2748,Proprietary  ,8,22,30,129,418,547
02608000,NEOSHO BEAUTY COLLEGE                   ,MO,64850-1525,Proprietary  ,2,2,4,16,32,48
02608001,NEOSHO BEAUTY COLLEGE - CLASS ACT I COSM,MO,64801-2314,Proprietary  ,2,3,5,8,33,41
02609202,VATTEROTT COLLEGE-ST JOSEPH             ,MO,64501-2911,Proprietary  ,8,53,61,123,405,528
02609203,VATTEROTT COLLEGE - L'ECOLE CULINAIRE   ,MO,63124-1103,Proprietary  ,9,39,48,198,457,655
02611001,HERITAGE COLLEGE                        ,MO,64151-0000,Proprietary  ,18,96,114,242,885,1127
03011900,LAMAR AREA VOCATIONAL-TECHNICAL SCH     ,MO,64759-1285,Public       ,0,0,0,1,0,1
03032000,EXCELSIOR SPRINGS AREA CAREER CTR       ,MO,64024-0248,Public       ,0,0,0,1,2,3
03042400,LEBANON TECHNOLOGY & CAREER CENTER      ,MO,65536-3296,Public       ,1,1,2,28,73,101
03066300,BRYAN CAREER COLLEGE                    ,MO,65806-2507,Proprietary  ,6,15,21,86,255,341
03068600,NORTH COUNTY TECH SPECIAL SCH DIST      ,MO,63033-6498,Public       ,0,1,1,38,354,392
03070200,CENTRAL COLLEGE OF COSMETOLOGY          ,MO,65583-0000,Proprietary  ,1,8,9,34,80,114
03070900,SE MO HOSP CLG NURSING & HEALTH SCI     ,MO,63703-4507,Private      ,0,2,2,68,198,266
03072800,DALLAS COUNTY CAREER CENTER             ,MO,65685-9152,Public       ,0,0,0,1,4,5
03077200,COSMETOLOGY CONCEPTS INSTITUTE          ,MO,65202-1972,Proprietary  ,0,4,4,23,34,57
03083000,OZARKS TECHNICAL COMMUNITY COLLEGE      ,MO,65802-3601,Public       ,77,176,253,4756,5271,10027
03092600,MESSENGER COLLEGE                       ,MO,64804-4909,Private      ,0,0,0,57,57,114
03097600,ST LOUIS HAIR ACADEMY                   ,MO,63107-1737,Proprietary  ,1,3,4,15,60,75
03101000,NEW DIMENSION SCHOOL OF HAIR DESIGN     ,MO,64801-5017,Proprietary  ,0,2,2,21,42,63
03106000,MISSOURI STATE UNIVERSITY - WEST PLAINS ,MO,65775-2715,Public       ,22,39,61,855,829,1684
03110900,HOUSE OF HEAVILIN BEAUTY COLLEGE        ,MO,64030-1154,Proprietary  ,1,1,2,20,72,92
03166300,MOBERLY AREA TECHNICAL CENTER           ,MO,65270-1904,Public       ,0,1,1,19,13,32
03174300,HERNDON CAREER CENTER                   ,MO,64138-2695,Public       ,0,0,0,13,8,21
03519300,MISSOURI COLLEGE OF COSMETOLOGY NORTH   ,MO,65803-1235,Proprietary  ,3,10,13,100,230,330
03528300,MIDWEST UNIVERSITY                      ,MO,63385-2905,Private      ,1,0,1,2,10,12
03579300,TEXAS COUNTY TECHNICAL INSTITUTE        ,MO,65483-2700,Private      ,3,8,11,29,288,317
03616300,AVIATION INSTITUTE OF MAINTENANCE       ,MO,64129-1811,Proprietary  ,10,28,38,67,316,383
03663400,UNIVERSITY OF COSMETOLOGY               ,MO,63080-1910,Proprietary  ,1,5,6,16,45,61
03817300,ST. CHARLES SCHOOL OF MASSAGE THERAPY   ,MO,63303-5607,Proprietary  ,0,1,1,12,30,42
03878300,PROFESSIONAL MASSAGE TRAINING CENTER    ,MO,65803-2939,Proprietary  ,3,5,8,41,82,123
03916300,ECLIPS SCHOOL OF COSMETOLOGY AND BARBERI,MO,63703-5809,Proprietary  ,0,6,6,15,52,67
03924300,HAIR ACADEMY 110 (THE)                  ,MO,63501-2915,Proprietary  ,2,3,5,14,27,41
03970400,MTTI-WELLSPRING CENTER FOR NATURAL HEALT,MO,64114-3313,Proprietary  ,0,6,6,56,172,228
04037500,ACADEMY OF HAIR DESIGN                  ,MO,65804-2303,Proprietary  ,0,2,2,0,2,2
04048300,DIVAS UNLIMITED ACADEMY                 ,MO,63114-2625,Proprietary  ,0,3,3,0,8,8
04117800,CAREER ALTERNATIVES LEARNING CENTER     ,MO,63044-4079,Proprietary  ,1,5,6,1,5,6
00163201,AQUINAS INSTITUTE OF THEOLOGY - MINISTRY,OK,73123-0380,Private      ,0,1,1,1,5,6
00314600,WESTERN OKLAHOMA STATE COLLEGE          ,OK,73521-1397,Public       ,9,37,46,509,875,1384
00314700,BACONE COLLEGE                          ,OK,74403-1597,Private      ,11,19,30,699,724,1423
00314900,SOUTHERN NAZARENE UNIVERSITY            ,OK,73008-2694,Private      ,4,98,102,1168,1594,2762
00315000,CAMERON UNIVERSITY                      ,OK,73505-6377,Public       ,17,102,119,1723,3366,5089
00315100,OKLAHOMA WESLEYAN UNIVERSITY            ,OK,74006-6299,Private      ,1,38,39,564,919,1483
00315200,UNIV OF CENTRAL OKLAHOMA                ,OK,73034-5209,Public       ,42,93,135,7554,6124,13678
00315300,CONNORS STATE COLLEGE                   ,OK,74469-9700,Public       ,14,30,44,871,1241,2112
00315400,EAST CENTRAL UNIVERSITY                 ,OK,74820-6999,Public       ,17,63,80,2249,2543,4792
00315500,EASTERN OKLAHOMA STATE COLLEGE          ,OK,74578-4999,Public       ,14,44,58,944,1162,2106
00315600,REDLANDS COMMUNITY COLLEGE              ,OK,73036-5304,Public       ,7,54,61,631,1187,1818
00315700,LANGSTON UNIVERSITY                     ,OK,73050-0000,Public       ,17,31,48,2127,1953,4080
00315800,MURRAY STATE COLLEGE                    ,OK,73460-3137,Public       ,43,73,116,1063,1645,2708
00316000,NORTHEASTERN OKLAHOMA A & M COLLEGE     ,OK,74354-6497,Public       ,15,28,43,1366,948,2314
00316100,NORTHEASTERN STATE UNIVERSITY           ,OK,74464-2399,Public       ,35,67,102,4570,5716,10286
00316200,NORTHERN OKLAHOMA COLLEGE               ,OK,74653-0310,Public       ,21,71,92,1678,2162,3840
00316300,NORTHWESTERN OKLAHOMA STATE UNIV        ,OK,73717-2799,Public       ,6,19,25,929,951,1880
00316400,OKLAHOMA BAPTIST UNIVERSITY             ,OK,74801-2590,Private      ,8,2,10,1438,309,1747
00316500,OKLAHOMA CHRISTIAN UNIVERSITY           ,OK,73131-0000,Private      ,3,16,19,1973,552,2525
00316600,OKLAHOMA CITY UNIVERSITY                ,OK,73106-1493,Private      ,9,17,26,1853,2131,3984
00316700,UNIV OF SCIENCE & ARTS OF OKLAHOMA      ,OK,73018-5322,Public       ,8,11,19,894,565,1459
00316800,ROGERS STATE UNIVERSITY                 ,OK,74017-3252,Public       ,19,47,66,1744,2465,4209
00317000,OKLAHOMA STATE UNIVERSITY               ,OK,74078-1015,Public       ,79,63,142,12672,6738,19410
00317200,OKLAHOMA STATE UNIVERSITY-OKMULGEE      ,OK,74447-3901,Public       ,18,37,55,1366,1232,2598
00317400,OKLAHOMA PANHANDLE STATE UNIVERSITY     ,OK,73939-0000,Public       ,5,14,19,683,412,1095
00317600,CARL ALBERT STATE COLLEGE               ,OK,74953-5208,Public       ,8,19,27,1072,1943,3015
00317800,SEMINOLE STATE COLLEGE                  ,OK,74818-1902,Public       ,16,51,67,769,1281,2050
00317900,SOUTHEASTERN OKLAHOMA STATE UNIV        ,OK,74701-0609,Public       ,26,53,79,2231,2136,4367
00318000,SOUTHWESTERN CHRISTIAN UNIVERSITY       ,OK,73008-2335,Private      ,0,2,2,142,198,340
00318100,SOUTHWESTERN OKLAHOMA STATE UNIV        ,OK,73096-3098,Public       ,21,45,66,2674,1906,4580
00318101,SOUTHWESTERN OK STATE UNIV AT SAYRE     ,OK,73662-0000,Public       ,0,5,5,153,292,445
00318300,ST GREGORY'S UNIVERSITY                 ,OK,74804-2499,Private      ,1,18,19,322,508,830
00318308,SAINT GREGORY'S UNIVERSITY - IPD TULSA  ,OK,74135-2499,Private      ,0,4,4,16,165,181
00318400,UNIVERSITY OF OKLAHOMA                  ,OK,73019-4078,Public       ,79,106,185,12755,8492,21247
00318401,UNIVERSITY OF OKLAHOMA-HLTH SCI CTR     ,OK,73190-0000,Public       ,5,17,22,412,2937,3349
00318500,UNIVERSITY OF TULSA                     ,OK,74104-3189,Private      ,11,19,30,2542,1848,4390
00398500,ORAL ROBERTS UNIVERSITY                 ,OK,74171-0001,Private      ,14,30,44,2686,1500,4186
00531100,TULSA COUNTY AREA VOC TECH SCHOOL       ,OK,74145-0000,Public       ,1,17,18,164,671,835
00531200,RED RIVER TECHNOLOGY CENTER             ,OK,73533-2700,Public       ,0,1,1,27,152,179
00533900,METRO TECHNOLOGY CENTERS SCH DIST22     ,OK,73111-0000,Public       ,9,21,30,179,1006,1185
00533903,METRO TECHNOLOGY CENTERS SCH DIST22     ,OK,73129-0000,Public       ,2,2,4,42,270,312
00694200,MID-AMERICA CHRISTIAN UNIVERSITY        ,OK,73170-4504,Private      ,3,32,35,384,777,1161
00767800,SPARTAN COLLEGE OF AERONAUTICS AND TECHN,OK,74115-5800,Proprietary  ,21,18,39,803,670,1473
00791100,VIRGILS BEAUTY COLLEGE                  ,OK,74401-6802,Proprietary  ,0,10,10,12,61,73
00834300,AUTRY TECHNOLOGY CENTER                 ,OK,73703-2598,Public       ,1,4,5,52,235,287
00861900,TRI COUNTY TECHNOLOGY CENTER            ,OK,74006-6029,Public       ,0,0,0,79,153,232
00918500,ROSE STATE COLLEGE                      ,OK,73110-2799,Public       ,29,136,165,1980,4807,6787
00920400,KIAMICHI AREA VOC TECH SCHOOL           ,OK,74578-0548,Public       ,0,8,8,235,1037,1272
00920408,KIAMICHI AREA VOC TECH SCHOOL           ,OK,74953-0000,Public       ,0,5,5,21,86,107
00961800,TULSA WELDING SCHOOL                    ,OK,74104-0000,Proprietary  ,115,197,312,665,1244,1909
00964700,"OKLAHOMA STATE UNIV, OKLA CITY          ",OK,73107-6159,Public       ,18,126,144,1528,4225,5753
00970800,EVES COLLEGE OF HAIRSTYLING             ,OK,73501-4359,Proprietary  ,7,29,36,35,119,154
00976300,TULSA COMMUNITY COLLEGE                 ,OK,74135-6198,Public       ,108,255,363,4661,9173,13834
00996300,CADDO KIOWA VOC TECH CENTER             ,OK,73038-0000,Public       ,3,16,19,81,423,504
00996400,CENTRAL OKLAHOMA AREA VOC TECH SCH      ,OK,74030-9613,Public       ,0,5,5,51,216,267
00996500,CANADIAN VALLEY TECHNOLOGY CENTER       ,OK,73036-9117,Public       ,0,9,9,75,477,552
00996800,GORDON COOPER TECHNOLOGY CENTER         ,OK,74804-9913,Public       ,0,1,1,89,423,512
01005300,INDIAN CAPITAL TECHNOLGY CENTER #4      ,OK,74403-9907,Public       ,4,3,7,135,531,666
01026600,HILLSDALE FREE WILL BAPTIST COLLEGE     ,OK,73153-0000,Private      ,2,2,4,163,84,247
01034200,SOUTHERN OKLAHOMA TECHNOLOGY CENTER     ,OK,73401-2100,Public       ,0,1,1,84,236,320
01039100,OKLAHOMA CITY COMMUNITY COLLEGE         ,OK,73159-4444,Public       ,67,171,238,3250,6203,9453
01071700,GREAT PLAINS TECHNOLOGY CENTER SCHOOL DI,OK,73505-8399,Public       ,0,7,7,92,490,582
01076200,WESTERN OK AREA VOC TECH SCH DIST12     ,OK,73624-1469,Public       ,1,0,1,52,125,177
01120600,PIONEER TECHNOLOGY CENTER               ,OK,74601-1106,Public       ,0,3,3,25,158,183
01128200,OKLAHOMA STATE UNV CLG OSTEOPTHC MD     ,OK,74107-0000,Public       ,0,2,2,36,515,551
01153700,MID-AMERICA TECHNOLOGY CENTER           ,OK,73095-0210,Public       ,1,1,2,32,78,110
01227200,MOORE-NORMAN TECHNOLOGY CENTER          ,OK,73069-8399,Public       ,0,10,10,125,585,710
02052700,NORTHEAST TECHNOLOGY CENTER             ,OK,74361-0487,Public       ,1,12,13,69,357,426
02060800,MERIDIAN TECHNOLOGY CENTER              ,OK,74074-0000,Public       ,0,1,1,106,272,378
02126500,ENID BEAUTY COLLEGE                     ,OK,73701-0000,Proprietary  ,3,5,8,23,36,59
02177900,STATE BARBER AND HAIR DESIGN CLG        ,OK,73108-0000,Proprietary  ,4,8,12,31,87,118
02184400,SAND SPRINGS BEAUTY COLLEGE             ,OK,74063-0000,Proprietary  ,1,19,20,53,180,233
02197300,HOLLYWOOD COSMETOLOGY CENTER            ,OK,73189-0000,Proprietary  ,1,4,5,15,45,60
02222700,FRANCIS TUTTLE TECHNOLOGY CENTER        ,OK,73142-0000,Public       ,5,23,28,194,1098,1292
02238500,CENTRAL STATE BEAUTY ACADEMY            ,OK,73162-6007,Proprietary  ,8,22,30,60,185,245
02250900,E OK COUNTY AREA VO-TECH                ,OK,73020-0000,Public       ,1,0,1,25,61,86
02256200,"BROKEN ARROW BEAUTY COLLEGE, INC        ",OK,74012-0000,Proprietary  ,6,9,15,74,147,221
02282100,HIGH PLAINS AREA VOC-TECH               ,OK,73801-0000,Public       ,0,0,0,13,99,112
02306800,PLATT COLLEGE                           ,OK,74145-0000,Proprietary  ,32,226,258,323,2353,2676
02510300,BEAUTY TECHNICAL COLLEGE                ,OK,74465-0000,Proprietary  ,0,6,6,17,68,85
02531200,WOODWARD BEAUTY COLLEGE                 ,OK,73801-0000,Proprietary  ,0,1,1,6,13,19
02554300,AMERICAN BEAUTY INSTITUTE               ,OK,74501-0000,Proprietary  ,2,7,9,22,65,87
02556500,YUKON BEAUTY COLLEGE                    ,OK,73099-4108,Proprietary  ,1,3,4,9,27,36
02560200,PHILLIPS THEOLOGICAL SEMINARY -         ,OK,74116-5612,Private      ,0,0,0,0,116,116
02571500,CITY COLLEGE                            ,OK,73160-0000,Proprietary  ,0,0,0,48,499,547
02581100,CLAREMORE BEAUTY COLLEGE                ,OK,74017-7034,Proprietary  ,2,0,2,15,21,36
02581200,CC'S COSMETOLOGY COLLEGE                ,OK,74129-0000,Proprietary  ,6,38,44,50,333,383
02591101,CAREER POINT INSTITUTE                  ,OK,74146-0000,Proprietary  ,1,0,1,11,71,82
02597400,PONTOTOC TECHNOLOGY CENTER SCHOOL       ,OK,74820-8621,Public       ,0,1,1,43,181,224
02599706,VATTEROTT COLLEGE - TULSA               ,OK,74146-2205,Proprietary  ,7,18,25,63,294,357
02599713,VATTEROTT COLLEGE - TULSA               ,OK,74146-4406,Proprietary  ,0,0,0,8,15,23
02600000,NORTHWEST TECHNOLOG CTR SCH DIST 10     ,OK,73717-9600,Public       ,0,2,2,17,59,76
02600500,WES WATKINS TECHNOLOGY CENTER           ,OK,74883-9660,Public       ,0,1,1,36,175,211
02609205,VATTEROTT COLLEGE - OKLAHOMA CITY       ,OK,73127-2103,Proprietary  ,2,27,29,86,708,794
03008700,SOUTHWEST TECHNOLOGY CENTER             ,OK,73521-1527,Public       ,1,1,2,37,93,130
03010300,POTEAU BEAUTY COLLEGE                   ,OK,74953-5400,Proprietary  ,5,7,12,27,99,126
03024700,STILLWATER BEAUTY ACADEMY               ,OK,74075-3467,Proprietary  ,2,5,7,25,54,79
03030700,OKLAHOMA SCHOOL OF PHOTOGRAPHY          ,OK,73160-3320,Proprietary  ,2,2,4,26,44,70
03030800,AMERICAN BROADCASTING SCHOOL            ,OK,73115-3334,Proprietary  ,9,52,61,64,312,376
03051100,CHISHOLM TRAIL TECHNOLOGY CENTER        ,OK,73764-9720,Public       ,0,5,5,11,53,64
03067300,METROPOLITAN CLG OF LEGAL STUDIES       ,OK,74145-0000,Private      ,0,0,0,5,43,48
03078500,TECH INST OF COSMETOLOGY ARTS & SCI     ,OK,74120-3610,Proprietary  ,0,6,6,2,14,16
03081300,METROPOLITAN COLLEGE                    ,OK,73118-5438,Private      ,0,0,0,5,84,89
03089400,SCHOOL OF HAIR DESIGN                   ,OK,74745-3447,Proprietary  ,3,6,9,37,120,157
03103800,SOUTHERN SCHOOL OF BEAUTY               ,OK,74701-5008,Proprietary  ,1,5,6,25,100,125
03109800,PONCA CITY BEAUTY COLLEGE               ,OK,74601-4201,Proprietary  ,1,2,3,5,19,24
03109801,BARTLESVILLE BEAUTY COLLEGE             ,OK,74003-2835,Proprietary  ,0,3,3,4,28,32
03115100,HERITAGE COLLEGE                        ,OK,73119-0000,Proprietary  ,31,141,172,293,1207,1500
03124800,PLATT COLLEGE                           ,OK,73501-3808,Proprietary  ,3,8,11,45,243,288
03126200,GREEN COUNTRY AREA VOC TECH SCHOOL      ,OK,74447-1217,Public       ,1,3,4,27,95,122
03198400,MID-DEL AREA VOCATIONAL & TECH SCH      ,OK,73110-4825,Public       ,0,0,0,18,83,101
03329400,PRYOR BEAUTY COLLEGE                    ,OK,74361-0000,Proprietary  ,1,11,12,22,123,145
03329401,PRYOR BEAUTY COLLEGE - GROVE BEAUTY COLL,OK,74345-0009,Proprietary  ,1,8,9,9,36,45
03329402,PRYOR BEAUTY COLLEGE - NORTH EAST OKLAHO,OK,74338-0000,Proprietary  ,0,7,7,0,7,7
03367400,COMMUNITY CARE COLLEGE                  ,OK,74145-6420,Proprietary  ,12,62,74,212,996,1208
03396300,OKLAHOMA HEALTH ACADEMY                 ,OK,74105-6220,Proprietary  ,4,30,34,54,244,298
03396400,OKLAHOMA HEALTH ACADEMY                 ,OK,73160-3667,Proprietary  ,5,30,35,69,298,367
03453400,SHAWNEE BEAUTY COLLEGE                  ,OK,74801-7014,Proprietary  ,1,6,7,14,69,83
03676300,FAMILY OF FAITH COLLEGE                 ,OK,74802-1805,Private      ,0,1,1,11,23,34
03831300,INSTITUTE OF HAIR DESIGN                ,OK,74804-0000,Proprietary  ,0,6,6,11,51,62
03928300,CENTRAL STATE MASSAGE ACADEMY           ,OK,73162-6007,Proprietary  ,2,6,8,16,91,107
04027300,4-STATES ACADEMY OF COSMETOLOGY         ,OK,74354-0000,Proprietary  ,2,12,14,7,35,42
04060300,AMERICAN INSTITUTE OF MEDICAL TECHNOLOGY,OK,74146-5201,Proprietary  ,0,4,4,2,30,32
04062300,OKLAHOMA TECHNOLOGY INSTITUTE           ,OK,73114-6318,Proprietary  ,0,3,3,6,59,65
00163700,BETHANY THEOLOGICAL SEMINARY            ,IN,47374-0000,Private      ,0,0,0,0,29,29
00178400,ANCILLA COLLEGE-FINANCIAL AID OFFC      ,IN,46513-0001,Private      ,2,6,8,376,463,839
00178500,ANDERSON UNIVERSITY                     ,IN,46012-3495,Private      ,3,18,21,2627,948,3575
00178600,BALL STATE UNIVERSITY                   ,IN,47306-0880,Public       ,42,102,144,16886,7422,24308
00178700,BETHEL COLLEGE INC                      ,IN,46545-5591,Private      ,2,15,17,1495,1186,2681
00178800,BUTLER UNIVERSITY                       ,IN,46208-3487,Private      ,4,10,14,4881,1177,6058
00178900,CHRISTIAN THEOLOGICAL SEMINARY          ,IN,46208-0000,Private      ,0,1,1,4,204,208
00179200,DEPAUW UNIVERSITY                       ,IN,46135-0037,Private      ,4,0,4,2649,51,2700
00179300,EARLHAM COLLEGE                         ,IN,47374-4095,Private      ,0,0,0,1448,128,1576
00179301,EARLHAM SCHOOL OF RELIGION              ,IN,47374-0000,Private      ,0,1,1,16,59,75
00179500,UNIVERSITY OF EVANSVILLE                ,IN,47722-0002,Private      ,1,1,2,3515,475,3990
00179800,FRANKLIN COLLEGE OF INDIANA             ,IN,46131-2623,Private      ,1,1,2,1515,123,1638
00179900,GOSHEN COLLEGE                          ,IN,46526-4794,Private      ,0,3,3,929,286,1215
00180000,GRACE COLLEGE & THEO SEMINARY           ,IN,46590-1224,Private      ,2,3,5,1122,635,1757
00180100,HANOVER COLLEGE                         ,IN,47243-0108,Private      ,1,0,1,1403,50,1453
00180300,HUNTINGTON UNIVERSITY                   ,IN,46750-1299,Private      ,1,8,9,1118,242,1360
00180400,UNIVERSITY OF INDIANAPOLIS              ,IN,46227-3697,Private      ,9,48,57,4130,2689,6819
00180500,INDIANA INSTITUTE OF TECHNOLOGY         ,IN,46803-1297,Private      ,3,40,43,1341,2150,3491
00180700,INDIANA STATE UNIVERSITY                ,IN,47809-2501,Public       ,25,79,104,7712,5134,12846
00180800,UNIVERSITY OF SOUTHERN INDIANA          ,IN,47712-3596,Public       ,20,32,52,7730,2827,10557
00180900,INDIANA UNIVERSITY-BLOOMINGTON          ,IN,47405-1223,Public       ,56,139,195,24607,9917,34524
00181100,INDIANA UNIV-EAST                       ,IN,47374-1289,Public       ,8,41,49,1021,1730,2751
00181300,INDIANA UNIV-PURDUE UNIV INDPLS         ,IN,46202-5145,Public       ,47,251,298,12269,18098,30367
00181301,INDIANA UNIVERSITY - PURDUE UNIVERSITY I,IN,47203-1769,Public       ,7,17,24,891,1072,1963
00181400,INDIANA UNIV KOKOMO                     ,IN,46902-3557,Public       ,7,39,46,1329,1800,3129
00181500,INDIANA UNIV-NORTHWEST                  ,IN,46408-1197,Public       ,10,78,88,2201,3730,5931
00181600,INDIANA UNIVERSITY - SOUTH BEND         ,IN,46615-0000,Public       ,14,80,94,3464,4160,7624
00181700,INDIANA UNIVERSITY-SOUTHEAST            ,IN,47150-6405,Public       ,13,61,74,2636,3162,5798
00182000,MANCHESTER COLLEGE                      ,IN,46962-1276,Private      ,1,1,2,1623,117,1740
00182100,MARIAN UNIVERSITY                       ,IN,46222-1997,Private      ,2,19,21,1343,1567,2910
00182200,INDIANA WESLEYAN UNIVERSITY             ,IN,46953-4974,Private      ,11,467,478,3576,11977,15553
00182300,ASSOCIATED MENNONITE BIBLICAL SEM       ,IN,46517-1999,Private      ,0,0,0,3,85,88
00182400,OAKLAND CITY UNIVERSITY                 ,IN,47660-1099,Private      ,4,18,22,709,1645,2354
00182500,PURDUE UNIVERSITY                       ,IN,47907-2050,Public       ,48,53,101,27999,6516,34515
00182600,PURDUE UNIV NORTH CENTRAL CAMPUS        ,IN,46391-9528,Public       ,9,28,37,2083,2272,4355
00182700,PURDUE UNIV CALUMET                     ,IN,46323-2094,Public       ,18,57,75,4236,4669,8905
00182800,INDIANA UNIV-PURDUE UNIV FORT WAYNE     ,IN,46805-1499,Public       ,15,96,111,6588,6243,12831
00183000,ROSE HULMAN INSTITUTE OF TECHNOLOGY     ,IN,47803-3999,Private      ,2,0,2,2751,94,2845
00183200,UNIVERSITY OF SAINT FRANCIS             ,IN,46808-3994,Private      ,4,14,18,1932,1479,3411
00183300,ST JOSEPH'S COLLEGE                     ,IN,47978-0000,Private      ,1,1,2,1178,130,1308
00183400,CALUMET COLLEGE OF SAINT JOSEPH         ,IN,46394-2195,Private      ,3,30,33,407,982,1389
00183500,SAINT MARY-OF-THE-WOODS COLLEGE         ,IN,47876-0067,Private      ,3,36,39,366,1269,1635
00183600,ST MARY'S COLLEGE                       ,IN,46556-5007,Private      ,0,0,0,1589,52,1641
00183800,TAYLOR UNIVERSITY                       ,IN,46989-1001,Private      ,2,0,2,2110,80,2190
00183801,TAYLOR UNIVERSITY - FORT WAYNE          ,IN,46807-0000,Private      ,0,3,3,555,391,946
00183900,TRINE UNIVERSITY                        ,IN,46703-1764,Private      ,3,9,12,1726,584,2310
00184000,UNIVERSITY OF NOTRE DAME                ,IN,46556-5602,Private      ,6,15,21,11010,2946,13956
00184200,VALPARAISO UNIVERSITY                   ,IN,46383-6493,Private      ,3,13,16,4267,1902,6169
00184300,VINCENNES UNIVERSITY                    ,IN,47591-1523,Public       ,38,52,90,4942,2770,7712
00184302,VINCENNES UNIV - FORT HARRISON CNTR     ,IN,46256-0000,Public       ,0,1,1,79,96,175
00184400,WABASH COLLEGE                          ,IN,47933-0352,Private      ,1,0,1,1143,28,1171
00224905,DAVENPORT UNIVERSITY-MERRILLVILLE       ,IN,46410-0000,Private      ,2,20,22,165,977,1142
00420300,GOOD SAMARITAN HOSP RADIOGRAPHY PRG     ,IN,47591-0000,Public       ,0,0,0,4,13,17
00457900,INTERNATIONAL BUSINESS COLLEGE          ,IN,46804-0000,Proprietary  ,0,4,4,685,320,1005
00457901,INTERNATIONAL BUSINESS COLLEGE          ,IN,46256-0000,Proprietary  ,2,2,4,381,133,514
00458300,BROWN MACKIE COLLEGE-SOUTH BEND         ,IN,46635-1776,Proprietary  ,43,216,259,507,3010,3517
00512730,BROWN MACKIE COLLEGE-MERRILLVILLE       ,IN,46410-0000,Proprietary  ,21,140,161,305,2324,2629
00625700,SAINT ELIZABETH SCHOOL OF NURSING       ,IN,47904-2198,Private      ,0,1,1,109,190,299
00726300,HOLY CROSS COLLEGE                      ,IN,46556-0308,Private      ,1,1,2,503,72,575
00727600,SAINT MEINRAD SCHOOL OF THEOLOGY        ,IN,47577-1002,Private      ,0,0,0,5,85,90
00732700,ITT TECHNICAL INSTITUTE                 ,IN,47630-7430,Proprietary  ,229,367,596,2367,3794,6161
00732900,ITT TECHNICAL INSTITUTE                 ,IN,46268-1119,Proprietary  ,228,555,783,2623,6276,8899
00736200,MEDTECH COLLEGE                         ,IN,46250-3970,Proprietary  ,9,66,75,83,782,865
00793800,LINCOLN COLLEGE OF TECHNOLOGY           ,IN,46202-0000,Proprietary  ,110,161,271,2196,1342,3538
00832900,ITT TECHNICAL INSTITUTE                 ,IN,46825-2393,Proprietary  ,97,206,303,1807,2608,4415
00842300,IVY TECH COMMUNITY COLLEGE OF INDIANA - ,IN,46601-3892,Public       ,22,135,157,1497,4576,6073
00854600,NOT FOR STUDENT USE                     ,IN,46208-4700,Public       ,14,62,76,1630,3505,5135
00854700,IVY TECH COMMUNITY COLLEGE OF INDIANA - ,IN,47802-4898,Public       ,20,113,133,1589,3865,5454
00951500,J MICHAEL HARROLD BEAUTY ACADEMY        ,IN,47807-3390,Proprietary  ,3,0,3,32,55,87
00961200,"APEX SCHOOL OF BEAUTY CULTURE, INC      ",IN,46016-0000,Proprietary  ,0,4,4,7,38,45
00961300,MERRILLVILLE BEAUTY COLLEGE             ,IN,46410-3401,Proprietary  ,2,12,14,34,169,203
00967300,RUDAE'S SCHOOL OF BEAUTY CULTURE        ,IN,46825-5444,Proprietary  ,5,15,20,75,155,230
00967301,RUDAE'S SCHOOL OF BEAUTY CULTURE - FORT ,IN,46825-5444,Proprietary  ,0,0,0,6,10,16
00977700,KAPLAN COLLEGE                          ,IN,46278-1736,Proprietary  ,20,102,122,377,1120,1497
00991700,IVY TECH COMMUNITY COLLEGE OF INDIANA - ,IN,46208-1763,Public       ,45,254,299,3545,8260,11805
00992300,IVY TECH COMMUNITY COLLEGE OF INDIANA - ,IN,47250-1881,Public       ,11,54,65,642,1569,2211
00992400,IVY TECH COMMUNITY COLLEGE OF INDIANA - ,IN,47302-9448,Public       ,21,162,183,2138,5052,7190
00992500,IVY TECH COMMUNITY COLLEGE OF INDIANA - ,IN,47710-3398,Public       ,12,109,121,1423,3348,4771
00992600,IVY TECH COMMUNITY COLLEGE OF INDIANA- R,IN,46805-1489,Public       ,27,140,167,2514,6007,8521
01003700,IVY TECH STATE COLLEGE - REGION 9       ,IN,47374-1220,Public       ,7,97,104,600,2248,2848
01003800,IVY TECH COMMUNITY COLLEGE OF INDIANA - ,IN,47203-1868,Public       ,8,50,58,831,2177,3008
01003900,IVY TECH COMMUNITY COLLEGE OF INDIANA - ,IN,47903-6299,Public       ,20,76,96,1939,3210,5149
01004000,IVY TECH COMMUNITY COLLEGE OF INDIANA - ,IN,46409-1303,Public       ,30,206,236,1421,5037,6458
01004100,IVY TECH STATE COLLEGE - REGION 5       ,IN,46903-1373,Public       ,16,104,120,894,2994,3888
01010900,IVY TECH COMMUNITY COLLEGE OF INDIANA - ,IN,47172-1897,Public       ,11,69,80,891,2228,3119
01015100,VINCENNES BEAUTY COLLEGE                ,IN,47591-1297,Proprietary  ,4,9,13,39,59,98
01040900,LAFAYETTE BEAUTY ACADEMY                ,IN,47901-1149,Proprietary  ,0,1,1,27,64,91
01061800,MID-AMERICA CLG FUNERAL SERVICE         ,IN,47130-9990,Private      ,1,2,3,34,85,119
01150500,CREATIVE HAIR STYLING ACADEMY           ,IN,46322-1554,Proprietary  ,3,4,7,51,75,126
02084800,RAVENSCROFT BEAUTY COLLEGE              ,IN,46815-0000,Proprietary  ,2,19,21,79,199,278
02087600,CONCORDIA THEOLOGICAL SEMINARY          ,IN,46825-0000,Private      ,1,6,7,4,316,320
02118900,EVANSVILLE TRI STATE BEAUTY COLLEGE     ,IN,47715-0000,Proprietary  ,3,8,11,50,60,110
02140800,MARTIN UNIVERSITY                       ,IN,46218-0000,Private      ,6,70,76,121,1206,1327
02158400,HARRISON COLLEGE                        ,IN,46204-2611,Proprietary  ,13,110,123,487,2168,2655
02158401,HARRISON COLLEGE - COLUMBUS             ,IN,47203-1843,Proprietary  ,4,32,36,123,520,643
02158402,HARRISON COLLEGE - LAFAYETTE            ,IN,47905-4859,Proprietary  ,2,36,38,136,498,634
02158404,HARRISON COLLEGE - MARION               ,IN,46952-0000,Proprietary  ,2,15,17,50,263,313
02158405,HARRISON COLLEGE - TERRE HAUTE          ,IN,47802-0000,Proprietary  ,6,23,29,89,482,571
02158407,HARRISON COLLEGE - ANDERSON             ,IN,46013-0000,Proprietary  ,3,35,38,130,434,564
02158409,HARRISON COLLEGE - EVANSVILLE           ,IN,47715-3901,Proprietary  ,6,28,34,106,566,672
02158410,HARRISON COLLEGE - EAST                 ,IN,46239-8903,Proprietary  ,11,73,84,197,957,1154
02158412,HARRISON COLLEGE - FORT WAYNE           ,IN,46825-0000,Proprietary  ,8,48,56,227,780,1007
02158413,HARRISON COLLEGE - NORTHWEST            ,IN,46278-0000,Proprietary  ,4,15,19,84,364,448
02158800,DON ROBERTS BEAUTY SCHOOLS              ,IN,46383-0000,Proprietary  ,1,1,2,23,44,67
02164300,DON ROBERTS SCHOOL OF HAIR DESIGN       ,IN,46375-9999,Proprietary  ,2,2,4,27,59,86
02201800,KAPLAN COLLEGE                          ,IN,46410-0000,Proprietary  ,8,47,55,181,701,882
02201802,KAPLAN COLLEGE - HAMMOND                ,IN,46324-3347,Proprietary  ,16,86,102,243,1162,1405
02241700,PJ'S COLLEGE OF COSMETOLOGY             ,IN,47129-0000,Proprietary  ,2,25,27,23,147,170
02302700,J EVERETT LIGHT CAREER CENTER           ,IN,46240-0000,Public       ,0,2,2,29,211,240
02304800,PJ'S COLLEGE OF COSMETOLOGY             ,IN,47374-0000,Proprietary  ,0,3,3,20,64,84
02308900,MASTER'S OF COSMETOLOGY COLLEGE         ,IN,46809-0000,Proprietary  ,6,0,6,78,85,163
02339600,ROGER'S ACADEMY OF HAIR DESIGN          ,IN,47712-0000,Proprietary  ,6,17,23,70,123,193
02345200,EMPIRE BEAUTY SCHOOL                    ,IN,46237-0000,Proprietary  ,3,15,18,79,233,312
02347600,BALL MEMORIAL HOSPITAL SCH RAD TECH     ,IN,47303-0000,Private      ,0,4,4,29,41,70
02351300,KNOX BEAUTY COLLEGE                     ,IN,46534-0000,Proprietary  ,0,0,0,10,23,33
02490500,HAIR FASHIONS BY KAYE BEAUTY CLG        ,IN,46250-0000,Proprietary  ,0,1,1,21,61,82
02490800,HAIR FASHIONS BY KAYE BEAUTY CLG        ,IN,46060-0000,Proprietary  ,8,23,31,81,291,372
02607000,HAIR ARTS ACADEMY                       ,IN,47404-3581,Proprietary  ,1,4,5,29,52,81
02615800,COLLEGE OF COURT REPORTING              ,IN,46342-5969,Proprietary  ,2,12,14,22,311,333
02622800,INDIANA COSMETOLOGY ACADEMY             ,IN,47404-0000,Proprietary  ,0,0,0,1,0,1
03009700,HARRISON COLLEGE                        ,IN,47303-6413,Proprietary  ,10,28,38,171,540,711
03084601,THE ART INSTITUTE OF INDIANAPOLIS       ,IN,46268-1170,Proprietary  ,8,23,31,356,383,739
03100600,MARION COMM TUCKER AREA VOC SCHOOL      ,IN,46952-3831,Public       ,0,3,3,54,143,197
03176300,AMERICAN TRANS AIR AVIATION ACADEMY     ,IN,46241-1445,Proprietary  ,5,26,31,59,339,398
03262300,DAVID DEMUTH INSTITUTE OF COSM          ,IN,47374-4101,Proprietary  ,2,3,5,12,50,62
03456700,CROSSROADS BIBLE COLLEGE                ,IN,46219-4912,Private      ,1,2,3,74,269,343
03521300,IVY TECH COMMUNITY COLLEGE OF INDIANA - ,IN,47404-9772,Public       ,24,81,105,1761,3117,4878
03538300,ALEXANDRIA SCH OF SCIENTIFIC THERAP     ,IN,46001-0287,Proprietary  ,0,1,1,34,66,100
04038700,IDEAL BEAUTY ACADEMY                    ,IN,47130-4215,Proprietary  ,0,3,3,8,23,31
04100300,SUCCESS SCHOOLS                         ,IN,46410-5310,Proprietary  ,1,7,8,5,27,32
04119700,MOLER HAIRSTYLING COLLEGE               ,IN,46406-1745,Proprietary  ,1,4,5,1,4,5
00190100,ALLEN COUNTY COMMUNITY COLLEGE          ,KS,66749-1607,Public       ,14,56,70,872,955,1827
00190200,COWLEY COUNTY COMMUNITY COLLEGE & AREA V,KS,67005-2662,Public       ,20,65,85,1568,2291,3859
00190300,BAKER UNIVERSITY                        ,KS,66006-0065,Private      ,3,58,61,1383,2632,4015
00190400,BETHANY COLLEGE                         ,KS,67456-1897,Private      ,1,1,2,872,82,954
00190500,BETHEL COLLEGE                          ,KS,67117-0531,Private      ,1,1,2,533,163,696
00190600,BUTLER COUNTY COMMUNITY COLLEGE         ,KS,67042-3280,Public       ,32,110,142,2908,3911,6819
00190700,CENTRAL BAPTIST THEOLOGY SEMINARY       ,KS,66226-3513,Private      ,0,1,1,2,40,42
00190800,CENTRAL CHRISTIAN COLLEGE OF KANSAS     ,KS,67460-5799,Private      ,2,1,3,460,91,551
00190900,CLOUD COUNTY COMMUNITY COLLEGE          ,KS,66901-1002,Public       ,3,19,22,723,774,1497
00191000,COFFEYVILLE COMMUNITY COLLEGE           ,KS,67337-5064,Public       ,40,8,48,899,333,1232
00191008,COFFEYVILLE COMM COL/AREA VOC TECH CAMP ,KS,67337-5064,Public       ,0,0,0,17,1,18
00191100,COLBY COMMUNITY COLLEGE                 ,KS,67701-4099,Public       ,9,16,25,620,402,1022
00191300,DODGE CITY COMMUNITY COLLEGE            ,KS,67801-2399,Public       ,20,15,35,611,422,1033
00191400,DONNELLY COLLEGE                        ,KS,66102-4298,Private      ,10,68,78,231,612,843
00191500,FORT HAYS STATE UNIVERSITY              ,KS,67601-4099,Public       ,10,105,115,3539,2838,6377
00191600,FORT SCOTT COMMUNITY COLLEGE            ,KS,66701-3199,Public       ,88,21,109,1076,749,1825
00191700,BARCLAY COLLEGE                         ,KS,67059-0288,Private      ,0,0,0,85,27,112
00191800,FRIENDS UNIVERSITY                      ,KS,67213-3397,Private      ,3,45,48,1257,2686,3943
00191900,GARDEN CITY COMMUNITY COLLEGE           ,KS,67846-6398,Public       ,17,29,46,797,602,1399
00192000,HESSTON COLLEGE                         ,KS,67062-2093,Private      ,4,3,7,411,174,585
00192100,HIGHLAND COMMUNITY COLLEGE              ,KS,66035-4062,Public       ,15,12,27,973,652,1625
00192114,HIGHLAND COMMUNITY COLLEGE - NOTHEAST KA,KS,66002-1513,Public       ,0,1,1,109,129,238
00192300,HUTCHINSON COMMUNITY COLLEGE            ,KS,67501-5894,Public       ,66,53,119,1828,1747,3575
00192400,INDEPENDENCE COMMUNITY COLLEGE          ,KS,67301-0000,Public       ,39,32,71,475,307,782
00192500,KANSAS CITY KANSAS COMMUNITY CLG        ,KS,66112-9978,Public       ,20,100,120,1264,2911,4175
00192502,"KANSAS CITY KS AREA TECH SCHOOL, KS     ",KS,66104-0000,Public       ,16,15,31,153,395,548
00192600,PITTSBURG STATE UNIVERSITY              ,KS,66762-7500,Public       ,17,71,88,4032,2344,6376
00192700,EMPORIA STATE UNIVERSITY                ,KS,66801-5087,Public       ,7,20,27,3442,2365,5807
00192800,KANSAS STATE UNIVERSITY                 ,KS,66506-1104,Public       ,45,104,149,14004,5380,19384
00192900,KANSAS WESLEYAN UNIVERSITY              ,KS,67401-6196,Private      ,2,2,4,1027,408,1435
00193000,LABETTE COMMUNITY COLLEGE               ,KS,67357-4299,Public       ,9,23,32,508,677,1185
00193100,MANHATTAN CHRISTIAN COLLEGE             ,KS,66502-4081,Private      ,0,1,1,354,130,484
00193300,MCPHERSON COLLEGE                       ,KS,67460-3899,Private      ,0,1,1,720,167,887
00193600,NEOSHO COUNTY COMMUNITY COLLEGE         ,KS,66720-2699,Public       ,5,28,33,544,720,1264
00193700,OTTAWA UNIVERSITY                       ,KS,66067-3399,Private      ,6,75,81,623,2255,2878
00193800,PRATT COMMUNITY COLLEGE                 ,KS,67124-8432,Public       ,3,9,12,561,346,907
00193900,NEWMAN UNIVERSITY                       ,KS,67213-2084,Private      ,2,23,25,969,1194,2163
00194000,SOUTHWESTERN COLLEGE                    ,KS,67156-2499,Private      ,1,23,24,730,970,1700
00194300,UNIVERSITY OF ST MARY                   ,KS,66048-5023,Private      ,2,17,19,499,484,983
00194500,STERLING COLLEGE                        ,KS,67579-1533,Private      ,2,2,4,799,67,866
00194600,TABOR COLLEGE                           ,KS,67063-1799,Private      ,2,2,4,561,189,750
00194800,UNIVERSITY OF KANSAS                    ,KS,66045-7535,Public       ,71,102,173,14268,6977,21245
00194802,UNIVERSITY OF KANSAS MED CENTER         ,KS,66160-0000,Public       ,0,3,3,236,1615,1851
00194900,WASHBURN UNIVERSITY                     ,KS,66621-1110,Public       ,7,53,60,3342,4188,7530
00195000,WICHITA STATE UNIVERSITY                ,KS,67208-0001,Public       ,26,123,149,5660,6527,12187
00460800,BARTON COUNTY COMMUNITY COLLEGE         ,KS,67530-9283,Public       ,11,50,61,726,1274,2000
00526400,FLINT HILLS TECHNICAL COLLEGE           ,KS,66801-5999,Public       ,0,3,3,143,264,407
00526500,NORTH CENTRAL KANSAS TECH COLG          ,KS,67420-0000,Public       ,0,0,0,310,190,500
00526700,NORTHWEST KANSAS TECHNICAL SCHOOL       ,KS,67735-3441,Public       ,2,1,3,224,101,325
00549800,WICHITA AREA TECHNICAL COLLEGE          ,KS,67211-2099,Public       ,1,25,26,264,842,1106
00549900,SALINA AREA TECHNICAL COLLEGE           ,KS,67401-8195,Public       ,0,1,1,162,103,265
00550000,MANHATTAN AREA TECHNICAL COLLEGE        ,KS,66503-2499,Public       ,1,9,10,256,321,577
00675500,BROWN MACKIE COLLEGE (THE)              ,KS,67401-7307,Proprietary  ,6,61,67,297,1202,1499
00703200,MID AMERICA NAZARENE UNIVERSITY         ,KS,66062-1899,Private      ,2,17,19,1035,936,1971
00817200,SOUTHWEST KANSAS TECHNICAL SCHOOL       ,KS,67905-2013,Public       ,2,0,2,80,47,127
00822800,SEWARD CO COMM CO/AREA TECHNICAL SCHOOL ,KS,67905-0000,Public       ,4,10,14,386,393,779
00824400,JOHNSON COUNTY COMMUNITY COLLEGE        ,KS,66210-1299,Public       ,47,133,180,4266,5212,9478
00833200,B-STREET DESIGN SCHOOL OF INTERNATIONAL ,KS,66502-6082,Proprietary  ,5,3,8,31,71,102
00868200,ACADEMY OF HAIR DESIGN                  ,KS,67401-2803,Proprietary  ,3,6,9,49,79,128
01025600,BENEDICTINE COLLEGE                     ,KS,66002-1499,Private      ,4,2,6,1455,171,1626
01043800,HASKELL INDIAN NATIONS UNIVERSITY       ,KS,66046-4800,Public       ,6,10,16,850,607,1457
01050300,WICHITA TECHNICAL INSTITUTE             ,KS,67213-1927,Proprietary  ,26,172,198,281,1822,2103
01068900,KAW AREA TECHNICAL SCHOOL               ,KS,66604-2199,Public       ,0,1,1,162,323,485
02090700,CLEVELAND CHIROPRACTIC COLLEGE          ,KS,66210-1613,Private      ,1,6,7,57,553,610
02134800,OLD TOWN BARBER AND BEAUTY COLLEGE      ,KS,67211-0000,Proprietary  ,0,16,16,25,119,144
02196400,CAPITOL CITY HAIR DESIGN COLLEGE        ,KS,66102-0000,Proprietary  ,10,32,42,77,240,317
02204900,AMERICAN ACADEMY OF HAIR DESIGN         ,KS,66611-0000,Proprietary  ,2,2,4,48,70,118
02257700,HAYS ACADEMY OF HAIR DESIGN             ,KS,67601-0000,Proprietary  ,0,4,4,45,35,80
02303500,AMERICAN INSTITUTE OF BAKING            ,KS,66502-0000,Private      ,0,0,0,5,11,16
02340700,LABARON HAIRDRESSING ACADEMY            ,KS,66204-0000,Proprietary  ,2,6,8,27,58,85
02590900,WRIGHT CAREER COLLEGE                   ,KS,66212-0000,Private      ,41,333,374,268,2224,2492
02599709,VATTEROTT COLLEGE - WICHITA             ,KS,67226-1304,Proprietary  ,5,42,47,67,472,539
02603100,XENON INTERNATIONAL ACADEMY             ,KS,67203-5428,Proprietary  ,9,14,23,156,156,312
02606300,PAUL MITCHELL THE SCHOOL WICHITA        ,KS,67226-2803,Proprietary  ,0,4,4,29,89,118
02613000,PINNACLE CAREER INSTITUTE               ,KS,66046-2703,Proprietary  ,3,21,24,83,279,362
03031300,XENON INTERNATIONAL ACADEMY IV          ,KS,66061-3765,Proprietary  ,3,4,7,41,112,153
03066200,BRYAN COLLEGE                           ,KS,66604-2496,Proprietary  ,5,35,40,61,400,461
03450300,B-STREET DESIGN SCHOOL OF INTERNATIONAL ,KS,66611-2373,Proprietary  ,3,11,14,35,109,144
03450301,B-STREET DESIGN SCHOOL OF INTERNATIONAL ,KS,67207-5148,Proprietary  ,3,9,12,38,80,118
03450302,B-STREET DESIGN SCHOOL OF INTERNATIONAL ,KS,66212-5451,Proprietary  ,4,6,10,52,84,136
03529300,SIDNEY'S HAIRDRESSING COLLEGE           ,KS,67501-7094,Proprietary  ,1,4,5,27,49,76
03862300,BMSI INSTITUTE                          ,KS,66212-3388,Proprietary  ,0,2,2,4,17,21
00203300,UNIVERSITY OF MAINE-PRESQUE ISLE        ,ME,04769-2888,Public       ,0,6,6,737,495,1232
00203500,BANGOR THEOLOGICAL SEMINARY             ,ME,04402-0411,Private      ,0,0,0,2,89,91
00203600,BATES COLLEGE                           ,ME,04240-6028,Private      ,1,0,1,2204,32,2236
00203800,BOWDOIN COLLEGE                         ,ME,04011-8451,Private      ,1,0,1,2692,38,2730
00203900,COLBY COLLEGE                           ,ME,04901-8841,Private      ,0,0,0,2229,32,2261
00204000,UNIVERSITY OF MAINE-FARMINGTON          ,ME,04938-1990,Public       ,5,2,7,2689,453,3142
00204100,UNIVERSITY OF MAINE-FORT KENT           ,ME,04743-1292,Public       ,3,3,6,451,273,724
00204300,HUSSON UNIVERSITY                       ,ME,04401-2999,Private      ,2,15,17,1721,800,2521
00204400,MAINE MARITIME ACADEMY                  ,ME,04420-0001,Public       ,1,0,1,864,126,990
00205000,UNIVERSITY OF NEW ENGLAND               ,ME,04005-9599,Private      ,1,13,14,2669,1819,4488
00205100,SAINT JOSEPH'S COLLEGE                  ,ME,04084-5263,Private      ,1,23,24,1361,588,1949
00205200,THOMAS COLLEGE                          ,ME,04901-5097,Private      ,0,1,1,779,166,945
00205300,UNIVERSITY OF MAINE                     ,ME,04469-0001,Public       ,11,29,40,9249,2934,12183
00205400,UNIVERSITY OF SOUTHERN MAINE            ,ME,04104-0000,Public       ,5,18,23,5553,4418,9971
00205500,UNIVERSITY OF MAINE-MACHIAS             ,ME,04654-1397,Public       ,2,2,4,495,255,750
00520400,BEAL COLLEGE                            ,ME,04401-6896,Proprietary  ,4,8,12,206,551,757
00527600,CENTRAL MAINE COMMUNITY COLLEGE         ,ME,04210-6498,Public       ,3,3,6,973,941,1914
00527700,EASTERN MAINE COMMUNITY COLLEGE         ,ME,04401-4280,Public       ,4,5,9,1161,942,2103
00552500,SOUTHERN MAINE COMMUNITY  COLLEGE       ,ME,04106-1698,Public       ,6,13,19,2200,1980,4180
00576000,NORTHERN MAINE COMMUNITY COLLEGE        ,ME,04769-2016,Public       ,3,4,7,477,507,984
00577600,MERCY HOSP SCH OF RADIOLOGIC TECH       ,ME,04101-3795,Private      ,0,0,0,10,20,30
00630501,CENTRAL MAINE MEDICAL CENTER - COLLEGE O,ME,04240-4500,Private      ,0,3,3,35,153,188
00676000,UNIVERSITY OF MAINE-AUGUSTA             ,ME,04330-9410,Public       ,6,18,24,1526,4424,5950
00685800,UNITY COLLEGE                           ,ME,04988-9502,Private      ,4,0,4,633,95,728
00903800,MR BERNARD'S SCH HAIR FASHION INC       ,ME,04243-1163,Proprietary  ,1,7,8,36,83,119
00923100,WASHINGTON COUNTY COMMUNITY COLLEGE     ,ME,04619-9704,Public       ,3,1,4,232,224,456
00929200,ANDOVER COLLEGE                         ,ME,04106-2415,Proprietary  ,12,49,61,191,715,906
00929201,ANDOVER COLLEGE -                       ,ME,04240-0000,Proprietary  ,16,66,82,192,850,1042
00945900,EMPIRE BEAUTY SCHOOL                    ,ME,04101-3348,Proprietary  ,8,14,22,250,455,705
00982600,KENNEBEC VALLEY  COMMUNITY  COLLEGE     ,ME,04937-1367,Public       ,6,8,14,539,1199,1738
01138500,COLLEGE OF THE ATLANTIC                 ,ME,04609-1105,Private      ,1,0,1,377,61,438
01167300,MAINE COLLEGE OF ART                    ,ME,04101-3987,Private      ,0,1,1,609,200,809
02104400,SPA TECH INSTITUTE                      ,ME,04102-0000,Proprietary  ,2,14,16,147,347,494
02347100,NEW ENGLAND SCHOOL OF COMMUNICATIONS    ,ME,04401-0000,Private      ,1,0,1,383,78,461
02361300,LANDING SCHOOL OF BOATBUILDING & DESIGN ,ME,04046-1490,Private      ,0,0,0,20,40,60
03122900,YORK COUNTY COMMUNITY COLLEGE           ,ME,04090-0529,Public       ,3,9,12,320,351,671
03429300,SEACOAST CAREER SCHOOLS                 ,ME,04073-0000,Proprietary  ,5,55,60,144,729,873
03612300,BIRTHWISE MIDWIFERY SCHOOL              ,ME,04009-1110,Proprietary  ,0,0,0,10,31,41
03990300,FULLER CIRCLES SCHOOL FOR MASSAGE THERAP,ME,04963-5230,Proprietary  ,0,0,0,4,12,16
00209300,ST JOHN'S COLLEGE                       ,NM,87505-4599,Private      ,2,4,6,519,221,740
00264900,COLLEGE OF SANTA FE                     ,NM,87505-7634,Private      ,5,25,30,695,838,1533
00265000,UNIVERSITY OF THE SOUTHWEST             ,NM,88240-9129,Private      ,3,21,24,363,386,749
00265100,EASTERN NEW MEXICO UNIV PORTALES        ,NM,88130-6000,Public       ,7,35,42,2402,2066,4468
00265101,EASTERN NEW MEXICO UNIV-ROSWELL CAM     ,NM,88202-0000,Public       ,15,63,78,915,1429,2344
00265300,NEW MEXICO HIGHLANDS UNIVERSITY         ,NM,87701-4436,Public       ,14,15,29,1313,1907,3220
00265400,NEW MEXICO INST OF MINING & TECH        ,NM,87801-4796,Public       ,3,1,4,1010,291,1301
00265500,NEW MEXICO JUNIOR COLLEGE               ,NM,88240-9123,Public       ,18,33,51,738,860,1598
00265600,NEW MEXICO MILITARY INSTITUTE           ,NM,88201-5173,Public       ,2,0,2,306,11,317
00265700,NEW MEXICO STATE UNIVERSITY             ,NM,88003-8001,Public       ,58,106,164,8997,6808,15805
00265701,NEW MEXICO STATE UNIV-ALAMOGORDO        ,NM,88311-0000,Public       ,6,25,31,375,915,1290
00265702,NEW MEXICO STATE UNIV.-DONA ANA CLG     ,NM,88003-0000,Public       ,11,47,58,1566,2465,4031
00265703,NEW MEXICO STATE UNIV-CARLSBAD          ,NM,88220-0000,Public       ,1,24,25,298,677,975
00265704,NEW MEXICO STATE UNIV-GRANTS            ,NM,87020-0000,Public       ,1,6,7,136,361,497
00266000,SAN JUAN COLLEGE                        ,NM,87402-4699,Public       ,16,51,67,1253,2403,3656
00266300,THE UNIVERSITY OF NEW MEXICO            ,NM,87131-0001,Public       ,119,242,361,10804,12219,23023
00266301,UNIV OF NEW MEXICO - GALLUP BRANCH      ,NM,87301-5697,Public       ,7,16,23,738,1444,2182
00266302,UNIV OF NEW MEXICO - VALENCIA BRANCH    ,NM,87031-0000,Public       ,3,24,27,445,838,1283
00266303,UNIV OF NEW MEXICO - LOS ALAMOS         ,NM,87544-0000,Public       ,2,3,5,136,152,288
00266400,WESTERN NEW MEXICO UNIVERSITY           ,NM,88061-5417,Public       ,5,33,38,863,1448,2311
00405701,NATIONAL AMERICAN UNIVERSITY            ,NM,87110-0000,Proprietary  ,0,4,4,31,345,376
00474200,CENTRAL NEW MEXICO COMMUNITY COLLEGE    ,NM,87106-4096,Public       ,126,540,666,4840,10845,15685
00474300,CLOVIS COMMUNITY COLLEGE                ,NM,88101-8381,Public       ,15,63,78,552,1548,2100
00996200,LUNA COMMUNITY COLLEGE                  ,NM,87701-0000,Public       ,9,15,24,298,530,828
01063200,DEWOLFF CLG HAIRSTYLING/COSMETOLOGY     ,NM,87112-4113,Proprietary  ,4,13,17,50,163,213
01300500,OLYMPIAN UNIVERSITY OF COSMETOLOGY      ,NM,88310-5051,Proprietary  ,31,91,122,344,983,1327
02083900,NORTHERN NEW MEXICO COLLEGE             ,NM,87530-0000,Public       ,12,27,39,508,994,1502
02146400,INSTITUTE OF AMERICAN INDIAN ARTS       ,NM,87508-0000,Public       ,2,2,4,164,170,334
02278100,SANTA FE COMMUNITY COLLEGE              ,NM,87507-0000,Public       ,13,39,52,649,1208,1857
02357600,CROWNPOINT INSTITUTE OF TECHNOLOGY      ,NM,87313-0000,Public       ,5,1,6,218,397,615
02491501,THE ART CENTER DESIGN COLLEGE- ALBQ     ,NM,87110-0000,Proprietary  ,1,2,3,81,77,158
02496900,ALBUQUERQUE BARBER COLLEGE              ,NM,87108-1859,Proprietary  ,0,0,0,5,8,13
02511000,SOUTHWESTERN INDIAN POLYTECH INST       ,NM,87184-0000,Public       ,17,28,45,316,394,710
02532900,BUSINESS SKILLS INSTITUTE               ,NM,88001-0000,Proprietary  ,0,7,7,28,159,187
02622000,SOUTHWEST ACUPUNCTURE COLLEGE           ,NM,87505-0000,Proprietary  ,0,2,2,2,317,319
03076100,SOUTHWESTERN COLLEGE                    ,NM,87507-0000,Private      ,1,0,1,5,161,166
03099300,METROPOLITAIN CLG COURT REPORTING       ,NM,87110-4129,Private      ,0,0,0,8,54,62
03128200,KAPLAN CAREER INSTITUTE                 ,NM,87109-2072,Proprietary  ,11,55,66,92,407,499
03206300,MESALANDS COMMUNITY COLLEGE             ,NM,88401-3352,Public       ,4,17,21,120,266,386
03430300,UNIVERSAL THERAPEUTIC MASSAGE INSTITUTE ,NM,87107-4403,Proprietary  ,5,17,22,42,118,160
03678300,PIMA MEDICAL INSTITUTE                  ,NM,87110-4127,Proprietary  ,1,4,5,20,56,76
03944300,MASSAGE THERAPY TRAINING INSTITUTE      ,NM,88007-0000,Proprietary  ,1,2,3,22,71,93
00223400,ADRIAN COLLEGE                          ,MI,49221-2575,Private      ,2,2,4,1793,184,1977
00223500,ALBION COLLEGE                          ,MI,49224-1831,Private      ,1,0,1,2315,108,2423
00223600,ALMA COLLEGE                            ,MI,48801-1599,Private      ,2,0,2,1807,90,1897
00223700,ALPENA COMMUNITY COLLEGE                ,MI,49707-1495,Public       ,7,21,28,867,936,1803
00223800,ANDREWS UNIVERSITY                      ,MI,49104-0750,Private      ,10,37,47,1419,1229,2648
00223900,AQUINAS COLLEGE                         ,MI,49506-1799,Private      ,1,18,19,1897,753,2650
00224000,BAY DE NOC COMMUNITY COLLEGE            ,MI,49829-2524,Public       ,9,14,23,1023,1152,2175
00224100,CALVIN COLLEGE                          ,MI,49546-4388,Private      ,5,1,6,3868,304,4172
00224200,CALVIN THEOLOGICAL SEMINARY             ,MI,49546-4387,Private      ,0,2,2,9,165,174
00224300,CENTRAL MICHIGAN UNIVERSITY             ,MI,48859-0001,Public       ,41,223,264,17794,8736,26530
00224600,CLEARY UNIVERSITY                       ,MI,48105-2659,Private      ,1,36,37,141,660,801
00224700,CONCORDIA UNIVERSITY-ANN ARBOR          ,MI,48105-2797,Private      ,1,38,39,646,507,1153
00224800,CRANBROOK ACADEMY OF ART                ,MI,48303-0000,Private      ,0,0,0,11,238,249
00224900,DAVENPORT UNIVERSITY                    ,MI,49503-0000,Private      ,57,517,574,2979,14557,17536
00225100,DELTA COLLEGE                           ,MI,48710-0001,Public       ,39,174,213,4671,5785,10456
00225400,MICHIGAN STATE UNIVERSITY COLLEGE OF LAW,MI,48824-1300,Private      ,0,8,8,310,1672,1982
00225900,EASTERN MICHIGAN UNIVERSITY             ,MI,48197-2214,Public       ,103,205,308,13115,10250,23365
00226000,FERRIS STATE UNIVERSITY                 ,MI,49307-2251,Public       ,24,67,91,10543,5051,15594
00226100,CHARLES STEWART MOTT COMMUNITY CLG      ,MI,48503-2089,Public       ,53,194,247,3855,7393,11248
00226200,KETTERING UNIVERSITY                    ,MI,48504-4898,Private      ,4,8,12,2356,311,2667
00226300,GLEN OAKS COMMUNITY COLLEGE             ,MI,49032-9784,Public       ,2,32,34,406,796,1202
00226400,GOGEBIC COMMUNITY COLLEGE               ,MI,49938-1365,Public       ,12,9,21,474,457,931
00226500,GRACE BIBLE COLLEGE                     ,MI,49509-1998,Private      ,0,1,1,223,52,275
00226600,CORNERSTONE UNIVERSITY                  ,MI,49525-5897,Private      ,4,14,18,1683,1503,3186
00226700,GRAND RAPIDS COMMUNITY COLLEGE          ,MI,49503-3295,Public       ,55,150,205,7284,7289,14573
00226800,GRAND VALLEY STATE UNIVERSITY           ,MI,49401-9403,Public       ,35,110,145,18516,7001,25517
00226900,GREAT LAKES CHRISTIAN COLLEGE           ,MI,48917-1299,Private      ,0,1,1,176,132,308
00227000,HENRY FORD COMMUNITY COLLEGE            ,MI,48128-1495,Public       ,62,164,226,6131,9001,15132
00227300,HOPE COLLEGE                            ,MI,49423-3607,Private      ,0,0,0,3611,151,3762
00227400,JACKSON COMMUNITY COLLEGE               ,MI,49201-8399,Public       ,17,144,161,2283,3994,6277
00227500,KALAMAZOO COLLEGE                       ,MI,49006-3295,Private      ,1,1,2,1495,69,1564
00227600,KELLOGG COMMUNITY COLLEGE               ,MI,49017-3397,Public       ,20,101,121,1771,3560,5331
00227700,LAKE MICHIGAN COLLEGE                   ,MI,49022-1899,Public       ,7,32,39,1272,2029,3301
00227800,LANSING COMMUNITY COLLEGE               ,MI,48933-1293,Public       ,91,375,466,6299,9307,15606
00227900,LAWRENCE TECHNOLOGICAL UNIVERSITY       ,MI,48075-1058,Private      ,7,30,37,1815,1365,3180
00228200,MADONNA UNIVERSITY                      ,MI,48150-1173,Private      ,1,38,39,1208,2495,3703
00228400,MARYGROVE COLLEGE                       ,MI,48221-2599,Private      ,3,96,99,562,3051,3613
00228800,ROCHESTER COLLEGE                       ,MI,48307-2764,Private      ,2,16,18,598,668,1266
00229000,MICHIGAN STATE UNIVERSITY               ,MI,48824-1113,Public       ,136,271,407,30488,10449,40937
00229200,MICHIGAN TECHNOLOGICAL UNIV             ,MI,49931-1295,Public       ,11,13,24,5149,865,6014
00229300,LAKE SUPERIOR STATE UNIVERSITY          ,MI,49783-1691,Public       ,5,17,22,2124,927,3051
00229400,MONROE COUNTY COMMUNITY CLG             ,MI,48161-9746,Public       ,16,36,52,1088,1426,2514
00229500,MONTCALM COMMUNITY COLLEGE              ,MI,48885-9723,Public       ,3,62,65,763,2161,2924
00229700,MUSKEGON COMMUNITY COLLEGE              ,MI,49442-1432,Public       ,17,66,83,2175,2517,4692
00229900,NORTH CENTRAL MICHIGAN COLLEGE          ,MI,49770-8740,Public       ,3,21,24,779,1272,2051
00230100,NORTHERN MICHIGAN UNIVERSITY            ,MI,49855-5316,Public       ,12,48,60,7021,2736,9757
00230200,NORTHWESTERN MICHIGAN COLLEGE           ,MI,49686-3061,Public       ,10,43,53,2146,2250,4396
00230300,OAKLAND COMMUNITY COLLEGE               ,MI,48304-2266,Public       ,1,4,5,232,346,578
00230301,OAKLAND COMMUNITY COLLEGE - ORCHARD RIDG,MI,48334-4579,Public       ,14,52,66,1330,1980,3310
00230302,OAKLAND COMMUNITY COLLEGE - ROYAL OAK CA,MI,48067-3898,Public       ,27,114,141,2013,4231,6244
00230304,OAKLAND COMMUNITY COLLEGE - AUBURN HILLS,MI,48323-2845,Public       ,19,88,107,1793,2768,4561
00230305,OAKLAND COMMUNITY COLLEGE - HIGHLAND LAK,MI,48327-4187,Public       ,12,41,53,948,1691,2639
00230700,OAKLAND UNIVERSITY                      ,MI,48309-4401,Public       ,44,141,185,8915,6256,15171
00230800,OLIVET COLLEGE                          ,MI,49076-9902,Private      ,1,3,4,1227,287,1514
00231000,ST. CLAIR COUNTY COMMUNITY COLLEGE      ,MI,48061-0000,Public       ,10,42,52,1540,2165,3705
00231100,KUYPER COLLEGE                          ,MI,49525-9749,Private      ,0,0,0,208,101,309
00231300,SACRED HEART MAJOR SEMINARY             ,MI,48206-1799,Private      ,0,2,2,24,166,190
00231400,SAGINAW VALLEY STATE UNIV               ,MI,48710-0001,Public       ,16,74,90,6405,3521,9926
00231500,SCHOOLCRAFT COLLEGE                     ,MI,48152-2696,Public       ,30,112,142,3314,4969,8283
00231600,SIENA HEIGHTS UNIVERSITY                ,MI,49221-1796,Private      ,4,30,34,1073,1312,2385
00231700,SOUTHWESTERN MICHIGAN COLLEGE           ,MI,49047-9793,Public       ,16,70,86,857,1527,2384
00231800,SPRING ARBOR UNIVERSITY                 ,MI,49283-9984,Private      ,2,82,84,1933,3359,5292
00232200,FINLANDIA UNIVERSITY                    ,MI,49930-1882,Private      ,0,2,2,558,311,869
00232300,UNIVERSITY OF DETROIT MERCY             ,MI,48221-3038,Private      ,10,59,69,2721,3524,6245
00232301,UNIVERSITY OF DETROIT MERCY- DENTAL SCH ,MI,48219-3580,Private      ,2,2,4,93,500,593
00232303,UNIV OF DETROIT MERCY - LAW SCHOOL      ,MI,48226-0000,Private      ,0,2,2,21,997,1018
00232500,UNIVERSITY OF MICHIGAN - ANN ARBOR      ,MI,48109-1316,Public       ,180,109,289,22834,9640,32474
00232501,UNIVERSITY OF MICHIGAN-MEDICAL SCH      ,MI,48109-0000,Public       ,1,2,3,92,1015,1107
00232503,UNIVERSITY OF MICHIGAN LAW SCHOOL       ,MI,48109-0000,Public       ,0,3,3,31,2476,2507
00232600,UNIVERSITY OF MICHIGAN-DEARBORN         ,MI,48128-2406,Public       ,29,71,100,3921,3773,7694
00232700,UNIVERSITY OF MICHIGAN-FLINT            ,MI,48502-1950,Public       ,26,82,108,2725,4369,7094
00232800,WASHTENAW COMMUNITY COLLEGE             ,MI,48106-0000,Public       ,57,253,310,3079,6121,9200
00232900,WAYNE STATE UNIVERSITY                  ,MI,48202-0000,Public       ,133,375,508,13924,17739,31663
00232901,WAYNE STATE UNIV SCH OF MEDICINE        ,MI,48201-3359,Public       ,3,6,9,189,1462,1651
00232902,WAYNE STATE UNIVERSITY - LAW SCHOOL     ,MI,48202-3424,Public       ,2,9,11,88,1196,1284
00233000,WESTERN MICHIGAN UNIVERSITY             ,MI,49008-3899,Public       ,53,109,162,16579,7160,23739
00233100,WESTERN THEOLOGICAL SEMINARY            ,MI,49423-0000,Private      ,0,1,1,2,113,115
00407100,WALSH COLLEGE OF ACCT & BUS ADMN        ,MI,48007-7006,Private      ,1,73,74,208,1937,2145
00407200,NORTHWOOD UNIVERSITY                    ,MI,48640-2398,Private      ,7,19,26,2210,1526,3736
00467300,BAKER COLLEGE - FLINT                   ,MI,48507-5508,Private      ,73,307,380,2306,6433,8739
00467301,BAKER COLLEGE OF CADILLAC               ,MI,49601-0000,Private      ,12,58,70,519,1756,2275
00467302,BAKER COLLEGE OF CLINTON TOWNSHIP       ,MI,48035-0000,Private      ,31,126,157,2317,5094,7411
00467303,BAKER COLLEGE OF MUSKEGON               ,MI,49442-0000,Private      ,51,193,244,2541,4430,6971
00467304,BAKER COLLEGE OF OWOSSO                 ,MI,48867-0000,Private      ,19,82,101,1515,2117,3632
00467305,BAKER COLLEGE OF AUBURN HILLS           ,MI,48326-0000,Private      ,36,151,187,1301,3465,4766
00467306,BAKER COLLEGE OF PORT HURON             ,MI,48060-0000,Private      ,20,70,90,634,1515,2149
00467309,BAKER COLLEGE OF JACKSON                ,MI,49202-0000,Private      ,15,72,87,654,1841,2495
00467311,BAKER COLLEGE-CASS CITY                 ,MI,48726-0000,Private      ,3,23,26,180,523,703
00467313,BAKER COLLEGE - GRADUATE ON-LINE        ,MI,48507-0000,Private      ,10,152,162,226,4470,4696
00467317,BAKER COLLEGE-ALLEN PARK                ,MI,48101-0000,Private      ,15,69,84,778,1804,2582
00469200,DORSEY SCHOOL OF BUSINESS               ,MI,48195-2334,Proprietary  ,7,27,34,67,333,400
00469201,DORSEY SCHOOL OF BUSINESS               ,MI,48184-0000,Proprietary  ,11,39,50,63,374,437
00469202,DORSEY SCHOOL OF BUSINESS               ,MI,48071-0000,Proprietary  ,8,38,46,55,329,384
00469204,DORSEY SCHOOL OF BUSINESS               ,MI,48066-0000,Proprietary  ,9,80,89,114,639,753
00676800,MID MICHIGAN COMMUNITY COLLEGE          ,MI,48625-9447,Public       ,14,48,62,1786,2214,4000
00677100,COLLEGE FOR CREATIVE STUDIES            ,MI,48202-4034,Private      ,6,0,6,1322,513,1835
00694900,KALAMAZOO VALLEY COMMUNITY COLLEGE      ,MI,49003-4070,Public       ,38,145,183,3846,4718,8564
00717100,KIRTLAND COMMUNITY COLLEGE              ,MI,48653-0000,Public       ,12,52,64,779,1331,2110
00761700,CARNEGIE INSTITUTE                      ,MI,48083-1159,Proprietary  ,3,24,27,79,549,628
00795000,WEST SHORE COMMUNITY COLLEGE            ,MI,49454-0000,Public       ,2,5,7,497,775,1272
00817800,EMPIRE BEAUTY SCHOOL                    ,MI,49525-2440,Proprietary  ,9,17,26,310,338,648
00890600,MACOMB COMMUNITY COLLEGE                ,MI,48088-3896,Public       ,62,226,288,5919,7188,13107
00894600,PORT HURON COSMETOLOGY COLLEGE          ,MI,48329-1618,Proprietary  ,2,4,6,46,85,131
00923000,WAYNE COUNTY COMMUNITY CLG-DISTRICT     ,MI,48226-3095,Public       ,136,656,792,5548,15740,21288
00973200,VIRGINIA FARRELL BEAUTY SCHOOL          ,MI,48080-1448,Proprietary  ,3,3,6,38,99,137
00973400,VIRGINIA FARRELL BEAUTY SCHOOL          ,MI,48220-1739,Proprietary  ,2,15,17,108,319,427
00982800,EVEREST INSTITUTE                       ,MI,48033-4400,Proprietary  ,106,473,579,1462,5617,7079
01047000,KALAMAZOO BEAUTY ACADEMY                ,MI,49002-5220,Proprietary  ,0,1,1,22,38,60
01062700,ITT TECHNICAL INSTITUTE                 ,MI,49519-0000,Proprietary  ,64,165,229,1493,2666,4159
01082700,DAVID PRESSLEY PROF SCH OF COSMTLGY     ,MI,48067-3219,Proprietary  ,5,13,18,127,120,247
01109800,FLINT INSTITUTE OF BARBERING            ,MI,48504-4395,Proprietary  ,1,6,7,33,104,137
01164600,VIRGINIA FARRELL BEAUTY SCHOOL          ,MI,48185-3091,Proprietary  ,2,7,9,56,176,232
01229100,WRIGHT BEAUTY ACADEMY                   ,MI,49015-2696,Proprietary  ,2,13,15,28,104,132
01239900,LEWIS COLLEGE OF BUSINESS               ,MI,48235-0000,Private      ,1,6,7,221,475,696
01262700,THOMAS M. COOLEY LAW SCHOOL             ,MI,48901-1586,Private      ,2,61,63,20,4871,4891
01321800,M J MURPHY BTY CLG MT PLEASANT          ,MI,48858-2502,Proprietary  ,2,3,5,47,85,132
02060300,MICHIGAN INSTITUTE OF AERONAUTICS       ,MI,48111-0000,Proprietary  ,9,20,29,268,405,673
02068700,ADRIAN BEAUTY ACADEMY                   ,MI,49221-0000,Proprietary  ,2,4,6,21,36,57
02099700,ROSS MEDICAL EDUCATION CENTER           ,MI,48532-0000,Proprietary  ,3,109,112,126,967,1093
02100400,EVEREST INSTITUTE                       ,MI,49525-2301,Proprietary  ,63,386,449,683,3369,4052
02125600,MICHIGAN COLLEGE OF BEAUTY              ,MI,48083-0000,Proprietary  ,10,14,24,214,327,541
02135000,MARQUETTE GEN HOSP SCH RAD TECH         ,MI,49855-0000,Private      ,0,0,0,14,11,25
02158600,MR BELA'S SCHOOL OF COSMETOLOGY         ,MI,48092-4637,Proprietary  ,2,8,10,31,80,111
02160303,INTERNATIONAL ACADEMY OF DESIGN AND TECH,MI,48083-2160,Proprietary  ,5,15,20,698,808,1506
02180100,ROSS MEDICAL EDUCATION CENTER           ,MI,48092-0000,Proprietary  ,3,30,33,79,400,479
02198900,MICHIGAN SCHOOL OF PROFESSIONAL PSYCHOLO,MI,48334-4512,Private      ,0,3,3,4,95,99
02209200,TAYLORTOWN SCHOOL OF BEAUTY             ,MI,48180-0000,Proprietary  ,2,4,6,37,130,167
02237800,SPECS HOWARD SCHOOL OF MEDIA ARTS       ,MI,48075-0000,Proprietary  ,15,13,28,536,518,1054
02285700,BAYSHIRE BEAUTY ACADEMY                 ,MI,48708-5614,Proprietary  ,1,10,11,31,82,113
02289801,KAPLAN INSTITUTE - DETROIT CAMPUS       ,MI,48202-0000,Proprietary  ,33,144,177,152,838,990
02324500,MICHIGAN COLLEGE OF BEAUTY              ,MI,48161-0000,Proprietary  ,1,7,8,40,92,132
02339700,ROSS MEDICAL EDUCATION CENTER           ,MI,48116-0000,Proprietary  ,11,45,56,86,449,535
02361500,MICHIGAN BARBER COLLEGE                 ,MI,48204-2244,Private      ,4,6,10,97,240,337
02363800,YESHIVA GEDOLAH OF GREATER DETROIT      ,MI,48237-0000,Private      ,2,0,2,6,2,8
02491000,WEST MI COLG OF BARBERING & BEAUTY      ,MI,49008-0000,Proprietary  ,5,3,8,27,94,121
02495800,FOCUS:HOPE                              ,MI,48238-0000,Private      ,3,6,9,104,222,326
02498300,VIRGINIA FARRELL BEAUTY SCHOOL          ,MI,48154-0000,Proprietary  ,2,8,10,65,190,255
02533600,ROSS MEDICAL EDUCATION CENTER           ,MI,48917-2108,Proprietary  ,10,33,43,121,516,637
02588200,DOUGLAS J AVEDA INSTITUTE               ,MI,48823-4351,Proprietary  ,8,5,13,254,208,462
02588201,DOUGLAS J AVEDA INSTITUTE - ANN ARBOR   ,MI,48104-2211,Proprietary  ,0,2,2,59,74,133
02594600,HOWELL COLLEGE OF COSMETOLOGY           ,MI,48843-8584,Proprietary  ,0,0,0,6,22,28
02595700,HILLSDALE BEAUTY COLLEGE                ,MI,49242-0000,Proprietary  ,0,0,0,49,34,83
02618400,MICHIGAN CAREER & TECHNICAL INST        ,MI,49080-9254,Public       ,17,12,29,238,144,382
03005700,DETROIT BUSINESS INST. DOWNRIVER        ,MI,48193-6761,Proprietary  ,4,21,25,68,362,430
03025100,MR DAVID'S SCHOOL OF COSMETOLOGY        ,MI,48507-2054,Proprietary  ,0,0,0,14,43,57
03028500,LAWTON SCHOOL                           ,MI,48075-5406,Proprietary  ,14,37,51,56,230,286
03066600,BAY MILLS COMMUNITY COLLEGE             ,MI,49715-9750,Public       ,1,9,10,84,318,402
03075200,TWIN CITY BEAUTY COLLEGE                ,MI,49085-3305,Proprietary  ,7,24,31,88,214,302
03075201,TWIN CITY BEAUTY COLLEGE - TRAVERSE CITY,MI,49686-5119,Proprietary  ,0,1,1,6,16,22
03090000,SHARP'S ACADEMY OF HAIRSTYLING INC.     ,MI,48433-0000,Proprietary  ,0,0,0,15,54,69
03109700,HOUGHTON LAKE INST OF COSMETOLOGY       ,MI,48629-0669,Proprietary  ,0,0,0,10,18,28
03110300,THE SCHOOL OF CREATIVE HAIR DESIGN      ,MI,49036-1139,Proprietary  ,2,5,7,26,56,82
03124000,NORTHWESTERN TECHNOLOGICAL INST         ,MI,48075-2412,Proprietary  ,17,94,111,152,624,776
03135300,MICHIGAN THEOLOGICAL SEMINARY           ,MI,48170-4399,Private      ,0,0,0,6,107,113
03284300,MICHIGAN JEWISH INSTITUTE               ,MI,48237-0000,Private      ,19,3,22,252,38,290
03340300,WARREN WOODS VOCATIONAL ADULT EDUC      ,MI,48088-3699,Public       ,0,0,0,16,52,68
03474300,AVE MARIA COLLEGE                       ,MI,48197-2451,Private      ,0,0,0,72,31,103
03490300,PAUL MITCHELL THE SCHOOL ESCANABA       ,MI,49829-0000,Proprietary  ,1,2,3,11,28,39
03588300,IRENE'S MYOMASSOLOGY INSTITUTE          ,MI,48033-2404,Proprietary  ,3,23,26,65,319,384
03704300,BLUE WATER COLLEGE OF COSMETOLOGY       ,MI,48040-0000,Proprietary  ,4,5,9,30,47,77
03772300,SAGINAW CHIPPEWA TRIBAL COLLEGE         ,MI,48858-0000,Public       ,1,0,1,8,32,40
03815300,IN SESSION-ARTS OF COSMETOLOGY BEAU     ,MI,48609-0000,Proprietary  ,2,4,6,51,93,144
03907300,PAUL MITCHELL THE SCHOOL GREAT LAKES    ,MI,48060-0000,Proprietary  ,2,5,7,69,76,145
03915300,CAREER QUEST LEARNING CENTER            ,MI,48910-4732,Proprietary  ,1,24,25,20,275,295
03976500,ANN ARBOR INSTITUTE OF MASSAGE THERAPY  ,MI,48103-0000,Proprietary  ,0,1,1,27,96,123
04002400,ECUMENICAL THEOLOGICAL SEMINARY         ,MI,48201-3035,Private      ,0,6,6,2,62,64
04006300,NUVO COLLEGE OF COSMETOLOGY             ,MI,49441-3822,Proprietary  ,1,3,4,29,74,103
04014300,P&A SCHOLARS BEAUTY SCHOOL              ,MI,48204-0000,Proprietary  ,2,12,14,62,166,228
04055300,CREATIVE HAIR SCHOOL OF COSMETOLOGY     ,MI,48504-1234,Proprietary  ,0,4,4,11,29,40
04094300,ROBERT B. MILLER COLLEGE (THE)          ,MI,49017-3306,Private      ,0,2,2,6,67,73
00233200,ANOKA-RAMSEY CC-CAMBRIDGE/COONRAPID     ,MN,55433-3499,Public       ,36,81,117,2599,2507,5106
00233400,AUGSBURG COLLEGE                        ,MN,55454-1351,Private      ,3,40,43,1985,1990,3975
00233500,RIVERLAND COMMUNITY COLLEGE             ,MN,55912-1473,Public       ,14,44,58,968,1459,2427
00233600,BEMIDJI STATE UNIVERSITY                ,MN,56601-2699,Public       ,6,46,52,2634,1554,4188
00233700,BETHANY LUTHERAN COLLEGE INC            ,MN,56001-6163,Private      ,1,0,1,591,60,651
00233900,CENTRAL LAKES COLG-BRAINERD/STAPLES     ,MN,56401-3900,Public       ,16,35,51,1444,1452,2896
00234000,CARLETON COLLEGE                        ,MN,55057-4001,Private      ,3,0,3,2512,20,2532
00234100,COLLEGE OF ST BENEDICT                  ,MN,56374-2099,Private      ,0,0,0,1928,29,1957
00234200,ST. CATHERINE UNIVERSITY                ,MN,55105-1789,Private      ,2,69,71,2069,3130,5199
00234201,COLLEGE OF ST CATHERINE-MINNEAPOLIS     ,MN,55454-0000,Private      ,0,0,0,0,1,1
00234300,COLLEGE OF ST SCHOLASTICA               ,MN,55811-4199,Private      ,4,48,52,2004,1500,3504
00234500,UNIVERSITY OF ST THOMAS                 ,MN,55105-1096,Private      ,11,140,151,5461,3482,8943
00234600,CONCORDIA COLLEGE-MOORHEAD              ,MN,56562-0001,Private      ,9,10,19,2949,168,3117
00234700,"CONCORDIA UNIVERSITY, ST PAUL, MN       ",MN,55104-5494,Private      ,3,108,111,1062,1400,2462
00235000,VERMILION COMMUNITY COLLEGE             ,MN,55731-1996,Public       ,3,2,5,502,120,622
00235300,GUSTAVUS ADOLPHUS COLLEGE               ,MN,56082-1498,Private      ,1,0,1,2912,36,2948
00235400,HAMLINE UNIVERSITY                      ,MN,55104-1284,Private      ,6,26,32,2274,2582,4856
00235500,HIBBING COMMUNITY COLLEGE               ,MN,55746-3300,Public       ,8,27,35,724,816,1540
00235600,ITASCA COMMUNITY COLLEGE                ,MN,55744-3397,Public       ,2,11,13,676,477,1153
00235700,LUTHER SEMINARY                         ,MN,55108-0000,Private      ,0,7,7,3,486,489
00235800,MACALESTER COLLEGE                      ,MN,55105-1899,Private      ,1,0,1,2897,67,2964
00236000,"MINNESOTA STATE UNIVERSITY, MANKATO     ",MN,56002-0000,Public       ,54,48,102,9584,3409,12993
00236100,MARTIN LUTHER COLLEGE                   ,MN,56073-3965,Private      ,0,1,1,675,56,731
00236200,MINNEAPOLIS COMM AND TECH COLLEGE       ,MN,55403-1779,Public       ,48,239,287,3052,6833,9885
00236500,MINNEAPOLIS COLLEGE OF ART & DESIGN     ,MN,55404-4343,Private      ,0,2,2,818,322,1140
00236600,CROSSROADS COLLEGE                      ,MN,55902-2382,Private      ,1,0,1,92,82,174
00236700,MINNESOTA STATE UNIVERSITY MOORHEAD     ,MN,56563-0001,Public       ,11,28,39,5182,2017,7199
00236900,NORTH CENTRAL UNIVERSITY                ,MN,55404-1391,Private      ,2,1,3,1203,310,1513
00237000,NORTH HENNEPIN COMMUNITY COLLEGE        ,MN,55445-2299,Public       ,34,135,169,2020,3131,5151
00237100,NORTHWESTERN COLLEGE                    ,MN,55113-1598,Private      ,4,17,21,2223,775,2998
00237300,ROCHESTER COMMUNITY/TECH COLLEGE        ,MN,55904-4999,Public       ,25,46,71,2448,2499,4947
00237500,SOUTHWEST MINNESOTA STATE UNIVERSITY    ,MN,56258-1598,Public       ,2,12,14,1936,1002,2938
00237700,ST CLOUD STATE UNIVERSITY               ,MN,56301-4498,Public       ,45,105,150,9001,3886,12887
00237900,SAINT JOHNS UNIVERSITY                  ,MN,56321-0000,Private      ,2,1,3,1718,84,1802
00238000,SAINT MARY'S UNIVERSITY                 ,MN,55987-1399,Private      ,5,41,46,1347,2646,3993
00238200,ST OLAF COLLEGE                         ,MN,55057-1098,Private      ,2,0,2,3412,79,3491
00238300,CROWN COLLEGE                           ,MN,55375-9001,Private      ,1,9,10,726,691,1417
00238500,NORTHLAND COMMUNITY & TECHNICAL CLG     ,MN,56701-2598,Public       ,12,36,48,1603,1908,3511
00238600,UNITED THEOLGCL SEMINRY TWIN CITIES     ,MN,55112-0000,Private      ,0,0,0,3,104,107
00238800,"UNIVERSITY OF MINNESOTA, DULUTH         ",MN,55812-2496,Public       ,16,19,35,8390,1854,10244
00238900,"UNIVERSITY OF MINNESOTA, MORRIS         ",MN,56267-2113,Public       ,2,0,2,1692,208,1900
00239100,WILLIAM MITCHELL COLLEGE OF LAW         ,MN,55105-0000,Private      ,0,4,4,1,1380,1381
00239300,MINNESOTA STATE COLLEGE-SE TECH         ,MN,55987-0409,Public       ,5,13,18,821,1116,1937
00239400,WINONA STATE UNIVERSITY                 ,MN,55987-5838,Public       ,13,23,36,5851,1257,7108
00396900,UNIVERSITY OF MINNESOTA-TWIN CITIES     ,MN,55455-0422,Public       ,78,276,354,24180,15853,40033
00400900,MESABI RANGE CMNTY & TECH COLLEGE       ,MN,55792-0000,Public       ,6,17,23,507,567,1074
00405708,NATIONAL AMERICAN UNIVERSITY            ,MN,55113-0000,Proprietary  ,0,6,6,31,271,302
00405715,NATIONAL AMERICAN UNIVERSITY - BLOOMINGT,MN,55425-5550,Proprietary  ,0,6,6,12,114,126
00406900,UNIVERSITY OF MINNESOTA-CROOKSTON       ,MN,56716-5001,Public       ,3,7,10,849,275,1124
00438600,VETERAN'S MEDICAL CTR- SCH RAD TECH     ,MN,55417-2399,Public       ,0,0,0,5,18,23
00464100,DUNWOODY COLLEGE OF TECHNOLOGY          ,MN,55403-1192,Private      ,7,10,17,900,873,1773
00464200,GLOBE UNIVERSITY                        ,MN,55125-5408,Proprietary  ,5,38,43,433,1010,1443
00464500,MINNEAPOLIS BUSINESS COLLEGE            ,MN,55113-4036,Proprietary  ,0,0,0,454,109,563
00464600,MINNESOTA SCHOOL OF BUSINESS            ,MN,55423-0000,Proprietary  ,49,67,116,2237,4435,6672
00464800,RASMUSSEN COLLEGE - EAGAN               ,MN,55122-1346,Proprietary  ,5,46,51,161,728,889
00525200,RIDGEWATER COLLEGE                      ,MN,56201-2098,Public       ,14,40,54,2041,1622,3663
00526300,MINNESOTA WEST CMNTY & TECH COLG        ,MN,56241-1096,Public       ,11,44,55,1010,1165,2175
00553300,"SAINT PAUL COLLEGE, COMMUNITY/TECHNICAL ",MN,55102-1800,Public       ,38,130,168,1448,3530,4978
00553400,ST CLOUD TECHNICAL COLLEGE              ,MN,56303-1240,Public       ,13,46,59,1948,1403,3351
00553500,PINE TECHNICAL COLLEGE                  ,MN,55063-2198,Public       ,4,16,20,183,437,620
00553700,SOUTH CENTRAL COLLEGE                   ,MN,56003-0000,Public       ,5,25,30,1291,1430,2721
00554100,MINNESOTA STATE COMMUNITY AND TECHNICAL ,MN,56573-1405,Public       ,29,88,117,2529,2773,5302
00554400,ALEXANDRIA TECHNICAL COLLEGE            ,MN,56308-3799,Public       ,5,11,16,1331,647,1978
00575700,LAKE SUPERIOR COLLEGE                   ,MN,55811-3399,Public       ,13,55,68,1831,2064,3895
00575900,NORTHWEST TECHNICAL COLLEGE - BEMIDJI   ,MN,56601-4907,Public       ,11,19,30,495,687,1182
00677500,RAINY RIVER COMMUNITY COLLEGE           ,MN,56649-2187,Public       ,0,2,2,205,117,322
00735000,ANOKA-HENNEPIN TECHNICAL COLLEGE        ,MN,55303-1590,Public       ,6,28,34,715,1270,1985
00735100,BROWN COLLEGE                           ,MN,55120-1004,Proprietary  ,9,22,31,1509,1658,3167
00746200,COLLEGE OF VISUAL ARTS                  ,MN,55102-2199,Private      ,1,0,1,151,49,200
00795400,NORMANDALE COMMUNITY COLLEGE            ,MN,55431-4399,Public       ,36,106,142,3283,3442,6725
00826700,NORTHWEST TECHNICAL INSTITUTE           ,MN,55121-5001,Proprietary  ,0,0,0,108,54,162
00869400,RASMUSSEN COLLEGE                       ,MN,56301-3713,Proprietary  ,13,46,59,245,892,1137
00869401,RASMUSSEN COLLEGE - BROOKLYN PARK       ,MN,55445-1512,Proprietary  ,10,33,43,246,819,1065
00905800,BETHEL UNIVERSITY                       ,MN,55112-6999,Private      ,2,61,63,2821,1763,4584
00960000,COSMETOLOGY CAREERS UNLTD-DULUTH        ,MN,55802-2031,Proprietary  ,2,1,3,38,60,98
00972200,EMPIRE BEAUTY SCHOOL                    ,MN,55119-7003,Proprietary  ,2,9,11,117,207,324
00974000,INVER HILLS COMMUNITY COLLEGE           ,MN,55076-3224,Public       ,24,49,73,1724,2135,3859
00983100,MODEL COLLEGE OF HAIR DESIGN            ,MN,56301-4280,Proprietary  ,1,1,2,121,54,175
00987000,EMPIRE BEAUTY SCHOOL                    ,MN,55420-2919,Proprietary  ,7,18,25,137,212,349
00989200,"DULUTH BUSINESS UNIV, INC.              ",MN,55807-0000,Proprietary  ,2,9,11,175,381,556
00999200,OAK HILLS CHRISTIAN COLLEGE             ,MN,56601-0000,Private      ,0,0,0,150,92,242
01024800,ART INSTITUTES INTL MINNESOTA           ,MN,55402-3137,Proprietary  ,15,27,42,1373,982,2355
01037400,METROPOLITAN STATE UNIVERSITY           ,MN,55106-5000,Public       ,11,90,101,1257,4565,5822
01040200,DAKOTA COUNTY TECHNICAL COLLEGE         ,MN,55068-2999,Public       ,19,47,66,1045,1448,2493
01049000,REGENCY BEAUTY INSTITUTE                ,MN,55428-0000,Proprietary  ,75,134,209,854,959,1813
01049100,HENNEPIN TECHNICAL COLLEGE              ,MN,55445-2399,Public       ,22,94,116,1364,2718,4082
01054600,CENTURY COMMUNITY AND TECHNICAL CLG     ,MN,55110-1894,Public       ,36,116,152,3256,3877,7133
01101700,HERZING COLLEGE                         ,MN,55428-3548,Proprietary  ,5,12,17,171,304,475
01168600,RASMUSSEN COLLEGE - EDEN PRAIRIE        ,MN,55344-7220,Proprietary  ,6,49,55,142,1118,1260
01173200,"MAYO CLINIC, COLLEGE OF MEDICINE        ",MN,55905-0000,Private      ,0,1,1,31,250,281
01173201,MAYO SCHOOL OF HEALTH-RELATED SCIEN     ,MN,55905-0000,Private      ,0,1,1,37,116,153
01173206,MAYO GRAD SCHOOL                        ,MN,55901-0000,Private      ,0,0,0,1,24,25
01173207,MAYO MEDICAL SCHOOL                     ,MN,55901-0000,Private      ,0,1,1,3,203,206
01232800,NORTHWESTERN HEALTH SCIENCES UNIV       ,MN,55431-1599,Private      ,3,9,12,78,932,1010
02050300,ACADEMY COLLEGE                         ,MN,55420-1554,Proprietary  ,1,3,4,73,201,274
02096002,REGIONS HOSPITAL -DIETETIC INTRNSHP     ,MN,55101-0000,Private      ,0,0,0,2,4,6
02123200,AVEDA INSTITUTE                         ,MN,55414-0000,Proprietary  ,20,26,46,371,302,673
02159800,COSMETOLOGY CAREERS UNLTD - HIBBING     ,MN,55746-0000,Proprietary  ,1,0,1,17,26,43
02160901,"SALON PROFESSIONAL ACADEMY, THE - THE SA",MN,55428-4928,Proprietary  ,2,1,3,58,45,103
02238100,MINNESOTA SCHOOL OF COSMETOLOGY         ,MN,55125-0000,Proprietary  ,4,12,16,85,182,267
02260500,SUMMIT ACAD OPPORTUNITIES IND CTR       ,MN,55405-0000,Private      ,6,64,70,23,227,250
02284500,PILLSBURY BAPTIST BIBLE COLLEGE         ,MN,55060-0000,Private      ,1,0,1,160,37,197
02503300,RASMUSSEN COLLEGE - MANKATO             ,MN,56001-8658,Proprietary  ,6,23,29,243,681,924
02503302,RASMUSSEN COLLEGE - MANKATO -  LAKE ELMO,MN,55042-8624,Proprietary  ,2,24,26,5,60,65
02504200,WALDEN UNIVERSITY                       ,MN,55401-2511,Proprietary  ,1,1406,1407,37,24080,24117
02514100,AMERICAN INDIAN OPPORTUNITIES CTR       ,MN,55404-0000,Private      ,0,3,3,3,131,134
02543600,INGENUE                                 ,MN,56560-0000,Proprietary  ,3,1,4,23,17,40
02551200,EAST METRO OIC                          ,MN,55104-3435,Private      ,0,10,10,10,109,119
03001200,MCNALLY SMITH COLLEGE OF MUSIC          ,MN,55101-2220,Proprietary  ,9,10,19,481,169,650
03051900,ALFRED ADLER GRADUATE SCHOOL            ,MN,55305-0000,Private      ,0,4,4,0,143,143
03096400,LEECH LAKE TRIBAL COLLEGE               ,MN,56633-0000,Public       ,1,5,6,45,251,296
03129100,FOND DU LAC TRIBAL & COMMUNITY CLG      ,MN,55720-2984,Public       ,5,31,36,379,825,1204
03267300,CAPELLA UNIVERSITY                      ,MN,55402-3389,Proprietary  ,3,1298,1301,68,24919,24987
03473400,MINNEAPOLIS SCHOOL OF MASSAGE AND B     ,MN,55418-3343,Private      ,0,6,6,27,105,132
03833300,AMERICAN ACADEMY OF ACUPUNCTURE AND ORIE,MN,55113-0000,Proprietary  ,0,1,1,1,85,86
03921400,WHITE EARTH TRIBAL AND COMMUNITY COLLEGE,MN,56557-0478,Private      ,0,4,4,16,128,144
04044300,HAZELDEN GRADUATE SCHOOL OF ADDICTION ST,MN,55012-0000,Private      ,0,1,1,0,39,39
00239600,ALCORN STATE UNIVERSITY                 ,MS,39096-7500,Public       ,134,93,227,3522,2652,6174
00239700,BELHAVEN COLLEGE                        ,MS,39202-1789,Private      ,7,133,140,1083,3110,4193
00239800,BLUE MOUNTAIN COLLEGE                   ,MS,38610-9370,Private      ,1,22,23,239,268,507
00240100,COAHOMA COMMUNITY COLLEGE               ,MS,38614-9799,Public       ,40,35,75,1117,1924,3041
00240200,COPIAH-LINCOLN COMMUNITY COLLEGE        ,MS,39191-0649,Public       ,55,61,116,1783,1963,3746
00240300,DELTA STATE UNIVERSITY                  ,MS,38733-0000,Public       ,41,47,88,2933,2853,5786
00240400,EAST CENTRAL COMMUNITY COLLEGE          ,MS,39327-0129,Public       ,48,60,108,1366,1594,2960
00240500,EAST MISSISSIPPI COMM COLLEGE           ,MS,39358-0000,Public       ,115,151,266,2154,3393,5547
00240700,HINDS COMMUNITY COLLEGE                 ,MS,39154-9799,Public       ,151,221,372,5605,7570,13175
00240800,HOLMES COMMUNITY COLLEGE                ,MS,39079-0000,Public       ,73,106,179,2402,3968,6370
00240900,ITAWAMBA COMMUNITY COLLEGE              ,MS,38843-1099,Public       ,87,184,271,2652,3981,6633
00241000,JACKSON STATE UNIVERSITY                ,MS,39217-0001,Public       ,173,208,381,7696,7700,15396
00241100,JONES COUNTY JUNIOR COLLEGE             ,MS,39437-3999,Public       ,102,100,202,3010,2423,5433
00241300,MERIDIAN COMMUNITY COLLEGE              ,MS,39307-5890,Public       ,39,93,132,1891,2254,4145
00241400,MILLSAPS COLLEGE                        ,MS,39201-0000,Private      ,5,9,14,1130,401,1531
00241500,MISSISSIPPI COLLEGE                     ,MS,39058-0001,Private      ,17,61,78,2096,2590,4686
00241501,MISSISSIPPI COLLEGE - SCHOOL OF LAW     ,MS,39201-1391,Private      ,1,6,7,28,731,759
00241600,MISSISSIPPI DELTA CMTY COLLEGE          ,MS,38761-0000,Public       ,50,34,84,1869,2346,4215
00241700,MISSISSIPPI GULF CST CLG-PERKINSTON     ,MS,39573-0000,Public       ,27,15,42,1136,684,1820
00241701,MISSISSIPPI GULF CST CLG-JEFF DAVIS     ,MS,39507-0000,Public       ,24,59,83,1464,2548,4012
00241702,MISSISSIPPI GULF CST CLG-JACKSON CN     ,MS,39553-0000,Public       ,43,69,112,1456,2104,3560
00242200,MISSISSIPPI UNIV FOR WOMEN              ,MS,39701-5818,Public       ,24,54,78,1558,1641,3199
00242300,MISSISSIPPI STATE UNIVERSITY            ,MS,39762-9698,Public       ,93,163,256,9483,5688,15171
00242400,MISSISSIPPI VALLEY STATE UNIVERSITY     ,MS,38941-1400,Public       ,156,80,236,2750,3727,6477
00242600,NORTHEAST MS CMNTY COLLEGE              ,MS,38829-1731,Public       ,38,52,90,2098,1748,3846
00242700,NORTHWEST MISSISSIPPI COMMUNITY CLG     ,MS,38668-1703,Public       ,97,97,194,3874,3693,7567
00243000,PEARL RIVER COMMUNITY COLLEGE           ,MS,39470-2201,Public       ,74,113,187,2297,2719,5016
00243300,RUST COLLEGE                            ,MS,38635-2328,Private      ,10,4,14,1103,413,1516
00243500,SOUTHEASTERN BAPTIST COLLEGE            ,MS,39440-0000,Private      ,0,1,1,25,62,87
00243600,SOUTHWEST MISSISSIPPI CMNTY CLG         ,MS,39666-8099,Public       ,27,31,58,1122,1192,2314
00243900,TOUGALOO COLLEGE                        ,MS,39174-9799,Private      ,12,8,20,1477,460,1937
00244000,UNIVERSITY OF MISSISSIPPI               ,MS,38677-1848,Public       ,105,111,216,8585,5024,13609
00244001,UNIVERSITY OF MISSISSIPPI - MED CTR     ,MS,39216-0000,Public       ,5,13,18,415,1309,1724
00244100,UNIVERSITY OF SOUTHERN MISSISSIPPI      ,MS,39406-0001,Public       ,142,230,372,9635,8347,17982
00244700,WILLIAM CAREY UNIVERSITY                ,MS,39401-5499,Private      ,11,87,98,1105,2448,3553
01146100,WESLEY COLLEGE                          ,MS,39073-1070,Private      ,0,0,0,53,81,134
01289101,ANTONELLI COLLEGE - JACKSON             ,MS,39208-4526,Proprietary  ,1,2,3,13,40,53
01289102,ANTONELLI COLLEGE - HATTIESBURG         ,MS,39401-3056,Proprietary  ,0,1,1,6,23,29
02074900,CHRIS' BEAUTY COLLEGE                   ,MS,39501-0000,Proprietary  ,2,9,11,43,97,140
02160500,NORTH MISSISSIPPI MED CTR MED TECH      ,MS,38801-0000,Private      ,0,0,0,8,32,40
02235900,ACADEMY OF HAIR DESIGN #4               ,MS,39208-0000,Proprietary  ,6,8,14,37,78,115
02244300,ACADEMY OF HAIR DESIGN #1               ,MS,38901-0000,Proprietary  ,7,24,31,79,258,337
02249900,DELTA BEAUTY COLLEGE                    ,MS,38701-0000,Proprietary  ,1,6,7,47,134,181
02251600,ACADEMY OF HAIR DESIGN #6               ,MS,39401-7581,Proprietary  ,5,21,26,46,143,189
02251700,FOSTER'S COSMETOLOGY COLLEGE            ,MS,38663-0000,Proprietary  ,3,3,6,11,50,61
02302800,MISSISSIPPI COLLEGE OF BEAUTY CULT      ,MS,39440-0000,Proprietary  ,4,9,13,25,79,104
02320800,MAGNOLIA COLLEGE OF COSMETOLOGY         ,MS,39206-0000,Proprietary  ,6,27,33,51,179,230
02361200,MAGNOLIA BIBLE COLLEGE                  ,MS,39090-0000,Private      ,0,0,0,9,34,43
02490200,"ICS, THE WRIGHT BEAUTY COLLEGE          ",MS,38834-0000,Proprietary  ,0,4,4,8,43,51
02502100,CREATIONS COLLEGE OF COSMETOLOGY        ,MS,38803-0000,Proprietary  ,1,3,4,25,110,135
02516200,WESLEY BIBLICAL SEMINARY                ,MS,39206-0000,Private      ,1,1,2,2,95,97
02554600,GIBSON'S BARBER AND BEAUTY COLLEGE      ,MS,39773-0000,Proprietary  ,1,2,3,41,79,120
02586000,J & J HAIR DESIGN COLLEGE               ,MS,39051-3716,Proprietary  ,4,35,39,22,173,195
03004000,FINAL TOUCH BEAUTY SCHOOL               ,MS,39307-2934,Proprietary  ,4,6,10,25,99,124
03010404,CRESCENT CITY SCHOOL OF GAMING & BARTEND,MS,38664-1903,Proprietary  ,0,0,0,0,8,8
03010603,VIRGINIA COLLEGE - JACKSON              ,MS,39206-5602,Proprietary  ,3,10,13,58,233,291
03010610,VIRGINIA COLLEGE - BILOXI               ,MS,39532-2124,Proprietary  ,0,1,1,17,103,120
03263300,TRAXLER'S SCHOOL OF HAIR                ,MS,39212-2529,Proprietary  ,3,19,22,23,87,110
03464300,ACADEMY OF HAIR DESIGN                  ,MS,39562-0000,Proprietary  ,1,9,10,13,56,69
03525300,BLUE CLIFF COLLEGE                      ,MS,39507-0000,Proprietary  ,4,14,18,32,180,212
03848300,DAY SPA CAREER COLLEGE                  ,MS,39564-0000,Proprietary  ,1,4,5,24,75,99
03963300,HEALING TOUCH SCHOOL OF MASSAGE THERAPY ,MS,39402-1300,Proprietary  ,0,1,1,18,44,62
00252600,CARROLL COLLEGE                         ,MT,59625-0002,Private      ,3,1,4,1516,264,1780
00252700,UNIVERSITY OF GREAT FALLS               ,MT,59405-4996,Private      ,2,8,10,418,630,1048
00252800,MILES COMMUNITY COLLEGE                 ,MT,59301-4799,Public       ,2,6,8,285,249,534
00252900,DAWSON COMMUNITY COLLEGE                ,MT,59330-1405,Public       ,1,1,2,247,144,391
00253000,MONTANA STATE UNIVERSITY - BILLINGS     ,MT,59101-0298,Public       ,9,54,63,2484,3120,5604
00253100,MONTANA TECH OF THE UNIV OF MONTANA     ,MT,59701-8997,Public       ,3,4,7,1288,1030,2318
00253200,MONTANA STATE UNIVERSITY - BOZEMAN      ,MT,59717-0001,Public       ,26,76,102,8110,3666,11776
00253300,MONTANA STATE UNIVERSITY-NORTHERN       ,MT,59501-3148,Public       ,3,18,21,729,926,1655
00253400,ROCKY MOUNTAIN COLLEGE                  ,MT,59102-1796,Private      ,4,2,6,868,358,1226
00253600,UNIVERSITY OF MONTANA (THE)             ,MT,59812-0001,Public       ,16,72,88,7563,6357,13920
00253700,UNIVERSITY OF MONTANA WESTERN (THE)     ,MT,59725-3598,Public       ,1,1,2,881,505,1386
00442500,BENEFIS HEALTHCARE SCH RAD TECH         ,MT,59405-4324,Private      ,0,1,1,7,13,20
00677700,FLATHEAD VALLEY COMMUNITY COLLEGE       ,MT,59901-2699,Public       ,8,29,37,531,764,1295
00757000,HELENA COLLEGE OF TECHNOLOGY            ,MT,59601-3098,Public       ,3,5,8,404,598,1002
00790000,BUTTE ACADEMY OF BEAUTY CULTURE         ,MT,59701-9197,Proprietary  ,0,3,3,23,32,55
00894700,"DAHL'S COLLEGE OF BEAUTY,INC            ",MT,59401-3731,Proprietary  ,0,5,5,22,58,80
00931400,MSU COLLEGE OF TECH-GREAT FALLS         ,MT,59405-4907,Public       ,4,33,37,476,1208,1684
00946800,COLLEGE OF COIFFURE ART LTD             ,MT,59102-5333,Proprietary  ,0,0,0,29,31,60
02143400,SALISH KOOTENAI COLLEGE                 ,MT,59855-0000,Public       ,2,4,6,255,855,1110
02286600,LITTLE BIG HORN COLLEGE                 ,MT,59022-0000,Public       ,0,4,4,122,182,304
02343000,FT PECK COMMUNITY COLLEGE               ,MT,59255-0000,Public       ,4,5,9,84,337,421
02510600,BLACKFEET COMMUNITY COLLEGE             ,MT,59417-0000,Private      ,1,1,2,163,490,653
02517500,FORT BELKNAP COLLEGE                    ,MT,59526-0000,Public       ,1,2,3,56,111,167
02545200,CHIEF DULL KNIFE COLLEGE                ,MT,59043-0098,Public       ,0,0,0,54,124,178
02610900,STONE CHILD COLLEGE                     ,MT,59521-9796,Public       ,5,18,23,76,240,316
02621300,ACADEMY OF COSMETOLOGY                  ,MT,59715-3544,Proprietary  ,0,0,0,35,24,59
03205300,MODERN BEAUTY SCHOOL                    ,MT,59801-8386,Proprietary  ,0,4,4,26,38,64
03763400,"ACADEMY OF NAIL, SKIN & HAIR            ",MT,59101-0000,Proprietary  ,0,2,2,57,76,133
03778300,HEALTH WORKS INSTITUTE                  ,MT,59715-0000,Proprietary  ,1,1,2,29,50,79
00253900,CHADRON STATE COLLEGE                   ,NE,69337-2690,Public       ,4,21,25,1427,772,2199
00254000,COLLEGE OF ST MARY                      ,NE,68106-2606,Private      ,4,13,17,456,978,1434
00254100,CONCORDIA UNIVERSITY                    ,NE,68434-1594,Private      ,2,3,5,1306,174,1480
00254200,CREIGHTON UNIVERSITY                    ,NE,68178-0001,Private      ,2,5,7,4193,4152,8345
00254300,DANA COLLEGE                            ,NE,68008-9905,Private      ,1,0,1,852,96,948
00254400,DOANE COLLEGE                           ,NE,68333-2421,Private      ,5,62,67,1352,888,2240
00254700,GRACE UNIVERSITY                        ,NE,68108-3629,Private      ,0,6,6,359,244,603
00254800,HASTINGS COLLEGE                        ,NE,68901-7621,Private      ,0,0,0,1451,139,1590
00255100,UNIVERSITY OF NEBRASKA AT KEARNEY       ,NE,68849-0001,Public       ,12,67,79,4085,1492,5577
00255300,MIDLAND LUTHERAN COLLEGE                ,NE,68025-4254,Private      ,2,0,2,1071,146,1217
00255400,UNIVERSITY OF NEBRASKA-OMAHA            ,NE,68182-0001,Public       ,26,98,124,7332,5103,12435
00255500,NEBRASKA WESLEYAN UNIVERSITY            ,NE,68504-2796,Private      ,3,8,11,1916,481,2397
00255700,MID-PLAINS COMM COLLEGE - NORTH PLATTE  ,NE,69101-9420,Public       ,8,20,28,448,582,1030
00255701,MID-PLAINS COMMUNITY COLLEGE - MCCOOK   ,NE,69001-2631,Public       ,4,6,10,254,155,409
00255900,PERU STATE COLLEGE                      ,NE,68421-0010,Public       ,3,52,55,851,790,1641
00256000,WESTERN NEBRASKA COMMUNITY COLLEGE      ,NE,69361-1815,Public       ,11,23,34,572,791,1363
00256300,UNION COLLEGE                           ,NE,68506-4387,Private      ,3,1,4,792,262,1054
00256500,UNIVERSITY OF NEBRASKA-LINCOLN          ,NE,68588-0419,Public       ,50,66,116,13099,4520,17619
00256596,UNIVERSITY OF NEBRASKA - CURTIS         ,NE,69025-9522,Public       ,0,1,1,256,23,279
00256600,WAYNE STATE COLLEGE                     ,NE,68787-1172,Public       ,4,24,28,2469,895,3364
00256700,YORK COLLEGE                            ,NE,68467-2699,Private      ,0,0,0,454,98,552
00443100,MARY LANNING MEM HOSP SCH RAD TECH      ,NE,68901-4497,Private      ,0,0,0,9,4,13
00443600,REGNL WST MEDCL CTR SCHL RAD            ,NE,69361-0000,Private      ,0,0,0,7,8,15
00458608,KAPLAN UNIVERSITY - OMAHA               ,NE,68134-1002,Proprietary  ,15,110,125,222,1349,1571
00458609,KAPLAN UNIVERSITY - LINCOLN             ,NE,68508-2668,Proprietary  ,11,83,94,286,870,1156
00639900,BRYANLGH COLLEGE OF HEALTH SCIENCES     ,NE,68506-1398,Private      ,0,0,0,225,180,405
00640400,NEBR METHODIST CLG OF NURS ALLD HLTH    ,NE,68114-2852,Private      ,2,12,14,380,504,884
00689500,UNIVERSITY OF NEBRASKA-MED CTR          ,NE,68198-4265,Public       ,1,3,4,534,2004,2538
00750100,VATTEROTT COLLEGE                       ,NE,68137-1237,Proprietary  ,9,39,48,276,994,1270
00849200,ALEGENT HEALTH SCHOOLS                  ,NE,68114-2767,Private      ,0,2,2,24,81,105
00952300,BAHNER COLLEGE OF HAIRSTYLING           ,NE,68025-3297,Proprietary  ,10,6,16,112,33,145
00961700,CAPITOL BEAUTY SCHOOL                   ,NE,68144-3873,Proprietary  ,6,1,7,121,87,208
00974300,BELLEVUE UNIVERSITY                     ,NE,68005-0000,Private      ,24,324,348,739,5730,6469
00986200,CLARKSON COLLEGE                        ,NE,68131-2739,Private      ,2,14,16,428,550,978
01151900,JOSEPH'S COLLEGE OF BEAUTY/ALL CAMPUSES ,NE,68510-2226,Proprietary  ,7,28,35,223,359,582
01166700,NORTHEAST COMMUNITY COLLEGE             ,NE,68702-0000,Public       ,14,29,43,1547,1087,2634
01258600,METROPOLITAN COMMUNITY COLLEGE          ,NE,68103-0000,Public       ,31,113,144,2957,6822,9779
01297600,NEBRASKA CHRISTIAN COLLEGE              ,NE,68046-4256,Private      ,0,0,0,142,34,176
02079700,COLLEGE OF HAIR DESIGN                  ,NE,68508-0000,Proprietary  ,16,15,31,163,104,267
02099500,CENTRAL COMMUNITY COLLEGE- GI           ,NE,68801-0000,Public       ,12,36,48,543,1104,1647
02099501,CENTRAL COMMUNITY COLLEGE - HASTINGS    ,NE,68902-0000,Public       ,3,23,26,859,641,1500
02099502,CENTRAL COMMUNITY COLLEGE - COLUMBUS    ,NE,68602-0000,Public       ,5,13,18,433,393,826
02508300,SOUTHEAST COMM. COLLEGE-ALL CAMPUSES    ,NE,68520-0000,Public       ,32,33,65,3321,3474,6795
02508301,SOUTHEAST COMMUNITY COLLEGE             ,NE,68310-7042,Public       ,0,0,0,454,274,728
02508302,SOUTHEAST COMMUNITY COLLEGE             ,NE,68405-0000,Public       ,0,0,0,752,166,918
02550800,NEBRASKA INDIAN COMMUNITY COLLEGE       ,NE,68039-0000,Public       ,0,7,7,19,79,98
02610500,XENON INTERNATIONAL ACADEMY II          ,NE,68127-3522,Proprietary  ,15,7,22,230,159,389
03023300,VATTEROTT COLLEGE                       ,NE,68137-1237,Proprietary  ,0,0,0,16,33,49
03127300,OMAHA SCHOOL OF MASSAGE THERAPY         ,NE,68127-5002,Proprietary  ,1,2,3,55,115,170
03164300,THE CREATIVE CENTER                     ,NE,68164-2911,Proprietary  ,0,0,0,104,19,123
03279300,MYOTHERAPY INSTITUTE                    ,NE,68516-3641,Proprietary  ,0,1,1,37,64,101
03323300,LITTLE PRIEST TRIBAL COLLEGE            ,NE,68071-0000,Private      ,0,0,0,20,83,103
03821400,UNIVERSAL COLLEGE OF HEALING ARTS       ,NE,68112-1810,Proprietary  ,0,6,6,11,61,72
00256800,UNIVERSITY OF NEVADA RENO               ,NV,89557-0002,Public       ,32,36,68,6059,3982,10041
00256900,UNIVERSITY OF NEVADA-LAS VEGAS          ,NV,89154-1001,Public       ,71,163,234,9451,10753,20204
00697700,GREAT BASIN COLLEGE                     ,NV,89801-3348,Public       ,5,9,14,345,766,1111
00736700,MARINELLO SCHOOLS OF BEAUTY             ,NV,89110-3563,Proprietary  ,12,50,62,131,364,495
00919200,SIERRA NEVADA COLLEGE                   ,NV,89451-0000,Private      ,0,28,28,233,385,618
01036200,COLLEGE OF SOUTHERN NEVADA              ,NV,89146-1139,Public       ,85,250,335,4275,9731,14006
01036300,WESTERN NEVADA COLLEGE                  ,NV,89703-0000,Public       ,6,24,30,537,1210,1747
01323200,ACADEMY OF HAIR DESIGN                  ,NV,89102-0000,Proprietary  ,9,21,30,132,236,368
02097100,SOUTHERN NEVADA UNIV OF COSMETOLOGY     ,NV,89121-0000,Proprietary  ,0,0,0,42,87,129
02107700,TRUCKEE MEADOWS COMMUNITY CLG           ,NV,89512-0000,Public       ,27,69,96,1612,3172,4784
02237500,EVEREST COLLEGE                         ,NV,89103-0000,Proprietary  ,15,61,76,315,943,1258
02338509,NEVADA CAREER INSTITUTE                 ,NV,89121-0000,Proprietary  ,9,46,55,123,518,641
02361001,ITT TECHNICAL INSTITUTE                 ,NV,89014-0000,Proprietary  ,23,39,62,394,718,1112
02600700,LAS VEGAS GAMING & TECHNICAL SCHOOL     ,NV,89109-0000,Proprietary  ,0,0,0,0,1,1
02616703,SCOTTSDALE CULINARY INSTITUTE - LE CORDO,NV,89144-7047,Proprietary  ,1,5,6,106,193,299
02621500,CAREER COLLEGE OF NORTHERN NEVADA       ,NV,89434-7905,Proprietary  ,12,36,48,117,469,586
03030603,UTAH CLG OF MASSAGE THERAPY-NSMT        ,NV,89123-0000,Proprietary  ,23,51,74,221,493,714
03031405,INTERNATIONAL ACADEMY OF DESIGN AND TECH,NV,89074-7750,Proprietary  ,1,2,3,94,90,184
03043200,KAPLAN COLLEGE                          ,NV,89102-8618,Proprietary  ,18,72,90,178,633,811
03084600,THE ART INSTITUTE OF LAS VEGAS          ,NV,89074-7737,Proprietary  ,27,35,62,917,1072,1989
03088200,CARSON CITY BEAUTY ACADEMY              ,NV,89706-0000,Proprietary  ,1,15,16,30,97,127
03110000,ACADEMY OF HEALING ARTS                 ,NV,89106-4031,Proprietary  ,17,76,93,117,518,635
03232305,COMPUTER-ED INSTITUTE -                 ,NV,89014-6398,Proprietary  ,10,6,16,95,183,278
03232306,EUPHORIA INSTITUTE - SUMMERLIN          ,NV,89117-8803,Proprietary  ,11,20,31,13,24,37
03232307,EUPHORIA INSTITUTE - GREEN VALLEY       ,NV,89052-4964,Proprietary  ,13,17,30,17,25,42
03787300,EXPERTISE SCHOOL OF BEAUTY              ,NV,89106-2516,Private      ,5,20,25,36,130,166
03838500,NORTHWEST HEALTH CAREERS                ,NV,89128-0000,Proprietary  ,6,19,25,44,187,231
03975300,INSTITUTE OF PROFESSIONAL CAREERS       ,NV,89119-7825,Proprietary  ,1,6,7,23,83,106
04065300,UNIVERSITY OF SOUTHERN NEVADA           ,NV,89014-2333,Private      ,2,12,14,14,304,318
04114300,NEVADA STATE COLLEGE                    ,NV,89002-9455,Public       ,4,14,18,34,77,111
00257200,COLBY-SAWYER COLLEGE                    ,NH,03257-4648,Private      ,0,0,0,1396,40,1436
00257300,DARTMOUTH COLLEGE                       ,NH,03755-3529,Private      ,1,5,6,6971,1599,8570
00257500,FRANKLIN PIERCE UNIVERSITY              ,NH,03461-0060,Private      ,5,12,17,2957,933,3890
00257900,NEW ENGLAND COLLEGE                     ,NH,03242-3293,Private      ,2,23,25,1360,388,1748
00258000,SOUTHERN NEW HAMPSHIRE UNIVERSITY       ,NH,03106-1045,Private      ,11,84,95,3147,3073,6220
00258100,NHTI  - CONCORD'S COMMUNITY COLLEGE     ,NH,03301-7412,Public       ,7,9,16,1739,1169,2908
00258200,MANCHESTER COMMUNITY COLLEGE            ,NH,03102-8518,Public       ,6,15,21,698,746,1444
00258201,NH COMM TECH COLLEGE - STRATHAM         ,NH,03885-0000,Public       ,0,0,0,273,342,615
00258202,NEW HAMPSHIRE COMMUNITY TECHNICAL COLLEG,NH,03038-0000,Public       ,0,1,1,16,24,40
00258204,HEW HAMPSHIRE COMMUNITY TECHNICAL COLLEG,NH,03803-2807,Public       ,0,0,0,32,38,70
00258300,GREAT BAY COMMUNITY COLLEGE             ,NH,03885-0000,Public       ,1,14,15,144,218,362
00258600,RIVIER COLLEGE                          ,NH,03060-5086,Private      ,1,29,30,1201,806,2007
00258700,SAINT ANSELM COLLEGE                    ,NH,03102-1310,Private      ,0,0,0,3181,46,3227
00258900,UNIVERSITY OF NEW HAMPSHIRE             ,NH,03824-2511,Public       ,6,8,14,15287,2723,18010
00259000,KEENE STATE COLLEGE                     ,NH,03431-0000,Public       ,5,3,8,5282,578,5860
00259100,PLYMOUTH STATE UNIVERSITY               ,NH,03264-1595,Public       ,5,5,10,5371,807,6178
00301004,ANTIOCH UNIVERSITY                      ,NH,03431-0000,Private      ,0,4,4,2,858,860
00472900,HESSER COLLEGE                          ,NH,03103-7230,Proprietary  ,33,59,92,1046,1227,2273
00472901,HESSER COLLEGE - NASHUA CAMPUS          ,NH,03063-1286,Proprietary  ,2,23,25,169,499,668
00472904,HESSER COLLEGE - PORTSMOUTH CAMPUS      ,NH,03801-3245,Proprietary  ,9,32,41,207,527,734
00472905,HESSER COLLEGE - SALEM CAMPUS           ,NH,03079-2842,Proprietary  ,5,34,39,239,636,875
00472906,HESSER COLLEGE - CONCORD CAMPUS         ,NH,03301-3415,Proprietary  ,2,21,23,118,458,576
00473000,MCINTOSH COLLEGE INC                    ,NH,03820-3990,Proprietary  ,9,9,18,939,903,1842
00473100,DANIEL WEBSTER COLLEGE                  ,NH,03063-1300,Proprietary  ,1,6,7,947,264,1211
00473300,CHESTER COLLEGE OF NEW ENGLAND          ,NH,03036-4331,Private      ,0,0,0,286,50,336
00529100,WHITE MOUNTAINS COMMUNITY COLLEGE       ,NH,03570-3799,Public       ,4,5,9,255,455,710
00529101,N.H.COMM TECH COLLEGE - LACONIA         ,NH,03246-0000,Public       ,0,0,0,300,249,549
00702500,LEBANON COLLEGE                         ,NH,03766-0000,Private      ,2,1,3,12,41,53
00755500,LAKES REGION COMMUNITY COLLEGE          ,NH,03246-1326,Public       ,1,1,2,115,106,221
00756000,RIVER VALLEY COMMUNITY COLLEGE          ,NH,03743-9707,Public       ,1,2,3,208,485,693
00849300,CONTINENTAL ACADEMIE OF HAIR DESIGN     ,NH,03103-4901,Proprietary  ,1,0,1,29,19,48
00864500,EMPIRE BEAUTY SCHOOL                    ,NH,03220-0000,Proprietary  ,5,11,16,122,146,268
00923600,NASHUA COMMUNITY COLLEGE                ,NH,03063-2052,Public       ,4,12,16,648,580,1228
01318900,CONTINENTAL ACADEMIE OF HAIR DESIGN     ,NH,03051-3754,Proprietary  ,0,1,1,55,17,72
02097900,FRANKLIN PIERCE LAW CENTER              ,NH,03301-0000,Private      ,0,1,1,14,691,705
02140400,ST JOSEPH SCH OF PRAC NRSG              ,NH,03060-0000,Private      ,1,7,8,25,123,148
02174800,MICHAEL'S SCHOOL OF HAIR DESIGN & ESTHET,NH,03110-0000,Proprietary  ,4,7,11,89,91,180
02179600,EMPIRE BEAUTY SCHOOL                    ,NH,03878-0000,Proprietary  ,13,18,31,142,195,337
02211600,PORTSMOUTH BTY SCH OF HAIR DESIGN       ,NH,03801-4084,Proprietary  ,1,3,4,33,23,56
02245400,KEENE BEAUTY ACADEMY                    ,NH,03431-0000,Proprietary  ,5,3,8,45,34,79
02247000,NEW ENGLAND SCHOOL OF HAIR DESIGN       ,NH,03784-0000,Proprietary  ,0,0,0,34,46,80
02300200,CONCORD ACADEMY OF HAIR DESIGN          ,NH,03301-0000,Proprietary  ,0,2,2,12,19,31
03043100,THOMAS MORE COLLEGE OF LIBERAL ARTS     ,NH,03054-4818,Private      ,0,1,1,94,13,107
03101300,GRANITE STATE COLLEGE                   ,NH,03301-6400,Public       ,2,17,19,145,1191,1336
03182300,NEW HAMPSHIRE INSTITUTE OF ART          ,NH,03104-4858,Private      ,0,0,0,263,68,331
03305300,SECOND START                            ,NH,03301-5706,Private      ,1,7,8,11,99,110
03437300,UPPER VALLEY TEACHER TRANING PROGRAM    ,NH,03766-1358,Private      ,0,0,0,1,41,42
03729300,NH INSTITUTE FOR THERAPEUTIC ARTS       ,NH,03051-4906,Proprietary  ,0,0,0,22,45,67
00267000,BAPTIST BIBLE COLG OF PENNSYLVANIA      ,PA,18411-1297,Private      ,1,9,10,731,161,892
00322800,BRYN ATHYN COLLEGE OF THE NEW CHURCH    ,PA,19009-0717,Private      ,0,0,0,77,6,83
00322900,ALBRIGHT COLLEGE                        ,PA,19612-5234,Private      ,4,24,28,2897,762,3659
00323000,ALLEGHENY COLLEGE                       ,PA,16335-3902,Private      ,2,1,3,3077,67,3144
00323100,COMM CLG OF ALLEGHENY-ALLEGHENY CMP     ,PA,15212-0000,Public       ,24,98,122,2048,3903,5951
00323101,"COMM CLG OF ALLEGHENY, BOYCE CAMPUS     ",PA,15146-0000,Public       ,13,48,61,1141,1827,2968
00323102,"COMM CLG OF ALLEGHENY, NORTH CAMPUS     ",PA,15237-0000,Public       ,6,23,29,930,1010,1940
00323103,"COMM CLG OF ALLEGHENY, SOUTH CAMPUS     ",PA,15122-0000,Public       ,19,41,60,1574,1996,3570
00323300,ALVERNIA UNIVERSITY                     ,PA,19607-1799,Private      ,3,45,48,1529,1234,2763
00323500,ARCADIA UNIVERSITY                      ,PA,19038-3295,Private      ,4,7,11,3351,1380,4731
00323700,BRYN MAWR COLLEGE                       ,PA,19010-2899,Private      ,2,6,8,1391,487,1878
00323800,BUCKNELL UNIVERSITY                     ,PA,17837-2122,Private      ,1,1,2,4953,124,5077
00323900,BUCKS COUNTY COMMUNITY COLLEGE          ,PA,18940-1320,Public       ,22,56,78,2303,1950,4253
00324000,BUTLER COUNTY COMMUNITY COLLEGE         ,PA,16001-0000,Public       ,12,50,62,1457,1436,2893
00324100,CABRINI COLLEGE                         ,PA,19087-3698,Private      ,6,104,110,2264,656,2920
00324200,CARNEGIE MELLON UNIVERSITY              ,PA,15213-3890,Private      ,6,9,15,7513,942,8455
00324201,CARNEGIE MELLON UNIV- THE HEINZ SCH     ,PA,15213-0000,Private      ,2,4,6,488,429,917
00324202,CARNEGIE MELLON- TEPPER SCHOOL OF BUSINE,PA,15213-0000,Private      ,0,1,1,12,581,593
00324300,CEDAR CREST COLLEGE                     ,PA,18104-6196,Private      ,0,16,16,1325,1080,2405
00324400,CHATHAM UNIVERSITY                      ,PA,15232-2826,Private      ,4,10,14,598,1018,1616
00324500,CHESTNUT HILL COLLEGE                   ,PA,19118-2693,Private      ,5,38,43,1252,1221,2473
00324700,MISERICORDIA  UNIVERSITY                ,PA,18612-1008,Private      ,1,17,18,1699,833,2532
00324900,COMMUNITY COLLEGE OF PHILADELPHIA       ,PA,19130-3991,Public       ,144,468,612,8946,14558,23504
00325100,CURTIS INSTITUTE OF MUSIC               ,PA,19103-6187,Private      ,0,0,0,223,86,309
00325200,DELAWARE VALLEY COLLEGE                 ,PA,18901-2697,Private      ,2,7,9,1964,306,2270
00325300,DICKINSON COLLEGE                       ,PA,17013-2896,Private      ,4,0,4,2870,49,2919
00325400,DICKINSON SCHOOL OF LAW                 ,PA,17013-2899,Private      ,0,4,4,31,1689,1720
00325600,DREXEL UNIVERSITY                       ,PA,19104-2875,Private      ,46,178,224,14421,10146,24567
00325800,DUQUESNE UNIVERSITY                     ,PA,15282-0001,Private      ,17,35,52,6665,3822,10487
00325900,EASTERN UNIVERSITY                      ,PA,19087-3696,Private      ,2,36,38,2166,1864,4030
00325908,EASTERN BAPTIST THEOLGCL SEMINARY       ,PA,19096-0000,Private      ,0,4,4,1,131,132
00326200,ELIZABETHTOWN COLLEGE                   ,PA,17022-2298,Private      ,1,4,5,2772,306,3078
00326300,EVANGELICAL SCHOOL OF THEOLOGY          ,PA,17067-0000,Private      ,0,0,0,0,92,92
00326500,FRANKLIN & MARSHALL COLLEGE             ,PA,17604-0000,Private      ,1,0,1,2252,57,2309
00326600,GANNON UNIVERSITY                       ,PA,16541-0001,Private      ,3,5,8,3122,1256,4378
00326700,GENEVA COLLEGE                          ,PA,15010-3599,Private      ,1,9,10,1762,1002,2764
00326800,GETTYSBURG COLLEGE                      ,PA,17325-1486,Private      ,2,0,2,3567,57,3624
00326900,GROVE CITY COLLEGE                      ,PA,16127-0000,Private      ,1,0,1,1720,29,1749
00327000,GWYNEDD-MERCY COLLEGE                   ,PA,19437-0901,Private      ,5,30,35,1484,1200,2684
00327200,HARCUM COLLEGE                          ,PA,19010-3476,Private      ,4,13,17,496,734,1230
00327300,HARRISBURG AREA COMMUNITY COLLEGE       ,PA,17110-2999,Public       ,77,246,323,6093,9450,15543
00327400,HAVERFORD COLLEGE                       ,PA,19041-1392,Private      ,1,0,1,1737,15,1752
00327500,HOLY FAMILY UNIVERSITY                  ,PA,19114-2094,Private      ,8,17,25,1730,1796,3526
00327600,IMMACULATA UNIVERSITY                   ,PA,19345-0647,Private      ,9,72,81,1147,1386,2533
00327700,INDIANA UNIVERSITY OF PENNSYLVANIA      ,PA,15705-1097,Public       ,67,85,152,11487,3441,14928
00327900,JUNIATA COLLEGE                         ,PA,16652-2196,Private      ,0,0,0,1906,83,1989
00328000,KEYSTONE COLLEGE                        ,PA,18440-0200,Private      ,7,26,33,1534,760,2294
00328200,KINGS COLLEGE                           ,PA,18711-0801,Private      ,3,8,11,2577,393,2970
00328300,LACKAWANNA COLLEGE                      ,PA,18509-9961,Private      ,6,11,17,1253,743,1996
00328400,LAFAYETTE COLLEGE                       ,PA,18042-1768,Private      ,0,0,0,3118,48,3166
00328500,LANCASTER BIBLE COLLEGE                 ,PA,17601-5036,Private      ,0,5,5,597,283,880
00328600,LANCASTER THEOLOGICAL SEMINARY          ,PA,17603-0000,Private      ,0,1,1,1,98,99
00328700,LASALLE UNIVERSITY                      ,PA,19141-1199,Private      ,6,57,63,5032,2704,7736
00328800,LEBANON VALLEY COLLEGE                  ,PA,17003-1400,Private      ,0,1,1,2391,186,2577
00328900,LEHIGH UNIVERSITY                       ,PA,18015-1588,Private      ,2,8,10,6682,621,7303
00329000,LINCOLN UNIVERSITY                      ,PA,19352-0999,Public       ,17,14,31,3201,1068,4269
00329100,LUTHERAN THEOLOG SEMINARY-GETTYSBRG     ,PA,17325-0000,Private      ,0,0,0,1,154,155
00329200,LUTHERAN THEOLOGICAL SEMINARY           ,PA,19119-0000,Private      ,0,2,2,0,213,213
00329300,LYCOMING COLLEGE                        ,PA,17701-5192,Private      ,0,1,1,1876,115,1991
00329400,MANOR COLLEGE                           ,PA,19046-3399,Private      ,1,4,5,506,516,1022
00329600,MARYWOOD UNIVERSITY                     ,PA,18509-1598,Private      ,2,22,24,2150,1499,3649
00329700,MERCYHURST COLLEGE                      ,PA,16546-0001,Private      ,7,14,21,4068,1443,5511
00329800,MESSIAH COLLEGE                         ,PA,17027-0800,Private      ,0,0,0,3256,128,3384
00330000,MOORE COLLEGE OF ART & DESIGN           ,PA,19103-1179,Private      ,1,1,2,625,201,826
00330100,MORAVIAN COLLEGE                        ,PA,18018-6650,Private      ,4,2,6,1972,228,2200
00330101,MORAVIAN THEOLOGICAL SEMINARY           ,PA,18018-0000,Private      ,0,0,0,12,65,77
00330200,MOUNT ALOYSIUS COLLEGE                  ,PA,16630-1999,Private      ,10,16,26,1146,921,2067
00330300,CARLOW COLLEGE                          ,PA,15213-3165,Private      ,3,17,20,1239,1591,2830
00330400,MUHLENBERG COLLEGE                      ,PA,18104-5586,Private      ,3,5,8,2910,205,3115
00330600,VALLEY FORGE CHRISTIAN COLLEGE          ,PA,19460-2399,Private      ,1,0,1,848,235,1083
00330900,PEIRCE COLLEGE                          ,PA,19102-4699,Private      ,7,82,89,323,2198,2521
00331100,PENNSYLVANIA COLLEGE OF OPTOMETRY       ,PA,19027-1598,Private      ,0,1,1,12,788,800
00331300,WIDENER UNIVERSITY                      ,PA,19013-5792,Private      ,5,15,20,3843,2048,5891
00331302,WIDENER UNIV SCH OF LAW- HARRISBURG     ,PA,17106-9381,Private      ,0,0,0,4,808,812
00331500,BLOOMSBURG UNIVERSITY OF PA             ,PA,17815-1301,Public       ,25,10,35,8927,1663,10590
00331600,CALIFORNIA UNIV OF PENNSYLVANIA         ,PA,15419-1394,Public       ,15,41,56,5660,3275,8935
00331700,CHEYNEY UNIVERSITY OF PENNSYLVANIA      ,PA,19319-0200,Public       ,10,5,15,2398,862,3260
00331800,CLARION UNIVERSITY OF PENNSYLVANIA      ,PA,16214-1232,Public       ,11,30,41,5098,1838,6936
00332000,EAST STROUDSBURG UNIVERSITY             ,PA,18301-2999,Public       ,10,9,19,6891,1394,8285
00332100,EDINBORO UNIVERSITY OF PENNSYLVANIA     ,PA,16444-0001,Public       ,17,33,50,5498,2881,8379
00332200,KUTZTOWN UNIVERSITY OF PENNSYLVANIA     ,PA,19530-9339,Public       ,23,18,41,9232,1634,10866
00332300,LOCK HAVEN UNIV OF PENNSYLVANIA         ,PA,17745-2439,Public       ,39,25,64,5189,1081,6270
00332400,MANSFIELD UNIVERSITY                    ,PA,16933-1123,Public       ,12,31,43,2944,1186,4130
00332500,MILLERSVILLE UNIVERSITY OF PA           ,PA,17551-1800,Public       ,19,19,38,7216,1698,8914
00332600,SHIPPENSBURG UNIVERSITY                 ,PA,17257-2299,Public       ,21,32,53,6745,1260,8005
00332700,SLIPPERY ROCK UNIVERSITY                ,PA,16057-1326,Public       ,27,48,75,7258,1895,9153
00332800,WEST CHESTER UNIVERSITY                 ,PA,19383-0001,Public       ,73,33,106,11722,2917,14639
00332900,PENN STATE UNIVERSITY                   ,PA,16802-1503,Public       ,491,283,774,60859,15583,76442
00332901,PENN STATE UNIV-HERSHEY MEDCL CTR       ,PA,17033-0000,Public       ,1,1,2,59,1048,1107
00335000,UNIVERSITY OF THE ARTS (THE)            ,PA,19102-9493,Private      ,5,13,18,2871,531,3402
00335100,PHILADELPHIA BIBLICAL UNIVERSITY        ,PA,19047-2942,Private      ,1,4,5,864,530,1394
00335200,PHILADELPHIA CLG OSTEOPATHIC MED        ,PA,19131-0000,Private      ,0,5,5,19,2324,2343
00335300,UNIVERSITY OF THE SCIENCES IN PHILADELPH,PA,19104-4495,Private      ,4,6,10,3028,779,3807
00335400,PHILADELPHIA UNIVERSITY                 ,PA,19144-5497,Private      ,4,24,28,3560,837,4397
00335600,PITTSBURGH THEOLOGICAL SEMINARY         ,PA,15206-0000,Private      ,0,1,1,1,214,215
00335700,POINT PARK UNIVERSITY                   ,PA,15222-1912,Private      ,13,38,51,2618,2135,4753
00335800,REFORMED PRESBYTERIAN THEOL SEMINAR     ,PA,15208-0000,Private      ,0,0,0,0,40,40
00335900,ROBERT MORRIS UNIVERSITY                ,PA,15108-1189,Private      ,12,61,73,3508,2074,5582
00336000,ROSEMONT COLLEGE                        ,PA,19010-1699,Private      ,0,18,18,493,527,1020
00336200,SETON HILL UNIVERSITY                   ,PA,15601-1599,Private      ,8,15,23,1704,762,2466
00336400,ST. CHARLES BORROMEO SEMINARY           ,PA,19096-0000,Private      ,0,0,0,29,59,88
00336600,SAINT FRANCIS UNIVERSITY                ,PA,15940-0600,Private      ,8,7,15,1763,564,2327
00336700,SAINT JOSEPH'S UNIVERSITY               ,PA,19131-1395,Private      ,12,50,62,5635,1713,7348
00336800,ST VINCENT COLLEGE                      ,PA,15650-2690,Private      ,3,3,6,1834,281,2115
00336900,SUSQUEHANNA UNIVERSITY                  ,PA,17870-1001,Private      ,3,1,4,2319,82,2401
00337000,SWARTHMORE COLLEGE                      ,PA,19081-1397,Private      ,5,0,5,2498,40,2538
00337100,TEMPLE UNIV - MAIN CAMPUS               ,PA,19122-6003,Private      ,50,74,124,23842,6682,30524
00337101,TEMPLE UNIV - SCHOOL OF LAW             ,PA,19122-0000,Private      ,0,3,3,57,2195,2252
00337102,TEMPLE UNIV - SCHOOL OF MEDICINE        ,PA,19140-0000,Private      ,4,5,9,103,1214,1317
00337103,TEMPLE UNIV - SCHOOL OF DENTISTRY       ,PA,19140-0000,Private      ,0,1,1,19,589,608
00337104,TEMPLE UNIV - AMBLER CAMPUS             ,PA,19002-0000,Private      ,3,6,9,854,622,1476
00337105,TEMPLE UNIV - SCH OF ALLIED HEALTH      ,PA,19140-0000,Private      ,0,0,0,333,358,691
00337106,TEMPLE UNIV - SCHOOL OF PHARMACY        ,PA,19140-0000,Private      ,0,7,7,341,637,978
00337107,TEMPLE UNIV - TYLER SCHOOL OF ART       ,PA,19122-0000,Private      ,0,2,2,734,296,1030
00337108,TEMPLE UNIV - GRAD DIV HEALTH SCI       ,PA,19140-0000,Private      ,0,7,7,74,379,453
00337109,TEMPLE UNIV - GRADUATE DIVISION         ,PA,19122-0000,Private      ,0,31,31,145,2758,2903
00337111,TEMPLE UNIV-SCH OF PODIATRIC MED        ,PA,19107-0000,Private      ,0,3,3,9,310,319
00337600,THIEL COLLEGE                           ,PA,16125-2181,Private      ,5,0,5,1588,141,1729
00337800,UNIVERSITY OF PENNSYLVANIA              ,PA,19104-6216,Private      ,13,72,85,11726,10699,22425
00337900,UNIVERSITY OF PITTSBURGH                ,PA,15260-0000,Public       ,76,187,263,22345,9885,32230
00337906,UNIVERSITY OF PITTSBURGH - SCHOOL OF MED,PA,15261-0001,Public       ,2,0,2,50,933,983
00337907,UNIVERSITY OF PITTSBURGH - SCHOOL OF DEN,PA,15261-2523,Public       ,0,0,0,21,371,392
00338400,UNIVERSITY OF SCRANTON                  ,PA,18510-4622,Private      ,7,90,97,5599,1595,7194
00338500,URSINUS COLLEGE                         ,PA,19426-2562,Private      ,1,1,2,2801,76,2877
00338600,VALLEY FORGE MILITARY COLLEGE           ,PA,19087-3695,Private      ,2,0,2,202,16,218
00338800,VILLANOVA UNIVERSITY                    ,PA,19085-1699,Private      ,12,22,34,9680,1672,11352
00338801,VILLANOVA UNIV SCH OF LAW               ,PA,19085-0000,Private      ,0,2,2,11,1460,1471
00338900,WASHINGTON & JEFFERSON COLLEGE          ,PA,15301-4801,Private      ,2,0,2,2348,45,2393
00339100,WAYNESBURG UNIVERSITY                   ,PA,15370-1222,Private      ,7,17,24,1741,804,2545
00339200,WESTMINSTER COLLEGE                     ,PA,16172-0002,Private      ,2,3,5,1771,122,1893
00339300,WESTMINSTER THEOLOGICAL SEMINARY        ,PA,19038-0000,Private      ,0,1,1,2,235,237
00339400,WILKES UNIVERSITY                       ,PA,18766-0998,Private      ,3,23,26,3139,798,3937
00339500,PENNSYLVANIA COLLEGE OF TECHNOLOGY      ,PA,17701-5779,Public       ,12,11,23,5290,2168,7458
00339600,WILSON COLLEGE                          ,PA,17201-1285,Private      ,1,5,6,334,380,714
00339900,YORK COLLEGE OF PENNSYLVANIA            ,PA,17405-7199,Private      ,13,14,27,5175,1066,6241
00398600,DESALES UNIVERSITY                      ,PA,18034-9568,Private      ,6,20,26,2086,985,3071
00398700,LA ROCHE COLLEGE                        ,PA,15237-5898,Private      ,2,8,10,1084,463,1547
00398800,NEUMANN COLLEGE                         ,PA,19014-1298,Private      ,6,19,25,2424,940,3364
00405800,GRATZ COLLEGE                           ,PA,19027-3097,Private      ,0,15,15,1,115,116
00445200,MONTGOMERY COUNTY COMMUNITY COLLEGE     ,PA,19422-6300,Public       ,36,81,117,2542,2820,5362
00488600,ELECTRONIC INSTITUTES                   ,PA,17057-9984,Private      ,0,0,0,1,1,2
00488700,BRANDYWINE SCHOOL OF NURSING            ,PA,19320-1536,Proprietary  ,0,0,0,37,69,106
00488900,CAMBRIA-ROWE BUSINESS COLLEGE           ,PA,15902-2494,Proprietary  ,10,19,29,210,330,540
00489000,CENTRAL PENNSYLVANIA COLLEGE            ,PA,17093-0309,Proprietary  ,7,5,12,1044,622,1666
00489300,DU BOIS BUSINESS COLLEGE                ,PA,15801-2401,Proprietary  ,3,2,5,226,302,528
00489400,ERIE BUSINESS CENTER                    ,PA,16501-1305,Proprietary  ,7,39,46,143,577,720
00489401,ERIE BUSINESS CENTER SOUTH              ,PA,16101-0000,Proprietary  ,0,11,11,49,139,188
00489800,MCCANN SCHOOL OF BUSINESS & TECHNOL     ,PA,17901-1335,Proprietary  ,28,89,117,751,1890,2641
00489900,MERCY HOSP SCH OF NURSING               ,PA,15219-5166,Private      ,1,1,2,103,84,187
00490100,NEWPORT BUSINESS INSTITUTE              ,PA,15068-3929,Proprietary  ,0,3,3,27,83,110
00490200,PENN COMMERCIAL BUSINESS/TECHNICAL SCHL ,PA,15301-2871,Proprietary  ,4,4,8,260,489,749
00491000,KAPLAN CAREER INSTITUTE                 ,PA,17111-3571,Proprietary  ,7,37,44,287,642,929
00491001,THOMPSON INSTITUTE-PHILADEPHIA CAMPUS   ,PA,19104-3386,Proprietary  ,28,145,173,342,1367,1709
00491002,THOMPSON INSTITUTE-CHAMBERSBURG         ,PA,17201-0000,Proprietary  ,0,0,0,1,0,1
00491400,NEWPORT BUSINESS INSTITUTE              ,PA,17701-5855,Proprietary  ,2,8,10,52,150,202
00500701,WEST VIRGINIA CAREER INSTITUTE          ,PA,15456-0000,Proprietary  ,2,8,10,95,221,316
00531000,PITTSBURGH INST OF AERONAUTICS          ,PA,15236-0000,Private      ,1,1,2,207,134,341
00533000,FAYETTE CNTY AREA VOC TECH PRC NRSG     ,PA,15401-0000,Public       ,0,0,0,19,118,137
00533500,CENTRAL PENN INST OF SCI & TECH PNP     ,PA,16823-0000,Public       ,0,3,3,23,79,102
00534100,UPPER BUCKS CO AREA VOC-TECH SCHOOL     ,PA,18944-0000,Public       ,0,0,0,1,5,6
00536500,YORK CO AREA VOC-TECH SCH-PRAC NSG      ,PA,17402-0000,Public       ,0,7,7,22,136,158
00594200,UPMC PRESBYTERIAN SCH OF RADIOLOGIC     ,PA,15213-2582,Private      ,0,1,1,34,45,79
00594600,SCHOOL OF RADIOLOGIC TECHNOLOGY AT ST. C,PA,19134-1995,Proprietary  ,1,0,1,36,45,81
00653400,CITIZENS SCHOOL OF NURSING              ,PA,15068-6591,Private      ,0,1,1,40,112,152
00653700,CONEMAUGH VLY MEM HOSP SCH NRSNG        ,PA,15905-4398,Private      ,1,3,4,92,108,200
00653702,CONEMAUGH HOSP- SCH HISTOTECHNOLOGY     ,PA,15905-0000,Private      ,1,0,1,7,5,12
00653704,CONEMAUGH VLY MEM HOSP SCH RAD TECH     ,PA,15905-0000,Private      ,0,1,1,29,20,49
00653706,CONEMAUGH VLY MEM HOSP SCH  MED TECH    ,PA,15905-4398,Private      ,0,0,0,5,4,9
00653900,EPISCOPAL HOSPITAL SCHL OF NURSING      ,PA,19125-1000,Private      ,1,0,1,52,297,349
00655100,ST MARGARET SCHL OF NURSING             ,PA,15238-3205,Private      ,1,3,4,74,174,248
00656000,OHIO VALLEY HOSP SCH OF NURSING         ,PA,15136-1694,Private      ,0,0,0,19,57,76
00656500,READING HOSPITAL SCHOOL OF HEALTH SCIENC,PA,19611-1744,Private      ,1,3,4,147,292,439
00657400,"ST LUKE'S HOSPITAL OF BETHLEHEM, PA     ",PA,18015-1065,Private      ,0,2,2,75,122,197
00657600,SEWICKLEY VALLEY HOSP SCH NRSNG         ,PA,15143-1498,Private      ,0,0,0,51,89,140
00657602,HVHS SCHOOL OF RADIOLOGIC TECHNOLOGY    ,PA,15143-0000,Private      ,0,0,0,12,8,20
00657700,UPMC SHADYSIDE SCHOOL OF NURSING        ,PA,15232-1381,Private      ,4,11,15,102,354,456
00657800,SHARON REGIONAL SCHOOL OF NURSING       ,PA,16146-3395,Private      ,0,0,0,24,69,93
00658200,WASHINGTON HOSP SCH OF NURSING          ,PA,15301-3398,Private      ,0,1,1,71,144,215
00658202,WASHINGTON HOSP SCH OF RAD TECH         ,PA,15301-3398,Private      ,1,0,1,22,19,41
00658300,WESTERN PENN HOSP-SCH OF NURSING        ,PA,15224-1790,Private      ,0,2,2,117,116,233
00680700,COMMUNITY COLLEGE OF BEAVER COUNTY      ,PA,15061-2588,Public       ,23,40,63,1033,1225,2258
00681000,LEHIGH CARBON COMMUNITY COLLEGE         ,PA,18078-2598,Public       ,29,44,73,2509,2427,4936
00681100,LUZERNE COUNTY COMMUNITY COLLEGE        ,PA,18634-3899,Public       ,39,53,92,2716,2573,5289
00708700,ABINGTON MEM HOSP SCHL OF NURSING       ,PA,19090-1284,Private      ,0,3,3,93,166,259
00709000,METHODIST HOSPITAL SCH OF NURSING       ,PA,19148-3594,Private      ,0,0,0,14,34,48
00709100,EVEREST INSTITUTE                       ,PA,15222-1320,Proprietary  ,15,80,95,234,1057,1291
00711000,DELAWARE COUNTY COMMUNITY COLLEGE       ,PA,19063-1094,Public       ,37,80,117,3111,3697,6808
00719100,NORTHAMPTON COMMUNITY COLLEGE           ,PA,18020-7599,Public       ,31,58,89,3563,3256,6819
00739802,KATHERINE GIBBS-PHILADELPHIA            ,PA,19403-2422,Proprietary  ,1,1,2,55,47,102
00743000,ANTONELLI INST OF ART & PHOTOGRAPHY     ,PA,19038-8242,Proprietary  ,2,0,2,216,21,237
00743600,KAPLAN CAREER INSTITUTE - ICM CAMPUS    ,PA,15222-1977,Proprietary  ,14,69,83,562,1542,2104
00743700,PITTSBURGH TECHNICAL INSTITUTE          ,PA,15071-3205,Proprietary  ,9,5,14,2215,881,3096
00746900,"HUSSIAN SCHOOL OF ART, INC.             ",PA,19106-0000,Proprietary  ,0,0,0,163,17,180
00747000,"ART INSTITUTE OF PITTSBURGH, THE        ",PA,15219-1328,Proprietary  ,164,834,998,4994,11920,16914
00752900,CTR ART TCH BRDYWN CMPS PRC NRS PRG     ,PA,19320-2459,Public       ,0,1,1,26,130,156
00775900,LINCOLN TECHNICAL INSTITUTE             ,PA,18104-3298,Proprietary  ,16,56,72,400,578,978
00777900,LANSDALE SCHOOL OF BUSINESS             ,PA,19454-4148,Proprietary  ,6,11,17,110,329,439
00778000,NEW CASTLE SCHOOL OF TRADES             ,PA,16143-9721,Proprietary  ,25,49,74,268,563,831
00778100,CHI INSTITUTE/RETS CAMPUS               ,PA,19008-3516,Proprietary  ,26,50,76,394,1125,1519
00782600,BEREAN INSTITUTE                        ,PA,19130-1526,Private      ,5,4,9,124,135,259
00783200,LINCOLN TECH INSTITUTE                  ,PA,19136-1595,Proprietary  ,35,50,85,541,580,1121
00783900,TRIANGLE TECH                           ,PA,15214-3897,Proprietary  ,23,37,60,279,318,597
00791200,THADDEUS STEVENS CLG OF TECHNOLOGY      ,PA,17602-0000,Public       ,13,3,16,790,242,1032
00791600,FRANKLIN CNTY CAREER & TECH CTR-PNP     ,PA,17201-0000,Public       ,0,0,0,11,37,48
00820000,JAMESON MEMORIAL HOSP SCH NURSING       ,PA,16105-2595,Private      ,0,0,0,52,99,151
00826301,AWARD BEAUTY SCHOOL - CHAMBERSBURG BEAUT,PA,17201-2435,Proprietary  ,0,0,0,3,2,5
00835000,ART INSTITUTE OF PHILADELPHIA           ,PA,19103-5198,Proprietary  ,36,28,64,3661,1803,5464
00844100,ANTHEM INSTITUTE                        ,PA,19064-1243,Proprietary  ,30,77,107,473,1010,1483
00856800,VET TECH INSTITUTE                      ,PA,15222-3400,Proprietary  ,0,1,1,296,111,407
00865300,JEFFERSON CO DUBOIS VOC TECH-PR NSG     ,PA,15851-0000,Public       ,0,0,0,15,58,73
00888900,LEHIGH VALLEY COLLEGE                   ,PA,18034-8447,Proprietary  ,8,9,17,871,833,1704
00895500,PRUONTOS HAIR DESIGN INSTITUTE & BEAUTY ,PA,16602-0000,Proprietary  ,0,2,2,26,22,48
00918600,DEAN INSTITUTE OF TECHNOLOGY            ,PA,15226-1197,Proprietary  ,2,6,8,53,138,191
00944900,PENNCO TECH                             ,PA,19007-0000,Proprietary  ,3,17,20,425,503,928
00966400,EMPIRE BEAUTY SCHOOL                    ,PA,18052-5730,Proprietary  ,14,27,41,203,351,554
00966500,EMPIRE BEAUTY SCHOOL                    ,PA,17109-2210,Proprietary  ,8,14,22,112,188,300
00966600,EMPIRE BEAUTY SCHOOL                    ,PA,19605-2803,Proprietary  ,10,14,24,133,228,361
00972100,BRADFORD SCHOOL                         ,PA,15219-2602,Proprietary  ,0,0,0,569,87,656
00972300,FRANKFORD HOSP SCH OF NURSING           ,PA,19124-2696,Private      ,2,3,5,216,278,494
00973700,UPHS PRESBYTERIAN MC SCH PRACTL NRS     ,PA,19104-2692,Private      ,0,0,0,0,6,6
00978300,GORDON PHILLIPS SCH OF BEAUTY CULT      ,PA,19135-0000,Proprietary  ,18,29,47,249,351,600
00986300,LANCASTER GENERAL COLLEGE OF NURSING AND,PA,17602-4955,Private      ,2,1,3,211,315,526
01000600,GREATER JOHNSTOWN AREA VOC TECH SCH     ,PA,15904-0000,Public       ,0,0,0,54,185,239
01005500,CRAWFORD CNTY AREA VO-TECH PRAC NUR     ,PA,16335-0000,Public       ,0,0,0,5,33,38
01017600,WESTMORELAND COUNTY COMMUNITY CLG       ,PA,15697-1895,Public       ,44,124,168,2031,2686,4717
01038800,READING AREA COMMUNITY COLLEGE          ,PA,19603-1706,Public       ,56,145,201,1441,2907,4348
01054100,EMPIRE BEAUTY SCHOOL                    ,PA,15146-2229,Proprietary  ,7,27,34,229,324,553
01054200,EMPIRE BEAUTY SCHOOL                    ,PA,18701-0000,Proprietary  ,7,16,23,182,192,374
01054300,EMPIRE BEAUTY SCHOOL                    ,PA,17701-3914,Proprietary  ,10,11,21,145,202,347
01081400,PITTSBURGH INST MORTUARY SCIENCE        ,PA,15206-3706,Private      ,0,1,1,69,148,217
01086000,GREATER ALTOONA CAREER/TECH CENTER      ,PA,16602-0000,Public       ,0,1,1,55,137,192
01096300,GREENE COUNTY VOC-TECH SCHOOL           ,PA,15370-0000,Public       ,0,2,2,5,47,52
01097000,EMPIRE BEAUTY SCHOOL                    ,PA,17042-5209,Proprietary  ,1,0,1,25,29,54
01099800,PENNSYLVANIA INSTITUTE OF TECH          ,PA,19063-4098,Private      ,18,91,109,412,731,1143
01102000,EMPIRE BEAUTY SCHOOL                    ,PA,17604-4335,Proprietary  ,4,9,13,69,92,161
01102100,EMPIRE BEAUTY SCHOOL                    ,PA,17402-2862,Proprietary  ,5,31,36,183,364,547
01162100,AUTOMOTIVE TRAINING CENTER              ,PA,19341-1310,Proprietary  ,30,5,35,699,190,889
01162200,WELDER TRAINING & TESTING INST          ,PA,18109-3253,Proprietary  ,1,5,6,23,36,59
01163800,EMPIRE BEAUTY SCHOOL                    ,PA,17876-0000,Proprietary  ,1,3,4,45,64,109
01171500,POTTSVILLE HOSPITAL SCHOOL OF NURSING   ,PA,17901-3692,Private      ,0,0,0,38,48,86
01191900,BEAVER FALLS BEAUTY ACADEMY             ,PA,15010-4208,Proprietary  ,2,10,12,26,49,75
01205000,ROSEDALE TECHNICAL INSTITUTE            ,PA,15205-9791,Private      ,10,8,18,192,175,367
01239300,THOMAS JEFF UNIV-CLG ALLIED HEALTH      ,PA,19107-0000,Private      ,0,5,5,344,620,964
01239301,JEFFERSON MED CLG-T. JEFFERSON UNIV     ,PA,19107-5587,Private      ,1,1,2,127,1244,1371
01239303,THOMAS JEFFERSON UNIV-GRADUATE COLG     ,PA,19107-0000,Private      ,2,4,6,121,772,893
01246104,LINCOLN TECHNICAL INSTITUTE             ,PA,19104-0202,Proprietary  ,9,24,33,319,782,1101
01246105,LINCOLN TECHNICAL INSTITUTE             ,PA,19116-4202,Proprietary  ,8,20,28,206,444,650
01246106,THE CITTONE INSTITUTE                   ,PA,19462-1326,Proprietary  ,3,20,23,182,412,594
01252300,TALMUDICAL YESHIVA OF PHILA             ,PA,19131-1296,Private      ,0,0,0,28,0,28
01260500,EMPIRE BEAUTY SCHOOL                    ,PA,17331-2405,Proprietary  ,7,4,11,71,61,132
01260600,EMPIRE BEAUTY SCHOOL                    ,PA,17901-2505,Proprietary  ,8,22,30,103,283,386
01260700,EMPIRE BEAUTY SCHOOL                    ,PA,16801-5218,Proprietary  ,1,2,3,16,31,47
01292900,SOUTH HILLS BEAUTY ACADEMY              ,PA,15216-2335,Proprietary  ,3,13,16,46,95,141
01301500,GORDON PHILLIPS SCH BEAUTY CULTURE      ,PA,19102-2701,Proprietary  ,16,37,53,255,485,740
01313400,YESHIVATH BETH MOSHE                    ,PA,18505-2196,Private      ,0,0,0,33,1,34
01321400,ROXBOROUGH MEM HOSP SCH OF NURSING      ,PA,19128-0000,Proprietary  ,1,1,2,43,169,212
01326300,SOUTH HILLS SCH OF BUS & TECHNOLOGY     ,PA,16801-4516,Proprietary  ,2,2,4,478,432,910
01326304,SOUTH HILLS SCHOOL OF BUSINESS & TECHNOL,PA,16602-1188,Proprietary  ,0,0,0,34,32,66
02061000,VENUS BEAUTY ACADEMY                    ,PA,19079-0000,Proprietary  ,4,5,9,88,67,155
02068300,DOUGLAS SCHOOL OF BUSINESS              ,PA,15062-0000,Proprietary  ,12,12,24,215,232,447
02090200,TRIANGLE TECH                           ,PA,16502-0000,Proprietary  ,6,20,26,134,202,336
02092500,LAUREL TECHNICAL INSTITUTE              ,PA,16146-0000,Proprietary  ,1,11,12,26,126,152
02092502,BUSINESS INSTITUTE OF PENNSYLVANIA      ,PA,16335-0000,Proprietary  ,2,18,20,18,118,136
02107300,PENNSYLVANIA ACADEMY OF FINE ARTS       ,PA,19102-1424,Private      ,1,0,1,145,208,353
02112200,GREAT LAKES INSTITUTE OF TECHNOLOGY     ,PA,16509-0000,Proprietary  ,20,56,76,278,507,785
02114200,JOHNSON COLLEGE                         ,PA,18508-0000,Private      ,0,2,2,348,134,482
02116001,SANFORD-BROWN INSTITUTE - TREVOSE       ,PA,19053-4700,Proprietary  ,63,147,210,430,1251,1681
02118000,LEVITTOWN BEAUTY ACADEMY LLC            ,PA,19054-1713,Proprietary  ,1,6,7,42,62,104
02119300,PA ACAD OF COSMETOLOGY ARTS & SCI       ,PA,15904-0000,Proprietary  ,9,8,17,64,93,157
02119301,PA ACAD OF COSMTLGY ARTS & SCI          ,PA,15801-0000,Proprietary  ,0,0,0,6,2,8
02120800,"YORKTOWNE BUSINESS INSTITUTE, INC.      ",PA,17404-0000,Proprietary  ,0,3,3,117,312,429
02127400,YORK TECHNICAL INSTITUTE                ,PA,17402-0000,Proprietary  ,20,25,45,1394,1187,2581
02129000,TRIANGLE TECH                           ,PA,15601-0000,Proprietary  ,35,32,67,337,323,660
02129001,TRIANGLE TECH - BUSINESS CAREERS INSTITU,PA,15601-3304,Proprietary  ,0,0,0,1,3,4
02144000,"VISION ACADEMY, THE                     ",PA,18103-0000,Proprietary  ,6,9,15,52,75,127
02147800,SCHUYLKILL INST BUSINESS & TECHNLGY     ,PA,17901-0000,Proprietary  ,0,0,0,50,92,142
02149000,EMPIRE BEAUTY SCHOOL                    ,PA,19341-2804,Proprietary  ,6,12,18,122,157,279
02151500,CENTRAL SUSQUEHANNA LPN CENTER          ,PA,17847-0000,Public       ,0,1,1,27,149,176
02153500,OAKBRIDGE ACADEMY OF ARTS               ,PA,15068-0000,Proprietary  ,0,0,0,66,24,90
02158300,JUNIATA-MIFFLIN CO AREA VOC TECH        ,PA,17044-0000,Public       ,0,0,0,23,58,81
02161400,NORTHEASTERN HOSP SCH OF NRSG           ,PA,19134-0000,Private      ,4,5,9,41,140,181
02169600,CLEARFIELD CTY CAREER AND TECH CNTR     ,PA,16830-0000,Public       ,0,1,1,19,74,93
02174400,TRIANGLE TECH                           ,PA,15801-0000,Proprietary  ,23,15,38,353,306,659
02178900,ACADEMY OF HAIR DESIGN                  ,PA,18202-1465,Proprietary  ,0,3,3,14,21,35
02183000,ORLEANS TECHNICAL INSTITUTE             ,PA,19111-0000,Private      ,17,80,97,207,656,863
02186705,HARRISON CAREER INSTITUTE               ,PA,18704-0000,Proprietary  ,0,0,0,0,2,2
02192800,WALNUT HILL COLLEGE                     ,PA,19104-0000,Proprietary  ,1,4,5,504,232,736
02202300,SANFORD-BROWN INSTITUTE                 ,PA,15219-1907,Proprietary  ,26,66,92,362,825,1187
02202301,SANFORD-BROWN INSTITUTE                 ,PA,15146-2141,Proprietary  ,14,35,49,315,585,900
02203900,ERIE INSTITUTE OF TECHNOLOGY            ,PA,16565-1002,Proprietary  ,8,6,14,116,141,257
02206200,AMBLER BEAUTY ACADEMY                   ,PA,19002-0000,Proprietary  ,1,8,9,37,74,111
02206300,STROUDSBURG SCHOOL OF COSMETOLOGY       ,PA,18360-0000,Proprietary  ,1,4,5,19,41,60
02212700,LANCASTER SCHOOL OF COSMETOLOGY         ,PA,17602-0000,Proprietary  ,6,16,22,51,159,210
02213400,PROFESSIONAL SKILLS CAREER ACADEMY      ,PA,16148-0000,Proprietary  ,2,0,2,23,18,41
02234200,ACADEMY OF MEDICAL ARTS & BUSINESS      ,PA,17112-0000,Proprietary  ,5,19,24,94,224,318
02251200,SCHUYLKILL COUNTY AREA VOC TECH SCH     ,PA,17931-0000,Public       ,0,0,0,33,122,155
02251202,SCHUYLKILL COUNTY AREA VOC TECH SCH     ,PA,17931-0000,Public       ,0,1,1,19,50,69
02253900,BERKS TECHNICAL INSTITUTE               ,PA,19610-0000,Proprietary  ,6,23,29,456,670,1126
02255200,PENNSYLVANIA SCHOOL OF BUSINESS         ,PA,18101-1604,Proprietary  ,27,65,92,193,452,645
02269900,PENNSYLVANIA COLLEGE OF ART & DESIGN    ,PA,17603-3528,Private      ,1,1,2,284,61,345
02270500,BUCKS COUNTY SCHOOL OF BEAUTY CULT      ,PA,19053-0000,Proprietary  ,1,1,2,39,39,78
02273400,RECONSTRUCTIONIST RABBINICAL COLLEG     ,PA,19095-0000,Private      ,0,0,0,0,44,44
02276600,HANOVER PUBLIC SCH DIST PRAC NURSG      ,PA,17331-0000,Public       ,0,2,2,14,50,64
02282500,LENAPE SCHOOL OF PRACTICAL NURSING      ,PA,16226-0000,Public       ,0,0,0,40,163,203
02288800,EMPIRE BEAUTY SCHOOL                    ,PA,18974-4508,Proprietary  ,5,5,10,61,67,128
02289500,PACE INSTITUTE                          ,PA,19601-0000,Proprietary  ,3,13,16,46,242,288
02289600,CONSOLIDATED SCHOOL OF BUSINESS         ,PA,17404-0000,Proprietary  ,2,5,7,64,152,216
02289700,ACADEMY OF CREATIVE HAIR DESIGN         ,PA,18702-0000,Proprietary  ,1,4,5,51,51,102
02289800,CHI INSTITUTE - FRANKLIN MILLS          ,PA,19154-0000,Proprietary  ,25,86,111,452,902,1354
02290400,"ALTOONA BEAUTY SCHOOL, INC              ",PA,16602-0000,Proprietary  ,1,2,3,31,50,81
02292700,LANSDALE SCHOOL OF COSMETOLOGY          ,PA,19446-0000,Proprietary  ,3,3,6,28,36,64
02299300,TRINITY EPISCOPAL SCHOOL MINISTRY       ,PA,15003-0000,Private      ,0,0,0,0,48,48
02301300,PJA SCHOOL (THE)                        ,PA,19082-1917,Proprietary  ,4,18,22,84,361,445
02304400,YTI CAREER INSTITUTE - MECHANICSBURG    ,PA,17055-0000,Proprietary  ,6,8,14,224,489,713
02306200,VENANGO COUNTY AREA VOC TECH SCHOOL     ,PA,16301-0000,Public       ,1,0,1,14,28,42
02310800,LANCASTER COUNTY CAREER & TECH CTR      ,PA,17584-0000,Public       ,6,21,27,115,390,505
02330300,LEBANON CO CAREER & TECHNOLOGY CTR      ,PA,17042-0000,Public       ,1,2,3,23,112,135
02330600,PENNSYLVANIA GUNSMITH SCHOOL            ,PA,15202-0000,Proprietary  ,0,1,1,23,41,64
02350100,WESTERN AREA CAREER & TECHNOLOGY CT     ,PA,15317-0000,Public       ,0,0,0,15,76,91
02350200,INDIANA COUNTY TECH CTR SCH PR NSG      ,PA,15701-1465,Public       ,0,0,0,21,37,58
02353100,NORTHERN TIER CAREER CENTER             ,PA,18848-0000,Public       ,0,2,2,13,55,68
02361002,ITT TECHNICAL INSTITUTE                 ,PA,19406-0000,Proprietary  ,20,31,51,322,414,736
02362300,MERCER COUNTY AREA VOC TECH SCHOOL      ,PA,16137-0000,Public       ,0,1,1,19,77,96
02492500,DELAWARE VLY ACAD MED DNTL ASSTS        ,PA,19114-0000,Proprietary  ,3,22,25,67,205,272
02492600,EASTERN CTR ARTS AND TECH PR NSG        ,PA,19090-0000,Public       ,1,2,3,22,132,154
02495500,ALL-STATE CAREER SCHOOL                 ,PA,19029-0000,Proprietary  ,17,120,137,131,1046,1177
02529800,WILKES BARRE AREA CAREER AND TECHNICAL C,PA,18705-0000,Public       ,2,4,6,39,194,233
02530400,CLEARFIELD BEAUTY ACADEMY               ,PA,16830-0000,Proprietary  ,0,0,0,1,1,2
02536600,COMMONWEALTH TECH INSTIT @ HIRAM G      ,PA,15905-0000,Public       ,12,11,23,283,159,442
02539900,STAR TECHNICAL INSTITUTE                ,PA,19082-0000,Proprietary  ,7,25,32,41,273,314
02544300,BUTLER BEAUTY SCHOOL                    ,PA,16001-0000,Proprietary  ,5,13,18,67,133,200
02545000,LAWRENCE COUNTY CAREER AND TECHNICAL CEN,PA,16101-0000,Public       ,0,0,0,11,79,90
02546200,LAUREL BUSINESS INSTITUTE               ,PA,15401-0877,Proprietary  ,5,30,35,185,325,510
02550000,CLARION CO AREA VOC-TECH PRAC NRSG      ,PA,16254-0000,Public       ,0,0,0,18,48,66
02554500,HAZLETON AREA CAREER CENTER PRACTICAL NU,PA,18201-0000,Public       ,0,0,0,18,46,64
02557800,ART INSTITUTE OF YORK (THE) - PENNSYLVAN,PA,17402-9012,Proprietary  ,6,3,9,651,234,885
02558701,PRISM CAREER INSTITUTE - PHL CAMPUS     ,PA,19152-0000,Proprietary  ,0,0,0,3,9,12
02566400,ALBERT EINSTEIN MED CTR DEPT DNTL       ,PA,19141-3098,Private      ,0,0,0,8,11,19
02574800,PENNSYLVANIA INSTITUTE OF TAXIDERMY     ,PA,15931-0000,Proprietary  ,0,0,0,14,35,49
02609500,CAREER TRAINING ACADEMY                 ,PA,15068-6308,Proprietary  ,1,20,21,90,266,356
02609501,CAREER TRAINING ACADEMY                 ,PA,15146-0000,Proprietary  ,0,0,0,11,6,17
02615400,STAR TECHNICAL INSTITUTE                ,PA,19114-2204,Proprietary  ,10,65,75,132,593,725
02616100,JEAN MADELINE ED CTR FOR COSM           ,PA,19147-1542,Proprietary  ,10,8,18,285,206,491
03006800,PENNSYLVANIA CULINARY INSTITUTE         ,PA,15222-3511,Proprietary  ,44,97,141,1526,1757,3283
03010800,TRI-STATE BUSINESS INSTITUTE            ,PA,16506-1013,Proprietary  ,52,133,185,544,1879,2423
03011500,ALLIED MEDICAL AND TECHNICAL INSTITUTE  ,PA,18702-0000,Proprietary  ,6,32,38,150,330,480
03011600,ALLIED MEDICAL AND TECHNICAL INSTITUTE  ,PA,18509-2903,Proprietary  ,15,32,47,173,351,524
03021001,HARRISON CAREER INSTITUTE.              ,PA,18103-0000,Proprietary  ,0,0,0,12,41,53
03029900,CONSOLIDATED SCHOOL OF BUSINESS         ,PA,17603-2389,Proprietary  ,4,9,13,100,232,332
03031600,DPT BUSINESS SCHOOL                     ,PA,19116-3961,Proprietary  ,18,124,142,118,1066,1184
03031601,DPT BUSINESS SCHOOL                     ,PA,19106-0000,Proprietary  ,11,74,85,121,595,716
03067000,ANTONELLI MEDICAL & PROF INST           ,PA,19464-9244,Proprietary  ,3,7,10,11,62,73
03072400,ALL-STATE CAREER SCHOOL                 ,PA,15122-1000,Proprietary  ,1,21,22,18,236,254
03072600,DCI CAREER INSTITUTE                    ,PA,15061-2307,Proprietary  ,1,17,18,36,206,242
03081900,YTI CAREER INSTITUTE - ALTOONA          ,PA,16602-4457,Proprietary  ,2,18,20,145,423,568
03085200,HARRISON CAREER INSTITUTE               ,PA,19103-5402,Proprietary  ,0,0,0,9,59,68
03090800,LAKE ERIE COLL OF OSTEOPATHIC MED       ,PA,16509-0000,Private      ,0,3,3,121,2153,2274
03098600,CAREER TECH CTR OF LACKAWANNA CNTY      ,PA,18508-0000,Public       ,2,5,7,23,121,144
03101500,BIDWELL TRAINING CENTER                 ,PA,15233-2233,Private      ,4,29,33,13,89,102
03103300,JNA INSTITUTE OF CULINARY ARTS          ,PA,19146-3119,Proprietary  ,1,11,12,68,120,188
03109100,METROPOLITAN CAREER CENTER              ,PA,19144-0000,Private      ,4,9,13,36,163,199
03110700,AVIATION INSTITUTE OF MAINTENANCE       ,PA,19114-1017,Proprietary  ,11,30,41,134,310,444
03120400,REGIONAL CAREER & TECHNICAL CENTER      ,PA,16509-4699,Public       ,0,0,0,3,3,6
03126000,CENTER FOR INNOVATIVE TRAINING & ED     ,PA,19106-4414,Proprietary  ,0,3,3,1,25,26
03128400,DELAWARE COUNTY TECHNICAL SCHOOL        ,PA,19032-1998,Public       ,2,0,2,25,145,170
03128800,GECAC TRAINING INSTITUTE                ,PA,16502-1137,Private      ,1,0,1,10,53,63
03180400,PENNSYLVANIA HIGHLANDS COMMUNITY COLLEGE,PA,15904-2927,Public       ,15,22,37,505,655,1160
03236400,LT INTERNATIONAL BEAUTY SCHOOL          ,PA,19130-2235,Proprietary  ,6,24,30,26,183,209
03353300,ACADEMY OF VOCAL ARTS                   ,PA,19103-6685,Private      ,0,0,0,5,34,39
03439400,NAWCC SCHOOL OF HOROLOGY                ,PA,17512-2130,Private      ,0,0,0,2,5,7
03471400,NORTH CENTRAL INDUSTRIAL TECHNICAL      ,PA,15853-9708,Private      ,0,0,0,19,36,55
03503300,WINNER INSTITUTE OF ARTS & SCIENCES     ,PA,16154-1811,Private      ,3,3,6,34,54,88
03535300,HUNTINGDON COUNTY CAREER AND TECHNO     ,PA,17060-0905,Public       ,0,0,0,5,33,38
03561400,SUSQUEHANNA COUNTY CAREER & TECHNOL     ,PA,18816-0100,Public       ,0,0,0,4,13,17
03661300,SPRINGHOUSE COMPUTER SCHOOL             ,PA,19341-1129,Proprietary  ,0,0,0,2,2,4
03766300,PENNSYLVANIA SCHOOL OF MUSCLE THERAPY   ,PA,19406-3101,Proprietary  ,2,4,6,32,88,120
03781300,PRINCETON INFORMATION TECHNOLOGY CENTER ,PA,19038-4535,Proprietary  ,0,0,0,0,1,1
03899300,CALVARY BAPTIST THEOLOGICAL SEMINARY    ,PA,19446-4718,Private      ,0,0,0,2,13,15
03923300,PRECISION MANUFACTURING INSTITUTE       ,PA,16335-8380,Private      ,0,0,0,8,33,41
03948300,HARRISBURG UNIVERSITY OF SCIENCE AND TEC,PA,17101-2116,Private      ,1,0,1,7,4,11
03949300,WON INSTITUTE OF GRADUATE STUDIES       ,PA,19038-4535,Private      ,0,2,2,0,21,21
03950500,NORTHWEST REGIONAL TECHNOLOGY INSTITUTE ,PA,16508-2820,Proprietary  ,0,12,12,7,83,90
03952300,NATIONAL MASSAGE THERAPY INSTITUTE      ,PA,19116-3965,Proprietary  ,1,2,3,102,341,443
04119900,PENNSYLVANIA MYOTHERAPY INSTITUTE       ,PA,17350-8426,Proprietary  ,0,2,2,0,3,3
00267813,BRYANT & STRATTON COLLEGE - MIL DOWNTOWN,WI,53203-2608,Proprietary  ,27,82,109,405,1515,1920
00383200,ALVERNO COLLEGE                         ,WI,53234-3922,Private      ,2,26,28,1343,2042,3385
00383500,BELOIT COLLEGE                          ,WI,53511-5595,Private      ,1,0,1,1732,96,1828
00383700,CARDINAL STRITCH UNIVERSITY             ,WI,53217-9884,Private      ,4,206,210,828,4627,5455
00383800,CARROLL UNIVERSITY                      ,WI,53186-5593,Private      ,0,5,5,2916,707,3623
00383900,CARTHAGE COLLEGE                        ,WI,53141-0000,Private      ,11,8,19,3212,524,3736
00384000,WESTERN TECHNICAL COLLEGE               ,WI,54601-0908,Public       ,19,43,62,1677,2052,3729
00384200,CONCORDIA UNIVERSITY WISCONSIN          ,WI,53097-2402,Private      ,6,125,131,1831,2557,4388
00384800,EDGEWOOD COLLEGE                        ,WI,53711-1958,Private      ,3,24,27,1356,1067,2423
00385000,SILVER LAKE COLLEGE                     ,WI,54220-9319,Private      ,1,9,10,134,421,555
00385400,LAKELAND COLLEGE                        ,WI,53082-0000,Private      ,6,52,58,1043,1701,2744
00385600,LAWRENCE UNIVERSITY                     ,WI,54912-0599,Private      ,2,0,2,1958,81,2039
00386100,MARIAN UNIVERSITY                       ,WI,54935-4699,Private      ,8,61,69,1190,1316,2506
00386300,MARQUETTE UNIVERSITY                    ,WI,53201-0000,Private      ,10,32,42,9363,3615,12978
00386600,MILWAUKEE AREA TECH COLLEGE             ,WI,53233-1443,Public       ,27,96,123,4722,11388,16110
00386800,MILWAUKEE SCHOOL OF ENGINEERING         ,WI,53202-3109,Private      ,9,2,11,2179,573,2752
00386900,MOUNT MARY COLLEGE                      ,WI,53222-4597,Private      ,1,22,23,751,1117,1868
00387400,NASHOTAH HOUSE                          ,WI,53058-0000,Private      ,0,0,0,0,48,48
00387500,NORTHLAND COLLEGE                       ,WI,54806-3999,Private      ,0,2,2,1007,164,1171
00388400,RIPON COLLEGE                           ,WI,54971-0248,Private      ,1,0,1,1178,49,1227
00389200,ST. NORBERT COLLEGE                     ,WI,54115-2002,Private      ,2,3,5,2021,105,2126
00389500,UNIVERSITY OF WISCONSIN-MADISON         ,WI,53715-1382,Public       ,39,56,95,18910,10346,29256
00389600,UNIVERSITY OF WISCONSIN-MILWAUKEE       ,WI,53201-3165,Public       ,63,168,231,15042,9703,24745
00389700,UNIVERSITY OF WISCONSIN COLLEGES        ,WI,53708-8680,Public       ,12,26,38,1347,1144,2491
00389701,UNIVERSITY OF WISCONSIN-BARABOO         ,WI,53913-1098,Public       ,2,1,3,270,139,409
00389702,UNIVERSITY OF WISCONSIN-BARRON          ,WI,54868-2497,Public       ,1,2,3,301,138,439
00389703,UNIVERSITY OF WISCONSIN-FOND DU LAC     ,WI,54935-2998,Public       ,1,0,1,426,218,644
00389704,UNIVERSITY OF WISCONSIN-FOX VALLEY      ,WI,54952-1297,Public       ,2,8,10,872,387,1259
00389705,UNIVERSITY OF WISCONSIN-MANITOWOC       ,WI,54220-6699,Public       ,2,1,3,261,119,380
00389706,UNIVERSITY OF WISCONSIN-MARATHON        ,WI,54401-5396,Public       ,3,5,8,649,269,918
00389707,UNIVERSITY OF WISCONSIN-MARINETTE       ,WI,54143-4299,Public       ,0,2,2,223,106,329
00389708,UNIVERSITY OF WISCONSIN-MARSHFIELD      ,WI,54449-3310,Public       ,1,2,3,289,144,433
00389709,UNIVERSITY OF WISCONSIN-RICHLAND        ,WI,53581-1399,Public       ,2,1,3,234,69,303
00389710,UNIVERSITY OF WISCONSIN COLLEGES - ROCK ,WI,53546-5699,Public       ,3,8,11,404,314,718
00389711,UNIVERSITY OF WISCONSIN-SHEBOYGAN       ,WI,53081-4789,Public       ,1,1,2,310,186,496
00389712,UNIVERSITY OF WISCONSIN-WASHINGTON      ,WI,53095-3699,Public       ,1,2,3,406,146,552
00389713,UNIVERSITY OF WISCONSIN-WAUKESHA        ,WI,53188-2799,Public       ,4,1,5,816,308,1124
00389900,UNIVERSITY OF WISCONSIN-GREEN BAY       ,WI,54311-7001,Public       ,10,8,18,3836,1507,5343
00391100,VITERBO UNIVERSITY                      ,WI,54601-4777,Private      ,2,34,36,1442,941,2383
00391500,UNIVERSITY OF WISCONSIN-STOUT           ,WI,54751-0790,Public       ,10,30,40,5326,1792,7118
00391700,UNIVERSITY OF WISCONSIN-EAU CLAIRE      ,WI,54702-4004,Public       ,17,25,42,7311,1501,8812
00391900,UNIVERSITY OF WISCONSIN-LA CROSSE       ,WI,54601-3742,Public       ,16,14,30,6332,1734,8066
00392000,UNIVERSITY OF WISCONSIN-OSHKOSH         ,WI,54901-8604,Public       ,12,15,27,6515,2714,9229
00392100,UNIVERSITY OF WISCONSIN-PLATTEVILLE     ,WI,53818-3099,Public       ,5,26,31,4500,1422,5922
00392300,UNIVERSITY OF WISCONSIN-RIVER FALLS     ,WI,54022-5013,Public       ,11,21,32,4430,1129,5559
00392400,UNIVERSITY OF WISCONSIN-STEVENS POINT   ,WI,54481-3871,Public       ,21,11,32,6174,1641,7815
00392500,UNIVERSITY OF WISCONSIN-SUPERIOR        ,WI,54880-2898,Public       ,9,26,35,1529,1414,2943
00392600,UNIVERSITY OF WISCONSIN-WHITEWATER      ,WI,53190-1792,Public       ,29,41,70,6632,2057,8689
00400700,MADISON AREA TECHNICAL COLLEGE          ,WI,53704-2599,Public       ,27,42,69,3549,4705,8254
00501500,UNIVERSITY OF WISCONSIN-PARKSIDE        ,WI,53141-2000,Public       ,13,11,24,2875,1678,4553
00529400,WAUKESHA COUNTY TECHNICAL COLLEGE       ,WI,53072-4696,Public       ,9,16,25,1103,1625,2728
00530100,NORTHEAST WISCONSIN TECHNICAL COLLEGE   ,WI,54307-9042,Public       ,29,87,116,1757,3311,5068
00530400,CHIPPEWA VALLEY TECHNICAL COLLEGE       ,WI,54701-6162,Public       ,9,24,33,1983,2887,4870
00538000,MID-STATE TECHNICAL COLLEGE             ,WI,54494-5512,Public       ,9,26,35,747,1282,2029
00538400,NICOLET AREA TECHNICAL COLLEGE          ,WI,54501-0000,Public       ,5,18,23,434,665,1099
00538700,NORTHCENTRAL TECHNICAL COLLEGE          ,WI,54401-1899,Public       ,5,36,41,718,1542,2260
00538900,GATEWAY TECHNICAL COLLEGE               ,WI,53144-1690,Public       ,5,42,47,1248,4133,5381
00539000,BLACKHAWK TECHNICAL COLLEGE             ,WI,53547-5009,Public       ,4,41,45,597,1536,2133
00610800,BELLIN HOSP SCH OF RAD TECH             ,WI,54305-3505,Private      ,0,0,0,15,6,21
00611500,MERCY MED CTR SCH OF RAD TECH           ,WI,54904-3370,Private      ,0,0,0,11,4,15
00612601,ST LUKE'S MEDCL CTR SCHL RAD TECH       ,WI,53215-4330,Private      ,0,1,1,5,26,31
00612603,ST LUKE'S MED CTR SCH OF SONOGRAPHY     ,WI,53215-0000,Private      ,0,0,0,2,10,12
00613100,THEDA CLARK REG MED CTR SCH RAD TEC     ,WI,54957-0000,Private      ,0,0,0,6,4,10
00663900,BELLIN COLLEGE                          ,WI,54305-0000,Private      ,1,1,2,198,150,348
00766900,SOUTHWEST WISCONSIN TECH COLLEGE        ,WI,53809-0000,Public       ,1,2,3,588,589,1177
00777400,SCIENTIFIC COLLEGE OF BEAUTY/BARBER     ,WI,54601-0000,Proprietary  ,2,5,7,29,50,79
00821700,WISCONSIN COLLEGE OF COSMETOLOGY        ,WI,54304-0000,Proprietary  ,2,4,6,62,60,122
00919400,LAKESHORE TECHNICAL COLLEGE             ,WI,53015-1412,Public       ,1,10,11,480,1194,1674
00925600,MORAINE PARK TECHNICAL COLLEGE          ,WI,54936-0000,Public       ,5,13,18,738,1820,2558
00941900,STATE CLG OF BEAUTY CULT-WAUSAU         ,WI,54403-4667,Proprietary  ,1,0,1,50,57,107
00962100,HERZING COLLEGE                         ,WI,53718-4236,Proprietary  ,30,205,235,555,2147,2702
00974400,FOX VALLEY TECHNICAL COLLEGE            ,WI,54913-0000,Public       ,7,67,74,1862,2848,4710
01091300,MADISON MEDIA INSTITUTE                 ,WI,53718-6787,Proprietary  ,3,0,3,308,179,487
01148400,ADVANCED INSTITUTE OF HAIR DESIGN       ,WI,53225-0000,Proprietary  ,5,4,9,148,108,256
01182400,WISCONSIN INDIANHEAD TECH CLG WITC      ,WI,54871-9300,Public       ,11,44,55,1013,1732,2745
01290600,MADISON COSMETOLOGY COLLEGE             ,WI,53711-1030,Proprietary  ,1,8,9,49,96,145
02077100,MILWAUKEE INST OF ART & DESIGN          ,WI,53202-0000,Private      ,2,0,2,720,130,850
02078000,SACRED HEART SCHOOL OF THEOLOGY         ,WI,53130-0000,Private      ,0,0,0,0,15,15
02136600,WISCONSIN LUTHERAN COLLEGE              ,WI,53226-0000,Private      ,1,1,2,756,72,828
02201803,KAPLAN COLLEGE - MILWAUKEE              ,WI,53212-3939,Proprietary  ,27,118,145,216,1113,1329
02271300,WI SCH OF PROFESSIONAL PSYCHOLOGY       ,WI,53225-0000,Private      ,0,0,0,0,72,72
02317200,MARANATHA BAPTIST BIBLE COLLEGE         ,WI,53094-0000,Private      ,5,2,7,722,102,824
02324700,EMPIRE BEAUTY SCHOOL                    ,WI,53717-0000,Proprietary  ,6,10,16,127,177,304
02332100,EMPIRE BEAUTY SCHOOL                    ,WI,54220-0000,Proprietary  ,10,8,18,106,210,316
02453500,MEDICAL COLLEGE OF WISCONSIN            ,WI,53226-0000,Private      ,1,0,1,23,1090,1113
02494300,GILL-TECH ACADEMY OF HAIR DESIGN        ,WI,54911-0000,Proprietary  ,2,2,4,70,38,108
02532200,LAC COURTE OREILLES OJIBWA CMTY CLG     ,WI,54843-0000,Public       ,3,3,6,83,425,508
03007400,LAKESIDE SCHOOL OF MASSAGE THERAPY      ,WI,53719-1103,Private      ,6,12,18,65,185,250
03061200,MIDWEST COLLEGE OF ORIENTAL MEDICINE    ,WI,53403-9747,Proprietary  ,0,6,6,4,238,242
03077600,EMPIRE BEAUTY SCHOOL                    ,WI,54304-4838,Proprietary  ,14,17,31,216,371,587
03087500,ITT TECHNICAL INSTITUTE                 ,WI,53220-4612,Proprietary  ,118,145,263,1239,1964,3203
03125100,COLLEGE OF MENOMINEE NATION             ,WI,54135-0000,Private      ,0,11,11,125,482,607
03125102,COLLEGE OF  THE MENOMINEE NATION - GREEN,WI,54304-4964,Private      ,0,1,1,2,10,12
03220300,"SALON PROFESSIONAL ACADEMY, THE         ",WI,54701-7633,Proprietary  ,1,4,5,80,88,168
03309300,MONTESSORI INSTITUTE OF MILWAUKEE       ,WI,53207-0000,Private      ,0,1,1,0,17,17
03808300,INSTITUTE OF BEAUTY AND WELLNESS (THE)  ,WI,53202-5715,Proprietary  ,3,6,9,3,6,9
03822300,FOUR SEASONS SALON AND COSMETOLOGY SCHOO,WI,53566-0000,Proprietary  ,0,0,0,7,19,26
03872500,NORTHLAND INTERNATIONAL UNIVERSITY      ,WI,54119-9285,Private      ,14,2,16,383,59,442
03925300,BLUE SKY SCHOOL OF PROFESSIONAL MASSAGE ,WI,53024-9699,Private      ,2,2,4,52,130,182
04117400,MILWAUKEE CAREER COLLEGE                ,WI,53222-4305,Proprietary  ,9,56,65,9,56,65
04118600,ACADEMY OF COSMETOLOGY                  ,WI,53548-3307,Proprietary  ,6,12,18,6,12,18
00290500,NORTH CAROLINA A&T STATE UNIV           ,NC,27411-0001,Public       ,26,32,58,12601,4369,16970
00290600,APPALACHIAN STATE UNIVERSITY            ,NC,28608-2059,Public       ,30,26,56,10642,2779,13421
00290700,UNIVERSITY OF NC AT ASHEVILLE           ,NC,28804-3299,Public       ,15,6,21,2634,1059,3693
00290800,BARTON COLLEGE                          ,NC,27893-3104,Private      ,4,6,10,1147,639,1786
00291000,BELMONT ABBEY COLLEGE                   ,NC,28012-1802,Private      ,3,22,25,1009,741,1750
00291100,BENNETT COLLEGE                         ,NC,27401-3239,Private      ,4,2,6,872,248,1120
00291200,BREVARD COLLEGE                         ,NC,28712-3306,Private      ,0,0,0,829,131,960
00291300,CAMPBELL UNIVERSITY                     ,NC,27506-0036,Private      ,5,53,58,3311,2884,6195
00291400,CATAWBA COLLEGE                         ,NC,28144-2488,Private      ,3,4,7,1228,483,1711
00291500,CENTRAL PIEDMONT COMMUNITY COLLEGE      ,NC,28204-2297,Public       ,53,239,292,4096,8213,12309
00291600,CHOWAN UNIVERSITY                       ,NC,27855-1850,Private      ,1,0,1,1295,189,1484
00291700,COLLEGE OF THE ALBEMARLE                ,NC,27909-2327,Public       ,9,10,19,554,1155,1709
00291800,DAVIDSON COLLEGE                        ,NC,28035-7157,Private      ,3,0,3,1949,47,1996
00291900,DAVIDSON COUNTY COMMUNITY COLLEGE       ,NC,27293-0000,Public       ,8,56,64,650,1963,2613
00292000,DUKE UNIVERSITY                         ,NC,27708-0397,Private      ,6,8,14,10407,974,11381
00292001,DUKE UNIV - SCHOOL OF MEDICINE          ,NC,27710-0000,Private      ,0,0,0,53,996,1049
00292002,DUKE UNIV - SCHOOL OF LAW               ,NC,27708-0000,Private      ,2,17,19,28,1789,1817
00292003,DUKE UNIV - GRAD SCH ARTS & SCIENCE     ,NC,27708-0000,Private      ,0,8,8,39,702,741
00292004,DUKE UNIV - FUQUA SCH OF BUSINESS       ,NC,27708-0000,Private      ,0,3,3,44,1048,1092
00292005,DUKE UNIV/NICHOLAS SCH OF ENVIRON.      ,NC,27708-0000,Private      ,0,0,0,13,290,303
00292006,DUKE UNIV - DIVINITY SCHOOL             ,NC,27708-0000,Private      ,1,2,3,56,653,709
00292007,DUKE UNIV - SCHOOL OF NURSING           ,NC,27710-0000,Private      ,0,3,3,58,462,520
00292300,EAST CAROLINA UNIVERSITY                ,NC,27858-1818,Public       ,61,160,221,14491,8533,23024
00292600,ELIZABETH CITY STATE UNIVERSITY         ,NC,27909-7806,Public       ,13,32,45,2868,1250,4118
00292700,ELON UNIVERSITY                         ,NC,27244-2010,Private      ,9,25,34,5338,591,5929
00292800,FAYETTEVILLE STATE UNIVERSITY           ,NC,28301-4298,Public       ,25,63,88,4891,5214,10105
00292900,GARDNER-WEBB UNIVERSITY                 ,NC,28017-0000,Private      ,11,79,90,1940,2292,4232
00293000,GREENSBORO COLLEGE                      ,NC,27401-1875,Private      ,2,5,7,1321,677,1998
00293100,GUILFORD COLLEGE                        ,NC,27410-4171,Private      ,5,36,41,2028,2210,4238
00293300,HIGH POINT UNIVERSITY                   ,NC,27262-4221,Private      ,16,25,41,2068,1625,3693
00293400,ISOTHERMAL COMMUNITY COLLEGE            ,NC,28160-0804,Public       ,4,19,23,458,1251,1709
00293500,JOHN WESLEY COLLEGE                     ,NC,27265-0000,Private      ,1,2,3,38,187,225
00293600,JOHNSON C SMITH UNIVERSITY              ,NC,28216-5398,Private      ,16,9,25,2935,655,3590
00293700,KING'S COLLEGE-CHARLOTTE                ,NC,28204-2435,Proprietary  ,1,4,5,574,285,859
00293900,LEES MCRAE COLLEGE                      ,NC,28604-0000,Private      ,2,0,2,846,278,1124
00294000,LENOIR COMMUNITY COLLEGE                ,NC,28502-0188,Public       ,9,51,60,649,1816,2465
00294100,LENOIR-RHYNE UNIVERSITY                 ,NC,28603-0000,Private      ,4,3,7,1774,518,2292
00294200,LIVINGSTONE COLLEGE                     ,NC,28144-5298,Private      ,9,1,10,1109,369,1478
00294300,LOUISBURG COLLEGE                       ,NC,27549-2398,Private      ,34,7,41,1041,113,1154
00294400,MARS HILL COLLEGE                       ,NC,28754-0000,Private      ,3,3,6,1359,483,1842
00294500,MEREDITH COLLEGE                        ,NC,27607-5298,Private      ,3,5,8,1679,807,2486
00294600,METHODIST UNIVERSITY                    ,NC,28311-1420,Private      ,8,18,26,1921,1202,3123
00294700,MITCHELL COMMUNITY COLLEGE              ,NC,28677-5264,Public       ,8,39,47,542,1373,1915
00294800,MONTREAT COLLEGE                        ,NC,28757-1267,Private      ,1,64,65,535,832,1367
00294900,MOUNT OLIVE COLLEGE                     ,NC,28365-1299,Private      ,14,83,97,834,2941,3775
00295000,NORTH CAROLINA CENTRAL UNIVERSITY       ,NC,27707-3198,Public       ,29,76,105,6839,6052,12891
00295100,NORTH CAROLINA WESLEYAN COLLEGE         ,NC,27804-8699,Private      ,6,13,19,1187,1043,2230
00295300,PEACE COLLEGE                           ,NC,27604-1194,Private      ,2,1,3,769,178,947
00295400,UNIV OF NORTH CAROLINA AT PEMBROKE      ,NC,28372-1510,Public       ,63,55,118,4200,3140,7340
00295500,PFEIFFER UNIVERSITY                     ,NC,28109-0000,Private      ,1,37,38,857,1281,2138
00295600,PIEDMONT BAPTIST COLLEGE AND GRADUATE SC,NC,27101-5025,Private      ,2,5,7,196,150,346
00295700,QUEENS UNIVERSITY OF CHARLOTTE          ,NC,28274-0001,Private      ,3,41,44,1299,1347,2646
00295800,ROCKINGHAM COMMUNITY COLLEGE            ,NC,27375-0000,Public       ,1,15,16,543,1106,1649
00296000,SALEM COLLEGE                           ,NC,27108-0000,Private      ,2,3,5,548,585,1133
00296100,SANDHILLS COMMUNITY COLLEGE             ,NC,28374-8283,Public       ,11,49,60,1016,2271,3287
00296200,SHAW UNIVERSITY                         ,NC,27601-2393,Private      ,12,12,24,2958,2555,5513
00296300,SOUTHEASTERN BAPTIST THEOL SEMINARY     ,NC,27588-0000,Private      ,0,0,0,39,93,132
00296400,SOUTHEASTERN COMMUNITY COLLEGE          ,NC,28472-5422,Public       ,14,69,83,670,1414,2084
00296700,ST ANDREWS PRESBYTERIAN COLLEGE         ,NC,28352-9979,Private      ,3,2,5,765,160,925
00296800,ST AUGUSTINES COLLEGE                   ,NC,27610-2298,Private      ,6,13,19,1727,583,2310
00297000,SURRY COMMUNITY COLLEGE                 ,NC,27017-0304,Public       ,6,25,31,781,1073,1854
00297200,NORTH CAROLINA STATE UNIV-RALEIGH       ,NC,27695-1751,Public       ,31,75,106,16848,6578,23426
00297300,GASTON COLLEGE                          ,NC,28034-1499,Public       ,13,65,78,1231,2786,4017
00297400,UNIVERSITY OF N C-CHAPEL HILL           ,NC,27514-0000,Public       ,34,151,185,16348,10236,26584
00297500,UNIVERSITY OF NC AT CHARLOTTE           ,NC,28223-0001,Public       ,52,165,217,12477,7949,20426
00297600,UNIVERSITY OF N C - GREENSBORO          ,NC,27412-0001,Public       ,24,67,91,11564,6803,18367
00297800,WAKE FOREST UNIV - UNDERGRADUATE        ,NC,27109-7246,Private      ,12,2,14,4152,201,4353
00297801,WAKE FOREST UNIV - SCH OF MEDICINE      ,NC,27157-1090,Private      ,1,2,3,47,860,907
00297803,WAKE FOREST UNIVERSITY - SCHOOLS OF BUSI,NC,27109-7659,Private      ,0,2,2,19,461,480
00297805,WAKE FOREST UNIV - SCH OF LAW           ,NC,27109-7206,Private      ,0,3,3,12,1013,1025
00297806,WAKE FOREST UNIV - GRAD A&S/DIVINITY    ,NC,27109-7246,Private      ,0,5,5,38,354,392
00297900,WARREN WILSON COLLEGE                   ,NC,28815-0000,Private      ,1,1,2,936,289,1225
00298000,WAYNE COMMUNITY COLLEGE                 ,NC,27533-0000,Public       ,13,65,78,979,2125,3104
00298100,WESTERN CAROLINA UNIVERSITY             ,NC,28723-9731,Public       ,77,37,114,5745,2178,7923
00298200,WESTERN PIEDMONT COMMUNITY COLLEGE      ,NC,28655-4504,Public       ,10,48,58,691,1699,2390
00298300,WILKES COMMUNITY COLLEGE                ,NC,28697-2100,Public       ,5,26,31,715,1088,1803
00298400,UNIVERSITY OF N C-WILMINGTON            ,NC,28403-3297,Public       ,52,46,98,8974,3226,12200
00298500,WINGATE UNIVERSITY                      ,NC,28174-0159,Private      ,6,21,27,1837,591,2428
00298600,WINSTON-SALEM STATE UNIVERSITY          ,NC,27102-0000,Public       ,18,34,52,6322,3229,9551
00398100,UNC SCHOOL OF THE ARTS                  ,NC,27127-2188,Public       ,2,2,4,1020,253,1273
00403300,ASHEVILLE BUNCOMBE TECH CMTY CLG        ,NC,28801-4897,Public       ,16,63,79,1088,2323,3411
00406200,PITT COMMUNITY COLLEGE                  ,NC,28590-0000,Public       ,14,74,88,1989,3298,5287
00483500,CALDWELL COMMUNITY CLG & TECH INST      ,NC,28638-2626,Public       ,12,65,77,852,1870,2722
00483800,GUILFORD TECHNICAL COMMUNITY CLG        ,NC,27282-0309,Public       ,25,95,120,2866,5956,8822
00484400,WAKE TECHNICAL COMMUNITY COLLEGE        ,NC,27603-5696,Public       ,36,114,150,2511,5091,7602
00484500,WILSON COMMUNITY COLLEGE                ,NC,27893-3310,Public       ,11,80,91,459,1665,2124
00499201,MILLER-MOTTE TECHNICAL COLLEGE - MILLER-,NC,27511-9209,Proprietary  ,3,41,44,97,843,940
00531600,COASTAL CAROLINA COMMUNITY COLLEGE      ,NC,28546-6816,Public       ,6,76,82,827,2736,3563
00531700,FORSYTH TECHNICAL COMMUNITY COLLEGE     ,NC,27103-5197,Public       ,12,78,90,1398,4108,5506
00531800,CATAWBA VALLEY COMMUNITY COLLEGE        ,NC,28602-8302,Public       ,21,88,109,1185,2400,3585
00532000,CAPE FEAR COMMUNITY COLLEGE             ,NC,28401-3910,Public       ,12,62,74,2098,2761,4859
00544700,RANDOLPH COMMUNITY COLLEGE              ,NC,27204-1009,Public       ,13,43,56,542,1257,1799
00544800,DURHAM TECHNICAL CMNTY COLLEGE          ,NC,27703-5023,Public       ,18,88,106,769,3015,3784
00544900,CENTRAL CAROLINA COMMUNITY COLLEGE      ,NC,27330-9000,Public       ,10,43,53,838,2330,3168
00546300,ALAMANCE COMMUNITY COLLEGE              ,NC,27253-0000,Public       ,9,68,77,794,2169,2963
00546400,RICHMOND COMMUNITY COLLEGE              ,NC,28345-4522,Public       ,5,48,53,451,1540,1991
00575400,ROWAN-CABARRUS COMMUNITY COLLEGE        ,NC,28145-1595,Public       ,20,93,113,1143,2887,4030
00647700,CABARRUS COLLEGE OF HEALTH SCIENCES     ,NC,28025-0000,Private      ,0,4,4,214,349,563
00647800,MERCY HOSP SCH OF NURSING               ,NC,28207-0000,Public       ,2,8,10,92,315,407
00648300,WATTS SCHOOL OF NURSING                 ,NC,27704-0000,Private      ,0,1,1,58,208,266
00679900,CRAVEN COMMUNITY COLLEGE                ,NC,28562-0000,Public       ,5,34,39,512,1800,2312
00703100,PAMLICO COMMUNITY COLLEGE               ,NC,28529-0000,Public       ,0,3,3,59,226,285
00764000,FAYETTEVILLE TECHNICAL CMTY COLLEGE     ,NC,28303-0236,Public       ,21,128,149,2210,8396,10606
00768700,JAMES SPRUNT COMMUNITY COLLEGE          ,NC,28349-0398,Public       ,2,6,8,291,831,1122
00781400,BROOKSTONE COLLEGE OF BUSINESS          ,NC,28262-0000,Proprietary  ,4,25,29,61,401,462
00781401,BROOKSTONE COLLEGE OF BUSINESS          ,NC,27409-0000,Proprietary  ,6,35,41,63,413,476
00789200,SAMPSON COMMUNITY COLLEGE               ,NC,28328-0000,Public       ,2,6,8,362,1160,1522
00798500,SOUTH PIEDMONT COMMUNITY COLLEGE        ,NC,28135-9703,Public       ,5,38,43,382,1298,1680
00798600,HALIFAX COMMUNITY COLLEGE               ,NC,27890-0089,Public       ,5,17,22,457,1065,1522
00798700,BLADEN COMMUNITY COLLEGE                ,NC,28332-0266,Public       ,6,20,26,349,1311,1660
00798800,MARTIN COMMUNITY COLLEGE                ,NC,27892-8307,Public       ,1,21,22,190,784,974
00808100,CARTERET COMMUNITY COLLEGE              ,NC,28557-2989,Public       ,5,23,28,394,989,1383
00808200,CLEVELAND COMMUNITY COLLEGE             ,NC,28150-0000,Public       ,7,55,62,530,1975,2505
00808300,HAYWOOD COMMUNITY COLLEGE               ,NC,28721-0000,Public       ,6,21,27,434,817,1251
00808500,MCDOWELL TECHNICAL COMMUNITY CLG        ,NC,28752-8728,Public       ,4,35,39,252,650,902
00808700,MONTGOMERY COMMUNITY COLLEGE            ,NC,27371-0787,Public       ,4,26,30,204,656,860
00846600,SOUTHWESTERN COMMUNITY COLLEGE          ,NC,28779-8581,Public       ,4,22,26,503,971,1474
00855700,NASH COMMUNITY COLLEGE                  ,NC,27804-0488,Public       ,13,41,54,659,1343,2002
00855800,BEAUFORT COUNTY COMMUNITY COLLEGE       ,NC,27889-7889,Public       ,3,18,21,362,1037,1399
00861200,ROBESON COMMUNITY COLLEGE               ,NC,28359-2151,Public       ,5,37,42,735,2531,3266
00861300,ROANOKE-CHOWAN COMMUNITY COLLEGE        ,NC,27910-9522,Public       ,3,22,25,289,809,1098
00885500,EDGECOMBE COMMUNITY COLLEGE             ,NC,27886-9399,Public       ,6,46,52,367,1407,1774
00885501,EDGECOMBE COMMUNITY COLLEGE             ,NC,27801-0000,Public       ,4,32,36,203,878,1081
00902500,SOUTH EASTERN CLG OF BEAUTY CULTURE     ,NC,28204-0000,Proprietary  ,9,19,28,132,312,444
00933600,JOHNSTON COMMUNITY COLLEGE              ,NC,27577-0000,Public       ,2,23,25,687,1559,2246
00943000,TRI-COUNTY COMMUNITY COLLEGE            ,NC,28906-7919,Public       ,10,52,62,240,575,815
00964600,PIEDMONT COMMUNITY COLLEGE              ,NC,27573-1197,Public       ,6,28,34,330,1138,1468
00968400,BLUE RIDGE COMMUNITY COLLEGE            ,NC,28731-9624,Public       ,6,28,34,399,763,1162
00974701,GORDON-CONWELL THEO SEM - CHARLOTTE     ,NC,28273-0000,Private      ,0,2,2,1,183,184
00990300,VANCE-GRANVILLE CMTY COLLEGE            ,NC,27536-0917,Public       ,40,99,139,957,2622,3579
01026400,SOUTH COLLEGE                           ,NC,28803-3152,Proprietary  ,5,19,24,54,293,347
01119400,STANLY COMMUNITY COLLEGE                ,NC,28001-7458,Public       ,2,35,37,396,1094,1490
01119700,MAYLAND COMMUNITY COLLEGE               ,NC,28777-2777,Public       ,4,10,14,266,490,756
01179900,PAUL MITCHELL THE SCHOOL FAYETTEVILLE   ,NC,28303-5364,Proprietary  ,2,5,7,15,109,124
01192600,LEON'S BEAUTY SCHOOL                    ,NC,27403-2812,Proprietary  ,5,7,12,95,154,249
02056500,MITCHELL'S HAIR STYLING ACADEMY         ,NC,27893-0000,Proprietary  ,10,8,18,58,122,180
02056501,MITCHELL'S HAIR STYLING ACADEMY - MITCHE,NC,27606-3326,Proprietary  ,0,1,1,13,30,43
02110500,ART INSTITUTE OF CHARLOTTE (THE)        ,NC,28217-0000,Proprietary  ,27,56,83,1227,1070,2297
02170700,BRUNSWICK COMMUNITY COLLEGE             ,NC,28422-0000,Public       ,1,10,11,321,579,900
02205000,COLLEGE OF WILMINGTON                   ,NC,28403-0000,Proprietary  ,0,3,3,7,42,49
02210400,FAYETTEVILLE BEAUTY COLLEGE             ,NC,28303-0000,Proprietary  ,1,5,6,34,149,183
02227800,MITCHELL'S HAIR STYLING ACADEMY         ,NC,27534-0000,Proprietary  ,0,0,0,2,10,12
02227900,MITCHELL'S HAIR STYLING ACADEMY         ,NC,27858-0000,Proprietary  ,0,1,1,10,26,36
02238700,HAIRSTYLING INSTITUTE OF CHARLOTTE      ,NC,28204-0000,Proprietary  ,0,3,3,29,85,114
02280900,ROANOKE BIBLE COLLEGE                   ,NC,27909-0000,Private      ,1,0,1,110,77,187
02286300,CAROLINA BEAUTY COLLEGE                 ,NC,27262-0000,Proprietary  ,21,139,160,182,1051,1233
02558900,CHEVEUX SCHOOL OF HAIR DESIGN           ,NC,28540-0000,Proprietary  ,0,4,4,9,67,76
02560600,PINNACLE INSTITUTE OF COSMETOLOGY       ,NC,28115-8020,Proprietary  ,1,1,2,37,45,82
02614201,MILLER-MOTTE BUSINESS COLLEGE           ,NC,28403-0000,Proprietary  ,11,67,78,257,1161,1418
03009500,WINSTON-SALEM BARBER SCHOOL             ,NC,27107-0000,Proprietary  ,2,5,7,35,77,112
03064400,REGENCY BEAUTY INSTITUTE                ,NC,27127-0000,Proprietary  ,2,6,8,41,92,133
03089300,HERITAGE BIBLE COLLEGE                  ,NC,28335-0000,Private      ,0,1,1,26,102,128
03104200,CAROLINAS COLLEGE OF HEALTH SCIENCE     ,NC,28232-2861,Public       ,0,14,14,196,501,697
03104201,CHS NURSE ANESTHESIA PROGRAM / UNCC     ,NC,28232-2861,Public       ,0,7,7,116,154,270
03109000,SCHOOL OF COMMUNICATION ARTS OF NORTH CA,NC,27614-7076,Proprietary  ,9,10,19,398,223,621
03237300,ANSON COLLEGE OF COSMETOLOGY            ,NC,28170-2147,Proprietary  ,0,0,0,8,32,40
03361300,MEDICAL ARTS MASSAGE SCHOOL             ,NC,27616-6453,Proprietary  ,1,7,8,25,163,188
03513400,APEX SCHOOL OF THEOLOGY                 ,NC,27703-8024,Private      ,0,4,4,7,94,101
03555400,SOUTHEASTERN SCHOOL OF NEUROMUSCULAR  MA,NC,29406-0000,Proprietary  ,2,11,13,14,65,79
03570300,CAROLINA CHRISTIAN COLLEGE              ,NC,27105-3241,Private      ,0,0,0,13,36,49
03663300,HOOD THEOLOGICAL SEMINARY               ,NC,28144-5768,Private      ,0,0,0,1,201,202
03748500,LA SHE'S BEAUTY ACADEMY                 ,NC,27707-3569,Proprietary  ,3,14,17,33,129,162
03777300,CAROLINA ACAD OF COSMETIC ART & SCI     ,NC,28054-0460,Proprietary  ,2,22,24,88,196,284
03827300,NEW LIFE THEOLOGICAL SEMINARY           ,NC,28205-1648,Private      ,0,4,4,2,58,60
04101300,CAROLINA SCHOOL OF BROADCASTING         ,NC,28214-8085,Proprietary  ,1,0,1,1,0,1
04115700,REGINA'S COLLEGE OF BEAUTY              ,NC,28110-2831,Proprietary  ,1,14,15,2,20,22
00298800,BISMARCK STATE COLLEGE                  ,ND,58501-1299,Public       ,5,31,36,1762,1322,3084
00298900,DICKINSON STATE UNIVERSITY              ,ND,58601-4896,Public       ,4,8,12,1401,687,2088
00299000,JAMESTOWN COLLEGE                       ,ND,58405-3401,Private      ,3,4,7,945,157,1102
00299100,LAKE REGION STATE COLLEGE               ,ND,58301-1598,Public       ,6,15,21,322,378,700
00299200,UNIVERSITY OF MARY                      ,ND,58504-9652,Private      ,3,31,34,1718,1402,3120
00299300,MAYVILLE STATE UNIVERSITY               ,ND,58257-1299,Public       ,0,6,6,557,237,794
00299400,MINOT STATE UNIVERSITY                  ,ND,58707-0002,Public       ,6,35,41,1695,1598,3293
00299500,MINOT STATE UNIV-BOTTINEAU CAMPUS       ,ND,58318-1159,Public       ,3,6,9,214,213,427
00299600,NORTH DAKOTA STATE CLG OF SCIENCE       ,ND,58076-0002,Public       ,12,18,30,1664,696,2360
00299700,NORTH DAKOTA STATE UNIVERSITY           ,ND,58108-6050,Public       ,24,49,73,7893,2523,10416
00300500,UNIVERSITY OF NORTH DAKOTA              ,ND,58202-8193,Public       ,26,77,103,7616,3950,11566
00300700,WILLISTON STATE COLLEGE                 ,ND,58802-1326,Public       ,2,11,13,314,458,772
00300800,VALLEY CITY STATE UNIVERSITY            ,ND,58072-0000,Public       ,3,8,11,646,227,873
00484600,RASMUSSEN COLLEGE                       ,ND,58103-7196,Proprietary  ,5,40,45,396,1415,1811
00775600,JOSEF'S SCHOOL OF HAIR DESIGN INC       ,ND,58102-4977,Proprietary  ,1,0,1,66,45,111
00935400,MEDCENTER ONE COLLEGE OF NURSING        ,ND,58501-4494,Private      ,0,1,1,58,84,142
01040600,JOSEF'S SCHOOL OF HAIR DESIGN           ,ND,58201-6394,Proprietary  ,0,2,2,59,60,119
01205900,TRINITY BIBLE COLLEGE                   ,ND,58436-7150,Private      ,1,2,3,241,149,390
01229500,R D HAIRSTYLING COLLEGE                 ,ND,58501-4001,Proprietary  ,1,3,4,25,33,58
02188200,SITTING BULL COLLEGE                    ,ND,58538-9721,Public       ,2,10,12,63,386,449
02236500,LITTLE HOOP COMMUNITY COLLEGE           ,ND,58335-0000,Public       ,4,18,22,50,235,285
02242900,UNITED TRIBES TECHNICAL COLLEGE         ,ND,58504-0000,Private      ,3,23,26,260,838,1098
02298200,HEADQUARTERS ACADEMY OF HAIR DESIGN     ,ND,58701-0000,Proprietary  ,3,7,10,31,62,93
02301100,TURTLE MTN CMNTY COLG-FIN AID OFC       ,ND,58316-0000,Private      ,1,7,8,175,412,587
02553700,FORT BERTHOLD COMMUNITY COLLEGE         ,ND,58763-0000,Public       ,0,5,5,43,227,270
03087200,MOLER BARBER CLG OF HAIRSTYLING         ,ND,58103-0000,Proprietary  ,0,2,2,5,16,21
04031300,SALON PROFESSIONAL ACADEMY (THE)        ,ND,58103-3337,Proprietary  ,0,1,1,70,29,99
00301005,ANTIOCH UNIV/SEATTLE                    ,WA,98121-0000,Private      ,0,19,19,29,1150,1179
00376900,BELLEVUE COMMUNITY COLLEGE              ,WA,98007-6484,Public       ,38,78,116,2651,3626,6277
00377000,BIG BEND COMMUNITY COLLEGE              ,WA,98837-3299,Public       ,10,33,43,757,1245,2002
00377100,"CENTRAL WASHINGTON UNIV., FIN AID       ",WA,98926-7495,Public       ,37,71,108,7782,4063,11845
00377200,CENTRALIA COLLEGE                       ,WA,98531-4099,Public       ,9,60,69,757,1298,2055
00377300,CLARK COLLEGE                           ,WA,98663-3598,Public       ,26,75,101,2888,5320,8208
00377400,COLUMBIA BASIN COLLEGE                  ,WA,99301-3379,Public       ,19,94,113,1932,3092,5024
00377500,EASTERN WASHINGTON UNIVERSITY           ,WA,99004-2447,Public       ,20,70,90,7861,5586,13447
00377600,EVERETT COMMUNITY COLLEGE               ,WA,98201-1352,Public       ,14,51,65,1576,3667,5243
00377700,HERITAGE UNIVERSITY                     ,WA,98948-9562,Private      ,0,34,34,400,1615,2015
00377800,GONZAGA UNIVERSITY                      ,WA,99258-0083,Private      ,11,74,85,5893,3018,8911
00377900,GRAYS HARBOR COLLEGE                    ,WA,98520-7599,Public       ,10,15,25,598,1110,1708
00378000,GREEN RIVER COMMUNITY COLLEGE           ,WA,98092-3622,Public       ,29,90,119,1934,2846,4780
00378100,HIGHLINE COMMUNITY COLLEGE              ,WA,98198-9800,Public       ,41,139,180,1913,3557,5470
00378200,LOWER COLUMBIA COLLEGE                  ,WA,98632-0310,Public       ,7,21,28,734,1823,2557
00378300,NORTHWEST UNIVERSITY                    ,WA,98083-0000,Private      ,4,7,11,1122,659,1781
00378400,OLYMPIC COLLEGE                         ,WA,98337-1600,Public       ,10,52,62,1230,2939,4169
00378500,PACIFIC LUTHERAN UNIVERSITY             ,WA,98447-0003,Private      ,3,9,12,3879,1525,5404
00378600,PENINSULA COLLEGE                       ,WA,98362-6660,Public       ,4,32,36,401,1110,1511
00378700,SEATTLE CENTRAL COMMUNITY COLLEGE       ,WA,98122-2413,Public       ,24,85,109,2132,4238,6370
00378703,SEATTLE VOCATIONAL INSTITUTE            ,WA,98144-0000,Public       ,17,47,64,109,496,605
00378800,SEATTLE PACIFIC UNIVERSITY              ,WA,98119-1997,Private      ,9,38,47,4254,1570,5824
00379000,SEATTLE UNIVERSITY                      ,WA,98122-1090,Private      ,13,24,37,6224,5787,12011
00379100,SHORELINE COMMUNITY COLLEGE             ,WA,98133-5696,Public       ,21,27,48,1720,2830,4550
00379200,SKAGIT VALLEY COLLEGE                   ,WA,98273-5899,Public       ,10,17,27,965,2121,3086
00379300,SPOKANE COMMUNITY COLLEGE               ,WA,99207-5399,Public       ,43,175,218,2816,7043,9859
00379400,ST MARTIN'S UNIVERSITY                  ,WA,98503-7500,Private      ,0,13,13,1080,1020,2100
00379600,TACOMA COMMUNITY COLLEGE                ,WA,98466-6100,Public       ,26,142,168,2032,5248,7280
00379700,UNIVERSITY OF PUGET SOUND               ,WA,98416-1039,Private      ,6,1,7,4171,828,4999
00379800,UNIVERSITY OF WASHINGTON                ,WA,98195-5880,Public       ,55,116,171,22153,19879,42032
00379900,WALLA WALLA UNIVERSITY                  ,WA,99324-1198,Private      ,13,7,20,1353,702,2055
00380000,WASHINGTON STATE UNIVERSITY             ,WA,99164-1035,Public       ,50,100,150,15207,9290,24497
00380100,WENATCHEE VALLEY COLLEGE                ,WA,98801-1799,Public       ,12,51,63,1143,2136,3279
00380200,WESTERN WASHINGTON UNIVERSITY           ,WA,98225-5946,Public       ,29,47,76,12057,3983,16040
00380300,WHITMAN COLLEGE                         ,WA,99362-2067,Private      ,4,1,5,2173,63,2236
00380400,WHITWORTH UNIVERSITY                    ,WA,99251-0001,Private      ,4,13,17,2828,905,3733
00380500,YAKIMA VALLEY COMMUNITY COLLEGE         ,WA,98907-2520,Public       ,7,54,61,1894,3709,5603
00499800,PUGET SOUND CHRISTIAN COLLEGE           ,WA,98201-3516,Private      ,0,1,1,103,85,188
00499900,BELLINGHAM TECHNICAL COLLEGE            ,WA,98225-0000,Public       ,5,19,24,364,974,1338
00500000,PIERCE COLLEGE                          ,WA,98498-1919,Public       ,17,60,77,1900,4496,6396
00500100,EDMONDS COMMUNITY COLLEGE               ,WA,98036-5999,Public       ,16,56,72,1452,2828,4280
00500600,WALLA WALLA COMMUNITY COLLEGE           ,WA,99362-9267,Public       ,7,26,33,1254,1978,3232
00530600,BATES TECHNICAL COLLEGE                 ,WA,98405-0000,Public       ,16,77,93,528,2065,2593
00537200,SOUTH PUGET SOUND COMMUNITY COLLEGE     ,WA,98512-6292,Public       ,18,72,90,1367,2706,4073
00537300,LAKE WASHINGTON TECHNICAL COLLEGE       ,WA,98034-8505,Public       ,7,22,29,425,1391,1816
00575200,CLOVER PARK TECHNICAL COLLEGE           ,WA,98499-0000,Public       ,21,93,114,826,3081,3907
00717805,WESTERN SEMINARY - SEATTLE              ,WA,98021-4440,Private      ,0,0,0,0,1,1
00815500,EVERGREEN STATE COLLEGE (THE)           ,WA,98505-0002,Public       ,7,35,42,2811,3034,5845
00844300,ITT TECHNICAL INSTITUTE                 ,WA,98168-3334,Proprietary  ,26,59,85,668,1322,1990
00907901,EVEREST COLLEGE                         ,WA,98684-6950,Proprietary  ,2,5,7,27,83,110
00938700,PERRY TECHNICAL INSTITUTE               ,WA,98903-1239,Private      ,21,27,48,345,492,837
00954400,SPOKANE FALLS COMMUNITY COLLEGE         ,WA,99224-5204,Public       ,35,125,160,3026,4542,7568
00970400,NORTH SEATTLE COMMUNITY COLLEGE         ,WA,98103-3599,Public       ,20,59,79,1188,2713,3901
00970600,SOUTH SEATTLE COMMUNITY COLLEGE         ,WA,98106-1499,Public       ,21,50,71,1227,2031,3258
00973900,GLEN DOW ACAD OF HAIR DESIGN            ,WA,99201-0209,Proprietary  ,8,12,20,129,145,274
01036400,WHATCOM COMMUNITY COLLEGE               ,WA,98226-8003,Public       ,13,19,32,1233,1537,2770
01043400,RENTON TECHNICAL COLLEGE                ,WA,98056-0000,Public       ,6,33,39,519,1571,2090
01148100,DIVERS INSTITUTE OF TECHNOLOGY          ,WA,98107-0667,Proprietary  ,13,42,55,121,376,497
01231500,CORNISH COLLEGE OF THE ARTS             ,WA,98121-4604,Private      ,1,3,4,914,325,1239
01249600,GREENWOOD BEAUTY SCHOOL                 ,WA,98103-0000,Proprietary  ,1,6,7,19,73,92
01302200,CITY UNIVERSITY OF SEATTLE              ,WA,98005-3030,Private      ,1,81,82,107,2621,2728
01309400,BELLINGHAM BEAUTY SCHOOL                ,WA,98225-0000,Proprietary  ,1,3,4,37,60,97
02091701,KAPLAN COLLEGE - SEATTLE                ,WA,98055-4910,Proprietary  ,4,18,22,36,146,182
02105300,BELLEVUE BEAUTY SCHOOL                  ,WA,98007-0000,Proprietary  ,2,1,3,15,24,39
02106700,TRINITY LUTHERAN COLLEGE                ,WA,98201-3569,Private      ,1,2,3,76,41,117
02180000,NORTHWEST INDIAN COLLEGE                ,WA,98226-9278,Public       ,7,30,37,133,485,618
02184200,PAROBA COLLEGE OF COSMETOLOGY           ,WA,98208-0000,Proprietary  ,9,13,22,75,144,219
02202200,STYLEMASTERS COLLEGE OF HAIR DESIGN     ,WA,98632-0000,Proprietary  ,4,7,11,36,78,114
02203300,GENE JUAREZ ACADEMY OF BEAUTY           ,WA,98125-0000,Proprietary  ,17,28,45,345,327,672
02203301,GENE JUAREZ ACADEMY OF BEAUTY           ,WA,98003-0000,Proprietary  ,1,2,3,47,48,95
02222900,INTERNATIONAL AIR & HOSPITALITY ACADEMY ,WA,98661-4835,Proprietary  ,13,25,38,229,173,402
02231100,CROWN COLLEGE                           ,WA,98444-0000,Proprietary  ,0,7,7,28,309,337
02236800,PROFESSIONAL BEAUTY SCHOOL              ,WA,98902-0000,Proprietary  ,4,1,5,50,74,124
02242500,BASTYR UNIVERSITY                       ,WA,98028-0000,Private      ,0,2,2,109,1199,1308
02291300,ART INSTITUTE OF SEATTLE                ,WA,98121-1622,Proprietary  ,21,15,36,2022,1726,3748
02291700,HENRY COGSWELL COLLEGE                  ,WA,98201-0000,Private      ,0,0,0,72,49,121
02300100,EVEREST COLLEGE                         ,WA,98367-1835,Proprietary  ,55,243,298,401,1984,2385
02326500,INTERFACE COLLEGE                       ,WA,99201-3209,Proprietary  ,1,10,11,30,241,271
02331400,NORTHWEST HAIR ACADEMY                  ,WA,98273-0000,Proprietary  ,4,2,6,78,135,213
02331402,NORTHWEST HAIR ACADEMY - EVERETT        ,WA,98204-0000,Proprietary  ,0,1,1,7,9,16
02345100,PHAGAN'S ORCHARDS BEAUTY SCHOOL         ,WA,98662-0000,Proprietary  ,0,2,2,35,45,80
02504900,ACADEMY OF HAIR DESIGN (THE)            ,WA,98801-0000,Proprietary  ,0,2,2,43,60,103
02541900,BJ'S BEAUTY AND BARBER COLLEGE          ,WA,98409-0000,Proprietary  ,2,9,11,35,87,122
02602100,NORTHWEST COLLEGE OF ART                ,WA,98370-8625,Proprietary  ,0,0,0,146,24,170
02606200,EVEREST COLLEGE                         ,WA,98055-2990,Proprietary  ,68,232,300,572,2066,2638
02617500,EVEREST COLLEGE                         ,WA,98133-9018,Proprietary  ,34,104,138,694,1701,2395
03031406,INTERNATIONAL ACADEMY OF DESIGN AND TECH,WA,98188-3319,Proprietary  ,0,1,1,13,15,28
03052200,COURT REPORTING INSTITUTE               ,WA,98133-7500,Proprietary  ,0,0,0,6,35,41
03065000,CLARE'S BEAUTY COLLEGE                  ,WA,99301-5505,Proprietary  ,0,8,8,23,92,115
03071800,ITT TECHNICAL INSTITUTE                 ,WA,99216-1589,Proprietary  ,38,57,95,486,1012,1498
03099000,CORTIVA INSTITUTE - SEATTLE             ,WA,98109-5474,Proprietary  ,2,18,20,65,213,278
03139500,MONTESSORI SCHOOLS OF WASHINGTON        ,WA,98203-6600,Private      ,0,0,0,0,4,4
03280300,SEATTLE INST OF ORIENTAL MEDICINE       ,WA,98115-0000,Proprietary  ,0,0,0,2,49,51
03283300,NORTHWEST HVAC/R ASSOCIATION & TRAINING ,WA,99202-2125,Private      ,0,0,0,3,59,62
03361600,SEATTLE MIDWIFERY SCHOOL                ,WA,98144-0000,Private      ,0,0,0,5,73,78
03466400,MARS HILL GRADUATE SCHOOL               ,WA,98121-0000,Private      ,0,2,2,0,228,228
03483500,CASCADIA COMMUNITY COLLEGE              ,WA,98011-9510,Public       ,2,7,9,493,649,1142
03490400,EMIL FRIES PIANO HOSPITAL & TRAININ     ,WA,98661-4323,Private      ,0,0,0,1,6,7
03631500,CORTIVA INSTITUTE - BRIAN UTTING SCHOOL ,WA,98109-5211,Proprietary  ,0,3,3,26,104,130
03689400,FAITH EVANGELICAL SEMINARY              ,WA,98407-2607,Private      ,0,11,11,7,175,182
03707500,CHETTA'S ACADEMY OF HAIR AND NAILS      ,WA,98362-4310,Proprietary  ,0,0,0,10,27,37
03724300,DIGIPEN INSTITUTE OF TECHNOLOGY         ,WA,98052-5170,Proprietary  ,0,0,0,646,187,833
03917300,EVERGREEN BEAUTY AND BARBER COLLEGE     ,WA,98208-3759,Proprietary  ,1,4,5,24,99,123
03932500,TOTAL COSMETOLOGY TRAINING CENTER       ,WA,99217-6231,Proprietary  ,4,5,9,40,85,125
03953300,YAKIMA BEAUTY SCHOOL;BEAUTYWORKS        ,WA,98901-2202,Proprietary  ,0,2,2,17,54,71
04043400,ALPINE COLLEGE                          ,WA,99206-5097,Proprietary  ,1,10,11,8,62,70
00340100,BROWN UNIVERSITY                        ,RI,02912-9127,Private      ,5,3,8,10859,308,11167
00340101,BROWN UNIVERSITY - GRADUATE SCHOOL      ,RI,02912-1827,Private      ,0,7,7,22,1426,1448
00340102,BROWN MEDICAL SCHOOL                    ,RI,02912-0000,Private      ,0,1,1,15,371,386
00340200,BRYANT UNIVERSITY                       ,RI,02917-1284,Private      ,2,6,8,4841,298,5139
00340400,JOHNSON & WALES UNIVERSITY              ,RI,02903-3703,Private      ,41,16,57,17883,3645,21528
00340600,PROVIDENCE COLLEGE                      ,RI,02918-0001,Private      ,2,4,6,6696,527,7223
00340700,RHODE ISLAND COLLEGE                    ,RI,02908-1991,Public       ,4,14,18,5794,2851,8645
00340800,COMMUNITY COLLEGE OF RI - WARWICK       ,RI,02906-0000,Public       ,4,19,23,3529,4411,7940
00340801,COMMUNITY COLLEGE OF RI - LINCOLN       ,RI,02865-4585,Public       ,5,9,14,1302,1479,2781
00340802,COMMUNITY COLLEGE OF RI- PROVIDENCE     ,RI,02905-2313,Public       ,3,5,8,1300,2097,3397
00340900,RHODE ISLAND SCHOOL OF DESIGN           ,RI,02903-2784,Private      ,2,2,4,2348,1098,3446
00341000,ROGER WILLIAMS UNIVERSITY               ,RI,02809-2921,Private      ,3,5,8,6293,1447,7740
00341100,SALVE REGINA UNIVERSITY                 ,RI,02840-4192,Private      ,0,4,4,3928,297,4225
00341400,UNIVERSITY OF RHODE ISLAND              ,RI,02881-0000,Public       ,25,17,42,13961,3168,17129
00659100,ST. JOSEPH HOSP SCH OF NURSING          ,RI,02904-5199,Private      ,0,1,1,54,135,189
00784400,GIBBS COLLEGE                           ,RI,02920-7807,Proprietary  ,18,28,46,470,771,1241
00784500,NEW ENGLAND INSTITUTE OF TECHNOLOGY     ,RI,02886-2266,Private      ,14,17,31,2566,1926,4492
01115900,"SAWYER SCHOOL,THE                       ",RI,02860-4117,Proprietary  ,24,105,129,194,1033,1227
02071900,ARTHUR ANGELO SCH COSMET&HAIR DSGN      ,RI,02903-0000,Proprietary  ,6,7,13,120,168,288
02176900,WARWICK ACADEMY OF BEAUTY CULTURE       ,RI,02886-1534,Proprietary  ,2,3,5,90,141,231
02584400,NEW ENGLAND TRACTOR TRAILER TRAINING SCH,RI,02860-1752,Proprietary  ,17,161,178,120,1095,1215
03080000,NEWPORT SCHOOL OF HAIRDRESSING          ,RI,02860-4038,Proprietary  ,1,6,7,15,106,121
03115200,MOTORING TECHNICAL TRAINING INST        ,RI,02914-0000,Proprietary  ,5,5,10,120,234,354
03232300,LINCOLN TECHNICAL INSTITUTE             ,RI,02865-4211,Proprietary  ,38,78,116,321,893,1214
03570500,ZION BIBLE COLLEGE                      ,RI,02806-1246,Private      ,1,0,1,140,102,242
03732300,INTERNATIONAL YACHT RESTORATION SCH     ,RI,02840-6720,Private      ,1,0,1,10,10,20
00341700,ALLEN UNIVERSITY                        ,SC,29204-1085,Private      ,12,8,20,587,357,944
00341800,ANDERSON UNIVERSITY                     ,SC,29621-4035,Private      ,8,6,14,1650,595,2245
00341900,CHARLESTON SOUTHERN UNIVERSITY          ,SC,29406-2160,Private      ,18,29,47,3175,1614,4789
00342000,BENEDICT COLLEGE                        ,SC,29204-1086,Private      ,28,13,41,2913,1355,4268
00342100,BOB JONES UNIVERSITY                    ,SC,29614-1000,Proprietary  ,41,1,42,41,1,42
00342200,SOUTHERN WESLEYAN UNIVERSITY            ,SC,29630-1020,Private      ,5,150,155,629,2636,3265
00342300,THE CITADEL                             ,SC,29409-0002,Public       ,9,34,43,2102,936,3038
00342400,CLAFLIN UNIVERSITY                      ,SC,29115-4498,Private      ,17,17,34,2199,939,3138
00342500,CLEMSON UNIVERSITY                      ,SC,29634-0001,Public       ,48,43,91,11519,2862,14381
00342600,UNIV OF SC AT SUMTER                    ,SC,29150-2498,Public       ,4,14,18,590,645,1235
00342700,COKER COLLEGE                           ,SC,29550-3797,Private      ,2,23,25,828,950,1778
00342800,COLLEGE OF CHARLESTON                   ,SC,29424-0100,Public       ,29,26,55,7580,2098,9678
00342900,COLUMBIA INTERNATIONAL UNIVERSITY       ,SC,29203-1599,Private      ,0,10,10,542,633,1175
00343000,COLUMBIA COLLEGE                        ,SC,29203-5998,Private      ,7,74,81,1210,1191,2401
00343100,CONVERSE COLLEGE                        ,SC,29302-0006,Private      ,0,8,8,715,708,1423
00343200,ERSKINE COLLEGE                         ,SC,29639-0000,Private      ,2,0,2,751,38,789
00343201,ERSKINE THEOLOGICAL SEMINARY            ,SC,29639-0000,Private      ,0,4,4,7,188,195
00343400,FURMAN UNIVERSITY                       ,SC,29613-5253,Private      ,5,5,10,2693,320,3013
00343500,LANDER UNIVERSITY                       ,SC,29649-2099,Public       ,13,12,25,2597,760,3357
00343600,LIMESTONE COLLEGE                       ,SC,29340-3799,Private      ,9,50,59,1043,3054,4097
00343700,LUTHERAN THEOLOGICAL SOUTHERN SEM       ,SC,29203-5898,Private      ,0,1,1,1,110,111
00343800,MEDICAL UNIV OF SOUTH CAROLINA - FA     ,SC,29425-1760,Public       ,1,10,11,215,2683,2898
00343900,MORRIS COLLEGE                          ,SC,29150-3599,Private      ,6,8,14,1180,435,1615
00344000,NEWBERRY COLLEGE                        ,SC,29108-2197,Private      ,6,3,9,1188,151,1339
00344100,NORTH GREENVILLE COLLEGE                ,SC,29688-1892,Private      ,2,6,8,1973,308,2281
00344500,PRESBYTERIAN COLLEGE                    ,SC,29325-2503,Private      ,1,1,2,1227,36,1263
00344600,SOUTH CAROLINA STATE UNIVERSITY         ,SC,29117-4427,Public       ,122,73,195,5678,2373,8051
00344700,SPARTANBURG METHODIST COLLEGE           ,SC,29301-5899,Private      ,7,1,8,1128,152,1280
00344800,UNIVERSITY OF SOUTH CAROLINA            ,SC,29208-3999,Public       ,76,150,226,15954,9524,25478
00344900,UNIVERSITY OF SOUTH CAROLINA AIKEN      ,SC,29801-6399,Public       ,10,9,19,2622,1326,3948
00345000,UNIV OF SC AT BEAUFORT                  ,SC,29902-4602,Public       ,5,12,17,640,700,1340
00345100,COASTAL CAROLINA UNIVERSITY             ,SC,29528-0000,Public       ,35,23,58,7145,1628,8773
00345300,UNIV OF SC AT LANCASTER                 ,SC,29721-0889,Public       ,2,8,10,619,586,1205
00345400,UNIV OF SC SYSTEM SALKEHATCHIE          ,SC,29810-0617,Public       ,11,12,23,467,413,880
00345500,VOORHEES COLLEGE                        ,SC,29042-0000,Private      ,1,8,9,668,511,1179
00345600,WINTHROP UNIVERSITY                     ,SC,29733-0001,Public       ,20,43,63,5302,1684,6986
00345700,WOFFORD COLLEGE                         ,SC,29303-3663,Private      ,3,0,3,1434,70,1504
00399000,FLORENCE-DARLINGTON TECH COLLEGE        ,SC,29501-0548,Public       ,31,81,112,2551,3826,6377
00399100,GREENVILLE TECHNICAL COLLEGE            ,SC,29607-2439,Public       ,127,391,518,5985,10577,16562
00399200,PIEDMONT TECHNICAL COLLEGE              ,SC,29648-1467,Public       ,51,178,229,1927,4292,6219
00399300,MIDLANDS TECHNICAL COLLEGE              ,SC,29202-0000,Public       ,74,278,352,6032,9508,15540
00399400,SPARTANBURG COMMUNITY COLLEGE           ,SC,29305-4386,Public       ,35,144,179,2506,4038,6544
00399500,CENTRAL CAROLINA TECHNICAL COLLEGE      ,SC,29150-2499,Public       ,26,96,122,1186,2996,4182
00399600,YORK TECHNICAL COLLEGE                  ,SC,29730-3395,Public       ,46,225,271,2382,4544,6926
00492000,TRIDENT TECHNICAL COLLEGE               ,SC,29423-8067,Public       ,111,290,401,5776,9069,14845
00492300,CLINTON JR COLLEGE                      ,SC,29730-5152,Private      ,0,2,2,100,40,140
00492400,FORREST JUNIOR COLLEGE                  ,SC,29624-2405,Proprietary  ,0,14,14,28,206,234
00492500,HORRY-GEORGETOWN TECH COLLEGE           ,SC,29526-9521,Public       ,43,155,198,2599,4265,6864
00492600,TRI-COUNTY TECHNICAL COLLEGE            ,SC,29670-9133,Public       ,40,100,140,2804,3347,6151
00492700,UNIV OF SC AT UNION                     ,SC,29379-0729,Public       ,1,0,1,202,180,382
00536300,DENMARK TECHNICAL COLLEGE               ,SC,29042-0000,Public       ,16,37,53,964,936,1900
00681500,ORANGEBURG-CALHOUN TECHNICAL COLG       ,SC,29118-8299,Public       ,25,64,89,1354,2345,3699
00695100,UNIVERSITY OF SOUTH CAROLINA UPSTATE    ,SC,29303-9972,Public       ,16,28,44,3868,2209,6077
00760200,NORTHEASTERN TECHNICAL COLLEGE          ,SC,29520-7015,Public       ,11,58,69,510,1182,1692
00922600,FRANCIS MARION UNIVERSITY               ,SC,29501-0000,Public       ,18,22,40,3844,1296,5140
00932200,WILLIAMSBURG TECHNICAL COLLEGE          ,SC,29556-4197,Public       ,50,68,118,376,747,1123
00991000,TECHNICAL COLLEGE OF THE LOWCOUNTRY     ,SC,29902-5441,Public       ,32,87,119,733,1858,2591
00991100,UNIV OF SC-REGIONAL CAMPUSES ADMIN      ,SC,29208-0001,Public       ,2,3,5,109,60,169
01005600,AIKEN TECHNICAL COLLEGE                 ,SC,29802-0696,Public       ,39,67,106,1549,2733,4282
01209200,KENNETH SHULER SCHOOL OF COSMETOLOGY    ,SC,29732-2169,Proprietary  ,1,10,11,15,46,61
01303907,SOUTH UNIVERSITY                        ,SC,29203-6400,Proprietary  ,19,93,112,220,1267,1487
02063700,SHERMAN CLG STRAIGHT CHIROPRACTIC       ,SC,29316-0000,Private      ,0,1,1,18,442,460
02189800,NO AMER INST OF AVIATION OF SO CAR      ,SC,29527-0000,Proprietary  ,0,0,0,0,12,12
02310300,COLUMBIA BEAUTY SCHOOL                  ,SC,29033-0000,Proprietary  ,0,0,0,11,44,55
02338600,CHARZANNE BEAUTY COLLEGE                ,SC,29649-0000,Proprietary  ,2,10,12,22,97,119
02341100,KENNETH SHULER SCHOOL OF COSMETOLOGY & N,SC,29210-0000,Proprietary  ,13,23,36,158,418,576
02356600,CHARLESTON COSMETOLOGY INSTITUTE        ,SC,29420-0000,Proprietary  ,7,12,19,86,138,224
02552400,ACADEMY OF HAIR TECHNOLOGY              ,SC,29615-2363,Proprietary  ,3,11,14,61,122,183
02567600,SUMTER BEAUTY COLLEGE                   ,SC,29150-0000,Proprietary  ,2,3,5,22,94,116
02614202,MILLER - MOTTE TECHNICAL COLLEGE - NORTH,SC,29406-9239,Proprietary  ,13,58,71,284,1082,1366
03010614,VIRGINIA COLLEGE - GOLF ACADEMY OF AMERI,SC,29579-0000,Proprietary  ,6,7,13,233,217,450
03052300,KENNETH SHULER SCH COSM & HAIR DESG     ,SC,29841-2013,Proprietary  ,0,7,7,40,112,152
03088300,ACADEMY OF COSMETOLOGY                  ,SC,29418-5667,Proprietary  ,0,2,2,42,132,174
03258300,SOUTHERN METHODIST COLLEGE              ,SC,29116-1027,Private      ,0,2,2,7,53,60
03293300,STRAND COLLEGE OF HAIR DESIGN           ,SC,29572-4310,Proprietary  ,4,6,10,37,80,117
03304300,CENTURA COLLEGE                         ,SC,29406-9235,Proprietary  ,12,68,80,221,946,1167
03513300,LACY COSMETOLOGY SCHOOL                 ,SC,29803-9084,Proprietary  ,2,6,8,33,84,117
03513301,LACY COSMETOLOGY SCHOOL -               ,SC,29072-0000,Proprietary  ,0,8,8,4,12,16
03513302,LACY COSMETOLOGY SCHOOL -               ,SC,29445-0000,Proprietary  ,0,2,2,0,2,2
03595300,CHARLESTON SCHOOL OF MASSAGE            ,SC,29412-8270,Proprietary  ,1,0,1,16,45,61
03746300,LEGRAND INSTITUTE OF COSMETOLOGY        ,SC,29020-0000,Proprietary  ,0,2,2,17,48,65
03746400,SOUTHEASTERN INSTITUTE                  ,SC,29210-0000,Proprietary  ,3,20,23,37,133,170
03768400,STYLETRENDS BARBER AND HAIRSTYLING ACADE,SC,29730-4511,Proprietary  ,1,6,7,8,55,63
03842300,PLATINUM SHEAR SCHOOL OF COSMETOLOGY    ,SC,29115-0000,Proprietary  ,0,1,1,13,25,38
03856400,W. L. BONNER COLLEGE                    ,SC,29203-0000,Private      ,0,0,0,6,62,68
03892300,HARLEY'S BEAUTY & BARBER CAREER INST.   ,SC,29204-1919,Proprietary  ,3,9,12,17,69,86
00345800,AUGUSTANA COLLEGE                       ,SD,57197-0001,Private      ,1,5,6,1754,236,1990
00345900,BLACK HILLS STATE UNIVERSITY            ,SD,57799-9670,Public       ,3,11,14,2196,1492,3688
00346100,DAKOTA WESLEYAN UNIVERSITY              ,SD,57301-4398,Private      ,3,1,4,640,357,997
00346300,DAKOTA STATE UNIVERSITY                 ,SD,57042-1799,Public       ,2,1,3,1189,532,1721
00346500,MOUNT MARTY COLLEGE                     ,SD,57078-3724,Private      ,0,3,3,580,583,1163
00346600,NORTHERN STATE UNIVERSITY               ,SD,57401-7198,Public       ,1,9,10,1499,664,2163
00346700,PRESENTATION COLLEGE                    ,SD,57401-1299,Private      ,3,5,8,372,597,969
00346900,UNIVERSITY OF SIOUX FALLS               ,SD,57105-1699,Private      ,3,5,8,1213,557,1770
00347000,SOUTH DAKOTA SCH OF MINES & TECH        ,SD,57701-3995,Public       ,5,1,6,1232,560,1792
00347100,SOUTH DAKOTA STATE UNIVERSITY           ,SD,57007-2298,Public       ,6,18,24,7354,2594,9948
00347400,UNIVERSITY OF SOUTH DAKOTA              ,SD,57069-2390,Public       ,5,23,28,4479,3940,8419
00405600,SIOUX FALLS SEMINARY                    ,SD,57105-2729,Private      ,0,0,0,0,89,89
00405700,NATIONAL AMERICAN UNIVERSITY            ,SD,57701-3692,Proprietary  ,13,70,83,616,4727,5343
00405707,NATIONAL AMERICAN UNIVERSITY            ,SD,57105-0000,Proprietary  ,1,4,5,49,267,316
00492900,MCKENNAN HOSP-RADOLOGICAL TECH          ,SD,57101-0000,Private      ,0,0,0,33,16,49
00530900,LAKE AREA TECHNICAL INSTITUTE           ,SD,57201-2869,Public       ,2,3,5,780,374,1154
00598700,AVERA SACRED HEART HOSPITAL SCHOOL OF RA,SD,57078-3899,Private      ,0,0,0,12,5,17
00776400,SOUTHEAST TECHNICAL INST                ,SD,57107-0000,Public       ,11,23,34,1477,1044,2521
00828400,MITCHELL TECHNICAL INSTITUTE            ,SD,57301-2002,Public       ,2,1,3,517,322,839
01013800,STEWART SCHOOL                          ,SD,57104-0000,Proprietary  ,4,0,4,124,69,193
01014804,COLORADO TECHNICAL UNIVERSITY           ,SD,57108-2272,Proprietary  ,2,17,19,384,1020,1404
01017000,WESTERN DAKOTA TECHNICAL INSTITUTE      ,SD,57701-4018,Public       ,6,22,28,542,853,1395
01147701,SIOUX VALLEY HOSP-MEDICAL TECH          ,SD,57117-5039,Private      ,0,0,0,19,15,34
01465900,OGLALA LAKOTA COLLEGE                   ,SD,57752-0490,Public       ,2,9,11,273,1314,1587
02137100,BLACK HILLS BEAUTY COLLEGE              ,SD,57701-0000,Proprietary  ,2,3,5,62,82,144
02143700,SINTE GLESKA UNIVERSITY                 ,SD,57570-0000,Public       ,3,20,23,146,735,881
02144600,KILIAN COMMUNITY COLLEGE                ,SD,57103-7020,Private      ,1,11,12,155,625,780
02277300,SISSETON WAHPETON COLLEGE               ,SD,57262-0000,Public       ,0,5,5,51,199,250
02297800,HEADLINES ACADEMY                       ,SD,57701-0000,Proprietary  ,1,3,4,45,91,136
00347700,AQUINAS COLLEGE                         ,TN,37205-2086,Private      ,2,6,8,255,772,1027
00347701,AQUINAS COLLEGE -  PRIMETIME PROGRAM    ,TN,37214-3644,Private      ,0,6,6,13,375,388
00347800,AUSTIN PEAY STATE UNIVERSITY            ,TN,37044-0002,Public       ,29,147,176,5321,6430,11751
00347900,BELMONT UNIVERSITY                      ,TN,37212-3757,Private      ,15,42,57,4000,1944,5944
00348000,BETHEL COLLEGE                          ,TN,38201-1705,Private      ,8,116,124,1075,1888,2963
00348100,CARSON-NEWMAN COLLEGE                   ,TN,37760-2204,Private      ,6,6,12,2491,547,3038
00348200,CHRISTIAN BROTHERS UNIVERSITY           ,TN,38104-5581,Private      ,4,35,39,1675,1395,3070
00348300,COLUMBIA STATE COMMUNITY COLLEGE        ,TN,38401-5653,Public       ,19,67,86,2163,2585,4748
00348500,CUMBERLAND UNIVERSITY                   ,TN,37087-3554,Private      ,3,21,24,1313,830,2143
00348600,LIPSCOMB UNIVERSITY                     ,TN,37204-3951,Private      ,3,39,42,2421,672,3093
00348700,EAST TENNESSEE STATE UNIV - MAIN CAMPUS ,TN,37614-2857,Public       ,34,106,140,8311,5791,14102
00348701,EAST TENNESSEE STATE UNIV - MEDICINE    ,TN,37614-1708,Public       ,0,0,0,75,264,339
00348709,EAST TENNESSEE STATE UNIV - PHARMACY    ,TN,37614-1704,Public       ,1,0,1,25,73,98
00349000,FISK UNIVERSITY                         ,TN,37208-3045,Private      ,3,5,8,1780,432,2212
00349200,FREED-HARDEMAN UNIVERSITY               ,TN,38340-2399,Private      ,1,17,18,1530,834,2364
00349400,HIWASSEE COLLEGE                        ,TN,37354-4001,Private      ,4,5,9,428,111,539
00349500,JOHNSON BIBLE COLLEGE                   ,TN,37998-9775,Private      ,2,1,3,646,257,903
00349600,KING COLLEGE                            ,TN,37620-2699,Private      ,2,10,12,1155,683,1838
00349800,LAMBUTH UNIVERSITY                      ,TN,38301-5296,Private      ,2,2,4,1256,303,1559
00349900,LANE COLLEGE                            ,TN,38301-4598,Private      ,14,9,23,2167,752,2919
00350000,LEE UNIVERSITY                          ,TN,37320-0000,Private      ,16,30,46,3137,1240,4377
00350100,LEMOYNE-OWEN COLLEGE                    ,TN,38126-6510,Private      ,3,15,18,836,986,1822
00350200,LINCOLN MEMORIAL UNIVERSITY             ,TN,37752-7920,Private      ,5,42,47,1170,2394,3564
00350400,MARTIN METHODIST COLLEGE                ,TN,38478-2799,Private      ,2,2,4,763,424,1187
00350500,MARYVILLE COLLEGE                       ,TN,37804-5907,Private      ,1,2,3,1723,185,1908
00350600,MEHARRY MEDICAL COLLEGE                 ,TN,37208-0000,Private      ,1,3,4,37,1216,1253
00350700,MEMPHIS COLLEGE OF ART                  ,TN,38104-2764,Private      ,1,3,4,520,178,698
00350900,UNIVERSITY OF MEMPHIS (THE)             ,TN,38152-4611,Public       ,72,234,306,13229,13578,26807
00351000,MIDDLE TENNESSEE STATE UNIV             ,TN,37130-0000,Public       ,72,156,228,17304,8661,25965
00351100,MILLIGAN COLLEGE                        ,TN,37682-4001,Private      ,1,6,7,892,469,1361
00351700,SOUTHERN COLLEGE OF OPTOMETRY           ,TN,38104-2222,Private      ,0,2,2,23,568,591
00351800,SOUTHERN ADVENTIST UNIVERSITY           ,TN,37315-0370,Private      ,14,5,19,1965,591,2556
00351900,RHODES COLLEGE                          ,TN,38112-1690,Private      ,3,3,6,2285,217,2502
00352200,TENNESSEE STATE UNIVERSITY              ,TN,37209-1561,Public       ,46,132,178,9257,7242,16499
00352300,TENNESSEE TECHNOLOGICAL UNIV            ,TN,38505-0001,Public       ,26,131,157,6747,3158,9905
00352400,TENNESSEE TEMPLE UNIVERSITY             ,TN,37404-3587,Private      ,3,3,6,507,179,686
00352500,TENNESSEE WESLEYAN COLLEGE              ,TN,37371-0040,Private      ,3,3,6,866,391,1257
00352600,TREVECCA NAZARENE UNIVERSITY            ,TN,37210-2877,Private      ,2,33,35,1099,1709,2808
00352700,TUSCULUM COLLEGE                        ,TN,37743-0001,Private      ,8,31,39,1606,2127,3733
00352800,UNION UNIVERSITY                        ,TN,38305-3697,Private      ,7,95,102,1903,1762,3665
00352900,UNIVERSITY OF TENNESSEE-CHATTANOOGA     ,TN,37403-2598,Public       ,30,62,92,8208,3316,11524
00353000,UNIVERSITY OF TENNESSEE-KNOXVILLE       ,TN,37996-0150,Public       ,53,113,166,21305,8005,29310
00353006,UNIVERSITY OF TENNESSEE-HEALTH SCI CTR  ,TN,38103-0000,Public       ,2,8,10,328,2693,3021
00353100,UNIVERSITY OF TENNESSEE-MARTIN          ,TN,38238-0002,Public       ,27,39,66,5913,2409,8322
00353400,UNIVERSITY OF THE SOUTH                 ,TN,37383-1000,Private      ,1,6,7,1302,67,1369
00353500,VANDERBILT UNIVERSITY                   ,TN,37240-0001,Private      ,7,43,50,7372,4420,11792
00353501,VANDERBILT UNIV MED CTR ALLIEDHEAL      ,TN,37232-5510,Private      ,0,0,0,28,185,213
00353502,VANDERBILT UNIV - SCH OF MED            ,TN,37232-0000,Private      ,0,1,1,57,804,861
00353600,BRYAN COLLEGE                           ,TN,37321-7000,Private      ,2,19,21,849,419,1268
00399800,CHATTANOOGA STATE COMMUNITY COLLEGE     ,TN,37406-1097,Public       ,35,165,200,3285,5527,8812
00399900,CLEVELAND STATE COMMUNITY COLLEGE       ,TN,37312-2858,Public       ,13,29,42,1272,1722,2994
00402500,TN TECHNOLOGY CTR AT KNOXVILLE          ,TN,37919-2327,Public       ,19,48,67,399,911,1310
00402600,TENNESSEE TECH. CNTR AT CROSSVILLE      ,TN,38555-4142,Public       ,0,3,3,245,446,691
00461700,NATIONAL COLLEGE OF BUSINESS & TECH     ,TN,37211-6605,Proprietary  ,27,175,202,171,1101,1272
00493400,DRAUGHONS JR CLG OF BUSINESS            ,TN,37217-1056,Proprietary  ,27,187,214,512,3150,3662
00493700,JACKSON STATE COMMUNITY COLLEGE         ,TN,38301-3797,Public       ,11,66,77,2124,2986,5110
00493800,SOUTH COLLEGE                           ,TN,37909-3323,Proprietary  ,22,142,164,328,1494,1822
00494700,WEST TENNESSEE BUSINESS COLLEGE         ,TN,38301-3256,Proprietary  ,2,31,33,119,536,655
00528000,TN TECHNOLOGY CTR AT COVINGTON          ,TN,38019-0249,Public       ,4,5,9,91,234,325
00528100,TN TECHNOLOGY CTR AT ELIZABETHTON       ,TN,37643-0789,Public       ,1,36,37,192,775,967
00528200,TN TECHNOLOGY CTR AT HARTSVILLE         ,TN,37074-0000,Public       ,1,3,4,104,283,387
00528300,TN TECHNOLOGY CTR AT NEWBERN            ,TN,38059-1198,Public       ,4,20,24,109,375,484
00530700,TN TECHNOLOGY CTR AT MCMINNVILLE        ,TN,37110-1322,Public       ,0,1,1,120,424,544
00535100,TENNESSEE TECHNOLOGY CENTER AT MORRISTOW,TN,37813-2094,Public       ,4,16,20,359,871,1230
00535200,TN TECHNOLOGY CENTER AT MCKENZIE        ,TN,38201-1620,Public       ,1,1,2,153,306,459
00535300,TN TECHNOLOGY CENTER AT LIVINGSTON      ,TN,38570-0219,Public       ,10,17,27,216,508,724
00535400,TN TECHNOLOGY CTR AT JACKSON            ,TN,38301-0000,Public       ,1,6,7,345,746,1091
00535600,TENNESSEE TECHNOLOGY CENTER AT HOHENWALD,TN,38462-0000,Public       ,5,14,19,197,486,683
00535700,TENNESSEE TECHNOLOGY CENTER AT CRUMP    ,TN,38327-3402,Public       ,1,8,9,155,432,587
00535800,TN TECHNOLOGY CENTER AT ATHENS          ,TN,37371-0848,Public       ,2,2,4,160,256,416
00535900,TENNESSEE TECHNOLOGY CENTER AT NASHVILLE,TN,37209-0000,Public       ,10,53,63,374,1056,1430
00536000,TENNESSEE TECHNOLOGY CENTER AT MEMPHIS  ,TN,38105-3604,Public       ,14,27,41,573,1615,2188
00537800,NORTHEAST STATE TECH CMNTY COLG         ,TN,37617-0246,Public       ,15,94,109,2254,2985,5239
00537900,TN TECHNOLOGY CTR AT SHELBYVILLE        ,TN,37160-3697,Public       ,1,5,6,318,649,967
00660000,METHODIST HOSP SCH OF NURSING           ,TN,38104-3499,Private      ,0,0,0,55,109,164
00683500,DYERSBURG STATE COMMUNITY COLLEGE       ,TN,38024-0000,Public       ,11,46,57,1273,1992,3265
00683600,MOTLOW STATE COMMUNITY COLLEGE          ,TN,37388-7972,Public       ,11,64,75,1681,1909,3590
00743900,FOUNTAINHEAD COLLEGE OF TECHNOLOGY      ,TN,37918-2583,Proprietary  ,0,5,5,97,204,301
00744000,NASHVILLE AUTO DIESEL COLLEGE           ,TN,37206-3298,Proprietary  ,152,58,210,2560,963,3523
00778200,TENNESSEE TECHNOLOGY CENTER AT DICKSON  ,TN,37055-0000,Public       ,5,16,21,223,683,906
00778300,MIDDLE TENNESSEE SCH OF ANESTHESIA      ,TN,37116-0417,Private      ,0,0,0,8,161,169
00814500,NASHVILLE STATE TECH CMNTY COLLEGE      ,TN,37209-0000,Public       ,28,148,176,2179,4731,6910
00865500,GENESIS CAREER COLLEGE OF COOKEVILLE    ,TN,38501-1959,Proprietary  ,6,20,26,65,125,190
00885900,JOHN A GUPTON COLLEGE                   ,TN,37203-2934,Private      ,2,2,4,56,121,177
00886300,WALTERS STATE COMMUNITY COLLEGE         ,TN,37813-6899,Public       ,22,58,80,2911,3272,6183
00946400,TN TECHNOLOGY CTR AT PULASKI            ,TN,38478-4541,Public       ,4,10,14,113,520,633
00956700,TENNESSEE SCHOOL OF BEAUTY              ,TN,37921-3303,Proprietary  ,2,12,14,98,250,348
00971000,TENNESSEE TECHNOLOGY CENTER AT ONEIDA/HU,TN,37756-4149,Public       ,2,10,12,75,271,346
00991200,VOLUNTEER STATE COMMUNITY COLLEGE       ,TN,37066-3188,Public       ,23,111,134,2772,3566,6338
00991400,ROANE STATE COMMUNITY COLLEGE           ,TN,37748-8664,Public       ,9,62,71,2412,3230,5642
00998200,CRICHTON COLLEGE                        ,TN,38111-4745,Private      ,3,30,33,532,1336,1868
01021700,INTERNATIONAL ACADEMY OF DESIGN & TECH  ,TN,37212-0000,Proprietary  ,14,36,50,812,925,1737
01032600,TN TECHNOLOGY CTR AT HARRIMAN           ,TN,37748-1109,Public       ,1,4,5,147,295,442
01043900,SOUTHWEST TENNESSEE COMMUNITY COLLG     ,TN,38104-3322,Public       ,82,309,391,5175,10736,15911
01044700,"PLAZA BEAUTY SCHOOL, INC.               ",TN,38117-4822,Proprietary  ,5,11,16,71,151,222
01046000,AMERICAN BAPTIST THEOLOGICAL SEMINA     ,TN,37207-4994,Private      ,0,1,1,20,102,122
01052900,MEMPHIS THEOLOGICAL SEMINARY            ,TN,38104-0000,Private      ,0,1,1,7,172,179
01070000,TN TECHNOLOGY CENTER AT JACKSBORO       ,TN,37757-2461,Public       ,1,1,2,115,254,369
01155300,WM R MOORE COLLEGE OF TECHNOLOGY        ,TN,38104-0000,Private      ,2,3,5,45,78,123
01216400,TENNESSEE TECHNICAL CNTR AT RIPLEY      ,TN,38063-7359,Public       ,1,8,9,50,277,327
01254700,EMMANUEL SCHOOL OF RELIGION             ,TN,37601-0000,Private      ,0,0,0,3,54,57
01269300,PELLISSIPPI STATE COMMUNITY COLLEGE     ,TN,37933-0990,Public       ,33,106,139,3499,3415,6914
02092800,TENNESSEE TECHNOLOGY CENTER AT WHITEVILL,TN,38075-0000,Public       ,1,8,9,106,278,384
02103500,TN TECHNOLOGY CTR AT MURFREESBORO       ,TN,37129-0000,Public       ,1,2,3,208,405,613
02106400,O'MORE COLLEGE OF DESIGN                ,TN,37064-0000,Private      ,0,0,0,181,81,262
02125300,NASHVILLE CLG OF MEDICAL CAREERS        ,TN,37115-0000,Proprietary  ,8,27,35,45,329,374
02153100,JON NAVE UNIVERSITY OF COSMETOLOGY      ,TN,37013-3347,Proprietary  ,5,5,10,68,116,184
02157100,CONCORDE CAREER COLLEGE                 ,TN,38137-0000,Proprietary  ,21,149,170,355,1815,2170
02188300,PENTECOSTAL THEOLOGICAL SEMINARY        ,TN,37320-0000,Private      ,0,0,0,2,199,201
02204200,"CHATTANOOGA COLLEGE - MEDICAL, DENTAL AN",TN,37411-0000,Proprietary  ,2,16,18,28,315,343
02237900,TN TECHNOLOGY CENTER AT PARIS           ,TN,38242-0000,Public       ,0,3,3,154,597,751
02257400,ARNOLD'S BEAUTY SCHOOL                  ,TN,38358-0000,Proprietary  ,3,9,12,39,59,98
02274500,ACADEMY OF COSMETOLOGY                  ,TN,38111-0000,Proprietary  ,0,0,0,1,0,1
02275500,REUBEN-ALLEN COLLEGE                    ,TN,37922-0000,Proprietary  ,0,3,3,24,41,65
02278700,MR WAYNES SCH OF UNISEX HAIR DESIGN     ,TN,38501-0000,Proprietary  ,1,5,6,20,30,50
02293900,VOLUNTEER BEAUTY ACADEMY-NASHVILLE      ,TN,37115-2112,Proprietary  ,8,13,21,44,95,139
02294000,VOLUNTEER BEAUTY ACADEMY-DYERSBURG      ,TN,38024-1622,Proprietary  ,3,12,15,32,94,126
02326200,KAPLAN CAREER INSTITUTE                 ,TN,37217-1342,Proprietary  ,1,34,35,117,536,653
02326300,MEDVANCE INSTITUTE                      ,TN,38501-4305,Proprietary  ,23,107,130,361,1446,1807
02335900,VOLUNTEER BEAUTY ACADEMY-NASHVILLE      ,TN,37209-3033,Proprietary  ,3,6,9,33,106,139
02359800,ITT TECHNICAL INSTITUTE                 ,TN,37214-3717,Proprietary  ,93,210,303,1329,2506,3835
02498000,NEW WAVE HAIR ACADEMY                   ,TN,38128-0000,Proprietary  ,7,34,41,44,209,253
02539800,QUEEN CITY COLLEGE                      ,TN,37042-0000,Proprietary  ,4,15,19,41,231,272
02540000,TENNESSEE ACADEMY OF COSMETOLOGY        ,TN,38133-0000,Proprietary  ,5,12,17,66,179,245
02578200,NOSSI COLLEGE OF ART                    ,TN,37072-0000,Proprietary  ,0,10,10,240,339,579
02595000,FAYETTEVILLE BEAUTY SCHOOL              ,TN,37334-2909,Proprietary  ,2,8,10,26,106,132
02597600,NEW WAVE HAIR ACADEMY                   ,TN,38301-3812,Proprietary  ,9,36,45,65,254,319
02599710,VATTEROTT COLLEGE - MEMPHIS             ,TN,38132-1714,Proprietary  ,10,99,109,129,818,947
02605501,REMINGTON COLLEGE - MEMPHIS CAMPUS      ,TN,38132-0000,Proprietary  ,30,180,210,400,1897,2297
02614200,MILLER MOTTE BUSINESS COLLEGE           ,TN,37040-6023,Proprietary  ,11,57,68,178,881,1059
02614203,MILLER - MOTTE TECHNICAL COLLEGE - CHATT,TN,37421-7220,Proprietary  ,6,51,57,227,1100,1327
02614204,MILLER - MOTTE TECHNICAL COLLEGE - GOODL,TN,37072-1870,Proprietary  ,3,28,31,67,432,499
03001800,FREE WILL BAPTIST BIBLE COLLEGE         ,TN,37205-2498,Private      ,2,2,4,265,102,367
03008800,FRANKLIN ACADEMY                        ,TN,37312-3939,Private      ,4,7,11,33,70,103
03010606,VIRGINIA COLLEGE - SCH OF BUSNSS & HLTH ,TN,37411-5600,Proprietary  ,0,4,4,1,11,12
03012500,NEW WAVE HAIR ACADEMY                   ,TN,38111-4253,Proprietary  ,15,61,76,110,528,638
03024900,TENNESSEE ACADEMY OF COSMETOLOGY        ,TN,38125-3442,Proprietary  ,0,13,13,48,175,223
03061100,GENESIS CAREER COLLEGE OF LEBANON       ,TN,37087-2718,Proprietary  ,11,37,48,68,271,339
03073400,ITT TECHNICAL INSTITUTE                 ,TN,37932-3343,Proprietary  ,156,204,360,1873,2706,4579
03079100,NORTH CENTRAL INSTITUTE                 ,TN,37042-3116,Proprietary  ,1,2,3,22,84,106
03088800,WATKINS INSTITUTE COLLEGE OF ART & DESIG,TN,37228-1306,Private      ,0,2,2,285,248,533
03126900,STYLES & PROFILES BEAUTY COLLEGE        ,TN,38375-2109,Proprietary  ,1,2,3,6,25,31
03149300,NEW DIRECTIONS HAIR ACADEMY             ,TN,37209-0000,Proprietary  ,21,43,64,166,377,543
03355400,RICHMONT GRADUATE UNIVERSITY            ,TN,37404-0000,Private      ,0,0,0,5,181,186
03440300,BAPTIST MEMORIAL COLLEGE OF HEALTH      ,TN,38104-3104,Private      ,5,5,10,615,1028,1643
03454300,TENNESSEE CAREER COLLEGE                ,TN,37214-2945,Proprietary  ,0,5,5,25,138,163
03487300,TEMPLE BAPTIST SEMINARY                 ,TN,37404-0000,Private      ,0,0,0,4,35,39
03513500,WILLIAMSON CHRISTIAN COLLEGE            ,TN,37067-8237,Private      ,0,0,0,13,67,80
03647300,NEW CONCEPTS SCHOOL OF COSMETOLOGY      ,TN,37311-7373,Proprietary  ,0,2,2,12,41,53
03683300,INTERNATIONAL BARBER & STYLE COLLEGE    ,TN,37209-0000,Proprietary  ,4,23,27,41,265,306
03774300,PYRAMID BEAUTY SCHOOL                   ,TN,38104-2324,Proprietary  ,0,4,4,21,87,108
03774400,SHEAR ACADEMY                           ,TN,38555-4177,Proprietary  ,0,0,0,11,32,43
03830300,SAE INSTITUTE OF TECHNOLOGY             ,TN,37203-4310,Proprietary  ,3,5,8,225,251,476
03841300,CAREER BEAUTY COLLEGE                   ,TN,38464-3634,Proprietary  ,3,4,7,18,54,72
03920300,INSTITUTE OF HAIR DESIGN                ,TN,38310-1801,Proprietary  ,1,0,1,20,66,86
03930300,BUCHANAN BEAUTY COLLEGE                 ,TN,37160-2741,Proprietary  ,0,7,7,14,52,66
03982300,VISIBLE SCHOOL - MUSIC AND WORSHIPS ARTS,TN,38104-5814,Private      ,0,0,0,14,16,30
04025300,LAST MINUTE CUTS SCHOOL OF BARBERING AND,TN,38109-7709,Proprietary  ,2,23,25,26,116,142
04035300,NAVE COSMETOLOGY ACADEMY                ,TN,38401-6335,Proprietary  ,6,19,25,43,126,169
04037400,MASON ACADEMY OF COSMETOLOGY            ,TN,38049-7048,Proprietary  ,0,3,3,4,17,21
00353700,ABILENE CHRISTIAN UNIVERSITY            ,TX,79699-3701,Private      ,17,20,37,4115,1229,5344
00353900,ALVIN COMMUNITY COLLEGE                 ,TX,77511-4807,Public       ,24,81,105,824,1650,2474
00354000,AMARILLO COLLEGE                        ,TX,79109-2446,Public       ,42,130,172,2473,5186,7659
00354100,ANGELO STATE UNIVERSITY                 ,TX,76909-5069,Public       ,35,31,66,4849,2196,7045
00354300,AUSTIN COLLEGE                          ,TX,75090-4440,Private      ,6,3,9,1577,149,1726
00354400,AUSTIN PRESBYTERIAN THEOLOGICAL SEM     ,TX,78705-5797,Private      ,0,1,1,0,160,160
00354500,BAYLOR UNIVERSITY                       ,TX,76798-1458,Private      ,112,42,154,13986,3435,17421
00354600,COASTAL BEND COLLEGE                    ,TX,78102-2197,Public       ,36,75,111,1398,2086,3484
00354900,BLINN COLLEGE                           ,TX,77833-4098,Public       ,98,89,187,7208,3469,10677
00355300,CISCO JUNIOR COLLEGE                    ,TX,76437-9803,Public       ,10,16,26,1538,1900,3438
00355400,CLARENDON COLLEGE                       ,TX,79226-0000,Public       ,6,15,21,399,459,858
00355600,COMMONWEALTH INST OF FUNERAL SVC        ,TX,77090-5918,Private      ,1,4,5,60,153,213
00355700,CONCORDIA UNIVERSITY TEXAS              ,TX,78726-4141,Private      ,3,121,124,1043,1172,2215
00355800,NORTH CENTRAL TEXAS COLLEGE             ,TX,76240-4699,Public       ,29,59,88,1752,2350,4102
00356000,DALLAS BAPTIST UNIVERSITY               ,TX,75211-9299,Private      ,12,131,143,2195,3496,5691
00356100,CEDAR VALLEY COLLEGE                    ,TX,75134-0000,Public       ,41,93,134,1588,2741,4329
00356200,DALLAS THEOLOGICAL SEM                  ,TX,75204-0000,Private      ,0,7,7,14,542,556
00356300,DEL MAR COLLEGE                         ,TX,78404-3897,Public       ,71,166,237,4272,6191,10463
00356400,EAST TEXAS BAPTIST UNIVERSITY           ,TX,75670-1423,Private      ,3,3,6,1573,412,1985
00356500,TEXAS A&M UNIVERSITY - COMMERCE         ,TX,75429-3011,Public       ,30,115,145,3606,5027,8633
00356600,EPISCOPAL THEOL SEM OF THE STHWST       ,TX,78768-0000,Private      ,0,0,0,1,15,16
00356800,FRANK PHILLIPS COLLEGE                  ,TX,79008-0000,Public       ,6,29,35,345,564,909
00357000,GRAYSON COUNTY COLLEGE                  ,TX,75020-8299,Public       ,10,34,44,1143,2049,3192
00357100,HARDIN-SIMMONS UNIVERSITY               ,TX,79698-6050,Private      ,5,7,12,2071,964,3035
00357200,TRINITY VALLEY COMMUNITY COLLEGE        ,TX,75751-2734,Public       ,18,70,88,1581,2872,4453
00357300,HILL COLLEGE                            ,TX,76645-2711,Public       ,8,20,28,630,656,1286
00357301,HILL COLLEGE                            ,TX,76031-0000,Public       ,11,36,47,502,1068,1570
00357400,HOWARD COLLEGE                          ,TX,79720-0213,Public       ,17,56,73,970,1632,2602
00357500,HOWARD PAYNE UNIVERSITY                 ,TX,76801-2715,Private      ,6,2,8,1468,420,1888
00357600,HOUSTON BAPTIST UNIVERSITY              ,TX,77074-3298,Private      ,11,30,41,1757,1807,3564
00357700,HUSTON - TILLOTSON UNIVERSITY           ,TX,78702-2795,Private      ,2,6,8,766,459,1225
00357800,UNIVERSITY OF THE INCARNATE WORD        ,TX,78209-6398,Private      ,19,47,66,3414,3913,7327
00357900,JACKSONVILLE COLLEGE                    ,TX,75766-4759,Private      ,1,4,5,225,168,393
00358000,KILGORE COLLEGE                         ,TX,75662-3299,Public       ,35,83,118,2129,3066,5195
00358100,LAMAR UNIVERSITY-BEAUMONT               ,TX,77710-0042,Public       ,46,78,124,6382,4535,10917
00358200,LAREDO COMMUNITY COLLEGE                ,TX,78040-4395,Public       ,22,37,59,4024,3449,7473
00358300,LEE COLLEGE                             ,TX,77520-4796,Public       ,26,82,108,1294,3024,4318
00358400,LETOURNEAU UNIVERSITY                   ,TX,75607-0000,Private      ,3,169,172,1522,4164,5686
00358500,LON MORRIS COLLEGE                      ,TX,75766-2900,Private      ,6,2,8,381,105,486
00358600,LUBBOCK CHRISTIAN UNIVERSITY            ,TX,79407-2099,Private      ,6,20,26,1446,1217,2663
00358800,UNIVERSITY OF MARY HARDIN-BAYLOR        ,TX,76513-2599,Private      ,11,41,52,2531,1392,3923
00359000,MCLENNAN COMMUNITY COLLEGE              ,TX,76708-1498,Public       ,48,126,174,3102,5123,8225
00359100,MCMURRY UNIVERSITY                      ,TX,79697-0001,Private      ,10,11,21,1563,637,2200
00359200,MIDWESTERN STATE UNIVERSITY             ,TX,76308-2099,Public       ,17,46,63,3351,2740,6091
00359300,NAVARRO COLLEGE                         ,TX,75110-4818,Public       ,48,109,157,2746,3420,6166
00359400,UNIVERSITY OF NORTH TEXAS               ,TX,76203-1370,Public       ,149,280,429,21580,14781,36361
00359500,OBLATE SCHOOL OF THEOLOGY               ,TX,78216-0000,Private      ,0,2,2,3,28,31
00359600,ODESSA COLLEGE                          ,TX,79764-7127,Public       ,18,40,58,1477,2451,3928
00359800,OUR LADY OF THE LAKE UNIVERSITY         ,TX,78207-4689,Private      ,11,34,45,2050,2671,4721
00359900,UNIVERSITY OF TEXAS - PAN AMERICAN      ,TX,78541-2999,Public       ,154,216,370,12930,8355,21285
00360000,PANOLA COLLEGE                          ,TX,75633-2397,Public       ,14,29,43,825,1159,1984
00360100,PARIS JR COLLEGE                        ,TX,75460-6298,Public       ,30,107,137,1339,2359,3698
00360200,PAUL QUINN COLLEGE                      ,TX,75241-4398,Private      ,5,17,22,714,974,1688
00360300,RANGER COLLEGE                          ,TX,76470-3298,Public       ,4,8,12,545,328,873
00360400,RICE UNIVERSITY                         ,TX,77251-1892,Private      ,9,7,16,5290,1633,6923
00360600,SAM HOUSTON STATE UNIVERSITY            ,TX,77340-0000,Public       ,51,85,136,12174,5744,17918
00360700,ALAMO CMTY CLG DISTRICT PROGRAM         ,TX,78207-0000,Public       ,4,8,12,161,276,437
00360800,ST PHILLIPS COLLEGE                     ,TX,78203-2098,Public       ,113,213,326,4120,8801,12921
00360900,SAN JACINTO CLG-CENTRAL-NORTH-SOUTH     ,TX,77501-0000,Public       ,96,225,321,5918,8615,14533
00361000,SCHREINER UNIVERSITY                    ,TX,78028-5697,Private      ,2,3,5,956,468,1424
00361100,SOUTH PLAINS COLLEGE                    ,TX,79336-6504,Public       ,35,81,116,4412,4249,8661
00361200,UNIV OF HOUSTON-DOWNTOWN                ,TX,77002-1001,Public       ,41,140,181,5410,7818,13228
00361300,SOUTHERN METHODIST UNIVERSITY           ,TX,75275-0181,Private      ,22,44,66,5083,4519,9602
00361400,SOUTHWEST TEXAS JR COLLEGE              ,TX,78801-6221,Public       ,47,64,111,2080,2789,4869
00361500,TEXAS STATE UNIVERSITY--SAN MARCOS      ,TX,78666-4602,Public       ,170,132,302,18977,10430,29407
00361600,SOUTHWESTERN ASSEMBLIES OF GOD UNIV     ,TX,75165-2397,Private      ,6,15,21,1099,883,1982
00361700,SOUTHWESTERN BAPTIST THEOL SEMINARY     ,TX,76122-0000,Private      ,1,3,4,29,153,182
00361800,SOUTHWESTERN CHRISTIAN COLLEGE          ,TX,75160-3400,Private      ,4,1,5,203,99,302
00361900,SOUTHWESTERN ADVENTIST UNIVERSITY       ,TX,76059-1922,Private      ,4,5,9,667,467,1134
00362000,SOUTHWESTERN UNIVERSITY                 ,TX,78626-6111,Private      ,4,2,6,1756,138,1894
00362100,ST EDWARDS UNIVERSITY                   ,TX,78704-0000,Private      ,4,28,32,3764,2514,6278
00362300,ST MARY'S UNIV OF SAN ANTONIO           ,TX,78228-8500,Private      ,14,22,36,3312,2673,5985
00362400,STEPHEN F AUSTIN STATE UNIVERSITY       ,TX,75962-0001,Public       ,114,115,229,9637,3971,13608
00362500,SUL ROSS STATE UNIVERSITY               ,TX,79832-0113,Public       ,9,70,79,1408,1869,3277
00362600,TARRANT COUNTY COLLEGE                  ,TX,76102-6599,Public       ,214,456,670,8934,13857,22791
00362700,TEMPLE COLLEGE                          ,TX,76504-7435,Public       ,31,104,135,1550,2772,4322
00362800,TEXARKANA COLLEGE                       ,TX,75599-0001,Public       ,16,44,60,1415,2202,3617
00363000,PRAIRIE VIEW A&M UNIVERSITY             ,TX,77446-2967,Public       ,58,142,200,8285,5164,13449
00363100,TARLETON STATE UNIVERSITY               ,TX,76402-0000,Public       ,39,122,161,5325,4543,9868
00363200,TEXAS A&M UNIVERSITY                    ,TX,77842-0000,Public       ,296,103,399,27574,7321,34895
00363400,TEXAS STATE TECHNICAL CLG AT WACO       ,TX,76705-1695,Public       ,41,131,172,2646,2990,5636
00363500,TEXAS CHIROPRACTIC COLLEGE              ,TX,77505-1699,Private      ,0,5,5,25,456,481
00363600,TEXAS CHRISTIAN UNIVERSITY              ,TX,76129-0001,Private      ,24,16,40,7371,2560,9931
00363700,JARVIS CHRISTIAN COLLEGE                ,TX,75765-1470,Private      ,71,4,75,703,238,941
00363800,TEXAS COLLEGE                           ,TX,75702-4500,Private      ,3,8,11,710,631,1341
00363900,TEXAS A&M UNIVERSITY-KINGSVILLE         ,TX,78363-8203,Public       ,28,68,96,4515,4025,8540
00364100,TEXAS LUTHERAN UNIVERSITY               ,TX,78155-5999,Private      ,2,1,3,1834,238,2072
00364200,TEXAS SOUTHERN UNIVERSITY               ,TX,77004-4598,Public       ,68,109,177,11144,10879,22023
00364300,TEXAS SOUTHMOST COLLEGE                 ,TX,78520-4992,Public       ,4,6,10,241,363,604
00364400,TEXAS TECH UNIVERSITY                   ,TX,79409-0000,Public       ,104,131,235,18125,8395,26520
00364500,TEXAS WESLEYAN UNIVERSITY               ,TX,76105-1536,Private      ,5,32,37,1035,3107,4142
00364600,TEXAS WOMAN'S UNIVERSITY                ,TX,76204-5587,Public       ,21,102,123,4554,8067,12621
00364700,TRINITY UNIVERSITY                      ,TX,78212-7200,Private      ,4,4,8,2875,461,3336
00364800,TYLER JUNIOR COLLEGE                    ,TX,75701-3436,Public       ,53,73,126,4820,4454,9274
00365100,UNIVERSITY OF DALLAS                    ,TX,75062-4799,Private      ,6,16,22,1508,1170,2678
00365200,UNIVERSITY OF HOUSTON                   ,TX,77204-2010,Public       ,175,238,413,23004,18870,41874
00365400,UNIVERSITY OF ST THOMAS                 ,TX,77006-4626,Private      ,7,34,41,1414,1282,2696
00365600,UNIVERSITY OF TEXAS-ARLINGTON           ,TX,76019-0000,Public       ,81,135,216,13985,14206,28191
00365800,UNIVERSITY OF TEXAS-AUSTIN              ,TX,78713-7758,Public       ,96,122,218,34731,16621,51352
00365900,UT HEALTH CENTER-SAN ANTONIO            ,TX,78229-3900,Public       ,3,27,30,537,2818,3355
00366100,UNIVERSITY OF TEXAS-EL PASO             ,TX,79968-0629,Public       ,81,142,223,11288,9714,21002
00366200,VICTORIA COLLEGE (THE)                  ,TX,77901-4494,Public       ,24,45,69,1190,2119,3309
00366300,WAYLAND BAPTIST UNIVERSITY              ,TX,79072-6998,Private      ,7,116,123,1002,2830,3832
00366400,WEATHERFORD COLLEGE                     ,TX,76086-5699,Public       ,22,47,69,1546,1746,3292
00366500,WEST TEXAS A&M UNIVERSITY               ,TX,79016-0000,Public       ,72,94,166,3783,3465,7248
00366800,WHARTON COUNTY JR COLLEGE               ,TX,77488-3298,Public       ,36,57,93,2003,2039,4042
00366900,WILEY COLLEGE                           ,TX,75670-5199,Private      ,4,18,22,605,597,1202
00400300,CENTRAL TEXAS COLLEGE                   ,TX,76540-4199,Public       ,43,338,381,1867,8880,10747
00407221,NORTHWOOD UNIVERSITY                    ,TX,75104-0000,Private      ,6,10,16,667,777,1444
00445300,EL CENTRO COLLEGE                       ,TX,75202-0000,Public       ,43,165,208,2394,5517,7911
00494800,TEXAS A&M UNIV SYSTEM HEALTH SCI CT     ,TX,77840-7896,Public       ,0,2,2,51,427,478
00494801,TEXAS A&M UNIV SYSTEMS-HSC              ,TX,77843-1114,Public       ,2,2,4,153,672,825
00494900,BAYLOR COLLEGE OF MEDICINE              ,TX,77030-0000,Private      ,3,6,9,155,1139,1294
00495100,UNIV OF TEXAS HEALTH SCIENCE CENTER     ,TX,77225-0000,Public       ,2,33,35,300,2497,2797
00495200,UNIV OF TEXAS MEDICAL BRANCH            ,TX,77550-0000,Public       ,5,10,15,304,1871,2175
00497200,GALVESTON COLLEGE                       ,TX,77550-7447,Public       ,22,59,81,852,1454,2306
00497700,SOUTH TEXAS COLLEGE OF LAW              ,TX,77002-0000,Private      ,0,3,3,17,1930,1947
00520307,REMINGTON COLLEGE - DALLAS CAMPUS       ,TX,75041-9935,Proprietary  ,1,5,6,43,105,148
00661200,COVENANT SCH OF NSG & ALLIED HEALTH     ,TX,79410-0000,Private      ,0,1,1,115,260,375
00666100,ANGELINA COLLEGE                        ,TX,75902-0000,Public       ,23,73,96,1839,2825,4664
00694100,DALLAS CHRISTIAN COLLEGE                ,TX,75234-7229,Private      ,1,8,9,233,312,545
00709600,COLLEGE OF THE MAINLAND                 ,TX,77591-2499,Public       ,19,70,89,875,2012,2887
00728700,BRAZOSPORT COLLEGE                      ,TX,77566-3199,Public       ,21,35,56,748,1160,1908
00732907,ITT TECHNICAL INSTITUTE                 ,TX,77063-3751,Proprietary  ,1,5,6,133,233,366
00754805,WESTWOOD COLLEGE OF TECHNOLOGY          ,TX,77074-0000,Proprietary  ,13,12,25,281,468,749
00758602,REMINGTON COLLEGE - FORT WORTH CAMPUS   ,TX,76112-1280,Proprietary  ,21,76,97,327,1111,1438
00835300,LINCOLN COLLEGE OF TECHNOLOGY           ,TX,75052-0000,Proprietary  ,184,167,351,1153,1302,2455
00849800,MIMS CLASSIC BEAUTY COLLEGE             ,TX,78216-0000,Proprietary  ,3,2,5,44,75,119
00850300,MOUNTAIN VIEW COLLEGE                   ,TX,75211-6599,Public       ,57,111,168,2249,3298,5547
00850400,RICHLAND COLLEGE                        ,TX,75243-2199,Public       ,64,146,210,3151,4870,8021
00851000,EASTFIELD COLLEGE                       ,TX,75150-2099,Public       ,34,158,192,2579,4490,7069
00908200,INTERNATIONAL BUSINESS COLLEGE          ,TX,79903-0000,Proprietary  ,6,51,57,202,670,872
00916300,SAN ANTONIO COLLEGE                     ,TX,78212-4299,Public       ,273,365,638,9594,14533,24127
00916302,SAN ANTONIO COLLEGE FT SAM HOUSTON      ,TX,78234-0000,Public       ,0,0,0,44,34,78
00922500,TEXAS STATE TECHNICAL COLLEGE  HARLINGEN,TX,78550-3697,Public       ,60,117,177,3157,3080,6237
00946600,KAPLAN CAREER INSTITUTE                 ,TX,78216-1899,Proprietary  ,63,184,247,437,1395,1832
00946607,SAN ANT COL OF MED & DENTAL - MCALLEN   ,TX,78503-1622,Proprietary  ,75,181,256,520,1209,1729
00946609,CAREER CENTERS OF TX - CORPUS CHRISTI   ,TX,78416-9900,Proprietary  ,34,151,185,204,1045,1249
00946610,KAPLAN CAREER INSTITUTE - CAREER CENTERS,TX,76103-2310,Proprietary  ,25,157,182,183,1050,1233
00954900,WESTERN TEXAS COLLEGE                   ,TX,79549-9501,Public       ,2,6,8,421,289,710
00965100,TEXAS A&M INTERNATIONAL UNIVERSITY      ,TX,78041-1900,Public       ,28,83,111,3352,2762,6114
00974100,UNIVERSITY OF TEXAS AT DALLAS           ,TX,75083-0000,Public       ,38,89,127,6045,6507,12552
00976800,UNIVERSITY OF NORTH TEXAS HEALTH SCIENCE,TX,76107-2699,Public       ,0,5,5,83,1129,1212
00979700,MIDLAND COLLEGE                         ,TX,79705-6397,Public       ,9,30,39,1537,2206,3743
00993000,UNIVERSITY OF TEXAS-PERMIAN BASIN       ,TX,79762-0001,Public       ,7,31,38,1617,2128,3745
00993200,TEXAS STATE TECH CLG-WEST TEXAS         ,TX,79556-4108,Public       ,13,28,41,470,846,1316
00993201,TEXAS STATE TECH COLLEGE-ABILENE        ,TX,79601-0000,Public       ,1,11,12,155,374,529
00993204,TEXAS STATE TECH CLG-BRECKENRIDGE       ,TX,76424-0000,Public       ,2,6,8,51,189,240
00993205,TEXAS STATE TECH COLLEGE-BROWNWOOD      ,TX,76801-0000,Public       ,4,20,24,125,368,493
01001900,UNIV OF TEXAS SOUTHWESTERN MED CTR      ,TX,75390-9096,Public       ,1,3,4,155,1607,1762
01005700,AMERICAN COMMERCIAL COLLEGE             ,TX,79602-1399,Proprietary  ,4,45,49,44,402,446
01005900,AMERICAN COMMERCIAL COLLEGE             ,TX,79761-0000,Proprietary  ,8,24,32,87,401,488
01005901,AMERICAN COMMERCIAL COLLEGE - AMERICAN C,TX,76310-2303,Proprietary  ,1,28,29,68,354,422
01006000,VERNON COLLEGE                          ,TX,76384-4092,Public       ,9,27,36,861,1877,2738
01011500,UNIVERSITY OF TEXAS-SAN ANTONIO         ,TX,78249-0600,Public       ,142,219,361,21774,15093,36867
01013000,WADE COLLEGE                            ,TX,75207-3199,Proprietary  ,15,5,20,212,208,420
01038700,EL PASO COMMUNITY COLLEGE               ,TX,79998-0000,Public       ,204,276,480,11036,13670,24706
01050900,HALLMARK COLLEGE OF AERONAUTICS         ,TX,78214-0000,Proprietary  ,27,96,123,323,983,1306
01062400,CENTRAL TEXAS COMMERCIAL COLLEGE        ,TX,75231-5033,Proprietary  ,18,6,24,87,44,131
01063300,HOUSTON COMMUNITY COLLEGE               ,TX,77002-0000,Public       ,33,85,118,1265,2535,3800
01063303,HOUSTON COMMUNITY COLLEGE - CENTRAL     ,TX,77004-0000,Public       ,63,178,241,2596,6185,8781
01063304,HOUSTON COMMUNITY COLLEGE - RICE AVIATIO,TX,77061-5001,Public       ,59,143,202,1650,3620,5270
01063305,HOUSTON COMMUNITY COLLEGE - NORTHEAST CO,TX,77066-5221,Public       ,58,138,196,1897,3593,5490
01063306,HOUSTON COMMUNITY COLLEGE - CENTRAL COLL,TX,77088-6372,Public       ,33,89,122,1495,2719,4214
01063339,HOUSTON COMMUNITY COLLEGE - STAFFORD    ,TX,77477-0000,Public       ,43,63,106,1394,2019,3413
01063347,HOUSTON COMMUNITY COLLEGE - SOUTHWEST   ,TX,77081-7849,Public       ,52,141,193,3643,6376,10019
01063348,HOUSTON COMMUNITY COLLEGE - COLEMAN     ,TX,77030-0000,Public       ,3,59,62,327,1650,1977
01067400,TEXAS TECH U HEALTH SCIENCES CENTER     ,TX,79430-0000,Public       ,2,16,18,557,2260,2817
01076100,DALLAS INSTITUTE OF FUNERAL SERVICE     ,TX,75227-4314,Private      ,3,16,19,84,253,337
01114500,LONE STAR COLLEGE SYSTEM                ,TX,77073-3499,Public       ,65,150,215,3781,6674,10455
01114501,LONE STAR COLLEGE-KINGWOOD              ,TX,77339-0000,Public       ,18,80,98,1286,2415,3701
01114502,LONE STAR COLLEGE-TOMBALL               ,TX,77375-0000,Public       ,23,38,61,1023,1769,2792
01114503,LONE STAR COLLEGE-MONTGOMERY            ,TX,77384-0000,Public       ,18,76,94,1319,2743,4062
01114504,LONE STAR COLLEGE-CY-FAIR               ,TX,77433-1383,Public       ,21,41,62,1765,2419,4184
01116100,TEXAS A&M UNIV CORPUS CHRISTI           ,TX,78412-5599,Public       ,49,86,135,6773,4138,10911
01116300,UNIVERSITY OF TEXAS AT TYLER            ,TX,75799-6699,Public       ,22,62,84,3601,3709,7310
01171100,UNIVERSITY OF HOUSTON-CLEAR LAKE        ,TX,77058-1002,Public       ,12,135,147,1466,5835,7301
01201500,AUSTIN COMMUNITY COLLEGE                ,TX,78752-4390,Public       ,148,423,571,9446,13447,22893
01202000,VICTORIA BEAUTY COLLEGE                 ,TX,77901-6233,Proprietary  ,3,12,15,46,128,174
01226800,BALDWIN BEAUTY SCHOOL #5                ,TX,78704-4785,Proprietary  ,3,7,10,75,156,231
01229700,LAREDO BEAUTY COLLEGE                   ,TX,78040-1051,Proprietary  ,3,25,28,69,298,367
01248200,ATI TECHNICAL TRAINING CENTER           ,TX,75235-4622,Proprietary  ,23,117,140,386,1482,1868
01248300,COSMETOLOGY CAREER CENTER               ,TX,75006-2566,Proprietary  ,7,7,14,116,247,363
01248800,INTERNATIONAL BEAUTY COLLEGE NO 3       ,TX,75040-0000,Proprietary  ,3,11,14,25,92,117
01276400,METROPLEX BEAUTY SCHOOL                 ,TX,75149-0000,Proprietary  ,6,15,21,31,134,165
01293000,CHARLES & SUE'S SCH OF HAIR DESIGN      ,TX,77801-0000,Proprietary  ,2,5,7,51,97,148
01293100,VELMA B'S BEAUTY ACADEMY                ,TX,75216-1511,Proprietary  ,0,8,8,27,76,103
01293200,TINT SCHOOL OF MAKEUP & COSMETOLOGY     ,TX,75061-4235,Proprietary  ,2,3,5,23,77,100
01298200,BORDER INSTITUTE OF TECHNOLOGY          ,TX,79925-6709,Proprietary  ,3,11,14,51,120,171
01300300,NEILSON BEAUTY COLLEGE                  ,TX,75208-4637,Proprietary  ,2,12,14,24,102,126
01301600,OGLE SCHOOL HAIR SKIN NAILS             ,TX,76013-7400,Proprietary  ,17,12,29,164,193,357
01323100,UNIVERSITY OF HOUSTON-VICTORIA          ,TX,77901-5731,Public       ,5,59,64,322,1825,2147
02058600,CONLEE'S COLLEGE OF COSMETOLOGY         ,TX,78028-0000,Proprietary  ,1,5,6,15,50,65
02074100,CAPITOL CITY TRADE & TECHNICAL SCH      ,TX,78704-0000,Proprietary  ,21,83,104,195,744,939
02077400,NORTH LAKE COLLEGE                      ,TX,75038-0000,Public       ,24,56,80,1431,2514,3945
02078100,STEPHENVILLE BEAUTY COLLEGE             ,TX,76401-0000,Proprietary  ,0,4,4,16,33,49
02081400,ARLINGTON BAPTIST COLLEGE               ,TX,76012-0000,Private      ,1,3,4,102,116,218
02093600,SOUTHWEST SCHOOL OF ELECTRONIC          ,TX,78735-0000,Proprietary  ,0,5,5,35,102,137
02098300,WESTERN TECHNICAL COLLEGE               ,TX,79927-2105,Proprietary  ,77,169,246,816,1220,2036
02100200,BROOKHAVEN COLLEGE                      ,TX,75244-0000,Public       ,27,93,120,1673,3202,4875
02113610,AMERICAN INTERCONTINENTAL UNIV - HOUSTON,TX,77042-4516,Proprietary  ,8,22,30,320,664,984
02116008,SANFORD-BROWN COLLEGE - HOUSTON         ,TX,77036-8507,Proprietary  ,34,100,134,185,938,1123
02116012,SANFORD-BROWN INSTITUTE - HOUSTON NORTH ,TX,77008-1058,Proprietary  ,15,71,86,132,596,728
02117100,ART INSTITUTE OF HOUSTON                ,TX,77056-0000,Proprietary  ,18,25,43,1455,1285,2740
02119200,COURT REPORTING INSTITUTE OF DALLAS     ,TX,75247-6913,Proprietary  ,9,30,39,237,1227,1464
02136800,AMERICAN COMMERCIAL COLLEGE             ,TX,76904-0000,Proprietary  ,4,26,30,48,273,321
02144800,VET TECH INSTITUTE OF HOUSTON           ,TX,77027-9881,Proprietary  ,2,1,3,132,95,227
02176100,PIPO ACADEMY OF HAIR DESIGN             ,TX,79903-0000,Proprietary  ,1,7,8,35,89,124
02188600,AUSTIN BUSINESS COLLEGE                 ,TX,78741-0000,Proprietary  ,1,0,1,121,293,414
02200800,AMERICAN COMMERCIAL COLLEGE             ,TX,79411-0000,Proprietary  ,7,25,32,64,314,378
02218300,SOUTHWEST SCHOOL OF BUSINESS & TECHNICAL,TX,78221-0000,Proprietary  ,8,41,49,98,290,388
02224600,TRI-STATE BEAUTY SCHOOL #1              ,TX,79915-0000,Proprietary  ,7,42,49,132,442,574
02228400,TEXAS AERO TECHNOLOGY                   ,TX,75209-0000,Proprietary  ,0,0,0,0,1,1
02230500,OGLE SCHOOL HAIR SKIN NAILS             ,TX,76132-3638,Proprietary  ,15,22,37,179,269,448
02230600,OGLE SCHOOL HAIR SKIN NAILS             ,TX,76053-4650,Proprietary  ,5,10,15,81,109,190
02239100,CENTRAL TEXAS BEAUTY COLLEGE #2         ,TX,78664-4204,Proprietary  ,5,18,23,52,199,251
02245200,MTI COLLEGE OF BUS. & TECHNOLOGY        ,TX,77036-0000,Proprietary  ,19,62,81,239,852,1091
02248200,MILAN INSTITUTE OF COSMETOLOGY          ,TX,79103-0000,Proprietary  ,31,100,131,223,627,850
02254800,TEXAS VOCATIONAL SCHOOLS                ,TX,77901-0000,Proprietary  ,8,13,21,64,168,232
02259400,AMBERTON UNIVERSITY                     ,TX,75041-0000,Private      ,1,5,6,18,165,183
02261300,EVEREST INSTITUTE                       ,TX,78213-3841,Proprietary  ,112,518,630,989,4316,5305
02261301,NATIONAL INSTITUTE OF TECHNOLOGY        ,TX,77027-0000,Proprietary  ,0,0,0,68,157,225
02267100,EXPOSITO SCHOOL OF HAIR DESIGN          ,TX,79109-0000,Proprietary  ,2,6,8,39,86,125
02276000,FRANKLIN BEAUTY SCHOOL #2               ,TX,77021-0000,Proprietary  ,3,12,15,51,168,219
02285900,UNIVERSITY OF COSMETOLOGY ARTS&SCI      ,TX,78504-0000,Proprietary  ,18,62,80,196,736,932
02294800,CAPITOL CITY CAREERS                    ,TX,78745-0000,Proprietary  ,2,23,25,44,297,341
02305300,PARKER COLLEGE OF CHIROPRACTIC          ,TX,75229-0000,Private      ,0,1,1,54,1269,1323
02306700,FORT WORTH BEAUTY SCHOOL                ,TX,76116-3299,Proprietary  ,5,32,37,41,215,256
02312200,TEXAS SCHOOL OF BUSINESS                ,TX,77073-6032,Proprietary  ,39,105,144,305,907,1212
02312201,TEXAS SCHOOL OF BUSINESS - SOUTHWEST CAM,TX,77057-0000,Proprietary  ,30,123,153,279,951,1230
02312202,TEXAS SCHOOL OF BUSINESS - FRIENDSWOOD C,TX,77546-8938,Proprietary  ,6,54,60,106,679,785
02312203,TEXAS SCHOOL OF BUSINESS - EAST CAMPUS  ,TX,77029-1916,Proprietary  ,24,89,113,171,843,1014
02313901,WESTWOOD COLLEGE - DALLAS               ,TX,75243-0000,Proprietary  ,15,28,43,448,702,1150
02315400,NORTHEAST TEXAS COMMUNITY COLLEGE       ,TX,75456-0000,Public       ,24,38,62,946,1333,2279
02318200,"KD STUDIO, ACTOR'S CONSERVATORY         ",TX,75207-2111,Proprietary  ,6,5,11,100,100,200
02320200,HOUSTON GRADUATE SCHOOL OF THEOLOGY     ,TX,77004-0000,Private      ,0,8,8,4,163,167
02326000,SAN ANTONIO BEAUTY COLLEGE NO 3         ,TX,78217-0000,Proprietary  ,8,27,35,49,182,231
02328600,ITT TECHNICAL INSTITUTE                 ,TX,76011-0000,Proprietary  ,48,95,143,698,1165,1863
02331200,BAPTIST MISSIONARY ASSN THEOL SEM       ,TX,75766-0000,Private      ,0,1,1,4,49,53
02331300,INTERACTIVE LEARNING SYSTEMS            ,TX,77502-1201,Proprietary  ,6,46,52,29,402,431
02331301,INTERACTIVE LEARNING SYSTEMS            ,TX,77081-0000,Proprietary  ,9,60,69,38,445,483
02331303,INTERACTIVE LEARNING SYSTEMS            ,TX,77502-0000,Proprietary  ,2,83,85,34,390,424
02331304,INTERACTIVE LEARNING SYSTEMS            ,TX,77060-0000,Proprietary  ,6,46,52,27,296,323
02341300,PALO ALTO COLLEGE                       ,TX,78224-0000,Public       ,127,161,288,4028,5479,9507
02348500,LAMAR STATE COLLEGE-PORT ARTHUR         ,TX,77640-0000,Public       ,8,30,38,811,1417,2228
02357700,ACADEMY OF HAIR DESIGN                  ,TX,77090-0000,Proprietary  ,0,0,0,26,72,98
02358200,LAMAR STATE COLLEGE-ORANGE              ,TX,77630-0000,Public       ,3,13,16,648,1402,2050
02361400,COLLIN COUNTY COMMUNITY COLLEGE         ,TX,75071-0000,Public       ,60,155,215,3284,4741,8025
02362000,UNIVERSAL TECHNICAL INSTITUTE           ,TX,77073-0000,Proprietary  ,114,86,200,6661,2700,9361
02362800,AUSTIN GRADUATE SCHOOL OF THEOLOGY      ,TX,78752-1333,Private      ,0,0,0,3,43,46
02521200,ARLINGTON CAREER INSTITUTE              ,TX,75050-0000,Proprietary  ,0,5,5,71,431,502
02521800,SEGUIN BEAUTY SCHOOL                    ,TX,78155-0000,Proprietary  ,7,14,21,49,119,168
02527500,HOUSTON TRAINING SCHOOLS                ,TX,77020-0000,Proprietary  ,25,101,126,206,981,1187
02530700,SEBRING CAREER SCHOOLS                  ,TX,77083-1510,Proprietary  ,8,24,32,39,187,226
02538900,INTERNATIONAL BUSINESS COLLEGE          ,TX,79414-3509,Proprietary  ,0,0,0,42,153,195
02539600,ART INSTITUTE OF DALLAS                 ,TX,75231-5993,Proprietary  ,31,20,51,1592,1255,2847
02548800,SOUTH TEXAS VO-TECH INSTITUTE           ,TX,78596-0000,Proprietary  ,47,138,185,251,665,916
02549400,SOUTH TEXAS VO-TECH INSTITUTE           ,TX,78501-0000,Proprietary  ,27,87,114,180,625,805
02555400,UNIV OF TX MD ANDERSON CANCER CTR       ,TX,77030-0000,Public       ,1,3,4,46,173,219
02557400,STAR COLLEGE OF COSMETOLOGY             ,TX,75961-0000,Proprietary  ,0,0,0,22,77,99
02568100,TEXAS BARBER COLLEGES & HAIRSTYLING     ,TX,75208-0000,Proprietary  ,23,73,96,327,1059,1386
02569300,TEXAS CULINARY ACADEMY                  ,TX,78758-3403,Proprietary  ,16,31,47,859,1109,1968
02572000,COMPUTER CAREER CENTER                  ,TX,79925-2021,Proprietary  ,11,80,91,122,590,712
02572100,"CAREER ACADEMY, INC.                    ",TX,75501-0000,Proprietary  ,0,4,4,19,85,104
02572200,INSTITUTE OF COSMETOLOGY & ESTHETICS    ,TX,77036-0000,Proprietary  ,0,0,0,31,61,92
02580100,IVERSON BUSINESS SCH & COURT REPORT     ,TX,76011-1344,Proprietary  ,19,112,131,105,774,879
02591100,CAREER POINT INSTITUTE                  ,TX,78201-2027,Proprietary  ,97,514,611,618,3043,3661
02591900,CAREER CENTERS OF TEXAS - EL PASO       ,TX,79907-1525,Proprietary  ,70,203,273,647,1667,2314
02591905,CAREER CENTERS OF TEXAS-BROWNSVILLE     ,TX,78521-9905,Proprietary  ,43,126,169,362,921,1283
02596400,REDSTONE COLLEGE - LOS ANGELES          ,TX,77061-0000,Proprietary  ,19,34,53,668,605,1273
02596412,WESTWOOD COLLEGE OF AVIATION TECHNOLOGY ,TX,77061-5114,Proprietary  ,0,3,3,127,209,336
02596500,ATI CAREER TRAINING CENTER              ,TX,76180-1599,Proprietary  ,45,119,164,367,967,1334
02596600,ATI-CAREER TRAINING CENTER              ,TX,75220-4443,Proprietary  ,49,199,248,464,1565,2029
02600200,OCEAN CORPORATION (THE)                 ,TX,77099-3479,Proprietary  ,6,13,19,157,585,742
02604700,CENTER FOR ADVANCED LEGAL STUDIES       ,TX,77098-4151,Proprietary  ,1,10,11,33,300,333
02615000,SANFORD-BROWN INSTITUTE                 ,TX,75247-6931,Proprietary  ,41,211,252,429,1733,2162
03009400,SW SCH BUS & TECH CAREERS               ,TX,78212-2840,Proprietary  ,2,4,6,15,33,48
03010000,VANGUARD INSTITUTE OF TECHNOLOGY        ,TX,78539-0000,Proprietary  ,19,155,174,229,1399,1628
03010604,VIRGINIA COLLEGE - VIRGINIA COLLEGE AT A,TX,78723-0000,Proprietary  ,0,0,0,0,1,1
03011800,UNIVERSITY OF COSMETOLOGY ARTS & SCIENCE,TX,78226-1160,Proprietary  ,2,13,15,18,103,121
03019800,PCI HEALTH TRAINING CENTER              ,TX,75247-4720,Proprietary  ,21,70,91,426,1101,1527
03021500,SW SCH BUS & TECH CAREERS               ,TX,78852-4859,Proprietary  ,3,6,9,64,70,134
03023800,AIMS ACADEMY                            ,TX,75050-0000,Proprietary  ,0,1,1,17,60,77
03025000,TEXAS COLLEGE OF COSMETOLOGY            ,TX,79605-2001,Proprietary  ,8,26,34,76,210,286
03026000,DALFORTH AIRCRAFT TECH                  ,TX,75209-3091,Proprietary  ,0,0,0,0,1,1
03026100,POLYTECHNIC INSTITUTE                   ,TX,77022-2914,Proprietary  ,0,0,0,33,154,187
03026500,REMINGTON COLLEGE - HOUSTON CAMPUS      ,TX,77082-1849,Proprietary  ,50,134,184,636,1949,2585
03026501,REMINGTON COLLEGE - NORTH HOUSTON CAMPUS,TX,77067-1849,Proprietary  ,1,3,4,37,93,130
03028800,CIRCLE J BEAUTY SCHOOL                  ,TX,77587-3714,Proprietary  ,7,41,48,31,201,232
03031408,INTERNATIONAL ACADEMY OF DESIGN AND TECH,TX,78229-2263,Proprietary  ,14,33,47,46,76,122
03032300,SCHOOL OF AUTOMOTIVE MACHINISTS         ,TX,77055-1803,Proprietary  ,2,7,9,64,89,153
03035200,TINT SCHOOL OF MAKEUP & COSMETOLOGY     ,TX,75229-3734,Proprietary  ,2,17,19,42,212,254
03035300,SOUTHERN CAREERS INSTITUTE              ,TX,78704-5252,Proprietary  ,63,169,232,503,1474,1977
03035301,SOUTHERN CAREERS INSTITUTE              ,TX,78577-0000,Proprietary  ,38,103,141,325,767,1092
03035302,SOUTHERN CAREERS INSTITUTE - CORPUS CHRI,TX,78414-2904,Proprietary  ,19,56,75,148,597,745
03035303,SOUTHERN CAREERS INSTITUTE - #1         ,TX,78221-4351,Proprietary  ,8,59,67,74,434,508
03035304,SOUTHERN CAREERS INSTITUTE-LAREDO       ,TX,78041-0000,Proprietary  ,6,12,18,64,167,231
03061800,STAR COLLEGE OF COSMETOLOGY             ,TX,75702-8214,Proprietary  ,0,13,13,73,221,294
03064600,UNIVERSITY OF TEXAS AT BROWNSVILLE      ,TX,78520-4993,Public       ,119,166,285,6630,7364,13994
03071400,ITT TECHNICAL INSTITUTE                 ,TX,78249-3303,Proprietary  ,35,58,93,557,791,1348
03075400,ICC TECHNICAL INSTITUTE                 ,TX,77004-2930,Private      ,2,18,20,22,97,119
03079201,WESTWOOD COLLEGE OF TECHNOLOGY          ,TX,76180-0000,Proprietary  ,2,5,7,298,485,783
03091200,CAREERS UNLIMITED                       ,TX,75702-7110,Proprietary  ,3,4,7,37,117,154
03103400,SOUTH TEXAS COLLEGE                     ,TX,78501-6699,Public       ,176,349,525,8932,10328,19260
03104700,TEXAS COLLEGE OF COSMETOLOGY            ,TX,76903-4708,Proprietary  ,8,26,34,76,199,275
03105900,CAREERS UNLIMITED                       ,TX,77055-4002,Proprietary  ,0,0,0,58,545,603
03108700,ROYAL BEAUTY CAREERS                    ,TX,77069-4611,Proprietary  ,11,63,74,102,423,525
03111000,MID-CITIES BARBER COLLEGE               ,TX,75051-4810,Proprietary  ,3,5,8,31,111,142
03115800,TEXAS CAREERS                           ,TX,78238-4203,Proprietary  ,49,258,307,358,1865,2223
03115802,TEXAS CAREERS - LAREDO                  ,TX,78041-6181,Proprietary  ,37,76,113,210,458,668
03115803,TEXAS CAREERS - BEAUMONT                ,TX,77701-3706,Proprietary  ,26,81,107,188,689,877
03115804,TEXAS CAREERS - LUBBOCK                 ,TX,79401-2601,Proprietary  ,18,129,147,175,938,1113
03128100,ACADEMY OF HEALTH CARE PROFESSIONS      ,TX,77092-8108,Proprietary  ,32,131,163,334,1234,1568
03144300,NATIONAL BEAUTY COLLEGE                 ,TX,75043-4046,Proprietary  ,2,7,9,19,101,120
03153300,AMER COLL OF ACUPUNCTURE & O.M.         ,TX,77063-4104,Proprietary  ,0,2,2,1,105,106
03156400,ACADEMY OF ORIENTAL MEDICINE AT AUSTIN  ,TX,78757-1132,Proprietary  ,0,0,0,7,234,241
03159300,ARLINGTON MEDICAL INSTITUTE             ,TX,76011-2645,Proprietary  ,2,4,6,37,134,171
03170300,TEXAS A&M UNIVERSITY-TEXARKANA          ,TX,75501-0000,Public       ,1,48,49,323,1171,1494
03179500,TEXAS COLG TRADITIONAL CHINESE MED      ,TX,78704-6748,Proprietary  ,0,4,4,5,105,110
03189400,COLLEGE OF SAINT THOMAS MORE            ,TX,76109-2323,Private      ,0,0,0,12,25,37
03237400,FARIS COMPUTER SCHOOL                   ,TX,77627-3829,Proprietary  ,1,10,11,2,68,70
03272300,SOUTHEASTERN CAREER INSTITUTE           ,TX,75234-7288,Proprietary  ,3,52,55,110,443,553
03272301,SOUTHEASTERN CAREER INSTITUTE - MIDLAND ,TX,79703-5531,Proprietary  ,15,62,77,121,459,580
03275300,TOUCH OF CLASS SCHOOL OF COSM           ,TX,75402-6314,Proprietary  ,6,17,23,46,135,181
03276300,ACADEMY OF HAIR DESIGN                  ,TX,75901-4900,Proprietary  ,4,23,27,38,174,212
03277300,ACADEMY OF HAIR DESIGN                  ,TX,77701-4650,Proprietary  ,4,15,19,34,107,141
03303300,NORTHWEST EDUCATIONAL CENTER            ,TX,77092-7055,Proprietary  ,4,71,75,36,513,549
03341300,SOUTHWESTERN PROFESSIONAL INSTITUTE     ,TX,77056-6239,Proprietary  ,0,0,0,16,105,121
03371300,TONI&GUY HAIRDRESSING ACADEMY           ,TX,75006-2351,Proprietary  ,4,1,5,89,97,186
03372300,NORTHWEST VISTA COLLEGE                 ,TX,78251-4217,Public       ,71,132,203,4064,5015,9079
03396500,TEXAS STATE TECHNICAL COLG/MARSHALL     ,TX,75672-7402,Public       ,8,17,25,331,368,699
03400300,CAREER QUEST                            ,TX,78229-3539,Proprietary  ,6,40,46,51,373,424
03412300,ADVANCED BARBER COLLEGE & HAIR DESI     ,TX,78596-0000,Proprietary  ,7,9,16,33,132,165
03416500,DALLAS NURSING INSTITUTE                ,TX,75243-5502,Proprietary  ,3,28,31,69,512,581
03422300,MILAN INSTITUTE                         ,TX,78238-3327,Proprietary  ,28,81,109,337,651,988
03422400,COLLEGE OF BIBLICAL STUDIES-HOUSTON     ,TX,77036-3211,Private      ,1,36,37,56,691,747
03424400,MEDVANCE INSTITUTE                      ,TX,77057-7386,Proprietary  ,19,87,106,172,731,903
03426300,CAREER ADVANCEMENT CENTER               ,TX,78752-1470,Proprietary  ,7,38,45,76,301,377
03486300,SYLVIA'S INTERNATIONAL SCHOOL OF BE     ,TX,77091-3203,Proprietary  ,0,6,6,7,59,66
03509400,CORYELL COSMETOLOGY COLLEGE             ,TX,76528-2036,Proprietary  ,0,5,5,6,34,40
03520300,LUBBOCK HAIR ACADEMY                    ,TX,79410-3524,Proprietary  ,1,6,7,22,91,113
03541300,BEHOLD! BEAUTY ACADEMY                  ,TX,77016-3725,Proprietary  ,0,12,12,14,61,75
03542300,CONCORDE CAREER INSTITUTE               ,TX,76011-4016,Proprietary  ,8,100,108,229,1438,1667
03551400,STATE BEAUTY ACADEMY                    ,TX,75116-3501,Proprietary  ,0,1,1,32,65,97
03556400,KUSSAD INSTITUTE OF COURT REPORTING     ,TX,78704-5712,Proprietary  ,0,0,0,7,25,32
03563300,ACADEMY OF COSEMTOLOGY                  ,TX,78745-2858,Proprietary  ,4,13,17,22,67,89
03573300,AVIATION INSTITUTE OF MAINTENANCE       ,TX,75209-3017,Proprietary  ,13,61,74,100,388,488
03610300,MJ'S BEAUTY ACADEMY INC                 ,TX,75224-4409,Proprietary  ,1,6,7,28,77,105
03612400,VALLEY GRANDE INSTITUTE FOR ACADEMI     ,TX,78596-0000,Private      ,3,20,23,166,648,814
03627300,LAMAR INSTITUTE OF TECHNOLOGY           ,TX,77705-4142,Public       ,13,38,51,1085,1856,2941
03676400,HEALTHY HAIR ACADEMY                    ,TX,75227-0000,Proprietary  ,3,12,15,27,98,125
03680300,JAY'S TECHNICAL INSTITUTE               ,TX,77031-3509,Proprietary  ,10,39,49,23,158,181
03682400,DALLAS BARBER & STYLIST COLLEGE         ,TX,75231-0000,Proprietary  ,0,30,30,64,241,305
03714300,TREND BARBER COLLEGE                    ,TX,77071-2104,Proprietary  ,6,15,21,50,174,224
03723300,CULINARY INST ALAIN & MARIE LENOTRE     ,TX,77022-4322,Proprietary  ,2,8,10,54,197,251
03727600,CULINARY ACADEMY OF AUSTIN              ,TX,78752-0000,Proprietary  ,0,1,1,74,121,195
03731300,INTERNATIONAL RENOWNED BEAUTY ACADE     ,TX,76103-2504,Proprietary  ,0,0,0,10,36,46
03733300,BAPTIST UNIVERSITY OF THE AMERICAS      ,TX,78224-1336,Private      ,1,5,6,37,169,206
03756300,ANAMARC EDUCATIONAL INSTITUTE           ,TX,79930-6230,Proprietary  ,18,76,94,105,654,759
03885400,COMPUTER LABS                           ,TX,79906-5924,Proprietary  ,0,0,0,2,4,6
03885700,HOUSTON'S TRAINING AND EDUCATION CENTER ,TX,77036-2021,Proprietary  ,4,37,41,34,202,236
03922300,SOUTH TEXAS BARBER COLLEGE              ,TX,78415-3463,Proprietary  ,1,3,4,10,68,78
03926300,AMESED                                  ,TX,75081-0000,Proprietary  ,2,6,8,12,61,73
03944400,PROFESSIONAL CAREERS INSTITUTE          ,TX,77036-2252,Proprietary  ,4,26,30,13,111,124
03984300,ALLIED CAREER CENTER                    ,TX,75007-0000,Proprietary  ,1,9,10,9,86,95
03987300,TEXAS HEALTH SCHOOL                     ,TX,77079-2106,Proprietary  ,3,18,21,38,169,207
04036300,SOUTHEAST TEXAS CAREER INSTITUTE        ,TX,77656-8601,Proprietary  ,1,2,3,18,44,62
04045300,NORTHWEST BEAUTY SCHOOL                 ,TX,77091-1208,Proprietary  ,1,0,1,20,73,93
04045400,MAI-TRIX BEAUTY COLLEGE                 ,TX,77040-0000,Proprietary  ,1,14,15,19,84,103
04089400,CCI TRAINING CENTER                     ,TX,76011-4857,Proprietary  ,2,49,51,18,164,182
04117900,CHAMPION BEAUTY COLLEGE                 ,TX,77069-4611,Proprietary  ,4,14,18,4,17,21
00367000,BRIGHAM YOUNG UNIVERSITY                ,UT,84602-8406,Private      ,220,366,586,9490,12502,21992
00367100,DIXIE STATE COLLEGE OF UTAH             ,UT,84770-3876,Public       ,21,55,76,2041,2006,4047
00367200,LDS BUSINESS COLLEGE                    ,UT,84101-3500,Private      ,9,16,25,510,455,965
00367400,STEVENS HENAGER COLLEGE                 ,UT,84401-1420,Proprietary  ,45,249,294,562,2402,2964
00367500,UNIVERSITY OF UTAH                      ,UT,84112-9055,Public       ,69,222,291,7649,13732,21381
00367600,COLLEGE OF EASTERN UTAH                 ,UT,84501-2699,Public       ,11,37,48,615,726,1341
00367700,UTAH STATE UNIVERSITY                   ,UT,84322-1400,Public       ,59,197,256,5553,8196,13749
00367800,SOUTHERN UTAH UNIVERSITY                ,UT,84720-2470,Public       ,14,67,81,2787,2738,5525
00367900,SNOW COLLEGE                            ,UT,84627-1299,Public       ,16,9,25,1649,676,2325
00368000,WEBER STATE UNIVERSITY                  ,UT,84408-1136,Public       ,43,167,210,3863,9021,12884
00368100,WESTMINSTER COLLEGE                     ,UT,84105-3697,Private      ,5,41,46,1511,1405,2916
00402700,UTAH VALLEY UNIVERSITY                  ,UT,84058-5999,Public       ,102,307,409,5273,11099,16372
00522000,SALT LAKE COMMUNITY COLLEGE             ,UT,84123-0000,Public       ,115,364,479,4843,10814,15657
00943300,SHERMAN KENDALL'S ACADEMY OF BEAUTY     ,UT,84106-1836,Proprietary  ,0,3,3,22,39,61
01009800,NEUMONT UNIVERSITY                      ,UT,84095-0000,Proprietary  ,3,6,9,241,313,554
01116500,UINTAH BASIN APPLIED TECHNOLOGY CLG     ,UT,84066-0000,Public       ,0,2,2,11,69,80
01116600,UTAH CAREER COLLEGE                     ,UT,84088-4021,Proprietary  ,19,41,60,292,908,1200
02078800,SHERMAN KENDALL'S ACADEMY OF BEAUTY     ,UT,84047-0000,Proprietary  ,0,2,2,13,29,42
02115400,BRIDGERLAND APPLIED TECHNOLOGY COLLEGE  ,UT,84321-0000,Public       ,5,30,35,124,443,567
02156600,DAVIS APPLIED TECHNOLOGY COLLEGE        ,UT,84037-0000,Public       ,7,26,33,183,737,920
02178500,EAGLE GATE COLLEGE                      ,UT,84123-0000,Proprietary  ,18,88,106,315,1264,1579
02270800,AMERITECH COLLEGE                       ,UT,84604-6927,Proprietary  ,2,13,15,93,323,416
02298500,EVEREST COLLEGE                         ,UT,84119-2668,Proprietary  ,18,143,161,264,1414,1678
02346500,OGDEN-WEBER APPLIED TECHNOLOGY COLG     ,UT,84404-0000,Public       ,5,22,27,168,938,1106
02360800,PROVO COLLEGE                           ,UT,84601-0000,Proprietary  ,7,38,45,241,793,1034
02361000,ITT TECHNICAL INSTITUTE                 ,UT,84123-0000,Proprietary  ,12,43,55,296,823,1119
02504000,MARINELLO SCHOOL OF BEAUTY              ,UT,84041-0000,Proprietary  ,3,3,6,53,127,180
02516100,MARINELLO SCHOOL OF BEAUTY              ,UT,84405-1501,Proprietary  ,5,13,18,45,74,119
02531800,VON CURTIS ACADEMY OF HAIR DESIGN       ,UT,84606-0000,Proprietary  ,59,69,128,784,657,1441
02556800,HAIRITAGE COLLEGE OF BEAUTY             ,UT,84117-7204,Proprietary  ,8,5,13,124,93,217
02557700,PREMIER HAIR ACADEMY                    ,UT,84120-3603,Proprietary  ,0,2,2,7,29,36
02572700,EVANS HAIRSTYLING COLLEGE               ,UT,84770-0000,Proprietary  ,2,0,2,25,17,42
02572800,VISTA COLLEGE                           ,UT,84015-0000,Proprietary  ,2,9,11,23,119,142
02572801,CERTIFIED CAREERS INSTITUTE             ,UT,84015-0000,Proprietary  ,0,5,5,22,128,150
02573100,EVANS HAIRSTYLING COLLEGE               ,UT,84720-0000,Proprietary  ,3,0,3,39,25,64
02612200,MARINELLO SCHOOL OF BEAUTY              ,UT,84604-1585,Proprietary  ,4,9,13,125,106,231
03030600,UTAH COLLEGE OF MASSAGE THERAPY         ,UT,84111-1606,Proprietary  ,22,37,59,504,709,1213
03030601,UTAH CLG OF MASSAGE THER-PROVO CMPS     ,UT,84042-0000,Proprietary  ,5,15,20,153,263,416
03082100,MYOTHERAPY COLLEGE OF UTAH              ,UT,84115-2522,Proprietary  ,0,11,11,23,77,100
03108200,ECHELON EDGE ACADEMY OF HAIR SKIN & NAIL,UT,84070-2004,Proprietary  ,5,16,21,34,69,103
03110400,HAIRITAGE HAIR ACADEMY                  ,UT,84770-5233,Proprietary  ,2,1,3,27,37,64
03339400,WESTERN GOVERNORS UNIVERSITY            ,UT,84107-2533,Private      ,21,667,688,226,9408,9634
03413300,MOUNTAINLAND APPLIED TECHNOLOGY COLLEGE ,UT,84058-5857,Public       ,0,4,4,31,74,105
03463300,CAREERS UNLIMITED                       ,UT,84058-0000,Proprietary  ,1,2,3,18,22,40
03617300,HEALING MOUNTAIN MASSAGE SCHOOL         ,UT,84111-3232,Proprietary  ,2,0,2,13,47,60
03829500,SKINWORKS SCHOOL OF ADVANCED SKINCARE   ,UT,84115-0000,Proprietary  ,0,4,4,18,50,68
03838300,OGDEN INSTITUTE OF MASSAGE THERAPY      ,UT,84403-0000,Proprietary  ,0,0,0,19,57,76
03902300,RENAISSANCE SCHOOL OF THERAPEUTIC MASSAG,UT,84010-2835,Proprietary  ,1,2,3,2,19,21
03909300,MAXIMUM STYLE TEC SCHOOL OF COSMETOLOGY ,UT,84323-4679,Proprietary  ,3,1,4,15,26,41
03921300,CAMEO COLLEGE OF ESSENTIAL BEAUTY       ,UT,84115-0000,Proprietary  ,8,8,16,100,201,301
04054300,SOUTHWEST APPLIED TECHNOLOGY COLLEGE    ,UT,84720-6608,Public       ,0,1,1,1,9,10
04118100,IMAGEWORKS ACADEMY OF HAIR DESIGN       ,UT,84660-1210,Proprietary  ,2,2,4,2,2,4
00368200,BENNINGTON COLLEGE                      ,VT,05201-6001,Private      ,1,2,3,782,217,999
00368300,CASTLETON STATE COLLEGE                 ,VT,05735-0000,Public       ,2,5,7,2402,445,2847
00368400,CHAMPLAIN COLLEGE                       ,VT,05401-3950,Private      ,2,14,16,2451,743,3194
00368402,WOODBURY COLLEGE                        ,VT,05602-0000,Private      ,0,3,3,12,174,186
00368500,COLLEGE OF ST JOSEPH                    ,VT,05701-3899,Private      ,0,2,2,201,274,475
00368600,GODDARD COLLEGE                         ,VT,05667-0000,Private      ,0,5,5,62,796,858
00368700,GREEN MOUNTAIN COLLEGE                  ,VT,05764-1199,Private      ,2,0,2,983,103,1086
00368800,JOHNSON STATE COLLEGE                   ,VT,05656-9898,Public       ,0,2,2,1269,933,2202
00368900,LYNDON STATE COLLEGE                    ,VT,05851-0919,Public       ,1,0,1,1417,342,1759
00369000,MARLBORO COLLEGE                        ,VT,05344-0300,Private      ,1,4,5,446,86,532
00369100,MIDDLEBURY COLLEGE                      ,VT,05753-0000,Private      ,3,5,8,2685,983,3668
00369200,NORWICH UNIVERSITY                      ,VT,05663-1035,Private      ,2,35,37,2391,1881,4272
00369300,SOUTHERN VERMONT COLLEGE                ,VT,05201-6002,Private      ,0,2,2,453,156,609
00369400,ST MICHAELS COLLEGE                     ,VT,05439-0001,Private      ,1,8,9,2829,225,3054
00369600,UNIVERSITY OF VERMONT                   ,VT,05405-0160,Public       ,14,35,49,12338,2673,15011
00369800,VERMONT TECHNICAL COLLEGE               ,VT,05061-0000,Public       ,2,1,3,970,581,1551
00857500,SALON PROFESSIONAL ACADEMY (THE)        ,VT,05495-4001,Proprietary  ,1,4,5,72,61,133
00865800,O'BRIENS AVEDA INSTITUTE                ,VT,05403-7747,Proprietary  ,0,4,4,25,40,65
00886000,SIT                                     ,VT,05301-4801,Private      ,0,4,4,21,532,553
01116700,COMMUNITY COLLEGE OF VERMONT            ,VT,05676-1552,Public       ,6,18,24,1438,3531,4969
01193400,VERMONT LAW SCHOOL                      ,VT,05068-0000,Private      ,0,2,2,1,979,980
01218300,BURLINGTON COLLEGE                      ,VT,05401-8477,Private      ,0,1,1,88,159,247
02143500,STERLING COLLEGE                        ,VT,05827-0000,Private      ,1,0,1,118,26,144
02207000,NEW ENGLAND SCHOOL OF RADIOLOGIC TE     ,VT,05701-0000,Private      ,0,0,0,1,1,2
02254000,NEW ENGLAND CULINARY INSTITUTE          ,VT,05602-0000,Proprietary  ,4,8,12,547,298,845
02532600,LANDMARK COLLEGE                        ,VT,05346-0000,Private      ,4,1,5,330,54,384
03708300,BURLINGTON TECHNICAL CENTER             ,VT,05401-2721,Public       ,0,0,0,17,9,26
00392800,CASPER COLLEGE                          ,WY,82601-4612,Public       ,11,28,39,1076,1238,2314
00392900,EASTERN WYOMING COLLEGE                 ,WY,82240-1603,Public       ,0,1,1,288,280,568
00393000,SHERIDAN COLLEGE                        ,WY,82801-9133,Public       ,0,8,8,593,750,1343
00393100,NORTHWEST COLLEGE                       ,WY,82435-1895,Public       ,3,10,13,831,578,1409
00393200,UNIVERSITY OF WYOMING                   ,WY,82071-3663,Public       ,15,55,70,5776,4017,9793
00393300,WESTERN WYOMING COMMUNITY COLLEGE       ,WY,82902-0000,Public       ,3,5,8,646,715,1361
00728900,CENTRAL WYOMING COLLEGE                 ,WY,82501-0000,Public       ,3,26,29,379,676,1055
00915700,WYOMING TECHNICAL INSTITUTE             ,WY,82072-9519,Proprietary  ,33,30,63,5296,1787,7083
00925900,LARAMIE COUNTY COMMUNITY CLG            ,WY,82007-3299,Public       ,8,31,39,893,1480,2373
02211900,CHEEKS INTERNATIONAL ACDMY              ,WY,82001-0000,Proprietary  ,5,10,15,51,149,200
03291300,BUSINESS SKILLS INSTITUTE A DEPARTMENT O,WY,82930-0000,Public       ,0,2,2,8,25,33
00393500,UNIV OF GUAM                            ,GU,96923-0000,Public       ,33,83,116,1609,1384,2993
01536100,GUAM COMMUNITY COLLEGE                  ,GU,96921-0000,Public       ,11,9,20,784,1118,1902
03438300,PACIFIC ISLANDS BIBLE COLLEGE           ,GU,96913-2619,Private      ,3,5,8,151,88,239
00393600,PONTIFICAL CATHOLIC UNIV OF PR          ,PR,00717-0777,Private      ,21,24,45,5368,4922,10290
00393700,UNIVERSITY OF THE SACRED HEART          ,PR,00914-0383,Private      ,12,32,44,3121,1913,5034
00393800,INTER-AMER UNIV PR-CNTRL ADMN           ,PR,00936-0000,Private      ,5,45,50,2594,4980,7574
00393801,INTER-AMER UNIV PR SCHL LAW             ,PR,00936-8351,Private      ,0,0,0,0,326,326
00393802,INTER AMERICAN UNIVERSITY OF PUERTO RICO,PR,00926-0000,Private      ,2,12,14,1227,1844,3071
00393803,INTER AMERICAN UNIVERSITY OF PR         ,PR,00683-0000,Private      ,9,14,23,3961,2387,6348
00393804,INTER-AMER UNIV PR-RECINTO AGUADILA     ,PR,00605-2000,Private      ,4,16,20,2800,2406,5206
00393805,INTER-AMER UNIV PR-ARECIBO CAMPUS       ,PR,00614-4050,Private      ,6,10,16,3257,2445,5702
00393806,INTER-AMER UNIV PR-BARRANQUITAS REG     ,PR,00794-0517,Private      ,88,14,102,1666,1169,2835
00393807,INTER-AMER UNIV PR-FAJARDO REGIONAL     ,PR,00738-0000,Private      ,1,7,8,1338,1308,2646
00393808,INTER-AMER UNIV PR - GUAYAMA CAMPUS     ,PR,00785-4004,Private      ,14,24,38,1198,1577,2775
00393809,INTER-AMER UNIV PR-PONCE REGIONAL       ,PR,00715-0000,Private      ,18,12,30,3493,3048,6541
00393810,INTER-AMER UNIV PR - SCH OF OPTOMETRY   ,PR,00918-0000,Private      ,0,1,1,2,51,53
00393811,INTER-AMER UNIV PR-BAYAMON REG CLG      ,PR,00959-0000,Private      ,7,6,13,4259,1882,6141
00394100,COLEGIO UNIVERSITARIO DEL ESTE          ,PR,00983-0000,Private      ,28,190,218,5023,8222,13245
00394200,UNIVERSITY OF PR-CENTRAL ADMINISTRATION ,PR,00936-4984,Public       ,0,2,2,710,325,1035
00394201,UNIVERSITY OF PR-RIO PIEDRAS CAMPUS     ,PR,00931-3300,Public       ,17,10,27,8989,2690,11679
00394202,UNIV OF PUERTO RICO-MAYAGUEZ CAMPUS     ,PR,00681-5000,Public       ,15,3,18,8395,1496,9891
00394203,"UNIVERSITY OF PR, MED. SCIENCES CAMPUS  ",PR,00936-5067,Public       ,0,6,6,311,1188,1499
00394204,"UNIVERSITY OF PUERTO RICO, CAYEY CAMPUS ",PR,00736-0000,Public       ,5,2,7,2880,618,3498
00394205,"UNIVERSITY OF PR, HUMACAO CAMPUS        ",PR,00791-4057,Public       ,3,1,4,3174,581,3755
00394206,UNIVERSITY OF PR-AGUADILLA CAMPUS       ,PR,00604-6150,Public       ,3,2,5,2713,509,3222
00394207,UNIVERSITY OF PUERTO RICO-ARECIBO CAMPUS,PR,00614-0000,Public       ,4,2,6,3823,586,4409
00394208,UNIVERSITY OF PUERTO RICO-BAYAMON CAMPUS,PR,00959-0000,Public       ,7,3,10,3542,468,4010
00394209,UNIVERSITY OF PUERTO RICO-CAROLINA      ,PR,00984-4800,Public       ,22,5,27,2971,487,3458
00394210,UNIVERSITY OF PUERTO RICO-PONCE         ,PR,00732-0000,Public       ,8,2,10,3189,452,3641
00394211,"UNIVERSITY OF PR, UTUADO CAMPUS         ",PR,00641-0000,Public       ,1,1,2,1309,298,1607
00501900,UNIV ADVENTISTA DE LAS ANTILLAS         ,PR,00681-0118,Private      ,5,12,17,536,347,883
00502200,BAYAMON CENTRAL UNIVERSITY              ,PR,00960-0000,Private      ,1,24,25,1211,1576,2787
00890200,COLUMBIA CENTRO UNIVERSITARIO           ,PR,00726-0000,Proprietary  ,19,81,100,529,1248,1777
01056700,COLEGIO TECNOLOGICO DE SAN JUAN         ,PR,00918-2973,Public       ,4,7,11,347,493,840
01072400,CARLOS ALBIZU UNIVERSITY                ,PR,00902-3711,Private      ,1,6,7,90,716,806
01081900,CONSERVATORIO DE MUSICA DE PUERTO RICO  ,PR,00907-3373,Public       ,0,0,0,235,67,302
01120300,RYDER MEMORIAL HOSP SCH OF NURSING      ,PR,00792-0000,Private      ,0,0,0,11,11,22
01171900,UNIVERSIDAD DEL TURABO                  ,PR,00778-0000,Private      ,24,194,218,6735,10717,17452
01194000,ICPR JUNIOR COLLEGE                     ,PR,00919-0000,Proprietary  ,81,158,239,895,1196,2091
01194100,AMERICAN UNIVERSITY OF PUERTO RICO      ,PR,00960-2037,Private      ,55,29,84,965,944,1909
01194101,AMERICAN UNIVERSITY OF PUERTO RICO      ,PR,00674-0000,Private      ,70,24,94,996,908,1904
01252500,CARIBBEAN UNIVERSITY                    ,PR,00960-0493,Private      ,60,124,184,1893,3375,5268
01314800,RAMIREZ COLLEGE OF BUS & TECH           ,PR,00918-0000,Proprietary  ,22,73,95,294,545,839
02063100,MBTI BUSINESS TRNG INSTITUTE            ,PR,00907-3917,Proprietary  ,8,13,21,478,669,1147
02097000,"COLEGIO TECNICO METROPOLITANO, INC.     ",PR,00920-0000,Proprietary  ,0,0,0,105,244,349
02100000,POLYTECHNIC UNIVERSITY OF PR            ,PR,00917-0000,Private      ,13,14,27,3004,2104,5108
02163300,UNIVERSIDAD CENTRAL DEL CARIBE          ,PR,00960-0000,Private      ,0,3,3,80,366,446
02165100,EDP COLLEGE OF PUERTO RICO              ,PR,00919-0000,Private      ,88,73,161,680,1462,2142
02166400,INSTITUTO DE BANCA Y COMERCIO           ,PR,00925-0000,Proprietary  ,173,213,386,8295,10412,18707
02170300,INST EDUC TECNIA OCUP LA REINA          ,PR,00674-0000,Proprietary  ,11,11,22,307,375,682
02170301,INST EDUC TECNICA OCUPLA LA REINA       ,PR,00603-0000,Proprietary  ,0,0,0,12,2,14
02189100,CENTRO DE ESTUDIOS MULTIDISCIPLIN       ,PR,00926-0000,Private      ,25,74,99,890,1534,2424
02189300,EMMA'S BEAUTY ACADEMY                   ,PR,00680-0000,Proprietary  ,19,39,58,260,297,557
02195400,MODERN HAIRSTYLING INSTITUTE            ,PR,00960-0000,Proprietary  ,15,35,50,491,615,1106
02195500,MODERN HAIRSTYLING INSTITUTE            ,PR,00612-0000,Proprietary  ,0,0,0,1,1,2
02195800,LICEO E ARTE Y TECNOLGIA                ,PR,00919-0000,Private      ,26,49,75,846,659,1505
02195900,MODERN HAIRSTYLING INSTITUTE            ,PR,00980-0000,Proprietary  ,0,0,0,6,1,7
02234900,ANTILLES SCHOOL OF TECH CAREERS         ,PR,00909-0000,Proprietary  ,8,19,27,144,286,430
02241901,COMMONWEALTH OF PR DEPT OF EDUC - CARLOS,PR,00986-0000,Public       ,0,0,0,19,48,67
02241902,COMMONWEALTH OF PR DEPT OF EDUC - TOMAS ,PR,00613-0000,Public       ,0,0,0,19,25,44
02241904,COMMONWEALTH OF PR DEPT OF EDUC - ITPR R,PR,00655-0000,Public       ,0,0,0,505,229,734
02241905,COMMONWEALTH OF PR DEPT OF EDUC - JOSE A,PR,00674-0000,Public       ,2,0,2,727,195,922
02241907,COMMONWEALTH OF PR DEPT OF EDUC - ITPR R,PR,00928-0000,Public       ,0,0,0,443,177,620
02241908,COMMONWEALTH OF PR DEPT OF EDUC - ITPR R,PR,00732-0000,Public       ,0,0,0,644,243,887
02241909,COMMONWEALTH OF PR DEPT OF EDUC - TROQUE,PR,00959-0000,Public       ,0,0,0,11,2,13
02260600,NATIONAL COLLEGE OF BUSINESS & TECH     ,PR,00960-2036,Proprietary  ,16,29,45,2973,3772,6745
02260601,NATIONAL COLLEGE OF BUSINESS & TECHNOLOG,PR,00612-0000,Proprietary  ,0,0,0,22,11,33
02260602,NATIONAL COLLEGE OF BUSINESS & TECHNOLOG,PR,00745-9903,Proprietary  ,0,0,0,10,11,21
02260800,HUERTAS JUNIOR COLLEGE                  ,PR,00726-0000,Proprietary  ,40,119,159,964,1183,2147
02276400,INTERNATIONAL JUNIOR COLLEGE            ,PR,00910-0000,Proprietary  ,0,0,0,55,104,159
02276402,INTERNATIONAL JUNIOR COLLEGE            ,PR,00791-0000,Proprietary  ,0,0,0,8,7,15
02276403,INTERNATIONAL JUNIOR COLLEGE            ,PR,00733-0000,Proprietary  ,0,0,0,6,2,8
02297700,AUTOMECA TECHNICAL COLLEGE              ,PR,00957-0000,Proprietary  ,0,2,2,1068,708,1776
02303800,AMERICAN EDUCATIONAL COLLEGE            ,PR,00961-0000,Proprietary  ,39,77,116,580,770,1350
02335500,COLEGIO BIBLICO PENTECOSTAL DE PR       ,PR,00978-0000,Private      ,0,0,0,19,120,139
02340600,HUMACAO COMMUNITY COLLEGE               ,PR,00792-0000,Private      ,22,42,64,265,388,653
02343600,INSTITUTE OF BEAUTY CAREERS             ,PR,00613-0000,Proprietary  ,17,21,38,406,694,1100
02482400,PONCE SCHOOL OF MEDICINE                ,PR,00716-2347,Private      ,0,1,1,6,541,547
02502400,SERBIA'S SCHOOL OF BEAUTY CULTURE       ,PR,00785-0000,Proprietary  ,21,34,55,217,368,585
02504500,INSTITUCION CHAVIANO DE MAYAGUEZ        ,PR,00708-0000,Proprietary  ,1,6,7,27,129,156
02505400,ATLANTIC COLLEGE                        ,PR,00970-0000,Private      ,14,9,23,720,425,1145
02512100,INSTITUTO IRMA VALENTIN - UTUADO        ,PR,00641-0000,Proprietary  ,0,0,0,18,115,133
02534900,PONCE PARAMEDICAL COLLEGE (POPAC)       ,PR,00731-0000,Proprietary  ,73,96,169,1900,1703,3603
02549700,ACADEMIA MAISON D'ESTHETIQUE            ,PR,00907-0000,Proprietary  ,13,43,56,121,245,366
02552300,COLEGIO MAYOR DE TECHNOLOGIA            ,PR,00714-0000,Proprietary  ,17,22,39,278,447,725
02562500,INTERNATIONAL TECHNICAL COLLEGE         ,PR,00918-0000,Proprietary  ,7,17,24,105,144,249
02563500,ROGIES SCHOOL OF BEAUTY CULTURE         ,PR,00910-0000,Proprietary  ,19,22,41,215,271,486
02566800,PUERTO RICO TECH JUNIOR COLLEGE         ,PR,00917-0000,Proprietary  ,1,3,4,70,76,146
02569400,ESCUELA DE ARTES PLASTICAS              ,PR,00902-1112,Public       ,0,0,0,276,153,429
02570400,EDUCATIONAL TECHNICAL COLLEGE           ,PR,00925-3404,Proprietary  ,24,56,80,461,1160,1621
02576100,ESCUELA TECNICA DE ELECTRICIDAD         ,PR,00731-0000,Proprietary  ,7,47,54,405,495,900
02587500,UNIVERSIDAD METROPOLITANA               ,PR,00928-0000,Private      ,28,191,219,4916,8498,13414
02588600,SEMINARIO EVANGELICO DE PUERTO RICO     ,PR,00925-0000,Private      ,0,0,0,0,32,32
02593700,HISPANIC AMERICAN COLLEGE               ,PR,00725-0000,Proprietary  ,24,28,52,178,256,434
02611100,INSTITUTO MERLIX                        ,PR,00961-0000,Proprietary  ,9,40,49,91,292,383
03021900,EDIC COLLEGE                            ,PR,00726-0000,Proprietary  ,0,4,4,478,670,1148
03025500,MECH TECH COLLEGE                       ,PR,00725-6118,Proprietary  ,43,75,118,2734,1407,4141
03025900,"LICEO DE ARTE, DISENOS Y COMERCIO       ",PR,00726-0000,Proprietary  ,12,24,36,292,518,810
03029700,"UNIVERSAL TECHNOLOGY CLG OF PR, INC     ",PR,00605-1955,Private      ,19,88,107,734,1608,2342
03061900,COLEGIO TECHNOLOGICO Y COMERCIAL        ,PR,00602-0000,Proprietary  ,1,6,7,26,79,105
03068400,STAR BEAUTY ACADEMY                     ,PR,00961-6312,Proprietary  ,4,21,25,54,127,181
03070500,D'MART INSTITUTE                        ,PR,00794-3517,Proprietary  ,45,100,145,1008,1351,2359
03075600,EMMA'S BEAUTY ACADEMY                   ,PR,00795-0000,Proprietary  ,28,28,56,328,332,660
03076000,PUERTO RICO BARBER COLLEGE              ,PR,00738-4632,Proprietary  ,5,9,14,48,100,148
03085700,PROFESSIONAL TECHNICAL INSTITUTION      ,PR,00960-7061,Proprietary  ,1,22,23,257,298,555
03098100,INSTITUTO IRMA VALENTIN - MANATI        ,PR,00674-0333,Proprietary  ,0,0,0,33,80,113
03104400,PROFESSIONAL ELECTRIC SCHOOL            ,PR,00674-1797,Proprietary  ,4,7,11,72,98,170
03106900,ESCUELA DE PERITOS ELECTRICITAS         ,PR,00662-0457,Proprietary  ,0,1,1,39,59,98
03112100,JOHN DEWEY COLLEGE                      ,PR,00915-9538,Private      ,114,307,421,963,2667,3630
03112101,JOHN DEWEY COLLEGE                      ,PR,00986-0000,Private      ,40,60,100,566,755,1321
03112102,JOHN DEWEY COLLEGE-BAYAMON CAMPUS       ,PR,00959-0000,Private      ,44,82,126,346,691,1037
03112104,JOHN DEWEY COLLEGE - YABUCOA LRNING SITE,PR,00767-0767,Private      ,10,34,44,124,326,450
03112105,JOHN DEWEY COLLEGE - FAJARDO BRANCH     ,PR,00738-0738,Private      ,5,14,19,278,369,647
03112106,JOHN DEWEY COLLEGE - ARROYO BRANCH      ,PR,00714-0714,Private      ,10,19,29,153,430,583
03112107,JOHN DEWEY COLLEGE - JUANA DIAZ BRANCH  ,PR,00795-0000,Private      ,24,52,76,303,437,740
03115900,TRINITY COLLEGE OF PUERTO RICO          ,PR,00734-0000,Private      ,10,27,37,93,251,344
03120500,CAGUAS CENTRAL COLLEGE                  ,PR,00725-7199,Proprietary  ,0,0,0,0,1,1
03122500,ACADEMIA SERRANT INC.                   ,PR,00717-1568,Proprietary  ,14,60,74,126,345,471
03123100,GLOBELLE TECHNICAL INSTITUTE            ,PR,00693-4218,Proprietary  ,1,9,10,48,138,186
03124200,NOVA COLLEGE DE PUERTO RICO             ,PR,00960-4016,Proprietary  ,9,21,30,89,250,339
03142300,ACADEMIA VOCATIONAL DEL TURABO          ,PR,00725-3657,Proprietary  ,2,9,11,30,85,115
03157600,"COLEGIO DE CINEMATOGRAFIA, ARTES Y TELEV",PR,00961-6345,Proprietary  ,18,9,27,308,156,464
03177300,SAN JUAN BAUTISTA SCH OF MEDICINE       ,PR,00726-0000,Private      ,0,0,0,1,209,210
03326300,UNIVERSAL CAREER COMMUNITY COLLEGE      ,PR,00907-0000,Proprietary  ,36,40,76,419,554,973
03336300,CENTURY COLLEGE                         ,PR,00603-4802,Proprietary  ,5,15,20,81,169,250
03414300,MONTECLARO                              ,PR,00745-9612,Private      ,0,0,0,10,0,10
03452300,INSTITUTO PRE-VOCACIONAL E INDUSTRI     ,PR,00613-1800,Private      ,0,0,0,63,159,222
03461400,POLITEC INSTITUTE                       ,PR,00732-0000,Proprietary  ,0,0,0,75,110,185
03469300,IVAEM COLLEGE                           ,PR,00725-0000,Proprietary  ,0,0,0,111,58,169
03531300,COLEGIO PENTECOSTAL MIZPA               ,PR,00928-0966,Private      ,0,0,0,10,164,174
03544300,ATENAS COLLEGE                          ,PR,00674-0000,Private      ,21,51,72,501,936,1437
03552300,LESTON COLLEGE                          ,PR,00961-6309,Proprietary  ,10,12,22,73,133,206
03585300,CENTRO DE CAPACITACION Y ASESORAMIE     ,PR,00612-0000,Proprietary  ,4,9,13,51,300,351
03600300,AMERICAN TECHNOLOGICAL COLLEGE          ,PR,00928-3713,Proprietary  ,0,2,2,49,131,180
03608300,CARIBBEAN FORENSIC & TECHNICAL COLL     ,PR,00926-0000,Proprietary  ,2,9,11,44,184,228
03638300,ROSSLYN TRAINING ACADEMY OF COSMETOLOGY ,PR,00602-3225,Proprietary  ,0,0,0,23,64,87
03735400,"CHARLIES GUARD,DETECTIVE BUREAU&ACA     ",PR,00605-0000,Proprietary  ,5,37,42,56,174,230
03751300,ESCUELA HOTELERA DE SAN JUAN            ,PR,00917-0091,Proprietary  ,4,7,11,309,270,579
03758300,BAYAMON COMMUNITY COLLEGE               ,PR,00960-0000,Proprietary  ,4,14,18,50,184,234
03781400,INDUSTRIAL TECHNICAL COLLEGE            ,PR,00792-0000,Proprietary  ,6,20,26,85,150,235
03785300,J.G. GUAYNABO TECHNICAL COLLEGE         ,PR,00960-0000,Proprietary  ,5,20,25,28,90,118
03800300,COLEGIO TECNICO DE ELECTRICIDAD GALLOSA ,PR,00602-0000,Proprietary  ,1,10,11,22,80,102
03800400,INSTITUTE OF BEAUTY OCCUPATIONS AND TECH,PR,00676-5071,Proprietary  ,10,14,24,80,189,269
03843300,ADVANCED TECH COLLEGE                   ,PR,00961-6321,Proprietary  ,4,13,17,29,154,183
03849300,AGUADILLA TECHNICAL COLLEGE             ,PR,00603-0000,Proprietary  ,1,0,1,12,48,60
03965400,MYRANGEL BEAUTY INSTITUTE               ,PR,00754-3917,Proprietary  ,6,10,16,20,61,81
04030300,ASPIRA  DE PUERTO RICO                  ,PR,00987-0000,Private      ,0,0,0,2,2,4
04107300,CARIB TECHNOLOGICAL INSTITUTE           ,PR,00960-0000,Proprietary  ,7,10,17,8,37,45
00394600,UNIVERSITY OF THE VIRGIN ISLANDS        ,VI,00802-6000,Public       ,4,8,12,819,551,1370
00394601,UNIV OF THE VIRGIN ISLANDS-ST CROIX     ,VI,00850-0000,Public       ,3,3,6,328,436,764
00667400,CANADIAN THEOLOGICAL SEMINARY           ,CN,00000-0000,Private      ,0,0,0,0,1,1
00667700,MCGILL UNIVERSITY                       ,CN,00000-0000,Public       ,2,2,4,1334,378,1712
00667900,QUEEN'S UNIVERSITY AT KINGSTON          ,CN,00000-0000,Public       ,0,0,0,109,32,141
00668100,ST FRANCIS XAVIER UNIVERSITY            ,CN,00000-0000,Public       ,1,0,1,33,9,42
00668200,ST THOMAS UNIVERSITY                    ,CN,00000-0000,Public       ,0,0,0,15,4,19
00668300,UNIVERSITY OF GUELPH                    ,CN,00000-0000,Public       ,0,0,0,34,36,70
00668400,UNIVERSITY OF MANITOBA                  ,CN,00000-0000,Public       ,0,0,0,39,30,69
00668500,UNIVERSITY OF NEW BRUNSWICK (THE)       ,CN,00000-0000,Public       ,0,0,0,22,12,34
00668600,UNIVERSITY OF OTTAWA                    ,CN,00000-0000,Public       ,0,0,0,31,32,63
00668800,UNIVERSITY OF TORONTO                   ,CN,00000-0000,Public       ,0,3,3,264,361,625
00668900,UNIVERSITY OF WINDSOR                   ,CN,00000-0000,Public       ,0,0,0,15,38,53
00683700,UNIVERSITE LAVAL                        ,CN,00000-0000,Public       ,0,0,0,7,19,26
00683800,DALHOUSIE UNIVERSITY                    ,CN,00000-0000,Public       ,2,0,2,110,69,179
00685200,BISHOP'S UNIVERSITY                     ,CN,00000-0000,Private      ,0,0,0,27,1,28
00685300,MCMASTER UNIVERSITY                     ,CN,00000-0000,Public       ,0,0,0,23,21,44
00767900,YORK UNIVERSITY                         ,CN,00000-0000,Public       ,0,1,1,106,95,201
00787400,UNIVERSITY AT CALGARY (THE)             ,CN,00000-0000,Public       ,0,0,0,19,43,62
00814800,UNIVERSITY OF WINNIPEG                  ,CN,00000-0000,Public       ,0,0,0,9,5,14
00836200,UNIVERSITY OF ALBERTA (THE)             ,CN,00000-0000,Public       ,0,0,0,19,41,60
00836300,MOUNT SAINT VINCENT UNIVERSITY          ,CN,00000-0000,Private      ,0,0,0,7,2,9
00836400,SAINT MARY'S UNIVERSITY                 ,CN,00000-0000,Public       ,1,0,1,23,13,36
00836500,CONCORDIA UNIVERSITY - SIR GEORGE W     ,CN,00000-0000,Public       ,2,0,2,200,147,347
00836600,UNIVERSITE DE MONTREAL                  ,CN,00000-0000,Public       ,0,3,3,9,36,45
00836800,CARLETON UNIVERSITY                     ,CN,00000-0000,Public       ,0,0,0,41,20,61
00836900,UNIVERSITY OF BRITISH COLUMBIA          ,CN,00000-0000,Public       ,3,2,5,561,422,983
00837000,"SAFA, UNIVERSITY OF VICTORIA            ",CN,00000-0000,Public       ,1,0,1,108,63,171
00844400,SIMON FRASER UNIVERSITY                 ,CN,00000-0000,Public       ,0,0,0,62,82,144
00844600,UNIVERSITY OF WESTERN ONTARIO (THE)     ,CN,00000-0000,Public       ,0,1,1,38,41,79
00844800,UNIVERSITY OF REGINA                    ,CN,00000-0000,Public       ,0,0,0,8,8,16
00844900,ACADIA UNIVERSITY                       ,CN,00000-0000,Public       ,0,0,0,61,13,74
00852600,UNIVERSITY OF WATERLOO                  ,CN,00000-0000,Public       ,0,0,0,29,17,46
00858200,WILFRID LAURIER UNIVERSITY              ,CN,00000-0000,Public       ,0,0,0,7,5,12
00874200,UNIVERSITE DE SHERBROOKE                ,CN,00000-0000,Private      ,0,0,0,2,3,5
00891300,LAKEHEAD UNIVERSITY                     ,CN,00000-0000,Public       ,0,0,0,5,8,13
00911900,UNIVERSITE DE MONCTON                   ,CN,00000-0000,Public       ,0,0,0,0,2,2
00918000,LAURENTIAN UNIVERSITY OF SUDBURY        ,CN,00000-0000,Public       ,0,0,0,1,4,5
00925200,BROCK UNIVERSITY                        ,CN,00000-0000,Public       ,0,0,0,10,10,20
00936700,UNIVERSITY OF PRINCE EDWARD ISLAND      ,CN,00000-0000,Public       ,0,0,0,10,93,103
00942100,BRANDON UNIVERSITY                      ,CN,00000-0000,Public       ,0,0,0,2,7,9
00948600,TRINITY WESTERN UNIVERSITY              ,CN,00000-0000,Private      ,0,0,0,298,69,367
00950000,MEMORIAL UNIVERSITY OF NEWFOUNDLAND     ,CN,00000-0000,Public       ,2,0,2,16,29,45
00950100,UNIVERSITY OF KING'S COLLEGE            ,CN,00000-0000,Public       ,0,0,0,21,0,21
00950300,MOUNT ALLISON UNIVERSITY                ,CN,00000-0000,Public       ,0,0,0,34,2,36
00950500,TRENT UNIVERSITY                        ,CN,00000-0000,Public       ,0,0,0,10,3,13
00969700,LETHBRIDGE COLLEGE                      ,CN,00000-0000,Public       ,0,0,0,3,1,4
00969800,MEDICINE HAT COLLEGE                    ,CN,00000-0000,Public       ,0,0,0,2,2,4
00970100,SENECA COLG OF APPLIED ARTS & TECH      ,CN,00000-0000,Public       ,0,0,0,7,15,22
01012300,NOVA SCOTIA COLLEGE OF ART & DESIGN     ,CN,00000-0000,Public       ,0,0,0,11,13,24
01022100,SAINT PAUL UNIVERSITY                   ,CN,00000-0000,Public       ,0,0,0,1,4,5
01045800,SHERIDAN COLLEGE OF APPLIED ARTS AN     ,CN,00000-0000,Public       ,1,0,1,21,8,29
01067500,REGENT COLLEGE                          ,CN,00000-0000,Private      ,0,1,1,4,142,146
01070300,UNIVERSITY OF LETHBRIDGE                ,CN,00000-0000,Public       ,0,0,0,6,3,9
01072000,RYERSON UNIVERSITY                      ,CN,00000-0000,Public       ,0,0,0,30,33,63
01172200,BRIERCREST BIBLE COLLEGE                ,CN,00000-0000,Private      ,0,0,0,32,30,62
01221100,ALGONQUIN CLG OF APPLIED ARTS &TECH     ,CN,00000-0000,Public       ,0,0,0,7,6,13
01222800,HUMBER COLLEGE                          ,CN,00000-0000,Public       ,0,0,0,8,16,24
01227400,PROVIDENCE COLLEGE                      ,CN,00000-0000,Private      ,0,0,0,27,14,41
02054200,DAWSON COLLEGE                          ,CN,00000-0000,Public       ,0,0,0,0,2,2
02081600,SAULT COLLG OF APPLIED ARTS & TECH      ,CN,00000-0000,Public       ,0,0,0,0,1,1
02102100,BETHANY BIBLE COLLEGE                   ,CN,00000-0000,Private      ,0,0,0,90,26,116
02116600,CANADIAN MEMORIAL CHIROPRACTIC COLL     ,CN,00000-0000,Private      ,0,0,0,0,2,2
02167000,PRAIRIE BIBLE INST                      ,CN,00000-0000,Private      ,0,0,0,35,27,62
02184600,INSTITUTE FOR CHRISTIAN STUDIES         ,CN,00000-0000,Private      ,0,0,0,1,10,11
02195600,LASALLE COLLEGE                         ,CN,00000-0000,Private      ,0,0,0,3,9,12
02195700,TAYLOR UNIVERSITY COLLEGE AND SEMINARY  ,CN,00000-0000,Private      ,0,0,0,10,2,12
02201100,COLUMBIA BIBLE COLLEGE                  ,CN,00000-0000,Private      ,0,0,0,19,8,27
02209700,UNIVERSITE DU QUEBEC (UNIVERSITY OF     ,CN,00000-0000,Public       ,0,0,0,0,10,10
02216400,TYNDALE COLLEGE & SEMINARY              ,CN,00000-0000,Private      ,0,0,0,4,6,10
02219000,ST. LAWRENCE COLLEGE                    ,CN,00000-0000,Public       ,0,0,0,2,3,5
02219200,UNIVERSITY OF SASKATCHEWAN              ,CN,00000-0000,Public       ,0,1,1,4,14,18
02324900,EMMANUEL BIBLE COLLEGE                  ,CN,00000-0000,Private      ,0,0,0,0,1,1
02338800,EMILY CARR UNIVERSITY OF ART AND DESIGN ,CN,00000-0000,Public       ,1,0,1,54,25,79
02354700,RED DEER COLLEGE                        ,CN,00000-0000,Public       ,0,0,0,0,1,1
02529200,AUGUSTANA UNIVERSITY COLLEGE            ,CN,00000-0000,Private      ,0,0,0,0,1,1
02592600,NEW BRUNSWICK COMMUNITY COLLEGE         ,CN,00000-0000,Public       ,0,0,0,2,1,3
02593800,CONCORDIA UNIVERSITY COLLEGE            ,CN,00000-0000,Private      ,0,0,0,8,3,11
02611900,THE KING'S UNIVERSITY COLLEGE           ,CN,00000-0000,Private      ,0,0,0,2,1,3
03018300,ROCKY MOUNTAIN COLLEGE: CENTRE FOR      ,CN,00000-0000,Private      ,0,0,0,4,2,6
03033800,UNIVERSITY COLLEGE OF CAPE BRETON       ,CN,00000-0000,Public       ,0,0,0,8,1,9
03076200,COVENANT BIBLE COLLEGE                  ,CN,00000-0000,Private      ,1,0,1,22,2,24
03078300,VANCOUVER SCHOOL OF THEOLOGY            ,CN,00000-0000,Private      ,0,0,0,1,12,13
03273300,CANADIAN COLLEGE OF NATUROPATHIC ME     ,CN,00000-0000,Private      ,0,0,0,3,24,27
03298300,ALBERTA COLLEGE OF ART & DESIGN         ,CN,00000-0000,Public       ,0,0,0,24,2,26
03332500,KWANTLEN UNIVERSITY COLLEGE             ,CN,00000-0000,Public       ,0,0,0,5,9,14
03335400,CANADIAN UNIVERSITY COLLEGE             ,CN,00000-0000,Private      ,0,0,0,42,8,50
03339300,ST. STEPHENS UNIVERSITY                 ,CN,00000-0000,Private      ,0,0,0,4,4,8
03348500,REDEEMER UNIVERSITY COLLEGE             ,CN,00000-0000,Private      ,0,0,0,16,2,18
03408300,CANDIAN NAZARENE UNIVERSITY COLLEGE     ,CN,00000-0000,Private      ,0,0,0,3,1,4
03420300,HOLLAND COLLEGE                         ,CN,00000-0000,Public       ,0,0,0,1,1,2
03421300,LOYALIST COLLEGE OF APPLIED ARTS &      ,CN,00000-0000,Public       ,0,0,0,1,2,3
03433300,LANGARA COLLEGE                         ,CN,00000-0000,Public       ,0,0,0,5,5,10
03435400,ROYAL ROADS UNIVERSITY                  ,CN,00000-0000,Public       ,0,0,0,1,5,6
03465300,NIPISSING UNIVERSITY                    ,CN,00000-0000,Public       ,0,0,0,1,0,1
03511300,CN CLG ACUPUNCTURE & ORIENTAL MED       ,CN,00000-0000,Private      ,0,0,0,1,10,11
03551300,INTERNATIONAL BIBLE COLLEGE             ,CN,00000-0000,Private      ,0,0,0,4,2,6
03560400,NIAGARA COLLEGE-WELLAND CAMPUS          ,CN,00000-0000,Public       ,0,0,0,1,9,10
03613300,UNIV OF NORTHERN BRITISH COLUMBIA       ,CN,00000-0000,Public       ,0,0,0,6,6,12
03674400,CANADIAN SOUTHERN BAPTIST SEMINARY      ,CN,00000-0000,Private      ,0,1,1,0,4,4
03711300,CAPILANO UNIVERSITY                     ,CN,00000-0000,Public       ,1,0,1,6,6,12
03745300,BRITISH COLUMBIA INSTITUTE OF TECHNOLOGY,CN,00000-0000,Public       ,0,0,0,5,7,12
03846300,PACIFIC LIFE BIBLE COLLEGE              ,CN,00000-0000,Private      ,0,0,0,1,0,1
00814700,UNIVERSIDAD AUTONOMA DE GUADALAJARA     ,MX,00000-0000,Private      ,0,9,9,39,1227,1266
01041800,INST TEC Y DE ESTSUPER DE MONTERRE      ,MX,00000-0000,Private      ,0,4,4,43,54,97
01067600,UNIVERSIDAD DE MONTERREY                ,MX,00000-0000,Private      ,0,1,1,12,32,44
01093800,UNIVERSIDAD DE GUANAJUATO               ,MX,00000-0000,Public       ,0,0,0,13,21,34
01097600,INSTITUTO ALLENDE                       ,MX,00000-0000,Private      ,0,1,1,3,11,14
01230100,UNIV AUTON DE TAMAULIPAS FAC DEMED      ,MX,00000-0000,Public       ,0,0,0,0,3,3
02053300,CENTRO DE ESTUDIOS UNIVERSITARIOS D     ,MX,00000-0000,Private      ,0,1,1,92,197,289
02283100,UNIVERSIDAD TECNOLOGICA DE MEXICO       ,MX,00000-0000,Proprietary  ,0,1,1,5,19,24
01001000,AMERICAN SAMOA CMNTY COLLEGE            ,AS,96799-2609,Public       ,131,22,153,1479,355,1834
01034300,COLLEGE OF MICRONESIA - FSM             ,FM,96941-0159,Public       ,37,92,129,2256,760,3016
01100900,PALAU COMMUNITY COLLEGE                 ,PW,96940-0009,Public       ,90,27,117,917,421,1338
03022400,COLLEGE OF THE MARSHALL ISLANDS         ,MH,96960-1258,Public       ,10,58,68,594,394,988
03033000,NORTHERN MARIANAS COLLEGE               ,MP,96950-0000,Public       ,3,8,11,391,393,784
