OPE ID,School,State,Zip Code,School Type,20062007Qtr4_Dependent Students,20062007Qtr4_Independent Students,Quarterly Total,YTD_20062007Qtr4_Dependent Students,YTD_20062007Qtr4_Independent Students,Award Year To Date Total
00100200,ALABAMA AGRCLTL & MECHL UNIV            ,AL,35762-1357,Public       ,114,174,288,5531,2997,8528
00100300,FAULKNER UNIVERSITY                     ,AL,36109-3398,Private      ,53,222,275,1010,2639,3649
00100400,UNIVERSITY OF MONTEVALLO                ,AL,35115-6000,Public       ,64,69,133,1579,898,2477
00100500,ALABAMA STATE UNIVERSITY                ,AL,36101-0000,Public       ,199,246,445,6548,3554,10102
00100700,CENTRAL ALABAMA COMMUNITY COLLEGE       ,AL,35011-0000,Public       ,63,226,289,929,1555,2484
00100800,ATHENS STATE UNIVERSITY                 ,AL,35611-1999,Public       ,29,183,212,518,2094,2612
00100900,AUBURN UNIVERSITY                       ,AL,36849-5113,Public       ,396,243,639,11908,4522,16430
00101200,BIRMINGHAM SOUTHERN COLLEGE             ,AL,35254-0002,Private      ,38,24,62,1169,258,1427
00101300,CALHOUN COMMUNITY COLLEGE               ,AL,35609-2216,Public       ,263,548,811,2823,4422,7245
00101500,ENTERPRISE-OZARK COMMUNITY COLLEGE      ,AL,36331-1300,Public       ,70,162,232,725,1023,1748
00101600,UNIVERSITY OF NORTH ALABAMA             ,AL,35632-0001,Public       ,106,175,281,3179,2120,5299
00101700,GADSDEN STATE COMMUNITY COLLEGE         ,AL,35903-2269,Public       ,160,400,560,1755,2774,4529
00101706,GADSDEN STATE COMM. COLLEGE-AYERS CAMPUS,AL,36202-0000,Public       ,13,53,66,192,394,586
00101800,GEORGE C WALLACE COMMUNITY COLLEGE      ,AL,36303-0943,Public       ,105,354,459,1087,2253,3340
00101900,HUNTINGDON COLLEGE                      ,AL,36106-2148,Private      ,19,43,62,820,286,1106
00102000,JACKSONVILLE STATE UNIVERSITY           ,AL,36265-1602,Public       ,170,379,549,4615,4112,8727
00102100,JEFFERSON DAVIS COMMUNITY COLLEGE       ,AL,36427-2790,Public       ,32,81,113,378,661,1039
00102200,JEFFERSON STATE COMMUNITY COLLEGE       ,AL,35215-3098,Public       ,251,602,853,2431,4277,6708
00102300,JUDSON COLLEGE                          ,AL,36756-2504,Private      ,6,15,21,252,102,354
00102400,UNIVERSITY OF WEST ALABAMA              ,AL,35470-0000,Public       ,81,268,349,1579,2544,4123
00102600,MARION MILITARY INSTITUTE               ,AL,36756-3214,Public       ,8,5,13,211,25,236
00102800,MILES COLLEGE                           ,AL,35064-2697,Private      ,49,56,105,1731,1116,2847
00102900,UNIVERSITY OF MOBILE                    ,AL,36613-0000,Private      ,45,116,161,972,1534,2506
00103000,BISHOP STATE COMMUNITY COLLEGE          ,AL,36603-5898,Public       ,120,384,504,1457,3674,5131
00103001,BISHOP STATE COMM COLG-CARVER CMPS      ,AL,36617-0000,Public       ,7,31,38,94,215,309
00103002,BISHOP STAT COMM CLG-SW CMPS            ,AL,36605-0000,Public       ,6,25,31,62,129,191
00103100,NORTHEAST ALABAMA STATE CMNTY COLG      ,AL,35986-0159,Public       ,60,212,272,710,1329,2039
00103300,OAKWOOD COLLEGE                         ,AL,35896-0001,Private      ,45,38,83,1562,573,2135
00103400,ALABAMA SOUTHERN COMMUNITY COLLEGE      ,AL,36460-5698,Public       ,51,205,256,653,969,1622
00103600,SAMFORD UNIVERSITY                      ,AL,35229-7000,Private      ,42,85,127,2381,2180,4561
00103700,SELMA UNIVERSITY                        ,AL,36701-0000,Private      ,0,1,1,3,9,12
00103800,SNEAD STATE COMMUNITY COLLEGE           ,AL,35957-0734,Public       ,58,178,236,682,1195,1877
00104000,SOUTHERN UNION STATE COMMUNITY CLG      ,AL,36276-0000,Public       ,168,302,470,2036,1993,4029
00104100,SPRING HILL COLLEGE                     ,AL,36608-1791,Private      ,30,50,80,1445,545,1990
00104400,STILLMAN COLLEGE                        ,AL,35403-1430,Private      ,25,32,57,1121,378,1499
00104600,TALLADEGA COLLEGE                       ,AL,35160-2354,Private      ,14,3,17,490,121,611
00104700,TROY STATE UNIVERSITY                   ,AL,36082-0001,Public       ,202,1286,1488,4362,12441,16803
00104754,TROY UNIVERSITY - DOTHAN                ,AL,36303-1575,Public       ,29,151,180,453,1611,2064
00104755,TROY UNIVERSITY - MONTGOMERY            ,AL,36103-4419,Public       ,61,355,416,853,4188,5041
00105000,TUSKEGEE UNIVERSITY                     ,AL,36088-1645,Private      ,79,33,112,4176,898,5074
00105100,UNIVERSITY OF ALABAMA (THE)             ,AL,35487-0120,Public       ,344,378,722,11682,6067,17749
00105200,UNIVERSITY OF ALABAMA AT BIRMINGHAM     ,AL,35294-1150,Public       ,277,495,772,7341,7746,15087
00105500,UNIVERSITY OF ALABAMA IN HUNTSVILLE     ,AL,35899-0001,Public       ,132,219,351,3339,2741,6080
00105700,UNIVERSITY OF SOUTH ALABAMA             ,AL,36688-0002,Public       ,232,553,785,5158,7101,12259
00105900,LAWSON STATE COMMUNITY COLLEGE          ,AL,35221-1798,Public       ,93,306,399,1493,2411,3904
00105901,LAWSON STATE COMMUNITY COLLEGE - BESSEME,AL,35021-0308,Public       ,30,97,127,331,828,1159
00106000,FAULKNER STATE COMMUNITY COLLEGE        ,AL,36507-2698,Public       ,136,206,342,1599,1681,3280
00446200,GADSDEN BUSINESS COLLEGE                ,AL,35906-3658,Proprietary  ,2,6,8,19,47,66
00526000,J.F. DRAKE STATE TECH COLLEGE           ,AL,35811-1584,Public       ,40,100,140,301,904,1205
00569100,SHELTON STATE COMMUNITY CLG             ,AL,35405-4017,Public       ,209,385,594,2430,2551,4981
00569200,REID STATE TECHNICAL COLLEGE            ,AL,36401-0000,Public       ,14,87,101,192,476,668
00569700,NORTHWEST- SHOALS COMMUNITY COLLEGE     ,AL,35661-0000,Public       ,103,287,390,1498,1961,3459
00569702,NORTHWEST-SHOALS C.C.-PHIL CAMPBELL     ,AL,35581-0000,Public       ,4,16,20,173,193,366
00569900,GEORGE C WALLACE STATE CMTY COLLEGE     ,AL,36703-0000,Public       ,63,229,292,937,1375,2312
00573300,BEVILL STATE CMTY COLLEGE-WALKER        ,AL,35148-0000,Public       ,77,232,309,903,1712,2615
00573301,BEVILL STATE COMMUNITY COLLEGE - FAYETTE,AL,35555-0000,Public       ,14,51,65,271,352,623
00573302,BEVILL STATE CMTY CLG-HAMILTON CAMP     ,AL,35570-0000,Public       ,11,36,47,172,301,473
00573305,BEVILL STATE CMTY CLG-WALKER CLG        ,AL,35501-0000,Public       ,29,50,79,266,370,636
00573400,H. COUNCILL TRENHOLM STATE TECH COLLEGE ,AL,36108-0020,Public       ,76,205,281,511,1306,1817
00573401,H. C. TRENHOLM ST TECH COL-PATTERSON CAM,AL,36116-2612,Public       ,20,60,80,173,366,539
00787100,GEORGE C WALLACE STATE CMTY CLG         ,AL,35077-2000,Public       ,149,390,539,1985,3077,5062
00831000,AUBURN UNIVERSITY-MONTGOMERY            ,AL,36124-0000,Public       ,137,275,412,2443,3088,5531
00898800,LURLEEN B WALLACE COMMUNITY COLLEGE     ,AL,36420-0418,Public       ,45,114,159,560,782,1342
01019300,HERZING COLLEGE                         ,AL,35209-4816,Proprietary  ,17,87,104,176,602,778
01055400,CONCORDIA COLLEGE                       ,AL,36701-3323,Private      ,26,71,97,563,496,1059
01123700,SOUTHERN COMMUNITY COLLEGE              ,AL,36083-1803,Private      ,1,17,18,22,149,171
01218200,CHATTAHOOCHEE VALLEY CMTY CLG           ,AL,36869-7917,Public       ,58,163,221,659,1273,1932
01303906,SOUTH UNIVERSITY - MONTGOMERY           ,AL,36116-1120,Proprietary  ,33,115,148,195,695,890
02170600,UNITED STATES SPORTS ACADEMY            ,AL,36526-7055,Private      ,1,160,161,20,656,676
02199700,HERITAGE CHRISTIAN UNIVERSITY           ,AL,35630-0000,Private      ,1,8,9,15,73,88
02270400,SOUTHEASTERN BIBLE COLLEGE              ,AL,35244-2083,Private      ,4,15,19,102,150,252
02296000,PRINCE INSTITUTE OF PROFESSIONAL STUDIES,AL,36117-0000,Proprietary  ,6,9,15,33,69,102
02323800,GAITHER AND COMPANY BEAUTY COLLEGE      ,AL,35768-0000,Proprietary  ,0,4,4,3,17,20
02341000,FORTIS COLLEGE                          ,AL,36609-0000,Proprietary  ,23,104,127,227,756,983
02341002,CAPPS COLLEGE - MONTGOMERY              ,AL,36109-3624,Proprietary  ,3,16,19,29,83,112
02503400,AMRIDGE UNIVERSITY                      ,AL,36124-0000,Private      ,1,79,80,28,896,924
02605500,REMINGTON COLLEGE - MOBILE CAMPUS       ,AL,36609-5593,Proprietary  ,70,326,396,423,1749,2172
03010600,VIRGINIA COLLEGE                        ,AL,35209-5154,Proprietary  ,197,1181,1378,940,6005,6945
03010602,VIRGINIA COLLEGE - HUNTSVILLE           ,AL,35805-0000,Proprietary  ,7,31,38,107,313,420
03010605,VA COLG TECHNICAL AT PELHAM             ,AL,35124-0000,Proprietary  ,3,4,7,34,27,61
03032500,ALABAMA STATE CLG BARBER STYLING        ,AL,35215-8308,Proprietary  ,2,8,10,17,37,54
03100503,VIRGINIA COLLEGE AT PENSACOLA - VIRGINIA,AL,35242-5340,Proprietary  ,7,28,35,67,222,289
03361400,FORTIS COLLEGE                          ,AL,36535-3547,Proprietary  ,7,32,39,57,270,327
03459300,SOUTHEASTERN SCHOOL OF COSMETOLOGY      ,AL,35228-0000,Private      ,2,32,34,26,160,186
03783300,BLUE CLIFF CAREER COLLEGE               ,AL,63306-4749,Proprietary  ,15,55,70,49,176,225
03894300,HUNTSVILLE BIBLE COLLEGE                ,AL,35811-0000,Private      ,0,1,1,0,1,1
00111100,ALLAN HANCOCK COLLEGE                   ,CA,93454-6399,Public       ,110,310,420,2263,2705,4968
00111300,ANTELOPE VALLEY COLLEGE                 ,CA,93536-5426,Public       ,177,513,690,2877,4491,7368
00111600,ART CENTER COLLEGE OF DESIGN            ,CA,91103-1999,Private      ,65,65,130,1137,1324,2461
00111700,AZUSA PACIFIC UNIVERSITY                ,CA,91702-7000,Private      ,107,478,585,5525,4596,10121
00111800,BAKERSFIELD COLLEGE                     ,CA,93305-1299,Public       ,242,531,773,5577,5719,11296
00111900,BARSTOW COMMUNITY COLLEGE               ,CA,92311-6608,Public       ,47,258,305,504,1848,2352
00112000,AMER BAPT SEM OF THE WEST-BERKELEY      ,CA,94704-0000,Private      ,0,5,5,3,50,53
00112100,BETHANY UNIVERSITY /  ASSEMBLIES OF GOD ,CA,95066-2896,Private      ,12,43,55,469,436,905
00112200,BIOLA UNIVERSITY                        ,CA,90639-0001,Private      ,43,84,127,4317,1955,6272
00112300,BROOKS INSTITUTE                        ,CA,93103-1809,Proprietary  ,210,104,314,2096,1209,3305
00112400,CABRILLO COLLEGE                        ,CA,95003-3194,Public       ,110,275,385,2099,2802,4901
00112500,CALIFORNIA BAPTIST UNIVERSITY           ,CA,92504-3297,Private      ,66,164,230,2500,2185,4685
00112700,CALIFORNIA COLLEGE OF THE ARTS          ,CA,94107-2206,Private      ,30,39,69,1328,1249,2577
00113100,CALIFORNIA INSTITUTE OF TECHNOLOGY      ,CA,91125-0001,Private      ,47,8,55,2150,304,2454
00113200,CALIFORNIA INSTITUTE OF THE ARTS        ,CA,91355-2397,Private      ,14,11,25,1228,1336,2564
00113300,CALIFORNIA LUTHERAN UNIVERSITY          ,CA,91360-2787,Private      ,40,112,152,2298,1166,3464
00113400,CALIFORNIA MARITIME ACADEMY             ,CA,94590-8181,Public       ,15,9,24,530,191,721
00113700,CALIF STATE UNIV-FULLERTON              ,CA,92831-3599,Public       ,502,664,1166,24356,12610,36966
00113800,"CALIFORNIA STATE UNIVERSITY, EAST BAY   ",CA,94542-3000,Public       ,154,405,559,5621,6890,12511
00113900,CALIF STATE UNIV-LONG BEACH             ,CA,90840-0006,Public       ,513,635,1148,31283,14728,46011
00114000,CALIF STATE UNIV-LOS ANGELES            ,CA,90032-4226,Public       ,359,623,982,15451,13406,28857
00114100,"CALIF STATE UNIV, DOMINGUEZ HILLS       ",CA,90747-0001,Public       ,168,524,692,7969,8096,16065
00114200,CALIF STATE UNIV SAN BERNARDINO         ,CA,92407-2397,Public       ,269,522,791,10662,9775,20437
00114300,CAL POLY STATE UNIVERSITY               ,CA,93407-0001,Public       ,343,157,500,18927,3328,22255
00114400,CALIF STATE POLYTECHNIC UNIV POMONA     ,CA,91768-2500,Public       ,295,283,578,16414,6053,22467
00114600,CALIF STATE UNIV - CHICO                ,CA,95929-0001,Public       ,254,270,524,10863,5339,16202
00114700,CALIF STATE UNIV - FRESNO               ,CA,93740-8026,Public       ,320,408,728,15342,8977,24319
00114900,HUMBOLDT STATE UNIVERSITY               ,CA,95521-8299,Public       ,138,162,300,6003,3710,9713
00115000,CALIF STATE UNIV-SACRAMENTO             ,CA,95819-6044,Public       ,401,688,1089,16896,12721,29617
00115100,SAN DIEGO STATE UNIVERSITY              ,CA,92182-1690,Public       ,659,622,1281,31327,13441,44768
00115300,CALIF STATE UNIV-NORTHRIDGE             ,CA,91330-8307,Public       ,463,685,1148,21446,13545,34991
00115301,CALIF STATE UNIV CHANNEL ISLANDS        ,CA,93012-0000,Public       ,51,65,116,1815,893,2708
00115400,SAN FRANCISCO STATE UNIVERSITY          ,CA,94132-1740,Public       ,426,666,1092,21107,15270,36377
00115500,SAN JOSE STATE UNIVERSITY               ,CA,95192-0036,Public       ,380,616,996,17229,11117,28346
00115600,SONOMA STATE UNIVERSITY                 ,CA,94928-3609,Public       ,107,141,248,6415,2746,9161
00115700,CALIF STATE UNIV-STANISLAUS             ,CA,95382-0299,Public       ,103,231,334,5236,4081,9317
00115800,UNITED STATES INTERNATIONAL UNIV        ,CA,92131-1799,Private      ,5,32,37,82,1014,1096
00116100,CERRITOS COLLEGE                        ,CA,90650-6296,Public       ,361,592,953,6943,5602,12545
00116200,CHABOT COLLEGE                          ,CA,94545-2400,Public       ,147,360,507,2864,3352,6216
00116300,CHAFFEY COLLEGE                         ,CA,91737-9400,Public       ,292,706,998,4958,5962,10920
00116400,CHAPMAN UNIVERSITY                      ,CA,92866-1099,Private      ,89,682,771,5156,7134,12290
00116453,CHAPMAN UNIVERSITY SCHOOL OF LAW        ,CA,92866-0000,Private      ,6,14,20,111,1451,1562
00116500,CHURCH DIV SCH OF THE PACIFIC           ,CA,94709-0000,Private      ,0,0,0,0,70,70
00116600,CITRUS COLLEGE                          ,CA,91741-1899,Public       ,226,310,536,3893,2794,6687
00116900,CLAREMONT GRADUATE UNIVERSITY           ,CA,91711-0000,Private      ,1,78,79,23,1416,1439
00117000,CLAREMONT MCKENNA COLLEGE               ,CA,91711-6400,Private      ,21,5,26,2185,58,2243
00117100,HARVEY MUDD COLLEGE                     ,CA,91711-5990,Private      ,15,1,16,1386,21,1407
00117200,PITZER COLLEGE                          ,CA,91711-6101,Private      ,19,5,24,1881,121,2002
00117300,POMONA COLLEGE                          ,CA,91711-6301,Private      ,36,5,41,3092,69,3161
00117400,SCRIPPS COLLEGE                         ,CA,91711-3948,Private      ,13,3,16,1223,64,1287
00117600,WEST HILLS COMMUNITY COLLEGE            ,CA,93210-1399,Public       ,72,279,351,1848,2183,4031
00117700,COGSWELL POLYTECHNICAL COLLEGE          ,CA,94089-1210,Private      ,4,7,11,123,91,214
00117800,COLLEGE OF MARIN                        ,CA,94904-2590,Public       ,36,86,122,584,1168,1752
00117801,COLG OF MARIN-INDIAN VALLEY CMPS        ,CA,94949-0000,Public       ,1,10,11,8,71,79
00117900,NOTRE DAME DE NAMUR UNIVERSITY          ,CA,94002-1997,Private      ,7,37,44,844,716,1560
00118100,COLLEGE OF SAN MATEO                    ,CA,94402-3784,Public       ,85,131,216,1436,1313,2749
00118200,COLLEGE OF THE DESERT                   ,CA,92260-9305,Public       ,107,228,335,2140,2307,4447
00118300,HOLY NAMES UNIVERSITY                   ,CA,94619-1699,Private      ,8,48,56,490,690,1180
00118500,COLLEGE OF THE REDWOODS                 ,CA,95501-9300,Public       ,87,297,384,1777,2770,4547
00118600,COLLEGE OF THE SEQUOIAS                 ,CA,93277-2234,Public       ,160,474,634,3839,4322,8161
00118700,COLLEGE OF THE SISKIYOUS                ,CA,96094-2899,Public       ,39,115,154,747,794,1541
00118701,COLLEGE OF THE SISKIYOUS - YREKA CENTER ,CA,96097-9538,Public       ,0,6,6,21,34,55
00119000,CONTRA COSTA COLLEGE                    ,CA,94806-3195,Public       ,81,230,311,1316,2089,3405
00119100,DIABLO VALLEY COLLEGE                   ,CA,94523-1544,Public       ,162,262,424,2694,2399,5093
00119200,CUESTA COLLEGE                          ,CA,93403-8106,Public       ,138,289,427,2449,2315,4764
00119300,CYPRESS COLLEGE                         ,CA,90630-5897,Public       ,150,329,479,3199,3277,6476
00119600,DOMINICAN UNIVERSITY OF CALIFORNIA      ,CA,94901-2298,Private      ,25,72,97,1845,1070,2915
00119700,EL CAMINO COLLEGE                       ,CA,90506-0002,Public       ,295,471,766,6000,5084,11084
00119701,COMPTON COMMUNITY COLLEGE               ,CA,90221-5393,Public       ,33,137,170,642,1345,1987
00119900,FOOTHILL COLLEGE                        ,CA,94022-4597,Public       ,101,153,254,1239,1683,2922
00120000,FULLER THEOLOGICAL SEMINARY             ,CA,91182-0000,Private      ,0,76,76,9,2064,2073
00120100,FULLERTON COLLEGE                       ,CA,92832-2095,Public       ,263,346,609,4924,3464,8388
00120200,GAVILAN COLLEGE                         ,CA,95020-9599,Public       ,40,110,150,792,1003,1795
00120300,GLENDALE COMMUNITY COLLEGE              ,CA,91208-2894,Public       ,235,351,586,4894,4197,9091
00120400,GOLDEN GATE BAPT THEOL SEMINARY         ,CA,94941-0000,Private      ,0,0,0,0,31,31
00120500,GOLDEN GATE UNIVERSITY                  ,CA,94105-2967,Private      ,4,196,200,67,3058,3125
00120600,GOLDEN WEST COLLEGE                     ,CA,92647-2748,Public       ,158,318,476,4042,3239,7281
00120700,GRADUATE THEOLOGICAL UNION              ,CA,94709-0000,Private      ,0,8,8,0,337,337
00120800,GROSSMONT COLLEGE                       ,CA,92020-1798,Public       ,234,474,708,4146,4325,8471
00120900,HARTNELL COMMUNITY COLLEGE              ,CA,93901-1697,Public       ,85,177,262,1805,1707,3512
00121200,HUMPHREYS COLLEGE                       ,CA,95207-3896,Private      ,8,66,74,193,780,973
00121400,IMPERIAL VALLEY COLLEGE                 ,CA,92251-9787,Public       ,292,344,636,3187,2507,5694
00121500,LA SIERRA UNIVERSITY                    ,CA,92515-3332,Private      ,61,47,108,1696,669,2365
00121600,UNIVERSITY OF LA VERNE                  ,CA,91750-4443,Private      ,50,343,393,2495,5076,7571
00121700,LASSEN COLLEGE                          ,CA,96130-3000,Public       ,21,71,92,367,540,907
00121800,LOMA LINDA UNIVERSITY                   ,CA,92350-0001,Private      ,24,105,129,735,4042,4777
00121900,LONG BEACH CITY COLLEGE                 ,CA,90808-1780,Public       ,436,1107,1543,7778,8979,16757
00122000,MASTER'S COLLEGE & SEMINARY (THE)       ,CA,91321-1200,Private      ,10,23,33,1078,334,1412
00122300,LOS ANGELES CITY COLLEGE                ,CA,90029-3588,Public       ,178,527,705,3563,6413,9976
00122400,LOS ANGELES HARBOR COLLEGE              ,CA,90744-2397,Public       ,85,208,293,1686,2489,4175
00122600,LOS ANGELES PIERCE COLLEGE              ,CA,91371-0001,Public       ,209,250,459,4242,3357,7599
00122700,LOS ANGELES TRADE TECH COLLEGE          ,CA,90015-4181,Public       ,129,418,547,2266,4326,6592
00122800,LOS ANGELES VALLEY COLLEGE              ,CA,91401-4096,Public       ,191,325,516,3541,3991,7532
00122900,SO CA UNIV  HEALTH SCIENCES             ,CA,90604-4051,Private      ,0,20,20,11,559,570
00123000,SOUTHERN CA COLLEGE OF OPTOMETRY        ,CA,92831-1699,Private      ,0,1,1,7,489,496
00123200,AMERICAN RIVER COLLEGE                  ,CA,95841-4286,Public       ,313,1018,1331,5570,8884,14454
00123300,SACRAMENTO CITY COLLEGE                 ,CA,95822-1386,Public       ,262,698,960,6043,7078,13121
00123600,MENLO COLLEGE                           ,CA,94027-4301,Private      ,9,13,22,755,154,909
00123700,MERCED COMMUNITY COLLEGE                ,CA,95348-2898,Public       ,204,407,611,3502,3366,6868
00123800,MILLS COLLEGE                           ,CA,94613-1301,Private      ,17,33,50,1119,1024,2143
00123900,MIRACOSTA COLLEGE                       ,CA,92056-3899,Public       ,90,225,315,1611,2035,3646
00124000,MODESTO JUNIOR COLLEGE                  ,CA,95350-5800,Public       ,251,624,875,5488,5723,11211
00124200,MONTEREY PENINSULA COLLEGE              ,CA,93940-4799,Public       ,58,100,158,954,1231,2185
00124300,MOUNT ST MARYS COLLEGE                  ,CA,90049-1599,Private      ,19,134,153,1843,1641,3484
00124500,MT. SAN ANTONIO COLLEGE                 ,CA,91789-1399,Public       ,311,478,789,7662,5519,13181
00124600,MT SAN JACINTO COLLEGE                  ,CA,92583-2399,Public       ,171,512,683,2618,4230,6848
00124700,NAPA VALLEY COLLEGE                     ,CA,94558-6236,Public       ,69,146,215,1001,1353,2354
00124900,OCCIDENTAL COLLEGE                      ,CA,90041-3314,Private      ,18,12,30,3268,192,3460
00125000,ORANGE COAST COLLEGE - FIN AID OFF      ,CA,92628-5005,Public       ,292,378,670,6272,3661,9933
00125100,OTIS COLLEGE OF ART AND DESIGN          ,CA,90045-3505,Private      ,28,22,50,1196,481,1677
00125200,HOPE INTERNATIONAL UNIVERSITY           ,CA,92631-0000,Private      ,6,35,41,486,526,1012
00125300,FRESNO PACIFIC UNIVERSITY               ,CA,93702-4798,Private      ,30,115,145,1451,1597,3048
00125302,FRESNO PACIFIC UNIVERSITY - VISALIA CENT,CA,93277-8341,Private      ,1,16,17,2,37,39
00125303,FRESNO PACIFIC UNIVERSITY - BAKERSFIELD ,CA,93301-4533,Private      ,0,4,4,0,16,16
00125400,PACIFIC LUTHERAN THEOLOGICAL SEM        ,CA,94708-0000,Private      ,0,1,1,1,90,91
00125500,PACIFIC OAKS COLLEGE                    ,CA,91103-3592,Private      ,1,63,64,27,1074,1101
00125600,PACIFIC SCHOOL OF RELIGION              ,CA,94709-0000,Private      ,0,5,5,1,181,182
00125800,PACIFIC UNION COLLEGE                   ,CA,94508-9797,Private      ,42,42,84,1224,413,1637
00125900,PALO VERDE COLLEGE                      ,CA,92225-0000,Public       ,8,23,31,135,315,450
00126000,PALOMAR COLLEGE                         ,CA,92069-1486,Public       ,198,504,702,3881,4064,7945
00126100,PASADENA CITY COLLEGE                   ,CA,91106-2003,Public       ,380,502,882,9203,5409,14612
00126200,POINT LOMA NAZARENE UNIVERSITY          ,CA,92106-2899,Private      ,41,128,169,3146,1030,4176
00126600,LANEY COLLEGE                           ,CA,94607-4893,Public       ,158,424,582,2323,4193,6516
00126700,MERRITT COLLEGE                         ,CA,94619-3196,Public       ,61,278,339,1063,2700,3763
00126800,PORTERVILLE COLLEGE                     ,CA,93257-6059,Public       ,50,178,228,1253,1545,2798
00126900,RIO HONDO COLLEGE                       ,CA,90601-1699,Public       ,220,323,543,4494,3330,7824
00127000,RIVERSIDE COMMUNITY COLLEGE             ,CA,92506-1299,Public       ,486,887,1373,10145,10589,20734
00127200,SAN BERNARDINO VALLEY COLLEGE           ,CA,92410-2798,Public       ,231,642,873,3035,5650,8685
00127300,SAN DIEGO CITY COLLEGE                  ,CA,92101-4787,Public       ,175,704,879,3763,6665,10428
00127500,SAN DIEGO MESA COLLEGE                  ,CA,92111-4996,Public       ,281,449,730,5285,5222,10507
00127800,SAN FRANCISCO CONSERVATORY OF MUSIC     ,CA,94122-4498,Private      ,6,8,14,265,291,556
00127900,SAN FRANCISCO THEOLOGICAL SEMINARY      ,CA,94960-0000,Private      ,1,4,5,1,96,97
00128000,SAN JOAQUIN DELTA COLLEGE               ,CA,95207-6370,Public       ,322,933,1255,5794,7060,12854
00128100,WILLIAM JESSUP UNIVERSITY               ,CA,95765-3707,Private      ,8,58,66,426,378,804
00128200,SAN JOSE CITY COLLEGE                   ,CA,95128-2797,Public       ,116,382,498,2168,3296,5464
00128400,SANTA ANA COLLEGE                       ,CA,92706-3398,Public       ,110,225,335,3133,2913,6046
00128500,SANTA BARBARA CITY COLLEGE              ,CA,93109-2394,Public       ,153,243,396,3333,2066,5399
00128600,SANTA MONICA COLLEGE                    ,CA,90405-1644,Public       ,311,420,731,8006,4554,12560
00128700,SANTA ROSA JUNIOR COLLEGE               ,CA,95401-4395,Public       ,132,348,480,3079,3768,6847
00128800,CLAREMONT SCHOOL OF THEOLOGY            ,CA,91711-0000,Private      ,0,5,5,3,204,207
00128900,SHASTA COLLEGE                          ,CA,96049-7692,Public       ,131,418,549,2455,3273,5728
00129000,SIERRA COLLEGE                          ,CA,95677-3397,Public       ,202,498,700,3369,4216,7585
00129100,SIMPSON UNIVERSITY                      ,CA,96003-8606,Private      ,15,32,47,1090,569,1659
00129200,SOLANO COMMUNITY COLLEGE                ,CA,94534-3197,Public       ,121,335,456,1701,2878,4579
00129300,VANGUARD UNIVERSITY OF SOUTHERN CA      ,CA,92626-6597,Private      ,22,77,99,1842,748,2590
00129400,SOUTHWESTERN COLLEGE                    ,CA,91910-7299,Public       ,346,407,753,5412,4215,9627
00129500,SOUTHWESTERN LAW SCHOOL                 ,CA,90010-1106,Private      ,2,13,15,17,2203,2220
00129600,DOMINICAN SCH PHILOSOPHY & THEOLOGY     ,CA,94709-0000,Private      ,0,0,0,2,18,20
00129900,ST JOHN'S SEMINARY COLLEGE              ,CA,93010-0000,Private      ,0,0,0,4,0,4
00130200,SAINT MARY'S COLLEGE OF CALIFORNIA      ,CA,94556-2744,Private      ,32,101,133,3491,1326,4817
00130500,STANFORD UNIVERSITY                     ,CA,94305-6106,Private      ,204,84,288,12904,2705,15609
00130501,STANFORD UNIVERSITY - GRADUATE SCHOOL OF,CA,94305-5301,Private      ,1,10,11,45,558,603
00130502,STANFORD UNIVERSITY - GRADUATE SCHOOL OF,CA,94305-5015,Private      ,3,19,22,25,977,1002
00130503,STANFORD UNIVERSITY - STANFORD LAW SCHOO,CA,94305-3096,Private      ,3,10,13,18,1711,1729
00130700,FRESNO CITY COLLEGE                     ,CA,93741-0002,Public       ,458,1160,1618,10040,9555,19595
00130800,REEDLEY COLLEGE                         ,CA,93654-2099,Public       ,266,482,748,4135,3983,8118
00130900,TAFT COLLEGE                            ,CA,93268-2317,Public       ,22,51,73,528,514,1042
00131200,UNIVERSITY OF CALIFORNIA-BERKELEY       ,CA,94720-1520,Public       ,752,450,1202,36639,16196,52835
00131300,UNIVERSITY OF CALIFORNIA-DAVIS          ,CA,95616-8558,Public       ,368,221,589,31846,10753,42599
00131400,UNIVERSITY OF CALIFORNIA-IRVINE         ,CA,92697-2825,Public       ,292,236,528,33235,7373,40608
00131500,UNIVERSITY OF CALIFORNIA (UCLA)         ,CA,90095-9000,Public       ,504,607,1111,43453,19254,62707
00131502,UNIV OF CALIFORNIA LOS ANG SCH MED      ,CA,90095-0000,Public       ,9,10,19,135,748,883
00131503,UNIV OF CALIFORNIA LOS ANG DENTAL       ,CA,90095-0000,Public       ,1,3,4,15,159,174
00131600,UNIVERSITY OF CALIFORNIA-RIVERSIDE      ,CA,92521-0209,Public       ,206,160,366,20630,4976,25606
00131700,UNIVERSITY OF CALIFORNIA-SAN DIEGO      ,CA,92093-0013,Public       ,297,158,455,32677,6742,39419
00131900,UNIVERSITY OF CALIFORNIA-SFRANCISCO     ,CA,94143-0246,Public       ,27,68,95,426,3073,3499
00132000,UNIVERSITY OF CALIFORNIA-SANTA BARB     ,CA,93106-3180,Public       ,263,114,377,29762,5427,35189
00132100,UNIVERSITY OF CALIFORNIA-SANTA CRUZ     ,CA,95064-0001,Public       ,223,119,342,19100,3321,22421
00132200,UNIVERSITY OF REDLANDS                  ,CA,92373-0999,Private      ,40,193,233,3597,1811,5408
00132500,UNIVERSITY OF SAN FRANCISCO             ,CA,94117-1080,Private      ,86,203,289,6270,5404,11674
00132600,SANTA CLARA UNIVERSITY                  ,CA,95053-4956,Private      ,71,72,143,6178,3131,9309
00132800,UNIVERSITY OF SOUTHERN CALIFORNIA       ,CA,90089-0914,Private      ,303,341,644,24960,17216,42176
00132900,UNIVERSITY OF THE PACIFIC               ,CA,95211-0197,Private      ,64,87,151,5290,2464,7754
00132901,UNIVERSITY OF THE PACIFIC - MCGEORGE SCH,CA,95817-2799,Private      ,1,14,15,18,2097,2115
00132902,UNIV OF THE PACIFIC SCH OF DENT         ,CA,94115-0000,Private      ,0,15,15,11,590,601
00133400,VENTURA COLLEGE                         ,CA,93003-3899,Public       ,105,255,360,2165,2109,4274
00133500,VICTOR VALLEY COLLEGE                   ,CA,92395-5849,Public       ,195,490,685,2774,5215,7989
00133800,WEST VALLEY COLLEGE                     ,CA,95070-5697,Public       ,67,163,230,1471,1489,2960
00134100,WESTMONT COLLEGE                        ,CA,93108-1099,Private      ,22,4,26,1931,44,1975
00134200,WHITTIER COLLEGE                        ,CA,90601-4413,Private      ,20,14,34,2060,294,2354
00134201,WHITTIER COLLEGE - COLLEGE OF LAW       ,CA,92626-1501,Private      ,0,16,16,2,1363,1365
00134300,WOODBURY UNIVERSITY                     ,CA,91510-7846,Private      ,27,52,79,999,745,1744
00134400,YUBA COLLEGE                            ,CA,95901-7699,Public       ,148,422,570,2611,3748,6359
00177212,TRINITY INTERNATIONAL UNIV-CA           ,CA,92705-0000,Private      ,0,14,14,5,213,218
00274100,AMERICAN JEWISH UNIVERSITY              ,CA,90077-1599,Private      ,3,5,8,81,149,230
00301002,ANTIOCH UNIV/LOS ANGELES                ,CA,90230-7615,Private      ,1,70,71,17,743,760
00301003,ANTIOCH  UNIV/SANTA BARBARA             ,CA,93101-0000,Private      ,7,34,41,163,404,567
00304701,HEBREW UNION COLL - LOS ANGELES         ,CA,90007-0000,Private      ,0,0,0,1,6,7
00369110,MONTEREY INST OF INTERNATL STUDIES      ,CA,93940-2691,Private      ,1,32,33,16,747,763
00394700,UC-HASTINGS COLLEGE OF THE LAW          ,CA,94102-0000,Public       ,0,11,11,15,3306,3321
00394800,SAN FRANCISCO ART INSTITUTE             ,CA,94133-2299,Private      ,26,37,63,956,803,1759
00405500,HEBREW UNION COLLEGE - JEWISH INSTITUTE ,CA,90007-3796,Private      ,0,2,2,2,89,91
00408000,STARR KING SCHOOL FOR THE MINISTRY      ,CA,94709-1299,Private      ,0,0,0,1,62,63
00448000,DE ANZA COLLEGE                         ,CA,95014-5793,Public       ,312,381,693,4053,3213,7266
00448100,OHLONE COLLEGE                          ,CA,94539-5847,Public       ,77,133,210,1511,1391,2902
00448400,JOHN F. KENNEDY UNIVERSITY              ,CA,94523-4817,Private      ,1,126,127,14,1392,1406
00449000,PATTEN UNIVERSITY                       ,CA,94601-2699,Private      ,10,32,42,158,271,429
00449400,EVEREST COLLEGE                         ,CA,92408-3752,Proprietary  ,47,124,171,225,536,761
00450200,CITY COLLEGE OF SAN FRANCISCO           ,CA,94112-0000,Public       ,410,948,1358,5810,8178,13988
00563800,DOWNEY ADULT SCHOOL                     ,CA,90241-5610,Public       ,1,1,2,9,18,27
00565500,HACIENDA LA PUENTE ADULT EDUC CTR       ,CA,91746-0000,Public       ,12,74,86,64,313,377
00616500,LA CNTY CLG OF NURSING & ALLD HLTH      ,CA,90033-1018,Public       ,2,20,22,88,308,396
00672000,COLLEGE OF ALAMEDA                      ,CA,94501-2109,Public       ,79,153,232,1288,1573,2861
00673100,CASA LOMA COLLEGE                       ,CA,91405-4523,Private      ,21,83,104,155,414,569
00686300,VENTURA COUNTY CMTY CLG DISTRICT        ,CA,93010-8552,Public       ,0,2,2,12,20,32
00697300,CANADA COLLEGE                          ,CA,94061-1099,Public       ,23,77,100,467,740,1207
00697500,LINCOLN UNIVERSITY                      ,CA,94612-2801,Private      ,0,8,8,11,38,49
00701200,SAMUEL MERRITT COLLEGE                  ,CA,94609-3108,Private      ,9,90,99,185,1491,1676
00704700,LOS ANGELES SOUTHWEST COLLEGE           ,CA,90047-4810,Public       ,88,341,429,1264,3394,4658
00705000,BAY VISTA COLLEGE OF BEAUTY             ,CA,91950-3616,Proprietary  ,13,30,43,47,120,167
00711500,MOORPARK COLLEGE                        ,CA,93021-1695,Public       ,88,135,223,1965,1454,3419
00713000,NEWBERRY SCHOOLS OF BEAUTY              ,CA,91344-7404,Proprietary  ,14,10,24,64,71,135
00714200,LYLE'S COLLEGE OF BEAUTY                ,CA,93710-3948,Proprietary  ,14,42,56,92,153,245
00714201,LYLE'S CLG OF BTY BAKERSFIELD           ,CA,93301-0000,Proprietary  ,4,4,8,41,42,83
00716400,BRYAN COLLEGE                           ,CA,90057-0000,Proprietary  ,13,101,114,66,355,421
00717801,WESTERN SEMINARY - BAY AREA CENTER      ,CA,95032-0000,Private      ,0,2,2,0,14,14
00717804,WESTERN SEMINARY - SACRAMENTO           ,CA,95821-3939,Private      ,0,1,1,3,29,32
00718700,NORTH ADRIAN'S COLLEGE OF BEAUTY        ,CA,95350-2381,Proprietary  ,10,28,38,54,109,163
00719000,WYOTECH                                 ,CA,94539-7663,Proprietary  ,163,197,360,872,981,1853
00720300,SALON SUCCESS ACADEMY                   ,CA,91786-4060,Proprietary  ,13,16,29,49,51,100
00720400,MODERN BEAUTY ACADEMY                   ,CA,93030-7016,Proprietary  ,14,19,33,39,48,87
00722900,WESTERN BEAUTY INSTITUTE                ,CA,91402-3104,Proprietary  ,35,113,148,157,577,734
00723400,HEALD COLLEGE                           ,CA,94105-2206,Proprietary  ,27,50,77,210,350,560
00723600,ART INST OF CALIFORNIA-LOS ANGELES      ,CA,90405-3035,Proprietary  ,243,210,453,4414,2699,7113
00724500,SAN JOSE BEAUTY COLLEGE                 ,CA,95126-0000,Proprietary  ,0,0,0,1,0,1
00725300,FEDERICO BEAUTY INSTITUTE               ,CA,95834-1905,Proprietary  ,23,39,62,141,228,369
00729600,COLEMAN COLLEGE                         ,CA,92123-0000,Private      ,18,114,132,129,519,648
00745600,MARINELLO SCH BTY BUENA PRK             ,CA,90620-0000,Proprietary  ,1,0,1,4,0,4
00746501,AMERICAN ACADEMY OF DRAMATIC ARTS - HOLL,CA,90028-7504,Private      ,18,7,25,229,101,330
00747600,MARINELLO SCHOOLS OF BEAUTY             ,CA,90023-2666,Proprietary  ,81,203,284,551,1234,1785
00747602,MARINELLO SCHOOLS OF BEAUTY - SPA ACADEM,CA,90048-5101,Proprietary  ,2,2,4,21,17,38
00747603,MARINELLO SCHOOLS OF BEAUTY - INGLEWOOD ,CA,90301-2306,Proprietary  ,0,2,2,8,11,19
00747604,MARINELLO SCHOOLS OF BEAUTY - RESEDA    ,CA,91335-4218,Proprietary  ,1,0,1,7,8,15
00747605,MARINELLO SCHOOLS OF BEAUTY - NORTH HOLL,CA,91606-3210,Proprietary  ,1,0,1,11,6,17
00747606,MARINELLO SCHOOLS OF BEAUTY - WEST COVIN,CA,91790-2805,Proprietary  ,2,2,4,12,8,20
00747607,MARINELLO SCHOOLS OF BEAUTY - SAN BERNAR,CA,92410-3261,Proprietary  ,0,3,3,17,24,41
00747608,MARINELLO SCHOOLS OF BEAUTY - ONTARIO   ,CA,91762-2113,Proprietary  ,0,4,4,23,24,47
00747609,MARINELLO SCHOOLS OF BEAUTY - WHITTIER  ,CA,90601-4107,Proprietary  ,1,3,4,15,8,23
00747611,MARINELLO SCHOOLS OF BEAUTY - SAN DIEGO ,CA,92126-4217,Proprietary  ,2,4,6,33,25,58
00747700,"HEALD COLLEGE,SCHOOLS OF BUS & TECH     ",CA,95670-6005,Proprietary  ,26,77,103,308,629,937
00753100,ACADEMY OF ART UNIVERSITY               ,CA,94105-3410,Proprietary  ,268,527,795,3664,5167,8831
00753600,COSUMNES RIVER COLLEGE                  ,CA,95823-5799,Public       ,149,366,515,3202,3324,6526
00754802,WESTWOOD COLLEGE OF TECHNOLOGY          ,CA,92801-0000,Proprietary  ,134,87,221,839,517,1356
00754803,WESTWOOD COLLEGE OF TECHNOLOGY          ,CA,91786-0000,Proprietary  ,110,92,202,927,684,1611
00760500,ACADEMY PACIFIC BUSINESS & TRAVEL       ,CA,90028-5218,Proprietary  ,0,0,0,10,9,19
00760600,EVEREST COLLEGE                         ,CA,90010-2221,Proprietary  ,49,96,145,229,448,677
00760700,CONCORDE CAREER INSTITUTE               ,CA,91606-3134,Proprietary  ,55,88,143,263,477,740
00770700,COLUMBIA COLLEGE                        ,CA,95370-8580,Public       ,41,80,121,587,710,1297
00771300,SKYLINE COLLEGE                         ,CA,94066-1698,Public       ,48,120,168,1573,1311,2884
00793000,CONCORDE CAREER INSTITUTE               ,CA,92108-0000,Proprietary  ,34,98,132,153,572,725
00799300,CALIF STATE UNIV BAKERSFIELD            ,CA,93311-1022,Public       ,100,251,351,4856,4569,9425
00807100,CONCORDE CAREER INSTITUTE               ,CA,92840-9201,Proprietary  ,49,99,148,229,510,739
00807300,BUTTE COMMUNITY COLLEGE                 ,CA,95965-0000,Public       ,203,455,658,3675,4240,7915
00809000,EVEREST COLLEGE                         ,CA,91803-1310,Proprietary  ,68,194,262,356,758,1114
00809300,HEALD COLLEGE                           ,CA,93704-1706,Proprietary  ,55,114,169,800,928,1728
00853200,HEALD COLLEGE                           ,CA,94545-2352,Proprietary  ,68,124,192,497,917,1414
00853700,CONCORDE CAREER INSTITUTE               ,CA,92401-0000,Proprietary  ,66,156,222,361,929,1290
00859600,WEST LOS ANGELES COLLEGE                ,CA,90230-3500,Public       ,88,245,333,1341,2643,3984
00859700,FEATHER RIVER COLLEGE                   ,CA,95971-9124,Public       ,15,32,47,431,251,682
00884400,CALIFORNIA CHRISTIAN COLLEGE            ,CA,93703-3599,Private      ,2,4,6,34,43,77
00884600,WRIGHT INSTITUTE                        ,CA,94704-0000,Private      ,0,12,12,1,352,353
00886800,DON'S BEAUTY SCHOOL                     ,CA,94612-0000,Proprietary  ,0,1,1,0,1,1
00890300,COLLEGE OF THE CANYONS                  ,CA,91355-1899,Public       ,108,144,252,2108,1527,3635
00891800,SADDLEBACK COLLEGE                      ,CA,92692-3699,Public       ,171,310,481,2067,2180,4247
00902200,ASSOCIATED TECHNICAL COLLEGE            ,CA,90017-0000,Proprietary  ,16,88,104,54,420,474
00903200,EMPIRE COLLEGE                          ,CA,95403-2122,Proprietary  ,21,84,105,115,399,514
00915800,DON BOSCO TECHNICAL INSTITUTE           ,CA,91770-4299,Private      ,0,0,0,10,2,12
00927200,CRAFTON HILLS COLLEGE                   ,CA,92399-1799,Public       ,91,176,267,1421,1524,2945
00932500,ABRAM FRIEDMAN OCCUP CTR                ,CA,90015-3507,Public       ,4,8,12,17,48,65
00950900,SKILLS & BUSINESS EDUCATION CENTER      ,CA,95824-1529,Public       ,17,147,164,131,758,889
00974800,WESTERN CAREER COLLEGE                  ,CA,95826-3203,Proprietary  ,205,562,767,1064,2704,3768
00974802,WESTERN CAREER COLLEGE - PLEASANT HILL C,CA,94523-1984,Proprietary  ,26,75,101,195,377,572
00974805,WESTERN CAREER COLLEGE - FREMONT        ,CA,94538-3115,Proprietary  ,110,316,426,459,1367,1826
00974806,WESTERN CAREER COLLEGE -  ANTIOCH/WALNUT,CA,94531-1604,Proprietary  ,0,2,2,9,16,25
00998900,SANTA BARBARA BUSINESS COLLEGE          ,CA,93111-0000,Proprietary  ,36,58,94,159,340,499
01011100,CERRO-COSO COMMUNITY COLLEGE            ,CA,93555-9571,Public       ,23,115,138,382,1276,1658
01014225,TOURO CLG OSEOPATHIC MEDICINE           ,CA,94592-1115,Private      ,0,6,6,20,706,726
01014900,PEPPERDINE UNIVERSITY                   ,CA,90263-0000,Private      ,101,342,443,6092,5629,11721
01033300,JESUIT SCHOOL OF THEOLOGY - BERKELEY    ,CA,94709-1193,Private      ,0,2,2,2,61,63
01034000,LOS MEDANOS COLLEGE                     ,CA,94565-5197,Public       ,67,203,270,1183,1685,2868
01036500,CHARLES R DREW UNIV OF MED & SCI        ,CA,90059-0000,Private      ,2,14,16,48,405,453
01036800,MENNONITE BRETHREN BIBLICAL SEM         ,CA,93727-0000,Private      ,0,6,6,1,60,61
01037500,HARBOR OCCUPATIONAL CENTER              ,CA,90731-0000,Public       ,0,7,7,23,35,58
01039500,UNIVERSITY OF SAN DIEGO                 ,CA,92110-2492,Private      ,130,126,256,10274,2885,13159
01039501,UNIVERSITY OF SAN DIEGO - SCHOOL OF LAW ,CA,92110-2492,Private      ,3,20,23,60,2815,2875
01044100,PARDEE RAND GRADUATE SCHOOL             ,CA,90407-2138,Private      ,0,2,2,4,17,21
01047400,MARYMOUNT COLLEGE OF PALOS VERDES       ,CA,90275-0000,Private      ,11,1,12,501,34,535
01057900,WEST VALLEY OCCUPATIONAL CTR            ,CA,91367-0000,Public       ,1,8,9,35,67,102
01083100,NEW COLLEGE OF CALIFORNIA               ,CA,94102-0000,Private      ,7,80,87,130,1092,1222
01083200,WESTERN STATE UNIV COLLEGE OF LAW       ,CA,92831-3014,Proprietary  ,1,33,34,13,880,893
01085400,THOMAS JEFFERSON SCHOOL OF LAW          ,CA,92110-0000,Private      ,0,43,43,7,1582,1589
01102400,EVEREST COLLEGE                         ,CA,94103-2091,Proprietary  ,112,406,518,538,1789,2327
01110700,EVEREST  COLLEGE                        ,CA,92801-5231,Proprietary  ,64,168,232,303,638,941
01110900,EVEREST COLLEGE                         ,CA,91335-4631,Proprietary  ,70,101,171,304,465,769
01111200,FIDM-FASHION INSTITUTE OF DESIGN        ,CA,90015-1421,Proprietary  ,356,136,492,5027,1492,6519
01111700,ALLIANT INTERNATIONAL UNIVERSITY        ,CA,92131-1799,Private      ,6,87,93,46,1252,1298
01111705,ALLIANT INTERNATIONAL UNIVERSITY - LOS A,CA,91803-1360,Private      ,0,6,6,8,489,497
01111706,ALLIANT INTERNATIONAL UNIVERSITY - SAN F,CA,94133-1221,Private      ,1,18,19,3,477,480
01111707,ALLIANT INTERNATIONAL UNIVERSITY - FRESN,CA,93727-2014,Private      ,0,8,8,9,269,278
01112100,EVEREST COLLEGE                         ,CA,94541-4007,Proprietary  ,20,101,121,143,472,615
01112300,EVEREST COLLEGE                         ,CA,90247-4163,Proprietary  ,97,280,377,380,1218,1598
01146000,NATIONAL UNIVERSITY                     ,CA,92037-1011,Private      ,57,1969,2026,320,11275,11595
01162600,PRACTICAL SCHOOLS                       ,CA,92805-0000,Proprietary  ,74,141,215,487,697,1184
01164900,LOYOLA MARYMOUNT UNIVERSITY             ,CA,90045-0000,Private      ,108,153,261,8302,2692,10994
01164901,LOYOLA MARYMOUNT UNIVERSITY - LOYOLA LAW,CA,90015-0019,Private      ,2,12,14,30,3019,3049
01167200,MENDOCINO COMMUNITY COLLEGE             ,CA,95482-3000,Public       ,30,118,148,756,1018,1774
01169600,NATIONAL POLYTECHNIC COLLEGE OF SCIENCE ,CA,90744-6399,Private      ,11,51,62,81,344,425
01170700,NORTH-WEST COLLEGE                      ,CA,91790-2097,Proprietary  ,41,97,138,151,340,491
01179200,FRANCISCAN SCHOOL OF THEOLOGY           ,CA,94709-0000,Private      ,0,3,3,0,24,24
01182000,SAN DIEGO MIRAMAR COLLEGE               ,CA,92126-0000,Public       ,77,237,314,1845,2517,4362
01186500,CALIFORNIA HAIR DESIGN ACADEMY          ,CA,92115-0000,Proprietary  ,10,20,30,56,72,128
01202600,JE BOUTIQUE COLLEGE OF BEAUTY           ,CA,92021-6247,Proprietary  ,7,33,40,54,113,167
01202700,GALEN COLLEGE OF CALIFORNIA             ,CA,93728-2381,Proprietary  ,23,41,64,96,164,260
01203100,SAN DIEGO CHRISTIAN COLLEGE             ,CA,92019-1157,Private      ,15,10,25,522,223,745
01206100,EVEREST COLLEGE                         ,CA,95128-3908,Proprietary  ,34,87,121,176,425,601
01215400,CALIFORNIA INSTITUTE OF INTEGRAL STUDIES,CA,94103-2557,Private      ,1,56,57,11,1049,1060
01231600,MANCHESTER BEAUTY COLLEGE               ,CA,93726-5306,Proprietary  ,10,31,41,108,170,278
01231700,TULARE BEAUTY COLLEGE                   ,CA,93274-3432,Proprietary  ,0,1,1,8,22,30
01244600,UNIVERSAL COLLEGE OF BEAUTY             ,CA,90044-0044,Proprietary  ,6,24,30,39,85,124
01245200,EVERGREEN VALLEY COLLEGE                ,CA,95135-1598,Public       ,114,245,359,2565,2309,4874
01255000,LOS ANGELES MISSION COLLEGE             ,CA,91342-3200,Public       ,79,170,249,1633,2110,3743
01265000,MARINELLO SCHOOL OF BEAUTY              ,CA,91502-2828,Proprietary  ,6,22,28,72,142,214
01265100,MARINELLO SCHOOL OF BEAUTY              ,CA,91748-1674,Proprietary  ,8,21,29,46,109,155
01284200,OXNARD COLLEGE                          ,CA,93030-0000,Public       ,72,227,299,1461,1765,3226
01287200,NORTH-WEST COLLEGE                      ,CA,91768-3199,Proprietary  ,13,48,61,58,254,312
01287300,WYOTECH                                 ,CA,90810-3800,Proprietary  ,241,520,761,881,1941,2822
01290700,LAKE TAHOE COMMUNITY COLLEGE            ,CA,96150-4524,Public       ,27,72,99,267,400,667
01291100,MARINELLO SCHOOL OF BEAUTY              ,CA,92646-2552,Proprietary  ,7,16,23,49,57,106
01291200,MTI COLLEGE                             ,CA,95841-0000,Proprietary  ,44,131,175,303,926,1229
01294200,ROSEMEAD BEAUTY SCHOOL                  ,CA,91770-1639,Proprietary  ,6,15,21,40,106,146
01298400,PROFESSIONAL INSTITUTE OF BEAUTY        ,CA,91731-2613,Proprietary  ,4,24,28,11,87,98
01298500,HAIR CALIFORNIA BEAUTY ACADEMY          ,CA,92867-7127,Proprietary  ,1,0,1,7,7,14
01298900,OCEANSIDE COLLEGE OF BEAUTY             ,CA,92054-5393,Proprietary  ,7,6,13,36,45,81
01301000,LANCASTER BEAUTY SCHOOL                 ,CA,93534-3098,Proprietary  ,9,42,51,65,144,209
01307400,AMERICAN BEAUTY COLLEGE                 ,CA,90706-5417,Proprietary  ,5,13,18,28,64,92
01308100,WESTGATE BEAUTY COLLEGE                 ,CA,95129-0000,Proprietary  ,0,0,0,1,0,1
01309500,SALON SUCCESS ACADEMY                   ,CA,92879-6561,Proprietary  ,14,16,30,42,45,87
01310300,CALIFORNIA WESTERN SCHOOL OF LAW        ,CA,92101-0000,Private      ,0,51,51,14,1923,1937
01323300,SIMI VALLEY ADULT SCHOOL/CAREER INS     ,CA,93065-3940,Public       ,1,5,6,18,40,58
01324000,LYTLE'S REDWOOD EMPIRE BEAUTY CLG       ,CA,95403-0000,Proprietary  ,8,18,26,72,82,154
02052300,UNIVERSITY OF WEST LOS ANGELES          ,CA,90301-0000,Private      ,0,0,0,33,107,140
02054900,MARINELLO SCHOOL OF BEAUTY              ,CA,92630-0000,Proprietary  ,4,10,14,13,33,46
02057700,ALMADEN BEAUTY COLLEGE                  ,CA,95123-0000,Proprietary  ,0,0,0,1,0,1
02059800,PARIS BEAUTY COLLEGE                    ,CA,94520-2611,Proprietary  ,5,12,17,27,55,82
02063500,COASTLINE COMMUNITY COLLEGE             ,CA,92708-0000,Public       ,27,210,237,582,1784,2366
02064300,SIERRA COLLEGE OF BEAUTY                ,CA,95340-0000,Proprietary  ,6,7,13,55,45,100
02065500,BROOKS COLLEGE                          ,CA,90804-3289,Proprietary  ,37,49,86,842,423,1265
02065501,BROOKS COLLEGE - SUNNYVALE              ,CA,94086-5303,Proprietary  ,43,48,91,329,343,672
02065700,CALIFORNIA BEAUTY COLLEGE               ,CA,95354-0000,Proprietary  ,5,10,15,60,63,123
02070500,CONCORDIA UNIVERSITY                    ,CA,92612-0000,Private      ,18,76,94,1474,829,2303
02075800,SOUTHERN CA INST OF ARCHITECTURE        ,CA,90013-0000,Private      ,2,9,11,116,483,599
02086400,MARINELLO SCHOOL OF BEAUTY              ,CA,95050-0000,Proprietary  ,2,2,4,13,10,23
02091200,ELEGANCE INTERNATIONAL                  ,CA,90028-0000,Proprietary  ,8,8,16,35,50,85
02091700,KAPLAN COLLEGE                          ,CA,92123-1509,Proprietary  ,77,208,285,423,1076,1499
02096100,FIELDING INSTITUTE                      ,CA,93105-0000,Private      ,0,147,147,0,1089,1089
02099200,AMERICAN CONSERVATORY THEATER           ,CA,94108-0000,Private      ,0,3,3,16,180,196
02110200,COLUMBIA COLLEGE                        ,CA,91356-0000,Private      ,15,17,32,222,153,375
02110800,CALIFORNIA COLLEGE SAN DIEGO            ,CA,92108-3821,Proprietary  ,12,79,91,291,572,863
02111300,CUYAMACA COLLEGE                        ,CA,92019-0000,Public       ,96,181,277,1530,1784,3314
02113601,AMERICAN INTERCONTINENTAL UNIV - LOS ANG,CA,90066-7008,Proprietary  ,70,94,164,932,1078,2010
02119100,MISSION COLLEGE                         ,CA,95054-1897,Public       ,67,231,298,1409,2342,3751
02120600,SAYBROOK GRADUATE SCHOOL                ,CA,94111-1920,Private      ,0,53,53,3,457,460
02120700,SAN JOAQUIN VALLEY COLLEGE              ,CA,93291-0000,Proprietary  ,229,675,904,2016,4231,6247
02120900,ITT TECHNICAL INSTITUTE                 ,CA,95670-6034,Proprietary  ,95,139,234,569,708,1277
02125000,CAREER ACADEMY OF BEAUTY                ,CA,92845-0000,Proprietary  ,16,29,45,61,137,198
02128200,"VICTOR VALLEY BEAUTY COLLEGE, INC       ",CA,92392-0000,Proprietary  ,17,14,31,123,106,229
02128300,INSTITUTE FOR BUSINESS & TECHNOLOGY     ,CA,95050-0000,Proprietary  ,35,196,231,170,777,947
02128301,INSTITUTE FOR BUSINESS & TECHNOLOGY     ,CA,95610-0000,Proprietary  ,24,181,205,105,629,734
02138300,PACIFIC GRADUATE SCHOOL OF PSYCHOLO     ,CA,94303-4232,Private      ,1,8,9,3,411,414
02138300,PALO ALTO UNIVERSITY                    ,CA,94304-1337,Private      ,0,3,3,0,3,3
02147400,CLEVELAND CHIROPRACTIC COLLEGE          ,CA,90004-0000,Private      ,2,22,24,60,400,460
02161800,MUSICIANS INSTITUTE                     ,CA,90028-6157,Proprietary  ,65,67,132,927,619,1546
02167800,ESTES INSTITUTE OF COSMETOLOGY          ,CA,93291-0000,Proprietary  ,21,27,48,86,76,162
02174600,MARINELLO SCHOOL OF BEAUTY              ,CA,90201-0000,Proprietary  ,9,44,53,36,205,241
02180600,BRIDGES  ACADEMY OF BEAUTY              ,CA,92311-2327,Proprietary  ,0,0,0,3,5,8
02184900,PALMER COLLEGE OF CHIROPRACTIC WEST     ,CA,95134-0000,Private      ,1,13,14,20,343,363
02185800,MOLER BARBER COLLEGE                    ,CA,94611-0000,Proprietary  ,1,12,13,8,42,50
02187500,"HEALD COLLEGE, SCH OF BUS & TECH        ",CA,94520-0000,Proprietary  ,71,78,149,475,764,1239
02188400,SIERRA VALLEY COLLEGE OF COURT REPORTING,CA,93726-0000,Proprietary  ,11,18,29,55,154,209
02208600,MADERA BEAUTY COLLEGE                   ,CA,93637-3519,Proprietary  ,0,3,3,15,20,35
02211000,HAIRMASTERS UNIVERSITY OF BEAUTY        ,CA,92405-0000,Proprietary  ,8,10,18,46,50,96
02220000,COLLEEN O'HARA BEAUTY ACADEMY           ,CA,92701-0000,Proprietary  ,9,51,60,35,217,252
02220200,CALIFORNIA CULINARY ACADEMY             ,CA,94102-3336,Proprietary  ,122,207,329,1216,1309,2525
02221300,MARINELLO SCHOOL OF BEAUTY              ,CA,92553-0000,Proprietary  ,6,21,27,74,162,236
02222000,AMERICAN FILM INSTITUTE                 ,CA,90027-0000,Private      ,4,12,16,103,502,605
02226000,EAST LOS ANGELES COLLEGE                ,CA,91754-0000,Public       ,282,415,697,6005,4981,10986
02228500,LIFE CHIROPRACTIC COLLEGE-WEST          ,CA,94545-0000,Private      ,0,23,23,6,478,484
02230900,FREDRICK & CHARLES BEAUTY COLLEGE       ,CA,95501-0000,Proprietary  ,5,8,13,34,51,85
02231900,GEMOLOGICAL INSTITUTE OF AMERICA        ,CA,92008-4698,Private      ,10,39,49,81,230,311
02234300,FASHION CAREERS OF CALIFORNIA           ,CA,92110-0000,Proprietary  ,6,12,18,106,93,199
02236400,"THANH LE COLG, SCH OF COSMETOLOGY       ",CA,92840-0000,Proprietary  ,0,18,18,0,43,43
02237200,PHILLIPS GRADUATE INSTITUTE             ,CA,91316-0000,Private      ,0,40,40,1,386,387
02238200,LAKE FOREST BEAUTY COLLEGE              ,CA,92630-1662,Proprietary  ,0,0,0,1,4,5
02241600,SAN DIEGO CONTINUING EDUCATION          ,CA,92113-0000,Public       ,8,54,62,50,249,299
02241800,AMERICAN CAREER COLLEGE                 ,CA,90004-0000,Proprietary  ,204,451,655,1217,2723,3940
02242700,BERKELEY CITY COLLEGE                   ,CA,94704-0000,Public       ,58,248,306,657,1697,2354
02255400,INTERNATIONAL SCHOOL OF COSMETOLOGY     ,CA,90250-0000,Proprietary  ,3,9,12,13,59,72
02255600,MARINELLO SCHOOL OF BEAUTY              ,CA,90723-0000,Proprietary  ,11,27,38,50,137,187
02258600,ALAMEDA BEAUTY COLLEGE                  ,CA,94501-0000,Proprietary  ,5,16,21,38,69,107
02262400,YESHIVA OHR ELCHONON CHABAD             ,CA,90046-0000,Private      ,16,0,16,46,1,47
02267600,INSTITUTE OF TRANSPERSONAL PSYCHLGY     ,CA,94303-4624,Private      ,0,17,17,0,370,370
02270600,LIFE PACIFIC COLLEGE                    ,CA,91773-0000,Private      ,13,12,25,364,182,546
02276800,WESTMINSTER SEMINARY CALIFORNIA         ,CA,92027-0000,Private      ,0,5,5,1,122,123
02277400,SOUTH COAST COLLEGE                     ,CA,92868-2616,Proprietary  ,12,49,61,78,316,394
02282300,ALHAMBRA BEAUTY COLLEGE                 ,CA,91802-0000,Proprietary  ,6,34,40,31,134,165
02285100,HILLTOP BEAUTY SCHOOL                   ,CA,94014-0000,Proprietary  ,3,21,24,13,156,169
02291500,ITT TECHNICAL INSTITUTE                 ,CA,91773-0000,Proprietary  ,152,183,335,918,1060,1978
02291600,ITT TECHNICAL INSTITUTE                 ,CA,92123-0000,Proprietary  ,51,137,188,614,1118,1732
02298000,DESIGN INSTITUTE OF SAN DIEGO           ,CA,92121-0000,Proprietary  ,8,20,28,190,300,490
02299600,GINO ROBAIR BEAUTY COLLEGE              ,CA,92504-0000,Proprietary  ,0,1,1,0,1,1
02304300,"PLATT COLLEGE, SAN DIEGO                ",CA,92115-0000,Proprietary  ,25,35,60,156,208,364
02306300,KAPLAN COLLEGE                          ,CA,95368-0000,Proprietary  ,58,154,212,293,811,1104
02306302,KAPLAN COLLEGE - FRESNO                 ,CA,93612-3802,Proprietary  ,31,71,102,206,390,596
02309500,CLOVIS ADULT EDUC                       ,CA,93611-0000,Public       ,1,23,24,36,174,210
02312400,LA COLLEGE INTERNATIONAL                ,CA,90010-0000,Proprietary  ,12,23,35,118,158,276
02321800,ITT TECHNICAL INSTITUTE                 ,CA,91342-3664,Proprietary  ,140,140,280,869,951,1820
02321900,ITT TECHNICAL INSTITUTE                 ,CA,92801-0000,Proprietary  ,93,105,198,541,586,1127
02327600,ART INST OF CALIFORNIA-SAN DIEGO        ,CA,92108-4401,Proprietary  ,163,128,291,2043,1430,3473
02330500,LAGUNA COLLEGE OF ART AND DESIGN        ,CA,92651-0000,Private      ,13,7,20,315,137,452
02332800,CENTER FOR EMPLOYMENT TRAINING          ,CA,95110-0000,Private      ,58,410,468,259,1525,1784
02338500,GLENDALE CAREER COLLEGE                 ,CA,91201-0000,Proprietary  ,12,79,91,135,393,528
02338700,MARINELLO SCHOOL OF BEAUTY              ,CA,94103-0000,Proprietary  ,11,22,33,50,120,170
02342400,ACADEMY OF RADIO BROADCASTING           ,CA,92647-3809,Proprietary  ,5,24,29,42,77,119
02343400,"BELLUS ACADEMY, THE ACADEMY OF BEAUTY AN",CA,92064-4633,Proprietary  ,17,33,50,59,126,185
02345800,MONTEBELLO BEAUTY COLLEGE               ,CA,90640-0000,Proprietary  ,5,21,26,38,85,123
02351900,KAPLAN COLLEGE                          ,CA,95660-5512,Proprietary  ,28,84,112,192,478,670
02351901,KAPLAN COLLEGE - BAKERSFIELD            ,CA,93304-0000,Proprietary  ,37,101,138,165,426,591
02358000,THOMAS AQUINAS COLLEGE                  ,CA,93060-9622,Private      ,1,2,3,315,27,342
02359300,SHASTA BIBLE COLLEGE                    ,CA,96002-0000,Private      ,0,4,4,45,40,85
02482700,WESTERN UNIVERSITY OF HEALTH S          ,CA,91766-1854,Private      ,2,22,24,48,2802,2850
02494800,LOLA BEAUTY COLLEGE                     ,CA,92641-0000,Proprietary  ,0,12,12,5,53,58
02497300,TRINITY COLLEGE                         ,CA,93277-0000,Proprietary  ,36,106,142,205,648,853
02500000,SAN JOAQUIN COLLEGE OF LAW              ,CA,93612-0000,Private      ,0,2,2,3,245,248
02518400,THE NATIONAL HISPANIC UNIVERSITY        ,CA,95127-0000,Private      ,13,41,54,276,327,603
02519800,AVANCE BEAUTY COLLEGE                   ,CA,92154-0000,Proprietary  ,5,20,25,37,56,93
02520200,CALIFORNIA CAREER SCHOOLS               ,CA,92805-0000,Proprietary  ,1,5,6,4,41,45
02520300,INTERIOR DESIGNERS INSTITUTE            ,CA,92660-0000,Proprietary  ,14,44,58,47,130,177
02537200,PALOMAR INSTITUTE OF COSMETOLOGY        ,CA,92069-0000,Proprietary  ,22,26,48,114,137,251
02539100,KAPLAN COLLEGE                          ,CA,91606-3231,Proprietary  ,62,122,184,316,733,1049
02539500,IRVINE VALLEY COLLEGE                   ,CA,92620-0000,Public       ,112,166,278,1506,1560,3066
02542300,NATIONAL HOLISTIC INSTITUTE             ,CA,94608-0000,Proprietary  ,26,77,103,136,359,495
02543400,BROWNSON TECHNICAL SCHOOL               ,CA,92805-0000,Proprietary  ,7,21,28,17,56,73
02545900,HYPNOSIS MOTIVATION INSTITUTE           ,CA,91356-0000,Private      ,1,28,29,3,118,121
02546400,MTI BUSINESS COLLEGE INC                ,CA,95207-0000,Proprietary  ,3,49,52,32,186,218
02549000,KAPLAN COLLEGE                          ,CA,92083-7736,Proprietary  ,93,188,281,381,721,1102
02549005,KAPLAN COLLEGE -  PALM SPRINGS          ,CA,92262-7011,Proprietary  ,30,73,103,188,397,585
02552200,CULVER CITY BEAUTY COLLEGE              ,CA,90230-0000,Proprietary  ,0,0,0,0,1,1
02553500,ASSOCIATED TECHNICAL COLLEGE            ,CA,92101-0000,Proprietary  ,6,27,33,22,102,124
02553600,DIVERSIFIED LANGUAGE INSTITUTE          ,CA,90017-0000,Proprietary  ,0,88,88,6,347,353
02559300,UNITED EDUCATION INSTITUTE              ,CA,90020-0000,Proprietary  ,166,417,583,882,2141,3023
02559400,INTERCOAST COLLEGES                     ,CA,92868-1656,Proprietary  ,35,200,235,102,698,800
02565400,KAPLAN COLLEGE                          ,CA,95207-6216,Proprietary  ,30,104,134,250,606,856
02570300,LOS ANGELES ORT TECHNICAL INSTITUTE     ,CA,90048-0000,Private      ,18,127,145,90,531,621
02577900,SANTA BARBARA BUSINESS COLLEGE          ,CA,93309-1664,Proprietary  ,36,62,98,210,558,768
02578000,SANTA BARBARA BUSINESS COLLEGE          ,CA,93454-6943,Proprietary  ,12,45,57,79,263,342
02584200,NEWBRIDGE COLLEGE                       ,CA,92701-0000,Proprietary  ,22,107,129,129,484,613
02591600,NORTH-WEST COLLEGE                      ,CA,91101-1744,Proprietary  ,13,16,29,37,71,108
02593100,HEALD COLLEGE                           ,CA,95678-5303,Proprietary  ,29,41,70,344,605,949
02593200,HEALD COLLEGE                           ,CA,95035-8008,Proprietary  ,40,83,123,379,715,1094
02593300,HEALD COLLEGE                           ,CA,95210-5667,Proprietary  ,52,102,154,466,578,1044
02595600,ASIAN AMERICAN INTERNATIONAL BTY CG     ,CA,92683-4043,Proprietary  ,2,21,23,7,94,101
02597300,SOUTH BAYLO UNIVERSITY                  ,CA,92801-1701,Private      ,1,30,31,6,156,162
02602300,CENTRAL COAST COLLEGE                   ,CA,93901-3301,Proprietary  ,9,21,30,85,169,254
02608900,PINNACLE COLLEGE                        ,CA,91803-8842,Proprietary  ,9,6,15,38,58,96
02609000,EMPERORS COLG OF TRAD ORIENTAL MED      ,CA,90403-5609,Proprietary  ,0,38,38,1,182,183
02612800,LOS ANGELES RECORDING SCHOOL            ,CA,90028-3112,Proprietary  ,79,92,171,493,509,1002
02619300,SAMRA UNIV OF ORIENTAL MEDICINE         ,CA,90015-1019,Private      ,1,16,17,2,101,103
02620300,PLATT COLLEGE                           ,CA,92647-3017,Proprietary  ,16,9,25,75,65,140
03010611,VIRGINIA COLLEGE - GOLF ACADEMY OF AMERI,CA,92008-6512,Proprietary  ,13,17,30,70,97,167
03011300,"CALIF STATE UNIV, SAN MARCOS            ",CA,92096-0001,Public       ,139,240,379,5762,3877,9639
03019900,ADELANTE CAREER INSTITUTE               ,CA,91402-4924,Proprietary  ,6,25,31,20,110,130
03025600,DELL'ARTE SCH OF PHYSICAL THEATRE       ,CA,95525-0816,Private      ,1,1,2,7,30,37
03027700,PACIFIC COLLEGE OF ORIENTAL MED         ,CA,92108-4408,Proprietary  ,2,158,160,17,449,466
03029600,POMONA ADULT SCHOOL                     ,CA,91766-0000,Public       ,4,16,20,41,103,144
03034000,HEALD COLLEGE                           ,CA,93906-5100,Proprietary  ,35,57,92,407,450,857
03035700,LAS POSITAS COLLEGE                     ,CA,94551-6750,Public       ,73,95,168,914,891,1805
03039900,FREMONT COLLEGE                         ,CA,90703-5342,Proprietary  ,9,35,44,46,104,150
03043900,NEWSCHOOL OF ARCHITECTURE & DESIGN      ,CA,92101-6634,Proprietary  ,11,40,51,176,318,494
03044500,KAPLAN COLLEGE                          ,CA,91402-4222,Proprietary  ,13,28,41,90,202,292
03044501,MARIC COLLEGE - PANORAMA CITY           ,CA,91402-4222,Proprietary  ,0,0,0,92,187,279
03052201,COURT REPORTING INSTITUTE-SAN DIEGO     ,CA,92123-1765,Proprietary  ,0,0,0,32,98,130
03054100,ROYALE COLLEGE OF BEAUTY                ,CA,92590-2525,Proprietary  ,7,9,16,45,71,116
03062300,WESTECH COLLEGE                         ,CA,91764-4988,Proprietary  ,12,74,86,39,308,347
03062400,MT DIABLO ADULT EDUC LOMA VISTA CTR     ,CA,94518-1122,Public       ,3,10,13,29,64,93
03062700,PLATT COLLEGE                           ,CA,90041-0000,Proprietary  ,12,13,25,136,168,304
03062701,PLATT COLLEGE                           ,CA,91764-0000,Proprietary  ,38,49,87,232,244,476
03063400,MODERN TECHNOLOGY SCHOOL                ,CA,92708-9821,Proprietary  ,15,42,57,65,211,276
03067400,BALDWIN PARK ADULT SCHOOL               ,CA,91706-4897,Public       ,7,31,38,22,118,140
03067500,INSTITUTE OF TECHNOLOGY                 ,CA,93612-3217,Proprietary  ,108,407,515,562,1689,2251
03069500,SAGE COLLEGE                            ,CA,92557-6720,Proprietary  ,23,83,106,88,348,436
03070400,ITT TECHNICAL INSTITUTE                 ,CA,92408-3519,Proprietary  ,164,164,328,851,896,1747
03072300,EVEREST COLLEGE                         ,CA,91761-3222,Proprietary  ,87,279,366,461,1308,1769
03072700,WESTWOOD COLLEGE - LOS ANGELES          ,CA,90010-1577,Proprietary  ,67,60,127,921,709,1630
03074900,MARTINEZ ADULT CENTER                   ,CA,94553-3298,Public       ,0,3,3,2,29,31
03078200,AMERICAN CLG TRADITIONAL CHINESE MD     ,CA,94107-2813,Private      ,0,28,28,1,245,246
03084700,VENTURA ADULT\CONTINUING EDUCATION      ,CA,93003-7313,Public       ,4,17,21,26,97,123
03085400,CAREER WEST ACADEMY                     ,CA,95928-0000,Proprietary  ,0,1,1,0,2,2
03087400,ITT TECHNICAL INSTITUTE                 ,CA,90502-1356,Proprietary  ,106,236,342,724,1230,1954
03087700,ESCUELAS LEICESTER                      ,CA,90015-0000,Proprietary  ,0,6,6,2,13,15
03094400,ELITE PROGRESSIVE SCHOOL OF COSM        ,CA,95841-2909,Proprietary  ,62,61,123,251,249,500
03097700,CENTRAL CALIF SCH CONTINUING EDUC       ,CA,93401-6739,Proprietary  ,6,29,35,34,158,192
03098200,YO SAN UNIV TRADITIONAL CHINESE MED     ,CA,90066-1103,Private      ,0,23,23,1,111,112
03105700,MONTEREY PARK COLLEGE                   ,CA,91754-2416,Proprietary  ,0,1,1,21,25,46
03108100,SUMMIT CAREER COLLEGE                   ,CA,92324-3956,Proprietary  ,66,333,399,407,1600,2007
03109500,DONGGUK ROYAL UNIVERSITY                ,CA,90020-1765,Private      ,0,23,23,0,97,97
03113100,MARIC COLLEGE                           ,CA,92630-0000,Proprietary  ,29,101,130,130,398,528
03113102,MARIC COLLEGE - CARSON                  ,CA,90746-3228,Proprietary  ,15,57,72,87,309,396
03113103,MARIC COLLEGE - RIVERSIDE               ,CA,92507-4223,Proprietary  ,37,111,148,218,564,782
03113105,MARIC COLLEGE - POMONA                  ,CA,91768-2643,Proprietary  ,20,52,72,95,248,343
03113106,MARIC COLLEGE - SAN DIEGO               ,CA,92120-3425,Proprietary  ,1,5,6,85,229,314
03113108,MARIC COLLEGE - IRWINDALE               ,CA,91706-1410,Proprietary  ,0,0,0,0,2,2
03113300,MCED CAREER COLLEGE                     ,CA,93727-1620,Proprietary  ,10,38,48,26,151,177
03113600,SOUTHERN CALIFORNIA INST OF TECHNOL     ,CA,92805-3758,Proprietary  ,6,90,96,44,454,498
03115400,LYLE'S FRESNO COLLEGE OF BEAUTY         ,CA,93710-0000,Proprietary  ,1,1,2,32,9,41
03116600,EAST SAN GABRIEL VLY REG OCCUP PROG     ,CA,91790-2105,Public       ,0,1,1,2,11,13
03123000,SONOMA COLLEGE                          ,CA,94954-7464,Proprietary  ,3,26,29,68,256,324
03125300,JOHN WESLEY INTER. BARBER & BTY CLG     ,CA,90813-4321,Proprietary  ,2,8,10,42,70,112
03125400,ART INSTITUTE OF CALIFORNIA-HOLLYWOOD (T,CA,90010-1014,Proprietary  ,50,49,99,561,398,959
03125800,PREMIERE CAREER COLLEGE                 ,CA,91706-3746,Proprietary  ,21,91,112,97,290,387
03126800,PACIFICA GRADUATE INSTITUTE             ,CA,93013-0000,Proprietary  ,0,51,51,0,773,773
03128000,SANTA BARBARA CLG OF ORIENTAL MED       ,CA,93101-2430,Proprietary  ,0,0,0,8,66,74
03128700,MT SIERRA COLLEGE                       ,CA,91016-3414,Proprietary  ,19,35,54,357,453,810
03131300,FIVE BRANCHES UNIVERSITY                ,CA,95062-4669,Private      ,0,17,17,20,260,280
03138400,AMERICAN COLLEGE OF MEDICAL TECH        ,CA,90248-1611,Proprietary  ,22,67,89,110,378,488
03144400,AMERICAN CLG OF HEALTH PROFESSIONS      ,CA,92374-0000,Proprietary  ,2,5,7,17,39,56
03150500,VIRGINIA SEWING MACHINES & SCH CTR      ,CA,90015-3535,Proprietary  ,0,12,12,1,70,71
03162300,FOUR-D SUCCESS ACADEMY                  ,CA,92324-4218,Proprietary  ,25,123,148,90,560,650
03163300,PACIFIC STATES UNIVERSITY               ,CA,90006-4298,Private      ,1,1,2,13,21,34
03195400,EVEREST COLLEGE                         ,CA,90501-2867,Proprietary  ,21,25,46,83,122,205
03210300,CALIFORNIA SCHOOL OF CULINARY ARTS      ,CA,91101-5221,Proprietary  ,162,232,394,1342,1252,2594
03225300,AMERICAN UNIVERSITY OF HEALTH SCIENCES  ,CA,90755-3612,Proprietary  ,5,12,17,31,59,90
03242300,CAREER NETWORK INSTITUTE                ,CA,92868-4710,Proprietary  ,22,68,90,131,326,457
03250300,COMMUNITY BASED EDUCATION AND DEVEL     ,CA,90036-1137,Private      ,6,93,99,15,258,273
03260300,CALIFORNIA STATE U-MONTEREY BAY         ,CA,93955-8001,Public       ,73,91,164,3316,1697,5013
03266300,BETHESDA CHRISTIAN UNIVERSITY           ,CA,92801-4132,Private      ,0,1,1,8,33,41
03278300,CLARITA CAREER COLLEGE                  ,CA,91351-5432,Proprietary  ,41,98,139,90,244,334
03282300,KIM ANH ACADEMY OF BEAUTY               ,CA,92683-4605,Proprietary  ,2,43,45,7,122,129
03288300,ACAD CHINESE CULTURE & HEALTH SCIS      ,CA,94512-0000,Private      ,0,14,14,2,107,109
03299300,PACIFIC COLLEGE                         ,CA,92626-3160,Proprietary  ,12,80,92,67,320,387
03308300,KENSINGTON COLLEGE                      ,CA,92705-8708,Proprietary  ,0,4,4,2,15,17
03321300,SCRIPPS RESEARCH INSTITUTE (THE)        ,CA,92037-0000,Private      ,0,0,0,5,23,28
03327400,ACUPUNCTURE AND INTEGRATIVE MEDICINE COL,CA,94704-2724,Private      ,1,30,31,2,149,151
03330300,NEWBRIDGE COLLEGE - BURBANK             ,CA,91754-2416,Proprietary  ,0,2,2,1,4,5
03332300,SOUTHERN CA BIBLE CLG & SEMINARY        ,CA,92019-1109,Private      ,1,17,18,8,158,166
03359300,ST. FRANCIS CAREER COLLEGE              ,CA,90262-2659,Private      ,5,21,26,69,247,316
03367300,PROFESSIONAL GOLFERS CAREER COLLEGE     ,CA,92591-6013,Proprietary  ,12,24,36,97,134,231
03383300,CALIFORNIA RECORDING INSTITUTE          ,CA,94103-3921,Proprietary  ,0,0,0,1,1,2
03392300,CHASE COLLEGE                           ,CA,90010-2501,Proprietary  ,18,48,66,78,145,223
03394300,REMINGTON COLLEGE - SAN DIEGO CAMPUS    ,CA,92108-3002,Proprietary  ,61,144,205,513,1191,1704
03395300,INTERNATIONAL CAREER DEVELOPMENT        ,CA,90027-5794,Proprietary  ,88,250,338,369,995,1364
03399300,NORTHWESTERN TECHNICAL COLLEGE          ,CA,95670-4443,Proprietary  ,27,66,93,80,246,326
03403300,TRINITY LIFE BIBLE COLLEGE              ,CA,95842-3546,Private      ,4,9,13,60,140,200
03413400,ENGLISH CENTER  (THE)                   ,CA,94607-3734,Private      ,5,27,32,39,146,185
03415300,MEDACOM COLLEGE                         ,CA,94560-0000,Proprietary  ,0,0,0,2,18,20
03427400,CAREER COLLEGES OF AMERICA              ,CA,90280-7420,Proprietary  ,51,191,242,265,1207,1472
03427500,ANTELOPE VALLEY MEDICAL COLLEGE         ,CA,93534-3324,Proprietary  ,26,107,133,120,459,579
03440400,MARIAN HEALTH CAREERS CENTER            ,CA,90010-1728,Proprietary  ,16,20,36,42,87,129
03441400,VALLEY CAREER COLLEGE                   ,CA,92020-3057,Proprietary  ,21,43,64,87,275,362
03455900,VALLECITOS CENTER FOR EMPLOYMENT TR     ,CA,94541-5027,Private      ,1,5,6,13,13,26
03458300,MY LE'S BEAUTY COLLEGE                  ,CA,95824-3039,Proprietary  ,8,32,40,54,145,199
03467300,MARINELLO SCHOOL OF BEAUTY              ,CA,92545-3661,Proprietary  ,26,42,68,54,104,158
03467301,CALIFORNIA BEAUTY COLLEGE - DESERT HOT S,CA,92240-1307,Proprietary  ,1,0,1,2,1,3
03474700,OPPORTUNITIES INDUSTRIALIZATION CEN     ,CA,94025-1413,Private      ,0,3,3,0,8,8
03479300,PROFESSIONAL CAREER INSTITUTE           ,CA,90703-2522,Proprietary  ,2,16,18,52,146,198
03479400,DONALD VOCATIONAL SCHOOL                ,CA,90010-1718,Proprietary  ,1,8,9,5,57,62
03485400,JAMES ALBERT SCHOOL OF COSMETOLOGY      ,CA,92627-3831,Proprietary  ,1,5,6,13,50,63
03485401,JAMES ALBERT SCHOOL OF COSMETOLOGY - ANA,CA,92804-5384,Proprietary  ,1,1,2,2,3,5
03516300,THE KING'S COLLEGE AND SEMINARY         ,CA,91405-2233,Private      ,5,28,33,48,246,294
03532400,ADVANCED TRAINING ASSOCIATES            ,CA,92020-1236,Proprietary  ,1,3,4,3,13,16
03542400,COPPER MOUNTAIN COLLEGE                 ,CA,92252-6102,Public       ,36,146,182,327,1084,1411
03550300,OCCUPATIONAL TRAINING SERVICES          ,CA,92123-1539,Private      ,0,7,7,13,41,54
03577300,COBA ACADEMY                            ,CA,92866-1407,Proprietary  ,12,13,25,49,40,89
03590400,NTMA TRAINING CENTERS OF SOUTHERN C     ,CA,90650-6099,Private      ,15,71,86,36,289,325
03592400,IRELL & MANELLA GRADUATE SCHOOL OF BIOLO,CA,91010-0000,Private      ,0,0,0,1,9,10
03598300,AVALON BEAUTY COLLEGE                   ,CA,93103-3137,Proprietary  ,1,10,11,8,27,35
03602400,INSTITUTE OF NETWORK TECHNOLOGY         ,CA,90755-2274,Proprietary  ,2,3,5,6,15,21
03614300,UNITED BEAUTY COLLEGE                   ,CA,91733-0000,Proprietary  ,3,24,27,12,99,111
03615300,COMMUNITY BUSINESS COLLEGE              ,CA,95356-1569,Proprietary  ,0,5,5,14,34,48
03621300,LIBERTY TRAINING INSTITUTE              ,CA,90057-3202,Proprietary  ,3,52,55,11,136,147
03622300,INTERNATIONAL TECHNOLOGICAL UNIVERS     ,CA,95050-3714,Private      ,0,0,0,0,4,4
03633300,CALIFORNIA LEARNING CENTER              ,CA,92805-3700,Proprietary  ,0,0,0,7,31,38
03636300,HEARTWOOD INSTITUTE                     ,CA,95542-9446,Proprietary  ,1,3,4,15,55,70
03639300,WEST COAST ULTRASOUND INSTITUTE         ,CA,90211-3312,Proprietary  ,22,65,87,84,331,415
03646300,DESIGN'S SCHOOL OF COSMETOLOGY          ,CA,93446-1471,Proprietary  ,7,16,23,30,51,81
03662400,ACADEMY EDUCATION SERVICES              ,CA,93030-7026,Proprietary  ,0,1,1,13,47,60
03681300,CALIFORNIA HEALING ARTS COLLEGE         ,CA,90025-2589,Proprietary  ,5,31,36,29,112,141
03695300,COMMUNITY ENHANCEMENT SERVICES          ,CA,91205-2395,Private      ,1,31,32,5,85,90
03695700,SANTIAGO CANYON COLLEGE                 ,CA,92869-4512,Public       ,53,65,118,960,686,1646
03696300,UNIVERSITY OF THE WEST                  ,CA,91770-3709,Private      ,0,4,4,0,4,4
03698300,WEST COAST UNIVERSITY                   ,CA,90004-0000,Proprietary  ,9,89,98,47,541,588
03698400,CA COLLEGE OF VOCATIONAL CAREER         ,CA,93301-1800,Proprietary  ,3,10,13,24,78,102
03722300,AMERICAN MEDICAL SCIENCES CENTER        ,CA,91601-3718,Proprietary  ,1,0,1,3,3,6
03736300,ADVANCE BEAUTY COLLEGE                  ,CA,92843-4752,Proprietary  ,2,66,68,16,232,248
03740400,ATI COLLEGE                             ,CA,90650-0000,Proprietary  ,7,28,35,22,102,124
03755300,GATES COLLEGE                           ,CA,90278-0000,Proprietary  ,1,1,2,5,15,20
03759300,COMPUTER TUTOR BUSINESS & TECH INST     ,CA,95356-0000,Proprietary  ,6,19,25,20,99,119
03786300,ADVANCED COLLEGE                        ,CA,90280-5255,Proprietary  ,7,18,25,36,86,122
03797400,CAREER CARE INSTITUTE                   ,CA,93534-4766,Proprietary  ,34,118,152,116,377,493
03806300,LAKE COLLEGE                            ,CA,96002-0926,Proprietary  ,19,106,125,50,262,312
03810300,SILICON VALLEY UNIVERSITY               ,CA,95131-1868,Private      ,2,4,6,15,30,45
03814400,SOKA UNIVERSITY OF AMERICA              ,CA,92656-8081,Private      ,7,0,7,196,26,222
03835300,CONEJO VALLEY ADULT EDUCATION           ,CA,91360-0000,Public       ,0,0,0,0,5,5
03838400,WALTER JAY M.D. INSTITUTE AN EDUCATIONAL,CA,90057-0000,Proprietary  ,1,4,5,14,37,51
03852500,CIT COLLEGE OF INFOMEDICAL TECHNOLOGY   ,CA,92831-3703,Proprietary  ,10,71,81,27,199,226
03853300,KECK GRADUATE INSTITUTE OF APPLIED LIFE ,CA,91711-4817,Private      ,0,1,1,0,66,66
03853400,LADERA CAREER PATHS TRAINING CENTERS    ,CA,90045-1931,Proprietary  ,0,7,7,3,22,25
03868300,WORLD MISSION UNIVERSITY                ,CA,90020-1789,Private      ,0,3,3,1,41,42
03868400,LOS ANGELES MUSIC ACADEMY               ,CA,91105-2540,Proprietary  ,9,11,20,64,56,120
03871300,FOLSOM LAKE COLLEGE                     ,CA,95630-6798,Public       ,55,186,241,786,1232,2018
03874300,CAMBRIDGE CAREER COLLEGE                ,CA,95993-0000,Proprietary  ,2,1,3,15,17,32
03874400,COMMMUNITY CHRISTIAN COLLEGE            ,CA,92373-4465,Private      ,1,4,5,25,25,50
03889300,STANBRIDGE COLLEGE                      ,CA,92612-0000,Proprietary  ,1,10,11,22,64,86
03901300,PACIFIC COAST TRADE SCHOOL              ,CA,93033-2441,Proprietary  ,3,6,9,4,12,16
03904300,QUALITY COLLEGE OF CULINARY CAREERS     ,CA,93727-1615,Proprietary  ,4,19,23,33,64,97
03910400,NATIONAL POLYTECHNIC COLLEGE            ,CA,90040-3066,Proprietary  ,3,23,26,18,90,108
03933300,MUELLER COLLEGE OF HOLISTIC STUDIES     ,CA,92116-2630,Proprietary  ,5,18,23,37,154,191
03959300,CAREER MANAGEMENT INSTITUTE             ,CA,92868-4117,Proprietary  ,0,0,0,0,7,7
03962300,AMERICAN INSTITUTE OF MASSAGE THERAPY   ,CA,92705-5463,Proprietary  ,1,9,10,17,42,59
03964400,INTERNATIONAL SCHOOL OF BEAUTY          ,CA,92260-2740,Proprietary  ,2,10,12,32,56,88
03969400,MEDICAL INSTITUTE                       ,CA,90029-2428,Proprietary  ,0,0,0,20,39,59
03969600,AMERICAN AUTO INSTITUTE                 ,CA,90703-2637,Proprietary  ,9,28,37,32,71,103
03971300,AMERICAN CAREER COLLEGE                 ,CA,91764-4906,Proprietary  ,25,53,78,145,342,487
03973300,EX'PRESSION COLLEGE FOR DIGITAL ARTS    ,CA,94608-1021,Proprietary  ,96,101,197,415,442,857
03974500,CALIFORNIA CAREER COLLEGE               ,CA,91303-2006,Proprietary  ,8,28,36,20,82,102
03976400,CALIFORNIA INSTITUTE OF THE HEALING ARTS,CA,95825-8551,Proprietary  ,1,5,6,2,12,14
03980300,CALIFORNIA STATE UNIVERSITY CHANNEL ISLA,CA,93012-8599,Public       ,22,36,58,751,558,1309
03995300,UNIVERSITY OF EAST-WEST MEDICINE        ,CA,94087-6106,Proprietary  ,1,9,10,4,42,46
04001300,PALACE BEAUTY COLLEGE                   ,CA,90006-4233,Proprietary  ,1,8,9,14,37,51
04001400,MOJAVE BARBER COLLEGE                   ,CA,92395-3201,Proprietary  ,1,4,5,11,29,40
04003300,CSI CAREER COLLEGE                      ,CA,95687-3100,Proprietary  ,4,18,22,32,115,147
04004300,THUY PRINCESS BEAUTY COLLEGE            ,CA,91766-0000,Proprietary  ,0,7,7,4,11,15
04005300,INTERAMERICAN COLLEGE                   ,CA,91950-4437,Private      ,0,29,29,3,52,55
04011900,AMERICAN COLLEGE OF CALIFORNIA          ,CA,94102-2305,Proprietary  ,0,1,1,11,8,19
04014400,PALLADIUM TECHNICAL ACADEMY             ,CA,91731-2429,Proprietary  ,3,9,12,12,12,24
04037300,LOS ANGELES FILM SCHOOL (THE)           ,CA,90028-7300,Proprietary  ,41,90,131,141,190,331
04049300,MAXINE WATERS EMPLOYMENT PREPARATION CEN,CA,90059-1023,Public       ,1,12,13,3,19,22
04056300,CAREER COLLEGE OF CALIFORNIA            ,CA,92705-5805,Proprietary  ,1,6,7,2,7,9
04057300,TECHSKILLS OF SACRAMENTO                ,CA,95815-4025,Proprietary  ,2,51,53,22,164,186
04076400,GNOMON SCHOOL OF VISUAL EFFECTS         ,CA,90038-2616,Proprietary  ,4,10,14,7,27,34
04114500,VALLEY COLLEGE OF MEDICAL CAREERS       ,CA,91304-2354,Proprietary  ,0,10,10,0,10,10
00184600,BRIAR CLIFF UNIVERSITY                  ,IA,51104-2100,Private      ,8,23,31,1248,448,1696
00184700,BUENA VISTA UNIVERSITY                  ,IA,50588-9987,Private      ,15,103,118,1967,1517,3484
00184800,SOUTHEASTERN COMMUNITY COLLEGE          ,IA,52655-0000,Public       ,65,221,286,1040,1613,2653
00185000,CENTRAL COLLEGE                         ,IA,50219-1999,Private      ,7,2,9,2070,110,2180
00185200,CLARKE COLLEGE                          ,IA,52001-3198,Private      ,13,31,44,984,394,1378
00185400,COE COLLEGE                             ,IA,52402-5092,Private      ,11,14,25,1633,188,1821
00185500,DES MOINES UNIV-OSTEOPATHIC MED CTR     ,IA,50312-0000,Private      ,0,11,11,19,1456,1475
00185600,CORNELL COLLEGE                         ,IA,52314-1098,Private      ,7,3,10,1590,60,1650
00185700,SOUTHWESTERN COMMUNITY COLLEGE          ,IA,50801-1098,Public       ,12,48,60,580,536,1116
00185800,DIVINE WORD COLLEGE                     ,IA,52045-0380,Private      ,6,9,15,13,19,32
00185900,DORDT COLLEGE                           ,IA,51250-1697,Private      ,7,4,11,1187,109,1296
00186000,DRAKE UNIVERSITY                        ,IA,50311-4505,Private      ,27,83,110,3740,2172,5912
00186200,ELLSWORTH COMMUNITY COLLEGE             ,IA,50126-1199,Public       ,19,22,41,607,252,859
00186400,IOWA LAKES COMMUNITY COLLEGE            ,IA,51334-2234,Public       ,42,111,153,1229,965,2194
00186500,IOWA CENTRAL COMMUNITY COLLEGE          ,IA,50501-0000,Public       ,71,190,261,2012,1402,3414
00186600,GRACELAND UNIVERSITY                    ,IA,50140-1699,Private      ,16,107,123,1006,882,1888
00186700,GRAND VIEW UNIVERSITY                   ,IA,50316-1599,Private      ,28,60,88,1301,942,2243
00186800,GRINNELL COLLEGE                        ,IA,50112-1690,Private      ,18,1,19,2072,25,2097
00186900,IOWA STATE UNIV SCIENCE & TECHNOLOG     ,IA,50011-2028,Public       ,208,210,418,17529,4730,22259
00187100,IOWA WESLEYAN COLLEGE                   ,IA,52641-1398,Private      ,8,24,32,580,411,991
00187300,LORAS COLLEGE                           ,IA,52004-0178,Private      ,15,10,25,1928,199,2127
00187400,LUTHER COLLEGE                          ,IA,52101-1045,Private      ,8,7,15,2809,101,2910
00187500,MARSHALLTOWN COMMUNITY COLLEGE          ,IA,50158-4760,Public       ,23,88,111,577,701,1278
00187700,NORTH IOWA AREA COMMUNITY COLLEGE       ,IA,50401-7299,Public       ,51,105,156,1429,954,2383
00187900,MORNINGSIDE COLLEGE                     ,IA,51106-1751,Private      ,14,17,31,1582,313,1895
00188000,MOUNT MERCY COLLEGE                     ,IA,52402-4797,Private      ,8,32,40,1126,596,1722
00188100,ASHFORD UNIVERSITY                      ,IA,52732-3997,Proprietary  ,69,1426,1495,495,5068,5563
00188300,NORTHWESTERN COLLEGE                    ,IA,51041-1996,Private      ,9,4,13,1603,94,1697
00188700,SIMPSON COLLEGE                         ,IA,50125-1297,Private      ,17,33,50,2168,495,2663
00188900,ST AMBROSE UNIVERSITY                   ,IA,52803-2898,Private      ,32,82,114,2496,1285,3781
00189000,UNIVERSITY OF NORTHERN IOWA             ,IA,50614-0705,Public       ,120,163,283,9671,2810,12481
00189100,UNIVERSITY OF DUBUQUE                   ,IA,52001-5099,Private      ,26,23,49,1504,500,2004
00189200,UNIVERSITY OF IOWA                      ,IA,52242-1316,Public       ,197,297,494,16380,8575,24955
00189300,UPPER IOWA UNIVERSITY                   ,IA,52142-9206,Private      ,46,435,481,1274,3386,4660
00189400,VENNARD COLLEGE                         ,IA,52595-0029,Private      ,2,3,5,68,34,102
00189500,WALDORF COLLEGE                         ,IA,50436-1700,Private      ,5,9,14,679,79,758
00189600,WARTBURG COLLEGE                        ,IA,50677-2200,Private      ,12,5,17,2349,75,2424
00189700,WARTBURG THEOLOGICAL SEMINARY           ,IA,52004-5004,Private      ,0,2,2,1,148,149
00190000,WILLIAM PENN UNIVERSITY                 ,IA,52577-1799,Private      ,34,157,191,1012,1437,2449
00396300,AIB COLLEGE OF BUSINESS                 ,IA,50321-1799,Private      ,16,27,43,708,498,1206
00407500,ESTRN IOWA COMMUNITY COLLEGE DIST       ,IA,52801-1221,Public       ,3,6,9,47,83,130
00407501,CLINTON COMMUNITY COLLEGE               ,IA,52732-0000,Public       ,25,67,92,384,569,953
00407502,MUSCATINE COMMUNITY COLLEGE             ,IA,52761-0000,Public       ,22,63,85,396,464,860
00407503,SCOTT COMMUNITY COLLEGE                 ,IA,52722-0000,Public       ,83,254,337,1138,2298,3436
00407600,KIRKWOOD COMMUNITY COLLEGE              ,IA,52406-2068,Public       ,243,602,845,6540,5423,11963
00423300,MERCY/ST. LUKE'S SCH RAD TECH           ,IA,52402-0000,Private      ,0,1,1,16,18,34
00458600,KAPLAN UNIVERSITY                       ,IA,52807-2095,Proprietary  ,806,11456,12262,2867,46532,49399
00458604,KAPLAN UNIVERSITY - CEDAR RAPIDS        ,IA,52404-2998,Proprietary  ,21,78,99,212,809,1021
00458605,KAPLAN UNIVERSITY - DES MOINES          ,IA,50323-5702,Proprietary  ,41,98,139,336,897,1233
00458606,KAPLAN UNIVERSITY - MASON CITY          ,IA,50401-4665,Proprietary  ,8,70,78,161,508,669
00458607,KAPLAN UNIVERSITY - CEDAR FALLS         ,IA,50613-6309,Proprietary  ,20,114,134,236,844,1080
00458610,KAPLAN UNIVERSITY - COUNCIL BLUFFS      ,IA,51503-5289,Proprietary  ,9,48,57,96,416,512
00458700,NORTHEAST IOWA COMMUNITY COLLEGE        ,IA,52132-0400,Public       ,21,80,101,658,713,1371
00458701,NORTHEAST IOWA COMMUNITY COLLEGE        ,IA,52068-0000,Public       ,60,133,193,982,1063,2045
00459500,HAWKEYE COMMUNITY COLLEGE               ,IA,50701-0000,Public       ,137,276,413,2780,2513,5293
00459800,IOWA WESTERN CMTY CLG-COUNCIL BLUFF     ,IA,51502-0000,Public       ,73,200,273,2072,1830,3902
00460000,NORTHWEST IOWA COMMUNITY COLLEGE        ,IA,51201-1046,Public       ,12,27,39,451,313,764
00626700,IOWA METHODIST MEDICAL CENTER SCHOOLS   ,IA,50309-1499,Private      ,1,2,3,20,37,57
00627300,MERCY COLLEGE OF HEALTH SCIENCES        ,IA,50309-1239,Private      ,20,47,67,435,590,1025
00712000,DES MOINES AREA CMTY COLLEGE            ,IA,50021-0000,Public       ,269,738,1007,4927,5853,10780
00712100,FAITH BAPTIST BIBLE CLG & THEOL SEM     ,IA,50021-0000,Private      ,5,7,12,310,84,394
00729100,ST LUKE'S COLLEGE                       ,IA,51104-0263,Private      ,1,3,4,137,98,235
00731600,WESTERN IOWA TECH COMMUNITY COLLEGE     ,IA,51106-0000,Public       ,78,263,341,1178,2357,3535
00758800,CAPRI COLLEGE                           ,IA,52004-0873,Proprietary  ,36,22,58,238,193,431
00761100,EQ SCHOOL OF HAIR DESIGN                ,IA,51503-0813,Proprietary  ,6,4,10,50,54,104
00765600,AMERICAN COLLEGE OF HARISTYLING -CR     ,IA,52402-0000,Proprietary  ,0,4,4,9,16,25
00765800,AMER COLL OF HAIRSTYLING-DES MOINES     ,IA,50309-5446,Proprietary  ,0,9,9,7,39,46
00765900,LA JAMES COLLEGE OF HAIRSTYLING         ,IA,50401-3308,Proprietary  ,9,8,17,70,63,133
00771700,CAPRI COLLEGE                           ,IA,52807-2622,Proprietary  ,0,2,2,28,22,50
00794100,COLLEGE OF HAIR DESIGN                  ,IA,50703-1834,Proprietary  ,3,15,18,28,69,97
00811600,DAYTON'S SCHOOL OF HAIR DESIGN          ,IA,52601-0000,Proprietary  ,1,9,10,8,33,41
00826000,IOWA SCHOOL OF BEAUTY INC               ,IA,50322-0000,Proprietary  ,5,11,16,71,110,181
00840300,INDIAN HILLS COMMUNITY COLLEGE          ,IA,52501-1398,Public       ,87,219,306,1589,1677,3266
00840301,INDIAN HILLS COMMUNITY COLLEGE          ,IA,52544-0000,Public       ,20,41,61,240,270,510
00842400,LA JAMES INTERNATIONAL COLLEGE          ,IA,50501-5577,Proprietary  ,5,10,15,61,57,118
00959300,LA'JAMES COLLEGE OF HAIRSTYLING         ,IA,52240-0000,Proprietary  ,16,7,23,73,36,109
01111300,MAHARISHI UNIV OF MANAGEMENT            ,IA,52557-0001,Private      ,3,11,14,128,143,271
01206400,HAMILTON TECHNICAL COLLEGE              ,IA,52807-2653,Proprietary  ,22,55,77,111,266,377
01230000,PALMER COLLEGE OF CHIROPRACTIC          ,IA,52803-5287,Private      ,6,43,49,101,2446,2547
01300600,LA' JAMES INTERNATIONAL COLLEGE-CF      ,IA,50613-5242,Proprietary  ,13,17,30,71,54,125
02090300,CAPRI COLLEGE                           ,IA,52404-0000,Proprietary  ,1,0,1,38,13,51
02132000,LA JAMES COLLEGE OF HAIRSTYLING         ,IA,50703-0000,Proprietary  ,0,0,0,0,1,1
02134500,LA JAMES INTERNATIONAL COLLEGE - DAV    ,IA,52806-3952,Proprietary  ,5,10,15,44,47,91
02160900,"SALON PROFESSIONAL ACADEMY, THE         ",IA,50010-0000,Proprietary  ,8,7,15,114,35,149
02262500,FAUST INSTITUTE OF COSMETOLOGY          ,IA,50588-0000,Proprietary  ,3,3,6,25,40,65
02274100,LA' JAMES INTERNATIONAL COLLEGE - DM    ,IA,50131-0000,Proprietary  ,25,25,50,117,131,248
02289000,AMERICAN HAIR ACADEMY                   ,IA,52627-4530,Proprietary  ,1,3,4,10,14,24
02306900,IOWA SCHOOL OF BEAUTY                   ,IA,52501-0000,Proprietary  ,3,11,14,30,45,75
02328900,EMMAUS BIBLE COLLEGE                    ,IA,52001-0000,Private      ,2,5,7,187,50,237
02330900,IOWA SCHOOL OF BEAUTY                   ,IA,50158-0000,Proprietary  ,2,2,4,15,24,39
02333200,DAYTON'S SCHOOL OF HAIR DESIGN          ,IA,52632-0000,Proprietary  ,0,3,3,4,8,12
02572500,DAVENPORT BARBER STYLING COLLEGE        ,IA,52807-0000,Proprietary  ,1,2,3,6,16,22
02609200,VATTEROTT COLLEGE                       ,IA,50321-4704,Proprietary  ,1,42,43,73,334,407
03069100,ALLEN COLLEGE                           ,IA,50703-1916,Private      ,1,18,19,289,232,521
03441300,IOWA SCHOOL OF BEAUTY                   ,IA,51106-5111,Proprietary  ,2,7,9,32,45,77
03607400,TOTAL LOOK SCHOOL OF COSMETOLOGY AND MAS,IA,52136-1053,Proprietary  ,0,1,1,4,11,15
00259600,ATLANTIC COMMUNITY COLLEGE              ,NJ,08330-2699,Public       ,220,426,646,2480,3107,5587
00259700,BLOOMFIELD COLLEGE                      ,NJ,07003-3425,Private      ,54,97,151,2246,1336,3582
00259800,CALDWELL COLLEGE                        ,NJ,07006-6195,Private      ,19,58,77,1251,681,1932
00259900,CENTENARY COLLEGE                       ,NJ,07840-2184,Private      ,22,107,129,1334,807,2141
00260000,COLLEGE OF SAINT ELIZABETH              ,NJ,07960-6989,Private      ,17,42,59,676,491,1167
00260100,CUMBERLAND COUNTY COLLEGE               ,NJ,08362-0517,Public       ,92,191,283,1370,1631,3001
00260300,DREW UNIVERSITY                         ,NJ,07940-4063,Private      ,23,16,39,2631,491,3122
00260700,FAIRLEIGH DICKINSON UNIV-TEANECK        ,NJ,07666-1996,Private      ,52,149,201,2511,1744,4255
00260701,FAIRLEIGH DICKINSON UNIV-FLORHAM        ,NJ,07940-0000,Private      ,29,36,65,2256,524,2780
00260702,FAIRLEIGH DICKINSON UNIV-ED WMS CLG     ,NJ,07601-0000,Private      ,6,9,15,93,73,166
00260703,FAIRLEIGH DICKINSON UNIVERSITY          ,NJ,07940-0000,Private      ,27,36,63,1352,511,1863
00260800,GEORGIAN COURT UNIVERSITY               ,NJ,08701-2697,Private      ,59,122,181,1212,1384,2596
00260900,ROWAN UNIVERSITY                        ,NJ,08028-1702,Public       ,193,202,395,9955,2890,12845
00261000,FELICIAN COLLEGE                        ,NJ,07644-2198,Private      ,24,76,100,1219,709,1928
00261300,NEW JERSEY CITY UNIVERSITY              ,NJ,07305-1597,Public       ,111,343,454,3909,3876,7785
00261500,MIDDLESEX COUNTY COLLEGE                ,NJ,08818-3050,Public       ,305,342,647,4115,2845,6960
00261600,MONMOUTH UNIVERSITY                     ,NJ,07764-1898,Private      ,120,133,253,5939,1915,7854
00261700,MONTCLAIR STATE UNIVERSITY              ,NJ,07043-9987,Public       ,349,364,713,11714,4620,16334
00261900,NEW BRUNSWICK THEOLOGICAL SEMINARY      ,NJ,08901-0000,Private      ,0,8,8,13,100,113
00262100,NEW JERSEY INST OF TECHNOLOGY           ,NJ,07102-1982,Public       ,119,120,239,3671,1738,5409
00262200,KEAN UNIVERSITY                         ,NJ,07083-7131,Public       ,241,401,642,7921,4983,12904
00262400,OCEAN COUNTY COLLEGE                    ,NJ,08754-2001,Public       ,215,232,447,3108,1906,5014
00262500,WILLIAM PATERSON UNIVERSITY             ,NJ,07470-2152,Public       ,183,202,385,7448,2851,10299
00262600,PRINCETON THEOLOGICAL SEMINARY          ,NJ,08542-0000,Private      ,0,9,9,2,528,530
00262700,PRINCETON UNIVERSITY                    ,NJ,08544-0001,Private      ,102,35,137,8753,1044,9797
00262800,RIDER UNIVERSITY                        ,NJ,08648-3099,Private      ,81,92,173,5120,1296,6416
00262900,"RUTGERS, THE STATE UNIVERSITY OF NJ     ",NJ,08901-1281,Public       ,691,773,1464,33491,15556,49047
00263200,SETON HALL UNIVERSITY                   ,NJ,07079-2697,Private      ,100,218,318,5973,2612,8585
00263201,SETON HALL UNIVERSITY - SCHOOL OF LAW   ,NJ,07079-5210,Private      ,8,24,32,133,1740,1873
00263800,ST PETER'S COLLEGE                      ,NJ,07306-5997,Private      ,54,89,143,3015,889,3904
00263900,STEVENS INSTITUTE OF TECHNOLOGY         ,NJ,07030-5370,Private      ,30,35,65,2276,438,2714
00264200,COLLEGE OF NEW JERSEY (THE)             ,NJ,08628-0718,Public       ,112,74,186,7884,953,8837
00264300,UNION COUNTY COLLEGE                    ,NJ,07016-1598,Public       ,289,579,868,3355,4526,7881
00473600,BERGEN COMMUNITY COLLEGE                ,NJ,07652-1595,Public       ,285,360,645,4543,3072,7615
00474000,MERCER COUNTY COMMUNITY COLLEGE         ,NJ,08690-0000,Public       ,152,358,510,2113,3074,5187
00539900,MONMOUTH COUNTY VOCATIONAL SCH DIST     ,NJ,07728-5033,Public       ,1,4,5,34,50,84
00545200,TETERBORO SCH OF AERONAUTICS            ,NJ,07608-1083,Proprietary  ,10,13,23,62,56,118
00546000,SOMERSET COUNTY TECHNICAL INSTITUTE     ,NJ,08807-0350,Public       ,4,6,10,32,86,118
00546100,SALEM COMMUNITY COLLEGE                 ,NJ,08069-2799,Public       ,14,70,84,370,547,917
00641000,C E GREGORY SCHOOL OF NURSING           ,NJ,08857-0000,Private      ,2,6,8,71,94,165
00641700,HOLY NAME HOSPITAL SCH OF NURSING       ,NJ,07666-4254,Private      ,3,5,8,72,120,192
00642000,MOUNTAINSIDE HOSP SCH NRSG              ,NJ,07042-4898,Proprietary  ,2,5,7,47,152,199
00642100,MUHLENBERG SNYDER SCHOOLS               ,NJ,07061-3399,Private      ,16,41,57,118,367,485
00642900,ST FRANCIS MEDICAL CTR SCH NURSING      ,NJ,08629-1986,Private      ,0,2,2,13,34,47
00642902,ST FRANCIS MED CTR RAD TECH             ,NJ,08629-0000,Private      ,0,0,0,4,10,14
00686500,CAMDEN COUNTY COLLEGE                   ,NJ,08012-3240,Public       ,317,614,931,4448,5243,9691
00690100,GLOUCESTER COUNTY COLLEGE               ,NJ,08080-4249,Public       ,112,213,325,2101,1671,3772
00710700,ESSEX COUNTY COLLEGE                    ,NJ,07102-1798,Public       ,350,647,997,3819,5398,9217
00750200,BERKELEY COLLEGE                        ,NJ,07424-3367,Proprietary  ,58,132,190,1270,994,2264
00750201,BERKELEY COLLEGE                        ,NJ,07095-0000,Proprietary  ,33,48,81,492,346,838
00750202,BERKELEY COLLEGE - PARAMUS              ,NJ,07652-2931,Proprietary  ,25,35,60,444,272,716
00750600,LINCOLN TECHNICAL INSTITUTE             ,NJ,07083-5032,Proprietary  ,112,164,276,1013,946,1959
00750601,LINCOLN TECHNICAL INSTITUTE             ,NJ,07430-0000,Proprietary  ,59,77,136,700,515,1215
00750700,GIBBS COLLEGE                           ,NJ,07039-1611,Proprietary  ,97,147,244,888,1208,2096
00750701,KATHARINE GIBBS - PISCATAWAY            ,NJ,08854-0000,Proprietary  ,45,63,108,404,532,936
00759300,PARISIAN BEAUTY ACADEMY                 ,NJ,07601-5509,Proprietary  ,20,45,65,66,121,187
00772900,COUNTY COLLEGE OF MORRIS                ,NJ,07869-0000,Public       ,155,124,279,2216,1103,3319
00773000,BURLINGTON COUNTY COLLEGE               ,NJ,08068-1599,Public       ,140,310,450,2243,2184,4427
00773100,RARITAN VALLEY COMMUNITY COLLEGE        ,NJ,08876-1265,Public       ,72,112,184,1176,981,2157
00794700,BETH MEDRASH GOVOHA OF AMERICA          ,NJ,08701-0000,Private      ,132,244,376,233,1227,1460
00840400,BROOKDALE COMMUNITY COLLEGE             ,NJ,07738-1597,Public       ,261,339,600,3901,2825,6726
00844101,ANTHEM INSTITUTE                        ,NJ,08002-0000,Proprietary  ,1,3,4,9,13,22
00849400,HO HO KUS SCHL OF TRADE & TECH SCIENCES ,NJ,07513-1402,Proprietary  ,5,30,35,24,79,103
00860900,RABBINICAL COLLEGE OF AMERICA           ,NJ,07960-3600,Private      ,19,2,21,58,5,63
00907800,CAPRI INSTITUTE OF HAIR DESIGN          ,NJ,07011-2111,Proprietary  ,11,19,30,51,73,124
00934400,RAMAPO COLLEGE OF NEW JERSEY            ,NJ,07430-1680,Public       ,86,64,150,4659,785,5444
00934500,RICHARD STOCKTON COLLEGE OF NJ          ,NJ,08240-0195,Public       ,113,135,248,5514,2118,7632
00999400,PASSAIC COUNTY COMMUNITY COLLEGE        ,NJ,07505-1179,Public       ,184,310,494,2246,2863,5109
01039400,UNIV OF MEDICINE & DENTISTRY OF NJ      ,NJ,07107-0000,Public       ,17,167,184,182,3889,4071
01062900,P B COSMETOLOGY EDUCATION CENTRE        ,NJ,08030-1750,Proprietary  ,18,28,46,89,81,170
01085100,ANTHEM INSTITUTE                        ,NJ,07054-3409,Proprietary  ,123,300,423,671,1153,1824
01085101,ANTHEM INSTITUTE                        ,NJ,07306-0000,Proprietary  ,1,7,8,31,52,83
01085102,ANTHEM INSTITUTE                        ,NJ,08902-0000,Proprietary  ,2,7,9,29,31,60
01090300,RIZZIERI INSTITUTE                      ,NJ,08043-4600,Proprietary  ,8,19,27,85,64,149
01152300,MORRIS COUNTY SCHOOL OF TECHNOLOGY      ,NJ,07834-0000,Public       ,0,4,4,24,29,53
01170800,NATURAL MOTION INST OF HAIR DESIGN      ,NJ,07306-5496,Proprietary  ,6,18,24,27,73,100
01198900,TALMUDICAL ACADEMY                      ,NJ,07710-0000,Private      ,13,0,13,40,1,41
01209000,REIGNBOW BEAUTY ACADEMY                 ,NJ,08861-4118,Proprietary  ,9,38,47,36,117,153
01234600,DOVER BUSINESS COLLEGE                  ,NJ,07011-2161,Proprietary  ,17,59,76,89,272,361
01234602,DOVER BUSINESS COLLEGE                  ,NJ,07801-4643,Proprietary  ,7,33,40,52,216,268
01246100,LINCOLN TECHNICAL INSTITUTE             ,NJ,08820-2896,Proprietary  ,31,84,115,236,337,573
01246102,LINCOLN TECHNICAL INSTITUTE             ,NJ,08054-0000,Proprietary  ,27,76,103,218,389,607
01246103,LINCOLN TECHNICAL INSTITUTE             ,NJ,07652-2106,Proprietary  ,43,80,123,252,475,727
01246200,HOHOKUS - HACKENSACK SCHOOL OF BUSINESS ,NJ,07601-7197,Proprietary  ,22,68,90,108,458,566
01295400,HUDSON COUNTY COMMUNITY COLLEGE         ,NJ,07306-4012,Public       ,213,460,673,3202,4012,7214
02053700,EASTWICK COLLEGE                        ,NJ,07446-0000,Proprietary  ,33,90,123,145,464,609
02061800,ROMAN ACADEMY OF BEAUTY CULTURE         ,NJ,07506-0000,Proprietary  ,7,13,20,32,41,73
02092300,HOHOKUS SCHOOL - RETS/NUTLEY            ,NJ,07110-0000,Proprietary  ,30,54,84,124,239,363
02103700,CAPRI INSTITUTE OF HAIR DESIGN          ,NJ,07652-0000,Proprietary  ,10,16,26,65,71,136
02104000,HARRIS SCHOOL OF BUSINESS               ,NJ,08002-2983,Proprietary  ,32,175,207,99,679,778
02131100,DU CRET SCHOOL OF THE ARTS              ,NJ,07060-0000,Private      ,5,1,6,19,9,28
02131600,PENNCO TECH                             ,NJ,08012-0000,Proprietary  ,57,106,163,323,401,724
02132300,BERDAN INSTITUTE                        ,NJ,07512-0000,Proprietary  ,28,97,125,153,321,474
02146800,JOE KUBERT SCH OF CARTOON & GRAPHIC     ,NJ,07801-0000,Proprietary  ,1,1,2,61,51,112
02149800,EMPIRE BEAUTY SCHOOL                    ,NJ,08021-0000,Proprietary  ,18,38,56,103,222,325
02149801,EMPIRE BEAUTY SCHOOL - BORDENTOWN       ,NJ,08505-1513,Proprietary  ,1,2,3,5,7,12
02154000,DIVERS ACAD OF EASTERN SEABOARD         ,NJ,08081-1139,Proprietary  ,10,35,45,63,106,169
02183600,CAPRI INSTITUTE OF HAIR DESIGN          ,NJ,07033-0000,Proprietary  ,4,10,14,53,68,121
02186700,HARRISON CAREER INSTITUTE               ,NJ,08075-0000,Proprietary  ,0,4,4,9,37,46
02186703,HARRISON CAREER INSTITUTE               ,NJ,08096-0000,Proprietary  ,1,13,14,18,99,117
02186707,HARRISON CAREER INSTITUTE               ,NJ,07079-0000,Proprietary  ,0,0,0,3,7,10
02186708,HARRISON CAREER INSTITUTE               ,NJ,07376-0000,Proprietary  ,6,12,18,28,82,110
02186709,HARRISON CAREER INSTITUTE               ,NJ,07011-0000,Proprietary  ,0,0,0,1,0,1
02192200,THOMAS EDISON STATE COLLEGE             ,NJ,08608-0000,Public       ,22,369,391,169,2826,2995
02219600,OMEGA INSTITUTE                         ,NJ,08109-0000,Proprietary  ,9,40,49,72,141,213
02223700,NEW HORIZON INST OF COSMETOLOGY         ,NJ,07093-0000,Proprietary  ,4,28,32,13,89,102
02223900,DRAKE COLLEGE OF BUSINESS               ,NJ,07201-0000,Proprietary  ,46,290,336,129,888,1017
02232500,UNION COUNTY VOCATIONAL TECH INST       ,NJ,07076-0000,Public       ,7,18,25,46,56,102
02234600,SHORE BEAUTY SCHOOL                     ,NJ,08232-0000,Proprietary  ,6,12,18,21,31,52
02246000,ROSS UNIVERSITY - MEDICAL SCHOOL        ,NJ,08837-0000,Proprietary  ,1,209,210,12,3408,3420
02248600,COOPER HEALTH SYS-CTR ALLIED HEALTH     ,NJ,08103-0000,Private      ,0,6,6,29,57,86
02252700,CONCORDE SCHOOL OF HAIR DESIGN          ,NJ,07712-0000,Proprietary  ,18,70,88,78,197,275
02261800,EUROPEAN ACADEMY OF COSMETOLOGY         ,NJ,07083-0000,Proprietary  ,5,20,25,39,92,131
02265500,CAPRI INSTITUTE OF HAIR DESIGN          ,NJ,08724-0000,Proprietary  ,21,19,40,75,98,173
02277900,ROSS UNIV - SCH OF VETERINARY MED       ,NJ,08837-0000,Proprietary  ,1,29,30,2,845,847
02291000,LINCOLN TECHNICAL INSTITUTE             ,NJ,07080-2424,Proprietary  ,13,12,25,110,55,165
02301900,ALLIED MEDICAL AND TECHNICAL INSTITUTE  ,NJ,07470-3017,Proprietary  ,0,0,0,0,1,1
02312000,BERGEN COUNTY TECHNICAL SCHOOLS         ,NJ,07601-6110,Public       ,7,8,15,33,43,76
02344200,EMPIRE BEAUTY SCHOOL                    ,NJ,08002-0000,Proprietary  ,10,22,32,61,119,180
02503900,WARREN COUNTY COMMUNITY COLLEGE         ,NJ,07882-0000,Public       ,31,46,77,385,347,732
02523700,OCEAN COUNTY VOCATIONAL-TECH SCHOOL     ,NJ,08753-0000,Public       ,4,8,12,75,152,227
02525900,ARTISTIC ACADEMY OF HAIR DESIGN         ,NJ,07950-1409,Proprietary  ,5,14,19,73,55,128
02528200,REIGNBOW BEAUTY ACADEMY                 ,NJ,07060-0000,Proprietary  ,5,6,11,25,70,95
02539903,STAR TECHNICAL INSTITUTE-EGG HARBOR     ,NJ,08234-0000,Proprietary  ,8,58,66,50,240,290
02558700,PRISM CAREER INSTITUTE                  ,NJ,08037-0000,Proprietary  ,32,135,167,85,370,455
02558702,ACADEMY OF COMPUTER CAREERS             ,NJ,08080-0000,Proprietary  ,0,2,2,3,7,10
02568800,SUSSEX COUNTY COMMUNITY COLLEGE         ,NJ,07860-1149,Public       ,48,52,100,920,576,1496
02586800,HARRISON CAREER INSTITUTE               ,NJ,08360-6210,Proprietary  ,0,5,5,23,111,134
02586801,HARRISON CAREER INSTITUTE               ,NJ,07755-0000,Proprietary  ,6,8,14,16,45,61
02586900,HARRIS SCHOOL OF BUSINESS               ,NJ,08084-1520,Proprietary  ,9,40,49,33,191,224
02586901,STAR TECHNICAL INSTITUTE - LAKEWOOD     ,NJ,08701-0000,Proprietary  ,5,58,63,52,285,337
02615401,STAR TECHNICAL INSTITUTE -              ,NJ,07102-4599,Proprietary  ,12,99,111,40,313,353
02616402,SANFORD-BROWN INSTITUTE - ISELIN        ,NJ,08830-0000,Proprietary  ,46,158,204,274,932,1206
03077500,RABBI JACOB JOSEPH SCHOOL               ,NJ,08817-4494,Private      ,0,0,0,7,0,7
03085201,HARRISON CAREER INSTITUTE               ,NJ,08648-0000,Proprietary  ,4,20,24,20,104,124
03122600,EASTERN INTERNATIONAL COLLEGE           ,NJ,07306-3906,Proprietary  ,18,42,60,115,278,393
03187300,STENOTECH CAREER INSTITUTE              ,NJ,07004-3490,Proprietary  ,7,17,24,30,69,99
03197300,INSTITUTE FOR HEALTH EDUCATION(THE)     ,NJ,07306-2929,Proprietary  ,0,3,3,2,11,13
03324300,CENTRAL CAREER SCHOOL                   ,NJ,07080-2408,Proprietary  ,1,16,17,4,43,47
03389300,ACADEMY OF MASSAGE THERAPY              ,NJ,07631-0000,Proprietary  ,2,22,24,16,82,98
03424500,NEW COMMUNITY WORKFORCE DEVELOPMENT     ,NJ,07103-2402,Private      ,3,24,27,34,283,317
03530300,"KEY SKILLS LEARNING, INC.               ",NJ,07013-1900,Proprietary  ,0,7,7,1,29,30
03536300,INSTITUTE FOR THERAPEUTIC MASSAGE       ,NJ,07420-1452,Proprietary  ,6,31,37,31,129,160
03574400,CORTIVA INSTITUTE - SOMERSET SCHOOL OF M,NJ,08854-3908,Proprietary  ,6,23,29,26,69,95
03625300,PERFORMANCE TRAINING INSTITUTE          ,NJ,08753-0000,Proprietary  ,0,2,2,1,4,5
03629300,HELMA INSTITUTE OF MASSAGE THERAPY      ,NJ,07663-6200,Proprietary  ,11,53,64,26,113,139
03650600,PC AGE                                  ,NJ,07306-3936,Proprietary  ,5,7,12,20,60,80
03650603,PC AGE                                  ,NJ,08817-2842,Proprietary  ,5,11,16,15,56,71
03666300,SOMERSET CHRISTIAN COLLEGE              ,NJ,08890-9035,Private      ,3,9,12,19,81,100
03769300,PC TECH LEARNING CENTER                 ,NJ,07306-9900,Proprietary  ,3,46,49,15,166,181
03803300,HEALTHCARE TRAINING INSTITUTE           ,NJ,07083-3504,Proprietary  ,8,17,25,40,140,180
03811300,EASTERN SCHOOL OF ACUPUNCTURE AND TRADIT,NJ,07042-3562,Proprietary  ,0,3,3,4,31,35
        ,BROOKLYN LAW SCHOOL                     ,NY,11201-0000,Private      ,3,20,23,36,3168,3204
00266500,VAUGHN COLLEGE OF AERONAUTICS AND TECHNO,NY,11369-9997,Private      ,25,37,62,681,440,1121
00266600,ADELPHI UNIVERSITY                      ,NY,11530-4299,Private      ,111,298,409,5418,4030,9448
00266700,DOWLING COLLEGE                         ,NY,11769-1999,Private      ,63,172,235,2204,2248,4452
00266800,ALFRED UNIVERSITY                       ,NY,14802-1205,Private      ,20,25,45,2678,500,3178
00266900,BANK STREET COLLEGE OF EDUCATION        ,NY,10025-0000,Private      ,0,37,37,5,781,786
00267100,BARD COLLEGE                            ,NY,12504-5000,Private      ,17,11,28,2401,471,2872
00267800,BRYANT & STRATTON COLLEGE               ,NY,14203-1713,Proprietary  ,121,505,626,1158,4291,5449
00267803,BRYANT & STRATTON COLLEGE - GREECE      ,NY,14606-4227,Proprietary  ,18,117,135,217,793,1010
00267805,BRYANT & STRATTON COLLEGE - SYRACUSE    ,NY,13203-2502,Proprietary  ,66,191,257,603,1373,1976
00267807,BRYANT & STRATTON COLLEGE - ALBANY      ,NY,12205-5230,Proprietary  ,20,50,70,220,536,756
00268100,CANISIUS COLLEGE                        ,NY,14208-1098,Private      ,66,94,160,4327,1266,5593
00268500,CAZENOVIA COLLEGE                       ,NY,13035-1085,Private      ,14,11,25,1409,121,1530
00268700,CUNY-BROOKLYN COLLEGE                   ,NY,11210-2814,Public       ,400,481,881,10491,7017,17508
00268800,CITY COLLEGE-CUNY                       ,NY,10031-9198,Public       ,376,456,832,9722,5568,15290
00268900,CUNY-HUNTER COLLEGE                     ,NY,10021-0000,Public       ,643,683,1326,15889,9348,25237
00269000,QUEENS COLLEGE-CUNY                     ,NY,11367-1597,Public       ,512,490,1002,9568,5488,15056
00269100,CUNY- BOROUGH OF MANHATTAN CMTY CLG     ,NY,10007-1047,Public       ,763,832,1595,10531,9247,19778
00269200,CUNY BRONX COMMUNITY COLLEGE            ,NY,10453-3102,Public       ,473,590,1063,5465,5923,11388
00269300,CUNY-JOHN JAY CLG CRIMINAL JUSTICE      ,NY,10019-1093,Public       ,493,384,877,10295,5279,15574
00269400,KINGSBOROUGH COMMUNITY COLLEGE          ,NY,11235-2398,Public       ,433,350,783,6601,4272,10873
00269600,NY CITY COLLEGE OF TECHNOLOGY-CUNY      ,NY,11201-2983,Public       ,480,491,971,9025,5772,14797
00269700,QUEENSBOROUGH COMMUNITY COLLEGE         ,NY,11364-1497,Public       ,464,309,773,5993,3334,9327
00269800,CUNY THE COLLEGE OF STATEN ISLAND       ,NY,10314-6600,Public       ,285,294,579,7446,3468,10914
00269900,CLARKSON UNIVERSITY                     ,NY,13699-5615,Private      ,21,13,34,3495,264,3759
00270000,COLGATE ROCHESTER CROZER DIVINITY S     ,NY,14620-0000,Private      ,0,4,4,4,76,80
00270100,COLGATE UNIVERSITY                      ,NY,13346-1386,Private      ,33,2,35,3596,46,3642
00270300,COLLEGE OF MOUNT SAINT VINCENT          ,NY,10471-1093,Private      ,35,25,60,1972,279,2251
00270400,COLLEGE OF NEW ROCHELLE                 ,NY,10805-2339,Private      ,58,630,688,1134,5793,6927
00270500,COLLEGE OF SAINT ROSE                   ,NY,12203-1490,Private      ,57,135,192,3909,2025,5934
00270700,COLUMBIA UNIVERSITY                     ,NY,10027-0000,Private      ,72,116,188,2875,2724,5599
00270701,COLUMBIA UNIV ARCHITECTURE              ,NY,10027-0000,Private      ,1,7,8,41,701,742
00270702,COLUMBIA UNIV SCHOOL OF THE ARTS        ,NY,10027-0000,Private      ,4,14,18,56,1017,1073
00270703,COLUMBIA UNIV BUSINESS GRAD             ,NY,10027-0000,Private      ,0,100,100,18,1518,1536
00270704,COLUMBIA UNIV SCHOOL ENGIN-UNDERGRA     ,NY,10027-0000,Private      ,15,0,15,1500,36,1536
00270705,COLUMBIA UNIV SCHOOL GENERAL STUDIE     ,NY,10027-0000,Private      ,7,63,70,282,962,1244
00270706,COLUMBIA UNIV GRAD SCHL ARTS & SCI      ,NY,10027-0000,Private      ,4,112,116,31,1680,1711
00270707,COLUMBIA UNIV SCH INTL PUB AFFAIRS      ,NY,10027-0000,Private      ,1,33,34,6,1180,1186
00270708,COLUMBIA UNIV JOURNALISM GRAD           ,NY,10027-0000,Private      ,0,14,14,14,523,537
00270710,COLUMBIA UNIV COLUMBIA COLLEGE          ,NY,10027-0000,Private      ,66,6,72,6717,205,6922
00270711,COLUMBIA UNIV SCHOOL OF LAW             ,NY,10027-0000,Private      ,2,22,24,33,3305,3338
00270712,COLUMBIA UNIV SOCIAL WORK               ,NY,10025-0000,Private      ,3,21,24,18,884,902
00270713,COLUMBIA UNIV SCHL DENT & ORAL SURG     ,NY,10032-0000,Private      ,2,2,4,9,334,343
00270714,COLUMBIA UNIV INST HUMAN NUTRITION      ,NY,10032-0000,Private      ,0,1,1,2,51,53
00270715,COLUMBIA UNIV NURSING                   ,NY,10032-0000,Private      ,4,27,31,59,623,682
00270716,COLUMBIA UNIV COLL PHYS & SURGEONS      ,NY,10032-0000,Private      ,1,8,9,12,1003,1015
00270717,COLUMBIA UNIV PHYSICAL THERAPY          ,NY,10032-0000,Private      ,0,2,2,9,106,115
00270718,COLUMBIA UNIV OCCUPATIONAL THERAPY      ,NY,10032-0000,Private      ,0,4,4,3,78,81
00270719,COLUMBIA UNIV PUBLIC HEALTH             ,NY,10032-0000,Private      ,0,8,8,4,929,933
00270720,COLUMBIA UNIV - ENGINEERING (GRAD)      ,NY,10027-0000,Private      ,0,14,14,51,306,357
00270721,COLUMBIA UNIV-CONT ED & SP PROGMS       ,NY,10027-0000,Private      ,0,22,22,9,148,157
00270800,BARNARD COLLEGE-COLUMBIA UNIV           ,NY,10027-6598,Private      ,21,5,26,3329,87,3416
00270900,CONCORDIA COLLEGE                       ,NY,10708-1998,Private      ,15,15,30,715,155,870
00271000,COOPER UNION                            ,NY,10003-7120,Private      ,22,6,28,1248,113,1361
00271100,CORNELL UNIVERSITY                      ,NY,14853-2801,Private      ,244,88,332,18947,4539,23486
00271101,WEILL CORNELL MEDICAL COLLEGE AND GRADUA,NY,10021-0000,Private      ,5,6,11,38,708,746
00271200,D'YOUVILLE COLLEGE                      ,NY,14201-1084,Private      ,21,84,105,1385,1285,2670
00271300,DOMINICAN COLLEGE                       ,NY,10962-1299,Private      ,27,46,73,1328,598,1926
00271800,ELMIRA COLLEGE                          ,NY,14901-2099,Private      ,26,58,84,1820,605,2425
00272200,FORDHAM UNIVERSITY                      ,NY,10458-5157,Private      ,266,365,631,14292,7546,21838
00272206,MARYMOUNT COLLEGE                       ,NY,10591-3796,Private      ,16,7,23,333,135,468
00272600,GENERAL THEOLOGICAL SEMINARY            ,NY,10011-0000,Private      ,0,3,3,0,109,109
00272800,HAMILTON COLLEGE                        ,NY,13323-1218,Private      ,17,2,19,2180,31,2211
00272900,HARTWICK COLLEGE                        ,NY,13820-4020,Private      ,15,2,17,2390,71,2461
00273100,HOBART & WILLIAM SMITH COLLEGES         ,NY,14456-3397,Private      ,12,0,12,2494,52,2546
00273200,HOFSTRA UNIVERSITY                      ,NY,11549-1010,Private      ,230,226,456,11412,5335,16747
00273400,HOUGHTON COLLEGE                        ,NY,14744-0128,Private      ,10,28,38,1518,254,1772
00273500,HILBERT COLLEGE                         ,NY,14075-1597,Private      ,25,24,49,836,357,1193
00273700,IONA COLLEGE                            ,NY,10801-1890,Private      ,48,69,117,5339,962,6301
00273900,ITHACA COLLEGE                          ,NY,14850-7130,Private      ,95,17,112,10410,630,11040
00274000,JEWISH THEOLOGICAL SEMINARY OF AMER     ,NY,10027-4649,Private      ,0,3,3,118,204,322
00274200,THE JUILLIARD SCHOOL                    ,NY,10023-6588,Private      ,18,8,26,1003,571,1574
00274400,KEUKA COLLEGE                           ,NY,14478-0000,Private      ,17,73,90,1195,705,1900
00274800,LEMOYNE COLLEGE                         ,NY,13214-1399,Private      ,47,66,113,3474,1011,4485
00274900,NEW YORK COLLEGE OF PODIATRIC MED       ,NY,10035-0000,Private      ,2,16,18,27,370,397
00275100,LONG ISLAND UNIVERSITY                  ,NY,11548-1326,Private      ,135,350,485,6618,4193,10811
00275115,LONG ISLAND UNIVERSITY - SOUTHAMPTON COL,NY,11968-4198,Private      ,15,33,48,104,117,221
00275116,LONG ISLAND UNIVERSITY - BROOKLYN       ,NY,11201-8423,Private      ,186,441,627,5000,4992,9992
00275800,MANHATTAN COLLEGE                       ,NY,10471-4098,Private      ,75,29,104,4592,341,4933
00275900,MANHATTAN SCHOOL OF MUSIC               ,NY,10027-4698,Private      ,5,4,9,615,672,1287
00276000,MANHATTANVILLE COLLEGE                  ,NY,10577-2132,Private      ,22,69,91,2366,797,3163
00276300,MARIA COLLEGE                           ,NY,12208-1798,Private      ,12,62,74,148,669,817
00276500,MARIST COLLEGE                          ,NY,12601-1387,Private      ,72,81,153,6526,973,7499
00276900,MARYMOUNT MANHATTAN COLLEGE             ,NY,10021-4597,Private      ,39,18,57,2330,255,2585
00277200,MERCY COLLEGE                           ,NY,10522-1189,Private      ,173,581,754,2398,6280,8678
00277500,MOLLOY COLLEGE                          ,NY,11570-1100,Private      ,52,120,172,1952,1579,3531
00277700,MEDAILLE COLLEGE                        ,NY,14214-2695,Private      ,28,165,193,1151,1441,2592
00277800,MOUNT SAINT MARY COLLEGE                ,NY,12550-3494,Private      ,32,94,126,2034,1076,3110
00277900,NAZARETH COLLEGE OF ROCHESTER           ,NY,14618-3790,Private      ,22,97,119,2718,1427,4145
00278200,NEW YORK INSTITUTE OF TECHNOLOGY        ,NY,11568-8000,Private      ,97,477,574,4386,4556,8942
00278202,NY INSTITUTE OF TECHNOLOGY-OSTEOPATHIC M,NY,11568-0000,Private      ,0,5,5,6,1136,1142
00278300,NEW YORK LAW SCHOOL                     ,NY,10013-0000,Private      ,0,25,25,20,2810,2830
00278400,NEW YORK MEDICAL COLLEGE                ,NY,10595-0000,Private      ,1,23,24,10,1638,1648
00278500,NEW YORK UNIVERSITY                     ,NY,10012-1091,Private      ,393,1033,1426,29124,22938,52062
00278800,NIAGARA UNIVERSITY                      ,NY,14109-2010,Private      ,66,45,111,3778,727,4505
00279000,NYACK COLLEGE                           ,NY,10960-3698,Private      ,29,278,307,1211,1935,3146
00279100,PACE UNIVERSITY - NEW YORK              ,NY,10038-1598,Private      ,98,225,323,5975,2613,8588
00279101,PACE UNIVERSITY-PLEASANTVILLE           ,NY,10570-0000,Private      ,45,67,112,2929,798,3727
00279102,PACE UNIVERSITY - WHITE PLAINS          ,NY,10603-0000,Private      ,6,65,71,157,1835,1992
00279500,PAUL SMITHS CLG OF ARTS & SCIENCES      ,NY,12970-0000,Private      ,12,5,17,1025,151,1176
00279600,POLYTECHNIC INTSTITUTE OF NEW YORK UNIV ,NY,11201-3840,Private      ,34,53,87,1663,521,2184
00279800,PRATT INSTITUTE                         ,NY,11205-3899,Private      ,68,84,152,3911,2120,6031
00280300,RENSSELAER POLYTECHNIC INSTITUTE        ,NY,12180-3590,Private      ,92,44,136,6798,629,7427
00280500,ROBERTS WESLEYAN COLLEGE                ,NY,14624-1997,Private      ,14,119,133,1267,1079,2346
00280600,ROCHESTER INSTITUTE OF TECHNOLOGY       ,NY,14623-5608,Private      ,185,144,329,11751,2767,14518
00280700,ROCKEFELLER UNIVERSITY                  ,NY,10021-0000,Private      ,0,0,0,8,13,21
00280800,DAEMEN COLLEGE                          ,NY,14226-3592,Private      ,25,44,69,1768,708,2476
00281000,THE SAGE COLLEGES                       ,NY,12180-4199,Private      ,26,71,97,1393,1518,2911
00281200,TROCAIRE COLLEGE                        ,NY,14220-2094,Private      ,34,73,107,445,1090,1535
00281300,SARAH LAWRENCE COLLEGE                  ,NY,10708-5999,Private      ,21,14,35,1974,578,2552
00281400,SKIDMORE COLLEGE                        ,NY,12866-1632,Private      ,25,7,32,3354,115,3469
00281401,SKIDMORE COLL-UNIV WITHOUT WALLS        ,NY,12866-0000,Private      ,2,5,7,31,63,94
00281500,ST BERNARDS SCH THEOLOGY & MINISTRY     ,NY,14618-3822,Private      ,1,2,3,4,42,46
00281600,SIENA COLLEGE                           ,NY,12211-1462,Private      ,54,20,74,4339,228,4567
00281700,ST BONAVENTURE UNIVERSITY               ,NY,14778-2284,Private      ,16,20,36,2197,516,2713
00282000,ST FRANCIS COLLEGE                      ,NY,11201-4398,Private      ,63,46,109,1852,430,2282
00282100,ST JOHN FISHER COLLEGE                  ,NY,14618-3597,Private      ,32,75,107,3980,1400,5380
00282200,CHRIST THE KING SEMINARY                ,NY,14052-0607,Private      ,0,1,1,0,8,8
00282300,ST JOHN'S UNIVERSITY                    ,NY,11439-1343,Private      ,171,188,359,17603,5203,22806
00282500,ST JOSEPH'S COLLEGE                     ,NY,11205-3688,Private      ,31,61,92,863,548,1411
00282501,ST JOSEPH'S COLLEGE-SUFFOLK CAMPUS      ,NY,11772-0000,Private      ,85,99,184,2581,1100,3681
00282600,ST JOSEPH'S SEMINARY                    ,NY,10704-0000,Private      ,0,0,0,0,1,1
00282900,ST LAWRENCE UNIVERSITY                  ,NY,13617-1455,Private      ,24,8,32,2465,119,2584
00283200,ST THOMAS AQUINAS COLLEGE               ,NY,10976-1050,Private      ,38,13,51,1539,250,1789
00283300,ST VLADIMIR ORTHODOX THEOL SEM          ,NY,10707-0000,Private      ,0,1,1,1,38,39
00283500,SUNY AT ALBANY                          ,NY,12222-0001,Public       ,332,257,589,15665,4791,20456
00283600,BINGHAMTON UNIVERSITY (SUNY)            ,NY,13902-6000,Public       ,197,93,290,16409,2482,18891
00283700,SUNY AT BUFFALO                         ,NY,14260-0001,Public       ,314,351,665,18935,9393,28328
00283800,SUNY AT STONY BROOK                     ,NY,11794-0001,Public       ,360,307,667,17200,6174,23374
00283900,SUNY-DOWNSTATE MEDICAL CENTER           ,NY,11203-2098,Public       ,4,26,30,138,1724,1862
00284000,SUNY UPSTATE MEDICAL UNIVERSITY         ,NY,13210-2375,Public       ,5,11,16,171,1062,1233
00284100,SUNY BROCKPORT - FIN AID OFF            ,NY,14420-2914,Public       ,125,180,305,7848,2583,10431
00284200,BUFFALO STATE COLLEGE - SUNY            ,NY,14222-1095,Public       ,255,327,582,9824,4566,14390
00284300,SUNY COLLEGE-CORTLAND                   ,NY,13045-0900,Public       ,89,82,171,8935,1538,10473
00284400,SUNY AT FREDONIA                        ,NY,14063-1145,Public       ,103,41,144,6446,897,7343
00284500,SUNY GENESEO                            ,NY,14454-1401,Public       ,86,25,111,7577,595,8172
00284600,SUNY COLLEGE-NEW PALTZ                  ,NY,12561-2499,Public       ,130,131,261,8285,1935,10220
00284700,SUNY COLLEGE-ONEONTA                    ,NY,13820-4015,Public       ,108,38,146,8709,724,9433
00284800,SUNY OSWEGO                             ,NY,13126-3599,Public       ,135,112,247,8255,2158,10413
00284900,SUNY COLLEGE AT PLATTSBURGH             ,NY,12901-2681,Public       ,81,92,173,5878,1431,7309
00285000,SUNY COLLEGE-POTSDAM                    ,NY,13676-2294,Public       ,67,55,122,4006,990,4996
00285100,SUNY COLLEGE OF ENVIRONMENT SCIENCE AND ,NY,13210-2778,Public       ,14,17,31,1437,449,1886
00285300,SUNY MARITIME COLLEGE                   ,NY,10465-4198,Public       ,11,19,30,998,200,1198
00285400,SUNY COLLEGE OF TECHNOLOGY-ALFRED       ,NY,14802-9951,Public       ,73,39,112,3343,658,4001
00285500,SUNY CANTON COLG OF TECHNOLOGY          ,NY,13617-1098,Public       ,59,60,119,2374,898,3272
00285600,SUNY AG & TECH COLLEGE-COBLESKILL       ,NY,12043-9986,Public       ,46,26,72,2800,394,3194
00285700,SUNY DELHI                              ,NY,13753-1190,Public       ,80,35,115,2635,441,3076
00285800,SUNY FARMINGDALE                        ,NY,11735-1021,Public       ,150,138,288,3965,1504,5469
00285900,SUNY COLLEGE OF AG & TECH AT MORRISVILLE,NY,13408-0901,Public       ,57,52,109,3212,786,3998
00285901,SUNY COLLEGE OF AG & TECH AT MORRISVILLE,NY,13815-1620,Public       ,0,0,0,25,36,61
00286000,ADIRONDACK COMMUNITY COLLEGE            ,NY,12804-2004,Public       ,109,155,264,1617,1161,2778
00286100,CAYUGA COMMUNITY COLLEGE                ,NY,13021-3099,Public       ,118,166,284,1634,1391,3025
00286200,BROOME COMMUNITY COLLEGE                ,NY,13902-0000,Public       ,179,234,413,2963,2105,5068
00286300,CORNING COMMUNITY COLLEGE               ,NY,14830-3297,Public       ,139,221,360,1661,1715,3376
00286400,DUTCHESS COMMUNITY COLLEGE              ,NY,12601-1595,Public       ,157,181,338,2100,1364,3464
00286600,FASHION INSTITUTE OF TECHNOLOGY         ,NY,10001-5992,Public       ,174,184,358,6028,2380,8408
00286700,SUNY FULTON MONTGOMERY COMM CLG         ,NY,12095-3790,Public       ,58,86,144,914,741,1655
00286800,HUDSON VALLEY COMMUNITY COLLEGE         ,NY,12180-6096,Public       ,353,394,747,5304,3165,8469
00286900,JAMESTOWN COMMUNITY COLLEGE             ,NY,14702-0020,Public       ,126,217,343,2113,1568,3681
00287000,JEFFERSON COMMUNITY COLLEGE             ,NY,13601-1897,Public       ,78,200,278,1274,1565,2839
00287100,"SUNY, MOHAWK VALLEY COMMUNITY CLG       ",NY,13501-5394,Public       ,205,259,464,3339,1948,5287
00287200,MONROE COMMUNITY COLLEGE                ,NY,14623-5780,Public       ,456,700,1156,7600,6293,13893
00287300,NASSAU COMMUNITY COLLEGE                ,NY,11530-6793,Public       ,493,458,951,7851,4192,12043
00287400,NIAGARA COUNTY COMMUNITY COLLEGE        ,NY,14132-9460,Public       ,218,356,574,2942,2495,5437
00287500,ONONDAGA COMMUNITY COLLEGE              ,NY,13215-4585,Public       ,286,330,616,3909,2987,6896
00287600,ORANGE COUNTY COMMUNITY COLLEGE         ,NY,10940-6441,Public       ,180,211,391,2063,1614,3677
00287700,ROCKLAND COMMUNITY COLLEGE              ,NY,10901-3611,Public       ,134,138,272,1505,1097,2602
00287800,SUFFOLK COMMUNITY COLLEGE               ,NY,11784-2899,Public       ,336,279,615,4529,2303,6832
00287801,SUFFOLK COMMUNITY CLG-W. CAMPUS         ,NY,11717-0000,Public       ,187,206,393,2227,1730,3957
00287803,SUFFOLK COMMUNITY CLG-EASTRN CAMPUS     ,NY,11901-0000,Public       ,56,80,136,758,616,1374
00287900,SULLIVAN COUNTY COMMUNITY COLLEGE       ,NY,12759-5151,Public       ,62,83,145,1122,524,1646
00288000,ULSTER COUNTY COMMUNITY COLLEGE         ,NY,12484-0557,Public       ,66,85,151,1018,666,1684
00288100,SUNY WESTCHESTER COMMUNITY COLLEGE      ,NY,10595-1698,Public       ,292,351,643,3037,2641,5678
00288200,SYRACUSE UNIVERSITY                     ,NY,13244-2130,Private      ,139,162,301,15530,5369,20899
00288300,UTICA COLLEGE OF SYRACUSE UNIV          ,NY,13502-4892,Private      ,44,85,129,2767,1101,3868
00288500,ALBANY COLLEGE OF PHARMACY AND HEALTH SC,NY,12208-3492,Private      ,13,11,24,1288,568,1856
00288600,ALBANY LAW SCHOOL                       ,NY,12208-0000,Private      ,2,11,13,30,1301,1331
00288700,ALBANY MEDICAL COLLEGE                  ,NY,12208-0000,Private      ,0,21,21,22,893,915
00288900,UNION COLLEGE                           ,NY,12308-2311,Private      ,23,4,27,2577,94,2671
00289000,UNION THEOLOGICAL SEMINARY              ,NY,10027-0000,Private      ,0,4,4,0,304,304
00289200,UNITED STATES MERCHANT MARINE ACADEMY   ,NY,11024-1699,Public       ,7,1,8,333,14,347
00289400,UNIVERSITY OF ROCHESTER                 ,NY,14627-9000,Private      ,66,88,154,6240,1369,7609
00289401,EASTMAN SCH OF MUSIC/UNIV ROCHESTER     ,NY,14604-0000,Private      ,6,4,10,752,388,1140
00289402,UNIV OF ROCHESTER SCHL OF MEDICINE      ,NY,14642-0000,Private      ,0,12,12,38,695,733
00289500,VASSAR COLLEGE                          ,NY,12604-0008,Private      ,34,1,35,3417,55,3472
00289600,VILLA MARIA COLLEGE-BUFFALO             ,NY,14225-3999,Private      ,16,24,40,381,275,656
00289900,WAGNER COLLEGE                          ,NY,10301-4495,Private      ,57,26,83,2570,269,2839
00290000,WEBB INSTITUTE                          ,NY,11542-1398,Private      ,2,0,2,54,1,55
00290100,WELLS COLLEGE                           ,NY,13026-0500,Private      ,9,2,11,761,66,827
00290300,YESHIVA UNIVERSITY                      ,NY,10033-3201,Private      ,70,78,148,1742,2663,4405
00290302,YESHIVA UNIVERSITY - BRONX CAMPUS       ,NY,10461-1975,Private      ,7,38,45,14,1142,1156
00397400,MESIVTHA TIFERETH JERUSALEM OF AMER     ,NY,10002-6382,Private      ,20,1,21,26,1,27
00397600,RABBINICAL ACAD MESIVTA RABBI CHAIM     ,NY,11230-4715,Private      ,2,0,2,5,0,5
00397700,RABBINICAL COLLEGE CH'SAN SOFER         ,NY,11204-1252,Private      ,0,10,10,3,10,13
00397800,RABBINICAL SEMINARY OF AMERICA          ,NY,11375-0000,Private      ,5,14,19,16,44,60
00397900,COLUMBIA UNIV TEACHERS COLLEGE          ,NY,10027-0000,Private      ,6,171,177,25,3604,3629
00405400,HEBREW UNION COL-JEWISH INST OF REL     ,NY,10012-0000,Private      ,0,0,0,1,96,97
00455301,ITT TECHNICAL INSTITUTE                 ,NY,12205-0000,Proprietary  ,21,53,74,250,456,706
00475900,"CUNY, YORK COLLEGE                      ",NY,11451-0001,Public       ,194,245,439,4481,3131,7612
00476500,CUNY GRADUATE SCH & UNIV CTR            ,NY,10016-0000,Public       ,0,0,0,40,1796,1836
00476500,CUNY GRADUATE SCH & UNIV CTR            ,NY,10016-4309,Public       ,2,121,123,2,122,124
00477600,CENTRAL YESHIVA TOMCHEI TMIMIM LUBA     ,NY,11230-2798,Private      ,153,29,182,189,44,233
00478800,HERKIMER COUNTY COMMUNITY COLLEGE       ,NY,13350-1598,Public       ,86,105,191,2083,942,3025
00479800,MIRRER YESHIVA CENTRAL INST             ,NY,11223-2010,Private      ,18,2,20,65,62,127
00479900,MONROE COLLEGE                          ,NY,10468-4305,Proprietary  ,193,468,661,2857,5330,8187
00481100,EVEREST INSTITUTE                       ,NY,14621-3007,Proprietary  ,81,380,461,497,2569,3066
00482500,TAYLOR BUSINESS INSTITUTE               ,NY,10011-5501,Proprietary  ,0,1,1,610,543,1153
00506401,ST JAMES MERCY HOSP SCH OF RAD          ,NY,14843-2197,Private      ,0,2,2,19,18,37
00506600,FAXTON ST. LUKE'S SCHOOL OF RADIOGRAPHY ,NY,13502-4856,Private      ,0,1,1,22,13,35
00520800,THE COLLEGE OF WESTCHESTER              ,NY,10602-0000,Proprietary  ,85,88,173,655,683,1338
00587700,ROBERT J HOCHSTIM SCHOOL OF RADIOG      ,NY,11572-1151,Private      ,0,0,0,0,9,9
00643501,ARNOT OGDEN MEDICAL CENTER              ,NY,14905-1676,Private      ,1,2,3,30,40,70
00643800,PHILLIPS BETH ISRAEL SCH OF NURSING     ,NY,10001-6354,Private      ,5,5,10,71,205,276
00644300,COCHRAN SCH NSG-ST JOHN RVSDE HOSP      ,NY,10701-1399,Private      ,2,22,24,56,320,376
00644500,CROUSE HOSP SCH OF NURSING              ,NY,13210-1690,Private      ,3,18,21,119,219,338
00644800,ELLIS HOSPITAL SCHOOL OF NURSING        ,NY,12308-0000,Private      ,1,7,8,23,118,141
00646101,ST ELIZABETH COLLEGE OF NURSING         ,NY,13501-2998,Private      ,1,2,3,95,154,249
00646102,ST ELIZABETH SCH OF RADIOGRAPHY         ,NY,13501-0000,Private      ,1,0,1,13,10,23
00646700,SAINT JOSEPH'S COLLEGE OF NURSING       ,NY,13203-1806,Private      ,2,6,8,148,233,381
00678200,GENESEE COMMUNITY COLLEGE               ,NY,14020-9704,Public       ,119,189,308,2402,1783,4185
00678500,SCHENECTADY COUNTY COMMUNITY CLG        ,NY,12305-2294,Public       ,118,166,284,1603,1429,3032
00678700,CLINTON COMMUNITY COLLEGE               ,NY,12901-5690,Public       ,58,84,142,1063,685,1748
00678800,TOMPKINS CORTLAND COMMUNITY COLLEGE     ,NY,13053-8504,Public       ,116,133,249,1829,1152,2981
00678900,COLUMBIA-GREENE COMMUNITY COLLEGE       ,NY,12534-9543,Public       ,50,57,107,829,585,1414
00679100,SUNY AT PURCHASE                        ,NY,10577-1400,Public       ,89,53,142,4962,812,5774
00702200,CUNY-LEHMAN COLLEGE                     ,NY,10468-1589,Public       ,313,471,784,7467,6074,13541
00702600,"MT SINAI SCH OF MEDICINE, NY UNIV       ",NY,10029-0000,Private      ,0,11,11,5,895,900
00710900,SUNY COLLEGE-OLD WESTBURY               ,NY,11568-0210,Public       ,118,95,213,3603,1255,4858
00711100,NORTH COUNTRY COMMUNITY COLLEGE         ,NY,12983-2046,Public       ,37,64,101,736,541,1277
00726400,MESIFTA TORAH VODAATH RABBINCAL SEM     ,NY,11218-5209,Private      ,14,9,23,18,31,49
00727300,CUNY-BERNARD BARUCH COLLEGE             ,NY,10010-5518,Public       ,356,423,779,11691,5507,17198
00730400,CULINARY INSTITUTE OF AMERICA           ,NY,12538-1499,Private      ,193,142,335,2522,1158,3680
00737200,AUSTIN'S SCHOOL OF SPA TECHNOLOGY       ,NY,12206-1513,Proprietary  ,10,39,49,40,104,144
00737500,ISLAND DRAFTING & TECHNICAL INST        ,NY,11701-2704,Proprietary  ,7,13,20,81,79,160
00738700,LONG ISLAND BEAUTY SCHOOL               ,NY,11788-4346,Proprietary  ,23,27,50,86,112,198
00738800,LONG ISLAND BEAUTY SCHOOL               ,NY,11550-3704,Proprietary  ,7,37,44,35,98,133
00739100,BEAUTY SCHOOL OF MIDDLETOWN             ,NY,10940-6574,Proprietary  ,8,15,23,46,95,141
00739400,BERKELEY COLLEGE                        ,NY,10017-0000,Proprietary  ,122,194,316,1901,1490,3391
00739402,BERKELEY COLLEGE-WESTCHESTER CAMPUS     ,NY,10601-1533,Proprietary  ,31,18,49,633,216,849
00739800,KATHARINE GIBBS SCHOOL                  ,NY,10018-2602,Proprietary  ,252,439,691,2057,3149,5206
00740100,MANDL SCHOOL                            ,NY,10019-5516,Proprietary  ,17,108,125,99,682,781
00740500,WOOD TOBE-COBURN SCHOOL                 ,NY,10016-0102,Proprietary  ,7,4,11,517,93,610
00746500,AMERICAN ACADEMY OF DRAMATIC ARTS       ,NY,10016-7089,Private      ,17,6,23,339,124,463
00746600,LIM COLLEGE                             ,NY,10022-5268,Proprietary  ,25,6,31,920,89,1009
00746800,SCHOOL OF VISUAL ARTS                   ,NY,10010-3994,Proprietary  ,65,41,106,3117,1194,4311
00750602,LINCOLN TECHNICAL INSTITUTE             ,NY,11357-6092,Proprietary  ,79,25,104,222,63,285
00751800,APEX TECHNICAL SCHOOL                   ,NY,10011-2008,Proprietary  ,184,330,514,661,1300,1961
00752200,CONTINENTAL SCH OF BEAUTY CULTURE       ,NY,14623-3231,Proprietary  ,44,96,140,143,318,461
00753200,FINGER LAKES COMMUNITY COLLEGE          ,NY,14424-8395,Public       ,117,162,279,2182,1544,3726
00757200,AMERICAN MUSICAL AND DRAMATIC ACAD      ,NY,10023-2106,Private      ,50,9,59,1285,214,1499
00757300,EMPIRE BEAUTY SCHOOL                    ,NY,11103-4028,Proprietary  ,10,35,45,73,150,223
00780400,CAREER ACADEMY OF NEW YORK              ,NY,10011-7307,Proprietary  ,32,77,109,124,318,442
00818900,CONTINENTAL SCH OF BEAUTY CULTURE       ,NY,14223-0000,Proprietary  ,0,1,1,10,5,15
00818902,CONTINENTAL SCHOOL OF BEAUTY CULTURE  - ,NY,14224-3402,Proprietary  ,0,1,1,4,9,13
00843500,INTERBORO INSTITUTE                     ,NY,10019-3604,Proprietary  ,253,240,493,2101,2713,4814
00843700,CHAMPLAIN VALLEY - TEC/PRN              ,NY,12901-0000,Public       ,0,0,0,8,32,40
00849500,JAMESTOWN BUSINESS COLLEGE              ,NY,14702-0429,Proprietary  ,5,20,25,139,244,383
00861100,"CUNY, HOSTOS CMTY COLLEGE               ",NY,10451-1499,Public       ,273,427,700,2516,3528,6044
00861400,RABBINICAL CLG BOBOVER YESHIVA BNEI     ,NY,11219-3293,Private      ,64,21,85,86,21,107
00861700,RABBINICAL SEM MKOR CHAIM-YESHIVA       ,NY,11219-4300,Private      ,6,0,6,6,0,6
00878800,SUNY-STUDENT LOAN SERVICE CENTER        ,NY,12144-3440,Public       ,5,7,12,136,103,239
00900300,OLEAN BUSINESS INSTITUTE INC            ,NY,14760-2691,Proprietary  ,3,16,19,31,82,113
00902900,NEIGHBORHOOD PLAYHOUSE                  ,NY,10022-5017,Private      ,1,1,2,34,22,56
00904300,ELMIRA BUSINESS INSTITUTE               ,NY,14901-2731,Proprietary  ,13,76,89,135,852,987
00907700,UTICA SCHOOL OF COMMERCE                ,NY,13501-2280,Proprietary  ,7,29,36,140,285,425
00924800,SAMARITAN HOSPITAL SCH NURSING          ,NY,12180-2475,Private      ,6,10,16,50,135,185
00928300,MIDWAY-PARIS BEAUTY SCHOOL              ,NY,11385-3453,Proprietary  ,3,29,32,20,80,100
00928400,LEARNING INST FOR BEAUTY SCIENCES       ,NY,11756-1345,Proprietary  ,12,35,47,65,155,220
00933500,MESIVTA EASTERN PKWY RABBINICAL CLG     ,NY,11218-5559,Private      ,6,2,8,11,7,18
00947900,SAINT VINCENTS CMC SI NURSING SCHOOL    ,NY,10304-3850,Proprietary  ,0,5,5,31,75,106
00947901,SAINT VINCENTS CMC SI PHYS ASSIST PROG  ,NY,10304-3850,Proprietary  ,0,0,0,1,4,5
00976900,METROPOLITAN COLLEGE OF NEW YORK        ,NY,10013-1919,Private      ,19,107,126,184,1718,1902
00992900,SUNY COLLEGE OF OPTOMETRY               ,NY,10036-8003,Public       ,0,2,2,12,324,336
01005100,LA GUARDIA CMTY COLLEGE - CUNY          ,NY,11101-3083,Public       ,427,455,882,5873,5526,11399
01005200,JEFFERSON-LEWIS BOCES PRAC NRSGPRG      ,NY,13601-9509,Public       ,2,22,24,17,104,121
01009700,CUNY-MEDGAR W EVERS COLLEGE             ,NY,11225-2010,Public       ,158,291,449,2660,3700,6360
01014200,TOURO COLLEGE                           ,NY,10010-4202,Private      ,373,889,1262,3195,10202,13397
01014700,WESTERN SUFFOLK BOCES                   ,NY,11768-3499,Public       ,8,19,27,50,180,230
01015300,HELENE FULD COL OF NRSNG/N GEN HOSP     ,NY,10035-0000,Private      ,0,79,79,5,326,331
01028600,EMPIRE STATE COLLEGE                    ,NY,12866-4391,Public       ,56,877,933,470,8029,8499
01037800,RABBINICAL COLLEGE OF LONG ISLAND       ,NY,11561-3244,Private      ,0,0,0,18,0,18
01054900,KEHILATH YAKOV RABBINICAL SEMINARY      ,NY,10562-1001,Private      ,28,11,39,28,11,39
01055100,NEW YORK SCH MED & DENTAL ASSISTANT     ,NY,11101-2327,Proprietary  ,20,54,74,102,299,401
01064100,SOUTHERN WESTCHESTER BOCES              ,NY,10543-0000,Public       ,1,13,14,8,101,109
01068400,ERIE COMMUNITY COLLEGE-ALL CAMPUSES     ,NY,14203-2698,Public       ,446,693,1139,6547,5797,12344
01081300,AMERICAN ACAD MCALLISTER INST           ,NY,10019-3604,Private      ,5,17,22,64,162,226
01083700,SIMMONS INST OF FUNERAL SERVICE         ,NY,13207-2098,Proprietary  ,1,3,4,25,45,70
01093000,SUBURBAN TECHNICAL SCHOOL               ,NY,11550-3771,Proprietary  ,18,46,64,70,164,234
01094300,RABBINICAL COLLEGE BETH SHRAGA          ,NY,10952-3033,Private      ,3,0,3,7,0,7
01095200,PNW BOCES LPN PROGRAM                   ,NY,10598-0000,Public       ,2,19,21,9,75,84
01103100,TECHNICAL CAREER INSTITUTE              ,NY,10001-2789,Proprietary  ,189,320,509,1750,3000,4750
01118900,UNITED TALMUDICAL SEMINARY              ,NY,11211-7984,Private      ,15,0,15,17,14,31
01119200,BETH HAMEDRASH SHAAREI YOSHER INST      ,NY,11204-1052,Private      ,17,5,22,17,6,23
01161400,CHAMPLAIN VALLEY HOSP SCH RAD TECH      ,NY,12901-1490,Private      ,0,0,0,17,8,25
01164700,SBI CAMPUS - AN AFFILIATE OF SANFORD-BRO,NY,11747-3785,Proprietary  ,50,91,141,370,575,945
01167000,YESHIVA OF NITRA RABBINICAL COLLEGE     ,NY,11211-7108,Private      ,69,3,72,69,3,72
01167700,MEMORIAL SLOAN KETTERING CANCER CTR     ,NY,10021-6094,Private      ,0,1,1,4,8,12
01167800,SUNY INST OF TECHNOLOGY UTICA ROME      ,NY,13504-3050,Public       ,27,65,92,1188,913,2101
01182100,YESHIVATH ZICHRON MOSHE                 ,NY,12779-0580,Private      ,17,1,18,52,3,55
01183000,BERK TRADE AND BUSINESS SCHOOL          ,NY,11101-0000,Proprietary  ,3,23,26,29,113,142
01185900,WORD OF LIFE BIBLE INSTITUTE            ,NY,12860-0129,Private      ,19,1,20,455,62,517
01186000,MERCY MED CNTR SCHL OF RADIOGRAPHY      ,NY,11570-1098,Private      ,0,1,1,0,5,5
01192100,WESTCHESTER SCH OF BEAUTY CULTURE       ,NY,10550-2295,Proprietary  ,1,7,8,9,40,49
01192200,BETH HATALMUD RABBINICAL CLG            ,NY,11214-2594,Private      ,0,0,0,0,1,1
01198400,OHR HAMEIR THEOLOGICAL SEMINARY         ,NY,10566-0990,Private      ,29,0,29,29,0,29
01201100,TALMUDICAL SEM OHOLEI TORAH             ,NY,11213-3310,Private      ,94,0,94,134,0,134
01207200,PHILLIPS HAIRSTYLING INSTITUTE          ,NY,13210-1509,Proprietary  ,6,19,25,44,93,137
01210700,INSTITUTE OF DESIGN & CONSTRUCTION      ,NY,11201-5380,Private      ,7,7,14,32,86,118
01220300,MEMORIAL HOSPITAL SCH OF NURSING        ,NY,12204-1083,Private      ,5,10,15,36,123,159
01227700,NEW YORK CHIROPRACTIC COLLEGE           ,NY,13148-0800,Private      ,0,53,53,10,700,710
01229300,VEEB NASSAU CNTY SCHL OF PRACT NURS     ,NY,11553-3037,Public       ,1,8,9,47,164,211
01235800,PLAZA COLLEGE                           ,NY,11372-6300,Proprietary  ,73,129,202,357,644,1001
01236400,SAINT VINCENTS CATHOLIC MEDICAL CENTERS ,NY,11354-0000,Proprietary  ,2,3,5,40,139,179
01240700,SCHUYLER-CHEMUNG-TIOGA BOCES            ,NY,14903-1089,Public       ,3,14,17,30,142,172
01240701,STEUBEN SCHUYLER CHEMUNG TIOGA ALLEGANY ,NY,14870-9518,Public       ,1,0,1,20,105,125
01256100,FIVE TOWNS COLLEGE                      ,NY,11746-5871,Proprietary  ,56,18,74,1262,250,1512
01258900,ERIE 1 BOCES                            ,NY,14224-0000,Public       ,8,21,29,27,155,182
01265200,ONONDAGA CORTLAND MADISON BOCES         ,NY,13090-4500,Public       ,27,95,122,124,394,518
01278300,OSWEGO COUNTY BOCES ADULT CAREERS       ,NY,13114-4498,Public       ,0,11,11,33,96,129
01292700,CENTRAL TECH NURSING PROGRAM            ,NY,13202-3092,Public       ,1,20,21,9,75,84
01302600,MACHZIKEI HADATH RABBINICAL COLLEGE     ,NY,11204-1805,Private      ,13,5,18,28,5,33
01302700,YESHIVATH VIZNITZ                       ,NY,10952-3021,Private      ,0,0,0,0,1,1
01302900,BORICUA COLLEGE                         ,NY,10032-1599,Private      ,40,126,166,279,1056,1335
02056400,CAPRI COSMETOLOGY LEARNING CENTER       ,NY,10954-0000,Proprietary  ,6,12,18,32,42,74
02066200,THE NEW SCHOOL                          ,NY,10011-0000,Private      ,108,294,402,3788,4647,8435
02069000,NEW YORK SCHOOL OF INTERIOR DESIGN      ,NY,10021-0000,Private      ,6,13,19,154,201,355
02075700,BRIARCLIFFE COLLEGE                     ,NY,11714-0000,Proprietary  ,62,79,141,1398,928,2326
02075702,BRIARCLIFFE COLLEGE - PATCHOGUE         ,NY,11772-3019,Proprietary  ,47,85,132,846,740,1586
02092400,RIDLEY-LOWELL SCHOOL OF BUSINESS        ,NY,13905-0000,Proprietary  ,16,83,99,46,279,325
02093700,LONG ISLAND BUSINESS INSTITUTE          ,NY,11725-0000,Proprietary  ,90,229,319,341,1058,1399
02098400,HERKIMER COUNTY BOCES                   ,NY,13350-0000,Public       ,2,1,3,31,76,107
02104300,OTSEGO AREA SCHOOL OF PRAC NURSING      ,NY,13820-0000,Public       ,1,0,1,17,29,46
02105900,HAIR DESIGN INSTITUTE AT FIFTH AVE      ,NY,11220-0000,Proprietary  ,9,15,24,26,61,87
02106800,BRAMSON ORT COLLEGE                     ,NY,11375-0000,Private      ,52,36,88,256,414,670
02110900,CATTARAUGUS/ALLEGANY BOCES              ,NY,14760-0000,Public       ,0,0,0,23,109,132
02116011,SANFORD-BROWN INSTITUTE - NEW YORK      ,NY,10003-2103,Proprietary  ,3,8,11,39,83,122
02118700,LONG ISLAND COLLEGE HOSPITAL - SCHOOL OF,NY,11201-6001,Private      ,5,8,13,65,198,263
02118702,LONG ISLAND COLLEGE HOSPITAL - SCHOOL OF,NY,11201-6001,Private      ,2,6,8,17,27,44
02124000,ORANGE ULSTER BOCES SCH OF PRAC NRS     ,NY,10924-9401,Public       ,2,20,22,20,110,130
02125500,CIRCLE IN THE SQUARE THEATRE SCHOOL     ,NY,10019-0000,Private      ,2,0,2,60,47,107
02126300,MADISON-ONEIDA BOCES PRAC NRS           ,NY,13478-0000,Public       ,1,3,4,18,135,153
02138500,BOCES RENSSELAER SCH OF PRAC NRSG       ,NY,12033-3221,Public       ,0,2,2,13,102,115
02145800,CAYUGA ONONDAGA BOCES                   ,NY,13021-9430,Public       ,0,1,1,17,57,74
02146000,WAYNE-FINGER LAKES BOCES                ,NY,14513-0000,Public       ,1,1,2,25,150,175
02153600,BROOME-TIOGA BOCES PN PROG              ,NY,13905-0000,Public       ,1,3,4,21,69,90
02157900,ROCHESTER GENERAL HOSPITAL              ,NY,14621-3001,Private      ,2,5,7,21,104,125
02158200,WSHNGTN-SARTGA-WARN-HMLTN-ESX BOCES     ,NY,12839-1051,Public       ,0,0,0,18,101,119
02160100,GENEVA GENERAL HOSPITAL                 ,NY,14456-0000,Private      ,0,2,2,14,40,54
02163400,NEW YORK CAREER INSTITUTE               ,NY,10007-2801,Proprietary  ,19,48,67,162,491,653
02169100,DAVIS COLLEGE                           ,NY,13790-0000,Private      ,3,5,8,147,85,232
02170000,SWEDISH INSTITUTE                       ,NY,10001-0000,Proprietary  ,16,83,99,90,645,735
02170200,ALBANY SCHOHARIE SCHENECTADY            ,NY,12205-0000,Public       ,2,18,20,25,140,165
02171900,AILEY SCHOOL (THE)                      ,NY,10019-4402,Private      ,3,2,5,63,18,81
02172100,HAMILTON-FULTON-MONTGOMERY BOCES        ,NY,12095-0000,Public       ,2,4,6,21,36,57
02172800,DUTCHESS COUNTY BOCES SCH PRAC NURS     ,NY,12601-0000,Public       ,3,24,27,28,127,155
02173200,EMPIRE BEAUTY SCHOOL                    ,NY,10001-0000,Proprietary  ,78,149,227,352,706,1058
02173900,ULSTER COUNTY BOCES PRACTICAL NRSG      ,NY,12466-0000,Public       ,6,32,38,27,154,181
02176000,CHERYL FELL'S SCHOOL OF BUSINESS        ,NY,14304-0000,Proprietary  ,0,1,1,4,26,30
02179400,EASTERN SUFFOLK BOCES                   ,NY,11713-0000,Public       ,6,7,13,102,354,456
02179401,HARRY B WARD TECH CTR-EAST SUF BOCE     ,NY,11901-0000,Public       ,0,1,1,0,1,1
02182200,NEW SCHOOL OF RADIO & TELEVISION        ,NY,12206-1106,Proprietary  ,3,6,9,14,21,35
02187300,DARKEI NOAM RABBINICAL COLLEGE          ,NY,11210-0000,Private      ,0,0,0,0,1,1
02191600,TORAH TEMIMAH TALMUDICAL SEMINARY       ,NY,11218-0000,Private      ,15,0,15,16,1,17
02192500,BELLEVUE HOSP CTR SCH RAD TECH          ,NY,10016-0000,Public       ,0,4,4,8,17,25
02193700,SAINT LAWRENCE LEWIS COUNTY BOCES       ,NY,13617-0000,Public       ,1,0,1,55,43,98
02193701,SAINT LAWRENCE LEWIS COUNTY BOCES - NORT,NY,13669-0798,Public       ,0,0,0,2,3,5
02193702,SAINT LAWRENCE LEWIS COUNTY BOCES - SOUT,NY,13642-0342,Public       ,0,0,0,1,1,2
02193703,SAINT LAWRENCE LEWIS COUNTY BOCES - ADUL,NY,13668-3238,Public       ,0,1,1,0,6,6
02199300,ORLEANS-NIAGARA BOCES                   ,NY,14132-0000,Public       ,0,1,1,4,28,32
02206000,HUNTER BUSINESS SCHOOL                  ,NY,11756-0000,Proprietary  ,12,100,112,119,390,509
02206001,HUNTER BUSINESS SCHOOL -                ,NY,11763-0000,Proprietary  ,2,2,4,2,5,7
02217800,D.HOPFER SCH NURSING AT MT.VRN HOSP     ,NY,10550-0000,Private      ,2,24,26,28,236,264
02219500,MILDRED ELLEY                           ,NY,12206-1513,Proprietary  ,41,129,170,182,744,926
02235600,ERIE 2-CHAUTAUQUA-CATTARAUGUS BOCES     ,NY,14006-0000,Public       ,7,26,33,18,139,157
02248700,BUFFALO VOC TECH CTR PRAC NRSG PROG     ,NY,14211-0000,Public       ,0,0,0,6,3,9
02256700,KOL YAAKOV TORAH CENTER                 ,NY,10952-0000,Private      ,0,0,0,2,0,2
02265100,YESHIVA DERECH CHAIM                    ,NY,11218-0000,Private      ,16,5,21,16,10,26
02265200,GLOBAL BUSINESS INSTITUTE               ,NY,11691-0000,Private      ,74,196,270,232,769,1001
02272900,ROCKLAND COUNTY BOCES PRAC NRSG SCH     ,NY,10994-0000,Public       ,0,1,1,14,47,61
02275900,"MODERN WELDING SCHOOL, INC.             ",NY,12304-0000,Proprietary  ,7,20,27,42,90,132
02287800,NATIONAL TRACTOR TRAILER SCHOOL         ,NY,13088-2505,Proprietary  ,1,60,61,11,193,204
02294900,INSTITUTE OF AUDIO RESEARCH             ,NY,10003-0000,Proprietary  ,87,57,144,444,354,798
02306500,PROFESSIONAL BUSINESS INSTITUTE         ,NY,10002-0000,Private      ,71,94,165,379,535,914
02314200,NORTHERN WESTCHESTER SCH COSMETOL       ,NY,10566-0000,Proprietary  ,5,7,12,14,19,33
02320100,OHR SOMAYACH TANENBAUM EDUCATIONAL CENTE,NY,10952-0000,Private      ,0,0,0,1,1,2
02325600,NEW YORK INSTITUTE OF ENGLISH & BUS     ,NY,10001-0000,Private      ,10,66,76,77,375,452
02332300,FEGS TRADES AND BUSINESS SCHOOL         ,NY,10013-0000,Private      ,0,0,0,0,1,1
02348700,CAREER BLAZERS LEARNING CENTER          ,NY,10017-0000,Proprietary  ,7,81,88,46,360,406
02349700,RABBINICAL SEMINARY ADAS YEREIM         ,NY,11211-0000,Private      ,8,14,22,8,14,22
02350600,YESHIVA AND KOLLEL HARBOTZAS TORAH      ,NY,11230-0000,Private      ,0,4,4,0,6,6
02454300,NEW YORK UNIVERSITY SCHOOL OF MEDICINE  ,NY,10016-6497,Private      ,12,20,32,159,996,1155
02491400,SPANISH AMERICAN INSTITUTE              ,NY,10036-0000,Private      ,5,10,15,9,33,42
02505800,YESHIVA KARLIN STOLIN RAB INSTITUTE     ,NY,11204-0000,Private      ,3,14,17,3,15,18
02505900,SH-OR YOSHUV RABBINICAL COLLEGE         ,NY,11691-0000,Private      ,2,5,7,4,7,11
02506000,ASSOCIATED BETH RIVKAH SCHOOLS          ,NY,11225-0000,Private      ,19,5,24,63,8,71
02506100,CITY UNIV OF NEW YORK-CENTRAL           ,NY,10021-0000,Public       ,15,28,43,432,260,692
02506200,MERCE CUNNINGHAM STUDIO                 ,NY,10014-0000,Private      ,1,4,5,1,6,7
02506800,YESHIVAT MIKDASH MELECH                 ,NY,11230-0000,Private      ,2,3,5,11,8,19
02511500,JOFFREY BALLET SCHOOL                   ,NY,10011-0000,Proprietary  ,2,0,2,24,3,27
02513500,MAR JON SCHOOL OF BEAUTY CULTURE        ,NY,14150-0000,Proprietary  ,0,12,12,31,64,95
02525600,ART INSTITUTE OF NEW YORK CITY (THE)    ,NY,10013-2429,Proprietary  ,133,143,276,1401,1099,2500
02540800,"GLOBE INSTITUTE OF TECHNOLOGY, INC.     ",NY,10007-0000,Proprietary  ,63,189,252,406,1345,1751
02546000,TRI-STATE COLLEGE OF ACUPUNCTURE        ,NY,10011-0000,Proprietary  ,1,6,7,3,114,117
02550600,TALMUDICAL INST OF UPSTATE NY           ,NY,14607-0000,Private      ,3,2,5,3,2,5
02556700,SEMINAR L'MOROS BAIS YAAKOV             ,NY,11219-0000,Private      ,202,1,203,215,1,216
02572900,BUSINESS INFORMATICS CENTER             ,NY,11580-0000,Proprietary  ,20,51,71,29,97,126
02575400,FRENCH CULINARY INSTITUTE               ,NY,10013-2618,Proprietary  ,22,56,78,194,317,511
02587600,ORLO SCH HAIR DESIGN & COSMETOLOGY      ,NY,12206-1723,Proprietary  ,13,21,34,55,60,115
02599400,NEW YORK COLLEGE OF HEALTH PROFESSIONS  ,NY,11791-4413,Private      ,14,62,76,157,694,851
02600100,NEW YORK ACADEMY OF ART (THE)           ,NY,10013-2911,Private      ,2,6,8,13,99,112
02614900,SANFORD-BROWN INSTITUTE                 ,NY,10604-2910,Proprietary  ,31,92,123,203,715,918
02615001,SANFORD-BROWN INSTITUTE - GARDEN CITY   ,NY,11530-4734,Proprietary  ,0,1,1,2,13,15
02616600,SHEAR EGO INTL SCH OF HAIR DESIGN       ,NY,14617-3501,Proprietary  ,5,7,12,28,33,61
02617000,CONTINENTAL SCH OF BEAUTY CULTURE       ,NY,14020-1908,Proprietary  ,5,27,32,44,94,138
02617001,CONTINENTAL SCHOOL OF BEAUTY CULTURE - O,NY,14760-2618,Proprietary  ,2,0,2,5,1,6
02622900,BAIS MEDRASH ELYON                      ,NY,10952-3013,Private      ,0,0,0,1,2,3
03000100,YESHIVA GEDOLAH IMREI YOSEF DSPINKA     ,NY,11219-4696,Private      ,0,73,73,0,74,74
03007200,DANCE THEATRE OF HARLEM                 ,NY,10031-0000,Private      ,3,3,6,10,5,15
03027701,PACIFIC COLLEGE OF ORIENTAL MEDICINE - N,NY,10010-7108,Proprietary  ,0,101,101,7,306,313
03081600,DELAWARE CHENANGO MADISON OT. BOCES     ,NY,13815-9554,Public       ,0,3,3,10,46,56
03088500,NEW YORK INTERNATIONAL BEAUTY SCH       ,NY,10019-0000,Proprietary  ,11,44,55,46,261,307
03089700,COMPUTER CAREER CENTER                  ,NY,11530-3334,Proprietary  ,42,206,248,180,777,957
03095500,ASA INST BUSINESS & COMPUTER TECH       ,NY,11201-5208,Proprietary  ,219,672,891,994,3782,4776
03096200,CHARLES STUART SCHOOL                   ,NY,11229-2004,Proprietary  ,3,19,22,9,46,55
03099100,SUNBRIDGE COLLEGE                       ,NY,10977-0000,Private      ,0,1,1,2,89,91
03103700,ADIRONDACK BEAUTY SCHOOL                ,NY,12801-3158,Proprietary  ,2,4,6,13,25,38
03104900,SULLIVAN COUNTY BOCES                   ,NY,12754-2116,Public       ,1,3,4,9,49,58
03111100,NEW YORK PARALEGAL SCHOOL               ,NY,10007-0000,Proprietary  ,6,34,40,18,96,114
03115300,GENESEE VALLEY BOCES                    ,NY,14020-1099,Public       ,7,40,47,22,102,124
03120700,NEW YORK CONSERVATORY FOR DRAMATIC ARTS ,NY,10011-4225,Proprietary  ,20,9,29,324,119,443
03127100,YESHIVAS NOVOMINSK                      ,NY,11219-0000,Private      ,19,0,19,20,0,20
03129200,RABBINICAL CLG OHR SHIMAR YISROEL       ,NY,11211-8102,Private      ,49,56,105,49,56,105
03169300,STUDIO JEWELERS                         ,NY,10016-4112,Proprietary  ,2,1,3,2,8,10
03172400,CALIBER TRAINING INSTITUTE              ,NY,10018-6504,Proprietary  ,65,299,364,185,960,1145
03181400,MERKAZ BNOS                             ,NY,11204-0000,Private      ,3,78,81,10,207,217
03191300,CUNY SCHOOL OF LAW @ QUEENS COLLEGE     ,NY,11367-0000,Public       ,6,13,19,132,1135,1267
03193300,MANHATTAN SCHOOL OF COMPUTER TECH       ,NY,11230-1617,Private      ,3,17,20,27,162,189
03203300,NEW YORK INSTITUTE OF MASSAGE           ,NY,14221-6021,Proprietary  ,11,34,45,70,202,272
03208300,GRACE INSTITUTE OF BUSINESS TECH        ,NY,11201-2303,Private      ,11,40,51,47,234,281
03216300,UNIFICATION THEOLOGICAL SEMINARY        ,NY,12507-5021,Private      ,0,2,2,0,8,8
03315300,HARLEM SCHOOL OF TECHNOLOGY             ,NY,10027-4426,Proprietary  ,3,24,27,5,38,43
03328300,FRANKLIN CAREER INSTITUTE               ,NY,11550-3003,Private      ,38,109,147,198,501,699
03342400,AMERICAN BARBER INSTITUTE               ,NY,10001-5271,Proprietary  ,7,16,23,30,61,91
03358300,ALLEN SCHOOL                            ,NY,11432-4901,Proprietary  ,39,180,219,181,778,959
03361500,WILLSEY INSTITUTE                       ,NY,10301-1989,Proprietary  ,7,52,59,27,169,196
03380300,CULINARY ACADEMY OF LONG ISLAND         ,NY,11791-5311,Proprietary  ,13,37,50,62,131,193
03419400,NORTHEASTERN SEMINARY                   ,NY,14624-1997,Private      ,0,11,11,4,103,107
03426400,ANTHEM INSTITUTE                        ,NY,10018-0000,Proprietary  ,88,230,318,497,1112,1609
03433500,LIA SCHORR INSTITUTE OF COSMETIC SK     ,NY,10022-2614,Proprietary  ,1,15,16,5,38,43
03443300,NEW YORK COLLEGE OF TRADITIONAL CHINESE ,NY,11501-0000,Private      ,0,18,18,5,62,67
03496300,YESHIVA SHAAREI TORAH OF ROCKLAND       ,NY,10901-4003,Private      ,3,1,4,4,1,5
03537300,NEW YORK AUTOMOTIVE & DIESEL INSTIT     ,NY,11101-0000,Proprietary  ,101,163,264,361,591,952
03568300,LEON STUDIO ONE SCHOOL OF HAIR DESI     ,NY,14221-5323,Proprietary  ,9,26,35,45,79,124
03651300,SAINT JOSEPH'S MEDICAL CENTER SCHOO     ,NY,10701-4080,Private      ,5,9,14,10,14,24
03652300,METROPOLITAN LEARNING INSTITUTE         ,NY,11375-0000,Private      ,4,111,115,14,318,332
03691300,USA BEAUTY SCHOOL INTERNATIONAL         ,NY,10013-3530,Proprietary  ,3,32,35,15,139,154
03713300,BEIS MEDRASH HEICHAL DOVID              ,NY,11691-4433,Private      ,0,0,0,0,1,1
03718300,CENTURION PROFESSIONAL TRAINING         ,NY,11235-0822,Private      ,0,0,0,0,1,1
03773300,CENTER FOR NATURAL WELLNESS SCHOOL OF MA,NY,12205-1601,Proprietary  ,8,62,70,10,69,79
03802300,UTA MESIVTA OF KIRYAS JOEL              ,NY,10950-2169,Private      ,216,105,321,216,105,321
03819400,HUDSON VALLEY SCHOOL OF ADVANCED AESTHET,NY,12493-0000,Proprietary  ,1,7,8,12,31,43
03839300,AVEDA INSTITUTE NEW YORK                ,NY,10013-1522,Proprietary  ,16,33,49,89,155,244
03881300,UNION GRADUATE COLLEGE                  ,NY,12308-3103,Private      ,0,10,10,7,159,166
03903400,AMERICAN BEAUTY SCHOOL                  ,NY,10462-8003,Proprietary  ,7,34,41,30,114,144
03931300,XINCON TECHNOLOGY SCHOOL                ,NY,10001-3507,Proprietary  ,0,0,0,3,2,5
03941400,ELITE ACADEMY OF BEAUTY ARTS            ,NY,11223-1630,Proprietary  ,5,13,18,17,50,67
03983300,"SCHOOL OF PROFESSIONAL HORTICULTURE, AT ",NY,10458-5126,Private      ,0,3,3,0,9,9
00267808,BRYANT & STRATTON COLLEGE - PARMA       ,OH,44130-0000,Proprietary  ,57,249,306,460,1987,2447
00301000,ANTIOCH UNIVERSITY                      ,OH,45387-1608,Private      ,3,3,6,587,117,704
00301001,ANTIOCH UNIVERSITY MCGREGOR             ,OH,45387-0000,Private      ,1,58,59,6,612,618
00301010,ANTIOCH UNIVERSITY                      ,OH,45387-0000,Private      ,2,7,9,41,171,212
00301100,ART ACADEMY OF CINCINNATI               ,OH,45202-7106,Private      ,5,7,12,215,82,297
00301200,ASHLAND UNIVERSITY                      ,OH,44805-3799,Private      ,35,241,276,2993,2668,5661
00301300,ATHENAEUM OF OHIO                       ,OH,45230-2000,Private      ,0,0,0,0,7,7
00301400,BALDWIN-WALLACE COLLEGE                 ,OH,44017-2088,Private      ,49,96,145,3825,1291,5116
00301600,BLUFFTON UNIVERSITY                     ,OH,45817-2104,Private      ,12,15,27,1379,275,1654
00301800,BOWLING GREEN STATE UNIVERSITY          ,OH,43403-0001,Public       ,309,321,630,16495,4967,21462
00302300,CAPITAL UNIVERSITY                      ,OH,43209-2394,Private      ,54,119,173,3560,2670,6230
00302400,CASE WESTERN RESERVE UNIV               ,OH,44106-0000,Private      ,81,57,138,5309,972,6281
00302401,CASE WESTERN RESERVE UNIV - MED         ,OH,44106-0000,Private      ,3,8,11,33,952,985
00302402,CASE WESTERN RESERVE UNIV - DENTAL      ,OH,44106-0000,Private      ,1,2,3,12,331,343
00302403,CASE WESTERN RESERVE UNIV - LAW         ,OH,44106-0000,Private      ,2,7,9,16,1332,1348
00302404,CASE WESTERN RESERVE UNIV - UG          ,OH,44106-0000,Private      ,10,2,12,345,50,395
00302405,CASE WESTERN RESERVE UNIV - MSASS       ,OH,44106-0000,Private      ,0,10,10,4,463,467
00302406,CASE WESTERN RESERVE UNIV - NURS UG     ,OH,44106-0000,Private      ,4,7,11,196,158,354
00302407,CASE WESTERN RESERVE UNIV - WSOM        ,OH,44106-0000,Private      ,0,24,24,14,305,319
00302408,CASE WESTERN RESERVE UNIV -A&S GRAD     ,OH,44106-0000,Private      ,1,11,12,5,276,281
00302409,CASE WESTERN RESERVE UNIV -ENG GRAD     ,OH,44106-0000,Private      ,0,8,8,15,96,111
00302410,CASE WESTERN RESERVE UNIV -NURS GRD     ,OH,44106-0000,Private      ,0,17,17,12,321,333
00302500,CEDARVILLE UNIVERSITY                   ,OH,45314-8564,Private      ,41,6,47,3324,181,3505
00302600,CENTRAL STATE UNIVERSITY                ,OH,45384-1004,Public       ,71,58,129,2828,916,3744
00302900,CINCINNATI CHRISTIAN UNIVERSITY         ,OH,45204-3200,Private      ,22,58,80,574,513,1087
00303000,OHIO CHRISTIAN UNIVERSITY               ,OH,43113-9487,Private      ,14,47,61,211,390,601
00303100,CLEVELAND INSTITUTE OF MUSIC            ,OH,44106-1776,Private      ,7,3,10,520,359,879
00303200,CLEVELAND STATE UNIVERSITY              ,OH,44115-2214,Public       ,232,746,978,6318,10687,17005
00303300,COLLEGE OF MT ST JOSEPH                 ,OH,45233-1670,Private      ,14,76,90,1527,1035,2562
00303500,OHIO DOMINICAN UNIVERSITY               ,OH,43219-2099,Private      ,37,196,233,2290,2273,4563
00303600,FRANCISCAN UNIV OF STEUBENVILLE         ,OH,43952-1763,Private      ,31,32,63,2036,701,2737
00303700,COLLEGE OF WOOSTER                      ,OH,44691-2363,Private      ,8,4,12,2110,66,2176
00303900,COLUMBUS COLLEGE OF ART AND DESIGN      ,OH,43215-1758,Private      ,43,20,63,1631,377,2008
00304000,CUYAHOGA COMMUNITY COLLEGE              ,OH,44115-2878,Public       ,383,1560,1943,4253,12224,16477
00304001,CUYAHOGA COMMUNITY CLG-EASTERN CAM      ,OH,44122-6195,Public       ,55,187,242,652,1716,2368
00304002,CUYAHOGA COMMUNITY CLG-METRO CAMPUS     ,OH,44115-0000,Public       ,70,342,412,803,2315,3118
00304003,CUYAHOGA COMMUNITY CLG-WESTERN CMPS     ,OH,44130-0000,Public       ,95,168,263,1319,1398,2717
00304100,"DEFIANCE COLLEGE, THE                   ",OH,43512-1695,Private      ,13,27,40,1089,332,1421
00304200,DENISON UNIVERSITY                      ,OH,43023-1329,Private      ,16,2,18,2395,39,2434
00304300,CHANCELLOR UNIVERSITY                   ,OH,44114-1096,Proprietary  ,13,88,101,240,1085,1325
00304400,TRINITY LUTHERAN SEMINARY               ,OH,43209-0000,Private      ,0,4,4,2,159,161
00304500,UNIVERSITY OF FINDLAY                   ,OH,45840-3695,Private      ,37,96,133,3044,1358,4402
00304600,FRANKLIN UNIVERSITY                     ,OH,43215-5399,Private      ,58,613,671,736,6437,7173
00304606,FRANKLIN UNIVERSITY - NORTHWEST         ,OH,43019-5331,Private      ,0,3,3,2,23,25
00304608,FRANKLIN UNIVERSITY - NORTHEAST         ,OH,43081-1111,Private      ,2,1,3,10,33,43
00304700,HEBREW UNION COLLEGE MAIN CAMPUS        ,OH,45220-0000,Private      ,0,3,3,1,137,138
00304800,HEIDELBERG UNIVERSITY                   ,OH,44883-2462,Private      ,12,20,32,1588,311,1899
00304900,HIRAM COLLEGE                           ,OH,44234-1808,Private      ,10,33,43,1358,317,1675
00305000,JOHN CARROLL UNIVERSITY                 ,OH,44118-4581,Private      ,41,44,85,3848,776,4624
00305100,KENT STATE UNIV - KENT CAMPUS           ,OH,44242-0001,Public       ,379,548,927,17179,8297,25476
00305101,KENT STATE UNIV - GEAUGA CAMPUS         ,OH,44021-0000,Public       ,14,34,48,250,252,502
00305102,KENT STATE UNIV - STARK CAMPUS          ,OH,44720-0000,Public       ,71,125,196,1855,1641,3496
00305103,KENT STATE UNIV - TUSCARAWAS CAMPUS     ,OH,44663-0000,Public       ,42,78,120,782,971,1753
00305104,KENT STATE UNIV - TRUMBULL CAMPUS       ,OH,44483-0000,Public       ,56,136,192,746,1191,1937
00305105,KENT STATE UNIV - ASHTABULA CAMPUS      ,OH,44004-0000,Public       ,32,94,126,609,1095,1704
00305106,KENT STATE UNIV -E.LIVERPOOL CAMPUS     ,OH,43920-0000,Public       ,13,38,51,301,533,834
00305107,KENT STATE UNIV - SALEM CAMPUS          ,OH,44460-0000,Public       ,19,67,86,597,757,1354
00306500,KENYON COLLEGE                          ,OH,43022-9623,Private      ,11,2,13,2165,23,2188
00306600,LAKE ERIE COLLEGE                       ,OH,44077-3389,Private      ,10,26,36,675,334,1009
00306800,LORAIN COUNTY COMMUNITY COLLEGE         ,OH,44035-1691,Public       ,183,512,695,2444,4692,7136
00306900,LOURDES COLLEGE                         ,OH,43560-2898,Private      ,32,102,134,598,1467,2065
00307200,MALONE UNIVERSITY                       ,OH,44709-3897,Private      ,23,75,98,1841,1052,2893
00307300,MARIETTA COLLEGE                        ,OH,45750-4033,Private      ,17,7,24,2260,232,2492
00307500,METHODIST THEOLOGICAL SCH IN OHIO       ,OH,43015-0000,Private      ,0,16,16,1,234,235
00307600,MIAMI-JACOBS COLLEGE                    ,OH,45401-0000,Proprietary  ,20,135,155,160,1227,1387
00307602,MIAMI - JACOBS CAREER COLLEGE - SPRINGBO,OH,45066-1115,Proprietary  ,10,43,53,79,230,309
00307700,MIAMI UNIVERSITY                        ,OH,45056-1831,Public       ,244,283,527,15345,3534,18879
00307800,WRIGHT STATE UNIVERSITY                 ,OH,45435-0002,Public       ,255,449,704,10662,7501,18163
00308300,MOUNT UNION COLLEGE                     ,OH,44601-3993,Private      ,35,11,46,2943,173,3116
00308400,MUSKINGUM UNIVERSITY                    ,OH,43762-1199,Private      ,14,36,50,2071,462,2533
00308500,NOTRE DAME COLLEGE OF OHIO              ,OH,44121-4293,Private      ,15,97,112,936,933,1869
00308600,OBERLIN COLLEGE                         ,OH,44074-1090,Private      ,38,4,42,4140,101,4241
00308800,OHIO COLLEGE OF PODIATRIC MEDICINE      ,OH,44131-7304,Private      ,0,3,3,1,334,335
00308900,OHIO NORTHERN UNIVERSITY                ,OH,45810-1555,Private      ,32,19,51,4077,1113,5190
00309000,OHIO STATE UNIVERSITY-ALL CAMPUSES      ,OH,43210-1358,Public       ,755,935,1690,38883,21275,60158
00309001,OHIO STATE UNIVERSITY-LIMA              ,OH,45804-0000,Public       ,0,0,0,3,4,7
00309002,OHIO STATE UNIVERSITY-MANSFIELD         ,OH,44906-0000,Public       ,0,0,0,1,5,6
00309003,THE OHIO STATE UNIVERSITY-MARION        ,OH,43302-0000,Public       ,0,0,0,5,7,12
00309004,OHIO STATE UNIVERSITY-NEWARK            ,OH,43055-1797,Public       ,0,0,0,12,6,18
00309005,OHIO STATE UNIVERSITY-ATI/WOOSTER       ,OH,44691-0000,Public       ,0,0,0,2,0,2
00310000,OHIO UNIVERSITY                         ,OH,45701-2979,Public       ,247,258,505,16966,4497,21463
00310002,"OHIO UNIVERSITY, ZANESVILLE CAMPUS      ",OH,43701-0000,Public       ,24,76,100,886,987,1873
00310003,"OHIO UNIVERSITY, LANCASTER CAMPUS       ",OH,43130-0000,Public       ,43,76,119,802,895,1697
00310004,"OHIO UNIVERSITY, SOUTHERN CAMPUS        ",OH,45638-0000,Public       ,30,104,134,779,1251,2030
00310005,"OHIO UNIVERSITY, CHILLICOTHE CAMPUS     ",OH,45601-0000,Public       ,47,128,175,686,1330,2016
00310006,"OHIO UNIVERSITY, EASTERN CAMPUS         ",OH,43950-0000,Public       ,12,25,37,470,313,783
00310008,OHIO UNIV COLL OF OSTEOPATHIC MED       ,OH,45701-0000,Public       ,0,1,1,12,462,474
00310900,OHIO WESLEYAN UNIVERSITY                ,OH,43015-2398,Private      ,17,7,24,2308,90,2398
00311000,OTTERBEIN COLLEGE                       ,OH,43081-2006,Private      ,45,76,121,3379,895,4274
00311300,PONTIFICAL COLLEGE JOSEPHINUM           ,OH,43235-1498,Private      ,1,1,2,41,20,61
00311401,FIRELANDS REGIONAL MEDICAL CENTER       ,OH,44870-4788,Private      ,4,5,9,67,119,186
00311500,RABBINICAL COLLEGE OF TELSHE            ,OH,44092-2584,Private      ,17,3,20,19,21,40
00311600,UNIV OF RIO GRANDE                      ,OH,45674-3131,Private      ,32,136,168,1477,1362,2839
00311900,SINCLAIR COMMUNITY COLLEGE              ,OH,45402-1460,Public       ,512,1414,1926,5886,11075,16961
00312100,TIFFIN UNIVERSITY                       ,OH,44883-2161,Private      ,31,116,147,1560,1249,2809
00312200,UNITED THEOLOGICAL SEMINARY             ,OH,45406-0000,Private      ,1,9,10,1,189,190
00312300,UNIVERSITY OF AKRON                     ,OH,44325-6211,Public       ,390,818,1208,14843,11926,26769
00312500,UNIVERSITY OF CINCINNATI                ,OH,45221-0125,Public       ,577,1116,1693,18108,15026,33134
00312504,UNIVERSITY OF CINCINNATI - COLLEGE OF ME,OH,45267-0553,Public       ,3,8,11,72,801,873
00312700,UNIVERSITY OF DAYTON                    ,OH,45469-0002,Private      ,89,152,241,8348,3146,11494
00313100,UNIVERSITY OF TOLEDO                    ,OH,43606-3390,Public       ,298,440,738,13455,6815,20270
00313101,UNIVERSITY OF TOLEDO - HEALTH SCIENCE CA,OH,43614-2598,Public       ,2,37,39,76,1333,1409
00313300,URBANA UNIVERSITY                       ,OH,43078-2091,Private      ,21,37,58,944,548,1492
00313400,URSULINE COLLEGE                        ,OH,44124-4398,Private      ,11,96,107,732,1213,1945
00313500,WALSH UNIVERSITY                        ,OH,44720-3396,Private      ,21,60,81,2062,857,2919
00314100,WILBERFORCE UNIVERSITY                  ,OH,45384-1001,Private      ,23,45,68,1104,648,1752
00314200,WILMINGTON COLLEGE                      ,OH,45177-2499,Private      ,25,31,56,1805,491,2296
00314300,WITTENBERG UNIVERSITY                   ,OH,45501-2199,Private      ,21,17,38,2602,213,2815
00314400,XAVIER UNIVERSITY                       ,OH,45207-1035,Private      ,50,206,256,4645,2700,7345
00314500,YOUNGSTOWN STATE UNIVERSITY             ,OH,44555-0001,Public       ,231,433,664,7779,6020,13799
00398200,CLEVELAND INSTITUTE OF ART              ,OH,44106-1700,Private      ,10,7,17,750,168,918
00406000,WINEBRENNER THEOLOGICAL SEMINARY        ,OH,45840-0000,Private      ,0,8,8,2,72,74
00485200,CLARK STATE COMMUNITY COLLEGE           ,OH,45505-4795,Public       ,69,306,375,1064,2663,3727
00485300,BRADFORD SCHOOL                         ,OH,43219-0000,Proprietary  ,25,23,48,550,299,849
00485500,DAVIS COLLEGE                           ,OH,43623-4307,Proprietary  ,12,57,69,107,625,732
00486100,UNIVERSITY OF NORTHWESTERN OHIO         ,OH,45805-1498,Private      ,82,120,202,3028,982,4010
00486600,STAUTZENBERGER COLLEGE                  ,OH,43537-4007,Proprietary  ,34,122,156,274,1008,1282
00510200,SCH OF DIAGNOSTIC IMAGING-CLEVELAND     ,OH,44119-0000,Private      ,0,1,1,10,33,43
00512700,BROWN MACKIE COLLEGE-CINCINNATI         ,OH,45215-1107,Proprietary  ,144,570,714,735,3749,4484
00531300,NORTH CENTRAL STATE COLLEGE             ,OH,44901-0000,Public       ,83,273,356,1025,2240,3265
00575300,OWENS STATE COMMUNITY COLLEGE           ,OH,43699-0000,Public       ,294,915,1209,4738,8647,13385
00648700,AULTMAN COLLEGE OF NURSING AND HEALTH SC,OH,44710-1799,Private      ,12,14,26,121,204,325
00648900,CHRIST HOSP SCH OF NURSING              ,OH,45219-2989,Private      ,0,23,23,108,323,431
00649400,GOOD SAMARITAN COLG-NURSING/HEALTH      ,OH,45220-2489,Private      ,11,32,43,166,359,525
00649800,MERIDIA HURON SCHOOL OF NURSING         ,OH,44112-4308,Private      ,2,20,22,24,231,255
00650700,TRINIT HEALTH SYSTEM SCH OF NURSING     ,OH,43952-2667,Private      ,0,2,2,55,135,190
00680400,LAKELAND COMMUNITY COLLEGE              ,OH,44094-5198,Public       ,149,438,587,2148,3989,6137
00686700,COLUMBUS STATE COMMUNITY COLLEGE        ,OH,43215-1786,Public       ,814,1844,2658,8926,16321,25247
00703500,KETTERING COLLEGE OF MEDICAL ARTS       ,OH,45429-1299,Private      ,23,52,75,466,801,1267
00708500,MOUNT VERNON NAZARENE UNIVERSITY        ,OH,43050-9500,Private      ,13,35,48,1491,470,1961
00708501,MOUNT VERNON NAZARENE UNIV - AGS        ,OH,43050-0000,Private      ,2,51,53,49,948,997
00727500,EASTERN GATEWAY COMMUNITY COLLEGE       ,OH,43952-3598,Public       ,24,134,158,701,1096,1797
00747300,CHOFFIN CAREER & TECHNICAL CENTER       ,OH,44503-1628,Public       ,0,13,13,49,183,232
00759800,HOCKING TECHNICAL COLLEGE               ,OH,45764-9582,Public       ,154,252,406,3047,2853,5900
00777700,REMINGTON COLLEGE - CLEVELAND CAMPUS    ,OH,44125-1957,Proprietary  ,29,205,234,185,1174,1359
00777704,REMINGTON COLLEGE-CLEVELAND WEST CAMPUS ,OH,44070-3129,Proprietary  ,38,111,149,183,627,810
00812900,ADULT AND COMMUNITY EDUCATION @ HUDSON  ,OH,43211-2017,Public       ,7,33,40,48,314,362
00813200,TOLEDO SCHOOL OF PRACTICAL NURSING      ,OH,43613-5110,Public       ,9,35,44,60,317,377
00813300,ZANE STATE COLLEGE                      ,OH,43701-2626,Public       ,75,152,227,856,1402,2258
00819400,AKRON SCHOOL OF PRACTICAL NRSG          ,OH,44311-0000,Public       ,2,6,8,47,161,208
00827800,TERRA COMMUNITY COLLEGE                 ,OH,43420-9670,Public       ,58,215,273,634,1280,1914
00867700,NORTHWEST STATE COMMUNITY COLLEGE       ,OH,43502-9542,Public       ,49,213,262,882,1774,2656
00888600,PORTAGE LAKES CAREER CENTER             ,OH,44232-0000,Public       ,2,19,21,24,119,143
00908800,ITT TECHNICAL INSTITUTE                 ,OH,45414-3456,Proprietary  ,87,221,308,632,1238,1870
00915600,WAYNE COUNTY SCHOOLS CAREER CENTER      ,OH,44677-9672,Public       ,0,11,11,22,195,217
00917200,SPRINGFIELD REGIONAL SCHOOL OF NURSING  ,OH,45501-0000,Private      ,2,15,17,73,201,274
00941200,NATIONAL INSTITUTE OF TECHNOLOGY        ,OH,44221-2998,Proprietary  ,23,75,98,239,467,706
00945101,BROWN MACKIE COLLEGE-NORTH CANTON       ,OH,44720-0000,Proprietary  ,36,199,235,197,1395,1592
00953000,GERBER AKRON BEAUTY SCHOOL              ,OH,44333-3714,Proprietary  ,6,23,29,16,93,109
00953100,SPA SCHOOL (THE)                        ,OH,43214-1524,Proprietary  ,1,12,13,10,47,57
00965800,RIGGS LEMAR BEAUTY COLLEGE              ,OH,44221-1114,Proprietary  ,0,0,0,20,43,63
00966000,TIFFIN ACADEMY OF HAIR DESIGN           ,OH,44883-2833,Proprietary  ,2,6,8,39,52,91
00983700,ITT TECHNICAL INSTITUTE                 ,OH,44509-4098,Proprietary  ,75,163,238,908,1254,2162
00994100,BELMONT TECHNICAL COLLEGE               ,OH,43950-9766,Public       ,40,119,159,837,1301,2138
00994200,SHAWNEE STATE UNIVERSITY                ,OH,45662-4344,Public       ,110,158,268,3158,1955,5113
01001700,PAYNE THEOLOGICAL SEMINARY              ,OH,45384-0474,Private      ,0,2,2,0,88,88
01002700,JAMES A. RHODES STATE COLLEGE           ,OH,45804-3597,Public       ,81,260,341,1270,2389,3659
01016800,NATIONWIDE BEAUTY ACADEMY               ,OH,43228-1000,Proprietary  ,34,67,101,254,408,662
01028000,OHIO STATE BEAUTY ACADEMY               ,OH,45801-4950,Proprietary  ,6,9,15,84,130,214
01032300,HANNAH E MULLINS SCH-PRAC NRSG          ,OH,44460-2906,Public       ,3,11,14,14,87,101
01034500,CINCINNATI STATE TECH & COMM CLG        ,OH,45223-2690,Public       ,332,761,1093,3631,7220,10851
01045300,WASHINGTON STATE CMTY COLLEGE           ,OH,45750-9225,Public       ,41,144,185,823,1467,2290
01063000,NORTHERN INSTITUTE OF COSMETOLOGY       ,OH,44052-1803,Proprietary  ,0,8,8,17,55,72
01073600,MARION TECHNICAL COLLEGE                ,OH,43302-5694,Public       ,36,144,180,566,1303,1869
01088000,CHATFIELD COLLEGE                       ,OH,45118-9705,Private      ,8,29,37,59,150,209
01088100,STARK STATE COLLEGE OF TECHNOLOGY       ,OH,44720-7299,Public       ,174,518,692,2462,4789,7251
01090600,CINCINNATI CLG OF MORTUARY SCIENCE      ,OH,45224-1428,Private      ,3,4,7,93,134,227
01092300,UNION INSTITUTE & UNIVERSITY            ,OH,45206-1925,Private      ,3,288,291,39,1923,1962
01096200,MOORE UNIV OF HAIR DESIGN               ,OH,45213-0000,Proprietary  ,4,4,8,11,34,45
01099300,HOBART INSTITUTE OF WELDING TECHNOLOGY  ,OH,45373-2400,Private      ,12,21,33,148,79,227
01100500,KAPLAN COLLEGE                          ,OH,43232-4827,Proprietary  ,16,116,132,129,679,808
01104600,CENTRAL OHIO TECHNICAL COLLEGE          ,OH,43055-1767,Public       ,88,240,328,1169,2975,4144
01170300,PENTA COUNTY JOINT VOCATIONAL SCH       ,OH,43551-0000,Public       ,0,12,12,13,100,113
01174400,NATIONAL BEAUTY COLLEGE                 ,OH,44720-0000,Proprietary  ,11,25,36,58,114,172
01174500,OHIO TECHNICAL COLLEGE                  ,OH,44103-1228,Proprietary  ,41,54,95,969,398,1367
01182500,OHIO STATE SCHOOL OF COSMETOLOGY        ,OH,43224-1107,Proprietary  ,3,10,13,42,77,119
01212800,SOUTHWESTERN COLLEGE                    ,OH,45402-3003,Proprietary  ,11,78,89,112,715,827
01212802,SOUTHWESTERN COLLEGE                    ,OH,45005-2267,Proprietary  ,6,59,65,44,337,381
01212803,SOUTHWESTERN COLLEGE                    ,OH,45202-4304,Proprietary  ,29,110,139,92,556,648
01212804,SOUTHWESTERN COLLEGE                    ,OH,45246-3121,Proprietary  ,26,130,156,144,1028,1172
01216600,CAROUSEL BEAUTY COLLEGE                 ,OH,45402-8935,Proprietary  ,15,27,42,69,160,229
01224800,CENTRAL SCHOOL OF PRACTICAL NURSING     ,OH,44103-4371,Private      ,9,38,47,47,259,306
01267200,CAROUSEL BEAUTY COLLEGE                 ,OH,45044-5113,Proprietary  ,3,6,9,16,38,54
01267400,CAROUSEL OF MIAMI VALLEY BEAUTY CLG     ,OH,45424-2063,Proprietary  ,1,1,2,19,26,45
01275000,EDISON COMMUNITY COLLEGE                ,OH,45356-9239,Public       ,69,186,255,751,1731,2482
01283800,LAURA AND ALVIN SIEGAL COLLEGE OF JUDAIC,OH,44122-7197,Private      ,0,0,0,0,5,5
01284800,MOLER-HOLLYWOOD BEAUTY COLLEGE          ,OH,45202-2577,Proprietary  ,8,28,36,30,132,162
01287000,SOUTHERN STATE COMMUNITY COLLEGE        ,OH,45133-9406,Public       ,64,223,287,929,1990,2919
01289100,ANTONELLI COLLEGE                       ,OH,45202-2592,Proprietary  ,27,142,169,317,1232,1549
01289600,VIRGINIA MARTI COLLEGE OF ART AND DESIGN,OH,44107-0778,Proprietary  ,19,20,39,196,170,366
01313200,INTERNATIONAL CLG OF BROADCASTING       ,OH,45431-1898,Proprietary  ,8,11,19,64,134,198
02052000,OHIO INST OF PHOTOGRAPHY & TECHNOLOGY   ,OH,45439-1984,Proprietary  ,35,112,147,287,760,1047
02054300,TRUMBULL BUSINESS COLLEGE               ,OH,44484-0000,Proprietary  ,9,73,82,81,472,553
02056800,DAYMAR COLLEGE                          ,OH,45601-1038,Proprietary  ,2,32,34,53,294,347
02056802,DAYMAR COLLEGE - LANCASTER              ,OH,43130-0000,Proprietary  ,1,2,3,4,14,18
02056803,DAYMAR COLLEGE - NEW BOSTON             ,OH,45662-4900,Proprietary  ,0,1,1,2,19,21
02056804,DAYMAR COLLEGE - JACKSON                ,OH,45640-1728,Proprietary  ,0,1,1,2,20,22
02066100,OHIO STATE COLLEGE/BARBER STYLING       ,OH,43213-0000,Proprietary  ,5,23,28,45,117,162
02069500,AKRON INSTITUTE                         ,OH,44306-0000,Proprietary  ,32,135,167,155,733,888
02073300,GALLIA-JACKSON-VINTON SCH ADULT ED      ,OH,45674-0000,Public       ,0,6,6,41,188,229
02077800,CENTURY SCHOOL OF COSMETOLOGY           ,OH,43952-0000,Proprietary  ,0,3,3,6,22,28
02110700,CLEVELAND INST OF DENTAL-MED ASST       ,OH,44115-2285,Proprietary  ,28,141,169,177,622,799
02116009,SANFORD-BROWN COLLEGE - MIDDLEBURG HEIGH,OH,44130-8362,Proprietary  ,31,116,147,70,293,363
02116900,UPPER VALLEY JVS                        ,OH,45356-0000,Public       ,1,22,23,16,207,223
02117300,GREAT OAKS INSTITUTE OF TECHNOLOGY      ,OH,45241-1581,Public       ,11,83,94,144,821,965
02128600,THE ART INSTITUTE OF CINCINNATI         ,OH,45246-0000,Proprietary  ,6,5,11,136,45,181
02140700,COMMUNITY EDUCATIONAL SERVICES          ,OH,44702-1710,Public       ,2,8,10,24,216,240
02152100,ACADEMY OF COURT REPORTING AND TECHNOLOG,OH,44115-0000,Proprietary  ,42,311,353,211,2283,2494
02158500,OHIO BUSINESS COLLEGE                   ,OH,44055-3344,Proprietary  ,12,65,77,68,370,438
02158501,OHIO BUSINESS COLLEGE                   ,OH,44870-9953,Proprietary  ,2,0,2,25,73,98
02163900,BEATRICE ACADEMY OF BEAUTY              ,OH,44106-0000,Proprietary  ,4,18,22,18,78,96
02168100,TRI-COUNTY JOINT VOCATIONAL SCHOOL      ,OH,45764-0000,Public       ,2,12,14,14,105,119
02187900,ASHTABULA CO JOINT VOC SCH ADULT ED     ,OH,44047-0000,Public       ,1,10,11,15,204,219
02189000,ADULT CENTER FOR EDUCATION              ,OH,43701-0000,Public       ,9,23,32,51,206,257
02190700,RETS TECH CENTER                        ,OH,45459-0000,Proprietary  ,26,153,179,183,1149,1332
02192100,BUTLER TECHNOLOGY AND CAREER DEVELOPMENT,OH,45011-0000,Public       ,11,58,69,96,434,530
02196300,COLLINS CAREER CENTER                   ,OH,45619-0000,Public       ,10,35,45,117,475,592
02210800,MEDINA COUNTY CAREER CENTER             ,OH,44256-0000,Public       ,0,8,8,13,128,141
02215400,OHIO STATE SCHOOL OF COSMETOLOGY        ,OH,43207-0000,Proprietary  ,6,9,15,63,93,156
02220500,GOD'S BIBLE SCHOOL & COLLEGE            ,OH,45210-0000,Private      ,5,9,14,147,52,199
02220800,CAREER & TECHNOLOGY EDUCATION CENTERS OF,OH,43055-0000,Public       ,2,18,20,15,102,117
02239800,PIONEER CAREER & TECHNOLOGY CENTER      ,OH,44875-0000,Public       ,0,4,4,6,49,55
02245600,WARREN COUNTY CAREER CENTER             ,OH,45036-0000,Public       ,0,5,5,8,36,44
02246300,INSTITUTE OF MEDICAL-DENTAL TECH        ,OH,45246-3317,Proprietary  ,12,30,42,44,159,203
02261400,COLLEGE OF ART ADVERTISING              ,OH,45211-0000,Proprietary  ,3,2,5,16,18,34
02263700,MIAMI VALLEY CAREER TECHNOLOGY CTR      ,OH,45315-0000,Public       ,8,45,53,82,390,472
02269400,EASTERN HILLS ACAD OF HAIR DESIGN       ,OH,45255-0000,Proprietary  ,13,7,20,38,71,109
02269500,WESTERN HILLS SCHOOL OF BEAUTY & HAIR DE,OH,45211-0000,Proprietary  ,10,44,54,53,251,304
02270100,OHIO HI-POINT CAREER CENTER             ,OH,43311-0000,Public       ,2,12,14,18,156,174
02272700,COLUMBIANA COUNTY CAREER CENTER         ,OH,44432-0000,Public       ,3,13,16,20,171,191
02287900,RAPHAEL'S SCHOOL OF BEAUTY CULTURE      ,OH,44446-0000,Proprietary  ,7,22,29,44,123,167
02301400,OHIO VALLEY COLLEGE OF TECHNOLOGY       ,OH,43920-0000,Proprietary  ,1,30,31,56,221,277
02303600,BOHECKER'S BUSINESS COLLEGE             ,OH,44266-0000,Proprietary  ,16,63,79,190,397,587
02304700,TRI-RIVERS CAREER CENTER                ,OH,43302-0000,Public       ,2,20,22,29,125,154
02311200,AMERICAN SCHOOL OF TECHNOLOGY           ,OH,43229-0000,Proprietary  ,15,99,114,68,451,519
02315500,TOLEDO ACADEMY OF BEAUTY CULTURE - EAST ,OH,43616-0000,Proprietary  ,2,27,29,38,167,205
02328500,MOLER-PICKENS BEAUTY COLLEGE            ,OH,45014-0000,Proprietary  ,1,16,17,13,58,71
02334300,INTERNATIONAL ACAD OF HAIR DESIGN       ,OH,45239-0000,Proprietary  ,2,9,11,76,57,133
02336300,KNOX COUNTY CAREER CENTER               ,OH,43050-4298,Public       ,1,5,6,39,184,223
02336700,CUYAHOGA VALLEY CAREER CENTER           ,OH,44141-1296,Public       ,2,7,9,37,157,194
02337700,PROFESSIONAL SKILLS INSTITUTE           ,OH,43607-0000,Proprietary  ,5,38,43,89,617,706
02345600,AKRON MACHINING INSTITUTE               ,OH,44203-0000,Private      ,3,27,30,11,87,98
02351500,WILLOUGHBY EASTLAKE SCH OF PRAC NSG     ,OH,44094-0000,Public       ,0,0,0,15,100,115
02352800,POLARIS CAREER CENTER-ADULT ED DEPT     ,OH,44130-0000,Public       ,0,13,13,33,120,153
02354200,SCIOTO COUNTY JOINT VOCATIONAL SCH      ,OH,45648-0000,Public       ,5,26,31,69,274,343
02454400,NORTHEASTERN OHIO UNIVS COL OF MED      ,OH,44272-0000,Public       ,3,1,4,45,470,515
02497800,GREENE COUNTY CAREER CENTER             ,OH,45385-0000,Public       ,2,23,25,19,109,128
02512600,ADULT VOCATIONAL SERVICES               ,OH,44308-0000,Public       ,3,29,32,6,109,115
02519300,OHIO STATE SCH COSMETOLOGY              ,OH,43068-0000,Proprietary  ,1,2,3,7,17,24
02522700,EASTLAND-FAIRFIELD CAREER AND TECHNICAL ,OH,43125-0000,Public       ,4,18,22,44,225,269
02528300,TDDS TECHNICAL INSTITUTE                ,OH,44429-0000,Proprietary  ,7,79,86,56,300,356
02529500,HAMRICK SCHOOL                          ,OH,44256-0000,Proprietary  ,0,19,19,4,63,67
02541400,TOLEDO ACADEMY OF BEAUTY CULTURE-SO     ,OH,43614-0000,Proprietary  ,4,14,18,37,140,177
02545800,INNER STATE BEAUTY SCHOOLS              ,OH,44124-0000,Proprietary  ,8,38,46,44,189,233
02553000,SCHOOL OF ADVERTISING ART               ,OH,45440-0000,Proprietary  ,0,0,0,191,12,203
02560000,CASAL AVEDA INSTITUTE                   ,OH,44515-0000,Proprietary  ,16,17,33,63,59,122
02560700,PICKAWAY ROSS CO JOINT VOC TECH SCH     ,OH,45601-0000,Public       ,4,21,25,48,204,252
02562300,APOLLO CAREER CENTER-ADULT EDUC         ,OH,45806-0000,Public       ,6,42,48,66,332,398
02563000,RAPHAELS SCHOOL OF BEAUTY CULTURE       ,OH,44601-2847,Proprietary  ,6,8,14,21,46,67
02568600,MAHONING COUNTY CAREER & TECH CENTR     ,OH,44406-0000,Public       ,0,2,2,15,78,93
02582900,KAPLAN CAREER INSTITUTE                 ,OH,44129-6810,Proprietary  ,23,120,143,108,593,701
02586400,TRUMBULL CAREER & TECH CENTER-ADULT     ,OH,44483-1997,Public       ,2,17,19,37,226,263
02588500,OHIO STATE SCHOOL OF COSMETOLOGY        ,OH,43081-0000,Proprietary  ,2,2,4,25,12,37
02599711,VATTEROTT COLLEGE - CLEVELAND           ,OH,44147-3502,Proprietary  ,10,67,77,56,355,411
02603800,LORAIN COUNTY JVS ADULT CAREER CTR      ,OH,44074-9799,Public       ,2,10,12,35,156,191
02614700,SPRINGFIELD CLARK CO JOINT VOC SCH      ,OH,45505-4295,Public       ,0,9,9,5,66,71
02616200,BROWN MACKIE COLLEGE-FINDLAY            ,OH,45840-6848,Proprietary  ,52,217,269,302,1134,1436
02620000,SANDUSKY CAREER CENTER                  ,OH,44870-4786,Public       ,1,18,19,22,121,143
03007900,GALLIPOLIS CAREER COLLEGE               ,OH,45631-2600,Proprietary  ,4,29,33,24,241,265
03015100,ALLIANCE HIGH SCH-CMTY SERVICES DIV     ,OH,44601-2899,Public       ,1,9,10,31,149,180
03015300,EHOVE CAREER CENTER                     ,OH,44846-9500,Public       ,5,20,25,63,303,366
03023700,MADISON ADULT CAREER CENTER             ,OH,44905-2718,Public       ,3,8,11,12,97,109
03024300,VALLEY BEAUTY SCHOOL                    ,OH,43725-2332,Proprietary  ,6,14,20,34,61,95
03027100,FAIRVIEW ACADEMY                        ,OH,44126-2214,Proprietary  ,2,11,13,15,50,65
03034200,WASHINGTON COUNTY CAREER CENTER ADULT TE,OH,45750-9290,Public       ,6,29,35,18,141,159
03051400,AUBURN CAREER CENTER                    ,OH,44077-9723,Public       ,1,9,10,39,62,101
03051500,US GRANT JOINT VOCATIONAL SCHOOL        ,OH,45106-9502,Public       ,0,2,2,0,30,30
03065800,OHIO INSTITUTE OF HEALTH CAREERS        ,OH,44035-2394,Proprietary  ,17,112,129,116,541,657
03065900,BUCKEYE CAREER CENTER                   ,OH,44663-9437,Public       ,1,9,10,44,205,249
03067600,RAPHAEL'S SCHOOL OF BEAUTY CULTURE      ,OH,44512-2222,Proprietary  ,4,5,9,15,44,59
03068200,OHIO CENTER FOR BROADCASTING            ,OH,44125-4220,Proprietary  ,21,41,62,87,204,291
03071900,MOUNT CARMEL COLLEGE OF NURSING         ,OH,43222-1598,Private      ,14,38,52,482,487,969
03078000,OHIO CENTER FOR BROADCASTING            ,OH,45227-1509,Proprietary  ,5,8,13,32,49,81
03079000,ETI TECHNICAL COLLEGE                   ,OH,44446-4398,Proprietary  ,7,30,37,119,320,439
03084800,DELAWARE AREA CAREER CENTER             ,OH,43015-8969,Public       ,0,2,2,1,16,17
03084801,DELAWARE AREA CAREER CENTER -           ,OH,43015-9001,Public       ,1,1,2,5,12,17
03095600,VANTAGE CAREER CENTER                   ,OH,45891-1378,Public       ,0,11,11,20,95,115
03097000,MERCY COLLEGE OF NORTHWEST OHIO         ,OH,43604-1132,Private      ,15,37,52,356,639,995
03100100,PARAMOUNT BEAUTY ACADEMY                ,OH,45662-4136,Proprietary  ,4,13,17,27,71,98
03105400,CLEVELAND EXTENSION HIGH SCH-WEST       ,OH,44102-2298,Public       ,5,44,49,25,176,201
03116200,DAYTON BARBER COLLEGE                   ,OH,45402-2310,Proprietary  ,3,15,18,20,114,134
03116300,OHIO COLLEGE OF MASSOTHERAPY            ,OH,44321-1363,Private      ,15,36,51,98,249,347
03116400,VANGUARD-SENTINELL VOC SCH DISTRICT     ,OH,43420-1197,Public       ,0,1,1,2,26,28
03117000,ASHLAND COUNTY-W HOLMES CAREER CTR      ,OH,44805-0000,Public       ,2,18,20,14,114,128
03200500,YOUNGSTOWN COLLEGE OF MASSOTHERAPY      ,OH,44471-2321,Proprietary  ,3,3,6,18,34,52
03319300,CREATIVE IMAGES-A CERTIFIED MATRIX      ,OH,45414-2557,Proprietary  ,17,27,44,53,104,157
03319301,CREATIVE IMAGES-A CERTIFIED MATRIX      ,OH,45459-0000,Proprietary  ,13,22,35,64,117,181
03416400,VALLEY BEAUTY SCHOOL                    ,OH,43701-3624,Proprietary  ,4,3,7,13,25,38
03425300,ROSEDALE BIBLE COLLEGE                  ,OH,43029-9517,Private      ,8,0,8,63,4,67
03457300,ALLEGHENY WESLEYAN COLLEGE              ,OH,44460-9598,Private      ,5,1,6,34,9,43
03468400,NATIONAL INSTITUTE OF MASSOTHERAPY      ,OH,44319-2100,Proprietary  ,5,10,15,36,98,134
03468500,ATS INSTITUTE OF TECHNOLOGY             ,OH,44143-2216,Proprietary  ,4,84,88,42,589,631
03475400,TRI-STATE BIBLE COLLEGE                 ,OH,45680-8402,Private      ,0,1,1,5,12,17
03534400,AMERICAN INST OF ALTERNATIVE MEDICI     ,OH,43229-1113,Proprietary  ,3,32,35,49,168,217
03578300,TRI-STATE COLLEGE                       ,OH,44452-8535,Proprietary  ,2,0,2,14,34,48
03586400,MED CENTRAL COLLEGE OF NURSING          ,OH,44903-2265,Private      ,8,22,30,260,289,549
03626300,BROWN AVEDA INSTITUTE                   ,OH,44060-6212,Proprietary  ,9,13,22,79,64,143
03659300,COMPUTER QUEST LTD.                     ,OH,44130-3034,Proprietary  ,0,27,27,5,113,118
03693300,CARNEGIE INST OF INTEGRATIVE MED/MASSOTH,OH,44260-9608,Private      ,1,8,9,7,49,56
03700300,REGENCY BEAUTY INSTITUTE - CLEVELAND    ,OH,44094-0000,Proprietary  ,5,27,32,36,123,159
03726300,TEMPLE BAPTIST COLLEGE                  ,OH,45240-0000,Private      ,5,4,9,21,31,52
03744300,EDUTEK COLLEGE                          ,OH,44224-0000,Private      ,0,0,0,1,20,21
03747300,BEXLEY HALL SEMINARY                    ,OH,43209-2325,Private      ,0,2,2,0,10,10
03776400,HEALING ARTS INSTITUTE                  ,OH,43551-3138,Proprietary  ,1,2,3,16,47,63
03837300,AVEDA FREDRIC'S INSTITUTE               ,OH,45208-1304,Proprietary  ,0,3,3,15,18,33
03882300,OREGON CAREER CENTER                    ,OH,43616-2631,Public       ,1,3,4,2,11,13
        ,INVALID SCHOOL CODE                     ,  ,00000-0000,,2126,3849,5975,27812,24617,52429
00134500,ADAMS STATE COLLEGE                     ,CO,81102-2373,Public       ,52,128,180,1928,1487,3415
00134600,ARAPAHOE COMMUNITY COLLEGE              ,CO,80160-9002,Public       ,117,422,539,1231,2961,4192
00134700,COLORADO COLLEGE                        ,CO,80903-3294,Private      ,33,11,44,2322,266,2588
00134800,COLORADO SCHOOL OF MINES                ,CO,80401-1887,Public       ,54,33,87,3094,564,3658
00134900,UNIVERSITY OF NORTHERN COLORADO         ,CO,80639-0001,Public       ,204,196,400,8967,3352,12319
00135000,COLORADO STATE UNIVERSITY               ,CO,80523-0100,Public       ,441,335,776,15109,6222,21331
00135200,DENVER  SEMINARY                        ,CO,80120-2192,Private      ,0,32,32,7,533,540
00135300,FORT LEWIS COLLEGE                      ,CO,81301-3999,Public       ,97,84,181,3087,1098,4185
00135400,ILIFF SCHOOL OF THEOLOGY                ,CO,80210-0000,Private      ,0,6,6,3,226,229
00135500,LAMAR COMMUNITY COLLEGE                 ,CO,81052-3999,Public       ,16,22,38,337,358,695
00135800,MESA STATE COLLEGE                      ,CO,81501-7682,Public       ,125,203,328,3403,2349,5752
00135900,COLORADO NORTHWESTERN COMMUNITY COLLEGE ,CO,81648-3598,Public       ,8,25,33,229,258,487
00136000,METROPOLITAN STATE CLG OF DENVER        ,CO,80204-0000,Public       ,447,898,1345,7358,10400,17758
00136100,NORTHEASTERN JUNIOR COLLEGE             ,CO,80751-2399,Public       ,38,34,72,802,363,1165
00136200,OTERO JUNIOR COLLEGE                    ,CO,81050-3346,Public       ,36,96,132,499,789,1288
00136300,REGIS UNIVERSITY                        ,CO,80221-1099,Private      ,34,655,689,1979,7125,9104
00136500,COLORADO STATE UNIVERSITY-PUEBLO        ,CO,81001-4901,Public       ,87,142,229,2672,2303,4975
00136800,TRINIDAD STATE JR COLLEGE               ,CO,81082-2396,Public       ,34,117,151,618,848,1466
00137000,UNIVERSITY OF COLORADO-BOULDER          ,CO,80309-0077,Public       ,379,316,695,15946,7304,23250
00137100,UNIVERSITY OF DENVER                    ,CO,80208-2000,Private      ,97,310,407,4317,7136,11453
00137200,WESTERN STATE COLLEGE                   ,CO,81231-0000,Public       ,42,32,74,1769,424,2193
00163202,AQUINAS INSTITUTE OF THEOLOGY - AQUINAS ,CO,80903-1498,Private      ,0,0,0,0,3,3
00405702,NATIONAL AMERICAN UNIVERSITY            ,CO,80918-0000,Proprietary  ,0,13,13,8,158,166
00405703,NATIONAL AMERICAN UNIVERSITY            ,CO,80222-0000,Proprietary  ,0,5,5,9,71,80
00450300,EVEREST COLLEGE                         ,CO,80916-3548,Proprietary  ,25,152,177,127,807,934
00450600,COLORADO MOUNTAIN COLLEGE               ,CO,81602-0000,Public       ,50,71,121,854,615,1469
00450700,EVEREST COLLEGE                         ,CO,80229-4339,Proprietary  ,99,513,612,455,2339,2794
00450701,"EVEREST COLLEGE- EVEREST COLLEGE, AURORA",CO,80012-5692,Proprietary  ,3,8,11,29,50,79
00450800,UNIVERSITY OF COLORADO DENVER           ,CO,80204-2029,Public       ,25,117,142,672,3562,4234
00450824,UNIVERSITY OF COLORADO DENVER - AURARIA ,CO,80217-3364,Public       ,147,424,571,3815,6563,10378
00450900,UNIV OF COLORADO AT COLO SPRINGS        ,CO,80918-3735,Public       ,130,259,389,4246,3693,7939
00559600,EMILY GRIFFITH OPPORTUNITY SCH          ,CO,80204-2197,Public       ,16,143,159,157,885,1042
00729700,REDSTONE COLLEGE                        ,CO,80020-9988,Proprietary  ,22,79,101,268,445,713
00754700,LINCOLN COLLEGE OF TECHNOLOGY           ,CO,80223-2013,Proprietary  ,101,94,195,799,666,1465
00754800,WESTWOOD COLLEGE - DENVER NORTH         ,CO,80221-3653,Proprietary  ,339,1374,1713,1830,6033,7863
00754801,WESTWOOD COLLEGE - DENVER SOUTH         ,CO,80227-3653,Proprietary  ,48,153,201,353,911,1264
00758200,AIMS COMMUNITY COLLEGE                  ,CO,80632-0000,Public       ,92,276,368,1250,2060,3310
00764900,ROCKY MOUNTAIN COLG OF ART & DESIGN     ,CO,80214-0000,Proprietary  ,17,16,33,496,168,664
00793300,FRONT RANGE COMMUNITY COLLEGE           ,CO,80031-2199,Public       ,364,867,1231,3595,6396,9991
00793301,FRONT RANGE COMM COLL/LARIMER CAMP      ,CO,80526-0000,Public       ,0,0,0,6,12,18
00863500,INTELLITEC MEDICAL INSTITUTE            ,CO,80909-1570,Proprietary  ,24,114,138,70,388,458
00887100,CONCORDE CAREER INSTITUTE               ,CO,80203-0000,Proprietary  ,26,115,141,143,672,815
00889600,PIKES PEAK COMMUNITY COLLEGE            ,CO,80906-5498,Public       ,223,803,1026,2693,5805,8498
00940100,COLORADO CHRISTIAN UNIVERSITY           ,CO,80226-7449,Private      ,35,208,243,1264,1589,2853
00954200,COMMUNITY COLLEGE OF DENVER             ,CO,80217-2026,Public       ,177,627,804,2059,5005,7064
00954300,RED ROCKS COMMUNITY COLLEGE             ,CO,80228-1255,Public       ,113,295,408,1331,2342,3673
00985500,YESHIVA TORAS CHAIM TALMUDICAL SEM      ,CO,80204-0067,Private      ,0,0,0,1,1,2
00998100,MORGAN COMMUNITY COLLEGE                ,CO,80701-4399,Public       ,14,70,84,241,680,921
01014800,COLORADO TECHNICAL UNIVERSITY           ,CO,80907-3896,Proprietary  ,177,2023,2200,695,6663,7358
01014802,COLORADO TECHNICAL UNIV - DENVER        ,CO,80111-3201,Proprietary  ,19,102,121,101,477,578
01014805,COLORADO TECH UNIV - ON LINE            ,CO,80907-0000,Proprietary  ,264,4684,4948,1209,19714,20923
01014806,COLORADO TECH UNIV - FED EXPRESS        ,CO,80921-3800,Proprietary  ,0,5,5,5,42,47
01014807,COLORADO TECH UNIV - MCI WORLD COM      ,CO,80919-3172,Proprietary  ,1,1,2,5,20,25
01014808,COLORADO TECH UNIV - USAA               ,CO,80920-1005,Proprietary  ,1,2,3,3,9,12
01014809,COLORADO TECH UNIV - SCHRIEVER AFB      ,CO,80912-7298,Proprietary  ,0,0,0,0,1,1
01014810,COLORADO TECH UNIV - PETERSON AFB       ,CO,80914-1586,Proprietary  ,0,0,0,0,2,2
01014811,COLORADO TECH UNIV-HEWLETT PACKARD      ,CO,80919-2303,Proprietary  ,0,1,1,0,6,6
01014812,COLORADO TECHNICAL UNIVERSITY - WESTMINS,CO,80021-3498,Proprietary  ,15,70,85,93,396,489
01014813,COLORADO TECH UNIV - ORACLE             ,CO,80921-3660,Proprietary  ,0,5,5,1,17,18
01014815,COLORADO TECHNCL UNIV PUEBLO            ,CO,81003-2315,Proprietary  ,3,15,18,29,57,86
01070900,EMPIRE BEAUTY SCHOOL-LAKEWOOD           ,CO,80215-0000,Proprietary  ,5,7,12,23,42,65
01073200,SAN JUAN BASINTECHNICAL COLLEGE         ,CO,81328-9196,Public       ,4,22,26,45,150,195
01157200,COLORADO SCHOOL OF TRADES               ,CO,80215-2996,Proprietary  ,10,28,38,84,185,269
01267000,BEL-REA INST OF ANIMAL TECH             ,CO,80247-3048,Proprietary  ,30,67,97,357,503,860
01285000,INTERNATIONAL SALON AND SPA ACADEMY     ,CO,80918-3684,Proprietary  ,5,32,37,54,137,191
01287500,PICKENS TECHNICAL COLLEGE               ,CO,80011-9307,Public       ,18,60,78,162,328,490
01300700,NAZARENE BIBLE COLLEGE                  ,CO,80910-3717,Private      ,3,36,39,46,526,572
02059400,INTERNATIONAL BEAUTY ACADEMY            ,CO,80918-3684,Proprietary  ,2,13,15,30,93,123
02072200,EMPIRE BEAUTY SCHOOL -ARVADA            ,CO,80212-0000,Proprietary  ,6,12,18,41,89,130
02078900,ART INSTITUTE OF COLORADO (THE)         ,CO,80203-2983,Proprietary  ,178,159,337,2182,1893,4075
02116300,PUEBLO COMMUNITY COLLEGE                ,CO,81004-0000,Public       ,114,416,530,1377,3807,5184
02117500,NAROPA UNIVERSITY                       ,CO,80302-0000,Private      ,15,43,58,279,1073,1352
02133100,COLORADO CENTER FOR MEDICAL LABORATORY S,CO,80218-0000,Private      ,1,4,5,9,40,49
02141100,ARTISTIC BEAUTY COLGS-WESTMINSTER       ,CO,80030-0000,Proprietary  ,23,45,68,81,184,265
02141102,ARTISTIC BEAUTY COLLEGES-LITTLETON      ,CO,80123-3480,Proprietary  ,0,1,1,5,5,10
02141103,ARTISTIC BEAUTY COLLEGES-AURORA         ,CO,80017-3194,Proprietary  ,5,17,22,19,71,90
02156200,DELTA - MONTROSE TECHNICAL COLLEGE      ,CO,81416-0000,Public       ,2,18,20,55,119,174
02159000,AMERICAN DIESEL & AUTO COLLEGE          ,CO,80223-0000,Proprietary  ,0,0,0,1,1,2
02160600,EMPIRE BEAUTY SCHOOL -THORNTON          ,CO,80241-1659,Proprietary  ,15,25,40,48,111,159
02165200,SALON PROFESSIONAL ACADEMY (THE)        ,CO,81504-5309,Proprietary  ,9,12,21,22,38,60
02167600,KAPLAN COLLEGE                          ,CO,80229-5309,Proprietary  ,14,75,89,97,295,392
02171300,TRINIDAD STATE JUNIOR COLLEGE           ,CO,81101-0000,Proprietary  ,0,0,0,2,4,6
02188700,DENVER ACAD OF COURT REPORTING          ,CO,80030-0000,Proprietary  ,6,43,49,16,136,152
02211901,CHEEKS INTERNATIONAL ACADEMY OF BEAUTY C,CO,80525-3053,Proprietary  ,1,6,7,9,22,31
02211902,CHEEKS INTERNATIONAL ACDMY BTY CULT     ,CO,80631-0000,Proprietary  ,0,7,7,3,20,23
02253700,INTELLITEC COLLEGE                      ,CO,80909-0000,Proprietary  ,32,134,166,90,433,523
02267500,GLENWOOD BEAUTY ACADEMY                 ,CO,81601-0000,Proprietary  ,4,4,8,15,32,47
02276900,COMMUNITY COLLEGE OF AURORA             ,CO,80011-9036,Public       ,110,424,534,1119,2811,3930
02321700,ITT TECHNICAL INSTITUTE                 ,CO,80229-5338,Proprietary  ,83,177,260,446,862,1308
02518500,HAIR DYNAMICS EDUCATION CENTER          ,CO,80525-0000,Proprietary  ,21,29,50,68,109,177
02594300,COLLEGE AMERICA - DENVER                ,CO,80222-3380,Proprietary  ,37,121,158,205,1005,1210
02611000,HERITAGE COLLEGE                        ,CO,80212-7413,Proprietary  ,32,138,170,150,679,829
03006300,INST OF BUSINESS & MEDICAL CAREERS      ,CO,80525-3044,Proprietary  ,27,71,98,167,609,776
03012100,REMINGTON COLLEGE - COLORADO SPRINGS CAM,CO,80215-0000,Proprietary  ,7,33,40,74,411,485
03013100,BOULDER COLLEGE OF MASSAGE THERAPY      ,CO,80301-3295,Private      ,7,26,33,73,165,238
03014900,PLATT COLLEGE                           ,CO,80014-3141,Proprietary  ,9,36,45,54,141,195
03027400,XENON INTERNATIONAL ACADEMY III         ,CO,80014-1193,Proprietary  ,7,10,17,37,52,89
03030606,UTAH COLLEGE OF MASSAGE THERAPY - DENVER,CO,80031-2921,Proprietary  ,22,38,60,114,176,290
03030607,UTAH COLLEGE OF MASSAGE THERAPY - DENVER,CO,80012-2523,Proprietary  ,16,59,75,111,225,336
03031603,DPT BUSINESS SCHOOL                     ,CO,80223-0000,Proprietary  ,1,0,1,2,6,8
03066900,INTELLITEC COLLEGE                      ,CO,81506-3994,Proprietary  ,30,112,142,139,624,763
03068201,OHIO CENTER FOR BROADCASTING - COLORADO ,CO,80214-4129,Proprietary  ,8,15,23,37,90,127
03289300,COLORADO HEIGHTS UNIVERSITY             ,CO,80236-2711,Private      ,2,21,23,11,98,109
03306300,MONTESSORI EDUC CRT OF THE ROCKIES      ,CO,80301-2587,Private      ,0,0,0,5,35,40
03474400,CENTER OF ADVANCED THERAPEUTICS         ,CO,80210-1629,Proprietary  ,0,0,0,1,7,8
03534300,JONES INTERNATIONAL UNIVERSITY          ,CO,80112-3446,Proprietary  ,1,178,179,13,1132,1145
03545300,UNIVERSITY OF THE ROCKIES               ,CO,80903-3612,Proprietary  ,0,16,16,4,146,150
03584400,COLORADO SCHOOL OF HEALING ARTS         ,CO,80226-4332,Proprietary  ,9,42,51,55,266,321
03670300,TONI & GUY HAIRDRESSING ACADEMY         ,CO,80911-1713,Proprietary  ,7,8,15,46,63,109
03686300,COLORADO SCHOOL OF TRADITIONAL CHINESE M,CO,80206-2127,Proprietary  ,1,24,25,5,110,115
03805300,CORTIVA INSTITUTE-COLORADO              ,CO,80021-0000,Proprietary  ,3,6,9,8,40,48
03972300,CUTTIN' UP BEAUTY ACADEMY               ,CO,80220-0000,Proprietary  ,1,7,8,7,41,48
03976300,MASSAGE THERAPY INSTITUTE OF COLORADO   ,CO,80206-2127,Proprietary  ,1,7,8,16,65,81
04093300,ACADEMY OF NATURAL THERAPY              ,CO,80631-3425,Proprietary  ,5,6,11,5,6,11
00267811,BRYANT & STRATTON COLLEGE - VIRGINIA BEA,VA,23462-4417,Proprietary  ,31,140,171,226,1261,1487
00370200,AVERETT UNIVERSITY                      ,VA,24541-3692,Private      ,22,184,206,1191,1116,2307
00370300,BLUEFIELD COLLEGE                       ,VA,24605-1799,Private      ,8,45,53,576,640,1216
00370400,BRIDGEWATER COLLEGE                     ,VA,22812-1599,Private      ,14,3,17,2118,101,2219
00370500,COLLEGE OF WILLIAM & MARY               ,VA,23187-8795,Public       ,85,81,166,7031,3110,10141
00370600,CHRISTOPHER NEWPORT UNIVERSITY          ,VA,23606-2998,Public       ,67,52,119,5335,803,6138
00370700,RICHARD BLAND COLLEGE                   ,VA,23805-7100,Public       ,47,30,77,520,297,817
00370800,EASTERN MENNONITE UNIVERSITY            ,VA,22802-2462,Private      ,3,34,37,994,391,1385
00370900,EMORY & HENRY COLLEGE                   ,VA,24327-0010,Private      ,18,8,26,1492,111,1603
00371100,FERRUM COLLEGE                          ,VA,24088-2612,Private      ,23,6,29,1743,194,1937
00371200,TIDEWATER COMMUNITY COLLEGE             ,VA,23510-1910,Public       ,468,1384,1852,5580,10939,16519
00371300,HAMPDEN-SYDNEY COLLEGE                  ,VA,23943-0128,Private      ,12,1,13,1001,29,1030
00371400,HAMPTON UNIVERSITY                      ,VA,23668-0099,Private      ,166,127,293,8736,2381,11117
00371500,HOLLINS UNIVERSITY                      ,VA,24020-0000,Private      ,11,20,31,862,505,1367
00371900,LONGWOOD UNIVERSITY                     ,VA,23909-1899,Public       ,59,30,89,3892,492,4384
00372000,LYNCHBURG COLLEGE                       ,VA,24501-3199,Private      ,29,31,60,2667,491,3158
00372100,JAMES MADISON UNIVERSITY                ,VA,22807-3780,Public       ,181,52,233,15163,1627,16790
00372300,MARY BALDWIN COLLEGE                    ,VA,24401-3610,Private      ,20,68,88,1100,769,1869
00372400,MARYMOUNT UNIVERSITY                    ,VA,22207-4224,Private      ,40,115,155,2183,1739,3922
00372600,NATIONAL COLLEGE                        ,VA,24153-4524,Proprietary  ,136,722,858,718,4731,5449
00372700,NORTHERN VA CMTY CLG                    ,VA,22003-3743,Public       ,559,1112,1671,5265,6977,12242
00372800,OLD DOMINION UNIVERSITY                 ,VA,23529-0052,Public       ,279,611,890,11498,9276,20774
00373200,RADFORD UNIVERSITY                      ,VA,24142-6905,Public       ,92,75,167,6881,1805,8686
00373300,RANDOLPH-MACON COLLEGE                  ,VA,23005-5505,Private      ,23,5,28,1520,57,1577
00373400,RANDOLPH COLLEGE                        ,VA,24503-1526,Private      ,6,8,14,766,110,876
00373500,VIRGINIA COMMONWEALTH UNIVERSITY        ,VA,23284-9004,Public       ,357,462,819,14876,10244,25120
00373600,ROANOKE COLLEGE                         ,VA,24153-3794,Private      ,18,9,27,2274,162,2436
00373700,SHENANDOAH UNIVERSITY                   ,VA,22601-5195,Private      ,27,49,76,1801,1468,3269
00373800,SOUTHERN VIRGINIA UNIVERSITY            ,VA,24416-3038,Private      ,29,12,41,804,226,1030
00373900,ST PAULS COLLEGE                        ,VA,23868-1299,Private      ,12,19,31,602,357,959
00374200,SWEET BRIAR COLLEGE                     ,VA,24595-9998,Private      ,7,2,9,617,52,669
00374300,UNION THEO SEMINARY & PRESBYTRN SCH     ,VA,23227-0000,Private      ,0,5,5,1,120,121
00374400,UNIVERSITY OF RICHMOND                  ,VA,23173-0001,Private      ,36,77,113,3054,1910,4964
00374500,UNIVERSITY OF VIRGINIA - SFS            ,VA,22903-0000,Public       ,197,137,334,12460,6986,19446
00374600,UNIVERSITY OF MARY WASHINGTON           ,VA,22401-5358,Public       ,64,62,126,3442,693,4135
00374700,UNIV OF VIRGINIA'S COLLEGE AT WISE      ,VA,24293-4412,Public       ,15,25,40,1661,407,2068
00374800,EASTERN SHORE COMMUNITY COLLEGE         ,VA,23410-3000,Public       ,26,48,74,249,403,652
00374900,GEORGE MASON UNIVERSITY                 ,VA,22030-4444,Public       ,312,530,842,11191,9847,21038
00375100,PATRICK HENRY COMMUNITY COLLEGE         ,VA,24112-5311,Public       ,56,205,261,705,1575,2280
00375200,VIRGINIA INTERMONT COLLEGE              ,VA,24201-4298,Private      ,14,29,43,618,462,1080
00375300,VIRGINIA MILITARY INSTITUTE             ,VA,24450-2138,Public       ,20,5,25,1264,63,1327
00375400,VIRGINIA POLYTECH INST & STATE UNIV     ,VA,24061-2000,Public       ,206,175,381,19512,3655,23167
00375800,DANVILLE COMMUNITY COLLEGE              ,VA,24541-4004,Public       ,89,255,344,939,1931,2870
00375900,J. SARGEANT REYNOLDS COMMUNITY CLG      ,VA,23285-0000,Public       ,199,504,703,2262,4657,6919
00376000,VIRGINIA WESTERN CMTY COLLEGE           ,VA,24038-0000,Public       ,127,335,462,1359,2467,3826
00376100,WYTHEVILLE COMMUNITY COLLEGE            ,VA,24382-3308,Public       ,39,139,178,628,1339,1967
00376200,VIRGINIA UNIVERSITY OF LYNCHBURG        ,VA,24501-6400,Private      ,1,20,21,37,133,170
00376400,VIRGINIA STATE UNIVERSITY               ,VA,23806-0001,Public       ,147,107,254,7287,1952,9239
00376500,NORFOLK STATE UNIVERSITY                ,VA,23504-8000,Public       ,151,290,441,7359,4535,11894
00376600,VIRGINIA UNION UNIVERSITY               ,VA,23220-1711,Private      ,50,57,107,2585,769,3354
00376700,VIRGINIA WESLEYAN COLLEGE               ,VA,23502-5599,Private      ,21,37,58,1588,501,2089
00376800,WASHINGTON & LEE UNIVERSITY             ,VA,24450-0303,Private      ,18,2,20,1585,1111,2696
00400400,JOHN TYLER COMMUNITY COLLEGE            ,VA,23831-5316,Public       ,194,431,625,1626,3010,4636
00498800,CENTRAL VIRGINIA COMMUNITY COLLEGE      ,VA,24502-2498,Public       ,53,184,237,884,1307,2191
00499200,MILLER-MOTTE TECHNICAL COLLEGE          ,VA,24505-0000,Proprietary  ,8,62,70,91,378,469
00499600,DABNEY S LANCASTER COMMUNITY CLG        ,VA,24422-1000,Public       ,24,43,67,394,426,820
00522300,NEW RIVER COMMUNITY COLLEGE             ,VA,24084-1127,Public       ,90,141,231,1068,1392,2460
00607500,ROANOKE MEM HOSP SCH RAD ONCOLOGY       ,VA,24033-0000,Private      ,0,0,0,1,3,4
00607501,ROANOKE MEM HOSP SCH RAD TECH           ,VA,24014-1850,Private      ,0,0,0,2,3,5
00662200,COLLEGE OF HEALTH SCIENCES - CHRV       ,VA,24031-0000,Private      ,12,45,57,402,690,1092
00681900,BLUE RIDGE COMMUNITY COLLEGE            ,VA,24486-0080,Public       ,59,114,173,1127,1118,2245
00687100,THOMAS NELSON COMMUNITY COLLEGE         ,VA,23670-0000,Public       ,212,585,797,2065,4278,6343
00709900,VIRGINIA HIGHLANDS COMMUNITY CLG        ,VA,24210-4210,Public       ,30,132,162,904,1058,1962
00726000,SOUTHWEST VIRGINIA COMMUNITY CLG        ,VA,24641-1510,Public       ,27,149,176,1022,1553,2575
00859200,LOUISE OBICI SCHOOL OF NURSING          ,VA,23434-8038,Private      ,1,7,8,10,31,41
00859202,SUFFOLK PUB SCH-LOUISE OBICI SCH PN     ,VA,23434-0000,Private      ,0,2,2,2,7,9
00865900,LORD FAIRFAX COMMUNITY COLLEGE          ,VA,22645-0047,Public       ,72,157,229,877,1182,2059
00866000,GERMANNA COMMUNITY COLLEGE              ,VA,22508-0339,Public       ,85,176,261,774,1140,1914
00866100,SOUTHSIDE VIRGINIA CMTY CLG             ,VA,23821-2930,Public       ,88,356,444,1025,2156,3181
00915900,PAUL D CAMP COMMUNITY COLLEGE           ,VA,23851-0737,Public       ,20,111,131,283,760,1043
00916000,RAPPAHANNOCK COMMUNITY COLLEGE          ,VA,23149-2616,Public       ,49,116,165,469,686,1155
00926700,EVEREST COLLEGE                         ,VA,23606-4203,Proprietary  ,47,338,385,169,1128,1297
00942000,SANFORD-BROWN COLLEGE                   ,VA,22182-3913,Proprietary  ,37,72,109,417,592,1009
00953500,STAUNTON SCHOOL OF COSMETOLOGY          ,VA,24401-4323,Proprietary  ,3,4,7,17,25,42
00953700,VIRGINIA SCH OF HAIR DESIGN             ,VA,23669-0000,Proprietary  ,1,23,24,35,138,173
00962900,MOUNTAIN EMPIRE COMMUNITY COLLEGE       ,VA,24219-0700,Public       ,35,174,209,947,1508,2455
00992800,PIEDMONT VIRGINIA COMMUNITY COLLEGE     ,VA,22902-7589,Public       ,65,131,196,872,1163,2035
00995800,HICKS ACADEMY OF BEAUTY CULTURE         ,VA,23707-3218,Proprietary  ,2,7,9,10,47,57
01004300,BON SECOURS MEMORIAL SCH OF NURSING     ,VA,23227-4612,Private      ,15,34,49,163,487,650
01019800,ECPI COLLEGE OF TECHNOLOGY              ,VA,23462-6542,Proprietary  ,393,1383,1776,1571,5377,6948
01033800,EASTERN VIRGINIA MEDICAL SCHOOL         ,VA,23501-1980,Private      ,0,31,31,19,1014,1033
01159600,RALPH'S VIRGINIA SCH OF COSMETOLOGY     ,VA,24501-2652,Proprietary  ,5,8,13,18,25,43
01162601,WESTWOOD COLLEGE - SOUTH BAY - ARLINGTON,VA,22203-4167,Proprietary  ,0,5,5,0,5,5
01162602,WESTWOOD COLLEGE - SOUTH BAY - ANNANDALE,VA,22003-2602,Proprietary  ,1,3,4,1,3,4
01274401,SOUTHSIDE REGIONAL MED CTR PROF SCHOOLS ,VA,23803-5133,Proprietary  ,5,24,29,66,233,299
01274402,SOUTHSIDE REG MED CTR SCH RAD TECH      ,VA,23803-0000,Proprietary  ,0,1,1,5,31,36
02053000,LIBERTY UNIVERSITY                      ,VA,24502-0000,Private      ,341,1302,1643,11306,10361,21667
02108800,WARDS CORNER BEAUTY ACADEMY             ,VA,23505-0000,Proprietary  ,8,47,55,38,190,228
02111600,DANVILLE REGIONAL MEDICAL CENTER SCHOOL ,VA,24541-0000,Proprietary  ,3,6,9,34,100,134
02128700,CENTRAL SCHOOL OF PRACTICAL NURSING     ,VA,23502-2230,Public       ,1,6,7,2,6,8
02140000,RIVERSIDE SCHOOL OF HEALTH CAREERS      ,VA,23608-3802,Private      ,11,29,40,60,251,311
02140001,RIVERSIDE SCHOOL OF HEALTH CAREERS-PRACT,VA,23601-3802,Private      ,0,0,0,25,111,136
02140002,RIVERSIDE SCHOOL OF RADIOLOGIC TECH     ,VA,23601-0000,Private      ,0,0,0,6,34,40
02175800,LYNCHBURG GENERAL HOSP SCH OF NURSG     ,VA,24501-0000,Private      ,3,5,8,65,135,200
02197600,WOODROW WILSON REHABILITATION CTR       ,VA,22939-0000,Public       ,3,8,11,31,26,57
02223100,HERITAGE INSTITUTE                      ,VA,22046-4400,Proprietary  ,14,53,67,48,208,256
02242400,HENRICO CTY ST MARYS HOSP PRAC NRSG     ,VA,23075-0000,Public       ,0,0,0,8,46,54
02247200,MEDSPA CAREERS INSTITUTE                ,VA,23606-0000,Proprietary  ,82,429,511,470,2056,2526
02304500,HERITAGE INSTITUTE                      ,VA,20111-0000,Proprietary  ,28,87,115,81,224,305
02320900,TIDEWATER TECH                          ,VA,23517-0000,Proprietary  ,5,32,37,59,150,209
02334400,CENTURA COLLEGE                         ,VA,23452-0000,Proprietary  ,78,652,730,416,2831,3247
02340000,COLONIAL HEIGHTS BEAUTY ACADEMY         ,VA,23834-0000,Proprietary  ,6,15,21,21,55,76
02342700,FORTIS COLLEGE                          ,VA,23502-4101,Proprietary  ,12,38,50,91,219,310
02342701,FORTIS COLLEGE - RICHMOND CAMPUS        ,VA,23236-3472,Proprietary  ,5,25,30,67,138,205
02535400,ECPI TECHNICAL COLLEGE                  ,VA,23236-0000,Proprietary  ,99,151,250,401,591,992
02538800,SUFFOLK BEAUTY ACADEMY                  ,VA,23434-0000,Proprietary  ,2,22,24,12,61,73
02541200,STRATFORD UNIVERSITY                    ,VA,22043-0000,Proprietary  ,33,92,125,177,393,570
02541201,STRATFORD UNIVERSITY-WOODBRIDGE         ,VA,22192-0000,Proprietary  ,3,17,20,25,82,107
02549800,NEW HORIZONS TECH SCH PR NSG            ,VA,23666-0000,Public       ,1,3,4,10,34,44
02567300,BRAXTON SCHOOL OF BUSINESS (THE)        ,VA,23230-0000,Proprietary  ,3,15,18,25,70,95
02588901,SANZ SCHOOL                             ,VA,22044-0000,Proprietary  ,0,8,8,2,18,20
02605900,TESST COLLEGE OF TECHNOLOGY             ,VA,22312-6342,Proprietary  ,21,88,109,102,362,464
02610100,WASHINGTON COUNTY ADULT SKILL CTR       ,VA,24210-2346,Public       ,2,25,27,20,97,117
03002400,GRAHAM WEBB INTERNATIONAL ACAD HAIR     ,VA,22209-2129,Proprietary  ,19,14,33,42,54,96
03010700,BAR PALMA BEAUTY CAREERS  ACADEMY       ,VA,24014-2255,Proprietary  ,2,8,10,19,53,72
03042800,"VIRGINIA BEACH CITY SCHOOLS, SCH.-PR.NSG",VA,23456-0038,Public       ,0,3,3,15,52,67
03091100,ACT COLLEGE                             ,VA,22209-2297,Proprietary  ,23,126,149,128,586,714
03091300,REGENT UNIVERSITY                       ,VA,23464-9800,Private      ,26,290,316,325,4364,4689
03092700,ECPI TECHNICAL COLLEGE-ROANOKE          ,VA,24012-1603,Proprietary  ,17,81,98,101,350,451
03096500,SPRINGFIELD BEAUTY ACADEMY              ,VA,22003-3016,Proprietary  ,2,42,44,8,113,121
03106500,SENTARA NORFOLK GENERAL HOSPITAL        ,VA,23320-2843,Private      ,12,75,87,130,568,698
03116900,BAPTIST THEOLOGICAL SEM.-RICHMOND       ,VA,23227-0000,Private      ,1,3,4,3,55,58
03126300,TIDEWATER TECH AVIATION                 ,VA,23320-5987,Proprietary  ,14,63,77,56,308,364
03126400,CENTURA COLLEGE                         ,VA,23235-5230,Proprietary  ,23,68,91,121,506,627
03126401,CENTURA COLLEGE - WEST                  ,VA,23294-0000,Proprietary  ,1,3,4,12,36,48
03127500,ADVANCED TECHNOLOGY INSTITUTE           ,VA,23462-2409,Proprietary  ,49,80,129,368,322,690
03280400,VIRGINIA SCHOOL OF MASSAGE              ,VA,22903-0000,Proprietary  ,18,47,65,36,91,127
03409500,RICHMOND SCHOOL OF HEALTH AND TECH      ,VA,23227-0000,Proprietary  ,17,96,113,117,648,765
03455300,CRESCENT COSMETOLOGY UNIVERSITY         ,VA,23666-3115,Proprietary  ,0,2,2,5,14,19
03559300,APPALACHIAN SCHOOL OF LAW               ,VA,24614-0000,Private      ,0,5,5,9,653,662
03638400,TAP THIS VALLEY WORKS CTR FOR EMPLO     ,VA,24016-1901,Private      ,0,7,7,1,18,19
03645400,RUDY & KELLY ACADEMY OF HAIR AND NA     ,VA,23464-6857,Proprietary  ,12,13,25,55,79,134
03654300,CAREER TRAINING SOLUTIONS               ,VA,22406-1014,Proprietary  ,5,44,49,34,241,275
03709300,EDWARD VIA VIRGINIA CLG OSTEOPATHIC MED ,VA,24060-6360,Private      ,0,1,1,7,637,644
03872400,INSTITUTE FOR THE PSYCHOLOGICAL SCIENCES,VA,22202-3609,Private      ,0,1,1,0,59,59
03876300,CULPEPER COSMETOLOGY TRAINING CENTER    ,VA,22701-3155,Public       ,1,5,6,5,23,28
03883400,AVIATION INSTITUTE OF MAINTENANCE       ,VA,20110-4156,Proprietary  ,7,39,46,39,115,154
03966300,CENTRAL BAPTIST THEOLOGICAL SEMINARY OF ,VA,23464-6847,Private      ,0,2,2,1,5,6
04038400,AVI CAREER INSTITUTE                    ,VA,22066-1839,Proprietary  ,1,7,8,1,13,14
00107000,THUNDERBIRD SCHOOL OF GLOBAL MANAGEMENT ,AZ,85306-6000,Private      ,0,63,63,2,502,504
00107100,ARIZONA WESTERN COLLEGE                 ,AZ,85366-0000,Public       ,145,296,441,2338,2328,4666
00107200,COCHISE COLLEGE                         ,AZ,85607-6190,Public       ,70,206,276,1014,1634,2648
00107300,EASTERN ARIZONA COLLEGE                 ,AZ,85552-0769,Public       ,85,109,194,1085,922,2007
00107400,GRAND CANYON UNIVERSITY                 ,AZ,85017-3030,Proprietary  ,49,1697,1746,879,10484,11363
00107600,GLENDALE COMMUNITY COLLEGE              ,AZ,85302-3090,Public       ,423,800,1223,4411,5711,10122
00107700,MESA COMMUNITY COLLEGE                  ,AZ,85202-4866,Public       ,503,974,1477,5692,7864,13556
00107800,PHOENIX COLLEGE                         ,AZ,85013-4234,Public       ,180,610,790,2570,4764,7334
00107900,YAVAPAI COLLEGE                         ,AZ,86301-3297,Public       ,74,186,260,1072,1572,2644
00108100,ARIZONA STATE UNIV (ALL CAMPUSES)       ,AZ,85287-0412,Public       ,873,1278,2151,29194,22817,52011
00108200,NORTHERN ARIZONA UNIVERSITY             ,AZ,86011-0001,Public       ,322,618,940,10809,9000,19809
00108300,UNIVERSITY OF ARIZONA                   ,AZ,85721-0066,Public       ,372,445,817,17585,10975,28560
00165701,MIDWESTERN UNIVERSITY                   ,AZ,85308-0000,Private      ,3,17,20,65,1761,1826
00446700,TUCSON COLLEGE                          ,AZ,85710-0000,Proprietary  ,30,157,187,122,644,766
00711300,SOUTHWESTERN COLLEGE                    ,AZ,85032-7097,Private      ,18,7,25,228,106,334
00726600,PIMA COUNTY COMMUNITY COLLEGE           ,AZ,85709-1110,Public       ,457,1098,1555,6092,8982,15074
00728300,CENTRAL ARIZONA COLLEGE                 ,AZ,85228-9779,Public       ,54,186,240,1062,1545,2607
00822100,UNIVERSAL TECHNICAL INSTITUTE           ,AZ,85323-7946,Proprietary  ,839,620,1459,10730,4451,15181
00824600,DINè COLLEGE                            ,AZ,86556-0126,Public       ,55,117,172,584,1062,1646
00830300,GATEWAY COMMUNITY COLLEGE               ,AZ,85034-1795,Public       ,66,334,400,852,3026,3878
00830302,MARICOPA SKILL CENTER                   ,AZ,85034-0000,Public       ,29,105,134,168,569,737
00830400,SCOTTSDALE COMMUNITY COLLEGE            ,AZ,85250-0000,Public       ,150,329,479,1963,2516,4479
00886400,ARIZONA ACADEMY OF BEAUTY               ,AZ,85712-5021,Proprietary  ,4,8,12,22,54,76
00886500,ARTISTIC BEAUTY COLLEGES-TUCSON         ,AZ,85716-3999,Proprietary  ,47,75,122,187,282,469
00886501,ARTISTIC BEAUTY COLLEGES - TUCSON  - NOR,AZ,85705-1665,Proprietary  ,15,24,39,73,123,196
00945100,BROWN MACKIE COLLEGE                    ,AZ,85712-5300,Proprietary  ,18,68,86,113,424,537
01084700,ARIZONA AUTOMOTIVE INSTITUTE            ,AZ,85301-3503,Proprietary  ,40,73,113,388,658,1046
01085800,AVALON SCHOOL OF COSMETOLOGY            ,AZ,85210-4010,Proprietary  ,18,28,46,75,163,238
01157000,PIMA MEDICAL INSTITUTE-MESA             ,AZ,85202-2950,Proprietary  ,8,34,42,65,191,256
01168900,REFRIGERATION SCHOOL                    ,AZ,85034-0000,Proprietary  ,16,86,102,51,347,398
01180200,ARIZONA ACADEMY OF BEAUTY-NORTH         ,AZ,85705-2720,Proprietary  ,2,8,10,20,54,74
01180800,ARTISTIC BEAUTY COLLEGES-FLAGSTAFF      ,AZ,86004-5119,Proprietary  ,28,54,82,110,248,358
01180801,CLG OF BEAUTY ARTS & SCI/CHANDLER       ,AZ,85224-0000,Proprietary  ,11,38,49,52,144,196
01180802,CLG OF BEAUTY ARTS & SCI/PRESCOTT       ,AZ,86303-0000,Proprietary  ,11,7,18,29,66,95
01186200,NORTHLAND PIONEER COLLEGE               ,AZ,86025-2996,Public       ,40,152,192,356,1064,1420
01186400,MOHAVE COMMUNITY COLLEGE                ,AZ,86409-1238,Public       ,70,366,436,702,2562,3264
01218400,INTERNATIONAL ACAD OF HAIR DESIGN       ,AZ,85225-7198,Proprietary  ,14,16,30,66,85,151
01234300,ARTISTIC BEAUTY COLLEGES-PHOENIX        ,AZ,85304-0000,Proprietary  ,20,45,65,97,176,273
01234301,EMPIRE BEAUTY SCHOOL - AVONDALE         ,AZ,85323-2352,Proprietary  ,2,9,11,31,42,73
01293700,ARTISTIC BEAUTY COLLEGES - PARADISE VALL,AZ,85257-0000,Proprietary  ,4,10,14,27,44,71
02065200,ITT TECHNICAL INSTITUTE                 ,AZ,85282-0000,Proprietary  ,136,331,467,736,1645,2381
02065300,PRESCOTT COLLEGE                        ,AZ,86301-0000,Private      ,17,93,110,339,976,1315
02071200,KAPLAN COLLEGE                          ,AZ,85029-4349,Proprietary  ,15,66,81,122,396,518
02098800,UNIVERSITY OF PHOENIX                   ,AZ,85040-0000,Proprietary  ,2839,66557,69396,9040,217332,226372
02100500,UNIVERSAL TECHNICAL INSTITUTE           ,AZ,85027-0000,Proprietary  ,621,735,1356,6665,5292,11957
02100600,APOLLO COLLEGE                          ,AZ,85015-0000,Proprietary  ,220,769,989,1093,3119,4212
02113800,ROBERTO-VENN SCH OF LUTHIERY            ,AZ,85040-0000,Proprietary  ,4,5,9,29,31,60
02146600,SOUTH MOUNTAIN COMMUNITY COLLEGE        ,AZ,85040-0000,Public       ,69,175,244,999,1539,2538
02171500,WESTERN INTERNATIONAL UNIVERSITY        ,AZ,85021-0000,Proprietary  ,134,2308,2442,701,15557,16258
02171545,AXIA- (WESTERN INTERNATIONAL UNIVERSITY),AZ,85210-4803,Proprietary  ,0,0,0,0,41,41
02173300,DEVOE COLLEGE OF BEAUTY                 ,AZ,85635-0000,Proprietary  ,3,7,10,12,27,39
02174900,COLLINS COLLEGE                         ,AZ,85040-4000,Proprietary  ,127,135,262,2243,1453,3696
02177500,RIO SALADO COMMUNITY COLLEGE            ,AZ,85281-0000,Public       ,74,743,817,552,4747,5299
02181300,LONG TECHNICAL COLLEGE                  ,AZ,85008-6915,Proprietary  ,3,18,21,24,160,184
02192300,MARICOPA BEAUTY COLLEGE                 ,AZ,85323-0000,Proprietary  ,2,13,15,42,52,94
02199900,AMERICAN INDIAN CLG-ASSEMBLIES GOD      ,AZ,85021-0000,Private      ,1,2,3,40,42,82
02217100,PIMA MEDICAL INSTITUTE                  ,AZ,85716-0000,Proprietary  ,286,866,1152,1252,4046,5298
02218800,BROOKLINE COLLEGE                       ,AZ,85019-1600,Proprietary  ,38,288,326,185,1523,1708
02220300,ARTISTIC BEAUTY COLLEGES-GLENDALE       ,AZ,85051-0000,Proprietary  ,17,36,53,65,129,194
02263100,ANTHEM COLLEGE                          ,AZ,85014-0000,Proprietary  ,559,1659,2218,3233,8862,12095
02280500,CHARLES OF ITALY BEAUTY COLLEGE         ,AZ,86403-0000,Proprietary  ,4,22,26,20,69,89
02295000,EVEREST COLLEGE                         ,AZ,85021-1610,Proprietary  ,79,560,639,353,2186,2539
02317800,AMERICAN INSTITUTE OF TECHNOLOGY        ,AZ,85043-0000,Proprietary  ,9,211,220,31,712,743
02342401,ACADEMY OF RADIO BROADCASTING           ,AZ,85008-0000,Proprietary  ,0,0,0,5,23,28
02361100,ITT TECHNICAL INSTITUTE                 ,AZ,85704-0000,Proprietary  ,93,149,242,488,830,1318
02491500,THE ART CENTER DESIGN COLLEGE           ,AZ,85716-0000,Proprietary  ,19,44,63,207,433,640
02521500,LAMSON COLLEGE                          ,AZ,85284-1141,Proprietary  ,23,134,157,99,501,600
02559000,UNIVERSITY OF ADVANCING TECHNOLOGY      ,AZ,85283-0000,Proprietary  ,73,97,170,989,654,1643
02561900,TONI AND GUY HAIRDRESSING ACADEMY       ,AZ,85251-3301,Proprietary  ,30,23,53,147,124,271
02582700,CORTIVA INSTITUTE - TUCSON              ,AZ,85710-3503,Proprietary  ,7,17,24,42,102,144
02602500,NORTHERN ARIZONA INSTITUTE OF TECHNOLOGY,AZ,86001-0000,Proprietary  ,0,0,0,1,0,1
02616700,SCOTTSDALE CULINARY INSTITUTE           ,AZ,85251-2729,Proprietary  ,173,298,471,1256,1898,3154
02623600,PARADISE VALLEY COMMUNITY COLLEGE       ,AZ,85032-1210,Public       ,128,249,377,1335,2132,3467
02623800,CORTIVA INSTITUTE - SCOTTSDALE          ,AZ,85257-4218,Proprietary  ,9,28,37,37,136,173
03004700,MUNDUS INSTITUTE                        ,AZ,85015-3665,Proprietary  ,1,6,7,13,37,50
03005000,SAFFORD COLLEGE OF BEAUTY CULTURE       ,AZ,85546-3309,Proprietary  ,2,9,11,8,25,33
03010613,VIRGINIA COLLEGE - GOLF ACADEMY OF ARIZO,AZ,85225-6742,Proprietary  ,20,20,40,119,134,253
03030604,UTAH COLLEGE OF MASSAGE THERAPY - ARIZON,AZ,85282-0000,Proprietary  ,22,53,75,163,309,472
03030605,UTAH COLLEGE OF MASSAGE THERAPY - ARIZON,AZ,85051-3470,Proprietary  ,32,65,97,141,302,443
03034400,CONSERVATORY RECORDING ARTS & SCIS      ,AZ,85282-1707,Proprietary  ,46,60,106,410,507,917
03072200,CHANDLER-GILBERT COMMUNITY COLLEGE      ,AZ,85225-2499,Public       ,157,287,444,1673,2111,3784
03076400,BRYMAN SCHOOL OF ARIZONA                ,AZ,85029-4919,Proprietary  ,456,735,1191,2677,4237,6914
03081200,METROPOLITAN COLLEGE                    ,AZ,85040-0000,Private      ,0,0,0,2,7,9
03097800,CARSTEN INSTITUTE OF HAIR & BEAUTY      ,AZ,85282-5404,Proprietary  ,17,27,44,108,123,231
03100400,COCONINO COUNTY COMMUNITY COLLEGE       ,AZ,86001-2701,Public       ,77,125,202,796,1163,1959
03107000,SOUTHWEST CLG OF NATUROPATHIC MED       ,AZ,85282-0000,Private      ,0,24,24,3,384,387
03115000,ARIZONA COLLEGE OF ALLIED HEALTH        ,AZ,85302-3843,Proprietary  ,11,55,66,43,325,368
03120300,COLLEGE AMERICA                         ,AZ,86004-3936,Proprietary  ,16,52,68,159,345,504
03156300,ESTRELLA MOUNTAIN COMMUNITY COLLEGE     ,AZ,85392-1010,Public       ,81,217,298,1075,1710,2785
03156301,ESTRELLA MOUNTAIN COMMUNITY COLLEGE - SO,AZ,85392-1010,Public       ,13,50,63,146,397,543
03347300,INTERNATIONAL BAPTIST COLLEGE           ,AZ,85282-6799,Private      ,5,6,11,34,19,53
03445300,HDS TRUCK DRIVING INSTITUTE             ,AZ,85731-0000,Proprietary  ,2,37,39,4,89,93
03572300,EAST VALLEY INSTITUTE OF TECHNOLOGY     ,AZ,85201-6910,Public       ,5,14,19,47,84,131
03593300,SOUTHWEST INSTITUTE OF HEALING ARTS     ,AZ,85281-3658,Proprietary  ,8,61,69,60,374,434
03617500,PHOENIX INSTITUTE OF HERBAL MEDICINE & A,AZ,85012-0000,Proprietary  ,1,8,9,6,66,72
03695500,ARIZONA SCHOOL OF ACUPUNCTURE AND ORIENT,AZ,85712-1100,Proprietary  ,0,3,3,6,41,47
03740500,ART INSTITUTE OF TUCSON (THE)           ,AZ,85712-2732,Proprietary  ,18,15,33,90,99,189
03784400,TOHONO O'ODHAM COMMUNITY COLLEGE        ,AZ,85634-3129,Public       ,2,9,11,15,78,93
03814300,TURNING POINT BEAUTY COLLEGE            ,AZ,85222-4229,Proprietary  ,0,6,6,0,22,22
04051300,ART INSTITUTE OF PHOENIX (THE)          ,AZ,85021-2859,Proprietary  ,69,79,148,440,366,806
04059300,TUCSON COLLEGE OF BEAUTY                ,AZ,85705-2451,Proprietary  ,8,7,15,22,24,46
00142800,DELAWARE STATE UNIVERSITY               ,DE,19901-2277,Public       ,95,93,188,4914,1472,6386
00142900,GOLDEY BEACOM COLLEGE                   ,DE,19808-1993,Private      ,16,44,60,517,368,885
00143100,UNIVERSITY OF DELAWARE                  ,DE,19716-0099,Public       ,197,118,315,17262,2118,19380
00143300,WESLEY COLLEGE                          ,DE,19901-3875,Private      ,29,21,50,2190,319,2509
00143301,WESLEY COLLEGE-CTR FOR ADULT STUDIE     ,DE,19720-0000,Private      ,4,72,76,34,380,414
00331301,WIDENER UNIV SCHOOL OF LAW - DE         ,DE,19803-0000,Private      ,1,20,21,23,1650,1673
00705300,DELAWARE TECH & CMTY COLLEGE-OWENS      ,DE,19947-0000,Public       ,84,235,319,1178,1693,2871
00794800,WILMINGTON UNIVERSITY                   ,DE,19720-6491,Private      ,68,425,493,1286,4010,5296
01172700,DELAWARE TECH & CMTY CLG-TERRY          ,DE,19901-8736,Public       ,62,206,268,969,1452,2421
01195002,DELAWARE COLLEGE OF ART & DESIGN        ,DE,19801-0000,Private      ,11,4,15,270,59,329
02125200,BEEBE SCHOOL OF NURSING                 ,DE,19958-1462,Private      ,1,3,4,28,47,75
02144900,DELAWARE TECH & CMTY CLG-STANTN/WLM     ,DE,19801-0000,Public       ,141,341,482,1833,2714,4547
02190400,SCHILLING DOUGLAS SCH OF HAIR DSGN      ,DE,19711-0000,Proprietary  ,9,22,31,76,116,192
02586902,STAR TECHNICAL INSTITUTE -              ,DE,19901-4615,Proprietary  ,2,38,40,30,238,268
03021000,HARRISON CAREER INSTITUTE               ,DE,19804-3259,Proprietary  ,0,4,4,6,54,60
03025800,DAWN TRAINING CENTRE                    ,DE,19805-1511,Proprietary  ,8,86,94,54,319,373
03543300,HARRIS SCHOOL OF BUSINESS               ,DE,19803-5341,Proprietary  ,14,49,63,31,111,142
03702300,DELAWARE LEARNING INSTITUTE OF COSMETOLO,DE,19939-9759,Proprietary  ,1,9,10,15,31,46
00143400,AMERICAN UNIVERSITY                     ,DC,20016-8020,Private      ,94,195,289,10031,8578,18609
00143700,CATHOLIC UNIVERSITY OF AMERICA          ,DC,20064-0002,Private      ,43,91,134,3454,2062,5516
00143711,"CATHOLIC UNIV AMERICA, LAW SCHOOL       ",DC,20064-0000,Private      ,0,15,15,30,1596,1626
00144100,UNIV OF THE DISTRICT OF COLUMBIA        ,DC,20008-0000,Public       ,95,313,408,1733,3404,5137
00144102,UNIVERSITY OF THE DISTRICT OF COLUMBIA -,DC,20008-1173,Public       ,2,18,20,43,611,654
00144300,GALLAUDET UNIVERSITY                    ,DC,20002-3695,Private      ,27,31,58,841,811,1652
00144400,GEORGE WASHINGTON UNIVERSITY            ,DC,20052-2353,Private      ,124,424,548,10804,7578,18382
00144402,GEORGE WASHINGTON UNIV LAW SCHL         ,DC,20052-0000,Private      ,1,28,29,22,3792,3814
00144403,GEORGE WASHINGTON UNIV SCH MED          ,DC,20052-0000,Private      ,1,9,10,28,1123,1151
00144500,GEORGETOWN UNIVERSITY                   ,DC,20057-1252,Private      ,105,140,245,9717,4401,14118
00144501,"GEORGETOWN UNIV, SCH OF MEDICINE        ",DC,20007-0000,Private      ,3,11,14,30,1140,1170
00144503,GEORGETOWN UNIV LAW CENTER              ,DC,20001-0000,Private      ,0,42,42,21,4786,4807
00144800,HOWARD UNIVERSITY                       ,DC,20059-0001,Private      ,218,275,493,11350,7722,19072
00145600,SOUTHEASTERN UNIVERSITY                 ,DC,20024-2788,Private      ,8,103,111,169,896,1065
00145900,STRAYER UNIVERSITY                      ,DC,20005-2603,Proprietary  ,206,4674,4880,1007,25523,26530
00146000,TRINITY UNIVERSITY                      ,DC,20017-1004,Private      ,20,91,111,756,1377,2133
00146400,WESLEY THEOLOGICAL SEMINARY             ,DC,20016-0000,Private      ,0,17,17,0,270,270
00207701,JOHNS HOPKINS UNIV SCH ADV INTL STU     ,DC,20036-0000,Private      ,1,26,27,26,1162,1188
01006500,WASHINGTON THEOLOGICAL UNION            ,DC,20012-0000,Private      ,0,3,3,0,35,35
01195000,THE CORCORAN COLLEGE OF ART & DESIG     ,DC,20006-4804,Private      ,7,18,25,451,292,743
01266500,HARRISON CTR FOR CAREER EDUCATION       ,DC,20001-5303,Private      ,0,1,1,3,108,111
01280300,DOMINICAN HOUSE OF STUDIES              ,DC,20017-1584,Private      ,0,1,1,0,6,6
02132800,NAT'L CONSERVATORY DRAMATIC ARTS        ,DC,20007-2758,Private      ,1,2,3,5,15,20
02279200,DUDLEY BEAUTY COLG-WASHINGTON           ,DC,20018-0000,Proprietary  ,5,25,30,56,135,191
02588900,SANZ SCHOOL                             ,DC,20006-0000,Proprietary  ,48,213,261,242,986,1228
03104300,CAREER BLAZERS LEARNING CENTER OF WASHIN,DC,20037-1881,Proprietary  ,16,105,121,60,422,482
03218300,POTOMAC COLLEGE                         ,DC,20016-1860,Proprietary  ,0,64,64,21,394,415
03409600,BENNETT CAREER INSTITUTE                ,DC,20017-1754,Proprietary  ,3,24,27,66,173,239
03750300,TECHNICAL LEARNING CENTERS              ,DC,20005-3415,Proprietary  ,7,60,67,19,204,223
00154100,ABRAHAM BALDWIN AGRICULTURAL CLG        ,GA,31794-0000,Public       ,117,122,239,2621,1417,4038
00154200,AGNES SCOTT COLLEGE                     ,GA,30030-3797,Private      ,21,19,40,1114,288,1402
00154300,DARTON COLLEGE                          ,GA,31707-3098,Public       ,120,361,481,2003,3621,5624
00154400,ALBANY STATE UNIVERSITY                 ,GA,31705-2796,Public       ,169,215,384,5570,3148,8718
00154500,ANDREW COLLEGE                          ,GA,39840-1313,Private      ,14,6,20,410,46,456
00154600,ARMSTRONG ATLANTIC STATE UNIVERSITY     ,GA,31419-1997,Public       ,143,345,488,3524,4578,8102
00154700,ATLANTA CHRISTIAN COLLEGE               ,GA,30344-1999,Private      ,11,11,22,411,155,566
00154900,ATLANTA COLLEGE OF ART                  ,GA,30309-3549,Private      ,0,0,0,141,71,212
00155200,AUGUSTA STATE UNIVERSITY                ,GA,30904-2200,Public       ,184,317,501,4067,4219,8286
00155400,BERRY COLLEGE                           ,GA,30149-5007,Private      ,27,11,38,1917,181,2098
00155500,THOMAS UNIVERSITY                       ,GA,31792-7499,Private      ,18,86,104,264,762,1026
00155600,BRENAU UNIVERSITY                       ,GA,30501-3668,Private      ,33,199,232,1023,2190,3213
00155700,BREWTON PARKER COLLEGE                  ,GA,30445-0000,Private      ,27,78,105,733,839,1572
00155800,COASTAL GEORGIA COMMUNITY COLLEGE       ,GA,31520-3644,Public       ,95,265,360,1207,2270,3477
00155900,CLARK ATLANTA UNIVERSITY                ,GA,30314-4385,Private      ,340,252,592,11479,4009,15488
00156000,COLUMBIA THEOLOGICAL SEMINARY           ,GA,30031-0000,Private      ,0,12,12,2,192,194
00156100,COLUMBUS STATE UNIVERSITY               ,GA,31907-5645,Public       ,210,370,580,4928,3942,8870
00156200,GEORGIA PERIMETER COLLEGE               ,GA,30021-0000,Public       ,853,1379,2232,9113,12000,21113
00156300,EMMANUEL COLLEGE                        ,GA,30639-0000,Private      ,12,10,22,622,194,816
00156400,EMORY UNIVERSITY                        ,GA,30322-1960,Private      ,161,259,420,8008,7045,15053
00156600,FORT VALLEY STATE UNIVERSITY            ,GA,31030-3298,Public       ,98,117,215,3103,1331,4434
00156700,GAINESVILLE STATE COLLEGE               ,GA,30503-0000,Public       ,243,249,492,3343,1731,5074
00156800,INTERDENOMINATIONAL THEOLOGY CENTER     ,GA,30314-0000,Private      ,0,24,24,4,518,522
00156900,GEORGIA INSTITUTE OF TECHNOLOGY         ,GA,30332-0002,Public       ,225,160,385,11577,3009,14586
00157000,SOUTHERN POLYTECHNIC STATE UNIV         ,GA,30060-2896,Public       ,57,134,191,1997,1597,3594
00157100,GEORGIA MILITARY COLLEGE                ,GA,31061-3398,Public       ,211,351,562,2269,3086,5355
00157200,GEORGIA SOUTHERN UNIVERSITY             ,GA,30460-8065,Public       ,336,322,658,13891,4504,18395
00157300,GEORGIA SOUTHWESTERN STATE UNIV         ,GA,31709-4693,Public       ,61,102,163,1652,1429,3081
00157400,GEORGIA STATE UNIVERSITY                ,GA,30303-3010,Public       ,660,1339,1999,17584,18216,35800
00157500,GORDON COLLEGE                          ,GA,30204-1762,Public       ,214,168,382,2999,1593,4592
00157700,KENNESAW STATE UNIVERSITY               ,GA,30144-5591,Public       ,469,767,1236,9786,8697,18483
00157800,LAGRANGE COLLEGE                        ,GA,30240-2999,Private      ,31,36,67,1222,517,1739
00157900,MEDICAL COLLEGE OF GEORGIA              ,GA,30912-0004,Public       ,18,54,72,514,2139,2653
00158000,MERCER UNIVERSITY                       ,GA,31207-0003,Private      ,84,406,490,3427,6078,9505
00158100,MIDDLE GEORGIA COLLEGE                  ,GA,31014-1599,Public       ,125,142,267,2632,1405,4037
00158200,MOREHOUSE COLLEGE                       ,GA,30314-3773,Private      ,86,58,144,3954,744,4698
00158500,NORTH GEORGIA COLLEGE & STATE UNIV      ,GA,30597-0001,Public       ,85,108,193,2745,1480,4225
00158600,OGLETHORPE UNIVERSITY                   ,GA,30319-2737,Private      ,35,50,85,1063,409,1472
00158700,PAINE COLLEGE                           ,GA,30901-3182,Private      ,40,36,76,1429,447,1876
00158800,PIEDMONT COLLEGE                        ,GA,30535-5644,Private      ,16,165,181,677,1533,2210
00158900,REINHARDT COLLEGE                       ,GA,30183-2981,Private      ,43,28,71,873,285,1158
00159000,SAVANNAH STATE UNIVERSITY               ,GA,31404-5298,Public       ,186,143,329,4831,2010,6841
00159100,SHORTER COLLEGE                         ,GA,30165-4298,Private      ,37,339,376,1341,2231,3572
00159200,SOUTH GEORGIA COLLEGE                   ,GA,31533-8104,Public       ,82,85,167,1059,747,1806
00159400,SPELMAN COLLEGE                         ,GA,30314-4399,Private      ,133,67,200,4865,852,5717
00159600,TOCCOA FALLS COLLEGE                    ,GA,30598-0001,Private      ,18,5,23,1017,204,1221
00159700,TRUETT MCCONNELL COLLEGE                ,GA,30528-1264,Private      ,27,4,31,476,53,529
00159800,UNIVERSITY OF GEORGIA                   ,GA,30602-6114,Public       ,465,469,934,17306,9117,26423
00159900,VALDOSTA STATE UNIVERSITY               ,GA,31698-0001,Public       ,281,291,572,8630,3968,12598
00160000,WESLEYAN COLLEGE                        ,GA,31210-4407,Private      ,7,48,55,395,456,851
00160100,UNIV OF WEST GEORGIA                    ,GA,30118-0002,Public       ,242,351,593,7564,3743,11307
00160200,GEORGIA COLLEGE & STATE UNIVERSITY      ,GA,31061-0490,Public       ,134,132,266,4384,1645,6029
00160400,YOUNG HARRIS COLLEGE                    ,GA,30582-4137,Private      ,21,4,25,712,31,743
00348400,COVENANT COLLEGE                        ,GA,30750-4164,Private      ,20,33,53,1114,392,1506
00395600,DALTON STATE COLLEGE                    ,GA,30720-3797,Public       ,122,256,378,1752,2092,3844
00402400,GEORGIA NORTHWESTERN TECHNICAL COLLEGE  ,GA,30161-6757,Public       ,80,266,346,604,1818,2422
00402403,NORTHWESTERN TECHNICAL COLLEGE          ,GA,30739-0569,Public       ,54,223,277,442,1532,1974
00411700,GRADY HEALTH SYSTEM                     ,GA,30303-3050,Public       ,5,11,16,72,198,270
00525400,LANIER TECHNICAL COLLEGE                ,GA,30566-3499,Public       ,73,211,284,554,1765,2319
00525500,MOULTRIE TECHNICAL COLLEGE              ,GA,31768-0000,Public       ,66,260,326,454,1779,2233
00525600,VALDOSTA TECHNICAL COLLEGE              ,GA,31603-0000,Public       ,82,301,383,866,2308,3174
00551100,OKEFENOKEE TECHNICAL COLLEGE            ,GA,31501-4016,Public       ,46,192,238,331,1196,1527
00559900,AUGUSTA TECHNICAL COLLEGE               ,GA,30906-3399,Public       ,166,520,686,1589,4596,6185
00560000,ATHENS TECHNICAL COLLEGE                ,GA,30601-1579,Public       ,182,464,646,1221,2704,3925
00560100,ALBANY TECHNICAL COLLEGE                ,GA,31701-2648,Public       ,119,391,510,917,3160,4077
00561300,FLINT RIVER TECHNICAL INSTITUTE         ,GA,30286-0014,Public       ,25,117,142,129,771,900
00561500,SOUTHWEST GEORGIA TECHNICAL COLLEGE     ,GA,31792-2622,Public       ,50,228,278,535,1627,2162
00561700,SOUTH GEORGIA TECHNICAL COLLEGE         ,GA,31709-8167,Public       ,51,137,188,585,1171,1756
00561800,SAVANNAH TECHNICAL COLLEGE              ,GA,31405-5594,Public       ,226,782,1008,1589,5231,6820
00561900,NORTH GEORGIA TECHNICAL COLLEGE         ,GA,30523-0000,Public       ,83,240,323,696,1514,2210
00562000,CHATTAHOOCHEE TECHNICAL COLLEGE         ,GA,30060-3398,Public       ,176,393,569,1757,3763,5520
00562004,NORTH METRO TECHNICAL COLLEGE           ,GA,30102-3129,Public       ,37,109,146,314,895,1209
00562005,APPALACHIAN TECHNICAL COLLEGE           ,GA,30143-0000,Public       ,34,98,132,247,628,875
00562100,GRIFFIN TECHNICAL COLLEGE               ,GA,30223-2097,Public       ,89,380,469,745,2339,3084
00562200,DEKALB TECHNICAL COLLEGE                ,GA,30021-0000,Public       ,133,600,733,1111,4304,5415
00562400,COLUMBUS TECHNICAL COLLEGE              ,GA,31904-6572,Public       ,103,431,534,904,3078,3982
00576300,CENTRAL GEORGIA TECHNICAL COLLEGE       ,GA,31206-3628,Public       ,169,641,810,1386,5783,7169
00772800,MACON STATE COLLEGE                     ,GA,31206-5145,Public       ,181,459,640,2618,4671,7289
00854300,ATLANTA TECHNICAL COLLEGE               ,GA,30310-4499,Public       ,151,567,718,1232,4030,5262
00897600,CLAYTON STATE UNIVERSITY                ,GA,30260-0285,Public       ,228,603,831,4198,6062,10260
00918300,EAST CENTRAL TECHNICAL COLLEGE          ,GA,31750-0000,Public       ,39,100,139,229,803,1032
00927000,ART INSTITUTE OF ATLANTA                ,GA,30328-1649,Proprietary  ,379,397,776,3787,2746,6533
00950700,GEORGIA HIGHLANDS COLLEGE               ,GA,30162-0000,Public       ,139,221,360,2039,2009,4048
01031903,MEDIX SCHOOL                            ,GA,30080-7630,Proprietary  ,33,168,201,156,614,770
01048700,WEST GEORGIA TECHNICAL COLLEGE          ,GA,30182-6476,Public       ,124,346,470,1050,2767,3817
01048704,WEST GEORGIA TECHNICAL COLLEGE          ,GA,30240-5957,Public       ,54,207,261,351,1366,1717
01077100,GUPTON JONES COLLEGE                    ,GA,30035-4022,Private      ,6,13,19,108,221,329
01099700,EAST GEORGIA COLLEGE                    ,GA,30401-2699,Public       ,80,87,167,1368,738,2106
01107400,BAINBRIDGE COLLEGE                      ,GA,39819-8400,Public       ,67,292,359,850,2373,3223
01110901,EVEREST COLLEGE - EVEREST INSTITUTE     ,GA,30067-8340,Proprietary  ,1,8,9,15,49,64
01157400,BAUDER COLLEGE                          ,GA,30313-2439,Proprietary  ,82,113,195,646,845,1491
01205100,PRO WAY HAIR SCHOOL                     ,GA,30083-2884,Proprietary  ,4,42,46,51,200,251
01216500,ATLANTA METROPOLITAN COLLEGE            ,GA,30310-4498,Public       ,169,327,496,1688,2484,4172
01303900,SOUTH UNIVERSITY                        ,GA,31406-4881,Proprietary  ,86,883,969,501,4197,4698
02055000,WAYCROSS COLLEGE                        ,GA,31503-0000,Public       ,30,77,107,470,668,1138
02060900,BROWN CLG OF COURT REPORTING & M.T.     ,GA,30318-2570,Proprietary  ,2,25,27,21,296,317
02074800,LIFE UNIVERSITY                         ,GA,30060-0000,Private      ,16,98,114,226,1610,1836
02089700,HERZING COLLEGE                         ,GA,30326-1332,Proprietary  ,42,201,243,167,790,957
02110501,ART INSTITUTE OF CHARLOTTE (THE) - BROWN,GA,30319-3054,Proprietary  ,0,3,3,5,14,19
02113604,AMERICAN INTERCONTINENTAL UNIV - DUNWOOD,GA,30328-1649,Proprietary  ,81,318,399,989,3019,4008
02116000,SANFORD-BROWN COLLEGE                   ,GA,30328-4803,Proprietary  ,118,489,607,583,3171,3754
02141500,SAVANNAH COLLEGE OF ART & DESIGN        ,GA,31402-3146,Private      ,239,172,411,6677,2554,9231
02202800,AUGUSTA AREA DIET INTERN UNIV HOSP      ,GA,30901-0000,Private      ,0,0,0,3,22,25
02205300,SAVANNAH RIVER COLLEGE                  ,GA,30909-0000,Proprietary  ,9,58,67,61,359,420
02217200,PORTFOLIO CENTER                        ,GA,30309-0000,Proprietary  ,4,29,33,28,145,173
02266200,AMERICAN PROFESSIONAL INSTITUTE         ,GA,31201-0000,Proprietary  ,18,135,153,99,655,754
02279500,HEART OF GEORGIA TECHNICAL COLLEGE      ,GA,31021-0000,Public       ,38,143,181,345,1068,1413
02284300,INTERACTIVE COLLEGE OF TECHNOLOGY       ,GA,30341-0000,Proprietary  ,36,226,262,180,1112,1292
02284308,INTERACTIVE LEARNING SYSTEMS            ,GA,30260-0000,Proprietary  ,11,43,54,42,193,235
02284309,INTERACTIVE COLLEGE OF TECHNOLOGY       ,GA,30501-0000,Proprietary  ,2,38,40,21,155,176
02285500,"CREATIVE CIRCUS, THE                    ",GA,30324-0000,Proprietary  ,10,29,39,47,242,289
02288400,GWINNETT TECHNICAL INSTITUTE            ,GA,30043-5702,Public       ,196,578,774,1490,3931,5421
02313902,WESTWOOD COLLEGE - O'HARE AIRPORT - ATLA,GA,30345-2807,Proprietary  ,21,58,79,155,255,410
02318600,GEORGIA MEDICAL INSTITUTE               ,GA,30303-0000,Proprietary  ,147,683,830,591,2452,3043
02321400,ROFFLER-MOLER HAIRSTYLING COLLEGE       ,GA,30062-0000,Proprietary  ,3,29,32,32,109,141
02354500,SOUTHEASTERN BEAUTY SCHOOLS             ,GA,31906-0000,Proprietary  ,1,30,31,16,158,174
02482100,MOREHOUSE SCHOOL OF MEDICINE            ,GA,30310-0000,Private      ,4,5,9,98,496,594
02502700,ADVANCED CAREER TRAINING                ,GA,30329-0000,Proprietary  ,28,93,121,100,396,496
02502701,ADVANCED CAREER TRAINING-RIVERDALE      ,GA,30274-0000,Proprietary  ,19,99,118,84,445,529
02508600,MIDDLE GEORGIA TECHNICAL COLLEGE        ,GA,31088-0000,Public       ,83,260,343,646,1597,2243
02520000,INTERNATIONAL SCH SKIN & NAILCARE       ,GA,30342-1119,Proprietary  ,3,42,45,27,212,239
02577000,ARNOLD / PADRICKS  UNIV OF COSM         ,GA,30297-0000,Proprietary  ,6,17,23,20,52,72
02577700,BEAUTY COLLEGE OF AMERICA               ,GA,30297-0000,Proprietary  ,3,17,20,29,72,101
02578300,INTERNATIONAL CITY BEAUTY COLLEGE       ,GA,31093-3631,Proprietary  ,3,5,8,10,27,37
02580200,ATLANTA SCHOOL OF MASSAGE               ,GA,30338-0000,Proprietary  ,19,96,115,74,225,299
02583000,GWINNETT COLLEGE OF BUSINESS            ,GA,30047-3447,Proprietary  ,19,63,82,96,493,589
02607600,CAPELLI LEARNING CTR FOR COSM           ,GA,30324-0000,Proprietary  ,3,30,33,45,147,192
03005400,ARTISTIC BEAUTY COLLEGE                 ,GA,30013-2076,Proprietary  ,35,104,139,210,540,750
03022601,WESTERN CULINARY INSTITUTE - LE CORDON B,GA,30084-5893,Proprietary  ,6,12,18,93,101,194
03030000,OGEECHEE TECHNICAL COLLEGE              ,GA,30458-8049,Public       ,107,249,356,763,1561,2324
03032100,ALTAMAHA TECHNICAL COLLEGE              ,GA,31545-4465,Public       ,35,139,174,263,880,1143
03042700,LAURUSTECHNICAL INSTITUTE               ,GA,30030-1506,Proprietary  ,12,106,118,48,405,453
03066500,SOUTHEASTERN TECHNICAL COLLEGE          ,GA,30474-8817,Public       ,27,114,141,261,949,1210
03066502,SWAINSBORO TECHNICAL COLLEGE            ,GA,30401-5700,Public       ,19,81,100,182,570,752
03072304,EVEREST COLLEGE - EVEREST INSTITUTE     ,GA,30236-0000,Proprietary  ,10,24,34,60,180,240
03076300,BEULAH HEIGHTS BIBLE COLLEGE            ,GA,30316-1873,Private      ,1,50,51,29,544,573
03079202,WESTWOOD COLLEGE - ATLANTA MIDTOWN      ,GA,30309-2848,Proprietary  ,63,74,137,395,482,877
03081500,SOUTHEASTERN BEAUTY SCHOOL              ,GA,31917-0000,Proprietary  ,1,28,29,19,156,175
03089100,GEORGIA INSTITUTE OF COSMETOLOGY        ,GA,30606-3152,Proprietary  ,9,52,61,69,249,318
03090600,COBB BEAUTY COLLEGE                     ,GA,30144-2828,Proprietary  ,4,11,15,20,55,75
03100900,LUTHER RICE UNIVERSITY                  ,GA,30038-2454,Private      ,1,49,50,22,480,502
03102000,RIVERTOWN SCHOOL OF BEAUTY              ,GA,31904-4747,Proprietary  ,13,47,60,36,150,186
03104500,ATLANTA INSTITUTE OF MUSIC              ,GA,30096-4988,Proprietary  ,19,15,34,90,96,186
03116100,VOGUE BEAUTY SCHOOL                     ,GA,30141-2226,Proprietary  ,3,18,21,24,89,113
03155500,SANDERSVILLE REGIONAL TECH INST         ,GA,31082-6179,Public       ,18,68,86,149,491,640
03173300,ATLANTA'S JOHN MARSHALL LAW SCHOOL      ,GA,30309-0000,Proprietary  ,0,19,19,12,667,679
03232303,COMPUTER-ED INSTITUTE-                  ,GA,30071-0000,Proprietary  ,16,93,109,98,532,630
03232304,LINCOLN COLLEGE OF TECHNOLOGY           ,GA,30067-8638,Proprietary  ,11,58,69,132,496,628
03251300,BEACON UNIVERSITY                       ,GA,31909-4663,Private      ,6,42,48,38,297,335
03355402,PSYCHOLOGICAL STUDIES INSTITUTE -       ,GA,30327-2921,Private      ,1,7,8,2,42,44
03391300,ROSS MEDICAL EDUCATION CENTER           ,GA,30033-3105,Proprietary  ,1,26,27,13,136,149
03418300,GWINNETT COLLEGE-SANDY SPRINGS          ,GA,30328-3161,Proprietary  ,3,44,47,15,164,179
03445500,FAYETTE BEAUTY ACADEMY                  ,GA,30214-1191,Proprietary  ,6,8,14,20,39,59
03522300,POWDER SPRINGS BEAUTY COLLEGE           ,GA,30127-2926,Proprietary  ,0,7,7,4,48,52
03523300,AVIATION INSTITUTE OF MAINTENANCE       ,GA,30045-6716,Proprietary  ,18,74,92,98,314,412
03576300,GEORGIA AVIATION AND TECHNICAL COLL     ,GA,31023-0000,Public       ,13,23,36,98,121,219
03753400,MICHAEL'S SCHOOL OF BEAUTY              ,GA,31211-1493,Proprietary  ,2,16,18,19,111,130
03762300,INSTITUTE FOR MEDICAL SERVICES CERTIFICA,GA,30340-2702,Private      ,0,0,0,9,17,26
03804400,JAVELIN TECHNICAL TRAINING CENTER       ,GA,30339-6040,Proprietary  ,43,231,274,122,828,950
03812300,OMNITECH INSTITUTE                      ,GA,30035-1206,Proprietary  ,18,73,91,77,318,395
04021300,AUGUSTA SCHOOL OF MASSAGE               ,GA,30809-0000,Proprietary  ,1,4,5,10,27,37
        ,CHICAGO THEOLOGICAL SEMINARY            ,IL,60637-0000,Private      ,0,3,3,3,157,160
00162800,AMERICAN ACADEMY OF ART                 ,IL,60604-4302,Proprietary  ,13,6,19,484,123,607
00163300,AUGUSTANA COLLEGE                       ,IL,61201-2296,Private      ,25,4,29,3268,152,3420
00163400,AURORA UNIVERSITY                       ,IL,60506-4892,Private      ,35,153,188,1959,1869,3828
00163500,BARAT COLLEGE                           ,IL,60045-3297,Private      ,0,2,2,2,12,14
00163600,SOUTHWESTERN ILLINOIS COLLEGE           ,IL,62221-5899,Public       ,229,761,990,2935,5320,8255
00163800,BLACK HAWK COLLEGE                      ,IL,61265-5899,Public       ,129,328,457,1914,2754,4668
00163900,BLACKBURN COLLEGE                       ,IL,62626-1498,Private      ,21,8,29,917,136,1053
00164000,PRAIRIE STATE COLLEGE                   ,IL,60411-8226,Public       ,95,330,425,1544,3073,4617
00164100,BRADLEY UNIVERSITY                      ,IL,61625-0002,Private      ,56,40,96,5818,1020,6838
00164300,SPOON RIVER COLLEGE                     ,IL,61520-8907,Public       ,37,86,123,644,681,1325
00164700,CITY COLLEGES OF CHICAGO                ,IL,60606-6998,Public       ,13,47,60,263,538,801
00164800,TRUMAN COLLEGE                          ,IL,60640-5691,Public       ,135,340,475,1558,3247,4805
00164900,RICHARD J DALEY COLLEGE                 ,IL,60652-1299,Public       ,102,266,368,1975,3286,5261
00165000,CITY COLLEGES OF CHICAGO-MALCOLM X      ,IL,60612-3197,Public       ,105,381,486,1631,4398,6029
00165200,HAROLD WASHINGTON COLLEGE               ,IL,60601-2403,Public       ,224,484,708,3180,4758,7938
00165400,KENNEDY KING COLLEGE                    ,IL,60621-3798,Public       ,84,517,601,1340,4833,6173
00165500,WRIGHT COLLEGE                          ,IL,60634-1591,Public       ,184,321,505,2754,3082,5836
00165700,MIDWESTERN UNIVERSITY                   ,IL,60515-1200,Private      ,4,18,22,168,2404,2572
00165900,ROSALIND FRANKLIN UNIVERSITY OF MEDICINE,IL,60064-3095,Private      ,1,24,25,9,1870,1879
00166300,SPERTUS COLLEGE                         ,IL,60605-1995,Private      ,1,19,20,2,53,55
00166400,UNIVERSITY OF ST FRANCIS                ,IL,60435-6188,Private      ,40,158,198,1223,1517,2740
00166495,ST JOSEPH COLLEGE OF NURSING            ,IL,60435-0000,Private      ,0,0,0,10,24,34
00166500,COLUMBIA COLLEGE                        ,IL,60605-1996,Private      ,369,253,622,9194,4378,13572
00166600,CONCORDIA UNIVERSITY                    ,IL,60305-1499,Private      ,18,307,325,1262,2311,3573
00166900,DANVILLE AREA COMMUNITY COLLEGE         ,IL,61832-5199,Public       ,40,167,207,760,1290,2050
00167100,DEPAUL UNIVERSITY                       ,IL,60604-2287,Private      ,235,679,914,13113,11626,24739
00167400,EASTERN ILLINOIS UNIVERSITY             ,IL,61920-3099,Public       ,224,171,395,8751,2741,11492
00167500,ELGIN COMMUNITY COLLEGE                 ,IL,60123-7193,Public       ,225,286,511,1897,2335,4232
00167600,ELMHURST COLLEGE                        ,IL,60126-3296,Private      ,39,53,92,2637,1044,3681
00167800,EUREKA COLLEGE                          ,IL,61530-9976,Private      ,5,7,12,709,149,858
00168100,HIGHLAND COMMUNITY COLLEGE              ,IL,61032-9341,Public       ,30,135,165,666,869,1535
00168200,GARRETT-EVANGELICAL THEOLOGICAL SEM     ,IL,60201-0000,Private      ,0,8,8,2,184,186
00168400,GREENVILLE COLLEGE                      ,IL,62246-1199,Private      ,19,44,63,1381,599,1980
00168500,HEBREW THEOLOGICAL COLLEGE              ,IL,60077-3263,Private      ,11,0,11,276,13,289
00168800,ILLINOIS COLLEGE                        ,IL,62650-2299,Private      ,7,1,8,1437,101,1538
00168900,ILLINOIS COLLEGE OF OPTOMETRY           ,IL,60616-3878,Private      ,0,2,2,15,653,668
00169100,ILLINOIS INSTITUTE OF TECHNOLOGY        ,IL,60616-0000,Private      ,38,82,120,2620,1438,4058
00169103,CHICAGO KENT COLLEGE OF LAW             ,IL,60661-0000,Private      ,1,23,24,8,2002,2010
00169200,ILLINOIS STATE UNIVERSITY               ,IL,61790-1000,Public       ,285,183,468,15353,4203,19556
00169300,NORTHEASTERN ILLINOIS UNIV              ,IL,60625-4699,Public       ,153,347,500,4511,5435,9946
00169400,CHICAGO STATE UNIVERSITY                ,IL,60628-1598,Public       ,158,593,751,4457,8454,12911
00169600,ILLINOIS WESLEYAN UNIVERSITY            ,IL,61701-0000,Private      ,13,4,17,2662,67,2729
00169800,JOHN MARSHALL LAW SCHOOL                ,IL,60604-0000,Private      ,1,97,98,8,2344,2352
00169900,JOLIET JUNIOR COLLEGE                   ,IL,60431-8938,Public       ,221,441,662,3038,3318,6356
00170000,JUDSON UNIVERSITY                       ,IL,60123-1498,Private      ,15,59,74,799,727,1526
00170100,KASKASKIA COLLEGE                       ,IL,62801-7878,Public       ,69,235,304,1004,1792,2796
00170300,KENDALL COLLEGE                         ,IL,60622-4278,Proprietary  ,38,146,184,635,881,1516
00170400,KNOX COLLEGE                            ,IL,61401-4999,Private      ,16,4,20,1789,70,1859
00170500,ILLINOIS VALLEY COMMUNITY COLLEGE       ,IL,61348-9692,Public       ,45,150,195,855,1174,2029
00170600,LAKE FOREST COLLEGE                     ,IL,60045-2399,Private      ,15,3,18,1567,113,1680
00170700,LEWIS UNIVERSITY                        ,IL,60446-2200,Private      ,73,180,253,3006,2216,5222
00170800,LINCOLN CHRISTIAN UNIVERSITY            ,IL,62656-2167,Private      ,15,47,62,607,563,1170
00170900,LINCOLN COLLEGE                         ,IL,62656-1699,Private      ,43,24,67,1114,298,1412
00171000,LOYOLA UNIVERSITY CHICAGO               ,IL,60626-0000,Private      ,174,324,498,13396,8045,21441
00171002,LOYOLA STRITCH SCHOOL OF MEDICINE       ,IL,60153-0000,Private      ,2,3,5,13,893,906
00171200,LUTHERAN SCHOOL OF THEOL AT CHICAGO     ,IL,60615-0000,Private      ,0,14,14,1,169,170
00171600,MACCORMAC COLLEGE                       ,IL,60602-4405,Private      ,4,17,21,92,172,264
00171700,MACMURRAY COLLEGE                       ,IL,62650-2590,Private      ,14,13,27,812,279,1091
00172100,MCCORMICK THEOLOGICAL SEMINARY          ,IL,60615-5108,Private      ,0,9,9,1,110,111
00172200,MCKENDREE UNIVERSITY                    ,IL,62254-1299,Private      ,23,126,149,1545,1284,2829
00172300,MEADVILLE LOMBARD THEOLOGICAL SCHOOL    ,IL,60637-1602,Private      ,0,4,4,1,74,75
00172400,MILLIKIN UNIVERSITY                     ,IL,62522-2084,Private      ,34,56,90,2818,750,3568
00172500,MONMOUTH COLLEGE                        ,IL,61462-1963,Private      ,12,4,16,1831,93,1924
00172800,MORTON COLLEGE                          ,IL,60804-4398,Public       ,88,189,277,1143,1414,2557
00173200,NATIONAL UNIV OF HEALTH SCIENCES        ,IL,60148-4583,Private      ,9,55,64,68,599,667
00173300,NATIONAL-LOUIS UNIVERSITY               ,IL,60603-3032,Private      ,13,666,679,297,6431,6728
00173400,NORTH CENTRAL COLLEGE                   ,IL,60540-4690,Private      ,30,45,75,2327,547,2874
00173500,NORTH PARK UNIVERSITY                   ,IL,60625-4895,Private      ,48,124,172,2161,1167,3328
00173600,NORTHERN BAPTIST THEOL SEMINARY         ,IL,60148-0000,Private      ,0,3,3,2,23,25
00173700,NORTHERN ILLINOIS UNIVERSITY            ,IL,60115-2854,Public       ,473,425,898,18176,7816,25992
00173900,NORTHWESTERN UNIV                       ,IL,60208-0001,Private      ,134,269,403,11851,8723,20574
00174100,OLIVET NAZARENE UNIVERSITY              ,IL,60914-2271,Private      ,37,215,252,2763,1732,4495
00174200,IL EASTERN COMM COLGS-OLNEY CENTRAL     ,IL,62450-1099,Public       ,18,72,90,573,630,1203
00174500,QUINCY UNIVERSITY                       ,IL,62301-2699,Private      ,9,20,29,1122,472,1594
00174600,ROBERT MORRIS UNIVERSITY ILLINOIS       ,IL,60605-1225,Private      ,140,381,521,4092,5027,9119
00174700,ROCK VALLEY COLLEGE                     ,IL,61114-5699,Public       ,129,382,511,1991,3204,5195
00174800,ROCKFORD COLLEGE                        ,IL,61108-2393,Private      ,27,83,110,810,1092,1902
00174900,ROOSEVELT UNIVERSITY                    ,IL,60605-1394,Private      ,79,402,481,2459,6133,8592
00175000,DOMINICAN UNIVERSITY                    ,IL,60305-1066,Private      ,25,95,120,1569,1232,2801
00175200,SAUK VALLEY COMMUNITY COLLEGE           ,IL,61021-9112,Public       ,64,159,223,791,1170,1961
00175300,SCHOOL OF ART INSTITUTE OF CHICAGO      ,IL,60603-3013,Private      ,49,58,107,2316,1718,4034
00175400,SEABURY-WESTERN THEO SEMINARY           ,IL,60201-0000,Private      ,0,2,2,0,38,38
00175600,SHIMER COLLEGE                          ,IL,60616-3893,Private      ,2,3,5,57,57,114
00175700,SOUTHEASTERN ILLINOIS COLLEGE           ,IL,62946-4925,Public       ,30,125,155,500,729,1229
00175800,SOUTHERN ILL UNIV-CARBONDALE            ,IL,62901-0000,Public       ,253,419,672,12097,7224,19321
00175801,SOUTHERN ILLINOIS UNIV SCHOOL MEDIC     ,IL,62794-0000,Public       ,4,4,8,71,388,459
00175900,SOUTHERN ILL UNIV-EDWARDSVILLE          ,IL,62026-1060,Public       ,179,243,422,8628,4608,13236
00175924,SO IL UNIV-SCHL OF DENTAL MEDICINE      ,IL,62002-0000,Public       ,0,1,1,8,222,230
00176100,SPRINGFIELD COLLEGE IN ILLINOIS         ,IL,62702-2694,Private      ,15,76,91,393,597,990
00176500,UNIVERSITY OF ST MARY OF THE LAKE       ,IL,60060-0000,Private      ,0,0,0,2,10,12
00176700,BENEDICTINE UNIVERSITY                  ,IL,60532-0900,Private      ,40,270,310,1842,2183,4025
00176800,ST XAVIER UNIVERSITY                    ,IL,60655-3199,Private      ,74,235,309,3289,3289,6578
00176900,SOUTH SUBURBAN COLLEGE                  ,IL,60473-9978,Public       ,143,605,748,2052,5241,7293
00177100,TRINITY CHRISTIAN COLLEGE               ,IL,60463-0929,Private      ,15,38,53,1148,590,1738
00177200,TRINITY INTERNATIONAL UNIVERSITY        ,IL,60015-1283,Private      ,20,70,90,940,1057,1997
00177300,TRITON COLLEGE                          ,IL,60171-1995,Public       ,125,283,408,2315,3000,5315
00177400,UNIVERSITY OF CHICAGO                   ,IL,60637-1476,Private      ,115,87,202,7610,1951,9561
00177401,UNIV OF CHICAGO PRITZKER SCH OF MED     ,IL,60637-0000,Private      ,0,2,2,29,538,567
00177403,"UNIV OF CHICAGO, GRAD SCH OF BUS        ",IL,60637-0000,Private      ,1,81,82,11,1272,1283
00177405,UNIVERSITY OF CHICAGO GRADUATE          ,IL,60637-0000,Private      ,3,112,115,55,4391,4446
00177500,UNIV OF ILLINOIS @ URBANA-CHAMPAIGN     ,IL,61820-5796,Public       ,328,219,547,23636,6840,30476
00177600,UNIV OF ILLINOIS AT CHICAGO             ,IL,60607-7163,Public       ,408,476,884,14959,11634,26593
00177800,VANDERCOOK COLLEGE OF MUSIC             ,IL,60616-3731,Private      ,2,9,11,125,68,193
00177900,IL EASTERN COMM COLGS-WABASH VALLEY     ,IL,62863-2699,Public       ,10,30,40,329,304,633
00178000,WESTERN ILLINOIS UNIVERSITY             ,IL,61455-1390,Public       ,206,196,402,9281,3364,12645
00178100,WHEATON COLLEGE                         ,IL,60187-5535,Private      ,98,25,123,2485,568,3053
00178300,WORSHAM COLLEGE OF MORTUARY SCIENCE     ,IL,60090-2646,Proprietary  ,3,4,7,46,91,137
00396100,HARPER COLLEGE                          ,IL,60067-7398,Public       ,186,274,460,2992,2508,5500
00418100,ADVOCATE TRINITY HOSPITAL SCHOOL OF RADI,IL,60617-3982,Private      ,1,6,7,14,73,87
00456000,GEM CITY COLLEGE                        ,IL,62301-4949,Proprietary  ,3,6,9,17,40,57
00456800,MIDSTATE COLLEGE                        ,IL,61614-3558,Proprietary  ,3,65,68,51,777,828
00457100,SPARKS COLLEGE                          ,IL,62565-2241,Proprietary  ,0,4,4,9,34,43
00621400,BLESSING RIEMAN COLLEGE OF NURSING      ,IL,62301-0000,Private      ,1,5,6,71,69,140
00621401,BLESSING HOSP SCH MED LAB TECH          ,IL,62301-0000,Private      ,0,1,1,2,7,9
00621402,BLESSING HOSP SCH OF RAD TECH           ,IL,62301-2852,Private      ,1,1,2,15,12,27
00621403,BLESSING HOSPITAL - COLLEGE OF NURSING  ,IL,62305-7005,Private      ,0,3,3,6,10,16
00622501,TRINITY COLLEGE OF NURSING & HEALTH SCIE,IL,61201-5317,Private      ,1,9,10,57,164,221
00624000,ST FRANCIS MED CLG OF NRSG              ,IL,61603-3783,Private      ,9,15,24,141,259,400
00665600,COLLEGE OF DUPAGE                       ,IL,60137-6599,Public       ,344,535,879,4709,4685,9394
00675300,ILLINOIS CENTRAL COLLEGE                ,IL,61635-0001,Public       ,180,442,622,2736,3798,6534
00693100,WAUBONSEE COMMUNITY COLLEGE             ,IL,60554-0000,Public       ,87,186,273,1070,1540,2610
00711800,PARKLAND COLLEGE                        ,IL,61821-1899,Public       ,182,291,473,3093,2822,5915
00711900,REND LAKE COLLEGE                       ,IL,62846-9801,Public       ,50,207,257,1038,1295,2333
00717000,LINCOLN LAND COMMUNITY COLLEGE          ,IL,62794-9256,Public       ,142,376,518,1785,2809,4594
00726500,CARL SANDBURG COLLEGE                   ,IL,61401-9576,Public       ,52,169,221,849,1436,2285
00729701,WESTWOOD COLLEGE OF TECHNOLOGY          ,IL,60176-0000,Proprietary  ,1,1,2,12,14,26
00754900,COYNE AMERICAN INSTITUTE                ,IL,60607-1300,Proprietary  ,48,148,196,279,774,1053
00764400,LAKE LAND COLLEGE                       ,IL,61938-9366,Public       ,103,223,326,1864,1843,3707
00768400,KISHWAUKEE COLLEGE                      ,IL,60150-9699,Public       ,72,116,188,1162,1180,2342
00769000,KANKAKEE COMMUNITY COLLEGE              ,IL,60901-6505,Public       ,57,223,280,842,1418,2260
00769100,MCHENRY COUNTY COLLEGE                  ,IL,60012-2761,Public       ,90,151,241,1053,1024,2077
00769200,MORAINE VALLEY COMMUNITY COLLEGE        ,IL,60465-0937,Public       ,205,311,516,3305,3078,6383
00769300,SHAWNEE COMMUNITY COLLEGE               ,IL,62992-9725,Public       ,21,160,181,592,1189,1781
00769400,COLLEGE OF LAKE COUNTY                  ,IL,60030-1198,Public       ,171,365,536,2149,3074,5223
00793700,MS ROBERTS ACADEMY OF BEAUTY CULT       ,IL,60181-2930,Proprietary  ,4,13,17,16,51,67
00807600,JOHN A LOGAN COLLEGE                    ,IL,62918-2500,Public       ,122,428,550,1690,2290,3980
00825900,EDUCATORS OF BEAUTY                     ,IL,61081-3611,Proprietary  ,9,37,46,53,154,207
00825901,EDUCATORS OF BEAUTY                     ,IL,61104-0000,Proprietary  ,1,7,8,11,33,44
00832800,ALVAREITA'S COLLEGE OF COSMETOLOGY      ,IL,62025-2041,Proprietary  ,5,13,18,36,64,100
00854400,CAREER COLLEGES OF CHICAGO              ,IL,60603-6397,Proprietary  ,0,0,0,20,151,171
00854500,ROCKFORD BUSINESS COLLEGE               ,IL,61103-0000,Proprietary  ,22,107,129,129,856,985
00869402,RASMUSSEN COLLEGE - ROCKFORD            ,IL,61108-2513,Proprietary  ,13,85,98,23,138,161
00888000,MORRISON INSTITUTE OF TECHNOLOGY        ,IL,61270-2959,Private      ,3,1,4,152,37,189
00893800,GRAHAM HOSPITAL SCH OF NURSING          ,IL,61520-2497,Private      ,1,2,3,21,70,91
00893900,CANNELLA SCHOOL OF HAIR DESIGN          ,IL,60406-2130,Proprietary  ,7,11,18,31,77,108
00914500,GOVERNORS STATE UNIVERSITY              ,IL,60466-0975,Public       ,33,328,361,565,4151,4716
00923200,CATHOLIC THEOLOGICAL UNION              ,IL,60615-0000,Private      ,0,7,7,0,53,53
00933300,UNIV OF ILLINOIS AT SPRINGFIELD         ,IL,62703-5407,Public       ,45,173,218,1421,2287,3708
00947500,EDUCATORS OF BEAUTY                     ,IL,61301-2404,Proprietary  ,4,8,12,30,41,71
00959500,CANNELLA SCHOOL OF HAIR DESIGN          ,IL,60617-4303,Proprietary  ,6,13,19,32,99,131
00976700,OLIVE-HARVEY COLLEGE                    ,IL,60628-1696,Public       ,68,257,325,924,2900,3824
00978600,IL EASTERN COMM COLGS-LINCOLN TRAIL     ,IL,62454-5708,Public       ,8,38,46,337,400,737
00980000,RUSH UNIVERSITY                         ,IL,60612-3806,Private      ,8,57,65,271,1809,2080
00989600,OAKTON COMMUNITY COLLEGE                ,IL,60016-1268,Public       ,122,191,313,1928,1702,3630
00998700,SAINT ANTHONY COLLEGE OF NURSING        ,IL,61108-2468,Private      ,11,15,26,88,188,276
01002000,LEWIS AND CLARK COMMUNITY COLLEGE       ,IL,62035-2466,Public       ,138,291,429,1458,2101,3559
01031600,LINCOLN COLLEGE OF TECHNOLOGY           ,IL,60160-1605,Proprietary  ,104,185,289,831,1232,2063
01050100,LAKEVIEW  COLLEGE OF NURSING            ,IL,61832-3781,Private      ,11,12,23,113,182,295
01069500,TRI-COUNTY BEAUTY ACADEMY               ,IL,62056-2036,Proprietary  ,0,5,5,11,30,41
01071000,CAPITAL AREA SCH OF PRAC NRSG           ,IL,62707-0000,Public       ,4,39,43,43,333,376
01072700,DEVRY UNIVERSITY                        ,IL,60618-5994,Proprietary  ,1718,6077,7795,17392,44925,62317
01073700,ADVOCATE IL MASONIC SCH OF RAD TECH     ,IL,60657-5193,Private      ,1,6,7,18,77,95
01083600,PIVOT POINT INTNL CSMTLGY RSRCH CTR     ,IL,60626-0000,Proprietary  ,69,60,129,365,424,789
01087900,RICHLAND COMMUNITY COLLEGE              ,IL,62521-8513,Public       ,55,219,274,737,1481,2218
01181000,TAYLOR BUSINESS INSTITUTE               ,IL,60606-5111,Proprietary  ,18,42,60,50,228,278
01185800,EVEREST COLLEGE                         ,IL,60077-1074,Proprietary  ,68,228,296,370,1100,1470
01236200,NORTHWESTERN COLLEGE                    ,IL,60630-2298,Proprietary  ,81,271,352,1052,2686,3738
01238500,BLOOMINGTON-NORMAL SCH RADIOGRAPHY      ,IL,61761-4604,Private      ,0,2,2,11,7,18
01258400,ILLINOIS INSTITUTE OF ART (THE)         ,IL,60654-1593,Proprietary  ,205,192,397,3504,1849,5353
01260800,DU QUOIN BEAUTY COLLEGE                 ,IL,62832-1805,Proprietary  ,0,0,0,1,0,1
01281300,JOHN WOOD COMMUNITY COLLEGE             ,IL,62305-0401,Public       ,44,143,187,1097,1222,2319
01308700,CAPRI GARFIELD RIDGE SCH OF BTY CLR     ,IL,60629-1613,Proprietary  ,6,21,27,42,172,214
01308800,CAPRI OAK FOREST COLLEGE OF BEAUTY      ,IL,60452-2798,Proprietary  ,16,17,33,124,151,275
02055200,HARRINGTON COLLEGE OF DESIGN            ,IL,60606-3433,Proprietary  ,56,122,178,826,950,1776
02068100,ADLER SCH OF PROFESSIONAL PSYCHLGY      ,IL,60601-0000,Private      ,1,32,33,8,547,555
02069300,VATTEROTT COLLEGE                       ,IL,62305-5938,Proprietary  ,9,45,54,98,297,395
02073200,TELSHE YESHIVA-CHICAGO                  ,IL,60625-0000,Private      ,4,0,4,24,9,33
02074400,IL EASTERN COMM COLGS-FRONTIER          ,IL,62837-0000,Public       ,9,43,52,162,330,492
02075400,KELLER GRADUATE SCHOOL OF MGMT.         ,IL,60515-5683,Proprietary  ,4,1431,1435,39,10193,10232
02113600,AMERICAN INTERCONTINENTAL UNIVERSITY    ,IL,60192-3713,Proprietary  ,637,5517,6154,3990,34023,38013
02117400,BECK AREA CAREER CENTER                 ,IL,62278-0000,Public       ,4,16,20,22,98,120
02124400,UNIVERSITY OF SPA & COSMETOLOGY ART     ,IL,62704-0000,Proprietary  ,9,24,33,104,149,253
02150600,COSMETOLOGY AND SPA INSTITUTE (THE)     ,IL,60014-4003,Proprietary  ,13,16,29,68,93,161
02155300,THE CHICAGO SCHOOL OF PROF PSYCHOLOGY   ,IL,60610-4705,Private      ,2,18,20,11,1425,1436
02160300,INTERNATIONAL ACAD OF DESIGN & TECH     ,IL,60602-3319,Proprietary  ,152,195,347,2187,1911,4098
02160304,INTERNATIONAL ACADEMY OF DESIGN AND TECH,IL,60173-5160,Proprietary  ,29,39,68,157,152,309
02166800,JOHN AMICO'S SCHOOL OF HAIR DESIGN      ,IL,60452-0000,Proprietary  ,1,12,13,6,40,46
02168600,EAST WEST UNIVERSITY                    ,IL,60605-0000,Private      ,43,52,95,833,1006,1839
02179900,ARGOSY UNIVERSITY                       ,IL,60601-7757,Proprietary  ,51,1089,1140,688,13819,14507
02185400,ST AUGUSTINE COLLEGE                    ,IL,60640-0000,Private      ,23,124,147,338,1439,1777
02192400,MR JOHNS SCHOOL OF COSMETOLOGY          ,IL,62521-0000,Proprietary  ,5,17,22,19,99,118
02202600,CANNELLA SCHOOL OF HAIR DESIGN          ,IL,60181-1321,Proprietary  ,0,5,5,8,34,42
02214100,WEST SUBURBAN COLLEGE OF NURSING        ,IL,60302-2519,Private      ,9,26,35,87,285,372
02228100,MAC DANIEL'S BEAUTY SCHOOL              ,IL,60640-0000,Proprietary  ,2,31,33,13,78,91
02253000,CANNELLA SCHOOL OF HAIR DESIGN          ,IL,60644-0000,Proprietary  ,2,7,9,19,48,67
02261200,HAIR PROFESSIONALS ACAD COSMETOLOGY     ,IL,60118-0000,Proprietary  ,7,26,33,46,89,135
02261201,HAIR PROFESSIONALS ACADEMY OF COSMETOLOG,IL,60118-9333,Proprietary  ,0,1,1,0,2,2
02262100,HAIR PROFESSIONALS SCH COSMETOLOGY      ,IL,60543-0000,Proprietary  ,11,17,28,43,70,113
02291200,CANNELLA SCHOOL OF HAIR DESIGN          ,IL,60639-0000,Proprietary  ,4,8,12,31,77,108
02295500,CANNELLA SCHOOL OF HAIR DESIGN          ,IL,60120-0000,Proprietary  ,2,6,8,14,64,78
02297500,OEHRLEIN SCHOOL OF COSMETOLOGY          ,IL,61611-0000,Proprietary  ,10,5,15,47,53,100
02312300,LA' JAMES COLLEGE HAIRSTYLING           ,IL,61244-0000,Proprietary  ,2,4,6,17,18,35
02313900,WESTWOOD COLLEGE - O'HARE AIRPORT       ,IL,60631-2801,Proprietary  ,54,77,131,350,532,882
02317300,CONCEPT COLLEGE OF COSMETOLOGY          ,IL,61832-0000,Proprietary  ,3,20,23,57,109,166
02319200,LAKE FOREST GRAD SCHL OF MGMT           ,IL,60045-4824,Private      ,0,29,29,0,218,218
02323300,PROFESSIONAL'S CHOICE HAIR DSN ACAD     ,IL,60435-0000,Proprietary  ,1,4,5,20,27,47
02332200,HAIR PROFESSIONALS CAREER COLLEGE       ,IL,60178-0000,Proprietary  ,6,7,13,36,34,70
02337800,THE COLLEGE OF OFFICE TECHNOLOGY        ,IL,60622-0000,Proprietary  ,20,154,174,90,731,821
02349400,ALVAREITA'S COLLEGE OF COSMETOLOGY      ,IL,62035-0000,Proprietary  ,3,2,5,28,15,43
02349500,CANNELLA SCHOOL OF HAIR DESIGN          ,IL,60632-0000,Proprietary  ,8,29,37,45,144,189
02352200,COOKING & HOSPITALITY INSTITUTE         ,IL,60610-3050,Proprietary  ,128,144,272,977,1064,2041
02498200,HAIR PROFESSIONALS ACAD COSMETOLOGY     ,IL,60187-0000,Proprietary  ,8,37,45,38,99,137
02498201,HAIR PROFESSIONALS ACADEMY OF COSMETOLOG,IL,60563-0000,Proprietary  ,1,3,4,2,8,10
02522800,FOX COLLEGE                             ,IL,60453-0000,Proprietary  ,24,13,37,194,67,261
02527600,LEXINGTON COLLEGE                       ,IL,60607-0000,Private      ,5,6,11,55,60,115
02536700,BELL MAR BEAUTY COLLEGE                 ,IL,60650-0000,Proprietary  ,3,26,29,6,63,69
02538100,REGENCY BEAUTY INSTITUTE                ,IL,61820-0000,Proprietary  ,3,8,11,10,74,84
02556100,ENVIRONMENTAL TECHNICAL INSTITUTE       ,IL,60143-0000,Proprietary  ,31,67,98,163,275,438
02556600,NILES SCHOOL OF COSMETOLOGY             ,IL,60714-0000,Proprietary  ,8,10,18,27,50,77
02573700,INSTITUTE FOR CLINICAL SOCIAL WORK      ,IL,60601-0000,Private      ,1,3,4,4,62,66
02579200,INGALLS MEMORIAL HOSPITAL               ,IL,60426-0000,Private      ,0,2,2,2,15,17
02584900,"FIRST INSTITUTE, INC.                   ",IL,60014-7489,Proprietary  ,7,25,32,26,95,121
02587700,HAIR PROFESSIONALS CAREER COLLEGE       ,IL,60465-1929,Proprietary  ,10,26,36,43,79,122
02599500,HANOVER PARK COLLEGE OF BEAUTY CULT     ,IL,60133-5421,Proprietary  ,9,13,22,47,68,115
02622700,KNOWLEDGE SYSTEMS INSTITUTE             ,IL,60076-0000,Private      ,2,1,3,2,9,11
03002000,HAIRMASTERS INST OF COSMETOLOGY         ,IL,61701-5547,Proprietary  ,7,7,14,37,55,92
03027702,PACIFIC COLLEGE OF ORIENTAL MEDICINE - C,IL,60613-4418,Proprietary  ,1,41,42,5,162,167
03065300,TREND SETTERS COLL OF COSMETOLOGY       ,IL,60915-2101,Proprietary  ,12,43,55,93,115,208
03072701,WESTWOOD COLLEGE OF TECHNOLOGY          ,IL,60409-0000,Proprietary  ,38,130,168,366,955,1321
03072702,WESTWOOD COLLEGE OF TECHNOLOGY          ,IL,60602-0000,Proprietary  ,68,144,212,500,858,1358
03078400,CAMEO BEAUTY ACADEMY                    ,IL,60453-3196,Proprietary  ,5,13,18,52,53,105
03079200,WESTWOOD COLLEGE - DUPAGE               ,IL,60517-2321,Proprietary  ,42,75,117,463,363,826
03082900,ROSEL SCHOOL OF COSMETOLOGY             ,IL,60659-1913,Proprietary  ,2,34,36,12,132,144
03083800,HEARTLAND COMMUNITY COLLEGE             ,IL,61761-9446,Public       ,71,232,303,1092,1725,2817
03098000,ST JOHN'S COLLEGE OF NURSING            ,IL,62702-5321,Private      ,0,2,2,56,68,124
03098002,ST JOHN'S HOSP SCH MED TECH             ,IL,62769-5324,Private      ,0,0,0,6,5,11
03098003,ST JOHN'S HOSPITAL SCH OF DIETETICS     ,IL,62769-0000,Private      ,0,0,0,1,1,2
03099700,CAIN'S BARBER COLLEGE                   ,IL,60615-3510,Proprietary  ,10,33,43,54,245,299
03099800,ILLINOIS SCHOOL OF HEALTH CAREERS       ,IL,60604-0000,Proprietary  ,30,151,181,219,789,1008
03101800,ILLINOIS CENTER FOR BROADCASTING        ,IL,60148-7015,Proprietary  ,19,37,56,62,158,220
03128300,PYRAMID CAREER INSTITUTE                ,IL,60657-4207,Proprietary  ,0,2,2,5,31,36
03128500,NATIONAL LATINO EDUCATION INSTITUTE     ,IL,60609-2205,Private      ,3,19,22,19,82,101
03199300,CHRISTIAN LIFE COLLEGE                  ,IL,60056-2522,Private      ,3,3,6,26,21,47
03368300,MIDWEST TECHNICAL INSTITUTE             ,IL,62707-8805,Proprietary  ,31,163,194,152,703,855
03448300,BIR TRAINING CENTER                     ,IL,60659-1298,Proprietary  ,7,72,79,18,211,229
03455700,CORTIVA INSTITUTE - CHICAGO             ,IL,60602-3315,Proprietary  ,27,86,113,161,407,568
03472300,CHICAGO URBAN LEAGUE COMPUTER TRAIN     ,IL,60604-2198,Private      ,1,18,19,3,46,49
03510300,ERIKSON INSTITUTE                       ,IL,60654-4510,Private      ,0,6,6,1,249,250
03623300,VEE'S SCHOOL OF BEAUTY CULTURE          ,IL,62205-2326,Proprietary  ,4,7,11,11,33,44
03643300,"MR. JOHN'S SCHOOL OF JACKSONVILLE,  INC,",IL,62650-3488,Proprietary  ,1,9,10,9,40,49
03655300,ILLINOIS CAREERPATH INSTITUTE           ,IL,60610-4705,Private      ,2,5,7,4,22,26
03669300,ILLINOIS WELDING SCHOOL                 ,IL,61607-2045,Proprietary  ,0,0,0,17,51,68
03684300,NORTHSHORE UNIVERSITY HEALTHSYSTEM SCHOO,IL,60201-9872,Private      ,0,1,1,0,25,25
03721400,AMERICAN CAREER COLLEGE                 ,IL,60402-0000,Proprietary  ,4,19,23,15,76,91
03879300,YOUR SCHOOL OF BEAUTY CULTURE           ,IL,60653-1517,Proprietary  ,4,20,24,8,82,90
03881400,EUROPEAN MASSAGE THERAPY SCHOOL         ,IL,60077-2269,Proprietary  ,8,17,25,16,86,102
03891300,SOMA INSTITUTE - THE NATIONAL SCHOOL OF ,IL,60604-4466,Proprietary  ,16,40,56,86,220,306
03914300,"CALC, INSTITUTE OF TECHNOLOGY           ",IL,62002-5931,Proprietary  ,2,13,15,12,150,162
03955400,MIDWEST INSTITUTE OF MASSAGE THERAPY    ,IL,62223-0000,Proprietary  ,1,10,11,5,37,42
        ,ASBURY THEOLOGICAL SEMINARY             ,KY,40390-0000,Private      ,1,55,56,13,1068,1081
00195100,ALICE LLOYD COLLEGE                     ,KY,41844-9703,Private      ,13,4,17,1014,94,1108
00195200,ASBURY COLLEGE                          ,KY,40390-1198,Private      ,19,19,38,1222,235,1457
00195400,BELLARMINE UNIVERSITY                   ,KY,40205-1877,Private      ,50,84,134,2180,1090,3270
00195500,BEREA COLLEGE                           ,KY,40403-0000,Private      ,36,19,55,2337,434,2771
00195800,BRESCIA UNIVERSITY                      ,KY,42301-3023,Private      ,8,31,39,404,270,674
00195900,CAMPBELLSVILLE UNIVERSITY               ,KY,42718-2799,Private      ,16,101,117,1918,983,2901
00196000,SPALDING UNIVERSITY                     ,KY,40203-2188,Private      ,27,102,129,476,1765,2241
00196100,CENTRE COLLEGE                          ,KY,40422-1394,Private      ,18,2,20,1738,56,1794
00196200,UNIVERSITY OF THE CUMBERLANDS           ,KY,40769-1372,Private      ,17,51,68,1819,596,2415
00196300,EASTERN KENTUCKY UNIVERSITY             ,KY,40475-3102,Public       ,288,508,796,9370,6852,16222
00196400,GEORGETOWN COLLEGE                      ,KY,40324-1628,Private      ,25,55,80,1823,543,2366
00196500,KENTUCKY CHRISTIAN UNIVERSITY           ,KY,41143-2205,Private      ,9,13,22,542,191,733
00196800,KENTUCKY STATE UNIVERSITY               ,KY,40601-2355,Public       ,52,91,143,2496,1273,3769
00196900,KENTUCKY WESLEYAN COLLEGE               ,KY,42302-1039,Private      ,22,16,38,1345,224,1569
00197000,LEES COLLEGE                            ,KY,41339-0000,Private      ,0,0,0,8,8,16
00197100,LEXINGTON THEOLOGICAL SEMINARY          ,KY,40508-0000,Private      ,0,1,1,1,55,56
00197200,LINDSEY WILSON COLLEGE                  ,KY,42728-1223,Private      ,9,77,86,1697,1086,2783
00197400,LOUISVILLE PRESBYTERIAN THEOL SEM       ,KY,40205-0000,Private      ,0,3,3,0,133,133
00197500,MIDWAY COLLEGE                          ,KY,40347-1120,Private      ,14,118,132,503,1303,1806
00197600,MOREHEAD STATE UNIVERSITY               ,KY,40351-1689,Public       ,167,465,632,5536,4573,10109
00197700,MURRAY STATE UNIVERSITY                 ,KY,42071-0009,Public       ,158,287,445,5575,3350,8925
00197900,WEST KENTUCKY CMNTY & TECHNICAL COLG    ,KY,42002-7380,Public       ,83,298,381,1092,2284,3376
00197901,WEST KENTUCKY CMNTY & TECHNICAL COLG    ,KY,42001-0000,Public       ,25,50,75,333,496,829
00197903,W KY CMNTY TECH - MURRAY AREA VOC ED CTR,KY,42071-0000,Public       ,1,4,5,5,13,18
00197906,W KY CMNTY - FULTON CNTY AREA TECH CNTR ,KY,42050-0000,Public       ,0,0,0,0,2,2
00198000,PIKEVILLE COLLEGE                       ,KY,41501-1194,Private      ,17,21,38,1013,373,1386
00198001,PIKEVILLE CLG-SCH OSTEOPATHIC MEDIC     ,KY,41501-0000,Private      ,0,1,1,5,321,326
00198200,SOUTHERN BAPTIST THEOL SEMINARY         ,KY,40280-0000,Private      ,2,11,13,45,129,174
00198300,ST. CATHARINE COLLEGE                   ,KY,40061-9499,Private      ,11,27,38,529,356,885
00198700,TRANSYLVANIA UNIVERSITY                 ,KY,40508-1797,Private      ,10,13,23,1463,97,1560
00198800,UNION COLLEGE                           ,KY,40906-1499,Private      ,12,129,141,930,923,1853
00198900,UNIVERSITY OF KENTUCKY                  ,KY,40506-0054,Public       ,293,360,653,14027,6832,20859
00198901,UNIV OF KY-COLLEGE OF DENTISTRY         ,KY,40536-0000,Public       ,0,3,3,7,201,208
00198902,UNIV OF KY-COLLEGE OF MEDICINE          ,KY,40536-0000,Public       ,1,5,6,21,393,414
00199000,ASHLAND COMMUNITY AND TECHNICAL COLLEGE ,KY,41101-3683,Public       ,56,232,288,999,1991,2990
00199001,ASHLAND CMNTY AND TECHNCL COLG          ,KY,41102-0000,Public       ,9,32,41,168,270,438
00199100,ELIZABETHTOWN COMMUNITY  AND TECHNICAL C,KY,42701-3081,Public       ,92,339,431,1565,2928,4493
00199300,HENDERSON COMMUNITY COLLEGE             ,KY,42420-4699,Public       ,30,135,165,429,962,1391
00199400,HOPKINSVILLE COMMUNITY COLLEGE          ,KY,42241-2621,Public       ,49,311,360,751,2659,3410
00199600,BIG SANDY COMMUNITY AND TECHNICAL COLG  ,KY,41653-1815,Public       ,58,204,262,1261,1725,2986
00199602,BIG SANDY COMMUNITY AND TECHNICAL COLG  ,KY,41240-1032,Public       ,0,0,0,72,68,140
00199700,SOMERSET COMMUNITY COLLEGE              ,KY,42501-2973,Public       ,134,640,774,1983,4418,6401
00199701,LAUREL TECHNICAL COLLEGE                ,KY,40744-0000,Public       ,1,7,8,42,90,132
00199703,SOMERSET TECHNICAL COLLEGE              ,KY,42501-3043,Public       ,2,17,19,54,99,153
00199800,SOUTHEAST KENTUCKY COMMUNITY AND TECHNIC,KY,40823-1099,Public       ,43,168,211,993,1357,2350
00199802,CUMBERLAND VLY TEC CLG MIDDLESBORO      ,KY,40965-2265,Public       ,2,4,6,40,39,79
00199804,SOUTHEAST COMMUNITY COLLEGE             ,KY,40831-1796,Public       ,3,14,17,48,87,135
00199900,UNIVERSITY OF LOUISVILLE                ,KY,40292-0000,Public       ,311,524,835,10424,9749,20173
00200100,THOMAS MORE COLLEGE                     ,KY,41017-3495,Private      ,13,97,110,1036,646,1682
00200200,WESTERN KENTUCKY UNIVERSITY             ,KY,42101-3576,Public       ,371,487,858,11623,6886,18509
00461800,SPENCERIAN COLLEGE                      ,KY,40216-2605,Proprietary  ,77,273,350,820,2060,2880
00461900,SULLIVAN UNIVERSITY                     ,KY,40205-3000,Proprietary  ,150,415,565,1761,4171,5932
00524300,HAZARD TECHNICAL COLLEGE                ,KY,41701-1198,Public       ,7,11,18,88,89,177
00524400,BLUEGRASS COMMUNITY & TECHNICAL COLLEGE ,KY,40506-0235,Public       ,242,650,892,1653,3936,5589
00527100,BOWLING GREEN TECHNICAL COLLEGE         ,KY,42101-3601,Public       ,35,159,194,534,1046,1580
00527300,GATEWAY COMMUNITY & TECHNOLOGY COLL     ,KY,41011-0000,Public       ,61,239,300,664,1648,2312
00549500,KY TECH-JEFFERSON CAMPUS                ,KY,40203-2036,Public       ,66,117,183,579,813,1392
00549502,SHELBY COUNTY AREA TECHNOLOGY CTR       ,KY,40065-0000,Public       ,11,19,30,72,107,179
00696000,MAYSVILLE CMNTY & TECHNCL COLG          ,KY,41056-8910,Public       ,48,167,215,577,1500,2077
00696002,MAYSVILLE CMNTY & TECHNCL COLG - ROWAN  ,KY,40351-8359,Public       ,5,22,27,96,118,214
00696100,JEFFERSON COMMUNITY AND TECHNICAL COLLEG,KY,40202-2005,Public       ,298,785,1083,3630,6643,10273
00696200,HAZARD COMMUNITY COLLEGE                ,KY,41701-2402,Public       ,52,169,221,1230,1663,2893
00696203,KY TECH-KNOTT CO. TECHNOLOGY CTR        ,KY,41822-0000,Public       ,0,0,0,1,3,4
00696204,KY TECH-LESLIE COUNTY AREA TECH CTR     ,KY,41749-0000,Public       ,1,0,1,1,0,1
00696205,KY TECH-LEE COUNTY AREA TECH CTR        ,KY,41311-0000,Public       ,0,0,0,3,1,4
00696206,KY TECH-LETCHER CNTY AREA TECH CTR      ,KY,41858-0000,Public       ,2,1,3,9,9,18
00696207,KY TECH-BREATHITT COUNTY VOC ED CTR     ,KY,41339-0000,Public       ,0,0,0,4,15,19
00842500,DAYMAR COLLEGE                          ,KY,42001-0000,Proprietary  ,10,33,43,79,198,277
00901000,MADISONVILLE COMMUNITY COLLEGE          ,KY,42431-9199,Public       ,76,260,336,967,2106,3073
00927500,NORTHERN KENTUCKY UNIVERSITY            ,KY,41099-0001,Public       ,201,422,623,7185,5795,12980
00931300,DAYMAR COLLEGE                          ,KY,42301-5830,Proprietary  ,23,184,207,176,1188,1364
00931302,DAYMAR COLLEGE - LOUISVILLE CAMPUS      ,KY,40219-1973,Proprietary  ,0,6,6,7,53,60
00970700,LEXINGTON COMMUNITY COLLEGE             ,KY,40506-0235,Public       ,0,0,0,1977,2230,4207
01042400,SALON PROFESSIONAL ACADEMY THE          ,KY,40502-1776,Proprietary  ,7,12,19,26,76,102
01048900,NATIONAL COLLEGE                        ,KY,40508-0000,Proprietary  ,72,523,595,540,3775,4315
01172500,COLLINS SCHOOL OF COSMETOLOGY           ,KY,40965-2809,Proprietary  ,1,5,6,8,52,60
01208800,SULLIVAN COLLEGE OF TECHNOLOGY AND DESIG,KY,40218-4528,Proprietary  ,40,59,99,455,387,842
01212801,SOUTHWESTERN COLLEGE                    ,KY,41042-1466,Proprietary  ,22,74,96,96,422,518
01240400,LEXINGTON BEAUTY COLLEGE                ,KY,40503-1819,Proprietary  ,2,6,8,20,69,89
01267700,OWENSBORO TECHNICAL COLLEGE             ,KY,42301-4806,Public       ,0,0,0,3,5,8
01267702,KY TECH OHIO CO CENTER                  ,KY,42347-0000,Public       ,0,0,0,0,1,1
01272300,KY TECH-WAYNE COUNTY AREA TECH CTR      ,KY,42633-1088,Public       ,0,0,0,1,0,1
01291400,EMPIRE BEAUTY SCHOOL                    ,KY,40218-0000,Proprietary  ,15,42,57,107,213,320
01291500,EMPIRE BEAUTY SCHOOL                    ,KY,41042-5113,Proprietary  ,12,18,30,65,126,191
01291600,EMPIRE BEAUTY SCHOOL                    ,KY,40216-4212,Proprietary  ,11,21,32,35,95,130
01291700,EMPIRE BEAUTY SCHOOL                    ,KY,40160-0000,Proprietary  ,6,30,36,64,110,174
01296800,EMPIRE BEAUTY SCHOOL                    ,KY,40207-2695,Proprietary  ,17,13,30,86,92,178
02159100,"APPALACHIAN BEAUTY SCHOOL, INC.         ",KY,41503-0000,Proprietary  ,5,4,9,13,42,55
02177100,EMPIRE BEAUTY SCHOOL                    ,KY,40204-0000,Proprietary  ,8,28,36,36,103,139
02251500,TREND SETTERS ACAD OF BEAUTY CULT       ,KY,40258-0000,Proprietary  ,7,36,43,48,124,172
02275000,JENNY LEA ACADEMY OF COSMETOLOGY        ,KY,40831-0000,Proprietary  ,6,37,43,10,60,70
02279800,ELIZABETHTOWN BEAUTY SCHOOL             ,KY,42701-0000,Proprietary  ,2,6,8,14,28,42
02284306,INTERACTIVE LEARNING SYSTEMS            ,KY,41042-0000,Proprietary  ,2,18,20,9,87,96
02323700,PAT WILSON'S BEAUTY COLLEGE             ,KY,42420-0000,Proprietary  ,1,5,6,6,42,48
02337200,PJ'S COLLEGE OF COSMETOLOGY             ,KY,42101-0000,Proprietary  ,7,64,71,55,340,395
02340800,PAUL MITCHELL THE SCHOOL LEXINGTON      ,KY,40601-0000,Proprietary  ,0,1,1,10,17,27
02351700,DONTA SCHOOL OF BEAUTY CULTURE          ,KY,40203-0000,Proprietary  ,0,18,18,10,83,93
02491100,BECKFIELD COLLEGE                       ,KY,41042-0000,Proprietary  ,19,62,81,144,671,815
02518900,BARRETT & COMPANY SCH HAIR DESIGN       ,KY,40356-0000,Proprietary  ,8,8,16,46,73,119
02526100,JENNY LEA ACADEMY OF COSMETOLOGY        ,KY,41858-0000,Proprietary  ,0,5,5,8,19,27
02535600,CLEAR CREEK BAPTIST BIBLE COLLEGE       ,KY,40977-0000,Private      ,2,16,18,41,152,193
02551100,PJ'S COLLEGE OF COSMETOLOGY             ,KY,42121-0000,Proprietary  ,2,21,23,30,103,133
02560800,SOUTHEAST SCHOOL OF COSMETOLOGY         ,KY,40962-0000,Proprietary  ,0,7,7,22,41,63
02576200,MID-CONTINENT UNIVERSITY                ,KY,42066-9007,Private      ,8,142,150,197,1338,1535
02616204,BROWN MACKIE COLLEGE-FINDLAY - BROWN MAC,KY,40219-1916,Proprietary  ,25,130,155,137,859,996
03002100,KENTUCKY MOUNTAIN BIBLE COLLEGE         ,KY,41385-0010,Private      ,1,6,7,52,29,81
03007000,FRONTIER SCH OF MIDWIFERY&FAMILY NU     ,KY,41749-0000,Private      ,0,65,65,0,392,392
03026200,HEAD'S WEST KENTUCKY BEAUTY COLLEGE     ,KY,42431-0000,Proprietary  ,2,6,8,12,50,62
03029200,NU-TEK ACADEMY OF BEAUTY                ,KY,40353-9767,Proprietary  ,2,5,7,13,35,48
03034500,OWENSBORO COMMUNITY & TECHNICAL COLLEGE ,KY,42303-1899,Public       ,75,258,333,1170,2020,3190
03083700,GALEN HEALTH INSTITUTES                 ,KY,40207-1047,Proprietary  ,29,196,225,198,1475,1673
03103500,MR JIM'S BEAUTY COLLEGE                 ,KY,42301-2646,Proprietary  ,1,10,11,13,40,53
03106700,MOTIF BEAUTY ACADEMY                    ,KY,40391-1958,Proprietary  ,0,4,4,11,34,45
03516500,EZELL'S COSMETOLOGY SCHOOL              ,KY,42071-2530,Proprietary  ,3,3,6,9,47,56
03611300,BRIGHTON CENTER'S CENTER FOR EMPLOY     ,KY,41071-1968,Private      ,0,25,25,6,111,117
03804300,BELLEFONTE ACADEMY OF BEAUTY            ,KY,41169-2015,Proprietary  ,4,11,15,28,48,76
03885300,EMPLOYMENT SOLUTIONS                    ,KY,40517-3260,Private      ,0,10,10,2,25,27
03886300,REGENCY SCHOOL OF HAIR DESIGN           ,KY,41653-1278,Proprietary  ,3,2,5,19,43,62
04038300,ATA CAREER EDUCATION                    ,KY,40223-3832,Proprietary  ,10,78,88,67,409,476
00200300,CENTENARY COLLEGE OF LOUISIANA          ,LA,71104-3396,Private      ,11,27,38,1154,220,1374
00200400,DILLARD UNIVERSITY                      ,LA,70122-3097,Private      ,68,33,101,1607,375,1982
00200500,NICHOLLS STATE UNIVERSITY               ,LA,70310-0001,Public       ,126,175,301,4926,2505,7431
00200600,GRAMBLING STATE UNIVERSITY              ,LA,71245-2215,Public       ,147,170,317,6125,3005,9130
00200700,LOUISIANA COLLEGE                       ,LA,71359-0000,Private      ,25,25,50,981,236,1217
00200800,LOUISIANA TECH UNIVERSITY               ,LA,71272-0001,Public       ,132,171,303,7062,2893,9955
00201000,LOUISIANA STATE UNIV & A&M COLG         ,LA,70803-5710,Public       ,316,280,596,20641,6674,27315
00201100,LOUISIANA STATE UNIV-ALEXANDRIA         ,LA,71302-9121,Public       ,79,215,294,1384,2185,3569
00201200,LOUISIANA STATE UNIV-EUNICE             ,LA,70535-6726,Public       ,83,163,246,1856,1529,3385
00201300,LOUISIANA STATE UNIV-SHREVEPORT         ,LA,71115-2399,Public       ,68,189,257,2371,2583,4954
00201400,LA STATE UNIV HEALTH SCIENCES CTR       ,LA,70112-2223,Public       ,11,51,62,341,1548,1889
00201500,(THE) UNIVERSITY OF NEW ORLEANS         ,LA,70148-0001,Public       ,199,467,666,6255,5128,11383
00201600,LOYOLA UNIVERSITY NEW ORLEANS           ,LA,70118-6195,Private      ,89,111,200,2593,1699,4292
00201700,MCNEESE STATE UNIVERSITY                ,LA,70609-4510,Public       ,131,254,385,5025,3033,8058
00201900,NEW ORLEANS BAPTIST THEOL SEMINARY      ,LA,70126-0000,Private      ,0,2,2,35,94,129
00202000,UNIVERSITY OF LOUISIANA AT MONROE       ,LA,71209-9001,Public       ,173,336,509,6265,4402,10667
00202100,NORTHWESTERN STATE UNIVERSITY           ,LA,71497-0001,Public       ,160,409,569,6199,5031,11230
00202200,NOTRE DAME SEMINARY                     ,LA,70118-0000,Private      ,1,0,1,2,4,6
00202300,OUR LADY OF HOLY CROSS COLLEGE          ,LA,70131-7399,Private      ,26,65,91,613,859,1472
00202400,SOUTHEASTERN LOUISIANA UNIV             ,LA,70402-0001,Public       ,323,396,719,10590,5445,16035
00202500,SOUTHERN UNIVERSITY A & M COLLEGE       ,LA,70813-9374,Public       ,207,353,560,8327,5966,14293
00202600,SOUTHERN UNIV NEW ORLEANS               ,LA,70126-0002,Public       ,83,240,323,1084,2319,3403
00202700,ST JOSEPH SEMINARY COLLEGE              ,LA,70457-9990,Private      ,6,2,8,48,12,60
00202900,TULANE UNIVERSITY                       ,LA,70118-5698,Private      ,127,225,352,5894,4249,10143
00203100,UNIV OF LOUISIANA AT LAFAYETTE          ,LA,70504-0001,Public       ,274,321,595,11361,4829,16190
00203200,XAVIER UNIVERSITY OF LOUISIANA          ,LA,70125-1098,Private      ,89,47,136,3296,1230,4526
00462100,AYERS CAREER COLLEGE                    ,LA,71108-5845,Proprietary  ,11,53,64,64,350,414
00462500,DELGADO COMMUNITY COLLEGE               ,LA,70119-0000,Public       ,392,1012,1404,4243,7844,12087
00520300,REMINGTON COLLEGE - LAFAYETTE CAMPUS    ,LA,70508-5760,Proprietary  ,89,355,444,536,1805,2341
00520306,REMINGTON COLLEGE - BATON ROUGE CAMPUS  ,LA,70816-4040,Proprietary  ,28,145,173,216,692,908
00546700,SOWELA TECHNICAL COMMUNITY COLLEGE      ,LA,70616-6950,Public       ,61,102,163,485,653,1138
00547200,LOUISIANA TECHNICAL COLLEGE - SIDNEY N. ,LA,70126-5511,Public       ,0,3,3,9,28,37
00548800,LOUISIANA TECH COLG-BATON ROUGE         ,LA,70807-0000,Public       ,33,79,112,301,586,887
00548802,LOUISIANA TECH COLG-ACADIAN CMPS        ,LA,70526-0000,Public       ,5,13,18,51,115,166
00548803,LOUISIANA TECH COLG-ALEXANDRIA CMPS     ,LA,71302-3137,Public       ,15,60,75,151,490,641
00548804,LOUISIANA TECH COLG-ASCENSION CMPS      ,LA,70778-3007,Public       ,4,3,7,53,54,107
00548805,LA TECH COLLEGE-AVOYELLES CAMPUS        ,LA,71327-0000,Public       ,6,19,25,40,92,132
00548806,LA TECHNICAL COLG-BASTROP CMPS          ,LA,71221-0000,Public       ,5,22,27,39,118,157
00548808,LA TECH COLG CHARLES B COREILCMPS       ,LA,70586-0000,Public       ,8,21,29,51,113,164
00548809,LA TECHNICAL COLG-DELTA-OUACHITA        ,LA,71292-9064,Public       ,17,30,47,218,432,650
00548810,EVANGELINE TECHNICAL INST               ,LA,70582-3104,Public       ,5,14,19,39,126,165
00548811,LA TECHN COLLEGE - FLORIDA PARISHES     ,LA,70441-0000,Public       ,0,10,10,21,84,105
00548812,LOUISIANA TECH COLG-FOLKES CAMPUS       ,LA,70748-0000,Public       ,0,4,4,4,15,19
00548813,LA TECHNICAL INST-GULF AREA CMPS        ,LA,70510-0878,Public       ,12,44,56,123,226,349
00548814,LOUISIANA TECH COLG-HAMMOND CMPS        ,LA,70404-0000,Public       ,21,50,71,119,233,352
00548815,LA TECH COLG-HUEY P. LONG CAMPUS        ,LA,71483-0000,Public       ,6,14,20,37,120,157
00548816,LA TECH COLLEGE-JEFFERSON CAMPUS        ,LA,70001-5605,Public       ,6,8,14,27,152,179
00548817,LOUISIANA TEC CLG-JUMONVILLE MEM CP     ,LA,70760-0000,Public       ,7,15,22,55,105,160
00548818,LA TECH COLLEGE-LAFAYETTE CAMPUS        ,LA,70506-0000,Public       ,31,77,108,380,674,1054
00548819,LOUISIANA TECHNICAL COLLEGE-LAFOURC     ,LA,70301-4336,Public       ,6,22,28,66,148,214
00548820,LOUISIANA TEC CLG-LAMAR SALTER CMPS     ,LA,71446-0000,Public       ,1,22,23,69,194,263
00548822,LOUISIANA TECHNICAL CLG-MANSFIELD       ,LA,71052-1236,Public       ,5,27,32,39,124,163
00548823,LA. TECH COLG.-MORGAN SMITH CAMPUS      ,LA,70546-0000,Public       ,2,10,12,34,77,111
00548824,LOUISIANA TEC CLG-NATCHITOCHES CMPS     ,LA,71458-0000,Public       ,3,15,18,62,154,216
00548825,LOUISIANA TECH COLG-NORTH CTRL CMPS     ,LA,71241-0000,Public       ,4,5,9,24,76,100
00548826,LOUISIANA TECH CLG-NORTHEAST LA CMP     ,LA,71295-2999,Public       ,4,16,20,39,110,149
00548827,LOUISIANA TEC CLG-NW LOUISIANA CMPS     ,LA,71058-0000,Public       ,11,37,48,128,304,432
00548828,LA TECHNICAL COLG-OAKDALE CMPS          ,LA,71463-0000,Public       ,2,18,20,41,121,162
00548829,LTC-RIVER PARISHES CAMPUS               ,LA,70084-0000,Public       ,9,31,40,101,224,325
00548830,LOUISIANA TECHNICAL COLLEGE-RUSTON      ,LA,71273-0000,Public       ,5,12,17,223,213,436
00548831,LTC - SABINE VALLEY CAMPUS              ,LA,71449-3839,Public       ,2,14,16,37,91,128
00548832,LOUISIANA TECH COLG-SHELBY JACKSON      ,LA,71334-0000,Public       ,4,17,21,33,159,192
00548833,LA TECH COLG SHREVEPORT-BOSSIER         ,LA,71137-0000,Public       ,23,96,119,223,730,953
00548835,LA TECHNICAL COLLEGE-SLIDELL CAMPUS     ,LA,70459-0000,Public       ,0,3,3,8,20,28
00548837,LOUISIANA TECH COLG-SULLIVAN CAMPUS     ,LA,70427-5866,Public       ,9,21,30,111,232,343
00548838,LOUISIANA TECHNICAL COLG - TALLULAH     ,LA,71284-0000,Public       ,12,14,26,67,142,209
00548839,LA TECH COLG-TECHE AREA CAMPUS          ,LA,70562-0000,Public       ,13,25,38,142,262,404
00548840,LOUISIANA TECH COLG-T.H.HARRIS CMPS     ,LA,70570-6113,Public       ,36,69,105,299,447,746
00548841,LOUISIANA TECH COLG W JEFFERSON CMP     ,LA,70058-0000,Public       ,1,5,6,17,42,59
00548842,LOUISIANA TECHNICAL COLLEGE - WESTSIDE C,LA,70765-0733,Public       ,2,4,6,15,63,78
00548843,LTC-YOUNG MEMORIAL CAMPUS               ,LA,70381-0000,Public       ,4,34,38,76,216,292
00576100,L. E. FLETCHER TECHNICAL COMMUNITY COLLE,LA,70360-2863,Public       ,40,41,81,395,402,797
00576101,L.E. FLETCHER TECHNICAL COMMUNITY COLLEG,LA,70360-7310,Public       ,5,6,11,67,68,135
00768600,SOUTHERN UNIV AT SHREVEPORT/BOSSIER     ,LA,71107-4795,Public       ,51,210,261,1019,2383,3402
00806700,LSU HEALTH SCIENCES CENTR-SHREVEPOR     ,LA,71130-3932,Public       ,6,20,26,160,774,934
00989800,DEMMON SCHOOL OF BEAUTY                 ,LA,70607-2128,Proprietary  ,1,13,14,16,66,82
01005701,AMERICAN COMMERCIAL COLLEGE             ,LA,71105-2502,Proprietary  ,8,38,46,34,235,269
01109700,CLOYD'S BEAUTY SCHOOL #1                ,LA,71291-3131,Proprietary  ,19,54,73,36,122,158
01112102,BRYMAN COLLEGE                          ,LA,70119-0000,Proprietary  ,0,5,5,12,37,49
01163100,"D-JAY'S SCHL OF BEAUTY, ARTS & SCI      ",LA,70806-0000,Proprietary  ,5,22,27,35,65,100
01184100,JOHN JAY BEAUTY COLLEGE                 ,LA,70124-2592,Proprietary  ,1,4,5,17,35,52
01261100,RONNIE & DORMANS SCHOOL HAIR DESIGN     ,LA,70501-0000,Proprietary  ,1,3,4,5,28,33
01282300,PAT GOINS RUSTON BEAUTY SCHOOL          ,LA,71270-4301,Proprietary  ,3,6,9,18,32,50
01287900,PAT GOINS BENTON ROAD BEAUTY SCHOOL     ,LA,71111-4838,Proprietary  ,7,7,14,18,51,69
01288000,PAT GOINS BEAUTY SCHOOL                 ,LA,71201-5167,Proprietary  ,1,10,11,11,31,42
02055400,BOSSIER PARISH COMMUNITY COLLEGE        ,LA,71111-0000,Public       ,125,292,417,1971,2840,4811
02055500,DELTA SCH OF BUSINESS & TECHNOLOGY      ,LA,70601-0000,Proprietary  ,16,89,105,111,467,578
02065100,REMINGTON COLLEGE - NEW ORLEANS CAMPUS  ,LA,70005-3007,Proprietary  ,0,0,0,2,5,7
02089711,HERZING COLLEGE                         ,LA,70062-8727,Proprietary  ,1,3,4,15,45,60
02117800,AVEDA INSTITUTE LAFAYETTE               ,LA,70503-3246,Proprietary  ,9,10,19,80,79,159
02166100,NUNEZ COMMUNITY COLLEGE                 ,LA,70043-0000,Public       ,24,62,86,227,541,768
02166200,ITI TECHNICAL COLLEGE                   ,LA,70817-0000,Proprietary  ,34,71,105,242,386,628
02197500,BATON ROUGE SCHOOL OF COMPUTERS         ,LA,70816-0000,Proprietary  ,7,16,23,43,76,119
02234000,CAMERON COLLEGE                         ,LA,70119-0000,Proprietary  ,12,53,65,14,85,99
02258400,AVEDA INSTITUTE BATON ROUGE             ,LA,70816-2246,Proprietary  ,9,11,20,123,91,214
02260200,DIESEL DRIVING ACADEMY                  ,LA,71109-5617,Proprietary  ,12,78,90,23,218,241
02263600,BASTROP BEAUTY SCHOOL #1                ,LA,71220-0000,Proprietary  ,1,10,11,13,33,46
02265600,JOHN JAY KENNER ACADEMY                 ,LA,70062-0000,Proprietary  ,7,11,18,45,75,120
02269300,STEVENSON'S ACADEMY OF HAIR DESIGN      ,LA,70116-0000,Proprietary  ,17,25,42,48,73,121
02323100,PAT GOINS SHREVEPORT BEAUTY SCHOOL      ,LA,71108-4354,Proprietary  ,1,4,5,10,28,38
02327800,PINEVILLE BEAUTY SCHOOL                 ,LA,71360-0000,Proprietary  ,9,6,15,32,45,77
02335701,BATON ROUGE GEN MED CTR SCH NSG         ,LA,70821-0000,Private      ,6,21,27,71,178,249
02335702,BATON ROUGE GEN MED CTR-RAD TECH        ,LA,70806-0000,Private      ,2,3,5,27,51,78
02338000,"CLOYD'S BEAUTY SCHOOL #2, INC           ",LA,71202-3539,Proprietary  ,19,55,74,36,124,160
02352500,"CLOYD'S BEAUTY SCHOOL #3, INC           ",LA,71201-3211,Proprietary  ,20,55,75,36,131,167
02358600,"STAGE ONE THE HAIR SCHOOL, INC.         ",LA,70605-0000,Proprietary  ,10,15,25,59,73,132
02493400,ALEXANDRIA ACADEMY OF BEAUTY CULT       ,LA,71301-0000,Proprietary  ,1,7,8,9,53,62
02518300,SOUTH LOUISIANA BEAUTY COLLEGE          ,LA,70363-0000,Proprietary  ,3,5,8,30,61,91
02536400,LOUISIANA ACADEMY OF BEAUTY             ,LA,70535-0000,Proprietary  ,3,3,6,27,42,69
02538300,DELTA COLLEGE OF ARTS & TECH INC        ,LA,70806-1529,Proprietary  ,14,59,73,92,393,485
02538301,DELTA COLLEGE OF ARTS & TECHNOLOGY - LAF,LA,70508-6831,Proprietary  ,1,36,37,24,119,143
02548500,COSMETOLOGY TRAINING CENTER             ,LA,70503-0000,Proprietary  ,12,16,28,57,57,114
02554800,VANGUARD COLLEGE OF COSMETOLOGY         ,LA,70458-8823,Proprietary  ,16,26,42,50,69,119
02582200,"GUY'S ACADEMY HAIR, SKIN & NAILS        ",LA,71105-2404,Proprietary  ,14,35,49,61,160,221
02600900,AVEDA INSTITUTE                         ,LA,70433-2922,Proprietary  ,67,95,162,389,570,959
02601000,AMERICAN SCHOOL OF BUSINESS             ,LA,71105-5646,Proprietary  ,5,30,35,22,109,131
02601100,OPELOUSAS SCHOOL OF COSMETOLOGY         ,LA,70570-6156,Proprietary  ,6,8,14,15,43,58
02606800,CAREER TRAINING SPECIALISTS             ,LA,71201-6046,Proprietary  ,23,108,131,250,693,943
02606801,CAREER TECHNICAL COLLEGE - SHREVEPORT   ,LA,71105-2405,Proprietary  ,12,60,72,74,373,447
02617100,BATON ROUGE COLLEGE                     ,LA,70816-2246,Proprietary  ,1,15,16,40,91,131
02619200,DENHAM SPRINGS BEAUTY COLLEGE           ,LA,70726-3829,Proprietary  ,4,13,17,21,65,86
03010400,CRESCENT CITY SCH GAMING & BARTENDG     ,LA,70119-5507,Proprietary  ,14,150,164,31,384,415
03023500,CAMELOT CAREER COLLEGE                  ,LA,70805-7539,Proprietary  ,12,59,71,106,229,335
03030900,DIESEL DRIVING ACADEMY                  ,LA,70815-8109,Proprietary  ,11,103,114,43,342,385
03061400,ASCENSION COLLEGE                       ,LA,70737-2912,Proprietary  ,15,32,47,75,123,198
03095100,GRETNA CAREER COLLEGE                   ,LA,70053-2436,Proprietary  ,2,34,36,38,178,216
03106200,OUR LADY OF THE LAKE COLLEGE            ,LA,70808-4345,Private      ,49,179,228,838,1757,2595
03253300,JONESVILLE BEAUTY SCHOOL                ,LA,71343-0000,Proprietary  ,2,10,12,14,39,53
03294300,BLUE CLIFF SCH THERAPEUTIC MASSAGE      ,LA,70002-3458,Proprietary  ,33,89,122,140,450,590
03322300,CULINARY INSTITUTE OF NEW ORLEANS       ,LA,70140-0000,Proprietary  ,0,0,0,27,33,60
03332600,DELTA COLLEGE                           ,LA,70433-9042,Proprietary  ,10,45,55,53,248,301
03332601,DELTA COLLEGE - SLIDELL                 ,LA,70460-2624,Proprietary  ,3,25,28,26,126,152
03356300,MEDICAL TRAINING COLLEGE                ,LA,70816-5820,Proprietary  ,10,41,51,97,271,368
03402300,METROPOLITAN COMMUNITY COLLEGE          ,LA,70053-6758,Proprietary  ,0,0,0,3,4,7
03422500,BLUE CLIFF COLLEGE                      ,LA,71107-6520,Proprietary  ,10,41,51,76,276,352
03422600,BLUE CLIFF COLLEGE                      ,LA,70508-3858,Proprietary  ,7,29,36,71,142,213
03480300,MEDVANCE INSTITUTE                      ,LA,70809-1908,Proprietary  ,79,355,434,369,1832,2201
03498400,OMEGA INSTITUTE OF COSMETOLOGY          ,LA,70360-0000,Proprietary  ,4,7,11,26,39,65
03727500,MOORE CAREER COLLEGE                    ,LA,70808-4191,Proprietary  ,7,30,37,38,88,126
03730300,BATON ROUGE COMMUNITY COLLEGE           ,LA,78806-4129,Public       ,228,420,648,3201,3188,6389
03752400,SCHOOL OF URBAN MISSIONS                ,LA,70053-0000,Private      ,2,7,9,28,73,101
03789300,UNITECH TRAINING ACADEMY                ,LA,70503-5132,Proprietary  ,29,181,210,131,652,783
03789400,RIVER PARISHES COMMUNITY COLLEGE        ,LA,70778-0310,Public       ,11,38,49,296,416,712
03795300,CASSIA BEAUTY COLLEGE                   ,LA,70126-0000,Proprietary  ,1,1,2,4,4,8
03810500,COURT REPORTING INSTITUTE OF LOUISI     ,LA,70816-0000,Proprietary  ,2,12,14,14,82,96
03932300,PROFESSIONAL CHEF'S INSTITUTE OF THE SOU,LA,70809-0000,Proprietary  ,2,1,3,7,2,9
03956300,SOUTH LOUISIANA COMMUNITY COLLEGE       ,LA,70506-0000,Public       ,72,150,222,727,916,1643
04040300,COMPASS CAREER COLLEGE                  ,LA,70403-0653,Proprietary  ,5,26,31,18,91,109
04112300,LOUISIANA CULINARY INSTITUTE            ,LA,70816-4109,Proprietary  ,0,3,3,0,3,3
00143600,CAPITOL COLLEGE                         ,MD,20708-9759,Private      ,5,17,22,303,288,591
00146200,WASHINGTON BIBLE COLLEGE                ,MD,20706-3599,Private      ,4,21,25,109,231,340
00205700,ALLEGANY COLLEGE OF MARYLAND            ,MD,21502-2596,Public       ,80,129,209,1675,1383,3058
00205800,ANNE ARUNDEL COMMUNITY COLLEGE          ,MD,21012-1895,Public       ,163,363,526,2590,3529,6119
00206000,BALTIMORE HEBREW UNIVERSITY             ,MD,21215-3996,Private      ,2,2,4,13,48,61
00206100,BALTIMORE CITY COMMUNITY COLLEGE        ,MD,21215-7893,Public       ,119,448,567,2257,5919,8176
00206200,BOWIE STATE UNIVERSITY                  ,MD,20715-9465,Public       ,151,233,384,5972,3238,9210
00206300,COMMUNITY COLLEGE OF BALTIMORE COUNTY   ,MD,21228-5381,Public       ,264,654,918,4818,7795,12613
00206400,COLLEGE OF SOUTHERN MARYLAND            ,MD,20646-0910,Public       ,112,227,339,1680,2054,3734
00206500,CLG NOTRE DAME OF MARYLAND              ,MD,21210-2476,Private      ,11,84,95,752,1142,1894
00206700,COLUMBIA UNION COLLEGE                  ,MD,20912-7796,Private      ,20,53,73,857,620,1477
00206800,COPPIN STATE UNIVERSITY                 ,MD,21216-3698,Public       ,85,155,240,3199,3194,6393
00207100,FREDERICK COMMUNITY COLLEGE             ,MD,21702-9745,Public       ,65,180,245,936,1250,2186
00207200,FROSTBURG STATE UNIVERSITY              ,MD,21532-1099,Public       ,68,45,113,4908,947,5855
00207300,GOUCHER COLLEGE                         ,MD,21204-2794,Private      ,20,22,42,2236,418,2654
00207400,HAGERSTOWN COMMUNITY COLLEGE            ,MD,21742-6590,Public       ,63,187,250,1061,1391,2452
00207500,HARFORD COMMUNITY COLLEGE               ,MD,21015-1696,Public       ,71,167,238,1134,1360,2494
00207600,HOOD COLLEGE                            ,MD,21701-8575,Private      ,21,52,73,1884,595,2479
00207700,JOHNS HOPKINS UNIVERSITY                ,MD,21218-2693,Private      ,54,68,122,4925,1017,5942
00207702,JOHNS HOPKINS UNIV SCH ARTS/SCI/ENG     ,MD,21218-0000,Private      ,15,106,121,3296,1040,4336
00207703,JOHNS HOPKINS UNIV SCH OF BUS/ED        ,MD,21046-0000,Private      ,0,147,147,34,1337,1371
00207705,JOHNS HOPKINS BLOOMBERG SCH OF PH       ,MD,21205-0000,Private      ,0,30,30,13,1053,1066
00207706,JOHNS HOPKINS UNIV SCH OF MEDICINE      ,MD,21205-0000,Private      ,6,16,22,66,811,877
00207707,JOHNS HOPKINS UNIV SCH OF NURSING       ,MD,21205-0000,Private      ,8,22,30,211,701,912
00207708,JOHNS HOPKINS UNIV PEABODY CONSERV      ,MD,21202-2397,Private      ,5,5,10,614,328,942
00207800,LOYOLA UNIVERSITY MARYLAND              ,MD,21210-2699,Private      ,36,87,123,5317,1498,6815
00208000,MARYLAND INST COLLEGE OF ART            ,MD,21217-4191,Private      ,12,13,25,2048,582,2630
00208300,MORGAN STATE UNIVERSITY                 ,MD,21251-0002,Public       ,236,174,410,8989,3412,12401
00208600,MOUNT SAINT MARY'S UNIVERSITY           ,MD,21727-7799,Private      ,22,16,38,2193,298,2491
00208700,NER ISRAEL RABBINICAL COLLEGE           ,MD,21208-1198,Private      ,3,6,9,82,44,126
00208900,PRINCE GEORGES COMMUNITY COLLEGE        ,MD,20774-2199,Public       ,213,520,733,3413,5148,8561
00209100,SALISBURY UNIVERSITY                    ,MD,21801-6862,Public       ,102,69,171,7077,1182,8259
00209200,ST JOHN'S COLLEGE                       ,MD,21404-0000,Private      ,8,6,14,592,164,756
00209500,ST. MARY'S COLLEGE OF MARYLAND          ,MD,20686-3001,Public       ,30,8,38,2140,136,2276
00209600,ST MARY'S SEMINARY & UNIV               ,MD,21210-1994,Private      ,0,2,2,11,31,42
00209900,TOWSON UNIVERSITY                       ,MD,21252-0002,Public       ,238,232,470,14660,4595,19255
00210200,UNIVERSITY OF BALTIMORE                 ,MD,21201-5779,Public       ,34,198,232,611,4690,5301
00210300,"UNIVERSITY OF MARYLAND, COLLEGE PARK    ",MD,20742-5145,Public       ,377,391,768,22416,8503,30919
00210400,"UNIVERSITY OF MARYLAND, BALTIMORE       ",MD,21201-1691,Public       ,66,262,328,2365,7867,10232
00210500,UMBC                                    ,MD,21250-0002,Public       ,123,143,266,6934,3089,10023
00210600,UNIVERSITY MARYLAND EASTERN SHORE       ,MD,21853-4053,Public       ,90,44,134,4496,1099,5595
00210700,STEVENSON UNIVERSITY                    ,MD,21153-0641,Private      ,47,46,93,3087,796,3883
00210800,WASHINGTON COLLEGE                      ,MD,21620-1197,Private      ,9,4,13,1711,77,1788
00210900,MCDANIEL COLLEGE                        ,MD,21157-4390,Private      ,22,43,65,2534,446,2980
00458612,KAPLAN COLLEGE                          ,MD,21742-2797,Proprietary  ,37,109,146,333,825,1158
00458614,KAPLAN COLLEGE - FREDERICK              ,MD,21704-8307,Proprietary  ,8,42,50,36,185,221
00465000,CHESAPEAKE COLLEGE                      ,MD,21679-0008,Public       ,38,84,122,718,948,1666
00691100,MONTGOMERY COLLEGE                      ,MD,20850-1195,Public       ,316,560,876,6101,5665,11766
00734100,INTERNATIONAL BEAUTY SCHOOL             ,MD,21502-2370,Proprietary  ,6,22,28,31,72,103
00744700,DEL-MAR-VA BEAUTY ACADEMY               ,MD,21804-0000,Proprietary  ,5,6,11,35,46,81
00749100,TESST COLLEGE OF TECHNOLOGY             ,MD,21227-1063,Proprietary  ,66,245,311,378,1335,1713
00793600,LINCOLN TECHNICAL INSTITUTE             ,MD,21046-1544,Proprietary  ,92,140,232,724,787,1511
00817500,HOWARD COMMUNITY COLLEGE                ,MD,21044-3197,Public       ,92,167,259,1644,1888,3532
00826300,AWARD BEAUTY SCHOOL                     ,MD,21740-5624,Proprietary  ,16,46,62,54,194,248
00830800,CECIL COLLEGE                           ,MD,21901-1999,Public       ,37,73,110,539,614,1153
01001400,GARRETT COMMUNITY COLLEGE               ,MD,21541-1265,Public       ,15,52,67,414,266,680
01031900,MEDIX SCHOOL                            ,MD,21204-2538,Proprietary  ,44,144,188,227,637,864
01041000,TESST COLLEGE OF TECHNOLOGY             ,MD,21286-2201,Proprietary  ,31,95,126,282,572,854
01164400,UNIV OF MARYLAND UNIVERSITY COLLEGE     ,MD,20783-8078,Public       ,126,2026,2152,1448,16222,17670
01164402,U OF MD UNIVERSITY COLLEGE - EUROPE     ,MD,20832-0000,Public       ,39,320,359,352,2054,2406
01164404,U OF MD UNIVERSITY COLLEGE - ASIA       ,MD,31207-0000,Public       ,20,135,155,103,914,1017
02073900,WOR-WIC COMMUNITY COLLEGE               ,MD,21804-0000,Public       ,41,207,248,899,1532,2431
02083600,TESST COLLEGE OF TECHNOLOGY             ,MD,20705-2698,Proprietary  ,51,114,165,275,513,788
02116005,SANFORD-BROWN INSTITUTE - LANDOVER      ,MD,20785-2287,Proprietary  ,24,119,143,122,682,804
02127900,SOJOURNER DOUGLASS COLLEGE              ,MD,21205-0000,Private      ,10,209,219,93,1682,1775
02155100,MARYLAND COLLEGE OF ART AND DESIGN      ,MD,20902-0000,Private      ,3,1,4,60,36,96
02269700,INTERNATIONAL BEAUTY SCHOOL             ,MD,21014-0000,Proprietary  ,3,6,9,37,36,73
02288900,ABI-ACCUTECH BUSINESS INSTITUTE         ,MD,21703-0000,Proprietary  ,0,1,1,6,30,36
02314800,BALTIMORE INTERNATIONAL COLLEGE         ,MD,21202-0000,Private      ,25,57,82,489,366,855
02331000,MARYLAND BEAUTY ACADEMY OF ESSEX        ,MD,21221-0000,Proprietary  ,4,25,29,38,131,169
02333000,HAIR ACADEMY                            ,MD,20784-0000,Proprietary  ,29,63,92,110,261,371
02343800,MONTGOMERY BEAUTY SCHOOL                ,MD,20901-0000,Proprietary  ,12,42,54,45,140,185
02494700,BALTIMORE STUDIO OF HAIR DESIGN         ,MD,21201-0000,Proprietary  ,13,31,44,83,171,254
02495000,ROBERT PAUL ACAD COSMTGY ARTS & SCI     ,MD,21093-0000,Proprietary  ,7,7,14,67,58,125
02495100,MARYLAND BEAUTY ACADEMY                 ,MD,21136-0000,Proprietary  ,4,16,20,15,45,60
02545400,NORTH AMERICAN TRADE SCHOOLS            ,MD,21244-0069,Proprietary  ,26,136,162,134,584,718
02573800,"L' ACADEMIE DE CUISINE, INC.            ",MD,20877-0000,Proprietary  ,5,15,20,28,109,137
02578400,TAI SOPHIA INSTITUTE                    ,MD,20723-6010,Private      ,0,66,66,0,226,226
03021002,HARRISON CAREER INSTITUTE-BALTIMORE     ,MD,21201-0000,Proprietary  ,0,0,0,2,20,22
03027200,BLADES SCHOOL OF HAIR DESIGN            ,MD,20619-0226,Proprietary  ,7,16,23,27,70,97
03064900,AARON'S ACADEMY OF BEAUTY               ,MD,20602-2715,Proprietary  ,3,4,7,22,46,68
03097200,AESTHETICS INSTITUTE OF COSMETOLOGY     ,MD,20877-1305,Proprietary  ,1,16,17,6,48,54
03100700,CARROLL COMMUNITY COLLEGE               ,MD,21157-6913,Public       ,31,51,82,617,538,1155
03148300,AMERICAN BEAUTY ACADEMY                 ,MD,20902-1911,Proprietary  ,25,57,82,106,259,365
03296300,BALTIMORE SCHOOL OF MASSAGE             ,MD,21090-2261,Proprietary  ,17,72,89,133,373,506
03327300,NEW CREATIONS ACADEMY OF HAIR DSN       ,MD,20746-2960,Proprietary  ,1,7,8,10,38,48
03455500,NATIONAL LABOR COLLEGE                  ,MD,20903-1790,Private      ,0,0,0,1,15,16
03493300,ALL-STATE CAREER SCHOOL                 ,MD,21224-6658,Proprietary  ,47,270,317,166,875,1041
03771300,AMERICAN CAREER INSTITUTE               ,MD,20902-4637,Proprietary  ,2,19,21,15,57,72
03822400,MAPLE SPRINGS BAPTIST BIBLE COLLEGE & SE,MD,20743-5711,Private      ,0,1,1,2,16,18
03965500,HAIR EXPRESSIONS ACADEMY                ,MD,20852-1729,Proprietary  ,2,9,11,23,38,61
        ,MGH INSTITUTE OF HEALTH PROFESSION      ,MA,02129-0000,Private      ,0,19,19,9,650,659
00211400,AMERICAN INTERNATIONAL COLLEGE          ,MA,01109-3189,Private      ,33,84,117,1626,1072,2698
00211500,AMHERST COLLEGE                         ,MA,01002-5000,Private      ,49,3,52,2930,68,2998
00211600,ANDOVER NEWTON THEOLOGICAL SCHOOL       ,MA,02459-0000,Private      ,0,8,8,0,209,209
00211700,ANNA MARIA COLLEGE                      ,MA,01612-1198,Private      ,8,22,30,809,251,1060
00211800,ASSUMPTION COLLEGE                      ,MA,01615-1294,Private      ,25,28,53,3562,351,3913
00211900,ATLANTIC UNION COLLEGE                  ,MA,01561-1000,Private      ,7,24,31,362,262,624
00212000,MERRIMACK COLLEGE                       ,MA,01845-5800,Private      ,28,11,39,3287,109,3396
00212100,BABSON COLLEGE                          ,MA,02457-0310,Private      ,30,70,100,1832,638,2470
00212200,BAY PATH COLLEGE                        ,MA,01106-2212,Private      ,14,67,81,729,1085,1814
00212300,BECKER COLLEGE-WORCESTER                ,MA,01615-0071,Private      ,26,61,87,1943,754,2697
00212400,BENTLEY UNIVERSITY                      ,MA,02452-4705,Private      ,58,48,106,5325,671,5996
00212600,BERKLEE COLLEGE OF MUSIC                ,MA,02215-3693,Private      ,121,44,165,3361,688,4049
00212800,BOSTON COLLEGE                          ,MA,02467-3800,Private      ,138,100,238,15354,5186,20540
00212900,BOSTON CONSERVATORY OF MUSIC            ,MA,02215-9830,Private      ,11,7,18,755,235,990
00213000,BOSTON UNIVERSITY                       ,MA,02215-1789,Private      ,242,487,729,23313,12961,36274
00213300,BRANDEIS UNIVERSITY                     ,MA,02453-2700,Private      ,28,27,55,4282,750,5032
00213900,CLARK UNIVERSITY                        ,MA,01610-1473,Private      ,31,30,61,3592,533,4125
00214000,ELMS COLLEGE                            ,MA,01013-2839,Private      ,10,25,35,884,449,1333
00214100,COLLEGE OF THE HOLY CROSS               ,MA,01610-2395,Private      ,47,1,48,4708,30,4738
00214300,CURRY COLLEGE                           ,MA,02186-2395,Private      ,26,84,110,3034,824,3858
00214400,DEAN COLLEGE                            ,MA,02038-1994,Private      ,24,8,32,1316,122,1438
00214500,EASTERN NAZARENE COLLEGE                ,MA,02170-2999,Private      ,21,42,63,750,391,1141
00214507,EASTERN NAZARENE CLG - LEAD PROGRAM     ,MA,02170-0000,Private      ,0,8,8,13,51,64
00214600,EMERSON COLLEGE                         ,MA,02116-4624,Private      ,66,31,97,4928,1340,6268
00214700,EMMANUEL COLLEGE                        ,MA,02115-5798,Private      ,20,34,54,2858,302,3160
00214800,ENDICOTT COLLEGE                        ,MA,01915-2098,Private      ,17,18,35,3291,172,3463
00214900,EPISCOPAL DIVINITY SCHOOL               ,MA,02138-0000,Private      ,0,5,5,1,47,48
00215000,FISHER COLLEGE                          ,MA,02116-1500,Private      ,41,102,143,1127,720,1847
00215100,BENJAMIN FRANKLIN INSTITUTE OF TECH     ,MA,02116-6296,Public       ,18,24,42,429,171,600
00215300,GORDON COLLEGE                          ,MA,01984-1899,Private      ,11,6,17,1646,78,1724
00215400,HELLENIC COLLEGE                        ,MA,02445-7496,Private      ,4,6,10,54,98,152
00215500,HARVARD UNIVERSITY                      ,MA,02138-3800,Private      ,66,23,89,4035,572,4607
00215501,AMRCN REPERTORY THTR INST ADV THTR      ,MA,02138-0000,Private      ,0,1,1,1,109,110
00215502,HARVARD BUSINESS SCHOOL                 ,MA,02163-0000,Private      ,11,18,29,152,1530,1682
00215503,HARVARD EXTENSION SCHOOL                ,MA,02138-0000,Private      ,8,58,66,85,697,782
00215504,HARVARD SCH OF DENTAL MEDICINE          ,MA,02115-0000,Private      ,0,8,8,5,218,223
00215505,HARVARD UNIV GRAD SCH DESIGN            ,MA,02138-0000,Private      ,2,7,9,12,788,800
00215506,HARVARD DIVINITY SCHOOL                 ,MA,02138-0000,Private      ,2,8,10,23,641,664
00215507,HARVARD UNIV GRAD SCH ED                ,MA,02138-0000,Private      ,0,15,15,12,1192,1204
00215508,HARVARD UNIV GRAD S OF ARTS & SCIEN     ,MA,02138-0000,Private      ,4,32,36,81,776,857
00215509,HARVARD JOHN F KENNEDY SCHL OF GOVT     ,MA,02138-0000,Private      ,1,7,8,16,1015,1031
00215510,HARVARD LAW SCHOOL                      ,MA,02138-0000,Private      ,2,12,14,51,3244,3295
00215511,HARVARD UNIV MEDICAL SCHOOL             ,MA,02115-0000,Private      ,4,9,13,89,887,976
00215512,HARVARD UNIV SCH PUBLIC HEALTH          ,MA,02115-0000,Private      ,1,7,8,18,570,588
00215513,HARVARD UNIVERSITY-HARVARD COLLEGE      ,MA,02138-0000,Private      ,81,8,89,9989,243,10232
00215700,HEBREW COLLEGE                          ,MA,02459-2237,Private      ,0,2,2,4,99,103
00215800,LASELL COLLEGE                          ,MA,02466-2716,Private      ,17,2,19,2030,92,2122
00216000,LESLEY UNIVERSITY                       ,MA,02138-2790,Private      ,29,558,587,1656,5201,6857
00216100,UMASS LOWELL                            ,MA,01854-3089,Public       ,151,208,359,6541,2693,9234
00216300,MARIST COLLEGE & SEMINARY               ,MA,01701-0000,Private      ,0,8,8,5,321,326
00216400,NEW ENGLAND COLLEGE OF OPTOMETRY        ,MA,02115-1129,Private      ,0,9,9,4,437,441
00216500,MASS. COLLEGE OF PHARMACY  & HEALTH SCIE,MA,02115-5804,Private      ,20,87,107,2566,1926,4492
00216700,BERKSHIRE COMMUNITY COLLEGE             ,MA,01201-5786,Public       ,34,77,111,686,813,1499
00216800,CAPE COD COMMUNITY COLLEGE              ,MA,02668-1599,Public       ,86,132,218,1084,1211,2295
00216900,GREENFIELD COMMUNITY COLLEGE            ,MA,01301-9739,Public       ,42,75,117,648,1012,1660
00217000,HOLYOKE COMMUNITY COLLEGE               ,MA,01040-1099,Public       ,156,295,451,2520,2849,5369
00217100,MASSACHUSETTS BAY COMMUNITY COLLEGE     ,MA,02181-0000,Public       ,80,160,240,1448,1657,3105
00217200,MOUNT WACHUSETT COMMUNITY COLLEGE       ,MA,01440-1000,Public       ,101,208,309,1285,1919,3204
00217300,NORTH SHORE COMMUNITY COLLEGE           ,MA,01923-4093,Public       ,128,310,438,1896,2798,4694
00217400,NORTHERN ESSEX COMMUNITY COLLEGE        ,MA,01830-2399,Public       ,116,275,391,1752,2711,4463
00217500,QUINSIGAMOND COMMUNITY COLLEGE          ,MA,01606-2092,Public       ,118,275,393,2023,2353,4376
00217600,BRISTOL COMMUNITY COLLEGE               ,MA,02720-7399,Public       ,149,277,426,2280,2625,4905
00217700,MASSASOIT COMMUNITY COLLEGE             ,MA,02302-3996,Public       ,161,262,423,2263,2319,4582
00217800,MASSACHUSETTS INST OF TECHNOLOGY        ,MA,02139-4307,Private      ,81,61,142,7355,2091,9446
00218000,MASSACHUSETTS COLLEGE OF ART AND DESIGN ,MA,02115-5803,Public       ,34,23,57,1894,669,2563
00218100,MASSACHUSETTS MARITIME ACADEMY          ,MA,02532-3400,Public       ,5,1,6,905,69,974
00218300,BRIDGEWATER STATE COLLEGE               ,MA,02325-0001,Public       ,112,118,230,8340,2077,10417
00218400,FITCHBURG STATE COLLEGE                 ,MA,01420-2697,Public       ,52,53,105,4030,975,5005
00218500,FRAMINGHAM STATE COLLEGE                ,MA,01702-2471,Public       ,43,55,98,4287,780,5067
00218700,MASSACHUSETTS CLG OF LIBERAL ARTS       ,MA,01247-4100,Public       ,27,16,43,1550,465,2015
00218800,SALEM STATE COLLEGE                     ,MA,01970-5353,Public       ,149,166,315,6368,2420,8788
00218900,WESTFIELD STATE COLLEGE                 ,MA,01086-1630,Public       ,63,43,106,5604,920,6524
00219000,WORCESTER STATE COLLEGE                 ,MA,01602-2597,Public       ,68,100,168,4086,1405,5491
00219200,MOUNT HOLYOKE COLLEGE                   ,MA,01075-1492,Private      ,18,6,24,2196,225,2421
00219300,MOUNT IDA COLLEGE                       ,MA,02459-3323,Private      ,16,9,25,1923,264,2187
00219400,NEW ENGLAND CONSERVATORY OF MUSIC       ,MA,02115-5018,Private      ,4,6,10,642,649,1291
00219700,NICHOLS COLLEGE                         ,MA,01571-6346,Private      ,13,12,25,1353,182,1535
00219900,NORTHEASTERN UNIVERSITY                 ,MA,02115-5000,Private      ,290,360,650,24263,6861,31124
00220100,PINE MANOR COLLEGE                      ,MA,02167-0000,Private      ,7,6,13,593,94,687
00220200,BLESSED JOHN XXIII NATIONAL SEMINARY    ,MA,02493-0000,Private      ,0,1,1,1,3,4
00220500,QUINCY COLLEGE                          ,MA,02169-4501,Public       ,65,190,255,855,1726,2581
00220600,REGIS COLLEGE                           ,MA,02193-0000,Private      ,6,27,33,844,492,1336
00220800,SIMMONS COLLEGE                         ,MA,02115-5898,Private      ,21,115,136,2448,2666,5114
00220900,SMITH COLLEGE                           ,MA,01063-2936,Private      ,34,12,46,2911,891,3802
00221000,UNIV OF MASSACHUSETTS-DARTMOUTH         ,MA,02747-2300,Public       ,106,79,185,8468,1717,10185
00221100,SPRINGFIELD COLLEGE                     ,MA,01109-3797,Private      ,34,304,338,3353,3613,6966
00221400,ST JOHN'S SEMINARY                      ,MA,02135-8839,Private      ,0,18,18,11,58,69
00221700,STONEHILL COLLEGE                       ,MA,02357-6110,Private      ,35,5,40,4685,117,4802
00221800,SUFFOLK UNIVERSITY                      ,MA,02108-2770,Private      ,72,142,214,6691,2040,8731
00221802,SUFFOLK UNIVERSITY LAW SCHOOL           ,MA,02108-0000,Private      ,0,13,13,113,2533,2646
00221900,TUFTS UNIVERSITY                        ,MA,02155-5808,Private      ,38,64,102,7962,2154,10116
00221901,TUFTS UNIV SCH OF DENTAL MEDICINE       ,MA,02111-0000,Private      ,1,8,9,17,797,814
00221902,TUFTS UNIVERSITY - CUMMINGS SCHOOL OF VE,MA,01536-0000,Private      ,0,3,3,20,412,432
00221904,TUFTS UNIV SCHOOL OF MEDICINE           ,MA,02111-0000,Private      ,0,11,11,45,1240,1285
00222100,UNIV OF MASSACHUSETTS-AMHERST           ,MA,01003-0000,Public       ,247,260,507,23526,5407,28933
00222200,UNIV OF MASSACHUSETTS-BOSTON            ,MA,02125-3393,Public       ,210,432,642,6016,6219,12235
00222400,WELLESLEY COLLEGE                       ,MA,02481-8203,Private      ,35,1,36,2867,124,2991
00222500,WENTWORTH INSTITUTE OF TECHNOLOGY       ,MA,02115-5998,Private      ,37,29,66,3408,443,3851
00222600,WESTERN NEW ENGLAND COLLEGE             ,MA,01119-2654,Private      ,33,34,67,4305,1286,5591
00222700,WHEATON COLLEGE                         ,MA,02766-2322,Private      ,21,0,21,2362,38,2400
00222800,WHEELOCK COLLEGE                        ,MA,02215-4176,Private      ,15,37,52,989,577,1566
00222900,WILLIAMS COLLEGE                        ,MA,01267-2600,Private      ,29,1,30,2688,62,2750
00223300,WORCESTER POLYTECHNIC INSTITUTE         ,MA,01609-2280,Private      ,33,23,56,4383,315,4698
00396500,BAY STATE COLLEGE                       ,MA,02116-2901,Proprietary  ,36,53,89,919,388,1307
00396600,BOSTON ARCHITECTURAL COLLEGE            ,MA,02115-2795,Private      ,12,47,59,341,768,1109
00466100,HAMPSHIRE COLLEGE                       ,MA,01002-3359,Private      ,24,3,27,2099,80,2179
00466600,SALTER COLLEGE                          ,MA,01583-1700,Proprietary  ,98,395,493,514,2106,2620
00466700,SCHOOL OF MUSEUM OF FINE ARTS           ,MA,02115-5534,Private      ,11,7,18,778,312,1090
00466900,UPPER CAPE COD REGIONAL VOC TECH        ,MA,02532-3310,Public       ,0,0,0,9,46,55
00527900,GREATER LOWELL REGNL VOC TECH SCH       ,MA,01879-0000,Public       ,1,2,3,12,60,72
00551900,DIMAN REGIONAL VOC TECH INST            ,MA,02723-3519,Public       ,2,4,6,13,67,80
00552300,BLUE HILLS REGIONAL VOC TECH            ,MA,02021-1398,Public       ,1,2,3,23,119,142
00555700,MCCANN TECHNICAL SCHOOL                 ,MA,01247-0000,Public       ,5,11,16,21,47,68
00613600,NATIONAL AVIATION ACADEMY - NEW ENGLAND ,MA,01730-2620,Proprietary  ,34,39,73,119,144,263
00632200,BROCKTON HOSPITAL SCH OF NURSING        ,MA,02302-0000,Private      ,2,6,8,97,369,466
00632400,LABOURE COLLEGE                         ,MA,02124-5698,Private      ,14,33,47,141,562,703
00633100,LAWRENCE MEM HOSPITAL SCH OF NRSNG      ,MA,02155-1643,Private      ,1,16,17,60,373,433
00687300,MARIAN COURT COLLEGE                    ,MA,01907-2896,Private      ,11,21,32,179,112,291
00748100,GIBBS COLLEGE                           ,MA,02116-2904,Proprietary  ,37,77,114,376,533,909
00748400,NEWBURY COLLEGE                         ,MA,02445-5796,Private      ,23,15,38,1332,277,1609
00748600,THE NEW ENGLAND INSTITUTE OF ART        ,MA,02445-7295,Proprietary  ,89,54,143,1430,542,1972
00748800,KAPLAN CAREER INSTITUTE                 ,MA,02129-1644,Proprietary  ,29,83,112,148,378,526
00807800,SPRINGFIELD TECHNICAL COMMUNITY CLG     ,MA,01105-0000,Public       ,140,418,558,2032,3557,5589
00891600,NEW ENGLAND SCHOOL OF LAW               ,MA,02116-0000,Private      ,1,14,15,8,2019,2027
00912900,EMPIRE BEAUTY SCHOOL                    ,MA,02148-0000,Proprietary  ,8,15,23,30,56,86
00964500,BARD COLLEGE AT SIMON'S ROCK            ,MA,01230-9702,Private      ,3,0,3,330,8,338
00974700,GORDON-CONWELL THEOLOGICAL SEMINARY     ,MA,01982-0000,Private      ,0,46,46,3,658,661
00975600,UNIVERSITY OF MASS MEDICAL CENTER       ,MA,01655-0000,Public       ,0,14,14,17,730,747
00987700,HENRI'S SCHOOL OF HAIR DESIGN           ,MA,01420-5675,Proprietary  ,4,6,10,35,28,63
00989900,LOWELL ACADEMY HAIRSTYLING INST         ,MA,01852-1909,Proprietary  ,8,6,14,25,40,65
00993600,MIDDLESEX COMMUNITY COLLEGE             ,MA,01730-1197,Public       ,54,77,131,1020,740,1760
00993602,"MIDDLESEX COMMUNITY COLLEGE, LOWELL     ",MA,01852-0000,Public       ,96,108,204,1760,1303,3063
01121000,BUNKER HILL COMMUNITY COLLEGE           ,MA,02129-2991,Public       ,225,551,776,2665,4340,7005
01151000,EVEREST INSTITUTE                       ,MA,02135-7638,Proprietary  ,69,190,259,338,921,1259
01193000,ROXBURY COMMUNITY COLLEGE               ,MA,02120-3400,Public       ,64,199,263,671,2027,2698
01204200,MANSFIELD BEAUTY SCHOOLS                ,MA,02169-5061,Proprietary  ,6,19,25,28,62,90
01206800,MANSFIELD BEAUTY SCHOOL                 ,MA,01103-1410,Proprietary  ,2,15,17,12,61,73
01238600,SOUTHEASTERN TECHNICAL INSTITUTE        ,MA,02375-1780,Public       ,1,8,9,35,117,152
01241400,EMPIRE BEAUTY SCHOOL                    ,MA,02116-1914,Proprietary  ,0,0,0,17,29,46
01255300,WHITTIER REGIONAL VOC TECH SCHOOL       ,MA,01830-1898,Public       ,0,0,0,2,6,8
01288100,MONTACHUSETT REG VOC TECH SCH           ,MA,01420-4649,Public       ,0,1,1,9,43,52
01292100,EMPIRE BEAUTY SCHOOL                    ,MA,02215-0000,Proprietary  ,33,73,106,135,248,383
01294800,ROB ROY ACADEMY                         ,MA,02721-5330,Proprietary  ,4,20,24,37,73,110
02063000,MONTSERRAT COLLEGE OF ART               ,MA,01915-0000,Private      ,5,5,10,399,48,447
02063800,BUTERA SCHOOL OF ART                    ,MA,02116-0000,Proprietary  ,1,0,1,49,9,58
02076700,EMPIRE BEAUTY SCHOOL                    ,MA,02148-0000,Proprietary  ,17,27,44,70,127,197
02079400,EMPIRE BEAUTY SCHOOL                    ,MA,02453-0000,Proprietary  ,14,42,56,74,132,206
02092100,MASSACHUSETTS SCHOOL OF BARBERING       ,MA,02169-0000,Proprietary  ,4,10,14,17,55,72
02092200,EMPIRE BEAUTY SCHOOL                    ,MA,01852-0000,Proprietary  ,16,24,40,66,140,206
02122000,NEW ENGLAND HAIR ACADEMY                ,MA,02148-0000,Proprietary  ,13,25,38,43,69,112
02137000,ROB ROY ACADEMY                         ,MA,02780-0000,Proprietary  ,3,7,10,21,28,49
02137200,MASS GEN HOSP DIETETIC INTERNSHIP       ,MA,02114-0000,Private      ,0,0,0,2,6,8
02143000,LONGY SCHOOL OF MUSIC                   ,MA,02138-3599,Private      ,1,6,7,31,115,146
02161300,WESTON JESUIT SCHOOL OF THEOLOGY        ,MA,02138-0000,Private      ,0,2,2,1,75,76
02163500,NEW ENGLAND SCHOOL OF PHOTOGRAPHY       ,MA,02215-0000,Proprietary  ,7,15,22,93,104,197
02169900,ASSABET VALLEY REGIONAL VOC SCHOOL      ,MA,01752-0000,Public       ,1,7,8,10,50,60
02181600,ROB ROY ACADEMY                         ,MA,01609-0000,Proprietary  ,15,24,39,73,115,188
02182900,CAMBRIDGE COLLEGE                       ,MA,02138-5304,Private      ,19,544,563,140,4023,4163
02197900,NORTH BENNET STREET SCHOOL              ,MA,02113-0000,Private      ,1,12,13,35,101,136
02215100,HALLMARK INSTITUTE OF PHOTOGRAPHY       ,MA,01376-0000,Proprietary  ,5,2,7,185,162,347
02219501,MILDRED ELLEY - PITTSFIELD              ,MA,01201-5300,Proprietary  ,0,0,0,4,6,10
02220400,CATHERINE HINDS INST OF ESTHETICS       ,MA,01801-0000,Proprietary  ,9,23,32,58,138,196
02237100,JOSEPH P KEEFE TECHNICAL SCHOOL         ,MA,01701-5698,Public       ,0,1,1,0,3,3
02274300,CONWAY SCHOOL OF LANDSCAPE DESIGN       ,MA,01341-0179,Private      ,0,0,0,0,13,13
02325700,LABARON HAIRDRESSING ACADEMY            ,MA,02740-0000,Proprietary  ,5,9,14,19,42,61
02325800,LABARON HAIRDRESSING ACAD-BROCKTON      ,MA,02301-0000,Proprietary  ,4,5,9,20,28,48
02337400,BANCROFT SCHOOL OF MASSAGE THERAPY      ,MA,01604-4614,Proprietary  ,3,9,12,24,81,105
02338200,BAY STATE SCHOOL OF TECHNOLOGY          ,MA,02021-0000,Proprietary  ,8,72,80,41,217,258
02339400,ROB ROY ACADEMY                         ,MA,02746-0000,Proprietary  ,0,7,7,10,27,37
02491700,CORTIVA INSTITUTE -  BOSTON             ,MA,02472-2577,Proprietary  ,3,51,54,21,168,189
02523900,ELIZABETH GRADY SCHOOL OF ESTHETICS     ,MA,02155-0000,Proprietary  ,6,12,18,26,52,78
02579800,NEW ENGLAND SCHOOL OF ACUPUNCTURE       ,MA,02458-0000,Private      ,0,4,4,0,144,144
02614901,SANFORD-BROWN INSTITUTE - SPRINGFIELD   ,MA,01104-1739,Proprietary  ,0,0,0,9,18,27
03066700,AILANO SCHOOL OF COSMETOLOGY            ,MA,02303-4740,Proprietary  ,4,3,7,27,29,56
03104000,SHAWSHEEN ADULT TECHNICAL INSTITUTE     ,MA,01821-5499,Public       ,0,1,1,8,36,44
03120800,KAY HARVEY HAIRDRESSING ACADEMY         ,MA,01089-2701,Proprietary  ,4,15,19,18,49,67
03127700,SOUTHERN NEW ENGLAND SCHOOL OF LAW      ,MA,02747-1252,Private      ,0,4,4,2,266,268
03130500,URBAN COLLEGE OF BOSTON                 ,MA,02111-1093,Private      ,2,55,57,32,531,563
03194300,BOSTON GRAD SCH OF PSYCHOANALYSIS       ,MA,02446-4602,Private      ,0,5,5,1,54,55
03196300,LINCOLN TECHNICAL INSTITUTE             ,MA,02145-1102,Proprietary  ,18,64,82,179,448,627
03196302,LINCOLN TECHNICAL INSTITUTE             ,MA,01852-5119,Proprietary  ,29,50,79,159,318,477
03205400,JOLIE HAIR & BEAUTY ACADEMY             ,MA,01056-2769,Proprietary  ,1,5,6,5,21,26
03232302,LINCOLN TECHNICAL INSTITUTE             ,MA,02401-1818,Proprietary  ,26,43,69,75,172,247
03235300,MASSACHUSETTS SCHOOL OF LAW             ,MA,01810-1094,Private      ,0,44,44,6,549,555
03240300,HAIR IN MOTION BEAUTY ACADEMY           ,MA,01604-2213,Proprietary  ,2,6,8,11,18,29
03248300,BOSTON BAPTIST COLLEGE                  ,MA,02136-4000,Private      ,2,4,6,91,40,131
03316400,FUNERAL INSTITUTE OF THE NORTHEAST      ,MA,02062-4766,Proprietary  ,1,11,12,18,64,82
03504300,NATL GRAD SCH OF QUALITY SYSTM MGMT     ,MA,02540-0000,Private      ,0,10,10,0,30,30
03763300,MEDICAL PROFESSIONAL INSTITUTE          ,MA,02148-8143,Proprietary  ,1,11,12,3,42,45
03859300,E.I.N.E.                                ,MA,01876-4709,Proprietary  ,4,9,13,5,28,33
03946300,FRANKLIN W. OLIN COLLEGE OF ENGINEERING ,MA,02492-1200,Private      ,1,0,1,21,0,21
04039300,SULLIVAN AND COGLIANO TRAINING CENTER   ,MA,02301-1822,Proprietary  ,3,63,66,3,125,128
00401000,INSTITUT INTERNAT'L D'ETUDES FRANCA     ,FC,00000-0000,Public       ,0,0,0,1,3,4
00401200,HEBREW UNIVERSITY OF JERUSALEM (THE)    ,FC,00000-0000,Public       ,5,10,15,60,158,218
00403000,UNIVERSITY OF CAMBRIDGE                 ,FC,00000-0000,Public       ,0,1,1,1,32,33
00503400,AMERICAN UNIVERSITY OF CAIRO            ,FC,00000-0000,Private      ,4,7,11,80,150,230
00667100,KATHOLIEKE UNIVERSITEIT LEUVEN          ,FC,00000-0000,Private      ,0,3,3,2,38,40
00669000,UNIVERSITY OF COPENHAGEN                ,FC,00000-0000,Public       ,0,2,2,0,10,10
00669100,UNIVERSITY OF CAMBRIDGE - PEMBROKE      ,FC,00000-0000,Public       ,0,0,0,1,8,9
00669200,UNIVERSITY OF LEEDS                     ,FC,00000-0000,Public       ,0,2,2,11,76,87
00669300,UNIV OF LONDON-LONDON SCHOOL ECON       ,FC,00000-0000,Public       ,3,8,11,27,480,507
00669400,SCH OF ORIENTAL & AFRICAN STUDIES       ,FC,00000-0000,Public       ,0,6,6,12,144,156
00669500,UNIV OF LONDON-UNIVERSITY COLLEGE       ,FC,00000-0000,Public       ,1,8,9,36,295,331
00669600,UNIV OF LONDON-SCH ADVANCED STUDY       ,FC,00000-0000,Public       ,0,2,2,0,22,22
00669700,"QUEEN MARY, UNIVERSITY OF LONDON        ",FC,00000-0000,Public       ,0,4,4,13,91,104
00669900,UNIVERSITY OF SUSSEX                    ,FC,00000-0000,Public       ,0,3,3,9,85,94
00670000,"UNIVERSITY OF YORK, THE                 ",FC,00000-0000,Public       ,0,3,3,9,96,105
00670400,UNIVERSITY COLLEGE CORK                 ,FC,00000-0000,Public       ,1,5,6,18,51,69
00671300,UPPSALA UNIVERSITY                      ,FC,00000-0000,Public       ,0,0,0,1,17,18
00671500,UNIVERSITY OF GENEVA                    ,FC,00000-0000,Public       ,0,2,2,0,32,32
00683900,UNIVERSITY OF EDINBURGH                 ,FC,00000-0000,Public       ,0,10,10,80,364,444
00684200,UNIVERSITY OF DUBLIN TRINITY COLLEG     ,FC,00000-0000,Public       ,0,4,4,26,142,168
00685000,UNIVERSITY OF CAMBRIDGE - DOWNING C     ,FC,00000-0000,Public       ,0,0,0,0,2,2
00685100,INTERNATIONAL CHRISTIAN UNIVERSITY      ,FC,00000-0000,Private      ,0,0,0,9,9,18
00763200,UNIVERSITY OF BRISTOL                   ,FC,00000-0000,Public       ,0,3,3,13,66,79
00768100,COLLEGE OF EUROPE                       ,FC,00000-0000,Private      ,0,1,1,3,6,9
00770500,ROYAL COLLEGE OF SURGEONS IN IRELAN     ,FC,00000-0000,Private      ,0,1,1,8,64,72
00788100,AMERICAN UNIVERSITY OF PARIS            ,FC,00000-0000,Private      ,16,16,32,235,112,347
00837100,AMERICAN UNIVERSITY OF BEIRUT           ,FC,00000-0000,Private      ,6,3,9,66,59,125
00837300,TEL-AVIV UNIVERSITY                     ,FC,00000-0000,Public       ,3,4,7,15,64,79
00837700,UNIVERSITEIT VAN AMSTERDAM(UNIVERSI     ,FC,00000-0000,Public       ,1,2,3,10,115,125
00838000,UNIVERSITY OF WARWICK                   ,FC,00000-0000,Public       ,0,2,2,6,48,54
00838300,UNIVERSITY OF GLASGOW                   ,FC,00000-0000,Public       ,0,5,5,33,250,283
00838600,UNIVERSITY OF HELSINKI                  ,FC,00000-0000,Public       ,1,0,1,1,8,9
00839300,UNIVERSITY OF OSLO                      ,FC,00000-0000,Public       ,0,2,2,2,19,21
00839400,UNIVERSITY OF OXFORD                    ,FC,00000-0000,Public       ,2,7,9,15,171,186
00839800,UNIVERSITY OF SHEFFIELD (THE)           ,FC,00000-0000,Public       ,0,0,0,5,53,58
00839900,UNIVERSITY OF SOUTHAMPTON               ,FC,00000-0000,Public       ,0,1,1,5,38,43
00845000,KASTURBA MEDICAL COLLEGE (A CONSTITENT I,FC,00000-0000,Private      ,2,39,41,40,397,437
00845200,ABERYSTWYTH UNIVERSITY                  ,FC,00000-0000,Public       ,1,0,1,11,32,43
00846000,UNIVERSITY OF NEWCASTLE UPON TYNE       ,FC,00000-0000,Public       ,0,1,1,4,43,47
00846100,UNIVERSITY OF SAINT ANDREWS             ,FC,00000-0000,Public       ,5,2,7,123,126,249
00846200,UNIVERSIDAD DE SALAMANCA                ,FC,00000-0000,Public       ,1,5,6,9,45,54
00850500,UNIVERSITY OF MELBOURNE                 ,FC,00000-0000,Public       ,2,15,17,15,119,134
00858600,SWANSEA UNIVERSITY                      ,FC,00000-0000,Public       ,1,0,1,7,44,51
00858700,UNIVERSITY OF DURHAM                    ,FC,00000-0000,Public       ,0,5,5,8,66,74
00866500,UNIVERSITY OF KENT AT CANTERBURY (THE)  ,FC,00000-0000,Public       ,0,7,7,4,102,106
00866600,UNIVERSITY OF HONG KONG                 ,FC,00000-0000,Public       ,1,1,2,12,33,45
00867000,UNIVERSITY OF NEW SOUTH WALES           ,FC,00000-0000,Public       ,3,14,17,13,84,97
00868700,UNIVERSITY OF ESSEX                     ,FC,00000-0000,Public       ,0,1,1,8,53,61
00869200,LEIDEN UNIVERSITY                       ,FC,00000-0000,Public       ,0,6,6,3,62,65
00869300,CITY UNIVERSITY                         ,FC,00000-0000,Public       ,0,6,6,12,95,107
00890800,THE UNIVERSITY OF BIRMINGHAM            ,FC,00000-0000,Public       ,1,6,7,8,94,102
00891000,UNIVERSITY OF HULL                      ,FC,00000-0000,Public       ,0,2,2,7,18,25
00892000,UNIVERSITY OF NOTTINGHAM                ,FC,00000-0000,Public       ,0,4,4,16,86,102
00900600,UNIVERSITY OF SALFORD (THE)             ,FC,00000-0000,Public       ,0,2,2,2,16,18
00908400,"UNIV OF LONDON, BIRKBECK                ",FC,00000-0000,Public       ,0,1,1,0,72,72
00908500,UNIV OF LONDON KING'S COLLEGE           ,FC,00000-0000,Public       ,0,9,9,12,209,221
00908600,UNIVERSITY OF LONDON - ROYAL HOLLOWAY   ,FC,00000-0000,Public       ,2,2,4,16,60,76
00914300,BAR-ILAN UNIVERSITY                     ,FC,00000-0000,Private      ,0,4,4,7,18,25
00924700,ARCHITECTURAL ASSOC SCH OF ARCHITEC     ,FC,00000-0000,Private      ,0,0,0,3,26,29
00924900,UNIVERSITY OF LIVERPOOL                 ,FC,00000-0000,Public       ,0,4,4,9,47,56
00936800,UNIVERSITY OF ABERDEEN                  ,FC,00000-0000,Public       ,2,5,7,31,90,121
00942300,ROYAL COLLEGE OF ART                    ,FC,00000-0000,Public       ,0,1,1,2,26,28
00942400,ROYAL ACADEMY OF DRAMATIC ART           ,FC,00000-0000,Private      ,0,1,1,7,9,16
00942800,TECHNION-ISRAEL INST OF TECHLGY         ,FC,00000-0000,Public       ,0,3,3,1,49,50
00944200,UNIVERSITY OF EXETER                    ,FC,00000-0000,Public       ,1,3,4,9,75,84
00944400,UNIVERSITY OF LANCASTER                 ,FC,00000-0000,Public       ,0,0,0,1,25,26
00963400,UNIVERSITY OF OXFORD ST CATHERINE'S     ,FC,00000-0000,Public       ,0,0,0,0,11,11
00980800,UNIVERSITY OF STRATHCLYDE               ,FC,00000-0000,Public       ,0,0,0,1,31,32
00981700,UNIVERSITY OF SANTO TOMAS               ,FC,00000-0000,Private      ,1,0,1,4,21,25
00986000,UNIVERSITY OF SURREY                    ,FC,00000-0000,Public       ,0,0,0,0,15,15
00988800,KAROLINSKA INSTITUTET                   ,FC,00000-0000,Public       ,0,0,0,0,3,3
00990600,PONTIFICAL NORTH AMERICAN COLLEGE       ,FC,00000-0000,Private      ,0,3,3,2,11,13
00992700,UNIVERSITY OF CAMBRIDGE - FITZWILLI     ,FC,00000-0000,Public       ,0,1,1,0,6,6
01006700,LUND UNIVERSITY                         ,FC,00000-0000,Public       ,0,3,3,0,36,36
01008400,UNIVERSITY OF CAPE TOWN                 ,FC,00000-0000,Private      ,0,6,6,9,35,44
01008700,UNIVERSITY OF OXFORD ST PETER'S COL     ,FC,00000-0000,Public       ,0,0,0,2,6,8
01008800,UNIVERSITY OF OXFORD - CORPUS CHRIS     ,FC,00000-0000,Public       ,0,0,0,0,4,4
01008900,CENTRAL SCHOOL OF SPEECH AND DRAMA      ,FC,00000-0000,Private      ,0,5,5,0,5,5
01009000,UNIVERSITY OF OXFORD - BALLIOL COLL     ,FC,00000-0000,Public       ,0,0,0,0,13,13
01014300,UNIVERSITY OF READING                   ,FC,00000-0000,Public       ,0,4,4,4,48,52
01015700,CARDIFF UNIVERSITY                      ,FC,00000-0000,Public       ,0,0,0,3,39,42
01015900,PONTIFICIA UNIVERSITA GREGORIANA        ,FC,00000-0000,Private      ,0,0,0,1,4,5
01016000,CG JUNG INST                            ,FC,00000-0000,Private      ,0,0,0,1,0,1
01018800,UNIVERSITY COLLEGE DUBLIN               ,FC,00000-0000,Public       ,1,8,9,6,139,145
01019000,UNIVERSITY OF CAMBRIDGE CHURCHILL C     ,FC,00000-0000,Public       ,0,0,0,0,5,5
01022800,UNIVERSITY OF STIRLING                  ,FC,00000-0000,Public       ,0,1,1,8,19,27
01033200,UNIVERSITY OF CAMBRIDGE - CLARE COL     ,FC,00000-0000,Public       ,0,0,0,1,8,9
01045600,UNIVERSITY OF HAIFA                     ,FC,00000-0000,Public       ,0,0,0,8,9,17
01047200,INST EUROPEEN OPEEN D'ADMINISTRATIO     ,FC,00000-0000,Private      ,0,17,17,0,61,61
01049300,CRANFIELD UNIVERSITY                    ,FC,00000-0000,Public       ,0,1,1,0,11,11
01052000,TRINITY LABAN                           ,FC,00000-0000,Public       ,0,0,0,3,2,5
01052001,LABAN CENTER FOR MOVEMENT & DANCE       ,FC,00000-0000,Public       ,0,0,0,2,5,7
01052500,UNIVERSITY OF HERTFORDSHIRE             ,FC,00000-0000,Public       ,0,0,0,7,6,13
01057400,LONDON INTRNTL FILM SCHOOL              ,FC,00000-0000,Private      ,0,5,5,0,32,32
01058400,VRIJE UNIVERSITEIT BRUSSELS             ,FC,00000-0000,Private      ,1,0,1,4,9,13
01058600,INSTITUTE OF SOCIAL STUDIES             ,FC,00000-0000,Private      ,0,1,1,1,19,20
01058800,AUSTRALIAN NATIONAL UNIVERSITY          ,FC,00000-0000,Public       ,0,10,10,6,45,51
01058900,BANGOR UNIVERSITY                       ,FC,00000-0000,Public       ,0,2,2,2,21,23
01059400,"RICHMOND, THE AMERICAN INT UNI IN LONDON",FC,00000-0000,Private      ,8,1,9,302,37,339
01059900,INST D'ETUDES POLITIQUES DE PARIS       ,FC,00000-0000,Public       ,0,0,0,1,39,40
01068100,MACQUARIE UNIVERSITY                    ,FC,00000-0000,Public       ,0,12,12,22,66,88
01069200,UNIVERSITY OF QUEENSLAND (THE)          ,FC,00000-0000,Public       ,2,29,31,24,103,127
01070400,SILLIMAN UNIVERSITY                     ,FC,00000-0000,Private      ,0,0,0,0,3,3
01078900,UNIVERSITY OF OXFORD - WORCESTER CO     ,FC,00000-0000,Public       ,0,0,0,0,9,9
01079200,CITY AND GUILDS OF LONDON INSTITUTE     ,FC,00000-0000,Private      ,0,1,1,3,6,9
01079500,AKADEMIA MEDYCZNA                       ,FC,00000-0000,Public       ,0,6,6,2,27,29
01079700,"NATIONAL UNIVERSITY OF IRELAND, MAY     ",FC,00000-0000,Public       ,0,0,0,3,8,11
01080300,SEMMELWEIS UNIVERSITY OF BUDAPEST       ,FC,00000-0000,Public       ,0,2,2,1,26,27
01081600,KINGSTON UNIVERSITY                     ,FC,00000-0000,Public       ,0,0,0,20,29,49
01083800,UNIVERSITITY OF BERGEN (UOB)            ,FC,00000-0000,Public       ,0,0,0,2,5,7
01086400,UNIV OF DUNDEE                          ,FC,00000-0000,Public       ,0,7,7,7,36,43
01086600,UNIVERSITY OF OXFORD - MAGDALEN COLLEGE ,FC,00000-0000,Public       ,0,1,1,1,14,15
01086700,UNIVERSITY OF OXFORD ST JOHN'S COLL     ,FC,00000-0000,Public       ,0,0,0,1,5,6
01091400,MONASH UNIVERSITY                       ,FC,00000-0000,Public       ,1,10,11,8,44,52
01091500,UNIV OF EAST ANGLIA                     ,FC,00000-0000,Public       ,1,2,3,8,55,63
01094200,UNIVERSITY OF OXFORD - ST HUGH'S CO     ,FC,00000-0000,Public       ,0,0,0,2,4,6
01097700,UNIVERSIDAD CENTRAL DEL ESTE            ,FC,00000-0000,Private      ,11,58,69,95,633,728
01098000,SOMERVILLE COLLEGE                      ,FC,00000-0000,Public       ,0,1,1,0,2,2
01099900,UNIV OF OXFORD - WADHAM COLLEGE         ,FC,00000-0000,Public       ,0,0,0,0,6,6
01104400,PONTIFICIA UNIVERSITA SAN TOMMASO       ,FC,00000-0000,Private      ,0,1,1,2,17,19
01105300,UNIVERSITY OF OXFORD - ST HILDA'S C     ,FC,00000-0000,Public       ,0,0,0,0,6,6
01105400,UNIVERSITY OF OXFORD - ST ANNE'S CO     ,FC,00000-0000,Public       ,0,1,1,0,5,5
01105500,UNIV OF OXFORD - LADY MARGARET HALL     ,FC,00000-0000,Public       ,0,0,0,0,4,4
01105600,UNIVERSITY OF OXFORD - UNIVERSITY C     ,FC,00000-0000,Public       ,0,1,1,1,9,10
01105700,UNIVERSITY OF OXFORD - TRINITY COLL     ,FC,00000-0000,Public       ,0,0,0,2,2,4
01105800,UNIVERSITY OF OXFORD-ST EDMUND HALL     ,FC,00000-0000,Public       ,0,2,2,0,16,16
01105900,UNIVERSITY OF OXFORD ST ANTONY'S CO     ,FC,00000-0000,Public       ,0,3,3,0,41,41
01106000,UNIVERSITY OF OXFORD - QUEEN'S COLL     ,FC,00000-0000,Public       ,0,0,0,1,8,9
01106100,UNIVERSITY OF OXFORD - PEMBROKE COL     ,FC,00000-0000,Public       ,0,1,1,1,9,10
01106200,UNIVERSITY OF OXFORD - ORIEL COLLEG     ,FC,00000-0000,Public       ,0,0,0,2,5,7
01106300,UNIVERSITY OF OXFORD - NUFFIELD COL     ,FC,00000-0000,Public       ,0,0,0,0,8,8
01106400,UNIVERSITY OF OXFORD - NEW COLLEGE      ,FC,00000-0000,Public       ,0,1,1,1,10,11
01106500,UNIVERSITY OF OXFORD MERTON COLLEGE     ,FC,00000-0000,Public       ,0,0,0,2,7,9
01106600,UNIVERSITY OF OXFORD - LINCOLN COLL     ,FC,00000-0000,Public       ,0,0,0,1,7,8
01106700,UNIVERSITY OF OXFORD - KEBLE COLLEG     ,FC,00000-0000,Public       ,0,0,0,1,6,7
01106800,UNIVERSITY OF OXFORD - JESUS COLLEG     ,FC,00000-0000,Public       ,0,1,1,0,16,16
01106900,UNIVERSITY OF OXFORD - HERTFORD COL     ,FC,00000-0000,Public       ,0,0,0,1,10,11
01107000,UNIVERSITY OF OXFORD EXETER COLLEGE     ,FC,00000-0000,Public       ,0,1,1,0,16,16
01107100,UNIV OF OXFORD - CHRIST CHURCH          ,FC,00000-0000,Public       ,0,1,1,1,17,18
01107200,UNIVERSITY OF OXFORD - BRASENOSE CO     ,FC,00000-0000,Public       ,0,0,0,0,5,5
01109100,FLINDERS UNIVERSITY OF S AUSTRALIA      ,FC,00000-0000,Public       ,0,12,12,2,29,31
01109400,UNIVERSITY OF WESTERN AUSTRALIA (THE)   ,FC,00000-0000,Public       ,0,4,4,5,21,26
01156700,"IMPERIAL COLLEGE OF SCIENCE, TECHNOLOGY ",FC,00000-0000,Public       ,0,4,4,7,39,46
01167900,UNIVERSITY OF BATH                      ,FC,00000-0000,Public       ,0,3,3,4,34,38
01168300,FRANKLIN COLLEGE  SWITZERLAND           ,FC,00000-0000,Private      ,2,0,2,262,12,274
01175800,UNIV OF CAMBRIDGE - PETERHOUSE          ,FC,00000-0000,Public       ,0,0,0,1,9,10
01176400,ROYAL ACADEMY OF MUSIC                  ,FC,00000-0000,Public       ,0,0,0,7,16,23
01176500,GOLDSMITHS' COLLEGE-UNIV OF LONDON      ,FC,00000-0000,Public       ,0,3,3,11,116,127
01176600,UNIV OF LONDON - INST OF EDUC           ,FC,00000-0000,Public       ,0,1,1,0,30,30
01177900,STOCKHOLM SCHOOL OF ECONOMICS           ,FC,00000-0000,Private      ,0,0,0,0,6,6
01178000,BRUNEL UNIVERSITY                       ,FC,00000-0000,Public       ,0,0,0,5,41,46
01178400,UNIVERSITY OF WARSAW                    ,FC,00000-0000,Public       ,0,0,0,0,5,5
01183800,UNIVERSITY OF OXFORD - MANSFIELD CO     ,FC,00000-0000,Public       ,0,0,0,0,2,2
01207500,UNIVERSITY CAMBRIDGE - TRINITY COLL     ,FC,00000-0000,Public       ,0,0,0,0,13,13
01207800,VICTORIA UNIV OF WELLINGTON             ,FC,00000-0000,Public       ,7,16,23,20,46,66
01210100,UNIVERSITY OF CAMBRIDGE - GIRTON CO     ,FC,00000-0000,Public       ,0,0,0,0,1,1
01213600,VICTORIA UNIV OF MANCHESTER (THE)       ,FC,00000-0000,Public       ,0,2,2,4,76,80
01219800,UNIVERSITY OF BRADFORD                  ,FC,00000-0000,Public       ,0,0,0,3,42,45
01220100,UNIVERSITY OF OXFORD - REGENT'S PAR     ,FC,00000-0000,Public       ,0,0,0,1,7,8
01220600,JAMES COOK UNIVERSITY                   ,FC,00000-0000,Public       ,2,10,12,21,70,91
01221300,PONTIFICIA BOLIVARIANA UNIVERSITY       ,FC,00000-0000,Private      ,0,1,1,1,2,3
01221500,BIRMINGHAM CITY UNIVERSITY              ,FC,00000-0000,Public       ,0,0,0,0,16,16
01222300,JAGIELLONIAN UNIVERSITY COLLEGIUM M     ,FC,00000-0000,Public       ,0,3,3,3,53,56
01222500,UNIVERSITY OF SZEGED FACULTY OF MEDICINE,FC,00000-0000,Public       ,0,1,1,1,17,18
01223400,KOREA UNIVERSITY                        ,FC,00000-0000,Private      ,0,0,0,3,10,13
01225800,ASTON UNIVERSITY                        ,FC,00000-0000,Public       ,0,0,0,0,6,6
01227500,UNIVERSITY OF OXFORD - WOLFSON COLL     ,FC,00000-0000,Public       ,0,2,2,0,14,14
01230200,GONVILLE & CAIUS COLLEGE                ,FC,00000-0000,Public       ,0,1,1,0,9,9
01233300,UNIV OF THE ARTS LONDON- CAMBERWELL COLL,FC,00000-0000,Public       ,0,2,2,6,14,20
01233500,ROYAL COLLEGE OF MUSIC                  ,FC,00000-0000,Public       ,0,0,0,4,10,14
01233700,WROCLAW UNIVERSITY OF MEDICINE          ,FC,00000-0000,Public       ,0,1,1,2,6,8
01234100,UNIVERSITY OF WALES - ST DAVID'S UN     ,FC,00000-0000,Public       ,0,2,2,5,36,41
01239700,KONINKLIJK CONSERVATORIUM               ,FC,00000-0000,Public       ,0,0,0,2,6,8
01242100,UNIV OF AUCKLAND                        ,FC,00000-0000,Public       ,2,14,16,17,68,85
01253900,UNIVERSITY OF THE ARTS LONDON IDO - CENT,FC,00000-0000,Public       ,3,3,6,31,61,92
01254000,UNIVERSIDAD DE NAVARRA                  ,FC,00000-0000,Private      ,0,0,0,6,19,25
01276500,UNIVERSITY OF OXFORD - LINACRE COLL     ,FC,00000-0000,Public       ,0,0,0,0,18,18
01276600,"NATIONAL UNIVERSITY IRELAND, GALWAY     ",FC,00000-0000,Public       ,0,3,3,5,61,66
01280200,PONTIFICIA UNIV CATOLICA MAD Y MAES     ,FC,00000-0000,Private      ,9,10,19,57,110,167
01281100,INST TECNOLOGICO DE SANTO DOMINGO       ,FC,00000-0000,Private      ,1,8,9,10,65,75
01283900,UNIVERSITY OF CAMBRIDGE - SAINT JOH     ,FC,00000-0000,Public       ,0,0,0,0,10,10
01286200,MOUNTVIEW ACADEMY OF THEATRE ARTS       ,FC,00000-0000,Private      ,0,1,1,2,4,6
01297800,UNIVERSITY OF HUDDERSFIELD (THE)        ,FC,00000-0000,Public       ,0,0,0,1,6,7
01315300,MASSEY UNIVERSITY                       ,FC,00000-0000,Public       ,0,20,20,10,68,78
01322500,COLLEGE OF LAW                          ,FC,00000-0000,Private      ,0,1,1,0,18,18
02052400,DARWIN COLLEGE                          ,FC,00000-0000,Public       ,0,0,0,0,9,9
02082400,UNIVERSITY OF CAMBRIDGE - QUEEN'S C     ,FC,00000-0000,Public       ,0,0,0,0,15,15
02083400,UNIVERSITY OF CAMBRIDGE - WOLFSON C     ,FC,00000-0000,Public       ,0,0,0,0,18,18
02087400,UNIVERSITY OF CAMBRIDGE - NEWNHAM C     ,FC,00000-0000,Public       ,0,0,0,0,3,3
02087900,OXFORD BROOKES UNIVERSITY               ,FC,00000-0000,Public       ,1,1,2,8,50,58
02094100,BEN-GURION UNIV                         ,FC,00000-0000,Public       ,1,1,2,3,126,129
02094400,UNIV OF CAMBRIDGE - ST EDMUND'S HOU     ,FC,00000-0000,Public       ,0,1,1,1,4,5
02095500,LONDON BUS SCHOOL                       ,FC,00000-0000,Private      ,0,6,6,2,147,149
02098700,FATIMA COLLEGE OF MEDICINE              ,FC,00000-0000,Private      ,0,2,2,2,45,47
02101900,ROEHAMPTON UNIVERSITY                   ,FC,00000-0000,Public       ,0,3,3,14,65,79
02108600,LONDON ACADEMY OF MUSIC & DRAMATIC      ,FC,00000-0000,Private      ,0,1,1,9,17,26
02115900,UNIVERSITY OF PORTSMOUTH                ,FC,00000-0000,Public       ,0,1,1,4,9,13
02116700,UNIVERSITY OF CAMBRIDGE - LUCY CAVE     ,FC,00000-0000,Public       ,0,0,0,0,4,4
02120000,UNIV OF LONDON - COURTALD INST OF A     ,FC,00000-0000,Public       ,0,2,2,2,25,27
02133400,UNIVERSITY OF CAMBRIDGE - SIDNEY SU     ,FC,00000-0000,Public       ,0,0,0,0,2,2
02142000,UNIVERSITY OF CAMBRIDGE - HOMERTON      ,FC,00000-0000,Public       ,0,0,0,1,3,4
02149700,UNIVERSITY OF WINCHESTER (THE)          ,FC,00000-0000,Public       ,1,0,1,2,1,3
02156800,UNIV OF OTAGO                           ,FC,00000-0000,Public       ,3,8,11,9,32,41
02162300,"IESE BUSINESS SCH, UNIV OF NAVARRA      ",FC,00000-0000,Private      ,0,3,3,2,60,62
02164600,DAYANAND MEDICAL COLLEGE & HOSPITAL     ,FC,00000-0000,Private      ,0,0,0,1,1,2
02167400,UNIVERSITY OF CAMBRIDGE - CORPUS CH     ,FC,00000-0000,Public       ,0,0,0,0,5,5
02168200,NORWEGIAN UNIV OF SCIENCE ANDTECH       ,FC,00000-0000,Public       ,0,0,0,0,2,2
02175700,OHR SOMAYACH INSTITUTIONS               ,FC,00000-0000,Private      ,0,0,0,3,5,8
02177700,KING'S COLLEGE- UNIV OF CAMBRIDGE       ,FC,00000-0000,Public       ,0,0,0,3,21,24
02180500,MIDDLESEX UNIVERSITY                    ,FC,00000-0000,Public       ,1,5,6,23,51,74
02181000,UNIVERSITY OF SOUTH AUSTRALIA           ,FC,00000-0000,Public       ,0,2,2,0,15,15
02183500,UNIV OF OXFORD - WYCLIFFE HALL          ,FC,00000-0000,Public       ,0,0,0,2,7,9
02186000,UNIVERSITY OF CAMBRIDGE - MAGDALENE     ,FC,00000-0000,Public       ,0,0,0,0,3,3
02186100,UNIVERSITY OF CAMBRIDGE - EMMANUEL      ,FC,00000-0000,Public       ,0,0,0,0,2,2
02189600,UNIVERSITY OF GRONINGEN                 ,FC,00000-0000,Public       ,0,0,0,0,9,9
02194800,UNIVERSITY OF THE WEST OF ENGLAND -     ,FC,00000-0000,Public       ,1,0,1,4,13,17
02195100,UNIV OF WESTMINSTER                     ,FC,00000-0000,Public       ,2,4,6,22,89,111
02196700,GUILDHALL SCHOOL OF MUSIC & DRAMA       ,FC,00000-0000,Public       ,0,1,1,10,10,20
02197000,INT'L GRAD PROGRAMME STOCKHOLM UNIV     ,FC,00000-0000,Public       ,0,0,0,0,8,8
02207300,UNIVERSITY OF CAMBRIDGE - CHRIST'S      ,FC,00000-0000,Public       ,0,0,0,0,9,9
02209500,UNIVERSITEIT UTRECHT                    ,FC,00000-0000,Public       ,1,0,1,8,37,45
02210000,UNIV OF LONDON - LONDON SCHOOL OF H     ,FC,00000-0000,Public       ,0,1,1,0,59,59
02212300,UNIVERSITY OF CAMBRIDGE - ROBINSON      ,FC,00000-0000,Public       ,0,0,0,0,4,4
02216300,UNIVERSIDAD DE CHILE                    ,FC,00000-0000,Public       ,0,0,0,7,10,17
02225300,UNIV OF CANTERBURY                      ,FC,00000-0000,Public       ,4,6,10,11,34,45
02229100,UNIVERSITY OF LEICESTER                 ,FC,00000-0000,Public       ,0,1,1,4,65,69
02229600,SACKLER SCHOOL OF MEDICINE              ,FC,00000-0000,Public       ,0,0,0,0,198,198
02232100,UNIVERSITY OF CAMBRIDGE                 ,FC,00000-0000,Public       ,0,1,1,0,27,27
02233300,"ST GEORGE'S UNIV, SCH OF MEDICINE       ",FC,00000-0000,Proprietary  ,0,597,597,12,2437,2449
02235300,LONDON METROPOLITAN UNIVERSITY          ,FC,00000-0000,Public       ,0,12,12,36,121,157
02240900,AISH HATORAH CLG OF JEWISH STUDIES      ,FC,00000-0000,Private      ,0,0,0,1,6,7
02244400,AMERICAN UNIV OF THE CARIBBEAN          ,FC,00000-0000,Proprietary  ,0,107,107,10,1021,1031
02257100,COVENTRY UNIVERSITY                     ,FC,00000-0000,Public       ,0,0,0,6,6,12
02266600,UNIVERSITY OF LONDON - SAINT GEORGE     ,FC,00000-0000,Public       ,0,0,0,1,7,8
02271700,UNIVERSITY OF CAMBRIDGE - CLARE HAL     ,FC,00000-0000,Public       ,0,1,1,0,10,10
02271800,UNIV OF OXFORD - CAMPION HALL           ,FC,00000-0000,Public       ,0,0,0,0,3,3
02272100,UNIV OF OXFORD - GREYFRIARS             ,FC,00000-0000,Public       ,0,0,0,0,1,1
02272200,UNIV OF CAMBRIDGE - NEW HALL            ,FC,00000-0000,Public       ,0,0,0,0,4,4
02273600,QUEEN'S UNIV OF BELFAST (THE)           ,FC,00000-0000,Public       ,1,1,2,4,28,32
02273900,HERIOT WATT UNIVERSITY                  ,FC,00000-0000,Public       ,0,0,0,1,34,35
02276700,NYENRODE BUSINESS UNIVERSITEIT          ,FC,00000-0000,Private      ,0,0,0,0,6,6
02279700,UNIVERSITY OF MANCHESTER - INSTITUT     ,FC,00000-0000,Public       ,0,3,3,11,77,88
02293400,ECOLE DES HAUTES ETUDES COMERCIALS      ,FC,00000-0000,Public       ,0,4,4,0,29,29
02296300,UNIVERSITY OF CAMBRIDGE - JESUS COL     ,FC,00000-0000,Public       ,0,0,0,0,4,4
02310500,DE MONTFORT UNIVERSITY                  ,FC,00000-0000,Public       ,0,1,1,2,14,16
02320500,ROYAL NORTHERN COLLEGE OF MUSIC         ,FC,00000-0000,Public       ,0,0,0,2,8,10
02335100,UNIV OF CAMBRIDGE - TRINITY HALL        ,FC,00000-0000,Public       ,0,0,0,1,9,10
02338900,UNIVERSITY  FOR THE CREATIVE ARTS       ,FC,00000-0000,Public       ,0,0,0,4,1,5
02338903,KENT INSTITUTE OF ART & DESIGN          ,FC,00000-0000,Public       ,0,0,0,1,4,5
02339300,ERASMUS UNIV ROTTERDAM                  ,FC,00000-0000,Public       ,0,1,1,0,31,31
02347300,ESCUELA AUTONOMA DE CIENCIAS MEDICA     ,FC,00000-0000,Private      ,1,2,3,6,14,20
02351800,UNIVERSIDAD IBEROAMERICANA (UNIBE       ,FC,00000-0000,Private      ,15,72,87,133,783,916
02352100,UNIVERSITY OF PLYMOUTH                  ,FC,00000-0000,Public       ,0,1,1,1,21,22
02355200,ECOLE SUPERIEURE DE CUISINE FRANCAISE-FE,FC,00000-0000,Public       ,0,0,0,4,15,19
02363000,GSA CONSERVATOIRE                       ,FC,00000-0000,Private      ,0,0,0,2,3,5
02493000,ESCUELA SUPERIOR ADMINISTRACION Y D     ,FC,00000-0000,Private      ,0,2,2,0,28,28
02496600,UNIVERSITY OF STELLENBOSCH              ,FC,00000-0000,Public       ,0,1,1,1,9,10
02502600,PECSI ORVOSTUDOMANYI EGYETEM (PECS      ,FC,00000-0000,Public       ,0,0,0,1,18,19
02530000,E.M. LYON                               ,FC,00000-0000,Private      ,0,1,1,0,4,4
02545700,GLASGOW SCHOOL OF ART                   ,FC,00000-0000,Public       ,2,0,2,9,28,37
02579600,MURDOCH UNIVERSITY                      ,FC,00000-0000,Public       ,0,6,6,8,44,52
02588000,UNIVERSITY OF ULSTER                    ,FC,00000-0000,Public       ,0,0,0,6,14,20
02591800,CURTIN UNIVERSITY OF TECHNOLOGY         ,FC,00000-0000,Public       ,1,7,8,6,39,45
02592300,MILLTOWN INST OF THEOLOGY & PHILOSO     ,FC,00000-0000,Private      ,0,1,1,0,5,5
02604300,AALBORG UNIVERSITY                      ,FC,00000-0000,Public       ,1,3,4,4,12,16
02611500,HELSINKI SCH OF ECONOMICS & BUS ADM     ,FC,00000-0000,Public       ,0,1,1,1,4,5
02611600,ECOL NATIONAL DES PONTS ET CHAUSSEE     ,FC,00000-0000,Public       ,0,1,1,1,8,9
02611700,DUBLIN CITY UNIVERSITY                  ,FC,00000-0000,Public       ,0,3,3,4,30,34
02623200,UNIVERSITY OF NEWCASTLE (THE)           ,FC,00000-0000,Public       ,1,1,2,10,22,32
03012700,UNIVERSITY OF BUCKINGHAM                ,FC,00000-0000,Private      ,0,0,0,1,12,13
03029400,KEELE UNIVERSITY                        ,FC,00000-0000,Public       ,0,0,0,0,9,9
03029500,NORTHUMBRIA UNIVERSITY                  ,FC,00000-0000,Public       ,0,1,1,3,15,18
03029800,NORGES HANDELSHOYSKOLE                  ,FC,00000-0000,Public       ,0,0,0,3,2,5
03033300,MANCHESTER METROPOLITAN UNIV            ,FC,00000-0000,Public       ,0,1,1,2,24,26
03033700,NORWEGIAN SCHOOL OF MANAGEMENT          ,FC,00000-0000,Private      ,0,0,0,1,3,4
03045000,UNIVERSITY OF EAST LONDON               ,FC,00000-0000,Public       ,0,3,3,6,33,39
03050100,STUDIO ART CENTERS INTERNATIONAL        ,FC,00000-0000,Private      ,2,0,2,35,56,91
03066800,PONTIFICIO ATENEO DELLA SANTA CROCE     ,FC,00000-0000,Private      ,0,0,0,2,12,14
03067200,UNIVERSITY OF SYDNEY                    ,FC,00000-0000,Public       ,3,47,50,22,172,194
03073800,UNIV OF DEBRECEN MED & HEALTH SCI       ,FC,00000-0000,Public       ,0,1,1,6,19,25
03078700,UNIVERSITA COMMERCIALE L BOCCONI        ,FC,00000-0000,Public       ,0,1,1,4,20,24
03080300,SHEFFIELD HALLAM UNIVERSITY             ,FC,00000-0000,Public       ,0,2,2,1,7,8
03084300,UNIVERSITY OF LIMERICK                  ,FC,00000-0000,Public       ,1,1,2,12,24,36
03085100,UNIV OF WOLVERHAMPTON (WOLVERHAMPTO     ,FC,00000-0000,Public       ,0,0,0,2,8,10
03088100,SOPHIA ANTIPOLIS MANAGEMENT INST        ,FC,00000-0000,Private      ,0,0,0,0,2,2
03088700,ROYAL SCOTTISH ACAD MUSIC & DRAMA       ,FC,00000-0000,Public       ,0,0,0,8,12,20
03091400,UNIVERSITY OF WOLLONGONG                ,FC,00000-0000,Public       ,0,6,6,10,24,34
03091500,UNIVERSITY OF CANBERRA                  ,FC,00000-0000,Public       ,1,2,3,3,4,7
03091700,KAROL MARCINKOWSKI UNIV OF MED SCI      ,FC,00000-0000,Public       ,0,5,5,8,158,166
03092500,NOTTINGHAM TRENT UNIVERSITY             ,FC,00000-0000,Public       ,1,1,2,5,18,23
03095000,RMIT UNIVERSITY                         ,FC,00000-0000,Public       ,1,7,8,6,27,33
03095400,BOND UNIVERSITY                         ,FC,00000-0000,Private      ,3,8,11,24,76,100
03095900,ESSEC BUSINESS SCHOOL                   ,FC,00000-0000,Private      ,0,0,0,0,6,6
03096100,LA TROBE UNIVERSITY                     ,FC,00000-0000,Public       ,1,6,7,9,22,31
03096900,DEAKIN UNIVERSITY                       ,FC,00000-0000,Public       ,1,0,1,6,17,23
03097100,UNIVERSITY OF WESTERN SYDNEY            ,FC,00000-0000,Public       ,0,0,0,4,7,11
03097300,VICTORIA UNIVERSITY OF TECHNOLOGY       ,FC,00000-0000,Public       ,0,1,1,3,12,15
03097500,CENTRAL QUEENSLAND UNIVERSITY           ,FC,00000-0000,Public       ,0,1,1,3,6,9
03100000,UNIVERSITY OF ADELAIDE (THE)            ,FC,00000-0000,Public       ,0,7,7,2,36,38
03100200,INST DE MANAGEMENT HOTELIER INTERNA     ,FC,00000-0000,Private      ,0,0,0,1,0,1
03101600,ASIAN INSTITUTE OF MANAGEMENT           ,FC,00000-0000,Private      ,1,0,1,2,3,5
03102500,AMERICAN UNIVERSITY OF ROME             ,FC,00000-0000,Private      ,6,5,11,115,53,168
03102800,ROBERT GORDON UNIVERSITY (THE)          ,FC,00000-0000,Public       ,0,0,0,2,10,12
03103200,INT'L STUDIES CTR AT THE CORVINUS UNIVER,FC,00000-0000,Public       ,0,0,0,0,5,5
03104800,GRIFFITH UNIVERSITY                     ,FC,00000-0000,Public       ,2,6,8,17,37,54
03106100,ROSKILDE UNIV ROSKILDE UNIVERSITY C     ,FC,00000-0000,Public       ,0,0,0,0,2,2
03123500,HOGESCHOOL VAN AMSTERDAM                ,FC,00000-0000,Private      ,1,1,2,4,9,13
03125200,LINCOLN UNIVERSITY                      ,FC,00000-0000,Public       ,0,1,1,1,5,6
03136300,AUSTRALIAN CATHOLIC UNIVERSITY          ,FC,00000-0000,Public       ,0,1,1,1,6,7
03137400,CHARLES STURT UNIVERSITY                ,FC,00000-0000,Public       ,0,1,1,1,8,9
03140300,EDITH COWAN UNIVERSITY                  ,FC,00000-0000,Public       ,0,4,4,4,16,20
03140400,NORTHERN TERRITORY UNIVERSITY           ,FC,00000-0000,Public       ,0,0,0,0,2,2
03140500,QUEENSLAND UNIVERSITY OF TECHNOLOGY     ,FC,00000-0000,Public       ,1,5,6,7,22,29
03140600,SOUTHERN CROSS UNIVERSITY               ,FC,00000-0000,Public       ,2,4,6,5,16,21
03140700,SWINBURNE UNIVERSITY OF TECHNOLOGY      ,FC,00000-0000,Public       ,0,1,1,2,6,8
03140900,UNIVERSITY OF BALLARAT                  ,FC,00000-0000,Public       ,0,0,0,0,2,2
03150300,UNIVERSITY OF TASMANIA                  ,FC,00000-0000,Public       ,0,5,5,4,16,20
03274300,"KUNGLIGA TEKNISKA HOGSKOLAN, KTH        ",FC,00000-0000,Public       ,0,0,0,0,7,7
03287300,LIVERPOOL INSTITUTE FOR PERFORMING ARTS ,FC,00000-0000,Public       ,0,0,0,9,10,19
03300300,"2ND SCHOOL OF MEDICINE, CHARLES UNI     ",FC,00000-0000,Public       ,0,0,0,3,7,10
03300400,"FIRST FACULTY OF MEDICINE, CHARLES UNIV.",FC,00000-0000,Public       ,0,1,1,2,28,30
03329300,JOHN CABOT UNIVERSITY                   ,FC,00000-0000,Private      ,4,1,5,89,19,108
03332400,AGRICULTURE UNIVERSITY OF WROCLAW       ,FC,00000-0000,Public       ,0,1,1,0,4,4
03333300,MEDICAL UNIVERSITY SCHOOL OF LUBLIN     ,FC,00000-0000,Public       ,1,11,12,37,195,232
03334300,UNIVERSIDAD NORDESTANA                  ,FC,00000-0000,Private      ,1,0,1,2,4,6
03335300,MEDICAL UNIVERSITY OF SILESIA           ,FC,00000-0000,Public       ,1,7,8,19,129,148
03342300,GLASGOW CALEDONIAN UNIVERSITY           ,FC,00000-0000,Public       ,0,0,0,2,8,10
03349400,"QUEEN MARGARET UNIVERSITY COLLEGE, EDINB",FC,00000-0000,Public       ,0,0,0,0,7,7
03350300,BOURNEMOUTH UNIVERSITY                  ,FC,00000-0000,Public       ,0,0,0,4,25,29
03352300,LONDON SOUTH BANK UNIVERSITY            ,FC,00000-0000,Private      ,0,1,1,14,26,40
03363300,THE ARTS EDUCATIONAL SCHOOLS LONDON     ,FC,00000-0000,Private      ,0,0,0,1,4,5
03364300,"FACULTY OF MEDICINE, PALACKY UNIVER     ",FC,00000-0000,Public       ,0,0,0,0,6,6
03365400,AUCKLAND INSTITUTE OF TECHNOLOGY        ,FC,00000-0000,Public       ,1,2,3,3,13,16
03366300,TROPICAL AGRICULTURE RESEARCH AND H     ,FC,00000-0000,Private      ,0,0,0,0,1,1
03375300,"CHARLES UNIVERSITY, FACULTY OF MEDI     ",FC,00000-0000,Public       ,0,0,0,2,9,11
03377300,"UNIVERSITY OF WALES INSTITUTE, CARD     ",FC,00000-0000,Public       ,0,0,0,1,5,6
03378300,"THE 3RD FACULTY OF MEDICINE, CHARLE     ",FC,00000-0000,Public       ,0,0,0,2,7,9
03386300,CHARLES UNIVERSITY-MEDICAL FACULTY      ,FC,00000-0000,Public       ,0,1,1,2,10,12
03397400,HOGESCHOOL VOOR DE KUNSTEN UTRECHT      ,FC,00000-0000,Private      ,0,0,0,1,9,10
03406300,"THE SCHOOL OF PHARMACY, UNIVERSITY      ",FC,00000-0000,Public       ,0,0,0,1,0,1
03418400,NAPIER UNIVERSITY                       ,FC,00000-0000,Public       ,1,0,1,5,28,33
03435300,ANGLIA POLYTECHNIC UNIVERSITY HIGHE     ,FC,00000-0000,Public       ,0,0,0,1,5,6
03456600,ANGELES UNIVERSITY FOUNDATION           ,FC,00000-0000,Private      ,0,0,0,0,2,2
03460300,INTERNATIONALES THEOLOGISCHES INSTI     ,FC,00000-0000,Private      ,0,1,1,2,14,16
03462400,UNIV OF ARTS LONDON - LON COLL OF COMMUN,FC,00000-0000,Public       ,0,4,4,6,28,34
03466300,INSTITUTO CENTROAMERICANO DE ADMINI     ,FC,00000-0000,Private      ,0,0,0,0,6,6
03473300,UNIV OF ARTS LONDON - LON COLL FASHION  ,FC,00000-0000,Public       ,0,2,2,35,32,67
03475300,UNIV OF THE ARTS  LONDON - CHELSEA COLL ,FC,00000-0000,Public       ,0,1,1,4,12,16
03477400,UNIVERSITY OF LUTON                     ,FC,00000-0000,Public       ,0,0,0,1,0,1
03478300,ROYAL WELSH COLLEGE OF MUSIC AND DRAMA  ,FC,00000-0000,Public       ,0,0,0,3,2,5
03484300,LANDEGG INTERNATIONAL UNIVERSITY        ,FC,00000-0000,Private      ,0,0,0,0,4,4
03492400,UNIV OF CAMBRIDGE-ST CATHERINE'S CG     ,FC,00000-0000,Public       ,0,1,1,0,5,5
03494400,UNIV OF CAMBRIDGE-SELWYN COLLEGE        ,FC,00000-0000,Public       ,0,0,0,0,7,7
03494600,UNIV OF OXFORD-HARRIS MANCHESTER        ,FC,00000-0000,Public       ,0,0,0,0,5,5
03500300,WIMBLEDON COLLEGE OF ART                ,FC,00000-0000,Public       ,0,1,1,1,2,3
03501400,LEEDS METROPOLITAN UNIVERSITY           ,FC,00000-0000,Public       ,0,0,0,3,13,16
03507300,UNIVERSITY OF SUNDERLAND                ,FC,00000-0000,Public       ,0,0,0,5,9,14
03515300,UNIVERSITY OF CENTRAL LANCASHIRE        ,FC,00000-0000,Public       ,0,1,1,3,9,12
03517300,UNIVERSITY OF BRIGHTON                  ,FC,00000-0000,Public       ,0,1,1,5,14,19
03518300,EUROPEAN GRADUATE SCHOOL                ,FC,00000-0000,Private      ,0,21,21,1,78,79
03526300,INST CENTROAMERICANO DE ADM DE EMP      ,FC,00000-0000,Private      ,0,2,2,0,4,4
03527300,SOFIA UNIVERSITY ST. KLIMENT OHRIDSKI   ,FC,00000-0000,Public       ,0,0,0,0,4,4
03533300,BATH SPA UNIVERSITY                     ,FC,00000-0000,Public       ,0,2,2,0,22,22
03547300,UNIVERSITY OF GLAMORGAN                 ,FC,00000-0000,Public       ,0,0,0,0,3,3
03580300,LIVERPOOL JOHN MOORES UNIVERSITY        ,FC,00000-0000,Public       ,0,0,0,2,3,5
03594300,GROUP ESC GRENOBLE GRAD SCH OF BUS.     ,FC,00000-0000,Private      ,0,9,9,0,21,21
03597300,JAGIELLONIAN UNIVERSITY                 ,FC,00000-0000,Public       ,0,2,2,1,21,22
03601300,UNIVERSITAT JAUME I DE CASTELLO/UJI     ,FC,00000-0000,Public       ,0,1,1,1,14,15
03603300,LEEDS COLLEGE OF MUSIC                  ,FC,00000-0000,Public       ,0,0,0,0,2,2
03619300,UNIVERSITY OF GREENWICH                 ,FC,00000-0000,Public       ,0,2,2,9,17,26
03653400,UNIVERSIDAD DE IBEROAMERICA - UNIBE     ,FC,00000-0000,Private      ,1,2,3,9,18,27
03674300,UNIVERSITY OF ABERTAY DUNDEE            ,FC,00000-0000,Public       ,0,1,1,2,3,5
03684400,UNIVERSITY OF LINCOLN                   ,FC,00000-0000,Public       ,0,0,0,0,4,4
03684500,MEDICAL UNIVERSITY OF GDANSK            ,FC,00000-0000,Public       ,0,0,0,1,2,3
03684600,POMERANIAN MEDICAL UNIVERSITY           ,FC,00000-0000,Public       ,0,0,0,1,0,1
03692300,DONCASTER COLLEGE                       ,FC,00000-0000,Public       ,0,0,0,0,1,1
03694300,UNIVERSITY COLLEGE CHICHESTER           ,FC,00000-0000,Public       ,0,0,0,0,1,1
03697300,NATIONAL FILM & TELEVISION SCHOOL       ,FC,00000-0000,Private      ,0,0,0,0,1,1
03716300,"UNIVERSITY OF WALES, NEWPORT            ",FC,00000-0000,Public       ,1,0,1,3,4,7
03721300,WRITTLE COLLEGE                         ,FC,00000-0000,Public       ,0,0,0,0,3,3
03770300,NAZARENE THEOLOGICAL COLLEGE            ,FC,00000-0000,Private      ,0,0,0,0,11,11
03777400,WESTMINSTER COLLEGE                     ,FC,00000-0000,Private      ,0,0,0,1,2,3
03816400,AMERICAN GRAD SCH OF INTERNTL REL & DIPL,FC,00000-0000,Private      ,0,2,2,1,42,43
03818300,LEIPZIG GRADUATE SCHOOL OF MANAGEMENT   ,FC,00000-0000,Private      ,0,0,0,0,4,4
03824300,"ROYAL VETERINARY COLLEGE (THE), UNIVERSI",FC,00000-0000,Public       ,0,1,1,0,72,72
03850500,MEDICAL UNIVERSITY OF LODZ              ,FC,00000-0000,Public       ,0,1,1,4,53,57
03859400,UNIVERSITY COLLEGE FALMOUTH             ,FC,00000-0000,Public       ,0,0,0,0,7,7
03926400,NATIONAL COLLEGE OF ART AND DESIGN      ,FC,00000-0000,Public       ,0,1,1,2,3,5
03941301,AVE MARIA UNIVERSITY - LATIN AMERICA    ,FC,00000-0000,Private      ,10,4,14,132,38,170
00380600,ALDERSON-BROADDUS COLLEGE               ,WV,26416-1051,Private      ,8,14,22,729,375,1104
00380700,MOUNTAIN STATE UNIVERSITY               ,WV,25801-5624,Private      ,56,562,618,1179,4694,5873
00380800,BETHANY COLLEGE                         ,WV,26032-0417,Private      ,10,2,12,1124,63,1187
00380900,BLUEFIELD STATE COLLEGE                 ,WV,24701-2198,Public       ,42,105,147,1270,1596,2866
00381000,CONCORD UNIVERSITY                      ,WV,24712-0000,Public       ,35,53,88,2586,988,3574
00381100,DAVIS & ELKINS COLLEGE                  ,WV,26241-3996,Private      ,5,17,22,546,301,847
00381200,FAIRMONT STATE UNIVERSITY               ,WV,26554-2470,Public       ,80,196,276,4780,3140,7920
00381300,GLENVILLE STATE COLLEGE                 ,WV,26351-1292,Public       ,12,22,34,1295,410,1705
00381500,MARSHALL UNIVERSITY                     ,WV,25755-3300,Public       ,162,422,584,7976,5660,13636
00381600,SOUTHERN WV COMMUNITY COLLEGE           ,WV,25637-2900,Public       ,50,133,183,1015,1272,2287
00381800,UNIVERSITY OF CHARLESTON                ,WV,25304-1099,Private      ,19,28,47,1365,558,1923
00381900,OHIO VALLEY COLLEGE                     ,WV,26105-8000,Private      ,11,25,36,425,196,621
00382000,SALEM INTERNATIONAL UNIVERSITY          ,WV,26426-0500,Proprietary  ,7,35,42,218,216,434
00382200,SHEPHERD UNIVERSITY                     ,WV,25443-3210,Public       ,57,64,121,2910,1086,3996
00382300,WEST LIBERTY STATE COLLEGE              ,WV,26074-0295,Public       ,34,26,60,2183,576,2759
00382600,WEST VIRGINIA STATE UNIVERSITY          ,WV,25112-0000,Public       ,81,205,286,2483,2772,5255
00382700,WEST VIRGINIA UNIVERSITY                ,WV,26506-6201,Public       ,229,312,541,19571,7255,26826
00382711,WEST VIRGINIA UNIVERSITY - POTOMAC STATE,WV,26726-3000,Public       ,19,42,61,1103,344,1447
00382721,WEST VIRGINIA UNIV INST OF TECH         ,WV,25136-2436,Public       ,34,53,87,1308,735,2043
00382800,WEST VIRGINIA UNIV AT PARKERSBURG       ,WV,26101-9577,Public       ,52,201,253,1338,2099,3437
00383000,WEST VIRGINIA WESLEYAN COLLEGE          ,WV,26201-2600,Private      ,9,7,16,1603,116,1719
00383100,WHEELING JESUIT UNIVERSITY              ,WV,26003-6243,Private      ,6,36,42,1277,519,1796
00500700,WEST VIRGINIA JUNIOR COLLEGE            ,WV,26505-5596,Proprietary  ,12,28,40,111,164,275
00500800,MOUNTAIN STATE COLLEGE                  ,WV,26101-3993,Proprietary  ,3,23,26,36,185,221
00754400,APPALACHIAN BIBLE COLLEGE               ,WV,25818-1353,Private      ,5,4,9,235,80,315
00757800,HUNTINGTON SCHOOL OF BEAUTY CULTURE     ,WV,25705-2030,Proprietary  ,3,15,18,42,83,125
00760000,INTERNATIONAL BEAUTY SCHOOL             ,WV,25401-3231,Proprietary  ,8,15,23,33,75,108
00835500,JAMES RUMSEY TECHNICAL INSTITUTE        ,WV,25403-0259,Public       ,2,8,10,48,114,162
00895900,CLARKSBURG BEAUTY ACADEMY               ,WV,26301-2903,Proprietary  ,12,25,37,44,55,99
00904700,HUNTINGTON JUNIOR COLLEGE               ,WV,25701-2004,Proprietary  ,23,96,119,163,1066,1229
00905400,WEST VIRGINIA NORTHERN CMTY COLLEGE     ,WV,26003-0000,Public       ,53,219,272,821,1893,2714
01014000,MINERAL COUNTY VOCATIONAL TECH CTR      ,WV,26726-0000,Public       ,1,6,7,8,28,36
01021703,INTERNATIONAL ACADEMY OF DESIGN AND TECH,WV,26554-9790,Proprietary  ,0,0,0,7,3,10
01035600,EVEREST INSTITUTE                       ,WV,25313-1304,Proprietary  ,74,301,375,345,1471,1816
01057300,WEST VIRGINIA JUNIOR COLLEGE            ,WV,25322-0000,Proprietary  ,7,31,38,84,252,336
01057302,WEST VIRGINIA JUNIOR COLLEGE            ,WV,26330-0000,Proprietary  ,27,39,66,178,291,469
01086100,WEST VIRGINIA BUSINESS COLLEGE          ,WV,26301-0000,Proprietary  ,7,21,28,27,147,174
01124500,WEST VIRGINIA SCH OSTEOPATHIC MED       ,WV,24901-1128,Public       ,0,1,1,10,607,617
01174900,WOOD COUNTY SCH OF PRAC NURSING         ,WV,26101-6424,Public       ,0,2,2,14,40,54
01235900,B M SPURR SCHOOL OF PRAC NURSING        ,WV,26038-1660,Private      ,0,0,0,7,31,38
01257300,WEST VIRGINIA UNIV-HOSP-RAD TECH        ,WV,26506-8062,Private      ,1,0,1,52,55,107
01274300,BENJAMIN FRANKLIN CAREER&TECH           ,WV,25064-0000,Public       ,1,6,7,55,128,183
01290400,MONONGALIA CNTY TECH ED CTR             ,WV,26501-6841,Public       ,0,10,10,46,111,157
01290500,ACADEMY OF CAREERS AND TECHNOLOGY       ,WV,25801-0000,Public       ,4,19,23,60,189,249
02057400,ROANE-JACKSON TECHNICAL CENTER          ,WV,25252-0000,Public       ,0,2,2,17,55,72
02068000,UNITED TECHNICAL CENTER                 ,WV,26301-0000,Public       ,2,5,7,24,55,79
02070100,BECKLEY BEAUTY ACADEMY                  ,WV,25801-0000,Proprietary  ,0,4,4,23,39,62
02073400,CARVER CAREER TECH ED CTR               ,WV,25306-6397,Public       ,4,25,29,99,220,319
02145100,SCOTT COLLEGE OF COSMETOLOGY            ,WV,26003-0000,Proprietary  ,4,7,11,46,40,86
02175900,MARION COUNTY TECHNICAL CENTER          ,WV,26571-0000,Public       ,0,0,0,1,1,2
02178200,CHARLESTON SCHOOL OF BEAUTY CULTURE     ,WV,25301-0000,Proprietary  ,3,23,26,35,98,133
02218200,GARNET CAREER CENTER                    ,WV,25301-0000,Public       ,3,24,27,53,253,306
02275300,CABELL COUNTY CAREER TECHNOLOGY CTR     ,WV,25705-0000,Public       ,1,13,14,41,136,177
02280300,WV CAREER AND TECHNICAL INSTITUTE       ,WV,25112-0000,Public       ,10,5,15,60,35,95
02524500,RALPH R WILLIS VOCATIONAL CENTER        ,WV,25601-0000,Public       ,0,3,3,10,32,42
02534800,FRED W EBERLE TECHNICAL CENTER          ,WV,26201-0000,Public       ,4,29,33,30,90,120
02535500,MERCER COUNTY TECH EDUC CNTR            ,WV,24740-0000,Public       ,2,10,12,37,83,120
02579900,NORTH CENTRAL OPPORTUNITIES IND CTR     ,WV,26554-2936,Private      ,3,19,22,12,74,86
02609400,VALLEY COLLEGE                          ,WV,25404-5711,Proprietary  ,2,20,22,26,136,162
03052000,MEREDITH MANOR EQUESTRIAN CENTRE        ,WV,26184-9707,Proprietary  ,2,8,10,65,36,101
03076500,FAYETTE INSTITUTE OF TECHNOLOGY         ,WV,25901-2174,Public       ,2,4,6,15,38,53
03084200,VALLEY COLLEGE                          ,WV,24740-3141,Proprietary  ,2,10,12,6,56,62
03084400,VALLEY COLLEGE                          ,WV,25801-2643,Proprietary  ,3,23,26,24,136,160
03098300,PUTNAM CAREER & TECHNICAL CENTER        ,WV,25070-0000,Public       ,1,2,3,25,50,75
03099200,"MOUNTAINEER BEAUTY COLLEGE, INC         ",WV,25177-2917,Proprietary  ,5,9,14,24,57,81
03102100,MORGANTOWN BEAUTY COLLEGE               ,WV,26505-5430,Proprietary  ,6,8,14,57,59,116
03123200,STANLEY TECHNICAL INSTITUTE             ,WV,26505-3751,Private      ,1,11,12,7,40,47
03327500,SOUTH BRANCH VOCATIONAL TECH CENTER     ,WV,26847-1698,Public       ,0,4,4,3,17,20
03734300,JOHN D. ROCKEFELLER IV CAREER CENTER    ,WV,26047-9424,Public       ,3,5,8,6,16,22
03819300,AMERICAN PUBLIC UNIVERSITY SYSTEM       ,WV,25414-1621,Proprietary  ,19,703,722,19,729,748
03957300,BLUE RIDGE COMMUNITY AND TECHNICAL COLLE,WV,25401-3244,Public       ,19,60,79,238,463,701
03960300,NEW RIVER COMMUNITY AND TECHNICAL COLLEG,WV,25801-2636,Public       ,28,128,156,487,1053,1540
04028300,MOUNTAIN STATE SCHOOL OF MASSAGE        ,WV,25304-2025,Proprietary  ,0,5,5,20,46,66
04038500,PIERPONT COMMUNITY & TECHNICAL COLLEGE  ,WV,26554-2451,Public       ,8,38,46,104,208,312
04038600,WEST VIRGINIA STATE COMMUNITY AND TECHNI,WV,25112-1000,Public       ,49,88,137,144,354,498
04041400,MARSHALL COMMUNITY AND TECHNICAL COLLEGE,WV,25755-3300,Public       ,27,70,97,283,404,687
04047300,BRIDGEMONT COMMUNITY & TECHNICAL COLLEGE,WV,25136-2435,Public       ,3,5,8,3,5,8
00106100,ALASKA PACIFIC UNIVERSITY               ,AK,99508-4672,Private      ,14,44,58,385,543,928
00106200,SHELDON JACKSON COLLEGE                 ,AK,99835-7699,Private      ,6,8,14,85,75,160
00106300,UNIVERSITY OF ALASKA FAIRBANKS          ,AK,99775-7500,Public       ,107,228,335,2041,2529,4570
00106500,UNIVERSITY OF ALASKA SOUTHEAST          ,AK,99801-8680,Public       ,14,72,86,465,786,1251
00884300,ALASKA BIBLE COLLEGE                    ,AK,99588-0000,Private      ,1,3,4,8,20,28
01146200,UNIVERSITY OF ALASKA ANCHORAGE          ,AK,99514-1608,Public       ,233,539,772,4005,5637,9642
02541000,CAREER ACADEMY                          ,AK,99507-0000,Proprietary  ,18,113,131,94,427,521
02576900,CHARTER COLLEGE                         ,AK,99508-0000,Proprietary  ,12,117,129,87,590,677
03160300,ALASKA VOCATIONAL TECHNICAL CENTER      ,AK,99664-0889,Public       ,14,25,39,122,247,369
03461300,ILISAGVIK COLLEGE                       ,AK,99723-0749,Public       ,2,30,32,12,72,84
03677300,GALENA CITY SCHOOL DISTRICT - PROJE     ,AK,99741-0359,Public       ,1,0,1,2,1,3
00108500,UNIV ARKANSAS MONTICELLO                ,AR,71656-0000,Public       ,79,182,261,1696,1645,3341
00108501,GREAT RIVERS TECHNICAL INSTITUTE        ,AR,71654-0000,Public       ,3,5,8,12,41,53
00108502,FOREST ECHOES TECHNICAL INSTITUTE       ,AR,71635-0000,Public       ,0,4,4,21,38,59
00108600,UNIV OF ARKANSAS AT PINE BLUFF          ,AR,71601-2790,Public       ,70,99,169,3018,1607,4625
00108700,ARKANSAS BAPTIST COLLEGE                ,AR,72202-6099,Private      ,22,44,66,159,314,473
00108800,LYON COLLEGE                            ,AR,72501-3699,Private      ,10,3,13,605,113,718
00108900,ARKANSAS TECH UNIVERSITY                ,AR,72801-2222,Public       ,132,239,371,3847,2761,6608
00109000,ARKANSAS STATE UNIVERSITY               ,AR,72467-0000,Public       ,238,633,871,6049,6768,12817
00109006,DELTA TECHNICAL INSTITUTE               ,AR,72365-9558,Public       ,3,15,18,42,83,125
00109100,ARKANSAS STATE UNIVERSITY - BEEBE       ,AR,72012-1000,Public       ,77,334,411,1218,2029,3247
00109103,ARKANSAS STATE UNIV-BEEBE-SEARCY        ,AR,72143-4798,Public       ,0,0,0,44,58,102
00109200,UNIVERSITY OF CENTRAL ARKANSAS          ,AR,72035-0001,Public       ,285,283,568,7555,3682,11237
00109300,CENTRAL BAPTIST COLLEGE                 ,AR,72034-6470,Private      ,5,24,29,284,219,503
00109400,UNIVERSITY OF THE OZARKS                ,AR,72830-2880,Private      ,9,11,20,489,97,586
00109500,CROWLEYS RIDGE COLLEGE                  ,AR,72450-9775,Private      ,6,9,15,108,46,154
00109700,HARDING UNIVERSITY                      ,AR,72149-0001,Private      ,89,103,192,3057,1214,4271
00109800,HENDERSON STATE UNIVERSITY              ,AR,71999-0001,Public       ,74,100,174,2257,1553,3810
00109900,HENDRIX COLLEGE                         ,AR,72032-3080,Private      ,18,7,25,1364,81,1445
00110000,JOHN BROWN UNIVERSITY                   ,AR,72761-2747,Private      ,21,112,133,1185,1048,2233
00110100,UNIV ARKANSAS LITTLE ROCK               ,AR,72204-1099,Public       ,156,609,765,3750,8175,11925
00110200,OUACHITA BAPTIST UNIVERSITY             ,AR,71998-0001,Private      ,24,7,31,1202,121,1323
00110300,PHILANDER SMITH COLLEGE                 ,AR,72202-3718,Private      ,24,70,94,613,717,1330
00110400,PHILLIPS COUNTY COMMUNITY COLLEGE       ,AR,72342-0000,Public       ,27,112,139,465,912,1377
00110401,RICE BELT TECH INST                     ,AR,72042-0000,Public       ,0,0,0,7,4,11
00110600,WILLIAMS BAPTIST COLLEGE                ,AR,72476-4661,Private      ,8,7,15,525,174,699
00110700,SOUTHERN ARKANSAS UNIVERSITY            ,AR,71754-0000,Public       ,71,115,186,1933,1384,3317
00110800,UNIV ARKANSAS FAYETTEVILLE              ,AR,72701-0000,Public       ,267,316,583,7870,5027,12897
00110900,UNIV OF ARKANSAS FOR MEDCL SCIENCES     ,AR,72205-7102,Public       ,11,57,68,394,1437,1831
00110901,UNIV OF ARKANSAS COLG OF MEDICINE       ,AR,72205-0000,Public       ,3,8,11,24,605,629
00111000,UNIVERSITY OF ARKANSAS-FORT SMITH       ,AR,72904-7397,Public       ,132,409,541,2574,3550,6124
00524500,U OF A COMM COLLEGE AT MORRILTON        ,AR,72110-9601,Public       ,57,151,208,736,1215,1951
00570700,SEARK COLLEGE                           ,AR,71603-0000,Public       ,44,228,272,588,1795,2383
00573200,UNIV AR COMMUNITY COLLEGE AT HOPE       ,AR,71801-0000,Public       ,20,93,113,407,738,1145
00704400,CROWLEYS RIDGE TECHNICAL INSTITUTE      ,AR,72336-0000,Public       ,5,18,23,84,211,295
00773800,SOUTHERN ARKANSAS UNIVERSITY TECH       ,AR,71701-1900,Public       ,14,70,84,325,590,915
00792100,FAYETTEVILLE BEAUTY COLLEGE             ,AR,72701-0000,Proprietary  ,8,6,14,29,82,111
00997600,OUACHITA TECHNICAL COLLEGE              ,AR,72104-0816,Public       ,21,96,117,275,673,948
01074100,MELLIE'S BEAUTY COLLEGE                 ,AR,72901-3886,Proprietary  ,1,12,13,13,40,53
01210500,NATIONAL PARK COMMUNITY COLLEGE         ,AR,71913-9174,Public       ,66,215,281,696,1562,2258
01226000,EAST ARKANSAS COMMUNITY COLLEGE         ,AR,72335-2204,Public       ,24,73,97,481,754,1235
01226100,NORTH ARKANSAS COLLEGE                  ,AR,72601-5508,Public       ,51,163,214,688,1253,1941
01286000,ARKANSAS NORTHEASTERN COLLEGE           ,AR,72316-1109,Public       ,27,174,201,673,1349,2022
02052200,BLACK RIVER TECHNICAL COLLEGE           ,AR,72455-0000,Public       ,47,221,268,616,1277,1893
02073500,UNIVERSITY OF ARKANSAS COMMUNITY COLLEGE,AR,72503-0000,Public       ,21,100,121,375,899,1274
02073700,NORTHWEST TECHNICAL INSTITUTE           ,AR,72765-0000,Public       ,11,57,68,87,315,402
02074600,SOUTH ARKANSAS COMMUNITY COLLEGE        ,AR,71731-0000,Public       ,21,138,159,346,1050,1396
02075300,PULASKI TECHNICAL COLLEGE               ,AR,72118-0000,Public       ,236,1061,1297,2125,8032,10157
02087000,OZARKA COLLEGE                          ,AR,72556-0000,Public       ,18,80,98,239,636,875
02111100,RICH MOUNTAIN COMMUNITY COLLEGE         ,AR,71953-0000,Public       ,9,53,62,321,450,771
02202400,PROFESSIONAL COSMETOLOGY EDUC CTR       ,AR,71730-5828,Proprietary  ,3,19,22,14,65,79
02220900,COSSATOT COMMUNITY COLLEGE              ,AR,71832-0000,Public       ,24,106,130,280,748,1028
02260400,BEE JAY'S HAIRSTYLING ACADEMY           ,AR,72212-0000,Proprietary  ,1,6,7,6,35,41
02272400,EASTERN COLLEGE OF HEALTH VOCATIONS     ,AR,72209-0000,Proprietary  ,46,120,166,146,605,751
02284200,NEW TYLER BARBER COLLEGE INC            ,AR,72114-0000,Proprietary  ,13,25,38,38,74,112
02287400,MARSHA KAY BEAUTY COLLEGE               ,AR,72653-0000,Proprietary  ,1,3,4,8,23,31
02321701,ITT TECHNICAL INSTITUTE                 ,AR,72204-9925,Proprietary  ,47,129,176,229,590,819
02330800,JEFFERSON SCHOOL OF NURSING             ,AR,71603-0000,Private      ,1,7,8,30,113,143
02339800,SOUTHERN INSTITUTE OF COSMETOLOGY       ,AR,72301-0000,Proprietary  ,3,18,21,12,40,52
02341700,CAREER ACADEMY OF HAIR DESIGN           ,AR,72764-4304,Proprietary  ,6,15,21,40,86,126
02348200,MID-SOUTH COMMUNITY COLLEGE             ,AR,72301-0000,Public       ,25,135,160,529,1083,1612
02363500,ARTHUR'S BEAUTY COLLEGE                 ,AR,72901-0000,Proprietary  ,9,37,46,38,117,155
02525800,LEE'S SCHOOL OF COSMETOLOGY             ,AR,72114-0000,Proprietary  ,3,7,10,18,44,62
02538500,ARTHUR'S BEAUTY COLLEGE                 ,AR,72076-0000,Proprietary  ,13,43,56,77,226,303
02569600,SEARCY BEAUTY COLLEGE                   ,AR,72143-0000,Proprietary  ,4,8,12,17,67,84
03005100,ARKANSAS BEAUTY SCHOOL                  ,AR,72209-5116,Proprietary  ,4,15,19,30,84,114
03007100,HOT SPRINGS BEAUTY COLLEGE              ,AR,71901-5432,Proprietary  ,3,11,14,27,61,88
03007600,ARKANSAS BEAUTY SCHOOL-CONWAY           ,AR,72032-4354,Proprietary  ,5,19,24,27,51,78
03023400,ARKANSAS COLLEGE OF BARBERING           ,AR,72114-5615,Proprietary  ,5,19,24,19,114,133
03063300,NORTHWEST ARKANSAS COMMUNITY COLLEG     ,AR,72712-5190,Public       ,127,318,445,1307,2247,3554
03065100,ABC BEAUTY COLLEGE                      ,AR,71923-4206,Proprietary  ,4,4,8,18,37,55
03105200,BAPTIST HEALTH SCHOOLS LITTLE ROCK      ,AR,72210-0000,Private      ,23,103,126,256,978,1234
03116800,"DELUXE BEAUTY SCHOOL, L.L.C.            ",AR,71603-0000,Proprietary  ,0,5,5,8,21,29
03124900,IMAGINE -  PAUL MITCHELL PARTNER SCHOOL ,AR,72117-2516,Proprietary  ,0,7,7,12,21,33
03127200,ASKINS VO-TECH                          ,AR,72908-8028,Proprietary  ,2,3,5,11,21,32
03212300,BLYTHEVILLE ACADEMY OF COSMETOLOGY      ,AR,72315-3424,Proprietary  ,0,5,5,10,34,44
03214300,VELVATEX COLLEGE OF BEAUTY CULTURE      ,AR,72202-5452,Proprietary  ,3,6,9,9,26,35
03254300,MARGARET'S HAIR ACADEMY                 ,AR,71655-4905,Proprietary  ,1,15,16,10,59,69
03519400,LYNNDALE FUNDAMENTALS OF BEAUTY SCH     ,AR,71730-4804,Proprietary  ,0,8,8,7,46,53
03855300,ECCLESIA COLLEGE                        ,AR,72762-8159,Private      ,4,5,9,39,25,64
03912300,CROSSETT SCHOOL OF COSMETOLOGY          ,AR,71635-0000,Proprietary  ,1,5,6,12,26,38
03997300,ARKANSAS BEAUTY COLLEGE                 ,AR,72801-3741,Proprietary  ,1,6,7,26,47,73
00133900,CORBAN COLLEGE                          ,OR,97301-9392,Private      ,10,35,45,1055,366,1421
00316505,CASCADE COLLEGE                         ,OR,97216-0000,Private      ,14,7,21,314,117,431
00318600,BLUE MOUNTAIN COMMUNITY COLLEGE         ,OR,97801-0000,Public       ,49,144,193,683,1083,1766
00318800,CENTRAL OREGON COMMUNITY COLLEGE        ,OR,97701-5998,Public       ,99,183,282,1547,1962,3509
00318900,CLATSOP COMMUNITY COLLEGE               ,OR,97103-3698,Public       ,26,42,68,342,494,836
00319100,CONCORDIA UNIVERSITY                    ,OR,97211-6099,Private      ,23,64,87,1039,1198,2237
00319300,EASTERN OREGON UNIVERSITY               ,OR,97850-2899,Public       ,70,127,197,1957,2106,4063
00319400,GEORGE FOX UNIVERSITY                   ,OR,97132-2697,Private      ,25,155,180,2243,1690,3933
00319600,LANE COMMUNITY COLLEGE                  ,OR,97405-0640,Public       ,236,537,773,3728,6204,9932
00319700,LEWIS & CLARK COLLEGE                   ,OR,97219-7899,Private      ,21,51,72,3371,2573,5944
00319800,LINFIELD COLLEGE                        ,OR,97128-6894,Private      ,21,21,42,2796,503,3299
00319801,LINFIELD COLLEGE - PORTLAND CAMPUS      ,OR,97210-0000,Private      ,4,14,18,370,721,1091
00319900,MARYLHURST UNIVERSITY                   ,OR,97036-7036,Private      ,4,106,110,118,1058,1176
00320300,MOUNT ANGEL SEMINARY                    ,OR,97373-0505,Private      ,2,0,2,11,30,41
00320400,MOUNT HOOD COMMUNITY COLLEGE            ,OR,97030-3300,Public       ,172,361,533,2764,3844,6608
00320600,MULTNOMAH BIBLE COLLEGE/SEMINARY        ,OR,97220-5898,Private      ,13,24,37,541,500,1041
00320700,PACIFIC NORTHWEST COLLEGE OF ART        ,OR,97209-3023,Private      ,12,19,31,386,330,716
00320800,NORTHWEST CHRISTIAN UNIVERSITY          ,OR,97401-3727,Private      ,7,28,35,406,425,831
00320900,WESTERN OREGON UNIVERSITY               ,OR,97361-1394,Public       ,80,96,176,4337,1697,6034
00321000,OREGON STATE UNIVERSITY                 ,OR,97331-8507,Public       ,296,283,579,14124,6809,20933
00321100,OREGON INSTITUTE OF TECHNOLOGY          ,OR,97601-8801,Public       ,37,53,90,1644,1402,3046
00321200,PACIFIC UNIVERSITY                      ,OR,97116-1797,Private      ,24,74,98,2114,2278,4392
00321300,PORTLAND COMMUNITY COLLEGE              ,OR,97219-7198,Public       ,570,1350,1920,6427,13787,20214
00321600,PORTLAND STATE UNIVERSITY               ,OR,97207-0000,Public       ,348,864,1212,9311,14866,24177
00321700,REED COLLEGE                            ,OR,97202-8199,Private      ,25,19,44,2216,266,2482
00321800,CHEMEKETA COMMUNITY COLLEGE             ,OR,97309-1500,Public       ,241,632,873,3079,5873,8952
00321900,SOUTHERN OREGON UNIVERSITY              ,OR,97520-5010,Public       ,123,132,255,3755,2150,5905
00322000,SOUTHWESTERN OREGON COMMUNITY CLG       ,OR,97420-2956,Public       ,52,88,140,1018,913,1931
00322100,TREASURE VALLEY COMMUNITY COLLEGE       ,OR,97914-3423,Public       ,56,167,223,898,1214,2112
00322200,UMPQUA COMMUNITY COLLEGE                ,OR,97470-0226,Public       ,41,167,208,768,1191,1959
00322300,UNIVERSITY OF OREGON                    ,OR,97403-1226,Public       ,329,246,575,14455,7825,22280
00322400,UNIVERSITY OF PORTLAND                  ,OR,97203-5798,Private      ,54,50,104,5379,1385,6764
00322500,WARNER PACIFIC COLLEGE                  ,OR,97215-4099,Private      ,11,98,109,565,627,1192
00322700,WILLAMETTE UNIVERSITY                   ,OR,97301-3930,Private      ,39,30,69,3040,1472,4512
00487800,CLACKAMAS COMMUNITY COLLEGE             ,OR,97045-7998,Public       ,121,260,381,1775,2570,4345
00488200,OREGON HEALTH & SCIENCE UNIVERSITY      ,OR,97239-0000,Public       ,9,50,59,425,2524,2949
00488230,OREGON GRAD INST OF SCIENCE & TECH      ,OR,97006-0000,Public       ,1,1,2,6,29,35
00693800,LINN BENTON COMMUNITY COLLEGE           ,OR,97321-3774,Public       ,182,291,473,2304,2784,5088
00717800,WESTERN SEMINARY                        ,OR,97215-0000,Private      ,0,26,26,2,183,185
00723402,HEALD COLLEGE - PORTLAND                ,OR,97205-3432,Proprietary  ,0,4,4,33,95,128
00781900,ART INSTITUTE OF PORTLAND (THE)         ,OR,97209-2911,Proprietary  ,90,87,177,1319,1139,2458
00888700,CONCORDE CAREER INSTITUTE               ,OR,97232-2242,Proprietary  ,33,128,161,178,609,787
00907900,EVEREST COLLEGE                         ,OR,97204-2296,Proprietary  ,136,497,633,588,2627,3215
00958100,SPRINGFIELD COLLEGE OF BEAUTY           ,OR,97477-5474,Proprietary  ,12,6,18,72,90,162
01012200,PHAGANS' MEDFORD BEAUTY SCHOOL          ,OR,97504-5297,Proprietary  ,8,20,28,44,98,142
01018200,ROGUE COMMUNITY COLLEGE                 ,OR,97527-0000,Public       ,131,365,496,1393,2970,4363
01050700,ACADEMY OF HAIR DESIGN                  ,OR,97301-3526,Proprietary  ,8,17,25,28,72,100
01185200,ITT TECHNICAL INSTITUTE                 ,OR,97220-0000,Proprietary  ,112,179,291,577,1001,1578
01230900,WESTERN STATES CHIROPRACTIC COLLEGE     ,OR,97230-3099,Private      ,1,21,22,19,466,485
01234700,PHAGANS CENTRAL OREGON BEAUTY CLG       ,OR,97701-5175,Proprietary  ,9,17,26,46,105,151
01234800,PHAGANS BEAUTY COLLEGE                  ,OR,97333-4716,Proprietary  ,6,6,12,52,55,107
01235000,PHAGANS SCHOOL OF HAIR DESIGN           ,OR,97267-4808,Proprietary  ,2,4,6,25,51,76
01235100,PHAGANS SCHOOL OF BEAUTY                ,OR,97301-4732,Proprietary  ,9,9,18,35,78,113
01300800,PHAGANS TIGARD BEAUTY SCHOOL            ,OR,97223-0000,Proprietary  ,2,5,7,23,32,55
02101000,NORTHWEST COLLEGE OF HAIR DESIGN        ,OR,97086-7702,Proprietary  ,12,12,24,44,98,142
02101002,NORTHWEST COLLEGE                       ,OR,97007-3954,Proprietary  ,0,1,1,14,26,40
02104900,COLLEGE OF LEGAL ARTS                   ,OR,97219-9998,Proprietary  ,5,25,30,17,136,153
02106100,COLLEGE OF COSMETOLOGY                  ,OR,97601-0000,Proprietary  ,8,12,20,35,45,80
02154400,BEAU MONDE CLG OF HAIR DESIGN           ,OR,97205-0000,Proprietary  ,15,28,43,86,143,229
02159700,EUGENE BIBLE COLLEGE                    ,OR,97405-0000,Private      ,4,3,7,123,106,229
02201900,PHAGANS' SCHOOL OF HAIR DESIGN          ,OR,97232-0000,Proprietary  ,13,36,49,82,153,235
02311000,PAUL MITCHELL THE SCHOOL                ,OR,97103-0000,Proprietary  ,5,5,10,15,29,44
02330100,PIONEER PACIFIC COLLEGE                 ,OR,97070-0000,Proprietary  ,31,93,124,267,929,1196
02330102,PIONEER PACIFIC COLLEGE                 ,OR,97403-0000,Proprietary  ,12,60,72,126,507,633
02337900,COLLEGE OF HAIR DESIGN CAREERS          ,OR,97301-0000,Proprietary  ,10,8,18,49,55,104
02344100,ROSEBURG BEAUTY COLLEGE                 ,OR,97470-0000,Proprietary  ,2,10,12,28,62,90
02534000,NATIONAL COLLEGE OF NATURAL MEDICINE    ,OR,97201-0000,Private      ,0,9,9,9,551,560
02578800,NORTHWEST NANNIES INSTITUTE             ,OR,97035-0000,Proprietary  ,4,1,5,30,4,34
02603700,OREGON COL OF ORIENTAL MEDICINE         ,OR,97216-0000,Private      ,0,3,3,3,290,293
03007300,OREGON COLLEGE OF ART & CRAFT           ,OR,97225-6399,Private      ,3,10,13,103,192,295
03022600,WESTERN CULINARY INSTITUTE              ,OR,97205-2793,Proprietary  ,221,427,648,1848,2503,4351
03042500,APOLLO COLLEGE                          ,OR,97232-1302,Proprietary  ,84,318,402,323,1135,1458
03074400,PHAGANS NEWPORT ACAD CSMTLGY CAREER     ,OR,97365-4963,Proprietary  ,1,13,14,13,35,48
03074500,EAST-WEST COLLEGE OF THE HEALING ARTS   ,OR,97232-2765,Proprietary  ,9,42,51,66,285,351
03185300,PHAGANS GRANTS PASS COLLEGE OF BTY      ,OR,97527-3039,Proprietary  ,7,20,27,39,63,102
03428300,KLAMATH COMMUNITY COLLEGE               ,OR,97603-7121,Public       ,24,103,127,240,822,1062
03642300,VALLEY MEDICAL COLLEGE                  ,OR,97305-1373,Proprietary  ,6,28,34,23,120,143
03668300,BIRTHINGWAY COLLEGE OF MIDWIFERY        ,OR,97266-4042,Private      ,0,6,6,5,89,94
03783400,ABDILL CAREER COLLEGE                   ,OR,97504-7137,Proprietary  ,5,18,23,16,96,112
03932400,GUTENBERG COLLEGE                       ,OR,97403-1368,Private      ,0,1,1,27,18,45
00137400,ALBERTUS MAGNUS COLLEGE                 ,CT,06511-1189,Private      ,9,81,90,721,682,1403
00137403,ALBERTUS MAGNUS CLG-NEW DIMENSIONS      ,CT,06511-0000,Private      ,8,155,163,51,714,765
00137800,CENTRAL CONNECTICUT STATE UNIV          ,CT,06050-2490,Public       ,169,200,369,7412,3094,10506
00137900,CONNECTICUT COLLEGE                     ,CT,06320-4196,Private      ,25,4,29,2062,78,2140
00138000,WESTERN CONNECTICUT STATE UNIV          ,CT,06810-6826,Public       ,81,78,159,4073,1169,5242
00138500,FAIRFIELD UNIVERSITY                    ,CT,06430-0000,Private      ,50,51,101,5221,609,5830
00138700,HARTFORD SEMINARY                       ,CT,06105-0000,Private      ,1,0,1,10,17,27
00138900,HOLY APOSTLES COLLEGE & SEMINARY        ,CT,06416-2005,Private      ,0,4,4,6,45,51
00139200,MANCHESTER COMMUNITY COLLEGE            ,CT,06045-1046,Public       ,180,241,421,2106,1922,4028
00139300,MITCHELL COLLEGE                        ,CT,06320-4498,Private      ,11,13,24,765,164,929
00139700,UNIVERSITY OF NEW HAVEN                 ,CT,06516-1999,Private      ,46,111,157,3492,1379,4871
00139800,NORTHWESTERN CT COMMUNITY COLLEGE       ,CT,06098-1747,Public       ,38,57,95,377,402,779
00139900,NORWALK COMMUNITY TECHNICAL COLLEGE     ,CT,06854-1655,Public       ,82,131,213,1153,1472,2625
00140100,POST UNIVERSITY                         ,CT,06723-3240,Proprietary  ,32,157,189,1026,823,1849
00140200,QUINNIPIAC UNIVERSITY                   ,CT,06518-1908,Private      ,63,48,111,8899,1223,10122
00140201,QUINNIPIAC UNIVERSITY SCHOOL OF LAW     ,CT,06518-0000,Private      ,2,5,7,129,1056,1185
00140300,SACRED HEART UNIVERSITY                 ,CT,06825-1000,Private      ,73,98,171,5626,1123,6749
00140600,SOUTHERN CONNECTICUT STATE UNIV         ,CT,06515-1355,Public       ,162,279,441,7472,3978,11450
00140900,SAINT JOSEPH COLLEGE                    ,CT,06117-2791,Private      ,17,63,80,921,869,1790
00141400,TRINITY COLLEGE                         ,CT,06106-3100,Private      ,32,17,49,2439,224,2663
00141600,UNIVERSITY OF BRIDGEPORT                ,CT,06601-5650,Private      ,56,152,208,1829,1802,3631
00141700,UNIVERSITY OF CONNECTICUT-STORRS        ,CT,06269-2151,Public       ,201,189,390,20939,4438,25377
00141702,UNIV CONN STAMFORD                      ,CT,06901-0000,Public       ,20,20,40,375,198,573
00141703,UNIV OF CONNECTICUT - TORINGTON         ,CT,06790-0000,Public       ,2,1,3,181,56,237
00141706,UNIV OF CONNECTICUT SCH LAW             ,CT,06105-0000,Public       ,1,7,8,26,1081,1107
00141707,UNIV OF CT - SCH OF SOCIAL WORK         ,CT,06117-0000,Public       ,3,10,13,72,467,539
00141708,UNIVERSITY OF CONNECTICUT - SCHOOL OF ME,CT,06030-1920,Public       ,0,4,4,8,408,416
00141709,UNIVERSITY OF CONNECTICUT - SCHOOL OF DE,CT,06030-1920,Public       ,0,1,1,2,196,198
00142200,UNIVERSITY OF HARTFORD                  ,CT,06117-1599,Private      ,71,65,136,8319,1370,9689
00142400,WESLEYAN UNIVERSITY                     ,CT,06459-3208,Private      ,31,3,34,3402,121,3523
00142500,EASTERN CONNECTICUT STATE UNIV          ,CT,06226-2295,Public       ,96,79,175,4483,1019,5502
00142600,YALE UNIVERSITY                         ,CT,06520-8288,Private      ,167,84,251,10043,5700,15743
00142601,YALE UNIV PHYSICIANS ASSOC PROG         ,CT,06510-0000,Private      ,0,1,1,2,65,67
00142602,YALE UNIV EPIDEMIOLOGY & PUB HLTH       ,CT,06510-0000,Private      ,0,1,1,4,190,194
00142603,YALE UNIV SCHOOL MEDICINE               ,CT,06510-0000,Private      ,1,4,5,19,668,687
00280301,RENSSELAER POLYTECHNIC INSTITUTE-RENSSEL,CT,06120-2991,Private      ,0,8,8,2,52,54
00280303,RENSSELAER POLYTECHNIC INSTITUTE - RENSS,CT,06340-6097,Private      ,0,0,0,3,0,3
00280400,RENSSELAER HARTFORD GRADUATE CENTER     ,CT,06120-0000,Private      ,0,0,0,0,25,25
00451300,HOUSATONIC COMMUNITY COLLEGE            ,CT,06604-4704,Public       ,136,309,445,1446,2441,3887
00618100,BRIDGEPORT HOSP SCHL OF NURSING         ,CT,06610-2896,Private      ,1,16,17,72,255,327
00619100,ST. VINCENT'S COLLEGE                   ,CT,06606-9966,Private      ,14,30,44,180,485,665
00698200,NAUGATUCK VALLEY COMM-TECH COLG         ,CT,06708-3089,Public       ,134,213,347,1569,1777,3346
00730000,ELI WHITNEY TECHNICAL HIGH SCHOOL       ,CT,06514-0000,Public       ,0,19,19,20,90,110
00730300,LINCOLN TECHNICAL INSTITUTE             ,CT,06051-0000,Proprietary  ,109,268,377,571,1398,1969
00730500,PORTER AND CHESTER INSTITUTE OF BRANFORD,CT,06405-4022,Proprietary  ,23,43,66,140,164,304
00731100,WINDHAM TECHNICAL HIGH SCHOOL           ,CT,06226-2100,Public       ,1,5,6,5,28,33
00745900,PAIER COLLEGE OF ART                    ,CT,06514-3902,Proprietary  ,7,7,14,157,76,233
00763500,CAPITAL COMMUNITY COLLEGE               ,CT,06103-1207,Public       ,120,331,451,1157,2498,3655
00803700,GATEWAY COMMUNITY-TECHNICAL COLLEGE     ,CT,06511-0000,Public       ,120,307,427,1628,2629,4257
00803800,MIDDLESEX COMMUNITY CLG                 ,CT,06457-4889,Public       ,55,135,190,642,919,1561
00887200,RENASCI ACADEMY OF HAIR                 ,CT,06460-4160,Proprietary  ,0,3,3,9,23,32
00887300,PAUL MITCHELL THE SCHOOL                ,CT,06810-6716,Proprietary  ,7,15,22,30,55,85
00887400,BRIO ACADEMY OF COSMETOLOGY             ,CT,06450-4836,Proprietary  ,34,37,71,131,232,363
00906500,THE HARTFORD CONSERVATORY               ,CT,06105-2891,Private      ,2,1,3,53,16,69
00927700,E C GOODWIN TECHNICAL HIGH SCHOOL       ,CT,06053-0000,Public       ,1,8,9,13,41,54
00929100,J M WRIGHT TECHNICAL HIGH SCHOOL        ,CT,06904-0000,Public       ,0,8,8,6,29,35
00940700,BRIARWOOD COLLEGE                       ,CT,06489-1057,Proprietary  ,24,27,51,510,341,851
00976400,TUNXIS COMMUNITY COLLEGE                ,CT,06032-3187,Public       ,73,137,210,962,1148,2110
00976500,THREE RIVERS COMMUNITY TECH COLLEGE     ,CT,06360-0000,Public       ,65,199,264,986,1588,2574
00982200,ALBERT I PRINCE TECHNICAL HIGH SCHOOL   ,CT,06106-3799,Public       ,2,7,9,12,60,72
01041700,BRIO ACADEMY OF EAST HARTFORD           ,CT,06108-2220,Proprietary  ,15,34,49,67,128,195
01053000,QUINEBAUG VALLEY COMMUNITY COLLEGE      ,CT,06239-1440,Public       ,51,99,150,516,817,1333
01077900,PORTER AND CHESTER INSTITUTE-ALLCAMPUSES,CT,06615-7158,Proprietary  ,155,268,423,785,1256,2041
01077904,PORTER & CHESTER INSTITUTE              ,CT,06109-0000,Proprietary  ,0,0,0,0,1,1
01115000,ASNUNTUCK COMMUNITY COLLEGE             ,CT,06082-3800,Public       ,20,35,55,295,359,654
01149600,BULLARD HAVENS VOC TECH SCHOOL          ,CT,06610-3499,Public       ,1,6,7,5,43,48
01169700,VINAL REGIONAL VOC TECH SCHOOL          ,CT,06457-4918,Public       ,0,8,8,6,43,49
01184300,NORWICH TECHNICAL HIGH SCHOOL           ,CT,06360-7097,Public       ,1,7,8,8,43,51
01218500,H C WILCOX TECHNICAL HIGH SCHOOL        ,CT,06450-0000,Public       ,2,3,5,4,5,9
01242500,STONE ACADEMY                           ,CT,06514-4125,Proprietary  ,26,236,262,127,1132,1259
01242503,STONE ACADEMY -WATERBURY                ,CT,06705-3823,Proprietary  ,0,7,7,6,20,26
01287700,GIBBS COLLEGE                           ,CT,06855-1436,Proprietary  ,65,116,181,551,664,1215
01291300,LEON INSTITUTE OF HAIR DESIGN           ,CT,06604-4226,Proprietary  ,2,17,19,11,48,59
01326400,HENRY ABBOTT TECHNICAL HIGH SCHOOL      ,CT,06811-4881,Public       ,1,7,8,6,22,28
02058900,HARVARD H ELLIS TECHNICAL HIGH SCHOOL   ,CT,06239-0000,Public       ,1,1,2,18,13,31
02074000,BRANFORD HALL CAREER INSTITUTE          ,CT,06405-0000,Proprietary  ,191,719,910,663,2574,3237
02106600,FOX INSTITUTE OF BUSINESS               ,CT,06110-0000,Proprietary  ,25,73,98,89,340,429
02112300,RIDLEY LOWELL BUSINESS & TECH INST      ,CT,06320-0000,Proprietary  ,22,102,124,47,361,408
02112700,NORTH HAVEN ACADEMY                     ,CT,06473-3108,Proprietary  ,12,12,24,99,59,158
02115100,BUTLER BUSINESS SCHOOL                  ,CT,06604-0000,Proprietary  ,10,84,94,33,236,269
02148700,CONNECTICUT INST OF HAIR DESIGN         ,CT,06716-0000,Proprietary  ,8,6,14,16,17,33
02202500,NEW ENGLAND TRACTOR TRAILER SCH         ,CT,06071-2036,Proprietary  ,16,223,239,51,652,703
02213000,ELLA T GRASSO SOUTHEASTERN TECHNICAL HIG,CT,06340-0000,Public       ,0,1,1,4,9,13
02228800,BARAN INSTITUTE OF TECHNOLOGY           ,CT,06088-9631,Proprietary  ,84,69,153,773,338,1111
02244900,GOODWIN COLLEGE                         ,CT,06118-9980,Private      ,33,195,228,316,1680,1996
02245300,HOWELL CHENEY TECHNICAL HIGH SCHOOL     ,CT,06040-0000,Public       ,0,7,7,4,32,36
02265900,WINDHAM COMMUNITY MEM HOSP-RAD TECH     ,CT,06226-0000,Private      ,0,1,1,11,26,37
02296100,YALE-NEW HAVEN HOSP DIETETIC INTERN     ,CT,06510-8900,Private      ,0,0,0,9,12,21
02300000,W F KAYNOR TECHNICAL HIGH SCHOOL        ,CT,06708-0000,Public       ,0,5,5,4,37,41
02316600,CONNECTICUT CTR FOR MASSAGE THERAPY     ,CT,06111-3975,Proprietary  ,8,45,53,58,249,307
02316601,CONNECTICUT CENTER FOR MASSAGE THERAPY -,CT,06880-4619,Proprietary  ,3,27,30,27,125,152
02316603,CONNECTICUT CENTER FOR MASSAGE THERAPY -,CT,06340-4619,Proprietary  ,6,25,31,25,121,146
02562400,EMMETT O BRIEN REG VOC TECH SCHOOL      ,CT,06401-2500,Public       ,0,1,1,0,4,4
02565000,PLATT TECHNICAL HIGH SCHOOL             ,CT,06460-2105,Public       ,0,2,2,11,16,27
03079400,LYME ACADEMY COLLEGE OF FINE ARTS       ,CT,06371-2333,Private      ,1,1,2,86,43,129
03094800,INDUSTRIAL MANAGEMENT & TRAINING        ,CT,06706-1211,Proprietary  ,6,21,27,43,135,178
03231400,OLIVER WOLCOTT TECHNICAL HIGH SCHOOL    ,CT,06790-3859,Public       ,0,1,1,2,7,9
03234300,CHARTER OAK STATE COLLEGE               ,CT,06053-2150,Public       ,4,82,86,39,685,724
03316300,LINCOLN TECHNICAL INSTITUTE - HARTFORD  ,CT,06105-3630,Proprietary  ,36,61,97,360,288,648
03381300,CONNECTICUT TRAINING CENTER             ,CT,06108-2705,Private      ,13,46,59,50,228,278
03927300,ALBERT SCHOOL (THE)                     ,CT,06357-2447,Proprietary  ,11,18,29,31,51,82
04053300,CLEMENS COLLEGE                         ,CT,06078-0000,Proprietary  ,3,4,7,3,4,7
00146600,BARRY UNIVERSITY                        ,FL,33161-6695,Private      ,126,437,563,3810,6939,10749
00146601,BARRY UNIVERSITY SCHOOL OF LAW          ,FL,32807-0000,Private      ,1,18,19,49,1031,1080
00146700,BETHUNE COOKMAN UNIVERSITY              ,FL,32114-3099,Private      ,120,57,177,5323,1012,6335
00146800,ST THOMAS UNIVERSITY                    ,FL,33054-0000,Private      ,33,133,166,1122,2471,3593
00146900,FLORIDA INSTITUTE OF TECHNOLOGY         ,FL,32901-6988,Private      ,37,79,116,3102,1023,4125
00147000,BREVARD COMMUNITY COLLEGE               ,FL,32922-6503,Public       ,285,575,860,2917,4321,7238
00147100,CENTRAL FLORIDA COMMUNITY COLLEGE       ,FL,34478-1388,Public       ,218,426,644,2473,3176,5649
00147200,CHIPOLA  COLLEGE                        ,FL,32446-2053,Public       ,59,95,154,646,725,1371
00147300,CLEARWATER CHRISTIAN COLLEGE            ,FL,33759-0000,Private      ,21,4,25,696,94,790
00147500,DAYTONA STATE COLLEGE                   ,FL,32114-2800,Public       ,411,866,1277,3747,5622,9369
00147700,EDISON COLLEGE                          ,FL,33906-6210,Public       ,274,406,680,2964,3367,6331
00147800,EDWARD WATERS COLLEGE                   ,FL,32209-6199,Private      ,20,49,69,935,661,1596
00147900,EMBRY-RIDDLE AERONAUTICAL UNIV          ,FL,32114-3900,Private      ,132,526,658,6447,4156,10603
00148000,FLORIDA A & M UNIVERSITY                ,FL,32307-3100,Public       ,346,239,585,12404,5665,18069
00148100,FLORIDA ATLANTIC UNIVERSITY             ,FL,33431-6498,Public       ,371,613,984,10760,8495,19255
00148101,FLORIDA ATLANTIC UNIVERSITY/DAVIE       ,FL,33314-0000,Public       ,31,161,192,778,2042,2820
00148103,FLORIDA ATLANTIC UNIV-JUPITER/PSL       ,FL,33458-0000,Public       ,22,43,65,441,490,931
00148200,FLORIDA COLLEGE                         ,FL,33617-5578,Private      ,9,3,12,411,38,449
00148400,FLORIDA STATE COLLEGE AT JACKSONVILLE   ,FL,32202-4030,Public       ,641,1711,2352,6983,13350,20333
00148500,FLORIDA KEYS COMMUNITY COLLEGE          ,FL,33040-4397,Public       ,25,70,95,205,397,602
00148600,FLORIDA MEMORIAL UNIVERSITY             ,FL,33054-6199,Private      ,55,83,138,1770,1235,3005
00148700,ECKERD COLLEGE                          ,FL,33711-4744,Private      ,22,80,102,2203,647,2850
00148800,FLORIDA SOUTHERN COLLEGE                ,FL,33801-5698,Private      ,40,60,100,2101,636,2737
00148900,FLORIDA STATE UNIVERSITY                ,FL,32306-2430,Public       ,713,557,1270,26258,12598,38856
00149000,GULF COAST COMMUNITY COLLEGE            ,FL,32401-1058,Public       ,110,367,477,1441,2561,4002
00149300,INDIAN RIVER STATE COLLEGE              ,FL,34981-5596,Public       ,280,567,847,2825,3607,6432
00149500,JACKSONVILLE UNIVERSITY                 ,FL,32211-3394,Private      ,75,258,333,2845,2145,4990
00149700,JONES COLLEGE                           ,FL,32211-5588,Private      ,5,71,76,81,787,868
00149900,EVEREST UNIVERSITY                      ,FL,32810-5601,Proprietary  ,317,1649,1966,1582,9225,10807
00150000,BROWARD COLLEGE- DOWNTOWN CTR           ,FL,33301-2208,Public       ,391,770,1161,3670,5490,9160
00150001,BROWARD COLLEGE - DAVIE CAMPUS          ,FL,33314-0000,Public       ,199,320,519,2944,3102,6046
00150002,BROWARD COLLEGE- NORTH CAMPUS           ,FL,33066-0000,Public       ,144,237,381,1799,2238,4037
00150003,BROWARD COLLEGE- SOUTH CAMPUS           ,FL,33024-0000,Public       ,187,284,471,2164,2479,4643
00150100,LAKE CITY COMMUNITY COLLEGE             ,FL,32025-2007,Public       ,54,193,247,734,1437,2171
00150200,LAKE SUMTER COMMUNITY COLLEGE           ,FL,34788-8751,Public       ,113,214,327,1045,1366,2411
00150400,MANATEE COMMUNITY COLLEGE               ,FL,34207-3596,Public       ,274,527,801,2551,3831,6382
00150500,LYNN UNIVERSITY                         ,FL,33431-5598,Private      ,36,51,87,1386,640,2026
00150600,MIAMI DADE COLLEGE ADMINISTRATION ONLY  ,FL,33176-3393,Public       ,43,95,138,1207,1389,2596
00150601,MIAMI DADE COLLEGE - NORTH CAMPUS       ,FL,33167-3495,Public       ,708,1284,1992,8029,10920,18949
00150602,MIAMI DADE COLLEGE - KENDALL CAMPUS     ,FL,33176-3393,Public       ,814,955,1769,8850,7259,16109
00150603,MIAMI DADE COLLEGE - WOLFSON CAMPUS     ,FL,33132-2297,Public       ,406,592,998,4529,5126,9655
00150604,MIAMI DADE COLLEGE - MEDICAL CAMPUS     ,FL,33127-4693,Public       ,61,206,267,900,2360,3260
00150605,MIAMI DADE COLLEGE - HOMESTEAD CAMPUS   ,FL,33030-6009,Public       ,84,211,295,962,1430,2392
00150606,MIAMI DADE COLLEGE -INTERAMERICAN CAMPUS,FL,33135-0000,Public       ,240,460,700,2042,4136,6178
00150800,NORTH FLORIDA COMMUNITY COLLEGE         ,FL,32340-1699,Public       ,27,63,90,404,610,1014
00150900,NOVA SOUTHEASTERN UNIVERSITY            ,FL,33314-7796,Private      ,146,2167,2313,3343,25148,28491
00151000,NORTHWEST FLORIDA STATE COLLEGE         ,FL,32578-1295,Public       ,101,376,477,1242,2398,3640
00151200,PALM BEACH COMMUNITY COLLEGE            ,FL,33461-4796,Public       ,580,872,1452,5706,6072,11778
00151300,PENSACOLA JR COLLEGE                    ,FL,32504-8998,Public       ,260,742,1002,2833,4588,7421
00151400,POLK COMMUNITY COLLEGE                  ,FL,33881-4299,Public       ,159,359,518,1734,2671,4405
00151500,ROLLINS COLLEGE                         ,FL,32789-4499,Private      ,41,116,157,1869,1212,3081
00151900,SANTA FE COLLEGE                        ,FL,32606-6200,Public       ,356,462,818,5324,4633,9957
00152000,SEMINOLE COMMUNITY COLLEGE              ,FL,32773-6199,Public       ,331,693,1024,3437,5327,8764
00152100,SOUTHEASTERN UNIVERSITY                 ,FL,33801-6099,Private      ,61,83,144,2446,885,3331
00152200,SOUTH FLORIDA COMMUNITY COLLEGE         ,FL,33825-9399,Public       ,60,152,212,784,1026,1810
00152201,SOUTH FLORIDA COMMUNITY COLLEGE - LAKE P,FL,33852-9605,Public       ,1,5,6,15,31,46
00152300,ST JOHNS RIVER COMMUNITY COLLEGE        ,FL,32177-3897,Public       ,133,274,407,1281,2210,3491
00152600,SAINT LEO UNIVERSITY                    ,FL,33574-6665,Private      ,109,1186,1295,2442,10662,13104
00152800,ST. PETERSBURG COLLEGE                  ,FL,33760-3768,Public       ,506,1223,1729,4864,10818,15682
00153100,STETSON UNIVERSITY                      ,FL,32723-3761,Private      ,58,45,103,2291,610,2901
00153101,STETSON UNIVERSITY - COLLEGE OF LAW     ,FL,33707-3299,Private      ,2,45,47,24,1628,1652
00153300,TALLAHASSEE COMMUNITY COLLEGE           ,FL,32304-2895,Public       ,433,590,1023,6172,5350,11522
00153400,EVEREST UNIVERSITY                      ,FL,33614-5801,Proprietary  ,231,2012,2243,1232,10932,12164
00153500,UNIVERSITY OF FLORIDA                   ,FL,32611-3150,Public       ,593,545,1138,24548,14360,38908
00153600,UNIVERSITY OF MIAMI                     ,FL,33146-6531,Private      ,338,225,563,12577,4189,16766
00153601,UNIV OF MIAMI SCHOOL OF LAW             ,FL,33124-0000,Private      ,2,19,21,64,1909,1973
00153602,UNIV OF MIAMI-SCH OF MEDICINE           ,FL,33136-0000,Private      ,19,22,41,498,1026,1524
00153700,UNIVERSITY OF SOUTH FLORIDA             ,FL,33620-6960,Public       ,627,998,1625,21965,14948,36913
00153701,UNIV OF SOUTH FLORIDA-ST PETERSBURG     ,FL,33701-0000,Public       ,19,39,58,473,609,1082
00153702,UNIV OF SOUTH FLORIDA-SARASOTA          ,FL,34243-0000,Public       ,7,37,44,185,471,656
00153705,UNIV OF SOUTH FLORIDA                   ,FL,33803-0000,Public       ,25,33,58,480,371,851
00153706,UNIV OF SOUTH FLORIDA- MEDICINE         ,FL,33612-0000,Public       ,24,16,40,589,835,1424
00153800,UNIVERSITY OF TAMPA                     ,FL,33606-1490,Private      ,109,134,243,5368,1527,6895
00154000,WEBBER INTERNATIONAL UNIVERSITY         ,FL,33827-0096,Private      ,13,9,22,588,195,783
00173308,NATIONAL-LOUIS UNIVERSITY               ,FL,33609-0000,Private      ,0,20,20,6,104,110
00177201,TRINITY INTERNATIONAL UNIVERSITY - SOUTH,FL,33324-4611,Private      ,6,41,47,26,331,357
00395400,UNIV OF CENTRAL FLORIDA                 ,FL,32816-0001,Public       ,762,804,1566,29330,14042,43372
00395500,UNIVERSITY OF WEST FLORIDA              ,FL,32514-5750,Public       ,151,350,501,4156,4030,8186
00407215,NORTHWOOD UNIVERSITY                    ,FL,33409-0000,Private      ,13,26,39,510,273,783
00558500,LIVELY TECHNICAL CENTER                 ,FL,32304-0000,Public       ,24,124,148,223,756,979
00558501,LIVELY TECHNICAL CENTER - AVIATION SCHOO,FL,32304-8723,Public       ,2,4,6,7,12,19
00558600,LINDSEY HOPKINS TECHNICAL ED CENTER     ,FL,33127-4692,Public       ,23,96,119,147,589,736
00559400,D G ERWIN TECHNICAL CENTER              ,FL,33610-8255,Public       ,30,127,157,263,1043,1306
00560500,PINELLAS TECH ED CTR-CLEARWATER         ,FL,33760-2194,Public       ,39,97,136,143,461,604
00560700,SARASOTA COUNTY TECHNICAL INSTITUTE     ,FL,34233-0000,Public       ,8,45,53,83,279,362
00560800,TRAVISS TECHNICAL CENTER                ,FL,33803-0000,Public       ,17,73,90,145,522,667
00561200,MANATEE TECHNICAL INSTITUTE             ,FL,34210-0000,Public       ,22,91,113,119,477,596
00561201,MANATEE TECHNICAL INSTITUTE-EAST        ,FL,34211-0000,Public       ,4,27,31,20,166,186
00675000,VALENCIA COMMUNITY COLLEGE              ,FL,32802-3028,Public       ,1181,1609,2790,12906,11096,24002
00752500,SUWANNEE-HAMILTON AREA VOC TECH CTR     ,FL,32060-0000,Public       ,3,22,25,42,160,202
00752600,WASHINGTON HOLMES TECHNICAL CENTER      ,FL,32428-1699,Public       ,11,33,44,92,279,371
00755800,LEE COUNTY HIGH TECH CENTER CENTRAL     ,FL,33916-2299,Public       ,16,35,51,134,237,371
00758600,REMINGTON COLLEGE - TAMPA CAMPUS        ,FL,33612-8410,Proprietary  ,44,135,179,331,1033,1364
00758604,REMINGTON COLLEGE-LARGO CAMPUS          ,FL,33771-0000,Proprietary  ,0,3,3,7,35,42
00758605,REMINGTON COLLEGE-JACKSONVILLE CAMPUS   ,FL,32256-6932,Proprietary  ,1,3,4,10,35,45
00787000,HILLSBOROUGH COMMUNITY COLLEGE          ,FL,33606-3572,Public       ,623,1153,1776,6720,8895,15615
00789300,FLAGLER COLLEGE                         ,FL,32085-1027,Private      ,67,37,104,2294,536,2830
00807500,ST JOHN VIANNEY COLLEGE SEMINARY        ,FL,33165-3244,Private      ,2,1,3,14,5,19
00814600,EVEREST UNIVERSITY - POMPANO BEACH      ,FL,33062-2522,Proprietary  ,95,518,613,594,3354,3948
00822300,ST VINCENT DE PAUL REGIONL SEMINARY     ,FL,33436-0000,Private      ,0,3,3,0,8,8
00841700,STENOTYPE INST OF JACKSONVILLE          ,FL,32207-0000,Proprietary  ,20,99,119,78,420,498
00850100,RASMUSSEN COLLEGE                       ,FL,34471-7051,Proprietary  ,31,123,154,155,641,796
00850103,RASMUSSEN COLLEGE-HOLIDAY               ,FL,34690-0000,Proprietary  ,19,97,116,87,479,566
00884800,WARNER SOUTHERN COLLEGE                 ,FL,33859-8725,Private      ,25,94,119,479,624,1103
00884900,PALM BEACH ATLANTIC UNIVERSITY          ,FL,33401-6505,Private      ,50,114,164,2134,1796,3930
00887800,MIAMI INTERNATIONAL UNIV ART&DESIGN     ,FL,33132-1418,Proprietary  ,172,197,369,1878,1294,3172
00910400,RIVERSIDE HAIRSTYLING ACADEMY           ,FL,32207-3810,Proprietary  ,7,20,27,22,77,99
00963500,FLORIDA INTERNATIONAL UNIVERSITY        ,FL,33199-0001,Public       ,689,1191,1880,20497,16039,36536
00984100,UNIVERSITY OF NORTH FLORIDA             ,FL,32224-2645,Public       ,223,381,604,7931,5486,13417
00990200,SHERIDAN TECHNICAL CENTER               ,FL,33021-3399,Public       ,47,212,259,264,894,1158
01016100,"LORAINE'S ACADEMY, INC                  ",FL,33710-0000,Proprietary  ,15,42,57,45,161,206
01019500,ART INSTITUTE OF FT LAUDERDALE          ,FL,33316-3000,Proprietary  ,145,189,334,2025,1689,3714
01065200,PASCO-HERNANDO COMMUNITY CLG            ,FL,34654-5199,Public       ,211,456,667,2037,3544,5581
01072401,CARLOS ALBIZU UNIVERSITY                ,FL,33172-0000,Private      ,11,105,116,109,1076,1185
01082600,TOM P. HANEY TECHNICAL CENTER           ,FL,32405-5099,Public       ,13,56,69,83,390,473
01112700,GOODING INST OF NUR ANES BAY MED CT     ,FL,32401-0000,Public       ,0,1,1,1,43,44
01226300,ATLANTIC TECHNICAL CENTER               ,FL,33063-3902,Public       ,41,134,175,248,610,858
01254400,FIRST COAST TECHNICAL COLLEGE           ,FL,32084-1921,Public       ,27,64,91,124,422,546
01254401,FIRST COAST TECHNICAL INSTITUTE - PUTNAM,FL,32077-6830,Public       ,2,5,7,4,12,16
01257400,RINGLING SCHOOL OF ART AND DESIGN       ,FL,34234-5895,Private      ,17,9,26,1136,278,1414
01303904,SOUTH UNIVERSITY                        ,FL,33409-5149,Proprietary  ,36,143,179,222,842,1064
01323400,LORENZO WALKER INST OF TECHNOLOGY       ,FL,34104-4405,Public       ,11,41,52,102,256,358
02052002,FLORIDA EDUCATION CENTER - LAUDERHILL   ,FL,33313-5857,Proprietary  ,26,87,113,89,411,500
02089600,CONCORDE CAREER INSTITUTE               ,FL,32211-0000,Proprietary  ,42,160,202,160,798,958
02089709,HERZING COLLEGE                         ,FL,32792-5509,Proprietary  ,3,8,11,21,47,68
02113606,AMERICAN INTERCONTINENTAL UNIV          ,FL,33324-0000,Proprietary  ,1,18,19,58,158,216
02113609,AMERICAN INTERCONTINENTAL UNIV - WESTON ,FL,33326-3233,Proprietary  ,63,126,189,804,1281,2085
02115300,PINELLAS TECHNICAL EDUCATION CENTERS - S,FL,33711-0000,Public       ,13,97,110,105,485,590
02116006,SANFORD-BROWN INSTITUTE - FT. LAUDERDALE,FL,33309-1906,Proprietary  ,43,173,216,233,905,1138
02121800,EVEREST INSTITUTE                       ,FL,33169-4759,Proprietary  ,113,297,410,562,1473,2035
02148200,FASHION FOCUS HAIR ACADEMY              ,FL,34231-0000,Proprietary  ,2,2,4,9,28,37
02148300,MANHATTAN BEAUTY SCHOOL                 ,FL,33611-0000,Proprietary  ,27,114,141,121,585,706
02149900,PAUL MITCHELL THE SCHOOL-JACKSONVILLE   ,FL,32205-0000,Proprietary  ,4,14,18,11,64,75
02151900,KEISER  UNIVERSITY                      ,FL,33309-0000,Proprietary  ,553,1715,2268,2953,9697,12650
02156300,MARGATE SCHOOL OF BEAUTY                ,FL,33063-0000,Proprietary  ,0,0,0,1,6,7
02156700,FLORIDA CHRISTIAN COLLEGE               ,FL,34744-0000,Private      ,10,13,23,172,144,316
02159600,BAPTIST COLLEGE OF FLORIDA (THE)        ,FL,32440-0000,Private      ,10,22,32,235,291,526
02172700,CONCORDE CAREER INSTITUTE               ,FL,33607-0000,Proprietary  ,30,118,148,169,682,851
02188900,HOBE SOUND BIBLE COLLEGE                ,FL,33475-0000,Private      ,9,3,12,63,24,87
02200100,BRADENTON BEAUTY & BARBER ACADEMY       ,FL,34209-0000,Proprietary  ,2,25,27,16,98,114
02215900,ATI CAREER TRAINING CENTER              ,FL,33309-1785,Proprietary  ,24,71,95,170,461,631
02218700,FLORIDA TECHNICAL COLLEGE               ,FL,32826-2707,Proprietary  ,66,183,249,449,1006,1455
02228300,LAKE TECHNICAL CENTER                   ,FL,32726-0000,Public       ,11,65,76,97,346,443
02245500,CENTRAL FLORIDA COLLEGE                 ,FL,32789-4679,Proprietary  ,37,184,221,199,701,900
02245502,CFC-CAREER TRAINING INSTITUTE - ORLANDO ,FL,32804-0000,Proprietary  ,4,9,13,41,75,116
02245504,CENTRAL FLORIDA  COLLEGE -  LARGO       ,FL,33771-4957,Proprietary  ,7,12,19,64,103,167
02257900,INTERNATIONAL ACADEMY                   ,FL,32119-3541,Proprietary  ,24,66,90,114,225,339
02275100,CONCORDE CAREER INSTITUTE               ,FL,33025-0000,Proprietary  ,21,114,135,107,476,583
02278800,SOUTHWEST FLORIDA COLLEGE               ,FL,33907-0000,Proprietary  ,61,130,191,435,1100,1535
02278801,SOUTHWEST FLORIDA COLLEGE - TAMPA       ,FL,33619-1344,Proprietary  ,35,65,100,253,556,809
02279600,CORTIVA INSTITUTE - FLORIDA             ,FL,33781-0000,Proprietary  ,4,19,23,24,113,137
02280800,NEW ENGLAND INST TECH-PALM BEACH        ,FL,33407-0000,Proprietary  ,111,132,243,620,999,1619
02283800,BEAUTY SCHOOLS OF AMERICA               ,FL,33012-3322,Proprietary  ,50,208,258,173,889,1062
02286500,ITT TECHNICAL INSTITUTE                 ,FL,33634-7515,Proprietary  ,172,287,459,1101,1822,2923
02287100,LA BELLE BEAUTY SCHOOL                  ,FL,33012-0000,Proprietary  ,2,71,73,27,264,291
02293200,ATI CAREER TRAINING CENTER              ,FL,33309-5916,Proprietary  ,41,106,147,302,693,995
02293201,ATI CAREER TRAINING CENTER - MIAMI      ,FL,33122-1707,Proprietary  ,6,5,11,6,6,12
02293202,ATI CAREER TAINING CENTER - ATI COLLEGE ,FL,87109-2016,Proprietary  ,21,112,133,140,825,965
02293600,ADVANCED TECHNICAL CENTERS              ,FL,33266-1597,Private      ,0,3,3,7,20,27
02297000,CHARLOTTE TECHNICAL CENTER              ,FL,33948-0000,Public       ,14,50,64,65,210,275
02300900,WITHLACOOCHEE TECHNICAL INSTITUTE       ,FL,34450-0000,Public       ,24,50,74,96,272,368
02305700,GULF COAST COLLEGE                      ,FL,33619-0000,Proprietary  ,7,39,46,60,199,259
02305800,FLORIDA CAREER COLLEGE                  ,FL,33012-7028,Proprietary  ,495,807,1302,1682,2922,4604
02307400,GEORGE STONE AREA VOCATIONAL TECHNICAL  ,FL,32526-0000,Public       ,15,62,77,82,343,425
02314100,SCHILLER INTERNATIONAL UNIVERSITY       ,FL,33770-3716,Proprietary  ,3,7,10,70,109,179
02316200,MIAMI LAKES TECHNICAL EDUCATION CTR     ,FL,33014-0000,Public       ,30,89,119,207,584,791
02321200,ORANGE TECH EDUC CTR- WESTSIDE TECH     ,FL,34787-0000,Public       ,13,47,60,115,216,331
02325100,KEY COLLEGE                             ,FL,33004-3046,Proprietary  ,1,14,15,18,93,111
02326800,RESORT & SPA SCHOOLS INTERNATIONAL      ,FL,34233-0000,Proprietary  ,9,18,27,19,59,78
02326900,SUNSTATE ACADEMY OF HAIR DESIGN         ,FL,33907-1415,Proprietary  ,17,30,47,71,122,193
02329900,FLORIDA INSTITUTE OF ULTRASOUND         ,FL,32514-0000,Proprietary  ,3,11,14,44,104,148
02337000,SUNCOAST II THE TAMPA BAY SCHOOL OF MASS,FL,33607-3802,Proprietary  ,0,14,14,2,46,48
02338400,FT PIERCE BEAUTY ACADEMY                ,FL,34982-0000,Proprietary  ,13,51,64,56,223,279
02341001,FORTIS COLLEGE - DBA FORTIS INSTITUTE   ,FL,32504-7322,Proprietary  ,3,5,8,12,44,56
02346200,WYOTECH                                 ,FL,32174-1010,Proprietary  ,44,89,133,197,394,591
02362100,FULL SAIL UNIVERSITY                    ,FL,32792-0000,Proprietary  ,809,448,1257,6619,3317,9936
02499000,ACADEMY OF COSMETOLOGY                  ,FL,32953-3311,Proprietary  ,7,11,18,22,71,93
02501500,"O*TEC, MID-FLORIDA TECH                 ",FL,32809-0000,Public       ,25,64,89,210,330,540
02502702,ADVANCED CAREER TRAINING-JACKSONVIL     ,FL,32256-0000,Proprietary  ,23,147,170,85,521,606
02504600,WINTER PARK TECH                        ,FL,32789-0000,Public       ,11,55,66,71,303,374
02508900,TALMUDIC COLLEGE OF FLORIDA             ,FL,33139-0000,Private      ,2,0,2,15,6,21
02511700,RIDGE TECHNICAL CENTER                  ,FL,33881-0000,Public       ,15,49,64,83,332,415
02513200,ORLANDO TECHNICAL CENTER                ,FL,32801-0000,Public       ,24,60,84,159,502,661
02515400,CITY COLLEGE                            ,FL,33309-3073,Private      ,42,148,190,235,1026,1261
02517100,SARASOTA SCHOOL OF MASSAGE THERAPY      ,FL,34243-6130,Proprietary  ,7,22,29,33,94,127
02524000,SUNSTATE ACADEMY OF HAIR DESIGN         ,FL,34624-0000,Proprietary  ,16,18,34,40,52,92
02524200,ROBERT MORGAN EDUCATIONAL CENTER        ,FL,33177-0000,Public       ,60,118,178,282,532,814
02547600,FLORIDA NATIONAL COLLEGE                ,FL,33012-0000,Proprietary  ,121,328,449,751,2013,2764
02554200,RADFORD LOCKLIN TECH CENTER             ,FL,32570-0000,Public       ,5,17,22,16,88,104
02573200,LA BELLE BEAUTY ACADEMY                 ,FL,33135-0000,Proprietary  ,11,60,71,32,185,217
02586200,FLORIDA CAREER COLLEGE                  ,FL,33759-3924,Proprietary  ,82,183,265,207,600,807
02597100,HERITAGE INSTITUTE                      ,FL,33912-7132,Proprietary  ,35,106,141,114,318,432
02598200,FLORIDA TECHNICAL CLG JACKSONVILLE      ,FL,32211-5123,Proprietary  ,5,29,34,62,156,218
02599800,EVEREST UNIVERSITY                      ,FL,33759-1359,Proprietary  ,116,654,770,554,3850,4404
02601600,HENRY W BREWSTER TECHNICAL CENTER       ,FL,33602-0000,Public       ,5,28,33,44,193,237
02612700,DARLYNE MCGEE'S ACAD OF COSMETOLOGY     ,FL,32905-2805,Proprietary  ,4,15,19,22,66,88
02616400,SANFORD-BROWN INSTITUTE                 ,FL,32256-3520,Proprietary  ,19,101,120,109,510,619
02616401,SANFORD-BROWN INSTITUTE - TAMPA         ,FL,33610-8304,Proprietary  ,42,142,184,164,742,906
03003200,EVEREST INSTITUTE                       ,FL,33186-1410,Proprietary  ,115,317,432,471,1395,1866
03003600,MCFATTER TECHNICAL CENTER               ,FL,33317-7499,Public       ,24,85,109,183,515,698
03008600,FLORIDA COLLEGE OF NATURAL HEALTH       ,FL,33064-1342,Proprietary  ,53,165,218,241,722,963
03010608,VIRGINIA COLLEGE - PENSACOLA            ,FL,32501-5650,Proprietary  ,48,201,249,402,1137,1539
03010612,VIRGINIA COLLEGE - GOLF ACADEMY OF AMERI,FL,32701-0000,Proprietary  ,18,25,43,95,103,198
03012300,ASM BEAUTY WORLD ACADEMY                ,FL,33021-0000,Proprietary  ,2,26,28,16,116,132
03018500,BENE'S INTERNATIONAL SCHOOL OF BEAUTY   ,FL,34652-1637,Proprietary  ,13,32,45,49,138,187
03028200,TRINITY COLLEGE OF FLORIDA              ,FL,34655-4401,Private      ,10,11,21,88,110,198
03031400,INTERNATIONAL ACAD OF DESIGN & TECH     ,FL,33634-6313,Proprietary  ,393,469,862,2925,2826,5751
03031402,INTERNATIONAL ACADEMY OF DESIGN AND TECH,FL,32809-4633,Proprietary  ,29,33,62,642,529,1171
03031403,IADT - ORLANDO CULINARY ACADEMY         ,FL,32819-0000,Proprietary  ,29,28,57,537,570,1107
03035800,HERITAGE INSTITUTE                      ,FL,32216-0948,Proprietary  ,29,90,119,61,261,322
03035900,NATIONAL AVIATION ACADEMY               ,FL,33760-3931,Proprietary  ,19,43,62,105,326,431
03037500,HODGES UNIVERSITY                       ,FL,34119-7932,Private      ,29,195,224,301,1701,2002
03054200,TECHNICAL CAREER INSTITUTE              ,FL,33144-2373,Proprietary  ,53,90,143,385,422,807
03071600,COLLEGE OF BUSINESS & TECHNOLOGY        ,FL,33176-1412,Proprietary  ,21,125,146,114,626,740
03071601,COLLEGE OF BUSINESS & TECHNOLOGY -      ,FL,33144-2072,Proprietary  ,0,1,1,2,4,6
03071602,COLLEGE OF BUSINESS & TECHNOLOGY -      ,FL,33012-3436,Proprietary  ,3,3,6,6,6,12
03079800,GEORGE T BAKER AVIATION                 ,FL,33142-5687,Public       ,11,19,30,125,99,224
03079900,CITY COLLEGE                            ,FL,32707-5342,Private      ,4,15,19,16,120,136
03087600,ITT TECHNICAL INSTITUTE                 ,FL,32746-1607,Proprietary  ,196,308,504,865,1557,2422
03089200,NOUVELLE INSTITUTE                      ,FL,33125-4141,Proprietary  ,4,106,110,22,420,442
03096300,FLORIDA CAREER INSTITUTE                ,FL,33860-0000,Proprietary  ,6,24,30,56,144,200
03099600,MERCY HOSPITAL SCHOOL OF PRACTICAL NSG  ,FL,33133-4237,Private      ,2,9,11,36,110,146
03100800,TAYLOR TECHNICAL INSTITUTE              ,FL,32348-0894,Public       ,2,20,22,23,130,153
03101900,TRINITY BAPTIST COLLEGE                 ,FL,32221-1398,Private      ,14,12,26,247,92,339
03103900,MARION COUNTY COMMUNITY TECH & ADUL     ,FL,34474-3172,Public       ,17,60,77,92,311,403
03108500,EVERGLADES UNIVERSITY                   ,FL,33431-0000,Private      ,24,151,175,120,711,831
03108600,COM-PU-MED VOCATIONAL CAREERS           ,FL,33012-4861,Proprietary  ,18,227,245,53,518,571
03113400,ACADEMY OF HEALING ARTS                 ,FL,33463-2113,Proprietary  ,5,17,22,12,70,82
03114700,PRAXIS INSTITUTE                        ,FL,33135-2657,Proprietary  ,12,102,114,30,399,429
03115500,FLORIDA HOSPITAL COLG OF HEALTH SCI     ,FL,32803-1237,Private      ,50,203,253,701,1612,2313
03123900,KEISER CAREER INSTITUTE                 ,FL,33413-0000,Proprietary  ,66,162,228,269,801,1070
03125600,MIAMI AD SCHOOL                         ,FL,33139-5203,Proprietary  ,8,34,42,56,262,318
03127900,TECHNICAL EDUCATION CTR OSCEOLA         ,FL,34744-4459,Public       ,21,61,82,98,304,402
03139600,DELTA CONNECTION ACADEMY                ,FL,32773-9683,Proprietary  ,7,8,15,44,81,125
03158300,LEE COUNTY HIGH TECH CENTER NORTH       ,FL,33993-2479,Public       ,9,35,44,45,139,184
03178400,CORAL RIDGE NURSES ASST TRAINING        ,FL,33306-0000,Proprietary  ,1,5,6,2,18,20
03224300,NEW PROFESSIONS TECHNICAL INSTITUTE     ,FL,33134-1640,Proprietary  ,17,97,114,50,458,508
03230300,OKALOOSA APPLIED TECHNOLOGY CENTER      ,FL,32547-1299,Public       ,16,50,66,65,282,347
03238300,FLORIDA COLLEGE OF INTEGRATIVE MED      ,FL,32809-5721,Proprietary  ,2,24,26,14,128,142
03255300,FLORIDA GULF COAST UNIVERSITY           ,FL,33965-6565,Public       ,148,182,330,4655,2213,6868
03256300,YESHIVA GEDOLAH RABBINICAL COLLEGE      ,FL,33139-4708,Private      ,7,0,7,15,4,19
03346300,ACAD FOR PRAC NURSING & HEALTH OCCP     ,FL,33417-4574,Private      ,10,74,84,64,535,599
03348400,PROFESSIONAL TRAINING CENTERS           ,FL,33184-0000,Proprietary  ,23,69,92,132,663,795
03370300,AUDIO RECORDING TECHNOLOGY INSTITUTE    ,FL,32811-0000,Proprietary  ,7,9,16,82,88,170
03373300,BEACON COLLEGE                          ,FL,34748-5224,Private      ,3,2,5,64,33,97
03374300,FLORIDA COASTAL SCHOOL OF LAW           ,FL,32256-0000,Proprietary  ,5,51,56,23,1978,2001
03382300,BRADFORD-UNION AREA CAREERTECHNICAL CENT,FL,32091-2434,Public       ,1,18,19,27,121,148
03390300,LINCOLN TECHNICAL INSTITUTE             ,FL,32730-2351,Proprietary  ,19,113,132,106,527,633
03411400,INTERNATIONAL TRAINING CAREERS          ,FL,33155-1462,Private      ,6,54,60,23,268,291
03414500,SOUTHEAST INSTITUTE OF ORIENTAL MED     ,FL,33176-1509,Proprietary  ,5,23,28,12,108,120
03425400,CENTRAL FLORIDA INSTITUTE               ,FL,34684-4436,Proprietary  ,25,120,145,83,409,492
03429600,ATLANTIC INST OF ORIENTAL MEDICINE      ,FL,33316-0000,Private      ,1,6,7,4,73,77
03429700,EAST WEST COLLG OF NATURAL MEDICINE     ,FL,34236-4959,Proprietary  ,0,12,12,1,130,131
03433400,NEW CONCEPT MASSAGE AND BEAUTY SCHO     ,FL,33135-0000,Proprietary  ,1,7,8,6,32,38
03434300,FORTIS COLLEGE                          ,FL,32073-2999,Proprietary  ,29,117,146,106,518,624
03459400,SAINT PETERSBURG THEOLOGICAL SEMINA     ,FL,33708-3116,Private      ,1,4,5,6,43,49
03480302,MEDVANCE INSTITUTE - STUART             ,FL,34994-3000,Proprietary  ,0,6,6,3,31,34
03491400,AMERICAN ADVANCED TECHNICIANS INST      ,FL,33014-4430,Proprietary  ,6,21,27,14,60,74
03524300,ACADEMY FOR FIVE ELEMENT ACUPUNCTURE    ,FL,32601-6811,Private      ,0,5,5,1,54,55
03549300,ULTIMATE MEDICAL ACADEMY                ,FL,33756-5802,Proprietary  ,7,75,82,36,281,317
03553300,KEISER CAREER COLLEGE                   ,FL,32216-0000,Proprietary  ,3,2,5,9,27,36
03557300,NORTH FLORIDA COSMETOLOGY INSTITUTE     ,FL,32312-0000,Proprietary  ,6,17,23,47,101,148
03564300,SUPERIOR CAREER INSTITUTE               ,FL,33311-1141,Proprietary  ,3,30,33,15,76,91
03570400,ENGLISH CENTER (THE)                    ,FL,33133-2703,Public       ,4,35,39,16,141,157
03595400,ANGLEY COLLEGE                          ,FL,32720-4257,Proprietary  ,8,28,36,26,116,142
03611400,FLORIDA BARBER ACADEMY                  ,FL,33441-0000,Proprietary  ,3,7,10,14,34,48
03618300,FLORIDA INSTITUTE OF ANIMAL ARTS        ,FL,32792-1740,Proprietary  ,4,21,25,27,65,92
03627400,JACKSONVILLE BEAUTY INSTITUTE           ,FL,32208-1885,Proprietary  ,9,78,87,18,212,230
03627600,FLORIDA EDUCATION INSTITUTE             ,FL,33144-5036,Proprietary  ,7,56,63,27,211,238
03661400,SOUTH FLORIDA INSTITUTE OF TECHNOLO     ,FL,33135-0000,Proprietary  ,11,81,92,29,230,259
03691400,AVE MARIA SCHOOL OF LAW                 ,FL,34119-1376,Private      ,0,2,2,1,529,530
03706300,AMERICAN INSTITUTE                      ,FL,33319-5613,Proprietary  ,9,68,77,56,302,358
03757300,ADVANCE SCIENCE INSTITUTE               ,FL,33012-0000,Proprietary  ,6,29,35,20,131,151
03801400,BEAUTY INSTITUTE (THE)                  ,FL,33409-2972,Proprietary  ,4,28,32,18,109,127
03816300,ARTISTIC NAILS & BEAUTY ACADEMY         ,FL,33605-5919,Proprietary  ,18,56,74,34,156,190
03823300,FLORIDA ACADEMY OF HEALTH & BEAUTY      ,FL,33311-0000,Proprietary  ,1,6,7,11,43,54
03832300,DADE MEDICAL COLLEGE                    ,FL,33126-5534,Proprietary  ,12,40,52,49,195,244
03842500,CAMBRIDGE INSTITUTE OF ALLIED HEALTH    ,FL,32750-0000,Proprietary  ,3,12,15,12,63,75
03856300,UNIVERSAL BEAUTY SCHOOL                 ,FL,33174-4406,Proprietary  ,5,34,39,11,139,150
03866300,GALIANO CAREER ACADEMY                  ,FL,32701-0000,Proprietary  ,16,78,94,75,450,525
03875300,MEDICAL CAREER INSTITUTE OF SOUTH FLORID,FL,33407-2103,Proprietary  ,16,141,157,46,303,349
03888300,DRAGON RISES COLLEGE OF ORIENTAL MEDICIN,FL,32601-5089,Proprietary  ,1,2,3,3,7,10
03903500,SOUTHERN TECHNICAL COLLEGE              ,FL,32809-0000,Proprietary  ,2,4,6,20,35,55
03905300,LEVIN SCHOOL OF HEALTH CARE             ,FL,33445-4699,Proprietary  ,0,0,0,0,2,2
03906300,CAREER INSTITUTE OF FLORIDA             ,FL,33773-3434,Proprietary  ,6,75,81,18,262,280
03911300,TOTAL INTERNATIONAL CAREER INSTITUTE    ,FL,33012-0000,Proprietary  ,0,11,11,1,14,15
03939400,CENTURA INSTITUTE                       ,FL,32807-3566,Proprietary  ,7,40,47,29,141,170
03939600,DAYTONA COLLEGE                         ,FL,32174-8445,Proprietary  ,1,8,9,6,59,65
03941300,AVE MARIA UNIVERSITY                    ,FL,34142-9505,Private      ,19,7,26,504,122,626
03957400,NEW COLLEGE OF FLORIDA                  ,FL,34243-2109,Public       ,19,4,23,818,131,949
03985300,COMMERCIAL DIVING ACADEMY               ,FL,32208-0000,Proprietary  ,12,57,69,44,162,206
03985400,SPACE COAST HEALTH INSTITUTE            ,FL,32904-8771,Proprietary  ,2,3,5,2,3,5
03986300,AVIATOR COLLEGE OF AERONAUTICAL SCIENCE ,FL,34946-9022,Proprietary  ,1,4,5,11,21,32
04016500,AMERICAN INSTITUTE OF BEAUTY            ,FL,33773-0000,Proprietary  ,8,32,40,28,102,130
04029300,TRENDSETTERS OF FLORIDA SCHOOL OF BEAUTY,FL,32205-0000,Proprietary  ,2,11,13,6,54,60
04058300,HEALTH OPPORTUNITY TECHNICAL CENTER     ,FL,33169-4517,Proprietary  ,1,25,26,5,104,109
00160500,CHAMINADE UNIV OF HONOLULU              ,HI,96816-1578,Private      ,31,99,130,1340,1402,2742
00160600,BRIGHAM YOUNG UNIV-HAWAII CAMPUS        ,HI,96762-1294,Private      ,59,36,95,821,632,1453
00161000,UNIVERSITY OF HAWAII AT MANOA           ,HI,96822-2399,Public       ,179,280,459,8539,6505,15044
00161100,UNIVERSITY OF HAWAII AT HILO            ,HI,96720-4091,Public       ,78,68,146,2276,1395,3671
00161200,HONOLULU COMMUNITY COLLEGE              ,HI,96817-4598,Public       ,74,125,199,1035,1097,2132
00161300,KAPIOLANI COMMUNITY COLLEGE             ,HI,96816-4421,Public       ,82,175,257,1517,1553,3070
00161400,KAUAI COMMUNITY COLLEGE                 ,HI,96766-9591,Public       ,14,22,36,212,259,471
00161500,MAUI COMMUNITY COLLEGE                  ,HI,96732-1644,Public       ,53,108,161,639,952,1591
00454900,LEEWARD COMMUNITY COLLEGE               ,HI,96782-3393,Public       ,80,173,253,1044,1444,2488
00525800,HAWAII COMMUNITY COLLEGE                ,HI,96720-4075,Public       ,73,104,177,854,990,1844
00723401,HEALD COLLEGE - HONOLULU                ,HI,96814-0000,Proprietary  ,61,94,155,612,701,1313
00727900,HAWAII PACIFIC UNIVERSITY               ,HI,96813-2882,Private      ,85,214,299,3419,2954,6373
00777500,HOLLYWOOD BEAUTY COLLEGE                ,HI,96701-4100,Proprietary  ,0,4,4,25,57,82
01122000,WINDWARD COMMUNITY COLLEGE              ,HI,96744-0000,Public       ,27,53,80,382,556,938
02055100,HAWAII BUSINESS COLLEGE                 ,HI,96813-0000,Proprietary  ,4,13,17,165,271,436
02100300,MED-ASSIST SCHOOL OF HAWAII             ,HI,96813-0000,Proprietary  ,11,15,26,48,98,146
02107800,UNIVERSITY OF HAWAII - WEST OAHU        ,HI,96782-0000,Public       ,10,38,48,226,567,793
02139500,HAWAII INSTITUTE OF HAIR DESIGN         ,HI,96817-5195,Proprietary  ,5,15,20,26,82,108
02208704,SAN DIEGO GOLF ACADEMY - THE GOLF ACADEM,HI,96744-3724,Proprietary  ,1,8,9,13,19,32
02321300,HAWAI'I THEOLOGICAL SEMINARY            ,HI,96817-0000,Private      ,2,2,4,9,19,28
03017800,TRAVEL INSTITUTE OF THE PACIFIC         ,HI,96814-1946,Proprietary  ,3,33,36,44,154,198
03020800,NEW YORK TECHNICAL INST OF HAWAII       ,HI,96817-4415,Proprietary  ,2,3,5,14,33,47
03072500,WORLD MEDICINE INSTITUTE                ,HI,96826-0000,Private      ,1,7,8,4,50,54
03649300,HAWAII TECHNOLOGY INSTITUTE             ,HI,96813-3036,Private      ,1,1,2,13,22,35
03735300,INST OF CLINICAL ACUPUNCTURE & ORIENT MD,HI,96813-2307,Proprietary  ,1,2,3,3,28,31
03999400,TRADITIONAL CHINESE MEDICAL COLLEGE OF H,HI,96743-8324,Private      ,0,5,5,0,5,5
00161600,BOISE STATE UNIVERSITY                  ,ID,83725-1000,Public       ,339,787,1126,7942,9502,17444
00161700,"COLLEGE OF IDAHO, THE                   ",ID,83605-4432,Private      ,19,19,38,1024,219,1243
00161900,COLLEGE OF SOUTHERN IDAHO               ,ID,83301-0000,Public       ,132,296,428,1975,2647,4622
00162000,IDAHO STATE UNIVERSITY                  ,ID,83209-5377,Public       ,261,562,823,4174,7709,11883
00162100,LEWIS-CLARK STATE COLLEGE               ,ID,83501-2698,Public       ,57,117,174,1694,1856,3550
00162300,NORTH IDAHO COLLEGE                     ,ID,83814-2199,Public       ,132,292,424,1838,2165,4003
00162400,NORTHWEST NAZARENE UNIVERSITY           ,ID,83686-5897,Private      ,17,89,106,1213,874,2087
00162500,BRIGHAM YOUNG UNIVERSITY-IDAHO          ,ID,83460-1650,Private      ,794,830,1624,6331,5230,11561
00162600,UNIVERSITY OF IDAHO                     ,ID,83844-4291,Public       ,134,159,293,7321,4029,11350
00455300,ITT TECHNICAL INSTITUTE                 ,ID,83713-1529,Proprietary  ,61,177,238,411,870,1281
00987300,MR JUAN'S CLG OF HAIR DESIGN            ,ID,83301-4154,Proprietary  ,5,9,14,17,43,60
01113300,EASTERN IDAHO TECHNICAL COLLEGE         ,ID,83404-5788,Public       ,25,93,118,258,766,1024
02210700,CAREER BEAUTY COLLEGE                   ,ID,83440-0000,Proprietary  ,9,11,20,43,40,83
02218000,APOLLO COLLEGE                          ,ID,83704-0000,Proprietary  ,46,135,181,242,645,887
02234500,BOISE BIBLE COLLEGE                     ,ID,83714-1220,Private      ,9,7,16,168,88,256
02275800,MR LEONS SCHOOL OF HAIR DESIGN          ,ID,83843-8384,Proprietary  ,2,8,10,26,43,69
02314000,SCHOOL OF HAIRSTYLING (THE)             ,ID,83202-0000,Proprietary  ,4,6,10,43,56,99
02319800,HEADMASTERS SCHOOL OF HAIR DESIGN       ,ID,83814-0000,Proprietary  ,17,21,38,90,107,197
02349200,HEADMASTERS SCHOOL OF HAIR DESIGN       ,ID,83501-0000,Proprietary  ,6,7,13,22,37,59
02559500,RAZZLE DAZZLE CLG OF HAIR DESIGN        ,ID,83686-5104,Proprietary  ,4,11,15,30,66,96
02607100,SCOT LEWIS SCHOOLS                      ,ID,83709-1662,Proprietary  ,13,19,32,72,109,181
03052202,COURT REPORTING INSTITUTE/CRI COMPUTER T,ID,83709-8101,Proprietary  ,0,0,0,4,22,26
03098700,ACADEMY OF COURT REPORTING              ,ID,83704-8320,Proprietary  ,43,163,206,186,715,901
03832400,COSMETOLOGY SCHOOL OF ARTS & SCIENCES   ,ID,83318-1327,Proprietary  ,0,9,9,7,44,51
00163200,AQUINAS INSTITUTE OF THEOLOGY           ,MO,63108-3323,Private      ,0,2,2,3,52,55
00244900,AVILA COLLEGE                           ,MO,64145-1698,Private      ,24,96,120,978,1055,2033
00245000,CALVARY BIBLE COLLEGE                   ,MO,64147-1341,Private      ,12,13,25,177,173,350
00245200,CENTRAL BIBLE COLLEGE                   ,MO,65803-1096,Private      ,13,16,29,599,297,896
00245300,CENTRAL METHODIST UNIVERSITY            ,MO,65248-1198,Private      ,20,42,62,1048,524,1572
00245301,CENTRAL METHODIST UNIVERSITY            ,MO,63601-0000,Private      ,1,12,13,58,148,206
00245302,CENTRAL METHODIST UNIVERSITY- UNION     ,MO,63084-0000,Private      ,0,3,3,32,43,75
00245400,UNIVERSITY OF CENTRAL MISSOURI          ,MO,64093-5178,Public       ,170,248,418,6471,3468,9939
00245600,COLUMBIA COLLEGE                        ,MO,65216-4581,Private      ,113,995,1108,2183,9581,11764
00245700,CONCORDIA SEMINARY                      ,MO,63105-3199,Private      ,0,3,3,2,670,672
00245800,COTTEY COLLEGE                          ,MO,64772-2790,Private      ,7,2,9,359,18,377
00245900,CROWDER COLLEGE                         ,MO,64850-9165,Public       ,91,189,280,1250,1578,2828
00246000,CULVER STOCKTON COLLEGE                 ,MO,63435-1299,Private      ,11,10,21,1116,184,1300
00246100,DRURY UNIVERSITY                        ,MO,65802-3791,Private      ,88,285,373,2138,3030,5168
00246200,EDEN THEOLOGICAL SEMINARY               ,MO,63119-0000,Private      ,0,3,3,0,115,115
00246300,EVANGEL UNIVERSITY                      ,MO,65802-2125,Private      ,31,46,77,1864,511,2375
00246400,FONTBONNE UNIVERSITY                    ,MO,63105-3098,Private      ,25,244,269,1154,2245,3399
00246600,HARRIS-STOWE STATE COLLEGE              ,MO,63103-2199,Public       ,54,139,193,1136,1605,2741
00246700,CONCEPTION SEMINARY COLLEGE             ,MO,64433-0000,Private      ,2,0,2,34,12,46
00246800,JEFFERSON COLLEGE                       ,MO,63050-2441,Public       ,89,197,286,1769,1579,3348
00247100,ST LOUIS COMMUNITY COLLEGE              ,MO,63102-0000,Public       ,538,1438,1976,7373,10633,18006
00247300,KANSAS CITY ART INSTITUTE               ,MO,64111-1874,Private      ,12,5,17,876,187,1063
00247400,KANSAS CITY UNIV OF MED & BIOSCIENCES   ,MO,64106-0000,Private      ,0,6,6,18,1059,1077
00247600,KENRICK-GLENNON SEMINARY                ,MO,63119-0000,Private      ,1,2,3,6,6,12
00247700,A.T. STILL UNIV OF HEALTH SCIENCES      ,MO,63501-0000,Private      ,1,93,94,6,1767,1773
00247900,LINCOLN UNIVERSITY                      ,MO,65101-3500,Public       ,42,98,140,2111,1326,3437
00248000,LINDENWOOD UNIVERSITY                   ,MO,63301-1695,Private      ,111,526,637,3957,4822,8779
00248200,MARYVILLE UNIVERSITY                    ,MO,63141-7299,Private      ,38,108,146,2060,1691,3751
00248400,METROPOLITAN COMMUNITY COLLEGE          ,MO,64111-2408,Public       ,567,1260,1827,6162,8772,14934
00248500,MIDWESTERN BAPTIST THEOL SEMINARY       ,MO,64118-0000,Private      ,0,0,0,27,84,111
00248500,MIDWESTERN BAPTIST THEOL SEMINARY       ,MO,64118-4697,Private      ,4,16,20,16,90,106
00248600,MINERAL AREA COLLEGE                    ,MO,63601-1000,Public       ,62,180,242,1328,1535,2863
00248800,MISSOURI SOUTHERN STATE UNIVERSITY      ,MO,64801-1595,Public       ,90,243,333,2731,2940,5671
00248900,MISSOURI VALLEY COLLEGE                 ,MO,65340-3197,Private      ,23,14,37,1339,330,1669
00249000,MISSOURI WESTERN STATE UNIVERSITY       ,MO,64507-2294,Public       ,135,172,307,3469,1914,5383
00249100,MOBERLY AREA COMMUNITY COLLEGE          ,MO,65270-1304,Public       ,97,189,286,1781,1672,3453
00249400,NAZARENE THEOLOGICAL SEMINARY           ,MO,64131-1246,Private      ,0,13,13,0,169,169
00249500,TRUMAN STATE UNIVERSITY                 ,MO,63501-4221,Public       ,57,12,69,4685,390,5075
00249600,NORTHWEST MISSOURI STATE UNIV           ,MO,64468-6001,Public       ,85,67,152,5080,917,5997
00249800,PARK UNIVERSITY                         ,MO,64152-3795,Private      ,62,692,754,1131,6865,7996
00249900,ROCKHURST UNIVERSITY                    ,MO,64110-2561,Private      ,24,90,114,1705,1099,2804
00250000,COLLEGE OF THE OZARKS                   ,MO,65726-2502,Private      ,47,13,60,2455,250,2705
00250100,SOUTHEAST MISSOURI STATE UNIV           ,MO,63701-4799,Public       ,135,292,427,5922,3311,9233
00250200,SOUTHWEST BAPTIST UNIVERSITY            ,MO,65613-2597,Private      ,53,111,164,1827,1283,3110
00250300,MISSOURI STATE UNIVERSITY               ,MO,65897-0094,Public       ,273,402,675,11322,5660,16982
00250400,ST LOUIS COLLEGE OF PHARMACY            ,MO,63110-1088,Private      ,6,5,11,711,432,1143
00250600,SAINT LOUIS UNIVERSITY                  ,MO,63103-2097,Private      ,98,201,299,7981,5318,13299
00250602,SAINT LOUIS UNIV SCH MEDICINE           ,MO,63104-0000,Private      ,11,8,19,201,743,944
00250900,SAINT PAUL SCHOOL OF THEOLOGY           ,MO,64127-2499,Private      ,0,6,6,0,203,203
00251200,STEPHENS COLLEGE                        ,MO,65215-0001,Private      ,6,30,36,829,316,1145
00251400,NORTH CENTRAL MISSOURI COLLEGE          ,MO,64683-1824,Public       ,21,64,85,580,690,1270
00251600,UNIVERSITY OF MISSOURI-COLUMBIA         ,MO,65211-1600,Public       ,264,296,560,17203,6368,23571
00251700,MISSOURI UNIVERSITY OF SCIENCE & TECHNOL,MO,65409-0250,Public       ,64,52,116,3776,969,4745
00251800,UNIVERSITY OF MISSOURI-KANSAS CITY      ,MO,64110-2497,Public       ,146,386,532,5411,7420,12831
00251900,UNIVERSITY OF MISSOURI-ST LOUIS         ,MO,63121-4499,Public       ,153,458,611,4932,7304,12236
00252000,WASHINGTON UNIVERSITY                   ,MO,63130-4899,Private      ,109,139,248,10516,4385,14901
00252001,WASHINGTON UNIV-SCHOOL OF MEDICINE      ,MO,63110-0000,Private      ,2,3,5,34,1109,1143
00252100,WEBSTER UNIVERSITY                      ,MO,63119-3194,Private      ,67,960,1027,2804,10718,13522
00252200,WENTWORTH MILITARY ACADEMY              ,MO,64067-1799,Private      ,10,22,32,143,195,338
00252300,WESTMINSTER COLLEGE                     ,MO,65251-1299,Private      ,12,8,20,953,77,1030
00252400,WILLIAM JEWELL COLLEGE                  ,MO,64068-1896,Private      ,20,16,36,1389,259,1648
00252500,WILLIAM WOODS UNIVERSITY                ,MO,65251-2388,Private      ,27,308,335,852,1800,2652
00405704,NATIONAL AMERICAN UNIVERSITY            ,MO,64057-1791,Proprietary  ,1,30,31,28,266,294
00441300,ST JOHNS HOSP SCH RAD TECH              ,MO,65802-0000,Private      ,3,4,7,31,50,81
00470300,LOGAN COLLEGE OF CHIROPRACTIC           ,MO,63006-1065,Private      ,5,43,48,76,1147,1223
00470700,COVENANT THEOLOGICAL SEMINARY           ,MO,63141-8697,Private      ,0,21,21,5,460,465
00471100,LINN STATE TECHNICAL COLLEGE            ,MO,65051-9607,Public       ,16,26,42,869,257,1126
00471300,THREE RIVERS COMMUNITY COLLEGE          ,MO,63901-2393,Public       ,71,269,340,1400,1990,3390
00528700,BROOKFIELD AREA CAREER CENTER           ,MO,64628-0000,Public       ,1,1,2,2,1,3
00528800,KIRKSVILLE AREA TECHNICAL CENTER        ,MO,63501-0000,Public       ,0,3,3,19,57,76
00528900,WAYNESVILLE TECHNICAL ACADEMY           ,MO,65583-0000,Public       ,0,2,2,11,74,85
00542400,SOUTH CENTRAL CAREER CENTER             ,MO,65775-3334,Public       ,3,17,20,41,133,174
00542600,SIKESTON CAREER AND TECHNOLOGY CTR      ,MO,63801-0000,Public       ,2,17,19,24,125,149
00542900,ROLLA TECHNICAL INSTITUTE               ,MO,65401-3601,Public       ,13,19,32,171,229,400
00543000,POPLAR BLUFF TECHNICAL CAREER CNTR      ,MO,63901-0000,Public       ,0,10,10,33,101,134
00543600,DAVIS H HART MEXICO AREA VOC TECH       ,MO,65265-0000,Public       ,0,2,2,23,25,48
00543800,SALINE COUNTY CAREER CENTER             ,MO,65340-0000,Public       ,0,0,0,7,62,69
00544500,TRUMAN MEDICAL CENTER SCHOOL OF NURSE AN,MO,64108-2677,Private      ,1,5,6,7,48,55
00553100,GRAND RIVER TECHNICAL SCHOOL            ,MO,64601-1299,Public       ,0,1,1,60,50,110
00553200,CAPE GIRARDEAU CAREER & TECHNOLOGY CENTE,MO,63703-7511,Public       ,2,17,19,65,239,304
00638500,CHAMBERLAIN COLLEGE OF NURSING          ,MO,63139-3297,Proprietary  ,6,143,149,254,916,1170
00638900,BARNES JEWISH COLLEGE OF NURSING AND ALL,MO,63110-1091,Private      ,12,53,65,168,672,840
00639200,RESEARCH COLLEGE OF NURSING             ,MO,64132-1199,Proprietary  ,0,6,6,62,170,232
00639201,RESEARCH MEDICAL CENTER - COLLEGE OF NUR,MO,64132-1199,Proprietary  ,1,1,2,7,11,18
00639202,RESEARCH MED CTR SCHL OF RAD TECH       ,MO,64132-0000,Proprietary  ,0,2,2,13,22,35
00639203,RESEARCH MED CTR SCH NUCL MED TECH      ,MO,64132-0000,Proprietary  ,0,1,1,0,9,9
00666600,LUTHERAN  SCHOOL OF NURSING             ,MO,63118-3909,Proprietary  ,4,27,31,50,264,314
00754000,MISSOURI BAPTIST UNIVERSITY             ,MO,63141-8698,Private      ,94,160,254,1009,1246,2255
00755700,ITT TECHNICAL INSTITUTE                 ,MO,63045-1122,Proprietary  ,213,434,647,1267,2109,3376
00808000,STATE FAIR COMMUNITY COLLEGE            ,MO,65301-0000,Public       ,63,206,269,1419,1603,3022
00826900,HILLYARD TECHNICAL CENTER               ,MO,64506-0000,Public       ,2,3,5,85,111,196
00855200,PATRICIA STEVENS COLLEGE                ,MO,63102-2334,Proprietary  ,13,21,34,72,118,190
00860600,TRI-COUNTY TECHNICAL SCHOOL             ,MO,65026-0000,Public       ,2,13,15,10,46,56
00886200,EAST CENTRAL COLLEGE                    ,MO,63084-0529,Public       ,62,156,218,1379,1230,2609
00908900,HANNIBAL-LAGRANGE COLLEGE               ,MO,63401-1999,Private      ,14,27,41,663,408,1071
00952000,NATIONAL ACADEMY OF BEAUTY ARTS         ,MO,63128-1307,Proprietary  ,24,27,51,167,225,392
00959000,INDEPENDENCE COLLEGE OF COSMETOLOGY     ,MO,64055-1105,Proprietary  ,15,19,34,57,64,121
00960700,HOUSE OF HEAVILIN BEAUTY COLLEGE        ,MO,64110-2826,Proprietary  ,2,12,14,19,57,76
00978200,SAINT LUKE'S COLLEGE                    ,MO,64114-3237,Private      ,1,3,4,68,129,197
00979500,MISSOURI COLLEGE                        ,MO,63144-2901,Proprietary  ,67,133,200,384,602,986
01014814,COLORADO TECHNL UNIV NORTH KANSAS CITY  ,MO,64116-3614,Proprietary  ,19,127,146,219,929,1148
01027900,HICKEY COLLEGE                          ,MO,63146-0000,Proprietary  ,10,10,20,328,149,477
01040500,PINNACLE CAREER INSTITUTE               ,MO,64131-3367,Proprietary  ,17,89,106,70,343,413
01102600,WARRENSBURG AREA VOC TECH SCH           ,MO,64093-0000,Public       ,1,1,2,33,45,78
01173500,PIKE/LINCOLN TECHNICAL CENTER           ,MO,63344-0000,Public       ,0,2,2,24,57,81
01212000,ASSEMBLIES OF GOD THEO. SEMINARY        ,MO,65802-0000,Private      ,0,22,22,11,312,323
01250000,RANKEN TECHNICAL COLLEGE                ,MO,63113-2811,Private      ,63,70,133,994,551,1545
01258000,ST LOUIS CHRISTIAN COLLEGE              ,MO,63033-6499,Private      ,9,20,29,144,241,385
01320800,BAPTIST BIBLE COLLEGE                   ,MO,65803-3498,Private      ,24,13,37,458,285,743
02056100,FOUR RIVERS CAREER CENTER               ,MO,63090-0000,Public       ,0,3,3,23,32,55
02066900,NICHOLS CAREER CENTER                   ,MO,65101-2814,Public       ,2,3,5,75,93,168
02068200,COX HEALTH - COX COLLEGE                ,MO,65802-0000,Private      ,9,52,61,198,627,825
02068202,COX HEALTH - RADIOLOGIC TECHNOLOGY      ,MO,65802-0000,Private      ,1,6,7,36,48,84
02068204,COX HEALTH - MEDICAL TECHNOLOGY         ,MO,65807-0000,Private      ,0,3,3,9,14,23
02073600,KENNETT CAREER & TECHNOLOGY CENTER      ,MO,63857-0000,Public       ,0,3,3,6,50,56
02090400,BOONSLICK TECHNICAL EDUCATION CTR       ,MO,65233-0000,Public       ,0,0,0,12,40,52
02121100,MIDWEST INSTITUTE                       ,MO,63122-0000,Proprietary  ,8,56,64,56,232,288
02124500,FRANKLIN TECHNOLOGY CENTER              ,MO,64801-0000,Public       ,3,19,22,76,298,374
02142200,LEX LA RAY TECHNICAL CENTER             ,MO,64067-0000,Public       ,0,0,0,18,52,70
02151000,HANNIBAL CAREER AND TECHNICAL CENTE     ,MO,63401-2285,Public       ,0,5,5,18,81,99
02154900,MISSOURI SCH OF BARB & HAIR             ,MO,63031-0000,Proprietary  ,1,11,12,19,63,82
02164200,FOREST INST PROFESSIONAL PSYCHOLOGY     ,MO,65807-0000,Private      ,0,8,8,7,277,284
02165900,CHILLICOTHE BEAUTY ACADEMY              ,MO,64601-0000,Proprietary  ,2,1,3,6,20,26
02180200,METRO BUSINESS COLLEGE                  ,MO,63701-0000,Proprietary  ,12,74,86,132,498,630
02187200,NORTH CENTRAL AREA VOC TECH SCHOOL      ,MO,64424-0000,Public       ,0,0,0,2,0,2
02188000,NORTHWEST TECHNICAL SCHOOL              ,MO,64468-0000,Public       ,4,7,11,51,89,140
02188100,NORTHLAND CAREER CENTER                 ,MO,64079-8333,Public       ,1,0,1,19,44,63
02202700,OZARK CHRISTIAN COLLEGE                 ,MO,64801-0000,Private      ,19,19,38,558,201,759
02203400,NEVADA REGIONAL TECHNICAL CENTER        ,MO,64772-0000,Public       ,0,0,0,11,57,68
02205200,SANFORD-BROWN COLLEGE                   ,MO,63026-7305,Proprietary  ,112,431,543,791,2921,3712
02205203,SANFORD BROWN COLLEGE-ST. PETERS        ,MO,63301-4042,Proprietary  ,52,135,187,249,665,914
02205205,SANFORD BROWN COLLEGE-HAZELWOOD         ,MO,63042-2708,Proprietary  ,29,133,162,196,798,994
02214500,SALEM COLLEGE OF HAIRSTYLING            ,MO,65401-0000,Proprietary  ,2,7,9,13,38,51
02239200,ALLIED COLLEGE - NORTH                  ,MO,63043-0000,Proprietary  ,164,297,461,646,1353,1999
02242800,GIBSON TECHNICAL CENTER                 ,MO,65737-0169,Public       ,0,3,3,5,58,63
02250600,EVEREST COLLEGE                         ,MO,65807-2446,Proprietary  ,63,173,236,533,1651,2184
02263400,LAKE CAREER AND TECHNICAL CENTER        ,MO,65020-0000,Public       ,0,1,1,13,14,27
02266400,CENTRAL CHRISTIAN CLG OF THE BIBLE      ,MO,65270-0000,Private      ,17,12,29,371,169,540
02277500,HOUSE OF HEAVILIN OF BLUE SPRINGS       ,MO,64014-3953,Proprietary  ,6,13,19,48,80,128
02289200,COLUMBIA AREA CAREER CENTER             ,MO,65203-0000,Public       ,2,7,9,48,136,184
02292400,COLUMBIA BEAUTY ACADEMY                 ,MO,65203-0000,Proprietary  ,0,0,0,13,18,31
02295700,MISSOURI BEAUTY ACADEMY                 ,MO,63640-1827,Proprietary  ,2,9,11,19,38,57
02295701,"MISSOURI BEAUTY ACADEMY, LLC - CRYSTAL C",MO,63019-1724,Proprietary  ,1,1,2,18,23,41
02304000,MISSOURI TECH                           ,MO,63132-0000,Proprietary  ,6,10,16,54,81,135
02309100,AMERICAN COLLEGE OF HAIR DESIGN         ,MO,65301-2144,Proprietary  ,3,12,15,32,60,92
02311100,ABBOTT ACADEMY OF COSMETIC ARTS/SCI     ,MO,63376-0000,Proprietary  ,3,2,5,25,37,62
02313000,CASS CAREER CENTER                      ,MO,64701-0000,Public       ,0,1,1,9,26,35
02340500,ST LOUIS COLLEGE OF HEALTH CAREERS      ,MO,63110-0000,Proprietary  ,15,111,126,85,542,627
02340501,ST LOUIS COLLEGE OF HEALTH              ,MO,63129-0000,Proprietary  ,0,2,2,2,13,15
02342100,CAREER & TECHNOLOGY CTR AT FT OSAGE     ,MO,64058-0000,Public       ,1,0,1,9,11,20
02361600,CONCORDE CAREER COLLEGE                 ,MO,64111-0000,Proprietary  ,25,142,167,139,753,892
02497500,CLINTON TECHNICAL SCHOOL                ,MO,64735-2966,Public       ,0,0,0,1,3,4
02520800,MERRELL UNIV OF BTY ARTS & SCIENCES     ,MO,65109-0000,Proprietary  ,9,13,22,91,101,192
02530600,SAINT CHARLES COMMUNITY COLLEGE         ,MO,63376-0975,Public       ,138,240,378,2434,1830,4264
02543800,PARIS II EDUCATIONAL CENTER (THE)       ,MO,64118-0000,Proprietary  ,5,13,18,28,110,138
02550400,OZARK MOUNTAIN TECHNICAL CENTER         ,MO,65711-0000,Public       ,0,0,0,3,2,5
02555300,PATSY AND ROB'S ACADEMY OF BEAUTY       ,MO,63074-0000,Proprietary  ,1,12,13,35,112,147
02564700,ELAINE STEVEN BEAUTY COLLEGE            ,MO,63136-0000,Proprietary  ,16,28,44,59,178,237
02564701,ELAINE STEVEN BEAUTY COLLEGE - ADVANCE B,MO,63383-2006,Proprietary  ,0,0,0,5,6,11
02568500,GRABBER SCHOOL OF HAIR DESIGN           ,MO,63011-0000,Proprietary  ,6,10,16,76,83,159
02599700,VATTEROTT COLLEGE                       ,MO,63134-2900,Proprietary  ,43,256,299,140,996,1136
02599701,VATTEROTT COLLEGE - KANSAS CITY         ,MO,64129-1692,Proprietary  ,32,140,172,208,1033,1241
02599702,VATTEROTT COLLEGE - SPRINGFIELD LOCATION,MO,65807-5340,Proprietary  ,13,55,68,95,444,539
02599703,VATTEROTT COLLEGE - JOPLIN              ,MO,64801-5033,Proprietary  ,7,54,61,88,351,439
02599705,VATTEROTT COLLEGE - SUNSET HILLS        ,MO,63127-1516,Proprietary  ,25,68,93,209,533,742
02599712,VATTEROTT COLLEGE - O'FALLON            ,MO,63366-2748,Proprietary  ,14,45,59,110,342,452
02608000,NEOSHO BEAUTY COLLEGE                   ,MO,64850-1525,Proprietary  ,2,4,6,14,24,38
02608001,NEOSHO BEAUTY COLLEGE - CLASS ACT I COSM,MO,64801-2314,Proprietary  ,1,10,11,6,27,33
02609202,VATTEROTT COLLEGE-ST JOSEPH             ,MO,64501-2911,Proprietary  ,12,47,59,106,309,415
02609203,VATTEROTT COLLEGE - L'ECOLE CULINAIRE   ,MO,63124-1103,Proprietary  ,33,67,100,169,365,534
02611001,HERITAGE COLLEGE                        ,MO,64151-0000,Proprietary  ,36,127,163,165,643,808
03011900,LAMAR AREA VOCATIONAL-TECHNICAL SCH     ,MO,64759-1285,Public       ,0,0,0,1,0,1
03032000,EXCELSIOR SPRINGS AREA CAREER CTR       ,MO,64024-0248,Public       ,0,0,0,1,2,3
03042400,LEBANON TECHNOLOGY & CAREER CENTER      ,MO,65536-3296,Public       ,4,4,8,26,68,94
03066300,BRYAN CAREER COLLEGE                    ,MO,65806-2507,Proprietary  ,12,29,41,69,211,280
03068600,NORTH COUNTY TECH SPECIAL SCH DIST      ,MO,63033-6498,Public       ,2,29,31,33,314,347
03070200,CENTRAL COLLEGE OF COSMETOLOGY          ,MO,65583-0000,Proprietary  ,6,15,21,30,57,87
03070900,SE MO HOSP CLG NURSING & HEALTH SCI     ,MO,63703-4507,Private      ,1,23,24,66,186,252
03072800,DALLAS COUNTY CAREER CENTER             ,MO,65685-9152,Public       ,1,1,2,1,4,5
03077200,COSMETOLOGY CONCEPTS INSTITUTE          ,MO,65202-1972,Proprietary  ,4,9,13,23,25,48
03083000,OZARKS TECHNICAL COMMUNITY COLLEGE      ,MO,65802-3601,Public       ,320,715,1035,4552,4866,9418
03092600,MESSENGER COLLEGE                       ,MO,64804-4909,Private      ,1,6,7,54,56,110
03097600,ST LOUIS HAIR ACADEMY                   ,MO,63107-1737,Proprietary  ,1,15,16,13,50,63
03101000,NEW DIMENSION SCHOOL OF HAIR DESIGN     ,MO,64801-5017,Proprietary  ,1,4,5,20,36,56
03106000,MISSOURI STATE UNIVERSITY - WEST PLAINS ,MO,65775-2715,Public       ,35,83,118,801,741,1542
03110900,HOUSE OF HEAVILIN BEAUTY COLLEGE        ,MO,64030-1154,Proprietary  ,1,12,13,18,59,77
03166300,MOBERLY AREA TECHNICAL CENTER           ,MO,65270-1904,Public       ,0,1,1,19,11,30
03174300,HERNDON CAREER CENTER                   ,MO,64138-2695,Public       ,2,0,2,13,8,21
03519300,MISSOURI COLLEGE OF COSMETOLOGY NORTH   ,MO,65803-1235,Proprietary  ,18,36,54,90,185,275
03528300,MIDWEST UNIVERSITY                      ,MO,63385-2905,Private      ,0,1,1,1,7,8
03579300,TEXAS COUNTY TECHNICAL INSTITUTE        ,MO,65483-2700,Private      ,3,26,29,24,260,284
03616300,AVIATION INSTITUTE OF MAINTENANCE       ,MO,64129-1811,Proprietary  ,3,41,44,49,246,295
03663400,UNIVERSITY OF COSMETOLOGY               ,MO,63080-1910,Proprietary  ,1,7,8,13,31,44
03817300,ST. CHARLES SCHOOL OF MASSAGE THERAPY   ,MO,63303-5607,Proprietary  ,0,3,3,11,28,39
03878300,PROFESSIONAL MASSAGE TRAINING CENTER    ,MO,65803-2939,Proprietary  ,10,11,21,33,65,98
03916300,ECLIPS SCHOOL OF COSMETOLOGY AND BARBERI,MO,63703-5809,Proprietary  ,3,9,12,14,39,53
03924300,HAIR ACADEMY 110 (THE)                  ,MO,63501-2915,Proprietary  ,0,3,3,11,23,34
03970400,MTTI-WELLSPRING CENTER FOR NATURAL HEALT,MO,64114-3313,Proprietary  ,7,28,35,53,128,181
00163201,AQUINAS INSTITUTE OF THEOLOGY - MINISTRY,OK,73123-0380,Private      ,0,0,0,1,4,5
00314600,WESTERN OKLAHOMA STATE COLLEGE          ,OK,73521-1397,Public       ,22,82,104,474,783,1257
00314700,BACONE COLLEGE                          ,OK,74403-1597,Private      ,18,65,83,677,669,1346
00314900,SOUTHERN NAZARENE UNIVERSITY            ,OK,73008-2694,Private      ,23,198,221,1140,1225,2365
00315000,CAMERON UNIVERSITY                      ,OK,73505-6377,Public       ,93,295,388,1628,3095,4723
00315100,OKLAHOMA WESLEYAN UNIVERSITY            ,OK,74006-6299,Private      ,9,109,118,559,771,1330
00315200,UNIV OF CENTRAL OKLAHOMA                ,OK,73034-5209,Public       ,221,398,619,7388,5868,13256
00315300,CONNORS STATE COLLEGE                   ,OK,74469-9700,Public       ,46,137,183,825,1161,1986
00315400,EAST CENTRAL UNIVERSITY                 ,OK,74820-6999,Public       ,81,162,243,2189,2402,4591
00315500,EASTERN OKLAHOMA STATE COLLEGE          ,OK,74578-4999,Public       ,52,119,171,907,1050,1957
00315600,REDLANDS COMMUNITY COLLEGE              ,OK,73036-5304,Public       ,23,111,134,599,1058,1657
00315700,LANGSTON UNIVERSITY                     ,OK,73050-0000,Public       ,65,117,182,2048,1843,3891
00315800,MURRAY STATE COLLEGE                    ,OK,73460-3137,Public       ,44,167,211,976,1466,2442
00316000,NORTHEASTERN OKLAHOMA A & M COLLEGE     ,OK,74354-6497,Public       ,47,96,143,1317,875,2192
00316100,NORTHEASTERN STATE UNIVERSITY           ,OK,74464-2399,Public       ,149,300,449,4459,5496,9955
00316200,NORTHERN OKLAHOMA COLLEGE               ,OK,74653-0310,Public       ,83,178,261,1589,2009,3598
00316300,NORTHWESTERN OKLAHOMA STATE UNIV        ,OK,73717-2799,Public       ,36,56,92,905,901,1806
00316400,OKLAHOMA BAPTIST UNIVERSITY             ,OK,74801-2590,Private      ,24,16,40,1407,295,1702
00316500,OKLAHOMA CHRISTIAN UNIVERSITY           ,OK,73131-0000,Private      ,31,43,74,1953,517,2470
00316600,OKLAHOMA CITY UNIVERSITY                ,OK,73106-1493,Private      ,45,108,153,1814,2064,3878
00316700,UNIV OF SCIENCE & ARTS OF OKLAHOMA      ,OK,73018-5322,Public       ,31,36,67,866,533,1399
00316800,ROGERS STATE UNIVERSITY                 ,OK,74017-3252,Public       ,63,193,256,1679,2350,4029
00317000,OKLAHOMA STATE UNIVERSITY               ,OK,74078-1015,Public       ,404,321,725,12364,6496,18860
00317200,OKLAHOMA STATE UNIVERSITY-OKMULGEE      ,OK,74447-3901,Public       ,100,127,227,1297,1127,2424
00317400,OKLAHOMA PANHANDLE STATE UNIVERSITY     ,OK,73939-0000,Public       ,28,21,49,665,376,1041
00317600,CARL ALBERT STATE COLLEGE               ,OK,74953-5208,Public       ,39,180,219,1041,1824,2865
00317800,SEMINOLE STATE COLLEGE                  ,OK,74818-1902,Public       ,29,111,140,723,1151,1874
00317900,SOUTHEASTERN OKLAHOMA STATE UNIV        ,OK,74701-0609,Public       ,94,142,236,2157,2002,4159
00318000,SOUTHWESTERN CHRISTIAN UNIVERSITY       ,OK,73008-2335,Private      ,5,20,25,139,189,328
00318100,SOUTHWESTERN OKLAHOMA STATE UNIV        ,OK,73096-3098,Public       ,79,123,202,2597,1794,4391
00318101,SOUTHWESTERN OK STATE UNIV AT SAYRE     ,OK,73662-0000,Public       ,6,14,20,147,271,418
00318300,ST GREGORY'S UNIVERSITY                 ,OK,74804-2499,Private      ,6,53,59,315,439,754
00318308,SAINT GREGORY'S UNIVERSITY - IPD TULSA  ,OK,74135-2499,Private      ,2,22,24,16,147,163
00318400,UNIVERSITY OF OKLAHOMA                  ,OK,73019-4078,Public       ,348,505,853,12431,8120,20551
00318401,UNIVERSITY OF OKLAHOMA-HLTH SCI CTR     ,OK,73190-0000,Public       ,8,64,72,404,2875,3279
00318500,UNIVERSITY OF TULSA                     ,OK,74104-3189,Private      ,63,69,132,2494,1789,4283
00398500,ORAL ROBERTS UNIVERSITY                 ,OK,74171-0001,Private      ,49,106,155,2635,1399,4034
00531100,TULSA COUNTY AREA VOC TECH SCHOOL       ,OK,74145-0000,Public       ,13,72,85,157,615,772
00531200,RED RIVER TECHNOLOGY CENTER             ,OK,73533-2700,Public       ,4,26,30,25,139,164
00533900,METRO TECHNOLOGY CENTERS SCH DIST22     ,OK,73111-0000,Public       ,18,110,128,156,901,1057
00533903,METRO TECHNOLOGY CENTERS SCH DIST22     ,OK,73129-0000,Public       ,6,34,40,38,251,289
00694200,MID-AMERICA CHRISTIAN UNIVERSITY        ,OK,73170-4504,Private      ,10,85,95,373,669,1042
00767800,SPARTAN COLLEGE OF AERONAUTICS AND TECHN,OK,74115-5800,Proprietary  ,78,90,168,748,589,1337
00791100,VIRGILS BEAUTY COLLEGE                  ,OK,74401-6802,Proprietary  ,0,11,11,11,41,52
00834300,AUTRY TECHNOLOGY CENTER                 ,OK,73703-2598,Public       ,6,19,25,50,222,272
00861900,TRI COUNTY TECHNOLOGY CENTER            ,OK,74006-6029,Public       ,5,22,27,78,150,228
00918500,ROSE STATE COLLEGE                      ,OK,73110-2799,Public       ,101,435,536,1876,4395,6271
00920400,KIAMICHI AREA VOC TECH SCHOOL           ,OK,74578-0548,Public       ,14,124,138,216,952,1168
00920408,KIAMICHI AREA VOC TECH SCHOOL           ,OK,74953-0000,Public       ,4,10,14,21,76,97
00961800,TULSA WELDING SCHOOL                    ,OK,74104-0000,Proprietary  ,78,237,315,464,799,1263
00964700,"OKLAHOMA STATE UNIV, OKLA CITY          ",OK,73107-6159,Public       ,115,404,519,1456,3856,5312
00970800,EVES COLLEGE OF HAIRSTYLING             ,OK,73501-4359,Proprietary  ,6,18,24,25,62,87
00976300,TULSA COMMUNITY COLLEGE                 ,OK,74135-6198,Public       ,295,964,1259,4402,8469,12871
00996300,CADDO KIOWA VOC TECH CENTER             ,OK,73038-0000,Public       ,10,33,43,71,354,425
00996400,CENTRAL OKLAHOMA AREA VOC TECH SCH      ,OK,74030-9613,Public       ,5,18,23,48,199,247
00996500,CANADIAN VALLEY TECHNOLOGY CENTER       ,OK,73036-9117,Public       ,12,78,90,67,426,493
00996800,GORDON COOPER TECHNOLOGY CENTER         ,OK,74804-9913,Public       ,5,52,57,75,371,446
01005300,INDIAN CAPITAL TECHNOLGY CENTER #4      ,OK,74403-9907,Public       ,9,43,52,126,497,623
01026600,HILLSDALE FREE WILL BAPTIST COLLEGE     ,OK,73153-0000,Private      ,9,3,12,159,78,237
01034200,SOUTHERN OKLAHOMA TECHNOLOGY CENTER     ,OK,73401-2100,Public       ,7,30,37,81,219,300
01039100,OKLAHOMA CITY COMMUNITY COLLEGE         ,OK,73159-4444,Public       ,224,615,839,3052,5675,8727
01071700,GREAT PLAINS TECHNOLOGY CENTER SCHOOL DI,OK,73505-8399,Public       ,2,50,52,89,469,558
01076200,WESTERN OK AREA VOC TECH SCH DIST12     ,OK,73624-1469,Public       ,2,3,5,47,118,165
01120600,PIONEER TECHNOLOGY CENTER               ,OK,74601-1106,Public       ,4,21,25,24,149,173
01128200,OKLAHOMA STATE UNV CLG OSTEOPTHC MD     ,OK,74107-0000,Public       ,0,7,7,35,504,539
01153700,MID-AMERICA TECHNOLOGY CENTER           ,OK,73095-0210,Public       ,2,3,5,30,75,105
01227200,MOORE-NORMAN TECHNOLOGY CENTER          ,OK,73069-8399,Public       ,10,70,80,125,534,659
02052700,NORTHEAST TECHNOLOGY CENTER             ,OK,74361-0487,Public       ,6,45,51,62,322,384
02060800,MERIDIAN TECHNOLOGY CENTER              ,OK,74074-0000,Public       ,10,20,30,105,254,359
02126500,ENID BEAUTY COLLEGE                     ,OK,73701-0000,Proprietary  ,1,2,3,17,26,43
02177900,STATE BARBER AND HAIR DESIGN CLG        ,OK,73108-0000,Proprietary  ,3,10,13,23,63,86
02184400,SAND SPRINGS BEAUTY COLLEGE             ,OK,74063-0000,Proprietary  ,10,24,34,48,143,191
02197300,HOLLYWOOD COSMETOLOGY CENTER            ,OK,73189-0000,Proprietary  ,4,6,10,13,38,51
02222700,FRANCIS TUTTLE TECHNOLOGY CENTER        ,OK,73142-0000,Public       ,18,128,146,177,994,1171
02238500,CENTRAL STATE BEAUTY ACADEMY            ,OK,73162-6007,Proprietary  ,9,24,33,44,142,186
02250900,E OK COUNTY AREA VO-TECH                ,OK,73020-0000,Public       ,3,5,8,23,50,73
02256200,"BROKEN ARROW BEAUTY COLLEGE, INC        ",OK,74012-0000,Proprietary  ,11,18,29,55,118,173
02282100,HIGH PLAINS AREA VOC-TECH               ,OK,73801-0000,Public       ,2,9,11,12,93,105
02306800,PLATT COLLEGE                           ,OK,74145-0000,Proprietary  ,46,294,340,252,1837,2089
02510300,BEAUTY TECHNICAL COLLEGE                ,OK,74465-0000,Proprietary  ,4,4,8,16,54,70
02531200,WOODWARD BEAUTY COLLEGE                 ,OK,73801-0000,Proprietary  ,0,2,2,6,12,18
02554300,AMERICAN BEAUTY INSTITUTE               ,OK,74501-0000,Proprietary  ,0,7,7,16,52,68
02556500,YUKON BEAUTY COLLEGE                    ,OK,73099-4108,Proprietary  ,1,3,4,8,18,26
02560200,PHILLIPS THEOLOGICAL SEMINARY -         ,OK,74116-5612,Private      ,0,8,8,0,113,113
02571500,CITY COLLEGE                            ,OK,73160-0000,Proprietary  ,4,83,87,44,453,497
02581100,CLAREMORE BEAUTY COLLEGE                ,OK,74017-7034,Proprietary  ,1,2,3,9,16,25
02581200,CC'S COSMETOLOGY COLLEGE                ,OK,74129-0000,Proprietary  ,3,48,51,35,235,270
02591101,CAREER POINT INSTITUTE                  ,OK,74146-0000,Proprietary  ,0,3,3,10,65,75
02597400,PONTOTOC TECHNOLOGY CENTER SCHOOL       ,OK,74820-8621,Public       ,1,29,30,40,171,211
02599706,VATTEROTT COLLEGE - TULSA               ,OK,74146-2205,Proprietary  ,8,31,39,49,248,297
02599713,VATTEROTT COLLEGE - TULSA               ,OK,74146-4406,Proprietary  ,0,2,2,8,15,23
02600000,NORTHWEST TECHNOLOG CTR SCH DIST 10     ,OK,73717-9600,Public       ,2,8,10,17,55,72
02600500,WES WATKINS TECHNOLOGY CENTER           ,OK,74883-9660,Public       ,0,19,19,35,166,201
02609205,VATTEROTT COLLEGE - OKLAHOMA CITY       ,OK,73127-2103,Proprietary  ,11,82,93,76,594,670
03008700,SOUTHWEST TECHNOLOGY CENTER             ,OK,73521-1527,Public       ,8,23,31,31,78,109
03010300,POTEAU BEAUTY COLLEGE                   ,OK,74953-5400,Proprietary  ,3,13,16,19,79,98
03024700,STILLWATER BEAUTY ACADEMY               ,OK,74075-3467,Proprietary  ,3,7,10,23,40,63
03030700,OKLAHOMA SCHOOL OF PHOTOGRAPHY          ,OK,73160-3320,Proprietary  ,3,3,6,23,38,61
03030800,AMERICAN BROADCASTING SCHOOL            ,OK,73115-3334,Proprietary  ,9,37,46,45,224,269
03051100,CHISHOLM TRAIL TECHNOLOGY CENTER        ,OK,73764-9720,Public       ,0,4,4,11,41,52
03067300,METROPOLITAN CLG OF LEGAL STUDIES       ,OK,74145-0000,Private      ,0,0,0,5,43,48
03081300,METROPOLITAN COLLEGE                    ,OK,73118-5438,Private      ,0,0,0,5,84,89
03089400,SCHOOL OF HAIR DESIGN                   ,OK,74745-3447,Proprietary  ,3,13,16,28,105,133
03103800,SOUTHERN SCHOOL OF BEAUTY               ,OK,74701-5008,Proprietary  ,4,12,16,21,75,96
03109800,PONCA CITY BEAUTY COLLEGE               ,OK,74601-4201,Proprietary  ,1,4,5,3,15,18
03109801,BARTLESVILLE BEAUTY COLLEGE             ,OK,74003-2835,Proprietary  ,0,6,6,4,17,21
03115100,HERITAGE COLLEGE                        ,OK,73119-0000,Proprietary  ,46,190,236,221,858,1079
03124800,PLATT COLLEGE                           ,OK,73501-3808,Proprietary  ,5,41,46,38,201,239
03126200,GREEN COUNTRY AREA VOC TECH SCHOOL      ,OK,74447-1217,Public       ,1,18,19,26,87,113
03198400,MID-DEL AREA VOCATIONAL & TECH SCH      ,OK,73110-4825,Public       ,3,18,21,16,75,91
03329400,PRYOR BEAUTY COLLEGE                    ,OK,74361-0000,Proprietary  ,5,30,35,16,85,101
03329401,PRYOR BEAUTY COLLEGE - GROVE BEAUTY COLL,OK,74345-0009,Proprietary  ,2,4,6,6,24,30
03367400,COMMUNITY CARE COLLEGE                  ,OK,74145-6420,Proprietary  ,36,144,180,161,782,943
03396300,OKLAHOMA HEALTH ACADEMY                 ,OK,74105-6220,Proprietary  ,5,35,40,39,161,200
03396400,OKLAHOMA HEALTH ACADEMY                 ,OK,73160-3667,Proprietary  ,6,56,62,50,221,271
03453400,SHAWNEE BEAUTY COLLEGE                  ,OK,74801-7014,Proprietary  ,1,13,14,10,51,61
03676300,FAMILY OF FAITH COLLEGE                 ,OK,74802-1805,Private      ,1,4,5,10,16,26
03831300,INSTITUTE OF HAIR DESIGN                ,OK,74804-0000,Proprietary  ,2,7,9,8,38,46
03928300,CENTRAL STATE MASSAGE ACADEMY           ,OK,73162-6007,Proprietary  ,1,12,13,13,71,84
04027300,4-STATES ACADEMY OF COSMETOLOGY         ,OK,74354-0000,Proprietary  ,0,6,6,4,21,25
04060300,AMERICAN INSTITUTE OF MEDICAL TECHNOLOGY,OK,74146-5201,Proprietary  ,0,12,12,0,12,12
04062300,OKLAHOMA TECHNOLOGY INSTITUTE           ,OK,73114-6318,Proprietary  ,1,14,15,4,41,45
00163700,BETHANY THEOLOGICAL SEMINARY            ,IN,47374-0000,Private      ,0,0,0,0,28,28
00178400,ANCILLA COLLEGE-FINANCIAL AID OFFC      ,IN,46513-0001,Private      ,9,24,33,367,436,803
00178500,ANDERSON UNIVERSITY                     ,IN,46012-3495,Private      ,16,82,98,2601,892,3493
00178600,BALL STATE UNIVERSITY                   ,IN,47306-0880,Public       ,218,263,481,16696,7172,23868
00178700,BETHEL COLLEGE INC                      ,IN,46545-5591,Private      ,11,72,83,1483,1129,2612
00178800,BUTLER UNIVERSITY                       ,IN,46208-3487,Private      ,28,56,84,4854,1137,5991
00178900,CHRISTIAN THEOLOGICAL SEMINARY          ,IN,46208-0000,Private      ,0,13,13,4,198,202
00179200,DEPAUW UNIVERSITY                       ,IN,46135-0037,Private      ,17,4,21,2629,48,2677
00179300,EARLHAM COLLEGE                         ,IN,47374-4095,Private      ,7,5,12,1435,126,1561
00179301,EARLHAM SCHOOL OF RELIGION              ,IN,47374-0000,Private      ,0,1,1,16,57,73
00179500,UNIVERSITY OF EVANSVILLE                ,IN,47722-0002,Private      ,25,20,45,3496,458,3954
00179800,FRANKLIN COLLEGE OF INDIANA             ,IN,46131-2623,Private      ,9,2,11,1508,115,1623
00179900,GOSHEN COLLEGE                          ,IN,46526-4794,Private      ,7,24,31,926,271,1197
00180000,GRACE COLLEGE & THEO SEMINARY           ,IN,46590-1224,Private      ,11,8,19,1114,629,1743
00180100,HANOVER COLLEGE                         ,IN,47243-0108,Private      ,11,4,15,1398,49,1447
00180300,HUNTINGTON UNIVERSITY                   ,IN,46750-1299,Private      ,7,15,22,1110,215,1325
00180400,UNIVERSITY OF INDIANAPOLIS              ,IN,46227-3697,Private      ,41,142,183,4081,2550,6631
00180500,INDIANA INSTITUTE OF TECHNOLOGY         ,IN,46803-1297,Private      ,12,160,172,1324,1950,3274
00180700,INDIANA STATE UNIVERSITY                ,IN,47809-2501,Public       ,127,221,348,7595,4923,12518
00180800,UNIVERSITY OF SOUTHERN INDIANA          ,IN,47712-3596,Public       ,102,148,250,7642,2703,10345
00180900,INDIANA UNIVERSITY-BLOOMINGTON          ,IN,47405-1223,Public       ,315,326,641,24348,9552,33900
00181100,INDIANA UNIV-EAST                       ,IN,47374-1289,Public       ,21,101,122,978,1606,2584
00181300,INDIANA UNIV-PURDUE UNIV INDPLS         ,IN,46202-5145,Public       ,287,920,1207,12062,17318,29380
00181301,INDIANA UNIVERSITY - PURDUE UNIVERSITY I,IN,47203-1769,Public       ,29,77,106,867,1010,1877
00181400,INDIANA UNIV KOKOMO                     ,IN,46902-3557,Public       ,25,132,157,1301,1711,3012
00181500,INDIANA UNIV-NORTHWEST                  ,IN,46408-1197,Public       ,76,231,307,2133,3496,5629
00181600,INDIANA UNIVERSITY - SOUTH BEND         ,IN,46615-0000,Public       ,107,272,379,3368,3903,7271
00181700,INDIANA UNIVERSITY-SOUTHEAST            ,IN,47150-6405,Public       ,101,245,346,2573,2949,5522
00182000,MANCHESTER COLLEGE                      ,IN,46962-1276,Private      ,4,1,5,1612,112,1724
00182100,MARIAN UNIVERSITY                       ,IN,46222-1997,Private      ,18,112,130,1321,1485,2806
00182200,INDIANA WESLEYAN UNIVERSITY             ,IN,46953-4974,Private      ,44,1334,1378,3522,10065,13587
00182300,ASSOCIATED MENNONITE BIBLICAL SEM       ,IN,46517-1999,Private      ,0,3,3,3,84,87
00182400,OAKLAND CITY UNIVERSITY                 ,IN,47660-1099,Private      ,19,78,97,693,1585,2278
00182500,PURDUE UNIVERSITY                       ,IN,47907-2050,Public       ,243,267,510,27762,6317,34079
00182600,PURDUE UNIV NORTH CENTRAL CAMPUS        ,IN,46391-9528,Public       ,97,167,264,2046,2184,4230
00182700,PURDUE UNIV CALUMET                     ,IN,46323-2094,Public       ,99,276,375,4129,4449,8578
00182800,INDIANA UNIV-PURDUE UNIV FORT WAYNE     ,IN,46805-1499,Public       ,147,397,544,6492,5939,12431
00183000,ROSE HULMAN INSTITUTE OF TECHNOLOGY     ,IN,47803-3999,Private      ,8,3,11,2738,92,2830
00183200,UNIVERSITY OF SAINT FRANCIS             ,IN,46808-3994,Private      ,14,94,108,1908,1430,3338
00183300,ST JOSEPH'S COLLEGE                     ,IN,47978-0000,Private      ,11,7,18,1171,126,1297
00183400,CALUMET COLLEGE OF SAINT JOSEPH         ,IN,46394-2195,Private      ,19,89,108,391,891,1282
00183500,SAINT MARY-OF-THE-WOODS COLLEGE         ,IN,47876-0067,Private      ,8,100,108,360,1125,1485
00183600,ST MARY'S COLLEGE                       ,IN,46556-5007,Private      ,8,2,10,1581,49,1630
00183800,TAYLOR UNIVERSITY                       ,IN,46989-1001,Private      ,7,4,11,2098,75,2173
00183801,TAYLOR UNIVERSITY - FORT WAYNE          ,IN,46807-0000,Private      ,11,25,36,549,380,929
00183900,TRINE UNIVERSITY                        ,IN,46703-1764,Private      ,12,44,56,1707,547,2254
00184000,UNIVERSITY OF NOTRE DAME                ,IN,46556-5602,Private      ,79,73,152,10940,2893,13833
00184200,VALPARAISO UNIVERSITY                   ,IN,46383-6493,Private      ,28,46,74,4251,1859,6110
00184300,VINCENNES UNIVERSITY                    ,IN,47591-1523,Public       ,126,221,347,4826,2606,7432
00184302,VINCENNES UNIV - FORT HARRISON CNTR     ,IN,46256-0000,Public       ,1,8,9,76,88,164
00184400,WABASH COLLEGE                          ,IN,47933-0352,Private      ,12,3,15,1136,28,1164
00224905,DAVENPORT UNIVERSITY-MERRILLVILLE       ,IN,46410-0000,Private      ,11,52,63,156,907,1063
00420300,GOOD SAMARITAN HOSP RADIOGRAPHY PRG     ,IN,47591-0000,Public       ,0,0,0,3,13,16
00457900,INTERNATIONAL BUSINESS COLLEGE          ,IN,46804-0000,Proprietary  ,11,6,17,677,290,967
00457901,INTERNATIONAL BUSINESS COLLEGE          ,IN,46256-0000,Proprietary  ,1,4,5,369,122,491
00458300,BROWN MACKIE COLLEGE-SOUTH BEND         ,IN,46635-1776,Proprietary  ,65,312,377,428,2443,2871
00512730,BROWN MACKIE COLLEGE-MERRILLVILLE       ,IN,46410-0000,Proprietary  ,53,285,338,250,1916,2166
00625700,SAINT ELIZABETH SCHOOL OF NURSING       ,IN,47904-2198,Private      ,2,6,8,109,187,296
00726300,HOLY CROSS COLLEGE                      ,IN,46556-0308,Private      ,19,8,27,494,70,564
00727600,SAINT MEINRAD SCHOOL OF THEOLOGY        ,IN,47577-1002,Private      ,0,3,3,5,81,86
00732700,ITT TECHNICAL INSTITUTE                 ,IN,47630-7430,Proprietary  ,322,570,892,1799,2852,4651
00732900,ITT TECHNICAL INSTITUTE                 ,IN,46268-1119,Proprietary  ,366,917,1283,2075,4791,6866
00736200,MEDTECH COLLEGE                         ,IN,46250-3970,Proprietary  ,16,118,134,54,590,644
00793800,LINCOLN COLLEGE OF TECHNOLOGY           ,IN,46202-0000,Proprietary  ,135,179,314,1948,1015,2963
00832900,ITT TECHNICAL INSTITUTE                 ,IN,46825-2393,Proprietary  ,200,348,548,1508,2050,3558
00842300,IVY TECH COMMUNITY COLLEGE OF INDIANA - ,IN,46601-3892,Public       ,113,567,680,1409,4130,5539
00854600,NOT FOR STUDENT USE                     ,IN,46208-4700,Public       ,108,331,439,1556,3259,4815
00854700,IVY TECH COMMUNITY COLLEGE OF INDIANA - ,IN,47802-4898,Public       ,96,390,486,1515,3518,5033
00951500,J MICHAEL HARROLD BEAUTY ACADEMY        ,IN,47807-3390,Proprietary  ,2,3,5,26,33,59
00961200,"APEX SCHOOL OF BEAUTY CULTURE, INC      ",IN,46016-0000,Proprietary  ,0,8,8,6,33,39
00961300,MERRILLVILLE BEAUTY COLLEGE             ,IN,46410-3401,Proprietary  ,3,21,24,28,129,157
00967300,RUDAE'S SCHOOL OF BEAUTY CULTURE        ,IN,46825-5444,Proprietary  ,9,15,24,60,125,185
00967301,RUDAE'S SCHOOL OF BEAUTY CULTURE - FORT ,IN,46825-5444,Proprietary  ,2,1,3,3,8,11
00977700,KAPLAN COLLEGE                          ,IN,46278-1736,Proprietary  ,37,141,178,302,862,1164
00991700,IVY TECH COMMUNITY COLLEGE OF INDIANA - ,IN,46208-1763,Public       ,192,825,1017,3374,7548,10922
00992300,IVY TECH COMMUNITY COLLEGE OF INDIANA - ,IN,47250-1881,Public       ,53,163,216,605,1428,2033
00992400,IVY TECH COMMUNITY COLLEGE OF INDIANA - ,IN,47302-9448,Public       ,118,538,656,2052,4629,6681
00992500,IVY TECH COMMUNITY COLLEGE OF INDIANA - ,IN,47710-3398,Public       ,90,379,469,1360,3029,4389
00992600,IVY TECH COMMUNITY COLLEGE OF INDIANA- R,IN,46805-1489,Public       ,123,550,673,2391,5516,7907
01003700,IVY TECH STATE COLLEGE - REGION 9       ,IN,47374-1220,Public       ,41,233,274,562,2020,2582
01003800,IVY TECH COMMUNITY COLLEGE OF INDIANA - ,IN,47203-1868,Public       ,58,257,315,799,1987,2786
01003900,IVY TECH COMMUNITY COLLEGE OF INDIANA - ,IN,47903-6299,Public       ,103,333,436,1857,2973,4830
01004000,IVY TECH COMMUNITY COLLEGE OF INDIANA - ,IN,46409-1303,Public       ,86,468,554,1309,4459,5768
01004100,IVY TECH STATE COLLEGE - REGION 5       ,IN,46903-1373,Public       ,59,375,434,853,2722,3575
01010900,IVY TECH COMMUNITY COLLEGE OF INDIANA - ,IN,47172-1897,Public       ,58,242,300,848,2022,2870
01015100,VINCENNES BEAUTY COLLEGE                ,IN,47591-1297,Proprietary  ,5,10,15,34,50,84
01040900,LAFAYETTE BEAUTY ACADEMY                ,IN,47901-1149,Proprietary  ,4,11,15,26,55,81
01061800,MID-AMERICA CLG FUNERAL SERVICE         ,IN,47130-9990,Private      ,1,7,8,27,75,102
01150500,CREATIVE HAIR STYLING ACADEMY           ,IN,46322-1554,Proprietary  ,7,8,15,43,62,105
02084800,RAVENSCROFT BEAUTY COLLEGE              ,IN,46815-0000,Proprietary  ,5,30,35,67,145,212
02087600,CONCORDIA THEOLOGICAL SEMINARY          ,IN,46825-0000,Private      ,0,10,10,3,301,304
02118900,EVANSVILLE TRI STATE BEAUTY COLLEGE     ,IN,47715-0000,Proprietary  ,6,11,17,45,43,88
02140800,MARTIN UNIVERSITY                       ,IN,46218-0000,Private      ,7,108,115,107,1058,1165
02158400,HARRISON COLLEGE                        ,IN,46204-2611,Proprietary  ,56,282,338,442,1811,2253
02158401,HARRISON COLLEGE - COLUMBUS             ,IN,47203-1843,Proprietary  ,12,41,53,110,447,557
02158402,HARRISON COLLEGE - LAFAYETTE            ,IN,47905-4859,Proprietary  ,10,47,57,122,403,525
02158404,HARRISON COLLEGE - MARION               ,IN,46952-0000,Proprietary  ,3,34,37,45,219,264
02158405,HARRISON COLLEGE - TERRE HAUTE          ,IN,47802-0000,Proprietary  ,8,60,68,75,400,475
02158407,HARRISON COLLEGE - ANDERSON             ,IN,46013-0000,Proprietary  ,16,48,64,113,361,474
02158409,HARRISON COLLEGE - EVANSVILLE           ,IN,47715-3901,Proprietary  ,14,50,64,93,483,576
02158410,HARRISON COLLEGE - EAST                 ,IN,46239-8903,Proprietary  ,22,120,142,168,802,970
02158412,HARRISON COLLEGE - FORT WAYNE           ,IN,46825-0000,Proprietary  ,20,103,123,205,651,856
02158413,HARRISON COLLEGE - NORTHWEST            ,IN,46278-0000,Proprietary  ,9,44,53,73,307,380
02158800,DON ROBERTS BEAUTY SCHOOLS              ,IN,46383-0000,Proprietary  ,2,6,8,22,37,59
02164300,DON ROBERTS SCHOOL OF HAIR DESIGN       ,IN,46375-9999,Proprietary  ,0,3,3,20,52,72
02201800,KAPLAN COLLEGE                          ,IN,46410-0000,Proprietary  ,20,85,105,155,567,722
02201802,KAPLAN COLLEGE - HAMMOND                ,IN,46324-3347,Proprietary  ,14,111,125,201,970,1171
02241700,PJ'S COLLEGE OF COSMETOLOGY             ,IN,47129-0000,Proprietary  ,3,25,28,17,102,119
02302700,J EVERETT LIGHT CAREER CENTER           ,IN,46240-0000,Public       ,3,23,26,29,203,232
02304800,PJ'S COLLEGE OF COSMETOLOGY             ,IN,47374-0000,Proprietary  ,1,5,6,19,58,77
02308900,MASTER'S OF COSMETOLOGY COLLEGE         ,IN,46809-0000,Proprietary  ,12,14,26,65,76,141
02339600,ROGER'S ACADEMY OF HAIR DESIGN          ,IN,47712-0000,Proprietary  ,13,17,30,56,92,148
02345200,EMPIRE BEAUTY SCHOOL                    ,IN,46237-0000,Proprietary  ,5,43,48,68,191,259
02347600,BALL MEMORIAL HOSPITAL SCH RAD TECH     ,IN,47303-0000,Private      ,2,2,4,29,37,66
02351300,KNOX BEAUTY COLLEGE                     ,IN,46534-0000,Proprietary  ,1,3,4,8,21,29
02490500,HAIR FASHIONS BY KAYE BEAUTY CLG        ,IN,46250-0000,Proprietary  ,1,3,4,21,56,77
02490800,HAIR FASHIONS BY KAYE BEAUTY CLG        ,IN,46060-0000,Proprietary  ,11,31,42,62,223,285
02607000,HAIR ARTS ACADEMY                       ,IN,47404-3581,Proprietary  ,3,2,5,28,43,71
02615800,COLLEGE OF COURT REPORTING              ,IN,46342-5969,Proprietary  ,2,48,50,19,266,285
02622800,INDIANA COSMETOLOGY ACADEMY             ,IN,47404-0000,Proprietary  ,0,0,0,1,0,1
03009700,HARRISON COLLEGE                        ,IN,47303-6413,Proprietary  ,20,60,80,143,460,603
03084601,THE ART INSTITUTE OF INDIANAPOLIS       ,IN,46268-1170,Proprietary  ,71,55,126,317,304,621
03100600,MARION COMM TUCKER AREA VOC SCHOOL      ,IN,46952-3831,Public       ,0,0,0,54,140,194
03176300,AMERICAN TRANS AIR AVIATION ACADEMY     ,IN,46241-1445,Proprietary  ,9,54,63,44,275,319
03262300,DAVID DEMUTH INSTITUTE OF COSM          ,IN,47374-4101,Proprietary  ,0,5,5,10,42,52
03456700,CROSSROADS BIBLE COLLEGE                ,IN,46219-4912,Private      ,1,30,31,71,244,315
03521300,IVY TECH COMMUNITY COLLEGE OF INDIANA - ,IN,47404-9772,Public       ,88,361,449,1682,2854,4536
03538300,ALEXANDRIA SCH OF SCIENTIFIC THERAP     ,IN,46001-0287,Proprietary  ,0,1,1,34,64,98
04038700,IDEAL BEAUTY ACADEMY                    ,IN,47130-4215,Proprietary  ,4,6,10,6,9,15
04100300,SUCCESS SCHOOLS                         ,IN,46410-5310,Proprietary  ,2,6,8,2,6,8
00190100,ALLEN COUNTY COMMUNITY COLLEGE          ,KS,66749-1607,Public       ,42,110,152,802,826,1628
00190200,COWLEY COUNTY COMMUNITY COLLEGE & AREA V,KS,67005-2662,Public       ,86,247,333,1490,2083,3573
00190300,BAKER UNIVERSITY                        ,KS,66006-0065,Private      ,23,366,389,1364,2214,3578
00190400,BETHANY COLLEGE                         ,KS,67456-1897,Private      ,6,2,8,864,77,941
00190500,BETHEL COLLEGE                          ,KS,67117-0531,Private      ,4,7,11,525,159,684
00190600,BUTLER COUNTY COMMUNITY COLLEGE         ,KS,67042-3280,Public       ,163,375,538,2789,3607,6396
00190700,CENTRAL BAPTIST THEOLOGY SEMINARY       ,KS,66226-3513,Private      ,0,3,3,2,38,40
00190800,CENTRAL CHRISTIAN COLLEGE OF KANSAS     ,KS,67460-5799,Private      ,6,7,13,454,89,543
00190900,CLOUD COUNTY COMMUNITY COLLEGE          ,KS,66901-1002,Public       ,44,79,123,692,693,1385
00191000,COFFEYVILLE COMMUNITY COLLEGE           ,KS,67337-5064,Public       ,32,41,73,822,304,1126
00191008,COFFEYVILLE COMM COL/AREA VOC TECH CAMP ,KS,67337-5064,Public       ,0,0,0,17,1,18
00191100,COLBY COMMUNITY COLLEGE                 ,KS,67701-4099,Public       ,21,37,58,591,364,955
00191300,DODGE CITY COMMUNITY COLLEGE            ,KS,67801-2399,Public       ,22,53,75,571,372,943
00191400,DONNELLY COLLEGE                        ,KS,66102-4298,Private      ,8,66,74,200,441,641
00191500,FORT HAYS STATE UNIVERSITY              ,KS,67601-4099,Public       ,77,237,314,3492,2606,6098
00191600,FORT SCOTT COMMUNITY COLLEGE            ,KS,66701-3199,Public       ,35,83,118,931,698,1629
00191700,BARCLAY COLLEGE                         ,KS,67059-0288,Private      ,3,3,6,84,26,110
00191800,FRIENDS UNIVERSITY                      ,KS,67213-3397,Private      ,18,212,230,1238,2463,3701
00191900,GARDEN CITY COMMUNITY COLLEGE           ,KS,67846-6398,Public       ,39,58,97,755,528,1283
00192000,HESSTON COLLEGE                         ,KS,67062-2093,Private      ,9,11,20,403,167,570
00192100,HIGHLAND COMMUNITY COLLEGE              ,KS,66035-4062,Public       ,29,75,104,923,613,1536
00192114,HIGHLAND COMMUNITY COLLEGE - NOTHEAST KA,KS,66002-1513,Public       ,6,3,9,105,123,228
00192300,HUTCHINSON COMMUNITY COLLEGE            ,KS,67501-5894,Public       ,66,191,257,1706,1576,3282
00192400,INDEPENDENCE COMMUNITY COLLEGE          ,KS,67301-0000,Public       ,26,28,54,395,238,633
00192500,KANSAS CITY KANSAS COMMUNITY CLG        ,KS,66112-9978,Public       ,70,266,336,1168,2590,3758
00192502,"KANSAS CITY KS AREA TECH SCHOOL, KS     ",KS,66104-0000,Public       ,19,41,60,117,341,458
00192600,PITTSBURG STATE UNIVERSITY              ,KS,66762-7500,Public       ,97,135,232,3943,2186,6129
00192700,EMPORIA STATE UNIVERSITY                ,KS,66801-5087,Public       ,76,151,227,3398,2262,5660
00192800,KANSAS STATE UNIVERSITY                 ,KS,66506-1104,Public       ,231,301,532,13751,5118,18869
00192900,KANSAS WESLEYAN UNIVERSITY              ,KS,67401-6196,Private      ,12,22,34,1013,391,1404
00193000,LABETTE COMMUNITY COLLEGE               ,KS,67357-4299,Public       ,30,73,103,483,603,1086
00193100,MANHATTAN CHRISTIAN COLLEGE             ,KS,66502-4081,Private      ,4,6,10,348,119,467
00193300,MCPHERSON COLLEGE                       ,KS,67460-3899,Private      ,6,7,13,708,161,869
00193600,NEOSHO COUNTY COMMUNITY COLLEGE         ,KS,66720-2699,Public       ,24,89,113,520,650,1170
00193700,OTTAWA UNIVERSITY                       ,KS,66067-3399,Private      ,27,290,317,592,1963,2555
00193800,PRATT COMMUNITY COLLEGE                 ,KS,67124-8432,Public       ,13,33,46,548,322,870
00193900,NEWMAN UNIVERSITY                       ,KS,67213-2084,Private      ,28,83,111,956,1133,2089
00194000,SOUTHWESTERN COLLEGE                    ,KS,67156-2499,Private      ,9,71,80,720,876,1596
00194300,UNIVERSITY OF ST MARY                   ,KS,66048-5023,Private      ,5,29,34,490,438,928
00194500,STERLING COLLEGE                        ,KS,67579-1533,Private      ,14,4,18,790,63,853
00194600,TABOR COLLEGE                           ,KS,67063-1799,Private      ,10,22,32,555,177,732
00194800,UNIVERSITY OF KANSAS                    ,KS,66045-7535,Public       ,280,300,580,14013,6690,20703
00194802,UNIVERSITY OF KANSAS MED CENTER         ,KS,66160-0000,Public       ,4,37,41,234,1596,1830
00194900,WASHBURN UNIVERSITY                     ,KS,66621-1110,Public       ,84,211,295,3277,4000,7277
00195000,WICHITA STATE UNIVERSITY                ,KS,67208-0001,Public       ,164,389,553,5555,6177,11732
00460800,BARTON COUNTY COMMUNITY COLLEGE         ,KS,67530-9283,Public       ,34,148,182,703,1131,1834
00526400,FLINT HILLS TECHNICAL COLLEGE           ,KS,66801-5999,Public       ,9,30,39,143,248,391
00526500,NORTH CENTRAL KANSAS TECH COLG          ,KS,67420-0000,Public       ,7,19,26,306,185,491
00526700,NORTHWEST KANSAS TECHNICAL SCHOOL       ,KS,67735-3441,Public       ,6,6,12,219,97,316
00549800,WICHITA AREA TECHNICAL COLLEGE          ,KS,67211-2099,Public       ,23,107,130,256,790,1046
00549900,SALINA AREA TECHNICAL COLLEGE           ,KS,67401-8195,Public       ,3,13,16,155,98,253
00550000,MANHATTAN AREA TECHNICAL COLLEGE        ,KS,66503-2499,Public       ,13,37,50,246,294,540
00675500,BROWN MACKIE COLLEGE (THE)              ,KS,67401-7307,Proprietary  ,32,165,197,270,1036,1306
00703200,MID AMERICA NAZARENE UNIVERSITY         ,KS,66062-1899,Private      ,19,87,106,1027,864,1891
00817200,SOUTHWEST KANSAS TECHNICAL SCHOOL       ,KS,67905-2013,Public       ,6,3,9,75,42,117
00822800,SEWARD CO COMM CO/AREA TECHNICAL SCHOOL ,KS,67905-0000,Public       ,18,32,50,368,358,726
00824400,JOHNSON COUNTY COMMUNITY COLLEGE        ,KS,66210-1299,Public       ,250,555,805,4084,4844,8928
00833200,B-STREET DESIGN SCHOOL OF INTERNATIONAL ,KS,66502-6082,Proprietary  ,2,9,11,22,58,80
00868200,ACADEMY OF HAIR DESIGN                  ,KS,67401-2803,Proprietary  ,5,8,13,41,63,104
01025600,BENEDICTINE COLLEGE                     ,KS,66002-1499,Private      ,22,8,30,1428,162,1590
01043800,HASKELL INDIAN NATIONS UNIVERSITY       ,KS,66046-4800,Public       ,51,54,105,815,577,1392
01050300,WICHITA TECHNICAL INSTITUTE             ,KS,67213-1927,Proprietary  ,39,266,305,215,1382,1597
01068900,KAW AREA TECHNICAL SCHOOL               ,KS,66604-2199,Public       ,10,52,62,159,316,475
02090700,CLEVELAND CHIROPRACTIC COLLEGE          ,KS,66210-1613,Private      ,4,23,27,52,531,583
02134800,OLD TOWN BARBER AND BEAUTY COLLEGE      ,KS,67211-0000,Proprietary  ,3,13,16,22,85,107
02196400,CAPITOL CITY HAIR DESIGN COLLEGE        ,KS,66102-0000,Proprietary  ,11,40,51,56,173,229
02204900,AMERICAN ACADEMY OF HAIR DESIGN         ,KS,66611-0000,Proprietary  ,4,10,14,41,56,97
02257700,HAYS ACADEMY OF HAIR DESIGN             ,KS,67601-0000,Proprietary  ,2,13,15,43,30,73
02303500,AMERICAN INSTITUTE OF BAKING            ,KS,66502-0000,Private      ,0,2,2,4,9,13
02340700,LABARON HAIRDRESSING ACADEMY            ,KS,66204-0000,Proprietary  ,2,6,8,21,39,60
02590900,WRIGHT CAREER COLLEGE                   ,KS,66212-0000,Private      ,28,289,317,178,1460,1638
02599709,VATTEROTT COLLEGE - WICHITA             ,KS,67226-1304,Proprietary  ,6,59,65,57,375,432
02603100,XENON INTERNATIONAL ACADEMY             ,KS,67203-5428,Proprietary  ,20,19,39,131,127,258
02606300,PAUL MITCHELL THE SCHOOL WICHITA        ,KS,67226-2803,Proprietary  ,4,7,11,26,75,101
02613000,PINNACLE CAREER INSTITUTE               ,KS,66046-2703,Proprietary  ,7,32,39,74,224,298
03031300,XENON INTERNATIONAL ACADEMY IV          ,KS,66061-3765,Proprietary  ,11,25,36,37,102,139
03066200,BRYAN COLLEGE                           ,KS,66604-2496,Proprietary  ,5,37,42,51,326,377
03450300,B-STREET DESIGN SCHOOL OF INTERNATIONAL ,KS,66611-2373,Proprietary  ,6,22,28,25,77,102
03450301,B-STREET DESIGN SCHOOL OF INTERNATIONAL ,KS,67207-5148,Proprietary  ,6,13,19,31,60,91
03450302,B-STREET DESIGN SCHOOL OF INTERNATIONAL ,KS,66212-5451,Proprietary  ,13,18,31,39,59,98
03529300,SIDNEY'S HAIRDRESSING COLLEGE           ,KS,67501-7094,Proprietary  ,1,6,7,24,40,64
03862300,BMSI INSTITUTE                          ,KS,66212-3388,Proprietary  ,0,3,3,4,15,19
00203300,UNIVERSITY OF MAINE-PRESQUE ISLE        ,ME,04769-2888,Public       ,14,33,47,728,472,1200
00203500,BANGOR THEOLOGICAL SEMINARY             ,ME,04402-0411,Private      ,0,6,6,2,87,89
00203600,BATES COLLEGE                           ,ME,04240-6028,Private      ,25,1,26,2184,31,2215
00203800,BOWDOIN COLLEGE                         ,ME,04011-8451,Private      ,27,1,28,2677,35,2712
00203900,COLBY COLLEGE                           ,ME,04901-8841,Private      ,19,2,21,2217,32,2249
00204000,UNIVERSITY OF MAINE-FARMINGTON          ,ME,04938-1990,Public       ,23,20,43,2668,444,3112
00204100,UNIVERSITY OF MAINE-FORT KENT           ,ME,04743-1292,Public       ,8,21,29,440,260,700
00204300,HUSSON UNIVERSITY                       ,ME,04401-2999,Private      ,17,54,71,1708,741,2449
00204400,MAINE MARITIME ACADEMY                  ,ME,04420-0001,Public       ,3,3,6,858,122,980
00205000,UNIVERSITY OF NEW ENGLAND               ,ME,04005-9599,Private      ,21,49,70,2649,1765,4414
00205100,SAINT JOSEPH'S COLLEGE                  ,ME,04084-5263,Private      ,9,47,56,1351,533,1884
00205200,THOMAS COLLEGE                          ,ME,04901-5097,Private      ,12,13,25,773,160,933
00205300,UNIVERSITY OF MAINE                     ,ME,04469-0001,Public       ,123,119,242,9157,2833,11990
00205400,UNIVERSITY OF SOUTHERN MAINE            ,ME,04104-0000,Public       ,104,242,346,5480,4297,9777
00205500,UNIVERSITY OF MAINE-MACHIAS             ,ME,04654-1397,Public       ,12,18,30,486,239,725
00520400,BEAL COLLEGE                            ,ME,04401-6896,Proprietary  ,11,54,65,185,484,669
00527600,CENTRAL MAINE COMMUNITY COLLEGE         ,ME,04210-6498,Public       ,41,96,137,936,912,1848
00527700,EASTERN MAINE COMMUNITY COLLEGE         ,ME,04401-4280,Public       ,49,105,154,1125,894,2019
00552500,SOUTHERN MAINE COMMUNITY  COLLEGE       ,ME,04106-1698,Public       ,103,203,306,2129,1900,4029
00576000,NORTHERN MAINE COMMUNITY COLLEGE        ,ME,04769-2016,Public       ,22,48,70,462,473,935
00577600,MERCY HOSP SCH OF RADIOLOGIC TECH       ,ME,04101-3795,Private      ,1,4,5,10,20,30
00630501,CENTRAL MAINE MEDICAL CENTER - COLLEGE O,ME,04240-4500,Private      ,1,5,6,34,146,180
00676000,UNIVERSITY OF MAINE-AUGUSTA             ,ME,04330-9410,Public       ,69,355,424,1489,4306,5795
00685800,UNITY COLLEGE                           ,ME,04988-9502,Private      ,10,6,16,618,94,712
00903800,MR BERNARD'S SCH HAIR FASHION INC       ,ME,04243-1163,Proprietary  ,2,14,16,32,69,101
00923100,WASHINGTON COUNTY COMMUNITY COLLEGE     ,ME,04619-9704,Public       ,10,27,37,221,207,428
00929200,ANDOVER COLLEGE                         ,ME,04106-2415,Proprietary  ,25,117,142,162,586,748
00929201,ANDOVER COLLEGE -                       ,ME,04240-0000,Proprietary  ,29,107,136,151,654,805
00945900,EMPIRE BEAUTY SCHOOL                    ,ME,04101-3348,Proprietary  ,20,69,89,226,393,619
00982600,KENNEBEC VALLEY  COMMUNITY  COLLEGE     ,ME,04937-1367,Public       ,33,119,152,522,1149,1671
01138500,COLLEGE OF THE ATLANTIC                 ,ME,04609-1105,Private      ,9,3,12,371,61,432
01167300,MAINE COLLEGE OF ART                    ,ME,04101-3987,Private      ,15,9,24,604,194,798
02104400,SPA TECH INSTITUTE                      ,ME,04102-0000,Proprietary  ,22,42,64,127,283,410
02347100,NEW ENGLAND SCHOOL OF COMMUNICATIONS    ,ME,04401-0000,Private      ,10,2,12,378,77,455
02361300,LANDING SCHOOL OF BOATBUILDING & DESIGN ,ME,04046-1490,Private      ,0,2,2,19,40,59
03122900,YORK COUNTY COMMUNITY COLLEGE           ,ME,04090-0529,Public       ,10,46,56,306,323,629
03429300,SEACOAST CAREER SCHOOLS                 ,ME,04073-0000,Proprietary  ,22,122,144,120,538,658
03612300,BIRTHWISE MIDWIFERY SCHOOL              ,ME,04009-1110,Proprietary  ,0,3,3,10,31,41
03990300,FULLER CIRCLES SCHOOL FOR MASSAGE THERAP,ME,04963-5230,Proprietary  ,1,1,2,4,12,16
00209300,ST JOHN'S COLLEGE                       ,NM,87505-4599,Private      ,11,4,15,511,199,710
00264900,COLLEGE OF SANTA FE                     ,NM,87505-7634,Private      ,26,74,100,679,755,1434
00265000,UNIVERSITY OF THE SOUTHWEST             ,NM,88240-9129,Private      ,9,21,30,351,348,699
00265100,EASTERN NEW MEXICO UNIV PORTALES        ,NM,88130-6000,Public       ,51,117,168,2345,1934,4279
00265101,EASTERN NEW MEXICO UNIV-ROSWELL CAM     ,NM,88202-0000,Public       ,47,121,168,858,1295,2153
00265300,NEW MEXICO HIGHLANDS UNIVERSITY         ,NM,87701-4436,Public       ,45,76,121,1273,1827,3100
00265400,NEW MEXICO INST OF MINING & TECH        ,NM,87801-4796,Public       ,24,12,36,988,278,1266
00265500,NEW MEXICO JUNIOR COLLEGE               ,NM,88240-9123,Public       ,37,99,136,684,793,1477
00265600,NEW MEXICO MILITARY INSTITUTE           ,NM,88201-5173,Public       ,18,2,20,296,9,305
00265700,NEW MEXICO STATE UNIVERSITY             ,NM,88003-8001,Public       ,280,375,655,8722,6454,15176
00265701,NEW MEXICO STATE UNIV-ALAMOGORDO        ,NM,88311-0000,Public       ,36,97,133,350,839,1189
00265702,NEW MEXICO STATE UNIV.-DONA ANA CLG     ,NM,88003-0000,Public       ,94,218,312,1478,2311,3789
00265703,NEW MEXICO STATE UNIV-CARLSBAD          ,NM,88220-0000,Public       ,14,61,75,284,620,904
00265704,NEW MEXICO STATE UNIV-GRANTS            ,NM,87020-0000,Public       ,8,37,45,127,328,455
00266000,SAN JUAN COLLEGE                        ,NM,87402-4699,Public       ,106,318,424,1180,2238,3418
00266300,THE UNIVERSITY OF NEW MEXICO            ,NM,87131-0001,Public       ,412,666,1078,10353,11576,21929
00266301,UNIV OF NEW MEXICO - GALLUP BRANCH      ,NM,87301-5697,Public       ,41,96,137,704,1359,2063
00266302,UNIV OF NEW MEXICO - VALENCIA BRANCH    ,NM,87031-0000,Public       ,27,81,108,426,766,1192
00266303,UNIV OF NEW MEXICO - LOS ALAMOS         ,NM,87544-0000,Public       ,4,10,14,132,145,277
00266400,WESTERN NEW MEXICO UNIVERSITY           ,NM,88061-5417,Public       ,32,88,120,821,1345,2166
00405701,NATIONAL AMERICAN UNIVERSITY            ,NM,87110-0000,Proprietary  ,1,26,27,28,312,340
00474200,CENTRAL NEW MEXICO COMMUNITY COLLEGE    ,NM,87106-4096,Public       ,481,1156,1637,4501,9683,14184
00474300,CLOVIS COMMUNITY COLLEGE                ,NM,88101-8381,Public       ,32,105,137,503,1346,1849
00996200,LUNA COMMUNITY COLLEGE                  ,NM,87701-0000,Public       ,9,41,50,272,472,744
01063200,DEWOLFF CLG HAIRSTYLING/COSMETOLOGY     ,NM,87112-4113,Proprietary  ,3,24,27,40,127,167
01300500,OLYMPIAN UNIVERSITY OF COSMETOLOGY      ,NM,88310-5051,Proprietary  ,39,137,176,287,746,1033
02083900,NORTHERN NEW MEXICO COLLEGE             ,NM,87530-0000,Public       ,26,103,129,465,880,1345
02146400,INSTITUTE OF AMERICAN INDIAN ARTS       ,NM,87508-0000,Public       ,15,15,30,158,160,318
02278100,SANTA FE COMMUNITY COLLEGE              ,NM,87507-0000,Public       ,55,113,168,614,1089,1703
02357600,CROWNPOINT INSTITUTE OF TECHNOLOGY      ,NM,87313-0000,Public       ,32,60,92,201,354,555
02491501,THE ART CENTER DESIGN COLLEGE- ALBQ     ,NM,87110-0000,Proprietary  ,3,7,10,75,70,145
02496900,ALBUQUERQUE BARBER COLLEGE              ,NM,87108-1859,Proprietary  ,0,0,0,5,8,13
02511000,SOUTHWESTERN INDIAN POLYTECH INST       ,NM,87184-0000,Public       ,34,42,76,280,341,621
02532900,BUSINESS SKILLS INSTITUTE               ,NM,88001-0000,Proprietary  ,2,39,41,24,140,164
02622000,SOUTHWEST ACUPUNCTURE COLLEGE           ,NM,87505-0000,Proprietary  ,0,16,16,2,312,314
03076100,SOUTHWESTERN COLLEGE                    ,NM,87507-0000,Private      ,0,10,10,4,157,161
03099300,METROPOLITAIN CLG COURT REPORTING       ,NM,87110-4129,Private      ,0,0,0,8,54,62
03128200,KAPLAN CAREER INSTITUTE                 ,NM,87109-2072,Proprietary  ,14,62,76,63,303,366
03206300,MESALANDS COMMUNITY COLLEGE             ,NM,88401-3352,Public       ,3,34,37,109,225,334
03430300,UNIVERSAL THERAPEUTIC MASSAGE INSTITUTE ,NM,87107-4403,Proprietary  ,4,15,19,36,79,115
03678300,PIMA MEDICAL INSTITUTE                  ,NM,87110-4127,Proprietary  ,3,10,13,16,45,61
03944300,MASSAGE THERAPY TRAINING INSTITUTE      ,NM,88007-0000,Proprietary  ,2,13,15,21,59,80
00223400,ADRIAN COLLEGE                          ,MI,49221-2575,Private      ,26,10,36,1769,179,1948
00223500,ALBION COLLEGE                          ,MI,49224-1831,Private      ,11,4,15,2294,107,2401
00223600,ALMA COLLEGE                            ,MI,48801-1599,Private      ,15,9,24,1789,88,1877
00223700,ALPENA COMMUNITY COLLEGE                ,MI,49707-1495,Public       ,43,106,149,829,858,1687
00223800,ANDREWS UNIVERSITY                      ,MI,49104-0750,Private      ,28,50,78,1391,1154,2545
00223900,AQUINAS COLLEGE                         ,MI,49506-1799,Private      ,18,50,68,1884,697,2581
00224000,BAY DE NOC COMMUNITY COLLEGE            ,MI,49829-2524,Public       ,61,135,196,983,1088,2071
00224100,CALVIN COLLEGE                          ,MI,49546-4388,Private      ,48,11,59,3838,294,4132
00224200,CALVIN THEOLOGICAL SEMINARY             ,MI,49546-4387,Private      ,1,8,9,8,162,170
00224300,CENTRAL MICHIGAN UNIVERSITY             ,MI,48859-0001,Public       ,266,665,931,17555,8011,25566
00224600,CLEARY UNIVERSITY                       ,MI,48105-2659,Private      ,10,67,77,130,562,692
00224700,CONCORDIA UNIVERSITY-ANN ARBOR          ,MI,48105-2797,Private      ,8,80,88,640,373,1013
00224800,CRANBROOK ACADEMY OF ART                ,MI,48303-0000,Private      ,1,2,3,11,237,248
00224900,DAVENPORT UNIVERSITY                    ,MI,49503-0000,Private      ,148,1132,1280,2796,13144,15940
00225100,DELTA COLLEGE                           ,MI,48710-0001,Public       ,367,755,1122,4504,5229,9733
00225400,MICHIGAN STATE UNIVERSITY COLLEGE OF LAW,MI,48824-1300,Private      ,9,17,26,301,1647,1948
00225900,EASTERN MICHIGAN UNIVERSITY             ,MI,48197-2214,Public       ,439,740,1179,12761,9634,22395
00226000,FERRIS STATE UNIVERSITY                 ,MI,49307-2251,Public       ,176,271,447,10398,4874,15272
00226100,CHARLES STEWART MOTT COMMUNITY CLG      ,MI,48503-2089,Public       ,380,909,1289,3630,6617,10247
00226200,KETTERING UNIVERSITY                    ,MI,48504-4898,Private      ,44,21,65,2316,286,2602
00226300,GLEN OAKS COMMUNITY COLLEGE             ,MI,49032-9784,Public       ,27,124,151,388,712,1100
00226400,GOGEBIC COMMUNITY COLLEGE               ,MI,49938-1365,Public       ,13,43,56,446,422,868
00226500,GRACE BIBLE COLLEGE                     ,MI,49509-1998,Private      ,5,4,9,221,48,269
00226600,CORNERSTONE UNIVERSITY                  ,MI,49525-5897,Private      ,32,151,183,1668,1378,3046
00226700,GRAND RAPIDS COMMUNITY COLLEGE          ,MI,49503-3295,Public       ,536,971,1507,7073,6709,13782
00226800,GRAND VALLEY STATE UNIVERSITY           ,MI,49401-9403,Public       ,247,363,610,18306,6671,24977
00226900,GREAT LAKES CHRISTIAN COLLEGE           ,MI,48917-1299,Private      ,3,4,7,173,124,297
00227000,HENRY FORD COMMUNITY COLLEGE            ,MI,48128-1495,Public       ,519,987,1506,5868,8436,14304
00227300,HOPE COLLEGE                            ,MI,49423-3607,Private      ,24,10,34,3594,148,3742
00227400,JACKSON COMMUNITY COLLEGE               ,MI,49201-8399,Public       ,175,503,678,2198,3587,5785
00227500,KALAMAZOO COLLEGE                       ,MI,49006-3295,Private      ,9,4,13,1492,64,1556
00227600,KELLOGG COMMUNITY COLLEGE               ,MI,49017-3397,Public       ,124,404,528,1699,3255,4954
00227700,LAKE MICHIGAN COLLEGE                   ,MI,49022-1899,Public       ,81,282,363,1223,1867,3090
00227800,LANSING COMMUNITY COLLEGE               ,MI,48933-1293,Public       ,452,1155,1607,5975,8428,14403
00227900,LAWRENCE TECHNOLOGICAL UNIVERSITY       ,MI,48075-1058,Private      ,53,127,180,1769,1268,3037
00228200,MADONNA UNIVERSITY                      ,MI,48150-1173,Private      ,43,154,197,1180,2365,3545
00228400,MARYGROVE COLLEGE                       ,MI,48221-2599,Private      ,36,280,316,535,2792,3327
00228800,ROCHESTER COLLEGE                       ,MI,48307-2764,Private      ,12,48,60,589,624,1213
00229000,MICHIGAN STATE UNIVERSITY               ,MI,48824-1113,Public       ,516,408,924,29981,9857,39838
00229200,MICHIGAN TECHNOLOGICAL UNIV             ,MI,49931-1295,Public       ,69,44,113,5081,832,5913
00229300,LAKE SUPERIOR STATE UNIVERSITY          ,MI,49783-1691,Public       ,41,81,122,2096,871,2967
00229400,MONROE COUNTY COMMUNITY CLG             ,MI,48161-9746,Public       ,82,177,259,1040,1291,2331
00229500,MONTCALM COMMUNITY COLLEGE              ,MI,48885-9723,Public       ,51,307,358,741,1938,2679
00229700,MUSKEGON COMMUNITY COLLEGE              ,MI,49442-1432,Public       ,149,329,478,2099,2275,4374
00229900,NORTH CENTRAL MICHIGAN COLLEGE          ,MI,49770-8740,Public       ,64,163,227,748,1203,1951
00230100,NORTHERN MICHIGAN UNIVERSITY            ,MI,49855-5316,Public       ,154,185,339,6924,2604,9528
00230200,NORTHWESTERN MICHIGAN COLLEGE           ,MI,49686-3061,Public       ,147,281,428,2086,2097,4183
00230300,OAKLAND COMMUNITY COLLEGE               ,MI,48304-2266,Public       ,16,37,53,224,319,543
00230301,OAKLAND COMMUNITY COLLEGE - ORCHARD RIDG,MI,48334-4579,Public       ,127,243,370,1253,1821,3074
00230302,OAKLAND COMMUNITY COLLEGE - ROYAL OAK CA,MI,48067-3898,Public       ,191,535,726,1898,3878,5776
00230304,OAKLAND COMMUNITY COLLEGE - AUBURN HILLS,MI,48323-2845,Public       ,137,339,476,1716,2506,4222
00230305,OAKLAND COMMUNITY COLLEGE - HIGHLAND LAK,MI,48327-4187,Public       ,104,202,306,903,1562,2465
00230700,OAKLAND UNIVERSITY                      ,MI,48309-4401,Public       ,319,495,814,8690,5876,14566
00230800,OLIVET COLLEGE                          ,MI,49076-9902,Private      ,22,26,48,1219,274,1493
00231000,ST. CLAIR COUNTY COMMUNITY COLLEGE      ,MI,48061-0000,Public       ,132,310,442,1488,2001,3489
00231100,KUYPER COLLEGE                          ,MI,49525-9749,Private      ,2,1,3,207,99,306
00231300,SACRED HEART MAJOR SEMINARY             ,MI,48206-1799,Private      ,1,14,15,22,159,181
00231400,SAGINAW VALLEY STATE UNIV               ,MI,48710-0001,Public       ,117,263,380,6315,3300,9615
00231500,SCHOOLCRAFT COLLEGE                     ,MI,48152-2696,Public       ,278,647,925,3148,4584,7732
00231600,SIENA HEIGHTS UNIVERSITY                ,MI,49221-1796,Private      ,31,135,166,1058,1213,2271
00231700,SOUTHWESTERN MICHIGAN COLLEGE           ,MI,49047-9793,Public       ,38,189,227,809,1321,2130
00231800,SPRING ARBOR UNIVERSITY                 ,MI,49283-9984,Private      ,40,269,309,1910,2986,4896
00232200,FINLANDIA UNIVERSITY                    ,MI,49930-1882,Private      ,14,14,28,552,300,852
00232300,UNIVERSITY OF DETROIT MERCY             ,MI,48221-3038,Private      ,75,256,331,2660,3326,5986
00232301,UNIVERSITY OF DETROIT MERCY- DENTAL SCH ,MI,48219-3580,Private      ,6,8,14,90,494,584
00232303,UNIV OF DETROIT MERCY - LAW SCHOOL      ,MI,48226-0000,Private      ,1,14,15,20,978,998
00232500,UNIVERSITY OF MICHIGAN - ANN ARBOR      ,MI,48109-1316,Public       ,285,330,615,22412,9313,31725
00232501,UNIVERSITY OF MICHIGAN-MEDICAL SCH      ,MI,48109-0000,Public       ,4,7,11,90,1012,1102
00232503,UNIVERSITY OF MICHIGAN LAW SCHOOL       ,MI,48109-0000,Public       ,5,17,22,28,2461,2489
00232600,UNIVERSITY OF MICHIGAN-DEARBORN         ,MI,48128-2406,Public       ,161,279,440,3805,3565,7370
00232700,UNIVERSITY OF MICHIGAN-FLINT            ,MI,48502-1950,Public       ,91,297,388,2631,4104,6735
00232800,WASHTENAW COMMUNITY COLLEGE             ,MI,48106-0000,Public       ,301,738,1039,2890,5493,8383
00232900,WAYNE STATE UNIVERSITY                  ,MI,48202-0000,Public       ,583,1292,1875,13425,16606,30031
00232901,WAYNE STATE UNIV SCH OF MEDICINE        ,MI,48201-3359,Public       ,13,19,32,179,1449,1628
00232902,WAYNE STATE UNIVERSITY - LAW SCHOOL     ,MI,48202-3424,Public       ,10,30,40,82,1169,1251
00233000,WESTERN MICHIGAN UNIVERSITY             ,MI,49008-3899,Public       ,368,417,785,16295,6850,23145
00233100,WESTERN THEOLOGICAL SEMINARY            ,MI,49423-0000,Private      ,0,8,8,2,110,112
00407100,WALSH COLLEGE OF ACCT & BUS ADMN        ,MI,48007-7006,Private      ,18,175,193,197,1722,1919
00407200,NORTHWOOD UNIVERSITY                    ,MI,48640-2398,Private      ,36,133,169,2179,1426,3605
00467300,BAKER COLLEGE - FLINT                   ,MI,48507-5508,Private      ,126,528,654,2093,5526,7619
00467301,BAKER COLLEGE OF CADILLAC               ,MI,49601-0000,Private      ,33,152,185,462,1515,1977
00467302,BAKER COLLEGE OF CLINTON TOWNSHIP       ,MI,48035-0000,Private      ,149,521,670,2162,4518,6680
00467303,BAKER COLLEGE OF MUSKEGON               ,MI,49442-0000,Private      ,140,431,571,2381,3808,6189
00467304,BAKER COLLEGE OF OWOSSO                 ,MI,48867-0000,Private      ,68,169,237,1435,1854,3289
00467305,BAKER COLLEGE OF AUBURN HILLS           ,MI,48326-0000,Private      ,78,281,359,1168,3019,4187
00467306,BAKER COLLEGE OF PORT HURON             ,MI,48060-0000,Private      ,50,115,165,579,1308,1887
00467309,BAKER COLLEGE OF JACKSON                ,MI,49202-0000,Private      ,39,180,219,606,1640,2246
00467311,BAKER COLLEGE-CASS CITY                 ,MI,48726-0000,Private      ,9,42,51,162,440,602
00467313,BAKER COLLEGE - GRADUATE ON-LINE        ,MI,48507-0000,Private      ,24,412,436,199,4003,4202
00467317,BAKER COLLEGE-ALLEN PARK                ,MI,48101-0000,Private      ,84,176,260,702,1583,2285
00469200,DORSEY SCHOOL OF BUSINESS               ,MI,48195-2334,Proprietary  ,20,68,88,52,252,304
00469201,DORSEY SCHOOL OF BUSINESS               ,MI,48184-0000,Proprietary  ,9,60,69,42,277,319
00469202,DORSEY SCHOOL OF BUSINESS               ,MI,48071-0000,Proprietary  ,17,79,96,39,243,282
00469204,DORSEY SCHOOL OF BUSINESS               ,MI,48066-0000,Proprietary  ,28,153,181,90,493,583
00676800,MID MICHIGAN COMMUNITY COLLEGE          ,MI,48625-9447,Public       ,138,305,443,1715,2072,3787
00677100,COLLEGE FOR CREATIVE STUDIES            ,MI,48202-4034,Private      ,46,30,76,1296,500,1796
00694900,KALAMAZOO VALLEY COMMUNITY COLLEGE      ,MI,49003-4070,Public       ,312,694,1006,3690,4308,7998
00717100,KIRTLAND COMMUNITY COLLEGE              ,MI,48653-0000,Public       ,54,167,221,728,1182,1910
00761700,CARNEGIE INSTITUTE                      ,MI,48083-1159,Proprietary  ,4,64,68,68,467,535
00795000,WEST SHORE COMMUNITY COLLEGE            ,MI,49454-0000,Public       ,42,101,143,477,744,1221
00817800,EMPIRE BEAUTY SCHOOL                    ,MI,49525-2440,Proprietary  ,23,43,66,278,281,559
00890600,MACOMB COMMUNITY COLLEGE                ,MI,48088-3896,Public       ,568,1047,1615,5623,6454,12077
00894600,PORT HURON COSMETOLOGY COLLEGE          ,MI,48329-1618,Proprietary  ,9,10,19,40,61,101
00923000,WAYNE COUNTY COMMUNITY CLG-DISTRICT     ,MI,48226-3095,Public       ,571,1938,2509,5079,14071,19150
00973200,VIRGINIA FARRELL BEAUTY SCHOOL          ,MI,48080-1448,Proprietary  ,6,10,16,30,79,109
00973400,VIRGINIA FARRELL BEAUTY SCHOOL          ,MI,48220-1739,Proprietary  ,20,52,72,98,265,363
00982800,EVEREST INSTITUTE                       ,MI,48033-4400,Proprietary  ,287,965,1252,1141,4229,5370
01047000,KALAMAZOO BEAUTY ACADEMY                ,MI,49002-5220,Proprietary  ,4,11,15,19,29,48
01062700,ITT TECHNICAL INSTITUTE                 ,MI,49519-0000,Proprietary  ,170,296,466,1276,2165,3441
01082700,DAVID PRESSLEY PROF SCH OF COSMTLGY     ,MI,48067-3219,Proprietary  ,23,18,41,102,91,193
01109800,FLINT INSTITUTE OF BARBERING            ,MI,48504-4395,Proprietary  ,2,14,16,29,85,114
01164600,VIRGINIA FARRELL BEAUTY SCHOOL          ,MI,48185-3091,Proprietary  ,8,17,25,48,148,196
01229100,WRIGHT BEAUTY ACADEMY                   ,MI,49015-2696,Proprietary  ,1,19,20,19,67,86
01239900,LEWIS COLLEGE OF BUSINESS               ,MI,48235-0000,Private      ,17,42,59,210,437,647
01262700,THOMAS M. COOLEY LAW SCHOOL             ,MI,48901-1586,Private      ,2,309,311,16,4660,4676
01321800,M J MURPHY BTY CLG MT PLEASANT          ,MI,48858-2502,Proprietary  ,7,18,25,42,72,114
02060300,MICHIGAN INSTITUTE OF AERONAUTICS       ,MI,48111-0000,Proprietary  ,29,49,78,243,347,590
02068700,ADRIAN BEAUTY ACADEMY                   ,MI,49221-0000,Proprietary  ,1,5,6,17,27,44
02099700,ROSS MEDICAL EDUCATION CENTER           ,MI,48532-0000,Proprietary  ,27,143,170,108,719,827
02100400,EVEREST INSTITUTE                       ,MI,49525-2301,Proprietary  ,97,505,602,510,2324,2834
02125600,MICHIGAN COLLEGE OF BEAUTY              ,MI,48083-0000,Proprietary  ,27,51,78,188,261,449
02135000,MARQUETTE GEN HOSP SCH RAD TECH         ,MI,49855-0000,Private      ,0,1,1,14,11,25
02158600,MR BELA'S SCHOOL OF COSMETOLOGY         ,MI,48092-4637,Proprietary  ,3,17,20,23,56,79
02160303,INTERNATIONAL ACADEMY OF DESIGN AND TECH,MI,48083-2160,Proprietary  ,91,107,198,631,703,1334
02180100,ROSS MEDICAL EDUCATION CENTER           ,MI,48092-0000,Proprietary  ,14,67,81,64,308,372
02198900,MICHIGAN SCHOOL OF PROFESSIONAL PSYCHOLO,MI,48334-4512,Private      ,0,3,3,4,91,95
02209200,TAYLORTOWN SCHOOL OF BEAUTY             ,MI,48180-0000,Proprietary  ,5,12,17,31,115,146
02237800,SPECS HOWARD SCHOOL OF MEDIA ARTS       ,MI,48075-0000,Proprietary  ,52,84,136,474,437,911
02285700,BAYSHIRE BEAUTY ACADEMY                 ,MI,48708-5614,Proprietary  ,2,12,14,26,60,86
02289801,KAPLAN INSTITUTE - DETROIT CAMPUS       ,MI,48202-0000,Proprietary  ,30,144,174,84,523,607
02324500,MICHIGAN COLLEGE OF BEAUTY              ,MI,48161-0000,Proprietary  ,5,7,12,37,64,101
02339700,ROSS MEDICAL EDUCATION CENTER           ,MI,48116-0000,Proprietary  ,14,69,83,64,326,390
02361500,MICHIGAN BARBER COLLEGE                 ,MI,48204-2244,Private      ,20,30,50,85,197,282
02363800,YESHIVA GEDOLAH OF GREATER DETROIT      ,MI,48237-0000,Private      ,2,2,4,2,2,4
02491000,WEST MI COLG OF BARBERING & BEAUTY      ,MI,49008-0000,Proprietary  ,4,15,19,20,79,99
02495800,FOCUS:HOPE                              ,MI,48238-0000,Private      ,15,47,62,90,187,277
02498300,VIRGINIA FARRELL BEAUTY SCHOOL          ,MI,48154-0000,Proprietary  ,12,46,58,53,171,224
02533600,ROSS MEDICAL EDUCATION CENTER           ,MI,48917-2108,Proprietary  ,15,85,100,97,386,483
02588200,DOUGLAS J AVEDA INSTITUTE               ,MI,48823-4351,Proprietary  ,50,34,84,230,179,409
02588201,DOUGLAS J AVEDA INSTITUTE - ANN ARBOR   ,MI,48104-2211,Proprietary  ,5,12,17,56,70,126
02594600,HOWELL COLLEGE OF COSMETOLOGY           ,MI,48843-8584,Proprietary  ,0,4,4,6,22,28
02595700,HILLSDALE BEAUTY COLLEGE                ,MI,49242-0000,Proprietary  ,0,5,5,45,29,74
02618400,MICHIGAN CAREER & TECHNICAL INST        ,MI,49080-9254,Public       ,33,27,60,193,118,311
03005700,DETROIT BUSINESS INST. DOWNRIVER        ,MI,48193-6761,Proprietary  ,14,61,75,53,285,338
03025100,MR DAVID'S SCHOOL OF COSMETOLOGY        ,MI,48507-2054,Proprietary  ,0,0,0,14,43,57
03028500,LAWTON SCHOOL                           ,MI,48075-5406,Proprietary  ,7,24,31,36,154,190
03066600,BAY MILLS COMMUNITY COLLEGE             ,MI,49715-9750,Public       ,7,29,36,75,267,342
03075200,TWIN CITY BEAUTY COLLEGE                ,MI,49085-3305,Proprietary  ,9,36,45,72,149,221
03075201,TWIN CITY BEAUTY COLLEGE - TRAVERSE CITY,MI,49686-5119,Proprietary  ,0,2,2,6,13,19
03090000,SHARP'S ACADEMY OF HAIRSTYLING INC.     ,MI,48433-0000,Proprietary  ,4,8,12,12,46,58
03109700,HOUGHTON LAKE INST OF COSMETOLOGY       ,MI,48629-0669,Proprietary  ,1,3,4,10,15,25
03110300,THE SCHOOL OF CREATIVE HAIR DESIGN      ,MI,49036-1139,Proprietary  ,5,9,14,23,41,64
03124000,NORTHWESTERN TECHNOLOGICAL INST         ,MI,48075-2412,Proprietary  ,37,111,148,112,405,517
03135300,MICHIGAN THEOLOGICAL SEMINARY           ,MI,48170-4399,Private      ,1,7,8,5,102,107
03284300,MICHIGAN JEWISH INSTITUTE               ,MI,48237-0000,Private      ,31,9,40,201,33,234
03340300,WARREN WOODS VOCATIONAL ADULT EDUC      ,MI,48088-3699,Public       ,3,9,12,15,44,59
03474300,AVE MARIA COLLEGE                       ,MI,48197-2451,Private      ,8,4,12,71,31,102
03490300,PAUL MITCHELL THE SCHOOL ESCANABA       ,MI,49829-0000,Proprietary  ,0,5,5,9,21,30
03588300,IRENE'S MYOMASSOLOGY INSTITUTE          ,MI,48033-2404,Proprietary  ,8,34,42,54,236,290
03704300,BLUE WATER COLLEGE OF COSMETOLOGY       ,MI,48040-0000,Proprietary  ,1,4,5,24,30,54
03772300,SAGINAW CHIPPEWA TRIBAL COLLEGE         ,MI,48858-0000,Public       ,0,6,6,7,31,38
03815300,IN SESSION-ARTS OF COSMETOLOGY BEAU     ,MI,48609-0000,Proprietary  ,2,6,8,41,70,111
03907300,PAUL MITCHELL THE SCHOOL GREAT LAKES    ,MI,48060-0000,Proprietary  ,11,15,26,62,60,122
03915300,CAREER QUEST LEARNING CENTER            ,MI,48910-4732,Proprietary  ,1,42,43,13,203,216
03976500,ANN ARBOR INSTITUTE OF MASSAGE THERAPY  ,MI,48103-0000,Proprietary  ,3,9,12,21,76,97
04002400,ECUMENICAL THEOLOGICAL SEMINARY         ,MI,48201-3035,Private      ,0,6,6,2,55,57
04006300,NUVO COLLEGE OF COSMETOLOGY             ,MI,49441-3822,Proprietary  ,3,9,12,23,64,87
04014300,P&A SCHOLARS BEAUTY SCHOOL              ,MI,48204-0000,Proprietary  ,21,55,76,54,125,179
04055300,CREATIVE HAIR SCHOOL OF COSMETOLOGY     ,MI,48504-1234,Proprietary  ,1,4,5,8,19,27
04094300,ROBERT B. MILLER COLLEGE (THE)          ,MI,49017-3306,Private      ,2,10,12,4,57,61
00233200,ANOKA-RAMSEY CC-CAMBRIDGE/COONRAPID     ,MN,55433-3499,Public       ,222,319,541,2438,2299,4737
00233400,AUGSBURG COLLEGE                        ,MN,55454-1351,Private      ,38,141,179,1965,1832,3797
00233500,RIVERLAND COMMUNITY COLLEGE             ,MN,55912-1473,Public       ,69,191,260,932,1360,2292
00233600,BEMIDJI STATE UNIVERSITY                ,MN,56601-2699,Public       ,54,115,169,2604,1431,4035
00233700,BETHANY LUTHERAN COLLEGE INC            ,MN,56001-6163,Private      ,7,2,9,588,59,647
00233900,CENTRAL LAKES COLG-BRAINERD/STAPLES     ,MN,56401-3900,Public       ,97,186,283,1405,1335,2740
00234000,CARLETON COLLEGE                        ,MN,55057-4001,Private      ,16,2,18,2494,19,2513
00234100,COLLEGE OF ST BENEDICT                  ,MN,56374-2099,Private      ,15,1,16,1921,29,1950
00234200,ST. CATHERINE UNIVERSITY                ,MN,55105-1789,Private      ,35,204,239,2047,2962,5009
00234201,COLLEGE OF ST CATHERINE-MINNEAPOLIS     ,MN,55454-0000,Private      ,0,0,0,0,1,1
00234300,COLLEGE OF ST SCHOLASTICA               ,MN,55811-4199,Private      ,29,151,180,1989,1372,3361
00234500,UNIVERSITY OF ST THOMAS                 ,MN,55105-1096,Private      ,85,247,332,5400,3185,8585
00234600,CONCORDIA COLLEGE-MOORHEAD              ,MN,56562-0001,Private      ,37,11,48,2914,153,3067
00234700,"CONCORDIA UNIVERSITY, ST PAUL, MN       ",MN,55104-5494,Private      ,33,129,162,1045,1165,2210
00235000,VERMILION COMMUNITY COLLEGE             ,MN,55731-1996,Public       ,12,10,22,494,113,607
00235300,GUSTAVUS ADOLPHUS COLLEGE               ,MN,56082-1498,Private      ,23,1,24,2901,36,2937
00235400,HAMLINE UNIVERSITY                      ,MN,55104-1284,Private      ,41,174,215,2249,2441,4690
00235500,HIBBING COMMUNITY COLLEGE               ,MN,55746-3300,Public       ,33,79,112,688,729,1417
00235600,ITASCA COMMUNITY COLLEGE                ,MN,55744-3397,Public       ,23,72,95,655,448,1103
00235700,LUTHER SEMINARY                         ,MN,55108-0000,Private      ,0,17,17,3,473,476
00235800,MACALESTER COLLEGE                      ,MN,55105-1899,Private      ,16,4,20,2883,66,2949
00236000,"MINNESOTA STATE UNIVERSITY, MANKATO     ",MN,56002-0000,Public       ,171,187,358,9444,3254,12698
00236100,MARTIN LUTHER COLLEGE                   ,MN,56073-3965,Private      ,4,2,6,672,52,724
00236200,MINNEAPOLIS COMM AND TECH COLLEGE       ,MN,55403-1779,Public       ,315,877,1192,2878,6254,9132
00236500,MINNEAPOLIS COLLEGE OF ART & DESIGN     ,MN,55404-4343,Private      ,29,15,44,814,314,1128
00236600,CROSSROADS COLLEGE                      ,MN,55902-2382,Private      ,1,15,16,89,76,165
00236700,MINNESOTA STATE UNIVERSITY MOORHEAD     ,MN,56563-0001,Public       ,107,129,236,5121,1925,7046
00236900,NORTH CENTRAL UNIVERSITY                ,MN,55404-1391,Private      ,21,18,39,1191,297,1488
00237000,NORTH HENNEPIN COMMUNITY COLLEGE        ,MN,55445-2299,Public       ,179,384,563,1891,2868,4759
00237100,NORTHWESTERN COLLEGE                    ,MN,55113-1598,Private      ,34,56,90,2211,687,2898
00237300,ROCHESTER COMMUNITY/TECH COLLEGE        ,MN,55904-4999,Public       ,154,261,415,2375,2352,4727
00237500,SOUTHWEST MINNESOTA STATE UNIVERSITY    ,MN,56258-1598,Public       ,23,70,93,1919,954,2873
00237700,ST CLOUD STATE UNIVERSITY               ,MN,56301-4498,Public       ,248,302,550,8828,3624,12452
00237900,SAINT JOHNS UNIVERSITY                  ,MN,56321-0000,Private      ,25,6,31,1709,81,1790
00238000,SAINT MARY'S UNIVERSITY                 ,MN,55987-1399,Private      ,18,315,333,1335,2440,3775
00238200,ST OLAF COLLEGE                         ,MN,55057-1098,Private      ,44,3,47,3397,78,3475
00238300,CROWN COLLEGE                           ,MN,55375-9001,Private      ,8,64,72,719,642,1361
00238500,NORTHLAND COMMUNITY & TECHNICAL CLG     ,MN,56701-2598,Public       ,88,197,285,1546,1777,3323
00238600,UNITED THEOLGCL SEMINRY TWIN CITIES     ,MN,55112-0000,Private      ,1,6,7,3,102,105
00238800,"UNIVERSITY OF MINNESOTA, DULUTH         ",MN,55812-2496,Public       ,181,96,277,8291,1797,10088
00238900,"UNIVERSITY OF MINNESOTA, MORRIS         ",MN,56267-2113,Public       ,21,11,32,1663,202,1865
00239100,WILLIAM MITCHELL COLLEGE OF LAW         ,MN,55105-0000,Private      ,0,12,12,1,1373,1374
00239300,MINNESOTA STATE COLLEGE-SE TECH         ,MN,55987-0409,Public       ,70,138,208,790,1051,1841
00239400,WINONA STATE UNIVERSITY                 ,MN,55987-5838,Public       ,89,77,166,5786,1193,6979
00396900,UNIVERSITY OF MINNESOTA-TWIN CITIES     ,MN,55455-0422,Public       ,537,849,1386,23793,15093,38886
00400900,MESABI RANGE CMNTY & TECH COLLEGE       ,MN,55792-0000,Public       ,9,57,66,481,524,1005
00405708,NATIONAL AMERICAN UNIVERSITY            ,MN,55113-0000,Proprietary  ,4,25,29,29,250,279
00405715,NATIONAL AMERICAN UNIVERSITY - BLOOMINGT,MN,55425-5550,Proprietary  ,2,7,9,11,97,108
00406900,UNIVERSITY OF MINNESOTA-CROOKSTON       ,MN,56716-5001,Public       ,21,20,41,839,261,1100
00438600,VETERAN'S MEDICAL CTR- SCH RAD TECH     ,MN,55417-2399,Public       ,0,3,3,5,18,23
00464100,DUNWOODY COLLEGE OF TECHNOLOGY          ,MN,55403-1192,Private      ,75,131,206,844,806,1650
00464200,GLOBE UNIVERSITY                        ,MN,55125-5408,Proprietary  ,66,158,224,391,866,1257
00464500,MINNEAPOLIS BUSINESS COLLEGE            ,MN,55113-4036,Proprietary  ,3,2,5,452,109,561
00464600,MINNESOTA SCHOOL OF BUSINESS            ,MN,55423-0000,Proprietary  ,269,531,800,2026,3854,5880
00464800,RASMUSSEN COLLEGE - EAGAN               ,MN,55122-1346,Proprietary  ,28,94,122,133,581,714
00525200,RIDGEWATER COLLEGE                      ,MN,56201-2098,Public       ,108,212,320,1986,1485,3471
00526300,MINNESOTA WEST CMNTY & TECH COLG        ,MN,56241-1096,Public       ,37,128,165,976,1067,2043
00553300,"SAINT PAUL COLLEGE, COMMUNITY/TECHNICAL ",MN,55102-1800,Public       ,134,481,615,1359,3213,4572
00553400,ST CLOUD TECHNICAL COLLEGE              ,MN,56303-1240,Public       ,128,185,313,1896,1321,3217
00553500,PINE TECHNICAL COLLEGE                  ,MN,55063-2198,Public       ,13,48,61,177,400,577
00553700,SOUTH CENTRAL COLLEGE                   ,MN,56003-0000,Public       ,74,150,224,1256,1348,2604
00554100,MINNESOTA STATE COMMUNITY AND TECHNICAL ,MN,56573-1405,Public       ,138,329,467,2433,2561,4994
00554400,ALEXANDRIA TECHNICAL COLLEGE            ,MN,56308-3799,Public       ,49,94,143,1310,611,1921
00575700,LAKE SUPERIOR COLLEGE                   ,MN,55811-3399,Public       ,100,223,323,1759,1908,3667
00575900,NORTHWEST TECHNICAL COLLEGE - BEMIDJI   ,MN,56601-4907,Public       ,34,88,122,472,631,1103
00677500,RAINY RIVER COMMUNITY COLLEGE           ,MN,56649-2187,Public       ,6,9,15,198,114,312
00735000,ANOKA-HENNEPIN TECHNICAL COLLEGE        ,MN,55303-1590,Public       ,54,179,233,686,1178,1864
00735100,BROWN COLLEGE                           ,MN,55120-1004,Proprietary  ,153,197,350,1431,1500,2931
00746200,COLLEGE OF VISUAL ARTS                  ,MN,55102-2199,Private      ,3,4,7,146,49,195
00795400,NORMANDALE COMMUNITY COLLEGE            ,MN,55431-4399,Public       ,286,419,705,3127,3183,6310
00826700,NORTHWEST TECHNICAL INSTITUTE           ,MN,55121-5001,Proprietary  ,3,8,11,104,49,153
00869400,RASMUSSEN COLLEGE                       ,MN,56301-3713,Proprietary  ,17,103,120,209,749,958
00869401,RASMUSSEN COLLEGE - BROOKLYN PARK       ,MN,55445-1512,Proprietary  ,45,139,184,204,639,843
00905800,BETHEL UNIVERSITY                       ,MN,55112-6999,Private      ,39,136,175,2793,1590,4383
00960000,COSMETOLOGY CAREERS UNLTD-DULUTH        ,MN,55802-2031,Proprietary  ,8,7,15,32,50,82
00972200,EMPIRE BEAUTY SCHOOL                    ,MN,55119-7003,Proprietary  ,14,31,45,102,168,270
00974000,INVER HILLS COMMUNITY COLLEGE           ,MN,55076-3224,Public       ,147,262,409,1616,1969,3585
00983100,MODEL COLLEGE OF HAIR DESIGN            ,MN,56301-4280,Proprietary  ,7,10,17,114,50,164
00987000,EMPIRE BEAUTY SCHOOL                    ,MN,55420-2919,Proprietary  ,18,34,52,122,170,292
00989200,"DULUTH BUSINESS UNIV, INC.              ",MN,55807-0000,Proprietary  ,23,62,85,161,323,484
00999200,OAK HILLS CHRISTIAN COLLEGE             ,MN,56601-0000,Private      ,4,8,12,147,89,236
01024800,ART INSTITUTES INTL MINNESOTA           ,MN,55402-3137,Proprietary  ,71,97,168,1311,869,2180
01037400,METROPOLITAN STATE UNIVERSITY           ,MN,55106-5000,Public       ,92,479,571,1223,4331,5554
01040200,DAKOTA COUNTY TECHNICAL COLLEGE         ,MN,55068-2999,Public       ,94,173,267,983,1298,2281
01049000,REGENCY BEAUTY INSTITUTE                ,MN,55428-0000,Proprietary  ,123,136,259,660,643,1303
01049100,HENNEPIN TECHNICAL COLLEGE              ,MN,55445-2399,Public       ,146,388,534,1301,2462,3763
01054600,CENTURY COMMUNITY AND TECHNICAL CLG     ,MN,55110-1894,Public       ,257,456,713,3093,3543,6636
01101700,HERZING COLLEGE                         ,MN,55428-3548,Proprietary  ,16,15,31,159,270,429
01168600,RASMUSSEN COLLEGE - EDEN PRAIRIE        ,MN,55344-7220,Proprietary  ,15,139,154,110,888,998
01173200,"MAYO CLINIC, COLLEGE OF MEDICINE        ",MN,55905-0000,Private      ,0,10,10,30,245,275
01173201,MAYO SCHOOL OF HEALTH-RELATED SCIEN     ,MN,55905-0000,Private      ,1,2,3,37,115,152
01173206,MAYO GRAD SCHOOL                        ,MN,55901-0000,Private      ,1,3,4,1,24,25
01173207,MAYO MEDICAL SCHOOL                     ,MN,55901-0000,Private      ,1,0,1,3,199,202
01232800,NORTHWESTERN HEALTH SCIENCES UNIV       ,MN,55431-1599,Private      ,7,42,49,72,911,983
02050300,ACADEMY COLLEGE                         ,MN,55420-1554,Proprietary  ,11,38,49,67,181,248
02096002,REGIONS HOSPITAL -DIETETIC INTRNSHP     ,MN,55101-0000,Private      ,0,0,0,2,3,5
02123200,AVEDA INSTITUTE                         ,MN,55414-0000,Proprietary  ,41,40,81,329,242,571
02159800,COSMETOLOGY CAREERS UNLTD - HIBBING     ,MN,55746-0000,Proprietary  ,1,4,5,14,23,37
02160901,"SALON PROFESSIONAL ACADEMY, THE - THE SA",MN,55428-4928,Proprietary  ,5,10,15,51,40,91
02238100,MINNESOTA SCHOOL OF COSMETOLOGY         ,MN,55125-0000,Proprietary  ,14,30,44,71,144,215
02260500,SUMMIT ACAD OPPORTUNITIES IND CTR       ,MN,55405-0000,Private      ,2,49,51,10,107,117
02284500,PILLSBURY BAPTIST BIBLE COLLEGE         ,MN,55060-0000,Private      ,3,1,4,155,35,190
02503300,RASMUSSEN COLLEGE - MANKATO             ,MN,56001-8658,Proprietary  ,30,78,108,220,584,804
02504200,WALDEN UNIVERSITY                       ,MN,55401-2511,Proprietary  ,5,3483,3488,30,19671,19701
02514100,AMERICAN INDIAN OPPORTUNITIES CTR       ,MN,55404-0000,Private      ,0,20,20,3,98,101
02543600,INGENUE                                 ,MN,56560-0000,Proprietary  ,0,1,1,20,12,32
02551200,EAST METRO OIC                          ,MN,55104-3435,Private      ,2,17,19,8,78,86
03001200,MCNALLY SMITH COLLEGE OF MUSIC          ,MN,55101-2220,Proprietary  ,42,16,58,458,147,605
03051900,ALFRED ADLER GRADUATE SCHOOL            ,MN,55305-0000,Private      ,0,23,23,0,127,127
03096400,LEECH LAKE TRIBAL COLLEGE               ,MN,56633-0000,Public       ,4,31,35,38,223,261
03129100,FOND DU LAC TRIBAL & COMMUNITY CLG      ,MN,55720-2984,Public       ,28,97,125,358,725,1083
03267300,CAPELLA UNIVERSITY                      ,MN,55402-3389,Proprietary  ,8,2550,2558,57,21386,21443
03473400,MINNEAPOLIS SCHOOL OF MASSAGE AND B     ,MN,55418-3343,Private      ,0,14,14,26,93,119
03833300,AMERICAN ACADEMY OF ACUPUNCTURE AND ORIE,MN,55113-0000,Proprietary  ,0,24,24,1,80,81
03921400,WHITE EARTH TRIBAL AND COMMUNITY COLLEGE,MN,56557-0478,Private      ,1,23,24,12,108,120
04044300,HAZELDEN GRADUATE SCHOOL OF ADDICTION ST,MN,55012-0000,Private      ,0,27,27,0,27,27
00239600,ALCORN STATE UNIVERSITY                 ,MS,39096-7500,Public       ,59,159,218,3318,2445,5763
00239700,BELHAVEN COLLEGE                        ,MS,39202-1789,Private      ,26,362,388,1056,2708,3764
00239800,BLUE MOUNTAIN COLLEGE                   ,MS,38610-9370,Private      ,7,12,19,230,232,462
00240100,COAHOMA COMMUNITY COLLEGE               ,MS,38614-9799,Public       ,43,157,200,1008,1741,2749
00240200,COPIAH-LINCOLN COMMUNITY COLLEGE        ,MS,39191-0649,Public       ,92,221,313,1652,1794,3446
00240300,DELTA STATE UNIVERSITY                  ,MS,38733-0000,Public       ,59,192,251,2828,2723,5551
00240400,EAST CENTRAL COMMUNITY COLLEGE          ,MS,39327-0129,Public       ,70,156,226,1270,1444,2714
00240500,EAST MISSISSIPPI COMM COLLEGE           ,MS,39358-0000,Public       ,116,296,412,1903,2990,4893
00240700,HINDS COMMUNITY COLLEGE                 ,MS,39154-9799,Public       ,357,808,1165,5213,6923,12136
00240800,HOLMES COMMUNITY COLLEGE                ,MS,39079-0000,Public       ,137,364,501,2231,3653,5884
00240900,ITAWAMBA COMMUNITY COLLEGE              ,MS,38843-1099,Public       ,134,396,530,2446,3521,5967
00241000,JACKSON STATE UNIVERSITY                ,MS,39217-0001,Public       ,176,509,685,7336,7207,14543
00241100,JONES COUNTY JUNIOR COLLEGE             ,MS,39437-3999,Public       ,166,253,419,2796,2186,4982
00241300,MERIDIAN COMMUNITY COLLEGE              ,MS,39307-5890,Public       ,76,212,288,1788,2026,3814
00241400,MILLSAPS COLLEGE                        ,MS,39201-0000,Private      ,20,31,51,1106,377,1483
00241500,MISSISSIPPI COLLEGE                     ,MS,39058-0001,Private      ,54,157,211,2041,2409,4450
00241501,MISSISSIPPI COLLEGE - SCHOOL OF LAW     ,MS,39201-1391,Private      ,0,9,9,27,718,745
00241600,MISSISSIPPI DELTA CMTY COLLEGE          ,MS,38761-0000,Public       ,84,225,309,1746,2206,3952
00241700,MISSISSIPPI GULF CST CLG-PERKINSTON     ,MS,39573-0000,Public       ,55,80,135,1061,643,1704
00241701,MISSISSIPPI GULF CST CLG-JEFF DAVIS     ,MS,39507-0000,Public       ,89,291,380,1392,2383,3775
00241702,MISSISSIPPI GULF CST CLG-JACKSON CN     ,MS,39553-0000,Public       ,86,227,313,1351,1938,3289
00242200,MISSISSIPPI UNIV FOR WOMEN              ,MS,39701-5818,Public       ,38,98,136,1498,1538,3036
00242300,MISSISSIPPI STATE UNIVERSITY            ,MS,39762-9698,Public       ,272,280,552,9207,5347,14554
00242400,MISSISSIPPI VALLEY STATE UNIVERSITY     ,MS,38941-1400,Public       ,54,208,262,2518,3518,6036
00242600,NORTHEAST MS CMNTY COLLEGE              ,MS,38829-1731,Public       ,99,201,300,2004,1623,3627
00242700,NORTHWEST MISSISSIPPI COMMUNITY CLG     ,MS,38668-1703,Public       ,155,351,506,3645,3405,7050
00243000,PEARL RIVER COMMUNITY COLLEGE           ,MS,39470-2201,Public       ,149,308,457,2125,2473,4598
00243300,RUST COLLEGE                            ,MS,38635-2328,Private      ,22,20,42,1079,387,1466
00243500,SOUTHEASTERN BAPTIST COLLEGE            ,MS,39440-0000,Private      ,2,5,7,24,56,80
00243600,SOUTHWEST MISSISSIPPI CMNTY CLG         ,MS,39666-8099,Public       ,78,143,221,1077,1121,2198
00243900,TOUGALOO COLLEGE                        ,MS,39174-9799,Private      ,26,27,53,1444,436,1880
00244000,UNIVERSITY OF MISSISSIPPI               ,MS,38677-1848,Public       ,227,248,475,8312,4756,13068
00244001,UNIVERSITY OF MISSISSIPPI - MED CTR     ,MS,39216-0000,Public       ,11,35,46,405,1278,1683
00244100,UNIVERSITY OF SOUTHERN MISSISSIPPI      ,MS,39406-0001,Public       ,277,472,749,9261,7773,17034
00244700,WILLIAM CAREY UNIVERSITY                ,MS,39401-5499,Private      ,54,177,231,1044,2216,3260
01146100,WESLEY COLLEGE                          ,MS,39073-1070,Private      ,2,3,5,52,75,127
01289101,ANTONELLI COLLEGE - JACKSON             ,MS,39208-4526,Proprietary  ,5,12,17,11,34,45
01289102,ANTONELLI COLLEGE - HATTIESBURG         ,MS,39401-3056,Proprietary  ,4,8,12,5,21,26
02074900,CHRIS' BEAUTY COLLEGE                   ,MS,39501-0000,Proprietary  ,5,18,23,39,78,117
02160500,NORTH MISSISSIPPI MED CTR MED TECH      ,MS,38801-0000,Private      ,2,2,4,8,32,40
02235900,ACADEMY OF HAIR DESIGN #4               ,MS,39208-0000,Proprietary  ,2,10,12,30,63,93
02244300,ACADEMY OF HAIR DESIGN #1               ,MS,38901-0000,Proprietary  ,3,25,28,61,201,262
02249900,DELTA BEAUTY COLLEGE                    ,MS,38701-0000,Proprietary  ,8,11,19,44,112,156
02251600,ACADEMY OF HAIR DESIGN #6               ,MS,39401-7581,Proprietary  ,4,12,16,41,108,149
02251700,FOSTER'S COSMETOLOGY COLLEGE            ,MS,38663-0000,Proprietary  ,3,7,10,6,35,41
02302800,MISSISSIPPI COLLEGE OF BEAUTY CULT      ,MS,39440-0000,Proprietary  ,0,13,13,21,55,76
02320800,MAGNOLIA COLLEGE OF COSMETOLOGY         ,MS,39206-0000,Proprietary  ,6,15,21,41,127,168
02361200,MAGNOLIA BIBLE COLLEGE                  ,MS,39090-0000,Private      ,2,3,5,8,30,38
02490200,"ICS, THE WRIGHT BEAUTY COLLEGE          ",MS,38834-0000,Proprietary  ,0,8,8,8,35,43
02502100,CREATIONS COLLEGE OF COSMETOLOGY        ,MS,38803-0000,Proprietary  ,3,11,14,22,90,112
02516200,WESLEY BIBLICAL SEMINARY                ,MS,39206-0000,Private      ,0,13,13,1,85,86
02554600,GIBSON'S BARBER AND BEAUTY COLLEGE      ,MS,39773-0000,Proprietary  ,3,8,11,40,70,110
02586000,J & J HAIR DESIGN COLLEGE               ,MS,39051-3716,Proprietary  ,4,25,29,16,100,116
03004000,FINAL TOUCH BEAUTY SCHOOL               ,MS,39307-2934,Proprietary  ,1,12,13,17,75,92
03010404,CRESCENT CITY SCHOOL OF GAMING & BARTEND,MS,38664-1903,Proprietary  ,0,1,1,0,6,6
03010603,VIRGINIA COLLEGE - JACKSON              ,MS,39206-5602,Proprietary  ,1,21,22,53,208,261
03010610,VIRGINIA COLLEGE - BILOXI               ,MS,39532-2124,Proprietary  ,0,15,15,15,100,115
03263300,TRAXLER'S SCHOOL OF HAIR                ,MS,39212-2529,Proprietary  ,2,11,13,17,55,72
03464300,ACADEMY OF HAIR DESIGN                  ,MS,39562-0000,Proprietary  ,3,13,16,11,27,38
03525300,BLUE CLIFF COLLEGE                      ,MS,39507-0000,Proprietary  ,8,29,37,26,149,175
03848300,DAY SPA CAREER COLLEGE                  ,MS,39564-0000,Proprietary  ,3,7,10,18,63,81
03963300,HEALING TOUCH SCHOOL OF MASSAGE THERAPY ,MS,39402-1300,Proprietary  ,0,8,8,16,38,54
00252600,CARROLL COLLEGE                         ,MT,59625-0002,Private      ,19,13,32,1491,256,1747
00252700,UNIVERSITY OF GREAT FALLS               ,MT,59405-4996,Private      ,15,60,75,411,590,1001
00252800,MILES COMMUNITY COLLEGE                 ,MT,59301-4799,Public       ,14,26,40,274,228,502
00252900,DAWSON COMMUNITY COLLEGE                ,MT,59330-1405,Public       ,9,18,27,239,136,375
00253000,MONTANA STATE UNIVERSITY - BILLINGS     ,MT,59101-0298,Public       ,79,246,325,2423,2956,5379
00253100,MONTANA TECH OF THE UNIV OF MONTANA     ,MT,59701-8997,Public       ,35,68,103,1257,997,2254
00253200,MONTANA STATE UNIVERSITY - BOZEMAN      ,MT,59717-0001,Public       ,166,197,363,7976,3473,11449
00253300,MONTANA STATE UNIVERSITY-NORTHERN       ,MT,59501-3148,Public       ,16,45,61,715,866,1581
00253400,ROCKY MOUNTAIN COLLEGE                  ,MT,59102-1796,Private      ,8,42,50,849,343,1192
00253600,UNIVERSITY OF MONTANA (THE)             ,MT,59812-0001,Public       ,187,305,492,7420,6102,13522
00253700,UNIVERSITY OF MONTANA WESTERN (THE)     ,MT,59725-3598,Public       ,26,23,49,868,473,1341
00442500,BENEFIS HEALTHCARE SCH RAD TECH         ,MT,59405-4324,Private      ,0,1,1,7,12,19
00677700,FLATHEAD VALLEY COMMUNITY COLLEGE       ,MT,59901-2699,Public       ,46,79,125,496,674,1170
00757000,HELENA COLLEGE OF TECHNOLOGY            ,MT,59601-3098,Public       ,36,59,95,388,566,954
00790000,BUTTE ACADEMY OF BEAUTY CULTURE         ,MT,59701-9197,Proprietary  ,3,5,8,23,27,50
00894700,"DAHL'S COLLEGE OF BEAUTY,INC            ",MT,59401-3731,Proprietary  ,4,8,12,20,47,67
00931400,MSU COLLEGE OF TECH-GREAT FALLS         ,MT,59405-4907,Public       ,35,136,171,448,1099,1547
00946800,COLLEGE OF COIFFURE ART LTD             ,MT,59102-5333,Proprietary  ,4,1,5,26,27,53
02143400,SALISH KOOTENAI COLLEGE                 ,MT,59855-0000,Public       ,17,66,83,245,800,1045
02286600,LITTLE BIG HORN COLLEGE                 ,MT,59022-0000,Public       ,15,22,37,112,156,268
02343000,FT PECK COMMUNITY COLLEGE               ,MT,59255-0000,Public       ,10,44,54,70,282,352
02510600,BLACKFEET COMMUNITY COLLEGE             ,MT,59417-0000,Private      ,19,50,69,139,391,530
02517500,FORT BELKNAP COLLEGE                    ,MT,59526-0000,Public       ,3,7,10,50,95,145
02545200,CHIEF DULL KNIFE COLLEGE                ,MT,59043-0098,Public       ,1,10,11,51,112,163
02610900,STONE CHILD COLLEGE                     ,MT,59521-9796,Public       ,1,8,9,62,170,232
02621300,ACADEMY OF COSMETOLOGY                  ,MT,59715-3544,Proprietary  ,1,4,5,35,23,58
03205300,MODERN BEAUTY SCHOOL                    ,MT,59801-8386,Proprietary  ,1,3,4,24,30,54
03763400,"ACADEMY OF NAIL, SKIN & HAIR            ",MT,59101-0000,Proprietary  ,8,13,21,52,65,117
03778300,HEALTH WORKS INSTITUTE                  ,MT,59715-0000,Proprietary  ,2,3,5,23,35,58
00253900,CHADRON STATE COLLEGE                   ,NE,69337-2690,Public       ,25,67,92,1404,728,2132
00254000,COLLEGE OF ST MARY                      ,NE,68106-2606,Private      ,12,65,77,447,937,1384
00254100,CONCORDIA UNIVERSITY                    ,NE,68434-1594,Private      ,14,15,29,1302,140,1442
00254200,CREIGHTON UNIVERSITY                    ,NE,68178-0001,Private      ,53,98,151,4162,4099,8261
00254300,DANA COLLEGE                            ,NE,68008-9905,Private      ,10,2,12,849,95,944
00254400,DOANE COLLEGE                           ,NE,68333-2421,Private      ,20,100,120,1336,751,2087
00254700,GRACE UNIVERSITY                        ,NE,68108-3629,Private      ,7,8,15,355,227,582
00254800,HASTINGS COLLEGE                        ,NE,68901-7621,Private      ,27,4,31,1442,134,1576
00255100,UNIVERSITY OF NEBRASKA AT KEARNEY       ,NE,68849-0001,Public       ,79,105,184,4043,1354,5397
00255300,MIDLAND LUTHERAN COLLEGE                ,NE,68025-4254,Private      ,10,14,24,1061,143,1204
00255400,UNIVERSITY OF NEBRASKA-OMAHA            ,NE,68182-0001,Public       ,255,343,598,7183,4857,12040
00255500,NEBRASKA WESLEYAN UNIVERSITY            ,NE,68504-2796,Private      ,26,38,64,1897,456,2353
00255700,MID-PLAINS COMM COLLEGE - NORTH PLATTE  ,NE,69101-9420,Public       ,19,57,76,419,519,938
00255701,MID-PLAINS COMMUNITY COLLEGE - MCCOOK   ,NE,69001-2631,Public       ,3,9,12,248,138,386
00255900,PERU STATE COLLEGE                      ,NE,68421-0010,Public       ,21,66,87,838,697,1535
00256000,WESTERN NEBRASKA COMMUNITY COLLEGE      ,NE,69361-1815,Public       ,32,77,109,541,713,1254
00256300,UNION COLLEGE                           ,NE,68506-4387,Private      ,17,11,28,779,261,1040
00256500,UNIVERSITY OF NEBRASKA-LINCOLN          ,NE,68588-0419,Public       ,274,204,478,12903,4336,17239
00256596,UNIVERSITY OF NEBRASKA - CURTIS         ,NE,69025-9522,Public       ,7,0,7,253,18,271
00256600,WAYNE STATE COLLEGE                     ,NE,68787-1172,Public       ,44,49,93,2446,823,3269
00256700,YORK COLLEGE                            ,NE,68467-2699,Private      ,5,6,11,447,97,544
00443100,MARY LANNING MEM HOSP SCH RAD TECH      ,NE,68901-4497,Private      ,0,0,0,9,4,13
00443600,REGNL WST MEDCL CTR SCHL RAD            ,NE,69361-0000,Private      ,0,0,0,7,8,15
00458608,KAPLAN UNIVERSITY - OMAHA               ,NE,68134-1002,Proprietary  ,16,133,149,177,1131,1308
00458609,KAPLAN UNIVERSITY - LINCOLN             ,NE,68508-2668,Proprietary  ,41,117,158,249,666,915
00639900,BRYANLGH COLLEGE OF HEALTH SCIENCES     ,NE,68506-1398,Private      ,8,7,15,224,175,399
00640400,NEBR METHODIST CLG OF NURS ALLD HLTH    ,NE,68114-2852,Private      ,15,28,43,369,481,850
00689500,UNIVERSITY OF NEBRASKA-MED CTR          ,NE,68198-4265,Public       ,22,56,78,531,1983,2514
00750100,VATTEROTT COLLEGE                       ,NE,68137-1237,Proprietary  ,25,109,134,233,838,1071
00849200,ALEGENT HEALTH SCHOOLS                  ,NE,68114-2767,Private      ,0,3,3,24,77,101
00952300,BAHNER COLLEGE OF HAIRSTYLING           ,NE,68025-3297,Proprietary  ,7,3,10,92,25,117
00961700,CAPITOL BEAUTY SCHOOL                   ,NE,68144-3873,Proprietary  ,8,16,24,110,78,188
00974300,BELLEVUE UNIVERSITY                     ,NE,68005-0000,Private      ,45,697,742,668,4711,5379
00986200,CLARKSON COLLEGE                        ,NE,68131-2739,Private      ,11,37,48,424,524,948
01151900,JOSEPH'S COLLEGE OF BEAUTY/ALL CAMPUSES ,NE,68510-2226,Proprietary  ,16,38,54,204,292,496
01166700,NORTHEAST COMMUNITY COLLEGE             ,NE,68702-0000,Public       ,53,129,182,1518,1007,2525
01258600,METROPOLITAN COMMUNITY COLLEGE          ,NE,68103-0000,Public       ,241,751,992,2772,6198,8970
01297600,NEBRASKA CHRISTIAN COLLEGE              ,NE,68046-4256,Private      ,5,0,5,140,33,173
02079700,COLLEGE OF HAIR DESIGN                  ,NE,68508-0000,Proprietary  ,23,10,33,134,74,208
02099500,CENTRAL COMMUNITY COLLEGE- GI           ,NE,68801-0000,Public       ,26,123,149,507,1006,1513
02099501,CENTRAL COMMUNITY COLLEGE - HASTINGS    ,NE,68902-0000,Public       ,32,77,109,841,579,1420
02099502,CENTRAL COMMUNITY COLLEGE - COLUMBUS    ,NE,68602-0000,Public       ,22,40,62,414,355,769
02508300,SOUTHEAST COMM. COLLEGE-ALL CAMPUSES    ,NE,68520-0000,Public       ,266,394,660,3173,3238,6411
02508301,SOUTHEAST COMMUNITY COLLEGE             ,NE,68310-7042,Public       ,12,19,31,454,274,728
02508302,SOUTHEAST COMMUNITY COLLEGE             ,NE,68405-0000,Public       ,28,11,39,752,166,918
02550800,NEBRASKA INDIAN COMMUNITY COLLEGE       ,NE,68039-0000,Public       ,5,18,23,16,64,80
02610500,XENON INTERNATIONAL ACADEMY II          ,NE,68127-3522,Proprietary  ,24,23,47,201,133,334
03023300,VATTEROTT COLLEGE                       ,NE,68137-1237,Proprietary  ,1,3,4,16,33,49
03127300,OMAHA SCHOOL OF MASSAGE THERAPY         ,NE,68127-5002,Proprietary  ,2,15,17,43,96,139
03164300,THE CREATIVE CENTER                     ,NE,68164-2911,Proprietary  ,2,3,5,103,19,122
03279300,MYOTHERAPY INSTITUTE                    ,NE,68516-3641,Proprietary  ,4,7,11,36,63,99
03323300,LITTLE PRIEST TRIBAL COLLEGE            ,NE,68071-0000,Private      ,2,4,6,18,60,78
03821400,UNIVERSAL COLLEGE OF HEALING ARTS       ,NE,68112-1810,Proprietary  ,1,3,4,10,48,58
00256800,UNIVERSITY OF NEVADA RENO               ,NV,89557-0002,Public       ,205,233,438,5852,3843,9695
00256900,UNIVERSITY OF NEVADA-LAS VEGAS          ,NV,89154-1001,Public       ,359,581,940,9111,10262,19373
00697700,GREAT BASIN COLLEGE                     ,NV,89801-3348,Public       ,35,65,100,322,693,1015
00736700,MARINELLO SCHOOLS OF BEAUTY             ,NV,89110-3563,Proprietary  ,18,53,71,102,259,361
00919200,SIERRA NEVADA COLLEGE                   ,NV,89451-0000,Private      ,4,39,43,228,323,551
01036200,COLLEGE OF SOUTHERN NEVADA              ,NV,89146-1139,Public       ,446,1179,1625,3983,8984,12967
01036300,WESTERN NEVADA COLLEGE                  ,NV,89703-0000,Public       ,33,149,182,489,1107,1596
01323200,ACADEMY OF HAIR DESIGN                  ,NV,89102-0000,Proprietary  ,28,49,77,113,180,293
02097100,SOUTHERN NEVADA UNIV OF COSMETOLOGY     ,NV,89121-0000,Proprietary  ,4,10,14,39,74,113
02107700,TRUCKEE MEADOWS COMMUNITY CLG           ,NV,89512-0000,Public       ,167,392,559,1505,2901,4406
02237500,EVEREST COLLEGE                         ,NV,89103-0000,Proprietary  ,31,110,141,261,800,1061
02338509,NEVADA CAREER INSTITUTE                 ,NV,89121-0000,Proprietary  ,16,87,103,90,412,502
02361001,ITT TECHNICAL INSTITUTE                 ,NV,89014-0000,Proprietary  ,57,121,178,334,584,918
02600700,LAS VEGAS GAMING & TECHNICAL SCHOOL     ,NV,89109-0000,Proprietary  ,0,0,0,0,1,1
02616703,SCOTTSDALE CULINARY INSTITUTE - LE CORDO,NV,89144-7047,Proprietary  ,4,31,35,98,178,276
02621500,CAREER COLLEGE OF NORTHERN NEVADA       ,NV,89434-7905,Proprietary  ,14,55,69,90,363,453
03030603,UTAH CLG OF MASSAGE THERAPY-NSMT        ,NV,89123-0000,Proprietary  ,40,85,125,169,391,560
03031405,INTERNATIONAL ACADEMY OF DESIGN AND TECH,NV,89074-7750,Proprietary  ,6,8,14,89,81,170
03043200,KAPLAN COLLEGE                          ,NV,89102-8618,Proprietary  ,30,96,126,131,467,598
03084600,THE ART INSTITUTE OF LAS VEGAS          ,NV,89074-7737,Proprietary  ,120,108,228,823,942,1765
03088200,CARSON CITY BEAUTY ACADEMY              ,NV,89706-0000,Proprietary  ,2,11,13,27,67,94
03110000,ACADEMY OF HEALING ARTS                 ,NV,89106-4031,Proprietary  ,21,93,114,69,336,405
03232305,COMPUTER-ED INSTITUTE -                 ,NV,89014-6398,Proprietary  ,10,36,46,64,137,201
03787300,EXPERTISE SCHOOL OF BEAUTY              ,NV,89106-2516,Private      ,8,23,31,28,87,115
03838500,NORTHWEST HEALTH CAREERS                ,NV,89128-0000,Proprietary  ,6,38,44,33,148,181
03975300,INSTITUTE OF PROFESSIONAL CAREERS       ,NV,89119-7825,Proprietary  ,2,10,12,21,74,95
04065300,UNIVERSITY OF SOUTHERN NEVADA           ,NV,89014-2333,Private      ,9,232,241,9,232,241
04114300,NEVADA STATE COLLEGE                    ,NV,89002-9455,Public       ,11,28,39,11,28,39
00257200,COLBY-SAWYER COLLEGE                    ,NH,03257-4648,Private      ,11,1,12,1383,39,1422
00257300,DARTMOUTH COLLEGE                       ,NH,03755-3529,Private      ,57,14,71,6928,1586,8514
00257500,FRANKLIN PIERCE UNIVERSITY              ,NH,03461-0060,Private      ,19,59,78,2917,867,3784
00257900,NEW ENGLAND COLLEGE                     ,NH,03242-3293,Private      ,15,47,62,1344,330,1674
00258000,SOUTHERN NEW HAMPSHIRE UNIVERSITY       ,NH,03106-1045,Private      ,64,297,361,3098,2766,5864
00258100,NHTI  - CONCORD'S COMMUNITY COLLEGE     ,NH,03301-7412,Public       ,64,104,168,1690,1117,2807
00258200,MANCHESTER COMMUNITY COLLEGE            ,NH,03102-8518,Public       ,33,78,111,666,711,1377
00258201,NH COMM TECH COLLEGE - STRATHAM         ,NH,03885-0000,Public       ,0,0,0,273,342,615
00258202,NEW HAMPSHIRE COMMUNITY TECHNICAL COLLEG,NH,03038-0000,Public       ,0,1,1,16,23,39
00258204,HEW HAMPSHIRE COMMUNITY TECHNICAL COLLEG,NH,03803-2807,Public       ,0,7,7,31,37,68
00258300,GREAT BAY COMMUNITY COLLEGE             ,NH,03885-0000,Public       ,33,47,80,128,179,307
00258600,RIVIER COLLEGE                          ,NH,03060-5086,Private      ,12,56,68,1193,735,1928
00258700,SAINT ANSELM COLLEGE                    ,NH,03102-1310,Private      ,23,2,25,3167,43,3210
00258900,UNIVERSITY OF NEW HAMPSHIRE             ,NH,03824-2511,Public       ,100,118,218,15182,2659,17841
00259000,KEENE STATE COLLEGE                     ,NH,03431-0000,Public       ,61,31,92,5237,562,5799
00259100,PLYMOUTH STATE UNIVERSITY               ,NH,03264-1595,Public       ,46,37,83,5321,755,6076
00301004,ANTIOCH UNIVERSITY                      ,NH,03431-0000,Private      ,0,29,29,2,846,848
00472900,HESSER COLLEGE                          ,NH,03103-7230,Proprietary  ,85,145,230,975,1024,1999
00472901,HESSER COLLEGE - NASHUA CAMPUS          ,NH,03063-1286,Proprietary  ,21,65,86,146,401,547
00472904,HESSER COLLEGE - PORTSMOUTH CAMPUS      ,NH,03801-3245,Proprietary  ,23,77,100,171,417,588
00472905,HESSER COLLEGE - SALEM CAMPUS           ,NH,03079-2842,Proprietary  ,42,116,158,209,530,739
00472906,HESSER COLLEGE - CONCORD CAMPUS         ,NH,03301-3415,Proprietary  ,14,62,76,101,378,479
00473000,MCINTOSH COLLEGE INC                    ,NH,03820-3990,Proprietary  ,78,111,189,893,810,1703
00473100,DANIEL WEBSTER COLLEGE                  ,NH,03063-1300,Proprietary  ,9,22,31,936,239,1175
00473300,CHESTER COLLEGE OF NEW ENGLAND          ,NH,03036-4331,Private      ,3,4,7,283,47,330
00529100,WHITE MOUNTAINS COMMUNITY COLLEGE       ,NH,03570-3799,Public       ,11,30,41,232,411,643
00529101,N.H.COMM TECH COLLEGE - LACONIA         ,NH,03246-0000,Public       ,4,11,15,298,244,542
00702500,LEBANON COLLEGE                         ,NH,03766-0000,Private      ,1,0,1,10,37,47
00755500,LAKES REGION COMMUNITY COLLEGE          ,NH,03246-1326,Public       ,15,34,49,103,84,187
00756000,RIVER VALLEY COMMUNITY COLLEGE          ,NH,03743-9707,Public       ,14,31,45,199,456,655
00849300,CONTINENTAL ACADEMIE OF HAIR DESIGN     ,NH,03103-4901,Proprietary  ,1,1,2,24,14,38
00864500,EMPIRE BEAUTY SCHOOL                    ,NH,03220-0000,Proprietary  ,23,25,48,101,104,205
00923600,NASHUA COMMUNITY COLLEGE                ,NH,03063-2052,Public       ,37,46,83,612,545,1157
01318900,CONTINENTAL ACADEMIE OF HAIR DESIGN     ,NH,03051-3754,Proprietary  ,10,3,13,52,16,68
02097900,FRANKLIN PIERCE LAW CENTER              ,NH,03301-0000,Private      ,0,3,3,14,685,699
02140400,ST JOSEPH SCH OF PRAC NRSG              ,NH,03060-0000,Private      ,0,5,5,20,110,130
02174800,MICHAEL'S SCHOOL OF HAIR DESIGN & ESTHET,NH,03110-0000,Proprietary  ,12,13,25,78,69,147
02179600,EMPIRE BEAUTY SCHOOL                    ,NH,03878-0000,Proprietary  ,21,42,63,108,133,241
02211600,PORTSMOUTH BTY SCH OF HAIR DESIGN       ,NH,03801-4084,Proprietary  ,2,2,4,28,18,46
02245400,KEENE BEAUTY ACADEMY                    ,NH,03431-0000,Proprietary  ,5,6,11,32,23,55
02247000,NEW ENGLAND SCHOOL OF HAIR DESIGN       ,NH,03784-0000,Proprietary  ,6,1,7,29,37,66
02300200,CONCORD ACADEMY OF HAIR DESIGN          ,NH,03301-0000,Proprietary  ,1,3,4,12,14,26
03043100,THOMAS MORE COLLEGE OF LIBERAL ARTS     ,NH,03054-4818,Private      ,3,0,3,92,12,104
03101300,GRANITE STATE COLLEGE                   ,NH,03301-6400,Public       ,13,98,111,137,1068,1205
03182300,NEW HAMPSHIRE INSTITUTE OF ART          ,NH,03104-4858,Private      ,8,4,12,257,68,325
03305300,SECOND START                            ,NH,03301-5706,Private      ,3,15,18,5,74,79
03437300,UPPER VALLEY TEACHER TRANING PROGRAM    ,NH,03766-1358,Private      ,0,3,3,1,41,42
03729300,NH INSTITUTE FOR THERAPEUTIC ARTS       ,NH,03051-4906,Proprietary  ,1,7,8,21,44,65
00267000,BAPTIST BIBLE COLG OF PENNSYLVANIA      ,PA,18411-1297,Private      ,18,12,30,724,144,868
00322800,BRYN ATHYN COLLEGE OF THE NEW CHURCH    ,PA,19009-0717,Private      ,7,2,9,77,5,82
00322900,ALBRIGHT COLLEGE                        ,PA,19612-5234,Private      ,28,60,88,2864,681,3545
00323000,ALLEGHENY COLLEGE                       ,PA,16335-3902,Private      ,13,5,18,3055,65,3120
00323100,COMM CLG OF ALLEGHENY-ALLEGHENY CMP     ,PA,15212-0000,Public       ,162,401,563,1974,3603,5577
00323101,"COMM CLG OF ALLEGHENY, BOYCE CAMPUS     ",PA,15146-0000,Public       ,67,168,235,1107,1696,2803
00323102,"COMM CLG OF ALLEGHENY, NORTH CAMPUS     ",PA,15237-0000,Public       ,54,96,150,891,938,1829
00323103,"COMM CLG OF ALLEGHENY, SOUTH CAMPUS     ",PA,15122-0000,Public       ,104,181,285,1513,1860,3373
00323300,ALVERNIA UNIVERSITY                     ,PA,19607-1799,Private      ,33,71,104,1516,1147,2663
00323500,ARCADIA UNIVERSITY                      ,PA,19038-3295,Private      ,36,75,111,3309,1335,4644
00323700,BRYN MAWR COLLEGE                       ,PA,19010-2899,Private      ,5,10,15,1380,477,1857
00323800,BUCKNELL UNIVERSITY                     ,PA,17837-2122,Private      ,39,8,47,4922,121,5043
00323900,BUCKS COUNTY COMMUNITY COLLEGE          ,PA,18940-1320,Public       ,169,206,375,2221,1791,4012
00324000,BUTLER COUNTY COMMUNITY COLLEGE         ,PA,16001-0000,Public       ,97,170,267,1415,1323,2738
00324100,CABRINI COLLEGE                         ,PA,19087-3698,Private      ,21,77,98,2239,460,2699
00324200,CARNEGIE MELLON UNIVERSITY              ,PA,15213-3890,Private      ,67,33,100,7461,916,8377
00324201,CARNEGIE MELLON UNIV- THE HEINZ SCH     ,PA,15213-0000,Private      ,6,11,17,482,414,896
00324202,CARNEGIE MELLON- TEPPER SCHOOL OF BUSINE,PA,15213-0000,Private      ,0,12,12,12,568,580
00324300,CEDAR CREST COLLEGE                     ,PA,18104-6196,Private      ,16,56,72,1314,1027,2341
00324400,CHATHAM UNIVERSITY                      ,PA,15232-2826,Private      ,13,45,58,592,973,1565
00324500,CHESTNUT HILL COLLEGE                   ,PA,19118-2693,Private      ,22,90,112,1225,1134,2359
00324700,MISERICORDIA  UNIVERSITY                ,PA,18612-1008,Private      ,22,44,66,1695,772,2467
00324900,COMMUNITY COLLEGE OF PHILADELPHIA       ,PA,19130-3991,Public       ,769,1784,2553,8615,13538,22153
00325100,CURTIS INSTITUTE OF MUSIC               ,PA,19103-6187,Private      ,3,0,3,222,86,308
00325200,DELAWARE VALLEY COLLEGE                 ,PA,18901-2697,Private      ,22,16,38,1950,274,2224
00325300,DICKINSON COLLEGE                       ,PA,17013-2896,Private      ,30,0,30,2846,49,2895
00325400,DICKINSON SCHOOL OF LAW                 ,PA,17013-2899,Private      ,0,7,7,31,1681,1712
00325600,DREXEL UNIVERSITY                       ,PA,19104-2875,Private      ,195,545,740,14189,9496,23685
00325800,DUQUESNE UNIVERSITY                     ,PA,15282-0001,Private      ,50,152,202,6604,3703,10307
00325900,EASTERN UNIVERSITY                      ,PA,19087-3696,Private      ,27,163,190,2151,1726,3877
00325908,EASTERN BAPTIST THEOLGCL SEMINARY       ,PA,19096-0000,Private      ,1,6,7,1,123,124
00326200,ELIZABETHTOWN COLLEGE                   ,PA,17022-2298,Private      ,10,21,31,2757,284,3041
00326300,EVANGELICAL SCHOOL OF THEOLOGY          ,PA,17067-0000,Private      ,0,5,5,0,90,90
00326500,FRANKLIN & MARSHALL COLLEGE             ,PA,17604-0000,Private      ,22,3,25,2223,57,2280
00326600,GANNON UNIVERSITY                       ,PA,16541-0001,Private      ,16,87,103,3101,1215,4316
00326700,GENEVA COLLEGE                          ,PA,15010-3599,Private      ,12,96,108,1752,929,2681
00326800,GETTYSBURG COLLEGE                      ,PA,17325-1486,Private      ,30,3,33,3542,56,3598
00326900,GROVE CITY COLLEGE                      ,PA,16127-0000,Private      ,11,4,15,1712,29,1741
00327000,GWYNEDD-MERCY COLLEGE                   ,PA,19437-0901,Private      ,19,101,120,1468,1082,2550
00327200,HARCUM COLLEGE                          ,PA,19010-3476,Private      ,17,59,76,483,696,1179
00327300,HARRISBURG AREA COMMUNITY COLLEGE       ,PA,17110-2999,Public       ,419,1004,1423,5862,8764,14626
00327400,HAVERFORD COLLEGE                       ,PA,19041-1392,Private      ,14,0,14,1727,15,1742
00327500,HOLY FAMILY UNIVERSITY                  ,PA,19114-2094,Private      ,36,136,172,1706,1745,3451
00327600,IMMACULATA UNIVERSITY                   ,PA,19345-0647,Private      ,19,114,133,1125,1226,2351
00327700,INDIANA UNIVERSITY OF PENNSYLVANIA      ,PA,15705-1097,Public       ,174,140,314,11328,3282,14610
00327900,JUNIATA COLLEGE                         ,PA,16652-2196,Private      ,11,3,14,1896,81,1977
00328000,KEYSTONE COLLEGE                        ,PA,18440-0200,Private      ,34,53,87,1510,698,2208
00328200,KINGS COLLEGE                           ,PA,18711-0801,Private      ,19,28,47,2557,371,2928
00328300,LACKAWANNA COLLEGE                      ,PA,18509-9961,Private      ,57,68,125,1213,704,1917
00328400,LAFAYETTE COLLEGE                       ,PA,18042-1768,Private      ,18,4,22,3102,47,3149
00328500,LANCASTER BIBLE COLLEGE                 ,PA,17601-5036,Private      ,12,13,25,588,265,853
00328600,LANCASTER THEOLOGICAL SEMINARY          ,PA,17603-0000,Private      ,1,4,5,1,95,96
00328700,LASALLE UNIVERSITY                      ,PA,19141-1199,Private      ,58,161,219,4988,2576,7564
00328800,LEBANON VALLEY COLLEGE                  ,PA,17003-1400,Private      ,21,7,28,2379,181,2560
00328900,LEHIGH UNIVERSITY                       ,PA,18015-1588,Private      ,58,25,83,6641,598,7239
00329000,LINCOLN UNIVERSITY                      ,PA,19352-0999,Public       ,58,42,100,3148,1027,4175
00329100,LUTHERAN THEOLOG SEMINARY-GETTYSBRG     ,PA,17325-0000,Private      ,0,2,2,1,151,152
00329200,LUTHERAN THEOLOGICAL SEMINARY           ,PA,19119-0000,Private      ,0,13,13,0,204,204
00329300,LYCOMING COLLEGE                        ,PA,17701-5192,Private      ,14,7,21,1866,112,1978
00329400,MANOR COLLEGE                           ,PA,19046-3399,Private      ,17,37,54,487,493,980
00329600,MARYWOOD UNIVERSITY                     ,PA,18509-1598,Private      ,18,53,71,2129,1432,3561
00329700,MERCYHURST COLLEGE                      ,PA,16546-0001,Private      ,45,78,123,4028,1330,5358
00329800,MESSIAH COLLEGE                         ,PA,17027-0800,Private      ,26,5,31,3247,126,3373
00330000,MOORE COLLEGE OF ART & DESIGN           ,PA,19103-1179,Private      ,7,10,17,619,196,815
00330100,MORAVIAN COLLEGE                        ,PA,18018-6650,Private      ,18,17,35,1962,219,2181
00330101,MORAVIAN THEOLOGICAL SEMINARY           ,PA,18018-0000,Private      ,0,1,1,11,63,74
00330200,MOUNT ALOYSIUS COLLEGE                  ,PA,16630-1999,Private      ,12,48,60,1122,881,2003
00330300,CARLOW COLLEGE                          ,PA,15213-3165,Private      ,12,115,127,1229,1541,2770
00330400,MUHLENBERG COLLEGE                      ,PA,18104-5586,Private      ,31,18,49,2889,191,3080
00330600,VALLEY FORGE CHRISTIAN COLLEGE          ,PA,19460-2399,Private      ,16,7,23,838,230,1068
00330900,PEIRCE COLLEGE                          ,PA,19102-4699,Private      ,21,195,216,300,1932,2232
00331100,PENNSYLVANIA COLLEGE OF OPTOMETRY       ,PA,19027-1598,Private      ,0,7,7,12,783,795
00331300,WIDENER UNIVERSITY                      ,PA,19013-5792,Private      ,42,69,111,3806,1986,5792
00331302,WIDENER UNIV SCH OF LAW- HARRISBURG     ,PA,17106-9381,Private      ,1,5,6,4,803,807
00331500,BLOOMSBURG UNIVERSITY OF PA             ,PA,17815-1301,Public       ,142,89,231,8798,1612,10410
00331600,CALIFORNIA UNIV OF PENNSYLVANIA         ,PA,15419-1394,Public       ,75,279,354,5591,3096,8687
00331700,CHEYNEY UNIVERSITY OF PENNSYLVANIA      ,PA,19319-0200,Public       ,48,60,108,2339,825,3164
00331800,CLARION UNIVERSITY OF PENNSYLVANIA      ,PA,16214-1232,Public       ,94,114,208,5040,1756,6796
00332000,EAST STROUDSBURG UNIVERSITY             ,PA,18301-2999,Public       ,82,85,167,6825,1353,8178
00332100,EDINBORO UNIVERSITY OF PENNSYLVANIA     ,PA,16444-0001,Public       ,82,155,237,5428,2776,8204
00332200,KUTZTOWN UNIVERSITY OF PENNSYLVANIA     ,PA,19530-9339,Public       ,143,89,232,9140,1587,10727
00332300,LOCK HAVEN UNIV OF PENNSYLVANIA         ,PA,17745-2439,Public       ,58,60,118,5090,1003,6093
00332400,MANSFIELD UNIVERSITY                    ,PA,16933-1123,Public       ,37,70,107,2891,1116,4007
00332500,MILLERSVILLE UNIVERSITY OF PA           ,PA,17551-1800,Public       ,102,114,216,7150,1653,8803
00332600,SHIPPENSBURG UNIVERSITY                 ,PA,17257-2299,Public       ,90,71,161,6668,1200,7868
00332700,SLIPPERY ROCK UNIVERSITY                ,PA,16057-1326,Public       ,85,78,163,7186,1789,8975
00332800,WEST CHESTER UNIVERSITY                 ,PA,19383-0001,Public       ,152,181,333,11517,2801,14318
00332900,PENN STATE UNIVERSITY                   ,PA,16802-1503,Public       ,810,919,1729,59567,14767,74334
00332901,PENN STATE UNIV-HERSHEY MEDCL CTR       ,PA,17033-0000,Public       ,0,9,9,54,1041,1095
00335000,UNIVERSITY OF THE ARTS (THE)            ,PA,19102-9493,Private      ,35,24,59,2843,504,3347
00335100,PHILADELPHIA BIBLICAL UNIVERSITY        ,PA,19047-2942,Private      ,11,34,45,859,497,1356
00335200,PHILADELPHIA CLG OSTEOPATHIC MED        ,PA,19131-0000,Private      ,0,25,25,19,2286,2305
00335300,UNIVERSITY OF THE SCIENCES IN PHILADELPH,PA,19104-4495,Private      ,29,23,52,3004,760,3764
00335400,PHILADELPHIA UNIVERSITY                 ,PA,19144-5497,Private      ,27,70,97,3532,786,4318
00335600,PITTSBURGH THEOLOGICAL SEMINARY         ,PA,15206-0000,Private      ,0,7,7,0,211,211
00335700,POINT PARK UNIVERSITY                   ,PA,15222-1912,Private      ,58,192,250,2581,2011,4592
00335800,REFORMED PRESBYTERIAN THEOL SEMINAR     ,PA,15208-0000,Private      ,0,4,4,0,39,39
00335900,ROBERT MORRIS UNIVERSITY                ,PA,15108-1189,Private      ,32,132,164,3473,1938,5411
00336000,ROSEMONT COLLEGE                        ,PA,19010-1699,Private      ,4,60,64,486,484,970
00336200,SETON HILL UNIVERSITY                   ,PA,15601-1599,Private      ,24,51,75,1683,719,2402
00336400,ST. CHARLES BORROMEO SEMINARY           ,PA,19096-0000,Private      ,0,8,8,28,55,83
00336600,SAINT FRANCIS UNIVERSITY                ,PA,15940-0600,Private      ,15,31,46,1738,530,2268
00336700,SAINT JOSEPH'S UNIVERSITY               ,PA,19131-1395,Private      ,75,144,219,5575,1576,7151
00336800,ST VINCENT COLLEGE                      ,PA,15650-2690,Private      ,10,23,33,1818,271,2089
00336900,SUSQUEHANNA UNIVERSITY                  ,PA,17870-1001,Private      ,19,3,22,2303,81,2384
00337000,SWARTHMORE COLLEGE                      ,PA,19081-1397,Private      ,31,5,36,2486,40,2526
00337100,TEMPLE UNIV - MAIN CAMPUS               ,PA,19122-6003,Private      ,351,342,693,23524,6462,29986
00337101,TEMPLE UNIV - SCHOOL OF LAW             ,PA,19122-0000,Private      ,2,18,20,55,2185,2240
00337102,TEMPLE UNIV - SCHOOL OF MEDICINE        ,PA,19140-0000,Private      ,7,10,17,97,1203,1300
00337103,TEMPLE UNIV - SCHOOL OF DENTISTRY       ,PA,19140-0000,Private      ,1,4,5,19,585,604
00337104,TEMPLE UNIV - AMBLER CAMPUS             ,PA,19002-0000,Private      ,18,22,40,836,605,1441
00337105,TEMPLE UNIV - SCH OF ALLIED HEALTH      ,PA,19140-0000,Private      ,5,10,15,330,349,679
00337106,TEMPLE UNIV - SCHOOL OF PHARMACY        ,PA,19140-0000,Private      ,6,5,11,339,623,962
00337107,TEMPLE UNIV - TYLER SCHOOL OF ART       ,PA,19122-0000,Private      ,12,7,19,728,291,1019
00337108,TEMPLE UNIV - GRAD DIV HEALTH SCI       ,PA,19140-0000,Private      ,3,10,13,73,363,436
00337109,TEMPLE UNIV - GRADUATE DIVISION         ,PA,19122-0000,Private      ,8,140,148,142,2654,2796
00337111,TEMPLE UNIV-SCH OF PODIATRIC MED        ,PA,19107-0000,Private      ,1,1,2,9,306,315
00337600,THIEL COLLEGE                           ,PA,16125-2181,Private      ,15,9,24,1566,141,1707
00337800,UNIVERSITY OF PENNSYLVANIA              ,PA,19104-6216,Private      ,150,276,426,11623,10443,22066
00337900,UNIVERSITY OF PITTSBURGH                ,PA,15260-0000,Public       ,307,508,815,22067,9412,31479
00337906,UNIVERSITY OF PITTSBURGH - SCHOOL OF MED,PA,15261-0001,Public       ,0,7,7,48,932,980
00337907,UNIVERSITY OF PITTSBURGH - SCHOOL OF DEN,PA,15261-2523,Public       ,0,0,0,21,371,392
00338400,UNIVERSITY OF SCRANTON                  ,PA,18510-4622,Private      ,41,169,210,5551,1403,6954
00338500,URSINUS COLLEGE                         ,PA,19426-2562,Private      ,17,2,19,2779,73,2852
00338600,VALLEY FORGE MILITARY COLLEGE           ,PA,19087-3695,Private      ,3,0,3,199,16,215
00338800,VILLANOVA UNIVERSITY                    ,PA,19085-1699,Private      ,58,106,164,9620,1596,11216
00338801,VILLANOVA UNIV SCH OF LAW               ,PA,19085-0000,Private      ,0,22,22,10,1456,1466
00338900,WASHINGTON & JEFFERSON COLLEGE          ,PA,15301-4801,Private      ,8,1,9,2333,45,2378
00339100,WAYNESBURG UNIVERSITY                   ,PA,15370-1222,Private      ,15,63,78,1720,730,2450
00339200,WESTMINSTER COLLEGE                     ,PA,16172-0002,Private      ,12,4,16,1759,112,1871
00339300,WESTMINSTER THEOLOGICAL SEMINARY        ,PA,19038-0000,Private      ,0,11,11,2,228,230
00339400,WILKES UNIVERSITY                       ,PA,18766-0998,Private      ,28,56,84,3118,750,3868
00339500,PENNSYLVANIA COLLEGE OF TECHNOLOGY      ,PA,17701-5779,Public       ,126,159,285,5243,2118,7361
00339600,WILSON COLLEGE                          ,PA,17201-1285,Private      ,1,18,19,329,353,682
00339900,YORK COLLEGE OF PENNSYLVANIA            ,PA,17405-7199,Private      ,67,74,141,5122,1023,6145
00398600,DESALES UNIVERSITY                      ,PA,18034-9568,Private      ,14,80,94,2071,915,2986
00398700,LA ROCHE COLLEGE                        ,PA,15237-5898,Private      ,18,24,42,1070,449,1519
00398800,NEUMANN COLLEGE                         ,PA,19014-1298,Private      ,39,71,110,2404,863,3267
00405800,GRATZ COLLEGE                           ,PA,19027-3097,Private      ,0,13,13,1,91,92
00445200,MONTGOMERY COUNTY COMMUNITY COLLEGE     ,PA,19422-6300,Public       ,173,274,447,2442,2607,5049
00488600,ELECTRONIC INSTITUTES                   ,PA,17057-9984,Private      ,0,0,0,1,1,2
00488700,BRANDYWINE SCHOOL OF NURSING            ,PA,19320-1536,Proprietary  ,2,4,6,37,68,105
00488900,CAMBRIA-ROWE BUSINESS COLLEGE           ,PA,15902-2494,Proprietary  ,7,26,33,193,287,480
00489000,CENTRAL PENNSYLVANIA COLLEGE            ,PA,17093-0309,Proprietary  ,35,52,87,1010,560,1570
00489300,DU BOIS BUSINESS COLLEGE                ,PA,15801-2401,Proprietary  ,11,31,42,215,276,491
00489400,ERIE BUSINESS CENTER                    ,PA,16501-1305,Proprietary  ,13,67,80,127,495,622
00489401,ERIE BUSINESS CENTER SOUTH              ,PA,16101-0000,Proprietary  ,4,15,19,45,119,164
00489800,MCCANN SCHOOL OF BUSINESS & TECHNOL     ,PA,17901-1335,Proprietary  ,63,243,306,660,1550,2210
00489900,MERCY HOSP SCH OF NURSING               ,PA,15219-5166,Private      ,1,6,7,100,81,181
00490100,NEWPORT BUSINESS INSTITUTE              ,PA,15068-3929,Proprietary  ,0,9,9,25,71,96
00490200,PENN COMMERCIAL BUSINESS/TECHNICAL SCHL ,PA,15301-2871,Proprietary  ,19,64,83,240,430,670
00491000,KAPLAN CAREER INSTITUTE                 ,PA,17111-3571,Proprietary  ,21,82,103,261,531,792
00491001,THOMPSON INSTITUTE-PHILADEPHIA CAMPUS   ,PA,19104-3386,Proprietary  ,64,246,310,271,1044,1315
00491002,THOMPSON INSTITUTE-CHAMBERSBURG         ,PA,17201-0000,Proprietary  ,0,0,0,1,0,1
00491400,NEWPORT BUSINESS INSTITUTE              ,PA,17701-5855,Proprietary  ,2,11,13,50,129,179
00500701,WEST VIRGINIA CAREER INSTITUTE          ,PA,15456-0000,Proprietary  ,3,27,30,79,189,268
00531000,PITTSBURGH INST OF AERONAUTICS          ,PA,15236-0000,Private      ,12,5,17,197,124,321
00533000,FAYETTE CNTY AREA VOC TECH PRC NRSG     ,PA,15401-0000,Public       ,3,23,26,18,111,129
00533500,CENTRAL PENN INST OF SCI & TECH PNP     ,PA,16823-0000,Public       ,1,6,7,23,70,93
00534100,UPPER BUCKS CO AREA VOC-TECH SCHOOL     ,PA,18944-0000,Public       ,0,2,2,1,5,6
00536500,YORK CO AREA VOC-TECH SCH-PRAC NSG      ,PA,17402-0000,Public       ,3,33,36,21,118,139
00594200,UPMC PRESBYTERIAN SCH OF RADIOLOGIC     ,PA,15213-2582,Private      ,1,7,8,34,42,76
00594600,SCHOOL OF RADIOLOGIC TECHNOLOGY AT ST. C,PA,19134-1995,Proprietary  ,0,2,2,35,44,79
00653400,CITIZENS SCHOOL OF NURSING              ,PA,15068-6591,Private      ,0,5,5,39,108,147
00653700,CONEMAUGH VLY MEM HOSP SCH NRSNG        ,PA,15905-4398,Private      ,1,6,7,91,105,196
00653702,CONEMAUGH HOSP- SCH HISTOTECHNOLOGY     ,PA,15905-0000,Private      ,0,3,3,6,5,11
00653704,CONEMAUGH VLY MEM HOSP SCH RAD TECH     ,PA,15905-0000,Private      ,0,0,0,29,18,47
00653706,CONEMAUGH VLY MEM HOSP SCH  MED TECH    ,PA,15905-4398,Private      ,0,1,1,5,4,9
00653900,EPISCOPAL HOSPITAL SCHL OF NURSING      ,PA,19125-1000,Private      ,4,19,23,50,294,344
00655100,ST MARGARET SCHL OF NURSING             ,PA,15238-3205,Private      ,3,14,17,67,162,229
00656000,OHIO VALLEY HOSP SCH OF NURSING         ,PA,15136-1694,Private      ,0,1,1,19,56,75
00656500,READING HOSPITAL SCHOOL OF HEALTH SCIENC,PA,19611-1744,Private      ,0,13,13,145,285,430
00657400,"ST LUKE'S HOSPITAL OF BETHLEHEM, PA     ",PA,18015-1065,Private      ,1,3,4,75,119,194
00657600,SEWICKLEY VALLEY HOSP SCH NRSNG         ,PA,15143-1498,Private      ,2,3,5,51,88,139
00657602,HVHS SCHOOL OF RADIOLOGIC TECHNOLOGY    ,PA,15143-0000,Private      ,0,0,0,12,8,20
00657700,UPMC SHADYSIDE SCHOOL OF NURSING        ,PA,15232-1381,Private      ,5,27,32,92,318,410
00657800,SHARON REGIONAL SCHOOL OF NURSING       ,PA,16146-3395,Private      ,1,2,3,24,68,92
00658200,WASHINGTON HOSP SCH OF NURSING          ,PA,15301-3398,Private      ,1,0,1,71,143,214
00658202,WASHINGTON HOSP SCH OF RAD TECH         ,PA,15301-3398,Private      ,0,0,0,21,19,40
00658300,WESTERN PENN HOSP-SCH OF NURSING        ,PA,15224-1790,Private      ,2,3,5,115,112,227
00680700,COMMUNITY COLLEGE OF BEAVER COUNTY      ,PA,15061-2588,Public       ,75,118,193,994,1112,2106
00681000,LEHIGH CARBON COMMUNITY COLLEGE         ,PA,18078-2598,Public       ,131,264,395,2417,2258,4675
00681100,LUZERNE COUNTY COMMUNITY COLLEGE        ,PA,18634-3899,Public       ,131,225,356,2594,2390,4984
00708700,ABINGTON MEM HOSP SCHL OF NURSING       ,PA,19090-1284,Private      ,2,10,12,92,157,249
00709000,METHODIST HOSPITAL SCH OF NURSING       ,PA,19148-3594,Private      ,1,5,6,14,34,48
00709100,EVEREST INSTITUTE                       ,PA,15222-1320,Proprietary  ,31,121,152,197,848,1045
00711000,DELAWARE COUNTY COMMUNITY COLLEGE       ,PA,19063-1094,Public       ,215,355,570,2974,3452,6426
00719100,NORTHAMPTON COMMUNITY COLLEGE           ,PA,18020-7599,Public       ,242,342,584,3449,3072,6521
00739802,KATHERINE GIBBS-PHILADELPHIA            ,PA,19403-2422,Proprietary  ,2,3,5,53,45,98
00743000,ANTONELLI INST OF ART & PHOTOGRAPHY     ,PA,19038-8242,Proprietary  ,4,0,4,213,20,233
00743600,KAPLAN CAREER INSTITUTE - ICM CAMPUS    ,PA,15222-1977,Proprietary  ,38,117,155,511,1368,1879
00743700,PITTSBURGH TECHNICAL INSTITUTE          ,PA,15071-3205,Proprietary  ,60,83,143,2166,830,2996
00746900,"HUSSIAN SCHOOL OF ART, INC.             ",PA,19106-0000,Proprietary  ,1,1,2,161,17,178
00747000,"ART INSTITUTE OF PITTSBURGH, THE        ",PA,15219-1328,Proprietary  ,391,1785,2176,4406,8814,13220
00752900,CTR ART TCH BRDYWN CMPS PRC NRS PRG     ,PA,19320-2459,Public       ,7,14,21,26,125,151
00775900,LINCOLN TECHNICAL INSTITUTE             ,PA,18104-3298,Proprietary  ,23,70,93,347,449,796
00777900,LANSDALE SCHOOL OF BUSINESS             ,PA,19454-4148,Proprietary  ,15,43,58,89,273,362
00778000,NEW CASTLE SCHOOL OF TRADES             ,PA,16143-9721,Proprietary  ,34,74,108,204,441,645
00778100,CHI INSTITUTE/RETS CAMPUS               ,PA,19008-3516,Proprietary  ,58,124,182,332,951,1283
00782600,BEREAN INSTITUTE                        ,PA,19130-1526,Private      ,21,42,63,106,107,213
00783200,LINCOLN TECH INSTITUTE                  ,PA,19136-1595,Proprietary  ,54,92,146,462,469,931
00783900,TRIANGLE TECH                           ,PA,15214-3897,Proprietary  ,14,24,38,235,251,486
00791200,THADDEUS STEVENS CLG OF TECHNOLOGY      ,PA,17602-0000,Public       ,9,14,23,766,234,1000
00791600,FRANKLIN CNTY CAREER & TECH CTR-PNP     ,PA,17201-0000,Public       ,2,6,8,8,30,38
00820000,JAMESON MEMORIAL HOSP SCH NURSING       ,PA,16105-2595,Private      ,1,1,2,51,99,150
00826301,AWARD BEAUTY SCHOOL - CHAMBERSBURG BEAUT,PA,17201-2435,Proprietary  ,0,0,0,3,2,5
00835000,ART INSTITUTE OF PHILADELPHIA           ,PA,19103-5198,Proprietary  ,173,152,325,3519,1672,5191
00844100,ANTHEM INSTITUTE                        ,PA,19064-1243,Proprietary  ,70,176,246,375,751,1126
00856800,VET TECH INSTITUTE                      ,PA,15222-3400,Proprietary  ,15,4,19,289,104,393
00865300,JEFFERSON CO DUBOIS VOC TECH-PR NSG     ,PA,15851-0000,Public       ,0,0,0,15,58,73
00888900,LEHIGH VALLEY COLLEGE                   ,PA,18034-8447,Proprietary  ,51,73,124,830,762,1592
00895500,PRUONTOS HAIR DESIGN INSTITUTE & BEAUTY ,PA,16602-0000,Proprietary  ,2,3,5,25,16,41
00918600,DEAN INSTITUTE OF TECHNOLOGY            ,PA,15226-1197,Proprietary  ,5,11,16,49,114,163
00944900,PENNCO TECH                             ,PA,19007-0000,Proprietary  ,49,67,116,376,407,783
00966400,EMPIRE BEAUTY SCHOOL                    ,PA,18052-5730,Proprietary  ,18,49,67,174,292,466
00966500,EMPIRE BEAUTY SCHOOL                    ,PA,17109-2210,Proprietary  ,14,15,29,97,147,244
00966600,EMPIRE BEAUTY SCHOOL                    ,PA,19605-2803,Proprietary  ,13,27,40,107,182,289
00972100,BRADFORD SCHOOL                         ,PA,15219-2602,Proprietary  ,2,2,4,568,86,654
00972300,FRANKFORD HOSP SCH OF NURSING           ,PA,19124-2696,Private      ,9,18,27,209,271,480
00973700,UPHS PRESBYTERIAN MC SCH PRACTL NRS     ,PA,19104-2692,Private      ,0,0,0,0,6,6
00978300,GORDON PHILLIPS SCH OF BEAUTY CULT      ,PA,19135-0000,Proprietary  ,39,47,86,189,262,451
00986300,LANCASTER GENERAL COLLEGE OF NURSING AND,PA,17602-4955,Private      ,10,24,34,207,307,514
01000600,GREATER JOHNSTOWN AREA VOC TECH SCH     ,PA,15904-0000,Public       ,5,19,24,50,161,211
01005500,CRAWFORD CNTY AREA VO-TECH PRAC NUR     ,PA,16335-0000,Public       ,0,0,0,5,33,38
01017600,WESTMORELAND COUNTY COMMUNITY CLG       ,PA,15697-1895,Public       ,137,297,434,1909,2379,4288
01038800,READING AREA COMMUNITY COLLEGE          ,PA,19603-1706,Public       ,141,333,474,1300,2510,3810
01054100,EMPIRE BEAUTY SCHOOL                    ,PA,15146-2229,Proprietary  ,26,41,67,194,256,450
01054200,EMPIRE BEAUTY SCHOOL                    ,PA,18701-0000,Proprietary  ,21,23,44,163,154,317
01054300,EMPIRE BEAUTY SCHOOL                    ,PA,17701-3914,Proprietary  ,11,25,36,121,159,280
01081400,PITTSBURGH INST MORTUARY SCIENCE        ,PA,15206-3706,Private      ,9,19,28,67,134,201
01086000,GREATER ALTOONA CAREER/TECH CENTER      ,PA,16602-0000,Public       ,1,3,4,55,135,190
01096300,GREENE COUNTY VOC-TECH SCHOOL           ,PA,15370-0000,Public       ,0,0,0,5,44,49
01097000,EMPIRE BEAUTY SCHOOL                    ,PA,17042-5209,Proprietary  ,2,7,9,22,26,48
01099800,PENNSYLVANIA INSTITUTE OF TECH          ,PA,19063-4098,Private      ,70,152,222,360,491,851
01102000,EMPIRE BEAUTY SCHOOL                    ,PA,17604-4335,Proprietary  ,4,12,16,59,71,130
01102100,EMPIRE BEAUTY SCHOOL                    ,PA,17402-2862,Proprietary  ,34,58,92,162,281,443
01162100,AUTOMOTIVE TRAINING CENTER              ,PA,19341-1310,Proprietary  ,50,16,66,632,154,786
01162200,WELDER TRAINING & TESTING INST          ,PA,18109-3253,Proprietary  ,5,15,20,13,20,33
01163800,EMPIRE BEAUTY SCHOOL                    ,PA,17876-0000,Proprietary  ,3,10,13,43,48,91
01171500,POTTSVILLE HOSPITAL SCHOOL OF NURSING   ,PA,17901-3692,Private      ,1,0,1,38,48,86
01191900,BEAVER FALLS BEAUTY ACADEMY             ,PA,15010-4208,Proprietary  ,4,6,10,20,33,53
01205000,ROSEDALE TECHNICAL INSTITUTE            ,PA,15205-9791,Private      ,5,12,17,162,150,312
01239300,THOMAS JEFF UNIV-CLG ALLIED HEALTH      ,PA,19107-0000,Private      ,3,21,24,341,605,946
01239301,JEFFERSON MED CLG-T. JEFFERSON UNIV     ,PA,19107-5587,Private      ,4,16,20,126,1238,1364
01239303,THOMAS JEFFERSON UNIV-GRADUATE COLG     ,PA,19107-0000,Private      ,3,21,24,119,754,873
01246104,LINCOLN TECHNICAL INSTITUTE             ,PA,19104-0202,Proprietary  ,51,141,192,265,648,913
01246105,LINCOLN TECHNICAL INSTITUTE             ,PA,19116-4202,Proprietary  ,26,43,69,181,351,532
01246106,THE CITTONE INSTITUTE                   ,PA,19462-1326,Proprietary  ,22,47,69,159,352,511
01252300,TALMUDICAL YESHIVA OF PHILA             ,PA,19131-1296,Private      ,0,0,0,2,0,2
01260500,EMPIRE BEAUTY SCHOOL                    ,PA,17331-2405,Proprietary  ,7,8,15,62,51,113
01260600,EMPIRE BEAUTY SCHOOL                    ,PA,17901-2505,Proprietary  ,14,46,60,76,218,294
01260700,EMPIRE BEAUTY SCHOOL                    ,PA,16801-5218,Proprietary  ,1,7,8,15,26,41
01292900,SOUTH HILLS BEAUTY ACADEMY              ,PA,15216-2335,Proprietary  ,13,30,43,39,70,109
01301500,GORDON PHILLIPS SCH BEAUTY CULTURE      ,PA,19102-2701,Proprietary  ,33,64,97,217,375,592
01313400,YESHIVATH BETH MOSHE                    ,PA,18505-2196,Private      ,16,1,17,29,1,30
01321400,ROXBOROUGH MEM HOSP SCH OF NURSING      ,PA,19128-0000,Proprietary  ,0,1,1,41,167,208
01326300,SOUTH HILLS SCH OF BUS & TECHNOLOGY     ,PA,16801-4516,Proprietary  ,13,23,36,473,427,900
01326304,SOUTH HILLS SCHOOL OF BUSINESS & TECHNOL,PA,16602-1188,Proprietary  ,0,1,1,34,30,64
02061000,VENUS BEAUTY ACADEMY                    ,PA,19079-0000,Proprietary  ,6,8,14,77,47,124
02068300,DOUGLAS SCHOOL OF BUSINESS              ,PA,15062-0000,Proprietary  ,11,16,27,193,201,394
02090200,TRIANGLE TECH                           ,PA,16502-0000,Proprietary  ,8,23,31,116,159,275
02092500,LAUREL TECHNICAL INSTITUTE              ,PA,16146-0000,Proprietary  ,2,8,10,24,100,124
02092502,BUSINESS INSTITUTE OF PENNSYLVANIA      ,PA,16335-0000,Proprietary  ,4,2,6,16,89,105
02107300,PENNSYLVANIA ACADEMY OF FINE ARTS       ,PA,19102-1424,Private      ,6,4,10,143,208,351
02112200,GREAT LAKES INSTITUTE OF TECHNOLOGY     ,PA,16509-0000,Proprietary  ,36,97,133,242,378,620
02114200,JOHNSON COLLEGE                         ,PA,18508-0000,Private      ,7,6,13,346,130,476
02116001,SANFORD-BROWN INSTITUTE - TREVOSE       ,PA,19053-4700,Proprietary  ,53,157,210,337,931,1268
02118000,LEVITTOWN BEAUTY ACADEMY LLC            ,PA,19054-1713,Proprietary  ,4,7,11,37,48,85
02119300,PA ACAD OF COSMETOLOGY ARTS & SCI       ,PA,15904-0000,Proprietary  ,5,11,16,46,70,116
02119301,PA ACAD OF COSMTLGY ARTS & SCI          ,PA,15801-0000,Proprietary  ,0,0,0,6,2,8
02120800,"YORKTOWNE BUSINESS INSTITUTE, INC.      ",PA,17404-0000,Proprietary  ,5,16,21,110,281,391
02127400,YORK TECHNICAL INSTITUTE                ,PA,17402-0000,Proprietary  ,71,128,199,1328,1081,2409
02129000,TRIANGLE TECH                           ,PA,15601-0000,Proprietary  ,14,35,49,287,254,541
02129001,TRIANGLE TECH - BUSINESS CAREERS INSTITU,PA,15601-3304,Proprietary  ,0,0,0,1,3,4
02144000,"VISION ACADEMY, THE                     ",PA,18103-0000,Proprietary  ,6,13,19,42,44,86
02147800,SCHUYLKILL INST BUSINESS & TECHNLGY     ,PA,17901-0000,Proprietary  ,3,2,5,50,91,141
02149000,EMPIRE BEAUTY SCHOOL                    ,PA,19341-2804,Proprietary  ,12,21,33,100,117,217
02151500,CENTRAL SUSQUEHANNA LPN CENTER          ,PA,17847-0000,Public       ,3,13,16,27,146,173
02153500,OAKBRIDGE ACADEMY OF ARTS               ,PA,15068-0000,Proprietary  ,3,0,3,62,23,85
02158300,JUNIATA-MIFFLIN CO AREA VOC TECH        ,PA,17044-0000,Public       ,1,4,5,17,51,68
02161400,NORTHEASTERN HOSP SCH OF NRSG           ,PA,19134-0000,Private      ,5,6,11,36,132,168
02169600,CLEARFIELD CTY CAREER AND TECH CNTR     ,PA,16830-0000,Public       ,0,9,9,18,60,78
02174400,TRIANGLE TECH                           ,PA,15801-0000,Proprietary  ,20,25,45,308,266,574
02178900,ACADEMY OF HAIR DESIGN                  ,PA,18202-1465,Proprietary  ,1,1,2,12,12,24
02183000,ORLEANS TECHNICAL INSTITUTE             ,PA,19111-0000,Private      ,37,111,148,158,478,636
02186705,HARRISON CAREER INSTITUTE               ,PA,18704-0000,Proprietary  ,0,0,0,0,2,2
02192800,WALNUT HILL COLLEGE                     ,PA,19104-0000,Proprietary  ,18,26,44,479,213,692
02202300,SANFORD-BROWN INSTITUTE                 ,PA,15219-1907,Proprietary  ,24,78,102,308,637,945
02202301,SANFORD-BROWN INSTITUTE                 ,PA,15146-2141,Proprietary  ,19,78,97,280,488,768
02203900,ERIE INSTITUTE OF TECHNOLOGY            ,PA,16565-1002,Proprietary  ,2,11,13,105,122,227
02206200,AMBLER BEAUTY ACADEMY                   ,PA,19002-0000,Proprietary  ,8,21,29,32,51,83
02206300,STROUDSBURG SCHOOL OF COSMETOLOGY       ,PA,18360-0000,Proprietary  ,1,8,9,15,34,49
02212700,LANCASTER SCHOOL OF COSMETOLOGY         ,PA,17602-0000,Proprietary  ,6,30,36,38,108,146
02213400,PROFESSIONAL SKILLS CAREER ACADEMY      ,PA,16148-0000,Proprietary  ,1,1,2,18,16,34
02234200,ACADEMY OF MEDICAL ARTS & BUSINESS      ,PA,17112-0000,Proprietary  ,10,35,45,81,181,262
02251200,SCHUYLKILL COUNTY AREA VOC TECH SCH     ,PA,17931-0000,Public       ,3,20,23,30,118,148
02251202,SCHUYLKILL COUNTY AREA VOC TECH SCH     ,PA,17931-0000,Public       ,0,6,6,18,39,57
02253900,BERKS TECHNICAL INSTITUTE               ,PA,19610-0000,Proprietary  ,42,93,135,428,590,1018
02255200,PENNSYLVANIA SCHOOL OF BUSINESS         ,PA,18101-1604,Proprietary  ,21,58,79,129,292,421
02269900,PENNSYLVANIA COLLEGE OF ART & DESIGN    ,PA,17603-3528,Private      ,3,5,8,282,60,342
02270500,BUCKS COUNTY SCHOOL OF BEAUTY CULT      ,PA,19053-0000,Proprietary  ,5,7,12,33,34,67
02273400,RECONSTRUCTIONIST RABBINICAL COLLEG     ,PA,19095-0000,Private      ,0,4,4,0,44,44
02276600,HANOVER PUBLIC SCH DIST PRAC NURSG      ,PA,17331-0000,Public       ,4,14,18,13,48,61
02282500,LENAPE SCHOOL OF PRACTICAL NURSING      ,PA,16226-0000,Public       ,5,13,18,38,144,182
02288800,EMPIRE BEAUTY SCHOOL                    ,PA,18974-4508,Proprietary  ,4,8,12,48,51,99
02289500,PACE INSTITUTE                          ,PA,19601-0000,Proprietary  ,7,20,27,41,198,239
02289600,CONSOLIDATED SCHOOL OF BUSINESS         ,PA,17404-0000,Proprietary  ,6,18,24,60,134,194
02289700,ACADEMY OF CREATIVE HAIR DESIGN         ,PA,18702-0000,Proprietary  ,9,10,19,41,42,83
02289800,CHI INSTITUTE - FRANKLIN MILLS          ,PA,19154-0000,Proprietary  ,71,167,238,375,678,1053
02290400,"ALTOONA BEAUTY SCHOOL, INC              ",PA,16602-0000,Proprietary  ,4,7,11,27,40,67
02292700,LANSDALE SCHOOL OF COSMETOLOGY          ,PA,19446-0000,Proprietary  ,6,4,10,21,25,46
02299300,TRINITY EPISCOPAL SCHOOL MINISTRY       ,PA,15003-0000,Private      ,0,4,4,0,44,44
02301300,PJA SCHOOL (THE)                        ,PA,19082-1917,Proprietary  ,12,47,59,67,307,374
02304400,YTI CAREER INSTITUTE - MECHANICSBURG    ,PA,17055-0000,Proprietary  ,16,68,84,203,432,635
02306200,VENANGO COUNTY AREA VOC TECH SCHOOL     ,PA,16301-0000,Public       ,0,1,1,13,28,41
02310800,LANCASTER COUNTY CAREER & TECH CTR      ,PA,17584-0000,Public       ,13,53,66,100,340,440
02330300,LEBANON CO CAREER & TECHNOLOGY CTR      ,PA,17042-0000,Public       ,2,5,7,22,107,129
02330600,PENNSYLVANIA GUNSMITH SCHOOL            ,PA,15202-0000,Proprietary  ,4,7,11,22,37,59
02350100,WESTERN AREA CAREER & TECHNOLOGY CT     ,PA,15317-0000,Public       ,1,2,3,14,76,90
02350200,INDIANA COUNTY TECH CTR SCH PR NSG      ,PA,15701-1465,Public       ,2,2,4,20,35,55
02353100,NORTHERN TIER CAREER CENTER             ,PA,18848-0000,Public       ,0,2,2,12,51,63
02361002,ITT TECHNICAL INSTITUTE                 ,PA,19406-0000,Proprietary  ,31,46,77,274,342,616
02362300,MERCER COUNTY AREA VOC TECH SCHOOL      ,PA,16137-0000,Public       ,1,16,17,19,76,95
02492500,DELAWARE VLY ACAD MED DNTL ASSTS        ,PA,19114-0000,Proprietary  ,14,42,56,55,152,207
02492600,EASTERN CTR ARTS AND TECH PR NSG        ,PA,19090-0000,Public       ,5,20,25,19,129,148
02495500,ALL-STATE CAREER SCHOOL                 ,PA,19029-0000,Proprietary  ,16,214,230,85,715,800
02529800,WILKES BARRE AREA CAREER AND TECHNICAL C,PA,18705-0000,Public       ,2,18,20,34,159,193
02530400,CLEARFIELD BEAUTY ACADEMY               ,PA,16830-0000,Proprietary  ,0,0,0,1,1,2
02536600,COMMONWEALTH TECH INSTIT @ HIRAM G      ,PA,15905-0000,Public       ,28,18,46,241,138,379
02539900,STAR TECHNICAL INSTITUTE                ,PA,19082-0000,Proprietary  ,6,36,42,30,201,231
02544300,BUTLER BEAUTY SCHOOL                    ,PA,16001-0000,Proprietary  ,12,14,26,58,101,159
02545000,LAWRENCE COUNTY CAREER AND TECHNICAL CEN,PA,16101-0000,Public       ,1,19,20,11,73,84
02546200,LAUREL BUSINESS INSTITUTE               ,PA,15401-0877,Proprietary  ,11,30,41,171,270,441
02550000,CLARION CO AREA VOC-TECH PRAC NRSG      ,PA,16254-0000,Public       ,3,0,3,18,48,66
02554500,HAZLETON AREA CAREER CENTER PRACTICAL NU,PA,18201-0000,Public       ,0,2,2,18,45,63
02557800,ART INSTITUTE OF YORK (THE) - PENNSYLVAN,PA,17402-9012,Proprietary  ,25,21,46,620,212,832
02558701,PRISM CAREER INSTITUTE - PHL CAMPUS     ,PA,19152-0000,Proprietary  ,0,1,1,3,8,11
02566400,ALBERT EINSTEIN MED CTR DEPT DNTL       ,PA,19141-3098,Private      ,0,1,1,8,9,17
02574800,PENNSYLVANIA INSTITUTE OF TAXIDERMY     ,PA,15931-0000,Proprietary  ,2,7,9,11,29,40
02609500,CAREER TRAINING ACADEMY                 ,PA,15068-6308,Proprietary  ,5,35,40,82,212,294
02609501,CAREER TRAINING ACADEMY                 ,PA,15146-0000,Proprietary  ,0,1,1,10,6,16
02615400,STAR TECHNICAL INSTITUTE                ,PA,19114-2204,Proprietary  ,15,86,101,112,459,571
02616100,JEAN MADELINE ED CTR FOR COSM           ,PA,19147-1542,Proprietary  ,24,24,48,268,180,448
03006800,PENNSYLVANIA CULINARY INSTITUTE         ,PA,15222-3511,Proprietary  ,146,296,442,1364,1413,2777
03010800,TRI-STATE BUSINESS INSTITUTE            ,PA,16506-1013,Proprietary  ,33,157,190,464,1574,2038
03011500,ALLIED MEDICAL AND TECHNICAL INSTITUTE  ,PA,18702-0000,Proprietary  ,18,50,68,129,229,358
03011600,ALLIED MEDICAL AND TECHNICAL INSTITUTE  ,PA,18509-2903,Proprietary  ,13,56,69,140,250,390
03021001,HARRISON CAREER INSTITUTE.              ,PA,18103-0000,Proprietary  ,3,9,12,12,41,53
03029900,CONSOLIDATED SCHOOL OF BUSINESS         ,PA,17603-2389,Proprietary  ,5,26,31,92,195,287
03031600,DPT BUSINESS SCHOOL                     ,PA,19116-3961,Proprietary  ,15,188,203,87,757,844
03031601,DPT BUSINESS SCHOOL                     ,PA,19106-0000,Proprietary  ,18,102,120,80,417,497
03067000,ANTONELLI MEDICAL & PROF INST           ,PA,19464-9244,Proprietary  ,1,5,6,7,43,50
03072400,ALL-STATE CAREER SCHOOL                 ,PA,15122-1000,Proprietary  ,3,41,44,12,167,179
03072600,DCI CAREER INSTITUTE                    ,PA,15061-2307,Proprietary  ,7,40,47,29,153,182
03081900,YTI CAREER INSTITUTE - ALTOONA          ,PA,16602-4457,Proprietary  ,17,42,59,129,357,486
03085200,HARRISON CAREER INSTITUTE               ,PA,19103-5402,Proprietary  ,2,12,14,8,57,65
03090800,LAKE ERIE COLL OF OSTEOPATHIC MED       ,PA,16509-0000,Private      ,0,12,12,121,2144,2265
03098600,CAREER TECH CTR OF LACKAWANNA CNTY      ,PA,18508-0000,Public       ,4,25,29,20,114,134
03101500,BIDWELL TRAINING CENTER                 ,PA,15233-2233,Private      ,3,20,23,6,45,51
03103300,JNA INSTITUTE OF CULINARY ARTS          ,PA,19146-3119,Proprietary  ,4,20,24,61,96,157
03109100,METROPOLITAN CAREER CENTER              ,PA,19144-0000,Private      ,0,18,18,26,143,169
03110700,AVIATION INSTITUTE OF MAINTENANCE       ,PA,19114-1017,Proprietary  ,22,67,89,107,238,345
03120400,REGIONAL CAREER & TECHNICAL CENTER      ,PA,16509-4699,Public       ,1,0,1,3,3,6
03126000,CENTER FOR INNOVATIVE TRAINING & ED     ,PA,19106-4414,Proprietary  ,0,7,7,1,16,17
03128400,DELAWARE COUNTY TECHNICAL SCHOOL        ,PA,19032-1998,Public       ,2,26,28,22,139,161
03128800,GECAC TRAINING INSTITUTE                ,PA,16502-1137,Private      ,2,12,14,7,49,56
03180400,PENNSYLVANIA HIGHLANDS COMMUNITY COLLEGE,PA,15904-2927,Public       ,42,78,120,470,588,1058
03236400,LT INTERNATIONAL BEAUTY SCHOOL          ,PA,19130-2235,Proprietary  ,5,65,70,18,119,137
03353300,ACADEMY OF VOCAL ARTS                   ,PA,19103-6685,Private      ,0,3,3,5,34,39
03439400,NAWCC SCHOOL OF HOROLOGY                ,PA,17512-2130,Private      ,0,0,0,2,4,6
03471400,NORTH CENTRAL INDUSTRIAL TECHNICAL      ,PA,15853-9708,Private      ,2,1,3,19,36,55
03503300,WINNER INSTITUTE OF ARTS & SCIENCES     ,PA,16154-1811,Private      ,1,7,8,29,41,70
03535300,HUNTINGDON COUNTY CAREER AND TECHNO     ,PA,17060-0905,Public       ,1,0,1,5,32,37
03561400,SUSQUEHANNA COUNTY CAREER & TECHNOL     ,PA,18816-0100,Public       ,0,2,2,4,13,17
03661300,SPRINGHOUSE COMPUTER SCHOOL             ,PA,19341-1129,Proprietary  ,0,0,0,2,2,4
03766300,PENNSYLVANIA SCHOOL OF MUSCLE THERAPY   ,PA,19406-3101,Proprietary  ,5,11,16,24,69,93
03781300,PRINCETON INFORMATION TECHNOLOGY CENTER ,PA,19038-4535,Proprietary  ,0,0,0,0,1,1
03899300,CALVARY BAPTIST THEOLOGICAL SEMINARY    ,PA,19446-4718,Private      ,0,1,1,2,10,12
03923300,PRECISION MANUFACTURING INSTITUTE       ,PA,16335-8380,Private      ,1,7,8,7,23,30
03948300,HARRISBURG UNIVERSITY OF SCIENCE AND TEC,PA,17101-2116,Private      ,0,2,2,0,2,2
03949300,WON INSTITUTE OF GRADUATE STUDIES       ,PA,19038-4535,Private      ,0,0,0,0,19,19
03950500,NORTHWEST REGIONAL TECHNOLOGY INSTITUTE ,PA,16508-2820,Proprietary  ,0,8,8,7,56,63
03952300,NATIONAL MASSAGE THERAPY INSTITUTE      ,PA,19116-3965,Proprietary  ,12,33,45,101,336,437
00267813,BRYANT & STRATTON COLLEGE - MIL DOWNTOWN,WI,53203-2608,Proprietary  ,43,167,210,354,1319,1673
00383200,ALVERNO COLLEGE                         ,WI,53234-3922,Private      ,36,140,176,1319,1947,3266
00383500,BELOIT COLLEGE                          ,WI,53511-5595,Private      ,8,5,13,1723,93,1816
00383700,CARDINAL STRITCH UNIVERSITY             ,WI,53217-9884,Private      ,41,693,734,808,3871,4679
00383800,CARROLL UNIVERSITY                      ,WI,53186-5593,Private      ,40,35,75,2903,684,3587
00383900,CARTHAGE COLLEGE                        ,WI,53141-0000,Private      ,40,32,72,3167,492,3659
00384000,WESTERN TECHNICAL COLLEGE               ,WI,54601-0908,Public       ,122,258,380,1603,1922,3525
00384200,CONCORDIA UNIVERSITY WISCONSIN          ,WI,53097-2402,Private      ,22,258,280,1814,2234,4048
00384800,EDGEWOOD COLLEGE                        ,WI,53711-1958,Private      ,33,68,101,1336,1000,2336
00385000,SILVER LAKE COLLEGE                     ,WI,54220-9319,Private      ,6,47,53,132,389,521
00385400,LAKELAND COLLEGE                        ,WI,53082-0000,Private      ,22,160,182,1027,1581,2608
00385600,LAWRENCE UNIVERSITY                     ,WI,54912-0599,Private      ,10,3,13,1944,81,2025
00386100,MARIAN UNIVERSITY                       ,WI,54935-4699,Private      ,19,130,149,1169,1167,2336
00386300,MARQUETTE UNIVERSITY                    ,WI,53201-0000,Private      ,87,111,198,9304,3503,12807
00386600,MILWAUKEE AREA TECH COLLEGE             ,WI,53233-1443,Public       ,458,1290,1748,4468,10741,15209
00386800,MILWAUKEE SCHOOL OF ENGINEERING         ,WI,53202-3109,Private      ,36,38,74,2145,553,2698
00386900,MOUNT MARY COLLEGE                      ,WI,53222-4597,Private      ,21,73,94,740,1063,1803
00387400,NASHOTAH HOUSE                          ,WI,53058-0000,Private      ,0,6,6,0,47,47
00387500,NORTHLAND COLLEGE                       ,WI,54806-3999,Private      ,8,8,16,1002,156,1158
00388400,RIPON COLLEGE                           ,WI,54971-0248,Private      ,10,5,15,1167,47,1214
00389200,ST. NORBERT COLLEGE                     ,WI,54115-2002,Private      ,21,8,29,2009,99,2108
00389500,UNIVERSITY OF WISCONSIN-MADISON         ,WI,53715-1382,Public       ,300,316,616,18652,10092,28744
00389600,UNIVERSITY OF WISCONSIN-MILWAUKEE       ,WI,53201-3165,Public       ,530,615,1145,14685,9246,23931
00389700,UNIVERSITY OF WISCONSIN COLLEGES        ,WI,53708-8680,Public       ,74,99,173,1274,1058,2332
00389701,UNIVERSITY OF WISCONSIN-BARABOO         ,WI,53913-1098,Public       ,12,18,30,261,134,395
00389702,UNIVERSITY OF WISCONSIN-BARRON          ,WI,54868-2497,Public       ,18,10,28,289,125,414
00389703,UNIVERSITY OF WISCONSIN-FOND DU LAC     ,WI,54935-2998,Public       ,24,14,38,410,209,619
00389704,UNIVERSITY OF WISCONSIN-FOX VALLEY      ,WI,54952-1297,Public       ,37,34,71,849,362,1211
00389705,UNIVERSITY OF WISCONSIN-MANITOWOC       ,WI,54220-6699,Public       ,12,11,23,254,113,367
00389706,UNIVERSITY OF WISCONSIN-MARATHON        ,WI,54401-5396,Public       ,31,28,59,625,250,875
00389707,UNIVERSITY OF WISCONSIN-MARINETTE       ,WI,54143-4299,Public       ,5,14,19,216,98,314
00389708,UNIVERSITY OF WISCONSIN-MARSHFIELD      ,WI,54449-3310,Public       ,14,12,26,276,133,409
00389709,UNIVERSITY OF WISCONSIN-RICHLAND        ,WI,53581-1399,Public       ,10,3,13,227,64,291
00389710,UNIVERSITY OF WISCONSIN COLLEGES - ROCK ,WI,53546-5699,Public       ,29,20,49,389,294,683
00389711,UNIVERSITY OF WISCONSIN-SHEBOYGAN       ,WI,53081-4789,Public       ,8,13,21,298,175,473
00389712,UNIVERSITY OF WISCONSIN-WASHINGTON      ,WI,53095-3699,Public       ,16,12,28,389,140,529
00389713,UNIVERSITY OF WISCONSIN-WAUKESHA        ,WI,53188-2799,Public       ,39,26,65,776,290,1066
00389900,UNIVERSITY OF WISCONSIN-GREEN BAY       ,WI,54311-7001,Public       ,75,116,191,3786,1458,5244
00391100,VITERBO UNIVERSITY                      ,WI,54601-4777,Private      ,19,54,73,1426,858,2284
00391500,UNIVERSITY OF WISCONSIN-STOUT           ,WI,54751-0790,Public       ,135,124,259,5239,1692,6931
00391700,UNIVERSITY OF WISCONSIN-EAU CLAIRE      ,WI,54702-4004,Public       ,175,88,263,7191,1433,8624
00391900,UNIVERSITY OF WISCONSIN-LA CROSSE       ,WI,54601-3742,Public       ,136,128,264,6241,1633,7874
00392000,UNIVERSITY OF WISCONSIN-OSHKOSH         ,WI,54901-8604,Public       ,158,152,310,6416,2587,9003
00392100,UNIVERSITY OF WISCONSIN-PLATTEVILLE     ,WI,53818-3099,Public       ,116,154,270,4436,1314,5750
00392300,UNIVERSITY OF WISCONSIN-RIVER FALLS     ,WI,54022-5013,Public       ,141,86,227,4343,1046,5389
00392400,UNIVERSITY OF WISCONSIN-STEVENS POINT   ,WI,54481-3871,Public       ,175,90,265,6068,1571,7639
00392500,UNIVERSITY OF WISCONSIN-SUPERIOR        ,WI,54880-2898,Public       ,57,109,166,1493,1327,2820
00392600,UNIVERSITY OF WISCONSIN-WHITEWATER      ,WI,53190-1792,Public       ,174,137,311,6514,1923,8437
00400700,MADISON AREA TECHNICAL COLLEGE          ,WI,53704-2599,Public       ,295,547,842,3353,4458,7811
00501500,UNIVERSITY OF WISCONSIN-PARKSIDE        ,WI,53141-2000,Public       ,121,138,259,2797,1615,4412
00529400,WAUKESHA COUNTY TECHNICAL COLLEGE       ,WI,53072-4696,Public       ,81,190,271,1056,1524,2580
00530100,NORTHEAST WISCONSIN TECHNICAL COLLEGE   ,WI,54307-9042,Public       ,131,395,526,1672,3077,4749
00530400,CHIPPEWA VALLEY TECHNICAL COLLEGE       ,WI,54701-6162,Public       ,178,357,535,1917,2772,4689
00538000,MID-STATE TECHNICAL COLLEGE             ,WI,54494-5512,Public       ,72,184,256,717,1209,1926
00538400,NICOLET AREA TECHNICAL COLLEGE          ,WI,54501-0000,Public       ,52,76,128,411,608,1019
00538700,NORTHCENTRAL TECHNICAL COLLEGE          ,WI,54401-1899,Public       ,76,200,276,684,1452,2136
00538900,GATEWAY TECHNICAL COLLEGE               ,WI,53144-1690,Public       ,171,588,759,1199,3964,5163
00539000,BLACKHAWK TECHNICAL COLLEGE             ,WI,53547-5009,Public       ,51,178,229,563,1405,1968
00610800,BELLIN HOSP SCH OF RAD TECH             ,WI,54305-3505,Private      ,2,0,2,15,6,21
00611500,MERCY MED CTR SCH OF RAD TECH           ,WI,54904-3370,Private      ,0,0,0,11,4,15
00612601,ST LUKE'S MEDCL CTR SCHL RAD TECH       ,WI,53215-4330,Private      ,0,1,1,5,24,29
00612603,ST LUKE'S MED CTR SCH OF SONOGRAPHY     ,WI,53215-0000,Private      ,0,0,0,2,10,12
00613100,THEDA CLARK REG MED CTR SCH RAD TEC     ,WI,54957-0000,Private      ,2,0,2,6,3,9
00663900,BELLIN COLLEGE                          ,WI,54305-0000,Private      ,2,3,5,194,146,340
00766900,SOUTHWEST WISCONSIN TECH COLLEGE        ,WI,53809-0000,Public       ,23,54,77,577,560,1137
00777400,SCIENTIFIC COLLEGE OF BEAUTY/BARBER     ,WI,54601-0000,Proprietary  ,3,13,16,25,43,68
00821700,WISCONSIN COLLEGE OF COSMETOLOGY        ,WI,54304-0000,Proprietary  ,4,15,19,57,53,110
00919400,LAKESHORE TECHNICAL COLLEGE             ,WI,53015-1412,Public       ,51,162,213,466,1141,1607
00925600,MORAINE PARK TECHNICAL COLLEGE          ,WI,54936-0000,Public       ,59,195,254,718,1751,2469
00941900,STATE CLG OF BEAUTY CULT-WAUSAU         ,WI,54403-4667,Proprietary  ,11,7,18,45,51,96
00962100,HERZING COLLEGE                         ,WI,53718-4236,Proprietary  ,41,217,258,478,1732,2210
00974400,FOX VALLEY TECHNICAL COLLEGE            ,WI,54913-0000,Public       ,171,348,519,1813,2671,4484
01091300,MADISON MEDIA INSTITUTE                 ,WI,53718-6787,Proprietary  ,22,26,48,291,172,463
01148400,ADVANCED INSTITUTE OF HAIR DESIGN       ,WI,53225-0000,Proprietary  ,19,14,33,131,91,222
01182400,WISCONSIN INDIANHEAD TECH CLG WITC      ,WI,54871-9300,Public       ,87,243,330,972,1584,2556
01290600,MADISON COSMETOLOGY COLLEGE             ,WI,53711-1030,Proprietary  ,4,11,15,43,74,117
02077100,MILWAUKEE INST OF ART & DESIGN          ,WI,53202-0000,Private      ,16,10,26,709,125,834
02078000,SACRED HEART SCHOOL OF THEOLOGY         ,WI,53130-0000,Private      ,0,1,1,0,15,15
02136600,WISCONSIN LUTHERAN COLLEGE              ,WI,53226-0000,Private      ,10,2,12,745,69,814
02201803,KAPLAN COLLEGE - MILWAUKEE              ,WI,53212-3939,Proprietary  ,35,173,208,150,801,951
02271300,WI SCH OF PROFESSIONAL PSYCHOLOGY       ,WI,53225-0000,Private      ,0,6,6,0,71,71
02317200,MARANATHA BAPTIST BIBLE COLLEGE         ,WI,53094-0000,Private      ,51,15,66,704,98,802
02324700,EMPIRE BEAUTY SCHOOL                    ,WI,53717-0000,Proprietary  ,22,29,51,115,145,260
02332100,EMPIRE BEAUTY SCHOOL                    ,WI,54220-0000,Proprietary  ,16,37,53,89,173,262
02453500,MEDICAL COLLEGE OF WISCONSIN            ,WI,53226-0000,Private      ,1,6,7,22,1085,1107
02494300,GILL-TECH ACADEMY OF HAIR DESIGN        ,WI,54911-0000,Proprietary  ,11,6,17,68,32,100
02532200,LAC COURTE OREILLES OJIBWA CMTY CLG     ,WI,54843-0000,Public       ,10,30,40,67,342,409
03007400,LAKESIDE SCHOOL OF MASSAGE THERAPY      ,WI,53719-1103,Private      ,4,37,41,54,143,197
03061200,MIDWEST COLLEGE OF ORIENTAL MEDICINE    ,WI,53403-9747,Proprietary  ,0,48,48,4,217,221
03077600,EMPIRE BEAUTY SCHOOL                    ,WI,54304-4838,Proprietary  ,32,65,97,173,303,476
03087500,ITT TECHNICAL INSTITUTE                 ,WI,53220-4612,Proprietary  ,179,323,502,944,1554,2498
03125100,COLLEGE OF MENOMINEE NATION             ,WI,54135-0000,Private      ,14,55,69,113,436,549
03125102,COLLEGE OF  THE MENOMINEE NATION - GREEN,WI,54304-4964,Private      ,1,5,6,2,9,11
03220300,"SALON PROFESSIONAL ACADEMY, THE         ",WI,54701-7633,Proprietary  ,10,13,23,72,72,144
03309300,MONTESSORI INSTITUTE OF MILWAUKEE       ,WI,53207-0000,Private      ,0,0,0,0,16,16
03822300,FOUR SEASONS SALON AND COSMETOLOGY SCHOO,WI,53566-0000,Proprietary  ,0,1,1,7,15,22
03872500,NORTHLAND INTERNATIONAL UNIVERSITY      ,WI,54119-9285,Private      ,28,5,33,345,52,397
03925300,BLUE SKY SCHOOL OF PROFESSIONAL MASSAGE ,WI,53024-9699,Private      ,3,12,15,43,99,142
00290500,NORTH CAROLINA A&T STATE UNIV           ,NC,27411-0001,Public       ,254,294,548,12408,4235,16643
00290600,APPALACHIAN STATE UNIVERSITY            ,NC,28608-2059,Public       ,260,138,398,10464,2662,13126
00290700,UNIVERSITY OF NC AT ASHEVILLE           ,NC,28804-3299,Public       ,64,69,133,2578,1039,3617
00290800,BARTON COLLEGE                          ,NC,27893-3104,Private      ,23,41,64,1127,611,1738
00291000,BELMONT ABBEY COLLEGE                   ,NC,28012-1802,Private      ,19,153,172,998,645,1643
00291100,BENNETT COLLEGE                         ,NC,27401-3239,Private      ,21,15,36,851,238,1089
00291200,BREVARD COLLEGE                         ,NC,28712-3306,Private      ,19,6,25,823,128,951
00291300,CAMPBELL UNIVERSITY                     ,NC,27506-0036,Private      ,61,150,211,3254,2742,5996
00291400,CATAWBA COLLEGE                         ,NC,28144-2488,Private      ,20,30,50,1218,463,1681
00291500,CENTRAL PIEDMONT COMMUNITY COLLEGE      ,NC,28204-2297,Public       ,387,1095,1482,3892,7517,11409
00291600,CHOWAN UNIVERSITY                       ,NC,27855-1850,Private      ,26,9,35,1268,184,1452
00291700,COLLEGE OF THE ALBEMARLE                ,NC,27909-2327,Public       ,56,182,238,528,1092,1620
00291800,DAVIDSON COLLEGE                        ,NC,28035-7157,Private      ,26,7,33,1927,47,1974
00291900,DAVIDSON COUNTY COMMUNITY COLLEGE       ,NC,27293-0000,Public       ,78,255,333,610,1794,2404
00292000,DUKE UNIVERSITY                         ,NC,27708-0397,Private      ,126,50,176,10317,940,11257
00292001,DUKE UNIV - SCHOOL OF MEDICINE          ,NC,27710-0000,Private      ,3,7,10,50,989,1039
00292002,DUKE UNIV - SCHOOL OF LAW               ,NC,27708-0000,Private      ,2,8,10,25,1747,1772
00292003,DUKE UNIV - GRAD SCH ARTS & SCIENCE     ,NC,27708-0000,Private      ,2,38,40,35,666,701
00292004,DUKE UNIV - FUQUA SCH OF BUSINESS       ,NC,27708-0000,Private      ,3,42,45,43,1009,1052
00292005,DUKE UNIV/NICHOLAS SCH OF ENVIRON.      ,NC,27708-0000,Private      ,0,3,3,13,289,302
00292006,DUKE UNIV - DIVINITY SCHOOL             ,NC,27708-0000,Private      ,4,5,9,54,647,701
00292007,DUKE UNIV - SCHOOL OF NURSING           ,NC,27710-0000,Private      ,4,41,45,55,433,488
00292300,EAST CAROLINA UNIVERSITY                ,NC,27858-1818,Public       ,337,519,856,14238,8097,22335
00292600,ELIZABETH CITY STATE UNIVERSITY         ,NC,27909-7806,Public       ,49,102,151,2811,1169,3980
00292700,ELON UNIVERSITY                         ,NC,27244-2010,Private      ,57,41,98,5286,550,5836
00292800,FAYETTEVILLE STATE UNIVERSITY           ,NC,28301-4298,Public       ,156,387,543,4776,4992,9768
00292900,GARDNER-WEBB UNIVERSITY                 ,NC,28017-0000,Private      ,46,169,215,1903,2117,4020
00293000,GREENSBORO COLLEGE                      ,NC,27401-1875,Private      ,24,53,77,1303,645,1948
00293100,GUILFORD COLLEGE                        ,NC,27410-4171,Private      ,28,185,213,1998,2082,4080
00293300,HIGH POINT UNIVERSITY                   ,NC,27262-4221,Private      ,35,128,163,2029,1541,3570
00293400,ISOTHERMAL COMMUNITY COLLEGE            ,NC,28160-0804,Public       ,48,167,215,433,1168,1601
00293500,JOHN WESLEY COLLEGE                     ,NC,27265-0000,Private      ,3,19,22,37,179,216
00293600,JOHNSON C SMITH UNIVERSITY              ,NC,28216-5398,Private      ,57,49,106,2874,618,3492
00293700,KING'S COLLEGE-CHARLOTTE                ,NC,28204-2435,Proprietary  ,13,15,28,552,254,806
00293900,LEES MCRAE COLLEGE                      ,NC,28604-0000,Private      ,10,17,27,833,273,1106
00294000,LENOIR COMMUNITY COLLEGE                ,NC,28502-0188,Public       ,48,214,262,622,1677,2299
00294100,LENOIR-RHYNE UNIVERSITY                 ,NC,28603-0000,Private      ,35,32,67,1753,504,2257
00294200,LIVINGSTONE COLLEGE                     ,NC,28144-5298,Private      ,24,22,46,1075,345,1420
00294300,LOUISBURG COLLEGE                       ,NC,27549-2398,Private      ,17,7,24,986,100,1086
00294400,MARS HILL COLLEGE                       ,NC,28754-0000,Private      ,17,38,55,1343,459,1802
00294500,MEREDITH COLLEGE                        ,NC,27607-5298,Private      ,30,55,85,1657,789,2446
00294600,METHODIST UNIVERSITY                    ,NC,28311-1420,Private      ,41,96,137,1894,1136,3030
00294700,MITCHELL COMMUNITY COLLEGE              ,NC,28677-5264,Public       ,72,191,263,523,1286,1809
00294800,MONTREAT COLLEGE                        ,NC,28757-1267,Private      ,15,130,145,531,640,1171
00294900,MOUNT OLIVE COLLEGE                     ,NC,28365-1299,Private      ,45,398,443,806,2634,3440
00295000,NORTH CAROLINA CENTRAL UNIVERSITY       ,NC,27707-3198,Public       ,140,312,452,6693,5824,12517
00295100,NORTH CAROLINA WESLEYAN COLLEGE         ,NC,27804-8699,Private      ,17,81,98,1159,989,2148
00295300,PEACE COLLEGE                           ,NC,27604-1194,Private      ,21,13,34,760,172,932
00295400,UNIV OF NORTH CAROLINA AT PEMBROKE      ,NC,28372-1510,Public       ,86,189,275,4038,2961,6999
00295500,PFEIFFER UNIVERSITY                     ,NC,28109-0000,Private      ,9,84,93,845,1162,2007
00295600,PIEDMONT BAPTIST COLLEGE AND GRADUATE SC,NC,27101-5025,Private      ,9,11,20,191,139,330
00295700,QUEENS UNIVERSITY OF CHARLOTTE          ,NC,28274-0001,Private      ,36,164,200,1271,1233,2504
00295800,ROCKINGHAM COMMUNITY COLLEGE            ,NC,27375-0000,Public       ,44,121,165,525,1047,1572
00296000,SALEM COLLEGE                           ,NC,27108-0000,Private      ,10,40,50,540,545,1085
00296100,SANDHILLS COMMUNITY COLLEGE             ,NC,28374-8283,Public       ,88,268,356,959,2123,3082
00296200,SHAW UNIVERSITY                         ,NC,27601-2393,Private      ,54,197,251,2887,2465,5352
00296300,SOUTHEASTERN BAPTIST THEOL SEMINARY     ,NC,27588-0000,Private      ,0,8,8,36,91,127
00296400,SOUTHEASTERN COMMUNITY COLLEGE          ,NC,28472-5422,Public       ,46,169,215,613,1259,1872
00296700,ST ANDREWS PRESBYTERIAN COLLEGE         ,NC,28352-9979,Private      ,13,10,23,748,152,900
00296800,ST AUGUSTINES COLLEGE                   ,NC,27610-2298,Private      ,33,32,65,1683,534,2217
00297000,SURRY COMMUNITY COLLEGE                 ,NC,27017-0304,Public       ,67,112,179,758,1006,1764
00297200,NORTH CAROLINA STATE UNIV-RALEIGH       ,NC,27695-1751,Public       ,281,368,649,16618,6316,22934
00297300,GASTON COLLEGE                          ,NC,28034-1499,Public       ,151,396,547,1188,2583,3771
00297400,UNIVERSITY OF N C-CHAPEL HILL           ,NC,27514-0000,Public       ,228,314,542,16145,9851,25996
00297500,UNIVERSITY OF NC AT CHARLOTTE           ,NC,28223-0001,Public       ,319,482,801,12239,7510,19749
00297600,UNIVERSITY OF N C - GREENSBORO          ,NC,27412-0001,Public       ,239,394,633,11404,6569,17973
00297800,WAKE FOREST UNIV - UNDERGRADUATE        ,NC,27109-7246,Private      ,60,12,72,4108,193,4301
00297801,WAKE FOREST UNIV - SCH OF MEDICINE      ,NC,27157-1090,Private      ,4,9,13,45,848,893
00297803,WAKE FOREST UNIVERSITY - SCHOOLS OF BUSI,NC,27109-7659,Private      ,1,26,27,19,450,469
00297805,WAKE FOREST UNIV - SCH OF LAW           ,NC,27109-7206,Private      ,2,5,7,12,1008,1020
00297806,WAKE FOREST UNIV - GRAD A&S/DIVINITY    ,NC,27109-7246,Private      ,1,14,15,38,340,378
00297900,WARREN WILSON COLLEGE                   ,NC,28815-0000,Private      ,15,15,30,930,282,1212
00298000,WAYNE COMMUNITY COLLEGE                 ,NC,27533-0000,Public       ,60,269,329,931,1972,2903
00298100,WESTERN CAROLINA UNIVERSITY             ,NC,28723-9731,Public       ,115,129,244,5596,2068,7664
00298200,WESTERN PIEDMONT COMMUNITY COLLEGE      ,NC,28655-4504,Public       ,53,159,212,662,1580,2242
00298300,WILKES COMMUNITY COLLEGE                ,NC,28697-2100,Public       ,48,136,184,665,992,1657
00298400,UNIVERSITY OF N C-WILMINGTON            ,NC,28403-3297,Public       ,196,162,358,8756,3096,11852
00298500,WINGATE UNIVERSITY                      ,NC,28174-0159,Private      ,39,37,76,1807,551,2358
00298600,WINSTON-SALEM STATE UNIVERSITY          ,NC,27102-0000,Public       ,130,267,397,6203,3112,9315
00398100,UNC SCHOOL OF THE ARTS                  ,NC,27127-2188,Public       ,22,7,29,1004,251,1255
00403300,ASHEVILLE BUNCOMBE TECH CMTY CLG        ,NC,28801-4897,Public       ,89,284,373,1031,2135,3166
00406200,PITT COMMUNITY COLLEGE                  ,NC,28590-0000,Public       ,184,446,630,1916,3088,5004
00483500,CALDWELL COMMUNITY CLG & TECH INST      ,NC,28638-2626,Public       ,76,227,303,819,1690,2509
00483800,GUILFORD TECHNICAL COMMUNITY CLG        ,NC,27282-0309,Public       ,226,661,887,2758,5637,8395
00484400,WAKE TECHNICAL COMMUNITY COLLEGE        ,NC,27603-5696,Public       ,243,597,840,2388,4767,7155
00484500,WILSON COMMUNITY COLLEGE                ,NC,27893-3310,Public       ,45,210,255,430,1495,1925
00499201,MILLER-MOTTE TECHNICAL COLLEGE - MILLER-,NC,27511-9209,Proprietary  ,11,89,100,78,735,813
00531600,COASTAL CAROLINA COMMUNITY COLLEGE      ,NC,28546-6816,Public       ,83,365,448,781,2489,3270
00531700,FORSYTH TECHNICAL COMMUNITY COLLEGE     ,NC,27103-5197,Public       ,145,495,640,1329,3854,5183
00531800,CATAWBA VALLEY COMMUNITY COLLEGE        ,NC,28602-8302,Public       ,100,322,422,1128,2179,3307
00532000,CAPE FEAR COMMUNITY COLLEGE             ,NC,28401-3910,Public       ,186,342,528,2017,2560,4577
00544700,RANDOLPH COMMUNITY COLLEGE              ,NC,27204-1009,Public       ,40,145,185,513,1151,1664
00544800,DURHAM TECHNICAL CMNTY COLLEGE          ,NC,27703-5023,Public       ,83,365,448,732,2787,3519
00544900,CENTRAL CAROLINA COMMUNITY COLLEGE      ,NC,27330-9000,Public       ,63,310,373,798,2166,2964
00546300,ALAMANCE COMMUNITY COLLEGE              ,NC,27253-0000,Public       ,93,317,410,756,1998,2754
00546400,RICHMOND COMMUNITY COLLEGE              ,NC,28345-4522,Public       ,47,189,236,435,1406,1841
00575400,ROWAN-CABARRUS COMMUNITY COLLEGE        ,NC,28145-1595,Public       ,119,336,455,1089,2632,3721
00647700,CABARRUS COLLEGE OF HEALTH SCIENCES     ,NC,28025-0000,Private      ,9,30,39,208,337,545
00647800,MERCY HOSP SCH OF NURSING               ,NC,28207-0000,Public       ,6,25,31,88,295,383
00648300,WATTS SCHOOL OF NURSING                 ,NC,27704-0000,Private      ,3,17,20,56,200,256
00679900,CRAVEN COMMUNITY COLLEGE                ,NC,28562-0000,Public       ,41,192,233,478,1666,2144
00703100,PAMLICO COMMUNITY COLLEGE               ,NC,28529-0000,Public       ,7,31,38,53,200,253
00764000,FAYETTEVILLE TECHNICAL CMTY COLLEGE     ,NC,28303-0236,Public       ,194,878,1072,2110,7928,10038
00768700,JAMES SPRUNT COMMUNITY COLLEGE          ,NC,28349-0398,Public       ,25,86,111,277,786,1063
00781400,BROOKSTONE COLLEGE OF BUSINESS          ,NC,28262-0000,Proprietary  ,8,68,76,53,330,383
00781401,BROOKSTONE COLLEGE OF BUSINESS          ,NC,27409-0000,Proprietary  ,2,41,43,47,326,373
00789200,SAMPSON COMMUNITY COLLEGE               ,NC,28328-0000,Public       ,21,115,136,354,1126,1480
00798500,SOUTH PIEDMONT COMMUNITY COLLEGE        ,NC,28135-9703,Public       ,41,199,240,357,1193,1550
00798600,HALIFAX COMMUNITY COLLEGE               ,NC,27890-0089,Public       ,30,109,139,421,973,1394
00798700,BLADEN COMMUNITY COLLEGE                ,NC,28332-0266,Public       ,25,112,137,326,1236,1562
00798800,MARTIN COMMUNITY COLLEGE                ,NC,27892-8307,Public       ,21,81,102,184,743,927
00808100,CARTERET COMMUNITY COLLEGE              ,NC,28557-2989,Public       ,47,108,155,372,919,1291
00808200,CLEVELAND COMMUNITY COLLEGE             ,NC,28150-0000,Public       ,50,244,294,506,1809,2315
00808300,HAYWOOD COMMUNITY COLLEGE               ,NC,28721-0000,Public       ,25,90,115,409,750,1159
00808500,MCDOWELL TECHNICAL COMMUNITY CLG        ,NC,28752-8728,Public       ,19,68,87,235,566,801
00808700,MONTGOMERY COMMUNITY COLLEGE            ,NC,27371-0787,Public       ,11,63,74,189,586,775
00846600,SOUTHWESTERN COMMUNITY COLLEGE          ,NC,28779-8581,Public       ,47,112,159,476,889,1365
00855700,NASH COMMUNITY COLLEGE                  ,NC,27804-0488,Public       ,42,170,212,610,1234,1844
00855800,BEAUFORT COUNTY COMMUNITY COLLEGE       ,NC,27889-7889,Public       ,37,169,206,349,989,1338
00861200,ROBESON COMMUNITY COLLEGE               ,NC,28359-2151,Public       ,73,355,428,707,2394,3101
00861300,ROANOKE-CHOWAN COMMUNITY COLLEGE        ,NC,27910-9522,Public       ,19,77,96,272,737,1009
00885500,EDGECOMBE COMMUNITY COLLEGE             ,NC,27886-9399,Public       ,33,179,212,347,1293,1640
00885501,EDGECOMBE COMMUNITY COLLEGE             ,NC,27801-0000,Public       ,28,121,149,191,804,995
00902500,SOUTH EASTERN CLG OF BEAUTY CULTURE     ,NC,28204-0000,Proprietary  ,24,51,75,106,245,351
00933600,JOHNSTON COMMUNITY COLLEGE              ,NC,27577-0000,Public       ,57,197,254,650,1480,2130
00943000,TRI-COUNTY COMMUNITY COLLEGE            ,NC,28906-7919,Public       ,26,80,106,219,491,710
00964600,PIEDMONT COMMUNITY COLLEGE              ,NC,27573-1197,Public       ,37,149,186,306,1050,1356
00968400,BLUE RIDGE COMMUNITY COLLEGE            ,NC,28731-9624,Public       ,43,96,139,379,693,1072
00974701,GORDON-CONWELL THEO SEM - CHARLOTTE     ,NC,28273-0000,Private      ,0,13,13,1,174,175
00990300,VANCE-GRANVILLE CMTY COLLEGE            ,NC,27536-0917,Public       ,119,337,456,870,2382,3252
01026400,SOUTH COLLEGE                           ,NC,28803-3152,Proprietary  ,4,39,43,43,230,273
01119400,STANLY COMMUNITY COLLEGE                ,NC,28001-7458,Public       ,28,135,163,382,994,1376
01119700,MAYLAND COMMUNITY COLLEGE               ,NC,28777-2777,Public       ,18,66,84,252,451,703
01179900,PAUL MITCHELL THE SCHOOL FAYETTEVILLE   ,NC,28303-5364,Proprietary  ,0,10,10,8,89,97
01192600,LEON'S BEAUTY SCHOOL                    ,NC,27403-2812,Proprietary  ,10,28,38,82,134,216
02056500,MITCHELL'S HAIR STYLING ACADEMY         ,NC,27893-0000,Proprietary  ,4,21,25,38,99,137
02056501,MITCHELL'S HAIR STYLING ACADEMY - MITCHE,NC,27606-3326,Proprietary  ,3,3,6,13,28,41
02110500,ART INSTITUTE OF CHARLOTTE (THE)        ,NC,28217-0000,Proprietary  ,89,134,223,1115,917,2032
02170700,BRUNSWICK COMMUNITY COLLEGE             ,NC,28422-0000,Public       ,37,87,124,302,532,834
02205000,COLLEGE OF WILMINGTON                   ,NC,28403-0000,Proprietary  ,2,6,8,6,34,40
02210400,FAYETTEVILLE BEAUTY COLLEGE             ,NC,28303-0000,Proprietary  ,1,19,20,31,133,164
02227800,MITCHELL'S HAIR STYLING ACADEMY         ,NC,27534-0000,Proprietary  ,1,1,2,2,9,11
02227900,MITCHELL'S HAIR STYLING ACADEMY         ,NC,27858-0000,Proprietary  ,0,2,2,9,22,31
02238700,HAIRSTYLING INSTITUTE OF CHARLOTTE      ,NC,28204-0000,Proprietary  ,9,12,21,28,74,102
02280900,ROANOKE BIBLE COLLEGE                   ,NC,27909-0000,Private      ,4,6,10,107,75,182
02286300,CAROLINA BEAUTY COLLEGE                 ,NC,27262-0000,Proprietary  ,13,124,137,141,765,906
02558900,CHEVEUX SCHOOL OF HAIR DESIGN           ,NC,28540-0000,Proprietary  ,1,10,11,7,54,61
02560600,PINNACLE INSTITUTE OF COSMETOLOGY       ,NC,28115-8020,Proprietary  ,4,9,13,31,37,68
02614201,MILLER-MOTTE BUSINESS COLLEGE           ,NC,28403-0000,Proprietary  ,31,134,165,223,968,1191
03009500,WINSTON-SALEM BARBER SCHOOL             ,NC,27107-0000,Proprietary  ,2,5,7,32,63,95
03064400,REGENCY BEAUTY INSTITUTE                ,NC,27127-0000,Proprietary  ,1,12,13,36,76,112
03089300,HERITAGE BIBLE COLLEGE                  ,NC,28335-0000,Private      ,3,11,14,25,97,122
03104200,CAROLINAS COLLEGE OF HEALTH SCIENCE     ,NC,28232-2861,Public       ,17,42,59,189,470,659
03104201,CHS NURSE ANESTHESIA PROGRAM / UNCC     ,NC,28232-2861,Public       ,1,6,7,113,138,251
03109000,SCHOOL OF COMMUNICATION ARTS OF NORTH CA,NC,27614-7076,Proprietary  ,29,52,81,347,190,537
03237300,ANSON COLLEGE OF COSMETOLOGY            ,NC,28170-2147,Proprietary  ,0,3,3,8,31,39
03361300,MEDICAL ARTS MASSAGE SCHOOL             ,NC,27616-6453,Proprietary  ,6,25,31,24,124,148
03513400,APEX SCHOOL OF THEOLOGY                 ,NC,27703-8024,Private      ,2,14,16,6,80,86
03555400,SOUTHEASTERN SCHOOL OF NEUROMUSCULAR  MA,NC,29406-0000,Proprietary  ,0,5,5,8,45,53
03570300,CAROLINA CHRISTIAN COLLEGE              ,NC,27105-3241,Private      ,1,3,4,11,35,46
03663300,HOOD THEOLOGICAL SEMINARY               ,NC,28144-5768,Private      ,0,17,17,1,193,194
03748500,LA SHE'S BEAUTY ACADEMY                 ,NC,27707-3569,Proprietary  ,6,21,27,26,91,117
03777300,CAROLINA ACAD OF COSMETIC ART & SCI     ,NC,28054-0460,Proprietary  ,16,37,53,75,133,208
03827300,NEW LIFE THEOLOGICAL SEMINARY           ,NC,28205-1648,Private      ,0,7,7,2,49,51
00298800,BISMARCK STATE COLLEGE                  ,ND,58501-1299,Public       ,75,144,219,1700,1222,2922
00298900,DICKINSON STATE UNIVERSITY              ,ND,58601-4896,Public       ,36,63,99,1373,653,2026
00299000,JAMESTOWN COLLEGE                       ,ND,58405-3401,Private      ,16,10,26,932,149,1081
00299100,LAKE REGION STATE COLLEGE               ,ND,58301-1598,Public       ,22,31,53,310,330,640
00299200,UNIVERSITY OF MARY                      ,ND,58504-9652,Private      ,32,113,145,1695,1293,2988
00299300,MAYVILLE STATE UNIVERSITY               ,ND,58257-1299,Public       ,10,19,29,547,223,770
00299400,MINOT STATE UNIVERSITY                  ,ND,58707-0002,Public       ,55,99,154,1668,1507,3175
00299500,MINOT STATE UNIV-BOTTINEAU CAMPUS       ,ND,58318-1159,Public       ,11,25,36,208,189,397
00299600,NORTH DAKOTA STATE CLG OF SCIENCE       ,ND,58076-0002,Public       ,43,55,98,1623,649,2272
00299700,NORTH DAKOTA STATE UNIVERSITY           ,ND,58108-6050,Public       ,114,145,259,7803,2410,10213
00300500,UNIVERSITY OF NORTH DAKOTA              ,ND,58202-8193,Public       ,132,179,311,7502,3785,11287
00300700,WILLISTON STATE COLLEGE                 ,ND,58802-1326,Public       ,9,36,45,306,432,738
00300800,VALLEY CITY STATE UNIVERSITY            ,ND,58072-0000,Public       ,10,12,22,633,216,849
00484600,RASMUSSEN COLLEGE                       ,ND,58103-7196,Proprietary  ,30,168,198,354,1218,1572
00775600,JOSEF'S SCHOOL OF HAIR DESIGN INC       ,ND,58102-4977,Proprietary  ,9,4,13,61,40,101
00935400,MEDCENTER ONE COLLEGE OF NURSING        ,ND,58501-4494,Private      ,0,4,4,56,82,138
01040600,JOSEF'S SCHOOL OF HAIR DESIGN           ,ND,58201-6394,Proprietary  ,10,11,21,55,52,107
01205900,TRINITY BIBLE COLLEGE                   ,ND,58436-7150,Private      ,3,4,7,238,140,378
01229500,R D HAIRSTYLING COLLEGE                 ,ND,58501-4001,Proprietary  ,1,4,5,23,24,47
02188200,SITTING BULL COLLEGE                    ,ND,58538-9721,Public       ,7,60,67,54,328,382
02236500,LITTLE HOOP COMMUNITY COLLEGE           ,ND,58335-0000,Public       ,5,21,26,41,176,217
02242900,UNITED TRIBES TECHNICAL COLLEGE         ,ND,58504-0000,Private      ,21,95,116,239,751,990
02298200,HEADQUARTERS ACADEMY OF HAIR DESIGN     ,ND,58701-0000,Proprietary  ,4,12,16,25,49,74
02301100,TURTLE MTN CMNTY COLG-FIN AID OFC       ,ND,58316-0000,Private      ,9,22,31,163,367,530
02553700,FORT BERTHOLD COMMUNITY COLLEGE         ,ND,58763-0000,Public       ,4,20,24,36,178,214
03087200,MOLER BARBER CLG OF HAIRSTYLING         ,ND,58103-0000,Proprietary  ,0,1,1,5,13,18
04031300,SALON PROFESSIONAL ACADEMY (THE)        ,ND,58103-3337,Proprietary  ,11,4,15,64,23,87
00301005,ANTIOCH UNIV/SEATTLE                    ,WA,98121-0000,Private      ,2,67,69,28,1075,1103
00376900,BELLEVUE COMMUNITY COLLEGE              ,WA,98007-6484,Public       ,177,340,517,2491,3305,5796
00377000,BIG BEND COMMUNITY COLLEGE              ,WA,98837-3299,Public       ,52,126,178,713,1103,1816
00377100,"CENTRAL WASHINGTON UNIV., FIN AID       ",WA,98926-7495,Public       ,172,165,337,7591,3872,11463
00377200,CENTRALIA COLLEGE                       ,WA,98531-4099,Public       ,44,159,203,716,1117,1833
00377300,CLARK COLLEGE                           ,WA,98663-3598,Public       ,217,512,729,2731,4904,7635
00377400,COLUMBIA BASIN COLLEGE                  ,WA,99301-3379,Public       ,167,355,522,1835,2729,4564
00377500,EASTERN WASHINGTON UNIVERSITY           ,WA,99004-2447,Public       ,181,252,433,7706,5349,13055
00377600,EVERETT COMMUNITY COLLEGE               ,WA,98201-1352,Public       ,126,439,565,1474,3354,4828
00377700,HERITAGE UNIVERSITY                     ,WA,98948-9562,Private      ,9,86,95,394,1529,1923
00377800,GONZAGA UNIVERSITY                      ,WA,99258-0083,Private      ,71,107,178,5817,2824,8641
00377900,GRAYS HARBOR COLLEGE                    ,WA,98520-7599,Public       ,51,178,229,552,989,1541
00378000,GREEN RIVER COMMUNITY COLLEGE           ,WA,98092-3622,Public       ,134,315,449,1819,2562,4381
00378100,HIGHLINE COMMUNITY COLLEGE              ,WA,98198-9800,Public       ,160,368,528,1756,3129,4885
00378200,LOWER COLUMBIA COLLEGE                  ,WA,98632-0310,Public       ,78,241,319,683,1590,2273
00378300,NORTHWEST UNIVERSITY                    ,WA,98083-0000,Private      ,13,39,52,1105,619,1724
00378400,OLYMPIC COLLEGE                         ,WA,98337-1600,Public       ,114,333,447,1152,2651,3803
00378500,PACIFIC LUTHERAN UNIVERSITY             ,WA,98447-0003,Private      ,61,52,113,3842,1488,5330
00378600,PENINSULA COLLEGE                       ,WA,98362-6660,Public       ,31,146,177,371,986,1357
00378700,SEATTLE CENTRAL COMMUNITY COLLEGE       ,WA,98122-2413,Public       ,186,454,640,2026,3879,5905
00378703,SEATTLE VOCATIONAL INSTITUTE            ,WA,98144-0000,Public       ,11,76,87,78,371,449
00378800,SEATTLE PACIFIC UNIVERSITY              ,WA,98119-1997,Private      ,60,71,131,4182,1478,5660
00379000,SEATTLE UNIVERSITY                      ,WA,98122-1090,Private      ,122,177,299,6127,5643,11770
00379100,SHORELINE COMMUNITY COLLEGE             ,WA,98133-5696,Public       ,124,271,395,1615,2636,4251
00379200,SKAGIT VALLEY COLLEGE                   ,WA,98273-5899,Public       ,80,233,313,908,1947,2855
00379300,SPOKANE COMMUNITY COLLEGE               ,WA,99207-5399,Public       ,271,830,1101,2642,6302,8944
00379400,ST MARTIN'S UNIVERSITY                  ,WA,98503-7500,Private      ,13,45,58,1065,971,2036
00379600,TACOMA COMMUNITY COLLEGE                ,WA,98466-6100,Public       ,180,584,764,1922,4700,6622
00379700,UNIVERSITY OF PUGET SOUND               ,WA,98416-1039,Private      ,55,33,88,4139,815,4954
00379800,UNIVERSITY OF WASHINGTON                ,WA,98195-5880,Public       ,511,670,1181,21716,19319,41035
00379900,WALLA WALLA UNIVERSITY                  ,WA,99324-1198,Private      ,36,25,61,1329,674,2003
00380000,WASHINGTON STATE UNIVERSITY             ,WA,99164-1035,Public       ,316,431,747,14929,8968,23897
00380100,WENATCHEE VALLEY COLLEGE                ,WA,98801-1799,Public       ,83,268,351,1070,1902,2972
00380200,WESTERN WASHINGTON UNIVERSITY           ,WA,98225-5946,Public       ,270,181,451,11828,3817,15645
00380300,WHITMAN COLLEGE                         ,WA,99362-2067,Private      ,24,4,28,2151,58,2209
00380400,WHITWORTH UNIVERSITY                    ,WA,99251-0001,Private      ,33,43,76,2792,852,3644
00380500,YAKIMA VALLEY COMMUNITY COLLEGE         ,WA,98907-2520,Public       ,117,363,480,1834,3431,5265
00499800,PUGET SOUND CHRISTIAN COLLEGE           ,WA,98201-3516,Private      ,2,3,5,101,77,178
00499900,BELLINGHAM TECHNICAL COLLEGE            ,WA,98225-0000,Public       ,32,89,121,339,872,1211
00500000,PIERCE COLLEGE                          ,WA,98498-1919,Public       ,157,540,697,1796,4137,5933
00500100,EDMONDS COMMUNITY COLLEGE               ,WA,98036-5999,Public       ,120,275,395,1369,2548,3917
00500600,WALLA WALLA COMMUNITY COLLEGE           ,WA,99362-9267,Public       ,69,175,244,1207,1794,3001
00530600,BATES TECHNICAL COLLEGE                 ,WA,98405-0000,Public       ,52,278,330,480,1792,2272
00537200,SOUTH PUGET SOUND COMMUNITY COLLEGE     ,WA,98512-6292,Public       ,130,316,446,1286,2445,3731
00537300,LAKE WASHINGTON TECHNICAL COLLEGE       ,WA,98034-8505,Public       ,32,135,167,388,1269,1657
00575200,CLOVER PARK TECHNICAL COLLEGE           ,WA,98499-0000,Public       ,71,384,455,734,2634,3368
00717805,WESTERN SEMINARY - SEATTLE              ,WA,98021-4440,Private      ,0,0,0,0,1,1
00815500,EVERGREEN STATE COLLEGE (THE)           ,WA,98505-0002,Public       ,88,168,256,2746,2896,5642
00844300,ITT TECHNICAL INSTITUTE                 ,WA,98168-3334,Proprietary  ,95,204,299,549,1086,1635
00907901,EVEREST COLLEGE                         ,WA,98684-6950,Proprietary  ,1,18,19,22,71,93
00938700,PERRY TECHNICAL INSTITUTE               ,WA,98903-1239,Private      ,42,52,94,301,426,727
00954400,SPOKANE FALLS COMMUNITY COLLEGE         ,WA,99224-5204,Public       ,212,539,751,2869,4072,6941
00970400,NORTH SEATTLE COMMUNITY COLLEGE         ,WA,98103-3599,Public       ,91,269,360,1121,2496,3617
00970600,SOUTH SEATTLE COMMUNITY COLLEGE         ,WA,98106-1499,Public       ,116,217,333,1150,1840,2990
00973900,GLEN DOW ACAD OF HAIR DESIGN            ,WA,99201-0209,Proprietary  ,18,23,41,108,118,226
01036400,WHATCOM COMMUNITY COLLEGE               ,WA,98226-8003,Public       ,92,153,245,1160,1424,2584
01043400,RENTON TECHNICAL COLLEGE                ,WA,98056-0000,Public       ,63,190,253,486,1396,1882
01148100,DIVERS INSTITUTE OF TECHNOLOGY          ,WA,98107-0667,Proprietary  ,12,60,72,83,284,367
01231500,CORNISH COLLEGE OF THE ARTS             ,WA,98121-4604,Private      ,20,14,34,905,314,1219
01249600,GREENWOOD BEAUTY SCHOOL                 ,WA,98103-0000,Proprietary  ,2,6,8,16,61,77
01302200,CITY UNIVERSITY OF SEATTLE              ,WA,98005-3030,Private      ,10,191,201,101,2319,2420
01309400,BELLINGHAM BEAUTY SCHOOL                ,WA,98225-0000,Proprietary  ,6,9,15,31,51,82
02091701,KAPLAN COLLEGE - SEATTLE                ,WA,98055-4910,Proprietary  ,3,19,22,28,93,121
02105300,BELLEVUE BEAUTY SCHOOL                  ,WA,98007-0000,Proprietary  ,0,3,3,13,19,32
02106700,TRINITY LUTHERAN COLLEGE                ,WA,98201-3569,Private      ,2,3,5,74,37,111
02180000,NORTHWEST INDIAN COLLEGE                ,WA,98226-9278,Public       ,22,60,82,112,386,498
02184200,PAROBA COLLEGE OF COSMETOLOGY           ,WA,98208-0000,Proprietary  ,13,34,47,52,103,155
02202200,STYLEMASTERS COLLEGE OF HAIR DESIGN     ,WA,98632-0000,Proprietary  ,7,13,20,28,53,81
02203300,GENE JUAREZ ACADEMY OF BEAUTY           ,WA,98125-0000,Proprietary  ,37,33,70,304,266,570
02203301,GENE JUAREZ ACADEMY OF BEAUTY           ,WA,98003-0000,Proprietary  ,4,7,11,45,43,88
02222900,INTERNATIONAL AIR & HOSPITALITY ACADEMY ,WA,98661-4835,Proprietary  ,38,35,73,183,123,306
02231100,CROWN COLLEGE                           ,WA,98444-0000,Proprietary  ,3,29,32,27,296,323
02236800,PROFESSIONAL BEAUTY SCHOOL              ,WA,98902-0000,Proprietary  ,1,8,9,41,63,104
02242500,BASTYR UNIVERSITY                       ,WA,98028-0000,Private      ,3,85,88,107,1153,1260
02291300,ART INSTITUTE OF SEATTLE                ,WA,98121-1622,Proprietary  ,130,160,290,1916,1588,3504
02291700,HENRY COGSWELL COLLEGE                  ,WA,98201-0000,Private      ,0,0,0,72,49,121
02300100,EVEREST COLLEGE                         ,WA,98367-1835,Proprietary  ,62,278,340,265,1336,1601
02326500,INTERFACE COLLEGE                       ,WA,99201-3209,Proprietary  ,4,40,44,23,192,215
02331400,NORTHWEST HAIR ACADEMY                  ,WA,98273-0000,Proprietary  ,19,17,36,61,116,177
02331402,NORTHWEST HAIR ACADEMY - EVERETT        ,WA,98204-0000,Proprietary  ,0,2,2,6,8,14
02345100,PHAGAN'S ORCHARDS BEAUTY SCHOOL         ,WA,98662-0000,Proprietary  ,4,8,12,31,41,72
02504900,ACADEMY OF HAIR DESIGN (THE)            ,WA,98801-0000,Proprietary  ,6,8,14,37,46,83
02541900,BJ'S BEAUTY AND BARBER COLLEGE          ,WA,98409-0000,Proprietary  ,3,15,18,24,62,86
02602100,NORTHWEST COLLEGE OF ART                ,WA,98370-8625,Proprietary  ,1,1,2,144,23,167
02606200,EVEREST COLLEGE                         ,WA,98055-2990,Proprietary  ,116,369,485,396,1458,1854
02617500,EVEREST COLLEGE                         ,WA,98133-9018,Proprietary  ,103,254,357,585,1422,2007
03031406,INTERNATIONAL ACADEMY OF DESIGN AND TECH,WA,98188-3319,Proprietary  ,6,12,18,6,12,18
03052200,COURT REPORTING INSTITUTE               ,WA,98133-7500,Proprietary  ,0,0,0,6,35,41
03065000,CLARE'S BEAUTY COLLEGE                  ,WA,99301-5505,Proprietary  ,4,16,20,21,72,93
03071800,ITT TECHNICAL INSTITUTE                 ,WA,99216-1589,Proprietary  ,50,108,158,394,849,1243
03099000,CORTIVA INSTITUTE - SEATTLE             ,WA,98109-5474,Proprietary  ,3,26,29,55,168,223
03139500,MONTESSORI SCHOOLS OF WASHINGTON        ,WA,98203-6600,Private      ,0,0,0,0,4,4
03280300,SEATTLE INST OF ORIENTAL MEDICINE       ,WA,98115-0000,Proprietary  ,0,2,2,2,48,50
03283300,NORTHWEST HVAC/R ASSOCIATION & TRAINING ,WA,99202-2125,Private      ,0,4,4,3,59,62
03361600,SEATTLE MIDWIFERY SCHOOL                ,WA,98144-0000,Private      ,0,6,6,5,71,76
03466400,MARS HILL GRADUATE SCHOOL               ,WA,98121-0000,Private      ,0,4,4,0,223,223
03483500,CASCADIA COMMUNITY COLLEGE              ,WA,98011-9510,Public       ,45,73,118,462,591,1053
03490400,EMIL FRIES PIANO HOSPITAL & TRAININ     ,WA,98661-4323,Private      ,0,2,2,1,5,6
03631500,CORTIVA INSTITUTE - BRIAN UTTING SCHOOL ,WA,98109-5211,Proprietary  ,5,21,26,24,91,115
03689400,FAITH EVANGELICAL SEMINARY              ,WA,98407-2607,Private      ,0,28,28,7,151,158
03707500,CHETTA'S ACADEMY OF HAIR AND NAILS      ,WA,98362-4310,Proprietary  ,3,6,9,10,25,35
03724300,DIGIPEN INSTITUTE OF TECHNOLOGY         ,WA,98052-5170,Proprietary  ,7,7,14,633,185,818
03917300,EVERGREEN BEAUTY AND BARBER COLLEGE     ,WA,98208-3759,Proprietary  ,3,22,25,17,81,98
03932500,TOTAL COSMETOLOGY TRAINING CENTER       ,WA,99217-6231,Proprietary  ,7,19,26,33,74,107
03953300,YAKIMA BEAUTY SCHOOL;BEAUTYWORKS        ,WA,98901-2202,Proprietary  ,6,11,17,16,46,62
04043400,ALPINE COLLEGE                          ,WA,99206-5097,Proprietary  ,1,18,19,5,43,48
00340100,BROWN UNIVERSITY                        ,RI,02912-9127,Private      ,87,10,97,10789,294,11083
00340101,BROWN UNIVERSITY - GRADUATE SCHOOL      ,RI,02912-1827,Private      ,2,41,43,22,1394,1416
00340102,BROWN MEDICAL SCHOOL                    ,RI,02912-0000,Private      ,3,2,5,15,368,383
00340200,BRYANT UNIVERSITY                       ,RI,02917-1284,Private      ,46,17,63,4791,286,5077
00340400,JOHNSON & WALES UNIVERSITY              ,RI,02903-3703,Private      ,245,184,429,17614,3502,21116
00340600,PROVIDENCE COLLEGE                      ,RI,02918-0001,Private      ,67,43,110,6651,510,7161
00340700,RHODE ISLAND COLLEGE                    ,RI,02908-1991,Public       ,83,147,230,5725,2767,8492
00340800,COMMUNITY COLLEGE OF RI - WARWICK       ,RI,02906-0000,Public       ,222,404,626,3423,4251,7674
00340801,COMMUNITY COLLEGE OF RI - LINCOLN       ,RI,02865-4585,Public       ,68,125,193,1258,1423,2681
00340802,COMMUNITY COLLEGE OF RI- PROVIDENCE     ,RI,02905-2313,Public       ,113,198,311,1259,2029,3288
00340900,RHODE ISLAND SCHOOL OF DESIGN           ,RI,02903-2784,Private      ,30,18,48,2319,1093,3412
00341000,ROGER WILLIAMS UNIVERSITY               ,RI,02809-2921,Private      ,44,19,63,6248,1429,7677
00341100,SALVE REGINA UNIVERSITY                 ,RI,02840-4192,Private      ,24,15,39,3897,280,4177
00341400,UNIVERSITY OF RHODE ISLAND              ,RI,02881-0000,Public       ,179,201,380,13779,3042,16821
00659100,ST. JOSEPH HOSP SCH OF NURSING          ,RI,02904-5199,Private      ,1,4,5,53,132,185
00784400,GIBBS COLLEGE                           ,RI,02920-7807,Proprietary  ,47,94,141,423,663,1086
00784500,NEW ENGLAND INSTITUTE OF TECHNOLOGY     ,RI,02886-2266,Private      ,204,262,466,2419,1712,4131
01115900,"SAWYER SCHOOL,THE                       ",RI,02860-4117,Proprietary  ,36,131,167,148,801,949
02071900,ARTHUR ANGELO SCH COSMET&HAIR DSGN      ,RI,02903-0000,Proprietary  ,21,23,44,103,138,241
02176900,WARWICK ACADEMY OF BEAUTY CULTURE       ,RI,02886-1534,Proprietary  ,13,17,30,80,128,208
02584400,NEW ENGLAND TRACTOR TRAILER TRAINING SCH,RI,02860-1752,Proprietary  ,22,208,230,73,694,767
03080000,NEWPORT SCHOOL OF HAIRDRESSING          ,RI,02860-4038,Proprietary  ,2,18,20,13,85,98
03115200,MOTORING TECHNICAL TRAINING INST        ,RI,02914-0000,Proprietary  ,19,49,68,100,192,292
03232300,LINCOLN TECHNICAL INSTITUTE             ,RI,02865-4211,Proprietary  ,42,120,162,242,656,898
03570500,ZION BIBLE COLLEGE                      ,RI,02806-1246,Private      ,3,6,9,136,100,236
03732300,INTERNATIONAL YACHT RESTORATION SCH     ,RI,02840-6720,Private      ,0,0,0,9,10,19
00341700,ALLEN UNIVERSITY                        ,SC,29204-1085,Private      ,21,19,40,558,335,893
00341800,ANDERSON UNIVERSITY                     ,SC,29621-4035,Private      ,10,47,57,1632,553,2185
00341900,CHARLESTON SOUTHERN UNIVERSITY          ,SC,29406-2160,Private      ,63,126,189,3115,1527,4642
00342000,BENEDICT COLLEGE                        ,SC,29204-1086,Private      ,75,77,152,2834,1285,4119
00342200,SOUTHERN WESLEYAN UNIVERSITY            ,SC,29630-1020,Private      ,7,191,198,612,2268,2880
00342300,THE CITADEL                             ,SC,29409-0002,Public       ,38,86,124,2062,854,2916
00342400,CLAFLIN UNIVERSITY                      ,SC,29115-4498,Private      ,34,52,86,2125,877,3002
00342500,CLEMSON UNIVERSITY                      ,SC,29634-0001,Public       ,174,169,343,11363,2747,14110
00342600,UNIV OF SC AT SUMTER                    ,SC,29150-2498,Public       ,16,46,62,574,593,1167
00342700,COKER COLLEGE                           ,SC,29550-3797,Private      ,14,63,77,809,903,1712
00342800,COLLEGE OF CHARLESTON                   ,SC,29424-0100,Public       ,159,125,284,7465,2022,9487
00342900,COLUMBIA INTERNATIONAL UNIVERSITY       ,SC,29203-1599,Private      ,13,26,39,536,609,1145
00343000,COLUMBIA COLLEGE                        ,SC,29203-5998,Private      ,22,61,83,1188,1080,2268
00343100,CONVERSE COLLEGE                        ,SC,29302-0006,Private      ,10,42,52,705,667,1372
00343200,ERSKINE COLLEGE                         ,SC,29639-0000,Private      ,4,3,7,741,37,778
00343201,ERSKINE THEOLOGICAL SEMINARY            ,SC,29639-0000,Private      ,0,20,20,7,177,184
00343400,FURMAN UNIVERSITY                       ,SC,29613-5253,Private      ,32,27,59,2661,305,2966
00343500,LANDER UNIVERSITY                       ,SC,29649-2099,Public       ,44,49,93,2559,736,3295
00343600,LIMESTONE COLLEGE                       ,SC,29340-3799,Private      ,25,204,229,1013,2863,3876
00343700,LUTHERAN THEOLOGICAL SOUTHERN SEM       ,SC,29203-5898,Private      ,0,2,2,1,108,109
00343800,MEDICAL UNIV OF SOUTH CAROLINA - FA     ,SC,29425-1760,Public       ,18,70,88,211,2639,2850
00343900,MORRIS COLLEGE                          ,SC,29150-3599,Private      ,43,44,87,1141,408,1549
00344000,NEWBERRY COLLEGE                        ,SC,29108-2197,Private      ,25,10,35,1167,142,1309
00344100,NORTH GREENVILLE COLLEGE                ,SC,29688-1892,Private      ,25,28,53,1955,294,2249
00344500,PRESBYTERIAN COLLEGE                    ,SC,29325-2503,Private      ,4,3,7,1221,35,1256
00344600,SOUTH CAROLINA STATE UNIVERSITY         ,SC,29117-4427,Public       ,119,158,277,5475,2180,7655
00344700,SPARTANBURG METHODIST COLLEGE           ,SC,29301-5899,Private      ,15,10,25,1103,147,1250
00344800,UNIVERSITY OF SOUTH CAROLINA            ,SC,29208-3999,Public       ,270,394,664,15683,9119,24802
00344900,UNIVERSITY OF SOUTH CAROLINA AIKEN      ,SC,29801-6399,Public       ,50,76,126,2583,1280,3863
00345000,UNIV OF SC AT BEAUFORT                  ,SC,29902-4602,Public       ,39,53,92,616,655,1271
00345100,COASTAL CAROLINA UNIVERSITY             ,SC,29528-0000,Public       ,183,100,283,7011,1555,8566
00345300,UNIV OF SC AT LANCASTER                 ,SC,29721-0889,Public       ,27,61,88,602,543,1145
00345400,UNIV OF SC SYSTEM SALKEHATCHIE          ,SC,29810-0617,Public       ,13,41,54,444,380,824
00345500,VOORHEES COLLEGE                        ,SC,29042-0000,Private      ,15,30,45,649,476,1125
00345600,WINTHROP UNIVERSITY                     ,SC,29733-0001,Public       ,87,103,190,5225,1593,6818
00345700,WOFFORD COLLEGE                         ,SC,29303-3663,Private      ,13,4,17,1421,68,1489
00399000,FLORENCE-DARLINGTON TECH COLLEGE        ,SC,29501-0548,Public       ,176,445,621,2437,3575,6012
00399100,GREENVILLE TECHNICAL COLLEGE            ,SC,29607-2439,Public       ,471,1164,1635,5622,9582,15204
00399200,PIEDMONT TECHNICAL COLLEGE              ,SC,29648-1467,Public       ,136,484,620,1800,3864,5664
00399300,MIDLANDS TECHNICAL COLLEGE              ,SC,29202-0000,Public       ,456,997,1453,5769,8785,14554
00399400,SPARTANBURG COMMUNITY COLLEGE           ,SC,29305-4386,Public       ,177,388,565,2393,3736,6129
00399500,CENTRAL CAROLINA TECHNICAL COLLEGE      ,SC,29150-2499,Public       ,83,276,359,1115,2714,3829
00399600,YORK TECHNICAL COLLEGE                  ,SC,29730-3395,Public       ,197,719,916,2256,3961,6217
00492000,TRIDENT TECHNICAL COLLEGE               ,SC,29423-8067,Public       ,530,1141,1671,5445,8318,13763
00492300,CLINTON JR COLLEGE                      ,SC,29730-5152,Private      ,8,5,13,96,34,130
00492400,FORREST JUNIOR COLLEGE                  ,SC,29624-2405,Proprietary  ,6,17,23,24,166,190
00492500,HORRY-GEORGETOWN TECH COLLEGE           ,SC,29526-9521,Public       ,202,506,708,2422,3861,6283
00492600,TRI-COUNTY TECHNICAL COLLEGE            ,SC,29670-9133,Public       ,153,350,503,2679,3073,5752
00492700,UNIV OF SC AT UNION                     ,SC,29379-0729,Public       ,2,22,24,196,167,363
00536300,DENMARK TECHNICAL COLLEGE               ,SC,29042-0000,Public       ,49,96,145,842,793,1635
00681500,ORANGEBURG-CALHOUN TECHNICAL COLG       ,SC,29118-8299,Public       ,83,258,341,1282,2162,3444
00695100,UNIVERSITY OF SOUTH CAROLINA UPSTATE    ,SC,29303-9972,Public       ,74,134,208,3798,2126,5924
00760200,NORTHEASTERN TECHNICAL COLLEGE          ,SC,29520-7015,Public       ,31,154,185,490,1063,1553
00922600,FRANCIS MARION UNIVERSITY               ,SC,29501-0000,Public       ,56,88,144,3791,1236,5027
00932200,WILLIAMSBURG TECHNICAL COLLEGE          ,SC,29556-4197,Public       ,12,67,79,309,624,933
00991000,TECHNICAL COLLEGE OF THE LOWCOUNTRY     ,SC,29902-5441,Public       ,61,184,245,658,1629,2287
00991100,UNIV OF SC-REGIONAL CAMPUSES ADMIN      ,SC,29208-0001,Public       ,6,2,8,104,54,158
01005600,AIKEN TECHNICAL COLLEGE                 ,SC,29802-0696,Public       ,127,338,465,1461,2522,3983
01209200,KENNETH SHULER SCHOOL OF COSMETOLOGY    ,SC,29732-2169,Proprietary  ,2,7,9,12,29,41
01303907,SOUTH UNIVERSITY                        ,SC,29203-6400,Proprietary  ,26,161,187,181,1041,1222
02063700,SHERMAN CLG STRAIGHT CHIROPRACTIC       ,SC,29316-0000,Private      ,0,25,25,18,437,455
02189800,NO AMER INST OF AVIATION OF SO CAR      ,SC,29527-0000,Proprietary  ,0,3,3,0,12,12
02310300,COLUMBIA BEAUTY SCHOOL                  ,SC,29033-0000,Proprietary  ,2,7,9,11,44,55
02338600,CHARZANNE BEAUTY COLLEGE                ,SC,29649-0000,Proprietary  ,4,11,15,19,74,93
02341100,KENNETH SHULER SCHOOL OF COSMETOLOGY & N,SC,29210-0000,Proprietary  ,24,61,85,127,334,461
02356600,CHARLESTON COSMETOLOGY INSTITUTE        ,SC,29420-0000,Proprietary  ,13,32,45,62,112,174
02552400,ACADEMY OF HAIR TECHNOLOGY              ,SC,29615-2363,Proprietary  ,2,5,7,52,93,145
02567600,SUMTER BEAUTY COLLEGE                   ,SC,29150-0000,Proprietary  ,3,18,21,16,87,103
02614202,MILLER - MOTTE TECHNICAL COLLEGE - NORTH,SC,29406-9239,Proprietary  ,30,116,146,244,876,1120
03010614,VIRGINIA COLLEGE - GOLF ACADEMY OF AMERI,SC,29579-0000,Proprietary  ,42,40,82,212,186,398
03052300,KENNETH SHULER SCH COSM & HAIR DESG     ,SC,29841-2013,Proprietary  ,9,21,30,37,83,120
03088300,ACADEMY OF COSMETOLOGY                  ,SC,29418-5667,Proprietary  ,4,33,37,40,125,165
03258300,SOUTHERN METHODIST COLLEGE              ,SC,29116-1027,Private      ,1,6,7,7,51,58
03293300,STRAND COLLEGE OF HAIR DESIGN           ,SC,29572-4310,Proprietary  ,5,8,13,28,62,90
03304300,CENTURA COLLEGE                         ,SC,29406-9235,Proprietary  ,31,131,162,160,689,849
03513300,LACY COSMETOLOGY SCHOOL                 ,SC,29803-9084,Proprietary  ,2,13,15,29,66,95
03595300,CHARLESTON SCHOOL OF MASSAGE            ,SC,29412-8270,Proprietary  ,3,3,6,14,40,54
03746300,LEGRAND INSTITUTE OF COSMETOLOGY        ,SC,29020-0000,Proprietary  ,1,6,7,17,42,59
03746400,SOUTHEASTERN INSTITUTE                  ,SC,29210-0000,Proprietary  ,7,17,24,33,97,130
03768400,STYLETRENDS BARBER AND HAIRSTYLING ACADE,SC,29730-4511,Proprietary  ,2,4,6,6,44,50
03842300,PLATINUM SHEAR SCHOOL OF COSMETOLOGY    ,SC,29115-0000,Proprietary  ,2,1,3,12,15,27
03856400,W. L. BONNER COLLEGE                    ,SC,29203-0000,Private      ,0,13,13,6,58,64
03892300,HARLEY'S BEAUTY & BARBER CAREER INST.   ,SC,29204-1919,Proprietary  ,2,10,12,13,53,66
00345800,AUGUSTANA COLLEGE                       ,SD,57197-0001,Private      ,19,10,29,1739,222,1961
00345900,BLACK HILLS STATE UNIVERSITY            ,SD,57799-9670,Public       ,48,100,148,2165,1437,3602
00346100,DAKOTA WESLEYAN UNIVERSITY              ,SD,57301-4398,Private      ,19,20,39,633,346,979
00346300,DAKOTA STATE UNIVERSITY                 ,SD,57042-1799,Public       ,15,30,45,1176,514,1690
00346500,MOUNT MARTY COLLEGE                     ,SD,57078-3724,Private      ,13,36,49,569,560,1129
00346600,NORTHERN STATE UNIVERSITY               ,SD,57401-7198,Public       ,18,40,58,1486,634,2120
00346700,PRESENTATION COLLEGE                    ,SD,57401-1299,Private      ,6,37,43,364,577,941
00346900,UNIVERSITY OF SIOUX FALLS               ,SD,57105-1699,Private      ,14,33,47,1200,530,1730
00347000,SOUTH DAKOTA SCH OF MINES & TECH        ,SD,57701-3995,Public       ,22,33,55,1217,550,1767
00347100,SOUTH DAKOTA STATE UNIVERSITY           ,SD,57007-2298,Public       ,89,154,243,7270,2506,9776
00347400,UNIVERSITY OF SOUTH DAKOTA              ,SD,57069-2390,Public       ,86,211,297,4424,3825,8249
00405600,SIOUX FALLS SEMINARY                    ,SD,57105-2729,Private      ,0,6,6,0,87,87
00405700,NATIONAL AMERICAN UNIVERSITY            ,SD,57701-3692,Proprietary  ,68,623,691,539,3984,4523
00405707,NATIONAL AMERICAN UNIVERSITY            ,SD,57105-0000,Proprietary  ,2,22,24,47,250,297
00492900,MCKENNAN HOSP-RADOLOGICAL TECH          ,SD,57101-0000,Private      ,1,2,3,33,15,48
00530900,LAKE AREA TECHNICAL INSTITUTE           ,SD,57201-2869,Public       ,28,29,57,767,359,1126
00598700,AVERA SACRED HEART HOSPITAL SCHOOL OF RA,SD,57078-3899,Private      ,0,0,0,12,5,17
00776400,SOUTHEAST TECHNICAL INST                ,SD,57107-0000,Public       ,57,84,141,1442,981,2423
00828400,MITCHELL TECHNICAL INSTITUTE            ,SD,57301-2002,Public       ,15,26,41,505,312,817
01013800,STEWART SCHOOL                          ,SD,57104-0000,Proprietary  ,12,12,24,112,62,174
01014804,COLORADO TECHNICAL UNIVERSITY           ,SD,57108-2272,Proprietary  ,39,83,122,371,940,1311
01017000,WESTERN DAKOTA TECHNICAL INSTITUTE      ,SD,57701-4018,Public       ,24,84,108,522,787,1309
01147701,SIOUX VALLEY HOSP-MEDICAL TECH          ,SD,57117-5039,Private      ,0,0,0,19,14,33
01465900,OGLALA LAKOTA COLLEGE                   ,SD,57752-0490,Public       ,15,100,115,233,1123,1356
02137100,BLACK HILLS BEAUTY COLLEGE              ,SD,57701-0000,Proprietary  ,4,11,15,54,71,125
02143700,SINTE GLESKA UNIVERSITY                 ,SD,57570-0000,Public       ,10,53,63,126,607,733
02144600,KILIAN COMMUNITY COLLEGE                ,SD,57103-7020,Private      ,21,49,70,140,570,710
02277300,SISSETON WAHPETON COLLEGE               ,SD,57262-0000,Public       ,6,15,21,44,153,197
02297800,HEADLINES ACADEMY                       ,SD,57701-0000,Proprietary  ,4,18,22,42,79,121
00347700,AQUINAS COLLEGE                         ,TN,37205-2086,Private      ,10,39,49,249,742,991
00347701,AQUINAS COLLEGE -  PRIMETIME PROGRAM    ,TN,37214-3644,Private      ,0,37,37,12,328,340
00347800,AUSTIN PEAY STATE UNIVERSITY            ,TN,37044-0002,Public       ,124,504,628,5182,5958,11140
00347900,BELMONT UNIVERSITY                      ,TN,37212-3757,Private      ,61,94,155,3935,1848,5783
00348000,BETHEL COLLEGE                          ,TN,38201-1705,Private      ,24,151,175,1039,1642,2681
00348100,CARSON-NEWMAN COLLEGE                   ,TN,37760-2204,Private      ,57,22,79,2448,527,2975
00348200,CHRISTIAN BROTHERS UNIVERSITY           ,TN,38104-5581,Private      ,29,102,131,1639,1296,2935
00348300,COLUMBIA STATE COMMUNITY COLLEGE        ,TN,38401-5653,Public       ,77,286,363,2081,2404,4485
00348500,CUMBERLAND UNIVERSITY                   ,TN,37087-3554,Private      ,19,52,71,1288,756,2044
00348600,LIPSCOMB UNIVERSITY                     ,TN,37204-3951,Private      ,23,52,75,2396,594,2990
00348700,EAST TENNESSEE STATE UNIV - MAIN CAMPUS ,TN,37614-2857,Public       ,185,340,525,8173,5503,13676
00348701,EAST TENNESSEE STATE UNIV - MEDICINE    ,TN,37614-1708,Public       ,2,6,8,74,261,335
00348709,EAST TENNESSEE STATE UNIV - PHARMACY    ,TN,37614-1704,Public       ,2,23,25,3,40,43
00349000,FISK UNIVERSITY                         ,TN,37208-3045,Private      ,18,26,44,1744,414,2158
00349200,FREED-HARDEMAN UNIVERSITY               ,TN,38340-2399,Private      ,15,36,51,1512,786,2298
00349400,HIWASSEE COLLEGE                        ,TN,37354-4001,Private      ,7,6,13,414,102,516
00349500,JOHNSON BIBLE COLLEGE                   ,TN,37998-9775,Private      ,26,18,44,637,246,883
00349600,KING COLLEGE                            ,TN,37620-2699,Private      ,20,71,91,1143,652,1795
00349800,LAMBUTH UNIVERSITY                      ,TN,38301-5296,Private      ,17,14,31,1240,298,1538
00349900,LANE COLLEGE                            ,TN,38301-4598,Private      ,47,113,160,2104,667,2771
00350000,LEE UNIVERSITY                          ,TN,37320-0000,Private      ,71,56,127,3075,1170,4245
00350100,LEMOYNE-OWEN COLLEGE                    ,TN,38126-6510,Private      ,18,55,73,823,936,1759
00350200,LINCOLN MEMORIAL UNIVERSITY             ,TN,37752-7920,Private      ,26,108,134,1146,2301,3447
00350400,MARTIN METHODIST COLLEGE                ,TN,38478-2799,Private      ,14,30,44,754,400,1154
00350500,MARYVILLE COLLEGE                       ,TN,37804-5907,Private      ,22,12,34,1710,174,1884
00350600,MEHARRY MEDICAL COLLEGE                 ,TN,37208-0000,Private      ,1,6,7,34,1210,1244
00350700,MEMPHIS COLLEGE OF ART                  ,TN,38104-2764,Private      ,9,11,20,506,173,679
00350900,UNIVERSITY OF MEMPHIS (THE)             ,TN,38152-4611,Public       ,326,808,1134,12890,12941,25831
00351000,MIDDLE TENNESSEE STATE UNIV             ,TN,37130-0000,Public       ,451,616,1067,16984,8237,25221
00351100,MILLIGAN COLLEGE                        ,TN,37682-4001,Private      ,11,28,39,882,442,1324
00351700,SOUTHERN COLLEGE OF OPTOMETRY           ,TN,38104-2222,Private      ,1,2,3,22,565,587
00351800,SOUTHERN ADVENTIST UNIVERSITY           ,TN,37315-0370,Private      ,60,36,96,1907,568,2475
00351900,RHODES COLLEGE                          ,TN,38112-1690,Private      ,37,17,54,2255,211,2466
00352200,TENNESSEE STATE UNIVERSITY              ,TN,37209-1561,Public       ,221,404,625,9027,6896,15923
00352300,TENNESSEE TECHNOLOGICAL UNIV            ,TN,38505-0001,Public       ,107,227,334,6657,2909,9566
00352400,TENNESSEE TEMPLE UNIVERSITY             ,TN,37404-3587,Private      ,15,15,30,494,162,656
00352500,TENNESSEE WESLEYAN COLLEGE              ,TN,37371-0040,Private      ,9,12,21,859,378,1237
00352600,TREVECCA NAZARENE UNIVERSITY            ,TN,37210-2877,Private      ,22,104,126,1072,1574,2646
00352700,TUSCULUM COLLEGE                        ,TN,37743-0001,Private      ,32,159,191,1566,1961,3527
00352800,UNION UNIVERSITY                        ,TN,38305-3697,Private      ,32,164,196,1872,1553,3425
00352900,UNIVERSITY OF TENNESSEE-CHATTANOOGA     ,TN,37403-2598,Public       ,161,228,389,8065,3159,11224
00353000,UNIVERSITY OF TENNESSEE-KNOXVILLE       ,TN,37996-0150,Public       ,355,350,705,20981,7716,28697
00353006,UNIVERSITY OF TENNESSEE-HEALTH SCI CTR  ,TN,38103-0000,Public       ,7,51,58,317,2661,2978
00353100,UNIVERSITY OF TENNESSEE-MARTIN          ,TN,38238-0002,Public       ,103,173,276,5802,2301,8103
00353400,UNIVERSITY OF THE SOUTH                 ,TN,37383-1000,Private      ,16,3,19,1286,58,1344
00353500,VANDERBILT UNIVERSITY                   ,TN,37240-0001,Private      ,103,121,224,7290,4304,11594
00353501,VANDERBILT UNIV MED CTR ALLIEDHEAL      ,TN,37232-5510,Private      ,1,2,3,27,183,210
00353502,VANDERBILT UNIV - SCH OF MED            ,TN,37232-0000,Private      ,3,7,10,55,797,852
00353600,BRYAN COLLEGE                           ,TN,37321-7000,Private      ,15,30,45,837,364,1201
00399800,CHATTANOOGA STATE COMMUNITY COLLEGE     ,TN,37406-1097,Public       ,191,589,780,3135,5081,8216
00399900,CLEVELAND STATE COMMUNITY COLLEGE       ,TN,37312-2858,Public       ,43,142,185,1210,1614,2824
00402500,TN TECHNOLOGY CTR AT KNOXVILLE          ,TN,37919-2327,Public       ,30,110,140,354,775,1129
00402600,TENNESSEE TECH. CNTR AT CROSSVILLE      ,TN,38555-4142,Public       ,19,54,73,226,407,633
00461700,NATIONAL COLLEGE OF BUSINESS & TECH     ,TN,37211-6605,Proprietary  ,19,141,160,118,778,896
00493400,DRAUGHONS JR CLG OF BUSINESS            ,TN,37217-1056,Proprietary  ,59,335,394,421,2656,3077
00493700,JACKSON STATE COMMUNITY COLLEGE         ,TN,38301-3797,Public       ,84,304,388,2067,2816,4883
00493800,SOUTH COLLEGE                           ,TN,37909-3323,Proprietary  ,35,177,212,275,1133,1408
00494700,WEST TENNESSEE BUSINESS COLLEGE         ,TN,38301-3256,Proprietary  ,10,71,81,105,438,543
00528000,TN TECHNOLOGY CTR AT COVINGTON          ,TN,38019-0249,Public       ,5,17,22,85,192,277
00528100,TN TECHNOLOGY CTR AT ELIZABETHTON       ,TN,37643-0789,Public       ,33,111,144,178,656,834
00528200,TN TECHNOLOGY CTR AT HARTSVILLE         ,TN,37074-0000,Public       ,7,26,33,99,268,367
00528300,TN TECHNOLOGY CTR AT NEWBERN            ,TN,38059-1198,Public       ,8,39,47,101,281,382
00530700,TN TECHNOLOGY CTR AT MCMINNVILLE        ,TN,37110-1322,Public       ,4,43,47,116,412,528
00535100,TENNESSEE TECHNOLOGY CENTER AT MORRISTOW,TN,37813-2094,Public       ,37,99,136,340,787,1127
00535200,TN TECHNOLOGY CENTER AT MCKENZIE        ,TN,38201-1620,Public       ,13,41,54,144,286,430
00535300,TN TECHNOLOGY CENTER AT LIVINGSTON      ,TN,38570-0219,Public       ,15,50,65,190,413,603
00535400,TN TECHNOLOGY CTR AT JACKSON            ,TN,38301-0000,Public       ,22,68,90,339,716,1055
00535600,TENNESSEE TECHNOLOGY CENTER AT HOHENWALD,TN,38462-0000,Public       ,5,44,49,182,443,625
00535700,TENNESSEE TECHNOLOGY CENTER AT CRUMP    ,TN,38327-3402,Public       ,10,63,73,144,394,538
00535800,TN TECHNOLOGY CENTER AT ATHENS          ,TN,37371-0848,Public       ,5,20,25,149,235,384
00535900,TENNESSEE TECHNOLOGY CENTER AT NASHVILLE,TN,37209-0000,Public       ,37,138,175,343,928,1271
00536000,TENNESSEE TECHNOLOGY CENTER AT MEMPHIS  ,TN,38105-3604,Public       ,46,211,257,523,1474,1997
00537800,NORTHEAST STATE TECH CMNTY COLG         ,TN,37617-0246,Public       ,81,298,379,2153,2716,4869
00537900,TN TECHNOLOGY CTR AT SHELBYVILLE        ,TN,37160-3697,Public       ,15,68,83,313,621,934
00660000,METHODIST HOSP SCH OF NURSING           ,TN,38104-3499,Private      ,0,0,0,55,109,164
00683500,DYERSBURG STATE COMMUNITY COLLEGE       ,TN,38024-0000,Public       ,57,208,265,1224,1852,3076
00683600,MOTLOW STATE COMMUNITY COLLEGE          ,TN,37388-7972,Public       ,107,217,324,1609,1722,3331
00743900,FOUNTAINHEAD COLLEGE OF TECHNOLOGY      ,TN,37918-2583,Proprietary  ,12,29,41,91,177,268
00744000,NASHVILLE AUTO DIESEL COLLEGE           ,TN,37206-3298,Proprietary  ,180,122,302,2198,791,2989
00778200,TENNESSEE TECHNOLOGY CENTER AT DICKSON  ,TN,37055-0000,Public       ,22,76,98,199,580,779
00778300,MIDDLE TENNESSEE SCH OF ANESTHESIA      ,TN,37116-0417,Private      ,0,3,3,8,161,169
00814500,NASHVILLE STATE TECH CMNTY COLLEGE      ,TN,37209-0000,Public       ,163,491,654,2063,4371,6434
00865500,GENESIS CAREER COLLEGE OF COOKEVILLE    ,TN,38501-1959,Proprietary  ,3,18,21,54,89,143
00885900,JOHN A GUPTON COLLEGE                   ,TN,37203-2934,Private      ,3,12,15,49,110,159
00886300,WALTERS STATE COMMUNITY COLLEGE         ,TN,37813-6899,Public       ,139,370,509,2826,3081,5907
00946400,TN TECHNOLOGY CTR AT PULASKI            ,TN,38478-4541,Public       ,6,36,42,94,454,548
00956700,TENNESSEE SCHOOL OF BEAUTY              ,TN,37921-3303,Proprietary  ,9,43,52,87,205,292
00971000,TENNESSEE TECHNOLOGY CENTER AT ONEIDA/HU,TN,37756-4149,Public       ,6,52,58,65,228,293
00991200,VOLUNTEER STATE COMMUNITY COLLEGE       ,TN,37066-3188,Public       ,132,395,527,2675,3274,5949
00991400,ROANE STATE COMMUNITY COLLEGE           ,TN,37748-8664,Public       ,112,295,407,2345,3037,5382
00998200,CRICHTON COLLEGE                        ,TN,38111-4745,Private      ,31,137,168,508,1213,1721
01021700,INTERNATIONAL ACADEMY OF DESIGN & TECH  ,TN,37212-0000,Proprietary  ,63,88,151,755,815,1570
01032600,TN TECHNOLOGY CTR AT HARRIMAN           ,TN,37748-1109,Public       ,6,17,23,138,276,414
01043900,SOUTHWEST TENNESSEE COMMUNITY COLLG     ,TN,38104-3322,Public       ,379,1142,1521,4907,9940,14847
01044700,"PLAZA BEAUTY SCHOOL, INC.               ",TN,38117-4822,Proprietary  ,9,17,26,55,118,173
01046000,AMERICAN BAPTIST THEOLOGICAL SEMINA     ,TN,37207-4994,Private      ,1,10,11,18,97,115
01052900,MEMPHIS THEOLOGICAL SEMINARY            ,TN,38104-0000,Private      ,2,22,24,7,165,172
01070000,TN TECHNOLOGY CENTER AT JACKSBORO       ,TN,37757-2461,Public       ,15,33,48,108,239,347
01155300,WM R MOORE COLLEGE OF TECHNOLOGY        ,TN,38104-0000,Private      ,7,13,20,42,70,112
01216400,TENNESSEE TECHNICAL CNTR AT RIPLEY      ,TN,38063-7359,Public       ,12,46,58,46,243,289
01254700,EMMANUEL SCHOOL OF RELIGION             ,TN,37601-0000,Private      ,0,4,4,3,51,54
01269300,PELLISSIPPI STATE COMMUNITY COLLEGE     ,TN,37933-0990,Public       ,171,357,528,3341,3135,6476
02092800,TENNESSEE TECHNOLOGY CENTER AT WHITEVILL,TN,38075-0000,Public       ,9,33,42,94,234,328
02103500,TN TECHNOLOGY CTR AT MURFREESBORO       ,TN,37129-0000,Public       ,17,57,74,198,389,587
02106400,O'MORE COLLEGE OF DESIGN                ,TN,37064-0000,Private      ,4,4,8,176,81,257
02125300,NASHVILLE CLG OF MEDICAL CAREERS        ,TN,37115-0000,Proprietary  ,8,46,54,31,250,281
02153100,JON NAVE UNIVERSITY OF COSMETOLOGY      ,TN,37013-3347,Proprietary  ,17,32,49,56,97,153
02157100,CONCORDE CAREER COLLEGE                 ,TN,38137-0000,Proprietary  ,34,208,242,295,1451,1746
02188300,PENTECOSTAL THEOLOGICAL SEMINARY        ,TN,37320-0000,Private      ,0,23,23,2,185,187
02204200,"CHATTANOOGA COLLEGE - MEDICAL, DENTAL AN",TN,37411-0000,Proprietary  ,4,24,28,24,258,282
02237900,TN TECHNOLOGY CENTER AT PARIS           ,TN,38242-0000,Public       ,19,66,85,141,564,705
02257400,ARNOLD'S BEAUTY SCHOOL                  ,TN,38358-0000,Proprietary  ,3,9,12,31,39,70
02274500,ACADEMY OF COSMETOLOGY                  ,TN,38111-0000,Proprietary  ,0,0,0,1,0,1
02275500,REUBEN-ALLEN COLLEGE                    ,TN,37922-0000,Proprietary  ,3,7,10,22,32,54
02278700,MR WAYNES SCH OF UNISEX HAIR DESIGN     ,TN,38501-0000,Proprietary  ,4,3,7,15,20,35
02293900,VOLUNTEER BEAUTY ACADEMY-NASHVILLE      ,TN,37115-2112,Proprietary  ,8,12,20,32,70,102
02294000,VOLUNTEER BEAUTY ACADEMY-DYERSBURG      ,TN,38024-1622,Proprietary  ,5,13,18,25,65,90
02326200,KAPLAN CAREER INSTITUTE                 ,TN,37217-1342,Proprietary  ,12,74,86,102,436,538
02326300,MEDVANCE INSTITUTE                      ,TN,38501-4305,Proprietary  ,52,225,277,299,1173,1472
02335900,VOLUNTEER BEAUTY ACADEMY-NASHVILLE      ,TN,37209-3033,Proprietary  ,7,12,19,29,88,117
02359800,ITT TECHNICAL INSTITUTE                 ,TN,37214-3717,Proprietary  ,164,374,538,1088,1983,3071
02498000,NEW WAVE HAIR ACADEMY                   ,TN,38128-0000,Proprietary  ,1,24,25,36,152,188
02539800,QUEEN CITY COLLEGE                      ,TN,37042-0000,Proprietary  ,5,23,28,32,184,216
02540000,TENNESSEE ACADEMY OF COSMETOLOGY        ,TN,38133-0000,Proprietary  ,6,25,31,53,154,207
02578200,NOSSI COLLEGE OF ART                    ,TN,37072-0000,Proprietary  ,16,31,47,227,294,521
02595000,FAYETTEVILLE BEAUTY SCHOOL              ,TN,37334-2909,Proprietary  ,1,14,15,20,82,102
02597600,NEW WAVE HAIR ACADEMY                   ,TN,38301-3812,Proprietary  ,9,31,40,51,194,245
02599710,VATTEROTT COLLEGE - MEMPHIS             ,TN,38132-1714,Proprietary  ,12,98,110,98,571,669
02605501,REMINGTON COLLEGE - MEMPHIS CAMPUS      ,TN,38132-0000,Proprietary  ,48,250,298,332,1442,1774
02614200,MILLER MOTTE BUSINESS COLLEGE           ,TN,37040-6023,Proprietary  ,13,98,111,147,692,839
02614203,MILLER - MOTTE TECHNICAL COLLEGE - CHATT,TN,37421-7220,Proprietary  ,23,134,157,191,890,1081
02614204,MILLER - MOTTE TECHNICAL COLLEGE - GOODL,TN,37072-1870,Proprietary  ,8,69,77,59,332,391
03001800,FREE WILL BAPTIST BIBLE COLLEGE         ,TN,37205-2498,Private      ,10,8,18,262,89,351
03008800,FRANKLIN ACADEMY                        ,TN,37312-3939,Private      ,3,2,5,26,57,83
03012500,NEW WAVE HAIR ACADEMY                   ,TN,38111-4253,Proprietary  ,7,76,83,84,388,472
03024900,TENNESSEE ACADEMY OF COSMETOLOGY        ,TN,38125-3442,Proprietary  ,4,26,30,45,146,191
03061100,GENESIS CAREER COLLEGE OF LEBANON       ,TN,37087-2718,Proprietary  ,14,35,49,43,196,239
03073400,ITT TECHNICAL INSTITUTE                 ,TN,37932-3343,Proprietary  ,224,363,587,1471,2143,3614
03079100,NORTH CENTRAL INSTITUTE                 ,TN,37042-3116,Proprietary  ,1,9,10,20,76,96
03088800,WATKINS INSTITUTE COLLEGE OF ART & DESIG,TN,37228-1306,Private      ,14,22,36,279,240,519
03126900,STYLES & PROFILES BEAUTY COLLEGE        ,TN,38375-2109,Proprietary  ,2,3,5,5,19,24
03149300,NEW DIRECTIONS HAIR ACADEMY             ,TN,37209-0000,Proprietary  ,14,37,51,127,282,409
03355400,RICHMONT GRADUATE UNIVERSITY            ,TN,37404-0000,Private      ,0,6,6,5,178,183
03440300,BAPTIST MEMORIAL COLLEGE OF HEALTH      ,TN,38104-3104,Private      ,24,67,91,604,1006,1610
03454300,TENNESSEE CAREER COLLEGE                ,TN,37214-2945,Proprietary  ,3,9,12,25,118,143
03487300,TEMPLE BAPTIST SEMINARY                 ,TN,37404-0000,Private      ,0,5,5,4,29,33
03513500,WILLIAMSON CHRISTIAN COLLEGE            ,TN,37067-8237,Private      ,1,16,17,12,59,71
03647300,NEW CONCEPTS SCHOOL OF COSMETOLOGY      ,TN,37311-7373,Proprietary  ,3,7,10,11,33,44
03683300,INTERNATIONAL BARBER & STYLE COLLEGE    ,TN,37209-0000,Proprietary  ,6,42,48,29,198,227
03774300,PYRAMID BEAUTY SCHOOL                   ,TN,38104-2324,Proprietary  ,4,8,12,20,72,92
03774400,SHEAR ACADEMY                           ,TN,38555-4177,Proprietary  ,2,9,11,9,29,38
03830300,SAE INSTITUTE OF TECHNOLOGY             ,TN,37203-4310,Proprietary  ,24,41,65,208,228,436
03841300,CAREER BEAUTY COLLEGE                   ,TN,38464-3634,Proprietary  ,2,9,11,13,43,56
03920300,INSTITUTE OF HAIR DESIGN                ,TN,38310-1801,Proprietary  ,3,7,10,18,60,78
03930300,BUCHANAN BEAUTY COLLEGE                 ,TN,37160-2741,Proprietary  ,2,7,9,14,34,48
03982300,VISIBLE SCHOOL - MUSIC AND WORSHIPS ARTS,TN,38104-5814,Private      ,11,13,24,11,13,24
04025300,LAST MINUTE CUTS SCHOOL OF BARBERING AND,TN,38109-7709,Proprietary  ,6,17,23,21,67,88
04035300,NAVE COSMETOLOGY ACADEMY                ,TN,38401-6335,Proprietary  ,6,16,22,32,86,118
04037400,MASON ACADEMY OF COSMETOLOGY            ,TN,38049-7048,Proprietary  ,3,5,8,4,12,16
00353700,ABILENE CHRISTIAN UNIVERSITY            ,TX,79699-3701,Private      ,110,85,195,4035,1169,5204
00353900,ALVIN COMMUNITY COLLEGE                 ,TX,77511-4807,Public       ,65,188,253,770,1472,2242
00354000,AMARILLO COLLEGE                        ,TX,79109-2446,Public       ,177,588,765,2357,4835,7192
00354100,ANGELO STATE UNIVERSITY                 ,TX,76909-5069,Public       ,118,119,237,4747,2112,6859
00354300,AUSTIN COLLEGE                          ,TX,75090-4440,Private      ,14,14,28,1555,144,1699
00354400,AUSTIN PRESBYTERIAN THEOLOGICAL SEM     ,TX,78705-5797,Private      ,0,1,1,0,158,158
00354500,BAYLOR UNIVERSITY                       ,TX,76798-1458,Private      ,305,157,462,13684,3316,17000
00354600,COASTAL BEND COLLEGE                    ,TX,78102-2197,Public       ,89,231,320,1320,1924,3244
00354900,BLINN COLLEGE                           ,TX,77833-4098,Public       ,365,341,706,6922,3248,10170
00355300,CISCO JUNIOR COLLEGE                    ,TX,76437-9803,Public       ,75,228,303,1483,1806,3289
00355400,CLARENDON COLLEGE                       ,TX,79226-0000,Public       ,21,144,165,380,428,808
00355600,COMMONWEALTH INST OF FUNERAL SVC        ,TX,77090-5918,Private      ,4,18,22,55,140,195
00355700,CONCORDIA UNIVERSITY TEXAS              ,TX,78726-4141,Private      ,21,167,188,1022,908,1930
00355800,NORTH CENTRAL TEXAS COLLEGE             ,TX,76240-4699,Public       ,121,258,379,1651,2204,3855
00356000,DALLAS BAPTIST UNIVERSITY               ,TX,75211-9299,Private      ,89,306,395,2141,3192,5333
00356100,CEDAR VALLEY COLLEGE                    ,TX,75134-0000,Public       ,98,275,373,1497,2496,3993
00356200,DALLAS THEOLOGICAL SEM                  ,TX,75204-0000,Private      ,0,50,50,14,515,529
00356300,DEL MAR COLLEGE                         ,TX,78404-3897,Public       ,357,714,1071,4081,5785,9866
00356400,EAST TEXAS BAPTIST UNIVERSITY           ,TX,75670-1423,Private      ,25,15,40,1558,398,1956
00356500,TEXAS A&M UNIVERSITY - COMMERCE         ,TX,75429-3011,Public       ,129,348,477,3488,4704,8192
00356600,EPISCOPAL THEOL SEM OF THE STHWST       ,TX,78768-0000,Private      ,0,1,1,1,15,16
00356800,FRANK PHILLIPS COLLEGE                  ,TX,79008-0000,Public       ,20,51,71,324,493,817
00357000,GRAYSON COUNTY COLLEGE                  ,TX,75020-8299,Public       ,57,221,278,1089,1944,3033
00357100,HARDIN-SIMMONS UNIVERSITY               ,TX,79698-6050,Private      ,38,47,85,2044,942,2986
00357200,TRINITY VALLEY COMMUNITY COLLEGE        ,TX,75751-2734,Public       ,73,334,407,1498,2670,4168
00357300,HILL COLLEGE                            ,TX,76645-2711,Public       ,33,82,115,609,599,1208
00357301,HILL COLLEGE                            ,TX,76031-0000,Public       ,50,112,162,474,973,1447
00357400,HOWARD COLLEGE                          ,TX,79720-0213,Public       ,59,156,215,916,1498,2414
00357500,HOWARD PAYNE UNIVERSITY                 ,TX,76801-2715,Private      ,32,22,54,1439,406,1845
00357600,HOUSTON BAPTIST UNIVERSITY              ,TX,77074-3298,Private      ,66,117,183,1701,1724,3425
00357700,HUSTON - TILLOTSON UNIVERSITY           ,TX,78702-2795,Private      ,19,27,46,750,442,1192
00357800,UNIVERSITY OF THE INCARNATE WORD        ,TX,78209-6398,Private      ,102,219,321,3339,3712,7051
00357900,JACKSONVILLE COLLEGE                    ,TX,75766-4759,Private      ,10,16,26,218,157,375
00358000,KILGORE COLLEGE                         ,TX,75662-3299,Public       ,146,399,545,2042,2874,4916
00358100,LAMAR UNIVERSITY-BEAUMONT               ,TX,77710-0042,Public       ,218,347,565,6201,4295,10496
00358200,LAREDO COMMUNITY COLLEGE                ,TX,78040-4395,Public       ,292,326,618,3908,3315,7223
00358300,LEE COLLEGE                             ,TX,77520-4796,Public       ,112,373,485,1224,2817,4041
00358400,LETOURNEAU UNIVERSITY                   ,TX,75607-0000,Private      ,24,338,362,1502,3770,5272
00358500,LON MORRIS COLLEGE                      ,TX,75766-2900,Private      ,14,10,24,366,97,463
00358600,LUBBOCK CHRISTIAN UNIVERSITY            ,TX,79407-2099,Private      ,45,92,137,1421,1150,2571
00358800,UNIVERSITY OF MARY HARDIN-BAYLOR        ,TX,76513-2599,Private      ,46,67,113,2489,1302,3791
00359000,MCLENNAN COMMUNITY COLLEGE              ,TX,76708-1498,Public       ,182,522,704,2997,4882,7879
00359100,MCMURRY UNIVERSITY                      ,TX,79697-0001,Private      ,26,40,66,1533,604,2137
00359200,MIDWESTERN STATE UNIVERSITY             ,TX,76308-2099,Public       ,103,188,291,3276,2601,5877
00359300,NAVARRO COLLEGE                         ,TX,75110-4818,Public       ,109,318,427,2600,3119,5719
00359400,UNIVERSITY OF NORTH TEXAS               ,TX,76203-1370,Public       ,643,898,1541,21077,14066,35143
00359500,OBLATE SCHOOL OF THEOLOGY               ,TX,78216-0000,Private      ,0,2,2,3,25,28
00359600,ODESSA COLLEGE                          ,TX,79764-7127,Public       ,80,212,292,1425,2299,3724
00359800,OUR LADY OF THE LAKE UNIVERSITY         ,TX,78207-4689,Private      ,67,176,243,2016,2560,4576
00359900,UNIVERSITY OF TEXAS - PAN AMERICAN      ,TX,78541-2999,Public       ,426,495,921,12514,7833,20347
00360000,PANOLA COLLEGE                          ,TX,75633-2397,Public       ,36,136,172,779,1072,1851
00360100,PARIS JR COLLEGE                        ,TX,75460-6298,Public       ,72,287,359,1247,2111,3358
00360200,PAUL QUINN COLLEGE                      ,TX,75241-4398,Private      ,20,84,104,688,911,1599
00360300,RANGER COLLEGE                          ,TX,76470-3298,Public       ,15,31,46,529,309,838
00360400,RICE UNIVERSITY                         ,TX,77251-1892,Private      ,115,69,184,5212,1593,6805
00360600,SAM HOUSTON STATE UNIVERSITY            ,TX,77340-0000,Public       ,360,376,736,11920,5490,17410
00360700,ALAMO CMTY CLG DISTRICT PROGRAM         ,TX,78207-0000,Public       ,15,33,48,154,250,404
00360800,ST PHILLIPS COLLEGE                     ,TX,78203-2098,Public       ,298,943,1241,3885,8181,12066
00360900,SAN JACINTO CLG-CENTRAL-NORTH-SOUTH     ,TX,77501-0000,Public       ,433,909,1342,5633,8017,13650
00361000,SCHREINER UNIVERSITY                    ,TX,78028-5697,Private      ,22,37,59,947,460,1407
00361100,SOUTH PLAINS COLLEGE                    ,TX,79336-6504,Public       ,263,433,696,4268,4013,8281
00361200,UNIV OF HOUSTON-DOWNTOWN                ,TX,77002-1001,Public       ,241,549,790,5255,7441,12696
00361300,SOUTHERN METHODIST UNIVERSITY           ,TX,75275-0181,Private      ,119,256,375,4997,4384,9381
00361400,SOUTHWEST TEXAS JR COLLEGE              ,TX,78801-6221,Public       ,133,353,486,1985,2610,4595
00361500,TEXAS STATE UNIVERSITY--SAN MARCOS      ,TX,78666-4602,Public       ,657,629,1286,18416,9948,28364
00361600,SOUTHWESTERN ASSEMBLIES OF GOD UNIV     ,TX,75165-2397,Private      ,35,60,95,1061,839,1900
00361700,SOUTHWESTERN BAPTIST THEOL SEMINARY     ,TX,76122-0000,Private      ,0,8,8,27,144,171
00361800,SOUTHWESTERN CHRISTIAN COLLEGE          ,TX,75160-3400,Private      ,6,14,20,190,95,285
00361900,SOUTHWESTERN ADVENTIST UNIVERSITY       ,TX,76059-1922,Private      ,24,31,55,648,453,1101
00362000,SOUTHWESTERN UNIVERSITY                 ,TX,78626-6111,Private      ,28,9,37,1739,134,1873
00362100,ST EDWARDS UNIVERSITY                   ,TX,78704-0000,Private      ,96,180,276,3721,2405,6126
00362300,ST MARY'S UNIV OF SAN ANTONIO           ,TX,78228-8500,Private      ,59,99,158,3257,2610,5867
00362400,STEPHEN F AUSTIN STATE UNIVERSITY       ,TX,75962-0001,Public       ,237,224,461,9317,3735,13052
00362500,SUL ROSS STATE UNIVERSITY               ,TX,79832-0113,Public       ,42,96,138,1376,1715,3091
00362600,TARRANT COUNTY COLLEGE                  ,TX,76102-6599,Public       ,649,1593,2242,8403,12652,21055
00362700,TEMPLE COLLEGE                          ,TX,76504-7435,Public       ,113,359,472,1476,2520,3996
00362800,TEXARKANA COLLEGE                       ,TX,75599-0001,Public       ,62,285,347,1363,2029,3392
00363000,PRAIRIE VIEW A&M UNIVERSITY             ,TX,77446-2967,Public       ,215,383,598,8097,4834,12931
00363100,TARLETON STATE UNIVERSITY               ,TX,76402-0000,Public       ,166,284,450,5202,4289,9491
00363200,TEXAS A&M UNIVERSITY                    ,TX,77842-0000,Public       ,760,337,1097,26836,7031,33867
00363400,TEXAS STATE TECHNICAL CLG AT WACO       ,TX,76705-1695,Public       ,185,334,519,2512,2705,5217
00363500,TEXAS CHIROPRACTIC COLLEGE              ,TX,77505-1699,Private      ,1,20,21,25,436,461
00363600,TEXAS CHRISTIAN UNIVERSITY              ,TX,76129-0001,Private      ,146,151,297,7252,2483,9735
00363700,JARVIS CHRISTIAN COLLEGE                ,TX,75765-1470,Private      ,33,11,44,604,216,820
00363800,TEXAS COLLEGE                           ,TX,75702-4500,Private      ,34,46,80,686,590,1276
00363900,TEXAS A&M UNIVERSITY-KINGSVILLE         ,TX,78363-8203,Public       ,149,200,349,4392,3839,8231
00364100,TEXAS LUTHERAN UNIVERSITY               ,TX,78155-5999,Private      ,36,12,48,1811,231,2042
00364200,TEXAS SOUTHERN UNIVERSITY               ,TX,77004-4598,Public       ,351,546,897,10839,10521,21360
00364300,TEXAS SOUTHMOST COLLEGE                 ,TX,78520-4992,Public       ,12,42,54,228,342,570
00364400,TEXAS TECH UNIVERSITY                   ,TX,79409-0000,Public       ,546,403,949,17743,8079,25822
00364500,TEXAS WESLEYAN UNIVERSITY               ,TX,76105-1536,Private      ,32,146,178,1012,3027,4039
00364600,TEXAS WOMAN'S UNIVERSITY                ,TX,76204-5587,Public       ,114,442,556,4465,7737,12202
00364700,TRINITY UNIVERSITY                      ,TX,78212-7200,Private      ,55,28,83,2831,448,3279
00364800,TYLER JUNIOR COLLEGE                    ,TX,75701-3436,Public       ,235,504,739,4631,4219,8850
00365100,UNIVERSITY OF DALLAS                    ,TX,75062-4799,Private      ,27,112,139,1482,1101,2583
00365200,UNIVERSITY OF HOUSTON                   ,TX,77204-2010,Public       ,768,1034,1802,22398,18129,40527
00365400,UNIVERSITY OF ST THOMAS                 ,TX,77006-4626,Private      ,32,91,123,1392,1186,2578
00365600,UNIVERSITY OF TEXAS-ARLINGTON           ,TX,76019-0000,Public       ,479,985,1464,13656,13689,27345
00365800,UNIVERSITY OF TEXAS-AUSTIN              ,TX,78713-7758,Public       ,814,599,1413,34160,16209,50369
00365900,UT HEALTH CENTER-SAN ANTONIO            ,TX,78229-3900,Public       ,25,121,146,523,2719,3242
00366100,UNIVERSITY OF TEXAS-EL PASO             ,TX,79968-0629,Public       ,357,547,904,11001,9296,20297
00366200,VICTORIA COLLEGE (THE)                  ,TX,77901-4494,Public       ,86,196,282,1130,1967,3097
00366300,WAYLAND BAPTIST UNIVERSITY              ,TX,79072-6998,Private      ,31,245,276,976,2495,3471
00366400,WEATHERFORD COLLEGE                     ,TX,76086-5699,Public       ,98,200,298,1478,1615,3093
00366500,WEST TEXAS A&M UNIVERSITY               ,TX,79016-0000,Public       ,137,211,348,3622,3256,6878
00366800,WHARTON COUNTY JR COLLEGE               ,TX,77488-3298,Public       ,147,217,364,1913,1888,3801
00366900,WILEY COLLEGE                           ,TX,75670-5199,Private      ,24,58,82,586,552,1138
00400300,CENTRAL TEXAS COLLEGE                   ,TX,76540-4199,Public       ,134,1109,1243,1765,7883,9648
00407221,NORTHWOOD UNIVERSITY                    ,TX,75104-0000,Private      ,23,59,82,646,726,1372
00445300,EL CENTRO COLLEGE                       ,TX,75202-0000,Public       ,165,638,803,2277,5061,7338
00494800,TEXAS A&M UNIV SYSTEM HEALTH SCI CT     ,TX,77840-7896,Public       ,4,7,11,47,421,468
00494801,TEXAS A&M UNIV SYSTEMS-HSC              ,TX,77843-1114,Public       ,5,9,14,145,665,810
00494900,BAYLOR COLLEGE OF MEDICINE              ,TX,77030-0000,Private      ,8,22,30,145,1116,1261
00495100,UNIV OF TEXAS HEALTH SCIENCE CENTER     ,TX,77225-0000,Public       ,13,60,73,295,2424,2719
00495200,UNIV OF TEXAS MEDICAL BRANCH            ,TX,77550-0000,Public       ,14,51,65,295,1827,2122
00497200,GALVESTON COLLEGE                       ,TX,77550-7447,Public       ,75,162,237,797,1324,2121
00497700,SOUTH TEXAS COLLEGE OF LAW              ,TX,77002-0000,Private      ,2,63,65,15,1910,1925
00520307,REMINGTON COLLEGE - DALLAS CAMPUS       ,TX,75041-9935,Proprietary  ,4,13,17,38,97,135
00661200,COVENANT SCH OF NSG & ALLIED HEALTH     ,TX,79410-0000,Private      ,10,11,21,113,258,371
00666100,ANGELINA COLLEGE                        ,TX,75902-0000,Public       ,164,370,534,1771,2633,4404
00694100,DALLAS CHRISTIAN COLLEGE                ,TX,75234-7229,Private      ,14,27,41,226,287,513
00709600,COLLEGE OF THE MAINLAND                 ,TX,77591-2499,Public       ,65,236,301,813,1841,2654
00728700,BRAZOSPORT COLLEGE                      ,TX,77566-3199,Public       ,58,132,190,698,1081,1779
00732907,ITT TECHNICAL INSTITUTE                 ,TX,77063-3751,Proprietary  ,7,34,41,131,212,343
00754805,WESTWOOD COLLEGE OF TECHNOLOGY          ,TX,77074-0000,Proprietary  ,48,92,140,231,378,609
00758602,REMINGTON COLLEGE - FORT WORTH CAMPUS   ,TX,76112-1280,Proprietary  ,52,150,202,260,917,1177
00835300,LINCOLN COLLEGE OF TECHNOLOGY           ,TX,75052-0000,Proprietary  ,111,161,272,796,929,1725
00849800,MIMS CLASSIC BEAUTY COLLEGE             ,TX,78216-0000,Proprietary  ,4,8,12,37,66,103
00850300,MOUNTAIN VIEW COLLEGE                   ,TX,75211-6599,Public       ,118,303,421,2109,3020,5129
00850400,RICHLAND COLLEGE                        ,TX,75243-2199,Public       ,198,540,738,2964,4450,7414
00851000,EASTFIELD COLLEGE                       ,TX,75150-2099,Public       ,161,486,647,2455,4087,6542
00908200,INTERNATIONAL BUSINESS COLLEGE          ,TX,79903-0000,Proprietary  ,28,99,127,175,507,682
00916300,SAN ANTONIO COLLEGE                     ,TX,78212-4299,Public       ,666,1587,2253,8964,13431,22395
00916302,SAN ANTONIO COLLEGE FT SAM HOUSTON      ,TX,78234-0000,Public       ,2,7,9,43,32,75
00922500,TEXAS STATE TECHNICAL COLLEGE  HARLINGEN,TX,78550-3697,Public       ,189,331,520,2971,2800,5771
00946600,KAPLAN CAREER INSTITUTE                 ,TX,78216-1899,Proprietary  ,63,215,278,302,1011,1313
00946607,SAN ANT COL OF MED & DENTAL - MCALLEN   ,TX,78503-1622,Proprietary  ,86,202,288,364,802,1166
00946609,CAREER CENTERS OF TX - CORPUS CHRISTI   ,TX,78416-9900,Proprietary  ,33,158,191,145,721,866
00946610,KAPLAN CAREER INSTITUTE - CAREER CENTERS,TX,76103-2310,Proprietary  ,22,171,193,131,682,813
00954900,WESTERN TEXAS COLLEGE                   ,TX,79549-9501,Public       ,20,25,45,408,265,673
00965100,TEXAS A&M INTERNATIONAL UNIVERSITY      ,TX,78041-1900,Public       ,194,152,346,3249,2567,5816
00974100,UNIVERSITY OF TEXAS AT DALLAS           ,TX,75083-0000,Public       ,232,479,711,5912,6248,12160
00976800,UNIVERSITY OF NORTH TEXAS HEALTH SCIENCE,TX,76107-2699,Public       ,0,22,22,82,1113,1195
00979700,MIDLAND COLLEGE                         ,TX,79705-6397,Public       ,78,214,292,1492,2104,3596
00993000,UNIVERSITY OF TEXAS-PERMIAN BASIN       ,TX,79762-0001,Public       ,49,119,168,1582,2031,3613
00993200,TEXAS STATE TECH CLG-WEST TEXAS         ,TX,79556-4108,Public       ,28,106,134,441,747,1188
00993201,TEXAS STATE TECH COLLEGE-ABILENE        ,TX,79601-0000,Public       ,12,58,70,149,336,485
00993204,TEXAS STATE TECH CLG-BRECKENRIDGE       ,TX,76424-0000,Public       ,4,26,30,46,178,224
00993205,TEXAS STATE TECH COLLEGE-BROWNWOOD      ,TX,76801-0000,Public       ,9,47,56,112,313,425
01001900,UNIV OF TEXAS SOUTHWESTERN MED CTR      ,TX,75390-9096,Public       ,7,32,39,150,1579,1729
01005700,AMERICAN COMMERCIAL COLLEGE             ,TX,79602-1399,Proprietary  ,6,55,61,35,296,331
01005900,AMERICAN COMMERCIAL COLLEGE             ,TX,79761-0000,Proprietary  ,12,56,68,65,307,372
01005901,AMERICAN COMMERCIAL COLLEGE - AMERICAN C,TX,76310-2303,Proprietary  ,9,58,67,52,268,320
01006000,VERNON COLLEGE                          ,TX,76384-4092,Public       ,69,211,280,832,1778,2610
01011500,UNIVERSITY OF TEXAS-SAN ANTONIO         ,TX,78249-0600,Public       ,691,928,1619,21274,14491,35765
01013000,WADE COLLEGE                            ,TX,75207-3199,Proprietary  ,15,18,33,180,186,366
01038700,EL PASO COMMUNITY COLLEGE               ,TX,79998-0000,Public       ,776,1406,2182,10527,12842,23369
01050900,HALLMARK COLLEGE OF AERONAUTICS         ,TX,78214-0000,Proprietary  ,49,134,183,252,752,1004
01062400,CENTRAL TEXAS COMMERCIAL COLLEGE        ,TX,75231-5033,Proprietary  ,3,1,4,59,34,93
01063300,HOUSTON COMMUNITY COLLEGE               ,TX,77002-0000,Public       ,101,306,407,1177,2296,3473
01063303,HOUSTON COMMUNITY COLLEGE - CENTRAL     ,TX,77004-0000,Public       ,191,682,873,2414,5592,8006
01063304,HOUSTON COMMUNITY COLLEGE - RICE AVIATIO,TX,77061-5001,Public       ,120,387,507,1501,3219,4720
01063305,HOUSTON COMMUNITY COLLEGE - NORTHEAST CO,TX,77066-5221,Public       ,151,432,583,1736,3238,4974
01063306,HOUSTON COMMUNITY COLLEGE - CENTRAL COLL,TX,77088-6372,Public       ,77,252,329,1397,2434,3831
01063339,HOUSTON COMMUNITY COLLEGE - STAFFORD    ,TX,77477-0000,Public       ,97,186,283,1269,1806,3075
01063347,HOUSTON COMMUNITY COLLEGE - SOUTHWEST   ,TX,77081-7849,Public       ,151,402,553,3493,5983,9476
01063348,HOUSTON COMMUNITY COLLEGE - COLEMAN     ,TX,77030-0000,Public       ,24,158,182,312,1503,1815
01067400,TEXAS TECH U HEALTH SCIENCES CENTER     ,TX,79430-0000,Public       ,16,70,86,548,2195,2743
01076100,DALLAS INSTITUTE OF FUNERAL SERVICE     ,TX,75227-4314,Private      ,9,25,34,78,217,295
01114500,LONE STAR COLLEGE SYSTEM                ,TX,77073-3499,Public       ,281,643,924,3570,6204,9774
01114501,LONE STAR COLLEGE-KINGWOOD              ,TX,77339-0000,Public       ,96,249,345,1198,2166,3364
01114502,LONE STAR COLLEGE-TOMBALL               ,TX,77375-0000,Public       ,82,181,263,959,1629,2588
01114503,LONE STAR COLLEGE-MONTGOMERY            ,TX,77384-0000,Public       ,99,327,426,1251,2500,3751
01114504,LONE STAR COLLEGE-CY-FAIR               ,TX,77433-1383,Public       ,138,241,379,1692,2259,3951
01116100,TEXAS A&M UNIV CORPUS CHRISTI           ,TX,78412-5599,Public       ,212,262,474,6618,3940,10558
01116300,UNIVERSITY OF TEXAS AT TYLER            ,TX,75799-6699,Public       ,117,254,371,3520,3547,7067
01171100,UNIVERSITY OF HOUSTON-CLEAR LAKE        ,TX,77058-1002,Public       ,79,412,491,1412,5518,6930
01201500,AUSTIN COMMUNITY COLLEGE                ,TX,78752-4390,Public       ,708,1568,2276,8970,12387,21357
01202000,VICTORIA BEAUTY COLLEGE                 ,TX,77901-6233,Proprietary  ,4,20,24,38,100,138
01226800,BALDWIN BEAUTY SCHOOL #5                ,TX,78704-4785,Proprietary  ,10,22,32,64,126,190
01229700,LAREDO BEAUTY COLLEGE                   ,TX,78040-1051,Proprietary  ,7,31,38,61,233,294
01248200,ATI TECHNICAL TRAINING CENTER           ,TX,75235-4622,Proprietary  ,60,209,269,300,1157,1457
01248300,COSMETOLOGY CAREER CENTER               ,TX,75006-2566,Proprietary  ,21,51,72,97,205,302
01248800,INTERNATIONAL BEAUTY COLLEGE NO 3       ,TX,75040-0000,Proprietary  ,3,14,17,18,72,90
01276400,METROPLEX BEAUTY SCHOOL                 ,TX,75149-0000,Proprietary  ,2,17,19,22,100,122
01293000,CHARLES & SUE'S SCH OF HAIR DESIGN      ,TX,77801-0000,Proprietary  ,5,10,15,46,79,125
01293100,VELMA B'S BEAUTY ACADEMY                ,TX,75216-1511,Proprietary  ,3,7,10,26,54,80
01293200,TINT SCHOOL OF MAKEUP & COSMETOLOGY     ,TX,75061-4235,Proprietary  ,2,4,6,19,55,74
01298200,BORDER INSTITUTE OF TECHNOLOGY          ,TX,79925-6709,Proprietary  ,5,19,24,41,100,141
01300300,NEILSON BEAUTY COLLEGE                  ,TX,75208-4637,Proprietary  ,3,11,14,19,68,87
01301600,OGLE SCHOOL HAIR SKIN NAILS             ,TX,76013-7400,Proprietary  ,21,15,36,115,145,260
01323100,UNIVERSITY OF HOUSTON-VICTORIA          ,TX,77901-5731,Public       ,18,148,166,312,1704,2016
02058600,CONLEE'S COLLEGE OF COSMETOLOGY         ,TX,78028-0000,Proprietary  ,2,3,5,12,39,51
02074100,CAPITOL CITY TRADE & TECHNICAL SCH      ,TX,78704-0000,Proprietary  ,34,123,157,133,523,656
02077400,NORTH LAKE COLLEGE                      ,TX,75038-0000,Public       ,88,239,327,1342,2329,3671
02078100,STEPHENVILLE BEAUTY COLLEGE             ,TX,76401-0000,Proprietary  ,2,4,6,16,25,41
02081400,ARLINGTON BAPTIST COLLEGE               ,TX,76012-0000,Private      ,5,15,20,97,109,206
02093600,SOUTHWEST SCHOOL OF ELECTRONIC          ,TX,78735-0000,Proprietary  ,11,28,39,31,88,119
02098300,WESTERN TECHNICAL COLLEGE               ,TX,79927-2105,Proprietary  ,159,273,432,541,768,1309
02100200,BROOKHAVEN COLLEGE                      ,TX,75244-0000,Public       ,126,346,472,1601,2923,4524
02113610,AMERICAN INTERCONTINENTAL UNIV - HOUSTON,TX,77042-4516,Proprietary  ,23,75,98,300,565,865
02116008,SANFORD-BROWN COLLEGE - HOUSTON         ,TX,77036-8507,Proprietary  ,28,120,148,132,732,864
02116012,SANFORD-BROWN INSTITUTE - HOUSTON NORTH ,TX,77008-1058,Proprietary  ,16,67,83,94,457,551
02117100,ART INSTITUTE OF HOUSTON                ,TX,77056-0000,Proprietary  ,123,140,263,1362,1184,2546
02119200,COURT REPORTING INSTITUTE OF DALLAS     ,TX,75247-6913,Proprietary  ,30,155,185,219,1097,1316
02136800,AMERICAN COMMERCIAL COLLEGE             ,TX,76904-0000,Proprietary  ,3,37,40,43,213,256
02144800,VET TECH INSTITUTE OF HOUSTON           ,TX,77027-9881,Proprietary  ,11,9,20,120,85,205
02176100,PIPO ACADEMY OF HAIR DESIGN             ,TX,79903-0000,Proprietary  ,4,11,15,32,57,89
02188600,AUSTIN BUSINESS COLLEGE                 ,TX,78741-0000,Proprietary  ,17,57,74,116,286,402
02200800,AMERICAN COMMERCIAL COLLEGE             ,TX,79411-0000,Proprietary  ,7,43,50,45,241,286
02218300,SOUTHWEST SCHOOL OF BUSINESS & TECHNICAL,TX,78221-0000,Proprietary  ,9,23,32,65,196,261
02224600,TRI-STATE BEAUTY SCHOOL #1              ,TX,79915-0000,Proprietary  ,15,55,70,111,326,437
02228400,TEXAS AERO TECHNOLOGY                   ,TX,75209-0000,Proprietary  ,0,0,0,0,1,1
02230500,OGLE SCHOOL HAIR SKIN NAILS             ,TX,76132-3638,Proprietary  ,24,46,70,138,194,332
02230600,OGLE SCHOOL HAIR SKIN NAILS             ,TX,76053-4650,Proprietary  ,19,17,36,62,74,136
02239100,CENTRAL TEXAS BEAUTY COLLEGE #2         ,TX,78664-4204,Proprietary  ,9,35,44,41,141,182
02245200,MTI COLLEGE OF BUS. & TECHNOLOGY        ,TX,77036-0000,Proprietary  ,25,121,146,181,679,860
02248200,MILAN INSTITUTE OF COSMETOLOGY          ,TX,79103-0000,Proprietary  ,31,100,131,137,405,542
02254800,TEXAS VOCATIONAL SCHOOLS                ,TX,77901-0000,Proprietary  ,17,21,38,51,120,171
02259400,AMBERTON UNIVERSITY                     ,TX,75041-0000,Private      ,2,20,22,17,152,169
02261300,EVEREST INSTITUTE                       ,TX,78213-3841,Proprietary  ,165,717,882,728,2995,3723
02261301,NATIONAL INSTITUTE OF TECHNOLOGY        ,TX,77027-0000,Proprietary  ,1,13,14,68,157,225
02267100,EXPOSITO SCHOOL OF HAIR DESIGN          ,TX,79109-0000,Proprietary  ,4,13,17,32,71,103
02276000,FRANKLIN BEAUTY SCHOOL #2               ,TX,77021-0000,Proprietary  ,8,35,43,39,138,177
02285900,UNIVERSITY OF COSMETOLOGY ARTS&SCI      ,TX,78504-0000,Proprietary  ,21,79,100,163,568,731
02294800,CAPITOL CITY CAREERS                    ,TX,78745-0000,Proprietary  ,11,70,81,35,204,239
02305300,PARKER COLLEGE OF CHIROPRACTIC          ,TX,75229-0000,Private      ,5,42,47,54,1247,1301
02306700,FORT WORTH BEAUTY SCHOOL                ,TX,76116-3299,Proprietary  ,7,22,29,33,133,166
02312200,TEXAS SCHOOL OF BUSINESS                ,TX,77073-6032,Proprietary  ,49,138,187,206,646,852
02312201,TEXAS SCHOOL OF BUSINESS - SOUTHWEST CAM,TX,77057-0000,Proprietary  ,40,129,169,198,684,882
02312202,TEXAS SCHOOL OF BUSINESS - FRIENDSWOOD C,TX,77546-8938,Proprietary  ,21,93,114,81,513,594
02312203,TEXAS SCHOOL OF BUSINESS - EAST CAMPUS  ,TX,77029-1916,Proprietary  ,17,134,151,117,599,716
02313901,WESTWOOD COLLEGE - DALLAS               ,TX,75243-0000,Proprietary  ,79,146,225,366,573,939
02315400,NORTHEAST TEXAS COMMUNITY COLLEGE       ,TX,75456-0000,Public       ,41,153,194,881,1218,2099
02318200,"KD STUDIO, ACTOR'S CONSERVATORY         ",TX,75207-2111,Proprietary  ,10,8,18,72,81,153
02320200,HOUSTON GRADUATE SCHOOL OF THEOLOGY     ,TX,77004-0000,Private      ,0,23,23,3,135,138
02326000,SAN ANTONIO BEAUTY COLLEGE NO 3         ,TX,78217-0000,Proprietary  ,6,26,32,30,124,154
02328600,ITT TECHNICAL INSTITUTE                 ,TX,76011-0000,Proprietary  ,98,156,254,561,906,1467
02331200,BAPTIST MISSIONARY ASSN THEOL SEM       ,TX,75766-0000,Private      ,0,4,4,4,45,49
02331300,INTERACTIVE LEARNING SYSTEMS            ,TX,77502-1201,Proprietary  ,4,63,67,20,294,314
02331301,INTERACTIVE LEARNING SYSTEMS            ,TX,77081-0000,Proprietary  ,7,58,65,23,317,340
02331303,INTERACTIVE LEARNING SYSTEMS            ,TX,77502-0000,Proprietary  ,4,84,88,24,238,262
02331304,INTERACTIVE LEARNING SYSTEMS            ,TX,77060-0000,Proprietary  ,5,55,60,16,191,207
02341300,PALO ALTO COLLEGE                       ,TX,78224-0000,Public       ,217,570,787,3762,5077,8839
02348500,LAMAR STATE COLLEGE-PORT ARTHUR         ,TX,77640-0000,Public       ,47,144,191,774,1322,2096
02357700,ACADEMY OF HAIR DESIGN                  ,TX,77090-0000,Proprietary  ,5,11,16,26,72,98
02358200,LAMAR STATE COLLEGE-ORANGE              ,TX,77630-0000,Public       ,27,133,160,615,1296,1911
02361400,COLLIN COUNTY COMMUNITY COLLEGE         ,TX,75071-0000,Public       ,240,481,721,3086,4317,7403
02362000,UNIVERSAL TECHNICAL INSTITUTE           ,TX,77073-0000,Proprietary  ,404,288,692,6244,2353,8597
02362800,AUSTIN GRADUATE SCHOOL OF THEOLOGY      ,TX,78752-1333,Private      ,0,4,4,3,41,44
02521200,ARLINGTON CAREER INSTITUTE              ,TX,75050-0000,Proprietary  ,15,50,65,68,362,430
02521800,SEGUIN BEAUTY SCHOOL                    ,TX,78155-0000,Proprietary  ,10,17,27,40,90,130
02527500,HOUSTON TRAINING SCHOOLS                ,TX,77020-0000,Proprietary  ,14,125,139,158,729,887
02530700,SEBRING CAREER SCHOOLS                  ,TX,77083-1510,Proprietary  ,5,39,44,25,148,173
02538900,INTERNATIONAL BUSINESS COLLEGE          ,TX,79414-3509,Proprietary  ,0,0,0,42,153,195
02539600,ART INSTITUTE OF DALLAS                 ,TX,75231-5993,Proprietary  ,130,129,259,1473,1128,2601
02548800,SOUTH TEXAS VO-TECH INSTITUTE           ,TX,78596-0000,Proprietary  ,24,48,72,169,389,558
02549400,SOUTH TEXAS VO-TECH INSTITUTE           ,TX,78501-0000,Proprietary  ,8,39,47,142,430,572
02555400,UNIV OF TX MD ANDERSON CANCER CTR       ,TX,77030-0000,Public       ,4,5,9,44,166,210
02557400,STAR COLLEGE OF COSMETOLOGY             ,TX,75961-0000,Proprietary  ,2,13,15,20,66,86
02568100,TEXAS BARBER COLLEGES & HAIRSTYLING     ,TX,75208-0000,Proprietary  ,50,136,186,261,862,1123
02569300,TEXAS CULINARY ACADEMY                  ,TX,78758-3403,Proprietary  ,105,190,295,771,948,1719
02572000,COMPUTER CAREER CENTER                  ,TX,79925-2021,Proprietary  ,28,157,185,88,410,498
02572100,"CAREER ACADEMY, INC.                    ",TX,75501-0000,Proprietary  ,3,10,13,18,69,87
02572200,INSTITUTE OF COSMETOLOGY & ESTHETICS    ,TX,77036-0000,Proprietary  ,5,4,9,30,52,82
02580100,IVERSON BUSINESS SCH & COURT REPORT     ,TX,76011-1344,Proprietary  ,21,125,146,65,529,594
02591100,CAREER POINT INSTITUTE                  ,TX,78201-2027,Proprietary  ,106,504,610,421,1962,2383
02591900,CAREER CENTERS OF TEXAS - EL PASO       ,TX,79907-1525,Proprietary  ,90,252,342,470,1188,1658
02591905,CAREER CENTERS OF TEXAS-BROWNSVILLE     ,TX,78521-9905,Proprietary  ,54,130,184,250,642,892
02596400,REDSTONE COLLEGE - LOS ANGELES          ,TX,77061-0000,Proprietary  ,74,81,155,603,493,1096
02596412,WESTWOOD COLLEGE OF AVIATION TECHNOLOGY ,TX,77061-5114,Proprietary  ,22,33,55,121,194,315
02596500,ATI CAREER TRAINING CENTER              ,TX,76180-1599,Proprietary  ,34,107,141,270,700,970
02596600,ATI-CAREER TRAINING CENTER              ,TX,75220-4443,Proprietary  ,39,191,230,349,1161,1510
02600200,OCEAN CORPORATION (THE)                 ,TX,77099-3479,Proprietary  ,39,123,162,127,492,619
02604700,CENTER FOR ADVANCED LEGAL STUDIES       ,TX,77098-4151,Proprietary  ,6,41,47,26,244,270
02615000,SANFORD-BROWN INSTITUTE                 ,TX,75247-6931,Proprietary  ,58,248,306,322,1302,1624
03009400,SW SCH BUS & TECH CAREERS               ,TX,78212-2840,Proprietary  ,1,2,3,10,23,33
03010000,VANGUARD INSTITUTE OF TECHNOLOGY        ,TX,78539-0000,Proprietary  ,37,183,220,189,1088,1277
03010604,VIRGINIA COLLEGE - VIRGINIA COLLEGE AT A,TX,78723-0000,Proprietary  ,0,0,0,0,1,1
03011800,UNIVERSITY OF COSMETOLOGY ARTS & SCIENCE,TX,78226-1160,Proprietary  ,0,7,7,14,82,96
03019800,PCI HEALTH TRAINING CENTER              ,TX,75247-4720,Proprietary  ,69,157,226,341,852,1193
03021500,SW SCH BUS & TECH CAREERS               ,TX,78852-4859,Proprietary  ,5,13,18,56,53,109
03023800,AIMS ACADEMY                            ,TX,75050-0000,Proprietary  ,1,11,12,16,53,69
03025000,TEXAS COLLEGE OF COSMETOLOGY            ,TX,79605-2001,Proprietary  ,3,22,25,59,161,220
03026000,DALFORTH AIRCRAFT TECH                  ,TX,75209-3091,Proprietary  ,0,0,0,0,1,1
03026100,POLYTECHNIC INSTITUTE                   ,TX,77022-2914,Proprietary  ,9,56,65,33,154,187
03026500,REMINGTON COLLEGE - HOUSTON CAMPUS      ,TX,77082-1849,Proprietary  ,95,346,441,494,1555,2049
03026501,REMINGTON COLLEGE - NORTH HOUSTON CAMPUS,TX,77067-1849,Proprietary  ,4,9,13,33,84,117
03028800,CIRCLE J BEAUTY SCHOOL                  ,TX,77587-3714,Proprietary  ,4,15,19,16,119,135
03031408,INTERNATIONAL ACADEMY OF DESIGN AND TECH,TX,78229-2263,Proprietary  ,2,2,4,2,2,4
03032300,SCHOOL OF AUTOMOTIVE MACHINISTS         ,TX,77055-1803,Proprietary  ,13,15,28,54,73,127
03035200,TINT SCHOOL OF MAKEUP & COSMETOLOGY     ,TX,75229-3734,Proprietary  ,3,21,24,30,164,194
03035300,SOUTHERN CAREERS INSTITUTE              ,TX,78704-5252,Proprietary  ,55,183,238,375,1084,1459
03035301,SOUTHERN CAREERS INSTITUTE              ,TX,78577-0000,Proprietary  ,35,91,126,249,544,793
03035302,SOUTHERN CAREERS INSTITUTE - CORPUS CHRI,TX,78414-2904,Proprietary  ,18,77,95,108,461,569
03035303,SOUTHERN CAREERS INSTITUTE - #1         ,TX,78221-4351,Proprietary  ,6,56,62,58,325,383
03035304,SOUTHERN CAREERS INSTITUTE-LAREDO       ,TX,78041-0000,Proprietary  ,9,18,27,53,128,181
03061800,STAR COLLEGE OF COSMETOLOGY             ,TX,75702-8214,Proprietary  ,4,33,37,59,169,228
03064600,UNIVERSITY OF TEXAS AT BROWNSVILLE      ,TX,78520-4993,Public       ,416,636,1052,6298,6956,13254
03071400,ITT TECHNICAL INSTITUTE                 ,TX,78249-3303,Proprietary  ,67,82,149,456,657,1113
03075400,ICC TECHNICAL INSTITUTE                 ,TX,77004-2930,Private      ,8,13,21,19,73,92
03079201,WESTWOOD COLLEGE OF TECHNOLOGY          ,TX,76180-0000,Proprietary  ,39,71,110,259,424,683
03091200,CAREERS UNLIMITED                       ,TX,75702-7110,Proprietary  ,4,20,24,29,94,123
03103400,SOUTH TEXAS COLLEGE                     ,TX,78501-6699,Public       ,496,981,1477,8435,9387,17822
03104700,TEXAS COLLEGE OF COSMETOLOGY            ,TX,76903-4708,Proprietary  ,3,22,25,59,151,210
03105900,CAREERS UNLIMITED                       ,TX,77055-4002,Proprietary  ,11,97,108,55,535,590
03108700,ROYAL BEAUTY CAREERS                    ,TX,77069-4611,Proprietary  ,10,38,48,81,293,374
03111000,MID-CITIES BARBER COLLEGE               ,TX,75051-4810,Proprietary  ,9,18,27,23,92,115
03115800,TEXAS CAREERS                           ,TX,78238-4203,Proprietary  ,48,295,343,258,1349,1607
03115802,TEXAS CAREERS - LAREDO                  ,TX,78041-6181,Proprietary  ,25,74,99,139,297,436
03115803,TEXAS CAREERS - BEAUMONT                ,TX,77701-3706,Proprietary  ,30,99,129,126,478,604
03115804,TEXAS CAREERS - LUBBOCK                 ,TX,79401-2601,Proprietary  ,19,126,145,129,669,798
03128100,ACADEMY OF HEALTH CARE PROFESSIONS      ,TX,77092-8108,Proprietary  ,62,182,244,245,877,1122
03144300,NATIONAL BEAUTY COLLEGE                 ,TX,75043-4046,Proprietary  ,3,18,21,15,72,87
03153300,AMER COLL OF ACUPUNCTURE & O.M.         ,TX,77063-4104,Proprietary  ,0,8,8,1,97,98
03156400,ACADEMY OF ORIENTAL MEDICINE AT AUSTIN  ,TX,78757-1132,Proprietary  ,0,20,20,7,227,234
03159300,ARLINGTON MEDICAL INSTITUTE             ,TX,76011-2645,Proprietary  ,1,15,16,32,121,153
03170300,TEXAS A&M UNIVERSITY-TEXARKANA          ,TX,75501-0000,Public       ,18,92,110,316,1076,1392
03179500,TEXAS COLG TRADITIONAL CHINESE MED      ,TX,78704-6748,Proprietary  ,1,13,14,5,96,101
03189400,COLLEGE OF SAINT THOMAS MORE            ,TX,76109-2323,Private      ,0,1,1,12,25,37
03237400,FARIS COMPUTER SCHOOL                   ,TX,77627-3829,Proprietary  ,0,16,16,1,41,42
03272300,SOUTHEASTERN CAREER INSTITUTE           ,TX,75234-7288,Proprietary  ,23,67,90,95,325,420
03272301,SOUTHEASTERN CAREER INSTITUTE - MIDLAND ,TX,79703-5531,Proprietary  ,18,81,99,84,330,414
03275300,TOUCH OF CLASS SCHOOL OF COSM           ,TX,75402-6314,Proprietary  ,4,18,22,32,97,129
03276300,ACADEMY OF HAIR DESIGN                  ,TX,75901-4900,Proprietary  ,2,21,23,29,127,156
03277300,ACADEMY OF HAIR DESIGN                  ,TX,77701-4650,Proprietary  ,3,22,25,26,80,106
03303300,NORTHWEST EDUCATIONAL CENTER            ,TX,77092-7055,Proprietary  ,8,87,95,29,347,376
03341300,SOUTHWESTERN PROFESSIONAL INSTITUTE     ,TX,77056-6239,Proprietary  ,1,5,6,16,105,121
03371300,TONI&GUY HAIRDRESSING ACADEMY           ,TX,75006-2351,Proprietary  ,17,12,29,71,82,153
03372300,NORTHWEST VISTA COLLEGE                 ,TX,78251-4217,Public       ,309,546,855,3832,4653,8485
03396500,TEXAS STATE TECHNICAL COLG/MARSHALL     ,TX,75672-7402,Public       ,24,38,62,316,334,650
03400300,CAREER QUEST                            ,TX,78229-3539,Proprietary  ,10,63,73,35,263,298
03412300,ADVANCED BARBER COLLEGE & HAIR DESI     ,TX,78596-0000,Proprietary  ,1,19,20,25,103,128
03416500,DALLAS NURSING INSTITUTE                ,TX,75243-5502,Proprietary  ,7,77,84,60,409,469
03422300,MILAN INSTITUTE                         ,TX,78238-3327,Proprietary  ,43,91,134,269,479,748
03422400,COLLEGE OF BIBLICAL STUDIES-HOUSTON     ,TX,77036-3211,Private      ,3,72,75,54,612,666
03424400,MEDVANCE INSTITUTE                      ,TX,77057-7386,Proprietary  ,15,91,106,121,543,664
03426300,CAREER ADVANCEMENT CENTER               ,TX,78752-1470,Proprietary  ,20,56,76,55,219,274
03486300,SYLVIA'S INTERNATIONAL SCHOOL OF BE     ,TX,77091-3203,Proprietary  ,1,7,8,6,39,45
03509400,CORYELL COSMETOLOGY COLLEGE             ,TX,76528-2036,Proprietary  ,0,5,5,5,21,26
03520300,LUBBOCK HAIR ACADEMY                    ,TX,79410-3524,Proprietary  ,2,18,20,16,72,88
03541300,BEHOLD! BEAUTY ACADEMY                  ,TX,77016-3725,Proprietary  ,4,15,19,13,49,62
03542300,CONCORDE CAREER INSTITUTE               ,TX,76011-4016,Proprietary  ,28,204,232,191,1133,1324
03551400,STATE BEAUTY ACADEMY                    ,TX,75116-3501,Proprietary  ,3,10,13,31,61,92
03556400,KUSSAD INSTITUTE OF COURT REPORTING     ,TX,78704-5712,Proprietary  ,1,2,3,6,23,29
03563300,ACADEMY OF COSEMTOLOGY                  ,TX,78745-2858,Proprietary  ,0,0,0,18,52,70
03573300,AVIATION INSTITUTE OF MAINTENANCE       ,TX,75209-3017,Proprietary  ,11,63,74,71,269,340
03610300,MJ'S BEAUTY ACADEMY INC                 ,TX,75224-4409,Proprietary  ,4,11,15,25,60,85
03612400,VALLEY GRANDE INSTITUTE FOR ACADEMI     ,TX,78596-0000,Private      ,13,80,93,146,522,668
03627300,LAMAR INSTITUTE OF TECHNOLOGY           ,TX,77705-4142,Public       ,87,180,267,1014,1723,2737
03676400,HEALTHY HAIR ACADEMY                    ,TX,75227-0000,Proprietary  ,3,14,17,20,71,91
03680300,JAY'S TECHNICAL INSTITUTE               ,TX,77031-3509,Proprietary  ,2,19,21,11,90,101
03682400,DALLAS BARBER & STYLIST COLLEGE         ,TX,75231-0000,Proprietary  ,7,38,45,57,183,240
03714300,TREND BARBER COLLEGE                    ,TX,77071-2104,Proprietary  ,8,36,44,40,132,172
03723300,CULINARY INST ALAIN & MARIE LENOTRE     ,TX,77022-4322,Proprietary  ,10,38,48,43,164,207
03727600,CULINARY ACADEMY OF AUSTIN              ,TX,78752-0000,Proprietary  ,4,12,16,71,108,179
03731300,INTERNATIONAL RENOWNED BEAUTY ACADE     ,TX,76103-2504,Proprietary  ,0,0,0,10,36,46
03733300,BAPTIST UNIVERSITY OF THE AMERICAS      ,TX,78224-1336,Private      ,2,12,14,34,155,189
03756300,ANAMARC EDUCATIONAL INSTITUTE           ,TX,79930-6230,Proprietary  ,15,129,144,66,462,528
03885400,COMPUTER LABS                           ,TX,79906-5924,Proprietary  ,0,1,1,2,4,6
03885700,HOUSTON'S TRAINING AND EDUCATION CENTER ,TX,77036-2021,Proprietary  ,3,25,28,29,149,178
03922300,SOUTH TEXAS BARBER COLLEGE              ,TX,78415-3463,Proprietary  ,1,10,11,8,62,70
03926300,AMESED                                  ,TX,75081-0000,Proprietary  ,1,9,10,9,48,57
03944400,PROFESSIONAL CAREERS INSTITUTE          ,TX,77036-2252,Proprietary  ,3,20,23,9,52,61
03984300,ALLIED CAREER CENTER                    ,TX,75007-0000,Proprietary  ,3,5,8,8,64,72
03987300,TEXAS HEALTH SCHOOL                     ,TX,77079-2106,Proprietary  ,4,26,30,26,124,150
04036300,SOUTHEAST TEXAS CAREER INSTITUTE        ,TX,77656-8601,Proprietary  ,1,10,11,12,32,44
04045300,NORTHWEST BEAUTY SCHOOL                 ,TX,77091-1208,Proprietary  ,2,6,8,14,63,77
04045400,MAI-TRIX BEAUTY COLLEGE                 ,TX,77040-0000,Proprietary  ,3,15,18,16,54,70
04089400,CCI TRAINING CENTER                     ,TX,76011-4857,Proprietary  ,5,38,43,5,38,43
00367000,BRIGHAM YOUNG UNIVERSITY                ,UT,84602-8406,Private      ,673,927,1600,8783,11380,20163
00367100,DIXIE STATE COLLEGE OF UTAH             ,UT,84770-3876,Public       ,129,176,305,1941,1827,3768
00367200,LDS BUSINESS COLLEGE                    ,UT,84101-3500,Private      ,52,42,94,470,412,882
00367400,STEVENS HENAGER COLLEGE                 ,UT,84401-1420,Proprietary  ,62,251,313,467,1864,2331
00367500,UNIVERSITY OF UTAH                      ,UT,84112-9055,Public       ,396,794,1190,7338,13019,20357
00367600,COLLEGE OF EASTERN UTAH                 ,UT,84501-2699,Public       ,38,77,115,570,639,1209
00367700,UTAH STATE UNIVERSITY                   ,UT,84322-1400,Public       ,466,671,1137,5327,7731,13058
00367800,SOUTHERN UTAH UNIVERSITY                ,UT,84720-2470,Public       ,169,207,376,2683,2565,5248
00367900,SNOW COLLEGE                            ,UT,84627-1299,Public       ,116,91,207,1555,614,2169
00368000,WEBER STATE UNIVERSITY                  ,UT,84408-1136,Public       ,389,855,1244,3658,8465,12123
00368100,WESTMINSTER COLLEGE                     ,UT,84105-3697,Private      ,40,102,142,1483,1313,2796
00402700,UTAH VALLEY UNIVERSITY                  ,UT,84058-5999,Public       ,594,1099,1693,4865,10198,15063
00522000,SALT LAKE COMMUNITY COLLEGE             ,UT,84123-0000,Public       ,516,1232,1748,4446,9894,14340
00943300,SHERMAN KENDALL'S ACADEMY OF BEAUTY     ,UT,84106-1836,Proprietary  ,5,3,8,20,32,52
01009800,NEUMONT UNIVERSITY                      ,UT,84095-0000,Proprietary  ,16,32,48,225,279,504
01116500,UINTAH BASIN APPLIED TECHNOLOGY CLG     ,UT,84066-0000,Public       ,0,7,7,11,55,66
01116600,UTAH CAREER COLLEGE                     ,UT,84088-4021,Proprietary  ,40,64,104,228,743,971
02078800,SHERMAN KENDALL'S ACADEMY OF BEAUTY     ,UT,84047-0000,Proprietary  ,2,6,8,10,24,34
02115400,BRIDGERLAND APPLIED TECHNOLOGY COLLEGE  ,UT,84321-0000,Public       ,12,49,61,107,368,475
02156600,DAVIS APPLIED TECHNOLOGY COLLEGE        ,UT,84037-0000,Public       ,32,105,137,159,642,801
02178500,EAGLE GATE COLLEGE                      ,UT,84123-0000,Proprietary  ,31,164,195,244,999,1243
02270800,AMERITECH COLLEGE                       ,UT,84604-6927,Proprietary  ,18,53,71,79,269,348
02298500,EVEREST COLLEGE                         ,UT,84119-2668,Proprietary  ,43,203,246,201,1039,1240
02346500,OGDEN-WEBER APPLIED TECHNOLOGY COLG     ,UT,84404-0000,Public       ,25,142,167,145,818,963
02360800,PROVO COLLEGE                           ,UT,84601-0000,Proprietary  ,22,104,126,194,660,854
02361000,ITT TECHNICAL INSTITUTE                 ,UT,84123-0000,Proprietary  ,56,106,162,240,694,934
02504000,MARINELLO SCHOOL OF BEAUTY              ,UT,84041-0000,Proprietary  ,8,26,34,40,103,143
02516100,MARINELLO SCHOOL OF BEAUTY              ,UT,84405-1501,Proprietary  ,7,11,18,32,41,73
02531800,VON CURTIS ACADEMY OF HAIR DESIGN       ,UT,84606-0000,Proprietary  ,140,116,256,587,469,1056
02556800,HAIRITAGE COLLEGE OF BEAUTY             ,UT,84117-7204,Proprietary  ,24,23,47,90,73,163
02557700,PREMIER HAIR ACADEMY                    ,UT,84120-3603,Proprietary  ,3,5,8,7,21,28
02572700,EVANS HAIRSTYLING COLLEGE               ,UT,84770-0000,Proprietary  ,2,1,3,22,14,36
02572800,VISTA COLLEGE                           ,UT,84015-0000,Proprietary  ,4,19,23,16,89,105
02572801,CERTIFIED CAREERS INSTITUTE             ,UT,84015-0000,Proprietary  ,6,21,27,20,108,128
02573100,EVANS HAIRSTYLING COLLEGE               ,UT,84720-0000,Proprietary  ,2,2,4,35,23,58
02612200,MARINELLO SCHOOL OF BEAUTY              ,UT,84604-1585,Proprietary  ,25,10,35,115,87,202
03030600,UTAH COLLEGE OF MASSAGE THERAPY         ,UT,84111-1606,Proprietary  ,79,90,169,411,599,1010
03030601,UTAH CLG OF MASSAGE THER-PROVO CMPS     ,UT,84042-0000,Proprietary  ,28,40,68,115,205,320
03082100,MYOTHERAPY COLLEGE OF UTAH              ,UT,84115-2522,Proprietary  ,3,10,13,18,58,76
03108200,ECHELON EDGE ACADEMY OF HAIR SKIN & NAIL,UT,84070-2004,Proprietary  ,4,5,9,23,43,66
03110400,HAIRITAGE HAIR ACADEMY                  ,UT,84770-5233,Proprietary  ,0,5,5,17,31,48
03339400,WESTERN GOVERNORS UNIVERSITY            ,UT,84107-2533,Private      ,39,1569,1608,171,7266,7437
03413300,MOUNTAINLAND APPLIED TECHNOLOGY COLLEGE ,UT,84058-5857,Public       ,4,9,13,26,58,84
03463300,CAREERS UNLIMITED                       ,UT,84058-0000,Proprietary  ,0,3,3,16,20,36
03617300,HEALING MOUNTAIN MASSAGE SCHOOL         ,UT,84111-3232,Proprietary  ,0,7,7,7,43,50
03829500,SKINWORKS SCHOOL OF ADVANCED SKINCARE   ,UT,84115-0000,Proprietary  ,1,8,9,14,43,57
03838300,OGDEN INSTITUTE OF MASSAGE THERAPY      ,UT,84403-0000,Proprietary  ,1,4,5,17,44,61
03902300,RENAISSANCE SCHOOL OF THERAPEUTIC MASSAG,UT,84010-2835,Proprietary  ,1,4,5,1,16,17
03909300,MAXIMUM STYLE TEC SCHOOL OF COSMETOLOGY ,UT,84323-4679,Proprietary  ,1,3,4,10,24,34
03921300,CAMEO COLLEGE OF ESSENTIAL BEAUTY       ,UT,84115-0000,Proprietary  ,11,28,39,78,171,249
04054300,SOUTHWEST APPLIED TECHNOLOGY COLLEGE    ,UT,84720-6608,Public       ,1,4,5,1,4,5
00368200,BENNINGTON COLLEGE                      ,VT,05201-6001,Private      ,14,8,22,773,213,986
00368300,CASTLETON STATE COLLEGE                 ,VT,05735-0000,Public       ,39,25,64,2377,433,2810
00368400,CHAMPLAIN COLLEGE                       ,VT,05401-3950,Private      ,59,62,121,2431,699,3130
00368402,WOODBURY COLLEGE                        ,VT,05602-0000,Private      ,1,17,18,11,164,175
00368500,COLLEGE OF ST JOSEPH                    ,VT,05701-3899,Private      ,3,20,23,200,260,460
00368600,GODDARD COLLEGE                         ,VT,05667-0000,Private      ,3,55,58,57,744,801
00368700,GREEN MOUNTAIN COLLEGE                  ,VT,05764-1199,Private      ,12,5,17,974,99,1073
00368800,JOHNSON STATE COLLEGE                   ,VT,05656-9898,Public       ,26,46,72,1245,901,2146
00368900,LYNDON STATE COLLEGE                    ,VT,05851-0919,Public       ,25,15,40,1394,334,1728
00369000,MARLBORO COLLEGE                        ,VT,05344-0300,Private      ,6,6,12,439,78,517
00369100,MIDDLEBURY COLLEGE                      ,VT,05753-0000,Private      ,25,9,34,2665,970,3635
00369200,NORWICH UNIVERSITY                      ,VT,05663-1035,Private      ,43,251,294,2366,1676,4042
00369300,SOUTHERN VERMONT COLLEGE                ,VT,05201-6002,Private      ,7,9,16,447,145,592
00369400,ST MICHAELS COLLEGE                     ,VT,05439-0001,Private      ,34,18,52,2807,214,3021
00369600,UNIVERSITY OF VERMONT                   ,VT,05405-0160,Public       ,115,87,202,12233,2600,14833
00369800,VERMONT TECHNICAL COLLEGE               ,VT,05061-0000,Public       ,21,25,46,957,564,1521
00857500,SALON PROFESSIONAL ACADEMY (THE)        ,VT,05495-4001,Proprietary  ,5,12,17,64,52,116
00865800,O'BRIENS AVEDA INSTITUTE                ,VT,05403-7747,Proprietary  ,2,3,5,25,32,57
00886000,SIT                                     ,VT,05301-4801,Private      ,4,9,13,21,525,546
01116700,COMMUNITY COLLEGE OF VERMONT            ,VT,05676-1552,Public       ,119,363,482,1342,3282,4624
01193400,VERMONT LAW SCHOOL                      ,VT,05068-0000,Private      ,0,7,7,1,972,973
01218300,BURLINGTON COLLEGE                      ,VT,05401-8477,Private      ,5,14,19,85,147,232
02143500,STERLING COLLEGE                        ,VT,05827-0000,Private      ,5,3,8,116,25,141
02207000,NEW ENGLAND SCHOOL OF RADIOLOGIC TE     ,VT,05701-0000,Private      ,0,0,0,1,1,2
02254000,NEW ENGLAND CULINARY INSTITUTE          ,VT,05602-0000,Proprietary  ,20,18,38,525,273,798
02532600,LANDMARK COLLEGE                        ,VT,05346-0000,Private      ,14,1,15,317,51,368
03708300,BURLINGTON TECHNICAL CENTER             ,VT,05401-2721,Public       ,2,0,2,17,9,26
00392800,CASPER COLLEGE                          ,WY,82601-4612,Public       ,51,105,156,1029,1139,2168
00392900,EASTERN WYOMING COLLEGE                 ,WY,82240-1603,Public       ,13,38,51,283,260,543
00393000,SHERIDAN COLLEGE                        ,WY,82801-9133,Public       ,35,86,121,568,701,1269
00393100,NORTHWEST COLLEGE                       ,WY,82435-1895,Public       ,32,61,93,803,540,1343
00393200,UNIVERSITY OF WYOMING                   ,WY,82071-3663,Public       ,171,190,361,5669,3864,9533
00393300,WESTERN WYOMING COMMUNITY COLLEGE       ,WY,82902-0000,Public       ,24,72,96,628,682,1310
00728900,CENTRAL WYOMING COLLEGE                 ,WY,82501-0000,Public       ,25,86,111,369,601,970
00915700,WYOMING TECHNICAL INSTITUTE             ,WY,82072-9519,Proprietary  ,471,272,743,5025,1567,6592
00925900,LARAMIE COUNTY COMMUNITY CLG            ,WY,82007-3299,Public       ,56,176,232,843,1356,2199
02211900,CHEEKS INTERNATIONAL ACDMY              ,WY,82001-0000,Proprietary  ,8,21,29,37,128,165
03291300,BUSINESS SKILLS INSTITUTE A DEPARTMENT O,WY,82930-0000,Public       ,0,2,2,7,21,28
00393500,UNIV OF GUAM                            ,GU,96923-0000,Public       ,114,134,248,1497,1223,2720
01536100,GUAM COMMUNITY COLLEGE                  ,GU,96921-0000,Public       ,71,139,210,711,1035,1746
03438300,PACIFIC ISLANDS BIBLE COLLEGE           ,GU,96913-2619,Private      ,79,39,118,143,74,217
00393600,PONTIFICAL CATHOLIC UNIV OF PR          ,PR,00717-0777,Private      ,94,285,379,5260,4615,9875
00393700,UNIVERSITY OF THE SACRED HEART          ,PR,00914-0383,Private      ,55,116,171,3032,1706,4738
00393800,INTER-AMER UNIV PR-CNTRL ADMN           ,PR,00936-0000,Private      ,90,360,450,2488,4549,7037
00393801,INTER-AMER UNIV PR SCHL LAW             ,PR,00936-8351,Private      ,0,3,3,0,323,323
00393802,INTER AMERICAN UNIVERSITY OF PUERTO RICO,PR,00926-0000,Private      ,18,78,96,1209,1745,2954
00393803,INTER AMERICAN UNIVERSITY OF PR         ,PR,00683-0000,Private      ,91,126,217,3891,2226,6117
00393804,INTER-AMER UNIV PR-RECINTO AGUADILA     ,PR,00605-2000,Private      ,74,154,228,2678,2194,4872
00393805,INTER-AMER UNIV PR-ARECIBO CAMPUS       ,PR,00614-4050,Private      ,65,176,241,3196,2308,5504
00393806,INTER-AMER UNIV PR-BARRANQUITAS REG     ,PR,00794-0517,Private      ,39,71,110,1528,1077,2605
00393807,INTER-AMER UNIV PR-FAJARDO REGIONAL     ,PR,00738-0000,Private      ,47,79,126,1303,1220,2523
00393808,INTER-AMER UNIV PR - GUAYAMA CAMPUS     ,PR,00785-4004,Private      ,28,89,117,1146,1421,2567
00393809,INTER-AMER UNIV PR-PONCE REGIONAL       ,PR,00715-0000,Private      ,67,183,250,3368,2798,6166
00393810,INTER-AMER UNIV PR - SCH OF OPTOMETRY   ,PR,00918-0000,Private      ,0,0,0,1,50,51
00393811,INTER-AMER UNIV PR-BAYAMON REG CLG      ,PR,00959-0000,Private      ,84,134,218,4168,1745,5913
00394100,COLEGIO UNIVERSITARIO DEL ESTE          ,PR,00983-0000,Private      ,104,567,671,4840,7182,12022
00394200,UNIVERSITY OF PR-CENTRAL ADMINISTRATION ,PR,00936-4984,Public       ,6,26,32,701,305,1006
00394201,UNIVERSITY OF PR-RIO PIEDRAS CAMPUS     ,PR,00931-3300,Public       ,162,210,372,8856,2547,11403
00394202,UNIV OF PUERTO RICO-MAYAGUEZ CAMPUS     ,PR,00681-5000,Public       ,148,83,231,8300,1420,9720
00394203,"UNIVERSITY OF PR, MED. SCIENCES CAMPUS  ",PR,00936-5067,Public       ,6,41,47,310,1145,1455
00394204,"UNIVERSITY OF PUERTO RICO, CAYEY CAMPUS ",PR,00736-0000,Public       ,21,37,58,2858,587,3445
00394205,"UNIVERSITY OF PR, HUMACAO CAMPUS        ",PR,00791-4057,Public       ,23,27,50,3148,542,3690
00394206,UNIVERSITY OF PR-AGUADILLA CAMPUS       ,PR,00604-6150,Public       ,58,25,83,2691,488,3179
00394207,UNIVERSITY OF PUERTO RICO-ARECIBO CAMPUS,PR,00614-0000,Public       ,40,38,78,3794,561,4355
00394208,UNIVERSITY OF PUERTO RICO-BAYAMON CAMPUS,PR,00959-0000,Public       ,43,24,67,3509,451,3960
00394209,UNIVERSITY OF PUERTO RICO-CAROLINA      ,PR,00984-4800,Public       ,45,39,84,2923,453,3376
00394210,UNIVERSITY OF PUERTO RICO-PONCE         ,PR,00732-0000,Public       ,17,25,42,3170,437,3607
00394211,"UNIVERSITY OF PR, UTUADO CAMPUS         ",PR,00641-0000,Public       ,18,8,26,1292,290,1582
00501900,UNIV ADVENTISTA DE LAS ANTILLAS         ,PR,00681-0118,Private      ,16,24,40,522,318,840
00502200,BAYAMON CENTRAL UNIVERSITY              ,PR,00960-0000,Private      ,24,105,129,1165,1449,2614
00890200,COLUMBIA CENTRO UNIVERSITARIO           ,PR,00726-0000,Proprietary  ,45,151,196,486,1056,1542
01056700,COLEGIO TECNOLOGICO DE SAN JUAN         ,PR,00918-2973,Public       ,10,30,40,323,447,770
01072400,CARLOS ALBIZU UNIVERSITY                ,PR,00902-3711,Private      ,1,29,30,89,693,782
01081900,CONSERVATORIO DE MUSICA DE PUERTO RICO  ,PR,00907-3373,Public       ,8,4,12,235,59,294
01120300,RYDER MEMORIAL HOSP SCH OF NURSING      ,PR,00792-0000,Private      ,5,8,13,11,11,22
01171900,UNIVERSIDAD DEL TURABO                  ,PR,00778-0000,Private      ,119,725,844,6508,9615,16123
01194000,ICPR JUNIOR COLLEGE                     ,PR,00919-0000,Proprietary  ,85,148,233,704,875,1579
01194100,AMERICAN UNIVERSITY OF PUERTO RICO      ,PR,00960-2037,Private      ,77,104,181,862,821,1683
01194101,AMERICAN UNIVERSITY OF PUERTO RICO      ,PR,00674-0000,Private      ,75,116,191,869,791,1660
01252500,CARIBBEAN UNIVERSITY                    ,PR,00960-0493,Private      ,57,292,349,1735,2875,4610
01314800,RAMIREZ COLLEGE OF BUS & TECH           ,PR,00918-0000,Proprietary  ,15,44,59,234,382,616
02063100,MBTI BUSINESS TRNG INSTITUTE            ,PR,00907-3917,Proprietary  ,57,85,142,419,552,971
02097000,"COLEGIO TECNICO METROPOLITANO, INC.     ",PR,00920-0000,Proprietary  ,13,34,47,105,244,349
02100000,POLYTECHNIC UNIVERSITY OF PR            ,PR,00917-0000,Private      ,110,185,295,2921,1927,4848
02163300,UNIVERSIDAD CENTRAL DEL CARIBE          ,PR,00960-0000,Private      ,4,15,19,79,354,433
02165100,EDP COLLEGE OF PUERTO RICO              ,PR,00919-0000,Private      ,30,113,143,535,1244,1779
02166400,INSTITUTO DE BANCA Y COMERCIO           ,PR,00925-0000,Proprietary  ,959,1582,2541,7278,8630,15908
02170300,INST EDUC TECNIA OCUP LA REINA          ,PR,00674-0000,Proprietary  ,20,43,63,248,281,529
02170301,INST EDUC TECNICA OCUPLA LA REINA       ,PR,00603-0000,Proprietary  ,0,0,0,12,2,14
02189100,CENTRO DE ESTUDIOS MULTIDISCIPLIN       ,PR,00926-0000,Private      ,73,120,193,774,1242,2016
02189300,EMMA'S BEAUTY ACADEMY                   ,PR,00680-0000,Proprietary  ,12,25,37,217,221,438
02195400,MODERN HAIRSTYLING INSTITUTE            ,PR,00960-0000,Proprietary  ,79,121,200,396,458,854
02195500,MODERN HAIRSTYLING INSTITUTE            ,PR,00612-0000,Proprietary  ,0,0,0,1,1,2
02195800,LICEO E ARTE Y TECNOLGIA                ,PR,00919-0000,Private      ,50,77,127,762,541,1303
02195900,MODERN HAIRSTYLING INSTITUTE            ,PR,00980-0000,Proprietary  ,0,0,0,6,1,7
02234900,ANTILLES SCHOOL OF TECH CAREERS         ,PR,00909-0000,Proprietary  ,19,51,70,117,221,338
02241901,COMMONWEALTH OF PR DEPT OF EDUC - CARLOS,PR,00986-0000,Public       ,1,1,2,19,43,62
02241902,COMMONWEALTH OF PR DEPT OF EDUC - TOMAS ,PR,00613-0000,Public       ,1,0,1,19,24,43
02241904,COMMONWEALTH OF PR DEPT OF EDUC - ITPR R,PR,00655-0000,Public       ,50,42,92,496,218,714
02241905,COMMONWEALTH OF PR DEPT OF EDUC - JOSE A,PR,00674-0000,Public       ,10,10,20,723,189,912
02241907,COMMONWEALTH OF PR DEPT OF EDUC - ITPR R,PR,00928-0000,Public       ,21,17,38,433,166,599
02241908,COMMONWEALTH OF PR DEPT OF EDUC - ITPR R,PR,00732-0000,Public       ,6,8,14,640,238,878
02241909,COMMONWEALTH OF PR DEPT OF EDUC - TROQUE,PR,00959-0000,Public       ,0,1,1,11,2,13
02260600,NATIONAL COLLEGE OF BUSINESS & TECH     ,PR,00960-2036,Proprietary  ,229,399,628,2774,3270,6044
02260601,NATIONAL COLLEGE OF BUSINESS & TECHNOLOG,PR,00612-0000,Proprietary  ,1,2,3,22,11,33
02260602,NATIONAL COLLEGE OF BUSINESS & TECHNOLOG,PR,00745-9903,Proprietary  ,0,0,0,10,10,20
02260800,HUERTAS JUNIOR COLLEGE                  ,PR,00726-0000,Proprietary  ,118,201,319,833,851,1684
02276400,INTERNATIONAL JUNIOR COLLEGE            ,PR,00910-0000,Proprietary  ,24,55,79,55,104,159
02276402,INTERNATIONAL JUNIOR COLLEGE            ,PR,00791-0000,Proprietary  ,1,0,1,8,7,15
02276403,INTERNATIONAL JUNIOR COLLEGE            ,PR,00733-0000,Proprietary  ,0,0,0,6,2,8
02297700,AUTOMECA TECHNICAL COLLEGE              ,PR,00957-0000,Proprietary  ,34,65,99,1001,618,1619
02303800,AMERICAN EDUCATIONAL COLLEGE            ,PR,00961-0000,Proprietary  ,77,77,154,483,581,1064
02335500,COLEGIO BIBLICO PENTECOSTAL DE PR       ,PR,00978-0000,Private      ,0,6,6,16,107,123
02340600,HUMACAO COMMUNITY COLLEGE               ,PR,00792-0000,Private      ,1,8,9,226,296,522
02343600,INSTITUTE OF BEAUTY CAREERS             ,PR,00613-0000,Proprietary  ,35,93,128,347,570,917
02482400,PONCE SCHOOL OF MEDICINE                ,PR,00716-2347,Private      ,0,4,4,6,527,533
02502400,SERBIA'S SCHOOL OF BEAUTY CULTURE       ,PR,00785-0000,Proprietary  ,25,44,69,172,275,447
02504500,INSTITUCION CHAVIANO DE MAYAGUEZ        ,PR,00708-0000,Proprietary  ,10,35,45,22,91,113
02505400,ATLANTIC COLLEGE                        ,PR,00970-0000,Private      ,28,30,58,667,358,1025
02512100,INSTITUTO IRMA VALENTIN - UTUADO        ,PR,00641-0000,Proprietary  ,0,0,0,18,115,133
02534900,PONCE PARAMEDICAL COLLEGE (POPAC)       ,PR,00731-0000,Proprietary  ,176,184,360,1701,1374,3075
02549700,ACADEMIA MAISON D'ESTHETIQUE            ,PR,00907-0000,Proprietary  ,4,28,32,99,186,285
02552300,COLEGIO MAYOR DE TECHNOLOGIA            ,PR,00714-0000,Proprietary  ,29,57,86,216,346,562
02562500,INTERNATIONAL TECHNICAL COLLEGE         ,PR,00918-0000,Proprietary  ,14,19,33,84,99,183
02563500,ROGIES SCHOOL OF BEAUTY CULTURE         ,PR,00910-0000,Proprietary  ,39,57,96,164,201,365
02566800,PUERTO RICO TECH JUNIOR COLLEGE         ,PR,00917-0000,Proprietary  ,5,12,17,56,58,114
02569400,ESCUELA DE ARTES PLASTICAS              ,PR,00902-1112,Public       ,7,10,17,271,143,414
02570400,EDUCATIONAL TECHNICAL COLLEGE           ,PR,00925-3404,Proprietary  ,55,148,203,384,891,1275
02576100,ESCUELA TECNICA DE ELECTRICIDAD         ,PR,00731-0000,Proprietary  ,19,57,76,369,372,741
02587500,UNIVERSIDAD METROPOLITANA               ,PR,00928-0000,Private      ,108,629,737,4757,7563,12320
02588600,SEMINARIO EVANGELICO DE PUERTO RICO     ,PR,00925-0000,Private      ,0,7,7,0,31,31
02593700,HISPANIC AMERICAN COLLEGE               ,PR,00725-0000,Proprietary  ,16,27,43,137,196,333
02611100,INSTITUTO MERLIX                        ,PR,00961-0000,Proprietary  ,8,26,34,68,166,234
03021900,EDIC COLLEGE                            ,PR,00726-0000,Proprietary  ,21,27,48,448,562,1010
03025500,MECH TECH COLLEGE                       ,PR,00725-6118,Proprietary  ,142,121,263,2513,1142,3655
03025900,"LICEO DE ARTE, DISENOS Y COMERCIO       ",PR,00726-0000,Proprietary  ,20,88,108,262,434,696
03029700,"UNIVERSAL TECHNOLOGY CLG OF PR, INC     ",PR,00605-1955,Private      ,76,201,277,650,1370,2020
03061900,COLEGIO TECHNOLOGICO Y COMERCIAL        ,PR,00602-0000,Proprietary  ,5,11,16,21,62,83
03068400,STAR BEAUTY ACADEMY                     ,PR,00961-6312,Proprietary  ,5,15,20,42,91,133
03070500,D'MART INSTITUTE                        ,PR,00794-3517,Proprietary  ,82,145,227,842,1017,1859
03075600,EMMA'S BEAUTY ACADEMY                   ,PR,00795-0000,Proprietary  ,27,27,54,288,264,552
03076000,PUERTO RICO BARBER COLLEGE              ,PR,00738-4632,Proprietary  ,5,24,29,41,70,111
03085700,PROFESSIONAL TECHNICAL INSTITUTION      ,PR,00960-7061,Proprietary  ,33,37,70,235,244,479
03098100,INSTITUTO IRMA VALENTIN - MANATI        ,PR,00674-0333,Proprietary  ,0,0,0,33,80,113
03104400,PROFESSIONAL ELECTRIC SCHOOL            ,PR,00674-1797,Proprietary  ,0,1,1,65,86,151
03106900,ESCUELA DE PERITOS ELECTRICITAS         ,PR,00662-0457,Proprietary  ,4,8,12,38,46,84
03112100,JOHN DEWEY COLLEGE                      ,PR,00915-9538,Private      ,229,460,689,623,1892,2515
03112101,JOHN DEWEY COLLEGE                      ,PR,00986-0000,Private      ,120,135,255,419,555,974
03112102,JOHN DEWEY COLLEGE-BAYAMON CAMPUS       ,PR,00959-0000,Private      ,64,148,212,225,474,699
03112104,JOHN DEWEY COLLEGE - YABUCOA LRNING SITE,PR,00767-0767,Private      ,11,57,68,96,235,331
03112105,JOHN DEWEY COLLEGE - FAJARDO BRANCH     ,PR,00738-0738,Private      ,25,48,73,244,295,539
03112106,JOHN DEWEY COLLEGE - ARROYO BRANCH      ,PR,00714-0714,Private      ,22,67,89,125,348,473
03112107,JOHN DEWEY COLLEGE - JUANA DIAZ BRANCH  ,PR,00795-0000,Private      ,64,94,158,254,320,574
03115900,TRINITY COLLEGE OF PUERTO RICO          ,PR,00734-0000,Private      ,5,19,24,76,187,263
03120500,CAGUAS CENTRAL COLLEGE                  ,PR,00725-7199,Proprietary  ,0,0,0,0,1,1
03122500,ACADEMIA SERRANT INC.                   ,PR,00717-1568,Proprietary  ,19,79,98,98,231,329
03123100,GLOBELLE TECHNICAL INSTITUTE            ,PR,00693-4218,Proprietary  ,1,10,11,41,105,146
03124200,NOVA COLLEGE DE PUERTO RICO             ,PR,00960-4016,Proprietary  ,12,39,51,68,174,242
03142300,ACADEMIA VOCATIONAL DEL TURABO          ,PR,00725-3657,Proprietary  ,1,6,7,27,58,85
03157600,"COLEGIO DE CINEMATOGRAFIA, ARTES Y TELEV",PR,00961-6345,Proprietary  ,41,27,68,264,126,390
03177300,SAN JUAN BAUTISTA SCH OF MEDICINE       ,PR,00726-0000,Private      ,1,4,5,1,209,210
03326300,UNIVERSAL CAREER COMMUNITY COLLEGE      ,PR,00907-0000,Proprietary  ,36,69,105,343,440,783
03336300,CENTURY COLLEGE                         ,PR,00603-4802,Proprietary  ,4,20,24,51,113,164
03414300,MONTECLARO                              ,PR,00745-9612,Private      ,0,0,0,10,0,10
03452300,INSTITUTO PRE-VOCACIONAL E INDUSTRI     ,PR,00613-1800,Private      ,6,36,42,56,142,198
03461400,POLITEC INSTITUTE                       ,PR,00732-0000,Proprietary  ,21,28,49,71,86,157
03469300,IVAEM COLLEGE                           ,PR,00725-0000,Proprietary  ,3,2,5,109,57,166
03531300,COLEGIO PENTECOSTAL MIZPA               ,PR,00928-0966,Private      ,1,5,6,10,152,162
03544300,ATENAS COLLEGE                          ,PR,00674-0000,Private      ,28,76,104,452,779,1231
03552300,LESTON COLLEGE                          ,PR,00961-6309,Proprietary  ,6,21,27,43,94,137
03585300,CENTRO DE CAPACITACION Y ASESORAMIE     ,PR,00612-0000,Proprietary  ,6,61,67,38,242,280
03600300,AMERICAN TECHNOLOGICAL COLLEGE          ,PR,00928-3713,Proprietary  ,14,57,71,44,115,159
03608300,CARIBBEAN FORENSIC & TECHNICAL COLL     ,PR,00926-0000,Proprietary  ,9,31,40,38,135,173
03638300,ROSSLYN TRAINING ACADEMY OF COSMETOLOGY ,PR,00602-3225,Proprietary  ,0,1,1,23,64,87
03735400,"CHARLIES GUARD,DETECTIVE BUREAU&ACA     ",PR,00605-0000,Proprietary  ,7,15,22,42,114,156
03751300,ESCUELA HOTELERA DE SAN JUAN            ,PR,00917-0091,Proprietary  ,19,41,60,288,231,519
03758300,BAYAMON COMMUNITY COLLEGE               ,PR,00960-0000,Proprietary  ,3,18,21,39,131,170
03781400,INDUSTRIAL TECHNICAL COLLEGE            ,PR,00792-0000,Proprietary  ,11,27,38,73,112,185
03785300,J.G. GUAYNABO TECHNICAL COLLEGE         ,PR,00960-0000,Proprietary  ,3,13,16,18,44,62
03800300,COLEGIO TECNICO DE ELECTRICIDAD GALLOSA ,PR,00602-0000,Proprietary  ,1,7,8,18,51,69
03800400,INSTITUTE OF BEAUTY OCCUPATIONS AND TECH,PR,00676-5071,Proprietary  ,8,21,29,59,163,222
03843300,ADVANCED TECH COLLEGE                   ,PR,00961-6321,Proprietary  ,5,28,33,20,122,142
03849300,AGUADILLA TECHNICAL COLLEGE             ,PR,00603-0000,Proprietary  ,1,11,12,7,32,39
03965400,MYRANGEL BEAUTY INSTITUTE               ,PR,00754-3917,Proprietary  ,5,13,18,12,40,52
04030300,ASPIRA  DE PUERTO RICO                  ,PR,00987-0000,Private      ,1,1,2,2,1,3
04107300,CARIB TECHNOLOGICAL INSTITUTE           ,PR,00960-0000,Proprietary  ,1,11,12,1,11,12
00394600,UNIVERSITY OF THE VIRGIN ISLANDS        ,VI,00802-6000,Public       ,33,33,66,798,522,1320
00394601,UNIV OF THE VIRGIN ISLANDS-ST CROIX     ,VI,00850-0000,Public       ,17,42,59,318,422,740
00667400,CANADIAN THEOLOGICAL SEMINARY           ,CN,00000-0000,Private      ,0,0,0,0,1,1
00667700,MCGILL UNIVERSITY                       ,CN,00000-0000,Public       ,31,23,54,1315,372,1687
00667900,QUEEN'S UNIVERSITY AT KINGSTON          ,CN,00000-0000,Public       ,1,1,2,106,31,137
00668100,ST FRANCIS XAVIER UNIVERSITY            ,CN,00000-0000,Public       ,1,1,2,32,9,41
00668200,ST THOMAS UNIVERSITY                    ,CN,00000-0000,Public       ,0,0,0,15,4,19
00668300,UNIVERSITY OF GUELPH                    ,CN,00000-0000,Public       ,0,2,2,34,35,69
00668400,UNIVERSITY OF MANITOBA                  ,CN,00000-0000,Public       ,1,3,4,39,29,68
00668500,UNIVERSITY OF NEW BRUNSWICK (THE)       ,CN,00000-0000,Public       ,0,0,0,22,11,33
00668600,UNIVERSITY OF OTTAWA                    ,CN,00000-0000,Public       ,2,2,4,31,29,60
00668800,UNIVERSITY OF TORONTO                   ,CN,00000-0000,Public       ,5,16,21,262,349,611
00668900,UNIVERSITY OF WINDSOR                   ,CN,00000-0000,Public       ,0,0,0,14,36,50
00683700,UNIVERSITE LAVAL                        ,CN,00000-0000,Public       ,1,0,1,6,19,25
00683800,DALHOUSIE UNIVERSITY                    ,CN,00000-0000,Public       ,1,7,8,106,69,175
00685200,BISHOP'S UNIVERSITY                     ,CN,00000-0000,Private      ,1,0,1,26,1,27
00685300,MCMASTER UNIVERSITY                     ,CN,00000-0000,Public       ,0,0,0,22,21,43
00767900,YORK UNIVERSITY                         ,CN,00000-0000,Public       ,4,8,12,103,92,195
00787400,UNIVERSITY AT CALGARY (THE)             ,CN,00000-0000,Public       ,0,1,1,19,39,58
00814800,UNIVERSITY OF WINNIPEG                  ,CN,00000-0000,Public       ,0,2,2,9,4,13
00836200,UNIVERSITY OF ALBERTA (THE)             ,CN,00000-0000,Public       ,2,1,3,18,38,56
00836300,MOUNT SAINT VINCENT UNIVERSITY          ,CN,00000-0000,Private      ,0,0,0,7,2,9
00836400,SAINT MARY'S UNIVERSITY                 ,CN,00000-0000,Public       ,1,0,1,22,13,35
00836500,CONCORDIA UNIVERSITY - SIR GEORGE W     ,CN,00000-0000,Public       ,6,4,10,189,145,334
00836600,UNIVERSITE DE MONTREAL                  ,CN,00000-0000,Public       ,1,1,2,9,33,42
00836800,CARLETON UNIVERSITY                     ,CN,00000-0000,Public       ,4,1,5,41,19,60
00836900,UNIVERSITY OF BRITISH COLUMBIA          ,CN,00000-0000,Public       ,12,14,26,551,411,962
00837000,"SAFA, UNIVERSITY OF VICTORIA            ",CN,00000-0000,Public       ,1,4,5,106,59,165
00844400,SIMON FRASER UNIVERSITY                 ,CN,00000-0000,Public       ,2,5,7,62,80,142
00844600,UNIVERSITY OF WESTERN ONTARIO (THE)     ,CN,00000-0000,Public       ,1,1,2,35,40,75
00844800,UNIVERSITY OF REGINA                    ,CN,00000-0000,Public       ,0,0,0,8,8,16
00844900,ACADIA UNIVERSITY                       ,CN,00000-0000,Public       ,1,2,3,58,13,71
00852600,UNIVERSITY OF WATERLOO                  ,CN,00000-0000,Public       ,2,1,3,28,15,43
00858200,WILFRID LAURIER UNIVERSITY              ,CN,00000-0000,Public       ,0,0,0,7,5,12
00874200,UNIVERSITE DE SHERBROOKE                ,CN,00000-0000,Private      ,0,0,0,2,3,5
00891300,LAKEHEAD UNIVERSITY                     ,CN,00000-0000,Public       ,2,1,3,5,8,13
00911900,UNIVERSITE DE MONCTON                   ,CN,00000-0000,Public       ,0,1,1,0,2,2
00918000,LAURENTIAN UNIVERSITY OF SUDBURY        ,CN,00000-0000,Public       ,0,0,0,1,4,5
00925200,BROCK UNIVERSITY                        ,CN,00000-0000,Public       ,0,0,0,10,10,20
00936700,UNIVERSITY OF PRINCE EDWARD ISLAND      ,CN,00000-0000,Public       ,2,2,4,10,93,103
00942100,BRANDON UNIVERSITY                      ,CN,00000-0000,Public       ,0,1,1,2,7,9
00948600,TRINITY WESTERN UNIVERSITY              ,CN,00000-0000,Private      ,13,4,17,292,68,360
00950000,MEMORIAL UNIVERSITY OF NEWFOUNDLAND     ,CN,00000-0000,Public       ,1,2,3,13,28,41
00950100,UNIVERSITY OF KING'S COLLEGE            ,CN,00000-0000,Public       ,0,0,0,21,0,21
00950300,MOUNT ALLISON UNIVERSITY                ,CN,00000-0000,Public       ,2,0,2,34,2,36
00950500,TRENT UNIVERSITY                        ,CN,00000-0000,Public       ,0,0,0,10,3,13
00969700,LETHBRIDGE COLLEGE                      ,CN,00000-0000,Public       ,0,0,0,3,1,4
00969800,MEDICINE HAT COLLEGE                    ,CN,00000-0000,Public       ,0,0,0,2,2,4
00970100,SENECA COLG OF APPLIED ARTS & TECH      ,CN,00000-0000,Public       ,0,3,3,7,14,21
01012300,NOVA SCOTIA COLLEGE OF ART & DESIGN     ,CN,00000-0000,Public       ,1,0,1,10,13,23
01022100,SAINT PAUL UNIVERSITY                   ,CN,00000-0000,Public       ,0,0,0,1,4,5
01045800,SHERIDAN COLLEGE OF APPLIED ARTS AN     ,CN,00000-0000,Public       ,1,0,1,20,7,27
01067500,REGENT COLLEGE                          ,CN,00000-0000,Private      ,0,8,8,4,137,141
01070300,UNIVERSITY OF LETHBRIDGE                ,CN,00000-0000,Public       ,0,0,0,5,2,7
01072000,RYERSON UNIVERSITY                      ,CN,00000-0000,Public       ,1,0,1,30,33,63
01172200,BRIERCREST BIBLE COLLEGE                ,CN,00000-0000,Private      ,1,3,4,32,30,62
01221100,ALGONQUIN CLG OF APPLIED ARTS &TECH     ,CN,00000-0000,Public       ,0,0,0,7,6,13
01222800,HUMBER COLLEGE                          ,CN,00000-0000,Public       ,0,3,3,7,16,23
01227400,PROVIDENCE COLLEGE                      ,CN,00000-0000,Private      ,2,2,4,27,14,41
02054200,DAWSON COLLEGE                          ,CN,00000-0000,Public       ,0,0,0,0,2,2
02081600,SAULT COLLG OF APPLIED ARTS & TECH      ,CN,00000-0000,Public       ,0,0,0,0,1,1
02102100,BETHANY BIBLE COLLEGE                   ,CN,00000-0000,Private      ,3,1,4,90,26,116
02116600,CANADIAN MEMORIAL CHIROPRACTIC COLL     ,CN,00000-0000,Private      ,0,0,0,0,2,2
02167000,PRAIRIE BIBLE INST                      ,CN,00000-0000,Private      ,1,2,3,35,27,62
02184600,INSTITUTE FOR CHRISTIAN STUDIES         ,CN,00000-0000,Private      ,0,2,2,1,10,11
02195600,LASALLE COLLEGE                         ,CN,00000-0000,Private      ,0,0,0,3,8,11
02195700,TAYLOR UNIVERSITY COLLEGE AND SEMINARY  ,CN,00000-0000,Private      ,0,0,0,10,2,12
02201100,COLUMBIA BIBLE COLLEGE                  ,CN,00000-0000,Private      ,2,1,3,19,8,27
02209700,UNIVERSITE DU QUEBEC (UNIVERSITY OF     ,CN,00000-0000,Public       ,0,1,1,0,10,10
02216400,TYNDALE COLLEGE & SEMINARY              ,CN,00000-0000,Private      ,0,0,0,4,6,10
02219000,ST. LAWRENCE COLLEGE                    ,CN,00000-0000,Public       ,0,0,0,2,2,4
02219200,UNIVERSITY OF SASKATCHEWAN              ,CN,00000-0000,Public       ,0,1,1,4,12,16
02324900,EMMANUEL BIBLE COLLEGE                  ,CN,00000-0000,Private      ,0,0,0,0,1,1
02338800,EMILY CARR UNIVERSITY OF ART AND DESIGN ,CN,00000-0000,Public       ,1,0,1,53,25,78
02354700,RED DEER COLLEGE                        ,CN,00000-0000,Public       ,0,0,0,0,1,1
02529200,AUGUSTANA UNIVERSITY COLLEGE            ,CN,00000-0000,Private      ,0,0,0,0,1,1
02592600,NEW BRUNSWICK COMMUNITY COLLEGE         ,CN,00000-0000,Public       ,0,0,0,2,1,3
02593800,CONCORDIA UNIVERSITY COLLEGE            ,CN,00000-0000,Private      ,0,0,0,8,3,11
02611900,THE KING'S UNIVERSITY COLLEGE           ,CN,00000-0000,Private      ,0,0,0,2,1,3
03018300,ROCKY MOUNTAIN COLLEGE: CENTRE FOR      ,CN,00000-0000,Private      ,0,0,0,4,2,6
03033800,UNIVERSITY COLLEGE OF CAPE BRETON       ,CN,00000-0000,Public       ,1,0,1,8,1,9
03076200,COVENANT BIBLE COLLEGE                  ,CN,00000-0000,Private      ,0,0,0,21,2,23
03078300,VANCOUVER SCHOOL OF THEOLOGY            ,CN,00000-0000,Private      ,0,0,0,1,12,13
03273300,CANADIAN COLLEGE OF NATUROPATHIC ME     ,CN,00000-0000,Private      ,0,2,2,3,24,27
03298300,ALBERTA COLLEGE OF ART & DESIGN         ,CN,00000-0000,Public       ,0,0,0,22,2,24
03332500,KWANTLEN UNIVERSITY COLLEGE             ,CN,00000-0000,Public       ,0,0,0,5,9,14
03335400,CANADIAN UNIVERSITY COLLEGE             ,CN,00000-0000,Private      ,1,0,1,42,8,50
03339300,ST. STEPHENS UNIVERSITY                 ,CN,00000-0000,Private      ,0,0,0,4,4,8
03348500,REDEEMER UNIVERSITY COLLEGE             ,CN,00000-0000,Private      ,0,0,0,16,2,18
03408300,CANDIAN NAZARENE UNIVERSITY COLLEGE     ,CN,00000-0000,Private      ,0,0,0,3,1,4
03421300,LOYALIST COLLEGE OF APPLIED ARTS &      ,CN,00000-0000,Public       ,0,0,0,1,2,3
03433300,LANGARA COLLEGE                         ,CN,00000-0000,Public       ,0,0,0,5,5,10
03435400,ROYAL ROADS UNIVERSITY                  ,CN,00000-0000,Public       ,0,0,0,1,5,6
03465300,NIPISSING UNIVERSITY                    ,CN,00000-0000,Public       ,0,0,0,1,0,1
03511300,CN CLG ACUPUNCTURE & ORIENTAL MED       ,CN,00000-0000,Private      ,0,1,1,1,9,10
03551300,INTERNATIONAL BIBLE COLLEGE             ,CN,00000-0000,Private      ,0,0,0,4,2,6
03560400,NIAGARA COLLEGE-WELLAND CAMPUS          ,CN,00000-0000,Public       ,0,1,1,1,9,10
03613300,UNIV OF NORTHERN BRITISH COLUMBIA       ,CN,00000-0000,Public       ,0,1,1,5,5,10
03674400,CANADIAN SOUTHERN BAPTIST SEMINARY      ,CN,00000-0000,Private      ,0,0,0,0,3,3
03711300,CAPILANO UNIVERSITY                     ,CN,00000-0000,Public       ,0,0,0,5,6,11
03745300,BRITISH COLUMBIA INSTITUTE OF TECHNOLOGY,CN,00000-0000,Public       ,0,0,0,5,7,12
00814700,UNIVERSIDAD AUTONOMA DE GUADALAJARA     ,MX,00000-0000,Private      ,4,186,190,39,1185,1224
01041800,INST TEC Y DE ESTSUPER DE MONTERRE      ,MX,00000-0000,Private      ,1,5,6,42,50,92
01067600,UNIVERSIDAD DE MONTERREY                ,MX,00000-0000,Private      ,1,4,5,11,30,41
01093800,UNIVERSIDAD DE GUANAJUATO               ,MX,00000-0000,Public       ,0,4,4,12,19,31
01097600,INSTITUTO ALLENDE                       ,MX,00000-0000,Private      ,0,0,0,3,10,13
01230100,UNIV AUTON DE TAMAULIPAS FAC DEMED      ,MX,00000-0000,Public       ,0,0,0,0,3,3
02053300,CENTRO DE ESTUDIOS UNIVERSITARIOS D     ,MX,00000-0000,Private      ,9,31,40,85,189,274
02283100,UNIVERSIDAD TECNOLOGICA DE MEXICO       ,MX,00000-0000,Proprietary  ,0,4,4,5,17,22
01001000,AMERICAN SAMOA CMNTY COLLEGE            ,AS,96799-2609,Public       ,32,12,44,1259,288,1547
01034300,COLLEGE OF MICRONESIA - FSM             ,FM,96941-0159,Public       ,256,101,357,2054,584,2638
01100900,PALAU COMMUNITY COLLEGE                 ,PW,96940-0009,Public       ,26,14,40,769,367,1136
03022400,COLLEGE OF THE MARSHALL ISLANDS         ,MH,96960-1258,Public       ,61,31,92,542,314,856
03033000,NORTHERN MARIANAS COLLEGE               ,MP,96950-0000,Public       ,52,36,88,372,349,721
