OPE ID,School,State,Zip Code,School Type,20062007Qtr3_Dependent Students,20062007Qtr3_Independent Students,Quarterly Total,YTD_20062007Qtr3_Dependent Students,YTD_20062007Qtr3_Independent Students,Award Year To Date Total
00100200,ALABAMA AGRCLTL & MECHL UNIV            ,AL,35762-1357,Public       ,851,642,1493,5417,2823,8240
00100300,FAULKNER UNIVERSITY                     ,AL,36109-3398,Private      ,305,836,1141,957,2417,3374
00100400,UNIVERSITY OF MONTEVALLO                ,AL,35115-6000,Public       ,311,232,543,1515,829,2344
00100500,ALABAMA STATE UNIVERSITY                ,AL,36101-0000,Public       ,1148,1104,2252,6349,3308,9657
00100700,CENTRAL ALABAMA COMMUNITY COLLEGE       ,AL,35011-0000,Public       ,345,645,990,866,1329,2195
00100800,ATHENS STATE UNIVERSITY                 ,AL,35611-1999,Public       ,146,550,696,489,1911,2400
00100900,AUBURN UNIVERSITY                       ,AL,36849-5113,Public       ,1342,817,2159,11512,4279,15791
00101200,BIRMINGHAM SOUTHERN COLLEGE             ,AL,35254-0002,Private      ,146,60,206,1131,234,1365
00101300,CALHOUN COMMUNITY COLLEGE               ,AL,35609-2216,Public       ,719,1126,1845,2560,3874,6434
00101500,ENTERPRISE-OZARK COMMUNITY COLLEGE      ,AL,36331-1300,Public       ,218,356,574,655,861,1516
00101600,UNIVERSITY OF NORTH ALABAMA             ,AL,35632-0001,Public       ,665,623,1288,3073,1945,5018
00101700,GADSDEN STATE COMMUNITY COLLEGE         ,AL,35903-2269,Public       ,516,931,1447,1595,2374,3969
00101706,GADSDEN STATE COMM. COLLEGE-AYERS CAMPUS,AL,36202-0000,Public       ,63,137,200,179,341,520
00101800,GEORGE C WALLACE COMMUNITY COLLEGE      ,AL,36303-0943,Public       ,379,776,1155,982,1899,2881
00101900,HUNTINGDON COLLEGE                      ,AL,36106-2148,Private      ,114,81,195,801,243,1044
00102000,JACKSONVILLE STATE UNIVERSITY           ,AL,36265-1602,Public       ,952,1194,2146,4445,3733,8178
00102100,JEFFERSON DAVIS COMMUNITY COLLEGE       ,AL,36427-2790,Public       ,147,223,370,346,580,926
00102200,JEFFERSON STATE COMMUNITY COLLEGE       ,AL,35215-3098,Public       ,759,1247,2006,2180,3675,5855
00102300,JUDSON COLLEGE                          ,AL,36756-2504,Private      ,45,25,70,246,87,333
00102400,UNIVERSITY OF WEST ALABAMA              ,AL,35470-0000,Public       ,291,899,1190,1498,2276,3774
00102600,MARION MILITARY INSTITUTE               ,AL,36756-3214,Public       ,65,8,73,203,20,223
00102800,MILES COLLEGE                           ,AL,35064-2697,Private      ,580,448,1028,1682,1060,2742
00102900,UNIVERSITY OF MOBILE                    ,AL,36613-0000,Private      ,179,390,569,927,1418,2345
00103000,BISHOP STATE COMMUNITY COLLEGE          ,AL,36603-5898,Public       ,554,1295,1849,1337,3290,4627
00103001,BISHOP STATE COMM COLG-CARVER CMPS      ,AL,36617-0000,Public       ,35,84,119,87,184,271
00103002,BISHOP STAT COMM CLG-SW CMPS            ,AL,36605-0000,Public       ,16,39,55,56,104,160
00103100,NORTHEAST ALABAMA STATE CMNTY COLG      ,AL,35986-0159,Public       ,258,546,804,650,1117,1767
00103300,OAKWOOD COLLEGE                         ,AL,35896-0001,Private      ,416,157,573,1517,535,2052
00103400,ALABAMA SOUTHERN COMMUNITY COLLEGE      ,AL,36460-5698,Public       ,247,423,670,602,764,1366
00103600,SAMFORD UNIVERSITY                      ,AL,35229-7000,Private      ,159,262,421,2339,2095,4434
00103700,SELMA UNIVERSITY                        ,AL,36701-0000,Private      ,1,5,6,3,8,11
00103800,SNEAD STATE COMMUNITY COLLEGE           ,AL,35957-0734,Public       ,170,372,542,624,1017,1641
00104000,SOUTHERN UNION STATE COMMUNITY CLG      ,AL,36276-0000,Public       ,590,600,1190,1868,1691,3559
00104100,SPRING HILL COLLEGE                     ,AL,36608-1791,Private      ,109,131,240,1415,495,1910
00104400,STILLMAN COLLEGE                        ,AL,35403-1430,Private      ,157,118,275,1096,346,1442
00104600,TALLADEGA COLLEGE                       ,AL,35160-2354,Private      ,176,50,226,476,118,594
00104700,TROY STATE UNIVERSITY                   ,AL,36082-0001,Public       ,792,3537,4329,4160,11155,15315
00104754,TROY UNIVERSITY - DOTHAN                ,AL,36303-1575,Public       ,95,423,518,424,1460,1884
00104755,TROY UNIVERSITY - MONTGOMERY            ,AL,36103-4419,Public       ,240,1141,1381,792,3833,4625
00105000,TUSKEGEE UNIVERSITY                     ,AL,36088-1645,Private      ,306,131,437,4097,865,4962
00105100,UNIVERSITY OF ALABAMA (THE)             ,AL,35487-0120,Public       ,1432,1264,2696,11338,5689,17027
00105200,UNIVERSITY OF ALABAMA AT BIRMINGHAM     ,AL,35294-1150,Public       ,1121,1538,2659,7064,7251,14315
00105500,UNIVERSITY OF ALABAMA IN HUNTSVILLE     ,AL,35899-0001,Public       ,608,706,1314,3207,2522,5729
00105700,UNIVERSITY OF SOUTH ALABAMA             ,AL,36688-0002,Public       ,1086,1603,2689,4926,6548,11474
00105900,LAWSON STATE COMMUNITY COLLEGE          ,AL,35221-1798,Public       ,683,1027,1710,1400,2105,3505
00105901,LAWSON STATE COMMUNITY COLLEGE - BESSEME,AL,35021-0308,Public       ,157,317,474,301,731,1032
00106000,FAULKNER STATE COMMUNITY COLLEGE        ,AL,36507-2698,Public       ,542,530,1072,1463,1475,2938
00446200,GADSDEN BUSINESS COLLEGE                ,AL,35906-3658,Proprietary  ,9,13,22,17,41,58
00526000,J.F. DRAKE STATE TECH COLLEGE           ,AL,35811-1584,Public       ,111,352,463,261,804,1065
00569100,SHELTON STATE COMMUNITY CLG             ,AL,35405-4017,Public       ,747,936,1683,2221,2166,4387
00569200,REID STATE TECHNICAL COLLEGE            ,AL,36401-0000,Public       ,112,265,377,178,389,567
00569700,NORTHWEST- SHOALS COMMUNITY COLLEGE     ,AL,35661-0000,Public       ,495,665,1160,1395,1674,3069
00569702,NORTHWEST-SHOALS C.C.-PHIL CAMPBELL     ,AL,35581-0000,Public       ,53,63,116,169,177,346
00569900,GEORGE C WALLACE STATE CMTY COLLEGE     ,AL,36703-0000,Public       ,419,621,1040,874,1146,2020
00573300,BEVILL STATE CMTY COLLEGE-WALKER        ,AL,35148-0000,Public       ,346,638,984,826,1480,2306
00573301,BEVILL STATE COMMUNITY COLLEGE - FAYETTE,AL,35555-0000,Public       ,67,103,170,257,301,558
00573302,BEVILL STATE CMTY CLG-HAMILTON CAMP     ,AL,35570-0000,Public       ,59,84,143,161,265,426
00573305,BEVILL STATE CMTY CLG-WALKER CLG        ,AL,35501-0000,Public       ,69,115,184,237,320,557
00573400,H. COUNCILL TRENHOLM STATE TECH COLLEGE ,AL,36108-0020,Public       ,210,541,751,435,1101,1536
00573401,H. C. TRENHOLM ST TECH COL-PATTERSON CAM,AL,36116-2612,Public       ,72,128,200,153,306,459
00787100,GEORGE C WALLACE STATE CMTY CLG         ,AL,35077-2000,Public       ,662,921,1583,1836,2687,4523
00831000,AUBURN UNIVERSITY-MONTGOMERY            ,AL,36124-0000,Public       ,539,884,1423,2306,2813,5119
00898800,LURLEEN B WALLACE COMMUNITY COLLEGE     ,AL,36420-0418,Public       ,204,319,523,515,668,1183
01019300,HERZING COLLEGE                         ,AL,35209-4816,Proprietary  ,55,184,239,159,515,674
01055400,CONCORDIA COLLEGE                       ,AL,36701-3323,Private      ,175,213,388,537,425,962
01123700,SOUTHERN COMMUNITY COLLEGE              ,AL,36083-1803,Private      ,4,73,77,21,132,153
01218200,CHATTAHOOCHEE VALLEY CMTY CLG           ,AL,36869-7917,Public       ,245,426,671,601,1110,1711
01303906,SOUTH UNIVERSITY - MONTGOMERY           ,AL,36116-1120,Proprietary  ,84,263,347,162,580,742
02170600,UNITED STATES SPORTS ACADEMY            ,AL,36526-7055,Private      ,6,154,160,19,496,515
02199700,HERITAGE CHRISTIAN UNIVERSITY           ,AL,35630-0000,Private      ,6,25,31,14,65,79
02270400,SOUTHEASTERN BIBLE COLLEGE              ,AL,35244-2083,Private      ,30,45,75,98,135,233
02296000,PRINCE INSTITUTE OF PROFESSIONAL STUDIES,AL,36117-0000,Proprietary  ,6,22,28,27,60,87
02323800,GAITHER AND COMPANY BEAUTY COLLEGE      ,AL,35768-0000,Proprietary  ,2,11,13,3,13,16
02341000,FORTIS COLLEGE                          ,AL,36609-0000,Proprietary  ,76,211,287,204,652,856
02341002,CAPPS COLLEGE - MONTGOMERY              ,AL,36109-3624,Proprietary  ,7,24,31,26,67,93
02503400,AMRIDGE UNIVERSITY                      ,AL,36124-0000,Private      ,10,309,319,27,817,844
02605500,REMINGTON COLLEGE - MOBILE CAMPUS       ,AL,36609-5593,Proprietary  ,124,430,554,353,1423,1776
03010600,VIRGINIA COLLEGE                        ,AL,35209-5154,Proprietary  ,347,1750,2097,743,4824,5567
03010602,VIRGINIA COLLEGE - HUNTSVILLE           ,AL,35805-0000,Proprietary  ,31,84,115,100,282,382
03010605,VA COLG TECHNICAL AT PELHAM             ,AL,35124-0000,Proprietary  ,10,9,19,31,23,54
03032500,ALABAMA STATE CLG BARBER STYLING        ,AL,35215-8308,Proprietary  ,1,13,14,15,29,44
03100503,VIRGINIA COLLEGE AT PENSACOLA - VIRGINIA,AL,35242-5340,Proprietary  ,25,77,102,60,194,254
03361400,FORTIS COLLEGE                          ,AL,36535-3547,Proprietary  ,19,68,87,50,238,288
03459300,SOUTHEASTERN SCHOOL OF COSMETOLOGY      ,AL,35228-0000,Private      ,15,70,85,24,128,152
03783300,BLUE CLIFF CAREER COLLEGE               ,AL,63306-4749,Proprietary  ,22,73,95,34,121,155
00111100,ALLAN HANCOCK COLLEGE                   ,CA,93454-6399,Public       ,416,650,1066,2153,2395,4548
00111300,ANTELOPE VALLEY COLLEGE                 ,CA,93536-5426,Public       ,762,1430,2192,2700,3978,6678
00111600,ART CENTER COLLEGE OF DESIGN            ,CA,91103-1999,Private      ,108,129,237,1072,1259,2331
00111700,AZUSA PACIFIC UNIVERSITY                ,CA,91702-7000,Private      ,248,1284,1532,5418,4118,9536
00111800,BAKERSFIELD COLLEGE                     ,CA,93305-1299,Public       ,620,1120,1740,5335,5188,10523
00111900,BARSTOW COMMUNITY COLLEGE               ,CA,92311-6608,Public       ,229,720,949,457,1590,2047
00112000,AMER BAPT SEM OF THE WEST-BERKELEY      ,CA,94704-0000,Private      ,0,8,8,3,45,48
00112100,BETHANY UNIVERSITY /  ASSEMBLIES OF GOD ,CA,95066-2896,Private      ,54,94,148,457,393,850
00112200,BIOLA UNIVERSITY                        ,CA,90639-0001,Private      ,150,261,411,4274,1871,6145
00112300,BROOKS INSTITUTE                        ,CA,93103-1809,Proprietary  ,335,237,572,1886,1105,2991
00112400,CABRILLO COLLEGE                        ,CA,95003-3194,Public       ,418,729,1147,1989,2527,4516
00112500,CALIFORNIA BAPTIST UNIVERSITY           ,CA,92504-3297,Private      ,158,542,700,2434,2021,4455
00112700,CALIFORNIA COLLEGE OF THE ARTS          ,CA,94107-2206,Private      ,72,83,155,1298,1210,2508
00113100,CALIFORNIA INSTITUTE OF TECHNOLOGY      ,CA,91125-0001,Private      ,19,16,35,2103,296,2399
00113200,CALIFORNIA INSTITUTE OF THE ARTS        ,CA,91355-2397,Private      ,32,22,54,1214,1325,2539
00113300,CALIFORNIA LUTHERAN UNIVERSITY          ,CA,91360-2787,Private      ,107,271,378,2258,1054,3312
00113400,CALIFORNIA MARITIME ACADEMY             ,CA,94590-8181,Public       ,35,20,55,515,182,697
00113700,CALIF STATE UNIV-FULLERTON              ,CA,92831-3599,Public       ,1208,1679,2887,23854,11946,35800
00113800,"CALIFORNIA STATE UNIVERSITY, EAST BAY   ",CA,94542-3000,Public       ,380,912,1292,5467,6485,11952
00113900,CALIF STATE UNIV-LONG BEACH             ,CA,90840-0006,Public       ,976,1437,2413,30770,14093,44863
00114000,CALIF STATE UNIV-LOS ANGELES            ,CA,90032-4226,Public       ,646,1713,2359,15092,12783,27875
00114100,"CALIF STATE UNIV, DOMINGUEZ HILLS       ",CA,90747-0001,Public       ,393,1333,1726,7801,7572,15373
00114200,CALIF STATE UNIV SAN BERNARDINO         ,CA,92407-2397,Public       ,631,1572,2203,10393,9253,19646
00114300,CAL POLY STATE UNIVERSITY               ,CA,93407-0001,Public       ,770,420,1190,18584,3171,21755
00114400,CALIF STATE POLYTECHNIC UNIV POMONA     ,CA,91768-2500,Public       ,673,806,1479,16119,5770,21889
00114600,CALIF STATE UNIV - CHICO                ,CA,95929-0001,Public       ,623,705,1328,10609,5069,15678
00114700,CALIF STATE UNIV - FRESNO               ,CA,93740-8026,Public       ,706,1124,1830,15022,8569,23591
00114900,HUMBOLDT STATE UNIVERSITY               ,CA,95521-8299,Public       ,315,369,684,5865,3548,9413
00115000,CALIF STATE UNIV-SACRAMENTO             ,CA,95819-6044,Public       ,1002,1580,2582,16495,12033,28528
00115100,SAN DIEGO STATE UNIVERSITY              ,CA,92182-1690,Public       ,1701,1785,3486,30668,12819,43487
00115300,CALIF STATE UNIV-NORTHRIDGE             ,CA,91330-8307,Public       ,1093,1768,2861,20983,12860,33843
00115301,CALIF STATE UNIV CHANNEL ISLANDS        ,CA,93012-0000,Public       ,96,133,229,1764,828,2592
00115400,SAN FRANCISCO STATE UNIVERSITY          ,CA,94132-1740,Public       ,950,1682,2632,20681,14604,35285
00115500,SAN JOSE STATE UNIVERSITY               ,CA,95192-0036,Public       ,770,1375,2145,16849,10501,27350
00115600,SONOMA STATE UNIVERSITY                 ,CA,94928-3609,Public       ,223,326,549,6308,2605,8913
00115700,CALIF STATE UNIV-STANISLAUS             ,CA,95382-0299,Public       ,290,587,877,5133,3850,8983
00115800,UNITED STATES INTERNATIONAL UNIV        ,CA,92131-1799,Private      ,6,126,132,77,982,1059
00116100,CERRITOS COLLEGE                        ,CA,90650-6296,Public       ,1383,1595,2978,6582,5010,11592
00116200,CHABOT COLLEGE                          ,CA,94545-2400,Public       ,525,744,1269,2717,2992,5709
00116300,CHAFFEY COLLEGE                         ,CA,91737-9400,Public       ,1111,1541,2652,4666,5256,9922
00116400,CHAPMAN UNIVERSITY                      ,CA,92866-1099,Private      ,248,1805,2053,5067,6452,11519
00116453,CHAPMAN UNIVERSITY SCHOOL OF LAW        ,CA,92866-0000,Private      ,2,77,79,105,1437,1542
00116500,CHURCH DIV SCH OF THE PACIFIC           ,CA,94709-0000,Private      ,0,4,4,0,70,70
00116600,CITRUS COLLEGE                          ,CA,91741-1899,Public       ,707,673,1380,3667,2484,6151
00116900,CLAREMONT GRADUATE UNIVERSITY           ,CA,91711-0000,Private      ,1,188,189,22,1338,1360
00117000,CLAREMONT MCKENNA COLLEGE               ,CA,91711-6400,Private      ,14,4,18,2164,53,2217
00117100,HARVEY MUDD COLLEGE                     ,CA,91711-5990,Private      ,4,2,6,1371,20,1391
00117200,PITZER COLLEGE                          ,CA,91711-6101,Private      ,16,11,27,1862,116,1978
00117300,POMONA COLLEGE                          ,CA,91711-6301,Private      ,53,12,65,3056,64,3120
00117400,SCRIPPS COLLEGE                         ,CA,91711-3948,Private      ,31,3,34,1210,61,1271
00117600,WEST HILLS COMMUNITY COLLEGE            ,CA,93210-1399,Public       ,276,541,817,1776,1904,3680
00117700,COGSWELL POLYTECHNICAL COLLEGE          ,CA,94089-1210,Private      ,24,21,45,119,84,203
00117800,COLLEGE OF MARIN                        ,CA,94904-2590,Public       ,153,317,470,548,1082,1630
00117801,COLG OF MARIN-INDIAN VALLEY CMPS        ,CA,94949-0000,Public       ,2,23,25,7,61,68
00117900,NOTRE DAME DE NAMUR UNIVERSITY          ,CA,94002-1997,Private      ,60,156,216,837,679,1516
00118100,COLLEGE OF SAN MATEO                    ,CA,94402-3784,Public       ,232,351,583,1351,1182,2533
00118200,COLLEGE OF THE DESERT                   ,CA,92260-9305,Public       ,457,650,1107,2033,2079,4112
00118300,HOLY NAMES UNIVERSITY                   ,CA,94619-1699,Private      ,67,164,231,482,642,1124
00118500,COLLEGE OF THE REDWOODS                 ,CA,95501-9300,Public       ,270,609,879,1690,2473,4163
00118600,COLLEGE OF THE SEQUOIAS                 ,CA,93277-2234,Public       ,549,935,1484,3679,3848,7527
00118700,COLLEGE OF THE SISKIYOUS                ,CA,96094-2899,Public       ,158,238,396,708,679,1387
00118701,COLLEGE OF THE SISKIYOUS - YREKA CENTER ,CA,96097-9538,Public       ,4,10,14,21,28,49
00119000,CONTRA COSTA COLLEGE                    ,CA,94806-3195,Public       ,297,547,844,1235,1859,3094
00119100,DIABLO VALLEY COLLEGE                   ,CA,94523-1544,Public       ,495,591,1086,2532,2137,4669
00119200,CUESTA COLLEGE                          ,CA,93403-8106,Public       ,403,543,946,2311,2026,4337
00119300,CYPRESS COLLEGE                         ,CA,90630-5897,Public       ,630,966,1596,3049,2948,5997
00119600,DOMINICAN UNIVERSITY OF CALIFORNIA      ,CA,94901-2298,Private      ,72,139,211,1820,998,2818
00119700,EL CAMINO COLLEGE                       ,CA,90506-0002,Public       ,1179,1388,2567,5705,4613,10318
00119701,COMPTON COMMUNITY COLLEGE               ,CA,90221-5393,Public       ,193,433,626,609,1208,1817
00119900,FOOTHILL COLLEGE                        ,CA,94022-4597,Public       ,232,406,638,1138,1530,2668
00120000,FULLER THEOLOGICAL SEMINARY             ,CA,91182-0000,Private      ,2,201,203,9,1988,1997
00120100,FULLERTON COLLEGE                       ,CA,92832-2095,Public       ,912,972,1884,4661,3118,7779
00120200,GAVILAN COLLEGE                         ,CA,95020-9599,Public       ,158,305,463,752,893,1645
00120300,GLENDALE COMMUNITY COLLEGE              ,CA,91208-2894,Public       ,1010,1122,2132,4659,3846,8505
00120400,GOLDEN GATE BAPT THEOL SEMINARY         ,CA,94941-0000,Private      ,0,7,7,0,31,31
00120500,GOLDEN GATE UNIVERSITY                  ,CA,94105-2967,Private      ,3,363,366,63,2862,2925
00120600,GOLDEN WEST COLLEGE                     ,CA,92647-2748,Public       ,634,768,1402,3884,2921,6805
00120700,GRADUATE THEOLOGICAL UNION              ,CA,94709-0000,Private      ,0,35,35,0,329,329
00120800,GROSSMONT COLLEGE                       ,CA,92020-1798,Public       ,906,1278,2184,3912,3851,7763
00120900,HARTNELL COMMUNITY COLLEGE              ,CA,93901-1697,Public       ,592,679,1271,1720,1530,3250
00121200,HUMPHREYS COLLEGE                       ,CA,95207-3896,Private      ,29,160,189,185,714,899
00121400,IMPERIAL VALLEY COLLEGE                 ,CA,92251-9787,Public       ,931,998,1929,2895,2163,5058
00121500,LA SIERRA UNIVERSITY                    ,CA,92515-3332,Private      ,196,159,355,1635,622,2257
00121600,UNIVERSITY OF LA VERNE                  ,CA,91750-4443,Private      ,146,1074,1220,2445,4733,7178
00121700,LASSEN COLLEGE                          ,CA,96130-3000,Public       ,110,188,298,346,469,815
00121800,LOMA LINDA UNIVERSITY                   ,CA,92350-0001,Private      ,80,380,460,711,3937,4648
00121900,LONG BEACH CITY COLLEGE                 ,CA,90808-1780,Public       ,1531,2510,4041,7342,7872,15214
00122000,MASTER'S COLLEGE & SEMINARY (THE)       ,CA,91321-1200,Private      ,60,57,117,1068,311,1379
00122300,LOS ANGELES CITY COLLEGE                ,CA,90029-3588,Public       ,681,1420,2101,3385,5886,9271
00122400,LOS ANGELES HARBOR COLLEGE              ,CA,90744-2397,Public       ,435,756,1191,1601,2281,3882
00122600,LOS ANGELES PIERCE COLLEGE              ,CA,91371-0001,Public       ,745,808,1553,4033,3107,7140
00122700,LOS ANGELES TRADE TECH COLLEGE          ,CA,90015-4181,Public       ,505,1255,1760,2137,3908,6045
00122800,LOS ANGELES VALLEY COLLEGE              ,CA,91401-4096,Public       ,672,980,1652,3350,3666,7016
00122900,SO CA UNIV  HEALTH SCIENCES             ,CA,90604-4051,Private      ,0,65,65,11,539,550
00123000,SOUTHERN CA COLLEGE OF OPTOMETRY        ,CA,92831-1699,Private      ,0,11,11,7,488,495
00123200,AMERICAN RIVER COLLEGE                  ,CA,95841-4286,Public       ,877,1922,2799,5257,7866,13123
00123300,SACRAMENTO CITY COLLEGE                 ,CA,95822-1386,Public       ,867,1569,2436,5781,6380,12161
00123600,MENLO COLLEGE                           ,CA,94027-4301,Private      ,81,48,129,746,141,887
00123700,MERCED COMMUNITY COLLEGE                ,CA,95348-2898,Public       ,567,766,1333,3298,2959,6257
00123800,MILLS COLLEGE                           ,CA,94613-1301,Private      ,30,77,107,1102,991,2093
00123900,MIRACOSTA COLLEGE                       ,CA,92056-3899,Public       ,345,537,882,1521,1810,3331
00124000,MODESTO JUNIOR COLLEGE                  ,CA,95350-5800,Public       ,831,1363,2194,5237,5099,10336
00124200,MONTEREY PENINSULA COLLEGE              ,CA,93940-4799,Public       ,219,332,551,896,1131,2027
00124300,MOUNT ST MARYS COLLEGE                  ,CA,90049-1599,Private      ,48,188,236,1824,1507,3331
00124500,MT. SAN ANTONIO COLLEGE                 ,CA,91789-1399,Public       ,1391,1468,2859,7351,5041,12392
00124600,MT SAN JACINTO COLLEGE                  ,CA,92583-2399,Public       ,601,1089,1690,2447,3718,6165
00124700,NAPA VALLEY COLLEGE                     ,CA,94558-6236,Public       ,219,354,573,932,1207,2139
00124900,OCCIDENTAL COLLEGE                      ,CA,90041-3314,Private      ,29,17,46,3250,180,3430
00125000,ORANGE COAST COLLEGE - FIN AID OFF      ,CA,92628-5005,Public       ,847,949,1796,5980,3283,9263
00125100,OTIS COLLEGE OF ART AND DESIGN          ,CA,90045-3505,Private      ,70,45,115,1168,459,1627
00125200,HOPE INTERNATIONAL UNIVERSITY           ,CA,92631-0000,Private      ,72,110,182,480,491,971
00125300,FRESNO PACIFIC UNIVERSITY               ,CA,93702-4798,Private      ,62,346,408,1421,1482,2903
00125302,FRESNO PACIFIC UNIVERSITY - VISALIA CENT,CA,93277-8341,Private      ,1,21,22,1,21,22
00125303,FRESNO PACIFIC UNIVERSITY - BAKERSFIELD ,CA,93301-4533,Private      ,0,12,12,0,12,12
00125400,PACIFIC LUTHERAN THEOLOGICAL SEM        ,CA,94708-0000,Private      ,0,7,7,1,89,90
00125500,PACIFIC OAKS COLLEGE                    ,CA,91103-3592,Private      ,5,151,156,26,1011,1037
00125600,PACIFIC SCHOOL OF RELIGION              ,CA,94709-0000,Private      ,0,14,14,1,176,177
00125800,PACIFIC UNION COLLEGE                   ,CA,94508-9797,Private      ,258,110,368,1182,371,1553
00125900,PALO VERDE COLLEGE                      ,CA,92225-0000,Public       ,45,139,184,127,292,419
00126000,PALOMAR COLLEGE                         ,CA,92069-1486,Public       ,841,1111,1952,3683,3560,7243
00126100,PASADENA CITY COLLEGE                   ,CA,91106-2003,Public       ,1611,1337,2948,8823,4907,13730
00126200,POINT LOMA NAZARENE UNIVERSITY          ,CA,92106-2899,Private      ,99,344,443,3105,902,4007
00126600,LANEY COLLEGE                           ,CA,94607-4893,Public       ,463,1049,1512,2165,3769,5934
00126700,MERRITT COLLEGE                         ,CA,94619-3196,Public       ,267,830,1097,1002,2422,3424
00126800,PORTERVILLE COLLEGE                     ,CA,93257-6059,Public       ,241,419,660,1203,1367,2570
00126900,RIO HONDO COLLEGE                       ,CA,90601-1699,Public       ,809,861,1670,4274,3007,7281
00127000,RIVERSIDE COMMUNITY COLLEGE             ,CA,92506-1299,Public       ,2291,3016,5307,9659,9702,19361
00127200,SAN BERNARDINO VALLEY COLLEGE           ,CA,92410-2798,Public       ,716,1656,2372,2804,5008,7812
00127300,SAN DIEGO CITY COLLEGE                  ,CA,92101-4787,Public       ,860,2091,2951,3588,5961,9549
00127500,SAN DIEGO MESA COLLEGE                  ,CA,92111-4996,Public       ,1225,1634,2859,5004,4773,9777
00127800,SAN FRANCISCO CONSERVATORY OF MUSIC     ,CA,94122-4498,Private      ,13,12,25,259,283,542
00127900,SAN FRANCISCO THEOLOGICAL SEMINARY      ,CA,94960-0000,Private      ,0,10,10,0,92,92
00128000,SAN JOAQUIN DELTA COLLEGE               ,CA,95207-6370,Public       ,1081,1967,3048,5472,6127,11599
00128100,WILLIAM JESSUP UNIVERSITY               ,CA,95765-3707,Private      ,33,59,92,418,320,738
00128200,SAN JOSE CITY COLLEGE                   ,CA,95128-2797,Public       ,442,901,1343,2052,2914,4966
00128400,SANTA ANA COLLEGE                       ,CA,92706-3398,Public       ,579,861,1440,3023,2688,5711
00128500,SANTA BARBARA CITY COLLEGE              ,CA,93109-2394,Public       ,512,510,1022,3180,1823,5003
00128600,SANTA MONICA COLLEGE                    ,CA,90405-1644,Public       ,1146,1101,2247,7695,4134,11829
00128700,SANTA ROSA JUNIOR COLLEGE               ,CA,95401-4395,Public       ,433,938,1371,2947,3420,6367
00128800,CLAREMONT SCHOOL OF THEOLOGY            ,CA,91711-0000,Private      ,0,24,24,3,199,202
00128900,SHASTA COLLEGE                          ,CA,96049-7692,Public       ,401,888,1289,2324,2855,5179
00129000,SIERRA COLLEGE                          ,CA,95677-3397,Public       ,634,1006,1640,3167,3718,6885
00129100,SIMPSON UNIVERSITY                      ,CA,96003-8606,Private      ,45,108,153,1075,537,1612
00129200,SOLANO COMMUNITY COLLEGE                ,CA,94534-3197,Public       ,355,719,1074,1580,2543,4123
00129300,VANGUARD UNIVERSITY OF SOUTHERN CA      ,CA,92626-6597,Private      ,97,151,248,1820,671,2491
00129400,SOUTHWESTERN COLLEGE                    ,CA,91910-7299,Public       ,1098,1106,2204,5066,3808,8874
00129500,SOUTHWESTERN LAW SCHOOL                 ,CA,90010-1106,Private      ,2,88,90,15,2190,2205
00129600,DOMINICAN SCH PHILOSOPHY & THEOLOGY     ,CA,94709-0000,Private      ,1,3,4,2,18,20
00129900,ST JOHN'S SEMINARY COLLEGE              ,CA,93010-0000,Private      ,1,0,1,4,0,4
00130200,SAINT MARY'S COLLEGE OF CALIFORNIA      ,CA,94556-2744,Private      ,140,221,361,3459,1225,4684
00130500,STANFORD UNIVERSITY                     ,CA,94305-6106,Private      ,258,246,504,12700,2621,15321
00130501,STANFORD UNIVERSITY - GRADUATE SCHOOL OF,CA,94305-5301,Private      ,2,63,65,44,548,592
00130502,STANFORD UNIVERSITY - GRADUATE SCHOOL OF,CA,94305-5015,Private      ,0,100,100,22,958,980
00130503,STANFORD UNIVERSITY - STANFORD LAW SCHOO,CA,94305-3096,Private      ,0,36,36,15,1701,1716
00130700,FRESNO CITY COLLEGE                     ,CA,93741-0002,Public       ,1229,2104,3333,9582,8395,17977
00130800,REEDLEY COLLEGE                         ,CA,93654-2099,Public       ,642,1040,1682,3869,3501,7370
00130900,TAFT COLLEGE                            ,CA,93268-2317,Public       ,134,144,278,506,463,969
00131200,UNIVERSITY OF CALIFORNIA-BERKELEY       ,CA,94720-1520,Public       ,543,827,1370,35887,15746,51633
00131300,UNIVERSITY OF CALIFORNIA-DAVIS          ,CA,95616-8558,Public       ,688,758,1446,31478,10532,42010
00131400,UNIVERSITY OF CALIFORNIA-IRVINE         ,CA,92697-2825,Public       ,539,577,1116,32943,7137,40080
00131500,UNIVERSITY OF CALIFORNIA (UCLA)         ,CA,90095-9000,Public       ,770,1741,2511,42949,18647,61596
00131502,UNIV OF CALIFORNIA LOS ANG SCH MED      ,CA,90095-0000,Public       ,11,25,36,126,738,864
00131503,UNIV OF CALIFORNIA LOS ANG DENTAL       ,CA,90095-0000,Public       ,0,2,2,14,156,170
00131600,UNIVERSITY OF CALIFORNIA-RIVERSIDE      ,CA,92521-0209,Public       ,458,920,1378,20424,4816,25240
00131700,UNIVERSITY OF CALIFORNIA-SAN DIEGO      ,CA,92093-0013,Public       ,472,441,913,32380,6584,38964
00131900,UNIVERSITY OF CALIFORNIA-SFRANCISCO     ,CA,94143-0246,Public       ,22,204,226,399,3005,3404
00132000,UNIVERSITY OF CALIFORNIA-SANTA BARB     ,CA,93106-3180,Public       ,460,269,729,29499,5313,34812
00132100,UNIVERSITY OF CALIFORNIA-SANTA CRUZ     ,CA,95064-0001,Public       ,313,238,551,18877,3202,22079
00132200,UNIVERSITY OF REDLANDS                  ,CA,92373-0999,Private      ,126,385,511,3557,1618,5175
00132500,UNIVERSITY OF SAN FRANCISCO             ,CA,94117-1080,Private      ,170,510,680,6184,5201,11385
00132600,SANTA CLARA UNIVERSITY                  ,CA,95053-4956,Private      ,157,338,495,6107,3059,9166
00132800,UNIVERSITY OF SOUTHERN CALIFORNIA       ,CA,90089-0914,Private      ,486,914,1400,24657,16875,41532
00132900,UNIVERSITY OF THE PACIFIC               ,CA,95211-0197,Private      ,177,149,326,5226,2377,7603
00132901,UNIVERSITY OF THE PACIFIC - MCGEORGE SCH,CA,95817-2799,Private      ,1,65,66,17,2083,2100
00132902,UNIV OF THE PACIFIC SCH OF DENT         ,CA,94115-0000,Private      ,0,29,29,11,575,586
00133400,VENTURA COLLEGE                         ,CA,93003-3899,Public       ,461,534,995,2060,1854,3914
00133500,VICTOR VALLEY COLLEGE                   ,CA,92395-5849,Public       ,954,1909,2863,2579,4725,7304
00133800,WEST VALLEY COLLEGE                     ,CA,95070-5697,Public       ,326,416,742,1404,1326,2730
00134100,WESTMONT COLLEGE                        ,CA,93108-1099,Private      ,53,5,58,1909,40,1949
00134200,WHITTIER COLLEGE                        ,CA,90601-4413,Private      ,91,48,139,2040,280,2320
00134201,WHITTIER COLLEGE - COLLEGE OF LAW       ,CA,92626-1501,Private      ,0,59,59,2,1347,1349
00134300,WOODBURY UNIVERSITY                     ,CA,91510-7846,Private      ,69,106,175,972,693,1665
00134400,YUBA COLLEGE                            ,CA,95901-7699,Public       ,474,966,1440,2463,3326,5789
00177212,TRINITY INTERNATIONAL UNIV-CA           ,CA,92705-0000,Private      ,1,54,55,5,199,204
00274100,AMERICAN JEWISH UNIVERSITY              ,CA,90077-1599,Private      ,7,13,20,78,144,222
00301002,ANTIOCH UNIV/LOS ANGELES                ,CA,90230-7615,Private      ,3,122,125,16,673,689
00301003,ANTIOCH  UNIV/SANTA BARBARA             ,CA,93101-0000,Private      ,7,63,70,156,370,526
00304701,HEBREW UNION COLL - LOS ANGELES         ,CA,90007-0000,Private      ,0,0,0,1,6,7
00369110,MONTEREY INST OF INTERNATL STUDIES      ,CA,93940-2691,Private      ,2,69,71,15,715,730
00394700,UC-HASTINGS COLLEGE OF THE LAW          ,CA,94102-0000,Public       ,0,36,36,15,3295,3310
00394800,SAN FRANCISCO ART INSTITUTE             ,CA,94133-2299,Private      ,44,49,93,930,766,1696
00405500,HEBREW UNION COLLEGE - JEWISH INSTITUTE ,CA,90007-3796,Private      ,0,7,7,2,87,89
00408000,STARR KING SCHOOL FOR THE MINISTRY      ,CA,94709-1299,Private      ,0,9,9,1,62,63
00448000,DE ANZA COLLEGE                         ,CA,95014-5793,Public       ,761,768,1529,3741,2832,6573
00448100,OHLONE COLLEGE                          ,CA,94539-5847,Public       ,295,356,651,1434,1258,2692
00448400,JOHN F. KENNEDY UNIVERSITY              ,CA,94523-4817,Private      ,2,233,235,13,1266,1279
00449000,PATTEN UNIVERSITY                       ,CA,94601-2699,Private      ,53,103,156,148,239,387
00449400,EVEREST COLLEGE                         ,CA,92408-3752,Proprietary  ,99,200,299,178,412,590
00450200,CITY COLLEGE OF SAN FRANCISCO           ,CA,94112-0000,Public       ,1176,2338,3514,5400,7230,12630
00563800,DOWNEY ADULT SCHOOL                     ,CA,90241-5610,Public       ,0,5,5,8,17,25
00565500,HACIENDA LA PUENTE ADULT EDUC CTR       ,CA,91746-0000,Public       ,18,126,144,52,239,291
00616500,LA CNTY CLG OF NURSING & ALLD HLTH      ,CA,90033-1018,Public       ,18,45,63,86,288,374
00672000,COLLEGE OF ALAMEDA                      ,CA,94501-2109,Public       ,308,475,783,1209,1420,2629
00673100,CASA LOMA COLLEGE                       ,CA,91405-4523,Private      ,52,86,138,134,331,465
00686300,VENTURA COUNTY CMTY CLG DISTRICT        ,CA,93010-8552,Public       ,4,4,8,12,18,30
00697300,CANADA COLLEGE                          ,CA,94061-1099,Public       ,96,204,300,444,663,1107
00697500,LINCOLN UNIVERSITY                      ,CA,94612-2801,Private      ,2,9,11,11,30,41
00701200,SAMUEL MERRITT COLLEGE                  ,CA,94609-3108,Private      ,21,131,152,176,1401,1577
00704700,LOS ANGELES SOUTHWEST COLLEGE           ,CA,90047-4810,Public       ,339,1081,1420,1176,3053,4229
00705000,BAY VISTA COLLEGE OF BEAUTY             ,CA,91950-3616,Proprietary  ,23,74,97,34,90,124
00711500,MOORPARK COLLEGE                        ,CA,93021-1695,Public       ,427,379,806,1877,1319,3196
00713000,NEWBERRY SCHOOLS OF BEAUTY              ,CA,91344-7404,Proprietary  ,28,32,60,50,61,111
00714200,LYLE'S COLLEGE OF BEAUTY                ,CA,93710-3948,Proprietary  ,26,43,69,78,111,189
00714201,LYLE'S CLG OF BTY BAKERSFIELD           ,CA,93301-0000,Proprietary  ,3,9,12,37,38,75
00716400,BRYAN COLLEGE                           ,CA,90057-0000,Proprietary  ,23,96,119,53,254,307
00717801,WESTERN SEMINARY - BAY AREA CENTER      ,CA,95032-0000,Private      ,0,0,0,0,12,12
00717804,WESTERN SEMINARY - SACRAMENTO           ,CA,95821-3939,Private      ,0,8,8,3,28,31
00718700,NORTH ADRIAN'S COLLEGE OF BEAUTY        ,CA,95350-2381,Proprietary  ,25,55,80,44,81,125
00719000,WYOTECH                                 ,CA,94539-7663,Proprietary  ,255,291,546,709,784,1493
00720300,SALON SUCCESS ACADEMY                   ,CA,91786-4060,Proprietary  ,20,14,34,36,35,71
00720400,MODERN BEAUTY ACADEMY                   ,CA,93030-7016,Proprietary  ,5,3,8,25,29,54
00722900,WESTERN BEAUTY INSTITUTE                ,CA,91402-3104,Proprietary  ,47,147,194,122,464,586
00723400,HEALD COLLEGE                           ,CA,94105-2206,Proprietary  ,48,104,152,183,300,483
00723600,ART INST OF CALIFORNIA-LOS ANGELES      ,CA,90405-3035,Proprietary  ,511,339,850,4171,2489,6660
00724500,SAN JOSE BEAUTY COLLEGE                 ,CA,95126-0000,Proprietary  ,0,0,0,1,0,1
00725300,FEDERICO BEAUTY INSTITUTE               ,CA,95834-1905,Proprietary  ,41,67,108,118,189,307
00729600,COLEMAN COLLEGE                         ,CA,92123-0000,Private      ,52,164,216,111,405,516
00745600,MARINELLO SCH BTY BUENA PRK             ,CA,90620-0000,Proprietary  ,2,0,2,3,0,3
00746501,AMERICAN ACADEMY OF DRAMATIC ARTS - HOLL,CA,90028-7504,Private      ,36,20,56,211,94,305
00747600,MARINELLO SCHOOLS OF BEAUTY             ,CA,90023-2666,Proprietary  ,240,435,675,470,1031,1501
00747602,MARINELLO SCHOOLS OF BEAUTY - SPA ACADEM,CA,90048-5101,Proprietary  ,0,2,2,19,15,34
00747603,MARINELLO SCHOOLS OF BEAUTY - INGLEWOOD ,CA,90301-2306,Proprietary  ,1,3,4,8,9,17
00747604,MARINELLO SCHOOLS OF BEAUTY - RESEDA    ,CA,91335-4218,Proprietary  ,2,3,5,6,8,14
00747605,MARINELLO SCHOOLS OF BEAUTY - NORTH HOLL,CA,91606-3210,Proprietary  ,1,3,4,10,6,16
00747606,MARINELLO SCHOOLS OF BEAUTY - WEST COVIN,CA,91790-2805,Proprietary  ,2,3,5,10,6,16
00747607,MARINELLO SCHOOLS OF BEAUTY - SAN BERNAR,CA,92410-3261,Proprietary  ,2,7,9,17,21,38
00747608,MARINELLO SCHOOLS OF BEAUTY - ONTARIO   ,CA,91762-2113,Proprietary  ,4,9,13,23,20,43
00747609,MARINELLO SCHOOLS OF BEAUTY - WHITTIER  ,CA,90601-4107,Proprietary  ,4,0,4,14,5,19
00747611,MARINELLO SCHOOLS OF BEAUTY - SAN DIEGO ,CA,92126-4217,Proprietary  ,0,4,4,31,21,52
00747700,"HEALD COLLEGE,SCHOOLS OF BUS & TECH     ",CA,95670-6005,Proprietary  ,79,122,201,282,552,834
00753100,ACADEMY OF ART UNIVERSITY               ,CA,94105-3410,Proprietary  ,791,1459,2250,3396,4640,8036
00753600,COSUMNES RIVER COLLEGE                  ,CA,95823-5799,Public       ,468,826,1294,3053,2958,6011
00754802,WESTWOOD COLLEGE OF TECHNOLOGY          ,CA,92801-0000,Proprietary  ,149,130,279,705,430,1135
00754803,WESTWOOD COLLEGE OF TECHNOLOGY          ,CA,91786-0000,Proprietary  ,191,175,366,817,592,1409
00760500,ACADEMY PACIFIC BUSINESS & TRAVEL       ,CA,90028-5218,Proprietary  ,1,0,1,10,9,19
00760600,EVEREST COLLEGE                         ,CA,90010-2221,Proprietary  ,82,161,243,180,352,532
00760700,CONCORDE CAREER INSTITUTE               ,CA,91606-3134,Proprietary  ,84,147,231,208,389,597
00770700,COLUMBIA COLLEGE                        ,CA,95370-8580,Public       ,123,192,315,546,630,1176
00771300,SKYLINE COLLEGE                         ,CA,94066-1698,Public       ,329,372,701,1525,1191,2716
00793000,CONCORDE CAREER INSTITUTE               ,CA,92108-0000,Proprietary  ,45,176,221,119,474,593
00799300,CALIF STATE UNIV BAKERSFIELD            ,CA,93311-1022,Public       ,299,734,1033,4756,4318,9074
00807100,CONCORDE CAREER INSTITUTE               ,CA,92840-9201,Proprietary  ,70,122,192,180,411,591
00807300,BUTTE COMMUNITY COLLEGE                 ,CA,95965-0000,Public       ,707,1149,1856,3472,3785,7257
00809000,EVEREST COLLEGE                         ,CA,91803-1310,Proprietary  ,137,246,383,288,564,852
00809300,HEALD COLLEGE                           ,CA,93704-1706,Proprietary  ,120,161,281,745,814,1559
00853200,HEALD COLLEGE                           ,CA,94545-2352,Proprietary  ,143,299,442,429,793,1222
00853700,CONCORDE CAREER INSTITUTE               ,CA,92401-0000,Proprietary  ,112,194,306,295,773,1068
00859600,WEST LOS ANGELES COLLEGE                ,CA,90230-3500,Public       ,309,747,1056,1253,2398,3651
00859700,FEATHER RIVER COLLEGE                   ,CA,95971-9124,Public       ,81,63,144,416,219,635
00884400,CALIFORNIA CHRISTIAN COLLEGE            ,CA,93703-3599,Private      ,9,15,24,32,39,71
00884600,WRIGHT INSTITUTE                        ,CA,94704-0000,Private      ,0,34,34,1,340,341
00890300,COLLEGE OF THE CANYONS                  ,CA,91355-1899,Public       ,553,504,1057,2000,1383,3383
00891800,SADDLEBACK COLLEGE                      ,CA,92692-3699,Public       ,552,656,1208,1896,1870,3766
00902200,ASSOCIATED TECHNICAL COLLEGE            ,CA,90017-0000,Proprietary  ,22,171,193,38,332,370
00903200,EMPIRE COLLEGE                          ,CA,95403-2122,Proprietary  ,34,122,156,94,315,409
00915800,DON BOSCO TECHNICAL INSTITUTE           ,CA,91770-4299,Private      ,0,1,1,10,2,12
00927200,CRAFTON HILLS COLLEGE                   ,CA,92399-1799,Public       ,289,398,687,1330,1348,2678
00932500,ABRAM FRIEDMAN OCCUP CTR                ,CA,90015-3507,Public       ,3,8,11,13,40,53
00950900,SKILLS & BUSINESS EDUCATION CENTER      ,CA,95824-1529,Public       ,42,227,269,114,611,725
00974800,WESTERN CAREER COLLEGE                  ,CA,95826-3203,Proprietary  ,302,794,1096,859,2142,3001
00974802,WESTERN CAREER COLLEGE - PLEASANT HILL C,CA,94523-1984,Proprietary  ,85,123,208,169,302,471
00974805,WESTERN CAREER COLLEGE - FREMONT        ,CA,94538-3115,Proprietary  ,160,394,554,349,1051,1400
00974806,WESTERN CAREER COLLEGE -  ANTIOCH/WALNUT,CA,94531-1604,Proprietary  ,0,3,3,9,14,23
00998900,SANTA BARBARA BUSINESS COLLEGE          ,CA,93111-0000,Proprietary  ,47,93,140,123,282,405
01011100,CERRO-COSO COMMUNITY COLLEGE            ,CA,93555-9571,Public       ,160,486,646,359,1161,1520
01014225,TOURO CLG OSEOPATHIC MEDICINE           ,CA,94592-1115,Private      ,0,24,24,20,700,720
01014900,PEPPERDINE UNIVERSITY                   ,CA,90263-0000,Private      ,149,728,877,5991,5287,11278
01033300,JESUIT SCHOOL OF THEOLOGY - BERKELEY    ,CA,94709-1193,Private      ,0,4,4,2,59,61
01034000,LOS MEDANOS COLLEGE                     ,CA,94565-5197,Public       ,290,445,735,1116,1482,2598
01036500,CHARLES R DREW UNIV OF MED & SCI        ,CA,90059-0000,Private      ,9,103,112,46,391,437
01036800,MENNONITE BRETHREN BIBLICAL SEM         ,CA,93727-0000,Private      ,0,16,16,1,54,55
01037500,HARBOR OCCUPATIONAL CENTER              ,CA,90731-0000,Public       ,2,4,6,23,28,51
01039500,UNIVERSITY OF SAN DIEGO                 ,CA,92110-2492,Private      ,221,290,511,10144,2759,12903
01039501,UNIVERSITY OF SAN DIEGO - SCHOOL OF LAW ,CA,92110-2492,Private      ,5,118,123,57,2795,2852
01044100,PARDEE RAND GRADUATE SCHOOL             ,CA,90407-2138,Private      ,1,5,6,4,15,19
01047400,MARYMOUNT COLLEGE OF PALOS VERDES       ,CA,90275-0000,Private      ,24,7,31,490,33,523
01057900,WEST VALLEY OCCUPATIONAL CTR            ,CA,91367-0000,Public       ,5,16,21,34,59,93
01083100,NEW COLLEGE OF CALIFORNIA               ,CA,94102-0000,Private      ,15,198,213,123,1012,1135
01083200,WESTERN STATE UNIV COLLEGE OF LAW       ,CA,92831-3014,Proprietary  ,0,54,54,12,847,859
01085400,THOMAS JEFFERSON SCHOOL OF LAW          ,CA,92110-0000,Private      ,1,81,82,7,1539,1546
01102400,EVEREST COLLEGE                         ,CA,94103-2091,Proprietary  ,189,457,646,426,1383,1809
01110700,EVEREST  COLLEGE                        ,CA,92801-5231,Proprietary  ,101,190,291,239,470,709
01110900,EVEREST COLLEGE                         ,CA,91335-4631,Proprietary  ,110,179,289,234,364,598
01111200,FIDM-FASHION INSTITUTE OF DESIGN        ,CA,90015-1421,Proprietary  ,797,315,1112,4671,1356,6027
01111700,ALLIANT INTERNATIONAL UNIVERSITY        ,CA,92131-1799,Private      ,8,211,219,40,1165,1205
01111705,ALLIANT INTERNATIONAL UNIVERSITY - LOS A,CA,91803-1360,Private      ,0,34,34,8,483,491
01111706,ALLIANT INTERNATIONAL UNIVERSITY - SAN F,CA,94133-1221,Private      ,0,75,75,2,459,461
01111707,ALLIANT INTERNATIONAL UNIVERSITY - FRESN,CA,93727-2014,Private      ,0,41,41,9,261,270
01112100,EVEREST COLLEGE                         ,CA,94541-4007,Proprietary  ,40,149,189,123,371,494
01112300,EVEREST COLLEGE                         ,CA,90247-4163,Proprietary  ,133,379,512,283,938,1221
01146000,NATIONAL UNIVERSITY                     ,CA,92037-1011,Private      ,49,3209,3258,263,9306,9569
01162600,PRACTICAL SCHOOLS                       ,CA,92805-0000,Proprietary  ,163,205,368,413,556,969
01164900,LOYOLA MARYMOUNT UNIVERSITY             ,CA,90045-0000,Private      ,135,418,553,8194,2539,10733
01164901,LOYOLA MARYMOUNT UNIVERSITY - LOYOLA LAW,CA,90015-0019,Private      ,4,99,103,28,3007,3035
01167200,MENDOCINO COMMUNITY COLLEGE             ,CA,95482-3000,Public       ,171,321,492,726,900,1626
01169600,NATIONAL POLYTECHNIC COLLEGE OF SCIENCE ,CA,90744-6399,Private      ,31,111,142,70,293,363
01170700,NORTH-WEST COLLEGE                      ,CA,91790-2097,Proprietary  ,58,115,173,110,243,353
01179200,FRANCISCAN SCHOOL OF THEOLOGY           ,CA,94709-0000,Private      ,0,6,6,0,21,21
01182000,SAN DIEGO MIRAMAR COLLEGE               ,CA,92126-0000,Public       ,492,842,1334,1768,2280,4048
01186500,CALIFORNIA HAIR DESIGN ACADEMY          ,CA,92115-0000,Proprietary  ,24,36,60,46,52,98
01202600,JE BOUTIQUE COLLEGE OF BEAUTY           ,CA,92021-6247,Proprietary  ,27,55,82,47,80,127
01202700,GALEN COLLEGE OF CALIFORNIA             ,CA,93728-2381,Proprietary  ,32,73,105,73,123,196
01203100,SAN DIEGO CHRISTIAN COLLEGE             ,CA,92019-1157,Private      ,60,59,119,507,213,720
01206100,EVEREST COLLEGE                         ,CA,95128-3908,Proprietary  ,60,120,180,142,338,480
01215400,CALIFORNIA INSTITUTE OF INTEGRAL STUDIES,CA,94103-2557,Private      ,2,164,166,10,993,1003
01231600,MANCHESTER BEAUTY COLLEGE               ,CA,93726-5306,Proprietary  ,29,64,93,98,139,237
01231700,TULARE BEAUTY COLLEGE                   ,CA,93274-3432,Proprietary  ,2,6,8,8,21,29
01244600,UNIVERSAL COLLEGE OF BEAUTY             ,CA,90044-0044,Proprietary  ,12,37,49,33,61,94
01245200,EVERGREEN VALLEY COLLEGE                ,CA,95135-1598,Public       ,401,528,929,2451,2064,4515
01255000,LOS ANGELES MISSION COLLEGE             ,CA,91342-3200,Public       ,333,552,885,1554,1940,3494
01265000,MARINELLO SCHOOL OF BEAUTY              ,CA,91502-2828,Proprietary  ,30,45,75,66,120,186
01265100,MARINELLO SCHOOL OF BEAUTY              ,CA,91748-1674,Proprietary  ,28,74,102,38,88,126
01284200,OXNARD COLLEGE                          ,CA,93030-0000,Public       ,456,570,1026,1389,1538,2927
01287200,NORTH-WEST COLLEGE                      ,CA,91768-3199,Proprietary  ,20,108,128,45,206,251
01287300,WYOTECH                                 ,CA,90810-3800,Proprietary  ,308,718,1026,640,1421,2061
01290700,LAKE TAHOE COMMUNITY COLLEGE            ,CA,96150-4524,Public       ,79,149,228,240,328,568
01291100,MARINELLO SCHOOL OF BEAUTY              ,CA,92646-2552,Proprietary  ,28,21,49,42,41,83
01291200,MTI COLLEGE                             ,CA,95841-0000,Proprietary  ,72,177,249,259,795,1054
01294200,ROSEMEAD BEAUTY SCHOOL                  ,CA,91770-1639,Proprietary  ,13,38,51,34,91,125
01298400,PROFESSIONAL INSTITUTE OF BEAUTY        ,CA,91731-2613,Proprietary  ,7,62,69,7,63,70
01298500,HAIR CALIFORNIA BEAUTY ACADEMY          ,CA,92867-7127,Proprietary  ,1,5,6,6,7,13
01298900,OCEANSIDE COLLEGE OF BEAUTY             ,CA,92054-5393,Proprietary  ,14,17,31,29,39,68
01301000,LANCASTER BEAUTY SCHOOL                 ,CA,93534-3098,Proprietary  ,35,86,121,56,102,158
01307400,AMERICAN BEAUTY COLLEGE                 ,CA,90706-5417,Proprietary  ,8,31,39,23,51,74
01308100,WESTGATE BEAUTY COLLEGE                 ,CA,95129-0000,Proprietary  ,0,0,0,1,0,1
01309500,SALON SUCCESS ACADEMY                   ,CA,92879-6561,Proprietary  ,15,13,28,28,29,57
01310300,CALIFORNIA WESTERN SCHOOL OF LAW        ,CA,92101-0000,Private      ,3,92,95,14,1872,1886
01323300,SIMI VALLEY ADULT SCHOOL/CAREER INS     ,CA,93065-3940,Public       ,7,12,19,17,35,52
01324000,LYTLE'S REDWOOD EMPIRE BEAUTY CLG       ,CA,95403-0000,Proprietary  ,24,23,47,64,64,128
02052300,UNIVERSITY OF WEST LOS ANGELES          ,CA,90301-0000,Private      ,0,3,3,33,107,140
02054900,MARINELLO SCHOOL OF BEAUTY              ,CA,92630-0000,Proprietary  ,5,11,16,9,23,32
02057700,ALMADEN BEAUTY COLLEGE                  ,CA,95123-0000,Proprietary  ,0,0,0,1,0,1
02059800,PARIS BEAUTY COLLEGE                    ,CA,94520-2611,Proprietary  ,11,30,41,22,43,65
02063500,COASTLINE COMMUNITY COLLEGE             ,CA,92708-0000,Public       ,98,433,531,555,1574,2129
02064300,SIERRA COLLEGE OF BEAUTY                ,CA,95340-0000,Proprietary  ,21,28,49,49,38,87
02065500,BROOKS COLLEGE                          ,CA,90804-3289,Proprietary  ,137,86,223,805,374,1179
02065501,BROOKS COLLEGE - SUNNYVALE              ,CA,94086-5303,Proprietary  ,62,100,162,286,295,581
02065700,CALIFORNIA BEAUTY COLLEGE               ,CA,95354-0000,Proprietary  ,9,18,27,55,53,108
02070500,CONCORDIA UNIVERSITY                    ,CA,92612-0000,Private      ,68,149,217,1456,753,2209
02075800,SOUTHERN CA INST OF ARCHITECTURE        ,CA,90013-0000,Private      ,13,34,47,114,474,588
02086400,MARINELLO SCHOOL OF BEAUTY              ,CA,95050-0000,Proprietary  ,5,6,11,11,8,19
02091200,ELEGANCE INTERNATIONAL                  ,CA,90028-0000,Proprietary  ,14,17,31,27,42,69
02091700,KAPLAN COLLEGE                          ,CA,92123-1509,Proprietary  ,122,273,395,346,868,1214
02096100,FIELDING INSTITUTE                      ,CA,93105-0000,Private      ,0,292,292,0,942,942
02099200,AMERICAN CONSERVATORY THEATER           ,CA,94108-0000,Private      ,2,2,4,16,177,193
02110200,COLUMBIA COLLEGE                        ,CA,91356-0000,Private      ,57,40,97,207,136,343
02110800,CALIFORNIA COLLEGE SAN DIEGO            ,CA,92108-3821,Proprietary  ,68,142,210,279,493,772
02111300,CUYAMACA COLLEGE                        ,CA,92019-0000,Public       ,357,609,966,1434,1603,3037
02113601,AMERICAN INTERCONTINENTAL UNIV - LOS ANG,CA,90066-7008,Proprietary  ,162,219,381,862,984,1846
02119100,MISSION COLLEGE                         ,CA,95054-1897,Public       ,258,527,785,1342,2111,3453
02120600,SAYBROOK GRADUATE SCHOOL                ,CA,94111-1920,Private      ,0,78,78,3,404,407
02120700,SAN JOAQUIN VALLEY COLLEGE              ,CA,93291-0000,Proprietary  ,416,1011,1427,1787,3556,5343
02120900,ITT TECHNICAL INSTITUTE                 ,CA,95670-6034,Proprietary  ,140,211,351,474,569,1043
02125000,CAREER ACADEMY OF BEAUTY                ,CA,92845-0000,Proprietary  ,20,65,85,45,108,153
02128200,"VICTOR VALLEY BEAUTY COLLEGE, INC       ",CA,92392-0000,Proprietary  ,36,33,69,106,92,198
02128300,INSTITUTE FOR BUSINESS & TECHNOLOGY     ,CA,95050-0000,Proprietary  ,68,302,370,135,581,716
02128301,INSTITUTE FOR BUSINESS & TECHNOLOGY     ,CA,95610-0000,Proprietary  ,37,237,274,81,448,529
02138300,PACIFIC GRADUATE SCHOOL OF PSYCHOLO     ,CA,94303-4232,Private      ,0,45,45,2,403,405
02147400,CLEVELAND CHIROPRACTIC COLLEGE          ,CA,90004-0000,Private      ,16,95,111,58,378,436
02161800,MUSICIANS INSTITUTE                     ,CA,90028-6157,Proprietary  ,224,162,386,862,552,1414
02167800,ESTES INSTITUTE OF COSMETOLOGY          ,CA,93291-0000,Proprietary  ,23,15,38,65,49,114
02174600,MARINELLO SCHOOL OF BEAUTY              ,CA,90201-0000,Proprietary  ,20,113,133,27,161,188
02180600,BRIDGES  ACADEMY OF BEAUTY              ,CA,92311-2327,Proprietary  ,2,4,6,3,5,8
02184900,PALMER COLLEGE OF CHIROPRACTIC WEST     ,CA,95134-0000,Private      ,1,28,29,19,330,349
02185800,MOLER BARBER COLLEGE                    ,CA,94611-0000,Proprietary  ,2,9,11,7,30,37
02187500,"HEALD COLLEGE, SCH OF BUS & TECH        ",CA,94520-0000,Proprietary  ,142,175,317,404,686,1090
02188400,SIERRA VALLEY COLLEGE OF COURT REPORTING,CA,93726-0000,Proprietary  ,10,35,45,44,136,180
02208600,MADERA BEAUTY COLLEGE                   ,CA,93637-3519,Proprietary  ,2,8,10,15,17,32
02211000,HAIRMASTERS UNIVERSITY OF BEAUTY        ,CA,92405-0000,Proprietary  ,9,15,24,38,40,78
02220000,COLLEEN O'HARA BEAUTY ACADEMY           ,CA,92701-0000,Proprietary  ,18,123,141,26,166,192
02220200,CALIFORNIA CULINARY ACADEMY             ,CA,94102-3336,Proprietary  ,222,357,579,1094,1102,2196
02221300,MARINELLO SCHOOL OF BEAUTY              ,CA,92553-0000,Proprietary  ,24,40,64,68,141,209
02222000,AMERICAN FILM INSTITUTE                 ,CA,90027-0000,Private      ,9,26,35,99,490,589
02226000,EAST LOS ANGELES COLLEGE                ,CA,91754-0000,Public       ,1047,1123,2170,5723,4566,10289
02228500,LIFE CHIROPRACTIC COLLEGE-WEST          ,CA,94545-0000,Private      ,0,46,46,6,455,461
02230900,FREDRICK & CHARLES BEAUTY COLLEGE       ,CA,95501-0000,Proprietary  ,6,12,18,29,43,72
02231900,GEMOLOGICAL INSTITUTE OF AMERICA        ,CA,92008-4698,Private      ,9,47,56,71,191,262
02234300,FASHION CAREERS OF CALIFORNIA           ,CA,92110-0000,Proprietary  ,25,28,53,100,81,181
02236400,"THANH LE COLG, SCH OF COSMETOLOGY       ",CA,92840-0000,Proprietary  ,0,22,22,0,25,25
02237200,PHILLIPS GRADUATE INSTITUTE             ,CA,91316-0000,Private      ,0,90,90,1,346,347
02238200,LAKE FOREST BEAUTY COLLEGE              ,CA,92630-1662,Proprietary  ,0,3,3,1,4,5
02241600,SAN DIEGO CONTINUING EDUCATION          ,CA,92113-0000,Public       ,9,66,75,42,195,237
02241800,AMERICAN CAREER COLLEGE                 ,CA,90004-0000,Proprietary  ,371,726,1097,1013,2272,3285
02242700,BERKELEY CITY COLLEGE                   ,CA,94704-0000,Public       ,166,601,767,599,1449,2048
02255400,INTERNATIONAL SCHOOL OF COSMETOLOGY     ,CA,90250-0000,Proprietary  ,3,13,16,10,50,60
02255600,MARINELLO SCHOOL OF BEAUTY              ,CA,90723-0000,Proprietary  ,22,52,74,39,110,149
02258600,ALAMEDA BEAUTY COLLEGE                  ,CA,94501-0000,Proprietary  ,11,31,42,33,53,86
02262400,YESHIVA OHR ELCHONON CHABAD             ,CA,90046-0000,Private      ,0,1,1,30,1,31
02267600,INSTITUTE OF TRANSPERSONAL PSYCHLGY     ,CA,94303-4624,Private      ,0,55,55,0,353,353
02270600,LIFE PACIFIC COLLEGE                    ,CA,91773-0000,Private      ,69,54,123,351,170,521
02276800,WESTMINSTER SEMINARY CALIFORNIA         ,CA,92027-0000,Private      ,1,24,25,1,117,118
02277400,SOUTH COAST COLLEGE                     ,CA,92868-2616,Proprietary  ,25,88,113,66,267,333
02282300,ALHAMBRA BEAUTY COLLEGE                 ,CA,91802-0000,Proprietary  ,14,72,86,25,100,125
02285100,HILLTOP BEAUTY SCHOOL                   ,CA,94014-0000,Proprietary  ,4,43,47,10,135,145
02291500,ITT TECHNICAL INSTITUTE                 ,CA,91773-0000,Proprietary  ,256,279,535,766,877,1643
02291600,ITT TECHNICAL INSTITUTE                 ,CA,92123-0000,Proprietary  ,107,177,284,563,981,1544
02298000,DESIGN INSTITUTE OF SAN DIEGO           ,CA,92121-0000,Proprietary  ,39,79,118,182,280,462
02304300,"PLATT COLLEGE, SAN DIEGO                ",CA,92115-0000,Proprietary  ,27,57,84,131,173,304
02306300,KAPLAN COLLEGE                          ,CA,95368-0000,Proprietary  ,81,239,320,235,657,892
02306302,KAPLAN COLLEGE - FRESNO                 ,CA,93612-3802,Proprietary  ,57,121,178,175,319,494
02309500,CLOVIS ADULT EDUC                       ,CA,93611-0000,Public       ,10,47,57,35,151,186
02312400,LA COLLEGE INTERNATIONAL                ,CA,90010-0000,Proprietary  ,16,34,50,106,135,241
02321800,ITT TECHNICAL INSTITUTE                 ,CA,91342-3664,Proprietary  ,175,220,395,729,811,1540
02321900,ITT TECHNICAL INSTITUTE                 ,CA,92801-0000,Proprietary  ,100,112,212,448,481,929
02327600,ART INST OF CALIFORNIA-SAN DIEGO        ,CA,92108-4401,Proprietary  ,272,238,510,1880,1302,3182
02330500,LAGUNA COLLEGE OF ART AND DESIGN        ,CA,92651-0000,Private      ,39,26,65,302,130,432
02332800,CENTER FOR EMPLOYMENT TRAINING          ,CA,95110-0000,Private      ,118,627,745,201,1115,1316
02338500,GLENDALE CAREER COLLEGE                 ,CA,91201-0000,Proprietary  ,39,117,156,123,314,437
02338700,MARINELLO SCHOOL OF BEAUTY              ,CA,94103-0000,Proprietary  ,14,44,58,39,98,137
02342400,ACADEMY OF RADIO BROADCASTING           ,CA,92647-3809,Proprietary  ,15,25,40,37,53,90
02343400,"BELLUS ACADEMY, THE ACADEMY OF BEAUTY AN",CA,92064-4633,Proprietary  ,33,66,99,42,93,135
02345800,MONTEBELLO BEAUTY COLLEGE               ,CA,90640-0000,Proprietary  ,21,38,59,33,64,97
02351900,KAPLAN COLLEGE                          ,CA,95660-5512,Proprietary  ,49,153,202,164,394,558
02351901,KAPLAN COLLEGE - BAKERSFIELD            ,CA,93304-0000,Proprietary  ,42,148,190,128,325,453
02358000,THOMAS AQUINAS COLLEGE                  ,CA,93060-9622,Private      ,7,1,8,314,25,339
02359300,SHASTA BIBLE COLLEGE                    ,CA,96002-0000,Private      ,6,10,16,45,36,81
02482700,WESTERN UNIVERSITY OF HEALTH S          ,CA,91766-1854,Private      ,4,94,98,46,2780,2826
02494800,LOLA BEAUTY COLLEGE                     ,CA,92641-0000,Proprietary  ,4,29,33,5,41,46
02497300,TRINITY COLLEGE                         ,CA,93277-0000,Proprietary  ,67,213,280,169,542,711
02500000,SAN JOAQUIN COLLEGE OF LAW              ,CA,93612-0000,Private      ,0,27,27,3,243,246
02518400,THE NATIONAL HISPANIC UNIVERSITY        ,CA,95127-0000,Private      ,67,125,192,263,286,549
02519800,AVANCE BEAUTY COLLEGE                   ,CA,92154-0000,Proprietary  ,10,20,30,32,36,68
02520200,CALIFORNIA CAREER SCHOOLS               ,CA,92805-0000,Proprietary  ,0,19,19,3,36,39
02520300,INTERIOR DESIGNERS INSTITUTE            ,CA,92660-0000,Proprietary  ,9,62,71,33,86,119
02537200,PALOMAR INSTITUTE OF COSMETOLOGY        ,CA,92069-0000,Proprietary  ,42,50,92,92,111,203
02539100,KAPLAN COLLEGE                          ,CA,91606-3231,Proprietary  ,100,180,280,254,611,865
02539500,IRVINE VALLEY COLLEGE                   ,CA,92620-0000,Public       ,347,515,862,1394,1394,2788
02542300,NATIONAL HOLISTIC INSTITUTE             ,CA,94608-0000,Proprietary  ,51,127,178,110,282,392
02543400,BROWNSON TECHNICAL SCHOOL               ,CA,92805-0000,Proprietary  ,5,29,34,10,35,45
02545900,HYPNOSIS MOTIVATION INSTITUTE           ,CA,91356-0000,Private      ,2,62,64,2,90,92
02546400,MTI BUSINESS COLLEGE INC                ,CA,95207-0000,Proprietary  ,5,53,58,29,137,166
02549000,KAPLAN COLLEGE                          ,CA,92083-7736,Proprietary  ,111,191,302,288,533,821
02549005,KAPLAN COLLEGE -  PALM SPRINGS          ,CA,92262-7011,Proprietary  ,54,109,163,158,324,482
02552200,CULVER CITY BEAUTY COLLEGE              ,CA,90230-0000,Proprietary  ,0,1,1,0,1,1
02553500,ASSOCIATED TECHNICAL COLLEGE            ,CA,92101-0000,Proprietary  ,3,35,38,16,75,91
02553600,DIVERSIFIED LANGUAGE INSTITUTE          ,CA,90017-0000,Proprietary  ,3,134,137,6,259,265
02559300,UNITED EDUCATION INSTITUTE              ,CA,90020-0000,Proprietary  ,263,575,838,716,1724,2440
02559400,INTERCOAST COLLEGES                     ,CA,92868-1656,Proprietary  ,50,344,394,67,498,565
02565400,KAPLAN COLLEGE                          ,CA,95207-6216,Proprietary  ,69,167,236,220,502,722
02570300,LOS ANGELES ORT TECHNICAL INSTITUTE     ,CA,90048-0000,Private      ,29,163,192,72,404,476
02577900,SANTA BARBARA BUSINESS COLLEGE          ,CA,93309-1664,Proprietary  ,60,175,235,174,496,670
02578000,SANTA BARBARA BUSINESS COLLEGE          ,CA,93454-6943,Proprietary  ,22,73,95,67,218,285
02584200,NEWBRIDGE COLLEGE                       ,CA,92701-0000,Proprietary  ,52,168,220,107,377,484
02591600,NORTH-WEST COLLEGE                      ,CA,91101-1744,Proprietary  ,8,17,25,24,55,79
02593100,HEALD COLLEGE                           ,CA,95678-5303,Proprietary  ,75,114,189,315,564,879
02593200,HEALD COLLEGE                           ,CA,95035-8008,Proprietary  ,110,186,296,339,632,971
02593300,HEALD COLLEGE                           ,CA,95210-5667,Proprietary  ,145,151,296,414,476,890
02595600,ASIAN AMERICAN INTERNATIONAL BTY CG     ,CA,92683-4043,Proprietary  ,5,70,75,5,73,78
02597300,SOUTH BAYLO UNIVERSITY                  ,CA,92801-1701,Private      ,2,47,49,5,126,131
02602300,CENTRAL COAST COLLEGE                   ,CA,93901-3301,Proprietary  ,34,79,113,76,148,224
02608900,PINNACLE COLLEGE                        ,CA,91803-8842,Proprietary  ,9,9,18,29,52,81
02609000,EMPERORS COLG OF TRAD ORIENTAL MED      ,CA,90403-5609,Proprietary  ,1,48,49,1,144,145
02612800,LOS ANGELES RECORDING SCHOOL            ,CA,90028-3112,Proprietary  ,130,112,242,414,417,831
02619300,SAMRA UNIV OF ORIENTAL MEDICINE         ,CA,90015-1019,Private      ,0,23,23,1,85,86
02620300,PLATT COLLEGE                           ,CA,92647-3017,Proprietary  ,11,17,28,59,56,115
03010611,VIRGINIA COLLEGE - GOLF ACADEMY OF AMERI,CA,92008-6512,Proprietary  ,16,29,45,57,80,137
03011300,"CALIF STATE UNIV, SAN MARCOS            ",CA,92096-0001,Public       ,314,570,884,5623,3637,9260
03019900,ADELANTE CAREER INSTITUTE               ,CA,91402-4924,Proprietary  ,11,61,72,14,85,99
03025600,DELL'ARTE SCH OF PHYSICAL THEATRE       ,CA,95525-0816,Private      ,0,9,9,6,29,35
03027700,PACIFIC COLLEGE OF ORIENTAL MED         ,CA,92108-4408,Proprietary  ,3,115,118,15,291,306
03029600,POMONA ADULT SCHOOL                     ,CA,91766-0000,Public       ,23,46,69,37,87,124
03034000,HEALD COLLEGE                           ,CA,93906-5100,Proprietary  ,82,126,208,372,393,765
03035700,LAS POSITAS COLLEGE                     ,CA,94551-6750,Public       ,162,227,389,841,796,1637
03039900,FREMONT COLLEGE                         ,CA,90703-5342,Proprietary  ,5,31,36,37,69,106
03043900,NEWSCHOOL OF ARCHITECTURE & DESIGN      ,CA,92101-6634,Proprietary  ,24,50,74,165,278,443
03044500,KAPLAN COLLEGE                          ,CA,91402-4222,Proprietary  ,14,27,41,77,174,251
03044501,MARIC COLLEGE - PANORAMA CITY           ,CA,91402-4222,Proprietary  ,26,54,80,92,187,279
03052201,COURT REPORTING INSTITUTE-SAN DIEGO     ,CA,92123-1765,Proprietary  ,2,5,7,32,98,130
03054100,ROYALE COLLEGE OF BEAUTY                ,CA,92590-2525,Proprietary  ,22,37,59,38,62,100
03062300,WESTECH COLLEGE                         ,CA,91764-4988,Proprietary  ,18,197,215,27,234,261
03062400,MT DIABLO ADULT EDUC LOMA VISTA CTR     ,CA,94518-1122,Public       ,8,34,42,26,54,80
03062700,PLATT COLLEGE                           ,CA,90041-0000,Proprietary  ,21,29,50,124,155,279
03062701,PLATT COLLEGE                           ,CA,91764-0000,Proprietary  ,67,56,123,194,195,389
03063400,MODERN TECHNOLOGY SCHOOL                ,CA,92708-9821,Proprietary  ,31,88,119,50,169,219
03067400,BALDWIN PARK ADULT SCHOOL               ,CA,91706-4897,Public       ,4,43,47,15,87,102
03067500,INSTITUTE OF TECHNOLOGY                 ,CA,93612-3217,Proprietary  ,197,585,782,454,1282,1736
03069500,SAGE COLLEGE                            ,CA,92557-6720,Proprietary  ,27,104,131,65,265,330
03070400,ITT TECHNICAL INSTITUTE                 ,CA,92408-3519,Proprietary  ,193,225,418,687,732,1419
03072300,EVEREST COLLEGE                         ,CA,91761-3222,Proprietary  ,180,482,662,374,1029,1403
03072700,WESTWOOD COLLEGE - LOS ANGELES          ,CA,90010-1577,Proprietary  ,132,129,261,854,649,1503
03074900,MARTINEZ ADULT CENTER                   ,CA,94553-3298,Public       ,0,10,10,2,26,28
03078200,AMERICAN CLG TRADITIONAL CHINESE MD     ,CA,94107-2813,Private      ,0,50,50,1,217,218
03084700,VENTURA ADULT\CONTINUING EDUCATION      ,CA,93003-7313,Public       ,6,22,28,22,80,102
03085400,CAREER WEST ACADEMY                     ,CA,95928-0000,Proprietary  ,0,1,1,0,1,1
03087400,ITT TECHNICAL INSTITUTE                 ,CA,90502-1356,Proprietary  ,185,265,450,618,994,1612
03087700,ESCUELAS LEICESTER                      ,CA,90015-0000,Proprietary  ,2,7,9,2,7,9
03094400,ELITE PROGRESSIVE SCHOOL OF COSM        ,CA,95841-2909,Proprietary  ,133,141,274,189,188,377
03097700,CENTRAL CALIF SCH CONTINUING EDUC       ,CA,93401-6739,Proprietary  ,14,45,59,28,129,157
03098200,YO SAN UNIV TRADITIONAL CHINESE MED     ,CA,90066-1103,Private      ,0,50,50,1,88,89
03105700,MONTEREY PARK COLLEGE                   ,CA,91754-2416,Proprietary  ,3,8,11,21,24,45
03108100,SUMMIT CAREER COLLEGE                   ,CA,92324-3956,Proprietary  ,153,442,595,341,1267,1608
03109500,DONGGUK ROYAL UNIVERSITY                ,CA,90020-1765,Private      ,0,38,38,0,74,74
03113100,MARIC COLLEGE                           ,CA,92630-0000,Proprietary  ,48,130,178,101,297,398
03113102,MARIC COLLEGE - CARSON                  ,CA,90746-3228,Proprietary  ,24,89,113,72,252,324
03113103,MARIC COLLEGE - RIVERSIDE               ,CA,92507-4223,Proprietary  ,70,133,203,181,453,634
03113105,MARIC COLLEGE - POMONA                  ,CA,91768-2643,Proprietary  ,22,71,93,75,196,271
03113106,MARIC COLLEGE - SAN DIEGO               ,CA,92120-3425,Proprietary  ,6,24,30,84,224,308
03113108,MARIC COLLEGE - IRWINDALE               ,CA,91706-1410,Proprietary  ,0,1,1,0,2,2
03113300,MCED CAREER COLLEGE                     ,CA,93727-1620,Proprietary  ,4,44,48,16,113,129
03113600,SOUTHERN CALIFORNIA INST OF TECHNOL     ,CA,92805-3758,Proprietary  ,11,102,113,38,364,402
03115400,LYLE'S FRESNO COLLEGE OF BEAUTY         ,CA,93710-0000,Proprietary  ,0,1,1,31,8,39
03116600,EAST SAN GABRIEL VLY REG OCCUP PROG     ,CA,91790-2105,Public       ,0,1,1,2,10,12
03123000,SONOMA COLLEGE                          ,CA,94954-7464,Proprietary  ,14,68,82,65,230,295
03125300,JOHN WESLEY INTER. BARBER & BTY CLG     ,CA,90813-4321,Proprietary  ,9,17,26,40,62,102
03125400,ART INSTITUTE OF CALIFORNIA-HOLLYWOOD (T,CA,90010-1014,Proprietary  ,85,59,144,511,349,860
03125800,PREMIERE CAREER COLLEGE                 ,CA,91706-3746,Proprietary  ,48,110,158,76,199,275
03126800,PACIFICA GRADUATE INSTITUTE             ,CA,93013-0000,Proprietary  ,0,197,197,0,722,722
03128000,SANTA BARBARA CLG OF ORIENTAL MED       ,CA,93101-2430,Proprietary  ,1,14,15,8,66,74
03128700,MT SIERRA COLLEGE                       ,CA,91016-3414,Proprietary  ,68,120,188,338,418,756
03131300,FIVE BRANCHES UNIVERSITY                ,CA,95062-4669,Private      ,1,51,52,20,243,263
03138400,AMERICAN COLLEGE OF MEDICAL TECH        ,CA,90248-1611,Proprietary  ,42,117,159,88,311,399
03144400,AMERICAN CLG OF HEALTH PROFESSIONS      ,CA,92374-0000,Proprietary  ,2,12,14,15,34,49
03150500,VIRGINIA SEWING MACHINES & SCH CTR      ,CA,90015-3535,Proprietary  ,1,51,52,1,58,59
03162300,FOUR-D SUCCESS ACADEMY                  ,CA,92324-4218,Proprietary  ,12,86,98,65,437,502
03163300,PACIFIC STATES UNIVERSITY               ,CA,90006-4298,Private      ,0,3,3,12,20,32
03195400,EVEREST COLLEGE                         ,CA,90501-2867,Proprietary  ,21,49,70,62,97,159
03210300,CALIFORNIA SCHOOL OF CULINARY ARTS      ,CA,91101-5221,Proprietary  ,189,315,504,1180,1020,2200
03225300,AMERICAN UNIVERSITY OF HEALTH SCIENCES  ,CA,90755-3612,Proprietary  ,10,22,32,26,47,73
03242300,CAREER NETWORK INSTITUTE                ,CA,92868-4710,Proprietary  ,60,124,184,109,258,367
03250300,COMMUNITY BASED EDUCATION AND DEVEL     ,CA,90036-1137,Private      ,8,145,153,9,165,174
03260300,CALIFORNIA STATE U-MONTEREY BAY         ,CA,93955-8001,Public       ,143,300,443,3243,1606,4849
03266300,BETHESDA CHRISTIAN UNIVERSITY           ,CA,92801-4132,Private      ,2,25,27,8,32,40
03278300,CLARITA CAREER COLLEGE                  ,CA,91351-5432,Proprietary  ,39,116,155,49,146,195
03282300,KIM ANH ACADEMY OF BEAUTY               ,CA,92683-4605,Proprietary  ,1,36,37,5,79,84
03288300,ACAD CHINESE CULTURE & HEALTH SCIS      ,CA,94512-0000,Private      ,1,39,40,2,93,95
03299300,PACIFIC COLLEGE                         ,CA,92626-3160,Proprietary  ,25,67,92,55,240,295
03308300,KENSINGTON COLLEGE                      ,CA,92705-8708,Proprietary  ,0,9,9,2,11,13
03321300,SCRIPPS RESEARCH INSTITUTE (THE)        ,CA,92037-0000,Private      ,0,1,1,5,23,28
03327400,ACUPUNCTURE AND INTEGRATIVE MEDICINE COL,CA,94704-2724,Private      ,0,32,32,1,119,120
03330300,NEWBRIDGE COLLEGE - BURBANK             ,CA,91754-2416,Proprietary  ,0,0,0,1,2,3
03332300,SOUTHERN CA BIBLE CLG & SEMINARY        ,CA,92019-1109,Private      ,1,38,39,7,141,148
03359300,ST. FRANCIS CAREER COLLEGE              ,CA,90262-2659,Private      ,11,27,38,64,226,290
03367300,PROFESSIONAL GOLFERS CAREER COLLEGE     ,CA,92591-6013,Proprietary  ,20,31,51,85,110,195
03383300,CALIFORNIA RECORDING INSTITUTE          ,CA,94103-3921,Proprietary  ,0,0,0,1,1,2
03392300,CHASE COLLEGE                           ,CA,90010-2501,Proprietary  ,45,64,109,60,97,157
03394300,REMINGTON COLLEGE - SAN DIEGO CAMPUS    ,CA,92108-3002,Proprietary  ,184,354,538,452,1047,1499
03395300,INTERNATIONAL CAREER DEVELOPMENT        ,CA,90027-5794,Proprietary  ,143,323,466,281,745,1026
03399300,NORTHWESTERN TECHNICAL COLLEGE          ,CA,95670-4443,Proprietary  ,29,103,132,53,180,233
03403300,TRINITY LIFE BIBLE COLLEGE              ,CA,95842-3546,Private      ,17,38,55,56,131,187
03413400,ENGLISH CENTER  (THE)                   ,CA,94607-3734,Private      ,12,32,44,34,119,153
03415300,MEDACOM COLLEGE                         ,CA,94560-0000,Proprietary  ,2,17,19,2,18,20
03427400,CAREER COLLEGES OF AMERICA              ,CA,90280-7420,Proprietary  ,105,394,499,214,1016,1230
03427500,ANTELOPE VALLEY MEDICAL COLLEGE         ,CA,93534-3324,Proprietary  ,43,132,175,94,352,446
03440400,MARIAN HEALTH CAREERS CENTER            ,CA,90010-1728,Proprietary  ,17,53,70,26,67,93
03441400,VALLEY CAREER COLLEGE                   ,CA,92020-3057,Proprietary  ,21,75,96,66,232,298
03455900,VALLECITOS CENTER FOR EMPLOYMENT TR     ,CA,94541-5027,Private      ,9,6,15,12,8,20
03458300,MY LE'S BEAUTY COLLEGE                  ,CA,95824-3039,Proprietary  ,8,55,63,46,113,159
03467300,MARINELLO SCHOOL OF BEAUTY              ,CA,92545-3661,Proprietary  ,20,50,70,28,62,90
03467301,CALIFORNIA BEAUTY COLLEGE - DESERT HOT S,CA,92240-1307,Proprietary  ,0,1,1,1,1,2
03474700,OPPORTUNITIES INDUSTRIALIZATION CEN     ,CA,94025-1413,Private      ,0,2,2,0,5,5
03479300,PROFESSIONAL CAREER INSTITUTE           ,CA,90703-2522,Proprietary  ,15,52,67,50,130,180
03479400,DONALD VOCATIONAL SCHOOL                ,CA,90010-1718,Proprietary  ,3,42,45,4,49,53
03485400,JAMES ALBERT SCHOOL OF COSMETOLOGY      ,CA,92627-3831,Proprietary  ,7,34,41,12,45,57
03485401,JAMES ALBERT SCHOOL OF COSMETOLOGY - ANA,CA,92804-5384,Proprietary  ,0,1,1,1,2,3
03516300,THE KING'S COLLEGE AND SEMINARY         ,CA,91405-2233,Private      ,24,112,136,43,218,261
03532400,ADVANCED TRAINING ASSOCIATES            ,CA,92020-1236,Proprietary  ,0,5,5,2,10,12
03542400,COPPER MOUNTAIN COLLEGE                 ,CA,92252-6102,Public       ,105,292,397,291,938,1229
03550300,OCCUPATIONAL TRAINING SERVICES          ,CA,92123-1539,Private      ,1,12,13,13,34,47
03577300,COBA ACADEMY                            ,CA,92866-1407,Proprietary  ,23,22,45,37,27,64
03590400,NTMA TRAINING CENTERS OF SOUTHERN C     ,CA,90650-6099,Private      ,16,136,152,21,218,239
03592400,IRELL & MANELLA GRADUATE SCHOOL OF BIOLO,CA,91010-0000,Private      ,0,1,1,1,9,10
03598300,AVALON BEAUTY COLLEGE                   ,CA,93103-3137,Proprietary  ,1,14,15,7,17,24
03602400,INSTITUTE OF NETWORK TECHNOLOGY         ,CA,90755-2274,Proprietary  ,2,12,14,4,12,16
03614300,UNITED BEAUTY COLLEGE                   ,CA,91733-0000,Proprietary  ,6,47,53,9,75,84
03615300,COMMUNITY BUSINESS COLLEGE              ,CA,95356-1569,Proprietary  ,1,10,11,14,29,43
03621300,LIBERTY TRAINING INSTITUTE              ,CA,90057-3202,Proprietary  ,4,61,65,8,84,92
03622300,INTERNATIONAL TECHNOLOGICAL UNIVERS     ,CA,95050-3714,Private      ,0,2,2,0,4,4
03633300,CALIFORNIA LEARNING CENTER              ,CA,92805-3700,Proprietary  ,0,0,0,7,31,38
03636300,HEARTWOOD INSTITUTE                     ,CA,95542-9446,Proprietary  ,5,11,16,14,52,66
03639300,WEST COAST ULTRASOUND INSTITUTE         ,CA,90211-3312,Proprietary  ,33,150,183,62,266,328
03646300,DESIGN'S SCHOOL OF COSMETOLOGY          ,CA,93446-1471,Proprietary  ,14,25,39,23,35,58
03662400,ACADEMY EDUCATION SERVICES              ,CA,93030-7026,Proprietary  ,6,17,23,13,46,59
03681300,CALIFORNIA HEALING ARTS COLLEGE         ,CA,90025-2589,Proprietary  ,6,43,49,24,81,105
03695300,COMMUNITY ENHANCEMENT SERVICES          ,CA,91205-2395,Private      ,3,45,48,4,54,58
03695700,SANTIAGO CANYON COLLEGE                 ,CA,92869-4512,Public       ,212,242,454,907,621,1528
03698300,WEST COAST UNIVERSITY                   ,CA,90004-0000,Proprietary  ,15,131,146,38,452,490
03698400,CA COLLEGE OF VOCATIONAL CAREER         ,CA,93301-1800,Proprietary  ,2,24,26,21,68,89
03722300,AMERICAN MEDICAL SCIENCES CENTER        ,CA,91601-3718,Proprietary  ,0,0,0,2,3,5
03736300,ADVANCE BEAUTY COLLEGE                  ,CA,92843-4752,Proprietary  ,6,75,81,14,166,180
03740400,ATI COLLEGE                             ,CA,90650-0000,Proprietary  ,12,65,77,15,74,89
03755300,GATES COLLEGE                           ,CA,90278-0000,Proprietary  ,2,3,5,4,14,18
03759300,COMPUTER TUTOR BUSINESS & TECH INST     ,CA,95356-0000,Proprietary  ,6,34,40,14,80,94
03786300,ADVANCED COLLEGE                        ,CA,90280-5255,Proprietary  ,11,30,41,29,68,97
03797400,CAREER CARE INSTITUTE                   ,CA,93534-4766,Proprietary  ,36,99,135,82,259,341
03806300,LAKE COLLEGE                            ,CA,96002-0926,Proprietary  ,21,98,119,31,156,187
03810300,SILICON VALLEY UNIVERSITY               ,CA,95131-1868,Private      ,0,4,4,13,26,39
03814400,SOKA UNIVERSITY OF AMERICA              ,CA,92656-8081,Private      ,2,3,5,189,26,215
03835300,CONEJO VALLEY ADULT EDUCATION           ,CA,91360-0000,Public       ,0,0,0,0,5,5
03838400,WALTER JAY M.D. INSTITUTE AN EDUCATIONAL,CA,90057-0000,Proprietary  ,12,32,44,13,33,46
03852500,CIT COLLEGE OF INFOMEDICAL TECHNOLOGY   ,CA,92831-3703,Proprietary  ,9,74,83,17,128,145
03853300,KECK GRADUATE INSTITUTE OF APPLIED LIFE ,CA,91711-4817,Private      ,0,11,11,0,65,65
03853400,LADERA CAREER PATHS TRAINING CENTERS    ,CA,90045-1931,Proprietary  ,1,10,11,3,15,18
03868300,WORLD MISSION UNIVERSITY                ,CA,90020-1789,Private      ,0,25,25,1,38,39
03868400,LOS ANGELES MUSIC ACADEMY               ,CA,91105-2540,Proprietary  ,7,10,17,55,45,100
03871300,FOLSOM LAKE COLLEGE                     ,CA,95630-6798,Public       ,131,282,413,731,1046,1777
03874300,CAMBRIDGE CAREER COLLEGE                ,CA,95993-0000,Proprietary  ,1,6,7,13,16,29
03874400,COMMMUNITY CHRISTIAN COLLEGE            ,CA,92373-4465,Private      ,6,6,12,24,21,45
03889300,STANBRIDGE COLLEGE                      ,CA,92612-0000,Proprietary  ,9,24,33,21,54,75
03901300,PACIFIC COAST TRADE SCHOOL              ,CA,93033-2441,Proprietary  ,0,2,2,1,6,7
03904300,QUALITY COLLEGE OF CULINARY CAREERS     ,CA,93727-1615,Proprietary  ,9,19,28,29,45,74
03910400,NATIONAL POLYTECHNIC COLLEGE            ,CA,90040-3066,Proprietary  ,6,38,44,15,67,82
03933300,MUELLER COLLEGE OF HOLISTIC STUDIES     ,CA,92116-2630,Proprietary  ,14,67,81,32,136,168
03959300,CAREER MANAGEMENT INSTITUTE             ,CA,92868-4117,Proprietary  ,0,0,0,0,7,7
03962300,AMERICAN INSTITUTE OF MASSAGE THERAPY   ,CA,92705-5463,Proprietary  ,7,16,23,16,33,49
03964400,INTERNATIONAL SCHOOL OF BEAUTY          ,CA,92260-2740,Proprietary  ,6,21,27,30,46,76
03969400,MEDICAL INSTITUTE                       ,CA,90029-2428,Proprietary  ,7,32,39,20,39,59
03969600,AMERICAN AUTO INSTITUTE                 ,CA,90703-2637,Proprietary  ,10,28,38,23,43,66
03971300,AMERICAN CAREER COLLEGE                 ,CA,91764-4906,Proprietary  ,75,110,185,120,289,409
03973300,EX'PRESSION COLLEGE FOR DIGITAL ARTS    ,CA,94608-1021,Proprietary  ,98,136,234,319,341,660
03974500,CALIFORNIA CAREER COLLEGE               ,CA,91303-2006,Proprietary  ,4,27,31,12,54,66
03976400,CALIFORNIA INSTITUTE OF THE HEALING ARTS,CA,95825-8551,Proprietary  ,1,7,8,1,7,8
03980300,CALIFORNIA STATE UNIVERSITY CHANNEL ISLA,CA,93012-8599,Public       ,35,89,124,729,522,1251
03995300,UNIVERSITY OF EAST-WEST MEDICINE        ,CA,94087-6106,Proprietary  ,0,18,18,3,33,36
04001300,PALACE BEAUTY COLLEGE                   ,CA,90006-4233,Proprietary  ,6,25,31,13,29,42
04001400,MOJAVE BARBER COLLEGE                   ,CA,92395-3201,Proprietary  ,7,16,23,10,25,35
04003300,CSI CAREER COLLEGE                      ,CA,95687-3100,Proprietary  ,14,39,53,28,97,125
04004300,THUY PRINCESS BEAUTY COLLEGE            ,CA,91766-0000,Proprietary  ,0,1,1,4,4,8
04005300,INTERAMERICAN COLLEGE                   ,CA,91950-4437,Private      ,2,13,15,3,23,26
04011900,AMERICAN COLLEGE OF CALIFORNIA          ,CA,94102-2305,Proprietary  ,0,1,1,11,7,18
04014400,PALLADIUM TECHNICAL ACADEMY             ,CA,91731-2429,Proprietary  ,3,2,5,9,3,12
04037300,LOS ANGELES FILM SCHOOL (THE)           ,CA,90028-7300,Proprietary  ,87,94,181,100,100,200
04049300,MAXINE WATERS EMPLOYMENT PREPARATION CEN,CA,90059-1023,Public       ,2,6,8,2,7,9
04056300,CAREER COLLEGE OF CALIFORNIA            ,CA,92705-5805,Proprietary  ,1,1,2,1,1,2
04057300,TECHSKILLS OF SACRAMENTO                ,CA,95815-4025,Proprietary  ,7,75,82,20,113,133
04076400,GNOMON SCHOOL OF VISUAL EFFECTS         ,CA,90038-2616,Proprietary  ,3,17,20,3,17,20
00184600,BRIAR CLIFF UNIVERSITY                  ,IA,51104-2100,Private      ,71,73,144,1240,425,1665
00184700,BUENA VISTA UNIVERSITY                  ,IA,50588-9987,Private      ,119,343,462,1952,1414,3366
00184800,SOUTHEASTERN COMMUNITY COLLEGE          ,IA,52655-0000,Public       ,263,524,787,975,1392,2367
00185000,CENTRAL COLLEGE                         ,IA,50219-1999,Private      ,98,20,118,2063,108,2171
00185200,CLARKE COLLEGE                          ,IA,52001-3198,Private      ,72,77,149,971,363,1334
00185400,COE COLLEGE                             ,IA,52402-5092,Private      ,37,23,60,1622,174,1796
00185500,DES MOINES UNIV-OSTEOPATHIC MED CTR     ,IA,50312-0000,Private      ,4,119,123,19,1445,1464
00185600,CORNELL COLLEGE                         ,IA,52314-1098,Private      ,23,8,31,1583,57,1640
00185700,SOUTHWESTERN COMMUNITY COLLEGE          ,IA,50801-1098,Public       ,126,173,299,568,488,1056
00185800,DIVINE WORD COLLEGE                     ,IA,52045-0380,Private      ,2,7,9,7,10,17
00185900,DORDT COLLEGE                           ,IA,51250-1697,Private      ,35,32,67,1180,105,1285
00186000,DRAKE UNIVERSITY                        ,IA,50311-4505,Private      ,93,211,304,3713,2089,5802
00186200,ELLSWORTH COMMUNITY COLLEGE             ,IA,50126-1199,Public       ,104,87,191,588,230,818
00186400,IOWA LAKES COMMUNITY COLLEGE            ,IA,51334-2234,Public       ,196,340,536,1187,854,2041
00186500,IOWA CENTRAL COMMUNITY COLLEGE          ,IA,50501-0000,Public       ,347,445,792,1941,1212,3153
00186600,GRACELAND UNIVERSITY                    ,IA,50140-1699,Private      ,140,236,376,990,775,1765
00186700,GRAND VIEW UNIVERSITY                   ,IA,50316-1599,Private      ,144,164,308,1273,882,2155
00186800,GRINNELL COLLEGE                        ,IA,50112-1690,Private      ,31,1,32,2054,24,2078
00186900,IOWA STATE UNIV SCIENCE & TECHNOLOG     ,IA,50011-2028,Public       ,1140,710,1850,17321,4520,21841
00187100,IOWA WESLEYAN COLLEGE                   ,IA,52641-1398,Private      ,78,103,181,572,387,959
00187300,LORAS COLLEGE                           ,IA,52004-0178,Private      ,64,25,89,1913,189,2102
00187400,LUTHER COLLEGE                          ,IA,52101-1045,Private      ,115,11,126,2801,94,2895
00187500,MARSHALLTOWN COMMUNITY COLLEGE          ,IA,50158-4760,Public       ,113,180,293,554,613,1167
00187700,NORTH IOWA AREA COMMUNITY COLLEGE       ,IA,50401-7299,Public       ,247,256,503,1378,849,2227
00187900,MORNINGSIDE COLLEGE                     ,IA,51106-1751,Private      ,54,44,98,1568,296,1864
00188000,MOUNT MERCY COLLEGE                     ,IA,52402-4797,Private      ,50,87,137,1118,564,1682
00188100,ASHFORD UNIVERSITY                      ,IA,52732-3997,Proprietary  ,109,1784,1893,426,3642,4068
00188300,NORTHWESTERN COLLEGE                    ,IA,51041-1996,Private      ,53,9,62,1594,90,1684
00188700,SIMPSON COLLEGE                         ,IA,50125-1297,Private      ,86,78,164,2151,462,2613
00188900,ST AMBROSE UNIVERSITY                   ,IA,52803-2898,Private      ,229,274,503,2464,1203,3667
00189000,UNIVERSITY OF NORTHERN IOWA             ,IA,50614-0705,Public       ,951,614,1565,9551,2647,12198
00189100,UNIVERSITY OF DUBUQUE                   ,IA,52001-5099,Private      ,157,77,234,1478,477,1955
00189200,UNIVERSITY OF IOWA                      ,IA,52242-1316,Public       ,1310,1077,2387,16183,8278,24461
00189300,UPPER IOWA UNIVERSITY                   ,IA,52142-9206,Private      ,187,947,1134,1228,2951,4179
00189400,VENNARD COLLEGE                         ,IA,52595-0029,Private      ,16,14,30,66,31,97
00189500,WALDORF COLLEGE                         ,IA,50436-1700,Private      ,82,19,101,674,70,744
00189600,WARTBURG COLLEGE                        ,IA,50677-2200,Private      ,59,11,70,2337,70,2407
00189700,WARTBURG THEOLOGICAL SEMINARY           ,IA,52004-5004,Private      ,0,28,28,1,146,147
00190000,WILLIAM PENN UNIVERSITY                 ,IA,52577-1799,Private      ,129,275,404,978,1280,2258
00396300,AIB COLLEGE OF BUSINESS                 ,IA,50321-1799,Private      ,52,80,132,692,471,1163
00407500,ESTRN IOWA COMMUNITY COLLEGE DIST       ,IA,52801-1221,Public       ,15,19,34,44,77,121
00407501,CLINTON COMMUNITY COLLEGE               ,IA,52732-0000,Public       ,105,176,281,359,502,861
00407502,MUSCATINE COMMUNITY COLLEGE             ,IA,52761-0000,Public       ,101,125,226,374,401,775
00407503,SCOTT COMMUNITY COLLEGE                 ,IA,52722-0000,Public       ,308,608,916,1055,2044,3099
00407600,KIRKWOOD COMMUNITY COLLEGE              ,IA,52406-2068,Public       ,1333,1614,2947,6297,4821,11118
00423300,MERCY/ST. LUKE'S SCH RAD TECH           ,IA,52402-0000,Private      ,2,2,4,16,17,33
00458600,KAPLAN UNIVERSITY                       ,IA,52807-2095,Proprietary  ,1154,16290,17444,2061,35076,37137
00458604,KAPLAN UNIVERSITY - CEDAR RAPIDS        ,IA,52404-2998,Proprietary  ,37,108,145,191,731,922
00458605,KAPLAN UNIVERSITY - DES MOINES          ,IA,50323-5702,Proprietary  ,69,165,234,295,799,1094
00458606,KAPLAN UNIVERSITY - MASON CITY          ,IA,50401-4665,Proprietary  ,24,80,104,153,438,591
00458607,KAPLAN UNIVERSITY - CEDAR FALLS         ,IA,50613-6309,Proprietary  ,47,147,194,216,730,946
00458610,KAPLAN UNIVERSITY - COUNCIL BLUFFS      ,IA,51503-5289,Proprietary  ,16,60,76,87,368,455
00458700,NORTHEAST IOWA COMMUNITY COLLEGE        ,IA,52132-0400,Public       ,152,208,360,637,633,1270
00458701,NORTHEAST IOWA COMMUNITY COLLEGE        ,IA,52068-0000,Public       ,271,316,587,922,930,1852
00459500,HAWKEYE COMMUNITY COLLEGE               ,IA,50701-0000,Public       ,726,859,1585,2643,2237,4880
00459800,IOWA WESTERN CMTY CLG-COUNCIL BLUFF     ,IA,51502-0000,Public       ,453,496,949,1999,1630,3629
00460000,NORTHWEST IOWA COMMUNITY COLLEGE        ,IA,51201-1046,Public       ,60,89,149,439,286,725
00626700,IOWA METHODIST MEDICAL CENTER SCHOOLS   ,IA,50309-1499,Private      ,1,4,5,19,35,54
00627300,MERCY COLLEGE OF HEALTH SCIENCES        ,IA,50309-1239,Private      ,51,101,152,415,543,958
00712000,DES MOINES AREA CMTY COLLEGE            ,IA,50021-0000,Public       ,1096,1491,2587,4658,5115,9773
00712100,FAITH BAPTIST BIBLE CLG & THEOL SEM     ,IA,50021-0000,Private      ,45,26,71,305,77,382
00729100,ST LUKE'S COLLEGE                       ,IA,51104-0263,Private      ,12,14,26,136,95,231
00731600,WESTERN IOWA TECH COMMUNITY COLLEGE     ,IA,51106-0000,Public       ,345,758,1103,1100,2094,3194
00758800,CAPRI COLLEGE                           ,IA,52004-0873,Proprietary  ,86,50,136,202,171,373
00761100,EQ SCHOOL OF HAIR DESIGN                ,IA,51503-0813,Proprietary  ,20,16,36,44,50,94
00765600,AMERICAN COLLEGE OF HARISTYLING -CR     ,IA,52402-0000,Proprietary  ,4,5,9,9,12,21
00765800,AMER COLL OF HAIRSTYLING-DES MOINES     ,IA,50309-5446,Proprietary  ,5,13,18,7,30,37
00765900,LA JAMES COLLEGE OF HAIRSTYLING         ,IA,50401-3308,Proprietary  ,20,16,36,61,55,116
00771700,CAPRI COLLEGE                           ,IA,52807-2622,Proprietary  ,6,7,13,28,20,48
00794100,COLLEGE OF HAIR DESIGN                  ,IA,50703-1834,Proprietary  ,9,18,27,25,54,79
00811600,DAYTON'S SCHOOL OF HAIR DESIGN          ,IA,52601-0000,Proprietary  ,4,18,22,7,24,31
00826000,IOWA SCHOOL OF BEAUTY INC               ,IA,50322-0000,Proprietary  ,19,31,50,66,99,165
00840300,INDIAN HILLS COMMUNITY COLLEGE          ,IA,52501-1398,Public       ,322,533,855,1502,1458,2960
00840301,INDIAN HILLS COMMUNITY COLLEGE          ,IA,52544-0000,Public       ,61,85,146,220,229,449
00842400,LA JAMES INTERNATIONAL COLLEGE          ,IA,50501-5577,Proprietary  ,12,12,24,56,47,103
00959300,LA'JAMES COLLEGE OF HAIRSTYLING         ,IA,52240-0000,Proprietary  ,20,13,33,57,29,86
01111300,MAHARISHI UNIV OF MANAGEMENT            ,IA,52557-0001,Private      ,17,30,47,125,132,257
01206400,HAMILTON TECHNICAL COLLEGE              ,IA,52807-2653,Proprietary  ,48,70,118,89,211,300
01230000,PALMER COLLEGE OF CHIROPRACTIC          ,IA,52803-5287,Private      ,16,123,139,95,2403,2498
01300600,LA' JAMES INTERNATIONAL COLLEGE-CF      ,IA,50613-5242,Proprietary  ,14,14,28,58,37,95
02090300,CAPRI COLLEGE                           ,IA,52404-0000,Proprietary  ,10,3,13,37,13,50
02132000,LA JAMES COLLEGE OF HAIRSTYLING         ,IA,50703-0000,Proprietary  ,0,0,0,0,1,1
02134500,LA JAMES INTERNATIONAL COLLEGE - DAV    ,IA,52806-3952,Proprietary  ,15,13,28,39,37,76
02160900,"SALON PROFESSIONAL ACADEMY, THE         ",IA,50010-0000,Proprietary  ,13,6,19,106,28,134
02262500,FAUST INSTITUTE OF COSMETOLOGY          ,IA,50588-0000,Proprietary  ,7,17,24,22,37,59
02274100,LA' JAMES INTERNATIONAL COLLEGE - DM    ,IA,50131-0000,Proprietary  ,28,46,74,92,106,198
02289000,AMERICAN HAIR ACADEMY                   ,IA,52627-4530,Proprietary  ,6,8,14,9,11,20
02306900,IOWA SCHOOL OF BEAUTY                   ,IA,52501-0000,Proprietary  ,13,16,29,27,34,61
02328900,EMMAUS BIBLE COLLEGE                    ,IA,52001-0000,Private      ,39,22,61,185,45,230
02330900,IOWA SCHOOL OF BEAUTY                   ,IA,50158-0000,Proprietary  ,4,6,10,13,22,35
02333200,DAYTON'S SCHOOL OF HAIR DESIGN          ,IA,52632-0000,Proprietary  ,2,3,5,4,5,9
02572500,DAVENPORT BARBER STYLING COLLEGE        ,IA,52807-0000,Proprietary  ,4,13,17,5,14,19
02609200,VATTEROTT COLLEGE                       ,IA,50321-4704,Proprietary  ,21,55,76,72,292,364
03069100,ALLEN COLLEGE                           ,IA,50703-1916,Private      ,17,40,57,288,214,502
03441300,IOWA SCHOOL OF BEAUTY                   ,IA,51106-5111,Proprietary  ,10,15,25,30,38,68
03607400,TOTAL LOOK SCHOOL OF COSMETOLOGY AND MAS,IA,52136-1053,Proprietary  ,2,4,6,4,10,14
00259600,ATLANTIC COMMUNITY COLLEGE              ,NJ,08330-2699,Public       ,540,765,1305,2260,2681,4941
00259700,BLOOMFIELD COLLEGE                      ,NJ,07003-3425,Private      ,150,261,411,2192,1239,3431
00259800,CALDWELL COLLEGE                        ,NJ,07006-6195,Private      ,73,180,253,1232,623,1855
00259900,CENTENARY COLLEGE                       ,NJ,07840-2184,Private      ,101,172,273,1312,700,2012
00260000,COLLEGE OF SAINT ELIZABETH              ,NJ,07960-6989,Private      ,59,121,180,659,449,1108
00260100,CUMBERLAND COUNTY COLLEGE               ,NJ,08362-0517,Public       ,279,344,623,1278,1440,2718
00260300,DREW UNIVERSITY                         ,NJ,07940-4063,Private      ,57,53,110,2608,475,3083
00260700,FAIRLEIGH DICKINSON UNIV-TEANECK        ,NJ,07666-1996,Private      ,118,372,490,2459,1595,4054
00260701,FAIRLEIGH DICKINSON UNIV-FLORHAM        ,NJ,07940-0000,Private      ,84,94,178,2227,488,2715
00260702,FAIRLEIGH DICKINSON UNIV-ED WMS CLG     ,NJ,07601-0000,Private      ,9,20,29,87,64,151
00260703,FAIRLEIGH DICKINSON UNIVERSITY          ,NJ,07940-0000,Private      ,49,92,141,1325,475,1800
00260800,GEORGIAN COURT UNIVERSITY               ,NJ,08701-2697,Private      ,139,282,421,1153,1262,2415
00260900,ROWAN UNIVERSITY                        ,NJ,08028-1702,Public       ,620,478,1098,9762,2688,12450
00261000,FELICIAN COLLEGE                        ,NJ,07644-2198,Private      ,119,163,282,1195,633,1828
00261300,NEW JERSEY CITY UNIVERSITY              ,NJ,07305-1597,Public       ,467,851,1318,3798,3533,7331
00261500,MIDDLESEX COUNTY COLLEGE                ,NJ,08818-3050,Public       ,799,700,1499,3810,2503,6313
00261600,MONMOUTH UNIVERSITY                     ,NJ,07764-1898,Private      ,399,348,747,5819,1782,7601
00261700,MONTCLAIR STATE UNIVERSITY              ,NJ,07043-9987,Public       ,853,853,1706,11365,4256,15621
00261900,NEW BRUNSWICK THEOLOGICAL SEMINARY      ,NJ,08901-0000,Private      ,4,32,36,13,92,105
00262100,NEW JERSEY INST OF TECHNOLOGY           ,NJ,07102-1982,Public       ,290,369,659,3552,1618,5170
00262200,KEAN UNIVERSITY                         ,NJ,07083-7131,Public       ,719,932,1651,7680,4582,12262
00262400,OCEAN COUNTY COLLEGE                    ,NJ,08754-2001,Public       ,638,498,1136,2893,1674,4567
00262500,WILLIAM PATERSON UNIVERSITY             ,NJ,07470-2152,Public       ,684,546,1230,7265,2649,9914
00262600,PRINCETON THEOLOGICAL SEMINARY          ,NJ,08542-0000,Private      ,1,49,50,2,519,521
00262700,PRINCETON UNIVERSITY                    ,NJ,08544-0001,Private      ,107,55,162,8651,1009,9660
00262800,RIDER UNIVERSITY                        ,NJ,08648-3099,Private      ,242,259,501,5039,1204,6243
00262900,"RUTGERS, THE STATE UNIVERSITY OF NJ     ",NJ,08901-1281,Public       ,2373,2165,4538,32800,14783,47583
00263200,SETON HALL UNIVERSITY                   ,NJ,07079-2697,Private      ,397,580,977,5873,2394,8267
00263201,SETON HALL UNIVERSITY - SCHOOL OF LAW   ,NJ,07079-5210,Private      ,8,120,128,125,1716,1841
00263800,ST PETER'S COLLEGE                      ,NJ,07306-5997,Private      ,219,238,457,2961,800,3761
00263900,STEVENS INSTITUTE OF TECHNOLOGY         ,NJ,07030-5370,Private      ,179,175,354,2246,403,2649
00264200,COLLEGE OF NEW JERSEY (THE)             ,NJ,08628-0718,Public       ,362,162,524,7772,879,8651
00264300,UNION COUNTY COLLEGE                    ,NJ,07016-1598,Public       ,943,1240,2183,3066,3947,7013
00473600,BERGEN COMMUNITY COLLEGE                ,NJ,07652-1595,Public       ,899,780,1679,4258,2712,6970
00474000,MERCER COUNTY COMMUNITY COLLEGE         ,NJ,08690-0000,Public       ,505,747,1252,1961,2716,4677
00539900,MONMOUTH COUNTY VOCATIONAL SCH DIST     ,NJ,07728-5033,Public       ,18,21,39,33,46,79
00545200,TETERBORO SCH OF AERONAUTICS            ,NJ,07608-1083,Proprietary  ,28,23,51,52,43,95
00546000,SOMERSET COUNTY TECHNICAL INSTITUTE     ,NJ,08807-0350,Public       ,2,23,25,28,80,108
00546100,SALEM COMMUNITY COLLEGE                 ,NJ,08069-2799,Public       ,110,142,252,356,477,833
00641000,C E GREGORY SCHOOL OF NURSING           ,NJ,08857-0000,Private      ,5,8,13,69,88,157
00641700,HOLY NAME HOSPITAL SCH OF NURSING       ,NJ,07666-4254,Private      ,15,23,38,69,115,184
00642000,MOUNTAINSIDE HOSP SCH NRSG              ,NJ,07042-4898,Proprietary  ,9,36,45,45,147,192
00642100,MUHLENBERG SNYDER SCHOOLS               ,NJ,07061-3399,Private      ,15,63,78,102,326,428
00642900,ST FRANCIS MEDICAL CTR SCH NURSING      ,NJ,08629-1986,Private      ,1,5,6,13,32,45
00642902,ST FRANCIS MED CTR RAD TECH             ,NJ,08629-0000,Private      ,0,3,3,4,10,14
00686500,CAMDEN COUNTY COLLEGE                   ,NJ,08012-3240,Public       ,865,1175,2040,4131,4629,8760
00690100,GLOUCESTER COUNTY COLLEGE               ,NJ,08080-4249,Public       ,494,449,943,1989,1458,3447
00710700,ESSEX COUNTY COLLEGE                    ,NJ,07102-1798,Public       ,873,1359,2232,3469,4751,8220
00750200,BERKELEY COLLEGE                        ,NJ,07424-3367,Proprietary  ,232,260,492,1212,862,2074
00750201,BERKELEY COLLEGE                        ,NJ,07095-0000,Proprietary  ,99,92,191,459,298,757
00750202,BERKELEY COLLEGE - PARAMUS              ,NJ,07652-2931,Proprietary  ,79,72,151,419,237,656
00750600,LINCOLN TECHNICAL INSTITUTE             ,NJ,07083-5032,Proprietary  ,434,343,777,901,782,1683
00750601,LINCOLN TECHNICAL INSTITUTE             ,NJ,07430-0000,Proprietary  ,169,121,290,641,438,1079
00750700,GIBBS COLLEGE                           ,NJ,07039-1611,Proprietary  ,216,268,484,791,1061,1852
00750701,KATHARINE GIBBS - PISCATAWAY            ,NJ,08854-0000,Proprietary  ,116,134,250,359,469,828
00759300,PARISIAN BEAUTY ACADEMY                 ,NJ,07601-5509,Proprietary  ,30,43,73,46,76,122
00772900,COUNTY COLLEGE OF MORRIS                ,NJ,07869-0000,Public       ,478,277,755,2061,979,3040
00773000,BURLINGTON COUNTY COLLEGE               ,NJ,08068-1599,Public       ,453,512,965,2103,1874,3977
00773100,RARITAN VALLEY COMMUNITY COLLEGE        ,NJ,08876-1265,Public       ,328,299,627,1104,869,1973
00794700,BETH MEDRASH GOVOHA OF AMERICA          ,NJ,08701-0000,Private      ,60,406,466,101,983,1084
00840400,BROOKDALE COMMUNITY COLLEGE             ,NJ,07738-1597,Public       ,1077,816,1893,3640,2486,6126
00844101,ANTHEM INSTITUTE                        ,NJ,08002-0000,Proprietary  ,1,2,3,8,10,18
00849400,HO HO KUS SCHL OF TRADE & TECH SCIENCES ,NJ,07513-1402,Proprietary  ,14,37,51,19,49,68
00860900,RABBINICAL COLLEGE OF AMERICA           ,NJ,07960-3600,Private      ,26,3,29,39,3,42
00907800,CAPRI INSTITUTE OF HAIR DESIGN          ,NJ,07011-2111,Proprietary  ,26,33,59,40,54,94
00934400,RAMAPO COLLEGE OF NEW JERSEY            ,NJ,07430-1680,Public       ,337,142,479,4573,721,5294
00934500,RICHARD STOCKTON COLLEGE OF NJ          ,NJ,08240-0195,Public       ,511,337,848,5401,1983,7384
00999400,PASSAIC COUNTY COMMUNITY COLLEGE        ,NJ,07505-1179,Public       ,774,1095,1869,2062,2553,4615
01039400,UNIV OF MEDICINE & DENTISTRY OF NJ      ,NJ,07107-0000,Public       ,19,469,488,165,3722,3887
01062900,P B COSMETOLOGY EDUCATION CENTRE        ,NJ,08030-1750,Proprietary  ,41,35,76,71,53,124
01085100,ANTHEM INSTITUTE                        ,NJ,07054-3409,Proprietary  ,228,369,597,548,853,1401
01085101,ANTHEM INSTITUTE                        ,NJ,07306-0000,Proprietary  ,7,13,20,30,45,75
01085102,ANTHEM INSTITUTE                        ,NJ,08902-0000,Proprietary  ,3,7,10,27,24,51
01090300,RIZZIERI INSTITUTE                      ,NJ,08043-4600,Proprietary  ,32,20,52,77,45,122
01152300,MORRIS COUNTY SCHOOL OF TECHNOLOGY      ,NJ,07834-0000,Public       ,7,12,19,24,25,49
01170800,NATURAL MOTION INST OF HAIR DESIGN      ,NJ,07306-5496,Proprietary  ,12,39,51,21,55,76
01198900,TALMUDICAL ACADEMY                      ,NJ,07710-0000,Private      ,20,0,20,27,1,28
01209000,REIGNBOW BEAUTY ACADEMY                 ,NJ,08861-4118,Proprietary  ,21,57,78,27,79,106
01234600,DOVER BUSINESS COLLEGE                  ,NJ,07011-2161,Proprietary  ,38,81,119,72,213,285
01234602,DOVER BUSINESS COLLEGE                  ,NJ,07801-4643,Proprietary  ,15,65,80,45,183,228
01246100,LINCOLN TECHNICAL INSTITUTE             ,NJ,08820-2896,Proprietary  ,84,117,201,205,253,458
01246102,LINCOLN TECHNICAL INSTITUTE             ,NJ,08054-0000,Proprietary  ,77,154,231,191,313,504
01246103,LINCOLN TECHNICAL INSTITUTE             ,NJ,07652-2106,Proprietary  ,82,182,264,209,395,604
01246200,HOHOKUS - HACKENSACK SCHOOL OF BUSINESS ,NJ,07601-7197,Proprietary  ,36,122,158,86,390,476
01295400,HUDSON COUNTY COMMUNITY COLLEGE         ,NJ,07306-4012,Public       ,952,1105,2057,2989,3552,6541
02053700,EASTWICK COLLEGE                        ,NJ,07446-0000,Proprietary  ,62,161,223,112,374,486
02061800,ROMAN ACADEMY OF BEAUTY CULTURE         ,NJ,07506-0000,Proprietary  ,18,24,42,25,28,53
02092300,HOHOKUS SCHOOL - RETS/NUTLEY            ,NJ,07110-0000,Proprietary  ,35,83,118,94,185,279
02103700,CAPRI INSTITUTE OF HAIR DESIGN          ,NJ,07652-0000,Proprietary  ,29,15,44,55,55,110
02104000,HARRIS SCHOOL OF BUSINESS               ,NJ,08002-2983,Proprietary  ,45,256,301,67,504,571
02131100,DU CRET SCHOOL OF THE ARTS              ,NJ,07060-0000,Private      ,9,6,15,14,8,22
02131600,PENNCO TECH                             ,NJ,08012-0000,Proprietary  ,117,133,250,266,295,561
02132300,BERDAN INSTITUTE                        ,NJ,07512-0000,Proprietary  ,60,135,195,125,224,349
02146800,JOE KUBERT SCH OF CARTOON & GRAPHIC     ,NJ,07801-0000,Proprietary  ,6,7,13,60,50,110
02149800,EMPIRE BEAUTY SCHOOL                    ,NJ,08021-0000,Proprietary  ,43,87,130,85,184,269
02149801,EMPIRE BEAUTY SCHOOL - BORDENTOWN       ,NJ,08505-1513,Proprietary  ,1,1,2,4,5,9
02154000,DIVERS ACAD OF EASTERN SEABOARD         ,NJ,08081-1139,Proprietary  ,22,34,56,53,71,124
02183600,CAPRI INSTITUTE OF HAIR DESIGN          ,NJ,07033-0000,Proprietary  ,25,26,51,49,58,107
02186700,HARRISON CAREER INSTITUTE               ,NJ,08075-0000,Proprietary  ,6,22,28,9,33,42
02186703,HARRISON CAREER INSTITUTE               ,NJ,08096-0000,Proprietary  ,12,63,75,17,86,103
02186707,HARRISON CAREER INSTITUTE               ,NJ,07079-0000,Proprietary  ,1,1,2,3,7,10
02186708,HARRISON CAREER INSTITUTE               ,NJ,07376-0000,Proprietary  ,15,42,57,22,70,92
02186709,HARRISON CAREER INSTITUTE               ,NJ,07011-0000,Proprietary  ,0,0,0,1,0,1
02192200,THOMAS EDISON STATE COLLEGE             ,NJ,08608-0000,Public       ,36,784,820,147,2457,2604
02219600,OMEGA INSTITUTE                         ,NJ,08109-0000,Proprietary  ,22,59,81,63,101,164
02223700,NEW HORIZON INST OF COSMETOLOGY         ,NJ,07093-0000,Proprietary  ,7,58,65,9,61,70
02223900,DRAKE COLLEGE OF BUSINESS               ,NJ,07201-0000,Proprietary  ,48,334,382,83,598,681
02232500,UNION COUNTY VOCATIONAL TECH INST       ,NJ,07076-0000,Public       ,21,20,41,39,38,77
02234600,SHORE BEAUTY SCHOOL                     ,NJ,08232-0000,Proprietary  ,11,13,24,15,19,34
02246000,ROSS UNIVERSITY - MEDICAL SCHOOL        ,NJ,08837-0000,Proprietary  ,3,370,373,11,3199,3210
02248600,COOPER HEALTH SYS-CTR ALLIED HEALTH     ,NJ,08103-0000,Private      ,7,11,18,29,51,80
02252700,CONCORDE SCHOOL OF HAIR DESIGN          ,NJ,07712-0000,Proprietary  ,38,89,127,60,127,187
02261800,EUROPEAN ACADEMY OF COSMETOLOGY         ,NJ,07083-0000,Proprietary  ,18,42,60,34,72,106
02265500,CAPRI INSTITUTE OF HAIR DESIGN          ,NJ,08724-0000,Proprietary  ,37,53,90,54,79,133
02277900,ROSS UNIV - SCH OF VETERINARY MED       ,NJ,08837-0000,Proprietary  ,0,54,54,1,816,817
02291000,LINCOLN TECHNICAL INSTITUTE             ,NJ,07080-2424,Proprietary  ,32,19,51,97,43,140
02301900,ALLIED MEDICAL AND TECHNICAL INSTITUTE  ,NJ,07470-3017,Proprietary  ,0,0,0,0,1,1
02312000,BERGEN COUNTY TECHNICAL SCHOOLS         ,NJ,07601-6110,Public       ,5,18,23,26,35,61
02344200,EMPIRE BEAUTY SCHOOL                    ,NJ,08002-0000,Proprietary  ,21,27,48,51,97,148
02503900,WARREN COUNTY COMMUNITY COLLEGE         ,NJ,07882-0000,Public       ,113,105,218,354,301,655
02523700,OCEAN COUNTY VOCATIONAL-TECH SCHOOL     ,NJ,08753-0000,Public       ,23,32,55,71,144,215
02525900,ARTISTIC ACADEMY OF HAIR DESIGN         ,NJ,07950-1409,Proprietary  ,34,17,51,68,41,109
02528200,REIGNBOW BEAUTY ACADEMY                 ,NJ,07060-0000,Proprietary  ,14,32,46,20,64,84
02539903,STAR TECHNICAL INSTITUTE-EGG HARBOR     ,NJ,08234-0000,Proprietary  ,33,123,156,42,182,224
02558700,PRISM CAREER INSTITUTE                  ,NJ,08037-0000,Proprietary  ,31,138,169,53,235,288
02558702,ACADEMY OF COMPUTER CAREERS             ,NJ,08080-0000,Proprietary  ,1,1,2,3,5,8
02568800,SUSSEX COUNTY COMMUNITY COLLEGE         ,NJ,07860-1149,Public       ,250,197,447,872,524,1396
02586800,HARRISON CAREER INSTITUTE               ,NJ,08360-6210,Proprietary  ,16,86,102,23,106,129
02586801,HARRISON CAREER INSTITUTE               ,NJ,07755-0000,Proprietary  ,6,29,35,10,37,47
02586900,HARRIS SCHOOL OF BUSINESS               ,NJ,08084-1520,Proprietary  ,9,57,66,24,151,175
02586901,STAR TECHNICAL INSTITUTE - LAKEWOOD     ,NJ,08701-0000,Proprietary  ,16,90,106,47,227,274
02615401,STAR TECHNICAL INSTITUTE -              ,NJ,07102-4599,Proprietary  ,11,85,96,28,214,242
02616402,SANFORD-BROWN INSTITUTE - ISELIN        ,NJ,08830-0000,Proprietary  ,97,303,400,228,774,1002
03077500,RABBI JACOB JOSEPH SCHOOL               ,NJ,08817-4494,Private      ,5,0,5,7,0,7
03085201,HARRISON CAREER INSTITUTE               ,NJ,08648-0000,Proprietary  ,13,75,88,16,84,100
03122600,EASTERN INTERNATIONAL COLLEGE           ,NJ,07306-3906,Proprietary  ,77,179,256,97,236,333
03187300,STENOTECH CAREER INSTITUTE              ,NJ,07004-3490,Proprietary  ,13,30,43,23,52,75
03197300,INSTITUTE FOR HEALTH EDUCATION(THE)     ,NJ,07306-2929,Proprietary  ,1,5,6,2,8,10
03324300,CENTRAL CAREER SCHOOL                   ,NJ,07080-2408,Proprietary  ,2,23,25,3,27,30
03389300,ACADEMY OF MASSAGE THERAPY              ,NJ,07631-0000,Proprietary  ,7,50,57,14,60,74
03424500,NEW COMMUNITY WORKFORCE DEVELOPMENT     ,NJ,07103-2402,Private      ,21,127,148,31,259,290
03530300,"KEY SKILLS LEARNING, INC.               ",NJ,07013-1900,Proprietary  ,0,16,16,1,22,23
03536300,INSTITUTE FOR THERAPEUTIC MASSAGE       ,NJ,07420-1452,Proprietary  ,14,39,53,25,98,123
03574400,CORTIVA INSTITUTE - SOMERSET SCHOOL OF M,NJ,08854-3908,Proprietary  ,13,26,39,20,46,66
03625300,PERFORMANCE TRAINING INSTITUTE          ,NJ,08753-0000,Proprietary  ,0,1,1,1,2,3
03629300,HELMA INSTITUTE OF MASSAGE THERAPY      ,NJ,07663-6200,Proprietary  ,14,59,73,15,60,75
03650600,PC AGE                                  ,NJ,07306-3936,Proprietary  ,12,40,52,15,53,68
03650603,PC AGE                                  ,NJ,08817-2842,Proprietary  ,7,33,40,10,45,55
03666300,SOMERSET CHRISTIAN COLLEGE              ,NJ,08890-9035,Private      ,6,26,32,16,72,88
03769300,PC TECH LEARNING CENTER                 ,NJ,07306-9900,Proprietary  ,9,102,111,12,120,132
03803300,HEALTHCARE TRAINING INSTITUTE           ,NJ,07083-3504,Proprietary  ,13,43,56,32,123,155
03811300,EASTERN SCHOOL OF ACUPUNCTURE AND TRADIT,NJ,07042-3562,Proprietary  ,0,9,9,4,28,32
        ,BROOKLYN LAW SCHOOL                     ,NY,11201-0000,Private      ,3,109,112,33,3148,3181
00266500,VAUGHN COLLEGE OF AERONAUTICS AND TECHNO,NY,11369-9997,Private      ,198,153,351,656,403,1059
00266600,ADELPHI UNIVERSITY                      ,NY,11530-4299,Private      ,303,821,1124,5307,3732,9039
00266700,DOWLING COLLEGE                         ,NY,11769-1999,Private      ,353,601,954,2141,2076,4217
00266800,ALFRED UNIVERSITY                       ,NY,14802-1205,Private      ,107,80,187,2658,475,3133
00266900,BANK STREET COLLEGE OF EDUCATION        ,NY,10025-0000,Private      ,0,74,74,5,744,749
00267100,BARD COLLEGE                            ,NY,12504-5000,Private      ,28,14,42,2384,460,2844
00267800,BRYANT & STRATTON COLLEGE               ,NY,14203-1713,Proprietary  ,364,1084,1448,1037,3786,4823
00267803,BRYANT & STRATTON COLLEGE - GREECE      ,NY,14606-4227,Proprietary  ,67,189,256,199,676,875
00267805,BRYANT & STRATTON COLLEGE - SYRACUSE    ,NY,13203-2502,Proprietary  ,154,296,450,537,1182,1719
00267807,BRYANT & STRATTON COLLEGE - ALBANY      ,NY,12205-5230,Proprietary  ,75,129,204,200,486,686
00268100,CANISIUS COLLEGE                        ,NY,14208-1098,Private      ,278,297,575,4261,1172,5433
00268500,CAZENOVIA COLLEGE                       ,NY,13035-1085,Private      ,68,35,103,1395,110,1505
00268700,CUNY-BROOKLYN COLLEGE                   ,NY,11210-2814,Public       ,1306,1607,2913,10091,6536,16627
00268800,CITY COLLEGE-CUNY                       ,NY,10031-9198,Public       ,1017,1248,2265,9346,5112,14458
00268900,CUNY-HUNTER COLLEGE                     ,NY,10021-0000,Public       ,1209,1470,2679,15246,8665,23911
00269000,QUEENS COLLEGE-CUNY                     ,NY,11367-1597,Public       ,1322,1374,2696,9056,4998,14054
00269100,CUNY- BOROUGH OF MANHATTAN CMTY CLG     ,NY,10007-1047,Public       ,2983,2623,5606,9768,8415,18183
00269200,CUNY BRONX COMMUNITY COLLEGE            ,NY,10453-3102,Public       ,1712,1913,3625,4992,5333,10325
00269300,CUNY-JOHN JAY CLG CRIMINAL JUSTICE      ,NY,10019-1093,Public       ,2027,1293,3320,9802,4895,14697
00269400,KINGSBOROUGH COMMUNITY COLLEGE          ,NY,11235-2398,Public       ,2254,1506,3760,6168,3922,10090
00269600,NY CITY COLLEGE OF TECHNOLOGY-CUNY      ,NY,11201-2983,Public       ,1904,1445,3349,8545,5281,13826
00269700,QUEENSBOROUGH COMMUNITY COLLEGE         ,NY,11364-1497,Public       ,1945,1212,3157,5529,3025,8554
00269800,CUNY THE COLLEGE OF STATEN ISLAND       ,NY,10314-6600,Public       ,1110,656,1766,7161,3174,10335
00269900,CLARKSON UNIVERSITY                     ,NY,13699-5615,Private      ,114,41,155,3474,251,3725
00270000,COLGATE ROCHESTER CROZER DIVINITY S     ,NY,14620-0000,Private      ,1,19,20,4,72,76
00270100,COLGATE UNIVERSITY                      ,NY,13346-1386,Private      ,56,6,62,3563,44,3607
00270300,COLLEGE OF MOUNT SAINT VINCENT          ,NY,10471-1093,Private      ,216,64,280,1937,254,2191
00270400,COLLEGE OF NEW ROCHELLE                 ,NY,10805-2339,Private      ,147,1628,1775,1076,5163,6239
00270500,COLLEGE OF SAINT ROSE                   ,NY,12203-1490,Private      ,306,349,655,3852,1890,5742
00270700,COLUMBIA UNIVERSITY                     ,NY,10027-0000,Private      ,83,276,359,2803,2608,5411
00270701,COLUMBIA UNIV ARCHITECTURE              ,NY,10027-0000,Private      ,5,34,39,40,694,734
00270702,COLUMBIA UNIV SCHOOL OF THE ARTS        ,NY,10027-0000,Private      ,7,41,48,52,1003,1055
00270703,COLUMBIA UNIV BUSINESS GRAD             ,NY,10027-0000,Private      ,3,119,122,18,1418,1436
00270704,COLUMBIA UNIV SCHOOL ENGIN-UNDERGRA     ,NY,10027-0000,Private      ,25,3,28,1485,36,1521
00270705,COLUMBIA UNIV SCHOOL GENERAL STUDIE     ,NY,10027-0000,Private      ,46,147,193,275,899,1174
00270706,COLUMBIA UNIV GRAD SCHL ARTS & SCI      ,NY,10027-0000,Private      ,2,245,247,27,1568,1595
00270707,COLUMBIA UNIV SCH INTL PUB AFFAIRS      ,NY,10027-0000,Private      ,0,54,54,5,1147,1152
00270708,COLUMBIA UNIV JOURNALISM GRAD           ,NY,10027-0000,Private      ,1,19,20,14,509,523
00270710,COLUMBIA UNIV COLUMBIA COLLEGE          ,NY,10027-0000,Private      ,133,23,156,6651,199,6850
00270711,COLUMBIA UNIV SCHOOL OF LAW             ,NY,10027-0000,Private      ,2,131,133,31,3283,3314
00270712,COLUMBIA UNIV SOCIAL WORK               ,NY,10025-0000,Private      ,3,24,27,15,863,878
00270713,COLUMBIA UNIV SCHL DENT & ORAL SURG     ,NY,10032-0000,Private      ,0,17,17,7,332,339
00270714,COLUMBIA UNIV INST HUMAN NUTRITION      ,NY,10032-0000,Private      ,0,5,5,2,50,52
00270715,COLUMBIA UNIV NURSING                   ,NY,10032-0000,Private      ,3,67,70,55,596,651
00270716,COLUMBIA UNIV COLL PHYS & SURGEONS      ,NY,10032-0000,Private      ,0,17,17,11,995,1006
00270717,COLUMBIA UNIV PHYSICAL THERAPY          ,NY,10032-0000,Private      ,1,4,5,9,104,113
00270718,COLUMBIA UNIV OCCUPATIONAL THERAPY      ,NY,10032-0000,Private      ,0,6,6,3,74,77
00270719,COLUMBIA UNIV PUBLIC HEALTH             ,NY,10032-0000,Private      ,0,43,43,4,921,925
00270720,COLUMBIA UNIV - ENGINEERING (GRAD)      ,NY,10027-0000,Private      ,4,52,56,51,292,343
00270721,COLUMBIA UNIV-CONT ED & SP PROGMS       ,NY,10027-0000,Private      ,0,52,52,9,126,135
00270800,BARNARD COLLEGE-COLUMBIA UNIV           ,NY,10027-6598,Private      ,59,7,66,3308,82,3390
00270900,CONCORDIA COLLEGE                       ,NY,10708-1998,Private      ,61,44,105,700,140,840
00271000,COOPER UNION                            ,NY,10003-7120,Private      ,70,14,84,1226,107,1333
00271100,CORNELL UNIVERSITY                      ,NY,14853-2801,Private      ,402,310,712,18703,4451,23154
00271101,WEILL CORNELL MEDICAL COLLEGE AND GRADUA,NY,10021-0000,Private      ,3,85,88,33,702,735
00271200,D'YOUVILLE COLLEGE                      ,NY,14201-1084,Private      ,100,199,299,1364,1201,2565
00271300,DOMINICAN COLLEGE                       ,NY,10962-1299,Private      ,139,145,284,1301,552,1853
00271800,ELMIRA COLLEGE                          ,NY,14901-2099,Private      ,64,177,241,1794,547,2341
00272200,FORDHAM UNIVERSITY                      ,NY,10458-5157,Private      ,502,1107,1609,14026,7181,21207
00272206,MARYMOUNT COLLEGE                       ,NY,10591-3796,Private      ,64,31,95,317,128,445
00272600,GENERAL THEOLOGICAL SEMINARY            ,NY,10011-0000,Private      ,0,4,4,0,106,106
00272800,HAMILTON COLLEGE                        ,NY,13323-1218,Private      ,39,3,42,2163,29,2192
00272900,HARTWICK COLLEGE                        ,NY,13820-4020,Private      ,61,7,68,2375,69,2444
00273100,HOBART & WILLIAM SMITH COLLEGES         ,NY,14456-3397,Private      ,42,5,47,2482,52,2534
00273200,HOFSTRA UNIVERSITY                      ,NY,11549-1010,Private      ,982,880,1862,11182,5109,16291
00273400,HOUGHTON COLLEGE                        ,NY,14744-0128,Private      ,63,82,145,1508,226,1734
00273500,HILBERT COLLEGE                         ,NY,14075-1597,Private      ,134,94,228,811,333,1144
00273700,IONA COLLEGE                            ,NY,10801-1890,Private      ,259,200,459,5291,893,6184
00273900,ITHACA COLLEGE                          ,NY,14850-7130,Private      ,213,41,254,10315,613,10928
00274000,JEWISH THEOLOGICAL SEMINARY OF AMER     ,NY,10027-4649,Private      ,8,20,28,118,201,319
00274200,THE JUILLIARD SCHOOL                    ,NY,10023-6588,Private      ,23,20,43,985,563,1548
00274400,KEUKA COLLEGE                           ,NY,14478-0000,Private      ,90,190,280,1178,632,1810
00274800,LEMOYNE COLLEGE                         ,NY,13214-1399,Private      ,185,169,354,3427,945,4372
00274900,NEW YORK COLLEGE OF PODIATRIC MED       ,NY,10035-0000,Private      ,1,42,43,25,354,379
00275100,LONG ISLAND UNIVERSITY                  ,NY,11548-1326,Private      ,746,1101,1847,6483,3843,10326
00275115,LONG ISLAND UNIVERSITY - SOUTHAMPTON COL,NY,11968-4198,Private      ,36,42,78,89,84,173
00275116,LONG ISLAND UNIVERSITY - BROOKLYN       ,NY,11201-8423,Private      ,616,1348,1964,4814,4551,9365
00275800,MANHATTAN COLLEGE                       ,NY,10471-4098,Private      ,212,72,284,4517,312,4829
00275900,MANHATTAN SCHOOL OF MUSIC               ,NY,10027-4698,Private      ,20,25,45,610,668,1278
00276000,MANHATTANVILLE COLLEGE                  ,NY,10577-2132,Private      ,54,157,211,2344,728,3072
00276300,MARIA COLLEGE                           ,NY,12208-1798,Private      ,35,139,174,136,607,743
00276500,MARIST COLLEGE                          ,NY,12601-1387,Private      ,262,273,535,6454,892,7346
00276900,MARYMOUNT MANHATTAN COLLEGE             ,NY,10021-4597,Private      ,124,53,177,2291,237,2528
00277200,MERCY COLLEGE                           ,NY,10522-1189,Private      ,806,2132,2938,2225,5699,7924
00277500,MOLLOY COLLEGE                          ,NY,11570-1100,Private      ,208,331,539,1900,1459,3359
00277700,MEDAILLE COLLEGE                        ,NY,14214-2695,Private      ,129,368,497,1123,1276,2399
00277800,MOUNT SAINT MARY COLLEGE                ,NY,12550-3494,Private      ,143,202,345,2002,982,2984
00277900,NAZARETH COLLEGE OF ROCHESTER           ,NY,14618-3790,Private      ,174,211,385,2696,1330,4026
00278200,NEW YORK INSTITUTE OF TECHNOLOGY        ,NY,11568-8000,Private      ,638,1205,1843,4289,4079,8368
00278202,NY INSTITUTE OF TECHNOLOGY-OSTEOPATHIC M,NY,11568-0000,Private      ,1,74,75,6,1131,1137
00278300,NEW YORK LAW SCHOOL                     ,NY,10013-0000,Private      ,2,174,176,20,2785,2805
00278400,NEW YORK MEDICAL COLLEGE                ,NY,10595-0000,Private      ,2,126,128,9,1615,1624
00278500,NEW YORK UNIVERSITY                     ,NY,10012-1091,Private      ,798,2471,3269,28731,21905,50636
00278800,NIAGARA UNIVERSITY                      ,NY,14109-2010,Private      ,221,169,390,3712,682,4394
00279000,NYACK COLLEGE                           ,NY,10960-3698,Private      ,220,774,994,1182,1657,2839
00279100,PACE UNIVERSITY - NEW YORK              ,NY,10038-1598,Private      ,351,478,829,5877,2388,8265
00279101,PACE UNIVERSITY-PLEASANTVILLE           ,NY,10570-0000,Private      ,191,175,366,2884,731,3615
00279102,PACE UNIVERSITY - WHITE PLAINS          ,NY,10603-0000,Private      ,9,204,213,151,1770,1921
00279500,PAUL SMITHS CLG OF ARTS & SCIENCES      ,NY,12970-0000,Private      ,135,35,170,1013,146,1159
00279600,POLYTECHNIC INTSTITUTE OF NEW YORK UNIV ,NY,11201-3840,Private      ,181,162,343,1629,468,2097
00279800,PRATT INSTITUTE                         ,NY,11205-3899,Private      ,242,206,448,3843,2036,5879
00280300,RENSSELAER POLYTECHNIC INSTITUTE        ,NY,12180-3590,Private      ,278,108,386,6706,585,7291
00280500,ROBERTS WESLEYAN COLLEGE                ,NY,14624-1997,Private      ,110,268,378,1253,960,2213
00280600,ROCHESTER INSTITUTE OF TECHNOLOGY       ,NY,14623-5608,Private      ,670,517,1187,11566,2623,14189
00280700,ROCKEFELLER UNIVERSITY                  ,NY,10021-0000,Private      ,2,0,2,8,13,21
00280800,DAEMEN COLLEGE                          ,NY,14226-3592,Private      ,210,191,401,1743,664,2407
00281000,THE SAGE COLLEGES                       ,NY,12180-4199,Private      ,152,286,438,1367,1447,2814
00281200,TROCAIRE COLLEGE                        ,NY,14220-2094,Private      ,76,202,278,411,1017,1428
00281300,SARAH LAWRENCE COLLEGE                  ,NY,10708-5999,Private      ,36,29,65,1953,564,2517
00281400,SKIDMORE COLLEGE                        ,NY,12866-1632,Private      ,45,16,61,3329,108,3437
00281401,SKIDMORE COLL-UNIV WITHOUT WALLS        ,NY,12866-0000,Private      ,2,17,19,29,58,87
00281500,ST BERNARDS SCH THEOLOGY & MINISTRY     ,NY,14618-3822,Private      ,0,7,7,3,40,43
00281600,SIENA COLLEGE                           ,NY,12211-1462,Private      ,310,51,361,4285,208,4493
00281700,ST BONAVENTURE UNIVERSITY               ,NY,14778-2284,Private      ,145,118,263,2181,496,2677
00282000,ST FRANCIS COLLEGE                      ,NY,11201-4398,Private      ,332,146,478,1789,384,2173
00282100,ST JOHN FISHER COLLEGE                  ,NY,14618-3597,Private      ,67,206,273,3948,1325,5273
00282200,CHRIST THE KING SEMINARY                ,NY,14052-0607,Private      ,0,3,3,0,7,7
00282300,ST JOHN'S UNIVERSITY                    ,NY,11439-1343,Private      ,783,552,1335,17432,5015,22447
00282500,ST JOSEPH'S COLLEGE                     ,NY,11205-3688,Private      ,82,174,256,832,487,1319
00282501,ST JOSEPH'S COLLEGE-SUFFOLK CAMPUS      ,NY,11772-0000,Private      ,409,287,696,2496,1001,3497
00282600,ST JOSEPH'S SEMINARY                    ,NY,10704-0000,Private      ,0,1,1,0,1,1
00282900,ST LAWRENCE UNIVERSITY                  ,NY,13617-1455,Private      ,59,28,87,2441,111,2552
00283200,ST THOMAS AQUINAS COLLEGE               ,NY,10976-1050,Private      ,145,72,217,1501,237,1738
00283300,ST VLADIMIR ORTHODOX THEOL SEM          ,NY,10707-0000,Private      ,0,11,11,1,37,38
00283500,SUNY AT ALBANY                          ,NY,12222-0001,Public       ,1325,875,2200,15333,4534,19867
00283600,BINGHAMTON UNIVERSITY (SUNY)            ,NY,13902-6000,Public       ,680,403,1083,16212,2389,18601
00283700,SUNY AT BUFFALO                         ,NY,14260-0001,Public       ,1535,1494,3029,18621,9042,27663
00283800,SUNY AT STONY BROOK                     ,NY,11794-0001,Public       ,1422,1003,2425,16840,5867,22707
00283900,SUNY-DOWNSTATE MEDICAL CENTER           ,NY,11203-2098,Public       ,16,134,150,134,1698,1832
00284000,SUNY UPSTATE MEDICAL UNIVERSITY         ,NY,13210-2375,Public       ,13,52,65,166,1051,1217
00284100,SUNY BROCKPORT - FIN AID OFF            ,NY,14420-2914,Public       ,735,586,1321,7723,2403,10126
00284200,BUFFALO STATE COLLEGE - SUNY            ,NY,14222-1095,Public       ,1265,1059,2324,9569,4239,13808
00284300,SUNY COLLEGE-CORTLAND                   ,NY,13045-0900,Public       ,358,216,574,8846,1456,10302
00284400,SUNY AT FREDONIA                        ,NY,14063-1145,Public       ,617,175,792,6343,856,7199
00284500,SUNY GENESEO                            ,NY,14454-1401,Public       ,251,74,325,7491,570,8061
00284600,SUNY COLLEGE-NEW PALTZ                  ,NY,12561-2499,Public       ,501,311,812,8155,1804,9959
00284700,SUNY COLLEGE-ONEONTA                    ,NY,13820-4015,Public       ,581,139,720,8601,686,9287
00284800,SUNY OSWEGO                             ,NY,13126-3599,Public       ,689,358,1047,8120,2046,10166
00284900,SUNY COLLEGE AT PLATTSBURGH             ,NY,12901-2681,Public       ,361,276,637,5797,1339,7136
00285000,SUNY COLLEGE-POTSDAM                    ,NY,13676-2294,Public       ,414,207,621,3939,935,4874
00285100,SUNY COLLEGE OF ENVIRONMENT SCIENCE AND ,NY,13210-2778,Public       ,80,59,139,1423,432,1855
00285300,SUNY MARITIME COLLEGE                   ,NY,10465-4198,Public       ,109,39,148,987,181,1168
00285400,SUNY COLLEGE OF TECHNOLOGY-ALFRED       ,NY,14802-9951,Public       ,343,118,461,3270,619,3889
00285500,SUNY CANTON COLG OF TECHNOLOGY          ,NY,13617-1098,Public       ,344,244,588,2315,838,3153
00285600,SUNY AG & TECH COLLEGE-COBLESKILL       ,NY,12043-9986,Public       ,367,92,459,2754,368,3122
00285700,SUNY DELHI                              ,NY,13753-1190,Public       ,346,91,437,2555,406,2961
00285800,SUNY FARMINGDALE                        ,NY,11735-1021,Public       ,573,406,979,3815,1366,5181
00285900,SUNY COLLEGE OF AG & TECH AT MORRISVILLE,NY,13408-0901,Public       ,427,187,614,3155,734,3889
00285901,SUNY COLLEGE OF AG & TECH AT MORRISVILLE,NY,13815-1620,Public       ,25,36,61,25,36,61
00286000,ADIRONDACK COMMUNITY COLLEGE            ,NY,12804-2004,Public       ,453,330,783,1508,1006,2514
00286100,CAYUGA COMMUNITY COLLEGE                ,NY,13021-3099,Public       ,450,349,799,1516,1225,2741
00286200,BROOME COMMUNITY COLLEGE                ,NY,13902-0000,Public       ,670,517,1187,2784,1871,4655
00286300,CORNING COMMUNITY COLLEGE               ,NY,14830-3297,Public       ,475,492,967,1522,1494,3016
00286400,DUTCHESS COMMUNITY COLLEGE              ,NY,12601-1595,Public       ,701,436,1137,1943,1183,3126
00286600,FASHION INSTITUTE OF TECHNOLOGY         ,NY,10001-5992,Public       ,526,408,934,5854,2196,8050
00286700,SUNY FULTON MONTGOMERY COMM CLG         ,NY,12095-3790,Public       ,301,203,504,856,655,1511
00286800,HUDSON VALLEY COMMUNITY COLLEGE         ,NY,12180-6096,Public       ,1394,979,2373,4951,2771,7722
00286900,JAMESTOWN COMMUNITY COLLEGE             ,NY,14702-0020,Public       ,539,375,914,1987,1351,3338
00287000,JEFFERSON COMMUNITY COLLEGE             ,NY,13601-1897,Public       ,325,436,761,1196,1365,2561
00287100,"SUNY, MOHAWK VALLEY COMMUNITY CLG       ",NY,13501-5394,Public       ,861,572,1433,3134,1689,4823
00287200,MONROE COMMUNITY COLLEGE                ,NY,14623-5780,Public       ,2347,2220,4567,7144,5593,12737
00287300,NASSAU COMMUNITY COLLEGE                ,NY,11530-6793,Public       ,3039,1801,4840,7358,3734,11092
00287400,NIAGARA COUNTY COMMUNITY COLLEGE        ,NY,14132-9460,Public       ,666,543,1209,2724,2139,4863
00287500,ONONDAGA COMMUNITY COLLEGE              ,NY,13215-4585,Public       ,1032,811,1843,3623,2657,6280
00287600,ORANGE COUNTY COMMUNITY COLLEGE         ,NY,10940-6441,Public       ,626,445,1071,1883,1403,3286
00287700,ROCKLAND COMMUNITY COLLEGE              ,NY,10901-3611,Public       ,518,356,874,1371,959,2330
00287800,SUFFOLK COMMUNITY COLLEGE               ,NY,11784-2899,Public       ,1352,695,2047,4193,2024,6217
00287801,SUFFOLK COMMUNITY CLG-W. CAMPUS         ,NY,11717-0000,Public       ,781,564,1345,2040,1524,3564
00287803,SUFFOLK COMMUNITY CLG-EASTRN CAMPUS     ,NY,11901-0000,Public       ,308,213,521,702,536,1238
00287900,SULLIVAN COUNTY COMMUNITY COLLEGE       ,NY,12759-5151,Public       ,309,157,466,1060,441,1501
00288000,ULSTER COUNTY COMMUNITY COLLEGE         ,NY,12484-0557,Public       ,331,225,556,952,581,1533
00288100,SUNY WESTCHESTER COMMUNITY COLLEGE      ,NY,10595-1698,Public       ,941,875,1816,2745,2290,5035
00288200,SYRACUSE UNIVERSITY                     ,NY,13244-2130,Private      ,384,416,800,15391,5207,20598
00288300,UTICA COLLEGE OF SYRACUSE UNIV          ,NY,13502-4892,Private      ,199,248,447,2723,1016,3739
00288500,ALBANY COLLEGE OF PHARMACY AND HEALTH SC,NY,12208-3492,Private      ,11,10,21,1275,557,1832
00288600,ALBANY LAW SCHOOL                       ,NY,12208-0000,Private      ,1,42,43,28,1290,1318
00288700,ALBANY MEDICAL COLLEGE                  ,NY,12208-0000,Private      ,3,67,70,22,872,894
00288900,UNION COLLEGE                           ,NY,12308-2311,Private      ,33,9,42,2554,90,2644
00289000,UNION THEOLOGICAL SEMINARY              ,NY,10027-0000,Private      ,0,32,32,0,300,300
00289200,UNITED STATES MERCHANT MARINE ACADEMY   ,NY,11024-1699,Public       ,22,5,27,326,13,339
00289400,UNIVERSITY OF ROCHESTER                 ,NY,14627-9000,Private      ,109,237,346,6174,1281,7455
00289401,EASTMAN SCH OF MUSIC/UNIV ROCHESTER     ,NY,14604-0000,Private      ,12,29,41,746,384,1130
00289402,UNIV OF ROCHESTER SCHL OF MEDICINE      ,NY,14642-0000,Private      ,2,42,44,38,683,721
00289500,VASSAR COLLEGE                          ,NY,12604-0008,Private      ,53,3,56,3383,54,3437
00289600,VILLA MARIA COLLEGE-BUFFALO             ,NY,14225-3999,Private      ,80,87,167,365,251,616
00289900,WAGNER COLLEGE                          ,NY,10301-4495,Private      ,170,61,231,2513,243,2756
00290000,WEBB INSTITUTE                          ,NY,11542-1398,Private      ,4,1,5,52,1,53
00290100,WELLS COLLEGE                           ,NY,13026-0500,Private      ,26,7,33,752,64,816
00290300,YESHIVA UNIVERSITY                      ,NY,10033-3201,Private      ,293,248,541,1672,2585,4257
00290302,YESHIVA UNIVERSITY - BRONX CAMPUS       ,NY,10461-1975,Private      ,0,153,153,7,1104,1111
00397400,MESIVTHA TIFERETH JERUSALEM OF AMER     ,NY,10002-6382,Private      ,5,0,5,6,0,6
00397600,RABBINICAL ACAD MESIVTA RABBI CHAIM     ,NY,11230-4715,Private      ,0,0,0,3,0,3
00397700,RABBINICAL COLLEGE CH'SAN SOFER         ,NY,11204-1252,Private      ,0,0,0,3,0,3
00397800,RABBINICAL SEMINARY OF AMERICA          ,NY,11375-0000,Private      ,4,26,30,11,30,41
00397900,COLUMBIA UNIV TEACHERS COLLEGE          ,NY,10027-0000,Private      ,1,409,410,19,3433,3452
00405400,HEBREW UNION COL-JEWISH INST OF REL     ,NY,10012-0000,Private      ,0,9,9,1,96,97
00455301,ITT TECHNICAL INSTITUTE                 ,NY,12205-0000,Proprietary  ,36,82,118,229,403,632
00475900,"CUNY, YORK COLLEGE                      ",NY,11451-0001,Public       ,692,835,1527,4287,2886,7173
00476500,CUNY GRADUATE SCH & UNIV CTR            ,NY,10016-0000,Public       ,5,403,408,40,1796,1836
00476500,CUNY GRADUATE SCH & UNIV CTR            ,NY,10016-4309,Public       ,0,1,1,0,1,1
00477600,CENTRAL YESHIVA TOMCHEI TMIMIM LUBA     ,NY,11230-2798,Private      ,29,15,44,36,15,51
00478800,HERKIMER COUNTY COMMUNITY COLLEGE       ,NY,13350-1598,Public       ,443,260,703,1997,837,2834
00479800,MIRRER YESHIVA CENTRAL INST             ,NY,11223-2010,Private      ,40,35,75,47,60,107
00479900,MONROE COLLEGE                          ,NY,10468-4305,Proprietary  ,920,1594,2514,2664,4862,7526
00481100,EVEREST INSTITUTE                       ,NY,14621-3007,Proprietary  ,137,562,699,416,2189,2605
00482500,TAYLOR BUSINESS INSTITUTE               ,NY,10011-5501,Proprietary  ,123,86,209,610,542,1152
00506401,ST JAMES MERCY HOSP SCH OF RAD          ,NY,14843-2197,Private      ,2,0,2,19,16,35
00506600,FAXTON ST. LUKE'S SCHOOL OF RADIOGRAPHY ,NY,13502-4856,Private      ,3,0,3,22,12,34
00520800,THE COLLEGE OF WESTCHESTER              ,NY,10602-0000,Proprietary  ,175,248,423,570,595,1165
00587700,ROBERT J HOCHSTIM SCHOOL OF RADIOG      ,NY,11572-1151,Private      ,0,1,1,0,9,9
00643501,ARNOT OGDEN MEDICAL CENTER              ,NY,14905-1676,Private      ,8,14,22,29,38,67
00643800,PHILLIPS BETH ISRAEL SCH OF NURSING     ,NY,10001-6354,Private      ,8,40,48,66,200,266
00644300,COCHRAN SCH NSG-ST JOHN RVSDE HOSP      ,NY,10701-1399,Private      ,10,83,93,54,298,352
00644500,CROUSE HOSP SCH OF NURSING              ,NY,13210-1690,Private      ,16,65,81,116,201,317
00644800,ELLIS HOSPITAL SCHOOL OF NURSING        ,NY,12308-0000,Private      ,9,29,38,22,111,133
00646101,ST ELIZABETH COLLEGE OF NURSING         ,NY,13501-2998,Private      ,7,12,19,94,152,246
00646102,ST ELIZABETH SCH OF RADIOGRAPHY         ,NY,13501-0000,Private      ,2,1,3,12,10,22
00646700,SAINT JOSEPH'S COLLEGE OF NURSING       ,NY,13203-1806,Private      ,9,13,22,146,227,373
00678200,GENESEE COMMUNITY COLLEGE               ,NY,14020-9704,Public       ,647,569,1216,2283,1594,3877
00678500,SCHENECTADY COUNTY COMMUNITY CLG        ,NY,12305-2294,Public       ,605,461,1066,1485,1263,2748
00678700,CLINTON COMMUNITY COLLEGE               ,NY,12901-5690,Public       ,240,170,410,1005,601,1606
00678800,TOMPKINS CORTLAND COMMUNITY COLLEGE     ,NY,13053-8504,Public       ,387,317,704,1713,1019,2732
00678900,COLUMBIA-GREENE COMMUNITY COLLEGE       ,NY,12534-9543,Public       ,208,163,371,779,528,1307
00679100,SUNY AT PURCHASE                        ,NY,10577-1400,Public       ,386,147,533,4873,759,5632
00702200,CUNY-LEHMAN COLLEGE                     ,NY,10468-1589,Public       ,962,1471,2433,7154,5603,12757
00702600,"MT SINAI SCH OF MEDICINE, NY UNIV       ",NY,10029-0000,Private      ,1,50,51,5,884,889
00710900,SUNY COLLEGE-OLD WESTBURY               ,NY,11568-0210,Public       ,391,293,684,3485,1160,4645
00711100,NORTH COUNTRY COMMUNITY COLLEGE         ,NY,12983-2046,Public       ,222,170,392,699,477,1176
00726400,MESIFTA TORAH VODAATH RABBINCAL SEM     ,NY,11218-5209,Private      ,3,21,24,4,22,26
00727300,CUNY-BERNARD BARUCH COLLEGE             ,NY,10010-5518,Public       ,977,1022,1999,11335,5084,16419
00730400,CULINARY INSTITUTE OF AMERICA           ,NY,12538-1499,Private      ,335,203,538,2329,1016,3345
00737200,AUSTIN'S SCHOOL OF SPA TECHNOLOGY       ,NY,12206-1513,Proprietary  ,26,62,88,30,65,95
00737500,ISLAND DRAFTING & TECHNICAL INST        ,NY,11701-2704,Proprietary  ,17,13,30,74,66,140
00738700,LONG ISLAND BEAUTY SCHOOL               ,NY,11788-4346,Proprietary  ,42,56,98,63,85,148
00738800,LONG ISLAND BEAUTY SCHOOL               ,NY,11550-3704,Proprietary  ,21,42,63,28,61,89
00739100,BEAUTY SCHOOL OF MIDDLETOWN             ,NY,10940-6574,Proprietary  ,24,45,69,38,80,118
00739400,BERKELEY COLLEGE                        ,NY,10017-0000,Proprietary  ,476,395,871,1779,1296,3075
00739402,BERKELEY COLLEGE-WESTCHESTER CAMPUS     ,NY,10601-1533,Proprietary  ,115,60,175,602,198,800
00739800,KATHARINE GIBBS SCHOOL                  ,NY,10018-2602,Proprietary  ,523,720,1243,1805,2710,4515
00740100,MANDL SCHOOL                            ,NY,10019-5516,Proprietary  ,46,303,349,82,574,656
00740500,WOOD TOBE-COBURN SCHOOL                 ,NY,10016-0102,Proprietary  ,135,39,174,510,89,599
00746500,AMERICAN ACADEMY OF DRAMATIC ARTS       ,NY,10016-7089,Private      ,49,23,72,322,118,440
00746600,LIM COLLEGE                             ,NY,10022-5268,Proprietary  ,101,17,118,895,83,978
00746800,SCHOOL OF VISUAL ARTS                   ,NY,10010-3994,Proprietary  ,179,124,303,3052,1153,4205
00750602,LINCOLN TECHNICAL INSTITUTE             ,NY,11357-6092,Proprietary  ,143,38,181,143,38,181
00751800,APEX TECHNICAL SCHOOL                   ,NY,10011-2008,Proprietary  ,241,422,663,477,970,1447
00752200,CONTINENTAL SCH OF BEAUTY CULTURE       ,NY,14623-3231,Proprietary  ,80,176,256,99,222,321
00753200,FINGER LAKES COMMUNITY COLLEGE          ,NY,14424-8395,Public       ,487,414,901,2065,1382,3447
00757200,AMERICAN MUSICAL AND DRAMATIC ACAD      ,NY,10023-2106,Private      ,145,34,179,1235,205,1440
00757300,EMPIRE BEAUTY SCHOOL                    ,NY,11103-4028,Proprietary  ,34,46,80,63,115,178
00780400,CAREER ACADEMY OF NEW YORK              ,NY,10011-7307,Proprietary  ,33,110,143,92,241,333
00818900,CONTINENTAL SCH OF BEAUTY CULTURE       ,NY,14223-0000,Proprietary  ,2,1,3,10,4,14
00818902,CONTINENTAL SCHOOL OF BEAUTY CULTURE  - ,NY,14224-3402,Proprietary  ,2,1,3,4,8,12
00843500,INTERBORO INSTITUTE                     ,NY,10019-3604,Proprietary  ,990,1001,1991,1848,2473,4321
00843700,CHAMPLAIN VALLEY - TEC/PRN              ,NY,12901-0000,Public       ,4,24,28,8,32,40
00849500,JAMESTOWN BUSINESS COLLEGE              ,NY,14702-0429,Proprietary  ,30,75,105,134,224,358
00861100,"CUNY, HOSTOS CMTY COLLEGE               ",NY,10451-1499,Public       ,695,1015,1710,2243,3101,5344
00861400,RABBINICAL CLG BOBOVER YESHIVA BNEI     ,NY,11219-3293,Private      ,22,0,22,22,0,22
00878800,SUNY-STUDENT LOAN SERVICE CENTER        ,NY,12144-3440,Public       ,23,17,40,131,96,227
00900300,OLEAN BUSINESS INSTITUTE INC            ,NY,14760-2691,Proprietary  ,10,27,37,28,66,94
00902900,NEIGHBORHOOD PLAYHOUSE                  ,NY,10022-5017,Private      ,7,10,17,33,21,54
00904300,ELMIRA BUSINESS INSTITUTE               ,NY,14901-2731,Proprietary  ,26,139,165,122,776,898
00907700,UTICA SCHOOL OF COMMERCE                ,NY,13501-2280,Proprietary  ,38,79,117,133,256,389
00924800,SAMARITAN HOSPITAL SCH NURSING          ,NY,12180-2475,Private      ,11,15,26,44,125,169
00928300,MIDWAY-PARIS BEAUTY SCHOOL              ,NY,11385-3453,Proprietary  ,15,48,63,17,51,68
00928400,LEARNING INST FOR BEAUTY SCIENCES       ,NY,11756-1345,Proprietary  ,36,78,114,53,120,173
00933500,MESIVTA EASTERN PKWY RABBINICAL CLG     ,NY,11218-5559,Private      ,5,5,10,5,5,10
00947900,SAINT VINCENTS CMC SI NURSING SCHOOL    ,NY,10304-3850,Proprietary  ,9,15,24,31,70,101
00947901,SAINT VINCENTS CMC SI PHYS ASSIST PROG  ,NY,10304-3850,Proprietary  ,0,1,1,1,4,5
00976900,METROPOLITAN COLLEGE OF NEW YORK        ,NY,10013-1919,Private      ,46,398,444,165,1611,1776
00992900,SUNY COLLEGE OF OPTOMETRY               ,NY,10036-8003,Public       ,0,4,4,12,322,334
01005100,LA GUARDIA CMTY COLLEGE - CUNY          ,NY,11101-3083,Public       ,2198,2145,4343,5446,5071,10517
01005200,JEFFERSON-LEWIS BOCES PRAC NRSGPRG      ,NY,13601-9509,Public       ,7,52,59,15,82,97
01009700,CUNY-MEDGAR W EVERS COLLEGE             ,NY,11225-2010,Public       ,772,1278,2050,2502,3409,5911
01014200,TOURO COLLEGE                           ,NY,10010-4202,Private      ,1425,3392,4817,2822,9313,12135
01014700,WESTERN SUFFOLK BOCES                   ,NY,11768-3499,Public       ,16,77,93,42,161,203
01015300,HELENE FULD COL OF NRSNG/N GEN HOSP     ,NY,10035-0000,Private      ,3,110,113,5,247,252
01028600,EMPIRE STATE COLLEGE                    ,NY,12866-4391,Public       ,122,1619,1741,414,7152,7566
01037800,RABBINICAL COLLEGE OF LONG ISLAND       ,NY,11561-3244,Private      ,18,0,18,18,0,18
01055100,NEW YORK SCH MED & DENTAL ASSISTANT     ,NY,11101-2327,Proprietary  ,44,118,162,82,245,327
01064100,SOUTHERN WESTCHESTER BOCES              ,NY,10543-0000,Public       ,4,58,62,7,88,95
01068400,ERIE COMMUNITY COLLEGE-ALL CAMPUSES     ,NY,14203-2698,Public       ,1926,1541,3467,6101,5104,11205
01081300,AMERICAN ACAD MCALLISTER INST           ,NY,10019-3604,Private      ,20,47,67,59,145,204
01083700,SIMMONS INST OF FUNERAL SERVICE         ,NY,13207-2098,Proprietary  ,5,8,13,24,42,66
01093000,SUBURBAN TECHNICAL SCHOOL               ,NY,11550-3771,Proprietary  ,37,69,106,52,118,170
01094300,RABBINICAL COLLEGE BETH SHRAGA          ,NY,10952-3033,Private      ,4,0,4,4,0,4
01095200,PNW BOCES LPN PROGRAM                   ,NY,10598-0000,Public       ,4,33,37,7,56,63
01103100,TECHNICAL CAREER INSTITUTE              ,NY,10001-2789,Proprietary  ,644,846,1490,1561,2680,4241
01118900,UNITED TALMUDICAL SEMINARY              ,NY,11211-7984,Private      ,0,0,0,2,14,16
01119200,BETH HAMEDRASH SHAAREI YOSHER INST      ,NY,11204-1052,Private      ,0,0,0,0,1,1
01161400,CHAMPLAIN VALLEY HOSP SCH RAD TECH      ,NY,12901-1490,Private      ,1,1,2,17,8,25
01164700,SBI CAMPUS - AN AFFILIATE OF SANFORD-BRO,NY,11747-3785,Proprietary  ,87,122,209,320,484,804
01167700,MEMORIAL SLOAN KETTERING CANCER CTR     ,NY,10021-6094,Private      ,1,3,4,4,7,11
01167800,SUNY INST OF TECHNOLOGY UTICA ROME      ,NY,13504-3050,Public       ,153,260,413,1161,848,2009
01182100,YESHIVATH ZICHRON MOSHE                 ,NY,12779-0580,Private      ,35,2,37,35,2,37
01183000,BERK TRADE AND BUSINESS SCHOOL          ,NY,11101-0000,Proprietary  ,17,48,65,26,90,116
01185900,WORD OF LIFE BIBLE INSTITUTE            ,NY,12860-0129,Private      ,111,18,129,436,61,497
01186000,MERCY MED CNTR SCHL OF RADIOGRAPHY      ,NY,11570-1098,Private      ,0,2,2,0,4,4
01192100,WESTCHESTER SCH OF BEAUTY CULTURE       ,NY,10550-2295,Proprietary  ,5,29,34,8,33,41
01192200,BETH HATALMUD RABBINICAL CLG            ,NY,11214-2594,Private      ,0,0,0,0,1,1
01201100,TALMUDICAL SEM OHOLEI TORAH             ,NY,11213-3310,Private      ,36,0,36,40,0,40
01207200,PHILLIPS HAIRSTYLING INSTITUTE          ,NY,13210-1509,Proprietary  ,13,19,32,38,74,112
01210700,INSTITUTE OF DESIGN & CONSTRUCTION      ,NY,11201-5380,Private      ,14,56,70,25,79,104
01220300,MEMORIAL HOSPITAL SCH OF NURSING        ,NY,12204-1083,Private      ,5,11,16,31,113,144
01227700,NEW YORK CHIROPRACTIC COLLEGE           ,NY,13148-0800,Private      ,2,82,84,10,647,657
01229300,VEEB NASSAU CNTY SCHL OF PRACT NURS     ,NY,11553-3037,Public       ,21,76,97,46,156,202
01235800,PLAZA COLLEGE                           ,NY,11372-6300,Proprietary  ,132,275,407,284,515,799
01236400,SAINT VINCENTS CATHOLIC MEDICAL CENTERS ,NY,11354-0000,Proprietary  ,6,38,44,38,136,174
01240700,SCHUYLER-CHEMUNG-TIOGA BOCES            ,NY,14903-1089,Public       ,17,56,73,27,128,155
01240701,STEUBEN SCHUYLER CHEMUNG TIOGA ALLEGANY ,NY,14870-9518,Public       ,9,28,37,19,105,124
01256100,FIVE TOWNS COLLEGE                      ,NY,11746-5871,Proprietary  ,161,72,233,1206,232,1438
01258900,ERIE 1 BOCES                            ,NY,14224-0000,Public       ,9,84,93,19,134,153
01265200,ONONDAGA CORTLAND MADISON BOCES         ,NY,13090-4500,Public       ,45,162,207,97,299,396
01278300,OSWEGO COUNTY BOCES ADULT CAREERS       ,NY,13114-4498,Public       ,12,44,56,33,85,118
01292700,CENTRAL TECH NURSING PROGRAM            ,NY,13202-3092,Public       ,3,20,23,8,55,63
01302600,MACHZIKEI HADATH RABBINICAL COLLEGE     ,NY,11204-1805,Private      ,15,0,15,15,0,15
01302700,YESHIVATH VIZNITZ                       ,NY,10952-3021,Private      ,0,1,1,0,1,1
01302900,BORICUA COLLEGE                         ,NY,10032-1599,Private      ,101,397,498,239,930,1169
02056400,CAPRI COSMETOLOGY LEARNING CENTER       ,NY,10954-0000,Proprietary  ,14,14,28,26,30,56
02066200,THE NEW SCHOOL                          ,NY,10011-0000,Private      ,275,622,897,3680,4353,8033
02069000,NEW YORK SCHOOL OF INTERIOR DESIGN      ,NY,10021-0000,Private      ,13,30,43,148,188,336
02075700,BRIARCLIFFE COLLEGE                     ,NY,11714-0000,Proprietary  ,215,145,360,1336,849,2185
02075702,BRIARCLIFFE COLLEGE - PATCHOGUE         ,NY,11772-3019,Proprietary  ,127,130,257,799,655,1454
02092400,RIDLEY-LOWELL SCHOOL OF BUSINESS        ,NY,13905-0000,Proprietary  ,20,150,170,30,196,226
02093700,LONG ISLAND BUSINESS INSTITUTE          ,NY,11725-0000,Proprietary  ,95,256,351,251,829,1080
02098400,HERKIMER COUNTY BOCES                   ,NY,13350-0000,Public       ,7,36,43,29,75,104
02104300,OTSEGO AREA SCHOOL OF PRAC NURSING      ,NY,13820-0000,Public       ,5,13,18,16,29,45
02105900,HAIR DESIGN INSTITUTE AT FIFTH AVE      ,NY,11220-0000,Proprietary  ,4,20,24,17,46,63
02106800,BRAMSON ORT COLLEGE                     ,NY,11375-0000,Private      ,110,147,257,204,378,582
02110900,CATTARAUGUS/ALLEGANY BOCES              ,NY,14760-0000,Public       ,9,54,63,23,109,132
02116011,SANFORD-BROWN INSTITUTE - NEW YORK      ,NY,10003-2103,Proprietary  ,8,21,29,36,75,111
02118700,LONG ISLAND COLLEGE HOSPITAL - SCHOOL OF,NY,11201-6001,Private      ,22,69,91,60,190,250
02118702,LONG ISLAND COLLEGE HOSPITAL - SCHOOL OF,NY,11201-6001,Private      ,7,8,15,15,21,36
02124000,ORANGE ULSTER BOCES SCH OF PRAC NRS     ,NY,10924-9401,Public       ,10,34,44,18,90,108
02125500,CIRCLE IN THE SQUARE THEATRE SCHOOL     ,NY,10019-0000,Private      ,12,3,15,58,47,105
02126300,MADISON-ONEIDA BOCES PRAC NRS           ,NY,13478-0000,Public       ,12,75,87,17,132,149
02138500,BOCES RENSSELAER SCH OF PRAC NRSG       ,NY,12033-3221,Public       ,7,41,48,13,100,113
02145800,CAYUGA ONONDAGA BOCES                   ,NY,13021-9430,Public       ,4,5,9,17,56,73
02146000,WAYNE-FINGER LAKES BOCES                ,NY,14513-0000,Public       ,15,108,123,24,149,173
02153600,BROOME-TIOGA BOCES PN PROG              ,NY,13905-0000,Public       ,6,40,46,20,66,86
02157900,ROCHESTER GENERAL HOSPITAL              ,NY,14621-3001,Private      ,4,32,36,19,99,118
02158200,WSHNGTN-SARTGA-WARN-HMLTN-ESX BOCES     ,NY,12839-1051,Public       ,15,93,108,18,101,119
02160100,GENEVA GENERAL HOSPITAL                 ,NY,14456-0000,Private      ,2,7,9,14,38,52
02163400,NEW YORK CAREER INSTITUTE               ,NY,10007-2801,Proprietary  ,47,149,196,143,443,586
02169100,DAVIS COLLEGE                           ,NY,13790-0000,Private      ,41,36,77,144,80,224
02170000,SWEDISH INSTITUTE                       ,NY,10001-0000,Proprietary  ,23,148,171,74,562,636
02170200,ALBANY SCHOHARIE SCHENECTADY            ,NY,12205-0000,Public       ,15,77,92,23,122,145
02171900,AILEY SCHOOL (THE)                      ,NY,10019-4402,Private      ,8,3,11,60,16,76
02172100,HAMILTON-FULTON-MONTGOMERY BOCES        ,NY,12095-0000,Public       ,4,25,29,19,32,51
02172800,DUTCHESS COUNTY BOCES SCH PRAC NURS     ,NY,12601-0000,Public       ,11,50,61,25,103,128
02173200,EMPIRE BEAUTY SCHOOL                    ,NY,10001-0000,Proprietary  ,152,231,383,274,557,831
02173900,ULSTER COUNTY BOCES PRACTICAL NRSG      ,NY,12466-0000,Public       ,10,60,70,21,122,143
02176000,CHERYL FELL'S SCHOOL OF BUSINESS        ,NY,14304-0000,Proprietary  ,2,8,10,4,25,29
02179400,EASTERN SUFFOLK BOCES                   ,NY,11713-0000,Public       ,37,138,175,96,347,443
02182200,NEW SCHOOL OF RADIO & TELEVISION        ,NY,12206-1106,Proprietary  ,9,11,20,11,15,26
02187300,DARKEI NOAM RABBINICAL COLLEGE          ,NY,11210-0000,Private      ,0,1,1,0,1,1
02191600,TORAH TEMIMAH TALMUDICAL SEMINARY       ,NY,11218-0000,Private      ,0,0,0,1,1,2
02192500,BELLEVUE HOSP CTR SCH RAD TECH          ,NY,10016-0000,Public       ,1,5,6,8,13,21
02193700,SAINT LAWRENCE LEWIS COUNTY BOCES       ,NY,13617-0000,Public       ,2,4,6,54,43,97
02193701,SAINT LAWRENCE LEWIS COUNTY BOCES - NORT,NY,13669-0798,Public       ,1,1,2,2,3,5
02193702,SAINT LAWRENCE LEWIS COUNTY BOCES - SOUT,NY,13642-0342,Public       ,0,0,0,1,1,2
02193703,SAINT LAWRENCE LEWIS COUNTY BOCES - ADUL,NY,13668-3238,Public       ,0,1,1,0,5,5
02199300,ORLEANS-NIAGARA BOCES                   ,NY,14132-0000,Public       ,1,3,4,4,27,31
02206000,HUNTER BUSINESS SCHOOL                  ,NY,11756-0000,Proprietary  ,35,138,173,107,290,397
02206001,HUNTER BUSINESS SCHOOL -                ,NY,11763-0000,Proprietary  ,0,3,3,0,3,3
02217800,D.HOPFER SCH NURSING AT MT.VRN HOSP     ,NY,10550-0000,Private      ,3,40,43,26,212,238
02219500,MILDRED ELLEY                           ,NY,12206-1513,Proprietary  ,65,271,336,141,615,756
02235600,ERIE 2-CHAUTAUQUA-CATTARAUGUS BOCES     ,NY,14006-0000,Public       ,9,47,56,11,113,124
02248700,BUFFALO VOC TECH CTR PRAC NRSG PROG     ,NY,14211-0000,Public       ,0,0,0,6,3,9
02256700,KOL YAAKOV TORAH CENTER                 ,NY,10952-0000,Private      ,0,0,0,2,0,2
02265100,YESHIVA DERECH CHAIM                    ,NY,11218-0000,Private      ,0,4,4,0,5,5
02265200,GLOBAL BUSINESS INSTITUTE               ,NY,11691-0000,Private      ,56,140,196,158,573,731
02272900,ROCKLAND COUNTY BOCES PRAC NRSG SCH     ,NY,10994-0000,Public       ,9,24,33,14,46,60
02275900,"MODERN WELDING SCHOOL, INC.             ",NY,12304-0000,Proprietary  ,19,41,60,35,70,105
02287800,NATIONAL TRACTOR TRAILER SCHOOL         ,NY,13088-2505,Proprietary  ,5,101,106,10,133,143
02294900,INSTITUTE OF AUDIO RESEARCH             ,NY,10003-0000,Proprietary  ,157,111,268,357,297,654
02306500,PROFESSIONAL BUSINESS INSTITUTE         ,NY,10002-0000,Private      ,102,117,219,308,441,749
02314200,NORTHERN WESTCHESTER SCH COSMETOL       ,NY,10566-0000,Proprietary  ,7,11,18,9,12,21
02320100,OHR SOMAYACH TANENBAUM EDUCATIONAL CENTE,NY,10952-0000,Private      ,0,0,0,1,1,2
02325600,NEW YORK INSTITUTE OF ENGLISH & BUS     ,NY,10001-0000,Private      ,34,135,169,67,309,376
02332300,FEGS TRADES AND BUSINESS SCHOOL         ,NY,10013-0000,Private      ,0,0,0,0,1,1
02348700,CAREER BLAZERS LEARNING CENTER          ,NY,10017-0000,Proprietary  ,13,117,130,39,279,318
02350600,YESHIVA AND KOLLEL HARBOTZAS TORAH      ,NY,11230-0000,Private      ,0,2,2,0,2,2
02454300,NEW YORK UNIVERSITY SCHOOL OF MEDICINE  ,NY,10016-6497,Private      ,14,85,99,147,976,1123
02491400,SPANISH AMERICAN INSTITUTE              ,NY,10036-0000,Private      ,3,12,15,4,23,27
02505800,YESHIVA KARLIN STOLIN RAB INSTITUTE     ,NY,11204-0000,Private      ,0,0,0,0,1,1
02505900,SH-OR YOSHUV RABBINICAL COLLEGE         ,NY,11691-0000,Private      ,1,2,3,2,2,4
02506000,ASSOCIATED BETH RIVKAH SCHOOLS          ,NY,11225-0000,Private      ,37,3,40,44,3,47
02506100,CITY UNIV OF NEW YORK-CENTRAL           ,NY,10021-0000,Public       ,28,44,72,417,232,649
02506200,MERCE CUNNINGHAM STUDIO                 ,NY,10014-0000,Private      ,0,1,1,0,2,2
02506800,YESHIVAT MIKDASH MELECH                 ,NY,11230-0000,Private      ,3,2,5,9,5,14
02511500,JOFFREY BALLET SCHOOL                   ,NY,10011-0000,Proprietary  ,14,2,16,22,3,25
02513500,MAR JON SCHOOL OF BEAUTY CULTURE        ,NY,14150-0000,Proprietary  ,19,24,43,31,52,83
02525600,ART INSTITUTE OF NEW YORK CITY (THE)    ,NY,10013-2429,Proprietary  ,267,226,493,1268,956,2224
02540800,"GLOBE INSTITUTE OF TECHNOLOGY, INC.     ",NY,10007-0000,Proprietary  ,149,375,524,343,1156,1499
02546000,TRI-STATE COLLEGE OF ACUPUNCTURE        ,NY,10011-0000,Proprietary  ,0,44,44,2,108,110
02556700,SEMINAR L'MOROS BAIS YAAKOV             ,NY,11219-0000,Private      ,5,0,5,13,0,13
02572900,BUSINESS INFORMATICS CENTER             ,NY,11580-0000,Proprietary  ,8,32,40,9,46,55
02575400,FRENCH CULINARY INSTITUTE               ,NY,10013-2618,Proprietary  ,39,76,115,172,261,433
02587600,ORLO SCH HAIR DESIGN & COSMETOLOGY      ,NY,12206-1723,Proprietary  ,31,23,54,42,39,81
02599400,NEW YORK COLLEGE OF HEALTH PROFESSIONS  ,NY,11791-4413,Private      ,39,173,212,143,632,775
02600100,NEW YORK ACADEMY OF ART (THE)           ,NY,10013-2911,Private      ,8,9,17,11,93,104
02614900,SANFORD-BROWN INSTITUTE                 ,NY,10604-2910,Proprietary  ,77,240,317,172,623,795
02615001,SANFORD-BROWN INSTITUTE - GARDEN CITY   ,NY,11530-4734,Proprietary  ,0,3,3,2,12,14
02616600,SHEAR EGO INTL SCH OF HAIR DESIGN       ,NY,14617-3501,Proprietary  ,15,12,27,23,26,49
02617000,CONTINENTAL SCH OF BEAUTY CULTURE       ,NY,14020-1908,Proprietary  ,27,60,87,39,67,106
02617001,CONTINENTAL SCHOOL OF BEAUTY CULTURE - O,NY,14760-2618,Proprietary  ,0,0,0,3,1,4
02622900,BAIS MEDRASH ELYON                      ,NY,10952-3013,Private      ,0,2,2,1,2,3
03000100,YESHIVA GEDOLAH IMREI YOSEF DSPINKA     ,NY,11219-4696,Private      ,0,0,0,0,1,1
03007200,DANCE THEATRE OF HARLEM                 ,NY,10031-0000,Private      ,0,0,0,7,2,9
03027701,PACIFIC COLLEGE OF ORIENTAL MEDICINE - N,NY,10010-7108,Proprietary  ,2,88,90,7,205,212
03081600,DELAWARE CHENANGO MADISON OT. BOCES     ,NY,13815-9554,Public       ,6,34,40,10,43,53
03088500,NEW YORK INTERNATIONAL BEAUTY SCH       ,NY,10019-0000,Proprietary  ,18,109,127,35,217,252
03089700,COMPUTER CAREER CENTER                  ,NY,11530-3334,Proprietary  ,69,267,336,138,571,709
03095500,ASA INST BUSINESS & COMPUTER TECH       ,NY,11201-5208,Proprietary  ,238,810,1048,775,3110,3885
03096200,CHARLES STUART SCHOOL                   ,NY,11229-2004,Proprietary  ,1,13,14,6,27,33
03099100,SUNBRIDGE COLLEGE                       ,NY,10977-0000,Private      ,1,17,18,2,88,90
03103700,ADIRONDACK BEAUTY SCHOOL                ,NY,12801-3158,Proprietary  ,6,10,16,11,21,32
03104900,SULLIVAN COUNTY BOCES                   ,NY,12754-2116,Public       ,2,16,18,8,46,54
03111100,NEW YORK PARALEGAL SCHOOL               ,NY,10007-0000,Proprietary  ,4,31,35,12,62,74
03115300,GENESEE VALLEY BOCES                    ,NY,14020-1099,Public       ,10,39,49,15,62,77
03120700,NEW YORK CONSERVATORY FOR DRAMATIC ARTS ,NY,10011-4225,Proprietary  ,63,35,98,304,110,414
03127100,YESHIVAS NOVOMINSK                      ,NY,11219-0000,Private      ,0,0,0,1,0,1
03169300,STUDIO JEWELERS                         ,NY,10016-4112,Proprietary  ,0,0,0,0,7,7
03172400,CALIBER TRAINING INSTITUTE              ,NY,10018-6504,Proprietary  ,75,356,431,120,661,781
03181400,MERKAZ BNOS                             ,NY,11204-0000,Private      ,3,76,79,7,129,136
03191300,CUNY SCHOOL OF LAW @ QUEENS COLLEGE     ,NY,11367-0000,Public       ,10,47,57,126,1122,1248
03193300,MANHATTAN SCHOOL OF COMPUTER TECH       ,NY,11230-1617,Private      ,7,51,58,24,145,169
03203300,NEW YORK INSTITUTE OF MASSAGE           ,NY,14221-6021,Proprietary  ,24,50,74,59,168,227
03208300,GRACE INSTITUTE OF BUSINESS TECH        ,NY,11201-2303,Private      ,26,86,112,36,194,230
03216300,UNIFICATION THEOLOGICAL SEMINARY        ,NY,12507-5021,Private      ,0,5,5,0,6,6
03315300,HARLEM SCHOOL OF TECHNOLOGY             ,NY,10027-4426,Proprietary  ,0,4,4,2,14,16
03328300,FRANKLIN CAREER INSTITUTE               ,NY,11550-3003,Private      ,62,152,214,160,392,552
03342400,AMERICAN BARBER INSTITUTE               ,NY,10001-5271,Proprietary  ,13,17,30,23,45,68
03358300,ALLEN SCHOOL                            ,NY,11432-4901,Proprietary  ,70,243,313,142,598,740
03361500,WILLSEY INSTITUTE                       ,NY,10301-1989,Proprietary  ,16,73,89,20,117,137
03380300,CULINARY ACADEMY OF LONG ISLAND         ,NY,11791-5311,Proprietary  ,28,68,96,49,94,143
03419400,NORTHEASTERN SEMINARY                   ,NY,14624-1997,Private      ,0,32,32,4,92,96
03426400,ANTHEM INSTITUTE                        ,NY,10018-0000,Proprietary  ,167,342,509,409,882,1291
03433500,LIA SCHORR INSTITUTE OF COSMETIC SK     ,NY,10022-2614,Proprietary  ,2,15,17,4,23,27
03443300,NEW YORK COLLEGE OF TRADITIONAL CHINESE ,NY,11501-0000,Private      ,0,26,26,5,44,49
03496300,YESHIVA SHAAREI TORAH OF ROCKLAND       ,NY,10901-4003,Private      ,0,0,0,1,0,1
03537300,NEW YORK AUTOMOTIVE & DIESEL INSTIT     ,NY,11101-0000,Proprietary  ,166,246,412,260,428,688
03568300,LEON STUDIO ONE SCHOOL OF HAIR DESI     ,NY,14221-5323,Proprietary  ,21,27,48,36,53,89
03651300,SAINT JOSEPH'S MEDICAL CENTER SCHOO     ,NY,10701-4080,Private      ,1,0,1,5,5,10
03652300,METROPOLITAN LEARNING INSTITUTE         ,NY,11375-0000,Private      ,2,41,43,10,207,217
03691300,USA BEAUTY SCHOOL INTERNATIONAL         ,NY,10013-3530,Proprietary  ,11,107,118,12,107,119
03713300,BEIS MEDRASH HEICHAL DOVID              ,NY,11691-4433,Private      ,0,0,0,0,1,1
03718300,CENTURION PROFESSIONAL TRAINING         ,NY,11235-0822,Private      ,0,0,0,0,1,1
03773300,CENTER FOR NATURAL WELLNESS SCHOOL OF MA,NY,12205-1601,Proprietary  ,2,7,9,2,7,9
03819400,HUDSON VALLEY SCHOOL OF ADVANCED AESTHET,NY,12493-0000,Proprietary  ,6,11,17,11,24,35
03839300,AVEDA INSTITUTE NEW YORK                ,NY,10013-1522,Proprietary  ,26,44,70,73,122,195
03881300,UNION GRADUATE COLLEGE                  ,NY,12308-3103,Private      ,0,42,42,7,149,156
03903400,AMERICAN BEAUTY SCHOOL                  ,NY,10462-8003,Proprietary  ,18,61,79,23,80,103
03931300,XINCON TECHNOLOGY SCHOOL                ,NY,10001-3507,Proprietary  ,0,0,0,3,2,5
03941400,ELITE ACADEMY OF BEAUTY ARTS            ,NY,11223-1630,Proprietary  ,6,31,37,12,37,49
03983300,"SCHOOL OF PROFESSIONAL HORTICULTURE, AT ",NY,10458-5126,Private      ,0,3,3,0,6,6
00267808,BRYANT & STRATTON COLLEGE - PARMA       ,OH,44130-0000,Proprietary  ,149,515,664,403,1738,2141
00301000,ANTIOCH UNIVERSITY                      ,OH,45387-1608,Private      ,21,20,41,584,114,698
00301001,ANTIOCH UNIVERSITY MCGREGOR             ,OH,45387-0000,Private      ,2,208,210,5,554,559
00301010,ANTIOCH UNIVERSITY                      ,OH,45387-0000,Private      ,1,14,15,39,164,203
00301100,ART ACADEMY OF CINCINNATI               ,OH,45202-7106,Private      ,32,24,56,210,75,285
00301200,ASHLAND UNIVERSITY                      ,OH,44805-3799,Private      ,183,673,856,2958,2427,5385
00301300,ATHENAEUM OF OHIO                       ,OH,45230-2000,Private      ,0,1,1,0,7,7
00301400,BALDWIN-WALLACE COLLEGE                 ,OH,44017-2088,Private      ,247,288,535,3776,1195,4971
00301600,BLUFFTON UNIVERSITY                     ,OH,45817-2104,Private      ,94,67,161,1367,260,1627
00301800,BOWLING GREEN STATE UNIVERSITY          ,OH,43403-0001,Public       ,1528,825,2353,16186,4646,20832
00302300,CAPITAL UNIVERSITY                      ,OH,43209-2394,Private      ,223,362,585,3506,2551,6057
00302400,CASE WESTERN RESERVE UNIV               ,OH,44106-0000,Private      ,235,153,388,5228,915,6143
00302401,CASE WESTERN RESERVE UNIV - MED         ,OH,44106-0000,Private      ,2,32,34,30,944,974
00302402,CASE WESTERN RESERVE UNIV - DENTAL      ,OH,44106-0000,Private      ,3,11,14,11,329,340
00302403,CASE WESTERN RESERVE UNIV - LAW         ,OH,44106-0000,Private      ,1,65,66,14,1325,1339
00302404,CASE WESTERN RESERVE UNIV - UG          ,OH,44106-0000,Private      ,18,5,23,335,48,383
00302405,CASE WESTERN RESERVE UNIV - MSASS       ,OH,44106-0000,Private      ,0,30,30,4,453,457
00302406,CASE WESTERN RESERVE UNIV - NURS UG     ,OH,44106-0000,Private      ,15,21,36,192,151,343
00302407,CASE WESTERN RESERVE UNIV - WSOM        ,OH,44106-0000,Private      ,3,67,70,14,281,295
00302408,CASE WESTERN RESERVE UNIV -A&S GRAD     ,OH,44106-0000,Private      ,0,55,55,4,265,269
00302409,CASE WESTERN RESERVE UNIV -ENG GRAD     ,OH,44106-0000,Private      ,0,14,14,15,88,103
00302410,CASE WESTERN RESERVE UNIV -NURS GRD     ,OH,44106-0000,Private      ,1,40,41,12,304,316
00302500,CEDARVILLE UNIVERSITY                   ,OH,45314-8564,Private      ,187,44,231,3283,175,3458
00302600,CENTRAL STATE UNIVERSITY                ,OH,45384-1004,Public       ,322,198,520,2757,858,3615
00302900,CINCINNATI CHRISTIAN UNIVERSITY         ,OH,45204-3200,Private      ,115,141,256,552,455,1007
00303000,OHIO CHRISTIAN UNIVERSITY               ,OH,43113-9487,Private      ,84,143,227,197,343,540
00303100,CLEVELAND INSTITUTE OF MUSIC            ,OH,44106-1776,Private      ,5,7,12,513,356,869
00303200,CLEVELAND STATE UNIVERSITY              ,OH,44115-2214,Public       ,1020,2432,3452,6086,9941,16027
00303300,COLLEGE OF MT ST JOSEPH                 ,OH,45233-1670,Private      ,162,189,351,1513,959,2472
00303500,OHIO DOMINICAN UNIVERSITY               ,OH,43219-2099,Private      ,125,461,586,2253,2077,4330
00303600,FRANCISCAN UNIV OF STEUBENVILLE         ,OH,43952-1763,Private      ,119,98,217,2005,669,2674
00303700,COLLEGE OF WOOSTER                      ,OH,44691-2363,Private      ,48,11,59,2102,62,2164
00303900,COLUMBUS COLLEGE OF ART AND DESIGN      ,OH,43215-1758,Private      ,111,67,178,1588,357,1945
00304000,CUYAHOGA COMMUNITY COLLEGE              ,OH,44115-2878,Public       ,1281,3375,4656,3870,10664,14534
00304001,CUYAHOGA COMMUNITY CLG-EASTERN CAM      ,OH,44122-6195,Public       ,187,451,638,597,1529,2126
00304002,CUYAHOGA COMMUNITY CLG-METRO CAMPUS     ,OH,44115-0000,Public       ,217,626,843,733,1973,2706
00304003,CUYAHOGA COMMUNITY CLG-WESTERN CMPS     ,OH,44130-0000,Public       ,348,387,735,1224,1230,2454
00304100,"DEFIANCE COLLEGE, THE                   ",OH,43512-1695,Private      ,40,58,98,1076,305,1381
00304200,DENISON UNIVERSITY                      ,OH,43023-1329,Private      ,66,3,69,2379,37,2416
00304300,CHANCELLOR UNIVERSITY                   ,OH,44114-1096,Proprietary  ,66,285,351,227,997,1224
00304400,TRINITY LUTHERAN SEMINARY               ,OH,43209-0000,Private      ,2,35,37,2,155,157
00304500,UNIVERSITY OF FINDLAY                   ,OH,45840-3695,Private      ,331,297,628,3007,1262,4269
00304600,FRANKLIN UNIVERSITY                     ,OH,43215-5399,Private      ,130,1155,1285,678,5824,6502
00304606,FRANKLIN UNIVERSITY - NORTHWEST         ,OH,43019-5331,Private      ,1,6,7,2,20,22
00304608,FRANKLIN UNIVERSITY - NORTHEAST         ,OH,43081-1111,Private      ,1,6,7,8,32,40
00304700,HEBREW UNION COLLEGE MAIN CAMPUS        ,OH,45220-0000,Private      ,1,15,16,1,134,135
00304800,HEIDELBERG UNIVERSITY                   ,OH,44883-2462,Private      ,83,61,144,1576,291,1867
00304900,HIRAM COLLEGE                           ,OH,44234-1808,Private      ,50,96,146,1348,284,1632
00305000,JOHN CARROLL UNIVERSITY                 ,OH,44118-4581,Private      ,164,155,319,3807,732,4539
00305100,KENT STATE UNIV - KENT CAMPUS           ,OH,44242-0001,Public       ,1757,1465,3222,16800,7749,24549
00305101,KENT STATE UNIV - GEAUGA CAMPUS         ,OH,44021-0000,Public       ,54,60,114,236,218,454
00305102,KENT STATE UNIV - STARK CAMPUS          ,OH,44720-0000,Public       ,383,367,750,1784,1516,3300
00305103,KENT STATE UNIV - TUSCARAWAS CAMPUS     ,OH,44663-0000,Public       ,132,236,368,740,893,1633
00305104,KENT STATE UNIV - TRUMBULL CAMPUS       ,OH,44483-0000,Public       ,139,239,378,690,1055,1745
00305105,KENT STATE UNIV - ASHTABULA CAMPUS      ,OH,44004-0000,Public       ,114,246,360,577,1001,1578
00305106,KENT STATE UNIV -E.LIVERPOOL CAMPUS     ,OH,43920-0000,Public       ,60,106,166,288,495,783
00305107,KENT STATE UNIV - SALEM CAMPUS          ,OH,44460-0000,Public       ,101,161,262,578,690,1268
00306500,KENYON COLLEGE                          ,OH,43022-9623,Private      ,36,0,36,2154,21,2175
00306600,LAKE ERIE COLLEGE                       ,OH,44077-3389,Private      ,68,86,154,665,308,973
00306800,LORAIN COUNTY COMMUNITY COLLEGE         ,OH,44035-1691,Public       ,770,1449,2219,2261,4180,6441
00306900,LOURDES COLLEGE                         ,OH,43560-2898,Private      ,140,370,510,566,1365,1931
00307200,MALONE UNIVERSITY                       ,OH,44709-3897,Private      ,85,201,286,1818,977,2795
00307300,MARIETTA COLLEGE                        ,OH,45750-4033,Private      ,80,37,117,2243,225,2468
00307500,METHODIST THEOLOGICAL SCH IN OHIO       ,OH,43015-0000,Private      ,0,36,36,1,218,219
00307600,MIAMI-JACOBS COLLEGE                    ,OH,45401-0000,Proprietary  ,57,360,417,140,1092,1232
00307602,MIAMI - JACOBS CAREER COLLEGE - SPRINGBO,OH,45066-1115,Proprietary  ,35,92,127,69,187,256
00307700,MIAMI UNIVERSITY                        ,OH,45056-1831,Public       ,1152,737,1889,15101,3251,18352
00307800,WRIGHT STATE UNIVERSITY                 ,OH,45435-0002,Public       ,1142,1206,2348,10407,7052,17459
00308300,MOUNT UNION COLLEGE                     ,OH,44601-3993,Private      ,149,38,187,2908,162,3070
00308400,MUSKINGUM UNIVERSITY                    ,OH,43762-1199,Private      ,168,130,298,2057,426,2483
00308500,NOTRE DAME COLLEGE OF OHIO              ,OH,44121-4293,Private      ,73,196,269,921,836,1757
00308600,OBERLIN COLLEGE                         ,OH,44074-1090,Private      ,63,17,80,4102,97,4199
00308800,OHIO COLLEGE OF PODIATRIC MEDICINE      ,OH,44131-7304,Private      ,0,18,18,1,331,332
00308900,OHIO NORTHERN UNIVERSITY                ,OH,45810-1555,Private      ,266,94,360,4045,1094,5139
00309000,OHIO STATE UNIVERSITY-ALL CAMPUSES      ,OH,43210-1358,Public       ,2777,2324,5101,38128,20340,58468
00309001,OHIO STATE UNIVERSITY-LIMA              ,OH,45804-0000,Public       ,0,0,0,3,4,7
00309002,OHIO STATE UNIVERSITY-MANSFIELD         ,OH,44906-0000,Public       ,0,0,0,1,5,6
00309003,THE OHIO STATE UNIVERSITY-MARION        ,OH,43302-0000,Public       ,0,0,0,5,7,12
00309004,OHIO STATE UNIVERSITY-NEWARK            ,OH,43055-1797,Public       ,0,0,0,12,6,18
00309005,OHIO STATE UNIVERSITY-ATI/WOOSTER       ,OH,44691-0000,Public       ,0,0,0,2,0,2
00310000,OHIO UNIVERSITY                         ,OH,45701-2979,Public       ,1276,727,2003,16719,4239,20958
00310002,"OHIO UNIVERSITY, ZANESVILLE CAMPUS      ",OH,43701-0000,Public       ,126,186,312,862,911,1773
00310003,"OHIO UNIVERSITY, LANCASTER CAMPUS       ",OH,43130-0000,Public       ,155,199,354,759,819,1578
00310004,"OHIO UNIVERSITY, SOUTHERN CAMPUS        ",OH,45638-0000,Public       ,161,286,447,749,1147,1896
00310005,"OHIO UNIVERSITY, CHILLICOTHE CAMPUS     ",OH,45601-0000,Public       ,132,333,465,639,1202,1841
00310006,"OHIO UNIVERSITY, EASTERN CAMPUS         ",OH,43950-0000,Public       ,65,79,144,458,288,746
00310008,OHIO UNIV COLL OF OSTEOPATHIC MED       ,OH,45701-0000,Public       ,0,17,17,12,461,473
00310900,OHIO WESLEYAN UNIVERSITY                ,OH,43015-2398,Private      ,39,8,47,2291,83,2374
00311000,OTTERBEIN COLLEGE                       ,OH,43081-2006,Private      ,189,164,353,3334,819,4153
00311300,PONTIFICAL COLLEGE JOSEPHINUM           ,OH,43235-1498,Private      ,13,9,22,40,19,59
00311401,FIRELANDS REGIONAL MEDICAL CENTER       ,OH,44870-4788,Private      ,4,11,15,63,114,177
00311500,RABBINICAL COLLEGE OF TELSHE            ,OH,44092-2584,Private      ,2,11,13,2,18,20
00311600,UNIV OF RIO GRANDE                      ,OH,45674-3131,Private      ,210,342,552,1445,1226,2671
00311900,SINCLAIR COMMUNITY COLLEGE              ,OH,45402-1460,Public       ,1866,3252,5118,5374,9661,15035
00312100,TIFFIN UNIVERSITY                       ,OH,44883-2161,Private      ,174,356,530,1529,1133,2662
00312200,UNITED THEOLOGICAL SEMINARY             ,OH,45406-0000,Private      ,0,45,45,0,180,180
00312300,UNIVERSITY OF AKRON                     ,OH,44325-6211,Public       ,1600,1945,3545,14453,11108,25561
00312500,UNIVERSITY OF CINCINNATI                ,OH,45221-0125,Public       ,2898,3349,6247,17531,13910,31441
00312504,UNIVERSITY OF CINCINNATI - COLLEGE OF ME,OH,45267-0553,Public       ,10,32,42,69,793,862
00312700,UNIVERSITY OF DAYTON                    ,OH,45469-0002,Private      ,293,606,899,8259,2994,11253
00313100,UNIVERSITY OF TOLEDO                    ,OH,43606-3390,Public       ,1481,1520,3001,13157,6375,19532
00313101,UNIVERSITY OF TOLEDO - HEALTH SCIENCE CA,OH,43614-2598,Public       ,6,143,149,74,1296,1370
00313300,URBANA UNIVERSITY                       ,OH,43078-2091,Private      ,115,134,249,923,511,1434
00313400,URSULINE COLLEGE                        ,OH,44124-4398,Private      ,68,299,367,721,1117,1838
00313500,WALSH UNIVERSITY                        ,OH,44720-3396,Private      ,121,146,267,2041,797,2838
00314100,WILBERFORCE UNIVERSITY                  ,OH,45384-1001,Private      ,98,131,229,1081,603,1684
00314200,WILMINGTON COLLEGE                      ,OH,45177-2499,Private      ,92,87,179,1780,460,2240
00314300,WITTENBERG UNIVERSITY                   ,OH,45501-2199,Private      ,80,49,129,2581,196,2777
00314400,XAVIER UNIVERSITY                       ,OH,45207-1035,Private      ,222,470,692,4595,2494,7089
00314500,YOUNGSTOWN STATE UNIVERSITY             ,OH,44555-0001,Public       ,1013,1173,2186,7548,5587,13135
00398200,CLEVELAND INSTITUTE OF ART              ,OH,44106-1700,Private      ,40,34,74,740,161,901
00406000,WINEBRENNER THEOLOGICAL SEMINARY        ,OH,45840-0000,Private      ,0,25,25,2,64,66
00485200,CLARK STATE COMMUNITY COLLEGE           ,OH,45505-4795,Public       ,283,663,946,995,2357,3352
00485300,BRADFORD SCHOOL                         ,OH,43219-0000,Proprietary  ,154,118,272,525,276,801
00485500,DAVIS COLLEGE                           ,OH,43623-4307,Proprietary  ,40,173,213,95,568,663
00486100,UNIVERSITY OF NORTHWESTERN OHIO         ,OH,45805-1498,Private      ,350,240,590,2946,862,3808
00486600,STAUTZENBERGER COLLEGE                  ,OH,43537-4007,Proprietary  ,85,338,423,240,886,1126
00510200,SCH OF DIAGNOSTIC IMAGING-CLEVELAND     ,OH,44119-0000,Private      ,1,9,10,10,32,42
00512700,BROWN MACKIE COLLEGE-CINCINNATI         ,OH,45215-1107,Proprietary  ,299,1345,1644,591,3179,3770
00531300,NORTH CENTRAL STATE COLLEGE             ,OH,44901-0000,Public       ,295,583,878,942,1967,2909
00575300,OWENS STATE COMMUNITY COLLEGE           ,OH,43699-0000,Public       ,1603,2782,4385,4444,7732,12176
00648700,AULTMAN COLLEGE OF NURSING AND HEALTH SC,OH,44710-1799,Private      ,20,34,54,109,190,299
00648900,CHRIST HOSP SCH OF NURSING              ,OH,45219-2989,Private      ,10,35,45,108,300,408
00649400,GOOD SAMARITAN COLG-NURSING/HEALTH      ,OH,45220-2489,Private      ,34,78,112,155,327,482
00649800,MERIDIA HURON SCHOOL OF NURSING         ,OH,44112-4308,Private      ,3,39,42,22,211,233
00650700,TRINIT HEALTH SYSTEM SCH OF NURSING     ,OH,43952-2667,Private      ,2,12,14,55,133,188
00680400,LAKELAND COMMUNITY COLLEGE              ,OH,44094-5198,Public       ,534,1045,1579,1999,3551,5550
00686700,COLUMBUS STATE COMMUNITY COLLEGE        ,OH,43215-1786,Public       ,2275,3723,5998,8112,14477,22589
00703500,KETTERING COLLEGE OF MEDICAL ARTS       ,OH,45429-1299,Private      ,45,139,184,443,749,1192
00708500,MOUNT VERNON NAZARENE UNIVERSITY        ,OH,43050-9500,Private      ,221,150,371,1478,435,1913
00708501,MOUNT VERNON NAZARENE UNIV - AGS        ,OH,43050-0000,Private      ,8,332,340,47,897,944
00727500,EASTERN GATEWAY COMMUNITY COLLEGE       ,OH,43952-3598,Public       ,204,270,474,677,962,1639
00747300,CHOFFIN CAREER & TECHNICAL CENTER       ,OH,44503-1628,Public       ,16,34,50,49,170,219
00759800,HOCKING TECHNICAL COLLEGE               ,OH,45764-9582,Public       ,603,655,1258,2893,2601,5494
00777700,REMINGTON COLLEGE - CLEVELAND CAMPUS    ,OH,44125-1957,Proprietary  ,43,250,293,156,969,1125
00777704,REMINGTON COLLEGE-CLEVELAND WEST CAMPUS ,OH,44070-3129,Proprietary  ,59,163,222,145,516,661
00812900,ADULT AND COMMUNITY EDUCATION @ HUDSON  ,OH,43211-2017,Public       ,16,108,124,41,281,322
00813200,TOLEDO SCHOOL OF PRACTICAL NURSING      ,OH,43613-5110,Public       ,12,92,104,51,282,333
00813300,ZANE STATE COLLEGE                      ,OH,43701-2626,Public       ,259,437,696,781,1250,2031
00819400,AKRON SCHOOL OF PRACTICAL NRSG          ,OH,44311-0000,Public       ,1,10,11,45,155,200
00827800,TERRA COMMUNITY COLLEGE                 ,OH,43420-9670,Public       ,198,343,541,576,1065,1641
00867700,NORTHWEST STATE COMMUNITY COLLEGE       ,OH,43502-9542,Public       ,196,450,646,833,1561,2394
00888600,PORTAGE LAKES CAREER CENTER             ,OH,44232-0000,Public       ,10,44,54,22,100,122
00908800,ITT TECHNICAL INSTITUTE                 ,OH,45414-3456,Proprietary  ,181,334,515,545,1017,1562
00915600,WAYNE COUNTY SCHOOLS CAREER CENTER      ,OH,44677-9672,Public       ,3,46,49,22,184,206
00917200,SPRINGFIELD REGIONAL SCHOOL OF NURSING  ,OH,45501-0000,Private      ,15,45,60,71,186,257
00941200,NATIONAL INSTITUTE OF TECHNOLOGY        ,OH,44221-2998,Proprietary  ,46,101,147,216,392,608
00945101,BROWN MACKIE COLLEGE-NORTH CANTON       ,OH,44720-0000,Proprietary  ,76,371,447,161,1196,1357
00953000,GERBER AKRON BEAUTY SCHOOL              ,OH,44333-3714,Proprietary  ,4,40,44,10,70,80
00953100,SPA SCHOOL (THE)                        ,OH,43214-1524,Proprietary  ,6,15,21,9,35,44
00965800,RIGGS LEMAR BEAUTY COLLEGE              ,OH,44221-1114,Proprietary  ,1,5,6,20,43,63
00966000,TIFFIN ACADEMY OF HAIR DESIGN           ,OH,44883-2833,Proprietary  ,7,12,19,37,46,83
00983700,ITT TECHNICAL INSTITUTE                 ,OH,44509-4098,Proprietary  ,203,277,480,833,1091,1924
00994100,BELMONT TECHNICAL COLLEGE               ,OH,43950-9766,Public       ,228,420,648,797,1182,1979
00994200,SHAWNEE STATE UNIVERSITY                ,OH,45662-4344,Public       ,661,591,1252,3048,1797,4845
01001700,PAYNE THEOLOGICAL SEMINARY              ,OH,45384-0474,Private      ,0,38,38,0,86,86
01002700,JAMES A. RHODES STATE COLLEGE           ,OH,45804-3597,Public       ,313,650,963,1189,2129,3318
01016800,NATIONWIDE BEAUTY ACADEMY               ,OH,43228-1000,Proprietary  ,65,112,177,220,341,561
01028000,OHIO STATE BEAUTY ACADEMY               ,OH,45801-4950,Proprietary  ,19,41,60,78,121,199
01032300,HANNAH E MULLINS SCH-PRAC NRSG          ,OH,44460-2906,Public       ,5,8,13,11,76,87
01034500,CINCINNATI STATE TECH & COMM CLG        ,OH,45223-2690,Public       ,938,1677,2615,3299,6459,9758
01045300,WASHINGTON STATE CMTY COLLEGE           ,OH,45750-9225,Public       ,234,467,701,782,1323,2105
01063000,NORTHERN INSTITUTE OF COSMETOLOGY       ,OH,44052-1803,Proprietary  ,6,17,23,17,47,64
01073600,MARION TECHNICAL COLLEGE                ,OH,43302-5694,Public       ,133,376,509,530,1159,1689
01088000,CHATFIELD COLLEGE                       ,OH,45118-9705,Private      ,24,65,89,51,121,172
01088100,STARK STATE COLLEGE OF TECHNOLOGY       ,OH,44720-7299,Public       ,650,1205,1855,2288,4271,6559
01090600,CINCINNATI CLG OF MORTUARY SCIENCE      ,OH,45224-1428,Private      ,20,29,49,90,130,220
01092300,UNION INSTITUTE & UNIVERSITY            ,OH,45206-1925,Private      ,10,512,522,36,1635,1671
01096200,MOORE UNIV OF HAIR DESIGN               ,OH,45213-0000,Proprietary  ,5,18,23,7,30,37
01099300,HOBART INSTITUTE OF WELDING TECHNOLOGY  ,OH,45373-2400,Private      ,35,18,53,136,58,194
01100500,KAPLAN COLLEGE                          ,OH,43232-4827,Proprietary  ,42,160,202,113,563,676
01104600,CENTRAL OHIO TECHNICAL COLLEGE          ,OH,43055-1767,Public       ,230,551,781,1081,2735,3816
01170300,PENTA COUNTY JOINT VOCATIONAL SCH       ,OH,43551-0000,Public       ,7,45,52,13,88,101
01174400,NATIONAL BEAUTY COLLEGE                 ,OH,44720-0000,Proprietary  ,21,44,65,47,89,136
01174500,OHIO TECHNICAL COLLEGE                  ,OH,44103-1228,Proprietary  ,158,108,266,928,344,1272
01182500,OHIO STATE SCHOOL OF COSMETOLOGY        ,OH,43224-1107,Proprietary  ,9,24,33,39,67,106
01212800,SOUTHWESTERN COLLEGE                    ,OH,45402-3003,Proprietary  ,53,222,275,101,637,738
01212802,SOUTHWESTERN COLLEGE                    ,OH,45005-2267,Proprietary  ,20,117,137,38,278,316
01212803,SOUTHWESTERN COLLEGE                    ,OH,45202-4304,Proprietary  ,36,248,284,63,446,509
01212804,SOUTHWESTERN COLLEGE                    ,OH,45246-3121,Proprietary  ,46,304,350,118,898,1016
01216600,CAROUSEL BEAUTY COLLEGE                 ,OH,45402-8935,Proprietary  ,22,49,71,54,133,187
01224800,CENTRAL SCHOOL OF PRACTICAL NURSING     ,OH,44103-4371,Private      ,5,31,36,38,221,259
01267200,CAROUSEL BEAUTY COLLEGE                 ,OH,45044-5113,Proprietary  ,9,17,26,13,32,45
01267400,CAROUSEL OF MIAMI VALLEY BEAUTY CLG     ,OH,45424-2063,Proprietary  ,4,8,12,18,25,43
01275000,EDISON COMMUNITY COLLEGE                ,OH,45356-9239,Public       ,159,341,500,682,1545,2227
01283800,LAURA AND ALVIN SIEGAL COLLEGE OF JUDAIC,OH,44122-7197,Private      ,0,1,1,0,5,5
01284800,MOLER-HOLLYWOOD BEAUTY COLLEGE          ,OH,45202-2577,Proprietary  ,5,37,42,22,104,126
01287000,SOUTHERN STATE COMMUNITY COLLEGE        ,OH,45133-9406,Public       ,270,589,859,865,1767,2632
01289100,ANTONELLI COLLEGE                       ,OH,45202-2592,Proprietary  ,103,388,491,290,1090,1380
01289600,VIRGINIA MARTI COLLEGE OF ART AND DESIGN,OH,44107-0778,Proprietary  ,59,43,102,177,150,327
01313200,INTERNATIONAL CLG OF BROADCASTING       ,OH,45431-1898,Proprietary  ,32,38,70,56,123,179
02052000,OHIO INST OF PHOTOGRAPHY & TECHNOLOGY   ,OH,45439-1984,Proprietary  ,84,220,304,252,648,900
02054300,TRUMBULL BUSINESS COLLEGE               ,OH,44484-0000,Proprietary  ,25,105,130,72,399,471
02056800,DAYMAR COLLEGE                          ,OH,45601-1038,Proprietary  ,10,46,56,51,262,313
02056802,DAYMAR COLLEGE - LANCASTER              ,OH,43130-0000,Proprietary  ,0,4,4,3,12,15
02056803,DAYMAR COLLEGE - NEW BOSTON             ,OH,45662-4900,Proprietary  ,0,3,3,2,18,20
02056804,DAYMAR COLLEGE - JACKSON                ,OH,45640-1728,Proprietary  ,1,5,6,2,19,21
02066100,OHIO STATE COLLEGE/BARBER STYLING       ,OH,43213-0000,Proprietary  ,14,54,68,40,94,134
02069500,AKRON INSTITUTE                         ,OH,44306-0000,Proprietary  ,51,217,268,123,598,721
02073300,GALLIA-JACKSON-VINTON SCH ADULT ED      ,OH,45674-0000,Public       ,16,55,71,41,182,223
02077800,CENTURY SCHOOL OF COSMETOLOGY           ,OH,43952-0000,Proprietary  ,5,13,18,6,19,25
02110700,CLEVELAND INST OF DENTAL-MED ASST       ,OH,44115-2285,Proprietary  ,83,192,275,149,481,630
02116009,SANFORD-BROWN COLLEGE - MIDDLEBURG HEIGH,OH,44130-8362,Proprietary  ,21,100,121,39,177,216
02116900,UPPER VALLEY JVS                        ,OH,45356-0000,Public       ,4,46,50,15,185,200
02117300,GREAT OAKS INSTITUTE OF TECHNOLOGY      ,OH,45241-1581,Public       ,55,192,247,133,738,871
02128600,THE ART INSTITUTE OF CINCINNATI         ,OH,45246-0000,Proprietary  ,26,15,41,130,40,170
02140700,COMMUNITY EDUCATIONAL SERVICES          ,OH,44702-1710,Public       ,5,57,62,22,208,230
02152100,ACADEMY OF COURT REPORTING AND TECHNOLOG,OH,44115-0000,Proprietary  ,102,711,813,169,1972,2141
02158500,OHIO BUSINESS COLLEGE                   ,OH,44055-3344,Proprietary  ,32,136,168,56,305,361
02158501,OHIO BUSINESS COLLEGE                   ,OH,44870-9953,Proprietary  ,3,27,30,23,73,96
02163900,BEATRICE ACADEMY OF BEAUTY              ,OH,44106-0000,Proprietary  ,4,23,27,14,60,74
02168100,TRI-COUNTY JOINT VOCATIONAL SCHOOL      ,OH,45764-0000,Public       ,5,40,45,12,93,105
02187900,ASHTABULA CO JOINT VOC SCH ADULT ED     ,OH,44047-0000,Public       ,11,122,133,14,194,208
02189000,ADULT CENTER FOR EDUCATION              ,OH,43701-0000,Public       ,23,76,99,42,183,225
02190700,RETS TECH CENTER                        ,OH,45459-0000,Proprietary  ,67,318,385,157,996,1153
02192100,BUTLER TECHNOLOGY AND CAREER DEVELOPMENT,OH,45011-0000,Public       ,38,191,229,85,376,461
02196300,COLLINS CAREER CENTER                   ,OH,45619-0000,Public       ,39,162,201,107,440,547
02210800,MEDINA COUNTY CAREER CENTER             ,OH,44256-0000,Public       ,8,65,73,13,120,133
02215400,OHIO STATE SCHOOL OF COSMETOLOGY        ,OH,43207-0000,Proprietary  ,13,15,28,57,84,141
02220500,GOD'S BIBLE SCHOOL & COLLEGE            ,OH,45210-0000,Private      ,50,21,71,142,43,185
02220800,CAREER & TECHNOLOGY EDUCATION CENTERS OF,OH,43055-0000,Public       ,4,37,41,13,84,97
02239800,PIONEER CAREER & TECHNOLOGY CENTER      ,OH,44875-0000,Public       ,3,38,41,6,45,51
02245600,WARREN COUNTY CAREER CENTER             ,OH,45036-0000,Public       ,3,14,17,8,31,39
02246300,INSTITUTE OF MEDICAL-DENTAL TECH        ,OH,45246-3317,Proprietary  ,13,42,55,32,129,161
02261400,COLLEGE OF ART ADVERTISING              ,OH,45211-0000,Proprietary  ,4,3,7,13,16,29
02263700,MIAMI VALLEY CAREER TECHNOLOGY CTR      ,OH,45315-0000,Public       ,30,125,155,74,345,419
02269400,EASTERN HILLS ACAD OF HAIR DESIGN       ,OH,45255-0000,Proprietary  ,17,24,41,25,64,89
02269500,WESTERN HILLS SCHOOL OF BEAUTY & HAIR DE,OH,45211-0000,Proprietary  ,19,83,102,43,207,250
02270100,OHIO HI-POINT CAREER CENTER             ,OH,43311-0000,Public       ,2,28,30,16,144,160
02272700,COLUMBIANA COUNTY CAREER CENTER         ,OH,44432-0000,Public       ,10,65,75,17,158,175
02287900,RAPHAEL'S SCHOOL OF BEAUTY CULTURE      ,OH,44446-0000,Proprietary  ,22,44,66,37,101,138
02301400,OHIO VALLEY COLLEGE OF TECHNOLOGY       ,OH,43920-0000,Proprietary  ,16,61,77,55,191,246
02303600,BOHECKER'S BUSINESS COLLEGE             ,OH,44266-0000,Proprietary  ,33,68,101,174,334,508
02304700,TRI-RIVERS CAREER CENTER                ,OH,43302-0000,Public       ,7,31,38,27,105,132
02311200,AMERICAN SCHOOL OF TECHNOLOGY           ,OH,43229-0000,Proprietary  ,28,156,184,53,352,405
02315500,TOLEDO ACADEMY OF BEAUTY CULTURE - EAST ,OH,43616-0000,Proprietary  ,11,47,58,36,140,176
02328500,MOLER-PICKENS BEAUTY COLLEGE            ,OH,45014-0000,Proprietary  ,6,27,33,12,42,54
02334300,INTERNATIONAL ACAD OF HAIR DESIGN       ,OH,45239-0000,Proprietary  ,26,21,47,74,48,122
02336300,KNOX COUNTY CAREER CENTER               ,OH,43050-4298,Public       ,8,22,30,38,179,217
02336700,CUYAHOGA VALLEY CAREER CENTER           ,OH,44141-1296,Public       ,8,34,42,35,150,185
02337700,PROFESSIONAL SKILLS INSTITUTE           ,OH,43607-0000,Proprietary  ,35,164,199,84,579,663
02345600,AKRON MACHINING INSTITUTE               ,OH,44203-0000,Private      ,3,27,30,8,60,68
02351500,WILLOUGHBY EASTLAKE SCH OF PRAC NSG     ,OH,44094-0000,Public       ,4,13,17,15,100,115
02352800,POLARIS CAREER CENTER-ADULT ED DEPT     ,OH,44130-0000,Public       ,15,60,75,33,107,140
02354200,SCIOTO COUNTY JOINT VOCATIONAL SCH      ,OH,45648-0000,Public       ,27,88,115,64,248,312
02454400,NORTHEASTERN OHIO UNIVS COL OF MED      ,OH,44272-0000,Public       ,0,15,15,42,469,511
02497800,GREENE COUNTY CAREER CENTER             ,OH,45385-0000,Public       ,11,48,59,17,86,103
02512600,ADULT VOCATIONAL SERVICES               ,OH,44308-0000,Public       ,1,30,31,3,80,83
02519300,OHIO STATE SCH COSMETOLOGY              ,OH,43068-0000,Proprietary  ,2,7,9,6,15,21
02522700,EASTLAND-FAIRFIELD CAREER AND TECHNICAL ,OH,43125-0000,Public       ,17,90,107,40,207,247
02528300,TDDS TECHNICAL INSTITUTE                ,OH,44429-0000,Proprietary  ,21,102,123,49,221,270
02529500,HAMRICK SCHOOL                          ,OH,44256-0000,Proprietary  ,2,25,27,4,44,48
02541400,TOLEDO ACADEMY OF BEAUTY CULTURE-SO     ,OH,43614-0000,Proprietary  ,14,47,61,33,126,159
02545800,INNER STATE BEAUTY SCHOOLS              ,OH,44124-0000,Proprietary  ,17,63,80,36,151,187
02553000,SCHOOL OF ADVERTISING ART               ,OH,45440-0000,Proprietary  ,43,4,47,191,12,203
02560000,CASAL AVEDA INSTITUTE                   ,OH,44515-0000,Proprietary  ,21,19,40,47,42,89
02560700,PICKAWAY ROSS CO JOINT VOC TECH SCH     ,OH,45601-0000,Public       ,14,74,88,44,183,227
02562300,APOLLO CAREER CENTER-ADULT EDUC         ,OH,45806-0000,Public       ,12,85,97,60,290,350
02563000,RAPHAELS SCHOOL OF BEAUTY CULTURE       ,OH,44601-2847,Proprietary  ,10,21,31,15,38,53
02568600,MAHONING COUNTY CAREER & TECH CENTR     ,OH,44406-0000,Public       ,7,47,54,15,76,91
02582900,KAPLAN CAREER INSTITUTE                 ,OH,44129-6810,Proprietary  ,28,152,180,85,473,558
02586400,TRUMBULL CAREER & TECH CENTER-ADULT     ,OH,44483-1997,Public       ,17,91,108,35,209,244
02588500,OHIO STATE SCHOOL OF COSMETOLOGY        ,OH,43081-0000,Proprietary  ,6,5,11,23,10,33
02599711,VATTEROTT COLLEGE - CLEVELAND           ,OH,44147-3502,Proprietary  ,25,115,140,46,288,334
02603800,LORAIN COUNTY JVS ADULT CAREER CTR      ,OH,44074-9799,Public       ,28,97,125,33,146,179
02614700,SPRINGFIELD CLARK CO JOINT VOC SCH      ,OH,45505-4295,Public       ,2,25,27,5,57,62
02616200,BROWN MACKIE COLLEGE-FINDLAY            ,OH,45840-6848,Proprietary  ,130,422,552,250,917,1167
02620000,SANDUSKY CAREER CENTER                  ,OH,44870-4786,Public       ,13,38,51,21,103,124
03007900,GALLIPOLIS CAREER COLLEGE               ,OH,45631-2600,Proprietary  ,4,58,62,20,212,232
03015100,ALLIANCE HIGH SCH-CMTY SERVICES DIV     ,OH,44601-2899,Public       ,14,70,84,30,140,170
03015300,EHOVE CAREER CENTER                     ,OH,44846-9500,Public       ,23,78,101,58,283,341
03023700,MADISON ADULT CAREER CENTER             ,OH,44905-2718,Public       ,4,55,59,9,89,98
03024300,VALLEY BEAUTY SCHOOL                    ,OH,43725-2332,Proprietary  ,13,20,33,28,47,75
03027100,FAIRVIEW ACADEMY                        ,OH,44126-2214,Proprietary  ,6,19,25,13,39,52
03034200,WASHINGTON COUNTY CAREER CENTER ADULT TE,OH,45750-9290,Public       ,3,70,73,12,112,124
03051400,AUBURN CAREER CENTER                    ,OH,44077-9723,Public       ,8,21,29,38,53,91
03051500,US GRANT JOINT VOCATIONAL SCHOOL        ,OH,45106-9502,Public       ,0,12,12,0,28,28
03065800,OHIO INSTITUTE OF HEALTH CAREERS        ,OH,44035-2394,Proprietary  ,55,186,241,99,429,528
03065900,BUCKEYE CAREER CENTER                   ,OH,44663-9437,Public       ,13,46,59,43,196,239
03067600,RAPHAEL'S SCHOOL OF BEAUTY CULTURE      ,OH,44512-2222,Proprietary  ,6,15,21,11,39,50
03068200,OHIO CENTER FOR BROADCASTING            ,OH,44125-4220,Proprietary  ,26,71,97,66,163,229
03071900,MOUNT CARMEL COLLEGE OF NURSING         ,OH,43222-1598,Private      ,53,77,130,468,449,917
03078000,OHIO CENTER FOR BROADCASTING            ,OH,45227-1509,Proprietary  ,11,14,25,27,41,68
03079000,ETI TECHNICAL COLLEGE                   ,OH,44446-4398,Proprietary  ,45,88,133,112,290,402
03084800,DELAWARE AREA CAREER CENTER             ,OH,43015-8969,Public       ,0,2,2,1,14,15
03084801,DELAWARE AREA CAREER CENTER -           ,OH,43015-9001,Public       ,1,3,4,4,11,15
03095600,VANTAGE CAREER CENTER                   ,OH,45891-1378,Public       ,13,30,43,20,84,104
03097000,MERCY COLLEGE OF NORTHWEST OHIO         ,OH,43604-1132,Private      ,74,152,226,341,602,943
03100100,PARAMOUNT BEAUTY ACADEMY                ,OH,45662-4136,Proprietary  ,7,36,43,23,58,81
03105400,CLEVELAND EXTENSION HIGH SCH-WEST       ,OH,44102-2298,Public       ,11,52,63,20,132,152
03116200,DAYTON BARBER COLLEGE                   ,OH,45402-2310,Proprietary  ,9,40,49,17,99,116
03116300,OHIO COLLEGE OF MASSOTHERAPY            ,OH,44321-1363,Private      ,25,72,97,83,213,296
03116400,VANGUARD-SENTINELL VOC SCH DISTRICT     ,OH,43420-1197,Public       ,1,6,7,2,25,27
03117000,ASHLAND COUNTY-W HOLMES CAREER CTR      ,OH,44805-0000,Public       ,7,59,66,12,96,108
03200500,YOUNGSTOWN COLLEGE OF MASSOTHERAPY      ,OH,44471-2321,Proprietary  ,5,18,23,15,31,46
03319300,CREATIVE IMAGES-A CERTIFIED MATRIX      ,OH,45414-2557,Proprietary  ,21,40,61,36,77,113
03319301,CREATIVE IMAGES-A CERTIFIED MATRIX      ,OH,45459-0000,Proprietary  ,34,46,80,51,95,146
03416400,VALLEY BEAUTY SCHOOL                    ,OH,43701-3624,Proprietary  ,4,11,15,9,22,31
03425300,ROSEDALE BIBLE COLLEGE                  ,OH,43029-9517,Private      ,23,1,24,55,4,59
03457300,ALLEGHENY WESLEYAN COLLEGE              ,OH,44460-9598,Private      ,12,8,20,29,8,37
03468400,NATIONAL INSTITUTE OF MASSOTHERAPY      ,OH,44319-2100,Proprietary  ,11,28,39,31,88,119
03468500,ATS INSTITUTE OF TECHNOLOGY             ,OH,44143-2216,Proprietary  ,20,242,262,38,505,543
03475400,TRI-STATE BIBLE COLLEGE                 ,OH,45680-8402,Private      ,1,4,5,5,11,16
03534400,AMERICAN INST OF ALTERNATIVE MEDICI     ,OH,43229-1113,Proprietary  ,17,50,67,46,136,182
03578300,TRI-STATE COLLEGE                       ,OH,44452-8535,Proprietary  ,6,13,19,12,34,46
03586400,MED CENTRAL COLLEGE OF NURSING          ,OH,44903-2265,Private      ,18,44,62,252,267,519
03626300,BROWN AVEDA INSTITUTE                   ,OH,44060-6212,Proprietary  ,29,24,53,70,51,121
03659300,COMPUTER QUEST LTD.                     ,OH,44130-3034,Proprietary  ,3,61,64,5,86,91
03693300,CARNEGIE INST OF INTEGRATIVE MED/MASSOTH,OH,44260-9608,Private      ,4,28,32,6,41,47
03700300,REGENCY BEAUTY INSTITUTE - CLEVELAND    ,OH,44094-0000,Proprietary  ,8,34,42,31,96,127
03726300,TEMPLE BAPTIST COLLEGE                  ,OH,45240-0000,Private      ,8,12,20,16,27,43
03744300,EDUTEK COLLEGE                          ,OH,44224-0000,Private      ,0,0,0,1,20,21
03747300,BEXLEY HALL SEMINARY                    ,OH,43209-2325,Private      ,0,3,3,0,8,8
03776400,HEALING ARTS INSTITUTE                  ,OH,43551-3138,Proprietary  ,5,15,20,15,45,60
03837300,AVEDA FREDRIC'S INSTITUTE               ,OH,45208-1304,Proprietary  ,2,8,10,15,15,30
03882300,OREGON CAREER CENTER                    ,OH,43616-2631,Public       ,0,6,6,1,8,9
        ,INVALID SCHOOL CODE                     ,  ,00000-0000,,5764,7022,12786,25686,20768,46454
00134500,ADAMS STATE COLLEGE                     ,CO,81102-2373,Public       ,350,428,778,1876,1359,3235
00134600,ARAPAHOE COMMUNITY COLLEGE              ,CO,80160-9002,Public       ,374,775,1149,1114,2539,3653
00134700,COLORADO COLLEGE                        ,CO,80903-3294,Private      ,49,34,83,2289,255,2544
00134800,COLORADO SCHOOL OF MINES                ,CO,80401-1887,Public       ,181,129,310,3040,531,3571
00134900,UNIVERSITY OF NORTHERN COLORADO         ,CO,80639-0001,Public       ,844,538,1382,8763,3156,11919
00135000,COLORADO STATE UNIVERSITY               ,CO,80523-0100,Public       ,1712,1078,2790,14668,5887,20555
00135200,DENVER  SEMINARY                        ,CO,80120-2192,Private      ,0,63,63,7,501,508
00135300,FORT LEWIS COLLEGE                      ,CO,81301-3999,Public       ,381,205,586,2990,1014,4004
00135400,ILIFF SCHOOL OF THEOLOGY                ,CO,80210-0000,Private      ,1,37,38,3,220,223
00135500,LAMAR COMMUNITY COLLEGE                 ,CO,81052-3999,Public       ,72,143,215,321,336,657
00135800,MESA STATE COLLEGE                      ,CO,81501-7682,Public       ,561,489,1050,3278,2146,5424
00135900,COLORADO NORTHWESTERN COMMUNITY COLLEGE ,CO,81648-3598,Public       ,73,84,157,221,233,454
00136000,METROPOLITAN STATE CLG OF DENVER        ,CO,80204-0000,Public       ,1752,2404,4156,6911,9502,16413
00136100,NORTHEASTERN JUNIOR COLLEGE             ,CO,80751-2399,Public       ,143,110,253,764,329,1093
00136200,OTERO JUNIOR COLLEGE                    ,CO,81050-3346,Public       ,148,392,540,463,693,1156
00136300,REGIS UNIVERSITY                        ,CO,80221-1099,Private      ,119,1200,1319,1945,6470,8415
00136500,COLORADO STATE UNIVERSITY-PUEBLO        ,CO,81001-4901,Public       ,486,608,1094,2585,2161,4746
00136800,TRINIDAD STATE JR COLLEGE               ,CO,81082-2396,Public       ,200,314,514,584,731,1315
00137000,UNIVERSITY OF COLORADO-BOULDER          ,CO,80309-0077,Public       ,1789,1153,2942,15567,6988,22555
00137100,UNIVERSITY OF DENVER                    ,CO,80208-2000,Private      ,225,1059,1284,4220,6826,11046
00137200,WESTERN STATE COLLEGE                   ,CO,81231-0000,Public       ,214,93,307,1727,392,2119
00163202,AQUINAS INSTITUTE OF THEOLOGY - AQUINAS ,CO,80903-1498,Private      ,0,0,0,0,3,3
00405702,NATIONAL AMERICAN UNIVERSITY            ,CO,80918-0000,Proprietary  ,1,35,36,8,145,153
00405703,NATIONAL AMERICAN UNIVERSITY            ,CO,80222-0000,Proprietary  ,3,12,15,9,66,75
00450300,EVEREST COLLEGE                         ,CO,80916-3548,Proprietary  ,44,265,309,102,655,757
00450600,COLORADO MOUNTAIN COLLEGE               ,CO,81602-0000,Public       ,170,156,326,804,544,1348
00450700,EVEREST COLLEGE                         ,CO,80229-4339,Proprietary  ,139,620,759,356,1826,2182
00450701,"EVEREST COLLEGE- EVEREST COLLEGE, AURORA",CO,80012-5692,Proprietary  ,6,8,14,26,42,68
00450800,UNIVERSITY OF COLORADO DENVER           ,CO,80204-2029,Public       ,82,348,430,647,3445,4092
00450824,UNIVERSITY OF COLORADO DENVER - AURARIA ,CO,80217-3364,Public       ,542,1006,1548,3668,6139,9807
00450900,UNIV OF COLORADO AT COLO SPRINGS        ,CO,80918-3735,Public       ,503,589,1092,4116,3434,7550
00559600,EMILY GRIFFITH OPPORTUNITY SCH          ,CO,80204-2197,Public       ,57,280,337,141,742,883
00729700,REDSTONE COLLEGE                        ,CO,80020-9988,Proprietary  ,75,99,174,246,366,612
00754700,LINCOLN COLLEGE OF TECHNOLOGY           ,CO,80223-2013,Proprietary  ,264,229,493,698,572,1270
00754800,WESTWOOD COLLEGE - DENVER NORTH         ,CO,80221-3653,Proprietary  ,455,1630,2085,1491,4659,6150
00754801,WESTWOOD COLLEGE - DENVER SOUTH         ,CO,80227-3653,Proprietary  ,82,210,292,305,758,1063
00758200,AIMS COMMUNITY COLLEGE                  ,CO,80632-0000,Public       ,314,515,829,1158,1784,2942
00764900,ROCKY MOUNTAIN COLG OF ART & DESIGN     ,CO,80214-0000,Proprietary  ,46,23,69,479,152,631
00793300,FRONT RANGE COMMUNITY COLLEGE           ,CO,80031-2199,Public       ,971,1423,2394,3231,5529,8760
00793301,FRONT RANGE COMM COLL/LARIMER CAMP      ,CO,80526-0000,Public       ,0,0,0,6,12,18
00863500,INTELLITEC MEDICAL INSTITUTE            ,CO,80909-1570,Proprietary  ,31,168,199,46,274,320
00887100,CONCORDE CAREER INSTITUTE               ,CO,80203-0000,Proprietary  ,57,229,286,117,557,674
00889600,PIKES PEAK COMMUNITY COLLEGE            ,CO,80906-5498,Public       ,850,1719,2569,2470,5002,7472
00940100,COLORADO CHRISTIAN UNIVERSITY           ,CO,80226-7449,Private      ,155,399,554,1229,1381,2610
00954200,COMMUNITY COLLEGE OF DENVER             ,CO,80217-2026,Public       ,599,1245,1844,1882,4378,6260
00954300,RED ROCKS COMMUNITY COLLEGE             ,CO,80228-1255,Public       ,391,694,1085,1218,2047,3265
00985500,YESHIVA TORAS CHAIM TALMUDICAL SEM      ,CO,80204-0067,Private      ,0,0,0,1,1,2
00998100,MORGAN COMMUNITY COLLEGE                ,CO,80701-4399,Public       ,66,208,274,227,610,837
01014800,COLORADO TECHNICAL UNIVERSITY           ,CO,80907-3896,Proprietary  ,201,1819,2020,518,4640,5158
01014802,COLORADO TECHNICAL UNIV - DENVER        ,CO,80111-3201,Proprietary  ,26,113,139,82,375,457
01014805,COLORADO TECH UNIV - ON LINE            ,CO,80907-0000,Proprietary  ,427,6003,6430,945,15030,15975
01014806,COLORADO TECH UNIV - FED EXPRESS        ,CO,80921-3800,Proprietary  ,0,11,11,5,37,42
01014807,COLORADO TECH UNIV - MCI WORLD COM      ,CO,80919-3172,Proprietary  ,2,9,11,4,19,23
01014808,COLORADO TECH UNIV - USAA               ,CO,80920-1005,Proprietary  ,0,4,4,2,7,9
01014809,COLORADO TECH UNIV - SCHRIEVER AFB      ,CO,80912-7298,Proprietary  ,0,1,1,0,1,1
01014810,COLORADO TECH UNIV - PETERSON AFB       ,CO,80914-1586,Proprietary  ,0,1,1,0,2,2
01014811,COLORADO TECH UNIV-HEWLETT PACKARD      ,CO,80919-2303,Proprietary  ,0,3,3,0,5,5
01014812,COLORADO TECHNICAL UNIVERSITY - WESTMINS,CO,80021-3498,Proprietary  ,26,109,135,78,326,404
01014813,COLORADO TECH UNIV - ORACLE             ,CO,80921-3660,Proprietary  ,0,3,3,1,12,13
01014815,COLORADO TECHNCL UNIV PUEBLO            ,CO,81003-2315,Proprietary  ,5,11,16,26,42,68
01070900,EMPIRE BEAUTY SCHOOL-LAKEWOOD           ,CO,80215-0000,Proprietary  ,12,17,29,18,35,53
01073200,SAN JUAN BASINTECHNICAL COLLEGE         ,CO,81328-9196,Public       ,16,70,86,41,128,169
01157200,COLORADO SCHOOL OF TRADES               ,CO,80215-2996,Proprietary  ,21,53,74,74,157,231
01267000,BEL-REA INST OF ANIMAL TECH             ,CO,80247-3048,Proprietary  ,92,121,213,327,436,763
01285000,INTERNATIONAL SALON AND SPA ACADEMY     ,CO,80918-3684,Proprietary  ,26,48,74,49,105,154
01287500,PICKENS TECHNICAL COLLEGE               ,CO,80011-9307,Public       ,64,103,167,144,268,412
01300700,NAZARENE BIBLE COLLEGE                  ,CO,80910-3717,Private      ,16,155,171,43,490,533
02059400,INTERNATIONAL BEAUTY ACADEMY            ,CO,80918-3684,Proprietary  ,10,29,39,28,80,108
02072200,EMPIRE BEAUTY SCHOOL -ARVADA            ,CO,80212-0000,Proprietary  ,19,26,45,35,77,112
02078900,ART INSTITUTE OF COLORADO (THE)         ,CO,80203-2983,Proprietary  ,279,276,555,2004,1734,3738
02116300,PUEBLO COMMUNITY COLLEGE                ,CO,81004-0000,Public       ,567,1455,2022,1263,3391,4654
02117500,NAROPA UNIVERSITY                       ,CO,80302-0000,Private      ,15,68,83,264,1030,1294
02133100,COLORADO CENTER FOR MEDICAL LABORATORY S,CO,80218-0000,Private      ,4,11,15,8,36,44
02141100,ARTISTIC BEAUTY COLGS-WESTMINSTER       ,CO,80030-0000,Proprietary  ,35,83,118,58,139,197
02141102,ARTISTIC BEAUTY COLLEGES-LITTLETON      ,CO,80123-3480,Proprietary  ,1,2,3,5,4,9
02141103,ARTISTIC BEAUTY COLLEGES-AURORA         ,CO,80017-3194,Proprietary  ,10,36,46,14,54,68
02156200,DELTA - MONTROSE TECHNICAL COLLEGE      ,CO,81416-0000,Public       ,20,57,77,53,101,154
02159000,AMERICAN DIESEL & AUTO COLLEGE          ,CO,80223-0000,Proprietary  ,0,1,1,1,1,2
02160600,EMPIRE BEAUTY SCHOOL -THORNTON          ,CO,80241-1659,Proprietary  ,13,35,48,33,86,119
02165200,SALON PROFESSIONAL ACADEMY (THE)        ,CO,81504-5309,Proprietary  ,7,19,26,13,26,39
02167600,KAPLAN COLLEGE                          ,CO,80229-5309,Proprietary  ,32,102,134,83,220,303
02171300,TRINIDAD STATE JUNIOR COLLEGE           ,CO,81101-0000,Proprietary  ,1,0,1,2,4,6
02188700,DENVER ACAD OF COURT REPORTING          ,CO,80030-0000,Proprietary  ,6,86,92,10,93,103
02211901,CHEEKS INTERNATIONAL ACADEMY OF BEAUTY C,CO,80525-3053,Proprietary  ,3,7,10,8,16,24
02211902,CHEEKS INTERNATIONAL ACDMY BTY CULT     ,CO,80631-0000,Proprietary  ,1,4,5,3,13,16
02253700,INTELLITEC COLLEGE                      ,CO,80909-0000,Proprietary  ,37,175,212,58,299,357
02267500,GLENWOOD BEAUTY ACADEMY                 ,CO,81601-0000,Proprietary  ,5,13,18,11,28,39
02276900,COMMUNITY COLLEGE OF AURORA             ,CO,80011-9036,Public       ,386,886,1272,1009,2387,3396
02321700,ITT TECHNICAL INSTITUTE                 ,CO,80229-5338,Proprietary  ,140,277,417,363,685,1048
02518500,HAIR DYNAMICS EDUCATION CENTER          ,CO,80525-0000,Proprietary  ,27,40,67,47,80,127
02594300,COLLEGE AMERICA - DENVER                ,CO,80222-3380,Proprietary  ,84,261,345,168,884,1052
02611000,HERITAGE COLLEGE                        ,CO,80212-7413,Proprietary  ,40,225,265,118,541,659
03006300,INST OF BUSINESS & MEDICAL CAREERS      ,CO,80525-3044,Proprietary  ,44,121,165,140,538,678
03012100,REMINGTON COLLEGE - COLORADO SPRINGS CAM,CO,80215-0000,Proprietary  ,21,64,85,67,378,445
03013100,BOULDER COLLEGE OF MASSAGE THERAPY      ,CO,80301-3295,Private      ,16,44,60,66,139,205
03014900,PLATT COLLEGE                           ,CO,80014-3141,Proprietary  ,23,30,53,45,105,150
03027400,XENON INTERNATIONAL ACADEMY III         ,CO,80014-1193,Proprietary  ,12,14,26,30,42,72
03030606,UTAH COLLEGE OF MASSAGE THERAPY - DENVER,CO,80031-2921,Proprietary  ,39,59,98,92,138,230
03030607,UTAH COLLEGE OF MASSAGE THERAPY - DENVER,CO,80012-2523,Proprietary  ,56,91,147,95,166,261
03031603,DPT BUSINESS SCHOOL                     ,CO,80223-0000,Proprietary  ,0,2,2,1,6,7
03066900,INTELLITEC COLLEGE                      ,CO,81506-3994,Proprietary  ,69,261,330,109,512,621
03068201,OHIO CENTER FOR BROADCASTING - COLORADO ,CO,80214-4129,Proprietary  ,15,39,54,29,75,104
03289300,COLORADO HEIGHTS UNIVERSITY             ,CO,80236-2711,Private      ,3,39,42,9,77,86
03306300,MONTESSORI EDUC CRT OF THE ROCKIES      ,CO,80301-2587,Private      ,1,5,6,5,35,40
03474400,CENTER OF ADVANCED THERAPEUTICS         ,CO,80210-1629,Proprietary  ,0,0,0,1,7,8
03534300,JONES INTERNATIONAL UNIVERSITY          ,CO,80112-3446,Proprietary  ,4,294,298,12,954,966
03545300,UNIVERSITY OF THE ROCKIES               ,CO,80903-3612,Proprietary  ,0,34,34,4,130,134
03584400,COLORADO SCHOOL OF HEALING ARTS         ,CO,80226-4332,Proprietary  ,12,74,86,46,224,270
03670300,TONI & GUY HAIRDRESSING ACADEMY         ,CO,80911-1713,Proprietary  ,17,21,38,39,55,94
03686300,COLORADO SCHOOL OF TRADITIONAL CHINESE M,CO,80206-2127,Proprietary  ,2,20,22,4,86,90
03805300,CORTIVA INSTITUTE-COLORADO              ,CO,80021-0000,Proprietary  ,3,20,23,5,34,39
03972300,CUTTIN' UP BEAUTY ACADEMY               ,CO,80220-0000,Proprietary  ,4,22,26,6,34,40
03976300,MASSAGE THERAPY INSTITUTE OF COLORADO   ,CO,80206-2127,Proprietary  ,4,18,22,15,58,73
00267811,BRYANT & STRATTON COLLEGE - VIRGINIA BEA,VA,23462-4417,Proprietary  ,71,290,361,195,1121,1316
00370200,AVERETT UNIVERSITY                      ,VA,24541-3692,Private      ,94,308,402,1169,932,2101
00370300,BLUEFIELD COLLEGE                       ,VA,24605-1799,Private      ,33,195,228,568,595,1163
00370400,BRIDGEWATER COLLEGE                     ,VA,22812-1599,Private      ,83,17,100,2104,98,2202
00370500,COLLEGE OF WILLIAM & MARY               ,VA,23187-8795,Public       ,176,128,304,6946,3029,9975
00370600,CHRISTOPHER NEWPORT UNIVERSITY          ,VA,23606-2998,Public       ,218,109,327,5268,751,6019
00370700,RICHARD BLAND COLLEGE                   ,VA,23805-7100,Public       ,100,64,164,473,267,740
00370800,EASTERN MENNONITE UNIVERSITY            ,VA,22802-2462,Private      ,65,93,158,991,357,1348
00370900,EMORY & HENRY COLLEGE                   ,VA,24327-0010,Private      ,51,21,72,1474,103,1577
00371100,FERRUM COLLEGE                          ,VA,24088-2612,Private      ,100,27,127,1720,188,1908
00371200,TIDEWATER COMMUNITY COLLEGE             ,VA,23510-1910,Public       ,1386,2668,4054,5112,9555,14667
00371300,HAMPDEN-SYDNEY COLLEGE                  ,VA,23943-0128,Private      ,67,8,75,989,28,1017
00371400,HAMPTON UNIVERSITY                      ,VA,23668-0099,Private      ,502,311,813,8570,2254,10824
00371500,HOLLINS UNIVERSITY                      ,VA,24020-0000,Private      ,62,77,139,851,485,1336
00371900,LONGWOOD UNIVERSITY                     ,VA,23909-1899,Public       ,228,84,312,3833,462,4295
00372000,LYNCHBURG COLLEGE                       ,VA,24501-3199,Private      ,197,104,301,2638,460,3098
00372100,JAMES MADISON UNIVERSITY                ,VA,22807-3780,Public       ,737,170,907,14982,1575,16557
00372300,MARY BALDWIN COLLEGE                    ,VA,24401-3610,Private      ,119,227,346,1080,701,1781
00372400,MARYMOUNT UNIVERSITY                    ,VA,22207-4224,Private      ,188,248,436,2143,1624,3767
00372600,NATIONAL COLLEGE                        ,VA,24153-4524,Proprietary  ,261,1356,1617,582,4009,4591
00372700,NORTHERN VA CMTY CLG                    ,VA,22003-3743,Public       ,1352,1574,2926,4706,5865,10571
00372800,OLD DOMINION UNIVERSITY                 ,VA,23529-0052,Public       ,949,1416,2365,11219,8665,19884
00373200,RADFORD UNIVERSITY                      ,VA,24142-6905,Public       ,430,208,638,6789,1730,8519
00373300,RANDOLPH-MACON COLLEGE                  ,VA,23005-5505,Private      ,51,6,57,1497,52,1549
00373400,RANDOLPH COLLEGE                        ,VA,24503-1526,Private      ,23,20,43,760,102,862
00373500,VIRGINIA COMMONWEALTH UNIVERSITY        ,VA,23284-9004,Public       ,1588,1569,3157,14519,9782,24301
00373600,ROANOKE COLLEGE                         ,VA,24153-3794,Private      ,113,34,147,2256,153,2409
00373700,SHENANDOAH UNIVERSITY                   ,VA,22601-5195,Private      ,114,180,294,1774,1419,3193
00373800,SOUTHERN VIRGINIA UNIVERSITY            ,VA,24416-3038,Private      ,119,56,175,775,214,989
00373900,ST PAULS COLLEGE                        ,VA,23868-1299,Private      ,124,95,219,590,338,928
00374200,SWEET BRIAR COLLEGE                     ,VA,24595-9998,Private      ,28,3,31,610,50,660
00374300,UNION THEO SEMINARY & PRESBYTRN SCH     ,VA,23227-0000,Private      ,0,18,18,1,115,116
00374400,UNIVERSITY OF RICHMOND                  ,VA,23173-0001,Private      ,78,195,273,3018,1833,4851
00374500,UNIVERSITY OF VIRGINIA - SFS            ,VA,22903-0000,Public       ,424,460,884,12263,6849,19112
00374600,UNIVERSITY OF MARY WASHINGTON           ,VA,22401-5358,Public       ,146,111,257,3378,631,4009
00374700,UNIV OF VIRGINIA'S COLLEGE AT WISE      ,VA,24293-4412,Public       ,131,70,201,1646,382,2028
00374800,EASTERN SHORE COMMUNITY COLLEGE         ,VA,23410-3000,Public       ,37,94,131,223,355,578
00374900,GEORGE MASON UNIVERSITY                 ,VA,22030-4444,Public       ,989,1434,2423,10879,9317,20196
00375100,PATRICK HENRY COMMUNITY COLLEGE         ,VA,24112-5311,Public       ,207,425,632,649,1370,2019
00375200,VIRGINIA INTERMONT COLLEGE              ,VA,24201-4298,Private      ,94,124,218,604,433,1037
00375300,VIRGINIA MILITARY INSTITUTE             ,VA,24450-2138,Public       ,35,7,42,1244,58,1302
00375400,VIRGINIA POLYTECH INST & STATE UNIV     ,VA,24061-2000,Public       ,746,481,1227,19306,3480,22786
00375800,DANVILLE COMMUNITY COLLEGE              ,VA,24541-4004,Public       ,233,475,708,850,1676,2526
00375900,J. SARGEANT REYNOLDS COMMUNITY CLG      ,VA,23285-0000,Public       ,513,1064,1577,2063,4153,6216
00376000,VIRGINIA WESTERN CMTY COLLEGE           ,VA,24038-0000,Public       ,444,796,1240,1232,2132,3364
00376100,WYTHEVILLE COMMUNITY COLLEGE            ,VA,24382-3308,Public       ,108,283,391,589,1200,1789
00376200,VIRGINIA UNIVERSITY OF LYNCHBURG        ,VA,24501-6400,Private      ,11,56,67,36,113,149
00376400,VIRGINIA STATE UNIVERSITY               ,VA,23806-0001,Public       ,612,363,975,7140,1845,8985
00376500,NORFOLK STATE UNIVERSITY                ,VA,23504-8000,Public       ,659,789,1448,7208,4245,11453
00376600,VIRGINIA UNION UNIVERSITY               ,VA,23220-1711,Private      ,244,193,437,2535,712,3247
00376700,VIRGINIA WESLEYAN COLLEGE               ,VA,23502-5599,Private      ,97,88,185,1567,464,2031
00376800,WASHINGTON & LEE UNIVERSITY             ,VA,24450-0303,Private      ,56,21,77,1567,1109,2676
00400400,JOHN TYLER COMMUNITY COLLEGE            ,VA,23831-5316,Public       ,439,707,1146,1432,2579,4011
00498800,CENTRAL VIRGINIA COMMUNITY COLLEGE      ,VA,24502-2498,Public       ,249,392,641,831,1123,1954
00499200,MILLER-MOTTE TECHNICAL COLLEGE          ,VA,24505-0000,Proprietary  ,31,102,133,83,316,399
00499600,DABNEY S LANCASTER COMMUNITY CLG        ,VA,24422-1000,Public       ,66,143,209,370,383,753
00522300,NEW RIVER COMMUNITY COLLEGE             ,VA,24084-1127,Public       ,194,297,491,978,1251,2229
00607500,ROANOKE MEM HOSP SCH RAD ONCOLOGY       ,VA,24033-0000,Private      ,0,0,0,1,3,4
00607501,ROANOKE MEM HOSP SCH RAD TECH           ,VA,24014-1850,Private      ,1,0,1,2,3,5
00662200,COLLEGE OF HEALTH SCIENCES - CHRV       ,VA,24031-0000,Private      ,48,126,174,390,645,1035
00681900,BLUE RIDGE COMMUNITY COLLEGE            ,VA,24486-0080,Public       ,194,216,410,1068,1004,2072
00687100,THOMAS NELSON COMMUNITY COLLEGE         ,VA,23670-0000,Public       ,442,870,1312,1853,3693,5546
00709900,VIRGINIA HIGHLANDS COMMUNITY CLG        ,VA,24210-4210,Public       ,206,250,456,874,926,1800
00726000,SOUTHWEST VIRGINIA COMMUNITY CLG        ,VA,24641-1510,Public       ,304,513,817,995,1404,2399
00859200,LOUISE OBICI SCHOOL OF NURSING          ,VA,23434-8038,Private      ,3,8,11,9,24,33
00859202,SUFFOLK PUB SCH-LOUISE OBICI SCH PN     ,VA,23434-0000,Private      ,0,1,1,2,5,7
00865900,LORD FAIRFAX COMMUNITY COLLEGE          ,VA,22645-0047,Public       ,180,292,472,805,1025,1830
00866000,GERMANNA COMMUNITY COLLEGE              ,VA,22508-0339,Public       ,204,278,482,689,964,1653
00866100,SOUTHSIDE VIRGINIA CMTY CLG             ,VA,23821-2930,Public       ,353,757,1110,937,1800,2737
00915900,PAUL D CAMP COMMUNITY COLLEGE           ,VA,23851-0737,Public       ,86,258,344,263,649,912
00916000,RAPPAHANNOCK COMMUNITY COLLEGE          ,VA,23149-2616,Public       ,126,188,314,420,570,990
00926700,EVEREST COLLEGE                         ,VA,23606-4203,Proprietary  ,77,350,427,122,790,912
00942000,SANFORD-BROWN COLLEGE                   ,VA,22182-3913,Proprietary  ,106,155,261,380,520,900
00953500,STAUNTON SCHOOL OF COSMETOLOGY          ,VA,24401-4323,Proprietary  ,8,13,21,14,21,35
00953700,VIRGINIA SCH OF HAIR DESIGN             ,VA,23669-0000,Proprietary  ,12,35,47,34,115,149
00962900,MOUNTAIN EMPIRE COMMUNITY COLLEGE       ,VA,24219-0700,Public       ,265,456,721,912,1334,2246
00992800,PIEDMONT VIRGINIA COMMUNITY COLLEGE     ,VA,22902-7589,Public       ,234,316,550,807,1032,1839
00995800,HICKS ACADEMY OF BEAUTY CULTURE         ,VA,23707-3218,Proprietary  ,5,31,36,8,40,48
01004300,BON SECOURS MEMORIAL SCH OF NURSING     ,VA,23227-4612,Private      ,15,43,58,148,453,601
01019800,ECPI COLLEGE OF TECHNOLOGY              ,VA,23462-6542,Proprietary  ,576,1923,2499,1178,3994,5172
01033800,EASTERN VIRGINIA MEDICAL SCHOOL         ,VA,23501-1980,Private      ,2,79,81,19,983,1002
01159600,RALPH'S VIRGINIA SCH OF COSMETOLOGY     ,VA,24501-2652,Proprietary  ,8,11,19,13,17,30
01274401,SOUTHSIDE REGIONAL MED CTR PROF SCHOOLS ,VA,23803-5133,Proprietary  ,14,35,49,61,209,270
01274402,SOUTHSIDE REG MED CTR SCH RAD TECH      ,VA,23803-0000,Proprietary  ,1,7,8,5,30,35
02053000,LIBERTY UNIVERSITY                      ,VA,24502-0000,Private      ,1008,2679,3687,10965,9059,20024
02108800,WARDS CORNER BEAUTY ACADEMY             ,VA,23505-0000,Proprietary  ,19,78,97,30,143,173
02111600,DANVILLE REGIONAL MEDICAL CENTER SCHOOL ,VA,24541-0000,Proprietary  ,3,10,13,31,94,125
02128700,CENTRAL SCHOOL OF PRACTICAL NURSING     ,VA,23502-2230,Public       ,1,0,1,1,0,1
02140000,RIVERSIDE SCHOOL OF HEALTH CAREERS      ,VA,23608-3802,Private      ,14,72,86,49,222,271
02140001,RIVERSIDE SCHOOL OF HEALTH CAREERS-PRACT,VA,23601-3802,Private      ,0,0,0,25,111,136
02140002,RIVERSIDE SCHOOL OF RADIOLOGIC TECH     ,VA,23601-0000,Private      ,0,0,0,6,34,40
02175800,LYNCHBURG GENERAL HOSP SCH OF NURSG     ,VA,24501-0000,Private      ,13,35,48,62,130,192
02197600,WOODROW WILSON REHABILITATION CTR       ,VA,22939-0000,Public       ,19,11,30,28,18,46
02223100,HERITAGE INSTITUTE                      ,VA,22046-4400,Proprietary  ,19,72,91,34,155,189
02242400,HENRICO CTY ST MARYS HOSP PRAC NRSG     ,VA,23075-0000,Public       ,2,11,13,8,46,54
02247200,MEDSPA CAREERS INSTITUTE                ,VA,23606-0000,Proprietary  ,144,549,693,388,1627,2015
02304500,HERITAGE INSTITUTE                      ,VA,20111-0000,Proprietary  ,34,88,122,53,137,190
02320900,TIDEWATER TECH                          ,VA,23517-0000,Proprietary  ,26,59,85,54,118,172
02334400,CENTURA COLLEGE                         ,VA,23452-0000,Proprietary  ,129,691,820,338,2179,2517
02340000,COLONIAL HEIGHTS BEAUTY ACADEMY         ,VA,23834-0000,Proprietary  ,11,32,43,15,40,55
02342700,FORTIS COLLEGE                          ,VA,23502-4101,Proprietary  ,17,64,81,79,181,260
02342701,FORTIS COLLEGE - RICHMOND CAMPUS        ,VA,23236-3472,Proprietary  ,10,29,39,62,113,175
02535400,ECPI TECHNICAL COLLEGE                  ,VA,23236-0000,Proprietary  ,150,235,385,302,440,742
02538800,SUFFOLK BEAUTY ACADEMY                  ,VA,23434-0000,Proprietary  ,9,28,37,10,39,49
02541200,STRATFORD UNIVERSITY                    ,VA,22043-0000,Proprietary  ,45,85,130,144,301,445
02541201,STRATFORD UNIVERSITY-WOODBRIDGE         ,VA,22192-0000,Proprietary  ,5,21,26,22,65,87
02549800,NEW HORIZONS TECH SCH PR NSG            ,VA,23666-0000,Public       ,2,7,9,9,31,40
02567300,BRAXTON SCHOOL OF BUSINESS (THE)        ,VA,23230-0000,Proprietary  ,10,25,35,22,55,77
02588901,SANZ SCHOOL                             ,VA,22044-0000,Proprietary  ,0,2,2,2,10,12
02605900,TESST COLLEGE OF TECHNOLOGY             ,VA,22312-6342,Proprietary  ,37,126,163,81,274,355
02610100,WASHINGTON COUNTY ADULT SKILL CTR       ,VA,24210-2346,Public       ,6,40,46,18,72,90
03002400,GRAHAM WEBB INTERNATIONAL ACAD HAIR     ,VA,22209-2129,Proprietary  ,18,30,48,23,40,63
03010700,BAR PALMA BEAUTY CAREERS  ACADEMY       ,VA,24014-2255,Proprietary  ,14,28,42,17,45,62
03042800,"VIRGINIA BEACH CITY SCHOOLS, SCH.-PR.NSG",VA,23456-0038,Public       ,2,13,15,15,49,64
03091100,ACT COLLEGE                             ,VA,22209-2297,Proprietary  ,40,200,240,105,460,565
03091300,REGENT UNIVERSITY                       ,VA,23464-9800,Private      ,58,915,973,299,4074,4373
03092700,ECPI TECHNICAL COLLEGE-ROANOKE          ,VA,24012-1603,Proprietary  ,36,117,153,84,269,353
03096500,SPRINGFIELD BEAUTY ACADEMY              ,VA,22003-3016,Proprietary  ,4,37,41,6,71,77
03106500,SENTARA NORFOLK GENERAL HOSPITAL        ,VA,23320-2843,Private      ,27,107,134,118,493,611
03116900,BAPTIST THEOLOGICAL SEM.-RICHMOND       ,VA,23227-0000,Private      ,0,13,13,2,52,54
03126300,TIDEWATER TECH AVIATION                 ,VA,23320-5987,Proprietary  ,19,105,124,42,245,287
03126400,CENTURA COLLEGE                         ,VA,23235-5230,Proprietary  ,49,151,200,98,438,536
03126401,CENTURA COLLEGE - WEST                  ,VA,23294-0000,Proprietary  ,4,5,9,11,33,44
03127500,ADVANCED TECHNOLOGY INSTITUTE           ,VA,23462-2409,Proprietary  ,87,110,197,319,242,561
03280400,VIRGINIA SCHOOL OF MASSAGE              ,VA,22903-0000,Proprietary  ,12,34,46,18,44,62
03409500,RICHMOND SCHOOL OF HEALTH AND TECH      ,VA,23227-0000,Proprietary  ,34,151,185,100,552,652
03455300,CRESCENT COSMETOLOGY UNIVERSITY         ,VA,23666-3115,Proprietary  ,2,4,6,5,12,17
03559300,APPALACHIAN SCHOOL OF LAW               ,VA,24614-0000,Private      ,0,65,65,9,648,657
03638400,TAP THIS VALLEY WORKS CTR FOR EMPLO     ,VA,24016-1901,Private      ,0,6,6,1,11,12
03645400,RUDY & KELLY ACADEMY OF HAIR AND NA     ,VA,23464-6857,Proprietary  ,28,28,56,43,66,109
03654300,CAREER TRAINING SOLUTIONS               ,VA,22406-1014,Proprietary  ,17,83,100,29,197,226
03709300,EDWARD VIA VIRGINIA CLG OSTEOPATHIC MED ,VA,24060-6360,Private      ,0,30,30,7,636,643
03872400,INSTITUTE FOR THE PSYCHOLOGICAL SCIENCES,VA,22202-3609,Private      ,0,3,3,0,58,58
03876300,CULPEPER COSMETOLOGY TRAINING CENTER    ,VA,22701-3155,Public       ,1,8,9,4,18,22
03883400,AVIATION INSTITUTE OF MAINTENANCE       ,VA,20110-4156,Proprietary  ,22,37,59,32,76,108
03966300,CENTRAL BAPTIST THEOLOGICAL SEMINARY OF ,VA,23464-6847,Private      ,1,2,3,1,3,4
04038400,AVI CAREER INSTITUTE                    ,VA,22066-1839,Proprietary  ,0,3,3,0,6,6
00107000,THUNDERBIRD SCHOOL OF GLOBAL MANAGEMENT ,AZ,85306-6000,Private      ,1,142,143,2,439,441
00107100,ARIZONA WESTERN COLLEGE                 ,AZ,85366-0000,Public       ,398,542,940,2193,2032,4225
00107200,COCHISE COLLEGE                         ,AZ,85607-6190,Public       ,342,525,867,944,1428,2372
00107300,EASTERN ARIZONA COLLEGE                 ,AZ,85552-0769,Public       ,203,324,527,1000,813,1813
00107400,GRAND CANYON UNIVERSITY                 ,AZ,85017-3030,Proprietary  ,171,2234,2405,830,8787,9617
00107600,GLENDALE COMMUNITY COLLEGE              ,AZ,85302-3090,Public       ,1078,1403,2481,3988,4911,8899
00107700,MESA COMMUNITY COLLEGE                  ,AZ,85202-4866,Public       ,1543,2095,3638,5189,6890,12079
00107800,PHOENIX COLLEGE                         ,AZ,85013-4234,Public       ,710,1326,2036,2390,4154,6544
00107900,YAVAPAI COLLEGE                         ,AZ,86301-3297,Public       ,200,353,553,998,1386,2384
00108100,ARIZONA STATE UNIV (ALL CAMPUSES)       ,AZ,85287-0412,Public       ,3312,3695,7007,28321,21539,49860
00108200,NORTHERN ARIZONA UNIVERSITY             ,AZ,86011-0001,Public       ,1148,1859,3007,10487,8382,18869
00108300,UNIVERSITY OF ARIZONA                   ,AZ,85721-0066,Public       ,1708,1391,3099,17213,10530,27743
00165701,MIDWESTERN UNIVERSITY                   ,AZ,85308-0000,Private      ,6,130,136,62,1744,1806
00446700,TUCSON COLLEGE                          ,AZ,85710-0000,Proprietary  ,45,255,300,92,487,579
00711300,SOUTHWESTERN COLLEGE                    ,AZ,85032-7097,Private      ,61,46,107,210,99,309
00726600,PIMA COUNTY COMMUNITY COLLEGE           ,AZ,85709-1110,Public       ,1797,2625,4422,5635,7884,13519
00728300,CENTRAL ARIZONA COLLEGE                 ,AZ,85228-9779,Public       ,339,468,807,1008,1359,2367
00822100,UNIVERSAL TECHNICAL INSTITUTE           ,AZ,85323-7946,Proprietary  ,1669,922,2591,9891,3831,13722
00824600,DINè COLLEGE                            ,AZ,86556-0126,Public       ,258,434,692,529,945,1474
00830300,GATEWAY COMMUNITY COLLEGE               ,AZ,85034-1795,Public       ,250,916,1166,786,2692,3478
00830302,MARICOPA SKILL CENTER                   ,AZ,85034-0000,Public       ,59,151,210,139,464,603
00830400,SCOTTSDALE COMMUNITY COLLEGE            ,AZ,85250-0000,Public       ,571,729,1300,1813,2187,4000
00886400,ARIZONA ACADEMY OF BEAUTY               ,AZ,85712-5021,Proprietary  ,11,23,34,18,46,64
00886500,ARTISTIC BEAUTY COLLEGES-TUCSON         ,AZ,85716-3999,Proprietary  ,85,109,194,140,207,347
00886501,ARTISTIC BEAUTY COLLEGES - TUCSON  - NOR,AZ,85705-1665,Proprietary  ,28,40,68,58,99,157
00945100,BROWN MACKIE COLLEGE                    ,AZ,85712-5300,Proprietary  ,34,131,165,95,356,451
01084700,ARIZONA AUTOMOTIVE INSTITUTE            ,AZ,85301-3503,Proprietary  ,121,164,285,348,585,933
01085800,AVALON SCHOOL OF COSMETOLOGY            ,AZ,85210-4010,Proprietary  ,29,52,81,57,135,192
01157000,PIMA MEDICAL INSTITUTE-MESA             ,AZ,85202-2950,Proprietary  ,10,40,50,57,157,214
01168900,REFRIGERATION SCHOOL                    ,AZ,85034-0000,Proprietary  ,23,124,147,35,261,296
01180200,ARIZONA ACADEMY OF BEAUTY-NORTH         ,AZ,85705-2720,Proprietary  ,6,21,27,18,46,64
01180800,ARTISTIC BEAUTY COLLEGES-FLAGSTAFF      ,AZ,86004-5119,Proprietary  ,51,114,165,82,194,276
01180801,CLG OF BEAUTY ARTS & SCI/CHANDLER       ,AZ,85224-0000,Proprietary  ,31,65,96,41,106,147
01180802,CLG OF BEAUTY ARTS & SCI/PRESCOTT       ,AZ,86303-0000,Proprietary  ,10,36,46,18,59,77
01186200,NORTHLAND PIONEER COLLEGE               ,AZ,86025-2996,Public       ,126,359,485,316,912,1228
01186400,MOHAVE COMMUNITY COLLEGE                ,AZ,86409-1238,Public       ,320,994,1314,632,2196,2828
01218400,INTERNATIONAL ACAD OF HAIR DESIGN       ,AZ,85225-7198,Proprietary  ,25,21,46,52,69,121
01234300,ARTISTIC BEAUTY COLLEGES-PHOENIX        ,AZ,85304-0000,Proprietary  ,58,65,123,77,131,208
01234301,EMPIRE BEAUTY SCHOOL - AVONDALE         ,AZ,85323-2352,Proprietary  ,17,20,37,29,33,62
01293700,ARTISTIC BEAUTY COLLEGES - PARADISE VALL,AZ,85257-0000,Proprietary  ,9,23,32,23,34,57
02065200,ITT TECHNICAL INSTITUTE                 ,AZ,85282-0000,Proprietary  ,260,523,783,600,1314,1914
02065300,PRESCOTT COLLEGE                        ,AZ,86301-0000,Private      ,39,191,230,322,883,1205
02071200,KAPLAN COLLEGE                          ,AZ,85029-4349,Proprietary  ,39,113,152,107,330,437
02098800,UNIVERSITY OF PHOENIX                   ,AZ,85040-0000,Proprietary  ,4120,90476,94596,6201,150775,156976
02100500,UNIVERSAL TECHNICAL INSTITUTE           ,AZ,85027-0000,Proprietary  ,1084,961,2045,6044,4557,10601
02100600,APOLLO COLLEGE                          ,AZ,85015-0000,Proprietary  ,390,1030,1420,873,2350,3223
02113800,ROBERTO-VENN SCH OF LUTHIERY            ,AZ,85040-0000,Proprietary  ,4,2,6,25,26,51
02146600,SOUTH MOUNTAIN COMMUNITY COLLEGE        ,AZ,85040-0000,Public       ,361,502,863,930,1364,2294
02171500,WESTERN INTERNATIONAL UNIVERSITY        ,AZ,85021-0000,Proprietary  ,205,4689,4894,567,13249,13816
02171545,AXIA- (WESTERN INTERNATIONAL UNIVERSITY),AZ,85210-4803,Proprietary  ,0,0,0,0,41,41
02173300,DEVOE COLLEGE OF BEAUTY                 ,AZ,85635-0000,Proprietary  ,7,17,24,9,20,29
02174900,COLLINS COLLEGE                         ,AZ,85040-4000,Proprietary  ,275,279,554,2116,1318,3434
02177500,RIO SALADO COMMUNITY COLLEGE            ,AZ,85281-0000,Public       ,198,1601,1799,478,4004,4482
02181300,LONG TECHNICAL COLLEGE                  ,AZ,85008-6915,Proprietary  ,13,75,88,21,142,163
02192300,MARICOPA BEAUTY COLLEGE                 ,AZ,85323-0000,Proprietary  ,14,11,25,40,39,79
02199900,AMERICAN INDIAN CLG-ASSEMBLIES GOD      ,AZ,85021-0000,Private      ,11,8,19,39,40,79
02217100,PIMA MEDICAL INSTITUTE                  ,AZ,85716-0000,Proprietary  ,455,1281,1736,966,3180,4146
02218800,BROOKLINE COLLEGE                       ,AZ,85019-1600,Proprietary  ,58,496,554,147,1235,1382
02220300,ARTISTIC BEAUTY COLLEGES-GLENDALE       ,AZ,85051-0000,Proprietary  ,30,52,82,48,93,141
02263100,ANTHEM COLLEGE                          ,AZ,85014-0000,Proprietary  ,681,2456,3137,2674,7203,9877
02280500,CHARLES OF ITALY BEAUTY COLLEGE         ,AZ,86403-0000,Proprietary  ,8,29,37,16,47,63
02295000,EVEREST COLLEGE                         ,AZ,85021-1610,Proprietary  ,119,650,769,274,1626,1900
02317800,AMERICAN INSTITUTE OF TECHNOLOGY        ,AZ,85043-0000,Proprietary  ,11,266,277,22,501,523
02342401,ACADEMY OF RADIO BROADCASTING           ,AZ,85008-0000,Proprietary  ,0,7,7,5,23,28
02361100,ITT TECHNICAL INSTITUTE                 ,AZ,85704-0000,Proprietary  ,201,294,495,395,681,1076
02491500,THE ART CENTER DESIGN COLLEGE           ,AZ,85716-0000,Proprietary  ,89,211,300,188,389,577
02521500,LAMSON COLLEGE                          ,AZ,85284-1141,Proprietary  ,54,246,300,76,367,443
02559000,UNIVERSITY OF ADVANCING TECHNOLOGY      ,AZ,85283-0000,Proprietary  ,152,173,325,916,557,1473
02561900,TONI AND GUY HAIRDRESSING ACADEMY       ,AZ,85251-3301,Proprietary  ,64,47,111,117,101,218
02582700,CORTIVA INSTITUTE - TUCSON              ,AZ,85710-3503,Proprietary  ,10,31,41,35,85,120
02602500,NORTHERN ARIZONA INSTITUTE OF TECHNOLOGY,AZ,86001-0000,Proprietary  ,0,0,0,1,0,1
02616700,SCOTTSDALE CULINARY INSTITUTE           ,AZ,85251-2729,Proprietary  ,260,481,741,1083,1600,2683
02623600,PARADISE VALLEY COMMUNITY COLLEGE       ,AZ,85032-1210,Public       ,424,649,1073,1207,1883,3090
02623800,CORTIVA INSTITUTE - SCOTTSDALE          ,AZ,85257-4218,Proprietary  ,12,40,52,28,108,136
03004700,MUNDUS INSTITUTE                        ,AZ,85015-3665,Proprietary  ,6,13,19,12,31,43
03005000,SAFFORD COLLEGE OF BEAUTY CULTURE       ,AZ,85546-3309,Proprietary  ,4,16,20,6,16,22
03010613,VIRGINIA COLLEGE - GOLF ACADEMY OF ARIZO,AZ,85225-6742,Proprietary  ,35,33,68,99,114,213
03030604,UTAH COLLEGE OF MASSAGE THERAPY - ARIZON,AZ,85282-0000,Proprietary  ,58,96,154,141,256,397
03030605,UTAH COLLEGE OF MASSAGE THERAPY - ARIZON,AZ,85051-3470,Proprietary  ,46,104,150,109,237,346
03034400,CONSERVATORY RECORDING ARTS & SCIS      ,AZ,85282-1707,Proprietary  ,87,118,205,364,447,811
03072200,CHANDLER-GILBERT COMMUNITY COLLEGE      ,AZ,85225-2499,Public       ,426,502,928,1516,1824,3340
03076400,BRYMAN SCHOOL OF ARIZONA                ,AZ,85029-4919,Proprietary  ,665,1204,1869,2221,3502,5723
03081200,METROPOLITAN COLLEGE                    ,AZ,85040-0000,Private      ,0,0,0,2,7,9
03097800,CARSTEN INSTITUTE OF HAIR & BEAUTY      ,AZ,85282-5404,Proprietary  ,36,37,73,91,96,187
03100400,COCONINO COUNTY COMMUNITY COLLEGE       ,AZ,86001-2701,Public       ,209,371,580,719,1038,1757
03107000,SOUTHWEST CLG OF NATUROPATHIC MED       ,AZ,85282-0000,Private      ,0,49,49,3,360,363
03115000,ARIZONA COLLEGE OF ALLIED HEALTH        ,AZ,85302-3843,Proprietary  ,7,104,111,32,270,302
03120300,COLLEGE AMERICA                         ,AZ,86004-3936,Proprietary  ,69,118,187,143,293,436
03156300,ESTRELLA MOUNTAIN COMMUNITY COLLEGE     ,AZ,85392-1010,Public       ,344,499,843,994,1493,2487
03156301,ESTRELLA MOUNTAIN COMMUNITY COLLEGE - SO,AZ,85392-1010,Public       ,49,85,134,133,347,480
03347300,INTERNATIONAL BAPTIST COLLEGE           ,AZ,85282-6799,Private      ,15,8,23,29,13,42
03445300,HDS TRUCK DRIVING INSTITUTE             ,AZ,85731-0000,Proprietary  ,1,41,42,2,52,54
03572300,EAST VALLEY INSTITUTE OF TECHNOLOGY     ,AZ,85201-6910,Public       ,18,28,46,42,70,112
03593300,SOUTHWEST INSTITUTE OF HEALING ARTS     ,AZ,85281-3658,Proprietary  ,16,113,129,52,313,365
03617500,PHOENIX INSTITUTE OF HERBAL MEDICINE & A,AZ,85012-0000,Proprietary  ,0,14,14,5,58,63
03695500,ARIZONA SCHOOL OF ACUPUNCTURE AND ORIENT,AZ,85712-1100,Proprietary  ,3,12,15,6,38,44
03740500,ART INSTITUTE OF TUCSON (THE)           ,AZ,85712-2732,Proprietary  ,16,35,51,72,84,156
03784400,TOHONO O'ODHAM COMMUNITY COLLEGE        ,AZ,85634-3129,Public       ,6,41,47,13,69,82
03814300,TURNING POINT BEAUTY COLLEGE            ,AZ,85222-4229,Proprietary  ,0,9,9,0,16,16
04051300,ART INSTITUTE OF PHOENIX (THE)          ,AZ,85021-2859,Proprietary  ,180,153,333,371,287,658
04059300,TUCSON COLLEGE OF BEAUTY                ,AZ,85705-2451,Proprietary  ,12,11,23,14,17,31
00142800,DELAWARE STATE UNIVERSITY               ,DE,19901-2277,Public       ,472,318,790,4819,1379,6198
00142900,GOLDEY BEACOM COLLEGE                   ,DE,19808-1993,Private      ,113,129,242,501,324,825
00143100,UNIVERSITY OF DELAWARE                  ,DE,19716-0099,Public       ,986,356,1342,17065,2000,19065
00143300,WESLEY COLLEGE                          ,DE,19901-3875,Private      ,191,67,258,2161,298,2459
00143301,WESLEY COLLEGE-CTR FOR ADULT STUDIE     ,DE,19720-0000,Private      ,10,130,140,30,308,338
00331301,WIDENER UNIV SCHOOL OF LAW - DE         ,DE,19803-0000,Private      ,0,134,134,22,1630,1652
00705300,DELAWARE TECH & CMTY COLLEGE-OWENS      ,DE,19947-0000,Public       ,265,491,756,1094,1458,2552
00794800,WILMINGTON UNIVERSITY                   ,DE,19720-6491,Private      ,322,1235,1557,1218,3585,4803
01172700,DELAWARE TECH & CMTY CLG-TERRY          ,DE,19901-8736,Public       ,232,403,635,907,1246,2153
01195002,DELAWARE COLLEGE OF ART & DESIGN        ,DE,19801-0000,Private      ,28,13,41,259,55,314
02125200,BEEBE SCHOOL OF NURSING                 ,DE,19958-1462,Private      ,3,4,7,27,44,71
02144900,DELAWARE TECH & CMTY CLG-STANTN/WLM     ,DE,19801-0000,Public       ,360,559,919,1692,2373,4065
02190400,SCHILLING DOUGLAS SCH OF HAIR DSGN      ,DE,19711-0000,Proprietary  ,30,39,69,67,94,161
02586902,STAR TECHNICAL INSTITUTE -              ,DE,19901-4615,Proprietary  ,12,82,94,28,200,228
03021000,HARRISON CAREER INSTITUTE               ,DE,19804-3259,Proprietary  ,3,35,38,6,50,56
03025800,DAWN TRAINING CENTRE                    ,DE,19805-1511,Proprietary  ,27,101,128,46,233,279
03543300,HARRIS SCHOOL OF BUSINESS               ,DE,19803-5341,Proprietary  ,9,41,50,17,62,79
03702300,DELAWARE LEARNING INSTITUTE OF COSMETOLO,DE,19939-9759,Proprietary  ,14,21,35,14,22,36
00143400,AMERICAN UNIVERSITY                     ,DC,20016-8020,Private      ,126,510,636,9937,8383,18320
00143700,CATHOLIC UNIVERSITY OF AMERICA          ,DC,20064-0002,Private      ,169,323,492,3411,1971,5382
00143711,"CATHOLIC UNIV AMERICA, LAW SCHOOL       ",DC,20064-0000,Private      ,2,117,119,30,1581,1611
00144100,UNIV OF THE DISTRICT OF COLUMBIA        ,DC,20008-0000,Public       ,378,818,1196,1638,3091,4729
00144102,UNIVERSITY OF THE DISTRICT OF COLUMBIA -,DC,20008-1173,Public       ,14,35,49,41,593,634
00144300,GALLAUDET UNIVERSITY                    ,DC,20002-3695,Private      ,129,156,285,814,780,1594
00144400,GEORGE WASHINGTON UNIVERSITY            ,DC,20052-2353,Private      ,321,1016,1337,10680,7154,17834
00144402,GEORGE WASHINGTON UNIV LAW SCHL         ,DC,20052-0000,Private      ,0,142,142,21,3764,3785
00144403,GEORGE WASHINGTON UNIV SCH MED          ,DC,20052-0000,Private      ,3,46,49,27,1114,1141
00144500,GEORGETOWN UNIVERSITY                   ,DC,20057-1252,Private      ,195,535,730,9612,4261,13873
00144501,"GEORGETOWN UNIV, SCH OF MEDICINE        ",DC,20007-0000,Private      ,3,34,37,27,1129,1156
00144503,GEORGETOWN UNIV LAW CENTER              ,DC,20001-0000,Private      ,3,215,218,21,4744,4765
00144800,HOWARD UNIVERSITY                       ,DC,20059-0001,Private      ,855,1034,1889,11132,7447,18579
00145600,SOUTHEASTERN UNIVERSITY                 ,DC,20024-2788,Private      ,51,220,271,161,793,954
00145900,STRAYER UNIVERSITY                      ,DC,20005-2603,Proprietary  ,416,8914,9330,801,20849,21650
00146000,TRINITY UNIVERSITY                      ,DC,20017-1004,Private      ,80,305,385,736,1286,2022
00146400,WESLEY THEOLOGICAL SEMINARY             ,DC,20016-0000,Private      ,0,53,53,0,253,253
00207701,JOHNS HOPKINS UNIV SCH ADV INTL STU     ,DC,20036-0000,Private      ,1,57,58,25,1136,1161
01006500,WASHINGTON THEOLOGICAL UNION            ,DC,20012-0000,Private      ,0,9,9,0,32,32
01195000,THE CORCORAN COLLEGE OF ART & DESIG     ,DC,20006-4804,Private      ,40,65,105,444,274,718
01266500,HARRISON CTR FOR CAREER EDUCATION       ,DC,20001-5303,Private      ,0,18,18,3,107,110
01280300,DOMINICAN HOUSE OF STUDIES              ,DC,20017-1584,Private      ,0,4,4,0,5,5
02132800,NAT'L CONSERVATORY DRAMATIC ARTS        ,DC,20007-2758,Private      ,0,6,6,4,13,17
02279200,DUDLEY BEAUTY COLG-WASHINGTON           ,DC,20018-0000,Proprietary  ,23,49,72,51,110,161
02588900,SANZ SCHOOL                             ,DC,20006-0000,Proprietary  ,94,334,428,194,773,967
03104300,CAREER BLAZERS LEARNING CENTER OF WASHIN,DC,20037-1881,Proprietary  ,22,133,155,44,317,361
03218300,POTOMAC COLLEGE                         ,DC,20016-1860,Proprietary  ,8,122,130,21,330,351
03409600,BENNETT CAREER INSTITUTE                ,DC,20017-1754,Proprietary  ,29,61,90,63,149,212
03750300,TECHNICAL LEARNING CENTERS              ,DC,20005-3415,Proprietary  ,1,67,68,12,144,156
00154100,ABRAHAM BALDWIN AGRICULTURAL CLG        ,GA,31794-0000,Public       ,625,392,1017,2504,1295,3799
00154200,AGNES SCOTT COLLEGE                     ,GA,30030-3797,Private      ,58,48,106,1093,269,1362
00154300,DARTON COLLEGE                          ,GA,31707-3098,Public       ,550,1077,1627,1883,3260,5143
00154400,ALBANY STATE UNIVERSITY                 ,GA,31705-2796,Public       ,661,756,1417,5401,2933,8334
00154500,ANDREW COLLEGE                          ,GA,39840-1313,Private      ,71,14,85,396,40,436
00154600,ARMSTRONG ATLANTIC STATE UNIVERSITY     ,GA,31419-1997,Public       ,514,955,1469,3381,4233,7614
00154700,ATLANTA CHRISTIAN COLLEGE               ,GA,30344-1999,Private      ,82,39,121,400,144,544
00154900,ATLANTA COLLEGE OF ART                  ,GA,30309-3549,Private      ,0,0,0,141,71,212
00155200,AUGUSTA STATE UNIVERSITY                ,GA,30904-2200,Public       ,491,706,1197,3883,3902,7785
00155400,BERRY COLLEGE                           ,GA,30149-5007,Private      ,84,39,123,1890,170,2060
00155500,THOMAS UNIVERSITY                       ,GA,31792-7499,Private      ,76,225,301,246,676,922
00155600,BRENAU UNIVERSITY                       ,GA,30501-3668,Private      ,106,491,597,990,1991,2981
00155700,BREWTON PARKER COLLEGE                  ,GA,30445-0000,Private      ,111,221,332,706,761,1467
00155800,COASTAL GEORGIA COMMUNITY COLLEGE       ,GA,31520-3644,Public       ,314,559,873,1112,2005,3117
00155900,CLARK ATLANTA UNIVERSITY                ,GA,30314-4385,Private      ,948,682,1630,11139,3757,14896
00156000,COLUMBIA THEOLOGICAL SEMINARY           ,GA,30031-0000,Private      ,0,18,18,2,180,182
00156100,COLUMBUS STATE UNIVERSITY               ,GA,31907-5645,Public       ,693,736,1429,4718,3572,8290
00156200,GEORGIA PERIMETER COLLEGE               ,GA,30021-0000,Public       ,2065,2581,4646,8260,10621,18881
00156300,EMMANUEL COLLEGE                        ,GA,30639-0000,Private      ,98,61,159,610,184,794
00156400,EMORY UNIVERSITY                        ,GA,30322-1960,Private      ,238,681,919,7847,6786,14633
00156600,FORT VALLEY STATE UNIVERSITY            ,GA,31030-3298,Public       ,417,306,723,3005,1214,4219
00156700,GAINESVILLE STATE COLLEGE               ,GA,30503-0000,Public       ,639,374,1013,3100,1482,4582
00156800,INTERDENOMINATIONAL THEOLOGY CENTER     ,GA,30314-0000,Private      ,1,157,158,4,494,498
00156900,GEORGIA INSTITUTE OF TECHNOLOGY         ,GA,30332-0002,Public       ,754,503,1257,11352,2849,14201
00157000,SOUTHERN POLYTECHNIC STATE UNIV         ,GA,30060-2896,Public       ,360,435,795,1940,1463,3403
00157100,GEORGIA MILITARY COLLEGE                ,GA,31061-3398,Public       ,778,897,1675,2058,2735,4793
00157200,GEORGIA SOUTHERN UNIVERSITY             ,GA,30460-8065,Public       ,1406,864,2270,13555,4182,17737
00157300,GEORGIA SOUTHWESTERN STATE UNIV         ,GA,31709-4693,Public       ,265,323,588,1591,1327,2918
00157400,GEORGIA STATE UNIVERSITY                ,GA,30303-3010,Public       ,2081,2792,4873,16924,16877,33801
00157500,GORDON COLLEGE                          ,GA,30204-1762,Public       ,529,308,837,2785,1425,4210
00157700,KENNESAW STATE UNIVERSITY               ,GA,30144-5591,Public       ,1514,1782,3296,9317,7930,17247
00157800,LAGRANGE COLLEGE                        ,GA,30240-2999,Private      ,147,134,281,1191,481,1672
00157900,MEDICAL COLLEGE OF GEORGIA              ,GA,30912-0004,Public       ,57,308,365,496,2085,2581
00158000,MERCER UNIVERSITY                       ,GA,31207-0003,Private      ,304,1189,1493,3343,5672,9015
00158100,MIDDLE GEORGIA COLLEGE                  ,GA,31014-1599,Public       ,406,294,700,2507,1263,3770
00158200,MOREHOUSE COLLEGE                       ,GA,30314-3773,Private      ,587,171,758,3868,686,4554
00158500,NORTH GEORGIA COLLEGE & STATE UNIV      ,GA,30597-0001,Public       ,336,287,623,2660,1372,4032
00158600,OGLETHORPE UNIVERSITY                   ,GA,30319-2737,Private      ,132,94,226,1028,359,1387
00158700,PAINE COLLEGE                           ,GA,30901-3182,Private      ,168,96,264,1389,411,1800
00158800,PIEDMONT COLLEGE                        ,GA,30535-5644,Private      ,97,371,468,661,1368,2029
00158900,REINHARDT COLLEGE                       ,GA,30183-2981,Private      ,128,61,189,830,257,1087
00159000,SAVANNAH STATE UNIVERSITY               ,GA,31404-5298,Public       ,730,462,1192,4645,1867,6512
00159100,SHORTER COLLEGE                         ,GA,30165-4298,Private      ,147,628,775,1304,1892,3196
00159200,SOUTH GEORGIA COLLEGE                   ,GA,31533-8104,Public       ,221,163,384,977,662,1639
00159400,SPELMAN COLLEGE                         ,GA,30314-4399,Private      ,311,111,422,4732,785,5517
00159600,TOCCOA FALLS COLLEGE                    ,GA,30598-0001,Private      ,89,40,129,999,199,1198
00159700,TRUETT MCCONNELL COLLEGE                ,GA,30528-1264,Private      ,105,20,125,449,49,498
00159800,UNIVERSITY OF GEORGIA                   ,GA,30602-6114,Public       ,1876,1539,3415,16841,8648,25489
00159900,VALDOSTA STATE UNIVERSITY               ,GA,31698-0001,Public       ,1116,876,1992,8349,3677,12026
00160000,WESLEYAN COLLEGE                        ,GA,31210-4407,Private      ,60,115,175,388,408,796
00160100,UNIV OF WEST GEORGIA                    ,GA,30118-0002,Public       ,1027,745,1772,7322,3392,10714
00160200,GEORGIA COLLEGE & STATE UNIVERSITY      ,GA,31061-0490,Public       ,540,372,912,4250,1513,5763
00160400,YOUNG HARRIS COLLEGE                    ,GA,30582-4137,Private      ,67,7,74,691,27,718
00348400,COVENANT COLLEGE                        ,GA,30750-4164,Private      ,57,118,175,1094,359,1453
00395600,DALTON STATE COLLEGE                    ,GA,30720-3797,Public       ,458,608,1066,1630,1836,3466
00402400,GEORGIA NORTHWESTERN TECHNICAL COLLEGE  ,GA,30161-6757,Public       ,261,696,957,524,1552,2076
00402403,NORTHWESTERN TECHNICAL COLLEGE          ,GA,30739-0569,Public       ,159,438,597,388,1309,1697
00411700,GRADY HEALTH SYSTEM                     ,GA,30303-3050,Public       ,12,48,60,67,187,254
00525400,LANIER TECHNICAL COLLEGE                ,GA,30566-3499,Public       ,166,425,591,481,1554,2035
00525500,MOULTRIE TECHNICAL COLLEGE              ,GA,31768-0000,Public       ,182,588,770,388,1519,1907
00525600,VALDOSTA TECHNICAL COLLEGE              ,GA,31603-0000,Public       ,273,633,906,784,2007,2791
00551100,OKEFENOKEE TECHNICAL COLLEGE            ,GA,31501-4016,Public       ,113,366,479,285,1004,1289
00559900,AUGUSTA TECHNICAL COLLEGE               ,GA,30906-3399,Public       ,552,1443,1995,1423,4076,5499
00560000,ATHENS TECHNICAL COLLEGE                ,GA,30601-1579,Public       ,334,736,1070,1039,2240,3279
00560100,ALBANY TECHNICAL COLLEGE                ,GA,31701-2648,Public       ,304,936,1240,798,2769,3567
00561300,FLINT RIVER TECHNICAL INSTITUTE         ,GA,30286-0014,Public       ,32,208,240,104,654,758
00561500,SOUTHWEST GEORGIA TECHNICAL COLLEGE     ,GA,31792-2622,Public       ,189,463,652,485,1399,1884
00561700,SOUTH GEORGIA TECHNICAL COLLEGE         ,GA,31709-8167,Public       ,170,363,533,534,1034,1568
00561800,SAVANNAH TECHNICAL COLLEGE              ,GA,31405-5594,Public       ,591,1657,2248,1363,4449,5812
00561900,NORTH GEORGIA TECHNICAL COLLEGE         ,GA,30523-0000,Public       ,239,475,714,613,1274,1887
00562000,CHATTAHOOCHEE TECHNICAL COLLEGE         ,GA,30060-3398,Public       ,522,837,1359,1581,3370,4951
00562004,NORTH METRO TECHNICAL COLLEGE           ,GA,30102-3129,Public       ,100,202,302,277,786,1063
00562005,APPALACHIAN TECHNICAL COLLEGE           ,GA,30143-0000,Public       ,66,194,260,213,530,743
00562100,GRIFFIN TECHNICAL COLLEGE               ,GA,30223-2097,Public       ,210,599,809,656,1959,2615
00562200,DEKALB TECHNICAL COLLEGE                ,GA,30021-0000,Public       ,347,1066,1413,978,3704,4682
00562400,COLUMBUS TECHNICAL COLLEGE              ,GA,31904-6572,Public       ,288,935,1223,801,2647,3448
00576300,CENTRAL GEORGIA TECHNICAL COLLEGE       ,GA,31206-3628,Public       ,405,1470,1875,1217,5142,6359
00772800,MACON STATE COLLEGE                     ,GA,31206-5145,Public       ,641,1240,1881,2437,4212,6649
00854300,ATLANTA TECHNICAL COLLEGE               ,GA,30310-4499,Public       ,418,1222,1640,1081,3463,4544
00897600,CLAYTON STATE UNIVERSITY                ,GA,30260-0285,Public       ,713,1228,1941,3970,5459,9429
00918300,EAST CENTRAL TECHNICAL COLLEGE          ,GA,31750-0000,Public       ,77,226,303,190,703,893
00927000,ART INSTITUTE OF ATLANTA                ,GA,30328-1649,Proprietary  ,788,604,1392,3408,2349,5757
00950700,GEORGIA HIGHLANDS COLLEGE               ,GA,30162-0000,Public       ,541,442,983,1900,1788,3688
01031903,MEDIX SCHOOL                            ,GA,30080-7630,Proprietary  ,47,233,280,123,446,569
01048700,WEST GEORGIA TECHNICAL COLLEGE          ,GA,30182-6476,Public       ,307,619,926,926,2421,3347
01048704,WEST GEORGIA TECHNICAL COLLEGE          ,GA,30240-5957,Public       ,77,346,423,297,1159,1456
01077100,GUPTON JONES COLLEGE                    ,GA,30035-4022,Private      ,35,65,100,102,208,310
01099700,EAST GEORGIA COLLEGE                    ,GA,30401-2699,Public       ,370,237,607,1288,651,1939
01107400,BAINBRIDGE COLLEGE                      ,GA,39819-8400,Public       ,294,748,1042,783,2081,2864
01110901,EVEREST COLLEGE - EVEREST INSTITUTE     ,GA,30067-8340,Proprietary  ,5,9,14,14,41,55
01157400,BAUDER COLLEGE                          ,GA,30313-2439,Proprietary  ,193,242,435,564,732,1296
01205100,PRO WAY HAIR SCHOOL                     ,GA,30083-2884,Proprietary  ,25,77,102,47,158,205
01216500,ATLANTA METROPOLITAN COLLEGE            ,GA,30310-4498,Public       ,390,546,936,1519,2157,3676
01303900,SOUTH UNIVERSITY                        ,GA,31406-4881,Proprietary  ,148,1236,1384,415,3314,3729
02055000,WAYCROSS COLLEGE                        ,GA,31503-0000,Public       ,110,183,293,440,591,1031
02060900,BROWN CLG OF COURT REPORTING & M.T.     ,GA,30318-2570,Proprietary  ,4,49,53,19,271,290
02074800,LIFE UNIVERSITY                         ,GA,30060-0000,Private      ,37,228,265,210,1512,1722
02089700,HERZING COLLEGE                         ,GA,30326-1332,Proprietary  ,56,277,333,125,589,714
02110501,ART INSTITUTE OF CHARLOTTE (THE) - BROWN,GA,30319-3054,Proprietary  ,0,6,6,5,11,16
02113604,AMERICAN INTERCONTINENTAL UNIV - DUNWOOD,GA,30328-1649,Proprietary  ,219,695,914,908,2701,3609
02116000,SANFORD-BROWN COLLEGE                   ,GA,30328-4803,Proprietary  ,175,814,989,465,2682,3147
02141500,SAVANNAH COLLEGE OF ART & DESIGN        ,GA,31402-3146,Private      ,948,453,1401,6438,2382,8820
02202800,AUGUSTA AREA DIET INTERN UNIV HOSP      ,GA,30901-0000,Private      ,1,8,9,3,22,25
02205300,SAVANNAH RIVER COLLEGE                  ,GA,30909-0000,Proprietary  ,25,139,164,52,301,353
02217200,PORTFOLIO CENTER                        ,GA,30309-0000,Proprietary  ,8,39,47,24,116,140
02266200,AMERICAN PROFESSIONAL INSTITUTE         ,GA,31201-0000,Proprietary  ,23,213,236,81,520,601
02279500,HEART OF GEORGIA TECHNICAL COLLEGE      ,GA,31021-0000,Public       ,119,285,404,307,925,1232
02284300,INTERACTIVE COLLEGE OF TECHNOLOGY       ,GA,30341-0000,Proprietary  ,68,367,435,144,886,1030
02284308,INTERACTIVE LEARNING SYSTEMS            ,GA,30260-0000,Proprietary  ,16,67,83,31,150,181
02284309,INTERACTIVE COLLEGE OF TECHNOLOGY       ,GA,30501-0000,Proprietary  ,6,71,77,19,117,136
02285500,"CREATIVE CIRCUS, THE                    ",GA,30324-0000,Proprietary  ,11,41,52,37,213,250
02288400,GWINNETT TECHNICAL INSTITUTE            ,GA,30043-5702,Public       ,390,879,1269,1294,3353,4647
02313902,WESTWOOD COLLEGE - O'HARE AIRPORT - ATLA,GA,30345-2807,Proprietary  ,51,81,132,134,197,331
02318600,GEORGIA MEDICAL INSTITUTE               ,GA,30303-0000,Proprietary  ,221,820,1041,444,1769,2213
02321400,ROFFLER-MOLER HAIRSTYLING COLLEGE       ,GA,30062-0000,Proprietary  ,15,34,49,29,80,109
02354500,SOUTHEASTERN BEAUTY SCHOOLS             ,GA,31906-0000,Proprietary  ,5,60,65,15,128,143
02482100,MOREHOUSE SCHOOL OF MEDICINE            ,GA,30310-0000,Private      ,18,24,42,94,491,585
02502700,ADVANCED CAREER TRAINING                ,GA,30329-0000,Proprietary  ,36,132,168,72,303,375
02502701,ADVANCED CAREER TRAINING-RIVERDALE      ,GA,30274-0000,Proprietary  ,31,136,167,65,346,411
02508600,MIDDLE GEORGIA TECHNICAL COLLEGE        ,GA,31088-0000,Public       ,228,556,784,563,1337,1900
02520000,INTERNATIONAL SCH SKIN & NAILCARE       ,GA,30342-1119,Proprietary  ,9,67,76,24,170,194
02577000,ARNOLD / PADRICKS  UNIV OF COSM         ,GA,30297-0000,Proprietary  ,8,21,29,14,35,49
02577700,BEAUTY COLLEGE OF AMERICA               ,GA,30297-0000,Proprietary  ,12,25,37,26,55,81
02578300,INTERNATIONAL CITY BEAUTY COLLEGE       ,GA,31093-3631,Proprietary  ,4,14,18,7,22,29
02580200,ATLANTA SCHOOL OF MASSAGE               ,GA,30338-0000,Proprietary  ,20,66,86,55,129,184
02583000,GWINNETT COLLEGE OF BUSINESS            ,GA,30047-3447,Proprietary  ,26,121,147,77,430,507
02607600,CAPELLI LEARNING CTR FOR COSM           ,GA,30324-0000,Proprietary  ,14,38,52,42,117,159
03005400,ARTISTIC BEAUTY COLLEGE                 ,GA,30013-2076,Proprietary  ,79,155,234,175,436,611
03022601,WESTERN CULINARY INSTITUTE - LE CORDON B,GA,30084-5893,Proprietary  ,17,20,37,87,89,176
03030000,OGEECHEE TECHNICAL COLLEGE              ,GA,30458-8049,Public       ,253,452,705,656,1312,1968
03032100,ALTAMAHA TECHNICAL COLLEGE              ,GA,31545-4465,Public       ,115,322,437,228,741,969
03042700,LAURUSTECHNICAL INSTITUTE               ,GA,30030-1506,Proprietary  ,12,147,159,36,299,335
03066500,SOUTHEASTERN TECHNICAL COLLEGE          ,GA,30474-8817,Public       ,92,282,374,234,835,1069
03066502,SWAINSBORO TECHNICAL COLLEGE            ,GA,30401-5700,Public       ,65,216,281,163,489,652
03072304,EVEREST COLLEGE - EVEREST INSTITUTE     ,GA,30236-0000,Proprietary  ,14,55,69,50,156,206
03076300,BEULAH HEIGHTS BIBLE COLLEGE            ,GA,30316-1873,Private      ,12,208,220,28,494,522
03079202,WESTWOOD COLLEGE - ATLANTA MIDTOWN      ,GA,30309-2848,Proprietary  ,104,151,255,332,408,740
03081500,SOUTHEASTERN BEAUTY SCHOOL              ,GA,31917-0000,Proprietary  ,6,58,64,18,128,146
03089100,GEORGIA INSTITUTE OF COSMETOLOGY        ,GA,30606-3152,Proprietary  ,44,125,169,60,197,257
03090600,COBB BEAUTY COLLEGE                     ,GA,30144-2828,Proprietary  ,8,22,30,16,44,60
03100900,LUTHER RICE UNIVERSITY                  ,GA,30038-2454,Private      ,5,175,180,21,431,452
03102000,RIVERTOWN SCHOOL OF BEAUTY              ,GA,31904-4747,Proprietary  ,11,56,67,23,103,126
03104500,ATLANTA INSTITUTE OF MUSIC              ,GA,30096-4988,Proprietary  ,30,37,67,71,81,152
03116100,VOGUE BEAUTY SCHOOL                     ,GA,30141-2226,Proprietary  ,9,28,37,21,71,92
03155500,SANDERSVILLE REGIONAL TECH INST         ,GA,31082-6179,Public       ,53,164,217,131,423,554
03173300,ATLANTA'S JOHN MARSHALL LAW SCHOOL      ,GA,30309-0000,Proprietary  ,2,165,167,12,648,660
03232303,COMPUTER-ED INSTITUTE-                  ,GA,30071-0000,Proprietary  ,43,224,267,82,439,521
03232304,LINCOLN COLLEGE OF TECHNOLOGY           ,GA,30067-8638,Proprietary  ,43,151,194,121,438,559
03251300,BEACON UNIVERSITY                       ,GA,31909-4663,Private      ,11,87,98,32,255,287
03355402,PSYCHOLOGICAL STUDIES INSTITUTE -       ,GA,30327-2921,Private      ,1,35,36,1,35,36
03391300,ROSS MEDICAL EDUCATION CENTER           ,GA,30033-3105,Proprietary  ,7,45,52,12,110,122
03418300,GWINNETT COLLEGE-SANDY SPRINGS          ,GA,30328-3161,Proprietary  ,5,53,58,12,120,132
03445500,FAYETTE BEAUTY ACADEMY                  ,GA,30214-1191,Proprietary  ,6,14,20,14,31,45
03522300,POWDER SPRINGS BEAUTY COLLEGE           ,GA,30127-2926,Proprietary  ,2,32,34,4,41,45
03523300,AVIATION INSTITUTE OF MAINTENANCE       ,GA,30045-6716,Proprietary  ,30,100,130,80,240,320
03576300,GEORGIA AVIATION AND TECHNICAL COLL     ,GA,31023-0000,Public       ,36,33,69,85,98,183
03753400,MICHAEL'S SCHOOL OF BEAUTY              ,GA,31211-1493,Proprietary  ,13,69,82,17,95,112
03762300,INSTITUTE FOR MEDICAL SERVICES CERTIFICA,GA,30340-2702,Private      ,0,0,0,9,17,26
03804400,JAVELIN TECHNICAL TRAINING CENTER       ,GA,30339-6040,Proprietary  ,62,478,540,79,597,676
03812300,OMNITECH INSTITUTE                      ,GA,30035-1206,Proprietary  ,24,104,128,59,245,304
04021300,AUGUSTA SCHOOL OF MASSAGE               ,GA,30809-0000,Proprietary  ,7,22,29,9,23,32
        ,CHICAGO THEOLOGICAL SEMINARY            ,IL,60637-0000,Private      ,1,27,28,3,154,157
00162800,AMERICAN ACADEMY OF ART                 ,IL,60604-4302,Proprietary  ,126,25,151,471,117,588
00163300,AUGUSTANA COLLEGE                       ,IL,61201-2296,Private      ,108,27,135,3243,148,3391
00163400,AURORA UNIVERSITY                       ,IL,60506-4892,Private      ,190,423,613,1924,1716,3640
00163500,BARAT COLLEGE                           ,IL,60045-3297,Private      ,2,2,4,2,10,12
00163600,SOUTHWESTERN ILLINOIS COLLEGE           ,IL,62221-5899,Public       ,897,1538,2435,2706,4559,7265
00163800,BLACK HAWK COLLEGE                      ,IL,61265-5899,Public       ,470,748,1218,1785,2426,4211
00163900,BLACKBURN COLLEGE                       ,IL,62626-1498,Private      ,67,31,98,896,128,1024
00164000,PRAIRIE STATE COLLEGE                   ,IL,60411-8226,Public       ,530,862,1392,1449,2743,4192
00164100,BRADLEY UNIVERSITY                      ,IL,61625-0002,Private      ,236,136,372,5762,980,6742
00164300,SPOON RIVER COLLEGE                     ,IL,61520-8907,Public       ,169,180,349,607,595,1202
00164700,CITY COLLEGES OF CHICAGO                ,IL,60606-6998,Public       ,66,118,184,250,491,741
00164800,TRUMAN COLLEGE                          ,IL,60640-5691,Public       ,482,953,1435,1423,2907,4330
00164900,RICHARD J DALEY COLLEGE                 ,IL,60652-1299,Public       ,806,1170,1976,1873,3020,4893
00165000,CITY COLLEGES OF CHICAGO-MALCOLM X      ,IL,60612-3197,Public       ,622,1538,2160,1526,4017,5543
00165200,HAROLD WASHINGTON COLLEGE               ,IL,60601-2403,Public       ,1255,1592,2847,2956,4274,7230
00165400,KENNEDY KING COLLEGE                    ,IL,60621-3798,Public       ,516,1697,2213,1256,4316,5572
00165500,WRIGHT COLLEGE                          ,IL,60634-1591,Public       ,821,934,1755,2570,2761,5331
00165700,MIDWESTERN UNIVERSITY                   ,IL,60515-1200,Private      ,12,120,132,164,2386,2550
00165900,ROSALIND FRANKLIN UNIVERSITY OF MEDICINE,IL,60064-3095,Private      ,2,92,94,8,1846,1854
00166300,SPERTUS COLLEGE                         ,IL,60605-1995,Private      ,0,8,8,1,34,35
00166400,UNIVERSITY OF ST FRANCIS                ,IL,60435-6188,Private      ,96,323,419,1183,1359,2542
00166495,ST JOSEPH COLLEGE OF NURSING            ,IL,60435-0000,Private      ,0,0,0,10,24,34
00166500,COLUMBIA COLLEGE                        ,IL,60605-1996,Private      ,1409,843,2252,8825,4125,12950
00166600,CONCORDIA UNIVERSITY                    ,IL,60305-1499,Private      ,70,420,490,1244,2004,3248
00166900,DANVILLE AREA COMMUNITY COLLEGE         ,IL,61832-5199,Public       ,190,457,647,720,1123,1843
00167100,DEPAUL UNIVERSITY                       ,IL,60604-2287,Private      ,881,1879,2760,12878,10947,23825
00167400,EASTERN ILLINOIS UNIVERSITY             ,IL,61920-3099,Public       ,1080,583,1663,8527,2570,11097
00167500,ELGIN COMMUNITY COLLEGE                 ,IL,60123-7193,Public       ,535,593,1128,1672,2049,3721
00167600,ELMHURST COLLEGE                        ,IL,60126-3296,Private      ,273,218,491,2598,991,3589
00167800,EUREKA COLLEGE                          ,IL,61530-9976,Private      ,50,34,84,704,142,846
00168100,HIGHLAND COMMUNITY COLLEGE              ,IL,61032-9341,Public       ,181,250,431,636,734,1370
00168200,GARRETT-EVANGELICAL THEOLOGICAL SEM     ,IL,60201-0000,Private      ,0,42,42,2,176,178
00168400,GREENVILLE COLLEGE                      ,IL,62246-1199,Private      ,116,189,305,1362,555,1917
00168500,HEBREW THEOLOGICAL COLLEGE              ,IL,60077-3263,Private      ,54,11,65,265,13,278
00168800,ILLINOIS COLLEGE                        ,IL,62650-2299,Private      ,67,15,82,1430,100,1530
00168900,ILLINOIS COLLEGE OF OPTOMETRY           ,IL,60616-3878,Private      ,3,27,30,15,651,666
00169100,ILLINOIS INSTITUTE OF TECHNOLOGY        ,IL,60616-0000,Private      ,169,271,440,2582,1356,3938
00169103,CHICAGO KENT COLLEGE OF LAW             ,IL,60661-0000,Private      ,3,125,128,7,1979,1986
00169200,ILLINOIS STATE UNIVERSITY               ,IL,61790-1000,Public       ,1196,553,1749,15068,4020,19088
00169300,NORTHEASTERN ILLINOIS UNIV              ,IL,60625-4699,Public       ,653,953,1606,4358,5088,9446
00169400,CHICAGO STATE UNIVERSITY                ,IL,60628-1598,Public       ,881,2089,2970,4299,7861,12160
00169600,ILLINOIS WESLEYAN UNIVERSITY            ,IL,61701-0000,Private      ,68,14,82,2649,63,2712
00169800,JOHN MARSHALL LAW SCHOOL                ,IL,60604-0000,Private      ,1,249,250,7,2247,2254
00169900,JOLIET JUNIOR COLLEGE                   ,IL,60431-8938,Public       ,620,759,1379,2817,2877,5694
00170000,JUDSON UNIVERSITY                       ,IL,60123-1498,Private      ,138,215,353,784,668,1452
00170100,KASKASKIA COLLEGE                       ,IL,62801-7878,Public       ,264,537,801,935,1557,2492
00170300,KENDALL COLLEGE                         ,IL,60622-4278,Proprietary  ,90,198,288,597,735,1332
00170400,KNOX COLLEGE                            ,IL,61401-4999,Private      ,49,11,60,1773,66,1839
00170500,ILLINOIS VALLEY COMMUNITY COLLEGE       ,IL,61348-9692,Public       ,227,299,526,810,1024,1834
00170600,LAKE FOREST COLLEGE                     ,IL,60045-2399,Private      ,34,19,53,1552,110,1662
00170700,LEWIS UNIVERSITY                        ,IL,60446-2200,Private      ,308,549,857,2933,2036,4969
00170800,LINCOLN CHRISTIAN UNIVERSITY            ,IL,62656-2167,Private      ,98,169,267,592,516,1108
00170900,LINCOLN COLLEGE                         ,IL,62656-1699,Private      ,216,70,286,1071,274,1345
00171000,LOYOLA UNIVERSITY CHICAGO               ,IL,60626-0000,Private      ,517,1032,1549,13222,7721,20943
00171002,LOYOLA STRITCH SCHOOL OF MEDICINE       ,IL,60153-0000,Private      ,0,8,8,11,890,901
00171200,LUTHERAN SCHOOL OF THEOL AT CHICAGO     ,IL,60615-0000,Private      ,0,40,40,1,155,156
00171600,MACCORMAC COLLEGE                       ,IL,60602-4405,Private      ,50,66,116,88,155,243
00171700,MACMURRAY COLLEGE                       ,IL,62650-2590,Private      ,116,68,184,798,266,1064
00172100,MCCORMICK THEOLOGICAL SEMINARY          ,IL,60615-5108,Private      ,1,22,23,1,101,102
00172200,MCKENDREE UNIVERSITY                    ,IL,62254-1299,Private      ,182,345,527,1522,1158,2680
00172300,MEADVILLE LOMBARD THEOLOGICAL SCHOOL    ,IL,60637-1602,Private      ,0,3,3,1,70,71
00172400,MILLIKIN UNIVERSITY                     ,IL,62522-2084,Private      ,174,134,308,2784,694,3478
00172500,MONMOUTH COLLEGE                        ,IL,61462-1963,Private      ,111,7,118,1819,89,1908
00172800,MORTON COLLEGE                          ,IL,60804-4398,Public       ,426,488,914,1055,1225,2280
00173200,NATIONAL UNIV OF HEALTH SCIENCES        ,IL,60148-4583,Private      ,16,140,156,59,544,603
00173300,NATIONAL-LOUIS UNIVERSITY               ,IL,60603-3032,Private      ,80,1672,1752,284,5765,6049
00173400,NORTH CENTRAL COLLEGE                   ,IL,60540-4690,Private      ,174,105,279,2297,502,2799
00173500,NORTH PARK UNIVERSITY                   ,IL,60625-4895,Private      ,288,353,641,2113,1043,3156
00173600,NORTHERN BAPTIST THEOL SEMINARY         ,IL,60148-0000,Private      ,0,3,3,2,20,22
00173700,NORTHERN ILLINOIS UNIVERSITY            ,IL,60115-2854,Public       ,1705,1243,2948,17703,7391,25094
00173900,NORTHWESTERN UNIV                       ,IL,60208-0001,Private      ,220,1169,1389,11717,8454,20171
00174100,OLIVET NAZARENE UNIVERSITY              ,IL,60914-2271,Private      ,221,434,655,2726,1517,4243
00174200,IL EASTERN COMM COLGS-OLNEY CENTRAL     ,IL,62450-1099,Public       ,119,173,292,555,558,1113
00174500,QUINCY UNIVERSITY                       ,IL,62301-2699,Private      ,59,92,151,1113,452,1565
00174600,ROBERT MORRIS UNIVERSITY ILLINOIS       ,IL,60605-1225,Private      ,659,1227,1886,3952,4646,8598
00174700,ROCK VALLEY COLLEGE                     ,IL,61114-5699,Public       ,399,680,1079,1862,2822,4684
00174800,ROCKFORD COLLEGE                        ,IL,61108-2393,Private      ,124,311,435,783,1009,1792
00174900,ROOSEVELT UNIVERSITY                    ,IL,60605-1394,Private      ,363,1400,1763,2380,5731,8111
00175000,DOMINICAN UNIVERSITY                    ,IL,60305-1066,Private      ,131,229,360,1544,1137,2681
00175200,SAUK VALLEY COMMUNITY COLLEGE           ,IL,61021-9112,Public       ,203,331,534,727,1011,1738
00175300,SCHOOL OF ART INSTITUTE OF CHICAGO      ,IL,60603-3013,Private      ,145,113,258,2267,1660,3927
00175400,SEABURY-WESTERN THEO SEMINARY           ,IL,60201-0000,Private      ,0,1,1,0,36,36
00175600,SHIMER COLLEGE                          ,IL,60616-3893,Private      ,11,13,24,55,54,109
00175700,SOUTHEASTERN ILLINOIS COLLEGE           ,IL,62946-4925,Public       ,102,200,302,470,604,1074
00175800,SOUTHERN ILL UNIV-CARBONDALE            ,IL,62901-0000,Public       ,1502,1642,3144,11844,6805,18649
00175801,SOUTHERN ILLINOIS UNIV SCHOOL MEDIC     ,IL,62794-0000,Public       ,5,13,18,67,384,451
00175900,SOUTHERN ILL UNIV-EDWARDSVILLE          ,IL,62026-1060,Public       ,726,729,1455,8449,4365,12814
00175924,SO IL UNIV-SCHL OF DENTAL MEDICINE      ,IL,62002-0000,Public       ,0,25,25,8,221,229
00176100,SPRINGFIELD COLLEGE IN ILLINOIS         ,IL,62702-2694,Private      ,73,176,249,378,521,899
00176500,UNIVERSITY OF ST MARY OF THE LAKE       ,IL,60060-0000,Private      ,0,4,4,2,10,12
00176700,BENEDICTINE UNIVERSITY                  ,IL,60532-0900,Private      ,244,564,808,1802,1913,3715
00176800,ST XAVIER UNIVERSITY                    ,IL,60655-3199,Private      ,330,801,1131,3215,3054,6269
00176900,SOUTH SUBURBAN COLLEGE                  ,IL,60473-9978,Public       ,821,1777,2598,1909,4636,6545
00177100,TRINITY CHRISTIAN COLLEGE               ,IL,60463-0929,Private      ,115,154,269,1133,552,1685
00177200,TRINITY INTERNATIONAL UNIVERSITY        ,IL,60015-1283,Private      ,95,226,321,920,987,1907
00177300,TRITON COLLEGE                          ,IL,60171-1995,Public       ,701,940,1641,2190,2717,4907
00177400,UNIVERSITY OF CHICAGO                   ,IL,60637-1476,Private      ,196,244,440,7495,1864,9359
00177401,UNIV OF CHICAGO PRITZKER SCH OF MED     ,IL,60637-0000,Private      ,5,6,11,29,536,565
00177403,"UNIV OF CHICAGO, GRAD SCH OF BUS        ",IL,60637-0000,Private      ,1,281,282,10,1191,1201
00177405,UNIVERSITY OF CHICAGO GRADUATE          ,IL,60637-0000,Private      ,3,316,319,52,4279,4331
00177500,UNIV OF ILLINOIS @ URBANA-CHAMPAIGN     ,IL,61820-5796,Public       ,2202,1030,3232,23308,6621,29929
00177600,UNIV OF ILLINOIS AT CHICAGO             ,IL,60607-7163,Public       ,1441,1630,3071,14551,11158,25709
00177800,VANDERCOOK COLLEGE OF MUSIC             ,IL,60616-3731,Private      ,14,14,28,123,59,182
00177900,IL EASTERN COMM COLGS-WABASH VALLEY     ,IL,62863-2699,Public       ,69,81,150,319,274,593
00178000,WESTERN ILLINOIS UNIVERSITY             ,IL,61455-1390,Public       ,1336,765,2101,9075,3168,12243
00178100,WHEATON COLLEGE                         ,IL,60187-5535,Private      ,99,66,165,2387,543,2930
00178300,WORSHAM COLLEGE OF MORTUARY SCIENCE     ,IL,60090-2646,Proprietary  ,12,24,36,43,87,130
00396100,HARPER COLLEGE                          ,IL,60067-7398,Public       ,806,745,1551,2806,2234,5040
00418100,ADVOCATE TRINITY HOSPITAL SCHOOL OF RADI,IL,60617-3982,Private      ,5,12,17,13,67,80
00456000,GEM CITY COLLEGE                        ,IL,62301-4949,Proprietary  ,6,22,28,14,34,48
00456800,MIDSTATE COLLEGE                        ,IL,61614-3558,Proprietary  ,17,186,203,48,712,760
00457100,SPARKS COLLEGE                          ,IL,62565-2241,Proprietary  ,5,12,17,9,30,39
00621400,BLESSING RIEMAN COLLEGE OF NURSING      ,IL,62301-0000,Private      ,9,12,21,70,64,134
00621401,BLESSING HOSP SCH MED LAB TECH          ,IL,62301-0000,Private      ,1,1,2,2,6,8
00621402,BLESSING HOSP SCH OF RAD TECH           ,IL,62301-2852,Private      ,1,1,2,14,11,25
00621403,BLESSING HOSPITAL - COLLEGE OF NURSING  ,IL,62305-7005,Private      ,2,2,4,6,7,13
00622501,TRINITY COLLEGE OF NURSING & HEALTH SCIE,IL,61201-5317,Private      ,10,39,49,56,155,211
00624000,ST FRANCIS MED CLG OF NRSG              ,IL,61603-3783,Private      ,21,41,62,132,244,376
00665600,COLLEGE OF DUPAGE                       ,IL,60137-6599,Public       ,1297,1334,2631,4365,4150,8515
00675300,ILLINOIS CENTRAL COLLEGE                ,IL,61635-0001,Public       ,715,1077,1792,2556,3356,5912
00693100,WAUBONSEE COMMUNITY COLLEGE             ,IL,60554-0000,Public       ,289,399,688,983,1354,2337
00711800,PARKLAND COLLEGE                        ,IL,61821-1899,Public       ,819,800,1619,2911,2531,5442
00711900,REND LAKE COLLEGE                       ,IL,62846-9801,Public       ,276,391,667,988,1088,2076
00717000,LINCOLN LAND COMMUNITY COLLEGE          ,IL,62794-9256,Public       ,387,698,1085,1643,2433,4076
00726500,CARL SANDBURG COLLEGE                   ,IL,61401-9576,Public       ,206,361,567,797,1267,2064
00729701,WESTWOOD COLLEGE OF TECHNOLOGY          ,IL,60176-0000,Proprietary  ,2,3,5,11,13,24
00754900,COYNE AMERICAN INSTITUTE                ,IL,60607-1300,Proprietary  ,99,200,299,231,626,857
00764400,LAKE LAND COLLEGE                       ,IL,61938-9366,Public       ,419,544,963,1761,1620,3381
00768400,KISHWAUKEE COLLEGE                      ,IL,60150-9699,Public       ,371,312,683,1090,1064,2154
00769000,KANKAKEE COMMUNITY COLLEGE              ,IL,60901-6505,Public       ,157,312,469,785,1195,1980
00769100,MCHENRY COUNTY COLLEGE                  ,IL,60012-2761,Public       ,295,284,579,963,873,1836
00769200,MORAINE VALLEY COMMUNITY COLLEGE        ,IL,60465-0937,Public       ,838,884,1722,3100,2767,5867
00769300,SHAWNEE COMMUNITY COLLEGE               ,IL,62992-9725,Public       ,192,412,604,571,1029,1600
00769400,COLLEGE OF LAKE COUNTY                  ,IL,60030-1198,Public       ,754,1005,1759,1978,2709,4687
00793700,MS ROBERTS ACADEMY OF BEAUTY CULT       ,IL,60181-2930,Proprietary  ,4,18,22,12,38,50
00807600,JOHN A LOGAN COLLEGE                    ,IL,62918-2500,Public       ,481,704,1185,1568,1862,3430
00825900,EDUCATORS OF BEAUTY                     ,IL,61081-3611,Proprietary  ,12,37,49,44,117,161
00825901,EDUCATORS OF BEAUTY                     ,IL,61104-0000,Proprietary  ,2,3,5,10,26,36
00832800,ALVAREITA'S COLLEGE OF COSMETOLOGY      ,IL,62025-2041,Proprietary  ,14,20,34,31,51,82
00854400,CAREER COLLEGES OF CHICAGO              ,IL,60603-6397,Proprietary  ,0,4,4,20,151,171
00854500,ROCKFORD BUSINESS COLLEGE               ,IL,61103-0000,Proprietary  ,38,166,204,107,749,856
00869402,RASMUSSEN COLLEGE - ROCKFORD            ,IL,61108-2513,Proprietary  ,10,53,63,10,53,63
00888000,MORRISON INSTITUTE OF TECHNOLOGY        ,IL,61270-2959,Private      ,23,16,39,149,36,185
00893800,GRAHAM HOSPITAL SCH OF NURSING          ,IL,61520-2497,Private      ,6,12,18,20,68,88
00893900,CANNELLA SCHOOL OF HAIR DESIGN          ,IL,60406-2130,Proprietary  ,13,26,39,24,66,90
00914500,GOVERNORS STATE UNIVERSITY              ,IL,60466-0975,Public       ,131,1018,1149,532,3823,4355
00923200,CATHOLIC THEOLOGICAL UNION              ,IL,60615-0000,Private      ,0,13,13,0,46,46
00933300,UNIV OF ILLINOIS AT SPRINGFIELD         ,IL,62703-5407,Public       ,257,559,816,1376,2114,3490
00947500,EDUCATORS OF BEAUTY                     ,IL,61301-2404,Proprietary  ,11,17,28,26,33,59
00959500,CANNELLA SCHOOL OF HAIR DESIGN          ,IL,60617-4303,Proprietary  ,11,41,52,26,86,112
00976700,OLIVE-HARVEY COLLEGE                    ,IL,60628-1696,Public       ,386,1001,1387,856,2643,3499
00978600,IL EASTERN COMM COLGS-LINCOLN TRAIL     ,IL,62454-5708,Public       ,102,117,219,329,362,691
00980000,RUSH UNIVERSITY                         ,IL,60612-3806,Private      ,43,162,205,263,1752,2015
00989600,OAKTON COMMUNITY COLLEGE                ,IL,60016-1268,Public       ,453,459,912,1806,1511,3317
00998700,SAINT ANTHONY COLLEGE OF NURSING        ,IL,61108-2468,Private      ,10,28,38,77,173,250
01002000,LEWIS AND CLARK COMMUNITY COLLEGE       ,IL,62035-2466,Public       ,456,656,1112,1320,1810,3130
01031600,LINCOLN COLLEGE OF TECHNOLOGY           ,IL,60160-1605,Proprietary  ,226,324,550,727,1047,1774
01050100,LAKEVIEW  COLLEGE OF NURSING            ,IL,61832-3781,Private      ,25,24,49,102,170,272
01069500,TRI-COUNTY BEAUTY ACADEMY               ,IL,62056-2036,Proprietary  ,5,9,14,11,25,36
01071000,CAPITAL AREA SCH OF PRAC NRSG           ,IL,62707-0000,Public       ,11,73,84,39,294,333
01072700,DEVRY UNIVERSITY                        ,IL,60618-5994,Proprietary  ,3527,8414,11941,15674,38848,54522
01073700,ADVOCATE IL MASONIC SCH OF RAD TECH     ,IL,60657-5193,Private      ,4,9,13,17,71,88
01083600,PIVOT POINT INTNL CSMTLGY RSRCH CTR     ,IL,60626-0000,Proprietary  ,129,119,248,296,364,660
01087900,RICHLAND COMMUNITY COLLEGE              ,IL,62521-8513,Public       ,206,450,656,682,1262,1944
01181000,TAYLOR BUSINESS INSTITUTE               ,IL,60606-5111,Proprietary  ,27,117,144,32,186,218
01185800,EVEREST COLLEGE                         ,IL,60077-1074,Proprietary  ,144,353,497,302,872,1174
01236200,NORTHWESTERN COLLEGE                    ,IL,60630-2298,Proprietary  ,351,834,1185,971,2415,3386
01238500,BLOOMINGTON-NORMAL SCH RADIOGRAPHY      ,IL,61761-4604,Private      ,0,1,1,11,5,16
01258400,ILLINOIS INSTITUTE OF ART (THE)         ,IL,60654-1593,Proprietary  ,469,309,778,3299,1657,4956
01260800,DU QUOIN BEAUTY COLLEGE                 ,IL,62832-1805,Proprietary  ,0,0,0,1,0,1
01281300,JOHN WOOD COMMUNITY COLLEGE             ,IL,62305-0401,Public       ,322,408,730,1053,1079,2132
01308700,CAPRI GARFIELD RIDGE SCH OF BTY CLR     ,IL,60629-1613,Proprietary  ,18,75,93,36,151,187
01308800,CAPRI OAK FOREST COLLEGE OF BEAUTY      ,IL,60452-2798,Proprietary  ,42,35,77,108,134,242
02055200,HARRINGTON COLLEGE OF DESIGN            ,IL,60606-3433,Proprietary  ,116,189,305,770,828,1598
02068100,ADLER SCH OF PROFESSIONAL PSYCHLGY      ,IL,60601-0000,Private      ,3,102,105,7,515,522
02069300,VATTEROTT COLLEGE                       ,IL,62305-5938,Proprietary  ,29,92,121,89,252,341
02073200,TELSHE YESHIVA-CHICAGO                  ,IL,60625-0000,Private      ,8,5,13,20,9,29
02074400,IL EASTERN COMM COLGS-FRONTIER          ,IL,62837-0000,Public       ,44,86,130,153,287,440
02075400,KELLER GRADUATE SCHOOL OF MGMT.         ,IL,60515-5683,Proprietary  ,9,2510,2519,35,8762,8797
02113600,AMERICAN INTERCONTINENTAL UNIVERSITY    ,IL,60192-3713,Proprietary  ,1079,8557,9636,3353,28506,31859
02117400,BECK AREA CAREER CENTER                 ,IL,62278-0000,Public       ,7,23,30,18,82,100
02124400,UNIVERSITY OF SPA & COSMETOLOGY ART     ,IL,62704-0000,Proprietary  ,41,38,79,95,125,220
02150600,COSMETOLOGY AND SPA INSTITUTE (THE)     ,IL,60014-4003,Proprietary  ,31,36,67,55,77,132
02155300,THE CHICAGO SCHOOL OF PROF PSYCHOLOGY   ,IL,60610-4705,Private      ,2,72,74,9,1407,1416
02160300,INTERNATIONAL ACAD OF DESIGN & TECH     ,IL,60602-3319,Proprietary  ,408,358,766,2035,1716,3751
02160304,INTERNATIONAL ACADEMY OF DESIGN AND TECH,IL,60173-5160,Proprietary  ,49,68,117,128,113,241
02166800,JOHN AMICO'S SCHOOL OF HAIR DESIGN      ,IL,60452-0000,Proprietary  ,5,17,22,5,28,33
02168600,EAST WEST UNIVERSITY                    ,IL,60605-0000,Private      ,155,195,350,790,954,1744
02179900,ARGOSY UNIVERSITY                       ,IL,60601-7757,Proprietary  ,130,1832,1962,637,12730,13367
02185400,ST AUGUSTINE COLLEGE                    ,IL,60640-0000,Private      ,114,448,562,315,1315,1630
02192400,MR JOHNS SCHOOL OF COSMETOLOGY          ,IL,62521-0000,Proprietary  ,6,27,33,14,82,96
02202600,CANNELLA SCHOOL OF HAIR DESIGN          ,IL,60181-1321,Proprietary  ,3,14,17,8,29,37
02214100,WEST SUBURBAN COLLEGE OF NURSING        ,IL,60302-2519,Private      ,12,57,69,78,259,337
02228100,MAC DANIEL'S BEAUTY SCHOOL              ,IL,60640-0000,Proprietary  ,5,24,29,11,47,58
02253000,CANNELLA SCHOOL OF HAIR DESIGN          ,IL,60644-0000,Proprietary  ,8,11,19,17,41,58
02261200,HAIR PROFESSIONALS ACAD COSMETOLOGY     ,IL,60118-0000,Proprietary  ,33,47,80,39,63,102
02261201,HAIR PROFESSIONALS ACADEMY OF COSMETOLOG,IL,60118-9333,Proprietary  ,0,1,1,0,1,1
02262100,HAIR PROFESSIONALS SCH COSMETOLOGY      ,IL,60543-0000,Proprietary  ,25,39,64,32,53,85
02291200,CANNELLA SCHOOL OF HAIR DESIGN          ,IL,60639-0000,Proprietary  ,17,32,49,27,69,96
02295500,CANNELLA SCHOOL OF HAIR DESIGN          ,IL,60120-0000,Proprietary  ,9,22,31,12,58,70
02297500,OEHRLEIN SCHOOL OF COSMETOLOGY          ,IL,61611-0000,Proprietary  ,22,20,42,37,48,85
02312300,LA' JAMES COLLEGE HAIRSTYLING           ,IL,61244-0000,Proprietary  ,7,1,8,15,14,29
02313900,WESTWOOD COLLEGE - O'HARE AIRPORT       ,IL,60631-2801,Proprietary  ,82,117,199,296,455,751
02317300,CONCEPT COLLEGE OF COSMETOLOGY          ,IL,61832-0000,Proprietary  ,26,31,57,54,89,143
02319200,LAKE FOREST GRAD SCHL OF MGMT           ,IL,60045-4824,Private      ,0,106,106,0,189,189
02323300,PROFESSIONAL'S CHOICE HAIR DSN ACAD     ,IL,60435-0000,Proprietary  ,7,10,17,19,23,42
02332200,HAIR PROFESSIONALS CAREER COLLEGE       ,IL,60178-0000,Proprietary  ,17,17,34,30,27,57
02337800,THE COLLEGE OF OFFICE TECHNOLOGY        ,IL,60622-0000,Proprietary  ,43,334,377,70,577,647
02349400,ALVAREITA'S COLLEGE OF COSMETOLOGY      ,IL,62035-0000,Proprietary  ,14,6,20,25,13,38
02349500,CANNELLA SCHOOL OF HAIR DESIGN          ,IL,60632-0000,Proprietary  ,14,40,54,37,115,152
02352200,COOKING & HOSPITALITY INSTITUTE         ,IL,60610-3050,Proprietary  ,169,252,421,849,920,1769
02498200,HAIR PROFESSIONALS ACAD COSMETOLOGY     ,IL,60187-0000,Proprietary  ,24,43,67,30,62,92
02498201,HAIR PROFESSIONALS ACADEMY OF COSMETOLOG,IL,60563-0000,Proprietary  ,1,5,6,1,5,6
02522800,FOX COLLEGE                             ,IL,60453-0000,Proprietary  ,48,20,68,170,54,224
02527600,LEXINGTON COLLEGE                       ,IL,60607-0000,Private      ,10,14,24,50,54,104
02536700,BELL MAR BEAUTY COLLEGE                 ,IL,60650-0000,Proprietary  ,1,31,32,3,37,40
02538100,REGENCY BEAUTY INSTITUTE                ,IL,61820-0000,Proprietary  ,3,15,18,7,66,73
02556100,ENVIRONMENTAL TECHNICAL INSTITUTE       ,IL,60143-0000,Proprietary  ,74,123,197,132,208,340
02556600,NILES SCHOOL OF COSMETOLOGY             ,IL,60714-0000,Proprietary  ,14,29,43,19,40,59
02573700,INSTITUTE FOR CLINICAL SOCIAL WORK      ,IL,60601-0000,Private      ,1,12,13,3,59,62
02579200,INGALLS MEMORIAL HOSPITAL               ,IL,60426-0000,Private      ,1,3,4,2,13,15
02584900,"FIRST INSTITUTE, INC.                   ",IL,60014-7489,Proprietary  ,12,32,44,19,70,89
02587700,HAIR PROFESSIONALS CAREER COLLEGE       ,IL,60465-1929,Proprietary  ,23,36,59,33,53,86
02599500,HANOVER PARK COLLEGE OF BEAUTY CULT     ,IL,60133-5421,Proprietary  ,10,19,29,38,55,93
02622700,KNOWLEDGE SYSTEMS INSTITUTE             ,IL,60076-0000,Private      ,0,3,3,0,8,8
03002000,HAIRMASTERS INST OF COSMETOLOGY         ,IL,61701-5547,Proprietary  ,10,31,41,30,48,78
03027702,PACIFIC COLLEGE OF ORIENTAL MEDICINE - C,IL,60613-4418,Proprietary  ,0,43,43,4,121,125
03065300,TREND SETTERS COLL OF COSMETOLOGY       ,IL,60915-2101,Proprietary  ,42,41,83,81,72,153
03072701,WESTWOOD COLLEGE OF TECHNOLOGY          ,IL,60409-0000,Proprietary  ,77,198,275,328,825,1153
03072702,WESTWOOD COLLEGE OF TECHNOLOGY          ,IL,60602-0000,Proprietary  ,135,217,352,432,714,1146
03078400,CAMEO BEAUTY ACADEMY                    ,IL,60453-3196,Proprietary  ,19,19,38,47,40,87
03079200,WESTWOOD COLLEGE - DUPAGE               ,IL,60517-2321,Proprietary  ,88,74,162,421,288,709
03082900,ROSEL SCHOOL OF COSMETOLOGY             ,IL,60659-1913,Proprietary  ,7,59,66,10,98,108
03083800,HEARTLAND COMMUNITY COLLEGE             ,IL,61761-9446,Public       ,274,443,717,1021,1493,2514
03098000,ST JOHN'S COLLEGE OF NURSING            ,IL,62702-5321,Private      ,4,14,18,56,66,122
03098002,ST JOHN'S HOSP SCH MED TECH             ,IL,62769-5324,Private      ,0,2,2,6,5,11
03098003,ST JOHN'S HOSPITAL SCH OF DIETETICS     ,IL,62769-0000,Private      ,0,0,0,1,1,2
03099700,CAIN'S BARBER COLLEGE                   ,IL,60615-3510,Proprietary  ,20,69,89,44,212,256
03099800,ILLINOIS SCHOOL OF HEALTH CAREERS       ,IL,60604-0000,Proprietary  ,75,272,347,189,638,827
03101800,ILLINOIS CENTER FOR BROADCASTING        ,IL,60148-7015,Proprietary  ,29,34,63,43,121,164
03128300,PYRAMID CAREER INSTITUTE                ,IL,60657-4207,Proprietary  ,4,27,31,5,29,34
03128500,NATIONAL LATINO EDUCATION INSTITUTE     ,IL,60609-2205,Private      ,6,38,44,16,63,79
03199300,CHRISTIAN LIFE COLLEGE                  ,IL,60056-2522,Private      ,8,8,16,23,18,41
03368300,MIDWEST TECHNICAL INSTITUTE             ,IL,62707-8805,Proprietary  ,47,160,207,121,540,661
03448300,BIR TRAINING CENTER                     ,IL,60659-1298,Proprietary  ,5,80,85,11,139,150
03455700,CORTIVA INSTITUTE - CHICAGO             ,IL,60602-3315,Proprietary  ,59,143,202,134,321,455
03472300,CHICAGO URBAN LEAGUE COMPUTER TRAIN     ,IL,60604-2198,Private      ,1,19,20,2,28,30
03510300,ERIKSON INSTITUTE                       ,IL,60654-4510,Private      ,0,19,19,1,243,244
03623300,VEE'S SCHOOL OF BEAUTY CULTURE          ,IL,62205-2326,Proprietary  ,3,12,15,7,26,33
03643300,"MR. JOHN'S SCHOOL OF JACKSONVILLE,  INC,",IL,62650-3488,Proprietary  ,6,18,24,8,31,39
03655300,ILLINOIS CAREERPATH INSTITUTE           ,IL,60610-4705,Private      ,1,7,8,2,17,19
03669300,ILLINOIS WELDING SCHOOL                 ,IL,61607-2045,Proprietary  ,2,10,12,17,51,68
03684300,NORTHSHORE UNIVERSITY HEALTHSYSTEM SCHOO,IL,60201-9872,Private      ,0,6,6,0,24,24
03721400,AMERICAN CAREER COLLEGE                 ,IL,60402-0000,Proprietary  ,6,41,47,11,57,68
03879300,YOUR SCHOOL OF BEAUTY CULTURE           ,IL,60653-1517,Proprietary  ,3,28,31,4,62,66
03881400,EUROPEAN MASSAGE THERAPY SCHOOL         ,IL,60077-2269,Proprietary  ,5,34,39,8,69,77
03891300,SOMA INSTITUTE - THE NATIONAL SCHOOL OF ,IL,60604-4466,Proprietary  ,29,63,92,70,180,250
03914300,"CALC, INSTITUTE OF TECHNOLOGY           ",IL,62002-5931,Proprietary  ,6,56,62,10,137,147
03955400,MIDWEST INSTITUTE OF MASSAGE THERAPY    ,IL,62223-0000,Proprietary  ,3,12,15,4,27,31
        ,ASBURY THEOLOGICAL SEMINARY             ,KY,40390-0000,Private      ,2,117,119,12,1013,1025
00195100,ALICE LLOYD COLLEGE                     ,KY,41844-9703,Private      ,80,16,96,1001,90,1091
00195200,ASBURY COLLEGE                          ,KY,40390-1198,Private      ,81,49,130,1203,216,1419
00195400,BELLARMINE UNIVERSITY                   ,KY,40205-1877,Private      ,92,236,328,2130,1006,3136
00195500,BEREA COLLEGE                           ,KY,40403-0000,Private      ,45,35,80,2301,415,2716
00195800,BRESCIA UNIVERSITY                      ,KY,42301-3023,Private      ,36,53,89,396,239,635
00195900,CAMPBELLSVILLE UNIVERSITY               ,KY,42718-2799,Private      ,93,256,349,1902,882,2784
00196000,SPALDING UNIVERSITY                     ,KY,40203-2188,Private      ,59,294,353,449,1663,2112
00196100,CENTRE COLLEGE                          ,KY,40422-1394,Private      ,40,4,44,1720,54,1774
00196200,UNIVERSITY OF THE CUMBERLANDS           ,KY,40769-1372,Private      ,93,154,247,1802,545,2347
00196300,EASTERN KENTUCKY UNIVERSITY             ,KY,40475-3102,Public       ,1252,1452,2704,9082,6344,15426
00196400,GEORGETOWN COLLEGE                      ,KY,40324-1628,Private      ,83,175,258,1798,488,2286
00196500,KENTUCKY CHRISTIAN UNIVERSITY           ,KY,41143-2205,Private      ,75,37,112,533,178,711
00196800,KENTUCKY STATE UNIVERSITY               ,KY,40601-2355,Public       ,309,240,549,2444,1182,3626
00196900,KENTUCKY WESLEYAN COLLEGE               ,KY,42302-1039,Private      ,66,32,98,1323,208,1531
00197000,LEES COLLEGE                            ,KY,41339-0000,Private      ,2,1,3,8,8,16
00197100,LEXINGTON THEOLOGICAL SEMINARY          ,KY,40508-0000,Private      ,0,10,10,1,54,55
00197200,LINDSEY WILSON COLLEGE                  ,KY,42728-1223,Private      ,67,192,259,1688,1009,2697
00197400,LOUISVILLE PRESBYTERIAN THEOL SEM       ,KY,40205-0000,Private      ,0,6,6,0,130,130
00197500,MIDWAY COLLEGE                          ,KY,40347-1120,Private      ,55,296,351,489,1185,1674
00197600,MOREHEAD STATE UNIVERSITY               ,KY,40351-1689,Public       ,702,1121,1823,5369,4108,9477
00197700,MURRAY STATE UNIVERSITY                 ,KY,42071-0009,Public       ,606,664,1270,5417,3063,8480
00197900,WEST KENTUCKY CMNTY & TECHNICAL COLG    ,KY,42002-7380,Public       ,224,504,728,1009,1986,2995
00197901,WEST KENTUCKY CMNTY & TECHNICAL COLG    ,KY,42001-0000,Public       ,59,96,155,308,446,754
00197903,W KY CMNTY TECH - MURRAY AREA VOC ED CTR,KY,42071-0000,Public       ,2,2,4,4,9,13
00197906,W KY CMNTY - FULTON CNTY AREA TECH CNTR ,KY,42050-0000,Public       ,0,0,0,0,2,2
00198000,PIKEVILLE COLLEGE                       ,KY,41501-1194,Private      ,104,77,181,996,352,1348
00198001,PIKEVILLE CLG-SCH OSTEOPATHIC MEDIC     ,KY,41501-0000,Private      ,1,15,16,5,320,325
00198200,SOUTHERN BAPTIST THEOL SEMINARY         ,KY,40280-0000,Private      ,3,17,20,43,118,161
00198300,ST. CATHARINE COLLEGE                   ,KY,40061-9499,Private      ,57,57,114,518,329,847
00198700,TRANSYLVANIA UNIVERSITY                 ,KY,40508-1797,Private      ,34,13,47,1453,84,1537
00198800,UNION COLLEGE                           ,KY,40906-1499,Private      ,64,387,451,918,794,1712
00198900,UNIVERSITY OF KENTUCKY                  ,KY,40506-0054,Public       ,1343,1104,2447,13734,6472,20206
00198901,UNIV OF KY-COLLEGE OF DENTISTRY         ,KY,40536-0000,Public       ,0,7,7,7,198,205
00198902,UNIV OF KY-COLLEGE OF MEDICINE          ,KY,40536-0000,Public       ,3,8,11,20,388,408
00199000,ASHLAND COMMUNITY AND TECHNICAL COLLEGE ,KY,41101-3683,Public       ,262,487,749,943,1759,2702
00199001,ASHLAND CMNTY AND TECHNCL COLG          ,KY,41102-0000,Public       ,38,55,93,159,238,397
00199100,ELIZABETHTOWN COMMUNITY  AND TECHNICAL C,KY,42701-3081,Public       ,287,603,890,1473,2589,4062
00199300,HENDERSON COMMUNITY COLLEGE             ,KY,42420-4699,Public       ,78,187,265,399,827,1226
00199400,HOPKINSVILLE COMMUNITY COLLEGE          ,KY,42241-2621,Public       ,189,592,781,702,2348,3050
00199600,BIG SANDY COMMUNITY AND TECHNICAL COLG  ,KY,41653-1815,Public       ,267,457,724,1203,1521,2724
00199602,BIG SANDY COMMUNITY AND TECHNICAL COLG  ,KY,41240-1032,Public       ,0,0,0,72,68,140
00199700,SOMERSET COMMUNITY COLLEGE              ,KY,42501-2973,Public       ,406,939,1345,1849,3778,5627
00199701,LAUREL TECHNICAL COLLEGE                ,KY,40744-0000,Public       ,12,31,43,41,83,124
00199703,SOMERSET TECHNICAL COLLEGE              ,KY,42501-3043,Public       ,7,14,21,52,82,134
00199800,SOUTHEAST KENTUCKY COMMUNITY AND TECHNIC,KY,40823-1099,Public       ,235,367,602,950,1189,2139
00199802,CUMBERLAND VLY TEC CLG MIDDLESBORO      ,KY,40965-2265,Public       ,3,10,13,38,35,73
00199804,SOUTHEAST COMMUNITY COLLEGE             ,KY,40831-1796,Public       ,17,27,44,45,73,118
00199900,UNIVERSITY OF LOUISVILLE                ,KY,40292-0000,Public       ,1059,1325,2384,10113,9225,19338
00200100,THOMAS MORE COLLEGE                     ,KY,41017-3495,Private      ,57,151,208,1023,549,1572
00200200,WESTERN KENTUCKY UNIVERSITY             ,KY,42101-3576,Public       ,1729,1461,3190,11252,6399,17651
00461800,SPENCERIAN COLLEGE                      ,KY,40216-2605,Proprietary  ,172,581,753,743,1787,2530
00461900,SULLIVAN UNIVERSITY                     ,KY,40205-3000,Proprietary  ,330,851,1181,1611,3756,5367
00524300,HAZARD TECHNICAL COLLEGE                ,KY,41701-1198,Public       ,9,19,28,81,78,159
00524400,BLUEGRASS COMMUNITY & TECHNICAL COLLEGE ,KY,40506-0235,Public       ,813,1486,2299,1411,3286,4697
00527100,BOWLING GREEN TECHNICAL COLLEGE         ,KY,42101-3601,Public       ,113,230,343,499,887,1386
00527300,GATEWAY COMMUNITY & TECHNOLOGY COLL     ,KY,41011-0000,Public       ,170,429,599,603,1409,2012
00549500,KY TECH-JEFFERSON CAMPUS                ,KY,40203-2036,Public       ,136,192,328,513,696,1209
00549502,SHELBY COUNTY AREA TECHNOLOGY CTR       ,KY,40065-0000,Public       ,23,33,56,61,88,149
00696000,MAYSVILLE CMNTY & TECHNCL COLG          ,KY,41056-8910,Public       ,124,342,466,529,1333,1862
00696002,MAYSVILLE CMNTY & TECHNCL COLG - ROWAN  ,KY,40351-8359,Public       ,15,22,37,91,96,187
00696100,JEFFERSON COMMUNITY AND TECHNICAL COLLEG,KY,40202-2005,Public       ,864,1389,2253,3332,5858,9190
00696200,HAZARD COMMUNITY COLLEGE                ,KY,41701-2402,Public       ,258,446,704,1178,1494,2672
00696203,KY TECH-KNOTT CO. TECHNOLOGY CTR        ,KY,41822-0000,Public       ,0,1,1,1,3,4
00696205,KY TECH-LEE COUNTY AREA TECH CTR        ,KY,41311-0000,Public       ,0,0,0,3,1,4
00696206,KY TECH-LETCHER CNTY AREA TECH CTR      ,KY,41858-0000,Public       ,1,3,4,7,8,15
00696207,KY TECH-BREATHITT COUNTY VOC ED CTR     ,KY,41339-0000,Public       ,1,1,2,4,15,19
00842500,DAYMAR COLLEGE                          ,KY,42001-0000,Proprietary  ,11,46,57,69,165,234
00901000,MADISONVILLE COMMUNITY COLLEGE          ,KY,42431-9199,Public       ,183,443,626,891,1846,2737
00927500,NORTHERN KENTUCKY UNIVERSITY            ,KY,41099-0001,Public       ,1094,1071,2165,6984,5373,12357
00931300,DAYMAR COLLEGE                          ,KY,42301-5830,Proprietary  ,73,341,414,153,1004,1157
00931302,DAYMAR COLLEGE - LOUISVILLE CAMPUS      ,KY,40219-1973,Proprietary  ,0,13,13,7,47,54
00970700,LEXINGTON COMMUNITY COLLEGE             ,KY,40506-0235,Public       ,55,50,105,1977,2230,4207
01042400,SALON PROFESSIONAL ACADEMY THE          ,KY,40502-1776,Proprietary  ,5,27,32,19,64,83
01048900,NATIONAL COLLEGE                        ,KY,40508-0000,Proprietary  ,182,981,1163,468,3252,3720
01172500,COLLINS SCHOOL OF COSMETOLOGY           ,KY,40965-2809,Proprietary  ,2,24,26,7,47,54
01208800,SULLIVAN COLLEGE OF TECHNOLOGY AND DESIG,KY,40218-4528,Proprietary  ,77,86,163,415,328,743
01212801,SOUTHWESTERN COLLEGE                    ,KY,41042-1466,Proprietary  ,31,146,177,74,348,422
01240400,LEXINGTON BEAUTY COLLEGE                ,KY,40503-1819,Proprietary  ,3,28,31,18,63,81
01267700,OWENSBORO TECHNICAL COLLEGE             ,KY,42301-4806,Public       ,0,0,0,3,5,8
01267702,KY TECH OHIO CO CENTER                  ,KY,42347-0000,Public       ,0,0,0,0,1,1
01272300,KY TECH-WAYNE COUNTY AREA TECH CTR      ,KY,42633-1088,Public       ,0,0,0,1,0,1
01291400,EMPIRE BEAUTY SCHOOL                    ,KY,40218-0000,Proprietary  ,51,69,120,92,171,263
01291500,EMPIRE BEAUTY SCHOOL                    ,KY,41042-5113,Proprietary  ,21,41,62,53,108,161
01291600,EMPIRE BEAUTY SCHOOL                    ,KY,40216-4212,Proprietary  ,15,32,47,24,74,98
01291700,EMPIRE BEAUTY SCHOOL                    ,KY,40160-0000,Proprietary  ,25,30,55,58,80,138
01296800,EMPIRE BEAUTY SCHOOL                    ,KY,40207-2695,Proprietary  ,17,25,42,69,79,148
02159100,"APPALACHIAN BEAUTY SCHOOL, INC.         ",KY,41503-0000,Proprietary  ,1,22,23,8,38,46
02177100,EMPIRE BEAUTY SCHOOL                    ,KY,40204-0000,Proprietary  ,9,31,40,28,75,103
02251500,TREND SETTERS ACAD OF BEAUTY CULT       ,KY,40258-0000,Proprietary  ,14,44,58,41,88,129
02275000,JENNY LEA ACADEMY OF COSMETOLOGY        ,KY,40831-0000,Proprietary  ,3,11,14,4,23,27
02279800,ELIZABETHTOWN BEAUTY SCHOOL             ,KY,42701-0000,Proprietary  ,1,8,9,12,22,34
02284306,INTERACTIVE LEARNING SYSTEMS            ,KY,41042-0000,Proprietary  ,4,31,35,7,69,76
02323700,PAT WILSON'S BEAUTY COLLEGE             ,KY,42420-0000,Proprietary  ,1,6,7,5,37,42
02337200,PJ'S COLLEGE OF COSMETOLOGY             ,KY,42101-0000,Proprietary  ,15,115,130,48,276,324
02340800,PAUL MITCHELL THE SCHOOL LEXINGTON      ,KY,40601-0000,Proprietary  ,6,6,12,10,16,26
02351700,DONTA SCHOOL OF BEAUTY CULTURE          ,KY,40203-0000,Proprietary  ,3,30,33,10,65,75
02491100,BECKFIELD COLLEGE                       ,KY,41042-0000,Proprietary  ,28,136,164,125,609,734
02518900,BARRETT & COMPANY SCH HAIR DESIGN       ,KY,40356-0000,Proprietary  ,17,12,29,38,65,103
02526100,JENNY LEA ACADEMY OF COSMETOLOGY        ,KY,41858-0000,Proprietary  ,0,7,7,8,14,22
02535600,CLEAR CREEK BAPTIST BIBLE COLLEGE       ,KY,40977-0000,Private      ,12,46,58,39,136,175
02551100,PJ'S COLLEGE OF COSMETOLOGY             ,KY,42121-0000,Proprietary  ,8,23,31,28,82,110
02560800,SOUTHEAST SCHOOL OF COSMETOLOGY         ,KY,40962-0000,Proprietary  ,9,12,21,22,34,56
02576200,MID-CONTINENT UNIVERSITY                ,KY,42066-9007,Private      ,34,277,311,189,1196,1385
02616204,BROWN MACKIE COLLEGE-FINDLAY - BROWN MAC,KY,40219-1916,Proprietary  ,50,169,219,112,729,841
03002100,KENTUCKY MOUNTAIN BIBLE COLLEGE         ,KY,41385-0010,Private      ,19,7,26,51,23,74
03007000,FRONTIER SCH OF MIDWIFERY&FAMILY NU     ,KY,41749-0000,Private      ,0,132,132,0,327,327
03026200,HEAD'S WEST KENTUCKY BEAUTY COLLEGE     ,KY,42431-0000,Proprietary  ,4,13,17,10,44,54
03029200,NU-TEK ACADEMY OF BEAUTY                ,KY,40353-9767,Proprietary  ,3,11,14,11,30,41
03034500,OWENSBORO COMMUNITY & TECHNICAL COLLEGE ,KY,42303-1899,Public       ,270,500,770,1095,1762,2857
03083700,GALEN HEALTH INSTITUTES                 ,KY,40207-1047,Proprietary  ,48,325,373,169,1279,1448
03103500,MR JIM'S BEAUTY COLLEGE                 ,KY,42301-2646,Proprietary  ,6,21,27,12,30,42
03106700,MOTIF BEAUTY ACADEMY                    ,KY,40391-1958,Proprietary  ,3,8,11,11,30,41
03516500,EZELL'S COSMETOLOGY SCHOOL              ,KY,42071-2530,Proprietary  ,0,17,17,6,44,50
03611300,BRIGHTON CENTER'S CENTER FOR EMPLOY     ,KY,41071-1968,Private      ,2,54,56,6,86,92
03804300,BELLEFONTE ACADEMY OF BEAUTY            ,KY,41169-2015,Proprietary  ,16,22,38,24,37,61
03885300,EMPLOYMENT SOLUTIONS                    ,KY,40517-3260,Private      ,1,5,6,2,15,17
03886300,REGENCY SCHOOL OF HAIR DESIGN           ,KY,41653-1278,Proprietary  ,6,17,23,16,41,57
04038300,ATA CAREER EDUCATION                    ,KY,40223-3832,Proprietary  ,21,117,138,57,331,388
00200300,CENTENARY COLLEGE OF LOUISIANA          ,LA,71104-3396,Private      ,73,42,115,1143,193,1336
00200400,DILLARD UNIVERSITY                      ,LA,70122-3097,Private      ,465,130,595,1539,342,1881
00200500,NICHOLLS STATE UNIVERSITY               ,LA,70310-0001,Public       ,588,420,1008,4800,2330,7130
00200600,GRAMBLING STATE UNIVERSITY              ,LA,71245-2215,Public       ,836,584,1420,5978,2835,8813
00200700,LOUISIANA COLLEGE                       ,LA,71359-0000,Private      ,152,64,216,956,211,1167
00200800,LOUISIANA TECH UNIVERSITY               ,LA,71272-0001,Public       ,903,697,1600,6930,2722,9652
00201000,LOUISIANA STATE UNIV & A&M COLG         ,LA,70803-5710,Public       ,2789,994,3783,20325,6394,26719
00201100,LOUISIANA STATE UNIV-ALEXANDRIA         ,LA,71302-9121,Public       ,256,478,734,1305,1970,3275
00201200,LOUISIANA STATE UNIV-EUNICE             ,LA,70535-6726,Public       ,297,281,578,1773,1366,3139
00201300,LOUISIANA STATE UNIV-SHREVEPORT         ,LA,71115-2399,Public       ,268,470,738,2303,2394,4697
00201400,LA STATE UNIV HEALTH SCIENCES CTR       ,LA,70112-2223,Public       ,56,144,200,330,1497,1827
00201500,(THE) UNIVERSITY OF NEW ORLEANS         ,LA,70148-0001,Public       ,1665,1560,3225,6056,4661,10717
00201600,LOYOLA UNIVERSITY NEW ORLEANS           ,LA,70118-6195,Private      ,364,467,831,2504,1588,4092
00201700,MCNEESE STATE UNIVERSITY                ,LA,70609-4510,Public       ,738,664,1402,4894,2779,7673
00201900,NEW ORLEANS BAPTIST THEOL SEMINARY      ,LA,70126-0000,Private      ,11,37,48,35,92,127
00202000,UNIVERSITY OF LOUISIANA AT MONROE       ,LA,71209-9001,Public       ,814,872,1686,6092,4066,10158
00202100,NORTHWESTERN STATE UNIVERSITY           ,LA,71497-0001,Public       ,777,1164,1941,6039,4622,10661
00202200,NOTRE DAME SEMINARY                     ,LA,70118-0000,Private      ,0,0,0,1,4,5
00202300,OUR LADY OF HOLY CROSS COLLEGE          ,LA,70131-7399,Private      ,188,273,461,587,794,1381
00202400,SOUTHEASTERN LOUISIANA UNIV             ,LA,70402-0001,Public       ,2156,1330,3486,10267,5049,15316
00202500,SOUTHERN UNIVERSITY A & M COLLEGE       ,LA,70813-9374,Public       ,1606,1429,3035,8120,5613,13733
00202600,SOUTHERN UNIV NEW ORLEANS               ,LA,70126-0002,Public       ,433,887,1320,1001,2079,3080
00202700,ST JOSEPH SEMINARY COLLEGE              ,LA,70457-9990,Private      ,23,6,29,42,10,52
00202900,TULANE UNIVERSITY                       ,LA,70118-5698,Private      ,501,708,1209,5767,4024,9791
00203100,UNIV OF LOUISIANA AT LAFAYETTE          ,LA,70504-0001,Public       ,1413,831,2244,11087,4508,15595
00203200,XAVIER UNIVERSITY OF LOUISIANA          ,LA,70125-1098,Private      ,627,267,894,3207,1183,4390
00462100,AYERS CAREER COLLEGE                    ,LA,71108-5845,Proprietary  ,27,115,142,53,297,350
00462500,DELGADO COMMUNITY COLLEGE               ,LA,70119-0000,Public       ,1579,2574,4153,3851,6832,10683
00520300,REMINGTON COLLEGE - LAFAYETTE CAMPUS    ,LA,70508-5760,Proprietary  ,279,620,899,447,1450,1897
00520306,REMINGTON COLLEGE - BATON ROUGE CAMPUS  ,LA,70816-4040,Proprietary  ,48,156,204,188,547,735
00546700,SOWELA TECHNICAL COMMUNITY COLLEGE      ,LA,70616-6950,Public       ,171,242,413,424,551,975
00547200,LOUISIANA TECHNICAL COLLEGE - SIDNEY N. ,LA,70126-5511,Public       ,4,10,14,9,25,34
00548800,LOUISIANA TECH COLG-BATON ROUGE         ,LA,70807-0000,Public       ,100,246,346,268,507,775
00548802,LOUISIANA TECH COLG-ACADIAN CMPS        ,LA,70526-0000,Public       ,20,31,51,46,102,148
00548803,LOUISIANA TECH COLG-ALEXANDRIA CMPS     ,LA,71302-3137,Public       ,49,176,225,136,430,566
00548804,LOUISIANA TECH COLG-ASCENSION CMPS      ,LA,70778-3007,Public       ,20,28,48,49,51,100
00548805,LA TECH COLLEGE-AVOYELLES CAMPUS        ,LA,71327-0000,Public       ,17,38,55,34,73,107
00548806,LA TECHNICAL COLG-BASTROP CMPS          ,LA,71221-0000,Public       ,14,47,61,34,96,130
00548808,LA TECH COLG CHARLES B COREILCMPS       ,LA,70586-0000,Public       ,20,39,59,43,92,135
00548809,LA TECHNICAL COLG-DELTA-OUACHITA        ,LA,71292-9064,Public       ,70,162,232,201,402,603
00548810,EVANGELINE TECHNICAL INST               ,LA,70582-3104,Public       ,21,51,72,34,112,146
00548811,LA TECHN COLLEGE - FLORIDA PARISHES     ,LA,70441-0000,Public       ,11,18,29,21,74,95
00548812,LOUISIANA TECH COLG-FOLKES CAMPUS       ,LA,70748-0000,Public       ,3,2,5,4,11,15
00548813,LA TECHNICAL INST-GULF AREA CMPS        ,LA,70510-0878,Public       ,58,91,149,111,182,293
00548814,LOUISIANA TECH COLG-HAMMOND CMPS        ,LA,70404-0000,Public       ,46,93,139,98,183,281
00548815,LA TECH COLG-HUEY P. LONG CAMPUS        ,LA,71483-0000,Public       ,18,72,90,31,106,137
00548816,LA TECH COLLEGE-JEFFERSON CAMPUS        ,LA,70001-5605,Public       ,9,35,44,21,144,165
00548817,LOUISIANA TEC CLG-JUMONVILLE MEM CP     ,LA,70760-0000,Public       ,25,43,68,48,90,138
00548818,LA TECH COLLEGE-LAFAYETTE CAMPUS        ,LA,70506-0000,Public       ,132,259,391,349,597,946
00548819,LOUISIANA TECHNICAL COLLEGE-LAFOURC     ,LA,70301-4336,Public       ,32,56,88,60,126,186
00548820,LOUISIANA TEC CLG-LAMAR SALTER CMPS     ,LA,71446-0000,Public       ,39,99,138,68,172,240
00548822,LOUISIANA TECHNICAL CLG-MANSFIELD       ,LA,71052-1236,Public       ,18,55,73,34,97,131
00548823,LA. TECH COLG.-MORGAN SMITH CAMPUS      ,LA,70546-0000,Public       ,15,32,47,32,67,99
00548824,LOUISIANA TEC CLG-NATCHITOCHES CMPS     ,LA,71458-0000,Public       ,22,50,72,59,139,198
00548825,LOUISIANA TECH COLG-NORTH CTRL CMPS     ,LA,71241-0000,Public       ,12,54,66,20,71,91
00548826,LOUISIANA TECH CLG-NORTHEAST LA CMP     ,LA,71295-2999,Public       ,15,46,61,35,94,129
00548827,LOUISIANA TEC CLG-NW LOUISIANA CMPS     ,LA,71058-0000,Public       ,64,141,205,117,267,384
00548828,LA TECHNICAL COLG-OAKDALE CMPS          ,LA,71463-0000,Public       ,15,51,66,39,103,142
00548829,LTC-RIVER PARISHES CAMPUS               ,LA,70084-0000,Public       ,37,76,113,92,193,285
00548830,LOUISIANA TECHNICAL COLLEGE-RUSTON      ,LA,71273-0000,Public       ,36,64,100,218,201,419
00548831,LTC - SABINE VALLEY CAMPUS              ,LA,71449-3839,Public       ,23,53,76,35,77,112
00548832,LOUISIANA TECH COLG-SHELBY JACKSON      ,LA,71334-0000,Public       ,19,73,92,29,142,171
00548833,LA TECH COLG SHREVEPORT-BOSSIER         ,LA,71137-0000,Public       ,82,258,340,200,634,834
00548835,LA TECHNICAL COLLEGE-SLIDELL CAMPUS     ,LA,70459-0000,Public       ,3,4,7,8,17,25
00548837,LOUISIANA TECH COLG-SULLIVAN CAMPUS     ,LA,70427-5866,Public       ,56,96,152,102,211,313
00548838,LOUISIANA TECHNICAL COLG - TALLULAH     ,LA,71284-0000,Public       ,33,80,113,55,128,183
00548839,LA TECH COLG-TECHE AREA CAMPUS          ,LA,70562-0000,Public       ,48,107,155,129,237,366
00548840,LOUISIANA TECH COLG-T.H.HARRIS CMPS     ,LA,70570-6113,Public       ,92,130,222,263,378,641
00548841,LOUISIANA TECH COLG W JEFFERSON CMP     ,LA,70058-0000,Public       ,6,16,22,16,37,53
00548842,LOUISIANA TECHNICAL COLLEGE - WESTSIDE C,LA,70765-0733,Public       ,5,30,35,13,59,72
00548843,LTC-YOUNG MEMORIAL CAMPUS               ,LA,70381-0000,Public       ,40,93,133,72,182,254
00576100,L. E. FLETCHER TECHNICAL COMMUNITY COLLE,LA,70360-2863,Public       ,103,115,218,355,361,716
00576101,L.E. FLETCHER TECHNICAL COMMUNITY COLLEG,LA,70360-7310,Public       ,25,21,46,62,62,124
00768600,SOUTHERN UNIV AT SHREVEPORT/BOSSIER     ,LA,71107-4795,Public       ,357,833,1190,968,2173,3141
00806700,LSU HEALTH SCIENCES CENTR-SHREVEPOR     ,LA,71130-3932,Public       ,19,88,107,154,754,908
00989800,DEMMON SCHOOL OF BEAUTY                 ,LA,70607-2128,Proprietary  ,6,26,32,15,53,68
01005701,AMERICAN COMMERCIAL COLLEGE             ,LA,71105-2502,Proprietary  ,11,97,108,26,197,223
01109700,CLOYD'S BEAUTY SCHOOL #1                ,LA,71291-3131,Proprietary  ,12,34,46,17,68,85
01112102,BRYMAN COLLEGE                          ,LA,70119-0000,Proprietary  ,3,15,18,12,32,44
01163100,"D-JAY'S SCHL OF BEAUTY, ARTS & SCI      ",LA,70806-0000,Proprietary  ,11,26,37,30,43,73
01184100,JOHN JAY BEAUTY COLLEGE                 ,LA,70124-2592,Proprietary  ,2,7,9,16,31,47
01261100,RONNIE & DORMANS SCHOOL HAIR DESIGN     ,LA,70501-0000,Proprietary  ,1,7,8,4,25,29
01282300,PAT GOINS RUSTON BEAUTY SCHOOL          ,LA,71270-4301,Proprietary  ,12,19,31,15,26,41
01287900,PAT GOINS BENTON ROAD BEAUTY SCHOOL     ,LA,71111-4838,Proprietary  ,5,33,38,11,44,55
01288000,PAT GOINS BEAUTY SCHOOL                 ,LA,71201-5167,Proprietary  ,7,14,21,10,21,31
02055400,BOSSIER PARISH COMMUNITY COLLEGE        ,LA,71111-0000,Public       ,513,712,1225,1846,2548,4394
02055500,DELTA SCH OF BUSINESS & TECHNOLOGY      ,LA,70601-0000,Proprietary  ,30,184,214,95,378,473
02065100,REMINGTON COLLEGE - NEW ORLEANS CAMPUS  ,LA,70005-3007,Proprietary  ,0,0,0,2,5,7
02089711,HERZING COLLEGE                         ,LA,70062-8727,Proprietary  ,6,17,23,14,42,56
02117800,AVEDA INSTITUTE LAFAYETTE               ,LA,70503-3246,Proprietary  ,27,22,49,71,69,140
02166100,NUNEZ COMMUNITY COLLEGE                 ,LA,70043-0000,Public       ,157,363,520,203,479,682
02166200,ITI TECHNICAL COLLEGE                   ,LA,70817-0000,Proprietary  ,66,120,186,208,315,523
02197500,BATON ROUGE SCHOOL OF COMPUTERS         ,LA,70816-0000,Proprietary  ,12,26,38,36,60,96
02234000,CAMERON COLLEGE                         ,LA,70119-0000,Proprietary  ,2,28,30,2,32,34
02258400,AVEDA INSTITUTE BATON ROUGE             ,LA,70816-2246,Proprietary  ,32,22,54,114,80,194
02260200,DIESEL DRIVING ACADEMY                  ,LA,71109-5617,Proprietary  ,6,97,103,11,140,151
02263600,BASTROP BEAUTY SCHOOL #1                ,LA,71220-0000,Proprietary  ,5,22,27,12,23,35
02265600,JOHN JAY KENNER ACADEMY                 ,LA,70062-0000,Proprietary  ,18,23,41,38,64,102
02269300,STEVENSON'S ACADEMY OF HAIR DESIGN      ,LA,70116-0000,Proprietary  ,20,30,50,31,48,79
02323100,PAT GOINS SHREVEPORT BEAUTY SCHOOL      ,LA,71108-4354,Proprietary  ,3,12,15,9,24,33
02327800,PINEVILLE BEAUTY SCHOOL                 ,LA,71360-0000,Proprietary  ,12,18,30,23,39,62
02335701,BATON ROUGE GEN MED CTR SCH NSG         ,LA,70821-0000,Private      ,18,41,59,65,157,222
02335702,BATON ROUGE GEN MED CTR-RAD TECH        ,LA,70806-0000,Private      ,2,17,19,25,48,73
02338000,"CLOYD'S BEAUTY SCHOOL #2, INC           ",LA,71202-3539,Proprietary  ,10,38,48,17,69,86
02352500,"CLOYD'S BEAUTY SCHOOL #3, INC           ",LA,71201-3211,Proprietary  ,12,39,51,16,76,92
02358600,"STAGE ONE THE HAIR SCHOOL, INC.         ",LA,70605-0000,Proprietary  ,28,25,53,49,58,107
02493400,ALEXANDRIA ACADEMY OF BEAUTY CULT       ,LA,71301-0000,Proprietary  ,4,21,25,8,46,54
02518300,SOUTH LOUISIANA BEAUTY COLLEGE          ,LA,70363-0000,Proprietary  ,18,34,52,27,56,83
02536400,LOUISIANA ACADEMY OF BEAUTY             ,LA,70535-0000,Proprietary  ,7,16,23,24,39,63
02538300,DELTA COLLEGE OF ARTS & TECH INC        ,LA,70806-1529,Proprietary  ,28,117,145,78,334,412
02538301,DELTA COLLEGE OF ARTS & TECHNOLOGY - LAF,LA,70508-6831,Proprietary  ,8,35,43,23,83,106
02548500,COSMETOLOGY TRAINING CENTER             ,LA,70503-0000,Proprietary  ,28,26,54,45,41,86
02554800,VANGUARD COLLEGE OF COSMETOLOGY         ,LA,70458-8823,Proprietary  ,29,30,59,34,43,77
02582200,"GUY'S ACADEMY HAIR, SKIN & NAILS        ",LA,71105-2404,Proprietary  ,24,52,76,47,125,172
02600900,AVEDA INSTITUTE                         ,LA,70433-2922,Proprietary  ,142,179,321,322,475,797
02601000,AMERICAN SCHOOL OF BUSINESS             ,LA,71105-5646,Proprietary  ,8,37,45,17,79,96
02601100,OPELOUSAS SCHOOL OF COSMETOLOGY         ,LA,70570-6156,Proprietary  ,4,14,18,9,35,44
02606800,CAREER TRAINING SPECIALISTS             ,LA,71201-6046,Proprietary  ,61,154,215,227,585,812
02606801,CAREER TECHNICAL COLLEGE - SHREVEPORT   ,LA,71105-2405,Proprietary  ,27,136,163,62,313,375
02617100,BATON ROUGE COLLEGE                     ,LA,70816-2246,Proprietary  ,9,23,32,39,76,115
02619200,DENHAM SPRINGS BEAUTY COLLEGE           ,LA,70726-3829,Proprietary  ,13,32,45,17,52,69
03010400,CRESCENT CITY SCH GAMING & BARTENDG     ,LA,70119-5507,Proprietary  ,15,182,197,17,234,251
03023500,CAMELOT CAREER COLLEGE                  ,LA,70805-7539,Proprietary  ,53,90,143,94,170,264
03030900,DIESEL DRIVING ACADEMY                  ,LA,70815-8109,Proprietary  ,19,139,158,32,239,271
03061400,ASCENSION COLLEGE                       ,LA,70737-2912,Proprietary  ,15,27,42,60,91,151
03095100,GRETNA CAREER COLLEGE                   ,LA,70053-2436,Proprietary  ,29,106,135,36,144,180
03106200,OUR LADY OF THE LAKE COLLEGE            ,LA,70808-4345,Private      ,182,424,606,789,1578,2367
03253300,JONESVILLE BEAUTY SCHOOL                ,LA,71343-0000,Proprietary  ,6,10,16,12,29,41
03294300,BLUE CLIFF SCH THERAPEUTIC MASSAGE      ,LA,70002-3458,Proprietary  ,64,156,220,107,361,468
03322300,CULINARY INSTITUTE OF NEW ORLEANS       ,LA,70140-0000,Proprietary  ,3,0,3,27,33,60
03332600,DELTA COLLEGE                           ,LA,70433-9042,Proprietary  ,26,83,109,43,203,246
03332601,DELTA COLLEGE - SLIDELL                 ,LA,70460-2624,Proprietary  ,12,48,60,23,101,124
03356300,MEDICAL TRAINING COLLEGE                ,LA,70816-5820,Proprietary  ,33,88,121,87,230,317
03402300,METROPOLITAN COMMUNITY COLLEGE          ,LA,70053-6758,Proprietary  ,2,1,3,3,4,7
03422500,BLUE CLIFF COLLEGE                      ,LA,71107-6520,Proprietary  ,34,100,134,66,235,301
03422600,BLUE CLIFF COLLEGE                      ,LA,70508-3858,Proprietary  ,33,43,76,64,113,177
03480300,MEDVANCE INSTITUTE                      ,LA,70809-1908,Proprietary  ,128,578,706,290,1477,1767
03498400,OMEGA INSTITUTE OF COSMETOLOGY          ,LA,70360-0000,Proprietary  ,6,11,17,22,32,54
03727500,MOORE CAREER COLLEGE                    ,LA,70808-4191,Proprietary  ,15,32,47,31,58,89
03730300,BATON ROUGE COMMUNITY COLLEGE           ,LA,78806-4129,Public       ,805,828,1633,2973,2768,5741
03752400,SCHOOL OF URBAN MISSIONS                ,LA,70053-0000,Private      ,18,34,52,26,66,92
03789300,UNITECH TRAINING ACADEMY                ,LA,70503-5132,Proprietary  ,75,376,451,102,471,573
03789400,RIVER PARISHES COMMUNITY COLLEGE        ,LA,70778-0310,Public       ,107,146,253,285,378,663
03795300,CASSIA BEAUTY COLLEGE                   ,LA,70126-0000,Proprietary  ,0,0,0,3,3,6
03810500,COURT REPORTING INSTITUTE OF LOUISI     ,LA,70816-0000,Proprietary  ,6,37,43,12,70,82
03932300,PROFESSIONAL CHEF'S INSTITUTE OF THE SOU,LA,70809-0000,Proprietary  ,3,0,3,5,1,6
03956300,SOUTH LOUISIANA COMMUNITY COLLEGE       ,LA,70506-0000,Public       ,204,277,481,655,766,1421
04040300,COMPASS CAREER COLLEGE                  ,LA,70403-0653,Proprietary  ,9,29,38,13,65,78
00143600,CAPITOL COLLEGE                         ,MD,20708-9759,Private      ,16,78,94,298,271,569
00146200,WASHINGTON BIBLE COLLEGE                ,MD,20706-3599,Private      ,23,67,90,105,210,315
00205700,ALLEGANY COLLEGE OF MARYLAND            ,MD,21502-2596,Public       ,267,314,581,1595,1254,2849
00205800,ANNE ARUNDEL COMMUNITY COLLEGE          ,MD,21012-1895,Public       ,698,932,1630,2427,3166,5593
00206000,BALTIMORE HEBREW UNIVERSITY             ,MD,21215-3996,Private      ,1,8,9,11,46,57
00206100,BALTIMORE CITY COMMUNITY COLLEGE        ,MD,21215-7893,Public       ,691,1913,2604,2138,5471,7609
00206200,BOWIE STATE UNIVERSITY                  ,MD,20715-9465,Public       ,464,488,952,5821,3005,8826
00206300,COMMUNITY COLLEGE OF BALTIMORE COUNTY   ,MD,21228-5381,Public       ,1328,2096,3424,4554,7141,11695
00206400,COLLEGE OF SOUTHERN MARYLAND            ,MD,20646-0910,Public       ,276,439,715,1568,1827,3395
00206500,CLG NOTRE DAME OF MARYLAND              ,MD,21210-2476,Private      ,36,219,255,741,1058,1799
00206700,COLUMBIA UNION COLLEGE                  ,MD,20912-7796,Private      ,127,115,242,837,567,1404
00206800,COPPIN STATE UNIVERSITY                 ,MD,21216-3698,Public       ,338,588,926,3114,3039,6153
00207100,FREDERICK COMMUNITY COLLEGE             ,MD,21702-9745,Public       ,179,280,459,871,1070,1941
00207200,FROSTBURG STATE UNIVERSITY              ,MD,21532-1099,Public       ,306,115,421,4840,902,5742
00207300,GOUCHER COLLEGE                         ,MD,21204-2794,Private      ,38,44,82,2216,396,2612
00207400,HAGERSTOWN COMMUNITY COLLEGE            ,MD,21742-6590,Public       ,227,396,623,998,1204,2202
00207500,HARFORD COMMUNITY COLLEGE               ,MD,21015-1696,Public       ,230,351,581,1063,1193,2256
00207600,HOOD COLLEGE                            ,MD,21701-8575,Private      ,40,99,139,1863,543,2406
00207700,JOHNS HOPKINS UNIVERSITY                ,MD,21218-2693,Private      ,46,136,182,4871,949,5820
00207702,JOHNS HOPKINS UNIV SCH ARTS/SCI/ENG     ,MD,21218-0000,Private      ,56,162,218,3281,934,4215
00207703,JOHNS HOPKINS UNIV SCH OF BUS/ED        ,MD,21046-0000,Private      ,3,197,200,34,1190,1224
00207705,JOHNS HOPKINS BLOOMBERG SCH OF PH       ,MD,21205-0000,Private      ,0,92,92,13,1023,1036
00207706,JOHNS HOPKINS UNIV SCH OF MEDICINE      ,MD,21205-0000,Private      ,5,61,66,60,795,855
00207707,JOHNS HOPKINS UNIV SCH OF NURSING       ,MD,21205-0000,Private      ,13,41,54,203,679,882
00207708,JOHNS HOPKINS UNIV PEABODY CONSERV      ,MD,21202-2397,Private      ,15,13,28,609,323,932
00207800,LOYOLA UNIVERSITY MARYLAND              ,MD,21210-2699,Private      ,70,228,298,5281,1411,6692
00208000,MARYLAND INST COLLEGE OF ART            ,MD,21217-4191,Private      ,80,33,113,2036,569,2605
00208300,MORGAN STATE UNIVERSITY                 ,MD,21251-0002,Public       ,981,650,1631,8753,3238,11991
00208600,MOUNT SAINT MARY'S UNIVERSITY           ,MD,21727-7799,Private      ,53,62,115,2171,282,2453
00208700,NER ISRAEL RABBINICAL COLLEGE           ,MD,21208-1198,Private      ,20,8,28,79,38,117
00208900,PRINCE GEORGES COMMUNITY COLLEGE        ,MD,20774-2199,Public       ,707,1171,1878,3200,4628,7828
00209100,SALISBURY UNIVERSITY                    ,MD,21801-6862,Public       ,450,193,643,6975,1113,8088
00209200,ST JOHN'S COLLEGE                       ,MD,21404-0000,Private      ,8,15,23,584,158,742
00209500,ST. MARY'S COLLEGE OF MARYLAND          ,MD,20686-3001,Public       ,76,12,88,2110,128,2238
00209600,ST MARY'S SEMINARY & UNIV               ,MD,21210-1994,Private      ,0,7,7,11,29,40
00209900,TOWSON UNIVERSITY                       ,MD,21252-0002,Public       ,681,612,1293,14422,4363,18785
00210200,UNIVERSITY OF BALTIMORE                 ,MD,21201-5779,Public       ,95,628,723,577,4492,5069
00210300,"UNIVERSITY OF MARYLAND, COLLEGE PARK    ",MD,20742-5145,Public       ,1214,1251,2465,22039,8112,30151
00210400,"UNIVERSITY OF MARYLAND, BALTIMORE       ",MD,21201-1691,Public       ,142,677,819,2299,7605,9904
00210500,UMBC                                    ,MD,21250-0002,Public       ,343,379,722,6811,2946,9757
00210600,UNIVERSITY MARYLAND EASTERN SHORE       ,MD,21853-4053,Public       ,369,159,528,4406,1055,5461
00210700,STEVENSON UNIVERSITY                    ,MD,21153-0641,Private      ,111,98,209,3040,750,3790
00210800,WASHINGTON COLLEGE                      ,MD,21620-1197,Private      ,30,12,42,1702,73,1775
00210900,MCDANIEL COLLEGE                        ,MD,21157-4390,Private      ,51,93,144,2512,403,2915
00458612,KAPLAN COLLEGE                          ,MD,21742-2797,Proprietary  ,42,179,221,296,716,1012
00458614,KAPLAN COLLEGE - FREDERICK              ,MD,21704-8307,Proprietary  ,15,76,91,28,143,171
00465000,CHESAPEAKE COLLEGE                      ,MD,21679-0008,Public       ,93,192,285,680,864,1544
00691100,MONTGOMERY COLLEGE                      ,MD,20850-1195,Public       ,1170,1217,2387,5785,5105,10890
00734100,INTERNATIONAL BEAUTY SCHOOL             ,MD,21502-2370,Proprietary  ,9,24,33,25,50,75
00744700,DEL-MAR-VA BEAUTY ACADEMY               ,MD,21804-0000,Proprietary  ,16,29,45,30,40,70
00749100,TESST COLLEGE OF TECHNOLOGY             ,MD,21227-1063,Proprietary  ,98,349,447,312,1090,1402
00793600,LINCOLN TECHNICAL INSTITUTE             ,MD,21046-1544,Proprietary  ,201,243,444,632,647,1279
00817500,HOWARD COMMUNITY COLLEGE                ,MD,21044-3197,Public       ,289,372,661,1552,1721,3273
00826300,AWARD BEAUTY SCHOOL                     ,MD,21740-5624,Proprietary  ,35,123,158,38,148,186
00830800,CECIL COLLEGE                           ,MD,21901-1999,Public       ,152,189,341,502,541,1043
01001400,GARRETT COMMUNITY COLLEGE               ,MD,21541-1265,Public       ,87,86,173,399,214,613
01031900,MEDIX SCHOOL                            ,MD,21204-2538,Proprietary  ,80,215,295,183,493,676
01041000,TESST COLLEGE OF TECHNOLOGY             ,MD,21286-2201,Proprietary  ,93,153,246,251,477,728
01164400,UNIV OF MARYLAND UNIVERSITY COLLEGE     ,MD,20783-8078,Public       ,306,4393,4699,1322,14196,15518
01164402,U OF MD UNIVERSITY COLLEGE - EUROPE     ,MD,20832-0000,Public       ,79,641,720,313,1734,2047
01164404,U OF MD UNIVERSITY COLLEGE - ASIA       ,MD,31207-0000,Public       ,37,336,373,83,779,862
02073900,WOR-WIC COMMUNITY COLLEGE               ,MD,21804-0000,Public       ,212,412,624,858,1325,2183
02083600,TESST COLLEGE OF TECHNOLOGY             ,MD,20705-2698,Proprietary  ,97,156,253,224,399,623
02116005,SANFORD-BROWN INSTITUTE - LANDOVER      ,MD,20785-2287,Proprietary  ,52,195,247,98,563,661
02127900,SOJOURNER DOUGLASS COLLEGE              ,MD,21205-0000,Private      ,20,373,393,83,1473,1556
02155100,MARYLAND COLLEGE OF ART AND DESIGN      ,MD,20902-0000,Private      ,5,7,12,57,35,92
02269700,INTERNATIONAL BEAUTY SCHOOL             ,MD,21014-0000,Proprietary  ,8,9,17,34,30,64
02288900,ABI-ACCUTECH BUSINESS INSTITUTE         ,MD,21703-0000,Proprietary  ,0,7,7,6,29,35
02314800,BALTIMORE INTERNATIONAL COLLEGE         ,MD,21202-0000,Private      ,75,69,144,464,309,773
02331000,MARYLAND BEAUTY ACADEMY OF ESSEX        ,MD,21221-0000,Proprietary  ,13,42,55,34,106,140
02333000,HAIR ACADEMY                            ,MD,20784-0000,Proprietary  ,61,152,213,81,198,279
02343800,MONTGOMERY BEAUTY SCHOOL                ,MD,20901-0000,Proprietary  ,20,75,95,33,98,131
02494700,BALTIMORE STUDIO OF HAIR DESIGN         ,MD,21201-0000,Proprietary  ,32,47,79,70,140,210
02495000,ROBERT PAUL ACAD COSMTGY ARTS & SCI     ,MD,21093-0000,Proprietary  ,14,12,26,60,51,111
02495100,MARYLAND BEAUTY ACADEMY                 ,MD,21136-0000,Proprietary  ,5,6,11,11,29,40
02545400,NORTH AMERICAN TRADE SCHOOLS            ,MD,21244-0069,Proprietary  ,44,200,244,108,448,556
02573800,"L' ACADEMIE DE CUISINE, INC.            ",MD,20877-0000,Proprietary  ,4,21,25,23,94,117
02578400,TAI SOPHIA INSTITUTE                    ,MD,20723-6010,Private      ,0,29,29,0,160,160
03021002,HARRISON CAREER INSTITUTE-BALTIMORE     ,MD,21201-0000,Proprietary  ,0,2,2,2,20,22
03027200,BLADES SCHOOL OF HAIR DESIGN            ,MD,20619-0226,Proprietary  ,11,31,42,20,54,74
03064900,AARON'S ACADEMY OF BEAUTY               ,MD,20602-2715,Proprietary  ,8,11,19,19,42,61
03097200,AESTHETICS INSTITUTE OF COSMETOLOGY     ,MD,20877-1305,Proprietary  ,2,15,17,5,32,37
03100700,CARROLL COMMUNITY COLLEGE               ,MD,21157-6913,Public       ,108,114,222,586,487,1073
03148300,AMERICAN BEAUTY ACADEMY                 ,MD,20902-1911,Proprietary  ,55,145,200,81,202,283
03296300,BALTIMORE SCHOOL OF MASSAGE             ,MD,21090-2261,Proprietary  ,62,146,208,116,301,417
03327300,NEW CREATIONS ACADEMY OF HAIR DSN       ,MD,20746-2960,Proprietary  ,3,14,17,9,31,40
03455500,NATIONAL LABOR COLLEGE                  ,MD,20903-1790,Private      ,0,5,5,1,15,16
03493300,ALL-STATE CAREER SCHOOL                 ,MD,21224-6658,Proprietary  ,48,300,348,119,605,724
03771300,AMERICAN CAREER INSTITUTE               ,MD,20902-4637,Proprietary  ,9,23,32,13,38,51
03822400,MAPLE SPRINGS BAPTIST BIBLE COLLEGE & SE,MD,20743-5711,Private      ,0,5,5,2,15,17
03965500,HAIR EXPRESSIONS ACADEMY                ,MD,20852-1729,Proprietary  ,15,18,33,21,29,50
        ,MGH INSTITUTE OF HEALTH PROFESSION      ,MA,02129-0000,Private      ,1,25,26,9,631,640
00211400,AMERICAN INTERNATIONAL COLLEGE          ,MA,01109-3189,Private      ,111,169,280,1593,988,2581
00211500,AMHERST COLLEGE                         ,MA,01002-5000,Private      ,78,6,84,2881,65,2946
00211600,ANDOVER NEWTON THEOLOGICAL SCHOOL       ,MA,02459-0000,Private      ,0,23,23,0,201,201
00211700,ANNA MARIA COLLEGE                      ,MA,01612-1198,Private      ,30,52,82,801,229,1030
00211800,ASSUMPTION COLLEGE                      ,MA,01615-1294,Private      ,59,41,100,3537,323,3860
00211900,ATLANTIC UNION COLLEGE                  ,MA,01561-1000,Private      ,83,58,141,355,238,593
00212000,MERRIMACK COLLEGE                       ,MA,01845-5800,Private      ,75,14,89,3259,98,3357
00212100,BABSON COLLEGE                          ,MA,02457-0310,Private      ,33,104,137,1802,568,2370
00212200,BAY PATH COLLEGE                        ,MA,01106-2212,Private      ,37,320,357,715,1018,1733
00212300,BECKER COLLEGE-WORCESTER                ,MA,01615-0071,Private      ,109,127,236,1917,693,2610
00212400,BENTLEY UNIVERSITY                      ,MA,02452-4705,Private      ,82,106,188,5267,623,5890
00212600,BERKLEE COLLEGE OF MUSIC                ,MA,02215-3693,Private      ,305,117,422,3240,644,3884
00212800,BOSTON COLLEGE                          ,MA,02467-3800,Private      ,197,254,451,15216,5086,20302
00212900,BOSTON CONSERVATORY OF MUSIC            ,MA,02215-9830,Private      ,35,19,54,744,228,972
00213000,BOSTON UNIVERSITY                       ,MA,02215-1789,Private      ,411,1346,1757,23071,12474,35545
00213300,BRANDEIS UNIVERSITY                     ,MA,02453-2700,Private      ,78,92,170,4254,723,4977
00213900,CLARK UNIVERSITY                        ,MA,01610-1473,Private      ,39,59,98,3561,503,4064
00214000,ELMS COLLEGE                            ,MA,01013-2839,Private      ,47,66,113,874,424,1298
00214100,COLLEGE OF THE HOLY CROSS               ,MA,01610-2395,Private      ,44,1,45,4661,29,4690
00214300,CURRY COLLEGE                           ,MA,02186-2395,Private      ,117,156,273,3008,740,3748
00214400,DEAN COLLEGE                            ,MA,02038-1994,Private      ,84,21,105,1292,114,1406
00214500,EASTERN NAZARENE COLLEGE                ,MA,02170-2999,Private      ,103,136,239,729,349,1078
00214507,EASTERN NAZARENE CLG - LEAD PROGRAM     ,MA,02170-0000,Private      ,2,12,14,13,43,56
00214600,EMERSON COLLEGE                         ,MA,02116-4624,Private      ,58,62,120,4862,1309,6171
00214700,EMMANUEL COLLEGE                        ,MA,02115-5798,Private      ,57,48,105,2838,268,3106
00214800,ENDICOTT COLLEGE                        ,MA,01915-2098,Private      ,52,43,95,3274,154,3428
00214900,EPISCOPAL DIVINITY SCHOOL               ,MA,02138-0000,Private      ,0,3,3,1,42,43
00215000,FISHER COLLEGE                          ,MA,02116-1500,Private      ,122,190,312,1086,618,1704
00215100,BENJAMIN FRANKLIN INSTITUTE OF TECH     ,MA,02116-6296,Public       ,56,34,90,411,147,558
00215300,GORDON COLLEGE                          ,MA,01984-1899,Private      ,51,14,65,1635,72,1707
00215400,HELLENIC COLLEGE                        ,MA,02445-7496,Private      ,6,11,17,50,92,142
00215500,HARVARD UNIVERSITY                      ,MA,02138-3800,Private      ,75,52,127,3969,549,4518
00215501,AMRCN REPERTORY THTR INST ADV THTR      ,MA,02138-0000,Private      ,0,2,2,1,108,109
00215502,HARVARD BUSINESS SCHOOL                 ,MA,02163-0000,Private      ,10,91,101,141,1512,1653
00215503,HARVARD EXTENSION SCHOOL                ,MA,02138-0000,Private      ,12,169,181,77,639,716
00215504,HARVARD SCH OF DENTAL MEDICINE          ,MA,02115-0000,Private      ,0,8,8,5,210,215
00215505,HARVARD UNIV GRAD SCH DESIGN            ,MA,02138-0000,Private      ,1,13,14,10,781,791
00215506,HARVARD DIVINITY SCHOOL                 ,MA,02138-0000,Private      ,10,14,24,21,633,654
00215507,HARVARD UNIV GRAD SCH ED                ,MA,02138-0000,Private      ,0,25,25,12,1177,1189
00215508,HARVARD UNIV GRAD S OF ARTS & SCIEN     ,MA,02138-0000,Private      ,1,69,70,77,744,821
00215509,HARVARD JOHN F KENNEDY SCHL OF GOVT     ,MA,02138-0000,Private      ,2,26,28,15,1008,1023
00215510,HARVARD LAW SCHOOL                      ,MA,02138-0000,Private      ,8,63,71,49,3232,3281
00215511,HARVARD UNIV MEDICAL SCHOOL             ,MA,02115-0000,Private      ,4,29,33,85,878,963
00215512,HARVARD UNIV SCH PUBLIC HEALTH          ,MA,02115-0000,Private      ,1,25,26,17,563,580
00215513,HARVARD UNIVERSITY-HARVARD COLLEGE      ,MA,02138-0000,Private      ,191,24,215,9908,235,10143
00215700,HEBREW COLLEGE                          ,MA,02459-2237,Private      ,2,9,11,4,97,101
00215800,LASELL COLLEGE                          ,MA,02466-2716,Private      ,58,17,75,2013,90,2103
00216000,LESLEY UNIVERSITY                       ,MA,02138-2790,Private      ,80,992,1072,1627,4643,6270
00216100,UMASS LOWELL                            ,MA,01854-3089,Public       ,481,511,992,6390,2485,8875
00216300,MARIST COLLEGE & SEMINARY               ,MA,01701-0000,Private      ,0,21,21,5,313,318
00216400,NEW ENGLAND COLLEGE OF OPTOMETRY        ,MA,02115-1129,Private      ,0,18,18,4,428,432
00216500,MASS. COLLEGE OF PHARMACY  & HEALTH SCIE,MA,02115-5804,Private      ,34,79,113,2546,1839,4385
00216700,BERKSHIRE COMMUNITY COLLEGE             ,MA,01201-5786,Public       ,102,175,277,652,736,1388
00216800,CAPE COD COMMUNITY COLLEGE              ,MA,02668-1599,Public       ,251,321,572,998,1079,2077
00216900,GREENFIELD COMMUNITY COLLEGE            ,MA,01301-9739,Public       ,159,272,431,606,937,1543
00217000,HOLYOKE COMMUNITY COLLEGE               ,MA,01040-1099,Public       ,496,593,1089,2364,2554,4918
00217100,MASSACHUSETTS BAY COMMUNITY COLLEGE     ,MA,02181-0000,Public       ,282,339,621,1368,1497,2865
00217200,MOUNT WACHUSETT COMMUNITY COLLEGE       ,MA,01440-1000,Public       ,197,403,600,1184,1711,2895
00217300,NORTH SHORE COMMUNITY COLLEGE           ,MA,01923-4093,Public       ,543,756,1299,1768,2488,4256
00217400,NORTHERN ESSEX COMMUNITY COLLEGE        ,MA,01830-2399,Public       ,625,970,1595,1636,2436,4072
00217500,QUINSIGAMOND COMMUNITY COLLEGE          ,MA,01606-2092,Public       ,403,483,886,1905,2078,3983
00217600,BRISTOL COMMUNITY COLLEGE               ,MA,02720-7399,Public       ,455,627,1082,2131,2348,4479
00217700,MASSASOIT COMMUNITY COLLEGE             ,MA,02302-3996,Public       ,374,438,812,2102,2057,4159
00217800,MASSACHUSETTS INST OF TECHNOLOGY        ,MA,02139-4307,Private      ,63,229,292,7274,2030,9304
00218000,MASSACHUSETTS COLLEGE OF ART AND DESIGN ,MA,02115-5803,Public       ,53,59,112,1860,646,2506
00218100,MASSACHUSETTS MARITIME ACADEMY          ,MA,02532-3400,Public       ,70,18,88,900,68,968
00218300,BRIDGEWATER STATE COLLEGE               ,MA,02325-0001,Public       ,339,317,656,8228,1959,10187
00218400,FITCHBURG STATE COLLEGE                 ,MA,01420-2697,Public       ,204,162,366,3978,922,4900
00218500,FRAMINGHAM STATE COLLEGE                ,MA,01702-2471,Public       ,200,136,336,4244,725,4969
00218700,MASSACHUSETTS CLG OF LIBERAL ARTS       ,MA,01247-4100,Public       ,60,66,126,1523,449,1972
00218800,SALEM STATE COLLEGE                     ,MA,01970-5353,Public       ,419,451,870,6219,2254,8473
00218900,WESTFIELD STATE COLLEGE                 ,MA,01086-1630,Public       ,230,146,376,5541,877,6418
00219000,WORCESTER STATE COLLEGE                 ,MA,01602-2597,Public       ,214,220,434,4018,1305,5323
00219200,MOUNT HOLYOKE COLLEGE                   ,MA,01075-1492,Private      ,26,9,35,2178,219,2397
00219300,MOUNT IDA COLLEGE                       ,MA,02459-3323,Private      ,72,25,97,1907,255,2162
00219400,NEW ENGLAND CONSERVATORY OF MUSIC       ,MA,02115-5018,Private      ,8,12,20,638,643,1281
00219700,NICHOLS COLLEGE                         ,MA,01571-6346,Private      ,29,38,67,1340,170,1510
00219900,NORTHEASTERN UNIVERSITY                 ,MA,02115-5000,Private      ,640,716,1356,23973,6501,30474
00220100,PINE MANOR COLLEGE                      ,MA,02167-0000,Private      ,42,18,60,586,88,674
00220200,BLESSED JOHN XXIII NATIONAL SEMINARY    ,MA,02493-0000,Private      ,0,1,1,1,2,3
00220500,QUINCY COLLEGE                          ,MA,02169-4501,Public       ,218,414,632,790,1536,2326
00220600,REGIS COLLEGE                           ,MA,02193-0000,Private      ,25,78,103,838,465,1303
00220800,SIMMONS COLLEGE                         ,MA,02115-5898,Private      ,65,258,323,2427,2551,4978
00220900,SMITH COLLEGE                           ,MA,01063-2936,Private      ,44,19,63,2877,879,3756
00221000,UNIV OF MASSACHUSETTS-DARTMOUTH         ,MA,02747-2300,Public       ,449,245,694,8362,1638,10000
00221100,SPRINGFIELD COLLEGE                     ,MA,01109-3797,Private      ,125,695,820,3319,3309,6628
00221400,ST JOHN'S SEMINARY                      ,MA,02135-8839,Private      ,5,20,25,11,40,51
00221700,STONEHILL COLLEGE                       ,MA,02357-6110,Private      ,58,12,70,4650,112,4762
00221800,SUFFOLK UNIVERSITY                      ,MA,02108-2770,Private      ,121,220,341,6619,1898,8517
00221802,SUFFOLK UNIVERSITY LAW SCHOOL           ,MA,02108-0000,Private      ,1,75,76,113,2520,2633
00221900,TUFTS UNIVERSITY                        ,MA,02155-5808,Private      ,81,141,222,7924,2090,10014
00221901,TUFTS UNIV SCH OF DENTAL MEDICINE       ,MA,02111-0000,Private      ,0,19,19,16,789,805
00221902,TUFTS UNIVERSITY - CUMMINGS SCHOOL OF VE,MA,01536-0000,Private      ,0,10,10,20,409,429
00221904,TUFTS UNIV SCHOOL OF MEDICINE           ,MA,02111-0000,Private      ,4,26,30,45,1229,1274
00222100,UNIV OF MASSACHUSETTS-AMHERST           ,MA,01003-0000,Public       ,898,655,1553,23279,5147,28426
00222200,UNIV OF MASSACHUSETTS-BOSTON            ,MA,02125-3393,Public       ,544,1016,1560,5806,5787,11593
00222400,WELLESLEY COLLEGE                       ,MA,02481-8203,Private      ,55,11,66,2832,123,2955
00222500,WENTWORTH INSTITUTE OF TECHNOLOGY       ,MA,02115-5998,Private      ,113,81,194,3371,414,3785
00222600,WESTERN NEW ENGLAND COLLEGE             ,MA,01119-2654,Private      ,92,113,205,4272,1252,5524
00222700,WHEATON COLLEGE                         ,MA,02766-2322,Private      ,19,5,24,2341,38,2379
00222800,WHEELOCK COLLEGE                        ,MA,02215-4176,Private      ,31,55,86,974,540,1514
00222900,WILLIAMS COLLEGE                        ,MA,01267-2600,Private      ,48,5,53,2659,61,2720
00223300,WORCESTER POLYTECHNIC INSTITUTE         ,MA,01609-2280,Private      ,65,54,119,4350,292,4642
00396500,BAY STATE COLLEGE                       ,MA,02116-2901,Proprietary  ,91,87,178,883,335,1218
00396600,BOSTON ARCHITECTURAL COLLEGE            ,MA,02115-2795,Private      ,38,132,170,329,721,1050
00466100,HAMPSHIRE COLLEGE                       ,MA,01002-3359,Private      ,58,10,68,2075,77,2152
00466600,SALTER COLLEGE                          ,MA,01583-1700,Proprietary  ,158,643,801,416,1711,2127
00466700,SCHOOL OF MUSEUM OF FINE ARTS           ,MA,02115-5534,Private      ,19,16,35,767,305,1072
00466900,UPPER CAPE COD REGIONAL VOC TECH        ,MA,02532-3310,Public       ,2,8,10,9,46,55
00527900,GREATER LOWELL REGNL VOC TECH SCH       ,MA,01879-0000,Public       ,4,17,21,11,58,69
00551900,DIMAN REGIONAL VOC TECH INST            ,MA,02723-3519,Public       ,3,11,14,11,63,74
00552300,BLUE HILLS REGIONAL VOC TECH            ,MA,02021-1398,Public       ,8,13,21,22,117,139
00555700,MCCANN TECHNICAL SCHOOL                 ,MA,01247-0000,Public       ,1,11,12,16,36,52
00613600,NATIONAL AVIATION ACADEMY - NEW ENGLAND ,MA,01730-2620,Proprietary  ,30,43,73,85,105,190
00632200,BROCKTON HOSPITAL SCH OF NURSING        ,MA,02302-0000,Private      ,5,25,30,95,363,458
00632400,LABOURE COLLEGE                         ,MA,02124-5698,Private      ,17,78,95,127,529,656
00633100,LAWRENCE MEM HOSPITAL SCH OF NRSNG      ,MA,02155-1643,Private      ,5,50,55,59,357,416
00687300,MARIAN COURT COLLEGE                    ,MA,01907-2896,Private      ,32,24,56,168,91,259
00748100,GIBBS COLLEGE                           ,MA,02116-2904,Proprietary  ,86,89,175,339,456,795
00748400,NEWBURY COLLEGE                         ,MA,02445-5796,Private      ,66,38,104,1309,262,1571
00748600,THE NEW ENGLAND INSTITUTE OF ART        ,MA,02445-7295,Proprietary  ,195,109,304,1341,488,1829
00748800,KAPLAN CAREER INSTITUTE                 ,MA,02129-1644,Proprietary  ,38,94,132,119,295,414
00807800,SPRINGFIELD TECHNICAL COMMUNITY CLG     ,MA,01105-0000,Public       ,450,809,1259,1892,3139,5031
00891600,NEW ENGLAND SCHOOL OF LAW               ,MA,02116-0000,Private      ,0,54,54,7,2005,2012
00912900,EMPIRE BEAUTY SCHOOL                    ,MA,02148-0000,Proprietary  ,15,25,40,22,41,63
00964500,BARD COLLEGE AT SIMON'S ROCK            ,MA,01230-9702,Private      ,40,1,41,327,8,335
00974700,GORDON-CONWELL THEOLOGICAL SEMINARY     ,MA,01982-0000,Private      ,1,91,92,3,612,615
00975600,UNIVERSITY OF MASS MEDICAL CENTER       ,MA,01655-0000,Public       ,1,41,42,17,716,733
00987700,HENRI'S SCHOOL OF HAIR DESIGN           ,MA,01420-5675,Proprietary  ,20,13,33,31,22,53
00989900,LOWELL ACADEMY HAIRSTYLING INST         ,MA,01852-1909,Proprietary  ,9,13,22,17,34,51
00993600,MIDDLESEX COMMUNITY COLLEGE             ,MA,01730-1197,Public       ,254,192,446,966,663,1629
00993602,"MIDDLESEX COMMUNITY COLLEGE, LOWELL     ",MA,01852-0000,Public       ,467,371,838,1664,1195,2859
01121000,BUNKER HILL COMMUNITY COLLEGE           ,MA,02129-2991,Public       ,447,832,1279,2440,3789,6229
01151000,EVEREST INSTITUTE                       ,MA,02135-7638,Proprietary  ,103,259,362,269,731,1000
01193000,ROXBURY COMMUNITY COLLEGE               ,MA,02120-3400,Public       ,156,501,657,607,1828,2435
01204200,MANSFIELD BEAUTY SCHOOLS                ,MA,02169-5061,Proprietary  ,8,15,23,22,43,65
01206800,MANSFIELD BEAUTY SCHOOL                 ,MA,01103-1410,Proprietary  ,4,12,16,10,46,56
01238600,SOUTHEASTERN TECHNICAL INSTITUTE        ,MA,02375-1780,Public       ,10,21,31,34,109,143
01241400,EMPIRE BEAUTY SCHOOL                    ,MA,02116-1914,Proprietary  ,5,6,11,17,29,46
01255300,WHITTIER REGIONAL VOC TECH SCHOOL       ,MA,01830-1898,Public       ,0,1,1,2,6,8
01288100,MONTACHUSETT REG VOC TECH SCH           ,MA,01420-4649,Public       ,4,10,14,9,42,51
01292100,EMPIRE BEAUTY SCHOOL                    ,MA,02215-0000,Proprietary  ,62,115,177,102,175,277
01294800,ROB ROY ACADEMY                         ,MA,02721-5330,Proprietary  ,22,29,51,33,53,86
02063000,MONTSERRAT COLLEGE OF ART               ,MA,01915-0000,Private      ,10,6,16,394,43,437
02063800,BUTERA SCHOOL OF ART                    ,MA,02116-0000,Proprietary  ,5,2,7,48,9,57
02076700,EMPIRE BEAUTY SCHOOL                    ,MA,02148-0000,Proprietary  ,31,48,79,53,100,153
02079400,EMPIRE BEAUTY SCHOOL                    ,MA,02453-0000,Proprietary  ,25,56,81,60,90,150
02092100,MASSACHUSETTS SCHOOL OF BARBERING       ,MA,02169-0000,Proprietary  ,9,21,30,13,45,58
02092200,EMPIRE BEAUTY SCHOOL                    ,MA,01852-0000,Proprietary  ,28,44,72,50,116,166
02122000,NEW ENGLAND HAIR ACADEMY                ,MA,02148-0000,Proprietary  ,17,20,37,30,44,74
02137000,ROB ROY ACADEMY                         ,MA,02780-0000,Proprietary  ,12,8,20,18,21,39
02137200,MASS GEN HOSP DIETETIC INTERNSHIP       ,MA,02114-0000,Private      ,0,0,0,2,6,8
02143000,LONGY SCHOOL OF MUSIC                   ,MA,02138-3599,Private      ,0,15,15,30,109,139
02161300,WESTON JESUIT SCHOOL OF THEOLOGY        ,MA,02138-0000,Private      ,0,5,5,1,73,74
02163500,NEW ENGLAND SCHOOL OF PHOTOGRAPHY       ,MA,02215-0000,Proprietary  ,17,17,34,86,89,175
02169900,ASSABET VALLEY REGIONAL VOC SCHOOL      ,MA,01752-0000,Public       ,1,13,14,9,43,52
02181600,ROB ROY ACADEMY                         ,MA,01609-0000,Proprietary  ,31,45,76,58,91,149
02182900,CAMBRIDGE COLLEGE                       ,MA,02138-5304,Private      ,44,1152,1196,121,3479,3600
02197900,NORTH BENNET STREET SCHOOL              ,MA,02113-0000,Private      ,3,12,15,34,89,123
02215100,HALLMARK INSTITUTE OF PHOTOGRAPHY       ,MA,01376-0000,Proprietary  ,22,41,63,180,160,340
02219501,MILDRED ELLEY - PITTSFIELD              ,MA,01201-5300,Proprietary  ,1,3,4,4,6,10
02220400,CATHERINE HINDS INST OF ESTHETICS       ,MA,01801-0000,Proprietary  ,17,36,53,49,115,164
02237100,JOSEPH P KEEFE TECHNICAL SCHOOL         ,MA,01701-5698,Public       ,0,0,0,0,2,2
02274300,CONWAY SCHOOL OF LANDSCAPE DESIGN       ,MA,01341-0179,Private      ,0,2,2,0,13,13
02325700,LABARON HAIRDRESSING ACADEMY            ,MA,02740-0000,Proprietary  ,8,15,23,14,33,47
02325800,LABARON HAIRDRESSING ACAD-BROCKTON      ,MA,02301-0000,Proprietary  ,6,9,15,16,23,39
02337400,BANCROFT SCHOOL OF MASSAGE THERAPY      ,MA,01604-4614,Proprietary  ,4,24,28,21,72,93
02338200,BAY STATE SCHOOL OF TECHNOLOGY          ,MA,02021-0000,Proprietary  ,15,94,109,33,145,178
02339400,ROB ROY ACADEMY                         ,MA,02746-0000,Proprietary  ,2,10,12,10,20,30
02491700,CORTIVA INSTITUTE -  BOSTON             ,MA,02472-2577,Proprietary  ,5,51,56,18,117,135
02523900,ELIZABETH GRADY SCHOOL OF ESTHETICS     ,MA,02155-0000,Proprietary  ,6,25,31,20,40,60
02579800,NEW ENGLAND SCHOOL OF ACUPUNCTURE       ,MA,02458-0000,Private      ,0,18,18,0,140,140
02614901,SANFORD-BROWN INSTITUTE - SPRINGFIELD   ,MA,01104-1739,Proprietary  ,4,5,9,9,18,27
03066700,AILANO SCHOOL OF COSMETOLOGY            ,MA,02303-4740,Proprietary  ,9,13,22,23,26,49
03104000,SHAWSHEEN ADULT TECHNICAL INSTITUTE     ,MA,01821-5499,Public       ,1,11,12,8,35,43
03120800,KAY HARVEY HAIRDRESSING ACADEMY         ,MA,01089-2701,Proprietary  ,7,9,16,14,34,48
03127700,SOUTHERN NEW ENGLAND SCHOOL OF LAW      ,MA,02747-1252,Private      ,0,30,30,2,262,264
03130500,URBAN COLLEGE OF BOSTON                 ,MA,02111-1093,Private      ,12,191,203,30,476,506
03194300,BOSTON GRAD SCH OF PSYCHOANALYSIS       ,MA,02446-4602,Private      ,1,23,24,1,49,50
03196300,LINCOLN TECHNICAL INSTITUTE             ,MA,02145-1102,Proprietary  ,55,111,166,161,384,545
03196302,LINCOLN TECHNICAL INSTITUTE             ,MA,01852-5119,Proprietary  ,59,92,151,130,268,398
03205400,JOLIE HAIR & BEAUTY ACADEMY             ,MA,01056-2769,Proprietary  ,3,10,13,4,16,20
03232302,LINCOLN TECHNICAL INSTITUTE             ,MA,02401-1818,Proprietary  ,25,57,82,49,129,178
03235300,MASSACHUSETTS SCHOOL OF LAW             ,MA,01810-1094,Private      ,0,101,101,6,505,511
03240300,HAIR IN MOTION BEAUTY ACADEMY           ,MA,01604-2213,Proprietary  ,5,6,11,9,12,21
03248300,BOSTON BAPTIST COLLEGE                  ,MA,02136-4000,Private      ,28,15,43,89,36,125
03316400,FUNERAL INSTITUTE OF THE NORTHEAST      ,MA,02062-4766,Proprietary  ,6,17,23,17,53,70
03504300,NATL GRAD SCH OF QUALITY SYSTM MGMT     ,MA,02540-0000,Private      ,0,6,6,0,20,20
03763300,MEDICAL PROFESSIONAL INSTITUTE          ,MA,02148-8143,Proprietary  ,1,12,13,2,31,33
03859300,E.I.N.E.                                ,MA,01876-4709,Proprietary  ,1,11,12,1,19,20
03946300,FRANKLIN W. OLIN COLLEGE OF ENGINEERING ,MA,02492-1200,Private      ,10,0,10,20,0,20
04039300,SULLIVAN AND COGLIANO TRAINING CENTER   ,MA,02301-1822,Proprietary  ,0,61,61,0,62,62
00401000,INSTITUT INTERNAT'L D'ETUDES FRANCA     ,FC,00000-0000,Public       ,0,1,1,1,3,4
00401200,HEBREW UNIVERSITY OF JERUSALEM (THE)    ,FC,00000-0000,Public       ,3,4,7,55,148,203
00403000,UNIVERSITY OF CAMBRIDGE                 ,FC,00000-0000,Public       ,0,11,11,1,31,32
00503400,AMERICAN UNIVERSITY OF CAIRO            ,FC,00000-0000,Private      ,9,20,29,76,143,219
00667100,KATHOLIEKE UNIVERSITEIT LEUVEN          ,FC,00000-0000,Private      ,1,15,16,2,35,37
00669000,UNIVERSITY OF COPENHAGEN                ,FC,00000-0000,Public       ,0,1,1,0,8,8
00669100,UNIVERSITY OF CAMBRIDGE - PEMBROKE      ,FC,00000-0000,Public       ,0,2,2,1,8,9
00669200,UNIVERSITY OF LEEDS                     ,FC,00000-0000,Public       ,5,7,12,11,74,85
00669300,UNIV OF LONDON-LONDON SCHOOL ECON       ,FC,00000-0000,Public       ,5,83,88,24,472,496
00669400,SCH OF ORIENTAL & AFRICAN STUDIES       ,FC,00000-0000,Public       ,4,22,26,12,138,150
00669500,UNIV OF LONDON-UNIVERSITY COLLEGE       ,FC,00000-0000,Public       ,9,53,62,35,287,322
00669600,UNIV OF LONDON-SCH ADVANCED STUDY       ,FC,00000-0000,Public       ,0,5,5,0,20,20
00669700,"QUEEN MARY, UNIVERSITY OF LONDON        ",FC,00000-0000,Public       ,1,17,18,13,87,100
00669900,UNIVERSITY OF SUSSEX                    ,FC,00000-0000,Public       ,3,14,17,9,82,91
00670000,"UNIVERSITY OF YORK, THE                 ",FC,00000-0000,Public       ,2,12,14,9,93,102
00670400,UNIVERSITY COLLEGE CORK                 ,FC,00000-0000,Public       ,2,9,11,17,46,63
00671300,UPPSALA UNIVERSITY                      ,FC,00000-0000,Public       ,1,5,6,1,17,18
00671500,UNIVERSITY OF GENEVA                    ,FC,00000-0000,Public       ,0,5,5,0,30,30
00683900,UNIVERSITY OF EDINBURGH                 ,FC,00000-0000,Public       ,14,51,65,80,354,434
00684200,UNIVERSITY OF DUBLIN TRINITY COLLEG     ,FC,00000-0000,Public       ,2,33,35,26,138,164
00685000,UNIVERSITY OF CAMBRIDGE - DOWNING C     ,FC,00000-0000,Public       ,0,0,0,0,2,2
00685100,INTERNATIONAL CHRISTIAN UNIVERSITY      ,FC,00000-0000,Private      ,1,1,2,9,9,18
00763200,UNIVERSITY OF BRISTOL                   ,FC,00000-0000,Public       ,0,11,11,13,63,76
00768100,COLLEGE OF EUROPE                       ,FC,00000-0000,Private      ,2,1,3,3,5,8
00770500,ROYAL COLLEGE OF SURGEONS IN IRELAN     ,FC,00000-0000,Private      ,3,11,14,8,63,71
00788100,AMERICAN UNIVERSITY OF PARIS            ,FC,00000-0000,Private      ,20,24,44,219,96,315
00837100,AMERICAN UNIVERSITY OF BEIRUT           ,FC,00000-0000,Private      ,8,9,17,60,56,116
00837300,TEL-AVIV UNIVERSITY                     ,FC,00000-0000,Public       ,2,3,5,12,60,72
00837700,UNIVERSITEIT VAN AMSTERDAM(UNIVERSI     ,FC,00000-0000,Public       ,1,18,19,9,113,122
00838000,UNIVERSITY OF WARWICK                   ,FC,00000-0000,Public       ,0,7,7,6,46,52
00838300,UNIVERSITY OF GLASGOW                   ,FC,00000-0000,Public       ,3,34,37,33,245,278
00838600,UNIVERSITY OF HELSINKI                  ,FC,00000-0000,Public       ,0,1,1,0,8,8
00839300,UNIVERSITY OF OSLO                      ,FC,00000-0000,Public       ,1,1,2,2,17,19
00839400,UNIVERSITY OF OXFORD                    ,FC,00000-0000,Public       ,4,33,37,13,164,177
00839800,UNIVERSITY OF SHEFFIELD (THE)           ,FC,00000-0000,Public       ,1,10,11,5,53,58
00839900,UNIVERSITY OF SOUTHAMPTON               ,FC,00000-0000,Public       ,1,11,12,5,37,42
00845000,KASTURBA MEDICAL COLLEGE (A CONSTITENT I,FC,00000-0000,Private      ,6,119,125,38,358,396
00845200,ABERYSTWYTH UNIVERSITY                  ,FC,00000-0000,Public       ,1,4,5,10,32,42
00846000,UNIVERSITY OF NEWCASTLE UPON TYNE       ,FC,00000-0000,Public       ,1,11,12,4,42,46
00846100,UNIVERSITY OF SAINT ANDREWS             ,FC,00000-0000,Public       ,29,23,52,118,124,242
00846200,UNIVERSIDAD DE SALAMANCA                ,FC,00000-0000,Public       ,2,5,7,8,40,48
00850500,UNIVERSITY OF MELBOURNE                 ,FC,00000-0000,Public       ,0,18,18,13,104,117
00858600,SWANSEA UNIVERSITY                      ,FC,00000-0000,Public       ,1,4,5,6,44,50
00858700,UNIVERSITY OF DURHAM                    ,FC,00000-0000,Public       ,1,16,17,8,61,69
00866500,UNIVERSITY OF KENT AT CANTERBURY (THE)  ,FC,00000-0000,Public       ,1,19,20,4,95,99
00866600,UNIVERSITY OF HONG KONG                 ,FC,00000-0000,Public       ,1,3,4,11,32,43
00867000,UNIVERSITY OF NEW SOUTH WALES           ,FC,00000-0000,Public       ,0,8,8,10,70,80
00868700,UNIVERSITY OF ESSEX                     ,FC,00000-0000,Public       ,2,7,9,8,52,60
00869200,LEIDEN UNIVERSITY                       ,FC,00000-0000,Public       ,1,9,10,3,56,59
00869300,CITY UNIVERSITY                         ,FC,00000-0000,Public       ,3,11,14,12,89,101
00890800,THE UNIVERSITY OF BIRMINGHAM            ,FC,00000-0000,Public       ,1,21,22,7,88,95
00891000,UNIVERSITY OF HULL                      ,FC,00000-0000,Public       ,3,4,7,7,16,23
00892000,UNIVERSITY OF NOTTINGHAM                ,FC,00000-0000,Public       ,2,13,15,16,82,98
00900600,UNIVERSITY OF SALFORD (THE)             ,FC,00000-0000,Public       ,0,2,2,2,14,16
00908400,"UNIV OF LONDON, BIRKBECK                ",FC,00000-0000,Public       ,0,13,13,0,71,71
00908500,UNIV OF LONDON KING'S COLLEGE           ,FC,00000-0000,Public       ,1,29,30,12,200,212
00908600,UNIVERSITY OF LONDON - ROYAL HOLLOWAY   ,FC,00000-0000,Public       ,1,11,12,14,58,72
00914300,BAR-ILAN UNIVERSITY                     ,FC,00000-0000,Private      ,2,1,3,7,14,21
00924700,ARCHITECTURAL ASSOC SCH OF ARCHITEC     ,FC,00000-0000,Private      ,0,4,4,3,26,29
00924900,UNIVERSITY OF LIVERPOOL                 ,FC,00000-0000,Public       ,0,8,8,9,43,52
00936800,UNIVERSITY OF ABERDEEN                  ,FC,00000-0000,Public       ,7,16,23,29,85,114
00942300,ROYAL COLLEGE OF ART                    ,FC,00000-0000,Public       ,0,3,3,2,25,27
00942400,ROYAL ACADEMY OF DRAMATIC ART           ,FC,00000-0000,Private      ,1,0,1,7,8,15
00942800,TECHNION-ISRAEL INST OF TECHLGY         ,FC,00000-0000,Public       ,0,16,16,1,46,47
00944200,UNIVERSITY OF EXETER                    ,FC,00000-0000,Public       ,1,12,13,8,72,80
00944400,UNIVERSITY OF LANCASTER                 ,FC,00000-0000,Public       ,0,6,6,1,25,26
00963400,UNIVERSITY OF OXFORD ST CATHERINE'S     ,FC,00000-0000,Public       ,0,4,4,0,11,11
00980800,UNIVERSITY OF STRATHCLYDE               ,FC,00000-0000,Public       ,0,8,8,1,31,32
00981700,UNIVERSITY OF SANTO TOMAS               ,FC,00000-0000,Private      ,0,4,4,3,21,24
00986000,UNIVERSITY OF SURREY                    ,FC,00000-0000,Public       ,0,4,4,0,15,15
00988800,KAROLINSKA INSTITUTET                   ,FC,00000-0000,Public       ,0,0,0,0,3,3
00990600,PONTIFICAL NORTH AMERICAN COLLEGE       ,FC,00000-0000,Private      ,0,4,4,2,8,10
00992700,UNIVERSITY OF CAMBRIDGE - FITZWILLI     ,FC,00000-0000,Public       ,0,0,0,0,5,5
01006700,LUND UNIVERSITY                         ,FC,00000-0000,Public       ,0,7,7,0,33,33
01008400,UNIVERSITY OF CAPE TOWN                 ,FC,00000-0000,Private      ,2,2,4,9,29,38
01008700,UNIVERSITY OF OXFORD ST PETER'S COL     ,FC,00000-0000,Public       ,0,1,1,2,6,8
01008800,UNIVERSITY OF OXFORD - CORPUS CHRIS     ,FC,00000-0000,Public       ,0,1,1,0,4,4
01009000,UNIVERSITY OF OXFORD - BALLIOL COLL     ,FC,00000-0000,Public       ,0,2,2,0,13,13
01014300,UNIVERSITY OF READING                   ,FC,00000-0000,Public       ,0,8,8,4,44,48
01015700,CARDIFF UNIVERSITY                      ,FC,00000-0000,Public       ,1,6,7,3,39,42
01015900,PONTIFICIA UNIVERSITA GREGORIANA        ,FC,00000-0000,Private      ,1,0,1,1,4,5
01016000,CG JUNG INST                            ,FC,00000-0000,Private      ,0,0,0,1,0,1
01018800,UNIVERSITY COLLEGE DUBLIN               ,FC,00000-0000,Public       ,0,46,46,5,131,136
01019000,UNIVERSITY OF CAMBRIDGE CHURCHILL C     ,FC,00000-0000,Public       ,0,0,0,0,5,5
01022800,UNIVERSITY OF STIRLING                  ,FC,00000-0000,Public       ,1,3,4,8,18,26
01033200,UNIVERSITY OF CAMBRIDGE - CLARE COL     ,FC,00000-0000,Public       ,0,2,2,1,8,9
01045600,UNIVERSITY OF HAIFA                     ,FC,00000-0000,Public       ,0,1,1,8,9,17
01047200,INST EUROPEEN OPEEN D'ADMINISTRATIO     ,FC,00000-0000,Private      ,0,14,14,0,44,44
01049300,CRANFIELD UNIVERSITY                    ,FC,00000-0000,Public       ,0,6,6,0,10,10
01052000,TRINITY LABAN                           ,FC,00000-0000,Public       ,0,0,0,3,2,5
01052001,LABAN CENTER FOR MOVEMENT & DANCE       ,FC,00000-0000,Public       ,0,1,1,2,5,7
01052500,UNIVERSITY OF HERTFORDSHIRE             ,FC,00000-0000,Public       ,1,0,1,7,6,13
01057400,LONDON INTRNTL FILM SCHOOL              ,FC,00000-0000,Private      ,0,6,6,0,27,27
01058400,VRIJE UNIVERSITEIT BRUSSELS             ,FC,00000-0000,Private      ,1,2,3,3,9,12
01058600,INSTITUTE OF SOCIAL STUDIES             ,FC,00000-0000,Private      ,0,3,3,1,18,19
01058800,AUSTRALIAN NATIONAL UNIVERSITY          ,FC,00000-0000,Public       ,0,5,5,6,35,41
01058900,BANGOR UNIVERSITY                       ,FC,00000-0000,Public       ,0,2,2,2,19,21
01059400,"RICHMOND, THE AMERICAN INT UNI IN LONDON",FC,00000-0000,Private      ,28,10,38,294,36,330
01059900,INST D'ETUDES POLITIQUES DE PARIS       ,FC,00000-0000,Public       ,0,16,16,1,39,40
01068100,MACQUARIE UNIVERSITY                    ,FC,00000-0000,Public       ,2,8,10,22,54,76
01069200,UNIVERSITY OF QUEENSLAND (THE)          ,FC,00000-0000,Public       ,2,19,21,22,74,96
01070400,SILLIMAN UNIVERSITY                     ,FC,00000-0000,Private      ,0,1,1,0,3,3
01078900,UNIVERSITY OF OXFORD - WORCESTER CO     ,FC,00000-0000,Public       ,0,1,1,0,9,9
01079200,CITY AND GUILDS OF LONDON INSTITUTE     ,FC,00000-0000,Private      ,0,0,0,3,5,8
01079500,AKADEMIA MEDYCZNA                       ,FC,00000-0000,Public       ,1,10,11,2,21,23
01079700,"NATIONAL UNIVERSITY OF IRELAND, MAY     ",FC,00000-0000,Public       ,0,2,2,3,8,11
01080300,SEMMELWEIS UNIVERSITY OF BUDAPEST       ,FC,00000-0000,Public       ,0,1,1,1,24,25
01081600,KINGSTON UNIVERSITY                     ,FC,00000-0000,Public       ,8,7,15,20,29,49
01083800,UNIVERSITITY OF BERGEN (UOB)            ,FC,00000-0000,Public       ,0,1,1,2,5,7
01086400,UNIV OF DUNDEE                          ,FC,00000-0000,Public       ,1,6,7,7,29,36
01086600,UNIVERSITY OF OXFORD - MAGDALEN COLLEGE ,FC,00000-0000,Public       ,0,1,1,1,13,14
01086700,UNIVERSITY OF OXFORD ST JOHN'S COLL     ,FC,00000-0000,Public       ,0,1,1,1,5,6
01091400,MONASH UNIVERSITY                       ,FC,00000-0000,Public       ,0,6,6,7,34,41
01091500,UNIV OF EAST ANGLIA                     ,FC,00000-0000,Public       ,1,8,9,7,53,60
01094200,UNIVERSITY OF OXFORD - ST HUGH'S CO     ,FC,00000-0000,Public       ,0,3,3,2,4,6
01097700,UNIVERSIDAD CENTRAL DEL ESTE            ,FC,00000-0000,Private      ,35,101,136,84,575,659
01098000,SOMERVILLE COLLEGE                      ,FC,00000-0000,Public       ,0,1,1,0,1,1
01099900,UNIV OF OXFORD - WADHAM COLLEGE         ,FC,00000-0000,Public       ,0,2,2,0,6,6
01104400,PONTIFICIA UNIVERSITA SAN TOMMASO       ,FC,00000-0000,Private      ,0,8,8,2,16,18
01105300,UNIVERSITY OF OXFORD - ST HILDA'S C     ,FC,00000-0000,Public       ,0,4,4,0,6,6
01105400,UNIVERSITY OF OXFORD - ST ANNE'S CO     ,FC,00000-0000,Public       ,0,3,3,0,4,4
01105500,UNIV OF OXFORD - LADY MARGARET HALL     ,FC,00000-0000,Public       ,0,1,1,0,4,4
01105600,UNIVERSITY OF OXFORD - UNIVERSITY C     ,FC,00000-0000,Public       ,0,2,2,1,8,9
01105700,UNIVERSITY OF OXFORD - TRINITY COLL     ,FC,00000-0000,Public       ,1,0,1,2,2,4
01105800,UNIVERSITY OF OXFORD-ST EDMUND HALL     ,FC,00000-0000,Public       ,0,7,7,0,14,14
01105900,UNIVERSITY OF OXFORD ST ANTONY'S CO     ,FC,00000-0000,Public       ,0,9,9,0,38,38
01106000,UNIVERSITY OF OXFORD - QUEEN'S COLL     ,FC,00000-0000,Public       ,1,3,4,1,8,9
01106100,UNIVERSITY OF OXFORD - PEMBROKE COL     ,FC,00000-0000,Public       ,0,1,1,1,8,9
01106200,UNIVERSITY OF OXFORD - ORIEL COLLEG     ,FC,00000-0000,Public       ,1,2,3,2,5,7
01106300,UNIVERSITY OF OXFORD - NUFFIELD COL     ,FC,00000-0000,Public       ,0,2,2,0,8,8
01106400,UNIVERSITY OF OXFORD - NEW COLLEGE      ,FC,00000-0000,Public       ,0,3,3,1,9,10
01106500,UNIVERSITY OF OXFORD MERTON COLLEGE     ,FC,00000-0000,Public       ,0,1,1,2,7,9
01106600,UNIVERSITY OF OXFORD - LINCOLN COLL     ,FC,00000-0000,Public       ,0,3,3,1,7,8
01106700,UNIVERSITY OF OXFORD - KEBLE COLLEG     ,FC,00000-0000,Public       ,0,1,1,1,6,7
01106800,UNIVERSITY OF OXFORD - JESUS COLLEG     ,FC,00000-0000,Public       ,0,3,3,0,15,15
01106900,UNIVERSITY OF OXFORD - HERTFORD COL     ,FC,00000-0000,Public       ,1,2,3,1,10,11
01107000,UNIVERSITY OF OXFORD EXETER COLLEGE     ,FC,00000-0000,Public       ,0,4,4,0,15,15
01107100,UNIV OF OXFORD - CHRIST CHURCH          ,FC,00000-0000,Public       ,1,2,3,1,16,17
01107200,UNIVERSITY OF OXFORD - BRASENOSE CO     ,FC,00000-0000,Public       ,0,1,1,0,5,5
01109100,FLINDERS UNIVERSITY OF S AUSTRALIA      ,FC,00000-0000,Public       ,1,4,5,2,17,19
01109400,UNIVERSITY OF WESTERN AUSTRALIA (THE)   ,FC,00000-0000,Public       ,1,2,3,5,17,22
01156700,"IMPERIAL COLLEGE OF SCIENCE, TECHNOLOGY ",FC,00000-0000,Public       ,1,9,10,7,35,42
01167900,UNIVERSITY OF BATH                      ,FC,00000-0000,Public       ,1,7,8,4,31,35
01168300,FRANKLIN COLLEGE  SWITZERLAND           ,FC,00000-0000,Private      ,6,1,7,260,12,272
01175800,UNIV OF CAMBRIDGE - PETERHOUSE          ,FC,00000-0000,Public       ,0,1,1,1,9,10
01176400,ROYAL ACADEMY OF MUSIC                  ,FC,00000-0000,Public       ,0,2,2,7,16,23
01176500,GOLDSMITHS' COLLEGE-UNIV OF LONDON      ,FC,00000-0000,Public       ,1,18,19,11,113,124
01176600,UNIV OF LONDON - INST OF EDUC           ,FC,00000-0000,Public       ,0,7,7,0,29,29
01177900,STOCKHOLM SCHOOL OF ECONOMICS           ,FC,00000-0000,Private      ,0,1,1,0,6,6
01178000,BRUNEL UNIVERSITY                       ,FC,00000-0000,Public       ,0,2,2,5,41,46
01178400,UNIVERSITY OF WARSAW                    ,FC,00000-0000,Public       ,0,1,1,0,5,5
01183800,UNIVERSITY OF OXFORD - MANSFIELD CO     ,FC,00000-0000,Public       ,0,0,0,0,2,2
01207500,UNIVERSITY CAMBRIDGE - TRINITY COLL     ,FC,00000-0000,Public       ,0,2,2,0,13,13
01207800,VICTORIA UNIV OF WELLINGTON             ,FC,00000-0000,Public       ,4,7,11,13,30,43
01210100,UNIVERSITY OF CAMBRIDGE - GIRTON CO     ,FC,00000-0000,Public       ,0,0,0,0,1,1
01213600,VICTORIA UNIV OF MANCHESTER (THE)       ,FC,00000-0000,Public       ,0,13,13,4,74,78
01219800,UNIVERSITY OF BRADFORD                  ,FC,00000-0000,Public       ,0,10,10,3,42,45
01220100,UNIVERSITY OF OXFORD - REGENT'S PAR     ,FC,00000-0000,Public       ,0,1,1,1,7,8
01220600,JAMES COOK UNIVERSITY                   ,FC,00000-0000,Public       ,2,8,10,19,60,79
01221300,PONTIFICIA BOLIVARIANA UNIVERSITY       ,FC,00000-0000,Private      ,1,0,1,1,1,2
01221500,BIRMINGHAM CITY UNIVERSITY              ,FC,00000-0000,Public       ,0,5,5,0,16,16
01222300,JAGIELLONIAN UNIVERSITY COLLEGIUM M     ,FC,00000-0000,Public       ,0,14,14,3,50,53
01222500,UNIVERSITY OF SZEGED FACULTY OF MEDICINE,FC,00000-0000,Public       ,1,6,7,1,16,17
01223400,KOREA UNIVERSITY                        ,FC,00000-0000,Private      ,1,1,2,3,10,13
01225800,ASTON UNIVERSITY                        ,FC,00000-0000,Public       ,0,2,2,0,6,6
01227500,UNIVERSITY OF OXFORD - WOLFSON COLL     ,FC,00000-0000,Public       ,0,3,3,0,12,12
01230200,GONVILLE & CAIUS COLLEGE                ,FC,00000-0000,Public       ,0,1,1,0,8,8
01233300,UNIV OF THE ARTS LONDON- CAMBERWELL COLL,FC,00000-0000,Public       ,2,1,3,6,12,18
01233500,ROYAL COLLEGE OF MUSIC                  ,FC,00000-0000,Public       ,0,2,2,4,10,14
01233700,WROCLAW UNIVERSITY OF MEDICINE          ,FC,00000-0000,Public       ,1,2,3,2,5,7
01234100,UNIVERSITY OF WALES - ST DAVID'S UN     ,FC,00000-0000,Public       ,0,5,5,5,34,39
01239700,KONINKLIJK CONSERVATORIUM               ,FC,00000-0000,Public       ,1,4,5,2,6,8
01242100,UNIV OF AUCKLAND                        ,FC,00000-0000,Public       ,3,10,13,15,54,69
01253900,UNIVERSITY OF THE ARTS LONDON IDO - CENT,FC,00000-0000,Public       ,8,13,21,28,58,86
01254000,UNIVERSIDAD DE NAVARRA                  ,FC,00000-0000,Private      ,1,4,5,6,19,25
01276500,UNIVERSITY OF OXFORD - LINACRE COLL     ,FC,00000-0000,Public       ,0,3,3,0,18,18
01276600,"NATIONAL UNIVERSITY IRELAND, GALWAY     ",FC,00000-0000,Public       ,1,12,13,5,58,63
01280200,PONTIFICIA UNIV CATOLICA MAD Y MAES     ,FC,00000-0000,Private      ,22,61,83,48,100,148
01281100,INST TECNOLOGICO DE SANTO DOMINGO       ,FC,00000-0000,Private      ,3,12,15,9,57,66
01283900,UNIVERSITY OF CAMBRIDGE - SAINT JOH     ,FC,00000-0000,Public       ,0,2,2,0,10,10
01286200,MOUNTVIEW ACADEMY OF THEATRE ARTS       ,FC,00000-0000,Private      ,0,0,0,2,3,5
01297800,UNIVERSITY OF HUDDERSFIELD (THE)        ,FC,00000-0000,Public       ,0,0,0,1,6,7
01315300,MASSEY UNIVERSITY                       ,FC,00000-0000,Public       ,2,11,13,10,48,58
01322500,COLLEGE OF LAW                          ,FC,00000-0000,Private      ,0,2,2,0,17,17
02052400,DARWIN COLLEGE                          ,FC,00000-0000,Public       ,0,4,4,0,9,9
02082400,UNIVERSITY OF CAMBRIDGE - QUEEN'S C     ,FC,00000-0000,Public       ,0,1,1,0,15,15
02083400,UNIVERSITY OF CAMBRIDGE - WOLFSON C     ,FC,00000-0000,Public       ,0,5,5,0,18,18
02087400,UNIVERSITY OF CAMBRIDGE - NEWNHAM C     ,FC,00000-0000,Public       ,0,0,0,0,3,3
02087900,OXFORD BROOKES UNIVERSITY               ,FC,00000-0000,Public       ,2,5,7,7,49,56
02094100,BEN-GURION UNIV                         ,FC,00000-0000,Public       ,0,2,2,2,125,127
02094400,UNIV OF CAMBRIDGE - ST EDMUND'S HOU     ,FC,00000-0000,Public       ,0,0,0,1,3,4
02095500,LONDON BUS SCHOOL                       ,FC,00000-0000,Private      ,0,25,25,2,141,143
02098700,FATIMA COLLEGE OF MEDICINE              ,FC,00000-0000,Private      ,0,7,7,2,43,45
02101900,ROEHAMPTON UNIVERSITY                   ,FC,00000-0000,Public       ,2,5,7,14,62,76
02108600,LONDON ACADEMY OF MUSIC & DRAMATIC      ,FC,00000-0000,Private      ,1,4,5,9,16,25
02115900,UNIVERSITY OF PORTSMOUTH                ,FC,00000-0000,Public       ,2,3,5,4,8,12
02116700,UNIVERSITY OF CAMBRIDGE - LUCY CAVE     ,FC,00000-0000,Public       ,0,0,0,0,4,4
02120000,UNIV OF LONDON - COURTALD INST OF A     ,FC,00000-0000,Public       ,0,3,3,2,23,25
02133400,UNIVERSITY OF CAMBRIDGE - SIDNEY SU     ,FC,00000-0000,Public       ,0,1,1,0,2,2
02142000,UNIVERSITY OF CAMBRIDGE - HOMERTON      ,FC,00000-0000,Public       ,0,1,1,1,3,4
02149700,UNIVERSITY OF WINCHESTER (THE)          ,FC,00000-0000,Public       ,1,0,1,1,1,2
02156800,UNIV OF OTAGO                           ,FC,00000-0000,Public       ,2,3,5,6,24,30
02162300,"IESE BUSINESS SCH, UNIV OF NAVARRA      ",FC,00000-0000,Private      ,1,14,15,2,57,59
02164600,DAYANAND MEDICAL COLLEGE & HOSPITAL     ,FC,00000-0000,Private      ,0,0,0,1,1,2
02167400,UNIVERSITY OF CAMBRIDGE - CORPUS CH     ,FC,00000-0000,Public       ,0,0,0,0,5,5
02168200,NORWEGIAN UNIV OF SCIENCE ANDTECH       ,FC,00000-0000,Public       ,0,0,0,0,2,2
02175700,OHR SOMAYACH INSTITUTIONS               ,FC,00000-0000,Private      ,3,4,7,3,5,8
02177700,KING'S COLLEGE- UNIV OF CAMBRIDGE       ,FC,00000-0000,Public       ,0,2,2,3,21,24
02180500,MIDDLESEX UNIVERSITY                    ,FC,00000-0000,Public       ,1,10,11,22,46,68
02181000,UNIVERSITY OF SOUTH AUSTRALIA           ,FC,00000-0000,Public       ,0,2,2,0,13,13
02183500,UNIV OF OXFORD - WYCLIFFE HALL          ,FC,00000-0000,Public       ,1,0,1,2,7,9
02186000,UNIVERSITY OF CAMBRIDGE - MAGDALENE     ,FC,00000-0000,Public       ,0,1,1,0,3,3
02186100,UNIVERSITY OF CAMBRIDGE - EMMANUEL      ,FC,00000-0000,Public       ,0,0,0,0,2,2
02189600,UNIVERSITY OF GRONINGEN                 ,FC,00000-0000,Public       ,0,0,0,0,9,9
02194800,UNIVERSITY OF THE WEST OF ENGLAND -     ,FC,00000-0000,Public       ,0,3,3,3,13,16
02195100,UNIV OF WESTMINSTER                     ,FC,00000-0000,Public       ,4,18,22,20,85,105
02196700,GUILDHALL SCHOOL OF MUSIC & DRAMA       ,FC,00000-0000,Public       ,1,1,2,10,9,19
02197000,INT'L GRAD PROGRAMME STOCKHOLM UNIV     ,FC,00000-0000,Public       ,0,2,2,0,8,8
02207300,UNIVERSITY OF CAMBRIDGE - CHRIST'S      ,FC,00000-0000,Public       ,0,2,2,0,9,9
02209500,UNIVERSITEIT UTRECHT                    ,FC,00000-0000,Public       ,1,5,6,7,37,44
02210000,UNIV OF LONDON - LONDON SCHOOL OF H     ,FC,00000-0000,Public       ,0,6,6,0,58,58
02212300,UNIVERSITY OF CAMBRIDGE - ROBINSON      ,FC,00000-0000,Public       ,0,1,1,0,4,4
02216300,UNIVERSIDAD DE CHILE                    ,FC,00000-0000,Public       ,0,2,2,7,10,17
02225300,UNIV OF CANTERBURY                      ,FC,00000-0000,Public       ,3,6,9,7,28,35
02229100,UNIVERSITY OF LEICESTER                 ,FC,00000-0000,Public       ,0,12,12,4,64,68
02229600,SACKLER SCHOOL OF MEDICINE              ,FC,00000-0000,Public       ,0,19,19,0,198,198
02232100,UNIVERSITY OF CAMBRIDGE                 ,FC,00000-0000,Public       ,0,7,7,0,26,26
02233300,"ST GEORGE'S UNIV, SCH OF MEDICINE       ",FC,00000-0000,Proprietary  ,2,568,570,12,1840,1852
02235300,LONDON METROPOLITAN UNIVERSITY          ,FC,00000-0000,Public       ,4,31,35,36,109,145
02240900,AISH HATORAH CLG OF JEWISH STUDIES      ,FC,00000-0000,Private      ,1,2,3,1,6,7
02244400,AMERICAN UNIV OF THE CARIBBEAN          ,FC,00000-0000,Proprietary  ,1,224,225,10,914,924
02257100,COVENTRY UNIVERSITY                     ,FC,00000-0000,Public       ,0,2,2,6,6,12
02266600,UNIVERSITY OF LONDON - SAINT GEORGE     ,FC,00000-0000,Public       ,0,0,0,1,7,8
02271700,UNIVERSITY OF CAMBRIDGE - CLARE HAL     ,FC,00000-0000,Public       ,0,3,3,0,9,9
02271800,UNIV OF OXFORD - CAMPION HALL           ,FC,00000-0000,Public       ,0,1,1,0,3,3
02272100,UNIV OF OXFORD - GREYFRIARS             ,FC,00000-0000,Public       ,0,0,0,0,1,1
02272200,UNIV OF CAMBRIDGE - NEW HALL            ,FC,00000-0000,Public       ,0,0,0,0,4,4
02273600,QUEEN'S UNIV OF BELFAST (THE)           ,FC,00000-0000,Public       ,1,5,6,3,27,30
02273900,HERIOT WATT UNIVERSITY                  ,FC,00000-0000,Public       ,1,4,5,1,34,35
02276700,NYENRODE BUSINESS UNIVERSITEIT          ,FC,00000-0000,Private      ,0,1,1,0,6,6
02279700,UNIVERSITY OF MANCHESTER - INSTITUT     ,FC,00000-0000,Public       ,3,10,13,11,74,85
02293400,ECOLE DES HAUTES ETUDES COMERCIALS      ,FC,00000-0000,Public       ,0,2,2,0,25,25
02296300,UNIVERSITY OF CAMBRIDGE - JESUS COL     ,FC,00000-0000,Public       ,0,1,1,0,4,4
02310500,DE MONTFORT UNIVERSITY                  ,FC,00000-0000,Public       ,1,2,3,2,13,15
02320500,ROYAL NORTHERN COLLEGE OF MUSIC         ,FC,00000-0000,Public       ,1,2,3,2,8,10
02335100,UNIV OF CAMBRIDGE - TRINITY HALL        ,FC,00000-0000,Public       ,0,1,1,1,9,10
02338900,UNIVERSITY  FOR THE CREATIVE ARTS       ,FC,00000-0000,Public       ,0,0,0,4,1,5
02338903,KENT INSTITUTE OF ART & DESIGN          ,FC,00000-0000,Public       ,0,0,0,1,4,5
02339300,ERASMUS UNIV ROTTERDAM                  ,FC,00000-0000,Public       ,0,5,5,0,30,30
02347300,ESCUELA AUTONOMA DE CIENCIAS MEDICA     ,FC,00000-0000,Private      ,1,1,2,5,12,17
02351800,UNIVERSIDAD IBEROAMERICANA (UNIBE       ,FC,00000-0000,Private      ,46,175,221,118,711,829
02352100,UNIVERSITY OF PLYMOUTH                  ,FC,00000-0000,Public       ,0,3,3,1,20,21
02355200,ECOLE SUPERIEURE DE CUISINE FRANCAISE-FE,FC,00000-0000,Public       ,1,3,4,4,15,19
02363000,GSA CONSERVATOIRE                       ,FC,00000-0000,Private      ,1,2,3,2,3,5
02493000,ESCUELA SUPERIOR ADMINISTRACION Y D     ,FC,00000-0000,Private      ,0,3,3,0,26,26
02496600,UNIVERSITY OF STELLENBOSCH              ,FC,00000-0000,Public       ,1,1,2,1,8,9
02502600,PECSI ORVOSTUDOMANYI EGYETEM (PECS      ,FC,00000-0000,Public       ,0,3,3,1,18,19
02530000,E.M. LYON                               ,FC,00000-0000,Private      ,0,1,1,0,3,3
02545700,GLASGOW SCHOOL OF ART                   ,FC,00000-0000,Public       ,3,7,10,7,28,35
02579600,MURDOCH UNIVERSITY                      ,FC,00000-0000,Public       ,1,8,9,8,38,46
02588000,UNIVERSITY OF ULSTER                    ,FC,00000-0000,Public       ,0,3,3,6,14,20
02591800,CURTIN UNIVERSITY OF TECHNOLOGY         ,FC,00000-0000,Public       ,1,8,9,5,32,37
02592300,MILLTOWN INST OF THEOLOGY & PHILOSO     ,FC,00000-0000,Private      ,0,2,2,0,4,4
02604300,AALBORG UNIVERSITY                      ,FC,00000-0000,Public       ,0,0,0,3,9,12
02611500,HELSINKI SCH OF ECONOMICS & BUS ADM     ,FC,00000-0000,Public       ,1,0,1,1,3,4
02611600,ECOL NATIONAL DES PONTS ET CHAUSSEE     ,FC,00000-0000,Public       ,0,2,2,1,7,8
02611700,DUBLIN CITY UNIVERSITY                  ,FC,00000-0000,Public       ,0,3,3,4,27,31
02623200,UNIVERSITY OF NEWCASTLE (THE)           ,FC,00000-0000,Public       ,1,5,6,9,21,30
03012700,UNIVERSITY OF BUCKINGHAM                ,FC,00000-0000,Private      ,0,4,4,1,12,13
03029400,KEELE UNIVERSITY                        ,FC,00000-0000,Public       ,0,1,1,0,9,9
03029500,NORTHUMBRIA UNIVERSITY                  ,FC,00000-0000,Public       ,1,4,5,3,14,17
03029800,NORGES HANDELSHOYSKOLE                  ,FC,00000-0000,Public       ,1,0,1,3,2,5
03033300,MANCHESTER METROPOLITAN UNIV            ,FC,00000-0000,Public       ,0,3,3,2,23,25
03033700,NORWEGIAN SCHOOL OF MANAGEMENT          ,FC,00000-0000,Private      ,0,1,1,1,3,4
03045000,UNIVERSITY OF EAST LONDON               ,FC,00000-0000,Public       ,1,6,7,6,30,36
03050100,STUDIO ART CENTERS INTERNATIONAL        ,FC,00000-0000,Private      ,3,4,7,33,56,89
03066800,PONTIFICIO ATENEO DELLA SANTA CROCE     ,FC,00000-0000,Private      ,1,4,5,2,12,14
03067200,UNIVERSITY OF SYDNEY                    ,FC,00000-0000,Public       ,1,25,26,19,125,144
03073800,UNIV OF DEBRECEN MED & HEALTH SCI       ,FC,00000-0000,Public       ,1,8,9,6,18,24
03078700,UNIVERSITA COMMERCIALE L BOCCONI        ,FC,00000-0000,Public       ,0,10,10,4,19,23
03080300,SHEFFIELD HALLAM UNIVERSITY             ,FC,00000-0000,Public       ,1,1,2,1,5,6
03084300,UNIVERSITY OF LIMERICK                  ,FC,00000-0000,Public       ,1,4,5,11,23,34
03085100,UNIV OF WOLVERHAMPTON (WOLVERHAMPTO     ,FC,00000-0000,Public       ,0,3,3,2,8,10
03088100,SOPHIA ANTIPOLIS MANAGEMENT INST        ,FC,00000-0000,Private      ,0,1,1,0,2,2
03088700,ROYAL SCOTTISH ACAD MUSIC & DRAMA       ,FC,00000-0000,Public       ,2,4,6,8,12,20
03091400,UNIVERSITY OF WOLLONGONG                ,FC,00000-0000,Public       ,0,2,2,10,18,28
03091500,UNIVERSITY OF CANBERRA                  ,FC,00000-0000,Public       ,0,0,0,2,2,4
03091700,KAROL MARCINKOWSKI UNIV OF MED SCI      ,FC,00000-0000,Public       ,0,59,59,8,153,161
03092500,NOTTINGHAM TRENT UNIVERSITY             ,FC,00000-0000,Public       ,0,4,4,4,17,21
03095000,RMIT UNIVERSITY                         ,FC,00000-0000,Public       ,0,6,6,5,20,25
03095400,BOND UNIVERSITY                         ,FC,00000-0000,Private      ,6,14,20,21,68,89
03095900,ESSEC BUSINESS SCHOOL                   ,FC,00000-0000,Private      ,0,2,2,0,6,6
03096100,LA TROBE UNIVERSITY                     ,FC,00000-0000,Public       ,0,3,3,8,16,24
03096900,DEAKIN UNIVERSITY                       ,FC,00000-0000,Public       ,1,3,4,5,17,22
03097100,UNIVERSITY OF WESTERN SYDNEY            ,FC,00000-0000,Public       ,2,1,3,4,7,11
03097300,VICTORIA UNIVERSITY OF TECHNOLOGY       ,FC,00000-0000,Public       ,1,2,3,3,11,14
03097500,CENTRAL QUEENSLAND UNIVERSITY           ,FC,00000-0000,Public       ,0,1,1,3,5,8
03100000,UNIVERSITY OF ADELAIDE (THE)            ,FC,00000-0000,Public       ,1,6,7,2,29,31
03100200,INST DE MANAGEMENT HOTELIER INTERNA     ,FC,00000-0000,Private      ,0,0,0,1,0,1
03101600,ASIAN INSTITUTE OF MANAGEMENT           ,FC,00000-0000,Private      ,0,0,0,1,3,4
03102500,AMERICAN UNIVERSITY OF ROME             ,FC,00000-0000,Private      ,11,8,19,109,48,157
03102800,ROBERT GORDON UNIVERSITY (THE)          ,FC,00000-0000,Public       ,1,3,4,2,10,12
03103200,INT'L STUDIES CTR AT THE CORVINUS UNIVER,FC,00000-0000,Public       ,0,0,0,0,5,5
03104800,GRIFFITH UNIVERSITY                     ,FC,00000-0000,Public       ,1,4,5,15,31,46
03106100,ROSKILDE UNIV ROSKILDE UNIVERSITY C     ,FC,00000-0000,Public       ,0,1,1,0,2,2
03123500,HOGESCHOOL VAN AMSTERDAM                ,FC,00000-0000,Private      ,0,2,2,3,8,11
03125200,LINCOLN UNIVERSITY                      ,FC,00000-0000,Public       ,0,1,1,1,4,5
03136300,AUSTRALIAN CATHOLIC UNIVERSITY          ,FC,00000-0000,Public       ,0,0,0,1,5,6
03137400,CHARLES STURT UNIVERSITY                ,FC,00000-0000,Public       ,0,0,0,1,7,8
03140300,EDITH COWAN UNIVERSITY                  ,FC,00000-0000,Public       ,3,2,5,4,12,16
03140400,NORTHERN TERRITORY UNIVERSITY           ,FC,00000-0000,Public       ,0,0,0,0,2,2
03140500,QUEENSLAND UNIVERSITY OF TECHNOLOGY     ,FC,00000-0000,Public       ,0,3,3,6,17,23
03140600,SOUTHERN CROSS UNIVERSITY               ,FC,00000-0000,Public       ,0,2,2,3,12,15
03140700,SWINBURNE UNIVERSITY OF TECHNOLOGY      ,FC,00000-0000,Public       ,0,3,3,2,5,7
03140900,UNIVERSITY OF BALLARAT                  ,FC,00000-0000,Public       ,0,0,0,0,2,2
03150300,UNIVERSITY OF TASMANIA                  ,FC,00000-0000,Public       ,0,2,2,4,11,15
03274300,"KUNGLIGA TEKNISKA HOGSKOLAN, KTH        ",FC,00000-0000,Public       ,0,1,1,0,7,7
03287300,LIVERPOOL INSTITUTE FOR PERFORMING ARTS ,FC,00000-0000,Public       ,1,2,3,9,10,19
03300300,"2ND SCHOOL OF MEDICINE, CHARLES UNI     ",FC,00000-0000,Public       ,1,3,4,3,7,10
03300400,"FIRST FACULTY OF MEDICINE, CHARLES UNIV.",FC,00000-0000,Public       ,1,9,10,2,27,29
03329300,JOHN CABOT UNIVERSITY                   ,FC,00000-0000,Private      ,14,6,20,85,18,103
03332400,AGRICULTURE UNIVERSITY OF WROCLAW       ,FC,00000-0000,Public       ,0,0,0,0,3,3
03333300,MEDICAL UNIVERSITY SCHOOL OF LUBLIN     ,FC,00000-0000,Public       ,17,66,83,36,184,220
03334300,UNIVERSIDAD NORDESTANA                  ,FC,00000-0000,Private      ,0,0,0,1,4,5
03335300,MEDICAL UNIVERSITY OF SILESIA           ,FC,00000-0000,Public       ,9,64,73,18,122,140
03342300,GLASGOW CALEDONIAN UNIVERSITY           ,FC,00000-0000,Public       ,0,3,3,2,8,10
03349400,"QUEEN MARGARET UNIVERSITY COLLEGE, EDINB",FC,00000-0000,Public       ,0,1,1,0,7,7
03350300,BOURNEMOUTH UNIVERSITY                  ,FC,00000-0000,Public       ,1,6,7,4,25,29
03352300,LONDON SOUTH BANK UNIVERSITY            ,FC,00000-0000,Private      ,2,8,10,14,25,39
03363300,THE ARTS EDUCATIONAL SCHOOLS LONDON     ,FC,00000-0000,Private      ,0,1,1,1,4,5
03364300,"FACULTY OF MEDICINE, PALACKY UNIVER     ",FC,00000-0000,Public       ,0,2,2,0,6,6
03365400,AUCKLAND INSTITUTE OF TECHNOLOGY        ,FC,00000-0000,Public       ,0,0,0,2,11,13
03366300,TROPICAL AGRICULTURE RESEARCH AND H     ,FC,00000-0000,Private      ,0,0,0,0,1,1
03375300,"CHARLES UNIVERSITY, FACULTY OF MEDI     ",FC,00000-0000,Public       ,2,4,6,2,9,11
03377300,"UNIVERSITY OF WALES INSTITUTE, CARD     ",FC,00000-0000,Public       ,0,1,1,1,5,6
03378300,"THE 3RD FACULTY OF MEDICINE, CHARLE     ",FC,00000-0000,Public       ,2,5,7,2,7,9
03386300,CHARLES UNIVERSITY-MEDICAL FACULTY      ,FC,00000-0000,Public       ,0,5,5,2,9,11
03397400,HOGESCHOOL VOOR DE KUNSTEN UTRECHT      ,FC,00000-0000,Private      ,0,2,2,1,9,10
03406300,"THE SCHOOL OF PHARMACY, UNIVERSITY      ",FC,00000-0000,Public       ,0,0,0,1,0,1
03418400,NAPIER UNIVERSITY                       ,FC,00000-0000,Public       ,0,6,6,4,28,32
03435300,ANGLIA POLYTECHNIC UNIVERSITY HIGHE     ,FC,00000-0000,Public       ,0,1,1,1,5,6
03456600,ANGELES UNIVERSITY FOUNDATION           ,FC,00000-0000,Private      ,0,1,1,0,2,2
03460300,INTERNATIONALES THEOLOGISCHES INSTI     ,FC,00000-0000,Private      ,0,1,1,2,13,15
03462400,UNIV OF ARTS LONDON - LON COLL OF COMMUN,FC,00000-0000,Public       ,2,10,12,6,24,30
03466300,INSTITUTO CENTROAMERICANO DE ADMINI     ,FC,00000-0000,Private      ,0,2,2,0,6,6
03473300,UNIV OF ARTS LONDON - LON COLL FASHION  ,FC,00000-0000,Public       ,8,1,9,35,30,65
03475300,UNIV OF THE ARTS  LONDON - CHELSEA COLL ,FC,00000-0000,Public       ,2,3,5,4,11,15
03477400,UNIVERSITY OF LUTON                     ,FC,00000-0000,Public       ,0,0,0,1,0,1
03478300,ROYAL WELSH COLLEGE OF MUSIC AND DRAMA  ,FC,00000-0000,Public       ,2,1,3,3,2,5
03484300,LANDEGG INTERNATIONAL UNIVERSITY        ,FC,00000-0000,Private      ,0,0,0,0,4,4
03492400,UNIV OF CAMBRIDGE-ST CATHERINE'S CG     ,FC,00000-0000,Public       ,0,1,1,0,4,4
03494400,UNIV OF CAMBRIDGE-SELWYN COLLEGE        ,FC,00000-0000,Public       ,0,2,2,0,7,7
03494600,UNIV OF OXFORD-HARRIS MANCHESTER        ,FC,00000-0000,Public       ,0,2,2,0,5,5
03500300,WIMBLEDON COLLEGE OF ART                ,FC,00000-0000,Public       ,0,0,0,1,1,2
03501400,LEEDS METROPOLITAN UNIVERSITY           ,FC,00000-0000,Public       ,1,0,1,3,13,16
03507300,UNIVERSITY OF SUNDERLAND                ,FC,00000-0000,Public       ,1,2,3,5,9,14
03515300,UNIVERSITY OF CENTRAL LANCASHIRE        ,FC,00000-0000,Public       ,2,0,2,3,8,11
03517300,UNIVERSITY OF BRIGHTON                  ,FC,00000-0000,Public       ,1,3,4,5,13,18
03518300,EUROPEAN GRADUATE SCHOOL                ,FC,00000-0000,Private      ,0,14,14,1,57,58
03526300,INST CENTROAMERICANO DE ADM DE EMP      ,FC,00000-0000,Private      ,0,1,1,0,2,2
03527300,SOFIA UNIVERSITY ST. KLIMENT OHRIDSKI   ,FC,00000-0000,Public       ,0,3,3,0,4,4
03533300,BATH SPA UNIVERSITY                     ,FC,00000-0000,Public       ,0,1,1,0,20,20
03547300,UNIVERSITY OF GLAMORGAN                 ,FC,00000-0000,Public       ,0,1,1,0,3,3
03580300,LIVERPOOL JOHN MOORES UNIVERSITY        ,FC,00000-0000,Public       ,0,0,0,2,3,5
03594300,GROUP ESC GRENOBLE GRAD SCH OF BUS.     ,FC,00000-0000,Private      ,0,0,0,0,12,12
03597300,JAGIELLONIAN UNIVERSITY                 ,FC,00000-0000,Public       ,0,5,5,1,19,20
03601300,UNIVERSITAT JAUME I DE CASTELLO/UJI     ,FC,00000-0000,Public       ,1,3,4,1,13,14
03603300,LEEDS COLLEGE OF MUSIC                  ,FC,00000-0000,Public       ,0,1,1,0,2,2
03619300,UNIVERSITY OF GREENWICH                 ,FC,00000-0000,Public       ,3,4,7,9,15,24
03653400,UNIVERSIDAD DE IBEROAMERICA - UNIBE     ,FC,00000-0000,Private      ,2,6,8,8,16,24
03674300,UNIVERSITY OF ABERTAY DUNDEE            ,FC,00000-0000,Public       ,1,0,1,2,2,4
03684400,UNIVERSITY OF LINCOLN                   ,FC,00000-0000,Public       ,0,2,2,0,4,4
03684500,MEDICAL UNIVERSITY OF GDANSK            ,FC,00000-0000,Public       ,0,2,2,1,2,3
03684600,POMERANIAN MEDICAL UNIVERSITY           ,FC,00000-0000,Public       ,0,0,0,1,0,1
03692300,DONCASTER COLLEGE                       ,FC,00000-0000,Public       ,0,1,1,0,1,1
03694300,UNIVERSITY COLLEGE CHICHESTER           ,FC,00000-0000,Public       ,0,0,0,0,1,1
03697300,NATIONAL FILM & TELEVISION SCHOOL       ,FC,00000-0000,Private      ,0,0,0,0,1,1
03716300,"UNIVERSITY OF WALES, NEWPORT            ",FC,00000-0000,Public       ,0,0,0,2,4,6
03721300,WRITTLE COLLEGE                         ,FC,00000-0000,Public       ,0,0,0,0,3,3
03770300,NAZARENE THEOLOGICAL COLLEGE            ,FC,00000-0000,Private      ,0,2,2,0,11,11
03777400,WESTMINSTER COLLEGE                     ,FC,00000-0000,Private      ,0,0,0,1,2,3
03816400,AMERICAN GRAD SCH OF INTERNTL REL & DIPL,FC,00000-0000,Private      ,0,5,5,1,40,41
03818300,LEIPZIG GRADUATE SCHOOL OF MANAGEMENT   ,FC,00000-0000,Private      ,0,1,1,0,4,4
03824300,"ROYAL VETERINARY COLLEGE (THE), UNIVERSI",FC,00000-0000,Public       ,0,17,17,0,71,71
03850500,MEDICAL UNIVERSITY OF LODZ              ,FC,00000-0000,Public       ,2,23,25,4,52,56
03859400,UNIVERSITY COLLEGE FALMOUTH             ,FC,00000-0000,Public       ,0,2,2,0,7,7
03926400,NATIONAL COLLEGE OF ART AND DESIGN      ,FC,00000-0000,Public       ,0,1,1,2,2,4
03941301,AVE MARIA UNIVERSITY - LATIN AMERICA    ,FC,00000-0000,Private      ,53,20,73,122,34,156
00380600,ALDERSON-BROADDUS COLLEGE               ,WV,26416-1051,Private      ,23,30,53,721,361,1082
00380700,MOUNTAIN STATE UNIVERSITY               ,WV,25801-5624,Private      ,194,1384,1578,1123,4132,5255
00380800,BETHANY COLLEGE                         ,WV,26032-0417,Private      ,72,15,87,1114,61,1175
00380900,BLUEFIELD STATE COLLEGE                 ,WV,24701-2198,Public       ,202,344,546,1228,1491,2719
00381000,CONCORD UNIVERSITY                      ,WV,24712-0000,Public       ,162,188,350,2551,935,3486
00381100,DAVIS & ELKINS COLLEGE                  ,WV,26241-3996,Private      ,49,52,101,541,284,825
00381200,FAIRMONT STATE UNIVERSITY               ,WV,26554-2470,Public       ,321,449,770,4700,2944,7644
00381300,GLENVILLE STATE COLLEGE                 ,WV,26351-1292,Public       ,88,69,157,1283,388,1671
00381500,MARSHALL UNIVERSITY                     ,WV,25755-3300,Public       ,758,1161,1919,7814,5238,13052
00381600,SOUTHERN WV COMMUNITY COLLEGE           ,WV,25637-2900,Public       ,180,342,522,965,1139,2104
00381800,UNIVERSITY OF CHARLESTON                ,WV,25304-1099,Private      ,60,82,142,1346,530,1876
00381900,OHIO VALLEY COLLEGE                     ,WV,26105-8000,Private      ,86,54,140,414,171,585
00382000,SALEM INTERNATIONAL UNIVERSITY          ,WV,26426-0500,Proprietary  ,41,51,92,211,181,392
00382200,SHEPHERD UNIVERSITY                     ,WV,25443-3210,Public       ,266,215,481,2853,1022,3875
00382300,WEST LIBERTY STATE COLLEGE              ,WV,26074-0295,Public       ,178,122,300,2149,550,2699
00382600,WEST VIRGINIA STATE UNIVERSITY          ,WV,25112-0000,Public       ,289,412,701,2402,2567,4969
00382700,WEST VIRGINIA UNIVERSITY                ,WV,26506-6201,Public       ,761,845,1606,19342,6943,26285
00382711,WEST VIRGINIA UNIVERSITY - POTOMAC STATE,WV,26726-3000,Public       ,112,68,180,1084,302,1386
00382721,WEST VIRGINIA UNIV INST OF TECH         ,WV,25136-2436,Public       ,151,162,313,1274,682,1956
00382800,WEST VIRGINIA UNIV AT PARKERSBURG       ,WV,26101-9577,Public       ,208,458,666,1286,1898,3184
00383000,WEST VIRGINIA WESLEYAN COLLEGE          ,WV,26201-2600,Private      ,79,14,93,1594,109,1703
00383100,WHEELING JESUIT UNIVERSITY              ,WV,26003-6243,Private      ,47,117,164,1271,483,1754
00500700,WEST VIRGINIA JUNIOR COLLEGE            ,WV,26505-5596,Proprietary  ,26,22,48,99,136,235
00500800,MOUNTAIN STATE COLLEGE                  ,WV,26101-3993,Proprietary  ,7,44,51,33,162,195
00754400,APPALACHIAN BIBLE COLLEGE               ,WV,25818-1353,Private      ,26,9,35,230,76,306
00757800,HUNTINGTON SCHOOL OF BEAUTY CULTURE     ,WV,25705-2030,Proprietary  ,13,37,50,39,68,107
00760000,INTERNATIONAL BEAUTY SCHOOL             ,WV,25401-3231,Proprietary  ,10,24,34,25,60,85
00835500,JAMES RUMSEY TECHNICAL INSTITUTE        ,WV,25403-0259,Public       ,3,21,24,46,106,152
00895900,CLARKSBURG BEAUTY ACADEMY               ,WV,26301-2903,Proprietary  ,14,19,33,32,30,62
00904700,HUNTINGTON JUNIOR COLLEGE               ,WV,25701-2004,Proprietary  ,34,257,291,140,970,1110
00905400,WEST VIRGINIA NORTHERN CMTY COLLEGE     ,WV,26003-0000,Public       ,198,534,732,768,1674,2442
01014000,MINERAL COUNTY VOCATIONAL TECH CTR      ,WV,26726-0000,Public       ,3,8,11,7,22,29
01021703,INTERNATIONAL ACADEMY OF DESIGN AND TECH,WV,26554-9790,Proprietary  ,0,0,0,7,3,10
01035600,EVEREST INSTITUTE                       ,WV,25313-1304,Proprietary  ,117,470,587,271,1170,1441
01057300,WEST VIRGINIA JUNIOR COLLEGE            ,WV,25322-0000,Proprietary  ,15,62,77,77,221,298
01057302,WEST VIRGINIA JUNIOR COLLEGE            ,WV,26330-0000,Proprietary  ,22,81,103,151,252,403
01086100,WEST VIRGINIA BUSINESS COLLEGE          ,WV,26301-0000,Proprietary  ,11,107,118,20,126,146
01124500,WEST VIRGINIA SCH OSTEOPATHIC MED       ,WV,24901-1128,Public       ,0,14,14,10,606,616
01174900,WOOD COUNTY SCH OF PRAC NURSING         ,WV,26101-6424,Public       ,2,0,2,14,38,52
01235900,B M SPURR SCHOOL OF PRAC NURSING        ,WV,26038-1660,Private      ,2,1,3,7,31,38
01257300,WEST VIRGINIA UNIV-HOSP-RAD TECH        ,WV,26506-8062,Private      ,2,4,6,51,55,106
01274300,BENJAMIN FRANKLIN CAREER&TECH           ,WV,25064-0000,Public       ,13,58,71,54,122,176
01290400,MONONGALIA CNTY TECH ED CTR             ,WV,26501-6841,Public       ,5,16,21,46,101,147
01290500,ACADEMY OF CAREERS AND TECHNOLOGY       ,WV,25801-0000,Public       ,23,73,96,56,170,226
02057400,ROANE-JACKSON TECHNICAL CENTER          ,WV,25252-0000,Public       ,4,19,23,17,53,70
02068000,UNITED TECHNICAL CENTER                 ,WV,26301-0000,Public       ,3,12,15,22,50,72
02070100,BECKLEY BEAUTY ACADEMY                  ,WV,25801-0000,Proprietary  ,8,14,22,23,35,58
02073400,CARVER CAREER TECH ED CTR               ,WV,25306-6397,Public       ,33,61,94,95,195,290
02145100,SCOTT COLLEGE OF COSMETOLOGY            ,WV,26003-0000,Proprietary  ,9,14,23,42,33,75
02175900,MARION COUNTY TECHNICAL CENTER          ,WV,26571-0000,Public       ,0,0,0,1,1,2
02178200,CHARLESTON SCHOOL OF BEAUTY CULTURE     ,WV,25301-0000,Proprietary  ,12,42,54,32,75,107
02218200,GARNET CAREER CENTER                    ,WV,25301-0000,Public       ,10,71,81,50,229,279
02275300,CABELL COUNTY CAREER TECHNOLOGY CTR     ,WV,25705-0000,Public       ,6,47,53,40,123,163
02280300,WV CAREER AND TECHNICAL INSTITUTE       ,WV,25112-0000,Public       ,4,5,9,50,30,80
02524500,RALPH R WILLIS VOCATIONAL CENTER        ,WV,25601-0000,Public       ,1,3,4,10,29,39
02534800,FRED W EBERLE TECHNICAL CENTER          ,WV,26201-0000,Public       ,10,29,39,26,61,87
02535500,MERCER COUNTY TECH EDUC CNTR            ,WV,24740-0000,Public       ,12,31,43,35,73,108
02579900,NORTH CENTRAL OPPORTUNITIES IND CTR     ,WV,26554-2936,Private      ,8,38,46,9,55,64
02609400,VALLEY COLLEGE                          ,WV,25404-5711,Proprietary  ,11,41,52,24,116,140
03052000,MEREDITH MANOR EQUESTRIAN CENTRE        ,WV,26184-9707,Proprietary  ,16,4,20,63,28,91
03076500,FAYETTE INSTITUTE OF TECHNOLOGY         ,WV,25901-2174,Public       ,5,7,12,13,34,47
03084200,VALLEY COLLEGE                          ,WV,24740-3141,Proprietary  ,2,13,15,4,46,50
03084400,VALLEY COLLEGE                          ,WV,25801-2643,Proprietary  ,8,39,47,21,113,134
03098300,PUTNAM CAREER & TECHNICAL CENTER        ,WV,25070-0000,Public       ,3,11,14,24,48,72
03099200,"MOUNTAINEER BEAUTY COLLEGE, INC         ",WV,25177-2917,Proprietary  ,6,18,24,19,48,67
03102100,MORGANTOWN BEAUTY COLLEGE               ,WV,26505-5430,Proprietary  ,21,25,46,51,51,102
03123200,STANLEY TECHNICAL INSTITUTE             ,WV,26505-3751,Private      ,3,14,17,6,29,35
03327500,SOUTH BRANCH VOCATIONAL TECH CENTER     ,WV,26847-1698,Public       ,3,8,11,3,13,16
03734300,JOHN D. ROCKEFELLER IV CAREER CENTER    ,WV,26047-9424,Public       ,1,5,6,3,11,14
03819300,AMERICAN PUBLIC UNIVERSITY SYSTEM       ,WV,25414-1621,Proprietary  ,0,26,26,0,26,26
03957300,BLUE RIDGE COMMUNITY AND TECHNICAL COLLE,WV,25401-3244,Public       ,59,88,147,219,403,622
03960300,NEW RIVER COMMUNITY AND TECHNICAL COLLEG,WV,25801-2636,Public       ,131,276,407,459,925,1384
04028300,MOUNTAIN STATE SCHOOL OF MASSAGE        ,WV,25304-2025,Proprietary  ,4,15,19,20,41,61
04038500,PIERPONT COMMUNITY & TECHNICAL COLLEGE  ,WV,26554-2451,Public       ,51,87,138,96,170,266
04038600,WEST VIRGINIA STATE COMMUNITY AND TECHNI,WV,25112-1000,Public       ,48,115,163,95,266,361
04041400,MARSHALL COMMUNITY AND TECHNICAL COLLEGE,WV,25755-3300,Public       ,92,132,224,256,334,590
00106100,ALASKA PACIFIC UNIVERSITY               ,AK,99508-4672,Private      ,39,139,178,371,499,870
00106200,SHELDON JACKSON COLLEGE                 ,AK,99835-7699,Private      ,23,19,42,79,67,146
00106300,UNIVERSITY OF ALASKA FAIRBANKS          ,AK,99775-7500,Public       ,475,735,1210,1934,2301,4235
00106500,UNIVERSITY OF ALASKA SOUTHEAST          ,AK,99801-8680,Public       ,109,196,305,451,714,1165
00884300,ALASKA BIBLE COLLEGE                    ,AK,99588-0000,Private      ,2,6,8,7,17,24
01146200,UNIVERSITY OF ALASKA ANCHORAGE          ,AK,99514-1608,Public       ,829,1123,1952,3772,5098,8870
02541000,CAREER ACADEMY                          ,AK,99507-0000,Proprietary  ,37,124,161,76,314,390
02576900,CHARTER COLLEGE                         ,AK,99508-0000,Proprietary  ,30,170,200,75,473,548
03160300,ALASKA VOCATIONAL TECHNICAL CENTER      ,AK,99664-0889,Public       ,36,58,94,108,222,330
03461300,ILISAGVIK COLLEGE                       ,AK,99723-0749,Public       ,7,12,19,10,42,52
03677300,GALENA CITY SCHOOL DISTRICT - PROJE     ,AK,99741-0359,Public       ,0,0,0,1,1,2
00108500,UNIV ARKANSAS MONTICELLO                ,AR,71656-0000,Public       ,425,465,890,1617,1463,3080
00108501,GREAT RIVERS TECHNICAL INSTITUTE        ,AR,71654-0000,Public       ,4,5,9,9,36,45
00108502,FOREST ECHOES TECHNICAL INSTITUTE       ,AR,71635-0000,Public       ,10,15,25,21,34,55
00108600,UNIV OF ARKANSAS AT PINE BLUFF          ,AR,71601-2790,Public       ,658,485,1143,2948,1508,4456
00108700,ARKANSAS BAPTIST COLLEGE                ,AR,72202-6099,Private      ,91,139,230,137,270,407
00108800,LYON COLLEGE                            ,AR,72501-3699,Private      ,55,18,73,595,110,705
00108900,ARKANSAS TECH UNIVERSITY                ,AR,72801-2222,Public       ,627,556,1183,3715,2522,6237
00109000,ARKANSAS STATE UNIVERSITY               ,AR,72467-0000,Public       ,1268,1813,3081,5811,6135,11946
00109006,DELTA TECHNICAL INSTITUTE               ,AR,72365-9558,Public       ,8,22,30,39,68,107
00109100,ARKANSAS STATE UNIVERSITY - BEEBE       ,AR,72012-1000,Public       ,260,498,758,1141,1695,2836
00109103,ARKANSAS STATE UNIV-BEEBE-SEARCY        ,AR,72143-4798,Public       ,0,0,0,44,58,102
00109200,UNIVERSITY OF CENTRAL ARKANSAS          ,AR,72035-0001,Public       ,1554,912,2466,7270,3399,10669
00109300,CENTRAL BAPTIST COLLEGE                 ,AR,72034-6470,Private      ,88,80,168,279,195,474
00109400,UNIVERSITY OF THE OZARKS                ,AR,72830-2880,Private      ,76,16,92,480,86,566
00109500,CROWLEYS RIDGE COLLEGE                  ,AR,72450-9775,Private      ,41,18,59,102,37,139
00109700,HARDING UNIVERSITY                      ,AR,72149-0001,Private      ,431,371,802,2968,1111,4079
00109800,HENDERSON STATE UNIVERSITY              ,AR,71999-0001,Public       ,473,549,1022,2183,1453,3636
00109900,HENDRIX COLLEGE                         ,AR,72032-3080,Private      ,72,14,86,1346,74,1420
00110000,JOHN BROWN UNIVERSITY                   ,AR,72761-2747,Private      ,52,353,405,1164,936,2100
00110100,UNIV ARKANSAS LITTLE ROCK               ,AR,72204-1099,Public       ,905,1983,2888,3594,7566,11160
00110200,OUACHITA BAPTIST UNIVERSITY             ,AR,71998-0001,Private      ,151,32,183,1178,114,1292
00110300,PHILANDER SMITH COLLEGE                 ,AR,72202-3718,Private      ,115,179,294,589,647,1236
00110400,PHILLIPS COUNTY COMMUNITY COLLEGE       ,AR,72342-0000,Public       ,186,413,599,438,800,1238
00110401,RICE BELT TECH INST                     ,AR,72042-0000,Public       ,1,0,1,7,4,11
00110600,WILLIAMS BAPTIST COLLEGE                ,AR,72476-4661,Private      ,64,34,98,517,167,684
00110700,SOUTHERN ARKANSAS UNIVERSITY            ,AR,71754-0000,Public       ,401,379,780,1862,1269,3131
00110800,UNIV ARKANSAS FAYETTEVILLE              ,AR,72701-0000,Public       ,1338,1158,2496,7603,4711,12314
00110900,UNIV OF ARKANSAS FOR MEDCL SCIENCES     ,AR,72205-7102,Public       ,51,255,306,383,1380,1763
00110901,UNIV OF ARKANSAS COLG OF MEDICINE       ,AR,72205-0000,Public       ,3,19,22,21,597,618
00111000,UNIVERSITY OF ARKANSAS-FORT SMITH       ,AR,72904-7397,Public       ,483,764,1247,2442,3141,5583
00524500,U OF A COMM COLLEGE AT MORRILTON        ,AR,72110-9601,Public       ,180,258,438,679,1064,1743
00570700,SEARK COLLEGE                           ,AR,71603-0000,Public       ,206,544,750,544,1567,2111
00573200,UNIV AR COMMUNITY COLLEGE AT HOPE       ,AR,71801-0000,Public       ,119,285,404,387,645,1032
00704400,CROWLEYS RIDGE TECHNICAL INSTITUTE      ,AR,72336-0000,Public       ,33,77,110,79,193,272
00773800,SOUTHERN ARKANSAS UNIVERSITY TECH       ,AR,71701-1900,Public       ,56,147,203,311,520,831
00792100,FAYETTEVILLE BEAUTY COLLEGE             ,AR,72701-0000,Proprietary  ,5,23,28,21,76,97
00997600,OUACHITA TECHNICAL COLLEGE              ,AR,72104-0816,Public       ,94,210,304,254,577,831
01074100,MELLIE'S BEAUTY COLLEGE                 ,AR,72901-3886,Proprietary  ,6,16,22,12,28,40
01210500,NATIONAL PARK COMMUNITY COLLEGE         ,AR,71913-9174,Public       ,238,507,745,630,1347,1977
01226000,EAST ARKANSAS COMMUNITY COLLEGE         ,AR,72335-2204,Public       ,195,323,518,457,681,1138
01226100,NORTH ARKANSAS COLLEGE                  ,AR,72601-5508,Public       ,160,288,448,637,1090,1727
01286000,ARKANSAS NORTHEASTERN COLLEGE           ,AR,72316-1109,Public       ,164,473,637,646,1175,1821
02052200,BLACK RIVER TECHNICAL COLLEGE           ,AR,72455-0000,Public       ,179,451,630,569,1056,1625
02073500,UNIVERSITY OF ARKANSAS COMMUNITY COLLEGE,AR,72503-0000,Public       ,132,385,517,354,799,1153
02073700,NORTHWEST TECHNICAL INSTITUTE           ,AR,72765-0000,Public       ,25,86,111,76,258,334
02074600,SOUTH ARKANSAS COMMUNITY COLLEGE        ,AR,71731-0000,Public       ,125,307,432,325,912,1237
02075300,PULASKI TECHNICAL COLLEGE               ,AR,72118-0000,Public       ,642,2026,2668,1889,6971,8860
02087000,OZARKA COLLEGE                          ,AR,72556-0000,Public       ,84,264,348,221,556,777
02111100,RICH MOUNTAIN COMMUNITY COLLEGE         ,AR,71953-0000,Public       ,65,169,234,312,397,709
02202400,PROFESSIONAL COSMETOLOGY EDUC CTR       ,AR,71730-5828,Proprietary  ,5,26,31,11,46,57
02220900,COSSATOT COMMUNITY COLLEGE              ,AR,71832-0000,Public       ,47,202,249,256,642,898
02260400,BEE JAY'S HAIRSTYLING ACADEMY           ,AR,72212-0000,Proprietary  ,3,15,18,5,29,34
02272400,EASTERN COLLEGE OF HEALTH VOCATIONS     ,AR,72209-0000,Proprietary  ,56,215,271,100,485,585
02284200,NEW TYLER BARBER COLLEGE INC            ,AR,72114-0000,Proprietary  ,13,29,42,25,49,74
02287400,MARSHA KAY BEAUTY COLLEGE               ,AR,72653-0000,Proprietary  ,1,11,12,7,20,27
02321701,ITT TECHNICAL INSTITUTE                 ,AR,72204-9925,Proprietary  ,53,169,222,182,461,643
02330800,JEFFERSON SCHOOL OF NURSING             ,AR,71603-0000,Private      ,3,20,23,29,106,135
02339800,SOUTHERN INSTITUTE OF COSMETOLOGY       ,AR,72301-0000,Proprietary  ,6,17,23,9,22,31
02341700,CAREER ACADEMY OF HAIR DESIGN           ,AR,72764-4304,Proprietary  ,13,17,30,34,71,105
02348200,MID-SOUTH COMMUNITY COLLEGE             ,AR,72301-0000,Public       ,197,337,534,504,948,1452
02363500,ARTHUR'S BEAUTY COLLEGE                 ,AR,72901-0000,Proprietary  ,17,40,57,29,80,109
02525800,LEE'S SCHOOL OF COSMETOLOGY             ,AR,72114-0000,Proprietary  ,8,18,26,15,37,52
02538500,ARTHUR'S BEAUTY COLLEGE                 ,AR,72076-0000,Proprietary  ,33,86,119,64,183,247
02569600,SEARCY BEAUTY COLLEGE                   ,AR,72143-0000,Proprietary  ,6,31,37,13,59,72
03005100,ARKANSAS BEAUTY SCHOOL                  ,AR,72209-5116,Proprietary  ,11,21,32,26,69,95
03007100,HOT SPRINGS BEAUTY COLLEGE              ,AR,71901-5432,Proprietary  ,8,25,33,24,50,74
03007600,ARKANSAS BEAUTY SCHOOL-CONWAY           ,AR,72032-4354,Proprietary  ,8,11,19,22,32,54
03023400,ARKANSAS COLLEGE OF BARBERING           ,AR,72114-5615,Proprietary  ,7,38,45,14,95,109
03063300,NORTHWEST ARKANSAS COMMUNITY COLLEG     ,AR,72712-5190,Public       ,326,495,821,1180,1929,3109
03065100,ABC BEAUTY COLLEGE                      ,AR,71923-4206,Proprietary  ,5,16,21,14,33,47
03105200,BAPTIST HEALTH SCHOOLS LITTLE ROCK      ,AR,72210-0000,Private      ,46,183,229,233,875,1108
03116800,"DELUXE BEAUTY SCHOOL, L.L.C.            ",AR,71603-0000,Proprietary  ,3,7,10,8,16,24
03124900,IMAGINE -  PAUL MITCHELL PARTNER SCHOOL ,AR,72117-2516,Proprietary  ,7,9,16,12,14,26
03127200,ASKINS VO-TECH                          ,AR,72908-8028,Proprietary  ,5,12,17,9,18,27
03212300,BLYTHEVILLE ACADEMY OF COSMETOLOGY      ,AR,72315-3424,Proprietary  ,5,11,16,10,29,39
03214300,VELVATEX COLLEGE OF BEAUTY CULTURE      ,AR,72202-5452,Proprietary  ,2,10,12,6,20,26
03254300,MARGARET'S HAIR ACADEMY                 ,AR,71655-4905,Proprietary  ,7,29,36,9,44,53
03519400,LYNNDALE FUNDAMENTALS OF BEAUTY SCH     ,AR,71730-4804,Proprietary  ,2,23,25,7,38,45
03855300,ECCLESIA COLLEGE                        ,AR,72762-8159,Private      ,18,9,27,35,20,55
03912300,CROSSETT SCHOOL OF COSMETOLOGY          ,AR,71635-0000,Proprietary  ,4,16,20,11,21,32
03997300,ARKANSAS BEAUTY COLLEGE                 ,AR,72801-3741,Proprietary  ,9,19,28,25,41,66
00133900,CORBAN COLLEGE                          ,OR,97301-9392,Private      ,48,76,124,1045,331,1376
00316505,CASCADE COLLEGE                         ,OR,97216-0000,Private      ,50,29,79,300,110,410
00318600,BLUE MOUNTAIN COMMUNITY COLLEGE         ,OR,97801-0000,Public       ,104,220,324,634,939,1573
00318800,CENTRAL OREGON COMMUNITY COLLEGE        ,OR,97701-5998,Public       ,303,404,707,1448,1779,3227
00318900,CLATSOP COMMUNITY COLLEGE               ,OR,97103-3698,Public       ,55,132,187,316,452,768
00319100,CONCORDIA UNIVERSITY                    ,OR,97211-6099,Private      ,99,181,280,1016,1134,2150
00319300,EASTERN OREGON UNIVERSITY               ,OR,97850-2899,Public       ,154,275,429,1887,1979,3866
00319400,GEORGE FOX UNIVERSITY                   ,OR,97132-2697,Private      ,138,284,422,2218,1535,3753
00319600,LANE COMMUNITY COLLEGE                  ,OR,97405-0640,Public       ,550,990,1540,3492,5667,9159
00319700,LEWIS & CLARK COLLEGE                   ,OR,97219-7899,Private      ,54,85,139,3350,2522,5872
00319800,LINFIELD COLLEGE                        ,OR,97128-6894,Private      ,40,79,119,2775,482,3257
00319801,LINFIELD COLLEGE - PORTLAND CAMPUS      ,OR,97210-0000,Private      ,6,27,33,366,707,1073
00319900,MARYLHURST UNIVERSITY                   ,OR,97036-7036,Private      ,23,282,305,114,952,1066
00320300,MOUNT ANGEL SEMINARY                    ,OR,97373-0505,Private      ,1,15,16,9,30,39
00320400,MOUNT HOOD COMMUNITY COLLEGE            ,OR,97030-3300,Public       ,447,687,1134,2592,3483,6075
00320600,MULTNOMAH BIBLE COLLEGE/SEMINARY        ,OR,97220-5898,Private      ,47,68,115,528,476,1004
00320700,PACIFIC NORTHWEST COLLEGE OF ART        ,OR,97209-3023,Private      ,31,38,69,374,311,685
00320800,NORTHWEST CHRISTIAN UNIVERSITY          ,OR,97401-3727,Private      ,22,60,82,399,397,796
00320900,WESTERN OREGON UNIVERSITY               ,OR,97361-1394,Public       ,298,243,541,4257,1601,5858
00321000,OREGON STATE UNIVERSITY                 ,OR,97331-8507,Public       ,789,671,1460,13828,6526,20354
00321100,OREGON INSTITUTE OF TECHNOLOGY          ,OR,97601-8801,Public       ,102,167,269,1607,1349,2956
00321200,PACIFIC UNIVERSITY                      ,OR,97116-1797,Private      ,59,139,198,2090,2204,4294
00321300,PORTLAND COMMUNITY COLLEGE              ,OR,97219-7198,Public       ,1168,2743,3911,5857,12437,18294
00321600,PORTLAND STATE UNIVERSITY               ,OR,97207-0000,Public       ,977,2342,3319,8963,14002,22965
00321700,REED COLLEGE                            ,OR,97202-8199,Private      ,35,32,67,2191,247,2438
00321800,CHEMEKETA COMMUNITY COLLEGE             ,OR,97309-1500,Public       ,543,1127,1670,2838,5241,8079
00321900,SOUTHERN OREGON UNIVERSITY              ,OR,97520-5010,Public       ,299,321,620,3632,2018,5650
00322000,SOUTHWESTERN OREGON COMMUNITY CLG       ,OR,97420-2956,Public       ,126,160,286,966,825,1791
00322100,TREASURE VALLEY COMMUNITY COLLEGE       ,OR,97914-3423,Public       ,179,314,493,842,1047,1889
00322200,UMPQUA COMMUNITY COLLEGE                ,OR,97470-0226,Public       ,123,238,361,727,1024,1751
00322300,UNIVERSITY OF OREGON                    ,OR,97403-1226,Public       ,802,650,1452,14126,7579,21705
00322400,UNIVERSITY OF PORTLAND                  ,OR,97203-5798,Private      ,91,122,213,5325,1335,6660
00322500,WARNER PACIFIC COLLEGE                  ,OR,97215-4099,Private      ,29,144,173,554,529,1083
00322700,WILLAMETTE UNIVERSITY                   ,OR,97301-3930,Private      ,115,99,214,3001,1442,4443
00487800,CLACKAMAS COMMUNITY COLLEGE             ,OR,97045-7998,Public       ,310,506,816,1654,2310,3964
00488200,OREGON HEALTH & SCIENCE UNIVERSITY      ,OR,97239-0000,Public       ,19,136,155,416,2474,2890
00488230,OREGON GRAD INST OF SCIENCE & TECH      ,OR,97006-0000,Public       ,0,6,6,5,28,33
00693800,LINN BENTON COMMUNITY COLLEGE           ,OR,97321-3774,Public       ,355,569,924,2122,2493,4615
00717800,WESTERN SEMINARY                        ,OR,97215-0000,Private      ,0,47,47,2,157,159
00723402,HEALD COLLEGE - PORTLAND                ,OR,97205-3432,Proprietary  ,4,11,15,33,91,124
00781900,ART INSTITUTE OF PORTLAND (THE)         ,OR,97209-2911,Proprietary  ,243,228,471,1229,1052,2281
00888700,CONCORDE CAREER INSTITUTE               ,OR,97232-2242,Proprietary  ,55,166,221,145,481,626
00907900,EVEREST COLLEGE                         ,OR,97204-2296,Proprietary  ,207,700,907,452,2130,2582
00958100,SPRINGFIELD COLLEGE OF BEAUTY           ,OR,97477-5474,Proprietary  ,13,21,34,60,84,144
01012200,PHAGANS' MEDFORD BEAUTY SCHOOL          ,OR,97504-5297,Proprietary  ,13,43,56,36,78,114
01018200,ROGUE COMMUNITY COLLEGE                 ,OR,97527-0000,Public       ,310,694,1004,1262,2605,3867
01050700,ACADEMY OF HAIR DESIGN                  ,OR,97301-3526,Proprietary  ,8,32,40,20,55,75
01185200,ITT TECHNICAL INSTITUTE                 ,OR,97220-0000,Proprietary  ,187,286,473,465,822,1287
01230900,WESTERN STATES CHIROPRACTIC COLLEGE     ,OR,97230-3099,Private      ,2,54,56,18,445,463
01234700,PHAGANS CENTRAL OREGON BEAUTY CLG       ,OR,97701-5175,Proprietary  ,21,38,59,37,88,125
01234800,PHAGANS BEAUTY COLLEGE                  ,OR,97333-4716,Proprietary  ,18,14,32,46,49,95
01235000,PHAGANS SCHOOL OF HAIR DESIGN           ,OR,97267-4808,Proprietary  ,7,19,26,23,47,70
01235100,PHAGANS SCHOOL OF BEAUTY                ,OR,97301-4732,Proprietary  ,14,31,45,26,69,95
01300800,PHAGANS TIGARD BEAUTY SCHOOL            ,OR,97223-0000,Proprietary  ,7,8,15,21,27,48
02101000,NORTHWEST COLLEGE OF HAIR DESIGN        ,OR,97086-7702,Proprietary  ,15,29,44,32,86,118
02101002,NORTHWEST COLLEGE                       ,OR,97007-3954,Proprietary  ,6,19,25,14,25,39
02104900,COLLEGE OF LEGAL ARTS                   ,OR,97219-9998,Proprietary  ,6,43,49,12,111,123
02106100,COLLEGE OF COSMETOLOGY                  ,OR,97601-0000,Proprietary  ,6,12,18,27,33,60
02154400,BEAU MONDE CLG OF HAIR DESIGN           ,OR,97205-0000,Proprietary  ,27,49,76,71,115,186
02159700,EUGENE BIBLE COLLEGE                    ,OR,97405-0000,Private      ,32,34,66,119,103,222
02201900,PHAGANS' SCHOOL OF HAIR DESIGN          ,OR,97232-0000,Proprietary  ,24,34,58,69,117,186
02311000,PAUL MITCHELL THE SCHOOL                ,OR,97103-0000,Proprietary  ,4,13,17,10,24,34
02330100,PIONEER PACIFIC COLLEGE                 ,OR,97070-0000,Proprietary  ,92,202,294,236,836,1072
02330102,PIONEER PACIFIC COLLEGE                 ,OR,97403-0000,Proprietary  ,34,107,141,114,447,561
02337900,COLLEGE OF HAIR DESIGN CAREERS          ,OR,97301-0000,Proprietary  ,11,11,22,39,47,86
02344100,ROSEBURG BEAUTY COLLEGE                 ,OR,97470-0000,Proprietary  ,4,14,18,26,52,78
02534000,NATIONAL COLLEGE OF NATURAL MEDICINE    ,OR,97201-0000,Private      ,1,42,43,9,542,551
02578800,NORTHWEST NANNIES INSTITUTE             ,OR,97035-0000,Proprietary  ,9,0,9,26,3,29
02603700,OREGON COL OF ORIENTAL MEDICINE         ,OR,97216-0000,Private      ,1,22,23,3,287,290
03007300,OREGON COLLEGE OF ART & CRAFT           ,OR,97225-6399,Private      ,5,18,23,100,182,282
03022600,WESTERN CULINARY INSTITUTE              ,OR,97205-2793,Proprietary  ,354,647,1001,1627,2076,3703
03042500,APOLLO COLLEGE                          ,OR,97232-1302,Proprietary  ,135,400,535,239,817,1056
03074400,PHAGANS NEWPORT ACAD CSMTLGY CAREER     ,OR,97365-4963,Proprietary  ,6,12,18,12,22,34
03074500,EAST-WEST COLLEGE OF THE HEALING ARTS   ,OR,97232-2765,Proprietary  ,21,64,85,57,243,300
03185300,PHAGANS GRANTS PASS COLLEGE OF BTY      ,OR,97527-3039,Proprietary  ,21,25,46,32,43,75
03428300,KLAMATH COMMUNITY COLLEGE               ,OR,97603-7121,Public       ,52,186,238,216,719,935
03642300,VALLEY MEDICAL COLLEGE                  ,OR,97305-1373,Proprietary  ,8,37,45,17,92,109
03668300,BIRTHINGWAY COLLEGE OF MIDWIFERY        ,OR,97266-4042,Private      ,0,18,18,5,83,88
03783400,ABDILL CAREER COLLEGE                   ,OR,97504-7137,Proprietary  ,4,30,34,11,78,89
03932400,GUTENBERG COLLEGE                       ,OR,97403-1368,Private      ,2,0,2,27,17,44
00137400,ALBERTUS MAGNUS COLLEGE                 ,CT,06511-1189,Private      ,53,194,247,712,601,1313
00137403,ALBERTUS MAGNUS CLG-NEW DIMENSIONS      ,CT,06511-0000,Private      ,11,225,236,43,559,602
00137800,CENTRAL CONNECTICUT STATE UNIV          ,CT,06050-2490,Public       ,501,455,956,7243,2894,10137
00137900,CONNECTICUT COLLEGE                     ,CT,06320-4196,Private      ,23,8,31,2037,74,2111
00138000,WESTERN CONNECTICUT STATE UNIV          ,CT,06810-6826,Public       ,226,166,392,3992,1091,5083
00138500,FAIRFIELD UNIVERSITY                    ,CT,06430-0000,Private      ,53,118,171,5171,558,5729
00138700,HARTFORD SEMINARY                       ,CT,06105-0000,Private      ,0,6,6,9,17,26
00138900,HOLY APOSTLES COLLEGE & SEMINARY        ,CT,06416-2005,Private      ,2,18,20,6,41,47
00139200,MANCHESTER COMMUNITY COLLEGE            ,CT,06045-1046,Public       ,464,439,903,1926,1681,3607
00139300,MITCHELL COLLEGE                        ,CT,06320-4498,Private      ,56,31,87,754,151,905
00139700,UNIVERSITY OF NEW HAVEN                 ,CT,06516-1999,Private      ,130,270,400,3446,1268,4714
00139800,NORTHWESTERN CT COMMUNITY COLLEGE       ,CT,06098-1747,Public       ,75,100,175,339,345,684
00139900,NORWALK COMMUNITY TECHNICAL COLLEGE     ,CT,06854-1655,Public       ,358,361,719,1071,1341,2412
00140100,POST UNIVERSITY                         ,CT,06723-3240,Proprietary  ,96,279,375,994,666,1660
00140200,QUINNIPIAC UNIVERSITY                   ,CT,06518-1908,Private      ,121,115,236,8836,1175,10011
00140201,QUINNIPIAC UNIVERSITY SCHOOL OF LAW     ,CT,06518-0000,Private      ,4,58,62,127,1051,1178
00140300,SACRED HEART UNIVERSITY                 ,CT,06825-1000,Private      ,251,258,509,5553,1025,6578
00140600,SOUTHERN CONNECTICUT STATE UNIV         ,CT,06515-1355,Public       ,377,442,819,7310,3699,11009
00140900,SAINT JOSEPH COLLEGE                    ,CT,06117-2791,Private      ,60,169,229,904,806,1710
00141400,TRINITY COLLEGE                         ,CT,06106-3100,Private      ,88,28,116,2407,207,2614
00141600,UNIVERSITY OF BRIDGEPORT                ,CT,06601-5650,Private      ,141,433,574,1773,1650,3423
00141700,UNIVERSITY OF CONNECTICUT-STORRS        ,CT,06269-2151,Public       ,532,462,994,20738,4249,24987
00141702,UNIV CONN STAMFORD                      ,CT,06901-0000,Public       ,20,39,59,355,178,533
00141703,UNIV OF CONNECTICUT - TORINGTON         ,CT,06790-0000,Public       ,8,9,17,179,55,234
00141706,UNIV OF CONNECTICUT SCH LAW             ,CT,06105-0000,Public       ,3,25,28,25,1074,1099
00141707,UNIV OF CT - SCH OF SOCIAL WORK         ,CT,06117-0000,Public       ,8,29,37,69,457,526
00141708,UNIVERSITY OF CONNECTICUT - SCHOOL OF ME,CT,06030-1920,Public       ,0,9,9,8,404,412
00141709,UNIVERSITY OF CONNECTICUT - SCHOOL OF DE,CT,06030-1920,Public       ,1,4,5,2,195,197
00142200,UNIVERSITY OF HARTFORD                  ,CT,06117-1599,Private      ,199,205,404,8248,1305,9553
00142400,WESLEYAN UNIVERSITY                     ,CT,06459-3208,Private      ,41,19,60,3371,118,3489
00142500,EASTERN CONNECTICUT STATE UNIV          ,CT,06226-2295,Public       ,206,135,341,4387,940,5327
00142600,YALE UNIVERSITY                         ,CT,06520-8288,Private      ,197,160,357,9876,5616,15492
00142601,YALE UNIV PHYSICIANS ASSOC PROG         ,CT,06510-0000,Private      ,0,2,2,2,64,66
00142602,YALE UNIV EPIDEMIOLOGY & PUB HLTH       ,CT,06510-0000,Private      ,0,7,7,4,189,193
00142603,YALE UNIV SCHOOL MEDICINE               ,CT,06510-0000,Private      ,1,11,12,18,664,682
00280301,RENSSELAER POLYTECHNIC INSTITUTE-RENSSEL,CT,06120-2991,Private      ,0,35,35,2,44,46
00280303,RENSSELAER POLYTECHNIC INSTITUTE - RENSS,CT,06340-6097,Private      ,0,0,0,3,0,3
00280400,RENSSELAER HARTFORD GRADUATE CENTER     ,CT,06120-0000,Private      ,0,10,10,0,25,25
00451300,HOUSATONIC COMMUNITY COLLEGE            ,CT,06604-4704,Public       ,352,527,879,1310,2132,3442
00618100,BRIDGEPORT HOSP SCHL OF NURSING         ,CT,06610-2896,Private      ,7,58,65,71,239,310
00619100,ST. VINCENT'S COLLEGE                   ,CT,06606-9966,Private      ,12,84,96,166,455,621
00698200,NAUGATUCK VALLEY COMM-TECH COLG         ,CT,06708-3089,Public       ,340,383,723,1435,1564,2999
00730000,ELI WHITNEY TECHNICAL HIGH SCHOOL       ,CT,06514-0000,Public       ,10,24,34,20,71,91
00730300,LINCOLN TECHNICAL INSTITUTE             ,CT,06051-0000,Proprietary  ,232,603,835,462,1130,1592
00730500,PORTER AND CHESTER INSTITUTE OF BRANFORD,CT,06405-4022,Proprietary  ,39,34,73,117,121,238
00731100,WINDHAM TECHNICAL HIGH SCHOOL           ,CT,06226-2100,Public       ,1,10,11,4,23,27
00745900,PAIER COLLEGE OF ART                    ,CT,06514-3902,Proprietary  ,22,16,38,150,69,219
00763500,CAPITAL COMMUNITY COLLEGE               ,CT,06103-1207,Public       ,274,525,799,1037,2167,3204
00803700,GATEWAY COMMUNITY-TECHNICAL COLLEGE     ,CT,06511-0000,Public       ,500,738,1238,1508,2322,3830
00803800,MIDDLESEX COMMUNITY CLG                 ,CT,06457-4889,Public       ,160,210,370,587,784,1371
00887200,RENASCI ACADEMY OF HAIR                 ,CT,06460-4160,Proprietary  ,4,1,5,9,20,29
00887300,PAUL MITCHELL THE SCHOOL                ,CT,06810-6716,Proprietary  ,20,33,53,23,40,63
00887400,BRIO ACADEMY OF COSMETOLOGY             ,CT,06450-4836,Proprietary  ,54,123,177,97,195,292
00906500,THE HARTFORD CONSERVATORY               ,CT,06105-2891,Private      ,18,6,24,51,15,66
00927700,E C GOODWIN TECHNICAL HIGH SCHOOL       ,CT,06053-0000,Public       ,6,6,12,12,33,45
00929100,J M WRIGHT TECHNICAL HIGH SCHOOL        ,CT,06904-0000,Public       ,2,0,2,6,21,27
00940700,BRIARWOOD COLLEGE                       ,CT,06489-1057,Proprietary  ,88,106,194,486,314,800
00976400,TUNXIS COMMUNITY COLLEGE                ,CT,06032-3187,Public       ,228,294,522,889,1011,1900
00976500,THREE RIVERS COMMUNITY TECH COLLEGE     ,CT,06360-0000,Public       ,249,404,653,921,1389,2310
00982200,ALBERT I PRINCE TECHNICAL HIGH SCHOOL   ,CT,06106-3799,Public       ,4,11,15,10,53,63
01041700,BRIO ACADEMY OF EAST HARTFORD           ,CT,06108-2220,Proprietary  ,29,53,82,52,94,146
01053000,QUINEBAUG VALLEY COMMUNITY COLLEGE      ,CT,06239-1440,Public       ,119,169,288,465,718,1183
01077900,PORTER AND CHESTER INSTITUTE-ALLCAMPUSES,CT,06615-7158,Proprietary  ,221,299,520,630,988,1618
01077904,PORTER & CHESTER INSTITUTE              ,CT,06109-0000,Proprietary  ,0,0,0,0,1,1
01115000,ASNUNTUCK COMMUNITY COLLEGE             ,CT,06082-3800,Public       ,89,108,197,275,324,599
01149600,BULLARD HAVENS VOC TECH SCHOOL          ,CT,06610-3499,Public       ,1,10,11,4,37,41
01169700,VINAL REGIONAL VOC TECH SCHOOL          ,CT,06457-4918,Public       ,2,10,12,6,35,41
01184300,NORWICH TECHNICAL HIGH SCHOOL           ,CT,06360-7097,Public       ,2,9,11,7,36,43
01218500,H C WILCOX TECHNICAL HIGH SCHOOL        ,CT,06450-0000,Public       ,0,0,0,2,2,4
01242500,STONE ACADEMY                           ,CT,06514-4125,Proprietary  ,48,360,408,101,896,997
01242503,STONE ACADEMY -WATERBURY                ,CT,06705-3823,Proprietary  ,2,7,9,6,13,19
01287700,GIBBS COLLEGE                           ,CT,06855-1436,Proprietary  ,118,158,276,486,548,1034
01291300,LEON INSTITUTE OF HAIR DESIGN           ,CT,06604-4226,Proprietary  ,4,14,18,9,31,40
01326400,HENRY ABBOTT TECHNICAL HIGH SCHOOL      ,CT,06811-4881,Public       ,3,5,8,5,15,20
02058900,HARVARD H ELLIS TECHNICAL HIGH SCHOOL   ,CT,06239-0000,Public       ,4,4,8,17,12,29
02074000,BRANFORD HALL CAREER INSTITUTE          ,CT,06405-0000,Proprietary  ,292,1112,1404,472,1855,2327
02106600,FOX INSTITUTE OF BUSINESS               ,CT,06110-0000,Proprietary  ,34,119,153,64,267,331
02112300,RIDLEY LOWELL BUSINESS & TECH INST      ,CT,06320-0000,Proprietary  ,17,208,225,25,259,284
02112700,NORTH HAVEN ACADEMY                     ,CT,06473-3108,Proprietary  ,44,16,60,87,47,134
02115100,BUTLER BUSINESS SCHOOL                  ,CT,06604-0000,Proprietary  ,12,70,82,23,152,175
02148700,CONNECTICUT INST OF HAIR DESIGN         ,CT,06716-0000,Proprietary  ,7,8,15,8,11,19
02202500,NEW ENGLAND TRACTOR TRAILER SCH         ,CT,06071-2036,Proprietary  ,27,244,271,35,429,464
02213000,ELLA T GRASSO SOUTHEASTERN TECHNICAL HIG,CT,06340-0000,Public       ,1,3,4,4,8,12
02228800,BARAN INSTITUTE OF TECHNOLOGY           ,CT,06088-9631,Proprietary  ,213,101,314,689,269,958
02244900,GOODWIN COLLEGE                         ,CT,06118-9980,Private      ,100,507,607,283,1485,1768
02245300,HOWELL CHENEY TECHNICAL HIGH SCHOOL     ,CT,06040-0000,Public       ,0,2,2,4,25,29
02265900,WINDHAM COMMUNITY MEM HOSP-RAD TECH     ,CT,06226-0000,Private      ,3,5,8,11,25,36
02296100,YALE-NEW HAVEN HOSP DIETETIC INTERN     ,CT,06510-8900,Private      ,0,0,0,9,12,21
02300000,W F KAYNOR TECHNICAL HIGH SCHOOL        ,CT,06708-0000,Public       ,0,4,4,4,32,36
02316600,CONNECTICUT CTR FOR MASSAGE THERAPY     ,CT,06111-3975,Proprietary  ,19,57,76,50,204,254
02316601,CONNECTICUT CENTER FOR MASSAGE THERAPY -,CT,06880-4619,Proprietary  ,11,31,42,24,98,122
02316603,CONNECTICUT CENTER FOR MASSAGE THERAPY -,CT,06340-4619,Proprietary  ,6,25,31,19,96,115
02562400,EMMETT O BRIEN REG VOC TECH SCHOOL      ,CT,06401-2500,Public       ,0,2,2,0,3,3
02565000,PLATT TECHNICAL HIGH SCHOOL             ,CT,06460-2105,Public       ,4,8,12,11,14,25
03079400,LYME ACADEMY COLLEGE OF FINE ARTS       ,CT,06371-2333,Private      ,13,8,21,85,42,127
03094800,INDUSTRIAL MANAGEMENT & TRAINING        ,CT,06706-1211,Proprietary  ,21,61,82,37,114,151
03231400,OLIVER WOLCOTT TECHNICAL HIGH SCHOOL    ,CT,06790-3859,Public       ,1,2,3,2,6,8
03234300,CHARTER OAK STATE COLLEGE               ,CT,06053-2150,Public       ,11,188,199,35,603,638
03316300,LINCOLN TECHNICAL INSTITUTE - HARTFORD  ,CT,06105-3630,Proprietary  ,76,91,167,324,227,551
03381300,CONNECTICUT TRAINING CENTER             ,CT,06108-2705,Private      ,26,94,120,37,182,219
03927300,ALBERT SCHOOL (THE)                     ,CT,06357-2447,Proprietary  ,14,25,39,20,33,53
00146600,BARRY UNIVERSITY                        ,FL,33161-6695,Private      ,365,1254,1619,3684,6502,10186
00146601,BARRY UNIVERSITY SCHOOL OF LAW          ,FL,32807-0000,Private      ,6,136,142,48,1013,1061
00146700,BETHUNE COOKMAN UNIVERSITY              ,FL,32114-3099,Private      ,673,237,910,5203,955,6158
00146800,ST THOMAS UNIVERSITY                    ,FL,33054-0000,Private      ,182,578,760,1089,2338,3427
00146900,FLORIDA INSTITUTE OF TECHNOLOGY         ,FL,32901-6988,Private      ,222,235,457,3065,944,4009
00147000,BREVARD COMMUNITY COLLEGE               ,FL,32922-6503,Public       ,838,1175,2013,2632,3746,6378
00147100,CENTRAL FLORIDA COMMUNITY COLLEGE       ,FL,34478-1388,Public       ,628,784,1412,2255,2750,5005
00147200,CHIPOLA  COLLEGE                        ,FL,32446-2053,Public       ,136,223,359,587,630,1217
00147300,CLEARWATER CHRISTIAN COLLEGE            ,FL,33759-0000,Private      ,91,18,109,675,90,765
00147500,DAYTONA STATE COLLEGE                   ,FL,32114-2800,Public       ,1092,1663,2755,3336,4756,8092
00147700,EDISON COLLEGE                          ,FL,33906-6210,Public       ,799,891,1690,2690,2961,5651
00147800,EDWARD WATERS COLLEGE                   ,FL,32209-6199,Private      ,280,234,514,915,612,1527
00147900,EMBRY-RIDDLE AERONAUTICAL UNIV          ,FL,32114-3900,Private      ,527,1057,1584,6315,3630,9945
00148000,FLORIDA A & M UNIVERSITY                ,FL,32307-3100,Public       ,1680,974,2654,12058,5426,17484
00148100,FLORIDA ATLANTIC UNIVERSITY             ,FL,33431-6498,Public       ,1364,1605,2969,10389,7882,18271
00148101,FLORIDA ATLANTIC UNIVERSITY/DAVIE       ,FL,33314-0000,Public       ,99,360,459,747,1881,2628
00148103,FLORIDA ATLANTIC UNIV-JUPITER/PSL       ,FL,33458-0000,Public       ,55,106,161,419,447,866
00148200,FLORIDA COLLEGE                         ,FL,33617-5578,Private      ,86,8,94,402,35,437
00148400,FLORIDA STATE COLLEGE AT JACKSONVILLE   ,FL,32202-4030,Public       ,2018,3520,5538,6342,11639,17981
00148500,FLORIDA KEYS COMMUNITY COLLEGE          ,FL,33040-4397,Public       ,74,146,220,180,327,507
00148600,FLORIDA MEMORIAL UNIVERSITY             ,FL,33054-6199,Private      ,362,345,707,1715,1152,2867
00148700,ECKERD COLLEGE                          ,FL,33711-4744,Private      ,94,156,250,2181,567,2748
00148800,FLORIDA SOUTHERN COLLEGE                ,FL,33801-5698,Private      ,149,167,316,2061,576,2637
00148900,FLORIDA STATE UNIVERSITY                ,FL,32306-2430,Public       ,2933,2113,5046,25545,12041,37586
00149000,GULF COAST COMMUNITY COLLEGE            ,FL,32401-1058,Public       ,408,691,1099,1331,2194,3525
00149300,INDIAN RIVER STATE COLLEGE              ,FL,34981-5596,Public       ,904,1111,2015,2545,3040,5585
00149500,JACKSONVILLE UNIVERSITY                 ,FL,32211-3394,Private      ,243,502,745,2770,1887,4657
00149700,JONES COLLEGE                           ,FL,32211-5588,Private      ,30,267,297,76,716,792
00149900,EVEREST UNIVERSITY                      ,FL,32810-5601,Proprietary  ,525,2494,3019,1265,7576,8841
00150000,BROWARD COLLEGE- DOWNTOWN CTR           ,FL,33301-2208,Public       ,1051,1321,2372,3279,4720,7999
00150001,BROWARD COLLEGE - DAVIE CAMPUS          ,FL,33314-0000,Public       ,742,714,1456,2745,2782,5527
00150002,BROWARD COLLEGE- NORTH CAMPUS           ,FL,33066-0000,Public       ,448,505,953,1655,2001,3656
00150003,BROWARD COLLEGE- SOUTH CAMPUS           ,FL,33024-0000,Public       ,591,597,1188,1977,2195,4172
00150100,LAKE CITY COMMUNITY COLLEGE             ,FL,32025-2007,Public       ,187,398,585,680,1244,1924
00150200,LAKE SUMTER COMMUNITY COLLEGE           ,FL,34788-8751,Public       ,248,311,559,932,1152,2084
00150400,MANATEE COMMUNITY COLLEGE               ,FL,34207-3596,Public       ,714,1007,1721,2277,3304,5581
00150500,LYNN UNIVERSITY                         ,FL,33431-5598,Private      ,143,154,297,1350,589,1939
00150600,MIAMI DADE COLLEGE ADMINISTRATION ONLY  ,FL,33176-3393,Public       ,305,401,706,1164,1294,2458
00150601,MIAMI DADE COLLEGE - NORTH CAMPUS       ,FL,33167-3495,Public       ,2398,2812,5210,7321,9636,16957
00150602,MIAMI DADE COLLEGE - KENDALL CAMPUS     ,FL,33176-3393,Public       ,2844,2142,4986,8036,6304,14340
00150603,MIAMI DADE COLLEGE - WOLFSON CAMPUS     ,FL,33132-2297,Public       ,1299,1395,2694,4123,4534,8657
00150604,MIAMI DADE COLLEGE - MEDICAL CAMPUS     ,FL,33127-4693,Public       ,205,597,802,839,2154,2993
00150605,MIAMI DADE COLLEGE - HOMESTEAD CAMPUS   ,FL,33030-6009,Public       ,327,428,755,878,1219,2097
00150606,MIAMI DADE COLLEGE -INTERAMERICAN CAMPUS,FL,33135-0000,Public       ,651,1152,1803,1802,3676,5478
00150800,NORTH FLORIDA COMMUNITY COLLEGE         ,FL,32340-1699,Public       ,128,209,337,377,547,924
00150900,NOVA SOUTHEASTERN UNIVERSITY            ,FL,33314-7796,Private      ,475,5409,5884,3197,22981,26178
00151000,NORTHWEST FLORIDA STATE COLLEGE         ,FL,32578-1295,Public       ,306,637,943,1141,2022,3163
00151200,PALM BEACH COMMUNITY COLLEGE            ,FL,33461-4796,Public       ,1654,1710,3364,5126,5200,10326
00151300,PENSACOLA JR COLLEGE                    ,FL,32504-8998,Public       ,947,1278,2225,2573,3846,6419
00151400,POLK COMMUNITY COLLEGE                  ,FL,33881-4299,Public       ,396,547,943,1575,2312,3887
00151500,ROLLINS COLLEGE                         ,FL,32789-4499,Private      ,117,260,377,1828,1096,2924
00151900,SANTA FE COLLEGE                        ,FL,32606-6200,Public       ,1191,1070,2261,4968,4171,9139
00152000,SEMINOLE COMMUNITY COLLEGE              ,FL,32773-6199,Public       ,1062,1533,2595,3106,4634,7740
00152100,SOUTHEASTERN UNIVERSITY                 ,FL,33801-6099,Private      ,323,271,594,2385,802,3187
00152200,SOUTH FLORIDA COMMUNITY COLLEGE         ,FL,33825-9399,Public       ,218,310,528,724,874,1598
00152201,SOUTH FLORIDA COMMUNITY COLLEGE - LAKE P,FL,33852-9605,Public       ,3,7,10,14,26,40
00152300,ST JOHNS RIVER COMMUNITY COLLEGE        ,FL,32177-3897,Public       ,403,649,1052,1148,1936,3084
00152600,SAINT LEO UNIVERSITY                    ,FL,33574-6665,Private      ,294,2198,2492,2333,9476,11809
00152800,ST. PETERSBURG COLLEGE                  ,FL,33760-3768,Public       ,1418,2816,4234,4358,9595,13953
00153100,STETSON UNIVERSITY                      ,FL,32723-3761,Private      ,290,133,423,2233,565,2798
00153101,STETSON UNIVERSITY - COLLEGE OF LAW     ,FL,33707-3299,Private      ,2,82,84,22,1583,1605
00153300,TALLAHASSEE COMMUNITY COLLEGE           ,FL,32304-2895,Public       ,1598,1415,3013,5739,4760,10499
00153400,EVEREST UNIVERSITY                      ,FL,33614-5801,Proprietary  ,373,2753,3126,1001,8920,9921
00153500,UNIVERSITY OF FLORIDA                   ,FL,32611-3150,Public       ,2134,1989,4123,23955,13815,37770
00153600,UNIVERSITY OF MIAMI                     ,FL,33146-6531,Private      ,620,568,1188,12239,3964,16203
00153601,UNIV OF MIAMI SCHOOL OF LAW             ,FL,33124-0000,Private      ,4,78,82,62,1890,1952
00153602,UNIV OF MIAMI-SCH OF MEDICINE           ,FL,33136-0000,Private      ,53,78,131,479,1004,1483
00153700,UNIVERSITY OF SOUTH FLORIDA             ,FL,33620-6960,Public       ,2652,2774,5426,21338,13950,35288
00153701,UNIV OF SOUTH FLORIDA-ST PETERSBURG     ,FL,33701-0000,Public       ,60,122,182,454,570,1024
00153702,UNIV OF SOUTH FLORIDA-SARASOTA          ,FL,34243-0000,Public       ,39,103,142,178,434,612
00153705,UNIV OF SOUTH FLORIDA                   ,FL,33803-0000,Public       ,46,70,116,455,338,793
00153706,UNIV OF SOUTH FLORIDA- MEDICINE         ,FL,33612-0000,Public       ,48,57,105,565,819,1384
00153800,UNIVERSITY OF TAMPA                     ,FL,33606-1490,Private      ,327,277,604,5259,1393,6652
00154000,WEBBER INTERNATIONAL UNIVERSITY         ,FL,33827-0096,Private      ,85,46,131,575,186,761
00173308,NATIONAL-LOUIS UNIVERSITY               ,FL,33609-0000,Private      ,1,30,31,6,84,90
00177201,TRINITY INTERNATIONAL UNIVERSITY - SOUTH,FL,33324-4611,Private      ,6,119,125,20,290,310
00395400,UNIV OF CENTRAL FLORIDA                 ,FL,32816-0001,Public       ,2794,2317,5111,28568,13238,41806
00395500,UNIVERSITY OF WEST FLORIDA              ,FL,32514-5750,Public       ,697,834,1531,4005,3680,7685
00407215,NORTHWOOD UNIVERSITY                    ,FL,33409-0000,Private      ,74,100,174,497,247,744
00558500,LIVELY TECHNICAL CENTER                 ,FL,32304-0000,Public       ,81,206,287,199,632,831
00558501,LIVELY TECHNICAL CENTER - AVIATION SCHOO,FL,32304-8723,Public       ,5,8,13,5,8,13
00558600,LINDSEY HOPKINS TECHNICAL ED CENTER     ,FL,33127-4692,Public       ,54,218,272,124,493,617
00559400,D G ERWIN TECHNICAL CENTER              ,FL,33610-8255,Public       ,101,304,405,233,916,1149
00560500,PINELLAS TECH ED CTR-CLEARWATER         ,FL,33760-2194,Public       ,41,158,199,104,364,468
00560700,SARASOTA COUNTY TECHNICAL INSTITUTE     ,FL,34233-0000,Public       ,28,97,125,75,234,309
00560800,TRAVISS TECHNICAL CENTER                ,FL,33803-0000,Public       ,53,152,205,128,449,577
00561200,MANATEE TECHNICAL INSTITUTE             ,FL,34210-0000,Public       ,44,164,208,97,386,483
00561201,MANATEE TECHNICAL INSTITUTE-EAST        ,FL,34211-0000,Public       ,5,51,56,16,139,155
00675000,VALENCIA COMMUNITY COLLEGE              ,FL,32802-3028,Public       ,3157,2594,5751,11725,9487,21212
00752500,SUWANNEE-HAMILTON AREA VOC TECH CTR     ,FL,32060-0000,Public       ,15,53,68,39,138,177
00752600,WASHINGTON HOLMES TECHNICAL CENTER      ,FL,32428-1699,Public       ,30,93,123,81,246,327
00755800,LEE COUNTY HIGH TECH CENTER CENTRAL     ,FL,33916-2299,Public       ,44,80,124,118,202,320
00758600,REMINGTON COLLEGE - TAMPA CAMPUS        ,FL,33612-8410,Proprietary  ,87,224,311,287,898,1185
00758604,REMINGTON COLLEGE-LARGO CAMPUS          ,FL,33771-0000,Proprietary  ,1,11,12,7,32,39
00758605,REMINGTON COLLEGE-JACKSONVILLE CAMPUS   ,FL,32256-6932,Proprietary  ,1,12,13,9,32,41
00787000,HILLSBOROUGH COMMUNITY COLLEGE          ,FL,33606-3572,Public       ,1853,2168,4021,6097,7742,13839
00789300,FLAGLER COLLEGE                         ,FL,32085-1027,Private      ,130,85,215,2227,499,2726
00807500,ST JOHN VIANNEY COLLEGE SEMINARY        ,FL,33165-3244,Private      ,4,1,5,12,4,16
00814600,EVEREST UNIVERSITY - POMPANO BEACH      ,FL,33062-2522,Proprietary  ,229,967,1196,499,2836,3335
00822300,ST VINCENT DE PAUL REGIONL SEMINARY     ,FL,33436-0000,Private      ,0,3,3,0,5,5
00841700,STENOTYPE INST OF JACKSONVILLE          ,FL,32207-0000,Proprietary  ,39,178,217,58,321,379
00850100,RASMUSSEN COLLEGE                       ,FL,34471-7051,Proprietary  ,48,181,229,124,518,642
00850103,RASMUSSEN COLLEGE-HOLIDAY               ,FL,34690-0000,Proprietary  ,33,144,177,68,382,450
00884800,WARNER SOUTHERN COLLEGE                 ,FL,33859-8725,Private      ,67,158,225,454,530,984
00884900,PALM BEACH ATLANTIC UNIVERSITY          ,FL,33401-6505,Private      ,355,562,917,2084,1682,3766
00887800,MIAMI INTERNATIONAL UNIV ART&DESIGN     ,FL,33132-1418,Proprietary  ,411,302,713,1706,1097,2803
00910400,RIVERSIDE HAIRSTYLING ACADEMY           ,FL,32207-3810,Proprietary  ,4,32,36,15,57,72
00963500,FLORIDA INTERNATIONAL UNIVERSITY        ,FL,33199-0001,Public       ,2721,3074,5795,19808,14848,34656
00984100,UNIVERSITY OF NORTH FLORIDA             ,FL,32224-2645,Public       ,1068,1024,2092,7708,5105,12813
00990200,SHERIDAN TECHNICAL CENTER               ,FL,33021-3399,Public       ,106,282,388,217,682,899
01016100,"LORAINE'S ACADEMY, INC                  ",FL,33710-0000,Proprietary  ,19,62,81,30,119,149
01019500,ART INSTITUTE OF FT LAUDERDALE          ,FL,33316-3000,Proprietary  ,478,396,874,1880,1500,3380
01065200,PASCO-HERNANDO COMMUNITY CLG            ,FL,34654-5199,Public       ,536,870,1406,1826,3088,4914
01072401,CARLOS ALBIZU UNIVERSITY                ,FL,33172-0000,Private      ,42,367,409,98,971,1069
01082600,TOM P. HANEY TECHNICAL CENTER           ,FL,32405-5099,Public       ,28,114,142,70,334,404
01112700,GOODING INST OF NUR ANES BAY MED CT     ,FL,32401-0000,Public       ,0,9,9,1,42,43
01226300,ATLANTIC TECHNICAL CENTER               ,FL,33063-3902,Public       ,88,207,295,207,476,683
01254400,FIRST COAST TECHNICAL COLLEGE           ,FL,32084-1921,Public       ,41,132,173,97,358,455
01254401,FIRST COAST TECHNICAL INSTITUTE - PUTNAM,FL,32077-6830,Public       ,2,7,9,2,7,9
01257400,RINGLING SCHOOL OF ART AND DESIGN       ,FL,34234-5895,Private      ,122,45,167,1119,269,1388
01303904,SOUTH UNIVERSITY                        ,FL,33409-5149,Proprietary  ,63,209,272,186,699,885
01323400,LORENZO WALKER INST OF TECHNOLOGY       ,FL,34104-4405,Public       ,31,64,95,91,215,306
02052002,FLORIDA EDUCATION CENTER - LAUDERHILL   ,FL,33313-5857,Proprietary  ,25,138,163,63,324,387
02089600,CONCORDE CAREER INSTITUTE               ,FL,32211-0000,Proprietary  ,49,251,300,118,638,756
02089709,HERZING COLLEGE                         ,FL,32792-5509,Proprietary  ,5,19,24,18,39,57
02113606,AMERICAN INTERCONTINENTAL UNIV          ,FL,33324-0000,Proprietary  ,7,41,48,57,140,197
02113609,AMERICAN INTERCONTINENTAL UNIV - WESTON ,FL,33326-3233,Proprietary  ,166,311,477,741,1155,1896
02115300,PINELLAS TECHNICAL EDUCATION CENTERS - S,FL,33711-0000,Public       ,24,150,174,92,388,480
02116006,SANFORD-BROWN INSTITUTE - FT. LAUDERDALE,FL,33309-1906,Proprietary  ,67,230,297,190,732,922
02121800,EVEREST INSTITUTE                       ,FL,33169-4759,Proprietary  ,174,421,595,449,1176,1625
02148200,FASHION FOCUS HAIR ACADEMY              ,FL,34231-0000,Proprietary  ,5,15,20,7,26,33
02148300,MANHATTAN BEAUTY SCHOOL                 ,FL,33611-0000,Proprietary  ,51,261,312,94,471,565
02149900,PAUL MITCHELL THE SCHOOL-JACKSONVILLE   ,FL,32205-0000,Proprietary  ,5,37,42,7,50,57
02151900,KEISER  UNIVERSITY                      ,FL,33309-0000,Proprietary  ,986,3132,4118,2400,7982,10382
02156300,MARGATE SCHOOL OF BEAUTY                ,FL,33063-0000,Proprietary  ,0,0,0,1,6,7
02156700,FLORIDA CHRISTIAN COLLEGE               ,FL,34744-0000,Private      ,37,35,72,162,131,293
02159600,BAPTIST COLLEGE OF FLORIDA (THE)        ,FL,32440-0000,Private      ,59,97,156,225,269,494
02172700,CONCORDE CAREER INSTITUTE               ,FL,33607-0000,Proprietary  ,74,217,291,139,564,703
02188900,HOBE SOUND BIBLE COLLEGE                ,FL,33475-0000,Private      ,19,10,29,54,21,75
02200100,BRADENTON BEAUTY & BARBER ACADEMY       ,FL,34209-0000,Proprietary  ,10,52,62,14,73,87
02215900,ATI CAREER TRAINING CENTER              ,FL,33309-1785,Proprietary  ,32,89,121,146,390,536
02218700,FLORIDA TECHNICAL COLLEGE               ,FL,32826-2707,Proprietary  ,129,296,425,383,823,1206
02228300,LAKE TECHNICAL CENTER                   ,FL,32726-0000,Public       ,41,93,134,86,281,367
02245500,CENTRAL FLORIDA COLLEGE                 ,FL,32789-4679,Proprietary  ,64,194,258,162,517,679
02245502,CFC-CAREER TRAINING INSTITUTE - ORLANDO ,FL,32804-0000,Proprietary  ,10,21,31,37,66,103
02245504,CENTRAL FLORIDA  COLLEGE -  LARGO       ,FL,33771-4957,Proprietary  ,18,19,37,57,91,148
02257900,INTERNATIONAL ACADEMY                   ,FL,32119-3541,Proprietary  ,53,97,150,90,159,249
02275100,CONCORDE CAREER INSTITUTE               ,FL,33025-0000,Proprietary  ,47,172,219,86,362,448
02278800,SOUTHWEST FLORIDA COLLEGE               ,FL,33907-0000,Proprietary  ,115,315,430,374,970,1344
02278801,SOUTHWEST FLORIDA COLLEGE - TAMPA       ,FL,33619-1344,Proprietary  ,76,139,215,218,491,709
02279600,CORTIVA INSTITUTE - FLORIDA             ,FL,33781-0000,Proprietary  ,9,42,51,20,94,114
02280800,NEW ENGLAND INST TECH-PALM BEACH        ,FL,33407-0000,Proprietary  ,169,209,378,509,867,1376
02283800,BEAUTY SCHOOLS OF AMERICA               ,FL,33012-3322,Proprietary  ,110,571,681,123,681,804
02286500,ITT TECHNICAL INSTITUTE                 ,FL,33634-7515,Proprietary  ,351,507,858,929,1535,2464
02287100,LA BELLE BEAUTY SCHOOL                  ,FL,33012-0000,Proprietary  ,17,137,154,25,193,218
02293200,ATI CAREER TRAINING CENTER              ,FL,33309-5916,Proprietary  ,75,165,240,261,587,848
02293201,ATI CAREER TRAINING CENTER - MIAMI      ,FL,33122-1707,Proprietary  ,0,1,1,0,1,1
02293202,ATI CAREER TAINING CENTER - ATI COLLEGE ,FL,87109-2016,Proprietary  ,38,177,215,119,713,832
02293600,ADVANCED TECHNICAL CENTERS              ,FL,33266-1597,Private      ,0,6,6,7,17,24
02297000,CHARLOTTE TECHNICAL CENTER              ,FL,33948-0000,Public       ,24,59,83,51,160,211
02300900,WITHLACOOCHEE TECHNICAL INSTITUTE       ,FL,34450-0000,Public       ,34,87,121,72,222,294
02305700,GULF COAST COLLEGE                      ,FL,33619-0000,Proprietary  ,13,51,64,53,160,213
02305800,FLORIDA CAREER COLLEGE                  ,FL,33012-7028,Proprietary  ,625,987,1612,1187,2115,3302
02307400,GEORGE STONE AREA VOCATIONAL TECHNICAL  ,FL,32526-0000,Public       ,34,124,158,67,281,348
02314100,SCHILLER INTERNATIONAL UNIVERSITY       ,FL,33770-3716,Proprietary  ,13,34,47,67,102,169
02316200,MIAMI LAKES TECHNICAL EDUCATION CTR     ,FL,33014-0000,Public       ,61,260,321,177,495,672
02321200,ORANGE TECH EDUC CTR- WESTSIDE TECH     ,FL,34787-0000,Public       ,53,71,124,102,169,271
02325100,KEY COLLEGE                             ,FL,33004-3046,Proprietary  ,8,44,52,17,79,96
02326800,RESORT & SPA SCHOOLS INTERNATIONAL      ,FL,34233-0000,Proprietary  ,7,22,29,10,41,51
02326900,SUNSTATE ACADEMY OF HAIR DESIGN         ,FL,33907-1415,Proprietary  ,37,57,94,54,92,146
02329900,FLORIDA INSTITUTE OF ULTRASOUND         ,FL,32514-0000,Proprietary  ,16,32,48,41,93,134
02337000,SUNCOAST II THE TAMPA BAY SCHOOL OF MASS,FL,33607-3802,Proprietary  ,2,19,21,2,32,34
02338400,FT PIERCE BEAUTY ACADEMY                ,FL,34982-0000,Proprietary  ,26,105,131,43,172,215
02341001,FORTIS COLLEGE - DBA FORTIS INSTITUTE   ,FL,32504-7322,Proprietary  ,1,12,13,9,39,48
02346200,WYOTECH                                 ,FL,32174-1010,Proprietary  ,66,134,200,153,305,458
02362100,FULL SAIL UNIVERSITY                    ,FL,32792-0000,Proprietary  ,1540,822,2362,5810,2869,8679
02499000,ACADEMY OF COSMETOLOGY                  ,FL,32953-3311,Proprietary  ,8,30,38,15,60,75
02501500,"O*TEC, MID-FLORIDA TECH                 ",FL,32809-0000,Public       ,57,106,163,185,266,451
02502702,ADVANCED CAREER TRAINING-JACKSONVIL     ,FL,32256-0000,Proprietary  ,20,150,170,62,374,436
02504600,WINTER PARK TECH                        ,FL,32789-0000,Public       ,32,120,152,60,248,308
02508900,TALMUDIC COLLEGE OF FLORIDA             ,FL,33139-0000,Private      ,6,2,8,13,6,19
02511700,RIDGE TECHNICAL CENTER                  ,FL,33881-0000,Public       ,32,112,144,68,283,351
02513200,ORLANDO TECHNICAL CENTER                ,FL,32801-0000,Public       ,56,158,214,135,442,577
02515400,CITY COLLEGE                            ,FL,33309-3073,Private      ,85,334,419,193,878,1071
02517100,SARASOTA SCHOOL OF MASSAGE THERAPY      ,FL,34243-6130,Proprietary  ,11,32,43,26,72,98
02524000,SUNSTATE ACADEMY OF HAIR DESIGN         ,FL,34624-0000,Proprietary  ,19,19,38,24,34,58
02524200,ROBERT MORGAN EDUCATIONAL CENTER        ,FL,33177-0000,Public       ,117,188,305,222,414,636
02547600,FLORIDA NATIONAL COLLEGE                ,FL,33012-0000,Proprietary  ,231,549,780,630,1685,2315
02554200,RADFORD LOCKLIN TECH CENTER             ,FL,32570-0000,Public       ,2,33,35,11,71,82
02573200,LA BELLE BEAUTY ACADEMY                 ,FL,33135-0000,Proprietary  ,15,119,134,21,125,146
02586200,FLORIDA CAREER COLLEGE                  ,FL,33759-3924,Proprietary  ,75,189,264,125,417,542
02597100,HERITAGE INSTITUTE                      ,FL,33912-7132,Proprietary  ,42,119,161,79,212,291
02598200,FLORIDA TECHNICAL CLG JACKSONVILLE      ,FL,32211-5123,Proprietary  ,27,58,85,57,127,184
02599800,EVEREST UNIVERSITY                      ,FL,33759-1359,Proprietary  ,186,940,1126,438,3196,3634
02601600,HENRY W BREWSTER TECHNICAL CENTER       ,FL,33602-0000,Public       ,26,89,115,39,165,204
02612700,DARLYNE MCGEE'S ACAD OF COSMETOLOGY     ,FL,32905-2805,Proprietary  ,11,27,38,18,51,69
02616400,SANFORD-BROWN INSTITUTE                 ,FL,32256-3520,Proprietary  ,35,145,180,90,409,499
02616401,SANFORD-BROWN INSTITUTE - TAMPA         ,FL,33610-8304,Proprietary  ,50,185,235,122,600,722
03003200,EVEREST INSTITUTE                       ,FL,33186-1410,Proprietary  ,188,500,688,356,1078,1434
03003600,MCFATTER TECHNICAL CENTER               ,FL,33317-7499,Public       ,69,177,246,159,430,589
03008600,FLORIDA COLLEGE OF NATURAL HEALTH       ,FL,33064-1342,Proprietary  ,97,324,421,188,557,745
03010608,VIRGINIA COLLEGE - PENSACOLA            ,FL,32501-5650,Proprietary  ,120,378,498,354,936,1290
03010612,VIRGINIA COLLEGE - GOLF ACADEMY OF AMERI,FL,32701-0000,Proprietary  ,20,26,46,77,78,155
03012300,ASM BEAUTY WORLD ACADEMY                ,FL,33021-0000,Proprietary  ,7,36,43,14,90,104
03018500,BENE'S INTERNATIONAL SCHOOL OF BEAUTY   ,FL,34652-1637,Proprietary  ,16,63,79,36,106,142
03028200,TRINITY COLLEGE OF FLORIDA              ,FL,34655-4401,Private      ,21,37,58,78,99,177
03031400,INTERNATIONAL ACAD OF DESIGN & TECH     ,FL,33634-6313,Proprietary  ,644,680,1324,2532,2357,4889
03031402,INTERNATIONAL ACADEMY OF DESIGN AND TECH,FL,32809-4633,Proprietary  ,85,69,154,613,496,1109
03031403,IADT - ORLANDO CULINARY ACADEMY         ,FL,32819-0000,Proprietary  ,92,140,232,508,542,1050
03035800,HERITAGE INSTITUTE                      ,FL,32216-0948,Proprietary  ,22,103,125,32,171,203
03035900,NATIONAL AVIATION ACADEMY               ,FL,33760-3931,Proprietary  ,14,63,77,86,283,369
03037500,HODGES UNIVERSITY                       ,FL,34119-7932,Private      ,139,721,860,272,1506,1778
03054200,TECHNICAL CAREER INSTITUTE              ,FL,33144-2373,Proprietary  ,97,151,248,332,332,664
03071600,COLLEGE OF BUSINESS & TECHNOLOGY        ,FL,33176-1412,Proprietary  ,44,244,288,93,501,594
03071601,COLLEGE OF BUSINESS & TECHNOLOGY -      ,FL,33144-2072,Proprietary  ,2,3,5,2,3,5
03071602,COLLEGE OF BUSINESS & TECHNOLOGY -      ,FL,33012-3436,Proprietary  ,3,3,6,3,3,6
03079800,GEORGE T BAKER AVIATION                 ,FL,33142-5687,Public       ,55,37,92,114,80,194
03079900,CITY COLLEGE                            ,FL,32707-5342,Private      ,8,37,45,12,105,117
03087600,ITT TECHNICAL INSTITUTE                 ,FL,32746-1607,Proprietary  ,311,427,738,669,1249,1918
03089200,NOUVELLE INSTITUTE                      ,FL,33125-4141,Proprietary  ,11,189,200,18,314,332
03096300,FLORIDA CAREER INSTITUTE                ,FL,33860-0000,Proprietary  ,21,63,84,50,120,170
03099600,MERCY HOSPITAL SCHOOL OF PRACTICAL NSG  ,FL,33133-4237,Private      ,7,27,34,34,101,135
03100800,TAYLOR TECHNICAL INSTITUTE              ,FL,32348-0894,Public       ,15,65,80,21,110,131
03101900,TRINITY BAPTIST COLLEGE                 ,FL,32221-1398,Private      ,57,23,80,233,80,313
03103900,MARION COUNTY COMMUNITY TECH & ADUL     ,FL,34474-3172,Public       ,23,66,89,75,251,326
03108500,EVERGLADES UNIVERSITY                   ,FL,33431-0000,Private      ,34,206,240,96,560,656
03108600,COM-PU-MED VOCATIONAL CAREERS           ,FL,33012-4861,Proprietary  ,16,140,156,35,291,326
03113400,ACADEMY OF HEALING ARTS                 ,FL,33463-2113,Proprietary  ,2,30,32,7,53,60
03114700,PRAXIS INSTITUTE                        ,FL,33135-2657,Proprietary  ,12,142,154,18,297,315
03115500,FLORIDA HOSPITAL COLG OF HEALTH SCI     ,FL,32803-1237,Private      ,131,242,373,651,1409,2060
03123900,KEISER CAREER INSTITUTE                 ,FL,33413-0000,Proprietary  ,80,231,311,203,639,842
03125600,MIAMI AD SCHOOL                         ,FL,33139-5203,Proprietary  ,16,71,87,48,228,276
03127900,TECHNICAL EDUCATION CTR OSCEOLA         ,FL,34744-4459,Public       ,40,94,134,77,243,320
03139600,DELTA CONNECTION ACADEMY                ,FL,32773-9683,Proprietary  ,5,21,26,37,73,110
03158300,LEE COUNTY HIGH TECH CENTER NORTH       ,FL,33993-2479,Public       ,18,41,59,36,104,140
03178400,CORAL RIDGE NURSES ASST TRAINING        ,FL,33306-0000,Proprietary  ,0,3,3,1,13,14
03224300,NEW PROFESSIONS TECHNICAL INSTITUTE     ,FL,33134-1640,Proprietary  ,16,167,183,33,361,394
03230300,OKALOOSA APPLIED TECHNOLOGY CENTER      ,FL,32547-1299,Public       ,18,82,100,49,232,281
03238300,FLORIDA COLLEGE OF INTEGRATIVE MED      ,FL,32809-5721,Proprietary  ,0,22,22,12,104,116
03255300,FLORIDA GULF COAST UNIVERSITY           ,FL,33965-6565,Public       ,535,438,973,4507,2031,6538
03256300,YESHIVA GEDOLAH RABBINICAL COLLEGE      ,FL,33139-4708,Private      ,6,2,8,8,4,12
03346300,ACAD FOR PRAC NURSING & HEALTH OCCP     ,FL,33417-4574,Private      ,19,172,191,54,461,515
03348400,PROFESSIONAL TRAINING CENTERS           ,FL,33184-0000,Proprietary  ,36,154,190,109,594,703
03370300,AUDIO RECORDING TECHNOLOGY INSTITUTE    ,FL,32811-0000,Proprietary  ,21,18,39,75,79,154
03373300,BEACON COLLEGE                          ,FL,34748-5224,Private      ,8,4,12,61,31,92
03374300,FLORIDA COASTAL SCHOOL OF LAW           ,FL,32256-0000,Proprietary  ,4,210,214,18,1927,1945
03382300,BRADFORD-UNION AREA CAREERTECHNICAL CENT,FL,32091-2434,Public       ,9,33,42,26,103,129
03390300,LINCOLN TECHNICAL INSTITUTE             ,FL,32730-2351,Proprietary  ,44,191,235,87,414,501
03411400,INTERNATIONAL TRAINING CAREERS          ,FL,33155-1462,Private      ,14,130,144,17,214,231
03414500,SOUTHEAST INSTITUTE OF ORIENTAL MED     ,FL,33176-1509,Proprietary  ,5,28,33,7,85,92
03425400,CENTRAL FLORIDA INSTITUTE               ,FL,34684-4436,Proprietary  ,29,121,150,58,289,347
03429600,ATLANTIC INST OF ORIENTAL MEDICINE      ,FL,33316-0000,Private      ,0,22,22,3,67,70
03429700,EAST WEST COLLG OF NATURAL MEDICINE     ,FL,34236-4959,Proprietary  ,1,35,36,1,118,119
03433400,NEW CONCEPT MASSAGE AND BEAUTY SCHO     ,FL,33135-0000,Proprietary  ,2,15,17,5,25,30
03434300,FORTIS COLLEGE                          ,FL,32073-2999,Proprietary  ,35,137,172,77,401,478
03459400,SAINT PETERSBURG THEOLOGICAL SEMINA     ,FL,33708-3116,Private      ,1,11,12,5,39,44
03480302,MEDVANCE INSTITUTE - STUART             ,FL,34994-3000,Proprietary  ,2,9,11,3,25,28
03491400,AMERICAN ADVANCED TECHNICIANS INST      ,FL,33014-4430,Proprietary  ,5,16,21,8,39,47
03524300,ACADEMY FOR FIVE ELEMENT ACUPUNCTURE    ,FL,32601-6811,Private      ,1,35,36,1,49,50
03549300,ULTIMATE MEDICAL ACADEMY                ,FL,33756-5802,Proprietary  ,17,147,164,29,206,235
03553300,KEISER CAREER COLLEGE                   ,FL,32216-0000,Proprietary  ,1,9,10,6,25,31
03557300,NORTH FLORIDA COSMETOLOGY INSTITUTE     ,FL,32312-0000,Proprietary  ,13,21,34,41,84,125
03564300,SUPERIOR CAREER INSTITUTE               ,FL,33311-1141,Proprietary  ,9,29,38,12,46,58
03570400,ENGLISH CENTER (THE)                    ,FL,33133-2703,Public       ,6,42,48,12,106,118
03595400,ANGLEY COLLEGE                          ,FL,32720-4257,Proprietary  ,4,45,49,18,88,106
03611400,FLORIDA BARBER ACADEMY                  ,FL,33441-0000,Proprietary  ,7,24,31,11,27,38
03618300,FLORIDA INSTITUTE OF ANIMAL ARTS        ,FL,32792-1740,Proprietary  ,5,24,29,23,44,67
03627400,JACKSONVILLE BEAUTY INSTITUTE           ,FL,32208-1885,Proprietary  ,5,100,105,9,134,143
03627600,FLORIDA EDUCATION INSTITUTE             ,FL,33144-5036,Proprietary  ,6,72,78,20,155,175
03661400,SOUTH FLORIDA INSTITUTE OF TECHNOLO     ,FL,33135-0000,Proprietary  ,10,126,136,18,149,167
03691400,AVE MARIA SCHOOL OF LAW                 ,FL,34119-1376,Private      ,0,90,90,1,527,528
03706300,AMERICAN INSTITUTE                      ,FL,33319-5613,Proprietary  ,32,147,179,47,234,281
03757300,ADVANCE SCIENCE INSTITUTE               ,FL,33012-0000,Proprietary  ,14,98,112,14,102,116
03801400,BEAUTY INSTITUTE (THE)                  ,FL,33409-2972,Proprietary  ,6,53,59,14,81,95
03816300,ARTISTIC NAILS & BEAUTY ACADEMY         ,FL,33605-5919,Proprietary  ,9,74,83,16,100,116
03823300,FLORIDA ACADEMY OF HEALTH & BEAUTY      ,FL,33311-0000,Proprietary  ,3,15,18,10,37,47
03832300,DADE MEDICAL COLLEGE                    ,FL,33126-5534,Proprietary  ,10,44,54,37,155,192
03842500,CAMBRIDGE INSTITUTE OF ALLIED HEALTH    ,FL,32750-0000,Proprietary  ,6,22,28,9,51,60
03856300,UNIVERSAL BEAUTY SCHOOL                 ,FL,33174-4406,Proprietary  ,1,53,54,6,105,111
03866300,GALIANO CAREER ACADEMY                  ,FL,32701-0000,Proprietary  ,27,162,189,59,372,431
03875300,MEDICAL CAREER INSTITUTE OF SOUTH FLORID,FL,33407-2103,Proprietary  ,18,103,121,30,162,192
03888300,DRAGON RISES COLLEGE OF ORIENTAL MEDICIN,FL,32601-5089,Proprietary  ,2,5,7,2,5,7
03903500,SOUTHERN TECHNICAL COLLEGE              ,FL,32809-0000,Proprietary  ,7,8,15,18,31,49
03905300,LEVIN SCHOOL OF HEALTH CARE             ,FL,33445-4699,Proprietary  ,0,0,0,0,2,2
03906300,CAREER INSTITUTE OF FLORIDA             ,FL,33773-3434,Proprietary  ,5,99,104,12,187,199
03911300,TOTAL INTERNATIONAL CAREER INSTITUTE    ,FL,33012-0000,Proprietary  ,0,1,1,1,3,4
03939400,CENTURA INSTITUTE                       ,FL,32807-3566,Proprietary  ,4,38,42,22,101,123
03939600,DAYTONA COLLEGE                         ,FL,32174-8445,Proprietary  ,1,28,29,5,51,56
03941300,AVE MARIA UNIVERSITY                    ,FL,34142-9505,Private      ,101,37,138,485,115,600
03957400,NEW COLLEGE OF FLORIDA                  ,FL,34243-2109,Public       ,39,18,57,799,127,926
03985300,COMMERCIAL DIVING ACADEMY               ,FL,32208-0000,Proprietary  ,9,49,58,32,105,137
03986300,AVIATOR COLLEGE OF AERONAUTICAL SCIENCE ,FL,34946-9022,Proprietary  ,3,5,8,10,17,27
04016500,AMERICAN INSTITUTE OF BEAUTY            ,FL,33773-0000,Proprietary  ,16,32,48,20,70,90
04029300,TRENDSETTERS OF FLORIDA SCHOOL OF BEAUTY,FL,32205-0000,Proprietary  ,3,20,23,4,43,47
04058300,HEALTH OPPORTUNITY TECHNICAL CENTER     ,FL,33169-4517,Proprietary  ,4,78,82,4,79,83
00160500,CHAMINADE UNIV OF HONOLULU              ,HI,96816-1578,Private      ,161,252,413,1309,1303,2612
00160600,BRIGHAM YOUNG UNIV-HAWAII CAMPUS        ,HI,96762-1294,Private      ,155,206,361,762,596,1358
00161000,UNIVERSITY OF HAWAII AT MANOA           ,HI,96822-2399,Public       ,587,615,1202,8360,6225,14585
00161100,UNIVERSITY OF HAWAII AT HILO            ,HI,96720-4091,Public       ,166,121,287,2198,1327,3525
00161200,HONOLULU COMMUNITY COLLEGE              ,HI,96817-4598,Public       ,141,213,354,961,972,1933
00161300,KAPIOLANI COMMUNITY COLLEGE             ,HI,96816-4421,Public       ,186,222,408,1435,1378,2813
00161400,KAUAI COMMUNITY COLLEGE                 ,HI,96766-9591,Public       ,31,55,86,198,237,435
00161500,MAUI COMMUNITY COLLEGE                  ,HI,96732-1644,Public       ,94,166,260,586,844,1430
00454900,LEEWARD COMMUNITY COLLEGE               ,HI,96782-3393,Public       ,157,279,436,964,1271,2235
00525800,HAWAII COMMUNITY COLLEGE                ,HI,96720-4075,Public       ,123,133,256,781,886,1667
00723401,HEALD COLLEGE - HONOLULU                ,HI,96814-0000,Proprietary  ,202,172,374,551,607,1158
00727900,HAWAII PACIFIC UNIVERSITY               ,HI,96813-2882,Private      ,266,447,713,3334,2740,6074
00777500,HOLLYWOOD BEAUTY COLLEGE                ,HI,96701-4100,Proprietary  ,9,14,23,25,53,78
01122000,WINDWARD COMMUNITY COLLEGE              ,HI,96744-0000,Public       ,80,119,199,355,503,858
02055100,HAWAII BUSINESS COLLEGE                 ,HI,96813-0000,Proprietary  ,69,105,174,161,258,419
02100300,MED-ASSIST SCHOOL OF HAWAII             ,HI,96813-0000,Proprietary  ,14,32,46,37,83,120
02107800,UNIVERSITY OF HAWAII - WEST OAHU        ,HI,96782-0000,Public       ,33,76,109,216,529,745
02139500,HAWAII INSTITUTE OF HAIR DESIGN         ,HI,96817-5195,Proprietary  ,7,25,32,21,67,88
02208704,SAN DIEGO GOLF ACADEMY - THE GOLF ACADEM,HI,96744-3724,Proprietary  ,0,2,2,12,11,23
02321300,HAWAI'I THEOLOGICAL SEMINARY            ,HI,96817-0000,Private      ,0,1,1,7,17,24
03017800,TRAVEL INSTITUTE OF THE PACIFIC         ,HI,96814-1946,Proprietary  ,18,69,87,41,121,162
03020800,NEW YORK TECHNICAL INST OF HAWAII       ,HI,96817-4415,Proprietary  ,2,10,12,12,30,42
03072500,WORLD MEDICINE INSTITUTE                ,HI,96826-0000,Private      ,1,16,17,3,43,46
03649300,HAWAII TECHNOLOGY INSTITUTE             ,HI,96813-3036,Private      ,4,9,13,12,21,33
03735300,INST OF CLINICAL ACUPUNCTURE & ORIENT MD,HI,96813-2307,Proprietary  ,1,4,5,2,26,28
00161600,BOISE STATE UNIVERSITY                  ,ID,83725-1000,Public       ,769,1280,2049,7603,8715,16318
00161700,"COLLEGE OF IDAHO, THE                   ",ID,83605-4432,Private      ,70,31,101,1005,200,1205
00161900,COLLEGE OF SOUTHERN IDAHO               ,ID,83301-0000,Public       ,450,761,1211,1843,2351,4194
00162000,IDAHO STATE UNIVERSITY                  ,ID,83209-5377,Public       ,826,1720,2546,3913,7147,11060
00162100,LEWIS-CLARK STATE COLLEGE               ,ID,83501-2698,Public       ,169,320,489,1637,1739,3376
00162300,NORTH IDAHO COLLEGE                     ,ID,83814-2199,Public       ,259,419,678,1706,1873,3579
00162400,NORTHWEST NAZARENE UNIVERSITY           ,ID,83686-5897,Private      ,99,219,318,1196,785,1981
00162500,BRIGHAM YOUNG UNIVERSITY-IDAHO          ,ID,83460-1650,Private      ,1324,1988,3312,5537,4400,9937
00162600,UNIVERSITY OF IDAHO                     ,ID,83844-4291,Public       ,445,510,955,7187,3870,11057
00455300,ITT TECHNICAL INSTITUTE                 ,ID,83713-1529,Proprietary  ,130,287,417,350,693,1043
00987300,MR JUAN'S CLG OF HAIR DESIGN            ,ID,83301-4154,Proprietary  ,5,5,10,12,34,46
01113300,EASTERN IDAHO TECHNICAL COLLEGE         ,ID,83404-5788,Public       ,42,149,191,233,673,906
02210700,CAREER BEAUTY COLLEGE                   ,ID,83440-0000,Proprietary  ,15,16,31,34,29,63
02218000,APOLLO COLLEGE                          ,ID,83704-0000,Proprietary  ,86,200,286,196,510,706
02234500,BOISE BIBLE COLLEGE                     ,ID,83714-1220,Private      ,24,25,49,159,81,240
02275800,MR LEONS SCHOOL OF HAIR DESIGN          ,ID,83843-8384,Proprietary  ,15,21,36,24,35,59
02314000,SCHOOL OF HAIRSTYLING (THE)             ,ID,83202-0000,Proprietary  ,14,10,24,39,50,89
02319800,HEADMASTERS SCHOOL OF HAIR DESIGN       ,ID,83814-0000,Proprietary  ,27,33,60,73,86,159
02349200,HEADMASTERS SCHOOL OF HAIR DESIGN       ,ID,83501-0000,Proprietary  ,6,5,11,16,30,46
02559500,RAZZLE DAZZLE CLG OF HAIR DESIGN        ,ID,83686-5104,Proprietary  ,7,32,39,26,55,81
02607100,SCOT LEWIS SCHOOLS                      ,ID,83709-1662,Proprietary  ,22,29,51,59,90,149
03052202,COURT REPORTING INSTITUTE/CRI COMPUTER T,ID,83709-8101,Proprietary  ,0,8,8,4,22,26
03098700,ACADEMY OF COURT REPORTING              ,ID,83704-8320,Proprietary  ,74,251,325,143,552,695
03832400,COSMETOLOGY SCHOOL OF ARTS & SCIENCES   ,ID,83318-1327,Proprietary  ,2,13,15,7,35,42
00163200,AQUINAS INSTITUTE OF THEOLOGY           ,MO,63108-3323,Private      ,0,6,6,3,50,53
00244900,AVILA COLLEGE                           ,MO,64145-1698,Private      ,143,257,400,954,959,1913
00245000,CALVARY BIBLE COLLEGE                   ,MO,64147-1341,Private      ,25,37,62,165,160,325
00245200,CENTRAL BIBLE COLLEGE                   ,MO,65803-1096,Private      ,95,71,166,586,281,867
00245300,CENTRAL METHODIST UNIVERSITY            ,MO,65248-1198,Private      ,114,160,274,1028,482,1510
00245301,CENTRAL METHODIST UNIVERSITY            ,MO,63601-0000,Private      ,8,44,52,57,136,193
00245302,CENTRAL METHODIST UNIVERSITY- UNION     ,MO,63084-0000,Private      ,7,8,15,32,40,72
00245400,UNIVERSITY OF CENTRAL MISSOURI          ,MO,64093-5178,Public       ,773,716,1489,6301,3220,9521
00245600,COLUMBIA COLLEGE                        ,MO,65216-4581,Private      ,357,1943,2300,2070,8586,10656
00245700,CONCORDIA SEMINARY                      ,MO,63105-3199,Private      ,0,2,2,2,667,669
00245800,COTTEY COLLEGE                          ,MO,64772-2790,Private      ,15,3,18,352,16,368
00245900,CROWDER COLLEGE                         ,MO,64850-9165,Public       ,277,379,656,1159,1389,2548
00246000,CULVER STOCKTON COLLEGE                 ,MO,63435-1299,Private      ,73,30,103,1105,174,1279
00246100,DRURY UNIVERSITY                        ,MO,65802-3791,Private      ,299,812,1111,2050,2745,4795
00246200,EDEN THEOLOGICAL SEMINARY               ,MO,63119-0000,Private      ,0,27,27,0,112,112
00246300,EVANGEL UNIVERSITY                      ,MO,65802-2125,Private      ,187,99,286,1833,465,2298
00246400,FONTBONNE UNIVERSITY                    ,MO,63105-3098,Private      ,99,444,543,1129,2001,3130
00246600,HARRIS-STOWE STATE COLLEGE              ,MO,63103-2199,Public       ,319,448,767,1082,1466,2548
00246700,CONCEPTION SEMINARY COLLEGE             ,MO,64433-0000,Private      ,13,4,17,32,12,44
00246800,JEFFERSON COLLEGE                       ,MO,63050-2441,Public       ,359,408,767,1680,1382,3062
00247100,ST LOUIS COMMUNITY COLLEGE              ,MO,63102-0000,Public       ,2182,3135,5317,6835,9195,16030
00247300,KANSAS CITY ART INSTITUTE               ,MO,64111-1874,Private      ,54,22,76,864,182,1046
00247400,KANSAS CITY UNIV OF MED & BIOSCIENCES   ,MO,64106-0000,Private      ,1,46,47,18,1053,1071
00247600,KENRICK-GLENNON SEMINARY                ,MO,63119-0000,Private      ,0,0,0,5,4,9
00247700,A.T. STILL UNIV OF HEALTH SCIENCES      ,MO,63501-0000,Private      ,1,209,210,5,1674,1679
00247900,LINCOLN UNIVERSITY                      ,MO,65101-3500,Public       ,362,317,679,2069,1228,3297
00248000,LINDENWOOD UNIVERSITY                   ,MO,63301-1695,Private      ,403,1220,1623,3846,4296,8142
00248200,MARYVILLE UNIVERSITY                    ,MO,63141-7299,Private      ,102,333,435,2022,1583,3605
00248400,METROPOLITAN COMMUNITY COLLEGE          ,MO,64111-2408,Public       ,1157,1798,2955,5595,7512,13107
00248500,MIDWESTERN BAPTIST THEOL SEMINARY       ,MO,64118-0000,Private      ,0,5,5,27,84,111
00248500,MIDWESTERN BAPTIST THEOL SEMINARY       ,MO,64118-4697,Private      ,12,74,86,12,74,86
00248600,MINERAL AREA COLLEGE                    ,MO,63601-1000,Public       ,280,395,675,1266,1355,2621
00248800,MISSOURI SOUTHERN STATE UNIVERSITY      ,MO,64801-1595,Public       ,426,650,1076,2641,2697,5338
00248900,MISSOURI VALLEY COLLEGE                 ,MO,65340-3197,Private      ,129,57,186,1316,316,1632
00249000,MISSOURI WESTERN STATE UNIVERSITY       ,MO,64507-2294,Public       ,449,400,849,3334,1742,5076
00249100,MOBERLY AREA COMMUNITY COLLEGE          ,MO,65270-1304,Public       ,347,334,681,1684,1483,3167
00249400,NAZARENE THEOLOGICAL SEMINARY           ,MO,64131-1246,Private      ,0,48,48,0,156,156
00249500,TRUMAN STATE UNIVERSITY                 ,MO,63501-4221,Public       ,303,53,356,4628,378,5006
00249600,NORTHWEST MISSOURI STATE UNIV           ,MO,64468-6001,Public       ,488,243,731,4995,850,5845
00249800,PARK UNIVERSITY                         ,MO,64152-3795,Private      ,216,1655,1871,1069,6173,7242
00249900,ROCKHURST UNIVERSITY                    ,MO,64110-2561,Private      ,103,224,327,1681,1009,2690
00250000,COLLEGE OF THE OZARKS                   ,MO,65726-2502,Private      ,75,21,96,2408,237,2645
00250100,SOUTHEAST MISSOURI STATE UNIV           ,MO,63701-4799,Public       ,608,638,1246,5787,3019,8806
00250200,SOUTHWEST BAPTIST UNIVERSITY            ,MO,65613-2597,Private      ,154,359,513,1774,1172,2946
00250300,MISSOURI STATE UNIVERSITY               ,MO,65897-0094,Public       ,1207,1117,2324,11049,5258,16307
00250400,ST LOUIS COLLEGE OF PHARMACY            ,MO,63110-1088,Private      ,29,36,65,705,427,1132
00250600,SAINT LOUIS UNIVERSITY                  ,MO,63103-2097,Private      ,323,791,1114,7883,5117,13000
00250602,SAINT LOUIS UNIV SCH MEDICINE           ,MO,63104-0000,Private      ,14,35,49,190,735,925
00250900,SAINT PAUL SCHOOL OF THEOLOGY           ,MO,64127-2499,Private      ,0,4,4,0,197,197
00251200,STEPHENS COLLEGE                        ,MO,65215-0001,Private      ,48,67,115,823,286,1109
00251400,NORTH CENTRAL MISSOURI COLLEGE          ,MO,64683-1824,Public       ,114,211,325,559,626,1185
00251600,UNIVERSITY OF MISSOURI-COLUMBIA         ,MO,65211-1600,Public       ,1072,816,1888,16939,6072,23011
00251700,MISSOURI UNIVERSITY OF SCIENCE & TECHNOL,MO,65409-0250,Public       ,238,146,384,3712,917,4629
00251800,UNIVERSITY OF MISSOURI-KANSAS CITY      ,MO,64110-2497,Public       ,615,1464,2079,5265,7034,12299
00251900,UNIVERSITY OF MISSOURI-ST LOUIS         ,MO,63121-4499,Public       ,732,1628,2360,4779,6846,11625
00252000,WASHINGTON UNIVERSITY                   ,MO,63130-4899,Private      ,182,364,546,10407,4246,14653
00252001,WASHINGTON UNIV-SCHOOL OF MEDICINE      ,MO,63110-0000,Private      ,4,23,27,32,1106,1138
00252100,WEBSTER UNIVERSITY                      ,MO,63119-3194,Private      ,173,1960,2133,2737,9758,12495
00252200,WENTWORTH MILITARY ACADEMY              ,MO,64067-1799,Private      ,44,64,108,133,173,306
00252300,WESTMINSTER COLLEGE                     ,MO,65251-1299,Private      ,39,9,48,941,69,1010
00252400,WILLIAM JEWELL COLLEGE                  ,MO,64068-1896,Private      ,99,49,148,1369,243,1612
00252500,WILLIAM WOODS UNIVERSITY                ,MO,65251-2388,Private      ,76,524,600,825,1492,2317
00405704,NATIONAL AMERICAN UNIVERSITY            ,MO,64057-1791,Proprietary  ,9,52,61,27,236,263
00441300,ST JOHNS HOSP SCH RAD TECH              ,MO,65802-0000,Private      ,3,10,13,28,46,74
00470300,LOGAN COLLEGE OF CHIROPRACTIC           ,MO,63006-1065,Private      ,16,77,93,71,1104,1175
00470700,COVENANT THEOLOGICAL SEMINARY           ,MO,63141-8697,Private      ,0,75,75,5,439,444
00471100,LINN STATE TECHNICAL COLLEGE            ,MO,65051-9607,Public       ,84,60,144,853,231,1084
00471300,THREE RIVERS COMMUNITY COLLEGE          ,MO,63901-2393,Public       ,270,504,774,1329,1721,3050
00528700,BROOKFIELD AREA CAREER CENTER           ,MO,64628-0000,Public       ,0,0,0,1,0,1
00528800,KIRKSVILLE AREA TECHNICAL CENTER        ,MO,63501-0000,Public       ,3,17,20,19,54,73
00528900,WAYNESVILLE TECHNICAL ACADEMY           ,MO,65583-0000,Public       ,3,11,14,11,72,83
00542400,SOUTH CENTRAL CAREER CENTER             ,MO,65775-3334,Public       ,10,51,61,38,116,154
00542600,SIKESTON CAREER AND TECHNOLOGY CTR      ,MO,63801-0000,Public       ,7,24,31,22,108,130
00542900,ROLLA TECHNICAL INSTITUTE               ,MO,65401-3601,Public       ,39,54,93,158,210,368
00543000,POPLAR BLUFF TECHNICAL CAREER CNTR      ,MO,63901-0000,Public       ,3,13,16,33,91,124
00543600,DAVIS H HART MEXICO AREA VOC TECH       ,MO,65265-0000,Public       ,9,5,14,23,23,46
00543800,SALINE COUNTY CAREER CENTER             ,MO,65340-0000,Public       ,1,8,9,7,62,69
00544500,TRUMAN MEDICAL CENTER SCHOOL OF NURSE AN,MO,64108-2677,Private      ,1,10,11,6,43,49
00553100,GRAND RIVER TECHNICAL SCHOOL            ,MO,64601-1299,Public       ,8,21,29,60,49,109
00553200,CAPE GIRARDEAU CAREER & TECHNOLOGY CENTE,MO,63703-7511,Public       ,14,59,73,63,222,285
00638500,CHAMBERLAIN COLLEGE OF NURSING          ,MO,63139-3297,Proprietary  ,25,196,221,248,773,1021
00638900,BARNES JEWISH COLLEGE OF NURSING AND ALL,MO,63110-1091,Private      ,24,137,161,156,619,775
00639200,RESEARCH COLLEGE OF NURSING             ,MO,64132-1199,Proprietary  ,8,25,33,62,164,226
00639201,RESEARCH MEDICAL CENTER - COLLEGE OF NUR,MO,64132-1199,Proprietary  ,1,1,2,6,10,16
00639202,RESEARCH MED CTR SCHL OF RAD TECH       ,MO,64132-0000,Proprietary  ,1,4,5,13,20,33
00639203,RESEARCH MED CTR SCH NUCL MED TECH      ,MO,64132-0000,Proprietary  ,0,1,1,0,8,8
00666600,LUTHERAN  SCHOOL OF NURSING             ,MO,63118-3909,Proprietary  ,5,51,56,46,237,283
00754000,MISSOURI BAPTIST UNIVERSITY             ,MO,63141-8698,Private      ,195,417,612,915,1086,2001
00755700,ITT TECHNICAL INSTITUTE                 ,MO,63045-1122,Proprietary  ,435,732,1167,1054,1675,2729
00808000,STATE FAIR COMMUNITY COLLEGE            ,MO,65301-0000,Public       ,298,355,653,1356,1397,2753
00826900,HILLYARD TECHNICAL CENTER               ,MO,64506-0000,Public       ,18,29,47,83,108,191
00855200,PATRICIA STEVENS COLLEGE                ,MO,63102-2334,Proprietary  ,22,47,69,59,97,156
00860600,TRI-COUNTY TECHNICAL SCHOOL             ,MO,65026-0000,Public       ,0,8,8,8,33,41
00886200,EAST CENTRAL COLLEGE                    ,MO,63084-0529,Public       ,263,343,606,1317,1074,2391
00908900,HANNIBAL-LAGRANGE COLLEGE               ,MO,63401-1999,Private      ,83,75,158,649,381,1030
00952000,NATIONAL ACADEMY OF BEAUTY ARTS         ,MO,63128-1307,Proprietary  ,58,68,126,143,198,341
00959000,INDEPENDENCE COLLEGE OF COSMETOLOGY     ,MO,64055-1105,Proprietary  ,24,28,52,42,45,87
00960700,HOUSE OF HEAVILIN BEAUTY COLLEGE        ,MO,64110-2826,Proprietary  ,7,21,28,17,45,62
00978200,SAINT LUKE'S COLLEGE                    ,MO,64114-3237,Private      ,1,16,17,67,126,193
00979500,MISSOURI COLLEGE                        ,MO,63144-2901,Proprietary  ,109,162,271,317,469,786
01014814,COLORADO TECHNL UNIV NORTH KANSAS CITY  ,MO,64116-3614,Proprietary  ,46,159,205,200,802,1002
01027900,HICKEY COLLEGE                          ,MO,63146-0000,Proprietary  ,94,72,166,318,139,457
01040500,PINNACLE CAREER INSTITUTE               ,MO,64131-3367,Proprietary  ,28,105,133,53,254,307
01102600,WARRENSBURG AREA VOC TECH SCH           ,MO,64093-0000,Public       ,5,2,7,32,44,76
01173500,PIKE/LINCOLN TECHNICAL CENTER           ,MO,63344-0000,Public       ,10,12,22,24,55,79
01212000,ASSEMBLIES OF GOD THEO. SEMINARY        ,MO,65802-0000,Private      ,1,71,72,11,290,301
01250000,RANKEN TECHNICAL COLLEGE                ,MO,63113-2811,Private      ,163,115,278,931,481,1412
01258000,ST LOUIS CHRISTIAN COLLEGE              ,MO,63033-6499,Private      ,40,80,120,135,221,356
01320800,BAPTIST BIBLE COLLEGE                   ,MO,65803-3498,Private      ,144,101,245,434,272,706
02056100,FOUR RIVERS CAREER CENTER               ,MO,63090-0000,Public       ,7,2,9,23,29,52
02066900,NICHOLS CAREER CENTER                   ,MO,65101-2814,Public       ,4,8,12,73,90,163
02068200,COX HEALTH - COX COLLEGE                ,MO,65802-0000,Private      ,24,103,127,189,575,764
02068202,COX HEALTH - RADIOLOGIC TECHNOLOGY      ,MO,65802-0000,Private      ,2,10,12,35,42,77
02068204,COX HEALTH - MEDICAL TECHNOLOGY         ,MO,65807-0000,Private      ,1,5,6,9,11,20
02073600,KENNETT CAREER & TECHNOLOGY CENTER      ,MO,63857-0000,Public       ,1,4,5,6,47,53
02090400,BOONSLICK TECHNICAL EDUCATION CTR       ,MO,65233-0000,Public       ,2,11,13,12,40,52
02121100,MIDWEST INSTITUTE                       ,MO,63122-0000,Proprietary  ,20,90,110,48,176,224
02124500,FRANKLIN TECHNOLOGY CENTER              ,MO,64801-0000,Public       ,17,101,118,73,279,352
02142200,LEX LA RAY TECHNICAL CENTER             ,MO,64067-0000,Public       ,1,5,6,18,52,70
02151000,HANNIBAL CAREER AND TECHNICAL CENTE     ,MO,63401-2285,Public       ,1,8,9,18,76,94
02154900,MISSOURI SCH OF BARB & HAIR             ,MO,63031-0000,Proprietary  ,7,21,28,18,52,70
02164200,FOREST INST PROFESSIONAL PSYCHOLOGY     ,MO,65807-0000,Private      ,2,62,64,7,269,276
02165900,CHILLICOTHE BEAUTY ACADEMY              ,MO,64601-0000,Proprietary  ,0,5,5,4,19,23
02180200,METRO BUSINESS COLLEGE                  ,MO,63701-0000,Proprietary  ,44,144,188,120,424,544
02187200,NORTH CENTRAL AREA VOC TECH SCHOOL      ,MO,64424-0000,Public       ,1,0,1,2,0,2
02188000,NORTHWEST TECHNICAL SCHOOL              ,MO,64468-0000,Public       ,10,32,42,47,82,129
02188100,NORTHLAND CAREER CENTER                 ,MO,64079-8333,Public       ,1,5,6,18,44,62
02202700,OZARK CHRISTIAN COLLEGE                 ,MO,64801-0000,Private      ,105,67,172,539,182,721
02203400,NEVADA REGIONAL TECHNICAL CENTER        ,MO,64772-0000,Public       ,3,8,11,11,57,68
02205200,SANFORD-BROWN COLLEGE                   ,MO,63026-7305,Proprietary  ,200,587,787,679,2490,3169
02205203,SANFORD BROWN COLLEGE-ST. PETERS        ,MO,63301-4042,Proprietary  ,63,201,264,197,530,727
02205205,SANFORD BROWN COLLEGE-HAZELWOOD         ,MO,63042-2708,Proprietary  ,70,243,313,167,665,832
02214500,SALEM COLLEGE OF HAIRSTYLING            ,MO,65401-0000,Proprietary  ,5,21,26,11,31,42
02239200,ALLIED COLLEGE - NORTH                  ,MO,63043-0000,Proprietary  ,173,426,599,482,1056,1538
02242800,GIBSON TECHNICAL CENTER                 ,MO,65737-0169,Public       ,0,7,7,5,55,60
02250600,EVEREST COLLEGE                         ,MO,65807-2446,Proprietary  ,108,313,421,470,1478,1948
02263400,LAKE CAREER AND TECHNICAL CENTER        ,MO,65020-0000,Public       ,3,5,8,13,13,26
02266400,CENTRAL CHRISTIAN CLG OF THE BIBLE      ,MO,65270-0000,Private      ,55,32,87,354,157,511
02277500,HOUSE OF HEAVILIN OF BLUE SPRINGS       ,MO,64014-3953,Proprietary  ,24,23,47,42,67,109
02289200,COLUMBIA AREA CAREER CENTER             ,MO,65203-0000,Public       ,8,24,32,46,129,175
02292400,COLUMBIA BEAUTY ACADEMY                 ,MO,65203-0000,Proprietary  ,3,0,3,13,18,31
02295700,MISSOURI BEAUTY ACADEMY                 ,MO,63640-1827,Proprietary  ,9,14,23,17,29,46
02295701,"MISSOURI BEAUTY ACADEMY, LLC - CRYSTAL C",MO,63019-1724,Proprietary  ,6,8,14,17,22,39
02304000,MISSOURI TECH                           ,MO,63132-0000,Proprietary  ,22,48,70,48,71,119
02309100,AMERICAN COLLEGE OF HAIR DESIGN         ,MO,65301-2144,Proprietary  ,13,27,40,29,48,77
02311100,ABBOTT ACADEMY OF COSMETIC ARTS/SCI     ,MO,63376-0000,Proprietary  ,8,9,17,22,35,57
02313000,CASS CAREER CENTER                      ,MO,64701-0000,Public       ,1,3,4,9,25,34
02340500,ST LOUIS COLLEGE OF HEALTH CAREERS      ,MO,63110-0000,Proprietary  ,36,157,193,70,431,501
02340501,ST LOUIS COLLEGE OF HEALTH              ,MO,63129-0000,Proprietary  ,0,2,2,2,11,13
02342100,CAREER & TECHNOLOGY CTR AT FT OSAGE     ,MO,64058-0000,Public       ,0,3,3,8,11,19
02361600,CONCORDE CAREER COLLEGE                 ,MO,64111-0000,Proprietary  ,46,246,292,114,611,725
02497500,CLINTON TECHNICAL SCHOOL                ,MO,64735-2966,Public       ,1,1,2,1,3,4
02520800,MERRELL UNIV OF BTY ARTS & SCIENCES     ,MO,65109-0000,Proprietary  ,23,33,56,82,88,170
02530600,SAINT CHARLES COMMUNITY COLLEGE         ,MO,63376-0975,Public       ,523,429,952,2296,1590,3886
02543800,PARIS II EDUCATIONAL CENTER (THE)       ,MO,64118-0000,Proprietary  ,14,41,55,23,97,120
02550400,OZARK MOUNTAIN TECHNICAL CENTER         ,MO,65711-0000,Public       ,0,0,0,3,2,5
02555300,PATSY AND ROB'S ACADEMY OF BEAUTY       ,MO,63074-0000,Proprietary  ,13,31,44,34,100,134
02564700,ELAINE STEVEN BEAUTY COLLEGE            ,MO,63136-0000,Proprietary  ,21,90,111,43,150,193
02564701,ELAINE STEVEN BEAUTY COLLEGE - ADVANCE B,MO,63383-2006,Proprietary  ,1,2,3,5,6,11
02568500,GRABBER SCHOOL OF HAIR DESIGN           ,MO,63011-0000,Proprietary  ,27,17,44,70,73,143
02599700,VATTEROTT COLLEGE                       ,MO,63134-2900,Proprietary  ,43,262,305,97,740,837
02599701,VATTEROTT COLLEGE - KANSAS CITY         ,MO,64129-1692,Proprietary  ,86,399,485,176,893,1069
02599702,VATTEROTT COLLEGE - SPRINGFIELD LOCATION,MO,65807-5340,Proprietary  ,38,126,164,82,389,471
02599703,VATTEROTT COLLEGE - JOPLIN              ,MO,64801-5033,Proprietary  ,30,97,127,81,297,378
02599705,VATTEROTT COLLEGE - SUNSET HILLS        ,MO,63127-1516,Proprietary  ,77,149,226,184,465,649
02599712,VATTEROTT COLLEGE - O'FALLON            ,MO,63366-2748,Proprietary  ,32,93,125,96,297,393
02608000,NEOSHO BEAUTY COLLEGE                   ,MO,64850-1525,Proprietary  ,6,10,16,12,20,32
02608001,NEOSHO BEAUTY COLLEGE - CLASS ACT I COSM,MO,64801-2314,Proprietary  ,1,11,12,5,17,22
02609202,VATTEROTT COLLEGE-ST JOSEPH             ,MO,64501-2911,Proprietary  ,39,89,128,94,262,356
02609203,VATTEROTT COLLEGE - L'ECOLE CULINAIRE   ,MO,63124-1103,Proprietary  ,66,160,226,136,298,434
02611001,HERITAGE COLLEGE                        ,MO,64151-0000,Proprietary  ,47,233,280,129,516,645
03011900,LAMAR AREA VOCATIONAL-TECHNICAL SCH     ,MO,64759-1285,Public       ,0,0,0,1,0,1
03032000,EXCELSIOR SPRINGS AREA CAREER CTR       ,MO,64024-0248,Public       ,0,1,1,1,2,3
03042400,LEBANON TECHNOLOGY & CAREER CENTER      ,MO,65536-3296,Public       ,5,15,20,22,64,86
03066300,BRYAN CAREER COLLEGE                    ,MO,65806-2507,Proprietary  ,12,68,80,57,182,239
03068600,NORTH COUNTY TECH SPECIAL SCH DIST      ,MO,63033-6498,Public       ,8,80,88,31,285,316
03070200,CENTRAL COLLEGE OF COSMETOLOGY          ,MO,65583-0000,Proprietary  ,14,33,47,24,42,66
03070900,SE MO HOSP CLG NURSING & HEALTH SCI     ,MO,63703-4507,Private      ,3,30,33,65,163,228
03072800,DALLAS COUNTY CAREER CENTER             ,MO,65685-9152,Public       ,0,0,0,0,3,3
03077200,COSMETOLOGY CONCEPTS INSTITUTE          ,MO,65202-1972,Proprietary  ,7,8,15,19,16,35
03083000,OZARKS TECHNICAL COMMUNITY COLLEGE      ,MO,65802-3601,Public       ,985,1065,2050,4232,4151,8383
03092600,MESSENGER COLLEGE                       ,MO,64804-4909,Private      ,26,25,51,53,50,103
03097600,ST LOUIS HAIR ACADEMY                   ,MO,63107-1737,Proprietary  ,5,15,20,12,35,47
03101000,NEW DIMENSION SCHOOL OF HAIR DESIGN     ,MO,64801-5017,Proprietary  ,8,14,22,19,32,51
03106000,MISSOURI STATE UNIVERSITY - WEST PLAINS ,MO,65775-2715,Public       ,135,178,313,766,658,1424
03110900,HOUSE OF HEAVILIN BEAUTY COLLEGE        ,MO,64030-1154,Proprietary  ,7,11,18,17,47,64
03166300,MOBERLY AREA TECHNICAL CENTER           ,MO,65270-1904,Public       ,0,2,2,19,10,29
03174300,HERNDON CAREER CENTER                   ,MO,64138-2695,Public       ,0,0,0,11,8,19
03519300,MISSOURI COLLEGE OF COSMETOLOGY NORTH   ,MO,65803-1235,Proprietary  ,16,57,73,72,149,221
03528300,MIDWEST UNIVERSITY                      ,MO,63385-2905,Private      ,0,3,3,1,6,7
03579300,TEXAS COUNTY TECHNICAL INSTITUTE        ,MO,65483-2700,Private      ,6,49,55,21,234,255
03616300,AVIATION INSTITUTE OF MAINTENANCE       ,MO,64129-1811,Proprietary  ,16,72,88,46,205,251
03663400,UNIVERSITY OF COSMETOLOGY               ,MO,63080-1910,Proprietary  ,8,10,18,12,24,36
03817300,ST. CHARLES SCHOOL OF MASSAGE THERAPY   ,MO,63303-5607,Proprietary  ,3,12,15,11,25,36
03878300,PROFESSIONAL MASSAGE TRAINING CENTER    ,MO,65803-2939,Proprietary  ,4,24,28,23,54,77
03916300,ECLIPS SCHOOL OF COSMETOLOGY AND BARBERI,MO,63703-5809,Proprietary  ,2,14,16,11,30,41
03924300,HAIR ACADEMY 110 (THE)                  ,MO,63501-2915,Proprietary  ,3,7,10,11,20,31
03970400,MTTI-WELLSPRING CENTER FOR NATURAL HEALT,MO,64114-3313,Proprietary  ,14,34,48,46,100,146
00163201,AQUINAS INSTITUTE OF THEOLOGY - MINISTRY,OK,73123-0380,Private      ,0,1,1,1,4,5
00314600,WESTERN OKLAHOMA STATE COLLEGE          ,OK,73521-1397,Public       ,131,219,350,452,701,1153
00314700,BACONE COLLEGE                          ,OK,74403-1597,Private      ,170,181,351,659,604,1263
00314900,SOUTHERN NAZARENE UNIVERSITY            ,OK,73008-2694,Private      ,190,439,629,1117,1027,2144
00315000,CAMERON UNIVERSITY                      ,OK,73505-6377,Public       ,359,801,1160,1535,2800,4335
00315100,OKLAHOMA WESLEYAN UNIVERSITY            ,OK,74006-6299,Private      ,81,195,276,550,662,1212
00315200,UNIV OF CENTRAL OKLAHOMA                ,OK,73034-5209,Public       ,1117,1187,2304,7167,5470,12637
00315300,CONNORS STATE COLLEGE                   ,OK,74469-9700,Public       ,147,259,406,779,1024,1803
00315400,EAST CENTRAL UNIVERSITY                 ,OK,74820-6999,Public       ,377,538,915,2108,2240,4348
00315500,EASTERN OKLAHOMA STATE COLLEGE          ,OK,74578-4999,Public       ,166,278,444,855,931,1786
00315600,REDLANDS COMMUNITY COLLEGE              ,OK,73036-5304,Public       ,147,307,454,576,947,1523
00315700,LANGSTON UNIVERSITY                     ,OK,73050-0000,Public       ,384,431,815,1983,1726,3709
00315800,MURRAY STATE COLLEGE                    ,OK,73460-3137,Public       ,212,383,595,932,1299,2231
00316000,NORTHEASTERN OKLAHOMA A & M COLLEGE     ,OK,74354-6497,Public       ,263,219,482,1270,779,2049
00316100,NORTHEASTERN STATE UNIVERSITY           ,OK,74464-2399,Public       ,647,1047,1694,4310,5196,9506
00316200,NORTHERN OKLAHOMA COLLEGE               ,OK,74653-0310,Public       ,437,558,995,1506,1831,3337
00316300,NORTHWESTERN OKLAHOMA STATE UNIV        ,OK,73717-2799,Public       ,191,239,430,869,845,1714
00316400,OKLAHOMA BAPTIST UNIVERSITY             ,OK,74801-2590,Private      ,147,74,221,1383,279,1662
00316500,OKLAHOMA CHRISTIAN UNIVERSITY           ,OK,73131-0000,Private      ,207,134,341,1922,474,2396
00316600,OKLAHOMA CITY UNIVERSITY                ,OK,73106-1493,Private      ,147,263,410,1769,1956,3725
00316700,UNIV OF SCIENCE & ARTS OF OKLAHOMA      ,OK,73018-5322,Public       ,139,121,260,835,497,1332
00316800,ROGERS STATE UNIVERSITY                 ,OK,74017-3252,Public       ,329,500,829,1616,2157,3773
00317000,OKLAHOMA STATE UNIVERSITY               ,OK,74078-1015,Public       ,1731,1294,3025,11960,6175,18135
00317200,OKLAHOMA STATE UNIVERSITY-OKMULGEE      ,OK,74447-3901,Public       ,232,254,486,1197,1000,2197
00317400,OKLAHOMA PANHANDLE STATE UNIVERSITY     ,OK,73939-0000,Public       ,132,106,238,637,355,992
00317600,CARL ALBERT STATE COLLEGE               ,OK,74953-5208,Public       ,167,395,562,1002,1644,2646
00317800,SEMINOLE STATE COLLEGE                  ,OK,74818-1902,Public       ,159,299,458,694,1040,1734
00317900,SOUTHEASTERN OKLAHOMA STATE UNIV        ,OK,74701-0609,Public       ,415,500,915,2063,1860,3923
00318000,SOUTHWESTERN CHRISTIAN UNIVERSITY       ,OK,73008-2335,Private      ,30,61,91,134,169,303
00318100,SOUTHWESTERN OKLAHOMA STATE UNIV        ,OK,73096-3098,Public       ,459,424,883,2518,1671,4189
00318101,SOUTHWESTERN OK STATE UNIV AT SAYRE     ,OK,73662-0000,Public       ,31,71,102,141,257,398
00318300,ST GREGORY'S UNIVERSITY                 ,OK,74804-2499,Private      ,59,77,136,309,386,695
00318308,SAINT GREGORY'S UNIVERSITY - IPD TULSA  ,OK,74135-2499,Private      ,4,30,34,14,125,139
00318400,UNIVERSITY OF OKLAHOMA                  ,OK,73019-4078,Public       ,1406,1376,2782,12083,7615,19698
00318401,UNIVERSITY OF OKLAHOMA-HLTH SCI CTR     ,OK,73190-0000,Public       ,63,333,396,396,2811,3207
00318500,UNIVERSITY OF TULSA                     ,OK,74104-3189,Private      ,224,296,520,2431,1720,4151
00398500,ORAL ROBERTS UNIVERSITY                 ,OK,74171-0001,Private      ,325,333,658,2586,1293,3879
00531100,TULSA COUNTY AREA VOC TECH SCHOOL       ,OK,74145-0000,Public       ,35,135,170,144,543,687
00531200,RED RIVER TECHNOLOGY CENTER             ,OK,73533-2700,Public       ,11,59,70,21,113,134
00533900,METRO TECHNOLOGY CENTERS SCH DIST22     ,OK,73111-0000,Public       ,60,282,342,138,791,929
00533903,METRO TECHNOLOGY CENTERS SCH DIST22     ,OK,73129-0000,Public       ,12,78,90,32,217,249
00694200,MID-AMERICA CHRISTIAN UNIVERSITY        ,OK,73170-4504,Private      ,105,216,321,363,584,947
00767800,SPARTAN COLLEGE OF AERONAUTICS AND TECHN,OK,74115-5800,Proprietary  ,162,141,303,670,499,1169
00791100,VIRGILS BEAUTY COLLEGE                  ,OK,74401-6802,Proprietary  ,7,14,21,11,30,41
00834300,AUTRY TECHNOLOGY CENTER                 ,OK,73703-2598,Public       ,15,57,72,44,203,247
00861900,TRI COUNTY TECHNOLOGY CENTER            ,OK,74006-6029,Public       ,13,35,48,73,128,201
00918500,ROSE STATE COLLEGE                      ,OK,73110-2799,Public       ,466,1237,1703,1775,3960,5735
00920400,KIAMICHI AREA VOC TECH SCHOOL           ,OK,74578-0548,Public       ,71,300,371,202,828,1030
00920408,KIAMICHI AREA VOC TECH SCHOOL           ,OK,74953-0000,Public       ,4,15,19,17,66,83
00961800,TULSA WELDING SCHOOL                    ,OK,74104-0000,Proprietary  ,142,248,390,386,562,948
00964700,"OKLAHOMA STATE UNIV, OKLA CITY          ",OK,73107-6159,Public       ,352,998,1350,1341,3452,4793
00970800,EVES COLLEGE OF HAIRSTYLING             ,OK,73501-4359,Proprietary  ,3,23,26,19,44,63
00976300,TULSA COMMUNITY COLLEGE                 ,OK,74135-6198,Public       ,1013,1969,2982,4107,7505,11612
00996300,CADDO KIOWA VOC TECH CENTER             ,OK,73038-0000,Public       ,32,136,168,61,321,382
00996400,CENTRAL OKLAHOMA AREA VOC TECH SCH      ,OK,74030-9613,Public       ,18,56,74,43,181,224
00996500,CANADIAN VALLEY TECHNOLOGY CENTER       ,OK,73036-9117,Public       ,29,131,160,55,348,403
00996800,GORDON COOPER TECHNOLOGY CENTER         ,OK,74804-9913,Public       ,19,90,109,70,319,389
01005300,INDIAN CAPITAL TECHNOLGY CENTER #4      ,OK,74403-9907,Public       ,42,137,179,117,454,571
01026600,HILLSDALE FREE WILL BAPTIST COLLEGE     ,OK,73153-0000,Private      ,42,28,70,150,75,225
01034200,SOUTHERN OKLAHOMA TECHNOLOGY CENTER     ,OK,73401-2100,Public       ,33,82,115,74,189,263
01039100,OKLAHOMA CITY COMMUNITY COLLEGE         ,OK,73159-4444,Public       ,774,1517,2291,2828,5060,7888
01071700,GREAT PLAINS TECHNOLOGY CENTER SCHOOL DI,OK,73505-8399,Public       ,15,110,125,87,419,506
01076200,WESTERN OK AREA VOC TECH SCH DIST12     ,OK,73624-1469,Public       ,17,47,64,45,115,160
01120600,PIONEER TECHNOLOGY CENTER               ,OK,74601-1106,Public       ,7,50,57,20,128,148
01128200,OKLAHOMA STATE UNV CLG OSTEOPTHC MD     ,OK,74107-0000,Public       ,6,37,43,35,497,532
01153700,MID-AMERICA TECHNOLOGY CENTER           ,OK,73095-0210,Public       ,14,21,35,28,72,100
01227200,MOORE-NORMAN TECHNOLOGY CENTER          ,OK,73069-8399,Public       ,36,132,168,115,464,579
02052700,NORTHEAST TECHNOLOGY CENTER             ,OK,74361-0487,Public       ,25,89,114,56,277,333
02060800,MERIDIAN TECHNOLOGY CENTER              ,OK,74074-0000,Public       ,24,65,89,95,234,329
02126500,ENID BEAUTY COLLEGE                     ,OK,73701-0000,Proprietary  ,7,9,16,16,24,40
02177900,STATE BARBER AND HAIR DESIGN CLG        ,OK,73108-0000,Proprietary  ,11,19,30,20,53,73
02184400,SAND SPRINGS BEAUTY COLLEGE             ,OK,74063-0000,Proprietary  ,18,54,72,38,119,157
02197300,HOLLYWOOD COSMETOLOGY CENTER            ,OK,73189-0000,Proprietary  ,5,22,27,9,32,41
02222700,FRANCIS TUTTLE TECHNOLOGY CENTER        ,OK,73142-0000,Public       ,47,284,331,159,866,1025
02238500,CENTRAL STATE BEAUTY ACADEMY            ,OK,73162-6007,Proprietary  ,23,45,68,35,118,153
02250900,E OK COUNTY AREA VO-TECH                ,OK,73020-0000,Public       ,8,15,23,20,45,65
02256200,"BROKEN ARROW BEAUTY COLLEGE, INC        ",OK,74012-0000,Proprietary  ,17,41,58,44,100,144
02282100,HIGH PLAINS AREA VOC-TECH               ,OK,73801-0000,Public       ,5,35,40,10,84,94
02306800,PLATT COLLEGE                           ,OK,74145-0000,Proprietary  ,94,523,617,206,1543,1749
02510300,BEAUTY TECHNICAL COLLEGE                ,OK,74465-0000,Proprietary  ,3,28,31,12,50,62
02531200,WOODWARD BEAUTY COLLEGE                 ,OK,73801-0000,Proprietary  ,2,5,7,6,10,16
02554300,AMERICAN BEAUTY INSTITUTE               ,OK,74501-0000,Proprietary  ,12,25,37,16,45,61
02556500,YUKON BEAUTY COLLEGE                    ,OK,73099-4108,Proprietary  ,1,8,9,7,15,22
02560200,PHILLIPS THEOLOGICAL SEMINARY -         ,OK,74116-5612,Private      ,0,29,29,0,105,105
02571500,CITY COLLEGE                            ,OK,73160-0000,Proprietary  ,22,182,204,40,370,410
02581100,CLAREMORE BEAUTY COLLEGE                ,OK,74017-7034,Proprietary  ,5,4,9,8,14,22
02581200,CC'S COSMETOLOGY COLLEGE                ,OK,74129-0000,Proprietary  ,10,68,78,32,187,219
02591101,CAREER POINT INSTITUTE                  ,OK,74146-0000,Proprietary  ,3,17,20,10,62,72
02597400,PONTOTOC TECHNOLOGY CENTER SCHOOL       ,OK,74820-8621,Public       ,11,40,51,39,142,181
02599706,VATTEROTT COLLEGE - TULSA               ,OK,74146-2205,Proprietary  ,32,128,160,41,217,258
02599713,VATTEROTT COLLEGE - TULSA               ,OK,74146-4406,Proprietary  ,4,10,14,8,13,21
02600000,NORTHWEST TECHNOLOG CTR SCH DIST 10     ,OK,73717-9600,Public       ,3,19,22,15,47,62
02600500,WES WATKINS TECHNOLOGY CENTER           ,OK,74883-9660,Public       ,6,34,40,35,147,182
02609205,VATTEROTT COLLEGE - OKLAHOMA CITY       ,OK,73127-2103,Proprietary  ,18,181,199,65,512,577
03008700,SOUTHWEST TECHNOLOGY CENTER             ,OK,73521-1527,Public       ,15,26,41,23,55,78
03010300,POTEAU BEAUTY COLLEGE                   ,OK,74953-5400,Proprietary  ,6,31,37,16,66,82
03024700,STILLWATER BEAUTY ACADEMY               ,OK,74075-3467,Proprietary  ,8,24,32,20,33,53
03030700,OKLAHOMA SCHOOL OF PHOTOGRAPHY          ,OK,73160-3320,Proprietary  ,8,12,20,20,35,55
03030800,AMERICAN BROADCASTING SCHOOL            ,OK,73115-3334,Proprietary  ,22,76,98,36,187,223
03051100,CHISHOLM TRAIL TECHNOLOGY CENTER        ,OK,73764-9720,Public       ,4,15,19,11,37,48
03067300,METROPOLITAN CLG OF LEGAL STUDIES       ,OK,74145-0000,Private      ,1,7,8,5,43,48
03081300,METROPOLITAN COLLEGE                    ,OK,73118-5438,Private      ,0,2,2,5,84,89
03089400,SCHOOL OF HAIR DESIGN                   ,OK,74745-3447,Proprietary  ,19,38,57,25,92,117
03103800,SOUTHERN SCHOOL OF BEAUTY               ,OK,74701-5008,Proprietary  ,5,23,28,17,63,80
03109800,PONCA CITY BEAUTY COLLEGE               ,OK,74601-4201,Proprietary  ,2,10,12,2,11,13
03109801,BARTLESVILLE BEAUTY COLLEGE             ,OK,74003-2835,Proprietary  ,1,7,8,4,11,15
03115100,HERITAGE COLLEGE                        ,OK,73119-0000,Proprietary  ,92,336,428,175,668,843
03124800,PLATT COLLEGE                           ,OK,73501-3808,Proprietary  ,9,66,75,33,160,193
03126200,GREEN COUNTRY AREA VOC TECH SCHOOL      ,OK,74447-1217,Public       ,8,25,33,25,69,94
03198400,MID-DEL AREA VOCATIONAL & TECH SCH      ,OK,73110-4825,Public       ,2,26,28,13,57,70
03329400,PRYOR BEAUTY COLLEGE                    ,OK,74361-0000,Proprietary  ,7,47,54,11,55,66
03329401,PRYOR BEAUTY COLLEGE - GROVE BEAUTY COLL,OK,74345-0009,Proprietary  ,4,14,18,4,20,24
03367400,COMMUNITY CARE COLLEGE                  ,OK,74145-6420,Proprietary  ,66,296,362,125,638,763
03396300,OKLAHOMA HEALTH ACADEMY                 ,OK,74105-6220,Proprietary  ,19,47,66,34,126,160
03396400,OKLAHOMA HEALTH ACADEMY                 ,OK,73160-3667,Proprietary  ,18,74,92,44,165,209
03453400,SHAWNEE BEAUTY COLLEGE                  ,OK,74801-7014,Proprietary  ,8,21,29,9,38,47
03676300,FAMILY OF FAITH COLLEGE                 ,OK,74802-1805,Private      ,5,4,9,9,12,21
03831300,INSTITUTE OF HAIR DESIGN                ,OK,74804-0000,Proprietary  ,5,14,19,6,31,37
03928300,CENTRAL STATE MASSAGE ACADEMY           ,OK,73162-6007,Proprietary  ,4,30,34,12,59,71
04027300,4-STATES ACADEMY OF COSMETOLOGY         ,OK,74354-0000,Proprietary  ,2,6,8,4,15,19
04062300,OKLAHOMA TECHNOLOGY INSTITUTE           ,OK,73114-6318,Proprietary  ,0,17,17,3,27,30
00163700,BETHANY THEOLOGICAL SEMINARY            ,IN,47374-0000,Private      ,0,13,13,0,28,28
00178400,ANCILLA COLLEGE-FINANCIAL AID OFFC      ,IN,46513-0001,Private      ,32,58,90,358,412,770
00178500,ANDERSON UNIVERSITY                     ,IN,46012-3495,Private      ,133,175,308,2585,810,3395
00178600,BALL STATE UNIVERSITY                   ,IN,47306-0880,Public       ,679,596,1275,16478,6909,23387
00178700,BETHEL COLLEGE INC                      ,IN,46545-5591,Private      ,37,179,216,1472,1057,2529
00178800,BUTLER UNIVERSITY                       ,IN,46208-3487,Private      ,82,78,160,4826,1081,5907
00178900,CHRISTIAN THEOLOGICAL SEMINARY          ,IN,46208-0000,Private      ,1,32,33,4,185,189
00179200,DEPAUW UNIVERSITY                       ,IN,46135-0037,Private      ,35,7,42,2612,44,2656
00179300,EARLHAM COLLEGE                         ,IN,47374-4095,Private      ,43,17,60,1428,121,1549
00179301,EARLHAM SCHOOL OF RELIGION              ,IN,47374-0000,Private      ,1,8,9,16,56,72
00179500,UNIVERSITY OF EVANSVILLE                ,IN,47722-0002,Private      ,72,56,128,3471,438,3909
00179800,FRANKLIN COLLEGE OF INDIANA             ,IN,46131-2623,Private      ,26,8,34,1499,113,1612
00179900,GOSHEN COLLEGE                          ,IN,46526-4794,Private      ,20,44,64,919,247,1166
00180000,GRACE COLLEGE & THEO SEMINARY           ,IN,46590-1224,Private      ,56,34,90,1103,621,1724
00180100,HANOVER COLLEGE                         ,IN,47243-0108,Private      ,19,3,22,1387,45,1432
00180300,HUNTINGTON UNIVERSITY                   ,IN,46750-1299,Private      ,28,28,56,1103,200,1303
00180400,UNIVERSITY OF INDIANAPOLIS              ,IN,46227-3697,Private      ,115,334,449,4040,2408,6448
00180500,INDIANA INSTITUTE OF TECHNOLOGY         ,IN,46803-1297,Private      ,87,325,412,1312,1790,3102
00180700,INDIANA STATE UNIVERSITY                ,IN,47809-2501,Public       ,406,599,1005,7468,4702,12170
00180800,UNIVERSITY OF SOUTHERN INDIANA          ,IN,47712-3596,Public       ,366,387,753,7540,2555,10095
00180900,INDIANA UNIVERSITY-BLOOMINGTON          ,IN,47405-1223,Public       ,1210,929,2139,24033,9226,33259
00181100,INDIANA UNIV-EAST                       ,IN,47374-1289,Public       ,93,259,352,957,1505,2462
00181300,INDIANA UNIV-PURDUE UNIV INDPLS         ,IN,46202-5145,Public       ,813,2119,2932,11775,16398,28173
00181301,INDIANA UNIVERSITY - PURDUE UNIVERSITY I,IN,47203-1769,Public       ,55,116,171,838,933,1771
00181400,INDIANA UNIV KOKOMO                     ,IN,46902-3557,Public       ,97,201,298,1276,1579,2855
00181500,INDIANA UNIV-NORTHWEST                  ,IN,46408-1197,Public       ,219,593,812,2057,3265,5322
00181600,INDIANA UNIVERSITY - SOUTH BEND         ,IN,46615-0000,Public       ,332,609,941,3261,3631,6892
00181700,INDIANA UNIVERSITY-SOUTHEAST            ,IN,47150-6405,Public       ,313,596,909,2472,2704,5176
00182000,MANCHESTER COLLEGE                      ,IN,46962-1276,Private      ,30,7,37,1608,111,1719
00182100,MARIAN UNIVERSITY                       ,IN,46222-1997,Private      ,45,173,218,1303,1373,2676
00182200,INDIANA WESLEYAN UNIVERSITY             ,IN,46953-4974,Private      ,92,2146,2238,3478,8731,12209
00182300,ASSOCIATED MENNONITE BIBLICAL SEM       ,IN,46517-1999,Private      ,0,11,11,3,81,84
00182400,OAKLAND CITY UNIVERSITY                 ,IN,47660-1099,Private      ,23,126,149,674,1507,2181
00182500,PURDUE UNIVERSITY                       ,IN,47907-2050,Public       ,1056,642,1698,27519,6050,33569
00182600,PURDUE UNIV NORTH CENTRAL CAMPUS        ,IN,46391-9528,Public       ,201,297,498,1949,2017,3966
00182700,PURDUE UNIV CALUMET                     ,IN,46323-2094,Public       ,472,696,1168,4030,4173,8203
00182800,INDIANA UNIV-PURDUE UNIV FORT WAYNE     ,IN,46805-1499,Public       ,434,777,1211,6345,5542,11887
00183000,ROSE HULMAN INSTITUTE OF TECHNOLOGY     ,IN,47803-3999,Private      ,46,10,56,2730,89,2819
00183200,UNIVERSITY OF SAINT FRANCIS             ,IN,46808-3994,Private      ,57,141,198,1894,1336,3230
00183300,ST JOSEPH'S COLLEGE                     ,IN,47978-0000,Private      ,27,12,39,1160,119,1279
00183400,CALUMET COLLEGE OF SAINT JOSEPH         ,IN,46394-2195,Private      ,68,229,297,372,802,1174
00183500,SAINT MARY-OF-THE-WOODS COLLEGE         ,IN,47876-0067,Private      ,7,197,204,352,1025,1377
00183600,ST MARY'S COLLEGE                       ,IN,46556-5007,Private      ,32,3,35,1573,47,1620
00183800,TAYLOR UNIVERSITY                       ,IN,46989-1001,Private      ,35,10,45,2091,71,2162
00183801,TAYLOR UNIVERSITY - FORT WAYNE          ,IN,46807-0000,Private      ,24,44,68,538,355,893
00183900,TRINE UNIVERSITY                        ,IN,46703-1764,Private      ,44,75,119,1695,503,2198
00184000,UNIVERSITY OF NOTRE DAME                ,IN,46556-5602,Private      ,122,169,291,10861,2820,13681
00184200,VALPARAISO UNIVERSITY                   ,IN,46383-6493,Private      ,55,153,208,4223,1813,6036
00184300,VINCENNES UNIVERSITY                    ,IN,47591-1523,Public       ,427,436,863,4700,2385,7085
00184302,VINCENNES UNIV - FORT HARRISON CNTR     ,IN,46256-0000,Public       ,8,9,17,75,80,155
00184400,WABASH COLLEGE                          ,IN,47933-0352,Private      ,20,1,21,1124,25,1149
00224905,DAVENPORT UNIVERSITY-MERRILLVILLE       ,IN,46410-0000,Private      ,17,157,174,145,855,1000
00420300,GOOD SAMARITAN HOSP RADIOGRAPHY PRG     ,IN,47591-0000,Public       ,0,1,1,3,13,16
00457900,INTERNATIONAL BUSINESS COLLEGE          ,IN,46804-0000,Proprietary  ,64,38,102,666,284,950
00457901,INTERNATIONAL BUSINESS COLLEGE          ,IN,46256-0000,Proprietary  ,16,24,40,368,118,486
00458300,BROWN MACKIE COLLEGE-SOUTH BEND         ,IN,46635-1776,Proprietary  ,80,476,556,363,2131,2494
00512730,BROWN MACKIE COLLEGE-MERRILLVILLE       ,IN,46410-0000,Proprietary  ,65,485,550,197,1631,1828
00625700,SAINT ELIZABETH SCHOOL OF NURSING       ,IN,47904-2198,Private      ,3,12,15,107,181,288
00726300,HOLY CROSS COLLEGE                      ,IN,46556-0308,Private      ,27,8,35,475,62,537
00727600,SAINT MEINRAD SCHOOL OF THEOLOGY        ,IN,47577-1002,Private      ,0,35,35,5,78,83
00732700,ITT TECHNICAL INSTITUTE                 ,IN,47630-7430,Proprietary  ,605,873,1478,1477,2282,3759
00732900,ITT TECHNICAL INSTITUTE                 ,IN,46268-1119,Proprietary  ,591,1239,1830,1709,3874,5583
00736200,MEDTECH COLLEGE                         ,IN,46250-3970,Proprietary  ,15,224,239,38,472,510
00793800,LINCOLN COLLEGE OF TECHNOLOGY           ,IN,46202-0000,Proprietary  ,261,212,473,1813,836,2649
00832900,ITT TECHNICAL INSTITUTE                 ,IN,46825-2393,Proprietary  ,393,582,975,1308,1702,3010
00842300,IVY TECH COMMUNITY COLLEGE OF INDIANA - ,IN,46601-3892,Public       ,200,809,1009,1296,3563,4859
00854600,NOT FOR STUDENT USE                     ,IN,46208-4700,Public       ,322,727,1049,1448,2928,4376
00854700,IVY TECH COMMUNITY COLLEGE OF INDIANA - ,IN,47802-4898,Public       ,276,755,1031,1419,3128,4547
00951500,J MICHAEL HARROLD BEAUTY ACADEMY        ,IN,47807-3390,Proprietary  ,13,24,37,24,30,54
00961200,"APEX SCHOOL OF BEAUTY CULTURE, INC      ",IN,46016-0000,Proprietary  ,2,13,15,6,25,31
00961300,MERRILLVILLE BEAUTY COLLEGE             ,IN,46410-3401,Proprietary  ,8,47,55,25,108,133
00967300,RUDAE'S SCHOOL OF BEAUTY CULTURE        ,IN,46825-5444,Proprietary  ,22,70,92,51,110,161
00967301,RUDAE'S SCHOOL OF BEAUTY CULTURE - FORT ,IN,46825-5444,Proprietary  ,1,3,4,1,7,8
00977700,KAPLAN COLLEGE                          ,IN,46278-1736,Proprietary  ,63,241,304,265,721,986
00991700,IVY TECH COMMUNITY COLLEGE OF INDIANA - ,IN,46208-1763,Public       ,534,1564,2098,3182,6723,9905
00992300,IVY TECH COMMUNITY COLLEGE OF INDIANA - ,IN,47250-1881,Public       ,117,342,459,552,1265,1817
00992400,IVY TECH COMMUNITY COLLEGE OF INDIANA - ,IN,47302-9448,Public       ,306,850,1156,1934,4091,6025
00992500,IVY TECH COMMUNITY COLLEGE OF INDIANA - ,IN,47710-3398,Public       ,205,612,817,1270,2650,3920
00992600,IVY TECH COMMUNITY COLLEGE OF INDIANA- R,IN,46805-1489,Public       ,345,1085,1430,2268,4966,7234
01003700,IVY TECH STATE COLLEGE - REGION 9       ,IN,47374-1220,Public       ,83,464,547,521,1787,2308
01003800,IVY TECH COMMUNITY COLLEGE OF INDIANA - ,IN,47203-1868,Public       ,104,349,453,741,1730,2471
01003900,IVY TECH COMMUNITY COLLEGE OF INDIANA - ,IN,47903-6299,Public       ,238,488,726,1754,2640,4394
01004000,IVY TECH COMMUNITY COLLEGE OF INDIANA - ,IN,46409-1303,Public       ,319,1237,1556,1223,3991,5214
01004100,IVY TECH STATE COLLEGE - REGION 5       ,IN,46903-1373,Public       ,154,646,800,794,2347,3141
01010900,IVY TECH COMMUNITY COLLEGE OF INDIANA - ,IN,47172-1897,Public       ,153,436,589,790,1780,2570
01015100,VINCENNES BEAUTY COLLEGE                ,IN,47591-1297,Proprietary  ,8,19,27,29,40,69
01040900,LAFAYETTE BEAUTY ACADEMY                ,IN,47901-1149,Proprietary  ,4,8,12,22,44,66
01061800,MID-AMERICA CLG FUNERAL SERVICE         ,IN,47130-9990,Private      ,7,17,24,26,68,94
01150500,CREATIVE HAIR STYLING ACADEMY           ,IN,46322-1554,Proprietary  ,12,13,25,36,54,90
02084800,RAVENSCROFT BEAUTY COLLEGE              ,IN,46815-0000,Proprietary  ,32,61,93,62,115,177
02087600,CONCORDIA THEOLOGICAL SEMINARY          ,IN,46825-0000,Private      ,0,26,26,3,291,294
02118900,EVANSVILLE TRI STATE BEAUTY COLLEGE     ,IN,47715-0000,Proprietary  ,8,15,23,39,32,71
02140800,MARTIN UNIVERSITY                       ,IN,46218-0000,Private      ,18,241,259,100,950,1050
02158400,HARRISON COLLEGE                        ,IN,46204-2611,Proprietary  ,88,436,524,386,1529,1915
02158401,HARRISON COLLEGE - COLUMBUS             ,IN,47203-1843,Proprietary  ,23,85,108,98,406,504
02158402,HARRISON COLLEGE - LAFAYETTE            ,IN,47905-4859,Proprietary  ,25,126,151,112,356,468
02158404,HARRISON COLLEGE - MARION               ,IN,46952-0000,Proprietary  ,4,46,50,42,185,227
02158405,HARRISON COLLEGE - TERRE HAUTE          ,IN,47802-0000,Proprietary  ,15,83,98,67,340,407
02158407,HARRISON COLLEGE - ANDERSON             ,IN,46013-0000,Proprietary  ,19,69,88,97,313,410
02158409,HARRISON COLLEGE - EVANSVILLE           ,IN,47715-3901,Proprietary  ,13,127,140,79,433,512
02158410,HARRISON COLLEGE - EAST                 ,IN,46239-8903,Proprietary  ,36,219,255,146,682,828
02158412,HARRISON COLLEGE - FORT WAYNE           ,IN,46825-0000,Proprietary  ,38,158,196,185,548,733
02158413,HARRISON COLLEGE - NORTHWEST            ,IN,46278-0000,Proprietary  ,14,67,81,64,263,327
02158800,DON ROBERTS BEAUTY SCHOOLS              ,IN,46383-0000,Proprietary  ,8,22,30,20,31,51
02164300,DON ROBERTS SCHOOL OF HAIR DESIGN       ,IN,46375-9999,Proprietary  ,4,15,19,20,49,69
02201800,KAPLAN COLLEGE                          ,IN,46410-0000,Proprietary  ,32,134,166,135,482,617
02201802,KAPLAN COLLEGE - HAMMOND                ,IN,46324-3347,Proprietary  ,40,174,214,187,859,1046
02241700,PJ'S COLLEGE OF COSMETOLOGY             ,IN,47129-0000,Proprietary  ,6,28,34,14,77,91
02302700,J EVERETT LIGHT CAREER CENTER           ,IN,46240-0000,Public       ,2,31,33,26,180,206
02304800,PJ'S COLLEGE OF COSMETOLOGY             ,IN,47374-0000,Proprietary  ,6,13,19,18,53,71
02308900,MASTER'S OF COSMETOLOGY COLLEGE         ,IN,46809-0000,Proprietary  ,12,19,31,53,62,115
02339600,ROGER'S ACADEMY OF HAIR DESIGN          ,IN,47712-0000,Proprietary  ,23,34,57,43,75,118
02345200,EMPIRE BEAUTY SCHOOL                    ,IN,46237-0000,Proprietary  ,19,70,89,63,148,211
02347600,BALL MEMORIAL HOSPITAL SCH RAD TECH     ,IN,47303-0000,Private      ,0,4,4,27,35,62
02351300,KNOX BEAUTY COLLEGE                     ,IN,46534-0000,Proprietary  ,1,6,7,7,18,25
02490500,HAIR FASHIONS BY KAYE BEAUTY CLG        ,IN,46250-0000,Proprietary  ,2,15,17,20,53,73
02490800,HAIR FASHIONS BY KAYE BEAUTY CLG        ,IN,46060-0000,Proprietary  ,22,65,87,51,192,243
02607000,HAIR ARTS ACADEMY                       ,IN,47404-3581,Proprietary  ,6,17,23,25,41,66
02615800,COLLEGE OF COURT REPORTING              ,IN,46342-5969,Proprietary  ,7,74,81,17,218,235
02622800,INDIANA COSMETOLOGY ACADEMY             ,IN,47404-0000,Proprietary  ,1,0,1,1,0,1
03009700,HARRISON COLLEGE                        ,IN,47303-6413,Proprietary  ,29,91,120,123,400,523
03084601,THE ART INSTITUTE OF INDIANAPOLIS       ,IN,46268-1170,Proprietary  ,47,80,127,246,249,495
03100600,MARION COMM TUCKER AREA VOC SCHOOL      ,IN,46952-3831,Public       ,5,23,28,54,140,194
03176300,AMERICAN TRANS AIR AVIATION ACADEMY     ,IN,46241-1445,Proprietary  ,9,72,81,35,221,256
03262300,DAVID DEMUTH INSTITUTE OF COSM          ,IN,47374-4101,Proprietary  ,4,9,13,10,37,47
03456700,CROSSROADS BIBLE COLLEGE                ,IN,46219-4912,Private      ,15,48,63,70,214,284
03521300,IVY TECH COMMUNITY COLLEGE OF INDIANA - ,IN,47404-9772,Public       ,245,517,762,1594,2493,4087
03538300,ALEXANDRIA SCH OF SCIENTIFIC THERAP     ,IN,46001-0287,Proprietary  ,8,15,23,34,63,97
04038700,IDEAL BEAUTY ACADEMY                    ,IN,47130-4215,Proprietary  ,2,3,5,2,3,5
00190100,ALLEN COUNTY COMMUNITY COLLEGE          ,KS,66749-1607,Public       ,238,293,531,760,716,1476
00190200,COWLEY COUNTY COMMUNITY COLLEGE & AREA V,KS,67005-2662,Public       ,353,590,943,1404,1836,3240
00190300,BAKER UNIVERSITY                        ,KS,66006-0065,Private      ,81,646,727,1341,1848,3189
00190400,BETHANY COLLEGE                         ,KS,67456-1897,Private      ,40,16,56,858,75,933
00190500,BETHEL COLLEGE                          ,KS,67117-0531,Private      ,52,27,79,521,152,673
00190600,BUTLER COUNTY COMMUNITY COLLEGE         ,KS,67042-3280,Public       ,626,1034,1660,2626,3232,5858
00190700,CENTRAL BAPTIST THEOLOGY SEMINARY       ,KS,66226-3513,Private      ,0,10,10,2,35,37
00190800,CENTRAL CHRISTIAN COLLEGE OF KANSAS     ,KS,67460-5799,Private      ,25,13,38,448,82,530
00190900,CLOUD COUNTY COMMUNITY COLLEGE          ,KS,66901-1002,Public       ,114,191,305,648,614,1262
00191000,COFFEYVILLE COMMUNITY COLLEGE           ,KS,67337-5064,Public       ,220,134,354,790,263,1053
00191008,COFFEYVILLE COMM COL/AREA VOC TECH CAMP ,KS,67337-5064,Public       ,0,0,0,17,1,18
00191100,COLBY COMMUNITY COLLEGE                 ,KS,67701-4099,Public       ,109,110,219,570,327,897
00191300,DODGE CITY COMMUNITY COLLEGE            ,KS,67801-2399,Public       ,138,142,280,549,319,868
00191400,DONNELLY COLLEGE                        ,KS,66102-4298,Private      ,73,219,292,192,375,567
00191500,FORT HAYS STATE UNIVERSITY              ,KS,67601-4099,Public       ,368,536,904,3415,2369,5784
00191600,FORT SCOTT COMMUNITY COLLEGE            ,KS,66701-3199,Public       ,154,180,334,896,615,1511
00191700,BARCLAY COLLEGE                         ,KS,67059-0288,Private      ,17,5,22,81,23,104
00191800,FRIENDS UNIVERSITY                      ,KS,67213-3397,Private      ,130,591,721,1220,2251,3471
00191900,GARDEN CITY COMMUNITY COLLEGE           ,KS,67846-6398,Public       ,191,178,369,716,470,1186
00192000,HESSTON COLLEGE                         ,KS,67062-2093,Private      ,25,15,40,394,156,550
00192100,HIGHLAND COMMUNITY COLLEGE              ,KS,66035-4062,Public       ,160,151,311,894,538,1432
00192114,HIGHLAND COMMUNITY COLLEGE - NOTHEAST KA,KS,66002-1513,Public       ,42,47,89,99,120,219
00192300,HUTCHINSON COMMUNITY COLLEGE            ,KS,67501-5894,Public       ,308,457,765,1640,1385,3025
00192400,INDEPENDENCE COMMUNITY COLLEGE          ,KS,67301-0000,Public       ,124,94,218,369,210,579
00192500,KANSAS CITY KANSAS COMMUNITY CLG        ,KS,66112-9978,Public       ,400,857,1257,1098,2324,3422
00192502,"KANSAS CITY KS AREA TECH SCHOOL, KS     ",KS,66104-0000,Public       ,34,113,147,98,300,398
00192600,PITTSBURG STATE UNIVERSITY              ,KS,66762-7500,Public       ,548,494,1042,3846,2051,5897
00192700,EMPORIA STATE UNIVERSITY                ,KS,66801-5087,Public       ,406,393,799,3322,2111,5433
00192800,KANSAS STATE UNIVERSITY                 ,KS,66506-1104,Public       ,1232,904,2136,13520,4817,18337
00192900,KANSAS WESLEYAN UNIVERSITY              ,KS,67401-6196,Private      ,53,65,118,1001,369,1370
00193000,LABETTE COMMUNITY COLLEGE               ,KS,67357-4299,Public       ,149,213,362,453,530,983
00193100,MANHATTAN CHRISTIAN COLLEGE             ,KS,66502-4081,Private      ,25,33,58,344,113,457
00193300,MCPHERSON COLLEGE                       ,KS,67460-3899,Private      ,32,18,50,702,154,856
00193600,NEOSHO COUNTY COMMUNITY COLLEGE         ,KS,66720-2699,Public       ,147,220,367,496,561,1057
00193700,OTTAWA UNIVERSITY                       ,KS,66067-3399,Private      ,55,571,626,565,1673,2238
00193800,PRATT COMMUNITY COLLEGE                 ,KS,67124-8432,Public       ,118,101,219,535,289,824
00193900,NEWMAN UNIVERSITY                       ,KS,67213-2084,Private      ,128,217,345,928,1050,1978
00194000,SOUTHWESTERN COLLEGE                    ,KS,67156-2499,Private      ,85,256,341,711,805,1516
00194300,UNIVERSITY OF ST MARY                   ,KS,66048-5023,Private      ,56,121,177,485,409,894
00194500,STERLING COLLEGE                        ,KS,67579-1533,Private      ,59,17,76,776,59,835
00194600,TABOR COLLEGE                           ,KS,67063-1799,Private      ,53,57,110,545,155,700
00194800,UNIVERSITY OF KANSAS                    ,KS,66045-7535,Public       ,1332,921,2253,13733,6390,20123
00194802,UNIVERSITY OF KANSAS MED CENTER         ,KS,66160-0000,Public       ,17,109,126,230,1559,1789
00194900,WASHBURN UNIVERSITY                     ,KS,66621-1110,Public       ,388,716,1104,3193,3789,6982
00195000,WICHITA STATE UNIVERSITY                ,KS,67208-0001,Public       ,748,1232,1980,5391,5788,11179
00460800,BARTON COUNTY COMMUNITY COLLEGE         ,KS,67530-9283,Public       ,133,339,472,669,983,1652
00526400,FLINT HILLS TECHNICAL COLLEGE           ,KS,66801-5999,Public       ,34,68,102,134,218,352
00526500,NORTH CENTRAL KANSAS TECH COLG          ,KS,67420-0000,Public       ,60,55,115,299,166,465
00526700,NORTHWEST KANSAS TECHNICAL SCHOOL       ,KS,67735-3441,Public       ,36,27,63,213,91,304
00549800,WICHITA AREA TECHNICAL COLLEGE          ,KS,67211-2099,Public       ,51,210,261,233,683,916
00549900,SALINA AREA TECHNICAL COLLEGE           ,KS,67401-8195,Public       ,36,23,59,152,85,237
00550000,MANHATTAN AREA TECHNICAL COLLEGE        ,KS,66503-2499,Public       ,40,76,116,233,257,490
00675500,BROWN MACKIE COLLEGE (THE)              ,KS,67401-7307,Proprietary  ,103,350,453,238,871,1109
00703200,MID AMERICA NAZARENE UNIVERSITY         ,KS,66062-1899,Private      ,61,187,248,1008,777,1785
00817200,SOUTHWEST KANSAS TECHNICAL SCHOOL       ,KS,67905-2013,Public       ,22,16,38,69,39,108
00822800,SEWARD CO COMM CO/AREA TECHNICAL SCHOOL ,KS,67905-0000,Public       ,100,103,203,350,326,676
00824400,JOHNSON COUNTY COMMUNITY COLLEGE        ,KS,66210-1299,Public       ,756,1065,1821,3834,4289,8123
00833200,B-STREET DESIGN SCHOOL OF INTERNATIONAL ,KS,66502-6082,Proprietary  ,7,22,29,20,49,69
00868200,ACADEMY OF HAIR DESIGN                  ,KS,67401-2803,Proprietary  ,15,15,30,36,55,91
01025600,BENEDICTINE COLLEGE                     ,KS,66002-1499,Private      ,169,38,207,1406,154,1560
01043800,HASKELL INDIAN NATIONS UNIVERSITY       ,KS,66046-4800,Public       ,182,142,324,764,523,1287
01050300,WICHITA TECHNICAL INSTITUTE             ,KS,67213-1927,Proprietary  ,71,409,480,176,1116,1292
01068900,KAW AREA TECHNICAL SCHOOL               ,KS,66604-2199,Public       ,34,66,100,149,264,413
02090700,CLEVELAND CHIROPRACTIC COLLEGE          ,KS,66210-1613,Private      ,7,122,129,48,508,556
02134800,OLD TOWN BARBER AND BEAUTY COLLEGE      ,KS,67211-0000,Proprietary  ,9,21,30,19,72,91
02196400,CAPITOL CITY HAIR DESIGN COLLEGE        ,KS,66102-0000,Proprietary  ,31,88,119,45,133,178
02204900,AMERICAN ACADEMY OF HAIR DESIGN         ,KS,66611-0000,Proprietary  ,12,20,32,37,46,83
02257700,HAYS ACADEMY OF HAIR DESIGN             ,KS,67601-0000,Proprietary  ,18,4,22,41,17,58
02303500,AMERICAN INSTITUTE OF BAKING            ,KS,66502-0000,Private      ,0,2,2,4,7,11
02340700,LABARON HAIRDRESSING ACADEMY            ,KS,66204-0000,Proprietary  ,7,13,20,19,33,52
02590900,WRIGHT CAREER COLLEGE                   ,KS,66212-0000,Private      ,63,536,599,150,1171,1321
02599709,VATTEROTT COLLEGE - WICHITA             ,KS,67226-1304,Proprietary  ,21,139,160,51,316,367
02603100,XENON INTERNATIONAL ACADEMY             ,KS,67203-5428,Proprietary  ,53,62,115,111,108,219
02606300,PAUL MITCHELL THE SCHOOL WICHITA        ,KS,67226-2803,Proprietary  ,12,21,33,22,68,90
02613000,PINNACLE CAREER INSTITUTE               ,KS,66046-2703,Proprietary  ,28,66,94,67,192,259
03031300,XENON INTERNATIONAL ACADEMY IV          ,KS,66061-3765,Proprietary  ,12,35,47,26,77,103
03066200,BRYAN COLLEGE                           ,KS,66604-2496,Proprietary  ,19,77,96,46,289,335
03450300,B-STREET DESIGN SCHOOL OF INTERNATIONAL ,KS,66611-2373,Proprietary  ,10,37,47,19,55,74
03450301,B-STREET DESIGN SCHOOL OF INTERNATIONAL ,KS,67207-5148,Proprietary  ,18,16,34,25,47,72
03450302,B-STREET DESIGN SCHOOL OF INTERNATIONAL ,KS,66212-5451,Proprietary  ,16,27,43,26,41,67
03529300,SIDNEY'S HAIRDRESSING COLLEGE           ,KS,67501-7094,Proprietary  ,9,15,24,23,34,57
03862300,BMSI INSTITUTE                          ,KS,66212-3388,Proprietary  ,1,5,6,4,12,16
00203300,UNIVERSITY OF MAINE-PRESQUE ISLE        ,ME,04769-2888,Public       ,66,87,153,714,439,1153
00203500,BANGOR THEOLOGICAL SEMINARY             ,ME,04402-0411,Private      ,0,11,11,2,81,83
00203600,BATES COLLEGE                           ,ME,04240-6028,Private      ,30,2,32,2159,30,2189
00203800,BOWDOIN COLLEGE                         ,ME,04011-8451,Private      ,25,1,26,2650,34,2684
00203900,COLBY COLLEGE                           ,ME,04901-8841,Private      ,43,5,48,2198,30,2228
00204000,UNIVERSITY OF MAINE-FARMINGTON          ,ME,04938-1990,Public       ,91,48,139,2645,424,3069
00204100,UNIVERSITY OF MAINE-FORT KENT           ,ME,04743-1292,Public       ,43,39,82,432,239,671
00204300,HUSSON UNIVERSITY                       ,ME,04401-2999,Private      ,91,121,212,1691,687,2378
00204400,MAINE MARITIME ACADEMY                  ,ME,04420-0001,Public       ,33,9,42,855,119,974
00205000,UNIVERSITY OF NEW ENGLAND               ,ME,04005-9599,Private      ,49,153,202,2628,1716,4344
00205100,SAINT JOSEPH'S COLLEGE                  ,ME,04084-5263,Private      ,31,101,132,1342,486,1828
00205200,THOMAS COLLEGE                          ,ME,04901-5097,Private      ,37,28,65,761,147,908
00205300,UNIVERSITY OF MAINE                     ,ME,04469-0001,Public       ,316,315,631,9034,2714,11748
00205400,UNIVERSITY OF SOUTHERN MAINE            ,ME,04104-0000,Public       ,336,466,802,5376,4055,9431
00205500,UNIVERSITY OF MAINE-MACHIAS             ,ME,04654-1397,Public       ,32,49,81,474,221,695
00520400,BEAL COLLEGE                            ,ME,04401-6896,Proprietary  ,32,92,124,174,430,604
00527600,CENTRAL MAINE COMMUNITY COLLEGE         ,ME,04210-6498,Public       ,138,166,304,895,816,1711
00527700,EASTERN MAINE COMMUNITY COLLEGE         ,ME,04401-4280,Public       ,149,189,338,1076,789,1865
00552500,SOUTHERN MAINE COMMUNITY  COLLEGE       ,ME,04106-1698,Public       ,347,345,692,2026,1697,3723
00576000,NORTHERN MAINE COMMUNITY COLLEGE        ,ME,04769-2016,Public       ,75,132,207,440,425,865
00577600,MERCY HOSP SCH OF RADIOLOGIC TECH       ,ME,04101-3795,Private      ,1,4,5,9,16,25
00630501,CENTRAL MAINE MEDICAL CENTER - COLLEGE O,ME,04240-4500,Private      ,2,12,14,33,141,174
00676000,UNIVERSITY OF MAINE-AUGUSTA             ,ME,04330-9410,Public       ,209,593,802,1420,3951,5371
00685800,UNITY COLLEGE                           ,ME,04988-9502,Private      ,23,6,29,608,88,696
00903800,MR BERNARD'S SCH HAIR FASHION INC       ,ME,04243-1163,Proprietary  ,17,27,44,30,55,85
00923100,WASHINGTON COUNTY COMMUNITY COLLEGE     ,ME,04619-9704,Public       ,29,53,82,211,180,391
00929200,ANDOVER COLLEGE                         ,ME,04106-2415,Proprietary  ,47,134,181,137,469,606
00929201,ANDOVER COLLEGE -                       ,ME,04240-0000,Proprietary  ,56,212,268,122,547,669
00945900,EMPIRE BEAUTY SCHOOL                    ,ME,04101-3348,Proprietary  ,41,113,154,206,324,530
00982600,KENNEBEC VALLEY  COMMUNITY  COLLEGE     ,ME,04937-1367,Public       ,90,228,318,489,1030,1519
01138500,COLLEGE OF THE ATLANTIC                 ,ME,04609-1105,Private      ,4,5,9,362,58,420
01167300,MAINE COLLEGE OF ART                    ,ME,04101-3987,Private      ,35,16,51,589,185,774
02104400,SPA TECH INSTITUTE                      ,ME,04102-0000,Proprietary  ,51,114,165,105,241,346
02347100,NEW ENGLAND SCHOOL OF COMMUNICATIONS    ,ME,04401-0000,Private      ,23,14,37,368,75,443
02361300,LANDING SCHOOL OF BOATBUILDING & DESIGN ,ME,04046-1490,Private      ,3,6,9,19,38,57
03122900,YORK COUNTY COMMUNITY COLLEGE           ,ME,04090-0529,Public       ,71,67,138,296,277,573
03429300,SEACOAST CAREER SCHOOLS                 ,ME,04073-0000,Proprietary  ,62,236,298,98,416,514
03612300,BIRTHWISE MIDWIFERY SCHOOL              ,ME,04009-1110,Proprietary  ,0,1,1,10,28,38
03990300,FULLER CIRCLES SCHOOL FOR MASSAGE THERAP,ME,04963-5230,Proprietary  ,2,8,10,3,11,14
00209300,ST JOHN'S COLLEGE                       ,NM,87505-4599,Private      ,10,23,33,500,195,695
00264900,COLLEGE OF SANTA FE                     ,NM,87505-7634,Private      ,47,174,221,653,681,1334
00265000,UNIVERSITY OF THE SOUTHWEST             ,NM,88240-9129,Private      ,93,146,239,342,327,669
00265100,EASTERN NEW MEXICO UNIV PORTALES        ,NM,88130-6000,Public       ,456,513,969,2294,1817,4111
00265101,EASTERN NEW MEXICO UNIV-ROSWELL CAM     ,NM,88202-0000,Public       ,252,408,660,811,1174,1985
00265300,NEW MEXICO HIGHLANDS UNIVERSITY         ,NM,87701-4436,Public       ,308,466,774,1228,1751,2979
00265400,NEW MEXICO INST OF MINING & TECH        ,NM,87801-4796,Public       ,178,71,249,964,266,1230
00265500,NEW MEXICO JUNIOR COLLEGE               ,NM,88240-9123,Public       ,229,305,534,647,694,1341
00265600,NEW MEXICO MILITARY INSTITUTE           ,NM,88201-5173,Public       ,67,2,69,278,7,285
00265700,NEW MEXICO STATE UNIVERSITY             ,NM,88003-8001,Public       ,1316,1375,2691,8442,6079,14521
00265701,NEW MEXICO STATE UNIV-ALAMOGORDO        ,NM,88311-0000,Public       ,99,277,376,314,742,1056
00265702,NEW MEXICO STATE UNIV.-DONA ANA CLG     ,NM,88003-0000,Public       ,336,556,892,1384,2093,3477
00265703,NEW MEXICO STATE UNIV-CARLSBAD          ,NM,88220-0000,Public       ,111,208,319,270,559,829
00265704,NEW MEXICO STATE UNIV-GRANTS            ,NM,87020-0000,Public       ,41,132,173,119,291,410
00266000,SAN JUAN COLLEGE                        ,NM,87402-4699,Public       ,383,677,1060,1074,1920,2994
00266300,THE UNIVERSITY OF NEW MEXICO            ,NM,87131-0001,Public       ,1850,2227,4077,9941,10910,20851
00266301,UNIV OF NEW MEXICO - GALLUP BRANCH      ,NM,87301-5697,Public       ,229,405,634,663,1263,1926
00266302,UNIV OF NEW MEXICO - VALENCIA BRANCH    ,NM,87031-0000,Public       ,138,225,363,399,685,1084
00266303,UNIV OF NEW MEXICO - LOS ALAMOS         ,NM,87544-0000,Public       ,39,47,86,128,135,263
00266400,WESTERN NEW MEXICO UNIVERSITY           ,NM,88061-5417,Public       ,222,362,584,789,1257,2046
00405701,NATIONAL AMERICAN UNIVERSITY            ,NM,87110-0000,Proprietary  ,7,67,74,27,286,313
00474200,CENTRAL NEW MEXICO COMMUNITY COLLEGE    ,NM,87106-4096,Public       ,1699,3224,4923,4020,8527,12547
00474300,CLOVIS COMMUNITY COLLEGE                ,NM,88101-8381,Public       ,226,612,838,471,1241,1712
00996200,LUNA COMMUNITY COLLEGE                  ,NM,87701-0000,Public       ,95,161,256,263,431,694
01063200,DEWOLFF CLG HAIRSTYLING/COSMETOLOGY     ,NM,87112-4113,Proprietary  ,22,77,99,37,103,140
01300500,OLYMPIAN UNIVERSITY OF COSMETOLOGY      ,NM,88310-5051,Proprietary  ,104,225,329,248,609,857
02083900,NORTHERN NEW MEXICO COLLEGE             ,NM,87530-0000,Public       ,173,279,452,439,777,1216
02146400,INSTITUTE OF AMERICAN INDIAN ARTS       ,NM,87508-0000,Public       ,35,38,73,143,145,288
02278100,SANTA FE COMMUNITY COLLEGE              ,NM,87507-0000,Public       ,288,360,648,559,976,1535
02357600,CROWNPOINT INSTITUTE OF TECHNOLOGY      ,NM,87313-0000,Public       ,84,127,211,169,294,463
02491501,THE ART CENTER DESIGN COLLEGE- ALBQ     ,NM,87110-0000,Proprietary  ,11,11,22,72,63,135
02496900,ALBUQUERQUE BARBER COLLEGE              ,NM,87108-1859,Proprietary  ,0,0,0,5,8,13
02511000,SOUTHWESTERN INDIAN POLYTECH INST       ,NM,87184-0000,Public       ,110,152,262,246,299,545
02532900,BUSINESS SKILLS INSTITUTE               ,NM,88001-0000,Proprietary  ,10,53,63,22,101,123
02622000,SOUTHWEST ACUPUNCTURE COLLEGE           ,NM,87505-0000,Proprietary  ,2,32,34,2,296,298
03076100,SOUTHWESTERN COLLEGE                    ,NM,87507-0000,Private      ,0,29,29,4,147,151
03099300,METROPOLITAIN CLG COURT REPORTING       ,NM,87110-4129,Private      ,0,0,0,8,54,62
03128200,KAPLAN CAREER INSTITUTE                 ,NM,87109-2072,Proprietary  ,11,103,114,49,241,290
03206300,MESALANDS COMMUNITY COLLEGE             ,NM,88401-3352,Public       ,34,83,117,106,191,297
03430300,UNIVERSAL THERAPEUTIC MASSAGE INSTITUTE ,NM,87107-4403,Proprietary  ,17,41,58,32,64,96
03678300,PIMA MEDICAL INSTITUTE                  ,NM,87110-4127,Proprietary  ,4,20,24,13,35,48
03944300,MASSAGE THERAPY TRAINING INSTITUTE      ,NM,88007-0000,Proprietary  ,3,19,22,19,46,65
00223400,ADRIAN COLLEGE                          ,MI,49221-2575,Private      ,56,34,90,1743,169,1912
00223500,ALBION COLLEGE                          ,MI,49224-1831,Private      ,93,10,103,2283,103,2386
00223600,ALMA COLLEGE                            ,MI,48801-1599,Private      ,56,10,66,1774,79,1853
00223700,ALPENA COMMUNITY COLLEGE                ,MI,49707-1495,Public       ,186,273,459,786,752,1538
00223800,ANDREWS UNIVERSITY                      ,MI,49104-0750,Private      ,236,249,485,1363,1104,2467
00223900,AQUINAS COLLEGE                         ,MI,49506-1799,Private      ,79,182,261,1866,647,2513
00224000,BAY DE NOC COMMUNITY COLLEGE            ,MI,49829-2524,Public       ,208,341,549,922,953,1875
00224100,CALVIN COLLEGE                          ,MI,49546-4388,Private      ,134,61,195,3790,283,4073
00224200,CALVIN THEOLOGICAL SEMINARY             ,MI,49546-4387,Private      ,1,7,8,7,154,161
00224300,CENTRAL MICHIGAN UNIVERSITY             ,MI,48859-0001,Public       ,1508,1905,3413,17289,7346,24635
00224600,CLEARY UNIVERSITY                       ,MI,48105-2659,Private      ,39,146,185,120,495,615
00224700,CONCORDIA UNIVERSITY-ANN ARBOR          ,MI,48105-2797,Private      ,44,97,141,632,293,925
00224800,CRANBROOK ACADEMY OF ART                ,MI,48303-0000,Private      ,0,10,10,10,235,245
00224900,DAVENPORT UNIVERSITY                    ,MI,49503-0000,Private      ,593,2951,3544,2648,12012,14660
00225100,DELTA COLLEGE                           ,MI,48710-0001,Public       ,860,1345,2205,4137,4474,8611
00225400,MICHIGAN STATE UNIVERSITY COLLEGE OF LAW,MI,48824-1300,Private      ,32,172,204,292,1630,1922
00225900,EASTERN MICHIGAN UNIVERSITY             ,MI,48197-2214,Public       ,1762,2438,4200,12322,8894,21216
00226000,FERRIS STATE UNIVERSITY                 ,MI,49307-2251,Public       ,826,774,1600,10222,4603,14825
00226100,CHARLES STEWART MOTT COMMUNITY CLG      ,MI,48503-2089,Public       ,1349,2273,3622,3250,5708,8958
00226200,KETTERING UNIVERSITY                    ,MI,48504-4898,Private      ,153,59,212,2272,265,2537
00226300,GLEN OAKS COMMUNITY COLLEGE             ,MI,49032-9784,Public       ,75,189,264,361,588,949
00226400,GOGEBIC COMMUNITY COLLEGE               ,MI,49938-1365,Public       ,95,139,234,433,379,812
00226500,GRACE BIBLE COLLEGE                     ,MI,49509-1998,Private      ,25,3,28,216,44,260
00226600,CORNERSTONE UNIVERSITY                  ,MI,49525-5897,Private      ,136,296,432,1636,1227,2863
00226700,GRAND RAPIDS COMMUNITY COLLEGE          ,MI,49503-3295,Public       ,1215,1649,2864,6537,5738,12275
00226800,GRAND VALLEY STATE UNIVERSITY           ,MI,49401-9403,Public       ,900,893,1793,18059,6308,24367
00226900,GREAT LAKES CHRISTIAN COLLEGE           ,MI,48917-1299,Private      ,27,38,65,170,120,290
00227000,HENRY FORD COMMUNITY COLLEGE            ,MI,48128-1495,Public       ,1636,2061,3697,5349,7449,12798
00227300,HOPE COLLEGE                            ,MI,49423-3607,Private      ,74,26,100,3570,138,3708
00227400,JACKSON COMMUNITY COLLEGE               ,MI,49201-8399,Public       ,628,1103,1731,2023,3084,5107
00227500,KALAMAZOO COLLEGE                       ,MI,49006-3295,Private      ,38,13,51,1483,60,1543
00227600,KELLOGG COMMUNITY COLLEGE               ,MI,49017-3397,Public       ,342,834,1176,1575,2851,4426
00227700,LAKE MICHIGAN COLLEGE                   ,MI,49022-1899,Public       ,236,463,699,1142,1585,2727
00227800,LANSING COMMUNITY COLLEGE               ,MI,48933-1293,Public       ,1593,2637,4230,5523,7273,12796
00227900,LAWRENCE TECHNOLOGICAL UNIVERSITY       ,MI,48075-1058,Private      ,224,352,576,1716,1141,2857
00228200,MADONNA UNIVERSITY                      ,MI,48150-1173,Private      ,204,555,759,1137,2211,3348
00228400,MARYGROVE COLLEGE                       ,MI,48221-2599,Private      ,114,681,795,499,2512,3011
00228800,ROCHESTER COLLEGE                       ,MI,48307-2764,Private      ,83,152,235,577,576,1153
00229000,MICHIGAN STATE UNIVERSITY               ,MI,48824-1113,Public       ,2681,1439,4120,29465,9449,38914
00229200,MICHIGAN TECHNOLOGICAL UNIV             ,MI,49931-1295,Public       ,264,132,396,5012,788,5800
00229300,LAKE SUPERIOR STATE UNIVERSITY          ,MI,49783-1691,Public       ,196,182,378,2055,790,2845
00229400,MONROE COUNTY COMMUNITY CLG             ,MI,48161-9746,Public       ,264,422,686,958,1114,2072
00229500,MONTCALM COMMUNITY COLLEGE              ,MI,48885-9723,Public       ,161,539,700,690,1631,2321
00229700,MUSKEGON COMMUNITY COLLEGE              ,MI,49442-1432,Public       ,321,476,797,1950,1946,3896
00229900,NORTH CENTRAL MICHIGAN COLLEGE          ,MI,49770-8740,Public       ,131,320,451,684,1040,1724
00230100,NORTHERN MICHIGAN UNIVERSITY            ,MI,49855-5316,Public       ,737,541,1278,6770,2419,9189
00230200,NORTHWESTERN MICHIGAN COLLEGE           ,MI,49686-3061,Public       ,317,448,765,1939,1816,3755
00230300,OAKLAND COMMUNITY COLLEGE               ,MI,48304-2266,Public       ,59,91,150,208,282,490
00230301,OAKLAND COMMUNITY COLLEGE - ORCHARD RIDG,MI,48334-4579,Public       ,350,514,864,1126,1578,2704
00230302,OAKLAND COMMUNITY COLLEGE - ROYAL OAK CA,MI,48067-3898,Public       ,565,1088,1653,1707,3343,5050
00230304,OAKLAND COMMUNITY COLLEGE - AUBURN HILLS,MI,48323-2845,Public       ,473,754,1227,1579,2167,3746
00230305,OAKLAND COMMUNITY COLLEGE - HIGHLAND LAK,MI,48327-4187,Public       ,241,449,690,799,1360,2159
00230700,OAKLAND UNIVERSITY                      ,MI,48309-4401,Public       ,1126,1333,2459,8371,5381,13752
00230800,OLIVET COLLEGE                          ,MI,49076-9902,Private      ,121,57,178,1197,248,1445
00231000,ST. CLAIR COUNTY COMMUNITY COLLEGE      ,MI,48061-0000,Public       ,339,476,815,1356,1691,3047
00231100,KUYPER COLLEGE                          ,MI,49525-9749,Private      ,11,17,28,205,98,303
00231300,SACRED HEART MAJOR SEMINARY             ,MI,48206-1799,Private      ,5,33,38,21,145,166
00231400,SAGINAW VALLEY STATE UNIV               ,MI,48710-0001,Public       ,493,608,1101,6198,3037,9235
00231500,SCHOOLCRAFT COLLEGE                     ,MI,48152-2696,Public       ,764,1204,1968,2870,3937,6807
00231600,SIENA HEIGHTS UNIVERSITY                ,MI,49221-1796,Private      ,137,313,450,1027,1078,2105
00231700,SOUTHWESTERN MICHIGAN COLLEGE           ,MI,49047-9793,Public       ,204,432,636,771,1132,1903
00231800,SPRING ARBOR UNIVERSITY                 ,MI,49283-9984,Private      ,141,693,834,1870,2717,4587
00232200,FINLANDIA UNIVERSITY                    ,MI,49930-1882,Private      ,56,44,100,538,286,824
00232300,UNIVERSITY OF DETROIT MERCY             ,MI,48221-3038,Private      ,281,683,964,2585,3070,5655
00232301,UNIVERSITY OF DETROIT MERCY- DENTAL SCH ,MI,48219-3580,Private      ,9,34,43,84,486,570
00232303,UNIV OF DETROIT MERCY - LAW SCHOOL      ,MI,48226-0000,Private      ,3,66,69,19,964,983
00232500,UNIVERSITY OF MICHIGAN - ANN ARBOR      ,MI,48109-1316,Public       ,707,848,1555,22127,8983,31110
00232501,UNIVERSITY OF MICHIGAN-MEDICAL SCH      ,MI,48109-0000,Public       ,12,15,27,86,1005,1091
00232503,UNIVERSITY OF MICHIGAN LAW SCHOOL       ,MI,48109-0000,Public       ,2,37,39,23,2444,2467
00232600,UNIVERSITY OF MICHIGAN-DEARBORN         ,MI,48128-2406,Public       ,590,830,1420,3644,3286,6930
00232700,UNIVERSITY OF MICHIGAN-FLINT            ,MI,48502-1950,Public       ,490,1007,1497,2540,3807,6347
00232800,WASHTENAW COMMUNITY COLLEGE             ,MI,48106-0000,Public       ,922,2097,3019,2589,4755,7344
00232900,WAYNE STATE UNIVERSITY                  ,MI,48202-0000,Public       ,2015,3513,5528,12842,15314,28156
00232901,WAYNE STATE UNIV SCH OF MEDICINE        ,MI,48201-3359,Public       ,18,71,89,166,1430,1596
00232902,WAYNE STATE UNIVERSITY - LAW SCHOOL     ,MI,48202-3424,Public       ,14,136,150,72,1139,1211
00233000,WESTERN MICHIGAN UNIVERSITY             ,MI,49008-3899,Public       ,1721,1210,2931,15927,6433,22360
00233100,WESTERN THEOLOGICAL SEMINARY            ,MI,49423-0000,Private      ,1,18,19,2,102,104
00407100,WALSH COLLEGE OF ACCT & BUS ADMN        ,MI,48007-7006,Private      ,53,574,627,179,1547,1726
00407200,NORTHWOOD UNIVERSITY                    ,MI,48640-2398,Private      ,216,338,554,2143,1293,3436
00467300,BAKER COLLEGE - FLINT                   ,MI,48507-5508,Private      ,519,1724,2243,1967,4998,6965
00467301,BAKER COLLEGE OF CADILLAC               ,MI,49601-0000,Private      ,130,427,557,429,1363,1792
00467302,BAKER COLLEGE OF CLINTON TOWNSHIP       ,MI,48035-0000,Private      ,533,1163,1696,2013,3997,6010
00467303,BAKER COLLEGE OF MUSKEGON               ,MI,49442-0000,Private      ,543,1106,1649,2241,3377,5618
00467304,BAKER COLLEGE OF OWOSSO                 ,MI,48867-0000,Private      ,300,501,801,1367,1685,3052
00467305,BAKER COLLEGE OF AUBURN HILLS           ,MI,48326-0000,Private      ,403,989,1392,1090,2738,3828
00467306,BAKER COLLEGE OF PORT HURON             ,MI,48060-0000,Private      ,151,395,546,529,1193,1722
00467309,BAKER COLLEGE OF JACKSON                ,MI,49202-0000,Private      ,205,558,763,567,1460,2027
00467311,BAKER COLLEGE-CASS CITY                 ,MI,48726-0000,Private      ,46,118,164,153,398,551
00467313,BAKER COLLEGE - GRADUATE ON-LINE        ,MI,48507-0000,Private      ,64,885,949,175,3591,3766
00467317,BAKER COLLEGE-ALLEN PARK                ,MI,48101-0000,Private      ,230,505,735,618,1407,2025
00469200,DORSEY SCHOOL OF BUSINESS               ,MI,48195-2334,Proprietary  ,19,122,141,32,184,216
00469201,DORSEY SCHOOL OF BUSINESS               ,MI,48184-0000,Proprietary  ,18,82,100,33,217,250
00469202,DORSEY SCHOOL OF BUSINESS               ,MI,48071-0000,Proprietary  ,12,67,79,22,164,186
00469204,DORSEY SCHOOL OF BUSINESS               ,MI,48066-0000,Proprietary  ,38,125,163,62,340,402
00676800,MID MICHIGAN COMMUNITY COLLEGE          ,MI,48625-9447,Public       ,417,485,902,1577,1767,3344
00677100,COLLEGE FOR CREATIVE STUDIES            ,MI,48202-4034,Private      ,163,109,272,1250,470,1720
00694900,KALAMAZOO VALLEY COMMUNITY COLLEGE      ,MI,49003-4070,Public       ,794,1145,1939,3378,3614,6992
00717100,KIRTLAND COMMUNITY COLLEGE              ,MI,48653-0000,Public       ,168,330,498,674,1015,1689
00761700,CARNEGIE INSTITUTE                      ,MI,48083-1159,Proprietary  ,19,104,123,64,403,467
00795000,WEST SHORE COMMUNITY COLLEGE            ,MI,49454-0000,Public       ,89,180,269,435,643,1078
00817800,EMPIRE BEAUTY SCHOOL                    ,MI,49525-2440,Proprietary  ,85,73,158,255,238,493
00890600,MACOMB COMMUNITY COLLEGE                ,MI,48088-3896,Public       ,1494,1798,3292,5055,5407,10462
00894600,PORT HURON COSMETOLOGY COLLEGE          ,MI,48329-1618,Proprietary  ,16,17,33,31,51,82
00923000,WAYNE COUNTY COMMUNITY CLG-DISTRICT     ,MI,48226-3095,Public       ,1661,4116,5777,4508,12133,16641
00973200,VIRGINIA FARRELL BEAUTY SCHOOL          ,MI,48080-1448,Proprietary  ,9,26,35,24,69,93
00973400,VIRGINIA FARRELL BEAUTY SCHOOL          ,MI,48220-1739,Proprietary  ,41,79,120,78,213,291
00982800,EVEREST INSTITUTE                       ,MI,48033-4400,Proprietary  ,457,1294,1751,854,3264,4118
01047000,KALAMAZOO BEAUTY ACADEMY                ,MI,49002-5220,Proprietary  ,10,13,23,15,18,33
01062700,ITT TECHNICAL INSTITUTE                 ,MI,49519-0000,Proprietary  ,371,633,1004,1106,1869,2975
01082700,DAVID PRESSLEY PROF SCH OF COSMTLGY     ,MI,48067-3219,Proprietary  ,49,40,89,79,73,152
01109800,FLINT INSTITUTE OF BARBERING            ,MI,48504-4395,Proprietary  ,10,27,37,27,71,98
01164600,VIRGINIA FARRELL BEAUTY SCHOOL          ,MI,48185-3091,Proprietary  ,18,42,60,40,131,171
01229100,WRIGHT BEAUTY ACADEMY                   ,MI,49015-2696,Proprietary  ,7,32,39,18,48,66
01239900,LEWIS COLLEGE OF BUSINESS               ,MI,48235-0000,Private      ,93,164,257,193,395,588
01262700,THOMAS M. COOLEY LAW SCHOOL             ,MI,48901-1586,Private      ,2,588,590,14,4351,4365
01321800,M J MURPHY BTY CLG MT PLEASANT          ,MI,48858-2502,Proprietary  ,7,22,29,35,54,89
02060300,MICHIGAN INSTITUTE OF AERONAUTICS       ,MI,48111-0000,Proprietary  ,98,108,206,214,298,512
02068700,ADRIAN BEAUTY ACADEMY                   ,MI,49221-0000,Proprietary  ,4,10,14,16,22,38
02099700,ROSS MEDICAL EDUCATION CENTER           ,MI,48532-0000,Proprietary  ,44,227,271,81,576,657
02100400,EVEREST INSTITUTE                       ,MI,49525-2301,Proprietary  ,193,832,1025,413,1819,2232
02125600,MICHIGAN COLLEGE OF BEAUTY              ,MI,48083-0000,Proprietary  ,88,113,201,161,210,371
02135000,MARQUETTE GEN HOSP SCH RAD TECH         ,MI,49855-0000,Private      ,0,0,0,14,10,24
02158600,MR BELA'S SCHOOL OF COSMETOLOGY         ,MI,48092-4637,Proprietary  ,15,32,47,20,39,59
02160303,INTERNATIONAL ACADEMY OF DESIGN AND TECH,MI,48083-2160,Proprietary  ,165,188,353,540,596,1136
02180100,ROSS MEDICAL EDUCATION CENTER           ,MI,48092-0000,Proprietary  ,22,99,121,50,241,291
02198900,MICHIGAN SCHOOL OF PROFESSIONAL PSYCHOLO,MI,48334-4512,Private      ,1,14,15,4,88,92
02209200,TAYLORTOWN SCHOOL OF BEAUTY             ,MI,48180-0000,Proprietary  ,10,51,61,26,103,129
02237800,SPECS HOWARD SCHOOL OF MEDIA ARTS       ,MI,48075-0000,Proprietary  ,117,118,235,422,353,775
02285700,BAYSHIRE BEAUTY ACADEMY                 ,MI,48708-5614,Proprietary  ,14,29,43,24,48,72
02289801,KAPLAN INSTITUTE - DETROIT CAMPUS       ,MI,48202-0000,Proprietary  ,33,181,214,54,379,433
02324500,MICHIGAN COLLEGE OF BEAUTY              ,MI,48161-0000,Proprietary  ,11,30,41,32,57,89
02339700,ROSS MEDICAL EDUCATION CENTER           ,MI,48116-0000,Proprietary  ,29,103,132,50,257,307
02361500,MICHIGAN BARBER COLLEGE                 ,MI,48204-2244,Private      ,27,88,115,65,167,232
02491000,WEST MI COLG OF BARBERING & BEAUTY      ,MI,49008-0000,Proprietary  ,6,31,37,16,64,80
02495800,FOCUS:HOPE                              ,MI,48238-0000,Private      ,27,49,76,75,140,215
02498300,VIRGINIA FARRELL BEAUTY SCHOOL          ,MI,48154-0000,Proprietary  ,18,48,66,41,125,166
02533600,ROSS MEDICAL EDUCATION CENTER           ,MI,48917-2108,Proprietary  ,26,96,122,82,301,383
02588200,DOUGLAS J AVEDA INSTITUTE               ,MI,48823-4351,Proprietary  ,61,53,114,180,145,325
02588201,DOUGLAS J AVEDA INSTITUTE - ANN ARBOR   ,MI,48104-2211,Proprietary  ,13,21,34,51,58,109
02594600,HOWELL COLLEGE OF COSMETOLOGY           ,MI,48843-8584,Proprietary  ,3,11,14,6,18,24
02595700,HILLSDALE BEAUTY COLLEGE                ,MI,49242-0000,Proprietary  ,8,11,19,45,24,69
02618400,MICHIGAN CAREER & TECHNICAL INST        ,MI,49080-9254,Public       ,61,44,105,160,91,251
03005700,DETROIT BUSINESS INST. DOWNRIVER        ,MI,48193-6761,Proprietary  ,23,102,125,39,224,263
03025100,MR DAVID'S SCHOOL OF COSMETOLOGY        ,MI,48507-2054,Proprietary  ,2,2,4,14,43,57
03028500,LAWTON SCHOOL                           ,MI,48075-5406,Proprietary  ,17,69,86,29,130,159
03066600,BAY MILLS COMMUNITY COLLEGE             ,MI,49715-9750,Public       ,28,119,147,68,238,306
03075200,TWIN CITY BEAUTY COLLEGE                ,MI,49085-3305,Proprietary  ,25,49,74,63,113,176
03075201,TWIN CITY BEAUTY COLLEGE - TRAVERSE CITY,MI,49686-5119,Proprietary  ,3,3,6,6,11,17
03090000,SHARP'S ACADEMY OF HAIRSTYLING INC.     ,MI,48433-0000,Proprietary  ,4,23,27,8,38,46
03109700,HOUGHTON LAKE INST OF COSMETOLOGY       ,MI,48629-0669,Proprietary  ,1,3,4,9,12,21
03110300,THE SCHOOL OF CREATIVE HAIR DESIGN      ,MI,49036-1139,Proprietary  ,8,23,31,18,32,50
03124000,NORTHWESTERN TECHNOLOGICAL INST         ,MI,48075-2412,Proprietary  ,33,88,121,75,294,369
03135300,MICHIGAN THEOLOGICAL SEMINARY           ,MI,48170-4399,Private      ,2,47,49,4,95,99
03284300,MICHIGAN JEWISH INSTITUTE               ,MI,48237-0000,Private      ,72,19,91,170,24,194
03340300,WARREN WOODS VOCATIONAL ADULT EDUC      ,MI,48088-3699,Public       ,6,16,22,12,35,47
03474300,AVE MARIA COLLEGE                       ,MI,48197-2451,Private      ,49,15,64,63,27,90
03490300,PAUL MITCHELL THE SCHOOL ESCANABA       ,MI,49829-0000,Proprietary  ,2,2,4,9,16,25
03588300,IRENE'S MYOMASSOLOGY INSTITUTE          ,MI,48033-2404,Proprietary  ,24,94,118,46,202,248
03704300,BLUE WATER COLLEGE OF COSMETOLOGY       ,MI,48040-0000,Proprietary  ,11,10,21,23,26,49
03772300,SAGINAW CHIPPEWA TRIBAL COLLEGE         ,MI,48858-0000,Public       ,4,11,15,7,25,32
03815300,IN SESSION-ARTS OF COSMETOLOGY BEAU     ,MI,48609-0000,Proprietary  ,17,31,48,39,64,103
03907300,PAUL MITCHELL THE SCHOOL GREAT LAKES    ,MI,48060-0000,Proprietary  ,46,35,81,51,45,96
03915300,CAREER QUEST LEARNING CENTER            ,MI,48910-4732,Proprietary  ,6,65,71,12,161,173
03976500,ANN ARBOR INSTITUTE OF MASSAGE THERAPY  ,MI,48103-0000,Proprietary  ,10,22,32,18,67,85
04002400,ECUMENICAL THEOLOGICAL SEMINARY         ,MI,48201-3035,Private      ,2,21,23,2,49,51
04006300,NUVO COLLEGE OF COSMETOLOGY             ,MI,49441-3822,Proprietary  ,11,28,39,20,55,75
04014300,P&A SCHOLARS BEAUTY SCHOOL              ,MI,48204-0000,Proprietary  ,23,56,79,33,70,103
04055300,CREATIVE HAIR SCHOOL OF COSMETOLOGY     ,MI,48504-1234,Proprietary  ,5,9,14,7,15,22
04094300,ROBERT B. MILLER COLLEGE (THE)          ,MI,49017-3306,Private      ,2,47,49,2,47,49
00233200,ANOKA-RAMSEY CC-CAMBRIDGE/COONRAPID     ,MN,55433-3499,Public       ,994,797,1791,2216,1980,4196
00233400,AUGSBURG COLLEGE                        ,MN,55454-1351,Private      ,97,436,533,1927,1691,3618
00233500,RIVERLAND COMMUNITY COLLEGE             ,MN,55912-1473,Public       ,308,459,767,863,1169,2032
00233600,BEMIDJI STATE UNIVERSITY                ,MN,56601-2699,Public       ,483,449,932,2550,1316,3866
00233700,BETHANY LUTHERAN COLLEGE INC            ,MN,56001-6163,Private      ,62,17,79,581,57,638
00233900,CENTRAL LAKES COLG-BRAINERD/STAPLES     ,MN,56401-3900,Public       ,426,453,879,1308,1149,2457
00234000,CARLETON COLLEGE                        ,MN,55057-4001,Private      ,48,2,50,2478,17,2495
00234100,COLLEGE OF ST BENEDICT                  ,MN,56374-2099,Private      ,133,10,143,1906,28,1934
00234200,ST. CATHERINE UNIVERSITY                ,MN,55105-1789,Private      ,183,605,788,2012,2758,4770
00234201,COLLEGE OF ST CATHERINE-MINNEAPOLIS     ,MN,55454-0000,Private      ,0,0,0,0,1,1
00234300,COLLEGE OF ST SCHOLASTICA               ,MN,55811-4199,Private      ,251,447,698,1960,1221,3181
00234500,UNIVERSITY OF ST THOMAS                 ,MN,55105-1096,Private      ,397,690,1087,5315,2938,8253
00234600,CONCORDIA COLLEGE-MOORHEAD              ,MN,56562-0001,Private      ,168,20,188,2877,142,3019
00234700,"CONCORDIA UNIVERSITY, ST PAUL, MN       ",MN,55104-5494,Private      ,138,360,498,1012,1036,2048
00235000,VERMILION COMMUNITY COLLEGE             ,MN,55731-1996,Public       ,115,34,149,482,103,585
00235300,GUSTAVUS ADOLPHUS COLLEGE               ,MN,56082-1498,Private      ,121,12,133,2878,35,2913
00235400,HAMLINE UNIVERSITY                      ,MN,55104-1284,Private      ,250,406,656,2208,2267,4475
00235500,HIBBING COMMUNITY COLLEGE               ,MN,55746-3300,Public       ,290,288,578,655,650,1305
00235600,ITASCA COMMUNITY COLLEGE                ,MN,55744-3397,Public       ,180,136,316,632,376,1008
00235700,LUTHER SEMINARY                         ,MN,55108-0000,Private      ,0,57,57,3,456,459
00235800,MACALESTER COLLEGE                      ,MN,55105-1899,Private      ,75,8,83,2867,62,2929
00236000,"MINNESOTA STATE UNIVERSITY, MANKATO     ",MN,56002-0000,Public       ,1356,714,2070,9273,3067,12340
00236100,MARTIN LUTHER COLLEGE                   ,MN,56073-3965,Private      ,18,7,25,668,50,718
00236200,MINNEAPOLIS COMM AND TECH COLLEGE       ,MN,55403-1779,Public       ,1040,2053,3093,2563,5377,7940
00236500,MINNEAPOLIS COLLEGE OF ART & DESIGN     ,MN,55404-4343,Private      ,39,38,77,785,299,1084
00236600,CROSSROADS COLLEGE                      ,MN,55902-2382,Private      ,30,16,46,88,61,149
00236700,MINNESOTA STATE UNIVERSITY MOORHEAD     ,MN,56563-0001,Public       ,888,512,1400,5014,1796,6810
00236900,NORTH CENTRAL UNIVERSITY                ,MN,55404-1391,Private      ,209,66,275,1170,279,1449
00237000,NORTH HENNEPIN COMMUNITY COLLEGE        ,MN,55445-2299,Public       ,701,866,1567,1712,2484,4196
00237100,NORTHWESTERN COLLEGE                    ,MN,55113-1598,Private      ,170,249,419,2177,631,2808
00237300,ROCHESTER COMMUNITY/TECH COLLEGE        ,MN,55904-4999,Public       ,590,614,1204,2221,2091,4312
00237500,SOUTHWEST MINNESOTA STATE UNIVERSITY    ,MN,56258-1598,Public       ,217,296,513,1896,884,2780
00237700,ST CLOUD STATE UNIVERSITY               ,MN,56301-4498,Public       ,2095,1177,3272,8580,3322,11902
00237900,SAINT JOHNS UNIVERSITY                  ,MN,56321-0000,Private      ,136,11,147,1684,75,1759
00238000,SAINT MARY'S UNIVERSITY                 ,MN,55987-1399,Private      ,95,813,908,1317,2125,3442
00238200,ST OLAF COLLEGE                         ,MN,55057-1098,Private      ,74,15,89,3353,75,3428
00238300,CROWN COLLEGE                           ,MN,55375-9001,Private      ,108,223,331,711,578,1289
00238500,NORTHLAND COMMUNITY & TECHNICAL CLG     ,MN,56701-2598,Public       ,520,579,1099,1458,1580,3038
00238600,UNITED THEOLGCL SEMINRY TWIN CITIES     ,MN,55112-0000,Private      ,1,24,25,2,96,98
00238800,"UNIVERSITY OF MINNESOTA, DULUTH         ",MN,55812-2496,Public       ,1319,460,1779,8110,1701,9811
00238900,"UNIVERSITY OF MINNESOTA, MORRIS         ",MN,56267-2113,Public       ,139,47,186,1642,191,1833
00239100,WILLIAM MITCHELL COLLEGE OF LAW         ,MN,55105-0000,Private      ,0,73,73,1,1361,1362
00239300,MINNESOTA STATE COLLEGE-SE TECH         ,MN,55987-0409,Public       ,278,321,599,720,913,1633
00239400,WINONA STATE UNIVERSITY                 ,MN,55987-5838,Public       ,1078,415,1493,5697,1116,6813
00396900,UNIVERSITY OF MINNESOTA-TWIN CITIES     ,MN,55455-0422,Public       ,3064,3225,6289,23256,14244,37500
00400900,MESABI RANGE CMNTY & TECH COLLEGE       ,MN,55792-0000,Public       ,208,229,437,472,467,939
00405708,NATIONAL AMERICAN UNIVERSITY            ,MN,55113-0000,Proprietary  ,13,72,85,25,225,250
00405715,NATIONAL AMERICAN UNIVERSITY - BLOOMINGT,MN,55425-5550,Proprietary  ,3,31,34,9,90,99
00406900,UNIVERSITY OF MINNESOTA-CROOKSTON       ,MN,56716-5001,Public       ,134,61,195,818,241,1059
00438600,VETERAN'S MEDICAL CTR- SCH RAD TECH     ,MN,55417-2399,Public       ,0,2,2,5,15,20
00464100,DUNWOODY COLLEGE OF TECHNOLOGY          ,MN,55403-1192,Private      ,334,279,613,769,675,1444
00464200,GLOBE UNIVERSITY                        ,MN,55125-5408,Proprietary  ,126,238,364,325,708,1033
00464500,MINNEAPOLIS BUSINESS COLLEGE            ,MN,55113-4036,Proprietary  ,51,23,74,449,107,556
00464600,MINNESOTA SCHOOL OF BUSINESS            ,MN,55423-0000,Proprietary  ,645,1089,1734,1757,3323,5080
00464800,RASMUSSEN COLLEGE - EAGAN               ,MN,55122-1346,Proprietary  ,52,191,243,105,487,592
00525200,RIDGEWATER COLLEGE                      ,MN,56201-2098,Public       ,476,439,915,1878,1273,3151
00526300,MINNESOTA WEST CMNTY & TECH COLG        ,MN,56241-1096,Public       ,308,398,706,939,939,1878
00553300,"SAINT PAUL COLLEGE, COMMUNITY/TECHNICAL ",MN,55102-1800,Public       ,439,1102,1541,1225,2732,3957
00553400,ST CLOUD TECHNICAL COLLEGE              ,MN,56303-1240,Public       ,637,414,1051,1768,1136,2904
00553500,PINE TECHNICAL COLLEGE                  ,MN,55063-2198,Public       ,66,144,210,164,352,516
00553700,SOUTH CENTRAL COLLEGE                   ,MN,56003-0000,Public       ,380,414,794,1182,1198,2380
00554100,MINNESOTA STATE COMMUNITY AND TECHNICAL ,MN,56573-1405,Public       ,779,758,1537,2295,2232,4527
00554400,ALEXANDRIA TECHNICAL COLLEGE            ,MN,56308-3799,Public       ,289,177,466,1261,517,1778
00575700,LAKE SUPERIOR COLLEGE                   ,MN,55811-3399,Public       ,590,630,1220,1659,1685,3344
00575900,NORTHWEST TECHNICAL COLLEGE - BEMIDJI   ,MN,56601-4907,Public       ,157,213,370,438,543,981
00677500,RAINY RIVER COMMUNITY COLLEGE           ,MN,56649-2187,Public       ,78,42,120,192,105,297
00735000,ANOKA-HENNEPIN TECHNICAL COLLEGE        ,MN,55303-1590,Public       ,286,471,757,632,999,1631
00735100,BROWN COLLEGE                           ,MN,55120-1004,Proprietary  ,320,390,710,1278,1303,2581
00746200,COLLEGE OF VISUAL ARTS                  ,MN,55102-2199,Private      ,19,5,24,143,45,188
00795400,NORMANDALE COMMUNITY COLLEGE            ,MN,55431-4399,Public       ,922,897,1819,2841,2764,5605
00826700,NORTHWEST TECHNICAL INSTITUTE           ,MN,55121-5001,Proprietary  ,18,7,25,101,41,142
00869400,RASMUSSEN COLLEGE                       ,MN,56301-3713,Proprietary  ,69,178,247,192,646,838
00869401,RASMUSSEN COLLEGE - BROOKLYN PARK       ,MN,55445-1512,Proprietary  ,79,251,330,159,500,659
00905800,BETHEL UNIVERSITY                       ,MN,55112-6999,Private      ,199,476,675,2754,1454,4208
00960000,COSMETOLOGY CAREERS UNLTD-DULUTH        ,MN,55802-2031,Proprietary  ,16,22,38,24,43,67
00972200,EMPIRE BEAUTY SCHOOL                    ,MN,55119-7003,Proprietary  ,35,47,82,88,137,225
00974000,INVER HILLS COMMUNITY COLLEGE           ,MN,55076-3224,Public       ,614,706,1320,1469,1707,3176
00983100,MODEL COLLEGE OF HAIR DESIGN            ,MN,56301-4280,Proprietary  ,23,12,35,107,40,147
00987000,EMPIRE BEAUTY SCHOOL                    ,MN,55420-2919,Proprietary  ,40,39,79,104,136,240
00989200,"DULUTH BUSINESS UNIV, INC.              ",MN,55807-0000,Proprietary  ,49,109,158,138,261,399
00999200,OAK HILLS CHRISTIAN COLLEGE             ,MN,56601-0000,Private      ,52,38,90,143,81,224
01024800,ART INSTITUTES INTL MINNESOTA           ,MN,55402-3137,Proprietary  ,174,148,322,1240,772,2012
01037400,METROPOLITAN STATE UNIVERSITY           ,MN,55106-5000,Public       ,319,1177,1496,1131,3852,4983
01040200,DAKOTA COUNTY TECHNICAL COLLEGE         ,MN,55068-2999,Public       ,377,492,869,889,1125,2014
01049000,REGENCY BEAUTY INSTITUTE                ,MN,55428-0000,Proprietary  ,274,259,533,537,507,1044
01049100,HENNEPIN TECHNICAL COLLEGE              ,MN,55445-2399,Public       ,402,726,1128,1155,2074,3229
01054600,CENTURY COMMUNITY AND TECHNICAL CLG     ,MN,55110-1894,Public       ,1112,1050,2162,2836,3087,5923
01101700,HERZING COLLEGE                         ,MN,55428-3548,Proprietary  ,40,52,92,143,255,398
01168600,RASMUSSEN COLLEGE - EDEN PRAIRIE        ,MN,55344-7220,Proprietary  ,44,220,264,95,749,844
01173200,"MAYO CLINIC, COLLEGE OF MEDICINE        ",MN,55905-0000,Private      ,4,20,24,30,235,265
01173201,MAYO SCHOOL OF HEALTH-RELATED SCIEN     ,MN,55905-0000,Private      ,3,19,22,36,113,149
01173206,MAYO GRAD SCHOOL                        ,MN,55901-0000,Private      ,0,1,1,0,21,21
01173207,MAYO MEDICAL SCHOOL                     ,MN,55901-0000,Private      ,0,9,9,2,199,201
01232800,NORTHWESTERN HEALTH SCIENCES UNIV       ,MN,55431-1599,Private      ,19,157,176,65,869,934
02050300,ACADEMY COLLEGE                         ,MN,55420-1554,Proprietary  ,20,68,88,56,143,199
02096002,REGIONS HOSPITAL -DIETETIC INTRNSHP     ,MN,55101-0000,Private      ,0,0,0,2,3,5
02123200,AVEDA INSTITUTE                         ,MN,55414-0000,Proprietary  ,81,62,143,288,202,490
02159800,COSMETOLOGY CAREERS UNLTD - HIBBING     ,MN,55746-0000,Proprietary  ,9,16,25,13,19,32
02160901,"SALON PROFESSIONAL ACADEMY, THE - THE SA",MN,55428-4928,Proprietary  ,24,17,41,46,30,76
02238100,MINNESOTA SCHOOL OF COSMETOLOGY         ,MN,55125-0000,Proprietary  ,36,56,92,57,114,171
02260500,SUMMIT ACAD OPPORTUNITIES IND CTR       ,MN,55405-0000,Private      ,4,40,44,8,58,66
02284500,PILLSBURY BAPTIST BIBLE COLLEGE         ,MN,55060-0000,Private      ,43,16,59,152,34,186
02503300,RASMUSSEN COLLEGE - MANKATO             ,MN,56001-8658,Proprietary  ,59,110,169,190,506,696
02504200,WALDEN UNIVERSITY                       ,MN,55401-2511,Proprietary  ,6,5124,5130,25,16188,16213
02514100,AMERICAN INDIAN OPPORTUNITIES CTR       ,MN,55404-0000,Private      ,1,40,41,3,78,81
02543600,INGENUE                                 ,MN,56560-0000,Proprietary  ,4,9,13,20,11,31
02551200,EAST METRO OIC                          ,MN,55104-3435,Private      ,1,28,29,6,61,67
03001200,MCNALLY SMITH COLLEGE OF MUSIC          ,MN,55101-2220,Proprietary  ,126,52,178,416,131,547
03051900,ALFRED ADLER GRADUATE SCHOOL            ,MN,55305-0000,Private      ,0,49,49,0,104,104
03096400,LEECH LAKE TRIBAL COLLEGE               ,MN,56633-0000,Public       ,20,104,124,34,192,226
03129100,FOND DU LAC TRIBAL & COMMUNITY CLG      ,MN,55720-2984,Public       ,166,335,501,330,628,958
03267300,CAPELLA UNIVERSITY                      ,MN,55402-3389,Proprietary  ,12,4504,4516,49,18836,18885
03473400,MINNEAPOLIS SCHOOL OF MASSAGE AND B     ,MN,55418-3343,Private      ,13,37,50,26,79,105
03833300,AMERICAN ACADEMY OF ACUPUNCTURE AND ORIE,MN,55113-0000,Proprietary  ,0,23,23,1,56,57
03921400,WHITE EARTH TRIBAL AND COMMUNITY COLLEGE,MN,56557-0478,Private      ,4,53,57,11,85,96
00239600,ALCORN STATE UNIVERSITY                 ,MS,39096-7500,Public       ,616,807,1423,3259,2286,5545
00239700,BELHAVEN COLLEGE                        ,MS,39202-1789,Private      ,117,727,844,1030,2346,3376
00239800,BLUE MOUNTAIN COLLEGE                   ,MS,38610-9370,Private      ,45,68,113,223,220,443
00240100,COAHOMA COMMUNITY COLLEGE               ,MS,38614-9799,Public       ,404,873,1277,965,1584,2549
00240200,COPIAH-LINCOLN COMMUNITY COLLEGE        ,MS,39191-0649,Public       ,584,677,1261,1560,1573,3133
00240300,DELTA STATE UNIVERSITY                  ,MS,38733-0000,Public       ,530,744,1274,2769,2531,5300
00240400,EAST CENTRAL COMMUNITY COLLEGE          ,MS,39327-0129,Public       ,356,443,799,1200,1288,2488
00240500,EAST MISSISSIPPI COMM COLLEGE           ,MS,39358-0000,Public       ,763,1373,2136,1787,2694,4481
00240700,HINDS COMMUNITY COLLEGE                 ,MS,39154-9799,Public       ,1665,2121,3786,4856,6115,10971
00240800,HOLMES COMMUNITY COLLEGE                ,MS,39079-0000,Public       ,825,1348,2173,2094,3289,5383
00240900,ITAWAMBA COMMUNITY COLLEGE              ,MS,38843-1099,Public       ,779,1411,2190,2312,3125,5437
00241000,JACKSON STATE UNIVERSITY                ,MS,39217-0001,Public       ,1307,2087,3394,7160,6698,13858
00241100,JONES COUNTY JUNIOR COLLEGE             ,MS,39437-3999,Public       ,896,773,1669,2630,1933,4563
00241300,MERIDIAN COMMUNITY COLLEGE              ,MS,39307-5890,Public       ,672,810,1482,1712,1814,3526
00241400,MILLSAPS COLLEGE                        ,MS,39201-0000,Private      ,118,99,217,1086,346,1432
00241500,MISSISSIPPI COLLEGE                     ,MS,39058-0001,Private      ,335,509,844,1987,2252,4239
00241501,MISSISSIPPI COLLEGE - SCHOOL OF LAW     ,MS,39201-1391,Private      ,3,92,95,27,709,736
00241600,MISSISSIPPI DELTA CMTY COLLEGE          ,MS,38761-0000,Public       ,606,820,1426,1662,1981,3643
00241700,MISSISSIPPI GULF CST CLG-PERKINSTON     ,MS,39573-0000,Public       ,353,231,584,1006,563,1569
00241701,MISSISSIPPI GULF CST CLG-JEFF DAVIS     ,MS,39507-0000,Public       ,517,827,1344,1303,2092,3395
00241702,MISSISSIPPI GULF CST CLG-JACKSON CN     ,MS,39553-0000,Public       ,533,738,1271,1265,1711,2976
00242200,MISSISSIPPI UNIV FOR WOMEN              ,MS,39701-5818,Public       ,259,430,689,1460,1440,2900
00242300,MISSISSIPPI STATE UNIVERSITY            ,MS,39762-9698,Public       ,1781,1588,3369,8935,5067,14002
00242400,MISSISSIPPI VALLEY STATE UNIVERSITY     ,MS,38941-1400,Public       ,595,1331,1926,2464,3310,5774
00242600,NORTHEAST MS CMNTY COLLEGE              ,MS,38829-1731,Public       ,510,487,997,1905,1422,3327
00242700,NORTHWEST MISSISSIPPI COMMUNITY CLG     ,MS,38668-1703,Public       ,1132,1171,2303,3490,3054,6544
00243000,PEARL RIVER COMMUNITY COLLEGE           ,MS,39470-2201,Public       ,818,961,1779,1976,2165,4141
00243300,RUST COLLEGE                            ,MS,38635-2328,Private      ,239,139,378,1057,367,1424
00243500,SOUTHEASTERN BAPTIST COLLEGE            ,MS,39440-0000,Private      ,14,33,47,22,51,73
00243600,SOUTHWEST MISSISSIPPI CMNTY CLG         ,MS,39666-8099,Public       ,363,391,754,999,978,1977
00243900,TOUGALOO COLLEGE                        ,MS,39174-9799,Private      ,210,112,322,1418,409,1827
00244000,UNIVERSITY OF MISSISSIPPI               ,MS,38677-1848,Public       ,1620,1228,2848,8085,4508,12593
00244001,UNIVERSITY OF MISSISSIPPI - MED CTR     ,MS,39216-0000,Public       ,47,128,175,394,1243,1637
00244100,UNIVERSITY OF SOUTHERN MISSISSIPPI      ,MS,39406-0001,Public       ,2022,2230,4252,8984,7301,16285
00244700,WILLIAM CAREY UNIVERSITY                ,MS,39401-5499,Private      ,279,655,934,990,2039,3029
01146100,WESLEY COLLEGE                          ,MS,39073-1070,Private      ,25,27,52,50,72,122
01289101,ANTONELLI COLLEGE - JACKSON             ,MS,39208-4526,Proprietary  ,6,22,28,6,22,28
01289102,ANTONELLI COLLEGE - HATTIESBURG         ,MS,39401-3056,Proprietary  ,1,13,14,1,13,14
02074900,CHRIS' BEAUTY COLLEGE                   ,MS,39501-0000,Proprietary  ,20,28,48,34,60,94
02160500,NORTH MISSISSIPPI MED CTR MED TECH      ,MS,38801-0000,Private      ,1,8,9,6,30,36
02235900,ACADEMY OF HAIR DESIGN #4               ,MS,39208-0000,Proprietary  ,11,21,32,28,53,81
02244300,ACADEMY OF HAIR DESIGN #1               ,MS,38901-0000,Proprietary  ,18,55,73,58,176,234
02249900,DELTA BEAUTY COLLEGE                    ,MS,38701-0000,Proprietary  ,12,28,40,36,101,137
02251600,ACADEMY OF HAIR DESIGN #6               ,MS,39401-7581,Proprietary  ,11,36,47,37,96,133
02251700,FOSTER'S COSMETOLOGY COLLEGE            ,MS,38663-0000,Proprietary  ,3,20,23,3,28,31
02302800,MISSISSIPPI COLLEGE OF BEAUTY CULT      ,MS,39440-0000,Proprietary  ,14,34,48,21,42,63
02320800,MAGNOLIA COLLEGE OF COSMETOLOGY         ,MS,39206-0000,Proprietary  ,14,58,72,35,112,147
02361200,MAGNOLIA BIBLE COLLEGE                  ,MS,39090-0000,Private      ,2,18,20,6,27,33
02490200,"ICS, THE WRIGHT BEAUTY COLLEGE          ",MS,38834-0000,Proprietary  ,4,8,12,8,27,35
02502100,CREATIONS COLLEGE OF COSMETOLOGY        ,MS,38803-0000,Proprietary  ,8,37,45,19,79,98
02516200,WESLEY BIBLICAL SEMINARY                ,MS,39206-0000,Private      ,1,22,23,1,72,73
02554600,GIBSON'S BARBER AND BEAUTY COLLEGE      ,MS,39773-0000,Proprietary  ,23,28,51,37,62,99
02586000,J & J HAIR DESIGN COLLEGE               ,MS,39051-3716,Proprietary  ,7,39,46,12,75,87
03004000,FINAL TOUCH BEAUTY SCHOOL               ,MS,39307-2934,Proprietary  ,9,33,42,16,63,79
03010404,CRESCENT CITY SCHOOL OF GAMING & BARTEND,MS,38664-1903,Proprietary  ,0,3,3,0,5,5
03010603,VIRGINIA COLLEGE - JACKSON              ,MS,39206-5602,Proprietary  ,16,54,70,52,187,239
03010610,VIRGINIA COLLEGE - BILOXI               ,MS,39532-2124,Proprietary  ,5,25,30,15,85,100
03263300,TRAXLER'S SCHOOL OF HAIR                ,MS,39212-2529,Proprietary  ,5,21,26,15,44,59
03464300,ACADEMY OF HAIR DESIGN                  ,MS,39562-0000,Proprietary  ,2,7,9,8,14,22
03525300,BLUE CLIFF COLLEGE                      ,MS,39507-0000,Proprietary  ,7,45,52,18,120,138
03848300,DAY SPA CAREER COLLEGE                  ,MS,39564-0000,Proprietary  ,8,25,33,15,56,71
03963300,HEALING TOUCH SCHOOL OF MASSAGE THERAPY ,MS,39402-1300,Proprietary  ,5,7,12,16,30,46
00252600,CARROLL COLLEGE                         ,MT,59625-0002,Private      ,55,40,95,1472,243,1715
00252700,UNIVERSITY OF GREAT FALLS               ,MT,59405-4996,Private      ,81,194,275,396,530,926
00252800,MILES COMMUNITY COLLEGE                 ,MT,59301-4799,Public       ,45,60,105,260,202,462
00252900,DAWSON COMMUNITY COLLEGE                ,MT,59330-1405,Public       ,38,43,81,230,118,348
00253000,MONTANA STATE UNIVERSITY - BILLINGS     ,MT,59101-0298,Public       ,337,657,994,2344,2710,5054
00253100,MONTANA TECH OF THE UNIV OF MONTANA     ,MT,59701-8997,Public       ,148,203,351,1222,929,2151
00253200,MONTANA STATE UNIVERSITY - BOZEMAN      ,MT,59717-0001,Public       ,706,608,1314,7810,3276,11086
00253300,MONTANA STATE UNIVERSITY-NORTHERN       ,MT,59501-3148,Public       ,129,241,370,699,821,1520
00253400,ROCKY MOUNTAIN COLLEGE                  ,MT,59102-1796,Private      ,89,71,160,841,301,1142
00253600,UNIVERSITY OF MONTANA (THE)             ,MT,59812-0001,Public       ,807,955,1762,7233,5797,13030
00253700,UNIVERSITY OF MONTANA WESTERN (THE)     ,MT,59725-3598,Public       ,114,109,223,842,450,1292
00442500,BENEFIS HEALTHCARE SCH RAD TECH         ,MT,59405-4324,Private      ,0,3,3,7,11,18
00677700,FLATHEAD VALLEY COMMUNITY COLLEGE       ,MT,59901-2699,Public       ,89,181,270,450,595,1045
00757000,HELENA COLLEGE OF TECHNOLOGY            ,MT,59601-3098,Public       ,57,143,200,352,507,859
00790000,BUTTE ACADEMY OF BEAUTY CULTURE         ,MT,59701-9197,Proprietary  ,10,13,23,20,22,42
00894700,"DAHL'S COLLEGE OF BEAUTY,INC            ",MT,59401-3731,Proprietary  ,7,24,31,16,39,55
00931400,MSU COLLEGE OF TECH-GREAT FALLS         ,MT,59405-4907,Public       ,117,328,445,413,963,1376
00946800,COLLEGE OF COIFFURE ART LTD             ,MT,59102-5333,Proprietary  ,7,10,17,22,26,48
02143400,SALISH KOOTENAI COLLEGE                 ,MT,59855-0000,Public       ,67,229,296,228,734,962
02286600,LITTLE BIG HORN COLLEGE                 ,MT,59022-0000,Public       ,45,64,109,97,134,231
02343000,FT PECK COMMUNITY COLLEGE               ,MT,59255-0000,Public       ,40,147,187,60,238,298
02510600,BLACKFEET COMMUNITY COLLEGE             ,MT,59417-0000,Private      ,37,187,224,120,341,461
02517500,FORT BELKNAP COLLEGE                    ,MT,59526-0000,Public       ,18,34,52,47,88,135
02545200,CHIEF DULL KNIFE COLLEGE                ,MT,59043-0098,Public       ,17,43,60,50,102,152
02610900,STONE CHILD COLLEGE                     ,MT,59521-9796,Public       ,24,98,122,61,162,223
02621300,ACADEMY OF COSMETOLOGY                  ,MT,59715-3544,Proprietary  ,9,7,16,34,19,53
03205300,MODERN BEAUTY SCHOOL                    ,MT,59801-8386,Proprietary  ,5,9,14,23,27,50
03763400,"ACADEMY OF NAIL, SKIN & HAIR            ",MT,59101-0000,Proprietary  ,17,15,32,44,52,96
03778300,HEALTH WORKS INSTITUTE                  ,MT,59715-0000,Proprietary  ,7,14,21,21,32,53
00253900,CHADRON STATE COLLEGE                   ,NE,69337-2690,Public       ,208,190,398,1379,661,2040
00254000,COLLEGE OF ST MARY                      ,NE,68106-2606,Private      ,69,237,306,435,872,1307
00254100,CONCORDIA UNIVERSITY                    ,NE,68434-1594,Private      ,82,33,115,1288,125,1413
00254200,CREIGHTON UNIVERSITY                    ,NE,68178-0001,Private      ,282,318,600,4109,4001,8110
00254300,DANA COLLEGE                            ,NE,68008-9905,Private      ,55,17,72,839,93,932
00254400,DOANE COLLEGE                           ,NE,68333-2421,Private      ,104,224,328,1316,651,1967
00254700,GRACE UNIVERSITY                        ,NE,68108-3629,Private      ,34,57,91,348,219,567
00254800,HASTINGS COLLEGE                        ,NE,68901-7621,Private      ,55,45,100,1415,130,1545
00255100,UNIVERSITY OF NEBRASKA AT KEARNEY       ,NE,68849-0001,Public       ,533,381,914,3964,1249,5213
00255300,MIDLAND LUTHERAN COLLEGE                ,NE,68025-4254,Private      ,71,35,106,1051,129,1180
00255400,UNIVERSITY OF NEBRASKA-OMAHA            ,NE,68182-0001,Public       ,1060,1019,2079,6928,4514,11442
00255500,NEBRASKA WESLEYAN UNIVERSITY            ,NE,68504-2796,Private      ,178,147,325,1871,418,2289
00255700,MID-PLAINS COMM COLLEGE - NORTH PLATTE  ,NE,69101-9420,Public       ,89,172,261,400,462,862
00255701,MID-PLAINS COMMUNITY COLLEGE - MCCOOK   ,NE,69001-2631,Public       ,58,45,103,245,129,374
00255900,PERU STATE COLLEGE                      ,NE,68421-0010,Public       ,139,183,322,817,631,1448
00256000,WESTERN NEBRASKA COMMUNITY COLLEGE      ,NE,69361-1815,Public       ,119,209,328,509,636,1145
00256300,UNION COLLEGE                           ,NE,68506-4387,Private      ,163,72,235,762,250,1012
00256500,UNIVERSITY OF NEBRASKA-LINCOLN          ,NE,68588-0419,Public       ,1537,895,2432,12629,4132,16761
00256596,UNIVERSITY OF NEBRASKA - CURTIS         ,NE,69025-9522,Public       ,41,4,45,246,18,264
00256600,WAYNE STATE COLLEGE                     ,NE,68787-1172,Public       ,277,206,483,2402,774,3176
00256700,YORK COLLEGE                            ,NE,68467-2699,Private      ,120,44,164,442,91,533
00443100,MARY LANNING MEM HOSP SCH RAD TECH      ,NE,68901-4497,Private      ,1,0,1,9,4,13
00443600,REGNL WST MEDCL CTR SCHL RAD            ,NE,69361-0000,Private      ,1,2,3,7,8,15
00458608,KAPLAN UNIVERSITY - OMAHA               ,NE,68134-1002,Proprietary  ,48,255,303,161,998,1159
00458609,KAPLAN UNIVERSITY - LINCOLN             ,NE,68508-2668,Proprietary  ,85,223,308,208,549,757
00639900,BRYANLGH COLLEGE OF HEALTH SCIENCES     ,NE,68506-1398,Private      ,24,23,47,216,168,384
00640400,NEBR METHODIST CLG OF NURS ALLD HLTH    ,NE,68114-2852,Private      ,55,97,152,354,453,807
00689500,UNIVERSITY OF NEBRASKA-MED CTR          ,NE,68198-4265,Public       ,40,182,222,509,1927,2436
00750100,VATTEROTT COLLEGE                       ,NE,68137-1237,Proprietary  ,94,375,469,208,729,937
00849200,ALEGENT HEALTH SCHOOLS                  ,NE,68114-2767,Private      ,6,17,23,24,74,98
00952300,BAHNER COLLEGE OF HAIRSTYLING           ,NE,68025-3297,Proprietary  ,15,4,19,85,22,107
00961700,CAPITOL BEAUTY SCHOOL                   ,NE,68144-3873,Proprietary  ,22,12,34,102,62,164
00974300,BELLEVUE UNIVERSITY                     ,NE,68005-0000,Private      ,207,1514,1721,623,4014,4637
00986200,CLARKSON COLLEGE                        ,NE,68131-2739,Private      ,69,108,177,413,487,900
01151900,JOSEPH'S COLLEGE OF BEAUTY/ALL CAMPUSES ,NE,68510-2226,Proprietary  ,34,84,118,188,254,442
01166700,NORTHEAST COMMUNITY COLLEGE             ,NE,68702-0000,Public       ,288,276,564,1465,878,2343
01258600,METROPOLITAN COMMUNITY COLLEGE          ,NE,68103-0000,Public       ,764,1453,2217,2531,5447,7978
01297600,NEBRASKA CHRISTIAN COLLEGE              ,NE,68046-4256,Private      ,36,17,53,135,33,168
02079700,COLLEGE OF HAIR DESIGN                  ,NE,68508-0000,Proprietary  ,31,29,60,111,64,175
02099500,CENTRAL COMMUNITY COLLEGE- GI           ,NE,68801-0000,Public       ,134,343,477,481,883,1364
02099501,CENTRAL COMMUNITY COLLEGE - HASTINGS    ,NE,68902-0000,Public       ,163,178,341,809,502,1311
02099502,CENTRAL COMMUNITY COLLEGE - COLUMBUS    ,NE,68602-0000,Public       ,93,112,205,392,315,707
02508300,SOUTHEAST COMM. COLLEGE-ALL CAMPUSES    ,NE,68520-0000,Public       ,676,722,1398,2907,2844,5751
02508301,SOUTHEAST COMMUNITY COLLEGE             ,NE,68310-7042,Public       ,77,73,150,442,255,697
02508302,SOUTHEAST COMMUNITY COLLEGE             ,NE,68405-0000,Public       ,71,30,101,724,155,879
02550800,NEBRASKA INDIAN COMMUNITY COLLEGE       ,NE,68039-0000,Public       ,8,29,37,11,46,57
02610500,XENON INTERNATIONAL ACADEMY II          ,NE,68127-3522,Proprietary  ,45,29,74,177,110,287
03023300,VATTEROTT COLLEGE                       ,NE,68137-1237,Proprietary  ,1,9,10,15,30,45
03127300,OMAHA SCHOOL OF MASSAGE THERAPY         ,NE,68127-5002,Proprietary  ,16,31,47,41,81,122
03164300,THE CREATIVE CENTER                     ,NE,68164-2911,Proprietary  ,34,6,40,101,16,117
03279300,MYOTHERAPY INSTITUTE                    ,NE,68516-3641,Proprietary  ,8,10,18,32,56,88
03323300,LITTLE PRIEST TRIBAL COLLEGE            ,NE,68071-0000,Private      ,9,36,45,16,56,72
03821400,UNIVERSAL COLLEGE OF HEALING ARTS       ,NE,68112-1810,Proprietary  ,3,17,20,9,45,54
00256800,UNIVERSITY OF NEVADA RENO               ,NV,89557-0002,Public       ,744,666,1410,5647,3610,9257
00256900,UNIVERSITY OF NEVADA-LAS VEGAS          ,NV,89154-1001,Public       ,1150,1580,2730,8752,9681,18433
00697700,GREAT BASIN COLLEGE                     ,NV,89801-3348,Public       ,96,242,338,287,628,915
00736700,MARINELLO SCHOOLS OF BEAUTY             ,NV,89110-3563,Proprietary  ,65,176,241,84,206,290
00919200,SIERRA NEVADA COLLEGE                   ,NV,89451-0000,Private      ,36,115,151,224,284,508
01036200,COLLEGE OF SOUTHERN NEVADA              ,NV,89146-1139,Public       ,1020,2176,3196,3537,7805,11342
01036300,WESTERN NEVADA COLLEGE                  ,NV,89703-0000,Public       ,137,279,416,456,958,1414
01323200,ACADEMY OF HAIR DESIGN                  ,NV,89102-0000,Proprietary  ,42,49,91,85,131,216
02097100,SOUTHERN NEVADA UNIV OF COSMETOLOGY     ,NV,89121-0000,Proprietary  ,19,39,58,35,64,99
02107700,TRUCKEE MEADOWS COMMUNITY CLG           ,NV,89512-0000,Public       ,324,621,945,1338,2509,3847
02237500,EVEREST COLLEGE                         ,NV,89103-0000,Proprietary  ,56,196,252,230,690,920
02338509,NEVADA CAREER INSTITUTE                 ,NV,89121-0000,Proprietary  ,27,108,135,74,325,399
02361001,ITT TECHNICAL INSTITUTE                 ,NV,89014-0000,Proprietary  ,117,171,288,277,463,740
02600700,LAS VEGAS GAMING & TECHNICAL SCHOOL     ,NV,89109-0000,Proprietary  ,0,0,0,0,1,1
02616703,SCOTTSDALE CULINARY INSTITUTE - LE CORDO,NV,89144-7047,Proprietary  ,13,28,41,94,147,241
02621500,CAREER COLLEGE OF NORTHERN NEVADA       ,NV,89434-7905,Proprietary  ,42,169,211,76,308,384
03030603,UTAH CLG OF MASSAGE THERAPY-NSMT        ,NV,89123-0000,Proprietary  ,75,160,235,129,306,435
03031405,INTERNATIONAL ACADEMY OF DESIGN AND TECH,NV,89074-7750,Proprietary  ,13,17,30,83,73,156
03043200,KAPLAN COLLEGE                          ,NV,89102-8618,Proprietary  ,42,181,223,101,371,472
03084600,THE ART INSTITUTE OF LAS VEGAS          ,NV,89074-7737,Proprietary  ,179,220,399,703,834,1537
03088200,CARSON CITY BEAUTY ACADEMY              ,NV,89706-0000,Proprietary  ,10,25,35,25,56,81
03110000,ACADEMY OF HEALING ARTS                 ,NV,89106-4031,Proprietary  ,26,141,167,48,243,291
03232305,COMPUTER-ED INSTITUTE -                 ,NV,89014-6398,Proprietary  ,26,37,63,54,101,155
03787300,EXPERTISE SCHOOL OF BEAUTY              ,NV,89106-2516,Private      ,7,21,28,20,64,84
03838500,NORTHWEST HEALTH CAREERS                ,NV,89128-0000,Proprietary  ,10,60,70,27,110,137
03975300,INSTITUTE OF PROFESSIONAL CAREERS       ,NV,89119-7825,Proprietary  ,6,25,31,19,64,83
00257200,COLBY-SAWYER COLLEGE                    ,NH,03257-4648,Private      ,27,3,30,1372,38,1410
00257300,DARTMOUTH COLLEGE                       ,NH,03755-3529,Private      ,85,100,185,6871,1572,8443
00257500,FRANKLIN PIERCE UNIVERSITY              ,NH,03461-0060,Private      ,84,214,298,2898,808,3706
00257900,NEW ENGLAND COLLEGE                     ,NH,03242-3293,Private      ,74,92,166,1329,283,1612
00258000,SOUTHERN NEW HAMPSHIRE UNIVERSITY       ,NH,03106-1045,Private      ,162,709,871,3034,2469,5503
00258100,NHTI  - CONCORD'S COMMUNITY COLLEGE     ,NH,03301-7412,Public       ,337,215,552,1626,1013,2639
00258200,MANCHESTER COMMUNITY COLLEGE            ,NH,03102-8518,Public       ,176,169,345,633,633,1266
00258201,NH COMM TECH COLLEGE - STRATHAM         ,NH,03885-0000,Public       ,0,0,0,273,342,615
00258202,NEW HAMPSHIRE COMMUNITY TECHNICAL COLLEG,NH,03038-0000,Public       ,0,4,4,16,22,38
00258204,HEW HAMPSHIRE COMMUNITY TECHNICAL COLLEG,NH,03803-2807,Public       ,3,5,8,31,30,61
00258300,GREAT BAY COMMUNITY COLLEGE             ,NH,03885-0000,Public       ,92,128,220,95,132,227
00258600,RIVIER COLLEGE                          ,NH,03060-5086,Private      ,83,191,274,1181,679,1860
00258700,SAINT ANSELM COLLEGE                    ,NH,03102-1310,Private      ,23,2,25,3144,41,3185
00258900,UNIVERSITY OF NEW HAMPSHIRE             ,NH,03824-2511,Public       ,237,218,455,15082,2541,17623
00259000,KEENE STATE COLLEGE                     ,NH,03431-0000,Public       ,185,58,243,5176,531,5707
00259100,PLYMOUTH STATE UNIVERSITY               ,NH,03264-1595,Public       ,146,100,246,5275,718,5993
00301004,ANTIOCH UNIVERSITY                      ,NH,03431-0000,Private      ,0,83,83,2,817,819
00472900,HESSER COLLEGE                          ,NH,03103-7230,Proprietary  ,276,278,554,890,879,1769
00472901,HESSER COLLEGE - NASHUA CAMPUS          ,NH,03063-1286,Proprietary  ,65,141,206,125,336,461
00472904,HESSER COLLEGE - PORTSMOUTH CAMPUS      ,NH,03801-3245,Proprietary  ,68,159,227,148,340,488
00472905,HESSER COLLEGE - SALEM CAMPUS           ,NH,03079-2842,Proprietary  ,65,191,256,167,414,581
00472906,HESSER COLLEGE - CONCORD CAMPUS         ,NH,03301-3415,Proprietary  ,34,130,164,87,316,403
00473000,MCINTOSH COLLEGE INC                    ,NH,03820-3990,Proprietary  ,163,206,369,815,699,1514
00473100,DANIEL WEBSTER COLLEGE                  ,NH,03063-1300,Proprietary  ,32,49,81,927,217,1144
00473300,CHESTER COLLEGE OF NEW ENGLAND          ,NH,03036-4331,Private      ,20,13,33,280,43,323
00529100,WHITE MOUNTAINS COMMUNITY COLLEGE       ,NH,03570-3799,Public       ,59,110,169,221,381,602
00529101,N.H.COMM TECH COLLEGE - LACONIA         ,NH,03246-0000,Public       ,4,4,8,294,233,527
00702500,LEBANON COLLEGE                         ,NH,03766-0000,Private      ,3,7,10,9,37,46
00755500,LAKES REGION COMMUNITY COLLEGE          ,NH,03246-1326,Public       ,87,50,137,88,50,138
00756000,RIVER VALLEY COMMUNITY COLLEGE          ,NH,03743-9707,Public       ,42,114,156,185,425,610
00849300,CONTINENTAL ACADEMIE OF HAIR DESIGN     ,NH,03103-4901,Proprietary  ,9,6,15,23,13,36
00864500,EMPIRE BEAUTY SCHOOL                    ,NH,03220-0000,Proprietary  ,35,41,76,78,79,157
00923600,NASHUA COMMUNITY COLLEGE                ,NH,03063-2052,Public       ,187,163,350,575,499,1074
01318900,CONTINENTAL ACADEMIE OF HAIR DESIGN     ,NH,03051-3754,Proprietary  ,13,2,15,42,13,55
02097900,FRANKLIN PIERCE LAW CENTER              ,NH,03301-0000,Private      ,0,31,31,14,682,696
02140400,ST JOSEPH SCH OF PRAC NRSG              ,NH,03060-0000,Private      ,4,25,29,20,105,125
02174800,MICHAEL'S SCHOOL OF HAIR DESIGN & ESTHET,NH,03110-0000,Proprietary  ,23,21,44,66,56,122
02179600,EMPIRE BEAUTY SCHOOL                    ,NH,03878-0000,Proprietary  ,44,48,92,87,91,178
02211600,PORTSMOUTH BTY SCH OF HAIR DESIGN       ,NH,03801-4084,Proprietary  ,10,7,17,26,16,42
02245400,KEENE BEAUTY ACADEMY                    ,NH,03431-0000,Proprietary  ,6,9,15,27,17,44
02247000,NEW ENGLAND SCHOOL OF HAIR DESIGN       ,NH,03784-0000,Proprietary  ,4,18,22,23,36,59
02300200,CONCORD ACADEMY OF HAIR DESIGN          ,NH,03301-0000,Proprietary  ,2,4,6,11,11,22
03043100,THOMAS MORE COLLEGE OF LIBERAL ARTS     ,NH,03054-4818,Private      ,12,3,15,89,12,101
03101300,GRANITE STATE COLLEGE                   ,NH,03301-6400,Public       ,36,243,279,124,970,1094
03182300,NEW HAMPSHIRE INSTITUTE OF ART          ,NH,03104-4858,Private      ,34,10,44,249,64,313
03305300,SECOND START                            ,NH,03301-5706,Private      ,2,32,34,2,59,61
03437300,UPPER VALLEY TEACHER TRANING PROGRAM    ,NH,03766-1358,Private      ,0,6,6,1,38,39
03729300,NH INSTITUTE FOR THERAPEUTIC ARTS       ,NH,03051-4906,Proprietary  ,13,17,30,20,37,57
00267000,BAPTIST BIBLE COLG OF PENNSYLVANIA      ,PA,18411-1297,Private      ,62,36,98,706,132,838
00322800,BRYN ATHYN COLLEGE OF THE NEW CHURCH    ,PA,19009-0717,Private      ,15,2,17,70,3,73
00322900,ALBRIGHT COLLEGE                        ,PA,19612-5234,Private      ,84,89,173,2836,621,3457
00323000,ALLEGHENY COLLEGE                       ,PA,16335-3902,Private      ,40,7,47,3042,60,3102
00323100,COMM CLG OF ALLEGHENY-ALLEGHENY CMP     ,PA,15212-0000,Public       ,369,727,1096,1812,3202,5014
00323101,"COMM CLG OF ALLEGHENY, BOYCE CAMPUS     ",PA,15146-0000,Public       ,163,307,470,1040,1528,2568
00323102,"COMM CLG OF ALLEGHENY, NORTH CAMPUS     ",PA,15237-0000,Public       ,193,208,401,837,842,1679
00323103,"COMM CLG OF ALLEGHENY, SOUTH CAMPUS     ",PA,15122-0000,Public       ,238,327,565,1409,1679,3088
00323300,ALVERNIA UNIVERSITY                     ,PA,19607-1799,Private      ,111,227,338,1483,1076,2559
00323500,ARCADIA UNIVERSITY                      ,PA,19038-3295,Private      ,89,183,272,3273,1260,4533
00323700,BRYN MAWR COLLEGE                       ,PA,19010-2899,Private      ,24,28,52,1375,467,1842
00323800,BUCKNELL UNIVERSITY                     ,PA,17837-2122,Private      ,44,9,53,4883,113,4996
00323900,BUCKS COUNTY COMMUNITY COLLEGE          ,PA,18940-1320,Public       ,423,382,805,2052,1585,3637
00324000,BUTLER COUNTY COMMUNITY COLLEGE         ,PA,16001-0000,Public       ,273,287,560,1318,1153,2471
00324100,CABRINI COLLEGE                         ,PA,19087-3698,Private      ,111,125,236,2218,383,2601
00324200,CARNEGIE MELLON UNIVERSITY              ,PA,15213-3890,Private      ,115,103,218,7394,883,8277
00324201,CARNEGIE MELLON UNIV- THE HEINZ SCH     ,PA,15213-0000,Private      ,8,33,41,476,403,879
00324202,CARNEGIE MELLON- TEPPER SCHOOL OF BUSINE,PA,15213-0000,Private      ,1,88,89,12,556,568
00324300,CEDAR CREST COLLEGE                     ,PA,18104-6196,Private      ,43,111,154,1298,971,2269
00324400,CHATHAM UNIVERSITY                      ,PA,15232-2826,Private      ,28,153,181,579,928,1507
00324500,CHESTNUT HILL COLLEGE                   ,PA,19118-2693,Private      ,83,219,302,1203,1044,2247
00324700,MISERICORDIA  UNIVERSITY                ,PA,18612-1008,Private      ,61,148,209,1673,728,2401
00324900,COMMUNITY COLLEGE OF PHILADELPHIA       ,PA,19130-3991,Public       ,1600,2809,4409,7846,11754,19600
00325100,CURTIS INSTITUTE OF MUSIC               ,PA,19103-6187,Private      ,4,0,4,219,86,305
00325200,DELAWARE VALLEY COLLEGE                 ,PA,18901-2697,Private      ,91,70,161,1928,258,2186
00325300,DICKINSON COLLEGE                       ,PA,17013-2896,Private      ,50,2,52,2816,49,2865
00325400,DICKINSON SCHOOL OF LAW                 ,PA,17013-2899,Private      ,2,47,49,31,1674,1705
00325600,DREXEL UNIVERSITY                       ,PA,19104-2875,Private      ,609,1444,2053,13994,8951,22945
00325800,DUQUESNE UNIVERSITY                     ,PA,15282-0001,Private      ,209,496,705,6554,3551,10105
00325900,EASTERN UNIVERSITY                      ,PA,19087-3696,Private      ,119,366,485,2124,1563,3687
00325908,EASTERN BAPTIST THEOLGCL SEMINARY       ,PA,19096-0000,Private      ,0,34,34,0,117,117
00326200,ELIZABETHTOWN COLLEGE                   ,PA,17022-2298,Private      ,37,49,86,2747,263,3010
00326300,EVANGELICAL SCHOOL OF THEOLOGY          ,PA,17067-0000,Private      ,0,12,12,0,85,85
00326500,FRANKLIN & MARSHALL COLLEGE             ,PA,17604-0000,Private      ,33,3,36,2201,54,2255
00326600,GANNON UNIVERSITY                       ,PA,16541-0001,Private      ,59,146,205,3085,1128,4213
00326700,GENEVA COLLEGE                          ,PA,15010-3599,Private      ,35,151,186,1740,833,2573
00326800,GETTYSBURG COLLEGE                      ,PA,17325-1486,Private      ,40,4,44,3512,53,3565
00326900,GROVE CITY COLLEGE                      ,PA,16127-0000,Private      ,16,3,19,1701,25,1726
00327000,GWYNEDD-MERCY COLLEGE                   ,PA,19437-0901,Private      ,63,214,277,1449,981,2430
00327200,HARCUM COLLEGE                          ,PA,19010-3476,Private      ,65,120,185,466,637,1103
00327300,HARRISBURG AREA COMMUNITY COLLEGE       ,PA,17110-2999,Public       ,972,1541,2513,5443,7760,13203
00327400,HAVERFORD COLLEGE                       ,PA,19041-1392,Private      ,26,0,26,1713,15,1728
00327500,HOLY FAMILY UNIVERSITY                  ,PA,19114-2094,Private      ,90,258,348,1670,1609,3279
00327600,IMMACULATA UNIVERSITY                   ,PA,19345-0647,Private      ,74,261,335,1106,1112,2218
00327700,INDIANA UNIVERSITY OF PENNSYLVANIA      ,PA,15705-1097,Public       ,512,407,919,11154,3142,14296
00327900,JUNIATA COLLEGE                         ,PA,16652-2196,Private      ,37,7,44,1885,78,1963
00328000,KEYSTONE COLLEGE                        ,PA,18440-0200,Private      ,137,100,237,1476,645,2121
00328200,KINGS COLLEGE                           ,PA,18711-0801,Private      ,102,58,160,2538,343,2881
00328300,LACKAWANNA COLLEGE                      ,PA,18509-9961,Private      ,187,122,309,1156,636,1792
00328400,LAFAYETTE COLLEGE                       ,PA,18042-1768,Private      ,30,9,39,3084,43,3127
00328500,LANCASTER BIBLE COLLEGE                 ,PA,17601-5036,Private      ,35,57,92,576,252,828
00328600,LANCASTER THEOLOGICAL SEMINARY          ,PA,17603-0000,Private      ,0,11,11,0,91,91
00328700,LASALLE UNIVERSITY                      ,PA,19141-1199,Private      ,294,438,732,4930,2415,7345
00328800,LEBANON VALLEY COLLEGE                  ,PA,17003-1400,Private      ,33,19,52,2358,174,2532
00328900,LEHIGH UNIVERSITY                       ,PA,18015-1588,Private      ,111,106,217,6583,573,7156
00329000,LINCOLN UNIVERSITY                      ,PA,19352-0999,Public       ,255,233,488,3090,985,4075
00329100,LUTHERAN THEOLOG SEMINARY-GETTYSBRG     ,PA,17325-0000,Private      ,0,15,15,1,149,150
00329200,LUTHERAN THEOLOGICAL SEMINARY           ,PA,19119-0000,Private      ,0,22,22,0,191,191
00329300,LYCOMING COLLEGE                        ,PA,17701-5192,Private      ,30,13,43,1852,105,1957
00329400,MANOR COLLEGE                           ,PA,19046-3399,Private      ,76,102,178,470,456,926
00329600,MARYWOOD UNIVERSITY                     ,PA,18509-1598,Private      ,78,229,307,2111,1379,3490
00329700,MERCYHURST COLLEGE                      ,PA,16546-0001,Private      ,136,183,319,3983,1252,5235
00329800,MESSIAH COLLEGE                         ,PA,17027-0800,Private      ,86,20,106,3221,121,3342
00330000,MOORE COLLEGE OF ART & DESIGN           ,PA,19103-1179,Private      ,45,30,75,612,186,798
00330100,MORAVIAN COLLEGE                        ,PA,18018-6650,Private      ,45,29,74,1944,202,2146
00330101,MORAVIAN THEOLOGICAL SEMINARY           ,PA,18018-0000,Private      ,0,6,6,11,62,73
00330200,MOUNT ALOYSIUS COLLEGE                  ,PA,16630-1999,Private      ,58,114,172,1110,833,1943
00330300,CARLOW COLLEGE                          ,PA,15213-3165,Private      ,31,228,259,1217,1426,2643
00330400,MUHLENBERG COLLEGE                      ,PA,18104-5586,Private      ,52,26,78,2858,173,3031
00330600,VALLEY FORGE CHRISTIAN COLLEGE          ,PA,19460-2399,Private      ,79,40,119,822,223,1045
00330900,PEIRCE COLLEGE                          ,PA,19102-4699,Private      ,70,457,527,279,1737,2016
00331100,PENNSYLVANIA COLLEGE OF OPTOMETRY       ,PA,19027-1598,Private      ,0,7,7,12,776,788
00331300,WIDENER UNIVERSITY                      ,PA,19013-5792,Private      ,210,255,465,3764,1917,5681
00331302,WIDENER UNIV SCH OF LAW- HARRISBURG     ,PA,17106-9381,Private      ,0,71,71,3,798,801
00331500,BLOOMSBURG UNIVERSITY OF PA             ,PA,17815-1301,Public       ,578,228,806,8656,1523,10179
00331600,CALIFORNIA UNIV OF PENNSYLVANIA         ,PA,15419-1394,Public       ,392,536,928,5516,2817,8333
00331700,CHEYNEY UNIVERSITY OF PENNSYLVANIA      ,PA,19319-0200,Public       ,221,170,391,2291,765,3056
00331800,CLARION UNIVERSITY OF PENNSYLVANIA      ,PA,16214-1232,Public       ,310,266,576,4946,1642,6588
00332000,EAST STROUDSBURG UNIVERSITY             ,PA,18301-2999,Public       ,261,148,409,6743,1268,8011
00332100,EDINBORO UNIVERSITY OF PENNSYLVANIA     ,PA,16444-0001,Public       ,423,477,900,5346,2621,7967
00332200,KUTZTOWN UNIVERSITY OF PENNSYLVANIA     ,PA,19530-9339,Public       ,478,197,675,8997,1498,10495
00332300,LOCK HAVEN UNIV OF PENNSYLVANIA         ,PA,17745-2439,Public       ,224,116,340,5032,943,5975
00332400,MANSFIELD UNIVERSITY                    ,PA,16933-1123,Public       ,224,180,404,2854,1046,3900
00332500,MILLERSVILLE UNIVERSITY OF PA           ,PA,17551-1800,Public       ,271,183,454,7048,1539,8587
00332600,SHIPPENSBURG UNIVERSITY                 ,PA,17257-2299,Public       ,423,173,596,6578,1129,7707
00332700,SLIPPERY ROCK UNIVERSITY                ,PA,16057-1326,Public       ,286,240,526,7101,1711,8812
00332800,WEST CHESTER UNIVERSITY                 ,PA,19383-0001,Public       ,497,356,853,11365,2620,13985
00332900,PENN STATE UNIVERSITY                   ,PA,16802-1503,Public       ,2943,1970,4913,58757,13848,72605
00332901,PENN STATE UNIV-HERSHEY MEDCL CTR       ,PA,17033-0000,Public       ,1,25,26,54,1032,1086
00335000,UNIVERSITY OF THE ARTS (THE)            ,PA,19102-9493,Private      ,163,55,218,2808,480,3288
00335100,PHILADELPHIA BIBLICAL UNIVERSITY        ,PA,19047-2942,Private      ,63,158,221,848,463,1311
00335200,PHILADELPHIA CLG OSTEOPATHIC MED        ,PA,19131-0000,Private      ,0,190,190,19,2261,2280
00335300,UNIVERSITY OF THE SCIENCES IN PHILADELPH,PA,19104-4495,Private      ,100,79,179,2975,737,3712
00335400,PHILADELPHIA UNIVERSITY                 ,PA,19144-5497,Private      ,134,124,258,3505,716,4221
00335600,PITTSBURGH THEOLOGICAL SEMINARY         ,PA,15206-0000,Private      ,0,17,17,0,204,204
00335700,POINT PARK UNIVERSITY                   ,PA,15222-1912,Private      ,166,389,555,2523,1819,4342
00335800,REFORMED PRESBYTERIAN THEOL SEMINAR     ,PA,15208-0000,Private      ,0,15,15,0,35,35
00335900,ROBERT MORRIS UNIVERSITY                ,PA,15108-1189,Private      ,172,362,534,3441,1806,5247
00336000,ROSEMONT COLLEGE                        ,PA,19010-1699,Private      ,22,119,141,482,424,906
00336200,SETON HILL UNIVERSITY                   ,PA,15601-1599,Private      ,71,94,165,1659,668,2327
00336400,ST. CHARLES BORROMEO SEMINARY           ,PA,19096-0000,Private      ,3,24,27,28,47,75
00336600,SAINT FRANCIS UNIVERSITY                ,PA,15940-0600,Private      ,54,88,142,1723,499,2222
00336700,SAINT JOSEPH'S UNIVERSITY               ,PA,19131-1395,Private      ,289,362,651,5500,1432,6932
00336800,ST VINCENT COLLEGE                      ,PA,15650-2690,Private      ,41,44,85,1808,248,2056
00336900,SUSQUEHANNA UNIVERSITY                  ,PA,17870-1001,Private      ,42,10,52,2284,78,2362
00337000,SWARTHMORE COLLEGE                      ,PA,19081-1397,Private      ,43,2,45,2455,35,2490
00337100,TEMPLE UNIV - MAIN CAMPUS               ,PA,19122-6003,Private      ,1045,765,1810,23173,6120,29293
00337101,TEMPLE UNIV - SCHOOL OF LAW             ,PA,19122-0000,Private      ,3,62,65,53,2167,2220
00337102,TEMPLE UNIV - SCHOOL OF MEDICINE        ,PA,19140-0000,Private      ,7,25,32,90,1193,1283
00337103,TEMPLE UNIV - SCHOOL OF DENTISTRY       ,PA,19140-0000,Private      ,3,25,28,18,581,599
00337104,TEMPLE UNIV - AMBLER CAMPUS             ,PA,19002-0000,Private      ,66,89,155,818,583,1401
00337105,TEMPLE UNIV - SCH OF ALLIED HEALTH      ,PA,19140-0000,Private      ,9,41,50,325,339,664
00337106,TEMPLE UNIV - SCHOOL OF PHARMACY        ,PA,19140-0000,Private      ,12,39,51,333,618,951
00337107,TEMPLE UNIV - TYLER SCHOOL OF ART       ,PA,19122-0000,Private      ,25,22,47,716,284,1000
00337108,TEMPLE UNIV - GRAD DIV HEALTH SCI       ,PA,19140-0000,Private      ,5,46,51,70,353,423
00337109,TEMPLE UNIV - GRADUATE DIVISION         ,PA,19122-0000,Private      ,7,425,432,134,2514,2648
00337111,TEMPLE UNIV-SCH OF PODIATRIC MED        ,PA,19107-0000,Private      ,1,21,22,8,305,313
00337600,THIEL COLLEGE                           ,PA,16125-2181,Private      ,102,29,131,1551,132,1683
00337800,UNIVERSITY OF PENNSYLVANIA              ,PA,19104-6216,Private      ,254,1024,1278,11473,10167,21640
00337900,UNIVERSITY OF PITTSBURGH                ,PA,15260-0000,Public       ,1047,1273,2320,21760,8904,30664
00337906,UNIVERSITY OF PITTSBURGH - SCHOOL OF MED,PA,15261-0001,Public       ,4,19,23,48,925,973
00337907,UNIVERSITY OF PITTSBURGH - SCHOOL OF DEN,PA,15261-2523,Public       ,2,0,2,21,371,392
00338400,UNIVERSITY OF SCRANTON                  ,PA,18510-4622,Private      ,164,361,525,5510,1234,6744
00338500,URSINUS COLLEGE                         ,PA,19426-2562,Private      ,35,8,43,2762,71,2833
00338600,VALLEY FORGE MILITARY COLLEGE           ,PA,19087-3695,Private      ,28,6,34,196,16,212
00338800,VILLANOVA UNIVERSITY                    ,PA,19085-1699,Private      ,121,210,331,9562,1490,11052
00338801,VILLANOVA UNIV SCH OF LAW               ,PA,19085-0000,Private      ,0,52,52,10,1434,1444
00338900,WASHINGTON & JEFFERSON COLLEGE          ,PA,15301-4801,Private      ,61,3,64,2325,44,2369
00339100,WAYNESBURG UNIVERSITY                   ,PA,15370-1222,Private      ,53,170,223,1705,667,2372
00339200,WESTMINSTER COLLEGE                     ,PA,16172-0002,Private      ,51,16,67,1747,108,1855
00339300,WESTMINSTER THEOLOGICAL SEMINARY        ,PA,19038-0000,Private      ,0,40,40,2,217,219
00339400,WILKES UNIVERSITY                       ,PA,18766-0998,Private      ,91,115,206,3090,694,3784
00339500,PENNSYLVANIA COLLEGE OF TECHNOLOGY      ,PA,17701-5779,Public       ,291,211,502,5117,1959,7076
00339600,WILSON COLLEGE                          ,PA,17201-1285,Private      ,17,68,85,328,335,663
00339900,YORK COLLEGE OF PENNSYLVANIA            ,PA,17405-7199,Private      ,224,128,352,5055,949,6004
00398600,DESALES UNIVERSITY                      ,PA,18034-9568,Private      ,74,142,216,2057,835,2892
00398700,LA ROCHE COLLEGE                        ,PA,15237-5898,Private      ,67,55,122,1052,425,1477
00398800,NEUMANN COLLEGE                         ,PA,19014-1298,Private      ,188,209,397,2365,792,3157
00405800,GRATZ COLLEGE                           ,PA,19027-3097,Private      ,0,30,30,1,78,79
00445200,MONTGOMERY COUNTY COMMUNITY COLLEGE     ,PA,19422-6300,Public       ,448,502,950,2269,2333,4602
00488600,ELECTRONIC INSTITUTES                   ,PA,17057-9984,Private      ,0,0,0,1,1,2
00488700,BRANDYWINE SCHOOL OF NURSING            ,PA,19320-1536,Proprietary  ,0,8,8,35,64,99
00488900,CAMBRIA-ROWE BUSINESS COLLEGE           ,PA,15902-2494,Proprietary  ,28,38,66,186,261,447
00489000,CENTRAL PENNSYLVANIA COLLEGE            ,PA,17093-0309,Proprietary  ,60,78,138,975,508,1483
00489300,DU BOIS BUSINESS COLLEGE                ,PA,15801-2401,Proprietary  ,31,51,82,204,245,449
00489400,ERIE BUSINESS CENTER                    ,PA,16501-1305,Proprietary  ,32,124,156,114,428,542
00489401,ERIE BUSINESS CENTER SOUTH              ,PA,16101-0000,Proprietary  ,10,35,45,41,104,145
00489800,MCCANN SCHOOL OF BUSINESS & TECHNOL     ,PA,17901-1335,Proprietary  ,149,297,446,597,1307,1904
00489900,MERCY HOSP SCH OF NURSING               ,PA,15219-5166,Private      ,4,7,11,99,75,174
00490100,NEWPORT BUSINESS INSTITUTE              ,PA,15068-3929,Proprietary  ,1,16,17,25,62,87
00490200,PENN COMMERCIAL BUSINESS/TECHNICAL SCHL ,PA,15301-2871,Proprietary  ,59,91,150,221,366,587
00491000,KAPLAN CAREER INSTITUTE                 ,PA,17111-3571,Proprietary  ,35,123,158,240,449,689
00491001,THOMPSON INSTITUTE-PHILADEPHIA CAMPUS   ,PA,19104-3386,Proprietary  ,111,334,445,207,798,1005
00491002,THOMPSON INSTITUTE-CHAMBERSBURG         ,PA,17201-0000,Proprietary  ,0,0,0,1,0,1
00491400,NEWPORT BUSINESS INSTITUTE              ,PA,17701-5855,Proprietary  ,9,30,39,48,118,166
00500701,WEST VIRGINIA CAREER INSTITUTE          ,PA,15456-0000,Proprietary  ,14,47,61,76,162,238
00531000,PITTSBURGH INST OF AERONAUTICS          ,PA,15236-0000,Private      ,38,26,64,185,119,304
00533000,FAYETTE CNTY AREA VOC TECH PRC NRSG     ,PA,15401-0000,Public       ,5,5,10,15,88,103
00533500,CENTRAL PENN INST OF SCI & TECH PNP     ,PA,16823-0000,Public       ,7,9,16,22,64,86
00534100,UPPER BUCKS CO AREA VOC-TECH SCHOOL     ,PA,18944-0000,Public       ,0,0,0,1,3,4
00536500,YORK CO AREA VOC-TECH SCH-PRAC NSG      ,PA,17402-0000,Public       ,6,39,45,18,85,103
00594200,UPMC PRESBYTERIAN SCH OF RADIOLOGIC     ,PA,15213-2582,Private      ,4,13,17,33,35,68
00594600,SCHOOL OF RADIOLOGIC TECHNOLOGY AT ST. C,PA,19134-1995,Proprietary  ,1,4,5,35,42,77
00653400,CITIZENS SCHOOL OF NURSING              ,PA,15068-6591,Private      ,6,9,15,39,103,142
00653700,CONEMAUGH VLY MEM HOSP SCH NRSNG        ,PA,15905-4398,Private      ,6,8,14,90,99,189
00653702,CONEMAUGH HOSP- SCH HISTOTECHNOLOGY     ,PA,15905-0000,Private      ,1,1,2,6,2,8
00653704,CONEMAUGH VLY MEM HOSP SCH RAD TECH     ,PA,15905-0000,Private      ,2,1,3,29,18,47
00653706,CONEMAUGH VLY MEM HOSP SCH  MED TECH    ,PA,15905-4398,Private      ,0,0,0,5,3,8
00653900,EPISCOPAL HOSPITAL SCHL OF NURSING      ,PA,19125-1000,Private      ,2,37,39,46,275,321
00655100,ST MARGARET SCHL OF NURSING             ,PA,15238-3205,Private      ,9,21,30,64,148,212
00656000,OHIO VALLEY HOSP SCH OF NURSING         ,PA,15136-1694,Private      ,3,8,11,19,55,74
00656500,READING HOSPITAL SCHOOL OF HEALTH SCIENC,PA,19611-1744,Private      ,9,26,35,145,272,417
00657400,"ST LUKE'S HOSPITAL OF BETHLEHEM, PA     ",PA,18015-1065,Private      ,1,5,6,74,116,190
00657600,SEWICKLEY VALLEY HOSP SCH NRSNG         ,PA,15143-1498,Private      ,2,6,8,49,85,134
00657602,HVHS SCHOOL OF RADIOLOGIC TECHNOLOGY    ,PA,15143-0000,Private      ,0,1,1,12,8,20
00657700,UPMC SHADYSIDE SCHOOL OF NURSING        ,PA,15232-1381,Private      ,10,64,74,87,291,378
00657800,SHARON REGIONAL SCHOOL OF NURSING       ,PA,16146-3395,Private      ,1,9,10,23,66,89
00658200,WASHINGTON HOSP SCH OF NURSING          ,PA,15301-3398,Private      ,4,11,15,70,143,213
00658202,WASHINGTON HOSP SCH OF RAD TECH         ,PA,15301-3398,Private      ,3,4,7,21,19,40
00658300,WESTERN PENN HOSP-SCH OF NURSING        ,PA,15224-1790,Private      ,7,11,18,113,109,222
00680700,COMMUNITY COLLEGE OF BEAVER COUNTY      ,PA,15061-2588,Public       ,184,259,443,919,994,1913
00681000,LEHIGH CARBON COMMUNITY COLLEGE         ,PA,18078-2598,Public       ,350,370,720,2286,1994,4280
00681100,LUZERNE COUNTY COMMUNITY COLLEGE        ,PA,18634-3899,Public       ,429,468,897,2463,2165,4628
00708700,ABINGTON MEM HOSP SCHL OF NURSING       ,PA,19090-1284,Private      ,3,16,19,90,147,237
00709000,METHODIST HOSPITAL SCH OF NURSING       ,PA,19148-3594,Private      ,2,6,8,13,29,42
00709100,EVEREST INSTITUTE                       ,PA,15222-1320,Proprietary  ,46,179,225,166,727,893
00711000,DELAWARE COUNTY COMMUNITY COLLEGE       ,PA,19063-1094,Public       ,564,691,1255,2759,3097,5856
00719100,NORTHAMPTON COMMUNITY COLLEGE           ,PA,18020-7599,Public       ,451,503,954,3207,2730,5937
00739802,KATHERINE GIBBS-PHILADELPHIA            ,PA,19403-2422,Proprietary  ,5,3,8,51,42,93
00743000,ANTONELLI INST OF ART & PHOTOGRAPHY     ,PA,19038-8242,Proprietary  ,29,4,33,209,20,229
00743600,KAPLAN CAREER INSTITUTE - ICM CAMPUS    ,PA,15222-1977,Proprietary  ,101,250,351,473,1251,1724
00743700,PITTSBURGH TECHNICAL INSTITUTE          ,PA,15071-3205,Proprietary  ,164,118,282,2106,747,2853
00746900,"HUSSIAN SCHOOL OF ART, INC.             ",PA,19106-0000,Proprietary  ,30,3,33,160,16,176
00747000,"ART INSTITUTE OF PITTSBURGH, THE        ",PA,15219-1328,Proprietary  ,715,2317,3032,4015,7029,11044
00752900,CTR ART TCH BRDYWN CMPS PRC NRS PRG     ,PA,19320-2459,Public       ,6,25,31,19,111,130
00775900,LINCOLN TECHNICAL INSTITUTE             ,PA,18104-3298,Proprietary  ,71,95,166,324,379,703
00777900,LANSDALE SCHOOL OF BUSINESS             ,PA,19454-4148,Proprietary  ,23,63,86,74,230,304
00778000,NEW CASTLE SCHOOL OF TRADES             ,PA,16143-9721,Proprietary  ,37,100,137,170,367,537
00778100,CHI INSTITUTE/RETS CAMPUS               ,PA,19008-3516,Proprietary  ,97,207,304,274,827,1101
00782600,BEREAN INSTITUTE                        ,PA,19130-1526,Private      ,41,36,77,85,65,150
00783200,LINCOLN TECH INSTITUTE                  ,PA,19136-1595,Proprietary  ,135,112,247,408,377,785
00783900,TRIANGLE TECH                           ,PA,15214-3897,Proprietary  ,60,76,136,221,227,448
00791200,THADDEUS STEVENS CLG OF TECHNOLOGY      ,PA,17602-0000,Public       ,67,26,93,757,220,977
00791600,FRANKLIN CNTY CAREER & TECH CTR-PNP     ,PA,17201-0000,Public       ,1,4,5,6,24,30
00820000,JAMESON MEMORIAL HOSP SCH NURSING       ,PA,16105-2595,Private      ,2,7,9,50,98,148
00826301,AWARD BEAUTY SCHOOL - CHAMBERSBURG BEAUT,PA,17201-2435,Proprietary  ,2,1,3,3,2,5
00835000,ART INSTITUTE OF PHILADELPHIA           ,PA,19103-5198,Proprietary  ,535,319,854,3346,1520,4866
00844100,ANTHEM INSTITUTE                        ,PA,19064-1243,Proprietary  ,145,258,403,305,575,880
00856800,VET TECH INSTITUTE                      ,PA,15222-3400,Proprietary  ,44,24,68,274,100,374
00865300,JEFFERSON CO DUBOIS VOC TECH-PR NSG     ,PA,15851-0000,Public       ,2,16,18,15,58,73
00888900,LEHIGH VALLEY COLLEGE                   ,PA,18034-8447,Proprietary  ,115,121,236,779,689,1468
00895500,PRUONTOS HAIR DESIGN INSTITUTE & BEAUTY ,PA,16602-0000,Proprietary  ,11,5,16,23,13,36
00918600,DEAN INSTITUTE OF TECHNOLOGY            ,PA,15226-1197,Proprietary  ,19,39,58,44,103,147
00944900,PENNCO TECH                             ,PA,19007-0000,Proprietary  ,110,110,220,327,340,667
00966400,EMPIRE BEAUTY SCHOOL                    ,PA,18052-5730,Proprietary  ,80,108,188,156,243,399
00966500,EMPIRE BEAUTY SCHOOL                    ,PA,17109-2210,Proprietary  ,24,43,67,83,132,215
00966600,EMPIRE BEAUTY SCHOOL                    ,PA,19605-2803,Proprietary  ,36,65,101,94,155,249
00972100,BRADFORD SCHOOL                         ,PA,15219-2602,Proprietary  ,42,19,61,566,84,650
00972300,FRANKFORD HOSP SCH OF NURSING           ,PA,19124-2696,Private      ,14,37,51,200,253,453
00973700,UPHS PRESBYTERIAN MC SCH PRACTL NRS     ,PA,19104-2692,Private      ,0,3,3,0,6,6
00978300,GORDON PHILLIPS SCH OF BEAUTY CULT      ,PA,19135-0000,Proprietary  ,55,77,132,150,215,365
00986300,LANCASTER GENERAL COLLEGE OF NURSING AND,PA,17602-4955,Private      ,20,47,67,197,283,480
01000600,GREATER JOHNSTOWN AREA VOC TECH SCH     ,PA,15904-0000,Public       ,13,46,59,45,142,187
01005500,CRAWFORD CNTY AREA VO-TECH PRAC NUR     ,PA,16335-0000,Public       ,0,1,1,5,33,38
01017600,WESTMORELAND COUNTY COMMUNITY CLG       ,PA,15697-1895,Public       ,440,575,1015,1772,2082,3854
01038800,READING AREA COMMUNITY COLLEGE          ,PA,19603-1706,Public       ,308,659,967,1159,2177,3336
01054100,EMPIRE BEAUTY SCHOOL                    ,PA,15146-2229,Proprietary  ,66,75,141,168,215,383
01054200,EMPIRE BEAUTY SCHOOL                    ,PA,18701-0000,Proprietary  ,22,32,54,142,131,273
01054300,EMPIRE BEAUTY SCHOOL                    ,PA,17701-3914,Proprietary  ,44,45,89,110,134,244
01081400,PITTSBURGH INST MORTUARY SCIENCE        ,PA,15206-3706,Private      ,6,21,27,58,115,173
01086000,GREATER ALTOONA CAREER/TECH CENTER      ,PA,16602-0000,Public       ,18,42,60,54,132,186
01096300,GREENE COUNTY VOC-TECH SCHOOL           ,PA,15370-0000,Public       ,1,0,1,5,44,49
01097000,EMPIRE BEAUTY SCHOOL                    ,PA,17042-5209,Proprietary  ,7,10,17,20,19,39
01099800,PENNSYLVANIA INSTITUTE OF TECH          ,PA,19063-4098,Private      ,134,188,322,290,339,629
01102000,EMPIRE BEAUTY SCHOOL                    ,PA,17604-4335,Proprietary  ,14,14,28,55,59,114
01102100,EMPIRE BEAUTY SCHOOL                    ,PA,17402-2862,Proprietary  ,51,103,154,128,223,351
01162100,AUTOMOTIVE TRAINING CENTER              ,PA,19341-1310,Proprietary  ,96,39,135,582,138,720
01162200,WELDER TRAINING & TESTING INST          ,PA,18109-3253,Proprietary  ,7,5,12,8,5,13
01163800,EMPIRE BEAUTY SCHOOL                    ,PA,17876-0000,Proprietary  ,12,11,23,40,38,78
01171500,POTTSVILLE HOSPITAL SCHOOL OF NURSING   ,PA,17901-3692,Private      ,0,2,2,37,48,85
01191900,BEAVER FALLS BEAUTY ACADEMY             ,PA,15010-4208,Proprietary  ,7,10,17,16,27,43
01205000,ROSEDALE TECHNICAL INSTITUTE            ,PA,15205-9791,Private      ,23,18,41,157,138,295
01239300,THOMAS JEFF UNIV-CLG ALLIED HEALTH      ,PA,19107-0000,Private      ,18,56,74,338,584,922
01239301,JEFFERSON MED CLG-T. JEFFERSON UNIV     ,PA,19107-5587,Private      ,6,33,39,122,1222,1344
01239303,THOMAS JEFFERSON UNIV-GRADUATE COLG     ,PA,19107-0000,Private      ,5,109,114,116,733,849
01246104,LINCOLN TECHNICAL INSTITUTE             ,PA,19104-0202,Proprietary  ,96,250,346,214,507,721
01246105,LINCOLN TECHNICAL INSTITUTE             ,PA,19116-4202,Proprietary  ,48,110,158,155,308,463
01246106,THE CITTONE INSTITUTE                   ,PA,19462-1326,Proprietary  ,43,93,136,137,305,442
01252300,TALMUDICAL YESHIVA OF PHILA             ,PA,19131-1296,Private      ,0,0,0,2,0,2
01260500,EMPIRE BEAUTY SCHOOL                    ,PA,17331-2405,Proprietary  ,15,18,33,55,43,98
01260600,EMPIRE BEAUTY SCHOOL                    ,PA,17901-2505,Proprietary  ,27,90,117,62,172,234
01260700,EMPIRE BEAUTY SCHOOL                    ,PA,16801-5218,Proprietary  ,5,5,10,14,19,33
01292900,SOUTH HILLS BEAUTY ACADEMY              ,PA,15216-2335,Proprietary  ,16,28,44,26,40,66
01301500,GORDON PHILLIPS SCH BEAUTY CULTURE      ,PA,19102-2701,Proprietary  ,94,117,211,184,311,495
01313400,YESHIVATH BETH MOSHE                    ,PA,18505-2196,Private      ,9,0,9,13,0,13
01321400,ROXBOROUGH MEM HOSP SCH OF NURSING      ,PA,19128-0000,Proprietary  ,1,10,11,41,166,207
01326300,SOUTH HILLS SCH OF BUS & TECHNOLOGY     ,PA,16801-4516,Proprietary  ,58,77,135,460,404,864
01326304,SOUTH HILLS SCHOOL OF BUSINESS & TECHNOL,PA,16602-1188,Proprietary  ,3,1,4,34,29,63
02061000,VENUS BEAUTY ACADEMY                    ,PA,19079-0000,Proprietary  ,52,28,80,71,39,110
02068300,DOUGLAS SCHOOL OF BUSINESS              ,PA,15062-0000,Proprietary  ,43,43,86,182,185,367
02090200,TRIANGLE TECH                           ,PA,16502-0000,Proprietary  ,19,42,61,108,136,244
02092500,LAUREL TECHNICAL INSTITUTE              ,PA,16146-0000,Proprietary  ,7,19,26,22,92,114
02092502,BUSINESS INSTITUTE OF PENNSYLVANIA      ,PA,16335-0000,Proprietary  ,1,16,17,12,87,99
02107300,PENNSYLVANIA ACADEMY OF FINE ARTS       ,PA,19102-1424,Private      ,8,13,21,137,204,341
02112200,GREAT LAKES INSTITUTE OF TECHNOLOGY     ,PA,16509-0000,Proprietary  ,69,122,191,206,281,487
02114200,JOHNSON COLLEGE                         ,PA,18508-0000,Private      ,65,30,95,339,124,463
02116001,SANFORD-BROWN INSTITUTE - TREVOSE       ,PA,19053-4700,Proprietary  ,124,263,387,284,774,1058
02118000,LEVITTOWN BEAUTY ACADEMY LLC            ,PA,19054-1713,Proprietary  ,22,29,51,33,41,74
02119300,PA ACAD OF COSMETOLOGY ARTS & SCI       ,PA,15904-0000,Proprietary  ,9,23,32,41,59,100
02119301,PA ACAD OF COSMTLGY ARTS & SCI          ,PA,15801-0000,Proprietary  ,1,1,2,6,2,8
02120800,"YORKTOWNE BUSINESS INSTITUTE, INC.      ",PA,17404-0000,Proprietary  ,20,31,51,105,265,370
02127400,YORK TECHNICAL INSTITUTE                ,PA,17402-0000,Proprietary  ,127,158,285,1257,953,2210
02129000,TRIANGLE TECH                           ,PA,15601-0000,Proprietary  ,52,64,116,273,219,492
02129001,TRIANGLE TECH - BUSINESS CAREERS INSTITU,PA,15601-3304,Proprietary  ,1,1,2,1,3,4
02144000,"VISION ACADEMY, THE                     ",PA,18103-0000,Proprietary  ,17,16,33,36,31,67
02147800,SCHUYLKILL INST BUSINESS & TECHNLGY     ,PA,17901-0000,Proprietary  ,1,9,10,47,89,136
02149000,EMPIRE BEAUTY SCHOOL                    ,PA,19341-2804,Proprietary  ,47,39,86,88,96,184
02151500,CENTRAL SUSQUEHANNA LPN CENTER          ,PA,17847-0000,Public       ,1,9,10,24,133,157
02153500,OAKBRIDGE ACADEMY OF ARTS               ,PA,15068-0000,Proprietary  ,9,6,15,59,23,82
02158300,JUNIATA-MIFFLIN CO AREA VOC TECH        ,PA,17044-0000,Public       ,4,6,10,16,47,63
02161400,NORTHEASTERN HOSP SCH OF NRSG           ,PA,19134-0000,Private      ,2,8,10,31,126,157
02169600,CLEARFIELD CTY CAREER AND TECH CNTR     ,PA,16830-0000,Public       ,4,10,14,18,51,69
02174400,TRIANGLE TECH                           ,PA,15801-0000,Proprietary  ,38,45,83,288,241,529
02178900,ACADEMY OF HAIR DESIGN                  ,PA,18202-1465,Proprietary  ,6,6,12,11,11,22
02183000,ORLEANS TECHNICAL INSTITUTE             ,PA,19111-0000,Private      ,53,174,227,121,367,488
02186705,HARRISON CAREER INSTITUTE               ,PA,18704-0000,Proprietary  ,0,0,0,0,2,2
02192800,WALNUT HILL COLLEGE                     ,PA,19104-0000,Proprietary  ,57,33,90,461,187,648
02202300,SANFORD-BROWN INSTITUTE                 ,PA,15219-1907,Proprietary  ,36,90,126,284,559,843
02202301,SANFORD-BROWN INSTITUTE                 ,PA,15146-2141,Proprietary  ,48,86,134,261,410,671
02203900,ERIE INSTITUTE OF TECHNOLOGY            ,PA,16565-1002,Proprietary  ,16,22,38,103,111,214
02206200,AMBLER BEAUTY ACADEMY                   ,PA,19002-0000,Proprietary  ,13,19,32,24,30,54
02206300,STROUDSBURG SCHOOL OF COSMETOLOGY       ,PA,18360-0000,Proprietary  ,3,10,13,14,26,40
02212700,LANCASTER SCHOOL OF COSMETOLOGY         ,PA,17602-0000,Proprietary  ,15,31,46,32,78,110
02213400,PROFESSIONAL SKILLS CAREER ACADEMY      ,PA,16148-0000,Proprietary  ,5,7,12,17,15,32
02234200,ACADEMY OF MEDICAL ARTS & BUSINESS      ,PA,17112-0000,Proprietary  ,7,38,45,71,146,217
02251200,SCHUYLKILL COUNTY AREA VOC TECH SCH     ,PA,17931-0000,Public       ,10,17,27,27,98,125
02251202,SCHUYLKILL COUNTY AREA VOC TECH SCH     ,PA,17931-0000,Public       ,7,17,24,18,33,51
02253900,BERKS TECHNICAL INSTITUTE               ,PA,19610-0000,Proprietary  ,50,93,143,386,497,883
02255200,PENNSYLVANIA SCHOOL OF BUSINESS         ,PA,18101-1604,Proprietary  ,51,61,112,108,234,342
02269900,PENNSYLVANIA COLLEGE OF ART & DESIGN    ,PA,17603-3528,Private      ,16,11,27,279,55,334
02270500,BUCKS COUNTY SCHOOL OF BEAUTY CULT      ,PA,19053-0000,Proprietary  ,9,14,23,28,27,55
02273400,RECONSTRUCTIONIST RABBINICAL COLLEG     ,PA,19095-0000,Private      ,0,21,21,0,40,40
02276600,HANOVER PUBLIC SCH DIST PRAC NURSG      ,PA,17331-0000,Public       ,0,10,10,9,34,43
02282500,LENAPE SCHOOL OF PRACTICAL NURSING      ,PA,16226-0000,Public       ,6,23,29,33,131,164
02288800,EMPIRE BEAUTY SCHOOL                    ,PA,18974-4508,Proprietary  ,18,16,34,44,43,87
02289500,PACE INSTITUTE                          ,PA,19601-0000,Proprietary  ,12,53,65,34,178,212
02289600,CONSOLIDATED SCHOOL OF BUSINESS         ,PA,17404-0000,Proprietary  ,4,22,26,54,116,170
02289700,ACADEMY OF CREATIVE HAIR DESIGN         ,PA,18702-0000,Proprietary  ,18,16,34,32,32,64
02289800,CHI INSTITUTE - FRANKLIN MILLS          ,PA,19154-0000,Proprietary  ,110,213,323,304,511,815
02290400,"ALTOONA BEAUTY SCHOOL, INC              ",PA,16602-0000,Proprietary  ,8,13,21,23,33,56
02292700,LANSDALE SCHOOL OF COSMETOLOGY          ,PA,19446-0000,Proprietary  ,9,12,21,15,21,36
02299300,TRINITY EPISCOPAL SCHOOL MINISTRY       ,PA,15003-0000,Private      ,0,14,14,0,40,40
02301300,PJA SCHOOL (THE)                        ,PA,19082-1917,Proprietary  ,13,42,55,55,260,315
02304400,YTI CAREER INSTITUTE - MECHANICSBURG    ,PA,17055-0000,Proprietary  ,62,111,173,187,364,551
02306200,VENANGO COUNTY AREA VOC TECH SCHOOL     ,PA,16301-0000,Public       ,1,3,4,13,27,40
02310800,LANCASTER COUNTY CAREER & TECH CTR      ,PA,17584-0000,Public       ,34,110,144,87,287,374
02330300,LEBANON CO CAREER & TECHNOLOGY CTR      ,PA,17042-0000,Public       ,3,18,21,20,102,122
02330600,PENNSYLVANIA GUNSMITH SCHOOL            ,PA,15202-0000,Proprietary  ,1,5,6,18,30,48
02350100,WESTERN AREA CAREER & TECHNOLOGY CT     ,PA,15317-0000,Public       ,0,2,2,13,74,87
02350200,INDIANA COUNTY TECH CTR SCH PR NSG      ,PA,15701-1465,Public       ,7,14,21,18,33,51
02353100,NORTHERN TIER CAREER CENTER             ,PA,18848-0000,Public       ,0,7,7,12,49,61
02361002,ITT TECHNICAL INSTITUTE                 ,PA,19406-0000,Proprietary  ,55,93,148,243,296,539
02362300,MERCER COUNTY AREA VOC TECH SCHOOL      ,PA,16137-0000,Public       ,2,9,11,18,60,78
02492500,DELAWARE VLY ACAD MED DNTL ASSTS        ,PA,19114-0000,Proprietary  ,39,108,147,41,110,151
02492600,EASTERN CTR ARTS AND TECH PR NSG        ,PA,19090-0000,Public       ,7,34,41,14,109,123
02495500,ALL-STATE CAREER SCHOOL                 ,PA,19029-0000,Proprietary  ,38,249,287,69,501,570
02529800,WILKES BARRE AREA CAREER AND TECHNICAL C,PA,18705-0000,Public       ,7,36,43,32,141,173
02530400,CLEARFIELD BEAUTY ACADEMY               ,PA,16830-0000,Proprietary  ,0,0,0,1,1,2
02536600,COMMONWEALTH TECH INSTIT @ HIRAM G      ,PA,15905-0000,Public       ,63,29,92,213,120,333
02539900,STAR TECHNICAL INSTITUTE                ,PA,19082-0000,Proprietary  ,10,62,72,24,165,189
02544300,BUTLER BEAUTY SCHOOL                    ,PA,16001-0000,Proprietary  ,16,28,44,46,87,133
02545000,LAWRENCE COUNTY CAREER AND TECHNICAL CEN,PA,16101-0000,Public       ,2,9,11,10,54,64
02546200,LAUREL BUSINESS INSTITUTE               ,PA,15401-0877,Proprietary  ,33,56,89,160,240,400
02550000,CLARION CO AREA VOC-TECH PRAC NRSG      ,PA,16254-0000,Public       ,7,22,29,15,48,63
02554500,HAZLETON AREA CAREER CENTER PRACTICAL NU,PA,18201-0000,Public       ,0,6,6,18,43,61
02557800,ART INSTITUTE OF YORK (THE) - PENNSYLVAN,PA,17402-9012,Proprietary  ,88,36,124,595,191,786
02558701,PRISM CAREER INSTITUTE - PHL CAMPUS     ,PA,19152-0000,Proprietary  ,1,1,2,3,7,10
02566400,ALBERT EINSTEIN MED CTR DEPT DNTL       ,PA,19141-3098,Private      ,1,4,5,8,8,16
02574800,PENNSYLVANIA INSTITUTE OF TAXIDERMY     ,PA,15931-0000,Proprietary  ,5,7,12,9,22,31
02609500,CAREER TRAINING ACADEMY                 ,PA,15068-6308,Proprietary  ,26,56,82,77,177,254
02609501,CAREER TRAINING ACADEMY                 ,PA,15146-0000,Proprietary  ,0,0,0,10,5,15
02615400,STAR TECHNICAL INSTITUTE                ,PA,19114-2204,Proprietary  ,48,142,190,97,373,470
02616100,JEAN MADELINE ED CTR FOR COSM           ,PA,19147-1542,Proprietary  ,52,37,89,244,156,400
03006800,PENNSYLVANIA CULINARY INSTITUTE         ,PA,15222-3511,Proprietary  ,252,362,614,1218,1117,2335
03010800,TRI-STATE BUSINESS INSTITUTE            ,PA,16506-1013,Proprietary  ,73,228,301,431,1417,1848
03011500,ALLIED MEDICAL AND TECHNICAL INSTITUTE  ,PA,18702-0000,Proprietary  ,33,84,117,111,179,290
03011600,ALLIED MEDICAL AND TECHNICAL INSTITUTE  ,PA,18509-2903,Proprietary  ,46,99,145,127,194,321
03021001,HARRISON CAREER INSTITUTE.              ,PA,18103-0000,Proprietary  ,8,28,36,9,32,41
03029900,CONSOLIDATED SCHOOL OF BUSINESS         ,PA,17603-2389,Proprietary  ,16,40,56,87,169,256
03031600,DPT BUSINESS SCHOOL                     ,PA,19116-3961,Proprietary  ,39,264,303,72,569,641
03031601,DPT BUSINESS SCHOOL                     ,PA,19106-0000,Proprietary  ,29,148,177,62,315,377
03067000,ANTONELLI MEDICAL & PROF INST           ,PA,19464-9244,Proprietary  ,3,23,26,6,38,44
03072400,ALL-STATE CAREER SCHOOL                 ,PA,15122-1000,Proprietary  ,3,59,62,9,126,135
03072600,DCI CAREER INSTITUTE                    ,PA,15061-2307,Proprietary  ,13,41,54,22,113,135
03081900,YTI CAREER INSTITUTE - ALTOONA          ,PA,16602-4457,Proprietary  ,29,84,113,112,315,427
03085200,HARRISON CAREER INSTITUTE               ,PA,19103-5402,Proprietary  ,6,35,41,6,45,51
03090800,LAKE ERIE COLL OF OSTEOPATHIC MED       ,PA,16509-0000,Private      ,8,149,157,121,2132,2253
03098600,CAREER TECH CTR OF LACKAWANNA CNTY      ,PA,18508-0000,Public       ,2,19,21,16,89,105
03101500,BIDWELL TRAINING CENTER                 ,PA,15233-2233,Private      ,1,14,15,3,25,28
03103300,JNA INSTITUTE OF CULINARY ARTS          ,PA,19146-3119,Proprietary  ,11,15,26,57,76,133
03109100,METROPOLITAN CAREER CENTER              ,PA,19144-0000,Private      ,11,25,36,26,125,151
03110700,AVIATION INSTITUTE OF MAINTENANCE       ,PA,19114-1017,Proprietary  ,38,66,104,85,171,256
03120400,REGIONAL CAREER & TECHNICAL CENTER      ,PA,16509-4699,Public       ,0,0,0,2,3,5
03126000,CENTER FOR INNOVATIVE TRAINING & ED     ,PA,19106-4414,Proprietary  ,0,3,3,1,9,10
03128400,DELAWARE COUNTY TECHNICAL SCHOOL        ,PA,19032-1998,Public       ,5,41,46,20,113,133
03128800,GECAC TRAINING INSTITUTE                ,PA,16502-1137,Private      ,3,22,25,5,37,42
03180400,PENNSYLVANIA HIGHLANDS COMMUNITY COLLEGE,PA,15904-2927,Public       ,91,138,229,428,510,938
03236400,LT INTERNATIONAL BEAUTY SCHOOL          ,PA,19130-2235,Proprietary  ,10,47,57,13,54,67
03353300,ACADEMY OF VOCAL ARTS                   ,PA,19103-6685,Private      ,0,6,6,5,31,36
03439400,NAWCC SCHOOL OF HOROLOGY                ,PA,17512-2130,Private      ,0,3,3,2,4,6
03471400,NORTH CENTRAL INDUSTRIAL TECHNICAL      ,PA,15853-9708,Private      ,9,17,26,17,35,52
03503300,WINNER INSTITUTE OF ARTS & SCIENCES     ,PA,16154-1811,Private      ,11,23,34,28,34,62
03535300,HUNTINGDON COUNTY CAREER AND TECHNO     ,PA,17060-0905,Public       ,4,10,14,4,32,36
03561400,SUSQUEHANNA COUNTY CAREER & TECHNOL     ,PA,18816-0100,Public       ,1,5,6,4,11,15
03661300,SPRINGHOUSE COMPUTER SCHOOL             ,PA,19341-1129,Proprietary  ,0,0,0,2,2,4
03766300,PENNSYLVANIA SCHOOL OF MUSCLE THERAPY   ,PA,19406-3101,Proprietary  ,2,20,22,19,58,77
03781300,PRINCETON INFORMATION TECHNOLOGY CENTER ,PA,19038-4535,Proprietary  ,0,0,0,0,1,1
03899300,CALVARY BAPTIST THEOLOGICAL SEMINARY    ,PA,19446-4718,Private      ,0,8,8,2,9,11
03923300,PRECISION MANUFACTURING INSTITUTE       ,PA,16335-8380,Private      ,2,6,8,6,16,22
03949300,WON INSTITUTE OF GRADUATE STUDIES       ,PA,19038-4535,Private      ,0,9,9,0,19,19
03950500,NORTHWEST REGIONAL TECHNOLOGY INSTITUTE ,PA,16508-2820,Proprietary  ,3,12,15,7,48,55
03952300,NATIONAL MASSAGE THERAPY INSTITUTE      ,PA,19116-3965,Proprietary  ,64,187,251,89,303,392
00267813,BRYANT & STRATTON COLLEGE - MIL DOWNTOWN,WI,53203-2608,Proprietary  ,104,342,446,311,1152,1463
00383200,ALVERNO COLLEGE                         ,WI,53234-3922,Private      ,160,342,502,1283,1807,3090
00383500,BELOIT COLLEGE                          ,WI,53511-5595,Private      ,36,7,43,1715,88,1803
00383700,CARDINAL STRITCH UNIVERSITY             ,WI,53217-9884,Private      ,108,1127,1235,767,3178,3945
00383800,CARROLL UNIVERSITY                      ,WI,53186-5593,Private      ,227,125,352,2863,649,3512
00383900,CARTHAGE COLLEGE                        ,WI,53141-0000,Private      ,198,110,308,3127,460,3587
00384000,WESTERN TECHNICAL COLLEGE               ,WI,54601-0908,Public       ,507,598,1105,1481,1664,3145
00384200,CONCORDIA UNIVERSITY WISCONSIN          ,WI,53097-2402,Private      ,120,708,828,1792,1976,3768
00384800,EDGEWOOD COLLEGE                        ,WI,53711-1958,Private      ,185,238,423,1303,932,2235
00385000,SILVER LAKE COLLEGE                     ,WI,54220-9319,Private      ,18,107,125,126,342,468
00385400,LAKELAND COLLEGE                        ,WI,53082-0000,Private      ,91,409,500,1005,1421,2426
00385600,LAWRENCE UNIVERSITY                     ,WI,54912-0599,Private      ,42,19,61,1934,78,2012
00386100,MARIAN UNIVERSITY                       ,WI,54935-4699,Private      ,108,273,381,1150,1037,2187
00386300,MARQUETTE UNIVERSITY                    ,WI,53201-0000,Private      ,284,342,626,9217,3392,12609
00386600,MILWAUKEE AREA TECH COLLEGE             ,WI,53233-1443,Public       ,1343,2665,4008,4010,9451,13461
00386800,MILWAUKEE SCHOOL OF ENGINEERING         ,WI,53202-3109,Private      ,169,119,288,2109,515,2624
00386900,MOUNT MARY COLLEGE                      ,WI,53222-4597,Private      ,90,187,277,719,990,1709
00387400,NASHOTAH HOUSE                          ,WI,53058-0000,Private      ,0,10,10,0,41,41
00387500,NORTHLAND COLLEGE                       ,WI,54806-3999,Private      ,53,28,81,994,148,1142
00388400,RIPON COLLEGE                           ,WI,54971-0248,Private      ,103,12,115,1157,42,1199
00389200,ST. NORBERT COLLEGE                     ,WI,54115-2002,Private      ,177,24,201,1988,91,2079
00389500,UNIVERSITY OF WISCONSIN-MADISON         ,WI,53715-1382,Public       ,1659,1021,2680,18352,9776,28128
00389600,UNIVERSITY OF WISCONSIN-MILWAUKEE       ,WI,53201-3165,Public       ,2329,1803,4132,14155,8631,22786
00389700,UNIVERSITY OF WISCONSIN COLLEGES        ,WI,53708-8680,Public       ,286,293,579,1200,959,2159
00389701,UNIVERSITY OF WISCONSIN-BARABOO         ,WI,53913-1098,Public       ,60,33,93,249,116,365
00389702,UNIVERSITY OF WISCONSIN-BARRON          ,WI,54868-2497,Public       ,61,45,106,271,115,386
00389703,UNIVERSITY OF WISCONSIN-FOND DU LAC     ,WI,54935-2998,Public       ,87,57,144,386,195,581
00389704,UNIVERSITY OF WISCONSIN-FOX VALLEY      ,WI,54952-1297,Public       ,161,73,234,812,328,1140
00389705,UNIVERSITY OF WISCONSIN-MANITOWOC       ,WI,54220-6699,Public       ,45,29,74,242,102,344
00389706,UNIVERSITY OF WISCONSIN-MARATHON        ,WI,54401-5396,Public       ,150,70,220,594,222,816
00389707,UNIVERSITY OF WISCONSIN-MARINETTE       ,WI,54143-4299,Public       ,34,28,62,211,84,295
00389708,UNIVERSITY OF WISCONSIN-MARSHFIELD      ,WI,54449-3310,Public       ,58,24,82,262,121,383
00389709,UNIVERSITY OF WISCONSIN-RICHLAND        ,WI,53581-1399,Public       ,31,18,49,217,61,278
00389710,UNIVERSITY OF WISCONSIN COLLEGES - ROCK ,WI,53546-5699,Public       ,80,85,165,360,274,634
00389711,UNIVERSITY OF WISCONSIN-SHEBOYGAN       ,WI,53081-4789,Public       ,85,49,134,290,162,452
00389712,UNIVERSITY OF WISCONSIN-WASHINGTON      ,WI,53095-3699,Public       ,99,39,138,373,128,501
00389713,UNIVERSITY OF WISCONSIN-WAUKESHA        ,WI,53188-2799,Public       ,189,76,265,737,264,1001
00389900,UNIVERSITY OF WISCONSIN-GREEN BAY       ,WI,54311-7001,Public       ,454,273,727,3711,1342,5053
00391100,VITERBO UNIVERSITY                      ,WI,54601-4777,Private      ,77,190,267,1407,804,2211
00391500,UNIVERSITY OF WISCONSIN-STOUT           ,WI,54751-0790,Public       ,851,449,1300,5104,1568,6672
00391700,UNIVERSITY OF WISCONSIN-EAU CLAIRE      ,WI,54702-4004,Public       ,895,305,1200,7016,1345,8361
00391900,UNIVERSITY OF WISCONSIN-LA CROSSE       ,WI,54601-3742,Public       ,625,391,1016,6105,1505,7610
00392000,UNIVERSITY OF WISCONSIN-OSHKOSH         ,WI,54901-8604,Public       ,858,508,1366,6258,2435,8693
00392100,UNIVERSITY OF WISCONSIN-PLATTEVILLE     ,WI,53818-3099,Public       ,622,318,940,4320,1160,5480
00392300,UNIVERSITY OF WISCONSIN-RIVER FALLS     ,WI,54022-5013,Public       ,774,293,1067,4202,960,5162
00392400,UNIVERSITY OF WISCONSIN-STEVENS POINT   ,WI,54481-3871,Public       ,798,283,1081,5893,1481,7374
00392500,UNIVERSITY OF WISCONSIN-SUPERIOR        ,WI,54880-2898,Public       ,283,364,647,1436,1218,2654
00392600,UNIVERSITY OF WISCONSIN-WHITEWATER      ,WI,53190-1792,Public       ,835,406,1241,6340,1786,8126
00400700,MADISON AREA TECHNICAL COLLEGE          ,WI,53704-2599,Public       ,870,1190,2060,3058,3911,6969
00501500,UNIVERSITY OF WISCONSIN-PARKSIDE        ,WI,53141-2000,Public       ,598,396,994,2676,1477,4153
00529400,WAUKESHA COUNTY TECHNICAL COLLEGE       ,WI,53072-4696,Public       ,281,395,676,975,1334,2309
00530100,NORTHEAST WISCONSIN TECHNICAL COLLEGE   ,WI,54307-9042,Public       ,393,754,1147,1541,2682,4223
00530400,CHIPPEWA VALLEY TECHNICAL COLLEGE       ,WI,54701-6162,Public       ,512,724,1236,1739,2415,4154
00538000,MID-STATE TECHNICAL COLLEGE             ,WI,54494-5512,Public       ,197,308,505,645,1025,1670
00538400,NICOLET AREA TECHNICAL COLLEGE          ,WI,54501-0000,Public       ,102,165,267,359,532,891
00538700,NORTHCENTRAL TECHNICAL COLLEGE          ,WI,54401-1899,Public       ,195,418,613,608,1252,1860
00538900,GATEWAY TECHNICAL COLLEGE               ,WI,53144-1690,Public       ,312,739,1051,1028,3376,4404
00539000,BLACKHAWK TECHNICAL COLLEGE             ,WI,53547-5009,Public       ,136,339,475,512,1227,1739
00610800,BELLIN HOSP SCH OF RAD TECH             ,WI,54305-3505,Private      ,0,2,2,13,6,19
00611500,MERCY MED CTR SCH OF RAD TECH           ,WI,54904-3370,Private      ,1,1,2,11,4,15
00612601,ST LUKE'S MEDCL CTR SCHL RAD TECH       ,WI,53215-4330,Private      ,2,7,9,5,23,28
00612603,ST LUKE'S MED CTR SCH OF SONOGRAPHY     ,WI,53215-0000,Private      ,0,2,2,2,10,12
00613100,THEDA CLARK REG MED CTR SCH RAD TEC     ,WI,54957-0000,Private      ,0,1,1,4,3,7
00663900,BELLIN COLLEGE                          ,WI,54305-0000,Private      ,16,18,34,192,143,335
00766900,SOUTHWEST WISCONSIN TECH COLLEGE        ,WI,53809-0000,Public       ,122,167,289,554,506,1060
00777400,SCIENTIFIC COLLEGE OF BEAUTY/BARBER     ,WI,54601-0000,Proprietary  ,8,15,23,22,30,52
00821700,WISCONSIN COLLEGE OF COSMETOLOGY        ,WI,54304-0000,Proprietary  ,18,16,34,53,38,91
00919400,LAKESHORE TECHNICAL COLLEGE             ,WI,53015-1412,Public       ,96,258,354,415,979,1394
00925600,MORAINE PARK TECHNICAL COLLEGE          ,WI,54936-0000,Public       ,121,319,440,659,1556,2215
00941900,STATE CLG OF BEAUTY CULT-WAUSAU         ,WI,54403-4667,Proprietary  ,10,20,30,34,44,78
00962100,HERZING COLLEGE                         ,WI,53718-4236,Proprietary  ,130,438,568,437,1515,1952
00974400,FOX VALLEY TECHNICAL COLLEGE            ,WI,54913-0000,Public       ,397,584,981,1642,2323,3965
01091300,MADISON MEDIA INSTITUTE                 ,WI,53718-6787,Proprietary  ,65,44,109,269,146,415
01148400,ADVANCED INSTITUTE OF HAIR DESIGN       ,WI,53225-0000,Proprietary  ,36,18,54,112,77,189
01182400,WISCONSIN INDIANHEAD TECH CLG WITC      ,WI,54871-9300,Public       ,295,415,710,885,1341,2226
01290600,MADISON COSMETOLOGY COLLEGE             ,WI,53711-1030,Proprietary  ,11,26,37,39,63,102
02077100,MILWAUKEE INST OF ART & DESIGN          ,WI,53202-0000,Private      ,75,27,102,693,115,808
02078000,SACRED HEART SCHOOL OF THEOLOGY         ,WI,53130-0000,Private      ,0,3,3,0,14,14
02136600,WISCONSIN LUTHERAN COLLEGE              ,WI,53226-0000,Private      ,48,14,62,735,67,802
02201803,KAPLAN COLLEGE - MILWAUKEE              ,WI,53212-3939,Proprietary  ,66,332,398,115,628,743
02271300,WI SCH OF PROFESSIONAL PSYCHOLOGY       ,WI,53225-0000,Private      ,0,17,17,0,65,65
02317200,MARANATHA BAPTIST BIBLE COLLEGE         ,WI,53094-0000,Private      ,176,41,217,653,83,736
02324700,EMPIRE BEAUTY SCHOOL                    ,WI,53717-0000,Proprietary  ,30,32,62,93,116,209
02332100,EMPIRE BEAUTY SCHOOL                    ,WI,54220-0000,Proprietary  ,25,37,62,73,136,209
02453500,MEDICAL COLLEGE OF WISCONSIN            ,WI,53226-0000,Private      ,3,15,18,21,1079,1100
02494300,GILL-TECH ACADEMY OF HAIR DESIGN        ,WI,54911-0000,Proprietary  ,18,5,23,57,26,83
02532200,LAC COURTE OREILLES OJIBWA CMTY CLG     ,WI,54843-0000,Public       ,35,206,241,57,312,369
03007400,LAKESIDE SCHOOL OF MASSAGE THERAPY      ,WI,53719-1103,Private      ,23,68,91,50,106,156
03061200,MIDWEST COLLEGE OF ORIENTAL MEDICINE    ,WI,53403-9747,Proprietary  ,2,83,85,4,169,173
03077600,EMPIRE BEAUTY SCHOOL                    ,WI,54304-4838,Proprietary  ,47,66,113,141,238,379
03087500,ITT TECHNICAL INSTITUTE                 ,WI,53220-4612,Proprietary  ,302,497,799,765,1231,1996
03125100,COLLEGE OF MENOMINEE NATION             ,WI,54135-0000,Private      ,48,174,222,99,381,480
03125102,COLLEGE OF  THE MENOMINEE NATION - GREEN,WI,54304-4964,Private      ,1,4,5,1,4,5
03220300,"SALON PROFESSIONAL ACADEMY, THE         ",WI,54701-7633,Proprietary  ,18,14,32,62,59,121
03309300,MONTESSORI INSTITUTE OF MILWAUKEE       ,WI,53207-0000,Private      ,0,1,1,0,16,16
03822300,FOUR SEASONS SALON AND COSMETOLOGY SCHOO,WI,53566-0000,Proprietary  ,3,7,10,7,14,21
03872500,NORTHLAND INTERNATIONAL UNIVERSITY      ,WI,54119-9285,Private      ,122,32,154,317,47,364
03925300,BLUE SKY SCHOOL OF PROFESSIONAL MASSAGE ,WI,53024-9699,Private      ,16,38,54,40,87,127
00290500,NORTH CAROLINA A&T STATE UNIV           ,NC,27411-0001,Public       ,1081,715,1796,12154,3941,16095
00290600,APPALACHIAN STATE UNIVERSITY            ,NC,28608-2059,Public       ,773,406,1179,10204,2524,12728
00290700,UNIVERSITY OF NC AT ASHEVILLE           ,NC,28804-3299,Public       ,200,144,344,2514,970,3484
00290800,BARTON COLLEGE                          ,NC,27893-3104,Private      ,75,121,196,1104,570,1674
00291000,BELMONT ABBEY COLLEGE                   ,NC,28012-1802,Private      ,82,179,261,979,492,1471
00291100,BENNETT COLLEGE                         ,NC,27401-3239,Private      ,107,43,150,830,223,1053
00291200,BREVARD COLLEGE                         ,NC,28712-3306,Private      ,62,21,83,804,122,926
00291300,CAMPBELL UNIVERSITY                     ,NC,27506-0036,Private      ,282,450,732,3193,2592,5785
00291400,CATAWBA COLLEGE                         ,NC,28144-2488,Private      ,97,98,195,1198,433,1631
00291500,CENTRAL PIEDMONT COMMUNITY COLLEGE      ,NC,28204-2297,Public       ,960,1911,2871,3505,6422,9927
00291600,CHOWAN UNIVERSITY                       ,NC,27855-1850,Private      ,121,36,157,1242,175,1417
00291700,COLLEGE OF THE ALBEMARLE                ,NC,27909-2327,Public       ,106,237,343,472,910,1382
00291800,DAVIDSON COLLEGE                        ,NC,28035-7157,Private      ,43,14,57,1901,40,1941
00291900,DAVIDSON COUNTY COMMUNITY COLLEGE       ,NC,27293-0000,Public       ,185,474,659,532,1539,2071
00292000,DUKE UNIVERSITY                         ,NC,27708-0397,Private      ,175,78,253,10191,890,11081
00292001,DUKE UNIV - SCHOOL OF MEDICINE          ,NC,27710-0000,Private      ,2,28,30,47,982,1029
00292002,DUKE UNIV - SCHOOL OF LAW               ,NC,27708-0000,Private      ,4,37,41,23,1739,1762
00292003,DUKE UNIV - GRAD SCH ARTS & SCIENCE     ,NC,27708-0000,Private      ,1,60,61,33,628,661
00292004,DUKE UNIV - FUQUA SCH OF BUSINESS       ,NC,27708-0000,Private      ,5,70,75,40,967,1007
00292005,DUKE UNIV/NICHOLAS SCH OF ENVIRON.      ,NC,27708-0000,Private      ,0,12,12,13,286,299
00292006,DUKE UNIV - DIVINITY SCHOOL             ,NC,27708-0000,Private      ,3,39,42,50,642,692
00292007,DUKE UNIV - SCHOOL OF NURSING           ,NC,27710-0000,Private      ,2,63,65,51,392,443
00292300,EAST CAROLINA UNIVERSITY                ,NC,27858-1818,Public       ,1237,1399,2636,13901,7578,21479
00292600,ELIZABETH CITY STATE UNIVERSITY         ,NC,27909-7806,Public       ,314,233,547,2762,1067,3829
00292700,ELON UNIVERSITY                         ,NC,27244-2010,Private      ,133,65,198,5229,509,5738
00292800,FAYETTEVILLE STATE UNIVERSITY           ,NC,28301-4298,Public       ,564,975,1539,4620,4605,9225
00292900,GARDNER-WEBB UNIVERSITY                 ,NC,28017-0000,Private      ,232,578,810,1857,1948,3805
00293000,GREENSBORO COLLEGE                      ,NC,27401-1875,Private      ,104,121,225,1279,592,1871
00293100,GUILFORD COLLEGE                        ,NC,27410-4171,Private      ,70,383,453,1970,1897,3867
00293300,HIGH POINT UNIVERSITY                   ,NC,27262-4221,Private      ,170,342,512,1994,1413,3407
00293400,ISOTHERMAL COMMUNITY COLLEGE            ,NC,28160-0804,Public       ,81,274,355,385,1001,1386
00293500,JOHN WESLEY COLLEGE                     ,NC,27265-0000,Private      ,8,34,42,34,160,194
00293600,JOHNSON C SMITH UNIVERSITY              ,NC,28216-5398,Private      ,266,136,402,2817,569,3386
00293700,KING'S COLLEGE-CHARLOTTE                ,NC,28204-2435,Proprietary  ,128,90,218,539,239,778
00293900,LEES MCRAE COLLEGE                      ,NC,28604-0000,Private      ,102,72,174,823,256,1079
00294000,LENOIR COMMUNITY COLLEGE                ,NC,28502-0188,Public       ,148,489,637,574,1463,2037
00294100,LENOIR-RHYNE UNIVERSITY                 ,NC,28603-0000,Private      ,120,93,213,1718,472,2190
00294200,LIVINGSTONE COLLEGE                     ,NC,28144-5298,Private      ,273,119,392,1051,323,1374
00294300,LOUISBURG COLLEGE                       ,NC,27549-2398,Private      ,192,25,217,969,93,1062
00294400,MARS HILL COLLEGE                       ,NC,28754-0000,Private      ,106,116,222,1326,421,1747
00294500,MEREDITH COLLEGE                        ,NC,27607-5298,Private      ,71,106,177,1627,734,2361
00294600,METHODIST UNIVERSITY                    ,NC,28311-1420,Private      ,184,266,450,1853,1040,2893
00294700,MITCHELL COMMUNITY COLLEGE              ,NC,28677-5264,Public       ,122,309,431,451,1095,1546
00294800,MONTREAT COLLEGE                        ,NC,28757-1267,Private      ,57,161,218,516,510,1026
00294900,MOUNT OLIVE COLLEGE                     ,NC,28365-1299,Private      ,131,715,846,761,2236,2997
00295000,NORTH CAROLINA CENTRAL UNIVERSITY       ,NC,27707-3198,Public       ,608,1027,1635,6553,5512,12065
00295100,NORTH CAROLINA WESLEYAN COLLEGE         ,NC,27804-8699,Private      ,168,248,416,1142,908,2050
00295300,PEACE COLLEGE                           ,NC,27604-1194,Private      ,64,34,98,739,159,898
00295400,UNIV OF NORTH CAROLINA AT PEMBROKE      ,NC,28372-1510,Public       ,425,651,1076,3952,2772,6724
00295500,PFEIFFER UNIVERSITY                     ,NC,28109-0000,Private      ,120,421,541,836,1078,1914
00295600,PIEDMONT BAPTIST COLLEGE AND GRADUATE SC,NC,27101-5025,Private      ,47,39,86,182,128,310
00295700,QUEENS UNIVERSITY OF CHARLOTTE          ,NC,28274-0001,Private      ,128,323,451,1235,1069,2304
00295800,ROCKINGHAM COMMUNITY COLLEGE            ,NC,27375-0000,Public       ,110,230,340,481,926,1407
00296000,SALEM COLLEGE                           ,NC,27108-0000,Private      ,63,147,210,530,505,1035
00296100,SANDHILLS COMMUNITY COLLEGE             ,NC,28374-8283,Public       ,315,643,958,871,1855,2726
00296200,SHAW UNIVERSITY                         ,NC,27601-2393,Private      ,383,531,914,2833,2268,5101
00296300,SOUTHEASTERN BAPTIST THEOL SEMINARY     ,NC,27588-0000,Private      ,9,15,24,36,83,119
00296400,SOUTHEASTERN COMMUNITY COLLEGE          ,NC,28472-5422,Public       ,230,440,670,567,1090,1657
00296700,ST ANDREWS PRESBYTERIAN COLLEGE         ,NC,28352-9979,Private      ,92,42,134,735,142,877
00296800,ST AUGUSTINES COLLEGE                   ,NC,27610-2298,Private      ,271,147,418,1650,502,2152
00297000,SURRY COMMUNITY COLLEGE                 ,NC,27017-0304,Public       ,186,222,408,691,894,1585
00297200,NORTH CAROLINA STATE UNIV-RALEIGH       ,NC,27695-1751,Public       ,933,849,1782,16337,5948,22285
00297300,GASTON COLLEGE                          ,NC,28034-1499,Public       ,296,686,982,1037,2187,3224
00297400,UNIVERSITY OF N C-CHAPEL HILL           ,NC,27514-0000,Public       ,442,682,1124,15917,9537,25454
00297500,UNIVERSITY OF NC AT CHARLOTTE           ,NC,28223-0001,Public       ,1148,1328,2476,11920,7028,18948
00297600,UNIVERSITY OF N C - GREENSBORO          ,NC,27412-0001,Public       ,648,815,1463,11165,6175,17340
00297800,WAKE FOREST UNIV - UNDERGRADUATE        ,NC,27109-7246,Private      ,118,34,152,4048,181,4229
00297801,WAKE FOREST UNIV - SCH OF MEDICINE      ,NC,27157-1090,Private      ,7,37,44,41,839,880
00297803,WAKE FOREST UNIVERSITY - SCHOOLS OF BUSI,NC,27109-7659,Private      ,0,76,76,18,424,442
00297805,WAKE FOREST UNIV - SCH OF LAW           ,NC,27109-7206,Private      ,1,39,40,10,1003,1013
00297806,WAKE FOREST UNIV - GRAD A&S/DIVINITY    ,NC,27109-7246,Private      ,2,45,47,37,326,363
00297900,WARREN WILSON COLLEGE                   ,NC,28815-0000,Private      ,50,46,96,915,267,1182
00298000,WAYNE COMMUNITY COLLEGE                 ,NC,27533-0000,Public       ,293,596,889,871,1703,2574
00298100,WESTERN CAROLINA UNIVERSITY             ,NC,28723-9731,Public       ,405,333,738,5481,1939,7420
00298200,WESTERN PIEDMONT COMMUNITY COLLEGE      ,NC,28655-4504,Public       ,153,376,529,609,1421,2030
00298300,WILKES COMMUNITY COLLEGE                ,NC,28697-2100,Public       ,184,277,461,617,856,1473
00298400,UNIVERSITY OF N C-WILMINGTON            ,NC,28403-3297,Public       ,746,568,1314,8560,2934,11494
00298500,WINGATE UNIVERSITY                      ,NC,28174-0159,Private      ,203,104,307,1768,514,2282
00298600,WINSTON-SALEM STATE UNIVERSITY          ,NC,27102-0000,Public       ,467,490,957,6073,2845,8918
00398100,UNC SCHOOL OF THE ARTS                  ,NC,27127-2188,Public       ,66,35,101,982,244,1226
00403300,ASHEVILLE BUNCOMBE TECH CMTY CLG        ,NC,28801-4897,Public       ,281,535,816,942,1851,2793
00406200,PITT COMMUNITY COLLEGE                  ,NC,28590-0000,Public       ,480,780,1260,1732,2642,4374
00483500,CALDWELL COMMUNITY CLG & TECH INST      ,NC,28638-2626,Public       ,191,424,615,743,1463,2206
00483800,GUILFORD TECHNICAL COMMUNITY CLG        ,NC,27282-0309,Public       ,573,1048,1621,2532,4976,7508
00484400,WAKE TECHNICAL COMMUNITY COLLEGE        ,NC,27603-5696,Public       ,529,981,1510,2145,4170,6315
00484500,WILSON COMMUNITY COLLEGE                ,NC,27893-3310,Public       ,169,491,660,385,1285,1670
00499201,MILLER-MOTTE TECHNICAL COLLEGE - MILLER-,NC,27511-9209,Proprietary  ,29,243,272,67,646,713
00531600,COASTAL CAROLINA COMMUNITY COLLEGE      ,NC,28546-6816,Public       ,229,748,977,698,2124,2822
00531700,FORSYTH TECHNICAL COMMUNITY COLLEGE     ,NC,27103-5197,Public       ,279,723,1002,1184,3359,4543
00531800,CATAWBA VALLEY COMMUNITY COLLEGE        ,NC,28602-8302,Public       ,267,538,805,1028,1857,2885
00532000,CAPE FEAR COMMUNITY COLLEGE             ,NC,28401-3910,Public       ,617,783,1400,1831,2218,4049
00544700,RANDOLPH COMMUNITY COLLEGE              ,NC,27204-1009,Public       ,130,292,422,473,1006,1479
00544800,DURHAM TECHNICAL CMNTY COLLEGE          ,NC,27703-5023,Public       ,207,751,958,649,2422,3071
00544900,CENTRAL CAROLINA COMMUNITY COLLEGE      ,NC,27330-9000,Public       ,240,626,866,735,1856,2591
00546300,ALAMANCE COMMUNITY COLLEGE              ,NC,27253-0000,Public       ,210,459,669,663,1681,2344
00546400,RICHMOND COMMUNITY COLLEGE              ,NC,28345-4522,Public       ,143,391,534,388,1217,1605
00575400,ROWAN-CABARRUS COMMUNITY COLLEGE        ,NC,28145-1595,Public       ,300,706,1006,970,2296,3266
00647700,CABARRUS COLLEGE OF HEALTH SCIENCES     ,NC,28025-0000,Private      ,27,62,89,199,307,506
00647800,MERCY HOSP SCH OF NURSING               ,NC,28207-0000,Public       ,12,63,75,82,270,352
00648300,WATTS SCHOOL OF NURSING                 ,NC,27704-0000,Private      ,4,32,36,53,183,236
00679900,CRAVEN COMMUNITY COLLEGE                ,NC,28562-0000,Public       ,123,394,517,437,1474,1911
00703100,PAMLICO COMMUNITY COLLEGE               ,NC,28529-0000,Public       ,22,89,111,46,169,215
00764000,FAYETTEVILLE TECHNICAL CMTY COLLEGE     ,NC,28303-0236,Public       ,518,1718,2236,1916,7050,8966
00768700,JAMES SPRUNT COMMUNITY COLLEGE          ,NC,28349-0398,Public       ,81,237,318,252,700,952
00781400,BROOKSTONE COLLEGE OF BUSINESS          ,NC,28262-0000,Proprietary  ,25,114,139,45,262,307
00781401,BROOKSTONE COLLEGE OF BUSINESS          ,NC,27409-0000,Proprietary  ,13,73,86,45,285,330
00789200,SAMPSON COMMUNITY COLLEGE               ,NC,28328-0000,Public       ,70,250,320,333,1011,1344
00798500,SOUTH PIEDMONT COMMUNITY COLLEGE        ,NC,28135-9703,Public       ,138,366,504,316,994,1310
00798600,HALIFAX COMMUNITY COLLEGE               ,NC,27890-0089,Public       ,172,374,546,391,864,1255
00798700,BLADEN COMMUNITY COLLEGE                ,NC,28332-0266,Public       ,118,377,495,301,1124,1425
00798800,MARTIN COMMUNITY COLLEGE                ,NC,27892-8307,Public       ,51,181,232,163,662,825
00808100,CARTERET COMMUNITY COLLEGE              ,NC,28557-2989,Public       ,122,286,408,325,811,1136
00808200,CLEVELAND COMMUNITY COLLEGE             ,NC,28150-0000,Public       ,155,572,727,456,1565,2021
00808300,HAYWOOD COMMUNITY COLLEGE               ,NC,28721-0000,Public       ,127,231,358,384,660,1044
00808500,MCDOWELL TECHNICAL COMMUNITY CLG        ,NC,28752-8728,Public       ,96,244,340,216,498,714
00808700,MONTGOMERY COMMUNITY COLLEGE            ,NC,27371-0787,Public       ,69,179,248,178,523,701
00846600,SOUTHWESTERN COMMUNITY COLLEGE          ,NC,28779-8581,Public       ,111,247,358,429,777,1206
00855700,NASH COMMUNITY COLLEGE                  ,NC,27804-0488,Public       ,239,506,745,568,1064,1632
00855800,BEAUFORT COUNTY COMMUNITY COLLEGE       ,NC,27889-7889,Public       ,98,260,358,312,820,1132
00861200,ROBESON COMMUNITY COLLEGE               ,NC,28359-2151,Public       ,207,581,788,634,2039,2673
00861300,ROANOKE-CHOWAN COMMUNITY COLLEGE        ,NC,27910-9522,Public       ,120,295,415,253,660,913
00885500,EDGECOMBE COMMUNITY COLLEGE             ,NC,27886-9399,Public       ,154,553,707,314,1114,1428
00885501,EDGECOMBE COMMUNITY COLLEGE             ,NC,27801-0000,Public       ,73,342,415,163,683,846
00902500,SOUTH EASTERN CLG OF BEAUTY CULTURE     ,NC,28204-0000,Proprietary  ,41,66,107,82,194,276
00933600,JOHNSTON COMMUNITY COLLEGE              ,NC,27577-0000,Public       ,170,434,604,593,1283,1876
00943000,TRI-COUNTY COMMUNITY COLLEGE            ,NC,28906-7919,Public       ,60,168,228,193,411,604
00964600,PIEDMONT COMMUNITY COLLEGE              ,NC,27573-1197,Public       ,118,346,464,269,901,1170
00968400,BLUE RIDGE COMMUNITY COLLEGE            ,NC,28731-9624,Public       ,110,203,313,336,597,933
00974701,GORDON-CONWELL THEO SEM - CHARLOTTE     ,NC,28273-0000,Private      ,0,48,48,1,161,162
00990300,VANCE-GRANVILLE CMTY COLLEGE            ,NC,27536-0917,Public       ,285,782,1067,751,2045,2796
01026400,SOUTH COLLEGE                           ,NC,28803-3152,Proprietary  ,18,83,101,39,191,230
01119400,STANLY COMMUNITY COLLEGE                ,NC,28001-7458,Public       ,99,271,370,354,859,1213
01119700,MAYLAND COMMUNITY COLLEGE               ,NC,28777-2777,Public       ,58,131,189,234,385,619
01179900,PAUL MITCHELL THE SCHOOL FAYETTEVILLE   ,NC,28303-5364,Proprietary  ,1,23,24,8,79,87
01192600,LEON'S BEAUTY SCHOOL                    ,NC,27403-2812,Proprietary  ,23,34,57,72,106,178
02056500,MITCHELL'S HAIR STYLING ACADEMY         ,NC,27893-0000,Proprietary  ,14,31,45,34,78,112
02056501,MITCHELL'S HAIR STYLING ACADEMY - MITCHE,NC,27606-3326,Proprietary  ,0,6,6,10,25,35
02110500,ART INSTITUTE OF CHARLOTTE (THE)        ,NC,28217-0000,Proprietary  ,170,191,361,1026,783,1809
02170700,BRUNSWICK COMMUNITY COLLEGE             ,NC,28422-0000,Public       ,104,149,253,265,445,710
02205000,COLLEGE OF WILMINGTON                   ,NC,28403-0000,Proprietary  ,1,9,10,4,28,32
02210400,FAYETTEVILLE BEAUTY COLLEGE             ,NC,28303-0000,Proprietary  ,14,39,53,30,114,144
02227800,MITCHELL'S HAIR STYLING ACADEMY         ,NC,27534-0000,Proprietary  ,1,1,2,1,8,9
02227900,MITCHELL'S HAIR STYLING ACADEMY         ,NC,27858-0000,Proprietary  ,3,6,9,9,20,29
02238700,HAIRSTYLING INSTITUTE OF CHARLOTTE      ,NC,28204-0000,Proprietary  ,6,12,18,19,62,81
02280900,ROANOKE BIBLE COLLEGE                   ,NC,27909-0000,Private      ,16,30,46,103,69,172
02286300,CAROLINA BEAUTY COLLEGE                 ,NC,27262-0000,Proprietary  ,64,257,321,128,641,769
02558900,CHEVEUX SCHOOL OF HAIR DESIGN           ,NC,28540-0000,Proprietary  ,3,30,33,6,44,50
02560600,PINNACLE INSTITUTE OF COSMETOLOGY       ,NC,28115-8020,Proprietary  ,12,12,24,27,28,55
02614201,MILLER-MOTTE BUSINESS COLLEGE           ,NC,28403-0000,Proprietary  ,94,264,358,192,834,1026
03009500,WINSTON-SALEM BARBER SCHOOL             ,NC,27107-0000,Proprietary  ,5,15,20,30,58,88
03064400,REGENCY BEAUTY INSTITUTE                ,NC,27127-0000,Proprietary  ,17,23,40,35,64,99
03089300,HERITAGE BIBLE COLLEGE                  ,NC,28335-0000,Private      ,9,44,53,22,86,108
03104200,CAROLINAS COLLEGE OF HEALTH SCIENCE     ,NC,28232-2861,Public       ,28,98,126,172,428,600
03104201,CHS NURSE ANESTHESIA PROGRAM / UNCC     ,NC,28232-2861,Public       ,18,27,45,112,132,244
03109000,SCHOOL OF COMMUNICATION ARTS OF NORTH CA,NC,27614-7076,Proprietary  ,98,51,149,318,138,456
03237300,ANSON COLLEGE OF COSMETOLOGY            ,NC,28170-2147,Proprietary  ,2,10,12,8,28,36
03361300,MEDICAL ARTS MASSAGE SCHOOL             ,NC,27616-6453,Proprietary  ,5,57,62,18,99,117
03513400,APEX SCHOOL OF THEOLOGY                 ,NC,27703-8024,Private      ,0,32,32,4,66,70
03555400,SOUTHEASTERN SCHOOL OF NEUROMUSCULAR  MA,NC,29406-0000,Proprietary  ,6,23,29,8,40,48
03570300,CAROLINA CHRISTIAN COLLEGE              ,NC,27105-3241,Private      ,3,7,10,10,32,42
03663300,HOOD THEOLOGICAL SEMINARY               ,NC,28144-5768,Private      ,0,94,94,1,176,177
03748500,LA SHE'S BEAUTY ACADEMY                 ,NC,27707-3569,Proprietary  ,11,56,67,20,70,90
03777300,CAROLINA ACAD OF COSMETIC ART & SCI     ,NC,28054-0460,Proprietary  ,30,53,83,59,96,155
03827300,NEW LIFE THEOLOGICAL SEMINARY           ,NC,28205-1648,Private      ,2,21,23,2,42,44
00298800,BISMARCK STATE COLLEGE                  ,ND,58501-1299,Public       ,369,347,716,1625,1078,2703
00298900,DICKINSON STATE UNIVERSITY              ,ND,58601-4896,Public       ,200,172,372,1337,590,1927
00299000,JAMESTOWN COLLEGE                       ,ND,58405-3401,Private      ,161,36,197,916,139,1055
00299100,LAKE REGION STATE COLLEGE               ,ND,58301-1598,Public       ,63,112,175,288,299,587
00299200,UNIVERSITY OF MARY                      ,ND,58504-9652,Private      ,151,337,488,1663,1180,2843
00299300,MAYVILLE STATE UNIVERSITY               ,ND,58257-1299,Public       ,82,55,137,537,204,741
00299400,MINOT STATE UNIVERSITY                  ,ND,58707-0002,Public       ,283,350,633,1613,1408,3021
00299500,MINOT STATE UNIV-BOTTINEAU CAMPUS       ,ND,58318-1159,Public       ,38,61,99,197,164,361
00299600,NORTH DAKOTA STATE CLG OF SCIENCE       ,ND,58076-0002,Public       ,350,191,541,1580,594,2174
00299700,NORTH DAKOTA STATE UNIVERSITY           ,ND,58108-6050,Public       ,978,590,1568,7689,2265,9954
00300500,UNIVERSITY OF NORTH DAKOTA              ,ND,58202-8193,Public       ,1089,804,1893,7370,3606,10976
00300700,WILLISTON STATE COLLEGE                 ,ND,58802-1326,Public       ,62,133,195,297,396,693
00300800,VALLEY CITY STATE UNIVERSITY            ,ND,58072-0000,Public       ,92,64,156,623,204,827
00484600,RASMUSSEN COLLEGE                       ,ND,58103-7196,Proprietary  ,96,273,369,324,1050,1374
00775600,JOSEF'S SCHOOL OF HAIR DESIGN INC       ,ND,58102-4977,Proprietary  ,14,9,23,52,36,88
00935400,MEDCENTER ONE COLLEGE OF NURSING        ,ND,58501-4494,Private      ,6,14,20,56,78,134
01040600,JOSEF'S SCHOOL OF HAIR DESIGN           ,ND,58201-6394,Proprietary  ,19,17,36,45,41,86
01205900,TRINITY BIBLE COLLEGE                   ,ND,58436-7150,Private      ,39,45,84,235,136,371
01229500,R D HAIRSTYLING COLLEGE                 ,ND,58501-4001,Proprietary  ,5,7,12,22,20,42
02188200,SITTING BULL COLLEGE                    ,ND,58538-9721,Public       ,29,137,166,47,268,315
02236500,LITTLE HOOP COMMUNITY COLLEGE           ,ND,58335-0000,Public       ,26,122,148,36,155,191
02242900,UNITED TRIBES TECHNICAL COLLEGE         ,ND,58504-0000,Private      ,111,331,442,218,656,874
02298200,HEADQUARTERS ACADEMY OF HAIR DESIGN     ,ND,58701-0000,Proprietary  ,10,22,32,21,37,58
02301100,TURTLE MTN CMNTY COLG-FIN AID OFC       ,ND,58316-0000,Private      ,70,185,255,154,345,499
02553700,FORT BERTHOLD COMMUNITY COLLEGE         ,ND,58763-0000,Public       ,20,121,141,32,158,190
03087200,MOLER BARBER CLG OF HAIRSTYLING         ,ND,58103-0000,Proprietary  ,2,3,5,5,12,17
04031300,SALON PROFESSIONAL ACADEMY (THE)        ,ND,58103-3337,Proprietary  ,16,8,24,53,19,72
00301005,ANTIOCH UNIV/SEATTLE                    ,WA,98121-0000,Private      ,4,138,142,26,1008,1034
00376900,BELLEVUE COMMUNITY COLLEGE              ,WA,98007-6484,Public       ,375,567,942,2314,2965,5279
00377000,BIG BEND COMMUNITY COLLEGE              ,WA,98837-3299,Public       ,158,281,439,661,977,1638
00377100,"CENTRAL WASHINGTON UNIV., FIN AID       ",WA,98926-7495,Public       ,751,553,1304,7419,3707,11126
00377200,CENTRALIA COLLEGE                       ,WA,98531-4099,Public       ,91,202,293,672,958,1630
00377300,CLARK COLLEGE                           ,WA,98663-3598,Public       ,444,847,1291,2514,4392,6906
00377400,COLUMBIA BASIN COLLEGE                  ,WA,99301-3379,Public       ,290,582,872,1668,2374,4042
00377500,EASTERN WASHINGTON UNIVERSITY           ,WA,99004-2447,Public       ,538,755,1293,7525,5097,12622
00377600,EVERETT COMMUNITY COLLEGE               ,WA,98201-1352,Public       ,276,672,948,1348,2915,4263
00377700,HERITAGE UNIVERSITY                     ,WA,98948-9562,Private      ,30,248,278,385,1443,1828
00377800,GONZAGA UNIVERSITY                      ,WA,99258-0083,Private      ,88,264,352,5746,2717,8463
00377900,GRAYS HARBOR COLLEGE                    ,WA,98520-7599,Public       ,136,217,353,501,811,1312
00378000,GREEN RIVER COMMUNITY COLLEGE           ,WA,98092-3622,Public       ,330,483,813,1685,2247,3932
00378100,HIGHLINE COMMUNITY COLLEGE              ,WA,98198-9800,Public       ,338,633,971,1596,2761,4357
00378200,LOWER COLUMBIA COLLEGE                  ,WA,98632-0310,Public       ,177,447,624,605,1349,1954
00378300,NORTHWEST UNIVERSITY                    ,WA,98083-0000,Private      ,97,146,243,1092,580,1672
00378400,OLYMPIC COLLEGE                         ,WA,98337-1600,Public       ,250,543,793,1038,2318,3356
00378500,PACIFIC LUTHERAN UNIVERSITY             ,WA,98447-0003,Private      ,135,137,272,3781,1436,5217
00378600,PENINSULA COLLEGE                       ,WA,98362-6660,Public       ,99,241,340,340,840,1180
00378700,SEATTLE CENTRAL COMMUNITY COLLEGE       ,WA,98122-2413,Public       ,405,769,1174,1840,3425,5265
00378703,SEATTLE VOCATIONAL INSTITUTE            ,WA,98144-0000,Public       ,41,198,239,67,295,362
00378800,SEATTLE PACIFIC UNIVERSITY              ,WA,98119-1997,Private      ,114,176,290,4122,1407,5529
00379000,SEATTLE UNIVERSITY                      ,WA,98122-1090,Private      ,333,410,743,6005,5466,11471
00379100,SHORELINE COMMUNITY COLLEGE             ,WA,98133-5696,Public       ,279,452,731,1491,2365,3856
00379200,SKAGIT VALLEY COLLEGE                   ,WA,98273-5899,Public       ,206,397,603,828,1714,2542
00379300,SPOKANE COMMUNITY COLLEGE               ,WA,99207-5399,Public       ,403,1158,1561,2371,5472,7843
00379400,ST MARTIN'S UNIVERSITY                  ,WA,98503-7500,Private      ,35,78,113,1052,926,1978
00379600,TACOMA COMMUNITY COLLEGE                ,WA,98466-6100,Public       ,321,850,1171,1742,4116,5858
00379700,UNIVERSITY OF PUGET SOUND               ,WA,98416-1039,Private      ,110,72,182,4084,782,4866
00379800,UNIVERSITY OF WASHINGTON                ,WA,98195-5880,Public       ,1146,1478,2624,21205,18649,39854
00379900,WALLA WALLA UNIVERSITY                  ,WA,99324-1198,Private      ,219,146,365,1293,649,1942
00380000,WASHINGTON STATE UNIVERSITY             ,WA,99164-1035,Public       ,1034,1179,2213,14613,8537,23150
00380100,WENATCHEE VALLEY COLLEGE                ,WA,98801-1799,Public       ,193,437,630,987,1634,2621
00380200,WESTERN WASHINGTON UNIVERSITY           ,WA,98225-5946,Public       ,752,449,1201,11558,3636,15194
00380300,WHITMAN COLLEGE                         ,WA,99362-2067,Private      ,39,5,44,2127,54,2181
00380400,WHITWORTH UNIVERSITY                    ,WA,99251-0001,Private      ,82,144,226,2759,809,3568
00380500,YAKIMA VALLEY COMMUNITY COLLEGE         ,WA,98907-2520,Public       ,258,579,837,1717,3068,4785
00499800,PUGET SOUND CHRISTIAN COLLEGE           ,WA,98201-3516,Private      ,36,29,65,99,74,173
00499900,BELLINGHAM TECHNICAL COLLEGE            ,WA,98225-0000,Public       ,73,180,253,307,783,1090
00500000,PIERCE COLLEGE                          ,WA,98498-1919,Public       ,369,833,1202,1639,3597,5236
00500100,EDMONDS COMMUNITY COLLEGE               ,WA,98036-5999,Public       ,293,499,792,1249,2273,3522
00500600,WALLA WALLA COMMUNITY COLLEGE           ,WA,99362-9267,Public       ,149,292,441,1138,1619,2757
00530600,BATES TECHNICAL COLLEGE                 ,WA,98405-0000,Public       ,107,400,507,428,1514,1942
00537200,SOUTH PUGET SOUND COMMUNITY COLLEGE     ,WA,98512-6292,Public       ,200,360,560,1156,2129,3285
00537300,LAKE WASHINGTON TECHNICAL COLLEGE       ,WA,98034-8505,Public       ,79,266,345,356,1134,1490
00575200,CLOVER PARK TECHNICAL COLLEGE           ,WA,98499-0000,Public       ,207,632,839,663,2250,2913
00717805,WESTERN SEMINARY - SEATTLE              ,WA,98021-4440,Private      ,0,0,0,0,1,1
00815500,EVERGREEN STATE COLLEGE (THE)           ,WA,98505-0002,Public       ,227,380,607,2658,2728,5386
00844300,ITT TECHNICAL INSTITUTE                 ,WA,98168-3334,Proprietary  ,173,371,544,454,882,1336
00907901,EVEREST COLLEGE                         ,WA,98684-6950,Proprietary  ,4,18,22,21,53,74
00938700,PERRY TECHNICAL INSTITUTE               ,WA,98903-1239,Private      ,54,86,140,259,374,633
00954400,SPOKANE FALLS COMMUNITY COLLEGE         ,WA,99224-5204,Public       ,583,885,1468,2657,3533,6190
00970400,NORTH SEATTLE COMMUNITY COLLEGE         ,WA,98103-3599,Public       ,187,495,682,1030,2227,3257
00970600,SOUTH SEATTLE COMMUNITY COLLEGE         ,WA,98106-1499,Public       ,219,389,608,1034,1623,2657
00973900,GLEN DOW ACAD OF HAIR DESIGN            ,WA,99201-0209,Proprietary  ,36,36,72,90,95,185
01036400,WHATCOM COMMUNITY COLLEGE               ,WA,98226-8003,Public       ,209,258,467,1068,1271,2339
01043400,RENTON TECHNICAL COLLEGE                ,WA,98056-0000,Public       ,105,340,445,423,1206,1629
01148100,DIVERS INSTITUTE OF TECHNOLOGY          ,WA,98107-0667,Proprietary  ,28,77,105,71,224,295
01231500,CORNISH COLLEGE OF THE ARTS             ,WA,98121-4604,Private      ,60,29,89,885,300,1185
01249600,GREENWOOD BEAUTY SCHOOL                 ,WA,98103-0000,Proprietary  ,6,13,19,14,55,69
01302200,CITY UNIVERSITY OF SEATTLE              ,WA,98005-3030,Private      ,18,555,573,91,2128,2219
01309400,BELLINGHAM BEAUTY SCHOOL                ,WA,98225-0000,Proprietary  ,13,16,29,25,42,67
02091701,KAPLAN COLLEGE - SEATTLE                ,WA,98055-4910,Proprietary  ,17,45,62,25,74,99
02105300,BELLEVUE BEAUTY SCHOOL                  ,WA,98007-0000,Proprietary  ,2,4,6,13,16,29
02106700,TRINITY LUTHERAN COLLEGE                ,WA,98201-3569,Private      ,10,10,20,72,34,106
02180000,NORTHWEST INDIAN COLLEGE                ,WA,98226-9278,Public       ,48,168,216,90,326,416
02184200,PAROBA COLLEGE OF COSMETOLOGY           ,WA,98208-0000,Proprietary  ,12,34,46,39,69,108
02202200,STYLEMASTERS COLLEGE OF HAIR DESIGN     ,WA,98632-0000,Proprietary  ,11,14,25,21,40,61
02203300,GENE JUAREZ ACADEMY OF BEAUTY           ,WA,98125-0000,Proprietary  ,98,70,168,267,233,500
02203301,GENE JUAREZ ACADEMY OF BEAUTY           ,WA,98003-0000,Proprietary  ,10,3,13,41,36,77
02222900,INTERNATIONAL AIR & HOSPITALITY ACADEMY ,WA,98661-4835,Proprietary  ,55,36,91,145,88,233
02231100,CROWN COLLEGE                           ,WA,98444-0000,Proprietary  ,12,74,86,24,267,291
02236800,PROFESSIONAL BEAUTY SCHOOL              ,WA,98902-0000,Proprietary  ,5,17,22,40,55,95
02242500,BASTYR UNIVERSITY                       ,WA,98028-0000,Private      ,13,176,189,104,1068,1172
02291300,ART INSTITUTE OF SEATTLE                ,WA,98121-1622,Proprietary  ,302,280,582,1786,1428,3214
02291700,HENRY COGSWELL COLLEGE                  ,WA,98201-0000,Private      ,1,0,1,72,49,121
02300100,EVEREST COLLEGE                         ,WA,98367-1835,Proprietary  ,94,414,508,203,1058,1261
02326500,INTERFACE COLLEGE                       ,WA,99201-3209,Proprietary  ,7,57,64,19,152,171
02331400,NORTHWEST HAIR ACADEMY                  ,WA,98273-0000,Proprietary  ,21,42,63,42,99,141
02331402,NORTHWEST HAIR ACADEMY - EVERETT        ,WA,98204-0000,Proprietary  ,3,1,4,6,6,12
02345100,PHAGAN'S ORCHARDS BEAUTY SCHOOL         ,WA,98662-0000,Proprietary  ,12,11,23,27,33,60
02504900,ACADEMY OF HAIR DESIGN (THE)            ,WA,98801-0000,Proprietary  ,9,17,26,31,38,69
02541900,BJ'S BEAUTY AND BARBER COLLEGE          ,WA,98409-0000,Proprietary  ,11,25,36,21,47,68
02602100,NORTHWEST COLLEGE OF ART                ,WA,98370-8625,Proprietary  ,4,1,5,143,22,165
02606200,EVEREST COLLEGE                         ,WA,98055-2990,Proprietary  ,158,483,641,280,1089,1369
02617500,EVEREST COLLEGE                         ,WA,98133-9018,Proprietary  ,146,307,453,482,1168,1650
03052200,COURT REPORTING INSTITUTE               ,WA,98133-7500,Proprietary  ,0,8,8,6,35,41
03065000,CLARE'S BEAUTY COLLEGE                  ,WA,99301-5505,Proprietary  ,9,19,28,17,56,73
03071800,ITT TECHNICAL INSTITUTE                 ,WA,99216-1589,Proprietary  ,111,233,344,344,741,1085
03099000,CORTIVA INSTITUTE - SEATTLE             ,WA,98109-5474,Proprietary  ,15,42,57,52,142,194
03139500,MONTESSORI SCHOOLS OF WASHINGTON        ,WA,98203-6600,Private      ,0,0,0,0,4,4
03280300,SEATTLE INST OF ORIENTAL MEDICINE       ,WA,98115-0000,Proprietary  ,0,12,12,2,46,48
03283300,NORTHWEST HVAC/R ASSOCIATION & TRAINING ,WA,99202-2125,Private      ,1,36,37,3,55,58
03361600,SEATTLE MIDWIFERY SCHOOL                ,WA,98144-0000,Private      ,0,14,14,5,65,70
03466400,MARS HILL GRADUATE SCHOOL               ,WA,98121-0000,Private      ,0,35,35,0,219,219
03483500,CASCADIA COMMUNITY COLLEGE              ,WA,98011-9510,Public       ,98,117,215,417,518,935
03490400,EMIL FRIES PIANO HOSPITAL & TRAININ     ,WA,98661-4323,Private      ,1,0,1,1,3,4
03631500,CORTIVA INSTITUTE - BRIAN UTTING SCHOOL ,WA,98109-5211,Proprietary  ,9,16,25,19,70,89
03689400,FAITH EVANGELICAL SEMINARY              ,WA,98407-2607,Private      ,4,47,51,7,123,130
03707500,CHETTA'S ACADEMY OF HAIR AND NAILS      ,WA,98362-4310,Proprietary  ,2,7,9,7,19,26
03724300,DIGIPEN INSTITUTE OF TECHNOLOGY         ,WA,98052-5170,Proprietary  ,45,26,71,626,178,804
03917300,EVERGREEN BEAUTY AND BARBER COLLEGE     ,WA,98208-3759,Proprietary  ,11,34,45,14,59,73
03932500,TOTAL COSMETOLOGY TRAINING CENTER       ,WA,99217-6231,Proprietary  ,5,16,21,26,55,81
03953300,YAKIMA BEAUTY SCHOOL;BEAUTYWORKS        ,WA,98901-2202,Proprietary  ,2,16,18,10,35,45
04043400,ALPINE COLLEGE                          ,WA,99206-5097,Proprietary  ,4,24,28,4,25,29
00340100,BROWN UNIVERSITY                        ,RI,02912-9127,Private      ,71,19,90,10702,284,10986
00340101,BROWN UNIVERSITY - GRADUATE SCHOOL      ,RI,02912-1827,Private      ,0,61,61,20,1353,1373
00340102,BROWN MEDICAL SCHOOL                    ,RI,02912-0000,Private      ,0,9,9,12,366,378
00340200,BRYANT UNIVERSITY                       ,RI,02917-1284,Private      ,76,33,109,4745,269,5014
00340400,JOHNSON & WALES UNIVERSITY              ,RI,02903-3703,Private      ,1386,547,1933,17369,3318,20687
00340600,PROVIDENCE COLLEGE                      ,RI,02918-0001,Private      ,89,84,173,6584,467,7051
00340700,RHODE ISLAND COLLEGE                    ,RI,02908-1991,Public       ,205,239,444,5642,2620,8262
00340800,COMMUNITY COLLEGE OF RI - WARWICK       ,RI,02906-0000,Public       ,509,744,1253,3201,3847,7048
00340801,COMMUNITY COLLEGE OF RI - LINCOLN       ,RI,02865-4585,Public       ,159,211,370,1190,1298,2488
00340802,COMMUNITY COLLEGE OF RI- PROVIDENCE     ,RI,02905-2313,Public       ,170,290,460,1146,1831,2977
00340900,RHODE ISLAND SCHOOL OF DESIGN           ,RI,02903-2784,Private      ,69,61,130,2289,1075,3364
00341000,ROGER WILLIAMS UNIVERSITY               ,RI,02809-2921,Private      ,61,82,143,6204,1410,7614
00341100,SALVE REGINA UNIVERSITY                 ,RI,02840-4192,Private      ,43,54,97,3873,265,4138
00341400,UNIVERSITY OF RHODE ISLAND              ,RI,02881-0000,Public       ,658,415,1073,13600,2841,16441
00659100,ST. JOSEPH HOSP SCH OF NURSING          ,RI,02904-5199,Private      ,6,13,19,52,128,180
00784400,GIBBS COLLEGE                           ,RI,02920-7807,Proprietary  ,88,119,207,376,569,945
00784500,NEW ENGLAND INSTITUTE OF TECHNOLOGY     ,RI,02886-2266,Private      ,503,389,892,2215,1450,3665
01115900,"SAWYER SCHOOL,THE                       ",RI,02860-4117,Proprietary  ,31,134,165,112,670,782
02071900,ARTHUR ANGELO SCH COSMET&HAIR DSGN      ,RI,02903-0000,Proprietary  ,20,24,44,82,115,197
02176900,WARWICK ACADEMY OF BEAUTY CULTURE       ,RI,02886-1534,Proprietary  ,19,27,46,67,111,178
02584400,NEW ENGLAND TRACTOR TRAILER TRAINING SCH,RI,02860-1752,Proprietary  ,31,269,300,51,486,537
03080000,NEWPORT SCHOOL OF HAIRDRESSING          ,RI,02860-4038,Proprietary  ,5,20,25,11,67,78
03115200,MOTORING TECHNICAL TRAINING INST        ,RI,02914-0000,Proprietary  ,24,52,76,81,143,224
03232300,LINCOLN TECHNICAL INSTITUTE             ,RI,02865-4211,Proprietary  ,90,193,283,200,536,736
03570500,ZION BIBLE COLLEGE                      ,RI,02806-1246,Private      ,28,30,58,133,94,227
03732300,INTERNATIONAL YACHT RESTORATION SCH     ,RI,02840-6720,Private      ,2,1,3,9,10,19
00341700,ALLEN UNIVERSITY                        ,SC,29204-1085,Private      ,187,100,287,537,316,853
00341800,ANDERSON UNIVERSITY                     ,SC,29621-4035,Private      ,83,116,199,1622,506,2128
00341900,CHARLESTON SOUTHERN UNIVERSITY          ,SC,29406-2160,Private      ,277,294,571,3052,1401,4453
00342000,BENEDICT COLLEGE                        ,SC,29204-1086,Private      ,572,362,934,2759,1208,3967
00342200,SOUTHERN WESLEYAN UNIVERSITY            ,SC,29630-1020,Private      ,49,374,423,605,2077,2682
00342300,THE CITADEL                             ,SC,29409-0002,Public       ,129,201,330,2024,768,2792
00342400,CLAFLIN UNIVERSITY                      ,SC,29115-4498,Private      ,246,219,465,2091,825,2916
00342500,CLEMSON UNIVERSITY                      ,SC,29634-0001,Public       ,841,464,1305,11189,2578,13767
00342600,UNIV OF SC AT SUMTER                    ,SC,29150-2498,Public       ,129,151,280,558,547,1105
00342700,COKER COLLEGE                           ,SC,29550-3797,Private      ,64,189,253,795,840,1635
00342800,COLLEGE OF CHARLESTON                   ,SC,29424-0100,Public       ,624,313,937,7306,1897,9203
00342900,COLUMBIA INTERNATIONAL UNIVERSITY       ,SC,29203-1599,Private      ,31,97,128,523,583,1106
00343000,COLUMBIA COLLEGE                        ,SC,29203-5998,Private      ,131,232,363,1166,1019,2185
00343100,CONVERSE COLLEGE                        ,SC,29302-0006,Private      ,44,117,161,695,625,1320
00343200,ERSKINE COLLEGE                         ,SC,29639-0000,Private      ,36,5,41,737,34,771
00343201,ERSKINE THEOLOGICAL SEMINARY            ,SC,29639-0000,Private      ,0,42,42,7,157,164
00343400,FURMAN UNIVERSITY                       ,SC,29613-5253,Private      ,87,66,153,2629,278,2907
00343500,LANDER UNIVERSITY                       ,SC,29649-2099,Public       ,260,160,420,2515,687,3202
00343600,LIMESTONE COLLEGE                       ,SC,29340-3799,Private      ,167,522,689,988,2659,3647
00343700,LUTHERAN THEOLOGICAL SOUTHERN SEM       ,SC,29203-5898,Private      ,0,14,14,1,106,107
00343800,MEDICAL UNIV OF SOUTH CAROLINA - FA     ,SC,29425-1760,Public       ,17,171,188,193,2569,2762
00343900,MORRIS COLLEGE                          ,SC,29150-3599,Private      ,189,90,279,1098,364,1462
00344000,NEWBERRY COLLEGE                        ,SC,29108-2197,Private      ,76,15,91,1142,132,1274
00344100,NORTH GREENVILLE COLLEGE                ,SC,29688-1892,Private      ,174,49,223,1930,266,2196
00344500,PRESBYTERIAN COLLEGE                    ,SC,29325-2503,Private      ,29,1,30,1217,32,1249
00344600,SOUTH CAROLINA STATE UNIVERSITY         ,SC,29117-4427,Public       ,664,515,1179,5356,2022,7378
00344700,SPARTANBURG METHODIST COLLEGE           ,SC,29301-5899,Private      ,116,38,154,1088,137,1225
00344800,UNIVERSITY OF SOUTH CAROLINA            ,SC,29208-3999,Public       ,1753,1511,3264,15413,8725,24138
00344900,UNIVERSITY OF SOUTH CAROLINA AIKEN      ,SC,29801-6399,Public       ,298,219,517,2533,1204,3737
00345000,UNIV OF SC AT BEAUFORT                  ,SC,29902-4602,Public       ,127,161,288,577,602,1179
00345100,COASTAL CAROLINA UNIVERSITY             ,SC,29528-0000,Public       ,822,278,1100,6828,1455,8283
00345300,UNIV OF SC AT LANCASTER                 ,SC,29721-0889,Public       ,95,136,231,575,482,1057
00345400,UNIV OF SC SYSTEM SALKEHATCHIE          ,SC,29810-0617,Public       ,110,108,218,431,339,770
00345500,VOORHEES COLLEGE                        ,SC,29042-0000,Private      ,102,168,270,634,446,1080
00345600,WINTHROP UNIVERSITY                     ,SC,29733-0001,Public       ,505,323,828,5138,1490,6628
00345700,WOFFORD COLLEGE                         ,SC,29303-3663,Private      ,24,11,35,1408,64,1472
00399000,FLORENCE-DARLINGTON TECH COLLEGE        ,SC,29501-0548,Public       ,767,989,1756,2261,3130,5391
00399100,GREENVILLE TECHNICAL COLLEGE            ,SC,29607-2439,Public       ,1887,2909,4796,5151,8418,13569
00399200,PIEDMONT TECHNICAL COLLEGE              ,SC,29648-1467,Public       ,687,1428,2115,1664,3380,5044
00399300,MIDLANDS TECHNICAL COLLEGE              ,SC,29202-0000,Public       ,1675,2223,3898,5313,7788,13101
00399400,SPARTANBURG COMMUNITY COLLEGE           ,SC,29305-4386,Public       ,622,913,1535,2216,3348,5564
00399500,CENTRAL CAROLINA TECHNICAL COLLEGE      ,SC,29150-2499,Public       ,382,800,1182,1032,2438,3470
00399600,YORK TECHNICAL COLLEGE                  ,SC,29730-3395,Public       ,763,1264,2027,2059,3242,5301
00492000,TRIDENT TECHNICAL COLLEGE               ,SC,29423-8067,Public       ,1832,2027,3859,4915,7177,12092
00492300,CLINTON JR COLLEGE                      ,SC,29730-5152,Private      ,40,18,58,88,29,117
00492400,FORREST JUNIOR COLLEGE                  ,SC,29624-2405,Proprietary  ,7,59,66,18,149,167
00492500,HORRY-GEORGETOWN TECH COLLEGE           ,SC,29526-9521,Public       ,1042,1326,2368,2220,3355,5575
00492600,TRI-COUNTY TECHNICAL COLLEGE            ,SC,29670-9133,Public       ,811,901,1712,2526,2723,5249
00492700,UNIV OF SC AT UNION                     ,SC,29379-0729,Public       ,26,28,54,194,145,339
00536300,DENMARK TECHNICAL COLLEGE               ,SC,29042-0000,Public       ,497,460,957,793,697,1490
00681500,ORANGEBURG-CALHOUN TECHNICAL COLG       ,SC,29118-8299,Public       ,466,677,1143,1199,1904,3103
00695100,UNIVERSITY OF SOUTH CAROLINA UPSTATE    ,SC,29303-9972,Public       ,473,426,899,3724,1992,5716
00760200,NORTHEASTERN TECHNICAL COLLEGE          ,SC,29520-7015,Public       ,160,317,477,459,909,1368
00922600,FRANCIS MARION UNIVERSITY               ,SC,29501-0000,Public       ,340,227,567,3735,1148,4883
00932200,WILLIAMSBURG TECHNICAL COLLEGE          ,SC,29556-4197,Public       ,111,228,339,297,557,854
00991000,TECHNICAL COLLEGE OF THE LOWCOUNTRY     ,SC,29902-5441,Public       ,278,591,869,597,1445,2042
00991100,UNIV OF SC-REGIONAL CAMPUSES ADMIN      ,SC,29208-0001,Public       ,16,12,28,98,52,150
01005600,AIKEN TECHNICAL COLLEGE                 ,SC,29802-0696,Public       ,432,663,1095,1334,2184,3518
01209200,KENNETH SHULER SCHOOL OF COSMETOLOGY    ,SC,29732-2169,Proprietary  ,4,14,18,10,22,32
01303907,SOUTH UNIVERSITY                        ,SC,29203-6400,Proprietary  ,58,321,379,155,880,1035
02063700,SHERMAN CLG STRAIGHT CHIROPRACTIC       ,SC,29316-0000,Private      ,3,43,46,18,412,430
02189800,NO AMER INST OF AVIATION OF SO CAR      ,SC,29527-0000,Proprietary  ,0,3,3,0,9,9
02310300,COLUMBIA BEAUTY SCHOOL                  ,SC,29033-0000,Proprietary  ,4,17,21,9,37,46
02338600,CHARZANNE BEAUTY COLLEGE                ,SC,29649-0000,Proprietary  ,4,19,23,15,63,78
02341100,KENNETH SHULER SCHOOL OF COSMETOLOGY & N,SC,29210-0000,Proprietary  ,56,122,178,103,273,376
02356600,CHARLESTON COSMETOLOGY INSTITUTE        ,SC,29420-0000,Proprietary  ,25,40,65,49,80,129
02552400,ACADEMY OF HAIR TECHNOLOGY              ,SC,29615-2363,Proprietary  ,21,40,61,50,88,138
02567600,SUMTER BEAUTY COLLEGE                   ,SC,29150-0000,Proprietary  ,4,27,31,13,69,82
02614202,MILLER - MOTTE TECHNICAL COLLEGE - NORTH,SC,29406-9239,Proprietary  ,84,226,310,214,760,974
03010614,VIRGINIA COLLEGE - GOLF ACADEMY OF AMERI,SC,29579-0000,Proprietary  ,42,46,88,170,146,316
03052300,KENNETH SHULER SCH COSM & HAIR DESG     ,SC,29841-2013,Proprietary  ,17,39,56,28,62,90
03088300,ACADEMY OF COSMETOLOGY                  ,SC,29418-5667,Proprietary  ,16,48,64,36,92,128
03258300,SOUTHERN METHODIST COLLEGE              ,SC,29116-1027,Private      ,3,13,16,6,45,51
03293300,STRAND COLLEGE OF HAIR DESIGN           ,SC,29572-4310,Proprietary  ,10,17,27,23,54,77
03304300,CENTURA COLLEGE                         ,SC,29406-9235,Proprietary  ,67,251,318,129,558,687
03513300,LACY COSMETOLOGY SCHOOL                 ,SC,29803-9084,Proprietary  ,12,28,40,27,53,80
03595300,CHARLESTON SCHOOL OF MASSAGE            ,SC,29412-8270,Proprietary  ,5,12,17,11,37,48
03746300,LEGRAND INSTITUTE OF COSMETOLOGY        ,SC,29020-0000,Proprietary  ,9,17,26,16,36,52
03746400,SOUTHEASTERN INSTITUTE                  ,SC,29210-0000,Proprietary  ,6,34,40,26,80,106
03768400,STYLETRENDS BARBER AND HAIRSTYLING ACADE,SC,29730-4511,Proprietary  ,1,17,18,4,40,44
03842300,PLATINUM SHEAR SCHOOL OF COSMETOLOGY    ,SC,29115-0000,Proprietary  ,4,10,14,10,14,24
03856400,W. L. BONNER COLLEGE                    ,SC,29203-0000,Private      ,1,24,25,6,45,51
03892300,HARLEY'S BEAUTY & BARBER CAREER INST.   ,SC,29204-1919,Proprietary  ,6,16,22,11,43,54
00345800,AUGUSTANA COLLEGE                       ,SD,57197-0001,Private      ,147,52,199,1720,212,1932
00345900,BLACK HILLS STATE UNIVERSITY            ,SD,57799-9670,Public       ,325,301,626,2117,1337,3454
00346100,DAKOTA WESLEYAN UNIVERSITY              ,SD,57301-4398,Private      ,68,63,131,614,326,940
00346300,DAKOTA STATE UNIVERSITY                 ,SD,57042-1799,Public       ,171,126,297,1161,484,1645
00346500,MOUNT MARTY COLLEGE                     ,SD,57078-3724,Private      ,68,156,224,556,524,1080
00346600,NORTHERN STATE UNIVERSITY               ,SD,57401-7198,Public       ,156,123,279,1468,594,2062
00346700,PRESENTATION COLLEGE                    ,SD,57401-1299,Private      ,35,113,148,358,540,898
00346900,UNIVERSITY OF SIOUX FALLS               ,SD,57105-1699,Private      ,76,125,201,1186,497,1683
00347000,SOUTH DAKOTA SCH OF MINES & TECH        ,SD,57701-3995,Public       ,163,139,302,1195,517,1712
00347100,SOUTH DAKOTA STATE UNIVERSITY           ,SD,57007-2298,Public       ,992,601,1593,7181,2352,9533
00347400,UNIVERSITY OF SOUTH DAKOTA              ,SD,57069-2390,Public       ,672,650,1322,4338,3614,7952
00405600,SIOUX FALLS SEMINARY                    ,SD,57105-2729,Private      ,0,18,18,0,81,81
00405700,NATIONAL AMERICAN UNIVERSITY            ,SD,57701-3692,Proprietary  ,170,1273,1443,471,3361,3832
00405707,NATIONAL AMERICAN UNIVERSITY            ,SD,57105-0000,Proprietary  ,11,69,80,45,228,273
00492900,MCKENNAN HOSP-RADOLOGICAL TECH          ,SD,57101-0000,Private      ,4,3,7,32,13,45
00530900,LAKE AREA TECHNICAL INSTITUTE           ,SD,57201-2869,Public       ,152,98,250,739,330,1069
00598700,AVERA SACRED HEART HOSPITAL SCHOOL OF RA,SD,57078-3899,Private      ,2,2,4,12,5,17
00776400,SOUTHEAST TECHNICAL INST                ,SD,57107-0000,Public       ,361,298,659,1385,897,2282
00828400,MITCHELL TECHNICAL INSTITUTE            ,SD,57301-2002,Public       ,78,64,142,490,286,776
01013800,STEWART SCHOOL                          ,SD,57104-0000,Proprietary  ,28,18,46,100,50,150
01014804,COLORADO TECHNICAL UNIVERSITY           ,SD,57108-2272,Proprietary  ,58,155,213,332,857,1189
01017000,WESTERN DAKOTA TECHNICAL INSTITUTE      ,SD,57701-4018,Public       ,143,198,341,498,703,1201
01147701,SIOUX VALLEY HOSP-MEDICAL TECH          ,SD,57117-5039,Private      ,1,1,2,19,14,33
01465900,OGLALA LAKOTA COLLEGE                   ,SD,57752-0490,Public       ,129,600,729,218,1023,1241
02137100,BLACK HILLS BEAUTY COLLEGE              ,SD,57701-0000,Proprietary  ,14,17,31,50,60,110
02143700,SINTE GLESKA UNIVERSITY                 ,SD,57570-0000,Public       ,73,309,382,116,554,670
02144600,KILIAN COMMUNITY COLLEGE                ,SD,57103-7020,Private      ,55,179,234,119,521,640
02277300,SISSETON WAHPETON COLLEGE               ,SD,57262-0000,Public       ,32,109,141,38,138,176
02297800,HEADLINES ACADEMY                       ,SD,57701-0000,Proprietary  ,15,23,38,38,61,99
00347700,AQUINAS COLLEGE                         ,TN,37205-2086,Private      ,29,92,121,239,703,942
00347701,AQUINAS COLLEGE -  PRIMETIME PROGRAM    ,TN,37214-3644,Private      ,1,85,86,12,291,303
00347800,AUSTIN PEAY STATE UNIVERSITY            ,TN,37044-0002,Public       ,677,1264,1941,5058,5454,10512
00347900,BELMONT UNIVERSITY                      ,TN,37212-3757,Private      ,221,302,523,3874,1754,5628
00348000,BETHEL COLLEGE                          ,TN,38201-1705,Private      ,69,310,379,1015,1491,2506
00348100,CARSON-NEWMAN COLLEGE                   ,TN,37760-2204,Private      ,201,111,312,2391,505,2896
00348200,CHRISTIAN BROTHERS UNIVERSITY           ,TN,38104-5581,Private      ,119,255,374,1610,1194,2804
00348300,COLUMBIA STATE COMMUNITY COLLEGE        ,TN,38401-5653,Public       ,377,521,898,2004,2118,4122
00348500,CUMBERLAND UNIVERSITY                   ,TN,37087-3554,Private      ,122,170,292,1269,704,1973
00348600,LIPSCOMB UNIVERSITY                     ,TN,37204-3951,Private      ,195,135,330,2373,542,2915
00348700,EAST TENNESSEE STATE UNIV - MAIN CAMPUS ,TN,37614-2857,Public       ,786,945,1731,7988,5163,13151
00348701,EAST TENNESSEE STATE UNIV - MEDICINE    ,TN,37614-1708,Public       ,30,31,61,72,255,327
00348709,EAST TENNESSEE STATE UNIV - PHARMACY    ,TN,37614-1704,Public       ,1,17,18,1,17,18
00349000,FISK UNIVERSITY                         ,TN,37208-3045,Private      ,135,71,206,1726,388,2114
00349200,FREED-HARDEMAN UNIVERSITY               ,TN,38340-2399,Private      ,180,145,325,1497,750,2247
00349400,HIWASSEE COLLEGE                        ,TN,37354-4001,Private      ,59,22,81,407,96,503
00349500,JOHNSON BIBLE COLLEGE                   ,TN,37998-9775,Private      ,88,59,147,611,228,839
00349600,KING COLLEGE                            ,TN,37620-2699,Private      ,72,141,213,1123,581,1704
00349800,LAMBUTH UNIVERSITY                      ,TN,38301-5296,Private      ,74,52,126,1223,284,1507
00349900,LANE COLLEGE                            ,TN,38301-4598,Private      ,282,94,376,2057,554,2611
00350000,LEE UNIVERSITY                          ,TN,37320-0000,Private      ,384,266,650,3004,1114,4118
00350100,LEMOYNE-OWEN COLLEGE                    ,TN,38126-6510,Private      ,92,193,285,805,881,1686
00350200,LINCOLN MEMORIAL UNIVERSITY             ,TN,37752-7920,Private      ,95,410,505,1120,2193,3313
00350400,MARTIN METHODIST COLLEGE                ,TN,38478-2799,Private      ,64,50,114,740,370,1110
00350500,MARYVILLE COLLEGE                       ,TN,37804-5907,Private      ,42,27,69,1688,162,1850
00350600,MEHARRY MEDICAL COLLEGE                 ,TN,37208-0000,Private      ,4,61,65,33,1204,1237
00350700,MEMPHIS COLLEGE OF ART                  ,TN,38104-2764,Private      ,37,16,53,497,162,659
00350900,UNIVERSITY OF MEMPHIS (THE)             ,TN,38152-4611,Public       ,1594,2331,3925,12564,12133,24697
00351000,MIDDLE TENNESSEE STATE UNIV             ,TN,37130-0000,Public       ,2241,1770,4011,16533,7621,24154
00351100,MILLIGAN COLLEGE                        ,TN,37682-4001,Private      ,56,56,112,871,414,1285
00351700,SOUTHERN COLLEGE OF OPTOMETRY           ,TN,38104-2222,Private      ,3,10,13,21,563,584
00351800,SOUTHERN ADVENTIST UNIVERSITY           ,TN,37315-0370,Private      ,277,110,387,1847,532,2379
00351900,RHODES COLLEGE                          ,TN,38112-1690,Private      ,111,38,149,2218,194,2412
00352200,TENNESSEE STATE UNIVERSITY              ,TN,37209-1561,Public       ,899,1192,2091,8806,6492,15298
00352300,TENNESSEE TECHNOLOGICAL UNIV            ,TN,38505-0001,Public       ,608,610,1218,6550,2682,9232
00352400,TENNESSEE TEMPLE UNIVERSITY             ,TN,37404-3587,Private      ,79,42,121,479,147,626
00352500,TENNESSEE WESLEYAN COLLEGE              ,TN,37371-0040,Private      ,81,59,140,850,366,1216
00352600,TREVECCA NAZARENE UNIVERSITY            ,TN,37210-2877,Private      ,120,336,456,1050,1470,2520
00352700,TUSCULUM COLLEGE                        ,TN,37743-0001,Private      ,73,298,371,1534,1802,3336
00352800,UNION UNIVERSITY                        ,TN,38305-3697,Private      ,129,424,553,1840,1389,3229
00352900,UNIVERSITY OF TENNESSEE-CHATTANOOGA     ,TN,37403-2598,Public       ,755,653,1408,7904,2931,10835
00353000,UNIVERSITY OF TENNESSEE-KNOXVILLE       ,TN,37996-0150,Public       ,1896,1230,3126,20626,7366,27992
00353006,UNIVERSITY OF TENNESSEE-HEALTH SCI CTR  ,TN,38103-0000,Public       ,31,232,263,310,2610,2920
00353100,UNIVERSITY OF TENNESSEE-MARTIN          ,TN,38238-0002,Public       ,410,436,846,5699,2128,7827
00353400,UNIVERSITY OF THE SOUTH                 ,TN,37383-1000,Private      ,35,11,46,1270,55,1325
00353500,VANDERBILT UNIVERSITY                   ,TN,37240-0001,Private      ,243,418,661,7187,4183,11370
00353501,VANDERBILT UNIV MED CTR ALLIEDHEAL      ,TN,37232-5510,Private      ,2,31,33,26,181,207
00353502,VANDERBILT UNIV - SCH OF MED            ,TN,37232-0000,Private      ,5,46,51,52,790,842
00353600,BRYAN COLLEGE                           ,TN,37321-7000,Private      ,43,106,149,822,334,1156
00399800,CHATTANOOGA STATE COMMUNITY COLLEGE     ,TN,37406-1097,Public       ,755,1387,2142,2944,4492,7436
00399900,CLEVELAND STATE COMMUNITY COLLEGE       ,TN,37312-2858,Public       ,226,372,598,1167,1472,2639
00402500,TN TECHNOLOGY CTR AT KNOXVILLE          ,TN,37919-2327,Public       ,77,193,270,324,665,989
00402600,TENNESSEE TECH. CNTR AT CROSSVILLE      ,TN,38555-4142,Public       ,31,98,129,207,353,560
00461700,NATIONAL COLLEGE OF BUSINESS & TECH     ,TN,37211-6605,Proprietary  ,35,177,212,99,637,736
00493400,DRAUGHONS JR CLG OF BUSINESS            ,TN,37217-1056,Proprietary  ,143,736,879,362,2321,2683
00493700,JACKSON STATE COMMUNITY COLLEGE         ,TN,38301-3797,Public       ,278,565,843,1983,2512,4495
00493800,SOUTH COLLEGE                           ,TN,37909-3323,Proprietary  ,79,376,455,240,956,1196
00494700,WEST TENNESSEE BUSINESS COLLEGE         ,TN,38301-3256,Proprietary  ,29,97,126,95,367,462
00528000,TN TECHNOLOGY CTR AT COVINGTON          ,TN,38019-0249,Public       ,16,41,57,80,175,255
00528100,TN TECHNOLOGY CTR AT ELIZABETHTON       ,TN,37643-0789,Public       ,53,172,225,145,545,690
00528200,TN TECHNOLOGY CTR AT HARTSVILLE         ,TN,37074-0000,Public       ,20,51,71,92,242,334
00528300,TN TECHNOLOGY CTR AT NEWBERN            ,TN,38059-1198,Public       ,29,63,92,93,242,335
00530700,TN TECHNOLOGY CTR AT MCMINNVILLE        ,TN,37110-1322,Public       ,16,73,89,112,369,481
00535100,TENNESSEE TECHNOLOGY CENTER AT MORRISTOW,TN,37813-2094,Public       ,74,222,296,303,688,991
00535200,TN TECHNOLOGY CENTER AT MCKENZIE        ,TN,38201-1620,Public       ,24,43,67,131,245,376
00535300,TN TECHNOLOGY CENTER AT LIVINGSTON      ,TN,38570-0219,Public       ,40,68,108,175,363,538
00535400,TN TECHNOLOGY CTR AT JACKSON            ,TN,38301-0000,Public       ,47,118,165,317,648,965
00535600,TENNESSEE TECHNOLOGY CENTER AT HOHENWALD,TN,38462-0000,Public       ,32,73,105,177,399,576
00535700,TENNESSEE TECHNOLOGY CENTER AT CRUMP    ,TN,38327-3402,Public       ,22,78,100,134,331,465
00535800,TN TECHNOLOGY CENTER AT ATHENS          ,TN,37371-0848,Public       ,24,41,65,144,215,359
00535900,TENNESSEE TECHNOLOGY CENTER AT NASHVILLE,TN,37209-0000,Public       ,77,264,341,306,790,1096
00536000,TENNESSEE TECHNOLOGY CENTER AT MEMPHIS  ,TN,38105-3604,Public       ,142,371,513,477,1263,1740
00537800,NORTHEAST STATE TECH CMNTY COLG         ,TN,37617-0246,Public       ,506,688,1194,2072,2418,4490
00537900,TN TECHNOLOGY CTR AT SHELBYVILLE        ,TN,37160-3697,Public       ,63,178,241,298,553,851
00660000,METHODIST HOSP SCH OF NURSING           ,TN,38104-3499,Private      ,0,0,0,55,109,164
00683500,DYERSBURG STATE COMMUNITY COLLEGE       ,TN,38024-0000,Public       ,204,418,622,1167,1644,2811
00683600,MOTLOW STATE COMMUNITY COLLEGE          ,TN,37388-7972,Public       ,351,477,828,1502,1505,3007
00743900,FOUNTAINHEAD COLLEGE OF TECHNOLOGY      ,TN,37918-2583,Proprietary  ,27,41,68,79,148,227
00744000,NASHVILLE AUTO DIESEL COLLEGE           ,TN,37206-3298,Proprietary  ,421,239,660,2018,669,2687
00778200,TENNESSEE TECHNOLOGY CENTER AT DICKSON  ,TN,37055-0000,Public       ,47,135,182,177,504,681
00778300,MIDDLE TENNESSEE SCH OF ANESTHESIA      ,TN,37116-0417,Private      ,0,5,5,8,158,166
00814500,NASHVILLE STATE TECH CMNTY COLLEGE      ,TN,37209-0000,Public       ,531,1101,1632,1900,3880,5780
00865500,GENESIS CAREER COLLEGE OF COOKEVILLE    ,TN,38501-1959,Proprietary  ,20,51,71,51,71,122
00885900,JOHN A GUPTON COLLEGE                   ,TN,37203-2934,Private      ,7,28,35,46,98,144
00886300,WALTERS STATE COMMUNITY COLLEGE         ,TN,37813-6899,Public       ,439,693,1132,2687,2711,5398
00946400,TN TECHNOLOGY CTR AT PULASKI            ,TN,38478-4541,Public       ,24,62,86,88,418,506
00956700,TENNESSEE SCHOOL OF BEAUTY              ,TN,37921-3303,Proprietary  ,18,63,81,78,162,240
00971000,TENNESSEE TECHNOLOGY CENTER AT ONEIDA/HU,TN,37756-4149,Public       ,18,81,99,59,176,235
00991200,VOLUNTEER STATE COMMUNITY COLLEGE       ,TN,37066-3188,Public       ,533,853,1386,2543,2879,5422
00991400,ROANE STATE COMMUNITY COLLEGE           ,TN,37748-8664,Public       ,387,680,1067,2233,2742,4975
00998200,CRICHTON COLLEGE                        ,TN,38111-4745,Private      ,71,276,347,477,1076,1553
01021700,INTERNATIONAL ACADEMY OF DESIGN & TECH  ,TN,37212-0000,Proprietary  ,158,200,358,692,727,1419
01032600,TN TECHNOLOGY CTR AT HARRIMAN           ,TN,37748-1109,Public       ,25,44,69,132,259,391
01043900,SOUTHWEST TENNESSEE COMMUNITY COLLG     ,TN,38104-3322,Public       ,1186,2463,3649,4528,8798,13326
01044700,"PLAZA BEAUTY SCHOOL, INC.               ",TN,38117-4822,Proprietary  ,16,31,47,46,101,147
01046000,AMERICAN BAPTIST THEOLOGICAL SEMINA     ,TN,37207-4994,Private      ,7,23,30,17,87,104
01052900,MEMPHIS THEOLOGICAL SEMINARY            ,TN,38104-0000,Private      ,0,51,51,5,143,148
01070000,TN TECHNOLOGY CENTER AT JACKSBORO       ,TN,37757-2461,Public       ,8,47,55,93,206,299
01155300,WM R MOORE COLLEGE OF TECHNOLOGY        ,TN,38104-0000,Private      ,8,15,23,35,57,92
01216400,TENNESSEE TECHNICAL CNTR AT RIPLEY      ,TN,38063-7359,Public       ,8,57,65,34,197,231
01254700,EMMANUEL SCHOOL OF RELIGION             ,TN,37601-0000,Private      ,0,17,17,3,47,50
01269300,PELLISSIPPI STATE COMMUNITY COLLEGE     ,TN,37933-0990,Public       ,837,964,1801,3170,2778,5948
02092800,TENNESSEE TECHNOLOGY CENTER AT WHITEVILL,TN,38075-0000,Public       ,31,61,92,85,201,286
02103500,TN TECHNOLOGY CTR AT MURFREESBORO       ,TN,37129-0000,Public       ,50,112,162,181,332,513
02106400,O'MORE COLLEGE OF DESIGN                ,TN,37064-0000,Private      ,29,26,55,172,77,249
02125300,NASHVILLE CLG OF MEDICAL CAREERS        ,TN,37115-0000,Proprietary  ,8,70,78,23,204,227
02153100,JON NAVE UNIVERSITY OF COSMETOLOGY      ,TN,37013-3347,Proprietary  ,23,28,51,39,65,104
02157100,CONCORDE CAREER COLLEGE                 ,TN,38137-0000,Proprietary  ,79,426,505,261,1243,1504
02188300,PENTECOSTAL THEOLOGICAL SEMINARY        ,TN,37320-0000,Private      ,0,42,42,2,162,164
02204200,"CHATTANOOGA COLLEGE - MEDICAL, DENTAL AN",TN,37411-0000,Proprietary  ,11,69,80,20,234,254
02237900,TN TECHNOLOGY CENTER AT PARIS           ,TN,38242-0000,Public       ,35,123,158,122,498,620
02257400,ARNOLD'S BEAUTY SCHOOL                  ,TN,38358-0000,Proprietary  ,13,18,31,28,30,58
02274500,ACADEMY OF COSMETOLOGY                  ,TN,38111-0000,Proprietary  ,0,0,0,1,0,1
02275500,REUBEN-ALLEN COLLEGE                    ,TN,37922-0000,Proprietary  ,9,10,19,19,25,44
02278700,MR WAYNES SCH OF UNISEX HAIR DESIGN     ,TN,38501-0000,Proprietary  ,5,4,9,11,17,28
02293900,VOLUNTEER BEAUTY ACADEMY-NASHVILLE      ,TN,37115-2112,Proprietary  ,14,31,45,24,58,82
02294000,VOLUNTEER BEAUTY ACADEMY-DYERSBURG      ,TN,38024-1622,Proprietary  ,11,25,36,20,52,72
02326200,KAPLAN CAREER INSTITUTE                 ,TN,37217-1342,Proprietary  ,27,101,128,90,362,452
02326300,MEDVANCE INSTITUTE                      ,TN,38501-4305,Proprietary  ,120,328,448,247,948,1195
02335900,VOLUNTEER BEAUTY ACADEMY-NASHVILLE      ,TN,37209-3033,Proprietary  ,15,33,48,22,76,98
02359800,ITT TECHNICAL INSTITUTE                 ,TN,37214-3717,Proprietary  ,339,632,971,924,1609,2533
02498000,NEW WAVE HAIR ACADEMY                   ,TN,38128-0000,Proprietary  ,16,46,62,35,128,163
02539800,QUEEN CITY COLLEGE                      ,TN,37042-0000,Proprietary  ,9,48,57,27,161,188
02540000,TENNESSEE ACADEMY OF COSMETOLOGY        ,TN,38133-0000,Proprietary  ,22,62,84,47,129,176
02578200,NOSSI COLLEGE OF ART                    ,TN,37072-0000,Proprietary  ,31,55,86,211,263,474
02595000,FAYETTEVILLE BEAUTY SCHOOL              ,TN,37334-2909,Proprietary  ,7,46,53,19,68,87
02597600,NEW WAVE HAIR ACADEMY                   ,TN,38301-3812,Proprietary  ,20,79,99,42,163,205
02599710,VATTEROTT COLLEGE - MEMPHIS             ,TN,38132-1714,Proprietary  ,27,167,194,86,473,559
02605501,REMINGTON COLLEGE - MEMPHIS CAMPUS      ,TN,38132-0000,Proprietary  ,94,386,480,284,1192,1476
02614200,MILLER MOTTE BUSINESS COLLEGE           ,TN,37040-6023,Proprietary  ,55,171,226,134,594,728
02614203,MILLER - MOTTE TECHNICAL COLLEGE - CHATT,TN,37421-7220,Proprietary  ,58,203,261,168,756,924
02614204,MILLER - MOTTE TECHNICAL COLLEGE - GOODL,TN,37072-1870,Proprietary  ,20,90,110,51,263,314
03001800,FREE WILL BAPTIST BIBLE COLLEGE         ,TN,37205-2498,Private      ,55,33,88,252,81,333
03008800,FRANKLIN ACADEMY                        ,TN,37312-3939,Private      ,15,19,34,23,55,78
03012500,NEW WAVE HAIR ACADEMY                   ,TN,38111-4253,Proprietary  ,31,149,180,77,312,389
03024900,TENNESSEE ACADEMY OF COSMETOLOGY        ,TN,38125-3442,Proprietary  ,17,66,83,41,120,161
03061100,GENESIS CAREER COLLEGE OF LEBANON       ,TN,37087-2718,Proprietary  ,19,76,95,29,161,190
03073400,ITT TECHNICAL INSTITUTE                 ,TN,37932-3343,Proprietary  ,466,628,1094,1247,1780,3027
03079100,NORTH CENTRAL INSTITUTE                 ,TN,37042-3116,Proprietary  ,6,21,27,19,67,86
03088800,WATKINS INSTITUTE COLLEGE OF ART & DESIG,TN,37228-1306,Private      ,31,37,68,265,218,483
03126900,STYLES & PROFILES BEAUTY COLLEGE        ,TN,38375-2109,Proprietary  ,1,8,9,3,16,19
03149300,NEW DIRECTIONS HAIR ACADEMY             ,TN,37209-0000,Proprietary  ,58,100,158,113,245,358
03355400,RICHMONT GRADUATE UNIVERSITY            ,TN,37404-0000,Private      ,0,36,36,5,172,177
03440300,BAPTIST MEMORIAL COLLEGE OF HEALTH      ,TN,38104-3104,Private      ,65,129,194,580,939,1519
03454300,TENNESSEE CAREER COLLEGE                ,TN,37214-2945,Proprietary  ,6,38,44,22,109,131
03487300,TEMPLE BAPTIST SEMINARY                 ,TN,37404-0000,Private      ,0,14,14,4,24,28
03513500,WILLIAMSON CHRISTIAN COLLEGE            ,TN,37067-8237,Private      ,2,20,22,11,43,54
03647300,NEW CONCEPTS SCHOOL OF COSMETOLOGY      ,TN,37311-7373,Proprietary  ,6,15,21,8,26,34
03683300,INTERNATIONAL BARBER & STYLE COLLEGE    ,TN,37209-0000,Proprietary  ,17,116,133,23,156,179
03774300,PYRAMID BEAUTY SCHOOL                   ,TN,38104-2324,Proprietary  ,8,32,40,16,64,80
03774400,SHEAR ACADEMY                           ,TN,38555-4177,Proprietary  ,2,3,5,7,20,27
03830300,SAE INSTITUTE OF TECHNOLOGY             ,TN,37203-4310,Proprietary  ,60,58,118,184,187,371
03841300,CAREER BEAUTY COLLEGE                   ,TN,38464-3634,Proprietary  ,4,14,18,11,34,45
03920300,INSTITUTE OF HAIR DESIGN                ,TN,38310-1801,Proprietary  ,6,20,26,15,53,68
03930300,BUCHANAN BEAUTY COLLEGE                 ,TN,37160-2741,Proprietary  ,3,13,16,12,27,39
04025300,LAST MINUTE CUTS SCHOOL OF BARBERING AND,TN,38109-7709,Proprietary  ,7,28,35,15,50,65
04035300,NAVE COSMETOLOGY ACADEMY                ,TN,38401-6335,Proprietary  ,6,27,33,26,70,96
04037400,MASON ACADEMY OF COSMETOLOGY            ,TN,38049-7048,Proprietary  ,1,7,8,1,7,8
00353700,ABILENE CHRISTIAN UNIVERSITY            ,TX,79699-3701,Private      ,720,346,1066,3925,1084,5009
00353900,ALVIN COMMUNITY COLLEGE                 ,TX,77511-4807,Public       ,223,410,633,705,1284,1989
00354000,AMARILLO COLLEGE                        ,TX,79109-2446,Public       ,535,1188,1723,2180,4247,6427
00354100,ANGELO STATE UNIVERSITY                 ,TX,76909-5069,Public       ,582,380,962,4629,1993,6622
00354300,AUSTIN COLLEGE                          ,TX,75090-4440,Private      ,86,27,113,1541,130,1671
00354400,AUSTIN PRESBYTERIAN THEOLOGICAL SEM     ,TX,78705-5797,Private      ,0,12,12,0,157,157
00354500,BAYLOR UNIVERSITY                       ,TX,76798-1458,Private      ,894,428,1322,13379,3159,16538
00354600,COASTAL BEND COLLEGE                    ,TX,78102-2197,Public       ,327,581,908,1231,1693,2924
00354900,BLINN COLLEGE                           ,TX,77833-4098,Public       ,1302,825,2127,6557,2907,9464
00355300,CISCO JUNIOR COLLEGE                    ,TX,76437-9803,Public       ,373,509,882,1408,1578,2986
00355400,CLARENDON COLLEGE                       ,TX,79226-0000,Public       ,108,121,229,359,284,643
00355600,COMMONWEALTH INST OF FUNERAL SVC        ,TX,77090-5918,Private      ,16,34,50,51,122,173
00355700,CONCORDIA UNIVERSITY TEXAS              ,TX,78726-4141,Private      ,94,182,276,1001,741,1742
00355800,NORTH CENTRAL TEXAS COLLEGE             ,TX,76240-4699,Public       ,396,580,976,1530,1946,3476
00356000,DALLAS BAPTIST UNIVERSITY               ,TX,75211-9299,Private      ,350,861,1211,2052,2886,4938
00356100,CEDAR VALLEY COLLEGE                    ,TX,75134-0000,Public       ,427,780,1207,1399,2221,3620
00356200,DALLAS THEOLOGICAL SEM                  ,TX,75204-0000,Private      ,1,101,102,14,465,479
00356300,DEL MAR COLLEGE                         ,TX,78404-3897,Public       ,918,1372,2290,3724,5071,8795
00356400,EAST TEXAS BAPTIST UNIVERSITY           ,TX,75670-1423,Private      ,167,67,234,1533,383,1916
00356500,TEXAS A&M UNIVERSITY - COMMERCE         ,TX,75429-3011,Public       ,616,1186,1802,3359,4356,7715
00356600,EPISCOPAL THEOL SEM OF THE STHWST       ,TX,78768-0000,Private      ,0,4,4,1,14,15
00356800,FRANK PHILLIPS COLLEGE                  ,TX,79008-0000,Public       ,120,208,328,304,442,746
00357000,GRAYSON COUNTY COLLEGE                  ,TX,75020-8299,Public       ,280,493,773,1032,1723,2755
00357100,HARDIN-SIMMONS UNIVERSITY               ,TX,79698-6050,Private      ,211,167,378,2006,895,2901
00357200,TRINITY VALLEY COMMUNITY COLLEGE        ,TX,75751-2734,Public       ,406,716,1122,1425,2336,3761
00357300,HILL COLLEGE                            ,TX,76645-2711,Public       ,157,182,339,576,517,1093
00357301,HILL COLLEGE                            ,TX,76031-0000,Public       ,130,238,368,424,861,1285
00357400,HOWARD COLLEGE                          ,TX,79720-0213,Public       ,163,351,514,857,1342,2199
00357500,HOWARD PAYNE UNIVERSITY                 ,TX,76801-2715,Private      ,175,86,261,1407,384,1791
00357600,HOUSTON BAPTIST UNIVERSITY              ,TX,77074-3298,Private      ,227,344,571,1635,1607,3242
00357700,HUSTON - TILLOTSON UNIVERSITY           ,TX,78702-2795,Private      ,137,97,234,731,415,1146
00357800,UNIVERSITY OF THE INCARNATE WORD        ,TX,78209-6398,Private      ,390,686,1076,3237,3493,6730
00357900,JACKSONVILLE COLLEGE                    ,TX,75766-4759,Private      ,78,60,138,208,141,349
00358000,KILGORE COLLEGE                         ,TX,75662-3299,Public       ,423,726,1149,1896,2475,4371
00358100,LAMAR UNIVERSITY-BEAUMONT               ,TX,77710-0042,Public       ,1018,849,1867,5983,3948,9931
00358200,LAREDO COMMUNITY COLLEGE                ,TX,78040-4395,Public       ,1081,1047,2128,3616,2989,6605
00358300,LEE COLLEGE                             ,TX,77520-4796,Public       ,339,688,1027,1112,2444,3556
00358400,LETOURNEAU UNIVERSITY                   ,TX,75607-0000,Private      ,88,822,910,1478,3432,4910
00358500,LON MORRIS COLLEGE                      ,TX,75766-2900,Private      ,78,31,109,352,87,439
00358600,LUBBOCK CHRISTIAN UNIVERSITY            ,TX,79407-2099,Private      ,281,213,494,1376,1058,2434
00358800,UNIVERSITY OF MARY HARDIN-BAYLOR        ,TX,76513-2599,Private      ,145,207,352,2443,1235,3678
00359000,MCLENNAN COMMUNITY COLLEGE              ,TX,76708-1498,Public       ,555,1105,1660,2815,4360,7175
00359100,MCMURRY UNIVERSITY                      ,TX,79697-0001,Private      ,151,108,259,1507,564,2071
00359200,MIDWESTERN STATE UNIVERSITY             ,TX,76308-2099,Public       ,469,464,933,3173,2413,5586
00359300,NAVARRO COLLEGE                         ,TX,75110-4818,Public       ,781,1017,1798,2491,2801,5292
00359400,UNIVERSITY OF NORTH TEXAS               ,TX,76203-1370,Public       ,2570,2747,5317,20434,13168,33602
00359500,OBLATE SCHOOL OF THEOLOGY               ,TX,78216-0000,Private      ,1,5,6,3,23,26
00359600,ODESSA COLLEGE                          ,TX,79764-7127,Public       ,347,470,817,1345,2087,3432
00359800,OUR LADY OF THE LAKE UNIVERSITY         ,TX,78207-4689,Private      ,166,509,675,1949,2384,4333
00359900,UNIVERSITY OF TEXAS - PAN AMERICAN      ,TX,78541-2999,Public       ,1402,1832,3234,12088,7338,19426
00360000,PANOLA COLLEGE                          ,TX,75633-2397,Public       ,201,311,512,743,936,1679
00360100,PARIS JR COLLEGE                        ,TX,75460-6298,Public       ,338,625,963,1175,1824,2999
00360200,PAUL QUINN COLLEGE                      ,TX,75241-4398,Private      ,193,291,484,668,827,1495
00360300,RANGER COLLEGE                          ,TX,76470-3298,Public       ,147,57,204,514,278,792
00360400,RICE UNIVERSITY                         ,TX,77251-1892,Private      ,214,239,453,5097,1524,6621
00360600,SAM HOUSTON STATE UNIVERSITY            ,TX,77340-0000,Public       ,1493,1087,2580,11560,5114,16674
00360700,ALAMO CMTY CLG DISTRICT PROGRAM         ,TX,78207-0000,Public       ,44,62,106,139,217,356
00360800,ST PHILLIPS COLLEGE                     ,TX,78203-2098,Public       ,1085,2356,3441,3587,7238,10825
00360900,SAN JACINTO CLG-CENTRAL-NORTH-SOUTH     ,TX,77501-0000,Public       ,1516,2081,3597,5200,7108,12308
00361000,SCHREINER UNIVERSITY                    ,TX,78028-5697,Private      ,76,85,161,925,423,1348
00361100,SOUTH PLAINS COLLEGE                    ,TX,79336-6504,Public       ,920,897,1817,4005,3580,7585
00361200,UNIV OF HOUSTON-DOWNTOWN                ,TX,77002-1001,Public       ,862,1340,2202,5014,6892,11906
00361300,SOUTHERN METHODIST UNIVERSITY           ,TX,75275-0181,Private      ,287,729,1016,4878,4128,9006
00361400,SOUTHWEST TEXAS JR COLLEGE              ,TX,78801-6221,Public       ,680,867,1547,1852,2257,4109
00361500,TEXAS STATE UNIVERSITY--SAN MARCOS      ,TX,78666-4602,Public       ,2071,1609,3680,17759,9319,27078
00361600,SOUTHWESTERN ASSEMBLIES OF GOD UNIV     ,TX,75165-2397,Private      ,249,231,480,1026,779,1805
00361700,SOUTHWESTERN BAPTIST THEOL SEMINARY     ,TX,76122-0000,Private      ,3,32,35,27,136,163
00361800,SOUTHWESTERN CHRISTIAN COLLEGE          ,TX,75160-3400,Private      ,77,26,103,184,81,265
00361900,SOUTHWESTERN ADVENTIST UNIVERSITY       ,TX,76059-1922,Private      ,179,141,320,624,422,1046
00362000,SOUTHWESTERN UNIVERSITY                 ,TX,78626-6111,Private      ,50,26,76,1711,125,1836
00362100,ST EDWARDS UNIVERSITY                   ,TX,78704-0000,Private      ,213,349,562,3625,2225,5850
00362300,ST MARY'S UNIV OF SAN ANTONIO           ,TX,78228-8500,Private      ,180,314,494,3198,2511,5709
00362400,STEPHEN F AUSTIN STATE UNIVERSITY       ,TX,75962-0001,Public       ,1197,916,2113,9080,3511,12591
00362500,SUL ROSS STATE UNIVERSITY               ,TX,79832-0113,Public       ,282,533,815,1334,1619,2953
00362600,TARRANT COUNTY COLLEGE                  ,TX,76102-6599,Public       ,2286,3491,5777,7754,11059,18813
00362700,TEMPLE COLLEGE                          ,TX,76504-7435,Public       ,390,697,1087,1363,2161,3524
00362800,TEXARKANA COLLEGE                       ,TX,75599-0001,Public       ,282,515,797,1301,1744,3045
00363000,PRAIRIE VIEW A&M UNIVERSITY             ,TX,77446-2967,Public       ,1046,1109,2155,7882,4451,12333
00363100,TARLETON STATE UNIVERSITY               ,TX,76402-0000,Public       ,861,1007,1868,5036,4005,9041
00363200,TEXAS A&M UNIVERSITY                    ,TX,77842-0000,Public       ,3086,1399,4485,26076,6694,32770
00363400,TEXAS STATE TECHNICAL CLG AT WACO       ,TX,76705-1695,Public       ,674,905,1579,2327,2371,4698
00363500,TEXAS CHIROPRACTIC COLLEGE              ,TX,77505-1699,Private      ,1,83,84,24,416,440
00363600,TEXAS CHRISTIAN UNIVERSITY              ,TX,76129-0001,Private      ,319,336,655,7106,2332,9438
00363700,JARVIS CHRISTIAN COLLEGE                ,TX,75765-1470,Private      ,192,106,298,571,205,776
00363800,TEXAS COLLEGE                           ,TX,75702-4500,Private      ,175,216,391,652,544,1196
00363900,TEXAS A&M UNIVERSITY-KINGSVILLE         ,TX,78363-8203,Public       ,614,897,1511,4243,3639,7882
00364100,TEXAS LUTHERAN UNIVERSITY               ,TX,78155-5999,Private      ,184,53,237,1775,219,1994
00364200,TEXAS SOUTHERN UNIVERSITY               ,TX,77004-4598,Public       ,1854,2088,3942,10488,9975,20463
00364300,TEXAS SOUTHMOST COLLEGE                 ,TX,78520-4992,Public       ,40,80,120,216,300,516
00364400,TEXAS TECH UNIVERSITY                   ,TX,79409-0000,Public       ,2246,1363,3609,17197,7676,24873
00364500,TEXAS WESLEYAN UNIVERSITY               ,TX,76105-1536,Private      ,157,370,527,980,2881,3861
00364600,TEXAS WOMAN'S UNIVERSITY                ,TX,76204-5587,Public       ,444,1109,1553,4351,7295,11646
00364700,TRINITY UNIVERSITY                      ,TX,78212-7200,Private      ,127,71,198,2776,420,3196
00364800,TYLER JUNIOR COLLEGE                    ,TX,75701-3436,Public       ,974,995,1969,4396,3715,8111
00365100,UNIVERSITY OF DALLAS                    ,TX,75062-4799,Private      ,108,228,336,1455,989,2444
00365200,UNIVERSITY OF HOUSTON                   ,TX,77204-2010,Public       ,2569,3040,5609,21630,17095,38725
00365400,UNIVERSITY OF ST THOMAS                 ,TX,77006-4626,Private      ,138,246,384,1360,1095,2455
00365600,UNIVERSITY OF TEXAS-ARLINGTON           ,TX,76019-0000,Public       ,1560,2289,3849,13177,12704,25881
00365800,UNIVERSITY OF TEXAS-AUSTIN              ,TX,78713-7758,Public       ,1872,1566,3438,33346,15610,48956
00365900,UT HEALTH CENTER-SAN ANTONIO            ,TX,78229-3900,Public       ,63,256,319,498,2598,3096
00366100,UNIVERSITY OF TEXAS-EL PASO             ,TX,79968-0629,Public       ,1314,1569,2883,10644,8749,19393
00366200,VICTORIA COLLEGE (THE)                  ,TX,77901-4494,Public       ,303,519,822,1044,1771,2815
00366300,WAYLAND BAPTIST UNIVERSITY              ,TX,79072-6998,Private      ,193,709,902,945,2250,3195
00366400,WEATHERFORD COLLEGE                     ,TX,76086-5699,Public       ,269,351,620,1380,1415,2795
00366500,WEST TEXAS A&M UNIVERSITY               ,TX,79016-0000,Public       ,577,849,1426,3485,3045,6530
00366800,WHARTON COUNTY JR COLLEGE               ,TX,77488-3298,Public       ,432,489,921,1766,1671,3437
00366900,WILEY COLLEGE                           ,TX,75670-5199,Private      ,164,212,376,562,494,1056
00400300,CENTRAL TEXAS COLLEGE                   ,TX,76540-4199,Public       ,452,2122,2574,1631,6774,8405
00407221,NORTHWOOD UNIVERSITY                    ,TX,75104-0000,Private      ,131,197,328,623,667,1290
00445300,EL CENTRO COLLEGE                       ,TX,75202-0000,Public       ,528,1290,1818,2112,4423,6535
00494800,TEXAS A&M UNIV SYSTEM HEALTH SCI CT     ,TX,77840-7896,Public       ,3,13,16,43,414,457
00494801,TEXAS A&M UNIV SYSTEMS-HSC              ,TX,77843-1114,Public       ,17,69,86,140,656,796
00494900,BAYLOR COLLEGE OF MEDICINE              ,TX,77030-0000,Private      ,11,64,75,137,1094,1231
00495100,UNIV OF TEXAS HEALTH SCIENCE CENTER     ,TX,77225-0000,Public       ,22,215,237,282,2364,2646
00495200,UNIV OF TEXAS MEDICAL BRANCH            ,TX,77550-0000,Public       ,37,157,194,281,1776,2057
00497200,GALVESTON COLLEGE                       ,TX,77550-7447,Public       ,306,427,733,722,1162,1884
00497700,SOUTH TEXAS COLLEGE OF LAW              ,TX,77002-0000,Private      ,1,138,139,13,1847,1860
00520307,REMINGTON COLLEGE - DALLAS CAMPUS       ,TX,75041-9935,Proprietary  ,13,30,43,34,84,118
00661200,COVENANT SCH OF NSG & ALLIED HEALTH     ,TX,79410-0000,Private      ,18,36,54,103,247,350
00666100,ANGELINA COLLEGE                        ,TX,75902-0000,Public       ,441,851,1292,1607,2263,3870
00694100,DALLAS CHRISTIAN COLLEGE                ,TX,75234-7229,Private      ,65,100,165,212,260,472
00709600,COLLEGE OF THE MAINLAND                 ,TX,77591-2499,Public       ,268,570,838,748,1605,2353
00728700,BRAZOSPORT COLLEGE                      ,TX,77566-3199,Public       ,224,311,535,640,949,1589
00732907,ITT TECHNICAL INSTITUTE                 ,TX,77063-3751,Proprietary  ,21,51,72,124,178,302
00754805,WESTWOOD COLLEGE OF TECHNOLOGY          ,TX,77074-0000,Proprietary  ,83,144,227,183,286,469
00758602,REMINGTON COLLEGE - FORT WORTH CAMPUS   ,TX,76112-1280,Proprietary  ,73,243,316,208,767,975
00835300,LINCOLN COLLEGE OF TECHNOLOGY           ,TX,75052-0000,Proprietary  ,233,263,496,685,768,1453
00849800,MIMS CLASSIC BEAUTY COLLEGE             ,TX,78216-0000,Proprietary  ,10,20,30,33,58,91
00850300,MOUNTAIN VIEW COLLEGE                   ,TX,75211-6599,Public       ,562,882,1444,1991,2717,4708
00850400,RICHLAND COLLEGE                        ,TX,75243-2199,Public       ,829,1179,2008,2766,3910,6676
00851000,EASTFIELD COLLEGE                       ,TX,75150-2099,Public       ,689,1133,1822,2294,3601,5895
00908200,INTERNATIONAL BUSINESS COLLEGE          ,TX,79903-0000,Proprietary  ,64,244,308,147,408,555
00916300,SAN ANTONIO COLLEGE                     ,TX,78212-4299,Public       ,2234,3469,5703,8298,11844,20142
00916302,SAN ANTONIO COLLEGE FT SAM HOUSTON      ,TX,78234-0000,Public       ,5,4,9,41,25,66
00922500,TEXAS STATE TECHNICAL COLLEGE  HARLINGEN,TX,78550-3697,Public       ,606,876,1482,2782,2469,5251
00946600,KAPLAN CAREER INSTITUTE                 ,TX,78216-1899,Proprietary  ,109,332,441,239,796,1035
00946607,SAN ANT COL OF MED & DENTAL - MCALLEN   ,TX,78503-1622,Proprietary  ,133,278,411,278,600,878
00946609,CAREER CENTERS OF TX - CORPUS CHRISTI   ,TX,78416-9900,Proprietary  ,57,228,285,112,563,675
00946610,KAPLAN CAREER INSTITUTE - CAREER CENTERS,TX,76103-2310,Proprietary  ,50,271,321,109,511,620
00954900,WESTERN TEXAS COLLEGE                   ,TX,79549-9501,Public       ,82,74,156,388,240,628
00965100,TEXAS A&M INTERNATIONAL UNIVERSITY      ,TX,78041-1900,Public       ,583,734,1317,3055,2415,5470
00974100,UNIVERSITY OF TEXAS AT DALLAS           ,TX,75083-0000,Public       ,714,1264,1978,5680,5769,11449
00976800,UNIVERSITY OF NORTH TEXAS HEALTH SCIENCE,TX,76107-2699,Public       ,8,80,88,82,1091,1173
00979700,MIDLAND COLLEGE                         ,TX,79705-6397,Public       ,294,494,788,1414,1890,3304
00993000,UNIVERSITY OF TEXAS-PERMIAN BASIN       ,TX,79762-0001,Public       ,281,470,751,1533,1912,3445
00993200,TEXAS STATE TECH CLG-WEST TEXAS         ,TX,79556-4108,Public       ,116,249,365,413,641,1054
00993201,TEXAS STATE TECH COLLEGE-ABILENE        ,TX,79601-0000,Public       ,49,107,156,137,278,415
00993204,TEXAS STATE TECH CLG-BRECKENRIDGE       ,TX,76424-0000,Public       ,21,56,77,42,152,194
00993205,TEXAS STATE TECH COLLEGE-BROWNWOOD      ,TX,76801-0000,Public       ,37,95,132,103,266,369
01001900,UNIV OF TEXAS SOUTHWESTERN MED CTR      ,TX,75390-9096,Public       ,14,114,128,143,1547,1690
01005700,AMERICAN COMMERCIAL COLLEGE             ,TX,79602-1399,Proprietary  ,16,97,113,29,241,270
01005900,AMERICAN COMMERCIAL COLLEGE             ,TX,79761-0000,Proprietary  ,33,127,160,53,251,304
01005901,AMERICAN COMMERCIAL COLLEGE - AMERICAN C,TX,76310-2303,Proprietary  ,27,97,124,43,210,253
01006000,VERNON COLLEGE                          ,TX,76384-4092,Public       ,160,369,529,763,1567,2330
01011500,UNIVERSITY OF TEXAS-SAN ANTONIO         ,TX,78249-0600,Public       ,2418,2517,4935,20583,13563,34146
01013000,WADE COLLEGE                            ,TX,75207-3199,Proprietary  ,51,50,101,165,168,333
01038700,EL PASO COMMUNITY COLLEGE               ,TX,79998-0000,Public       ,2025,2705,4730,9751,11436,21187
01050900,HALLMARK COLLEGE OF AERONAUTICS         ,TX,78214-0000,Proprietary  ,100,244,344,203,618,821
01062400,CENTRAL TEXAS COMMERCIAL COLLEGE        ,TX,75231-5033,Proprietary  ,23,15,38,56,33,89
01063300,HOUSTON COMMUNITY COLLEGE               ,TX,77002-0000,Public       ,307,648,955,1076,1990,3066
01063303,HOUSTON COMMUNITY COLLEGE - CENTRAL     ,TX,77004-0000,Public       ,732,1687,2419,2223,4910,7133
01063304,HOUSTON COMMUNITY COLLEGE - RICE AVIATIO,TX,77061-5001,Public       ,516,1059,1575,1381,2832,4213
01063305,HOUSTON COMMUNITY COLLEGE - NORTHEAST CO,TX,77066-5221,Public       ,597,1048,1645,1585,2806,4391
01063306,HOUSTON COMMUNITY COLLEGE - CENTRAL COLL,TX,77088-6372,Public       ,443,779,1222,1320,2182,3502
01063339,HOUSTON COMMUNITY COLLEGE - STAFFORD    ,TX,77477-0000,Public       ,329,477,806,1172,1620,2792
01063347,HOUSTON COMMUNITY COLLEGE - SOUTHWEST   ,TX,77081-7849,Public       ,569,1104,1673,3342,5581,8923
01063348,HOUSTON COMMUNITY COLLEGE - COLEMAN     ,TX,77030-0000,Public       ,97,423,520,288,1345,1633
01067400,TEXAS TECH U HEALTH SCIENCES CENTER     ,TX,79430-0000,Public       ,47,214,261,532,2125,2657
01076100,DALLAS INSTITUTE OF FUNERAL SERVICE     ,TX,75227-4314,Private      ,24,70,94,69,192,261
01114500,LONE STAR COLLEGE SYSTEM                ,TX,77073-3499,Public       ,818,1460,2278,3289,5561,8850
01114501,LONE STAR COLLEGE-KINGWOOD              ,TX,77339-0000,Public       ,381,624,1005,1102,1917,3019
01114502,LONE STAR COLLEGE-TOMBALL               ,TX,77375-0000,Public       ,257,416,673,877,1448,2325
01114503,LONE STAR COLLEGE-MONTGOMERY            ,TX,77384-0000,Public       ,315,624,939,1152,2173,3325
01114504,LONE STAR COLLEGE-CY-FAIR               ,TX,77433-1383,Public       ,422,551,973,1554,2018,3572
01116100,TEXAS A&M UNIV CORPUS CHRISTI           ,TX,78412-5599,Public       ,733,783,1516,6406,3678,10084
01116300,UNIVERSITY OF TEXAS AT TYLER            ,TX,75799-6699,Public       ,482,726,1208,3403,3293,6696
01171100,UNIVERSITY OF HOUSTON-CLEAR LAKE        ,TX,77058-1002,Public       ,238,1152,1390,1333,5106,6439
01201500,AUSTIN COMMUNITY COLLEGE                ,TX,78752-4390,Public       ,2037,2741,4778,8262,10819,19081
01202000,VICTORIA BEAUTY COLLEGE                 ,TX,77901-6233,Proprietary  ,24,53,77,34,80,114
01226800,BALDWIN BEAUTY SCHOOL #5                ,TX,78704-4785,Proprietary  ,21,48,69,54,104,158
01229700,LAREDO BEAUTY COLLEGE                   ,TX,78040-1051,Proprietary  ,23,77,100,54,202,256
01248200,ATI TECHNICAL TRAINING CENTER           ,TX,75235-4622,Proprietary  ,82,309,391,240,948,1188
01248300,COSMETOLOGY CAREER CENTER               ,TX,75006-2566,Proprietary  ,30,56,86,76,154,230
01248800,INTERNATIONAL BEAUTY COLLEGE NO 3       ,TX,75040-0000,Proprietary  ,8,42,50,15,58,73
01276400,METROPLEX BEAUTY SCHOOL                 ,TX,75149-0000,Proprietary  ,7,35,42,20,83,103
01293000,CHARLES & SUE'S SCH OF HAIR DESIGN      ,TX,77801-0000,Proprietary  ,18,28,46,41,69,110
01293100,VELMA B'S BEAUTY ACADEMY                ,TX,75216-1511,Proprietary  ,9,25,34,23,47,70
01293200,TINT SCHOOL OF MAKEUP & COSMETOLOGY     ,TX,75061-4235,Proprietary  ,10,21,31,17,51,68
01298200,BORDER INSTITUTE OF TECHNOLOGY          ,TX,79925-6709,Proprietary  ,13,20,33,36,81,117
01300300,NEILSON BEAUTY COLLEGE                  ,TX,75208-4637,Proprietary  ,7,20,27,16,57,73
01301600,OGLE SCHOOL HAIR SKIN NAILS             ,TX,76013-7400,Proprietary  ,45,46,91,94,130,224
01323100,UNIVERSITY OF HOUSTON-VICTORIA          ,TX,77901-5731,Public       ,43,414,457,294,1556,1850
02058600,CONLEE'S COLLEGE OF COSMETOLOGY         ,TX,78028-0000,Proprietary  ,3,13,16,10,36,46
02074100,CAPITOL CITY TRADE & TECHNICAL SCH      ,TX,78704-0000,Proprietary  ,56,272,328,99,400,499
02077400,NORTH LAKE COLLEGE                      ,TX,75038-0000,Public       ,388,659,1047,1254,2090,3344
02078100,STEPHENVILLE BEAUTY COLLEGE             ,TX,76401-0000,Proprietary  ,8,13,21,14,21,35
02081400,ARLINGTON BAPTIST COLLEGE               ,TX,76012-0000,Private      ,41,55,96,92,94,186
02093600,SOUTHWEST SCHOOL OF ELECTRONIC          ,TX,78735-0000,Proprietary  ,7,31,38,20,60,80
02098300,WESTERN TECHNICAL COLLEGE               ,TX,79927-2105,Proprietary  ,301,432,733,382,495,877
02100200,BROOKHAVEN COLLEGE                      ,TX,75244-0000,Public       ,463,853,1316,1475,2577,4052
02113610,AMERICAN INTERCONTINENTAL UNIV - HOUSTON,TX,77042-4516,Proprietary  ,71,160,231,277,490,767
02116008,SANFORD-BROWN COLLEGE - HOUSTON         ,TX,77036-8507,Proprietary  ,44,211,255,104,612,716
02116012,SANFORD-BROWN INSTITUTE - HOUSTON NORTH ,TX,77008-1058,Proprietary  ,38,112,150,78,390,468
02117100,ART INSTITUTE OF HOUSTON                ,TX,77056-0000,Proprietary  ,298,290,588,1239,1044,2283
02119200,COURT REPORTING INSTITUTE OF DALLAS     ,TX,75247-6913,Proprietary  ,53,246,299,189,942,1131
02136800,AMERICAN COMMERCIAL COLLEGE             ,TX,76904-0000,Proprietary  ,16,95,111,40,176,216
02144800,VET TECH INSTITUTE OF HOUSTON           ,TX,77027-9881,Proprietary  ,37,26,63,109,76,185
02176100,PIPO ACADEMY OF HAIR DESIGN             ,TX,79903-0000,Proprietary  ,5,14,19,28,46,74
02188600,AUSTIN BUSINESS COLLEGE                 ,TX,78741-0000,Proprietary  ,40,121,161,99,229,328
02200800,AMERICAN COMMERCIAL COLLEGE             ,TX,79411-0000,Proprietary  ,17,88,105,38,198,236
02218300,SOUTHWEST SCHOOL OF BUSINESS & TECHNICAL,TX,78221-0000,Proprietary  ,23,66,89,56,173,229
02224600,TRI-STATE BEAUTY SCHOOL #1              ,TX,79915-0000,Proprietary  ,34,96,130,96,271,367
02228400,TEXAS AERO TECHNOLOGY                   ,TX,75209-0000,Proprietary  ,0,1,1,0,1,1
02230500,OGLE SCHOOL HAIR SKIN NAILS             ,TX,76132-3638,Proprietary  ,54,58,112,114,148,262
02230600,OGLE SCHOOL HAIR SKIN NAILS             ,TX,76053-4650,Proprietary  ,27,22,49,43,57,100
02239100,CENTRAL TEXAS BEAUTY COLLEGE #2         ,TX,78664-4204,Proprietary  ,20,70,90,32,106,138
02245200,MTI COLLEGE OF BUS. & TECHNOLOGY        ,TX,77036-0000,Proprietary  ,65,245,310,156,558,714
02248200,MILAN INSTITUTE OF COSMETOLOGY          ,TX,79103-0000,Proprietary  ,55,147,202,106,305,411
02254800,TEXAS VOCATIONAL SCHOOLS                ,TX,77901-0000,Proprietary  ,15,46,61,34,99,133
02259400,AMBERTON UNIVERSITY                     ,TX,75041-0000,Private      ,4,41,45,15,132,147
02261300,EVEREST INSTITUTE                       ,TX,78213-3841,Proprietary  ,232,881,1113,563,2278,2841
02261301,NATIONAL INSTITUTE OF TECHNOLOGY        ,TX,77027-0000,Proprietary  ,14,51,65,67,144,211
02267100,EXPOSITO SCHOOL OF HAIR DESIGN          ,TX,79109-0000,Proprietary  ,10,17,27,28,58,86
02276000,FRANKLIN BEAUTY SCHOOL #2               ,TX,77021-0000,Proprietary  ,12,65,77,31,103,134
02285900,UNIVERSITY OF COSMETOLOGY ARTS&SCI      ,TX,78504-0000,Proprietary  ,62,244,306,142,489,631
02294800,CAPITOL CITY CAREERS                    ,TX,78745-0000,Proprietary  ,9,75,84,24,134,158
02305300,PARKER COLLEGE OF CHIROPRACTIC          ,TX,75229-0000,Private      ,11,156,167,49,1205,1254
02306700,FORT WORTH BEAUTY SCHOOL                ,TX,76116-3299,Proprietary  ,18,67,85,26,111,137
02312200,TEXAS SCHOOL OF BUSINESS                ,TX,77073-6032,Proprietary  ,70,225,295,157,508,665
02312201,TEXAS SCHOOL OF BUSINESS - SOUTHWEST CAM,TX,77057-0000,Proprietary  ,65,197,262,158,555,713
02312202,TEXAS SCHOOL OF BUSINESS - FRIENDSWOOD C,TX,77546-8938,Proprietary  ,37,180,217,60,420,480
02312203,TEXAS SCHOOL OF BUSINESS - EAST CAMPUS  ,TX,77029-1916,Proprietary  ,50,168,218,100,465,565
02313901,WESTWOOD COLLEGE - DALLAS               ,TX,75243-0000,Proprietary  ,94,181,275,287,427,714
02315400,NORTHEAST TEXAS COMMUNITY COLLEGE       ,TX,75456-0000,Public       ,257,389,646,840,1065,1905
02318200,"KD STUDIO, ACTOR'S CONSERVATORY         ",TX,75207-2111,Proprietary  ,22,25,47,62,73,135
02320200,HOUSTON GRADUATE SCHOOL OF THEOLOGY     ,TX,77004-0000,Private      ,1,51,52,3,112,115
02326000,SAN ANTONIO BEAUTY COLLEGE NO 3         ,TX,78217-0000,Proprietary  ,14,56,70,24,98,122
02328600,ITT TECHNICAL INSTITUTE                 ,TX,76011-0000,Proprietary  ,185,261,446,463,750,1213
02331200,BAPTIST MISSIONARY ASSN THEOL SEM       ,TX,75766-0000,Private      ,1,16,17,4,41,45
02331300,INTERACTIVE LEARNING SYSTEMS            ,TX,77502-1201,Proprietary  ,10,155,165,16,231,247
02331301,INTERACTIVE LEARNING SYSTEMS            ,TX,77081-0000,Proprietary  ,8,124,132,16,259,275
02331303,INTERACTIVE LEARNING SYSTEMS            ,TX,77502-0000,Proprietary  ,14,105,119,20,154,174
02331304,INTERACTIVE LEARNING SYSTEMS            ,TX,77060-0000,Proprietary  ,9,98,107,11,136,147
02341300,PALO ALTO COLLEGE                       ,TX,78224-0000,Public       ,856,1311,2167,3545,4507,8052
02348500,LAMAR STATE COLLEGE-PORT ARTHUR         ,TX,77640-0000,Public       ,240,318,558,727,1178,1905
02357700,ACADEMY OF HAIR DESIGN                  ,TX,77090-0000,Proprietary  ,8,33,41,21,61,82
02358200,LAMAR STATE COLLEGE-ORANGE              ,TX,77630-0000,Public       ,177,361,538,588,1163,1751
02361400,COLLIN COUNTY COMMUNITY COLLEGE         ,TX,75071-0000,Public       ,859,1146,2005,2846,3836,6682
02362000,UNIVERSAL TECHNICAL INSTITUTE           ,TX,77073-0000,Proprietary  ,1042,487,1529,5840,2065,7905
02362800,AUSTIN GRADUATE SCHOOL OF THEOLOGY      ,TX,78752-1333,Private      ,0,16,16,3,37,40
02521200,ARLINGTON CAREER INSTITUTE              ,TX,75050-0000,Proprietary  ,27,120,147,53,312,365
02521800,SEGUIN BEAUTY SCHOOL                    ,TX,78155-0000,Proprietary  ,14,48,62,30,73,103
02527500,HOUSTON TRAINING SCHOOLS                ,TX,77020-0000,Proprietary  ,100,419,519,144,604,748
02530700,SEBRING CAREER SCHOOLS                  ,TX,77083-1510,Proprietary  ,11,60,71,20,109,129
02538900,INTERNATIONAL BUSINESS COLLEGE          ,TX,79414-3509,Proprietary  ,3,11,14,42,153,195
02539600,ART INSTITUTE OF DALLAS                 ,TX,75231-5993,Proprietary  ,345,287,632,1343,999,2342
02548800,SOUTH TEXAS VO-TECH INSTITUTE           ,TX,78596-0000,Proprietary  ,51,133,184,145,341,486
02549400,SOUTH TEXAS VO-TECH INSTITUTE           ,TX,78501-0000,Proprietary  ,45,123,168,134,391,525
02555400,UNIV OF TX MD ANDERSON CANCER CTR       ,TX,77030-0000,Public       ,6,28,34,40,161,201
02557400,STAR COLLEGE OF COSMETOLOGY             ,TX,75961-0000,Proprietary  ,7,33,40,18,53,71
02568100,TEXAS BARBER COLLEGES & HAIRSTYLING     ,TX,75208-0000,Proprietary  ,93,290,383,211,726,937
02569300,TEXAS CULINARY ACADEMY                  ,TX,78758-3403,Proprietary  ,163,183,346,666,758,1424
02572000,COMPUTER CAREER CENTER                  ,TX,79925-2021,Proprietary  ,38,196,234,60,253,313
02572100,"CAREER ACADEMY, INC.                    ",TX,75501-0000,Proprietary  ,9,39,48,15,59,74
02572200,INSTITUTE OF COSMETOLOGY & ESTHETICS    ,TX,77036-0000,Proprietary  ,8,18,26,25,48,73
02580100,IVERSON BUSINESS SCH & COURT REPORT     ,TX,76011-1344,Proprietary  ,29,216,245,44,404,448
02591100,CAREER POINT INSTITUTE                  ,TX,78201-2027,Proprietary  ,171,677,848,315,1458,1773
02591900,CAREER CENTERS OF TEXAS - EL PASO       ,TX,79907-1525,Proprietary  ,176,380,556,380,936,1316
02591905,CAREER CENTERS OF TEXAS-BROWNSVILLE     ,TX,78521-9905,Proprietary  ,79,200,279,196,512,708
02596400,REDSTONE COLLEGE - LOS ANGELES          ,TX,77061-0000,Proprietary  ,126,141,267,529,412,941
02596412,WESTWOOD COLLEGE OF AVIATION TECHNOLOGY ,TX,77061-5114,Proprietary  ,26,71,97,99,161,260
02596500,ATI CAREER TRAINING CENTER              ,TX,76180-1599,Proprietary  ,60,134,194,236,593,829
02596600,ATI-CAREER TRAINING CENTER              ,TX,75220-4443,Proprietary  ,114,322,436,310,970,1280
02600200,OCEAN CORPORATION (THE)                 ,TX,77099-3479,Proprietary  ,36,156,192,88,369,457
02604700,CENTER FOR ADVANCED LEGAL STUDIES       ,TX,77098-4151,Proprietary  ,10,79,89,20,203,223
02615000,SANFORD-BROWN INSTITUTE                 ,TX,75247-6931,Proprietary  ,108,349,457,264,1054,1318
03009400,SW SCH BUS & TECH CAREERS               ,TX,78212-2840,Proprietary  ,6,15,21,9,21,30
03010000,VANGUARD INSTITUTE OF TECHNOLOGY        ,TX,78539-0000,Proprietary  ,64,423,487,152,905,1057
03010604,VIRGINIA COLLEGE - VIRGINIA COLLEGE AT A,TX,78723-0000,Proprietary  ,0,0,0,0,1,1
03011800,UNIVERSITY OF COSMETOLOGY ARTS & SCIENCE,TX,78226-1160,Proprietary  ,3,23,26,14,75,89
03019800,PCI HEALTH TRAINING CENTER              ,TX,75247-4720,Proprietary  ,142,299,441,272,695,967
03021500,SW SCH BUS & TECH CAREERS               ,TX,78852-4859,Proprietary  ,25,20,45,51,40,91
03023800,AIMS ACADEMY                            ,TX,75050-0000,Proprietary  ,6,18,24,15,42,57
03025000,TEXAS COLLEGE OF COSMETOLOGY            ,TX,79605-2001,Proprietary  ,30,62,92,56,139,195
03026000,DALFORTH AIRCRAFT TECH                  ,TX,75209-3091,Proprietary  ,0,1,1,0,1,1
03026100,POLYTECHNIC INSTITUTE                   ,TX,77022-2914,Proprietary  ,11,78,89,24,98,122
03026500,REMINGTON COLLEGE - HOUSTON CAMPUS      ,TX,77082-1849,Proprietary  ,144,399,543,399,1209,1608
03026501,REMINGTON COLLEGE - NORTH HOUSTON CAMPUS,TX,77067-1849,Proprietary  ,7,16,23,29,75,104
03028800,CIRCLE J BEAUTY SCHOOL                  ,TX,77587-3714,Proprietary  ,8,65,73,12,104,116
03032300,SCHOOL OF AUTOMOTIVE MACHINISTS         ,TX,77055-1803,Proprietary  ,16,20,36,41,58,99
03035200,TINT SCHOOL OF MAKEUP & COSMETOLOGY     ,TX,75229-3734,Proprietary  ,7,59,66,27,143,170
03035300,SOUTHERN CAREERS INSTITUTE              ,TX,78704-5252,Proprietary  ,127,316,443,320,901,1221
03035301,SOUTHERN CAREERS INSTITUTE              ,TX,78577-0000,Proprietary  ,90,170,260,214,453,667
03035302,SOUTHERN CAREERS INSTITUTE - CORPUS CHRI,TX,78414-2904,Proprietary  ,27,132,159,90,384,474
03035303,SOUTHERN CAREERS INSTITUTE - #1         ,TX,78221-4351,Proprietary  ,21,85,106,52,269,321
03035304,SOUTHERN CAREERS INSTITUTE-LAREDO       ,TX,78041-0000,Proprietary  ,16,33,49,44,110,154
03061800,STAR COLLEGE OF COSMETOLOGY             ,TX,75702-8214,Proprietary  ,30,48,78,55,136,191
03064600,UNIVERSITY OF TEXAS AT BROWNSVILLE      ,TX,78520-4993,Public       ,973,1512,2485,5882,6320,12202
03071400,ITT TECHNICAL INSTITUTE                 ,TX,78249-3303,Proprietary  ,142,203,345,389,575,964
03075400,ICC TECHNICAL INSTITUTE                 ,TX,77004-2930,Private      ,3,43,46,11,60,71
03079201,WESTWOOD COLLEGE OF TECHNOLOGY          ,TX,76180-0000,Proprietary  ,59,100,159,220,353,573
03091200,CAREERS UNLIMITED                       ,TX,75702-7110,Proprietary  ,13,39,52,25,74,99
03103400,SOUTH TEXAS COLLEGE                     ,TX,78501-6699,Public       ,2124,3111,5235,7939,8406,16345
03104700,TEXAS COLLEGE OF COSMETOLOGY            ,TX,76903-4708,Proprietary  ,30,54,84,56,129,185
03105900,CAREERS UNLIMITED                       ,TX,77055-4002,Proprietary  ,18,165,183,44,438,482
03108700,ROYAL BEAUTY CAREERS                    ,TX,77069-4611,Proprietary  ,63,222,285,71,255,326
03111000,MID-CITIES BARBER COLLEGE               ,TX,75051-4810,Proprietary  ,8,34,42,14,74,88
03115800,TEXAS CAREERS                           ,TX,78238-4203,Proprietary  ,104,483,587,210,1054,1264
03115802,TEXAS CAREERS - LAREDO                  ,TX,78041-6181,Proprietary  ,63,109,172,114,223,337
03115803,TEXAS CAREERS - BEAUMONT                ,TX,77701-3706,Proprietary  ,40,126,166,96,379,475
03115804,TEXAS CAREERS - LUBBOCK                 ,TX,79401-2601,Proprietary  ,43,198,241,110,543,653
03128100,ACADEMY OF HEALTH CARE PROFESSIONS      ,TX,77092-8108,Proprietary  ,124,439,563,183,695,878
03144300,NATIONAL BEAUTY COLLEGE                 ,TX,75043-4046,Proprietary  ,5,33,38,12,54,66
03153300,AMER COLL OF ACUPUNCTURE & O.M.         ,TX,77063-4104,Proprietary  ,1,52,53,1,89,90
03156400,ACADEMY OF ORIENTAL MEDICINE AT AUSTIN  ,TX,78757-1132,Proprietary  ,0,48,48,7,207,214
03159300,ARLINGTON MEDICAL INSTITUTE             ,TX,76011-2645,Proprietary  ,5,33,38,31,106,137
03170300,TEXAS A&M UNIVERSITY-TEXARKANA          ,TX,75501-0000,Public       ,65,260,325,298,984,1282
03179500,TEXAS COLG TRADITIONAL CHINESE MED      ,TX,78704-6748,Proprietary  ,2,27,29,4,83,87
03189400,COLLEGE OF SAINT THOMAS MORE            ,TX,76109-2323,Private      ,1,10,11,12,24,36
03237400,FARIS COMPUTER SCHOOL                   ,TX,77627-3829,Proprietary  ,1,15,16,1,25,26
03272300,SOUTHEASTERN CAREER INSTITUTE           ,TX,75234-7288,Proprietary  ,31,98,129,72,258,330
03272301,SOUTHEASTERN CAREER INSTITUTE - MIDLAND ,TX,79703-5531,Proprietary  ,30,87,117,66,249,315
03275300,TOUCH OF CLASS SCHOOL OF COSM           ,TX,75402-6314,Proprietary  ,17,33,50,28,79,107
03276300,ACADEMY OF HAIR DESIGN                  ,TX,75901-4900,Proprietary  ,19,82,101,27,106,133
03277300,ACADEMY OF HAIR DESIGN                  ,TX,77701-4650,Proprietary  ,14,24,38,23,58,81
03303300,NORTHWEST EDUCATIONAL CENTER            ,TX,77092-7055,Proprietary  ,11,190,201,21,260,281
03341300,SOUTHWESTERN PROFESSIONAL INSTITUTE     ,TX,77056-6239,Proprietary  ,9,50,59,15,100,115
03371300,TONI&GUY HAIRDRESSING ACADEMY           ,TX,75006-2351,Proprietary  ,17,20,37,54,70,124
03372300,NORTHWEST VISTA COLLEGE                 ,TX,78251-4217,Public       ,1018,1167,2185,3523,4107,7630
03396500,TEXAS STATE TECHNICAL COLG/MARSHALL     ,TX,75672-7402,Public       ,86,88,174,292,296,588
03400300,CAREER QUEST                            ,TX,78229-3539,Proprietary  ,13,110,123,25,200,225
03412300,ADVANCED BARBER COLLEGE & HAIR DESI     ,TX,78596-0000,Proprietary  ,11,37,48,24,84,108
03416500,DALLAS NURSING INSTITUTE                ,TX,75243-5502,Proprietary  ,21,79,100,53,332,385
03422300,MILAN INSTITUTE                         ,TX,78238-3327,Proprietary  ,116,177,293,226,388,614
03422400,COLLEGE OF BIBLICAL STUDIES-HOUSTON     ,TX,77036-3211,Private      ,16,172,188,51,540,591
03424400,MEDVANCE INSTITUTE                      ,TX,77057-7386,Proprietary  ,59,199,258,106,452,558
03426300,CAREER ADVANCEMENT CENTER               ,TX,78752-1470,Proprietary  ,11,64,75,35,163,198
03486300,SYLVIA'S INTERNATIONAL SCHOOL OF BE     ,TX,77091-3203,Proprietary  ,4,25,29,5,32,37
03509400,CORYELL COSMETOLOGY COLLEGE             ,TX,76528-2036,Proprietary  ,3,3,6,5,16,21
03520300,LUBBOCK HAIR ACADEMY                    ,TX,79410-3524,Proprietary  ,7,36,43,14,54,68
03541300,BEHOLD! BEAUTY ACADEMY                  ,TX,77016-3725,Proprietary  ,4,16,20,9,34,43
03542300,CONCORDE CAREER INSTITUTE               ,TX,76011-4016,Proprietary  ,71,300,371,163,929,1092
03551400,STATE BEAUTY ACADEMY                    ,TX,75116-3501,Proprietary  ,8,11,19,28,51,79
03556400,KUSSAD INSTITUTE OF COURT REPORTING     ,TX,78704-5712,Proprietary  ,2,5,7,5,21,26
03563300,ACADEMY OF COSEMTOLOGY                  ,TX,78745-2858,Proprietary  ,0,4,4,18,52,70
03573300,AVIATION INSTITUTE OF MAINTENANCE       ,TX,75209-3017,Proprietary  ,28,85,113,60,206,266
03610300,MJ'S BEAUTY ACADEMY INC                 ,TX,75224-4409,Proprietary  ,12,32,44,21,49,70
03612400,VALLEY GRANDE INSTITUTE FOR ACADEMI     ,TX,78596-0000,Private      ,66,222,288,133,442,575
03627300,LAMAR INSTITUTE OF TECHNOLOGY           ,TX,77705-4142,Public       ,272,420,692,927,1543,2470
03676400,HEALTHY HAIR ACADEMY                    ,TX,75227-0000,Proprietary  ,10,31,41,17,57,74
03680300,JAY'S TECHNICAL INSTITUTE               ,TX,77031-3509,Proprietary  ,7,53,60,9,71,80
03682400,DALLAS BARBER & STYLIST COLLEGE         ,TX,75231-0000,Proprietary  ,31,85,116,50,145,195
03714300,TREND BARBER COLLEGE                    ,TX,77071-2104,Proprietary  ,16,61,77,32,96,128
03723300,CULINARY INST ALAIN & MARIE LENOTRE     ,TX,77022-4322,Proprietary  ,10,49,59,33,126,159
03727600,CULINARY ACADEMY OF AUSTIN              ,TX,78752-0000,Proprietary  ,14,32,46,67,96,163
03731300,INTERNATIONAL RENOWNED BEAUTY ACADE     ,TX,76103-2504,Proprietary  ,5,8,13,10,36,46
03733300,BAPTIST UNIVERSITY OF THE AMERICAS      ,TX,78224-1336,Private      ,11,48,59,32,143,175
03756300,ANAMARC EDUCATIONAL INSTITUTE           ,TX,79930-6230,Proprietary  ,37,225,262,51,333,384
03885400,COMPUTER LABS                           ,TX,79906-5924,Proprietary  ,1,1,2,2,3,5
03885700,HOUSTON'S TRAINING AND EDUCATION CENTER ,TX,77036-2021,Proprietary  ,11,59,70,26,124,150
03922300,SOUTH TEXAS BARBER COLLEGE              ,TX,78415-3463,Proprietary  ,2,17,19,7,52,59
03926300,AMESED                                  ,TX,75081-0000,Proprietary  ,4,22,26,8,39,47
03944400,PROFESSIONAL CAREERS INSTITUTE          ,TX,77036-2252,Proprietary  ,6,32,38,6,32,38
03984300,ALLIED CAREER CENTER                    ,TX,75007-0000,Proprietary  ,1,26,27,5,59,64
03987300,TEXAS HEALTH SCHOOL                     ,TX,77079-2106,Proprietary  ,8,53,61,22,98,120
04036300,SOUTHEAST TEXAS CAREER INSTITUTE        ,TX,77656-8601,Proprietary  ,11,22,33,11,22,33
04045300,NORTHWEST BEAUTY SCHOOL                 ,TX,77091-1208,Proprietary  ,8,44,52,12,57,69
04045400,MAI-TRIX BEAUTY COLLEGE                 ,TX,77040-0000,Proprietary  ,8,33,41,13,39,52
00367000,BRIGHAM YOUNG UNIVERSITY                ,UT,84602-8406,Private      ,1761,3777,5538,8110,10453,18563
00367100,DIXIE STATE COLLEGE OF UTAH             ,UT,84770-3876,Public       ,576,705,1281,1812,1651,3463
00367200,LDS BUSINESS COLLEGE                    ,UT,84101-3500,Private      ,124,133,257,418,370,788
00367400,STEVENS HENAGER COLLEGE                 ,UT,84401-1420,Proprietary  ,208,515,723,405,1613,2018
00367500,UNIVERSITY OF UTAH                      ,UT,84112-9055,Public       ,1184,2401,3585,6942,12225,19167
00367600,COLLEGE OF EASTERN UTAH                 ,UT,84501-2699,Public       ,155,221,376,532,562,1094
00367700,UTAH STATE UNIVERSITY                   ,UT,84322-1400,Public       ,1093,2003,3096,4861,7060,11921
00367800,SOUTHERN UTAH UNIVERSITY                ,UT,84720-2470,Public       ,604,840,1444,2514,2358,4872
00367900,SNOW COLLEGE                            ,UT,84627-1299,Public       ,374,203,577,1439,523,1962
00368000,WEBER STATE UNIVERSITY                  ,UT,84408-1136,Public       ,823,1873,2696,3269,7610,10879
00368100,WESTMINSTER COLLEGE                     ,UT,84105-3697,Private      ,96,248,344,1443,1211,2654
00402700,UTAH VALLEY UNIVERSITY                  ,UT,84058-5999,Public       ,1528,3146,4674,4271,9099,13370
00522000,SALT LAKE COMMUNITY COLLEGE             ,UT,84123-0000,Public       ,1481,2832,4313,3930,8662,12592
00943300,SHERMAN KENDALL'S ACADEMY OF BEAUTY     ,UT,84106-1836,Proprietary  ,8,11,19,15,29,44
01009800,NEUMONT UNIVERSITY                      ,UT,84095-0000,Proprietary  ,31,80,111,209,247,456
01116500,UINTAH BASIN APPLIED TECHNOLOGY CLG     ,UT,84066-0000,Public       ,1,17,18,11,48,59
01116600,UTAH CAREER COLLEGE                     ,UT,84088-4021,Proprietary  ,71,196,267,188,679,867
02078800,SHERMAN KENDALL'S ACADEMY OF BEAUTY     ,UT,84047-0000,Proprietary  ,4,9,13,8,18,26
02115400,BRIDGERLAND APPLIED TECHNOLOGY COLLEGE  ,UT,84321-0000,Public       ,35,112,147,95,319,414
02156600,DAVIS APPLIED TECHNOLOGY COLLEGE        ,UT,84037-0000,Public       ,48,172,220,127,537,664
02178500,EAGLE GATE COLLEGE                      ,UT,84123-0000,Proprietary  ,94,254,348,213,835,1048
02270800,AMERITECH COLLEGE                       ,UT,84604-6927,Proprietary  ,37,142,179,61,216,277
02298500,EVEREST COLLEGE                         ,UT,84119-2668,Proprietary  ,67,379,446,158,836,994
02346500,OGDEN-WEBER APPLIED TECHNOLOGY COLG     ,UT,84404-0000,Public       ,45,238,283,120,676,796
02360800,PROVO COLLEGE                           ,UT,84601-0000,Proprietary  ,77,180,257,172,556,728
02361000,ITT TECHNICAL INSTITUTE                 ,UT,84123-0000,Proprietary  ,82,181,263,184,588,772
02504000,MARINELLO SCHOOL OF BEAUTY              ,UT,84041-0000,Proprietary  ,19,30,49,32,77,109
02516100,MARINELLO SCHOOL OF BEAUTY              ,UT,84405-1501,Proprietary  ,13,14,27,25,30,55
02531800,VON CURTIS ACADEMY OF HAIR DESIGN       ,UT,84606-0000,Proprietary  ,205,167,372,447,353,800
02556800,HAIRITAGE COLLEGE OF BEAUTY             ,UT,84117-7204,Proprietary  ,37,21,58,66,50,116
02557700,PREMIER HAIR ACADEMY                    ,UT,84120-3603,Proprietary  ,2,9,11,4,16,20
02572700,EVANS HAIRSTYLING COLLEGE               ,UT,84770-0000,Proprietary  ,6,6,12,20,13,33
02572800,VISTA COLLEGE                           ,UT,84015-0000,Proprietary  ,3,22,25,12,70,82
02572801,CERTIFIED CAREERS INSTITUTE             ,UT,84015-0000,Proprietary  ,5,40,45,14,87,101
02573100,EVANS HAIRSTYLING COLLEGE               ,UT,84720-0000,Proprietary  ,14,10,24,33,21,54
02612200,MARINELLO SCHOOL OF BEAUTY              ,UT,84604-1585,Proprietary  ,46,23,69,90,77,167
03030600,UTAH COLLEGE OF MASSAGE THERAPY         ,UT,84111-1606,Proprietary  ,130,169,299,332,509,841
03030601,UTAH CLG OF MASSAGE THER-PROVO CMPS     ,UT,84042-0000,Proprietary  ,36,43,79,87,165,252
03082100,MYOTHERAPY COLLEGE OF UTAH              ,UT,84115-2522,Proprietary  ,8,18,26,15,48,63
03108200,ECHELON EDGE ACADEMY OF HAIR SKIN & NAIL,UT,84070-2004,Proprietary  ,14,31,45,19,38,57
03110400,HAIRITAGE HAIR ACADEMY                  ,UT,84770-5233,Proprietary  ,5,4,9,17,26,43
03339400,WESTERN GOVERNORS UNIVERSITY            ,UT,84107-2533,Private      ,42,2045,2087,132,5697,5829
03413300,MOUNTAINLAND APPLIED TECHNOLOGY COLLEGE ,UT,84058-5857,Public       ,8,20,28,22,49,71
03463300,CAREERS UNLIMITED                       ,UT,84058-0000,Proprietary  ,6,7,13,16,17,33
03617300,HEALING MOUNTAIN MASSAGE SCHOOL         ,UT,84111-3232,Proprietary  ,1,14,15,7,36,43
03829500,SKINWORKS SCHOOL OF ADVANCED SKINCARE   ,UT,84115-0000,Proprietary  ,9,19,28,13,35,48
03838300,OGDEN INSTITUTE OF MASSAGE THERAPY      ,UT,84403-0000,Proprietary  ,12,24,36,16,40,56
03902300,RENAISSANCE SCHOOL OF THERAPEUTIC MASSAG,UT,84010-2835,Proprietary  ,0,8,8,0,12,12
03909300,MAXIMUM STYLE TEC SCHOOL OF COSMETOLOGY ,UT,84323-4679,Proprietary  ,4,7,11,9,21,30
03921300,CAMEO COLLEGE OF ESSENTIAL BEAUTY       ,UT,84115-0000,Proprietary  ,28,65,93,67,143,210
00368200,BENNINGTON COLLEGE                      ,VT,05201-6001,Private      ,15,30,45,759,205,964
00368300,CASTLETON STATE COLLEGE                 ,VT,05735-0000,Public       ,187,69,256,2338,408,2746
00368400,CHAMPLAIN COLLEGE                       ,VT,05401-3950,Private      ,112,125,237,2372,637,3009
00368402,WOODBURY COLLEGE                        ,VT,05602-0000,Private      ,1,38,39,10,147,157
00368500,COLLEGE OF ST JOSEPH                    ,VT,05701-3899,Private      ,25,56,81,197,240,437
00368600,GODDARD COLLEGE                         ,VT,05667-0000,Private      ,8,141,149,54,689,743
00368700,GREEN MOUNTAIN COLLEGE                  ,VT,05764-1199,Private      ,52,17,69,962,94,1056
00368800,JOHNSON STATE COLLEGE                   ,VT,05656-9898,Public       ,81,159,240,1219,855,2074
00368900,LYNDON STATE COLLEGE                    ,VT,05851-0919,Public       ,94,52,146,1369,319,1688
00369000,MARLBORO COLLEGE                        ,VT,05344-0300,Private      ,10,19,29,433,72,505
00369100,MIDDLEBURY COLLEGE                      ,VT,05753-0000,Private      ,79,12,91,2640,961,3601
00369200,NORWICH UNIVERSITY                      ,VT,05663-1035,Private      ,113,454,567,2323,1425,3748
00369300,SOUTHERN VERMONT COLLEGE                ,VT,05201-6002,Private      ,30,20,50,440,136,576
00369400,ST MICHAELS COLLEGE                     ,VT,05439-0001,Private      ,33,57,90,2773,196,2969
00369600,UNIVERSITY OF VERMONT                   ,VT,05405-0160,Public       ,318,190,508,12118,2513,14631
00369800,VERMONT TECHNICAL COLLEGE               ,VT,05061-0000,Public       ,80,99,179,936,539,1475
00857500,SALON PROFESSIONAL ACADEMY (THE)        ,VT,05495-4001,Proprietary  ,8,3,11,59,40,99
00865800,O'BRIENS AVEDA INSTITUTE                ,VT,05403-7747,Proprietary  ,6,12,18,23,29,52
00886000,SIT                                     ,VT,05301-4801,Private      ,3,66,69,17,516,533
01116700,COMMUNITY COLLEGE OF VERMONT            ,VT,05676-1552,Public       ,513,982,1495,1223,2919,4142
01193400,VERMONT LAW SCHOOL                      ,VT,05068-0000,Private      ,0,48,48,1,965,966
01218300,BURLINGTON COLLEGE                      ,VT,05401-8477,Private      ,14,28,42,80,133,213
02143500,STERLING COLLEGE                        ,VT,05827-0000,Private      ,17,2,19,111,22,133
02207000,NEW ENGLAND SCHOOL OF RADIOLOGIC TE     ,VT,05701-0000,Private      ,0,1,1,1,1,2
02254000,NEW ENGLAND CULINARY INSTITUTE          ,VT,05602-0000,Proprietary  ,50,40,90,505,255,760
02532600,LANDMARK COLLEGE                        ,VT,05346-0000,Private      ,44,4,48,303,50,353
03708300,BURLINGTON TECHNICAL CENTER             ,VT,05401-2721,Public       ,3,0,3,15,9,24
00392800,CASPER COLLEGE                          ,WY,82601-4612,Public       ,248,334,582,978,1034,2012
00392900,EASTERN WYOMING COLLEGE                 ,WY,82240-1603,Public       ,61,99,160,270,222,492
00393000,SHERIDAN COLLEGE                        ,WY,82801-9133,Public       ,106,189,295,533,615,1148
00393100,NORTHWEST COLLEGE                       ,WY,82435-1895,Public       ,121,144,265,771,479,1250
00393200,UNIVERSITY OF WYOMING                   ,WY,82071-3663,Public       ,737,748,1485,5498,3674,9172
00393300,WESTERN WYOMING COMMUNITY COLLEGE       ,WY,82902-0000,Public       ,118,167,285,604,610,1214
00728900,CENTRAL WYOMING COLLEGE                 ,WY,82501-0000,Public       ,76,151,227,344,515,859
00915700,WYOMING TECHNICAL INSTITUTE             ,WY,82072-9519,Proprietary  ,769,284,1053,4554,1295,5849
00925900,LARAMIE COUNTY COMMUNITY CLG            ,WY,82007-3299,Public       ,169,296,465,787,1180,1967
02211900,CHEEKS INTERNATIONAL ACDMY              ,WY,82001-0000,Proprietary  ,12,41,53,29,107,136
03291300,BUSINESS SKILLS INSTITUTE A DEPARTMENT O,WY,82930-0000,Public       ,2,10,12,7,19,26
00393500,UNIV OF GUAM                            ,GU,96923-0000,Public       ,481,333,814,1383,1089,2472
01536100,GUAM COMMUNITY COLLEGE                  ,GU,96921-0000,Public       ,267,262,529,640,896,1536
03438300,PACIFIC ISLANDS BIBLE COLLEGE           ,GU,96913-2619,Private      ,45,29,74,64,35,99
00393600,PONTIFICAL CATHOLIC UNIV OF PR          ,PR,00717-0777,Private      ,1322,2149,3471,5166,4330,9496
00393700,UNIVERSITY OF THE SACRED HEART          ,PR,00914-0383,Private      ,876,777,1653,2977,1590,4567
00393800,INTER-AMER UNIV PR-CNTRL ADMN           ,PR,00936-0000,Private      ,949,1669,2618,2398,4189,6587
00393801,INTER-AMER UNIV PR SCHL LAW             ,PR,00936-8351,Private      ,0,50,50,0,320,320
00393802,INTER AMERICAN UNIVERSITY OF PUERTO RICO,PR,00926-0000,Private      ,238,459,697,1191,1667,2858
00393803,INTER AMERICAN UNIVERSITY OF PR         ,PR,00683-0000,Private      ,803,715,1518,3800,2100,5900
00393804,INTER-AMER UNIV PR-RECINTO AGUADILA     ,PR,00605-2000,Private      ,670,722,1392,2604,2040,4644
00393805,INTER-AMER UNIV PR-ARECIBO CAMPUS       ,PR,00614-4050,Private      ,536,755,1291,3131,2132,5263
00393806,INTER-AMER UNIV PR-BARRANQUITAS REG     ,PR,00794-0517,Private      ,197,303,500,1489,1006,2495
00393807,INTER-AMER UNIV PR-FAJARDO REGIONAL     ,PR,00738-0000,Private      ,320,417,737,1256,1141,2397
00393808,INTER-AMER UNIV PR - GUAYAMA CAMPUS     ,PR,00785-4004,Private      ,269,505,774,1118,1332,2450
00393809,INTER-AMER UNIV PR-PONCE REGIONAL       ,PR,00715-0000,Private      ,720,850,1570,3301,2615,5916
00393810,INTER-AMER UNIV PR - SCH OF OPTOMETRY   ,PR,00918-0000,Private      ,0,3,3,1,50,51
00393811,INTER-AMER UNIV PR-BAYAMON REG CLG      ,PR,00959-0000,Private      ,1174,722,1896,4084,1611,5695
00394100,COLEGIO UNIVERSITARIO DEL ESTE          ,PR,00983-0000,Private      ,1841,3286,5127,4736,6615,11351
00394200,UNIVERSITY OF PR-CENTRAL ADMINISTRATION ,PR,00936-4984,Public       ,56,50,106,695,279,974
00394201,UNIVERSITY OF PR-RIO PIEDRAS CAMPUS     ,PR,00931-3300,Public       ,1175,585,1760,8694,2337,11031
00394202,UNIV OF PUERTO RICO-MAYAGUEZ CAMPUS     ,PR,00681-5000,Public       ,829,286,1115,8152,1337,9489
00394203,"UNIVERSITY OF PR, MED. SCIENCES CAMPUS  ",PR,00936-5067,Public       ,32,334,366,304,1104,1408
00394204,"UNIVERSITY OF PUERTO RICO, CAYEY CAMPUS ",PR,00736-0000,Public       ,172,78,250,2837,550,3387
00394205,"UNIVERSITY OF PR, HUMACAO CAMPUS        ",PR,00791-4057,Public       ,382,104,486,3125,515,3640
00394206,UNIVERSITY OF PR-AGUADILLA CAMPUS       ,PR,00604-6150,Public       ,372,141,513,2633,463,3096
00394207,UNIVERSITY OF PUERTO RICO-ARECIBO CAMPUS,PR,00614-0000,Public       ,307,113,420,3754,523,4277
00394208,UNIVERSITY OF PUERTO RICO-BAYAMON CAMPUS,PR,00959-0000,Public       ,270,85,355,3466,427,3893
00394209,UNIVERSITY OF PUERTO RICO-CAROLINA      ,PR,00984-4800,Public       ,440,106,546,2878,414,3292
00394210,UNIVERSITY OF PUERTO RICO-PONCE         ,PR,00732-0000,Public       ,178,60,238,3153,412,3565
00394211,"UNIVERSITY OF PR, UTUADO CAMPUS         ",PR,00641-0000,Public       ,226,59,285,1274,282,1556
00501900,UNIV ADVENTISTA DE LAS ANTILLAS         ,PR,00681-0118,Private      ,161,106,267,506,294,800
00502200,BAYAMON CENTRAL UNIVERSITY              ,PR,00960-0000,Private      ,273,377,650,1141,1344,2485
00890200,COLUMBIA CENTRO UNIVERSITARIO           ,PR,00726-0000,Proprietary  ,242,542,784,441,905,1346
01056700,COLEGIO TECNOLOGICO DE SAN JUAN         ,PR,00918-2973,Public       ,134,175,309,313,417,730
01072400,CARLOS ALBIZU UNIVERSITY                ,PR,00902-3711,Private      ,21,143,164,88,664,752
01081900,CONSERVATORIO DE MUSICA DE PUERTO RICO  ,PR,00907-3373,Public       ,20,13,33,227,55,282
01120300,RYDER MEMORIAL HOSP SCH OF NURSING      ,PR,00792-0000,Private      ,1,1,2,6,3,9
01171900,UNIVERSIDAD DEL TURABO                  ,PR,00778-0000,Private      ,2231,4283,6514,6389,8890,15279
01194000,ICPR JUNIOR COLLEGE                     ,PR,00919-0000,Proprietary  ,507,636,1143,619,727,1346
01194100,AMERICAN UNIVERSITY OF PUERTO RICO      ,PR,00960-2037,Private      ,279,264,543,785,717,1502
01194101,AMERICAN UNIVERSITY OF PUERTO RICO      ,PR,00674-0000,Private      ,215,280,495,794,675,1469
01252500,CARIBBEAN UNIVERSITY                    ,PR,00960-0493,Private      ,623,1245,1868,1678,2583,4261
01314800,RAMIREZ COLLEGE OF BUS & TECH           ,PR,00918-0000,Proprietary  ,75,142,217,219,338,557
02063100,MBTI BUSINESS TRNG INSTITUTE            ,PR,00907-3917,Proprietary  ,150,194,344,362,467,829
02097000,"COLEGIO TECNICO METROPOLITANO, INC.     ",PR,00920-0000,Proprietary  ,70,142,212,92,210,302
02100000,POLYTECHNIC UNIVERSITY OF PR            ,PR,00917-0000,Private      ,587,677,1264,2811,1742,4553
02163300,UNIVERSIDAD CENTRAL DEL CARIBE          ,PR,00960-0000,Private      ,24,95,119,75,339,414
02165100,EDP COLLEGE OF PUERTO RICO              ,PR,00919-0000,Private      ,302,733,1035,505,1131,1636
02166400,INSTITUTO DE BANCA Y COMERCIO           ,PR,00925-0000,Proprietary  ,3077,3571,6648,6319,7048,13367
02170300,INST EDUC TECNIA OCUP LA REINA          ,PR,00674-0000,Proprietary  ,223,234,457,228,238,466
02170301,INST EDUC TECNICA OCUPLA LA REINA       ,PR,00603-0000,Proprietary  ,1,1,2,12,2,14
02189100,CENTRO DE ESTUDIOS MULTIDISCIPLIN       ,PR,00926-0000,Private      ,522,799,1321,701,1122,1823
02189300,EMMA'S BEAUTY ACADEMY                   ,PR,00680-0000,Proprietary  ,76,91,167,205,196,401
02195400,MODERN HAIRSTYLING INSTITUTE            ,PR,00960-0000,Proprietary  ,222,267,489,317,337,654
02195500,MODERN HAIRSTYLING INSTITUTE            ,PR,00612-0000,Proprietary  ,1,0,1,1,1,2
02195800,LICEO E ARTE Y TECNOLGIA                ,PR,00919-0000,Private      ,203,125,328,712,464,1176
02195900,MODERN HAIRSTYLING INSTITUTE            ,PR,00980-0000,Proprietary  ,2,0,2,6,1,7
02234900,ANTILLES SCHOOL OF TECH CAREERS         ,PR,00909-0000,Proprietary  ,67,126,193,98,170,268
02241901,COMMONWEALTH OF PR DEPT OF EDUC - CARLOS,PR,00986-0000,Public       ,12,31,43,18,42,60
02241902,COMMONWEALTH OF PR DEPT OF EDUC - TOMAS ,PR,00613-0000,Public       ,8,19,27,18,24,42
02241904,COMMONWEALTH OF PR DEPT OF EDUC - ITPR R,PR,00655-0000,Public       ,81,55,136,446,176,622
02241905,COMMONWEALTH OF PR DEPT OF EDUC - JOSE A,PR,00674-0000,Public       ,67,29,96,713,179,892
02241907,COMMONWEALTH OF PR DEPT OF EDUC - ITPR R,PR,00928-0000,Public       ,152,80,232,412,149,561
02241908,COMMONWEALTH OF PR DEPT OF EDUC - ITPR R,PR,00732-0000,Public       ,115,65,180,634,230,864
02241909,COMMONWEALTH OF PR DEPT OF EDUC - TROQUE,PR,00959-0000,Public       ,3,1,4,11,1,12
02260600,NATIONAL COLLEGE OF BUSINESS & TECH     ,PR,00960-2036,Proprietary  ,764,894,1658,2545,2871,5416
02260601,NATIONAL COLLEGE OF BUSINESS & TECHNOLOG,PR,00612-0000,Proprietary  ,3,4,7,21,9,30
02260602,NATIONAL COLLEGE OF BUSINESS & TECHNOLOG,PR,00745-9903,Proprietary  ,3,6,9,10,10,20
02260800,HUERTAS JUNIOR COLLEGE                  ,PR,00726-0000,Proprietary  ,500,504,1004,715,650,1365
02276400,INTERNATIONAL JUNIOR COLLEGE            ,PR,00910-0000,Proprietary  ,26,31,57,31,49,80
02276402,INTERNATIONAL JUNIOR COLLEGE            ,PR,00791-0000,Proprietary  ,0,0,0,7,7,14
02276403,INTERNATIONAL JUNIOR COLLEGE            ,PR,00733-0000,Proprietary  ,1,0,1,6,2,8
02297700,AUTOMECA TECHNICAL COLLEGE              ,PR,00957-0000,Proprietary  ,494,345,839,967,553,1520
02303800,AMERICAN EDUCATIONAL COLLEGE            ,PR,00961-0000,Proprietary  ,221,349,570,406,504,910
02335500,COLEGIO BIBLICO PENTECOSTAL DE PR       ,PR,00978-0000,Private      ,9,58,67,16,101,117
02340600,HUMACAO COMMUNITY COLLEGE               ,PR,00792-0000,Private      ,183,240,423,225,288,513
02343600,INSTITUTE OF BEAUTY CAREERS             ,PR,00613-0000,Proprietary  ,146,254,400,312,477,789
02482400,PONCE SCHOOL OF MEDICINE                ,PR,00716-2347,Private      ,0,56,56,6,523,529
02502400,SERBIA'S SCHOOL OF BEAUTY CULTURE       ,PR,00785-0000,Proprietary  ,74,124,198,147,231,378
02504500,INSTITUCION CHAVIANO DE MAYAGUEZ        ,PR,00708-0000,Proprietary  ,9,52,61,12,56,68
02505400,ATLANTIC COLLEGE                        ,PR,00970-0000,Private      ,305,170,475,639,328,967
02512100,INSTITUTO IRMA VALENTIN - UTUADO        ,PR,00641-0000,Proprietary  ,5,43,48,18,115,133
02534900,PONCE PARAMEDICAL COLLEGE (POPAC)       ,PR,00731-0000,Proprietary  ,693,658,1351,1525,1190,2715
02549700,ACADEMIA MAISON D'ESTHETIQUE            ,PR,00907-0000,Proprietary  ,38,54,92,95,158,253
02552300,COLEGIO MAYOR DE TECHNOLOGIA            ,PR,00714-0000,Proprietary  ,104,138,242,187,289,476
02562500,INTERNATIONAL TECHNICAL COLLEGE         ,PR,00918-0000,Proprietary  ,19,30,49,70,80,150
02563500,ROGIES SCHOOL OF BEAUTY CULTURE         ,PR,00910-0000,Proprietary  ,83,109,192,125,144,269
02566800,PUERTO RICO TECH JUNIOR COLLEGE         ,PR,00917-0000,Proprietary  ,27,20,47,51,46,97
02569400,ESCUELA DE ARTES PLASTICAS              ,PR,00902-1112,Public       ,40,24,64,264,133,397
02570400,EDUCATIONAL TECHNICAL COLLEGE           ,PR,00925-3404,Proprietary  ,191,439,630,329,743,1072
02576100,ESCUELA TECNICA DE ELECTRICIDAD         ,PR,00731-0000,Proprietary  ,120,122,242,350,315,665
02587500,UNIVERSIDAD METROPOLITANA               ,PR,00928-0000,Private      ,1650,3375,5025,4649,6934,11583
02588600,SEMINARIO EVANGELICO DE PUERTO RICO     ,PR,00925-0000,Private      ,0,8,8,0,24,24
02593700,HISPANIC AMERICAN COLLEGE               ,PR,00725-0000,Proprietary  ,88,107,195,121,169,290
02611100,INSTITUTO MERLIX                        ,PR,00961-0000,Proprietary  ,48,120,168,60,140,200
03021900,EDIC COLLEGE                            ,PR,00726-0000,Proprietary  ,239,394,633,427,535,962
03025500,MECH TECH COLLEGE                       ,PR,00725-6118,Proprietary  ,975,560,1535,2371,1021,3392
03025900,"LICEO DE ARTE, DISENOS Y COMERCIO       ",PR,00726-0000,Proprietary  ,132,202,334,242,346,588
03029700,"UNIVERSAL TECHNOLOGY CLG OF PR, INC     ",PR,00605-1955,Private      ,292,576,868,574,1169,1743
03061900,COLEGIO TECHNOLOGICO Y COMERCIAL        ,PR,00602-0000,Proprietary  ,8,33,41,16,51,67
03068400,STAR BEAUTY ACADEMY                     ,PR,00961-6312,Proprietary  ,36,76,112,37,76,113
03070500,D'MART INSTITUTE                        ,PR,00794-3517,Proprietary  ,329,390,719,760,872,1632
03075600,EMMA'S BEAUTY ACADEMY                   ,PR,00795-0000,Proprietary  ,113,105,218,261,237,498
03076000,PUERTO RICO BARBER COLLEGE              ,PR,00738-4632,Proprietary  ,36,46,82,36,46,82
03085700,PROFESSIONAL TECHNICAL INSTITUTION      ,PR,00960-7061,Proprietary  ,126,139,265,202,207,409
03098100,INSTITUTO IRMA VALENTIN - MANATI        ,PR,00674-0333,Proprietary  ,9,23,32,33,80,113
03104400,PROFESSIONAL ELECTRIC SCHOOL            ,PR,00674-1797,Proprietary  ,39,47,86,65,85,150
03106900,ESCUELA DE PERITOS ELECTRICITAS         ,PR,00662-0457,Proprietary  ,24,36,60,34,38,72
03112100,JOHN DEWEY COLLEGE                      ,PR,00915-9538,Private      ,317,1156,1473,394,1432,1826
03112101,JOHN DEWEY COLLEGE                      ,PR,00986-0000,Private      ,178,270,448,299,420,719
03112102,JOHN DEWEY COLLEGE-BAYAMON CAMPUS       ,PR,00959-0000,Private      ,132,264,396,161,326,487
03112104,JOHN DEWEY COLLEGE - YABUCOA LRNING SITE,PR,00767-0767,Private      ,81,163,244,85,178,263
03112105,JOHN DEWEY COLLEGE - FAJARDO BRANCH     ,PR,00738-0738,Private      ,101,107,208,219,247,466
03112106,JOHN DEWEY COLLEGE - ARROYO BRANCH      ,PR,00714-0714,Private      ,83,182,265,103,281,384
03112107,JOHN DEWEY COLLEGE - JUANA DIAZ BRANCH  ,PR,00795-0000,Private      ,144,167,311,190,226,416
03115900,TRINITY COLLEGE OF PUERTO RICO          ,PR,00734-0000,Private      ,60,148,208,71,168,239
03120500,CAGUAS CENTRAL COLLEGE                  ,PR,00725-7199,Proprietary  ,0,1,1,0,1,1
03122500,ACADEMIA SERRANT INC.                   ,PR,00717-1568,Proprietary  ,54,96,150,79,152,231
03123100,GLOBELLE TECHNICAL INSTITUTE            ,PR,00693-4218,Proprietary  ,16,43,59,40,95,135
03124200,NOVA COLLEGE DE PUERTO RICO             ,PR,00960-4016,Proprietary  ,34,86,120,56,135,191
03142300,ACADEMIA VOCATIONAL DEL TURABO          ,PR,00725-3657,Proprietary  ,7,31,38,26,52,78
03157600,"COLEGIO DE CINEMATOGRAFIA, ARTES Y TELEV",PR,00961-6345,Proprietary  ,174,82,256,223,99,322
03177300,SAN JUAN BAUTISTA SCH OF MEDICINE       ,PR,00726-0000,Private      ,0,26,26,0,205,205
03326300,UNIVERSAL CAREER COMMUNITY COLLEGE      ,PR,00907-0000,Proprietary  ,129,158,287,307,371,678
03336300,CENTURY COLLEGE                         ,PR,00603-4802,Proprietary  ,30,75,105,47,93,140
03414300,MONTECLARO                              ,PR,00745-9612,Private      ,5,0,5,10,0,10
03452300,INSTITUTO PRE-VOCACIONAL E INDUSTRI     ,PR,00613-1800,Private      ,29,75,104,50,106,156
03461400,POLITEC INSTITUTE                       ,PR,00732-0000,Proprietary  ,45,54,99,50,58,108
03469300,IVAEM COLLEGE                           ,PR,00725-0000,Proprietary  ,25,28,53,106,55,161
03531300,COLEGIO PENTECOSTAL MIZPA               ,PR,00928-0966,Private      ,3,98,101,9,147,156
03544300,ATENAS COLLEGE                          ,PR,00674-0000,Private      ,134,275,409,424,703,1127
03552300,LESTON COLLEGE                          ,PR,00961-6309,Proprietary  ,20,40,60,37,73,110
03585300,CENTRO DE CAPACITACION Y ASESORAMIE     ,PR,00612-0000,Proprietary  ,11,111,122,32,181,213
03600300,AMERICAN TECHNOLOGICAL COLLEGE          ,PR,00928-3713,Proprietary  ,21,43,64,30,58,88
03608300,CARIBBEAN FORENSIC & TECHNICAL COLL     ,PR,00926-0000,Proprietary  ,19,76,95,29,104,133
03638300,ROSSLYN TRAINING ACADEMY OF COSMETOLOGY ,PR,00602-3225,Proprietary  ,14,23,37,23,63,86
03735400,"CHARLIES GUARD,DETECTIVE BUREAU&ACA     ",PR,00605-0000,Proprietary  ,26,46,72,35,99,134
03751300,ESCUELA HOTELERA DE SAN JUAN            ,PR,00917-0091,Proprietary  ,103,77,180,269,190,459
03758300,BAYAMON COMMUNITY COLLEGE               ,PR,00960-0000,Proprietary  ,20,71,91,36,113,149
03781400,INDUSTRIAL TECHNICAL COLLEGE            ,PR,00792-0000,Proprietary  ,44,44,88,62,85,147
03785300,J.G. GUAYNABO TECHNICAL COLLEGE         ,PR,00960-0000,Proprietary  ,12,22,34,15,31,46
03800300,COLEGIO TECNICO DE ELECTRICIDAD GALLOSA ,PR,00602-0000,Proprietary  ,15,35,50,17,44,61
03800400,INSTITUTE OF BEAUTY OCCUPATIONS AND TECH,PR,00676-5071,Proprietary  ,35,82,117,51,142,193
03843300,ADVANCED TECH COLLEGE                   ,PR,00961-6321,Proprietary  ,15,92,107,15,94,109
03849300,AGUADILLA TECHNICAL COLLEGE             ,PR,00603-0000,Proprietary  ,4,21,25,6,21,27
03965400,MYRANGEL BEAUTY INSTITUTE               ,PR,00754-3917,Proprietary  ,7,27,34,7,27,34
04030300,ASPIRA  DE PUERTO RICO                  ,PR,00987-0000,Private      ,1,0,1,1,0,1
00394600,UNIVERSITY OF THE VIRGIN ISLANDS        ,VI,00802-6000,Public       ,86,89,175,765,489,1254
00394601,UNIV OF THE VIRGIN ISLANDS-ST CROIX     ,VI,00850-0000,Public       ,53,76,129,301,380,681
00667400,CANADIAN THEOLOGICAL SEMINARY           ,CN,00000-0000,Private      ,0,1,1,0,1,1
00667700,MCGILL UNIVERSITY                       ,CN,00000-0000,Public       ,80,39,119,1284,349,1633
00667900,QUEEN'S UNIVERSITY AT KINGSTON          ,CN,00000-0000,Public       ,10,6,16,105,30,135
00668100,ST FRANCIS XAVIER UNIVERSITY            ,CN,00000-0000,Public       ,0,2,2,31,8,39
00668200,ST THOMAS UNIVERSITY                    ,CN,00000-0000,Public       ,2,1,3,15,4,19
00668300,UNIVERSITY OF GUELPH                    ,CN,00000-0000,Public       ,6,12,18,34,33,67
00668400,UNIVERSITY OF MANITOBA                  ,CN,00000-0000,Public       ,8,5,13,38,26,64
00668500,UNIVERSITY OF NEW BRUNSWICK (THE)       ,CN,00000-0000,Public       ,0,2,2,22,11,33
00668600,UNIVERSITY OF OTTAWA                    ,CN,00000-0000,Public       ,3,4,7,29,27,56
00668800,UNIVERSITY OF TORONTO                   ,CN,00000-0000,Public       ,25,59,84,257,333,590
00668900,UNIVERSITY OF WINDSOR                   ,CN,00000-0000,Public       ,4,10,14,14,36,50
00683700,UNIVERSITE LAVAL                        ,CN,00000-0000,Public       ,1,4,5,5,19,24
00683800,DALHOUSIE UNIVERSITY                    ,CN,00000-0000,Public       ,9,13,22,105,62,167
00685200,BISHOP'S UNIVERSITY                     ,CN,00000-0000,Private      ,2,0,2,25,1,26
00685300,MCMASTER UNIVERSITY                     ,CN,00000-0000,Public       ,1,4,5,22,21,43
00767900,YORK UNIVERSITY                         ,CN,00000-0000,Public       ,13,17,30,99,84,183
00787400,UNIVERSITY AT CALGARY (THE)             ,CN,00000-0000,Public       ,2,7,9,19,38,57
00814800,UNIVERSITY OF WINNIPEG                  ,CN,00000-0000,Public       ,2,0,2,9,2,11
00836200,UNIVERSITY OF ALBERTA (THE)             ,CN,00000-0000,Public       ,3,5,8,16,37,53
00836300,MOUNT SAINT VINCENT UNIVERSITY          ,CN,00000-0000,Private      ,1,0,1,7,2,9
00836400,SAINT MARY'S UNIVERSITY                 ,CN,00000-0000,Public       ,6,3,9,21,13,34
00836500,CONCORDIA UNIVERSITY - SIR GEORGE W     ,CN,00000-0000,Public       ,25,23,48,183,141,324
00836600,UNIVERSITE DE MONTREAL                  ,CN,00000-0000,Public       ,1,6,7,8,32,40
00836800,CARLETON UNIVERSITY                     ,CN,00000-0000,Public       ,6,2,8,37,18,55
00836900,UNIVERSITY OF BRITISH COLUMBIA          ,CN,00000-0000,Public       ,44,53,97,539,397,936
00837000,"SAFA, UNIVERSITY OF VICTORIA            ",CN,00000-0000,Public       ,9,8,17,105,55,160
00844400,SIMON FRASER UNIVERSITY                 ,CN,00000-0000,Public       ,6,11,17,60,75,135
00844600,UNIVERSITY OF WESTERN ONTARIO (THE)     ,CN,00000-0000,Public       ,4,9,13,34,39,73
00844800,UNIVERSITY OF REGINA                    ,CN,00000-0000,Public       ,4,3,7,8,8,16
00844900,ACADIA UNIVERSITY                       ,CN,00000-0000,Public       ,6,6,12,57,11,68
00852600,UNIVERSITY OF WATERLOO                  ,CN,00000-0000,Public       ,3,1,4,26,14,40
00858200,WILFRID LAURIER UNIVERSITY              ,CN,00000-0000,Public       ,3,0,3,7,5,12
00874200,UNIVERSITE DE SHERBROOKE                ,CN,00000-0000,Private      ,0,2,2,2,3,5
00891300,LAKEHEAD UNIVERSITY                     ,CN,00000-0000,Public       ,1,1,2,3,7,10
00911900,UNIVERSITE DE MONCTON                   ,CN,00000-0000,Public       ,0,0,0,0,1,1
00918000,LAURENTIAN UNIVERSITY OF SUDBURY        ,CN,00000-0000,Public       ,1,1,2,1,4,5
00925200,BROCK UNIVERSITY                        ,CN,00000-0000,Public       ,3,1,4,10,10,20
00936700,UNIVERSITY OF PRINCE EDWARD ISLAND      ,CN,00000-0000,Public       ,1,19,20,8,91,99
00942100,BRANDON UNIVERSITY                      ,CN,00000-0000,Public       ,0,1,1,2,6,8
00948600,TRINITY WESTERN UNIVERSITY              ,CN,00000-0000,Private      ,33,20,53,279,64,343
00950000,MEMORIAL UNIVERSITY OF NEWFOUNDLAND     ,CN,00000-0000,Public       ,0,5,5,12,26,38
00950100,UNIVERSITY OF KING'S COLLEGE            ,CN,00000-0000,Public       ,4,0,4,21,0,21
00950300,MOUNT ALLISON UNIVERSITY                ,CN,00000-0000,Public       ,2,1,3,32,2,34
00950500,TRENT UNIVERSITY                        ,CN,00000-0000,Public       ,3,2,5,10,3,13
00969700,LETHBRIDGE COLLEGE                      ,CN,00000-0000,Public       ,0,1,1,3,1,4
00969800,MEDICINE HAT COLLEGE                    ,CN,00000-0000,Public       ,1,0,1,2,2,4
00970100,SENECA COLG OF APPLIED ARTS & TECH      ,CN,00000-0000,Public       ,0,4,4,7,11,18
01012300,NOVA SCOTIA COLLEGE OF ART & DESIGN     ,CN,00000-0000,Public       ,1,0,1,9,13,22
01022100,SAINT PAUL UNIVERSITY                   ,CN,00000-0000,Public       ,0,0,0,1,4,5
01045800,SHERIDAN COLLEGE OF APPLIED ARTS AN     ,CN,00000-0000,Public       ,2,0,2,19,7,26
01067500,REGENT COLLEGE                          ,CN,00000-0000,Private      ,2,29,31,4,129,133
01070300,UNIVERSITY OF LETHBRIDGE                ,CN,00000-0000,Public       ,1,1,2,5,2,7
01072000,RYERSON UNIVERSITY                      ,CN,00000-0000,Public       ,4,5,9,29,33,62
01172200,BRIERCREST BIBLE COLLEGE                ,CN,00000-0000,Private      ,11,11,22,31,27,58
01221100,ALGONQUIN CLG OF APPLIED ARTS &TECH     ,CN,00000-0000,Public       ,2,1,3,7,6,13
01222800,HUMBER COLLEGE                          ,CN,00000-0000,Public       ,0,1,1,7,13,20
01227400,PROVIDENCE COLLEGE                      ,CN,00000-0000,Private      ,6,1,7,25,12,37
02054200,DAWSON COLLEGE                          ,CN,00000-0000,Public       ,0,0,0,0,2,2
02081600,SAULT COLLG OF APPLIED ARTS & TECH      ,CN,00000-0000,Public       ,0,0,0,0,1,1
02102100,BETHANY BIBLE COLLEGE                   ,CN,00000-0000,Private      ,27,14,41,87,25,112
02116600,CANADIAN MEMORIAL CHIROPRACTIC COLL     ,CN,00000-0000,Private      ,0,0,0,0,2,2
02167000,PRAIRIE BIBLE INST                      ,CN,00000-0000,Private      ,5,8,13,34,25,59
02184600,INSTITUTE FOR CHRISTIAN STUDIES         ,CN,00000-0000,Private      ,0,4,4,1,8,9
02195600,LASALLE COLLEGE                         ,CN,00000-0000,Private      ,0,1,1,3,8,11
02195700,TAYLOR UNIVERSITY COLLEGE AND SEMINARY  ,CN,00000-0000,Private      ,2,0,2,10,2,12
02201100,COLUMBIA BIBLE COLLEGE                  ,CN,00000-0000,Private      ,3,1,4,17,7,24
02209700,UNIVERSITE DU QUEBEC (UNIVERSITY OF     ,CN,00000-0000,Public       ,0,0,0,0,9,9
02216400,TYNDALE COLLEGE & SEMINARY              ,CN,00000-0000,Private      ,0,2,2,4,6,10
02219000,ST. LAWRENCE COLLEGE                    ,CN,00000-0000,Public       ,0,0,0,2,2,4
02219200,UNIVERSITY OF SASKATCHEWAN              ,CN,00000-0000,Public       ,1,2,3,4,11,15
02324900,EMMANUEL BIBLE COLLEGE                  ,CN,00000-0000,Private      ,0,0,0,0,1,1
02338800,EMILY CARR UNIVERSITY OF ART AND DESIGN ,CN,00000-0000,Public       ,6,4,10,52,25,77
02354700,RED DEER COLLEGE                        ,CN,00000-0000,Public       ,0,0,0,0,1,1
02529200,AUGUSTANA UNIVERSITY COLLEGE            ,CN,00000-0000,Private      ,0,0,0,0,1,1
02592600,NEW BRUNSWICK COMMUNITY COLLEGE         ,CN,00000-0000,Public       ,1,0,1,2,1,3
02593800,CONCORDIA UNIVERSITY COLLEGE            ,CN,00000-0000,Private      ,1,0,1,8,3,11
02611900,THE KING'S UNIVERSITY COLLEGE           ,CN,00000-0000,Private      ,1,0,1,2,1,3
03018300,ROCKY MOUNTAIN COLLEGE: CENTRE FOR      ,CN,00000-0000,Private      ,0,0,0,4,2,6
03033800,UNIVERSITY COLLEGE OF CAPE BRETON       ,CN,00000-0000,Public       ,1,0,1,7,1,8
03076200,COVENANT BIBLE COLLEGE                  ,CN,00000-0000,Private      ,6,1,7,21,2,23
03078300,VANCOUVER SCHOOL OF THEOLOGY            ,CN,00000-0000,Private      ,0,1,1,1,12,13
03273300,CANADIAN COLLEGE OF NATUROPATHIC ME     ,CN,00000-0000,Private      ,0,6,6,3,22,25
03298300,ALBERTA COLLEGE OF ART & DESIGN         ,CN,00000-0000,Public       ,3,1,4,22,2,24
03332500,KWANTLEN UNIVERSITY COLLEGE             ,CN,00000-0000,Public       ,3,2,5,5,9,14
03335400,CANADIAN UNIVERSITY COLLEGE             ,CN,00000-0000,Private      ,14,2,16,41,8,49
03339300,ST. STEPHENS UNIVERSITY                 ,CN,00000-0000,Private      ,0,2,2,4,4,8
03348500,REDEEMER UNIVERSITY COLLEGE             ,CN,00000-0000,Private      ,0,1,1,16,2,18
03408300,CANDIAN NAZARENE UNIVERSITY COLLEGE     ,CN,00000-0000,Private      ,0,0,0,3,1,4
03421300,LOYALIST COLLEGE OF APPLIED ARTS &      ,CN,00000-0000,Public       ,0,0,0,1,2,3
03433300,LANGARA COLLEGE                         ,CN,00000-0000,Public       ,0,0,0,5,5,10
03435400,ROYAL ROADS UNIVERSITY                  ,CN,00000-0000,Public       ,0,0,0,1,5,6
03465300,NIPISSING UNIVERSITY                    ,CN,00000-0000,Public       ,0,0,0,1,0,1
03511300,CN CLG ACUPUNCTURE & ORIENTAL MED       ,CN,00000-0000,Private      ,0,1,1,1,8,9
03551300,INTERNATIONAL BIBLE COLLEGE             ,CN,00000-0000,Private      ,2,0,2,4,2,6
03560400,NIAGARA COLLEGE-WELLAND CAMPUS          ,CN,00000-0000,Public       ,0,5,5,1,8,9
03613300,UNIV OF NORTHERN BRITISH COLUMBIA       ,CN,00000-0000,Public       ,0,0,0,5,4,9
03674400,CANADIAN SOUTHERN BAPTIST SEMINARY      ,CN,00000-0000,Private      ,0,1,1,0,3,3
03711300,CAPILANO UNIVERSITY                     ,CN,00000-0000,Public       ,3,1,4,5,6,11
03745300,BRITISH COLUMBIA INSTITUTE OF TECHNOLOGY,CN,00000-0000,Public       ,1,1,2,5,7,12
00814700,UNIVERSIDAD AUTONOMA DE GUADALAJARA     ,MX,00000-0000,Private      ,4,139,143,35,999,1034
01041800,INST TEC Y DE ESTSUPER DE MONTERRE      ,MX,00000-0000,Private      ,2,5,7,41,45,86
01067600,UNIVERSIDAD DE MONTERREY                ,MX,00000-0000,Private      ,2,8,10,10,26,36
01093800,UNIVERSIDAD DE GUANAJUATO               ,MX,00000-0000,Public       ,0,2,2,12,15,27
01097600,INSTITUTO ALLENDE                       ,MX,00000-0000,Private      ,0,0,0,3,10,13
01230100,UNIV AUTON DE TAMAULIPAS FAC DEMED      ,MX,00000-0000,Public       ,0,0,0,0,3,3
02053300,CENTRO DE ESTUDIOS UNIVERSITARIOS D     ,MX,00000-0000,Private      ,33,28,61,76,158,234
02283100,UNIVERSIDAD TECNOLOGICA DE MEXICO       ,MX,00000-0000,Proprietary  ,0,3,3,5,13,18
01001000,AMERICAN SAMOA CMNTY COLLEGE            ,AS,96799-2609,Public       ,579,120,699,1227,276,1503
01034300,COLLEGE OF MICRONESIA - FSM             ,FM,96941-0159,Public       ,1016,331,1347,1798,483,2281
01100900,PALAU COMMUNITY COLLEGE                 ,PW,96940-0009,Public       ,153,103,256,743,353,1096
03022400,COLLEGE OF THE MARSHALL ISLANDS         ,MH,96960-1258,Public       ,336,196,532,481,283,764
03033000,NORTHERN MARIANAS COLLEGE               ,MP,96950-0000,Public       ,170,134,304,320,313,633
