OPE ID,School,State,Zip Code,School Type,20072008Qtr4_Dependent Students,20072008Qtr4_Independent Students,Quarterly Total,YTD_20072008Qtr4_Dependent Students,YTD_20072008Qtr4_Independent Students,Award Year To Date Total
00100200,ALABAMA AGRCLTL & MECHL UNIV            ,AL,35762-1357,Public       ,141,192,333,5098,2637,7735
00100300,FAULKNER UNIVERSITY                     ,AL,36109-3398,Private      ,51,299,350,1270,2986,4256
00100400,UNIVERSITY OF MONTEVALLO                ,AL,35115-6000,Public       ,55,69,124,1643,921,2564
00100500,ALABAMA STATE UNIVERSITY                ,AL,36101-0000,Public       ,256,317,573,6883,3747,10630
00100700,CENTRAL ALABAMA COMMUNITY COLLEGE       ,AL,35011-0000,Public       ,68,221,289,946,1553,2499
00100800,ATHENS STATE UNIVERSITY                 ,AL,35611-1999,Public       ,25,177,202,494,2287,2781
00100900,AUBURN UNIVERSITY                       ,AL,36849-5113,Public       ,379,244,623,11938,4375,16313
00101200,BIRMINGHAM SOUTHERN COLLEGE             ,AL,35254-0002,Private      ,33,17,50,1478,217,1695
00101300,CALHOUN COMMUNITY COLLEGE               ,AL,35609-2216,Public       ,272,663,935,2969,4489,7458
00101500,ENTERPRISE-OZARK COMMUNITY COLLEGE      ,AL,36331-1300,Public       ,90,186,276,817,1044,1861
00101600,UNIVERSITY OF NORTH ALABAMA             ,AL,35632-0001,Public       ,120,211,331,3066,2117,5183
00101700,GADSDEN STATE COMMUNITY COLLEGE         ,AL,35903-2269,Public       ,180,460,640,1863,2916,4779
00101706,GADSDEN STATE COMM. COLLEGE-AYERS CAMPUS,AL,36202-0000,Public       ,0,0,0,208,346,554
00101800,GEORGE C WALLACE COMMUNITY COLLEGE      ,AL,36303-0943,Public       ,112,436,548,1184,2490,3674
00101900,HUNTINGDON COLLEGE                      ,AL,36106-2148,Private      ,31,45,76,906,335,1241
00102000,JACKSONVILLE STATE UNIVERSITY           ,AL,36265-1602,Public       ,198,370,568,4986,4088,9074
00102100,JEFFERSON DAVIS COMMUNITY COLLEGE       ,AL,36427-2790,Public       ,20,75,95,396,654,1050
00102200,JEFFERSON STATE COMMUNITY COLLEGE       ,AL,35215-3098,Public       ,257,692,949,2518,4552,7070
00102300,JUDSON COLLEGE                          ,AL,36756-2504,Private      ,3,10,13,286,101,387
00102400,UNIVERSITY OF WEST ALABAMA              ,AL,35470-0000,Public       ,74,324,398,1566,3140,4706
00102600,MARION MILITARY INSTITUTE               ,AL,36756-3214,Public       ,33,7,40,309,27,336
00102800,MILES COLLEGE                           ,AL,35064-2697,Private      ,66,57,123,2004,1150,3154
00102900,UNIVERSITY OF MOBILE                    ,AL,36613-0000,Private      ,40,126,166,1078,1409,2487
00103000,BISHOP STATE COMMUNITY COLLEGE          ,AL,36603-5898,Public       ,86,376,462,1108,2704,3812
00103001,BISHOP STATE COMM COLG-CARVER CMPS      ,AL,36617-0000,Public       ,8,40,48,77,196,273
00103002,BISHOP STAT COMM CLG-SW CMPS            ,AL,36605-0000,Public       ,9,16,25,62,106,168
00103100,NORTHEAST ALABAMA STATE CMNTY COLG      ,AL,35986-0159,Public       ,55,185,240,797,1346,2143
00103300,OAKWOOD COLLEGE                         ,AL,35896-0001,Private      ,33,38,71,1560,580,2140
00103400,ALABAMA SOUTHERN COMMUNITY COLLEGE      ,AL,36460-5698,Public       ,70,160,230,724,908,1632
00103600,SAMFORD UNIVERSITY                      ,AL,35229-7000,Private      ,46,89,135,2289,2086,4375
00103700,SELMA UNIVERSITY                        ,AL,36701-0000,Private      ,0,0,0,1,0,1
00103800,SNEAD STATE COMMUNITY COLLEGE           ,AL,35957-0734,Public       ,61,173,234,741,1249,1990
00104000,SOUTHERN UNION STATE COMMUNITY CLG      ,AL,36276-0000,Public       ,198,286,484,2170,1974,4144
00104100,SPRING HILL COLLEGE                     ,AL,36608-1791,Private      ,21,52,73,1465,486,1951
00104400,STILLMAN COLLEGE                        ,AL,35403-1430,Private      ,29,14,43,1373,358,1731
00104600,TALLADEGA COLLEGE                       ,AL,35160-2354,Private      ,10,9,19,474,121,595
00104700,TROY STATE UNIVERSITY                   ,AL,36082-0001,Public       ,295,1931,2226,5393,17367,22760
00104754,TROY UNIVERSITY - DOTHAN                ,AL,36303-1575,Public       ,0,0,0,127,375,502
00104755,TROY UNIVERSITY - MONTGOMERY            ,AL,36103-4419,Public       ,0,0,0,251,1053,1304
00105000,TUSKEGEE UNIVERSITY                     ,AL,36088-1645,Private      ,66,27,93,4053,864,4917
00105100,UNIVERSITY OF ALABAMA (THE)             ,AL,35487-0120,Public       ,392,407,799,12150,6259,18409
00105200,UNIVERSITY OF ALABAMA AT BIRMINGHAM     ,AL,35294-1150,Public       ,266,506,772,6786,7472,14258
00105500,UNIVERSITY OF ALABAMA IN HUNTSVILLE     ,AL,35899-0001,Public       ,120,214,334,3227,2623,5850
00105700,UNIVERSITY OF SOUTH ALABAMA             ,AL,36688-0002,Public       ,249,641,890,5228,7038,12266
00105900,LAWSON STATE COMMUNITY COLLEGE          ,AL,35221-1798,Public       ,106,306,412,1616,2632,4248
00105901,LAWSON STATE COMMUNITY COLLEGE - BESSEME,AL,35021-0308,Public       ,16,41,57,237,516,753
00106000,FAULKNER STATE COMMUNITY COLLEGE        ,AL,36507-2698,Public       ,128,263,391,1801,1903,3704
00446200,GADSDEN BUSINESS COLLEGE                ,AL,35906-3658,Proprietary  ,0,0,0,2,11,13
00526000,J.F. DRAKE STATE TECH COLLEGE           ,AL,35811-1584,Public       ,24,145,169,274,895,1169
00569100,SHELTON STATE COMMUNITY CLG             ,AL,35405-4017,Public       ,201,351,552,2549,2507,5056
00569200,REID STATE TECHNICAL COLLEGE            ,AL,36401-0000,Public       ,16,73,89,215,500,715
00569700,NORTHWEST- SHOALS COMMUNITY COLLEGE     ,AL,35661-0000,Public       ,122,272,394,1555,1885,3440
00569702,NORTHWEST-SHOALS C.C.-PHIL CAMPBELL     ,AL,35581-0000,Public       ,7,17,24,152,158,310
00569900,GEORGE C WALLACE STATE CMTY COLLEGE     ,AL,36703-0000,Public       ,86,240,326,879,1389,2268
00573300,BEVILL STATE CMTY COLLEGE-WALKER        ,AL,35148-0000,Public       ,83,248,331,924,1761,2685
00573301,BEVILL STATE COMMUNITY COLLEGE - FAYETTE,AL,35555-0000,Public       ,12,48,60,329,449,778
00573302,BEVILL STATE CMTY CLG-HAMILTON CAMP     ,AL,35570-0000,Public       ,11,39,50,137,296,433
00573305,BEVILL STATE CMTY CLG-WALKER CLG        ,AL,35501-0000,Public       ,21,42,63,287,332,619
00573400,H. COUNCILL TRENHOLM STATE TECH COLLEGE ,AL,36108-0020,Public       ,79,232,311,501,1306,1807
00573401,H. C. TRENHOLM ST TECH COL-PATTERSON CAM,AL,36116-2612,Public       ,16,78,94,208,445,653
00787100,GEORGE C WALLACE STATE CMTY CLG         ,AL,35077-2000,Public       ,200,401,601,2042,3026,5068
00831000,AUBURN UNIVERSITY-MONTGOMERY            ,AL,36124-0000,Public       ,142,346,488,2419,3149,5568
00898800,LURLEEN B WALLACE COMMUNITY COLLEGE     ,AL,36420-0418,Public       ,48,132,180,613,895,1508
01019300,HERZING COLLEGE                         ,AL,35209-4816,Proprietary  ,15,69,84,137,578,715
01055400,CONCORDIA COLLEGE                       ,AL,36701-3323,Private      ,26,42,68,394,380,774
01123700,SOUTHERN COMMUNITY COLLEGE              ,AL,36083-1803,Private      ,0,0,0,8,10,18
01218200,CHATTAHOOCHEE VALLEY CMTY CLG           ,AL,36869-7917,Public       ,56,144,200,625,1221,1846
01303906,SOUTH UNIVERSITY - MONTGOMERY           ,AL,36116-1120,Proprietary  ,32,129,161,237,834,1071
02170600,UNITED STATES SPORTS ACADEMY            ,AL,36526-7055,Private      ,3,133,136,23,607,630
02199700,HERITAGE CHRISTIAN UNIVERSITY           ,AL,35630-0000,Private      ,0,6,6,13,54,67
02270400,SOUTHEASTERN BIBLE COLLEGE              ,AL,35244-2083,Private      ,9,9,18,99,146,245
02296000,PRINCE INSTITUTE OF PROFESSIONAL STUDIES,AL,36117-0000,Proprietary  ,7,15,22,45,83,128
02323800,GAITHER AND COMPANY BEAUTY COLLEGE      ,AL,35768-0000,Proprietary  ,0,0,0,1,12,13
02341000,FORTIS COLLEGE                          ,AL,36609-0000,Proprietary  ,37,139,176,215,789,1004
02341002,CAPPS COLLEGE - MONTGOMERY              ,AL,36109-3624,Proprietary  ,2,16,18,33,95,128
02503400,AMRIDGE UNIVERSITY                      ,AL,36124-0000,Private      ,1,82,83,23,831,854
02605500,REMINGTON COLLEGE - MOBILE CAMPUS       ,AL,36609-5593,Proprietary  ,56,285,341,428,1726,2154
03010600,VIRGINIA COLLEGE                        ,AL,35209-5154,Proprietary  ,239,1732,1971,1122,8753,9875
03010602,VIRGINIA COLLEGE - HUNTSVILLE           ,AL,35805-0000,Proprietary  ,4,34,38,91,281,372
03010605,VA COLG TECHNICAL AT PELHAM             ,AL,35124-0000,Proprietary  ,1,4,5,8,14,22
03010607,VIRGINIA COLLEGE - MOBILE               ,AL,36606-4748,Proprietary  ,2,15,17,3,29,32
03032500,ALABAMA STATE CLG BARBER STYLING        ,AL,35215-8308,Proprietary  ,0,7,7,20,56,76
03100503,VIRGINIA COLLEGE AT PENSACOLA - VIRGINIA,AL,35242-5340,Proprietary  ,0,0,0,58,274,332
03361400,FORTIS COLLEGE                          ,AL,36535-3547,Proprietary  ,8,48,56,61,268,329
03459300,SOUTHEASTERN SCHOOL OF COSMETOLOGY      ,AL,35228-0000,Private      ,8,27,35,23,139,162
03783300,BLUE CLIFF CAREER COLLEGE               ,AL,63306-4749,Proprietary  ,12,60,72,55,158,213
03894300,HUNTSVILLE BIBLE COLLEGE                ,AL,35811-0000,Private      ,0,6,6,6,35,41
04067300,SELMA UNIVERSITY                        ,AL,36701-0000,Private      ,0,7,7,3,30,33
04116500,MIMI'S BEAUTY ACADEMY OF COSMETOLOGY    ,AL,35810-3453,Proprietary  ,0,3,3,0,3,3
00111100,ALLAN HANCOCK COLLEGE                   ,CA,93454-6399,Public       ,114,336,450,2302,2662,4964
00111300,ANTELOPE VALLEY COLLEGE                 ,CA,93536-5426,Public       ,277,659,936,3077,4955,8032
00111600,ART CENTER COLLEGE OF DESIGN            ,CA,91103-1999,Private      ,52,70,122,1082,1225,2307
00111700,AZUSA PACIFIC UNIVERSITY                ,CA,91702-7000,Private      ,113,552,665,5092,4719,9811
00111800,BAKERSFIELD COLLEGE                     ,CA,93305-1299,Public       ,265,679,944,5749,5875,11624
00111900,BARSTOW COMMUNITY COLLEGE               ,CA,92311-6608,Public       ,55,372,427,480,2063,2543
00112000,AMER BAPT SEM OF THE WEST-BERKELEY      ,CA,94704-0000,Private      ,0,5,5,0,50,50
00112100,BETHANY UNIVERSITY /  ASSEMBLIES OF GOD ,CA,95066-2896,Private      ,16,24,40,431,360,791
00112200,BIOLA UNIVERSITY                        ,CA,90639-0001,Private      ,78,103,181,4287,1795,6082
00112300,BROOKS INSTITUTE                        ,CA,93103-1809,Proprietary  ,114,57,171,1650,956,2606
00112400,CABRILLO COLLEGE                        ,CA,95003-3194,Public       ,119,303,422,2196,2987,5183
00112500,CALIFORNIA BAPTIST UNIVERSITY           ,CA,92504-3297,Private      ,60,159,219,2799,2140,4939
00112700,CALIFORNIA COLLEGE OF THE ARTS          ,CA,94107-2206,Private      ,36,40,76,1335,1211,2546
00113100,CALIFORNIA INSTITUTE OF TECHNOLOGY      ,CA,91125-0001,Private      ,34,18,52,2114,316,2430
00113200,CALIFORNIA INSTITUTE OF THE ARTS        ,CA,91355-2397,Private      ,17,14,31,1227,1197,2424
00113300,CALIFORNIA LUTHERAN UNIVERSITY          ,CA,91360-2787,Private      ,29,114,143,2260,1209,3469
00113400,CALIFORNIA MARITIME ACADEMY             ,CA,94590-8181,Public       ,12,5,17,577,189,766
00113700,CALIF STATE UNIV-FULLERTON              ,CA,92831-3599,Public       ,589,764,1353,24437,12798,37235
00113800,"CALIFORNIA STATE UNIVERSITY, EAST BAY   ",CA,94542-3000,Public       ,161,490,651,6001,7030,13031
00113900,CALIF STATE UNIV-LONG BEACH             ,CA,90840-0006,Public       ,607,732,1339,29812,15036,44848
00114000,CALIF STATE UNIV-LOS ANGELES            ,CA,90032-4226,Public       ,337,740,1077,15991,13279,29270
00114100,"CALIF STATE UNIV, DOMINGUEZ HILLS       ",CA,90747-0001,Public       ,171,547,718,7964,8297,16261
00114200,CALIF STATE UNIV SAN BERNARDINO         ,CA,92407-2397,Public       ,284,624,908,10909,9843,20752
00114300,CAL POLY STATE UNIVERSITY               ,CA,93407-0001,Public       ,341,178,519,19222,3119,22341
00114400,CALIF STATE POLYTECHNIC UNIV POMONA     ,CA,91768-2500,Public       ,359,304,663,17168,6293,23461
00114600,CALIF STATE UNIV - CHICO                ,CA,95929-0001,Public       ,273,259,532,11947,5209,17156
00114700,CALIF STATE UNIV - FRESNO               ,CA,93740-8026,Public       ,324,505,829,15113,8896,24009
00114900,HUMBOLDT STATE UNIVERSITY               ,CA,95521-8299,Public       ,138,162,300,6635,3702,10337
00115000,CALIF STATE UNIV-SACRAMENTO             ,CA,95819-6044,Public       ,410,778,1188,17206,12947,30153
00115100,SAN DIEGO STATE UNIVERSITY              ,CA,92182-1690,Public       ,741,706,1447,29077,13664,42741
00115300,CALIF STATE UNIV-NORTHRIDGE             ,CA,91330-8307,Public       ,528,832,1360,22328,13846,36174
00115301,CALIF STATE UNIV CHANNEL ISLANDS        ,CA,93012-0000,Public       ,20,23,43,2109,944,3053
00115400,SAN FRANCISCO STATE UNIVERSITY          ,CA,94132-1740,Public       ,495,682,1177,20528,14446,34974
00115500,SAN JOSE STATE UNIVERSITY               ,CA,95192-0036,Public       ,406,665,1071,17719,11853,29572
00115600,SONOMA STATE UNIVERSITY                 ,CA,94928-3609,Public       ,108,165,273,6574,2831,9405
00115700,CALIF STATE UNIV-STANISLAUS             ,CA,95382-0299,Public       ,108,254,362,5525,4197,9722
00115800,UNITED STATES INTERNATIONAL UNIV        ,CA,92131-1799,Private      ,1,29,30,46,749,795
00116100,CERRITOS COLLEGE                        ,CA,90650-6296,Public       ,379,681,1060,7108,5623,12731
00116200,CHABOT COLLEGE                          ,CA,94545-2400,Public       ,167,459,626,2869,3559,6428
00116300,CHAFFEY COLLEGE                         ,CA,91737-9400,Public       ,377,875,1252,5478,6664,12142
00116400,CHAPMAN UNIVERSITY                      ,CA,92866-1099,Private      ,90,730,820,5216,7383,12599
00116453,CHAPMAN UNIVERSITY SCHOOL OF LAW        ,CA,92866-0000,Private      ,2,14,16,83,1415,1498
00116500,CHURCH DIV SCH OF THE PACIFIC           ,CA,94709-0000,Private      ,0,2,2,0,76,76
00116600,CITRUS COLLEGE                          ,CA,91741-1899,Public       ,206,316,522,3968,2852,6820
00116900,CLAREMONT GRADUATE UNIVERSITY           ,CA,91711-0000,Private      ,0,89,89,9,1518,1527
00117000,CLAREMONT MCKENNA COLLEGE               ,CA,91711-6400,Private      ,15,1,16,2335,55,2390
00117100,HARVEY MUDD COLLEGE                     ,CA,91711-5990,Private      ,6,0,6,1549,18,1567
00117200,PITZER COLLEGE                          ,CA,91711-6101,Private      ,13,7,20,2086,119,2205
00117300,POMONA COLLEGE                          ,CA,91711-6301,Private      ,25,4,29,3012,66,3078
00117400,SCRIPPS COLLEGE                         ,CA,91711-3948,Private      ,11,0,11,1230,62,1292
00117600,WEST HILLS COMMUNITY COLLEGE            ,CA,93210-1399,Public       ,39,170,209,1546,1634,3180
00117700,COGSWELL POLYTECHNICAL COLLEGE          ,CA,94089-1210,Private      ,5,4,9,109,57,166
00117800,COLLEGE OF MARIN                        ,CA,94904-2590,Public       ,31,118,149,569,1211,1780
00117801,COLG OF MARIN-INDIAN VALLEY CMPS        ,CA,94949-0000,Public       ,2,8,10,25,73,98
00117900,NOTRE DAME DE NAMUR UNIVERSITY          ,CA,94002-1997,Private      ,4,39,43,632,682,1314
00118100,COLLEGE OF SAN MATEO                    ,CA,94402-3784,Public       ,86,187,273,1407,1313,2720
00118200,COLLEGE OF THE DESERT                   ,CA,92260-9305,Public       ,118,263,381,2240,2342,4582
00118300,HOLY NAMES UNIVERSITY                   ,CA,94619-1699,Private      ,7,51,58,535,649,1184
00118500,COLLEGE OF THE REDWOODS                 ,CA,95501-9300,Public       ,94,324,418,1783,2795,4578
00118600,COLLEGE OF THE SEQUOIAS                 ,CA,93277-2234,Public       ,199,668,867,3723,4406,8129
00118700,COLLEGE OF THE SISKIYOUS                ,CA,96094-2899,Public       ,29,104,133,765,800,1565
00118701,COLLEGE OF THE SISKIYOUS - YREKA CENTER ,CA,96097-9538,Public       ,2,8,10,24,37,61
00119000,CONTRA COSTA COLLEGE                    ,CA,94806-3195,Public       ,79,228,307,1168,1903,3071
00119100,DIABLO VALLEY COLLEGE                   ,CA,94523-1544,Public       ,149,309,458,2710,2423,5133
00119200,CUESTA COLLEGE                          ,CA,93403-8106,Public       ,154,273,427,2554,2238,4792
00119300,CYPRESS COLLEGE                         ,CA,90630-5897,Public       ,173,402,575,3289,3356,6645
00119600,DOMINICAN UNIVERSITY OF CALIFORNIA      ,CA,94901-2298,Private      ,35,80,115,1825,1049,2874
00119700,EL CAMINO COLLEGE                       ,CA,90506-0002,Public       ,357,583,940,6105,5193,11298
00119701,COMPTON COMMUNITY COLLEGE               ,CA,90221-5393,Public       ,49,179,228,618,1300,1918
00119900,FOOTHILL COLLEGE                        ,CA,94022-4597,Public       ,114,176,290,1200,1722,2922
00120000,FULLER THEOLOGICAL SEMINARY             ,CA,91182-0000,Private      ,1,92,93,11,1992,2003
00120100,FULLERTON COLLEGE                       ,CA,92832-2095,Public       ,321,383,704,5209,3564,8773
00120200,GAVILAN COLLEGE                         ,CA,95020-9599,Public       ,50,119,169,909,1163,2072
00120300,GLENDALE COMMUNITY COLLEGE              ,CA,91208-2894,Public       ,248,410,658,4798,4136,8934
00120400,GOLDEN GATE BAPT THEOL SEMINARY         ,CA,94941-0000,Private      ,0,5,5,1,40,41
00120500,GOLDEN GATE UNIVERSITY                  ,CA,94105-2967,Private      ,2,211,213,55,2725,2780
00120600,GOLDEN WEST COLLEGE                     ,CA,92647-2748,Public       ,169,368,537,3921,3352,7273
00120700,GRADUATE THEOLOGICAL UNION              ,CA,94709-0000,Private      ,0,6,6,0,315,315
00120800,GROSSMONT COLLEGE                       ,CA,92020-1798,Public       ,252,467,719,4207,4316,8523
00120900,HARTNELL COMMUNITY COLLEGE              ,CA,93901-1697,Public       ,98,181,279,1776,1662,3438
00121200,HUMPHREYS COLLEGE                       ,CA,95207-3896,Private      ,6,81,87,174,779,953
00121400,IMPERIAL VALLEY COLLEGE                 ,CA,92251-9787,Public       ,204,341,545,3339,2778,6117
00121500,LA SIERRA UNIVERSITY                    ,CA,92515-3332,Private      ,53,48,101,1560,644,2204
00121600,UNIVERSITY OF LA VERNE                  ,CA,91750-4443,Private      ,40,430,470,2307,5217,7524
00121700,LASSEN COLLEGE                          ,CA,96130-3000,Public       ,17,95,112,356,503,859
00121800,LOMA LINDA UNIVERSITY                   ,CA,92350-0001,Private      ,21,108,129,656,4116,4772
00121900,LONG BEACH CITY COLLEGE                 ,CA,90808-1780,Public       ,474,1252,1726,7473,9087,16560
00122000,MASTER'S COLLEGE & SEMINARY (THE)       ,CA,91321-1200,Private      ,23,17,40,1007,288,1295
00122300,LOS ANGELES CITY COLLEGE                ,CA,90029-3588,Public       ,217,571,788,3336,6280,9616
00122400,LOS ANGELES HARBOR COLLEGE              ,CA,90744-2397,Public       ,118,237,355,1759,2414,4173
00122600,LOS ANGELES PIERCE COLLEGE              ,CA,91371-0001,Public       ,248,371,619,4374,3302,7676
00122700,LOS ANGELES TRADE TECH COLLEGE          ,CA,90015-4181,Public       ,170,543,713,2207,4280,6487
00122800,LOS ANGELES VALLEY COLLEGE              ,CA,91401-4096,Public       ,187,377,564,3591,4005,7596
00122900,SO CA UNIV  HEALTH SCIENCES             ,CA,90604-4051,Private      ,1,23,24,13,506,519
00123000,SOUTHERN CA COLLEGE OF OPTOMETRY        ,CA,92831-1699,Private      ,0,1,1,9,467,476
00123200,AMERICAN RIVER COLLEGE                  ,CA,95841-4286,Public       ,433,1238,1671,5826,10183,16009
00123300,SACRAMENTO CITY COLLEGE                 ,CA,95822-1386,Public       ,306,926,1232,6348,7760,14108
00123600,MENLO COLLEGE                           ,CA,94027-4301,Private      ,13,12,25,754,135,889
00123700,MERCED COMMUNITY COLLEGE                ,CA,95348-2898,Public       ,195,472,667,3403,3568,6971
00123800,MILLS COLLEGE                           ,CA,94613-1301,Private      ,18,60,78,1148,1080,2228
00123900,MIRACOSTA COLLEGE                       ,CA,92056-3899,Public       ,106,287,393,1561,2118,3679
00124000,MODESTO JUNIOR COLLEGE                  ,CA,95350-5800,Public       ,324,840,1164,5338,6059,11397
00124200,MONTEREY PENINSULA COLLEGE              ,CA,93940-4799,Public       ,59,128,187,1003,1170,2173
00124300,MOUNT ST MARYS COLLEGE                  ,CA,90049-1599,Private      ,33,108,141,1831,1473,3304
00124500,MT. SAN ANTONIO COLLEGE                 ,CA,91789-1399,Public       ,400,621,1021,8211,5954,14165
00124600,MT SAN JACINTO COLLEGE                  ,CA,92583-2399,Public       ,231,630,861,3048,4766,7814
00124700,NAPA VALLEY COLLEGE                     ,CA,94558-6236,Public       ,73,181,254,1047,1454,2501
00124900,OCCIDENTAL COLLEGE                      ,CA,90041-3314,Private      ,18,5,23,3228,144,3372
00125000,ORANGE COAST COLLEGE - FIN AID OFF      ,CA,92628-5005,Public       ,339,528,867,6431,4176,10607
00125100,OTIS COLLEGE OF ART AND DESIGN          ,CA,90045-3505,Private      ,20,22,42,1283,517,1800
00125200,HOPE INTERNATIONAL UNIVERSITY           ,CA,92631-0000,Private      ,17,65,82,556,523,1079
00125300,FRESNO PACIFIC UNIVERSITY               ,CA,93702-4798,Private      ,32,136,168,1471,1485,2956
00125302,FRESNO PACIFIC UNIVERSITY - VISALIA CENT,CA,93277-8341,Private      ,4,15,19,26,171,197
00125303,FRESNO PACIFIC UNIVERSITY - BAKERSFIELD ,CA,93301-4533,Private      ,1,14,15,21,138,159
00125400,PACIFIC LUTHERAN THEOLOGICAL SEM        ,CA,94708-0000,Private      ,0,0,0,0,89,89
00125500,PACIFIC OAKS COLLEGE                    ,CA,91103-3592,Private      ,0,43,43,22,943,965
00125600,PACIFIC SCHOOL OF RELIGION              ,CA,94709-0000,Private      ,0,6,6,0,178,178
00125800,PACIFIC UNION COLLEGE                   ,CA,94508-9797,Private      ,41,33,74,1300,378,1678
00125900,PALO VERDE COLLEGE                      ,CA,92225-0000,Public       ,2,24,26,133,322,455
00126000,PALOMAR COLLEGE                         ,CA,92069-1486,Public       ,233,514,747,3908,3976,7884
00126100,PASADENA CITY COLLEGE                   ,CA,91106-2003,Public       ,428,598,1026,9237,5530,14767
00126200,POINT LOMA NAZARENE UNIVERSITY          ,CA,92106-2899,Private      ,55,174,229,2931,1125,4056
00126600,LANEY COLLEGE                           ,CA,94607-4893,Public       ,147,438,585,2205,3990,6195
00126700,MERRITT COLLEGE                         ,CA,94619-3196,Public       ,67,277,344,1025,2356,3381
00126800,PORTERVILLE COLLEGE                     ,CA,93257-6059,Public       ,62,246,308,1228,1644,2872
00126900,RIO HONDO COLLEGE                       ,CA,90601-1699,Public       ,215,384,599,4463,3331,7794
00127000,RIVERSIDE COMMUNITY COLLEGE             ,CA,92506-1299,Public       ,558,1149,1707,10597,11566,22163
00127200,SAN BERNARDINO VALLEY COLLEGE           ,CA,92410-2798,Public       ,223,817,1040,3180,5693,8873
00127300,SAN DIEGO CITY COLLEGE                  ,CA,92101-4787,Public       ,269,805,1074,4134,6719,10853
00127500,SAN DIEGO MESA COLLEGE                  ,CA,92111-4996,Public       ,312,543,855,5109,5050,10159
00127800,SAN FRANCISCO CONSERVATORY OF MUSIC     ,CA,94122-4498,Private      ,7,5,12,267,307,574
00127900,SAN FRANCISCO THEOLOGICAL SEMINARY      ,CA,94960-0000,Private      ,0,2,2,0,86,86
00128000,SAN JOAQUIN DELTA COLLEGE               ,CA,95207-6370,Public       ,432,1167,1599,5875,7677,13552
00128100,WILLIAM JESSUP UNIVERSITY               ,CA,95765-3707,Private      ,10,43,53,395,305,700
00128200,SAN JOSE CITY COLLEGE                   ,CA,95128-2797,Public       ,117,368,485,2201,3328,5529
00128400,SANTA ANA COLLEGE                       ,CA,92706-3398,Public       ,166,312,478,3316,3134,6450
00128500,SANTA BARBARA CITY COLLEGE              ,CA,93109-2394,Public       ,156,269,425,3374,2304,5678
00128600,SANTA MONICA COLLEGE                    ,CA,90405-1644,Public       ,384,469,853,7846,4574,12420
00128700,SANTA ROSA JUNIOR COLLEGE               ,CA,95401-4395,Public       ,142,434,576,3076,3866,6942
00128800,CLAREMONT SCHOOL OF THEOLOGY            ,CA,91711-0000,Private      ,0,11,11,4,173,177
00128900,SHASTA COLLEGE                          ,CA,96049-7692,Public       ,129,477,606,2565,3609,6174
00129000,SIERRA COLLEGE                          ,CA,95677-3397,Public       ,276,567,843,3687,4544,8231
00129100,SIMPSON UNIVERSITY                      ,CA,96003-8606,Private      ,18,56,74,1011,655,1666
00129200,SOLANO COMMUNITY COLLEGE                ,CA,94534-3197,Public       ,118,424,542,1870,3218,5088
00129300,VANGUARD UNIVERSITY OF SOUTHERN CA      ,CA,92626-6597,Private      ,30,79,109,1856,799,2655
00129400,SOUTHWESTERN COLLEGE                    ,CA,91910-7299,Public       ,331,424,755,5564,4223,9787
00129500,SOUTHWESTERN LAW SCHOOL                 ,CA,90010-1106,Private      ,0,17,17,11,2082,2093
00129600,DOMINICAN SCH PHILOSOPHY & THEOLOGY     ,CA,94709-0000,Private      ,0,0,0,2,28,30
00129900,ST JOHN'S SEMINARY COLLEGE              ,CA,93010-0000,Private      ,0,1,1,2,6,8
00130200,SAINT MARY'S COLLEGE OF CALIFORNIA      ,CA,94556-2744,Private      ,45,105,150,3346,1130,4476
00130500,STANFORD UNIVERSITY                     ,CA,94305-6106,Private      ,171,93,264,13061,2602,15663
00130501,STANFORD UNIVERSITY - GRADUATE SCHOOL OF,CA,94305-5301,Private      ,6,17,23,49,693,742
00130502,STANFORD UNIVERSITY - GRADUATE SCHOOL OF,CA,94305-5015,Private      ,6,10,16,20,937,957
00130503,STANFORD UNIVERSITY - STANFORD LAW SCHOO,CA,94305-3096,Private      ,0,5,5,19,1719,1738
00130700,FRESNO CITY COLLEGE                     ,CA,93741-0002,Public       ,511,1522,2033,9598,9862,19460
00130800,REEDLEY COLLEGE                         ,CA,93654-2099,Public       ,279,535,814,4261,4089,8350
00130900,TAFT COLLEGE                            ,CA,93268-2317,Public       ,23,62,85,555,594,1149
00131200,UNIVERSITY OF CALIFORNIA-BERKELEY       ,CA,94720-1520,Public       ,654,401,1055,35690,15583,51273
00131300,UNIVERSITY OF CALIFORNIA-DAVIS          ,CA,95616-8558,Public       ,412,237,649,32661,10865,43526
00131400,UNIVERSITY OF CALIFORNIA-IRVINE         ,CA,92697-2825,Public       ,352,286,638,33125,7523,40648
00131500,UNIVERSITY OF CALIFORNIA (UCLA)         ,CA,90095-9000,Public       ,545,637,1182,43634,20179,63813
00131502,UNIV OF CALIFORNIA LOS ANG SCH MED      ,CA,90095-0000,Public       ,5,11,16,100,720,820
00131503,UNIV OF CALIFORNIA LOS ANG DENTAL       ,CA,90095-0000,Public       ,1,1,2,20,154,174
00131600,UNIVERSITY OF CALIFORNIA-RIVERSIDE      ,CA,92521-0209,Public       ,245,196,441,20632,4940,25572
00131700,UNIVERSITY OF CALIFORNIA-SAN DIEGO      ,CA,92093-0013,Public       ,277,183,460,31921,6779,38700
00131900,UNIVERSITY OF CALIFORNIA-SFRANCISCO     ,CA,94143-0246,Public       ,29,78,107,440,2931,3371
00132000,UNIVERSITY OF CALIFORNIA-SANTA BARB     ,CA,93106-3180,Public       ,303,157,460,28389,5129,33518
00132100,UNIVERSITY OF CALIFORNIA-SANTA CRUZ     ,CA,95064-0001,Public       ,227,130,357,17682,3185,20867
00132200,UNIVERSITY OF REDLANDS                  ,CA,92373-0999,Private      ,39,268,307,3612,1975,5587
00132500,UNIVERSITY OF SAN FRANCISCO             ,CA,94117-1080,Private      ,108,223,331,6443,5527,11970
00132600,SANTA CLARA UNIVERSITY                  ,CA,95053-4956,Private      ,61,107,168,6272,3199,9471
00132800,UNIVERSITY OF SOUTHERN CALIFORNIA       ,CA,90089-0914,Private      ,315,336,651,23941,16745,40686
00132900,UNIVERSITY OF THE PACIFIC               ,CA,95211-0197,Private      ,64,66,130,5366,2358,7724
00132901,UNIVERSITY OF THE PACIFIC - MCGEORGE SCH,CA,95817-2799,Private      ,3,19,22,17,2007,2024
00132902,UNIV OF THE PACIFIC SCH OF DENT         ,CA,94115-0000,Private      ,4,16,20,13,582,595
00133400,VENTURA COLLEGE                         ,CA,93003-3899,Public       ,128,293,421,2860,2334,5194
00133500,VICTOR VALLEY COLLEGE                   ,CA,92395-5849,Public       ,261,816,1077,3008,5455,8463
00133800,WEST VALLEY COLLEGE                     ,CA,95070-5697,Public       ,74,159,233,1371,1486,2857
00134100,WESTMONT COLLEGE                        ,CA,93108-1099,Private      ,22,3,25,1731,35,1766
00134200,WHITTIER COLLEGE                        ,CA,90601-4413,Private      ,23,16,39,1875,244,2119
00134201,WHITTIER COLLEGE - COLLEGE OF LAW       ,CA,92626-1501,Private      ,0,17,17,6,1059,1065
00134300,WOODBURY UNIVERSITY                     ,CA,91510-7846,Private      ,24,73,97,1014,793,1807
00134400,YUBA COLLEGE                            ,CA,95901-7699,Public       ,171,549,720,2705,4064,6769
00177212,TRINITY INTERNATIONAL UNIV-CA           ,CA,92705-0000,Private      ,0,14,14,2,185,187
00274100,AMERICAN JEWISH UNIVERSITY              ,CA,90077-1599,Private      ,2,3,5,77,137,214
00301002,ANTIOCH UNIV/LOS ANGELES                ,CA,90230-7615,Private      ,1,74,75,15,720,735
00301003,ANTIOCH  UNIV/SANTA BARBARA             ,CA,93101-0000,Private      ,4,32,36,165,391,556
00304701,HEBREW UNION COLL - LOS ANGELES         ,CA,90007-0000,Private      ,0,0,0,0,10,10
00369110,MONTEREY INST OF INTERNATL STUDIES      ,CA,93940-2691,Private      ,2,28,30,20,756,776
00394700,UC-HASTINGS COLLEGE OF THE LAW          ,CA,94102-0000,Public       ,1,12,13,7,2906,2913
00394800,SAN FRANCISCO ART INSTITUTE             ,CA,94133-2299,Private      ,36,29,65,965,777,1742
00405500,HEBREW UNION COLLEGE - JEWISH INSTITUTE ,CA,90007-3796,Private      ,0,0,0,1,72,73
00408000,STARR KING SCHOOL FOR THE MINISTRY      ,CA,94709-1299,Private      ,0,3,3,0,49,49
00448000,DE ANZA COLLEGE                         ,CA,95014-5793,Public       ,301,369,670,4121,3161,7282
00448100,OHLONE COLLEGE                          ,CA,94539-5847,Public       ,96,147,243,1495,1301,2796
00448400,JOHN F. KENNEDY UNIVERSITY              ,CA,94523-4817,Private      ,4,119,123,17,1377,1394
00449000,PATTEN UNIVERSITY                       ,CA,94601-2699,Private      ,11,34,45,221,287,508
00449400,EVEREST COLLEGE                         ,CA,92408-3752,Proprietary  ,83,201,284,299,726,1025
00450200,CITY COLLEGE OF SAN FRANCISCO           ,CA,94112-0000,Public       ,469,1017,1486,5981,7866,13847
00563800,DOWNEY ADULT SCHOOL                     ,CA,90241-5610,Public       ,1,8,9,12,40,52
00565500,HACIENDA LA PUENTE ADULT EDUC CTR       ,CA,91746-0000,Public       ,17,76,93,62,314,376
00616500,LA CNTY CLG OF NURSING & ALLD HLTH      ,CA,90033-1018,Public       ,4,23,27,72,283,355
00672000,COLLEGE OF ALAMEDA                      ,CA,94501-2109,Public       ,73,174,247,1283,1558,2841
00673100,CASA LOMA COLLEGE                       ,CA,91405-4523,Private      ,34,76,110,185,427,612
00686300,VENTURA COUNTY CMTY CLG DISTRICT        ,CA,93010-8552,Public       ,0,3,3,13,12,25
00697300,CANADA COLLEGE                          ,CA,94061-1099,Public       ,33,96,129,441,763,1204
00697500,LINCOLN UNIVERSITY                      ,CA,94612-2801,Private      ,1,3,4,7,41,48
00701200,SAMUEL MERRITT COLLEGE                  ,CA,94609-3108,Private      ,18,111,129,220,1588,1808
00704700,LOS ANGELES SOUTHWEST COLLEGE           ,CA,90047-4810,Public       ,88,330,418,1274,3329,4603
00705000,BAY VISTA COLLEGE OF BEAUTY             ,CA,91950-3616,Proprietary  ,14,37,51,48,93,141
00711500,MOORPARK COLLEGE                        ,CA,93021-1695,Public       ,122,173,295,2031,1522,3553
00713000,NEWBERRY SCHOOLS OF BEAUTY              ,CA,91344-7404,Proprietary  ,19,24,43,50,60,110
00714200,LYLE'S COLLEGE OF BEAUTY                ,CA,93710-3948,Proprietary  ,9,34,43,87,140,227
00714201,LYLE'S CLG OF BTY BAKERSFIELD           ,CA,93301-0000,Proprietary  ,3,4,7,36,38,74
00716400,BRYAN COLLEGE                           ,CA,90057-0000,Proprietary  ,13,59,72,75,349,424
00717801,WESTERN SEMINARY - BAY AREA CENTER      ,CA,95032-0000,Private      ,0,1,1,0,12,12
00717804,WESTERN SEMINARY - SACRAMENTO           ,CA,95821-3939,Private      ,0,7,7,5,42,47
00718700,NORTH ADRIAN'S COLLEGE OF BEAUTY        ,CA,95350-2381,Proprietary  ,17,35,52,80,128,208
00719000,WYOTECH                                 ,CA,94539-7663,Proprietary  ,158,243,401,781,1125,1906
00719001,WYOTECH - SIERRA CAMPUS                 ,CA,94621-4523,Proprietary  ,5,7,12,5,7,12
00720300,SALON SUCCESS ACADEMY                   ,CA,91786-4060,Proprietary  ,8,10,18,50,47,97
00720400,MODERN BEAUTY ACADEMY                   ,CA,93030-7016,Proprietary  ,4,12,16,33,37,70
00722900,WESTERN BEAUTY INSTITUTE                ,CA,91402-3104,Proprietary  ,37,100,137,209,646,855
00723400,HEALD COLLEGE                           ,CA,94105-2206,Proprietary  ,47,136,183,247,545,792
00723600,ART INST OF CALIFORNIA-LOS ANGELES      ,CA,90405-3035,Proprietary  ,291,306,597,4499,3039,7538
00724500,SAN JOSE BEAUTY COLLEGE                 ,CA,95126-0000,Proprietary  ,0,0,0,0,2,2
00725300,FEDERICO BEAUTY INSTITUTE               ,CA,95834-1905,Proprietary  ,21,41,62,154,188,342
00729600,COLEMAN COLLEGE                         ,CA,92123-0000,Private      ,30,77,107,148,488,636
00745600,MARINELLO SCH BTY BUENA PRK             ,CA,90620-0000,Proprietary  ,0,0,0,0,1,1
00746501,AMERICAN ACADEMY OF DRAMATIC ARTS - HOLL,CA,90028-7504,Private      ,14,7,21,192,83,275
00747600,MARINELLO SCHOOLS OF BEAUTY             ,CA,90023-2666,Proprietary  ,89,227,316,634,1312,1946
00747602,MARINELLO SCHOOLS OF BEAUTY - SPA ACADEM,CA,90048-5101,Proprietary  ,0,4,4,10,21,31
00747603,MARINELLO SCHOOLS OF BEAUTY - INGLEWOOD ,CA,90301-2306,Proprietary  ,0,6,6,10,16,26
00747604,MARINELLO SCHOOLS OF BEAUTY - RESEDA    ,CA,91335-4218,Proprietary  ,1,0,1,4,4,8
00747605,MARINELLO SCHOOLS OF BEAUTY - NORTH HOLL,CA,91606-3210,Proprietary  ,0,2,2,11,12,23
00747606,MARINELLO SCHOOLS OF BEAUTY - WEST COVIN,CA,91790-2805,Proprietary  ,1,2,3,16,9,25
00747607,MARINELLO SCHOOLS OF BEAUTY - SAN BERNAR,CA,92410-3261,Proprietary  ,1,4,5,22,17,39
00747608,MARINELLO SCHOOLS OF BEAUTY - ONTARIO   ,CA,91762-2113,Proprietary  ,1,4,5,28,28,56
00747609,MARINELLO SCHOOLS OF BEAUTY - WHITTIER  ,CA,90601-4107,Proprietary  ,2,2,4,25,6,31
00747611,MARINELLO SCHOOLS OF BEAUTY - SAN DIEGO ,CA,92126-4217,Proprietary  ,1,3,4,26,17,43
00747700,"HEALD COLLEGE,SCHOOLS OF BUS & TECH     ",CA,95670-6005,Proprietary  ,46,147,193,297,792,1089
00753100,ACADEMY OF ART UNIVERSITY               ,CA,94105-3410,Proprietary  ,270,624,894,4460,6556,11016
00753600,COSUMNES RIVER COLLEGE                  ,CA,95823-5799,Public       ,182,463,645,3368,3765,7133
00754802,WESTWOOD COLLEGE OF TECHNOLOGY          ,CA,92801-0000,Proprietary  ,137,92,229,801,487,1288
00754803,WESTWOOD COLLEGE OF TECHNOLOGY          ,CA,91786-0000,Proprietary  ,92,101,193,903,644,1547
00760600,EVEREST COLLEGE                         ,CA,90010-2221,Proprietary  ,39,120,159,210,495,705
00760700,CONCORDE CAREER INSTITUTE               ,CA,91606-3134,Proprietary  ,55,89,144,255,474,729
00770700,COLUMBIA COLLEGE                        ,CA,95370-8580,Public       ,48,136,184,667,808,1475
00771300,SKYLINE COLLEGE                         ,CA,94066-1698,Public       ,89,171,260,1450,1330,2780
00793000,CONCORDE CAREER INSTITUTE               ,CA,92108-0000,Proprietary  ,44,134,178,192,677,869
00799300,CALIF STATE UNIV BAKERSFIELD            ,CA,93311-1022,Public       ,111,313,424,4880,4690,9570
00807100,CONCORDE CAREER INSTITUTE               ,CA,92840-9201,Proprietary  ,35,137,172,245,658,903
00807300,BUTTE COMMUNITY COLLEGE                 ,CA,95965-0000,Public       ,258,604,862,3813,4669,8482
00809000,EVEREST COLLEGE                         ,CA,91803-1310,Proprietary  ,107,193,300,413,746,1159
00809300,HEALD COLLEGE                           ,CA,93704-1706,Proprietary  ,70,201,271,795,1054,1849
00853200,HEALD COLLEGE                           ,CA,94545-2352,Proprietary  ,87,191,278,515,937,1452
00853700,CONCORDE CAREER INSTITUTE               ,CA,92401-0000,Proprietary  ,59,180,239,363,898,1261
00859600,WEST LOS ANGELES COLLEGE                ,CA,90230-3500,Public       ,115,278,393,1438,2841,4279
00859700,FEATHER RIVER COLLEGE                   ,CA,95971-9124,Public       ,27,41,68,446,278,724
00884400,CALIFORNIA CHRISTIAN COLLEGE            ,CA,93703-3599,Private      ,3,3,6,36,28,64
00884600,WRIGHT INSTITUTE                        ,CA,94704-0000,Private      ,0,8,8,1,374,375
00890300,COLLEGE OF THE CANYONS                  ,CA,91355-1899,Public       ,126,208,334,2118,1678,3796
00891800,SADDLEBACK COLLEGE                      ,CA,92692-3699,Public       ,171,353,524,1881,2237,4118
00902200,ASSOCIATED TECHNICAL COLLEGE            ,CA,90017-0000,Proprietary  ,30,171,201,72,449,521
00903200,EMPIRE COLLEGE                          ,CA,95403-2122,Proprietary  ,13,82,95,108,387,495
00915706,WYOMING TECHNICAL INSTITUTE - WEST SACRA,CA,95605-1507,Proprietary  ,6,19,25,6,19,25
00915800,DON BOSCO TECHNICAL INSTITUTE           ,CA,91770-4299,Private      ,0,0,0,5,2,7
00927200,CRAFTON HILLS COLLEGE                   ,CA,92399-1799,Public       ,109,215,324,1492,1531,3023
00932500,ABRAM FRIEDMAN OCCUP CTR                ,CA,90015-3507,Public       ,0,4,4,11,33,44
00950900,SKILLS & BUSINESS EDUCATION CENTER      ,CA,95824-1529,Public       ,25,219,244,136,811,947
00974800,WESTERN CAREER COLLEGE                  ,CA,95826-3203,Proprietary  ,367,842,1209,1783,4409,6192
00974801,WESTERN CAREER COLLEGE - SAN LEANDRO CAM,CA,94578-3711,Proprietary  ,2,8,10,9,17,26
00974802,WESTERN CAREER COLLEGE - PLEASANT HILL C,CA,94523-1984,Proprietary  ,40,61,101,208,440,648
00974803,WESTERN CAREER COLLEGE - STOCKTON       ,CA,95207-5509,Proprietary  ,1,7,8,5,19,24
00974804,WESTERN CAREER COLLEGE - CITRUS HEIGHTS ,CA,95621-5577,Proprietary  ,0,3,3,7,21,28
00974805,WESTERN CAREER COLLEGE - FREMONT        ,CA,94538-3115,Proprietary  ,0,0,0,68,242,310
00974806,WESTERN CAREER COLLEGE -  ANTIOCH/WALNUT,CA,94531-1604,Proprietary  ,2,10,12,25,45,70
00974807,WESTERN CAREER COLLEGE - SAN JOSE       ,CA,95119-1325,Proprietary  ,3,6,9,8,27,35
00974808,WESTERN CAREER COLLEGE - EMERYVILLE     ,CA,94608-3006,Proprietary  ,1,2,3,2,4,6
00974809,WESTERN CAREER COLLEGE -  EMERYVILLE SHE,CA,94608-3006,Proprietary  ,2,3,5,4,3,7
00974810,WESTERN CAREER COLLEGE - CONCORD        ,CA,94520-5671,Proprietary  ,0,1,1,2,6,8
00998900,SANTA BARBARA BUSINESS COLLEGE          ,CA,93111-0000,Proprietary  ,23,59,82,152,363,515
01011100,CERRO-COSO COMMUNITY COLLEGE            ,CA,93555-9571,Public       ,34,146,180,397,1200,1597
01014225,TOURO CLG OSEOPATHIC MEDICINE           ,CA,94592-1115,Private      ,0,11,11,21,553,574
01014900,PEPPERDINE UNIVERSITY                   ,CA,90263-0000,Private      ,91,351,442,5579,5186,10765
01033300,JESUIT SCHOOL OF THEOLOGY - BERKELEY    ,CA,94709-1193,Private      ,0,1,1,0,67,67
01034000,LOS MEDANOS COLLEGE                     ,CA,94565-5197,Public       ,103,246,349,1262,1819,3081
01036500,CHARLES R DREW UNIV OF MED & SCI        ,CA,90059-0000,Private      ,4,10,14,48,408,456
01036800,MENNONITE BRETHREN BIBLICAL SEM         ,CA,93727-0000,Private      ,0,8,8,2,74,76
01037500,HARBOR OCCUPATIONAL CENTER              ,CA,90731-0000,Public       ,1,5,6,26,35,61
01039500,UNIVERSITY OF SAN DIEGO                 ,CA,92110-2492,Private      ,125,172,297,9967,2889,12856
01039501,UNIVERSITY OF SAN DIEGO - SCHOOL OF LAW ,CA,92110-2492,Private      ,2,36,38,64,2744,2808
01044100,PARDEE RAND GRADUATE SCHOOL             ,CA,90407-2138,Private      ,0,4,4,0,23,23
01047400,MARYMOUNT COLLEGE OF PALOS VERDES       ,CA,90275-0000,Private      ,11,4,15,529,54,583
01057900,WEST VALLEY OCCUPATIONAL CTR            ,CA,91367-0000,Public       ,2,16,18,48,57,105
01083100,NEW COLLEGE OF CALIFORNIA               ,CA,94102-0000,Private      ,6,50,56,108,1026,1134
01083200,WESTERN STATE UNIV COLLEGE OF LAW       ,CA,92831-3014,Proprietary  ,0,32,32,8,931,939
01085400,THOMAS JEFFERSON SCHOOL OF LAW          ,CA,92110-0000,Private      ,0,48,48,6,1535,1541
01102400,EVEREST COLLEGE                         ,CA,94103-2091,Proprietary  ,119,412,531,529,1803,2332
01110700,EVEREST  COLLEGE                        ,CA,92801-5231,Proprietary  ,63,165,228,272,608,880
01110900,EVEREST COLLEGE                         ,CA,91335-4631,Proprietary  ,84,203,287,321,572,893
01111200,FIDM-FASHION INSTITUTE OF DESIGN        ,CA,90015-1421,Proprietary  ,317,136,453,5199,1578,6777
01111700,ALLIANT INTERNATIONAL UNIVERSITY        ,CA,92131-1799,Private      ,4,94,98,53,1661,1714
01111705,ALLIANT INTERNATIONAL UNIVERSITY - LOS A,CA,91803-1360,Private      ,1,7,8,7,482,489
01111706,ALLIANT INTERNATIONAL UNIVERSITY - SAN F,CA,94133-1221,Private      ,2,23,25,4,516,520
01111707,ALLIANT INTERNATIONAL UNIVERSITY - FRESN,CA,93727-2014,Private      ,1,13,14,18,301,319
01112100,EVEREST COLLEGE                         ,CA,94541-4007,Proprietary  ,42,135,177,140,443,583
01112300,EVEREST COLLEGE                         ,CA,90247-4163,Proprietary  ,110,337,447,367,1321,1688
01146000,NATIONAL UNIVERSITY                     ,CA,92037-1011,Private      ,40,2249,2289,302,11906,12208
01162600,PRACTICAL SCHOOLS                       ,CA,92805-0000,Proprietary  ,43,64,107,382,528,910
01164900,LOYOLA MARYMOUNT UNIVERSITY             ,CA,90045-0000,Private      ,142,167,309,8423,2636,11059
01164901,LOYOLA MARYMOUNT UNIVERSITY - LOYOLA LAW,CA,90015-0019,Private      ,1,24,25,20,2978,2998
01167200,MENDOCINO COMMUNITY COLLEGE             ,CA,95482-3000,Public       ,29,138,167,706,1022,1728
01169600,NATIONAL POLYTECHNIC COLLEGE OF SCIENCE ,CA,90744-6399,Private      ,14,37,51,97,315,412
01170700,NORTH-WEST COLLEGE                      ,CA,91790-2097,Proprietary  ,29,79,108,138,322,460
01179200,FRANCISCAN SCHOOL OF THEOLOGY           ,CA,94709-0000,Private      ,0,0,0,0,26,26
01182000,SAN DIEGO MIRAMAR COLLEGE               ,CA,92126-0000,Public       ,109,279,388,1886,2565,4451
01186500,CALIFORNIA HAIR DESIGN ACADEMY          ,CA,92115-0000,Proprietary  ,8,9,17,47,68,115
01202600,JE BOUTIQUE COLLEGE OF BEAUTY           ,CA,92021-6247,Proprietary  ,9,18,27,40,83,123
01202700,GALEN COLLEGE OF CALIFORNIA             ,CA,93728-2381,Proprietary  ,12,21,33,73,119,192
01203100,SAN DIEGO CHRISTIAN COLLEGE             ,CA,92019-1157,Private      ,16,6,22,489,172,661
01206100,EVEREST COLLEGE                         ,CA,95128-3908,Proprietary  ,36,102,138,157,355,512
01215400,CALIFORNIA INSTITUTE OF INTEGRAL STUDIES,CA,94103-2557,Private      ,0,66,66,13,1099,1112
01231600,MANCHESTER BEAUTY COLLEGE               ,CA,93726-5306,Proprietary  ,10,38,48,77,155,232
01231700,TULARE BEAUTY COLLEGE                   ,CA,93274-3432,Proprietary  ,1,2,3,13,20,33
01244600,UNIVERSAL COLLEGE OF BEAUTY             ,CA,90044-0044,Proprietary  ,3,16,19,36,80,116
01245200,EVERGREEN VALLEY COLLEGE                ,CA,95135-1598,Public       ,107,199,306,2444,2267,4711
01255000,LOS ANGELES MISSION COLLEGE             ,CA,91342-3200,Public       ,97,189,286,1636,2144,3780
01265000,MARINELLO SCHOOL OF BEAUTY              ,CA,91502-2828,Proprietary  ,6,42,48,84,195,279
01265100,MARINELLO SCHOOL OF BEAUTY              ,CA,91748-1674,Proprietary  ,4,26,30,32,136,168
01284200,OXNARD COLLEGE                          ,CA,93030-0000,Public       ,100,290,390,1680,2140,3820
01287200,NORTH-WEST COLLEGE                      ,CA,91768-3199,Proprietary  ,10,48,58,85,285,370
01287300,WYOTECH                                 ,CA,90810-3800,Proprietary  ,282,696,978,1047,2445,3492
01287301,WYOTECH - EVEREST  COLLEGE              ,CA,90034-3158,Proprietary  ,7,28,35,7,28,35
01287302,WYOTECH - EVEREST  COLLEGE              ,CA,91746-3412,Proprietary  ,7,17,24,7,17,24
01290700,LAKE TAHOE COMMUNITY COLLEGE            ,CA,96150-4524,Public       ,27,56,83,321,404,725
01291100,MARINELLO SCHOOL OF BEAUTY              ,CA,92646-2552,Proprietary  ,4,15,19,38,62,100
01291200,MTI COLLEGE                             ,CA,95841-0000,Proprietary  ,52,130,182,383,876,1259
01294200,ROSEMEAD BEAUTY SCHOOL                  ,CA,91770-1639,Proprietary  ,4,29,33,29,111,140
01298400,PROFESSIONAL INSTITUTE OF BEAUTY        ,CA,91731-2613,Proprietary  ,0,7,7,19,76,95
01298500,HAIR CALIFORNIA BEAUTY ACADEMY          ,CA,92867-7127,Proprietary  ,1,2,3,12,6,18
01298900,OCEANSIDE COLLEGE OF BEAUTY             ,CA,92054-5393,Proprietary  ,1,7,8,24,36,60
01301000,LANCASTER BEAUTY SCHOOL                 ,CA,93534-3098,Proprietary  ,12,38,50,63,145,208
01307400,AMERICAN BEAUTY COLLEGE                 ,CA,90706-5417,Proprietary  ,1,10,11,18,59,77
01309500,SALON SUCCESS ACADEMY                   ,CA,92879-6561,Proprietary  ,12,20,32,62,60,122
01310300,CALIFORNIA WESTERN SCHOOL OF LAW        ,CA,92101-0000,Private      ,1,54,55,6,1767,1773
01323300,SIMI VALLEY ADULT SCHOOL/CAREER INS     ,CA,93065-3940,Public       ,1,3,4,13,38,51
01324000,LYTLE'S REDWOOD EMPIRE BEAUTY CLG       ,CA,95403-0000,Proprietary  ,10,12,22,55,91,146
02054900,MARINELLO SCHOOL OF BEAUTY              ,CA,92630-0000,Proprietary  ,7,8,15,24,30,54
02057700,ALMADEN BEAUTY COLLEGE                  ,CA,95123-0000,Proprietary  ,0,0,0,0,1,1
02059800,PARIS BEAUTY COLLEGE                    ,CA,94520-2611,Proprietary  ,2,20,22,28,76,104
02063500,COASTLINE COMMUNITY COLLEGE             ,CA,92708-0000,Public       ,27,252,279,545,2085,2630
02064300,SIERRA COLLEGE OF BEAUTY                ,CA,95340-0000,Proprietary  ,7,13,20,52,61,113
02065500,BROOKS COLLEGE                          ,CA,90804-3289,Proprietary  ,11,10,21,500,256,756
02065501,BROOKS COLLEGE - SUNNYVALE              ,CA,94086-5303,Proprietary  ,8,6,14,151,143,294
02065700,CALIFORNIA BEAUTY COLLEGE               ,CA,95354-0000,Proprietary  ,3,9,12,48,51,99
02070500,CONCORDIA UNIVERSITY                    ,CA,92612-0000,Private      ,17,83,100,1339,865,2204
02075800,SOUTHERN CA INST OF ARCHITECTURE        ,CA,90013-0000,Private      ,5,19,24,108,510,618
02086400,MARINELLO SCHOOL OF BEAUTY              ,CA,95050-0000,Proprietary  ,2,8,10,7,21,28
02091200,ELEGANCE INTERNATIONAL                  ,CA,90028-0000,Proprietary  ,6,8,14,41,41,82
02091700,KAPLAN COLLEGE                          ,CA,92123-1509,Proprietary  ,67,190,257,488,1078,1566
02096100,FIELDING INSTITUTE                      ,CA,93105-0000,Private      ,0,218,218,0,1149,1149
02099200,AMERICAN CONSERVATORY THEATER           ,CA,94108-0000,Private      ,0,1,1,12,148,160
02110200,COLUMBIA COLLEGE                        ,CA,91356-0000,Private      ,14,10,24,250,147,397
02110800,CALIFORNIA COLLEGE SAN DIEGO            ,CA,92108-3821,Proprietary  ,21,84,105,229,593,822
02111300,CUYAMACA COLLEGE                        ,CA,92019-0000,Public       ,112,217,329,1597,1965,3562
02113601,AMERICAN INTERCONTINENTAL UNIV - LOS ANG,CA,90066-7008,Proprietary  ,35,70,105,623,816,1439
02119100,MISSION COLLEGE                         ,CA,95054-1897,Public       ,74,198,272,1309,2190,3499
02120600,SAYBROOK GRADUATE SCHOOL                ,CA,94111-1920,Private      ,0,53,53,0,448,448
02120700,SAN JOAQUIN VALLEY COLLEGE              ,CA,93291-0000,Proprietary  ,217,768,985,1953,4194,6147
02120900,ITT TECHNICAL INSTITUTE                 ,CA,95670-6034,Proprietary  ,120,193,313,559,898,1457
02125000,CAREER ACADEMY OF BEAUTY                ,CA,92845-0000,Proprietary  ,9,18,27,44,97,141
02128200,"VICTOR VALLEY BEAUTY COLLEGE, INC       ",CA,92392-0000,Proprietary  ,17,12,29,123,120,243
02128300,INSTITUTE FOR BUSINESS & TECHNOLOGY     ,CA,95050-0000,Proprietary  ,44,159,203,198,762,960
02128301,INSTITUTE FOR BUSINESS & TECHNOLOGY     ,CA,95610-0000,Proprietary  ,13,84,97,99,597,696
02138300,PALO ALTO UNIVERSITY                    ,CA,94304-1337,Private      ,0,7,7,5,435,440
02147400,CLEVELAND CHIROPRACTIC COLLEGE          ,CA,90004-0000,Private      ,6,19,25,41,359,400
02161800,MUSICIANS INSTITUTE                     ,CA,90028-6157,Proprietary  ,72,61,133,885,697,1582
02167800,ESTES INSTITUTE OF COSMETOLOGY          ,CA,93291-0000,Proprietary  ,6,18,24,84,66,150
02174600,MARINELLO SCHOOL OF BEAUTY              ,CA,90201-0000,Proprietary  ,5,20,25,49,161,210
02180600,BRIDGES  ACADEMY OF BEAUTY              ,CA,92311-2327,Proprietary  ,3,2,5,9,8,17
02184900,PALMER COLLEGE OF CHIROPRACTIC WEST     ,CA,95134-0000,Private      ,2,15,17,11,311,322
02185800,MOLER BARBER COLLEGE                    ,CA,94611-0000,Proprietary  ,0,3,3,13,34,47
02187500,"HEALD COLLEGE, SCH OF BUS & TECH        ",CA,94520-0000,Proprietary  ,102,188,290,449,851,1300
02188400,SIERRA VALLEY COLLEGE OF COURT REPORTING,CA,93726-0000,Proprietary  ,5,30,35,63,187,250
02208600,MADERA BEAUTY COLLEGE                   ,CA,93637-3519,Proprietary  ,1,4,5,13,22,35
02211000,HAIRMASTERS UNIVERSITY OF BEAUTY        ,CA,92405-0000,Proprietary  ,8,16,24,35,44,79
02220000,COLLEEN O'HARA BEAUTY ACADEMY           ,CA,92701-0000,Proprietary  ,13,31,44,57,187,244
02220200,CALIFORNIA CULINARY ACADEMY             ,CA,94102-3336,Proprietary  ,69,105,174,890,950,1840
02221300,MARINELLO SCHOOL OF BEAUTY              ,CA,92553-0000,Proprietary  ,14,36,50,84,190,274
02222000,AMERICAN FILM INSTITUTE                 ,CA,90027-0000,Private      ,3,15,18,76,444,520
02226000,EAST LOS ANGELES COLLEGE                ,CA,91754-0000,Public       ,309,458,767,5835,5075,10910
02228500,LIFE CHIROPRACTIC COLLEGE-WEST          ,CA,94545-0000,Private      ,3,22,25,13,457,470
02230900,FREDRICK & CHARLES BEAUTY COLLEGE       ,CA,95501-0000,Proprietary  ,3,6,9,37,50,87
02231900,GEMOLOGICAL INSTITUTE OF AMERICA        ,CA,92008-4698,Private      ,5,32,37,68,223,291
02234300,FASHION CAREERS OF CALIFORNIA           ,CA,92110-0000,Proprietary  ,6,22,28,94,119,213
02236400,"THANH LE COLG, SCH OF COSMETOLOGY       ",CA,92840-0000,Proprietary  ,1,8,9,4,28,32
02237200,PHILLIPS GRADUATE INSTITUTE             ,CA,91316-0000,Private      ,0,32,32,2,381,383
02241600,SAN DIEGO CONTINUING EDUCATION          ,CA,92113-0000,Public       ,8,55,63,45,320,365
02241800,AMERICAN CAREER COLLEGE                 ,CA,90004-0000,Proprietary  ,257,601,858,1277,2797,4074
02242700,BERKELEY CITY COLLEGE                   ,CA,94704-0000,Public       ,86,227,313,845,1826,2671
02250602,EVEREST COLLEGE                         ,CA,91761-8525,Proprietary  ,4,34,38,4,34,38
02255400,INTERNATIONAL SCHOOL OF COSMETOLOGY     ,CA,90250-0000,Proprietary  ,3,10,13,13,63,76
02255600,MARINELLO SCHOOL OF BEAUTY              ,CA,90723-0000,Proprietary  ,12,26,38,65,187,252
02258600,ALAMEDA BEAUTY COLLEGE                  ,CA,94501-0000,Proprietary  ,7,16,23,42,66,108
02262400,YESHIVA OHR ELCHONON CHABAD             ,CA,90046-0000,Private      ,19,0,19,45,2,47
02263101,ANTHEM COLLEGE - HIGH-TECH INSTITUTE - S,CA,95827-0000,Proprietary  ,1,5,6,1,5,6
02267600,INSTITUTE OF TRANSPERSONAL PSYCHLGY     ,CA,94303-4624,Private      ,0,21,21,4,391,395
02270600,LIFE PACIFIC COLLEGE                    ,CA,91773-0000,Private      ,13,18,31,304,182,486
02276800,WESTMINSTER SEMINARY CALIFORNIA         ,CA,92027-0000,Private      ,0,4,4,5,119,124
02277400,SOUTH COAST COLLEGE                     ,CA,92868-2616,Proprietary  ,8,49,57,77,335,412
02282300,ALHAMBRA BEAUTY COLLEGE                 ,CA,91802-0000,Proprietary  ,2,27,29,30,114,144
02285100,HILLTOP BEAUTY SCHOOL                   ,CA,94014-0000,Proprietary  ,1,15,16,22,141,163
02291500,ITT TECHNICAL INSTITUTE                 ,CA,91773-0000,Proprietary  ,146,192,338,800,1029,1829
02291600,ITT TECHNICAL INSTITUTE                 ,CA,92123-0000,Proprietary  ,72,185,257,570,1191,1761
02298000,DESIGN INSTITUTE OF SAN DIEGO           ,CA,92121-0000,Proprietary  ,15,20,35,162,267,429
02304300,"PLATT COLLEGE, SAN DIEGO                ",CA,92115-0000,Proprietary  ,15,35,50,148,208,356
02306300,KAPLAN COLLEGE                          ,CA,95368-0000,Proprietary  ,68,165,233,368,794,1162
02306302,KAPLAN COLLEGE - FRESNO                 ,CA,93612-3802,Proprietary  ,27,88,115,240,442,682
02309500,CLOVIS ADULT EDUC                       ,CA,93611-0000,Public       ,1,38,39,34,218,252
02312400,LA COLLEGE INTERNATIONAL                ,CA,90010-0000,Proprietary  ,10,49,59,58,171,229
02321800,ITT TECHNICAL INSTITUTE                 ,CA,91342-3664,Proprietary  ,147,174,321,733,883,1616
02321900,ITT TECHNICAL INSTITUTE                 ,CA,92801-0000,Proprietary  ,93,178,271,466,663,1129
02327600,ART INST OF CALIFORNIA-SAN DIEGO        ,CA,92108-4401,Proprietary  ,192,187,379,2446,1795,4241
02330500,LAGUNA COLLEGE OF ART AND DESIGN        ,CA,92651-0000,Private      ,12,11,23,275,133,408
02332800,CENTER FOR EMPLOYMENT TRAINING          ,CA,95110-0000,Private      ,80,501,581,266,1688,1954
02338500,GLENDALE CAREER COLLEGE                 ,CA,91201-0000,Proprietary  ,29,71,100,140,414,554
02338700,MARINELLO SCHOOL OF BEAUTY              ,CA,94103-0000,Proprietary  ,4,17,21,45,104,149
02342400,ACADEMY OF RADIO BROADCASTING           ,CA,92647-3809,Proprietary  ,7,42,49,29,104,133
02343400,"BELLUS ACADEMY, THE ACADEMY OF BEAUTY AN",CA,92064-4633,Proprietary  ,15,49,64,57,129,186
02345800,MONTEBELLO BEAUTY COLLEGE               ,CA,90640-0000,Proprietary  ,7,9,16,38,82,120
02351900,KAPLAN COLLEGE                          ,CA,95660-5512,Proprietary  ,31,96,127,157,463,620
02351901,KAPLAN COLLEGE - BAKERSFIELD            ,CA,93304-0000,Proprietary  ,29,108,137,194,549,743
02358000,THOMAS AQUINAS COLLEGE                  ,CA,93060-9622,Private      ,0,2,2,318,26,344
02359300,SHASTA BIBLE COLLEGE                    ,CA,96002-0000,Private      ,1,9,10,45,55,100
02482700,WESTERN UNIVERSITY OF HEALTH S          ,CA,91766-1854,Private      ,1,35,36,49,3002,3051
02494800,LOLA BEAUTY COLLEGE                     ,CA,92641-0000,Proprietary  ,0,7,7,3,42,45
02497300,TRINITY COLLEGE                         ,CA,93277-0000,Proprietary  ,27,131,158,148,533,681
02500000,SAN JOAQUIN COLLEGE OF LAW              ,CA,93612-0000,Private      ,0,4,4,7,279,286
02518400,THE NATIONAL HISPANIC UNIVERSITY        ,CA,95127-0000,Private      ,24,47,71,221,326,547
02519800,AVANCE BEAUTY COLLEGE                   ,CA,92154-0000,Proprietary  ,2,11,13,40,49,89
02520200,CALIFORNIA CAREER SCHOOLS               ,CA,92805-0000,Proprietary  ,0,15,15,4,46,50
02520300,INTERIOR DESIGNERS INSTITUTE            ,CA,92660-0000,Proprietary  ,14,41,55,49,130,179
02537200,PALOMAR INSTITUTE OF COSMETOLOGY        ,CA,92069-0000,Proprietary  ,15,33,48,103,156,259
02539100,KAPLAN COLLEGE                          ,CA,91606-3231,Proprietary  ,70,154,224,412,873,1285
02539102,KAPLAN COLLEGE -  RIVERSIDE             ,CA,92507-4223,Proprietary  ,56,110,166,163,416,579
02539500,IRVINE VALLEY COLLEGE                   ,CA,92620-0000,Public       ,109,182,291,1546,1502,3048
02542300,NATIONAL HOLISTIC INSTITUTE             ,CA,94608-0000,Proprietary  ,24,84,108,144,388,532
02543400,BROWNSON TECHNICAL SCHOOL               ,CA,92805-0000,Proprietary  ,1,32,33,9,106,115
02545900,HYPNOSIS MOTIVATION INSTITUTE           ,CA,91356-0000,Private      ,2,69,71,5,146,151
02546400,MTI BUSINESS COLLEGE INC                ,CA,95207-0000,Proprietary  ,5,41,46,31,180,211
02549000,KAPLAN COLLEGE                          ,CA,92083-7736,Proprietary  ,58,162,220,399,794,1193
02549005,KAPLAN COLLEGE -  PALM SPRINGS          ,CA,92262-7011,Proprietary  ,27,84,111,201,366,567
02553500,ASSOCIATED TECHNICAL COLLEGE            ,CA,92101-0000,Proprietary  ,8,53,61,21,103,124
02553600,DIVERSIFIED LANGUAGE INSTITUTE          ,CA,90017-0000,Proprietary  ,1,201,202,1,579,580
02559300,UNITED EDUCATION INSTITUTE              ,CA,90020-0000,Proprietary  ,259,600,859,989,2296,3285
02559400,INTERCOAST COLLEGES                     ,CA,92868-1656,Proprietary  ,39,233,272,85,571,656
02565400,KAPLAN COLLEGE                          ,CA,95207-6216,Proprietary  ,40,128,168,226,523,749
02570300,LOS ANGELES ORT TECHNICAL INSTITUTE     ,CA,90048-0000,Private      ,20,127,147,99,541,640
02577900,SANTA BARBARA BUSINESS COLLEGE          ,CA,93309-1664,Proprietary  ,55,119,174,253,532,785
02578000,SANTA BARBARA BUSINESS COLLEGE          ,CA,93454-6943,Proprietary  ,18,27,45,88,259,347
02584200,NEWBRIDGE COLLEGE                       ,CA,92701-0000,Proprietary  ,39,148,187,156,618,774
02591600,NORTH-WEST COLLEGE                      ,CA,91101-1744,Proprietary  ,7,34,41,28,99,127
02593100,HEALD COLLEGE                           ,CA,95678-5303,Proprietary  ,36,129,165,269,705,974
02593200,HEALD COLLEGE                           ,CA,95035-8008,Proprietary  ,48,154,202,397,824,1221
02593300,HEALD COLLEGE                           ,CA,95210-5667,Proprietary  ,67,169,236,553,843,1396
02595600,ASIAN AMERICAN INTERNATIONAL BTY CG     ,CA,92683-4043,Proprietary  ,3,11,14,12,83,95
02597300,SOUTH BAYLO UNIVERSITY                  ,CA,92801-1701,Private      ,0,38,38,3,129,132
02602300,CENTRAL COAST COLLEGE                   ,CA,93901-3301,Proprietary  ,13,25,38,90,136,226
02608900,PINNACLE COLLEGE                        ,CA,91803-8842,Proprietary  ,10,12,22,63,70,133
02609000,EMPERORS COLG OF TRAD ORIENTAL MED      ,CA,90403-5609,Proprietary  ,0,33,33,3,158,161
02612800,LOS ANGELES RECORDING SCHOOL            ,CA,90028-3112,Proprietary  ,106,126,232,619,708,1327
02619300,SAMRA UNIV OF ORIENTAL MEDICINE         ,CA,90015-1019,Private      ,0,11,11,2,79,81
02620300,PLATT COLLEGE                           ,CA,92647-3017,Proprietary  ,1,5,6,45,71,116
03010611,VIRGINIA COLLEGE - GOLF ACADEMY OF AMERI,CA,92008-6512,Proprietary  ,18,19,37,107,105,212
03011300,"CALIF STATE UNIV, SAN MARCOS            ",CA,92096-0001,Public       ,148,251,399,6008,3934,9942
03019900,ADELANTE CAREER INSTITUTE               ,CA,91402-4924,Proprietary  ,2,26,28,10,78,88
03025600,DELL'ARTE SCH OF PHYSICAL THEATRE       ,CA,95525-0816,Private      ,0,1,1,4,38,42
03027700,PACIFIC COLLEGE OF ORIENTAL MED         ,CA,92108-4408,Proprietary  ,1,84,85,14,497,511
03029600,POMONA ADULT SCHOOL                     ,CA,91766-0000,Public       ,14,33,47,61,141,202
03031409,INTERNATIONAL ACADEMY OF DESIGN AND TECH,CA,95834-9664,Proprietary  ,0,5,5,39,39,78
03034000,HEALD COLLEGE                           ,CA,93906-5100,Proprietary  ,36,112,148,338,551,889
03035700,LAS POSITAS COLLEGE                     ,CA,94551-6750,Public       ,72,167,239,999,977,1976
03039900,FREMONT COLLEGE                         ,CA,90703-5342,Proprietary  ,13,31,44,92,121,213
03043900,NEWSCHOOL OF ARCHITECTURE & DESIGN      ,CA,92101-6634,Proprietary  ,12,28,40,218,336,554
03044500,KAPLAN COLLEGE                          ,CA,91402-4222,Proprietary  ,16,46,62,80,217,297
03054100,ROYALE COLLEGE OF BEAUTY                ,CA,92590-2525,Proprietary  ,7,12,19,42,65,107
03062300,WESTECH COLLEGE                         ,CA,91764-4988,Proprietary  ,14,71,85,64,300,364
03062400,MT DIABLO ADULT EDUC LOMA VISTA CTR     ,CA,94518-1122,Public       ,5,15,20,26,73,99
03062700,PLATT COLLEGE                           ,CA,90041-0000,Proprietary  ,12,22,34,149,203,352
03062701,PLATT COLLEGE                           ,CA,91764-0000,Proprietary  ,18,29,47,192,248,440
03063400,MODERN TECHNOLOGY SCHOOL                ,CA,92708-9821,Proprietary  ,11,28,39,64,229,293
03067400,BALDWIN PARK ADULT SCHOOL               ,CA,91706-4897,Public       ,9,24,33,30,88,118
03067500,INSTITUTE OF TECHNOLOGY                 ,CA,93612-3217,Proprietary  ,140,423,563,577,1610,2187
03069500,SAGE COLLEGE                            ,CA,92557-6720,Proprietary  ,31,75,106,99,384,483
03070400,ITT TECHNICAL INSTITUTE                 ,CA,92408-3519,Proprietary  ,155,221,376,853,1111,1964
03072300,EVEREST COLLEGE                         ,CA,91761-3222,Proprietary  ,146,488,634,488,1383,1871
03072700,WESTWOOD COLLEGE - LOS ANGELES          ,CA,90010-1577,Proprietary  ,65,84,149,784,641,1425
03074900,MARTINEZ ADULT CENTER                   ,CA,94553-3298,Public       ,0,7,7,4,42,46
03078200,AMERICAN CLG TRADITIONAL CHINESE MD     ,CA,94107-2813,Private      ,0,25,25,3,221,224
03084700,VENTURA ADULT\CONTINUING EDUCATION      ,CA,93003-7313,Public       ,10,20,30,36,112,148
03087400,ITT TECHNICAL INSTITUTE                 ,CA,90502-1356,Proprietary  ,149,293,442,759,1448,2207
03094400,ELITE PROGRESSIVE SCHOOL OF COSM        ,CA,95841-2909,Proprietary  ,44,57,101,265,263,528
03097700,CENTRAL CALIF SCH CONTINUING EDUC       ,CA,93401-6739,Proprietary  ,8,50,58,34,164,198
03098200,YO SAN UNIV TRADITIONAL CHINESE MED     ,CA,90066-1103,Private      ,1,27,28,5,137,142
03105700,MONTEREY PARK COLLEGE                   ,CA,91754-2416,Proprietary  ,0,1,1,14,10,24
03108100,SUMMIT CAREER COLLEGE                   ,CA,92324-3956,Proprietary  ,74,320,394,372,1486,1858
03109500,DONGGUK ROYAL UNIVERSITY                ,CA,90020-1765,Private      ,0,12,12,0,91,91
03113100,MARIC COLLEGE                           ,CA,92630-0000,Proprietary  ,0,0,0,0,1,1
03113102,MARIC COLLEGE - CARSON                  ,CA,90746-3228,Proprietary  ,0,0,0,8,7,15
03113103,MARIC COLLEGE - RIVERSIDE               ,CA,92507-4223,Proprietary  ,0,0,0,59,110,169
03113105,MARIC COLLEGE - POMONA                  ,CA,91768-2643,Proprietary  ,0,0,0,15,7,22
03113300,MCED CAREER COLLEGE                     ,CA,93727-1620,Proprietary  ,13,215,228,69,678,747
03113600,SOUTHERN CALIFORNIA INST OF TECHNOL     ,CA,92805-3758,Proprietary  ,12,163,175,66,651,717
03115400,LYLE'S FRESNO COLLEGE OF BEAUTY         ,CA,93710-0000,Proprietary  ,3,2,5,29,14,43
03116600,EAST SAN GABRIEL VLY REG OCCUP PROG     ,CA,91790-2105,Public       ,0,5,5,4,14,18
03123000,SONOMA COLLEGE                          ,CA,94954-7464,Proprietary  ,0,0,0,24,33,57
03125300,JOHN WESLEY INTER. BARBER & BTY CLG     ,CA,90813-4321,Proprietary  ,3,9,12,32,71,103
03125400,ART INSTITUTE OF CALIFORNIA-HOLLYWOOD (T,CA,90010-1014,Proprietary  ,48,45,93,669,506,1175
03125800,PREMIERE CAREER COLLEGE                 ,CA,91706-3746,Proprietary  ,31,89,120,89,285,374
03126800,PACIFICA GRADUATE INSTITUTE             ,CA,93013-0000,Proprietary  ,0,54,54,1,805,806
03128700,MT SIERRA COLLEGE                       ,CA,91016-3414,Proprietary  ,21,50,71,286,399,685
03131300,FIVE BRANCHES UNIVERSITY                ,CA,95062-4669,Private      ,1,32,33,14,300,314
03138400,AMERICAN COLLEGE OF MEDICAL TECH        ,CA,90248-1611,Proprietary  ,0,0,0,9,12,21
03144400,AMERICAN CLG OF HEALTH PROFESSIONS      ,CA,92374-0000,Proprietary  ,3,6,9,12,21,33
03150500,VIRGINIA SEWING MACHINES & SCH CTR      ,CA,90015-3535,Proprietary  ,0,11,11,1,79,80
03162300,FOUR-D SUCCESS ACADEMY                  ,CA,92324-4218,Proprietary  ,25,107,132,93,552,645
03163300,PACIFIC STATES UNIVERSITY               ,CA,90006-4298,Private      ,0,3,3,8,22,30
03195400,EVEREST COLLEGE                         ,CA,90501-2867,Proprietary  ,19,47,66,58,138,196
03210300,CALIFORNIA SCHOOL OF CULINARY ARTS      ,CA,91101-5221,Proprietary  ,163,223,386,1234,1152,2386
03225300,AMERICAN UNIVERSITY OF HEALTH SCIENCES  ,CA,90755-3612,Proprietary  ,2,10,12,42,54,96
03242300,CAREER NETWORK INSTITUTE                ,CA,92868-4710,Proprietary  ,29,106,135,115,388,503
03250300,COMMUNITY BASED EDUCATION AND DEVEL     ,CA,90036-1137,Private      ,8,98,106,18,310,328
03260300,CALIFORNIA STATE U-MONTEREY BAY         ,CA,93955-8001,Public       ,87,93,180,3883,1725,5608
03266300,BETHESDA CHRISTIAN UNIVERSITY           ,CA,92801-4132,Private      ,0,3,3,4,28,32
03278300,CLARITA CAREER COLLEGE                  ,CA,91351-5432,Proprietary  ,62,183,245,192,532,724
03282300,KIM ANH ACADEMY OF BEAUTY               ,CA,92683-4605,Proprietary  ,1,39,40,1,39,40
03288300,ACAD CHINESE CULTURE & HEALTH SCIS      ,CA,94512-0000,Private      ,0,5,5,5,98,103
03299300,PACIFIC COLLEGE                         ,CA,92626-3160,Proprietary  ,10,35,45,58,221,279
03308300,KENSINGTON COLLEGE                      ,CA,92705-8708,Proprietary  ,1,11,12,1,26,27
03321300,SCRIPPS RESEARCH INSTITUTE (THE)        ,CA,92037-0000,Private      ,0,3,3,4,27,31
03327400,ACUPUNCTURE AND INTEGRATIVE MEDICINE COL,CA,94704-2724,Private      ,1,22,23,4,150,154
03332300,SOUTHERN CA BIBLE CLG & SEMINARY        ,CA,92019-1109,Private      ,1,15,16,8,142,150
03359300,ST. FRANCIS CAREER COLLEGE              ,CA,90262-2659,Private      ,8,44,52,58,269,327
03367300,PROFESSIONAL GOLFERS CAREER COLLEGE     ,CA,92591-6013,Proprietary  ,4,31,35,97,173,270
03392300,CHASE COLLEGE                           ,CA,90010-2501,Proprietary  ,0,0,0,5,4,9
03394300,REMINGTON COLLEGE - SAN DIEGO CAMPUS    ,CA,92108-3002,Proprietary  ,77,203,280,346,859,1205
03395300,INTERNATIONAL CAREER DEVELOPMENT        ,CA,90027-5794,Proprietary  ,113,318,431,419,1284,1703
03399300,NORTHWESTERN TECHNICAL COLLEGE          ,CA,95670-4443,Proprietary  ,27,74,101,81,337,418
03403300,TRINITY LIFE BIBLE COLLEGE              ,CA,95842-3546,Private      ,8,22,30,63,189,252
03413400,ENGLISH CENTER  (THE)                   ,CA,94607-3734,Private      ,1,45,46,31,153,184
03427400,CAREER COLLEGES OF AMERICA              ,CA,90280-7420,Proprietary  ,59,312,371,273,1510,1783
03427500,ANTELOPE VALLEY MEDICAL COLLEGE         ,CA,93534-3324,Proprietary  ,54,169,223,174,473,647
03440400,MARIAN HEALTH CAREERS CENTER            ,CA,90010-1728,Proprietary  ,23,39,62,54,107,161
03441400,VALLEY CAREER COLLEGE                   ,CA,92020-3057,Proprietary  ,15,87,102,114,363,477
03455900,VALLECITOS CENTER FOR EMPLOYMENT TR     ,CA,94541-5027,Private      ,0,15,15,3,31,34
03458300,MY LE'S BEAUTY COLLEGE                  ,CA,95824-3039,Proprietary  ,5,20,25,47,127,174
03467300,MARINELLO SCHOOL OF BEAUTY              ,CA,92545-3661,Proprietary  ,12,17,29,53,82,135
03467301,CALIFORNIA BEAUTY COLLEGE - DESERT HOT S,CA,92240-1307,Proprietary  ,0,0,0,2,3,5
03474700,OPPORTUNITIES INDUSTRIALIZATION CEN     ,CA,94025-1413,Private      ,0,1,1,0,5,5
03479300,PROFESSIONAL CAREER INSTITUTE           ,CA,90703-2522,Proprietary  ,5,44,49,58,179,237
03479400,DONALD VOCATIONAL SCHOOL                ,CA,90010-1718,Proprietary  ,0,46,46,12,154,166
03485400,JAMES ALBERT SCHOOL OF COSMETOLOGY      ,CA,92627-3831,Proprietary  ,4,3,7,30,37,67
03485401,JAMES ALBERT SCHOOL OF COSMETOLOGY - ANA,CA,92804-5384,Proprietary  ,1,3,4,6,6,12
03516300,THE KING'S COLLEGE AND SEMINARY         ,CA,91405-2233,Private      ,2,33,35,39,242,281
03532400,ADVANCED TRAINING ASSOCIATES            ,CA,92020-1236,Proprietary  ,0,2,2,3,12,15
03542400,COPPER MOUNTAIN COLLEGE                 ,CA,92252-6102,Public       ,30,169,199,384,1153,1537
03550300,OCCUPATIONAL TRAINING SERVICES          ,CA,92123-1539,Private      ,0,1,1,10,21,31
03577300,COBA ACADEMY                            ,CA,92866-1407,Proprietary  ,12,9,21,51,44,95
03590400,NTMA TRAINING CENTERS OF SOUTHERN C     ,CA,90650-6099,Private      ,17,139,156,64,467,531
03592400,IRELL & MANELLA GRADUATE SCHOOL OF BIOLO,CA,91010-0000,Private      ,0,0,0,2,7,9
03598300,AVALON BEAUTY COLLEGE                   ,CA,93103-3137,Proprietary  ,7,17,24,16,19,35
03602400,INSTITUTE OF NETWORK TECHNOLOGY         ,CA,90755-2274,Proprietary  ,0,0,0,0,2,2
03614300,UNITED BEAUTY COLLEGE                   ,CA,91733-0000,Proprietary  ,2,10,12,10,66,76
03615300,COMMUNITY BUSINESS COLLEGE              ,CA,95356-1569,Proprietary  ,0,0,0,10,17,27
03621300,LIBERTY TRAINING INSTITUTE              ,CA,90057-3202,Proprietary  ,5,35,40,8,80,88
03636300,HEARTWOOD INSTITUTE                     ,CA,95542-9446,Proprietary  ,0,0,0,0,2,2
03639300,WEST COAST ULTRASOUND INSTITUTE         ,CA,90211-3312,Proprietary  ,27,105,132,104,436,540
03646300,DESIGN'S SCHOOL OF COSMETOLOGY          ,CA,93446-1471,Proprietary  ,15,33,48,40,86,126
03681300,CALIFORNIA HEALING ARTS COLLEGE         ,CA,90025-2589,Proprietary  ,8,23,31,25,94,119
03695300,COMMUNITY ENHANCEMENT SERVICES          ,CA,91205-2395,Private      ,2,35,37,7,96,103
03695400,SALVATION ARMY CRESTMONT COLLEGE (THE)  ,CA,90275-5301,Private      ,0,1,1,0,1,1
03695700,SANTIAGO CANYON COLLEGE                 ,CA,92869-4512,Public       ,62,69,131,1151,784,1935
03696300,UNIVERSITY OF THE WEST                  ,CA,91770-3709,Private      ,0,3,3,1,30,31
03698300,WEST COAST UNIVERSITY                   ,CA,90004-0000,Proprietary  ,24,200,224,65,766,831
03698400,CA COLLEGE OF VOCATIONAL CAREER         ,CA,93301-1800,Proprietary  ,1,21,22,30,103,133
03722300,AMERICAN MEDICAL SCIENCES CENTER        ,CA,91601-3718,Proprietary  ,0,0,0,1,4,5
03736300,ADVANCE BEAUTY COLLEGE                  ,CA,92843-4752,Proprietary  ,2,80,82,11,267,278
03740400,ATI COLLEGE                             ,CA,90650-0000,Proprietary  ,10,36,46,34,143,177
03755300,GATES COLLEGE                           ,CA,90278-0000,Proprietary  ,0,0,0,2,2,4
03759300,COMPUTER TUTOR BUSINESS & TECH INST     ,CA,95356-0000,Proprietary  ,1,19,20,26,109,135
03786300,ADVANCED COLLEGE                        ,CA,90280-5255,Proprietary  ,12,38,50,40,143,183
03797400,CAREER CARE INSTITUTE                   ,CA,93534-4766,Proprietary  ,27,92,119,101,334,435
03806300,LAKE COLLEGE                            ,CA,96002-0926,Proprietary  ,12,76,88,48,246,294
03810300,SILICON VALLEY UNIVERSITY               ,CA,95131-1868,Private      ,1,1,2,10,21,31
03814400,SOKA UNIVERSITY OF AMERICA              ,CA,92656-8081,Private      ,5,1,6,259,20,279
03838400,WALTER JAY M.D. INSTITUTE AN EDUCATIONAL,CA,90057-0000,Proprietary  ,5,32,37,14,92,106
03852500,CIT COLLEGE OF INFOMEDICAL TECHNOLOGY   ,CA,92831-3703,Proprietary  ,3,62,65,35,249,284
03853300,KECK GRADUATE INSTITUTE OF APPLIED LIFE ,CA,91711-4817,Private      ,0,0,0,0,77,77
03853400,LADERA CAREER PATHS TRAINING CENTERS    ,CA,90045-1931,Proprietary  ,3,14,17,5,23,28
03868300,WORLD MISSION UNIVERSITY                ,CA,90020-1789,Private      ,0,9,9,7,58,65
03868400,LOS ANGELES MUSIC ACADEMY               ,CA,91105-2540,Proprietary  ,3,6,9,41,47,88
03871300,FOLSOM LAKE COLLEGE                     ,CA,95630-6798,Public       ,53,167,220,912,1424,2336
03874300,CAMBRIDGE CAREER COLLEGE                ,CA,95993-0000,Proprietary  ,0,0,0,13,25,38
03874300,CAMBRIDGE JUNIOR COLLEGE                ,CA,95993-0000,Proprietary  ,4,11,15,10,77,87
03874400,COMMMUNITY CHRISTIAN COLLEGE            ,CA,92373-4465,Private      ,2,5,7,20,38,58
03889300,STANBRIDGE COLLEGE                      ,CA,92612-0000,Proprietary  ,6,60,66,15,89,104
03901300,PACIFIC COAST TRADE SCHOOL              ,CA,93033-2441,Proprietary  ,3,25,28,8,44,52
03904300,QUALITY COLLEGE OF CULINARY CAREERS     ,CA,93727-1615,Proprietary  ,2,3,5,38,49,87
03910400,NATIONAL POLYTECHNIC COLLEGE            ,CA,90040-3066,Proprietary  ,5,19,24,19,75,94
03933300,MUELLER COLLEGE OF HOLISTIC STUDIES     ,CA,92116-2630,Proprietary  ,5,12,17,27,141,168
03962300,AMERICAN INSTITUTE OF MASSAGE THERAPY   ,CA,92705-5463,Proprietary  ,0,3,3,5,26,31
03964400,INTERNATIONAL SCHOOL OF BEAUTY          ,CA,92260-2740,Proprietary  ,6,17,23,33,62,95
03969600,AMERICAN AUTO INSTITUTE                 ,CA,90703-2637,Proprietary  ,12,17,29,44,67,111
03971300,AMERICAN CAREER COLLEGE                 ,CA,91764-4906,Proprietary  ,57,152,209,212,488,700
03973300,EX'PRESSION COLLEGE FOR DIGITAL ARTS    ,CA,94608-1021,Proprietary  ,107,81,188,568,502,1070
03974500,CALIFORNIA CAREER COLLEGE               ,CA,91303-2006,Proprietary  ,10,24,34,22,96,118
03976400,CALIFORNIA INSTITUTE OF THE HEALING ARTS,CA,95825-8551,Proprietary  ,0,5,5,6,31,37
03980300,CALIFORNIA STATE UNIVERSITY CHANNEL ISLA,CA,93012-8599,Public       ,64,106,170,994,674,1668
03995300,UNIVERSITY OF EAST-WEST MEDICINE        ,CA,94087-6106,Proprietary  ,1,9,10,7,44,51
03999300,BEAUMONT ADULT SCHOOL                   ,CA,92223-1927,Public       ,3,5,8,16,82,98
04001300,PALACE BEAUTY COLLEGE                   ,CA,90006-4233,Proprietary  ,3,9,12,20,62,82
04001400,MOJAVE BARBER COLLEGE                   ,CA,92395-3201,Proprietary  ,3,10,13,22,62,84
04003300,CSI CAREER COLLEGE                      ,CA,95687-3100,Proprietary  ,7,44,51,96,277,373
04004300,THUY PRINCESS BEAUTY COLLEGE            ,CA,91766-0000,Proprietary  ,3,4,7,6,15,21
04005300,INTERAMERICAN COLLEGE                   ,CA,91950-4437,Private      ,1,14,15,6,72,78
04014400,PALLADIUM TECHNICAL ACADEMY             ,CA,91731-2429,Proprietary  ,8,19,27,15,37,52
04037300,LOS ANGELES FILM SCHOOL (THE)           ,CA,90028-7300,Proprietary  ,49,71,120,395,456,851
04049300,MAXINE WATERS EMPLOYMENT PREPARATION CEN,CA,90059-1023,Public       ,0,3,3,11,57,68
04056300,CAREER COLLEGE OF CALIFORNIA            ,CA,92705-5805,Proprietary  ,0,8,8,0,16,16
04057300,TECHSKILLS OF SACRAMENTO                ,CA,95815-4025,Proprietary  ,6,58,64,58,214,272
04071300,AMERICAN PACIFIC COLLEGE                ,CA,91405-6232,Proprietary  ,1,9,10,2,18,20
04076400,GNOMON SCHOOL OF VISUAL EFFECTS         ,CA,90038-2616,Proprietary  ,2,12,14,9,61,70
04092300,COASTLINE BEAUTY COLLEGE                ,CA,92708-3847,Proprietary  ,0,1,1,0,1,1
04092400,MAKE-UP DESIGNORY                       ,CA,91502-1322,Proprietary  ,14,18,32,78,76,154
04109300,ACADEMY OF BARBERING ARTS (THE)         ,CA,91324-3406,Proprietary  ,5,13,18,23,34,57
04111300,WEST HILLS COLLEGE LEMOORE              ,CA,93245-9248,Public       ,43,208,251,287,882,1169
04114500,VALLEY COLLEGE OF MEDICAL CAREERS       ,CA,91304-2354,Proprietary  ,1,13,14,17,102,119
04115300,COACHELLA VALLEY BEAUTY COLLEGE         ,CA,92253-2051,Proprietary  ,6,8,14,13,31,44
04115800,MERIDIAN INSTITUTE                      ,CA,90010-3606,Proprietary  ,1,10,11,3,31,34
04116000,VIDEO SYMPHONY ENTERTRAINING            ,CA,91502-3253,Proprietary  ,3,28,31,38,202,240
04127100,"UNIVERSITY OF CALIFORNIA, MERCED        ",CA,95343-5001,Public       ,37,15,52,37,15,52
04127900,TUI UNIVERSITY                          ,CA,90630-5023,Proprietary  ,0,108,108,0,108,108
00184600,BRIAR CLIFF UNIVERSITY                  ,IA,51104-2100,Private      ,14,17,31,1207,424,1631
00184700,BUENA VISTA UNIVERSITY                  ,IA,50588-9987,Private      ,20,111,131,1767,1522,3289
00184800,SOUTHEASTERN COMMUNITY COLLEGE          ,IA,52655-0000,Public       ,63,261,324,984,1688,2672
00185000,CENTRAL COLLEGE                         ,IA,50219-1999,Private      ,17,9,26,2113,87,2200
00185200,CLARKE COLLEGE                          ,IA,52001-3198,Private      ,9,25,34,1003,453,1456
00185400,COE COLLEGE                             ,IA,52402-5092,Private      ,9,10,19,1694,173,1867
00185500,DES MOINES UNIV-OSTEOPATHIC MED CTR     ,IA,50312-0000,Private      ,1,23,24,12,1516,1528
00185600,CORNELL COLLEGE                         ,IA,52314-1098,Private      ,8,2,10,1613,70,1683
00185700,SOUTHWESTERN COMMUNITY COLLEGE          ,IA,50801-1098,Public       ,11,63,74,589,577,1166
00185800,DIVINE WORD COLLEGE                     ,IA,52045-0380,Private      ,6,6,12,19,19,38
00185900,DORDT COLLEGE                           ,IA,51250-1697,Private      ,3,1,4,1266,89,1355
00186000,DRAKE UNIVERSITY                        ,IA,50311-4505,Private      ,38,95,133,3884,2201,6085
00186200,ELLSWORTH COMMUNITY COLLEGE             ,IA,50126-1199,Public       ,15,28,43,613,250,863
00186400,IOWA LAKES COMMUNITY COLLEGE            ,IA,51334-2234,Public       ,30,82,112,1118,950,2068
00186500,IOWA CENTRAL COMMUNITY COLLEGE          ,IA,50501-0000,Public       ,61,208,269,2154,1589,3743
00186600,GRACELAND UNIVERSITY                    ,IA,50140-1699,Private      ,13,113,126,1002,1001,2003
00186700,GRAND VIEW UNIVERSITY                   ,IA,50316-1599,Private      ,22,75,97,1250,916,2166
00186800,GRINNELL COLLEGE                        ,IA,50112-1690,Private      ,23,2,25,2009,40,2049
00186900,IOWA STATE UNIV SCIENCE & TECHNOLOG     ,IA,50011-2028,Public       ,222,204,426,17933,4797,22730
00187100,IOWA WESLEYAN COLLEGE                   ,IA,52641-1398,Private      ,16,15,31,619,385,1004
00187300,LORAS COLLEGE                           ,IA,52004-0178,Private      ,11,11,22,1751,182,1933
00187400,LUTHER COLLEGE                          ,IA,52101-1045,Private      ,11,3,14,2783,96,2879
00187500,MARSHALLTOWN COMMUNITY COLLEGE          ,IA,50158-4760,Public       ,29,88,117,594,683,1277
00187700,NORTH IOWA AREA COMMUNITY COLLEGE       ,IA,50401-7299,Public       ,51,106,157,1460,872,2332
00187900,MORNINGSIDE COLLEGE                     ,IA,51106-1751,Private      ,21,25,46,1505,342,1847
00188000,MOUNT MERCY COLLEGE                     ,IA,52402-4797,Private      ,3,34,37,997,640,1637
00188100,ASHFORD UNIVERSITY                      ,IA,52732-3997,Proprietary  ,202,4702,4904,1037,16138,17175
00188300,NORTHWESTERN COLLEGE                    ,IA,51041-1996,Private      ,7,5,12,1595,97,1692
00188700,SIMPSON COLLEGE                         ,IA,50125-1297,Private      ,15,24,39,2165,472,2637
00188900,ST AMBROSE UNIVERSITY                   ,IA,52803-2898,Private      ,35,75,110,2575,1235,3810
00189000,UNIVERSITY OF NORTHERN IOWA             ,IA,50614-0705,Public       ,151,160,311,9715,2721,12436
00189100,UNIVERSITY OF DUBUQUE                   ,IA,52001-5099,Private      ,30,26,56,1493,480,1973
00189200,UNIVERSITY OF IOWA                      ,IA,52242-1316,Public       ,228,283,511,16344,8538,24882
00189300,UPPER IOWA UNIVERSITY                   ,IA,52142-9206,Private      ,40,496,536,1254,3817,5071
00189400,VENNARD COLLEGE                         ,IA,52595-0029,Private      ,2,1,3,60,22,82
00189500,WALDORF COLLEGE                         ,IA,50436-1700,Private      ,3,6,9,639,77,716
00189600,WARTBURG COLLEGE                        ,IA,50677-2200,Private      ,7,4,11,2388,68,2456
00189700,WARTBURG THEOLOGICAL SEMINARY           ,IA,52004-5004,Private      ,0,1,1,2,132,134
00190000,WILLIAM PENN UNIVERSITY                 ,IA,52577-1799,Private      ,33,116,149,1030,1472,2502
00396300,AIB COLLEGE OF BUSINESS                 ,IA,50321-1799,Private      ,10,40,50,696,564,1260
00407500,ESTRN IOWA COMMUNITY COLLEGE DIST       ,IA,52801-1221,Public       ,4,13,17,45,91,136
00407501,CLINTON COMMUNITY COLLEGE               ,IA,52732-0000,Public       ,23,65,88,389,530,919
00407502,MUSCATINE COMMUNITY COLLEGE             ,IA,52761-0000,Public       ,15,64,79,401,473,874
00407503,SCOTT COMMUNITY COLLEGE                 ,IA,52722-0000,Public       ,105,237,342,1163,2172,3335
00407600,KIRKWOOD COMMUNITY COLLEGE              ,IA,52406-2068,Public       ,268,615,883,6555,5585,12140
00423300,MERCY/ST. LUKE'S SCH RAD TECH           ,IA,52402-0000,Private      ,0,0,0,15,8,23
00458600,KAPLAN UNIVERSITY                       ,IA,52807-2095,Proprietary  ,982,15035,16017,3845,67411,71256
00458604,KAPLAN UNIVERSITY - CEDAR RAPIDS        ,IA,52404-2998,Proprietary  ,11,92,103,218,772,990
00458605,KAPLAN UNIVERSITY - DES MOINES          ,IA,50323-5702,Proprietary  ,37,130,167,311,946,1257
00458606,KAPLAN UNIVERSITY - MASON CITY          ,IA,50401-4665,Proprietary  ,14,67,81,132,515,647
00458607,KAPLAN UNIVERSITY - CEDAR FALLS         ,IA,50613-6309,Proprietary  ,20,74,94,185,708,893
00458610,KAPLAN UNIVERSITY - COUNCIL BLUFFS      ,IA,51503-5289,Proprietary  ,8,78,86,67,361,428
00458700,NORTHEAST IOWA COMMUNITY COLLEGE        ,IA,52132-0400,Public       ,32,83,115,678,673,1351
00458701,NORTHEAST IOWA COMMUNITY COLLEGE        ,IA,52068-0000,Public       ,53,121,174,974,979,1953
00459500,HAWKEYE COMMUNITY COLLEGE               ,IA,50701-0000,Public       ,115,270,385,2782,2254,5036
00459800,IOWA WESTERN CMTY CLG-COUNCIL BLUFF     ,IA,51502-0000,Public       ,104,207,311,2110,1885,3995
00460000,NORTHWEST IOWA COMMUNITY COLLEGE        ,IA,51201-1046,Public       ,11,21,32,467,282,749
00626700,IOWA METHODIST MEDICAL CENTER SCHOOLS   ,IA,50309-1499,Private      ,0,4,4,7,38,45
00627300,MERCY COLLEGE OF HEALTH SCIENCES        ,IA,50309-1239,Private      ,10,53,63,405,594,999
00712000,DES MOINES AREA CMTY COLLEGE            ,IA,50021-0000,Public       ,276,796,1072,5028,6282,11310
00712100,FAITH BAPTIST BIBLE CLG & THEOL SEM     ,IA,50021-0000,Private      ,11,5,16,300,79,379
00729100,ST LUKE'S COLLEGE                       ,IA,51104-0263,Private      ,1,6,7,104,92,196
00731600,WESTERN IOWA TECH COMMUNITY COLLEGE     ,IA,51106-0000,Public       ,66,223,289,1206,2126,3332
00758800,CAPRI COLLEGE                           ,IA,52004-0873,Proprietary  ,32,40,72,236,231,467
00761100,EQ SCHOOL OF HAIR DESIGN                ,IA,51503-0813,Proprietary  ,3,2,5,28,49,77
00765600,AMERICAN COLLEGE OF HARISTYLING -CR     ,IA,52402-0000,Proprietary  ,3,3,6,7,20,27
00765800,AMER COLL OF HAIRSTYLING-DES MOINES     ,IA,50309-5446,Proprietary  ,0,3,3,4,37,41
00765900,LA JAMES COLLEGE OF HAIRSTYLING         ,IA,50401-3308,Proprietary  ,9,11,20,83,55,138
00771700,CAPRI COLLEGE                           ,IA,52807-2622,Proprietary  ,0,2,2,33,30,63
00794100,COLLEGE OF HAIR DESIGN                  ,IA,50703-1834,Proprietary  ,2,8,10,15,57,72
00811600,DAYTON'S SCHOOL OF HAIR DESIGN          ,IA,52601-0000,Proprietary  ,0,4,4,4,21,25
00826000,IOWA SCHOOL OF BEAUTY INC               ,IA,50322-0000,Proprietary  ,9,25,34,58,106,164
00840300,INDIAN HILLS COMMUNITY COLLEGE          ,IA,52501-1398,Public       ,79,193,272,1607,1669,3276
00840301,INDIAN HILLS COMMUNITY COLLEGE          ,IA,52544-0000,Public       ,11,39,50,216,270,486
00842400,LA JAMES INTERNATIONAL COLLEGE          ,IA,50501-5577,Proprietary  ,6,6,12,57,45,102
00959300,LA'JAMES COLLEGE OF HAIRSTYLING         ,IA,52240-0000,Proprietary  ,9,13,22,84,50,134
01111300,MAHARISHI UNIV OF MANAGEMENT            ,IA,52557-0001,Private      ,13,10,23,140,150,290
01206400,HAMILTON TECHNICAL COLLEGE              ,IA,52807-2653,Proprietary  ,16,41,57,111,257,368
01230000,PALMER COLLEGE OF CHIROPRACTIC          ,IA,52803-5287,Private      ,4,58,62,101,2456,2557
01300600,LA' JAMES INTERNATIONAL COLLEGE-CF      ,IA,50613-5242,Proprietary  ,16,17,33,75,55,130
02090300,CAPRI COLLEGE                           ,IA,52404-0000,Proprietary  ,0,2,2,35,23,58
02134500,LA JAMES INTERNATIONAL COLLEGE - DAV    ,IA,52806-3952,Proprietary  ,4,6,10,33,46,79
02160900,"SALON PROFESSIONAL ACADEMY, THE         ",IA,50010-0000,Proprietary  ,11,4,15,125,34,159
02262500,FAUST INSTITUTE OF COSMETOLOGY          ,IA,50588-0000,Proprietary  ,3,5,8,33,26,59
02274100,LA' JAMES INTERNATIONAL COLLEGE - DM    ,IA,50131-0000,Proprietary  ,16,26,42,141,110,251
02289000,AMERICAN HAIR ACADEMY                   ,IA,52627-4530,Proprietary  ,5,3,8,25,19,44
02306900,IOWA SCHOOL OF BEAUTY                   ,IA,52501-0000,Proprietary  ,1,2,3,30,39,69
02328900,EMMAUS BIBLE COLLEGE                    ,IA,52001-0000,Private      ,4,2,6,190,33,223
02330900,IOWA SCHOOL OF BEAUTY                   ,IA,50158-0000,Proprietary  ,1,3,4,15,19,34
02333200,DAYTON'S SCHOOL OF HAIR DESIGN          ,IA,52632-0000,Proprietary  ,0,6,6,8,16,24
02572500,DAVENPORT BARBER STYLING COLLEGE        ,IA,52807-0000,Proprietary  ,0,0,0,2,11,13
02609200,VATTEROTT COLLEGE                       ,IA,50321-4704,Proprietary  ,18,45,63,96,331,427
03069100,ALLEN COLLEGE                           ,IA,50703-1916,Private      ,5,12,17,304,216,520
03441300,IOWA SCHOOL OF BEAUTY                   ,IA,51106-5111,Proprietary  ,3,1,4,29,36,65
03607400,TOTAL LOOK SCHOOL OF COSMETOLOGY AND MAS,IA,52136-1053,Proprietary  ,3,3,6,9,6,15
03720300,CARLSON COLLEGE OF MASSAGE THERAPY      ,IA,52205-7519,Proprietary  ,4,3,7,5,6,11
04089300,BIO-CHI INSTITUTE OF MASSAGE THERAPY    ,IA,51103-2138,Proprietary  ,4,1,5,13,13,26
00259600,ATLANTIC COMMUNITY COLLEGE              ,NJ,08330-2699,Public       ,228,425,653,2726,3019,5745
00259700,BLOOMFIELD COLLEGE                      ,NJ,07003-3425,Private      ,43,93,136,2101,1274,3375
00259800,CALDWELL COLLEGE                        ,NJ,07006-6195,Private      ,19,69,88,1284,738,2022
00259900,CENTENARY COLLEGE                       ,NJ,07840-2184,Private      ,24,107,131,1430,925,2355
00260000,COLLEGE OF SAINT ELIZABETH              ,NJ,07960-6989,Private      ,14,37,51,704,551,1255
00260100,CUMBERLAND COUNTY COLLEGE               ,NJ,08362-0517,Public       ,132,237,369,1584,1698,3282
00260300,DREW UNIVERSITY                         ,NJ,07940-4063,Private      ,30,18,48,2549,455,3004
00260700,FAIRLEIGH DICKINSON UNIV-TEANECK        ,NJ,07666-1996,Private      ,50,155,205,2229,1719,3948
00260701,FAIRLEIGH DICKINSON UNIV-FLORHAM        ,NJ,07940-0000,Private      ,31,24,55,2038,498,2536
00260702,FAIRLEIGH DICKINSON UNIV-ED WMS CLG     ,NJ,07601-0000,Private      ,4,10,14,86,95,181
00260703,FAIRLEIGH DICKINSON UNIVERSITY          ,NJ,07940-0000,Private      ,21,50,71,1122,524,1646
00260800,GEORGIAN COURT UNIVERSITY               ,NJ,08701-2697,Private      ,42,111,153,1192,1396,2588
00260900,ROWAN UNIVERSITY                        ,NJ,08028-1702,Public       ,214,212,426,10253,2832,13085
00261000,FELICIAN COLLEGE                        ,NJ,07644-2198,Private      ,27,81,108,1360,807,2167
00261300,NEW JERSEY CITY UNIVERSITY              ,NJ,07305-1597,Public       ,125,378,503,3914,4048,7962
00261500,MIDDLESEX COUNTY COLLEGE                ,NJ,08818-3050,Public       ,358,404,762,4612,3064,7676
00261600,MONMOUTH UNIVERSITY                     ,NJ,07764-1898,Private      ,111,122,233,6203,1834,8037
00261700,MONTCLAIR STATE UNIVERSITY              ,NJ,07043-9987,Public       ,322,357,679,12167,4649,16816
00261900,NEW BRUNSWICK THEOLOGICAL SEMINARY      ,NJ,08901-0000,Private      ,0,11,11,17,94,111
00262100,NEW JERSEY INST OF TECHNOLOGY           ,NJ,07102-1982,Public       ,92,136,228,3783,1651,5434
00262200,KEAN UNIVERSITY                         ,NJ,07083-7131,Public       ,240,420,660,8174,5164,13338
00262400,OCEAN COUNTY COLLEGE                    ,NJ,08754-2001,Public       ,233,293,526,3628,2138,5766
00262500,WILLIAM PATERSON UNIVERSITY             ,NJ,07470-2152,Public       ,205,189,394,7852,2811,10663
00262600,PRINCETON THEOLOGICAL SEMINARY          ,NJ,08542-0000,Private      ,1,10,11,5,474,479
00262700,PRINCETON UNIVERSITY                    ,NJ,08544-0001,Private      ,106,35,141,8922,1010,9932
00262800,RIDER UNIVERSITY                        ,NJ,08648-3099,Private      ,74,80,154,5452,1261,6713
00262900,"RUTGERS, THE STATE UNIVERSITY OF NJ     ",NJ,08901-1281,Public       ,667,748,1415,34542,15651,50193
00263200,SETON HALL UNIVERSITY                   ,NJ,07079-2697,Private      ,125,197,322,6179,2613,8792
00263201,SETON HALL UNIVERSITY - SCHOOL OF LAW   ,NJ,07079-5210,Private      ,5,24,29,149,1853,2002
00263800,ST PETER'S COLLEGE                      ,NJ,07306-5997,Private      ,55,87,142,3069,896,3965
00263900,STEVENS INSTITUTE OF TECHNOLOGY         ,NJ,07030-5370,Private      ,46,48,94,2599,403,3002
00264200,COLLEGE OF NEW JERSEY (THE)             ,NJ,08628-0718,Public       ,104,69,173,8151,877,9028
00264300,UNION COUNTY COLLEGE                    ,NJ,07016-1598,Public       ,297,585,882,3479,4587,8066
00473600,BERGEN COMMUNITY COLLEGE                ,NJ,07652-1595,Public       ,417,348,765,4919,3034,7953
00474000,MERCER COUNTY COMMUNITY COLLEGE         ,NJ,08690-0000,Public       ,172,323,495,2276,2924,5200
00539900,MONMOUTH COUNTY VOCATIONAL SCH DIST     ,NJ,07728-5033,Public       ,3,12,15,46,54,100
00545200,TETERBORO SCH OF AERONAUTICS            ,NJ,07608-1083,Proprietary  ,15,12,27,68,59,127
00546000,SOMERSET COUNTY TECHNICAL INSTITUTE     ,NJ,08807-0350,Public       ,1,11,12,34,95,129
00546100,SALEM COMMUNITY COLLEGE                 ,NJ,08069-2799,Public       ,24,65,89,440,549,989
00641000,C E GREGORY SCHOOL OF NURSING           ,NJ,08857-0000,Private      ,2,0,2,40,52,92
00641700,HOLY NAME HOSPITAL SCH OF NURSING       ,NJ,07666-4254,Private      ,2,8,10,69,125,194
00642000,MOUNTAINSIDE HOSP SCH NRSG              ,NJ,07042-4898,Proprietary  ,2,9,11,40,125,165
00642100,MUHLENBERG SNYDER SCHOOLS               ,NJ,07061-3399,Private      ,11,39,50,138,392,530
00642900,ST FRANCIS MEDICAL CTR SCH NURSING      ,NJ,08629-1986,Private      ,0,3,3,13,35,48
00642902,ST FRANCIS MED CTR RAD TECH             ,NJ,08629-0000,Private      ,0,2,2,4,8,12
00686500,CAMDEN COUNTY COLLEGE                   ,NJ,08012-3240,Public       ,345,682,1027,4789,5301,10090
00690100,GLOUCESTER COUNTY COLLEGE               ,NJ,08080-4249,Public       ,156,187,343,2343,1821,4164
00710700,ESSEX COUNTY COLLEGE                    ,NJ,07102-1798,Public       ,342,702,1044,3888,5475,9363
00750200,BERKELEY COLLEGE                        ,NJ,07424-3367,Proprietary  ,77,148,225,1467,1178,2645
00750201,BERKELEY COLLEGE                        ,NJ,07095-0000,Proprietary  ,26,41,67,551,386,937
00750202,BERKELEY COLLEGE - PARAMUS              ,NJ,07652-2931,Proprietary  ,21,36,57,437,307,744
00750600,LINCOLN TECHNICAL INSTITUTE             ,NJ,07083-5032,Proprietary  ,133,238,371,774,729,1503
00750601,LINCOLN TECHNICAL INSTITUTE             ,NJ,07430-0000,Proprietary  ,69,60,129,586,402,988
00750700,GIBBS COLLEGE                           ,NJ,07039-1611,Proprietary  ,118,194,312,874,1149,2023
00750701,KATHARINE GIBBS - PISCATAWAY            ,NJ,08854-0000,Proprietary  ,33,44,77,295,357,652
00759300,PARISIAN BEAUTY ACADEMY                 ,NJ,07601-5509,Proprietary  ,15,24,39,99,99,198
00772900,COUNTY COLLEGE OF MORRIS                ,NJ,07869-0000,Public       ,138,111,249,2300,1109,3409
00773000,BURLINGTON COUNTY COLLEGE               ,NJ,08068-1599,Public       ,180,371,551,2577,2374,4951
00773100,RARITAN VALLEY COMMUNITY COLLEGE        ,NJ,08876-1265,Public       ,86,126,212,1401,1059,2460
00794700,BETH MEDRASH GOVOHA OF AMERICA          ,NJ,08701-0000,Private      ,124,226,350,263,1213,1476
00840400,BROOKDALE COMMUNITY COLLEGE             ,NJ,07738-1597,Public       ,237,321,558,4186,2734,6920
00844101,ANTHEM INSTITUTE                        ,NJ,08002-0000,Proprietary  ,2,3,5,9,18,27
00849400,HO HO KUS SCHL OF TRADE & TECH SCIENCES ,NJ,07513-1402,Proprietary  ,16,27,43,56,108,164
00860900,RABBINICAL COLLEGE OF AMERICA           ,NJ,07960-3600,Private      ,35,1,36,49,4,53
00907800,CAPRI INSTITUTE OF HAIR DESIGN          ,NJ,07011-2111,Proprietary  ,10,28,38,66,98,164
00934400,RAMAPO COLLEGE OF NEW JERSEY            ,NJ,07430-1680,Public       ,128,54,182,5240,759,5999
00934500,RICHARD STOCKTON COLLEGE OF NJ          ,NJ,08240-0195,Public       ,128,119,247,5795,2159,7954
00982804,EVEREST INSTITUTE - SOUTH PLAINFIELD    ,NJ,07080-1125,Proprietary  ,1,6,7,1,6,7
00999400,PASSAIC COUNTY COMMUNITY COLLEGE        ,NJ,07505-1179,Public       ,215,290,505,2386,2776,5162
01039400,UNIV OF MEDICINE & DENTISTRY OF NJ      ,NJ,07107-0000,Public       ,13,151,164,181,3949,4130
01062900,P B COSMETOLOGY EDUCATION CENTRE        ,NJ,08030-1750,Proprietary  ,10,14,24,110,65,175
01085100,ANTHEM INSTITUTE                        ,NJ,07054-3409,Proprietary  ,159,283,442,744,1173,1917
01085101,ANTHEM INSTITUTE                        ,NJ,07306-0000,Proprietary  ,7,4,11,46,45,91
01085102,ANTHEM INSTITUTE                        ,NJ,08902-0000,Proprietary  ,2,1,3,45,23,68
01090300,RIZZIERI INSTITUTE                      ,NJ,08043-4600,Proprietary  ,9,9,18,72,52,124
01152300,MORRIS COUNTY SCHOOL OF TECHNOLOGY      ,NJ,07834-0000,Public       ,0,5,5,23,37,60
01170800,NATURAL MOTION INST OF HAIR DESIGN      ,NJ,07306-5496,Proprietary  ,6,20,26,28,61,89
01198900,TALMUDICAL ACADEMY                      ,NJ,07710-0000,Private      ,16,3,19,33,6,39
01209000,REIGNBOW BEAUTY ACADEMY                 ,NJ,08861-4118,Proprietary  ,5,32,37,42,167,209
01234600,DOVER BUSINESS COLLEGE                  ,NJ,07011-2161,Proprietary  ,42,124,166,157,454,611
01234602,DOVER BUSINESS COLLEGE                  ,NJ,07801-4643,Proprietary  ,9,45,54,78,252,330
01246100,LINCOLN TECHNICAL INSTITUTE             ,NJ,08820-2896,Proprietary  ,43,80,123,319,368,687
01246102,LINCOLN TECHNICAL INSTITUTE             ,NJ,08054-0000,Proprietary  ,30,62,92,189,380,569
01246103,LINCOLN TECHNICAL INSTITUTE             ,NJ,07652-2106,Proprietary  ,48,103,151,314,429,743
01246200,HOHOKUS - HACKENSACK SCHOOL OF BUSINESS ,NJ,07601-7197,Proprietary  ,25,125,150,112,518,630
01295400,HUDSON COUNTY COMMUNITY COLLEGE         ,NJ,07306-4012,Public       ,233,469,702,3208,4020,7228
02053700,EASTWICK COLLEGE                        ,NJ,07446-0000,Proprietary  ,45,140,185,191,579,770
02061800,ROMAN ACADEMY OF BEAUTY CULTURE         ,NJ,07506-0000,Proprietary  ,4,9,13,25,30,55
02092300,HOHOKUS SCHOOL - RETS/NUTLEY            ,NJ,07110-0000,Proprietary  ,28,61,89,135,288,423
02103700,CAPRI INSTITUTE OF HAIR DESIGN          ,NJ,07652-0000,Proprietary  ,7,19,26,57,55,112
02104000,HARRIS SCHOOL OF BUSINESS               ,NJ,08002-2983,Proprietary  ,49,265,314,243,1084,1327
02131100,DU CRET SCHOOL OF THE ARTS              ,NJ,07060-0000,Private      ,3,2,5,13,8,21
02131600,PENNCO TECH                             ,NJ,08012-0000,Proprietary  ,57,99,156,314,486,800
02132300,BERDAN INSTITUTE                        ,NJ,07512-0000,Proprietary  ,40,93,133,193,324,517
02146800,JOE KUBERT SCH OF CARTOON & GRAPHIC     ,NJ,07801-0000,Proprietary  ,1,3,4,49,45,94
02149800,EMPIRE BEAUTY SCHOOL                    ,NJ,08021-0000,Proprietary  ,23,43,66,138,273,411
02149801,EMPIRE BEAUTY SCHOOL - BORDENTOWN       ,NJ,08505-1513,Proprietary  ,0,1,1,5,6,11
02154000,DIVERS ACAD OF EASTERN SEABOARD         ,NJ,08081-1139,Proprietary  ,9,21,30,62,83,145
02183600,CAPRI INSTITUTE OF HAIR DESIGN          ,NJ,07033-0000,Proprietary  ,7,17,24,50,73,123
02186703,HARRISON CAREER INSTITUTE               ,NJ,08096-0000,Proprietary  ,0,0,0,1,2,3
02186708,HARRISON CAREER INSTITUTE               ,NJ,07376-0000,Proprietary  ,0,0,0,0,1,1
02192200,THOMAS EDISON STATE COLLEGE             ,NJ,08608-0000,Public       ,20,453,473,188,3097,3285
02219600,OMEGA INSTITUTE                         ,NJ,08109-0000,Proprietary  ,4,23,27,44,115,159
02223700,NEW HORIZON INST OF COSMETOLOGY         ,NJ,07093-0000,Proprietary  ,11,48,59,14,74,88
02223900,DRAKE COLLEGE OF BUSINESS               ,NJ,07201-0000,Proprietary  ,42,393,435,142,1058,1200
02232500,UNION COUNTY VOCATIONAL TECH INST       ,NJ,07076-0000,Public       ,10,12,22,63,54,117
02234600,SHORE BEAUTY SCHOOL                     ,NJ,08232-0000,Proprietary  ,4,18,22,22,43,65
02246000,ROSS UNIVERSITY - MEDICAL SCHOOL        ,NJ,08837-0000,Proprietary  ,1,284,285,12,3535,3547
02248600,COOPER HEALTH SYS-CTR ALLIED HEALTH     ,NJ,08103-0000,Private      ,1,5,6,14,68,82
02252700,CONCORDE SCHOOL OF HAIR DESIGN          ,NJ,07712-0000,Proprietary  ,30,98,128,75,182,257
02261800,EUROPEAN ACADEMY OF COSMETOLOGY         ,NJ,07083-0000,Proprietary  ,10,33,43,34,98,132
02265500,CAPRI INSTITUTE OF HAIR DESIGN          ,NJ,08724-0000,Proprietary  ,22,18,40,59,67,126
02277900,ROSS UNIV - SCH OF VETERINARY MED       ,NJ,08837-0000,Proprietary  ,2,55,57,4,872,876
02291000,LINCOLN TECHNICAL INSTITUTE             ,NJ,07080-2424,Proprietary  ,20,23,43,103,65,168
02312000,BERGEN COUNTY TECHNICAL SCHOOLS         ,NJ,07601-6110,Public       ,3,12,15,29,49,78
02344200,EMPIRE BEAUTY SCHOOL                    ,NJ,08002-0000,Proprietary  ,16,45,61,92,167,259
02503900,WARREN COUNTY COMMUNITY COLLEGE         ,NJ,07882-0000,Public       ,25,43,68,443,379,822
02523700,OCEAN COUNTY VOCATIONAL-TECH SCHOOL     ,NJ,08753-0000,Public       ,2,6,8,94,148,242
02525900,ARTISTIC ACADEMY OF HAIR DESIGN         ,NJ,07950-1409,Proprietary  ,8,11,19,89,46,135
02528200,REIGNBOW BEAUTY ACADEMY                 ,NJ,07060-0000,Proprietary  ,2,24,26,23,62,85
02539903,STAR TECHNICAL INSTITUTE-EGG HARBOR     ,NJ,08234-0000,Proprietary  ,10,57,67,54,314,368
02558700,PRISM CAREER INSTITUTE                  ,NJ,08037-0000,Proprietary  ,27,144,171,104,536,640
02568800,SUSSEX COUNTY COMMUNITY COLLEGE         ,NJ,07860-1149,Public       ,50,53,103,1050,590,1640
02586800,HARRISON CAREER INSTITUTE               ,NJ,08360-6210,Proprietary  ,0,0,0,0,4,4
02586801,HARRISON CAREER INSTITUTE               ,NJ,07755-0000,Proprietary  ,0,0,0,1,0,1
02586900,HARRIS SCHOOL OF BUSINESS               ,NJ,08084-1520,Proprietary  ,7,47,54,41,183,224
02586901,STAR TECHNICAL INSTITUTE - LAKEWOOD     ,NJ,08701-0000,Proprietary  ,9,49,58,54,300,354
02615401,STAR TECHNICAL INSTITUTE -              ,NJ,07102-4599,Proprietary  ,11,85,96,51,394,445
02616402,SANFORD-BROWN INSTITUTE - ISELIN        ,NJ,08830-0000,Proprietary  ,71,165,236,326,863,1189
03077500,RABBI JACOB JOSEPH SCHOOL               ,NJ,08817-4494,Private      ,2,0,2,10,0,10
03122600,EASTERN INTERNATIONAL COLLEGE           ,NJ,07306-3906,Proprietary  ,22,47,69,114,229,343
03187300,STENOTECH CAREER INSTITUTE              ,NJ,07004-3490,Proprietary  ,3,17,20,22,54,76
03197300,INSTITUTE FOR HEALTH EDUCATION(THE)     ,NJ,07306-2929,Proprietary  ,0,32,32,2,42,44
03324300,CENTRAL CAREER SCHOOL                   ,NJ,07080-2408,Proprietary  ,0,14,14,3,36,39
03389300,ACADEMY OF MASSAGE THERAPY              ,NJ,07631-0000,Proprietary  ,8,21,29,17,63,80
03424500,NEW COMMUNITY WORKFORCE DEVELOPMENT     ,NJ,07103-2402,Private      ,7,71,78,27,383,410
03530300,"KEY SKILLS LEARNING, INC.               ",NJ,07013-1900,Proprietary  ,1,9,10,2,20,22
03536300,INSTITUTE FOR THERAPEUTIC MASSAGE       ,NJ,07420-1452,Proprietary  ,10,25,35,29,120,149
03574400,CORTIVA INSTITUTE - SOMERSET SCHOOL OF M,NJ,08854-3908,Proprietary  ,8,36,44,30,75,105
03625300,PERFORMANCE TRAINING INSTITUTE          ,NJ,08753-0000,Proprietary  ,0,1,1,3,3,6
03629300,HELMA INSTITUTE OF MASSAGE THERAPY      ,NJ,07663-6200,Proprietary  ,8,28,36,31,106,137
03637300,METRO AUTO ELECTRONICS TRAINING INSTITUT,NJ,07033-1798,Proprietary  ,3,13,16,23,37,60
03650600,PC AGE                                  ,NJ,07306-3936,Proprietary  ,2,10,12,8,39,47
03650603,PC AGE                                  ,NJ,08817-2842,Proprietary  ,1,8,9,10,42,52
03666300,SOMERSET CHRISTIAN COLLEGE              ,NJ,08890-9035,Private      ,4,13,17,28,94,122
03769300,PC TECH LEARNING CENTER                 ,NJ,07306-9900,Proprietary  ,5,67,72,26,191,217
03803300,HEALTHCARE TRAINING INSTITUTE           ,NJ,07083-3504,Proprietary  ,7,29,36,29,107,136
03811300,EASTERN SCHOOL OF ACUPUNCTURE AND TRADIT,NJ,07042-3562,Proprietary  ,0,9,9,2,38,40
04081300,BAIS MEDRASH TORAS CHESED               ,NJ,08701-0000,Private      ,10,0,10,16,3,19
        ,BROOKLYN LAW SCHOOL                     ,NY,11201-0000,Private      ,1,24,25,21,2886,2907
00266500,VAUGHN COLLEGE OF AERONAUTICS AND TECHNO,NY,11369-9997,Private      ,47,58,105,707,459,1166
00266600,ADELPHI UNIVERSITY                      ,NY,11530-4299,Private      ,117,399,516,5726,4125,9851
00266700,DOWLING COLLEGE                         ,NY,11769-1999,Private      ,74,164,238,2164,2061,4225
00266800,ALFRED UNIVERSITY                       ,NY,14802-1205,Private      ,23,24,47,2767,527,3294
00266900,BANK STREET COLLEGE OF EDUCATION        ,NY,10025-0000,Private      ,1,45,46,4,758,762
00267100,BARD COLLEGE                            ,NY,12504-5000,Private      ,12,9,21,2250,474,2724
00267800,BRYANT & STRATTON COLLEGE               ,NY,14203-1713,Proprietary  ,141,652,793,1325,4941,6266
00267803,BRYANT & STRATTON COLLEGE - GREECE      ,NY,14606-4227,Proprietary  ,27,119,146,251,926,1177
00267805,BRYANT & STRATTON COLLEGE - SYRACUSE    ,NY,13203-2502,Proprietary  ,64,189,253,599,1468,2067
00267807,BRYANT & STRATTON COLLEGE - ALBANY      ,NY,12205-5230,Proprietary  ,14,70,84,229,634,863
00268100,CANISIUS COLLEGE                        ,NY,14208-1098,Private      ,65,103,168,4255,1314,5569
00268300,SEMINARY OF THE IMMACULATE CONCEPT      ,NY,11743-0000,Private      ,0,0,0,1,1,2
00268500,CAZENOVIA COLLEGE                       ,NY,13035-1085,Private      ,7,9,16,1587,137,1724
00268700,CUNY-BROOKLYN COLLEGE                   ,NY,11210-2814,Public       ,406,514,920,10370,7089,17459
00268800,CITY COLLEGE-CUNY                       ,NY,10031-9198,Public       ,473,463,936,10545,5626,16171
00268900,CUNY-HUNTER COLLEGE                     ,NY,10021-0000,Public       ,726,780,1506,16001,9345,25346
00269000,QUEENS COLLEGE-CUNY                     ,NY,11367-1597,Public       ,475,569,1044,9766,5522,15288
00269100,CUNY- BOROUGH OF MANHATTAN CMTY CLG     ,NY,10007-1047,Public       ,931,922,1853,11562,9124,20686
00269200,CUNY BRONX COMMUNITY COLLEGE            ,NY,10453-3102,Public       ,467,540,1007,5913,5811,11724
00269300,CUNY-JOHN JAY CLG CRIMINAL JUSTICE      ,NY,10019-1093,Public       ,490,408,898,10374,4949,15323
00269400,KINGSBOROUGH COMMUNITY COLLEGE          ,NY,11235-2398,Public       ,457,327,784,6697,4107,10804
00269600,NY CITY COLLEGE OF TECHNOLOGY-CUNY      ,NY,11201-2983,Public       ,495,487,982,9246,5484,14730
00269700,QUEENSBOROUGH COMMUNITY COLLEGE         ,NY,11364-1497,Public       ,432,323,755,6131,3206,9337
00269800,CUNY THE COLLEGE OF STATEN ISLAND       ,NY,10314-6600,Public       ,413,304,717,7442,3416,10858
00269900,CLARKSON UNIVERSITY                     ,NY,13699-5615,Private      ,28,7,35,3518,230,3748
00270000,COLGATE ROCHESTER CROZER DIVINITY S     ,NY,14620-0000,Private      ,0,4,4,4,91,95
00270100,COLGATE UNIVERSITY                      ,NY,13346-1386,Private      ,37,1,38,3519,43,3562
00270300,COLLEGE OF MOUNT SAINT VINCENT          ,NY,10471-1093,Private      ,48,24,72,1884,246,2130
00270400,COLLEGE OF NEW ROCHELLE                 ,NY,10805-2339,Private      ,49,468,517,1183,5557,6740
00270500,COLLEGE OF SAINT ROSE                   ,NY,12203-1490,Private      ,48,141,189,3935,1961,5896
00270700,COLUMBIA UNIVERSITY                     ,NY,10027-0000,Private      ,61,139,200,3518,2895,6413
00270701,COLUMBIA UNIV ARCHITECTURE              ,NY,10027-0000,Private      ,2,5,7,28,661,689
00270702,COLUMBIA UNIV SCHOOL OF THE ARTS        ,NY,10027-0000,Private      ,2,13,15,59,930,989
00270703,COLUMBIA UNIV BUSINESS GRAD             ,NY,10027-0000,Private      ,0,72,72,15,1416,1431
00270704,COLUMBIA UNIV SCHOOL ENGIN-UNDERGRA     ,NY,10027-0000,Private      ,13,1,14,1564,35,1599
00270705,COLUMBIA UNIV SCHOOL GENERAL STUDIE     ,NY,10027-0000,Private      ,17,77,94,315,947,1262
00270706,COLUMBIA UNIV GRAD SCHL ARTS & SCI      ,NY,10027-0000,Private      ,2,39,41,12,1300,1312
00270707,COLUMBIA UNIV SCH INTL PUB AFFAIRS      ,NY,10027-0000,Private      ,3,44,47,10,1210,1220
00270708,COLUMBIA UNIV JOURNALISM GRAD           ,NY,10027-0000,Private      ,1,13,14,12,454,466
00270710,COLUMBIA UNIV COLUMBIA COLLEGE          ,NY,10027-0000,Private      ,63,10,73,6341,173,6514
00270711,COLUMBIA UNIV SCHOOL OF LAW             ,NY,10027-0000,Private      ,2,17,19,17,3000,3017
00270712,COLUMBIA UNIV SOCIAL WORK               ,NY,10025-0000,Private      ,1,29,30,9,861,870
00270713,COLUMBIA UNIV SCHL DENT & ORAL SURG     ,NY,10032-0000,Private      ,0,0,0,4,339,343
00270714,COLUMBIA UNIV INST HUMAN NUTRITION      ,NY,10032-0000,Private      ,0,1,1,0,62,62
00270715,COLUMBIA UNIV NURSING                   ,NY,10032-0000,Private      ,3,21,24,63,619,682
00270716,COLUMBIA UNIV COLL PHYS & SURGEONS      ,NY,10032-0000,Private      ,2,5,7,11,897,908
00270717,COLUMBIA UNIV PHYSICAL THERAPY          ,NY,10032-0000,Private      ,0,0,0,1,116,117
00270718,COLUMBIA UNIV OCCUPATIONAL THERAPY      ,NY,10032-0000,Private      ,0,1,1,1,90,91
00270719,COLUMBIA UNIV PUBLIC HEALTH             ,NY,10032-0000,Private      ,1,14,15,5,844,849
00270720,COLUMBIA UNIV - ENGINEERING (GRAD)      ,NY,10027-0000,Private      ,3,16,19,29,283,312
00270721,COLUMBIA UNIV-CONT ED & SP PROGMS       ,NY,10027-0000,Private      ,2,28,30,9,193,202
00270800,BARNARD COLLEGE-COLUMBIA UNIV           ,NY,10027-6598,Private      ,24,6,30,3279,76,3355
00270900,CONCORDIA COLLEGE                       ,NY,10708-1998,Private      ,15,21,36,757,141,898
00271000,COOPER UNION                            ,NY,10003-7120,Private      ,23,8,31,1144,111,1255
00271100,CORNELL UNIVERSITY                      ,NY,14853-2801,Private      ,256,106,362,19264,4472,23736
00271101,WEILL CORNELL MEDICAL COLLEGE AND GRADUA,NY,10021-0000,Private      ,2,14,16,31,721,752
00271200,D'YOUVILLE COLLEGE                      ,NY,14201-1084,Private      ,24,61,85,1428,1288,2716
00271300,DOMINICAN COLLEGE                       ,NY,10962-1299,Private      ,24,59,83,1520,649,2169
00271800,ELMIRA COLLEGE                          ,NY,14901-2099,Private      ,23,47,70,1738,506,2244
00272200,FORDHAM UNIVERSITY                      ,NY,10458-5157,Private      ,243,394,637,15428,7425,22853
00272206,MARYMOUNT COLLEGE                       ,NY,10591-3796,Private      ,0,0,0,6,1,7
00272600,GENERAL THEOLOGICAL SEMINARY            ,NY,10011-0000,Private      ,0,2,2,0,107,107
00272800,HAMILTON COLLEGE                        ,NY,13323-1218,Private      ,16,0,16,2338,20,2358
00272900,HARTWICK COLLEGE                        ,NY,13820-4020,Private      ,15,5,20,2270,79,2349
00273100,HOBART & WILLIAM SMITH COLLEGES         ,NY,14456-3397,Private      ,16,2,18,2649,52,2701
00273200,HOFSTRA UNIVERSITY                      ,NY,11549-1010,Private      ,205,259,464,12769,5183,17952
00273400,HOUGHTON COLLEGE                        ,NY,14744-0128,Private      ,11,33,44,1547,263,1810
00273500,HILBERT COLLEGE                         ,NY,14075-1597,Private      ,25,25,50,910,322,1232
00273700,IONA COLLEGE                            ,NY,10801-1890,Private      ,55,73,128,5537,970,6507
00273900,ITHACA COLLEGE                          ,NY,14850-7130,Private      ,71,18,89,10463,642,11105
00274000,JEWISH THEOLOGICAL SEMINARY OF AMER     ,NY,10027-4649,Private      ,1,4,5,115,179,294
00274200,THE JUILLIARD SCHOOL                    ,NY,10023-6588,Private      ,21,8,29,990,544,1534
00274400,KEUKA COLLEGE                           ,NY,14478-0000,Private      ,8,78,86,1237,802,2039
00274800,LEMOYNE COLLEGE                         ,NY,13214-1399,Private      ,38,61,99,3617,941,4558
00274900,NEW YORK COLLEGE OF PODIATRIC MED       ,NY,10035-0000,Private      ,0,8,8,38,384,422
00275100,LONG ISLAND UNIVERSITY                  ,NY,11548-1326,Private      ,278,810,1088,8507,7009,15516
00275101,LONG ISLAND UNIVERSITY - BRENTWOOD CAMPU,NY,11717-5326,Private      ,3,42,45,28,343,371
00275102,LONG ISLAND UNIVERSITY - ROCKLAND CAMPUS,NY,10962-0000,Private      ,0,21,21,1,128,129
00275104,LONG ISLAND UNIVERSITY - NEW YORK UNIVER,NY,10011-0000,Private      ,12,9,21,64,65,129
00275105,LONG ISLAND UNIVERSITY - WEST POINT CAMP,NY,10966-0000,Private      ,0,3,3,14,17,31
00275106,LONG ISLAND UNIVERSITY - JEWISH BOARD OF,NY,10019-0000,Private      ,1,0,1,4,5,9
00275107,LONG ISLAND UNIVERSITY - QUEENS DISTRICT,NY,11364-0000,Private      ,1,1,2,7,20,27
00275108,LONG ISLAND UNIVERSITY - FREEPORT PUBLIC,NY,11520-3144,Private      ,1,0,1,4,1,5
00275109,LONG ISLAND UNIVERSITY - LOCUST VALLEY H,NY,11560-1105,Private      ,0,0,0,0,3,3
00275110,LONG ISLAND UNIVERSITY - WESTBURY SENIOR,NY,11568-1619,Private      ,6,10,16,66,66,132
00275111,LONG ISLAND UNIVERSITY - BABYLON SENIOR ,NY,11702-2222,Private      ,0,1,1,1,4,5
00275112,LONG ISLAND UNIVERSITY - HARBORFIELDS HI,NY,11740-1432,Private      ,0,0,0,2,0,2
00275113,LONG ISLAND UNIVERSITY - SOUTH SIDE HIGH,NY,11570-2248,Private      ,0,0,0,0,1,1
00275114,LONG ISLAND UNIVERSITY - SACHEM HIGH SCH,NY,11779-2231,Private      ,0,3,3,4,3,7
00275115,LONG ISLAND UNIVERSITY - SOUTHAMPTON COL,NY,11968-4198,Private      ,6,30,36,477,227,704
00275116,LONG ISLAND UNIVERSITY - BROOKLYN       ,NY,11201-8423,Private      ,18,54,72,2022,1160,3182
00275800,MANHATTAN COLLEGE                       ,NY,10471-4098,Private      ,49,20,69,4409,340,4749
00275900,MANHATTAN SCHOOL OF MUSIC               ,NY,10027-4698,Private      ,12,6,18,580,584,1164
00276000,MANHATTANVILLE COLLEGE                  ,NY,10577-2132,Private      ,39,69,108,2340,841,3181
00276300,MARIA COLLEGE                           ,NY,12208-1798,Private      ,12,46,58,149,650,799
00276500,MARIST COLLEGE                          ,NY,12601-1387,Private      ,92,69,161,7119,899,8018
00276900,MARYMOUNT MANHATTAN COLLEGE             ,NY,10021-4597,Private      ,50,15,65,2389,241,2630
00277200,MERCY COLLEGE                           ,NY,10522-1189,Private      ,199,575,774,2376,6025,8401
00277500,MOLLOY COLLEGE                          ,NY,11570-1100,Private      ,61,111,172,2146,1567,3713
00277700,MEDAILLE COLLEGE                        ,NY,14214-2695,Private      ,28,159,187,1310,1297,2607
00277800,MOUNT SAINT MARY COLLEGE                ,NY,12550-3494,Private      ,48,79,127,1982,952,2934
00277900,NAZARETH COLLEGE OF ROCHESTER           ,NY,14618-3790,Private      ,14,93,107,2731,1406,4137
00278200,NEW YORK INSTITUTE OF TECHNOLOGY        ,NY,11568-8000,Private      ,100,430,530,4242,3652,7894
00278202,NY INSTITUTE OF TECHNOLOGY-OSTEOPATHIC M,NY,11568-0000,Private      ,0,6,6,6,1104,1110
00278300,NEW YORK LAW SCHOOL                     ,NY,10013-0000,Private      ,3,22,25,22,2762,2784
00278400,NEW YORK MEDICAL COLLEGE                ,NY,10595-0000,Private      ,0,41,41,4,1640,1644
00278500,NEW YORK UNIVERSITY                     ,NY,10012-1091,Private      ,406,1076,1482,27347,21780,49127
00278800,NIAGARA UNIVERSITY                      ,NY,14109-2010,Private      ,67,40,107,3656,725,4381
00279000,NYACK COLLEGE                           ,NY,10960-3698,Private      ,33,330,363,1268,1963,3231
00279100,PACE UNIVERSITY - NEW YORK              ,NY,10038-1598,Private      ,107,172,279,5755,2472,8227
00279101,PACE UNIVERSITY-PLEASANTVILLE           ,NY,10570-0000,Private      ,46,68,114,2656,781,3437
00279102,PACE UNIVERSITY - WHITE PLAINS          ,NY,10603-0000,Private      ,9,77,86,192,1769,1961
00279500,PAUL SMITHS CLG OF ARTS & SCIENCES      ,NY,12970-0000,Private      ,21,13,34,1148,125,1273
00279600,POLYTECHNIC INTSTITUTE OF NEW YORK UNIV ,NY,11201-3840,Private      ,45,80,125,1595,586,2181
00279800,PRATT INSTITUTE                         ,NY,11205-3899,Private      ,63,106,169,3847,2208,6055
00280300,RENSSELAER POLYTECHNIC INSTITUTE        ,NY,12180-3590,Private      ,84,49,133,7974,557,8531
00280500,ROBERTS WESLEYAN COLLEGE                ,NY,14624-1997,Private      ,19,115,134,1475,1027,2502
00280600,ROCHESTER INSTITUTE OF TECHNOLOGY       ,NY,14623-5608,Private      ,188,146,334,12043,2646,14689
00280700,ROCKEFELLER UNIVERSITY                  ,NY,10021-0000,Private      ,0,0,0,5,11,16
00280800,DAEMEN COLLEGE                          ,NY,14226-3592,Private      ,14,71,85,1790,760,2550
00281000,THE SAGE COLLEGES                       ,NY,12180-4199,Private      ,19,90,109,1302,1433,2735
00281200,TROCAIRE COLLEGE                        ,NY,14220-2094,Private      ,26,100,126,469,1097,1566
00281300,SARAH LAWRENCE COLLEGE                  ,NY,10708-5999,Private      ,17,8,25,1970,557,2527
00281400,SKIDMORE COLLEGE                        ,NY,12866-1632,Private      ,19,13,32,3363,119,3482
00281401,SKIDMORE COLL-UNIV WITHOUT WALLS        ,NY,12866-0000,Private      ,0,7,7,30,49,79
00281500,ST BERNARDS SCH THEOLOGY & MINISTRY     ,NY,14618-3822,Private      ,0,2,2,1,33,34
00281600,SIENA COLLEGE                           ,NY,12211-1462,Private      ,65,10,75,4463,187,4650
00281700,ST BONAVENTURE UNIVERSITY               ,NY,14778-2284,Private      ,32,22,54,2205,506,2711
00282000,ST FRANCIS COLLEGE                      ,NY,11201-4398,Private      ,63,37,100,1882,427,2309
00282100,ST JOHN FISHER COLLEGE                  ,NY,14618-3597,Private      ,22,55,77,4031,1420,5451
00282200,CHRIST THE KING SEMINARY                ,NY,14052-0607,Private      ,0,1,1,0,3,3
00282300,ST JOHN'S UNIVERSITY                    ,NY,11439-1343,Private      ,196,211,407,16522,5175,21697
00282500,ST JOSEPH'S COLLEGE                     ,NY,11205-3688,Private      ,40,77,117,911,570,1481
00282501,ST JOSEPH'S COLLEGE-SUFFOLK CAMPUS      ,NY,11772-0000,Private      ,88,108,196,2716,1122,3838
00282600,ST JOSEPH'S SEMINARY                    ,NY,10704-0000,Private      ,0,0,0,1,2,3
00282900,ST LAWRENCE UNIVERSITY                  ,NY,13617-1455,Private      ,19,7,26,2551,105,2656
00283200,ST THOMAS AQUINAS COLLEGE               ,NY,10976-1050,Private      ,38,20,58,1614,285,1899
00283300,ST VLADIMIR ORTHODOX THEOL SEM          ,NY,10707-0000,Private      ,0,4,4,0,62,62
00283400,EXCELSIOR COLLEGE                       ,NY,12203-5159,Private      ,18,665,683,20,799,819
00283500,SUNY AT ALBANY                          ,NY,12222-0001,Public       ,322,264,586,16255,4761,21016
00283600,BINGHAMTON UNIVERSITY (SUNY)            ,NY,13902-6000,Public       ,222,108,330,17152,2435,19587
00283700,SUNY AT BUFFALO                         ,NY,14260-0001,Public       ,321,302,623,18671,9094,27765
00283800,SUNY AT STONY BROOK                     ,NY,11794-0001,Public       ,399,330,729,17671,6076,23747
00283900,SUNY-DOWNSTATE MEDICAL CENTER           ,NY,11203-2098,Public       ,5,31,36,114,1698,1812
00284000,SUNY UPSTATE MEDICAL UNIVERSITY         ,NY,13210-2375,Public       ,2,10,12,143,1121,1264
00284100,SUNY BROCKPORT - FIN AID OFF            ,NY,14420-2914,Public       ,123,181,304,7801,2489,10290
00284200,BUFFALO STATE COLLEGE - SUNY            ,NY,14222-1095,Public       ,250,357,607,9284,4356,13640
00284300,SUNY COLLEGE-CORTLAND                   ,NY,13045-0900,Public       ,97,99,196,8991,1515,10506
00284400,SUNY AT FREDONIA                        ,NY,14063-1145,Public       ,108,46,154,6274,868,7142
00284500,SUNY GENESEO                            ,NY,14454-1401,Public       ,78,25,103,7794,540,8334
00284600,SUNY COLLEGE-NEW PALTZ                  ,NY,12561-2499,Public       ,150,111,261,8008,1887,9895
00284700,SUNY COLLEGE-ONEONTA                    ,NY,13820-4015,Public       ,120,44,164,8635,701,9336
00284800,SUNY OSWEGO                             ,NY,13126-3599,Public       ,114,108,222,8469,1942,10411
00284900,SUNY COLLEGE AT PLATTSBURGH             ,NY,12901-2681,Public       ,99,82,181,5844,1354,7198
00285000,SUNY COLLEGE-POTSDAM                    ,NY,13676-2294,Public       ,85,64,149,4083,964,5047
00285100,SUNY COLLEGE OF ENVIRONMENT SCIENCE AND ,NY,13210-2778,Public       ,26,28,54,1579,457,2036
00285300,SUNY MARITIME COLLEGE                   ,NY,10465-4198,Public       ,14,16,30,1057,237,1294
00285400,SUNY COLLEGE OF TECHNOLOGY-ALFRED       ,NY,14802-9951,Public       ,53,56,109,3234,693,3927
00285500,SUNY CANTON COLG OF TECHNOLOGY          ,NY,13617-1098,Public       ,49,73,122,2279,940,3219
00285600,SUNY AG & TECH COLLEGE-COBLESKILL       ,NY,12043-9986,Public       ,51,26,77,2738,383,3121
00285700,SUNY DELHI                              ,NY,13753-1190,Public       ,73,40,113,2938,464,3402
00285800,SUNY FARMINGDALE                        ,NY,11735-1021,Public       ,145,142,287,4042,1423,5465
00285900,SUNY COLLEGE OF AG & TECH AT MORRISVILLE,NY,13408-0901,Public       ,57,69,126,3040,841,3881
00286000,ADIRONDACK COMMUNITY COLLEGE            ,NY,12804-2004,Public       ,98,142,240,1524,1139,2663
00286100,CAYUGA COMMUNITY COLLEGE                ,NY,13021-3099,Public       ,105,196,301,1563,1429,2992
00286200,BROOME COMMUNITY COLLEGE                ,NY,13902-0000,Public       ,146,253,399,3081,2123,5204
00286300,CORNING COMMUNITY COLLEGE               ,NY,14830-3297,Public       ,150,205,355,1681,1619,3300
00286400,DUTCHESS COMMUNITY COLLEGE              ,NY,12601-1595,Public       ,177,204,381,2294,1370,3664
00286600,FASHION INSTITUTE OF TECHNOLOGY         ,NY,10001-5992,Public       ,197,172,369,5963,2117,8080
00286700,SUNY FULTON MONTGOMERY COMM CLG         ,NY,12095-3790,Public       ,76,75,151,1018,721,1739
00286800,HUDSON VALLEY COMMUNITY COLLEGE         ,NY,12180-6096,Public       ,359,432,791,5458,3096,8554
00286900,JAMESTOWN COMMUNITY COLLEGE             ,NY,14702-0020,Public       ,112,191,303,1967,1495,3462
00287000,JEFFERSON COMMUNITY COLLEGE             ,NY,13601-1897,Public       ,56,189,245,1261,1489,2750
00287100,"SUNY, MOHAWK VALLEY COMMUNITY CLG       ",NY,13501-5394,Public       ,189,222,411,3315,1966,5281
00287200,MONROE COMMUNITY COLLEGE                ,NY,14623-5780,Public       ,509,716,1225,7927,6401,14328
00287300,NASSAU COMMUNITY COLLEGE                ,NY,11530-6793,Public       ,515,442,957,8415,4024,12439
00287400,NIAGARA COUNTY COMMUNITY COLLEGE        ,NY,14132-9460,Public       ,208,341,549,2948,2660,5608
00287500,ONONDAGA COMMUNITY COLLEGE              ,NY,13215-4585,Public       ,296,365,661,4462,2805,7267
00287600,ORANGE COUNTY COMMUNITY COLLEGE         ,NY,10940-6441,Public       ,186,211,397,2216,1590,3806
00287700,ROCKLAND COMMUNITY COLLEGE              ,NY,10901-3611,Public       ,160,154,314,1645,1184,2829
00287800,SUFFOLK COMMUNITY COLLEGE               ,NY,11784-2899,Public       ,422,344,766,4800,2288,7088
00287801,SUFFOLK COMMUNITY CLG-W. CAMPUS         ,NY,11717-0000,Public       ,233,273,506,2393,1814,4207
00287803,SUFFOLK COMMUNITY CLG-EASTRN CAMPUS     ,NY,11901-0000,Public       ,87,97,184,828,614,1442
00287900,SULLIVAN COUNTY COMMUNITY COLLEGE       ,NY,12759-5151,Public       ,61,54,115,1112,502,1614
00288000,ULSTER COUNTY COMMUNITY COLLEGE         ,NY,12484-0557,Public       ,74,86,160,1049,703,1752
00288100,SUNY WESTCHESTER COMMUNITY COLLEGE      ,NY,10595-1698,Public       ,305,371,676,3441,2741,6182
00288200,SYRACUSE UNIVERSITY                     ,NY,13244-2130,Private      ,188,167,355,16526,4931,21457
00288300,UTICA COLLEGE OF SYRACUSE UNIV          ,NY,13502-4892,Private      ,42,89,131,2730,1146,3876
00288500,ALBANY COLLEGE OF PHARMACY AND HEALTH SC,NY,12208-3492,Private      ,10,6,16,1358,590,1948
00288600,ALBANY LAW SCHOOL                       ,NY,12208-0000,Private      ,0,9,9,15,1312,1327
00288700,ALBANY MEDICAL COLLEGE                  ,NY,12208-0000,Private      ,1,23,24,18,909,927
00288900,UNION COLLEGE                           ,NY,12308-2311,Private      ,24,3,27,2511,94,2605
00289000,UNION THEOLOGICAL SEMINARY              ,NY,10027-0000,Private      ,0,8,8,2,297,299
00289200,UNITED STATES MERCHANT MARINE ACADEMY   ,NY,11024-1699,Public       ,7,1,8,324,21,345
00289400,UNIVERSITY OF ROCHESTER                 ,NY,14627-9000,Private      ,55,64,119,6578,1338,7916
00289401,EASTMAN SCH OF MUSIC/UNIV ROCHESTER     ,NY,14604-0000,Private      ,8,3,11,734,361,1095
00289402,UNIV OF ROCHESTER SCHL OF MEDICINE      ,NY,14642-0000,Private      ,0,13,13,29,716,745
00289500,VASSAR COLLEGE                          ,NY,12604-0008,Private      ,31,6,37,3380,68,3448
00289600,VILLA MARIA COLLEGE-BUFFALO             ,NY,14225-3999,Private      ,15,30,45,338,228,566
00289900,WAGNER COLLEGE                          ,NY,10301-4495,Private      ,47,22,69,2461,263,2724
00290000,WEBB INSTITUTE                          ,NY,11542-1398,Private      ,2,0,2,55,2,57
00290100,WELLS COLLEGE                           ,NY,13026-0500,Private      ,7,1,8,831,74,905
00290300,YESHIVA UNIVERSITY                      ,NY,10033-3201,Private      ,69,82,151,1793,2638,4431
00290302,YESHIVA UNIVERSITY - BRONX CAMPUS       ,NY,10461-1975,Private      ,1,35,36,13,1056,1069
00397400,MESIVTHA TIFERETH JERUSALEM OF AMER     ,NY,10002-6382,Private      ,24,0,24,26,1,27
00397600,RABBINICAL ACAD MESIVTA RABBI CHAIM     ,NY,11230-4715,Private      ,1,0,1,4,0,4
00397700,RABBINICAL COLLEGE CH'SAN SOFER         ,NY,11204-1252,Private      ,15,9,24,16,9,25
00397800,RABBINICAL SEMINARY OF AMERICA          ,NY,11375-0000,Private      ,9,8,17,14,25,39
00397900,COLUMBIA UNIV TEACHERS COLLEGE          ,NY,10027-0000,Private      ,3,141,144,22,3536,3558
00405400,HEBREW UNION COL-JEWISH INST OF REL     ,NY,10012-0000,Private      ,0,0,0,0,86,86
00455301,ITT TECHNICAL INSTITUTE                 ,NY,12205-0000,Proprietary  ,29,67,96,177,323,500
00475900,"CUNY, YORK COLLEGE                      ",NY,11451-0001,Public       ,212,281,493,4499,2950,7449
00476500,CUNY GRADUATE SCH & UNIV CTR            ,NY,10016-4309,Public       ,8,153,161,38,2000,2038
00477600,CENTRAL YESHIVA TOMCHEI TMIMIM LUBA     ,NY,11230-2798,Private      ,119,43,162,140,54,194
00478800,HERKIMER COUNTY COMMUNITY COLLEGE       ,NY,13350-1598,Public       ,103,86,189,1962,896,2858
00479800,MIRRER YESHIVA CENTRAL INST             ,NY,11223-2010,Private      ,15,4,19,72,51,123
00479900,MONROE COLLEGE                          ,NY,10468-4305,Proprietary  ,234,447,681,3044,5583,8627
00481100,EVEREST INSTITUTE                       ,NY,14621-3007,Proprietary  ,74,460,534,452,2398,2850
00506401,ST JAMES MERCY HOSP SCH OF RAD          ,NY,14843-2197,Private      ,0,0,0,16,14,30
00506600,FAXTON ST. LUKE'S SCHOOL OF RADIOGRAPHY ,NY,13502-4856,Private      ,0,0,0,21,10,31
00520800,THE COLLEGE OF WESTCHESTER              ,NY,10602-0000,Proprietary  ,82,74,156,763,594,1357
00587700,ROBERT J HOCHSTIM SCHOOL OF RADIOG      ,NY,11572-1151,Private      ,0,0,0,0,9,9
00643501,ARNOT OGDEN MEDICAL CENTER              ,NY,14905-1676,Private      ,1,1,2,23,38,61
00643800,PHILLIPS BETH ISRAEL SCH OF NURSING     ,NY,10001-6354,Private      ,5,15,20,75,271,346
00644300,COCHRAN SCH NSG-ST JOHN RVSDE HOSP      ,NY,10701-1399,Private      ,8,31,39,72,393,465
00644500,CROUSE HOSP SCH OF NURSING              ,NY,13210-1690,Private      ,4,24,28,114,241,355
00644800,ELLIS HOSPITAL SCHOOL OF NURSING        ,NY,12308-0000,Private      ,0,12,12,22,105,127
00646101,ST ELIZABETH COLLEGE OF NURSING         ,NY,13501-2998,Private      ,1,7,8,87,136,223
00646102,ST ELIZABETH SCH OF RADIOGRAPHY         ,NY,13501-0000,Private      ,0,1,1,9,13,22
00646700,SAINT JOSEPH'S COLLEGE OF NURSING       ,NY,13203-1806,Private      ,0,6,6,158,220,378
00678200,GENESEE COMMUNITY COLLEGE               ,NY,14020-9704,Public       ,116,201,317,2346,1779,4125
00678500,SCHENECTADY COUNTY COMMUNITY CLG        ,NY,12305-2294,Public       ,113,149,262,1550,1378,2928
00678700,CLINTON COMMUNITY COLLEGE               ,NY,12901-5690,Public       ,41,63,104,1000,591,1591
00678800,TOMPKINS CORTLAND COMMUNITY COLLEGE     ,NY,13053-8504,Public       ,121,128,249,1998,1113,3111
00678900,COLUMBIA-GREENE COMMUNITY COLLEGE       ,NY,12534-9543,Public       ,48,57,105,826,535,1361
00679100,SUNY AT PURCHASE                        ,NY,10577-1400,Public       ,79,47,126,5376,875,6251
00702200,CUNY-LEHMAN COLLEGE                     ,NY,10468-1589,Public       ,372,473,845,7484,6034,13518
00702600,"MT SINAI SCH OF MEDICINE, NY UNIV       ",NY,10029-0000,Private      ,0,18,18,6,895,901
00710900,SUNY COLLEGE-OLD WESTBURY               ,NY,11568-0210,Public       ,87,106,193,3676,1257,4933
00711100,NORTH COUNTRY COMMUNITY COLLEGE         ,NY,12983-2046,Public       ,34,59,93,688,555,1243
00726400,MESIFTA TORAH VODAATH RABBINCAL SEM     ,NY,11218-5209,Private      ,18,33,51,21,48,69
00727300,CUNY-BERNARD BARUCH COLLEGE             ,NY,10010-5518,Public       ,438,481,919,11512,5520,17032
00730400,CULINARY INSTITUTE OF AMERICA           ,NY,12538-1499,Private      ,176,148,324,2523,1114,3637
00737200,AUSTIN'S SCHOOL OF SPA TECHNOLOGY       ,NY,12206-1513,Proprietary  ,14,54,68,61,138,199
00737500,ISLAND DRAFTING & TECHNICAL INST        ,NY,11701-2704,Proprietary  ,7,14,21,77,76,153
00738700,LONG ISLAND BEAUTY SCHOOL               ,NY,11788-4346,Proprietary  ,20,23,43,74,106,180
00738800,LONG ISLAND BEAUTY SCHOOL               ,NY,11550-3704,Proprietary  ,8,30,38,41,122,163
00739100,BEAUTY SCHOOL OF MIDDLETOWN             ,NY,10940-6574,Proprietary  ,10,16,26,41,76,117
00739400,BERKELEY COLLEGE                        ,NY,10017-0000,Proprietary  ,138,195,333,1947,1598,3545
00739402,BERKELEY COLLEGE-WESTCHESTER CAMPUS     ,NY,10601-1533,Proprietary  ,42,32,74,725,278,1003
00739800,KATHARINE GIBBS SCHOOL                  ,NY,10018-2602,Proprietary  ,155,252,407,1494,2336,3830
00740100,MANDL SCHOOL                            ,NY,10019-5516,Proprietary  ,26,104,130,137,652,789
00740500,WOOD TOBE-COBURN SCHOOL                 ,NY,10016-0102,Proprietary  ,4,0,4,536,101,637
00746500,AMERICAN ACADEMY OF DRAMATIC ARTS       ,NY,10016-7089,Private      ,14,9,23,280,96,376
00746600,LIM COLLEGE                             ,NY,10022-5268,Proprietary  ,40,9,49,1131,97,1228
00746800,SCHOOL OF VISUAL ARTS                   ,NY,10010-3994,Proprietary  ,66,43,109,3165,1229,4394
00750602,LINCOLN TECHNICAL INSTITUTE             ,NY,11357-6092,Proprietary  ,62,24,86,456,181,637
00751800,APEX TECHNICAL SCHOOL                   ,NY,10011-2008,Proprietary  ,180,338,518,562,1203,1765
00752200,CONTINENTAL SCH OF BEAUTY CULTURE       ,NY,14623-3231,Proprietary  ,36,98,134,120,335,455
00753200,FINGER LAKES COMMUNITY COLLEGE          ,NY,14424-8395,Public       ,126,196,322,2408,1590,3998
00757200,AMERICAN MUSICAL AND DRAMATIC ACAD      ,NY,10023-2106,Private      ,30,16,46,1251,234,1485
00757300,EMPIRE BEAUTY SCHOOL                    ,NY,11103-4028,Proprietary  ,20,35,55,80,172,252
00780400,CAREER ACADEMY OF NEW YORK              ,NY,10011-7307,Proprietary  ,33,117,150,146,428,574
00818900,CONTINENTAL SCH OF BEAUTY CULTURE       ,NY,14223-0000,Proprietary  ,1,1,2,10,9,19
00818902,CONTINENTAL SCHOOL OF BEAUTY CULTURE  - ,NY,14224-3402,Proprietary  ,0,1,1,6,3,9
00843500,INTERBORO INSTITUTE                     ,NY,10019-3604,Proprietary  ,162,154,316,1734,2241,3975
00843700,CHAMPLAIN VALLEY - TEC/PRN              ,NY,12901-0000,Public       ,0,1,1,13,37,50
00849500,JAMESTOWN BUSINESS COLLEGE              ,NY,14702-0429,Proprietary  ,12,28,40,140,245,385
00861100,"CUNY, HOSTOS CMTY COLLEGE               ",NY,10451-1499,Public       ,235,469,704,2470,3769,6239
00861400,RABBINICAL CLG BOBOVER YESHIVA BNEI     ,NY,11219-3293,Private      ,77,21,98,77,21,98
00861700,RABBINICAL SEM MKOR CHAIM-YESHIVA       ,NY,11219-4300,Private      ,8,0,8,8,1,9
00878800,SUNY-STUDENT LOAN SERVICE CENTER        ,NY,12144-3440,Public       ,1,1,2,186,87,273
00900300,OLEAN BUSINESS INSTITUTE INC            ,NY,14760-2691,Proprietary  ,1,5,6,25,87,112
00902900,NEIGHBORHOOD PLAYHOUSE                  ,NY,10022-5017,Private      ,0,2,2,19,12,31
00904300,ELMIRA BUSINESS INSTITUTE               ,NY,14901-2731,Proprietary  ,21,84,105,113,679,792
00907700,UTICA SCHOOL OF COMMERCE                ,NY,13501-2280,Proprietary  ,6,37,43,145,304,449
00924800,SAMARITAN HOSPITAL SCH NURSING          ,NY,12180-2475,Private      ,2,20,22,54,143,197
00928300,MIDWAY-PARIS BEAUTY SCHOOL              ,NY,11385-3453,Proprietary  ,7,30,37,12,57,69
00928400,LEARNING INST FOR BEAUTY SCIENCES       ,NY,11756-1345,Proprietary  ,20,70,90,66,180,246
00933500,MESIVTA EASTERN PKWY RABBINICAL CLG     ,NY,11218-5559,Private      ,25,6,31,25,6,31
00947900,SAINT VINCENTS CMC SI NURSING SCHOOL    ,NY,10304-3850,Proprietary  ,1,9,10,41,90,131
00947901,SAINT VINCENTS CMC SI PHYS ASSIST PROG  ,NY,10304-3850,Proprietary  ,0,0,0,1,6,7
00976900,METROPOLITAN COLLEGE OF NEW YORK        ,NY,10013-1919,Private      ,16,120,136,128,1431,1559
00992900,SUNY COLLEGE OF OPTOMETRY               ,NY,10036-8003,Public       ,0,5,5,14,310,324
01005100,LA GUARDIA CMTY COLLEGE - CUNY          ,NY,11101-3083,Public       ,473,467,940,6429,5523,11952
01005200,JEFFERSON-LEWIS BOCES PRAC NRSGPRG      ,NY,13601-9509,Public       ,2,11,13,16,83,99
01009700,CUNY-MEDGAR W EVERS COLLEGE             ,NY,11225-2010,Public       ,179,348,527,2664,3817,6481
01014200,TOURO COLLEGE                           ,NY,10010-4202,Private      ,309,888,1197,2992,10701,13693
01014700,WESTERN SUFFOLK BOCES                   ,NY,11768-3499,Public       ,4,22,26,48,193,241
01015300,HELENE FULD COL OF NRSNG/N GEN HOSP     ,NY,10035-0000,Private      ,7,114,121,18,367,385
01028600,EMPIRE STATE COLLEGE                    ,NY,12866-4391,Public       ,77,1045,1122,567,8794,9361
01037800,RABBINICAL COLLEGE OF LONG ISLAND       ,NY,11561-3244,Private      ,9,0,9,27,0,27
01054900,KEHILATH YAKOV RABBINICAL SEMINARY      ,NY,10562-1001,Private      ,26,7,33,26,7,33
01055100,NEW YORK SCH MED & DENTAL ASSISTANT     ,NY,11101-2327,Proprietary  ,20,50,70,152,325,477
01064100,SOUTHERN WESTCHESTER BOCES              ,NY,10543-0000,Public       ,1,4,5,11,112,123
01068400,ERIE COMMUNITY COLLEGE-ALL CAMPUSES     ,NY,14203-2698,Public       ,473,673,1146,6692,5730,12422
01081300,AMERICAN ACAD MCALLISTER INST           ,NY,10019-3604,Private      ,1,27,28,57,195,252
01083700,SIMMONS INST OF FUNERAL SERVICE         ,NY,13207-2098,Proprietary  ,0,6,6,24,27,51
01093000,SUBURBAN TECHNICAL SCHOOL               ,NY,11550-3771,Proprietary  ,6,62,68,51,130,181
01094300,RABBINICAL COLLEGE BETH SHRAGA          ,NY,10952-3033,Private      ,7,0,7,15,0,15
01095200,PNW BOCES LPN PROGRAM                   ,NY,10598-0000,Public       ,1,10,11,9,76,85
01103100,TECHNICAL CAREER INSTITUTE              ,NY,10001-2789,Proprietary  ,228,398,626,1831,3025,4856
01118900,UNITED TALMUDICAL SEMINARY              ,NY,11211-7984,Private      ,188,0,188,188,0,188
01161400,CHAMPLAIN VALLEY HOSP SCH RAD TECH      ,NY,12901-1490,Private      ,2,0,2,15,9,24
01164700,SBI CAMPUS - AN AFFILIATE OF SANFORD-BRO,NY,11747-3785,Proprietary  ,71,111,182,365,536,901
01167000,YESHIVA OF NITRA RABBINICAL COLLEGE     ,NY,11211-7108,Private      ,36,0,36,36,0,36
01167700,MEMORIAL SLOAN KETTERING CANCER CTR     ,NY,10021-6094,Private      ,0,0,0,3,10,13
01167800,SUNY INST OF TECHNOLOGY UTICA ROME      ,NY,13504-3050,Public       ,30,77,107,1311,944,2255
01182100,YESHIVATH ZICHRON MOSHE                 ,NY,12779-0580,Private      ,32,5,37,60,6,66
01183000,BERK TRADE AND BUSINESS SCHOOL          ,NY,11101-0000,Proprietary  ,13,43,56,32,130,162
01185900,WORD OF LIFE BIBLE INSTITUTE            ,NY,12860-0129,Private      ,23,6,29,421,76,497
01186000,MERCY MED CNTR SCHL OF RADIOGRAPHY      ,NY,11570-1098,Private      ,0,0,0,4,2,6
01192100,WESTCHESTER SCH OF BEAUTY CULTURE       ,NY,10550-2295,Proprietary  ,5,9,14,12,47,59
01198400,OHR HAMEIR THEOLOGICAL SEMINARY         ,NY,10566-0990,Private      ,32,0,32,33,0,33
01201100,TALMUDICAL SEM OHOLEI TORAH             ,NY,11213-3310,Private      ,114,0,114,153,1,154
01207200,PHILLIPS HAIRSTYLING INSTITUTE          ,NY,13210-1509,Proprietary  ,4,21,25,42,125,167
01210700,INSTITUTE OF DESIGN & CONSTRUCTION      ,NY,11201-5380,Private      ,2,7,9,36,85,121
01220300,MEMORIAL HOSPITAL SCH OF NURSING        ,NY,12204-1083,Private      ,4,11,15,26,120,146
01227700,NEW YORK CHIROPRACTIC COLLEGE           ,NY,13148-0800,Private      ,0,34,34,10,699,709
01229300,VEEB NASSAU CNTY SCHL OF PRACT NURS     ,NY,11553-3037,Public       ,1,1,2,34,185,219
01235800,PLAZA COLLEGE                           ,NY,11372-6300,Proprietary  ,74,105,179,372,771,1143
01236400,SAINT VINCENTS CATHOLIC MEDICAL CENTERS ,NY,11354-0000,Proprietary  ,4,9,13,24,126,150
01240700,SCHUYLER-CHEMUNG-TIOGA BOCES            ,NY,14903-1089,Public       ,0,12,12,12,103,115
01240701,STEUBEN SCHUYLER CHEMUNG TIOGA ALLEGANY ,NY,14870-9518,Public       ,0,0,0,15,95,110
01256100,FIVE TOWNS COLLEGE                      ,NY,11746-5871,Proprietary  ,57,23,80,1155,228,1383
01258900,ERIE 1 BOCES                            ,NY,14224-0000,Public       ,4,20,24,33,158,191
01265200,ONONDAGA CORTLAND MADISON BOCES         ,NY,13090-4500,Public       ,9,63,72,92,409,501
01278300,OSWEGO COUNTY BOCES ADULT CAREERS       ,NY,13114-4498,Public       ,2,7,9,29,70,99
01292700,CENTRAL TECH NURSING PROGRAM            ,NY,13202-3092,Public       ,3,30,33,14,83,97
01302600,MACHZIKEI HADATH RABBINICAL COLLEGE     ,NY,11204-1805,Private      ,9,0,9,10,0,10
01302900,BORICUA COLLEGE                         ,NY,10032-1599,Private      ,48,115,163,318,1084,1402
02056400,CAPRI COSMETOLOGY LEARNING CENTER       ,NY,10954-0000,Proprietary  ,16,30,46,42,67,109
02066200,THE NEW SCHOOL                          ,NY,10011-0000,Private      ,114,293,407,4062,4587,8649
02069000,NEW YORK SCHOOL OF INTERIOR DESIGN      ,NY,10021-0000,Private      ,8,26,34,134,166,300
02075700,BRIARCLIFFE COLLEGE                     ,NY,11714-0000,Proprietary  ,57,86,143,1217,773,1990
02075702,BRIARCLIFFE COLLEGE - PATCHOGUE         ,NY,11772-3019,Proprietary  ,42,48,90,791,543,1334
02092400,RIDLEY-LOWELL SCHOOL OF BUSINESS        ,NY,13905-0000,Proprietary  ,2,27,29,26,116,142
02093700,LONG ISLAND BUSINESS INSTITUTE          ,NY,11725-0000,Proprietary  ,93,225,318,357,1160,1517
02098400,HERKIMER COUNTY BOCES                   ,NY,13350-0000,Public       ,1,4,5,24,76,100
02104300,OTSEGO AREA SCHOOL OF PRAC NURSING      ,NY,13820-0000,Public       ,0,0,0,11,32,43
02105900,HAIR DESIGN INSTITUTE AT FIFTH AVE      ,NY,11220-0000,Proprietary  ,8,15,23,16,49,65
02106800,BRAMSON ORT COLLEGE                     ,NY,11375-0000,Private      ,131,95,226,289,368,657
02110900,CATTARAUGUS/ALLEGANY BOCES              ,NY,14760-0000,Public       ,0,1,1,32,104,136
02116011,SANFORD-BROWN INSTITUTE - NEW YORK      ,NY,10003-2103,Proprietary  ,70,270,340,337,1104,1441
02118700,LONG ISLAND COLLEGE HOSPITAL - SCHOOL OF,NY,11201-6001,Private      ,5,13,18,111,240,351
02118702,LONG ISLAND COLLEGE HOSPITAL - SCHOOL OF,NY,11201-6001,Private      ,1,2,3,30,25,55
02124000,ORANGE ULSTER BOCES SCH OF PRAC NRS     ,NY,10924-9401,Public       ,3,10,13,32,99,131
02125500,CIRCLE IN THE SQUARE THEATRE SCHOOL     ,NY,10019-0000,Private      ,0,2,2,47,49,96
02126300,MADISON-ONEIDA BOCES PRAC NRS           ,NY,13478-0000,Public       ,0,1,1,14,120,134
02138500,BOCES RENSSELAER SCH OF PRAC NRSG       ,NY,12033-3221,Public       ,0,2,2,15,86,101
02145800,CAYUGA ONONDAGA BOCES                   ,NY,13021-9430,Public       ,0,0,0,11,60,71
02146000,WAYNE-FINGER LAKES BOCES                ,NY,14513-0000,Public       ,1,1,2,32,134,166
02152000,YESHIVA SHAAR HATORAH ITRI TORAH        ,NY,11418-0000,Private      ,0,0,0,0,3,3
02153600,BROOME-TIOGA BOCES PN PROG              ,NY,13905-0000,Public       ,0,1,1,12,65,77
02157900,ROCHESTER GENERAL HOSPITAL              ,NY,14621-3001,Private      ,2,2,4,14,106,120
02158200,WSHNGTN-SARTGA-WARN-HMLTN-ESX BOCES     ,NY,12839-1051,Public       ,0,3,3,22,116,138
02160100,GENEVA GENERAL HOSPITAL                 ,NY,14456-0000,Private      ,0,1,1,17,44,61
02163400,NEW YORK CAREER INSTITUTE               ,NY,10007-2801,Proprietary  ,18,49,67,169,470,639
02169100,DAVIS COLLEGE                           ,NY,13790-0000,Private      ,9,5,14,153,84,237
02170000,SWEDISH INSTITUTE                       ,NY,10001-0000,Proprietary  ,12,86,98,69,591,660
02170200,ALBANY SCHOHARIE SCHENECTADY            ,NY,12205-0000,Public       ,3,21,24,29,133,162
02171900,AILEY SCHOOL (THE)                      ,NY,10019-4402,Private      ,2,2,4,68,33,101
02172100,HAMILTON-FULTON-MONTGOMERY BOCES        ,NY,12095-0000,Public       ,4,8,12,36,36,72
02172800,DUTCHESS COUNTY BOCES SCH PRAC NURS     ,NY,12601-0000,Public       ,3,27,30,29,128,157
02173200,EMPIRE BEAUTY SCHOOL                    ,NY,10001-0000,Proprietary  ,65,138,203,417,722,1139
02173900,ULSTER COUNTY BOCES PRACTICAL NRSG      ,NY,12466-0000,Public       ,4,42,46,25,121,146
02176000,CHERYL FELL'S SCHOOL OF BUSINESS        ,NY,14304-0000,Proprietary  ,4,5,9,9,20,29
02179400,EASTERN SUFFOLK BOCES                   ,NY,11713-0000,Public       ,2,6,8,95,355,450
02179401,HARRY B WARD TECH CTR-EAST SUF BOCE     ,NY,11901-0000,Public       ,0,0,0,1,1,2
02182200,NEW SCHOOL OF RADIO & TELEVISION        ,NY,12206-1106,Proprietary  ,6,6,12,26,28,54
02191600,TORAH TEMIMAH TALMUDICAL SEMINARY       ,NY,11218-0000,Private      ,20,0,20,23,0,23
02192500,BELLEVUE HOSP CTR SCH RAD TECH          ,NY,10016-0000,Public       ,0,2,2,12,23,35
02193700,SAINT LAWRENCE LEWIS COUNTY BOCES       ,NY,13617-0000,Public       ,1,1,2,67,34,101
02193701,SAINT LAWRENCE LEWIS COUNTY BOCES - NORT,NY,13669-0798,Public       ,0,0,0,2,0,2
02193702,SAINT LAWRENCE LEWIS COUNTY BOCES - SOUT,NY,13642-0342,Public       ,0,0,0,1,2,3
02193703,SAINT LAWRENCE LEWIS COUNTY BOCES - ADUL,NY,13668-3238,Public       ,0,0,0,1,2,3
02199300,ORLEANS-NIAGARA BOCES                   ,NY,14132-0000,Public       ,1,10,11,13,37,50
02206000,HUNTER BUSINESS SCHOOL                  ,NY,11756-0000,Proprietary  ,20,131,151,92,416,508
02206001,HUNTER BUSINESS SCHOOL -                ,NY,11763-0000,Proprietary  ,1,4,5,9,12,21
02217800,D.HOPFER SCH NURSING AT MT.VRN HOSP     ,NY,10550-0000,Private      ,2,38,40,26,246,272
02219500,MILDRED ELLEY                           ,NY,12206-1513,Proprietary  ,36,157,193,166,765,931
02235600,ERIE 2-CHAUTAUQUA-CATTARAUGUS BOCES     ,NY,14006-0000,Public       ,5,50,55,21,143,164
02265100,YESHIVA DERECH CHAIM                    ,NY,11218-0000,Private      ,18,4,22,21,9,30
02265200,GLOBAL BUSINESS INSTITUTE               ,NY,11691-0000,Private      ,72,131,203,230,722,952
02272900,ROCKLAND COUNTY BOCES PRAC NRSG SCH     ,NY,10994-0000,Public       ,0,0,0,13,62,75
02275900,"MODERN WELDING SCHOOL, INC.             ",NY,12304-0000,Proprietary  ,15,30,45,51,65,116
02287800,NATIONAL TRACTOR TRAILER SCHOOL         ,NY,13088-2505,Proprietary  ,6,68,74,12,172,184
02294900,INSTITUTE OF AUDIO RESEARCH             ,NY,10003-0000,Proprietary  ,82,48,130,420,266,686
02306500,PROFESSIONAL BUSINESS INSTITUTE         ,NY,10002-0000,Private      ,96,93,189,491,672,1163
02314200,NORTHERN WESTCHESTER SCH COSMETOL       ,NY,10566-0000,Proprietary  ,5,8,13,12,21,33
02325600,NEW YORK INSTITUTE OF ENGLISH & BUS     ,NY,10001-0000,Private      ,11,72,83,66,290,356
02348700,CAREER BLAZERS LEARNING CENTER          ,NY,10017-0000,Proprietary  ,0,1,1,16,211,227
02349700,RABBINICAL SEMINARY ADAS YEREIM         ,NY,11211-0000,Private      ,0,7,7,2,7,9
02350600,YESHIVA AND KOLLEL HARBOTZAS TORAH      ,NY,11230-0000,Private      ,0,5,5,0,7,7
02454300,NEW YORK UNIVERSITY SCHOOL OF MEDICINE  ,NY,10016-6497,Private      ,13,9,22,165,1036,1201
02491400,SPANISH AMERICAN INSTITUTE              ,NY,10036-0000,Private      ,1,11,12,6,25,31
02505800,YESHIVA KARLIN STOLIN RAB INSTITUTE     ,NY,11204-0000,Private      ,1,21,22,1,21,22
02505900,SH-OR YOSHUV RABBINICAL COLLEGE         ,NY,11691-0000,Private      ,4,4,8,10,6,16
02506000,ASSOCIATED BETH RIVKAH SCHOOLS          ,NY,11225-0000,Private      ,19,8,27,44,9,53
02506100,CITY UNIV OF NEW YORK-CENTRAL           ,NY,10021-0000,Public       ,13,18,31,384,236,620
02506200,MERCE CUNNINGHAM STUDIO                 ,NY,10014-0000,Private      ,0,3,3,1,4,5
02506800,YESHIVAT MIKDASH MELECH                 ,NY,11230-0000,Private      ,5,1,6,30,10,40
02511500,JOFFREY BALLET SCHOOL                   ,NY,10011-0000,Proprietary  ,0,0,0,27,1,28
02513500,MAR JON SCHOOL OF BEAUTY CULTURE        ,NY,14150-0000,Proprietary  ,4,17,21,23,45,68
02525600,ART INSTITUTE OF NEW YORK CITY (THE)    ,NY,10013-2429,Proprietary  ,165,166,331,1663,1127,2790
02540800,"GLOBE INSTITUTE OF TECHNOLOGY, INC.     ",NY,10007-0000,Proprietary  ,0,0,0,212,514,726
02546000,TRI-STATE COLLEGE OF ACUPUNCTURE        ,NY,10011-0000,Proprietary  ,0,6,6,0,142,142
02546300,YESHIVA OF THE TELSHE ALUMNI            ,NY,10471-0000,Private      ,0,0,0,1,0,1
02550600,TALMUDICAL INST OF UPSTATE NY           ,NY,14607-0000,Private      ,2,2,4,6,2,8
02556700,SEMINAR L'MOROS BAIS YAAKOV             ,NY,11219-0000,Private      ,226,0,226,232,0,232
02572900,BUSINESS INFORMATICS CENTER             ,NY,11580-0000,Proprietary  ,5,4,9,34,89,123
02575400,FRENCH CULINARY INSTITUTE               ,NY,10013-2618,Proprietary  ,22,78,100,166,337,503
02587600,ORLO SCH HAIR DESIGN & COSMETOLOGY      ,NY,12206-1723,Proprietary  ,17,8,25,84,60,144
02599400,NEW YORK COLLEGE OF HEALTH PROFESSIONS  ,NY,11791-4413,Private      ,15,77,92,141,633,774
02600100,NEW YORK ACADEMY OF ART (THE)           ,NY,10013-2911,Private      ,4,4,8,41,126,167
02614900,SANFORD-BROWN INSTITUTE                 ,NY,10604-2910,Proprietary  ,27,93,120,136,494,630
02615001,SANFORD-BROWN INSTITUTE - GARDEN CITY   ,NY,11530-4734,Proprietary  ,1,3,4,11,27,38
02616600,SHEAR EGO INTL SCH OF HAIR DESIGN       ,NY,14617-3501,Proprietary  ,5,18,23,27,48,75
02617000,CONTINENTAL SCH OF BEAUTY CULTURE       ,NY,14020-1908,Proprietary  ,10,27,37,28,96,124
02617001,CONTINENTAL SCHOOL OF BEAUTY CULTURE - O,NY,14760-2618,Proprietary  ,0,0,0,2,2,4
02622900,BAIS MEDRASH ELYON                      ,NY,10952-3013,Private      ,1,2,3,1,2,3
03000100,YESHIVA GEDOLAH IMREI YOSEF DSPINKA     ,NY,11219-4696,Private      ,0,89,89,0,89,89
03007200,DANCE THEATRE OF HARLEM                 ,NY,10031-0000,Private      ,1,0,1,10,3,13
03027701,PACIFIC COLLEGE OF ORIENTAL MEDICINE - N,NY,10010-7108,Proprietary  ,0,54,54,4,327,331
03081600,DELAWARE CHENANGO MADISON OT. BOCES     ,NY,13815-9554,Public       ,0,3,3,13,52,65
03088500,NEW YORK INTERNATIONAL BEAUTY SCH       ,NY,10019-0000,Proprietary  ,14,32,46,47,206,253
03089700,COMPUTER CAREER CENTER                  ,NY,11530-3334,Proprietary  ,73,284,357,219,835,1054
03095500,ASA INST BUSINESS & COMPUTER TECH       ,NY,11201-5208,Proprietary  ,187,523,710,945,3483,4428
03096200,CHARLES STUART SCHOOL                   ,NY,11229-2004,Proprietary  ,2,9,11,5,32,37
03099100,SUNBRIDGE COLLEGE                       ,NY,10977-0000,Private      ,0,5,5,1,72,73
03103700,ADIRONDACK BEAUTY SCHOOL                ,NY,12801-3158,Proprietary  ,4,5,9,18,22,40
03104900,SULLIVAN COUNTY BOCES                   ,NY,12754-2116,Public       ,0,2,2,12,46,58
03111100,NEW YORK PARALEGAL SCHOOL               ,NY,10007-0000,Proprietary  ,8,40,48,16,136,152
03115300,GENESEE VALLEY BOCES                    ,NY,14020-1099,Public       ,9,56,65,21,102,123
03120700,NEW YORK CONSERVATORY FOR DRAMATIC ARTS ,NY,10011-4225,Proprietary  ,16,4,20,319,110,429
03127100,YESHIVAS NOVOMINSK                      ,NY,11219-0000,Private      ,23,0,23,24,1,25
03129200,RABBINICAL CLG OHR SHIMAR YISROEL       ,NY,11211-8102,Private      ,38,28,66,38,28,66
03169300,STUDIO JEWELERS                         ,NY,10016-4112,Proprietary  ,0,1,1,4,11,15
03172400,CALIBER TRAINING INSTITUTE              ,NY,10018-6504,Proprietary  ,54,263,317,177,812,989
03181400,MERKAZ BNOS                             ,NY,11204-0000,Private      ,0,44,44,3,200,203
03191300,CUNY SCHOOL OF LAW @ QUEENS COLLEGE     ,NY,11367-0000,Public       ,5,14,19,96,981,1077
03193300,MANHATTAN SCHOOL OF COMPUTER TECH       ,NY,11230-1617,Private      ,1,10,11,15,110,125
03203300,NEW YORK INSTITUTE OF MASSAGE           ,NY,14221-6021,Proprietary  ,9,23,32,59,182,241
03208300,GRACE INSTITUTE OF BUSINESS TECH        ,NY,11201-2303,Private      ,0,0,0,20,71,91
03216300,UNIFICATION THEOLOGICAL SEMINARY        ,NY,12507-5021,Private      ,0,0,0,0,9,9
03315300,HARLEM SCHOOL OF TECHNOLOGY             ,NY,10027-4426,Proprietary  ,3,18,21,7,31,38
03328300,FRANKLIN CAREER INSTITUTE               ,NY,11550-3003,Private      ,27,88,115,179,476,655
03342400,AMERICAN BARBER INSTITUTE               ,NY,10001-5271,Proprietary  ,12,24,36,44,83,127
03358300,ALLEN SCHOOL                            ,NY,11432-4901,Proprietary  ,61,249,310,243,924,1167
03361500,WILLSEY INSTITUTE                       ,NY,10301-1989,Proprietary  ,4,18,22,11,56,67
03380300,CULINARY ACADEMY OF LONG ISLAND         ,NY,11791-5311,Proprietary  ,15,21,36,62,137,199
03419400,NORTHEASTERN SEMINARY                   ,NY,14624-1997,Private      ,0,5,5,1,89,90
03426400,ANTHEM INSTITUTE                        ,NY,10018-0000,Proprietary  ,68,146,214,450,942,1392
03433500,LIA SCHORR INSTITUTE OF COSMETIC SK     ,NY,10022-2614,Proprietary  ,3,10,13,10,37,47
03443300,NEW YORK COLLEGE OF TRADITIONAL CHINESE ,NY,11501-0000,Private      ,1,12,13,4,63,67
03496300,YESHIVA SHAAREI TORAH OF ROCKLAND       ,NY,10901-4003,Private      ,0,0,0,3,0,3
03537300,NEW YORK AUTOMOTIVE & DIESEL INSTIT     ,NY,11101-0000,Proprietary  ,60,103,163,261,449,710
03568300,LEON STUDIO ONE SCHOOL OF HAIR DESI     ,NY,14221-5323,Proprietary  ,5,22,27,42,74,116
03651300,SAINT JOSEPH'S MEDICAL CENTER SCHOO     ,NY,10701-4080,Private      ,4,10,14,8,13,21
03652300,METROPOLITAN LEARNING INSTITUTE         ,NY,11375-0000,Private      ,2,74,76,15,425,440
03691300,USA BEAUTY SCHOOL INTERNATIONAL         ,NY,10013-3530,Proprietary  ,7,54,61,21,175,196
03713300,BEIS MEDRASH HEICHAL DOVID              ,NY,11691-4433,Private      ,0,0,0,3,0,3
03773300,CENTER FOR NATURAL WELLNESS SCHOOL OF MA,NY,12205-1601,Proprietary  ,1,19,20,34,101,135
03802300,UTA MESIVTA OF KIRYAS JOEL              ,NY,10950-2169,Private      ,347,61,408,347,152,499
03819400,HUDSON VALLEY SCHOOL OF ADVANCED AESTHET,NY,12493-0000,Proprietary  ,9,6,15,35,31,66
03839300,AVEDA INSTITUTE NEW YORK                ,NY,10013-1522,Proprietary  ,9,34,43,67,136,203
03881300,UNION GRADUATE COLLEGE                  ,NY,12308-3103,Private      ,1,15,16,5,151,156
03903400,AMERICAN BEAUTY SCHOOL                  ,NY,10462-8003,Proprietary  ,7,54,61,27,164,191
03941400,ELITE ACADEMY OF BEAUTY ARTS            ,NY,11223-1630,Proprietary  ,6,40,46,13,93,106
03983300,"SCHOOL OF PROFESSIONAL HORTICULTURE, AT ",NY,10458-5126,Private      ,0,1,1,0,6,6
04043300,ACE COMPUTER TRAINING CENTER            ,NY,11375-5337,Proprietary  ,0,3,3,1,8,9
04095300,KING'S COLLEGE (THE)                    ,NY,10018-0110,Private      ,1,1,2,2,2,4
04102300,NEW AGE TRAINING                        ,NY,10018-0000,Proprietary  ,1,3,4,14,44,58
04123300,HUDSON VALLEY SCHOOL OF MASSAGE THERAPY ,NY,12493-0000,Proprietary  ,2,16,18,2,16,18
00267808,BRYANT & STRATTON COLLEGE - PARMA       ,OH,44130-0000,Proprietary  ,46,287,333,510,2479,2989
00301000,ANTIOCH UNIVERSITY                      ,OH,45387-1608,Private      ,3,8,11,508,116,624
00301001,ANTIOCH UNIVERSITY MCGREGOR             ,OH,45387-0000,Private      ,1,65,66,12,696,708
00301010,ANTIOCH UNIVERSITY                      ,OH,45387-0000,Private      ,0,5,5,25,119,144
00301100,ART ACADEMY OF CINCINNATI               ,OH,45202-7106,Private      ,10,5,15,211,76,287
00301200,ASHLAND UNIVERSITY                      ,OH,44805-3799,Private      ,35,281,316,3071,2700,5771
00301300,ATHENAEUM OF OHIO                       ,OH,45230-2000,Private      ,1,0,1,2,4,6
00301400,BALDWIN-WALLACE COLLEGE                 ,OH,44017-2088,Private      ,57,73,130,4030,1268,5298
00301600,BLUFFTON UNIVERSITY                     ,OH,45817-2104,Private      ,15,18,33,1322,295,1617
00301800,BOWLING GREEN STATE UNIVERSITY          ,OH,43403-0001,Public       ,279,308,587,15894,4817,20711
00302300,CAPITAL UNIVERSITY                      ,OH,43209-2394,Private      ,59,120,179,3421,2371,5792
00302400,CASE WESTERN RESERVE UNIV               ,OH,44106-0000,Private      ,66,41,107,4845,735,5580
00302401,CASE WESTERN RESERVE UNIV - MED         ,OH,44106-0000,Private      ,2,5,7,31,1034,1065
00302402,CASE WESTERN RESERVE UNIV - DENTAL      ,OH,44106-0000,Private      ,1,1,2,12,341,353
00302403,CASE WESTERN RESERVE UNIV - LAW         ,OH,44106-0000,Private      ,1,8,9,7,1134,1141
00302404,CASE WESTERN RESERVE UNIV - UG          ,OH,44106-0000,Private      ,14,3,17,668,74,742
00302405,CASE WESTERN RESERVE UNIV - MSASS       ,OH,44106-0000,Private      ,1,8,9,7,464,471
00302406,CASE WESTERN RESERVE UNIV - NURS UG     ,OH,44106-0000,Private      ,5,4,9,207,108,315
00302407,CASE WESTERN RESERVE UNIV - WSOM        ,OH,44106-0000,Private      ,1,18,19,22,314,336
00302408,CASE WESTERN RESERVE UNIV -A&S GRAD     ,OH,44106-0000,Private      ,1,12,13,26,314,340
00302409,CASE WESTERN RESERVE UNIV -ENG GRAD     ,OH,44106-0000,Private      ,4,9,13,37,110,147
00302410,CASE WESTERN RESERVE UNIV -NURS GRD     ,OH,44106-0000,Private      ,0,19,19,18,358,376
00302500,CEDARVILLE UNIVERSITY                   ,OH,45314-8564,Private      ,66,11,77,3339,183,3522
00302600,CENTRAL STATE UNIVERSITY                ,OH,45384-1004,Public       ,95,82,177,2858,1002,3860
00302900,CINCINNATI CHRISTIAN UNIVERSITY         ,OH,45204-3200,Private      ,15,45,60,532,511,1043
00303000,OHIO CHRISTIAN UNIVERSITY               ,OH,43113-9487,Private      ,25,94,119,267,524,791
00303100,CLEVELAND INSTITUTE OF MUSIC            ,OH,44106-1776,Private      ,5,3,8,483,365,848
00303200,CLEVELAND STATE UNIVERSITY              ,OH,44115-2214,Public       ,227,776,1003,6667,10651,17318
00303300,COLLEGE OF MT ST JOSEPH                 ,OH,45233-1670,Private      ,15,65,80,1470,990,2460
00303500,OHIO DOMINICAN UNIVERSITY               ,OH,43219-2099,Private      ,26,219,245,2340,2218,4558
00303600,FRANCISCAN UNIV OF STEUBENVILLE         ,OH,43952-1763,Private      ,29,37,66,2069,668,2737
00303700,COLLEGE OF WOOSTER                      ,OH,44691-2363,Private      ,18,2,20,2254,36,2290
00303900,COLUMBUS COLLEGE OF ART AND DESIGN      ,OH,43215-1758,Private      ,27,29,56,1569,354,1923
00304000,CUYAHOGA COMMUNITY COLLEGE              ,OH,44115-2878,Public       ,399,1730,2129,4452,12695,17147
00304001,CUYAHOGA COMMUNITY CLG-EASTERN CAM      ,OH,44122-6195,Public       ,38,144,182,564,1288,1852
00304002,CUYAHOGA COMMUNITY CLG-METRO CAMPUS     ,OH,44115-0000,Public       ,65,350,415,751,2263,3014
00304003,CUYAHOGA COMMUNITY CLG-WESTERN CMPS     ,OH,44130-0000,Public       ,88,146,234,1316,1434,2750
00304100,"DEFIANCE COLLEGE, THE                   ",OH,43512-1695,Private      ,12,29,41,1059,327,1386
00304200,DENISON UNIVERSITY                      ,OH,43023-1329,Private      ,21,3,24,2408,24,2432
00304300,CHANCELLOR UNIVERSITY                   ,OH,44114-1096,Proprietary  ,7,64,71,111,762,873
00304400,TRINITY LUTHERAN SEMINARY               ,OH,43209-0000,Private      ,0,4,4,1,167,168
00304500,UNIVERSITY OF FINDLAY                   ,OH,45840-3695,Private      ,56,88,144,3039,1279,4318
00304600,FRANKLIN UNIVERSITY                     ,OH,43215-5399,Private      ,59,602,661,745,7033,7778
00304606,FRANKLIN UNIVERSITY - NORTHWEST         ,OH,43019-5331,Private      ,0,6,6,4,26,30
00304608,FRANKLIN UNIVERSITY - NORTHEAST         ,OH,43081-1111,Private      ,0,4,4,5,27,32
00304700,HEBREW UNION COLLEGE MAIN CAMPUS        ,OH,45220-0000,Private      ,0,2,2,0,115,115
00304800,HEIDELBERG UNIVERSITY                   ,OH,44883-2462,Private      ,14,29,43,1681,338,2019
00304900,HIRAM COLLEGE                           ,OH,44234-1808,Private      ,20,32,52,1530,299,1829
00305000,JOHN CARROLL UNIVERSITY                 ,OH,44118-4581,Private      ,46,57,103,3874,831,4705
00305100,KENT STATE UNIV - KENT CAMPUS           ,OH,44242-0001,Public       ,367,508,875,17491,8256,25747
00305101,KENT STATE UNIV - GEAUGA CAMPUS         ,OH,44021-0000,Public       ,18,29,47,282,315,597
00305102,KENT STATE UNIV - STARK CAMPUS          ,OH,44720-0000,Public       ,77,125,202,1795,1661,3456
00305103,KENT STATE UNIV - TUSCARAWAS CAMPUS     ,OH,44663-0000,Public       ,36,78,114,791,990,1781
00305104,KENT STATE UNIV - TRUMBULL CAMPUS       ,OH,44483-0000,Public       ,35,105,140,766,1227,1993
00305105,KENT STATE UNIV - ASHTABULA CAMPUS      ,OH,44004-0000,Public       ,23,116,139,563,1124,1687
00305106,KENT STATE UNIV -E.LIVERPOOL CAMPUS     ,OH,43920-0000,Public       ,8,38,46,300,551,851
00305107,KENT STATE UNIV - SALEM CAMPUS          ,OH,44460-0000,Public       ,18,63,81,577,731,1308
00306500,KENYON COLLEGE                          ,OH,43022-9623,Private      ,30,3,33,2307,31,2338
00306600,LAKE ERIE COLLEGE                       ,OH,44077-3389,Private      ,24,49,73,1051,374,1425
00306800,LORAIN COUNTY COMMUNITY COLLEGE         ,OH,44035-1691,Public       ,171,551,722,2647,4739,7386
00306900,LOURDES COLLEGE                         ,OH,43560-2898,Private      ,31,149,180,631,1667,2298
00307200,MALONE UNIVERSITY                       ,OH,44709-3897,Private      ,11,81,92,1956,1076,3032
00307300,MARIETTA COLLEGE                        ,OH,45750-4033,Private      ,14,15,29,2263,251,2514
00307500,METHODIST THEOLOGICAL SCH IN OHIO       ,OH,43015-0000,Private      ,0,9,9,0,229,229
00307600,MIAMI-JACOBS COLLEGE                    ,OH,45401-0000,Proprietary  ,19,143,162,191,1239,1430
00307602,MIAMI - JACOBS CAREER COLLEGE - SPRINGBO,OH,45066-1115,Proprietary  ,20,83,103,148,535,683
00307603,MIAMI - JACOBS CAREER COLLEGE - TROY    ,OH,45373-3837,Proprietary  ,23,99,122,121,483,604
00307700,MIAMI UNIVERSITY                        ,OH,45056-1831,Public       ,235,301,536,15538,3631,19169
00307800,WRIGHT STATE UNIVERSITY                 ,OH,45435-0002,Public       ,224,486,710,10465,7379,17844
00308300,MOUNT UNION COLLEGE                     ,OH,44601-3993,Private      ,35,8,43,2970,148,3118
00308400,MUSKINGUM UNIVERSITY                    ,OH,43762-1199,Private      ,18,39,57,2095,462,2557
00308500,NOTRE DAME COLLEGE OF OHIO              ,OH,44121-4293,Private      ,18,105,123,1108,958,2066
00308600,OBERLIN COLLEGE                         ,OH,44074-1090,Private      ,27,5,32,4092,102,4194
00308800,OHIO COLLEGE OF PODIATRIC MEDICINE      ,OH,44131-7304,Private      ,0,3,3,3,402,405
00308900,OHIO NORTHERN UNIVERSITY                ,OH,45810-1555,Private      ,34,20,54,4002,1059,5061
00309000,OHIO STATE UNIVERSITY-ALL CAMPUSES      ,OH,43210-1358,Public       ,757,894,1651,40914,21057,61971
00310000,OHIO UNIVERSITY                         ,OH,45701-2979,Public       ,233,263,496,16799,4437,21236
00310002,"OHIO UNIVERSITY, ZANESVILLE CAMPUS      ",OH,43701-0000,Public       ,37,82,119,862,1040,1902
00310003,"OHIO UNIVERSITY, LANCASTER CAMPUS       ",OH,43130-0000,Public       ,42,103,145,817,958,1775
00310004,"OHIO UNIVERSITY, SOUTHERN CAMPUS        ",OH,45638-0000,Public       ,41,92,133,742,1236,1978
00310005,"OHIO UNIVERSITY, CHILLICOTHE CAMPUS     ",OH,45601-0000,Public       ,43,138,181,705,1373,2078
00310006,"OHIO UNIVERSITY, EASTERN CAMPUS         ",OH,43950-0000,Public       ,11,25,36,459,259,718
00310008,OHIO UNIV COLL OF OSTEOPATHIC MED       ,OH,45701-0000,Public       ,0,2,2,15,460,475
00310900,OHIO WESLEYAN UNIVERSITY                ,OH,43015-2398,Private      ,21,8,29,2343,90,2433
00311000,OTTERBEIN COLLEGE                       ,OH,43081-2006,Private      ,45,49,94,3518,880,4398
00311300,PONTIFICAL COLLEGE JOSEPHINUM           ,OH,43235-1498,Private      ,2,0,2,36,22,58
00311401,FIRELANDS REGIONAL MEDICAL CENTER       ,OH,44870-4788,Private      ,2,5,7,55,123,178
00311500,RABBINICAL COLLEGE OF TELSHE            ,OH,44092-2584,Private      ,8,1,9,14,18,32
00311600,UNIV OF RIO GRANDE                      ,OH,45674-3131,Private      ,46,148,194,1589,1483,3072
00311900,SINCLAIR COMMUNITY COLLEGE              ,OH,45402-1460,Public       ,511,1540,2051,5933,11120,17053
00312100,TIFFIN UNIVERSITY                       ,OH,44883-2161,Private      ,35,147,182,1568,1530,3098
00312200,UNITED THEOLOGICAL SEMINARY             ,OH,45406-0000,Private      ,0,12,12,2,188,190
00312300,UNIVERSITY OF AKRON                     ,OH,44325-6211,Public       ,420,779,1199,15483,11329,26812
00312500,UNIVERSITY OF CINCINNATI                ,OH,45221-0125,Public       ,645,1100,1745,18659,15006,33665
00312504,UNIVERSITY OF CINCINNATI - COLLEGE OF ME,OH,45267-0553,Public       ,2,11,13,90,803,893
00312700,UNIVERSITY OF DAYTON                    ,OH,45469-0002,Private      ,87,196,283,7899,2980,10879
00313100,UNIVERSITY OF TOLEDO                    ,OH,43606-3390,Public       ,312,433,745,14318,6888,21206
00313101,UNIVERSITY OF TOLEDO - HEALTH SCIENCE CA,OH,43614-2598,Public       ,8,40,48,366,1428,1794
00313300,URBANA UNIVERSITY                       ,OH,43078-2091,Private      ,19,51,70,852,535,1387
00313400,URSULINE COLLEGE                        ,OH,44124-4398,Private      ,12,68,80,753,1181,1934
00313500,WALSH UNIVERSITY                        ,OH,44720-3396,Private      ,35,77,112,2104,963,3067
00314100,WILBERFORCE UNIVERSITY                  ,OH,45384-1001,Private      ,16,38,54,1221,535,1756
00314200,WILMINGTON COLLEGE                      ,OH,45177-2499,Private      ,25,31,56,1843,462,2305
00314300,WITTENBERG UNIVERSITY                   ,OH,45501-2199,Private      ,14,17,31,2715,197,2912
00314400,XAVIER UNIVERSITY                       ,OH,45207-1035,Private      ,48,168,216,4496,2534,7030
00314500,YOUNGSTOWN STATE UNIVERSITY             ,OH,44555-0001,Public       ,256,502,758,8087,6175,14262
00398200,CLEVELAND INSTITUTE OF ART              ,OH,44106-1700,Private      ,4,8,12,675,153,828
00406000,WINEBRENNER THEOLOGICAL SEMINARY        ,OH,45840-0000,Private      ,0,7,7,1,74,75
00485200,CLARK STATE COMMUNITY COLLEGE           ,OH,45505-4795,Public       ,89,353,442,1108,2697,3805
00485300,BRADFORD SCHOOL                         ,OH,43219-0000,Proprietary  ,34,37,71,547,404,951
00485500,DAVIS COLLEGE                           ,OH,43623-4307,Proprietary  ,12,59,71,103,602,705
00486100,UNIVERSITY OF NORTHWESTERN OHIO         ,OH,45805-1498,Private      ,114,115,229,3299,966,4265
00486600,STAUTZENBERGER COLLEGE                  ,OH,43537-4007,Proprietary  ,43,138,181,318,1106,1424
00510200,SCH OF DIAGNOSTIC IMAGING-CLEVELAND     ,OH,44119-0000,Private      ,0,1,1,8,36,44
00512700,BROWN MACKIE COLLEGE-CINCINNATI         ,OH,45215-1107,Proprietary  ,223,697,920,1003,4267,5270
00531300,NORTH CENTRAL STATE COLLEGE             ,OH,44901-0000,Public       ,74,268,342,1062,2222,3284
00575300,OWENS STATE COMMUNITY COLLEGE           ,OH,43699-0000,Public       ,351,999,1350,4816,8797,13613
00648700,AULTMAN COLLEGE OF NURSING AND HEALTH SC,OH,44710-1799,Private      ,5,11,16,137,229,366
00648900,CHRIST HOSP SCH OF NURSING              ,OH,45219-2989,Private      ,7,13,20,127,270,397
00649400,GOOD SAMARITAN COLG-NURSING/HEALTH      ,OH,45220-2489,Private      ,15,25,40,160,323,483
00649800,MERIDIA HURON SCHOOL OF NURSING         ,OH,44112-4308,Private      ,3,22,25,28,226,254
00650700,TRINIT HEALTH SYSTEM SCH OF NURSING     ,OH,43952-2667,Private      ,1,5,6,55,125,180
00680400,LAKELAND COMMUNITY COLLEGE              ,OH,44094-5198,Public       ,196,543,739,2261,4545,6806
00686700,COLUMBUS STATE COMMUNITY COLLEGE        ,OH,43215-1786,Public       ,814,1949,2763,9412,16642,26054
00703500,KETTERING COLLEGE OF MEDICAL ARTS       ,OH,45429-1299,Private      ,13,55,68,436,697,1133
00708500,MOUNT VERNON NAZARENE UNIVERSITY        ,OH,43050-9500,Private      ,20,45,65,1551,478,2029
00708501,MOUNT VERNON NAZARENE UNIV - AGS        ,OH,43050-0000,Private      ,0,98,98,40,925,965
00727500,EASTERN GATEWAY COMMUNITY COLLEGE       ,OH,43952-3598,Public       ,21,115,136,709,1045,1754
00747300,CHOFFIN CAREER & TECHNICAL CENTER       ,OH,44503-1628,Public       ,0,11,11,38,201,239
00759800,HOCKING TECHNICAL COLLEGE               ,OH,45764-9582,Public       ,169,343,512,3072,2844,5916
00777700,REMINGTON COLLEGE - CLEVELAND CAMPUS    ,OH,44125-1957,Proprietary  ,62,248,310,183,1036,1219
00777704,REMINGTON COLLEGE-CLEVELAND WEST CAMPUS ,OH,44070-3129,Proprietary  ,31,73,104,153,488,641
00812900,ADULT AND COMMUNITY EDUCATION @ HUDSON  ,OH,43211-2017,Public       ,2,39,41,39,342,381
00813200,TOLEDO SCHOOL OF PRACTICAL NURSING      ,OH,43613-5110,Public       ,6,43,49,64,293,357
00813300,ZANE STATE COLLEGE                      ,OH,43701-2626,Public       ,55,177,232,933,1580,2513
00819400,AKRON SCHOOL OF PRACTICAL NRSG          ,OH,44311-0000,Public       ,1,10,11,54,125,179
00827800,TERRA COMMUNITY COLLEGE                 ,OH,43420-9670,Public       ,65,206,271,679,1342,2021
00867700,NORTHWEST STATE COMMUNITY COLLEGE       ,OH,43502-9542,Public       ,61,217,278,938,1867,2805
00888600,PORTAGE LAKES CAREER CENTER             ,OH,44232-0000,Public       ,5,5,10,22,94,116
00908800,ITT TECHNICAL INSTITUTE                 ,OH,45414-3456,Proprietary  ,83,198,281,635,1319,1954
00915600,WAYNE COUNTY SCHOOLS CAREER CENTER      ,OH,44677-9672,Public       ,5,22,27,35,184,219
00917200,SPRINGFIELD REGIONAL SCHOOL OF NURSING  ,OH,45501-0000,Private      ,3,18,21,55,161,216
00941200,NATIONAL INSTITUTE OF TECHNOLOGY        ,OH,44221-2998,Proprietary  ,31,94,125,256,561,817
00945101,BROWN MACKIE COLLEGE-NORTH CANTON       ,OH,44720-0000,Proprietary  ,53,253,306,229,1628,1857
00953000,GERBER AKRON BEAUTY SCHOOL              ,OH,44333-3714,Proprietary  ,2,7,9,25,91,116
00953100,SPA SCHOOL (THE)                        ,OH,43214-1524,Proprietary  ,2,17,19,19,80,99
00966000,TIFFIN ACADEMY OF HAIR DESIGN           ,OH,44883-2833,Proprietary  ,11,8,19,56,57,113
00983700,ITT TECHNICAL INSTITUTE                 ,OH,44509-4098,Proprietary  ,73,150,223,857,1354,2211
00994100,BELMONT TECHNICAL COLLEGE               ,OH,43950-9766,Public       ,46,131,177,780,1323,2103
00994200,SHAWNEE STATE UNIVERSITY                ,OH,45662-4344,Public       ,88,143,231,3019,1796,4815
01001700,PAYNE THEOLOGICAL SEMINARY              ,OH,45384-0474,Private      ,0,10,10,0,109,109
01002700,JAMES A. RHODES STATE COLLEGE           ,OH,45804-3597,Public       ,79,241,320,1361,2452,3813
01016800,NATIONWIDE BEAUTY ACADEMY               ,OH,43228-1000,Proprietary  ,31,51,82,202,355,557
01028000,OHIO STATE BEAUTY ACADEMY               ,OH,45801-4950,Proprietary  ,8,20,28,74,115,189
01032300,HANNAH E MULLINS SCH-PRAC NRSG          ,OH,44460-2906,Public       ,4,7,11,17,88,105
01034500,CINCINNATI STATE TECH & COMM CLG        ,OH,45223-2690,Public       ,342,743,1085,3516,6610,10126
01045300,WASHINGTON STATE CMTY COLLEGE           ,OH,45750-9225,Public       ,42,129,171,826,1312,2138
01063000,NORTHERN INSTITUTE OF COSMETOLOGY       ,OH,44052-1803,Proprietary  ,0,13,13,17,59,76
01073600,MARION TECHNICAL COLLEGE                ,OH,43302-5694,Public       ,34,163,197,554,1248,1802
01088000,CHATFIELD COLLEGE                       ,OH,45118-9705,Private      ,2,50,52,46,182,228
01088100,STARK STATE COLLEGE OF TECHNOLOGY       ,OH,44720-7299,Public       ,197,602,799,2571,5370,7941
01090600,CINCINNATI CLG OF MORTUARY SCIENCE      ,OH,45224-1428,Private      ,2,5,7,88,129,217
01092300,UNION INSTITUTE & UNIVERSITY            ,OH,45206-1925,Private      ,4,261,265,34,1817,1851
01096200,MOORE UNIV OF HAIR DESIGN               ,OH,45213-0000,Proprietary  ,2,3,5,9,25,34
01099300,HOBART INSTITUTE OF WELDING TECHNOLOGY  ,OH,45373-2400,Private      ,18,28,46,167,106,273
01100500,KAPLAN COLLEGE                          ,OH,43232-4827,Proprietary  ,29,118,147,161,758,919
01104600,CENTRAL OHIO TECHNICAL COLLEGE          ,OH,43055-1767,Public       ,89,307,396,1188,2915,4103
01170300,PENTA COUNTY JOINT VOCATIONAL SCH       ,OH,43551-0000,Public       ,4,19,23,17,118,135
01174400,NATIONAL BEAUTY COLLEGE                 ,OH,44720-0000,Proprietary  ,8,15,23,49,113,162
01174500,OHIO TECHNICAL COLLEGE                  ,OH,44103-1228,Proprietary  ,56,66,122,1061,383,1444
01182500,OHIO STATE SCHOOL OF COSMETOLOGY        ,OH,43224-1107,Proprietary  ,3,12,15,54,91,145
01212800,SOUTHWESTERN COLLEGE                    ,OH,45402-3003,Proprietary  ,27,123,150,139,831,970
01212802,SOUTHWESTERN COLLEGE                    ,OH,45005-2267,Proprietary  ,6,62,68,49,396,445
01212803,SOUTHWESTERN COLLEGE                    ,OH,45202-4304,Proprietary  ,43,132,175,146,678,824
01212804,SOUTHWESTERN COLLEGE                    ,OH,45246-3121,Proprietary  ,32,165,197,214,1185,1399
01216600,CAROUSEL BEAUTY COLLEGE                 ,OH,45402-8935,Proprietary  ,8,18,26,43,173,216
01224800,CENTRAL SCHOOL OF PRACTICAL NURSING     ,OH,44103-4371,Private      ,11,39,50,54,241,295
01267200,CAROUSEL BEAUTY COLLEGE                 ,OH,45044-5113,Proprietary  ,2,2,4,18,31,49
01267400,CAROUSEL OF MIAMI VALLEY BEAUTY CLG     ,OH,45424-2063,Proprietary  ,0,1,1,2,5,7
01275000,EDISON COMMUNITY COLLEGE                ,OH,45356-9239,Public       ,61,184,245,765,1612,2377
01283800,LAURA AND ALVIN SIEGAL COLLEGE OF JUDAIC,OH,44122-7197,Private      ,0,2,2,1,6,7
01284800,MOLER-HOLLYWOOD BEAUTY COLLEGE          ,OH,45202-2577,Proprietary  ,11,26,37,22,105,127
01287000,SOUTHERN STATE COMMUNITY COLLEGE        ,OH,45133-9406,Public       ,61,192,253,907,1913,2820
01289100,ANTONELLI COLLEGE                       ,OH,45202-2592,Proprietary  ,48,216,264,297,1273,1570
01289600,VIRGINIA MARTI COLLEGE OF ART AND DESIGN,OH,44107-0778,Proprietary  ,16,15,31,213,147,360
01313200,INTERNATIONAL CLG OF BROADCASTING       ,OH,45431-1898,Proprietary  ,9,15,24,49,100,149
02052000,OHIO INST OF PHOTOGRAPHY & TECHNOLOGY   ,OH,45439-1984,Proprietary  ,33,116,149,313,724,1037
02054300,TRUMBULL BUSINESS COLLEGE               ,OH,44484-0000,Proprietary  ,8,59,67,67,435,502
02056800,DAYMAR COLLEGE                          ,OH,45601-1038,Proprietary  ,4,39,43,24,180,204
02056802,DAYMAR COLLEGE - LANCASTER              ,OH,43130-0000,Proprietary  ,0,2,2,0,15,15
02056803,DAYMAR COLLEGE - NEW BOSTON             ,OH,45662-4900,Proprietary  ,0,2,2,5,23,28
02056804,DAYMAR COLLEGE - JACKSON                ,OH,45640-1728,Proprietary  ,0,0,0,1,12,13
02066100,OHIO STATE COLLEGE/BARBER STYLING       ,OH,43213-0000,Proprietary  ,9,60,69,43,154,197
02069500,AKRON INSTITUTE                         ,OH,44306-0000,Proprietary  ,26,108,134,185,914,1099
02073300,GALLIA-JACKSON-VINTON SCH ADULT ED      ,OH,45674-0000,Public       ,4,6,10,43,168,211
02077800,CENTURY SCHOOL OF COSMETOLOGY           ,OH,43952-0000,Proprietary  ,3,3,6,27,35,62
02110700,CLEVELAND INST OF DENTAL-MED ASST       ,OH,44115-2285,Proprietary  ,30,103,133,177,597,774
02116009,SANFORD-BROWN COLLEGE - MIDDLEBURG HEIGH,OH,44130-8362,Proprietary  ,62,200,262,228,903,1131
02116900,UPPER VALLEY JVS                        ,OH,45356-0000,Public       ,2,22,24,17,194,211
02117300,GREAT OAKS INSTITUTE OF TECHNOLOGY      ,OH,45241-1581,Public       ,12,100,112,165,734,899
02128600,THE ART INSTITUTE OF CINCINNATI         ,OH,45246-0000,Proprietary  ,15,12,27,162,83,245
02140700,COMMUNITY EDUCATIONAL SERVICES          ,OH,44702-1710,Public       ,0,14,14,22,209,231
02152100,ACADEMY OF COURT REPORTING AND TECHNOLOG,OH,44115-0000,Proprietary  ,73,420,493,257,2187,2444
02158500,OHIO BUSINESS COLLEGE                   ,OH,44055-3344,Proprietary  ,16,64,80,89,510,599
02158501,OHIO BUSINESS COLLEGE                   ,OH,44870-9953,Proprietary  ,2,8,10,22,73,95
02163900,BEATRICE ACADEMY OF BEAUTY              ,OH,44106-0000,Proprietary  ,3,8,11,11,57,68
02168100,TRI-COUNTY JOINT VOCATIONAL SCHOOL      ,OH,45764-0000,Public       ,2,6,8,13,95,108
02187900,ASHTABULA CO JOINT VOC SCH ADULT ED     ,OH,44047-0000,Public       ,1,30,31,23,214,237
02189000,ADULT CENTER FOR EDUCATION              ,OH,43701-0000,Public       ,1,23,24,45,205,250
02190700,RETS TECH CENTER                        ,OH,45459-0000,Proprietary  ,31,169,200,240,1276,1516
02192100,BUTLER TECHNOLOGY AND CAREER DEVELOPMENT,OH,45011-0000,Public       ,16,77,93,110,493,603
02196300,COLLINS CAREER CENTER                   ,OH,45619-0000,Public       ,16,40,56,154,447,601
02210800,MEDINA COUNTY CAREER CENTER             ,OH,44256-0000,Public       ,1,5,6,16,91,107
02215400,OHIO STATE SCHOOL OF COSMETOLOGY        ,OH,43207-0000,Proprietary  ,2,12,14,43,68,111
02220500,GOD'S BIBLE SCHOOL & COLLEGE            ,OH,45210-0000,Private      ,10,1,11,167,45,212
02220800,CAREER & TECHNOLOGY EDUCATION CENTERS OF,OH,43055-0000,Public       ,2,14,16,13,98,111
02239800,PIONEER CAREER & TECHNOLOGY CENTER      ,OH,44875-0000,Public       ,1,6,7,4,56,60
02245600,WARREN COUNTY CAREER CENTER             ,OH,45036-0000,Public       ,0,7,7,7,27,34
02246300,INSTITUTE OF MEDICAL-DENTAL TECH        ,OH,45246-3317,Proprietary  ,18,31,49,60,118,178
02261400,COLLEGE OF ART ADVERTISING              ,OH,45211-0000,Proprietary  ,0,0,0,2,1,3
02263700,MIAMI VALLEY CAREER TECHNOLOGY CTR      ,OH,45315-0000,Public       ,5,53,58,60,318,378
02269400,EASTERN HILLS ACAD OF HAIR DESIGN       ,OH,45255-0000,Proprietary  ,7,18,25,37,85,122
02269500,WESTERN HILLS SCHOOL OF BEAUTY & HAIR DE,OH,45211-0000,Proprietary  ,5,66,71,41,306,347
02270100,OHIO HI-POINT CAREER CENTER             ,OH,43311-0000,Public       ,2,17,19,21,133,154
02272700,COLUMBIANA COUNTY CAREER CENTER         ,OH,44432-0000,Public       ,1,8,9,18,135,153
02287900,RAPHAEL'S SCHOOL OF BEAUTY CULTURE      ,OH,44446-0000,Proprietary  ,6,34,40,36,106,142
02301400,OHIO VALLEY COLLEGE OF TECHNOLOGY       ,OH,43920-0000,Proprietary  ,6,20,26,53,173,226
02303600,BOHECKER'S BUSINESS COLLEGE             ,OH,44266-0000,Proprietary  ,22,66,88,191,565,756
02304700,TRI-RIVERS CAREER CENTER                ,OH,43302-0000,Public       ,3,15,18,26,138,164
02311200,AMERICAN SCHOOL OF TECHNOLOGY           ,OH,43229-0000,Proprietary  ,5,105,110,32,390,422
02315500,TOLEDO ACADEMY OF BEAUTY CULTURE - EAST ,OH,43616-0000,Proprietary  ,5,29,34,33,159,192
02328500,MOLER-PICKENS BEAUTY COLLEGE            ,OH,45014-0000,Proprietary  ,3,3,6,19,54,73
02334300,INTERNATIONAL ACAD OF HAIR DESIGN       ,OH,45239-0000,Proprietary  ,8,7,15,73,67,140
02336300,KNOX COUNTY CAREER CENTER               ,OH,43050-4298,Public       ,2,6,8,35,202,237
02336700,CUYAHOGA VALLEY CAREER CENTER           ,OH,44141-1296,Public       ,2,11,13,30,163,193
02337700,PROFESSIONAL SKILLS INSTITUTE           ,OH,43607-0000,Proprietary  ,5,66,71,90,702,792
02345600,AKRON MACHINING INSTITUTE               ,OH,44203-0000,Private      ,0,0,0,4,27,31
02351500,WILLOUGHBY EASTLAKE SCH OF PRAC NSG     ,OH,44094-0000,Public       ,7,25,32,26,118,144
02352800,POLARIS CAREER CENTER-ADULT ED DEPT     ,OH,44130-0000,Public       ,2,9,11,45,133,178
02354200,SCIOTO COUNTY JOINT VOCATIONAL SCH      ,OH,45648-0000,Public       ,5,21,26,62,295,357
02454400,NORTHEASTERN OHIO UNIVS COL OF MED      ,OH,44272-0000,Public       ,4,5,9,58,553,611
02497800,GREENE COUNTY CAREER CENTER             ,OH,45385-0000,Public       ,4,24,28,19,147,166
02512600,ADULT VOCATIONAL SERVICES               ,OH,44308-0000,Public       ,2,41,43,9,112,121
02519300,OHIO STATE SCH COSMETOLOGY              ,OH,43068-0000,Proprietary  ,0,2,2,9,24,33
02522700,EASTLAND-FAIRFIELD CAREER AND TECHNICAL ,OH,43125-0000,Public       ,3,19,22,33,242,275
02528300,TDDS TECHNICAL INSTITUTE                ,OH,44429-0000,Proprietary  ,10,73,83,64,333,397
02529500,HAMRICK SCHOOL                          ,OH,44256-0000,Proprietary  ,3,15,18,8,64,72
02541400,TOLEDO ACADEMY OF BEAUTY CULTURE-SO     ,OH,43614-0000,Proprietary  ,2,22,24,35,146,181
02545800,INNER STATE BEAUTY SCHOOLS              ,OH,44124-0000,Proprietary  ,7,40,47,44,219,263
02553000,SCHOOL OF ADVERTISING ART               ,OH,45440-0000,Proprietary  ,1,2,3,175,23,198
02560000,CASAL AVEDA INSTITUTE                   ,OH,44515-0000,Proprietary  ,20,10,30,88,59,147
02560700,PICKAWAY ROSS CO JOINT VOC TECH SCH     ,OH,45601-0000,Public       ,6,30,36,39,214,253
02562300,APOLLO CAREER CENTER-ADULT EDUC         ,OH,45806-0000,Public       ,5,49,54,48,357,405
02563000,RAPHAELS SCHOOL OF BEAUTY CULTURE       ,OH,44601-2847,Proprietary  ,8,17,25,50,109,159
02568600,MAHONING COUNTY CAREER & TECH CENTR     ,OH,44406-0000,Public       ,1,11,12,9,62,71
02582900,KAPLAN CAREER INSTITUTE                 ,OH,44129-6810,Proprietary  ,33,121,154,154,695,849
02586400,TRUMBULL CAREER & TECH CENTER-ADULT     ,OH,44483-1997,Public       ,1,47,48,42,279,321
02588500,OHIO STATE SCHOOL OF COSMETOLOGY        ,OH,43081-0000,Proprietary  ,1,7,8,32,40,72
02599711,VATTEROTT COLLEGE - CLEVELAND           ,OH,44147-3502,Proprietary  ,7,55,62,57,349,406
02603800,LORAIN COUNTY JVS ADULT CAREER CTR      ,OH,44074-9799,Public       ,4,5,9,40,146,186
02614700,SPRINGFIELD CLARK CO JOINT VOC SCH      ,OH,45505-4295,Public       ,0,0,0,1,31,32
02616200,BROWN MACKIE COLLEGE-FINDLAY            ,OH,45840-6848,Proprietary  ,75,286,361,423,1409,1832
02620000,SANDUSKY CAREER CENTER                  ,OH,44870-4786,Public       ,5,28,33,30,161,191
03007900,GALLIPOLIS CAREER COLLEGE               ,OH,45631-2600,Proprietary  ,1,29,30,20,214,234
03015100,ALLIANCE HIGH SCH-CMTY SERVICES DIV     ,OH,44601-2899,Public       ,5,19,24,36,166,202
03015300,EHOVE CAREER CENTER                     ,OH,44846-9500,Public       ,2,14,16,56,266,322
03023700,MADISON ADULT CAREER CENTER             ,OH,44905-2718,Public       ,3,12,15,24,108,132
03024300,VALLEY BEAUTY SCHOOL                    ,OH,43725-2332,Proprietary  ,4,21,25,30,68,98
03027100,FAIRVIEW ACADEMY                        ,OH,44126-2214,Proprietary  ,0,8,8,8,60,68
03034200,WASHINGTON COUNTY CAREER CENTER ADULT TE,OH,45750-9290,Public       ,3,25,28,34,210,244
03051400,AUBURN CAREER CENTER                    ,OH,44077-9723,Public       ,3,11,14,33,115,148
03051500,US GRANT JOINT VOCATIONAL SCHOOL        ,OH,45106-9502,Public       ,0,3,3,1,33,34
03065800,OHIO INSTITUTE OF HEALTH CAREERS        ,OH,44035-2394,Proprietary  ,18,99,117,140,560,700
03065900,BUCKEYE CAREER CENTER                   ,OH,44663-9437,Public       ,2,4,6,52,145,197
03067600,RAPHAEL'S SCHOOL OF BEAUTY CULTURE      ,OH,44512-2222,Proprietary  ,1,7,8,16,53,69
03068200,OHIO CENTER FOR BROADCASTING            ,OH,44125-4220,Proprietary  ,26,51,77,108,237,345
03071900,MOUNT CARMEL COLLEGE OF NURSING         ,OH,43222-1598,Private      ,9,52,61,536,581,1117
03072303,EVEREST INSTITUTE - COLUMBUS            ,OH,43230-6653,Proprietary  ,4,29,33,4,29,33
03078000,OHIO CENTER FOR BROADCASTING            ,OH,45227-1509,Proprietary  ,7,16,23,39,94,133
03079000,ETI TECHNICAL COLLEGE                   ,OH,44446-4398,Proprietary  ,11,24,35,103,272,375
03084800,DELAWARE AREA CAREER CENTER             ,OH,43015-8969,Public       ,0,1,1,0,21,21
03084801,DELAWARE AREA CAREER CENTER -           ,OH,43015-9001,Public       ,0,2,2,1,13,14
03095600,VANTAGE CAREER CENTER                   ,OH,45891-1378,Public       ,1,15,16,23,95,118
03097000,MERCY COLLEGE OF NORTHWEST OHIO         ,OH,43604-1132,Private      ,15,38,53,396,617,1013
03100100,PARAMOUNT BEAUTY ACADEMY                ,OH,45662-4136,Proprietary  ,6,10,16,37,81,118
03105400,CLEVELAND EXTENSION HIGH SCH-WEST       ,OH,44102-2298,Public       ,9,37,46,23,161,184
03116200,DAYTON BARBER COLLEGE                   ,OH,45402-2310,Proprietary  ,3,16,19,29,101,130
03116300,OHIO COLLEGE OF MASSOTHERAPY            ,OH,44321-1363,Private      ,19,25,44,90,170,260
03116400,VANGUARD-SENTINELL VOC SCH DISTRICT     ,OH,43420-1197,Public       ,0,0,0,1,23,24
03117000,ASHLAND COUNTY-W HOLMES CAREER CTR      ,OH,44805-0000,Public       ,0,19,19,12,107,119
03200500,YOUNGSTOWN COLLEGE OF MASSOTHERAPY      ,OH,44471-2321,Proprietary  ,0,0,0,8,21,29
03319300,CREATIVE IMAGES-A CERTIFIED MATRIX      ,OH,45414-2557,Proprietary  ,10,35,45,57,170,227
03319301,CREATIVE IMAGES-A CERTIFIED MATRIX      ,OH,45459-0000,Proprietary  ,4,18,22,55,118,173
03416400,VALLEY BEAUTY SCHOOL                    ,OH,43701-3624,Proprietary  ,0,12,12,6,37,43
03425300,ROSEDALE BIBLE COLLEGE                  ,OH,43029-9517,Private      ,4,0,4,72,9,81
03457300,ALLEGHENY WESLEYAN COLLEGE              ,OH,44460-9598,Private      ,7,0,7,35,10,45
03468400,NATIONAL INSTITUTE OF MASSOTHERAPY      ,OH,44319-2100,Proprietary  ,2,13,15,19,94,113
03468500,ATS INSTITUTE OF TECHNOLOGY             ,OH,44143-2216,Proprietary  ,12,127,139,54,636,690
03475400,TRI-STATE BIBLE COLLEGE                 ,OH,45680-8402,Private      ,0,3,3,3,18,21
03534400,AMERICAN INST OF ALTERNATIVE MEDICI     ,OH,43229-1113,Proprietary  ,7,22,29,33,143,176
03578300,TRI-STATE COLLEGE                       ,OH,44452-8535,Proprietary  ,0,12,12,16,41,57
03586400,MED CENTRAL COLLEGE OF NURSING          ,OH,44903-2265,Private      ,4,17,21,282,299,581
03626300,BROWN AVEDA INSTITUTE                   ,OH,44060-6212,Proprietary  ,18,27,45,122,135,257
03659300,COMPUTER QUEST LTD.                     ,OH,44130-3034,Proprietary  ,0,0,0,8,95,103
03693300,CARNEGIE INST OF INTEGRATIVE MED/MASSOTH,OH,44260-9608,Private      ,3,28,31,11,110,121
03700300,REGENCY BEAUTY INSTITUTE - CLEVELAND    ,OH,44094-0000,Proprietary  ,2,23,25,28,116,144
03726300,TEMPLE BAPTIST COLLEGE                  ,OH,45240-0000,Private      ,2,3,5,16,27,43
03747300,BEXLEY HALL SEMINARY                    ,OH,43209-2325,Private      ,0,2,2,0,16,16
03776400,HEALING ARTS INSTITUTE                  ,OH,43551-3138,Proprietary  ,4,7,11,12,48,60
03837300,AVEDA FREDRIC'S INSTITUTE               ,OH,45208-1304,Proprietary  ,3,7,10,25,23,48
03882300,OREGON CAREER CENTER                    ,OH,43616-2631,Public       ,0,3,3,2,8,10
04074300,HONDROS COLLEGE                         ,OH,43081-3855,Proprietary  ,0,35,35,12,168,180
04116700,NEWLIFE TECHNICAL INSTITUTE             ,OH,43920-2920,Private      ,1,0,1,2,0,2
04117300,DAYTON SCHOOL OF MEDICAL MASSAGE        ,OH,45429-1111,Proprietary  ,14,54,68,121,369,490
04118300,NORTHCOAST MEDICAL TRAINING ACADEMY     ,OH,44240-4174,Proprietary  ,11,21,32,57,95,152
        ,INVALID SCHOOL CODE                     ,  ,00000-0000,,1416,2902,4318,18264,18614,36878
00134500,ADAMS STATE COLLEGE                     ,CO,81102-2373,Public       ,31,138,169,1940,1561,3501
00134600,ARAPAHOE COMMUNITY COLLEGE              ,CO,80160-9002,Public       ,129,438,567,1307,2947,4254
00134700,COLORADO COLLEGE                        ,CO,80903-3294,Private      ,36,17,53,2375,225,2600
00134800,COLORADO SCHOOL OF MINES                ,CO,80401-1887,Public       ,55,51,106,3297,624,3921
00134900,UNIVERSITY OF NORTHERN COLORADO         ,CO,80639-0001,Public       ,183,167,350,8354,3146,11500
00135000,COLORADO STATE UNIVERSITY               ,CO,80523-0100,Public       ,410,365,775,15339,6387,21726
00135200,DENVER  SEMINARY                        ,CO,80120-2192,Private      ,0,35,35,2,524,526
00135300,FORT LEWIS COLLEGE                      ,CO,81301-3999,Public       ,99,81,180,2996,1067,4063
00135400,ILIFF SCHOOL OF THEOLOGY                ,CO,80210-0000,Private      ,0,9,9,1,213,214
00135500,LAMAR COMMUNITY COLLEGE                 ,CO,81052-3999,Public       ,17,29,46,346,360,706
00135800,MESA STATE COLLEGE                      ,CO,81501-7682,Public       ,152,204,356,3345,2222,5567
00135900,COLORADO NORTHWESTERN COMMUNITY COLLEGE ,CO,81648-3598,Public       ,20,20,40,255,238,493
00136000,METROPOLITAN STATE CLG OF DENVER        ,CO,80204-0000,Public       ,453,953,1406,7820,10485,18305
00136100,NORTHEASTERN JUNIOR COLLEGE             ,CO,80751-2399,Public       ,27,34,61,816,332,1148
00136200,OTERO JUNIOR COLLEGE                    ,CO,81050-3346,Public       ,53,91,144,488,699,1187
00136300,REGIS UNIVERSITY                        ,CO,80221-1099,Private      ,23,643,666,1962,7335,9297
00136500,COLORADO STATE UNIVERSITY-PUEBLO        ,CO,81001-4901,Public       ,95,144,239,2481,2117,4598
00136800,TRINIDAD STATE JR COLLEGE               ,CO,81082-2396,Public       ,54,114,168,607,851,1458
00137000,UNIVERSITY OF COLORADO-BOULDER          ,CO,80309-0077,Public       ,417,313,730,16772,7154,23926
00137100,UNIVERSITY OF DENVER                    ,CO,80208-2000,Private      ,102,384,486,4439,7272,11711
00137200,WESTERN STATE COLLEGE                   ,CO,81231-0000,Public       ,44,33,77,1934,415,2349
00163202,AQUINAS INSTITUTE OF THEOLOGY - AQUINAS ,CO,80903-1498,Private      ,0,1,1,1,4,5
00405702,NATIONAL AMERICAN UNIVERSITY            ,CO,80918-0000,Proprietary  ,1,14,15,8,180,188
00405703,NATIONAL AMERICAN UNIVERSITY            ,CO,80222-0000,Proprietary  ,1,16,17,10,107,117
00450300,EVEREST COLLEGE                         ,CO,80916-3548,Proprietary  ,43,200,243,147,834,981
00450600,COLORADO MOUNTAIN COLLEGE               ,CO,81602-0000,Public       ,61,79,140,861,607,1468
00450700,EVEREST COLLEGE                         ,CO,80229-4339,Proprietary  ,107,453,560,481,2167,2648
00450701,"EVEREST COLLEGE- EVEREST COLLEGE, AURORA",CO,80012-5692,Proprietary  ,8,27,35,20,55,75
00450800,UNIVERSITY OF COLORADO DENVER           ,CO,80204-2029,Public       ,17,133,150,810,3673,4483
00450824,UNIVERSITY OF COLORADO DENVER - AURARIA ,CO,80217-3364,Public       ,122,485,607,3885,6530,10415
00450900,UNIV OF COLORADO AT COLO SPRINGS        ,CO,80918-3735,Public       ,103,241,344,4154,3856,8010
00559600,EMILY GRIFFITH OPPORTUNITY SCH          ,CO,80204-2197,Public       ,34,171,205,207,826,1033
00729700,REDSTONE COLLEGE                        ,CO,80020-9988,Proprietary  ,34,92,126,265,478,743
00754700,LINCOLN COLLEGE OF TECHNOLOGY           ,CO,80223-2013,Proprietary  ,73,68,141,700,535,1235
00754800,WESTWOOD COLLEGE - DENVER NORTH         ,CO,80221-3653,Proprietary  ,324,1440,1764,1785,6874,8659
00754801,WESTWOOD COLLEGE - DENVER SOUTH         ,CO,80227-3653,Proprietary  ,32,118,150,309,773,1082
00758200,AIMS COMMUNITY COLLEGE                  ,CO,80632-0000,Public       ,98,277,375,1237,2114,3351
00764900,ROCKY MOUNTAIN COLG OF ART & DESIGN     ,CO,80214-0000,Proprietary  ,13,16,29,539,178,717
00793300,FRONT RANGE COMMUNITY COLLEGE           ,CO,80031-2199,Public       ,389,929,1318,3774,6533,10307
00863500,INTELLITEC MEDICAL INSTITUTE            ,CO,80909-1570,Proprietary  ,9,91,100,50,335,385
00887100,CONCORDE CAREER INSTITUTE               ,CO,80203-0000,Proprietary  ,31,150,181,153,800,953
00889600,PIKES PEAK COMMUNITY COLLEGE            ,CO,80906-5498,Public       ,273,897,1170,2842,6181,9023
00940100,COLORADO CHRISTIAN UNIVERSITY           ,CO,80226-7449,Private      ,35,163,198,1168,1550,2718
00954200,COMMUNITY COLLEGE OF DENVER             ,CO,80217-2026,Public       ,178,592,770,2171,4959,7130
00954300,RED ROCKS COMMUNITY COLLEGE             ,CO,80228-1255,Public       ,103,328,431,1348,2455,3803
00985500,YESHIVA TORAS CHAIM TALMUDICAL SEM      ,CO,80204-0067,Private      ,1,4,5,1,9,10
00998100,MORGAN COMMUNITY COLLEGE                ,CO,80701-4399,Public       ,9,59,68,225,624,849
01014800,COLORADO TECHNICAL UNIVERSITY           ,CO,80907-3896,Proprietary  ,82,1054,1136,491,5639,6130
01014802,COLORADO TECHNICAL UNIV - DENVER        ,CO,80111-3201,Proprietary  ,18,109,127,115,600,715
01014805,COLORADO TECH UNIV - ON LINE            ,CO,80907-0000,Proprietary  ,348,5737,6085,1489,26843,28332
01014806,COLORADO TECH UNIV - FED EXPRESS        ,CO,80921-3800,Proprietary  ,0,6,6,0,35,35
01014807,COLORADO TECH UNIV - MCI WORLD COM      ,CO,80919-3172,Proprietary  ,0,4,4,6,20,26
01014808,COLORADO TECH UNIV - USAA               ,CO,80920-1005,Proprietary  ,0,8,8,2,30,32
01014809,COLORADO TECH UNIV - SCHRIEVER AFB      ,CO,80912-7298,Proprietary  ,0,3,3,0,9,9
01014810,COLORADO TECH UNIV - PETERSON AFB       ,CO,80914-1586,Proprietary  ,0,1,1,0,6,6
01014811,COLORADO TECH UNIV-HEWLETT PACKARD      ,CO,80919-2303,Proprietary  ,0,2,2,2,14,16
01014812,COLORADO TECHNICAL UNIVERSITY - WESTMINS,CO,80021-3498,Proprietary  ,23,148,171,126,662,788
01014813,COLORADO TECH UNIV - ORACLE             ,CO,80921-3660,Proprietary  ,0,7,7,2,30,32
01014815,COLORADO TECHNCL UNIV PUEBLO            ,CO,81003-2315,Proprietary  ,11,82,93,54,300,354
01070900,EMPIRE BEAUTY SCHOOL-LAKEWOOD           ,CO,80215-0000,Proprietary  ,6,14,20,23,41,64
01073200,SAN JUAN BASINTECHNICAL COLLEGE         ,CO,81328-9196,Public       ,8,19,27,41,133,174
01157200,COLORADO SCHOOL OF TRADES               ,CO,80215-2996,Proprietary  ,14,26,40,86,170,256
01267000,BEL-REA INST OF ANIMAL TECH             ,CO,80247-3048,Proprietary  ,26,54,80,346,509,855
01285000,INTERNATIONAL SALON AND SPA ACADEMY     ,CO,80918-3684,Proprietary  ,12,36,48,84,179,263
01287500,PICKENS TECHNICAL COLLEGE               ,CO,80011-9307,Public       ,27,93,120,142,423,565
01300700,NAZARENE BIBLE COLLEGE                  ,CO,80910-3717,Private      ,4,50,54,44,595,639
02059400,INTERNATIONAL BEAUTY ACADEMY            ,CO,80918-3684,Proprietary  ,0,0,0,4,5,9
02072200,EMPIRE BEAUTY SCHOOL -ARVADA            ,CO,80212-0000,Proprietary  ,18,26,44,37,59,96
02078900,ART INSTITUTE OF COLORADO (THE)         ,CO,80203-2983,Proprietary  ,119,121,240,1671,1505,3176
02116300,PUEBLO COMMUNITY COLLEGE                ,CO,81004-0000,Public       ,110,428,538,1325,3735,5060
02117500,NAROPA UNIVERSITY                       ,CO,80302-0000,Private      ,17,46,63,315,1090,1405
02133100,COLORADO CENTER FOR MEDICAL LABORATORY S,CO,80218-0000,Private      ,0,4,4,5,26,31
02141100,ARTISTIC BEAUTY COLGS-WESTMINSTER       ,CO,80030-0000,Proprietary  ,22,70,92,79,166,245
02141102,ARTISTIC BEAUTY COLLEGES-LITTLETON      ,CO,80123-3480,Proprietary  ,8,8,16,36,53,89
02141103,ARTISTIC BEAUTY COLLEGES-AURORA         ,CO,80017-3194,Proprietary  ,4,15,19,16,39,55
02156200,DELTA - MONTROSE TECHNICAL COLLEGE      ,CO,81416-0000,Public       ,4,15,19,56,119,175
02160600,EMPIRE BEAUTY SCHOOL -THORNTON          ,CO,80241-1659,Proprietary  ,8,28,36,33,107,140
02165200,SALON PROFESSIONAL ACADEMY (THE)        ,CO,81504-5309,Proprietary  ,5,14,19,27,53,80
02167600,KAPLAN COLLEGE                          ,CO,80229-5309,Proprietary  ,20,101,121,94,319,413
02171300,TRINIDAD STATE JUNIOR COLLEGE           ,CO,81101-0000,Proprietary  ,0,0,0,0,1,1
02188700,DENVER ACAD OF COURT REPORTING          ,CO,80030-0000,Proprietary  ,2,27,29,16,105,121
02211901,CHEEKS INTERNATIONAL ACADEMY OF BEAUTY C,CO,80525-3053,Proprietary  ,0,1,1,14,12,26
02211902,CHEEKS INTERNATIONAL ACDMY BTY CULT     ,CO,80631-0000,Proprietary  ,0,2,2,7,16,23
02253700,INTELLITEC COLLEGE                      ,CO,80909-0000,Proprietary  ,39,133,172,122,425,547
02267500,GLENWOOD BEAUTY ACADEMY                 ,CO,81601-0000,Proprietary  ,4,12,16,13,39,52
02276900,COMMUNITY COLLEGE OF AURORA             ,CO,80011-9036,Public       ,126,405,531,1216,2899,4115
02321700,ITT TECHNICAL INSTITUTE                 ,CO,80229-5338,Proprietary  ,83,196,279,372,848,1220
02518500,HAIR DYNAMICS EDUCATION CENTER          ,CO,80525-0000,Proprietary  ,12,28,40,70,108,178
02594300,COLLEGE AMERICA - DENVER                ,CO,80222-3380,Proprietary  ,33,243,276,190,1076,1266
02611000,HERITAGE COLLEGE                        ,CO,80212-7413,Proprietary  ,47,187,234,156,719,875
03006300,INST OF BUSINESS & MEDICAL CAREERS      ,CO,80525-3044,Proprietary  ,12,67,79,140,545,685
03012100,REMINGTON COLLEGE - COLORADO SPRINGS CAM,CO,80215-0000,Proprietary  ,3,26,29,35,196,231
03013100,BOULDER COLLEGE OF MASSAGE THERAPY      ,CO,80301-3295,Private      ,6,38,44,61,198,259
03014900,PLATT COLLEGE                           ,CO,80014-3141,Proprietary  ,10,21,31,48,144,192
03027400,XENON INTERNATIONAL ACADEMY III         ,CO,80014-1193,Proprietary  ,4,10,14,29,50,79
03030606,UTAH COLLEGE OF MASSAGE THERAPY - DENVER,CO,80031-2921,Proprietary  ,33,40,73,114,183,297
03030607,UTAH COLLEGE OF MASSAGE THERAPY - DENVER,CO,80012-2523,Proprietary  ,15,34,49,97,189,286
03031603,DPT BUSINESS SCHOOL                     ,CO,80223-0000,Proprietary  ,0,1,1,2,12,14
03066900,INTELLITEC COLLEGE                      ,CO,81506-3994,Proprietary  ,22,96,118,159,532,691
03068201,OHIO CENTER FOR BROADCASTING - COLORADO ,CO,80214-4129,Proprietary  ,8,42,50,33,127,160
03076401,BRYMAN SCHOOL OF ARIZONA (THE) - ANTHEM ,CO,80014-2622,Proprietary  ,0,5,5,0,5,5
03289300,COLORADO HEIGHTS UNIVERSITY             ,CO,80236-2711,Private      ,5,54,59,9,81,90
03306300,MONTESSORI EDUC CRT OF THE ROCKIES      ,CO,80301-2587,Private      ,0,0,0,1,18,19
03534300,JONES INTERNATIONAL UNIVERSITY          ,CO,80112-3446,Proprietary  ,2,286,288,10,1394,1404
03545300,UNIVERSITY OF THE ROCKIES               ,CO,80903-3612,Proprietary  ,0,18,18,5,145,150
03584400,COLORADO SCHOOL OF HEALING ARTS         ,CO,80226-4332,Proprietary  ,6,34,40,72,254,326
03670300,TONI & GUY HAIRDRESSING ACADEMY         ,CO,80911-1713,Proprietary  ,13,15,28,48,58,106
03686300,COLORADO SCHOOL OF TRADITIONAL CHINESE M,CO,80206-2127,Proprietary  ,0,25,25,4,97,101
03805300,CORTIVA INSTITUTE-COLORADO              ,CO,80021-0000,Proprietary  ,0,0,0,16,42,58
03972300,CUTTIN' UP BEAUTY ACADEMY               ,CO,80220-0000,Proprietary  ,1,6,7,8,40,48
03976300,MASSAGE THERAPY INSTITUTE OF COLORADO   ,CO,80206-2127,Proprietary  ,2,9,11,21,55,76
04093300,ACADEMY OF NATURAL THERAPY              ,CO,80631-3425,Proprietary  ,0,11,11,18,57,75
04125100,MONTESSORI CENTRE INTERNATIONAL DENVER  ,CO,80111-5263,Private      ,0,2,2,0,4,4
00267811,BRYANT & STRATTON COLLEGE - VIRGINIA BEA,VA,23462-4417,Proprietary  ,43,192,235,242,1345,1587
00370200,AVERETT UNIVERSITY                      ,VA,24541-3692,Private      ,26,239,265,1387,1200,2587
00370300,BLUEFIELD COLLEGE                       ,VA,24605-1799,Private      ,4,51,55,540,634,1174
00370400,BRIDGEWATER COLLEGE                     ,VA,22812-1599,Private      ,14,5,19,2046,96,2142
00370500,COLLEGE OF WILLIAM & MARY               ,VA,23187-8795,Public       ,99,70,169,6900,3023,9923
00370600,CHRISTOPHER NEWPORT UNIVERSITY          ,VA,23606-2998,Public       ,89,49,138,5385,719,6104
00370700,RICHARD BLAND COLLEGE                   ,VA,23805-7100,Public       ,33,41,74,496,291,787
00370800,EASTERN MENNONITE UNIVERSITY            ,VA,22802-2462,Private      ,12,32,44,1007,331,1338
00370900,EMORY & HENRY COLLEGE                   ,VA,24327-0010,Private      ,8,9,17,1543,92,1635
00371100,FERRUM COLLEGE                          ,VA,24088-2612,Private      ,24,12,36,2006,177,2183
00371200,TIDEWATER COMMUNITY COLLEGE             ,VA,23510-1910,Public       ,566,1668,2234,6459,12059,18518
00371300,HAMPDEN-SYDNEY COLLEGE                  ,VA,23943-0128,Private      ,10,2,12,977,18,995
00371400,HAMPTON UNIVERSITY                      ,VA,23668-0099,Private      ,157,98,255,8858,2213,11071
00371500,HOLLINS UNIVERSITY                      ,VA,24020-0000,Private      ,12,32,44,844,537,1381
00371900,LONGWOOD UNIVERSITY                     ,VA,23909-1899,Public       ,56,34,90,4043,551,4594
00372000,LYNCHBURG COLLEGE                       ,VA,24501-3199,Private      ,22,31,53,2582,489,3071
00372100,JAMES MADISON UNIVERSITY                ,VA,22807-3780,Public       ,187,70,257,15504,1727,17231
00372300,MARY BALDWIN COLLEGE                    ,VA,24401-3610,Private      ,10,52,62,1109,739,1848
00372400,MARYMOUNT UNIVERSITY                    ,VA,22207-4224,Private      ,49,111,160,2155,1655,3810
00372600,NATIONAL COLLEGE                        ,VA,24153-4524,Proprietary  ,127,835,962,705,4956,5661
00372700,NORTHERN VA CMTY CLG                    ,VA,22003-3743,Public       ,695,1251,1946,6572,8086,14658
00372800,OLD DOMINION UNIVERSITY                 ,VA,23529-0052,Public       ,324,656,980,12318,9460,21778
00373200,RADFORD UNIVERSITY                      ,VA,24142-6905,Public       ,98,84,182,7007,1750,8757
00373300,RANDOLPH-MACON COLLEGE                  ,VA,23005-5505,Private      ,16,4,20,1695,56,1751
00373400,RANDOLPH COLLEGE                        ,VA,24503-1526,Private      ,6,7,13,840,87,927
00373500,VIRGINIA COMMONWEALTH UNIVERSITY        ,VA,23284-9004,Public       ,391,498,889,16211,10216,26427
00373600,ROANOKE COLLEGE                         ,VA,24153-3794,Private      ,25,4,29,2336,162,2498
00373700,SHENANDOAH UNIVERSITY                   ,VA,22601-5195,Private      ,35,58,93,1924,1530,3454
00373800,SOUTHERN VIRGINIA UNIVERSITY            ,VA,24416-3038,Private      ,30,10,40,745,197,942
00373900,ST PAULS COLLEGE                        ,VA,23868-1299,Private      ,15,25,40,583,356,939
00374200,SWEET BRIAR COLLEGE                     ,VA,24595-9998,Private      ,11,3,14,650,45,695
00374300,UNION THEO SEMINARY & PRESBYTRN SCH     ,VA,23227-0000,Private      ,0,6,6,1,95,96
00374400,UNIVERSITY OF RICHMOND                  ,VA,23173-0001,Private      ,27,74,101,3339,1912,5251
00374500,UNIVERSITY OF VIRGINIA - SFS            ,VA,22903-0000,Public       ,214,149,363,12913,7227,20140
00374600,UNIVERSITY OF MARY WASHINGTON           ,VA,22401-5358,Public       ,56,74,130,3484,718,4202
00374700,UNIV OF VIRGINIA'S COLLEGE AT WISE      ,VA,24293-4412,Public       ,17,23,40,1647,395,2042
00374800,EASTERN SHORE COMMUNITY COLLEGE         ,VA,23410-3000,Public       ,32,68,100,269,510,779
00374900,GEORGE MASON UNIVERSITY                 ,VA,22030-4444,Public       ,294,548,842,11904,9919,21823
00375100,PATRICK HENRY COMMUNITY COLLEGE         ,VA,24112-5311,Public       ,51,222,273,732,1583,2315
00375200,VIRGINIA INTERMONT COLLEGE              ,VA,24201-4298,Private      ,10,15,25,540,314,854
00375300,VIRGINIA MILITARY INSTITUTE             ,VA,24450-2138,Public       ,23,4,27,1256,44,1300
00375400,VIRGINIA POLYTECH INST & STATE UNIV     ,VA,24061-2000,Public       ,203,187,390,19849,3719,23568
00375800,DANVILLE COMMUNITY COLLEGE              ,VA,24541-4004,Public       ,102,261,363,981,1801,2782
00375900,J. SARGEANT REYNOLDS COMMUNITY CLG      ,VA,23285-0000,Public       ,243,660,903,2580,5193,7773
00376000,VIRGINIA WESTERN CMTY COLLEGE           ,VA,24038-0000,Public       ,133,398,531,1499,2656,4155
00376100,WYTHEVILLE COMMUNITY COLLEGE            ,VA,24382-3308,Public       ,36,153,189,834,1274,2108
00376200,VIRGINIA UNIVERSITY OF LYNCHBURG        ,VA,24501-6400,Private      ,1,20,21,34,149,183
00376400,VIRGINIA STATE UNIVERSITY               ,VA,23806-0001,Public       ,153,120,273,7606,1909,9515
00376500,NORFOLK STATE UNIVERSITY                ,VA,23504-8000,Public       ,166,308,474,7464,4376,11840
00376600,VIRGINIA UNION UNIVERSITY               ,VA,23220-1711,Private      ,46,58,104,2373,683,3056
00376700,VIRGINIA WESLEYAN COLLEGE               ,VA,23502-5599,Private      ,18,40,58,1763,460,2223
00376800,WASHINGTON & LEE UNIVERSITY             ,VA,24450-0303,Private      ,21,5,26,1487,1006,2493
00400400,JOHN TYLER COMMUNITY COLLEGE            ,VA,23831-5316,Public       ,195,451,646,1769,3202,4971
00450301,"EVEREST COLLEGE- EVEREST COLLEGE, MCLEAN",VA,22102-3000,Proprietary  ,1,12,13,1,12,13
00450702,"EVEREST COLLEGE- EVEREST COLLEGE, ARLING",VA,22203-1905,Proprietary  ,9,25,34,9,25,34
00498800,CENTRAL VIRGINIA COMMUNITY COLLEGE      ,VA,24502-2498,Public       ,59,215,274,959,1371,2330
00499200,MILLER-MOTTE TECHNICAL COLLEGE          ,VA,24505-0000,Proprietary  ,21,51,72,101,349,450
00499600,DABNEY S LANCASTER COMMUNITY CLG        ,VA,24422-1000,Public       ,14,64,78,405,407,812
00522300,NEW RIVER COMMUNITY COLLEGE             ,VA,24084-1127,Public       ,82,137,219,1134,1453,2587
00607500,ROANOKE MEM HOSP SCH RAD ONCOLOGY       ,VA,24033-0000,Private      ,0,2,2,2,5,7
00607501,ROANOKE MEM HOSP SCH RAD TECH           ,VA,24014-1850,Private      ,0,3,3,3,9,12
00662200,COLLEGE OF HEALTH SCIENCES - CHRV       ,VA,24031-0000,Private      ,8,57,65,462,720,1182
00681900,BLUE RIDGE COMMUNITY COLLEGE            ,VA,24486-0080,Public       ,88,159,247,1203,1201,2404
00687100,THOMAS NELSON COMMUNITY COLLEGE         ,VA,23670-0000,Public       ,253,690,943,2191,4375,6566
00709900,VIRGINIA HIGHLANDS COMMUNITY CLG        ,VA,24210-4210,Public       ,38,127,165,944,1122,2066
00726000,SOUTHWEST VIRGINIA COMMUNITY CLG        ,VA,24641-1510,Public       ,28,121,149,1000,1552,2552
00859200,LOUISE OBICI SCHOOL OF NURSING          ,VA,23434-8038,Private      ,0,9,9,5,44,49
00859202,SUFFOLK PUB SCH-LOUISE OBICI SCH PN     ,VA,23434-0000,Private      ,0,0,0,1,8,9
00865900,LORD FAIRFAX COMMUNITY COLLEGE          ,VA,22645-0047,Public       ,104,200,304,984,1299,2283
00866000,GERMANNA COMMUNITY COLLEGE              ,VA,22508-0339,Public       ,111,228,339,930,1426,2356
00866100,SOUTHSIDE VIRGINIA CMTY CLG             ,VA,23821-2930,Public       ,78,318,396,1146,2134,3280
00915900,PAUL D CAMP COMMUNITY COLLEGE           ,VA,23851-0737,Public       ,33,124,157,306,817,1123
00916000,RAPPAHANNOCK COMMUNITY COLLEGE          ,VA,23149-2616,Public       ,47,101,148,473,647,1120
00926700,EVEREST COLLEGE                         ,VA,23606-4203,Proprietary  ,52,349,401,167,1258,1425
00926701,EVEREST COLLEGE - CHESAPEAKE            ,VA,23320-2637,Proprietary  ,7,38,45,7,40,47
00942000,SANFORD-BROWN COLLEGE                   ,VA,22182-3913,Proprietary  ,40,86,126,357,597,954
00953500,STAUNTON SCHOOL OF COSMETOLOGY          ,VA,24401-4323,Proprietary  ,1,3,4,14,15,29
00953700,VIRGINIA SCH OF HAIR DESIGN             ,VA,23669-0000,Proprietary  ,6,11,17,35,118,153
00962900,MOUNTAIN EMPIRE COMMUNITY COLLEGE       ,VA,24219-0700,Public       ,33,127,160,1002,1521,2523
00992800,PIEDMONT VIRGINIA COMMUNITY COLLEGE     ,VA,22902-7589,Public       ,65,149,214,882,1221,2103
00995800,HICKS ACADEMY OF BEAUTY CULTURE         ,VA,23707-3218,Proprietary  ,0,0,0,2,6,8
01004300,BON SECOURS MEMORIAL SCH OF NURSING     ,VA,23227-4612,Private      ,13,26,39,166,449,615
01019800,ECPI COLLEGE OF TECHNOLOGY              ,VA,23462-6542,Proprietary  ,467,1487,1954,2039,6804,8843
01033800,EASTERN VIRGINIA MEDICAL SCHOOL         ,VA,23501-1980,Private      ,2,19,21,11,1020,1031
01159600,RALPH'S VIRGINIA SCH OF COSMETOLOGY     ,VA,24501-2652,Proprietary  ,3,6,9,18,25,43
01162601,WESTWOOD COLLEGE - SOUTH BAY - ARLINGTON,VA,22203-4167,Proprietary  ,24,55,79,173,235,408
01162602,WESTWOOD COLLEGE - SOUTH BAY - ANNANDALE,VA,22003-2602,Proprietary  ,25,65,90,145,265,410
01274401,SOUTHSIDE REGIONAL MED CTR PROF SCHOOLS ,VA,23803-5133,Proprietary  ,4,32,36,45,242,287
01274402,SOUTHSIDE REG MED CTR SCH RAD TECH      ,VA,23803-0000,Proprietary  ,0,5,5,7,30,37
02053000,LIBERTY UNIVERSITY                      ,VA,24502-0000,Private      ,445,2413,2858,12203,15972,28175
02108800,WARDS CORNER BEAUTY ACADEMY             ,VA,23505-0000,Proprietary  ,8,44,52,31,176,207
02111600,DANVILLE REGIONAL MEDICAL CENTER SCHOOL ,VA,24541-0000,Proprietary  ,2,5,7,27,86,113
02128700,CENTRAL SCHOOL OF PRACTICAL NURSING     ,VA,23502-2230,Public       ,1,4,5,10,53,63
02140000,RIVERSIDE SCHOOL OF HEALTH CAREERS      ,VA,23608-3802,Private      ,6,25,31,83,334,417
02175800,LYNCHBURG GENERAL HOSP SCH OF NURSG     ,VA,24501-0000,Private      ,3,7,10,74,131,205
02197600,WOODROW WILSON REHABILITATION CTR       ,VA,22939-0000,Public       ,7,4,11,27,26,53
02223100,HERITAGE INSTITUTE                      ,VA,22046-4400,Proprietary  ,3,4,7,10,48,58
02242400,HENRICO CTY ST MARYS HOSP PRAC NRSG     ,VA,23075-0000,Public       ,0,6,6,4,40,44
02247200,MEDSPA CAREERS INSTITUTE                ,VA,23606-0000,Proprietary  ,50,124,174,303,1035,1338
02304500,HERITAGE INSTITUTE                      ,VA,20111-0000,Proprietary  ,35,123,158,84,346,430
02320900,TIDEWATER TECH                          ,VA,23517-0000,Proprietary  ,19,72,91,79,286,365
02334400,CENTURA COLLEGE                         ,VA,23452-0000,Proprietary  ,96,726,822,459,3360,3819
02340000,COLONIAL HEIGHTS BEAUTY ACADEMY         ,VA,23834-0000,Proprietary  ,4,11,15,19,50,69
02342700,FORTIS COLLEGE                          ,VA,23502-4101,Proprietary  ,13,63,76,53,266,319
02342701,FORTIS COLLEGE - RICHMOND CAMPUS        ,VA,23236-3472,Proprietary  ,5,49,54,40,202,242
02535400,ECPI TECHNICAL COLLEGE                  ,VA,23236-0000,Proprietary  ,88,152,240,389,625,1014
02538800,SUFFOLK BEAUTY ACADEMY                  ,VA,23434-0000,Proprietary  ,6,14,20,14,54,68
02541200,STRATFORD UNIVERSITY                    ,VA,22043-0000,Proprietary  ,38,81,119,141,314,455
02541201,STRATFORD UNIVERSITY-WOODBRIDGE         ,VA,22192-0000,Proprietary  ,1,14,15,27,78,105
02567300,BRAXTON SCHOOL OF BUSINESS (THE)        ,VA,23230-0000,Proprietary  ,0,0,0,13,46,59
02588901,SANZ SCHOOL                             ,VA,22044-0000,Proprietary  ,0,0,0,1,3,4
02594200,RUDY & KELLY SCHOOL OF HAIR DESIGN      ,VA,23462-0000,Proprietary  ,0,0,0,1,1,2
02605900,TESST COLLEGE OF TECHNOLOGY             ,VA,22312-6342,Proprietary  ,4,21,25,78,304,382
02610100,WASHINGTON COUNTY ADULT SKILL CTR       ,VA,24210-2346,Public       ,2,19,21,18,88,106
03002400,GRAHAM WEBB INTERNATIONAL ACAD HAIR     ,VA,22209-2129,Proprietary  ,9,12,21,25,38,63
03010700,BAR PALMA BEAUTY CAREERS  ACADEMY       ,VA,24014-2255,Proprietary  ,2,9,11,20,48,68
03042800,"VIRGINIA BEACH CITY SCHOOLS, SCH.-PR.NSG",VA,23456-0038,Public       ,1,1,2,9,35,44
03091100,ACT COLLEGE                             ,VA,22209-2297,Proprietary  ,35,109,144,157,506,663
03091300,REGENT UNIVERSITY                       ,VA,23464-9800,Private      ,24,349,373,356,4482,4838
03092700,ECPI TECHNICAL COLLEGE-ROANOKE          ,VA,24012-1603,Proprietary  ,29,83,112,124,376,500
03096500,SPRINGFIELD BEAUTY ACADEMY              ,VA,22003-3016,Proprietary  ,4,28,32,12,96,108
03106500,SENTARA NORFOLK GENERAL HOSPITAL        ,VA,23320-2843,Private      ,17,58,75,129,476,605
03116900,BAPTIST THEOLOGICAL SEM.-RICHMOND       ,VA,23227-0000,Private      ,0,1,1,3,47,50
03126300,TIDEWATER TECH AVIATION                 ,VA,23320-5987,Proprietary  ,14,81,95,81,327,408
03126400,CENTURA COLLEGE                         ,VA,23235-5230,Proprietary  ,20,66,86,87,414,501
03126401,CENTURA COLLEGE - WEST                  ,VA,23294-0000,Proprietary  ,0,5,5,5,31,36
03127500,ADVANCED TECHNOLOGY INSTITUTE           ,VA,23462-2409,Proprietary  ,63,69,132,381,289,670
03280400,VIRGINIA SCHOOL OF MASSAGE              ,VA,22903-0000,Proprietary  ,6,31,37,29,118,147
03409500,RICHMOND SCHOOL OF HEALTH AND TECH      ,VA,23227-0000,Proprietary  ,18,66,84,107,597,704
03455300,CRESCENT COSMETOLOGY UNIVERSITY         ,VA,23666-3115,Proprietary  ,0,0,0,2,9,11
03559300,APPALACHIAN SCHOOL OF LAW               ,VA,24614-0000,Private      ,0,5,5,2,653,655
03638400,TAP THIS VALLEY WORKS CTR FOR EMPLO     ,VA,24016-1901,Private      ,0,14,14,1,27,28
03645400,RUDY & KELLY ACADEMY OF HAIR AND NA     ,VA,23464-6857,Proprietary  ,18,19,37,84,89,173
03654300,CAREER TRAINING SOLUTIONS               ,VA,22406-1014,Proprietary  ,5,49,54,53,258,311
03709300,EDWARD VIA VIRGINIA CLG OSTEOPATHIC MED ,VA,24060-6360,Private      ,0,6,6,7,670,677
03872400,INSTITUTE FOR THE PSYCHOLOGICAL SCIENCES,VA,22202-3609,Private      ,0,6,6,1,60,61
03876300,CULPEPER COSMETOLOGY TRAINING CENTER    ,VA,22701-3155,Public       ,0,6,6,3,17,20
03883400,AVIATION INSTITUTE OF MAINTENANCE       ,VA,20110-4156,Proprietary  ,7,38,45,47,153,200
03966300,CENTRAL BAPTIST THEOLOGICAL SEMINARY OF ,VA,23464-6847,Private      ,0,0,0,1,5,6
04038400,AVI CAREER INSTITUTE                    ,VA,22066-1839,Proprietary  ,1,10,11,2,36,38
04124000,DOMINION SCHOOL OF HAIR DESIGN          ,VA,23062-2221,Proprietary  ,1,7,8,1,7,8
00107000,THUNDERBIRD SCHOOL OF GLOBAL MANAGEMENT ,AZ,85306-6000,Private      ,0,57,57,4,657,661
00107100,ARIZONA WESTERN COLLEGE                 ,AZ,85366-0000,Public       ,212,368,580,2639,2708,5347
00107200,COCHISE COLLEGE                         ,AZ,85607-6190,Public       ,68,211,279,994,1594,2588
00107300,EASTERN ARIZONA COLLEGE                 ,AZ,85552-0769,Public       ,58,93,151,933,784,1717
00107400,GRAND CANYON UNIVERSITY                 ,AZ,85017-3030,Proprietary  ,119,3178,3297,1062,15640,16702
00107600,GLENDALE COMMUNITY COLLEGE              ,AZ,85302-3090,Public       ,454,844,1298,4368,5656,10024
00107700,MESA COMMUNITY COLLEGE                  ,AZ,85202-4866,Public       ,489,1029,1518,5429,7892,13321
00107800,PHOENIX COLLEGE                         ,AZ,85013-4234,Public       ,261,750,1011,2531,4681,7212
00107900,YAVAPAI COLLEGE                         ,AZ,86301-3297,Public       ,103,267,370,1134,1718,2852
00108100,ARIZONA STATE UNIV (ALL CAMPUSES)       ,AZ,85287-0412,Public       ,904,1403,2307,28214,21862,50076
00108200,NORTHERN ARIZONA UNIVERSITY             ,AZ,86011-0001,Public       ,355,691,1046,11898,9167,21065
00108300,UNIVERSITY OF ARIZONA                   ,AZ,85721-0066,Public       ,424,426,850,18805,10990,29795
00165701,MIDWESTERN UNIVERSITY                   ,AZ,85308-0000,Private      ,0,16,16,53,1882,1935
00446700,TUCSON COLLEGE                          ,AZ,85710-0000,Proprietary  ,25,111,136,150,579,729
00711300,SOUTHWESTERN COLLEGE                    ,AZ,85032-7097,Private      ,20,18,38,308,131,439
00726600,PIMA COUNTY COMMUNITY COLLEGE           ,AZ,85709-1110,Public       ,518,1135,1653,6396,8926,15322
00728300,CENTRAL ARIZONA COLLEGE                 ,AZ,85228-9779,Public       ,94,294,388,1130,1672,2802
00822100,UNIVERSAL TECHNICAL INSTITUTE           ,AZ,85323-7946,Proprietary  ,567,502,1069,9433,4089,13522
00824600,DINè COLLEGE                            ,AZ,86556-0126,Public       ,52,114,166,520,985,1505
00830300,GATEWAY COMMUNITY COLLEGE               ,AZ,85034-1795,Public       ,102,413,515,833,3099,3932
00830302,MARICOPA SKILL CENTER                   ,AZ,85034-0000,Public       ,33,137,170,158,649,807
00830400,SCOTTSDALE COMMUNITY COLLEGE            ,AZ,85250-0000,Public       ,190,341,531,2080,2433,4513
00886400,ARIZONA ACADEMY OF BEAUTY               ,AZ,85712-5021,Proprietary  ,5,13,18,22,54,76
00886500,ARTISTIC BEAUTY COLLEGES-TUCSON         ,AZ,85716-3999,Proprietary  ,42,58,100,145,226,371
00886501,ARTISTIC BEAUTY COLLEGES - TUCSON  - NOR,AZ,85705-1665,Proprietary  ,9,11,20,41,61,102
00945100,BROWN MACKIE COLLEGE                    ,AZ,85712-5300,Proprietary  ,12,60,72,113,433,546
01084700,ARIZONA AUTOMOTIVE INSTITUTE            ,AZ,85301-3503,Proprietary  ,84,142,226,408,727,1135
01085800,AVALON SCHOOL OF COSMETOLOGY            ,AZ,85210-4010,Proprietary  ,18,15,33,83,131,214
01157000,PIMA MEDICAL INSTITUTE-MESA             ,AZ,85202-2950,Proprietary  ,7,34,41,73,255,328
01168900,REFRIGERATION SCHOOL                    ,AZ,85034-0000,Proprietary  ,25,130,155,79,472,551
01180200,ARIZONA ACADEMY OF BEAUTY-NORTH         ,AZ,85705-2720,Proprietary  ,0,6,6,8,36,44
01180800,ARTISTIC BEAUTY COLLEGES-FLAGSTAFF      ,AZ,86004-5119,Proprietary  ,34,57,91,100,208,308
01180801,CLG OF BEAUTY ARTS & SCI/CHANDLER       ,AZ,85224-0000,Proprietary  ,9,29,38,38,117,155
01180802,CLG OF BEAUTY ARTS & SCI/PRESCOTT       ,AZ,86303-0000,Proprietary  ,11,18,29,23,54,77
01186200,NORTHLAND PIONEER COLLEGE               ,AZ,86025-2996,Public       ,43,196,239,323,1063,1386
01186400,MOHAVE COMMUNITY COLLEGE                ,AZ,86409-1238,Public       ,107,458,565,800,2983,3783
01218400,INTERNATIONAL ACAD OF HAIR DESIGN       ,AZ,85225-7198,Proprietary  ,5,13,18,72,109,181
01234300,ARTISTIC BEAUTY COLLEGES-PHOENIX        ,AZ,85304-0000,Proprietary  ,22,59,81,75,132,207
01234301,EMPIRE BEAUTY SCHOOL - AVONDALE         ,AZ,85323-2352,Proprietary  ,1,2,3,20,32,52
01293700,ARTISTIC BEAUTY COLLEGES - PARADISE VALL,AZ,85257-0000,Proprietary  ,12,12,24,27,39,66
02065200,ITT TECHNICAL INSTITUTE                 ,AZ,85282-0000,Proprietary  ,176,394,570,742,1860,2602
02065300,PRESCOTT COLLEGE                        ,AZ,86301-0000,Private      ,26,100,126,352,933,1285
02071200,KAPLAN COLLEGE                          ,AZ,85029-4349,Proprietary  ,36,180,216,166,603,769
02098800,UNIVERSITY OF PHOENIX                   ,AZ,85040-0000,Proprietary  ,3969,81691,85660,12681,274079,286760
02100500,UNIVERSAL TECHNICAL INSTITUTE           ,AZ,85027-0000,Proprietary  ,525,673,1198,6854,5276,12130
02100600,APOLLO COLLEGE                          ,AZ,85015-0000,Proprietary  ,269,982,1251,1312,3910,5222
02113800,ROBERTO-VENN SCH OF LUTHIERY            ,AZ,85040-0000,Proprietary  ,5,4,9,39,31,70
02146600,SOUTH MOUNTAIN COMMUNITY COLLEGE        ,AZ,85040-0000,Public       ,97,274,371,1022,1782,2804
02171500,WESTERN INTERNATIONAL UNIVERSITY        ,AZ,85021-0000,Proprietary  ,27,683,710,134,4212,4346
02173300,DEVOE COLLEGE OF BEAUTY                 ,AZ,85635-0000,Proprietary  ,2,0,2,8,13,21
02174900,COLLINS COLLEGE                         ,AZ,85040-4000,Proprietary  ,170,194,364,1737,1265,3002
02177500,RIO SALADO COMMUNITY COLLEGE            ,AZ,85281-0000,Public       ,118,1162,1280,703,5917,6620
02181300,LONG TECHNICAL COLLEGE                  ,AZ,85008-6915,Proprietary  ,0,0,0,4,11,15
02192300,MARICOPA BEAUTY COLLEGE                 ,AZ,85323-0000,Proprietary  ,11,7,18,53,60,113
02199900,AMERICAN INDIAN CLG-ASSEMBLIES GOD      ,AZ,85021-0000,Private      ,3,4,7,47,41,88
02217100,PIMA MEDICAL INSTITUTE                  ,AZ,85716-0000,Proprietary  ,308,963,1271,1402,4426,5828
02218800,BROOKLINE COLLEGE                       ,AZ,85019-1600,Proprietary  ,49,403,452,189,1487,1676
02220300,ARTISTIC BEAUTY COLLEGES-GLENDALE       ,AZ,85051-0000,Proprietary  ,26,27,53,71,115,186
02263100,ANTHEM COLLEGE                          ,AZ,85014-0000,Proprietary  ,335,925,1260,2832,8935,11767
02280500,CHARLES OF ITALY BEAUTY COLLEGE         ,AZ,86403-0000,Proprietary  ,5,22,27,24,80,104
02295000,EVEREST COLLEGE                         ,AZ,85021-1610,Proprietary  ,118,946,1064,467,3473,3940
02295002,EVEREST COLLEGE - MESA                  ,AZ,85206-4704,Proprietary  ,4,26,30,5,27,32
02317800,AMERICAN INSTITUTE OF TECHNOLOGY        ,AZ,85043-0000,Proprietary  ,7,216,223,33,727,760
02361100,ITT TECHNICAL INSTITUTE                 ,AZ,85704-0000,Proprietary  ,104,187,291,506,985,1491
02491500,THE ART CENTER DESIGN COLLEGE           ,AZ,85716-0000,Proprietary  ,23,53,76,212,380,592
02521500,LAMSON COLLEGE                          ,AZ,85284-1141,Proprietary  ,38,151,189,133,648,781
02559000,UNIVERSITY OF ADVANCING TECHNOLOGY      ,AZ,85283-0000,Proprietary  ,63,73,136,964,607,1571
02561900,TONI AND GUY HAIRDRESSING ACADEMY       ,AZ,85251-3301,Proprietary  ,31,17,48,164,110,274
02582700,CORTIVA INSTITUTE - TUCSON              ,AZ,85710-3503,Proprietary  ,14,22,36,47,104,151
02616700,SCOTTSDALE CULINARY INSTITUTE           ,AZ,85251-2729,Proprietary  ,143,278,421,1236,1878,3114
02623600,PARADISE VALLEY COMMUNITY COLLEGE       ,AZ,85032-1210,Public       ,136,279,415,1320,2061,3381
02623800,CORTIVA INSTITUTE - SCOTTSDALE          ,AZ,85257-4218,Proprietary  ,6,17,23,28,91,119
03005000,SAFFORD COLLEGE OF BEAUTY CULTURE       ,AZ,85546-3309,Proprietary  ,2,8,10,6,30,36
03010613,VIRGINIA COLLEGE - GOLF ACADEMY OF ARIZO,AZ,85225-6742,Proprietary  ,16,27,43,119,145,264
03030604,UTAH COLLEGE OF MASSAGE THERAPY - ARIZON,AZ,85282-0000,Proprietary  ,47,62,109,177,287,464
03030605,UTAH COLLEGE OF MASSAGE THERAPY - ARIZON,AZ,85051-3470,Proprietary  ,37,85,122,163,316,479
03034400,CONSERVATORY RECORDING ARTS & SCIS      ,AZ,85282-1707,Proprietary  ,68,90,158,443,523,966
03072200,CHANDLER-GILBERT COMMUNITY COLLEGE      ,AZ,85225-2499,Public       ,199,363,562,1748,2351,4099
03076400,BRYMAN SCHOOL OF ARIZONA                ,AZ,85029-4919,Proprietary  ,308,754,1062,2189,3545,5734
03076406,BRYMAN SCHOOL OF ARIZONA (THE) - TEMPE  ,AZ,85284-0000,Proprietary  ,0,1,1,0,1,1
03097800,CARSTEN INSTITUTE OF HAIR & BEAUTY      ,AZ,85282-5404,Proprietary  ,31,27,58,116,115,231
03100400,COCONINO COUNTY COMMUNITY COLLEGE       ,AZ,86001-2701,Public       ,70,159,229,782,1091,1873
03107000,SOUTHWEST CLG OF NATUROPATHIC MED       ,AZ,85282-0000,Private      ,1,26,27,7,410,417
03115000,ARIZONA COLLEGE OF ALLIED HEALTH        ,AZ,85302-3843,Proprietary  ,12,81,93,67,370,437
03120300,COLLEGE AMERICA                         ,AZ,86004-3936,Proprietary  ,14,53,67,93,287,380
03156300,ESTRELLA MOUNTAIN COMMUNITY COLLEGE     ,AZ,85392-1010,Public       ,135,251,386,1126,1805,2931
03156301,ESTRELLA MOUNTAIN COMMUNITY COLLEGE - SO,AZ,85392-1010,Public       ,42,80,122,215,457,672
03347300,INTERNATIONAL BAPTIST COLLEGE           ,AZ,85282-6799,Private      ,4,1,5,27,16,43
03445300,HDS TRUCK DRIVING INSTITUTE             ,AZ,85731-0000,Proprietary  ,3,51,54,10,148,158
03478400,PHOENIX SEMINARY                        ,AZ,85018-7611,Private      ,0,4,4,1,49,50
03572300,EAST VALLEY INSTITUTE OF TECHNOLOGY     ,AZ,85201-6910,Public       ,11,21,32,56,94,150
03593300,SOUTHWEST INSTITUTE OF HEALING ARTS     ,AZ,85281-3658,Proprietary  ,11,92,103,68,358,426
03617500,PHOENIX INSTITUTE OF HERBAL MEDICINE & A,AZ,85012-0000,Proprietary  ,0,13,13,2,88,90
03695500,ARIZONA SCHOOL OF ACUPUNCTURE AND ORIENT,AZ,85712-1100,Proprietary  ,0,6,6,3,49,52
03740500,ART INSTITUTE OF TUCSON (THE)           ,AZ,85712-2732,Proprietary  ,10,26,36,82,98,180
03784400,TOHONO O'ODHAM COMMUNITY COLLEGE        ,AZ,85634-3129,Public       ,1,10,11,14,59,73
03814300,TURNING POINT BEAUTY COLLEGE            ,AZ,85222-4229,Proprietary  ,5,6,11,10,39,49
04051300,ART INSTITUTE OF PHOENIX (THE)          ,AZ,85021-2859,Proprietary  ,70,75,145,934,778,1712
04059300,TUCSON COLLEGE OF BEAUTY                ,AZ,85705-2451,Proprietary  ,5,15,20,33,46,79
04120900,ARIZONA CULINARY INSTITUTE              ,AZ,85259-4939,Proprietary  ,25,44,69,78,120,198
00142800,DELAWARE STATE UNIVERSITY               ,DE,19901-2277,Public       ,130,97,227,5467,1422,6889
00142900,GOLDEY BEACOM COLLEGE                   ,DE,19808-1993,Private      ,13,38,51,481,384,865
00143100,UNIVERSITY OF DELAWARE                  ,DE,19716-0099,Public       ,219,116,335,17608,2048,19656
00143300,WESLEY COLLEGE                          ,DE,19901-3875,Private      ,16,25,41,2035,348,2383
00143301,WESLEY COLLEGE-CTR FOR ADULT STUDIE     ,DE,19720-0000,Private      ,5,69,74,41,434,475
00331301,WIDENER UNIV SCHOOL OF LAW - DE         ,DE,19803-0000,Private      ,1,27,28,24,1517,1541
00705300,DELAWARE TECH & CMTY COLLEGE-OWENS      ,DE,19947-0000,Public       ,71,270,341,1350,1834,3184
00794800,WILMINGTON UNIVERSITY                   ,DE,19720-6491,Private      ,97,504,601,1379,4307,5686
01172700,DELAWARE TECH & CMTY CLG-TERRY          ,DE,19901-8736,Public       ,57,193,250,1258,1566,2824
01195002,DELAWARE COLLEGE OF ART & DESIGN        ,DE,19801-0000,Private      ,10,9,19,292,56,348
02125200,BEEBE SCHOOL OF NURSING                 ,DE,19958-1462,Private      ,0,3,3,28,33,61
02144900,DELAWARE TECH & CMTY CLG-STANTN/WLM     ,DE,19801-0000,Public       ,179,345,524,2253,2611,4864
02190400,SCHILLING DOUGLAS SCH OF HAIR DSGN      ,DE,19711-0000,Proprietary  ,11,16,27,75,130,205
02586902,STAR TECHNICAL INSTITUTE -              ,DE,19901-4615,Proprietary  ,16,43,59,38,227,265
03021000,HARRISON CAREER INSTITUTE               ,DE,19804-3259,Proprietary  ,0,0,0,0,1,1
03025800,DAWN TRAINING CENTRE                    ,DE,19805-1511,Proprietary  ,10,75,85,64,341,405
03543300,HARRIS SCHOOL OF BUSINESS               ,DE,19803-5341,Proprietary  ,23,96,119,59,322,381
03702300,DELAWARE LEARNING INSTITUTE OF COSMETOLO,DE,19939-9759,Proprietary  ,9,23,32,29,65,94
00143400,AMERICAN UNIVERSITY                     ,DC,20016-8020,Private      ,70,190,260,9760,8383,18143
00143700,CATHOLIC UNIVERSITY OF AMERICA          ,DC,20064-0002,Private      ,37,95,132,3935,1969,5904
00143711,"CATHOLIC UNIV AMERICA, LAW SCHOOL       ",DC,20064-0000,Private      ,1,15,16,28,1334,1362
00144100,UNIV OF THE DISTRICT OF COLUMBIA        ,DC,20008-0000,Public       ,97,345,442,1689,3520,5209
00144102,UNIVERSITY OF THE DISTRICT OF COLUMBIA -,DC,20008-1173,Public       ,3,10,13,37,585,622
00144300,GALLAUDET UNIVERSITY                    ,DC,20002-3695,Private      ,25,25,50,781,696,1477
00144400,GEORGE WASHINGTON UNIVERSITY            ,DC,20052-2353,Private      ,104,482,586,10616,7826,18442
00144402,GEORGE WASHINGTON UNIV LAW SCHL         ,DC,20052-0000,Private      ,1,43,44,16,4405,4421
00144403,GEORGE WASHINGTON UNIV SCH MED          ,DC,20052-0000,Private      ,1,7,8,34,1040,1074
00144500,GEORGETOWN UNIVERSITY                   ,DC,20057-1252,Private      ,102,192,294,9929,4525,14454
00144501,"GEORGETOWN UNIV, SCH OF MEDICINE        ",DC,20007-0000,Private      ,0,5,5,32,1177,1209
00144503,GEORGETOWN UNIV LAW CENTER              ,DC,20001-0000,Private      ,1,33,34,24,4724,4748
00144800,HOWARD UNIVERSITY                       ,DC,20059-0001,Private      ,260,225,485,11114,7339,18453
00145600,SOUTHEASTERN UNIVERSITY                 ,DC,20024-2788,Private      ,9,93,102,153,907,1060
00145900,STRAYER UNIVERSITY                      ,DC,20005-2603,Proprietary  ,306,6727,7033,1191,30826,32017
00146000,TRINITY UNIVERSITY                      ,DC,20017-1004,Private      ,19,107,126,791,1314,2105
00146400,WESLEY THEOLOGICAL SEMINARY             ,DC,20016-0000,Private      ,0,13,13,1,256,257
00207701,JOHNS HOPKINS UNIV SCH ADV INTL STU     ,DC,20036-0000,Private      ,1,27,28,20,1188,1208
01006500,WASHINGTON THEOLOGICAL UNION            ,DC,20012-0000,Private      ,0,3,3,1,44,45
01195000,THE CORCORAN COLLEGE OF ART & DESIG     ,DC,20006-4804,Private      ,7,16,23,364,261,625
01266500,HARRISON CTR FOR CAREER EDUCATION       ,DC,20001-5303,Private      ,0,1,1,1,7,8
01280300,DOMINICAN HOUSE OF STUDIES              ,DC,20017-1584,Private      ,0,3,3,1,10,11
02132800,NAT'L CONSERVATORY DRAMATIC ARTS        ,DC,20007-2758,Private      ,1,5,6,6,22,28
02279200,DUDLEY BEAUTY COLG-WASHINGTON           ,DC,20018-0000,Proprietary  ,3,24,27,41,130,171
02588900,SANZ SCHOOL                             ,DC,20006-0000,Proprietary  ,50,290,340,190,924,1114
03104300,CAREER BLAZERS LEARNING CENTER OF WASHIN,DC,20037-1881,Proprietary  ,19,165,184,86,565,651
03218300,POTOMAC COLLEGE                         ,DC,20016-1860,Proprietary  ,4,63,67,25,343,368
03409600,BENNETT CAREER INSTITUTE                ,DC,20017-1754,Proprietary  ,9,30,39,62,214,276
03750300,TECHNICAL LEARNING CENTERS              ,DC,20005-3415,Proprietary  ,15,54,69,41,191,232
00154100,ABRAHAM BALDWIN AGRICULTURAL CLG        ,GA,31794-0000,Public       ,138,157,295,2834,1412,4246
00154200,AGNES SCOTT COLLEGE                     ,GA,30030-3797,Private      ,19,21,40,1110,265,1375
00154300,DARTON COLLEGE                          ,GA,31707-3098,Public       ,134,410,544,2072,3779,5851
00154400,ALBANY STATE UNIVERSITY                 ,GA,31705-2796,Public       ,146,240,386,5942,3263,9205
00154500,ANDREW COLLEGE                          ,GA,39840-1313,Private      ,4,5,9,342,49,391
00154600,ARMSTRONG ATLANTIC STATE UNIVERSITY     ,GA,31419-1997,Public       ,162,411,573,3589,4608,8197
00154700,ATLANTA CHRISTIAN COLLEGE               ,GA,30344-1999,Private      ,10,12,22,393,163,556
00155200,AUGUSTA STATE UNIVERSITY                ,GA,30904-2200,Public       ,156,370,526,4029,4064,8093
00155400,BERRY COLLEGE                           ,GA,30149-5007,Private      ,33,21,54,2089,207,2296
00155500,THOMAS UNIVERSITY                       ,GA,31792-7499,Private      ,13,111,124,285,803,1088
00155600,BRENAU UNIVERSITY                       ,GA,30501-3668,Private      ,38,190,228,1063,2254,3317
00155700,BREWTON PARKER COLLEGE                  ,GA,30445-0000,Private      ,24,87,111,652,721,1373
00155800,COASTAL GEORGIA COMMUNITY COLLEGE       ,GA,31520-3644,Public       ,110,291,401,1203,2213,3416
00155900,CLARK ATLANTA UNIVERSITY                ,GA,30314-4385,Private      ,337,235,572,12131,3877,16008
00156000,COLUMBIA THEOLOGICAL SEMINARY           ,GA,30031-0000,Private      ,0,5,5,1,155,156
00156100,COLUMBUS STATE UNIVERSITY               ,GA,31907-5645,Public       ,223,404,627,4989,4158,9147
00156200,GEORGIA PERIMETER COLLEGE               ,GA,30021-0000,Public       ,982,1824,2806,9745,13078,22823
00156300,EMMANUEL COLLEGE                        ,GA,30639-0000,Private      ,33,11,44,657,158,815
00156400,EMORY UNIVERSITY                        ,GA,30322-1960,Private      ,147,286,433,8533,7240,15773
00156600,FORT VALLEY STATE UNIVERSITY            ,GA,31030-3298,Public       ,133,136,269,3733,1368,5101
00156700,GAINESVILLE STATE COLLEGE               ,GA,30503-0000,Public       ,345,282,627,4046,1978,6024
00156800,INTERDENOMINATIONAL THEOLOGY CENTER     ,GA,30314-0000,Private      ,0,21,21,3,522,525
00156900,GEORGIA INSTITUTE OF TECHNOLOGY         ,GA,30332-0002,Public       ,236,192,428,12300,3103,15403
00157000,SOUTHERN POLYTECHNIC STATE UNIV         ,GA,30060-2896,Public       ,70,159,229,2178,1671,3849
00157100,GEORGIA MILITARY COLLEGE                ,GA,31061-3398,Public       ,249,397,646,2531,3245,5776
00157200,GEORGIA SOUTHERN UNIVERSITY             ,GA,30460-8065,Public       ,365,339,704,14382,4444,18826
00157300,GEORGIA SOUTHWESTERN STATE UNIV         ,GA,31709-4693,Public       ,52,111,163,1642,1312,2954
00157400,GEORGIA STATE UNIVERSITY                ,GA,30303-3010,Public       ,663,1511,2174,18118,18363,36481
00157500,GORDON COLLEGE                          ,GA,30204-1762,Public       ,221,201,422,3425,1713,5138
00157700,KENNESAW STATE UNIVERSITY               ,GA,30144-5591,Public       ,456,920,1376,10258,9190,19448
00157800,LAGRANGE COLLEGE                        ,GA,30240-2999,Private      ,15,38,53,1250,501,1751
00157900,MEDICAL COLLEGE OF GEORGIA              ,GA,30912-0004,Public       ,19,52,71,454,2198,2652
00158000,MERCER UNIVERSITY                       ,GA,31207-0003,Private      ,93,400,493,3690,6272,9962
00158100,MIDDLE GEORGIA COLLEGE                  ,GA,31014-1599,Public       ,126,157,283,2893,1504,4397
00158200,MOREHOUSE COLLEGE                       ,GA,30314-3773,Private      ,84,64,148,4108,699,4807
00158500,NORTH GEORGIA COLLEGE & STATE UNIV      ,GA,30597-0001,Public       ,109,138,247,2901,1464,4365
00158600,OGLETHORPE UNIVERSITY                   ,GA,30319-2737,Private      ,37,44,81,879,414,1293
00158700,PAINE COLLEGE                           ,GA,30901-3182,Private      ,44,33,77,1529,442,1971
00158800,PIEDMONT COLLEGE                        ,GA,30535-5644,Private      ,31,330,361,784,1763,2547
00158900,REINHARDT COLLEGE                       ,GA,30183-2981,Private      ,27,37,64,882,291,1173
00159000,SAVANNAH STATE UNIVERSITY               ,GA,31404-5298,Public       ,167,155,322,4734,1937,6671
00159100,SHORTER COLLEGE                         ,GA,30165-4298,Private      ,44,388,432,1216,2477,3693
00159200,SOUTH GEORGIA COLLEGE                   ,GA,31533-8104,Public       ,78,87,165,1271,873,2144
00159400,SPELMAN COLLEGE                         ,GA,30314-4399,Private      ,117,77,194,5068,899,5967
00159600,TOCCOA FALLS COLLEGE                    ,GA,30598-0001,Private      ,19,24,43,1026,234,1260
00159700,TRUETT MCCONNELL COLLEGE                ,GA,30528-1264,Private      ,31,8,39,471,64,535
00159800,UNIVERSITY OF GEORGIA                   ,GA,30602-6114,Public       ,523,509,1032,17811,8840,26651
00159900,VALDOSTA STATE UNIVERSITY               ,GA,31698-0001,Public       ,321,347,668,9146,4177,13323
00160000,WESLEYAN COLLEGE                        ,GA,31210-4407,Private      ,9,35,44,350,451,801
00160100,UNIV OF WEST GEORGIA                    ,GA,30118-0002,Public       ,265,448,713,7999,4045,12044
00160200,GEORGIA COLLEGE & STATE UNIVERSITY      ,GA,31061-0490,Public       ,152,133,285,4595,1666,6261
00160400,YOUNG HARRIS COLLEGE                    ,GA,30582-4137,Private      ,20,5,25,706,29,735
00348400,COVENANT COLLEGE                        ,GA,30750-4164,Private      ,35,39,74,1151,365,1516
00395600,DALTON STATE COLLEGE                    ,GA,30720-3797,Public       ,136,327,463,2080,2355,4435
00402400,GEORGIA NORTHWESTERN TECHNICAL COLLEGE  ,GA,30161-6757,Public       ,113,352,465,823,2242,3065
00402403,NORTHWESTERN TECHNICAL COLLEGE          ,GA,30739-0569,Public       ,67,297,364,572,1937,2509
00411700,GRADY HEALTH SYSTEM                     ,GA,30303-3050,Public       ,5,17,22,81,198,279
00525400,LANIER TECHNICAL COLLEGE                ,GA,30566-3499,Public       ,83,302,385,601,1890,2491
00525500,MOULTRIE TECHNICAL COLLEGE              ,GA,31768-0000,Public       ,67,225,292,534,1952,2486
00525600,VALDOSTA TECHNICAL COLLEGE              ,GA,31603-0000,Public       ,88,282,370,730,2102,2832
00551100,OKEFENOKEE TECHNICAL COLLEGE            ,GA,31501-4016,Public       ,46,143,189,365,1154,1519
00559900,AUGUSTA TECHNICAL COLLEGE               ,GA,30906-3399,Public       ,174,582,756,1611,4490,6101
00560000,ATHENS TECHNICAL COLLEGE                ,GA,30601-1579,Public       ,200,489,689,1641,3377,5018
00560100,ALBANY TECHNICAL COLLEGE                ,GA,31701-2648,Public       ,119,388,507,950,3128,4078
00561300,FLINT RIVER TECHNICAL INSTITUTE         ,GA,30286-0014,Public       ,33,155,188,158,884,1042
00561500,SOUTHWEST GEORGIA TECHNICAL COLLEGE     ,GA,31792-2622,Public       ,54,212,266,486,1527,2013
00561700,SOUTH GEORGIA TECHNICAL COLLEGE         ,GA,31709-8167,Public       ,81,202,283,679,1234,1913
00561800,SAVANNAH TECHNICAL COLLEGE              ,GA,31405-5594,Public       ,223,967,1190,1736,5726,7462
00561900,NORTH GEORGIA TECHNICAL COLLEGE         ,GA,30523-0000,Public       ,98,209,307,773,1518,2291
00562000,CHATTAHOOCHEE TECHNICAL COLLEGE         ,GA,30060-3398,Public       ,209,462,671,1762,3593,5355
00562004,NORTH METRO TECHNICAL COLLEGE           ,GA,30102-3129,Public       ,160,270,430,1000,2006,3006
00562005,APPALACHIAN TECHNICAL COLLEGE           ,GA,30143-0000,Public       ,29,95,124,218,567,785
00562100,GRIFFIN TECHNICAL COLLEGE               ,GA,30223-2097,Public       ,140,441,581,931,2754,3685
00562200,DEKALB TECHNICAL COLLEGE                ,GA,30021-0000,Public       ,128,580,708,1053,4057,5110
00562400,COLUMBUS TECHNICAL COLLEGE              ,GA,31904-6572,Public       ,128,447,575,1008,3262,4270
00576300,CENTRAL GEORGIA TECHNICAL COLLEGE       ,GA,31206-3628,Public       ,196,693,889,1373,5583,6956
00772800,MACON STATE COLLEGE                     ,GA,31206-5145,Public       ,181,518,699,2977,4880,7857
00854300,ATLANTA TECHNICAL COLLEGE               ,GA,30310-4499,Public       ,190,699,889,1322,4165,5487
00897600,CLAYTON STATE UNIVERSITY                ,GA,30260-0285,Public       ,246,654,900,4281,6274,10555
00918300,EAST CENTRAL TECHNICAL COLLEGE          ,GA,31750-0000,Public       ,49,153,202,248,922,1170
00927000,ART INSTITUTE OF ATLANTA                ,GA,30328-1649,Proprietary  ,563,543,1106,5106,3618,8724
00950700,GEORGIA HIGHLANDS COLLEGE               ,GA,30162-0000,Public       ,191,239,430,2359,2031,4390
01031903,MEDIX SCHOOL                            ,GA,30080-7630,Proprietary  ,36,160,196,179,685,864
01035601,EVEREST INSTITUTE - DEKALB              ,GA,30035-3420,Proprietary  ,10,47,57,10,47,57
01048700,WEST GEORGIA TECHNICAL COLLEGE          ,GA,30182-6476,Public       ,149,411,560,1111,2917,4028
01048704,WEST GEORGIA TECHNICAL COLLEGE          ,GA,30240-5957,Public       ,51,164,215,442,1264,1706
01077100,GUPTON JONES COLLEGE                    ,GA,30035-4022,Private      ,7,28,35,94,224,318
01099700,EAST GEORGIA COLLEGE                    ,GA,30401-2699,Public       ,104,90,194,1595,752,2347
01107400,BAINBRIDGE COLLEGE                      ,GA,39819-8400,Public       ,78,306,384,895,2421,3316
01110901,EVEREST COLLEGE - EVEREST INSTITUTE     ,GA,30067-8340,Proprietary  ,9,28,37,17,62,79
01112301,EVEREST COLLEGE - EVEREST INSTITUTE- NOR,GA,30093-2813,Proprietary  ,12,40,52,12,40,52
01157400,BAUDER COLLEGE                          ,GA,30313-2439,Proprietary  ,99,154,253,616,858,1474
01205100,PRO WAY HAIR SCHOOL                     ,GA,30083-2884,Proprietary  ,9,50,59,76,223,299
01216500,ATLANTA METROPOLITAN COLLEGE            ,GA,30310-4498,Public       ,169,397,566,1670,2558,4228
01303900,SOUTH UNIVERSITY                        ,GA,31406-4881,Proprietary  ,137,1891,2028,805,8625,9430
02055000,WAYCROSS COLLEGE                        ,GA,31503-0000,Public       ,23,61,84,492,606,1098
02060900,BROWN CLG OF COURT REPORTING & M.T.     ,GA,30318-2570,Proprietary  ,3,32,35,19,283,302
02074800,LIFE UNIVERSITY                         ,GA,30060-0000,Private      ,26,97,123,250,1861,2111
02089700,HERZING COLLEGE                         ,GA,30326-1332,Proprietary  ,26,118,144,205,888,1093
02110501,ART INSTITUTE OF CHARLOTTE (THE) - BROWN,GA,30319-3054,Proprietary  ,2,5,7,38,30,68
02113604,AMERICAN INTERCONTINENTAL UNIV - DUNWOOD,GA,30328-1649,Proprietary  ,62,245,307,711,1942,2653
02116000,SANFORD-BROWN COLLEGE                   ,GA,30328-4803,Proprietary  ,42,234,276,370,1975,2345
02141500,SAVANNAH COLLEGE OF ART & DESIGN        ,GA,31402-3146,Private      ,272,200,472,7194,2878,10072
02202800,AUGUSTA AREA DIET INTERN UNIV HOSP      ,GA,30901-0000,Private      ,0,2,2,1,17,18
02205300,SAVANNAH RIVER COLLEGE                  ,GA,30909-0000,Proprietary  ,8,66,74,62,387,449
02217200,PORTFOLIO CENTER                        ,GA,30309-0000,Proprietary  ,3,20,23,29,128,157
02263105,ANTHEM COLLEGE - HIGH-TECH INSTITUTE - M,GA,30324-3398,Proprietary  ,1,3,4,1,3,4
02266200,AMERICAN PROFESSIONAL INSTITUTE         ,GA,31201-0000,Proprietary  ,30,221,251,140,902,1042
02279500,HEART OF GEORGIA TECHNICAL COLLEGE      ,GA,31021-0000,Public       ,32,152,184,334,1044,1378
02284300,INTERACTIVE COLLEGE OF TECHNOLOGY       ,GA,30341-0000,Proprietary  ,44,271,315,195,1337,1532
02284308,INTERACTIVE LEARNING SYSTEMS            ,GA,30260-0000,Proprietary  ,15,71,86,56,214,270
02284309,INTERACTIVE COLLEGE OF TECHNOLOGY       ,GA,30501-0000,Proprietary  ,9,52,61,27,155,182
02285500,"CREATIVE CIRCUS, THE                    ",GA,30324-0000,Proprietary  ,10,20,30,57,228,285
02288400,GWINNETT TECHNICAL INSTITUTE            ,GA,30043-5702,Public       ,248,678,926,1862,4465,6327
02313902,WESTWOOD COLLEGE - O'HARE AIRPORT - ATLA,GA,30345-2807,Proprietary  ,49,74,123,219,378,597
02318600,GEORGIA MEDICAL INSTITUTE               ,GA,30303-0000,Proprietary  ,42,206,248,489,1982,2471
02321400,ROFFLER-MOLER HAIRSTYLING COLLEGE       ,GA,30062-0000,Proprietary  ,10,27,37,29,108,137
02354500,SOUTHEASTERN BEAUTY SCHOOLS             ,GA,31906-0000,Proprietary  ,4,20,24,14,119,133
02482100,MOREHOUSE SCHOOL OF MEDICINE            ,GA,30310-0000,Private      ,12,7,19,101,542,643
02502700,ADVANCED CAREER TRAINING                ,GA,30329-0000,Proprietary  ,22,75,97,108,424,532
02502701,ADVANCED CAREER TRAINING-RIVERDALE      ,GA,30274-0000,Proprietary  ,13,113,126,81,456,537
02508600,MIDDLE GEORGIA TECHNICAL COLLEGE        ,GA,31088-0000,Public       ,93,269,362,733,1789,2522
02520000,INTERNATIONAL SCH SKIN & NAILCARE       ,GA,30342-1119,Proprietary  ,7,51,58,29,228,257
02577000,ARNOLD / PADRICKS  UNIV OF COSM         ,GA,30297-0000,Proprietary  ,5,36,41,27,121,148
02577700,BEAUTY COLLEGE OF AMERICA               ,GA,30297-0000,Proprietary  ,1,19,20,14,69,83
02578300,INTERNATIONAL CITY BEAUTY COLLEGE       ,GA,31093-3631,Proprietary  ,0,2,2,3,17,20
02580200,ATLANTA SCHOOL OF MASSAGE               ,GA,30338-0000,Proprietary  ,10,59,69,67,256,323
02583000,GWINNETT COLLEGE OF BUSINESS            ,GA,30047-3447,Proprietary  ,18,81,99,112,585,697
02607600,CAPELLI LEARNING CTR FOR COSM           ,GA,30324-0000,Proprietary  ,12,25,37,56,160,216
03005400,ARTISTIC BEAUTY COLLEGE                 ,GA,30013-2076,Proprietary  ,38,137,175,204,573,777
03022601,WESTERN CULINARY INSTITUTE - LE CORDON B,GA,30084-5893,Proprietary  ,9,15,24,99,127,226
03030000,OGEECHEE TECHNICAL COLLEGE              ,GA,30458-8049,Public       ,101,245,346,976,1898,2874
03032100,ALTAMAHA TECHNICAL COLLEGE              ,GA,31545-4465,Public       ,32,122,154,259,868,1127
03042700,LAURUSTECHNICAL INSTITUTE               ,GA,30030-1506,Proprietary  ,14,163,177,48,485,533
03066500,SOUTHEASTERN TECHNICAL COLLEGE          ,GA,30474-8817,Public       ,42,138,180,298,912,1210
03066502,SWAINSBORO TECHNICAL COLLEGE            ,GA,30401-5700,Public       ,26,103,129,196,596,792
03072304,EVEREST COLLEGE - EVEREST INSTITUTE     ,GA,30236-0000,Proprietary  ,18,59,77,56,165,221
03076300,BEULAH HEIGHTS BIBLE COLLEGE            ,GA,30316-1873,Private      ,0,50,50,34,623,657
03079202,WESTWOOD COLLEGE - ATLANTA MIDTOWN      ,GA,30309-2848,Proprietary  ,79,108,187,560,652,1212
03081500,SOUTHEASTERN BEAUTY SCHOOL              ,GA,31917-0000,Proprietary  ,3,22,25,12,125,137
03089100,GEORGIA INSTITUTE OF COSMETOLOGY        ,GA,30606-3152,Proprietary  ,10,32,42,86,234,320
03090600,COBB BEAUTY COLLEGE                     ,GA,30144-2828,Proprietary  ,1,14,15,13,59,72
03100900,LUTHER RICE UNIVERSITY                  ,GA,30038-2454,Private      ,3,63,66,14,594,608
03102000,RIVERTOWN SCHOOL OF BEAUTY              ,GA,31904-4747,Proprietary  ,15,28,43,43,134,177
03104500,ATLANTA INSTITUTE OF MUSIC              ,GA,30096-4988,Proprietary  ,15,13,28,121,87,208
03116100,VOGUE BEAUTY SCHOOL                     ,GA,30141-2226,Proprietary  ,5,18,23,21,82,103
03155500,SANDERSVILLE REGIONAL TECH INST         ,GA,31082-6179,Public       ,27,72,99,154,478,632
03173300,ATLANTA'S JOHN MARSHALL LAW SCHOOL      ,GA,30309-0000,Proprietary  ,1,18,19,10,972,982
03232303,COMPUTER-ED INSTITUTE-                  ,GA,30071-0000,Proprietary  ,0,1,1,46,409,455
03232304,LINCOLN COLLEGE OF TECHNOLOGY           ,GA,30067-8638,Proprietary  ,28,144,172,147,563,710
03251300,BEACON UNIVERSITY                       ,GA,31909-4663,Private      ,1,36,37,33,291,324
03355402,PSYCHOLOGICAL STUDIES INSTITUTE -       ,GA,30327-2921,Private      ,2,16,18,14,185,199
03391300,ROSS MEDICAL EDUCATION CENTER           ,GA,30033-3105,Proprietary  ,2,13,15,14,94,108
03418300,GWINNETT COLLEGE-SANDY SPRINGS          ,GA,30328-3161,Proprietary  ,12,55,67,36,186,222
03445500,FAYETTE BEAUTY ACADEMY                  ,GA,30214-1191,Proprietary  ,2,6,8,21,40,61
03522300,POWDER SPRINGS BEAUTY COLLEGE           ,GA,30127-2926,Proprietary  ,1,7,8,6,54,60
03523300,AVIATION INSTITUTE OF MAINTENANCE       ,GA,30045-6716,Proprietary  ,23,123,146,108,450,558
03576300,GEORGIA AVIATION AND TECHNICAL COLL     ,GA,31023-0000,Public       ,0,0,0,54,36,90
03753400,MICHAEL'S SCHOOL OF BEAUTY              ,GA,31211-1493,Proprietary  ,5,32,37,27,167,194
03804400,JAVELIN TECHNICAL TRAINING CENTER       ,GA,30339-6040,Proprietary  ,53,294,347,211,1061,1272
03812300,OMNITECH INSTITUTE                      ,GA,30035-1206,Proprietary  ,27,90,117,92,359,451
04021300,AUGUSTA SCHOOL OF MASSAGE               ,GA,30809-0000,Proprietary  ,1,5,6,14,39,53
04091300,SAVANNAH SCHOOL OF MASSAGE THERAPY      ,GA,31406-2711,Private      ,2,17,19,13,63,76
04105300,NIGHTINGALE MEDICAL INSTITUTE           ,GA,30084-4036,Proprietary  ,18,68,86,31,135,166
04126800,ACADEMY OF SOMATIC HEALING ARTS (ASHA)  ,GA,30071-1024,Proprietary  ,3,10,13,3,10,13
        ,CHICAGO THEOLOGICAL SEMINARY            ,IL,60637-0000,Private      ,0,5,5,2,146,148
00162800,AMERICAN ACADEMY OF ART                 ,IL,60604-4302,Proprietary  ,9,8,17,428,120,548
00163300,AUGUSTANA COLLEGE                       ,IL,61201-2296,Private      ,21,7,28,3190,108,3298
00163400,AURORA UNIVERSITY                       ,IL,60506-4892,Private      ,43,185,228,1947,2066,4013
00163500,BARAT COLLEGE                           ,IL,60045-3297,Private      ,0,0,0,3,4,7
00163600,SOUTHWESTERN ILLINOIS COLLEGE           ,IL,62221-5899,Public       ,247,794,1041,2953,5327,8280
00163800,BLACK HAWK COLLEGE                      ,IL,61265-5899,Public       ,117,292,409,1916,2638,4554
00163900,BLACKBURN COLLEGE                       ,IL,62626-1498,Private      ,10,5,15,879,114,993
00164000,PRAIRIE STATE COLLEGE                   ,IL,60411-8226,Public       ,129,371,500,1609,3154,4763
00164100,BRADLEY UNIVERSITY                      ,IL,61625-0002,Private      ,57,42,99,5705,1014,6719
00164300,SPOON RIVER COLLEGE                     ,IL,61520-8907,Public       ,39,71,110,694,686,1380
00164700,CITY COLLEGES OF CHICAGO                ,IL,60606-6998,Public       ,8,53,61,247,415,662
00164800,TRUMAN COLLEGE                          ,IL,60640-5691,Public       ,126,345,471,1725,3071,4796
00164900,RICHARD J DALEY COLLEGE                 ,IL,60652-1299,Public       ,91,273,364,1803,2925,4728
00165000,CITY COLLEGES OF CHICAGO-MALCOLM X      ,IL,60612-3197,Public       ,114,386,500,1526,4053,5579
00165200,HAROLD WASHINGTON COLLEGE               ,IL,60601-2403,Public       ,240,474,714,3325,4498,7823
00165400,KENNEDY KING COLLEGE                    ,IL,60621-3798,Public       ,227,941,1168,1966,6165,8131
00165500,WRIGHT COLLEGE                          ,IL,60634-1591,Public       ,210,399,609,2877,3235,6112
00165700,MIDWESTERN UNIVERSITY                   ,IL,60515-1200,Private      ,0,14,14,110,2433,2543
00165900,ROSALIND FRANKLIN UNIVERSITY OF MEDICINE,IL,60064-3095,Private      ,0,30,30,11,1859,1870
00166300,SPERTUS COLLEGE                         ,IL,60605-1995,Private      ,0,11,11,1,68,69
00166400,UNIVERSITY OF ST FRANCIS                ,IL,60435-6188,Private      ,31,141,172,1264,1557,2821
00166500,COLUMBIA COLLEGE                        ,IL,60605-1996,Private      ,340,244,584,10036,4200,14236
00166600,CONCORDIA UNIVERSITY                    ,IL,60305-1499,Private      ,15,227,242,1222,2416,3638
00166900,DANVILLE AREA COMMUNITY COLLEGE         ,IL,61832-5199,Public       ,54,164,218,716,1287,2003
00167100,DEPAUL UNIVERSITY                       ,IL,60604-2287,Private      ,253,775,1028,13588,11566,25154
00167400,EASTERN ILLINOIS UNIVERSITY             ,IL,61920-3099,Public       ,223,170,393,8649,2797,11446
00167500,ELGIN COMMUNITY COLLEGE                 ,IL,60123-7193,Public       ,159,282,441,1817,2054,3871
00167600,ELMHURST COLLEGE                        ,IL,60126-3296,Private      ,39,65,104,2822,969,3791
00167800,EUREKA COLLEGE                          ,IL,61530-9976,Private      ,4,16,20,768,199,967
00168100,HIGHLAND COMMUNITY COLLEGE              ,IL,61032-9341,Public       ,46,89,135,684,816,1500
00168200,GARRETT-EVANGELICAL THEOLOGICAL SEM     ,IL,60201-0000,Private      ,0,9,9,1,186,187
00168400,GREENVILLE COLLEGE                      ,IL,62246-1199,Private      ,25,64,89,1445,607,2052
00168500,HEBREW THEOLOGICAL COLLEGE              ,IL,60077-3263,Private      ,7,0,7,304,20,324
00168800,ILLINOIS COLLEGE                        ,IL,62650-2299,Private      ,13,5,18,1367,86,1453
00168900,ILLINOIS COLLEGE OF OPTOMETRY           ,IL,60616-3878,Private      ,1,0,1,9,651,660
00169100,ILLINOIS INSTITUTE OF TECHNOLOGY        ,IL,60616-0000,Private      ,43,96,139,2422,1535,3957
00169103,CHICAGO KENT COLLEGE OF LAW             ,IL,60661-0000,Private      ,1,16,17,5,1848,1853
00169200,ILLINOIS STATE UNIVERSITY               ,IL,61790-1000,Public       ,280,192,472,15282,3817,19099
00169300,NORTHEASTERN ILLINOIS UNIV              ,IL,60625-4699,Public       ,176,380,556,4426,5466,9892
00169400,CHICAGO STATE UNIVERSITY                ,IL,60628-1598,Public       ,140,646,786,4377,8324,12701
00169600,ILLINOIS WESLEYAN UNIVERSITY            ,IL,61701-0000,Private      ,16,5,21,2448,62,2510
00169800,JOHN MARSHALL LAW SCHOOL                ,IL,60604-0000,Private      ,3,122,125,12,2268,2280
00169900,JOLIET JUNIOR COLLEGE                   ,IL,60431-8938,Public       ,264,413,677,3441,3400,6841
00170000,JUDSON UNIVERSITY                       ,IL,60123-1498,Private      ,16,58,74,787,722,1509
00170100,KASKASKIA COLLEGE                       ,IL,62801-7878,Public       ,94,225,319,1045,1833,2878
00170300,KENDALL COLLEGE                         ,IL,60622-4278,Proprietary  ,36,162,198,743,1272,2015
00170400,KNOX COLLEGE                            ,IL,61401-4999,Private      ,17,2,19,1980,80,2060
00170500,ILLINOIS VALLEY COMMUNITY COLLEGE       ,IL,61348-9692,Public       ,69,124,193,972,1112,2084
00170600,LAKE FOREST COLLEGE                     ,IL,60045-2399,Private      ,20,2,22,1587,80,1667
00170700,LEWIS UNIVERSITY                        ,IL,60446-2200,Private      ,61,205,266,3163,2295,5458
00170800,LINCOLN CHRISTIAN UNIVERSITY            ,IL,62656-2167,Private      ,11,30,41,558,489,1047
00170900,LINCOLN COLLEGE                         ,IL,62656-1699,Private      ,40,51,91,1143,370,1513
00171000,LOYOLA UNIVERSITY CHICAGO               ,IL,60626-0000,Private      ,226,366,592,13531,7948,21479
00171002,LOYOLA STRITCH SCHOOL OF MEDICINE       ,IL,60153-0000,Private      ,1,3,4,15,960,975
00171200,LUTHERAN SCHOOL OF THEOL AT CHICAGO     ,IL,60615-0000,Private      ,0,10,10,0,149,149
00171600,MACCORMAC COLLEGE                       ,IL,60602-4405,Private      ,3,9,12,66,140,206
00171700,MACMURRAY COLLEGE                       ,IL,62650-2590,Private      ,9,19,28,667,264,931
00172100,MCCORMICK THEOLOGICAL SEMINARY          ,IL,60615-5108,Private      ,0,7,7,1,128,129
00172200,MCKENDREE UNIVERSITY                    ,IL,62254-1299,Private      ,33,132,165,1523,1340,2863
00172300,MEADVILLE LOMBARD THEOLOGICAL SCHOOL    ,IL,60637-1602,Private      ,0,5,5,0,66,66
00172400,MILLIKIN UNIVERSITY                     ,IL,62522-2084,Private      ,23,79,102,2565,743,3308
00172500,MONMOUTH COLLEGE                        ,IL,61462-1963,Private      ,13,4,17,1762,90,1852
00172800,MORTON COLLEGE                          ,IL,60804-4398,Public       ,91,182,273,1150,1439,2589
00173200,NATIONAL UNIV OF HEALTH SCIENCES        ,IL,60148-4583,Private      ,5,69,74,55,628,683
00173300,NATIONAL-LOUIS UNIVERSITY               ,IL,60603-3032,Private      ,18,708,726,265,6467,6732
00173400,NORTH CENTRAL COLLEGE                   ,IL,60540-4690,Private      ,32,50,82,2343,578,2921
00173500,NORTH PARK UNIVERSITY                   ,IL,60625-4895,Private      ,44,101,145,2234,1269,3503
00173600,NORTHERN BAPTIST THEOL SEMINARY         ,IL,60148-0000,Private      ,0,1,1,1,12,13
00173700,NORTHERN ILLINOIS UNIVERSITY            ,IL,60115-2854,Public       ,426,390,816,17883,7731,25614
00173900,NORTHWESTERN UNIV                       ,IL,60208-0001,Private      ,133,319,452,13404,8814,22218
00174100,OLIVET NAZARENE UNIVERSITY              ,IL,60914-2271,Private      ,39,237,276,2781,1662,4443
00174200,IL EASTERN COMM COLGS-OLNEY CENTRAL     ,IL,62450-1099,Public       ,29,70,99,577,588,1165
00174500,QUINCY UNIVERSITY                       ,IL,62301-2699,Private      ,17,21,38,1119,436,1555
00174600,ROBERT MORRIS UNIVERSITY ILLINOIS       ,IL,60605-1225,Private      ,132,348,480,3986,4960,8946
00174700,ROCK VALLEY COLLEGE                     ,IL,61114-5699,Public       ,185,442,627,2116,3073,5189
00174800,ROCKFORD COLLEGE                        ,IL,61108-2393,Private      ,21,124,145,789,1107,1896
00174900,ROOSEVELT UNIVERSITY                    ,IL,60605-1394,Private      ,112,495,607,2697,6099,8796
00175000,DOMINICAN UNIVERSITY                    ,IL,60305-1066,Private      ,33,85,118,1637,1225,2862
00175200,SAUK VALLEY COMMUNITY COLLEGE           ,IL,61021-9112,Public       ,59,130,189,824,1014,1838
00175300,SCHOOL OF ART INSTITUTE OF CHICAGO      ,IL,60603-3013,Private      ,77,55,132,2285,1822,4107
00175400,SEABURY-WESTERN THEO SEMINARY           ,IL,60201-0000,Private      ,0,1,1,0,49,49
00175600,SHIMER COLLEGE                          ,IL,60616-3893,Private      ,5,5,10,61,44,105
00175700,SOUTHEASTERN ILLINOIS COLLEGE           ,IL,62946-4925,Public       ,26,103,129,514,721,1235
00175800,SOUTHERN ILL UNIV-CARBONDALE            ,IL,62901-0000,Public       ,262,435,697,12271,7295,19566
00175801,SOUTHERN ILLINOIS UNIV SCHOOL MEDIC     ,IL,62794-0000,Public       ,0,0,0,95,386,481
00175900,SOUTHERN ILL UNIV-EDWARDSVILLE          ,IL,62026-1060,Public       ,198,315,513,8583,4716,13299
00175924,SO IL UNIV-SCHL OF DENTAL MEDICINE      ,IL,62002-0000,Public       ,0,0,0,7,192,199
00176100,SPRINGFIELD COLLEGE IN ILLINOIS         ,IL,62702-2694,Private      ,16,56,72,414,618,1032
00176500,UNIVERSITY OF ST MARY OF THE LAKE       ,IL,60060-0000,Private      ,0,1,1,1,9,10
00176700,BENEDICTINE UNIVERSITY                  ,IL,60532-0900,Private      ,40,323,363,1900,2436,4336
00176800,ST XAVIER UNIVERSITY                    ,IL,60655-3199,Private      ,81,235,316,3386,3230,6616
00176900,SOUTH SUBURBAN COLLEGE                  ,IL,60473-9978,Public       ,174,623,797,2089,4894,6983
00177100,TRINITY CHRISTIAN COLLEGE               ,IL,60463-0929,Private      ,28,41,69,1140,595,1735
00177200,TRINITY INTERNATIONAL UNIVERSITY        ,IL,60015-1283,Private      ,13,66,79,892,1090,1982
00177300,TRITON COLLEGE                          ,IL,60171-1995,Public       ,149,300,449,2365,2938,5303
00177400,UNIVERSITY OF CHICAGO                   ,IL,60637-1476,Private      ,128,96,224,7852,1818,9670
00177401,UNIV OF CHICAGO PRITZKER SCH OF MED     ,IL,60637-0000,Private      ,1,4,5,17,578,595
00177403,"UNIV OF CHICAGO, GRAD SCH OF BUS        ",IL,60637-0000,Private      ,1,81,82,17,1232,1249
00177405,UNIVERSITY OF CHICAGO GRADUATE          ,IL,60637-0000,Private      ,3,120,123,62,4396,4458
00177500,UNIV OF ILLINOIS @ URBANA-CHAMPAIGN     ,IL,61820-5796,Public       ,332,265,597,23114,6584,29698
00177600,UNIV OF ILLINOIS AT CHICAGO             ,IL,60607-7163,Public       ,410,539,949,15464,11892,27356
00177800,VANDERCOOK COLLEGE OF MUSIC             ,IL,60616-3731,Private      ,2,2,4,141,76,217
00177900,IL EASTERN COMM COLGS-WABASH VALLEY     ,IL,62863-2699,Public       ,13,50,63,334,305,639
00178000,WESTERN ILLINOIS UNIVERSITY             ,IL,61455-1390,Public       ,197,188,385,9116,3304,12420
00178100,WHEATON COLLEGE                         ,IL,60187-5535,Private      ,78,19,97,2465,548,3013
00178300,WORSHAM COLLEGE OF MORTUARY SCIENCE     ,IL,60090-2646,Proprietary  ,3,9,12,46,100,146
00396100,HARPER COLLEGE                          ,IL,60067-7398,Public       ,215,277,492,3255,2623,5878
00418100,ADVOCATE TRINITY HOSPITAL SCHOOL OF RADI,IL,60617-3982,Private      ,1,4,5,15,77,92
00419002,SAINT FRANCIS HOSPITAL - SCHOOL OF RADIO,IL,60202-3320,Private      ,0,0,0,0,1,1
00456000,GEM CITY COLLEGE                        ,IL,62301-4949,Proprietary  ,1,4,5,17,33,50
00456800,MIDSTATE COLLEGE                        ,IL,61614-3558,Proprietary  ,14,83,97,54,789,843
00457100,SPARKS COLLEGE                          ,IL,62565-2241,Proprietary  ,1,10,11,3,28,31
00621400,BLESSING RIEMAN COLLEGE OF NURSING      ,IL,62301-0000,Private      ,0,4,4,59,61,120
00621401,BLESSING HOSP SCH MED LAB TECH          ,IL,62301-0000,Private      ,0,0,0,1,1,2
00621402,BLESSING HOSP SCH OF RAD TECH           ,IL,62301-2852,Private      ,0,1,1,19,8,27
00621403,BLESSING HOSPITAL - COLLEGE OF NURSING  ,IL,62305-7005,Private      ,0,1,1,7,8,15
00622501,TRINITY COLLEGE OF NURSING & HEALTH SCIE,IL,61201-5317,Private      ,2,11,13,64,195,259
00622800,METHODIST MED CTR OF ILL SCH NRSNG      ,IL,61636-0000,Private      ,30,72,102,31,80,111
00624000,ST FRANCIS MED CLG OF NRSG              ,IL,61603-3783,Private      ,12,18,30,147,307,454
00665600,COLLEGE OF DUPAGE                       ,IL,60137-6599,Public       ,388,601,989,4928,4799,9727
00675300,ILLINOIS CENTRAL COLLEGE                ,IL,61635-0001,Public       ,178,445,623,2844,4047,6891
00693100,WAUBONSEE COMMUNITY COLLEGE             ,IL,60554-0000,Public       ,113,207,320,1173,1605,2778
00711800,PARKLAND COLLEGE                        ,IL,61821-1899,Public       ,190,327,517,3158,2698,5856
00711900,REND LAKE COLLEGE                       ,IL,62846-9801,Public       ,64,174,238,1129,1403,2532
00717000,LINCOLN LAND COMMUNITY COLLEGE          ,IL,62794-9256,Public       ,109,371,480,1818,2846,4664
00726500,CARL SANDBURG COLLEGE                   ,IL,61401-9576,Public       ,46,205,251,804,1364,2168
00729701,WESTWOOD COLLEGE OF TECHNOLOGY          ,IL,60176-0000,Proprietary  ,0,0,0,6,3,9
00754900,COYNE AMERICAN INSTITUTE                ,IL,60607-1300,Proprietary  ,74,155,229,337,977,1314
00764400,LAKE LAND COLLEGE                       ,IL,61938-9366,Public       ,105,191,296,1849,1768,3617
00768400,KISHWAUKEE COLLEGE                      ,IL,60150-9699,Public       ,81,134,215,1215,1222,2437
00769000,KANKAKEE COMMUNITY COLLEGE              ,IL,60901-6505,Public       ,62,185,247,901,1547,2448
00769100,MCHENRY COUNTY COLLEGE                  ,IL,60012-2761,Public       ,109,159,268,1088,1046,2134
00769200,MORAINE VALLEY COMMUNITY COLLEGE        ,IL,60465-0937,Public       ,252,393,645,3477,3052,6529
00769300,SHAWNEE COMMUNITY COLLEGE               ,IL,62992-9725,Public       ,16,148,164,629,1270,1899
00769400,COLLEGE OF LAKE COUNTY                  ,IL,60030-1198,Public       ,177,390,567,2334,3098,5432
00793700,MS ROBERTS ACADEMY OF BEAUTY CULT       ,IL,60181-2930,Proprietary  ,4,21,25,24,55,79
00807600,JOHN A LOGAN COLLEGE                    ,IL,62918-2500,Public       ,105,303,408,1761,2457,4218
00814604,EVEREST UNIVERSITY - EVEREST  COLLEGE   ,IL,60803-4517,Proprietary  ,4,25,29,4,25,29
00825900,EDUCATORS OF BEAUTY                     ,IL,61081-3611,Proprietary  ,9,26,35,55,124,179
00825901,EDUCATORS OF BEAUTY                     ,IL,61104-0000,Proprietary  ,12,27,39,33,99,132
00832800,ALVAREITA'S COLLEGE OF COSMETOLOGY      ,IL,62025-2041,Proprietary  ,8,15,23,26,60,86
00854500,ROCKFORD BUSINESS COLLEGE               ,IL,61103-0000,Proprietary  ,19,128,147,146,814,960
00869402,RASMUSSEN COLLEGE - ROCKFORD            ,IL,61108-2513,Proprietary  ,22,83,105,98,514,612
00888000,MORRISON INSTITUTE OF TECHNOLOGY        ,IL,61270-2959,Private      ,2,3,5,141,32,173
00893800,GRAHAM HOSPITAL SCH OF NURSING          ,IL,61520-2497,Private      ,1,1,2,21,56,77
00893900,CANNELLA SCHOOL OF HAIR DESIGN          ,IL,60406-2130,Proprietary  ,9,26,35,29,89,118
00914500,GOVERNORS STATE UNIVERSITY              ,IL,60466-0975,Public       ,31,372,403,580,4396,4976
00923200,CATHOLIC THEOLOGICAL UNION              ,IL,60615-0000,Private      ,0,3,3,0,49,49
00933300,UNIV OF ILLINOIS AT SPRINGFIELD         ,IL,62703-5407,Public       ,48,166,214,1444,2290,3734
00947500,EDUCATORS OF BEAUTY                     ,IL,61301-2404,Proprietary  ,2,6,8,19,31,50
00959500,CANNELLA SCHOOL OF HAIR DESIGN          ,IL,60617-4303,Proprietary  ,3,21,24,24,85,109
00976700,OLIVE-HARVEY COLLEGE                    ,IL,60628-1696,Public       ,55,275,330,922,2783,3705
00978600,IL EASTERN COMM COLGS-LINCOLN TRAIL     ,IL,62454-5708,Public       ,10,28,38,318,350,668
00980000,RUSH UNIVERSITY                         ,IL,60612-3806,Private      ,12,69,81,248,1914,2162
00989600,OAKTON COMMUNITY COLLEGE                ,IL,60016-1268,Public       ,133,213,346,2106,1699,3805
00998700,SAINT ANTHONY COLLEGE OF NURSING        ,IL,61108-2468,Private      ,8,24,32,81,192,273
01002000,LEWIS AND CLARK COMMUNITY COLLEGE       ,IL,62035-2466,Public       ,111,306,417,1513,2184,3697
01031600,LINCOLN COLLEGE OF TECHNOLOGY           ,IL,60160-1605,Proprietary  ,107,158,265,843,1120,1963
01050100,LAKEVIEW  COLLEGE OF NURSING            ,IL,61832-3781,Private      ,12,13,25,121,163,284
01069500,TRI-COUNTY BEAUTY ACADEMY               ,IL,62056-2036,Proprietary  ,0,5,5,12,28,40
01071000,CAPITAL AREA SCH OF PRAC NRSG           ,IL,62707-0000,Public       ,4,28,32,38,276,314
01072700,DEVRY UNIVERSITY                        ,IL,60618-5994,Proprietary  ,1906,7006,8912,18745,49356,68101
01073700,ADVOCATE IL MASONIC SCH OF RAD TECH     ,IL,60657-5193,Private      ,1,1,2,10,59,69
01083600,PIVOT POINT INTNL CSMTLGY RSRCH CTR     ,IL,60626-0000,Proprietary  ,61,61,122,286,381,667
01087900,RICHLAND COMMUNITY COLLEGE              ,IL,62521-8513,Public       ,53,194,247,704,1410,2114
01102401,EVEREST COLLEGE - CHICAGO               ,IL,60604-2052,Proprietary  ,18,86,104,19,86,105
01151002,EVEREST INSTITUTE - EVEREST COLLEGE     ,IL,60542-1610,Proprietary  ,4,19,23,4,21,25
01181000,TAYLOR BUSINESS INSTITUTE               ,IL,60606-5111,Proprietary  ,9,58,67,56,273,329
01185800,EVEREST COLLEGE                         ,IL,60077-1074,Proprietary  ,72,289,361,355,1214,1569
01185802,EVEREST COLLEGE - BURR RIDGE            ,IL,60527-7826,Proprietary  ,12,21,33,12,21,33
01236200,NORTHWESTERN COLLEGE                    ,IL,60630-2298,Proprietary  ,93,287,380,1063,2491,3554
01238500,BLOOMINGTON-NORMAL SCH RADIOGRAPHY      ,IL,61761-4604,Private      ,0,2,2,8,9,17
01258400,ILLINOIS INSTITUTE OF ART (THE)         ,IL,60654-1593,Proprietary  ,269,216,485,3537,1931,5468
01281300,JOHN WOOD COMMUNITY COLLEGE             ,IL,62305-0401,Public       ,62,162,224,1110,1256,2366
01308700,CAPRI GARFIELD RIDGE SCH OF BTY CLR     ,IL,60629-1613,Proprietary  ,2,29,31,34,179,213
01308800,CAPRI OAK FOREST COLLEGE OF BEAUTY      ,IL,60452-2798,Proprietary  ,24,22,46,129,140,269
02055200,HARRINGTON COLLEGE OF DESIGN            ,IL,60606-3433,Proprietary  ,50,76,126,757,919,1676
02068100,ADLER SCH OF PROFESSIONAL PSYCHLGY      ,IL,60601-0000,Private      ,0,18,18,9,647,656
02069300,VATTEROTT COLLEGE                       ,IL,62305-5938,Proprietary  ,36,99,135,219,579,798
02073200,TELSHE YESHIVA-CHICAGO                  ,IL,60625-0000,Private      ,7,2,9,27,11,38
02074400,IL EASTERN COMM COLGS-FRONTIER          ,IL,62837-0000,Public       ,12,41,53,195,352,547
02075400,KELLER GRADUATE SCHOOL OF MGMT.         ,IL,60515-5683,Proprietary  ,6,1438,1444,41,12175,12216
02113600,AMERICAN INTERCONTINENTAL UNIVERSITY    ,IL,60192-3713,Proprietary  ,544,5587,6131,3207,30297,33504
02117400,BECK AREA CAREER CENTER                 ,IL,62278-0000,Public       ,2,18,20,19,115,134
02124400,UNIVERSITY OF SPA & COSMETOLOGY ART     ,IL,62704-0000,Proprietary  ,19,21,40,98,129,227
02150600,COSMETOLOGY AND SPA INSTITUTE (THE)     ,IL,60014-4003,Proprietary  ,15,23,38,85,112,197
02155300,THE CHICAGO SCHOOL OF PROF PSYCHOLOGY   ,IL,60610-4705,Private      ,0,58,58,12,1721,1733
02160300,INTERNATIONAL ACAD OF DESIGN & TECH     ,IL,60602-3319,Proprietary  ,139,162,301,1778,1668,3446
02160304,INTERNATIONAL ACADEMY OF DESIGN AND TECH,IL,60173-5160,Proprietary  ,27,30,57,204,196,400
02166800,JOHN AMICO'S SCHOOL OF HAIR DESIGN      ,IL,60452-0000,Proprietary  ,0,0,0,6,14,20
02168600,EAST WEST UNIVERSITY                    ,IL,60605-0000,Private      ,36,71,107,648,1539,2187
02179900,ARGOSY UNIVERSITY                       ,IL,60601-7757,Proprietary  ,97,1750,1847,847,17057,17904
02185400,ST AUGUSTINE COLLEGE                    ,IL,60640-0000,Private      ,17,112,129,330,1380,1710
02192400,MR JOHNS SCHOOL OF COSMETOLOGY          ,IL,62521-0000,Proprietary  ,6,20,26,17,79,96
02202600,CANNELLA SCHOOL OF HAIR DESIGN          ,IL,60181-1321,Proprietary  ,0,4,4,9,36,45
02214100,WEST SUBURBAN COLLEGE OF NURSING        ,IL,60302-2519,Private      ,16,23,39,130,326,456
02228100,MAC DANIEL'S BEAUTY SCHOOL              ,IL,60640-0000,Proprietary  ,6,25,31,15,61,76
02253000,CANNELLA SCHOOL OF HAIR DESIGN          ,IL,60644-0000,Proprietary  ,0,0,0,0,2,2
02261200,HAIR PROFESSIONALS ACAD COSMETOLOGY     ,IL,60118-0000,Proprietary  ,18,34,52,49,118,167
02261201,HAIR PROFESSIONALS ACADEMY OF COSMETOLOG,IL,60118-9333,Proprietary  ,1,1,2,3,9,12
02262100,HAIR PROFESSIONALS SCH COSMETOLOGY      ,IL,60543-0000,Proprietary  ,9,20,29,38,65,103
02291200,CANNELLA SCHOOL OF HAIR DESIGN          ,IL,60639-0000,Proprietary  ,5,8,13,28,72,100
02295500,CANNELLA SCHOOL OF HAIR DESIGN          ,IL,60120-0000,Proprietary  ,0,6,6,8,52,60
02297500,OEHRLEIN SCHOOL OF COSMETOLOGY          ,IL,61611-0000,Proprietary  ,10,14,24,40,63,103
02312300,LA' JAMES COLLEGE HAIRSTYLING           ,IL,61244-0000,Proprietary  ,1,3,4,12,26,38
02313900,WESTWOOD COLLEGE - O'HARE AIRPORT       ,IL,60631-2801,Proprietary  ,64,118,182,365,576,941
02317300,CONCEPT COLLEGE OF COSMETOLOGY          ,IL,61832-0000,Proprietary  ,5,25,30,46,100,146
02319200,LAKE FOREST GRAD SCHL OF MGMT           ,IL,60045-4824,Private      ,0,55,55,2,239,241
02323300,PROFESSIONAL'S CHOICE HAIR DSN ACAD     ,IL,60435-0000,Proprietary  ,2,2,4,14,15,29
02332200,HAIR PROFESSIONALS CAREER COLLEGE       ,IL,60178-0000,Proprietary  ,8,14,22,35,63,98
02337800,THE COLLEGE OF OFFICE TECHNOLOGY        ,IL,60622-0000,Proprietary  ,24,129,153,82,611,693
02349400,ALVAREITA'S COLLEGE OF COSMETOLOGY      ,IL,62035-0000,Proprietary  ,2,10,12,21,35,56
02349500,CANNELLA SCHOOL OF HAIR DESIGN          ,IL,60632-0000,Proprietary  ,11,33,44,40,161,201
02352200,COOKING & HOSPITALITY INSTITUTE         ,IL,60610-3050,Proprietary  ,73,180,253,778,1152,1930
02498200,HAIR PROFESSIONALS ACAD COSMETOLOGY     ,IL,60187-0000,Proprietary  ,13,24,37,25,76,101
02498201,HAIR PROFESSIONALS ACADEMY OF COSMETOLOG,IL,60563-0000,Proprietary  ,0,1,1,3,6,9
02522800,FOX COLLEGE                             ,IL,60453-0000,Proprietary  ,18,12,30,202,87,289
02527600,LEXINGTON COLLEGE                       ,IL,60607-0000,Private      ,1,3,4,61,53,114
02536700,BELL MAR BEAUTY COLLEGE                 ,IL,60650-0000,Proprietary  ,3,28,31,8,67,75
02538100,REGENCY BEAUTY INSTITUTE                ,IL,61820-0000,Proprietary  ,2,5,7,3,34,37
02556100,ENVIRONMENTAL TECHNICAL INSTITUTE       ,IL,60143-0000,Proprietary  ,43,80,123,180,348,528
02556600,NILES SCHOOL OF COSMETOLOGY             ,IL,60714-0000,Proprietary  ,7,7,14,23,28,51
02570305,LOS ANGELES ORT TECHNICAL INSTITUTE -D/B,IL,60077-0000,Private      ,0,0,0,0,1,1
02573700,INSTITUTE FOR CLINICAL SOCIAL WORK      ,IL,60601-0000,Private      ,0,5,5,3,65,68
02579200,INGALLS MEMORIAL HOSPITAL               ,IL,60426-0000,Private      ,0,1,1,2,17,19
02584900,"FIRST INSTITUTE, INC.                   ",IL,60014-7489,Proprietary  ,5,19,24,22,75,97
02587700,HAIR PROFESSIONALS CAREER COLLEGE       ,IL,60465-1929,Proprietary  ,4,26,30,30,98,128
02599500,HANOVER PARK COLLEGE OF BEAUTY CULT     ,IL,60133-5421,Proprietary  ,8,11,19,38,56,94
02622700,KNOWLEDGE SYSTEMS INSTITUTE             ,IL,60076-0000,Private      ,0,0,0,1,7,8
03002000,HAIRMASTERS INST OF COSMETOLOGY         ,IL,61701-5547,Proprietary  ,3,7,10,26,55,81
03027702,PACIFIC COLLEGE OF ORIENTAL MEDICINE - C,IL,60613-4418,Proprietary  ,0,37,37,3,179,182
03065300,TREND SETTERS COLL OF COSMETOLOGY       ,IL,60915-2101,Proprietary  ,20,25,45,96,121,217
03072701,WESTWOOD COLLEGE OF TECHNOLOGY          ,IL,60409-0000,Proprietary  ,52,147,199,339,972,1311
03072702,WESTWOOD COLLEGE OF TECHNOLOGY          ,IL,60602-0000,Proprietary  ,53,161,214,577,1026,1603
03078400,CAMEO BEAUTY ACADEMY                    ,IL,60453-3196,Proprietary  ,14,11,25,44,58,102
03079200,WESTWOOD COLLEGE - DUPAGE               ,IL,60517-2321,Proprietary  ,64,90,154,411,463,874
03082900,ROSEL SCHOOL OF COSMETOLOGY             ,IL,60659-1913,Proprietary  ,0,12,12,14,111,125
03083800,HEARTLAND COMMUNITY COLLEGE             ,IL,61761-9446,Public       ,89,236,325,1275,1708,2983
03098000,ST JOHN'S COLLEGE OF NURSING            ,IL,62702-5321,Private      ,0,2,2,53,68,121
03098002,ST JOHN'S HOSP SCH MED TECH             ,IL,62769-5324,Private      ,0,1,1,3,11,14
03098003,ST JOHN'S HOSPITAL SCH OF DIETETICS     ,IL,62769-0000,Private      ,0,0,0,0,2,2
03099700,CAIN'S BARBER COLLEGE                   ,IL,60615-3510,Proprietary  ,12,45,57,56,232,288
03099800,ILLINOIS SCHOOL OF HEALTH CAREERS       ,IL,60604-0000,Proprietary  ,29,138,167,261,804,1065
03101800,ILLINOIS CENTER FOR BROADCASTING        ,IL,60148-7015,Proprietary  ,8,39,47,77,157,234
03128300,PYRAMID CAREER INSTITUTE                ,IL,60657-4207,Proprietary  ,0,0,0,1,4,5
03128500,NATIONAL LATINO EDUCATION INSTITUTE     ,IL,60609-2205,Private      ,4,9,13,26,59,85
03199300,CHRISTIAN LIFE COLLEGE                  ,IL,60056-2522,Private      ,0,2,2,19,23,42
03368300,MIDWEST TECHNICAL INSTITUTE             ,IL,62707-8805,Proprietary  ,35,210,245,240,1114,1354
03416300,COMPUTER SYSTEMS INSTITUTE              ,IL,60077-0000,Proprietary  ,20,105,125,44,532,576
03448300,BIR TRAINING CENTER                     ,IL,60659-1298,Proprietary  ,12,66,78,32,269,301
03455700,CORTIVA INSTITUTE - CHICAGO             ,IL,60602-3315,Proprietary  ,31,76,107,136,262,398
03472300,CHICAGO URBAN LEAGUE COMPUTER TRAIN     ,IL,60604-2198,Private      ,1,14,15,6,28,34
03510300,ERIKSON INSTITUTE                       ,IL,60654-4510,Private      ,0,16,16,0,292,292
03623300,VEE'S SCHOOL OF BEAUTY CULTURE          ,IL,62205-2326,Proprietary  ,4,8,12,6,28,34
03643300,"MR. JOHN'S SCHOOL OF JACKSONVILLE,  INC,",IL,62650-3488,Proprietary  ,1,5,6,11,35,46
03684300,NORTHSHORE UNIVERSITY HEALTHSYSTEM SCHOO,IL,60201-9872,Private      ,0,0,0,0,26,26
03721400,AMERICAN CAREER COLLEGE                 ,IL,60402-0000,Proprietary  ,5,33,38,20,106,126
03879300,YOUR SCHOOL OF BEAUTY CULTURE           ,IL,60653-1517,Proprietary  ,0,0,0,22,39,61
03881400,EUROPEAN MASSAGE THERAPY SCHOOL         ,IL,60077-2269,Proprietary  ,4,21,25,10,94,104
03891300,SOMA INSTITUTE - THE NATIONAL SCHOOL OF ,IL,60604-4466,Proprietary  ,22,32,54,86,174,260
03914300,"CALC, INSTITUTE OF TECHNOLOGY           ",IL,62002-5931,Proprietary  ,3,20,23,17,153,170
03955400,MIDWEST INSTITUTE OF MASSAGE THERAPY    ,IL,62223-0000,Proprietary  ,0,7,7,4,24,28
04117500,SOLEX MEDICAL ACADEMY                   ,IL,60090-3104,Proprietary  ,0,3,3,1,9,10
        ,ASBURY THEOLOGICAL SEMINARY             ,KY,40390-0000,Private      ,0,52,52,12,1146,1158
00195100,ALICE LLOYD COLLEGE                     ,KY,41844-9703,Private      ,16,3,19,988,93,1081
00195200,ASBURY COLLEGE                          ,KY,40390-1198,Private      ,16,26,42,1354,302,1656
00195400,BELLARMINE UNIVERSITY                   ,KY,40205-1877,Private      ,37,100,137,2356,1102,3458
00195500,BEREA COLLEGE                           ,KY,40403-0000,Private      ,22,21,43,2435,421,2856
00195800,BRESCIA UNIVERSITY                      ,KY,42301-3023,Private      ,6,16,22,416,235,651
00195900,CAMPBELLSVILLE UNIVERSITY               ,KY,42718-2799,Private      ,19,101,120,1838,1048,2886
00196000,SPALDING UNIVERSITY                     ,KY,40203-2188,Private      ,20,108,128,503,1840,2343
00196100,CENTRE COLLEGE                          ,KY,40422-1394,Private      ,21,2,23,1762,52,1814
00196200,UNIVERSITY OF THE CUMBERLANDS           ,KY,40769-1372,Private      ,19,63,82,1881,734,2615
00196300,EASTERN KENTUCKY UNIVERSITY             ,KY,40475-3102,Public       ,287,554,841,9598,6806,16404
00196400,GEORGETOWN COLLEGE                      ,KY,40324-1628,Private      ,15,52,67,1857,550,2407
00196500,KENTUCKY CHRISTIAN UNIVERSITY           ,KY,41143-2205,Private      ,10,11,21,714,185,899
00196800,KENTUCKY STATE UNIVERSITY               ,KY,40601-2355,Public       ,66,78,144,2746,1342,4088
00196900,KENTUCKY WESLEYAN COLLEGE               ,KY,42302-1039,Private      ,26,12,38,1357,217,1574
00197000,LEES COLLEGE                            ,KY,41339-0000,Private      ,0,0,0,7,8,15
00197100,LEXINGTON THEOLOGICAL SEMINARY          ,KY,40508-0000,Private      ,0,4,4,0,60,60
00197200,LINDSEY WILSON COLLEGE                  ,KY,42728-1223,Private      ,13,71,84,1503,1219,2722
00197400,LOUISVILLE PRESBYTERIAN THEOL SEM       ,KY,40205-0000,Private      ,0,2,2,2,140,142
00197500,MIDWAY COLLEGE                          ,KY,40347-1120,Private      ,6,78,84,545,1384,1929
00197600,MOREHEAD STATE UNIVERSITY               ,KY,40351-1689,Public       ,147,425,572,5725,4572,10297
00197700,MURRAY STATE UNIVERSITY                 ,KY,42071-0009,Public       ,137,249,386,5494,3297,8791
00197900,WEST KENTUCKY CMNTY & TECHNICAL COLG    ,KY,42002-7380,Public       ,124,372,496,1329,2452,3781
00197901,WEST KENTUCKY CMNTY & TECHNICAL COLG    ,KY,42001-0000,Public       ,0,0,0,18,41,59
00197903,W KY CMNTY TECH - MURRAY AREA VOC ED CTR,KY,42071-0000,Public       ,0,0,0,2,2,4
00198000,PIKEVILLE COLLEGE                       ,KY,41501-1194,Private      ,16,21,37,1117,399,1516
00198001,PIKEVILLE CLG-SCH OSTEOPATHIC MEDIC     ,KY,41501-0000,Private      ,1,0,1,5,298,303
00198200,SOUTHERN BAPTIST THEOL SEMINARY         ,KY,40280-0000,Private      ,0,7,7,37,118,155
00198300,ST. CATHARINE COLLEGE                   ,KY,40061-9499,Private      ,9,20,29,527,336,863
00198700,TRANSYLVANIA UNIVERSITY                 ,KY,40508-1797,Private      ,4,5,9,1495,73,1568
00198800,UNION COLLEGE                           ,KY,40906-1499,Private      ,11,131,142,853,1010,1863
00198900,UNIVERSITY OF KENTUCKY                  ,KY,40506-0054,Public       ,283,324,607,13281,6840,20121
00198901,UNIV OF KY-COLLEGE OF DENTISTRY         ,KY,40536-0000,Public       ,0,1,1,7,208,215
00198902,UNIV OF KY-COLLEGE OF MEDICINE          ,KY,40536-0000,Public       ,1,9,10,16,400,416
00199000,ASHLAND COMMUNITY AND TECHNICAL COLLEGE ,KY,41101-3683,Public       ,60,283,343,1187,2163,3350
00199001,ASHLAND CMNTY AND TECHNCL COLG          ,KY,41102-0000,Public       ,0,0,0,17,24,41
00199100,ELIZABETHTOWN COMMUNITY  AND TECHNICAL C,KY,42701-3081,Public       ,111,380,491,1693,3156,4849
00199300,HENDERSON COMMUNITY COLLEGE             ,KY,42420-4699,Public       ,25,134,159,442,1065,1507
00199400,HOPKINSVILLE COMMUNITY COLLEGE          ,KY,42241-2621,Public       ,65,374,439,783,2787,3570
00199600,BIG SANDY COMMUNITY AND TECHNICAL COLG  ,KY,41653-1815,Public       ,71,218,289,1381,1919,3300
00199700,SOMERSET COMMUNITY COLLEGE              ,KY,42501-2973,Public       ,178,582,760,2110,4641,6751
00199701,LAUREL TECHNICAL COLLEGE                ,KY,40744-0000,Public       ,0,0,0,7,12,19
00199703,SOMERSET TECHNICAL COLLEGE              ,KY,42501-3043,Public       ,0,0,0,4,10,14
00199800,SOUTHEAST KENTUCKY COMMUNITY AND TECHNIC,KY,40823-1099,Public       ,49,152,201,948,1417,2365
00199802,CUMBERLAND VLY TEC CLG MIDDLESBORO      ,KY,40965-2265,Public       ,0,4,4,27,30,57
00199804,SOUTHEAST COMMUNITY COLLEGE             ,KY,40831-1796,Public       ,1,10,11,111,115,226
00199900,UNIVERSITY OF LOUISVILLE                ,KY,40292-0000,Public       ,293,570,863,10972,9732,20704
00200100,THOMAS MORE COLLEGE                     ,KY,41017-3495,Private      ,12,107,119,1085,729,1814
00200200,WESTERN KENTUCKY UNIVERSITY             ,KY,42101-3576,Public       ,300,497,797,11730,6958,18688
00461800,SPENCERIAN COLLEGE                      ,KY,40216-2605,Proprietary  ,66,235,301,695,2043,2738
00461900,SULLIVAN UNIVERSITY                     ,KY,40205-3000,Proprietary  ,168,481,649,1854,4158,6012
00524300,HAZARD TECHNICAL COLLEGE                ,KY,41701-1198,Public       ,0,0,0,12,8,20
00524400,BLUEGRASS COMMUNITY & TECHNICAL COLLEGE ,KY,40506-0235,Public       ,249,732,981,3418,6207,9625
00527100,BOWLING GREEN TECHNICAL COLLEGE         ,KY,42101-3601,Public       ,38,153,191,559,1165,1724
00527300,GATEWAY COMMUNITY & TECHNOLOGY COLL     ,KY,41011-0000,Public       ,72,250,322,745,1920,2665
00549500,KY TECH-JEFFERSON CAMPUS                ,KY,40203-2036,Public       ,0,0,0,44,123,167
00549502,SHELBY COUNTY AREA TECHNOLOGY CTR       ,KY,40065-0000,Public       ,0,0,0,7,18,25
00696000,MAYSVILLE CMNTY & TECHNCL COLG          ,KY,41056-8910,Public       ,51,236,287,642,1659,2301
00696002,MAYSVILLE CMNTY & TECHNCL COLG - ROWAN  ,KY,40351-8359,Public       ,0,0,0,10,21,31
00696100,JEFFERSON COMMUNITY AND TECHNICAL COLLEG,KY,40202-2005,Public       ,352,975,1327,4217,7536,11753
00696200,HAZARD COMMUNITY COLLEGE                ,KY,41701-2402,Public       ,39,160,199,1256,1706,2962
00696203,KY TECH-KNOTT CO. TECHNOLOGY CTR        ,KY,41822-0000,Public       ,0,0,0,1,2,3
00696204,KY TECH-LESLIE COUNTY AREA TECH CTR     ,KY,41749-0000,Public       ,1,0,1,5,1,6
00696205,KY TECH-LEE COUNTY AREA TECH CTR        ,KY,41311-0000,Public       ,0,0,0,1,2,3
00696206,KY TECH-LETCHER CNTY AREA TECH CTR      ,KY,41858-0000,Public       ,0,1,1,15,14,29
00696207,KY TECH-BREATHITT COUNTY VOC ED CTR     ,KY,41339-0000,Public       ,0,2,2,6,13,19
00842500,DAYMAR COLLEGE                          ,KY,42001-0000,Proprietary  ,4,38,42,75,241,316
00901000,MADISONVILLE COMMUNITY COLLEGE          ,KY,42431-9199,Public       ,56,277,333,939,2242,3181
00927500,NORTHERN KENTUCKY UNIVERSITY            ,KY,41099-0001,Public       ,229,387,616,7237,5820,13057
00931300,DAYMAR COLLEGE                          ,KY,42301-5830,Proprietary  ,53,271,324,224,1383,1607
00931302,DAYMAR COLLEGE - LOUISVILLE CAMPUS      ,KY,40219-1973,Proprietary  ,2,7,9,11,54,65
01042400,SALON PROFESSIONAL ACADEMY THE          ,KY,40502-1776,Proprietary  ,9,20,29,26,61,87
01048900,NATIONAL COLLEGE                        ,KY,40508-0000,Proprietary  ,75,507,582,498,3844,4342
01172500,COLLINS SCHOOL OF COSMETOLOGY           ,KY,40965-2809,Proprietary  ,1,5,6,11,54,65
01208800,SULLIVAN COLLEGE OF TECHNOLOGY AND DESIG,KY,40218-4528,Proprietary  ,26,61,87,440,430,870
01212801,SOUTHWESTERN COLLEGE                    ,KY,41042-1466,Proprietary  ,25,93,118,110,464,574
01240400,LEXINGTON BEAUTY COLLEGE                ,KY,40503-1819,Proprietary  ,0,18,18,14,77,91
01272300,KY TECH-WAYNE COUNTY AREA TECH CTR      ,KY,42633-1088,Public       ,0,1,1,0,1,1
01291400,EMPIRE BEAUTY SCHOOL                    ,KY,40218-0000,Proprietary  ,20,44,64,102,214,316
01291500,EMPIRE BEAUTY SCHOOL                    ,KY,41042-5113,Proprietary  ,13,20,33,54,131,185
01291600,EMPIRE BEAUTY SCHOOL                    ,KY,40216-4212,Proprietary  ,4,23,27,31,98,129
01291700,EMPIRE BEAUTY SCHOOL                    ,KY,40160-0000,Proprietary  ,10,32,42,60,141,201
01296800,EMPIRE BEAUTY SCHOOL                    ,KY,40207-2695,Proprietary  ,12,13,25,71,87,158
02159100,"APPALACHIAN BEAUTY SCHOOL, INC.         ",KY,41503-0000,Proprietary  ,0,7,7,15,29,44
02177100,EMPIRE BEAUTY SCHOOL                    ,KY,40204-0000,Proprietary  ,6,12,18,54,90,144
02251500,TREND SETTERS ACAD OF BEAUTY CULT       ,KY,40258-0000,Proprietary  ,9,19,28,38,94,132
02275000,JENNY LEA ACADEMY OF COSMETOLOGY        ,KY,40831-0000,Proprietary  ,8,38,46,39,139,178
02279800,ELIZABETHTOWN BEAUTY SCHOOL             ,KY,42701-0000,Proprietary  ,3,3,6,18,35,53
02284306,INTERACTIVE LEARNING SYSTEMS            ,KY,41042-0000,Proprietary  ,6,27,33,20,105,125
02323700,PAT WILSON'S BEAUTY COLLEGE             ,KY,42420-0000,Proprietary  ,0,17,17,7,61,68
02337200,PJ'S COLLEGE OF COSMETOLOGY             ,KY,42101-0000,Proprietary  ,17,54,71,90,351,441
02340800,PAUL MITCHELL THE SCHOOL LEXINGTON      ,KY,40601-0000,Proprietary  ,1,7,8,9,30,39
02351700,DONTA SCHOOL OF BEAUTY CULTURE          ,KY,40203-0000,Proprietary  ,4,18,22,14,79,93
02491100,BECKFIELD COLLEGE                       ,KY,41042-0000,Proprietary  ,18,74,92,166,754,920
02518900,BARRETT & COMPANY SCH HAIR DESIGN       ,KY,40356-0000,Proprietary  ,5,15,20,45,93,138
02526100,JENNY LEA ACADEMY OF COSMETOLOGY        ,KY,41858-0000,Proprietary  ,0,2,2,5,21,26
02535600,CLEAR CREEK BAPTIST BIBLE COLLEGE       ,KY,40977-0000,Private      ,3,11,14,40,142,182
02551100,PJ'S COLLEGE OF COSMETOLOGY             ,KY,42121-0000,Proprietary  ,0,16,16,16,78,94
02560800,SOUTHEAST SCHOOL OF COSMETOLOGY         ,KY,40962-0000,Proprietary  ,3,9,12,20,59,79
02576200,MID-CONTINENT UNIVERSITY                ,KY,42066-9007,Private      ,8,189,197,243,1776,2019
02616204,BROWN MACKIE COLLEGE-FINDLAY - BROWN MAC,KY,40219-1916,Proprietary  ,70,220,290,298,1360,1658
03002100,KENTUCKY MOUNTAIN BIBLE COLLEGE         ,KY,41385-0010,Private      ,2,1,3,50,25,75
03007000,FRONTIER SCH OF MIDWIFERY&FAMILY NU     ,KY,41749-0000,Private      ,0,82,82,1,532,533
03026200,HEAD'S WEST KENTUCKY BEAUTY COLLEGE     ,KY,42431-0000,Proprietary  ,0,6,6,4,41,45
03029200,NU-TEK ACADEMY OF BEAUTY                ,KY,40353-9767,Proprietary  ,2,3,5,14,23,37
03034500,OWENSBORO COMMUNITY & TECHNICAL COLLEGE ,KY,42303-1899,Public       ,59,236,295,1206,2044,3250
03083700,GALEN HEALTH INSTITUTES                 ,KY,40207-1047,Proprietary  ,63,338,401,311,1828,2139
03103500,MR JIM'S BEAUTY COLLEGE                 ,KY,42301-2646,Proprietary  ,2,6,8,13,29,42
03106700,MOTIF BEAUTY ACADEMY                    ,KY,40391-1958,Proprietary  ,3,8,11,15,42,57
03516500,EZELL'S COSMETOLOGY SCHOOL              ,KY,42071-2530,Proprietary  ,0,8,8,18,33,51
03611300,BRIGHTON CENTER'S CENTER FOR EMPLOY     ,KY,41071-1968,Private      ,1,39,40,5,131,136
03804300,BELLEFONTE ACADEMY OF BEAUTY            ,KY,41169-2015,Proprietary  ,6,27,33,16,80,96
03885300,EMPLOYMENT SOLUTIONS                    ,KY,40517-3260,Private      ,1,11,12,4,47,51
03886300,REGENCY SCHOOL OF HAIR DESIGN           ,KY,41653-1278,Proprietary  ,0,3,3,17,26,43
04038300,ATA CAREER EDUCATION                    ,KY,40223-3832,Proprietary  ,15,88,103,78,449,527
04123900,LEXINGTON HEALING ARTS ACADEMY          ,KY,40503-1932,Proprietary  ,3,14,17,3,19,22
00200300,CENTENARY COLLEGE OF LOUISIANA          ,LA,71104-3396,Private      ,12,16,28,1063,173,1236
00200400,DILLARD UNIVERSITY                      ,LA,70122-3097,Private      ,32,28,60,1837,451,2288
00200500,NICHOLLS STATE UNIVERSITY               ,LA,70310-0001,Public       ,106,186,292,4837,2351,7188
00200600,GRAMBLING STATE UNIVERSITY              ,LA,71245-2215,Public       ,198,177,375,6128,2818,8946
00200700,LOUISIANA COLLEGE                       ,LA,71359-0000,Private      ,15,15,30,976,263,1239
00200800,LOUISIANA TECH UNIVERSITY               ,LA,71272-0001,Public       ,109,205,314,6311,2528,8839
00201000,LOUISIANA STATE UNIV & A&M COLG         ,LA,70803-5710,Public       ,320,284,604,19352,6191,25543
00201100,LOUISIANA STATE UNIV-ALEXANDRIA         ,LA,71302-9121,Public       ,55,187,242,1320,1974,3294
00201200,LOUISIANA STATE UNIV-EUNICE             ,LA,70535-6726,Public       ,73,164,237,1774,1427,3201
00201300,LOUISIANA STATE UNIV-SHREVEPORT         ,LA,71115-2399,Public       ,80,207,287,2226,2532,4758
00201400,LA STATE UNIV HEALTH SCIENCES CTR       ,LA,70112-2223,Public       ,10,54,64,351,1632,1983
00201500,(THE) UNIVERSITY OF NEW ORLEANS         ,LA,70148-0001,Public       ,167,414,581,5788,5275,11063
00201600,LOYOLA UNIVERSITY NEW ORLEANS           ,LA,70118-6195,Private      ,80,101,181,2381,1825,4206
00201700,MCNEESE STATE UNIVERSITY                ,LA,70609-4510,Public       ,121,238,359,4656,2907,7563
00201900,NEW ORLEANS BAPTIST THEOL SEMINARY      ,LA,70126-0000,Private      ,1,12,13,29,104,133
00202000,UNIVERSITY OF LOUISIANA AT MONROE       ,LA,71209-9001,Public       ,157,322,479,6080,4148,10228
00202100,NORTHWESTERN STATE UNIVERSITY           ,LA,71497-0001,Public       ,151,419,570,5719,4632,10351
00202200,NOTRE DAME SEMINARY                     ,LA,70118-0000,Private      ,0,0,0,2,3,5
00202300,OUR LADY OF HOLY CROSS COLLEGE          ,LA,70131-7399,Private      ,22,75,97,593,935,1528
00202400,SOUTHEASTERN LOUISIANA UNIV             ,LA,70402-0001,Public       ,282,387,669,10089,4900,14989
00202500,SOUTHERN UNIVERSITY A & M COLLEGE       ,LA,70813-9374,Public       ,181,324,505,7770,5811,13581
00202600,SOUTHERN UNIV NEW ORLEANS               ,LA,70126-0002,Public       ,68,215,283,1214,2614,3828
00202700,ST JOSEPH SEMINARY COLLEGE              ,LA,70457-9990,Private      ,1,2,3,42,20,62
00202900,TULANE UNIVERSITY                       ,LA,70118-5698,Private      ,146,186,332,5740,4694,10434
00203100,UNIV OF LOUISIANA AT LAFAYETTE          ,LA,70504-0001,Public       ,241,304,545,10861,4375,15236
00203200,XAVIER UNIVERSITY OF LOUISIANA          ,LA,70125-1098,Private      ,88,48,136,3538,1253,4791
00462100,AYERS CAREER COLLEGE                    ,LA,71108-5845,Proprietary  ,17,79,96,81,423,504
00462500,DELGADO COMMUNITY COLLEGE               ,LA,70119-0000,Public       ,412,1234,1646,5051,9297,14348
00520300,REMINGTON COLLEGE - LAFAYETTE CAMPUS    ,LA,70508-5760,Proprietary  ,102,291,393,603,1817,2420
00520306,REMINGTON COLLEGE - BATON ROUGE CAMPUS  ,LA,70816-4040,Proprietary  ,18,84,102,171,649,820
00546700,SOWELA TECHNICAL COMMUNITY COLLEGE      ,LA,70616-6950,Public       ,63,175,238,605,866,1471
00547200,LOUISIANA TECHNICAL COLLEGE - SIDNEY N. ,LA,70126-5511,Public       ,0,0,0,5,19,24
00548800,LOUISIANA TECH COLG-BATON ROUGE         ,LA,70807-0000,Public       ,30,93,123,297,681,978
00548802,LOUISIANA TECH COLG-ACADIAN CMPS        ,LA,70526-0000,Public       ,3,13,16,45,103,148
00548803,LOUISIANA TECH COLG-ALEXANDRIA CMPS     ,LA,71302-3137,Public       ,18,77,95,140,464,604
00548804,LOUISIANA TECH COLG-ASCENSION CMPS      ,LA,70778-3007,Public       ,3,7,10,68,78,146
00548805,LA TECH COLLEGE-AVOYELLES CAMPUS        ,LA,71327-0000,Public       ,1,5,6,46,85,131
00548806,LA TECHNICAL COLG-BASTROP CMPS          ,LA,71221-0000,Public       ,4,16,20,33,155,188
00548808,LA TECH COLG CHARLES B COREILCMPS       ,LA,70586-0000,Public       ,7,20,27,75,157,232
00548809,LA TECHNICAL COLG-DELTA-OUACHITA        ,LA,71292-9064,Public       ,18,55,73,208,402,610
00548810,EVANGELINE TECHNICAL INST               ,LA,70582-3104,Public       ,3,7,10,40,130,170
00548811,LA TECHN COLLEGE - FLORIDA PARISHES     ,LA,70441-0000,Public       ,3,6,9,28,95,123
00548812,LOUISIANA TECH COLG-FOLKES CAMPUS       ,LA,70748-0000,Public       ,4,11,15,15,85,100
00548813,LA TECHNICAL INST-GULF AREA CMPS        ,LA,70510-0878,Public       ,12,29,41,126,202,328
00548814,LOUISIANA TECH COLG-HAMMOND CMPS        ,LA,70404-0000,Public       ,13,44,57,123,210,333
00548815,LA TECH COLG-HUEY P. LONG CAMPUS        ,LA,71483-0000,Public       ,2,7,9,36,109,145
00548816,LA TECH COLLEGE-JEFFERSON CAMPUS        ,LA,70001-5605,Public       ,4,16,20,32,105,137
00548817,LOUISIANA TEC CLG-JUMONVILLE MEM CP     ,LA,70760-0000,Public       ,5,15,20,46,108,154
00548818,LA TECH COLLEGE-LAFAYETTE CAMPUS        ,LA,70506-0000,Public       ,41,88,129,389,706,1095
00548819,LOUISIANA TECHNICAL COLLEGE-LAFOURC     ,LA,70301-4336,Public       ,12,23,35,94,172,266
00548820,LOUISIANA TEC CLG-LAMAR SALTER CMPS     ,LA,71446-0000,Public       ,8,32,40,57,197,254
00548822,LOUISIANA TECHNICAL CLG-MANSFIELD       ,LA,71052-1236,Public       ,4,17,21,46,128,174
00548823,LA. TECH COLG.-MORGAN SMITH CAMPUS      ,LA,70546-0000,Public       ,4,5,9,43,89,132
00548824,LOUISIANA TEC CLG-NATCHITOCHES CMPS     ,LA,71458-0000,Public       ,3,14,17,57,150,207
00548825,LOUISIANA TECH COLG-NORTH CTRL CMPS     ,LA,71241-0000,Public       ,3,11,14,30,66,96
00548826,LOUISIANA TECH CLG-NORTHEAST LA CMP     ,LA,71295-2999,Public       ,5,23,28,33,119,152
00548827,LOUISIANA TEC CLG-NW LOUISIANA CMPS     ,LA,71058-0000,Public       ,20,26,46,147,282,429
00548828,LA TECHNICAL COLG-OAKDALE CMPS          ,LA,71463-0000,Public       ,2,4,6,29,95,124
00548829,LTC-RIVER PARISHES CAMPUS               ,LA,70084-0000,Public       ,12,33,45,127,263,390
00548830,LOUISIANA TECHNICAL COLLEGE-RUSTON      ,LA,71273-0000,Public       ,18,40,58,244,204,448
00548831,LTC - SABINE VALLEY CAMPUS              ,LA,71449-3839,Public       ,10,24,34,38,102,140
00548832,LOUISIANA TECH COLG-SHELBY JACKSON      ,LA,71334-0000,Public       ,6,16,22,31,158,189
00548833,LA TECH COLG SHREVEPORT-BOSSIER         ,LA,71137-0000,Public       ,26,116,142,215,798,1013
00548835,LA TECHNICAL COLLEGE-SLIDELL CAMPUS     ,LA,70459-0000,Public       ,0,0,0,1,7,8
00548837,LOUISIANA TECH COLG-SULLIVAN CAMPUS     ,LA,70427-5866,Public       ,9,50,59,112,286,398
00548838,LOUISIANA TECHNICAL COLG - TALLULAH     ,LA,71284-0000,Public       ,5,25,30,62,211,273
00548839,LA TECH COLG-TECHE AREA CAMPUS          ,LA,70562-0000,Public       ,8,39,47,155,230,385
00548840,LOUISIANA TECH COLG-T.H.HARRIS CMPS     ,LA,70570-6113,Public       ,29,50,79,306,404,710
00548841,LOUISIANA TECH COLG W JEFFERSON CMP     ,LA,70058-0000,Public       ,4,11,15,21,56,77
00548842,LOUISIANA TECHNICAL COLLEGE - WESTSIDE C,LA,70765-0733,Public       ,0,13,13,12,63,75
00548843,LTC-YOUNG MEMORIAL CAMPUS               ,LA,70381-0000,Public       ,7,28,35,65,190,255
00576100,L. E. FLETCHER TECHNICAL COMMUNITY COLLE,LA,70360-2863,Public       ,60,79,139,388,406,794
00576101,L.E. FLETCHER TECHNICAL COMMUNITY COLLEG,LA,70360-7310,Public       ,0,0,0,55,41,96
00768600,SOUTHERN UNIV AT SHREVEPORT/BOSSIER     ,LA,71107-4795,Public       ,48,205,253,962,2248,3210
00806700,LSU HEALTH SCIENCES CENTR-SHREVEPOR     ,LA,71130-3932,Public       ,11,26,37,184,776,960
00989800,DEMMON SCHOOL OF BEAUTY                 ,LA,70607-2128,Proprietary  ,2,9,11,16,49,65
01005701,AMERICAN COMMERCIAL COLLEGE             ,LA,71105-2502,Proprietary  ,4,39,43,35,203,238
01109700,CLOYD'S BEAUTY SCHOOL #1                ,LA,71291-3131,Proprietary  ,9,28,37,27,139,166
01163100,"D-JAY'S SCHL OF BEAUTY, ARTS & SCI      ",LA,70806-0000,Proprietary  ,7,32,39,30,94,124
01184100,JOHN JAY BEAUTY COLLEGE                 ,LA,70124-2592,Proprietary  ,1,2,3,16,21,37
01261100,RONNIE & DORMANS SCHOOL HAIR DESIGN     ,LA,70501-0000,Proprietary  ,1,1,2,7,25,32
01282300,PAT GOINS RUSTON BEAUTY SCHOOL          ,LA,71270-4301,Proprietary  ,4,8,12,16,27,43
01287900,PAT GOINS BENTON ROAD BEAUTY SCHOOL     ,LA,71111-4838,Proprietary  ,5,12,17,15,50,65
01288000,PAT GOINS BEAUTY SCHOOL                 ,LA,71201-5167,Proprietary  ,4,11,15,13,21,34
02055400,BOSSIER PARISH COMMUNITY COLLEGE        ,LA,71111-0000,Public       ,147,328,475,2017,2753,4770
02055500,DELTA SCH OF BUSINESS & TECHNOLOGY      ,LA,70601-0000,Proprietary  ,20,65,85,145,438,583
02089711,HERZING COLLEGE                         ,LA,70062-8727,Proprietary  ,13,46,59,21,91,112
02117800,AVEDA INSTITUTE LAFAYETTE               ,LA,70503-3246,Proprietary  ,7,16,23,74,91,165
02166100,NUNEZ COMMUNITY COLLEGE                 ,LA,70043-0000,Public       ,23,86,109,327,705,1032
02166200,ITI TECHNICAL COLLEGE                   ,LA,70817-0000,Proprietary  ,41,64,105,258,416,674
02197500,BATON ROUGE SCHOOL OF COMPUTERS         ,LA,70816-0000,Proprietary  ,1,20,21,25,74,99
02234000,CAMERON COLLEGE                         ,LA,70119-0000,Proprietary  ,11,57,68,30,162,192
02258400,AVEDA INSTITUTE BATON ROUGE             ,LA,70816-2246,Proprietary  ,10,13,23,98,89,187
02260200,DIESEL DRIVING ACADEMY                  ,LA,71109-5617,Proprietary  ,12,75,87,33,247,280
02263600,BASTROP BEAUTY SCHOOL #1                ,LA,71220-0000,Proprietary  ,2,17,19,6,46,52
02265600,JOHN JAY KENNER ACADEMY                 ,LA,70062-0000,Proprietary  ,7,21,28,61,92,153
02269300,STEVENSON'S ACADEMY OF HAIR DESIGN      ,LA,70116-0000,Proprietary  ,11,14,25,57,79,136
02323100,PAT GOINS SHREVEPORT BEAUTY SCHOOL      ,LA,71108-4354,Proprietary  ,2,1,3,6,26,32
02327800,PINEVILLE BEAUTY SCHOOL                 ,LA,71360-0000,Proprietary  ,2,14,16,36,65,101
02335701,BATON ROUGE GEN MED CTR SCH NSG         ,LA,70821-0000,Private      ,3,15,18,43,146,189
02335702,BATON ROUGE GEN MED CTR-RAD TECH        ,LA,70806-0000,Private      ,2,4,6,39,43,82
02338000,"CLOYD'S BEAUTY SCHOOL #2, INC           ",LA,71202-3539,Proprietary  ,9,32,41,26,138,164
02352500,"CLOYD'S BEAUTY SCHOOL #3, INC           ",LA,71201-3211,Proprietary  ,9,33,42,33,145,178
02358600,"STAGE ONE THE HAIR SCHOOL, INC.         ",LA,70605-0000,Proprietary  ,7,14,21,49,83,132
02493400,ALEXANDRIA ACADEMY OF BEAUTY CULT       ,LA,71301-0000,Proprietary  ,2,11,13,10,55,65
02518300,SOUTH LOUISIANA BEAUTY COLLEGE          ,LA,70363-0000,Proprietary  ,6,7,13,23,52,75
02536400,LOUISIANA ACADEMY OF BEAUTY             ,LA,70535-0000,Proprietary  ,3,5,8,24,47,71
02538300,DELTA COLLEGE OF ARTS & TECH INC        ,LA,70806-1529,Proprietary  ,8,62,70,95,401,496
02538301,DELTA COLLEGE OF ARTS & TECHNOLOGY - LAF,LA,70508-6831,Proprietary  ,1,32,33,35,126,161
02548500,COSMETOLOGY TRAINING CENTER             ,LA,70503-0000,Proprietary  ,17,7,24,55,53,108
02554800,VANGUARD COLLEGE OF COSMETOLOGY         ,LA,70458-8823,Proprietary  ,28,39,67,70,96,166
02582200,"GUY'S ACADEMY HAIR, SKIN & NAILS        ",LA,71105-2404,Proprietary  ,11,20,31,46,121,167
02600900,AVEDA INSTITUTE                         ,LA,70433-2922,Proprietary  ,39,85,124,355,517,872
02601000,AMERICAN SCHOOL OF BUSINESS             ,LA,71105-5646,Proprietary  ,1,16,17,17,81,98
02601100,OPELOUSAS SCHOOL OF COSMETOLOGY         ,LA,70570-6156,Proprietary  ,3,5,8,20,37,57
02606800,CAREER TRAINING SPECIALISTS             ,LA,71201-6046,Proprietary  ,32,122,154,297,720,1017
02606801,CAREER TECHNICAL COLLEGE - SHREVEPORT   ,LA,71105-2405,Proprietary  ,11,55,66,82,416,498
02617100,BATON ROUGE COLLEGE                     ,LA,70816-2246,Proprietary  ,3,12,15,39,86,125
02619200,DENHAM SPRINGS BEAUTY COLLEGE           ,LA,70726-3829,Proprietary  ,3,5,8,28,42,70
03010400,CRESCENT CITY SCH GAMING & BARTENDG     ,LA,70119-5507,Proprietary  ,16,172,188,45,517,562
03023500,CAMELOT CAREER COLLEGE                  ,LA,70805-7539,Proprietary  ,20,40,60,82,169,251
03030900,DIESEL DRIVING ACADEMY                  ,LA,70815-8109,Proprietary  ,8,148,156,47,443,490
03061400,ASCENSION COLLEGE                       ,LA,70737-2912,Proprietary  ,4,23,27,74,167,241
03095100,GRETNA CAREER COLLEGE                   ,LA,70053-2436,Proprietary  ,5,34,39,29,194,223
03106200,OUR LADY OF THE LAKE COLLEGE            ,LA,70808-4345,Private      ,41,172,213,941,1780,2721
03253300,JONESVILLE BEAUTY SCHOOL                ,LA,71343-0000,Proprietary  ,3,7,10,15,32,47
03294300,BLUE CLIFF SCH THERAPEUTIC MASSAGE      ,LA,70002-3458,Proprietary  ,18,68,86,125,405,530
03332600,DELTA COLLEGE                           ,LA,70433-9042,Proprietary  ,9,28,37,80,256,336
03332601,DELTA COLLEGE - SLIDELL                 ,LA,70460-2624,Proprietary  ,5,26,31,32,127,159
03356300,MEDICAL TRAINING COLLEGE                ,LA,70816-5820,Proprietary  ,17,57,74,84,227,311
03422500,BLUE CLIFF COLLEGE                      ,LA,71107-6520,Proprietary  ,9,55,64,93,343,436
03422600,BLUE CLIFF COLLEGE                      ,LA,70508-3858,Proprietary  ,19,60,79,99,283,382
03480300,MEDVANCE INSTITUTE                      ,LA,70809-1908,Proprietary  ,92,298,390,425,1845,2270
03498400,OMEGA INSTITUTE OF COSMETOLOGY          ,LA,70360-0000,Proprietary  ,6,8,14,33,51,84
03727500,MOORE CAREER COLLEGE                    ,LA,70808-4191,Proprietary  ,4,11,15,37,82,119
03730300,BATON ROUGE COMMUNITY COLLEGE           ,LA,78806-4129,Public       ,212,494,706,3328,3527,6855
03752400,SCHOOL OF URBAN MISSIONS                ,LA,70053-0000,Private      ,2,1,3,43,46,89
03789300,UNITECH TRAINING ACADEMY                ,LA,70503-5132,Proprietary  ,37,174,211,132,591,723
03789400,RIVER PARISHES COMMUNITY COLLEGE        ,LA,70778-0310,Public       ,16,39,55,320,392,712
03810500,COURT REPORTING INSTITUTE OF LOUISI     ,LA,70816-0000,Proprietary  ,1,9,10,12,65,77
03858300,RAY'S FAITH ACADEMY OF BEAUTY EDUCATION ,LA,70737-0000,Proprietary  ,0,3,3,5,15,20
03956300,SOUTH LOUISIANA COMMUNITY COLLEGE       ,LA,70506-0000,Public       ,100,151,251,888,891,1779
04040300,COMPASS CAREER COLLEGE                  ,LA,70403-0653,Proprietary  ,6,40,46,27,148,175
04112300,LOUISIANA CULINARY INSTITUTE            ,LA,70816-4109,Proprietary  ,3,9,12,55,58,113
00143600,CAPITOL COLLEGE                         ,MD,20708-9759,Private      ,5,28,33,269,245,514
00146200,WASHINGTON BIBLE COLLEGE                ,MD,20706-3599,Private      ,1,14,15,92,238,330
00205700,ALLEGANY COLLEGE OF MARYLAND            ,MD,21502-2596,Public       ,68,123,191,1655,1311,2966
00205800,ANNE ARUNDEL COMMUNITY COLLEGE          ,MD,21012-1895,Public       ,171,380,551,2667,3721,6388
00206000,BALTIMORE HEBREW UNIVERSITY             ,MD,21215-3996,Private      ,0,2,2,2,36,38
00206100,BALTIMORE CITY COMMUNITY COLLEGE        ,MD,21215-7893,Public       ,125,421,546,2147,5576,7723
00206200,BOWIE STATE UNIVERSITY                  ,MD,20715-9465,Public       ,132,212,344,6070,3214,9284
00206300,COMMUNITY COLLEGE OF BALTIMORE COUNTY   ,MD,21228-5381,Public       ,276,714,990,4888,8109,12997
00206400,COLLEGE OF SOUTHERN MARYLAND            ,MD,20646-0910,Public       ,124,257,381,1785,2187,3972
00206500,CLG NOTRE DAME OF MARYLAND              ,MD,21210-2476,Private      ,9,90,99,697,1023,1720
00206700,COLUMBIA UNION COLLEGE                  ,MD,20912-7796,Private      ,16,54,70,784,620,1404
00206800,COPPIN STATE UNIVERSITY                 ,MD,21216-3698,Public       ,81,156,237,3113,3192,6305
00207100,FREDERICK COMMUNITY COLLEGE             ,MD,21702-9745,Public       ,63,184,247,1043,1328,2371
00207200,FROSTBURG STATE UNIVERSITY              ,MD,21532-1099,Public       ,83,45,128,5109,955,6064
00207300,GOUCHER COLLEGE                         ,MD,21204-2794,Private      ,25,27,52,2386,429,2815
00207400,HAGERSTOWN COMMUNITY COLLEGE            ,MD,21742-6590,Public       ,73,188,261,1084,1374,2458
00207500,HARFORD COMMUNITY COLLEGE               ,MD,21015-1696,Public       ,83,158,241,1215,1376,2591
00207600,HOOD COLLEGE                            ,MD,21701-8575,Private      ,23,45,68,1834,646,2480
00207700,JOHNS HOPKINS UNIVERSITY                ,MD,21218-2693,Private      ,39,67,106,4724,936,5660
00207702,JOHNS HOPKINS UNIV SCH ARTS/SCI/ENG     ,MD,21218-0000,Private      ,22,102,124,3146,1211,4357
00207703,JOHNS HOPKINS UNIV SCH OF BUS/ED        ,MD,21046-0000,Private      ,1,146,147,35,1370,1405
00207705,JOHNS HOPKINS BLOOMBERG SCH OF PH       ,MD,21205-0000,Private      ,1,38,39,14,1068,1082
00207706,JOHNS HOPKINS UNIV SCH OF MEDICINE      ,MD,21205-0000,Private      ,8,20,28,99,910,1009
00207707,JOHNS HOPKINS UNIV SCH OF NURSING       ,MD,21205-0000,Private      ,0,27,27,196,673,869
00207708,JOHNS HOPKINS UNIV PEABODY CONSERV      ,MD,21202-2397,Private      ,6,4,10,557,382,939
00207800,LOYOLA UNIVERSITY MARYLAND              ,MD,21210-2699,Private      ,35,88,123,5278,1453,6731
00208000,MARYLAND INST COLLEGE OF ART            ,MD,21217-4191,Private      ,26,13,39,2110,508,2618
00208300,MORGAN STATE UNIVERSITY                 ,MD,21251-0002,Public       ,231,193,424,9288,3493,12781
00208600,MOUNT SAINT MARY'S UNIVERSITY           ,MD,21727-7799,Private      ,20,21,41,2376,272,2648
00208700,NER ISRAEL RABBINICAL COLLEGE           ,MD,21208-1198,Private      ,4,4,8,90,31,121
00208900,PRINCE GEORGES COMMUNITY COLLEGE        ,MD,20774-2199,Public       ,211,549,760,3409,4977,8386
00209100,SALISBURY UNIVERSITY                    ,MD,21801-6862,Public       ,136,59,195,7565,1234,8799
00209200,ST JOHN'S COLLEGE                       ,MD,21404-0000,Private      ,5,10,15,615,152,767
00209500,ST. MARY'S COLLEGE OF MARYLAND          ,MD,20686-3001,Public       ,26,5,31,2232,139,2371
00209600,ST MARY'S SEMINARY & UNIV               ,MD,21210-1994,Private      ,0,1,1,12,20,32
00209900,TOWSON UNIVERSITY                       ,MD,21252-0002,Public       ,295,239,534,15995,4752,20747
00210200,UNIVERSITY OF BALTIMORE                 ,MD,21201-5779,Public       ,41,220,261,1195,4873,6068
00210300,"UNIVERSITY OF MARYLAND, COLLEGE PARK    ",MD,20742-5145,Public       ,377,553,930,23945,9761,33706
00210400,"UNIVERSITY OF MARYLAND, BALTIMORE       ",MD,21201-1691,Public       ,38,197,235,1885,7467,9352
00210500,UMBC                                    ,MD,21250-0002,Public       ,143,154,297,7150,3033,10183
00210600,UNIVERSITY MARYLAND EASTERN SHORE       ,MD,21853-4053,Public       ,95,59,154,4500,1156,5656
00210700,STEVENSON UNIVERSITY                    ,MD,21153-0641,Private      ,39,53,92,3277,812,4089
00210800,WASHINGTON COLLEGE                      ,MD,21620-1197,Private      ,15,1,16,1628,45,1673
00210900,MCDANIEL COLLEGE                        ,MD,21157-4390,Private      ,19,25,44,2550,449,2999
00458612,KAPLAN COLLEGE                          ,MD,21742-2797,Proprietary  ,28,102,130,304,782,1086
00458613,KAPLAN COLLEGE -  CAREER TECHNOLOGY CENT,MD,21742-2797,Proprietary  ,0,4,4,1,4,5
00458614,KAPLAN COLLEGE - FREDERICK              ,MD,21704-8307,Proprietary  ,8,37,45,55,203,258
00465000,CHESAPEAKE COLLEGE                      ,MD,21679-0008,Public       ,41,122,163,747,951,1698
00691100,MONTGOMERY COLLEGE                      ,MD,20850-1195,Public       ,337,614,951,6570,6030,12600
00734100,INTERNATIONAL BEAUTY SCHOOL             ,MD,21502-2370,Proprietary  ,14,37,51,30,90,120
00744700,DEL-MAR-VA BEAUTY ACADEMY               ,MD,21804-0000,Proprietary  ,3,6,9,38,64,102
00749100,TESST COLLEGE OF TECHNOLOGY             ,MD,21227-1063,Proprietary  ,65,219,284,388,1149,1537
00793600,LINCOLN TECHNICAL INSTITUTE             ,MD,21046-1544,Proprietary  ,92,127,219,703,782,1485
00817500,HOWARD COMMUNITY COLLEGE                ,MD,21044-3197,Public       ,104,190,294,1814,1973,3787
00826300,AWARD BEAUTY SCHOOL                     ,MD,21740-5624,Proprietary  ,26,68,94,76,186,262
00830800,CECIL COLLEGE                           ,MD,21901-1999,Public       ,37,76,113,598,643,1241
00907906,EVEREST COLLEGE- EVEREST INSTITUTE      ,MD,20910-3737,Proprietary  ,11,25,36,11,25,36
01001400,GARRETT COMMUNITY COLLEGE               ,MD,21541-1265,Public       ,25,42,67,502,252,754
01031900,MEDIX SCHOOL                            ,MD,21204-2538,Proprietary  ,67,231,298,330,1217,1547
01041000,TESST COLLEGE OF TECHNOLOGY             ,MD,21286-2201,Proprietary  ,28,66,94,211,475,686
01164400,UNIV OF MARYLAND UNIVERSITY COLLEGE     ,MD,20783-8078,Public       ,123,2022,2145,1478,16777,18255
01164402,U OF MD UNIVERSITY COLLEGE - EUROPE     ,MD,20832-0000,Public       ,32,242,274,279,1928,2207
01164404,U OF MD UNIVERSITY COLLEGE - ASIA       ,MD,31207-0000,Public       ,14,160,174,80,997,1077
02073900,WOR-WIC COMMUNITY COLLEGE               ,MD,21804-0000,Public       ,70,200,270,957,1666,2623
02083600,TESST COLLEGE OF TECHNOLOGY             ,MD,20705-2698,Proprietary  ,59,103,162,280,485,765
02116005,SANFORD-BROWN INSTITUTE - LANDOVER      ,MD,20785-2287,Proprietary  ,26,122,148,132,657,789
02127900,SOJOURNER DOUGLASS COLLEGE              ,MD,21205-0000,Private      ,24,317,341,132,1982,2114
02155100,MARYLAND COLLEGE OF ART AND DESIGN      ,MD,20902-0000,Private      ,7,2,9,69,22,91
02269700,INTERNATIONAL BEAUTY SCHOOL             ,MD,21014-0000,Proprietary  ,8,4,12,30,35,65
02288900,ABI-ACCUTECH BUSINESS INSTITUTE         ,MD,21703-0000,Proprietary  ,0,0,0,0,2,2
02314800,BALTIMORE INTERNATIONAL COLLEGE         ,MD,21202-0000,Private      ,37,68,105,550,421,971
02331000,MARYLAND BEAUTY ACADEMY OF ESSEX        ,MD,21221-0000,Proprietary  ,5,17,22,40,93,133
02333000,HAIR ACADEMY                            ,MD,20784-0000,Proprietary  ,41,72,113,123,233,356
02343800,MONTGOMERY BEAUTY SCHOOL                ,MD,20901-0000,Proprietary  ,12,49,61,43,136,179
02494700,BALTIMORE STUDIO OF HAIR DESIGN         ,MD,21201-0000,Proprietary  ,6,29,35,58,153,211
02495000,ROBERT PAUL ACAD COSMTGY ARTS & SCI     ,MD,21093-0000,Proprietary  ,4,7,11,56,65,121
02495100,MARYLAND BEAUTY ACADEMY                 ,MD,21136-0000,Proprietary  ,3,8,11,12,48,60
02545400,NORTH AMERICAN TRADE SCHOOLS            ,MD,21244-0069,Proprietary  ,36,136,172,138,637,775
02573800,"L' ACADEMIE DE CUISINE, INC.            ",MD,20877-0000,Proprietary  ,3,10,13,46,113,159
02578400,TAI SOPHIA INSTITUTE                    ,MD,20723-6010,Private      ,0,70,70,0,236,236
03027200,BLADES SCHOOL OF HAIR DESIGN            ,MD,20619-0226,Proprietary  ,8,15,23,19,67,86
03064900,AARON'S ACADEMY OF BEAUTY               ,MD,20602-2715,Proprietary  ,3,7,10,23,44,67
03097200,AESTHETICS INSTITUTE OF COSMETOLOGY     ,MD,20877-1305,Proprietary  ,3,9,12,5,31,36
03100700,CARROLL COMMUNITY COLLEGE               ,MD,21157-6913,Public       ,45,61,106,697,588,1285
03148300,AMERICAN BEAUTY ACADEMY                 ,MD,20902-1911,Proprietary  ,50,143,193,151,350,501
03296300,BALTIMORE SCHOOL OF MASSAGE             ,MD,21090-2261,Proprietary  ,29,101,130,140,411,551
03327300,NEW CREATIONS ACADEMY OF HAIR DSN       ,MD,20746-2960,Proprietary  ,1,10,11,5,34,39
03493300,ALL-STATE CAREER SCHOOL                 ,MD,21224-6658,Proprietary  ,59,348,407,250,1187,1437
03771300,AMERICAN CAREER INSTITUTE               ,MD,20902-4637,Proprietary  ,2,21,23,7,65,72
03822400,MAPLE SPRINGS BAPTIST BIBLE COLLEGE & SE,MD,20743-5711,Private      ,0,4,4,5,29,34
03965500,HAIR EXPRESSIONS ACADEMY                ,MD,20852-1729,Proprietary  ,6,13,19,27,58,85
04121600,FILA ACADEMY (THE)                      ,MD,21061-1634,Proprietary  ,5,8,13,5,8,13
        ,MGH INSTITUTE OF HEALTH PROFESSION      ,MA,02129-0000,Private      ,1,17,18,9,760,769
00211400,AMERICAN INTERNATIONAL COLLEGE          ,MA,01109-3189,Private      ,23,154,177,1768,1407,3175
00211500,AMHERST COLLEGE                         ,MA,01002-5000,Private      ,30,6,36,3157,96,3253
00211600,ANDOVER NEWTON THEOLOGICAL SCHOOL       ,MA,02459-0000,Private      ,0,10,10,0,204,204
00211700,ANNA MARIA COLLEGE                      ,MA,01612-1198,Private      ,10,23,33,974,306,1280
00211800,ASSUMPTION COLLEGE                      ,MA,01615-1294,Private      ,22,23,45,3757,375,4132
00211900,ATLANTIC UNION COLLEGE                  ,MA,01561-1000,Private      ,6,16,22,323,254,577
00212000,MERRIMACK COLLEGE                       ,MA,01845-5800,Private      ,24,14,38,3383,134,3517
00212100,BABSON COLLEGE                          ,MA,02457-0310,Private      ,18,72,90,1812,701,2513
00212200,BAY PATH COLLEGE                        ,MA,01106-2212,Private      ,16,137,153,738,1193,1931
00212300,BECKER COLLEGE-WORCESTER                ,MA,01615-0071,Private      ,30,71,101,1897,760,2657
00212400,BENTLEY UNIVERSITY                      ,MA,02452-4705,Private      ,51,56,107,5416,643,6059
00212600,BERKLEE COLLEGE OF MUSIC                ,MA,02215-3693,Private      ,84,50,134,3240,691,3931
00212800,BOSTON COLLEGE                          ,MA,02467-3800,Private      ,121,112,233,15673,5407,21080
00212900,BOSTON CONSERVATORY OF MUSIC            ,MA,02215-9830,Private      ,4,1,5,791,225,1016
00213000,BOSTON UNIVERSITY                       ,MA,02215-1789,Private      ,261,520,781,23590,13076,36666
00213300,BRANDEIS UNIVERSITY                     ,MA,02453-2700,Private      ,22,24,46,4069,771,4840
00213900,CLARK UNIVERSITY                        ,MA,01610-1473,Private      ,34,23,57,3615,487,4102
00214000,ELMS COLLEGE                            ,MA,01013-2839,Private      ,9,24,33,935,465,1400
00214100,COLLEGE OF THE HOLY CROSS               ,MA,01610-2395,Private      ,31,4,35,4747,52,4799
00214300,CURRY COLLEGE                           ,MA,02186-2395,Private      ,32,61,93,3223,836,4059
00214400,DEAN COLLEGE                            ,MA,02038-1994,Private      ,18,3,21,1326,108,1434
00214500,EASTERN NAZARENE COLLEGE                ,MA,02170-2999,Private      ,18,53,71,796,353,1149
00214507,EASTERN NAZARENE CLG - LEAD PROGRAM     ,MA,02170-0000,Private      ,0,4,4,16,37,53
00214600,EMERSON COLLEGE                         ,MA,02116-4624,Private      ,57,33,90,4975,1326,6301
00214700,EMMANUEL COLLEGE                        ,MA,02115-5798,Private      ,25,24,49,3258,324,3582
00214800,ENDICOTT COLLEGE                        ,MA,01915-2098,Private      ,31,24,55,3227,196,3423
00214900,EPISCOPAL DIVINITY SCHOOL               ,MA,02138-0000,Private      ,0,13,13,0,81,81
00215000,FISHER COLLEGE                          ,MA,02116-1500,Private      ,31,84,115,1106,796,1902
00215100,BENJAMIN FRANKLIN INSTITUTE OF TECH     ,MA,02116-6296,Public       ,15,25,40,471,241,712
00215300,GORDON COLLEGE                          ,MA,01984-1899,Private      ,14,2,16,1857,66,1923
00215400,HELLENIC COLLEGE                        ,MA,02445-7496,Private      ,2,5,7,48,98,146
00215500,HARVARD UNIVERSITY                      ,MA,02138-3800,Private      ,62,23,85,3522,563,4085
00215501,AMRCN REPERTORY THTR INST ADV THTR      ,MA,02138-0000,Private      ,0,1,1,0,92,92
00215502,HARVARD BUSINESS SCHOOL                 ,MA,02163-0000,Private      ,4,24,28,115,1483,1598
00215503,HARVARD EXTENSION SCHOOL                ,MA,02138-0000,Private      ,6,75,81,111,743,854
00215504,HARVARD SCH OF DENTAL MEDICINE          ,MA,02115-0000,Private      ,0,2,2,2,186,188
00215505,HARVARD UNIV GRAD SCH DESIGN            ,MA,02138-0000,Private      ,0,1,1,5,766,771
00215506,HARVARD DIVINITY SCHOOL                 ,MA,02138-0000,Private      ,4,6,10,19,627,646
00215507,HARVARD UNIV GRAD SCH ED                ,MA,02138-0000,Private      ,0,11,11,4,1162,1166
00215508,HARVARD UNIV GRAD S OF ARTS & SCIEN     ,MA,02138-0000,Private      ,3,40,43,53,740,793
00215509,HARVARD JOHN F KENNEDY SCHL OF GOVT     ,MA,02138-0000,Private      ,3,9,12,19,1065,1084
00215510,HARVARD LAW SCHOOL                      ,MA,02138-0000,Private      ,5,17,22,46,3297,3343
00215511,HARVARD UNIV MEDICAL SCHOOL             ,MA,02115-0000,Private      ,5,12,17,65,905,970
00215512,HARVARD UNIV SCH PUBLIC HEALTH          ,MA,02115-0000,Private      ,2,6,8,35,671,706
00215513,HARVARD UNIVERSITY-HARVARD COLLEGE      ,MA,02138-0000,Private      ,81,16,97,10489,281,10770
00215700,HEBREW COLLEGE                          ,MA,02459-2237,Private      ,0,1,1,8,76,84
00215800,LASELL COLLEGE                          ,MA,02466-2716,Private      ,15,10,25,2048,117,2165
00216000,LESLEY UNIVERSITY                       ,MA,02138-2790,Private      ,22,464,486,1897,4919,6816
00216100,UMASS LOWELL                            ,MA,01854-3089,Public       ,178,221,399,6889,2833,9722
00216300,MARIST COLLEGE & SEMINARY               ,MA,01701-0000,Private      ,0,7,7,9,354,363
00216400,NEW ENGLAND COLLEGE OF OPTOMETRY        ,MA,02115-1129,Private      ,0,8,8,7,435,442
00216500,MASS. COLLEGE OF PHARMACY  & HEALTH SCIE,MA,02115-5804,Private      ,27,55,82,3065,1888,4953
00216700,BERKSHIRE COMMUNITY COLLEGE             ,MA,01201-5786,Public       ,45,77,122,669,831,1500
00216800,CAPE COD COMMUNITY COLLEGE              ,MA,02668-1599,Public       ,89,175,264,1199,1242,2441
00216900,GREENFIELD COMMUNITY COLLEGE            ,MA,01301-9739,Public       ,27,95,122,714,1021,1735
00217000,HOLYOKE COMMUNITY COLLEGE               ,MA,01040-1099,Public       ,161,313,474,2867,2862,5729
00217100,MASSACHUSETTS BAY COMMUNITY COLLEGE     ,MA,02181-0000,Public       ,86,165,251,1513,1653,3166
00217200,MOUNT WACHUSETT COMMUNITY COLLEGE       ,MA,01440-1000,Public       ,98,234,332,1350,2031,3381
00217300,NORTH SHORE COMMUNITY COLLEGE           ,MA,01923-4093,Public       ,157,274,431,2140,2644,4784
00217400,NORTHERN ESSEX COMMUNITY COLLEGE        ,MA,01830-2399,Public       ,116,290,406,1894,2689,4583
00217500,QUINSIGAMOND COMMUNITY COLLEGE          ,MA,01606-2092,Public       ,138,274,412,2352,2587,4939
00217600,BRISTOL COMMUNITY COLLEGE               ,MA,02720-7399,Public       ,168,289,457,2579,2801,5380
00217700,MASSASOIT COMMUNITY COLLEGE             ,MA,02302-3996,Public       ,175,258,433,2394,2446,4840
00217800,MASSACHUSETTS INST OF TECHNOLOGY        ,MA,02139-4307,Private      ,65,150,215,7946,2224,10170
00218000,MASSACHUSETTS COLLEGE OF ART AND DESIGN ,MA,02115-5803,Public       ,31,30,61,1819,619,2438
00218100,MASSACHUSETTS MARITIME ACADEMY          ,MA,02532-3400,Public       ,10,2,12,921,60,981
00218300,BRIDGEWATER STATE COLLEGE               ,MA,02325-0001,Public       ,141,132,273,8437,2083,10520
00218400,FITCHBURG STATE COLLEGE                 ,MA,01420-2697,Public       ,53,58,111,4077,1033,5110
00218500,FRAMINGHAM STATE COLLEGE                ,MA,01702-2471,Public       ,57,49,106,4011,774,4785
00218700,MASSACHUSETTS CLG OF LIBERAL ARTS       ,MA,01247-4100,Public       ,16,32,48,1586,407,1993
00218800,SALEM STATE COLLEGE                     ,MA,01970-5353,Public       ,187,162,349,6990,2492,9482
00218900,WESTFIELD STATE COLLEGE                 ,MA,01086-1630,Public       ,89,66,155,5718,883,6601
00219000,WORCESTER STATE COLLEGE                 ,MA,01602-2597,Public       ,57,84,141,4415,1459,5874
00219200,MOUNT HOLYOKE COLLEGE                   ,MA,01075-1492,Private      ,16,6,22,2131,252,2383
00219300,MOUNT IDA COLLEGE                       ,MA,02459-3323,Private      ,23,15,38,2005,254,2259
00219400,NEW ENGLAND CONSERVATORY OF MUSIC       ,MA,02115-5018,Private      ,7,3,10,608,575,1183
00219700,NICHOLS COLLEGE                         ,MA,01571-6346,Private      ,13,11,24,1688,180,1868
00219900,NORTHEASTERN UNIVERSITY                 ,MA,02115-5000,Private      ,324,383,707,24794,6904,31698
00220100,PINE MANOR COLLEGE                      ,MA,02167-0000,Private      ,9,8,17,559,107,666
00220200,BLESSED JOHN XXIII NATIONAL SEMINARY    ,MA,02493-0000,Private      ,0,0,0,0,3,3
00220500,QUINCY COLLEGE                          ,MA,02169-4501,Public       ,79,181,260,890,1882,2772
00220600,REGIS COLLEGE                           ,MA,02193-0000,Private      ,14,22,36,1200,486,1686
00220800,SIMMONS COLLEGE                         ,MA,02115-5898,Private      ,26,108,134,2453,2576,5029
00220900,SMITH COLLEGE                           ,MA,01063-2936,Private      ,25,14,39,2800,863,3663
00221000,UNIV OF MASSACHUSETTS-DARTMOUTH         ,MA,02747-2300,Public       ,97,74,171,8793,1691,10484
00221100,SPRINGFIELD COLLEGE                     ,MA,01109-3797,Private      ,34,284,318,3330,3456,6786
00221400,ST JOHN'S SEMINARY                      ,MA,02135-8839,Private      ,1,16,17,11,66,77
00221700,STONEHILL COLLEGE                       ,MA,02357-6110,Private      ,28,3,31,4736,96,4832
00221800,SUFFOLK UNIVERSITY                      ,MA,02108-2770,Private      ,88,118,206,7150,2039,9189
00221802,SUFFOLK UNIVERSITY LAW SCHOOL           ,MA,02108-0000,Private      ,3,10,13,121,2517,2638
00221900,TUFTS UNIVERSITY                        ,MA,02155-5808,Private      ,49,68,117,7928,2153,10081
00221901,TUFTS UNIV SCH OF DENTAL MEDICINE       ,MA,02111-0000,Private      ,1,9,10,4,805,809
00221902,TUFTS UNIVERSITY - CUMMINGS SCHOOL OF VE,MA,01536-0000,Private      ,2,2,4,25,399,424
00221904,TUFTS UNIV SCHOOL OF MEDICINE           ,MA,02111-0000,Private      ,2,12,14,39,1234,1273
00222100,UNIV OF MASSACHUSETTS-AMHERST           ,MA,01003-0000,Public       ,322,257,579,25570,5342,30912
00222200,UNIV OF MASSACHUSETTS-BOSTON            ,MA,02125-3393,Public       ,234,453,687,6913,6582,13495
00222400,WELLESLEY COLLEGE                       ,MA,02481-8203,Private      ,24,3,27,2894,121,3015
00222500,WENTWORTH INSTITUTE OF TECHNOLOGY       ,MA,02115-5998,Private      ,38,25,63,3420,424,3844
00222600,WESTERN NEW ENGLAND COLLEGE             ,MA,01119-2654,Private      ,40,47,87,4252,1336,5588
00222700,WHEATON COLLEGE                         ,MA,02766-2322,Private      ,21,1,22,2329,39,2368
00222800,WHEELOCK COLLEGE                        ,MA,02215-4176,Private      ,11,20,31,1141,578,1719
00222900,WILLIAMS COLLEGE                        ,MA,01267-2600,Private      ,17,0,17,2842,60,2902
00223300,WORCESTER POLYTECHNIC INSTITUTE         ,MA,01609-2280,Private      ,33,14,47,4729,309,5038
00396500,BAY STATE COLLEGE                       ,MA,02116-2901,Proprietary  ,34,49,83,904,371,1275
00396600,BOSTON ARCHITECTURAL COLLEGE            ,MA,02115-2795,Private      ,22,52,74,435,821,1256
00466100,HAMPSHIRE COLLEGE                       ,MA,01002-3359,Private      ,41,8,49,2147,101,2248
00466600,SALTER COLLEGE                          ,MA,01583-1700,Proprietary  ,93,404,497,533,2201,2734
00466700,SCHOOL OF MUSEUM OF FINE ARTS           ,MA,02115-5534,Private      ,16,6,22,815,302,1117
00466900,UPPER CAPE COD REGIONAL VOC TECH        ,MA,02532-3310,Public       ,0,2,2,12,67,79
00527900,GREATER LOWELL REGNL VOC TECH SCH       ,MA,01879-0000,Public       ,0,1,1,17,68,85
00551900,DIMAN REGIONAL VOC TECH INST            ,MA,02723-3519,Public       ,0,2,2,9,55,64
00552300,BLUE HILLS REGIONAL VOC TECH            ,MA,02021-1398,Public       ,0,4,4,22,110,132
00555700,MCCANN TECHNICAL SCHOOL                 ,MA,01247-0000,Public       ,1,7,8,14,58,72
00613600,NATIONAL AVIATION ACADEMY - NEW ENGLAND ,MA,01730-2620,Proprietary  ,17,21,38,107,99,206
00632200,BROCKTON HOSPITAL SCH OF NURSING        ,MA,02302-0000,Private      ,2,8,10,99,351,450
00632400,LABOURE COLLEGE                         ,MA,02124-5698,Private      ,11,48,59,152,562,714
00633100,LAWRENCE MEM HOSPITAL SCH OF NRSNG      ,MA,02155-1643,Private      ,0,33,33,53,371,424
00687300,MARIAN COURT COLLEGE                    ,MA,01907-2896,Private      ,6,17,23,219,111,330
00748100,GIBBS COLLEGE                           ,MA,02116-2904,Proprietary  ,51,90,141,290,549,839
00748400,NEWBURY COLLEGE                         ,MA,02445-5796,Private      ,16,17,33,1442,245,1687
00748600,THE NEW ENGLAND INSTITUTE OF ART        ,MA,02445-7295,Proprietary  ,84,53,137,1783,555,2338
00748800,KAPLAN CAREER INSTITUTE                 ,MA,02129-1644,Proprietary  ,28,79,107,135,388,523
00807800,SPRINGFIELD TECHNICAL COMMUNITY CLG     ,MA,01105-0000,Public       ,136,449,585,2045,3551,5596
00809002,EVEREST COLLEGE - EVEREST INSTITUTE     ,MA,02150-2333,Proprietary  ,5,19,24,5,20,25
00891600,NEW ENGLAND SCHOOL OF LAW               ,MA,02116-0000,Private      ,0,8,8,9,1948,1957
00912900,EMPIRE BEAUTY SCHOOL                    ,MA,02148-0000,Proprietary  ,0,0,0,22,27,49
00964500,BARD COLLEGE AT SIMON'S ROCK            ,MA,01230-9702,Private      ,12,0,12,397,4,401
00974700,GORDON-CONWELL THEOLOGICAL SEMINARY     ,MA,01982-0000,Private      ,1,43,44,3,630,633
00975600,UNIVERSITY OF MASS MEDICAL CENTER       ,MA,01655-0000,Public       ,1,17,18,14,738,752
00987700,HENRI'S SCHOOL OF HAIR DESIGN           ,MA,01420-5675,Proprietary  ,3,10,13,14,30,44
00989900,LOWELL ACADEMY HAIRSTYLING INST         ,MA,01852-1909,Proprietary  ,11,4,15,30,24,54
00993600,MIDDLESEX COMMUNITY COLLEGE             ,MA,01730-1197,Public       ,66,76,142,1001,757,1758
00993602,"MIDDLESEX COMMUNITY COLLEGE, LOWELL     ",MA,01852-0000,Public       ,85,106,191,1726,1327,3053
01121000,BUNKER HILL COMMUNITY COLLEGE           ,MA,02129-2991,Public       ,254,542,796,2726,4486,7212
01151000,EVEREST INSTITUTE                       ,MA,02135-7638,Proprietary  ,50,207,257,250,805,1055
01193000,ROXBURY COMMUNITY COLLEGE               ,MA,02120-3400,Public       ,63,197,260,706,2029,2735
01204200,MANSFIELD BEAUTY SCHOOLS                ,MA,02169-5061,Proprietary  ,6,6,12,35,69,104
01206800,MANSFIELD BEAUTY SCHOOL                 ,MA,01103-1410,Proprietary  ,3,12,15,10,71,81
01238600,SOUTHEASTERN TECHNICAL INSTITUTE        ,MA,02375-1780,Public       ,2,16,18,39,163,202
01241400,EMPIRE BEAUTY SCHOOL                    ,MA,02116-1914,Proprietary  ,0,0,0,5,0,5
01255300,WHITTIER REGIONAL VOC TECH SCHOOL       ,MA,01830-1898,Public       ,0,0,0,4,3,7
01288100,MONTACHUSETT REG VOC TECH SCH           ,MA,01420-4649,Public       ,0,1,1,6,39,45
01292100,EMPIRE BEAUTY SCHOOL                    ,MA,02215-0000,Proprietary  ,43,57,100,141,210,351
01294800,ROB ROY ACADEMY                         ,MA,02721-5330,Proprietary  ,12,18,30,49,65,114
02063000,MONTSERRAT COLLEGE OF ART               ,MA,01915-0000,Private      ,8,0,8,401,45,446
02063800,BUTERA SCHOOL OF ART                    ,MA,02116-0000,Proprietary  ,0,0,0,50,11,61
02076700,EMPIRE BEAUTY SCHOOL                    ,MA,02148-0000,Proprietary  ,15,36,51,78,137,215
02079400,EMPIRE BEAUTY SCHOOL                    ,MA,02453-0000,Proprietary  ,11,31,42,55,115,170
02092100,MASSACHUSETTS SCHOOL OF BARBERING       ,MA,02169-0000,Proprietary  ,5,22,27,14,56,70
02092200,EMPIRE BEAUTY SCHOOL                    ,MA,01852-0000,Proprietary  ,25,27,52,76,130,206
02122000,NEW ENGLAND HAIR ACADEMY                ,MA,02148-0000,Proprietary  ,9,17,26,48,58,106
02137000,ROB ROY ACADEMY                         ,MA,02780-0000,Proprietary  ,4,6,10,17,24,41
02137200,MASS GEN HOSP DIETETIC INTERNSHIP       ,MA,02114-0000,Private      ,0,0,0,4,9,13
02143000,LONGY SCHOOL OF MUSIC                   ,MA,02138-3599,Private      ,0,2,2,37,134,171
02161300,WESTON JESUIT SCHOOL OF THEOLOGY        ,MA,02138-0000,Private      ,0,0,0,0,64,64
02163500,NEW ENGLAND SCHOOL OF PHOTOGRAPHY       ,MA,02215-0000,Proprietary  ,9,9,18,103,96,199
02169900,ASSABET VALLEY REGIONAL VOC SCHOOL      ,MA,01752-0000,Public       ,0,0,0,23,46,69
02181600,ROB ROY ACADEMY                         ,MA,01609-0000,Proprietary  ,12,18,30,67,116,183
02182900,CAMBRIDGE COLLEGE                       ,MA,02138-5304,Private      ,58,628,686,212,4338,4550
02197900,NORTH BENNET STREET SCHOOL              ,MA,02113-0000,Private      ,4,5,9,34,90,124
02215100,HALLMARK INSTITUTE OF PHOTOGRAPHY       ,MA,01376-0000,Proprietary  ,1,2,3,173,166,339
02219501,MILDRED ELLEY - PITTSFIELD              ,MA,01201-5300,Proprietary  ,0,0,0,3,4,7
02220400,CATHERINE HINDS INST OF ESTHETICS       ,MA,01801-0000,Proprietary  ,5,32,37,57,132,189
02237100,JOSEPH P KEEFE TECHNICAL SCHOOL         ,MA,01701-5698,Public       ,0,0,0,3,4,7
02274300,CONWAY SCHOOL OF LANDSCAPE DESIGN       ,MA,01341-0179,Private      ,0,2,2,0,24,24
02325700,LABARON HAIRDRESSING ACADEMY            ,MA,02740-0000,Proprietary  ,3,8,11,17,32,49
02325800,LABARON HAIRDRESSING ACAD-BROCKTON      ,MA,02301-0000,Proprietary  ,0,2,2,9,32,41
02337400,BANCROFT SCHOOL OF MASSAGE THERAPY      ,MA,01604-4614,Proprietary  ,0,3,3,14,42,56
02338200,BAY STATE SCHOOL OF TECHNOLOGY          ,MA,02021-0000,Proprietary  ,8,78,86,34,209,243
02339400,ROB ROY ACADEMY                         ,MA,02746-0000,Proprietary  ,2,3,5,12,14,26
02491700,CORTIVA INSTITUTE -  BOSTON             ,MA,02472-2577,Proprietary  ,4,38,42,21,170,191
02523900,ELIZABETH GRADY SCHOOL OF ESTHETICS     ,MA,02155-0000,Proprietary  ,1,13,14,29,74,103
02579800,NEW ENGLAND SCHOOL OF ACUPUNCTURE       ,MA,02458-0000,Private      ,0,4,4,1,153,154
02614901,SANFORD-BROWN INSTITUTE - SPRINGFIELD   ,MA,01104-1739,Proprietary  ,0,0,0,3,3,6
03066700,AILANO SCHOOL OF COSMETOLOGY            ,MA,02303-4740,Proprietary  ,2,4,6,18,26,44
03104000,SHAWSHEEN ADULT TECHNICAL INSTITUTE     ,MA,01821-5499,Public       ,0,1,1,11,40,51
03120800,KAY HARVEY HAIRDRESSING ACADEMY         ,MA,01089-2701,Proprietary  ,6,19,25,15,65,80
03127700,SOUTHERN NEW ENGLAND SCHOOL OF LAW      ,MA,02747-1252,Private      ,0,4,4,1,265,266
03130500,URBAN COLLEGE OF BOSTON                 ,MA,02111-1093,Private      ,4,37,41,47,512,559
03194300,BOSTON GRAD SCH OF PSYCHOANALYSIS       ,MA,02446-4602,Private      ,0,1,1,1,58,59
03196300,LINCOLN TECHNICAL INSTITUTE             ,MA,02145-1102,Proprietary  ,48,79,127,222,438,660
03196302,LINCOLN TECHNICAL INSTITUTE             ,MA,01852-5119,Proprietary  ,33,46,79,177,325,502
03205400,JOLIE HAIR & BEAUTY ACADEMY             ,MA,01056-2769,Proprietary  ,4,13,17,30,44,74
03232302,LINCOLN TECHNICAL INSTITUTE             ,MA,02401-1818,Proprietary  ,20,56,76,83,219,302
03235300,MASSACHUSETTS SCHOOL OF LAW             ,MA,01810-1094,Private      ,0,51,51,2,596,598
03240300,HAIR IN MOTION BEAUTY ACADEMY           ,MA,01604-2213,Proprietary  ,1,4,5,7,20,27
03248300,BOSTON BAPTIST COLLEGE                  ,MA,02136-4000,Private      ,3,1,4,83,37,120
03316400,FUNERAL INSTITUTE OF THE NORTHEAST      ,MA,02062-4766,Proprietary  ,1,6,7,14,64,78
03504300,NATL GRAD SCH OF QUALITY SYSTM MGMT     ,MA,02540-0000,Private      ,0,0,0,1,10,11
03763300,MEDICAL PROFESSIONAL INSTITUTE          ,MA,02148-8143,Proprietary  ,1,35,36,4,81,85
03859300,E.I.N.E.                                ,MA,01876-4709,Proprietary  ,1,5,6,2,31,33
03946300,FRANKLIN W. OLIN COLLEGE OF ENGINEERING ,MA,02492-1200,Private      ,7,1,8,380,6,386
04039300,SULLIVAN AND COGLIANO TRAINING CENTER   ,MA,02301-1822,Proprietary  ,14,132,146,40,442,482
04116900,DIGRIGOLI SCHOOL OF COSMETOLOGY         ,MA,01089-4623,Proprietary  ,0,5,5,0,5,5
04128000,MILLENNIUM TRAINING INSTITUTE           ,MA,01801-6386,Proprietary  ,0,3,3,0,3,3
04128900,CENTRAL MASS SCHOOL OF MASSAGE AND THERA,MA,01562-1712,Proprietary  ,5,7,12,5,7,12
00401000,INSTITUT INTERNAT'L D'ETUDES FRANCA     ,FC,00000-0000,Public       ,0,0,0,0,3,3
00401200,HEBREW UNIVERSITY OF JERUSALEM (THE)    ,FC,00000-0000,Public       ,5,11,16,45,119,164
00403000,UNIVERSITY OF CAMBRIDGE                 ,FC,00000-0000,Public       ,0,1,1,0,45,45
00503400,AMERICAN UNIVERSITY OF CAIRO            ,FC,00000-0000,Private      ,2,6,8,81,186,267
00667100,KATHOLIEKE UNIVERSITEIT LEUVEN          ,FC,00000-0000,Private      ,0,4,4,1,35,36
00669000,UNIVERSITY OF COPENHAGEN                ,FC,00000-0000,Public       ,1,1,2,7,10,17
00669100,UNIVERSITY OF CAMBRIDGE - PEMBROKE      ,FC,00000-0000,Public       ,0,1,1,1,17,18
00669200,UNIVERSITY OF LEEDS                     ,FC,00000-0000,Public       ,0,2,2,19,76,95
00669300,UNIV OF LONDON-LONDON SCHOOL ECON       ,FC,00000-0000,Public       ,0,12,12,18,518,536
00669400,SCH OF ORIENTAL & AFRICAN STUDIES       ,FC,00000-0000,Public       ,0,1,1,11,143,154
00669500,UNIV OF LONDON-UNIVERSITY COLLEGE       ,FC,00000-0000,Public       ,1,6,7,25,288,313
00669600,UNIV OF LONDON-SCH ADVANCED STUDY       ,FC,00000-0000,Public       ,0,0,0,0,17,17
00669700,"QUEEN MARY, UNIVERSITY OF LONDON        ",FC,00000-0000,Public       ,0,2,2,11,77,88
00669900,UNIVERSITY OF SUSSEX                    ,FC,00000-0000,Public       ,0,4,4,20,79,99
00670000,"UNIVERSITY OF YORK, THE                 ",FC,00000-0000,Public       ,0,4,4,9,104,113
00670400,UNIVERSITY COLLEGE CORK                 ,FC,00000-0000,Public       ,0,1,1,11,48,59
00671300,UPPSALA UNIVERSITY                      ,FC,00000-0000,Public       ,0,0,0,1,16,17
00671500,UNIVERSITY OF GENEVA                    ,FC,00000-0000,Public       ,0,1,1,1,43,44
00683900,UNIVERSITY OF EDINBURGH                 ,FC,00000-0000,Public       ,1,8,9,91,412,503
00684200,UNIVERSITY OF DUBLIN TRINITY COLLEG     ,FC,00000-0000,Public       ,0,3,3,29,131,160
00685000,UNIVERSITY OF CAMBRIDGE - DOWNING C     ,FC,00000-0000,Public       ,0,0,0,1,3,4
00685100,INTERNATIONAL CHRISTIAN UNIVERSITY      ,FC,00000-0000,Private      ,0,0,0,9,7,16
00763200,UNIVERSITY OF BRISTOL                   ,FC,00000-0000,Public       ,1,3,4,9,88,97
00768100,COLLEGE OF EUROPE                       ,FC,00000-0000,Private      ,0,1,1,1,4,5
00770500,ROYAL COLLEGE OF SURGEONS IN IRELAN     ,FC,00000-0000,Private      ,1,1,2,4,63,67
00788100,AMERICAN UNIVERSITY OF PARIS            ,FC,00000-0000,Private      ,11,8,19,239,147,386
00837100,AMERICAN UNIVERSITY OF BEIRUT           ,FC,00000-0000,Private      ,4,6,10,52,59,111
00837300,TEL-AVIV UNIVERSITY                     ,FC,00000-0000,Public       ,3,2,5,12,68,80
00837700,UNIVERSITEIT VAN AMSTERDAM(UNIVERSI     ,FC,00000-0000,Public       ,0,5,5,3,99,102
00838000,UNIVERSITY OF WARWICK                   ,FC,00000-0000,Public       ,0,3,3,5,56,61
00838300,UNIVERSITY OF GLASGOW                   ,FC,00000-0000,Public       ,0,6,6,35,293,328
00838600,UNIVERSITY OF HELSINKI                  ,FC,00000-0000,Public       ,0,0,0,0,8,8
00839300,UNIVERSITY OF OSLO                      ,FC,00000-0000,Public       ,0,1,1,4,9,13
00839400,UNIVERSITY OF OXFORD                    ,FC,00000-0000,Public       ,1,8,9,10,155,165
00839800,UNIVERSITY OF SHEFFIELD (THE)           ,FC,00000-0000,Public       ,0,2,2,5,70,75
00839900,UNIVERSITY OF SOUTHAMPTON               ,FC,00000-0000,Public       ,0,3,3,1,48,49
00845000,KASTURBA MEDICAL COLLEGE (A CONSTITENT I,FC,00000-0000,Private      ,0,2,2,28,102,130
00845200,ABERYSTWYTH UNIVERSITY                  ,FC,00000-0000,Public       ,0,2,2,12,27,39
00846000,UNIVERSITY OF NEWCASTLE UPON TYNE       ,FC,00000-0000,Public       ,0,1,1,6,50,56
00846100,UNIVERSITY OF SAINT ANDREWS             ,FC,00000-0000,Public       ,7,6,13,103,127,230
00846200,UNIVERSIDAD DE SALAMANCA                ,FC,00000-0000,Public       ,0,5,5,8,55,63
00850500,UNIVERSITY OF MELBOURNE                 ,FC,00000-0000,Public       ,2,27,29,13,129,142
00858600,SWANSEA UNIVERSITY                      ,FC,00000-0000,Public       ,2,0,2,11,30,41
00858700,UNIVERSITY OF DURHAM                    ,FC,00000-0000,Public       ,0,11,11,13,83,96
00866500,UNIVERSITY OF KENT AT CANTERBURY (THE)  ,FC,00000-0000,Public       ,0,6,6,9,128,137
00866600,UNIVERSITY OF HONG KONG                 ,FC,00000-0000,Public       ,1,2,3,12,32,44
00867000,UNIVERSITY OF NEW SOUTH WALES           ,FC,00000-0000,Public       ,2,21,23,17,91,108
00868700,UNIVERSITY OF ESSEX                     ,FC,00000-0000,Public       ,0,3,3,7,65,72
00869200,LEIDEN UNIVERSITY                       ,FC,00000-0000,Public       ,0,8,8,2,70,72
00869300,CITY UNIVERSITY                         ,FC,00000-0000,Public       ,0,4,4,5,94,99
00890800,THE UNIVERSITY OF BIRMINGHAM            ,FC,00000-0000,Public       ,1,2,3,8,76,84
00891000,UNIVERSITY OF HULL                      ,FC,00000-0000,Public       ,0,0,0,5,18,23
00892000,UNIVERSITY OF NOTTINGHAM                ,FC,00000-0000,Public       ,0,2,2,14,94,108
00900600,UNIVERSITY OF SALFORD (THE)             ,FC,00000-0000,Public       ,0,2,2,3,15,18
00908400,"UNIV OF LONDON, BIRKBECK                ",FC,00000-0000,Public       ,0,5,5,2,57,59
00908500,UNIV OF LONDON KING'S COLLEGE           ,FC,00000-0000,Public       ,0,9,9,23,188,211
00908600,UNIVERSITY OF LONDON - ROYAL HOLLOWAY   ,FC,00000-0000,Public       ,0,2,2,12,63,75
00914300,BAR-ILAN UNIVERSITY                     ,FC,00000-0000,Private      ,1,1,2,6,6,12
00924700,ARCHITECTURAL ASSOC SCH OF ARCHITEC     ,FC,00000-0000,Private      ,0,0,0,1,17,18
00924900,UNIVERSITY OF LIVERPOOL                 ,FC,00000-0000,Public       ,0,4,4,12,70,82
00936800,UNIVERSITY OF ABERDEEN                  ,FC,00000-0000,Public       ,1,4,5,35,124,159
00942300,ROYAL COLLEGE OF ART                    ,FC,00000-0000,Public       ,0,0,0,2,31,33
00942400,ROYAL ACADEMY OF DRAMATIC ART           ,FC,00000-0000,Private      ,0,0,0,6,10,16
00942800,TECHNION-ISRAEL INST OF TECHLGY         ,FC,00000-0000,Public       ,0,3,3,0,65,65
00944200,UNIVERSITY OF EXETER                    ,FC,00000-0000,Public       ,0,3,3,7,79,86
00944400,UNIVERSITY OF LANCASTER                 ,FC,00000-0000,Public       ,0,2,2,6,38,44
00963400,UNIVERSITY OF OXFORD ST CATHERINE'S     ,FC,00000-0000,Public       ,0,0,0,2,14,16
00980800,UNIVERSITY OF STRATHCLYDE               ,FC,00000-0000,Public       ,0,0,0,6,26,32
00981700,UNIVERSITY OF SANTO TOMAS               ,FC,00000-0000,Private      ,0,2,2,5,27,32
00986000,UNIVERSITY OF SURREY                    ,FC,00000-0000,Public       ,0,0,0,2,12,14
00988800,KAROLINSKA INSTITUTET                   ,FC,00000-0000,Public       ,0,1,1,0,9,9
00990600,PONTIFICAL NORTH AMERICAN COLLEGE       ,FC,00000-0000,Private      ,0,2,2,1,7,8
00992700,UNIVERSITY OF CAMBRIDGE - FITZWILLI     ,FC,00000-0000,Public       ,1,0,1,1,4,5
01006700,LUND UNIVERSITY                         ,FC,00000-0000,Public       ,0,1,1,1,40,41
01008400,UNIVERSITY OF CAPE TOWN                 ,FC,00000-0000,Private      ,2,10,12,6,37,43
01008700,UNIVERSITY OF OXFORD ST PETER'S COL     ,FC,00000-0000,Public       ,0,0,0,0,5,5
01008800,UNIVERSITY OF OXFORD - CORPUS CHRIS     ,FC,00000-0000,Public       ,0,0,0,0,1,1
01008900,CENTRAL SCHOOL OF SPEECH AND DRAMA      ,FC,00000-0000,Private      ,0,0,0,9,37,46
01009000,UNIVERSITY OF OXFORD - BALLIOL COLL     ,FC,00000-0000,Public       ,0,0,0,1,16,17
01014300,UNIVERSITY OF READING                   ,FC,00000-0000,Public       ,0,0,0,1,42,43
01015700,CARDIFF UNIVERSITY                      ,FC,00000-0000,Public       ,0,2,2,3,60,63
01015900,PONTIFICIA UNIVERSITA GREGORIANA        ,FC,00000-0000,Private      ,0,1,1,1,6,7
01016000,CG JUNG INST                            ,FC,00000-0000,Private      ,0,0,0,0,1,1
01018800,UNIVERSITY COLLEGE DUBLIN               ,FC,00000-0000,Public       ,0,3,3,11,146,157
01019000,UNIVERSITY OF CAMBRIDGE CHURCHILL C     ,FC,00000-0000,Public       ,0,0,0,1,3,4
01022800,UNIVERSITY OF STIRLING                  ,FC,00000-0000,Public       ,0,2,2,16,30,46
01033200,UNIVERSITY OF CAMBRIDGE - CLARE COL     ,FC,00000-0000,Public       ,0,0,0,0,7,7
01045600,UNIVERSITY OF HAIFA                     ,FC,00000-0000,Public       ,0,1,1,4,10,14
01047200,INST EUROPEEN OPEEN D'ADMINISTRATIO     ,FC,00000-0000,Private      ,0,11,11,0,84,84
01049300,CRANFIELD UNIVERSITY                    ,FC,00000-0000,Public       ,0,0,0,0,11,11
01052000,TRINITY LABAN                           ,FC,00000-0000,Public       ,0,0,0,1,5,6
01052001,LABAN CENTER FOR MOVEMENT & DANCE       ,FC,00000-0000,Public       ,0,1,1,4,8,12
01052500,UNIVERSITY OF HERTFORDSHIRE             ,FC,00000-0000,Public       ,0,1,1,3,2,5
01057400,LONDON INTRNTL FILM SCHOOL              ,FC,00000-0000,Private      ,0,5,5,3,21,24
01058400,VRIJE UNIVERSITEIT BRUSSELS             ,FC,00000-0000,Private      ,0,2,2,0,8,8
01058600,INSTITUTE OF SOCIAL STUDIES             ,FC,00000-0000,Private      ,0,0,0,0,10,10
01058800,AUSTRALIAN NATIONAL UNIVERSITY          ,FC,00000-0000,Public       ,0,8,8,12,45,57
01058900,BANGOR UNIVERSITY                       ,FC,00000-0000,Public       ,0,1,1,5,18,23
01059400,"RICHMOND, THE AMERICAN INT UNI IN LONDON",FC,00000-0000,Private      ,7,1,8,317,41,358
01059900,INST D'ETUDES POLITIQUES DE PARIS       ,FC,00000-0000,Public       ,0,1,1,3,36,39
01068100,MACQUARIE UNIVERSITY                    ,FC,00000-0000,Public       ,2,15,17,15,108,123
01069200,UNIVERSITY OF QUEENSLAND (THE)          ,FC,00000-0000,Public       ,4,29,33,15,108,123
01070400,SILLIMAN UNIVERSITY                     ,FC,00000-0000,Private      ,0,1,1,2,5,7
01078900,UNIVERSITY OF OXFORD - WORCESTER CO     ,FC,00000-0000,Public       ,0,0,0,0,2,2
01079200,CITY AND GUILDS OF LONDON INSTITUTE     ,FC,00000-0000,Private      ,0,0,0,1,4,5
01079500,AKADEMIA MEDYCZNA                       ,FC,00000-0000,Public       ,0,0,0,0,9,9
01079700,"NATIONAL UNIVERSITY OF IRELAND, MAY     ",FC,00000-0000,Public       ,0,0,0,3,10,13
01080300,SEMMELWEIS UNIVERSITY OF BUDAPEST       ,FC,00000-0000,Public       ,0,2,2,1,39,40
01081600,KINGSTON UNIVERSITY                     ,FC,00000-0000,Public       ,2,2,4,21,36,57
01083800,UNIVERSITITY OF BERGEN (UOB)            ,FC,00000-0000,Public       ,0,2,2,0,2,2
01086400,UNIV OF DUNDEE                          ,FC,00000-0000,Public       ,1,1,2,4,35,39
01086600,UNIVERSITY OF OXFORD - MAGDALEN COLLEGE ,FC,00000-0000,Public       ,0,0,0,0,5,5
01086700,UNIVERSITY OF OXFORD ST JOHN'S COLL     ,FC,00000-0000,Public       ,0,0,0,1,5,6
01091400,MONASH UNIVERSITY                       ,FC,00000-0000,Public       ,0,8,8,8,38,46
01091500,UNIV OF EAST ANGLIA                     ,FC,00000-0000,Public       ,0,2,2,11,49,60
01094200,UNIVERSITY OF OXFORD - ST HUGH'S CO     ,FC,00000-0000,Public       ,0,0,0,1,6,7
01097700,UNIVERSIDAD CENTRAL DEL ESTE            ,FC,00000-0000,Private      ,18,61,79,78,670,748
01098000,SOMERVILLE COLLEGE                      ,FC,00000-0000,Public       ,0,1,1,0,3,3
01099900,UNIV OF OXFORD - WADHAM COLLEGE         ,FC,00000-0000,Public       ,0,0,0,1,3,4
01104400,PONTIFICIA UNIVERSITA SAN TOMMASO       ,FC,00000-0000,Private      ,0,4,4,1,18,19
01105300,UNIVERSITY OF OXFORD - ST HILDA'S C     ,FC,00000-0000,Public       ,0,1,1,1,4,5
01105400,UNIVERSITY OF OXFORD - ST ANNE'S CO     ,FC,00000-0000,Public       ,0,0,0,0,7,7
01105500,UNIV OF OXFORD - LADY MARGARET HALL     ,FC,00000-0000,Public       ,0,1,1,1,11,12
01105600,UNIVERSITY OF OXFORD - UNIVERSITY C     ,FC,00000-0000,Public       ,0,2,2,1,12,13
01105700,UNIVERSITY OF OXFORD - TRINITY COLL     ,FC,00000-0000,Public       ,0,2,2,1,7,8
01105800,UNIVERSITY OF OXFORD-ST EDMUND HALL     ,FC,00000-0000,Public       ,0,1,1,1,15,16
01105900,UNIVERSITY OF OXFORD ST ANTONY'S CO     ,FC,00000-0000,Public       ,0,4,4,0,43,43
01106000,UNIVERSITY OF OXFORD - QUEEN'S COLL     ,FC,00000-0000,Public       ,0,0,0,1,4,5
01106100,UNIVERSITY OF OXFORD - PEMBROKE COL     ,FC,00000-0000,Public       ,0,0,0,1,3,4
01106200,UNIVERSITY OF OXFORD - ORIEL COLLEG     ,FC,00000-0000,Public       ,0,0,0,1,8,9
01106300,UNIVERSITY OF OXFORD - NUFFIELD COL     ,FC,00000-0000,Public       ,0,0,0,0,5,5
01106400,UNIVERSITY OF OXFORD - NEW COLLEGE      ,FC,00000-0000,Public       ,0,0,0,2,13,15
01106500,UNIVERSITY OF OXFORD MERTON COLLEGE     ,FC,00000-0000,Public       ,0,1,1,0,16,16
01106600,UNIVERSITY OF OXFORD - LINCOLN COLL     ,FC,00000-0000,Public       ,0,1,1,1,16,17
01106700,UNIVERSITY OF OXFORD - KEBLE COLLEG     ,FC,00000-0000,Public       ,0,0,0,0,10,10
01106800,UNIVERSITY OF OXFORD - JESUS COLLEG     ,FC,00000-0000,Public       ,0,1,1,0,8,8
01106900,UNIVERSITY OF OXFORD - HERTFORD COL     ,FC,00000-0000,Public       ,0,0,0,0,6,6
01107000,UNIVERSITY OF OXFORD EXETER COLLEGE     ,FC,00000-0000,Public       ,0,0,0,0,15,15
01107100,UNIV OF OXFORD - CHRIST CHURCH          ,FC,00000-0000,Public       ,0,1,1,0,20,20
01107200,UNIVERSITY OF OXFORD - BRASENOSE CO     ,FC,00000-0000,Public       ,0,1,1,0,2,2
01109100,FLINDERS UNIVERSITY OF S AUSTRALIA      ,FC,00000-0000,Public       ,1,6,7,3,19,22
01109400,UNIVERSITY OF WESTERN AUSTRALIA (THE)   ,FC,00000-0000,Public       ,1,2,3,6,15,21
01156700,"IMPERIAL COLLEGE OF SCIENCE, TECHNOLOGY ",FC,00000-0000,Public       ,1,1,2,5,42,47
01167900,UNIVERSITY OF BATH                      ,FC,00000-0000,Public       ,0,2,2,2,30,32
01168300,FRANKLIN COLLEGE  SWITZERLAND           ,FC,00000-0000,Private      ,7,0,7,303,9,312
01175800,UNIV OF CAMBRIDGE - PETERHOUSE          ,FC,00000-0000,Public       ,0,0,0,0,4,4
01176400,ROYAL ACADEMY OF MUSIC                  ,FC,00000-0000,Public       ,0,0,0,13,19,32
01176500,GOLDSMITHS' COLLEGE-UNIV OF LONDON      ,FC,00000-0000,Public       ,0,5,5,7,122,129
01176600,UNIV OF LONDON - INST OF EDUC           ,FC,00000-0000,Public       ,0,0,0,2,22,24
01177900,STOCKHOLM SCHOOL OF ECONOMICS           ,FC,00000-0000,Private      ,0,0,0,0,6,6
01178000,BRUNEL UNIVERSITY                       ,FC,00000-0000,Public       ,0,1,1,1,38,39
01178400,UNIVERSITY OF WARSAW                    ,FC,00000-0000,Public       ,0,1,1,0,9,9
01207500,UNIVERSITY CAMBRIDGE - TRINITY COLL     ,FC,00000-0000,Public       ,0,0,0,0,9,9
01207800,VICTORIA UNIV OF WELLINGTON             ,FC,00000-0000,Public       ,6,8,14,22,32,54
01210100,UNIVERSITY OF CAMBRIDGE - GIRTON CO     ,FC,00000-0000,Public       ,0,0,0,0,3,3
01213600,VICTORIA UNIV OF MANCHESTER (THE)       ,FC,00000-0000,Public       ,0,5,5,7,69,76
01219800,UNIVERSITY OF BRADFORD                  ,FC,00000-0000,Public       ,0,3,3,2,29,31
01220100,UNIVERSITY OF OXFORD - REGENT'S PAR     ,FC,00000-0000,Public       ,0,0,0,3,7,10
01220600,JAMES COOK UNIVERSITY                   ,FC,00000-0000,Public       ,2,9,11,12,64,76
01221300,PONTIFICIA BOLIVARIANA UNIVERSITY       ,FC,00000-0000,Private      ,0,0,0,1,1,2
01221500,BIRMINGHAM CITY UNIVERSITY              ,FC,00000-0000,Public       ,0,0,0,1,7,8
01222300,JAGIELLONIAN UNIVERSITY COLLEGIUM M     ,FC,00000-0000,Public       ,0,0,0,2,55,57
01222500,UNIVERSITY OF SZEGED FACULTY OF MEDICINE,FC,00000-0000,Public       ,0,1,1,1,11,12
01223400,KOREA UNIVERSITY                        ,FC,00000-0000,Private      ,0,0,0,5,9,14
01225800,ASTON UNIVERSITY                        ,FC,00000-0000,Public       ,0,0,0,1,6,7
01227500,UNIVERSITY OF OXFORD - WOLFSON COLL     ,FC,00000-0000,Public       ,0,1,1,0,15,15
01230200,GONVILLE & CAIUS COLLEGE                ,FC,00000-0000,Public       ,0,4,4,2,6,8
01233300,UNIV OF THE ARTS LONDON- CAMBERWELL COLL,FC,00000-0000,Public       ,0,0,0,8,14,22
01233500,ROYAL COLLEGE OF MUSIC                  ,FC,00000-0000,Public       ,0,1,1,2,16,18
01233700,WROCLAW UNIVERSITY OF MEDICINE          ,FC,00000-0000,Public       ,0,1,1,0,5,5
01234100,UNIVERSITY OF WALES - ST DAVID'S UN     ,FC,00000-0000,Public       ,0,6,6,5,37,42
01239700,KONINKLIJK CONSERVATORIUM               ,FC,00000-0000,Public       ,0,0,0,1,7,8
01242100,UNIV OF AUCKLAND                        ,FC,00000-0000,Public       ,4,9,13,22,47,69
01253900,UNIVERSITY OF THE ARTS LONDON IDO - CENT,FC,00000-0000,Public       ,0,1,1,44,46,90
01254000,UNIVERSIDAD DE NAVARRA                  ,FC,00000-0000,Private      ,0,0,0,7,20,27
01276500,UNIVERSITY OF OXFORD - LINACRE COLL     ,FC,00000-0000,Public       ,0,1,1,0,12,12
01276600,"NATIONAL UNIVERSITY IRELAND, GALWAY     ",FC,00000-0000,Public       ,0,0,0,10,44,54
01280200,PONTIFICIA UNIV CATOLICA MAD Y MAES     ,FC,00000-0000,Private      ,8,11,19,65,116,181
01281100,INST TECNOLOGICO DE SANTO DOMINGO       ,FC,00000-0000,Private      ,2,8,10,15,68,83
01283900,UNIVERSITY OF CAMBRIDGE - SAINT JOH     ,FC,00000-0000,Public       ,0,0,0,0,12,12
01286200,MOUNTVIEW ACADEMY OF THEATRE ARTS       ,FC,00000-0000,Private      ,0,0,0,0,4,4
01297800,UNIVERSITY OF HUDDERSFIELD (THE)        ,FC,00000-0000,Public       ,0,0,0,1,2,3
01315300,MASSEY UNIVERSITY                       ,FC,00000-0000,Public       ,4,29,33,9,75,84
01322500,COLLEGE OF LAW                          ,FC,00000-0000,Private      ,0,0,0,0,22,22
02052400,DARWIN COLLEGE                          ,FC,00000-0000,Public       ,0,0,0,0,7,7
02082400,UNIVERSITY OF CAMBRIDGE - QUEEN'S C     ,FC,00000-0000,Public       ,0,0,0,1,15,16
02083400,UNIVERSITY OF CAMBRIDGE - WOLFSON C     ,FC,00000-0000,Public       ,0,2,2,1,13,14
02087400,UNIVERSITY OF CAMBRIDGE - NEWNHAM C     ,FC,00000-0000,Public       ,0,1,1,0,7,7
02087900,OXFORD BROOKES UNIVERSITY               ,FC,00000-0000,Public       ,1,2,3,11,50,61
02094100,BEN-GURION UNIV                         ,FC,00000-0000,Public       ,0,1,1,2,151,153
02094400,UNIV OF CAMBRIDGE - ST EDMUND'S HOU     ,FC,00000-0000,Public       ,0,1,1,1,7,8
02095500,LONDON BUS SCHOOL                       ,FC,00000-0000,Private      ,0,10,10,0,124,124
02098700,FATIMA COLLEGE OF MEDICINE              ,FC,00000-0000,Private      ,0,6,6,4,42,46
02101900,ROEHAMPTON UNIVERSITY                   ,FC,00000-0000,Public       ,1,4,5,12,54,66
02108600,LONDON ACADEMY OF MUSIC & DRAMATIC      ,FC,00000-0000,Private      ,0,0,0,6,17,23
02115900,UNIVERSITY OF PORTSMOUTH                ,FC,00000-0000,Public       ,0,0,0,2,7,9
02116700,UNIVERSITY OF CAMBRIDGE - LUCY CAVE     ,FC,00000-0000,Public       ,0,1,1,0,6,6
02120000,UNIV OF LONDON - COURTALD INST OF A     ,FC,00000-0000,Public       ,0,1,1,0,33,33
02133400,UNIVERSITY OF CAMBRIDGE - SIDNEY SU     ,FC,00000-0000,Public       ,0,0,0,0,4,4
02142000,UNIVERSITY OF CAMBRIDGE - HOMERTON      ,FC,00000-0000,Public       ,0,0,0,0,5,5
02149700,UNIVERSITY OF WINCHESTER (THE)          ,FC,00000-0000,Public       ,1,0,1,3,4,7
02156800,UNIV OF OTAGO                           ,FC,00000-0000,Public       ,1,9,10,9,35,44
02162300,"IESE BUSINESS SCH, UNIV OF NAVARRA      ",FC,00000-0000,Private      ,0,3,3,4,54,58
02167400,UNIVERSITY OF CAMBRIDGE - CORPUS CH     ,FC,00000-0000,Public       ,0,0,0,0,6,6
02175700,OHR SOMAYACH INSTITUTIONS               ,FC,00000-0000,Private      ,1,2,3,4,5,9
02177700,KING'S COLLEGE- UNIV OF CAMBRIDGE       ,FC,00000-0000,Public       ,0,1,1,0,23,23
02180500,MIDDLESEX UNIVERSITY                    ,FC,00000-0000,Public       ,1,1,2,19,40,59
02181000,UNIVERSITY OF SOUTH AUSTRALIA           ,FC,00000-0000,Public       ,0,2,2,2,18,20
02183500,UNIV OF OXFORD - WYCLIFFE HALL          ,FC,00000-0000,Public       ,0,1,1,1,7,8
02186000,UNIVERSITY OF CAMBRIDGE - MAGDALENE     ,FC,00000-0000,Public       ,0,0,0,0,6,6
02186100,UNIVERSITY OF CAMBRIDGE - EMMANUEL      ,FC,00000-0000,Public       ,0,0,0,0,7,7
02189600,UNIVERSITY OF GRONINGEN                 ,FC,00000-0000,Public       ,0,0,0,1,14,15
02194800,UNIVERSITY OF THE WEST OF ENGLAND -     ,FC,00000-0000,Public       ,0,0,0,7,13,20
02195100,UNIV OF WESTMINSTER                     ,FC,00000-0000,Public       ,0,9,9,24,86,110
02196700,GUILDHALL SCHOOL OF MUSIC & DRAMA       ,FC,00000-0000,Public       ,0,0,0,4,18,22
02197000,INT'L GRAD PROGRAMME STOCKHOLM UNIV     ,FC,00000-0000,Public       ,0,0,0,0,11,11
02207300,UNIVERSITY OF CAMBRIDGE - CHRIST'S      ,FC,00000-0000,Public       ,0,0,0,0,3,3
02209500,UNIVERSITEIT UTRECHT                    ,FC,00000-0000,Public       ,0,1,1,10,42,52
02210000,UNIV OF LONDON - LONDON SCHOOL OF H     ,FC,00000-0000,Public       ,0,0,0,0,60,60
02212300,UNIVERSITY OF CAMBRIDGE - ROBINSON      ,FC,00000-0000,Public       ,0,0,0,0,1,1
02216300,UNIVERSIDAD DE CHILE                    ,FC,00000-0000,Public       ,0,0,0,3,9,12
02225300,UNIV OF CANTERBURY                      ,FC,00000-0000,Public       ,2,8,10,11,23,34
02229100,UNIVERSITY OF LEICESTER                 ,FC,00000-0000,Public       ,0,4,4,9,62,71
02229600,SACKLER SCHOOL OF MEDICINE              ,FC,00000-0000,Public       ,0,1,1,1,178,179
02232100,UNIVERSITY OF CAMBRIDGE                 ,FC,00000-0000,Public       ,0,1,1,0,14,14
02233300,"ST GEORGE'S UNIV, SCH OF MEDICINE       ",FC,00000-0000,Proprietary  ,1,568,569,15,2542,2557
02235300,LONDON METROPOLITAN UNIVERSITY          ,FC,00000-0000,Public       ,1,10,11,27,88,115
02240900,AISH HATORAH CLG OF JEWISH STUDIES      ,FC,00000-0000,Private      ,0,0,0,0,2,2
02244400,AMERICAN UNIV OF THE CARIBBEAN          ,FC,00000-0000,Proprietary  ,0,115,115,3,1027,1030
02257100,COVENTRY UNIVERSITY                     ,FC,00000-0000,Public       ,1,0,1,6,8,14
02271700,UNIVERSITY OF CAMBRIDGE - CLARE HAL     ,FC,00000-0000,Public       ,0,1,1,0,12,12
02271900,UNIVERSITY OF OXFORD - BLACKFRIARS      ,FC,00000-0000,Public       ,0,1,1,1,2,3
02272100,UNIV OF OXFORD - GREYFRIARS             ,FC,00000-0000,Public       ,0,0,0,0,1,1
02272200,UNIV OF CAMBRIDGE - NEW HALL            ,FC,00000-0000,Public       ,1,0,1,1,2,3
02273600,QUEEN'S UNIV OF BELFAST (THE)           ,FC,00000-0000,Public       ,0,1,1,5,45,50
02273900,HERIOT WATT UNIVERSITY                  ,FC,00000-0000,Public       ,1,2,3,4,22,26
02279700,UNIVERSITY OF MANCHESTER - INSTITUT     ,FC,00000-0000,Public       ,1,5,6,17,90,107
02293400,ECOLE DES HAUTES ETUDES COMERCIALS      ,FC,00000-0000,Public       ,0,1,1,0,24,24
02296300,UNIVERSITY OF CAMBRIDGE - JESUS COL     ,FC,00000-0000,Public       ,0,0,0,0,3,3
02310500,DE MONTFORT UNIVERSITY                  ,FC,00000-0000,Public       ,0,1,1,4,8,12
02320500,ROYAL NORTHERN COLLEGE OF MUSIC         ,FC,00000-0000,Public       ,0,0,0,0,7,7
02335100,UNIV OF CAMBRIDGE - TRINITY HALL        ,FC,00000-0000,Public       ,0,0,0,1,8,9
02338900,UNIVERSITY  FOR THE CREATIVE ARTS       ,FC,00000-0000,Public       ,0,0,0,0,1,1
02338903,KENT INSTITUTE OF ART & DESIGN          ,FC,00000-0000,Public       ,0,0,0,1,2,3
02339300,ERASMUS UNIV ROTTERDAM                  ,FC,00000-0000,Public       ,0,4,4,0,33,33
02347300,ESCUELA AUTONOMA DE CIENCIAS MEDICA     ,FC,00000-0000,Private      ,2,4,6,10,30,40
02351800,UNIVERSIDAD IBEROAMERICANA (UNIBE       ,FC,00000-0000,Private      ,17,79,96,113,906,1019
02352100,UNIVERSITY OF PLYMOUTH                  ,FC,00000-0000,Public       ,0,2,2,7,18,25
02355200,ECOLE SUPERIEURE DE CUISINE FRANCAISE-FE,FC,00000-0000,Public       ,0,1,1,0,13,13
02363000,GSA CONSERVATOIRE                       ,FC,00000-0000,Private      ,0,0,0,3,2,5
02493000,ESCUELA SUPERIOR ADMINISTRACION Y D     ,FC,00000-0000,Private      ,0,1,1,1,34,35
02496600,UNIVERSITY OF STELLENBOSCH              ,FC,00000-0000,Public       ,1,3,4,2,8,10
02502600,PECSI ORVOSTUDOMANYI EGYETEM (PECS      ,FC,00000-0000,Public       ,0,1,1,0,13,13
02530000,E.M. LYON                               ,FC,00000-0000,Private      ,0,0,0,0,4,4
02545700,GLASGOW SCHOOL OF ART                   ,FC,00000-0000,Public       ,1,0,1,13,23,36
02579600,MURDOCH UNIVERSITY                      ,FC,00000-0000,Public       ,1,7,8,6,41,47
02588000,UNIVERSITY OF ULSTER                    ,FC,00000-0000,Public       ,0,0,0,5,16,21
02591800,CURTIN UNIVERSITY OF TECHNOLOGY         ,FC,00000-0000,Public       ,2,4,6,4,30,34
02592300,MILLTOWN INST OF THEOLOGY & PHILOSO     ,FC,00000-0000,Private      ,0,0,0,0,2,2
02604300,AALBORG UNIVERSITY                      ,FC,00000-0000,Public       ,0,1,1,0,3,3
02611500,HELSINKI SCH OF ECONOMICS & BUS ADM     ,FC,00000-0000,Public       ,0,0,0,0,2,2
02611600,ECOL NATIONAL DES PONTS ET CHAUSSEE     ,FC,00000-0000,Public       ,0,0,0,1,3,4
02611700,DUBLIN CITY UNIVERSITY                  ,FC,00000-0000,Public       ,1,0,1,8,27,35
02622500,DENMARKS TEKNISKE UNIVERSITET           ,FC,00000-0000,Public       ,0,0,0,0,2,2
02623200,UNIVERSITY OF NEWCASTLE (THE)           ,FC,00000-0000,Public       ,2,0,2,14,15,29
03012700,UNIVERSITY OF BUCKINGHAM                ,FC,00000-0000,Private      ,0,2,2,2,11,13
03029400,KEELE UNIVERSITY                        ,FC,00000-0000,Public       ,0,0,0,2,8,10
03029500,NORTHUMBRIA UNIVERSITY                  ,FC,00000-0000,Public       ,0,3,3,3,25,28
03029800,NORGES HANDELSHOYSKOLE                  ,FC,00000-0000,Public       ,0,0,0,0,7,7
03033300,MANCHESTER METROPOLITAN UNIV            ,FC,00000-0000,Public       ,2,2,4,12,16,28
03033700,NORWEGIAN SCHOOL OF MANAGEMENT          ,FC,00000-0000,Private      ,0,0,0,0,2,2
03045000,UNIVERSITY OF EAST LONDON               ,FC,00000-0000,Public       ,0,1,1,9,33,42
03050100,STUDIO ART CENTERS INTERNATIONAL        ,FC,00000-0000,Private      ,2,0,2,31,46,77
03066800,PONTIFICIO ATENEO DELLA SANTA CROCE     ,FC,00000-0000,Private      ,0,1,1,1,11,12
03067200,UNIVERSITY OF SYDNEY                    ,FC,00000-0000,Public       ,3,50,53,22,175,197
03073800,UNIV OF DEBRECEN MED & HEALTH SCI       ,FC,00000-0000,Public       ,1,1,2,4,22,26
03078700,UNIVERSITA COMMERCIALE L BOCCONI        ,FC,00000-0000,Public       ,0,3,3,1,23,24
03080300,SHEFFIELD HALLAM UNIVERSITY             ,FC,00000-0000,Public       ,0,0,0,3,6,9
03084300,UNIVERSITY OF LIMERICK                  ,FC,00000-0000,Public       ,0,1,1,10,24,34
03086900,AMERN GRAD SCHL OF BUS THE INST OF      ,FC,00000-0000,Private      ,0,1,1,0,1,1
03088100,SOPHIA ANTIPOLIS MANAGEMENT INST        ,FC,00000-0000,Private      ,0,0,0,1,1,2
03088700,ROYAL SCOTTISH ACAD MUSIC & DRAMA       ,FC,00000-0000,Public       ,0,0,0,10,10,20
03091400,UNIVERSITY OF WOLLONGONG                ,FC,00000-0000,Public       ,1,4,5,7,26,33
03091500,UNIVERSITY OF CANBERRA                  ,FC,00000-0000,Public       ,1,1,2,1,5,6
03091700,KAROL MARCINKOWSKI UNIV OF MED SCI      ,FC,00000-0000,Public       ,0,6,6,9,172,181
03092500,NOTTINGHAM TRENT UNIVERSITY             ,FC,00000-0000,Public       ,1,1,2,1,23,24
03095000,RMIT UNIVERSITY                         ,FC,00000-0000,Public       ,2,5,7,8,22,30
03095400,BOND UNIVERSITY                         ,FC,00000-0000,Private      ,2,13,15,44,75,119
03095900,ESSEC BUSINESS SCHOOL                   ,FC,00000-0000,Private      ,0,0,0,1,10,11
03096100,LA TROBE UNIVERSITY                     ,FC,00000-0000,Public       ,1,13,14,12,36,48
03096900,DEAKIN UNIVERSITY                       ,FC,00000-0000,Public       ,1,4,5,8,15,23
03097100,UNIVERSITY OF WESTERN SYDNEY            ,FC,00000-0000,Public       ,0,0,0,3,4,7
03097300,VICTORIA UNIVERSITY OF TECHNOLOGY       ,FC,00000-0000,Public       ,0,3,3,1,13,14
03097500,CENTRAL QUEENSLAND UNIVERSITY           ,FC,00000-0000,Public       ,0,1,1,2,4,6
03100000,UNIVERSITY OF ADELAIDE (THE)            ,FC,00000-0000,Public       ,0,9,9,2,42,44
03100200,INST DE MANAGEMENT HOTELIER INTERNA     ,FC,00000-0000,Private      ,0,0,0,0,1,1
03101600,ASIAN INSTITUTE OF MANAGEMENT           ,FC,00000-0000,Private      ,0,0,0,0,2,2
03102500,AMERICAN UNIVERSITY OF ROME             ,FC,00000-0000,Private      ,10,2,12,106,48,154
03102800,ROBERT GORDON UNIVERSITY (THE)          ,FC,00000-0000,Public       ,0,1,1,2,15,17
03103200,INT'L STUDIES CTR AT THE CORVINUS UNIVER,FC,00000-0000,Public       ,0,0,0,0,2,2
03104800,GRIFFITH UNIVERSITY                     ,FC,00000-0000,Public       ,3,9,12,19,47,66
03106100,ROSKILDE UNIV ROSKILDE UNIVERSITY C     ,FC,00000-0000,Public       ,0,0,0,1,1,2
03123500,HOGESCHOOL VAN AMSTERDAM                ,FC,00000-0000,Private      ,0,0,0,2,11,13
03125200,LINCOLN UNIVERSITY                      ,FC,00000-0000,Public       ,0,2,2,2,9,11
03136300,AUSTRALIAN CATHOLIC UNIVERSITY          ,FC,00000-0000,Public       ,0,1,1,1,6,7
03137400,CHARLES STURT UNIVERSITY                ,FC,00000-0000,Public       ,0,0,0,1,13,14
03140300,EDITH COWAN UNIVERSITY                  ,FC,00000-0000,Public       ,0,3,3,4,21,25
03140400,NORTHERN TERRITORY UNIVERSITY           ,FC,00000-0000,Public       ,0,0,0,0,3,3
03140500,QUEENSLAND UNIVERSITY OF TECHNOLOGY     ,FC,00000-0000,Public       ,0,6,6,6,26,32
03140600,SOUTHERN CROSS UNIVERSITY               ,FC,00000-0000,Public       ,0,2,2,9,18,27
03140700,SWINBURNE UNIVERSITY OF TECHNOLOGY      ,FC,00000-0000,Public       ,1,3,4,3,9,12
03140900,UNIVERSITY OF BALLARAT                  ,FC,00000-0000,Public       ,0,0,0,0,2,2
03150300,UNIVERSITY OF TASMANIA                  ,FC,00000-0000,Public       ,0,4,4,5,16,21
03274300,"KUNGLIGA TEKNISKA HOGSKOLAN, KTH        ",FC,00000-0000,Public       ,0,0,0,0,8,8
03287300,LIVERPOOL INSTITUTE FOR PERFORMING ARTS ,FC,00000-0000,Public       ,0,1,1,12,10,22
03300300,"2ND SCHOOL OF MEDICINE, CHARLES UNI     ",FC,00000-0000,Public       ,1,1,2,4,7,11
03300400,"FIRST FACULTY OF MEDICINE, CHARLES UNIV.",FC,00000-0000,Public       ,0,3,3,3,23,26
03329300,JOHN CABOT UNIVERSITY                   ,FC,00000-0000,Private      ,1,1,2,57,20,77
03333300,MEDICAL UNIVERSITY SCHOOL OF LUBLIN     ,FC,00000-0000,Public       ,1,16,17,23,172,195
03334300,UNIVERSIDAD NORDESTANA                  ,FC,00000-0000,Private      ,0,2,2,0,9,9
03335300,MEDICAL UNIVERSITY OF SILESIA           ,FC,00000-0000,Public       ,1,5,6,14,110,124
03342300,GLASGOW CALEDONIAN UNIVERSITY           ,FC,00000-0000,Public       ,0,0,0,2,3,5
03349400,"QUEEN MARGARET UNIVERSITY COLLEGE, EDINB",FC,00000-0000,Public       ,0,1,1,2,6,8
03350300,BOURNEMOUTH UNIVERSITY                  ,FC,00000-0000,Public       ,0,3,3,3,24,27
03352300,LONDON SOUTH BANK UNIVERSITY            ,FC,00000-0000,Private      ,0,1,1,7,23,30
03363300,THE ARTS EDUCATIONAL SCHOOLS LONDON     ,FC,00000-0000,Private      ,0,0,0,1,1,2
03364300,"FACULTY OF MEDICINE, PALACKY UNIVER     ",FC,00000-0000,Public       ,0,0,0,0,7,7
03365400,AUCKLAND INSTITUTE OF TECHNOLOGY        ,FC,00000-0000,Public       ,0,2,2,3,7,10
03366300,TROPICAL AGRICULTURE RESEARCH AND H     ,FC,00000-0000,Private      ,0,0,0,0,1,1
03375300,"CHARLES UNIVERSITY, FACULTY OF MEDI     ",FC,00000-0000,Public       ,0,0,0,1,4,5
03377300,"UNIVERSITY OF WALES INSTITUTE, CARD     ",FC,00000-0000,Public       ,0,0,0,2,6,8
03378300,"THE 3RD FACULTY OF MEDICINE, CHARLE     ",FC,00000-0000,Public       ,0,0,0,1,4,5
03386300,CHARLES UNIVERSITY-MEDICAL FACULTY      ,FC,00000-0000,Public       ,0,0,0,3,8,11
03406300,"THE SCHOOL OF PHARMACY, UNIVERSITY      ",FC,00000-0000,Public       ,0,0,0,2,1,3
03418400,NAPIER UNIVERSITY                       ,FC,00000-0000,Public       ,0,0,0,4,22,26
03435300,ANGLIA POLYTECHNIC UNIVERSITY HIGHE     ,FC,00000-0000,Public       ,1,0,1,4,4,8
03456600,ANGELES UNIVERSITY FOUNDATION           ,FC,00000-0000,Private      ,0,0,0,4,4,8
03460300,INTERNATIONALES THEOLOGISCHES INSTI     ,FC,00000-0000,Private      ,0,1,1,0,12,12
03462400,UNIV OF ARTS LONDON - LON COLL OF COMMUN,FC,00000-0000,Public       ,0,7,7,12,39,51
03466300,INSTITUTO CENTROAMERICANO DE ADMINI     ,FC,00000-0000,Private      ,0,0,0,0,6,6
03473300,UNIV OF ARTS LONDON - LON COLL FASHION  ,FC,00000-0000,Public       ,1,4,5,28,52,80
03475300,UNIV OF THE ARTS  LONDON - CHELSEA COLL ,FC,00000-0000,Public       ,1,1,2,9,17,26
03478300,ROYAL WELSH COLLEGE OF MUSIC AND DRAMA  ,FC,00000-0000,Public       ,0,1,1,0,5,5
03492400,UNIV OF CAMBRIDGE-ST CATHERINE'S CG     ,FC,00000-0000,Public       ,0,1,1,0,8,8
03494400,UNIV OF CAMBRIDGE-SELWYN COLLEGE        ,FC,00000-0000,Public       ,0,0,0,0,5,5
03494500,UNIV OF OXFORD-SAINT BENET'S HALL       ,FC,00000-0000,Public       ,0,0,0,0,1,1
03494600,UNIV OF OXFORD-HARRIS MANCHESTER        ,FC,00000-0000,Public       ,0,0,0,2,2,4
03500300,WIMBLEDON COLLEGE OF ART                ,FC,00000-0000,Public       ,1,0,1,4,3,7
03501400,LEEDS METROPOLITAN UNIVERSITY           ,FC,00000-0000,Public       ,0,0,0,3,9,12
03507300,UNIVERSITY OF SUNDERLAND                ,FC,00000-0000,Public       ,0,2,2,3,15,18
03515300,UNIVERSITY OF CENTRAL LANCASHIRE        ,FC,00000-0000,Public       ,1,1,2,4,10,14
03517300,UNIVERSITY OF BRIGHTON                  ,FC,00000-0000,Public       ,0,2,2,6,13,19
03518300,EUROPEAN GRADUATE SCHOOL                ,FC,00000-0000,Private      ,0,23,23,0,81,81
03526300,INST CENTROAMERICANO DE ADM DE EMP      ,FC,00000-0000,Private      ,0,1,1,0,3,3
03527300,SOFIA UNIVERSITY ST. KLIMENT OHRIDSKI   ,FC,00000-0000,Public       ,0,0,0,0,1,1
03533300,BATH SPA UNIVERSITY                     ,FC,00000-0000,Public       ,0,0,0,2,17,19
03547300,UNIVERSITY OF GLAMORGAN                 ,FC,00000-0000,Public       ,0,0,0,2,1,3
03580300,LIVERPOOL JOHN MOORES UNIVERSITY        ,FC,00000-0000,Public       ,0,0,0,6,3,9
03594300,GROUP ESC GRENOBLE GRAD SCH OF BUS.     ,FC,00000-0000,Private      ,0,6,6,1,25,26
03597300,JAGIELLONIAN UNIVERSITY                 ,FC,00000-0000,Public       ,0,1,1,1,16,17
03601300,UNIVERSITAT JAUME I DE CASTELLO/UJI     ,FC,00000-0000,Public       ,0,1,1,0,16,16
03603300,LEEDS COLLEGE OF MUSIC                  ,FC,00000-0000,Public       ,0,0,0,1,0,1
03619300,UNIVERSITY OF GREENWICH                 ,FC,00000-0000,Public       ,0,2,2,5,29,34
03653400,UNIVERSIDAD DE IBEROAMERICA - UNIBE     ,FC,00000-0000,Private      ,0,8,8,3,23,26
03674300,UNIVERSITY OF ABERTAY DUNDEE            ,FC,00000-0000,Public       ,0,0,0,2,2,4
03684400,UNIVERSITY OF LINCOLN                   ,FC,00000-0000,Public       ,0,0,0,2,7,9
03684500,MEDICAL UNIVERSITY OF GDANSK            ,FC,00000-0000,Public       ,0,0,0,0,13,13
03684600,POMERANIAN MEDICAL UNIVERSITY           ,FC,00000-0000,Public       ,0,0,0,0,1,1
03692300,DONCASTER COLLEGE                       ,FC,00000-0000,Public       ,0,0,0,1,0,1
03694300,UNIVERSITY COLLEGE CHICHESTER           ,FC,00000-0000,Public       ,0,0,0,0,1,1
03697300,NATIONAL FILM & TELEVISION SCHOOL       ,FC,00000-0000,Private      ,0,0,0,0,5,5
03716300,"UNIVERSITY OF WALES, NEWPORT            ",FC,00000-0000,Public       ,0,0,0,0,5,5
03721300,WRITTLE COLLEGE                         ,FC,00000-0000,Public       ,0,0,0,1,1,2
03727400,UNIVERSITY OF WAIKATO (THE)             ,FC,00000-0000,Public       ,0,0,0,2,4,6
03770300,NAZARENE THEOLOGICAL COLLEGE            ,FC,00000-0000,Private      ,0,0,0,1,5,6
03777400,WESTMINSTER COLLEGE                     ,FC,00000-0000,Private      ,0,1,1,1,4,5
03816400,AMERICAN GRAD SCH OF INTERNTL REL & DIPL,FC,00000-0000,Private      ,0,1,1,1,31,32
03818300,LEIPZIG GRADUATE SCHOOL OF MANAGEMENT   ,FC,00000-0000,Private      ,0,0,0,0,8,8
03824300,"ROYAL VETERINARY COLLEGE (THE), UNIVERSI",FC,00000-0000,Public       ,0,1,1,3,81,84
03850500,MEDICAL UNIVERSITY OF LODZ              ,FC,00000-0000,Public       ,0,0,0,3,89,92
03859400,UNIVERSITY COLLEGE FALMOUTH             ,FC,00000-0000,Public       ,0,0,0,5,4,9
03926400,NATIONAL COLLEGE OF ART AND DESIGN      ,FC,00000-0000,Public       ,0,0,0,2,6,8
03941301,AVE MARIA UNIVERSITY - LATIN AMERICA    ,FC,00000-0000,Private      ,15,7,22,148,37,185
03978300,SPURGEON'S COLLEGE                      ,FC,00000-0000,Private      ,0,1,1,0,1,1
04070300,"RAPHAEL RECANATI INTERNATIONAL SCHOOL, T",FC,00000-0000,Private      ,1,0,1,1,0,1
04085400,NEW ZEALAND COLLEGE OF CHIROPRACTIC     ,FC,00000-0000,Private      ,0,1,1,0,1,1
00380600,ALDERSON-BROADDUS COLLEGE               ,WV,26416-1051,Private      ,3,6,9,789,310,1099
00380700,MOUNTAIN STATE UNIVERSITY               ,WV,25801-5624,Private      ,62,664,726,1088,4946,6034
00380800,BETHANY COLLEGE                         ,WV,26032-0417,Private      ,7,0,7,1097,60,1157
00380900,BLUEFIELD STATE COLLEGE                 ,WV,24701-2198,Public       ,39,112,151,1182,1483,2665
00381000,CONCORD UNIVERSITY                      ,WV,24712-0000,Public       ,33,71,104,2625,945,3570
00381100,DAVIS & ELKINS COLLEGE                  ,WV,26241-3996,Private      ,6,13,19,553,272,825
00381200,FAIRMONT STATE UNIVERSITY               ,WV,26554-2470,Public       ,80,215,295,4373,2891,7264
00381300,GLENVILLE STATE COLLEGE                 ,WV,26351-1292,Public       ,16,22,38,1234,418,1652
00381500,MARSHALL UNIVERSITY                     ,WV,25755-3300,Public       ,149,416,565,7822,5606,13428
00381600,SOUTHERN WV COMMUNITY COLLEGE           ,WV,25637-2900,Public       ,56,122,178,1038,1146,2184
00381800,UNIVERSITY OF CHARLESTON                ,WV,25304-1099,Private      ,14,33,47,1398,618,2016
00381900,OHIO VALLEY COLLEGE                     ,WV,26105-8000,Private      ,10,24,34,425,216,641
00382000,SALEM INTERNATIONAL UNIVERSITY          ,WV,26426-0500,Proprietary  ,17,63,80,221,385,606
00382200,SHEPHERD UNIVERSITY                     ,WV,25443-3210,Public       ,54,65,119,2914,1083,3997
00382300,WEST LIBERTY STATE COLLEGE              ,WV,26074-0295,Public       ,23,38,61,2266,578,2844
00382600,WEST VIRGINIA STATE UNIVERSITY          ,WV,25112-0000,Public       ,64,179,243,2349,2413,4762
00382700,WEST VIRGINIA UNIVERSITY                ,WV,26506-6201,Public       ,217,313,530,20594,7473,28067
00382711,WEST VIRGINIA UNIVERSITY - POTOMAC STATE,WV,26726-3000,Public       ,28,38,66,1278,328,1606
00382721,WEST VIRGINIA UNIV INST OF TECH         ,WV,25136-2436,Public       ,24,30,54,1349,588,1937
00382800,WEST VIRGINIA UNIV AT PARKERSBURG       ,WV,26101-9577,Public       ,61,206,267,1369,2066,3435
00383000,WEST VIRGINIA WESLEYAN COLLEGE          ,WV,26201-2600,Private      ,9,6,15,1506,135,1641
00383100,WHEELING JESUIT UNIVERSITY              ,WV,26003-6243,Private      ,4,41,45,1295,503,1798
00500700,WEST VIRGINIA JUNIOR COLLEGE            ,WV,26505-5596,Proprietary  ,7,20,27,110,162,272
00500800,MOUNTAIN STATE COLLEGE                  ,WV,26101-3993,Proprietary  ,2,28,30,34,179,213
00754400,APPALACHIAN BIBLE COLLEGE               ,WV,25818-1353,Private      ,4,0,4,246,61,307
00757800,HUNTINGTON SCHOOL OF BEAUTY CULTURE     ,WV,25705-2030,Proprietary  ,5,11,16,34,63,97
00760000,INTERNATIONAL BEAUTY SCHOOL             ,WV,25401-3231,Proprietary  ,5,8,13,20,62,82
00835500,JAMES RUMSEY TECHNICAL INSTITUTE        ,WV,25403-0259,Public       ,4,7,11,37,85,122
00895900,CLARKSBURG BEAUTY ACADEMY               ,WV,26301-2903,Proprietary  ,12,26,38,49,68,117
00904700,HUNTINGTON JUNIOR COLLEGE               ,WV,25701-2004,Proprietary  ,15,96,111,166,977,1143
00905400,WEST VIRGINIA NORTHERN CMTY COLLEGE     ,WV,26003-0000,Public       ,49,156,205,865,1801,2666
01014000,MINERAL COUNTY VOCATIONAL TECH CTR      ,WV,26726-0000,Public       ,1,12,13,6,34,40
01035600,EVEREST INSTITUTE                       ,WV,25313-1304,Proprietary  ,104,407,511,371,1521,1892
01057300,WEST VIRGINIA JUNIOR COLLEGE            ,WV,25322-0000,Proprietary  ,15,36,51,103,262,365
01057302,WEST VIRGINIA JUNIOR COLLEGE            ,WV,26330-0000,Proprietary  ,14,41,55,156,293,449
01086100,WEST VIRGINIA BUSINESS COLLEGE          ,WV,26301-0000,Proprietary  ,8,19,27,28,121,149
01124500,WEST VIRGINIA SCH OSTEOPATHIC MED       ,WV,24901-1128,Public       ,0,3,3,5,670,675
01174900,WOOD COUNTY SCH OF PRAC NURSING         ,WV,26101-6424,Public       ,0,2,2,19,48,67
01235900,B M SPURR SCHOOL OF PRAC NURSING        ,WV,26038-1660,Private      ,0,1,1,7,15,22
01257300,WEST VIRGINIA UNIV-HOSP-RAD TECH        ,WV,26506-8062,Private      ,0,1,1,60,42,102
01274300,BENJAMIN FRANKLIN CAREER&TECH           ,WV,25064-0000,Public       ,3,13,16,47,117,164
01290400,MONONGALIA CNTY TECH ED CTR             ,WV,26501-6841,Public       ,0,7,7,46,83,129
01290500,ACADEMY OF CAREERS AND TECHNOLOGY       ,WV,25801-0000,Public       ,4,18,22,51,186,237
02057400,ROANE-JACKSON TECHNICAL CENTER          ,WV,25252-0000,Public       ,1,3,4,19,63,82
02068000,UNITED TECHNICAL CENTER                 ,WV,26301-0000,Public       ,3,8,11,24,70,94
02070100,BECKLEY BEAUTY ACADEMY                  ,WV,25801-0000,Proprietary  ,1,3,4,19,37,56
02073400,CARVER CAREER TECH ED CTR               ,WV,25306-6397,Public       ,5,19,24,113,166,279
02145100,SCOTT COLLEGE OF COSMETOLOGY            ,WV,26003-0000,Proprietary  ,9,6,15,32,24,56
02178200,CHARLESTON SCHOOL OF BEAUTY CULTURE     ,WV,25301-0000,Proprietary  ,5,11,16,33,76,109
02218200,GARNET CAREER CENTER                    ,WV,25301-0000,Public       ,1,31,32,49,241,290
02275300,CABELL COUNTY CAREER TECHNOLOGY CTR     ,WV,25705-0000,Public       ,0,8,8,34,97,131
02280300,WV CAREER AND TECHNICAL INSTITUTE       ,WV,25112-0000,Public       ,0,2,2,17,33,50
02524500,RALPH R WILLIS VOCATIONAL CENTER        ,WV,25601-0000,Public       ,1,3,4,10,30,40
02534800,FRED W EBERLE TECHNICAL CENTER          ,WV,26201-0000,Public       ,7,24,31,34,69,103
02535500,MERCER COUNTY TECH EDUC CNTR            ,WV,24740-0000,Public       ,0,6,6,39,110,149
02579900,NORTH CENTRAL OPPORTUNITIES IND CTR     ,WV,26554-2936,Private      ,3,8,11,21,58,79
02609400,VALLEY COLLEGE                          ,WV,25404-5711,Proprietary  ,0,21,21,16,110,126
03052000,MEREDITH MANOR EQUESTRIAN CENTRE        ,WV,26184-9707,Proprietary  ,5,8,13,75,49,124
03076500,FAYETTE INSTITUTE OF TECHNOLOGY         ,WV,25901-2174,Public       ,0,10,10,5,33,38
03084200,VALLEY COLLEGE                          ,WV,24740-3141,Proprietary  ,1,11,12,13,68,81
03084400,VALLEY COLLEGE                          ,WV,25801-2643,Proprietary  ,0,17,17,24,118,142
03098300,PUTNAM CAREER & TECHNICAL CENTER        ,WV,25070-0000,Public       ,2,1,3,16,56,72
03099200,"MOUNTAINEER BEAUTY COLLEGE, INC         ",WV,25177-2917,Proprietary  ,1,9,10,21,48,69
03102100,MORGANTOWN BEAUTY COLLEGE               ,WV,26505-5430,Proprietary  ,4,13,17,48,62,110
03123200,STANLEY TECHNICAL INSTITUTE             ,WV,26505-3751,Private      ,4,8,12,14,38,52
03327500,SOUTH BRANCH VOCATIONAL TECH CENTER     ,WV,26847-1698,Public       ,0,1,1,1,12,13
03734300,JOHN D. ROCKEFELLER IV CAREER CENTER    ,WV,26047-9424,Public       ,3,8,11,3,25,28
03819300,AMERICAN PUBLIC UNIVERSITY SYSTEM       ,WV,25414-1621,Proprietary  ,11,751,762,93,3981,4074
03957300,BLUE RIDGE COMMUNITY AND TECHNICAL COLLE,WV,25401-3244,Public       ,20,60,80,340,587,927
03960300,NEW RIVER COMMUNITY AND TECHNICAL COLLEG,WV,25801-2636,Public       ,49,192,241,600,1310,1910
04028300,MOUNTAIN STATE SCHOOL OF MASSAGE        ,WV,25304-2025,Proprietary  ,0,7,7,19,48,67
04038500,PIERPONT COMMUNITY & TECHNICAL COLLEGE  ,WV,26554-2451,Public       ,19,38,57,478,452,930
04038600,WEST VIRGINIA STATE COMMUNITY AND TECHNI,WV,25112-1000,Public       ,39,67,106,342,783,1125
04041400,MARSHALL COMMUNITY AND TECHNICAL COLLEGE,WV,25755-3300,Public       ,28,89,117,626,665,1291
04047300,BRIDGEMONT COMMUNITY & TECHNICAL COLLEGE,WV,25136-2435,Public       ,11,10,21,237,191,428
00106100,ALASKA PACIFIC UNIVERSITY               ,AK,99508-4672,Private      ,24,43,67,354,570,924
00106200,SHELDON JACKSON COLLEGE                 ,AK,99835-7699,Private      ,0,0,0,49,41,90
00106300,UNIVERSITY OF ALASKA FAIRBANKS          ,AK,99775-7500,Public       ,89,223,312,2032,2459,4491
00106500,UNIVERSITY OF ALASKA SOUTHEAST          ,AK,99801-8680,Public       ,27,75,102,427,759,1186
00884300,ALASKA BIBLE COLLEGE                    ,AK,99588-0000,Private      ,0,1,1,12,7,19
01146200,UNIVERSITY OF ALASKA ANCHORAGE          ,AK,99514-1608,Public       ,250,501,751,3964,5455,9419
02541000,CAREER ACADEMY                          ,AK,99507-0000,Proprietary  ,29,90,119,99,346,445
02576900,CHARTER COLLEGE                         ,AK,99508-0000,Proprietary  ,28,182,210,122,743,865
03160300,ALASKA VOCATIONAL TECHNICAL CENTER      ,AK,99664-0889,Public       ,13,33,46,129,192,321
03461300,ILISAGVIK COLLEGE                       ,AK,99723-0749,Public       ,4,10,14,13,43,56
00108500,UNIV ARKANSAS MONTICELLO                ,AR,71656-0000,Public       ,68,207,275,1697,1842,3539
00108501,GREAT RIVERS TECHNICAL INSTITUTE        ,AR,71654-0000,Public       ,3,2,5,7,49,56
00108502,FOREST ECHOES TECHNICAL INSTITUTE       ,AR,71635-0000,Public       ,1,9,10,13,42,55
00108600,UNIV OF ARKANSAS AT PINE BLUFF          ,AR,71601-2790,Public       ,85,99,184,2977,1597,4574
00108700,ARKANSAS BAPTIST COLLEGE                ,AR,72202-6099,Private      ,35,62,97,435,436,871
00108800,LYON COLLEGE                            ,AR,72501-3699,Private      ,5,4,9,609,95,704
00108900,ARKANSAS TECH UNIVERSITY                ,AR,72801-2222,Public       ,158,271,429,3925,2795,6720
00109000,ARKANSAS STATE UNIVERSITY               ,AR,72467-0000,Public       ,275,728,1003,6029,7082,13111
00109006,DELTA TECHNICAL INSTITUTE               ,AR,72365-9558,Public       ,2,11,13,29,73,102
00109100,ARKANSAS STATE UNIVERSITY - BEEBE       ,AR,72012-1000,Public       ,76,327,403,1311,2325,3636
00109200,UNIVERSITY OF CENTRAL ARKANSAS          ,AR,72035-0001,Public       ,263,283,546,7168,3749,10917
00109300,CENTRAL BAPTIST COLLEGE                 ,AR,72034-6470,Private      ,5,30,35,298,269,567
00109400,UNIVERSITY OF THE OZARKS                ,AR,72830-2880,Private      ,14,14,28,562,119,681
00109500,CROWLEYS RIDGE COLLEGE                  ,AR,72450-9775,Private      ,8,5,13,121,39,160
00109700,HARDING UNIVERSITY                      ,AR,72149-0001,Private      ,81,103,184,3015,1228,4243
00109800,HENDERSON STATE UNIVERSITY              ,AR,71999-0001,Public       ,86,130,216,2497,1569,4066
00109900,HENDRIX COLLEGE                         ,AR,72032-3080,Private      ,10,7,17,1471,77,1548
00110000,JOHN BROWN UNIVERSITY                   ,AR,72761-2747,Private      ,27,108,135,1196,967,2163
00110100,UNIV ARKANSAS LITTLE ROCK               ,AR,72204-1099,Public       ,187,661,848,3850,8307,12157
00110200,OUACHITA BAPTIST UNIVERSITY             ,AR,71998-0001,Private      ,31,9,40,1343,108,1451
00110300,PHILANDER SMITH COLLEGE                 ,AR,72202-3718,Private      ,15,46,61,573,551,1124
00110400,PHILLIPS COUNTY COMMUNITY COLLEGE       ,AR,72342-0000,Public       ,34,114,148,403,996,1399
00110401,RICE BELT TECH INST                     ,AR,72042-0000,Public       ,0,0,0,7,9,16
00110600,WILLIAMS BAPTIST COLLEGE                ,AR,72476-4661,Private      ,8,8,16,474,168,642
00110700,SOUTHERN ARKANSAS UNIVERSITY            ,AR,71754-0000,Public       ,82,101,183,1980,1494,3474
00110800,UNIV ARKANSAS FAYETTEVILLE              ,AR,72701-0000,Public       ,263,326,589,8254,4926,13180
00110900,UNIV OF ARKANSAS FOR MEDCL SCIENCES     ,AR,72205-7102,Public       ,9,78,87,382,1555,1937
00110901,UNIV OF ARKANSAS COLG OF MEDICINE       ,AR,72205-0000,Public       ,1,6,7,26,631,657
00111000,UNIVERSITY OF ARKANSAS-FORT SMITH       ,AR,72904-7397,Public       ,173,379,552,2756,3429,6185
00524500,U OF A COMM COLLEGE AT MORRILTON        ,AR,72110-9601,Public       ,61,206,267,784,1274,2058
00570700,SEARK COLLEGE                           ,AR,71603-0000,Public       ,59,257,316,614,1850,2464
00573200,UNIV AR COMMUNITY COLLEGE AT HOPE       ,AR,71801-0000,Public       ,36,112,148,400,861,1261
00704400,CROWLEYS RIDGE TECHNICAL INSTITUTE      ,AR,72336-0000,Public       ,7,25,32,77,219,296
00773800,SOUTHERN ARKANSAS UNIVERSITY TECH       ,AR,71701-1900,Public       ,20,68,88,333,601,934
00792100,FAYETTEVILLE BEAUTY COLLEGE             ,AR,72701-0000,Proprietary  ,11,12,23,28,76,104
00997600,OUACHITA TECHNICAL COLLEGE              ,AR,72104-0816,Public       ,18,112,130,287,708,995
01074100,MELLIE'S BEAUTY COLLEGE                 ,AR,72901-3886,Proprietary  ,5,17,22,21,87,108
01210500,NATIONAL PARK COMMUNITY COLLEGE         ,AR,71913-9174,Public       ,68,275,343,757,1717,2474
01226000,EAST ARKANSAS COMMUNITY COLLEGE         ,AR,72335-2204,Public       ,21,72,93,472,810,1282
01226100,NORTH ARKANSAS COLLEGE                  ,AR,72601-5508,Public       ,94,234,328,749,1413,2162
01286000,ARKANSAS NORTHEASTERN COLLEGE           ,AR,72316-1109,Public       ,29,167,196,633,1295,1928
02052200,BLACK RIVER TECHNICAL COLLEGE           ,AR,72455-0000,Public       ,49,204,253,655,1407,2062
02073500,UNIVERSITY OF ARKANSAS COMMUNITY COLLEGE,AR,72503-0000,Public       ,21,162,183,392,1048,1440
02073700,NORTHWEST TECHNICAL INSTITUTE           ,AR,72765-0000,Public       ,9,37,46,95,279,374
02074600,SOUTH ARKANSAS COMMUNITY COLLEGE        ,AR,71731-0000,Public       ,29,172,201,423,1151,1574
02075300,PULASKI TECHNICAL COLLEGE               ,AR,72118-0000,Public       ,241,1131,1372,2161,8496,10657
02087000,OZARKA COLLEGE                          ,AR,72556-0000,Public       ,14,122,136,268,828,1096
02111100,RICH MOUNTAIN COMMUNITY COLLEGE         ,AR,71953-0000,Public       ,8,62,70,344,506,850
02202400,PROFESSIONAL COSMETOLOGY EDUC CTR       ,AR,71730-5828,Proprietary  ,1,5,6,11,36,47
02220900,COSSATOT COMMUNITY COLLEGE              ,AR,71832-0000,Public       ,20,146,166,346,924,1270
02260400,BEE JAY'S HAIRSTYLING ACADEMY           ,AR,72212-0000,Proprietary  ,6,10,16,16,54,70
02272400,EASTERN COLLEGE OF HEALTH VOCATIONS     ,AR,72209-0000,Proprietary  ,31,115,146,131,499,630
02284200,NEW TYLER BARBER COLLEGE INC            ,AR,72114-0000,Proprietary  ,7,23,30,48,72,120
02287400,MARSHA KAY BEAUTY COLLEGE               ,AR,72653-0000,Proprietary  ,1,3,4,5,27,32
02321701,ITT TECHNICAL INSTITUTE                 ,AR,72204-9925,Proprietary  ,42,118,160,237,611,848
02330800,JEFFERSON SCHOOL OF NURSING             ,AR,71603-0000,Private      ,0,5,5,28,101,129
02339800,SOUTHERN INSTITUTE OF COSMETOLOGY       ,AR,72301-0000,Proprietary  ,12,34,46,13,39,52
02341700,CAREER ACADEMY OF HAIR DESIGN           ,AR,72764-4304,Proprietary  ,7,15,22,33,82,115
02348200,MID-SOUTH COMMUNITY COLLEGE             ,AR,72301-0000,Public       ,44,165,209,545,1185,1730
02363500,ARTHUR'S BEAUTY COLLEGE                 ,AR,72901-0000,Proprietary  ,7,16,23,25,87,112
02525800,LEE'S SCHOOL OF COSMETOLOGY             ,AR,72114-0000,Proprietary  ,13,13,26,32,51,83
02538500,ARTHUR'S BEAUTY COLLEGE                 ,AR,72076-0000,Proprietary  ,7,31,38,63,201,264
02569600,SEARCY BEAUTY COLLEGE                   ,AR,72143-0000,Proprietary  ,1,9,10,15,56,71
03005100,ARKANSAS BEAUTY SCHOOL                  ,AR,72209-5116,Proprietary  ,6,11,17,23,89,112
03007100,HOT SPRINGS BEAUTY COLLEGE              ,AR,71901-5432,Proprietary  ,5,12,17,24,66,90
03007600,ARKANSAS BEAUTY SCHOOL-CONWAY           ,AR,72032-4354,Proprietary  ,3,14,17,27,70,97
03023400,ARKANSAS COLLEGE OF BARBERING           ,AR,72114-5615,Proprietary  ,3,27,30,32,122,154
03063300,NORTHWEST ARKANSAS COMMUNITY COLLEG     ,AR,72712-5190,Public       ,153,451,604,1549,2745,4294
03065100,ABC BEAUTY COLLEGE                      ,AR,71923-4206,Proprietary  ,4,2,6,14,37,51
03066302,BRYAN COLLEGE -                         ,AR,72756-1825,Proprietary  ,4,25,29,23,117,140
03105200,BAPTIST HEALTH SCHOOLS LITTLE ROCK      ,AR,72210-0000,Private      ,9,98,107,250,995,1245
03116800,"DELUXE BEAUTY SCHOOL, L.L.C.            ",AR,71603-0000,Proprietary  ,0,3,3,14,14,28
03124900,IMAGINE -  PAUL MITCHELL PARTNER SCHOOL ,AR,72117-2516,Proprietary  ,5,9,14,8,30,38
03127200,ASKINS VO-TECH                          ,AR,72908-8028,Proprietary  ,0,3,3,3,35,38
03212300,BLYTHEVILLE ACADEMY OF COSMETOLOGY      ,AR,72315-3424,Proprietary  ,1,5,6,9,20,29
03214300,VELVATEX COLLEGE OF BEAUTY CULTURE      ,AR,72202-5452,Proprietary  ,3,7,10,8,38,46
03254300,MARGARET'S HAIR ACADEMY                 ,AR,71655-4905,Proprietary  ,3,18,21,9,57,66
03519400,LYNNDALE FUNDAMENTALS OF BEAUTY SCH     ,AR,71730-4804,Proprietary  ,1,4,5,5,40,45
03855300,ECCLESIA COLLEGE                        ,AR,72762-8159,Private      ,2,4,6,49,27,76
03912300,CROSSETT SCHOOL OF COSMETOLOGY          ,AR,71635-0000,Proprietary  ,3,6,9,9,19,28
03997300,ARKANSAS BEAUTY COLLEGE                 ,AR,72801-3741,Proprietary  ,5,10,15,18,44,62
00133900,CORBAN COLLEGE                          ,OR,97301-9392,Private      ,26,39,65,1091,331,1422
00316505,CASCADE COLLEGE                         ,OR,97216-0000,Private      ,12,7,19,298,107,405
00318600,BLUE MOUNTAIN COMMUNITY COLLEGE         ,OR,97801-0000,Public       ,45,122,167,691,1113,1804
00318800,CENTRAL OREGON COMMUNITY COLLEGE        ,OR,97701-5998,Public       ,138,272,410,1567,2080,3647
00318900,CLATSOP COMMUNITY COLLEGE               ,OR,97103-3698,Public       ,36,64,100,366,457,823
00319100,CONCORDIA UNIVERSITY                    ,OR,97211-6099,Private      ,28,61,89,1062,1204,2266
00319300,EASTERN OREGON UNIVERSITY               ,OR,97850-2899,Public       ,61,127,188,1778,1967,3745
00319400,GEORGE FOX UNIVERSITY                   ,OR,97132-2697,Private      ,21,151,172,2192,1650,3842
00319600,LANE COMMUNITY COLLEGE                  ,OR,97405-0640,Public       ,270,652,922,3963,6366,10329
00319700,LEWIS & CLARK COLLEGE                   ,OR,97219-7899,Private      ,33,43,76,3610,2653,6263
00319800,LINFIELD COLLEGE                        ,OR,97128-6894,Private      ,20,23,43,2647,492,3139
00319801,LINFIELD COLLEGE - PORTLAND CAMPUS      ,OR,97210-0000,Private      ,1,10,11,290,616,906
00319900,MARYLHURST UNIVERSITY                   ,OR,97036-7036,Private      ,3,131,134,125,1203,1328
00320300,MOUNT ANGEL SEMINARY                    ,OR,97373-0505,Private      ,0,1,1,12,14,26
00320400,MOUNT HOOD COMMUNITY COLLEGE            ,OR,97030-3300,Public       ,179,413,592,2642,3739,6381
00320600,MULTNOMAH BIBLE COLLEGE/SEMINARY        ,OR,97220-5898,Private      ,14,33,47,516,560,1076
00320700,PACIFIC NORTHWEST COLLEGE OF ART        ,OR,97209-3023,Private      ,22,23,45,416,383,799
00320800,NORTHWEST CHRISTIAN UNIVERSITY          ,OR,97401-3727,Private      ,9,35,44,438,417,855
00320900,WESTERN OREGON UNIVERSITY               ,OR,97361-1394,Public       ,97,86,183,4549,1683,6232
00321000,OREGON STATE UNIVERSITY                 ,OR,97331-8507,Public       ,300,334,634,14226,6601,20827
00321100,OREGON INSTITUTE OF TECHNOLOGY          ,OR,97601-8801,Public       ,46,64,110,1615,1343,2958
00321200,PACIFIC UNIVERSITY                      ,OR,97116-1797,Private      ,30,63,93,2212,2326,4538
00321300,PORTLAND COMMUNITY COLLEGE              ,OR,97219-7198,Public       ,619,1454,2073,6555,13781,20336
00321600,PORTLAND STATE UNIVERSITY               ,OR,97207-0000,Public       ,431,922,1353,9559,14694,24253
00321700,REED COLLEGE                            ,OR,97202-8199,Private      ,27,17,44,2347,267,2614
00321800,CHEMEKETA COMMUNITY COLLEGE             ,OR,97309-1500,Public       ,239,652,891,3077,5809,8886
00321900,SOUTHERN OREGON UNIVERSITY              ,OR,97520-5010,Public       ,113,125,238,3747,2094,5841
00322000,SOUTHWESTERN OREGON COMMUNITY CLG       ,OR,97420-2956,Public       ,48,104,152,999,934,1933
00322100,TREASURE VALLEY COMMUNITY COLLEGE       ,OR,97914-3423,Public       ,68,189,257,936,1272,2208
00322200,UMPQUA COMMUNITY COLLEGE                ,OR,97470-0226,Public       ,64,178,242,863,1467,2330
00322300,UNIVERSITY OF OREGON                    ,OR,97403-1226,Public       ,355,319,674,13954,7572,21526
00322400,UNIVERSITY OF PORTLAND                  ,OR,97203-5798,Private      ,71,54,125,5646,1234,6880
00322500,WARNER PACIFIC COLLEGE                  ,OR,97215-4099,Private      ,23,104,127,577,702,1279
00322700,WILLAMETTE UNIVERSITY                   ,OR,97301-3930,Private      ,32,37,69,2850,1387,4237
00487800,CLACKAMAS COMMUNITY COLLEGE             ,OR,97045-7998,Public       ,136,256,392,1810,2375,4185
00488200,OREGON HEALTH & SCIENCE UNIVERSITY      ,OR,97239-0000,Public       ,10,42,52,363,2680,3043
00488230,OREGON GRAD INST OF SCIENCE & TECH      ,OR,97006-0000,Public       ,1,1,2,6,18,24
00693800,LINN BENTON COMMUNITY COLLEGE           ,OR,97321-3774,Public       ,155,302,457,2357,2688,5045
00717800,WESTERN SEMINARY                        ,OR,97215-0000,Private      ,0,35,35,5,204,209
00723402,HEALD COLLEGE - PORTLAND                ,OR,97205-3432,Proprietary  ,28,89,117,91,336,427
00781900,ART INSTITUTE OF PORTLAND (THE)         ,OR,97209-2911,Proprietary  ,84,103,187,1373,1236,2609
00888700,CONCORDE CAREER INSTITUTE               ,OR,97232-2242,Proprietary  ,45,118,163,261,678,939
00907900,EVEREST COLLEGE                         ,OR,97204-2296,Proprietary  ,146,540,686,621,2598,3219
00958100,SPRINGFIELD COLLEGE OF BEAUTY           ,OR,97477-5474,Proprietary  ,5,16,21,52,86,138
01012200,PHAGANS' MEDFORD BEAUTY SCHOOL          ,OR,97504-5297,Proprietary  ,5,27,32,46,101,147
01018200,ROGUE COMMUNITY COLLEGE                 ,OR,97527-0000,Public       ,165,394,559,1403,2978,4381
01050700,ACADEMY OF HAIR DESIGN                  ,OR,97301-3526,Proprietary  ,7,21,28,33,67,100
01185200,ITT TECHNICAL INSTITUTE                 ,OR,97220-0000,Proprietary  ,99,222,321,548,1064,1612
01230900,WESTERN STATES CHIROPRACTIC COLLEGE     ,OR,97230-3099,Private      ,1,12,13,15,478,493
01234700,PHAGANS CENTRAL OREGON BEAUTY CLG       ,OR,97701-5175,Proprietary  ,11,25,36,51,122,173
01234800,PHAGANS BEAUTY COLLEGE                  ,OR,97333-4716,Proprietary  ,4,8,12,51,59,110
01235000,PHAGANS SCHOOL OF HAIR DESIGN           ,OR,97267-4808,Proprietary  ,9,18,27,37,70,107
01235100,PHAGANS SCHOOL OF BEAUTY                ,OR,97301-4732,Proprietary  ,7,11,18,29,79,108
01300800,PHAGANS TIGARD BEAUTY SCHOOL            ,OR,97223-0000,Proprietary  ,1,6,7,27,42,69
02101000,NORTHWEST COLLEGE OF HAIR DESIGN        ,OR,97086-7702,Proprietary  ,14,34,48,81,135,216
02101002,NORTHWEST COLLEGE                       ,OR,97007-3954,Proprietary  ,4,10,14,14,24,38
02104900,COLLEGE OF LEGAL ARTS                   ,OR,97219-9998,Proprietary  ,4,41,45,33,149,182
02106100,COLLEGE OF COSMETOLOGY                  ,OR,97601-0000,Proprietary  ,4,9,13,21,51,72
02154400,BEAU MONDE CLG OF HAIR DESIGN           ,OR,97205-0000,Proprietary  ,11,16,27,96,146,242
02159700,EUGENE BIBLE COLLEGE                    ,OR,97405-0000,Private      ,11,9,20,91,101,192
02201900,PHAGANS' SCHOOL OF HAIR DESIGN          ,OR,97232-0000,Proprietary  ,14,33,47,78,197,275
02239203,ALLIED COLLEGE - ANTHEM COLLEGE         ,OR,97005-0000,Proprietary  ,5,8,13,5,8,13
02311000,PAUL MITCHELL THE SCHOOL                ,OR,97103-0000,Proprietary  ,0,0,0,4,4,8
02330100,PIONEER PACIFIC COLLEGE                 ,OR,97070-0000,Proprietary  ,58,131,189,298,879,1177
02330102,PIONEER PACIFIC COLLEGE                 ,OR,97403-0000,Proprietary  ,23,93,116,92,478,570
02337900,COLLEGE OF HAIR DESIGN CAREERS          ,OR,97301-0000,Proprietary  ,2,12,14,38,51,89
02344100,ROSEBURG BEAUTY COLLEGE                 ,OR,97470-0000,Proprietary  ,5,3,8,29,44,73
02534000,NATIONAL COLLEGE OF NATURAL MEDICINE    ,OR,97201-0000,Private      ,2,8,10,11,546,557
02578800,NORTHWEST NANNIES INSTITUTE             ,OR,97035-0000,Proprietary  ,3,0,3,24,8,32
02603700,OREGON COL OF ORIENTAL MEDICINE         ,OR,97216-0000,Private      ,0,1,1,3,293,296
02617506,EVEREST COLLEGE - EVEREST INSTITUTE     ,OR,97223-6581,Proprietary  ,2,10,12,2,11,13
03007300,OREGON COLLEGE OF ART & CRAFT           ,OR,97225-6399,Private      ,6,8,14,100,156,256
03022600,WESTERN CULINARY INSTITUTE              ,OR,97205-2793,Proprietary  ,225,430,655,1805,2300,4105
03042500,APOLLO COLLEGE                          ,OR,97232-1302,Proprietary  ,115,366,481,414,1203,1617
03074400,PHAGANS NEWPORT ACAD CSMTLGY CAREER     ,OR,97365-4963,Proprietary  ,2,7,9,12,42,54
03074500,EAST-WEST COLLEGE OF THE HEALING ARTS   ,OR,97232-2765,Proprietary  ,7,49,56,83,309,392
03185300,PHAGANS GRANTS PASS COLLEGE OF BTY      ,OR,97527-3039,Proprietary  ,3,14,17,40,56,96
03428300,KLAMATH COMMUNITY COLLEGE               ,OR,97603-7121,Public       ,37,109,146,282,765,1047
03642300,VALLEY MEDICAL COLLEGE                  ,OR,97305-1373,Proprietary  ,7,17,24,44,141,185
03668300,BIRTHINGWAY COLLEGE OF MIDWIFERY        ,OR,97266-4042,Private      ,0,8,8,6,88,94
03783400,ABDILL CAREER COLLEGE                   ,OR,97504-7137,Proprietary  ,5,18,23,26,86,112
03932400,GUTENBERG COLLEGE                       ,OR,97403-1368,Private      ,0,2,2,26,16,42
00137400,ALBERTUS MAGNUS COLLEGE                 ,CT,06511-1189,Private      ,12,86,98,707,789,1496
00137403,ALBERTUS MAGNUS CLG-NEW DIMENSIONS      ,CT,06511-0000,Private      ,2,150,152,27,720,747
00137800,CENTRAL CONNECTICUT STATE UNIV          ,CT,06050-2490,Public       ,163,240,403,7568,3142,10710
00137900,CONNECTICUT COLLEGE                     ,CT,06320-4196,Private      ,15,5,20,2124,74,2198
00138000,WESTERN CONNECTICUT STATE UNIV          ,CT,06810-6826,Public       ,90,66,156,4233,1124,5357
00138500,FAIRFIELD UNIVERSITY                    ,CT,06430-0000,Private      ,30,61,91,5212,581,5793
00138700,HARTFORD SEMINARY                       ,CT,06105-0000,Private      ,0,0,0,5,17,22
00138900,HOLY APOSTLES COLLEGE & SEMINARY        ,CT,06416-2005,Private      ,0,6,6,6,46,52
00139200,MANCHESTER COMMUNITY COLLEGE            ,CT,06045-1046,Public       ,159,269,428,2219,2100,4319
00139300,MITCHELL COLLEGE                        ,CT,06320-4498,Private      ,15,13,28,864,199,1063
00139700,UNIVERSITY OF NEW HAVEN                 ,CT,06516-1999,Private      ,55,123,178,3532,1486,5018
00139800,NORTHWESTERN CT COMMUNITY COLLEGE       ,CT,06098-1747,Public       ,27,42,69,374,380,754
00139900,NORWALK COMMUNITY TECHNICAL COLLEGE     ,CT,06854-1655,Public       ,105,143,248,1225,1404,2629
00140100,POST UNIVERSITY                         ,CT,06723-3240,Proprietary  ,27,163,190,917,803,1720
00140200,QUINNIPIAC UNIVERSITY                   ,CT,06518-1908,Private      ,75,46,121,9257,1132,10389
00140201,QUINNIPIAC UNIVERSITY SCHOOL OF LAW     ,CT,06518-0000,Private      ,4,4,8,141,910,1051
00140300,SACRED HEART UNIVERSITY                 ,CT,06825-1000,Private      ,64,103,167,6139,1060,7199
00140600,SOUTHERN CONNECTICUT STATE UNIV         ,CT,06515-1355,Public       ,133,286,419,7756,3842,11598
00140900,SAINT JOSEPH COLLEGE                    ,CT,06117-2791,Private      ,15,76,91,1065,833,1898
00141400,TRINITY COLLEGE                         ,CT,06106-3100,Private      ,26,15,41,2597,203,2800
00141600,UNIVERSITY OF BRIDGEPORT                ,CT,06601-5650,Private      ,45,172,217,1597,1858,3455
00141700,UNIVERSITY OF CONNECTICUT-STORRS        ,CT,06269-2151,Public       ,220,220,440,20738,4339,25077
00141702,UNIV CONN STAMFORD                      ,CT,06901-0000,Public       ,14,23,37,373,241,614
00141703,UNIV OF CONNECTICUT - TORINGTON         ,CT,06790-0000,Public       ,4,4,8,148,46,194
00141706,UNIV OF CONNECTICUT SCH LAW             ,CT,06105-0000,Public       ,2,3,5,32,1061,1093
00141707,UNIV OF CT - SCH OF SOCIAL WORK         ,CT,06117-0000,Public       ,0,8,8,57,473,530
00141708,UNIVERSITY OF CONNECTICUT - SCHOOL OF ME,CT,06030-1920,Public       ,0,6,6,8,398,406
00141709,UNIVERSITY OF CONNECTICUT - SCHOOL OF DE,CT,06030-1920,Public       ,1,0,1,2,175,177
00142200,UNIVERSITY OF HARTFORD                  ,CT,06117-1599,Private      ,79,80,159,8511,1394,9905
00142400,WESLEYAN UNIVERSITY                     ,CT,06459-3208,Private      ,26,10,36,3408,133,3541
00142500,EASTERN CONNECTICUT STATE UNIV          ,CT,06226-2295,Public       ,76,75,151,4337,1004,5341
00142600,YALE UNIVERSITY                         ,CT,06520-8288,Private      ,171,71,242,9386,5903,15289
00142601,YALE UNIV PHYSICIANS ASSOC PROG         ,CT,06510-0000,Private      ,0,0,0,1,59,60
00142602,YALE UNIV EPIDEMIOLOGY & PUB HLTH       ,CT,06510-0000,Private      ,0,5,5,4,221,225
00142603,YALE UNIV SCHOOL MEDICINE               ,CT,06510-0000,Private      ,2,2,4,19,726,745
00280301,RENSSELAER POLYTECHNIC INSTITUTE-RENSSEL,CT,06120-2991,Private      ,0,10,10,7,59,66
00280302,RENSSELAER POLYTECHNIC INSTITUTE - RENSS,CT,06340-4554,Private      ,0,0,0,0,1,1
00280400,RENSSELAER HARTFORD GRADUATE CENTER     ,CT,06120-0000,Private      ,0,0,0,1,17,18
00451300,HOUSATONIC COMMUNITY COLLEGE            ,CT,06604-4704,Public       ,128,337,465,1548,2440,3988
00618100,BRIDGEPORT HOSP SCHL OF NURSING         ,CT,06610-2896,Private      ,0,15,15,69,239,308
00619100,ST. VINCENT'S COLLEGE                   ,CT,06606-9966,Private      ,8,23,31,199,391,590
00698200,NAUGATUCK VALLEY COMM-TECH COLG         ,CT,06708-3089,Public       ,132,211,343,1728,1858,3586
00730000,ELI WHITNEY TECHNICAL HIGH SCHOOL       ,CT,06514-0000,Public       ,0,6,6,17,78,95
00730300,LINCOLN TECHNICAL INSTITUTE             ,CT,06051-0000,Proprietary  ,171,386,557,713,1627,2340
00730500,PORTER AND CHESTER INSTITUTE OF BRANFORD,CT,06405-4022,Proprietary  ,29,24,53,161,164,325
00731100,WINDHAM TECHNICAL HIGH SCHOOL           ,CT,06226-2100,Public       ,0,4,4,4,22,26
00745900,PAIER COLLEGE OF ART                    ,CT,06514-3902,Proprietary  ,4,4,8,140,66,206
00763500,CAPITAL COMMUNITY COLLEGE               ,CT,06103-1207,Public       ,116,372,488,1239,2760,3999
00803700,GATEWAY COMMUNITY-TECHNICAL COLLEGE     ,CT,06511-0000,Public       ,158,298,456,1758,2668,4426
00803800,MIDDLESEX COMMUNITY CLG                 ,CT,06457-4889,Public       ,51,129,180,678,960,1638
00887200,RENASCI ACADEMY OF HAIR                 ,CT,06460-4160,Proprietary  ,1,3,4,11,25,36
00887300,PAUL MITCHELL THE SCHOOL                ,CT,06810-6716,Proprietary  ,9,5,14,64,62,126
00887400,BRIO ACADEMY OF COSMETOLOGY             ,CT,06450-4836,Proprietary  ,31,57,88,148,244,392
00887403,BRIO ACADEMY OF COSMETOLOGY - WILLIMANTI,CT,06226-1940,Proprietary  ,0,1,1,0,1,1
00906500,THE HARTFORD CONSERVATORY               ,CT,06105-2891,Private      ,1,3,4,46,20,66
00927700,E C GOODWIN TECHNICAL HIGH SCHOOL       ,CT,06053-0000,Public       ,1,6,7,12,37,49
00929100,J M WRIGHT TECHNICAL HIGH SCHOOL        ,CT,06904-0000,Public       ,0,2,2,7,22,29
00940700,BRIARWOOD COLLEGE                       ,CT,06489-1057,Proprietary  ,16,37,53,516,333,849
00976400,TUNXIS COMMUNITY COLLEGE                ,CT,06032-3187,Public       ,73,159,232,1049,1273,2322
00976500,THREE RIVERS COMMUNITY TECH COLLEGE     ,CT,06360-0000,Public       ,85,172,257,1023,1527,2550
00982200,ALBERT I PRINCE TECHNICAL HIGH SCHOOL   ,CT,06106-3799,Public       ,1,8,9,11,54,65
01041700,BRIO ACADEMY OF EAST HARTFORD           ,CT,06108-2220,Proprietary  ,8,28,36,55,98,153
01053000,QUINEBAUG VALLEY COMMUNITY COLLEGE      ,CT,06239-1440,Public       ,42,120,162,579,891,1470
01077900,PORTER AND CHESTER INSTITUTE-ALLCAMPUSES,CT,06615-7158,Proprietary  ,160,228,388,927,1373,2300
01115000,ASNUNTUCK COMMUNITY COLLEGE             ,CT,06082-3800,Public       ,24,66,90,292,398,690
01149600,BULLARD HAVENS VOC TECH SCHOOL          ,CT,06610-3499,Public       ,2,4,6,8,38,46
01169700,VINAL REGIONAL VOC TECH SCHOOL          ,CT,06457-4918,Public       ,0,3,3,5,28,33
01184300,NORWICH TECHNICAL HIGH SCHOOL           ,CT,06360-7097,Public       ,0,2,2,3,27,30
01218500,H C WILCOX TECHNICAL HIGH SCHOOL        ,CT,06450-0000,Public       ,0,1,1,5,8,13
01242500,STONE ACADEMY                           ,CT,06514-4125,Proprietary  ,37,160,197,199,1079,1278
01242503,STONE ACADEMY -WATERBURY                ,CT,06705-3823,Proprietary  ,0,1,1,4,21,25
01287700,GIBBS COLLEGE                           ,CT,06855-1436,Proprietary  ,73,160,233,536,715,1251
01291300,LEON INSTITUTE OF HAIR DESIGN           ,CT,06604-4226,Proprietary  ,1,13,14,7,40,47
01326400,HENRY ABBOTT TECHNICAL HIGH SCHOOL      ,CT,06811-4881,Public       ,0,2,2,8,30,38
02058900,HARVARD H ELLIS TECHNICAL HIGH SCHOOL   ,CT,06239-0000,Public       ,3,5,8,19,14,33
02074000,BRANFORD HALL CAREER INSTITUTE          ,CT,06405-0000,Proprietary  ,199,724,923,793,2856,3649
02106600,FOX INSTITUTE OF BUSINESS               ,CT,06110-0000,Proprietary  ,19,93,112,88,339,427
02112300,RIDLEY LOWELL BUSINESS & TECH INST      ,CT,06320-0000,Proprietary  ,16,124,140,64,412,476
02112700,NORTH HAVEN ACADEMY                     ,CT,06473-3108,Proprietary  ,22,12,34,132,85,217
02115100,BUTLER BUSINESS SCHOOL                  ,CT,06604-0000,Proprietary  ,13,54,67,46,218,264
02148700,CONNECTICUT INST OF HAIR DESIGN         ,CT,06716-0000,Proprietary  ,3,5,8,13,25,38
02202500,NEW ENGLAND TRACTOR TRAILER SCH         ,CT,06071-2036,Proprietary  ,20,210,230,49,636,685
02213000,ELLA T GRASSO SOUTHEASTERN TECHNICAL HIG,CT,06340-0000,Public       ,0,2,2,3,6,9
02228800,BARAN INSTITUTE OF TECHNOLOGY           ,CT,06088-9631,Proprietary  ,100,53,153,852,377,1229
02244900,GOODWIN COLLEGE                         ,CT,06118-9980,Private      ,20,123,143,368,1652,2020
02245300,HOWELL CHENEY TECHNICAL HIGH SCHOOL     ,CT,06040-0000,Public       ,0,2,2,2,16,18
02265900,WINDHAM COMMUNITY MEM HOSP-RAD TECH     ,CT,06226-0000,Private      ,1,3,4,9,13,22
02296100,YALE-NEW HAVEN HOSP DIETETIC INTERN     ,CT,06510-8900,Private      ,0,1,1,4,8,12
02300000,W F KAYNOR TECHNICAL HIGH SCHOOL        ,CT,06708-0000,Public       ,0,8,8,6,38,44
02316600,CONNECTICUT CTR FOR MASSAGE THERAPY     ,CT,06111-3975,Proprietary  ,15,46,61,69,240,309
02316601,CONNECTICUT CENTER FOR MASSAGE THERAPY -,CT,06880-4619,Proprietary  ,5,27,32,29,119,148
02316603,CONNECTICUT CENTER FOR MASSAGE THERAPY -,CT,06340-4619,Proprietary  ,5,14,19,32,121,153
02562400,EMMETT O BRIEN REG VOC TECH SCHOOL      ,CT,06401-2500,Public       ,0,0,0,1,1,2
02565000,PLATT TECHNICAL HIGH SCHOOL             ,CT,06460-2105,Public       ,1,2,3,5,24,29
03079400,LYME ACADEMY COLLEGE OF FINE ARTS       ,CT,06371-2333,Private      ,1,0,1,69,40,109
03094800,INDUSTRIAL MANAGEMENT & TRAINING        ,CT,06706-1211,Proprietary  ,3,11,14,40,134,174
03231400,OLIVER WOLCOTT TECHNICAL HIGH SCHOOL    ,CT,06790-3859,Public       ,0,1,1,3,5,8
03234300,CHARTER OAK STATE COLLEGE               ,CT,06053-2150,Public       ,5,92,97,39,729,768
03316300,LINCOLN TECHNICAL INSTITUTE - HARTFORD  ,CT,06105-3630,Proprietary  ,40,59,99,400,325,725
03381300,CONNECTICUT TRAINING CENTER             ,CT,06108-2705,Private      ,9,44,53,34,192,226
03927300,ALBERT SCHOOL (THE)                     ,CT,06357-2447,Proprietary  ,10,23,33,33,62,95
04053300,CLEMENS COLLEGE                         ,CT,06078-0000,Proprietary  ,4,3,7,53,17,70
04104300,ACADEMY DI CAPELLI - SCHOOL OF COSMETOLO,CT,06492-0000,Proprietary  ,10,3,13,22,28,50
04128800,BRANFORD ACADEMY OF HAIR & COSMETOLOGY  ,CT,06405-0000,Proprietary  ,6,3,9,6,3,9
00146600,BARRY UNIVERSITY                        ,FL,33161-6695,Private      ,123,518,641,3429,6689,10118
00146601,BARRY UNIVERSITY SCHOOL OF LAW          ,FL,32807-0000,Private      ,2,20,22,38,1118,1156
00146700,BETHUNE COOKMAN UNIVERSITY              ,FL,32114-3099,Private      ,136,78,214,5429,1124,6553
00146800,ST THOMAS UNIVERSITY                    ,FL,33054-0000,Private      ,26,200,226,1132,2376,3508
00146900,FLORIDA INSTITUTE OF TECHNOLOGY         ,FL,32901-6988,Private      ,50,121,171,2885,1106,3991
00147000,BREVARD COMMUNITY COLLEGE               ,FL,32922-6503,Public       ,308,796,1104,3285,4823,8108
00147100,CENTRAL FLORIDA COMMUNITY COLLEGE       ,FL,34478-1388,Public       ,274,621,895,2728,3537,6265
00147200,CHIPOLA  COLLEGE                        ,FL,32446-2053,Public       ,66,112,178,656,772,1428
00147300,CLEARWATER CHRISTIAN COLLEGE            ,FL,33759-0000,Private      ,27,3,30,716,99,815
00147500,DAYTONA STATE COLLEGE                   ,FL,32114-2800,Public       ,442,1120,1562,4107,6862,10969
00147700,EDISON COLLEGE                          ,FL,33906-6210,Public       ,307,623,930,3505,4109,7614
00147800,EDWARD WATERS COLLEGE                   ,FL,32209-6199,Private      ,35,59,94,951,631,1582
00147900,EMBRY-RIDDLE AERONAUTICAL UNIV          ,FL,32114-3900,Private      ,133,564,697,6370,4045,10415
00148000,FLORIDA A & M UNIVERSITY                ,FL,32307-3100,Public       ,313,281,594,12385,5786,18171
00148100,FLORIDA ATLANTIC UNIVERSITY             ,FL,33431-6498,Public       ,410,790,1200,11038,8897,19935
00148101,FLORIDA ATLANTIC UNIVERSITY/DAVIE       ,FL,33314-0000,Public       ,36,163,199,710,2071,2781
00148103,FLORIDA ATLANTIC UNIV-JUPITER/PSL       ,FL,33458-0000,Public       ,15,59,74,404,560,964
00148200,FLORIDA COLLEGE                         ,FL,33617-5578,Private      ,7,2,9,435,29,464
00148400,FLORIDA STATE COLLEGE AT JACKSONVILLE   ,FL,32202-4030,Public       ,657,1939,2596,7082,13567,20649
00148500,FLORIDA KEYS COMMUNITY COLLEGE          ,FL,33040-4397,Public       ,23,83,106,232,432,664
00148600,FLORIDA MEMORIAL UNIVERSITY             ,FL,33054-6199,Private      ,83,81,164,1693,1164,2857
00148700,ECKERD COLLEGE                          ,FL,33711-4744,Private      ,27,79,106,2262,667,2929
00148800,FLORIDA SOUTHERN COLLEGE                ,FL,33801-5698,Private      ,56,66,122,2022,643,2665
00148900,FLORIDA STATE UNIVERSITY                ,FL,32306-2430,Public       ,764,551,1315,26018,12811,38829
00149000,GULF COAST COMMUNITY COLLEGE            ,FL,32401-1058,Public       ,139,347,486,1463,2466,3929
00149300,INDIAN RIVER STATE COLLEGE              ,FL,34981-5596,Public       ,348,945,1293,3273,4605,7878
00149500,JACKSONVILLE UNIVERSITY                 ,FL,32211-3394,Private      ,82,282,364,2816,2284,5100
00149700,JONES COLLEGE                           ,FL,32211-5588,Private      ,13,92,105,105,838,943
00149900,EVEREST UNIVERSITY                      ,FL,32810-5601,Proprietary  ,316,1298,1614,1653,8559,10212
00149901,EVEREST UNIVERSITY - ORLANDO SOUTH      ,FL,32819-7666,Proprietary  ,24,105,129,24,110,134
00149902,EVEREST UNIVERSITY - MELBOURNE          ,FL,32905-6609,Proprietary  ,5,37,42,5,40,45
00150000,BROWARD COLLEGE- DOWNTOWN CTR           ,FL,33301-2208,Public       ,460,925,1385,3400,5176,8576
00150001,BROWARD COLLEGE - DAVIE CAMPUS          ,FL,33314-0000,Public       ,502,671,1173,4724,5151,9875
00150002,BROWARD COLLEGE- NORTH CAMPUS           ,FL,33066-0000,Public       ,137,173,310,1684,1829,3513
00150003,BROWARD COLLEGE- SOUTH CAMPUS           ,FL,33024-0000,Public       ,141,214,355,1882,1967,3849
00150100,LAKE CITY COMMUNITY COLLEGE             ,FL,32025-2007,Public       ,83,211,294,789,1512,2301
00150200,LAKE SUMTER COMMUNITY COLLEGE           ,FL,34788-8751,Public       ,113,258,371,1110,1583,2693
00150400,MANATEE COMMUNITY COLLEGE               ,FL,34207-3596,Public       ,363,707,1070,3042,4480,7522
00150500,LYNN UNIVERSITY                         ,FL,33431-5598,Private      ,32,71,103,1322,541,1863
00150600,MIAMI DADE COLLEGE ADMINISTRATION ONLY  ,FL,33176-3393,Public       ,48,106,154,581,767,1348
00150601,MIAMI DADE COLLEGE - NORTH CAMPUS       ,FL,33167-3495,Public       ,607,1099,1706,8244,10485,18729
00150602,MIAMI DADE COLLEGE - KENDALL CAMPUS     ,FL,33176-3393,Public       ,885,1077,1962,9790,7718,17508
00150603,MIAMI DADE COLLEGE - WOLFSON CAMPUS     ,FL,33132-2297,Public       ,329,595,924,4936,5337,10273
00150604,MIAMI DADE COLLEGE - MEDICAL CAMPUS     ,FL,33127-4693,Public       ,78,299,377,918,2590,3508
00150605,MIAMI DADE COLLEGE - HOMESTEAD CAMPUS   ,FL,33030-6009,Public       ,116,239,355,1101,1559,2660
00150606,MIAMI DADE COLLEGE -INTERAMERICAN CAMPUS,FL,33135-0000,Public       ,250,517,767,2295,4159,6454
00150607,MIAMI DADE COLLEGE - HIALEAH CAMPUS     ,FL,33012-2918,Public       ,155,265,420,353,502,855
00150800,NORTH FLORIDA COMMUNITY COLLEGE         ,FL,32340-1699,Public       ,37,74,111,419,631,1050
00150900,NOVA SOUTHEASTERN UNIVERSITY            ,FL,33314-7796,Private      ,149,2483,2632,3469,26389,29858
00151000,NORTHWEST FLORIDA STATE COLLEGE         ,FL,32578-1295,Public       ,146,392,538,1427,2613,4040
00151200,PALM BEACH COMMUNITY COLLEGE            ,FL,33461-4796,Public       ,691,1129,1820,6367,6993,13360
00151300,PENSACOLA JR COLLEGE                    ,FL,32504-8998,Public       ,281,778,1059,3034,4939,7973
00151400,POLK COMMUNITY COLLEGE                  ,FL,33881-4299,Public       ,184,485,669,2081,3123,5204
00151500,ROLLINS COLLEGE                         ,FL,32789-4499,Private      ,47,120,167,1887,1170,3057
00151900,SANTA FE COLLEGE                        ,FL,32606-6200,Public       ,403,572,975,5953,4590,10543
00152000,SEMINOLE COMMUNITY COLLEGE              ,FL,32773-6199,Public       ,355,833,1188,3861,5717,9578
00152100,SOUTHEASTERN UNIVERSITY                 ,FL,33801-6099,Private      ,58,116,174,2547,1047,3594
00152200,SOUTH FLORIDA COMMUNITY COLLEGE         ,FL,33825-9399,Public       ,80,200,280,869,1192,2061
00152201,SOUTH FLORIDA COMMUNITY COLLEGE - LAKE P,FL,33852-9605,Public       ,0,0,0,1,0,1
00152300,ST JOHNS RIVER COMMUNITY COLLEGE        ,FL,32177-3897,Public       ,116,289,405,1388,2291,3679
00152600,SAINT LEO UNIVERSITY                    ,FL,33574-6665,Private      ,122,851,973,2545,10645,13190
00152800,ST. PETERSBURG COLLEGE                  ,FL,33760-3768,Public       ,519,1507,2026,5391,11745,17136
00153100,STETSON UNIVERSITY                      ,FL,32723-3761,Private      ,58,46,104,2274,591,2865
00153101,STETSON UNIVERSITY - COLLEGE OF LAW     ,FL,33707-3299,Private      ,1,45,46,29,1529,1558
00153300,TALLAHASSEE COMMUNITY COLLEGE           ,FL,32304-2895,Public       ,486,630,1116,6684,5511,12195
00153400,EVEREST UNIVERSITY                      ,FL,33614-5801,Proprietary  ,315,2447,2762,1320,13554,14874
00153409,EVEREST UNIVERSITY - ORANGE PARK        ,FL,32073-1111,Proprietary  ,12,34,46,12,35,47
00153500,UNIVERSITY OF FLORIDA                   ,FL,32611-3150,Public       ,719,629,1348,25704,14859,40563
00153600,UNIVERSITY OF MIAMI                     ,FL,33146-6531,Private      ,290,276,566,11885,4074,15959
00153601,UNIV OF MIAMI SCHOOL OF LAW             ,FL,33124-0000,Private      ,2,9,11,49,1750,1799
00153602,UNIV OF MIAMI-SCH OF MEDICINE           ,FL,33136-0000,Private      ,29,33,62,422,1014,1436
00153700,UNIVERSITY OF SOUTH FLORIDA             ,FL,33620-6960,Public       ,743,1211,1954,22604,16075,38679
00153701,UNIV OF SOUTH FLORIDA-ST PETERSBURG     ,FL,33701-0000,Public       ,18,60,78,517,682,1199
00153702,UNIV OF SOUTH FLORIDA-SARASOTA          ,FL,34243-0000,Public       ,11,50,61,189,484,673
00153705,UNIV OF SOUTH FLORIDA                   ,FL,33803-0000,Public       ,25,38,63,410,421,831
00153706,UNIV OF SOUTH FLORIDA- MEDICINE         ,FL,33612-0000,Public       ,24,19,43,504,801,1305
00153800,UNIVERSITY OF TAMPA                     ,FL,33606-1490,Private      ,122,118,240,5432,1547,6979
00154000,WEBBER INTERNATIONAL UNIVERSITY         ,FL,33827-0096,Private      ,13,11,24,608,200,808
00173308,NATIONAL-LOUIS UNIVERSITY               ,FL,33609-0000,Private      ,1,12,13,3,85,88
00177201,TRINITY INTERNATIONAL UNIVERSITY - SOUTH,FL,33324-4611,Private      ,2,32,34,27,365,392
00395400,UNIV OF CENTRAL FLORIDA                 ,FL,32816-0001,Public       ,918,995,1913,30461,14587,45048
00395500,UNIVERSITY OF WEST FLORIDA              ,FL,32514-5750,Public       ,167,359,526,4300,4385,8685
00407215,NORTHWOOD UNIVERSITY                    ,FL,33409-0000,Private      ,7,38,45,512,260,772
00558500,LIVELY TECHNICAL CENTER                 ,FL,32304-0000,Public       ,29,138,167,219,658,877
00558501,LIVELY TECHNICAL CENTER - AVIATION SCHOO,FL,32304-8723,Public       ,2,5,7,14,39,53
00558600,LINDSEY HOPKINS TECHNICAL ED CENTER     ,FL,33127-4692,Public       ,18,87,105,181,554,735
00559400,D G ERWIN TECHNICAL CENTER              ,FL,33610-8255,Public       ,44,162,206,294,1140,1434
00560500,PINELLAS TECH ED CTR-CLEARWATER         ,FL,33760-2194,Public       ,35,109,144,162,504,666
00560700,SARASOTA COUNTY TECHNICAL INSTITUTE     ,FL,34233-0000,Public       ,12,60,72,90,368,458
00560800,TRAVISS TECHNICAL CENTER                ,FL,33803-0000,Public       ,20,76,96,155,562,717
00561200,MANATEE TECHNICAL INSTITUTE             ,FL,34210-0000,Public       ,30,109,139,176,599,775
00561201,MANATEE TECHNICAL INSTITUTE-EAST        ,FL,34211-0000,Public       ,10,68,78,37,219,256
00675000,VALENCIA COMMUNITY COLLEGE              ,FL,32802-3028,Public       ,1321,1900,3221,14227,12093,26320
00752500,SUWANNEE-HAMILTON AREA VOC TECH CTR     ,FL,32060-0000,Public       ,3,31,34,44,174,218
00752600,WASHINGTON HOLMES TECHNICAL CENTER      ,FL,32428-1699,Public       ,14,54,68,92,333,425
00755800,LEE COUNTY HIGH TECH CENTER CENTRAL     ,FL,33916-2299,Public       ,36,94,130,166,353,519
00758600,REMINGTON COLLEGE - TAMPA CAMPUS        ,FL,33612-8410,Proprietary  ,21,99,120,181,735,916
00758604,REMINGTON COLLEGE-LARGO CAMPUS          ,FL,33771-0000,Proprietary  ,0,6,6,5,36,41
00758605,REMINGTON COLLEGE-JACKSONVILLE CAMPUS   ,FL,32256-6932,Proprietary  ,0,1,1,3,26,29
00787000,HILLSBOROUGH COMMUNITY COLLEGE          ,FL,33606-3572,Public       ,804,1408,2212,7457,9705,17162
00789300,FLAGLER COLLEGE                         ,FL,32085-1027,Private      ,75,47,122,2433,574,3007
00807500,ST JOHN VIANNEY COLLEGE SEMINARY        ,FL,33165-3244,Private      ,0,0,0,13,10,23
00814600,EVEREST UNIVERSITY - POMPANO BEACH      ,FL,33062-2522,Proprietary  ,118,447,565,592,3137,3729
00822300,ST VINCENT DE PAUL REGIONL SEMINARY     ,FL,33436-0000,Private      ,0,1,1,0,11,11
00841700,STENOTYPE INST OF JACKSONVILLE          ,FL,32207-0000,Proprietary  ,22,105,127,80,427,507
00850100,RASMUSSEN COLLEGE                       ,FL,34471-7051,Proprietary  ,39,170,209,200,792,992
00850103,RASMUSSEN COLLEGE-HOLIDAY               ,FL,34690-0000,Proprietary  ,21,59,80,114,568,682
00884800,WARNER SOUTHERN COLLEGE                 ,FL,33859-8725,Private      ,24,117,141,567,735,1302
00884900,PALM BEACH ATLANTIC UNIVERSITY          ,FL,33401-6505,Private      ,51,147,198,2148,1757,3905
00887800,MIAMI INTERNATIONAL UNIV ART&DESIGN     ,FL,33132-1418,Proprietary  ,217,213,430,2283,1659,3942
00910400,RIVERSIDE HAIRSTYLING ACADEMY           ,FL,32207-3810,Proprietary  ,5,15,20,23,80,103
00963500,FLORIDA INTERNATIONAL UNIVERSITY        ,FL,33199-0001,Public       ,674,1208,1882,20401,17181,37582
00984100,UNIVERSITY OF NORTH FLORIDA             ,FL,32224-2645,Public       ,290,437,727,8235,5890,14125
00990200,SHERIDAN TECHNICAL CENTER               ,FL,33021-3399,Public       ,74,210,284,301,1057,1358
01016100,"LORAINE'S ACADEMY, INC                  ",FL,33710-0000,Proprietary  ,7,42,49,36,178,214
01019500,ART INSTITUTE OF FT LAUDERDALE          ,FL,33316-3000,Proprietary  ,170,187,357,2121,1742,3863
01065200,PASCO-HERNANDO COMMUNITY CLG            ,FL,34654-5199,Public       ,264,577,841,2389,3829,6218
01072401,CARLOS ALBIZU UNIVERSITY                ,FL,33172-0000,Private      ,14,139,153,108,1077,1185
01082600,TOM P. HANEY TECHNICAL CENTER           ,FL,32405-5099,Public       ,18,65,83,86,368,454
01112700,GOODING INST OF NUR ANES BAY MED CT     ,FL,32401-0000,Public       ,0,2,2,1,48,49
01226300,ATLANTIC TECHNICAL CENTER               ,FL,33063-3902,Public       ,46,168,214,290,729,1019
01254400,FIRST COAST TECHNICAL COLLEGE           ,FL,32084-1921,Public       ,25,118,143,148,512,660
01254401,FIRST COAST TECHNICAL INSTITUTE - PUTNAM,FL,32077-6830,Public       ,0,7,7,20,49,69
01257400,RINGLING SCHOOL OF ART AND DESIGN       ,FL,34234-5895,Private      ,24,11,35,1265,280,1545
01303904,SOUTH UNIVERSITY                        ,FL,33409-5149,Proprietary  ,29,157,186,270,994,1264
01323400,LORENZO WALKER INST OF TECHNOLOGY       ,FL,34104-4405,Public       ,20,57,77,143,314,457
02052002,FLORIDA EDUCATION CENTER - LAUDERHILL   ,FL,33313-5857,Proprietary  ,25,88,113,97,354,451
02089600,CONCORDE CAREER INSTITUTE               ,FL,32211-0000,Proprietary  ,48,192,240,169,921,1090
02089709,HERZING COLLEGE                         ,FL,32792-5509,Proprietary  ,0,11,11,21,54,75
02113606,AMERICAN INTERCONTINENTAL UNIV          ,FL,33324-0000,Proprietary  ,2,15,17,34,124,158
02113609,AMERICAN INTERCONTINENTAL UNIV - WESTON ,FL,33326-3233,Proprietary  ,42,113,155,573,989,1562
02115300,PINELLAS TECHNICAL EDUCATION CENTERS - S,FL,33711-0000,Public       ,27,117,144,111,566,677
02116006,SANFORD-BROWN INSTITUTE - FT. LAUDERDALE,FL,33309-1906,Proprietary  ,40,138,178,264,859,1123
02121800,EVEREST INSTITUTE                       ,FL,33169-4759,Proprietary  ,128,403,531,694,1818,2512
02121801,EVEREST INSTITUTE  - HIALEAH            ,FL,33012-7193,Proprietary  ,12,34,46,12,34,46
02148200,FASHION FOCUS HAIR ACADEMY              ,FL,34231-0000,Proprietary  ,2,12,14,10,35,45
02148300,MANHATTAN BEAUTY SCHOOL                 ,FL,33611-0000,Proprietary  ,36,164,200,119,487,606
02149900,PAUL MITCHELL THE SCHOOL-JACKSONVILLE   ,FL,32205-0000,Proprietary  ,3,8,11,7,41,48
02151900,KEISER  UNIVERSITY                      ,FL,33309-0000,Proprietary  ,543,1734,2277,3404,10787,14191
02156700,FLORIDA CHRISTIAN COLLEGE               ,FL,34744-0000,Private      ,12,23,35,158,138,296
02159600,BAPTIST COLLEGE OF FLORIDA (THE)        ,FL,32440-0000,Private      ,20,18,38,243,271,514
02172700,CONCORDE CAREER INSTITUTE               ,FL,33607-0000,Proprietary  ,25,129,154,149,600,749
02188900,HOBE SOUND BIBLE COLLEGE                ,FL,33475-0000,Private      ,6,4,10,60,40,100
02200100,BRADENTON BEAUTY & BARBER ACADEMY       ,FL,34209-0000,Proprietary  ,14,31,45,25,143,168
02215900,ATI CAREER TRAINING CENTER              ,FL,33309-1785,Proprietary  ,15,40,55,170,433,603
02218700,FLORIDA TECHNICAL COLLEGE               ,FL,32826-2707,Proprietary  ,49,259,308,407,1265,1672
02218707,FLORIDA TECHNICAL COLLEGE - LAKELAND    ,FL,33813-2101,Proprietary  ,0,1,1,0,1,1
02218709,FLORIDA TECHNICAL COLLEGE - DELAND      ,FL,32720-7415,Proprietary  ,0,2,2,0,2,2
02228300,LAKE TECHNICAL CENTER                   ,FL,32726-0000,Public       ,17,78,95,120,368,488
02245500,CENTRAL FLORIDA COLLEGE                 ,FL,32789-4679,Proprietary  ,41,230,271,167,933,1100
02245502,CFC-CAREER TRAINING INSTITUTE - ORLANDO ,FL,32804-0000,Proprietary  ,0,0,0,15,40,55
02245504,CENTRAL FLORIDA  COLLEGE -  LARGO       ,FL,33771-4957,Proprietary  ,0,0,0,34,48,82
02257900,INTERNATIONAL ACADEMY                   ,FL,32119-3541,Proprietary  ,26,74,100,101,246,347
02275100,CONCORDE CAREER INSTITUTE               ,FL,33025-0000,Proprietary  ,17,79,96,94,393,487
02278800,SOUTHWEST FLORIDA COLLEGE               ,FL,33907-0000,Proprietary  ,78,185,263,461,1160,1621
02278801,SOUTHWEST FLORIDA COLLEGE - TAMPA       ,FL,33619-1344,Proprietary  ,40,100,140,249,500,749
02279600,CORTIVA INSTITUTE - FLORIDA             ,FL,33781-0000,Proprietary  ,3,19,22,21,117,138
02280800,NEW ENGLAND INST TECH-PALM BEACH        ,FL,33407-0000,Proprietary  ,103,213,316,631,977,1608
02283800,BEAUTY SCHOOLS OF AMERICA               ,FL,33012-3322,Proprietary  ,61,227,288,238,1101,1339
02286500,ITT TECHNICAL INSTITUTE                 ,FL,33634-7515,Proprietary  ,234,460,694,1143,2046,3189
02287100,LA BELLE BEAUTY SCHOOL                  ,FL,33012-0000,Proprietary  ,8,45,53,31,271,302
02293200,ATI CAREER TRAINING CENTER              ,FL,33309-5916,Proprietary  ,61,214,275,341,916,1257
02293201,ATI CAREER TRAINING CENTER - MIAMI      ,FL,33122-1707,Proprietary  ,0,4,4,13,19,32
02293202,ATI CAREER TAINING CENTER - ATI COLLEGE ,FL,87109-2016,Proprietary  ,36,162,198,198,1121,1319
02293600,ADVANCED TECHNICAL CENTERS              ,FL,33266-1597,Private      ,0,0,0,4,5,9
02297000,CHARLOTTE TECHNICAL CENTER              ,FL,33948-0000,Public       ,16,54,70,89,296,385
02300900,WITHLACOOCHEE TECHNICAL INSTITUTE       ,FL,34450-0000,Public       ,24,59,83,142,344,486
02305700,GULF COAST COLLEGE                      ,FL,33619-0000,Proprietary  ,9,62,71,41,192,233
02305800,FLORIDA CAREER COLLEGE                  ,FL,33012-7028,Proprietary  ,342,589,931,1754,3263,5017
02307400,GEORGE STONE AREA VOCATIONAL TECHNICAL  ,FL,32526-0000,Public       ,23,93,116,91,418,509
02314100,SCHILLER INTERNATIONAL UNIVERSITY       ,FL,33770-3716,Proprietary  ,1,6,7,49,106,155
02316200,MIAMI LAKES TECHNICAL EDUCATION CTR     ,FL,33014-0000,Public       ,27,78,105,206,559,765
02321200,ORANGE TECH EDUC CTR- WESTSIDE TECH     ,FL,34787-0000,Public       ,17,51,68,123,279,402
02325100,KEY COLLEGE                             ,FL,33004-3046,Proprietary  ,2,3,5,22,96,118
02326800,RESORT & SPA SCHOOLS INTERNATIONAL      ,FL,34233-0000,Proprietary  ,8,17,25,49,109,158
02326900,SUNSTATE ACADEMY OF HAIR DESIGN         ,FL,33907-1415,Proprietary  ,20,56,76,65,156,221
02329900,FLORIDA INSTITUTE OF ULTRASOUND         ,FL,32514-0000,Proprietary  ,2,17,19,34,112,146
02337000,SUNCOAST II THE TAMPA BAY SCHOOL OF MASS,FL,33607-3802,Proprietary  ,5,13,18,13,43,56
02338400,FT PIERCE BEAUTY ACADEMY                ,FL,34982-0000,Proprietary  ,17,78,95,67,273,340
02341001,FORTIS COLLEGE - DBA FORTIS INSTITUTE   ,FL,32504-7322,Proprietary  ,2,9,11,17,46,63
02346200,WYOTECH                                 ,FL,32174-1010,Proprietary  ,65,84,149,274,379,653
02362100,FULL SAIL UNIVERSITY                    ,FL,32792-0000,Proprietary  ,860,530,1390,7207,3698,10905
02499000,ACADEMY OF COSMETOLOGY                  ,FL,32953-3311,Proprietary  ,5,24,29,36,118,154
02501500,"O*TEC, MID-FLORIDA TECH                 ",FL,32809-0000,Public       ,29,76,105,223,326,549
02502702,ADVANCED CAREER TRAINING-JACKSONVIL     ,FL,32256-0000,Proprietary  ,17,143,160,65,492,557
02504600,WINTER PARK TECH                        ,FL,32789-0000,Public       ,9,64,73,93,321,414
02508900,TALMUDIC COLLEGE OF FLORIDA             ,FL,33139-0000,Private      ,2,0,2,15,7,22
02511700,RIDGE TECHNICAL CENTER                  ,FL,33881-0000,Public       ,15,60,75,85,328,413
02513200,ORLANDO TECHNICAL CENTER                ,FL,32801-0000,Public       ,34,93,127,195,601,796
02515400,CITY COLLEGE                            ,FL,33309-3073,Private      ,46,157,203,254,993,1247
02517100,SARASOTA SCHOOL OF MASSAGE THERAPY      ,FL,34243-6130,Proprietary  ,7,27,34,33,103,136
02524000,SUNSTATE ACADEMY OF HAIR DESIGN         ,FL,34624-0000,Proprietary  ,24,45,69,77,123,200
02524200,ROBERT MORGAN EDUCATIONAL CENTER        ,FL,33177-0000,Public       ,63,103,166,323,590,913
02547600,FLORIDA NATIONAL COLLEGE                ,FL,33012-0000,Proprietary  ,150,423,573,833,2342,3175
02554200,RADFORD LOCKLIN TECH CENTER             ,FL,32570-0000,Public       ,5,12,17,24,68,92
02573200,LA BELLE BEAUTY ACADEMY                 ,FL,33135-0000,Proprietary  ,11,64,75,21,204,225
02586200,FLORIDA CAREER COLLEGE                  ,FL,33759-3924,Proprietary  ,83,175,258,349,751,1100
02586201,FLORIDA CAREER COLLEGE -                ,FL,33569-2553,Proprietary  ,3,0,3,7,7,14
02597100,HERITAGE INSTITUTE                      ,FL,33912-7132,Proprietary  ,53,174,227,177,555,732
02598200,FLORIDA TECHNICAL CLG JACKSONVILLE      ,FL,32211-5123,Proprietary  ,14,37,51,71,216,287
02599800,EVEREST UNIVERSITY                      ,FL,33759-1359,Proprietary  ,125,630,755,583,3884,4467
02599801,EVEREST UNIVERSITY - TAMPA LAKELAND CAMP,FL,33801-3801,Proprietary  ,7,63,70,7,65,72
02599805,EVEREST UNIVERSITY - JACKSONVILLE       ,FL,32256-0000,Proprietary  ,19,97,116,19,102,121
02601600,HENRY W BREWSTER TECHNICAL CENTER       ,FL,33602-0000,Public       ,11,51,62,53,266,319
02612700,DARLYNE MCGEE'S ACAD OF COSMETOLOGY     ,FL,32905-2805,Proprietary  ,1,33,34,21,101,122
02616400,SANFORD-BROWN INSTITUTE                 ,FL,32256-3520,Proprietary  ,29,125,154,165,664,829
02616401,SANFORD-BROWN INSTITUTE - TAMPA         ,FL,33610-8304,Proprietary  ,37,162,199,184,845,1029
03003200,EVEREST INSTITUTE                       ,FL,33186-1410,Proprietary  ,86,238,324,485,1476,1961
03003201,EVEREST INSTITUTE - FT. LAUDERDALE      ,FL,33304-2522,Proprietary  ,7,25,32,7,26,33
03003600,MCFATTER TECHNICAL CENTER               ,FL,33317-7499,Public       ,32,100,132,177,487,664
03008600,FLORIDA COLLEGE OF NATURAL HEALTH       ,FL,33064-1342,Proprietary  ,46,186,232,227,796,1023
03010608,VIRGINIA COLLEGE - PENSACOLA            ,FL,32501-5650,Proprietary  ,41,233,274,195,1395,1590
03010612,VIRGINIA COLLEGE - GOLF ACADEMY OF AMERI,FL,32701-0000,Proprietary  ,15,19,34,116,114,230
03012300,ASM BEAUTY WORLD ACADEMY                ,FL,33021-0000,Proprietary  ,4,16,20,12,99,111
03018500,BENE'S INTERNATIONAL SCHOOL OF BEAUTY   ,FL,34652-1637,Proprietary  ,18,31,49,62,161,223
03028200,TRINITY COLLEGE OF FLORIDA              ,FL,34655-4401,Private      ,10,17,27,117,111,228
03031400,INTERNATIONAL ACAD OF DESIGN & TECH     ,FL,33634-6313,Proprietary  ,380,761,1141,3131,3786,6917
03031402,INTERNATIONAL ACADEMY OF DESIGN AND TECH,FL,32809-4633,Proprietary  ,27,50,77,539,515,1054
03031403,IADT - ORLANDO CULINARY ACADEMY         ,FL,32819-0000,Proprietary  ,33,38,71,280,275,555
03035800,HERITAGE INSTITUTE                      ,FL,32216-0948,Proprietary  ,23,95,118,80,316,396
03035900,NATIONAL AVIATION ACADEMY               ,FL,33760-3931,Proprietary  ,18,63,81,151,332,483
03037500,HODGES UNIVERSITY                       ,FL,34119-7932,Private      ,44,202,246,380,1743,2123
03054200,TECHNICAL CAREER INSTITUTE              ,FL,33144-2373,Proprietary  ,55,86,141,468,443,911
03071600,COLLEGE OF BUSINESS & TECHNOLOGY        ,FL,33176-1412,Proprietary  ,15,167,182,89,718,807
03071601,COLLEGE OF BUSINESS & TECHNOLOGY -      ,FL,33144-2072,Proprietary  ,1,2,3,9,11,20
03071602,COLLEGE OF BUSINESS & TECHNOLOGY -      ,FL,33012-3436,Proprietary  ,0,0,0,5,8,13
03076402,HIGH-TECH INSTITUTE - ORLANDO           ,FL,32803-3509,Proprietary  ,5,9,14,5,9,14
03079800,GEORGE T BAKER AVIATION                 ,FL,33142-5687,Public       ,17,20,37,128,114,242
03079900,CITY COLLEGE                            ,FL,32707-5342,Private      ,10,35,45,31,160,191
03087600,ITT TECHNICAL INSTITUTE                 ,FL,32746-1607,Proprietary  ,206,465,671,995,1899,2894
03089200,NOUVELLE INSTITUTE                      ,FL,33125-4141,Proprietary  ,10,78,88,30,398,428
03096300,FLORIDA CAREER INSTITUTE                ,FL,33860-0000,Proprietary  ,13,36,49,28,161,189
03099600,MERCY HOSPITAL SCHOOL OF PRACTICAL NSG  ,FL,33133-4237,Private      ,0,4,4,35,88,123
03100800,TAYLOR TECHNICAL INSTITUTE              ,FL,32348-0894,Public       ,4,18,22,25,129,154
03101900,TRINITY BAPTIST COLLEGE                 ,FL,32221-1398,Private      ,12,5,17,181,94,275
03103900,MARION COUNTY COMMUNITY TECH & ADUL     ,FL,34474-3172,Public       ,27,68,95,120,373,493
03108500,EVERGLADES UNIVERSITY                   ,FL,33431-0000,Private      ,14,175,189,112,900,1012
03108600,COM-PU-MED VOCATIONAL CAREERS           ,FL,33012-4861,Proprietary  ,25,153,178,45,463,508
03113400,ACADEMY OF HEALING ARTS                 ,FL,33463-2113,Proprietary  ,3,18,21,22,63,85
03114700,PRAXIS INSTITUTE                        ,FL,33135-2657,Proprietary  ,3,82,85,18,345,363
03115500,FLORIDA HOSPITAL COLG OF HEALTH SCI     ,FL,32803-1237,Private      ,47,228,275,657,1550,2207
03123900,KEISER CAREER INSTITUTE                 ,FL,33413-0000,Proprietary  ,51,187,238,316,1032,1348
03125600,MIAMI AD SCHOOL                         ,FL,33139-5203,Proprietary  ,12,33,45,71,262,333
03127900,TECHNICAL EDUCATION CTR OSCEOLA         ,FL,34744-4459,Public       ,16,69,85,113,358,471
03139600,DELTA CONNECTION ACADEMY                ,FL,32773-9683,Proprietary  ,2,16,18,39,81,120
03158300,LEE COUNTY HIGH TECH CENTER NORTH       ,FL,33993-2479,Public       ,17,57,74,75,210,285
03178400,CORAL RIDGE NURSES ASST TRAINING        ,FL,33306-0000,Proprietary  ,0,3,3,3,19,22
03224300,NEW PROFESSIONS TECHNICAL INSTITUTE     ,FL,33134-1640,Proprietary  ,14,97,111,44,386,430
03230300,OKALOOSA APPLIED TECHNOLOGY CENTER      ,FL,32547-1299,Public       ,7,57,64,63,290,353
03238300,FLORIDA COLLEGE OF INTEGRATIVE MED      ,FL,32809-5721,Proprietary  ,0,20,20,14,156,170
03255300,FLORIDA GULF COAST UNIVERSITY           ,FL,33965-6565,Public       ,188,193,381,5663,2430,8093
03256300,YESHIVA GEDOLAH RABBINICAL COLLEGE      ,FL,33139-4708,Private      ,6,0,6,8,3,11
03346300,ACAD FOR PRAC NURSING & HEALTH OCCP     ,FL,33417-4574,Private      ,12,80,92,72,470,542
03348400,PROFESSIONAL TRAINING CENTERS           ,FL,33184-0000,Proprietary  ,11,33,44,100,483,583
03370300,AUDIO RECORDING TECHNOLOGY INSTITUTE    ,FL,32811-0000,Proprietary  ,5,14,19,57,69,126
03373300,BEACON COLLEGE                          ,FL,34748-5224,Private      ,3,2,5,61,34,95
03374300,FLORIDA COASTAL SCHOOL OF LAW           ,FL,32256-0000,Proprietary  ,1,50,51,14,2124,2138
03382300,BRADFORD-UNION AREA CAREERTECHNICAL CENT,FL,32091-2434,Public       ,5,19,24,24,137,161
03390300,LINCOLN TECHNICAL INSTITUTE             ,FL,32730-2351,Proprietary  ,15,116,131,73,539,612
03411400,INTERNATIONAL TRAINING CAREERS          ,FL,33155-1462,Private      ,14,59,73,33,235,268
03414500,SOUTHEAST INSTITUTE OF ORIENTAL MED     ,FL,33176-1509,Proprietary  ,3,23,26,12,107,119
03425400,CENTRAL FLORIDA INSTITUTE               ,FL,34684-4436,Proprietary  ,26,117,143,142,512,654
03429600,ATLANTIC INST OF ORIENTAL MEDICINE      ,FL,33316-0000,Private      ,0,10,10,6,88,94
03429700,EAST WEST COLLG OF NATURAL MEDICINE     ,FL,34236-4959,Proprietary  ,0,3,3,4,122,126
03433400,NEW CONCEPT MASSAGE AND BEAUTY SCHO     ,FL,33135-0000,Proprietary  ,2,18,20,6,51,57
03434300,FORTIS COLLEGE                          ,FL,32073-2999,Proprietary  ,35,125,160,125,518,643
03434301,FORTIS COLLEGE - FORTIS INSTITUTE       ,FL,32216-4933,Proprietary  ,0,0,0,3,4,7
03459400,SAINT PETERSBURG THEOLOGICAL SEMINA     ,FL,33708-3116,Private      ,1,2,3,4,38,42
03480302,MEDVANCE INSTITUTE - STUART             ,FL,34994-3000,Proprietary  ,1,2,3,9,23,32
03491400,AMERICAN ADVANCED TECHNICIANS INST      ,FL,33014-4430,Proprietary  ,10,19,29,26,52,78
03524300,ACADEMY FOR FIVE ELEMENT ACUPUNCTURE    ,FL,32601-6811,Private      ,0,3,3,0,53,53
03549300,ULTIMATE MEDICAL ACADEMY                ,FL,33756-5802,Proprietary  ,43,250,293,112,702,814
03553300,KEISER CAREER COLLEGE                   ,FL,32216-0000,Proprietary  ,6,16,22,15,51,66
03557300,NORTH FLORIDA COSMETOLOGY INSTITUTE     ,FL,32312-0000,Proprietary  ,7,16,23,42,105,147
03564300,SUPERIOR CAREER INSTITUTE               ,FL,33311-1141,Proprietary  ,3,32,35,4,40,44
03570400,ENGLISH CENTER (THE)                    ,FL,33133-2703,Public       ,3,23,26,17,143,160
03595400,ANGLEY COLLEGE                          ,FL,32720-4257,Proprietary  ,6,28,34,20,115,135
03611400,FLORIDA BARBER ACADEMY                  ,FL,33441-0000,Proprietary  ,3,17,20,9,47,56
03618300,FLORIDA INSTITUTE OF ANIMAL ARTS        ,FL,32792-1740,Proprietary  ,10,33,43,52,121,173
03627400,JACKSONVILLE BEAUTY INSTITUTE           ,FL,32208-1885,Proprietary  ,7,92,99,25,247,272
03627600,FLORIDA EDUCATION INSTITUTE             ,FL,33144-5036,Proprietary  ,4,92,96,24,238,262
03661400,SOUTH FLORIDA INSTITUTE OF TECHNOLO     ,FL,33135-0000,Proprietary  ,15,115,130,51,354,405
03691400,AVE MARIA SCHOOL OF LAW                 ,FL,34119-1376,Private      ,0,5,5,3,587,590
03696400,SABER                                   ,FL,33134-1604,Private      ,2,76,78,5,179,184
03706300,AMERICAN INSTITUTE                      ,FL,33319-5613,Proprietary  ,21,74,95,82,320,402
03757300,ADVANCE SCIENCE INSTITUTE               ,FL,33012-0000,Proprietary  ,4,37,41,25,127,152
03801400,BEAUTY INSTITUTE (THE)                  ,FL,33409-2972,Proprietary  ,4,43,47,25,120,145
03801401,BEAUTY INSTITUTE (THE) - MARGATE        ,FL,33068-5704,Proprietary  ,0,0,0,0,2,2
03816300,ARTISTIC NAILS & BEAUTY ACADEMY         ,FL,33605-5919,Proprietary  ,13,41,54,46,168,214
03823300,FLORIDA ACADEMY OF HEALTH & BEAUTY      ,FL,33311-0000,Proprietary  ,4,8,12,9,32,41
03832300,DADE MEDICAL COLLEGE                    ,FL,33126-5534,Proprietary  ,20,107,127,80,343,423
03842500,CAMBRIDGE INSTITUTE OF ALLIED HEALTH    ,FL,32750-0000,Proprietary  ,5,26,31,15,88,103
03856300,UNIVERSAL BEAUTY SCHOOL                 ,FL,33174-4406,Proprietary  ,3,34,37,16,160,176
03866300,GALIANO CAREER ACADEMY                  ,FL,32701-0000,Proprietary  ,24,104,128,92,458,550
03875300,MEDICAL CAREER INSTITUTE OF SOUTH FLORID,FL,33407-2103,Proprietary  ,14,89,103,52,284,336
03888300,DRAGON RISES COLLEGE OF ORIENTAL MEDICIN,FL,32601-5089,Proprietary  ,0,4,4,4,35,39
03903500,SOUTHERN TECHNICAL COLLEGE              ,FL,32809-0000,Proprietary  ,10,43,53,48,126,174
03906300,CAREER INSTITUTE OF FLORIDA             ,FL,33773-3434,Proprietary  ,8,78,86,27,261,288
03911300,TOTAL INTERNATIONAL CAREER INSTITUTE    ,FL,33012-0000,Proprietary  ,1,19,20,5,49,54
03939300,WOLFORD COLLEGE                         ,FL,34108-1931,Private      ,0,39,39,0,119,119
03939400,CENTURA INSTITUTE                       ,FL,32807-3566,Proprietary  ,9,17,26,31,152,183
03939600,DAYTONA COLLEGE                         ,FL,32174-8445,Proprietary  ,2,10,12,12,66,78
03941300,AVE MARIA UNIVERSITY                    ,FL,34142-9505,Private      ,25,5,30,424,72,496
03957400,NEW COLLEGE OF FLORIDA                  ,FL,34243-2109,Public       ,22,10,32,863,114,977
03985300,COMMERCIAL DIVING ACADEMY               ,FL,32208-0000,Proprietary  ,18,65,83,87,290,377
03985400,SPACE COAST HEALTH INSTITUTE            ,FL,32904-8771,Proprietary  ,1,6,7,16,53,69
03986300,AVIATOR COLLEGE OF AERONAUTICAL SCIENCE ,FL,34946-9022,Proprietary  ,0,6,6,12,34,46
04016500,AMERICAN INSTITUTE OF BEAUTY            ,FL,33773-0000,Proprietary  ,9,39,48,26,112,138
04029300,TRENDSETTERS OF FLORIDA SCHOOL OF BEAUTY,FL,32205-0000,Proprietary  ,1,8,9,12,70,82
04058300,HEALTH OPPORTUNITY TECHNICAL CENTER     ,FL,33169-4517,Proprietary  ,1,29,30,5,152,157
04105400,PENSACOLA SCHOOL OF MASSAGE THERAPY & HE,FL,32504-7337,Proprietary  ,1,17,18,21,73,94
04106300,PALM BEACH ACADEMY OF HEALTH & BEAUTY   ,FL,33403-2130,Proprietary  ,4,12,16,16,55,71
04116600,TAYLOR COLLEGE                          ,FL,34420-8714,Proprietary  ,3,22,25,14,107,121
04119400,AVEDA INSTITUTE - SAINT PETERSBURG      ,FL,33701-4242,Proprietary  ,12,15,27,36,37,73
04119500,LANE INSTITUTE OF HEALTH SCIENCES       ,FL,32780-2898,Private      ,0,0,0,2,0,2
04120400,HI-TECH SCHOOL OF COSMETOLOGY           ,FL,33174-0000,Proprietary  ,11,12,23,29,34,63
04120500,ACADEMY OF PROFESSIONAL CAREERS         ,FL,32792-4433,Proprietary  ,7,17,24,7,17,24
04126900,ACADEMY OF CAREER TRAINING              ,FL,34741-4644,Proprietary  ,0,2,2,0,2,2
04127400,DIGITAL MEDIA ARTS COLLEGE              ,FL,33431-5919,Proprietary  ,2,0,2,2,0,2
04130400,SHEAR EXCELLENCE INTERNATIONAL HAIR ACAD,FL,33614-2783,Private      ,1,13,14,1,13,14
04133500,ACADEMY FOR FIVE ELEMENT ACUPUNCTURE    ,FL,32601-6811,Private      ,0,1,1,0,1,1
00160500,CHAMINADE UNIV OF HONOLULU              ,HI,96816-1578,Private      ,43,126,169,1227,1365,2592
00160600,BRIGHAM YOUNG UNIV-HAWAII CAMPUS        ,HI,96762-1294,Private      ,67,43,110,809,601,1410
00161000,UNIVERSITY OF HAWAII AT MANOA           ,HI,96822-2399,Public       ,250,309,559,8325,6162,14487
00161100,UNIVERSITY OF HAWAII AT HILO            ,HI,96720-4091,Public       ,70,74,144,2307,1451,3758
00161200,HONOLULU COMMUNITY COLLEGE              ,HI,96817-4598,Public       ,74,132,206,994,1095,2089
00161300,KAPIOLANI COMMUNITY COLLEGE             ,HI,96816-4421,Public       ,107,188,295,1585,1646,3231
00161400,KAUAI COMMUNITY COLLEGE                 ,HI,96766-9591,Public       ,14,35,49,212,307,519
00161500,MAUI COMMUNITY COLLEGE                  ,HI,96732-1644,Public       ,69,179,248,784,1085,1869
00454900,LEEWARD COMMUNITY COLLEGE               ,HI,96782-3393,Public       ,106,186,292,1236,1463,2699
00525800,HAWAII COMMUNITY COLLEGE                ,HI,96720-4075,Public       ,64,131,195,836,1031,1867
00723401,HEALD COLLEGE - HONOLULU                ,HI,96814-0000,Proprietary  ,90,139,229,654,785,1439
00727900,HAWAII PACIFIC UNIVERSITY               ,HI,96813-2882,Private      ,108,230,338,3122,2835,5957
00777500,HOLLYWOOD BEAUTY COLLEGE                ,HI,96701-4100,Proprietary  ,0,1,1,24,37,61
01122000,WINDWARD COMMUNITY COLLEGE              ,HI,96744-0000,Public       ,41,93,134,441,613,1054
02100300,MED-ASSIST SCHOOL OF HAWAII             ,HI,96813-0000,Proprietary  ,10,19,29,59,105,164
02107800,UNIVERSITY OF HAWAII - WEST OAHU        ,HI,96782-0000,Public       ,18,57,75,278,623,901
02139500,HAWAII INSTITUTE OF HAIR DESIGN         ,HI,96817-5195,Proprietary  ,6,19,25,29,75,104
02208704,SAN DIEGO GOLF ACADEMY - THE GOLF ACADEM,HI,96744-3724,Proprietary  ,0,1,1,10,15,25
02321300,HAWAI'I THEOLOGICAL SEMINARY            ,HI,96817-0000,Private      ,0,1,1,2,8,10
03017800,TRAVEL INSTITUTE OF THE PACIFIC         ,HI,96814-1946,Proprietary  ,3,38,41,24,141,165
03020800,NEW YORK TECHNICAL INST OF HAWAII       ,HI,96817-4415,Proprietary  ,4,3,7,14,29,43
03072500,WORLD MEDICINE INSTITUTE                ,HI,96826-0000,Private      ,1,1,2,8,61,69
03649300,HAWAII TECHNOLOGY INSTITUTE             ,HI,96813-3036,Private      ,3,9,12,12,31,43
03735300,INST OF CLINICAL ACUPUNCTURE & ORIENT MD,HI,96813-2307,Proprietary  ,1,4,5,1,28,29
03999400,TRADITIONAL CHINESE MEDICAL COLLEGE OF H,HI,96743-8324,Private      ,0,1,1,0,25,25
00161600,BOISE STATE UNIVERSITY                  ,ID,83725-1000,Public       ,372,865,1237,8476,9616,18092
00161700,"COLLEGE OF IDAHO, THE                   ",ID,83605-4432,Private      ,28,15,43,1083,182,1265
00161900,COLLEGE OF SOUTHERN IDAHO               ,ID,83301-0000,Public       ,153,327,480,1923,2583,4506
00162000,IDAHO STATE UNIVERSITY                  ,ID,83209-5377,Public       ,210,611,821,3976,7353,11329
00162100,LEWIS-CLARK STATE COLLEGE               ,ID,83501-2698,Public       ,43,136,179,1700,1688,3388
00162300,NORTH IDAHO COLLEGE                     ,ID,83814-2199,Public       ,148,253,401,1847,2200,4047
00162400,NORTHWEST NAZARENE UNIVERSITY           ,ID,83686-5897,Private      ,28,112,140,1145,928,2073
00162500,BRIGHAM YOUNG UNIVERSITY-IDAHO          ,ID,83460-1650,Private      ,932,981,1913,6185,5388,11573
00162600,UNIVERSITY OF IDAHO                     ,ID,83844-4291,Public       ,152,189,341,7380,3748,11128
00455300,ITT TECHNICAL INSTITUTE                 ,ID,83713-1529,Proprietary  ,114,278,392,571,1162,1733
00987300,MR JUAN'S CLG OF HAIR DESIGN            ,ID,83301-4154,Proprietary  ,2,6,8,21,32,53
01113300,EASTERN IDAHO TECHNICAL COLLEGE         ,ID,83404-5788,Public       ,29,107,136,220,773,993
02210700,CAREER BEAUTY COLLEGE                   ,ID,83440-0000,Proprietary  ,3,11,14,27,44,71
02218000,APOLLO COLLEGE                          ,ID,83704-0000,Proprietary  ,47,224,271,276,849,1125
02234500,BOISE BIBLE COLLEGE                     ,ID,83714-1220,Private      ,3,10,13,163,72,235
02275800,MR LEONS SCHOOL OF HAIR DESIGN          ,ID,83843-8384,Proprietary  ,4,8,12,20,49,69
02314000,SCHOOL OF HAIRSTYLING (THE)             ,ID,83202-0000,Proprietary  ,2,7,9,34,64,98
02319800,HEADMASTERS SCHOOL OF HAIR DESIGN       ,ID,83814-0000,Proprietary  ,15,28,43,101,145,246
02349200,HEADMASTERS SCHOOL OF HAIR DESIGN       ,ID,83501-0000,Proprietary  ,3,8,11,13,35,48
02559500,RAZZLE DAZZLE CLG OF HAIR DESIGN        ,ID,83686-5104,Proprietary  ,5,28,33,17,86,103
02607100,SCOT LEWIS SCHOOLS                      ,ID,83709-1662,Proprietary  ,14,32,46,86,130,216
03098700,ACADEMY OF COURT REPORTING              ,ID,83704-8320,Proprietary  ,47,153,200,187,716,903
03832400,COSMETOLOGY SCHOOL OF ARTS & SCIENCES   ,ID,83318-1327,Proprietary  ,1,3,4,12,41,53
00163200,AQUINAS INSTITUTE OF THEOLOGY           ,MO,63108-3323,Private      ,0,5,5,0,65,65
00244900,AVILA COLLEGE                           ,MO,64145-1698,Private      ,16,89,105,865,1009,1874
00245000,CALVARY BIBLE COLLEGE                   ,MO,64147-1341,Private      ,6,8,14,177,152,329
00245200,CENTRAL BIBLE COLLEGE                   ,MO,65803-1096,Private      ,18,14,32,530,287,817
00245300,CENTRAL METHODIST UNIVERSITY            ,MO,65248-1198,Private      ,19,30,49,1136,502,1638
00245301,CENTRAL METHODIST UNIVERSITY            ,MO,63601-0000,Private      ,2,13,15,59,166,225
00245302,CENTRAL METHODIST UNIVERSITY- UNION     ,MO,63084-0000,Private      ,0,2,2,24,44,68
00245400,UNIVERSITY OF CENTRAL MISSOURI          ,MO,64093-5178,Public       ,163,275,438,6516,3502,10018
00245600,COLUMBIA COLLEGE                        ,MO,65216-4581,Private      ,142,1017,1159,2253,10573,12826
00245700,CONCORDIA SEMINARY                      ,MO,63105-3199,Private      ,0,4,4,2,611,613
00245800,COTTEY COLLEGE                          ,MO,64772-2790,Private      ,3,3,6,339,36,375
00245900,CROWDER COLLEGE                         ,MO,64850-9165,Public       ,76,200,276,1345,1745,3090
00246000,CULVER STOCKTON COLLEGE                 ,MO,63435-1299,Private      ,16,8,24,1089,174,1263
00246100,DRURY UNIVERSITY                        ,MO,65802-3791,Private      ,76,311,387,2004,2992,4996
00246200,EDEN THEOLOGICAL SEMINARY               ,MO,63119-0000,Private      ,0,3,3,1,103,104
00246300,EVANGEL UNIVERSITY                      ,MO,65802-2125,Private      ,38,40,78,1699,576,2275
00246400,FONTBONNE UNIVERSITY                    ,MO,63105-3098,Private      ,30,308,338,1158,2386,3544
00246600,HARRIS-STOWE STATE COLLEGE              ,MO,63103-2199,Public       ,73,133,206,1273,1602,2875
00246700,CONCEPTION SEMINARY COLLEGE             ,MO,64433-0000,Private      ,2,1,3,30,13,43
00246800,JEFFERSON COLLEGE                       ,MO,63050-2441,Public       ,117,225,342,2035,1725,3760
00247100,ST LOUIS COMMUNITY COLLEGE              ,MO,63102-0000,Public       ,590,1540,2130,7175,10965,18140
00247104,SAINT LOUIS COMMUNITY COLLEGE - WILDWOOD,MO,63040-1168,Public       ,11,21,32,11,21,32
00247300,KANSAS CITY ART INSTITUTE               ,MO,64111-1874,Private      ,18,10,28,862,196,1058
00247400,KANSAS CITY UNIV OF MED & BIOSCIENCES   ,MO,64106-0000,Private      ,0,4,4,20,1056,1076
00247600,KENRICK-GLENNON SEMINARY                ,MO,63119-0000,Private      ,1,0,1,6,4,10
00247700,A.T. STILL UNIV OF HEALTH SCIENCES      ,MO,63501-0000,Private      ,0,82,82,5,2144,2149
00247900,LINCOLN UNIVERSITY                      ,MO,65101-3500,Public       ,74,104,178,2237,1364,3601
00248000,LINDENWOOD UNIVERSITY                   ,MO,63301-1695,Private      ,101,607,708,3835,5284,9119
00248200,MARYVILLE UNIVERSITY                    ,MO,63141-7299,Private      ,43,145,188,1980,1693,3673
00248400,METROPOLITAN COMMUNITY COLLEGE          ,MO,64111-2408,Public       ,610,1341,1951,6535,9052,15587
00248500,MIDWESTERN BAPTIST THEOL SEMINARY       ,MO,64118-4697,Private      ,5,20,25,61,223,284
00248600,MINERAL AREA COLLEGE                    ,MO,63601-1000,Public       ,83,216,299,1377,1563,2940
00248800,MISSOURI SOUTHERN STATE UNIVERSITY      ,MO,64801-1595,Public       ,94,228,322,2841,2862,5703
00248900,MISSOURI VALLEY COLLEGE                 ,MO,65340-3197,Private      ,23,19,42,1420,336,1756
00249000,MISSOURI WESTERN STATE UNIVERSITY       ,MO,64507-2294,Public       ,137,146,283,3603,1908,5511
00249100,MOBERLY AREA COMMUNITY COLLEGE          ,MO,65270-1304,Public       ,131,213,344,1907,1795,3702
00249400,NAZARENE THEOLOGICAL SEMINARY           ,MO,64131-1246,Private      ,0,16,16,1,155,156
00249500,TRUMAN STATE UNIVERSITY                 ,MO,63501-4221,Public       ,73,21,94,4698,424,5122
00249600,NORTHWEST MISSOURI STATE UNIV           ,MO,64468-6001,Public       ,76,69,145,5396,1063,6459
00249800,PARK UNIVERSITY                         ,MO,64152-3795,Private      ,49,674,723,1168,6815,7983
00249900,ROCKHURST UNIVERSITY                    ,MO,64110-2561,Private      ,15,110,125,1909,1190,3099
00250000,COLLEGE OF THE OZARKS                   ,MO,65726-2502,Private      ,48,12,60,2521,261,2782
00250100,SOUTHEAST MISSOURI STATE UNIV           ,MO,63701-4799,Public       ,144,269,413,6349,3242,9591
00250200,SOUTHWEST BAPTIST UNIVERSITY            ,MO,65613-2597,Private      ,51,125,176,1906,1334,3240
00250300,MISSOURI STATE UNIVERSITY               ,MO,65897-0094,Public       ,269,454,723,11452,5708,17160
00250400,ST LOUIS COLLEGE OF PHARMACY            ,MO,63110-1088,Private      ,9,4,13,742,433,1175
00250600,SAINT LOUIS UNIVERSITY                  ,MO,63103-2097,Private      ,91,196,287,7379,5269,12648
00250602,SAINT LOUIS UNIV SCH MEDICINE           ,MO,63104-0000,Private      ,0,0,0,119,478,597
00250900,SAINT PAUL SCHOOL OF THEOLOGY           ,MO,64127-2499,Private      ,0,5,5,1,170,171
00251200,STEPHENS COLLEGE                        ,MO,65215-0001,Private      ,22,26,48,869,349,1218
00251400,NORTH CENTRAL MISSOURI COLLEGE          ,MO,64683-1824,Public       ,14,70,84,613,709,1322
00251600,UNIVERSITY OF MISSOURI-COLUMBIA         ,MO,65211-1600,Public       ,300,264,564,16933,6294,23227
00251700,MISSOURI UNIVERSITY OF SCIENCE & TECHNOL,MO,65409-0250,Public       ,62,57,119,3910,990,4900
00251800,UNIVERSITY OF MISSOURI-KANSAS CITY      ,MO,64110-2497,Public       ,166,406,572,5376,7297,12673
00251900,UNIVERSITY OF MISSOURI-ST LOUIS         ,MO,63121-4499,Public       ,208,476,684,4799,7229,12028
00252000,WASHINGTON UNIVERSITY                   ,MO,63130-4899,Private      ,105,130,235,10107,4307,14414
00252001,WASHINGTON UNIV-SCHOOL OF MEDICINE      ,MO,63110-0000,Private      ,3,11,14,46,1093,1139
00252100,WEBSTER UNIVERSITY                      ,MO,63119-3194,Private      ,70,1013,1083,2950,11499,14449
00252200,WENTWORTH MILITARY ACADEMY              ,MO,64067-1799,Private      ,10,15,25,121,170,291
00252300,WESTMINSTER COLLEGE                     ,MO,65251-1299,Private      ,9,11,20,878,76,954
00252400,WILLIAM JEWELL COLLEGE                  ,MO,64068-1896,Private      ,29,20,49,1390,226,1616
00252500,WILLIAM WOODS UNIVERSITY                ,MO,65251-2388,Private      ,7,347,354,799,1965,2764
00405704,NATIONAL AMERICAN UNIVERSITY            ,MO,64057-1791,Proprietary  ,5,28,33,43,294,337
00441300,ST JOHNS HOSP SCH RAD TECH              ,MO,65802-0000,Private      ,1,4,5,31,52,83
00470300,LOGAN COLLEGE OF CHIROPRACTIC           ,MO,63006-1065,Private      ,1,50,51,78,1181,1259
00470700,COVENANT THEOLOGICAL SEMINARY           ,MO,63141-8697,Private      ,0,15,15,0,452,452
00471100,LINN STATE TECHNICAL COLLEGE            ,MO,65051-9607,Public       ,26,26,52,863,257,1120
00471300,THREE RIVERS COMMUNITY COLLEGE          ,MO,63901-2393,Public       ,102,261,363,1442,2077,3519
00528800,KIRKSVILLE AREA TECHNICAL CENTER        ,MO,63501-0000,Public       ,0,2,2,15,52,67
00528900,WAYNESVILLE TECHNICAL ACADEMY           ,MO,65583-0000,Public       ,1,6,7,22,73,95
00542400,SOUTH CENTRAL CAREER CENTER             ,MO,65775-3334,Public       ,10,38,48,17,99,116
00542600,SIKESTON CAREER AND TECHNOLOGY CTR      ,MO,63801-0000,Public       ,1,9,10,26,125,151
00542900,ROLLA TECHNICAL INSTITUTE               ,MO,65401-3601,Public       ,6,31,37,149,291,440
00543000,POPLAR BLUFF TECHNICAL CAREER CNTR      ,MO,63901-0000,Public       ,4,5,9,25,93,118
00543800,SALINE COUNTY CAREER CENTER             ,MO,65340-0000,Public       ,0,2,2,20,56,76
00544500,TRUMAN MEDICAL CENTER SCHOOL OF NURSE AN,MO,64108-2677,Private      ,0,5,5,19,55,74
00553100,GRAND RIVER TECHNICAL SCHOOL            ,MO,64601-1299,Public       ,0,3,3,47,32,79
00553200,CAPE GIRARDEAU CAREER & TECHNOLOGY CENTE,MO,63703-7511,Public       ,4,14,18,74,225,299
00638500,CHAMBERLAIN COLLEGE OF NURSING          ,MO,63139-3297,Proprietary  ,19,397,416,306,1945,2251
00638900,BARNES JEWISH COLLEGE OF NURSING AND ALL,MO,63110-1091,Private      ,8,58,66,160,522,682
00666600,LUTHERAN  SCHOOL OF NURSING             ,MO,63118-3909,Proprietary  ,7,23,30,55,268,323
00754000,MISSOURI BAPTIST UNIVERSITY             ,MO,63141-8698,Private      ,52,185,237,1072,1455,2527
00755700,ITT TECHNICAL INSTITUTE                 ,MO,63045-1122,Proprietary  ,317,614,931,1387,2395,3782
00808000,STATE FAIR COMMUNITY COLLEGE            ,MO,65301-0000,Public       ,107,228,335,1539,1704,3243
00826900,HILLYARD TECHNICAL CENTER               ,MO,64506-0000,Public       ,2,7,9,67,113,180
00855200,PATRICIA STEVENS COLLEGE                ,MO,63102-2334,Proprietary  ,10,22,32,64,115,179
00860600,TRI-COUNTY TECHNICAL SCHOOL             ,MO,65026-0000,Public       ,2,15,17,9,44,53
00886200,EAST CENTRAL COLLEGE                    ,MO,63084-0529,Public       ,71,179,250,1492,1272,2764
00908900,HANNIBAL-LAGRANGE COLLEGE               ,MO,63401-1999,Private      ,15,27,42,662,441,1103
00952000,NATIONAL ACADEMY OF BEAUTY ARTS         ,MO,63128-1307,Proprietary  ,37,56,93,168,279,447
00959000,INDEPENDENCE COLLEGE OF COSMETOLOGY     ,MO,64055-1105,Proprietary  ,11,18,29,47,77,124
00960700,HOUSE OF HEAVILIN BEAUTY COLLEGE        ,MO,64110-2826,Proprietary  ,2,15,17,15,60,75
00978200,SAINT LUKE'S COLLEGE                    ,MO,64114-3237,Private      ,3,9,12,80,121,201
00979500,MISSOURI COLLEGE                        ,MO,63144-2901,Proprietary  ,44,126,170,359,743,1102
01014814,COLORADO TECHNL UNIV NORTH KANSAS CITY  ,MO,64116-3614,Proprietary  ,15,106,121,210,853,1063
01027900,HICKEY COLLEGE                          ,MO,63146-0000,Proprietary  ,20,14,34,321,152,473
01040500,PINNACLE CAREER INSTITUTE               ,MO,64131-3367,Proprietary  ,27,217,244,142,792,934
01102600,WARRENSBURG AREA VOC TECH SCH           ,MO,64093-0000,Public       ,0,2,2,25,46,71
01173500,PIKE/LINCOLN TECHNICAL CENTER           ,MO,63344-0000,Public       ,1,1,2,27,46,73
01212000,ASSEMBLIES OF GOD THEO. SEMINARY        ,MO,65802-0000,Private      ,0,25,25,8,283,291
01250000,RANKEN TECHNICAL COLLEGE                ,MO,63113-2811,Private      ,76,98,174,1092,728,1820
01258000,ST LOUIS CHRISTIAN COLLEGE              ,MO,63033-6499,Private      ,8,12,20,171,193,364
01320800,BAPTIST BIBLE COLLEGE                   ,MO,65803-3498,Private      ,19,18,37,425,249,674
02056100,FOUR RIVERS CAREER CENTER               ,MO,63090-0000,Public       ,0,0,0,12,33,45
02066900,NICHOLS CAREER CENTER                   ,MO,65101-2814,Public       ,0,1,1,47,91,138
02068200,COX HEALTH - COX COLLEGE                ,MO,65802-0000,Private      ,6,45,51,149,510,659
02068202,COX HEALTH - RADIOLOGIC TECHNOLOGY      ,MO,65802-0000,Private      ,1,9,10,27,63,90
02068204,COX HEALTH - MEDICAL TECHNOLOGY         ,MO,65807-0000,Private      ,1,1,2,9,18,27
02073600,KENNETT CAREER & TECHNOLOGY CENTER      ,MO,63857-0000,Public       ,0,3,3,9,55,64
02090400,BOONSLICK TECHNICAL EDUCATION CTR       ,MO,65233-0000,Public       ,0,0,0,11,30,41
02121100,MIDWEST INSTITUTE                       ,MO,63122-0000,Proprietary  ,7,46,53,48,211,259
02124500,FRANKLIN TECHNOLOGY CENTER              ,MO,64801-0000,Public       ,6,16,22,89,286,375
02142200,LEX LA RAY TECHNICAL CENTER             ,MO,64067-0000,Public       ,0,0,0,24,40,64
02151000,HANNIBAL CAREER AND TECHNICAL CENTE     ,MO,63401-2285,Public       ,1,1,2,18,70,88
02154900,MISSOURI SCH OF BARB & HAIR             ,MO,63031-0000,Proprietary  ,0,0,0,11,28,39
02164200,FOREST INST PROFESSIONAL PSYCHOLOGY     ,MO,65807-0000,Private      ,0,9,9,2,261,263
02165900,CHILLICOTHE BEAUTY ACADEMY              ,MO,64601-0000,Proprietary  ,2,1,3,8,28,36
02180200,METRO BUSINESS COLLEGE                  ,MO,63701-0000,Proprietary  ,21,79,100,141,567,708
02188000,NORTHWEST TECHNICAL SCHOOL              ,MO,64468-0000,Public       ,0,0,0,2,3,5
02188100,NORTHLAND CAREER CENTER                 ,MO,64079-8333,Public       ,0,1,1,7,59,66
02202700,OZARK CHRISTIAN COLLEGE                 ,MO,64801-0000,Private      ,22,11,33,498,177,675
02203400,NEVADA REGIONAL TECHNICAL CENTER        ,MO,64772-0000,Public       ,1,2,3,18,65,83
02205200,SANFORD-BROWN COLLEGE                   ,MO,63026-7305,Proprietary  ,116,461,577,721,2879,3600
02205203,SANFORD BROWN COLLEGE-ST. PETERS        ,MO,63301-4042,Proprietary  ,25,149,174,239,842,1081
02205205,SANFORD BROWN COLLEGE-HAZELWOOD         ,MO,63042-2708,Proprietary  ,13,135,148,186,918,1104
02214500,SALEM COLLEGE OF HAIRSTYLING            ,MO,65401-0000,Proprietary  ,1,2,3,6,44,50
02239200,ALLIED COLLEGE - NORTH                  ,MO,63043-0000,Proprietary  ,140,257,397,753,1386,2139
02239202,ALLIED COLLEGE - METRO SOUTH            ,MO,63026-0000,Proprietary  ,1,5,6,1,5,6
02242800,GIBSON TECHNICAL CENTER                 ,MO,65737-0169,Public       ,0,1,1,5,45,50
02250600,EVEREST COLLEGE                         ,MO,65807-2446,Proprietary  ,77,239,316,481,1619,2100
02263106,HIGH-TECH INSTITUTE - KANSAS CITY       ,MO,64114-0000,Proprietary  ,2,6,8,2,6,8
02263400,LAKE CAREER AND TECHNICAL CENTER        ,MO,65020-0000,Public       ,0,3,3,14,13,27
02266400,CENTRAL CHRISTIAN CLG OF THE BIBLE      ,MO,65270-0000,Private      ,6,13,19,323,205,528
02277500,HOUSE OF HEAVILIN OF BLUE SPRINGS       ,MO,64014-3953,Proprietary  ,5,8,13,37,69,106
02289200,COLUMBIA AREA CAREER CENTER             ,MO,65203-0000,Public       ,3,11,14,48,139,187
02295700,MISSOURI BEAUTY ACADEMY                 ,MO,63640-1827,Proprietary  ,0,0,0,21,46,67
02295701,"MISSOURI BEAUTY ACADEMY, LLC - CRYSTAL C",MO,63019-1724,Proprietary  ,0,0,0,1,1,2
02300105,EVEREST COLLEGE - EARTH CITY            ,MO,63045-1100,Proprietary  ,7,26,33,7,26,33
02304000,MISSOURI TECH                           ,MO,63132-0000,Proprietary  ,9,23,32,46,81,127
02309100,AMERICAN COLLEGE OF HAIR DESIGN         ,MO,65301-2144,Proprietary  ,5,6,11,26,35,61
02311100,ABBOTT ACADEMY OF COSMETIC ARTS/SCI     ,MO,63376-0000,Proprietary  ,0,9,9,15,25,40
02313000,CASS CAREER CENTER                      ,MO,64701-0000,Public       ,1,2,3,14,39,53
02340500,ST LOUIS COLLEGE OF HEALTH CAREERS      ,MO,63110-0000,Proprietary  ,9,129,138,67,476,543
02340501,ST LOUIS COLLEGE OF HEALTH              ,MO,63129-0000,Proprietary  ,0,1,1,6,12,18
02342100,CAREER & TECHNOLOGY CTR AT FT OSAGE     ,MO,64058-0000,Public       ,0,0,0,8,5,13
02361600,CONCORDE CAREER COLLEGE                 ,MO,64111-0000,Proprietary  ,20,142,162,123,782,905
02497500,CLINTON TECHNICAL SCHOOL                ,MO,64735-2966,Public       ,0,0,0,4,3,7
02520800,MERRELL UNIV OF BTY ARTS & SCIENCES     ,MO,65109-0000,Proprietary  ,13,14,27,86,114,200
02530600,SAINT CHARLES COMMUNITY COLLEGE         ,MO,63376-0975,Public       ,183,270,453,2619,1845,4464
02543800,PARIS II EDUCATIONAL CENTER (THE)       ,MO,64118-0000,Proprietary  ,3,8,11,30,108,138
02555300,PATSY AND ROB'S ACADEMY OF BEAUTY       ,MO,63074-0000,Proprietary  ,11,21,32,36,103,139
02564700,ELAINE STEVEN BEAUTY COLLEGE            ,MO,63136-0000,Proprietary  ,9,35,44,50,130,180
02564701,ELAINE STEVEN BEAUTY COLLEGE - ADVANCE B,MO,63383-2006,Proprietary  ,0,2,2,1,3,4
02568500,GRABBER SCHOOL OF HAIR DESIGN           ,MO,63011-0000,Proprietary  ,6,11,17,40,50,90
02599700,VATTEROTT COLLEGE                       ,MO,63134-2900,Proprietary  ,34,243,277,190,1075,1265
02599701,VATTEROTT COLLEGE - KANSAS CITY         ,MO,64129-1692,Proprietary  ,24,144,168,225,977,1202
02599702,VATTEROTT COLLEGE - SPRINGFIELD LOCATION,MO,65807-5340,Proprietary  ,6,69,75,104,477,581
02599703,VATTEROTT COLLEGE - JOPLIN              ,MO,64801-5033,Proprietary  ,10,42,52,75,348,423
02599705,VATTEROTT COLLEGE - SUNSET HILLS        ,MO,63127-1516,Proprietary  ,32,90,122,216,638,854
02599712,VATTEROTT COLLEGE - O'FALLON            ,MO,63366-2748,Proprietary  ,12,51,63,89,306,395
02608000,NEOSHO BEAUTY COLLEGE                   ,MO,64850-1525,Proprietary  ,2,14,16,5,20,25
02608001,NEOSHO BEAUTY COLLEGE - CLASS ACT I COSM,MO,64801-2314,Proprietary  ,3,7,10,8,25,33
02609202,VATTEROTT COLLEGE-ST JOSEPH             ,MO,64501-2911,Proprietary  ,10,58,68,96,326,422
02609203,VATTEROTT COLLEGE - L'ECOLE CULINAIRE   ,MO,63124-1103,Proprietary  ,29,80,109,188,525,713
02611001,HERITAGE COLLEGE                        ,MO,64151-0000,Proprietary  ,6,31,37,131,483,614
02611004,HERITAGE COLLEGE-KANSAS CITY            ,MO,64131-4203,Proprietary  ,10,19,29,10,19,29
03036100,AERO MECHANICS SCHOOL                   ,MO,64152-0000,Proprietary  ,0,0,0,0,2,2
03042400,LEBANON TECHNOLOGY & CAREER CENTER      ,MO,65536-3296,Public       ,2,15,17,20,91,111
03066300,BRYAN CAREER COLLEGE                    ,MO,65806-2507,Proprietary  ,5,31,36,54,203,257
03066301,BRYAN CAREER COLLEGE                    ,MO,64138-0000,Proprietary  ,0,0,0,0,2,2
03068600,NORTH COUNTY TECH SPECIAL SCH DIST      ,MO,63033-6498,Public       ,4,61,65,32,283,315
03070200,CENTRAL COLLEGE OF COSMETOLOGY          ,MO,65583-0000,Proprietary  ,5,17,22,28,74,102
03070900,SE MO HOSP CLG NURSING & HEALTH SCI     ,MO,63703-4507,Private      ,6,24,30,63,199,262
03077200,COSMETOLOGY CONCEPTS INSTITUTE          ,MO,65202-1972,Proprietary  ,1,6,7,22,40,62
03083000,OZARKS TECHNICAL COMMUNITY COLLEGE      ,MO,65802-3601,Public       ,349,795,1144,4802,5240,10042
03092600,MESSENGER COLLEGE                       ,MO,64804-4909,Private      ,3,5,8,56,40,96
03097600,ST LOUIS HAIR ACADEMY                   ,MO,63107-1737,Proprietary  ,0,6,6,9,43,52
03101000,NEW DIMENSION SCHOOL OF HAIR DESIGN     ,MO,64801-5017,Proprietary  ,4,0,4,21,30,51
03106000,MISSOURI STATE UNIVERSITY - WEST PLAINS ,MO,65775-2715,Public       ,42,112,154,887,839,1726
03110900,HOUSE OF HEAVILIN BEAUTY COLLEGE        ,MO,64030-1154,Proprietary  ,1,6,7,15,42,57
03166300,MOBERLY AREA TECHNICAL CENTER           ,MO,65270-1904,Public       ,1,3,4,14,11,25
03174300,HERNDON CAREER CENTER                   ,MO,64138-2695,Public       ,0,3,3,14,8,22
03519300,MISSOURI COLLEGE OF COSMETOLOGY NORTH   ,MO,65803-1235,Proprietary  ,10,31,41,80,210,290
03528300,MIDWEST UNIVERSITY                      ,MO,63385-2905,Private      ,0,3,3,3,20,23
03579300,TEXAS COUNTY TECHNICAL INSTITUTE        ,MO,65483-2700,Private      ,3,32,35,34,267,301
03616300,AVIATION INSTITUTE OF MAINTENANCE       ,MO,64129-1811,Proprietary  ,12,40,52,60,246,306
03663400,UNIVERSITY OF COSMETOLOGY               ,MO,63080-1910,Proprietary  ,0,2,2,13,31,44
03817300,ST. CHARLES SCHOOL OF MASSAGE THERAPY   ,MO,63303-5607,Proprietary  ,0,8,8,9,26,35
03878300,PROFESSIONAL MASSAGE TRAINING CENTER    ,MO,65803-2939,Proprietary  ,7,19,26,32,62,94
03916300,ECLIPS SCHOOL OF COSMETOLOGY AND BARBERI,MO,63703-5809,Proprietary  ,5,16,21,22,43,65
03924300,HAIR ACADEMY 110 (THE)                  ,MO,63501-2915,Proprietary  ,0,1,1,12,22,34
03970400,MTTI-WELLSPRING CENTER FOR NATURAL HEALT,MO,64114-3313,Proprietary  ,6,32,38,31,145,176
04037500,ACADEMY OF HAIR DESIGN                  ,MO,65804-2303,Proprietary  ,7,17,24,22,47,69
04048300,DIVAS UNLIMITED ACADEMY                 ,MO,63114-2625,Proprietary  ,2,2,4,3,18,21
04117800,CAREER ALTERNATIVES LEARNING CENTER     ,MO,63044-4079,Proprietary  ,0,1,1,0,13,13
00163201,AQUINAS INSTITUTE OF THEOLOGY - MINISTRY,OK,73123-0380,Private      ,0,1,1,2,4,6
00314600,WESTERN OKLAHOMA STATE COLLEGE          ,OK,73521-1397,Public       ,25,83,108,444,766,1210
00314700,BACONE COLLEGE                          ,OK,74403-1597,Private      ,26,70,96,664,632,1296
00314900,SOUTHERN NAZARENE UNIVERSITY            ,OK,73008-2694,Private      ,23,226,249,1187,1304,2491
00315000,CAMERON UNIVERSITY                      ,OK,73505-6377,Public       ,75,259,334,1581,2997,4578
00315100,OKLAHOMA WESLEYAN UNIVERSITY            ,OK,74006-6299,Private      ,14,80,94,526,752,1278
00315200,UNIV OF CENTRAL OKLAHOMA                ,OK,73034-5209,Public       ,246,412,658,6913,5795,12708
00315300,CONNORS STATE COLLEGE                   ,OK,74469-9700,Public       ,36,108,144,835,1058,1893
00315400,EAST CENTRAL UNIVERSITY                 ,OK,74820-6999,Public       ,66,200,266,2039,2384,4423
00315500,EASTERN OKLAHOMA STATE COLLEGE          ,OK,74578-4999,Public       ,39,86,125,792,954,1746
00315600,REDLANDS COMMUNITY COLLEGE              ,OK,73036-5304,Public       ,35,81,116,582,959,1541
00315700,LANGSTON UNIVERSITY                     ,OK,73050-0000,Public       ,83,111,194,1945,1826,3771
00315800,MURRAY STATE COLLEGE                    ,OK,73460-3137,Public       ,68,165,233,988,1535,2523
00316000,NORTHEASTERN OKLAHOMA A & M COLLEGE     ,OK,74354-6497,Public       ,64,74,138,1227,795,2022
00316100,NORTHEASTERN STATE UNIVERSITY           ,OK,74464-2399,Public       ,141,330,471,4357,5303,9660
00316200,NORTHERN OKLAHOMA COLLEGE               ,OK,74653-0310,Public       ,81,196,277,1636,1820,3456
00316300,NORTHWESTERN OKLAHOMA STATE UNIV        ,OK,73717-2799,Public       ,28,63,91,928,811,1739
00316400,OKLAHOMA BAPTIST UNIVERSITY             ,OK,74801-2590,Private      ,43,17,60,1393,249,1642
00316500,OKLAHOMA CHRISTIAN UNIVERSITY           ,OK,73131-0000,Private      ,38,29,67,2038,563,2601
00316600,OKLAHOMA CITY UNIVERSITY                ,OK,73106-1493,Private      ,50,90,140,1757,1999,3756
00316700,UNIV OF SCIENCE & ARTS OF OKLAHOMA      ,OK,73018-5322,Public       ,21,33,54,731,512,1243
00316800,ROGERS STATE UNIVERSITY                 ,OK,74017-3252,Public       ,77,162,239,1885,2117,4002
00317000,OKLAHOMA STATE UNIVERSITY               ,OK,74078-1015,Public       ,409,348,757,12268,6190,18458
00317200,OKLAHOMA STATE UNIVERSITY-OKMULGEE      ,OK,74447-3901,Public       ,95,118,213,1271,1088,2359
00317400,OKLAHOMA PANHANDLE STATE UNIVERSITY     ,OK,73939-0000,Public       ,38,37,75,629,362,991
00317600,CARL ALBERT STATE COLLEGE               ,OK,74953-5208,Public       ,49,204,253,991,1730,2721
00317800,SEMINOLE STATE COLLEGE                  ,OK,74818-1902,Public       ,37,103,140,683,1001,1684
00317900,SOUTHEASTERN OKLAHOMA STATE UNIV        ,OK,74701-0609,Public       ,80,156,236,2196,1909,4105
00318000,SOUTHWESTERN CHRISTIAN UNIVERSITY       ,OK,73008-2335,Private      ,5,21,26,141,181,322
00318100,SOUTHWESTERN OKLAHOMA STATE UNIV        ,OK,73096-3098,Public       ,76,83,159,2589,1649,4238
00318101,SOUTHWESTERN OK STATE UNIV AT SAYRE     ,OK,73662-0000,Public       ,9,22,31,122,239,361
00318300,ST GREGORY'S UNIVERSITY                 ,OK,74804-2499,Private      ,4,63,67,284,431,715
00318308,SAINT GREGORY'S UNIVERSITY - IPD TULSA  ,OK,74135-2499,Private      ,2,24,26,9,141,150
00318400,UNIVERSITY OF OKLAHOMA                  ,OK,73019-4078,Public       ,321,515,836,13015,7915,20930
00318401,UNIVERSITY OF OKLAHOMA-HLTH SCI CTR     ,OK,73190-0000,Public       ,24,99,123,421,2922,3343
00318500,UNIVERSITY OF TULSA                     ,OK,74104-3189,Private      ,74,86,160,2454,1633,4087
00398500,ORAL ROBERTS UNIVERSITY                 ,OK,74171-0001,Private      ,56,97,153,2678,1400,4078
00531100,TULSA COUNTY AREA VOC TECH SCHOOL       ,OK,74145-0000,Public       ,10,63,73,135,556,691
00531200,RED RIVER TECHNOLOGY CENTER             ,OK,73533-2700,Public       ,2,28,30,19,115,134
00533900,METRO TECHNOLOGY CENTERS SCH DIST22     ,OK,73111-0000,Public       ,22,108,130,154,845,999
00533903,METRO TECHNOLOGY CENTERS SCH DIST22     ,OK,73129-0000,Public       ,9,32,41,50,197,247
00694200,MID-AMERICA CHRISTIAN UNIVERSITY        ,OK,73170-4504,Private      ,10,92,102,418,774,1192
00767800,SPARTAN COLLEGE OF AERONAUTICS AND TECHN,OK,74115-5800,Proprietary  ,92,93,185,848,715,1563
00791100,VIRGILS BEAUTY COLLEGE                  ,OK,74401-6802,Proprietary  ,2,3,5,14,38,52
00834300,AUTRY TECHNOLOGY CENTER                 ,OK,73703-2598,Public       ,0,17,17,57,192,249
00861900,TRI COUNTY TECHNOLOGY CENTER            ,OK,74006-6029,Public       ,5,18,23,65,135,200
00918500,ROSE STATE COLLEGE                      ,OK,73110-2799,Public       ,92,391,483,1687,3952,5639
00920400,KIAMICHI AREA VOC TECH SCHOOL           ,OK,74578-0548,Public       ,17,120,137,262,936,1198
00920408,KIAMICHI AREA VOC TECH SCHOOL           ,OK,74953-0000,Public       ,1,7,8,25,88,113
00961800,TULSA WELDING SCHOOL                    ,OK,74104-0000,Proprietary  ,111,282,393,579,867,1446
00964700,"OKLAHOMA STATE UNIV, OKLA CITY          ",OK,73107-6159,Public       ,114,434,548,1524,3673,5197
00970800,EVES COLLEGE OF HAIRSTYLING             ,OK,73501-4359,Proprietary  ,7,21,28,27,87,114
00976300,TULSA COMMUNITY COLLEGE                 ,OK,74135-6198,Public       ,279,970,1249,5252,8063,13315
00996300,CADDO KIOWA VOC TECH CENTER             ,OK,73038-0000,Public       ,12,50,62,64,254,318
00996400,CENTRAL OKLAHOMA AREA VOC TECH SCH      ,OK,74030-9613,Public       ,2,22,24,45,180,225
00996500,CANADIAN VALLEY TECHNOLOGY CENTER       ,OK,73036-9117,Public       ,7,37,44,55,284,339
00996800,GORDON COOPER TECHNOLOGY CENTER         ,OK,74804-9913,Public       ,10,38,48,88,317,405
01005300,INDIAN CAPITAL TECHNOLGY CENTER #4      ,OK,74403-9907,Public       ,11,61,72,121,526,647
01026600,HILLSDALE FREE WILL BAPTIST COLLEGE     ,OK,73153-0000,Private      ,5,3,8,200,61,261
01034200,SOUTHERN OKLAHOMA TECHNOLOGY CENTER     ,OK,73401-2100,Public       ,4,22,26,77,189,266
01039100,OKLAHOMA CITY COMMUNITY COLLEGE         ,OK,73159-4444,Public       ,211,589,800,3032,5502,8534
01071700,GREAT PLAINS TECHNOLOGY CENTER SCHOOL DI,OK,73505-8399,Public       ,4,44,48,85,380,465
01076200,WESTERN OK AREA VOC TECH SCH DIST12     ,OK,73624-1469,Public       ,2,5,7,46,110,156
01120600,PIONEER TECHNOLOGY CENTER               ,OK,74601-1106,Public       ,1,18,19,16,123,139
01128200,OKLAHOMA STATE UNV CLG OSTEOPTHC MD     ,OK,74107-0000,Public       ,2,7,9,38,466,504
01153700,MID-AMERICA TECHNOLOGY CENTER           ,OK,73095-0210,Public       ,0,4,4,22,63,85
01227200,MOORE-NORMAN TECHNOLOGY CENTER          ,OK,73069-8399,Public       ,12,64,76,123,492,615
02052700,NORTHEAST TECHNOLOGY CENTER             ,OK,74361-0487,Public       ,7,26,33,82,291,373
02060800,MERIDIAN TECHNOLOGY CENTER              ,OK,74074-0000,Public       ,5,26,31,82,235,317
02126500,ENID BEAUTY COLLEGE                     ,OK,73701-0000,Proprietary  ,3,10,13,19,38,57
02177900,STATE BARBER AND HAIR DESIGN CLG        ,OK,73108-0000,Proprietary  ,1,12,13,14,50,64
02184400,SAND SPRINGS BEAUTY COLLEGE             ,OK,74063-0000,Proprietary  ,8,15,23,31,121,152
02197300,HOLLYWOOD COSMETOLOGY CENTER            ,OK,73189-0000,Proprietary  ,1,8,9,8,28,36
02222700,FRANCIS TUTTLE TECHNOLOGY CENTER        ,OK,73142-0000,Public       ,23,118,141,179,929,1108
02238500,CENTRAL STATE BEAUTY ACADEMY            ,OK,73162-6007,Proprietary  ,10,30,40,51,155,206
02250900,E OK COUNTY AREA VO-TECH                ,OK,73020-0000,Public       ,1,4,5,16,56,72
02256200,"BROKEN ARROW BEAUTY COLLEGE, INC        ",OK,74012-0000,Proprietary  ,8,13,21,45,97,142
02282100,HIGH PLAINS AREA VOC-TECH               ,OK,73801-0000,Public       ,2,16,18,23,88,111
02306800,PLATT COLLEGE                           ,OK,74145-0000,Proprietary  ,38,336,374,247,1659,1906
02510300,BEAUTY TECHNICAL COLLEGE                ,OK,74465-0000,Proprietary  ,0,7,7,8,31,39
02531200,WOODWARD BEAUTY COLLEGE                 ,OK,73801-0000,Proprietary  ,2,11,13,10,25,35
02554300,AMERICAN BEAUTY INSTITUTE               ,OK,74501-0000,Proprietary  ,2,5,7,14,33,47
02556500,YUKON BEAUTY COLLEGE                    ,OK,73099-4108,Proprietary  ,0,6,6,8,29,37
02560200,PHILLIPS THEOLOGICAL SEMINARY -         ,OK,74116-5612,Private      ,0,6,6,1,101,102
02571500,CITY COLLEGE                            ,OK,73160-0000,Proprietary  ,0,0,0,2,8,10
02581100,CLAREMORE BEAUTY COLLEGE                ,OK,74017-7034,Proprietary  ,5,4,9,13,11,24
02581200,CC'S COSMETOLOGY COLLEGE                ,OK,74129-0000,Proprietary  ,8,36,44,27,182,209
02591101,CAREER POINT INSTITUTE                  ,OK,74146-0000,Proprietary  ,0,5,5,16,40,56
02596501,ATI-CAREER TRAINING CENTER - OKLAHOMA CI,OK,73107-2442,Proprietary  ,1,3,4,2,11,13
02597400,PONTOTOC TECHNOLOGY CENTER SCHOOL       ,OK,74820-8621,Public       ,9,32,41,52,159,211
02599706,VATTEROTT COLLEGE - TULSA               ,OK,74146-2205,Proprietary  ,5,38,43,57,241,298
02600000,NORTHWEST TECHNOLOG CTR SCH DIST 10     ,OK,73717-9600,Public       ,1,2,3,21,47,68
02600500,WES WATKINS TECHNOLOGY CENTER           ,OK,74883-9660,Public       ,2,11,13,37,173,210
02609205,VATTEROTT COLLEGE - OKLAHOMA CITY       ,OK,73127-2103,Proprietary  ,7,70,77,70,575,645
03008700,SOUTHWEST TECHNOLOGY CENTER             ,OK,73521-1527,Public       ,4,11,15,26,80,106
03010300,POTEAU BEAUTY COLLEGE                   ,OK,74953-5400,Proprietary  ,2,8,10,21,63,84
03024700,STILLWATER BEAUTY ACADEMY               ,OK,74075-3467,Proprietary  ,3,5,8,14,34,48
03030700,OKLAHOMA SCHOOL OF PHOTOGRAPHY          ,OK,73160-3320,Proprietary  ,3,10,13,20,53,73
03030800,AMERICAN BROADCASTING SCHOOL            ,OK,73115-3334,Proprietary  ,9,29,38,66,220,286
03051100,CHISHOLM TRAIL TECHNOLOGY CENTER        ,OK,73764-9720,Public       ,1,3,4,8,34,42
03078500,TECH INST OF COSMETOLOGY ARTS & SCI     ,OK,74120-3610,Proprietary  ,1,2,3,5,30,35
03089400,SCHOOL OF HAIR DESIGN                   ,OK,74745-3447,Proprietary  ,3,12,15,22,65,87
03103800,SOUTHERN SCHOOL OF BEAUTY               ,OK,74701-5008,Proprietary  ,3,8,11,25,67,92
03109800,PONCA CITY BEAUTY COLLEGE               ,OK,74601-4201,Proprietary  ,1,3,4,2,14,16
03109801,BARTLESVILLE BEAUTY COLLEGE             ,OK,74003-2835,Proprietary  ,1,8,9,2,17,19
03115100,HERITAGE COLLEGE                        ,OK,73119-0000,Proprietary  ,25,180,205,201,861,1062
03124800,PLATT COLLEGE                           ,OK,73501-3808,Proprietary  ,6,30,36,34,152,186
03126200,GREEN COUNTRY AREA VOC TECH SCHOOL      ,OK,74447-1217,Public       ,0,9,9,23,71,94
03198400,MID-DEL AREA VOCATIONAL & TECH SCH      ,OK,73110-4825,Public       ,4,11,15,10,59,69
03329400,PRYOR BEAUTY COLLEGE                    ,OK,74361-0000,Proprietary  ,2,6,8,3,29,32
03329401,PRYOR BEAUTY COLLEGE - GROVE BEAUTY COLL,OK,74345-0009,Proprietary  ,1,4,5,4,22,26
03329402,PRYOR BEAUTY COLLEGE - NORTH EAST OKLAHO,OK,74338-0000,Proprietary  ,0,10,10,1,43,44
03367400,COMMUNITY CARE COLLEGE                  ,OK,74145-6420,Proprietary  ,30,133,163,217,918,1135
03396300,OKLAHOMA HEALTH ACADEMY                 ,OK,74105-6220,Proprietary  ,5,30,35,44,165,209
03396400,OKLAHOMA HEALTH ACADEMY                 ,OK,73160-3667,Proprietary  ,6,30,36,51,202,253
03453400,SHAWNEE BEAUTY COLLEGE                  ,OK,74801-7014,Proprietary  ,1,5,6,10,30,40
03676300,FAMILY OF FAITH COLLEGE                 ,OK,74802-1805,Private      ,1,0,1,6,21,27
03831300,INSTITUTE OF HAIR DESIGN                ,OK,74804-0000,Proprietary  ,2,3,5,13,30,43
03928300,CENTRAL STATE MASSAGE ACADEMY           ,OK,73162-6007,Proprietary  ,6,16,22,18,67,85
04027300,4-STATES ACADEMY OF COSMETOLOGY         ,OK,74354-0000,Proprietary  ,1,8,9,7,36,43
04060300,AMERICAN INSTITUTE OF MEDICAL TECHNOLOGY,OK,74146-5201,Proprietary  ,0,3,3,21,71,92
04062300,OKLAHOMA TECHNOLOGY INSTITUTE           ,OK,73114-6318,Proprietary  ,2,8,10,13,59,72
00163700,BETHANY THEOLOGICAL SEMINARY            ,IN,47374-0000,Private      ,0,2,2,1,25,26
00178400,ANCILLA COLLEGE-FINANCIAL AID OFFC      ,IN,46513-0001,Private      ,9,26,35,419,408,827
00178500,ANDERSON UNIVERSITY                     ,IN,46012-3495,Private      ,19,68,87,2534,884,3418
00178600,BALL STATE UNIVERSITY                   ,IN,47306-0880,Public       ,207,273,480,16543,7145,23688
00178700,BETHEL COLLEGE INC                      ,IN,46545-5591,Private      ,12,72,84,1431,1109,2540
00178800,BUTLER UNIVERSITY                       ,IN,46208-3487,Private      ,31,45,76,5031,1072,6103
00178900,CHRISTIAN THEOLOGICAL SEMINARY          ,IN,46208-0000,Private      ,0,18,18,0,234,234
00179200,DEPAUW UNIVERSITY                       ,IN,46135-0037,Private      ,11,1,12,2563,31,2594
00179300,EARLHAM COLLEGE                         ,IN,47374-4095,Private      ,8,2,10,1344,109,1453
00179301,EARLHAM SCHOOL OF RELIGION              ,IN,47374-0000,Private      ,0,3,3,12,53,65
00179500,UNIVERSITY OF EVANSVILLE                ,IN,47722-0002,Private      ,23,28,51,3377,439,3816
00179800,FRANKLIN COLLEGE OF INDIANA             ,IN,46131-2623,Private      ,6,6,12,1621,122,1743
00179900,GOSHEN COLLEGE                          ,IN,46526-4794,Private      ,6,22,28,981,262,1243
00180000,GRACE COLLEGE & THEO SEMINARY           ,IN,46590-1224,Private      ,13,15,28,1211,615,1826
00180100,HANOVER COLLEGE                         ,IN,47243-0108,Private      ,8,7,15,1410,41,1451
00180300,HUNTINGTON UNIVERSITY                   ,IN,46750-1299,Private      ,8,15,23,1127,211,1338
00180400,UNIVERSITY OF INDIANAPOLIS              ,IN,46227-3697,Private      ,25,137,162,4136,2435,6571
00180500,INDIANA INSTITUTE OF TECHNOLOGY         ,IN,46803-1297,Private      ,25,182,207,1255,2033,3288
00180700,INDIANA STATE UNIVERSITY                ,IN,47809-2501,Public       ,130,242,372,7753,5015,12768
00180800,UNIVERSITY OF SOUTHERN INDIANA          ,IN,47712-3596,Public       ,106,173,279,7605,2721,10326
00180900,INDIANA UNIVERSITY-BLOOMINGTON          ,IN,47405-1223,Public       ,315,321,636,24309,9052,33361
00181100,INDIANA UNIV-EAST                       ,IN,47374-1289,Public       ,34,110,144,998,1526,2524
00181300,INDIANA UNIV-PURDUE UNIV INDPLS         ,IN,46202-5145,Public       ,315,957,1272,12336,16779,29115
00181301,INDIANA UNIVERSITY - PURDUE UNIVERSITY I,IN,47203-1769,Public       ,27,67,94,952,949,1901
00181400,INDIANA UNIV KOKOMO                     ,IN,46902-3557,Public       ,32,99,131,1280,1492,2772
00181500,INDIANA UNIV-NORTHWEST                  ,IN,46408-1197,Public       ,70,215,285,2111,3417,5528
00181600,INDIANA UNIVERSITY - SOUTH BEND         ,IN,46615-0000,Public       ,103,253,356,3424,3924,7348
00181700,INDIANA UNIVERSITY-SOUTHEAST            ,IN,47150-6405,Public       ,98,252,350,2717,3077,5794
00182000,MANCHESTER COLLEGE                      ,IN,46962-1276,Private      ,12,4,16,1685,100,1785
00182100,MARIAN UNIVERSITY                       ,IN,46222-1997,Private      ,14,94,108,1449,1496,2945
00182200,INDIANA WESLEYAN UNIVERSITY             ,IN,46953-4974,Private      ,65,1437,1502,3518,10401,13919
00182300,ASSOCIATED MENNONITE BIBLICAL SEM       ,IN,46517-1999,Private      ,0,2,2,3,67,70
00182400,OAKLAND CITY UNIVERSITY                 ,IN,47660-1099,Private      ,12,60,72,665,1684,2349
00182500,PURDUE UNIVERSITY                       ,IN,47907-2050,Public       ,267,249,516,27460,6156,33616
00182600,PURDUE UNIV NORTH CENTRAL CAMPUS        ,IN,46391-9528,Public       ,70,129,199,1980,2197,4177
00182700,PURDUE UNIV CALUMET                     ,IN,46323-2094,Public       ,119,289,408,4179,4327,8506
00182800,INDIANA UNIV-PURDUE UNIV FORT WAYNE     ,IN,46805-1499,Public       ,145,399,544,6634,5752,12386
00183000,ROSE HULMAN INSTITUTE OF TECHNOLOGY     ,IN,47803-3999,Private      ,14,3,17,2650,80,2730
00183200,UNIVERSITY OF SAINT FRANCIS             ,IN,46808-3994,Private      ,21,83,104,1907,1366,3273
00183300,ST JOSEPH'S COLLEGE                     ,IN,47978-0000,Private      ,4,5,9,1206,116,1322
00183400,CALUMET COLLEGE OF SAINT JOSEPH         ,IN,46394-2195,Private      ,17,103,120,375,802,1177
00183500,SAINT MARY-OF-THE-WOODS COLLEGE         ,IN,47876-0067,Private      ,6,81,87,357,1150,1507
00183600,ST MARY'S COLLEGE                       ,IN,46556-5007,Private      ,5,2,7,1614,46,1660
00183800,TAYLOR UNIVERSITY                       ,IN,46989-1001,Private      ,18,6,24,2136,141,2277
00183801,TAYLOR UNIVERSITY - FORT WAYNE          ,IN,46807-0000,Private      ,7,17,24,513,275,788
00183900,TRINE UNIVERSITY                        ,IN,46703-1764,Private      ,21,46,67,2079,614,2693
00184000,UNIVERSITY OF NOTRE DAME                ,IN,46556-5602,Private      ,81,82,163,11147,2874,14021
00184200,VALPARAISO UNIVERSITY                   ,IN,46383-6493,Private      ,21,37,58,3960,1746,5706
00184300,VINCENNES UNIVERSITY                    ,IN,47591-1523,Public       ,125,227,352,4838,2698,7536
00184302,VINCENNES UNIV - FORT HARRISON CNTR     ,IN,46256-0000,Public       ,3,7,10,65,92,157
00184400,WABASH COLLEGE                          ,IN,47933-0352,Private      ,12,5,17,1162,38,1200
00224905,DAVENPORT UNIVERSITY-MERRILLVILLE       ,IN,46410-0000,Private      ,2,40,42,108,704,812
00420300,GOOD SAMARITAN HOSP RADIOGRAPHY PRG     ,IN,47591-0000,Public       ,0,1,1,5,12,17
00457900,INTERNATIONAL BUSINESS COLLEGE          ,IN,46804-0000,Proprietary  ,5,8,13,677,271,948
00457901,INTERNATIONAL BUSINESS COLLEGE          ,IN,46256-0000,Proprietary  ,3,5,8,428,129,557
00458300,BROWN MACKIE COLLEGE-SOUTH BEND         ,IN,46635-1776,Proprietary  ,90,414,504,561,3003,3564
00512730,BROWN MACKIE COLLEGE-MERRILLVILLE       ,IN,46410-0000,Proprietary  ,55,233,288,352,2167,2519
00625700,SAINT ELIZABETH SCHOOL OF NURSING       ,IN,47904-2198,Private      ,2,8,10,110,189,299
00726300,HOLY CROSS COLLEGE                      ,IN,46556-0308,Private      ,12,5,17,527,70,597
00727600,SAINT MEINRAD SCHOOL OF THEOLOGY        ,IN,47577-1002,Private      ,0,11,11,6,87,93
00732700,ITT TECHNICAL INSTITUTE                 ,IN,47630-7430,Proprietary  ,456,826,1282,1848,3169,5017
00732900,ITT TECHNICAL INSTITUTE                 ,IN,46268-1119,Proprietary  ,434,1419,1853,1961,5153,7114
00736200,MEDTECH COLLEGE                         ,IN,46250-3970,Proprietary  ,18,191,209,87,808,895
00793800,LINCOLN COLLEGE OF TECHNOLOGY           ,IN,46202-0000,Proprietary  ,202,214,416,1990,947,2937
00832900,ITT TECHNICAL INSTITUTE                 ,IN,46825-2393,Proprietary  ,318,625,943,1397,2384,3781
00842300,IVY TECH COMMUNITY COLLEGE OF INDIANA - ,IN,46601-3892,Public       ,109,554,663,1670,4503,6173
00854600,NOT FOR STUDENT USE                     ,IN,46208-4700,Public       ,145,437,582,2379,4019,6398
00854700,IVY TECH COMMUNITY COLLEGE OF INDIANA - ,IN,47802-4898,Public       ,101,384,485,1625,3711,5336
00951500,J MICHAEL HARROLD BEAUTY ACADEMY        ,IN,47807-3390,Proprietary  ,6,2,8,37,27,64
00961200,"APEX SCHOOL OF BEAUTY CULTURE, INC      ",IN,46016-0000,Proprietary  ,2,6,8,6,25,31
00961300,MERRILLVILLE BEAUTY COLLEGE             ,IN,46410-3401,Proprietary  ,3,24,27,32,111,143
00967300,RUDAE'S SCHOOL OF BEAUTY CULTURE        ,IN,46825-5444,Proprietary  ,11,20,31,57,117,174
00967301,RUDAE'S SCHOOL OF BEAUTY CULTURE - FORT ,IN,46825-5444,Proprietary  ,1,2,3,21,20,41
00977700,KAPLAN COLLEGE                          ,IN,46278-1736,Proprietary  ,59,244,303,313,1027,1340
00977701,KAPLAN COLLEGE - ADDITIONAL CLASSROOM   ,IN,46278-1734,Proprietary  ,2,3,5,2,4,6
00977702,KAPLAN COLLEGE - TEMPORARY FACILITY EXPA,IN,46268-4111,Proprietary  ,0,5,5,0,5,5
00991700,IVY TECH COMMUNITY COLLEGE OF INDIANA - ,IN,46208-1763,Public       ,201,836,1037,3120,7373,10493
00992300,IVY TECH COMMUNITY COLLEGE OF INDIANA - ,IN,47250-1881,Public       ,46,204,250,662,1549,2211
00992400,IVY TECH COMMUNITY COLLEGE OF INDIANA - ,IN,47302-9448,Public       ,133,560,693,2205,4772,6977
00992500,IVY TECH COMMUNITY COLLEGE OF INDIANA - ,IN,47710-3398,Public       ,89,363,452,1607,3266,4873
00992600,IVY TECH COMMUNITY COLLEGE OF INDIANA- R,IN,46805-1489,Public       ,157,588,745,2808,5698,8506
01003700,IVY TECH STATE COLLEGE - REGION 9       ,IN,47374-1220,Public       ,36,238,274,648,2204,2852
01003800,IVY TECH COMMUNITY COLLEGE OF INDIANA - ,IN,47203-1868,Public       ,61,255,316,851,2195,3046
01003900,IVY TECH COMMUNITY COLLEGE OF INDIANA - ,IN,47903-6299,Public       ,136,397,533,2074,3107,5181
01004000,IVY TECH COMMUNITY COLLEGE OF INDIANA - ,IN,46409-1303,Public       ,83,440,523,1445,4520,5965
01004100,IVY TECH STATE COLLEGE - REGION 5       ,IN,46903-1373,Public       ,61,370,431,962,2892,3854
01010900,IVY TECH COMMUNITY COLLEGE OF INDIANA - ,IN,47172-1897,Public       ,49,261,310,858,2203,3061
01015100,VINCENNES BEAUTY COLLEGE                ,IN,47591-1297,Proprietary  ,3,9,12,22,42,64
01040900,LAFAYETTE BEAUTY ACADEMY                ,IN,47901-1149,Proprietary  ,3,7,10,22,49,71
01061800,MID-AMERICA CLG FUNERAL SERVICE         ,IN,47130-9990,Private      ,4,8,12,36,76,112
01150500,CREATIVE HAIR STYLING ACADEMY           ,IN,46322-1554,Proprietary  ,2,7,9,34,48,82
02084800,RAVENSCROFT BEAUTY COLLEGE              ,IN,46815-0000,Proprietary  ,3,38,41,46,187,233
02087600,CONCORDIA THEOLOGICAL SEMINARY          ,IN,46825-0000,Private      ,0,4,4,2,267,269
02100402,EVEREST INSTITUTE - EVEREST COLLEGE     ,IN,46410-5683,Proprietary  ,8,45,53,8,45,53
02118900,EVANSVILLE TRI STATE BEAUTY COLLEGE     ,IN,47715-0000,Proprietary  ,3,7,10,40,57,97
02140800,MARTIN UNIVERSITY                       ,IN,46218-0000,Private      ,9,87,96,97,1045,1142
02158400,HARRISON COLLEGE                        ,IN,46204-2611,Proprietary  ,41,272,313,483,2063,2546
02158401,HARRISON COLLEGE - COLUMBUS             ,IN,47203-1843,Proprietary  ,7,32,39,102,389,491
02158402,HARRISON COLLEGE - LAFAYETTE            ,IN,47905-4859,Proprietary  ,8,37,45,110,448,558
02158404,HARRISON COLLEGE - MARION               ,IN,46952-0000,Proprietary  ,11,41,52,47,199,246
02158405,HARRISON COLLEGE - TERRE HAUTE          ,IN,47802-0000,Proprietary  ,3,36,39,77,385,462
02158407,HARRISON COLLEGE - ANDERSON             ,IN,46013-0000,Proprietary  ,4,36,40,96,327,423
02158409,HARRISON COLLEGE - EVANSVILLE           ,IN,47715-3901,Proprietary  ,6,58,64,123,450,573
02158410,HARRISON COLLEGE - EAST                 ,IN,46239-8903,Proprietary  ,26,108,134,180,754,934
02158412,HARRISON COLLEGE - FORT WAYNE           ,IN,46825-0000,Proprietary  ,18,88,106,205,673,878
02158413,HARRISON COLLEGE - NORTHWEST            ,IN,46278-0000,Proprietary  ,13,57,70,89,353,442
02158800,DON ROBERTS BEAUTY SCHOOLS              ,IN,46383-0000,Proprietary  ,2,5,7,19,27,46
02164300,DON ROBERTS SCHOOL OF HAIR DESIGN       ,IN,46375-9999,Proprietary  ,1,10,11,20,50,70
02201800,KAPLAN COLLEGE                          ,IN,46410-0000,Proprietary  ,11,63,74,122,560,682
02201802,KAPLAN COLLEGE - HAMMOND                ,IN,46324-3347,Proprietary  ,24,131,155,183,781,964
02241700,PJ'S COLLEGE OF COSMETOLOGY             ,IN,47129-0000,Proprietary  ,5,25,30,25,119,144
02302700,J EVERETT LIGHT CAREER CENTER           ,IN,46240-0000,Public       ,4,21,25,37,185,222
02304800,PJ'S COLLEGE OF COSMETOLOGY             ,IN,47374-0000,Proprietary  ,4,4,8,14,32,46
02308900,MASTER'S OF COSMETOLOGY COLLEGE         ,IN,46809-0000,Proprietary  ,5,11,16,41,68,109
02339600,ROGER'S ACADEMY OF HAIR DESIGN          ,IN,47712-0000,Proprietary  ,11,31,42,71,120,191
02345200,EMPIRE BEAUTY SCHOOL                    ,IN,46237-0000,Proprietary  ,9,37,46,78,185,263
02347600,BALL MEMORIAL HOSPITAL SCH RAD TECH     ,IN,47303-0000,Private      ,0,0,0,22,21,43
02351300,KNOX BEAUTY COLLEGE                     ,IN,46534-0000,Proprietary  ,0,1,1,18,25,43
02490500,HAIR FASHIONS BY KAYE BEAUTY CLG        ,IN,46250-0000,Proprietary  ,1,2,3,23,49,72
02490800,HAIR FASHIONS BY KAYE BEAUTY CLG        ,IN,46060-0000,Proprietary  ,12,27,39,67,203,270
02607000,HAIR ARTS ACADEMY                       ,IN,47404-3581,Proprietary  ,2,8,10,14,37,51
02615800,COLLEGE OF COURT REPORTING              ,IN,46342-5969,Proprietary  ,1,41,42,18,270,288
03009700,HARRISON COLLEGE                        ,IN,47303-6413,Proprietary  ,15,32,47,138,435,573
03009701,HARRISON COLLEGE - MUNCIE - ELKHART     ,IN,46516-9795,Proprietary  ,8,36,44,14,70,84
03084601,THE ART INSTITUTE OF INDIANAPOLIS       ,IN,46268-1170,Proprietary  ,54,72,126,609,568,1177
03100600,MARION COMM TUCKER AREA VOC SCHOOL      ,IN,46952-3831,Public       ,0,13,13,19,64,83
03176300,AMERICAN TRANS AIR AVIATION ACADEMY     ,IN,46241-1445,Proprietary  ,12,46,58,52,230,282
03262300,DAVID DEMUTH INSTITUTE OF COSM          ,IN,47374-4101,Proprietary  ,3,8,11,20,40,60
03456700,CROSSROADS BIBLE COLLEGE                ,IN,46219-4912,Private      ,0,21,21,54,210,264
03521300,IVY TECH COMMUNITY COLLEGE OF INDIANA - ,IN,47404-9772,Public       ,109,318,427,2003,2920,4923
03538300,ALEXANDRIA SCH OF SCIENTIFIC THERAP     ,IN,46001-0287,Proprietary  ,1,1,2,29,53,82
04038700,IDEAL BEAUTY ACADEMY                    ,IN,47130-4215,Proprietary  ,2,7,9,14,39,53
04100300,SUCCESS SCHOOLS                         ,IN,46410-5310,Proprietary  ,2,17,19,14,65,79
04119700,MOLER HAIRSTYLING COLLEGE               ,IN,46406-1745,Proprietary  ,3,15,18,6,40,46
04130900,HONORS BEAUTY COLLEGE                   ,IN,46256-3317,Proprietary  ,2,9,11,2,9,11
00190100,ALLEN COUNTY COMMUNITY COLLEGE          ,KS,66749-1607,Public       ,36,119,155,806,890,1696
00190200,COWLEY COUNTY COMMUNITY COLLEGE & AREA V,KS,67005-2662,Public       ,91,224,315,1344,1910,3254
00190300,BAKER UNIVERSITY                        ,KS,66006-0065,Private      ,22,372,394,1353,2302,3655
00190400,BETHANY COLLEGE                         ,KS,67456-1897,Private      ,6,5,11,665,82,747
00190500,BETHEL COLLEGE                          ,KS,67117-0531,Private      ,6,7,13,531,151,682
00190600,BUTLER COUNTY COMMUNITY COLLEGE         ,KS,67042-3280,Public       ,134,354,488,2660,3372,6032
00190700,CENTRAL BAPTIST THEOLOGY SEMINARY       ,KS,66226-3513,Private      ,0,4,4,0,30,30
00190800,CENTRAL CHRISTIAN COLLEGE OF KANSAS     ,KS,67460-5799,Private      ,8,5,13,393,81,474
00190900,CLOUD COUNTY COMMUNITY COLLEGE          ,KS,66901-1002,Public       ,37,73,110,671,708,1379
00191000,COFFEYVILLE COMMUNITY COLLEGE           ,KS,67337-5064,Public       ,48,42,90,787,291,1078
00191100,COLBY COMMUNITY COLLEGE                 ,KS,67701-4099,Public       ,22,34,56,524,337,861
00191300,DODGE CITY COMMUNITY COLLEGE            ,KS,67801-2399,Public       ,40,34,74,539,339,878
00191400,DONNELLY COLLEGE                        ,KS,66102-4298,Private      ,15,56,71,179,464,643
00191500,FORT HAYS STATE UNIVERSITY              ,KS,67601-4099,Public       ,54,247,301,3207,2952,6159
00191600,FORT SCOTT COMMUNITY COLLEGE            ,KS,66701-3199,Public       ,51,90,141,984,602,1586
00191700,BARCLAY COLLEGE                         ,KS,67059-0288,Private      ,2,3,5,97,39,136
00191800,FRIENDS UNIVERSITY                      ,KS,67213-3397,Private      ,30,264,294,1206,2343,3549
00191900,GARDEN CITY COMMUNITY COLLEGE           ,KS,67846-6398,Public       ,36,64,100,676,484,1160
00192000,HESSTON COLLEGE                         ,KS,67062-2093,Private      ,4,8,12,421,135,556
00192100,HIGHLAND COMMUNITY COLLEGE              ,KS,66035-4062,Public       ,31,86,117,922,677,1599
00192114,HIGHLAND COMMUNITY COLLEGE - NOTHEAST KA,KS,66002-1513,Public       ,1,14,15,100,124,224
00192300,HUTCHINSON COMMUNITY COLLEGE            ,KS,67501-5894,Public       ,55,199,254,1551,1548,3099
00192400,INDEPENDENCE COMMUNITY COLLEGE          ,KS,67301-0000,Public       ,26,32,58,466,263,729
00192500,KANSAS CITY KANSAS COMMUNITY CLG        ,KS,66112-9978,Public       ,67,283,350,1236,2688,3924
00192502,"KANSAS CITY KS AREA TECH SCHOOL, KS     ",KS,66104-0000,Public       ,19,53,72,127,330,457
00192600,PITTSBURG STATE UNIVERSITY              ,KS,66762-7500,Public       ,87,139,226,4035,2147,6182
00192700,EMPORIA STATE UNIVERSITY                ,KS,66801-5087,Public       ,65,154,219,3252,2258,5510
00192800,KANSAS STATE UNIVERSITY                 ,KS,66506-1104,Public       ,270,293,563,13533,5167,18700
00192900,KANSAS WESLEYAN UNIVERSITY              ,KS,67401-6196,Private      ,13,20,33,890,361,1251
00193000,LABETTE COMMUNITY COLLEGE               ,KS,67357-4299,Public       ,22,55,77,462,581,1043
00193100,MANHATTAN CHRISTIAN COLLEGE             ,KS,66502-4081,Private      ,7,8,15,337,129,466
00193300,MCPHERSON COLLEGE                       ,KS,67460-3899,Private      ,5,9,14,727,148,875
00193600,NEOSHO COUNTY COMMUNITY COLLEGE         ,KS,66720-2699,Public       ,29,79,108,521,641,1162
00193700,OTTAWA UNIVERSITY                       ,KS,66067-3399,Private      ,14,298,312,825,1913,2738
00193800,PRATT COMMUNITY COLLEGE                 ,KS,67124-8432,Public       ,12,43,55,544,329,873
00193900,NEWMAN UNIVERSITY                       ,KS,67213-2084,Private      ,27,62,89,796,1114,1910
00194000,SOUTHWESTERN COLLEGE                    ,KS,67156-2499,Private      ,13,83,96,713,999,1712
00194300,UNIVERSITY OF ST MARY                   ,KS,66048-5023,Private      ,12,44,56,444,430,874
00194500,STERLING COLLEGE                        ,KS,67579-1533,Private      ,13,14,27,799,127,926
00194600,TABOR COLLEGE                           ,KS,67063-1799,Private      ,10,18,28,542,148,690
00194800,UNIVERSITY OF KANSAS                    ,KS,66045-7535,Public       ,310,327,637,13473,7191,20664
00194802,UNIVERSITY OF KANSAS MED CENTER         ,KS,66160-0000,Public       ,0,9,9,158,925,1083
00194900,WASHBURN UNIVERSITY                     ,KS,66621-1110,Public       ,75,209,284,3081,3838,6919
00195000,WICHITA STATE UNIVERSITY                ,KS,67208-0001,Public       ,152,423,575,5393,6005,11398
00460800,BARTON COUNTY COMMUNITY COLLEGE         ,KS,67530-9283,Public       ,33,139,172,675,1055,1730
00526400,FLINT HILLS TECHNICAL COLLEGE           ,KS,66801-5999,Public       ,4,35,39,170,283,453
00526500,NORTH CENTRAL KANSAS TECH COLG          ,KS,67420-0000,Public       ,12,22,34,327,180,507
00526700,NORTHWEST KANSAS TECHNICAL SCHOOL       ,KS,67735-3441,Public       ,7,9,16,195,100,295
00549800,WICHITA AREA TECHNICAL COLLEGE          ,KS,67211-2099,Public       ,24,130,154,213,783,996
00549900,SALINA AREA TECHNICAL COLLEGE           ,KS,67401-8195,Public       ,8,9,17,161,79,240
00550000,MANHATTAN AREA TECHNICAL COLLEGE        ,KS,66503-2499,Public       ,10,38,48,276,312,588
00675500,BROWN MACKIE COLLEGE (THE)              ,KS,67401-7307,Proprietary  ,38,147,185,225,1040,1265
00703200,MID AMERICA NAZARENE UNIVERSITY         ,KS,66062-1899,Private      ,15,79,94,1009,803,1812
00817200,SOUTHWEST KANSAS TECHNICAL SCHOOL       ,KS,67905-2013,Public       ,5,1,6,80,32,112
00822800,SEWARD CO COMM CO/AREA TECHNICAL SCHOOL ,KS,67905-0000,Public       ,21,24,45,364,332,696
00824400,JOHNSON COUNTY COMMUNITY COLLEGE        ,KS,66210-1299,Public       ,295,607,902,3891,4516,8407
00833200,B-STREET DESIGN SCHOOL OF INTERNATIONAL ,KS,66502-6082,Proprietary  ,0,13,13,29,63,92
00868200,ACADEMY OF HAIR DESIGN                  ,KS,67401-2803,Proprietary  ,2,9,11,29,46,75
01025600,BENEDICTINE COLLEGE                     ,KS,66002-1499,Private      ,17,9,26,1522,153,1675
01043800,HASKELL INDIAN NATIONS UNIVERSITY       ,KS,66046-4800,Public       ,49,38,87,743,514,1257
01050300,WICHITA TECHNICAL INSTITUTE             ,KS,67213-1927,Proprietary  ,42,274,316,260,1615,1875
01068900,KAW AREA TECHNICAL SCHOOL               ,KS,66604-2199,Public       ,3,34,37,118,331,449
02090700,CLEVELAND CHIROPRACTIC COLLEGE          ,KS,66210-1613,Private      ,6,30,36,48,543,591
02134800,OLD TOWN BARBER AND BEAUTY COLLEGE      ,KS,67211-0000,Proprietary  ,4,17,21,23,85,108
02196400,CAPITOL CITY HAIR DESIGN COLLEGE        ,KS,66102-0000,Proprietary  ,7,25,32,42,171,213
02204900,AMERICAN ACADEMY OF HAIR DESIGN         ,KS,66611-0000,Proprietary  ,0,0,0,17,25,42
02257700,HAYS ACADEMY OF HAIR DESIGN             ,KS,67601-0000,Proprietary  ,5,10,15,37,43,80
02303500,AMERICAN INSTITUTE OF BAKING            ,KS,66502-0000,Private      ,0,2,2,2,7,9
02340700,LABARON HAIRDRESSING ACADEMY            ,KS,66204-0000,Proprietary  ,2,12,14,5,43,48
02590900,WRIGHT CAREER COLLEGE                   ,KS,66212-0000,Private      ,40,314,354,164,1431,1595
02599709,VATTEROTT COLLEGE - WICHITA             ,KS,67226-1304,Proprietary  ,10,45,55,56,360,416
02603100,XENON INTERNATIONAL ACADEMY             ,KS,67203-5428,Proprietary  ,18,31,49,130,140,270
02606300,PAUL MITCHELL THE SCHOOL WICHITA        ,KS,67226-2803,Proprietary  ,2,7,9,26,56,82
02611005,HERITAGE COLLEGE - WICHITA              ,KS,67210-1879,Proprietary  ,2,15,17,2,15,17
02613000,PINNACLE CAREER INSTITUTE               ,KS,66046-2703,Proprietary  ,10,36,46,75,231,306
03031300,XENON INTERNATIONAL ACADEMY IV          ,KS,66061-3765,Proprietary  ,9,24,33,18,34,52
03066200,BRYAN COLLEGE                           ,KS,66604-2496,Proprietary  ,4,43,47,44,309,353
03450300,B-STREET DESIGN SCHOOL OF INTERNATIONAL ,KS,66611-2373,Proprietary  ,6,17,23,26,92,118
03450301,B-STREET DESIGN SCHOOL OF INTERNATIONAL ,KS,67207-5148,Proprietary  ,3,9,12,34,51,85
03450302,B-STREET DESIGN SCHOOL OF INTERNATIONAL ,KS,66212-5451,Proprietary  ,3,9,12,37,68,105
03529300,SIDNEY'S HAIRDRESSING COLLEGE           ,KS,67501-7094,Proprietary  ,2,6,8,25,40,65
03862300,BMSI INSTITUTE                          ,KS,66212-3388,Proprietary  ,0,2,2,7,15,22
00203300,UNIVERSITY OF MAINE-PRESQUE ISLE        ,ME,04769-2888,Public       ,12,29,41,741,436,1177
00203500,BANGOR THEOLOGICAL SEMINARY             ,ME,04402-0411,Private      ,0,3,3,1,93,94
00203600,BATES COLLEGE                           ,ME,04240-6028,Private      ,20,3,23,2125,29,2154
00203800,BOWDOIN COLLEGE                         ,ME,04011-8451,Private      ,23,3,26,2803,33,2836
00203900,COLBY COLLEGE                           ,ME,04901-8841,Private      ,19,0,19,2335,28,2363
00204000,UNIVERSITY OF MAINE-FARMINGTON          ,ME,04938-1990,Public       ,31,24,55,2661,368,3029
00204100,UNIVERSITY OF MAINE-FORT KENT           ,ME,04743-1292,Public       ,8,19,27,495,243,738
00204300,HUSSON UNIVERSITY                       ,ME,04401-2999,Private      ,35,50,85,1942,835,2777
00204400,MAINE MARITIME ACADEMY                  ,ME,04420-0001,Public       ,6,4,10,859,116,975
00205000,UNIVERSITY OF NEW ENGLAND               ,ME,04005-9599,Private      ,17,67,84,3111,1775,4886
00205100,SAINT JOSEPH'S COLLEGE                  ,ME,04084-5263,Private      ,11,52,63,1574,393,1967
00205200,THOMAS COLLEGE                          ,ME,04901-5097,Private      ,11,20,31,843,151,994
00205300,UNIVERSITY OF MAINE                     ,ME,04469-0001,Public       ,97,144,241,9625,2728,12353
00205400,UNIVERSITY OF SOUTHERN MAINE            ,ME,04104-0000,Public       ,110,230,340,5696,4312,10008
00205500,UNIVERSITY OF MAINE-MACHIAS             ,ME,04654-1397,Public       ,5,21,26,545,245,790
00520400,BEAL COLLEGE                            ,ME,04401-6896,Proprietary  ,12,69,81,209,486,695
00527600,CENTRAL MAINE COMMUNITY COLLEGE         ,ME,04210-6498,Public       ,39,94,133,1120,950,2070
00527700,EASTERN MAINE COMMUNITY COLLEGE         ,ME,04401-4280,Public       ,45,110,155,1290,975,2265
00552500,SOUTHERN MAINE COMMUNITY  COLLEGE       ,ME,04106-1698,Public       ,106,215,321,2264,1923,4187
00576000,NORTHERN MAINE COMMUNITY COLLEGE        ,ME,04769-2016,Public       ,22,41,63,467,446,913
00577600,MERCY HOSP SCH OF RADIOLOGIC TECH       ,ME,04101-3795,Private      ,0,0,0,9,34,43
00630501,CENTRAL MAINE MEDICAL CENTER - COLLEGE O,ME,04240-4500,Private      ,2,10,12,33,147,180
00676000,UNIVERSITY OF MAINE-AUGUSTA             ,ME,04330-9410,Public       ,74,340,414,1513,4170,5683
00685800,UNITY COLLEGE                           ,ME,04988-9502,Private      ,13,3,16,774,81,855
00903800,MR BERNARD'S SCH HAIR FASHION INC       ,ME,04243-1163,Proprietary  ,6,15,21,32,70,102
00923100,WASHINGTON COUNTY COMMUNITY COLLEGE     ,ME,04619-9704,Public       ,10,14,24,285,180,465
00929200,ANDOVER COLLEGE                         ,ME,04106-2415,Proprietary  ,15,89,104,160,666,826
00929201,ANDOVER COLLEGE -                       ,ME,04240-0000,Proprietary  ,29,121,150,162,746,908
00945900,EMPIRE BEAUTY SCHOOL                    ,ME,04101-3348,Proprietary  ,22,24,46,194,287,481
00982600,KENNEBEC VALLEY  COMMUNITY  COLLEGE     ,ME,04937-1367,Public       ,23,111,134,588,1136,1724
01138500,COLLEGE OF THE ATLANTIC                 ,ME,04609-1105,Private      ,5,2,7,406,50,456
01167300,MAINE COLLEGE OF ART                    ,ME,04101-3987,Private      ,8,6,14,499,153,652
02104400,SPA TECH INSTITUTE                      ,ME,04102-0000,Proprietary  ,14,60,74,139,292,431
02347100,NEW ENGLAND SCHOOL OF COMMUNICATIONS    ,ME,04401-0000,Private      ,12,11,23,443,77,520
02361300,LANDING SCHOOL OF BOATBUILDING & DESIGN ,ME,04046-1490,Private      ,0,1,1,23,35,58
03122900,YORK COUNTY COMMUNITY COLLEGE           ,ME,04090-0529,Public       ,16,53,69,328,346,674
03429300,SEACOAST CAREER SCHOOLS                 ,ME,04073-0000,Proprietary  ,23,111,134,99,549,648
03612300,BIRTHWISE MIDWIFERY SCHOOL              ,ME,04009-1110,Proprietary  ,0,1,1,5,24,29
03990300,FULLER CIRCLES SCHOOL FOR MASSAGE THERAP,ME,04963-5230,Proprietary  ,0,0,0,1,3,4
00209300,ST JOHN'S COLLEGE                       ,NM,87505-4599,Private      ,10,9,19,475,192,667
00264900,COLLEGE OF SANTA FE                     ,NM,87505-7634,Private      ,15,59,74,690,723,1413
00265000,UNIVERSITY OF THE SOUTHWEST             ,NM,88240-9129,Private      ,2,32,34,289,398,687
00265100,EASTERN NEW MEXICO UNIV PORTALES        ,NM,88130-6000,Public       ,61,157,218,2349,1956,4305
00265101,EASTERN NEW MEXICO UNIV-ROSWELL CAM     ,NM,88202-0000,Public       ,76,168,244,858,1237,2095
00265300,NEW MEXICO HIGHLANDS UNIVERSITY         ,NM,87701-4436,Public       ,44,94,138,1380,1755,3135
00265400,NEW MEXICO INST OF MINING & TECH        ,NM,87801-4796,Public       ,20,16,36,905,261,1166
00265500,NEW MEXICO JUNIOR COLLEGE               ,NM,88240-9123,Public       ,33,88,121,592,716,1308
00265600,NEW MEXICO MILITARY INSTITUTE           ,NM,88201-5173,Public       ,12,3,15,255,10,265
00265700,NEW MEXICO STATE UNIVERSITY             ,NM,88003-8001,Public       ,252,382,634,8807,6642,15449
00265701,NEW MEXICO STATE UNIV-ALAMOGORDO        ,NM,88311-0000,Public       ,31,83,114,377,815,1192
00265702,NEW MEXICO STATE UNIV.-DONA ANA CLG     ,NM,88003-0000,Public       ,94,291,385,1483,2414,3897
00265703,NEW MEXICO STATE UNIV-CARLSBAD          ,NM,88220-0000,Public       ,7,61,68,256,592,848
00265704,NEW MEXICO STATE UNIV-GRANTS            ,NM,87020-0000,Public       ,5,37,42,137,305,442
00266000,SAN JUAN COLLEGE                        ,NM,87402-4699,Public       ,121,295,416,1166,2200,3366
00266300,THE UNIVERSITY OF NEW MEXICO            ,NM,87131-0001,Public       ,398,753,1151,10602,11724,22326
00266301,UNIV OF NEW MEXICO - GALLUP BRANCH      ,NM,87301-5697,Public       ,22,77,99,416,773,1189
00266302,UNIV OF NEW MEXICO - VALENCIA BRANCH    ,NM,87031-0000,Public       ,14,41,55,319,534,853
00266303,UNIV OF NEW MEXICO - LOS ALAMOS         ,NM,87544-0000,Public       ,5,8,13,58,97,155
00266400,WESTERN NEW MEXICO UNIVERSITY           ,NM,88061-5417,Public       ,28,125,153,810,1355,2165
00405701,NATIONAL AMERICAN UNIVERSITY            ,NM,87110-0000,Proprietary  ,2,31,33,22,273,295
00474200,CENTRAL NEW MEXICO COMMUNITY COLLEGE    ,NM,87106-4096,Public       ,387,1258,1645,4581,9557,14138
00474300,CLOVIS COMMUNITY COLLEGE                ,NM,88101-8381,Public       ,36,163,199,491,1276,1767
00996200,LUNA COMMUNITY COLLEGE                  ,NM,87701-0000,Public       ,16,39,55,295,456,751
01063200,DEWOLFF CLG HAIRSTYLING/COSMETOLOGY     ,NM,87112-4113,Proprietary  ,2,19,21,43,105,148
01300500,OLYMPIAN UNIVERSITY OF COSMETOLOGY      ,NM,88310-5051,Proprietary  ,44,115,159,306,778,1084
02083900,NORTHERN NEW MEXICO COLLEGE             ,NM,87530-0000,Public       ,37,102,139,504,864,1368
02146400,INSTITUTE OF AMERICAN INDIAN ARTS       ,NM,87508-0000,Public       ,8,10,18,137,148,285
02278100,SANTA FE COMMUNITY COLLEGE              ,NM,87507-0000,Public       ,48,112,160,536,1007,1543
02357600,CROWNPOINT INSTITUTE OF TECHNOLOGY      ,NM,87313-0000,Public       ,20,45,65,185,307,492
02491501,THE ART CENTER DESIGN COLLEGE- ALBQ     ,NM,87110-0000,Proprietary  ,3,7,10,88,76,164
02511000,SOUTHWESTERN INDIAN POLYTECH INST       ,NM,87184-0000,Public       ,34,41,75,250,314,564
02532900,BUSINESS SKILLS INSTITUTE               ,NM,88001-0000,Proprietary  ,0,0,0,7,20,27
02622000,SOUTHWEST ACUPUNCTURE COLLEGE           ,NM,87505-0000,Proprietary  ,0,17,17,3,294,297
03076100,SOUTHWESTERN COLLEGE                    ,NM,87507-0000,Private      ,0,3,3,3,152,155
03128200,KAPLAN CAREER INSTITUTE                 ,NM,87109-2072,Proprietary  ,17,60,77,76,265,341
03128201,KAPLAN CAREER INSTITUTE                 ,NM,87109-0000,Proprietary  ,1,4,5,1,4,5
03206300,MESALANDS COMMUNITY COLLEGE             ,NM,88401-3352,Public       ,7,22,29,110,204,314
03430300,UNIVERSAL THERAPEUTIC MASSAGE INSTITUTE ,NM,87107-4403,Proprietary  ,5,21,26,30,84,114
03678300,PIMA MEDICAL INSTITUTE                  ,NM,87110-4127,Proprietary  ,4,16,20,34,87,121
03944300,MASSAGE THERAPY TRAINING INSTITUTE      ,NM,88007-0000,Proprietary  ,2,5,7,21,39,60
00223400,ADRIAN COLLEGE                          ,MI,49221-2575,Private      ,16,4,20,2152,162,2314
00223500,ALBION COLLEGE                          ,MI,49224-1831,Private      ,9,2,11,2272,55,2327
00223600,ALMA COLLEGE                            ,MI,48801-1599,Private      ,18,1,19,1984,68,2052
00223700,ALPENA COMMUNITY COLLEGE                ,MI,49707-1495,Public       ,63,112,175,900,967,1867
00223800,ANDREWS UNIVERSITY                      ,MI,49104-0750,Private      ,28,63,91,1400,1119,2519
00223900,AQUINAS COLLEGE                         ,MI,49506-1799,Private      ,32,46,78,1959,605,2564
00224000,BAY DE NOC COMMUNITY COLLEGE            ,MI,49829-2524,Public       ,74,159,233,990,1094,2084
00224100,CALVIN COLLEGE                          ,MI,49546-4388,Private      ,31,14,45,3903,277,4180
00224200,CALVIN THEOLOGICAL SEMINARY             ,MI,49546-4387,Private      ,0,3,3,4,164,168
00224300,CENTRAL MICHIGAN UNIVERSITY             ,MI,48859-0001,Public       ,283,775,1058,17357,8217,25574
00224600,CLEARY UNIVERSITY                       ,MI,48105-2659,Private      ,7,87,94,166,644,810
00224700,CONCORDIA UNIVERSITY-ANN ARBOR          ,MI,48105-2797,Private      ,7,81,88,554,594,1148
00224800,CRANBROOK ACADEMY OF ART                ,MI,48303-0000,Private      ,0,2,2,6,217,223
00224900,DAVENPORT UNIVERSITY                    ,MI,49503-0000,Private      ,170,1050,1220,2882,12151,15033
00225100,DELTA COLLEGE                           ,MI,48710-0001,Public       ,357,892,1249,4829,5827,10656
00225400,MICHIGAN STATE UNIVERSITY COLLEGE OF LAW,MI,48824-1300,Private      ,11,25,36,295,1364,1659
00225900,EASTERN MICHIGAN UNIVERSITY             ,MI,48197-2214,Public       ,407,794,1201,12654,9685,22339
00226000,FERRIS STATE UNIVERSITY                 ,MI,49307-2251,Public       ,184,292,476,10613,5059,15672
00226100,CHARLES STEWART MOTT COMMUNITY CLG      ,MI,48503-2089,Public       ,438,1151,1589,4052,7372,11424
00226200,KETTERING UNIVERSITY                    ,MI,48504-4898,Private      ,52,33,85,2066,260,2326
00226300,GLEN OAKS COMMUNITY COLLEGE             ,MI,49032-9784,Public       ,25,94,119,438,702,1140
00226400,GOGEBIC COMMUNITY COLLEGE               ,MI,49938-1365,Public       ,14,37,51,485,426,911
00226500,GRACE BIBLE COLLEGE                     ,MI,49509-1998,Private      ,4,4,8,182,55,237
00226600,CORNERSTONE UNIVERSITY                  ,MI,49525-5897,Private      ,23,131,154,1512,1435,2947
00226700,GRAND RAPIDS COMMUNITY COLLEGE          ,MI,49503-3295,Public       ,587,1059,1646,7474,6967,14441
00226800,GRAND VALLEY STATE UNIVERSITY           ,MI,49401-9403,Public       ,278,427,705,18706,6243,24949
00226900,GREAT LAKES CHRISTIAN COLLEGE           ,MI,48917-1299,Private      ,5,6,11,177,126,303
00227000,HENRY FORD COMMUNITY COLLEGE            ,MI,48128-1495,Public       ,599,1191,1790,6402,9162,15564
00227300,HOPE COLLEGE                            ,MI,49423-3607,Private      ,27,6,33,3608,111,3719
00227400,JACKSON COMMUNITY COLLEGE               ,MI,49201-8399,Public       ,165,584,749,2522,3911,6433
00227500,KALAMAZOO COLLEGE                       ,MI,49006-3295,Private      ,12,6,18,1639,74,1713
00227600,KELLOGG COMMUNITY COLLEGE               ,MI,49017-3397,Public       ,142,512,654,1802,3467,5269
00227700,LAKE MICHIGAN COLLEGE                   ,MI,49022-1899,Public       ,93,333,426,1173,1862,3035
00227800,LANSING COMMUNITY COLLEGE               ,MI,48933-1293,Public       ,420,1207,1627,6037,8920,14957
00227900,LAWRENCE TECHNOLOGICAL UNIVERSITY       ,MI,48075-1058,Private      ,47,109,156,1694,1227,2921
00228200,MADONNA UNIVERSITY                      ,MI,48150-1173,Private      ,59,172,231,1177,2355,3532
00228400,MARYGROVE COLLEGE                       ,MI,48221-2599,Private      ,32,315,347,582,2616,3198
00228800,ROCHESTER COLLEGE                       ,MI,48307-2764,Private      ,15,67,82,564,653,1217
00229000,MICHIGAN STATE UNIVERSITY               ,MI,48824-1113,Public       ,500,433,933,29433,9669,39102
00229200,MICHIGAN TECHNOLOGICAL UNIV             ,MI,49931-1295,Public       ,50,39,89,5255,802,6057
00229300,LAKE SUPERIOR STATE UNIVERSITY          ,MI,49783-1691,Public       ,45,62,107,2202,827,3029
00229400,MONROE COUNTY COMMUNITY CLG             ,MI,48161-9746,Public       ,102,214,316,1164,1440,2604
00229500,MONTCALM COMMUNITY COLLEGE              ,MI,48885-9723,Public       ,57,236,293,803,1854,2657
00229700,MUSKEGON COMMUNITY COLLEGE              ,MI,49442-1432,Public       ,157,356,513,2236,2332,4568
00229900,NORTH CENTRAL MICHIGAN COLLEGE          ,MI,49770-8740,Public       ,73,220,293,840,1347,2187
00230100,NORTHERN MICHIGAN UNIVERSITY            ,MI,49855-5316,Public       ,167,172,339,6930,2445,9375
00230200,NORTHWESTERN MICHIGAN COLLEGE           ,MI,49686-3061,Public       ,126,331,457,2186,2198,4384
00230300,OAKLAND COMMUNITY COLLEGE               ,MI,48304-2266,Public       ,20,62,82,241,373,614
00230301,OAKLAND COMMUNITY COLLEGE - ORCHARD RIDG,MI,48334-4579,Public       ,119,287,406,1433,2024,3457
00230302,OAKLAND COMMUNITY COLLEGE - ROYAL OAK CA,MI,48067-3898,Public       ,245,628,873,2207,4300,6507
00230304,OAKLAND COMMUNITY COLLEGE - AUBURN HILLS,MI,48323-2845,Public       ,190,430,620,1926,2726,4652
00230305,OAKLAND COMMUNITY COLLEGE - HIGHLAND LAK,MI,48327-4187,Public       ,94,224,318,993,1699,2692
00230700,OAKLAND UNIVERSITY                      ,MI,48309-4401,Public       ,305,609,914,9128,6173,15301
00230800,OLIVET COLLEGE                          ,MI,49076-9902,Private      ,24,17,41,1159,243,1402
00231000,ST. CLAIR COUNTY COMMUNITY COLLEGE      ,MI,48061-0000,Public       ,133,429,562,1606,2386,3992
00231100,KUYPER COLLEGE                          ,MI,49525-9749,Private      ,6,9,15,289,95,384
00231300,SACRED HEART MAJOR SEMINARY             ,MI,48206-1799,Private      ,0,11,11,15,157,172
00231400,SAGINAW VALLEY STATE UNIV               ,MI,48710-0001,Public       ,122,274,396,6972,3263,10235
00231500,SCHOOLCRAFT COLLEGE                     ,MI,48152-2696,Public       ,310,720,1030,3498,5070,8568
00231600,SIENA HEIGHTS UNIVERSITY                ,MI,49221-1796,Private      ,28,155,183,976,1305,2281
00231700,SOUTHWESTERN MICHIGAN COLLEGE           ,MI,49047-9793,Public       ,64,246,310,938,1518,2456
00231800,SPRING ARBOR UNIVERSITY                 ,MI,49283-9984,Private      ,29,226,255,1910,3177,5087
00232200,FINLANDIA UNIVERSITY                    ,MI,49930-1882,Private      ,7,7,14,538,267,805
00232300,UNIVERSITY OF DETROIT MERCY             ,MI,48221-3038,Private      ,74,239,313,2742,3308,6050
00232301,UNIVERSITY OF DETROIT MERCY- DENTAL SCH ,MI,48219-3580,Private      ,1,8,9,87,451,538
00232303,UNIV OF DETROIT MERCY - LAW SCHOOL      ,MI,48226-0000,Private      ,1,14,15,23,933,956
00232500,UNIVERSITY OF MICHIGAN - ANN ARBOR      ,MI,48109-1316,Public       ,244,352,596,22396,9423,31819
00232501,UNIVERSITY OF MICHIGAN-MEDICAL SCH      ,MI,48109-0000,Public       ,8,16,24,93,997,1090
00232503,UNIVERSITY OF MICHIGAN LAW SCHOOL       ,MI,48109-0000,Public       ,1,18,19,24,2420,2444
00232600,UNIVERSITY OF MICHIGAN-DEARBORN         ,MI,48128-2406,Public       ,141,300,441,4009,3652,7661
00232700,UNIVERSITY OF MICHIGAN-FLINT            ,MI,48502-1950,Public       ,112,350,462,2873,4376,7249
00232800,WASHTENAW COMMUNITY COLLEGE             ,MI,48106-0000,Public       ,329,791,1120,3109,5346,8455
00232900,WAYNE STATE UNIVERSITY                  ,MI,48202-0000,Public       ,596,1398,1994,13814,17241,31055
00232901,WAYNE STATE UNIV SCH OF MEDICINE        ,MI,48201-3359,Public       ,6,21,27,164,1426,1590
00232902,WAYNE STATE UNIVERSITY - LAW SCHOOL     ,MI,48202-3424,Public       ,2,35,37,105,1135,1240
00233000,WESTERN MICHIGAN UNIVERSITY             ,MI,49008-3899,Public       ,387,403,790,15939,6663,22602
00233100,WESTERN THEOLOGICAL SEMINARY            ,MI,49423-0000,Private      ,0,8,8,1,112,113
00407100,WALSH COLLEGE OF ACCT & BUS ADMN        ,MI,48007-7006,Private      ,13,196,209,226,1844,2070
00407200,NORTHWOOD UNIVERSITY                    ,MI,48640-2398,Private      ,36,114,150,2157,1442,3599
00467300,BAKER COLLEGE - FLINT                   ,MI,48507-5508,Private      ,169,710,879,2033,5747,7780
00467301,BAKER COLLEGE OF CADILLAC               ,MI,49601-0000,Private      ,27,146,173,437,1599,2036
00467302,BAKER COLLEGE OF CLINTON TOWNSHIP       ,MI,48035-0000,Private      ,167,502,669,2156,4861,7017
00467303,BAKER COLLEGE OF MUSKEGON               ,MI,49442-0000,Private      ,123,428,551,2519,4053,6572
00467304,BAKER COLLEGE OF OWOSSO                 ,MI,48867-0000,Private      ,76,194,270,1482,1950,3432
00467305,BAKER COLLEGE OF AUBURN HILLS           ,MI,48326-0000,Private      ,97,345,442,1111,3142,4253
00467306,BAKER COLLEGE OF PORT HURON             ,MI,48060-0000,Private      ,48,191,239,579,1407,1986
00467309,BAKER COLLEGE OF JACKSON                ,MI,49202-0000,Private      ,52,201,253,580,1707,2287
00467311,BAKER COLLEGE-CASS CITY                 ,MI,48726-0000,Private      ,10,37,47,194,426,620
00467313,BAKER COLLEGE - GRADUATE ON-LINE        ,MI,48507-0000,Private      ,24,449,473,240,4314,4554
00467317,BAKER COLLEGE-ALLEN PARK                ,MI,48101-0000,Private      ,79,239,318,789,2045,2834
00469200,DORSEY SCHOOL OF BUSINESS               ,MI,48195-2334,Proprietary  ,23,76,99,61,252,313
00469201,DORSEY SCHOOL OF BUSINESS               ,MI,48184-0000,Proprietary  ,16,60,76,50,207,257
00469202,DORSEY SCHOOL OF BUSINESS               ,MI,48071-0000,Proprietary  ,11,76,87,59,237,296
00469204,DORSEY SCHOOL OF BUSINESS               ,MI,48066-0000,Proprietary  ,28,162,190,83,507,590
00676800,MID MICHIGAN COMMUNITY COLLEGE          ,MI,48625-9447,Public       ,144,331,475,1854,2277,4131
00677100,COLLEGE FOR CREATIVE STUDIES            ,MI,48202-4034,Private      ,49,31,80,1277,446,1723
00694900,KALAMAZOO VALLEY COMMUNITY COLLEGE      ,MI,49003-4070,Public       ,335,760,1095,4002,4738,8740
00717100,KIRTLAND COMMUNITY COLLEGE              ,MI,48653-0000,Public       ,51,221,272,831,1426,2257
00761700,CARNEGIE INSTITUTE                      ,MI,48083-1159,Proprietary  ,8,67,75,64,441,505
00795000,WEST SHORE COMMUNITY COLLEGE            ,MI,49454-0000,Public       ,34,87,121,449,699,1148
00817800,EMPIRE BEAUTY SCHOOL                    ,MI,49525-2440,Proprietary  ,67,96,163,291,308,599
00890600,MACOMB COMMUNITY COLLEGE                ,MI,48088-3896,Public       ,665,1421,2086,6266,7590,13856
00894600,PORT HURON COSMETOLOGY COLLEGE          ,MI,48329-1618,Proprietary  ,4,13,17,33,77,110
00923000,WAYNE COUNTY COMMUNITY CLG-DISTRICT     ,MI,48226-3095,Public       ,782,2806,3588,6208,17132,23340
00973200,VIRGINIA FARRELL BEAUTY SCHOOL          ,MI,48080-1448,Proprietary  ,4,14,18,42,80,122
00973400,VIRGINIA FARRELL BEAUTY SCHOOL          ,MI,48220-1739,Proprietary  ,17,45,62,70,227,297
00982800,EVEREST INSTITUTE                       ,MI,48033-4400,Proprietary  ,224,999,1223,1030,4359,5389
00982801,EVEREST INSTITUTE- DEARBORN             ,MI,48124-1927,Proprietary  ,17,47,64,18,49,67
00982803,EVEREST INSTITUTE - DETROIT             ,MI,48207-4291,Proprietary  ,13,46,59,13,48,61
01047000,KALAMAZOO BEAUTY ACADEMY                ,MI,49002-5220,Proprietary  ,3,7,10,25,21,46
01062700,ITT TECHNICAL INSTITUTE                 ,MI,49519-0000,Proprietary  ,222,431,653,1183,2086,3269
01082700,DAVID PRESSLEY PROF SCH OF COSMTLGY     ,MI,48067-3219,Proprietary  ,37,37,74,106,95,201
01109800,FLINT INSTITUTE OF BARBERING            ,MI,48504-4395,Proprietary  ,3,9,12,18,90,108
01164600,VIRGINIA FARRELL BEAUTY SCHOOL          ,MI,48185-3091,Proprietary  ,6,25,31,40,107,147
01229100,WRIGHT BEAUTY ACADEMY                   ,MI,49015-2696,Proprietary  ,6,20,26,25,77,102
01239900,LEWIS COLLEGE OF BUSINESS               ,MI,48235-0000,Private      ,0,0,0,102,199,301
01262700,THOMAS M. COOLEY LAW SCHOOL             ,MI,48901-1586,Private      ,1,274,275,10,4627,4637
01321800,M J MURPHY BTY CLG MT PLEASANT          ,MI,48858-2502,Proprietary  ,7,10,17,48,55,103
02060300,MICHIGAN INSTITUTE OF AERONAUTICS       ,MI,48111-0000,Proprietary  ,40,78,118,321,370,691
02068700,ADRIAN BEAUTY ACADEMY                   ,MI,49221-0000,Proprietary  ,2,4,6,15,29,44
02099700,ROSS MEDICAL EDUCATION CENTER           ,MI,48532-0000,Proprietary  ,40,223,263,139,800,939
02100400,EVEREST INSTITUTE                       ,MI,49525-2301,Proprietary  ,100,530,630,505,2476,2981
02100401,EVEREST INSTITUTE - KALAMAZOO           ,MI,49009-3307,Proprietary  ,12,39,51,12,41,53
02100403,EVEREST INSTITUTE - SOUTHFIELD          ,MI,48076-4492,Proprietary  ,5,15,20,5,17,22
02125600,MICHIGAN COLLEGE OF BEAUTY              ,MI,48083-0000,Proprietary  ,33,69,102,156,275,431
02135000,MARQUETTE GEN HOSP SCH RAD TECH         ,MI,49855-0000,Private      ,0,0,0,18,10,28
02158600,MR BELA'S SCHOOL OF COSMETOLOGY         ,MI,48092-4637,Proprietary  ,4,18,22,21,72,93
02160303,INTERNATIONAL ACADEMY OF DESIGN AND TECH,MI,48083-2160,Proprietary  ,94,141,235,743,797,1540
02180100,ROSS MEDICAL EDUCATION CENTER           ,MI,48092-0000,Proprietary  ,17,112,129,67,332,399
02198900,MICHIGAN SCHOOL OF PROFESSIONAL PSYCHOLO,MI,48334-4512,Private      ,0,5,5,3,119,122
02209200,TAYLORTOWN SCHOOL OF BEAUTY             ,MI,48180-0000,Proprietary  ,5,23,28,27,87,114
02237800,SPECS HOWARD SCHOOL OF MEDIA ARTS       ,MI,48075-0000,Proprietary  ,50,70,120,396,390,786
02285700,BAYSHIRE BEAUTY ACADEMY                 ,MI,48708-5614,Proprietary  ,5,12,17,36,56,92
02289801,KAPLAN INSTITUTE - DETROIT CAMPUS       ,MI,48202-0000,Proprietary  ,29,151,180,181,740,921
02324500,MICHIGAN COLLEGE OF BEAUTY              ,MI,48161-0000,Proprietary  ,9,30,39,56,100,156
02339700,ROSS MEDICAL EDUCATION CENTER           ,MI,48116-0000,Proprietary  ,38,106,144,93,392,485
02361500,MICHIGAN BARBER COLLEGE                 ,MI,48204-2244,Private      ,17,39,56,82,190,272
02363800,YESHIVA GEDOLAH OF GREATER DETROIT      ,MI,48237-0000,Private      ,4,1,5,17,2,19
02491000,WEST MI COLG OF BARBERING & BEAUTY      ,MI,49008-0000,Proprietary  ,7,19,26,24,82,106
02495800,FOCUS:HOPE                              ,MI,48238-0000,Private      ,19,62,81,93,217,310
02498300,VIRGINIA FARRELL BEAUTY SCHOOL          ,MI,48154-0000,Proprietary  ,13,19,32,56,121,177
02533600,ROSS MEDICAL EDUCATION CENTER           ,MI,48917-2108,Proprietary  ,30,128,158,100,461,561
02587900,HIGH-TECH LEARNING                      ,MI,48091-0000,Proprietary  ,0,0,0,0,1,1
02588200,DOUGLAS J AVEDA INSTITUTE               ,MI,48823-4351,Proprietary  ,45,60,105,282,237,519
02588201,DOUGLAS J AVEDA INSTITUTE - ANN ARBOR   ,MI,48104-2211,Proprietary  ,7,13,20,44,63,107
02594600,HOWELL COLLEGE OF COSMETOLOGY           ,MI,48843-8584,Proprietary  ,0,0,0,1,2,3
02595700,HILLSDALE BEAUTY COLLEGE                ,MI,49242-0000,Proprietary  ,1,6,7,31,28,59
02618400,MICHIGAN CAREER & TECHNICAL INST        ,MI,49080-9254,Public       ,21,14,35,186,99,285
03005700,DETROIT BUSINESS INST. DOWNRIVER        ,MI,48193-6761,Proprietary  ,19,58,77,76,257,333
03028500,LAWTON SCHOOL                           ,MI,48075-5406,Proprietary  ,17,47,64,53,190,243
03066600,BAY MILLS COMMUNITY COLLEGE             ,MI,49715-9750,Public       ,10,49,59,93,295,388
03075200,TWIN CITY BEAUTY COLLEGE                ,MI,49085-3305,Proprietary  ,7,39,46,60,181,241
03075201,TWIN CITY BEAUTY COLLEGE - TRAVERSE CITY,MI,49686-5119,Proprietary  ,1,3,4,11,22,33
03090000,SHARP'S ACADEMY OF HAIRSTYLING INC.     ,MI,48433-0000,Proprietary  ,2,8,10,16,44,60
03109700,HOUGHTON LAKE INST OF COSMETOLOGY       ,MI,48629-0669,Proprietary  ,1,3,4,10,16,26
03110300,THE SCHOOL OF CREATIVE HAIR DESIGN      ,MI,49036-1139,Proprietary  ,4,8,12,19,37,56
03124000,NORTHWESTERN TECHNOLOGICAL INST         ,MI,48075-2412,Proprietary  ,27,101,128,105,428,533
03135300,MICHIGAN THEOLOGICAL SEMINARY           ,MI,48170-4399,Private      ,0,12,12,6,96,102
03284300,MICHIGAN JEWISH INSTITUTE               ,MI,48237-0000,Private      ,61,7,68,292,26,318
03340300,WARREN WOODS VOCATIONAL ADULT EDUC      ,MI,48088-3699,Public       ,0,0,0,2,7,9
03474300,AVE MARIA COLLEGE                       ,MI,48197-2451,Private      ,0,0,0,2,10,12
03490300,PAUL MITCHELL THE SCHOOL ESCANABA       ,MI,49829-0000,Proprietary  ,2,3,5,9,17,26
03588300,IRENE'S MYOMASSOLOGY INSTITUTE          ,MI,48033-2404,Proprietary  ,7,31,38,55,265,320
03704300,BLUE WATER COLLEGE OF COSMETOLOGY       ,MI,48040-0000,Proprietary  ,4,7,11,22,39,61
03772300,SAGINAW CHIPPEWA TRIBAL COLLEGE         ,MI,48858-0000,Public       ,1,7,8,11,31,42
03815300,IN SESSION-ARTS OF COSMETOLOGY BEAU     ,MI,48609-0000,Proprietary  ,6,11,17,47,80,127
03907300,PAUL MITCHELL THE SCHOOL GREAT LAKES    ,MI,48060-0000,Proprietary  ,13,14,27,47,49,96
03915300,CAREER QUEST LEARNING CENTER            ,MI,48910-4732,Proprietary  ,3,57,60,22,281,303
03968300,LAKEWOOD SCHOOL OF THERAPEUTIC MASSAGE  ,MI,48060-0000,Proprietary  ,2,8,10,5,17,22
03976500,ANN ARBOR INSTITUTE OF MASSAGE THERAPY  ,MI,48103-0000,Proprietary  ,4,9,13,28,77,105
04002400,ECUMENICAL THEOLOGICAL SEMINARY         ,MI,48201-3035,Private      ,0,6,6,0,71,71
04006300,NUVO COLLEGE OF COSMETOLOGY             ,MI,49441-3822,Proprietary  ,4,15,19,13,66,79
04014300,P&A SCHOLARS BEAUTY SCHOOL              ,MI,48204-0000,Proprietary  ,24,21,45,78,128,206
04055300,CREATIVE HAIR SCHOOL OF COSMETOLOGY     ,MI,48504-1234,Proprietary  ,2,3,5,15,46,61
04094300,ROBERT B. MILLER COLLEGE (THE)          ,MI,49017-3306,Private      ,3,19,22,30,185,215
04121100,GALLERY COLLEGE OF BEAUTY (THE)         ,MI,48036-3591,Proprietary  ,5,9,14,5,9,14
00233200,ANOKA-RAMSEY CC-CAMBRIDGE/COONRAPID     ,MN,55433-3499,Public       ,220,352,572,2482,2597,5079
00233400,AUGSBURG COLLEGE                        ,MN,55454-1351,Private      ,40,161,201,2114,1790,3904
00233500,RIVERLAND COMMUNITY COLLEGE             ,MN,55912-1473,Public       ,51,191,242,927,1308,2235
00233600,BEMIDJI STATE UNIVERSITY                ,MN,56601-2699,Public       ,51,120,171,2810,1455,4265
00233700,BETHANY LUTHERAN COLLEGE INC            ,MN,56001-6163,Private      ,5,4,9,598,55,653
00233900,CENTRAL LAKES COLG-BRAINERD/STAPLES     ,MN,56401-3900,Public       ,71,216,287,1327,1350,2677
00234000,CARLETON COLLEGE                        ,MN,55057-4001,Private      ,16,0,16,2498,23,2521
00234100,COLLEGE OF ST BENEDICT                  ,MN,56374-2099,Private      ,22,1,23,1927,23,1950
00234200,ST. CATHERINE UNIVERSITY                ,MN,55105-1789,Private      ,41,175,216,2147,3038,5185
00234300,COLLEGE OF ST SCHOLASTICA               ,MN,55811-4199,Private      ,35,157,192,1979,1306,3285
00234500,UNIVERSITY OF ST THOMAS                 ,MN,55105-1096,Private      ,107,207,314,5566,3259,8825
00234600,CONCORDIA COLLEGE-MOORHEAD              ,MN,56562-0001,Private      ,39,7,46,3054,137,3191
00234700,"CONCORDIA UNIVERSITY, ST PAUL, MN       ",MN,55104-5494,Private      ,31,187,218,1067,1385,2452
00235000,VERMILION COMMUNITY COLLEGE             ,MN,55731-1996,Public       ,11,7,18,487,128,615
00235300,GUSTAVUS ADOLPHUS COLLEGE               ,MN,56082-1498,Private      ,23,2,25,3041,45,3086
00235400,HAMLINE UNIVERSITY                      ,MN,55104-1284,Private      ,34,158,192,2323,2574,4897
00235500,HIBBING COMMUNITY COLLEGE               ,MN,55746-3300,Public       ,25,84,109,609,806,1415
00235600,ITASCA COMMUNITY COLLEGE                ,MN,55744-3397,Public       ,24,45,69,674,441,1115
00235700,LUTHER SEMINARY                         ,MN,55108-0000,Private      ,0,12,12,1,422,423
00235800,MACALESTER COLLEGE                      ,MN,55105-1899,Private      ,13,2,15,2844,60,2904
00236000,"MINNESOTA STATE UNIVERSITY, MANKATO     ",MN,56002-0000,Public       ,175,224,399,9677,3274,12951
00236100,MARTIN LUTHER COLLEGE                   ,MN,56073-3965,Private      ,2,4,6,628,71,699
00236200,MINNEAPOLIS COMM AND TECH COLLEGE       ,MN,55403-1779,Public       ,328,951,1279,3249,6738,9987
00236500,MINNEAPOLIS COLLEGE OF ART & DESIGN     ,MN,55404-4343,Private      ,11,24,35,872,356,1228
00236600,CROSSROADS COLLEGE                      ,MN,55902-2382,Private      ,3,5,8,124,77,201
00236700,MINNESOTA STATE UNIVERSITY MOORHEAD     ,MN,56563-0001,Public       ,114,135,249,5222,1894,7116
00236900,NORTH CENTRAL UNIVERSITY                ,MN,55404-1391,Private      ,19,28,47,1106,282,1388
00237000,NORTH HENNEPIN COMMUNITY COLLEGE        ,MN,55445-2299,Public       ,197,460,657,2040,3082,5122
00237100,NORTHWESTERN COLLEGE                    ,MN,55113-1598,Private      ,35,64,99,2264,751,3015
00237300,ROCHESTER COMMUNITY/TECH COLLEGE        ,MN,55904-4999,Public       ,147,294,441,2440,2336,4776
00237500,SOUTHWEST MINNESOTA STATE UNIVERSITY    ,MN,56258-1598,Public       ,20,65,85,1875,909,2784
00237700,ST CLOUD STATE UNIVERSITY               ,MN,56301-4498,Public       ,263,305,568,9029,3688,12717
00237900,SAINT JOHNS UNIVERSITY                  ,MN,56321-0000,Private      ,26,5,31,1732,85,1817
00238000,SAINT MARY'S UNIVERSITY                 ,MN,55987-1399,Private      ,27,314,341,1467,2515,3982
00238200,ST OLAF COLLEGE                         ,MN,55057-1098,Private      ,52,0,52,3500,57,3557
00238300,CROWN COLLEGE                           ,MN,55375-9001,Private      ,18,80,98,732,636,1368
00238500,NORTHLAND COMMUNITY & TECHNICAL CLG     ,MN,56701-2598,Public       ,85,192,277,1518,1806,3324
00238600,UNITED THEOLGCL SEMINRY TWIN CITIES     ,MN,55112-0000,Private      ,0,6,6,4,96,100
00238800,"UNIVERSITY OF MINNESOTA, DULUTH         ",MN,55812-2496,Public       ,200,105,305,8308,1755,10063
00238900,"UNIVERSITY OF MINNESOTA, MORRIS         ",MN,56267-2113,Public       ,31,13,44,1540,207,1747
00239100,WILLIAM MITCHELL COLLEGE OF LAW         ,MN,55105-0000,Private      ,0,9,9,1,1289,1290
00239300,MINNESOTA STATE COLLEGE-SE TECH         ,MN,55987-0409,Public       ,52,133,185,749,1077,1826
00239400,WINONA STATE UNIVERSITY                 ,MN,55987-5838,Public       ,108,91,199,5951,1263,7214
00396900,UNIVERSITY OF MINNESOTA-TWIN CITIES     ,MN,55455-0422,Public       ,594,831,1425,23598,15009,38607
00400900,MESABI RANGE CMNTY & TECH COLLEGE       ,MN,55792-0000,Public       ,13,76,89,493,546,1039
00405708,NATIONAL AMERICAN UNIVERSITY            ,MN,55113-0000,Proprietary  ,1,22,23,25,216,241
00405715,NATIONAL AMERICAN UNIVERSITY - BLOOMINGT,MN,55425-5550,Proprietary  ,3,25,28,19,186,205
00406900,UNIVERSITY OF MINNESOTA-CROOKSTON       ,MN,56716-5001,Public       ,22,25,47,841,312,1153
00438600,VETERAN'S MEDICAL CTR- SCH RAD TECH     ,MN,55417-2399,Public       ,0,1,1,1,8,9
00464100,DUNWOODY COLLEGE OF TECHNOLOGY          ,MN,55403-1192,Private      ,84,141,225,964,969,1933
00464200,GLOBE UNIVERSITY                        ,MN,55125-5408,Proprietary  ,39,110,149,363,803,1166
00464500,MINNEAPOLIS BUSINESS COLLEGE            ,MN,55113-4036,Proprietary  ,1,5,6,454,102,556
00464600,MINNESOTA SCHOOL OF BUSINESS            ,MN,55423-0000,Proprietary  ,300,668,968,2269,4585,6854
00464800,RASMUSSEN COLLEGE - EAGAN               ,MN,55122-1346,Proprietary  ,36,112,148,164,712,876
00525200,RIDGEWATER COLLEGE                      ,MN,56201-2098,Public       ,87,200,287,1948,1600,3548
00526300,MINNESOTA WEST CMNTY & TECH COLG        ,MN,56241-1096,Public       ,49,118,167,945,1115,2060
00553300,"SAINT PAUL COLLEGE, COMMUNITY/TECHNICAL ",MN,55102-1800,Public       ,173,558,731,1570,3458,5028
00553400,ST CLOUD TECHNICAL COLLEGE              ,MN,56303-1240,Public       ,119,177,296,2067,1420,3487
00553500,PINE TECHNICAL COLLEGE                  ,MN,55063-2198,Public       ,23,58,81,161,436,597
00553700,SOUTH CENTRAL COLLEGE                   ,MN,56003-0000,Public       ,76,167,243,1362,1377,2739
00554100,MINNESOTA STATE COMMUNITY AND TECHNICAL ,MN,56573-1405,Public       ,113,312,425,2341,2624,4965
00554400,ALEXANDRIA TECHNICAL COLLEGE            ,MN,56308-3799,Public       ,34,85,119,1283,615,1898
00575700,LAKE SUPERIOR COLLEGE                   ,MN,55811-3399,Public       ,108,218,326,1807,1998,3805
00575900,NORTHWEST TECHNICAL COLLEGE - BEMIDJI   ,MN,56601-4907,Public       ,33,113,146,437,722,1159
00677500,RAINY RIVER COMMUNITY COLLEGE           ,MN,56649-2187,Public       ,7,8,15,171,130,301
00735000,ANOKA-HENNEPIN TECHNICAL COLLEGE        ,MN,55303-1590,Public       ,74,182,256,632,1187,1819
00735100,BROWN COLLEGE                           ,MN,55120-1004,Proprietary  ,127,145,272,1232,1162,2394
00746200,COLLEGE OF VISUAL ARTS                  ,MN,55102-2199,Private      ,4,0,4,188,55,243
00795400,NORMANDALE COMMUNITY COLLEGE            ,MN,55431-4399,Public       ,311,445,756,3343,3366,6709
00826700,NORTHWEST TECHNICAL INSTITUTE           ,MN,55121-5001,Proprietary  ,4,3,7,107,32,139
00869400,RASMUSSEN COLLEGE                       ,MN,56301-3713,Proprietary  ,32,150,182,254,843,1097
00869401,RASMUSSEN COLLEGE - BROOKLYN PARK       ,MN,55445-1512,Proprietary  ,23,149,172,229,996,1225
00905800,BETHEL UNIVERSITY                       ,MN,55112-6999,Private      ,52,138,190,2751,1563,4314
00960000,COSMETOLOGY CAREERS UNLTD-DULUTH        ,MN,55802-2031,Proprietary  ,6,11,17,34,37,71
00972200,EMPIRE BEAUTY SCHOOL                    ,MN,55119-7003,Proprietary  ,11,26,37,99,172,271
00974000,INVER HILLS COMMUNITY COLLEGE           ,MN,55076-3224,Public       ,142,296,438,1587,2067,3654
00983100,MODEL COLLEGE OF HAIR DESIGN            ,MN,56301-4280,Proprietary  ,6,13,19,77,41,118
00987000,EMPIRE BEAUTY SCHOOL                    ,MN,55420-2919,Proprietary  ,11,23,34,98,190,288
00989200,"DULUTH BUSINESS UNIV, INC.              ",MN,55807-0000,Proprietary  ,17,63,80,161,354,515
00999200,OAK HILLS CHRISTIAN COLLEGE             ,MN,56601-0000,Private      ,4,1,5,129,85,214
01024800,ART INSTITUTES INTL MINNESOTA           ,MN,55402-3137,Proprietary  ,121,120,241,1443,941,2384
01035602,EVEREST INSTITUTE - EAGAN               ,MN,55121-1696,Proprietary  ,9,28,37,9,28,37
01037400,METROPOLITAN STATE UNIVERSITY           ,MN,55106-5000,Public       ,89,557,646,1313,4703,6016
01040200,DAKOTA COUNTY TECHNICAL COLLEGE         ,MN,55068-2999,Public       ,88,192,280,985,1270,2255
01049000,REGENCY BEAUTY INSTITUTE                ,MN,55428-0000,Proprietary  ,253,382,635,1210,1421,2631
01049100,HENNEPIN TECHNICAL COLLEGE              ,MN,55445-2399,Public       ,178,465,643,1391,2772,4163
01054600,CENTURY COMMUNITY AND TECHNICAL CLG     ,MN,55110-1894,Public       ,272,542,814,3271,3854,7125
01101700,HERZING COLLEGE                         ,MN,55428-3548,Proprietary  ,18,48,66,143,271,414
01168600,RASMUSSEN COLLEGE - EDEN PRAIRIE        ,MN,55344-7220,Proprietary  ,19,203,222,139,1201,1340
01173200,"MAYO CLINIC, COLLEGE OF MEDICINE        ",MN,55905-0000,Private      ,0,10,10,23,255,278
01173201,MAYO SCHOOL OF HEALTH-RELATED SCIEN     ,MN,55905-0000,Private      ,1,2,3,40,129,169
01173206,MAYO GRAD SCHOOL                        ,MN,55901-0000,Private      ,0,3,3,1,24,25
01173207,MAYO MEDICAL SCHOOL                     ,MN,55901-0000,Private      ,0,2,2,4,154,158
01232800,NORTHWESTERN HEALTH SCIENCES UNIV       ,MN,55431-1599,Private      ,4,40,44,63,926,989
02050300,ACADEMY COLLEGE                         ,MN,55420-1554,Proprietary  ,9,38,47,55,178,233
02096002,REGIONS HOSPITAL -DIETETIC INTRNSHP     ,MN,55101-0000,Private      ,0,0,0,2,0,2
02123200,AVEDA INSTITUTE                         ,MN,55414-0000,Proprietary  ,50,44,94,342,280,622
02159800,COSMETOLOGY CAREERS UNLTD - HIBBING     ,MN,55746-0000,Proprietary  ,2,4,6,20,16,36
02160901,"SALON PROFESSIONAL ACADEMY, THE - THE SA",MN,55428-4928,Proprietary  ,6,12,18,38,48,86
02238100,MINNESOTA SCHOOL OF COSMETOLOGY         ,MN,55125-0000,Proprietary  ,8,31,39,74,137,211
02260500,SUMMIT ACAD OPPORTUNITIES IND CTR       ,MN,55405-0000,Private      ,6,48,54,16,125,141
02263102,HIGH-TECH INSTITUTE - MINNEAPOLIS       ,MN,55416-2467,Proprietary  ,1,0,1,1,0,1
02284500,PILLSBURY BAPTIST BIBLE COLLEGE         ,MN,55060-0000,Private      ,7,2,9,141,32,173
02503300,RASMUSSEN COLLEGE - MANKATO             ,MN,56001-8658,Proprietary  ,26,97,123,224,715,939
02503302,RASMUSSEN COLLEGE - MANKATO -  LAKE ELMO,MN,55042-8624,Proprietary  ,18,96,114,66,326,392
02504200,WALDEN UNIVERSITY                       ,MN,55401-2511,Proprietary  ,2,4126,4128,36,24956,24992
02514100,AMERICAN INDIAN OPPORTUNITIES CTR       ,MN,55404-0000,Private      ,0,20,20,1,84,85
02543600,INGENUE                                 ,MN,56560-0000,Proprietary  ,2,5,7,12,10,22
02551200,EAST METRO OIC                          ,MN,55104-3435,Private      ,1,33,34,25,118,143
03001200,MCNALLY SMITH COLLEGE OF MUSIC          ,MN,55101-2220,Proprietary  ,37,18,55,487,180,667
03051900,ALFRED ADLER GRADUATE SCHOOL            ,MN,55305-0000,Private      ,0,24,24,2,174,176
03096400,LEECH LAKE TRIBAL COLLEGE               ,MN,56633-0000,Public       ,8,32,40,54,268,322
03129100,FOND DU LAC TRIBAL & COMMUNITY CLG      ,MN,55720-2984,Public       ,47,93,140,422,742,1164
03267300,CAPELLA UNIVERSITY                      ,MN,55402-3389,Proprietary  ,9,3067,3076,51,26817,26868
03473400,MINNEAPOLIS SCHOOL OF MASSAGE AND B     ,MN,55418-3343,Private      ,0,0,0,4,19,23
03833300,AMERICAN ACADEMY OF ACUPUNCTURE AND ORIE,MN,55113-0000,Proprietary  ,0,16,16,1,72,73
03921400,WHITE EARTH TRIBAL AND COMMUNITY COLLEGE,MN,56557-0478,Private      ,1,7,8,15,111,126
04044300,HAZELDEN GRADUATE SCHOOL OF ADDICTION ST,MN,55012-0000,Private      ,0,14,14,0,68,68
00239600,ALCORN STATE UNIVERSITY                 ,MS,39096-7500,Public       ,53,150,203,3056,2484,5540
00239700,BELHAVEN COLLEGE                        ,MS,39202-1789,Private      ,23,294,317,1123,2603,3726
00239800,BLUE MOUNTAIN COLLEGE                   ,MS,38610-9370,Private      ,6,19,25,293,286,579
00240100,COAHOMA COMMUNITY COLLEGE               ,MS,38614-9799,Public       ,60,182,242,1080,1928,3008
00240200,COPIAH-LINCOLN COMMUNITY COLLEGE        ,MS,39191-0649,Public       ,97,210,307,1708,1926,3634
00240300,DELTA STATE UNIVERSITY                  ,MS,38733-0000,Public       ,57,214,271,2778,2794,5572
00240400,EAST CENTRAL COMMUNITY COLLEGE          ,MS,39327-0129,Public       ,60,171,231,1352,1482,2834
00240500,EAST MISSISSIPPI COMM COLLEGE           ,MS,39358-0000,Public       ,98,294,392,1921,3021,4942
00240700,HINDS COMMUNITY COLLEGE                 ,MS,39154-9799,Public       ,309,806,1115,5390,7107,12497
00240800,HOLMES COMMUNITY COLLEGE                ,MS,39079-0000,Public       ,116,470,586,2386,3979,6365
00240900,ITAWAMBA COMMUNITY COLLEGE              ,MS,38843-1099,Public       ,131,471,602,2750,4219,6969
00241000,JACKSON STATE UNIVERSITY                ,MS,39217-0001,Public       ,180,571,751,7448,7785,15233
00241100,JONES COUNTY JUNIOR COLLEGE             ,MS,39437-3999,Public       ,151,258,409,2873,2263,5136
00241300,MERIDIAN COMMUNITY COLLEGE              ,MS,39307-5890,Public       ,98,246,344,1888,2126,4014
00241400,MILLSAPS COLLEGE                        ,MS,39201-0000,Private      ,17,34,51,1198,373,1571
00241500,MISSISSIPPI COLLEGE                     ,MS,39058-0001,Private      ,56,164,220,2083,2564,4647
00241501,MISSISSIPPI COLLEGE - SCHOOL OF LAW     ,MS,39201-1391,Private      ,1,8,9,24,706,730
00241502,MISSISSIPPI COLLEGE - RANKIN CAMPUS     ,MS,39042-0000,Private      ,0,4,4,0,6,6
00241600,MISSISSIPPI DELTA CMTY COLLEGE          ,MS,38761-0000,Public       ,82,209,291,1709,2085,3794
00241700,MISSISSIPPI GULF CST CLG-PERKINSTON     ,MS,39573-0000,Public       ,59,79,138,1075,609,1684
00241701,MISSISSIPPI GULF CST CLG-JEFF DAVIS     ,MS,39507-0000,Public       ,102,294,396,1141,2079,3220
00241702,MISSISSIPPI GULF CST CLG-JACKSON CN     ,MS,39553-0000,Public       ,83,209,292,1209,1657,2866
00242200,MISSISSIPPI UNIV FOR WOMEN              ,MS,39701-5818,Public       ,34,101,135,1404,1573,2977
00242300,MISSISSIPPI STATE UNIVERSITY            ,MS,39762-9698,Public       ,235,357,592,9421,5359,14780
00242400,MISSISSIPPI VALLEY STATE UNIVERSITY     ,MS,38941-1400,Public       ,46,226,272,2698,3359,6057
00242600,NORTHEAST MS CMNTY COLLEGE              ,MS,38829-1731,Public       ,75,202,277,2096,1748,3844
00242700,NORTHWEST MISSISSIPPI COMMUNITY CLG     ,MS,38668-1703,Public       ,201,455,656,3814,3594,7408
00243000,PEARL RIVER COMMUNITY COLLEGE           ,MS,39470-2201,Public       ,145,272,417,2237,2652,4889
00243300,RUST COLLEGE                            ,MS,38635-2328,Private      ,29,29,58,1076,372,1448
00243500,SOUTHEASTERN BAPTIST COLLEGE            ,MS,39440-0000,Private      ,1,4,5,30,61,91
00243600,SOUTHWEST MISSISSIPPI CMNTY CLG         ,MS,39666-8099,Public       ,84,157,241,1118,1137,2255
00243900,TOUGALOO COLLEGE                        ,MS,39174-9799,Private      ,17,40,57,1279,421,1700
00244000,UNIVERSITY OF MISSISSIPPI               ,MS,38677-1848,Public       ,237,270,507,8094,4905,12999
00244001,UNIVERSITY OF MISSISSIPPI - MED CTR     ,MS,39216-0000,Public       ,14,28,42,370,1383,1753
00244100,UNIVERSITY OF SOUTHERN MISSISSIPPI      ,MS,39406-0001,Public       ,316,546,862,8857,7450,16307
00244700,WILLIAM CAREY UNIVERSITY                ,MS,39401-5499,Private      ,43,264,307,1088,2350,3438
01146100,WESLEY COLLEGE                          ,MS,39073-1070,Private      ,2,5,7,56,67,123
01289101,ANTONELLI COLLEGE - JACKSON             ,MS,39208-4526,Proprietary  ,7,16,23,30,100,130
01289102,ANTONELLI COLLEGE - HATTIESBURG         ,MS,39401-3056,Proprietary  ,5,15,20,29,57,86
02074900,CHRIS' BEAUTY COLLEGE                   ,MS,39501-0000,Proprietary  ,3,16,19,27,86,113
02160500,NORTH MISSISSIPPI MED CTR MED TECH      ,MS,38801-0000,Private      ,0,3,3,10,34,44
02235900,ACADEMY OF HAIR DESIGN #4               ,MS,39208-0000,Proprietary  ,1,11,12,28,75,103
02244300,ACADEMY OF HAIR DESIGN #1               ,MS,38901-0000,Proprietary  ,10,20,30,55,199,254
02249900,DELTA BEAUTY COLLEGE                    ,MS,38701-0000,Proprietary  ,4,8,12,26,87,113
02251600,ACADEMY OF HAIR DESIGN #6               ,MS,39401-7581,Proprietary  ,5,4,9,36,98,134
02251700,FOSTER'S COSMETOLOGY COLLEGE            ,MS,38663-0000,Proprietary  ,2,6,8,12,37,49
02302800,MISSISSIPPI COLLEGE OF BEAUTY CULT      ,MS,39440-0000,Proprietary  ,9,12,21,24,54,78
02320800,MAGNOLIA COLLEGE OF COSMETOLOGY         ,MS,39206-0000,Proprietary  ,4,29,33,53,156,209
02361200,MAGNOLIA BIBLE COLLEGE                  ,MS,39090-0000,Private      ,1,1,2,11,29,40
02490200,"ICS, THE WRIGHT BEAUTY COLLEGE          ",MS,38834-0000,Proprietary  ,1,4,5,6,23,29
02502100,CREATIONS COLLEGE OF COSMETOLOGY        ,MS,38803-0000,Proprietary  ,6,6,12,26,73,99
02516200,WESLEY BIBLICAL SEMINARY                ,MS,39206-0000,Private      ,0,9,9,2,98,100
02554600,GIBSON'S BARBER AND BEAUTY COLLEGE      ,MS,39773-0000,Proprietary  ,1,10,11,24,60,84
02586000,J & J HAIR DESIGN COLLEGE               ,MS,39051-3716,Proprietary  ,5,33,38,24,135,159
03004000,FINAL TOUCH BEAUTY SCHOOL               ,MS,39307-2934,Proprietary  ,5,21,26,19,62,81
03010401,CRESCENT CITY BARTENDING SCHOOL         ,MS,39501-0000,Proprietary  ,0,8,8,2,23,25
03010404,CRESCENT CITY SCHOOL OF GAMING & BARTEND,MS,38664-1903,Proprietary  ,0,1,1,1,2,3
03010603,VIRGINIA COLLEGE - JACKSON              ,MS,39206-5602,Proprietary  ,2,9,11,32,182,214
03010610,VIRGINIA COLLEGE - BILOXI               ,MS,39532-2124,Proprietary  ,0,13,13,10,97,107
03263300,TRAXLER'S SCHOOL OF HAIR                ,MS,39212-2529,Proprietary  ,3,11,14,14,68,82
03464300,ACADEMY OF HAIR DESIGN                  ,MS,39562-0000,Proprietary  ,1,16,17,8,61,69
03525300,BLUE CLIFF COLLEGE                      ,MS,39507-0000,Proprietary  ,11,41,52,55,203,258
03848300,DAY SPA CAREER COLLEGE                  ,MS,39564-0000,Proprietary  ,2,10,12,24,58,82
03963300,HEALING TOUCH SCHOOL OF MASSAGE THERAPY ,MS,39402-1300,Proprietary  ,0,6,6,15,44,59
00252600,CARROLL COLLEGE                         ,MT,59625-0002,Private      ,15,13,28,1464,195,1659
00252700,UNIVERSITY OF GREAT FALLS               ,MT,59405-4996,Private      ,17,39,56,435,489,924
00252800,MILES COMMUNITY COLLEGE                 ,MT,59301-4799,Public       ,13,17,30,263,230,493
00252900,DAWSON COMMUNITY COLLEGE                ,MT,59330-1405,Public       ,6,16,22,202,109,311
00253000,MONTANA STATE UNIVERSITY - BILLINGS     ,MT,59101-0298,Public       ,99,291,390,2373,2854,5227
00253100,MONTANA TECH OF THE UNIV OF MONTANA     ,MT,59701-8997,Public       ,45,82,127,1271,934,2205
00253200,MONTANA STATE UNIVERSITY - BOZEMAN      ,MT,59717-0001,Public       ,181,182,363,7472,3272,10744
00253300,MONTANA STATE UNIVERSITY-NORTHERN       ,MT,59501-3148,Public       ,23,58,81,680,756,1436
00253400,ROCKY MOUNTAIN COLLEGE                  ,MT,59102-1796,Private      ,16,28,44,799,339,1138
00253600,UNIVERSITY OF MONTANA (THE)             ,MT,59812-0001,Public       ,198,346,544,7083,5972,13055
00253700,UNIVERSITY OF MONTANA WESTERN (THE)     ,MT,59725-3598,Public       ,35,30,65,914,427,1341
00442500,BENEFIS HEALTHCARE SCH RAD TECH         ,MT,59405-4324,Private      ,0,0,0,9,5,14
00677700,FLATHEAD VALLEY COMMUNITY COLLEGE       ,MT,59901-2699,Public       ,40,96,136,482,643,1125
00757000,HELENA COLLEGE OF TECHNOLOGY            ,MT,59601-3098,Public       ,22,62,84,357,557,914
00790000,BUTTE ACADEMY OF BEAUTY CULTURE         ,MT,59701-9197,Proprietary  ,3,2,5,22,18,40
00894700,"DAHL'S COLLEGE OF BEAUTY,INC            ",MT,59401-3731,Proprietary  ,0,6,6,13,28,41
00931400,MSU COLLEGE OF TECH-GREAT FALLS         ,MT,59405-4907,Public       ,39,173,212,483,1114,1597
00946800,COLLEGE OF COIFFURE ART LTD             ,MT,59102-5333,Proprietary  ,0,0,0,14,15,29
02143400,SALISH KOOTENAI COLLEGE                 ,MT,59855-0000,Public       ,33,95,128,233,691,924
02286600,LITTLE BIG HORN COLLEGE                 ,MT,59022-0000,Public       ,17,27,44,91,154,245
02343000,FT PECK COMMUNITY COLLEGE               ,MT,59255-0000,Public       ,16,31,47,59,234,293
02510600,BLACKFEET COMMUNITY COLLEGE             ,MT,59417-0000,Private      ,6,30,36,132,392,524
02517500,FORT BELKNAP COLLEGE                    ,MT,59526-0000,Public       ,6,12,18,58,104,162
02545200,CHIEF DULL KNIFE COLLEGE                ,MT,59043-0098,Public       ,3,13,16,57,123,180
02610900,STONE CHILD COLLEGE                     ,MT,59521-9796,Public       ,4,9,13,61,164,225
02621300,ACADEMY OF COSMETOLOGY                  ,MT,59715-3544,Proprietary  ,3,1,4,27,22,49
03205300,MODERN BEAUTY SCHOOL                    ,MT,59801-8386,Proprietary  ,3,5,8,32,33,65
03763400,"ACADEMY OF NAIL, SKIN & HAIR            ",MT,59101-0000,Proprietary  ,5,11,16,67,63,130
03778300,HEALTH WORKS INSTITUTE                  ,MT,59715-0000,Proprietary  ,0,3,3,20,31,51
00253900,CHADRON STATE COLLEGE                   ,NE,69337-2690,Public       ,34,85,119,1453,787,2240
00254000,COLLEGE OF ST MARY                      ,NE,68106-2606,Private      ,13,56,69,410,905,1315
00254100,CONCORDIA UNIVERSITY                    ,NE,68434-1594,Private      ,12,19,31,1261,173,1434
00254200,CREIGHTON UNIVERSITY                    ,NE,68178-0001,Private      ,67,86,153,4269,3971,8240
00254300,DANA COLLEGE                            ,NE,68008-9905,Private      ,6,6,12,887,69,956
00254400,DOANE COLLEGE                           ,NE,68333-2421,Private      ,10,83,93,1296,770,2066
00254700,GRACE UNIVERSITY                        ,NE,68108-3629,Private      ,10,21,31,293,206,499
00254800,HASTINGS COLLEGE                        ,NE,68901-7621,Private      ,20,6,26,1515,127,1642
00255100,UNIVERSITY OF NEBRASKA AT KEARNEY       ,NE,68849-0001,Public       ,73,111,184,3881,1371,5252
00255300,MIDLAND LUTHERAN COLLEGE                ,NE,68025-4254,Private      ,8,23,31,942,167,1109
00255400,UNIVERSITY OF NEBRASKA-OMAHA            ,NE,68182-0001,Public       ,265,353,618,6995,4822,11817
00255500,NEBRASKA WESLEYAN UNIVERSITY            ,NE,68504-2796,Private      ,43,34,77,1902,419,2321
00255700,MID-PLAINS COMM COLLEGE - NORTH PLATTE  ,NE,69101-9420,Public       ,21,41,62,388,457,845
00255701,MID-PLAINS COMMUNITY COLLEGE - MCCOOK   ,NE,69001-2631,Public       ,14,13,27,224,137,361
00255900,PERU STATE COLLEGE                      ,NE,68421-0010,Public       ,16,70,86,861,836,1697
00256000,WESTERN NEBRASKA COMMUNITY COLLEGE      ,NE,69361-1815,Public       ,37,90,127,617,689,1306
00256300,UNION COLLEGE                           ,NE,68506-4387,Private      ,14,8,22,719,263,982
00256500,UNIVERSITY OF NEBRASKA-LINCOLN          ,NE,68588-0419,Public       ,265,247,512,13294,4443,17737
00256596,UNIVERSITY OF NEBRASKA - CURTIS         ,NE,69025-9522,Public       ,5,2,7,224,26,250
00256600,WAYNE STATE COLLEGE                     ,NE,68787-1172,Public       ,32,48,80,2455,793,3248
00256700,YORK COLLEGE                            ,NE,68467-2699,Private      ,3,1,4,429,81,510
00443100,MARY LANNING MEM HOSP SCH RAD TECH      ,NE,68901-4497,Private      ,0,1,1,11,6,17
00443600,REGNL WST MEDCL CTR SCHL RAD            ,NE,69361-0000,Private      ,0,2,2,11,11,22
00458608,KAPLAN UNIVERSITY - OMAHA               ,NE,68134-1002,Proprietary  ,23,166,189,178,972,1150
00458609,KAPLAN UNIVERSITY - LINCOLN             ,NE,68508-2668,Proprietary  ,22,88,110,183,703,886
00639900,BRYANLGH COLLEGE OF HEALTH SCIENCES     ,NE,68506-1398,Private      ,7,10,17,242,210,452
00640400,NEBR METHODIST CLG OF NURS ALLD HLTH    ,NE,68114-2852,Private      ,15,34,49,377,457,834
00689500,UNIVERSITY OF NEBRASKA-MED CTR          ,NE,68198-4265,Public       ,20,55,75,533,1963,2496
00750100,VATTEROTT COLLEGE                       ,NE,68137-1237,Proprietary  ,20,100,120,207,861,1068
00849200,ALEGENT HEALTH SCHOOLS                  ,NE,68114-2767,Private      ,0,5,5,39,69,108
00952300,BAHNER COLLEGE OF HAIRSTYLING           ,NE,68025-3297,Proprietary  ,3,4,7,57,25,82
00961700,CAPITOL BEAUTY SCHOOL                   ,NE,68144-3873,Proprietary  ,9,5,14,99,67,166
00974300,BELLEVUE UNIVERSITY                     ,NE,68005-0000,Private      ,61,755,816,679,5064,5743
00986200,CLARKSON COLLEGE                        ,NE,68131-2739,Private      ,10,32,42,432,545,977
01151900,JOSEPH'S COLLEGE OF BEAUTY/ALL CAMPUSES ,NE,68510-2226,Proprietary  ,12,37,49,190,284,474
01166700,NORTHEAST COMMUNITY COLLEGE             ,NE,68702-0000,Public       ,49,102,151,1430,953,2383
01258600,METROPOLITAN COMMUNITY COLLEGE          ,NE,68103-0000,Public       ,266,704,970,3053,6354,9407
01297600,NEBRASKA CHRISTIAN COLLEGE              ,NE,68046-4256,Private      ,1,0,1,153,32,185
02079700,COLLEGE OF HAIR DESIGN                  ,NE,68508-0000,Proprietary  ,23,36,59,140,127,267
02099500,CENTRAL COMMUNITY COLLEGE- GI           ,NE,68801-0000,Public       ,37,115,152,494,925,1419
02099501,CENTRAL COMMUNITY COLLEGE - HASTINGS    ,NE,68902-0000,Public       ,33,71,104,807,513,1320
02099502,CENTRAL COMMUNITY COLLEGE - COLUMBUS    ,NE,68602-0000,Public       ,11,46,57,386,383,769
02508300,SOUTHEAST COMM. COLLEGE-ALL CAMPUSES    ,NE,68520-0000,Public       ,383,443,826,4160,3615,7775
02550800,NEBRASKA INDIAN COMMUNITY COLLEGE       ,NE,68039-0000,Public       ,1,8,9,12,71,83
02610500,XENON INTERNATIONAL ACADEMY II          ,NE,68127-3522,Proprietary  ,26,20,46,199,112,311
03023300,VATTEROTT COLLEGE                       ,NE,68137-1237,Proprietary  ,0,0,0,4,9,13
03127300,OMAHA SCHOOL OF MASSAGE THERAPY         ,NE,68127-5002,Proprietary  ,7,17,24,59,85,144
03164300,THE CREATIVE CENTER                     ,NE,68164-2911,Proprietary  ,1,2,3,123,25,148
03279300,MYOTHERAPY INSTITUTE                    ,NE,68516-3641,Proprietary  ,4,8,12,37,38,75
03323300,LITTLE PRIEST TRIBAL COLLEGE            ,NE,68071-0000,Private      ,2,5,7,13,83,96
03821400,UNIVERSAL COLLEGE OF HEALING ARTS       ,NE,68112-1810,Proprietary  ,0,6,6,9,34,43
00256800,UNIVERSITY OF NEVADA RENO               ,NV,89557-0002,Public       ,193,258,451,5725,3340,9065
00256900,UNIVERSITY OF NEVADA-LAS VEGAS          ,NV,89154-1001,Public       ,354,715,1069,8869,9926,18795
00697700,GREAT BASIN COLLEGE                     ,NV,89801-3348,Public       ,24,87,111,390,715,1105
00736700,MARINELLO SCHOOLS OF BEAUTY             ,NV,89110-3563,Proprietary  ,17,54,71,94,270,364
00737100,MARINELLO SCHOOL OF BEAUTY              ,NV,89502-5982,Proprietary  ,7,24,31,20,56,76
00919200,SIERRA NEVADA COLLEGE                   ,NV,89451-0000,Private      ,6,56,62,209,384,593
01036200,COLLEGE OF SOUTHERN NEVADA              ,NV,89146-1139,Public       ,492,1275,1767,4244,8955,13199
01036300,WESTERN NEVADA COLLEGE                  ,NV,89703-0000,Public       ,41,198,239,534,1197,1731
01323200,ACADEMY OF HAIR DESIGN                  ,NV,89102-0000,Proprietary  ,27,42,69,99,155,254
02097100,SOUTHERN NEVADA UNIV OF COSMETOLOGY     ,NV,89121-0000,Proprietary  ,0,0,0,5,8,13
02107700,TRUCKEE MEADOWS COMMUNITY CLG           ,NV,89512-0000,Public       ,167,422,589,1689,2971,4660
02237500,EVEREST COLLEGE                         ,NV,89103-0000,Proprietary  ,52,147,199,268,702,970
02338509,NEVADA CAREER INSTITUTE                 ,NV,89121-0000,Proprietary  ,12,57,69,80,334,414
02361001,ITT TECHNICAL INSTITUTE                 ,NV,89014-0000,Proprietary  ,102,219,321,318,668,986
02616703,SCOTTSDALE CULINARY INSTITUTE - LE CORDO,NV,89144-7047,Proprietary  ,4,22,26,79,150,229
02621500,CAREER COLLEGE OF NORTHERN NEVADA       ,NV,89434-7905,Proprietary  ,18,73,91,88,379,467
03030603,UTAH CLG OF MASSAGE THERAPY-NSMT        ,NV,89123-0000,Proprietary  ,29,106,135,125,356,481
03031405,INTERNATIONAL ACADEMY OF DESIGN AND TECH,NV,89074-7750,Proprietary  ,35,57,92,160,228,388
03043200,KAPLAN COLLEGE                          ,NV,89102-8618,Proprietary  ,21,89,110,149,489,638
03076404,HIGH-TECH INSTITUTE - LAS VEGAS         ,NV,89102-4514,Proprietary  ,5,4,9,5,4,9
03084600,THE ART INSTITUTE OF LAS VEGAS          ,NV,89074-7737,Proprietary  ,102,148,250,962,1103,2065
03088200,CARSON CITY BEAUTY ACADEMY              ,NV,89706-0000,Proprietary  ,5,16,21,24,85,109
03110000,ACADEMY OF HEALING ARTS                 ,NV,89106-4031,Proprietary  ,32,99,131,120,405,525
03232305,COMPUTER-ED INSTITUTE -                 ,NV,89014-6398,Proprietary  ,0,3,3,25,41,66
03232306,EUPHORIA INSTITUTE - SUMMERLIN          ,NV,89117-8803,Proprietary  ,24,25,49,93,145,238
03232307,EUPHORIA INSTITUTE - GREEN VALLEY       ,NV,89052-4964,Proprietary  ,19,36,55,74,144,218
03787300,EXPERTISE SCHOOL OF BEAUTY              ,NV,89106-2516,Private      ,4,23,27,27,112,139
03838500,NORTHWEST HEALTH CAREERS                ,NV,89128-0000,Proprietary  ,5,43,48,29,110,139
03975300,INSTITUTE OF PROFESSIONAL CAREERS       ,NV,89119-7825,Proprietary  ,1,7,8,24,48,72
04065300,UNIVERSITY OF SOUTHERN NEVADA           ,NV,89014-2333,Private      ,2,21,23,111,963,1074
04114300,NEVADA STATE COLLEGE                    ,NV,89002-9455,Public       ,25,75,100,453,810,1263
00257200,COLBY-SAWYER COLLEGE                    ,NH,03257-4648,Private      ,13,1,14,1508,44,1552
00257300,DARTMOUTH COLLEGE                       ,NH,03755-3529,Private      ,53,27,80,6652,1658,8310
00257500,FRANKLIN PIERCE UNIVERSITY              ,NH,03461-0060,Private      ,16,66,82,2819,812,3631
00257900,NEW ENGLAND COLLEGE                     ,NH,03242-3293,Private      ,15,64,79,1325,458,1783
00258000,SOUTHERN NEW HAMPSHIRE UNIVERSITY       ,NH,03106-1045,Private      ,53,366,419,3243,2939,6182
00258100,NHTI  - CONCORD'S COMMUNITY COLLEGE     ,NH,03301-7412,Public       ,76,108,184,1726,1069,2795
00258200,MANCHESTER COMMUNITY COLLEGE            ,NH,03102-8518,Public       ,36,67,103,693,730,1423
00258202,NEW HAMPSHIRE COMMUNITY TECHNICAL COLLEG,NH,03038-0000,Public       ,2,0,2,5,4,9
00258204,HEW HAMPSHIRE COMMUNITY TECHNICAL COLLEG,NH,03803-2807,Public       ,0,0,0,6,7,13
00258300,GREAT BAY COMMUNITY COLLEGE             ,NH,03885-0000,Public       ,18,41,59,491,563,1054
00258600,RIVIER COLLEGE                          ,NH,03060-5086,Private      ,18,58,76,1254,710,1964
00258700,SAINT ANSELM COLLEGE                    ,NH,03102-1310,Private      ,14,5,19,3284,53,3337
00258900,UNIVERSITY OF NEW HAMPSHIRE             ,NH,03824-2511,Public       ,120,109,229,15778,2602,18380
00259000,KEENE STATE COLLEGE                     ,NH,03431-0000,Public       ,65,34,99,5758,499,6257
00259100,PLYMOUTH STATE UNIVERSITY               ,NH,03264-1595,Public       ,48,42,90,5528,747,6275
00301004,ANTIOCH UNIVERSITY                      ,NH,03431-0000,Private      ,0,25,25,2,805,807
00472900,HESSER COLLEGE                          ,NH,03103-7230,Proprietary  ,90,154,244,846,922,1768
00472901,HESSER COLLEGE - NASHUA CAMPUS          ,NH,03063-1286,Proprietary  ,19,60,79,160,438,598
00472904,HESSER COLLEGE - PORTSMOUTH CAMPUS      ,NH,03801-3245,Proprietary  ,22,76,98,160,452,612
00472905,HESSER COLLEGE - SALEM CAMPUS           ,NH,03079-2842,Proprietary  ,31,93,124,234,539,773
00472906,HESSER COLLEGE - CONCORD CAMPUS         ,NH,03301-3415,Proprietary  ,14,59,73,86,348,434
00473000,MCINTOSH COLLEGE INC                    ,NH,03820-3990,Proprietary  ,48,79,127,837,620,1457
00473100,DANIEL WEBSTER COLLEGE                  ,NH,03063-1300,Proprietary  ,9,14,23,1106,210,1316
00473300,CHESTER COLLEGE OF NEW ENGLAND          ,NH,03036-4331,Private      ,4,1,5,256,35,291
00529100,WHITE MOUNTAINS COMMUNITY COLLEGE       ,NH,03570-3799,Public       ,14,34,48,244,440,684
00529101,N.H.COMM TECH COLLEGE - LACONIA         ,NH,03246-0000,Public       ,0,0,0,7,5,12
00702500,LEBANON COLLEGE                         ,NH,03766-0000,Private      ,0,1,1,20,32,52
00755500,LAKES REGION COMMUNITY COLLEGE          ,NH,03246-1326,Public       ,18,39,57,440,356,796
00756000,RIVER VALLEY COMMUNITY COLLEGE          ,NH,03743-9707,Public       ,11,41,52,223,470,693
00849300,CONTINENTAL ACADEMIE OF HAIR DESIGN     ,NH,03103-4901,Proprietary  ,2,4,6,19,11,30
00864500,EMPIRE BEAUTY SCHOOL                    ,NH,03220-0000,Proprietary  ,32,28,60,111,97,208
00923600,NASHUA COMMUNITY COLLEGE                ,NH,03063-2052,Public       ,30,53,83,569,485,1054
01318900,CONTINENTAL ACADEMIE OF HAIR DESIGN     ,NH,03051-3754,Proprietary  ,3,4,7,38,12,50
02097900,FRANKLIN PIERCE LAW CENTER              ,NH,03301-0000,Private      ,0,4,4,13,648,661
02140400,ST JOSEPH SCH OF PRAC NRSG              ,NH,03060-0000,Private      ,3,14,17,39,101,140
02174800,MICHAEL'S SCHOOL OF HAIR DESIGN & ESTHET,NH,03110-0000,Proprietary  ,12,11,23,66,43,109
02179600,EMPIRE BEAUTY SCHOOL                    ,NH,03878-0000,Proprietary  ,20,29,49,100,123,223
02211600,PORTSMOUTH BTY SCH OF HAIR DESIGN       ,NH,03801-4084,Proprietary  ,2,3,5,18,15,33
02245400,KEENE BEAUTY ACADEMY                    ,NH,03431-0000,Proprietary  ,6,5,11,31,29,60
02247000,NEW ENGLAND SCHOOL OF HAIR DESIGN       ,NH,03784-0000,Proprietary  ,11,4,15,30,28,58
02300200,CONCORD ACADEMY OF HAIR DESIGN          ,NH,03301-0000,Proprietary  ,0,1,1,7,10,17
03043100,THOMAS MORE COLLEGE OF LIBERAL ARTS     ,NH,03054-4818,Private      ,1,0,1,105,6,111
03101300,GRANITE STATE COLLEGE                   ,NH,03301-6400,Public       ,11,106,117,160,1091,1251
03182300,NEW HAMPSHIRE INSTITUTE OF ART          ,NH,03104-4858,Private      ,7,2,9,350,50,400
03305300,SECOND START                            ,NH,03301-5706,Private      ,0,0,0,2,6,8
03437300,UPPER VALLEY TEACHER TRANING PROGRAM    ,NH,03766-1358,Private      ,0,1,1,2,30,32
03729300,NH INSTITUTE FOR THERAPEUTIC ARTS       ,NH,03051-4906,Proprietary  ,3,16,19,11,42,53
00267000,BAPTIST BIBLE COLG OF PENNSYLVANIA      ,PA,18411-1297,Private      ,15,9,24,732,149,881
00322800,BRYN ATHYN COLLEGE OF THE NEW CHURCH    ,PA,19009-0717,Private      ,7,1,8,78,4,82
00322900,ALBRIGHT COLLEGE                        ,PA,19612-5234,Private      ,26,59,85,2932,721,3653
00323000,ALLEGHENY COLLEGE                       ,PA,16335-3902,Private      ,15,4,19,3266,65,3331
00323100,COMM CLG OF ALLEGHENY-ALLEGHENY CMP     ,PA,15212-0000,Public       ,176,405,581,2026,3505,5531
00323101,"COMM CLG OF ALLEGHENY, BOYCE CAMPUS     ",PA,15146-0000,Public       ,79,182,261,1150,1598,2748
00323102,"COMM CLG OF ALLEGHENY, NORTH CAMPUS     ",PA,15237-0000,Public       ,65,95,160,935,874,1809
00323103,"COMM CLG OF ALLEGHENY, SOUTH CAMPUS     ",PA,15122-0000,Public       ,90,199,289,1407,1765,3172
00323300,ALVERNIA UNIVERSITY                     ,PA,19607-1799,Private      ,28,79,107,1665,1202,2867
00323500,ARCADIA UNIVERSITY                      ,PA,19038-3295,Private      ,42,65,107,3437,1423,4860
00323700,BRYN MAWR COLLEGE                       ,PA,19010-2899,Private      ,12,7,19,1312,480,1792
00323800,BUCKNELL UNIVERSITY                     ,PA,17837-2122,Private      ,28,3,31,4786,127,4913
00323900,BUCKS COUNTY COMMUNITY COLLEGE          ,PA,18940-1320,Public       ,177,239,416,2487,1979,4466
00324000,BUTLER COUNTY COMMUNITY COLLEGE         ,PA,16001-0000,Public       ,94,156,250,1389,1393,2782
00324100,CABRINI COLLEGE                         ,PA,19087-3698,Private      ,17,112,129,2642,911,3553
00324200,CARNEGIE MELLON UNIVERSITY              ,PA,15213-3890,Private      ,57,33,90,8092,888,8980
00324201,CARNEGIE MELLON UNIV- THE HEINZ SCH     ,PA,15213-0000,Private      ,5,16,21,438,446,884
00324202,CARNEGIE MELLON- TEPPER SCHOOL OF BUSINE,PA,15213-0000,Private      ,0,7,7,10,588,598
00324300,CEDAR CREST COLLEGE                     ,PA,18104-6196,Private      ,7,55,62,1287,1002,2289
00324400,CHATHAM UNIVERSITY                      ,PA,15232-2826,Private      ,9,56,65,654,1094,1748
00324500,CHESTNUT HILL COLLEGE                   ,PA,19118-2693,Private      ,23,92,115,1311,1218,2529
00324700,MISERICORDIA  UNIVERSITY                ,PA,18612-1008,Private      ,19,69,88,1778,794,2572
00324900,COMMUNITY COLLEGE OF PHILADELPHIA       ,PA,19130-3991,Public       ,784,1711,2495,8865,13515,22380
00325100,CURTIS INSTITUTE OF MUSIC               ,PA,19103-6187,Private      ,0,0,0,223,83,306
00325200,DELAWARE VALLEY COLLEGE                 ,PA,18901-2697,Private      ,21,17,38,2100,263,2363
00325300,DICKINSON COLLEGE                       ,PA,17013-2896,Private      ,30,3,33,2941,42,2983
00325400,DICKINSON SCHOOL OF LAW                 ,PA,17013-2899,Private      ,4,10,14,33,1454,1487
00325600,DREXEL UNIVERSITY                       ,PA,19104-2875,Private      ,201,576,777,15893,10583,26476
00325800,DUQUESNE UNIVERSITY                     ,PA,15282-0001,Private      ,55,179,234,6508,3707,10215
00325900,EASTERN UNIVERSITY                      ,PA,19087-3696,Private      ,24,202,226,2105,1977,4082
00325908,EASTERN BAPTIST THEOLGCL SEMINARY       ,PA,19096-0000,Private      ,0,6,6,1,97,98
00326200,ELIZABETHTOWN COLLEGE                   ,PA,17022-2298,Private      ,9,23,32,2756,306,3062
00326300,EVANGELICAL SCHOOL OF THEOLOGY          ,PA,17067-0000,Private      ,0,4,4,0,90,90
00326500,FRANKLIN & MARSHALL COLLEGE             ,PA,17604-0000,Private      ,18,3,21,2443,52,2495
00326600,GANNON UNIVERSITY                       ,PA,16541-0001,Private      ,20,88,108,3253,1221,4474
00326700,GENEVA COLLEGE                          ,PA,15010-3599,Private      ,15,67,82,1736,826,2562
00326800,GETTYSBURG COLLEGE                      ,PA,17325-1486,Private      ,22,4,26,3819,55,3874
00326900,GROVE CITY COLLEGE                      ,PA,16127-0000,Private      ,14,1,15,1782,30,1812
00327000,GWYNEDD-MERCY COLLEGE                   ,PA,19437-0901,Private      ,21,84,105,1551,1066,2617
00327200,HARCUM COLLEGE                          ,PA,19010-3476,Private      ,16,33,49,524,734,1258
00327300,HARRISBURG AREA COMMUNITY COLLEGE       ,PA,17110-2999,Public       ,470,1090,1560,6531,9351,15882
00327400,HAVERFORD COLLEGE                       ,PA,19041-1392,Private      ,15,0,15,1745,15,1760
00327500,HOLY FAMILY UNIVERSITY                  ,PA,19114-2094,Private      ,25,123,148,1716,1764,3480
00327600,IMMACULATA UNIVERSITY                   ,PA,19345-0647,Private      ,13,149,162,1261,1299,2560
00327700,INDIANA UNIVERSITY OF PENNSYLVANIA      ,PA,15705-1097,Public       ,131,167,298,11490,3248,14738
00327900,JUNIATA COLLEGE                         ,PA,16652-2196,Private      ,10,3,13,1912,78,1990
00328000,KEYSTONE COLLEGE                        ,PA,18440-0200,Private      ,22,56,78,1591,721,2312
00328200,KINGS COLLEGE                           ,PA,18711-0801,Private      ,29,21,50,2656,393,3049
00328300,LACKAWANNA COLLEGE                      ,PA,18509-9961,Private      ,57,52,109,1271,698,1969
00328400,LAFAYETTE COLLEGE                       ,PA,18042-1768,Private      ,23,3,26,3188,46,3234
00328500,LANCASTER BIBLE COLLEGE                 ,PA,17601-5036,Private      ,8,16,24,565,278,843
00328600,LANCASTER THEOLOGICAL SEMINARY          ,PA,17603-0000,Private      ,0,9,9,1,108,109
00328700,LASALLE UNIVERSITY                      ,PA,19141-1199,Private      ,68,173,241,4762,2499,7261
00328800,LEBANON VALLEY COLLEGE                  ,PA,17003-1400,Private      ,13,13,26,2377,175,2552
00328900,LEHIGH UNIVERSITY                       ,PA,18015-1588,Private      ,68,31,99,7222,569,7791
00329000,LINCOLN UNIVERSITY                      ,PA,19352-0999,Public       ,56,56,112,3292,1013,4305
00329100,LUTHERAN THEOLOG SEMINARY-GETTYSBRG     ,PA,17325-0000,Private      ,0,5,5,0,148,148
00329200,LUTHERAN THEOLOGICAL SEMINARY           ,PA,19119-0000,Private      ,0,16,16,0,203,203
00329300,LYCOMING COLLEGE                        ,PA,17701-5192,Private      ,8,4,12,1911,82,1993
00329400,MANOR COLLEGE                           ,PA,19046-3399,Private      ,23,38,61,514,461,975
00329600,MARYWOOD UNIVERSITY                     ,PA,18509-1598,Private      ,30,71,101,2277,1477,3754
00329700,MERCYHURST COLLEGE                      ,PA,16546-0001,Private      ,58,102,160,4167,1330,5497
00329800,MESSIAH COLLEGE                         ,PA,17027-0800,Private      ,30,3,33,3196,119,3315
00330000,MOORE COLLEGE OF ART & DESIGN           ,PA,19103-1179,Private      ,11,12,23,654,190,844
00330100,MORAVIAN COLLEGE                        ,PA,18018-6650,Private      ,11,12,23,2052,210,2262
00330101,MORAVIAN THEOLOGICAL SEMINARY           ,PA,18018-0000,Private      ,1,5,6,12,67,79
00330200,MOUNT ALOYSIUS COLLEGE                  ,PA,16630-1999,Private      ,13,60,73,1186,806,1992
00330300,CARLOW COLLEGE                          ,PA,15213-3165,Private      ,14,110,124,1211,1564,2775
00330400,MUHLENBERG COLLEGE                      ,PA,18104-5586,Private      ,29,25,54,2777,214,2991
00330600,VALLEY FORGE CHRISTIAN COLLEGE          ,PA,19460-2399,Private      ,17,10,27,822,202,1024
00330900,PEIRCE COLLEGE                          ,PA,19102-4699,Private      ,22,181,203,265,2035,2300
00331100,PENNSYLVANIA COLLEGE OF OPTOMETRY       ,PA,19027-1598,Private      ,0,6,6,18,814,832
00331300,WIDENER UNIVERSITY                      ,PA,19013-5792,Private      ,44,94,138,3785,1986,5771
00331302,WIDENER UNIV SCH OF LAW- HARRISBURG     ,PA,17106-9381,Private      ,0,7,7,7,726,733
00331500,BLOOMSBURG UNIVERSITY OF PA             ,PA,17815-1301,Public       ,131,89,220,9099,1563,10662
00331600,CALIFORNIA UNIV OF PENNSYLVANIA         ,PA,15419-1394,Public       ,95,290,385,5862,3557,9419
00331700,CHEYNEY UNIVERSITY OF PENNSYLVANIA      ,PA,19319-0200,Public       ,42,62,104,1974,729,2703
00331800,CLARION UNIVERSITY OF PENNSYLVANIA      ,PA,16214-1232,Public       ,74,120,194,5290,1866,7156
00332000,EAST STROUDSBURG UNIVERSITY             ,PA,18301-2999,Public       ,82,87,169,6713,1322,8035
00332100,EDINBORO UNIVERSITY OF PENNSYLVANIA     ,PA,16444-0001,Public       ,99,191,290,5497,2849,8346
00332200,KUTZTOWN UNIVERSITY OF PENNSYLVANIA     ,PA,19530-9339,Public       ,114,94,208,9399,1556,10955
00332300,LOCK HAVEN UNIV OF PENNSYLVANIA         ,PA,17745-2439,Public       ,39,63,102,5368,1074,6442
00332400,MANSFIELD UNIVERSITY                    ,PA,16933-1123,Public       ,40,65,105,2783,1001,3784
00332500,MILLERSVILLE UNIVERSITY OF PA           ,PA,17551-1800,Public       ,99,96,195,7408,1721,9129
00332600,SHIPPENSBURG UNIVERSITY                 ,PA,17257-2299,Public       ,97,91,188,6788,1239,8027
00332700,SLIPPERY ROCK UNIVERSITY                ,PA,16057-1326,Public       ,83,102,185,7322,1789,9111
00332800,WEST CHESTER UNIVERSITY                 ,PA,19383-0001,Public       ,126,154,280,11941,2794,14735
00332900,PENN STATE UNIVERSITY                   ,PA,16802-1503,Public       ,761,986,1747,61919,14888,76807
00332901,PENN STATE UNIV-HERSHEY MEDCL CTR       ,PA,17033-0000,Public       ,3,6,9,50,1041,1091
00335000,UNIVERSITY OF THE ARTS (THE)            ,PA,19102-9493,Private      ,42,25,67,2978,517,3495
00335100,PHILADELPHIA BIBLICAL UNIVERSITY        ,PA,19047-2942,Private      ,16,42,58,862,491,1353
00335200,PHILADELPHIA CLG OSTEOPATHIC MED        ,PA,19131-0000,Private      ,0,33,33,7,2430,2437
00335300,UNIVERSITY OF THE SCIENCES IN PHILADELPH,PA,19104-4495,Private      ,25,27,52,3221,768,3989
00335400,PHILADELPHIA UNIVERSITY                 ,PA,19144-5497,Private      ,29,43,72,3639,784,4423
00335600,PITTSBURGH THEOLOGICAL SEMINARY         ,PA,15206-0000,Private      ,0,5,5,4,210,214
00335700,POINT PARK UNIVERSITY                   ,PA,15222-1912,Private      ,61,180,241,2683,2031,4714
00335800,REFORMED PRESBYTERIAN THEOL SEMINAR     ,PA,15208-0000,Private      ,0,1,1,0,24,24
00335900,ROBERT MORRIS UNIVERSITY                ,PA,15108-1189,Private      ,54,147,201,3507,1855,5362
00336000,ROSEMONT COLLEGE                        ,PA,19010-1699,Private      ,2,34,36,403,442,845
00336200,SETON HILL UNIVERSITY                   ,PA,15601-1599,Private      ,20,55,75,1647,762,2409
00336400,ST. CHARLES BORROMEO SEMINARY           ,PA,19096-0000,Private      ,1,5,6,30,46,76
00336600,SAINT FRANCIS UNIVERSITY                ,PA,15940-0600,Private      ,18,21,39,1764,519,2283
00336700,SAINT JOSEPH'S UNIVERSITY               ,PA,19131-1395,Private      ,74,143,217,5695,1581,7276
00336800,ST VINCENT COLLEGE                      ,PA,15650-2690,Private      ,16,15,31,2039,290,2329
00336900,SUSQUEHANNA UNIVERSITY                  ,PA,17870-1001,Private      ,15,11,26,2484,78,2562
00337000,SWARTHMORE COLLEGE                      ,PA,19081-1397,Private      ,23,2,25,2622,33,2655
00337100,TEMPLE UNIV - MAIN CAMPUS               ,PA,19122-6003,Private      ,311,336,647,24442,6553,30995
00337101,TEMPLE UNIV - SCHOOL OF LAW             ,PA,19122-0000,Private      ,2,15,17,56,2272,2328
00337102,TEMPLE UNIV - SCHOOL OF MEDICINE        ,PA,19140-0000,Private      ,5,5,10,83,1147,1230
00337103,TEMPLE UNIV - SCHOOL OF DENTISTRY       ,PA,19140-0000,Private      ,0,3,3,13,577,590
00337104,TEMPLE UNIV - AMBLER CAMPUS             ,PA,19002-0000,Private      ,16,34,50,780,572,1352
00337105,TEMPLE UNIV - SCH OF ALLIED HEALTH      ,PA,19140-0000,Private      ,5,14,19,340,403,743
00337106,TEMPLE UNIV - SCHOOL OF PHARMACY        ,PA,19140-0000,Private      ,1,15,16,289,645,934
00337107,TEMPLE UNIV - TYLER SCHOOL OF ART       ,PA,19122-0000,Private      ,7,15,22,746,265,1011
00337108,TEMPLE UNIV - GRAD DIV HEALTH SCI       ,PA,19140-0000,Private      ,1,16,17,40,374,414
00337109,TEMPLE UNIV - GRADUATE DIVISION         ,PA,19122-0000,Private      ,2,128,130,117,2534,2651
00337111,TEMPLE UNIV-SCH OF PODIATRIC MED        ,PA,19107-0000,Private      ,0,3,3,14,321,335
00337600,THIEL COLLEGE                           ,PA,16125-2181,Private      ,19,8,27,1481,130,1611
00337800,UNIVERSITY OF PENNSYLVANIA              ,PA,19104-6216,Private      ,132,298,430,12323,10383,22706
00337900,UNIVERSITY OF PITTSBURGH                ,PA,15260-0000,Public       ,249,503,752,23072,9077,32149
00337906,UNIVERSITY OF PITTSBURGH - SCHOOL OF MED,PA,15261-0001,Public       ,1,4,5,38,889,927
00337907,UNIVERSITY OF PITTSBURGH - SCHOOL OF DEN,PA,15261-2523,Public       ,0,3,3,20,353,373
00338400,UNIVERSITY OF SCRANTON                  ,PA,18510-4622,Private      ,52,128,180,5895,1535,7430
00338500,URSINUS COLLEGE                         ,PA,19426-2562,Private      ,17,1,18,2788,79,2867
00338600,VALLEY FORGE MILITARY COLLEGE           ,PA,19087-3695,Private      ,12,0,12,175,12,187
00338800,VILLANOVA UNIVERSITY                    ,PA,19085-1699,Private      ,95,98,193,9800,1586,11386
00338801,VILLANOVA UNIV SCH OF LAW               ,PA,19085-0000,Private      ,1,11,12,25,1290,1315
00338900,WASHINGTON & JEFFERSON COLLEGE          ,PA,15301-4801,Private      ,16,0,16,2513,43,2556
00339100,WAYNESBURG UNIVERSITY                   ,PA,15370-1222,Private      ,11,57,68,1860,772,2632
00339200,WESTMINSTER COLLEGE                     ,PA,16172-0002,Private      ,15,8,23,1700,112,1812
00339300,WESTMINSTER THEOLOGICAL SEMINARY        ,PA,19038-0000,Private      ,1,9,10,4,266,270
00339400,WILKES UNIVERSITY                       ,PA,18766-0998,Private      ,27,61,88,3051,775,3826
00339500,PENNSYLVANIA COLLEGE OF TECHNOLOGY      ,PA,17701-5779,Public       ,116,140,256,5446,2038,7484
00339600,WILSON COLLEGE                          ,PA,17201-1285,Private      ,8,24,32,360,351,711
00339900,YORK COLLEGE OF PENNSYLVANIA            ,PA,17405-7199,Private      ,60,59,119,5682,953,6635
00398600,DESALES UNIVERSITY                      ,PA,18034-9568,Private      ,16,83,99,2072,911,2983
00398700,LA ROCHE COLLEGE                        ,PA,15237-5898,Private      ,18,18,36,1077,387,1464
00398800,NEUMANN COLLEGE                         ,PA,19014-1298,Private      ,31,60,91,2611,887,3498
00405800,GRATZ COLLEGE                           ,PA,19027-3097,Private      ,1,14,15,2,104,106
00445200,MONTGOMERY COUNTY COMMUNITY COLLEGE     ,PA,19422-6300,Public       ,174,330,504,2714,2853,5567
00488700,BRANDYWINE SCHOOL OF NURSING            ,PA,19320-1536,Proprietary  ,0,1,1,35,74,109
00488900,CAMBRIA-ROWE BUSINESS COLLEGE           ,PA,15902-2494,Proprietary  ,9,23,32,174,280,454
00489000,CENTRAL PENNSYLVANIA COLLEGE            ,PA,17093-0309,Proprietary  ,27,59,86,957,713,1670
00489300,DU BOIS BUSINESS COLLEGE                ,PA,15801-2401,Proprietary  ,8,28,36,210,269,479
00489400,ERIE BUSINESS CENTER                    ,PA,16501-1305,Proprietary  ,9,69,78,102,454,556
00489401,ERIE BUSINESS CENTER SOUTH              ,PA,16101-0000,Proprietary  ,3,17,20,30,100,130
00489800,MCCANN SCHOOL OF BUSINESS & TECHNOL     ,PA,17901-1335,Proprietary  ,68,208,276,807,1795,2602
00489900,MERCY HOSP SCH OF NURSING               ,PA,15219-5166,Private      ,2,3,5,90,79,169
00490100,NEWPORT BUSINESS INSTITUTE              ,PA,15068-3929,Proprietary  ,2,7,9,34,66,100
00490200,PENN COMMERCIAL BUSINESS/TECHNICAL SCHL ,PA,15301-2871,Proprietary  ,32,57,89,264,374,638
00491000,KAPLAN CAREER INSTITUTE                 ,PA,17111-3571,Proprietary  ,23,73,96,191,411,602
00491001,THOMPSON INSTITUTE-PHILADEPHIA CAMPUS   ,PA,19104-3386,Proprietary  ,61,181,242,269,792,1061
00491400,NEWPORT BUSINESS INSTITUTE              ,PA,17701-5855,Proprietary  ,2,13,15,53,119,172
00500701,WEST VIRGINIA CAREER INSTITUTE          ,PA,15456-0000,Proprietary  ,1,18,19,74,167,241
00531000,PITTSBURGH INST OF AERONAUTICS          ,PA,15236-0000,Private      ,10,10,20,231,118,349
00533000,FAYETTE CNTY AREA VOC TECH PRC NRSG     ,PA,15401-0000,Public       ,3,14,17,26,112,138
00533500,CENTRAL PENN INST OF SCI & TECH PNP     ,PA,16823-0000,Public       ,2,8,10,33,89,122
00534100,UPPER BUCKS CO AREA VOC-TECH SCHOOL     ,PA,18944-0000,Public       ,0,1,1,3,6,9
00536500,YORK CO AREA VOC-TECH SCH-PRAC NSG      ,PA,17402-0000,Public       ,3,28,31,19,116,135
00594200,UPMC PRESBYTERIAN SCH OF RADIOLOGIC     ,PA,15213-2582,Private      ,1,7,8,30,36,66
00594600,SCHOOL OF RADIOLOGIC TECHNOLOGY AT ST. C,PA,19134-1995,Proprietary  ,0,1,1,20,47,67
00653400,CITIZENS SCHOOL OF NURSING              ,PA,15068-6591,Private      ,0,3,3,58,119,177
00653700,CONEMAUGH VLY MEM HOSP SCH NRSNG        ,PA,15905-4398,Private      ,1,3,4,99,129,228
00653702,CONEMAUGH HOSP- SCH HISTOTECHNOLOGY     ,PA,15905-0000,Private      ,0,0,0,5,5,10
00653704,CONEMAUGH VLY MEM HOSP SCH RAD TECH     ,PA,15905-0000,Private      ,0,0,0,29,22,51
00653706,CONEMAUGH VLY MEM HOSP SCH  MED TECH    ,PA,15905-4398,Private      ,0,1,1,8,9,17
00653900,EPISCOPAL HOSPITAL SCHL OF NURSING      ,PA,19125-1000,Private      ,0,5,5,22,191,213
00655100,ST MARGARET SCHL OF NURSING             ,PA,15238-3205,Private      ,3,9,12,69,144,213
00656000,OHIO VALLEY HOSP SCH OF NURSING         ,PA,15136-1694,Private      ,1,2,3,28,45,73
00656500,READING HOSPITAL SCHOOL OF HEALTH SCIENC,PA,19611-1744,Private      ,2,8,10,171,301,472
00657400,"ST LUKE'S HOSPITAL OF BETHLEHEM, PA     ",PA,18015-1065,Private      ,2,7,9,65,133,198
00657600,SEWICKLEY VALLEY HOSP SCH NRSNG         ,PA,15143-1498,Private      ,0,3,3,44,63,107
00657602,HVHS SCHOOL OF RADIOLOGIC TECHNOLOGY    ,PA,15143-0000,Private      ,0,0,0,6,1,7
00657700,UPMC SHADYSIDE SCHOOL OF NURSING        ,PA,15232-1381,Private      ,6,31,37,114,288,402
00657800,SHARON REGIONAL SCHOOL OF NURSING       ,PA,16146-3395,Private      ,0,2,2,15,79,94
00658200,WASHINGTON HOSP SCH OF NURSING          ,PA,15301-3398,Private      ,1,0,1,68,135,203
00658202,WASHINGTON HOSP SCH OF RAD TECH         ,PA,15301-3398,Private      ,0,1,1,16,10,26
00658300,WESTERN PENN HOSP-SCH OF NURSING        ,PA,15224-1790,Private      ,0,2,2,109,134,243
00680700,COMMUNITY COLLEGE OF BEAVER COUNTY      ,PA,15061-2588,Public       ,66,131,197,1056,1118,2174
00681000,LEHIGH CARBON COMMUNITY COLLEGE         ,PA,18078-2598,Public       ,137,264,401,2399,2257,4656
00681100,LUZERNE COUNTY COMMUNITY COLLEGE        ,PA,18634-3899,Public       ,109,262,371,2681,2458,5139
00708700,ABINGTON MEM HOSP SCHL OF NURSING       ,PA,19090-1284,Private      ,4,11,15,91,193,284
00709000,METHODIST HOSPITAL SCH OF NURSING       ,PA,19148-3594,Private      ,0,2,2,7,28,35
00709100,EVEREST INSTITUTE                       ,PA,15222-1320,Proprietary  ,37,145,182,164,742,906
00711000,DELAWARE COUNTY COMMUNITY COLLEGE       ,PA,19063-1094,Public       ,201,392,593,3088,3524,6612
00719100,NORTHAMPTON COMMUNITY COLLEGE           ,PA,18020-7599,Public       ,238,416,654,3723,3151,6874
00739802,KATHERINE GIBBS-PHILADELPHIA            ,PA,19403-2422,Proprietary  ,46,87,133,87,155,242
00743000,ANTONELLI INST OF ART & PHOTOGRAPHY     ,PA,19038-8242,Proprietary  ,3,1,4,245,24,269
00743600,KAPLAN CAREER INSTITUTE - ICM CAMPUS    ,PA,15222-1977,Proprietary  ,48,119,167,400,1069,1469
00743700,PITTSBURGH TECHNICAL INSTITUTE          ,PA,15071-3205,Proprietary  ,72,73,145,2292,815,3107
00746900,"HUSSIAN SCHOOL OF ART, INC.             ",PA,19106-0000,Proprietary  ,1,0,1,135,16,151
00747000,"ART INSTITUTE OF PITTSBURGH, THE        ",PA,15219-1328,Proprietary  ,509,2729,3238,5234,13504,18738
00752900,CTR ART TCH BRDYWN CMPS PRC NRS PRG     ,PA,19320-2459,Public       ,5,25,30,26,132,158
00775900,LINCOLN TECHNICAL INSTITUTE             ,PA,18104-3298,Proprietary  ,31,78,109,350,479,829
00777900,LANSDALE SCHOOL OF BUSINESS             ,PA,19454-4148,Proprietary  ,22,65,87,95,280,375
00778000,NEW CASTLE SCHOOL OF TRADES             ,PA,16143-9721,Proprietary  ,34,100,134,237,432,669
00778100,CHI INSTITUTE/RETS CAMPUS               ,PA,19008-3516,Proprietary  ,55,113,168,294,653,947
00782600,BEREAN INSTITUTE                        ,PA,19130-1526,Private      ,0,0,0,145,151,296
00783200,LINCOLN TECH INSTITUTE                  ,PA,19136-1595,Proprietary  ,69,59,128,465,376,841
00783900,TRIANGLE TECH                           ,PA,15214-3897,Proprietary  ,16,27,43,237,265,502
00791200,THADDEUS STEVENS CLG OF TECHNOLOGY      ,PA,17602-0000,Public       ,6,14,20,909,237,1146
00791600,FRANKLIN CNTY CAREER & TECH CTR-PNP     ,PA,17201-0000,Public       ,4,9,13,18,34,52
00820000,JAMESON MEMORIAL HOSP SCH NURSING       ,PA,16105-2595,Private      ,0,5,5,41,95,136
00826301,AWARD BEAUTY SCHOOL - CHAMBERSBURG BEAUT,PA,17201-2435,Proprietary  ,0,0,0,0,5,5
00835000,ART INSTITUTE OF PHILADELPHIA           ,PA,19103-5198,Proprietary  ,199,191,390,3634,1817,5451
00844100,ANTHEM INSTITUTE                        ,PA,19064-1243,Proprietary  ,108,177,285,459,796,1255
00856800,VET TECH INSTITUTE                      ,PA,15222-3400,Proprietary  ,20,14,34,327,131,458
00865300,JEFFERSON CO DUBOIS VOC TECH-PR NSG     ,PA,15851-0000,Public       ,0,1,1,17,56,73
00888900,LEHIGH VALLEY COLLEGE                   ,PA,18034-8447,Proprietary  ,52,69,121,618,558,1176
00895500,PRUONTOS HAIR DESIGN INSTITUTE & BEAUTY ,PA,16602-0000,Proprietary  ,3,5,8,22,30,52
00915705,WYOMING TECHNICAL INSTITUTE - BLAIRSVILL,PA,15717-8060,Proprietary  ,18,9,27,20,10,30
00918600,DEAN INSTITUTE OF TECHNOLOGY            ,PA,15226-1197,Proprietary  ,2,19,21,32,85,117
00944900,PENNCO TECH                             ,PA,19007-0000,Proprietary  ,54,84,138,321,381,702
00966400,EMPIRE BEAUTY SCHOOL                    ,PA,18052-5730,Proprietary  ,28,49,77,145,224,369
00966500,EMPIRE BEAUTY SCHOOL                    ,PA,17109-2210,Proprietary  ,13,26,39,71,182,253
00966600,EMPIRE BEAUTY SCHOOL                    ,PA,19605-2803,Proprietary  ,20,34,54,101,176,277
00972100,BRADFORD SCHOOL                         ,PA,15219-2602,Proprietary  ,3,1,4,574,106,680
00972300,FRANKFORD HOSP SCH OF NURSING           ,PA,19124-2696,Private      ,8,23,31,192,277,469
00973700,UPHS PRESBYTERIAN MC SCH PRACTL NRS     ,PA,19104-2692,Private      ,0,0,0,1,2,3
00978300,GORDON PHILLIPS SCH OF BEAUTY CULT      ,PA,19135-0000,Proprietary  ,30,49,79,220,322,542
00986300,LANCASTER GENERAL COLLEGE OF NURSING AND,PA,17602-4955,Private      ,11,15,26,309,438,747
01000600,GREATER JOHNSTOWN AREA VOC TECH SCH     ,PA,15904-0000,Public       ,5,18,23,59,225,284
01005500,CRAWFORD CNTY AREA VO-TECH PRAC NUR     ,PA,16335-0000,Public       ,0,0,0,9,27,36
01017600,WESTMORELAND COUNTY COMMUNITY CLG       ,PA,15697-1895,Public       ,120,277,397,2069,2504,4573
01038800,READING AREA COMMUNITY COLLEGE          ,PA,19603-1706,Public       ,131,330,461,1429,2605,4034
01054100,EMPIRE BEAUTY SCHOOL                    ,PA,15146-2229,Proprietary  ,9,43,52,157,256,413
01054200,EMPIRE BEAUTY SCHOOL                    ,PA,18701-0000,Proprietary  ,17,22,39,165,172,337
01054300,EMPIRE BEAUTY SCHOOL                    ,PA,17701-3914,Proprietary  ,12,23,35,112,147,259
01081400,PITTSBURGH INST MORTUARY SCIENCE        ,PA,15206-3706,Private      ,4,22,26,68,131,199
01086000,GREATER ALTOONA CAREER/TECH CENTER      ,PA,16602-0000,Public       ,1,5,6,60,149,209
01096300,GREENE COUNTY VOC-TECH SCHOOL           ,PA,15370-0000,Public       ,0,2,2,8,30,38
01097000,EMPIRE BEAUTY SCHOOL                    ,PA,17042-5209,Proprietary  ,3,4,7,21,30,51
01099800,PENNSYLVANIA INSTITUTE OF TECH          ,PA,19063-4098,Private      ,50,142,192,445,795,1240
01102000,EMPIRE BEAUTY SCHOOL                    ,PA,17604-4335,Proprietary  ,9,10,19,44,80,124
01102100,EMPIRE BEAUTY SCHOOL                    ,PA,17402-2862,Proprietary  ,26,53,79,138,332,470
01162100,AUTOMOTIVE TRAINING CENTER              ,PA,19341-1310,Proprietary  ,58,27,85,563,166,729
01162200,WELDER TRAINING & TESTING INST          ,PA,18109-3253,Proprietary  ,6,13,19,17,39,56
01163800,EMPIRE BEAUTY SCHOOL                    ,PA,17876-0000,Proprietary  ,6,9,15,42,54,96
01171500,POTTSVILLE HOSPITAL SCHOOL OF NURSING   ,PA,17901-3692,Private      ,0,0,0,45,46,91
01191900,BEAVER FALLS BEAUTY ACADEMY             ,PA,15010-4208,Proprietary  ,3,5,8,24,28,52
01205000,ROSEDALE TECHNICAL INSTITUTE            ,PA,15205-9791,Private      ,15,19,34,161,128,289
01239300,THOMAS JEFF UNIV-CLG ALLIED HEALTH      ,PA,19107-0000,Private      ,2,29,31,349,792,1141
01239301,JEFFERSON MED CLG-T. JEFFERSON UNIV     ,PA,19107-5587,Private      ,1,11,12,113,1222,1335
01239303,THOMAS JEFFERSON UNIV-GRADUATE COLG     ,PA,19107-0000,Private      ,3,18,21,134,706,840
01246104,LINCOLN TECHNICAL INSTITUTE             ,PA,19104-0202,Proprietary  ,64,139,203,286,632,918
01246105,LINCOLN TECHNICAL INSTITUTE             ,PA,19116-4202,Proprietary  ,23,76,99,171,319,490
01246106,THE CITTONE INSTITUTE                   ,PA,19462-1326,Proprietary  ,0,0,0,73,133,206
01252300,TALMUDICAL YESHIVA OF PHILA             ,PA,19131-1296,Private      ,22,0,22,23,0,23
01260500,EMPIRE BEAUTY SCHOOL                    ,PA,17331-2405,Proprietary  ,7,12,19,56,57,113
01260600,EMPIRE BEAUTY SCHOOL                    ,PA,17901-2505,Proprietary  ,22,45,67,105,256,361
01260700,EMPIRE BEAUTY SCHOOL                    ,PA,16801-5218,Proprietary  ,1,7,8,15,28,43
01292900,SOUTH HILLS BEAUTY ACADEMY              ,PA,15216-2335,Proprietary  ,9,25,34,34,55,89
01301500,GORDON PHILLIPS SCH BEAUTY CULTURE      ,PA,19102-2701,Proprietary  ,34,72,106,221,400,621
01313400,YESHIVATH BETH MOSHE                    ,PA,18505-2196,Private      ,29,0,29,33,0,33
01321400,ROXBOROUGH MEM HOSP SCH OF NURSING      ,PA,19128-0000,Proprietary  ,0,0,0,47,178,225
01326300,SOUTH HILLS SCH OF BUS & TECHNOLOGY     ,PA,16801-4516,Proprietary  ,13,24,37,490,397,887
01326304,SOUTH HILLS SCHOOL OF BUSINESS & TECHNOL,PA,16602-1188,Proprietary  ,0,1,1,25,23,48
02061000,VENUS BEAUTY ACADEMY                    ,PA,19079-0000,Proprietary  ,8,9,17,63,50,113
02068300,DOUGLAS SCHOOL OF BUSINESS              ,PA,15062-0000,Proprietary  ,15,24,39,232,231,463
02090200,TRIANGLE TECH                           ,PA,16502-0000,Proprietary  ,16,17,33,115,162,277
02092500,LAUREL TECHNICAL INSTITUTE              ,PA,16146-0000,Proprietary  ,7,18,25,32,117,149
02092502,BUSINESS INSTITUTE OF PENNSYLVANIA      ,PA,16335-0000,Proprietary  ,1,0,1,10,82,92
02107300,PENNSYLVANIA ACADEMY OF FINE ARTS       ,PA,19102-1424,Private      ,2,3,5,190,194,384
02112200,GREAT LAKES INSTITUTE OF TECHNOLOGY     ,PA,16509-0000,Proprietary  ,21,61,82,245,400,645
02114200,JOHNSON COLLEGE                         ,PA,18508-0000,Private      ,7,9,16,353,149,502
02116001,SANFORD-BROWN INSTITUTE - TREVOSE       ,PA,19053-4700,Proprietary  ,62,164,226,342,1028,1370
02118000,LEVITTOWN BEAUTY ACADEMY LLC            ,PA,19054-1713,Proprietary  ,2,9,11,37,37,74
02119300,PA ACAD OF COSMETOLOGY ARTS & SCI       ,PA,15904-0000,Proprietary  ,5,14,19,43,60,103
02119301,PA ACAD OF COSMTLGY ARTS & SCI          ,PA,15801-0000,Proprietary  ,1,0,1,6,1,7
02120800,"YORKTOWNE BUSINESS INSTITUTE, INC.      ",PA,17404-0000,Proprietary  ,10,16,26,84,184,268
02127400,YORK TECHNICAL INSTITUTE                ,PA,17402-0000,Proprietary  ,106,158,264,1099,1013,2112
02129000,TRIANGLE TECH                           ,PA,15601-0000,Proprietary  ,27,41,68,291,293,584
02129001,TRIANGLE TECH - BUSINESS CAREERS INSTITU,PA,15601-3304,Proprietary  ,0,0,0,6,5,11
02144000,"VISION ACADEMY, THE                     ",PA,18103-0000,Proprietary  ,27,28,55,74,96,170
02147800,SCHUYLKILL INST BUSINESS & TECHNLGY     ,PA,17901-0000,Proprietary  ,0,1,1,16,22,38
02149000,EMPIRE BEAUTY SCHOOL                    ,PA,19341-2804,Proprietary  ,8,16,24,93,123,216
02151500,CENTRAL SUSQUEHANNA LPN CENTER          ,PA,17847-0000,Public       ,4,12,16,39,131,170
02153500,OAKBRIDGE ACADEMY OF ARTS               ,PA,15068-0000,Proprietary  ,4,1,5,60,13,73
02158300,JUNIATA-MIFFLIN CO AREA VOC TECH        ,PA,17044-0000,Public       ,0,6,6,21,50,71
02161400,NORTHEASTERN HOSP SCH OF NRSG           ,PA,19134-0000,Private      ,1,8,9,51,119,170
02169600,CLEARFIELD CTY CAREER AND TECH CNTR     ,PA,16830-0000,Public       ,5,12,17,29,95,124
02174400,TRIANGLE TECH                           ,PA,15801-0000,Proprietary  ,12,19,31,317,177,494
02178900,ACADEMY OF HAIR DESIGN                  ,PA,18202-1465,Proprietary  ,0,6,6,4,25,29
02183000,ORLEANS TECHNICAL INSTITUTE             ,PA,19111-0000,Private      ,53,161,214,163,532,695
02192800,WALNUT HILL COLLEGE                     ,PA,19104-0000,Proprietary  ,33,28,61,478,219,697
02202300,SANFORD-BROWN INSTITUTE                 ,PA,15219-1907,Proprietary  ,39,101,140,332,757,1089
02202301,SANFORD-BROWN INSTITUTE                 ,PA,15146-2141,Proprietary  ,26,51,77,239,486,725
02203900,ERIE INSTITUTE OF TECHNOLOGY            ,PA,16565-1002,Proprietary  ,5,26,31,110,162,272
02206200,AMBLER BEAUTY ACADEMY                   ,PA,19002-0000,Proprietary  ,1,12,13,15,46,61
02206300,STROUDSBURG SCHOOL OF COSMETOLOGY       ,PA,18360-0000,Proprietary  ,2,4,6,16,24,40
02212700,LANCASTER SCHOOL OF COSMETOLOGY         ,PA,17602-0000,Proprietary  ,10,39,49,41,104,145
02213400,PROFESSIONAL SKILLS CAREER ACADEMY      ,PA,16148-0000,Proprietary  ,1,6,7,16,20,36
02234200,ACADEMY OF MEDICAL ARTS & BUSINESS      ,PA,17112-0000,Proprietary  ,13,22,35,107,206,313
02251200,SCHUYLKILL COUNTY AREA VOC TECH SCH     ,PA,17931-0000,Public       ,1,7,8,41,120,161
02251202,SCHUYLKILL COUNTY AREA VOC TECH SCH     ,PA,17931-0000,Public       ,3,8,11,20,34,54
02253900,BERKS TECHNICAL INSTITUTE               ,PA,19610-0000,Proprietary  ,28,93,121,449,592,1041
02255200,PENNSYLVANIA SCHOOL OF BUSINESS         ,PA,18101-1604,Proprietary  ,32,77,109,189,526,715
02269900,PENNSYLVANIA COLLEGE OF ART & DESIGN    ,PA,17603-3528,Private      ,4,0,4,295,47,342
02270500,BUCKS COUNTY SCHOOL OF BEAUTY CULT      ,PA,19053-0000,Proprietary  ,7,10,17,22,34,56
02273400,RECONSTRUCTIONIST RABBINICAL COLLEG     ,PA,19095-0000,Private      ,0,3,3,0,37,37
02276600,HANOVER PUBLIC SCH DIST PRAC NURSG      ,PA,17331-0000,Public       ,1,7,8,11,45,56
02282500,LENAPE SCHOOL OF PRACTICAL NURSING      ,PA,16226-0000,Public       ,3,21,24,31,141,172
02288800,EMPIRE BEAUTY SCHOOL                    ,PA,18974-4508,Proprietary  ,8,11,19,40,52,92
02289500,PACE INSTITUTE                          ,PA,19601-0000,Proprietary  ,2,66,68,42,280,322
02289600,CONSOLIDATED SCHOOL OF BUSINESS         ,PA,17404-0000,Proprietary  ,2,26,28,57,122,179
02289700,ACADEMY OF CREATIVE HAIR DESIGN         ,PA,18702-0000,Proprietary  ,4,5,9,37,42,79
02289800,CHI INSTITUTE - FRANKLIN MILLS          ,PA,19154-0000,Proprietary  ,66,149,215,314,705,1019
02290400,"ALTOONA BEAUTY SCHOOL, INC              ",PA,16602-0000,Proprietary  ,4,16,20,25,39,64
02292700,LANSDALE SCHOOL OF COSMETOLOGY          ,PA,19446-0000,Proprietary  ,1,9,10,18,35,53
02299300,TRINITY EPISCOPAL SCHOOL MINISTRY       ,PA,15003-0000,Private      ,0,3,3,2,46,48
02301300,PJA SCHOOL (THE)                        ,PA,19082-1917,Proprietary  ,12,39,51,73,306,379
02304400,YTI CAREER INSTITUTE - MECHANICSBURG    ,PA,17055-0000,Proprietary  ,12,33,45,139,281,420
02306200,VENANGO COUNTY AREA VOC TECH SCHOOL     ,PA,16301-0000,Public       ,1,0,1,5,31,36
02310800,LANCASTER COUNTY CAREER & TECH CTR      ,PA,17584-0000,Public       ,13,54,67,121,366,487
02330300,LEBANON CO CAREER & TECHNOLOGY CTR      ,PA,17042-0000,Public       ,0,1,1,29,100,129
02330600,PENNSYLVANIA GUNSMITH SCHOOL            ,PA,15202-0000,Proprietary  ,1,4,5,24,28,52
02350100,WESTERN AREA CAREER & TECHNOLOGY CT     ,PA,15317-0000,Public       ,0,0,0,11,66,77
02350200,INDIANA COUNTY TECH CTR SCH PR NSG      ,PA,15701-1465,Public       ,0,2,2,13,29,42
02353100,NORTHERN TIER CAREER CENTER             ,PA,18848-0000,Public       ,0,0,0,15,43,58
02361002,ITT TECHNICAL INSTITUTE                 ,PA,19406-0000,Proprietary  ,41,56,97,314,355,669
02362300,MERCER COUNTY AREA VOC TECH SCHOOL      ,PA,16137-0000,Public       ,3,13,16,15,69,84
02492500,DELAWARE VLY ACAD MED DNTL ASSTS        ,PA,19114-0000,Proprietary  ,13,23,36,41,144,185
02492600,EASTERN CTR ARTS AND TECH PR NSG        ,PA,19090-0000,Public       ,1,7,8,17,119,136
02495500,ALL-STATE CAREER SCHOOL                 ,PA,19029-0000,Proprietary  ,30,216,246,153,759,912
02529800,WILKES BARRE AREA CAREER AND TECHNICAL C,PA,18705-0000,Public       ,0,15,15,39,155,194
02536600,COMMONWEALTH TECH INSTIT @ HIRAM G      ,PA,15905-0000,Public       ,23,20,43,220,127,347
02539900,STAR TECHNICAL INSTITUTE                ,PA,19082-0000,Proprietary  ,14,44,58,42,192,234
02544300,BUTLER BEAUTY SCHOOL                    ,PA,16001-0000,Proprietary  ,6,8,14,45,70,115
02545000,LAWRENCE COUNTY CAREER AND TECHNICAL CEN,PA,16101-0000,Public       ,0,21,21,12,62,74
02546200,LAUREL BUSINESS INSTITUTE               ,PA,15401-0877,Proprietary  ,9,33,42,187,313,500
02550000,CLARION CO AREA VOC-TECH PRAC NRSG      ,PA,16254-0000,Public       ,0,5,5,13,58,71
02554500,HAZLETON AREA CAREER CENTER PRACTICAL NU,PA,18201-0000,Public       ,4,12,16,21,68,89
02557800,ART INSTITUTE OF YORK (THE) - PENNSYLVAN,PA,17402-9012,Proprietary  ,42,20,62,662,221,883
02558701,PRISM CAREER INSTITUTE - PHL CAMPUS     ,PA,19152-0000,Proprietary  ,0,0,0,0,1,1
02566400,ALBERT EINSTEIN MED CTR DEPT DNTL       ,PA,19141-3098,Private      ,0,1,1,1,9,10
02574800,PENNSYLVANIA INSTITUTE OF TAXIDERMY     ,PA,15931-0000,Proprietary  ,2,5,7,10,23,33
02609500,CAREER TRAINING ACADEMY                 ,PA,15068-6308,Proprietary  ,11,17,28,73,199,272
02609501,CAREER TRAINING ACADEMY                 ,PA,15146-0000,Proprietary  ,0,0,0,4,13,17
02615400,STAR TECHNICAL INSTITUTE                ,PA,19114-2204,Proprietary  ,25,77,102,117,419,536
02616100,JEAN MADELINE ED CTR FOR COSM           ,PA,19147-1542,Proprietary  ,35,31,66,304,220,524
03006800,PENNSYLVANIA CULINARY INSTITUTE         ,PA,15222-3511,Proprietary  ,158,351,509,1322,1597,2919
03010800,TRI-STATE BUSINESS INSTITUTE            ,PA,16506-1013,Proprietary  ,44,195,239,496,1568,2064
03011500,ALLIED MEDICAL AND TECHNICAL INSTITUTE  ,PA,18702-0000,Proprietary  ,23,59,82,145,253,398
03011600,ALLIED MEDICAL AND TECHNICAL INSTITUTE  ,PA,18509-2903,Proprietary  ,28,53,81,169,254,423
03029900,CONSOLIDATED SCHOOL OF BUSINESS         ,PA,17603-2389,Proprietary  ,5,19,24,74,171,245
03031600,DPT BUSINESS SCHOOL                     ,PA,19116-3961,Proprietary  ,28,127,155,89,629,718
03031601,DPT BUSINESS SCHOOL                     ,PA,19106-0000,Proprietary  ,19,55,74,88,320,408
03067000,ANTONELLI MEDICAL & PROF INST           ,PA,19464-9244,Proprietary  ,0,12,12,8,43,51
03072400,ALL-STATE CAREER SCHOOL                 ,PA,15122-1000,Proprietary  ,9,36,45,16,135,151
03072600,DCI CAREER INSTITUTE                    ,PA,15061-2307,Proprietary  ,8,39,47,30,156,186
03081900,YTI CAREER INSTITUTE - ALTOONA          ,PA,16602-4457,Proprietary  ,13,41,54,103,248,351
03085200,HARRISON CAREER INSTITUTE               ,PA,19103-5402,Proprietary  ,0,0,0,0,3,3
03090800,LAKE ERIE COLL OF OSTEOPATHIC MED       ,PA,16509-0000,Private      ,0,6,6,154,2430,2584
03098600,CAREER TECH CTR OF LACKAWANNA CNTY      ,PA,18508-0000,Public       ,1,6,7,21,104,125
03101500,BIDWELL TRAINING CENTER                 ,PA,15233-2233,Private      ,4,23,27,11,40,51
03103300,JNA INSTITUTE OF CULINARY ARTS          ,PA,19146-3119,Proprietary  ,8,24,32,41,90,131
03109100,METROPOLITAN CAREER CENTER              ,PA,19144-0000,Private      ,1,26,27,23,136,159
03110700,AVIATION INSTITUTE OF MAINTENANCE       ,PA,19114-1017,Proprietary  ,18,45,63,109,277,386
03120400,REGIONAL CAREER & TECHNICAL CENTER      ,PA,16509-4699,Public       ,0,0,0,2,5,7
03126000,CENTER FOR INNOVATIVE TRAINING & ED     ,PA,19106-4414,Proprietary  ,1,2,3,2,7,9
03128400,DELAWARE COUNTY TECHNICAL SCHOOL        ,PA,19032-1998,Public       ,1,29,30,17,142,159
03128800,GECAC TRAINING INSTITUTE                ,PA,16502-1137,Private      ,0,1,1,5,22,27
03180400,PENNSYLVANIA HIGHLANDS COMMUNITY COLLEGE,PA,15904-2927,Public       ,27,65,92,503,596,1099
03236400,LT INTERNATIONAL BEAUTY SCHOOL          ,PA,19130-2235,Proprietary  ,5,47,52,17,102,119
03353300,ACADEMY OF VOCAL ARTS                   ,PA,19103-6685,Private      ,0,4,4,4,29,33
03439400,NAWCC SCHOOL OF HOROLOGY                ,PA,17512-2130,Private      ,0,0,0,0,1,1
03471400,NORTH CENTRAL INDUSTRIAL TECHNICAL      ,PA,15853-9708,Private      ,0,1,1,3,5,8
03503300,WINNER INSTITUTE OF ARTS & SCIENCES     ,PA,16154-1811,Private      ,2,8,10,25,42,67
03535300,HUNTINGDON COUNTY CAREER AND TECHNO     ,PA,17060-0905,Public       ,0,0,0,6,33,39
03561400,SUSQUEHANNA COUNTY CAREER & TECHNOL     ,PA,18816-0100,Public       ,1,3,4,10,11,21
03766300,PENNSYLVANIA SCHOOL OF MUSCLE THERAPY   ,PA,19406-3101,Proprietary  ,4,12,16,28,54,82
03899300,CALVARY BAPTIST THEOLOGICAL SEMINARY    ,PA,19446-4718,Private      ,0,3,3,0,12,12
03923300,PRECISION MANUFACTURING INSTITUTE       ,PA,16335-8380,Private      ,3,5,8,11,27,38
03948300,HARRISBURG UNIVERSITY OF SCIENCE AND TEC,PA,17101-2116,Private      ,8,11,19,148,112,260
03949300,WON INSTITUTE OF GRADUATE STUDIES       ,PA,19038-4535,Private      ,0,0,0,0,29,29
03950500,NORTHWEST REGIONAL TECHNOLOGY INSTITUTE ,PA,16508-2820,Proprietary  ,0,22,22,4,67,71
03952300,NATIONAL MASSAGE THERAPY INSTITUTE      ,PA,19116-3965,Proprietary  ,37,129,166,112,378,490
04119900,PENNSYLVANIA MYOTHERAPY INSTITUTE       ,PA,17350-8426,Proprietary  ,0,6,6,6,22,28
00267813,BRYANT & STRATTON COLLEGE - MIL DOWNTOWN,WI,53203-2608,Proprietary  ,50,192,242,423,1468,1891
00383200,ALVERNO COLLEGE                         ,WI,53234-3922,Private      ,34,136,170,1373,1963,3336
00383500,BELOIT COLLEGE                          ,WI,53511-5595,Private      ,8,2,10,1717,90,1807
00383700,CARDINAL STRITCH UNIVERSITY             ,WI,53217-9884,Private      ,40,699,739,844,3996,4840
00383800,CARROLL UNIVERSITY                      ,WI,53186-5593,Private      ,37,46,83,2925,696,3621
00383900,CARTHAGE COLLEGE                        ,WI,53141-0000,Private      ,39,36,75,3321,449,3770
00384000,WESTERN TECHNICAL COLLEGE               ,WI,54601-0908,Public       ,122,233,355,1543,1972,3515
00384200,CONCORDIA UNIVERSITY WISCONSIN          ,WI,53097-2402,Private      ,23,312,335,1900,2336,4236
00384800,EDGEWOOD COLLEGE                        ,WI,53711-1958,Private      ,23,64,87,1431,925,2356
00385000,SILVER LAKE COLLEGE                     ,WI,54220-9319,Private      ,2,23,25,156,377,533
00385400,LAKELAND COLLEGE                        ,WI,53082-0000,Private      ,26,158,184,1087,1466,2553
00385600,LAWRENCE UNIVERSITY                     ,WI,54912-0599,Private      ,12,0,12,1953,52,2005
00386100,MARIAN UNIVERSITY                       ,WI,54935-4699,Private      ,19,118,137,1169,1110,2279
00386300,MARQUETTE UNIVERSITY                    ,WI,53201-0000,Private      ,90,102,192,9561,3404,12965
00386600,MILWAUKEE AREA TECH COLLEGE             ,WI,53233-1443,Public       ,469,1538,2007,4343,10523,14866
00386800,MILWAUKEE SCHOOL OF ENGINEERING         ,WI,53202-3109,Private      ,23,30,53,2330,531,2861
00386900,MOUNT MARY COLLEGE                      ,WI,53222-4597,Private      ,26,65,91,744,1094,1838
00387400,NASHOTAH HOUSE                          ,WI,53058-0000,Private      ,0,4,4,0,39,39
00387500,NORTHLAND COLLEGE                       ,WI,54806-3999,Private      ,9,4,13,885,153,1038
00388400,RIPON COLLEGE                           ,WI,54971-0248,Private      ,17,3,20,1185,50,1235
00389200,ST. NORBERT COLLEGE                     ,WI,54115-2002,Private      ,23,7,30,2070,96,2166
00389500,UNIVERSITY OF WISCONSIN-MADISON         ,WI,53715-1382,Public       ,316,267,583,19209,9710,28919
00389600,UNIVERSITY OF WISCONSIN-MILWAUKEE       ,WI,53201-3165,Public       ,556,599,1155,15579,9168,24747
00389700,UNIVERSITY OF WISCONSIN COLLEGES        ,WI,53708-8680,Public       ,76,110,186,1292,1006,2298
00389701,UNIVERSITY OF WISCONSIN-BARABOO         ,WI,53913-1098,Public       ,15,15,30,256,126,382
00389702,UNIVERSITY OF WISCONSIN-BARRON          ,WI,54868-2497,Public       ,13,9,22,235,119,354
00389703,UNIVERSITY OF WISCONSIN-FOND DU LAC     ,WI,54935-2998,Public       ,15,16,31,360,194,554
00389704,UNIVERSITY OF WISCONSIN-FOX VALLEY      ,WI,54952-1297,Public       ,34,22,56,773,374,1147
00389705,UNIVERSITY OF WISCONSIN-MANITOWOC       ,WI,54220-6699,Public       ,7,8,15,268,103,371
00389706,UNIVERSITY OF WISCONSIN-MARATHON        ,WI,54401-5396,Public       ,25,29,54,668,285,953
00389707,UNIVERSITY OF WISCONSIN-MARINETTE       ,WI,54143-4299,Public       ,11,14,25,221,111,332
00389708,UNIVERSITY OF WISCONSIN-MARSHFIELD      ,WI,54449-3310,Public       ,8,18,26,279,129,408
00389709,UNIVERSITY OF WISCONSIN-RICHLAND        ,WI,53581-1399,Public       ,7,8,15,215,67,282
00389710,UNIVERSITY OF WISCONSIN COLLEGES - ROCK ,WI,53546-5699,Public       ,20,19,39,405,268,673
00389711,UNIVERSITY OF WISCONSIN-SHEBOYGAN       ,WI,53081-4789,Public       ,16,17,33,320,157,477
00389712,UNIVERSITY OF WISCONSIN-WASHINGTON      ,WI,53095-3699,Public       ,24,16,40,390,147,537
00389713,UNIVERSITY OF WISCONSIN-WAUKESHA        ,WI,53188-2799,Public       ,48,25,73,813,308,1121
00389900,UNIVERSITY OF WISCONSIN-GREEN BAY       ,WI,54311-7001,Public       ,67,75,142,3830,1384,5214
00391100,VITERBO UNIVERSITY                      ,WI,54601-4777,Private      ,23,74,97,1450,869,2319
00391500,UNIVERSITY OF WISCONSIN-STOUT           ,WI,54751-0790,Public       ,147,140,287,5319,1717,7036
00391700,UNIVERSITY OF WISCONSIN-EAU CLAIRE      ,WI,54702-4004,Public       ,178,109,287,7321,1466,8787
00391900,UNIVERSITY OF WISCONSIN-LA CROSSE       ,WI,54601-3742,Public       ,148,126,274,6422,1637,8059
00392000,UNIVERSITY OF WISCONSIN-OSHKOSH         ,WI,54901-8604,Public       ,143,154,297,6457,2647,9104
00392100,UNIVERSITY OF WISCONSIN-PLATTEVILLE     ,WI,53818-3099,Public       ,111,121,232,4671,1368,6039
00392300,UNIVERSITY OF WISCONSIN-RIVER FALLS     ,WI,54022-5013,Public       ,150,81,231,4364,1052,5416
00392400,UNIVERSITY OF WISCONSIN-STEVENS POINT   ,WI,54481-3871,Public       ,165,92,257,6211,1501,7712
00392500,UNIVERSITY OF WISCONSIN-SUPERIOR        ,WI,54880-2898,Public       ,41,89,130,1527,1197,2724
00392600,UNIVERSITY OF WISCONSIN-WHITEWATER      ,WI,53190-1792,Public       ,188,158,346,6728,1957,8685
00400700,MADISON AREA TECHNICAL COLLEGE          ,WI,53704-2599,Public       ,317,547,864,3525,4406,7931
00501500,UNIVERSITY OF WISCONSIN-PARKSIDE        ,WI,53141-2000,Public       ,119,125,244,2890,1654,4544
00529400,WAUKESHA COUNTY TECHNICAL COLLEGE       ,WI,53072-4696,Public       ,92,178,270,1066,1571,2637
00530100,NORTHEAST WISCONSIN TECHNICAL COLLEGE   ,WI,54307-9042,Public       ,143,374,517,1867,3280,5147
00530400,CHIPPEWA VALLEY TECHNICAL COLLEGE       ,WI,54701-6162,Public       ,175,352,527,2011,2868,4879
00538000,MID-STATE TECHNICAL COLLEGE             ,WI,54494-5512,Public       ,71,195,266,753,1290,2043
00538400,NICOLET AREA TECHNICAL COLLEGE          ,WI,54501-0000,Public       ,33,60,93,390,575,965
00538700,NORTHCENTRAL TECHNICAL COLLEGE          ,WI,54401-1899,Public       ,74,197,271,743,1540,2283
00538900,GATEWAY TECHNICAL COLLEGE               ,WI,53144-1690,Public       ,165,562,727,1271,4010,5281
00539000,BLACKHAWK TECHNICAL COLLEGE             ,WI,53547-5009,Public       ,60,231,291,638,1521,2159
00610800,BELLIN HOSP SCH OF RAD TECH             ,WI,54305-3505,Private      ,0,0,0,12,6,18
00611500,MERCY MED CTR SCH OF RAD TECH           ,WI,54904-3370,Private      ,0,1,1,6,5,11
00612601,ST LUKE'S MEDCL CTR SCHL RAD TECH       ,WI,53215-4330,Private      ,0,3,3,3,21,24
00612603,ST LUKE'S MED CTR SCH OF SONOGRAPHY     ,WI,53215-0000,Private      ,0,1,1,1,7,8
00613100,THEDA CLARK REG MED CTR SCH RAD TEC     ,WI,54957-0000,Private      ,1,2,3,3,8,11
00663900,BELLIN COLLEGE                          ,WI,54305-0000,Private      ,5,8,13,204,147,351
00766900,SOUTHWEST WISCONSIN TECH COLLEGE        ,WI,53809-0000,Public       ,25,83,108,590,690,1280
00777400,SCIENTIFIC COLLEGE OF BEAUTY/BARBER     ,WI,54601-0000,Proprietary  ,5,17,22,21,52,73
00821700,WISCONSIN COLLEGE OF COSMETOLOGY        ,WI,54304-0000,Proprietary  ,4,6,10,50,41,91
00919400,LAKESHORE TECHNICAL COLLEGE             ,WI,53015-1412,Public       ,45,174,219,459,1175,1634
00925600,MORAINE PARK TECHNICAL COLLEGE          ,WI,54936-0000,Public       ,56,191,247,691,1650,2341
00941900,STATE CLG OF BEAUTY CULT-WAUSAU         ,WI,54403-4667,Proprietary  ,4,13,17,40,41,81
00962100,HERZING COLLEGE                         ,WI,53718-4236,Proprietary  ,57,284,341,531,2069,2600
00974400,FOX VALLEY TECHNICAL COLLEGE            ,WI,54913-0000,Public       ,166,375,541,1889,2772,4661
01091300,MADISON MEDIA INSTITUTE                 ,WI,53718-6787,Proprietary  ,37,19,56,301,156,457
01148400,ADVANCED INSTITUTE OF HAIR DESIGN       ,WI,53225-0000,Proprietary  ,15,17,32,109,88,197
01182400,WISCONSIN INDIANHEAD TECH CLG WITC      ,WI,54871-9300,Public       ,69,263,332,931,1759,2690
01290600,MADISON COSMETOLOGY COLLEGE             ,WI,53711-1030,Proprietary  ,6,9,15,41,62,103
02077100,MILWAUKEE INST OF ART & DESIGN          ,WI,53202-0000,Private      ,18,8,26,671,135,806
02078000,SACRED HEART SCHOOL OF THEOLOGY         ,WI,53130-0000,Private      ,0,0,0,0,11,11
02136600,WISCONSIN LUTHERAN COLLEGE              ,WI,53226-0000,Private      ,8,6,14,736,73,809
02201803,KAPLAN COLLEGE - MILWAUKEE              ,WI,53212-3939,Proprietary  ,50,197,247,207,872,1079
02239204,HIGH-TECH INSTITUTE - MILWAUKEE         ,WI,53005-4207,Proprietary  ,0,2,2,0,2,2
02271300,WI SCH OF PROFESSIONAL PSYCHOLOGY       ,WI,53225-0000,Private      ,0,8,8,1,78,79
02317200,MARANATHA BAPTIST BIBLE COLLEGE         ,WI,53094-0000,Private      ,42,12,54,724,96,820
02324700,EMPIRE BEAUTY SCHOOL                    ,WI,53717-0000,Proprietary  ,13,37,50,65,139,204
02332100,EMPIRE BEAUTY SCHOOL                    ,WI,54220-0000,Proprietary  ,12,23,35,68,129,197
02453500,MEDICAL COLLEGE OF WISCONSIN            ,WI,53226-0000,Private      ,3,7,10,15,1096,1111
02494300,GILL-TECH ACADEMY OF HAIR DESIGN        ,WI,54911-0000,Proprietary  ,10,5,15,78,35,113
02503303,RASMUSSEN COLLEGE - MANKATO - GREEN BAY ,WI,54303-2349,Proprietary  ,7,70,77,11,96,107
02532200,LAC COURTE OREILLES OJIBWA CMTY CLG     ,WI,54843-0000,Public       ,8,37,45,56,382,438
03007400,LAKESIDE SCHOOL OF MASSAGE THERAPY      ,WI,53719-1103,Private      ,4,17,21,42,97,139
03061200,MIDWEST COLLEGE OF ORIENTAL MEDICINE    ,WI,53403-9747,Proprietary  ,1,62,63,6,219,225
03077600,EMPIRE BEAUTY SCHOOL                    ,WI,54304-4838,Proprietary  ,22,44,66,138,236,374
03087500,ITT TECHNICAL INSTITUTE                 ,WI,53220-4612,Proprietary  ,285,552,837,1025,1807,2832
03125100,COLLEGE OF MENOMINEE NATION             ,WI,54135-0000,Private      ,10,43,53,104,389,493
03125102,COLLEGE OF  THE MENOMINEE NATION - GREEN,WI,54304-4964,Private      ,2,6,8,10,38,48
03220300,"SALON PROFESSIONAL ACADEMY, THE         ",WI,54701-7633,Proprietary  ,6,7,13,63,57,120
03309300,MONTESSORI INSTITUTE OF MILWAUKEE       ,WI,53207-0000,Private      ,0,1,1,0,11,11
03808300,INSTITUTE OF BEAUTY AND WELLNESS (THE)  ,WI,53202-5715,Proprietary  ,7,7,14,24,49,73
03822300,FOUR SEASONS SALON AND COSMETOLOGY SCHOO,WI,53566-0000,Proprietary  ,0,3,3,7,18,25
03872500,NORTHLAND INTERNATIONAL UNIVERSITY      ,WI,54119-9285,Private      ,31,7,38,404,37,441
03925300,BLUE SKY SCHOOL OF PROFESSIONAL MASSAGE ,WI,53024-9699,Private      ,2,10,12,44,108,152
04117400,MILWAUKEE CAREER COLLEGE                ,WI,53222-4305,Proprietary  ,4,41,45,38,215,253
04118600,ACADEMY OF COSMETOLOGY                  ,WI,53548-3307,Proprietary  ,3,4,7,16,32,48
00290500,NORTH CAROLINA A&T STATE UNIV           ,NC,27411-0001,Public       ,249,282,531,12004,3929,15933
00290600,APPALACHIAN STATE UNIVERSITY            ,NC,28608-2059,Public       ,289,162,451,11358,2806,14164
00290700,UNIVERSITY OF NC AT ASHEVILLE           ,NC,28804-3299,Public       ,58,65,123,2552,1009,3561
00290800,BARTON COLLEGE                          ,NC,27893-3104,Private      ,15,37,52,1056,590,1646
00291000,BELMONT ABBEY COLLEGE                   ,NC,28012-1802,Private      ,17,103,120,913,895,1808
00291100,BENNETT COLLEGE                         ,NC,27401-3239,Private      ,19,14,33,1004,231,1235
00291200,BREVARD COLLEGE                         ,NC,28712-3306,Private      ,17,8,25,795,115,910
00291300,CAMPBELL UNIVERSITY                     ,NC,27506-0036,Private      ,59,146,205,3578,2656,6234
00291400,CATAWBA COLLEGE                         ,NC,28144-2488,Private      ,21,39,60,1231,460,1691
00291500,CENTRAL PIEDMONT COMMUNITY COLLEGE      ,NC,28204-2297,Public       ,442,1280,1722,4379,8286,12665
00291600,CHOWAN UNIVERSITY                       ,NC,27855-1850,Private      ,28,35,63,1392,220,1612
00291700,COLLEGE OF THE ALBEMARLE                ,NC,27909-2327,Public       ,59,173,232,515,1093,1608
00291800,DAVIDSON COLLEGE                        ,NC,28035-7157,Private      ,31,7,38,1984,47,2031
00291900,DAVIDSON COUNTY COMMUNITY COLLEGE       ,NC,27293-0000,Public       ,68,264,332,737,2014,2751
00292000,DUKE UNIVERSITY                         ,NC,27708-0397,Private      ,94,40,134,9517,936,10453
00292001,DUKE UNIV - SCHOOL OF MEDICINE          ,NC,27710-0000,Private      ,12,10,22,67,974,1041
00292002,DUKE UNIV - SCHOOL OF LAW               ,NC,27708-0000,Private      ,1,4,5,30,2091,2121
00292003,DUKE UNIV - GRAD SCH ARTS & SCIENCE     ,NC,27708-0000,Private      ,1,32,33,34,661,695
00292004,DUKE UNIV - FUQUA SCH OF BUSINESS       ,NC,27708-0000,Private      ,2,34,36,31,1057,1088
00292005,DUKE UNIV/NICHOLAS SCH OF ENVIRON.      ,NC,27708-0000,Private      ,0,6,6,10,270,280
00292006,DUKE UNIV - DIVINITY SCHOOL             ,NC,27708-0000,Private      ,0,8,8,33,612,645
00292007,DUKE UNIV - SCHOOL OF NURSING           ,NC,27710-0000,Private      ,3,24,27,41,404,445
00292300,EAST CAROLINA UNIVERSITY                ,NC,27858-1818,Public       ,355,630,985,15409,8372,23781
00292600,ELIZABETH CITY STATE UNIVERSITY         ,NC,27909-7806,Public       ,55,88,143,3144,1176,4320
00292700,ELON UNIVERSITY                         ,NC,27244-2010,Private      ,64,42,106,5214,660,5874
00292800,FAYETTEVILLE STATE UNIVERSITY           ,NC,28301-4298,Public       ,129,361,490,4936,4970,9906
00292900,GARDNER-WEBB UNIVERSITY                 ,NC,28017-0000,Private      ,41,160,201,1964,2085,4049
00293000,GREENSBORO COLLEGE                      ,NC,27401-1875,Private      ,22,42,64,1216,615,1831
00293100,GUILFORD COLLEGE                        ,NC,27410-4171,Private      ,36,166,202,2080,1861,3941
00293300,HIGH POINT UNIVERSITY                   ,NC,27262-4221,Private      ,35,109,144,2339,1434,3773
00293400,ISOTHERMAL COMMUNITY COLLEGE            ,NC,28160-0804,Public       ,60,170,230,542,1074,1616
00293500,JOHN WESLEY COLLEGE                     ,NC,27265-0000,Private      ,3,24,27,30,143,173
00293600,JOHNSON C SMITH UNIVERSITY              ,NC,28216-5398,Private      ,65,54,119,2956,577,3533
00293700,KING'S COLLEGE-CHARLOTTE                ,NC,28204-2435,Proprietary  ,14,24,38,621,264,885
00293900,LEES MCRAE COLLEGE                      ,NC,28604-0000,Private      ,23,16,39,792,264,1056
00294000,LENOIR COMMUNITY COLLEGE                ,NC,28502-0188,Public       ,72,236,308,650,1692,2342
00294100,LENOIR-RHYNE UNIVERSITY                 ,NC,28603-0000,Private      ,39,29,68,1787,496,2283
00294200,LIVINGSTONE COLLEGE                     ,NC,28144-5298,Private      ,17,16,33,1148,353,1501
00294300,LOUISBURG COLLEGE                       ,NC,27549-2398,Private      ,28,11,39,1017,105,1122
00294400,MARS HILL COLLEGE                       ,NC,28754-0000,Private      ,16,15,31,1221,375,1596
00294500,MEREDITH COLLEGE                        ,NC,27607-5298,Private      ,24,75,99,1705,728,2433
00294600,METHODIST UNIVERSITY                    ,NC,28311-1420,Private      ,32,95,127,1977,1040,3017
00294700,MITCHELL COMMUNITY COLLEGE              ,NC,28677-5264,Public       ,52,208,260,544,1305,1849
00294800,MONTREAT COLLEGE                        ,NC,28757-1267,Private      ,15,111,126,565,725,1290
00294900,MOUNT OLIVE COLLEGE                     ,NC,28365-1299,Private      ,60,331,391,902,2908,3810
00295000,NORTH CAROLINA CENTRAL UNIVERSITY       ,NC,27707-3198,Public       ,131,342,473,6986,5998,12984
00295100,NORTH CAROLINA WESLEYAN COLLEGE         ,NC,27804-8699,Private      ,16,78,94,1145,983,2128
00295300,PEACE COLLEGE                           ,NC,27604-1194,Private      ,17,14,31,776,194,970
00295400,UNIV OF NORTH CAROLINA AT PEMBROKE      ,NC,28372-1510,Public       ,115,215,330,4486,2923,7409
00295500,PFEIFFER UNIVERSITY                     ,NC,28109-0000,Private      ,11,111,122,824,1118,1942
00295600,PIEDMONT BAPTIST COLLEGE AND GRADUATE SC,NC,27101-5025,Private      ,4,25,29,197,154,351
00295700,QUEENS UNIVERSITY OF CHARLOTTE          ,NC,28274-0001,Private      ,31,143,174,1301,1324,2625
00295800,ROCKINGHAM COMMUNITY COLLEGE            ,NC,27375-0000,Public       ,56,138,194,579,976,1555
00296000,SALEM COLLEGE                           ,NC,27108-0000,Private      ,12,42,54,491,519,1010
00296100,SANDHILLS COMMUNITY COLLEGE             ,NC,28374-8283,Public       ,99,306,405,1016,2083,3099
00296200,SHAW UNIVERSITY                         ,NC,27601-2393,Private      ,74,202,276,2589,2362,4951
00296300,SOUTHEASTERN BAPTIST THEOL SEMINARY     ,NC,27588-0000,Private      ,2,4,6,37,71,108
00296400,SOUTHEASTERN COMMUNITY COLLEGE          ,NC,28472-5422,Public       ,51,148,199,625,1244,1869
00296700,ST ANDREWS PRESBYTERIAN COLLEGE         ,NC,28352-9979,Private      ,10,3,13,885,124,1009
00296800,ST AUGUSTINES COLLEGE                   ,NC,27610-2298,Private      ,22,38,60,1730,530,2260
00297000,SURRY COMMUNITY COLLEGE                 ,NC,27017-0304,Public       ,73,179,252,879,1118,1997
00297200,NORTH CAROLINA STATE UNIV-RALEIGH       ,NC,27695-1751,Public       ,290,392,682,17445,6223,23668
00297300,GASTON COLLEGE                          ,NC,28034-1499,Public       ,136,431,567,1157,2570,3727
00297400,UNIVERSITY OF N C-CHAPEL HILL           ,NC,27514-0000,Public       ,213,322,535,15486,9669,25155
00297500,UNIVERSITY OF NC AT CHARLOTTE           ,NC,28223-0001,Public       ,313,546,859,12524,7654,20178
00297600,UNIVERSITY OF N C - GREENSBORO          ,NC,27412-0001,Public       ,259,383,642,11778,6678,18456
00297800,WAKE FOREST UNIV - UNDERGRADUATE        ,NC,27109-7246,Private      ,41,10,51,3897,163,4060
00297801,WAKE FOREST UNIV - SCH OF MEDICINE      ,NC,27157-1090,Private      ,2,7,9,26,819,845
00297803,WAKE FOREST UNIVERSITY - SCHOOLS OF BUSI,NC,27109-7659,Private      ,0,34,34,6,450,456
00297805,WAKE FOREST UNIV - SCH OF LAW           ,NC,27109-7206,Private      ,1,4,5,13,923,936
00297806,WAKE FOREST UNIV - GRAD A&S/DIVINITY    ,NC,27109-7246,Private      ,1,15,16,25,371,396
00297900,WARREN WILSON COLLEGE                   ,NC,28815-0000,Private      ,19,12,31,930,281,1211
00298000,WAYNE COMMUNITY COLLEGE                 ,NC,27533-0000,Public       ,74,291,365,991,1956,2947
00298100,WESTERN CAROLINA UNIVERSITY             ,NC,28723-9731,Public       ,117,175,292,5558,2355,7913
00298200,WESTERN PIEDMONT COMMUNITY COLLEGE      ,NC,28655-4504,Public       ,63,224,287,709,1538,2247
00298300,WILKES COMMUNITY COLLEGE                ,NC,28697-2100,Public       ,47,121,168,723,973,1696
00298400,UNIVERSITY OF N C-WILMINGTON            ,NC,28403-3297,Public       ,170,179,349,8892,3026,11918
00298500,WINGATE UNIVERSITY                      ,NC,28174-0159,Private      ,27,37,64,1752,641,2393
00298600,WINSTON-SALEM STATE UNIVERSITY          ,NC,27102-0000,Public       ,133,253,386,6156,3362,9518
00398100,UNC SCHOOL OF THE ARTS                  ,NC,27127-2188,Public       ,18,8,26,1069,254,1323
00403300,ASHEVILLE BUNCOMBE TECH CMTY CLG        ,NC,28801-4897,Public       ,98,272,370,1009,2085,3094
00406200,PITT COMMUNITY COLLEGE                  ,NC,28590-0000,Public       ,172,468,640,2049,3260,5309
00483500,CALDWELL COMMUNITY CLG & TECH INST      ,NC,28638-2626,Public       ,89,211,300,916,1638,2554
00483800,GUILFORD TECHNICAL COMMUNITY CLG        ,NC,27282-0309,Public       ,267,716,983,3234,5982,9216
00484400,WAKE TECHNICAL COMMUNITY COLLEGE        ,NC,27603-5696,Public       ,272,753,1025,2783,5079,7862
00484500,WILSON COMMUNITY COLLEGE                ,NC,27893-3310,Public       ,56,225,281,435,1386,1821
00499201,MILLER-MOTTE TECHNICAL COLLEGE - MILLER-,NC,27511-9209,Proprietary  ,21,113,134,112,684,796
00531600,COASTAL CAROLINA COMMUNITY COLLEGE      ,NC,28546-6816,Public       ,88,399,487,810,2480,3290
00531700,FORSYTH TECHNICAL COMMUNITY COLLEGE     ,NC,27103-5197,Public       ,180,605,785,1522,4053,5575
00531800,CATAWBA VALLEY COMMUNITY COLLEGE        ,NC,28602-8302,Public       ,87,294,381,1167,2223,3390
00532000,CAPE FEAR COMMUNITY COLLEGE             ,NC,28401-3910,Public       ,220,440,660,2129,2587,4716
00544700,RANDOLPH COMMUNITY COLLEGE              ,NC,27204-1009,Public       ,48,154,202,497,1128,1625
00544800,DURHAM TECHNICAL CMNTY COLLEGE          ,NC,27703-5023,Public       ,85,377,462,805,2717,3522
00544900,CENTRAL CAROLINA COMMUNITY COLLEGE      ,NC,27330-9000,Public       ,91,277,368,849,2163,3012
00546300,ALAMANCE COMMUNITY COLLEGE              ,NC,27253-0000,Public       ,87,344,431,818,1993,2811
00546400,RICHMOND COMMUNITY COLLEGE              ,NC,28345-4522,Public       ,60,224,284,495,1491,1986
00575400,ROWAN-CABARRUS COMMUNITY COLLEGE        ,NC,28145-1595,Public       ,142,393,535,1232,2898,4130
00647700,CABARRUS COLLEGE OF HEALTH SCIENCES     ,NC,28025-0000,Private      ,9,36,45,236,332,568
00647800,MERCY HOSP SCH OF NURSING               ,NC,28207-0000,Public       ,2,28,30,85,272,357
00648300,WATTS SCHOOL OF NURSING                 ,NC,27704-0000,Private      ,4,17,21,69,153,222
00679900,CRAVEN COMMUNITY COLLEGE                ,NC,28562-0000,Public       ,46,293,339,496,1678,2174
00703100,PAMLICO COMMUNITY COLLEGE               ,NC,28529-0000,Public       ,6,29,35,56,207,263
00764000,FAYETTEVILLE TECHNICAL CMTY COLLEGE     ,NC,28303-0236,Public       ,213,913,1126,2153,7799,9952
00768700,JAMES SPRUNT COMMUNITY COLLEGE          ,NC,28349-0398,Public       ,18,102,120,278,761,1039
00781400,BROOKSTONE COLLEGE OF BUSINESS          ,NC,28262-0000,Proprietary  ,16,52,68,58,285,343
00781401,BROOKSTONE COLLEGE OF BUSINESS          ,NC,27409-0000,Proprietary  ,8,57,65,43,284,327
00789200,SAMPSON COMMUNITY COLLEGE               ,NC,28328-0000,Public       ,40,106,146,396,1026,1422
00798500,SOUTH PIEDMONT COMMUNITY COLLEGE        ,NC,28135-9703,Public       ,51,199,250,433,1339,1772
00798600,HALIFAX COMMUNITY COLLEGE               ,NC,27890-0089,Public       ,43,130,173,384,985,1369
00798700,BLADEN COMMUNITY COLLEGE                ,NC,28332-0266,Public       ,22,127,149,345,1163,1508
00798800,MARTIN COMMUNITY COLLEGE                ,NC,27892-8307,Public       ,21,73,94,194,574,768
00808100,CARTERET COMMUNITY COLLEGE              ,NC,28557-2989,Public       ,43,138,181,381,898,1279
00808200,CLEVELAND COMMUNITY COLLEGE             ,NC,28150-0000,Public       ,57,225,282,530,1671,2201
00808300,HAYWOOD COMMUNITY COLLEGE               ,NC,28721-0000,Public       ,32,91,123,374,720,1094
00808500,MCDOWELL TECHNICAL COMMUNITY CLG        ,NC,28752-8728,Public       ,11,73,84,209,562,771
00808700,MONTGOMERY COMMUNITY COLLEGE            ,NC,27371-0787,Public       ,13,75,88,204,591,795
00846600,SOUTHWESTERN COMMUNITY COLLEGE          ,NC,28779-8581,Public       ,52,130,182,501,866,1367
00855700,NASH COMMUNITY COLLEGE                  ,NC,27804-0488,Public       ,44,151,195,675,1225,1900
00855800,BEAUFORT COUNTY COMMUNITY COLLEGE       ,NC,27889-7889,Public       ,41,156,197,382,980,1362
00861200,ROBESON COMMUNITY COLLEGE               ,NC,28359-2151,Public       ,100,270,370,747,2391,3138
00861300,ROANOKE-CHOWAN COMMUNITY COLLEGE        ,NC,27910-9522,Public       ,23,76,99,259,605,864
00885500,EDGECOMBE COMMUNITY COLLEGE             ,NC,27886-9399,Public       ,39,201,240,368,1326,1694
00885501,EDGECOMBE COMMUNITY COLLEGE             ,NC,27801-0000,Public       ,16,54,70,128,533,661
00902500,SOUTH EASTERN CLG OF BEAUTY CULTURE     ,NC,28204-0000,Proprietary  ,19,48,67,121,294,415
00933600,JOHNSTON COMMUNITY COLLEGE              ,NC,27577-0000,Public       ,92,223,315,715,1562,2277
00943000,TRI-COUNTY COMMUNITY COLLEGE            ,NC,28906-7919,Public       ,19,76,95,234,480,714
00964600,PIEDMONT COMMUNITY COLLEGE              ,NC,27573-1197,Public       ,29,138,167,328,970,1298
00968400,BLUE RIDGE COMMUNITY COLLEGE            ,NC,28731-9624,Public       ,38,76,114,342,588,930
00974701,GORDON-CONWELL THEO SEM - CHARLOTTE     ,NC,28273-0000,Private      ,0,11,11,1,153,154
00990300,VANCE-GRANVILLE CMTY COLLEGE            ,NC,27536-0917,Public       ,94,327,421,935,2313,3248
01026400,SOUTH COLLEGE                           ,NC,28803-3152,Proprietary  ,13,35,48,45,235,280
01119400,STANLY COMMUNITY COLLEGE                ,NC,28001-7458,Public       ,33,148,181,391,1105,1496
01119700,MAYLAND COMMUNITY COLLEGE               ,NC,28777-2777,Public       ,32,66,98,246,418,664
01179900,PAUL MITCHELL THE SCHOOL FAYETTEVILLE   ,NC,28303-5364,Proprietary  ,2,9,11,12,68,80
01192600,LEON'S BEAUTY SCHOOL                    ,NC,27403-2812,Proprietary  ,9,23,32,67,132,199
02056500,MITCHELL'S HAIR STYLING ACADEMY         ,NC,27893-0000,Proprietary  ,9,21,30,58,112,170
02056501,MITCHELL'S HAIR STYLING ACADEMY - MITCHE,NC,27606-3326,Proprietary  ,3,5,8,15,30,45
02110500,ART INSTITUTE OF CHARLOTTE (THE)        ,NC,28217-0000,Proprietary  ,91,183,274,1254,1111,2365
02170700,BRUNSWICK COMMUNITY COLLEGE             ,NC,28422-0000,Public       ,39,71,110,365,550,915
02205000,COLLEGE OF WILMINGTON                   ,NC,28403-0000,Proprietary  ,0,10,10,7,34,41
02210400,FAYETTEVILLE BEAUTY COLLEGE             ,NC,28303-0000,Proprietary  ,3,14,17,26,78,104
02227800,MITCHELL'S HAIR STYLING ACADEMY         ,NC,27534-0000,Proprietary  ,1,0,1,2,10,12
02227900,MITCHELL'S HAIR STYLING ACADEMY         ,NC,27858-0000,Proprietary  ,1,1,2,9,24,33
02238700,HAIRSTYLING INSTITUTE OF CHARLOTTE      ,NC,28204-0000,Proprietary  ,5,9,14,42,85,127
02280900,ROANOKE BIBLE COLLEGE                   ,NC,27909-0000,Private      ,7,10,17,107,69,176
02286300,CAROLINA BEAUTY COLLEGE                 ,NC,27262-0000,Proprietary  ,24,119,143,158,824,982
02558900,CHEVEUX SCHOOL OF HAIR DESIGN           ,NC,28540-0000,Proprietary  ,0,0,0,3,18,21
02560600,PINNACLE INSTITUTE OF COSMETOLOGY       ,NC,28115-8020,Proprietary  ,6,5,11,28,25,53
02614201,MILLER-MOTTE BUSINESS COLLEGE           ,NC,28403-0000,Proprietary  ,36,114,150,205,912,1117
03009500,WINSTON-SALEM BARBER SCHOOL             ,NC,27107-0000,Proprietary  ,5,10,15,31,76,107
03064400,REGENCY BEAUTY INSTITUTE                ,NC,27127-0000,Proprietary  ,7,12,19,42,100,142
03089300,HERITAGE BIBLE COLLEGE                  ,NC,28335-0000,Private      ,0,6,6,19,81,100
03104200,CAROLINAS COLLEGE OF HEALTH SCIENCE     ,NC,28232-2861,Public       ,6,42,48,174,430,604
03104201,CHS NURSE ANESTHESIA PROGRAM / UNCC     ,NC,28232-2861,Public       ,7,19,26,136,142,278
03109000,SCHOOL OF COMMUNICATION ARTS OF NORTH CA,NC,27614-7076,Proprietary  ,29,30,59,357,202,559
03237300,ANSON COLLEGE OF COSMETOLOGY            ,NC,28170-2147,Proprietary  ,0,0,0,1,5,6
03361300,MEDICAL ARTS MASSAGE SCHOOL             ,NC,27616-6453,Proprietary  ,7,34,41,27,163,190
03513400,APEX SCHOOL OF THEOLOGY                 ,NC,27703-8024,Private      ,0,33,33,1,162,163
03555300,SOUTHEASTERN INSTITUTE                  ,NC,28217-0000,Proprietary  ,7,50,57,9,64,73
03555300,SOUTHEASTERN SCHL NEUROMUSCULAR MASSAGE ,NC,28217-0000,Proprietary  ,0,0,0,0,1,1
03555400,SOUTHEASTERN SCHOOL OF NEUROMUSCULAR  MA,NC,29406-0000,Proprietary  ,4,14,18,23,57,80
03570300,CAROLINA CHRISTIAN COLLEGE              ,NC,27105-3241,Private      ,2,3,5,10,34,44
03663300,HOOD THEOLOGICAL SEMINARY               ,NC,28144-5768,Private      ,0,19,19,0,198,198
03748500,LA SHE'S BEAUTY ACADEMY                 ,NC,27707-3569,Proprietary  ,2,23,25,20,96,116
03777300,CAROLINA ACAD OF COSMETIC ART & SCI     ,NC,28054-0460,Proprietary  ,14,39,53,81,172,253
03827300,NEW LIFE THEOLOGICAL SEMINARY           ,NC,28205-1648,Private      ,0,3,3,2,55,57
04101300,CAROLINA SCHOOL OF BROADCASTING         ,NC,28214-8085,Proprietary  ,7,16,23,16,37,53
04115700,REGINA'S COLLEGE OF BEAUTY              ,NC,28110-2831,Proprietary  ,2,5,7,5,31,36
04120300,"FILA ACADEMY, THE                       ",NC,27265-3114,Proprietary  ,1,5,6,1,5,6
00298800,BISMARCK STATE COLLEGE                  ,ND,58501-1299,Public       ,73,148,221,1803,1197,3000
00298900,DICKINSON STATE UNIVERSITY              ,ND,58601-4896,Public       ,19,46,65,1312,669,1981
00299000,JAMESTOWN COLLEGE                       ,ND,58405-3401,Private      ,16,15,31,1000,172,1172
00299100,LAKE REGION STATE COLLEGE               ,ND,58301-1598,Public       ,19,37,56,311,324,635
00299200,UNIVERSITY OF MARY                      ,ND,58504-9652,Private      ,24,142,166,1609,1247,2856
00299300,MAYVILLE STATE UNIVERSITY               ,ND,58257-1299,Public       ,5,16,21,493,184,677
00299400,MINOT STATE UNIVERSITY                  ,ND,58707-0002,Public       ,41,92,133,1544,1441,2985
00299500,MINOT STATE UNIV-BOTTINEAU CAMPUS       ,ND,58318-1159,Public       ,11,18,29,220,198,418
00299600,NORTH DAKOTA STATE CLG OF SCIENCE       ,ND,58076-0002,Public       ,44,47,91,1515,639,2154
00299700,NORTH DAKOTA STATE UNIVERSITY           ,ND,58108-6050,Public       ,134,130,264,7929,2355,10284
00300500,UNIVERSITY OF NORTH DAKOTA              ,ND,58202-8193,Public       ,101,187,288,7102,3676,10778
00300700,WILLISTON STATE COLLEGE                 ,ND,58802-1326,Public       ,8,32,40,280,390,670
00300800,VALLEY CITY STATE UNIVERSITY            ,ND,58072-0000,Public       ,10,15,25,624,182,806
00484600,RASMUSSEN COLLEGE                       ,ND,58103-7196,Proprietary  ,38,157,195,397,1308,1705
00775600,JOSEF'S SCHOOL OF HAIR DESIGN INC       ,ND,58102-4977,Proprietary  ,5,3,8,63,43,106
00935400,MEDCENTER ONE COLLEGE OF NURSING        ,ND,58501-4494,Private      ,1,2,3,55,53,108
01040600,JOSEF'S SCHOOL OF HAIR DESIGN           ,ND,58201-6394,Proprietary  ,5,6,11,53,46,99
01205900,TRINITY BIBLE COLLEGE                   ,ND,58436-7150,Private      ,10,3,13,229,124,353
01229500,R D HAIRSTYLING COLLEGE                 ,ND,58501-4001,Proprietary  ,4,4,8,24,20,44
02188200,SITTING BULL COLLEGE                    ,ND,58538-9721,Public       ,7,55,62,52,321,373
02236500,LITTLE HOOP COMMUNITY COLLEGE           ,ND,58335-0000,Public       ,7,11,18,44,147,191
02242900,UNITED TRIBES TECHNICAL COLLEGE         ,ND,58504-0000,Private      ,19,98,117,238,769,1007
02298200,HEADQUARTERS ACADEMY OF HAIR DESIGN     ,ND,58701-0000,Proprietary  ,2,12,14,24,54,78
02301100,TURTLE MTN CMNTY COLG-FIN AID OFC       ,ND,58316-0000,Private      ,4,25,29,145,361,506
02553700,FORT BERTHOLD COMMUNITY COLLEGE         ,ND,58763-0000,Public       ,8,14,22,47,143,190
03087200,MOLER BARBER CLG OF HAIRSTYLING         ,ND,58103-0000,Proprietary  ,0,2,2,1,9,10
04031300,SALON PROFESSIONAL ACADEMY (THE)        ,ND,58103-3337,Proprietary  ,6,10,16,87,40,127
00301005,ANTIOCH UNIV/SEATTLE                    ,WA,98121-0000,Private      ,1,50,51,20,992,1012
00376900,BELLEVUE COMMUNITY COLLEGE              ,WA,98007-6484,Public       ,157,359,516,2355,3236,5591
00377000,BIG BEND COMMUNITY COLLEGE              ,WA,98837-3299,Public       ,78,144,222,746,1021,1767
00377100,"CENTRAL WASHINGTON UNIV., FIN AID       ",WA,98926-7495,Public       ,215,198,413,7593,3533,11126
00377200,CENTRALIA COLLEGE                       ,WA,98531-4099,Public       ,55,149,204,810,1108,1918
00377300,CLARK COLLEGE                           ,WA,98663-3598,Public       ,275,616,891,2727,4675,7402
00377400,COLUMBIA BASIN COLLEGE                  ,WA,99301-3379,Public       ,164,365,529,1856,2832,4688
00377500,EASTERN WASHINGTON UNIVERSITY           ,WA,99004-2447,Public       ,189,297,486,7295,5108,12403
00377600,EVERETT COMMUNITY COLLEGE               ,WA,98201-1352,Public       ,130,448,578,1371,3196,4567
00377700,HERITAGE UNIVERSITY                     ,WA,98948-9562,Private      ,9,73,82,342,1325,1667
00377800,GONZAGA UNIVERSITY                      ,WA,99258-0083,Private      ,52,155,207,6095,2932,9027
00377900,GRAYS HARBOR COLLEGE                    ,WA,98520-7599,Public       ,38,147,185,497,942,1439
00378000,GREEN RIVER COMMUNITY COLLEGE           ,WA,98092-3622,Public       ,160,357,517,1736,2415,4151
00378100,HIGHLINE COMMUNITY COLLEGE              ,WA,98198-9800,Public       ,164,381,545,1742,3015,4757
00378200,LOWER COLUMBIA COLLEGE                  ,WA,98632-0310,Public       ,80,305,385,758,1793,2551
00378300,NORTHWEST UNIVERSITY                    ,WA,98083-0000,Private      ,21,35,56,947,594,1541
00378400,OLYMPIC COLLEGE                         ,WA,98337-1600,Public       ,125,418,543,1122,2761,3883
00378500,PACIFIC LUTHERAN UNIVERSITY             ,WA,98447-0003,Private      ,53,52,105,3795,1407,5202
00378600,PENINSULA COLLEGE                       ,WA,98362-6660,Public       ,37,152,189,393,963,1356
00378700,SEATTLE CENTRAL COMMUNITY COLLEGE       ,WA,98122-2413,Public       ,188,466,654,1898,3795,5693
00378703,SEATTLE VOCATIONAL INSTITUTE            ,WA,98144-0000,Public       ,25,94,119,71,340,411
00378800,SEATTLE PACIFIC UNIVERSITY              ,WA,98119-1997,Private      ,62,69,131,3937,1356,5293
00379000,SEATTLE UNIVERSITY                      ,WA,98122-1090,Private      ,109,184,293,6104,5444,11548
00379100,SHORELINE COMMUNITY COLLEGE             ,WA,98133-5696,Public       ,108,216,324,1362,2375,3737
00379200,SKAGIT VALLEY COLLEGE                   ,WA,98273-5899,Public       ,118,315,433,956,1886,2842
00379300,SPOKANE COMMUNITY COLLEGE               ,WA,99207-5399,Public       ,293,846,1139,2650,6186,8836
00379400,ST MARTIN'S UNIVERSITY                  ,WA,98503-7500,Private      ,19,50,69,1228,858,2086
00379600,TACOMA COMMUNITY COLLEGE                ,WA,98466-6100,Public       ,168,541,709,1911,4625,6536
00379700,UNIVERSITY OF PUGET SOUND               ,WA,98416-1039,Private      ,40,26,66,3868,761,4629
00379800,UNIVERSITY OF WASHINGTON                ,WA,98195-5880,Public       ,526,773,1299,22475,19470,41945
00379900,WALLA WALLA UNIVERSITY                  ,WA,99324-1198,Private      ,38,27,65,1366,616,1982
00380000,WASHINGTON STATE UNIVERSITY             ,WA,99164-1035,Public       ,324,495,819,15538,9126,24664
00380100,WENATCHEE VALLEY COLLEGE                ,WA,98801-1799,Public       ,70,217,287,991,1797,2788
00380200,WESTERN WASHINGTON UNIVERSITY           ,WA,98225-5946,Public       ,282,185,467,11941,3621,15562
00380300,WHITMAN COLLEGE                         ,WA,99362-2067,Private      ,23,3,26,2175,54,2229
00380400,WHITWORTH UNIVERSITY                    ,WA,99251-0001,Private      ,52,56,108,3096,870,3966
00380500,YAKIMA VALLEY COMMUNITY COLLEGE         ,WA,98907-2520,Public       ,139,421,560,1872,3513,5385
00499800,PUGET SOUND CHRISTIAN COLLEGE           ,WA,98201-3516,Private      ,0,0,0,44,27,71
00499900,BELLINGHAM TECHNICAL COLLEGE            ,WA,98225-0000,Public       ,64,185,249,410,967,1377
00500000,PIERCE COLLEGE                          ,WA,98498-1919,Public       ,169,563,732,1780,4067,5847
00500100,EDMONDS COMMUNITY COLLEGE               ,WA,98036-5999,Public       ,127,334,461,1349,2477,3826
00500600,WALLA WALLA COMMUNITY COLLEGE           ,WA,99362-9267,Public       ,78,173,251,1120,1787,2907
00530600,BATES TECHNICAL COLLEGE                 ,WA,98405-0000,Public       ,50,270,320,406,1576,1982
00537200,SOUTH PUGET SOUND COMMUNITY COLLEGE     ,WA,98512-6292,Public       ,124,336,460,1294,2464,3758
00537300,LAKE WASHINGTON TECHNICAL COLLEGE       ,WA,98034-8505,Public       ,54,145,199,389,1223,1612
00575200,CLOVER PARK TECHNICAL COLLEGE           ,WA,98499-0000,Public       ,88,355,443,774,2661,3435
00815500,EVERGREEN STATE COLLEGE (THE)           ,WA,98505-0002,Public       ,94,165,259,2916,2818,5734
00844300,ITT TECHNICAL INSTITUTE                 ,WA,98168-3334,Proprietary  ,103,209,312,502,1094,1596
00907901,EVEREST COLLEGE                         ,WA,98684-6950,Proprietary  ,3,25,28,28,95,123
00938700,PERRY TECHNICAL INSTITUTE               ,WA,98903-1239,Private      ,46,49,95,348,441,789
00954400,SPOKANE FALLS COMMUNITY COLLEGE         ,WA,99224-5204,Public       ,222,539,761,2815,4067,6882
00970400,NORTH SEATTLE COMMUNITY COLLEGE         ,WA,98103-3599,Public       ,104,262,366,1049,2342,3391
00970600,SOUTH SEATTLE COMMUNITY COLLEGE         ,WA,98106-1499,Public       ,99,251,350,1138,1853,2991
00973900,GLEN DOW ACAD OF HAIR DESIGN            ,WA,99201-0209,Proprietary  ,13,33,46,96,140,236
01036400,WHATCOM COMMUNITY COLLEGE               ,WA,98226-8003,Public       ,99,178,277,1220,1500,2720
01043400,RENTON TECHNICAL COLLEGE                ,WA,98056-0000,Public       ,50,240,290,432,1457,1889
01148100,DIVERS INSTITUTE OF TECHNOLOGY          ,WA,98107-0667,Proprietary  ,16,60,76,96,308,404
01231500,CORNISH COLLEGE OF THE ARTS             ,WA,98121-4604,Private      ,21,7,28,949,273,1222
01249600,GREENWOOD BEAUTY SCHOOL                 ,WA,98103-0000,Proprietary  ,1,12,13,14,60,74
01302200,CITY UNIVERSITY OF SEATTLE              ,WA,98005-3030,Private      ,6,235,241,96,2180,2276
01309400,BELLINGHAM BEAUTY SCHOOL                ,WA,98225-0000,Proprietary  ,5,9,14,28,59,87
02091701,KAPLAN COLLEGE - SEATTLE                ,WA,98055-4910,Proprietary  ,15,39,54,34,150,184
02105300,BELLEVUE BEAUTY SCHOOL                  ,WA,98007-0000,Proprietary  ,0,1,1,10,21,31
02106700,TRINITY LUTHERAN COLLEGE                ,WA,98201-3569,Private      ,0,3,3,80,37,117
02180000,NORTHWEST INDIAN COLLEGE                ,WA,98226-9278,Public       ,24,66,90,97,385,482
02184200,PAROBA COLLEGE OF COSMETOLOGY           ,WA,98208-0000,Proprietary  ,8,16,24,52,118,170
02202200,STYLEMASTERS COLLEGE OF HAIR DESIGN     ,WA,98632-0000,Proprietary  ,8,23,31,28,68,96
02203300,GENE JUAREZ ACADEMY OF BEAUTY           ,WA,98125-0000,Proprietary  ,54,69,123,318,330,648
02203301,GENE JUAREZ ACADEMY OF BEAUTY           ,WA,98003-0000,Proprietary  ,3,7,10,38,38,76
02222900,INTERNATIONAL AIR & HOSPITALITY ACADEMY ,WA,98661-4835,Proprietary  ,49,40,89,240,179,419
02231100,CROWN COLLEGE                           ,WA,98444-0000,Proprietary  ,0,0,0,13,97,110
02236800,PROFESSIONAL BEAUTY SCHOOL              ,WA,98902-0000,Proprietary  ,2,7,9,21,54,75
02242500,BASTYR UNIVERSITY                       ,WA,98028-0000,Private      ,3,72,75,80,1115,1195
02263107,CAMBRIDGE COLLEGE-BELLEVUE              ,WA,98007-0000,Proprietary  ,0,3,3,0,3,3
02291300,ART INSTITUTE OF SEATTLE                ,WA,98121-1622,Proprietary  ,168,158,326,1840,1479,3319
02300100,EVEREST COLLEGE                         ,WA,98367-1835,Proprietary  ,104,432,536,364,1621,1985
02300103,EVEREST COLLEGE - EVERETT               ,WA,98208-2610,Proprietary  ,9,25,34,9,25,34
02300104,EVEREST COLLEGE - TACOMA                ,WA,98402-3004,Proprietary  ,3,20,23,4,21,25
02326500,INTERFACE COLLEGE                       ,WA,99201-3209,Proprietary  ,1,44,45,24,183,207
02331400,NORTHWEST HAIR ACADEMY                  ,WA,98273-0000,Proprietary  ,16,26,42,68,98,166
02331402,NORTHWEST HAIR ACADEMY - EVERETT        ,WA,98204-0000,Proprietary  ,3,6,9,15,19,34
02345100,PHAGAN'S ORCHARDS BEAUTY SCHOOL         ,WA,98662-0000,Proprietary  ,2,4,6,29,26,55
02504900,ACADEMY OF HAIR DESIGN (THE)            ,WA,98801-0000,Proprietary  ,6,13,19,22,54,76
02541900,BJ'S BEAUTY AND BARBER COLLEGE          ,WA,98409-0000,Proprietary  ,2,18,20,20,86,106
02602100,NORTHWEST COLLEGE OF ART                ,WA,98370-8625,Proprietary  ,3,2,5,135,27,162
02606200,EVEREST COLLEGE                         ,WA,98055-2990,Proprietary  ,104,353,457,403,1469,1872
02617500,EVEREST COLLEGE                         ,WA,98133-9018,Proprietary  ,90,198,288,394,953,1347
02617501,EVEREST COLLEGE - FIFE                  ,WA,98424-2647,Proprietary  ,4,13,17,4,13,17
02617503,EVEREST COLLEGE - VANCOUVER             ,WA,98684-6951,Proprietary  ,6,10,16,6,10,16
02617505,ASHMEAD COLLEGE - NEW EVERETT CAMPUS    ,WA,98201-4022,Proprietary  ,0,1,1,0,2,2
03031406,INTERNATIONAL ACADEMY OF DESIGN AND TECH,WA,98188-3319,Proprietary  ,29,27,56,161,164,325
03065000,CLARE'S BEAUTY COLLEGE                  ,WA,99301-5505,Proprietary  ,6,11,17,24,49,73
03071800,ITT TECHNICAL INSTITUTE                 ,WA,99216-1589,Proprietary  ,60,153,213,406,846,1252
03099000,CORTIVA INSTITUTE - SEATTLE             ,WA,98109-5474,Proprietary  ,9,41,50,44,186,230
03139500,MONTESSORI SCHOOLS OF WASHINGTON        ,WA,98203-6600,Private      ,0,0,0,0,2,2
03280300,SEATTLE INST OF ORIENTAL MEDICINE       ,WA,98115-0000,Proprietary  ,0,1,1,1,46,47
03283300,NORTHWEST HVAC/R ASSOCIATION & TRAINING ,WA,99202-2125,Private      ,0,1,1,4,38,42
03361600,SEATTLE MIDWIFERY SCHOOL                ,WA,98144-0000,Private      ,1,2,3,7,53,60
03466400,MARS HILL GRADUATE SCHOOL               ,WA,98121-0000,Private      ,0,5,5,0,263,263
03483500,CASCADIA COMMUNITY COLLEGE              ,WA,98011-9510,Public       ,41,104,145,462,622,1084
03490400,EMIL FRIES PIANO HOSPITAL & TRAININ     ,WA,98661-4323,Private      ,0,1,1,1,7,8
03631500,CORTIVA INSTITUTE - BRIAN UTTING SCHOOL ,WA,98109-5211,Proprietary  ,2,3,5,11,49,60
03689400,FAITH EVANGELICAL SEMINARY              ,WA,98407-2607,Private      ,0,23,23,4,142,146
03707500,CHETTA'S ACADEMY OF HAIR AND NAILS      ,WA,98362-4310,Proprietary  ,0,3,3,3,12,15
03724300,DIGIPEN INSTITUTE OF TECHNOLOGY         ,WA,98052-5170,Proprietary  ,6,5,11,643,206,849
03917300,EVERGREEN BEAUTY AND BARBER COLLEGE     ,WA,98208-3759,Proprietary  ,7,31,38,28,108,136
03932500,TOTAL COSMETOLOGY TRAINING CENTER       ,WA,99217-6231,Proprietary  ,6,14,20,35,82,117
03953300,YAKIMA BEAUTY SCHOOL;BEAUTYWORKS        ,WA,98901-2202,Proprietary  ,1,8,9,9,50,59
04043400,ALPINE COLLEGE                          ,WA,99206-5097,Proprietary  ,2,29,31,12,96,108
04120000,SUNNYSIDE BEAUTY ACADEMY                ,WA,98944-8711,Proprietary  ,2,2,4,5,11,16
04127200,VICTORIA'S ACADEMY OF COSMETOLOGY       ,WA,99336-3826,Proprietary  ,7,22,29,15,31,46
00340100,BROWN UNIVERSITY                        ,RI,02912-9127,Private      ,81,12,93,10780,270,11050
00340101,BROWN UNIVERSITY - GRADUATE SCHOOL      ,RI,02912-1827,Private      ,3,57,60,35,1396,1431
00340102,BROWN MEDICAL SCHOOL                    ,RI,02912-0000,Private      ,0,1,1,13,373,386
00340200,BRYANT UNIVERSITY                       ,RI,02917-1284,Private      ,40,17,57,4891,301,5192
00340400,JOHNSON & WALES UNIVERSITY              ,RI,02903-3703,Private      ,267,207,474,16414,3312,19726
00340600,PROVIDENCE COLLEGE                      ,RI,02918-0001,Private      ,73,27,100,6888,465,7353
00340700,RHODE ISLAND COLLEGE                    ,RI,02908-1991,Public       ,71,153,224,5902,2812,8714
00340800,COMMUNITY COLLEGE OF RI - WARWICK       ,RI,02906-0000,Public       ,278,491,769,3473,3976,7449
00340801,COMMUNITY COLLEGE OF RI - LINCOLN       ,RI,02865-4585,Public       ,91,136,227,1420,1517,2937
00340802,COMMUNITY COLLEGE OF RI- PROVIDENCE     ,RI,02905-2313,Public       ,105,202,307,1338,1906,3244
00340900,RHODE ISLAND SCHOOL OF DESIGN           ,RI,02903-2784,Private      ,29,14,43,2209,1055,3264
00341000,ROGER WILLIAMS UNIVERSITY               ,RI,02809-2921,Private      ,49,30,79,6113,1293,7406
00341100,SALVE REGINA UNIVERSITY                 ,RI,02840-4192,Private      ,24,30,54,4042,288,4330
00341400,UNIVERSITY OF RHODE ISLAND              ,RI,02881-0000,Public       ,209,173,382,14519,3031,17550
00659100,ST. JOSEPH HOSP SCH OF NURSING          ,RI,02904-5199,Private      ,1,4,5,42,125,167
00784400,GIBBS COLLEGE                           ,RI,02920-7807,Proprietary  ,68,100,168,478,729,1207
00784500,NEW ENGLAND INSTITUTE OF TECHNOLOGY     ,RI,02886-2266,Private      ,185,203,388,2388,1689,4077
01115900,"SAWYER SCHOOL,THE                       ",RI,02860-4117,Proprietary  ,51,149,200,163,709,872
02071900,ARTHUR ANGELO SCH COSMET&HAIR DSGN      ,RI,02903-0000,Proprietary  ,30,29,59,104,125,229
02176900,WARWICK ACADEMY OF BEAUTY CULTURE       ,RI,02886-1534,Proprietary  ,15,23,38,77,98,175
02584400,NEW ENGLAND TRACTOR TRAILER TRAINING SCH,RI,02860-1752,Proprietary  ,26,188,214,79,695,774
03080000,NEWPORT SCHOOL OF HAIRDRESSING          ,RI,02860-4038,Proprietary  ,3,8,11,14,67,81
03115200,MOTORING TECHNICAL TRAINING INST        ,RI,02914-0000,Proprietary  ,11,40,51,80,183,263
03232300,LINCOLN TECHNICAL INSTITUTE             ,RI,02865-4211,Proprietary  ,69,123,192,333,644,977
03570500,ZION BIBLE COLLEGE                      ,RI,02806-1246,Private      ,2,10,12,140,104,244
03732300,INTERNATIONAL YACHT RESTORATION SCH     ,RI,02840-6720,Private      ,1,0,1,8,26,34
00341700,ALLEN UNIVERSITY                        ,SC,29204-1085,Private      ,27,20,47,688,345,1033
00341800,ANDERSON UNIVERSITY                     ,SC,29621-4035,Private      ,18,48,66,1644,552,2196
00341900,CHARLESTON SOUTHERN UNIVERSITY          ,SC,29406-2160,Private      ,79,111,190,3314,1606,4920
00342000,BENEDICT COLLEGE                        ,SC,29204-1086,Private      ,83,87,170,3209,1264,4473
00342100,BOB JONES UNIVERSITY                    ,SC,29614-1000,Proprietary  ,95,22,117,2103,243,2346
00342200,SOUTHERN WESLEYAN UNIVERSITY            ,SC,29630-1020,Private      ,13,237,250,706,2185,2891
00342300,THE CITADEL                             ,SC,29409-0002,Public       ,42,75,117,2011,803,2814
00342400,CLAFLIN UNIVERSITY                      ,SC,29115-4498,Private      ,34,66,100,2131,872,3003
00342500,CLEMSON UNIVERSITY                      ,SC,29634-0001,Public       ,182,166,348,11974,2643,14617
00342600,UNIV OF SC AT SUMTER                    ,SC,29150-2498,Public       ,27,56,83,653,619,1272
00342700,COKER COLLEGE                           ,SC,29550-3797,Private      ,10,61,71,840,897,1737
00342800,COLLEGE OF CHARLESTON                   ,SC,29424-0100,Public       ,164,143,307,7509,1985,9494
00342900,COLUMBIA INTERNATIONAL UNIVERSITY       ,SC,29203-1599,Private      ,14,43,57,483,620,1103
00343000,COLUMBIA COLLEGE                        ,SC,29203-5998,Private      ,22,65,87,1281,994,2275
00343100,CONVERSE COLLEGE                        ,SC,29302-0006,Private      ,6,39,45,711,601,1312
00343200,ERSKINE COLLEGE                         ,SC,29639-0000,Private      ,7,1,8,706,23,729
00343201,ERSKINE THEOLOGICAL SEMINARY            ,SC,29639-0000,Private      ,0,7,7,2,163,165
00343400,FURMAN UNIVERSITY                       ,SC,29613-5253,Private      ,29,21,50,2587,258,2845
00343500,LANDER UNIVERSITY                       ,SC,29649-2099,Public       ,40,49,89,2444,756,3200
00343600,LIMESTONE COLLEGE                       ,SC,29340-3799,Private      ,19,210,229,1020,2894,3914
00343700,LUTHERAN THEOLOGICAL SOUTHERN SEM       ,SC,29203-5898,Private      ,0,5,5,1,111,112
00343800,MEDICAL UNIV OF SOUTH CAROLINA - FA     ,SC,29425-1760,Public       ,11,89,100,215,2685,2900
00343900,MORRIS COLLEGE                          ,SC,29150-3599,Private      ,33,37,70,1234,480,1714
00344000,NEWBERRY COLLEGE                        ,SC,29108-2197,Private      ,23,6,29,1356,141,1497
00344100,NORTH GREENVILLE COLLEGE                ,SC,29688-1892,Private      ,28,15,43,2018,282,2300
00344500,PRESBYTERIAN COLLEGE                    ,SC,29325-2503,Private      ,10,2,12,1179,28,1207
00344600,SOUTH CAROLINA STATE UNIVERSITY         ,SC,29117-4427,Public       ,145,175,320,6159,2421,8580
00344700,SPARTANBURG METHODIST COLLEGE           ,SC,29301-5899,Private      ,21,11,32,1149,135,1284
00344800,UNIVERSITY OF SOUTH CAROLINA            ,SC,29208-3999,Public       ,272,440,712,16185,9364,25549
00344900,UNIVERSITY OF SOUTH CAROLINA AIKEN      ,SC,29801-6399,Public       ,53,60,113,2626,1095,3721
00345000,UNIV OF SC AT BEAUFORT                  ,SC,29902-4602,Public       ,24,69,93,716,715,1431
00345100,COASTAL CAROLINA UNIVERSITY             ,SC,29528-0000,Public       ,145,125,270,7566,1558,9124
00345300,UNIV OF SC AT LANCASTER                 ,SC,29721-0889,Public       ,22,85,107,682,636,1318
00345400,UNIV OF SC SYSTEM SALKEHATCHIE          ,SC,29810-0617,Public       ,20,45,65,498,443,941
00345500,VOORHEES COLLEGE                        ,SC,29042-0000,Private      ,13,29,42,569,436,1005
00345600,WINTHROP UNIVERSITY                     ,SC,29733-0001,Public       ,102,116,218,5036,1674,6710
00345700,WOFFORD COLLEGE                         ,SC,29303-3663,Private      ,17,7,24,1472,79,1551
00399000,FLORENCE-DARLINGTON TECH COLLEGE        ,SC,29501-0548,Public       ,199,495,694,2383,3495,5878
00399100,GREENVILLE TECHNICAL COLLEGE            ,SC,29607-2439,Public       ,453,1121,1574,6414,9760,16174
00399200,PIEDMONT TECHNICAL COLLEGE              ,SC,29648-1467,Public       ,137,503,640,1889,3914,5803
00399300,MIDLANDS TECHNICAL COLLEGE              ,SC,29202-0000,Public       ,465,1079,1544,5881,8745,14626
00399400,SPARTANBURG COMMUNITY COLLEGE           ,SC,29305-4386,Public       ,196,480,676,2557,3646,6203
00399500,CENTRAL CAROLINA TECHNICAL COLLEGE      ,SC,29150-2499,Public       ,98,357,455,1124,2935,4059
00399600,YORK TECHNICAL COLLEGE                  ,SC,29730-3395,Public       ,226,763,989,2248,4305,6553
00492000,TRIDENT TECHNICAL COLLEGE               ,SC,29423-8067,Public       ,616,1179,1795,5635,8505,14140
00492300,CLINTON JR COLLEGE                      ,SC,29730-5152,Private      ,9,6,15,95,52,147
00492400,FORREST JUNIOR COLLEGE                  ,SC,29624-2405,Proprietary  ,1,21,22,26,169,195
00492500,HORRY-GEORGETOWN TECH COLLEGE           ,SC,29526-9521,Public       ,283,577,860,2554,4204,6758
00492600,TRI-COUNTY TECHNICAL COLLEGE            ,SC,29670-9133,Public       ,167,364,531,2783,3106,5889
00492700,UNIV OF SC AT UNION                     ,SC,29379-0729,Public       ,10,14,24,177,144,321
00536300,DENMARK TECHNICAL COLLEGE               ,SC,29042-0000,Public       ,101,123,224,786,730,1516
00681500,ORANGEBURG-CALHOUN TECHNICAL COLG       ,SC,29118-8299,Public       ,84,220,304,1229,2107,3336
00695100,UNIVERSITY OF SOUTH CAROLINA UPSTATE    ,SC,29303-9972,Public       ,79,153,232,4229,2155,6384
00760200,NORTHEASTERN TECHNICAL COLLEGE          ,SC,29520-7015,Public       ,40,111,151,484,1021,1505
00922600,FRANCIS MARION UNIVERSITY               ,SC,29501-0000,Public       ,75,90,165,3849,1229,5078
00932200,WILLIAMSBURG TECHNICAL COLLEGE          ,SC,29556-4197,Public       ,25,73,98,308,642,950
00991000,TECHNICAL COLLEGE OF THE LOWCOUNTRY     ,SC,29902-5441,Public       ,65,234,299,710,1783,2493
00991100,UNIV OF SC-REGIONAL CAMPUSES ADMIN      ,SC,29208-0001,Public       ,5,5,10,106,70,176
01005600,AIKEN TECHNICAL COLLEGE                 ,SC,29802-0696,Public       ,120,298,418,1490,2591,4081
01209200,KENNETH SHULER SCHOOL OF COSMETOLOGY    ,SC,29732-2169,Proprietary  ,2,7,9,12,47,59
01303907,SOUTH UNIVERSITY                        ,SC,29203-6400,Proprietary  ,40,185,225,223,1296,1519
02063700,SHERMAN CLG STRAIGHT CHIROPRACTIC       ,SC,29316-0000,Private      ,0,22,22,8,346,354
02189800,NO AMER INST OF AVIATION OF SO CAR      ,SC,29527-0000,Proprietary  ,1,0,1,1,6,7
02338600,CHARZANNE BEAUTY COLLEGE                ,SC,29649-0000,Proprietary  ,2,14,16,22,81,103
02341100,KENNETH SHULER SCHOOL OF COSMETOLOGY & N,SC,29210-0000,Proprietary  ,13,60,73,131,344,475
02356600,CHARLESTON COSMETOLOGY INSTITUTE        ,SC,29420-0000,Proprietary  ,21,21,42,70,110,180
02552400,ACADEMY OF HAIR TECHNOLOGY              ,SC,29615-2363,Proprietary  ,5,28,33,48,103,151
02567600,SUMTER BEAUTY COLLEGE                   ,SC,29150-0000,Proprietary  ,4,7,11,24,74,98
02614202,MILLER - MOTTE TECHNICAL COLLEGE - NORTH,SC,29406-9239,Proprietary  ,30,143,173,234,868,1102
03010614,VIRGINIA COLLEGE - GOLF ACADEMY OF AMERI,SC,29579-0000,Proprietary  ,25,35,60,200,200,400
03052300,KENNETH SHULER SCH COSM & HAIR DESG     ,SC,29841-2013,Proprietary  ,10,15,25,36,87,123
03088300,ACADEMY OF COSMETOLOGY                  ,SC,29418-5667,Proprietary  ,5,21,26,21,91,112
03258300,SOUTHERN METHODIST COLLEGE              ,SC,29116-1027,Private      ,1,3,4,9,35,44
03293300,STRAND COLLEGE OF HAIR DESIGN           ,SC,29572-4310,Proprietary  ,8,11,19,22,67,89
03304300,CENTURA COLLEGE                         ,SC,29406-9235,Proprietary  ,16,86,102,156,642,798
03513300,LACY COSMETOLOGY SCHOOL                 ,SC,29803-9084,Proprietary  ,6,14,20,21,50,71
03513301,LACY COSMETOLOGY SCHOOL -               ,SC,29072-0000,Proprietary  ,2,7,9,9,44,53
03513302,LACY COSMETOLOGY SCHOOL -               ,SC,29445-0000,Proprietary  ,0,4,4,1,17,18
03595300,CHARLESTON SCHOOL OF MASSAGE            ,SC,29412-8270,Proprietary  ,2,5,7,13,32,45
03746300,LEGRAND INSTITUTE OF COSMETOLOGY        ,SC,29020-0000,Proprietary  ,4,12,16,20,41,61
03746400,SOUTHEASTERN INSTITUTE                  ,SC,29210-0000,Proprietary  ,8,28,36,54,141,195
03768400,STYLETRENDS BARBER AND HAIRSTYLING ACADE,SC,29730-4511,Proprietary  ,0,6,6,9,45,54
03842300,PLATINUM SHEAR SCHOOL OF COSMETOLOGY    ,SC,29115-0000,Proprietary  ,1,4,5,6,33,39
03856400,W. L. BONNER COLLEGE                    ,SC,29203-0000,Private      ,3,17,20,7,73,80
03892300,HARLEY'S BEAUTY & BARBER CAREER INST.   ,SC,29204-1919,Proprietary  ,1,16,17,13,79,92
04096300,CHARLESTON SCHOOL OF LAW                ,SC,29402-0535,Proprietary  ,0,217,217,0,217,217
00345800,AUGUSTANA COLLEGE                       ,SD,57197-0001,Private      ,16,12,28,1671,191,1862
00345900,BLACK HILLS STATE UNIVERSITY            ,SD,57799-9670,Public       ,48,112,160,2097,1453,3550
00346100,DAKOTA WESLEYAN UNIVERSITY              ,SD,57301-4398,Private      ,12,14,26,603,316,919
00346300,DAKOTA STATE UNIVERSITY                 ,SD,57042-1799,Public       ,10,34,44,1095,524,1619
00346500,MOUNT MARTY COLLEGE                     ,SD,57078-3724,Private      ,7,37,44,568,535,1103
00346600,NORTHERN STATE UNIVERSITY               ,SD,57401-7198,Public       ,15,47,62,1371,610,1981
00346700,PRESENTATION COLLEGE                    ,SD,57401-1299,Private      ,5,31,36,357,515,872
00346900,UNIVERSITY OF SIOUX FALLS               ,SD,57105-1699,Private      ,19,27,46,1219,492,1711
00347000,SOUTH DAKOTA SCH OF MINES & TECH        ,SD,57701-3995,Public       ,19,37,56,1200,492,1692
00347100,SOUTH DAKOTA STATE UNIVERSITY           ,SD,57007-2298,Public       ,122,162,284,7340,2609,9949
00347400,UNIVERSITY OF SOUTH DAKOTA              ,SD,57069-2390,Public       ,81,204,285,4462,3813,8275
00405600,SIOUX FALLS SEMINARY                    ,SD,57105-2729,Private      ,0,2,2,1,91,92
00405700,NATIONAL AMERICAN UNIVERSITY            ,SD,57701-3692,Proprietary  ,57,557,614,494,4223,4717
00405707,NATIONAL AMERICAN UNIVERSITY            ,SD,57105-0000,Proprietary  ,4,25,29,61,258,319
00492900,MCKENNAN HOSP-RADOLOGICAL TECH          ,SD,57101-0000,Private      ,0,1,1,28,8,36
00530900,LAKE AREA TECHNICAL INSTITUTE           ,SD,57201-2869,Public       ,22,25,47,756,346,1102
00598700,AVERA SACRED HEART HOSPITAL SCHOOL OF RA,SD,57078-3899,Private      ,0,0,0,8,5,13
00776400,SOUTHEAST TECHNICAL INST                ,SD,57107-0000,Public       ,54,95,149,1332,915,2247
00828400,MITCHELL TECHNICAL INSTITUTE            ,SD,57301-2002,Public       ,11,24,35,460,290,750
01013800,STEWART SCHOOL                          ,SD,57104-0000,Proprietary  ,14,4,18,111,48,159
01014804,COLORADO TECHNICAL UNIVERSITY           ,SD,57108-2272,Proprietary  ,33,113,146,335,907,1242
01017000,WESTERN DAKOTA TECHNICAL INSTITUTE      ,SD,57701-4018,Public       ,29,105,134,512,737,1249
01147701,SIOUX VALLEY HOSP-MEDICAL TECH          ,SD,57117-5039,Private      ,0,0,0,23,9,32
01465900,OGLALA LAKOTA COLLEGE                   ,SD,57752-0490,Public       ,34,120,154,268,1130,1398
02137100,BLACK HILLS BEAUTY COLLEGE              ,SD,57701-0000,Proprietary  ,8,7,15,62,58,120
02143700,SINTE GLESKA UNIVERSITY                 ,SD,57570-0000,Public       ,16,64,80,114,542,656
02144600,KILIAN COMMUNITY COLLEGE                ,SD,57103-7020,Private      ,11,35,46,114,462,576
02277300,SISSETON WAHPETON COLLEGE               ,SD,57262-0000,Public       ,7,15,22,28,156,184
02297800,HEADLINES ACADEMY                       ,SD,57701-0000,Proprietary  ,1,9,10,40,78,118
00347700,AQUINAS COLLEGE                         ,TN,37205-2086,Private      ,2,42,44,242,670,912
00347701,AQUINAS COLLEGE -  PRIMETIME PROGRAM    ,TN,37214-3644,Private      ,1,39,40,6,288,294
00347800,AUSTIN PEAY STATE UNIVERSITY            ,TN,37044-0002,Public       ,155,510,665,5415,5997,11412
00347900,BELMONT UNIVERSITY                      ,TN,37212-3757,Private      ,81,123,204,4161,1856,6017
00348000,BETHEL COLLEGE                          ,TN,38201-1705,Private      ,18,195,213,1112,1832,2944
00348001,BETHEL COLLEGE - SUCCESS                ,TN,37040-6034,Private      ,0,2,2,0,2,2
00348100,CARSON-NEWMAN COLLEGE                   ,TN,37760-2204,Private      ,62,22,84,2636,504,3140
00348200,CHRISTIAN BROTHERS UNIVERSITY           ,TN,38104-5581,Private      ,29,112,141,1784,1304,3088
00348300,COLUMBIA STATE COMMUNITY COLLEGE        ,TN,38401-5653,Public       ,92,245,337,2107,2274,4381
00348500,CUMBERLAND UNIVERSITY                   ,TN,37087-3554,Private      ,12,39,51,1217,666,1883
00348600,LIPSCOMB UNIVERSITY                     ,TN,37204-3951,Private      ,37,75,112,2426,748,3174
00348700,EAST TENNESSEE STATE UNIV - MAIN CAMPUS ,TN,37614-2857,Public       ,187,324,511,7665,5113,12778
00348701,EAST TENNESSEE STATE UNIV - MEDICINE    ,TN,37614-1708,Public       ,3,7,10,76,348,424
00348709,EAST TENNESSEE STATE UNIV - PHARMACY    ,TN,37614-1704,Public       ,2,4,6,1249,667,1916
00349000,FISK UNIVERSITY                         ,TN,37208-3045,Private      ,25,16,41,1415,376,1791
00349200,FREED-HARDEMAN UNIVERSITY               ,TN,38340-2399,Private      ,18,45,63,1578,778,2356
00349400,HIWASSEE COLLEGE                        ,TN,37354-4001,Private      ,10,11,21,448,108,556
00349500,JOHNSON BIBLE COLLEGE                   ,TN,37998-9775,Private      ,23,16,39,580,252,832
00349600,KING COLLEGE                            ,TN,37620-2699,Private      ,20,73,93,1065,829,1894
00349800,LAMBUTH UNIVERSITY                      ,TN,38301-5296,Private      ,12,21,33,1068,291,1359
00349900,LANE COLLEGE                            ,TN,38301-4598,Private      ,40,33,73,2219,784,3003
00350000,LEE UNIVERSITY                          ,TN,37320-0000,Private      ,66,73,139,3084,1098,4182
00350100,LEMOYNE-OWEN COLLEGE                    ,TN,38126-6510,Private      ,24,62,86,631,799,1430
00350200,LINCOLN MEMORIAL UNIVERSITY             ,TN,37752-7920,Private      ,25,100,125,1248,2562,3810
00350400,MARTIN METHODIST COLLEGE                ,TN,38478-2799,Private      ,13,22,35,731,415,1146
00350500,MARYVILLE COLLEGE                       ,TN,37804-5907,Private      ,14,9,23,1814,167,1981
00350600,MEHARRY MEDICAL COLLEGE                 ,TN,37208-0000,Private      ,3,12,15,42,1149,1191
00350700,MEMPHIS COLLEGE OF ART                  ,TN,38104-2764,Private      ,14,10,24,493,160,653
00350900,UNIVERSITY OF MEMPHIS (THE)             ,TN,38152-4611,Public       ,334,861,1195,13012,12974,25986
00351000,MIDDLE TENNESSEE STATE UNIV             ,TN,37130-0000,Public       ,458,721,1179,17954,8305,26259
00351100,MILLIGAN COLLEGE                        ,TN,37682-4001,Private      ,20,22,42,895,445,1340
00351700,SOUTHERN COLLEGE OF OPTOMETRY           ,TN,38104-2222,Private      ,2,2,4,10,555,565
00351800,SOUTHERN ADVENTIST UNIVERSITY           ,TN,37315-0370,Private      ,54,32,86,1967,555,2522
00351900,RHODES COLLEGE                          ,TN,38112-1690,Private      ,28,11,39,2104,177,2281
00352200,TENNESSEE STATE UNIVERSITY              ,TN,37209-1561,Public       ,182,473,655,9408,6902,16310
00352300,TENNESSEE TECHNOLOGICAL UNIV            ,TN,38505-0001,Public       ,119,262,381,7273,3126,10399
00352400,TENNESSEE TEMPLE UNIVERSITY             ,TN,37404-3587,Private      ,9,17,26,561,215,776
00352500,TENNESSEE WESLEYAN COLLEGE              ,TN,37371-0040,Private      ,16,18,34,875,381,1256
00352600,TREVECCA NAZARENE UNIVERSITY            ,TN,37210-2877,Private      ,17,137,154,1053,1664,2717
00352700,TUSCULUM COLLEGE                        ,TN,37743-0001,Private      ,26,127,153,1682,1914,3596
00352800,UNION UNIVERSITY                        ,TN,38305-3697,Private      ,36,179,215,1994,1686,3680
00352900,UNIVERSITY OF TENNESSEE-CHATTANOOGA     ,TN,37403-2598,Public       ,158,264,422,8860,3172,12032
00353000,UNIVERSITY OF TENNESSEE-KNOXVILLE       ,TN,37996-0150,Public       ,346,380,726,22477,7791,30268
00353006,UNIVERSITY OF TENNESSEE-HEALTH SCI CTR  ,TN,38103-0000,Public       ,9,58,67,308,2785,3093
00353100,UNIVERSITY OF TENNESSEE-MARTIN          ,TN,38238-0002,Public       ,113,233,346,6302,2437,8739
00353400,UNIVERSITY OF THE SOUTH                 ,TN,37383-1000,Private      ,15,2,17,1401,54,1455
00353500,VANDERBILT UNIVERSITY                   ,TN,37240-0001,Private      ,110,108,218,7677,4503,12180
00353501,VANDERBILT UNIV MED CTR ALLIEDHEAL      ,TN,37232-5510,Private      ,2,11,13,22,150,172
00353502,VANDERBILT UNIV - SCH OF MED            ,TN,37232-0000,Private      ,5,8,13,54,846,900
00353600,BRYAN COLLEGE                           ,TN,37321-7000,Private      ,19,41,60,934,381,1315
00399800,CHATTANOOGA STATE COMMUNITY COLLEGE     ,TN,37406-1097,Public       ,198,565,763,3373,4905,8278
00399900,CLEVELAND STATE COMMUNITY COLLEGE       ,TN,37312-2858,Public       ,65,187,252,1249,1632,2881
00402500,TN TECHNOLOGY CTR AT KNOXVILLE          ,TN,37919-2327,Public       ,31,135,166,335,806,1141
00402600,TENNESSEE TECH. CNTR AT CROSSVILLE      ,TN,38555-4142,Public       ,19,39,58,220,370,590
00461700,NATIONAL COLLEGE OF BUSINESS & TECH     ,TN,37211-6605,Proprietary  ,27,265,292,179,1440,1619
00493400,DRAUGHONS JR CLG OF BUSINESS            ,TN,37217-1056,Proprietary  ,61,350,411,421,2288,2709
00493700,JACKSON STATE COMMUNITY COLLEGE         ,TN,38301-3797,Public       ,92,297,389,2286,2760,5046
00493800,SOUTH COLLEGE                           ,TN,37909-3323,Proprietary  ,50,237,287,325,1344,1669
00494700,WEST TENNESSEE BUSINESS COLLEGE         ,TN,38301-3256,Proprietary  ,6,74,80,78,452,530
00528000,TN TECHNOLOGY CTR AT COVINGTON          ,TN,38019-0249,Public       ,15,19,34,100,209,309
00528100,TN TECHNOLOGY CTR AT ELIZABETHTON       ,TN,37643-0789,Public       ,20,118,138,187,712,899
00528200,TN TECHNOLOGY CTR AT HARTSVILLE         ,TN,37074-0000,Public       ,7,36,43,137,281,418
00528300,TN TECHNOLOGY CTR AT NEWBERN            ,TN,38059-1198,Public       ,7,27,34,114,375,489
00530700,TN TECHNOLOGY CTR AT MCMINNVILLE        ,TN,37110-1322,Public       ,5,39,44,112,366,478
00535100,TENNESSEE TECHNOLOGY CENTER AT MORRISTOW,TN,37813-2094,Public       ,18,99,117,359,797,1156
00535200,TN TECHNOLOGY CENTER AT MCKENZIE        ,TN,38201-1620,Public       ,12,29,41,136,310,446
00535300,TN TECHNOLOGY CENTER AT LIVINGSTON      ,TN,38570-0219,Public       ,16,51,67,230,437,667
00535400,TN TECHNOLOGY CTR AT JACKSON            ,TN,38301-0000,Public       ,15,98,113,339,814,1153
00535600,TENNESSEE TECHNOLOGY CENTER AT HOHENWALD,TN,38462-0000,Public       ,16,60,76,198,426,624
00535700,TENNESSEE TECHNOLOGY CENTER AT CRUMP    ,TN,38327-3402,Public       ,8,39,47,157,389,546
00535800,TN TECHNOLOGY CENTER AT ATHENS          ,TN,37371-0848,Public       ,10,51,61,156,290,446
00535900,TENNESSEE TECHNOLOGY CENTER AT NASHVILLE,TN,37209-0000,Public       ,34,169,203,379,1011,1390
00536000,TENNESSEE TECHNOLOGY CENTER AT MEMPHIS  ,TN,38105-3604,Public       ,71,227,298,634,1594,2228
00537800,NORTHEAST STATE TECH CMNTY COLG         ,TN,37617-0246,Public       ,128,344,472,2325,2975,5300
00537900,TN TECHNOLOGY CTR AT SHELBYVILLE        ,TN,37160-3697,Public       ,15,59,74,319,691,1010
00683500,DYERSBURG STATE COMMUNITY COLLEGE       ,TN,38024-0000,Public       ,33,188,221,1239,1761,3000
00683600,MOTLOW STATE COMMUNITY COLLEGE          ,TN,37388-7972,Public       ,81,258,339,1867,1996,3863
00743900,FOUNTAINHEAD COLLEGE OF TECHNOLOGY      ,TN,37918-2583,Proprietary  ,14,31,45,90,168,258
00744000,NASHVILLE AUTO DIESEL COLLEGE           ,TN,37206-3298,Proprietary  ,202,111,313,2202,731,2933
00778200,TENNESSEE TECHNOLOGY CENTER AT DICKSON  ,TN,37055-0000,Public       ,18,100,118,237,571,808
00778300,MIDDLE TENNESSEE SCH OF ANESTHESIA      ,TN,37116-0417,Private      ,0,5,5,7,151,158
00814500,NASHVILLE STATE TECH CMNTY COLLEGE      ,TN,37209-0000,Public       ,173,498,671,2142,4294,6436
00865500,GENESIS CAREER COLLEGE OF COOKEVILLE    ,TN,38501-1959,Proprietary  ,2,18,20,39,101,140
00885900,JOHN A GUPTON COLLEGE                   ,TN,37203-2934,Private      ,2,14,16,61,104,165
00886300,WALTERS STATE COMMUNITY COLLEGE         ,TN,37813-6899,Public       ,154,396,550,2914,2968,5882
00946400,TN TECHNOLOGY CTR AT PULASKI            ,TN,38478-4541,Public       ,13,40,53,102,344,446
00956700,TENNESSEE SCHOOL OF BEAUTY              ,TN,37921-3303,Proprietary  ,14,30,44,95,167,262
00971000,TENNESSEE TECHNOLOGY CENTER AT ONEIDA/HU,TN,37756-4149,Public       ,5,32,37,65,208,273
00991200,VOLUNTEER STATE COMMUNITY COLLEGE       ,TN,37066-3188,Public       ,137,433,570,2753,3238,5991
00991400,ROANE STATE COMMUNITY COLLEGE           ,TN,37748-8664,Public       ,137,296,433,2615,2919,5534
00998200,CRICHTON COLLEGE                        ,TN,38111-4745,Private      ,28,124,152,589,1245,1834
01021700,INTERNATIONAL ACADEMY OF DESIGN & TECH  ,TN,37212-0000,Proprietary  ,59,69,128,683,807,1490
01032600,TN TECHNOLOGY CTR AT HARRIMAN           ,TN,37748-1109,Public       ,12,19,31,123,218,341
01043900,SOUTHWEST TENNESSEE COMMUNITY COLLG     ,TN,38104-3322,Public       ,327,1066,1393,5034,9329,14363
01044700,"PLAZA BEAUTY SCHOOL, INC.               ",TN,38117-4822,Proprietary  ,7,23,30,53,114,167
01046000,AMERICAN BAPTIST THEOLOGICAL SEMINA     ,TN,37207-4994,Private      ,2,2,4,20,94,114
01052900,MEMPHIS THEOLOGICAL SEMINARY            ,TN,38104-0000,Private      ,0,33,33,5,185,190
01070000,TN TECHNOLOGY CENTER AT JACKSBORO       ,TN,37757-2461,Public       ,5,29,34,90,186,276
01155300,WM R MOORE COLLEGE OF TECHNOLOGY        ,TN,38104-0000,Private      ,5,16,21,62,80,142
01216400,TENNESSEE TECHNICAL CNTR AT RIPLEY      ,TN,38063-7359,Public       ,7,30,37,54,219,273
01254700,EMMANUEL SCHOOL OF RELIGION             ,TN,37601-0000,Private      ,0,1,1,1,51,52
01269300,PELLISSIPPI STATE COMMUNITY COLLEGE     ,TN,37933-0990,Public       ,203,408,611,3727,3277,7004
02092800,TENNESSEE TECHNOLOGY CENTER AT WHITEVILL,TN,38075-0000,Public       ,11,31,42,111,210,321
02103500,TN TECHNOLOGY CTR AT MURFREESBORO       ,TN,37129-0000,Public       ,14,49,63,201,381,582
02106400,O'MORE COLLEGE OF DESIGN                ,TN,37064-0000,Private      ,7,6,13,204,68,272
02125300,NASHVILLE CLG OF MEDICAL CAREERS        ,TN,37115-0000,Proprietary  ,9,39,48,39,226,265
02153100,JON NAVE UNIVERSITY OF COSMETOLOGY      ,TN,37013-3347,Proprietary  ,17,38,55,95,134,229
02157100,CONCORDE CAREER COLLEGE                 ,TN,38137-0000,Proprietary  ,31,228,259,274,1383,1657
02188300,PENTECOSTAL THEOLOGICAL SEMINARY        ,TN,37320-0000,Private      ,1,20,21,3,221,224
02204200,"CHATTANOOGA COLLEGE - MEDICAL, DENTAL AN",TN,37411-0000,Proprietary  ,9,49,58,30,274,304
02237900,TN TECHNOLOGY CENTER AT PARIS           ,TN,38242-0000,Public       ,20,54,74,145,579,724
02257400,ARNOLD'S BEAUTY SCHOOL                  ,TN,38358-0000,Proprietary  ,6,11,17,24,60,84
02263104,HIGH-TECH INSTITUTE - NASHVILLE         ,TN,37214-2531,Proprietary  ,1,8,9,1,8,9
02275500,REUBEN-ALLEN COLLEGE                    ,TN,37922-0000,Proprietary  ,5,7,12,25,27,52
02278700,MR WAYNES SCH OF UNISEX HAIR DESIGN     ,TN,38501-0000,Proprietary  ,0,4,4,5,27,32
02293900,VOLUNTEER BEAUTY ACADEMY-NASHVILLE      ,TN,37115-2112,Proprietary  ,5,18,23,27,76,103
02294000,VOLUNTEER BEAUTY ACADEMY-DYERSBURG      ,TN,38024-1622,Proprietary  ,4,13,17,37,84,121
02326200,KAPLAN CAREER INSTITUTE                 ,TN,37217-1342,Proprietary  ,10,83,93,60,425,485
02326202,KAPLAN CAREER INSTITUTE - THOMPSON LANE ,TN,37204-3692,Proprietary  ,0,7,7,0,8,8
02326300,MEDVANCE INSTITUTE                      ,TN,38501-4305,Proprietary  ,71,216,287,340,1202,1542
02335900,VOLUNTEER BEAUTY ACADEMY-NASHVILLE      ,TN,37209-3033,Proprietary  ,0,7,7,26,61,87
02359800,ITT TECHNICAL INSTITUTE                 ,TN,37214-3717,Proprietary  ,198,510,708,1097,2190,3287
02498000,NEW WAVE HAIR ACADEMY                   ,TN,38128-0000,Proprietary  ,7,30,37,54,171,225
02539800,QUEEN CITY COLLEGE                      ,TN,37042-0000,Proprietary  ,5,23,28,36,167,203
02540000,TENNESSEE ACADEMY OF COSMETOLOGY        ,TN,38133-0000,Proprietary  ,9,32,41,55,122,177
02578200,NOSSI COLLEGE OF ART                    ,TN,37072-0000,Proprietary  ,16,29,45,248,329,577
02595000,FAYETTEVILLE BEAUTY SCHOOL              ,TN,37334-2909,Proprietary  ,3,16,19,39,68,107
02597600,NEW WAVE HAIR ACADEMY                   ,TN,38301-3812,Proprietary  ,5,37,42,50,205,255
02599710,VATTEROTT COLLEGE - MEMPHIS             ,TN,38132-1714,Proprietary  ,21,164,185,135,769,904
02605501,REMINGTON COLLEGE - MEMPHIS CAMPUS      ,TN,38132-0000,Proprietary  ,42,267,309,332,1344,1676
02614200,MILLER MOTTE BUSINESS COLLEGE           ,TN,37040-6023,Proprietary  ,25,101,126,167,745,912
02614203,MILLER - MOTTE TECHNICAL COLLEGE - CHATT,TN,37421-7220,Proprietary  ,32,114,146,240,893,1133
02614204,MILLER - MOTTE TECHNICAL COLLEGE - GOODL,TN,37072-1870,Proprietary  ,8,49,57,50,278,328
03001800,FREE WILL BAPTIST BIBLE COLLEGE         ,TN,37205-2498,Private      ,11,11,22,232,104,336
03008800,FRANKLIN ACADEMY                        ,TN,37312-3939,Private      ,2,4,6,21,45,66
03010606,VIRGINIA COLLEGE - SCH OF BUSNSS & HLTH ,TN,37411-5600,Proprietary  ,1,8,9,13,80,93
03012500,NEW WAVE HAIR ACADEMY                   ,TN,38111-4253,Proprietary  ,9,69,78,96,379,475
03024900,TENNESSEE ACADEMY OF COSMETOLOGY        ,TN,38125-3442,Proprietary  ,8,24,32,37,133,170
03061100,GENESIS CAREER COLLEGE OF LEBANON       ,TN,37087-2718,Proprietary  ,14,52,66,58,231,289
03073400,ITT TECHNICAL INSTITUTE                 ,TN,37932-3343,Proprietary  ,285,518,803,1294,2134,3428
03076405,HIGH-TECH INSTITUTE - MEMPHIS           ,TN,38134-7345,Proprietary  ,6,17,23,6,17,23
03079100,NORTH CENTRAL INSTITUTE                 ,TN,37042-3116,Proprietary  ,2,14,16,13,60,73
03088800,WATKINS INSTITUTE COLLEGE OF ART & DESIG,TN,37228-1306,Private      ,13,10,23,328,224,552
03126900,STYLES & PROFILES BEAUTY COLLEGE        ,TN,38375-2109,Proprietary  ,3,3,6,5,20,25
03149300,NEW DIRECTIONS HAIR ACADEMY             ,TN,37209-0000,Proprietary  ,14,37,51,107,293,400
03355400,RICHMONT GRADUATE UNIVERSITY            ,TN,37404-0000,Private      ,0,7,7,5,103,108
03440300,BAPTIST MEMORIAL COLLEGE OF HEALTH      ,TN,38104-3104,Private      ,12,92,104,604,1135,1739
03454300,TENNESSEE CAREER COLLEGE                ,TN,37214-2945,Proprietary  ,2,19,21,22,137,159
03487300,TEMPLE BAPTIST SEMINARY                 ,TN,37404-0000,Private      ,0,0,0,8,25,33
03513500,WILLIAMSON CHRISTIAN COLLEGE            ,TN,37067-8237,Private      ,1,11,12,5,56,61
03647300,NEW CONCEPTS SCHOOL OF COSMETOLOGY      ,TN,37311-7373,Proprietary  ,2,8,10,8,44,52
03683300,INTERNATIONAL BARBER & STYLE COLLEGE    ,TN,37209-0000,Proprietary  ,6,46,52,34,206,240
03774300,PYRAMID BEAUTY SCHOOL                   ,TN,38104-2324,Proprietary  ,0,0,0,9,23,32
03774400,SHEAR ACADEMY                           ,TN,38555-4177,Proprietary  ,4,5,9,11,23,34
03830300,SAE INSTITUTE OF TECHNOLOGY             ,TN,37203-4310,Proprietary  ,17,25,42,161,171,332
03841300,CAREER BEAUTY COLLEGE                   ,TN,38464-3634,Proprietary  ,1,2,3,10,28,38
03920300,INSTITUTE OF HAIR DESIGN                ,TN,38310-1801,Proprietary  ,1,4,5,20,57,77
03930300,BUCHANAN BEAUTY COLLEGE                 ,TN,37160-2741,Proprietary  ,1,3,4,8,31,39
03982300,VISIBLE SCHOOL - MUSIC AND WORSHIPS ARTS,TN,38104-5814,Private      ,6,0,6,45,32,77
04025300,LAST MINUTE CUTS SCHOOL OF BARBERING AND,TN,38109-7709,Proprietary  ,1,17,18,19,80,99
04035300,NAVE COSMETOLOGY ACADEMY                ,TN,38401-6335,Proprietary  ,12,41,53,33,150,183
04037400,MASON ACADEMY OF COSMETOLOGY            ,TN,38049-7048,Proprietary  ,0,1,1,1,5,6
04124100,ELITE COLLEGE OF COSMETOLOGY            ,TN,38351-1431,Proprietary  ,2,8,10,10,27,37
00353700,ABILENE CHRISTIAN UNIVERSITY            ,TX,79699-3701,Private      ,112,61,173,3863,1134,4997
00353900,ALVIN COMMUNITY COLLEGE                 ,TX,77511-4807,Public       ,87,229,316,758,1475,2233
00354000,AMARILLO COLLEGE                        ,TX,79109-2446,Public       ,210,588,798,2405,4621,7026
00354100,ANGELO STATE UNIVERSITY                 ,TX,76909-5069,Public       ,149,128,277,4833,2007,6840
00354300,AUSTIN COLLEGE                          ,TX,75090-4440,Private      ,19,2,21,1550,116,1666
00354400,AUSTIN PRESBYTERIAN THEOLOGICAL SEM     ,TX,78705-5797,Private      ,0,2,2,1,124,125
00354500,BAYLOR UNIVERSITY                       ,TX,76798-1458,Private      ,326,159,485,13622,3255,16877
00354600,COASTAL BEND COLLEGE                    ,TX,78102-2197,Public       ,63,230,293,1230,1740,2970
00354900,BLINN COLLEGE                           ,TX,77833-4098,Public       ,395,329,724,7135,3073,10208
00355300,CISCO JUNIOR COLLEGE                    ,TX,76437-9803,Public       ,94,230,324,1493,1703,3196
00355400,CLARENDON COLLEGE                       ,TX,79226-0000,Public       ,27,56,83,366,293,659
00355600,COMMONWEALTH INST OF FUNERAL SVC        ,TX,77090-5918,Private      ,9,19,28,40,139,179
00355700,CONCORDIA UNIVERSITY TEXAS              ,TX,78726-4141,Private      ,27,257,284,992,1479,2471
00355800,NORTH CENTRAL TEXAS COLLEGE             ,TX,76240-4699,Public       ,145,269,414,1686,2130,3816
00356000,DALLAS BAPTIST UNIVERSITY               ,TX,75211-9299,Private      ,88,296,384,2138,3091,5229
00356100,CEDAR VALLEY COLLEGE                    ,TX,75134-0000,Public       ,98,258,356,1439,2439,3878
00356200,DALLAS THEOLOGICAL SEM                  ,TX,75204-0000,Private      ,0,54,54,9,536,545
00356300,DEL MAR COLLEGE                         ,TX,78404-3897,Public       ,317,668,985,3816,5416,9232
00356400,EAST TEXAS BAPTIST UNIVERSITY           ,TX,75670-1423,Private      ,32,13,45,1494,330,1824
00356500,TEXAS A&M UNIVERSITY - COMMERCE         ,TX,75429-3011,Public       ,100,371,471,3471,4845,8316
00356600,EPISCOPAL THEOL SEM OF THE STHWST       ,TX,78768-0000,Private      ,0,1,1,0,5,5
00356800,FRANK PHILLIPS COLLEGE                  ,TX,79008-0000,Public       ,17,61,78,339,461,800
00357000,GRAYSON COUNTY COLLEGE                  ,TX,75020-8299,Public       ,89,274,363,1118,1952,3070
00357100,HARDIN-SIMMONS UNIVERSITY               ,TX,79698-6050,Private      ,42,46,88,2010,919,2929
00357200,TRINITY VALLEY COMMUNITY COLLEGE        ,TX,75751-2734,Public       ,114,321,435,1505,2548,4053
00357300,HILL COLLEGE                            ,TX,76645-2711,Public       ,29,66,95,558,575,1133
00357301,HILL COLLEGE                            ,TX,76031-0000,Public       ,40,149,189,459,980,1439
00357400,HOWARD COLLEGE                          ,TX,79720-0213,Public       ,65,174,239,973,1545,2518
00357500,HOWARD PAYNE UNIVERSITY                 ,TX,76801-2715,Private      ,22,31,53,1320,368,1688
00357600,HOUSTON BAPTIST UNIVERSITY              ,TX,77074-3298,Private      ,65,144,209,2275,1697,3972
00357700,HUSTON - TILLOTSON UNIVERSITY           ,TX,78702-2795,Private      ,25,34,59,757,437,1194
00357800,UNIVERSITY OF THE INCARNATE WORD        ,TX,78209-6398,Private      ,122,273,395,3580,3674,7254
00357900,JACKSONVILLE COLLEGE                    ,TX,75766-4759,Private      ,7,16,23,201,124,325
00358000,KILGORE COLLEGE                         ,TX,75662-3299,Public       ,151,413,564,2181,2849,5030
00358100,LAMAR UNIVERSITY-BEAUMONT               ,TX,77710-0042,Public       ,209,416,625,5722,4124,9846
00358200,LAREDO COMMUNITY COLLEGE                ,TX,78040-4395,Public       ,292,383,675,3982,3200,7182
00358300,LEE COLLEGE                             ,TX,77520-4796,Public       ,103,358,461,1138,2751,3889
00358400,LETOURNEAU UNIVERSITY                   ,TX,75607-0000,Private      ,24,387,411,1453,3145,4598
00358500,LON MORRIS COLLEGE                      ,TX,75766-2900,Private      ,9,9,18,348,98,446
00358600,LUBBOCK CHRISTIAN UNIVERSITY            ,TX,79407-2099,Private      ,64,91,155,1408,1041,2449
00358800,UNIVERSITY OF MARY HARDIN-BAYLOR        ,TX,76513-2599,Private      ,52,67,119,2275,1228,3503
00359000,MCLENNAN COMMUNITY COLLEGE              ,TX,76708-1498,Public       ,186,538,724,3169,5016,8185
00359100,MCMURRY UNIVERSITY                      ,TX,79697-0001,Private      ,40,51,91,1577,602,2179
00359200,MIDWESTERN STATE UNIVERSITY             ,TX,76308-2099,Public       ,122,183,305,3315,2389,5704
00359300,NAVARRO COLLEGE                         ,TX,75110-4818,Public       ,144,370,514,2594,3295,5889
00359400,UNIVERSITY OF NORTH TEXAS               ,TX,76203-1370,Public       ,689,879,1568,20889,13984,34873
00359500,OBLATE SCHOOL OF THEOLOGY               ,TX,78216-0000,Private      ,0,0,0,0,8,8
00359600,ODESSA COLLEGE                          ,TX,79764-7127,Public       ,93,235,328,1211,2020,3231
00359800,OUR LADY OF THE LAKE UNIVERSITY         ,TX,78207-4689,Private      ,44,148,192,2020,2290,4310
00359900,UNIVERSITY OF TEXAS - PAN AMERICAN      ,TX,78541-2999,Public       ,388,497,885,12478,8071,20549
00360000,PANOLA COLLEGE                          ,TX,75633-2397,Public       ,33,107,140,752,935,1687
00360100,PARIS JR COLLEGE                        ,TX,75460-6298,Public       ,87,276,363,1377,2002,3379
00360200,PAUL QUINN COLLEGE                      ,TX,75241-4398,Private      ,23,60,83,554,839,1393
00360300,RANGER COLLEGE                          ,TX,76470-3298,Public       ,16,22,38,448,253,701
00360400,RICE UNIVERSITY                         ,TX,77251-1892,Private      ,115,87,202,5231,1538,6769
00360600,SAM HOUSTON STATE UNIVERSITY            ,TX,77340-0000,Public       ,380,349,729,11718,5373,17091
00360700,ALAMO CMTY CLG DISTRICT PROGRAM         ,TX,78207-0000,Public       ,18,25,43,185,233,418
00360800,ST PHILLIPS COLLEGE                     ,TX,78203-2098,Public       ,357,951,1308,3861,7492,11353
00360900,SAN JACINTO CLG-CENTRAL-NORTH-SOUTH     ,TX,77501-0000,Public       ,472,1011,1483,5162,7259,12421
00361000,SCHREINER UNIVERSITY                    ,TX,78028-5697,Private      ,17,20,37,1023,415,1438
00361100,SOUTH PLAINS COLLEGE                    ,TX,79336-6504,Public       ,260,473,733,4035,3975,8010
00361200,UNIV OF HOUSTON-DOWNTOWN                ,TX,77002-1001,Public       ,232,588,820,5101,7507,12608
00361300,SOUTHERN METHODIST UNIVERSITY           ,TX,75275-0181,Private      ,97,250,347,4786,4394,9180
00361400,SOUTHWEST TEXAS JR COLLEGE              ,TX,78801-6221,Public       ,114,272,386,1842,2287,4129
00361500,TEXAS STATE UNIVERSITY--SAN MARCOS      ,TX,78666-4602,Public       ,709,626,1335,18844,10003,28847
00361600,SOUTHWESTERN ASSEMBLIES OF GOD UNIV     ,TX,75165-2397,Private      ,39,88,127,1223,896,2119
00361700,SOUTHWESTERN BAPTIST THEOL SEMINARY     ,TX,76122-0000,Private      ,1,17,18,31,163,194
00361800,SOUTHWESTERN CHRISTIAN COLLEGE          ,TX,75160-3400,Private      ,5,4,9,223,75,298
00361900,SOUTHWESTERN ADVENTIST UNIVERSITY       ,TX,76059-1922,Private      ,17,26,43,602,423,1025
00362000,SOUTHWESTERN UNIVERSITY                 ,TX,78626-6111,Private      ,21,10,31,1627,135,1762
00362100,ST EDWARDS UNIVERSITY                   ,TX,78704-0000,Private      ,86,157,243,3748,2370,6118
00362300,ST MARY'S UNIV OF SAN ANTONIO           ,TX,78228-8500,Private      ,75,97,172,3153,2521,5674
00362400,STEPHEN F AUSTIN STATE UNIVERSITY       ,TX,75962-0001,Public       ,261,242,503,9395,3667,13062
00362500,SUL ROSS STATE UNIVERSITY               ,TX,79832-0113,Public       ,44,105,149,1278,1698,2976
00362600,TARRANT COUNTY COLLEGE                  ,TX,76102-6599,Public       ,782,1722,2504,8946,13550,22496
00362700,TEMPLE COLLEGE                          ,TX,76504-7435,Public       ,134,360,494,1533,2790,4323
00362800,TEXARKANA COLLEGE                       ,TX,75599-0001,Public       ,80,262,342,1420,1968,3388
00363000,PRAIRIE VIEW A&M UNIVERSITY             ,TX,77446-2967,Public       ,265,375,640,8281,4866,13147
00363100,TARLETON STATE UNIVERSITY               ,TX,76402-0000,Public       ,168,289,457,4986,4211,9197
00363200,TEXAS A&M UNIVERSITY                    ,TX,77842-0000,Public       ,771,329,1100,27526,6885,34411
00363400,TEXAS STATE TECHNICAL CLG AT WACO       ,TX,76705-1695,Public       ,176,383,559,2316,2612,4928
00363500,TEXAS CHIROPRACTIC COLLEGE              ,TX,77505-1699,Private      ,5,21,26,18,419,437
00363600,TEXAS CHRISTIAN UNIVERSITY              ,TX,76129-0001,Private      ,171,133,304,7264,2366,9630
00363700,JARVIS CHRISTIAN COLLEGE                ,TX,75765-1470,Private      ,52,29,81,636,228,864
00363800,TEXAS COLLEGE                           ,TX,75702-4500,Private      ,25,40,65,760,571,1331
00363900,TEXAS A&M UNIVERSITY-KINGSVILLE         ,TX,78363-8203,Public       ,164,231,395,4434,3572,8006
00364100,TEXAS LUTHERAN UNIVERSITY               ,TX,78155-5999,Private      ,30,13,43,1635,232,1867
00364200,TEXAS SOUTHERN UNIVERSITY               ,TX,77004-4598,Public       ,293,534,827,8845,9090,17935
00364300,TEXAS SOUTHMOST COLLEGE                 ,TX,78520-4992,Public       ,9,31,40,212,347,559
00364400,TEXAS TECH UNIVERSITY                   ,TX,79409-0000,Public       ,582,436,1018,17195,7836,25031
00364500,TEXAS WESLEYAN UNIVERSITY               ,TX,76105-1536,Private      ,22,142,164,1024,3117,4141
00364600,TEXAS WOMAN'S UNIVERSITY                ,TX,76204-5587,Public       ,135,479,614,4487,8161,12648
00364700,TRINITY UNIVERSITY                      ,TX,78212-7200,Private      ,41,23,64,2800,379,3179
00364800,TYLER JUNIOR COLLEGE                    ,TX,75701-3436,Public       ,297,527,824,4652,4141,8793
00365100,UNIVERSITY OF DALLAS                    ,TX,75062-4799,Private      ,38,84,122,1559,1114,2673
00365200,UNIVERSITY OF HOUSTON                   ,TX,77204-2010,Public       ,757,1120,1877,22056,17512,39568
00365400,UNIVERSITY OF ST THOMAS                 ,TX,77006-4626,Private      ,31,90,121,1310,1137,2447
00365600,UNIVERSITY OF TEXAS-ARLINGTON           ,TX,76019-0000,Public       ,481,1002,1483,13525,14208,27733
00365800,UNIVERSITY OF TEXAS-AUSTIN              ,TX,78713-7758,Public       ,806,588,1394,32895,15271,48166
00365900,UT HEALTH CENTER-SAN ANTONIO            ,TX,78229-3900,Public       ,21,115,136,533,2710,3243
00366100,UNIVERSITY OF TEXAS-EL PASO             ,TX,79968-0629,Public       ,314,499,813,10643,9191,19834
00366200,VICTORIA COLLEGE (THE)                  ,TX,77901-4494,Public       ,93,210,303,1110,1860,2970
00366300,WAYLAND BAPTIST UNIVERSITY              ,TX,79072-6998,Private      ,42,320,362,996,2783,3779
00366400,WEATHERFORD COLLEGE                     ,TX,76086-5699,Public       ,126,218,344,1444,1606,3050
00366500,WEST TEXAS A&M UNIVERSITY               ,TX,79016-0000,Public       ,132,249,381,3729,3200,6929
00366800,WHARTON COUNTY JR COLLEGE               ,TX,77488-3298,Public       ,137,274,411,1862,1855,3717
00366900,WILEY COLLEGE                           ,TX,75670-5199,Private      ,20,39,59,657,551,1208
00400300,CENTRAL TEXAS COLLEGE                   ,TX,76540-4199,Public       ,145,1086,1231,1691,7759,9450
00407221,NORTHWOOD UNIVERSITY                    ,TX,75104-0000,Private      ,16,58,74,651,686,1337
00445300,EL CENTRO COLLEGE                       ,TX,75202-0000,Public       ,161,652,813,2077,4693,6770
00481102,EVEREST INSTITUTE - EVEREST COLLEGE     ,TX,76011-6750,Proprietary  ,7,26,33,7,26,33
00494800,TEXAS A&M UNIV SYSTEM HEALTH SCI CT     ,TX,77840-7896,Public       ,5,15,20,82,775,857
00494801,TEXAS A&M UNIV SYSTEMS-HSC              ,TX,77843-1114,Public       ,12,8,20,203,498,701
00494900,BAYLOR COLLEGE OF MEDICINE              ,TX,77030-0000,Private      ,7,31,38,156,1159,1315
00495100,UNIV OF TEXAS HEALTH SCIENCE CENTER     ,TX,77225-0000,Public       ,16,81,97,323,2387,2710
00495200,UNIV OF TEXAS MEDICAL BRANCH            ,TX,77550-0000,Public       ,8,54,62,299,1893,2192
00497200,GALVESTON COLLEGE                       ,TX,77550-7447,Public       ,66,154,220,724,1264,1988
00497700,SOUTH TEXAS COLLEGE OF LAW              ,TX,77002-0000,Private      ,6,59,65,29,1841,1870
00520307,REMINGTON COLLEGE - DALLAS CAMPUS       ,TX,75041-9935,Proprietary  ,6,12,18,52,109,161
00661200,COVENANT SCH OF NSG & ALLIED HEALTH     ,TX,79410-0000,Private      ,12,28,40,114,261,375
00666100,ANGELINA COLLEGE                        ,TX,75902-0000,Public       ,125,360,485,1659,2412,4071
00694100,DALLAS CHRISTIAN COLLEGE                ,TX,75234-7229,Private      ,10,22,32,259,256,515
00709600,COLLEGE OF THE MAINLAND                 ,TX,77591-2499,Public       ,79,236,315,800,1730,2530
00728700,BRAZOSPORT COLLEGE                      ,TX,77566-3199,Public       ,49,128,177,607,911,1518
00732907,ITT TECHNICAL INSTITUTE                 ,TX,77063-3751,Proprietary  ,3,26,29,121,212,333
00754805,WESTWOOD COLLEGE OF TECHNOLOGY          ,TX,77074-0000,Proprietary  ,47,111,158,253,449,702
00758602,REMINGTON COLLEGE - FORT WORTH CAMPUS   ,TX,76112-1280,Proprietary  ,28,130,158,206,716,922
00835300,LINCOLN COLLEGE OF TECHNOLOGY           ,TX,75052-0000,Proprietary  ,208,179,387,966,950,1916
00849800,MIMS CLASSIC BEAUTY COLLEGE             ,TX,78216-0000,Proprietary  ,5,9,14,16,49,65
00850300,MOUNTAIN VIEW COLLEGE                   ,TX,75211-6599,Public       ,145,334,479,1990,3128,5118
00850400,RICHLAND COLLEGE                        ,TX,75243-2199,Public       ,180,450,630,2767,4014,6781
00851000,EASTFIELD COLLEGE                       ,TX,75150-2099,Public       ,164,483,647,2386,4070,6456
00907905,EVEREST COLLEGE                         ,TX,75206-5209,Proprietary  ,18,58,76,18,59,77
00908200,INTERNATIONAL BUSINESS COLLEGE          ,TX,79903-0000,Proprietary  ,26,114,140,120,560,680
00916300,SAN ANTONIO COLLEGE                     ,TX,78212-4299,Public       ,693,1521,2214,8923,12617,21540
00916302,SAN ANTONIO COLLEGE FT SAM HOUSTON      ,TX,78234-0000,Public       ,0,0,0,35,11,46
00922500,TEXAS STATE TECHNICAL COLLEGE  HARLINGEN,TX,78550-3697,Public       ,238,404,642,2858,2929,5787
00946600,KAPLAN CAREER INSTITUTE                 ,TX,78216-1899,Proprietary  ,56,229,285,337,1079,1416
00946607,SAN ANT COL OF MED & DENTAL - MCALLEN   ,TX,78503-1622,Proprietary  ,65,190,255,386,857,1243
00946609,CAREER CENTERS OF TX - CORPUS CHRISTI   ,TX,78416-9900,Proprietary  ,28,166,194,164,777,941
00946610,KAPLAN CAREER INSTITUTE - CAREER CENTERS,TX,76103-2310,Proprietary  ,42,182,224,177,789,966
00954900,WESTERN TEXAS COLLEGE                   ,TX,79549-9501,Public       ,14,22,36,441,269,710
00965100,TEXAS A&M INTERNATIONAL UNIVERSITY      ,TX,78041-1900,Public       ,174,173,347,3345,2629,5974
00974100,UNIVERSITY OF TEXAS AT DALLAS           ,TX,75083-0000,Public       ,194,544,738,5649,6432,12081
00976800,UNIVERSITY OF NORTH TEXAS HEALTH SCIENCE,TX,76107-2699,Public       ,5,27,32,85,1147,1232
00979700,MIDLAND COLLEGE                         ,TX,79705-6397,Public       ,109,219,328,1353,1928,3281
00982802,EVEREST INSTITUTE- AUSTIN               ,TX,78754-0000,Proprietary  ,8,46,54,8,46,54
00993000,UNIVERSITY OF TEXAS-PERMIAN BASIN       ,TX,79762-0001,Public       ,46,109,155,1501,1882,3383
00993200,TEXAS STATE TECH CLG-WEST TEXAS         ,TX,79556-4108,Public       ,34,123,157,387,778,1165
00993201,TEXAS STATE TECH COLLEGE-ABILENE        ,TX,79601-0000,Public       ,15,48,63,148,328,476
00993204,TEXAS STATE TECH CLG-BRECKENRIDGE       ,TX,76424-0000,Public       ,7,17,24,48,149,197
00993205,TEXAS STATE TECH COLLEGE-BROWNWOOD      ,TX,76801-0000,Public       ,12,36,48,102,268,370
01001900,UNIV OF TEXAS SOUTHWESTERN MED CTR      ,TX,75390-9096,Public       ,6,31,37,132,1487,1619
01005700,AMERICAN COMMERCIAL COLLEGE             ,TX,79602-1399,Proprietary  ,9,49,58,37,272,309
01005900,AMERICAN COMMERCIAL COLLEGE             ,TX,79761-0000,Proprietary  ,13,74,87,63,303,366
01005901,AMERICAN COMMERCIAL COLLEGE - AMERICAN C,TX,76310-2303,Proprietary  ,7,43,50,39,238,277
01006000,VERNON COLLEGE                          ,TX,76384-4092,Public       ,64,188,252,842,1632,2474
01011500,UNIVERSITY OF TEXAS-SAN ANTONIO         ,TX,78249-0600,Public       ,706,927,1633,21430,13729,35159
01013000,WADE COLLEGE                            ,TX,75207-3199,Proprietary  ,19,26,45,198,172,370
01038700,EL PASO COMMUNITY COLLEGE               ,TX,79998-0000,Public       ,754,1220,1974,10214,11564,21778
01050900,HALLMARK COLLEGE OF AERONAUTICS         ,TX,78214-0000,Proprietary  ,34,155,189,218,781,999
01062400,CENTRAL TEXAS COMMERCIAL COLLEGE        ,TX,75231-5033,Proprietary  ,8,3,11,54,50,104
01063300,HOUSTON COMMUNITY COLLEGE               ,TX,77002-0000,Public       ,89,344,433,1292,2326,3618
01063303,HOUSTON COMMUNITY COLLEGE - CENTRAL     ,TX,77004-0000,Public       ,233,747,980,2720,6113,8833
01063304,HOUSTON COMMUNITY COLLEGE - RICE AVIATIO,TX,77061-5001,Public       ,114,370,484,1536,3226,4762
01063305,HOUSTON COMMUNITY COLLEGE - NORTHEAST CO,TX,77066-5221,Public       ,169,459,628,2043,3645,5688
01063306,HOUSTON COMMUNITY COLLEGE - CENTRAL COLL,TX,77088-6372,Public       ,99,300,399,1476,2642,4118
01063339,HOUSTON COMMUNITY COLLEGE - STAFFORD    ,TX,77477-0000,Public       ,112,184,296,1495,1862,3357
01063347,HOUSTON COMMUNITY COLLEGE - SOUTHWEST   ,TX,77081-7849,Public       ,191,511,702,2475,4320,6795
01063348,HOUSTON COMMUNITY COLLEGE - COLEMAN     ,TX,77030-0000,Public       ,18,187,205,406,1948,2354
01067400,TEXAS TECH U HEALTH SCIENCES CENTER     ,TX,79430-0000,Public       ,13,87,100,460,2278,2738
01076100,DALLAS INSTITUTE OF FUNERAL SERVICE     ,TX,75227-4314,Private      ,7,22,29,61,166,227
01114500,LONE STAR COLLEGE SYSTEM                ,TX,77073-3499,Public       ,309,734,1043,3665,6084,9749
01114501,LONE STAR COLLEGE-KINGWOOD              ,TX,77339-0000,Public       ,99,292,391,1140,2105,3245
01114502,LONE STAR COLLEGE-TOMBALL               ,TX,77375-0000,Public       ,97,205,302,1009,1607,2616
01114503,LONE STAR COLLEGE-MONTGOMERY            ,TX,77384-0000,Public       ,137,297,434,1335,2514,3849
01114504,LONE STAR COLLEGE-CY-FAIR               ,TX,77433-1383,Public       ,145,286,431,1771,2248,4019
01116100,TEXAS A&M UNIV CORPUS CHRISTI           ,TX,78412-5599,Public       ,235,263,498,6307,3915,10222
01116300,UNIVERSITY OF TEXAS AT TYLER            ,TX,75799-6699,Public       ,128,253,381,3478,3470,6948
01171100,UNIVERSITY OF HOUSTON-CLEAR LAKE        ,TX,77058-1002,Public       ,96,404,500,1412,5424,6836
01201500,AUSTIN COMMUNITY COLLEGE                ,TX,78752-4390,Public       ,734,1720,2454,8876,12758,21634
01202000,VICTORIA BEAUTY COLLEGE                 ,TX,77901-6233,Proprietary  ,5,17,22,31,99,130
01226800,BALDWIN BEAUTY SCHOOL #5                ,TX,78704-4785,Proprietary  ,11,12,23,54,93,147
01229700,LAREDO BEAUTY COLLEGE                   ,TX,78040-1051,Proprietary  ,5,28,33,49,236,285
01248200,ATI TECHNICAL TRAINING CENTER           ,TX,75235-4622,Proprietary  ,86,232,318,362,1157,1519
01248300,COSMETOLOGY CAREER CENTER               ,TX,75006-2566,Proprietary  ,22,46,68,83,190,273
01248800,INTERNATIONAL BEAUTY COLLEGE NO 3       ,TX,75040-0000,Proprietary  ,4,9,13,19,69,88
01276400,METROPLEX BEAUTY SCHOOL                 ,TX,75149-0000,Proprietary  ,5,17,22,36,108,144
01293000,CHARLES & SUE'S SCH OF HAIR DESIGN      ,TX,77801-0000,Proprietary  ,5,10,15,42,85,127
01293100,VELMA B'S BEAUTY ACADEMY                ,TX,75216-1511,Proprietary  ,2,7,9,22,61,83
01293200,TINT SCHOOL OF MAKEUP & COSMETOLOGY     ,TX,75061-4235,Proprietary  ,0,5,5,12,49,61
01298200,BORDER INSTITUTE OF TECHNOLOGY          ,TX,79925-6709,Proprietary  ,0,0,0,8,19,27
01300300,NEILSON BEAUTY COLLEGE                  ,TX,75208-4637,Proprietary  ,1,11,12,17,62,79
01301600,OGLE SCHOOL HAIR SKIN NAILS             ,TX,76013-7400,Proprietary  ,19,38,57,162,193,355
01323100,UNIVERSITY OF HOUSTON-VICTORIA          ,TX,77901-5731,Public       ,22,165,187,326,1808,2134
02058600,CONLEE'S COLLEGE OF COSMETOLOGY         ,TX,78028-0000,Proprietary  ,0,6,6,8,34,42
02074100,CAPITOL CITY TRADE & TECHNICAL SCH      ,TX,78704-0000,Proprietary  ,37,101,138,177,475,652
02077400,NORTH LAKE COLLEGE                      ,TX,75038-0000,Public       ,118,258,376,1452,2333,3785
02078100,STEPHENVILLE BEAUTY COLLEGE             ,TX,76401-0000,Proprietary  ,2,6,8,14,28,42
02081400,ARLINGTON BAPTIST COLLEGE               ,TX,76012-0000,Private      ,8,12,20,94,107,201
02093600,SOUTHWEST SCHOOL OF ELECTRONIC          ,TX,78735-0000,Proprietary  ,1,5,6,16,44,60
02098300,WESTERN TECHNICAL COLLEGE               ,TX,79927-2105,Proprietary  ,147,220,367,739,1025,1764
02100200,BROOKHAVEN COLLEGE                      ,TX,75244-0000,Public       ,115,331,446,1503,2870,4373
02113610,AMERICAN INTERCONTINENTAL UNIV - HOUSTON,TX,77042-4516,Proprietary  ,23,83,106,256,614,870
02116008,SANFORD-BROWN COLLEGE - HOUSTON         ,TX,77036-8507,Proprietary  ,41,123,164,189,655,844
02116012,SANFORD-BROWN INSTITUTE - HOUSTON NORTH ,TX,77008-1058,Proprietary  ,20,90,110,107,439,546
02117100,ART INSTITUTE OF HOUSTON                ,TX,77056-0000,Proprietary  ,121,128,249,1547,1285,2832
02119200,COURT REPORTING INSTITUTE OF DALLAS     ,TX,75247-6913,Proprietary  ,21,128,149,193,1101,1294
02128302,INSTITUTE FOR BUSINESS & TECHNOLOGY - LA,TX,78230-2520,Proprietary  ,17,71,88,17,71,88
02136800,AMERICAN COMMERCIAL COLLEGE             ,TX,76904-0000,Proprietary  ,2,37,39,37,191,228
02144800,VET TECH INSTITUTE OF HOUSTON           ,TX,77027-9881,Proprietary  ,7,12,19,117,101,218
02176100,PIPO ACADEMY OF HAIR DESIGN             ,TX,79903-0000,Proprietary  ,1,8,9,16,63,79
02188600,AUSTIN BUSINESS COLLEGE                 ,TX,78741-0000,Proprietary  ,3,6,9,47,95,142
02200800,AMERICAN COMMERCIAL COLLEGE             ,TX,79411-0000,Proprietary  ,5,44,49,44,215,259
02218300,SOUTHWEST SCHOOL OF BUSINESS & TECHNICAL,TX,78221-0000,Proprietary  ,25,104,129,98,355,453
02218305,SOUTHWEST SCHOOL OF BUSINESS AND TECHNIC,TX,78501-6053,Proprietary  ,5,36,41,6,46,52
02224600,TRI-STATE BEAUTY SCHOOL #1              ,TX,79915-0000,Proprietary  ,10,49,59,102,347,449
02228400,TEXAS AERO TECHNOLOGY                   ,TX,75209-0000,Proprietary  ,0,1,1,0,1,1
02230500,OGLE SCHOOL HAIR SKIN NAILS             ,TX,76132-3638,Proprietary  ,32,53,85,182,258,440
02230600,OGLE SCHOOL HAIR SKIN NAILS             ,TX,76053-4650,Proprietary  ,17,25,42,85,103,188
02239100,CENTRAL TEXAS BEAUTY COLLEGE #2         ,TX,78664-4204,Proprietary  ,11,44,55,34,163,197
02245200,MTI COLLEGE OF BUS. & TECHNOLOGY        ,TX,77036-0000,Proprietary  ,0,0,0,56,115,171
02248200,MILAN INSTITUTE OF COSMETOLOGY          ,TX,79103-0000,Proprietary  ,68,213,281,235,713,948
02254800,TEXAS VOCATIONAL SCHOOLS                ,TX,77901-0000,Proprietary  ,9,30,39,51,125,176
02259400,AMBERTON UNIVERSITY                     ,TX,75041-0000,Private      ,1,29,30,11,167,178
02261300,EVEREST INSTITUTE                       ,TX,78213-3841,Proprietary  ,165,779,944,699,3230,3929
02261302,EVEREST INSTITUTE - HOUSTON GREENSPOINT ,TX,77060-3249,Proprietary  ,10,63,73,11,64,75
02261303,EVEREST INSTITUTE - HOUSTON HOBBY       ,TX,77087-2737,Proprietary  ,10,49,59,10,49,59
02267100,EXPOSITO SCHOOL OF HAIR DESIGN          ,TX,79109-0000,Proprietary  ,6,9,15,25,69,94
02276000,FRANKLIN BEAUTY SCHOOL #2               ,TX,77021-0000,Proprietary  ,8,44,52,27,130,157
02285900,UNIVERSITY OF COSMETOLOGY ARTS&SCI      ,TX,78504-0000,Proprietary  ,18,78,96,154,467,621
02294800,CAPITOL CITY CAREERS                    ,TX,78745-0000,Proprietary  ,6,31,37,31,154,185
02298501,EVEREST COLLEGE- FORT WORTH             ,TX,76137-2472,Proprietary  ,7,38,45,7,40,47
02305300,PARKER COLLEGE OF CHIROPRACTIC          ,TX,75229-0000,Private      ,5,39,44,43,1258,1301
02306700,FORT WORTH BEAUTY SCHOOL                ,TX,76116-3299,Proprietary  ,5,48,53,40,163,203
02312200,TEXAS SCHOOL OF BUSINESS                ,TX,77073-6032,Proprietary  ,61,156,217,241,605,846
02312201,TEXAS SCHOOL OF BUSINESS - SOUTHWEST CAM,TX,77057-0000,Proprietary  ,39,144,183,183,659,842
02312202,TEXAS SCHOOL OF BUSINESS - FRIENDSWOOD C,TX,77546-8938,Proprietary  ,20,93,113,66,350,416
02312203,TEXAS SCHOOL OF BUSINESS - EAST CAMPUS  ,TX,77029-1916,Proprietary  ,33,151,184,151,640,791
02313901,WESTWOOD COLLEGE - DALLAS               ,TX,75243-0000,Proprietary  ,74,141,215,378,679,1057
02315400,NORTHEAST TEXAS COMMUNITY COLLEGE       ,TX,75456-0000,Public       ,40,145,185,845,1125,1970
02318200,"KD STUDIO, ACTOR'S CONSERVATORY         ",TX,75207-2111,Proprietary  ,15,11,26,76,78,154
02320200,HOUSTON GRADUATE SCHOOL OF THEOLOGY     ,TX,77004-0000,Private      ,0,11,11,0,132,132
02326000,SAN ANTONIO BEAUTY COLLEGE NO 3         ,TX,78217-0000,Proprietary  ,11,43,54,35,122,157
02328600,ITT TECHNICAL INSTITUTE                 ,TX,76011-0000,Proprietary  ,103,182,285,470,846,1316
02331200,BAPTIST MISSIONARY ASSN THEOL SEM       ,TX,75766-0000,Private      ,0,2,2,5,33,38
02331300,INTERACTIVE LEARNING SYSTEMS            ,TX,77502-1201,Proprietary  ,5,58,63,15,217,232
02331301,INTERACTIVE LEARNING SYSTEMS            ,TX,77081-0000,Proprietary  ,11,60,71,40,308,348
02331303,INTERACTIVE LEARNING SYSTEMS            ,TX,77502-0000,Proprietary  ,3,66,69,18,236,254
02331304,INTERACTIVE LEARNING SYSTEMS            ,TX,77060-0000,Proprietary  ,3,40,43,13,158,171
02341300,PALO ALTO COLLEGE                       ,TX,78224-0000,Public       ,247,582,829,3747,4736,8483
02348500,LAMAR STATE COLLEGE-PORT ARTHUR         ,TX,77640-0000,Public       ,54,143,197,738,1237,1975
02357700,ACADEMY OF HAIR DESIGN                  ,TX,77090-0000,Proprietary  ,21,36,57,41,62,103
02358200,LAMAR STATE COLLEGE-ORANGE              ,TX,77630-0000,Public       ,38,159,197,581,1412,1993
02361400,COLLIN COUNTY COMMUNITY COLLEGE         ,TX,75071-0000,Public       ,282,620,902,3257,4386,7643
02362000,UNIVERSAL TECHNICAL INSTITUTE           ,TX,77073-0000,Proprietary  ,256,242,498,5271,2083,7354
02362800,AUSTIN GRADUATE SCHOOL OF THEOLOGY      ,TX,78752-1333,Private      ,0,8,8,7,51,58
02521200,ARLINGTON CAREER INSTITUTE              ,TX,75050-0000,Proprietary  ,11,84,95,53,429,482
02521800,SEGUIN BEAUTY SCHOOL                    ,TX,78155-0000,Proprietary  ,11,18,29,38,67,105
02527500,HOUSTON TRAINING SCHOOLS                ,TX,77020-0000,Proprietary  ,20,114,134,115,600,715
02530700,SEBRING CAREER SCHOOLS                  ,TX,77083-1510,Proprietary  ,7,22,29,29,95,124
02539600,ART INSTITUTE OF DALLAS                 ,TX,75231-5993,Proprietary  ,175,169,344,1617,1272,2889
02548800,SOUTH TEXAS VO-TECH INSTITUTE           ,TX,78596-0000,Proprietary  ,56,158,214,294,753,1047
02548802,SOUTH TEXAS VOCATIONAL TECHNICAL INSTITU,TX,78520-8710,Proprietary  ,2,3,5,2,6,8
02549400,SOUTH TEXAS VO-TECH INSTITUTE           ,TX,78501-0000,Proprietary  ,43,139,182,186,562,748
02555400,UNIV OF TX MD ANDERSON CANCER CTR       ,TX,77030-0000,Public       ,1,12,13,39,167,206
02557400,STAR COLLEGE OF COSMETOLOGY             ,TX,75961-0000,Proprietary  ,1,7,8,7,15,22
02568100,TEXAS BARBER COLLEGES & HAIRSTYLING     ,TX,75208-0000,Proprietary  ,48,179,227,228,834,1062
02569300,TEXAS CULINARY ACADEMY                  ,TX,78758-3403,Proprietary  ,176,322,498,904,1269,2173
02572000,COMPUTER CAREER CENTER                  ,TX,79925-2021,Proprietary  ,30,96,126,104,378,482
02572100,"CAREER ACADEMY, INC.                    ",TX,75501-0000,Proprietary  ,1,7,8,9,54,63
02572200,INSTITUTE OF COSMETOLOGY & ESTHETICS    ,TX,77036-0000,Proprietary  ,0,0,0,7,23,30
02580100,IVERSON BUSINESS SCH & COURT REPORT     ,TX,76011-1344,Proprietary  ,22,105,127,85,617,702
02591100,CAREER POINT INSTITUTE                  ,TX,78201-2027,Proprietary  ,106,547,653,406,2252,2658
02591900,CAREER CENTERS OF TEXAS - EL PASO       ,TX,79907-1525,Proprietary  ,99,254,353,504,1195,1699
02591905,CAREER CENTERS OF TEXAS-BROWNSVILLE     ,TX,78521-9905,Proprietary  ,59,154,213,252,662,914
02596400,REDSTONE COLLEGE - LOS ANGELES          ,TX,77061-0000,Proprietary  ,42,61,103,409,358,767
02596412,WESTWOOD COLLEGE OF AVIATION TECHNOLOGY ,TX,77061-5114,Proprietary  ,0,3,3,16,27,43
02596500,ATI CAREER TRAINING CENTER              ,TX,76180-1599,Proprietary  ,83,270,353,367,1010,1377
02596600,ATI-CAREER TRAINING CENTER              ,TX,75220-4443,Proprietary  ,97,332,429,446,1551,1997
02596601,ATI CAREER TRAINING CENTER - RICHARDSON ,TX,75081-6745,Proprietary  ,0,4,4,0,9,9
02600200,OCEAN CORPORATION (THE)                 ,TX,77099-3479,Proprietary  ,28,136,164,144,627,771
02604700,CENTER FOR ADVANCED LEGAL STUDIES       ,TX,77098-4151,Proprietary  ,5,44,49,18,246,264
02606202,EVEREST COLLEGE - EVEREST INSTITUTE - BI,TX,77036-8014,Proprietary  ,10,52,62,10,53,63
02615000,SANFORD-BROWN INSTITUTE                 ,TX,75247-6931,Proprietary  ,78,338,416,357,1561,1918
03009400,SW SCH BUS & TECH CAREERS               ,TX,78212-2840,Proprietary  ,5,6,11,22,60,82
03010000,VANGUARD INSTITUTE OF TECHNOLOGY        ,TX,78539-0000,Proprietary  ,13,80,93,168,777,945
03010604,VIRGINIA COLLEGE - VIRGINIA COLLEGE AT A,TX,78723-0000,Proprietary  ,2,9,11,4,22,26
03011800,UNIVERSITY OF COSMETOLOGY ARTS & SCIENCE,TX,78226-1160,Proprietary  ,3,15,18,15,83,98
03019800,PCI HEALTH TRAINING CENTER              ,TX,75247-4720,Proprietary  ,57,133,190,260,656,916
03021500,SW SCH BUS & TECH CAREERS               ,TX,78852-4859,Proprietary  ,3,13,16,48,72,120
03023800,AIMS ACADEMY                            ,TX,75050-0000,Proprietary  ,0,3,3,2,26,28
03025000,TEXAS COLLEGE OF COSMETOLOGY            ,TX,79605-2001,Proprietary  ,5,35,40,69,177,246
03026500,REMINGTON COLLEGE - HOUSTON CAMPUS      ,TX,77082-1849,Proprietary  ,89,264,353,439,1338,1777
03026501,REMINGTON COLLEGE - NORTH HOUSTON CAMPUS,TX,77067-1849,Proprietary  ,2,13,15,33,89,122
03028800,CIRCLE J BEAUTY SCHOOL                  ,TX,77587-3714,Proprietary  ,7,34,41,22,158,180
03031408,INTERNATIONAL ACADEMY OF DESIGN AND TECH,TX,78229-2263,Proprietary  ,31,78,109,172,300,472
03032300,SCHOOL OF AUTOMOTIVE MACHINISTS         ,TX,77055-1803,Proprietary  ,16,17,33,74,106,180
03035200,TINT SCHOOL OF MAKEUP & COSMETOLOGY     ,TX,75229-3734,Proprietary  ,6,22,28,28,121,149
03035300,SOUTHERN CAREERS INSTITUTE              ,TX,78704-5252,Proprietary  ,99,242,341,406,1077,1483
03035301,SOUTHERN CAREERS INSTITUTE              ,TX,78577-0000,Proprietary  ,46,117,163,246,553,799
03035302,SOUTHERN CAREERS INSTITUTE - CORPUS CHRI,TX,78414-2904,Proprietary  ,29,95,124,129,417,546
03035303,SOUTHERN CAREERS INSTITUTE - #1         ,TX,78221-4351,Proprietary  ,15,96,111,75,390,465
03035304,SOUTHERN CAREERS INSTITUTE-LAREDO       ,TX,78041-0000,Proprietary  ,14,15,29,50,87,137
03061800,STAR COLLEGE OF COSMETOLOGY             ,TX,75702-8214,Proprietary  ,5,26,31,64,152,216
03064600,UNIVERSITY OF TEXAS AT BROWNSVILLE      ,TX,78520-4993,Public       ,353,634,987,6496,6824,13320
03071400,ITT TECHNICAL INSTITUTE                 ,TX,78249-3303,Proprietary  ,91,125,216,388,639,1027
03075400,ICC TECHNICAL INSTITUTE                 ,TX,77004-2930,Private      ,1,12,13,12,46,58
03076403,HIGH-TECH INSTITUTE - DALLAS            ,TX,75038-4201,Proprietary  ,3,6,9,3,6,9
03079201,WESTWOOD COLLEGE OF TECHNOLOGY          ,TX,76180-0000,Proprietary  ,48,72,120,270,362,632
03091200,CAREERS UNLIMITED                       ,TX,75702-7110,Proprietary  ,5,24,29,30,85,115
03103400,SOUTH TEXAS COLLEGE                     ,TX,78501-6699,Public       ,519,993,1512,8445,9211,17656
03104700,TEXAS COLLEGE OF COSMETOLOGY            ,TX,76903-4708,Proprietary  ,7,30,37,62,165,227
03105900,CAREERS UNLIMITED                       ,TX,77055-4002,Proprietary  ,0,0,0,0,3,3
03108700,ROYAL BEAUTY CAREERS                    ,TX,77069-4611,Proprietary  ,17,60,77,75,290,365
03111000,MID-CITIES BARBER COLLEGE               ,TX,75051-4810,Proprietary  ,13,23,36,36,111,147
03115800,TEXAS CAREERS                           ,TX,78238-4203,Proprietary  ,50,244,294,212,1256,1468
03115802,TEXAS CAREERS - LAREDO                  ,TX,78041-6181,Proprietary  ,24,78,102,131,312,443
03115803,TEXAS CAREERS - BEAUMONT                ,TX,77701-3706,Proprietary  ,26,103,129,124,484,608
03115804,TEXAS CAREERS - LUBBOCK                 ,TX,79401-2601,Proprietary  ,35,126,161,150,664,814
03128100,ACADEMY OF HEALTH CARE PROFESSIONS      ,TX,77092-8108,Proprietary  ,64,208,272,282,988,1270
03144300,NATIONAL BEAUTY COLLEGE                 ,TX,75043-4046,Proprietary  ,4,22,26,9,55,64
03153300,AMER COLL OF ACUPUNCTURE & O.M.         ,TX,77063-4104,Proprietary  ,0,13,13,0,79,79
03156400,ACADEMY OF ORIENTAL MEDICINE AT AUSTIN  ,TX,78757-1132,Proprietary  ,1,21,22,8,216,224
03159300,ARLINGTON MEDICAL INSTITUTE             ,TX,76011-2645,Proprietary  ,3,32,35,34,115,149
03170300,TEXAS A&M UNIVERSITY-TEXARKANA          ,TX,75501-0000,Public       ,11,71,82,293,1061,1354
03179500,TEXAS COLG TRADITIONAL CHINESE MED      ,TX,78704-6748,Proprietary  ,0,11,11,1,101,102
03189400,COLLEGE OF SAINT THOMAS MORE            ,TX,76109-2323,Private      ,0,2,2,15,16,31
03237400,FARIS COMPUTER SCHOOL                   ,TX,77627-3829,Proprietary  ,1,6,7,4,32,36
03272300,SOUTHEASTERN CAREER INSTITUTE           ,TX,75234-7288,Proprietary  ,17,62,79,70,322,392
03272301,SOUTHEASTERN CAREER INSTITUTE - MIDLAND ,TX,79703-5531,Proprietary  ,28,96,124,111,389,500
03275300,TOUCH OF CLASS SCHOOL OF COSM           ,TX,75402-6314,Proprietary  ,3,11,14,38,97,135
03276300,ACADEMY OF HAIR DESIGN                  ,TX,75901-4900,Proprietary  ,9,18,27,37,117,154
03277300,ACADEMY OF HAIR DESIGN                  ,TX,77701-4650,Proprietary  ,1,19,20,19,85,104
03303300,NORTHWEST EDUCATIONAL CENTER            ,TX,77092-7055,Proprietary  ,8,64,72,37,314,351
03371300,TONI&GUY HAIRDRESSING ACADEMY           ,TX,75006-2351,Proprietary  ,14,18,32,96,90,186
03372300,NORTHWEST VISTA COLLEGE                 ,TX,78251-4217,Public       ,335,624,959,4177,4628,8805
03396500,TEXAS STATE TECHNICAL COLG/MARSHALL     ,TX,75672-7402,Public       ,27,44,71,327,331,658
03400300,CAREER QUEST                            ,TX,78229-3539,Proprietary  ,16,55,71,43,224,267
03412300,ADVANCED BARBER COLLEGE & HAIR DESI     ,TX,78596-0000,Proprietary  ,3,18,21,26,84,110
03416500,DALLAS NURSING INSTITUTE                ,TX,75243-5502,Proprietary  ,10,103,113,104,652,756
03422300,MILAN INSTITUTE                         ,TX,78238-3327,Proprietary  ,65,107,172,312,536,848
03422400,COLLEGE OF BIBLICAL STUDIES-HOUSTON     ,TX,77036-3211,Private      ,3,50,53,54,557,611
03424400,MEDVANCE INSTITUTE                      ,TX,77057-7386,Proprietary  ,26,110,136,123,600,723
03426300,CAREER ADVANCEMENT CENTER               ,TX,78752-1470,Proprietary  ,8,41,49,53,225,278
03486300,SYLVIA'S INTERNATIONAL SCHOOL OF BE     ,TX,77091-3203,Proprietary  ,0,0,0,8,33,41
03509400,CORYELL COSMETOLOGY COLLEGE             ,TX,76528-2036,Proprietary  ,1,6,7,7,18,25
03520300,LUBBOCK HAIR ACADEMY                    ,TX,79410-3524,Proprietary  ,3,13,16,14,66,80
03541300,BEHOLD! BEAUTY ACADEMY                  ,TX,77016-3725,Proprietary  ,1,6,7,7,38,45
03542300,CONCORDE CAREER INSTITUTE               ,TX,76011-4016,Proprietary  ,42,211,253,200,1203,1403
03551400,STATE BEAUTY ACADEMY                    ,TX,75116-3501,Proprietary  ,0,10,10,21,36,57
03556400,KUSSAD INSTITUTE OF COURT REPORTING     ,TX,78704-5712,Proprietary  ,1,5,6,7,35,42
03563300,ACADEMY OF COSEMTOLOGY                  ,TX,78745-2858,Proprietary  ,3,19,22,21,81,102
03573300,AVIATION INSTITUTE OF MAINTENANCE       ,TX,75209-3017,Proprietary  ,38,112,150,159,499,658
03610300,MJ'S BEAUTY ACADEMY INC                 ,TX,75224-4409,Proprietary  ,4,15,19,22,50,72
03612400,VALLEY GRANDE INSTITUTE FOR ACADEMI     ,TX,78596-0000,Private      ,18,64,82,94,426,520
03627300,LAMAR INSTITUTE OF TECHNOLOGY           ,TX,77705-4142,Public       ,70,196,266,1051,1703,2754
03676400,HEALTHY HAIR ACADEMY                    ,TX,75227-0000,Proprietary  ,6,9,15,20,65,85
03680300,JAY'S TECHNICAL INSTITUTE               ,TX,77031-3509,Proprietary  ,5,33,38,28,127,155
03682400,DALLAS BARBER & STYLIST COLLEGE         ,TX,75231-0000,Proprietary  ,5,28,33,41,177,218
03714300,TREND BARBER COLLEGE                    ,TX,77071-2104,Proprietary  ,11,39,50,47,142,189
03723300,CULINARY INST ALAIN & MARIE LENOTRE     ,TX,77022-4322,Proprietary  ,13,32,45,72,163,235
03727600,CULINARY ACADEMY OF AUSTIN              ,TX,78752-0000,Proprietary  ,6,11,17,54,70,124
03733300,BAPTIST UNIVERSITY OF THE AMERICAS      ,TX,78224-1336,Private      ,5,21,26,47,148,195
03756300,ANAMARC EDUCATIONAL INSTITUTE           ,TX,79930-6230,Proprietary  ,23,146,169,109,584,693
03885400,COMPUTER LABS                           ,TX,79906-5924,Proprietary  ,1,0,1,3,7,10
03885700,HOUSTON'S TRAINING AND EDUCATION CENTER ,TX,77036-2021,Proprietary  ,2,17,19,14,118,132
03922300,SOUTH TEXAS BARBER COLLEGE              ,TX,78415-3463,Proprietary  ,3,16,19,13,55,68
03926300,AMESED                                  ,TX,75081-0000,Proprietary  ,2,3,5,11,37,48
03944400,PROFESSIONAL CAREERS INSTITUTE          ,TX,77036-2252,Proprietary  ,1,26,27,11,100,111
03984300,ALLIED CAREER CENTER                    ,TX,75007-0000,Proprietary  ,0,8,8,3,36,39
03987300,TEXAS HEALTH SCHOOL                     ,TX,77079-2106,Proprietary  ,5,22,27,40,130,170
04036300,SOUTHEAST TEXAS CAREER INSTITUTE        ,TX,77656-8601,Proprietary  ,1,15,16,15,59,74
04045300,NORTHWEST BEAUTY SCHOOL                 ,TX,77091-1208,Proprietary  ,3,20,23,23,82,105
04045400,MAI-TRIX BEAUTY COLLEGE                 ,TX,77040-0000,Proprietary  ,3,16,19,23,95,118
04089400,CCI TRAINING CENTER                     ,TX,76011-4857,Proprietary  ,9,72,81,28,262,290
04117900,CHAMPION BEAUTY COLLEGE                 ,TX,77069-4611,Proprietary  ,0,15,15,19,77,96
04125400,ACADEMY AT AUSTIN (THE)                 ,TX,78660-3287,Proprietary  ,6,11,17,6,11,17
04125500,MANUEL AND THERESA'S SCHOOL OF HAIR DESI,TX,77803-3236,Proprietary  ,1,6,7,1,6,7
00367000,BRIGHAM YOUNG UNIVERSITY                ,UT,84602-8406,Private      ,781,988,1769,8674,10872,19546
00367100,DIXIE STATE COLLEGE OF UTAH             ,UT,84770-3876,Public       ,151,262,413,1744,1905,3649
00367200,LDS BUSINESS COLLEGE                    ,UT,84101-3500,Private      ,67,46,113,440,400,840
00367400,STEVENS HENAGER COLLEGE                 ,UT,84401-1420,Proprietary  ,78,426,504,429,2100,2529
00367500,UNIVERSITY OF UTAH                      ,UT,84112-9055,Public       ,423,788,1211,6912,12131,19043
00367600,COLLEGE OF EASTERN UTAH                 ,UT,84501-2699,Public       ,42,70,112,551,560,1111
00367700,UTAH STATE UNIVERSITY                   ,UT,84322-1400,Public       ,472,656,1128,5341,7504,12845
00367800,SOUTHERN UTAH UNIVERSITY                ,UT,84720-2470,Public       ,194,213,407,2727,2373,5100
00367900,SNOW COLLEGE                            ,UT,84627-1299,Public       ,130,77,207,1404,525,1929
00368000,WEBER STATE UNIVERSITY                  ,UT,84408-1136,Public       ,355,853,1208,3532,7958,11490
00368100,WESTMINSTER COLLEGE                     ,UT,84105-3697,Private      ,53,86,139,1496,1277,2773
00402700,UTAH VALLEY UNIVERSITY                  ,UT,84058-5999,Public       ,627,1179,1806,5015,10062,15077
00522000,SALT LAKE COMMUNITY COLLEGE             ,UT,84123-0000,Public       ,580,1225,1805,4135,9007,13142
00943300,SHERMAN KENDALL'S ACADEMY OF BEAUTY     ,UT,84106-1836,Proprietary  ,4,3,7,15,42,57
01009800,NEUMONT UNIVERSITY                      ,UT,84095-0000,Proprietary  ,17,25,42,364,254,618
01116500,UINTAH BASIN APPLIED TECHNOLOGY CLG     ,UT,84066-0000,Public       ,0,9,9,6,44,50
01116600,UTAH CAREER COLLEGE                     ,UT,84088-4021,Proprietary  ,42,123,165,286,883,1169
02078800,SHERMAN KENDALL'S ACADEMY OF BEAUTY     ,UT,84047-0000,Proprietary  ,4,7,11,14,23,37
02115400,BRIDGERLAND APPLIED TECHNOLOGY COLLEGE  ,UT,84321-0000,Public       ,15,66,81,112,375,487
02156600,DAVIS APPLIED TECHNOLOGY COLLEGE        ,UT,84037-0000,Public       ,29,89,118,121,558,679
02178500,EAGLE GATE COLLEGE                      ,UT,84123-0000,Proprietary  ,36,118,154,232,925,1157
02270800,AMERITECH COLLEGE                       ,UT,84604-6927,Proprietary  ,7,68,75,71,406,477
02270802,AMERITECH COLLEGE - DRAPER              ,UT,84020-6545,Proprietary  ,3,5,8,3,5,8
02298500,EVEREST COLLEGE                         ,UT,84119-2668,Proprietary  ,53,282,335,206,1043,1249
02346500,OGDEN-WEBER APPLIED TECHNOLOGY COLG     ,UT,84404-0000,Public       ,23,110,133,122,654,776
02360800,PROVO COLLEGE                           ,UT,84601-0000,Proprietary  ,28,72,100,156,507,663
02361000,ITT TECHNICAL INSTITUTE                 ,UT,84123-0000,Proprietary  ,32,82,114,203,706,909
02504000,MARINELLO SCHOOL OF BEAUTY              ,UT,84041-0000,Proprietary  ,6,18,24,44,83,127
02516100,MARINELLO SCHOOL OF BEAUTY              ,UT,84405-1501,Proprietary  ,9,21,30,29,70,99
02531800,VON CURTIS ACADEMY OF HAIR DESIGN       ,UT,84606-0000,Proprietary  ,140,149,289,565,522,1087
02556800,HAIRITAGE COLLEGE OF BEAUTY             ,UT,84117-7204,Proprietary  ,40,33,73,104,94,198
02557700,PREMIER HAIR ACADEMY                    ,UT,84120-3603,Proprietary  ,4,6,10,7,27,34
02572700,EVANS HAIRSTYLING COLLEGE               ,UT,84770-0000,Proprietary  ,2,1,3,18,20,38
02572800,VISTA COLLEGE                           ,UT,84015-0000,Proprietary  ,1,29,30,21,108,129
02572801,CERTIFIED CAREERS INSTITUTE             ,UT,84015-0000,Proprietary  ,9,30,39,30,124,154
02573100,EVANS HAIRSTYLING COLLEGE               ,UT,84720-0000,Proprietary  ,5,5,10,29,20,49
02612200,MARINELLO SCHOOL OF BEAUTY              ,UT,84604-1585,Proprietary  ,10,8,18,76,70,146
03030600,UTAH COLLEGE OF MASSAGE THERAPY         ,UT,84111-1606,Proprietary  ,56,85,141,344,450,794
03030601,UTAH CLG OF MASSAGE THER-PROVO CMPS     ,UT,84042-0000,Proprietary  ,27,17,44,105,167,272
03082100,MYOTHERAPY COLLEGE OF UTAH              ,UT,84115-2522,Proprietary  ,3,26,29,11,75,86
03108200,ECHELON EDGE ACADEMY OF HAIR SKIN & NAIL,UT,84070-2004,Proprietary  ,3,8,11,7,26,33
03110400,HAIRITAGE HAIR ACADEMY                  ,UT,84770-5233,Proprietary  ,1,3,4,17,25,42
03339400,WESTERN GOVERNORS UNIVERSITY            ,UT,84107-2533,Private      ,42,2221,2263,235,10215,10450
03413300,MOUNTAINLAND APPLIED TECHNOLOGY COLLEGE ,UT,84058-5857,Public       ,8,19,27,43,80,123
03463300,CAREERS UNLIMITED                       ,UT,84058-0000,Proprietary  ,0,0,0,24,56,80
03617300,HEALING MOUNTAIN MASSAGE SCHOOL         ,UT,84111-3232,Proprietary  ,5,12,17,20,42,62
03829500,SKINWORKS SCHOOL OF ADVANCED SKINCARE   ,UT,84115-0000,Proprietary  ,5,14,19,16,60,76
03838300,OGDEN INSTITUTE OF MASSAGE THERAPY      ,UT,84403-0000,Proprietary  ,0,1,1,15,51,66
03902300,RENAISSANCE SCHOOL OF THERAPEUTIC MASSAG,UT,84010-2835,Proprietary  ,2,7,9,5,19,24
03909300,MAXIMUM STYLE TEC SCHOOL OF COSMETOLOGY ,UT,84323-4679,Proprietary  ,2,6,8,18,32,50
03921300,CAMEO COLLEGE OF ESSENTIAL BEAUTY       ,UT,84115-0000,Proprietary  ,15,29,44,74,150,224
04054300,SOUTHWEST APPLIED TECHNOLOGY COLLEGE    ,UT,84720-6608,Public       ,1,9,10,9,31,40
04072300,DALLAS ROBERTS ACADEMY OF HAIR DESIGN & ,UT,84604-1008,Proprietary  ,7,4,11,7,4,11
04118100,IMAGEWORKS ACADEMY OF HAIR DESIGN       ,UT,84660-1210,Proprietary  ,3,5,8,12,13,25
04121700,DIXIE APPLIED TECHNOLOGY COLLEGE        ,UT,84770-3025,Public       ,5,7,12,5,7,12
00368200,BENNINGTON COLLEGE                      ,VT,05201-6001,Private      ,13,12,25,829,250,1079
00368300,CASTLETON STATE COLLEGE                 ,VT,05735-0000,Public       ,45,19,64,2346,341,2687
00368400,CHAMPLAIN COLLEGE                       ,VT,05401-3950,Private      ,70,65,135,2835,680,3515
00368402,WOODBURY COLLEGE                        ,VT,05602-0000,Private      ,2,18,20,9,141,150
00368500,COLLEGE OF ST JOSEPH                    ,VT,05701-3899,Private      ,3,11,14,173,197,370
00368600,GODDARD COLLEGE                         ,VT,05667-0000,Private      ,2,81,83,66,808,874
00368700,GREEN MOUNTAIN COLLEGE                  ,VT,05764-1199,Private      ,17,14,31,1041,127,1168
00368800,JOHNSON STATE COLLEGE                   ,VT,05656-9898,Public       ,10,55,65,1339,859,2198
00368900,LYNDON STATE COLLEGE                    ,VT,05851-0919,Public       ,45,22,67,1476,334,1810
00369000,MARLBORO COLLEGE                        ,VT,05344-0300,Private      ,6,15,21,413,76,489
00369100,MIDDLEBURY COLLEGE                      ,VT,05753-0000,Private      ,23,9,32,3019,578,3597
00369200,NORWICH UNIVERSITY                      ,VT,05663-1035,Private      ,40,221,261,2435,1813,4248
00369300,SOUTHERN VERMONT COLLEGE                ,VT,05201-6002,Private      ,5,7,12,418,133,551
00369400,ST MICHAELS COLLEGE                     ,VT,05439-0001,Private      ,21,15,36,3055,217,3272
00369600,UNIVERSITY OF VERMONT                   ,VT,05405-0160,Public       ,126,81,207,12343,2347,14690
00369800,VERMONT TECHNICAL COLLEGE               ,VT,05061-0000,Public       ,23,29,52,994,591,1585
00857500,SALON PROFESSIONAL ACADEMY (THE)        ,VT,05495-4001,Proprietary  ,3,8,11,61,72,133
00865800,O'BRIENS AVEDA INSTITUTE                ,VT,05403-7747,Proprietary  ,2,6,8,16,30,46
00886000,SIT                                     ,VT,05301-4801,Private      ,3,26,29,16,509,525
01116700,COMMUNITY COLLEGE OF VERMONT            ,VT,05676-1552,Public       ,103,342,445,1331,3131,4462
01193400,VERMONT LAW SCHOOL                      ,VT,05068-0000,Private      ,0,6,6,1,932,933
01218300,BURLINGTON COLLEGE                      ,VT,05401-8477,Private      ,8,14,22,123,115,238
02143500,STERLING COLLEGE                        ,VT,05827-0000,Private      ,5,0,5,128,24,152
02254000,NEW ENGLAND CULINARY INSTITUTE          ,VT,05602-0000,Proprietary  ,33,45,78,564,297,861
02532600,LANDMARK COLLEGE                        ,VT,05346-0000,Private      ,11,4,15,325,53,378
03708300,BURLINGTON TECHNICAL CENTER             ,VT,05401-2721,Public       ,2,0,2,8,6,14
00392800,CASPER COLLEGE                          ,WY,82601-4612,Public       ,35,122,157,1010,1064,2074
00392900,EASTERN WYOMING COLLEGE                 ,WY,82240-1603,Public       ,8,20,28,294,231,525
00393000,SHERIDAN COLLEGE                        ,WY,82801-9133,Public       ,37,75,112,586,615,1201
00393100,NORTHWEST COLLEGE                       ,WY,82435-1895,Public       ,32,48,80,772,509,1281
00393200,UNIVERSITY OF WYOMING                   ,WY,82071-3663,Public       ,141,195,336,5554,3717,9271
00393300,WESTERN WYOMING COMMUNITY COLLEGE       ,WY,82902-0000,Public       ,27,83,110,617,605,1222
00728900,CENTRAL WYOMING COLLEGE                 ,WY,82501-0000,Public       ,30,83,113,361,584,945
00915700,WYOMING TECHNICAL INSTITUTE             ,WY,82072-9519,Proprietary  ,388,252,640,4471,1723,6194
00925900,LARAMIE COUNTY COMMUNITY CLG            ,WY,82007-3299,Public       ,57,160,217,891,1313,2204
02211900,CHEEKS INTERNATIONAL ACDMY              ,WY,82001-0000,Proprietary  ,5,16,21,49,146,195
03291300,BUSINESS SKILLS INSTITUTE A DEPARTMENT O,WY,82930-0000,Public       ,0,2,2,4,12,16
00393500,UNIV OF GUAM                            ,GU,96923-0000,Public       ,97,121,218,1533,1207,2740
01536100,GUAM COMMUNITY COLLEGE                  ,GU,96921-0000,Public       ,53,105,158,709,1019,1728
03438300,PACIFIC ISLANDS BIBLE COLLEGE           ,GU,96913-2619,Private      ,16,12,28,124,77,201
00393600,PONTIFICAL CATHOLIC UNIV OF PR          ,PR,00717-0777,Private      ,72,242,314,5144,4600,9744
00393700,UNIVERSITY OF THE SACRED HEART          ,PR,00914-0383,Private      ,50,105,155,2989,1822,4811
00393800,INTER-AMER UNIV PR-CNTRL ADMN           ,PR,00936-0000,Private      ,89,353,442,2564,4590,7154
00393801,INTER-AMER UNIV PR SCHL LAW             ,PR,00936-8351,Private      ,0,3,3,8,310,318
00393802,INTER AMERICAN UNIVERSITY OF PUERTO RICO,PR,00926-0000,Private      ,7,41,48,1013,1702,2715
00393803,INTER AMERICAN UNIVERSITY OF PR         ,PR,00683-0000,Private      ,75,130,205,3685,2109,5794
00393804,INTER-AMER UNIV PR-RECINTO AGUADILA     ,PR,00605-2000,Private      ,80,156,236,2532,2147,4679
00393805,INTER-AMER UNIV PR-ARECIBO CAMPUS       ,PR,00614-4050,Private      ,82,162,244,2766,2214,4980
00393806,INTER-AMER UNIV PR-BARRANQUITAS REG     ,PR,00794-0517,Private      ,18,50,68,1449,1029,2478
00393807,INTER-AMER UNIV PR-FAJARDO REGIONAL     ,PR,00738-0000,Private      ,25,81,106,1233,1178,2411
00393808,INTER-AMER UNIV PR - GUAYAMA CAMPUS     ,PR,00785-4004,Private      ,28,112,140,1116,1354,2470
00393809,INTER-AMER UNIV PR-PONCE REGIONAL       ,PR,00715-0000,Private      ,59,224,283,3218,3015,6233
00393810,INTER-AMER UNIV PR - SCH OF OPTOMETRY   ,PR,00918-0000,Private      ,1,1,2,6,63,69
00393811,INTER-AMER UNIV PR-BAYAMON REG CLG      ,PR,00959-0000,Private      ,69,101,170,3967,1753,5720
00394100,COLEGIO UNIVERSITARIO DEL ESTE          ,PR,00983-0000,Private      ,159,611,770,4941,7400,12341
00394200,UNIVERSITY OF PR-CENTRAL ADMINISTRATION ,PR,00936-4984,Public       ,8,23,31,599,349,948
00394201,UNIVERSITY OF PR-RIO PIEDRAS CAMPUS     ,PR,00931-3300,Public       ,160,137,297,8306,2454,10760
00394202,UNIV OF PUERTO RICO-MAYAGUEZ CAMPUS     ,PR,00681-5000,Public       ,144,84,228,8283,1521,9804
00394203,"UNIVERSITY OF PR, MED. SCIENCES CAMPUS  ",PR,00936-5067,Public       ,10,35,45,385,1225,1610
00394204,"UNIVERSITY OF PUERTO RICO, CAYEY CAMPUS ",PR,00736-0000,Public       ,17,20,37,2814,551,3365
00394205,"UNIVERSITY OF PR, HUMACAO CAMPUS        ",PR,00791-4057,Public       ,27,35,62,3276,581,3857
00394206,UNIVERSITY OF PR-AGUADILLA CAMPUS       ,PR,00604-6150,Public       ,39,31,70,2531,447,2978
00394207,UNIVERSITY OF PUERTO RICO-ARECIBO CAMPUS,PR,00614-0000,Public       ,48,34,82,3492,529,4021
00394208,UNIVERSITY OF PUERTO RICO-BAYAMON CAMPUS,PR,00959-0000,Public       ,29,18,47,3495,558,4053
00394209,UNIVERSITY OF PUERTO RICO-CAROLINA      ,PR,00984-4800,Public       ,62,45,107,2875,501,3376
00394210,UNIVERSITY OF PUERTO RICO-PONCE         ,PR,00732-0000,Public       ,12,19,31,2847,418,3265
00394211,"UNIVERSITY OF PR, UTUADO CAMPUS         ",PR,00641-0000,Public       ,20,14,34,1369,257,1626
00501900,UNIV ADVENTISTA DE LAS ANTILLAS         ,PR,00681-0118,Private      ,15,22,37,540,336,876
00502200,BAYAMON CENTRAL UNIVERSITY              ,PR,00960-0000,Private      ,15,117,132,958,1301,2259
00890200,COLUMBIA CENTRO UNIVERSITARIO           ,PR,00726-0000,Proprietary  ,42,134,176,535,1065,1600
01056700,COLEGIO TECNOLOGICO DE SAN JUAN         ,PR,00918-2973,Public       ,25,58,83,365,514,879
01072400,CARLOS ALBIZU UNIVERSITY                ,PR,00902-3711,Private      ,4,34,38,89,707,796
01081900,CONSERVATORIO DE MUSICA DE PUERTO RICO  ,PR,00907-3373,Public       ,2,2,4,237,57,294
01120300,RYDER MEMORIAL HOSP SCH OF NURSING      ,PR,00792-0000,Private      ,5,5,10,9,8,17
01171900,UNIVERSIDAD DEL TURABO                  ,PR,00778-0000,Private      ,154,730,884,6584,9696,16280
01194000,ICPR JUNIOR COLLEGE                     ,PR,00919-0000,Proprietary  ,113,150,263,720,927,1647
01194100,AMERICAN UNIVERSITY OF PUERTO RICO      ,PR,00960-2037,Private      ,66,108,174,845,787,1632
01194101,AMERICAN UNIVERSITY OF PUERTO RICO      ,PR,00674-0000,Private      ,63,105,168,810,782,1592
01252500,CARIBBEAN UNIVERSITY                    ,PR,00960-0493,Private      ,88,291,379,1953,3056,5009
01314800,RAMIREZ COLLEGE OF BUS & TECH           ,PR,00918-0000,Proprietary  ,22,66,88,217,493,710
02063100,MBTI BUSINESS TRNG INSTITUTE            ,PR,00907-3917,Proprietary  ,26,49,75,279,514,793
02100000,POLYTECHNIC UNIVERSITY OF PR            ,PR,00917-0000,Private      ,91,180,271,2817,2050,4867
02163300,UNIVERSIDAD CENTRAL DEL CARIBE          ,PR,00960-0000,Private      ,2,19,21,104,370,474
02165100,EDP COLLEGE OF PUERTO RICO              ,PR,00919-0000,Private      ,30,103,133,650,1274,1924
02166400,INSTITUTO DE BANCA Y COMERCIO           ,PR,00925-0000,Proprietary  ,846,1312,2158,7657,9259,16916
02170300,INST EDUC TECNIA OCUP LA REINA          ,PR,00674-0000,Proprietary  ,11,24,35,257,299,556
02170301,INST EDUC TECNICA OCUPLA LA REINA       ,PR,00603-0000,Proprietary  ,0,0,0,4,1,5
02189100,CENTRO DE ESTUDIOS MULTIDISCIPLIN       ,PR,00926-0000,Private      ,86,169,255,851,1278,2129
02189300,EMMA'S BEAUTY ACADEMY                   ,PR,00680-0000,Proprietary  ,15,17,32,237,223,460
02195400,MODERN HAIRSTYLING INSTITUTE            ,PR,00960-0000,Proprietary  ,81,142,223,498,467,965
02195500,MODERN HAIRSTYLING INSTITUTE            ,PR,00612-0000,Proprietary  ,0,0,0,1,1,2
02195800,LICEO E ARTE Y TECNOLGIA                ,PR,00919-0000,Private      ,51,56,107,747,552,1299
02195900,MODERN HAIRSTYLING INSTITUTE            ,PR,00980-0000,Proprietary  ,0,0,0,5,3,8
02234900,ANTILLES SCHOOL OF TECH CAREERS         ,PR,00909-0000,Proprietary  ,11,54,65,103,201,304
02241901,COMMONWEALTH OF PR DEPT OF EDUC - CARLOS,PR,00986-0000,Public       ,1,5,6,18,47,65
02241902,COMMONWEALTH OF PR DEPT OF EDUC - TOMAS ,PR,00613-0000,Public       ,3,0,3,14,15,29
02241904,COMMONWEALTH OF PR DEPT OF EDUC - ITPR R,PR,00655-0000,Public       ,60,43,103,485,220,705
02241905,COMMONWEALTH OF PR DEPT OF EDUC - JOSE A,PR,00674-0000,Public       ,6,4,10,799,203,1002
02241907,COMMONWEALTH OF PR DEPT OF EDUC - ITPR R,PR,00928-0000,Public       ,17,12,29,429,181,610
02241908,COMMONWEALTH OF PR DEPT OF EDUC - ITPR R,PR,00732-0000,Public       ,5,3,8,561,264,825
02241909,COMMONWEALTH OF PR DEPT OF EDUC - TROQUE,PR,00959-0000,Public       ,0,0,0,31,3,34
02260600,NATIONAL COLLEGE OF BUSINESS & TECH     ,PR,00960-2036,Proprietary  ,229,486,715,3106,3756,6862
02260601,NATIONAL COLLEGE OF BUSINESS & TECHNOLOG,PR,00612-0000,Proprietary  ,1,3,4,50,19,69
02260602,NATIONAL COLLEGE OF BUSINESS & TECHNOLOG,PR,00745-9903,Proprietary  ,0,1,1,12,10,22
02260800,HUERTAS JUNIOR COLLEGE                  ,PR,00726-0000,Proprietary  ,115,146,261,932,1024,1956
02297700,AUTOMECA TECHNICAL COLLEGE              ,PR,00957-0000,Proprietary  ,65,74,139,1030,647,1677
02303800,AMERICAN EDUCATIONAL COLLEGE            ,PR,00961-0000,Proprietary  ,27,99,126,478,609,1087
02335500,COLEGIO BIBLICO PENTECOSTAL DE PR       ,PR,00978-0000,Private      ,1,6,7,17,109,126
02340600,HUMACAO COMMUNITY COLLEGE               ,PR,00792-0000,Private      ,144,203,347,309,371,680
02343600,INSTITUTE OF BEAUTY CAREERS             ,PR,00613-0000,Proprietary  ,34,52,86,379,476,855
02482400,PONCE SCHOOL OF MEDICINE                ,PR,00716-2347,Private      ,0,6,6,7,570,577
02502400,SERBIA'S SCHOOL OF BEAUTY CULTURE       ,PR,00785-0000,Proprietary  ,23,37,60,196,290,486
02504500,INSTITUCION CHAVIANO DE MAYAGUEZ        ,PR,00708-0000,Proprietary  ,4,28,32,16,106,122
02505400,ATLANTIC COLLEGE                        ,PR,00970-0000,Private      ,29,53,82,775,393,1168
02534900,PONCE PARAMEDICAL COLLEGE (POPAC)       ,PR,00731-0000,Proprietary  ,133,156,289,1883,1548,3431
02549700,ACADEMIA MAISON D'ESTHETIQUE            ,PR,00907-0000,Proprietary  ,8,31,39,124,243,367
02552300,COLEGIO MAYOR DE TECHNOLOGIA            ,PR,00714-0000,Proprietary  ,18,45,63,261,333,594
02562500,INTERNATIONAL TECHNICAL COLLEGE         ,PR,00918-0000,Proprietary  ,8,16,24,80,93,173
02563500,ROGIES SCHOOL OF BEAUTY CULTURE         ,PR,00910-0000,Proprietary  ,29,32,61,120,140,260
02566800,PUERTO RICO TECH JUNIOR COLLEGE         ,PR,00917-0000,Proprietary  ,1,8,9,50,44,94
02569400,ESCUELA DE ARTES PLASTICAS              ,PR,00902-1112,Public       ,8,14,22,315,139,454
02570400,EDUCATIONAL TECHNICAL COLLEGE           ,PR,00925-3404,Proprietary  ,54,147,201,364,752,1116
02576100,ESCUELA TECNICA DE ELECTRICIDAD         ,PR,00731-0000,Proprietary  ,18,54,72,330,398,728
02587500,UNIVERSIDAD METROPOLITANA               ,PR,00928-0000,Private      ,123,551,674,4538,7480,12018
02588600,SEMINARIO EVANGELICO DE PUERTO RICO     ,PR,00925-0000,Private      ,1,6,7,2,27,29
02593700,HISPANIC AMERICAN COLLEGE               ,PR,00725-0000,Proprietary  ,23,28,51,148,158,306
02611100,INSTITUTO MERLIX                        ,PR,00961-0000,Proprietary  ,17,42,59,89,208,297
03021900,EDIC COLLEGE                            ,PR,00726-0000,Proprietary  ,17,23,40,526,680,1206
03025500,MECH TECH COLLEGE                       ,PR,00725-6118,Proprietary  ,145,109,254,2419,977,3396
03025900,"LICEO DE ARTE, DISENOS Y COMERCIO       ",PR,00726-0000,Proprietary  ,38,68,106,335,449,784
03029700,"UNIVERSAL TECHNOLOGY CLG OF PR, INC     ",PR,00605-1955,Private      ,28,70,98,677,1399,2076
03061900,COLEGIO TECHNOLOGICO Y COMERCIAL        ,PR,00602-0000,Proprietary  ,4,11,15,31,67,98
03068400,STAR BEAUTY ACADEMY                     ,PR,00961-6312,Proprietary  ,6,13,19,46,67,113
03070500,D'MART INSTITUTE                        ,PR,00794-3517,Proprietary  ,55,79,134,936,1123,2059
03075600,EMMA'S BEAUTY ACADEMY                   ,PR,00795-0000,Proprietary  ,30,33,63,287,261,548
03076000,PUERTO RICO BARBER COLLEGE              ,PR,00738-4632,Proprietary  ,4,10,14,31,80,111
03085700,PROFESSIONAL TECHNICAL INSTITUTION      ,PR,00960-7061,Proprietary  ,11,41,52,241,210,451
03104400,PROFESSIONAL ELECTRIC SCHOOL            ,PR,00674-1797,Proprietary  ,6,11,17,78,76,154
03106900,ESCUELA DE PERITOS ELECTRICITAS         ,PR,00662-0457,Proprietary  ,2,10,12,30,55,85
03112100,JOHN DEWEY COLLEGE                      ,PR,00915-9538,Private      ,335,648,983,1778,3651,5429
03112101,JOHN DEWEY COLLEGE                      ,PR,00986-0000,Private      ,91,110,201,462,628,1090
03112102,JOHN DEWEY COLLEGE-BAYAMON CAMPUS       ,PR,00959-0000,Private      ,41,72,113,287,520,807
03112104,JOHN DEWEY COLLEGE - YABUCOA LRNING SITE,PR,00767-0767,Private      ,22,59,81,96,209,305
03112105,JOHN DEWEY COLLEGE - FAJARDO BRANCH     ,PR,00738-0738,Private      ,9,23,32,182,238,420
03112106,JOHN DEWEY COLLEGE - ARROYO BRANCH      ,PR,00714-0714,Private      ,26,52,78,116,273,389
03112107,JOHN DEWEY COLLEGE - JUANA DIAZ BRANCH  ,PR,00795-0000,Private      ,28,57,85,271,409,680
03115900,TRINITY COLLEGE OF PUERTO RICO          ,PR,00734-0000,Private      ,6,17,23,72,151,223
03122500,ACADEMIA SERRANT INC.                   ,PR,00717-1568,Proprietary  ,16,59,75,112,249,361
03123100,GLOBELLE TECHNICAL INSTITUTE            ,PR,00693-4218,Proprietary  ,4,12,16,40,97,137
03124200,NOVA COLLEGE DE PUERTO RICO             ,PR,00960-4016,Proprietary  ,7,30,37,70,193,263
03142300,ACADEMIA VOCATIONAL DEL TURABO          ,PR,00725-3657,Proprietary  ,0,0,0,24,59,83
03157600,"COLEGIO DE CINEMATOGRAFIA, ARTES Y TELEV",PR,00961-6345,Proprietary  ,27,19,46,269,117,386
03177300,SAN JUAN BAUTISTA SCH OF MEDICINE       ,PR,00726-0000,Private      ,0,9,9,0,252,252
03326300,UNIVERSAL CAREER COMMUNITY COLLEGE      ,PR,00907-0000,Proprietary  ,66,122,188,380,505,885
03336300,CENTURY COLLEGE                         ,PR,00603-4802,Proprietary  ,9,27,36,88,140,228
03414300,MONTECLARO                              ,PR,00745-9612,Private      ,0,0,0,8,0,8
03452300,INSTITUTO PRE-VOCACIONAL E INDUSTRI     ,PR,00613-1800,Private      ,0,1,1,51,108,159
03461400,POLITEC INSTITUTE                       ,PR,00732-0000,Proprietary  ,0,0,0,9,2,11
03469300,IVAEM COLLEGE                           ,PR,00725-0000,Proprietary  ,0,3,3,116,45,161
03531300,COLEGIO PENTECOSTAL MIZPA               ,PR,00928-0966,Private      ,1,7,8,14,189,203
03544300,ATENAS COLLEGE                          ,PR,00674-0000,Private      ,28,102,130,573,1091,1664
03552300,LESTON COLLEGE                          ,PR,00961-6309,Proprietary  ,8,18,26,39,88,127
03585300,CENTRO DE CAPACITACION Y ASESORAMIE     ,PR,00612-0000,Proprietary  ,0,0,0,3,11,14
03600300,AMERICAN TECHNOLOGICAL COLLEGE          ,PR,00928-3713,Proprietary  ,0,0,0,1,2,3
03608300,CARIBBEAN FORENSIC & TECHNICAL COLL     ,PR,00926-0000,Proprietary  ,5,25,30,37,91,128
03735400,"CHARLIES GUARD,DETECTIVE BUREAU&ACA     ",PR,00605-0000,Proprietary  ,11,37,48,58,137,195
03751300,ESCUELA HOTELERA DE SAN JUAN            ,PR,00917-0091,Proprietary  ,25,32,57,341,231,572
03758300,BAYAMON COMMUNITY COLLEGE               ,PR,00960-0000,Proprietary  ,12,20,32,56,190,246
03781400,INDUSTRIAL TECHNICAL COLLEGE            ,PR,00792-0000,Proprietary  ,12,24,36,73,131,204
03785300,J.G. GUAYNABO TECHNICAL COLLEGE         ,PR,00960-0000,Proprietary  ,1,4,5,32,99,131
03800300,COLEGIO TECNICO DE ELECTRICIDAD GALLOSA ,PR,00602-0000,Proprietary  ,1,4,5,30,58,88
03800400,INSTITUTE OF BEAUTY OCCUPATIONS AND TECH,PR,00676-5071,Proprietary  ,11,28,39,50,96,146
03843300,ADVANCED TECH COLLEGE                   ,PR,00961-6321,Proprietary  ,2,15,17,17,77,94
03849300,AGUADILLA TECHNICAL COLLEGE             ,PR,00603-0000,Proprietary  ,0,5,5,9,26,35
03965400,MYRANGEL BEAUTY INSTITUTE               ,PR,00754-3917,Proprietary  ,11,20,31,30,81,111
04030300,ASPIRA  DE PUERTO RICO                  ,PR,00987-0000,Private      ,0,1,1,1,6,7
04107300,CARIB TECHNOLOGICAL INSTITUTE           ,PR,00960-0000,Proprietary  ,11,23,34,14,46,60
00394600,UNIVERSITY OF THE VIRGIN ISLANDS        ,VI,00802-6000,Public       ,38,44,82,822,561,1383
00394601,UNIV OF THE VIRGIN ISLANDS-ST CROIX     ,VI,00850-0000,Public       ,16,40,56,342,403,745
00667700,MCGILL UNIVERSITY                       ,CN,00000-0000,Public       ,20,11,31,1345,357,1702
00667900,QUEEN'S UNIVERSITY AT KINGSTON          ,CN,00000-0000,Public       ,5,2,7,101,29,130
00668100,ST FRANCIS XAVIER UNIVERSITY            ,CN,00000-0000,Public       ,0,3,3,32,10,42
00668200,ST THOMAS UNIVERSITY                    ,CN,00000-0000,Public       ,0,2,2,17,5,22
00668300,UNIVERSITY OF GUELPH                    ,CN,00000-0000,Public       ,1,1,2,32,31,63
00668400,UNIVERSITY OF MANITOBA                  ,CN,00000-0000,Public       ,1,1,2,29,21,50
00668500,UNIVERSITY OF NEW BRUNSWICK (THE)       ,CN,00000-0000,Public       ,1,2,3,13,14,27
00668600,UNIVERSITY OF OTTAWA                    ,CN,00000-0000,Public       ,0,3,3,35,32,67
00668800,UNIVERSITY OF TORONTO                   ,CN,00000-0000,Public       ,4,16,20,219,334,553
00668900,UNIVERSITY OF WINDSOR                   ,CN,00000-0000,Public       ,0,1,1,22,40,62
00683700,UNIVERSITE LAVAL                        ,CN,00000-0000,Public       ,0,0,0,2,10,12
00683800,DALHOUSIE UNIVERSITY                    ,CN,00000-0000,Public       ,3,3,6,90,65,155
00685200,BISHOP'S UNIVERSITY                     ,CN,00000-0000,Private      ,0,0,0,26,6,32
00685300,MCMASTER UNIVERSITY                     ,CN,00000-0000,Public       ,0,0,0,22,21,43
00767900,YORK UNIVERSITY                         ,CN,00000-0000,Public       ,4,7,11,108,94,202
00787400,UNIVERSITY AT CALGARY (THE)             ,CN,00000-0000,Public       ,0,3,3,15,43,58
00814800,UNIVERSITY OF WINNIPEG                  ,CN,00000-0000,Public       ,0,0,0,4,5,9
00836200,UNIVERSITY OF ALBERTA (THE)             ,CN,00000-0000,Public       ,0,0,0,16,44,60
00836300,MOUNT SAINT VINCENT UNIVERSITY          ,CN,00000-0000,Private      ,1,0,1,4,6,10
00836400,SAINT MARY'S UNIVERSITY                 ,CN,00000-0000,Public       ,2,1,3,25,8,33
00836500,CONCORDIA UNIVERSITY - SIR GEORGE W     ,CN,00000-0000,Public       ,3,9,12,196,150,346
00836600,UNIVERSITE DE MONTREAL                  ,CN,00000-0000,Public       ,1,1,2,13,28,41
00836800,CARLETON UNIVERSITY                     ,CN,00000-0000,Public       ,2,1,3,36,23,59
00836900,UNIVERSITY OF BRITISH COLUMBIA          ,CN,00000-0000,Public       ,11,25,36,503,389,892
00837000,"SAFA, UNIVERSITY OF VICTORIA            ",CN,00000-0000,Public       ,0,4,4,73,52,125
00844400,SIMON FRASER UNIVERSITY                 ,CN,00000-0000,Public       ,2,2,4,63,72,135
00844600,UNIVERSITY OF WESTERN ONTARIO (THE)     ,CN,00000-0000,Public       ,2,2,4,23,38,61
00844800,UNIVERSITY OF REGINA                    ,CN,00000-0000,Public       ,0,1,1,5,8,13
00844900,ACADIA UNIVERSITY                       ,CN,00000-0000,Public       ,1,0,1,59,8,67
00852600,UNIVERSITY OF WATERLOO                  ,CN,00000-0000,Public       ,1,1,2,27,19,46
00858200,WILFRID LAURIER UNIVERSITY              ,CN,00000-0000,Public       ,0,0,0,8,4,12
00874200,UNIVERSITE DE SHERBROOKE                ,CN,00000-0000,Private      ,0,0,0,2,1,3
00891300,LAKEHEAD UNIVERSITY                     ,CN,00000-0000,Public       ,0,1,1,2,4,6
00911900,UNIVERSITE DE MONCTON                   ,CN,00000-0000,Public       ,0,0,0,0,2,2
00918000,LAURENTIAN UNIVERSITY OF SUDBURY        ,CN,00000-0000,Public       ,0,0,0,3,3,6
00925200,BROCK UNIVERSITY                        ,CN,00000-0000,Public       ,1,1,2,11,16,27
00936700,UNIVERSITY OF PRINCE EDWARD ISLAND      ,CN,00000-0000,Public       ,1,2,3,10,103,113
00942100,BRANDON UNIVERSITY                      ,CN,00000-0000,Public       ,1,0,1,2,4,6
00948600,TRINITY WESTERN UNIVERSITY              ,CN,00000-0000,Private      ,7,6,13,277,65,342
00950000,MEMORIAL UNIVERSITY OF NEWFOUNDLAND     ,CN,00000-0000,Public       ,0,1,1,11,22,33
00950100,UNIVERSITY OF KING'S COLLEGE            ,CN,00000-0000,Public       ,2,0,2,18,2,20
00950300,MOUNT ALLISON UNIVERSITY                ,CN,00000-0000,Public       ,1,0,1,42,1,43
00950500,TRENT UNIVERSITY                        ,CN,00000-0000,Public       ,1,0,1,11,6,17
00969700,LETHBRIDGE COLLEGE                      ,CN,00000-0000,Public       ,0,0,0,3,1,4
00969800,MEDICINE HAT COLLEGE                    ,CN,00000-0000,Public       ,0,0,0,1,1,2
00970100,SENECA COLG OF APPLIED ARTS & TECH      ,CN,00000-0000,Public       ,0,2,2,6,7,13
01012300,NOVA SCOTIA COLLEGE OF ART & DESIGN     ,CN,00000-0000,Public       ,0,0,0,11,12,23
01022100,SAINT PAUL UNIVERSITY                   ,CN,00000-0000,Public       ,1,0,1,3,7,10
01045800,SHERIDAN COLLEGE OF APPLIED ARTS AN     ,CN,00000-0000,Public       ,0,2,2,9,13,22
01067500,REGENT COLLEGE                          ,CN,00000-0000,Private      ,0,9,9,4,132,136
01070300,UNIVERSITY OF LETHBRIDGE                ,CN,00000-0000,Public       ,1,0,1,8,3,11
01072000,RYERSON UNIVERSITY                      ,CN,00000-0000,Public       ,0,1,1,32,44,76
01172200,BRIERCREST BIBLE COLLEGE                ,CN,00000-0000,Private      ,2,2,4,26,16,42
01221100,ALGONQUIN CLG OF APPLIED ARTS &TECH     ,CN,00000-0000,Public       ,1,1,2,5,6,11
01222800,HUMBER COLLEGE                          ,CN,00000-0000,Public       ,1,2,3,6,14,20
01227400,PROVIDENCE COLLEGE                      ,CN,00000-0000,Private      ,1,1,2,26,12,38
02081600,SAULT COLLG OF APPLIED ARTS & TECH      ,CN,00000-0000,Public       ,0,0,0,1,0,1
02102100,BETHANY BIBLE COLLEGE                   ,CN,00000-0000,Private      ,1,1,2,75,31,106
02116600,CANADIAN MEMORIAL CHIROPRACTIC COLL     ,CN,00000-0000,Private      ,0,0,0,0,2,2
02167000,PRAIRIE BIBLE INST                      ,CN,00000-0000,Private      ,2,0,2,39,19,58
02184600,INSTITUTE FOR CHRISTIAN STUDIES         ,CN,00000-0000,Private      ,0,0,0,0,5,5
02195600,LASALLE COLLEGE                         ,CN,00000-0000,Private      ,0,0,0,2,3,5
02195700,TAYLOR UNIVERSITY COLLEGE AND SEMINARY  ,CN,00000-0000,Private      ,0,0,0,11,2,13
02201100,COLUMBIA BIBLE COLLEGE                  ,CN,00000-0000,Private      ,0,0,0,17,3,20
02209700,UNIVERSITE DU QUEBEC (UNIVERSITY OF     ,CN,00000-0000,Public       ,1,1,2,5,10,15
02216400,TYNDALE COLLEGE & SEMINARY              ,CN,00000-0000,Private      ,0,1,1,1,7,8
02219000,ST. LAWRENCE COLLEGE                    ,CN,00000-0000,Public       ,1,1,2,8,2,10
02219200,UNIVERSITY OF SASKATCHEWAN              ,CN,00000-0000,Public       ,1,1,2,6,15,21
02338800,EMILY CARR UNIVERSITY OF ART AND DESIGN ,CN,00000-0000,Public       ,6,1,7,43,24,67
02354700,RED DEER COLLEGE                        ,CN,00000-0000,Public       ,0,0,0,1,1,2
02529200,AUGUSTANA UNIVERSITY COLLEGE            ,CN,00000-0000,Private      ,0,0,0,1,0,1
02577200,SALVATION ARMY WM & CATHERINE BOOTH     ,CN,00000-0000,Private      ,0,0,0,1,0,1
02592600,NEW BRUNSWICK COMMUNITY COLLEGE         ,CN,00000-0000,Public       ,0,1,1,2,2,4
02593800,CONCORDIA UNIVERSITY COLLEGE            ,CN,00000-0000,Private      ,0,0,0,2,1,3
02611400,"GARDNER COLLEGE, A CENTRE FOR CHRIS     ",CN,00000-0000,Private      ,0,0,0,1,1,2
02611900,THE KING'S UNIVERSITY COLLEGE           ,CN,00000-0000,Private      ,0,0,0,0,3,3
03018300,ROCKY MOUNTAIN COLLEGE: CENTRE FOR      ,CN,00000-0000,Private      ,0,0,0,3,1,4
03033800,UNIVERSITY COLLEGE OF CAPE BRETON       ,CN,00000-0000,Public       ,0,0,0,5,5,10
03076200,COVENANT BIBLE COLLEGE                  ,CN,00000-0000,Private      ,0,0,0,2,0,2
03078300,VANCOUVER SCHOOL OF THEOLOGY            ,CN,00000-0000,Private      ,0,0,0,0,5,5
03273300,CANADIAN COLLEGE OF NATUROPATHIC ME     ,CN,00000-0000,Private      ,0,0,0,0,30,30
03298300,ALBERTA COLLEGE OF ART & DESIGN         ,CN,00000-0000,Public       ,0,0,0,20,7,27
03332500,KWANTLEN UNIVERSITY COLLEGE             ,CN,00000-0000,Public       ,0,0,0,2,2,4
03335400,CANADIAN UNIVERSITY COLLEGE             ,CN,00000-0000,Private      ,0,0,0,22,1,23
03339300,ST. STEPHENS UNIVERSITY                 ,CN,00000-0000,Private      ,0,1,1,0,4,4
03348500,REDEEMER UNIVERSITY COLLEGE             ,CN,00000-0000,Private      ,0,0,0,8,0,8
03408300,CANDIAN NAZARENE UNIVERSITY COLLEGE     ,CN,00000-0000,Private      ,0,0,0,1,1,2
03420300,HOLLAND COLLEGE                         ,CN,00000-0000,Public       ,1,0,1,1,2,3
03421300,LOYALIST COLLEGE OF APPLIED ARTS &      ,CN,00000-0000,Public       ,0,0,0,1,0,1
03465300,NIPISSING UNIVERSITY                    ,CN,00000-0000,Public       ,0,0,0,0,1,1
03511300,CN CLG ACUPUNCTURE & ORIENTAL MED       ,CN,00000-0000,Private      ,0,1,1,0,9,9
03551300,INTERNATIONAL BIBLE COLLEGE             ,CN,00000-0000,Private      ,0,1,1,3,6,9
03560400,NIAGARA COLLEGE-WELLAND CAMPUS          ,CN,00000-0000,Public       ,0,0,0,3,8,11
03613300,UNIV OF NORTHERN BRITISH COLUMBIA       ,CN,00000-0000,Public       ,0,0,0,4,5,9
03674400,CANADIAN SOUTHERN BAPTIST SEMINARY      ,CN,00000-0000,Private      ,0,0,0,0,3,3
03711300,CAPILANO UNIVERSITY                     ,CN,00000-0000,Public       ,0,0,0,8,3,11
03745300,BRITISH COLUMBIA INSTITUTE OF TECHNOLOGY,CN,00000-0000,Public       ,0,0,0,0,1,1
03846300,PACIFIC LIFE BIBLE COLLEGE              ,CN,00000-0000,Private      ,0,0,0,9,2,11
03847300,ATLANTIC BAPTIST UNIVERSITY             ,CN,00000-0000,Private      ,0,0,0,1,1,2
00814700,UNIVERSIDAD AUTONOMA DE GUADALAJARA     ,MX,00000-0000,Private      ,3,168,171,29,1181,1210
01041800,INST TEC Y DE ESTSUPER DE MONTERRE      ,MX,00000-0000,Private      ,1,2,3,30,52,82
01067600,UNIVERSIDAD DE MONTERREY                ,MX,00000-0000,Private      ,2,1,3,14,22,36
01093800,UNIVERSIDAD DE GUANAJUATO               ,MX,00000-0000,Public       ,0,1,1,11,12,23
01097600,INSTITUTO ALLENDE                       ,MX,00000-0000,Private      ,0,1,1,2,6,8
02053300,CENTRO DE ESTUDIOS UNIVERSITARIOS D     ,MX,00000-0000,Private      ,23,40,63,116,189,305
02283100,UNIVERSIDAD TECNOLOGICA DE MEXICO       ,MX,00000-0000,Proprietary  ,1,0,1,17,16,33
01001000,AMERICAN SAMOA CMNTY COLLEGE            ,AS,96799-2609,Public       ,49,14,63,1289,259,1548
01034300,COLLEGE OF MICRONESIA - FSM             ,FM,96941-0159,Public       ,269,75,344,2002,606,2608
01100900,PALAU COMMUNITY COLLEGE                 ,PW,96940-0009,Public       ,25,24,49,731,323,1054
03022400,COLLEGE OF THE MARSHALL ISLANDS         ,MH,96960-1258,Public       ,28,21,49,476,268,744
03033000,NORTHERN MARIANAS COLLEGE               ,MP,96950-0000,Public       ,75,33,108,377,283,660
