OPE ID,School,State,Zip Code,School Type,20072008Qtr3_Dependent Students,20072008Qtr3_Independent Students,Quarterly Total,YTD_20072008Qtr3_Dependent Students,YTD_20072008Qtr3_Independent Students,Award Year To Date Total
00100200,ALABAMA AGRCLTL & MECHL UNIV            ,AL,35762-1357,Public       ,990,722,1712,4957,2445,7402
00100300,FAULKNER UNIVERSITY                     ,AL,36109-3398,Private      ,345,874,1219,1219,2687,3906
00100400,UNIVERSITY OF MONTEVALLO                ,AL,35115-6000,Public       ,314,248,562,1588,852,2440
00100500,ALABAMA STATE UNIVERSITY                ,AL,36101-0000,Public       ,1159,1188,2347,6627,3430,10057
00100700,CENTRAL ALABAMA COMMUNITY COLLEGE       ,AL,35011-0000,Public       ,332,572,904,878,1332,2210
00100800,ATHENS STATE UNIVERSITY                 ,AL,35611-1999,Public       ,144,749,893,469,2110,2579
00100900,AUBURN UNIVERSITY                       ,AL,36849-5113,Public       ,1403,868,2271,11559,4131,15690
00101200,BIRMINGHAM SOUTHERN COLLEGE             ,AL,35254-0002,Private      ,106,47,153,1445,200,1645
00101300,CALHOUN COMMUNITY COLLEGE               ,AL,35609-2216,Public       ,862,1211,2073,2697,3826,6523
00101500,ENTERPRISE-OZARK COMMUNITY COLLEGE      ,AL,36331-1300,Public       ,259,350,609,727,858,1585
00101600,UNIVERSITY OF NORTH ALABAMA             ,AL,35632-0001,Public       ,594,623,1217,2946,1906,4852
00101700,GADSDEN STATE COMMUNITY COLLEGE         ,AL,35903-2269,Public       ,543,1018,1561,1683,2456,4139
00101706,GADSDEN STATE COMM. COLLEGE-AYERS CAMPUS,AL,36202-0000,Public       ,70,122,192,208,346,554
00101800,GEORGE C WALLACE COMMUNITY COLLEGE      ,AL,36303-0943,Public       ,417,924,1341,1072,2054,3126
00101900,HUNTINGDON COLLEGE                      ,AL,36106-2148,Private      ,153,99,252,875,290,1165
00102000,JACKSONVILLE STATE UNIVERSITY           ,AL,36265-1602,Public       ,958,1183,2141,4788,3718,8506
00102100,JEFFERSON DAVIS COMMUNITY COLLEGE       ,AL,36427-2790,Public       ,124,243,367,376,579,955
00102200,JEFFERSON STATE COMMUNITY COLLEGE       ,AL,35215-3098,Public       ,666,1275,1941,2261,3860,6121
00102300,JUDSON COLLEGE                          ,AL,36756-2504,Private      ,42,34,76,283,91,374
00102400,UNIVERSITY OF WEST ALABAMA              ,AL,35470-0000,Public       ,313,1212,1525,1492,2816,4308
00102600,MARION MILITARY INSTITUTE               ,AL,36756-3214,Public       ,97,8,105,276,20,296
00102800,MILES COLLEGE                           ,AL,35064-2697,Private      ,673,485,1158,1938,1093,3031
00102900,UNIVERSITY OF MOBILE                    ,AL,36613-0000,Private      ,166,379,545,1038,1283,2321
00103000,BISHOP STATE COMMUNITY COLLEGE          ,AL,36603-5898,Public       ,439,954,1393,1022,2328,3350
00103001,BISHOP STATE COMM COLG-CARVER CMPS      ,AL,36617-0000,Public       ,28,68,96,69,156,225
00103002,BISHOP STAT COMM CLG-SW CMPS            ,AL,36605-0000,Public       ,17,33,50,53,90,143
00103100,NORTHEAST ALABAMA STATE CMNTY COLG      ,AL,35986-0159,Public       ,320,569,889,742,1161,1903
00103300,OAKWOOD COLLEGE                         ,AL,35896-0001,Private      ,416,173,589,1527,542,2069
00103400,ALABAMA SOUTHERN COMMUNITY COLLEGE      ,AL,36460-5698,Public       ,246,397,643,654,748,1402
00103600,SAMFORD UNIVERSITY                      ,AL,35229-7000,Private      ,166,294,460,2243,1997,4240
00103700,SELMA UNIVERSITY                        ,AL,36701-0000,Private      ,0,0,0,1,0,1
00103800,SNEAD STATE COMMUNITY COLLEGE           ,AL,35957-0734,Public       ,196,411,607,680,1076,1756
00104000,SOUTHERN UNION STATE COMMUNITY CLG      ,AL,36276-0000,Public       ,642,600,1242,1972,1688,3660
00104100,SPRING HILL COLLEGE                     ,AL,36608-1791,Private      ,113,121,234,1444,434,1878
00104400,STILLMAN COLLEGE                        ,AL,35403-1430,Private      ,242,109,351,1344,344,1688
00104600,TALLADEGA COLLEGE                       ,AL,35160-2354,Private      ,143,53,196,464,112,576
00104700,TROY STATE UNIVERSITY                   ,AL,36082-0001,Public       ,1213,5441,6654,5098,15436,20534
00104754,TROY UNIVERSITY - DOTHAN                ,AL,36303-1575,Public       ,0,0,0,127,375,502
00104755,TROY UNIVERSITY - MONTGOMERY            ,AL,36103-4419,Public       ,0,0,0,251,1053,1304
00105000,TUSKEGEE UNIVERSITY                     ,AL,36088-1645,Private      ,292,148,440,3987,837,4824
00105100,UNIVERSITY OF ALABAMA (THE)             ,AL,35487-0120,Public       ,1612,1384,2996,11758,5852,17610
00105200,UNIVERSITY OF ALABAMA AT BIRMINGHAM     ,AL,35294-1150,Public       ,1061,1636,2697,6520,6966,13486
00105500,UNIVERSITY OF ALABAMA IN HUNTSVILLE     ,AL,35899-0001,Public       ,592,692,1284,3107,2409,5516
00105700,UNIVERSITY OF SOUTH ALABAMA             ,AL,36688-0002,Public       ,1134,1780,2914,4979,6397,11376
00105900,LAWSON STATE COMMUNITY COLLEGE          ,AL,35221-1798,Public       ,763,1043,1806,1510,2326,3836
00105901,LAWSON STATE COMMUNITY COLLEGE - BESSEME,AL,35021-0308,Public       ,77,176,253,221,475,696
00106000,FAULKNER STATE COMMUNITY COLLEGE        ,AL,36507-2698,Public       ,601,667,1268,1673,1640,3313
00446200,GADSDEN BUSINESS COLLEGE                ,AL,35906-3658,Proprietary  ,1,5,6,2,11,13
00526000,J.F. DRAKE STATE TECH COLLEGE           ,AL,35811-1584,Public       ,119,316,435,250,750,1000
00569100,SHELTON STATE COMMUNITY CLG             ,AL,35405-4017,Public       ,759,955,1714,2348,2156,4504
00569200,REID STATE TECHNICAL COLLEGE            ,AL,36401-0000,Public       ,113,263,376,199,427,626
00569700,NORTHWEST- SHOALS COMMUNITY COLLEGE     ,AL,35661-0000,Public       ,454,642,1096,1433,1613,3046
00569702,NORTHWEST-SHOALS C.C.-PHIL CAMPBELL     ,AL,35581-0000,Public       ,32,46,78,145,141,286
00569900,GEORGE C WALLACE STATE CMTY COLLEGE     ,AL,36703-0000,Public       ,386,577,963,793,1149,1942
00573300,BEVILL STATE CMTY COLLEGE-WALKER        ,AL,35148-0000,Public       ,336,617,953,841,1513,2354
00573301,BEVILL STATE COMMUNITY COLLEGE - FAYETTE,AL,35555-0000,Public       ,91,156,247,317,401,718
00573302,BEVILL STATE CMTY CLG-HAMILTON CAMP     ,AL,35570-0000,Public       ,41,96,137,126,257,383
00573305,BEVILL STATE CMTY CLG-WALKER CLG        ,AL,35501-0000,Public       ,72,101,173,266,290,556
00573400,H. COUNCILL TRENHOLM STATE TECH COLLEGE ,AL,36108-0020,Public       ,243,530,773,422,1074,1496
00573401,H. C. TRENHOLM ST TECH COL-PATTERSON CAM,AL,36116-2612,Public       ,71,144,215,192,367,559
00787100,GEORGE C WALLACE STATE CMTY CLG         ,AL,35077-2000,Public       ,692,988,1680,1842,2625,4467
00831000,AUBURN UNIVERSITY-MONTGOMERY            ,AL,36124-0000,Public       ,570,915,1485,2277,2803,5080
00898800,LURLEEN B WALLACE COMMUNITY COLLEGE     ,AL,36420-0418,Public       ,224,349,573,565,763,1328
01019300,HERZING COLLEGE                         ,AL,35209-4816,Proprietary  ,52,151,203,122,509,631
01055400,CONCORDIA COLLEGE                       ,AL,36701-3323,Private      ,139,136,275,368,338,706
01123700,SOUTHERN COMMUNITY COLLEGE              ,AL,36083-1803,Private      ,0,0,0,8,10,18
01218200,CHATTAHOOCHEE VALLEY CMTY CLG           ,AL,36869-7917,Public       ,211,437,648,569,1077,1646
01303906,SOUTH UNIVERSITY - MONTGOMERY           ,AL,36116-1120,Proprietary  ,85,284,369,205,705,910
02170600,UNITED STATES SPORTS ACADEMY            ,AL,36526-7055,Private      ,6,188,194,20,474,494
02199700,HERITAGE CHRISTIAN UNIVERSITY           ,AL,35630-0000,Private      ,4,22,26,13,48,61
02270400,SOUTHEASTERN BIBLE COLLEGE              ,AL,35244-2083,Private      ,33,59,92,90,137,227
02296000,PRINCE INSTITUTE OF PROFESSIONAL STUDIES,AL,36117-0000,Proprietary  ,11,17,28,38,68,106
02323800,GAITHER AND COMPANY BEAUTY COLLEGE      ,AL,35768-0000,Proprietary  ,1,9,10,1,12,13
02341000,FORTIS COLLEGE                          ,AL,36609-0000,Proprietary  ,52,178,230,178,650,828
02341002,CAPPS COLLEGE - MONTGOMERY              ,AL,36109-3624,Proprietary  ,7,31,38,31,79,110
02503400,AMRIDGE UNIVERSITY                      ,AL,36124-0000,Private      ,9,369,378,22,749,771
02605500,REMINGTON COLLEGE - MOBILE CAMPUS       ,AL,36609-5593,Proprietary  ,166,542,708,372,1441,1813
03010600,VIRGINIA COLLEGE                        ,AL,35209-5154,Proprietary  ,434,3099,3533,883,7021,7904
03010602,VIRGINIA COLLEGE - HUNTSVILLE           ,AL,35805-0000,Proprietary  ,25,79,104,87,247,334
03010605,VA COLG TECHNICAL AT PELHAM             ,AL,35124-0000,Proprietary  ,1,6,7,7,10,17
03010607,VIRGINIA COLLEGE - MOBILE               ,AL,36606-4748,Proprietary  ,1,14,15,1,14,15
03032500,ALABAMA STATE CLG BARBER STYLING        ,AL,35215-8308,Proprietary  ,4,29,33,20,49,69
03100503,VIRGINIA COLLEGE AT PENSACOLA - VIRGINIA,AL,35242-5340,Proprietary  ,6,46,52,58,274,332
03361400,FORTIS COLLEGE                          ,AL,36535-3547,Proprietary  ,18,59,77,53,220,273
03459300,SOUTHEASTERN SCHOOL OF COSMETOLOGY      ,AL,35228-0000,Private      ,5,58,63,15,112,127
03783300,BLUE CLIFF CAREER COLLEGE               ,AL,63306-4749,Proprietary  ,20,50,70,43,98,141
03894300,HUNTSVILLE BIBLE COLLEGE                ,AL,35811-0000,Private      ,1,12,13,6,29,35
04067300,SELMA UNIVERSITY                        ,AL,36701-0000,Private      ,3,23,26,3,23,26
00111100,ALLAN HANCOCK COLLEGE                   ,CA,93454-6399,Public       ,523,749,1272,2188,2326,4514
00111300,ANTELOPE VALLEY COLLEGE                 ,CA,93536-5426,Public       ,886,1760,2646,2800,4296,7096
00111600,ART CENTER COLLEGE OF DESIGN            ,CA,91103-1999,Private      ,110,145,255,1030,1155,2185
00111700,AZUSA PACIFIC UNIVERSITY                ,CA,91702-7000,Private      ,323,1389,1712,4979,4167,9146
00111800,BAKERSFIELD COLLEGE                     ,CA,93305-1299,Public       ,749,1273,2022,5484,5196,10680
00111900,BARSTOW COMMUNITY COLLEGE               ,CA,92311-6608,Public       ,265,901,1166,425,1691,2116
00112000,AMER BAPT SEM OF THE WEST-BERKELEY      ,CA,94704-0000,Private      ,0,7,7,0,45,45
00112100,BETHANY UNIVERSITY /  ASSEMBLIES OF GOD ,CA,95066-2896,Private      ,40,75,115,415,336,751
00112200,BIOLA UNIVERSITY                        ,CA,90639-0001,Private      ,202,286,488,4209,1692,5901
00112300,BROOKS INSTITUTE                        ,CA,93103-1809,Proprietary  ,240,145,385,1536,899,2435
00112400,CABRILLO COLLEGE                        ,CA,95003-3194,Public       ,428,758,1186,2077,2684,4761
00112500,CALIFORNIA BAPTIST UNIVERSITY           ,CA,92504-3297,Private      ,194,624,818,2739,1981,4720
00112700,CALIFORNIA COLLEGE OF THE ARTS          ,CA,94107-2206,Private      ,75,99,174,1299,1171,2470
00113100,CALIFORNIA INSTITUTE OF TECHNOLOGY      ,CA,91125-0001,Private      ,32,20,52,2080,298,2378
00113200,CALIFORNIA INSTITUTE OF THE ARTS        ,CA,91355-2397,Private      ,35,30,65,1210,1183,2393
00113300,CALIFORNIA LUTHERAN UNIVERSITY          ,CA,91360-2787,Private      ,103,263,366,2231,1095,3326
00113400,CALIFORNIA MARITIME ACADEMY             ,CA,94590-8181,Public       ,39,23,62,565,184,749
00113700,CALIF STATE UNIV-FULLERTON              ,CA,92831-3599,Public       ,1356,1819,3175,23848,12034,35882
00113800,"CALIFORNIA STATE UNIVERSITY, EAST BAY   ",CA,94542-3000,Public       ,425,1034,1459,5840,6540,12380
00113900,CALIF STATE UNIV-LONG BEACH             ,CA,90840-0006,Public       ,1002,1590,2592,29205,14304,43509
00114000,CALIF STATE UNIV-LOS ANGELES            ,CA,90032-4226,Public       ,685,1695,2380,15654,12539,28193
00114100,"CALIF STATE UNIV, DOMINGUEZ HILLS       ",CA,90747-0001,Public       ,402,1445,1847,7793,7750,15543
00114200,CALIF STATE UNIV SAN BERNARDINO         ,CA,92407-2397,Public       ,786,1790,2576,10625,9219,19844
00114300,CAL POLY STATE UNIVERSITY               ,CA,93407-0001,Public       ,803,423,1226,18881,2941,21822
00114400,CALIF STATE POLYTECHNIC UNIV POMONA     ,CA,91768-2500,Public       ,869,914,1783,16809,5989,22798
00114600,CALIF STATE UNIV - CHICO                ,CA,95929-0001,Public       ,713,738,1451,11674,4950,16624
00114700,CALIF STATE UNIV - FRESNO               ,CA,93740-8026,Public       ,847,1359,2206,14789,8391,23180
00114900,HUMBOLDT STATE UNIVERSITY               ,CA,95521-8299,Public       ,365,445,810,6497,3540,10037
00115000,CALIF STATE UNIV-SACRAMENTO             ,CA,95819-6044,Public       ,925,1694,2619,16796,12169,28965
00115100,SAN DIEGO STATE UNIVERSITY              ,CA,92182-1690,Public       ,1749,1907,3656,28336,12958,41294
00115300,CALIF STATE UNIV-NORTHRIDGE             ,CA,91330-8307,Public       ,1277,2122,3399,21800,13014,34814
00115301,CALIF STATE UNIV CHANNEL ISLANDS        ,CA,93012-0000,Public       ,93,146,239,2089,921,3010
00115400,SAN FRANCISCO STATE UNIVERSITY          ,CA,94132-1740,Public       ,848,1600,2448,20033,13764,33797
00115500,SAN JOSE STATE UNIVERSITY               ,CA,95192-0036,Public       ,1009,1595,2604,17313,11188,28501
00115600,SONOMA STATE UNIVERSITY                 ,CA,94928-3609,Public       ,237,359,596,6466,2666,9132
00115700,CALIF STATE UNIV-STANISLAUS             ,CA,95382-0299,Public       ,313,756,1069,5417,3943,9360
00115800,UNITED STATES INTERNATIONAL UNIV        ,CA,92131-1799,Private      ,9,123,132,45,720,765
00116100,CERRITOS COLLEGE                        ,CA,90650-6296,Public       ,1451,1533,2984,6729,4942,11671
00116200,CHABOT COLLEGE                          ,CA,94545-2400,Public       ,528,881,1409,2702,3100,5802
00116300,CHAFFEY COLLEGE                         ,CA,91737-9400,Public       ,1290,1825,3115,5101,5789,10890
00116400,CHAPMAN UNIVERSITY                      ,CA,92866-1099,Private      ,271,1988,2259,5126,6653,11779
00116453,CHAPMAN UNIVERSITY SCHOOL OF LAW        ,CA,92866-0000,Private      ,4,78,82,81,1401,1482
00116500,CHURCH DIV SCH OF THE PACIFIC           ,CA,94709-0000,Private      ,0,3,3,0,74,74
00116600,CITRUS COLLEGE                          ,CA,91741-1899,Public       ,857,837,1694,3762,2536,6298
00116900,CLAREMONT GRADUATE UNIVERSITY           ,CA,91711-0000,Private      ,0,211,211,9,1429,1438
00117000,CLAREMONT MCKENNA COLLEGE               ,CA,91711-6400,Private      ,24,4,28,2320,54,2374
00117100,HARVEY MUDD COLLEGE                     ,CA,91711-5990,Private      ,9,2,11,1543,18,1561
00117200,PITZER COLLEGE                          ,CA,91711-6101,Private      ,21,13,34,2073,112,2185
00117300,POMONA COLLEGE                          ,CA,91711-6301,Private      ,40,12,52,2987,62,3049
00117400,SCRIPPS COLLEGE                         ,CA,91711-3948,Private      ,43,4,47,1219,62,1281
00117600,WEST HILLS COMMUNITY COLLEGE            ,CA,93210-1399,Public       ,169,329,498,1507,1464,2971
00117700,COGSWELL POLYTECHNICAL COLLEGE          ,CA,94089-1210,Private      ,10,11,21,104,53,157
00117800,COLLEGE OF MARIN                        ,CA,94904-2590,Public       ,109,286,395,538,1093,1631
00117801,COLG OF MARIN-INDIAN VALLEY CMPS        ,CA,94949-0000,Public       ,7,14,21,23,65,88
00117900,NOTRE DAME DE NAMUR UNIVERSITY          ,CA,94002-1997,Private      ,77,155,232,628,643,1271
00118100,COLLEGE OF SAN MATEO                    ,CA,94402-3784,Public       ,251,376,627,1321,1126,2447
00118200,COLLEGE OF THE DESERT                   ,CA,92260-9305,Public       ,465,642,1107,2122,2079,4201
00118300,HOLY NAMES UNIVERSITY                   ,CA,94619-1699,Private      ,45,174,219,528,598,1126
00118500,COLLEGE OF THE REDWOODS                 ,CA,95501-9300,Public       ,300,706,1006,1689,2471,4160
00118600,COLLEGE OF THE SEQUOIAS                 ,CA,93277-2234,Public       ,587,1099,1686,3524,3738,7262
00118700,COLLEGE OF THE SISKIYOUS                ,CA,96094-2899,Public       ,180,241,421,736,696,1432
00118701,COLLEGE OF THE SISKIYOUS - YREKA CENTER ,CA,96097-9538,Public       ,4,5,9,22,29,51
00119000,CONTRA COSTA COLLEGE                    ,CA,94806-3195,Public       ,316,580,896,1089,1675,2764
00119100,DIABLO VALLEY COLLEGE                   ,CA,94523-1544,Public       ,561,627,1188,2561,2114,4675
00119200,CUESTA COLLEGE                          ,CA,93403-8106,Public       ,383,485,868,2400,1965,4365
00119300,CYPRESS COLLEGE                         ,CA,90630-5897,Public       ,629,958,1587,3116,2954,6070
00119600,DOMINICAN UNIVERSITY OF CALIFORNIA      ,CA,94901-2298,Private      ,72,143,215,1790,969,2759
00119700,EL CAMINO COLLEGE                       ,CA,90506-0002,Public       ,1191,1401,2592,5748,4610,10358
00119701,COMPTON COMMUNITY COLLEGE               ,CA,90221-5393,Public       ,243,542,785,569,1121,1690
00119900,FOOTHILL COLLEGE                        ,CA,94022-4597,Public       ,229,451,680,1086,1546,2632
00120000,FULLER THEOLOGICAL SEMINARY             ,CA,91182-0000,Private      ,0,215,215,10,1900,1910
00120100,FULLERTON COLLEGE                       ,CA,92832-2095,Public       ,1070,1076,2146,4888,3181,8069
00120200,GAVILAN COLLEGE                         ,CA,95020-9599,Public       ,230,391,621,859,1044,1903
00120300,GLENDALE COMMUNITY COLLEGE              ,CA,91208-2894,Public       ,1041,1281,2322,4550,3726,8276
00120400,GOLDEN GATE BAPT THEOL SEMINARY         ,CA,94941-0000,Private      ,0,11,11,1,35,36
00120500,GOLDEN GATE UNIVERSITY                  ,CA,94105-2967,Private      ,10,407,417,53,2514,2567
00120600,GOLDEN WEST COLLEGE                     ,CA,92647-2748,Public       ,724,915,1639,3752,2984,6736
00120700,GRADUATE THEOLOGICAL UNION              ,CA,94709-0000,Private      ,0,23,23,0,309,309
00120800,GROSSMONT COLLEGE                       ,CA,92020-1798,Public       ,1019,1391,2410,3955,3849,7804
00120900,HARTNELL COMMUNITY COLLEGE              ,CA,93901-1697,Public       ,573,631,1204,1678,1481,3159
00121200,HUMPHREYS COLLEGE                       ,CA,95207-3896,Private      ,23,159,182,168,698,866
00121400,IMPERIAL VALLEY COLLEGE                 ,CA,92251-9787,Public       ,1067,1174,2241,3135,2437,5572
00121500,LA SIERRA UNIVERSITY                    ,CA,92515-3332,Private      ,223,181,404,1507,596,2103
00121600,UNIVERSITY OF LA VERNE                  ,CA,91750-4443,Private      ,132,1189,1321,2267,4787,7054
00121700,LASSEN COLLEGE                          ,CA,96130-3000,Public       ,133,177,310,339,408,747
00121800,LOMA LINDA UNIVERSITY                   ,CA,92350-0001,Private      ,89,439,528,635,4008,4643
00121900,LONG BEACH CITY COLLEGE                 ,CA,90808-1780,Public       ,1527,2543,4070,6999,7835,14834
00122000,MASTER'S COLLEGE & SEMINARY (THE)       ,CA,91321-1200,Private      ,47,56,103,984,271,1255
00122300,LOS ANGELES CITY COLLEGE                ,CA,90029-3588,Public       ,803,1674,2477,3119,5709,8828
00122400,LOS ANGELES HARBOR COLLEGE              ,CA,90744-2397,Public       ,479,687,1166,1641,2177,3818
00122600,LOS ANGELES PIERCE COLLEGE              ,CA,91371-0001,Public       ,928,966,1894,4126,2931,7057
00122700,LOS ANGELES TRADE TECH COLLEGE          ,CA,90015-4181,Public       ,551,1277,1828,2037,3737,5774
00122800,LOS ANGELES VALLEY COLLEGE              ,CA,91401-4096,Public       ,799,1031,1830,3404,3628,7032
00122900,SO CA UNIV  HEALTH SCIENCES             ,CA,90604-4051,Private      ,2,38,40,12,483,495
00123000,SOUTHERN CA COLLEGE OF OPTOMETRY        ,CA,92831-1699,Private      ,0,10,10,9,466,475
00123200,AMERICAN RIVER COLLEGE                  ,CA,95841-4286,Public       ,1046,2414,3460,5393,8945,14338
00123300,SACRAMENTO CITY COLLEGE                 ,CA,95822-1386,Public       ,971,1803,2774,6042,6834,12876
00123600,MENLO COLLEGE                           ,CA,94027-4301,Private      ,65,42,107,741,123,864
00123700,MERCED COMMUNITY COLLEGE                ,CA,95348-2898,Public       ,615,960,1575,3208,3096,6304
00123800,MILLS COLLEGE                           ,CA,94613-1301,Private      ,31,86,117,1130,1020,2150
00123900,MIRACOSTA COLLEGE                       ,CA,92056-3899,Public       ,303,582,885,1455,1831,3286
00124000,MODESTO JUNIOR COLLEGE                  ,CA,95350-5800,Public       ,842,1398,2240,5014,5219,10233
00124200,MONTEREY PENINSULA COLLEGE              ,CA,93940-4799,Public       ,242,351,593,944,1042,1986
00124300,MOUNT ST MARYS COLLEGE                  ,CA,90049-1599,Private      ,54,209,263,1798,1365,3163
00124500,MT. SAN ANTONIO COLLEGE                 ,CA,91789-1399,Public       ,1612,1640,3252,7811,5333,13144
00124600,MT SAN JACINTO COLLEGE                  ,CA,92583-2399,Public       ,697,1248,1945,2817,4136,6953
00124700,NAPA VALLEY COLLEGE                     ,CA,94558-6236,Public       ,207,381,588,974,1273,2247
00124900,OCCIDENTAL COLLEGE                      ,CA,90041-3314,Private      ,36,15,51,3210,139,3349
00125000,ORANGE COAST COLLEGE - FIN AID OFF      ,CA,92628-5005,Public       ,1072,1201,2273,6092,3648,9740
00125100,OTIS COLLEGE OF ART AND DESIGN          ,CA,90045-3505,Private      ,69,58,127,1263,495,1758
00125200,HOPE INTERNATIONAL UNIVERSITY           ,CA,92631-0000,Private      ,68,154,222,539,458,997
00125300,FRESNO PACIFIC UNIVERSITY               ,CA,93702-4798,Private      ,124,344,468,1439,1349,2788
00125302,FRESNO PACIFIC UNIVERSITY - VISALIA CENT,CA,93277-8341,Private      ,3,39,42,22,156,178
00125303,FRESNO PACIFIC UNIVERSITY - BAKERSFIELD ,CA,93301-4533,Private      ,1,30,31,20,124,144
00125400,PACIFIC LUTHERAN THEOLOGICAL SEM        ,CA,94708-0000,Private      ,0,10,10,0,89,89
00125500,PACIFIC OAKS COLLEGE                    ,CA,91103-3592,Private      ,4,145,149,22,900,922
00125600,PACIFIC SCHOOL OF RELIGION              ,CA,94709-0000,Private      ,0,6,6,0,172,172
00125800,PACIFIC UNION COLLEGE                   ,CA,94508-9797,Private      ,257,102,359,1259,345,1604
00125900,PALO VERDE COLLEGE                      ,CA,92225-0000,Public       ,70,169,239,131,298,429
00126000,PALOMAR COLLEGE                         ,CA,92069-1486,Public       ,832,1046,1878,3675,3462,7137
00126100,PASADENA CITY COLLEGE                   ,CA,91106-2003,Public       ,1688,1428,3116,8809,4932,13741
00126200,POINT LOMA NAZARENE UNIVERSITY          ,CA,92106-2899,Private      ,126,391,517,2876,951,3827
00126600,LANEY COLLEGE                           ,CA,94607-4893,Public       ,441,1083,1524,2058,3552,5610
00126700,MERRITT COLLEGE                         ,CA,94619-3196,Public       ,244,711,955,958,2079,3037
00126800,PORTERVILLE COLLEGE                     ,CA,93257-6059,Public       ,233,466,699,1166,1398,2564
00126900,RIO HONDO COLLEGE                       ,CA,90601-1699,Public       ,842,963,1805,4248,2947,7195
00127000,RIVERSIDE COMMUNITY COLLEGE             ,CA,92506-1299,Public       ,2654,3536,6190,10039,10417,20456
00127200,SAN BERNARDINO VALLEY COLLEGE           ,CA,92410-2798,Public       ,690,1616,2306,2957,4876,7833
00127300,SAN DIEGO CITY COLLEGE                  ,CA,92101-4787,Public       ,1001,2258,3259,3865,5914,9779
00127500,SAN DIEGO MESA COLLEGE                  ,CA,92111-4996,Public       ,1255,1625,2880,4797,4507,9304
00127800,SAN FRANCISCO CONSERVATORY OF MUSIC     ,CA,94122-4498,Private      ,17,6,23,260,302,562
00127900,SAN FRANCISCO THEOLOGICAL SEMINARY      ,CA,94960-0000,Private      ,0,16,16,0,84,84
00128000,SAN JOAQUIN DELTA COLLEGE               ,CA,95207-6370,Public       ,1251,2207,3458,5443,6510,11953
00128100,WILLIAM JESSUP UNIVERSITY               ,CA,95765-3707,Private      ,28,60,88,385,262,647
00128200,SAN JOSE CITY COLLEGE                   ,CA,95128-2797,Public       ,499,918,1417,2084,2960,5044
00128400,SANTA ANA COLLEGE                       ,CA,92706-3398,Public       ,614,970,1584,3150,2822,5972
00128500,SANTA BARBARA CITY COLLEGE              ,CA,93109-2394,Public       ,627,670,1297,3218,2035,5253
00128600,SANTA MONICA COLLEGE                    ,CA,90405-1644,Public       ,1327,1141,2468,7462,4105,11567
00128700,SANTA ROSA JUNIOR COLLEGE               ,CA,95401-4395,Public       ,504,975,1479,2934,3432,6366
00128800,CLAREMONT SCHOOL OF THEOLOGY            ,CA,91711-0000,Private      ,0,28,28,4,162,166
00128900,SHASTA COLLEGE                          ,CA,96049-7692,Public       ,456,1079,1535,2436,3132,5568
00129000,SIERRA COLLEGE                          ,CA,95677-3397,Public       ,651,1111,1762,3411,3977,7388
00129100,SIMPSON UNIVERSITY                      ,CA,96003-8606,Private      ,73,138,211,993,599,1592
00129200,SOLANO COMMUNITY COLLEGE                ,CA,94534-3197,Public       ,409,807,1216,1752,2794,4546
00129300,VANGUARD UNIVERSITY OF SOUTHERN CA      ,CA,92626-6597,Private      ,116,166,282,1826,720,2546
00129400,SOUTHWESTERN COLLEGE                    ,CA,91910-7299,Public       ,1089,1126,2215,5233,3799,9032
00129500,SOUTHWESTERN LAW SCHOOL                 ,CA,90010-1106,Private      ,0,69,69,11,2065,2076
00129600,DOMINICAN SCH PHILOSOPHY & THEOLOGY     ,CA,94709-0000,Private      ,0,6,6,2,28,30
00129900,ST JOHN'S SEMINARY COLLEGE              ,CA,93010-0000,Private      ,0,0,0,2,5,7
00130200,SAINT MARY'S COLLEGE OF CALIFORNIA      ,CA,94556-2744,Private      ,140,229,369,3301,1025,4326
00130500,STANFORD UNIVERSITY                     ,CA,94305-6106,Private      ,290,230,520,12890,2509,15399
00130501,STANFORD UNIVERSITY - GRADUATE SCHOOL OF,CA,94305-5301,Private      ,2,94,96,43,676,719
00130502,STANFORD UNIVERSITY - GRADUATE SCHOOL OF,CA,94305-5015,Private      ,0,100,100,14,927,941
00130503,STANFORD UNIVERSITY - STANFORD LAW SCHOO,CA,94305-3096,Private      ,5,32,37,19,1714,1733
00130700,FRESNO CITY COLLEGE                     ,CA,93741-0002,Public       ,1217,2254,3471,9087,8340,17427
00130800,REEDLEY COLLEGE                         ,CA,93654-2099,Public       ,659,1034,1693,3982,3554,7536
00130900,TAFT COLLEGE                            ,CA,93268-2317,Public       ,177,196,373,532,532,1064
00131200,UNIVERSITY OF CALIFORNIA-BERKELEY       ,CA,94720-1520,Public       ,510,880,1390,35036,15182,50218
00131300,UNIVERSITY OF CALIFORNIA-DAVIS          ,CA,95616-8558,Public       ,736,693,1429,32249,10628,42877
00131400,UNIVERSITY OF CALIFORNIA-IRVINE         ,CA,92697-2825,Public       ,585,590,1175,32773,7237,40010
00131500,UNIVERSITY OF CALIFORNIA (UCLA)         ,CA,90095-9000,Public       ,842,2035,2877,43089,19542,62631
00131502,UNIV OF CALIFORNIA LOS ANG SCH MED      ,CA,90095-0000,Public       ,6,20,26,95,709,804
00131503,UNIV OF CALIFORNIA LOS ANG DENTAL       ,CA,90095-0000,Public       ,1,4,5,19,153,172
00131600,UNIVERSITY OF CALIFORNIA-RIVERSIDE      ,CA,92521-0209,Public       ,516,968,1484,20387,4744,25131
00131700,UNIVERSITY OF CALIFORNIA-SAN DIEGO      ,CA,92093-0013,Public       ,415,387,802,31644,6596,38240
00131900,UNIVERSITY OF CALIFORNIA-SFRANCISCO     ,CA,94143-0246,Public       ,24,141,165,411,2853,3264
00132000,UNIVERSITY OF CALIFORNIA-SANTA BARB     ,CA,93106-3180,Public       ,535,312,847,28086,4972,33058
00132100,UNIVERSITY OF CALIFORNIA-SANTA CRUZ     ,CA,95064-0001,Public       ,384,249,633,17455,3055,20510
00132200,UNIVERSITY OF REDLANDS                  ,CA,92373-0999,Private      ,101,553,654,3573,1707,5280
00132500,UNIVERSITY OF SAN FRANCISCO             ,CA,94117-1080,Private      ,177,601,778,6335,5304,11639
00132600,SANTA CLARA UNIVERSITY                  ,CA,95053-4956,Private      ,216,375,591,6211,3092,9303
00132800,UNIVERSITY OF SOUTHERN CALIFORNIA       ,CA,90089-0914,Private      ,441,924,1365,23626,16409,40035
00132900,UNIVERSITY OF THE PACIFIC               ,CA,95211-0197,Private      ,206,150,356,5302,2292,7594
00132901,UNIVERSITY OF THE PACIFIC - MCGEORGE SCH,CA,95817-2799,Private      ,0,87,87,14,1988,2002
00132902,UNIV OF THE PACIFIC SCH OF DENT         ,CA,94115-0000,Private      ,2,35,37,9,566,575
00133400,VENTURA COLLEGE                         ,CA,93003-3899,Public       ,809,632,1441,2732,2041,4773
00133500,VICTOR VALLEY COLLEGE                   ,CA,92395-5849,Public       ,1045,1966,3011,2747,4639,7386
00133800,WEST VALLEY COLLEGE                     ,CA,95070-5697,Public       ,358,494,852,1297,1327,2624
00134100,WESTMONT COLLEGE                        ,CA,93108-1099,Private      ,51,5,56,1709,32,1741
00134200,WHITTIER COLLEGE                        ,CA,90601-4413,Private      ,102,61,163,1852,228,2080
00134201,WHITTIER COLLEGE - COLLEGE OF LAW       ,CA,92626-1501,Private      ,1,85,86,6,1042,1048
00134300,WOODBURY UNIVERSITY                     ,CA,91510-7846,Private      ,73,133,206,990,720,1710
00134400,YUBA COLLEGE                            ,CA,95901-7699,Public       ,454,1033,1487,2534,3515,6049
00177212,TRINITY INTERNATIONAL UNIV-CA           ,CA,92705-0000,Private      ,0,63,63,2,171,173
00274100,AMERICAN JEWISH UNIVERSITY              ,CA,90077-1599,Private      ,7,9,16,75,134,209
00301002,ANTIOCH UNIV/LOS ANGELES                ,CA,90230-7615,Private      ,3,109,112,14,646,660
00301003,ANTIOCH  UNIV/SANTA BARBARA             ,CA,93101-0000,Private      ,5,63,68,161,359,520
00304701,HEBREW UNION COLL - LOS ANGELES         ,CA,90007-0000,Private      ,0,0,0,0,10,10
00369110,MONTEREY INST OF INTERNATL STUDIES      ,CA,93940-2691,Private      ,3,66,69,18,728,746
00394700,UC-HASTINGS COLLEGE OF THE LAW          ,CA,94102-0000,Public       ,0,30,30,6,2894,2900
00394800,SAN FRANCISCO ART INSTITUTE             ,CA,94133-2299,Private      ,52,60,112,929,748,1677
00405500,HEBREW UNION COLLEGE - JEWISH INSTITUTE ,CA,90007-3796,Private      ,0,7,7,1,72,73
00408000,STARR KING SCHOOL FOR THE MINISTRY      ,CA,94709-1299,Private      ,0,4,4,0,46,46
00448000,DE ANZA COLLEGE                         ,CA,95014-5793,Public       ,792,774,1566,3820,2792,6612
00448100,OHLONE COLLEGE                          ,CA,94539-5847,Public       ,300,350,650,1399,1154,2553
00448400,JOHN F. KENNEDY UNIVERSITY              ,CA,94523-4817,Private      ,3,274,277,13,1258,1271
00449000,PATTEN UNIVERSITY                       ,CA,94601-2699,Private      ,66,87,153,210,253,463
00449400,EVEREST COLLEGE                         ,CA,92408-3752,Proprietary  ,103,265,368,216,525,741
00450200,CITY COLLEGE OF SAN FRANCISCO           ,CA,94112-0000,Public       ,1230,2290,3520,5512,6849,12361
00563800,DOWNEY ADULT SCHOOL                     ,CA,90241-5610,Public       ,5,4,9,11,32,43
00565500,HACIENDA LA PUENTE ADULT EDUC CTR       ,CA,91746-0000,Public       ,18,140,158,45,238,283
00616500,LA CNTY CLG OF NURSING & ALLD HLTH      ,CA,90033-1018,Public       ,11,44,55,68,260,328
00672000,COLLEGE OF ALAMEDA                      ,CA,94501-2109,Public       ,292,436,728,1210,1384,2594
00673100,CASA LOMA COLLEGE                       ,CA,91405-4523,Private      ,56,120,176,151,351,502
00686300,VENTURA COUNTY CMTY CLG DISTRICT        ,CA,93010-8552,Public       ,0,1,1,13,9,22
00697300,CANADA COLLEGE                          ,CA,94061-1099,Public       ,97,248,345,408,667,1075
00697500,LINCOLN UNIVERSITY                      ,CA,94612-2801,Private      ,1,16,17,6,38,44
00701200,SAMUEL MERRITT COLLEGE                  ,CA,94609-3108,Private      ,25,175,200,202,1477,1679
00704700,LOS ANGELES SOUTHWEST COLLEGE           ,CA,90047-4810,Public       ,396,1182,1578,1186,2999,4185
00705000,BAY VISTA COLLEGE OF BEAUTY             ,CA,91950-3616,Proprietary  ,24,46,70,34,56,90
00711500,MOORPARK COLLEGE                        ,CA,93021-1695,Public       ,432,399,831,1909,1349,3258
00713000,NEWBERRY SCHOOLS OF BEAUTY              ,CA,91344-7404,Proprietary  ,11,12,23,31,36,67
00714200,LYLE'S COLLEGE OF BEAUTY                ,CA,93710-3948,Proprietary  ,38,76,114,78,106,184
00714201,LYLE'S CLG OF BTY BAKERSFIELD           ,CA,93301-0000,Proprietary  ,3,8,11,33,34,67
00716400,BRYAN COLLEGE                           ,CA,90057-0000,Proprietary  ,23,161,184,62,290,352
00717801,WESTERN SEMINARY - BAY AREA CENTER      ,CA,95032-0000,Private      ,0,4,4,0,11,11
00717804,WESTERN SEMINARY - SACRAMENTO           ,CA,95821-3939,Private      ,0,5,5,5,35,40
00718700,NORTH ADRIAN'S COLLEGE OF BEAUTY        ,CA,95350-2381,Proprietary  ,31,67,98,63,93,156
00719000,WYOTECH                                 ,CA,94539-7663,Proprietary  ,262,346,608,623,882,1505
00720300,SALON SUCCESS ACADEMY                   ,CA,91786-4060,Proprietary  ,21,15,36,42,37,79
00720400,MODERN BEAUTY ACADEMY                   ,CA,93030-7016,Proprietary  ,25,18,43,29,25,54
00722900,WESTERN BEAUTY INSTITUTE                ,CA,91402-3104,Proprietary  ,91,198,289,172,546,718
00723400,HEALD COLLEGE                           ,CA,94105-2206,Proprietary  ,80,171,251,200,409,609
00723600,ART INST OF CALIFORNIA-LOS ANGELES      ,CA,90405-3035,Proprietary  ,553,468,1021,4208,2733,6941
00724500,SAN JOSE BEAUTY COLLEGE                 ,CA,95126-0000,Proprietary  ,0,0,0,0,2,2
00725300,FEDERICO BEAUTY INSTITUTE               ,CA,95834-1905,Proprietary  ,45,59,104,133,147,280
00729600,COLEMAN COLLEGE                         ,CA,92123-0000,Private      ,39,157,196,118,411,529
00745600,MARINELLO SCH BTY BUENA PRK             ,CA,90620-0000,Proprietary  ,0,0,0,0,1,1
00746501,AMERICAN ACADEMY OF DRAMATIC ARTS - HOLL,CA,90028-7504,Private      ,22,20,42,178,76,254
00747600,MARINELLO SCHOOLS OF BEAUTY             ,CA,90023-2666,Proprietary  ,262,401,663,545,1085,1630
00747602,MARINELLO SCHOOLS OF BEAUTY - SPA ACADEM,CA,90048-5101,Proprietary  ,1,2,3,10,17,27
00747603,MARINELLO SCHOOLS OF BEAUTY - INGLEWOOD ,CA,90301-2306,Proprietary  ,3,3,6,10,10,20
00747604,MARINELLO SCHOOLS OF BEAUTY - RESEDA    ,CA,91335-4218,Proprietary  ,0,2,2,3,4,7
00747605,MARINELLO SCHOOLS OF BEAUTY - NORTH HOLL,CA,91606-3210,Proprietary  ,2,3,5,11,10,21
00747606,MARINELLO SCHOOLS OF BEAUTY - WEST COVIN,CA,91790-2805,Proprietary  ,2,5,7,15,7,22
00747607,MARINELLO SCHOOLS OF BEAUTY - SAN BERNAR,CA,92410-3261,Proprietary  ,1,6,7,21,13,34
00747608,MARINELLO SCHOOLS OF BEAUTY - ONTARIO   ,CA,91762-2113,Proprietary  ,6,5,11,27,24,51
00747609,MARINELLO SCHOOLS OF BEAUTY - WHITTIER  ,CA,90601-4107,Proprietary  ,1,2,3,23,4,27
00747611,MARINELLO SCHOOLS OF BEAUTY - SAN DIEGO ,CA,92126-4217,Proprietary  ,2,5,7,25,14,39
00747700,"HEALD COLLEGE,SCHOOLS OF BUS & TECH     ",CA,95670-6005,Proprietary  ,78,190,268,251,645,896
00753100,ACADEMY OF ART UNIVERSITY               ,CA,94105-3410,Proprietary  ,706,1617,2323,4190,5932,10122
00753600,COSUMNES RIVER COLLEGE                  ,CA,95823-5799,Public       ,553,978,1531,3186,3302,6488
00754802,WESTWOOD COLLEGE OF TECHNOLOGY          ,CA,92801-0000,Proprietary  ,161,123,284,664,395,1059
00754803,WESTWOOD COLLEGE OF TECHNOLOGY          ,CA,91786-0000,Proprietary  ,159,138,297,811,543,1354
00760600,EVEREST COLLEGE                         ,CA,90010-2221,Proprietary  ,72,149,221,171,375,546
00760700,CONCORDE CAREER INSTITUTE               ,CA,91606-3134,Proprietary  ,73,121,194,200,385,585
00770700,COLUMBIA COLLEGE                        ,CA,95370-8580,Public       ,119,226,345,619,672,1291
00771300,SKYLINE COLLEGE                         ,CA,94066-1698,Public       ,317,422,739,1361,1159,2520
00793000,CONCORDE CAREER INSTITUTE               ,CA,92108-0000,Proprietary  ,66,204,270,148,543,691
00799300,CALIF STATE UNIV BAKERSFIELD            ,CA,93311-1022,Public       ,396,888,1284,4769,4377,9146
00807100,CONCORDE CAREER INSTITUTE               ,CA,92840-9201,Proprietary  ,80,194,274,210,521,731
00807300,BUTTE COMMUNITY COLLEGE                 ,CA,95965-0000,Public       ,755,1332,2087,3555,4065,7620
00809000,EVEREST COLLEGE                         ,CA,91803-1310,Proprietary  ,139,277,416,306,553,859
00809300,HEALD COLLEGE                           ,CA,93704-1706,Proprietary  ,142,255,397,725,853,1578
00853200,HEALD COLLEGE                           ,CA,94545-2352,Proprietary  ,163,308,471,428,746,1174
00853700,CONCORDE CAREER INSTITUTE               ,CA,92401-0000,Proprietary  ,90,206,296,304,718,1022
00859600,WEST LOS ANGELES COLLEGE                ,CA,90230-3500,Public       ,420,882,1302,1323,2563,3886
00859700,FEATHER RIVER COLLEGE                   ,CA,95971-9124,Public       ,84,94,178,419,237,656
00884400,CALIFORNIA CHRISTIAN COLLEGE            ,CA,93703-3599,Private      ,7,8,15,33,25,58
00884600,WRIGHT INSTITUTE                        ,CA,94704-0000,Private      ,0,34,34,1,366,367
00890300,COLLEGE OF THE CANYONS                  ,CA,91355-1899,Public       ,582,539,1121,1992,1470,3462
00891800,SADDLEBACK COLLEGE                      ,CA,92692-3699,Public       ,499,692,1191,1710,1884,3594
00902200,ASSOCIATED TECHNICAL COLLEGE            ,CA,90017-0000,Proprietary  ,18,124,142,42,278,320
00903200,EMPIRE COLLEGE                          ,CA,95403-2122,Proprietary  ,28,129,157,95,305,400
00915800,DON BOSCO TECHNICAL INSTITUTE           ,CA,91770-4299,Private      ,0,0,0,5,2,7
00927200,CRAFTON HILLS COLLEGE                   ,CA,92399-1799,Public       ,326,409,735,1383,1316,2699
00932500,ABRAM FRIEDMAN OCCUP CTR                ,CA,90015-3507,Public       ,2,13,15,11,29,40
00950900,SKILLS & BUSINESS EDUCATION CENTER      ,CA,95824-1529,Public       ,49,282,331,111,592,703
00974800,WESTERN CAREER COLLEGE                  ,CA,95826-3203,Proprietary  ,552,1276,1828,1416,3567,4983
00974801,WESTERN CAREER COLLEGE - SAN LEANDRO CAM,CA,94578-3711,Proprietary  ,7,8,15,7,9,16
00974802,WESTERN CAREER COLLEGE - PLEASANT HILL C,CA,94523-1984,Proprietary  ,56,155,211,168,379,547
00974803,WESTERN CAREER COLLEGE - STOCKTON       ,CA,95207-5509,Proprietary  ,1,8,9,4,12,16
00974804,WESTERN CAREER COLLEGE - CITRUS HEIGHTS ,CA,95621-5577,Proprietary  ,4,9,13,7,18,25
00974805,WESTERN CAREER COLLEGE - FREMONT        ,CA,94538-3115,Proprietary  ,0,2,2,68,242,310
00974806,WESTERN CAREER COLLEGE -  ANTIOCH/WALNUT,CA,94531-1604,Proprietary  ,2,6,8,23,35,58
00974807,WESTERN CAREER COLLEGE - SAN JOSE       ,CA,95119-1325,Proprietary  ,4,13,17,5,21,26
00974808,WESTERN CAREER COLLEGE - EMERYVILLE     ,CA,94608-3006,Proprietary  ,1,2,3,1,2,3
00974809,WESTERN CAREER COLLEGE -  EMERYVILLE SHE,CA,94608-3006,Proprietary  ,0,0,0,2,0,2
00974810,WESTERN CAREER COLLEGE - CONCORD        ,CA,94520-5671,Proprietary  ,2,3,5,2,5,7
00998900,SANTA BARBARA BUSINESS COLLEGE          ,CA,93111-0000,Proprietary  ,46,82,128,129,304,433
01011100,CERRO-COSO COMMUNITY COLLEGE            ,CA,93555-9571,Public       ,142,416,558,363,1054,1417
01014225,TOURO CLG OSEOPATHIC MEDICINE           ,CA,94592-1115,Private      ,1,18,19,21,542,563
01014900,PEPPERDINE UNIVERSITY                   ,CA,90263-0000,Private      ,182,724,906,5488,4835,10323
01033300,JESUIT SCHOOL OF THEOLOGY - BERKELEY    ,CA,94709-1193,Private      ,0,7,7,0,66,66
01034000,LOS MEDANOS COLLEGE                     ,CA,94565-5197,Public       ,311,552,863,1159,1573,2732
01036500,CHARLES R DREW UNIV OF MED & SCI        ,CA,90059-0000,Private      ,5,78,83,44,398,442
01036800,MENNONITE BRETHREN BIBLICAL SEM         ,CA,93727-0000,Private      ,0,24,24,2,66,68
01037500,HARBOR OCCUPATIONAL CENTER              ,CA,90731-0000,Public       ,7,7,14,25,30,55
01039500,UNIVERSITY OF SAN DIEGO                 ,CA,92110-2492,Private      ,187,315,502,9842,2717,12559
01039501,UNIVERSITY OF SAN DIEGO - SCHOOL OF LAW ,CA,92110-2492,Private      ,5,125,130,62,2708,2770
01044100,PARDEE RAND GRADUATE SCHOOL             ,CA,90407-2138,Private      ,0,9,9,0,19,19
01047400,MARYMOUNT COLLEGE OF PALOS VERDES       ,CA,90275-0000,Private      ,33,9,42,518,50,568
01057900,WEST VALLEY OCCUPATIONAL CTR            ,CA,91367-0000,Public       ,0,11,11,46,41,87
01083100,NEW COLLEGE OF CALIFORNIA               ,CA,94102-0000,Private      ,11,144,155,102,976,1078
01083200,WESTERN STATE UNIV COLLEGE OF LAW       ,CA,92831-3014,Proprietary  ,0,56,56,8,899,907
01085400,THOMAS JEFFERSON SCHOOL OF LAW          ,CA,92110-0000,Private      ,1,144,145,6,1487,1493
01102400,EVEREST COLLEGE                         ,CA,94103-2091,Proprietary  ,207,650,857,410,1391,1801
01110700,EVEREST  COLLEGE                        ,CA,92801-5231,Proprietary  ,78,179,257,209,443,652
01110900,EVEREST COLLEGE                         ,CA,91335-4631,Proprietary  ,115,152,267,237,369,606
01111200,FIDM-FASHION INSTITUTE OF DESIGN        ,CA,90015-1421,Proprietary  ,710,329,1039,4882,1442,6324
01111700,ALLIANT INTERNATIONAL UNIVERSITY        ,CA,92131-1799,Private      ,13,264,277,49,1567,1616
01111705,ALLIANT INTERNATIONAL UNIVERSITY - LOS A,CA,91803-1360,Private      ,1,56,57,6,475,481
01111706,ALLIANT INTERNATIONAL UNIVERSITY - SAN F,CA,94133-1221,Private      ,1,89,90,2,493,495
01111707,ALLIANT INTERNATIONAL UNIVERSITY - FRESN,CA,93727-2014,Private      ,2,44,46,17,288,305
01112100,EVEREST COLLEGE                         ,CA,94541-4007,Proprietary  ,70,212,282,98,308,406
01112300,EVEREST COLLEGE                         ,CA,90247-4163,Proprietary  ,121,411,532,257,984,1241
01146000,NATIONAL UNIVERSITY                     ,CA,92037-1011,Private      ,80,3490,3570,262,9657,9919
01162600,PRACTICAL SCHOOLS                       ,CA,92805-0000,Proprietary  ,82,113,195,339,464,803
01164900,LOYOLA MARYMOUNT UNIVERSITY             ,CA,90045-0000,Private      ,177,345,522,8281,2469,10750
01164901,LOYOLA MARYMOUNT UNIVERSITY - LOYOLA LAW,CA,90015-0019,Private      ,0,116,116,19,2954,2973
01167200,MENDOCINO COMMUNITY COLLEGE             ,CA,95482-3000,Public       ,153,336,489,677,884,1561
01169600,NATIONAL POLYTECHNIC COLLEGE OF SCIENCE ,CA,90744-6399,Private      ,33,82,115,83,278,361
01170700,NORTH-WEST COLLEGE                      ,CA,91790-2097,Proprietary  ,49,100,149,109,243,352
01179200,FRANCISCAN SCHOOL OF THEOLOGY           ,CA,94709-0000,Private      ,0,5,5,0,26,26
01182000,SAN DIEGO MIRAMAR COLLEGE               ,CA,92126-0000,Public       ,503,883,1386,1777,2286,4063
01186500,CALIFORNIA HAIR DESIGN ACADEMY          ,CA,92115-0000,Proprietary  ,22,43,65,39,59,98
01202600,JE BOUTIQUE COLLEGE OF BEAUTY           ,CA,92021-6247,Proprietary  ,14,39,53,31,65,96
01202700,GALEN COLLEGE OF CALIFORNIA             ,CA,93728-2381,Proprietary  ,25,51,76,61,98,159
01203100,SAN DIEGO CHRISTIAN COLLEGE             ,CA,92019-1157,Private      ,51,37,88,473,166,639
01206100,EVEREST COLLEGE                         ,CA,95128-3908,Proprietary  ,68,127,195,121,253,374
01215400,CALIFORNIA INSTITUTE OF INTEGRAL STUDIES,CA,94103-2557,Private      ,2,191,193,13,1033,1046
01231600,MANCHESTER BEAUTY COLLEGE               ,CA,93726-5306,Proprietary  ,20,66,86,67,117,184
01231700,TULARE BEAUTY COLLEGE                   ,CA,93274-3432,Proprietary  ,7,7,14,12,18,30
01244600,UNIVERSAL COLLEGE OF BEAUTY             ,CA,90044-0044,Proprietary  ,16,42,58,33,64,97
01245200,EVERGREEN VALLEY COLLEGE                ,CA,95135-1598,Public       ,424,542,966,2337,2068,4405
01255000,LOS ANGELES MISSION COLLEGE             ,CA,91342-3200,Public       ,403,605,1008,1539,1955,3494
01265000,MARINELLO SCHOOL OF BEAUTY              ,CA,91502-2828,Proprietary  ,33,57,90,78,153,231
01265100,MARINELLO SCHOOL OF BEAUTY              ,CA,91748-1674,Proprietary  ,16,64,80,28,110,138
01284200,OXNARD COLLEGE                          ,CA,93030-0000,Public       ,541,762,1303,1580,1850,3430
01287200,NORTH-WEST COLLEGE                      ,CA,91768-3199,Proprietary  ,23,90,113,75,237,312
01287300,WYOTECH                                 ,CA,90810-3800,Proprietary  ,424,855,1279,765,1749,2514
01290700,LAKE TAHOE COMMUNITY COLLEGE            ,CA,96150-4524,Public       ,107,182,289,294,348,642
01291100,MARINELLO SCHOOL OF BEAUTY              ,CA,92646-2552,Proprietary  ,18,32,50,34,47,81
01291200,MTI COLLEGE                             ,CA,95841-0000,Proprietary  ,87,171,258,331,746,1077
01294200,ROSEMEAD BEAUTY SCHOOL                  ,CA,91770-1639,Proprietary  ,15,56,71,25,82,107
01298400,PROFESSIONAL INSTITUTE OF BEAUTY        ,CA,91731-2613,Proprietary  ,16,41,57,19,69,88
01298500,HAIR CALIFORNIA BEAUTY ACADEMY          ,CA,92867-7127,Proprietary  ,2,1,3,11,4,15
01298900,OCEANSIDE COLLEGE OF BEAUTY             ,CA,92054-5393,Proprietary  ,4,7,11,23,29,52
01301000,LANCASTER BEAUTY SCHOOL                 ,CA,93534-3098,Proprietary  ,24,47,71,51,107,158
01307400,AMERICAN BEAUTY COLLEGE                 ,CA,90706-5417,Proprietary  ,5,13,18,17,49,66
01309500,SALON SUCCESS ACADEMY                   ,CA,92879-6561,Proprietary  ,23,25,48,50,40,90
01310300,CALIFORNIA WESTERN SCHOOL OF LAW        ,CA,92101-0000,Private      ,1,125,126,5,1713,1718
01323300,SIMI VALLEY ADULT SCHOOL/CAREER INS     ,CA,93065-3940,Public       ,2,7,9,12,35,47
01324000,LYTLE'S REDWOOD EMPIRE BEAUTY CLG       ,CA,95403-0000,Proprietary  ,11,35,46,45,79,124
02054900,MARINELLO SCHOOL OF BEAUTY              ,CA,92630-0000,Proprietary  ,7,12,19,17,22,39
02057700,ALMADEN BEAUTY COLLEGE                  ,CA,95123-0000,Proprietary  ,0,0,0,0,1,1
02059800,PARIS BEAUTY COLLEGE                    ,CA,94520-2611,Proprietary  ,14,43,57,26,56,82
02063500,COASTLINE COMMUNITY COLLEGE             ,CA,92708-0000,Public       ,83,617,700,518,1833,2351
02064300,SIERRA COLLEGE OF BEAUTY                ,CA,95340-0000,Proprietary  ,28,32,60,45,48,93
02065500,BROOKS COLLEGE                          ,CA,90804-3289,Proprietary  ,47,25,72,489,246,735
02065501,BROOKS COLLEGE - SUNNYVALE              ,CA,94086-5303,Proprietary  ,4,11,15,143,137,280
02065700,CALIFORNIA BEAUTY COLLEGE               ,CA,95354-0000,Proprietary  ,11,11,22,45,42,87
02070500,CONCORDIA UNIVERSITY                    ,CA,92612-0000,Private      ,68,218,286,1322,782,2104
02075800,SOUTHERN CA INST OF ARCHITECTURE        ,CA,90013-0000,Private      ,12,54,66,103,491,594
02086400,MARINELLO SCHOOL OF BEAUTY              ,CA,95050-0000,Proprietary  ,4,7,11,5,13,18
02091200,ELEGANCE INTERNATIONAL                  ,CA,90028-0000,Proprietary  ,12,13,25,35,33,68
02091700,KAPLAN COLLEGE                          ,CA,92123-1509,Proprietary  ,125,292,417,421,888,1309
02096100,FIELDING INSTITUTE                      ,CA,93105-0000,Private      ,0,227,227,0,931,931
02099200,AMERICAN CONSERVATORY THEATER           ,CA,94108-0000,Private      ,2,5,7,12,147,159
02110200,COLUMBIA COLLEGE                        ,CA,91356-0000,Private      ,45,28,73,236,137,373
02110800,CALIFORNIA COLLEGE SAN DIEGO            ,CA,92108-3821,Proprietary  ,49,159,208,208,509,717
02111300,CUYAMACA COLLEGE                        ,CA,92019-0000,Public       ,432,675,1107,1485,1748,3233
02113601,AMERICAN INTERCONTINENTAL UNIV - LOS ANG,CA,90066-7008,Proprietary  ,102,173,275,588,746,1334
02119100,MISSION COLLEGE                         ,CA,95054-1897,Public       ,252,513,765,1235,1992,3227
02120600,SAYBROOK GRADUATE SCHOOL                ,CA,94111-1920,Private      ,0,94,94,0,395,395
02120700,SAN JOAQUIN VALLEY COLLEGE              ,CA,93291-0000,Proprietary  ,395,1047,1442,1736,3426,5162
02120900,ITT TECHNICAL INSTITUTE                 ,CA,95670-6034,Proprietary  ,152,280,432,439,705,1144
02125000,CAREER ACADEMY OF BEAUTY                ,CA,92845-0000,Proprietary  ,17,38,55,35,79,114
02128200,"VICTOR VALLEY BEAUTY COLLEGE, INC       ",CA,92392-0000,Proprietary  ,39,31,70,106,108,214
02128300,INSTITUTE FOR BUSINESS & TECHNOLOGY     ,CA,95050-0000,Proprietary  ,82,288,370,154,603,757
02128301,INSTITUTE FOR BUSINESS & TECHNOLOGY     ,CA,95610-0000,Proprietary  ,40,252,292,86,513,599
02138300,PALO ALTO UNIVERSITY                    ,CA,94304-1337,Private      ,2,37,39,5,428,433
02147400,CLEVELAND CHIROPRACTIC COLLEGE          ,CA,90004-0000,Private      ,10,69,79,35,340,375
02161800,MUSICIANS INSTITUTE                     ,CA,90028-6157,Proprietary  ,192,172,364,813,636,1449
02167800,ESTES INSTITUTE OF COSMETOLOGY          ,CA,93291-0000,Proprietary  ,29,24,53,78,48,126
02174600,MARINELLO SCHOOL OF BEAUTY              ,CA,90201-0000,Proprietary  ,16,35,51,44,141,185
02180600,BRIDGES  ACADEMY OF BEAUTY              ,CA,92311-2327,Proprietary  ,0,2,2,6,6,12
02184900,PALMER COLLEGE OF CHIROPRACTIC WEST     ,CA,95134-0000,Private      ,0,28,28,9,296,305
02185800,MOLER BARBER COLLEGE                    ,CA,94611-0000,Proprietary  ,3,13,16,13,31,44
02187500,"HEALD COLLEGE, SCH OF BUS & TECH        ",CA,94520-0000,Proprietary  ,104,201,305,347,663,1010
02188400,SIERRA VALLEY COLLEGE OF COURT REPORTING,CA,93726-0000,Proprietary  ,10,49,59,58,157,215
02208600,MADERA BEAUTY COLLEGE                   ,CA,93637-3519,Proprietary  ,3,7,10,12,18,30
02211000,HAIRMASTERS UNIVERSITY OF BEAUTY        ,CA,92405-0000,Proprietary  ,7,21,28,27,28,55
02220000,COLLEEN O'HARA BEAUTY ACADEMY           ,CA,92701-0000,Proprietary  ,31,116,147,44,156,200
02220200,CALIFORNIA CULINARY ACADEMY             ,CA,94102-3336,Proprietary  ,121,213,334,821,845,1666
02221300,MARINELLO SCHOOL OF BEAUTY              ,CA,92553-0000,Proprietary  ,26,56,82,70,154,224
02222000,AMERICAN FILM INSTITUTE                 ,CA,90027-0000,Private      ,6,50,56,73,429,502
02226000,EAST LOS ANGELES COLLEGE                ,CA,91754-0000,Public       ,1173,1366,2539,5526,4617,10143
02228500,LIFE CHIROPRACTIC COLLEGE-WEST          ,CA,94545-0000,Private      ,2,50,52,10,435,445
02230900,FREDRICK & CHARLES BEAUTY COLLEGE       ,CA,95501-0000,Proprietary  ,3,14,17,34,44,78
02231900,GEMOLOGICAL INSTITUTE OF AMERICA        ,CA,92008-4698,Private      ,12,63,75,63,191,254
02234300,FASHION CAREERS OF CALIFORNIA           ,CA,92110-0000,Proprietary  ,18,23,41,88,97,185
02236400,"THANH LE COLG, SCH OF COSMETOLOGY       ",CA,92840-0000,Proprietary  ,2,19,21,3,20,23
02237200,PHILLIPS GRADUATE INSTITUTE             ,CA,91316-0000,Private      ,0,75,75,2,349,351
02241600,SAN DIEGO CONTINUING EDUCATION          ,CA,92113-0000,Public       ,12,99,111,37,265,302
02241800,AMERICAN CAREER COLLEGE                 ,CA,90004-0000,Proprietary  ,443,828,1271,1020,2196,3216
02242700,BERKELEY CITY COLLEGE                   ,CA,94704-0000,Public       ,202,609,811,759,1599,2358
02255400,INTERNATIONAL SCHOOL OF COSMETOLOGY     ,CA,90250-0000,Proprietary  ,7,17,24,10,53,63
02255600,MARINELLO SCHOOL OF BEAUTY              ,CA,90723-0000,Proprietary  ,18,38,56,53,161,214
02258600,ALAMEDA BEAUTY COLLEGE                  ,CA,94501-0000,Proprietary  ,19,34,53,35,50,85
02262400,YESHIVA OHR ELCHONON CHABAD             ,CA,90046-0000,Private      ,0,0,0,26,2,28
02267600,INSTITUTE OF TRANSPERSONAL PSYCHLGY     ,CA,94303-4624,Private      ,0,97,97,4,370,374
02270600,LIFE PACIFIC COLLEGE                    ,CA,91773-0000,Private      ,56,46,102,291,164,455
02276800,WESTMINSTER SEMINARY CALIFORNIA         ,CA,92027-0000,Private      ,0,13,13,5,115,120
02277400,SOUTH COAST COLLEGE                     ,CA,92868-2616,Proprietary  ,18,79,97,69,286,355
02282300,ALHAMBRA BEAUTY COLLEGE                 ,CA,91802-0000,Proprietary  ,8,32,40,28,87,115
02285100,HILLTOP BEAUTY SCHOOL                   ,CA,94014-0000,Proprietary  ,11,38,49,21,126,147
02291500,ITT TECHNICAL INSTITUTE                 ,CA,91773-0000,Proprietary  ,223,265,488,654,837,1491
02291600,ITT TECHNICAL INSTITUTE                 ,CA,92123-0000,Proprietary  ,136,271,407,498,1006,1504
02298000,DESIGN INSTITUTE OF SAN DIEGO           ,CA,92121-0000,Proprietary  ,34,66,100,147,247,394
02304300,"PLATT COLLEGE, SAN DIEGO                ",CA,92115-0000,Proprietary  ,34,57,91,133,173,306
02306300,KAPLAN COLLEGE                          ,CA,95368-0000,Proprietary  ,108,244,352,300,629,929
02306302,KAPLAN COLLEGE - FRESNO                 ,CA,93612-3802,Proprietary  ,58,113,171,213,354,567
02309500,CLOVIS ADULT EDUC                       ,CA,93611-0000,Public       ,4,70,74,33,180,213
02312400,LA COLLEGE INTERNATIONAL                ,CA,90010-0000,Proprietary  ,11,38,49,48,122,170
02321800,ITT TECHNICAL INSTITUTE                 ,CA,91342-3664,Proprietary  ,167,224,391,586,709,1295
02321900,ITT TECHNICAL INSTITUTE                 ,CA,92801-0000,Proprietary  ,129,194,323,373,485,858
02327600,ART INST OF CALIFORNIA-SAN DIEGO        ,CA,92108-4401,Proprietary  ,337,282,619,2254,1608,3862
02330500,LAGUNA COLLEGE OF ART AND DESIGN        ,CA,92651-0000,Private      ,48,31,79,263,122,385
02332800,CENTER FOR EMPLOYMENT TRAINING          ,CA,95110-0000,Private      ,117,679,796,186,1187,1373
02338500,GLENDALE CAREER COLLEGE                 ,CA,91201-0000,Proprietary  ,35,120,155,111,343,454
02338700,MARINELLO SCHOOL OF BEAUTY              ,CA,94103-0000,Proprietary  ,23,38,61,41,87,128
02342400,ACADEMY OF RADIO BROADCASTING           ,CA,92647-3809,Proprietary  ,9,34,43,22,62,84
02343400,"BELLUS ACADEMY, THE ACADEMY OF BEAUTY AN",CA,92064-4633,Proprietary  ,25,48,73,42,80,122
02345800,MONTEBELLO BEAUTY COLLEGE               ,CA,90640-0000,Proprietary  ,21,65,86,31,73,104
02351900,KAPLAN COLLEGE                          ,CA,95660-5512,Proprietary  ,46,181,227,126,367,493
02351901,KAPLAN COLLEGE - BAKERSFIELD            ,CA,93304-0000,Proprietary  ,48,178,226,165,441,606
02358000,THOMAS AQUINAS COLLEGE                  ,CA,93060-9622,Private      ,6,3,9,318,24,342
02359300,SHASTA BIBLE COLLEGE                    ,CA,96002-0000,Private      ,6,21,27,44,46,90
02482700,WESTERN UNIVERSITY OF HEALTH S          ,CA,91766-1854,Private      ,3,87,90,48,2967,3015
02494800,LOLA BEAUTY COLLEGE                     ,CA,92641-0000,Proprietary  ,1,34,35,3,35,38
02497300,TRINITY COLLEGE                         ,CA,93277-0000,Proprietary  ,55,186,241,121,402,523
02500000,SAN JOAQUIN COLLEGE OF LAW              ,CA,93612-0000,Private      ,0,35,35,7,275,282
02518400,THE NATIONAL HISPANIC UNIVERSITY        ,CA,95127-0000,Private      ,40,120,160,197,279,476
02519800,AVANCE BEAUTY COLLEGE                   ,CA,92154-0000,Proprietary  ,18,26,44,38,38,76
02520200,CALIFORNIA CAREER SCHOOLS               ,CA,92805-0000,Proprietary  ,1,17,18,4,31,35
02520300,INTERIOR DESIGNERS INSTITUTE            ,CA,92660-0000,Proprietary  ,9,56,65,35,89,124
02537200,PALOMAR INSTITUTE OF COSMETOLOGY        ,CA,92069-0000,Proprietary  ,42,52,94,88,123,211
02539100,KAPLAN COLLEGE                          ,CA,91606-3231,Proprietary  ,151,216,367,342,719,1061
02539102,KAPLAN COLLEGE -  RIVERSIDE             ,CA,92507-4223,Proprietary  ,72,188,260,107,306,413
02539500,IRVINE VALLEY COLLEGE                   ,CA,92620-0000,Public       ,368,482,850,1437,1320,2757
02542300,NATIONAL HOLISTIC INSTITUTE             ,CA,94608-0000,Proprietary  ,45,102,147,120,304,424
02543400,BROWNSON TECHNICAL SCHOOL               ,CA,92805-0000,Proprietary  ,3,47,50,8,74,82
02545900,HYPNOSIS MOTIVATION INSTITUTE           ,CA,91356-0000,Private      ,2,54,56,3,77,80
02546400,MTI BUSINESS COLLEGE INC                ,CA,95207-0000,Proprietary  ,6,62,68,26,139,165
02549000,KAPLAN COLLEGE                          ,CA,92083-7736,Proprietary  ,122,226,348,341,632,973
02549005,KAPLAN COLLEGE -  PALM SPRINGS          ,CA,92262-7011,Proprietary  ,73,109,182,174,282,456
02553500,ASSOCIATED TECHNICAL COLLEGE            ,CA,92101-0000,Proprietary  ,4,31,35,13,50,63
02553600,DIVERSIFIED LANGUAGE INSTITUTE          ,CA,90017-0000,Proprietary  ,0,201,201,0,378,378
02559300,UNITED EDUCATION INSTITUTE              ,CA,90020-0000,Proprietary  ,360,743,1103,730,1696,2426
02559400,INTERCOAST COLLEGES                     ,CA,92868-1656,Proprietary  ,30,228,258,46,338,384
02565400,KAPLAN COLLEGE                          ,CA,95207-6216,Proprietary  ,54,169,223,186,395,581
02570300,LOS ANGELES ORT TECHNICAL INSTITUTE     ,CA,90048-0000,Private      ,30,177,207,79,414,493
02577900,SANTA BARBARA BUSINESS COLLEGE          ,CA,93309-1664,Proprietary  ,89,143,232,198,413,611
02578000,SANTA BARBARA BUSINESS COLLEGE          ,CA,93454-6943,Proprietary  ,22,75,97,70,232,302
02584200,NEWBRIDGE COLLEGE                       ,CA,92701-0000,Proprietary  ,65,217,282,117,470,587
02591600,NORTH-WEST COLLEGE                      ,CA,91101-1744,Proprietary  ,14,30,44,21,65,86
02593100,HEALD COLLEGE                           ,CA,95678-5303,Proprietary  ,52,164,216,233,576,809
02593200,HEALD COLLEGE                           ,CA,95035-8008,Proprietary  ,121,191,312,349,670,1019
02593300,HEALD COLLEGE                           ,CA,95210-5667,Proprietary  ,162,224,386,486,674,1160
02595600,ASIAN AMERICAN INTERNATIONAL BTY CG     ,CA,92683-4043,Proprietary  ,2,18,20,9,72,81
02597300,SOUTH BAYLO UNIVERSITY                  ,CA,92801-1701,Private      ,1,39,40,3,91,94
02602300,CENTRAL COAST COLLEGE                   ,CA,93901-3301,Proprietary  ,35,52,87,77,111,188
02608900,PINNACLE COLLEGE                        ,CA,91803-8842,Proprietary  ,17,17,34,53,58,111
02609000,EMPERORS COLG OF TRAD ORIENTAL MED      ,CA,90403-5609,Proprietary  ,0,53,53,3,125,128
02612800,LOS ANGELES RECORDING SCHOOL            ,CA,90028-3112,Proprietary  ,166,175,341,513,582,1095
02619300,SAMRA UNIV OF ORIENTAL MEDICINE         ,CA,90015-1019,Private      ,0,23,23,2,68,70
02620300,PLATT COLLEGE                           ,CA,92647-3017,Proprietary  ,5,8,13,44,66,110
03010611,VIRGINIA COLLEGE - GOLF ACADEMY OF AMERI,CA,92008-6512,Proprietary  ,35,28,63,89,86,175
03011300,"CALIF STATE UNIV, SAN MARCOS            ",CA,92096-0001,Public       ,353,618,971,5860,3683,9543
03019900,ADELANTE CAREER INSTITUTE               ,CA,91402-4924,Proprietary  ,6,31,37,8,52,60
03025600,DELL'ARTE SCH OF PHYSICAL THEATRE       ,CA,95525-0816,Private      ,2,9,11,4,37,41
03027700,PACIFIC COLLEGE OF ORIENTAL MED         ,CA,92108-4408,Proprietary  ,3,204,207,13,413,426
03029600,POMONA ADULT SCHOOL                     ,CA,91766-0000,Public       ,29,72,101,47,108,155
03031409,INTERNATIONAL ACADEMY OF DESIGN AND TECH,CA,95834-9664,Proprietary  ,2,7,9,39,34,73
03034000,HEALD COLLEGE                           ,CA,93906-5100,Proprietary  ,60,155,215,302,439,741
03035700,LAS POSITAS COLLEGE                     ,CA,94551-6750,Public       ,215,239,454,927,810,1737
03039900,FREMONT COLLEGE                         ,CA,90703-5342,Proprietary  ,17,31,48,79,90,169
03043900,NEWSCHOOL OF ARCHITECTURE & DESIGN      ,CA,92101-6634,Proprietary  ,34,59,93,206,308,514
03044500,KAPLAN COLLEGE                          ,CA,91402-4222,Proprietary  ,24,55,79,64,171,235
03054100,ROYALE COLLEGE OF BEAUTY                ,CA,92590-2525,Proprietary  ,26,45,71,35,53,88
03062300,WESTECH COLLEGE                         ,CA,91764-4988,Proprietary  ,28,119,147,50,229,279
03062400,MT DIABLO ADULT EDUC LOMA VISTA CTR     ,CA,94518-1122,Public       ,8,28,36,21,58,79
03062700,PLATT COLLEGE                           ,CA,90041-0000,Proprietary  ,15,29,44,137,181,318
03062701,PLATT COLLEGE                           ,CA,91764-0000,Proprietary  ,32,55,87,174,219,393
03063400,MODERN TECHNOLOGY SCHOOL                ,CA,92708-9821,Proprietary  ,24,68,92,53,201,254
03067400,BALDWIN PARK ADULT SCHOOL               ,CA,91706-4897,Public       ,9,33,42,21,64,85
03067500,INSTITUTE OF TECHNOLOGY                 ,CA,93612-3217,Proprietary  ,192,530,722,437,1187,1624
03069500,SAGE COLLEGE                            ,CA,92557-6720,Proprietary  ,32,127,159,68,309,377
03070400,ITT TECHNICAL INSTITUTE                 ,CA,92408-3519,Proprietary  ,217,308,525,698,890,1588
03072300,EVEREST COLLEGE                         ,CA,91761-3222,Proprietary  ,165,480,645,342,895,1237
03072700,WESTWOOD COLLEGE - LOS ANGELES          ,CA,90010-1577,Proprietary  ,153,134,287,719,557,1276
03074900,MARTINEZ ADULT CENTER                   ,CA,94553-3298,Public       ,1,21,22,4,35,39
03078200,AMERICAN CLG TRADITIONAL CHINESE MD     ,CA,94107-2813,Private      ,0,50,50,3,196,199
03084700,VENTURA ADULT\CONTINUING EDUCATION      ,CA,93003-7313,Public       ,13,41,54,26,92,118
03087400,ITT TECHNICAL INSTITUTE                 ,CA,90502-1356,Proprietary  ,257,447,704,610,1155,1765
03094400,ELITE PROGRESSIVE SCHOOL OF COSM        ,CA,95841-2909,Proprietary  ,55,57,112,221,206,427
03097700,CENTRAL CALIF SCH CONTINUING EDUC       ,CA,93401-6739,Proprietary  ,8,36,44,26,114,140
03098200,YO SAN UNIV TRADITIONAL CHINESE MED     ,CA,90066-1103,Private      ,0,47,47,4,110,114
03105700,MONTEREY PARK COLLEGE                   ,CA,91754-2416,Proprietary  ,5,0,5,14,9,23
03108100,SUMMIT CAREER COLLEGE                   ,CA,92324-3956,Proprietary  ,119,455,574,298,1166,1464
03109500,DONGGUK ROYAL UNIVERSITY                ,CA,90020-1765,Private      ,0,11,11,0,79,79
03113100,MARIC COLLEGE                           ,CA,92630-0000,Proprietary  ,0,0,0,0,1,1
03113102,MARIC COLLEGE - CARSON                  ,CA,90746-3228,Proprietary  ,0,0,0,8,7,15
03113103,MARIC COLLEGE - RIVERSIDE               ,CA,92507-4223,Proprietary  ,0,0,0,59,110,169
03113105,MARIC COLLEGE - POMONA                  ,CA,91768-2643,Proprietary  ,0,0,0,15,7,22
03113300,MCED CAREER COLLEGE                     ,CA,93727-1620,Proprietary  ,15,243,258,56,463,519
03113600,SOUTHERN CALIFORNIA INST OF TECHNOL     ,CA,92805-3758,Proprietary  ,23,175,198,54,488,542
03115400,LYLE'S FRESNO COLLEGE OF BEAUTY         ,CA,93710-0000,Proprietary  ,1,2,3,26,12,38
03116600,EAST SAN GABRIEL VLY REG OCCUP PROG     ,CA,91790-2105,Public       ,1,3,4,4,9,13
03123000,SONOMA COLLEGE                          ,CA,94954-7464,Proprietary  ,0,0,0,24,33,57
03125300,JOHN WESLEY INTER. BARBER & BTY CLG     ,CA,90813-4321,Proprietary  ,12,18,30,29,62,91
03125400,ART INSTITUTE OF CALIFORNIA-HOLLYWOOD (T,CA,90010-1014,Proprietary  ,110,93,203,621,461,1082
03125800,PREMIERE CAREER COLLEGE                 ,CA,91706-3746,Proprietary  ,42,148,190,58,196,254
03126800,PACIFICA GRADUATE INSTITUTE             ,CA,93013-0000,Proprietary  ,0,184,184,1,751,752
03128700,MT SIERRA COLLEGE                       ,CA,91016-3414,Proprietary  ,67,109,176,265,349,614
03131300,FIVE BRANCHES UNIVERSITY                ,CA,95062-4669,Private      ,2,73,75,13,268,281
03138400,AMERICAN COLLEGE OF MEDICAL TECH        ,CA,90248-1611,Proprietary  ,0,0,0,9,12,21
03144400,AMERICAN CLG OF HEALTH PROFESSIONS      ,CA,92374-0000,Proprietary  ,2,9,11,9,15,24
03150500,VIRGINIA SEWING MACHINES & SCH CTR      ,CA,90015-3535,Proprietary  ,0,25,25,1,68,69
03162300,FOUR-D SUCCESS ACADEMY                  ,CA,92324-4218,Proprietary  ,25,175,200,68,445,513
03163300,PACIFIC STATES UNIVERSITY               ,CA,90006-4298,Private      ,0,5,5,8,19,27
03195400,EVEREST COLLEGE                         ,CA,90501-2867,Proprietary  ,26,59,85,39,91,130
03210300,CALIFORNIA SCHOOL OF CULINARY ARTS      ,CA,91101-5221,Proprietary  ,255,333,588,1071,929,2000
03225300,AMERICAN UNIVERSITY OF HEALTH SCIENCES  ,CA,90755-3612,Proprietary  ,12,23,35,40,44,84
03242300,CAREER NETWORK INSTITUTE                ,CA,92868-4710,Proprietary  ,44,146,190,86,282,368
03250300,COMMUNITY BASED EDUCATION AND DEVEL     ,CA,90036-1137,Private      ,8,170,178,10,212,222
03260300,CALIFORNIA STATE U-MONTEREY BAY         ,CA,93955-8001,Public       ,259,411,670,3796,1632,5428
03266300,BETHESDA CHRISTIAN UNIVERSITY           ,CA,92801-4132,Private      ,1,21,22,4,25,29
03278300,CLARITA CAREER COLLEGE                  ,CA,91351-5432,Proprietary  ,87,217,304,130,349,479
03288300,ACAD CHINESE CULTURE & HEALTH SCIS      ,CA,94512-0000,Private      ,1,49,50,5,93,98
03299300,PACIFIC COLLEGE                         ,CA,92626-3160,Proprietary  ,20,88,108,48,186,234
03308300,KENSINGTON COLLEGE                      ,CA,92705-8708,Proprietary  ,0,6,6,0,15,15
03321300,SCRIPPS RESEARCH INSTITUTE (THE)        ,CA,92037-0000,Private      ,1,1,2,4,24,28
03327400,ACUPUNCTURE AND INTEGRATIVE MEDICINE COL,CA,94704-2724,Private      ,0,47,47,3,128,131
03332300,SOUTHERN CA BIBLE CLG & SEMINARY        ,CA,92019-1109,Private      ,4,33,37,7,127,134
03359300,ST. FRANCIS CAREER COLLEGE              ,CA,90262-2659,Private      ,8,56,64,50,225,275
03367300,PROFESSIONAL GOLFERS CAREER COLLEGE     ,CA,92591-6013,Proprietary  ,19,49,68,93,142,235
03392300,CHASE COLLEGE                           ,CA,90010-2501,Proprietary  ,0,0,0,5,4,9
03394300,REMINGTON COLLEGE - SAN DIEGO CAMPUS    ,CA,92108-3002,Proprietary  ,122,280,402,269,656,925
03395300,INTERNATIONAL CAREER DEVELOPMENT        ,CA,90027-5794,Proprietary  ,126,392,518,306,966,1272
03399300,NORTHWESTERN TECHNICAL COLLEGE          ,CA,95670-4443,Proprietary  ,27,89,116,54,263,317
03403300,TRINITY LIFE BIBLE COLLEGE              ,CA,95842-3546,Private      ,18,50,68,55,167,222
03413400,ENGLISH CENTER  (THE)                   ,CA,94607-3734,Private      ,7,40,47,30,108,138
03427400,CAREER COLLEGES OF AMERICA              ,CA,90280-7420,Proprietary  ,76,381,457,214,1198,1412
03427500,ANTELOPE VALLEY MEDICAL COLLEGE         ,CA,93534-3324,Proprietary  ,78,186,264,120,304,424
03440400,MARIAN HEALTH CAREERS CENTER            ,CA,90010-1728,Proprietary  ,21,44,65,31,68,99
03441400,VALLEY CAREER COLLEGE                   ,CA,92020-3057,Proprietary  ,42,113,155,99,276,375
03455900,VALLECITOS CENTER FOR EMPLOYMENT TR     ,CA,94541-5027,Private      ,3,10,13,3,16,19
03458300,MY LE'S BEAUTY COLLEGE                  ,CA,95824-3039,Proprietary  ,5,30,35,42,107,149
03467300,MARINELLO SCHOOL OF BEAUTY              ,CA,92545-3661,Proprietary  ,22,27,49,41,65,106
03467301,CALIFORNIA BEAUTY COLLEGE - DESERT HOT S,CA,92240-1307,Proprietary  ,0,1,1,2,3,5
03474700,OPPORTUNITIES INDUSTRIALIZATION CEN     ,CA,94025-1413,Private      ,0,2,2,0,4,4
03479300,PROFESSIONAL CAREER INSTITUTE           ,CA,90703-2522,Proprietary  ,23,52,75,53,135,188
03479400,DONALD VOCATIONAL SCHOOL                ,CA,90010-1718,Proprietary  ,10,92,102,12,108,120
03485400,JAMES ALBERT SCHOOL OF COSMETOLOGY      ,CA,92627-3831,Proprietary  ,11,21,32,26,34,60
03485401,JAMES ALBERT SCHOOL OF COSMETOLOGY - ANA,CA,92804-5384,Proprietary  ,0,2,2,5,3,8
03516300,THE KING'S COLLEGE AND SEMINARY         ,CA,91405-2233,Private      ,19,93,112,37,209,246
03532400,ADVANCED TRAINING ASSOCIATES            ,CA,92020-1236,Proprietary  ,2,9,11,3,10,13
03542400,COPPER MOUNTAIN COLLEGE                 ,CA,92252-6102,Public       ,106,353,459,354,984,1338
03550300,OCCUPATIONAL TRAINING SERVICES          ,CA,92123-1539,Private      ,1,5,6,10,20,30
03577300,COBA ACADEMY                            ,CA,92866-1407,Proprietary  ,22,25,47,39,35,74
03590400,NTMA TRAINING CENTERS OF SOUTHERN C     ,CA,90650-6099,Private      ,23,161,184,47,328,375
03592400,IRELL & MANELLA GRADUATE SCHOOL OF BIOLO,CA,91010-0000,Private      ,0,2,2,2,7,9
03598300,AVALON BEAUTY COLLEGE                   ,CA,93103-3137,Proprietary  ,3,1,4,9,2,11
03602400,INSTITUTE OF NETWORK TECHNOLOGY         ,CA,90755-2274,Proprietary  ,0,0,0,0,2,2
03614300,UNITED BEAUTY COLLEGE                   ,CA,91733-0000,Proprietary  ,4,30,34,8,56,64
03615300,COMMUNITY BUSINESS COLLEGE              ,CA,95356-1569,Proprietary  ,0,0,0,10,17,27
03621300,LIBERTY TRAINING INSTITUTE              ,CA,90057-3202,Proprietary  ,2,39,41,3,45,48
03636300,HEARTWOOD INSTITUTE                     ,CA,95542-9446,Proprietary  ,0,0,0,0,2,2
03639300,WEST COAST ULTRASOUND INSTITUTE         ,CA,90211-3312,Proprietary  ,39,181,220,77,331,408
03646300,DESIGN'S SCHOOL OF COSMETOLOGY          ,CA,93446-1471,Proprietary  ,14,28,42,25,53,78
03681300,CALIFORNIA HEALING ARTS COLLEGE         ,CA,90025-2589,Proprietary  ,5,38,43,17,71,88
03695300,COMMUNITY ENHANCEMENT SERVICES          ,CA,91205-2395,Private      ,1,50,51,5,61,66
03695700,SANTIAGO CANYON COLLEGE                 ,CA,92869-4512,Public       ,292,292,584,1089,715,1804
03696300,UNIVERSITY OF THE WEST                  ,CA,91770-3709,Private      ,1,14,15,1,27,28
03698300,WEST COAST UNIVERSITY                   ,CA,90004-0000,Proprietary  ,14,239,253,41,566,607
03698400,CA COLLEGE OF VOCATIONAL CAREER         ,CA,93301-1800,Proprietary  ,5,33,38,29,82,111
03722300,AMERICAN MEDICAL SCIENCES CENTER        ,CA,91601-3718,Proprietary  ,0,0,0,1,4,5
03736300,ADVANCE BEAUTY COLLEGE                  ,CA,92843-4752,Proprietary  ,5,110,115,9,187,196
03740400,ATI COLLEGE                             ,CA,90650-0000,Proprietary  ,16,68,84,24,107,131
03755300,GATES COLLEGE                           ,CA,90278-0000,Proprietary  ,0,0,0,2,2,4
03759300,COMPUTER TUTOR BUSINESS & TECH INST     ,CA,95356-0000,Proprietary  ,12,37,49,25,90,115
03786300,ADVANCED COLLEGE                        ,CA,90280-5255,Proprietary  ,10,41,51,28,105,133
03797400,CAREER CARE INSTITUTE                   ,CA,93534-4766,Proprietary  ,32,104,136,74,242,316
03806300,LAKE COLLEGE                            ,CA,96002-0926,Proprietary  ,16,115,131,36,170,206
03810300,SILICON VALLEY UNIVERSITY               ,CA,95131-1868,Private      ,2,4,6,9,20,29
03814400,SOKA UNIVERSITY OF AMERICA              ,CA,92656-8081,Private      ,10,1,11,254,19,273
03838400,WALTER JAY M.D. INSTITUTE AN EDUCATIONAL,CA,90057-0000,Proprietary  ,7,47,54,9,60,69
03852500,CIT COLLEGE OF INFOMEDICAL TECHNOLOGY   ,CA,92831-3703,Proprietary  ,14,85,99,32,187,219
03853300,KECK GRADUATE INSTITUTE OF APPLIED LIFE ,CA,91711-4817,Private      ,0,22,22,0,77,77
03853400,LADERA CAREER PATHS TRAINING CENTERS    ,CA,90045-1931,Proprietary  ,1,6,7,2,9,11
03868300,WORLD MISSION UNIVERSITY                ,CA,90020-1789,Private      ,2,13,15,7,49,56
03868400,LOS ANGELES MUSIC ACADEMY               ,CA,91105-2540,Proprietary  ,5,11,16,38,41,79
03871300,FOLSOM LAKE COLLEGE                     ,CA,95630-6798,Public       ,169,366,535,859,1257,2116
03874300,CAMBRIDGE CAREER COLLEGE                ,CA,95993-0000,Proprietary  ,0,0,0,13,25,38
03874300,CAMBRIDGE JUNIOR COLLEGE                ,CA,95993-0000,Proprietary  ,2,42,44,6,66,72
03874400,COMMMUNITY CHRISTIAN COLLEGE            ,CA,92373-4465,Private      ,4,16,20,18,33,51
03889300,STANBRIDGE COLLEGE                      ,CA,92612-0000,Proprietary  ,2,15,17,9,29,38
03901300,PACIFIC COAST TRADE SCHOOL              ,CA,93033-2441,Proprietary  ,2,10,12,5,19,24
03904300,QUALITY COLLEGE OF CULINARY CAREERS     ,CA,93727-1615,Proprietary  ,6,15,21,36,46,82
03910400,NATIONAL POLYTECHNIC COLLEGE            ,CA,90040-3066,Proprietary  ,5,21,26,14,56,70
03933300,MUELLER COLLEGE OF HOLISTIC STUDIES     ,CA,92116-2630,Proprietary  ,11,50,61,22,129,151
03962300,AMERICAN INSTITUTE OF MASSAGE THERAPY   ,CA,92705-5463,Proprietary  ,2,11,13,5,23,28
03964400,INTERNATIONAL SCHOOL OF BEAUTY          ,CA,92260-2740,Proprietary  ,11,25,36,27,45,72
03969600,AMERICAN AUTO INSTITUTE                 ,CA,90703-2637,Proprietary  ,18,32,50,32,50,82
03971300,AMERICAN CAREER COLLEGE                 ,CA,91764-4906,Proprietary  ,71,131,202,155,336,491
03973300,EX'PRESSION COLLEGE FOR DIGITAL ARTS    ,CA,94608-1021,Proprietary  ,203,178,381,461,421,882
03974500,CALIFORNIA CAREER COLLEGE               ,CA,91303-2006,Proprietary  ,4,57,61,12,72,84
03976400,CALIFORNIA INSTITUTE OF THE HEALING ARTS,CA,95825-8551,Proprietary  ,1,8,9,6,26,32
03980300,CALIFORNIA STATE UNIVERSITY CHANNEL ISLA,CA,93012-8599,Public       ,58,97,155,930,568,1498
03995300,UNIVERSITY OF EAST-WEST MEDICINE        ,CA,94087-6106,Proprietary  ,1,11,12,6,35,41
03999300,BEAUMONT ADULT SCHOOL                   ,CA,92223-1927,Public       ,4,25,29,13,77,90
04001300,PALACE BEAUTY COLLEGE                   ,CA,90006-4233,Proprietary  ,4,43,47,17,53,70
04001400,MOJAVE BARBER COLLEGE                   ,CA,92395-3201,Proprietary  ,10,23,33,19,52,71
04003300,CSI CAREER COLLEGE                      ,CA,95687-3100,Proprietary  ,40,91,131,89,233,322
04004300,THUY PRINCESS BEAUTY COLLEGE            ,CA,91766-0000,Proprietary  ,1,8,9,3,11,14
04005300,INTERAMERICAN COLLEGE                   ,CA,91950-4437,Private      ,2,35,37,5,58,63
04014400,PALLADIUM TECHNICAL ACADEMY             ,CA,91731-2429,Proprietary  ,6,13,19,7,18,25
04037300,LOS ANGELES FILM SCHOOL (THE)           ,CA,90028-7300,Proprietary  ,85,104,189,346,385,731
04049300,MAXINE WATERS EMPLOYMENT PREPARATION CEN,CA,90059-1023,Public       ,2,14,16,11,54,65
04056300,CAREER COLLEGE OF CALIFORNIA            ,CA,92705-5805,Proprietary  ,0,2,2,0,8,8
04057300,TECHSKILLS OF SACRAMENTO                ,CA,95815-4025,Proprietary  ,17,68,85,52,156,208
04071300,AMERICAN PACIFIC COLLEGE                ,CA,91405-6232,Proprietary  ,1,8,9,1,9,10
04076400,GNOMON SCHOOL OF VISUAL EFFECTS         ,CA,90038-2616,Proprietary  ,0,13,13,7,49,56
04092400,MAKE-UP DESIGNORY                       ,CA,91502-1322,Proprietary  ,25,15,40,64,58,122
04109300,ACADEMY OF BARBERING ARTS (THE)         ,CA,91324-3406,Proprietary  ,12,20,32,18,21,39
04111300,WEST HILLS COLLEGE LEMOORE              ,CA,93245-9248,Public       ,170,420,590,244,674,918
04114500,VALLEY COLLEGE OF MEDICAL CAREERS       ,CA,91304-2354,Proprietary  ,11,55,66,16,89,105
04115300,COACHELLA VALLEY BEAUTY COLLEGE         ,CA,92253-2051,Proprietary  ,5,11,16,7,23,30
04115800,MERIDIAN INSTITUTE                      ,CA,90010-3606,Proprietary  ,2,14,16,2,21,23
04116000,VIDEO SYMPHONY ENTERTRAINING            ,CA,91502-3253,Proprietary  ,11,59,70,35,174,209
00184600,BRIAR CLIFF UNIVERSITY                  ,IA,51104-2100,Private      ,88,99,187,1193,407,1600
00184700,BUENA VISTA UNIVERSITY                  ,IA,50588-9987,Private      ,133,345,478,1747,1411,3158
00184800,SOUTHEASTERN COMMUNITY COLLEGE          ,IA,52655-0000,Public       ,241,563,804,921,1427,2348
00185000,CENTRAL COLLEGE                         ,IA,50219-1999,Private      ,113,9,122,2096,78,2174
00185200,CLARKE COLLEGE                          ,IA,52001-3198,Private      ,78,87,165,994,428,1422
00185400,COE COLLEGE                             ,IA,52402-5092,Private      ,40,16,56,1685,163,1848
00185500,DES MOINES UNIV-OSTEOPATHIC MED CTR     ,IA,50312-0000,Private      ,1,122,123,11,1493,1504
00185600,CORNELL COLLEGE                         ,IA,52314-1098,Private      ,19,5,24,1605,68,1673
00185700,SOUTHWESTERN COMMUNITY COLLEGE          ,IA,50801-1098,Public       ,130,167,297,578,514,1092
00185800,DIVINE WORD COLLEGE                     ,IA,52045-0380,Private      ,6,13,19,13,13,26
00185900,DORDT COLLEGE                           ,IA,51250-1697,Private      ,40,14,54,1263,88,1351
00186000,DRAKE UNIVERSITY                        ,IA,50311-4505,Private      ,113,237,350,3846,2106,5952
00186200,ELLSWORTH COMMUNITY COLLEGE             ,IA,50126-1199,Public       ,133,87,220,598,222,820
00186400,IOWA LAKES COMMUNITY COLLEGE            ,IA,51334-2234,Public       ,194,328,522,1088,868,1956
00186500,IOWA CENTRAL COMMUNITY COLLEGE          ,IA,50501-0000,Public       ,343,500,843,2093,1381,3474
00186600,GRACELAND UNIVERSITY                    ,IA,50140-1699,Private      ,174,291,465,989,888,1877
00186700,GRAND VIEW UNIVERSITY                   ,IA,50316-1599,Private      ,183,209,392,1228,841,2069
00186800,GRINNELL COLLEGE                        ,IA,50112-1690,Private      ,32,1,33,1986,38,2024
00186900,IOWA STATE UNIV SCIENCE & TECHNOLOG     ,IA,50011-2028,Public       ,1006,713,1719,17711,4593,22304
00187100,IOWA WESLEYAN COLLEGE                   ,IA,52641-1398,Private      ,92,98,190,603,370,973
00187300,LORAS COLLEGE                           ,IA,52004-0178,Private      ,90,27,117,1740,171,1911
00187400,LUTHER COLLEGE                          ,IA,52101-1045,Private      ,88,18,106,2772,93,2865
00187500,MARSHALLTOWN COMMUNITY COLLEGE          ,IA,50158-4760,Public       ,125,212,337,565,595,1160
00187700,NORTH IOWA AREA COMMUNITY COLLEGE       ,IA,50401-7299,Public       ,259,246,505,1409,766,2175
00187900,MORNINGSIDE COLLEGE                     ,IA,51106-1751,Private      ,65,61,126,1484,317,1801
00188000,MOUNT MERCY COLLEGE                     ,IA,52402-4797,Private      ,53,74,127,994,606,1600
00188100,ASHFORD UNIVERSITY                      ,IA,52732-3997,Proprietary  ,301,6242,6543,835,11436,12271
00188300,NORTHWESTERN COLLEGE                    ,IA,51041-1996,Private      ,59,16,75,1588,92,1680
00188700,SIMPSON COLLEGE                         ,IA,50125-1297,Private      ,83,107,190,2150,448,2598
00188900,ST AMBROSE UNIVERSITY                   ,IA,52803-2898,Private      ,280,270,550,2540,1160,3700
00189000,UNIVERSITY OF NORTHERN IOWA             ,IA,50614-0705,Public       ,992,642,1634,9564,2561,12125
00189100,UNIVERSITY OF DUBUQUE                   ,IA,52001-5099,Private      ,168,104,272,1463,454,1917
00189200,UNIVERSITY OF IOWA                      ,IA,52242-1316,Public       ,1311,1158,2469,16116,8255,24371
00189300,UPPER IOWA UNIVERSITY                   ,IA,52142-9206,Private      ,211,1232,1443,1214,3321,4535
00189400,VENNARD COLLEGE                         ,IA,52595-0029,Private      ,17,8,25,58,21,79
00189500,WALDORF COLLEGE                         ,IA,50436-1700,Private      ,84,24,108,636,71,707
00189600,WARTBURG COLLEGE                        ,IA,50677-2200,Private      ,34,13,47,2381,64,2445
00189700,WARTBURG THEOLOGICAL SEMINARY           ,IA,52004-5004,Private      ,0,35,35,2,131,133
00190000,WILLIAM PENN UNIVERSITY                 ,IA,52577-1799,Private      ,143,319,462,997,1356,2353
00396300,AIB COLLEGE OF BUSINESS                 ,IA,50321-1799,Private      ,83,134,217,686,524,1210
00407500,ESTRN IOWA COMMUNITY COLLEGE DIST       ,IA,52801-1221,Public       ,5,22,27,41,78,119
00407501,CLINTON COMMUNITY COLLEGE               ,IA,52732-0000,Public       ,107,159,266,366,465,831
00407502,MUSCATINE COMMUNITY COLLEGE             ,IA,52761-0000,Public       ,114,172,286,386,409,795
00407503,SCOTT COMMUNITY COLLEGE                 ,IA,52722-0000,Public       ,365,664,1029,1058,1935,2993
00407600,KIRKWOOD COMMUNITY COLLEGE              ,IA,52406-2068,Public       ,1375,1697,3072,6287,4970,11257
00423300,MERCY/ST. LUKE'S SCH RAD TECH           ,IA,52402-0000,Private      ,0,1,1,15,8,23
00458600,KAPLAN UNIVERSITY                       ,IA,52807-2095,Proprietary  ,1317,20371,21688,2863,52376,55239
00458604,KAPLAN UNIVERSITY - CEDAR RAPIDS        ,IA,52404-2998,Proprietary  ,24,131,155,207,680,887
00458605,KAPLAN UNIVERSITY - DES MOINES          ,IA,50323-5702,Proprietary  ,55,149,204,274,816,1090
00458606,KAPLAN UNIVERSITY - MASON CITY          ,IA,50401-4665,Proprietary  ,17,73,90,118,448,566
00458607,KAPLAN UNIVERSITY - CEDAR FALLS         ,IA,50613-6309,Proprietary  ,32,142,174,165,634,799
00458610,KAPLAN UNIVERSITY - COUNCIL BLUFFS      ,IA,51503-5289,Proprietary  ,11,69,80,59,283,342
00458700,NORTHEAST IOWA COMMUNITY COLLEGE        ,IA,52132-0400,Public       ,142,187,329,646,590,1236
00458701,NORTHEAST IOWA COMMUNITY COLLEGE        ,IA,52068-0000,Public       ,276,340,616,921,858,1779
00459500,HAWKEYE COMMUNITY COLLEGE               ,IA,50701-0000,Public       ,688,773,1461,2667,1984,4651
00459800,IOWA WESTERN CMTY CLG-COUNCIL BLUFF     ,IA,51502-0000,Public       ,455,455,910,2006,1678,3684
00460000,NORTHWEST IOWA COMMUNITY COLLEGE        ,IA,51201-1046,Public       ,69,72,141,456,261,717
00626700,IOWA METHODIST MEDICAL CENTER SCHOOLS   ,IA,50309-1499,Private      ,0,6,6,7,34,41
00627300,MERCY COLLEGE OF HEALTH SCIENCES        ,IA,50309-1239,Private      ,61,127,188,395,541,936
00712000,DES MOINES AREA CMTY COLLEGE            ,IA,50021-0000,Public       ,1150,1649,2799,4752,5486,10238
00712100,FAITH BAPTIST BIBLE CLG & THEOL SEM     ,IA,50021-0000,Private      ,30,27,57,289,74,363
00729100,ST LUKE'S COLLEGE                       ,IA,51104-0263,Private      ,5,16,21,103,86,189
00731600,WESTERN IOWA TECH COMMUNITY COLLEGE     ,IA,51106-0000,Public       ,357,747,1104,1140,1903,3043
00758800,CAPRI COLLEGE                           ,IA,52004-0873,Proprietary  ,73,77,150,204,191,395
00761100,EQ SCHOOL OF HAIR DESIGN                ,IA,51503-0813,Proprietary  ,9,12,21,25,47,72
00765600,AMERICAN COLLEGE OF HARISTYLING -CR     ,IA,52402-0000,Proprietary  ,2,2,4,4,17,21
00765800,AMER COLL OF HAIRSTYLING-DES MOINES     ,IA,50309-5446,Proprietary  ,1,20,21,4,34,38
00765900,LA JAMES COLLEGE OF HAIRSTYLING         ,IA,50401-3308,Proprietary  ,18,15,33,74,44,118
00771700,CAPRI COLLEGE                           ,IA,52807-2622,Proprietary  ,6,8,14,33,28,61
00794100,COLLEGE OF HAIR DESIGN                  ,IA,50703-1834,Proprietary  ,4,24,28,13,49,62
00811600,DAYTON'S SCHOOL OF HAIR DESIGN          ,IA,52601-0000,Proprietary  ,1,7,8,4,17,21
00826000,IOWA SCHOOL OF BEAUTY INC               ,IA,50322-0000,Proprietary  ,29,54,83,49,81,130
00840300,INDIAN HILLS COMMUNITY COLLEGE          ,IA,52501-1398,Public       ,341,488,829,1528,1476,3004
00840301,INDIAN HILLS COMMUNITY COLLEGE          ,IA,52544-0000,Public       ,52,85,137,205,231,436
00842400,LA JAMES INTERNATIONAL COLLEGE          ,IA,50501-5577,Proprietary  ,9,12,21,51,39,90
00959300,LA'JAMES COLLEGE OF HAIRSTYLING         ,IA,52240-0000,Proprietary  ,22,17,39,75,37,112
01111300,MAHARISHI UNIV OF MANAGEMENT            ,IA,52557-0001,Private      ,15,33,48,127,140,267
01206400,HAMILTON TECHNICAL COLLEGE              ,IA,52807-2653,Proprietary  ,30,61,91,95,216,311
01230000,PALMER COLLEGE OF CHIROPRACTIC          ,IA,52803-5287,Private      ,15,122,137,97,2398,2495
01300600,LA' JAMES INTERNATIONAL COLLEGE-CF      ,IA,50613-5242,Proprietary  ,10,13,23,59,38,97
02090300,CAPRI COLLEGE                           ,IA,52404-0000,Proprietary  ,8,4,12,35,21,56
02134500,LA JAMES INTERNATIONAL COLLEGE - DAV    ,IA,52806-3952,Proprietary  ,9,20,29,29,40,69
02160900,"SALON PROFESSIONAL ACADEMY, THE         ",IA,50010-0000,Proprietary  ,30,4,34,114,30,144
02262500,FAUST INSTITUTE OF COSMETOLOGY          ,IA,50588-0000,Proprietary  ,4,5,9,30,21,51
02274100,LA' JAMES INTERNATIONAL COLLEGE - DM    ,IA,50131-0000,Proprietary  ,36,38,74,125,84,209
02289000,AMERICAN HAIR ACADEMY                   ,IA,52627-4530,Proprietary  ,5,7,12,20,16,36
02306900,IOWA SCHOOL OF BEAUTY                   ,IA,52501-0000,Proprietary  ,14,9,23,29,37,66
02328900,EMMAUS BIBLE COLLEGE                    ,IA,52001-0000,Private      ,30,5,35,186,31,217
02330900,IOWA SCHOOL OF BEAUTY                   ,IA,50158-0000,Proprietary  ,7,6,13,14,16,30
02333200,DAYTON'S SCHOOL OF HAIR DESIGN          ,IA,52632-0000,Proprietary  ,5,8,13,8,10,18
02572500,DAVENPORT BARBER STYLING COLLEGE        ,IA,52807-0000,Proprietary  ,0,6,6,2,11,13
02609200,VATTEROTT COLLEGE                       ,IA,50321-4704,Proprietary  ,26,110,136,78,286,364
03069100,ALLEN COLLEGE                           ,IA,50703-1916,Private      ,21,39,60,299,204,503
03441300,IOWA SCHOOL OF BEAUTY                   ,IA,51106-5111,Proprietary  ,11,8,19,26,35,61
03607400,TOTAL LOOK SCHOOL OF COSMETOLOGY AND MAS,IA,52136-1053,Proprietary  ,3,0,3,6,3,9
03720300,CARLSON COLLEGE OF MASSAGE THERAPY      ,IA,52205-7519,Proprietary  ,1,3,4,1,3,4
04089300,BIO-CHI INSTITUTE OF MASSAGE THERAPY    ,IA,51103-2138,Proprietary  ,5,6,11,9,12,21
00259600,ATLANTIC COMMUNITY COLLEGE              ,NJ,08330-2699,Public       ,606,834,1440,2498,2594,5092
00259700,BLOOMFIELD COLLEGE                      ,NJ,07003-3425,Private      ,146,257,403,2058,1181,3239
00259800,CALDWELL COLLEGE                        ,NJ,07006-6195,Private      ,94,191,285,1265,669,1934
00259900,CENTENARY COLLEGE                       ,NJ,07840-2184,Private      ,119,228,347,1406,818,2224
00260000,COLLEGE OF SAINT ELIZABETH              ,NJ,07960-6989,Private      ,48,163,211,690,514,1204
00260100,CUMBERLAND COUNTY COLLEGE               ,NJ,08362-0517,Public       ,325,343,668,1452,1461,2913
00260300,DREW UNIVERSITY                         ,NJ,07940-4063,Private      ,51,63,114,2519,437,2956
00260700,FAIRLEIGH DICKINSON UNIV-TEANECK        ,NJ,07666-1996,Private      ,141,349,490,2179,1564,3743
00260701,FAIRLEIGH DICKINSON UNIV-FLORHAM        ,NJ,07940-0000,Private      ,71,80,151,2007,474,2481
00260702,FAIRLEIGH DICKINSON UNIV-ED WMS CLG     ,NJ,07601-0000,Private      ,5,29,34,82,85,167
00260703,FAIRLEIGH DICKINSON UNIVERSITY          ,NJ,07940-0000,Private      ,43,108,151,1101,474,1575
00260800,GEORGIAN COURT UNIVERSITY               ,NJ,08701-2697,Private      ,108,283,391,1150,1285,2435
00260900,ROWAN UNIVERSITY                        ,NJ,08028-1702,Public       ,886,549,1435,10039,2620,12659
00261000,FELICIAN COLLEGE                        ,NJ,07644-2198,Private      ,134,225,359,1333,726,2059
00261300,NEW JERSEY CITY UNIVERSITY              ,NJ,07305-1597,Public       ,484,906,1390,3789,3670,7459
00261500,MIDDLESEX COUNTY COLLEGE                ,NJ,08818-3050,Public       ,942,776,1718,4254,2660,6914
00261600,MONMOUTH UNIVERSITY                     ,NJ,07764-1898,Private      ,423,330,753,6092,1712,7804
00261700,MONTCLAIR STATE UNIVERSITY              ,NJ,07043-9987,Public       ,937,844,1781,11845,4292,16137
00261900,NEW BRUNSWICK THEOLOGICAL SEMINARY      ,NJ,08901-0000,Private      ,4,15,19,17,83,100
00262100,NEW JERSEY INST OF TECHNOLOGY           ,NJ,07102-1982,Public       ,319,361,680,3691,1515,5206
00262200,KEAN UNIVERSITY                         ,NJ,07083-7131,Public       ,772,990,1762,7934,4744,12678
00262400,OCEAN COUNTY COLLEGE                    ,NJ,08754-2001,Public       ,648,510,1158,3395,1845,5240
00262500,WILLIAM PATERSON UNIVERSITY             ,NJ,07470-2152,Public       ,724,520,1244,7647,2622,10269
00262600,PRINCETON THEOLOGICAL SEMINARY          ,NJ,08542-0000,Private      ,1,35,36,4,464,468
00262700,PRINCETON UNIVERSITY                    ,NJ,08544-0001,Private      ,121,57,178,8816,975,9791
00262800,RIDER UNIVERSITY                        ,NJ,08648-3099,Private      ,276,243,519,5378,1181,6559
00262900,"RUTGERS, THE STATE UNIVERSITY OF NJ     ",NJ,08901-1281,Public       ,2589,2037,4626,33875,14903,48778
00263200,SETON HALL UNIVERSITY                   ,NJ,07079-2697,Private      ,398,601,999,6054,2416,8470
00263201,SETON HALL UNIVERSITY - SCHOOL OF LAW   ,NJ,07079-5210,Private      ,10,166,176,144,1829,1973
00263800,ST PETER'S COLLEGE                      ,NJ,07306-5997,Private      ,271,219,490,3014,809,3823
00263900,STEVENS INSTITUTE OF TECHNOLOGY         ,NJ,07030-5370,Private      ,151,133,284,2553,355,2908
00264200,COLLEGE OF NEW JERSEY (THE)             ,NJ,08628-0718,Public       ,440,159,599,8047,808,8855
00264300,UNION COUNTY COLLEGE                    ,NJ,07016-1598,Public       ,981,1313,2294,3182,4002,7184
00473600,BERGEN COMMUNITY COLLEGE                ,NJ,07652-1595,Public       ,1030,786,1816,4502,2686,7188
00474000,MERCER COUNTY COMMUNITY COLLEGE         ,NJ,08690-0000,Public       ,609,787,1396,2104,2601,4705
00539900,MONMOUTH COUNTY VOCATIONAL SCH DIST     ,NJ,07728-5033,Public       ,17,16,33,43,42,85
00545200,TETERBORO SCH OF AERONAUTICS            ,NJ,07608-1083,Proprietary  ,26,19,45,53,47,100
00546000,SOMERSET COUNTY TECHNICAL INSTITUTE     ,NJ,08807-0350,Public       ,10,28,38,33,84,117
00546100,SALEM COMMUNITY COLLEGE                 ,NJ,08069-2799,Public       ,106,122,228,416,484,900
00641000,C E GREGORY SCHOOL OF NURSING           ,NJ,08857-0000,Private      ,7,5,12,38,52,90
00641700,HOLY NAME HOSPITAL SCH OF NURSING       ,NJ,07666-4254,Private      ,5,28,33,67,117,184
00642000,MOUNTAINSIDE HOSP SCH NRSG              ,NJ,07042-4898,Proprietary  ,10,33,43,38,116,154
00642100,MUHLENBERG SNYDER SCHOOLS               ,NJ,07061-3399,Private      ,15,65,80,127,353,480
00642900,ST FRANCIS MEDICAL CTR SCH NURSING      ,NJ,08629-1986,Private      ,2,1,3,13,32,45
00642902,ST FRANCIS MED CTR RAD TECH             ,NJ,08629-0000,Private      ,0,1,1,4,6,10
00686500,CAMDEN COUNTY COLLEGE                   ,NJ,08012-3240,Public       ,898,1259,2157,4444,4619,9063
00690100,GLOUCESTER COUNTY COLLEGE               ,NJ,08080-4249,Public       ,568,526,1094,2187,1634,3821
00710700,ESSEX COUNTY COLLEGE                    ,NJ,07102-1798,Public       ,1015,1486,2501,3546,4773,8319
00750200,BERKELEY COLLEGE                        ,NJ,07424-3367,Proprietary  ,264,271,535,1390,1030,2420
00750201,BERKELEY COLLEGE                        ,NJ,07095-0000,Proprietary  ,101,99,200,525,345,870
00750202,BERKELEY COLLEGE - PARAMUS              ,NJ,07652-2931,Proprietary  ,75,66,141,416,271,687
00750600,LINCOLN TECHNICAL INSTITUTE             ,NJ,07083-5032,Proprietary  ,325,338,663,641,491,1132
00750601,LINCOLN TECHNICAL INSTITUTE             ,NJ,07430-0000,Proprietary  ,161,86,247,517,342,859
00750700,GIBBS COLLEGE                           ,NJ,07039-1611,Proprietary  ,200,220,420,756,955,1711
00750701,KATHARINE GIBBS - PISCATAWAY            ,NJ,08854-0000,Proprietary  ,71,58,129,262,313,575
00759300,PARISIAN BEAUTY ACADEMY                 ,NJ,07601-5509,Proprietary  ,69,60,129,84,75,159
00772900,COUNTY COLLEGE OF MORRIS                ,NJ,07869-0000,Public       ,511,316,827,2162,998,3160
00773000,BURLINGTON COUNTY COLLEGE               ,NJ,08068-1599,Public       ,513,571,1084,2397,2003,4400
00773100,RARITAN VALLEY COMMUNITY COLLEGE        ,NJ,08876-1265,Public       ,439,331,770,1315,933,2248
00794700,BETH MEDRASH GOVOHA OF AMERICA          ,NJ,08701-0000,Private      ,91,397,488,139,987,1126
00840400,BROOKDALE COMMUNITY COLLEGE             ,NJ,07738-1597,Public       ,1138,823,1961,3949,2413,6362
00844101,ANTHEM INSTITUTE                        ,NJ,08002-0000,Proprietary  ,0,2,2,7,15,22
00849400,HO HO KUS SCHL OF TRADE & TECH SCIENCES ,NJ,07513-1402,Proprietary  ,23,42,65,40,81,121
00860900,RABBINICAL COLLEGE OF AMERICA           ,NJ,07960-3600,Private      ,5,1,6,14,3,17
00907800,CAPRI INSTITUTE OF HAIR DESIGN          ,NJ,07011-2111,Proprietary  ,38,54,92,56,70,126
00934400,RAMAPO COLLEGE OF NEW JERSEY            ,NJ,07430-1680,Public       ,345,135,480,5112,705,5817
00934500,RICHARD STOCKTON COLLEGE OF NJ          ,NJ,08240-0195,Public       ,460,371,831,5667,2040,7707
00999400,PASSAIC COUNTY COMMUNITY COLLEGE        ,NJ,07505-1179,Public       ,758,950,1708,2171,2486,4657
01039400,UNIV OF MEDICINE & DENTISTRY OF NJ      ,NJ,07107-0000,Public       ,19,416,435,168,3798,3966
01062900,P B COSMETOLOGY EDUCATION CENTRE        ,NJ,08030-1750,Proprietary  ,55,32,87,100,51,151
01085100,ANTHEM INSTITUTE                        ,NJ,07054-3409,Proprietary  ,262,353,615,585,890,1475
01085101,ANTHEM INSTITUTE                        ,NJ,07306-0000,Proprietary  ,6,13,19,39,41,80
01085102,ANTHEM INSTITUTE                        ,NJ,08902-0000,Proprietary  ,9,6,15,43,22,65
01090300,RIZZIERI INSTITUTE                      ,NJ,08043-4600,Proprietary  ,17,14,31,63,43,106
01152300,MORRIS COUNTY SCHOOL OF TECHNOLOGY      ,NJ,07834-0000,Public       ,4,16,20,23,32,55
01170800,NATURAL MOTION INST OF HAIR DESIGN      ,NJ,07306-5496,Proprietary  ,12,18,30,22,41,63
01198900,TALMUDICAL ACADEMY                      ,NJ,07710-0000,Private      ,15,1,16,17,3,20
01209000,REIGNBOW BEAUTY ACADEMY                 ,NJ,08861-4118,Proprietary  ,18,61,79,37,135,172
01234600,DOVER BUSINESS COLLEGE                  ,NJ,07011-2161,Proprietary  ,55,130,185,115,330,445
01234602,DOVER BUSINESS COLLEGE                  ,NJ,07801-4643,Proprietary  ,27,78,105,69,207,276
01246100,LINCOLN TECHNICAL INSTITUTE             ,NJ,08820-2896,Proprietary  ,91,119,210,276,288,564
01246102,LINCOLN TECHNICAL INSTITUTE             ,NJ,08054-0000,Proprietary  ,72,142,214,159,318,477
01246103,LINCOLN TECHNICAL INSTITUTE             ,NJ,07652-2106,Proprietary  ,116,148,264,266,326,592
01246200,HOHOKUS - HACKENSACK SCHOOL OF BUSINESS ,NJ,07601-7197,Proprietary  ,44,219,263,87,393,480
01295400,HUDSON COUNTY COMMUNITY COLLEGE         ,NJ,07306-4012,Public       ,940,1174,2114,2975,3551,6526
02053700,EASTWICK COLLEGE                        ,NJ,07446-0000,Proprietary  ,83,212,295,146,439,585
02061800,ROMAN ACADEMY OF BEAUTY CULTURE         ,NJ,07506-0000,Proprietary  ,17,18,35,21,21,42
02092300,HOHOKUS SCHOOL - RETS/NUTLEY            ,NJ,07110-0000,Proprietary  ,53,101,154,107,227,334
02103700,CAPRI INSTITUTE OF HAIR DESIGN          ,NJ,07652-0000,Proprietary  ,37,24,61,50,36,86
02104000,HARRIS SCHOOL OF BUSINESS               ,NJ,08002-2983,Proprietary  ,129,459,588,194,819,1013
02131100,DU CRET SCHOOL OF THE ARTS              ,NJ,07060-0000,Private      ,5,4,9,10,6,16
02131600,PENNCO TECH                             ,NJ,08012-0000,Proprietary  ,117,165,282,257,387,644
02132300,BERDAN INSTITUTE                        ,NJ,07512-0000,Proprietary  ,86,141,227,153,231,384
02146800,JOE KUBERT SCH OF CARTOON & GRAPHIC     ,NJ,07801-0000,Proprietary  ,4,3,7,48,42,90
02149800,EMPIRE BEAUTY SCHOOL                    ,NJ,08021-0000,Proprietary  ,49,87,136,115,230,345
02149801,EMPIRE BEAUTY SCHOOL - BORDENTOWN       ,NJ,08505-1513,Proprietary  ,2,2,4,5,5,10
02154000,DIVERS ACAD OF EASTERN SEABOARD         ,NJ,08081-1139,Proprietary  ,25,33,58,53,62,115
02183600,CAPRI INSTITUTE OF HAIR DESIGN          ,NJ,07033-0000,Proprietary  ,28,35,63,43,56,99
02186703,HARRISON CAREER INSTITUTE               ,NJ,08096-0000,Proprietary  ,0,0,0,1,2,3
02186708,HARRISON CAREER INSTITUTE               ,NJ,07376-0000,Proprietary  ,0,0,0,0,1,1
02192200,THOMAS EDISON STATE COLLEGE             ,NJ,08608-0000,Public       ,36,792,828,168,2644,2812
02219600,OMEGA INSTITUTE                         ,NJ,08109-0000,Proprietary  ,20,36,56,40,92,132
02223700,NEW HORIZON INST OF COSMETOLOGY         ,NJ,07093-0000,Proprietary  ,2,22,24,3,26,29
02223900,DRAKE COLLEGE OF BUSINESS               ,NJ,07201-0000,Proprietary  ,75,521,596,100,665,765
02232500,UNION COUNTY VOCATIONAL TECH INST       ,NJ,07076-0000,Public       ,22,19,41,53,42,95
02234600,SHORE BEAUTY SCHOOL                     ,NJ,08232-0000,Proprietary  ,12,12,24,18,25,43
02246000,ROSS UNIVERSITY - MEDICAL SCHOOL        ,NJ,08837-0000,Proprietary  ,2,291,293,11,3251,3262
02248600,COOPER HEALTH SYS-CTR ALLIED HEALTH     ,NJ,08103-0000,Private      ,2,15,17,13,63,76
02252700,CONCORDE SCHOOL OF HAIR DESIGN          ,NJ,07712-0000,Proprietary  ,32,60,92,45,84,129
02261800,EUROPEAN ACADEMY OF COSMETOLOGY         ,NJ,07083-0000,Proprietary  ,16,49,65,24,65,89
02265500,CAPRI INSTITUTE OF HAIR DESIGN          ,NJ,08724-0000,Proprietary  ,28,40,68,37,49,86
02277900,ROSS UNIV - SCH OF VETERINARY MED       ,NJ,08837-0000,Proprietary  ,0,55,55,2,817,819
02291000,LINCOLN TECHNICAL INSTITUTE             ,NJ,07080-2424,Proprietary  ,23,22,45,83,42,125
02312000,BERGEN COUNTY TECHNICAL SCHOOLS         ,NJ,07601-6110,Public       ,7,18,25,26,37,63
02344200,EMPIRE BEAUTY SCHOOL                    ,NJ,08002-0000,Proprietary  ,29,42,71,76,122,198
02503900,WARREN COUNTY COMMUNITY COLLEGE         ,NJ,07882-0000,Public       ,138,128,266,418,336,754
02523700,OCEAN COUNTY VOCATIONAL-TECH SCHOOL     ,NJ,08753-0000,Public       ,26,25,51,92,142,234
02525900,ARTISTIC ACADEMY OF HAIR DESIGN         ,NJ,07950-1409,Proprietary  ,40,25,65,81,35,116
02528200,REIGNBOW BEAUTY ACADEMY                 ,NJ,07060-0000,Proprietary  ,9,11,20,21,38,59
02539903,STAR TECHNICAL INSTITUTE-EGG HARBOR     ,NJ,08234-0000,Proprietary  ,16,90,106,44,257,301
02558700,PRISM CAREER INSTITUTE                  ,NJ,08037-0000,Proprietary  ,56,238,294,77,392,469
02568800,SUSSEX COUNTY COMMUNITY COLLEGE         ,NJ,07860-1149,Public       ,290,220,510,1000,537,1537
02586800,HARRISON CAREER INSTITUTE               ,NJ,08360-6210,Proprietary  ,0,0,0,0,4,4
02586801,HARRISON CAREER INSTITUTE               ,NJ,07755-0000,Proprietary  ,0,0,0,1,0,1
02586900,HARRIS SCHOOL OF BUSINESS               ,NJ,08084-1520,Proprietary  ,23,58,81,34,136,170
02586901,STAR TECHNICAL INSTITUTE - LAKEWOOD     ,NJ,08701-0000,Proprietary  ,20,95,115,45,251,296
02615401,STAR TECHNICAL INSTITUTE -              ,NJ,07102-4599,Proprietary  ,21,131,152,40,309,349
02616402,SANFORD-BROWN INSTITUTE - ISELIN        ,NJ,08830-0000,Proprietary  ,129,267,396,255,698,953
03077500,RABBI JACOB JOSEPH SCHOOL               ,NJ,08817-4494,Private      ,5,0,5,8,0,8
03122600,EASTERN INTERNATIONAL COLLEGE           ,NJ,07306-3906,Proprietary  ,52,109,161,92,182,274
03187300,STENOTECH CAREER INSTITUTE              ,NJ,07004-3490,Proprietary  ,9,23,32,19,37,56
03197300,INSTITUTE FOR HEALTH EDUCATION(THE)     ,NJ,07306-2929,Proprietary  ,2,8,10,2,10,12
03324300,CENTRAL CAREER SCHOOL                   ,NJ,07080-2408,Proprietary  ,2,18,20,3,22,25
03389300,ACADEMY OF MASSAGE THERAPY              ,NJ,07631-0000,Proprietary  ,4,22,26,9,42,51
03424500,NEW COMMUNITY WORKFORCE DEVELOPMENT     ,NJ,07103-2402,Private      ,5,45,50,20,312,332
03530300,"KEY SKILLS LEARNING, INC.               ",NJ,07013-1900,Proprietary  ,1,9,10,1,11,12
03536300,INSTITUTE FOR THERAPEUTIC MASSAGE       ,NJ,07420-1452,Proprietary  ,10,33,43,19,95,114
03574400,CORTIVA INSTITUTE - SOMERSET SCHOOL OF M,NJ,08854-3908,Proprietary  ,12,20,32,22,39,61
03625300,PERFORMANCE TRAINING INSTITUTE          ,NJ,08753-0000,Proprietary  ,1,2,3,3,2,5
03629300,HELMA INSTITUTE OF MASSAGE THERAPY      ,NJ,07663-6200,Proprietary  ,7,45,52,23,78,101
03637300,METRO AUTO ELECTRONICS TRAINING INSTITUT,NJ,07033-1798,Proprietary  ,18,19,37,20,24,44
03650600,PC AGE                                  ,NJ,07306-3936,Proprietary  ,4,11,15,6,29,35
03650603,PC AGE                                  ,NJ,08817-2842,Proprietary  ,1,14,15,9,34,43
03666300,SOMERSET CHRISTIAN COLLEGE              ,NJ,08890-9035,Private      ,7,31,38,24,81,105
03769300,PC TECH LEARNING CENTER                 ,NJ,07306-9900,Proprietary  ,16,111,127,21,124,145
03803300,HEALTHCARE TRAINING INSTITUTE           ,NJ,07083-3504,Proprietary  ,9,33,42,22,78,100
03811300,EASTERN SCHOOL OF ACUPUNCTURE AND TRADIT,NJ,07042-3562,Proprietary  ,0,7,7,2,29,31
04081300,BAIS MEDRASH TORAS CHESED               ,NJ,08701-0000,Private      ,6,3,9,6,3,9
        ,BROOKLYN LAW SCHOOL                     ,NY,11201-0000,Private      ,3,150,153,20,2862,2882
00266500,VAUGHN COLLEGE OF AERONAUTICS AND TECHNO,NY,11369-9997,Private      ,200,162,362,660,401,1061
00266600,ADELPHI UNIVERSITY                      ,NY,11530-4299,Private      ,326,870,1196,5609,3726,9335
00266700,DOWLING COLLEGE                         ,NY,11769-1999,Private      ,355,607,962,2090,1897,3987
00266800,ALFRED UNIVERSITY                       ,NY,14802-1205,Private      ,129,128,257,2744,503,3247
00266900,BANK STREET COLLEGE OF EDUCATION        ,NY,10025-0000,Private      ,0,97,97,3,713,716
00267100,BARD COLLEGE                            ,NY,12504-5000,Private      ,20,18,38,2238,465,2703
00267800,BRYANT & STRATTON COLLEGE               ,NY,14203-1713,Proprietary  ,429,1276,1705,1184,4289,5473
00267803,BRYANT & STRATTON COLLEGE - GREECE      ,NY,14606-4227,Proprietary  ,66,250,316,224,807,1031
00267805,BRYANT & STRATTON COLLEGE - SYRACUSE    ,NY,13203-2502,Proprietary  ,153,322,475,535,1279,1814
00267807,BRYANT & STRATTON COLLEGE - ALBANY      ,NY,12205-5230,Proprietary  ,87,148,235,215,564,779
00268100,CANISIUS COLLEGE                        ,NY,14208-1098,Private      ,250,325,575,4190,1211,5401
00268300,SEMINARY OF THE IMMACULATE CONCEPT      ,NY,11743-0000,Private      ,1,1,2,1,1,2
00268500,CAZENOVIA COLLEGE                       ,NY,13035-1085,Private      ,53,34,87,1580,128,1708
00268700,CUNY-BROOKLYN COLLEGE                   ,NY,11210-2814,Public       ,972,1297,2269,9964,6575,16539
00268800,CITY COLLEGE-CUNY                       ,NY,10031-9198,Public       ,1131,1297,2428,10072,5163,15235
00268900,CUNY-HUNTER COLLEGE                     ,NY,10021-0000,Public       ,1234,1445,2679,15275,8565,23840
00269000,QUEENS COLLEGE-CUNY                     ,NY,11367-1597,Public       ,1390,1508,2898,9291,4953,14244
00269100,CUNY- BOROUGH OF MANHATTAN CMTY CLG     ,NY,10007-1047,Public       ,3692,2945,6637,10631,8202,18833
00269200,CUNY BRONX COMMUNITY COLLEGE            ,NY,10453-3102,Public       ,1478,1524,3002,5446,5271,10717
00269300,CUNY-JOHN JAY CLG CRIMINAL JUSTICE      ,NY,10019-1093,Public       ,2065,1236,3301,9884,4541,14425
00269400,KINGSBOROUGH COMMUNITY COLLEGE          ,NY,11235-2398,Public       ,2414,1576,3990,6240,3780,10020
00269600,NY CITY COLLEGE OF TECHNOLOGY-CUNY      ,NY,11201-2983,Public       ,1945,1422,3367,8751,4997,13748
00269700,QUEENSBOROUGH COMMUNITY COLLEGE         ,NY,11364-1497,Public       ,1986,1124,3110,5699,2883,8582
00269800,CUNY THE COLLEGE OF STATEN ISLAND       ,NY,10314-6600,Public       ,1031,657,1688,7029,3112,10141
00269900,CLARKSON UNIVERSITY                     ,NY,13699-5615,Private      ,125,45,170,3490,223,3713
00270000,COLGATE ROCHESTER CROZER DIVINITY S     ,NY,14620-0000,Private      ,0,30,30,4,87,91
00270100,COLGATE UNIVERSITY                      ,NY,13346-1386,Private      ,70,3,73,3482,42,3524
00270300,COLLEGE OF MOUNT SAINT VINCENT          ,NY,10471-1093,Private      ,218,73,291,1836,222,2058
00270400,COLLEGE OF NEW ROCHELLE                 ,NY,10805-2339,Private      ,165,2024,2189,1134,5089,6223
00270500,COLLEGE OF SAINT ROSE                   ,NY,12203-1490,Private      ,378,393,771,3887,1820,5707
00270700,COLUMBIA UNIVERSITY                     ,NY,10027-0000,Private      ,90,363,453,3457,2756,6213
00270701,COLUMBIA UNIV ARCHITECTURE              ,NY,10027-0000,Private      ,0,38,38,26,656,682
00270702,COLUMBIA UNIV SCHOOL OF THE ARTS        ,NY,10027-0000,Private      ,6,73,79,57,917,974
00270703,COLUMBIA UNIV BUSINESS GRAD             ,NY,10027-0000,Private      ,1,125,126,15,1344,1359
00270704,COLUMBIA UNIV SCHOOL ENGIN-UNDERGRA     ,NY,10027-0000,Private      ,29,2,31,1551,34,1585
00270705,COLUMBIA UNIV SCHOOL GENERAL STUDIE     ,NY,10027-0000,Private      ,27,174,201,298,870,1168
00270706,COLUMBIA UNIV GRAD SCHL ARTS & SCI      ,NY,10027-0000,Private      ,0,224,224,10,1261,1271
00270707,COLUMBIA UNIV SCH INTL PUB AFFAIRS      ,NY,10027-0000,Private      ,0,53,53,7,1166,1173
00270708,COLUMBIA UNIV JOURNALISM GRAD           ,NY,10027-0000,Private      ,1,19,20,11,441,452
00270710,COLUMBIA UNIV COLUMBIA COLLEGE          ,NY,10027-0000,Private      ,119,23,142,6278,163,6441
00270711,COLUMBIA UNIV SCHOOL OF LAW             ,NY,10027-0000,Private      ,0,139,139,15,2983,2998
00270712,COLUMBIA UNIV SOCIAL WORK               ,NY,10025-0000,Private      ,1,34,35,8,832,840
00270713,COLUMBIA UNIV SCHL DENT & ORAL SURG     ,NY,10032-0000,Private      ,0,14,14,4,339,343
00270714,COLUMBIA UNIV INST HUMAN NUTRITION      ,NY,10032-0000,Private      ,0,19,19,0,61,61
00270715,COLUMBIA UNIV NURSING                   ,NY,10032-0000,Private      ,2,58,60,60,598,658
00270716,COLUMBIA UNIV COLL PHYS & SURGEONS      ,NY,10032-0000,Private      ,1,27,28,9,892,901
00270717,COLUMBIA UNIV PHYSICAL THERAPY          ,NY,10032-0000,Private      ,1,9,10,1,116,117
00270718,COLUMBIA UNIV OCCUPATIONAL THERAPY      ,NY,10032-0000,Private      ,0,9,9,1,89,90
00270719,COLUMBIA UNIV PUBLIC HEALTH             ,NY,10032-0000,Private      ,1,42,43,4,830,834
00270720,COLUMBIA UNIV - ENGINEERING (GRAD)      ,NY,10027-0000,Private      ,0,38,38,26,267,293
00270721,COLUMBIA UNIV-CONT ED & SP PROGMS       ,NY,10027-0000,Private      ,4,73,77,7,165,172
00270800,BARNARD COLLEGE-COLUMBIA UNIV           ,NY,10027-6598,Private      ,63,5,68,3255,70,3325
00270900,CONCORDIA COLLEGE                       ,NY,10708-1998,Private      ,80,40,120,742,120,862
00271000,COOPER UNION                            ,NY,10003-7120,Private      ,62,28,90,1121,103,1224
00271100,CORNELL UNIVERSITY                      ,NY,14853-2801,Private      ,450,356,806,19008,4366,23374
00271101,WEILL CORNELL MEDICAL COLLEGE AND GRADUA,NY,10021-0000,Private      ,2,78,80,29,707,736
00271200,D'YOUVILLE COLLEGE                      ,NY,14201-1084,Private      ,110,213,323,1404,1227,2631
00271300,DOMINICAN COLLEGE                       ,NY,10962-1299,Private      ,94,182,276,1496,590,2086
00271800,ELMIRA COLLEGE                          ,NY,14901-2099,Private      ,88,151,239,1715,459,2174
00272200,FORDHAM UNIVERSITY                      ,NY,10458-5157,Private      ,554,1151,1705,15185,7031,22216
00272206,MARYMOUNT COLLEGE                       ,NY,10591-3796,Private      ,0,0,0,6,1,7
00272600,GENERAL THEOLOGICAL SEMINARY            ,NY,10011-0000,Private      ,0,10,10,0,105,105
00272800,HAMILTON COLLEGE                        ,NY,13323-1218,Private      ,35,2,37,2322,20,2342
00272900,HARTWICK COLLEGE                        ,NY,13820-4020,Private      ,76,13,89,2255,74,2329
00273100,HOBART & WILLIAM SMITH COLLEGES         ,NY,14456-3397,Private      ,30,5,35,2633,50,2683
00273200,HOFSTRA UNIVERSITY                      ,NY,11549-1010,Private      ,802,897,1699,12564,4924,17488
00273400,HOUGHTON COLLEGE                        ,NY,14744-0128,Private      ,51,68,119,1536,230,1766
00273500,HILBERT COLLEGE                         ,NY,14075-1597,Private      ,155,92,247,885,297,1182
00273700,IONA COLLEGE                            ,NY,10801-1890,Private      ,197,198,395,5482,897,6379
00273900,ITHACA COLLEGE                          ,NY,14850-7130,Private      ,347,68,415,10392,624,11016
00274000,JEWISH THEOLOGICAL SEMINARY OF AMER     ,NY,10027-4649,Private      ,3,16,19,114,175,289
00274200,THE JUILLIARD SCHOOL                    ,NY,10023-6588,Private      ,16,18,34,969,536,1505
00274400,KEUKA COLLEGE                           ,NY,14478-0000,Private      ,87,208,295,1229,724,1953
00274800,LEMOYNE COLLEGE                         ,NY,13214-1399,Private      ,244,209,453,3579,880,4459
00274900,NEW YORK COLLEGE OF PODIATRIC MED       ,NY,10035-0000,Private      ,1,42,43,38,376,414
00275100,LONG ISLAND UNIVERSITY                  ,NY,11548-1326,Private      ,1185,2166,3351,8229,6199,14428
00275101,LONG ISLAND UNIVERSITY - BRENTWOOD CAMPU,NY,11717-5326,Private      ,9,144,153,25,301,326
00275102,LONG ISLAND UNIVERSITY - ROCKLAND CAMPUS,NY,10962-0000,Private      ,0,48,48,1,107,108
00275104,LONG ISLAND UNIVERSITY - NEW YORK UNIVER,NY,10011-0000,Private      ,15,25,40,52,56,108
00275105,LONG ISLAND UNIVERSITY - WEST POINT CAMP,NY,10966-0000,Private      ,2,5,7,14,14,28
00275106,LONG ISLAND UNIVERSITY - JEWISH BOARD OF,NY,10019-0000,Private      ,0,1,1,3,5,8
00275107,LONG ISLAND UNIVERSITY - QUEENS DISTRICT,NY,11364-0000,Private      ,0,9,9,6,19,25
00275108,LONG ISLAND UNIVERSITY - FREEPORT PUBLIC,NY,11520-3144,Private      ,1,0,1,3,1,4
00275109,LONG ISLAND UNIVERSITY - LOCUST VALLEY H,NY,11560-1105,Private      ,0,1,1,0,3,3
00275110,LONG ISLAND UNIVERSITY - WESTBURY SENIOR,NY,11568-1619,Private      ,21,19,40,60,56,116
00275111,LONG ISLAND UNIVERSITY - BABYLON SENIOR ,NY,11702-2222,Private      ,0,0,0,1,3,4
00275112,LONG ISLAND UNIVERSITY - HARBORFIELDS HI,NY,11740-1432,Private      ,0,0,0,2,0,2
00275113,LONG ISLAND UNIVERSITY - SOUTH SIDE HIGH,NY,11570-2248,Private      ,0,1,1,0,1,1
00275114,LONG ISLAND UNIVERSITY - SACHEM HIGH SCH,NY,11779-2231,Private      ,2,0,2,4,0,4
00275115,LONG ISLAND UNIVERSITY - SOUTHAMPTON COL,NY,11968-4198,Private      ,35,54,89,471,197,668
00275116,LONG ISLAND UNIVERSITY - BROOKLYN       ,NY,11201-8423,Private      ,154,218,372,2004,1106,3110
00275800,MANHATTAN COLLEGE                       ,NY,10471-4098,Private      ,188,92,280,4360,320,4680
00275900,MANHATTAN SCHOOL OF MUSIC               ,NY,10027-4698,Private      ,22,21,43,568,578,1146
00276000,MANHATTANVILLE COLLEGE                  ,NY,10577-2132,Private      ,69,187,256,2301,772,3073
00276300,MARIA COLLEGE                           ,NY,12208-1798,Private      ,37,133,170,137,604,741
00276500,MARIST COLLEGE                          ,NY,12601-1387,Private      ,368,281,649,7027,830,7857
00276900,MARYMOUNT MANHATTAN COLLEGE             ,NY,10021-4597,Private      ,132,49,181,2339,226,2565
00277200,MERCY COLLEGE                           ,NY,10522-1189,Private      ,813,2047,2860,2177,5450,7627
00277500,MOLLOY COLLEGE                          ,NY,11570-1100,Private      ,182,320,502,2085,1456,3541
00277700,MEDAILLE COLLEGE                        ,NY,14214-2695,Private      ,170,447,617,1282,1138,2420
00277800,MOUNT SAINT MARY COLLEGE                ,NY,12550-3494,Private      ,199,253,452,1934,873,2807
00277900,NAZARETH COLLEGE OF ROCHESTER           ,NY,14618-3790,Private      ,207,237,444,2717,1313,4030
00278200,NEW YORK INSTITUTE OF TECHNOLOGY        ,NY,11568-8000,Private      ,654,1059,1713,4142,3222,7364
00278202,NY INSTITUTE OF TECHNOLOGY-OSTEOPATHIC M,NY,11568-0000,Private      ,0,125,125,6,1098,1104
00278300,NEW YORK LAW SCHOOL                     ,NY,10013-0000,Private      ,1,168,169,19,2740,2759
00278400,NEW YORK MEDICAL COLLEGE                ,NY,10595-0000,Private      ,0,121,121,4,1599,1603
00278500,NEW YORK UNIVERSITY                     ,NY,10012-1091,Private      ,862,2550,3412,26941,20704,47645
00278800,NIAGARA UNIVERSITY                      ,NY,14109-2010,Private      ,272,153,425,3589,685,4274
00279000,NYACK COLLEGE                           ,NY,10960-3698,Private      ,221,777,998,1235,1633,2868
00279100,PACE UNIVERSITY - NEW YORK              ,NY,10038-1598,Private      ,314,461,775,5648,2300,7948
00279101,PACE UNIVERSITY-PLEASANTVILLE           ,NY,10570-0000,Private      ,188,161,349,2610,713,3323
00279102,PACE UNIVERSITY - WHITE PLAINS          ,NY,10603-0000,Private      ,6,268,274,183,1692,1875
00279500,PAUL SMITHS CLG OF ARTS & SCIENCES      ,NY,12970-0000,Private      ,106,21,127,1127,112,1239
00279600,POLYTECHNIC INTSTITUTE OF NEW YORK UNIV ,NY,11201-3840,Private      ,199,179,378,1550,506,2056
00279800,PRATT INSTITUTE                         ,NY,11205-3899,Private      ,273,234,507,3784,2102,5886
00280300,RENSSELAER POLYTECHNIC INSTITUTE        ,NY,12180-3590,Private      ,348,83,431,7890,508,8398
00280500,ROBERTS WESLEYAN COLLEGE                ,NY,14624-1997,Private      ,135,295,430,1456,912,2368
00280600,ROCHESTER INSTITUTE OF TECHNOLOGY       ,NY,14623-5608,Private      ,872,551,1423,11855,2500,14355
00280700,ROCKEFELLER UNIVERSITY                  ,NY,10021-0000,Private      ,0,1,1,5,11,16
00280800,DAEMEN COLLEGE                          ,NY,14226-3592,Private      ,200,210,410,1776,689,2465
00281000,THE SAGE COLLEGES                       ,NY,12180-4199,Private      ,153,272,425,1283,1343,2626
00281200,TROCAIRE COLLEGE                        ,NY,14220-2094,Private      ,83,227,310,443,997,1440
00281300,SARAH LAWRENCE COLLEGE                  ,NY,10708-5999,Private      ,34,34,68,1953,549,2502
00281400,SKIDMORE COLLEGE                        ,NY,12866-1632,Private      ,56,20,76,3344,106,3450
00281401,SKIDMORE COLL-UNIV WITHOUT WALLS        ,NY,12866-0000,Private      ,2,14,16,30,42,72
00281500,ST BERNARDS SCH THEOLOGY & MINISTRY     ,NY,14618-3822,Private      ,0,7,7,1,31,32
00281600,SIENA COLLEGE                           ,NY,12211-1462,Private      ,278,44,322,4398,177,4575
00281700,ST BONAVENTURE UNIVERSITY               ,NY,14778-2284,Private      ,118,100,218,2173,484,2657
00282000,ST FRANCIS COLLEGE                      ,NY,11201-4398,Private      ,383,150,533,1819,390,2209
00282100,ST JOHN FISHER COLLEGE                  ,NY,14618-3597,Private      ,124,219,343,4009,1365,5374
00282200,CHRIST THE KING SEMINARY                ,NY,14052-0607,Private      ,0,0,0,0,2,2
00282300,ST JOHN'S UNIVERSITY                    ,NY,11439-1343,Private      ,1132,836,1968,16326,4964,21290
00282500,ST JOSEPH'S COLLEGE                     ,NY,11205-3688,Private      ,99,174,273,871,493,1364
00282501,ST JOSEPH'S COLLEGE-SUFFOLK CAMPUS      ,NY,11772-0000,Private      ,389,299,688,2628,1014,3642
00282600,ST JOSEPH'S SEMINARY                    ,NY,10704-0000,Private      ,0,0,0,1,2,3
00282900,ST LAWRENCE UNIVERSITY                  ,NY,13617-1455,Private      ,43,22,65,2532,98,2630
00283200,ST THOMAS AQUINAS COLLEGE               ,NY,10976-1050,Private      ,145,82,227,1576,265,1841
00283300,ST VLADIMIR ORTHODOX THEOL SEM          ,NY,10707-0000,Private      ,0,2,2,0,58,58
00283400,EXCELSIOR COLLEGE                       ,NY,12203-5159,Private      ,2,134,136,2,134,136
00283500,SUNY AT ALBANY                          ,NY,12222-0001,Public       ,1290,928,2218,15933,4497,20430
00283600,BINGHAMTON UNIVERSITY (SUNY)            ,NY,13902-6000,Public       ,738,398,1136,16930,2327,19257
00283700,SUNY AT BUFFALO                         ,NY,14260-0001,Public       ,1697,1573,3270,18350,8792,27142
00283800,SUNY AT STONY BROOK                     ,NY,11794-0001,Public       ,1560,1055,2615,17272,5746,23018
00283900,SUNY-DOWNSTATE MEDICAL CENTER           ,NY,11203-2098,Public       ,18,127,145,109,1667,1776
00284000,SUNY UPSTATE MEDICAL UNIVERSITY         ,NY,13210-2375,Public       ,7,76,83,141,1111,1252
00284100,SUNY BROCKPORT - FIN AID OFF            ,NY,14420-2914,Public       ,807,608,1415,7678,2308,9986
00284200,BUFFALO STATE COLLEGE - SUNY            ,NY,14222-1095,Public       ,1315,1115,2430,9034,3999,13033
00284300,SUNY COLLEGE-CORTLAND                   ,NY,13045-0900,Public       ,474,259,733,8894,1416,10310
00284400,SUNY AT FREDONIA                        ,NY,14063-1145,Public       ,539,170,709,6166,822,6988
00284500,SUNY GENESEO                            ,NY,14454-1401,Public       ,272,89,361,7716,515,8231
00284600,SUNY COLLEGE-NEW PALTZ                  ,NY,12561-2499,Public       ,541,368,909,7858,1776,9634
00284700,SUNY COLLEGE-ONEONTA                    ,NY,13820-4015,Public       ,635,135,770,8515,657,9172
00284800,SUNY OSWEGO                             ,NY,13126-3599,Public       ,673,387,1060,8355,1834,10189
00284900,SUNY COLLEGE AT PLATTSBURGH             ,NY,12901-2681,Public       ,511,281,792,5745,1272,7017
00285000,SUNY COLLEGE-POTSDAM                    ,NY,13676-2294,Public       ,445,224,669,3998,900,4898
00285100,SUNY COLLEGE OF ENVIRONMENT SCIENCE AND ,NY,13210-2778,Public       ,96,76,172,1553,429,1982
00285300,SUNY MARITIME COLLEGE                   ,NY,10465-4198,Public       ,128,44,172,1043,221,1264
00285400,SUNY COLLEGE OF TECHNOLOGY-ALFRED       ,NY,14802-9951,Public       ,360,141,501,3181,637,3818
00285500,SUNY CANTON COLG OF TECHNOLOGY          ,NY,13617-1098,Public       ,310,240,550,2230,867,3097
00285600,SUNY AG & TECH COLLEGE-COBLESKILL       ,NY,12043-9986,Public       ,394,109,503,2687,357,3044
00285700,SUNY DELHI                              ,NY,13753-1190,Public       ,282,80,362,2865,424,3289
00285800,SUNY FARMINGDALE                        ,NY,11735-1021,Public       ,649,375,1024,3897,1281,5178
00285900,SUNY COLLEGE OF AG & TECH AT MORRISVILLE,NY,13408-0901,Public       ,466,224,690,2983,772,3755
00286000,ADIRONDACK COMMUNITY COLLEGE            ,NY,12804-2004,Public       ,476,401,877,1426,997,2423
00286100,CAYUGA COMMUNITY COLLEGE                ,NY,13021-3099,Public       ,470,412,882,1458,1233,2691
00286200,BROOME COMMUNITY COLLEGE                ,NY,13902-0000,Public       ,772,584,1356,2935,1870,4805
00286300,CORNING COMMUNITY COLLEGE               ,NY,14830-3297,Public       ,556,583,1139,1531,1414,2945
00286400,DUTCHESS COMMUNITY COLLEGE              ,NY,12601-1595,Public       ,768,447,1215,2117,1166,3283
00286600,FASHION INSTITUTE OF TECHNOLOGY         ,NY,10001-5992,Public       ,509,371,880,5766,1945,7711
00286700,SUNY FULTON MONTGOMERY COMM CLG         ,NY,12095-3790,Public       ,347,228,575,942,646,1588
00286800,HUDSON VALLEY COMMUNITY COLLEGE         ,NY,12180-6096,Public       ,1555,987,2542,5099,2664,7763
00286900,JAMESTOWN COMMUNITY COLLEGE             ,NY,14702-0020,Public       ,500,407,907,1855,1304,3159
00287000,JEFFERSON COMMUNITY COLLEGE             ,NY,13601-1897,Public       ,339,463,802,1205,1300,2505
00287100,"SUNY, MOHAWK VALLEY COMMUNITY CLG       ",NY,13501-5394,Public       ,896,610,1506,3126,1744,4870
00287200,MONROE COMMUNITY COLLEGE                ,NY,14623-5780,Public       ,2406,2265,4671,7418,5685,13103
00287300,NASSAU COMMUNITY COLLEGE                ,NY,11530-6793,Public       ,3433,1818,5251,7900,3582,11482
00287400,NIAGARA COUNTY COMMUNITY COLLEGE        ,NY,14132-9460,Public       ,674,590,1264,2740,2319,5059
00287500,ONONDAGA COMMUNITY COLLEGE              ,NY,13215-4585,Public       ,1134,876,2010,4166,2440,6606
00287600,ORANGE COUNTY COMMUNITY COLLEGE         ,NY,10940-6441,Public       ,683,498,1181,2030,1379,3409
00287700,ROCKLAND COMMUNITY COLLEGE              ,NY,10901-3611,Public       ,570,480,1050,1485,1030,2515
00287800,SUFFOLK COMMUNITY COLLEGE               ,NY,11784-2899,Public       ,1422,723,2145,4378,1944,6322
00287801,SUFFOLK COMMUNITY CLG-W. CAMPUS         ,NY,11717-0000,Public       ,788,596,1384,2160,1541,3701
00287803,SUFFOLK COMMUNITY CLG-EASTRN CAMPUS     ,NY,11901-0000,Public       ,338,225,563,741,517,1258
00287900,SULLIVAN COUNTY COMMUNITY COLLEGE       ,NY,12759-5151,Public       ,313,183,496,1051,448,1499
00288000,ULSTER COUNTY COMMUNITY COLLEGE         ,NY,12484-0557,Public       ,334,236,570,975,617,1592
00288100,SUNY WESTCHESTER COMMUNITY COLLEGE      ,NY,10595-1698,Public       ,1203,925,2128,3136,2370,5506
00288200,SYRACUSE UNIVERSITY                     ,NY,13244-2130,Private      ,414,450,864,16338,4764,21102
00288300,UTICA COLLEGE OF SYRACUSE UNIV          ,NY,13502-4892,Private      ,233,229,462,2688,1057,3745
00288500,ALBANY COLLEGE OF PHARMACY AND HEALTH SC,NY,12208-3492,Private      ,16,13,29,1348,584,1932
00288600,ALBANY LAW SCHOOL                       ,NY,12208-0000,Private      ,1,66,67,15,1303,1318
00288700,ALBANY MEDICAL COLLEGE                  ,NY,12208-0000,Private      ,1,77,78,17,886,903
00288900,UNION COLLEGE                           ,NY,12308-2311,Private      ,50,11,61,2487,91,2578
00289000,UNION THEOLOGICAL SEMINARY              ,NY,10027-0000,Private      ,0,32,32,2,289,291
00289200,UNITED STATES MERCHANT MARINE ACADEMY   ,NY,11024-1699,Public       ,23,5,28,317,20,337
00289400,UNIVERSITY OF ROCHESTER                 ,NY,14627-9000,Private      ,128,246,374,6523,1274,7797
00289401,EASTMAN SCH OF MUSIC/UNIV ROCHESTER     ,NY,14604-0000,Private      ,34,36,70,726,358,1084
00289402,UNIV OF ROCHESTER SCHL OF MEDICINE      ,NY,14642-0000,Private      ,3,48,51,29,703,732
00289500,VASSAR COLLEGE                          ,NY,12604-0008,Private      ,48,8,56,3349,62,3411
00289600,VILLA MARIA COLLEGE-BUFFALO             ,NY,14225-3999,Private      ,84,84,168,323,198,521
00289900,WAGNER COLLEGE                          ,NY,10301-4495,Private      ,180,58,238,2414,241,2655
00290000,WEBB INSTITUTE                          ,NY,11542-1398,Private      ,9,1,10,53,2,55
00290100,WELLS COLLEGE                           ,NY,13026-0500,Private      ,45,12,57,824,73,897
00290300,YESHIVA UNIVERSITY                      ,NY,10033-3201,Private      ,291,334,625,1724,2556,4280
00290302,YESHIVA UNIVERSITY - BRONX CAMPUS       ,NY,10461-1975,Private      ,0,109,109,12,1021,1033
00397400,MESIVTHA TIFERETH JERUSALEM OF AMER     ,NY,10002-6382,Private      ,2,1,3,2,1,3
00397600,RABBINICAL ACAD MESIVTA RABBI CHAIM     ,NY,11230-4715,Private      ,1,0,1,3,0,3
00397700,RABBINICAL COLLEGE CH'SAN SOFER         ,NY,11204-1252,Private      ,0,0,0,1,0,1
00397800,RABBINICAL SEMINARY OF AMERICA          ,NY,11375-0000,Private      ,1,12,13,5,17,22
00397900,COLUMBIA UNIV TEACHERS COLLEGE          ,NY,10027-0000,Private      ,2,463,465,19,3395,3414
00405400,HEBREW UNION COL-JEWISH INST OF REL     ,NY,10012-0000,Private      ,0,1,1,0,86,86
00455301,ITT TECHNICAL INSTITUTE                 ,NY,12205-0000,Proprietary  ,38,89,127,148,256,404
00475900,"CUNY, YORK COLLEGE                      ",NY,11451-0001,Public       ,767,766,1533,4287,2669,6956
00476500,CUNY GRADUATE SCH & UNIV CTR            ,NY,10016-4309,Public       ,5,379,384,30,1847,1877
00477600,CENTRAL YESHIVA TOMCHEI TMIMIM LUBA     ,NY,11230-2798,Private      ,11,11,22,21,11,32
00478800,HERKIMER COUNTY COMMUNITY COLLEGE       ,NY,13350-1598,Public       ,409,298,707,1859,810,2669
00479800,MIRRER YESHIVA CENTRAL INST             ,NY,11223-2010,Private      ,43,32,75,57,47,104
00479900,MONROE COLLEGE                          ,NY,10468-4305,Proprietary  ,939,1883,2822,2810,5136,7946
00481100,EVEREST INSTITUTE                       ,NY,14621-3007,Proprietary  ,155,608,763,378,1938,2316
00506401,ST JAMES MERCY HOSP SCH OF RAD          ,NY,14843-2197,Private      ,2,0,2,16,14,30
00506600,FAXTON ST. LUKE'S SCHOOL OF RADIOGRAPHY ,NY,13502-4856,Private      ,3,1,4,21,10,31
00520800,THE COLLEGE OF WESTCHESTER              ,NY,10602-0000,Proprietary  ,139,219,358,681,520,1201
00587700,ROBERT J HOCHSTIM SCHOOL OF RADIOG      ,NY,11572-1151,Private      ,0,3,3,0,9,9
00643501,ARNOT OGDEN MEDICAL CENTER              ,NY,14905-1676,Private      ,11,13,24,22,37,59
00643800,PHILLIPS BETH ISRAEL SCH OF NURSING     ,NY,10001-6354,Private      ,14,42,56,70,256,326
00644300,COCHRAN SCH NSG-ST JOHN RVSDE HOSP      ,NY,10701-1399,Private      ,14,92,106,64,362,426
00644500,CROUSE HOSP SCH OF NURSING              ,NY,13210-1690,Private      ,19,72,91,110,217,327
00644800,ELLIS HOSPITAL SCHOOL OF NURSING        ,NY,12308-0000,Private      ,1,20,21,22,93,115
00646101,ST ELIZABETH COLLEGE OF NURSING         ,NY,13501-2998,Private      ,10,8,18,86,129,215
00646102,ST ELIZABETH SCH OF RADIOGRAPHY         ,NY,13501-0000,Private      ,1,1,2,9,12,21
00646700,SAINT JOSEPH'S COLLEGE OF NURSING       ,NY,13203-1806,Private      ,10,12,22,158,214,372
00678200,GENESEE COMMUNITY COLLEGE               ,NY,14020-9704,Public       ,706,625,1331,2230,1578,3808
00678500,SCHENECTADY COUNTY COMMUNITY CLG        ,NY,12305-2294,Public       ,554,498,1052,1437,1229,2666
00678700,CLINTON COMMUNITY COLLEGE               ,NY,12901-5690,Public       ,267,175,442,959,528,1487
00678800,TOMPKINS CORTLAND COMMUNITY COLLEGE     ,NY,13053-8504,Public       ,392,349,741,1877,985,2862
00678900,COLUMBIA-GREENE COMMUNITY COLLEGE       ,NY,12534-9543,Public       ,220,142,362,778,478,1256
00679100,SUNY AT PURCHASE                        ,NY,10577-1400,Public       ,287,157,444,5297,828,6125
00702200,CUNY-LEHMAN COLLEGE                     ,NY,10468-1589,Public       ,946,1413,2359,7112,5561,12673
00702600,"MT SINAI SCH OF MEDICINE, NY UNIV       ",NY,10029-0000,Private      ,0,52,52,6,877,883
00710900,SUNY COLLEGE-OLD WESTBURY               ,NY,11568-0210,Public       ,396,333,729,3589,1151,4740
00711100,NORTH COUNTRY COMMUNITY COLLEGE         ,NY,12983-2046,Public       ,189,187,376,654,496,1150
00726400,MESIFTA TORAH VODAATH RABBINCAL SEM     ,NY,11218-5209,Private      ,2,14,16,3,15,18
00727300,CUNY-BERNARD BARUCH COLLEGE             ,NY,10010-5518,Public       ,1080,1199,2279,11074,5039,16113
00730400,CULINARY INSTITUTE OF AMERICA           ,NY,12538-1499,Private      ,326,206,532,2347,966,3313
00737200,AUSTIN'S SCHOOL OF SPA TECHNOLOGY       ,NY,12206-1513,Proprietary  ,28,36,64,47,84,131
00737500,ISLAND DRAFTING & TECHNICAL INST        ,NY,11701-2704,Proprietary  ,11,20,31,70,62,132
00738700,LONG ISLAND BEAUTY SCHOOL               ,NY,11788-4346,Proprietary  ,33,43,76,54,83,137
00738800,LONG ISLAND BEAUTY SCHOOL               ,NY,11550-3704,Proprietary  ,22,41,63,33,92,125
00739100,BEAUTY SCHOOL OF MIDDLETOWN             ,NY,10940-6574,Proprietary  ,16,39,55,31,60,91
00739400,BERKELEY COLLEGE                        ,NY,10017-0000,Proprietary  ,413,381,794,1809,1403,3212
00739402,BERKELEY COLLEGE-WESTCHESTER CAMPUS     ,NY,10601-1533,Proprietary  ,149,78,227,683,246,929
00739800,KATHARINE GIBBS SCHOOL                  ,NY,10018-2602,Proprietary  ,307,486,793,1339,2084,3423
00740100,MANDL SCHOOL                            ,NY,10019-5516,Proprietary  ,36,189,225,111,548,659
00740500,WOOD TOBE-COBURN SCHOOL                 ,NY,10016-0102,Proprietary  ,118,38,156,532,101,633
00746500,AMERICAN ACADEMY OF DRAMATIC ARTS       ,NY,10016-7089,Private      ,40,19,59,266,87,353
00746600,LIM COLLEGE                             ,NY,10022-5268,Proprietary  ,115,15,130,1091,88,1179
00746800,SCHOOL OF VISUAL ARTS                   ,NY,10010-3994,Proprietary  ,211,130,341,3099,1186,4285
00750602,LINCOLN TECHNICAL INSTITUTE             ,NY,11357-6092,Proprietary  ,170,74,244,394,157,551
00751800,APEX TECHNICAL SCHOOL                   ,NY,10011-2008,Proprietary  ,213,406,619,382,865,1247
00752200,CONTINENTAL SCH OF BEAUTY CULTURE       ,NY,14623-3231,Proprietary  ,65,181,246,84,237,321
00753200,FINGER LAKES COMMUNITY COLLEGE          ,NY,14424-8395,Public       ,569,448,1017,2282,1394,3676
00757200,AMERICAN MUSICAL AND DRAMATIC ACAD      ,NY,10023-2106,Private      ,170,32,202,1221,218,1439
00757300,EMPIRE BEAUTY SCHOOL                    ,NY,11103-4028,Proprietary  ,34,61,95,60,137,197
00780400,CAREER ACADEMY OF NEW YORK              ,NY,10011-7307,Proprietary  ,54,116,170,113,311,424
00818900,CONTINENTAL SCH OF BEAUTY CULTURE       ,NY,14223-0000,Proprietary  ,2,3,5,9,8,17
00818902,CONTINENTAL SCHOOL OF BEAUTY CULTURE  - ,NY,14224-3402,Proprietary  ,3,1,4,6,2,8
00843500,INTERBORO INSTITUTE                     ,NY,10019-3604,Proprietary  ,843,889,1732,1572,2087,3659
00843700,CHAMPLAIN VALLEY - TEC/PRN              ,NY,12901-0000,Public       ,4,27,31,13,36,49
00849500,JAMESTOWN BUSINESS COLLEGE              ,NY,14702-0429,Proprietary  ,43,78,121,128,217,345
00861100,"CUNY, HOSTOS CMTY COLLEGE               ",NY,10451-1499,Public       ,730,1182,1912,2235,3300,5535
00861700,RABBINICAL SEM MKOR CHAIM-YESHIVA       ,NY,11219-4300,Private      ,0,1,1,0,1,1
00878800,SUNY-STUDENT LOAN SERVICE CENTER        ,NY,12144-3440,Public       ,12,23,35,185,86,271
00900300,OLEAN BUSINESS INSTITUTE INC            ,NY,14760-2691,Proprietary  ,10,29,39,24,82,106
00902900,NEIGHBORHOOD PLAYHOUSE                  ,NY,10022-5017,Private      ,6,5,11,19,10,29
00904300,ELMIRA BUSINESS INSTITUTE               ,NY,14901-2731,Proprietary  ,25,150,175,92,595,687
00907700,UTICA SCHOOL OF COMMERCE                ,NY,13501-2280,Proprietary  ,39,83,122,139,267,406
00924800,SAMARITAN HOSPITAL SCH NURSING          ,NY,12180-2475,Private      ,7,27,34,52,123,175
00928300,MIDWAY-PARIS BEAUTY SCHOOL              ,NY,11385-3453,Proprietary  ,0,9,9,5,27,32
00928400,LEARNING INST FOR BEAUTY SCIENCES       ,NY,11756-1345,Proprietary  ,34,89,123,46,110,156
00947900,SAINT VINCENTS CMC SI NURSING SCHOOL    ,NY,10304-3850,Proprietary  ,12,24,36,40,81,121
00947901,SAINT VINCENTS CMC SI PHYS ASSIST PROG  ,NY,10304-3850,Proprietary  ,0,0,0,1,6,7
00976900,METROPOLITAN COLLEGE OF NEW YORK        ,NY,10013-1919,Private      ,45,343,388,112,1311,1423
00992900,SUNY COLLEGE OF OPTOMETRY               ,NY,10036-8003,Public       ,0,10,10,14,305,319
01005100,LA GUARDIA CMTY COLLEGE - CUNY          ,NY,11101-3083,Public       ,2216,2032,4248,5956,5056,11012
01005200,JEFFERSON-LEWIS BOCES PRAC NRSGPRG      ,NY,13601-9509,Public       ,9,31,40,14,72,86
01009700,CUNY-MEDGAR W EVERS COLLEGE             ,NY,11225-2010,Public       ,832,1284,2116,2485,3469,5954
01014200,TOURO COLLEGE                           ,NY,10010-4202,Private      ,1225,3314,4539,2683,9813,12496
01014700,WESTERN SUFFOLK BOCES                   ,NY,11768-3499,Public       ,18,84,102,44,171,215
01015300,HELENE FULD COL OF NRSNG/N GEN HOSP     ,NY,10035-0000,Private      ,5,130,135,11,253,264
01028600,EMPIRE STATE COLLEGE                    ,NY,12866-4391,Public       ,157,2078,2235,490,7749,8239
01037800,RABBINICAL COLLEGE OF LONG ISLAND       ,NY,11561-3244,Private      ,18,0,18,18,0,18
01055100,NEW YORK SCH MED & DENTAL ASSISTANT     ,NY,11101-2327,Proprietary  ,63,113,176,132,275,407
01064100,SOUTHERN WESTCHESTER BOCES              ,NY,10543-0000,Public       ,4,67,71,10,108,118
01068400,ERIE COMMUNITY COLLEGE-ALL CAMPUSES     ,NY,14203-2698,Public       ,2068,1716,3784,6219,5057,11276
01081300,AMERICAN ACAD MCALLISTER INST           ,NY,10019-3604,Private      ,17,47,64,56,168,224
01083700,SIMMONS INST OF FUNERAL SERVICE         ,NY,13207-2098,Proprietary  ,1,2,3,24,21,45
01093000,SUBURBAN TECHNICAL SCHOOL               ,NY,11550-3771,Proprietary  ,38,51,89,45,68,113
01094300,RABBINICAL COLLEGE BETH SHRAGA          ,NY,10952-3033,Private      ,8,0,8,8,0,8
01095200,PNW BOCES LPN PROGRAM                   ,NY,10598-0000,Public       ,7,44,51,8,66,74
01103100,TECHNICAL CAREER INSTITUTE              ,NY,10001-2789,Proprietary  ,695,901,1596,1603,2627,4230
01161400,CHAMPLAIN VALLEY HOSP SCH RAD TECH      ,NY,12901-1490,Private      ,1,1,2,13,9,22
01164700,SBI CAMPUS - AN AFFILIATE OF SANFORD-BRO,NY,11747-3785,Proprietary  ,88,141,229,294,425,719
01167700,MEMORIAL SLOAN KETTERING CANCER CTR     ,NY,10021-6094,Private      ,1,1,2,3,10,13
01167800,SUNY INST OF TECHNOLOGY UTICA ROME      ,NY,13504-3050,Public       ,210,336,546,1281,867,2148
01182100,YESHIVATH ZICHRON MOSHE                 ,NY,12779-0580,Private      ,28,1,29,28,1,29
01183000,BERK TRADE AND BUSINESS SCHOOL          ,NY,11101-0000,Proprietary  ,7,46,53,19,87,106
01185900,WORD OF LIFE BIBLE INSTITUTE            ,NY,12860-0129,Private      ,116,26,142,398,70,468
01186000,MERCY MED CNTR SCHL OF RADIOGRAPHY      ,NY,11570-1098,Private      ,2,1,3,4,2,6
01192100,WESTCHESTER SCH OF BEAUTY CULTURE       ,NY,10550-2295,Proprietary  ,3,18,21,7,38,45
01198400,OHR HAMEIR THEOLOGICAL SEMINARY         ,NY,10566-0990,Private      ,1,0,1,1,0,1
01201100,TALMUDICAL SEM OHOLEI TORAH             ,NY,11213-3310,Private      ,30,1,31,39,1,40
01207200,PHILLIPS HAIRSTYLING INSTITUTE          ,NY,13210-1509,Proprietary  ,17,37,54,38,104,142
01210700,INSTITUTE OF DESIGN & CONSTRUCTION      ,NY,11201-5380,Private      ,18,47,65,34,78,112
01220300,MEMORIAL HOSPITAL SCH OF NURSING        ,NY,12204-1083,Private      ,1,14,15,22,109,131
01227700,NEW YORK CHIROPRACTIC COLLEGE           ,NY,13148-0800,Private      ,1,86,87,10,665,675
01229300,VEEB NASSAU CNTY SCHL OF PRACT NURS     ,NY,11553-3037,Public       ,12,84,96,33,184,217
01235800,PLAZA COLLEGE                           ,NY,11372-6300,Proprietary  ,88,188,276,298,666,964
01236400,SAINT VINCENTS CATHOLIC MEDICAL CENTERS ,NY,11354-0000,Proprietary  ,5,35,40,20,117,137
01240700,SCHUYLER-CHEMUNG-TIOGA BOCES            ,NY,14903-1089,Public       ,9,51,60,12,91,103
01240701,STEUBEN SCHUYLER CHEMUNG TIOGA ALLEGANY ,NY,14870-9518,Public       ,10,40,50,15,95,110
01256100,FIVE TOWNS COLLEGE                      ,NY,11746-5871,Proprietary  ,128,47,175,1098,205,1303
01258900,ERIE 1 BOCES                            ,NY,14224-0000,Public       ,18,58,76,29,138,167
01265200,ONONDAGA CORTLAND MADISON BOCES         ,NY,13090-4500,Public       ,44,174,218,83,346,429
01278300,OSWEGO COUNTY BOCES ADULT CAREERS       ,NY,13114-4498,Public       ,9,21,30,27,63,90
01292700,CENTRAL TECH NURSING PROGRAM            ,NY,13202-3092,Public       ,2,23,25,11,53,64
01302600,MACHZIKEI HADATH RABBINICAL COLLEGE     ,NY,11204-1805,Private      ,0,0,0,1,0,1
01302900,BORICUA COLLEGE                         ,NY,10032-1599,Private      ,99,372,471,270,969,1239
02056400,CAPRI COSMETOLOGY LEARNING CENTER       ,NY,10954-0000,Proprietary  ,15,22,37,26,37,63
02066200,THE NEW SCHOOL                          ,NY,10011-0000,Private      ,343,714,1057,3948,4294,8242
02069000,NEW YORK SCHOOL OF INTERIOR DESIGN      ,NY,10021-0000,Private      ,14,38,52,126,140,266
02075700,BRIARCLIFFE COLLEGE                     ,NY,11714-0000,Proprietary  ,215,168,383,1160,687,1847
02075702,BRIARCLIFFE COLLEGE - PATCHOGUE         ,NY,11772-3019,Proprietary  ,105,94,199,749,495,1244
02092400,RIDLEY-LOWELL SCHOOL OF BUSINESS        ,NY,13905-0000,Proprietary  ,15,42,57,24,89,113
02093700,LONG ISLAND BUSINESS INSTITUTE          ,NY,11725-0000,Proprietary  ,83,236,319,264,935,1199
02098400,HERKIMER COUNTY BOCES                   ,NY,13350-0000,Public       ,10,46,56,23,72,95
02104300,OTSEGO AREA SCHOOL OF PRAC NURSING      ,NY,13820-0000,Public       ,8,21,29,11,32,43
02105900,HAIR DESIGN INSTITUTE AT FIFTH AVE      ,NY,11220-0000,Proprietary  ,3,11,14,8,34,42
02106800,BRAMSON ORT COLLEGE                     ,NY,11375-0000,Private      ,84,104,188,158,273,431
02110900,CATTARAUGUS/ALLEGANY BOCES              ,NY,14760-0000,Public       ,22,53,75,32,103,135
02116011,SANFORD-BROWN INSTITUTE - NEW YORK      ,NY,10003-2103,Proprietary  ,134,371,505,267,834,1101
02118700,LONG ISLAND COLLEGE HOSPITAL - SCHOOL OF,NY,11201-6001,Private      ,15,69,84,106,227,333
02118702,LONG ISLAND COLLEGE HOSPITAL - SCHOOL OF,NY,11201-6001,Private      ,9,5,14,29,23,52
02124000,ORANGE ULSTER BOCES SCH OF PRAC NRS     ,NY,10924-9401,Public       ,9,26,35,29,89,118
02125500,CIRCLE IN THE SQUARE THEATRE SCHOOL     ,NY,10019-0000,Private      ,8,10,18,47,47,94
02126300,MADISON-ONEIDA BOCES PRAC NRS           ,NY,13478-0000,Public       ,10,69,79,14,119,133
02138500,BOCES RENSSELAER SCH OF PRAC NRSG       ,NY,12033-3221,Public       ,11,37,48,15,84,99
02145800,CAYUGA ONONDAGA BOCES                   ,NY,13021-9430,Public       ,1,6,7,11,60,71
02146000,WAYNE-FINGER LAKES BOCES                ,NY,14513-0000,Public       ,27,98,125,31,133,164
02152000,YESHIVA SHAAR HATORAH ITRI TORAH        ,NY,11418-0000,Private      ,0,1,1,0,3,3
02153600,BROOME-TIOGA BOCES PN PROG              ,NY,13905-0000,Public       ,5,30,35,12,64,76
02157900,ROCHESTER GENERAL HOSPITAL              ,NY,14621-3001,Private      ,0,1,1,12,104,116
02158200,WSHNGTN-SARTGA-WARN-HMLTN-ESX BOCES     ,NY,12839-1051,Public       ,6,45,51,22,113,135
02160100,GENEVA GENERAL HOSPITAL                 ,NY,14456-0000,Private      ,1,11,12,17,43,60
02163400,NEW YORK CAREER INSTITUTE               ,NY,10007-2801,Proprietary  ,54,111,165,151,421,572
02169100,DAVIS COLLEGE                           ,NY,13790-0000,Private      ,39,37,76,144,79,223
02170000,SWEDISH INSTITUTE                       ,NY,10001-0000,Proprietary  ,20,133,153,57,505,562
02170200,ALBANY SCHOHARIE SCHENECTADY            ,NY,12205-0000,Public       ,19,75,94,26,112,138
02171900,AILEY SCHOOL (THE)                      ,NY,10019-4402,Private      ,13,9,22,66,31,97
02172100,HAMILTON-FULTON-MONTGOMERY BOCES        ,NY,12095-0000,Public       ,11,25,36,32,28,60
02172800,DUTCHESS COUNTY BOCES SCH PRAC NURS     ,NY,12601-0000,Public       ,9,45,54,26,101,127
02173200,EMPIRE BEAUTY SCHOOL                    ,NY,10001-0000,Proprietary  ,177,221,398,352,584,936
02173900,ULSTER COUNTY BOCES PRACTICAL NRSG      ,NY,12466-0000,Public       ,13,45,58,21,79,100
02176000,CHERYL FELL'S SCHOOL OF BUSINESS        ,NY,14304-0000,Proprietary  ,3,3,6,5,15,20
02179400,EASTERN SUFFOLK BOCES                   ,NY,11713-0000,Public       ,49,116,165,93,349,442
02179401,HARRY B WARD TECH CTR-EAST SUF BOCE     ,NY,11901-0000,Public       ,0,0,0,1,1,2
02182200,NEW SCHOOL OF RADIO & TELEVISION        ,NY,12206-1106,Proprietary  ,2,8,10,20,22,42
02191600,TORAH TEMIMAH TALMUDICAL SEMINARY       ,NY,11218-0000,Private      ,3,0,3,3,0,3
02192500,BELLEVUE HOSP CTR SCH RAD TECH          ,NY,10016-0000,Public       ,2,9,11,12,21,33
02193700,SAINT LAWRENCE LEWIS COUNTY BOCES       ,NY,13617-0000,Public       ,2,9,11,66,33,99
02193701,SAINT LAWRENCE LEWIS COUNTY BOCES - NORT,NY,13669-0798,Public       ,0,0,0,2,0,2
02193702,SAINT LAWRENCE LEWIS COUNTY BOCES - SOUT,NY,13642-0342,Public       ,0,2,2,1,2,3
02193703,SAINT LAWRENCE LEWIS COUNTY BOCES - ADUL,NY,13668-3238,Public       ,1,2,3,1,2,3
02199300,ORLEANS-NIAGARA BOCES                   ,NY,14132-0000,Public       ,0,4,4,12,27,39
02206000,HUNTER BUSINESS SCHOOL                  ,NY,11756-0000,Proprietary  ,32,154,186,72,285,357
02206001,HUNTER BUSINESS SCHOOL -                ,NY,11763-0000,Proprietary  ,1,2,3,8,8,16
02217800,D.HOPFER SCH NURSING AT MT.VRN HOSP     ,NY,10550-0000,Private      ,5,46,51,24,208,232
02219500,MILDRED ELLEY                           ,NY,12206-1513,Proprietary  ,64,215,279,130,608,738
02235600,ERIE 2-CHAUTAUQUA-CATTARAUGUS BOCES     ,NY,14006-0000,Public       ,5,11,16,16,93,109
02265100,YESHIVA DERECH CHAIM                    ,NY,11218-0000,Private      ,1,4,5,3,5,8
02265200,GLOBAL BUSINESS INSTITUTE               ,NY,11691-0000,Private      ,47,186,233,158,591,749
02272900,ROCKLAND COUNTY BOCES PRAC NRSG SCH     ,NY,10994-0000,Public       ,6,30,36,13,62,75
02275900,"MODERN WELDING SCHOOL, INC.             ",NY,12304-0000,Proprietary  ,19,19,38,36,35,71
02287800,NATIONAL TRACTOR TRAILER SCHOOL         ,NY,13088-2505,Proprietary  ,5,78,83,6,104,110
02294900,INSTITUTE OF AUDIO RESEARCH             ,NY,10003-0000,Proprietary  ,153,85,238,338,218,556
02306500,PROFESSIONAL BUSINESS INSTITUTE         ,NY,10002-0000,Private      ,154,175,329,395,579,974
02314200,NORTHERN WESTCHESTER SCH COSMETOL       ,NY,10566-0000,Proprietary  ,6,7,13,7,13,20
02325600,NEW YORK INSTITUTE OF ENGLISH & BUS     ,NY,10001-0000,Private      ,27,88,115,55,218,273
02348700,CAREER BLAZERS LEARNING CENTER          ,NY,10017-0000,Proprietary  ,5,63,68,16,210,226
02349700,RABBINICAL SEMINARY ADAS YEREIM         ,NY,11211-0000,Private      ,0,0,0,2,0,2
02350600,YESHIVA AND KOLLEL HARBOTZAS TORAH      ,NY,11230-0000,Private      ,0,2,2,0,2,2
02454300,NEW YORK UNIVERSITY SCHOOL OF MEDICINE  ,NY,10016-6497,Private      ,7,49,56,152,1027,1179
02491400,SPANISH AMERICAN INSTITUTE              ,NY,10036-0000,Private      ,3,10,13,5,14,19
02505900,SH-OR YOSHUV RABBINICAL COLLEGE         ,NY,11691-0000,Private      ,5,2,7,6,2,8
02506000,ASSOCIATED BETH RIVKAH SCHOOLS          ,NY,11225-0000,Private      ,23,1,24,25,1,26
02506100,CITY UNIV OF NEW YORK-CENTRAL           ,NY,10021-0000,Public       ,27,37,64,371,218,589
02506200,MERCE CUNNINGHAM STUDIO                 ,NY,10014-0000,Private      ,0,0,0,1,1,2
02506800,YESHIVAT MIKDASH MELECH                 ,NY,11230-0000,Private      ,22,9,31,25,9,34
02511500,JOFFREY BALLET SCHOOL                   ,NY,10011-0000,Proprietary  ,14,0,14,27,1,28
02513500,MAR JON SCHOOL OF BEAUTY CULTURE        ,NY,14150-0000,Proprietary  ,12,16,28,19,28,47
02525600,ART INSTITUTE OF NEW YORK CITY (THE)    ,NY,10013-2429,Proprietary  ,339,245,584,1498,961,2459
02540800,"GLOBE INSTITUTE OF TECHNOLOGY, INC.     ",NY,10007-0000,Proprietary  ,6,5,11,212,514,726
02546000,TRI-STATE COLLEGE OF ACUPUNCTURE        ,NY,10011-0000,Proprietary  ,0,42,42,0,136,136
02546300,YESHIVA OF THE TELSHE ALUMNI            ,NY,10471-0000,Private      ,1,0,1,1,0,1
02550600,TALMUDICAL INST OF UPSTATE NY           ,NY,14607-0000,Private      ,0,0,0,4,0,4
02556700,SEMINAR L'MOROS BAIS YAAKOV             ,NY,11219-0000,Private      ,3,0,3,6,0,6
02572900,BUSINESS INFORMATICS CENTER             ,NY,11580-0000,Proprietary  ,22,69,91,29,85,114
02575400,FRENCH CULINARY INSTITUTE               ,NY,10013-2618,Proprietary  ,48,86,134,144,259,403
02587600,ORLO SCH HAIR DESIGN & COSMETOLOGY      ,NY,12206-1723,Proprietary  ,38,20,58,67,52,119
02599400,NEW YORK COLLEGE OF HEALTH PROFESSIONS  ,NY,11791-4413,Private      ,37,171,208,126,556,682
02600100,NEW YORK ACADEMY OF ART (THE)           ,NY,10013-2911,Private      ,4,13,17,37,122,159
02614900,SANFORD-BROWN INSTITUTE                 ,NY,10604-2910,Proprietary  ,47,135,182,109,401,510
02615001,SANFORD-BROWN INSTITUTE - GARDEN CITY   ,NY,11530-4734,Proprietary  ,4,8,12,10,24,34
02616600,SHEAR EGO INTL SCH OF HAIR DESIGN       ,NY,14617-3501,Proprietary  ,12,15,27,22,30,52
02617000,CONTINENTAL SCH OF BEAUTY CULTURE       ,NY,14020-1908,Proprietary  ,12,57,69,18,69,87
02617001,CONTINENTAL SCHOOL OF BEAUTY CULTURE - O,NY,14760-2618,Proprietary  ,0,0,0,2,2,4
03007200,DANCE THEATRE OF HARLEM                 ,NY,10031-0000,Private      ,4,1,5,9,3,12
03027701,PACIFIC COLLEGE OF ORIENTAL MEDICINE - N,NY,10010-7108,Proprietary  ,2,133,135,4,273,277
03081600,DELAWARE CHENANGO MADISON OT. BOCES     ,NY,13815-9554,Public       ,11,37,48,13,49,62
03088500,NEW YORK INTERNATIONAL BEAUTY SCH       ,NY,10019-0000,Proprietary  ,16,80,96,33,174,207
03089700,COMPUTER CAREER CENTER                  ,NY,11530-3334,Proprietary  ,92,304,396,146,551,697
03095500,ASA INST BUSINESS & COMPUTER TECH       ,NY,11201-5208,Proprietary  ,225,725,950,758,2960,3718
03096200,CHARLES STUART SCHOOL                   ,NY,11229-2004,Proprietary  ,2,19,21,3,23,26
03099100,SUNBRIDGE COLLEGE                       ,NY,10977-0000,Private      ,0,8,8,1,67,68
03103700,ADIRONDACK BEAUTY SCHOOL                ,NY,12801-3158,Proprietary  ,7,6,13,14,17,31
03104900,SULLIVAN COUNTY BOCES                   ,NY,12754-2116,Public       ,1,21,22,12,44,56
03111100,NEW YORK PARALEGAL SCHOOL               ,NY,10007-0000,Proprietary  ,2,57,59,8,96,104
03115300,GENESEE VALLEY BOCES                    ,NY,14020-1099,Public       ,3,32,35,12,46,58
03120700,NEW YORK CONSERVATORY FOR DRAMATIC ARTS ,NY,10011-4225,Proprietary  ,40,20,60,303,106,409
03127100,YESHIVAS NOVOMINSK                      ,NY,11219-0000,Private      ,1,0,1,1,1,2
03169300,STUDIO JEWELERS                         ,NY,10016-4112,Proprietary  ,2,4,6,4,10,14
03172400,CALIBER TRAINING INSTITUTE              ,NY,10018-6504,Proprietary  ,82,376,458,123,549,672
03181400,MERKAZ BNOS                             ,NY,11204-0000,Private      ,3,146,149,3,156,159
03191300,CUNY SCHOOL OF LAW @ QUEENS COLLEGE     ,NY,11367-0000,Public       ,6,47,53,91,967,1058
03193300,MANHATTAN SCHOOL OF COMPUTER TECH       ,NY,11230-1617,Private      ,0,13,13,14,100,114
03203300,NEW YORK INSTITUTE OF MASSAGE           ,NY,14221-6021,Proprietary  ,19,44,63,50,159,209
03208300,GRACE INSTITUTE OF BUSINESS TECH        ,NY,11201-2303,Private      ,0,0,0,20,71,91
03216300,UNIFICATION THEOLOGICAL SEMINARY        ,NY,12507-5021,Private      ,0,3,3,0,9,9
03315300,HARLEM SCHOOL OF TECHNOLOGY             ,NY,10027-4426,Proprietary  ,1,7,8,4,13,17
03328300,FRANKLIN CAREER INSTITUTE               ,NY,11550-3003,Private      ,64,117,181,152,388,540
03342400,AMERICAN BARBER INSTITUTE               ,NY,10001-5271,Proprietary  ,16,19,35,32,59,91
03358300,ALLEN SCHOOL                            ,NY,11432-4901,Proprietary  ,98,317,415,182,675,857
03361500,WILLSEY INSTITUTE                       ,NY,10301-1989,Proprietary  ,4,22,26,7,38,45
03380300,CULINARY ACADEMY OF LONG ISLAND         ,NY,11791-5311,Proprietary  ,25,67,92,47,116,163
03419400,NORTHEASTERN SEMINARY                   ,NY,14624-1997,Private      ,0,25,25,1,84,85
03426400,ANTHEM INSTITUTE                        ,NY,10018-0000,Proprietary  ,124,196,320,382,796,1178
03433500,LIA SCHORR INSTITUTE OF COSMETIC SK     ,NY,10022-2614,Proprietary  ,5,17,22,7,27,34
03443300,NEW YORK COLLEGE OF TRADITIONAL CHINESE ,NY,11501-0000,Private      ,1,22,23,3,51,54
03496300,YESHIVA SHAAREI TORAH OF ROCKLAND       ,NY,10901-4003,Private      ,3,0,3,3,0,3
03537300,NEW YORK AUTOMOTIVE & DIESEL INSTIT     ,NY,11101-0000,Proprietary  ,107,186,293,201,346,547
03568300,LEON STUDIO ONE SCHOOL OF HAIR DESI     ,NY,14221-5323,Proprietary  ,20,33,53,37,52,89
03651300,SAINT JOSEPH'S MEDICAL CENTER SCHOO     ,NY,10701-4080,Private      ,1,3,4,4,3,7
03652300,METROPOLITAN LEARNING INSTITUTE         ,NY,11375-0000,Private      ,5,129,134,13,351,364
03691300,USA BEAUTY SCHOOL INTERNATIONAL         ,NY,10013-3530,Proprietary  ,9,117,126,14,121,135
03713300,BEIS MEDRASH HEICHAL DOVID              ,NY,11691-4433,Private      ,1,0,1,3,0,3
03773300,CENTER FOR NATURAL WELLNESS SCHOOL OF MA,NY,12205-1601,Proprietary  ,21,50,71,33,82,115
03802300,UTA MESIVTA OF KIRYAS JOEL              ,NY,10950-2169,Private      ,0,91,91,0,91,91
03819400,HUDSON VALLEY SCHOOL OF ADVANCED AESTHET,NY,12493-0000,Proprietary  ,11,11,22,26,25,51
03839300,AVEDA INSTITUTE NEW YORK                ,NY,10013-1522,Proprietary  ,24,33,57,58,102,160
03881300,UNION GRADUATE COLLEGE                  ,NY,12308-3103,Private      ,1,35,36,4,136,140
03903400,AMERICAN BEAUTY SCHOOL                  ,NY,10462-8003,Proprietary  ,14,87,101,20,110,130
03941400,ELITE ACADEMY OF BEAUTY ARTS            ,NY,11223-1630,Proprietary  ,7,41,48,7,53,60
03983300,"SCHOOL OF PROFESSIONAL HORTICULTURE, AT ",NY,10458-5126,Private      ,0,3,3,0,5,5
04043300,ACE COMPUTER TRAINING CENTER            ,NY,11375-5337,Proprietary  ,0,5,5,1,5,6
04095300,KING'S COLLEGE (THE)                    ,NY,10018-0110,Private      ,1,1,2,1,1,2
04102300,NEW AGE TRAINING                        ,NY,10018-0000,Proprietary  ,11,29,40,13,41,54
00267808,BRYANT & STRATTON COLLEGE - PARMA       ,OH,44130-0000,Proprietary  ,159,649,808,464,2192,2656
00301000,ANTIOCH UNIVERSITY                      ,OH,45387-1608,Private      ,22,19,41,505,108,613
00301001,ANTIOCH UNIVERSITY MCGREGOR             ,OH,45387-0000,Private      ,1,247,248,11,631,642
00301010,ANTIOCH UNIVERSITY                      ,OH,45387-0000,Private      ,1,9,10,25,114,139
00301100,ART ACADEMY OF CINCINNATI               ,OH,45202-7106,Private      ,28,17,45,201,71,272
00301200,ASHLAND UNIVERSITY                      ,OH,44805-3799,Private      ,207,721,928,3036,2419,5455
00301300,ATHENAEUM OF OHIO                       ,OH,45230-2000,Private      ,0,3,3,1,4,5
00301400,BALDWIN-WALLACE COLLEGE                 ,OH,44017-2088,Private      ,273,275,548,3973,1195,5168
00301600,BLUFFTON UNIVERSITY                     ,OH,45817-2104,Private      ,90,76,166,1307,277,1584
00301800,BOWLING GREEN STATE UNIVERSITY          ,OH,43403-0001,Public       ,1538,900,2438,15615,4509,20124
00302300,CAPITAL UNIVERSITY                      ,OH,43209-2394,Private      ,281,305,586,3362,2251,5613
00302400,CASE WESTERN RESERVE UNIV               ,OH,44106-0000,Private      ,182,133,315,4779,694,5473
00302401,CASE WESTERN RESERVE UNIV - MED         ,OH,44106-0000,Private      ,2,32,34,29,1029,1058
00302402,CASE WESTERN RESERVE UNIV - DENTAL      ,OH,44106-0000,Private      ,2,12,14,11,340,351
00302403,CASE WESTERN RESERVE UNIV - LAW         ,OH,44106-0000,Private      ,0,53,53,6,1126,1132
00302404,CASE WESTERN RESERVE UNIV - UG          ,OH,44106-0000,Private      ,63,15,78,654,71,725
00302405,CASE WESTERN RESERVE UNIV - MSASS       ,OH,44106-0000,Private      ,1,40,41,6,456,462
00302406,CASE WESTERN RESERVE UNIV - NURS UG     ,OH,44106-0000,Private      ,21,12,33,202,104,306
00302407,CASE WESTERN RESERVE UNIV - WSOM        ,OH,44106-0000,Private      ,1,92,93,21,296,317
00302408,CASE WESTERN RESERVE UNIV -A&S GRAD     ,OH,44106-0000,Private      ,4,86,90,25,302,327
00302409,CASE WESTERN RESERVE UNIV -ENG GRAD     ,OH,44106-0000,Private      ,0,25,25,33,101,134
00302410,CASE WESTERN RESERVE UNIV -NURS GRD     ,OH,44106-0000,Private      ,2,50,52,18,339,357
00302500,CEDARVILLE UNIVERSITY                   ,OH,45314-8564,Private      ,229,48,277,3273,172,3445
00302600,CENTRAL STATE UNIVERSITY                ,OH,45384-1004,Public       ,416,228,644,2763,920,3683
00302900,CINCINNATI CHRISTIAN UNIVERSITY         ,OH,45204-3200,Private      ,126,198,324,517,466,983
00303000,OHIO CHRISTIAN UNIVERSITY               ,OH,43113-9487,Private      ,88,201,289,242,430,672
00303100,CLEVELAND INSTITUTE OF MUSIC            ,OH,44106-1776,Private      ,6,7,13,478,362,840
00303200,CLEVELAND STATE UNIVERSITY              ,OH,44115-2214,Public       ,1047,2623,3670,6440,9875,16315
00303300,COLLEGE OF MT ST JOSEPH                 ,OH,45233-1670,Private      ,130,171,301,1455,925,2380
00303500,OHIO DOMINICAN UNIVERSITY               ,OH,43219-2099,Private      ,90,509,599,2314,1999,4313
00303600,FRANCISCAN UNIV OF STEUBENVILLE         ,OH,43952-1763,Private      ,148,122,270,2040,631,2671
00303700,COLLEGE OF WOOSTER                      ,OH,44691-2363,Private      ,46,8,54,2236,34,2270
00303900,COLUMBUS COLLEGE OF ART AND DESIGN      ,OH,43215-1758,Private      ,113,59,172,1542,325,1867
00304000,CUYAHOGA COMMUNITY COLLEGE              ,OH,44115-2878,Public       ,1269,3461,4730,4053,10965,15018
00304001,CUYAHOGA COMMUNITY CLG-EASTERN CAM      ,OH,44122-6195,Public       ,170,359,529,526,1144,1670
00304002,CUYAHOGA COMMUNITY CLG-METRO CAMPUS     ,OH,44115-0000,Public       ,199,622,821,686,1913,2599
00304003,CUYAHOGA COMMUNITY CLG-WESTERN CMPS     ,OH,44130-0000,Public       ,306,386,692,1228,1288,2516
00304100,"DEFIANCE COLLEGE, THE                   ",OH,43512-1695,Private      ,83,56,139,1047,298,1345
00304200,DENISON UNIVERSITY                      ,OH,43023-1329,Private      ,36,4,40,2387,21,2408
00304300,CHANCELLOR UNIVERSITY                   ,OH,44114-1096,Proprietary  ,33,251,284,104,698,802
00304400,TRINITY LUTHERAN SEMINARY               ,OH,43209-0000,Private      ,1,38,39,1,163,164
00304500,UNIVERSITY OF FINDLAY                   ,OH,45840-3695,Private      ,312,296,608,2983,1191,4174
00304600,FRANKLIN UNIVERSITY                     ,OH,43215-5399,Private      ,137,1247,1384,686,6431,7117
00304606,FRANKLIN UNIVERSITY - NORTHWEST         ,OH,43019-5331,Private      ,2,6,8,4,20,24
00304608,FRANKLIN UNIVERSITY - NORTHEAST         ,OH,43081-1111,Private      ,2,4,6,5,23,28
00304700,HEBREW UNION COLLEGE MAIN CAMPUS        ,OH,45220-0000,Private      ,0,14,14,0,113,113
00304800,HEIDELBERG UNIVERSITY                   ,OH,44883-2462,Private      ,119,66,185,1667,309,1976
00304900,HIRAM COLLEGE                           ,OH,44234-1808,Private      ,36,73,109,1510,267,1777
00305000,JOHN CARROLL UNIVERSITY                 ,OH,44118-4581,Private      ,205,186,391,3828,774,4602
00305100,KENT STATE UNIV - KENT CAMPUS           ,OH,44242-0001,Public       ,1843,1623,3466,17124,7748,24872
00305101,KENT STATE UNIV - GEAUGA CAMPUS         ,OH,44021-0000,Public       ,63,79,142,264,286,550
00305102,KENT STATE UNIV - STARK CAMPUS          ,OH,44720-0000,Public       ,395,401,796,1718,1536,3254
00305103,KENT STATE UNIV - TUSCARAWAS CAMPUS     ,OH,44663-0000,Public       ,141,239,380,755,912,1667
00305104,KENT STATE UNIV - TRUMBULL CAMPUS       ,OH,44483-0000,Public       ,179,275,454,731,1122,1853
00305105,KENT STATE UNIV - ASHTABULA CAMPUS      ,OH,44004-0000,Public       ,113,301,414,540,1008,1548
00305106,KENT STATE UNIV -E.LIVERPOOL CAMPUS     ,OH,43920-0000,Public       ,71,109,180,292,513,805
00305107,KENT STATE UNIV - SALEM CAMPUS          ,OH,44460-0000,Public       ,89,140,229,559,668,1227
00306500,KENYON COLLEGE                          ,OH,43022-9623,Private      ,33,1,34,2277,28,2305
00306600,LAKE ERIE COLLEGE                       ,OH,44077-3389,Private      ,84,78,162,1027,325,1352
00306800,LORAIN COUNTY COMMUNITY COLLEGE         ,OH,44035-1691,Public       ,899,1455,2354,2476,4188,6664
00306900,LOURDES COLLEGE                         ,OH,43560-2898,Private      ,138,420,558,600,1518,2118
00307200,MALONE UNIVERSITY                       ,OH,44709-3897,Private      ,84,205,289,1945,995,2940
00307300,MARIETTA COLLEGE                        ,OH,45750-4033,Private      ,102,40,142,2249,236,2485
00307500,METHODIST THEOLOGICAL SCH IN OHIO       ,OH,43015-0000,Private      ,0,51,51,0,220,220
00307600,MIAMI-JACOBS COLLEGE                    ,OH,45401-0000,Proprietary  ,51,265,316,172,1096,1268
00307602,MIAMI - JACOBS CAREER COLLEGE - SPRINGBO,OH,45066-1115,Proprietary  ,43,154,197,128,452,580
00307603,MIAMI - JACOBS CAREER COLLEGE - TROY    ,OH,45373-3837,Proprietary  ,48,165,213,98,384,482
00307700,MIAMI UNIVERSITY                        ,OH,45056-1831,Public       ,1086,809,1895,15303,3330,18633
00307800,WRIGHT STATE UNIVERSITY                 ,OH,45435-0002,Public       ,1230,1288,2518,10241,6893,17134
00308300,MOUNT UNION COLLEGE                     ,OH,44601-3993,Private      ,199,36,235,2935,140,3075
00308400,MUSKINGUM UNIVERSITY                    ,OH,43762-1199,Private      ,151,104,255,2077,423,2500
00308500,NOTRE DAME COLLEGE OF OHIO              ,OH,44121-4293,Private      ,92,253,345,1090,853,1943
00308600,OBERLIN COLLEGE                         ,OH,44074-1090,Private      ,57,15,72,4065,97,4162
00308800,OHIO COLLEGE OF PODIATRIC MEDICINE      ,OH,44131-7304,Private      ,0,35,35,3,399,402
00308900,OHIO NORTHERN UNIVERSITY                ,OH,45810-1555,Private      ,315,92,407,3968,1039,5007
00309000,OHIO STATE UNIVERSITY-ALL CAMPUSES      ,OH,43210-1358,Public       ,2800,2193,4993,40157,20163,60320
00310000,OHIO UNIVERSITY                         ,OH,45701-2979,Public       ,1332,737,2069,16566,4174,20740
00310002,"OHIO UNIVERSITY, ZANESVILLE CAMPUS      ",OH,43701-0000,Public       ,92,188,280,825,958,1783
00310003,"OHIO UNIVERSITY, LANCASTER CAMPUS       ",OH,43130-0000,Public       ,152,211,363,775,855,1630
00310004,"OHIO UNIVERSITY, SOUTHERN CAMPUS        ",OH,45638-0000,Public       ,140,302,442,701,1144,1845
00310005,"OHIO UNIVERSITY, CHILLICOTHE CAMPUS     ",OH,45601-0000,Public       ,160,322,482,662,1235,1897
00310006,"OHIO UNIVERSITY, EASTERN CAMPUS         ",OH,43950-0000,Public       ,72,70,142,448,234,682
00310008,OHIO UNIV COLL OF OSTEOPATHIC MED       ,OH,45701-0000,Public       ,2,20,22,15,458,473
00310900,OHIO WESLEYAN UNIVERSITY                ,OH,43015-2398,Private      ,31,9,40,2322,82,2404
00311000,OTTERBEIN COLLEGE                       ,OH,43081-2006,Private      ,191,176,367,3473,831,4304
00311300,PONTIFICAL COLLEGE JOSEPHINUM           ,OH,43235-1498,Private      ,8,8,16,34,22,56
00311401,FIRELANDS REGIONAL MEDICAL CENTER       ,OH,44870-4788,Private      ,1,11,12,53,118,171
00311500,RABBINICAL COLLEGE OF TELSHE            ,OH,44092-2584,Private      ,2,9,11,6,17,23
00311600,UNIV OF RIO GRANDE                      ,OH,45674-3131,Private      ,220,361,581,1543,1335,2878
00311900,SINCLAIR COMMUNITY COLLEGE              ,OH,45402-1460,Public       ,1791,3281,5072,5422,9580,15002
00312100,TIFFIN UNIVERSITY                       ,OH,44883-2161,Private      ,198,404,602,1533,1383,2916
00312200,UNITED THEOLOGICAL SEMINARY             ,OH,45406-0000,Private      ,0,48,48,2,176,178
00312300,UNIVERSITY OF AKRON                     ,OH,44325-6211,Public       ,1820,2123,3943,15063,10550,25613
00312500,UNIVERSITY OF CINCINNATI                ,OH,45221-0125,Public       ,3071,3550,6621,18014,13906,31920
00312504,UNIVERSITY OF CINCINNATI - COLLEGE OF ME,OH,45267-0553,Public       ,20,33,53,88,792,880
00312700,UNIVERSITY OF DAYTON                    ,OH,45469-0002,Private      ,284,601,885,7812,2784,10596
00313100,UNIVERSITY OF TOLEDO                    ,OH,43606-3390,Public       ,1538,1348,2886,14006,6455,20461
00313101,UNIVERSITY OF TOLEDO - HEALTH SCIENCE CA,OH,43614-2598,Public       ,35,180,215,358,1388,1746
00313300,URBANA UNIVERSITY                       ,OH,43078-2091,Private      ,104,113,217,833,484,1317
00313400,URSULINE COLLEGE                        ,OH,44124-4398,Private      ,62,255,317,741,1113,1854
00313500,WALSH UNIVERSITY                        ,OH,44720-3396,Private      ,112,174,286,2069,886,2955
00314100,WILBERFORCE UNIVERSITY                  ,OH,45384-1001,Private      ,117,97,214,1205,497,1702
00314200,WILMINGTON COLLEGE                      ,OH,45177-2499,Private      ,132,99,231,1818,431,2249
00314300,WITTENBERG UNIVERSITY                   ,OH,45501-2199,Private      ,77,38,115,2701,180,2881
00314400,XAVIER UNIVERSITY                       ,OH,45207-1035,Private      ,250,507,757,4448,2366,6814
00314500,YOUNGSTOWN STATE UNIVERSITY             ,OH,44555-0001,Public       ,1233,1341,2574,7831,5673,13504
00398200,CLEVELAND INSTITUTE OF ART              ,OH,44106-1700,Private      ,29,38,67,671,145,816
00406000,WINEBRENNER THEOLOGICAL SEMINARY        ,OH,45840-0000,Private      ,0,23,23,1,67,68
00485200,CLARK STATE COMMUNITY COLLEGE           ,OH,45505-4795,Public       ,329,676,1005,1019,2344,3363
00485300,BRADFORD SCHOOL                         ,OH,43219-0000,Proprietary  ,127,122,249,513,367,880
00485500,DAVIS COLLEGE                           ,OH,43623-4307,Proprietary  ,35,182,217,91,543,634
00486100,UNIVERSITY OF NORTHWESTERN OHIO         ,OH,45805-1498,Private      ,363,206,569,3185,851,4036
00486600,STAUTZENBERGER COLLEGE                  ,OH,43537-4007,Proprietary  ,107,300,407,275,968,1243
00510200,SCH OF DIAGNOSTIC IMAGING-CLEVELAND     ,OH,44119-0000,Private      ,2,9,11,8,35,43
00512700,BROWN MACKIE COLLEGE-CINCINNATI         ,OH,45215-1107,Proprietary  ,357,1453,1810,780,3570,4350
00531300,NORTH CENTRAL STATE COLLEGE             ,OH,44901-0000,Public       ,284,546,830,988,1954,2942
00575300,OWENS STATE COMMUNITY COLLEGE           ,OH,43699-0000,Public       ,1681,2870,4551,4465,7798,12263
00648700,AULTMAN COLLEGE OF NURSING AND HEALTH SC,OH,44710-1799,Private      ,16,37,53,132,218,350
00648900,CHRIST HOSP SCH OF NURSING              ,OH,45219-2989,Private      ,6,29,35,120,257,377
00649400,GOOD SAMARITAN COLG-NURSING/HEALTH      ,OH,45220-2489,Private      ,29,79,108,145,298,443
00649800,MERIDIA HURON SCHOOL OF NURSING         ,OH,44112-4308,Private      ,4,51,55,25,204,229
00650700,TRINIT HEALTH SYSTEM SCH OF NURSING     ,OH,43952-2667,Private      ,7,9,16,54,120,174
00680400,LAKELAND COMMUNITY COLLEGE              ,OH,44094-5198,Public       ,543,1207,1750,2065,4002,6067
00686700,COLUMBUS STATE COMMUNITY COLLEGE        ,OH,43215-1786,Public       ,2436,3752,6188,8598,14693,23291
00703500,KETTERING COLLEGE OF MEDICAL ARTS       ,OH,45429-1299,Private      ,50,131,181,423,642,1065
00708500,MOUNT VERNON NAZARENE UNIVERSITY        ,OH,43050-9500,Private      ,221,134,355,1531,433,1964
00708501,MOUNT VERNON NAZARENE UNIV - AGS        ,OH,43050-0000,Private      ,5,320,325,40,827,867
00727500,EASTERN GATEWAY COMMUNITY COLLEGE       ,OH,43952-3598,Public       ,249,244,493,688,930,1618
00747300,CHOFFIN CAREER & TECHNICAL CENTER       ,OH,44503-1628,Public       ,14,37,51,38,190,228
00759800,HOCKING TECHNICAL COLLEGE               ,OH,45764-9582,Public       ,642,659,1301,2903,2501,5404
00777700,REMINGTON COLLEGE - CLEVELAND CAMPUS    ,OH,44125-1957,Proprietary  ,61,407,468,121,788,909
00777704,REMINGTON COLLEGE-CLEVELAND WEST CAMPUS ,OH,44070-3129,Proprietary  ,49,146,195,122,415,537
00812900,ADULT AND COMMUNITY EDUCATION @ HUDSON  ,OH,43211-2017,Public       ,17,118,135,37,303,340
00813200,TOLEDO SCHOOL OF PRACTICAL NURSING      ,OH,43613-5110,Public       ,21,70,91,58,250,308
00813300,ZANE STATE COLLEGE                      ,OH,43701-2626,Public       ,214,381,595,878,1403,2281
00819400,AKRON SCHOOL OF PRACTICAL NRSG          ,OH,44311-0000,Public       ,7,10,17,53,115,168
00827800,TERRA COMMUNITY COLLEGE                 ,OH,43420-9670,Public       ,208,398,606,614,1136,1750
00867700,NORTHWEST STATE COMMUNITY COLLEGE       ,OH,43502-9542,Public       ,269,474,743,877,1650,2527
00888600,PORTAGE LAKES CAREER CENTER             ,OH,44232-0000,Public       ,9,42,51,17,89,106
00908800,ITT TECHNICAL INSTITUTE                 ,OH,45414-3456,Proprietary  ,212,427,639,552,1121,1673
00915600,WAYNE COUNTY SCHOOLS CAREER CENTER      ,OH,44677-9672,Public       ,9,30,39,30,162,192
00917200,SPRINGFIELD REGIONAL SCHOOL OF NURSING  ,OH,45501-0000,Private      ,13,23,36,52,143,195
00941200,NATIONAL INSTITUTE OF TECHNOLOGY        ,OH,44221-2998,Proprietary  ,48,142,190,225,467,692
00945101,BROWN MACKIE COLLEGE-NORTH CANTON       ,OH,44720-0000,Proprietary  ,82,508,590,176,1375,1551
00953000,GERBER AKRON BEAUTY SCHOOL              ,OH,44333-3714,Proprietary  ,7,33,40,23,84,107
00953100,SPA SCHOOL (THE)                        ,OH,43214-1524,Proprietary  ,7,27,34,17,63,80
00966000,TIFFIN ACADEMY OF HAIR DESIGN           ,OH,44883-2833,Proprietary  ,12,11,23,45,49,94
00983700,ITT TECHNICAL INSTITUTE                 ,OH,44509-4098,Proprietary  ,218,313,531,784,1204,1988
00994100,BELMONT TECHNICAL COLLEGE               ,OH,43950-9766,Public       ,195,415,610,734,1192,1926
00994200,SHAWNEE STATE UNIVERSITY                ,OH,45662-4344,Public       ,660,520,1180,2931,1653,4584
01001700,PAYNE THEOLOGICAL SEMINARY              ,OH,45384-0474,Private      ,0,27,27,0,99,99
01002700,JAMES A. RHODES STATE COLLEGE           ,OH,45804-3597,Public       ,302,646,948,1282,2211,3493
01016800,NATIONWIDE BEAUTY ACADEMY               ,OH,43228-1000,Proprietary  ,78,112,190,171,304,475
01028000,OHIO STATE BEAUTY ACADEMY               ,OH,45801-4950,Proprietary  ,16,42,58,66,95,161
01032300,HANNAH E MULLINS SCH-PRAC NRSG          ,OH,44460-2906,Public       ,4,16,20,13,81,94
01034500,CINCINNATI STATE TECH & COMM CLG        ,OH,45223-2690,Public       ,1024,1915,2939,3174,5867,9041
01045300,WASHINGTON STATE CMTY COLLEGE           ,OH,45750-9225,Public       ,239,414,653,784,1183,1967
01063000,NORTHERN INSTITUTE OF COSMETOLOGY       ,OH,44052-1803,Proprietary  ,8,22,30,17,46,63
01073600,MARION TECHNICAL COLLEGE                ,OH,43302-5694,Public       ,121,312,433,520,1085,1605
01088000,CHATFIELD COLLEGE                       ,OH,45118-9705,Private      ,15,78,93,44,132,176
01088100,STARK STATE COLLEGE OF TECHNOLOGY       ,OH,44720-7299,Public       ,697,1378,2075,2374,4768,7142
01090600,CINCINNATI CLG OF MORTUARY SCIENCE      ,OH,45224-1428,Private      ,14,24,38,86,124,210
01092300,UNION INSTITUTE & UNIVERSITY            ,OH,45206-1925,Private      ,7,448,455,30,1556,1586
01096200,MOORE UNIV OF HAIR DESIGN               ,OH,45213-0000,Proprietary  ,2,14,16,7,22,29
01099300,HOBART INSTITUTE OF WELDING TECHNOLOGY  ,OH,45373-2400,Private      ,37,26,63,149,78,227
01100500,KAPLAN COLLEGE                          ,OH,43232-4827,Proprietary  ,43,236,279,132,640,772
01104600,CENTRAL OHIO TECHNICAL COLLEGE          ,OH,43055-1767,Public       ,238,533,771,1099,2608,3707
01170300,PENTA COUNTY JOINT VOCATIONAL SCH       ,OH,43551-0000,Public       ,7,59,66,13,99,112
01174400,NATIONAL BEAUTY COLLEGE                 ,OH,44720-0000,Proprietary  ,17,34,51,41,98,139
01174500,OHIO TECHNICAL COLLEGE                  ,OH,44103-1228,Proprietary  ,149,99,248,1005,317,1322
01182500,OHIO STATE SCHOOL OF COSMETOLOGY        ,OH,43224-1107,Proprietary  ,12,27,39,51,79,130
01212800,SOUTHWESTERN COLLEGE                    ,OH,45402-3003,Proprietary  ,65,277,342,112,708,820
01212802,SOUTHWESTERN COLLEGE                    ,OH,45005-2267,Proprietary  ,12,110,122,43,334,377
01212803,SOUTHWESTERN COLLEGE                    ,OH,45202-4304,Proprietary  ,58,190,248,103,546,649
01212804,SOUTHWESTERN COLLEGE                    ,OH,45246-3121,Proprietary  ,89,309,398,182,1020,1202
01216600,CAROUSEL BEAUTY COLLEGE                 ,OH,45402-8935,Proprietary  ,20,79,99,35,155,190
01224800,CENTRAL SCHOOL OF PRACTICAL NURSING     ,OH,44103-4371,Private      ,5,26,31,43,202,245
01267200,CAROUSEL BEAUTY COLLEGE                 ,OH,45044-5113,Proprietary  ,13,17,30,16,29,45
01267400,CAROUSEL OF MIAMI VALLEY BEAUTY CLG     ,OH,45424-2063,Proprietary  ,2,1,3,2,4,6
01275000,EDISON COMMUNITY COLLEGE                ,OH,45356-9239,Public       ,147,332,479,704,1428,2132
01283800,LAURA AND ALVIN SIEGAL COLLEGE OF JUDAIC,OH,44122-7197,Private      ,1,0,1,1,4,5
01284800,MOLER-HOLLYWOOD BEAUTY COLLEGE          ,OH,45202-2577,Proprietary  ,7,57,64,11,79,90
01287000,SOUTHERN STATE COMMUNITY COLLEGE        ,OH,45133-9406,Public       ,294,557,851,846,1721,2567
01289100,ANTONELLI COLLEGE                       ,OH,45202-2592,Proprietary  ,93,388,481,249,1057,1306
01289600,VIRGINIA MARTI COLLEGE OF ART AND DESIGN,OH,44107-0778,Proprietary  ,51,44,95,197,132,329
01313200,INTERNATIONAL CLG OF BROADCASTING       ,OH,45431-1898,Proprietary  ,16,40,56,40,85,125
02052000,OHIO INST OF PHOTOGRAPHY & TECHNOLOGY   ,OH,45439-1984,Proprietary  ,93,229,322,280,608,888
02054300,TRUMBULL BUSINESS COLLEGE               ,OH,44484-0000,Proprietary  ,21,100,121,59,376,435
02056800,DAYMAR COLLEGE                          ,OH,45601-1038,Proprietary  ,10,27,37,20,141,161
02056802,DAYMAR COLLEGE - LANCASTER              ,OH,43130-0000,Proprietary  ,0,1,1,0,13,13
02056803,DAYMAR COLLEGE - NEW BOSTON             ,OH,45662-4900,Proprietary  ,2,2,4,5,21,26
02056804,DAYMAR COLLEGE - JACKSON                ,OH,45640-1728,Proprietary  ,1,1,2,1,12,13
02066100,OHIO STATE COLLEGE/BARBER STYLING       ,OH,43213-0000,Proprietary  ,21,60,81,34,94,128
02069500,AKRON INSTITUTE                         ,OH,44306-0000,Proprietary  ,54,197,251,159,806,965
02073300,GALLIA-JACKSON-VINTON SCH ADULT ED      ,OH,45674-0000,Public       ,14,54,68,39,162,201
02077800,CENTURY SCHOOL OF COSMETOLOGY           ,OH,43952-0000,Proprietary  ,14,20,34,24,32,56
02110700,CLEVELAND INST OF DENTAL-MED ASST       ,OH,44115-2285,Proprietary  ,57,180,237,147,494,641
02116009,SANFORD-BROWN COLLEGE - MIDDLEBURG HEIGH,OH,44130-8362,Proprietary  ,57,188,245,166,703,869
02116900,UPPER VALLEY JVS                        ,OH,45356-0000,Public       ,9,55,64,15,172,187
02117300,GREAT OAKS INSTITUTE OF TECHNOLOGY      ,OH,45241-1581,Public       ,62,196,258,153,634,787
02128600,THE ART INSTITUTE OF CINCINNATI         ,OH,45246-0000,Proprietary  ,31,26,57,147,71,218
02140700,COMMUNITY EDUCATIONAL SERVICES          ,OH,44702-1710,Public       ,6,53,59,22,195,217
02152100,ACADEMY OF COURT REPORTING AND TECHNOLOG,OH,44115-0000,Proprietary  ,129,1131,1260,184,1767,1951
02158500,OHIO BUSINESS COLLEGE                   ,OH,44055-3344,Proprietary  ,32,128,160,73,446,519
02158501,OHIO BUSINESS COLLEGE                   ,OH,44870-9953,Proprietary  ,4,17,21,20,65,85
02163900,BEATRICE ACADEMY OF BEAUTY              ,OH,44106-0000,Proprietary  ,5,19,24,8,49,57
02168100,TRI-COUNTY JOINT VOCATIONAL SCHOOL      ,OH,45764-0000,Public       ,4,30,34,11,89,100
02187900,ASHTABULA CO JOINT VOC SCH ADULT ED     ,OH,44047-0000,Public       ,15,91,106,22,184,206
02189000,ADULT CENTER FOR EDUCATION              ,OH,43701-0000,Public       ,21,84,105,44,182,226
02190700,RETS TECH CENTER                        ,OH,45459-0000,Proprietary  ,66,356,422,209,1107,1316
02192100,BUTLER TECHNOLOGY AND CAREER DEVELOPMENT,OH,45011-0000,Public       ,41,158,199,94,416,510
02196300,COLLINS CAREER CENTER                   ,OH,45619-0000,Public       ,59,158,217,138,407,545
02210800,MEDINA COUNTY CAREER CENTER             ,OH,44256-0000,Public       ,10,40,50,15,86,101
02215400,OHIO STATE SCHOOL OF COSMETOLOGY        ,OH,43207-0000,Proprietary  ,7,18,25,41,56,97
02220500,GOD'S BIBLE SCHOOL & COLLEGE            ,OH,45210-0000,Private      ,57,15,72,157,44,201
02220800,CAREER & TECHNOLOGY EDUCATION CENTERS OF,OH,43055-0000,Public       ,7,30,37,11,84,95
02239800,PIONEER CAREER & TECHNOLOGY CENTER      ,OH,44875-0000,Public       ,0,25,25,3,50,53
02245600,WARREN COUNTY CAREER CENTER             ,OH,45036-0000,Public       ,2,8,10,7,20,27
02246300,INSTITUTE OF MEDICAL-DENTAL TECH        ,OH,45246-3317,Proprietary  ,22,32,54,42,87,129
02261400,COLLEGE OF ART ADVERTISING              ,OH,45211-0000,Proprietary  ,0,0,0,2,1,3
02263700,MIAMI VALLEY CAREER TECHNOLOGY CTR      ,OH,45315-0000,Public       ,20,81,101,55,265,320
02269400,EASTERN HILLS ACAD OF HAIR DESIGN       ,OH,45255-0000,Proprietary  ,11,23,34,30,67,97
02269500,WESTERN HILLS SCHOOL OF BEAUTY & HAIR DE,OH,45211-0000,Proprietary  ,18,111,129,36,240,276
02270100,OHIO HI-POINT CAREER CENTER             ,OH,43311-0000,Public       ,5,29,34,19,116,135
02272700,COLUMBIANA COUNTY CAREER CENTER         ,OH,44432-0000,Public       ,8,71,79,17,127,144
02287900,RAPHAEL'S SCHOOL OF BEAUTY CULTURE      ,OH,44446-0000,Proprietary  ,14,34,48,30,72,102
02301400,OHIO VALLEY COLLEGE OF TECHNOLOGY       ,OH,43920-0000,Proprietary  ,15,52,67,47,153,200
02303600,BOHECKER'S BUSINESS COLLEGE             ,OH,44266-0000,Proprietary  ,36,118,154,169,499,668
02304700,TRI-RIVERS CAREER CENTER                ,OH,43302-0000,Public       ,7,43,50,23,123,146
02311200,AMERICAN SCHOOL OF TECHNOLOGY           ,OH,43229-0000,Proprietary  ,15,155,170,27,285,312
02315500,TOLEDO ACADEMY OF BEAUTY CULTURE - EAST ,OH,43616-0000,Proprietary  ,15,57,72,28,130,158
02328500,MOLER-PICKENS BEAUTY COLLEGE            ,OH,45014-0000,Proprietary  ,12,39,51,16,51,67
02334300,INTERNATIONAL ACAD OF HAIR DESIGN       ,OH,45239-0000,Proprietary  ,18,22,40,65,60,125
02336300,KNOX COUNTY CAREER CENTER               ,OH,43050-4298,Public       ,13,32,45,33,196,229
02336700,CUYAHOGA VALLEY CAREER CENTER           ,OH,44141-1296,Public       ,8,24,32,28,152,180
02337700,PROFESSIONAL SKILLS INSTITUTE           ,OH,43607-0000,Proprietary  ,28,163,191,85,636,721
02345600,AKRON MACHINING INSTITUTE               ,OH,44203-0000,Private      ,0,9,9,4,27,31
02351500,WILLOUGHBY EASTLAKE SCH OF PRAC NSG     ,OH,44094-0000,Public       ,4,25,29,19,93,112
02352800,POLARIS CAREER CENTER-ADULT ED DEPT     ,OH,44130-0000,Public       ,21,60,81,43,124,167
02354200,SCIOTO COUNTY JOINT VOCATIONAL SCH      ,OH,45648-0000,Public       ,23,74,97,57,274,331
02454400,NORTHEASTERN OHIO UNIVS COL OF MED      ,OH,44272-0000,Public       ,0,25,25,54,548,602
02497800,GREENE COUNTY CAREER CENTER             ,OH,45385-0000,Public       ,7,66,73,15,123,138
02512600,ADULT VOCATIONAL SERVICES               ,OH,44308-0000,Public       ,2,22,24,7,71,78
02519300,OHIO STATE SCH COSMETOLOGY              ,OH,43068-0000,Proprietary  ,6,7,13,9,22,31
02522700,EASTLAND-FAIRFIELD CAREER AND TECHNICAL ,OH,43125-0000,Public       ,11,104,115,30,223,253
02528300,TDDS TECHNICAL INSTITUTE                ,OH,44429-0000,Proprietary  ,17,123,140,54,260,314
02529500,HAMRICK SCHOOL                          ,OH,44256-0000,Proprietary  ,5,22,27,5,49,54
02541400,TOLEDO ACADEMY OF BEAUTY CULTURE-SO     ,OH,43614-0000,Proprietary  ,19,65,84,33,124,157
02545800,INNER STATE BEAUTY SCHOOLS              ,OH,44124-0000,Proprietary  ,23,93,116,37,179,216
02553000,SCHOOL OF ADVERTISING ART               ,OH,45440-0000,Proprietary  ,45,8,53,174,21,195
02560000,CASAL AVEDA INSTITUTE                   ,OH,44515-0000,Proprietary  ,36,26,62,68,49,117
02560700,PICKAWAY ROSS CO JOINT VOC TECH SCH     ,OH,45601-0000,Public       ,15,82,97,33,184,217
02562300,APOLLO CAREER CENTER-ADULT EDUC         ,OH,45806-0000,Public       ,9,87,96,43,308,351
02563000,RAPHAELS SCHOOL OF BEAUTY CULTURE       ,OH,44601-2847,Proprietary  ,26,48,74,42,92,134
02568600,MAHONING COUNTY CAREER & TECH CENTR     ,OH,44406-0000,Public       ,4,34,38,8,51,59
02582900,KAPLAN CAREER INSTITUTE                 ,OH,44129-6810,Proprietary  ,50,190,240,121,574,695
02586400,TRUMBULL CAREER & TECH CENTER-ADULT     ,OH,44483-1997,Public       ,14,82,96,41,232,273
02588500,OHIO STATE SCHOOL OF COSMETOLOGY        ,OH,43081-0000,Proprietary  ,10,10,20,31,33,64
02599711,VATTEROTT COLLEGE - CLEVELAND           ,OH,44147-3502,Proprietary  ,25,110,135,50,294,344
02603800,LORAIN COUNTY JVS ADULT CAREER CTR      ,OH,44074-9799,Public       ,22,96,118,36,141,177
02614700,SPRINGFIELD CLARK CO JOINT VOC SCH      ,OH,45505-4295,Public       ,0,3,3,1,31,32
02616200,BROWN MACKIE COLLEGE-FINDLAY            ,OH,45840-6848,Proprietary  ,145,537,682,348,1123,1471
02620000,SANDUSKY CAREER CENTER                  ,OH,44870-4786,Public       ,12,50,62,25,133,158
03007900,GALLIPOLIS CAREER COLLEGE               ,OH,45631-2600,Proprietary  ,2,53,55,19,185,204
03015100,ALLIANCE HIGH SCH-CMTY SERVICES DIV     ,OH,44601-2899,Public       ,15,85,100,31,147,178
03015300,EHOVE CAREER CENTER                     ,OH,44846-9500,Public       ,20,67,87,54,252,306
03023700,MADISON ADULT CAREER CENTER             ,OH,44905-2718,Public       ,9,52,61,21,96,117
03024300,VALLEY BEAUTY SCHOOL                    ,OH,43725-2332,Proprietary  ,19,42,61,26,47,73
03027100,FAIRVIEW ACADEMY                        ,OH,44126-2214,Proprietary  ,5,24,29,8,52,60
03034200,WASHINGTON COUNTY CAREER CENTER ADULT TE,OH,45750-9290,Public       ,17,112,129,31,185,216
03051400,AUBURN CAREER CENTER                    ,OH,44077-9723,Public       ,12,39,51,30,104,134
03051500,US GRANT JOINT VOCATIONAL SCHOOL        ,OH,45106-9502,Public       ,0,26,26,1,30,31
03065800,OHIO INSTITUTE OF HEALTH CAREERS        ,OH,44035-2394,Proprietary  ,48,171,219,122,461,583
03065900,BUCKEYE CAREER CENTER                   ,OH,44663-9437,Public       ,21,37,58,50,141,191
03067600,RAPHAEL'S SCHOOL OF BEAUTY CULTURE      ,OH,44512-2222,Proprietary  ,8,12,20,15,46,61
03068200,OHIO CENTER FOR BROADCASTING            ,OH,44125-4220,Proprietary  ,33,65,98,82,186,268
03071900,MOUNT CARMEL COLLEGE OF NURSING         ,OH,43222-1598,Private      ,64,89,153,527,529,1056
03078000,OHIO CENTER FOR BROADCASTING            ,OH,45227-1509,Proprietary  ,13,46,59,32,78,110
03079000,ETI TECHNICAL COLLEGE                   ,OH,44446-4398,Proprietary  ,47,84,131,92,248,340
03084800,DELAWARE AREA CAREER CENTER             ,OH,43015-8969,Public       ,0,11,11,0,20,20
03084801,DELAWARE AREA CAREER CENTER -           ,OH,43015-9001,Public       ,0,6,6,1,11,12
03095600,VANTAGE CAREER CENTER                   ,OH,45891-1378,Public       ,10,23,33,22,80,102
03097000,MERCY COLLEGE OF NORTHWEST OHIO         ,OH,43604-1132,Private      ,74,149,223,381,579,960
03100100,PARAMOUNT BEAUTY ACADEMY                ,OH,45662-4136,Proprietary  ,19,28,47,31,71,102
03105400,CLEVELAND EXTENSION HIGH SCH-WEST       ,OH,44102-2298,Public       ,3,41,44,14,124,138
03116200,DAYTON BARBER COLLEGE                   ,OH,45402-2310,Proprietary  ,9,40,49,26,85,111
03116300,OHIO COLLEGE OF MASSOTHERAPY            ,OH,44321-1363,Private      ,27,46,73,71,145,216
03116400,VANGUARD-SENTINELL VOC SCH DISTRICT     ,OH,43420-1197,Public       ,0,11,11,1,23,24
03117000,ASHLAND COUNTY-W HOLMES CAREER CTR      ,OH,44805-0000,Public       ,5,49,54,12,88,100
03200500,YOUNGSTOWN COLLEGE OF MASSOTHERAPY      ,OH,44471-2321,Proprietary  ,0,0,0,8,21,29
03319300,CREATIVE IMAGES-A CERTIFIED MATRIX      ,OH,45414-2557,Proprietary  ,31,50,81,47,135,182
03319301,CREATIVE IMAGES-A CERTIFIED MATRIX      ,OH,45459-0000,Proprietary  ,32,56,88,51,100,151
03416400,VALLEY BEAUTY SCHOOL                    ,OH,43701-3624,Proprietary  ,4,18,22,6,25,31
03425300,ROSEDALE BIBLE COLLEGE                  ,OH,43029-9517,Private      ,25,1,26,68,9,77
03457300,ALLEGHENY WESLEYAN COLLEGE              ,OH,44460-9598,Private      ,17,8,25,28,10,38
03468400,NATIONAL INSTITUTE OF MASSOTHERAPY      ,OH,44319-2100,Proprietary  ,11,26,37,17,81,98
03468500,ATS INSTITUTE OF TECHNOLOGY             ,OH,44143-2216,Proprietary  ,17,186,203,42,509,551
03475400,TRI-STATE BIBLE COLLEGE                 ,OH,45680-8402,Private      ,1,6,7,3,15,18
03534400,AMERICAN INST OF ALTERNATIVE MEDICI     ,OH,43229-1113,Proprietary  ,10,53,63,26,121,147
03578300,TRI-STATE COLLEGE                       ,OH,44452-8535,Proprietary  ,7,16,23,16,29,45
03586400,MED CENTRAL COLLEGE OF NURSING          ,OH,44903-2265,Private      ,35,57,92,278,282,560
03626300,BROWN AVEDA INSTITUTE                   ,OH,44060-6212,Proprietary  ,36,40,76,104,108,212
03659300,COMPUTER QUEST LTD.                     ,OH,44130-3034,Proprietary  ,2,20,22,8,95,103
03693300,CARNEGIE INST OF INTEGRATIVE MED/MASSOTH,OH,44260-9608,Private      ,4,46,50,8,82,90
03700300,REGENCY BEAUTY INSTITUTE - CLEVELAND    ,OH,44094-0000,Proprietary  ,17,39,56,26,93,119
03726300,TEMPLE BAPTIST COLLEGE                  ,OH,45240-0000,Private      ,7,12,19,14,24,38
03747300,BEXLEY HALL SEMINARY                    ,OH,43209-2325,Private      ,0,4,4,0,14,14
03776400,HEALING ARTS INSTITUTE                  ,OH,43551-3138,Proprietary  ,3,17,20,8,41,49
03837300,AVEDA FREDRIC'S INSTITUTE               ,OH,45208-1304,Proprietary  ,5,6,11,22,16,38
03882300,OREGON CAREER CENTER                    ,OH,43616-2631,Public       ,1,0,1,2,5,7
04074300,HONDROS COLLEGE                         ,OH,43081-3855,Proprietary  ,4,59,63,12,133,145
04116700,NEWLIFE TECHNICAL INSTITUTE             ,OH,43920-2920,Private      ,1,0,1,1,0,1
04117300,DAYTON SCHOOL OF MEDICAL MASSAGE        ,OH,45429-1111,Proprietary  ,69,197,266,107,315,422
04118300,NORTHCOAST MEDICAL TRAINING ACADEMY     ,OH,44240-4174,Proprietary  ,19,50,69,46,74,120
        ,INVALID SCHOOL CODE                     ,  ,00000-0000,,3862,5279,9141,16848,15712,32560
00134500,ADAMS STATE COLLEGE                     ,CO,81102-2373,Public       ,404,501,905,1909,1423,3332
00134600,ARAPAHOE COMMUNITY COLLEGE              ,CO,80160-9002,Public       ,393,815,1208,1178,2509,3687
00134700,COLORADO COLLEGE                        ,CO,80903-3294,Private      ,58,25,83,2339,208,2547
00134800,COLORADO SCHOOL OF MINES                ,CO,80401-1887,Public       ,154,103,257,3242,573,3815
00134900,UNIVERSITY OF NORTHERN COLORADO         ,CO,80639-0001,Public       ,778,543,1321,8171,2979,11150
00135000,COLORADO STATE UNIVERSITY               ,CO,80523-0100,Public       ,1724,1170,2894,14929,6022,20951
00135200,DENVER  SEMINARY                        ,CO,80120-2192,Private      ,0,50,50,2,489,491
00135300,FORT LEWIS COLLEGE                      ,CO,81301-3999,Public       ,388,243,631,2897,986,3883
00135400,ILIFF SCHOOL OF THEOLOGY                ,CO,80210-0000,Private      ,0,35,35,1,204,205
00135500,LAMAR COMMUNITY COLLEGE                 ,CO,81052-3999,Public       ,83,190,273,329,331,660
00135800,MESA STATE COLLEGE                      ,CO,81501-7682,Public       ,634,630,1264,3193,2018,5211
00135900,COLORADO NORTHWESTERN COMMUNITY COLLEGE ,CO,81648-3598,Public       ,84,81,165,235,218,453
00136000,METROPOLITAN STATE CLG OF DENVER        ,CO,80204-0000,Public       ,1883,2653,4536,7367,9532,16899
00136100,NORTHEASTERN JUNIOR COLLEGE             ,CO,80751-2399,Public       ,165,116,281,789,298,1087
00136200,OTERO JUNIOR COLLEGE                    ,CO,81050-3346,Public       ,163,378,541,435,608,1043
00136300,REGIS UNIVERSITY                        ,CO,80221-1099,Private      ,118,1218,1336,1939,6692,8631
00136500,COLORADO STATE UNIVERSITY-PUEBLO        ,CO,81001-4901,Public       ,429,522,951,2386,1973,4359
00136800,TRINIDAD STATE JR COLLEGE               ,CO,81082-2396,Public       ,230,403,633,553,737,1290
00137000,UNIVERSITY OF COLORADO-BOULDER          ,CO,80309-0077,Public       ,1959,1238,3197,16355,6841,23196
00137100,UNIVERSITY OF DENVER                    ,CO,80208-2000,Private      ,231,982,1213,4337,6888,11225
00137200,WESTERN STATE COLLEGE                   ,CO,81231-0000,Public       ,207,106,313,1890,382,2272
00163202,AQUINAS INSTITUTE OF THEOLOGY - AQUINAS ,CO,80903-1498,Private      ,0,1,1,1,3,4
00405702,NATIONAL AMERICAN UNIVERSITY            ,CO,80918-0000,Proprietary  ,1,32,33,7,166,173
00405703,NATIONAL AMERICAN UNIVERSITY            ,CO,80222-0000,Proprietary  ,2,29,31,9,91,100
00450300,EVEREST COLLEGE                         ,CO,80916-3548,Proprietary  ,67,300,367,104,634,738
00450600,COLORADO MOUNTAIN COLLEGE               ,CO,81602-0000,Public       ,150,169,319,800,528,1328
00450700,EVEREST COLLEGE                         ,CO,80229-4339,Proprietary  ,182,733,915,374,1714,2088
00450701,"EVEREST COLLEGE- EVEREST COLLEGE, AURORA",CO,80012-5692,Proprietary  ,4,6,10,12,28,40
00450800,UNIVERSITY OF COLORADO DENVER           ,CO,80204-2029,Public       ,85,335,420,793,3540,4333
00450824,UNIVERSITY OF COLORADO DENVER - AURARIA ,CO,80217-3364,Public       ,520,950,1470,3763,6045,9808
00450900,UNIV OF COLORADO AT COLO SPRINGS        ,CO,80918-3735,Public       ,531,635,1166,4051,3615,7666
00559600,EMILY GRIFFITH OPPORTUNITY SCH          ,CO,80204-2197,Public       ,71,289,360,173,655,828
00729700,REDSTONE COLLEGE                        ,CO,80020-9988,Proprietary  ,56,106,162,231,386,617
00754700,LINCOLN COLLEGE OF TECHNOLOGY           ,CO,80223-2013,Proprietary  ,152,122,274,627,467,1094
00754800,WESTWOOD COLLEGE - DENVER NORTH         ,CO,80221-3653,Proprietary  ,463,1936,2399,1461,5434,6895
00754801,WESTWOOD COLLEGE - DENVER SOUTH         ,CO,80227-3653,Proprietary  ,58,170,228,277,655,932
00758200,AIMS COMMUNITY COLLEGE                  ,CO,80632-0000,Public       ,351,558,909,1139,1837,2976
00764900,ROCKY MOUNTAIN COLG OF ART & DESIGN     ,CO,80214-0000,Proprietary  ,53,22,75,526,162,688
00793300,FRONT RANGE COMMUNITY COLLEGE           ,CO,80031-2199,Public       ,1006,1421,2427,3385,5604,8989
00863500,INTELLITEC MEDICAL INSTITUTE            ,CO,80909-1570,Proprietary  ,27,155,182,41,244,285
00887100,CONCORDE CAREER INSTITUTE               ,CO,80203-0000,Proprietary  ,59,248,307,122,650,772
00889600,PIKES PEAK COMMUNITY COLLEGE            ,CO,80906-5498,Public       ,932,2026,2958,2569,5284,7853
00940100,COLORADO CHRISTIAN UNIVERSITY           ,CO,80226-7449,Private      ,174,399,573,1133,1387,2520
00954200,COMMUNITY COLLEGE OF DENVER             ,CO,80217-2026,Public       ,591,1275,1866,1993,4367,6360
00954300,RED ROCKS COMMUNITY COLLEGE             ,CO,80228-1255,Public       ,396,699,1095,1245,2127,3372
00985500,YESHIVA TORAS CHAIM TALMUDICAL SEM      ,CO,80204-0067,Private      ,0,1,1,0,5,5
00998100,MORGAN COMMUNITY COLLEGE                ,CO,80701-4399,Public       ,69,235,304,216,565,781
01014800,COLORADO TECHNICAL UNIVERSITY           ,CO,80907-3896,Proprietary  ,140,1705,1845,409,4585,4994
01014802,COLORADO TECHNICAL UNIV - DENVER        ,CO,80111-3201,Proprietary  ,10,145,155,97,491,588
01014805,COLORADO TECH UNIV - ON LINE            ,CO,80907-0000,Proprietary  ,474,8433,8907,1141,21106,22247
01014806,COLORADO TECH UNIV - FED EXPRESS        ,CO,80921-3800,Proprietary  ,0,13,13,0,29,29
01014807,COLORADO TECH UNIV - MCI WORLD COM      ,CO,80919-3172,Proprietary  ,3,4,7,6,16,22
01014808,COLORADO TECH UNIV - USAA               ,CO,80920-1005,Proprietary  ,1,7,8,2,22,24
01014809,COLORADO TECH UNIV - SCHRIEVER AFB      ,CO,80912-7298,Proprietary  ,0,3,3,0,6,6
01014810,COLORADO TECH UNIV - PETERSON AFB       ,CO,80914-1586,Proprietary  ,0,2,2,0,5,5
01014811,COLORADO TECH UNIV-HEWLETT PACKARD      ,CO,80919-2303,Proprietary  ,0,4,4,2,12,14
01014812,COLORADO TECHNICAL UNIVERSITY - WESTMINS,CO,80021-3498,Proprietary  ,29,169,198,103,514,617
01014813,COLORADO TECH UNIV - ORACLE             ,CO,80921-3660,Proprietary  ,0,8,8,2,23,25
01014815,COLORADO TECHNCL UNIV PUEBLO            ,CO,81003-2315,Proprietary  ,12,83,95,43,218,261
01070900,EMPIRE BEAUTY SCHOOL-LAKEWOOD           ,CO,80215-0000,Proprietary  ,6,13,19,17,27,44
01073200,SAN JUAN BASINTECHNICAL COLLEGE         ,CO,81328-9196,Public       ,16,68,84,33,114,147
01157200,COLORADO SCHOOL OF TRADES               ,CO,80215-2996,Proprietary  ,20,37,57,72,144,216
01267000,BEL-REA INST OF ANIMAL TECH             ,CO,80247-3048,Proprietary  ,79,105,184,320,455,775
01285000,INTERNATIONAL SALON AND SPA ACADEMY     ,CO,80918-3684,Proprietary  ,27,80,107,72,143,215
01287500,PICKENS TECHNICAL COLLEGE               ,CO,80011-9307,Public       ,68,131,199,115,330,445
01300700,NAZARENE BIBLE COLLEGE                  ,CO,80910-3717,Private      ,13,162,175,40,545,585
02059400,INTERNATIONAL BEAUTY ACADEMY            ,CO,80918-3684,Proprietary  ,0,0,0,4,5,9
02072200,EMPIRE BEAUTY SCHOOL -ARVADA            ,CO,80212-0000,Proprietary  ,7,16,23,19,33,52
02078900,ART INSTITUTE OF COLORADO (THE)         ,CO,80203-2983,Proprietary  ,251,273,524,1552,1384,2936
02116300,PUEBLO COMMUNITY COLLEGE                ,CO,81004-0000,Public       ,527,1405,1932,1215,3307,4522
02117500,NAROPA UNIVERSITY                       ,CO,80302-0000,Private      ,27,76,103,298,1044,1342
02133100,COLORADO CENTER FOR MEDICAL LABORATORY S,CO,80218-0000,Private      ,1,6,7,5,22,27
02141100,ARTISTIC BEAUTY COLGS-WESTMINSTER       ,CO,80030-0000,Proprietary  ,32,48,80,57,96,153
02141102,ARTISTIC BEAUTY COLLEGES-LITTLETON      ,CO,80123-3480,Proprietary  ,14,27,41,28,45,73
02141103,ARTISTIC BEAUTY COLLEGES-AURORA         ,CO,80017-3194,Proprietary  ,4,9,13,12,24,36
02156200,DELTA - MONTROSE TECHNICAL COLLEGE      ,CO,81416-0000,Public       ,15,41,56,52,104,156
02160600,EMPIRE BEAUTY SCHOOL -THORNTON          ,CO,80241-1659,Proprietary  ,13,23,36,25,79,104
02165200,SALON PROFESSIONAL ACADEMY (THE)        ,CO,81504-5309,Proprietary  ,15,17,32,22,39,61
02167600,KAPLAN COLLEGE                          ,CO,80229-5309,Proprietary  ,34,98,132,74,218,292
02171300,TRINIDAD STATE JUNIOR COLLEGE           ,CO,81101-0000,Proprietary  ,0,0,0,0,1,1
02188700,DENVER ACAD OF COURT REPORTING          ,CO,80030-0000,Proprietary  ,9,39,48,14,78,92
02211901,CHEEKS INTERNATIONAL ACADEMY OF BEAUTY C,CO,80525-3053,Proprietary  ,4,6,10,14,11,25
02211902,CHEEKS INTERNATIONAL ACDMY BTY CULT     ,CO,80631-0000,Proprietary  ,3,6,9,7,14,21
02253700,INTELLITEC COLLEGE                      ,CO,80909-0000,Proprietary  ,49,139,188,83,292,375
02267500,GLENWOOD BEAUTY ACADEMY                 ,CO,81601-0000,Proprietary  ,9,27,36,9,27,36
02276900,COMMUNITY COLLEGE OF AURORA             ,CO,80011-9036,Public       ,426,944,1370,1090,2494,3584
02321700,ITT TECHNICAL INSTITUTE                 ,CO,80229-5338,Proprietary  ,118,296,414,289,652,941
02518500,HAIR DYNAMICS EDUCATION CENTER          ,CO,80525-0000,Proprietary  ,27,28,55,58,80,138
02594300,COLLEGE AMERICA - DENVER                ,CO,80222-3380,Proprietary  ,60,304,364,157,833,990
02611000,HERITAGE COLLEGE                        ,CO,80212-7413,Proprietary  ,48,196,244,109,532,641
03006300,INST OF BUSINESS & MEDICAL CAREERS      ,CO,80525-3044,Proprietary  ,46,118,164,128,478,606
03012100,REMINGTON COLLEGE - COLORADO SPRINGS CAM,CO,80215-0000,Proprietary  ,9,52,61,32,170,202
03013100,BOULDER COLLEGE OF MASSAGE THERAPY      ,CO,80301-3295,Private      ,14,54,68,55,160,215
03014900,PLATT COLLEGE                           ,CO,80014-3141,Proprietary  ,17,55,72,38,123,161
03027400,XENON INTERNATIONAL ACADEMY III         ,CO,80014-1193,Proprietary  ,7,11,18,25,40,65
03030606,UTAH COLLEGE OF MASSAGE THERAPY - DENVER,CO,80031-2921,Proprietary  ,44,67,111,81,143,224
03030607,UTAH COLLEGE OF MASSAGE THERAPY - DENVER,CO,80012-2523,Proprietary  ,34,44,78,82,155,237
03031603,DPT BUSINESS SCHOOL                     ,CO,80223-0000,Proprietary  ,0,3,3,2,11,13
03066900,INTELLITEC COLLEGE                      ,CO,81506-3994,Proprietary  ,73,220,293,137,436,573
03068201,OHIO CENTER FOR BROADCASTING - COLORADO ,CO,80214-4129,Proprietary  ,13,43,56,25,85,110
03289300,COLORADO HEIGHTS UNIVERSITY             ,CO,80236-2711,Private      ,2,10,12,4,27,31
03306300,MONTESSORI EDUC CRT OF THE ROCKIES      ,CO,80301-2587,Private      ,0,1,1,1,18,19
03534300,JONES INTERNATIONAL UNIVERSITY          ,CO,80112-3446,Proprietary  ,2,427,429,8,1108,1116
03545300,UNIVERSITY OF THE ROCKIES               ,CO,80903-3612,Proprietary  ,1,32,33,5,127,132
03584400,COLORADO SCHOOL OF HEALING ARTS         ,CO,80226-4332,Proprietary  ,34,82,116,66,220,286
03670300,TONI & GUY HAIRDRESSING ACADEMY         ,CO,80911-1713,Proprietary  ,20,17,37,35,43,78
03686300,COLORADO SCHOOL OF TRADITIONAL CHINESE M,CO,80206-2127,Proprietary  ,1,26,27,4,72,76
03805300,CORTIVA INSTITUTE-COLORADO              ,CO,80021-0000,Proprietary  ,3,8,11,16,42,58
03972300,CUTTIN' UP BEAUTY ACADEMY               ,CO,80220-0000,Proprietary  ,3,20,23,7,34,41
03976300,MASSAGE THERAPY INSTITUTE OF COLORADO   ,CO,80206-2127,Proprietary  ,6,24,30,19,46,65
04093300,ACADEMY OF NATURAL THERAPY              ,CO,80631-3425,Proprietary  ,4,15,19,18,46,64
04125100,MONTESSORI CENTRE INTERNATIONAL DENVER  ,CO,80111-5263,Private      ,0,2,2,0,2,2
00267811,BRYANT & STRATTON COLLEGE - VIRGINIA BEA,VA,23462-4417,Proprietary  ,80,330,410,199,1153,1352
00370200,AVERETT UNIVERSITY                      ,VA,24541-3692,Private      ,100,360,460,1361,961,2322
00370300,BLUEFIELD COLLEGE                       ,VA,24605-1799,Private      ,46,178,224,536,583,1119
00370400,BRIDGEWATER COLLEGE                     ,VA,22812-1599,Private      ,82,16,98,2032,91,2123
00370500,COLLEGE OF WILLIAM & MARY               ,VA,23187-8795,Public       ,177,160,337,6801,2953,9754
00370600,CHRISTOPHER NEWPORT UNIVERSITY          ,VA,23606-2998,Public       ,221,97,318,5296,670,5966
00370700,RICHARD BLAND COLLEGE                   ,VA,23805-7100,Public       ,101,73,174,463,250,713
00370800,EASTERN MENNONITE UNIVERSITY            ,VA,22802-2462,Private      ,54,67,121,995,299,1294
00370900,EMORY & HENRY COLLEGE                   ,VA,24327-0010,Private      ,53,9,62,1535,83,1618
00371100,FERRUM COLLEGE                          ,VA,24088-2612,Private      ,110,32,142,1982,165,2147
00371200,TIDEWATER COMMUNITY COLLEGE             ,VA,23510-1910,Public       ,1802,3269,5071,5893,10391,16284
00371300,HAMPDEN-SYDNEY COLLEGE                  ,VA,23943-0128,Private      ,76,3,79,967,16,983
00371400,HAMPTON UNIVERSITY                      ,VA,23668-0099,Private      ,528,296,824,8701,2115,10816
00371500,HOLLINS UNIVERSITY                      ,VA,24020-0000,Private      ,56,78,134,832,505,1337
00371900,LONGWOOD UNIVERSITY                     ,VA,23909-1899,Public       ,207,86,293,3987,517,4504
00372000,LYNCHBURG COLLEGE                       ,VA,24501-3199,Private      ,178,98,276,2560,458,3018
00372100,JAMES MADISON UNIVERSITY                ,VA,22807-3780,Public       ,746,199,945,15317,1657,16974
00372300,MARY BALDWIN COLLEGE                    ,VA,24401-3610,Private      ,128,207,335,1099,687,1786
00372400,MARYMOUNT UNIVERSITY                    ,VA,22207-4224,Private      ,195,326,521,2106,1544,3650
00372600,NATIONAL COLLEGE                        ,VA,24153-4524,Proprietary  ,253,1475,1728,578,4121,4699
00372700,NORTHERN VA CMTY CLG                    ,VA,22003-3743,Public       ,1706,2035,3741,5877,6835,12712
00372800,OLD DOMINION UNIVERSITY                 ,VA,23529-0052,Public       ,1078,1645,2723,11994,8804,20798
00373200,RADFORD UNIVERSITY                      ,VA,24142-6905,Public       ,448,229,677,6909,1666,8575
00373300,RANDOLPH-MACON COLLEGE                  ,VA,23005-5505,Private      ,64,5,69,1679,52,1731
00373400,RANDOLPH COLLEGE                        ,VA,24503-1526,Private      ,27,18,45,834,80,914
00373500,VIRGINIA COMMONWEALTH UNIVERSITY        ,VA,23284-9004,Public       ,1627,1578,3205,15820,9718,25538
00373600,ROANOKE COLLEGE                         ,VA,24153-3794,Private      ,131,32,163,2311,158,2469
00373700,SHENANDOAH UNIVERSITY                   ,VA,22601-5195,Private      ,173,246,419,1889,1472,3361
00373800,SOUTHERN VIRGINIA UNIVERSITY            ,VA,24416-3038,Private      ,149,64,213,715,187,902
00373900,ST PAULS COLLEGE                        ,VA,23868-1299,Private      ,127,107,234,568,331,899
00374200,SWEET BRIAR COLLEGE                     ,VA,24595-9998,Private      ,34,7,41,639,42,681
00374300,UNION THEO SEMINARY & PRESBYTRN SCH     ,VA,23227-0000,Private      ,0,15,15,1,89,90
00374400,UNIVERSITY OF RICHMOND                  ,VA,23173-0001,Private      ,55,189,244,3312,1838,5150
00374500,UNIVERSITY OF VIRGINIA - SFS            ,VA,22903-0000,Public       ,430,484,914,12699,7078,19777
00374600,UNIVERSITY OF MARY WASHINGTON           ,VA,22401-5358,Public       ,148,142,290,3428,644,4072
00374700,UNIV OF VIRGINIA'S COLLEGE AT WISE      ,VA,24293-4412,Public       ,123,72,195,1630,372,2002
00374800,EASTERN SHORE COMMUNITY COLLEGE         ,VA,23410-3000,Public       ,60,136,196,237,442,679
00374900,GEORGE MASON UNIVERSITY                 ,VA,22030-4444,Public       ,1032,1629,2661,11610,9371,20981
00375100,PATRICK HENRY COMMUNITY COLLEGE         ,VA,24112-5311,Public       ,196,477,673,681,1361,2042
00375200,VIRGINIA INTERMONT COLLEGE              ,VA,24201-4298,Private      ,73,79,152,530,299,829
00375300,VIRGINIA MILITARY INSTITUTE             ,VA,24450-2138,Public       ,45,2,47,1233,40,1273
00375400,VIRGINIA POLYTECH INST & STATE UNIV     ,VA,24061-2000,Public       ,986,519,1505,19646,3532,23178
00375800,DANVILLE COMMUNITY COLLEGE              ,VA,24541-4004,Public       ,208,441,649,879,1540,2419
00375900,J. SARGEANT REYNOLDS COMMUNITY CLG      ,VA,23285-0000,Public       ,549,1050,1599,2337,4533,6870
00376000,VIRGINIA WESTERN CMTY COLLEGE           ,VA,24038-0000,Public       ,478,892,1370,1366,2258,3624
00376100,WYTHEVILLE COMMUNITY COLLEGE            ,VA,24382-3308,Public       ,102,249,351,798,1121,1919
00376200,VIRGINIA UNIVERSITY OF LYNCHBURG        ,VA,24501-6400,Private      ,8,59,67,33,129,162
00376400,VIRGINIA STATE UNIVERSITY               ,VA,23806-0001,Public       ,713,364,1077,7453,1789,9242
00376500,NORFOLK STATE UNIVERSITY                ,VA,23504-8000,Public       ,737,811,1548,7298,4068,11366
00376600,VIRGINIA UNION UNIVERSITY               ,VA,23220-1711,Private      ,252,178,430,2327,625,2952
00376700,VIRGINIA WESLEYAN COLLEGE               ,VA,23502-5599,Private      ,138,75,213,1745,420,2165
00376800,WASHINGTON & LEE UNIVERSITY             ,VA,24450-0303,Private      ,57,30,87,1466,1001,2467
00400400,JOHN TYLER COMMUNITY COLLEGE            ,VA,23831-5316,Public       ,541,869,1410,1574,2751,4325
00498800,CENTRAL VIRGINIA COMMUNITY COLLEGE      ,VA,24502-2498,Public       ,236,416,652,900,1156,2056
00499200,MILLER-MOTTE TECHNICAL COLLEGE          ,VA,24505-0000,Proprietary  ,35,107,142,80,298,378
00499600,DABNEY S LANCASTER COMMUNITY CLG        ,VA,24422-1000,Public       ,68,112,180,391,343,734
00522300,NEW RIVER COMMUNITY COLLEGE             ,VA,24084-1127,Public       ,267,307,574,1052,1316,2368
00607500,ROANOKE MEM HOSP SCH RAD ONCOLOGY       ,VA,24033-0000,Private      ,0,0,0,2,3,5
00607501,ROANOKE MEM HOSP SCH RAD TECH           ,VA,24014-1850,Private      ,0,1,1,3,6,9
00662200,COLLEGE OF HEALTH SCIENCES - CHRV       ,VA,24031-0000,Private      ,53,92,145,454,663,1117
00681900,BLUE RIDGE COMMUNITY COLLEGE            ,VA,24486-0080,Public       ,183,236,419,1115,1042,2157
00687100,THOMAS NELSON COMMUNITY COLLEGE         ,VA,23670-0000,Public       ,541,1058,1599,1938,3685,5623
00709900,VIRGINIA HIGHLANDS COMMUNITY CLG        ,VA,24210-4210,Public       ,194,262,456,906,995,1901
00726000,SOUTHWEST VIRGINIA COMMUNITY CLG        ,VA,24641-1510,Public       ,258,496,754,972,1431,2403
00859200,LOUISE OBICI SCHOOL OF NURSING          ,VA,23434-8038,Private      ,0,9,9,5,35,40
00859202,SUFFOLK PUB SCH-LOUISE OBICI SCH PN     ,VA,23434-0000,Private      ,0,2,2,1,8,9
00865900,LORD FAIRFAX COMMUNITY COLLEGE          ,VA,22645-0047,Public       ,222,354,576,880,1099,1979
00866000,GERMANNA COMMUNITY COLLEGE              ,VA,22508-0339,Public       ,238,349,587,819,1198,2017
00866100,SOUTHSIDE VIRGINIA CMTY CLG             ,VA,23821-2930,Public       ,464,863,1327,1068,1816,2884
00915900,PAUL D CAMP COMMUNITY COLLEGE           ,VA,23851-0737,Public       ,93,267,360,273,693,966
00916000,RAPPAHANNOCK COMMUNITY COLLEGE          ,VA,23149-2616,Public       ,134,194,328,426,546,972
00926700,EVEREST COLLEGE                         ,VA,23606-4203,Proprietary  ,65,477,542,115,909,1024
00926701,EVEREST COLLEGE - CHESAPEAKE            ,VA,23320-2637,Proprietary  ,0,2,2,0,2,2
00942000,SANFORD-BROWN COLLEGE                   ,VA,22182-3913,Proprietary  ,86,172,258,317,511,828
00953500,STAUNTON SCHOOL OF COSMETOLOGY          ,VA,24401-4323,Proprietary  ,7,8,15,13,12,25
00953700,VIRGINIA SCH OF HAIR DESIGN             ,VA,23669-0000,Proprietary  ,12,33,45,29,107,136
00962900,MOUNTAIN EMPIRE COMMUNITY COLLEGE       ,VA,24219-0700,Public       ,302,492,794,969,1394,2363
00992800,PIEDMONT VIRGINIA COMMUNITY COLLEGE     ,VA,22902-7589,Public       ,198,372,570,817,1072,1889
00995800,HICKS ACADEMY OF BEAUTY CULTURE         ,VA,23707-3218,Proprietary  ,0,0,0,2,6,8
01004300,BON SECOURS MEMORIAL SCH OF NURSING     ,VA,23227-4612,Private      ,19,52,71,153,423,576
01019800,ECPI COLLEGE OF TECHNOLOGY              ,VA,23462-6542,Proprietary  ,718,2240,2958,1572,5317,6889
01033800,EASTERN VIRGINIA MEDICAL SCHOOL         ,VA,23501-1980,Private      ,1,76,77,9,1001,1010
01159600,RALPH'S VIRGINIA SCH OF COSMETOLOGY     ,VA,24501-2652,Proprietary  ,12,11,23,15,19,34
01162601,WESTWOOD COLLEGE - SOUTH BAY - ARLINGTON,VA,22203-4167,Proprietary  ,56,71,127,149,180,329
01162602,WESTWOOD COLLEGE - SOUTH BAY - ANNANDALE,VA,22003-2602,Proprietary  ,52,98,150,120,200,320
01274401,SOUTHSIDE REGIONAL MED CTR PROF SCHOOLS ,VA,23803-5133,Proprietary  ,8,34,42,41,210,251
01274402,SOUTHSIDE REG MED CTR SCH RAD TECH      ,VA,23803-0000,Proprietary  ,2,4,6,7,25,32
02053000,LIBERTY UNIVERSITY                      ,VA,24502-0000,Private      ,1296,4254,5550,11758,13559,25317
02108800,WARDS CORNER BEAUTY ACADEMY             ,VA,23505-0000,Proprietary  ,10,97,107,23,132,155
02111600,DANVILLE REGIONAL MEDICAL CENTER SCHOOL ,VA,24541-0000,Proprietary  ,5,10,15,25,81,106
02128700,CENTRAL SCHOOL OF PRACTICAL NURSING     ,VA,23502-2230,Public       ,6,16,22,9,49,58
02140000,RIVERSIDE SCHOOL OF HEALTH CAREERS      ,VA,23608-3802,Private      ,25,64,89,77,309,386
02175800,LYNCHBURG GENERAL HOSP SCH OF NURSG     ,VA,24501-0000,Private      ,19,40,59,71,124,195
02197600,WOODROW WILSON REHABILITATION CTR       ,VA,22939-0000,Public       ,16,21,37,20,22,42
02223100,HERITAGE INSTITUTE                      ,VA,22046-4400,Proprietary  ,2,14,16,7,44,51
02242400,HENRICO CTY ST MARYS HOSP PRAC NRSG     ,VA,23075-0000,Public       ,3,11,14,4,34,38
02247200,MEDSPA CAREERS INSTITUTE                ,VA,23606-0000,Proprietary  ,95,279,374,253,911,1164
02304500,HERITAGE INSTITUTE                      ,VA,20111-0000,Proprietary  ,16,107,123,49,223,272
02320900,TIDEWATER TECH                          ,VA,23517-0000,Proprietary  ,20,80,100,60,214,274
02334400,CENTURA COLLEGE                         ,VA,23452-0000,Proprietary  ,172,856,1028,363,2634,2997
02340000,COLONIAL HEIGHTS BEAUTY ACADEMY         ,VA,23834-0000,Proprietary  ,9,20,29,15,39,54
02342700,FORTIS COLLEGE                          ,VA,23502-4101,Proprietary  ,17,98,115,40,203,243
02342701,FORTIS COLLEGE - RICHMOND CAMPUS        ,VA,23236-3472,Proprietary  ,13,64,77,35,153,188
02535400,ECPI TECHNICAL COLLEGE                  ,VA,23236-0000,Proprietary  ,135,214,349,301,473,774
02538800,SUFFOLK BEAUTY ACADEMY                  ,VA,23434-0000,Proprietary  ,2,33,35,8,40,48
02541200,STRATFORD UNIVERSITY                    ,VA,22043-0000,Proprietary  ,49,136,185,103,233,336
02541201,STRATFORD UNIVERSITY-WOODBRIDGE         ,VA,22192-0000,Proprietary  ,7,18,25,26,64,90
02567300,BRAXTON SCHOOL OF BUSINESS (THE)        ,VA,23230-0000,Proprietary  ,5,13,18,13,46,59
02588901,SANZ SCHOOL                             ,VA,22044-0000,Proprietary  ,0,0,0,1,3,4
02594200,RUDY & KELLY SCHOOL OF HAIR DESIGN      ,VA,23462-0000,Proprietary  ,0,1,1,1,1,2
02605900,TESST COLLEGE OF TECHNOLOGY             ,VA,22312-6342,Proprietary  ,33,117,150,74,283,357
02610100,WASHINGTON COUNTY ADULT SKILL CTR       ,VA,24210-2346,Public       ,4,38,42,16,69,85
03002400,GRAHAM WEBB INTERNATIONAL ACAD HAIR     ,VA,22209-2129,Proprietary  ,13,16,29,16,26,42
03010700,BAR PALMA BEAUTY CAREERS  ACADEMY       ,VA,24014-2255,Proprietary  ,10,31,41,18,39,57
03042800,"VIRGINIA BEACH CITY SCHOOLS, SCH.-PR.NSG",VA,23456-0038,Public       ,0,6,6,8,34,42
03091100,ACT COLLEGE                             ,VA,22209-2297,Proprietary  ,61,169,230,122,397,519
03091300,REGENT UNIVERSITY                       ,VA,23464-9800,Private      ,76,1035,1111,332,4133,4465
03092700,ECPI TECHNICAL COLLEGE-ROANOKE          ,VA,24012-1603,Proprietary  ,42,124,166,95,293,388
03096500,SPRINGFIELD BEAUTY ACADEMY              ,VA,22003-3016,Proprietary  ,5,42,47,8,68,76
03106500,SENTARA NORFOLK GENERAL HOSPITAL        ,VA,23320-2843,Private      ,25,91,116,112,418,530
03116900,BAPTIST THEOLOGICAL SEM.-RICHMOND       ,VA,23227-0000,Private      ,1,15,16,3,46,49
03126300,TIDEWATER TECH AVIATION                 ,VA,23320-5987,Proprietary  ,27,88,115,67,246,313
03126400,CENTURA COLLEGE                         ,VA,23235-5230,Proprietary  ,26,131,157,67,348,415
03126401,CENTURA COLLEGE - WEST                  ,VA,23294-0000,Proprietary  ,2,8,10,5,26,31
03127500,ADVANCED TECHNOLOGY INSTITUTE           ,VA,23462-2409,Proprietary  ,91,92,183,318,220,538
03280400,VIRGINIA SCHOOL OF MASSAGE              ,VA,22903-0000,Proprietary  ,12,56,68,23,87,110
03409500,RICHMOND SCHOOL OF HEALTH AND TECH      ,VA,23227-0000,Proprietary  ,23,110,133,89,531,620
03455300,CRESCENT COSMETOLOGY UNIVERSITY         ,VA,23666-3115,Proprietary  ,2,3,5,2,9,11
03559300,APPALACHIAN SCHOOL OF LAW               ,VA,24614-0000,Private      ,0,82,82,2,648,650
03638400,TAP THIS VALLEY WORKS CTR FOR EMPLO     ,VA,24016-1901,Private      ,0,8,8,1,13,14
03645400,RUDY & KELLY ACADEMY OF HAIR AND NA     ,VA,23464-6857,Proprietary  ,38,32,70,66,70,136
03654300,CAREER TRAINING SOLUTIONS               ,VA,22406-1014,Proprietary  ,27,87,114,48,209,257
03709300,EDWARD VIA VIRGINIA CLG OSTEOPATHIC MED ,VA,24060-6360,Private      ,0,25,25,7,664,671
03872400,INSTITUTE FOR THE PSYCHOLOGICAL SCIENCES,VA,22202-3609,Private      ,0,5,5,1,54,55
03876300,CULPEPER COSMETOLOGY TRAINING CENTER    ,VA,22701-3155,Public       ,1,8,9,3,11,14
03883400,AVIATION INSTITUTE OF MAINTENANCE       ,VA,20110-4156,Proprietary  ,16,52,68,40,115,155
03966300,CENTRAL BAPTIST THEOLOGICAL SEMINARY OF ,VA,23464-6847,Private      ,0,0,0,1,5,6
04038400,AVI CAREER INSTITUTE                    ,VA,22066-1839,Proprietary  ,1,16,17,1,26,27
00107000,THUNDERBIRD SCHOOL OF GLOBAL MANAGEMENT ,AZ,85306-6000,Private      ,1,212,213,4,600,604
00107100,ARIZONA WESTERN COLLEGE                 ,AZ,85366-0000,Public       ,566,697,1263,2427,2340,4767
00107200,COCHISE COLLEGE                         ,AZ,85607-6190,Public       ,333,515,848,926,1383,2309
00107300,EASTERN ARIZONA COLLEGE                 ,AZ,85552-0769,Public       ,242,277,519,875,691,1566
00107400,GRAND CANYON UNIVERSITY                 ,AZ,85017-3030,Proprietary  ,238,3712,3950,943,12462,13405
00107600,GLENDALE COMMUNITY COLLEGE              ,AZ,85302-3090,Public       ,1133,1538,2671,3914,4812,8726
00107700,MESA COMMUNITY COLLEGE                  ,AZ,85202-4866,Public       ,1545,2130,3675,4940,6863,11803
00107800,PHOENIX COLLEGE                         ,AZ,85013-4234,Public       ,748,1376,2124,2270,3931,6201
00107900,YAVAPAI COLLEGE                         ,AZ,86301-3297,Public       ,212,468,680,1031,1451,2482
00108100,ARIZONA STATE UNIV (ALL CAMPUSES)       ,AZ,85287-0412,Public       ,3634,4166,7800,27310,20459,47769
00108200,NORTHERN ARIZONA UNIVERSITY             ,AZ,86011-0001,Public       ,1093,1898,2991,11543,8476,20019
00108300,UNIVERSITY OF ARIZONA                   ,AZ,85721-0066,Public       ,1846,1470,3316,18381,10564,28945
00165701,MIDWESTERN UNIVERSITY                   ,AZ,85308-0000,Private      ,6,99,105,53,1866,1919
00446700,TUCSON COLLEGE                          ,AZ,85710-0000,Proprietary  ,50,236,286,125,468,593
00711300,SOUTHWESTERN COLLEGE                    ,AZ,85032-7097,Private      ,96,41,137,288,113,401
00726600,PIMA COUNTY COMMUNITY COLLEGE           ,AZ,85709-1110,Public       ,1932,2757,4689,5878,7791,13669
00728300,CENTRAL ARIZONA COLLEGE                 ,AZ,85228-9779,Public       ,376,554,930,1036,1378,2414
00822100,UNIVERSAL TECHNICAL INSTITUTE           ,AZ,85323-7946,Proprietary  ,1133,748,1881,8866,3587,12453
00824600,DINè COLLEGE                            ,AZ,86556-0126,Public       ,191,376,567,468,871,1339
00830300,GATEWAY COMMUNITY COLLEGE               ,AZ,85034-1795,Public       ,223,969,1192,731,2686,3417
00830302,MARICOPA SKILL CENTER                   ,AZ,85034-0000,Public       ,57,181,238,125,512,637
00830400,SCOTTSDALE COMMUNITY COLLEGE            ,AZ,85250-0000,Public       ,589,689,1278,1890,2092,3982
00886400,ARIZONA ACADEMY OF BEAUTY               ,AZ,85712-5021,Proprietary  ,8,14,22,17,41,58
00886500,ARTISTIC BEAUTY COLLEGES-TUCSON         ,AZ,85716-3999,Proprietary  ,66,113,179,103,168,271
00886501,ARTISTIC BEAUTY COLLEGES - TUCSON  - NOR,AZ,85705-1665,Proprietary  ,22,42,64,32,50,82
00945100,BROWN MACKIE COLLEGE                    ,AZ,85712-5300,Proprietary  ,49,159,208,101,373,474
01084700,ARIZONA AUTOMOTIVE INSTITUTE            ,AZ,85301-3503,Proprietary  ,87,168,255,324,585,909
01085800,AVALON SCHOOL OF COSMETOLOGY            ,AZ,85210-4010,Proprietary  ,31,51,82,65,116,181
01157000,PIMA MEDICAL INSTITUTE-MESA             ,AZ,85202-2950,Proprietary  ,18,80,98,66,221,287
01168900,REFRIGERATION SCHOOL                    ,AZ,85034-0000,Proprietary  ,38,157,195,54,342,396
01180200,ARIZONA ACADEMY OF BEAUTY-NORTH         ,AZ,85705-2720,Proprietary  ,4,14,18,8,30,38
01180800,ARTISTIC BEAUTY COLLEGES-FLAGSTAFF      ,AZ,86004-5119,Proprietary  ,49,96,145,66,151,217
01180801,CLG OF BEAUTY ARTS & SCI/CHANDLER       ,AZ,85224-0000,Proprietary  ,21,45,66,29,88,117
01180802,CLG OF BEAUTY ARTS & SCI/PRESCOTT       ,AZ,86303-0000,Proprietary  ,8,25,33,12,36,48
01186200,NORTHLAND PIONEER COLLEGE               ,AZ,86025-2996,Public       ,101,315,416,280,867,1147
01186400,MOHAVE COMMUNITY COLLEGE                ,AZ,86409-1238,Public       ,400,1358,1758,693,2525,3218
01218400,INTERNATIONAL ACAD OF HAIR DESIGN       ,AZ,85225-7198,Proprietary  ,14,26,40,67,96,163
01234300,ARTISTIC BEAUTY COLLEGES-PHOENIX        ,AZ,85304-0000,Proprietary  ,34,48,82,53,73,126
01234301,EMPIRE BEAUTY SCHOOL - AVONDALE         ,AZ,85323-2352,Proprietary  ,11,12,23,19,30,49
01293700,ARTISTIC BEAUTY COLLEGES - PARADISE VALL,AZ,85257-0000,Proprietary  ,9,18,27,15,27,42
02065200,ITT TECHNICAL INSTITUTE                 ,AZ,85282-0000,Proprietary  ,291,783,1074,566,1466,2032
02065300,PRESCOTT COLLEGE                        ,AZ,86301-0000,Private      ,30,218,248,326,833,1159
02071200,KAPLAN COLLEGE                          ,AZ,85029-4349,Proprietary  ,58,206,264,130,423,553
02098800,UNIVERSITY OF PHOENIX                   ,AZ,85040-0000,Proprietary  ,5600,116193,121793,8712,192388,201100
02100500,UNIVERSAL TECHNICAL INSTITUTE           ,AZ,85027-0000,Proprietary  ,993,981,1974,6329,4603,10932
02100600,APOLLO COLLEGE                          ,AZ,85015-0000,Proprietary  ,512,1419,1931,1043,2928,3971
02113800,ROBERTO-VENN SCH OF LUTHIERY            ,AZ,85040-0000,Proprietary  ,10,8,18,34,27,61
02146600,SOUTH MOUNTAIN COMMUNITY COLLEGE        ,AZ,85040-0000,Public       ,339,597,936,925,1508,2433
02171500,WESTERN INTERNATIONAL UNIVERSITY        ,AZ,85021-0000,Proprietary  ,46,1583,1629,107,3529,3636
02173300,DEVOE COLLEGE OF BEAUTY                 ,AZ,85635-0000,Proprietary  ,2,6,8,6,13,19
02174900,COLLINS COLLEGE                         ,AZ,85040-4000,Proprietary  ,301,283,584,1567,1071,2638
02177500,RIO SALADO COMMUNITY COLLEGE            ,AZ,85281-0000,Public       ,249,2099,2348,585,4755,5340
02181300,LONG TECHNICAL COLLEGE                  ,AZ,85008-6915,Proprietary  ,0,0,0,4,11,15
02192300,MARICOPA BEAUTY COLLEGE                 ,AZ,85323-0000,Proprietary  ,21,13,34,42,53,95
02199900,AMERICAN INDIAN CLG-ASSEMBLIES GOD      ,AZ,85021-0000,Private      ,14,12,26,44,37,81
02217100,PIMA MEDICAL INSTITUTE                  ,AZ,85716-0000,Proprietary  ,506,1454,1960,1094,3463,4557
02218800,BROOKLINE COLLEGE                       ,AZ,85019-1600,Proprietary  ,64,483,547,140,1084,1224
02220300,ARTISTIC BEAUTY COLLEGES-GLENDALE       ,AZ,85051-0000,Proprietary  ,26,42,68,45,88,133
02263100,ANTHEM COLLEGE                          ,AZ,85014-0000,Proprietary  ,714,2584,3298,2497,8010,10507
02280500,CHARLES OF ITALY BEAUTY COLLEGE         ,AZ,86403-0000,Proprietary  ,14,34,48,19,58,77
02295000,EVEREST COLLEGE                         ,AZ,85021-1610,Proprietary  ,173,1129,1302,349,2527,2876
02295002,EVEREST COLLEGE - MESA                  ,AZ,85206-4704,Proprietary  ,1,1,2,1,1,2
02317800,AMERICAN INSTITUTE OF TECHNOLOGY        ,AZ,85043-0000,Proprietary  ,9,274,283,26,511,537
02361100,ITT TECHNICAL INSTITUTE                 ,AZ,85704-0000,Proprietary  ,216,386,602,402,798,1200
02491500,THE ART CENTER DESIGN COLLEGE           ,AZ,85716-0000,Proprietary  ,100,181,281,189,327,516
02521500,LAMSON COLLEGE                          ,AZ,85284-1141,Proprietary  ,44,280,324,95,497,592
02559000,UNIVERSITY OF ADVANCING TECHNOLOGY      ,AZ,85283-0000,Proprietary  ,157,147,304,901,534,1435
02561900,TONI AND GUY HAIRDRESSING ACADEMY       ,AZ,85251-3301,Proprietary  ,60,35,95,133,93,226
02582700,CORTIVA INSTITUTE - TUCSON              ,AZ,85710-3503,Proprietary  ,17,31,48,33,82,115
02616700,SCOTTSDALE CULINARY INSTITUTE           ,AZ,85251-2729,Proprietary  ,275,519,794,1093,1600,2693
02623600,PARADISE VALLEY COMMUNITY COLLEGE       ,AZ,85032-1210,Public       ,411,651,1062,1184,1782,2966
02623800,CORTIVA INSTITUTE - SCOTTSDALE          ,AZ,85257-4218,Proprietary  ,8,22,30,22,74,96
03005000,SAFFORD COLLEGE OF BEAUTY CULTURE       ,AZ,85546-3309,Proprietary  ,3,19,22,4,22,26
03010613,VIRGINIA COLLEGE - GOLF ACADEMY OF ARIZO,AZ,85225-6742,Proprietary  ,29,43,72,103,118,221
03030604,UTAH COLLEGE OF MASSAGE THERAPY - ARIZON,AZ,85282-0000,Proprietary  ,49,87,136,130,225,355
03030605,UTAH COLLEGE OF MASSAGE THERAPY - ARIZON,AZ,85051-3470,Proprietary  ,56,107,163,126,231,357
03034400,CONSERVATORY RECORDING ARTS & SCIS      ,AZ,85282-1707,Proprietary  ,97,115,212,375,433,808
03072200,CHANDLER-GILBERT COMMUNITY COLLEGE      ,AZ,85225-2499,Public       ,439,623,1062,1549,1988,3537
03076400,BRYMAN SCHOOL OF ARIZONA                ,AZ,85029-4919,Proprietary  ,588,969,1557,1881,2791,4672
03097800,CARSTEN INSTITUTE OF HAIR & BEAUTY      ,AZ,85282-5404,Proprietary  ,46,44,90,85,88,173
03100400,COCONINO COUNTY COMMUNITY COLLEGE       ,AZ,86001-2701,Public       ,208,293,501,712,932,1644
03107000,SOUTHWEST CLG OF NATUROPATHIC MED       ,AZ,85282-0000,Private      ,0,46,46,6,384,390
03115000,ARIZONA COLLEGE OF ALLIED HEALTH        ,AZ,85302-3843,Proprietary  ,20,128,148,55,289,344
03120300,COLLEGE AMERICA                         ,AZ,86004-3936,Proprietary  ,23,81,104,79,234,313
03156300,ESTRELLA MOUNTAIN COMMUNITY COLLEGE     ,AZ,85392-1010,Public       ,346,548,894,991,1554,2545
03156301,ESTRELLA MOUNTAIN COMMUNITY COLLEGE - SO,AZ,85392-1010,Public       ,73,179,252,173,377,550
03347300,INTERNATIONAL BAPTIST COLLEGE           ,AZ,85282-6799,Private      ,9,7,16,23,15,38
03445300,HDS TRUCK DRIVING INSTITUTE             ,AZ,85731-0000,Proprietary  ,6,76,82,7,97,104
03478400,PHOENIX SEMINARY                        ,AZ,85018-7611,Private      ,0,15,15,1,45,46
03572300,EAST VALLEY INSTITUTE OF TECHNOLOGY     ,AZ,85201-6910,Public       ,16,32,48,45,73,118
03593300,SOUTHWEST INSTITUTE OF HEALING ARTS     ,AZ,85281-3658,Proprietary  ,23,97,120,57,266,323
03617500,PHOENIX INSTITUTE OF HERBAL MEDICINE & A,AZ,85012-0000,Proprietary  ,1,29,30,2,75,77
03695500,ARIZONA SCHOOL OF ACUPUNCTURE AND ORIENT,AZ,85712-1100,Proprietary  ,0,16,16,3,43,46
03740500,ART INSTITUTE OF TUCSON (THE)           ,AZ,85712-2732,Proprietary  ,29,24,53,72,72,144
03784400,TOHONO O'ODHAM COMMUNITY COLLEGE        ,AZ,85634-3129,Public       ,7,32,39,13,49,62
03814300,TURNING POINT BEAUTY COLLEGE            ,AZ,85222-4229,Proprietary  ,4,20,24,5,33,38
04051300,ART INSTITUTE OF PHOENIX (THE)          ,AZ,85021-2859,Proprietary  ,137,130,267,864,703,1567
04059300,TUCSON COLLEGE OF BEAUTY                ,AZ,85705-2451,Proprietary  ,9,12,21,28,31,59
04120900,ARIZONA CULINARY INSTITUTE              ,AZ,85259-4939,Proprietary  ,42,57,99,53,76,129
00142800,DELAWARE STATE UNIVERSITY               ,DE,19901-2277,Public       ,512,323,835,5337,1325,6662
00142900,GOLDEY BEACOM COLLEGE                   ,DE,19808-1993,Private      ,120,131,251,468,346,814
00143100,UNIVERSITY OF DELAWARE                  ,DE,19716-0099,Public       ,916,368,1284,17389,1932,19321
00143300,WESLEY COLLEGE                          ,DE,19901-3875,Private      ,173,84,257,2019,323,2342
00143301,WESLEY COLLEGE-CTR FOR ADULT STUDIE     ,DE,19720-0000,Private      ,9,142,151,36,365,401
00331301,WIDENER UNIV SCHOOL OF LAW - DE         ,DE,19803-0000,Private      ,5,141,146,23,1490,1513
00705300,DELAWARE TECH & CMTY COLLEGE-OWENS      ,DE,19947-0000,Public       ,301,525,826,1279,1564,2843
00794800,WILMINGTON UNIVERSITY                   ,DE,19720-6491,Private      ,349,1374,1723,1282,3803,5085
01172700,DELAWARE TECH & CMTY CLG-TERRY          ,DE,19901-8736,Public       ,295,466,761,1201,1373,2574
01195002,DELAWARE COLLEGE OF ART & DESIGN        ,DE,19801-0000,Private      ,41,20,61,282,47,329
02125200,BEEBE SCHOOL OF NURSING                 ,DE,19958-1462,Private      ,6,5,11,28,30,58
02144900,DELAWARE TECH & CMTY CLG-STANTN/WLM     ,DE,19801-0000,Public       ,448,608,1056,2074,2266,4340
02190400,SCHILLING DOUGLAS SCH OF HAIR DSGN      ,DE,19711-0000,Proprietary  ,32,43,75,64,114,178
02586902,STAR TECHNICAL INSTITUTE -              ,DE,19901-4615,Proprietary  ,4,53,57,22,184,206
03021000,HARRISON CAREER INSTITUTE               ,DE,19804-3259,Proprietary  ,0,0,0,0,1,1
03025800,DAWN TRAINING CENTRE                    ,DE,19805-1511,Proprietary  ,38,144,182,54,266,320
03543300,HARRIS SCHOOL OF BUSINESS               ,DE,19803-5341,Proprietary  ,20,119,139,36,226,262
03702300,DELAWARE LEARNING INSTITUTE OF COSMETOLO,DE,19939-9759,Proprietary  ,6,18,24,20,42,62
00143400,AMERICAN UNIVERSITY                     ,DC,20016-8020,Private      ,112,554,666,9690,8193,17883
00143700,CATHOLIC UNIVERSITY OF AMERICA          ,DC,20064-0002,Private      ,179,339,518,3898,1874,5772
00143711,"CATHOLIC UNIV AMERICA, LAW SCHOOL       ",DC,20064-0000,Private      ,4,123,127,27,1319,1346
00144100,UNIV OF THE DISTRICT OF COLUMBIA        ,DC,20008-0000,Public       ,339,886,1225,1592,3175,4767
00144102,UNIVERSITY OF THE DISTRICT OF COLUMBIA -,DC,20008-1173,Public       ,11,43,54,34,575,609
00144300,GALLAUDET UNIVERSITY                    ,DC,20002-3695,Private      ,129,129,258,756,671,1427
00144400,GEORGE WASHINGTON UNIVERSITY            ,DC,20052-2353,Private      ,297,1102,1399,10512,7344,17856
00144402,GEORGE WASHINGTON UNIV LAW SCHL         ,DC,20052-0000,Private      ,1,208,209,15,4362,4377
00144403,GEORGE WASHINGTON UNIV SCH MED          ,DC,20052-0000,Private      ,2,34,36,33,1033,1066
00144500,GEORGETOWN UNIVERSITY                   ,DC,20057-1252,Private      ,217,570,787,9827,4333,14160
00144501,"GEORGETOWN UNIV, SCH OF MEDICINE        ",DC,20007-0000,Private      ,1,52,53,32,1172,1204
00144503,GEORGETOWN UNIV LAW CENTER              ,DC,20001-0000,Private      ,1,236,237,23,4691,4714
00144800,HOWARD UNIVERSITY                       ,DC,20059-0001,Private      ,1080,1035,2115,10854,7114,17968
00145600,SOUTHEASTERN UNIVERSITY                 ,DC,20024-2788,Private      ,46,214,260,144,814,958
00145900,STRAYER UNIVERSITY                      ,DC,20005-2603,Proprietary  ,471,10640,11111,885,24099,24984
00146000,TRINITY UNIVERSITY                      ,DC,20017-1004,Private      ,78,305,383,772,1207,1979
00146400,WESLEY THEOLOGICAL SEMINARY             ,DC,20016-0000,Private      ,0,48,48,1,243,244
00207701,JOHNS HOPKINS UNIV SCH ADV INTL STU     ,DC,20036-0000,Private      ,1,70,71,19,1161,1180
01006500,WASHINGTON THEOLOGICAL UNION            ,DC,20012-0000,Private      ,0,10,10,1,41,42
01195000,THE CORCORAN COLLEGE OF ART & DESIG     ,DC,20006-4804,Private      ,45,49,94,357,245,602
01266500,HARRISON CTR FOR CAREER EDUCATION       ,DC,20001-5303,Private      ,1,1,2,1,6,7
01280300,DOMINICAN HOUSE OF STUDIES              ,DC,20017-1584,Private      ,0,4,4,1,7,8
02132800,NAT'L CONSERVATORY DRAMATIC ARTS        ,DC,20007-2758,Private      ,2,7,9,5,17,22
02279200,DUDLEY BEAUTY COLG-WASHINGTON           ,DC,20018-0000,Proprietary  ,13,48,61,38,106,144
02588900,SANZ SCHOOL                             ,DC,20006-0000,Proprietary  ,74,302,376,140,634,774
03104300,CAREER BLAZERS LEARNING CENTER OF WASHIN,DC,20037-1881,Proprietary  ,27,154,181,67,400,467
03218300,POTOMAC COLLEGE                         ,DC,20016-1860,Proprietary  ,10,123,133,21,280,301
03409600,BENNETT CAREER INSTITUTE                ,DC,20017-1754,Proprietary  ,23,78,101,53,184,237
03750300,TECHNICAL LEARNING CENTERS              ,DC,20005-3415,Proprietary  ,18,75,93,26,137,163
00154100,ABRAHAM BALDWIN AGRICULTURAL CLG        ,GA,31794-0000,Public       ,736,415,1151,2696,1255,3951
00154200,AGNES SCOTT COLLEGE                     ,GA,30030-3797,Private      ,47,48,95,1091,244,1335
00154300,DARTON COLLEGE                          ,GA,31707-3098,Public       ,554,1096,1650,1938,3369,5307
00154400,ALBANY STATE UNIVERSITY                 ,GA,31705-2796,Public       ,712,795,1507,5796,3023,8819
00154500,ANDREW COLLEGE                          ,GA,39840-1313,Private      ,56,12,68,338,44,382
00154600,ARMSTRONG ATLANTIC STATE UNIVERSITY     ,GA,31419-1997,Public       ,651,1018,1669,3427,4197,7624
00154700,ATLANTA CHRISTIAN COLLEGE               ,GA,30344-1999,Private      ,62,42,104,383,151,534
00155200,AUGUSTA STATE UNIVERSITY                ,GA,30904-2200,Public       ,501,736,1237,3873,3694,7567
00155400,BERRY COLLEGE                           ,GA,30149-5007,Private      ,108,48,156,2056,186,2242
00155500,THOMAS UNIVERSITY                       ,GA,31792-7499,Private      ,90,258,348,272,692,964
00155600,BRENAU UNIVERSITY                       ,GA,30501-3668,Private      ,109,502,611,1025,2064,3089
00155700,BREWTON PARKER COLLEGE                  ,GA,30445-0000,Private      ,108,226,334,628,634,1262
00155800,COASTAL GEORGIA COMMUNITY COLLEGE       ,GA,31520-3644,Public       ,347,606,953,1093,1922,3015
00155900,CLARK ATLANTA UNIVERSITY                ,GA,30314-4385,Private      ,966,701,1667,11794,3642,15436
00156000,COLUMBIA THEOLOGICAL SEMINARY           ,GA,30031-0000,Private      ,0,22,22,1,150,151
00156100,COLUMBUS STATE UNIVERSITY               ,GA,31907-5645,Public       ,643,878,1521,4766,3754,8520
00156200,GEORGIA PERIMETER COLLEGE               ,GA,30021-0000,Public       ,2581,3184,5765,8763,11254,20017
00156300,EMMANUEL COLLEGE                        ,GA,30639-0000,Private      ,106,40,146,624,147,771
00156400,EMORY UNIVERSITY                        ,GA,30322-1960,Private      ,282,811,1093,8386,6954,15340
00156600,FORT VALLEY STATE UNIVERSITY            ,GA,31030-3298,Public       ,583,349,932,3600,1232,4832
00156700,GAINESVILLE STATE COLLEGE               ,GA,30503-0000,Public       ,742,395,1137,3701,1696,5397
00156800,INTERDENOMINATIONAL THEOLOGY CENTER     ,GA,30314-0000,Private      ,0,137,137,3,501,504
00156900,GEORGIA INSTITUTE OF TECHNOLOGY         ,GA,30332-0002,Public       ,805,517,1322,12064,2911,14975
00157000,SOUTHERN POLYTECHNIC STATE UNIV         ,GA,30060-2896,Public       ,373,437,810,2108,1512,3620
00157100,GEORGIA MILITARY COLLEGE                ,GA,31061-3398,Public       ,913,1021,1934,2282,2848,5130
00157200,GEORGIA SOUTHERN UNIVERSITY             ,GA,30460-8065,Public       ,1606,938,2544,14017,4105,18122
00157300,GEORGIA SOUTHWESTERN STATE UNIV         ,GA,31709-4693,Public       ,252,336,588,1590,1201,2791
00157400,GEORGIA STATE UNIVERSITY                ,GA,30303-3010,Public       ,2237,3136,5373,17455,16852,34307
00157500,GORDON COLLEGE                          ,GA,30204-1762,Public       ,558,349,907,3204,1512,4716
00157700,KENNESAW STATE UNIVERSITY               ,GA,30144-5591,Public       ,1572,1940,3512,9802,8270,18072
00157800,LAGRANGE COLLEGE                        ,GA,30240-2999,Private      ,119,122,241,1235,463,1698
00157900,MEDICAL COLLEGE OF GEORGIA              ,GA,30912-0004,Public       ,54,304,358,435,2146,2581
00158000,MERCER UNIVERSITY                       ,GA,31207-0003,Private      ,362,1322,1684,3597,5872,9469
00158100,MIDDLE GEORGIA COLLEGE                  ,GA,31014-1599,Public       ,518,369,887,2767,1347,4114
00158200,MOREHOUSE COLLEGE                       ,GA,30314-3773,Private      ,662,165,827,4024,635,4659
00158500,NORTH GEORGIA COLLEGE & STATE UNIV      ,GA,30597-0001,Public       ,357,260,617,2792,1326,4118
00158600,OGLETHORPE UNIVERSITY                   ,GA,30319-2737,Private      ,131,97,228,842,370,1212
00158700,PAINE COLLEGE                           ,GA,30901-3182,Private      ,191,69,260,1485,409,1894
00158800,PIEDMONT COLLEGE                        ,GA,30535-5644,Private      ,122,454,576,753,1433,2186
00158900,REINHARDT COLLEGE                       ,GA,30183-2981,Private      ,171,78,249,855,254,1109
00159000,SAVANNAH STATE UNIVERSITY               ,GA,31404-5298,Public       ,761,464,1225,4567,1782,6349
00159100,SHORTER COLLEGE                         ,GA,30165-4298,Private      ,195,635,830,1172,2089,3261
00159200,SOUTH GEORGIA COLLEGE                   ,GA,31533-8104,Public       ,350,214,564,1193,786,1979
00159400,SPELMAN COLLEGE                         ,GA,30314-4399,Private      ,353,153,506,4951,822,5773
00159600,TOCCOA FALLS COLLEGE                    ,GA,30598-0001,Private      ,81,33,114,1007,210,1217
00159700,TRUETT MCCONNELL COLLEGE                ,GA,30528-1264,Private      ,110,25,135,440,56,496
00159800,UNIVERSITY OF GEORGIA                   ,GA,30602-6114,Public       ,1972,1684,3656,17288,8331,25619
00159900,VALDOSTA STATE UNIVERSITY               ,GA,31698-0001,Public       ,1240,961,2201,8825,3830,12655
00160000,WESLEYAN COLLEGE                        ,GA,31210-4407,Private      ,47,138,185,341,416,757
00160100,UNIV OF WEST GEORGIA                    ,GA,30118-0002,Public       ,985,821,1806,7734,3597,11331
00160200,GEORGIA COLLEGE & STATE UNIVERSITY      ,GA,31061-0490,Public       ,607,411,1018,4443,1533,5976
00160400,YOUNG HARRIS COLLEGE                    ,GA,30582-4137,Private      ,55,2,57,686,24,710
00348400,COVENANT COLLEGE                        ,GA,30750-4164,Private      ,55,107,162,1116,326,1442
00395600,DALTON STATE COLLEGE                    ,GA,30720-3797,Public       ,492,626,1118,1944,2028,3972
00402400,GEORGIA NORTHWESTERN TECHNICAL COLLEGE  ,GA,30161-6757,Public       ,327,677,1004,710,1890,2600
00402403,NORTHWESTERN TECHNICAL COLLEGE          ,GA,30739-0569,Public       ,208,587,795,505,1640,2145
00411700,GRADY HEALTH SYSTEM                     ,GA,30303-3050,Public       ,12,54,66,76,181,257
00525400,LANIER TECHNICAL COLLEGE                ,GA,30566-3499,Public       ,153,437,590,518,1588,2106
00525500,MOULTRIE TECHNICAL COLLEGE              ,GA,31768-0000,Public       ,209,599,808,467,1727,2194
00525600,VALDOSTA TECHNICAL COLLEGE              ,GA,31603-0000,Public       ,268,705,973,642,1820,2462
00551100,OKEFENOKEE TECHNICAL COLLEGE            ,GA,31501-4016,Public       ,98,323,421,319,1011,1330
00559900,AUGUSTA TECHNICAL COLLEGE               ,GA,30906-3399,Public       ,527,1299,1826,1437,3908,5345
00560000,ATHENS TECHNICAL COLLEGE                ,GA,30601-1579,Public       ,519,954,1473,1441,2888,4329
00560100,ALBANY TECHNICAL COLLEGE                ,GA,31701-2648,Public       ,342,1047,1389,831,2740,3571
00561300,FLINT RIVER TECHNICAL INSTITUTE         ,GA,30286-0014,Public       ,48,262,310,125,729,854
00561500,SOUTHWEST GEORGIA TECHNICAL COLLEGE     ,GA,31792-2622,Public       ,156,401,557,432,1315,1747
00561700,SOUTH GEORGIA TECHNICAL COLLEGE         ,GA,31709-8167,Public       ,239,411,650,598,1032,1630
00561800,SAVANNAH TECHNICAL COLLEGE              ,GA,31405-5594,Public       ,641,1739,2380,1513,4759,6272
00561900,NORTH GEORGIA TECHNICAL COLLEGE         ,GA,30523-0000,Public       ,242,440,682,675,1309,1984
00562000,CHATTAHOOCHEE TECHNICAL COLLEGE         ,GA,30060-3398,Public       ,561,882,1443,1553,3131,4684
00562004,NORTH METRO TECHNICAL COLLEGE           ,GA,30102-3129,Public       ,382,577,959,840,1736,2576
00562005,APPALACHIAN TECHNICAL COLLEGE           ,GA,30143-0000,Public       ,65,181,246,189,472,661
00562100,GRIFFIN TECHNICAL COLLEGE               ,GA,30223-2097,Public       ,267,784,1051,791,2313,3104
00562200,DEKALB TECHNICAL COLLEGE                ,GA,30021-0000,Public       ,303,971,1274,925,3477,4402
00562400,COLUMBUS TECHNICAL COLLEGE              ,GA,31904-6572,Public       ,318,934,1252,880,2815,3695
00576300,CENTRAL GEORGIA TECHNICAL COLLEGE       ,GA,31206-3628,Public       ,432,1412,1844,1177,4890,6067
00772800,MACON STATE COLLEGE                     ,GA,31206-5145,Public       ,730,1316,2046,2796,4362,7158
00854300,ATLANTA TECHNICAL COLLEGE               ,GA,30310-4499,Public       ,413,1185,1598,1132,3466,4598
00897600,CLAYTON STATE UNIVERSITY                ,GA,30260-0285,Public       ,777,1395,2172,4035,5620,9655
00918300,EAST CENTRAL TECHNICAL COLLEGE          ,GA,31750-0000,Public       ,101,299,400,199,769,968
00927000,ART INSTITUTE OF ATLANTA                ,GA,30328-1649,Proprietary  ,1203,921,2124,4543,3075,7618
00950700,GEORGIA HIGHLANDS COLLEGE               ,GA,30162-0000,Public       ,576,455,1031,2168,1792,3960
01031903,MEDIX SCHOOL                            ,GA,30080-7630,Proprietary  ,53,237,290,143,525,668
01048700,WEST GEORGIA TECHNICAL COLLEGE          ,GA,30182-6476,Public       ,329,797,1126,962,2506,3468
01048704,WEST GEORGIA TECHNICAL COLLEGE          ,GA,30240-5957,Public       ,120,337,457,391,1100,1491
01077100,GUPTON JONES COLLEGE                    ,GA,30035-4022,Private      ,26,58,84,87,196,283
01099700,EAST GEORGIA COLLEGE                    ,GA,30401-2699,Public       ,457,218,675,1491,662,2153
01107400,BAINBRIDGE COLLEGE                      ,GA,39819-8400,Public       ,325,889,1214,817,2115,2932
01110901,EVEREST COLLEGE - EVEREST INSTITUTE     ,GA,30067-8340,Proprietary  ,1,9,10,8,34,42
01157400,BAUDER COLLEGE                          ,GA,30313-2439,Proprietary  ,169,276,445,517,704,1221
01205100,PRO WAY HAIR SCHOOL                     ,GA,30083-2884,Proprietary  ,23,71,94,67,173,240
01216500,ATLANTA METROPOLITAN COLLEGE            ,GA,30310-4498,Public       ,472,627,1099,1501,2161,3662
01303900,SOUTH UNIVERSITY                        ,GA,31406-4881,Proprietary  ,267,2635,2902,668,6734,7402
02055000,WAYCROSS COLLEGE                        ,GA,31503-0000,Public       ,126,177,303,469,545,1014
02060900,BROWN CLG OF COURT REPORTING & M.T.     ,GA,30318-2570,Proprietary  ,3,65,68,16,251,267
02074800,LIFE UNIVERSITY                         ,GA,30060-0000,Private      ,45,230,275,224,1764,1988
02089700,HERZING COLLEGE                         ,GA,30326-1332,Proprietary  ,70,306,376,179,770,949
02110501,ART INSTITUTE OF CHARLOTTE (THE) - BROWN,GA,30319-3054,Proprietary  ,9,7,16,36,25,61
02113604,AMERICAN INTERCONTINENTAL UNIV - DUNWOOD,GA,30328-1649,Proprietary  ,169,437,606,649,1697,2346
02116000,SANFORD-BROWN COLLEGE                   ,GA,30328-4803,Proprietary  ,109,505,614,328,1741,2069
02141500,SAVANNAH COLLEGE OF ART & DESIGN        ,GA,31402-3146,Private      ,998,503,1501,6922,2678,9600
02202800,AUGUSTA AREA DIET INTERN UNIV HOSP      ,GA,30901-0000,Private      ,0,3,3,1,15,16
02205300,SAVANNAH RIVER COLLEGE                  ,GA,30909-0000,Proprietary  ,23,121,144,54,321,375
02217200,PORTFOLIO CENTER                        ,GA,30309-0000,Proprietary  ,9,43,52,26,108,134
02266200,AMERICAN PROFESSIONAL INSTITUTE         ,GA,31201-0000,Proprietary  ,61,289,350,110,681,791
02279500,HEART OF GEORGIA TECHNICAL COLLEGE      ,GA,31021-0000,Public       ,139,309,448,302,892,1194
02284300,INTERACTIVE COLLEGE OF TECHNOLOGY       ,GA,30341-0000,Proprietary  ,67,434,501,151,1066,1217
02284308,INTERACTIVE LEARNING SYSTEMS            ,GA,30260-0000,Proprietary  ,24,82,106,41,143,184
02284309,INTERACTIVE COLLEGE OF TECHNOLOGY       ,GA,30501-0000,Proprietary  ,11,67,78,18,103,121
02285500,"CREATIVE CIRCUS, THE                    ",GA,30324-0000,Proprietary  ,11,42,53,47,208,255
02288400,GWINNETT TECHNICAL INSTITUTE            ,GA,30043-5702,Public       ,533,945,1478,1614,3787,5401
02313902,WESTWOOD COLLEGE - O'HARE AIRPORT - ATLA,GA,30345-2807,Proprietary  ,54,133,187,170,304,474
02318600,GEORGIA MEDICAL INSTITUTE               ,GA,30303-0000,Proprietary  ,248,946,1194,447,1776,2223
02321400,ROFFLER-MOLER HAIRSTYLING COLLEGE       ,GA,30062-0000,Proprietary  ,8,31,39,19,81,100
02354500,SOUTHEASTERN BEAUTY SCHOOLS             ,GA,31906-0000,Proprietary  ,5,31,36,10,99,109
02482100,MOREHOUSE SCHOOL OF MEDICINE            ,GA,30310-0000,Private      ,8,20,28,89,535,624
02502700,ADVANCED CAREER TRAINING                ,GA,30329-0000,Proprietary  ,42,151,193,86,349,435
02502701,ADVANCED CAREER TRAINING-RIVERDALE      ,GA,30274-0000,Proprietary  ,37,161,198,68,343,411
02508600,MIDDLE GEORGIA TECHNICAL COLLEGE        ,GA,31088-0000,Public       ,267,599,866,640,1520,2160
02520000,INTERNATIONAL SCH SKIN & NAILCARE       ,GA,30342-1119,Proprietary  ,8,92,100,22,177,199
02577000,ARNOLD / PADRICKS  UNIV OF COSM         ,GA,30297-0000,Proprietary  ,13,43,56,22,85,107
02577700,BEAUTY COLLEGE OF AMERICA               ,GA,30297-0000,Proprietary  ,6,39,45,13,50,63
02578300,INTERNATIONAL CITY BEAUTY COLLEGE       ,GA,31093-3631,Proprietary  ,1,5,6,3,15,18
02580200,ATLANTA SCHOOL OF MASSAGE               ,GA,30338-0000,Proprietary  ,18,76,94,57,197,254
02583000,GWINNETT COLLEGE OF BUSINESS            ,GA,30047-3447,Proprietary  ,32,161,193,94,504,598
02607600,CAPELLI LEARNING CTR FOR COSM           ,GA,30324-0000,Proprietary  ,20,42,62,44,135,179
03005400,ARTISTIC BEAUTY COLLEGE                 ,GA,30013-2076,Proprietary  ,84,224,308,166,436,602
03022601,WESTERN CULINARY INSTITUTE - LE CORDON B,GA,30084-5893,Proprietary  ,20,41,61,90,112,202
03030000,OGEECHEE TECHNICAL COLLEGE              ,GA,30458-8049,Public       ,363,585,948,875,1653,2528
03032100,ALTAMAHA TECHNICAL COLLEGE              ,GA,31545-4465,Public       ,96,240,336,227,746,973
03042700,LAURUSTECHNICAL INSTITUTE               ,GA,30030-1506,Proprietary  ,19,147,166,34,322,356
03066500,SOUTHEASTERN TECHNICAL COLLEGE          ,GA,30474-8817,Public       ,96,217,313,256,774,1030
03066502,SWAINSBORO TECHNICAL COLLEGE            ,GA,30401-5700,Public       ,57,177,234,170,493,663
03072304,EVEREST COLLEGE - EVEREST INSTITUTE     ,GA,30236-0000,Proprietary  ,6,31,37,38,106,144
03076300,BEULAH HEIGHTS BIBLE COLLEGE            ,GA,30316-1873,Private      ,19,265,284,34,573,607
03079202,WESTWOOD COLLEGE - ATLANTA MIDTOWN      ,GA,30309-2848,Proprietary  ,144,197,341,481,544,1025
03081500,SOUTHEASTERN BEAUTY SCHOOL              ,GA,31917-0000,Proprietary  ,6,34,40,9,103,112
03089100,GEORGIA INSTITUTE OF COSMETOLOGY        ,GA,30606-3152,Proprietary  ,53,177,230,76,202,278
03090600,COBB BEAUTY COLLEGE                     ,GA,30144-2828,Proprietary  ,7,18,25,12,45,57
03100900,LUTHER RICE UNIVERSITY                  ,GA,30038-2454,Private      ,4,157,161,11,531,542
03102000,RIVERTOWN SCHOOL OF BEAUTY              ,GA,31904-4747,Proprietary  ,16,62,78,28,106,134
03104500,ATLANTA INSTITUTE OF MUSIC              ,GA,30096-4988,Proprietary  ,35,18,53,106,74,180
03116100,VOGUE BEAUTY SCHOOL                     ,GA,30141-2226,Proprietary  ,10,26,36,16,64,80
03155500,SANDERSVILLE REGIONAL TECH INST         ,GA,31082-6179,Public       ,53,147,200,127,406,533
03173300,ATLANTA'S JOHN MARSHALL LAW SCHOOL      ,GA,30309-0000,Proprietary  ,1,199,200,9,954,963
03232303,COMPUTER-ED INSTITUTE-                  ,GA,30071-0000,Proprietary  ,13,152,165,46,408,454
03232304,LINCOLN COLLEGE OF TECHNOLOGY           ,GA,30067-8638,Proprietary  ,36,168,204,119,419,538
03251300,BEACON UNIVERSITY                       ,GA,31909-4663,Private      ,17,85,102,32,255,287
03355402,PSYCHOLOGICAL STUDIES INSTITUTE -       ,GA,30327-2921,Private      ,1,53,54,12,169,181
03391300,ROSS MEDICAL EDUCATION CENTER           ,GA,30033-3105,Proprietary  ,3,29,32,12,81,93
03418300,GWINNETT COLLEGE-SANDY SPRINGS          ,GA,30328-3161,Proprietary  ,12,74,86,24,131,155
03445500,FAYETTE BEAUTY ACADEMY                  ,GA,30214-1191,Proprietary  ,9,19,28,19,34,53
03522300,POWDER SPRINGS BEAUTY COLLEGE           ,GA,30127-2926,Proprietary  ,3,36,39,5,47,52
03523300,AVIATION INSTITUTE OF MAINTENANCE       ,GA,30045-6716,Proprietary  ,23,107,130,85,327,412
03576300,GEORGIA AVIATION AND TECHNICAL COLL     ,GA,31023-0000,Public       ,7,3,10,54,36,90
03753400,MICHAEL'S SCHOOL OF BEAUTY              ,GA,31211-1493,Proprietary  ,13,57,70,22,135,157
03804400,JAVELIN TECHNICAL TRAINING CENTER       ,GA,30339-6040,Proprietary  ,86,392,478,158,767,925
03812300,OMNITECH INSTITUTE                      ,GA,30035-1206,Proprietary  ,35,96,131,65,269,334
04021300,AUGUSTA SCHOOL OF MASSAGE               ,GA,30809-0000,Proprietary  ,6,12,18,13,34,47
04091300,SAVANNAH SCHOOL OF MASSAGE THERAPY      ,GA,31406-2711,Private      ,3,18,21,11,46,57
04105300,NIGHTINGALE MEDICAL INSTITUTE           ,GA,30084-4036,Proprietary  ,7,39,46,13,67,80
        ,CHICAGO THEOLOGICAL SEMINARY            ,IL,60637-0000,Private      ,0,28,28,2,141,143
00162800,AMERICAN ACADEMY OF ART                 ,IL,60604-4302,Proprietary  ,95,22,117,419,112,531
00163300,AUGUSTANA COLLEGE                       ,IL,61201-2296,Private      ,139,15,154,3169,101,3270
00163400,AURORA UNIVERSITY                       ,IL,60506-4892,Private      ,225,549,774,1904,1881,3785
00163500,BARAT COLLEGE                           ,IL,60045-3297,Private      ,0,0,0,3,4,7
00163600,SOUTHWESTERN ILLINOIS COLLEGE           ,IL,62221-5899,Public       ,949,1668,2617,2706,4533,7239
00163800,BLACK HAWK COLLEGE                      ,IL,61265-5899,Public       ,554,776,1330,1799,2346,4145
00163900,BLACKBURN COLLEGE                       ,IL,62626-1498,Private      ,64,26,90,869,109,978
00164000,PRAIRIE STATE COLLEGE                   ,IL,60411-8226,Public       ,553,940,1493,1480,2783,4263
00164100,BRADLEY UNIVERSITY                      ,IL,61625-0002,Private      ,208,153,361,5648,972,6620
00164300,SPOON RIVER COLLEGE                     ,IL,61520-8907,Public       ,154,177,331,655,615,1270
00164700,CITY COLLEGES OF CHICAGO                ,IL,60606-6998,Public       ,61,95,156,239,362,601
00164800,TRUMAN COLLEGE                          ,IL,60640-5691,Public       ,525,935,1460,1599,2726,4325
00164900,RICHARD J DALEY COLLEGE                 ,IL,60652-1299,Public       ,725,1096,1821,1712,2652,4364
00165000,CITY COLLEGES OF CHICAGO-MALCOLM X      ,IL,60612-3197,Public       ,593,1555,2148,1412,3667,5079
00165200,HAROLD WASHINGTON COLLEGE               ,IL,60601-2403,Public       ,1290,1537,2827,3085,4024,7109
00165400,KENNEDY KING COLLEGE                    ,IL,60621-3798,Public       ,902,2640,3542,1739,5224,6963
00165500,WRIGHT COLLEGE                          ,IL,60634-1591,Public       ,809,1005,1814,2667,2836,5503
00165700,MIDWESTERN UNIVERSITY                   ,IL,60515-1200,Private      ,6,126,132,110,2419,2529
00165900,ROSALIND FRANKLIN UNIVERSITY OF MEDICINE,IL,60064-3095,Private      ,3,94,97,11,1829,1840
00166300,SPERTUS COLLEGE                         ,IL,60605-1995,Private      ,0,26,26,1,57,58
00166400,UNIVERSITY OF ST FRANCIS                ,IL,60435-6188,Private      ,86,333,419,1233,1416,2649
00166500,COLUMBIA COLLEGE                        ,IL,60605-1996,Private      ,1646,836,2482,9696,3956,13652
00166600,CONCORDIA UNIVERSITY                    ,IL,60305-1499,Private      ,120,516,636,1207,2189,3396
00166900,DANVILLE AREA COMMUNITY COLLEGE         ,IL,61832-5199,Public       ,215,404,619,662,1123,1785
00167100,DEPAUL UNIVERSITY                       ,IL,60604-2287,Private      ,892,1955,2847,13335,10791,24126
00167400,EASTERN ILLINOIS UNIVERSITY             ,IL,61920-3099,Public       ,1093,572,1665,8426,2627,11053
00167500,ELGIN COMMUNITY COLLEGE                 ,IL,60123-7193,Public       ,537,537,1074,1658,1772,3430
00167600,ELMHURST COLLEGE                        ,IL,60126-3296,Private      ,280,214,494,2783,904,3687
00167800,EUREKA COLLEGE                          ,IL,61530-9976,Private      ,51,37,88,764,183,947
00168100,HIGHLAND COMMUNITY COLLEGE              ,IL,61032-9341,Public       ,163,286,449,638,727,1365
00168200,GARRETT-EVANGELICAL THEOLOGICAL SEM     ,IL,60201-0000,Private      ,0,54,54,1,177,178
00168400,GREENVILLE COLLEGE                      ,IL,62246-1199,Private      ,131,188,319,1420,543,1963
00168500,HEBREW THEOLOGICAL COLLEGE              ,IL,60077-3263,Private      ,85,6,91,297,20,317
00168800,ILLINOIS COLLEGE                        ,IL,62650-2299,Private      ,62,10,72,1354,81,1435
00168900,ILLINOIS COLLEGE OF OPTOMETRY           ,IL,60616-3878,Private      ,1,22,23,8,651,659
00169100,ILLINOIS INSTITUTE OF TECHNOLOGY        ,IL,60616-0000,Private      ,203,320,523,2379,1439,3818
00169103,CHICAGO KENT COLLEGE OF LAW             ,IL,60661-0000,Private      ,2,154,156,4,1832,1836
00169200,ILLINOIS STATE UNIVERSITY               ,IL,61790-1000,Public       ,1240,562,1802,15002,3625,18627
00169300,NORTHEASTERN ILLINOIS UNIV              ,IL,60625-4699,Public       ,634,1024,1658,4250,5086,9336
00169400,CHICAGO STATE UNIVERSITY                ,IL,60628-1598,Public       ,867,2167,3034,4237,7678,11915
00169600,ILLINOIS WESLEYAN UNIVERSITY            ,IL,61701-0000,Private      ,68,11,79,2432,57,2489
00169800,JOHN MARSHALL LAW SCHOOL                ,IL,60604-0000,Private      ,0,252,252,9,2146,2155
00169900,JOLIET JUNIOR COLLEGE                   ,IL,60431-8938,Public       ,728,781,1509,3177,2987,6164
00170000,JUDSON UNIVERSITY                       ,IL,60123-1498,Private      ,138,268,406,771,664,1435
00170100,KASKASKIA COLLEGE                       ,IL,62801-7878,Public       ,233,572,805,951,1608,2559
00170300,KENDALL COLLEGE                         ,IL,60622-4278,Proprietary  ,118,331,449,707,1110,1817
00170400,KNOX COLLEGE                            ,IL,61401-4999,Private      ,48,9,57,1963,78,2041
00170500,ILLINOIS VALLEY COMMUNITY COLLEGE       ,IL,61348-9692,Public       ,233,283,516,903,988,1891
00170600,LAKE FOREST COLLEGE                     ,IL,60045-2399,Private      ,39,8,47,1567,78,1645
00170700,LEWIS UNIVERSITY                        ,IL,60446-2200,Private      ,316,537,853,3102,2090,5192
00170800,LINCOLN CHRISTIAN UNIVERSITY            ,IL,62656-2167,Private      ,86,156,242,547,459,1006
00170900,LINCOLN COLLEGE                         ,IL,62656-1699,Private      ,246,125,371,1103,319,1422
00171000,LOYOLA UNIVERSITY CHICAGO               ,IL,60626-0000,Private      ,507,1126,1633,13305,7582,20887
00171002,LOYOLA STRITCH SCHOOL OF MEDICINE       ,IL,60153-0000,Private      ,0,9,9,14,957,971
00171200,LUTHERAN SCHOOL OF THEOL AT CHICAGO     ,IL,60615-0000,Private      ,0,38,38,0,139,139
00171600,MACCORMAC COLLEGE                       ,IL,60602-4405,Private      ,38,53,91,63,131,194
00171700,MACMURRAY COLLEGE                       ,IL,62650-2590,Private      ,110,58,168,658,245,903
00172100,MCCORMICK THEOLOGICAL SEMINARY          ,IL,60615-5108,Private      ,1,15,16,1,121,122
00172200,MCKENDREE UNIVERSITY                    ,IL,62254-1299,Private      ,186,382,568,1490,1208,2698
00172300,MEADVILLE LOMBARD THEOLOGICAL SCHOOL    ,IL,60637-1602,Private      ,0,6,6,0,61,61
00172400,MILLIKIN UNIVERSITY                     ,IL,62522-2084,Private      ,195,158,353,2542,664,3206
00172500,MONMOUTH COLLEGE                        ,IL,61462-1963,Private      ,116,17,133,1749,86,1835
00172800,MORTON COLLEGE                          ,IL,60804-4398,Public       ,460,593,1053,1059,1257,2316
00173200,NATIONAL UNIV OF HEALTH SCIENCES        ,IL,60148-4583,Private      ,13,186,199,50,559,609
00173300,NATIONAL-LOUIS UNIVERSITY               ,IL,60603-3032,Private      ,77,1993,2070,247,5759,6006
00173400,NORTH CENTRAL COLLEGE                   ,IL,60540-4690,Private      ,142,120,262,2311,528,2839
00173500,NORTH PARK UNIVERSITY                   ,IL,60625-4895,Private      ,309,408,717,2190,1168,3358
00173600,NORTHERN BAPTIST THEOL SEMINARY         ,IL,60148-0000,Private      ,1,3,4,1,11,12
00173700,NORTHERN ILLINOIS UNIVERSITY            ,IL,60115-2854,Public       ,1721,1207,2928,17457,7341,24798
00173900,NORTHWESTERN UNIV                       ,IL,60208-0001,Private      ,203,1011,1214,13271,8495,21766
00174100,OLIVET NAZARENE UNIVERSITY              ,IL,60914-2271,Private      ,333,458,791,2742,1425,4167
00174200,IL EASTERN COMM COLGS-OLNEY CENTRAL     ,IL,62450-1099,Public       ,119,152,271,548,518,1066
00174500,QUINCY UNIVERSITY                       ,IL,62301-2699,Private      ,53,75,128,1102,415,1517
00174600,ROBERT MORRIS UNIVERSITY ILLINOIS       ,IL,60605-1225,Private      ,616,1171,1787,3854,4612,8466
00174700,ROCK VALLEY COLLEGE                     ,IL,61114-5699,Public       ,421,659,1080,1931,2631,4562
00174800,ROCKFORD COLLEGE                        ,IL,61108-2393,Private      ,127,310,437,768,983,1751
00174900,ROOSEVELT UNIVERSITY                    ,IL,60605-1394,Private      ,360,1478,1838,2585,5604,8189
00175000,DOMINICAN UNIVERSITY                    ,IL,60305-1066,Private      ,157,283,440,1604,1140,2744
00175200,SAUK VALLEY COMMUNITY COLLEGE           ,IL,61021-9112,Public       ,206,285,491,765,884,1649
00175300,SCHOOL OF ART INSTITUTE OF CHICAGO      ,IL,60603-3013,Private      ,155,117,272,2208,1767,3975
00175400,SEABURY-WESTERN THEO SEMINARY           ,IL,60201-0000,Private      ,0,6,6,0,48,48
00175600,SHIMER COLLEGE                          ,IL,60616-3893,Private      ,11,11,22,56,39,95
00175700,SOUTHEASTERN ILLINOIS COLLEGE           ,IL,62946-4925,Public       ,111,193,304,488,618,1106
00175800,SOUTHERN ILL UNIV-CARBONDALE            ,IL,62901-0000,Public       ,1561,1644,3205,12009,6860,18869
00175801,SOUTHERN ILLINOIS UNIV SCHOOL MEDIC     ,IL,62794-0000,Public       ,5,22,27,95,386,481
00175900,SOUTHERN ILL UNIV-EDWARDSVILLE          ,IL,62026-1060,Public       ,792,821,1613,8385,4401,12786
00175924,SO IL UNIV-SCHL OF DENTAL MEDICINE      ,IL,62002-0000,Public       ,1,16,17,7,192,199
00176100,SPRINGFIELD COLLEGE IN ILLINOIS         ,IL,62702-2694,Private      ,98,156,254,398,562,960
00176500,UNIVERSITY OF ST MARY OF THE LAKE       ,IL,60060-0000,Private      ,0,2,2,1,8,9
00176700,BENEDICTINE UNIVERSITY                  ,IL,60532-0900,Private      ,234,584,818,1860,2113,3973
00176800,ST XAVIER UNIVERSITY                    ,IL,60655-3199,Private      ,311,814,1125,3305,2995,6300
00176900,SOUTH SUBURBAN COLLEGE                  ,IL,60473-9978,Public       ,821,1733,2554,1915,4271,6186
00177100,TRINITY CHRISTIAN COLLEGE               ,IL,60463-0929,Private      ,119,116,235,1112,554,1666
00177200,TRINITY INTERNATIONAL UNIVERSITY        ,IL,60015-1283,Private      ,87,251,338,879,1024,1903
00177300,TRITON COLLEGE                          ,IL,60171-1995,Public       ,804,1038,1842,2216,2638,4854
00177400,UNIVERSITY OF CHICAGO                   ,IL,60637-1476,Private      ,194,250,444,7724,1722,9446
00177401,UNIV OF CHICAGO PRITZKER SCH OF MED     ,IL,60637-0000,Private      ,0,14,14,16,574,590
00177403,"UNIV OF CHICAGO, GRAD SCH OF BUS        ",IL,60637-0000,Private      ,1,384,385,16,1151,1167
00177405,UNIVERSITY OF CHICAGO GRADUATE          ,IL,60637-0000,Private      ,2,384,386,59,4276,4335
00177500,UNIV OF ILLINOIS @ URBANA-CHAMPAIGN     ,IL,61820-5796,Public       ,1932,1118,3050,22782,6319,29101
00177600,UNIV OF ILLINOIS AT CHICAGO             ,IL,60607-7163,Public       ,1618,1798,3416,15054,11353,26407
00177800,VANDERCOOK COLLEGE OF MUSIC             ,IL,60616-3731,Private      ,15,14,29,139,74,213
00177900,IL EASTERN COMM COLGS-WABASH VALLEY     ,IL,62863-2699,Public       ,78,77,155,321,255,576
00178000,WESTERN ILLINOIS UNIVERSITY             ,IL,61455-1390,Public       ,1402,734,2136,8919,3116,12035
00178100,WHEATON COLLEGE                         ,IL,60187-5535,Private      ,86,65,151,2387,529,2916
00178300,WORSHAM COLLEGE OF MORTUARY SCIENCE     ,IL,60090-2646,Proprietary  ,13,31,44,43,91,134
00396100,HARPER COLLEGE                          ,IL,60067-7398,Public       ,929,864,1793,3040,2346,5386
00418100,ADVOCATE TRINITY HOSPITAL SCHOOL OF RADI,IL,60617-3982,Private      ,3,12,15,14,73,87
00419002,SAINT FRANCIS HOSPITAL - SCHOOL OF RADIO,IL,60202-3320,Private      ,0,0,0,0,1,1
00456000,GEM CITY COLLEGE                        ,IL,62301-4949,Proprietary  ,6,20,26,16,29,45
00456800,MIDSTATE COLLEGE                        ,IL,61614-3558,Proprietary  ,18,242,260,40,706,746
00457100,SPARKS COLLEGE                          ,IL,62565-2241,Proprietary  ,0,15,15,2,18,20
00621400,BLESSING RIEMAN COLLEGE OF NURSING      ,IL,62301-0000,Private      ,10,18,28,59,57,116
00621401,BLESSING HOSP SCH MED LAB TECH          ,IL,62301-0000,Private      ,0,0,0,1,1,2
00621402,BLESSING HOSP SCH OF RAD TECH           ,IL,62301-2852,Private      ,1,1,2,19,7,26
00621403,BLESSING HOSPITAL - COLLEGE OF NURSING  ,IL,62305-7005,Private      ,0,1,1,7,7,14
00622501,TRINITY COLLEGE OF NURSING & HEALTH SCIE,IL,61201-5317,Private      ,6,51,57,62,184,246
00622800,METHODIST MED CTR OF ILL SCH NRSNG      ,IL,61636-0000,Private      ,1,8,9,1,8,9
00624000,ST FRANCIS MED CLG OF NRSG              ,IL,61603-3783,Private      ,22,44,66,135,289,424
00665600,COLLEGE OF DUPAGE                       ,IL,60137-6599,Public       ,1380,1324,2704,4540,4198,8738
00675300,ILLINOIS CENTRAL COLLEGE                ,IL,61635-0001,Public       ,693,1143,1836,2666,3602,6268
00693100,WAUBONSEE COMMUNITY COLLEGE             ,IL,60554-0000,Public       ,318,488,806,1060,1398,2458
00711800,PARKLAND COLLEGE                        ,IL,61821-1899,Public       ,789,761,1550,2968,2371,5339
00711900,REND LAKE COLLEGE                       ,IL,62846-9801,Public       ,286,383,669,1065,1229,2294
00717000,LINCOLN LAND COMMUNITY COLLEGE          ,IL,62794-9256,Public       ,406,734,1140,1709,2475,4184
00726500,CARL SANDBURG COLLEGE                   ,IL,61401-9576,Public       ,191,318,509,758,1159,1917
00729701,WESTWOOD COLLEGE OF TECHNOLOGY          ,IL,60176-0000,Proprietary  ,0,0,0,6,3,9
00754900,COYNE AMERICAN INSTITUTE                ,IL,60607-1300,Proprietary  ,108,250,358,263,822,1085
00764400,LAKE LAND COLLEGE                       ,IL,61938-9366,Public       ,392,483,875,1744,1577,3321
00768400,KISHWAUKEE COLLEGE                      ,IL,60150-9699,Public       ,352,331,683,1134,1088,2222
00769000,KANKAKEE COMMUNITY COLLEGE              ,IL,60901-6505,Public       ,179,381,560,839,1362,2201
00769100,MCHENRY COUNTY COLLEGE                  ,IL,60012-2761,Public       ,293,330,623,979,887,1866
00769200,MORAINE VALLEY COMMUNITY COLLEGE        ,IL,60465-0937,Public       ,924,909,1833,3225,2659,5884
00769300,SHAWNEE COMMUNITY COLLEGE               ,IL,62992-9725,Public       ,160,542,702,613,1122,1735
00769400,COLLEGE OF LAKE COUNTY                  ,IL,60030-1198,Public       ,787,1030,1817,2157,2708,4865
00793700,MS ROBERTS ACADEMY OF BEAUTY CULT       ,IL,60181-2930,Proprietary  ,11,20,31,20,34,54
00807600,JOHN A LOGAN COLLEGE                    ,IL,62918-2500,Public       ,581,751,1332,1656,2154,3810
00825900,EDUCATORS OF BEAUTY                     ,IL,61081-3611,Proprietary  ,14,34,48,46,98,144
00825901,EDUCATORS OF BEAUTY                     ,IL,61104-0000,Proprietary  ,18,55,73,21,72,93
00832800,ALVAREITA'S COLLEGE OF COSMETOLOGY      ,IL,62025-2041,Proprietary  ,12,27,39,18,45,63
00854500,ROCKFORD BUSINESS COLLEGE               ,IL,61103-0000,Proprietary  ,50,243,293,127,686,813
00869402,RASMUSSEN COLLEGE - ROCKFORD            ,IL,61108-2513,Proprietary  ,29,159,188,76,431,507
00888000,MORRISON INSTITUTE OF TECHNOLOGY        ,IL,61270-2959,Private      ,23,10,33,139,29,168
00893800,GRAHAM HOSPITAL SCH OF NURSING          ,IL,61520-2497,Private      ,2,3,5,20,55,75
00893900,CANNELLA SCHOOL OF HAIR DESIGN          ,IL,60406-2130,Proprietary  ,15,48,63,20,63,83
00914500,GOVERNORS STATE UNIVERSITY              ,IL,60466-0975,Public       ,141,1150,1291,549,4024,4573
00923200,CATHOLIC THEOLOGICAL UNION              ,IL,60615-0000,Private      ,0,10,10,0,46,46
00933300,UNIV OF ILLINOIS AT SPRINGFIELD         ,IL,62703-5407,Public       ,252,594,846,1396,2124,3520
00947500,EDUCATORS OF BEAUTY                     ,IL,61301-2404,Proprietary  ,7,10,17,17,25,42
00959500,CANNELLA SCHOOL OF HAIR DESIGN          ,IL,60617-4303,Proprietary  ,14,49,63,21,64,85
00976700,OLIVE-HARVEY COLLEGE                    ,IL,60628-1696,Public       ,394,1046,1440,867,2508,3375
00978600,IL EASTERN COMM COLGS-LINCOLN TRAIL     ,IL,62454-5708,Public       ,95,106,201,308,322,630
00980000,RUSH UNIVERSITY                         ,IL,60612-3806,Private      ,24,168,192,236,1845,2081
00989600,OAKTON COMMUNITY COLLEGE                ,IL,60016-1268,Public       ,472,404,876,1973,1486,3459
00998700,SAINT ANTHONY COLLEGE OF NURSING        ,IL,61108-2468,Private      ,10,22,32,73,168,241
01002000,LEWIS AND CLARK COMMUNITY COLLEGE       ,IL,62035-2466,Public       ,475,742,1217,1402,1878,3280
01031600,LINCOLN COLLEGE OF TECHNOLOGY           ,IL,60160-1605,Proprietary  ,194,302,496,736,962,1698
01050100,LAKEVIEW  COLLEGE OF NURSING            ,IL,61832-3781,Private      ,16,18,34,109,150,259
01069500,TRI-COUNTY BEAUTY ACADEMY               ,IL,62056-2036,Proprietary  ,3,11,14,12,23,35
01071000,CAPITAL AREA SCH OF PRAC NRSG           ,IL,62707-0000,Public       ,6,60,66,34,248,282
01072700,DEVRY UNIVERSITY                        ,IL,60618-5994,Proprietary  ,3449,9212,12661,16839,42350,59189
01073700,ADVOCATE IL MASONIC SCH OF RAD TECH     ,IL,60657-5193,Private      ,0,7,7,9,58,67
01083600,PIVOT POINT INTNL CSMTLGY RSRCH CTR     ,IL,60626-0000,Proprietary  ,108,119,227,225,320,545
01087900,RICHLAND COMMUNITY COLLEGE              ,IL,62521-8513,Public       ,215,434,649,651,1216,1867
01102401,EVEREST COLLEGE - CHICAGO               ,IL,60604-2052,Proprietary  ,1,0,1,1,0,1
01151002,EVEREST INSTITUTE - EVEREST COLLEGE     ,IL,60542-1610,Proprietary  ,0,2,2,0,2,2
01181000,TAYLOR BUSINESS INSTITUTE               ,IL,60606-5111,Proprietary  ,35,168,203,47,215,262
01185800,EVEREST COLLEGE                         ,IL,60077-1074,Proprietary  ,156,413,569,283,925,1208
01236200,NORTHWESTERN COLLEGE                    ,IL,60630-2298,Proprietary  ,390,859,1249,970,2204,3174
01238500,BLOOMINGTON-NORMAL SCH RADIOGRAPHY      ,IL,61761-4604,Private      ,0,2,2,8,7,15
01258400,ILLINOIS INSTITUTE OF ART (THE)         ,IL,60654-1593,Proprietary  ,549,388,937,3268,1715,4983
01281300,JOHN WOOD COMMUNITY COLLEGE             ,IL,62305-0401,Public       ,329,420,749,1048,1094,2142
01308700,CAPRI GARFIELD RIDGE SCH OF BTY CLR     ,IL,60629-1613,Proprietary  ,21,82,103,32,150,182
01308800,CAPRI OAK FOREST COLLEGE OF BEAUTY      ,IL,60452-2798,Proprietary  ,44,40,84,105,118,223
02055200,HARRINGTON COLLEGE OF DESIGN            ,IL,60606-3433,Proprietary  ,96,163,259,707,843,1550
02068100,ADLER SCH OF PROFESSIONAL PSYCHLGY      ,IL,60601-0000,Private      ,2,131,133,9,629,638
02069300,VATTEROTT COLLEGE                       ,IL,62305-5938,Proprietary  ,77,198,275,183,480,663
02073200,TELSHE YESHIVA-CHICAGO                  ,IL,60625-0000,Private      ,11,7,18,20,9,29
02074400,IL EASTERN COMM COLGS-FRONTIER          ,IL,62837-0000,Public       ,51,106,157,183,311,494
02075400,KELLER GRADUATE SCHOOL OF MGMT.         ,IL,60515-5683,Proprietary  ,6,2410,2416,35,10737,10772
02113600,AMERICAN INTERCONTINENTAL UNIVERSITY    ,IL,60192-3713,Proprietary  ,806,7895,8701,2663,24710,27373
02117400,BECK AREA CAREER CENTER                 ,IL,62278-0000,Public       ,4,25,29,17,97,114
02124400,UNIVERSITY OF SPA & COSMETOLOGY ART     ,IL,62704-0000,Proprietary  ,30,46,76,79,108,187
02150600,COSMETOLOGY AND SPA INSTITUTE (THE)     ,IL,60014-4003,Proprietary  ,40,55,95,70,89,159
02155300,THE CHICAGO SCHOOL OF PROF PSYCHOLOGY   ,IL,60610-4705,Private      ,2,162,164,12,1663,1675
02160300,INTERNATIONAL ACAD OF DESIGN & TECH     ,IL,60602-3319,Proprietary  ,306,346,652,1639,1506,3145
02160304,INTERNATIONAL ACADEMY OF DESIGN AND TECH,IL,60173-5160,Proprietary  ,34,44,78,177,166,343
02166800,JOHN AMICO'S SCHOOL OF HAIR DESIGN      ,IL,60452-0000,Proprietary  ,3,6,9,6,14,20
02168600,EAST WEST UNIVERSITY                    ,IL,60605-0000,Private      ,182,462,644,612,1468,2080
02179900,ARGOSY UNIVERSITY                       ,IL,60601-7757,Proprietary  ,175,2677,2852,750,15307,16057
02185400,ST AUGUSTINE COLLEGE                    ,IL,60640-0000,Private      ,130,522,652,313,1268,1581
02192400,MR JOHNS SCHOOL OF COSMETOLOGY          ,IL,62521-0000,Proprietary  ,5,30,35,11,59,70
02202600,CANNELLA SCHOOL OF HAIR DESIGN          ,IL,60181-1321,Proprietary  ,4,7,11,9,32,41
02214100,WEST SUBURBAN COLLEGE OF NURSING        ,IL,60302-2519,Private      ,10,57,67,114,303,417
02228100,MAC DANIEL'S BEAUTY SCHOOL              ,IL,60640-0000,Proprietary  ,3,19,22,9,36,45
02253000,CANNELLA SCHOOL OF HAIR DESIGN          ,IL,60644-0000,Proprietary  ,0,0,0,0,2,2
02261200,HAIR PROFESSIONALS ACAD COSMETOLOGY     ,IL,60118-0000,Proprietary  ,24,68,92,31,84,115
02261201,HAIR PROFESSIONALS ACADEMY OF COSMETOLOG,IL,60118-9333,Proprietary  ,0,6,6,2,8,10
02262100,HAIR PROFESSIONALS SCH COSMETOLOGY      ,IL,60543-0000,Proprietary  ,21,34,55,29,45,74
02291200,CANNELLA SCHOOL OF HAIR DESIGN          ,IL,60639-0000,Proprietary  ,15,50,65,23,64,87
02295500,CANNELLA SCHOOL OF HAIR DESIGN          ,IL,60120-0000,Proprietary  ,7,43,50,8,46,54
02297500,OEHRLEIN SCHOOL OF COSMETOLOGY          ,IL,61611-0000,Proprietary  ,12,27,39,30,49,79
02312300,LA' JAMES COLLEGE HAIRSTYLING           ,IL,61244-0000,Proprietary  ,2,10,12,11,23,34
02313900,WESTWOOD COLLEGE - O'HARE AIRPORT       ,IL,60631-2801,Proprietary  ,108,154,262,301,458,759
02317300,CONCEPT COLLEGE OF COSMETOLOGY          ,IL,61832-0000,Proprietary  ,24,44,68,41,75,116
02319200,LAKE FOREST GRAD SCHL OF MGMT           ,IL,60045-4824,Private      ,0,115,115,2,184,186
02323300,PROFESSIONAL'S CHOICE HAIR DSN ACAD     ,IL,60435-0000,Proprietary  ,5,3,8,12,13,25
02332200,HAIR PROFESSIONALS CAREER COLLEGE       ,IL,60178-0000,Proprietary  ,22,38,60,27,49,76
02337800,THE COLLEGE OF OFFICE TECHNOLOGY        ,IL,60622-0000,Proprietary  ,41,333,374,58,482,540
02349400,ALVAREITA'S COLLEGE OF COSMETOLOGY      ,IL,62035-0000,Proprietary  ,10,14,24,19,25,44
02349500,CANNELLA SCHOOL OF HAIR DESIGN          ,IL,60632-0000,Proprietary  ,22,94,116,29,128,157
02352200,COOKING & HOSPITALITY INSTITUTE         ,IL,60610-3050,Proprietary  ,143,321,464,705,972,1677
02498200,HAIR PROFESSIONALS ACAD COSMETOLOGY     ,IL,60187-0000,Proprietary  ,10,38,48,12,52,64
02498201,HAIR PROFESSIONALS ACADEMY OF COSMETOLOG,IL,60563-0000,Proprietary  ,2,3,5,3,5,8
02522800,FOX COLLEGE                             ,IL,60453-0000,Proprietary  ,65,35,100,184,75,259
02527600,LEXINGTON COLLEGE                       ,IL,60607-0000,Private      ,10,15,25,60,50,110
02536700,BELL MAR BEAUTY COLLEGE                 ,IL,60650-0000,Proprietary  ,3,35,38,5,39,44
02538100,REGENCY BEAUTY INSTITUTE                ,IL,61820-0000,Proprietary  ,1,14,15,1,29,30
02556100,ENVIRONMENTAL TECHNICAL INSTITUTE       ,IL,60143-0000,Proprietary  ,76,179,255,137,268,405
02556600,NILES SCHOOL OF COSMETOLOGY             ,IL,60714-0000,Proprietary  ,8,10,18,16,21,37
02570305,LOS ANGELES ORT TECHNICAL INSTITUTE -D/B,IL,60077-0000,Private      ,0,0,0,0,1,1
02573700,INSTITUTE FOR CLINICAL SOCIAL WORK      ,IL,60601-0000,Private      ,1,25,26,3,60,63
02579200,INGALLS MEMORIAL HOSPITAL               ,IL,60426-0000,Private      ,0,3,3,2,16,18
02584900,"FIRST INSTITUTE, INC.                   ",IL,60014-7489,Proprietary  ,12,26,38,17,56,73
02587700,HAIR PROFESSIONALS CAREER COLLEGE       ,IL,60465-1929,Proprietary  ,17,44,61,26,72,98
02599500,HANOVER PARK COLLEGE OF BEAUTY CULT     ,IL,60133-5421,Proprietary  ,17,25,42,30,45,75
02622700,KNOWLEDGE SYSTEMS INSTITUTE             ,IL,60076-0000,Private      ,1,1,2,1,7,8
03002000,HAIRMASTERS INST OF COSMETOLOGY         ,IL,61701-5547,Proprietary  ,13,12,25,23,48,71
03027702,PACIFIC COLLEGE OF ORIENTAL MEDICINE - C,IL,60613-4418,Proprietary  ,1,77,78,3,142,145
03065300,TREND SETTERS COLL OF COSMETOLOGY       ,IL,60915-2101,Proprietary  ,44,54,98,76,96,172
03072701,WESTWOOD COLLEGE OF TECHNOLOGY          ,IL,60409-0000,Proprietary  ,85,281,366,287,825,1112
03072702,WESTWOOD COLLEGE OF TECHNOLOGY          ,IL,60602-0000,Proprietary  ,150,271,421,524,865,1389
03078400,CAMEO BEAUTY ACADEMY                    ,IL,60453-3196,Proprietary  ,13,24,37,30,47,77
03079200,WESTWOOD COLLEGE - DUPAGE               ,IL,60517-2321,Proprietary  ,76,96,172,347,373,720
03082900,ROSEL SCHOOL OF COSMETOLOGY             ,IL,60659-1913,Proprietary  ,9,57,66,14,99,113
03083800,HEARTLAND COMMUNITY COLLEGE             ,IL,61761-9446,Public       ,267,409,676,1186,1472,2658
03098000,ST JOHN'S COLLEGE OF NURSING            ,IL,62702-5321,Private      ,5,15,20,53,66,119
03098002,ST JOHN'S HOSP SCH MED TECH             ,IL,62769-5324,Private      ,0,4,4,3,10,13
03098003,ST JOHN'S HOSPITAL SCH OF DIETETICS     ,IL,62769-0000,Private      ,0,0,0,0,2,2
03099700,CAIN'S BARBER COLLEGE                   ,IL,60615-3510,Proprietary  ,19,77,96,44,187,231
03099800,ILLINOIS SCHOOL OF HEALTH CAREERS       ,IL,60604-0000,Proprietary  ,92,266,358,232,666,898
03101800,ILLINOIS CENTER FOR BROADCASTING        ,IL,60148-7015,Proprietary  ,25,37,62,69,118,187
03128300,PYRAMID CAREER INSTITUTE                ,IL,60657-4207,Proprietary  ,0,1,1,1,4,5
03128500,NATIONAL LATINO EDUCATION INSTITUTE     ,IL,60609-2205,Private      ,9,18,27,22,50,72
03199300,CHRISTIAN LIFE COLLEGE                  ,IL,60056-2522,Private      ,8,16,24,19,21,40
03368300,MIDWEST TECHNICAL INSTITUTE             ,IL,62707-8805,Proprietary  ,97,385,482,205,904,1109
03416300,COMPUTER SYSTEMS INSTITUTE              ,IL,60077-0000,Proprietary  ,15,212,227,24,427,451
03448300,BIR TRAINING CENTER                     ,IL,60659-1298,Proprietary  ,13,90,103,20,203,223
03455700,CORTIVA INSTITUTE - CHICAGO             ,IL,60602-3315,Proprietary  ,53,78,131,105,186,291
03472300,CHICAGO URBAN LEAGUE COMPUTER TRAIN     ,IL,60604-2198,Private      ,1,4,5,5,14,19
03510300,ERIKSON INSTITUTE                       ,IL,60654-4510,Private      ,0,23,23,0,276,276
03623300,VEE'S SCHOOL OF BEAUTY CULTURE          ,IL,62205-2326,Proprietary  ,1,16,17,2,20,22
03643300,"MR. JOHN'S SCHOOL OF JACKSONVILLE,  INC,",IL,62650-3488,Proprietary  ,6,11,17,10,30,40
03684300,NORTHSHORE UNIVERSITY HEALTHSYSTEM SCHOO,IL,60201-9872,Private      ,0,6,6,0,26,26
03721400,AMERICAN CAREER COLLEGE                 ,IL,60402-0000,Proprietary  ,8,34,42,15,73,88
03879300,YOUR SCHOOL OF BEAUTY CULTURE           ,IL,60653-1517,Proprietary  ,10,17,27,22,39,61
03881400,EUROPEAN MASSAGE THERAPY SCHOOL         ,IL,60077-2269,Proprietary  ,4,42,46,6,73,79
03891300,SOMA INSTITUTE - THE NATIONAL SCHOOL OF ,IL,60604-4466,Proprietary  ,27,59,86,64,142,206
03914300,"CALC, INSTITUTE OF TECHNOLOGY           ",IL,62002-5931,Proprietary  ,9,53,62,14,133,147
03955400,MIDWEST INSTITUTE OF MASSAGE THERAPY    ,IL,62223-0000,Proprietary  ,2,11,13,4,17,21
04117500,SOLEX MEDICAL ACADEMY                   ,IL,60090-3104,Proprietary  ,1,6,7,1,6,7
        ,ASBURY THEOLOGICAL SEMINARY             ,KY,40390-0000,Private      ,1,125,126,12,1094,1106
00195100,ALICE LLOYD COLLEGE                     ,KY,41844-9703,Private      ,61,15,76,972,90,1062
00195200,ASBURY COLLEGE                          ,KY,40390-1198,Private      ,85,70,155,1338,276,1614
00195400,BELLARMINE UNIVERSITY                   ,KY,40205-1877,Private      ,117,236,353,2319,1002,3321
00195500,BEREA COLLEGE                           ,KY,40403-0000,Private      ,53,28,81,2413,400,2813
00195800,BRESCIA UNIVERSITY                      ,KY,42301-3023,Private      ,35,36,71,410,219,629
00195900,CAMPBELLSVILLE UNIVERSITY               ,KY,42718-2799,Private      ,81,269,350,1819,947,2766
00196000,SPALDING UNIVERSITY                     ,KY,40203-2188,Private      ,71,299,370,483,1732,2215
00196100,CENTRE COLLEGE                          ,KY,40422-1394,Private      ,31,8,39,1741,50,1791
00196200,UNIVERSITY OF THE CUMBERLANDS           ,KY,40769-1372,Private      ,84,218,302,1862,671,2533
00196300,EASTERN KENTUCKY UNIVERSITY             ,KY,40475-3102,Public       ,1248,1568,2816,9311,6252,15563
00196400,GEORGETOWN COLLEGE                      ,KY,40324-1628,Private      ,76,190,266,1842,498,2340
00196500,KENTUCKY CHRISTIAN UNIVERSITY           ,KY,41143-2205,Private      ,50,29,79,704,174,878
00196800,KENTUCKY STATE UNIVERSITY               ,KY,40601-2355,Public       ,283,263,546,2680,1264,3944
00196900,KENTUCKY WESLEYAN COLLEGE               ,KY,42302-1039,Private      ,77,34,111,1331,205,1536
00197000,LEES COLLEGE                            ,KY,41339-0000,Private      ,3,3,6,7,8,15
00197100,LEXINGTON THEOLOGICAL SEMINARY          ,KY,40508-0000,Private      ,0,10,10,0,56,56
00197200,LINDSEY WILSON COLLEGE                  ,KY,42728-1223,Private      ,67,189,256,1490,1148,2638
00197400,LOUISVILLE PRESBYTERIAN THEOL SEM       ,KY,40205-0000,Private      ,0,14,14,2,138,140
00197500,MIDWAY COLLEGE                          ,KY,40347-1120,Private      ,51,287,338,539,1306,1845
00197600,MOREHEAD STATE UNIVERSITY               ,KY,40351-1689,Public       ,609,1067,1676,5578,4147,9725
00197700,MURRAY STATE UNIVERSITY                 ,KY,42071-0009,Public       ,551,638,1189,5357,3048,8405
00197900,WEST KENTUCKY CMNTY & TECHNICAL COLG    ,KY,42002-7380,Public       ,286,611,897,1205,2080,3285
00197901,WEST KENTUCKY CMNTY & TECHNICAL COLG    ,KY,42001-0000,Public       ,0,0,0,18,41,59
00197903,W KY CMNTY TECH - MURRAY AREA VOC ED CTR,KY,42071-0000,Public       ,0,0,0,2,2,4
00198000,PIKEVILLE COLLEGE                       ,KY,41501-1194,Private      ,111,67,178,1101,378,1479
00198001,PIKEVILLE CLG-SCH OSTEOPATHIC MEDIC     ,KY,41501-0000,Private      ,0,11,11,4,298,302
00198200,SOUTHERN BAPTIST THEOL SEMINARY         ,KY,40280-0000,Private      ,6,14,20,37,111,148
00198300,ST. CATHARINE COLLEGE                   ,KY,40061-9499,Private      ,44,58,102,518,316,834
00198700,TRANSYLVANIA UNIVERSITY                 ,KY,40508-1797,Private      ,38,12,50,1491,68,1559
00198800,UNION COLLEGE                           ,KY,40906-1499,Private      ,68,404,472,842,879,1721
00198900,UNIVERSITY OF KENTUCKY                  ,KY,40506-0054,Public       ,1356,1183,2539,12998,6516,19514
00198901,UNIV OF KY-COLLEGE OF DENTISTRY         ,KY,40536-0000,Public       ,0,5,5,7,207,214
00198902,UNIV OF KY-COLLEGE OF MEDICINE          ,KY,40536-0000,Public       ,1,20,21,15,391,406
00199000,ASHLAND COMMUNITY AND TECHNICAL COLLEGE ,KY,41101-3683,Public       ,311,558,869,1127,1880,3007
00199001,ASHLAND CMNTY AND TECHNCL COLG          ,KY,41102-0000,Public       ,0,0,0,17,24,41
00199100,ELIZABETHTOWN COMMUNITY  AND TECHNICAL C,KY,42701-3081,Public       ,372,734,1106,1582,2776,4358
00199300,HENDERSON COMMUNITY COLLEGE             ,KY,42420-4699,Public       ,92,260,352,417,931,1348
00199400,HOPKINSVILLE COMMUNITY COLLEGE          ,KY,42241-2621,Public       ,197,665,862,718,2413,3131
00199600,BIG SANDY COMMUNITY AND TECHNICAL COLG  ,KY,41653-1815,Public       ,263,463,726,1310,1701,3011
00199700,SOMERSET COMMUNITY COLLEGE              ,KY,42501-2973,Public       ,411,948,1359,1932,4059,5991
00199701,LAUREL TECHNICAL COLLEGE                ,KY,40744-0000,Public       ,0,0,0,7,12,19
00199703,SOMERSET TECHNICAL COLLEGE              ,KY,42501-3043,Public       ,0,0,0,4,10,14
00199800,SOUTHEAST KENTUCKY COMMUNITY AND TECHNIC,KY,40823-1099,Public       ,249,411,660,899,1265,2164
00199802,CUMBERLAND VLY TEC CLG MIDDLESBORO      ,KY,40965-2265,Public       ,5,10,15,27,26,53
00199804,SOUTHEAST COMMUNITY COLLEGE             ,KY,40831-1796,Public       ,25,31,56,110,105,215
00199900,UNIVERSITY OF LOUISVILLE                ,KY,40292-0000,Public       ,1017,1381,2398,10679,9162,19841
00200100,THOMAS MORE COLLEGE                     ,KY,41017-3495,Private      ,89,215,304,1073,622,1695
00200200,WESTERN KENTUCKY UNIVERSITY             ,KY,42101-3576,Public       ,1818,1421,3239,11430,6461,17891
00461800,SPENCERIAN COLLEGE                      ,KY,40216-2605,Proprietary  ,179,596,775,629,1808,2437
00461900,SULLIVAN UNIVERSITY                     ,KY,40205-3000,Proprietary  ,338,900,1238,1686,3677,5363
00524300,HAZARD TECHNICAL COLLEGE                ,KY,41701-1198,Public       ,0,0,0,12,8,20
00524400,BLUEGRASS COMMUNITY & TECHNICAL COLLEGE ,KY,40506-0235,Public       ,887,1670,2557,3169,5475,8644
00527100,BOWLING GREEN TECHNICAL COLLEGE         ,KY,42101-3601,Public       ,139,265,404,521,1012,1533
00527300,GATEWAY COMMUNITY & TECHNOLOGY COLL     ,KY,41011-0000,Public       ,190,453,643,673,1670,2343
00549500,KY TECH-JEFFERSON CAMPUS                ,KY,40203-2036,Public       ,0,0,0,44,123,167
00549502,SHELBY COUNTY AREA TECHNOLOGY CTR       ,KY,40065-0000,Public       ,0,0,0,7,18,25
00696000,MAYSVILLE CMNTY & TECHNCL COLG          ,KY,41056-8910,Public       ,150,403,553,591,1423,2014
00696002,MAYSVILLE CMNTY & TECHNCL COLG - ROWAN  ,KY,40351-8359,Public       ,0,0,0,10,21,31
00696100,JEFFERSON COMMUNITY AND TECHNICAL COLLEG,KY,40202-2005,Public       ,968,1486,2454,3865,6561,10426
00696200,HAZARD COMMUNITY COLLEGE                ,KY,41701-2402,Public       ,270,450,720,1217,1546,2763
00696203,KY TECH-KNOTT CO. TECHNOLOGY CTR        ,KY,41822-0000,Public       ,0,0,0,1,2,3
00696204,KY TECH-LESLIE COUNTY AREA TECH CTR     ,KY,41749-0000,Public       ,1,1,2,4,1,5
00696205,KY TECH-LEE COUNTY AREA TECH CTR        ,KY,41311-0000,Public       ,0,0,0,1,2,3
00696206,KY TECH-LETCHER CNTY AREA TECH CTR      ,KY,41858-0000,Public       ,1,4,5,15,13,28
00696207,KY TECH-BREATHITT COUNTY VOC ED CTR     ,KY,41339-0000,Public       ,0,2,2,6,11,17
00842500,DAYMAR COLLEGE                          ,KY,42001-0000,Proprietary  ,21,72,93,71,203,274
00901000,MADISONVILLE COMMUNITY COLLEGE          ,KY,42431-9199,Public       ,208,531,739,883,1965,2848
00927500,NORTHERN KENTUCKY UNIVERSITY            ,KY,41099-0001,Public       ,1113,1290,2403,7008,5433,12441
00931300,DAYMAR COLLEGE                          ,KY,42301-5830,Proprietary  ,75,454,529,171,1112,1283
00931302,DAYMAR COLLEGE - LOUISVILLE CAMPUS      ,KY,40219-1973,Proprietary  ,0,15,15,9,47,56
01042400,SALON PROFESSIONAL ACADEMY THE          ,KY,40502-1776,Proprietary  ,1,5,6,17,41,58
01048900,NATIONAL COLLEGE                        ,KY,40508-0000,Proprietary  ,146,999,1145,423,3337,3760
01172500,COLLINS SCHOOL OF COSMETOLOGY           ,KY,40965-2809,Proprietary  ,2,19,21,10,49,59
01208800,SULLIVAN COLLEGE OF TECHNOLOGY AND DESIG,KY,40218-4528,Proprietary  ,85,112,197,414,369,783
01212801,SOUTHWESTERN COLLEGE                    ,KY,41042-1466,Proprietary  ,40,143,183,85,371,456
01240400,LEXINGTON BEAUTY COLLEGE                ,KY,40503-1819,Proprietary  ,8,17,25,14,59,73
01291400,EMPIRE BEAUTY SCHOOL                    ,KY,40218-0000,Proprietary  ,25,38,63,82,170,252
01291500,EMPIRE BEAUTY SCHOOL                    ,KY,41042-5113,Proprietary  ,12,24,36,41,111,152
01291600,EMPIRE BEAUTY SCHOOL                    ,KY,40216-4212,Proprietary  ,7,17,24,27,75,102
01291700,EMPIRE BEAUTY SCHOOL                    ,KY,40160-0000,Proprietary  ,16,46,62,50,109,159
01296800,EMPIRE BEAUTY SCHOOL                    ,KY,40207-2695,Proprietary  ,18,20,38,59,74,133
02159100,"APPALACHIAN BEAUTY SCHOOL, INC.         ",KY,41503-0000,Proprietary  ,2,5,7,15,22,37
02177100,EMPIRE BEAUTY SCHOOL                    ,KY,40204-0000,Proprietary  ,9,21,30,48,78,126
02251500,TREND SETTERS ACAD OF BEAUTY CULT       ,KY,40258-0000,Proprietary  ,20,56,76,29,75,104
02275000,JENNY LEA ACADEMY OF COSMETOLOGY        ,KY,40831-0000,Proprietary  ,14,44,58,31,101,132
02279800,ELIZABETHTOWN BEAUTY SCHOOL             ,KY,42701-0000,Proprietary  ,1,9,10,15,32,47
02284306,INTERACTIVE LEARNING SYSTEMS            ,KY,41042-0000,Proprietary  ,12,52,64,14,78,92
02323700,PAT WILSON'S BEAUTY COLLEGE             ,KY,42420-0000,Proprietary  ,3,22,25,7,44,51
02337200,PJ'S COLLEGE OF COSMETOLOGY             ,KY,42101-0000,Proprietary  ,39,140,179,73,297,370
02340800,PAUL MITCHELL THE SCHOOL LEXINGTON      ,KY,40601-0000,Proprietary  ,6,17,23,8,23,31
02351700,DONTA SCHOOL OF BEAUTY CULTURE          ,KY,40203-0000,Proprietary  ,4,38,42,10,61,71
02491100,BECKFIELD COLLEGE                       ,KY,41042-0000,Proprietary  ,53,170,223,148,680,828
02518900,BARRETT & COMPANY SCH HAIR DESIGN       ,KY,40356-0000,Proprietary  ,16,29,45,40,78,118
02526100,JENNY LEA ACADEMY OF COSMETOLOGY        ,KY,41858-0000,Proprietary  ,1,5,6,5,19,24
02535600,CLEAR CREEK BAPTIST BIBLE COLLEGE       ,KY,40977-0000,Private      ,15,49,64,37,131,168
02551100,PJ'S COLLEGE OF COSMETOLOGY             ,KY,42121-0000,Proprietary  ,11,34,45,16,62,78
02560800,SOUTHEAST SCHOOL OF COSMETOLOGY         ,KY,40962-0000,Proprietary  ,5,16,21,17,50,67
02576200,MID-CONTINENT UNIVERSITY                ,KY,42066-9007,Private      ,59,457,516,235,1587,1822
02616204,BROWN MACKIE COLLEGE-FINDLAY - BROWN MAC,KY,40219-1916,Proprietary  ,78,328,406,228,1140,1368
03002100,KENTUCKY MOUNTAIN BIBLE COLLEGE         ,KY,41385-0010,Private      ,13,10,23,48,24,72
03007000,FRONTIER SCH OF MIDWIFERY&FAMILY NU     ,KY,41749-0000,Private      ,1,144,145,1,450,451
03026200,HEAD'S WEST KENTUCKY BEAUTY COLLEGE     ,KY,42431-0000,Proprietary  ,2,11,13,4,35,39
03029200,NU-TEK ACADEMY OF BEAUTY                ,KY,40353-9767,Proprietary  ,4,7,11,12,20,32
03034500,OWENSBORO COMMUNITY & TECHNICAL COLLEGE ,KY,42303-1899,Public       ,265,468,733,1147,1808,2955
03083700,GALEN HEALTH INSTITUTES                 ,KY,40207-1047,Proprietary  ,68,404,472,248,1490,1738
03103500,MR JIM'S BEAUTY COLLEGE                 ,KY,42301-2646,Proprietary  ,5,14,19,11,23,34
03106700,MOTIF BEAUTY ACADEMY                    ,KY,40391-1958,Proprietary  ,4,16,20,12,34,46
03516500,EZELL'S COSMETOLOGY SCHOOL              ,KY,42071-2530,Proprietary  ,8,5,13,18,25,43
03611300,BRIGHTON CENTER'S CENTER FOR EMPLOY     ,KY,41071-1968,Private      ,4,76,80,4,92,96
03804300,BELLEFONTE ACADEMY OF BEAUTY            ,KY,41169-2015,Proprietary  ,9,47,56,10,53,63
03885300,EMPLOYMENT SOLUTIONS                    ,KY,40517-3260,Private      ,1,19,20,3,36,39
03886300,REGENCY SCHOOL OF HAIR DESIGN           ,KY,41653-1278,Proprietary  ,9,9,18,17,23,40
04038300,ATA CAREER EDUCATION                    ,KY,40223-3832,Proprietary  ,22,93,115,63,361,424
04123900,LEXINGTON HEALING ARTS ACADEMY          ,KY,40503-1932,Proprietary  ,0,5,5,0,5,5
00200300,CENTENARY COLLEGE OF LOUISIANA          ,LA,71104-3396,Private      ,84,37,121,1051,157,1208
00200400,DILLARD UNIVERSITY                      ,LA,70122-3097,Private      ,345,114,459,1805,423,2228
00200500,NICHOLLS STATE UNIVERSITY               ,LA,70310-0001,Public       ,596,468,1064,4731,2165,6896
00200600,GRAMBLING STATE UNIVERSITY              ,LA,71245-2215,Public       ,767,593,1360,5930,2641,8571
00200700,LOUISIANA COLLEGE                       ,LA,71359-0000,Private      ,156,91,247,961,248,1209
00200800,LOUISIANA TECH UNIVERSITY               ,LA,71272-0001,Public       ,897,612,1509,6202,2323,8525
00201000,LOUISIANA STATE UNIV & A&M COLG         ,LA,70803-5710,Public       ,2600,1010,3610,19032,5907,24939
00201100,LOUISIANA STATE UNIV-ALEXANDRIA         ,LA,71302-9121,Public       ,246,415,661,1265,1787,3052
00201200,LOUISIANA STATE UNIV-EUNICE             ,LA,70535-6726,Public       ,311,307,618,1701,1263,2964
00201300,LOUISIANA STATE UNIV-SHREVEPORT         ,LA,71115-2399,Public       ,379,607,986,2146,2325,4471
00201400,LA STATE UNIV HEALTH SCIENCES CTR       ,LA,70112-2223,Public       ,61,186,247,341,1578,1919
00201500,(THE) UNIVERSITY OF NEW ORLEANS         ,LA,70148-0001,Public       ,1374,1516,2890,5621,4861,10482
00201600,LOYOLA UNIVERSITY NEW ORLEANS           ,LA,70118-6195,Private      ,358,449,807,2301,1724,4025
00201700,MCNEESE STATE UNIVERSITY                ,LA,70609-4510,Public       ,680,648,1328,4535,2669,7204
00201900,NEW ORLEANS BAPTIST THEOL SEMINARY      ,LA,70126-0000,Private      ,9,31,40,28,92,120
00202000,UNIVERSITY OF LOUISIANA AT MONROE       ,LA,71209-9001,Public       ,900,884,1784,5923,3826,9749
00202100,NORTHWESTERN STATE UNIVERSITY           ,LA,71497-0001,Public       ,742,1077,1819,5568,4213,9781
00202200,NOTRE DAME SEMINARY                     ,LA,70118-0000,Private      ,0,1,1,2,3,5
00202300,OUR LADY OF HOLY CROSS COLLEGE          ,LA,70131-7399,Private      ,131,229,360,571,860,1431
00202400,SOUTHEASTERN LOUISIANA UNIV             ,LA,70402-0001,Public       ,2001,1189,3190,9807,4513,14320
00202500,SOUTHERN UNIVERSITY A & M COLLEGE       ,LA,70813-9374,Public       ,1256,1265,2521,7589,5487,13076
00202600,SOUTHERN UNIV NEW ORLEANS               ,LA,70126-0002,Public       ,404,849,1253,1146,2399,3545
00202700,ST JOSEPH SEMINARY COLLEGE              ,LA,70457-9990,Private      ,20,12,32,41,18,59
00202900,TULANE UNIVERSITY                       ,LA,70118-5698,Private      ,448,761,1209,5594,4508,10102
00203100,UNIV OF LOUISIANA AT LAFAYETTE          ,LA,70504-0001,Public       ,1631,793,2424,10620,4071,14691
00203200,XAVIER UNIVERSITY OF LOUISIANA          ,LA,70125-1098,Private      ,508,202,710,3450,1205,4655
00462100,AYERS CAREER COLLEGE                    ,LA,71108-5845,Proprietary  ,30,130,160,64,344,408
00462500,DELGADO COMMUNITY COLLEGE               ,LA,70119-0000,Public       ,1692,2580,4272,4639,8063,12702
00520300,REMINGTON COLLEGE - LAFAYETTE CAMPUS    ,LA,70508-5760,Proprietary  ,196,580,776,501,1526,2027
00520306,REMINGTON COLLEGE - BATON ROUGE CAMPUS  ,LA,70816-4040,Proprietary  ,35,169,204,153,565,718
00546700,SOWELA TECHNICAL COMMUNITY COLLEGE      ,LA,70616-6950,Public       ,185,320,505,542,691,1233
00547200,LOUISIANA TECHNICAL COLLEGE - SIDNEY N. ,LA,70126-5511,Public       ,0,0,0,5,19,24
00548800,LOUISIANA TECH COLG-BATON ROUGE         ,LA,70807-0000,Public       ,99,274,373,267,588,855
00548802,LOUISIANA TECH COLG-ACADIAN CMPS        ,LA,70526-0000,Public       ,22,35,57,42,90,132
00548803,LOUISIANA TECH COLG-ALEXANDRIA CMPS     ,LA,71302-3137,Public       ,54,156,210,122,387,509
00548804,LOUISIANA TECH COLG-ASCENSION CMPS      ,LA,70778-3007,Public       ,25,43,68,65,71,136
00548805,LA TECH COLLEGE-AVOYELLES CAMPUS        ,LA,71327-0000,Public       ,19,45,64,45,80,125
00548806,LA TECHNICAL COLG-BASTROP CMPS          ,LA,71221-0000,Public       ,17,54,71,29,139,168
00548808,LA TECH COLG CHARLES B COREILCMPS       ,LA,70586-0000,Public       ,36,60,96,68,137,205
00548809,LA TECHNICAL COLG-DELTA-OUACHITA        ,LA,71292-9064,Public       ,53,125,178,190,347,537
00548810,EVANGELINE TECHNICAL INST               ,LA,70582-3104,Public       ,25,79,104,37,123,160
00548811,LA TECHN COLLEGE - FLORIDA PARISHES     ,LA,70441-0000,Public       ,17,50,67,25,89,114
00548812,LOUISIANA TECH COLG-FOLKES CAMPUS       ,LA,70748-0000,Public       ,6,44,50,11,74,85
00548813,LA TECHNICAL INST-GULF AREA CMPS        ,LA,70510-0878,Public       ,62,75,137,114,173,287
00548814,LOUISIANA TECH COLG-HAMMOND CMPS        ,LA,70404-0000,Public       ,66,100,166,110,166,276
00548815,LA TECH COLG-HUEY P. LONG CAMPUS        ,LA,71483-0000,Public       ,15,55,70,34,102,136
00548816,LA TECH COLLEGE-JEFFERSON CAMPUS        ,LA,70001-5605,Public       ,12,36,48,28,89,117
00548817,LOUISIANA TEC CLG-JUMONVILLE MEM CP     ,LA,70760-0000,Public       ,17,47,64,41,93,134
00548818,LA TECH COLLEGE-LAFAYETTE CAMPUS        ,LA,70506-0000,Public       ,160,312,472,348,618,966
00548819,LOUISIANA TECHNICAL COLLEGE-LAFOURC     ,LA,70301-4336,Public       ,33,68,101,82,149,231
00548820,LOUISIANA TEC CLG-LAMAR SALTER CMPS     ,LA,71446-0000,Public       ,27,85,112,49,165,214
00548822,LOUISIANA TECHNICAL CLG-MANSFIELD       ,LA,71052-1236,Public       ,23,61,84,42,111,153
00548823,LA. TECH COLG.-MORGAN SMITH CAMPUS      ,LA,70546-0000,Public       ,22,48,70,39,84,123
00548824,LOUISIANA TEC CLG-NATCHITOCHES CMPS     ,LA,71458-0000,Public       ,19,49,68,54,136,190
00548825,LOUISIANA TECH COLG-NORTH CTRL CMPS     ,LA,71241-0000,Public       ,9,38,47,27,55,82
00548826,LOUISIANA TECH CLG-NORTHEAST LA CMP     ,LA,71295-2999,Public       ,13,52,65,28,96,124
00548827,LOUISIANA TEC CLG-NW LOUISIANA CMPS     ,LA,71058-0000,Public       ,63,142,205,127,256,383
00548828,LA TECHNICAL COLG-OAKDALE CMPS          ,LA,71463-0000,Public       ,12,52,64,27,91,118
00548829,LTC-RIVER PARISHES CAMPUS               ,LA,70084-0000,Public       ,54,116,170,115,230,345
00548830,LOUISIANA TECHNICAL COLLEGE-RUSTON      ,LA,71273-0000,Public       ,35,74,109,226,164,390
00548831,LTC - SABINE VALLEY CAMPUS              ,LA,71449-3839,Public       ,12,50,62,28,78,106
00548832,LOUISIANA TECH COLG-SHELBY JACKSON      ,LA,71334-0000,Public       ,14,81,95,25,142,167
00548833,LA TECH COLG SHREVEPORT-BOSSIER         ,LA,71137-0000,Public       ,89,335,424,189,682,871
00548835,LA TECHNICAL COLLEGE-SLIDELL CAMPUS     ,LA,70459-0000,Public       ,0,0,0,1,7,8
00548837,LOUISIANA TECH COLG-SULLIVAN CAMPUS     ,LA,70427-5866,Public       ,47,123,170,103,236,339
00548838,LOUISIANA TECHNICAL COLG - TALLULAH     ,LA,71284-0000,Public       ,39,132,171,57,186,243
00548839,LA TECH COLG-TECHE AREA CAMPUS          ,LA,70562-0000,Public       ,76,88,164,147,191,338
00548840,LOUISIANA TECH COLG-T.H.HARRIS CMPS     ,LA,70570-6113,Public       ,97,141,238,277,354,631
00548841,LOUISIANA TECH COLG W JEFFERSON CMP     ,LA,70058-0000,Public       ,8,25,33,17,45,62
00548842,LOUISIANA TECHNICAL COLLEGE - WESTSIDE C,LA,70765-0733,Public       ,7,29,36,12,50,62
00548843,LTC-YOUNG MEMORIAL CAMPUS               ,LA,70381-0000,Public       ,30,96,126,58,162,220
00576100,L. E. FLETCHER TECHNICAL COMMUNITY COLLE,LA,70360-2863,Public       ,122,116,238,328,327,655
00576101,L.E. FLETCHER TECHNICAL COMMUNITY COLLEG,LA,70360-7310,Public       ,5,3,8,55,41,96
00768600,SOUTHERN UNIV AT SHREVEPORT/BOSSIER     ,LA,71107-4795,Public       ,344,820,1164,914,2043,2957
00806700,LSU HEALTH SCIENCES CENTR-SHREVEPOR     ,LA,71130-3932,Public       ,26,67,93,173,750,923
00989800,DEMMON SCHOOL OF BEAUTY                 ,LA,70607-2128,Proprietary  ,7,19,26,14,40,54
01005701,AMERICAN COMMERCIAL COLLEGE             ,LA,71105-2502,Proprietary  ,11,63,74,31,164,195
01109700,CLOYD'S BEAUTY SCHOOL #1                ,LA,71291-3131,Proprietary  ,11,86,97,18,111,129
01163100,"D-JAY'S SCHL OF BEAUTY, ARTS & SCI      ",LA,70806-0000,Proprietary  ,8,42,50,23,62,85
01184100,JOHN JAY BEAUTY COLLEGE                 ,LA,70124-2592,Proprietary  ,7,7,14,15,19,34
01261100,RONNIE & DORMANS SCHOOL HAIR DESIGN     ,LA,70501-0000,Proprietary  ,2,13,15,6,24,30
01282300,PAT GOINS RUSTON BEAUTY SCHOOL          ,LA,71270-4301,Proprietary  ,7,15,22,12,19,31
01287900,PAT GOINS BENTON ROAD BEAUTY SCHOOL     ,LA,71111-4838,Proprietary  ,8,27,35,10,38,48
01288000,PAT GOINS BEAUTY SCHOOL                 ,LA,71201-5167,Proprietary  ,4,0,4,9,10,19
02055400,BOSSIER PARISH COMMUNITY COLLEGE        ,LA,71111-0000,Public       ,566,784,1350,1870,2425,4295
02055500,DELTA SCH OF BUSINESS & TECHNOLOGY      ,LA,70601-0000,Proprietary  ,37,112,149,125,373,498
02089711,HERZING COLLEGE                         ,LA,70062-8727,Proprietary  ,4,16,20,8,45,53
02117800,AVEDA INSTITUTE LAFAYETTE               ,LA,70503-3246,Proprietary  ,23,31,54,67,75,142
02166100,NUNEZ COMMUNITY COLLEGE                 ,LA,70043-0000,Public       ,203,404,607,304,619,923
02166200,ITI TECHNICAL COLLEGE                   ,LA,70817-0000,Proprietary  ,74,120,194,217,352,569
02197500,BATON ROUGE SCHOOL OF COMPUTERS         ,LA,70816-0000,Proprietary  ,8,12,20,24,54,78
02234000,CAMERON COLLEGE                         ,LA,70119-0000,Proprietary  ,9,86,95,19,105,124
02258400,AVEDA INSTITUTE BATON ROUGE             ,LA,70816-2246,Proprietary  ,29,20,49,88,76,164
02260200,DIESEL DRIVING ACADEMY                  ,LA,71109-5617,Proprietary  ,12,104,116,21,172,193
02263600,BASTROP BEAUTY SCHOOL #1                ,LA,71220-0000,Proprietary  ,3,23,26,4,29,33
02265600,JOHN JAY KENNER ACADEMY                 ,LA,70062-0000,Proprietary  ,35,34,69,54,71,125
02269300,STEVENSON'S ACADEMY OF HAIR DESIGN      ,LA,70116-0000,Proprietary  ,31,44,75,46,65,111
02323100,PAT GOINS SHREVEPORT BEAUTY SCHOOL      ,LA,71108-4354,Proprietary  ,1,9,10,4,25,29
02327800,PINEVILLE BEAUTY SCHOOL                 ,LA,71360-0000,Proprietary  ,11,16,27,34,51,85
02335701,BATON ROUGE GEN MED CTR SCH NSG         ,LA,70821-0000,Private      ,8,40,48,40,131,171
02335702,BATON ROUGE GEN MED CTR-RAD TECH        ,LA,70806-0000,Private      ,3,16,19,37,39,76
02338000,"CLOYD'S BEAUTY SCHOOL #2, INC           ",LA,71202-3539,Proprietary  ,11,83,94,17,106,123
02352500,"CLOYD'S BEAUTY SCHOOL #3, INC           ",LA,71201-3211,Proprietary  ,12,85,97,24,112,136
02358600,"STAGE ONE THE HAIR SCHOOL, INC.         ",LA,70605-0000,Proprietary  ,15,31,46,42,69,111
02493400,ALEXANDRIA ACADEMY OF BEAUTY CULT       ,LA,71301-0000,Proprietary  ,3,13,16,8,44,52
02518300,SOUTH LOUISIANA BEAUTY COLLEGE          ,LA,70363-0000,Proprietary  ,13,31,44,17,45,62
02536400,LOUISIANA ACADEMY OF BEAUTY             ,LA,70535-0000,Proprietary  ,14,35,49,21,42,63
02538300,DELTA COLLEGE OF ARTS & TECH INC        ,LA,70806-1529,Proprietary  ,47,148,195,87,339,426
02538301,DELTA COLLEGE OF ARTS & TECHNOLOGY - LAF,LA,70508-6831,Proprietary  ,12,48,60,34,94,128
02548500,COSMETOLOGY TRAINING CENTER             ,LA,70503-0000,Proprietary  ,26,28,54,38,46,84
02554800,VANGUARD COLLEGE OF COSMETOLOGY         ,LA,70458-8823,Proprietary  ,33,38,71,42,57,99
02582200,"GUY'S ACADEMY HAIR, SKIN & NAILS        ",LA,71105-2404,Proprietary  ,18,59,77,35,101,136
02600900,AVEDA INSTITUTE                         ,LA,70433-2922,Proprietary  ,121,137,258,316,432,748
02601000,AMERICAN SCHOOL OF BUSINESS             ,LA,71105-5646,Proprietary  ,8,42,50,16,65,81
02601100,OPELOUSAS SCHOOL OF COSMETOLOGY         ,LA,70570-6156,Proprietary  ,8,15,23,17,32,49
02606800,CAREER TRAINING SPECIALISTS             ,LA,71201-6046,Proprietary  ,147,252,399,265,598,863
02606801,CAREER TECHNICAL COLLEGE - SHREVEPORT   ,LA,71105-2405,Proprietary  ,26,102,128,71,361,432
02617100,BATON ROUGE COLLEGE                     ,LA,70816-2246,Proprietary  ,5,33,38,36,74,110
02619200,DENHAM SPRINGS BEAUTY COLLEGE           ,LA,70726-3829,Proprietary  ,11,18,29,25,37,62
03010400,CRESCENT CITY SCH GAMING & BARTENDG     ,LA,70119-5507,Proprietary  ,22,263,285,29,345,374
03023500,CAMELOT CAREER COLLEGE                  ,LA,70805-7539,Proprietary  ,49,112,161,62,129,191
03030900,DIESEL DRIVING ACADEMY                  ,LA,70815-8109,Proprietary  ,23,158,181,39,295,334
03061400,ASCENSION COLLEGE                       ,LA,70737-2912,Proprietary  ,25,37,62,70,144,214
03095100,GRETNA CAREER COLLEGE                   ,LA,70053-2436,Proprietary  ,12,68,80,24,160,184
03106200,OUR LADY OF THE LAKE COLLEGE            ,LA,70808-4345,Private      ,152,379,531,900,1608,2508
03253300,JONESVILLE BEAUTY SCHOOL                ,LA,71343-0000,Proprietary  ,7,15,22,12,25,37
03294300,BLUE CLIFF SCH THERAPEUTIC MASSAGE      ,LA,70002-3458,Proprietary  ,50,131,181,107,337,444
03332600,DELTA COLLEGE                           ,LA,70433-9042,Proprietary  ,29,89,118,71,228,299
03332601,DELTA COLLEGE - SLIDELL                 ,LA,70460-2624,Proprietary  ,14,50,64,27,101,128
03356300,MEDICAL TRAINING COLLEGE                ,LA,70816-5820,Proprietary  ,30,72,102,67,170,237
03422500,BLUE CLIFF COLLEGE                      ,LA,71107-6520,Proprietary  ,27,85,112,84,288,372
03422600,BLUE CLIFF COLLEGE                      ,LA,70508-3858,Proprietary  ,37,94,131,80,223,303
03480300,MEDVANCE INSTITUTE                      ,LA,70809-1908,Proprietary  ,155,580,735,333,1547,1880
03498400,OMEGA INSTITUTE OF COSMETOLOGY          ,LA,70360-0000,Proprietary  ,8,18,26,27,43,70
03727500,MOORE CAREER COLLEGE                    ,LA,70808-4191,Proprietary  ,13,26,39,33,71,104
03730300,BATON ROUGE COMMUNITY COLLEGE           ,LA,78806-4129,Public       ,977,911,1888,3116,3033,6149
03752400,SCHOOL OF URBAN MISSIONS                ,LA,70053-0000,Private      ,14,17,31,41,45,86
03789300,UNITECH TRAINING ACADEMY                ,LA,70503-5132,Proprietary  ,68,297,365,95,417,512
03789400,RIVER PARISHES COMMUNITY COLLEGE        ,LA,70778-0310,Public       ,125,137,262,304,353,657
03810500,COURT REPORTING INSTITUTE OF LOUISI     ,LA,70816-0000,Proprietary  ,4,29,33,11,56,67
03858300,RAY'S FAITH ACADEMY OF BEAUTY EDUCATION ,LA,70737-0000,Proprietary  ,4,8,12,5,12,17
03956300,SOUTH LOUISIANA COMMUNITY COLLEGE       ,LA,70506-0000,Public       ,241,211,452,788,740,1528
04040300,COMPASS CAREER COLLEGE                  ,LA,70403-0653,Proprietary  ,10,63,73,21,108,129
04112300,LOUISIANA CULINARY INSTITUTE            ,LA,70816-4109,Proprietary  ,21,16,37,52,49,101
00143600,CAPITOL COLLEGE                         ,MD,20708-9759,Private      ,19,70,89,264,217,481
00146200,WASHINGTON BIBLE COLLEGE                ,MD,20706-3599,Private      ,19,64,83,91,224,315
00205700,ALLEGANY COLLEGE OF MARYLAND            ,MD,21502-2596,Public       ,248,313,561,1587,1188,2775
00205800,ANNE ARUNDEL COMMUNITY COLLEGE          ,MD,21012-1895,Public       ,671,1016,1687,2496,3341,5837
00206000,BALTIMORE HEBREW UNIVERSITY             ,MD,21215-3996,Private      ,0,5,5,2,34,36
00206100,BALTIMORE CITY COMMUNITY COLLEGE        ,MD,21215-7893,Public       ,688,1817,2505,2022,5155,7177
00206200,BOWIE STATE UNIVERSITY                  ,MD,20715-9465,Public       ,537,582,1119,5938,3002,8940
00206300,COMMUNITY COLLEGE OF BALTIMORE COUNTY   ,MD,21228-5381,Public       ,1331,2223,3554,4612,7395,12007
00206400,COLLEGE OF SOUTHERN MARYLAND            ,MD,20646-0910,Public       ,307,454,761,1661,1930,3591
00206500,CLG NOTRE DAME OF MARYLAND              ,MD,21210-2476,Private      ,24,191,215,688,933,1621
00206700,COLUMBIA UNION COLLEGE                  ,MD,20912-7796,Private      ,170,154,324,768,566,1334
00206800,COPPIN STATE UNIVERSITY                 ,MD,21216-3698,Public       ,346,611,957,3032,3036,6068
00207100,FREDERICK COMMUNITY COLLEGE             ,MD,21702-9745,Public       ,183,282,465,980,1144,2124
00207200,FROSTBURG STATE UNIVERSITY              ,MD,21532-1099,Public       ,320,128,448,5026,910,5936
00207300,GOUCHER COLLEGE                         ,MD,21204-2794,Private      ,37,53,90,2361,402,2763
00207400,HAGERSTOWN COMMUNITY COLLEGE            ,MD,21742-6590,Public       ,226,389,615,1011,1186,2197
00207500,HARFORD COMMUNITY COLLEGE               ,MD,21015-1696,Public       ,255,349,604,1132,1218,2350
00207600,HOOD COLLEGE                            ,MD,21701-8575,Private      ,48,104,152,1811,601,2412
00207700,JOHNS HOPKINS UNIVERSITY                ,MD,21218-2693,Private      ,56,111,167,4685,869,5554
00207702,JOHNS HOPKINS UNIV SCH ARTS/SCI/ENG     ,MD,21218-0000,Private      ,56,217,273,3124,1109,4233
00207703,JOHNS HOPKINS UNIV SCH OF BUS/ED        ,MD,21046-0000,Private      ,4,200,204,34,1224,1258
00207705,JOHNS HOPKINS BLOOMBERG SCH OF PH       ,MD,21205-0000,Private      ,0,84,84,13,1030,1043
00207706,JOHNS HOPKINS UNIV SCH OF MEDICINE      ,MD,21205-0000,Private      ,8,62,70,91,890,981
00207707,JOHNS HOPKINS UNIV SCH OF NURSING       ,MD,21205-0000,Private      ,10,46,56,196,646,842
00207708,JOHNS HOPKINS UNIV PEABODY CONSERV      ,MD,21202-2397,Private      ,12,22,34,551,378,929
00207800,LOYOLA UNIVERSITY MARYLAND              ,MD,21210-2699,Private      ,74,208,282,5243,1365,6608
00208000,MARYLAND INST COLLEGE OF ART            ,MD,21217-4191,Private      ,87,30,117,2084,495,2579
00208300,MORGAN STATE UNIVERSITY                 ,MD,21251-0002,Public       ,887,675,1562,9057,3300,12357
00208600,MOUNT SAINT MARY'S UNIVERSITY           ,MD,21727-7799,Private      ,62,71,133,2356,251,2607
00208700,NER ISRAEL RABBINICAL COLLEGE           ,MD,21208-1198,Private      ,10,2,12,86,27,113
00208900,PRINCE GEORGES COMMUNITY COLLEGE        ,MD,20774-2199,Public       ,753,1161,1914,3198,4428,7626
00209100,SALISBURY UNIVERSITY                    ,MD,21801-6862,Public       ,459,208,667,7429,1175,8604
00209200,ST JOHN'S COLLEGE                       ,MD,21404-0000,Private      ,16,22,38,610,142,752
00209500,ST. MARY'S COLLEGE OF MARYLAND          ,MD,20686-3001,Public       ,57,15,72,2206,134,2340
00209600,ST MARY'S SEMINARY & UNIV               ,MD,21210-1994,Private      ,0,5,5,12,19,31
00209900,TOWSON UNIVERSITY                       ,MD,21252-0002,Public       ,734,657,1391,15700,4513,20213
00210200,UNIVERSITY OF BALTIMORE                 ,MD,21201-5779,Public       ,113,769,882,1154,4653,5807
00210300,"UNIVERSITY OF MARYLAND, COLLEGE PARK    ",MD,20742-5145,Public       ,1277,1595,2872,23568,9208,32776
00210400,"UNIVERSITY OF MARYLAND, BALTIMORE       ",MD,21201-1691,Public       ,97,540,637,1847,7270,9117
00210500,UMBC                                    ,MD,21250-0002,Public       ,368,360,728,7007,2879,9886
00210600,UNIVERSITY MARYLAND EASTERN SHORE       ,MD,21853-4053,Public       ,431,183,614,4405,1097,5502
00210700,STEVENSON UNIVERSITY                    ,MD,21153-0641,Private      ,129,87,216,3238,759,3997
00210800,WASHINGTON COLLEGE                      ,MD,21620-1197,Private      ,24,6,30,1613,44,1657
00210900,MCDANIEL COLLEGE                        ,MD,21157-4390,Private      ,44,93,137,2531,424,2955
00458612,KAPLAN COLLEGE                          ,MD,21742-2797,Proprietary  ,52,169,221,276,680,956
00458613,KAPLAN COLLEGE -  CAREER TECHNOLOGY CENT,MD,21742-2797,Proprietary  ,1,0,1,1,0,1
00458614,KAPLAN COLLEGE - FREDERICK              ,MD,21704-8307,Proprietary  ,26,68,94,47,166,213
00465000,CHESAPEAKE COLLEGE                      ,MD,21679-0008,Public       ,95,156,251,706,829,1535
00691100,MONTGOMERY COLLEGE                      ,MD,20850-1195,Public       ,1251,1386,2637,6233,5416,11649
00734100,INTERNATIONAL BEAUTY SCHOOL             ,MD,21502-2370,Proprietary  ,7,43,50,16,53,69
00744700,DEL-MAR-VA BEAUTY ACADEMY               ,MD,21804-0000,Proprietary  ,28,37,65,35,58,93
00749100,TESST COLLEGE OF TECHNOLOGY             ,MD,21227-1063,Proprietary  ,116,360,476,323,930,1253
00793600,LINCOLN TECHNICAL INSTITUTE             ,MD,21046-1544,Proprietary  ,189,292,481,611,655,1266
00817500,HOWARD COMMUNITY COLLEGE                ,MD,21044-3197,Public       ,304,432,736,1710,1783,3493
00826300,AWARD BEAUTY SCHOOL                     ,MD,21740-5624,Proprietary  ,47,113,160,50,118,168
00830800,CECIL COLLEGE                           ,MD,21901-1999,Public       ,154,186,340,561,567,1128
01001400,GARRETT COMMUNITY COLLEGE               ,MD,21541-1265,Public       ,104,85,189,477,210,687
01031900,MEDIX SCHOOL                            ,MD,21204-2538,Proprietary  ,110,382,492,263,986,1249
01041000,TESST COLLEGE OF TECHNOLOGY             ,MD,21286-2201,Proprietary  ,50,87,137,183,409,592
01164400,UNIV OF MARYLAND UNIVERSITY COLLEGE     ,MD,20783-8078,Public       ,302,4301,4603,1355,14755,16110
01164402,U OF MD UNIVERSITY COLLEGE - EUROPE     ,MD,20832-0000,Public       ,69,608,677,247,1686,1933
01164404,U OF MD UNIVERSITY COLLEGE - ASIA       ,MD,31207-0000,Public       ,31,316,347,66,837,903
02073900,WOR-WIC COMMUNITY COLLEGE               ,MD,21804-0000,Public       ,246,502,748,887,1466,2353
02083600,TESST COLLEGE OF TECHNOLOGY             ,MD,20705-2698,Proprietary  ,78,192,270,221,382,603
02116005,SANFORD-BROWN INSTITUTE - LANDOVER      ,MD,20785-2287,Proprietary  ,58,196,254,106,535,641
02127900,SOJOURNER DOUGLASS COLLEGE              ,MD,21205-0000,Private      ,43,503,546,108,1665,1773
02155100,MARYLAND COLLEGE OF ART AND DESIGN      ,MD,20902-0000,Private      ,10,10,20,62,20,82
02269700,INTERNATIONAL BEAUTY SCHOOL             ,MD,21014-0000,Proprietary  ,5,9,14,22,31,53
02288900,ABI-ACCUTECH BUSINESS INSTITUTE         ,MD,21703-0000,Proprietary  ,0,0,0,0,2,2
02314800,BALTIMORE INTERNATIONAL COLLEGE         ,MD,21202-0000,Private      ,81,71,152,513,353,866
02331000,MARYLAND BEAUTY ACADEMY OF ESSEX        ,MD,21221-0000,Proprietary  ,16,35,51,35,76,111
02333000,HAIR ACADEMY                            ,MD,20784-0000,Proprietary  ,73,138,211,82,161,243
02343800,MONTGOMERY BEAUTY SCHOOL                ,MD,20901-0000,Proprietary  ,22,69,91,31,87,118
02494700,BALTIMORE STUDIO OF HAIR DESIGN         ,MD,21201-0000,Proprietary  ,22,67,89,52,124,176
02495000,ROBERT PAUL ACAD COSMTGY ARTS & SCI     ,MD,21093-0000,Proprietary  ,19,21,40,52,58,110
02495100,MARYLAND BEAUTY ACADEMY                 ,MD,21136-0000,Proprietary  ,5,23,28,9,40,49
02545400,NORTH AMERICAN TRADE SCHOOLS            ,MD,21244-0069,Proprietary  ,29,170,199,102,501,603
02573800,"L' ACADEMIE DE CUISINE, INC.            ",MD,20877-0000,Proprietary  ,7,28,35,43,103,146
02578400,TAI SOPHIA INSTITUTE                    ,MD,20723-6010,Private      ,0,48,48,0,166,166
03027200,BLADES SCHOOL OF HAIR DESIGN            ,MD,20619-0226,Proprietary  ,5,26,31,11,52,63
03064900,AARON'S ACADEMY OF BEAUTY               ,MD,20602-2715,Proprietary  ,10,11,21,20,37,57
03097200,AESTHETICS INSTITUTE OF COSMETOLOGY     ,MD,20877-1305,Proprietary  ,2,16,18,2,22,24
03100700,CARROLL COMMUNITY COLLEGE               ,MD,21157-6913,Public       ,90,130,220,652,527,1179
03148300,AMERICAN BEAUTY ACADEMY                 ,MD,20902-1911,Proprietary  ,73,146,219,101,207,308
03296300,BALTIMORE SCHOOL OF MASSAGE             ,MD,21090-2261,Proprietary  ,54,163,217,111,310,421
03327300,NEW CREATIONS ACADEMY OF HAIR DSN       ,MD,20746-2960,Proprietary  ,2,13,15,4,24,28
03493300,ALL-STATE CAREER SCHOOL                 ,MD,21224-6658,Proprietary  ,88,416,504,191,839,1030
03771300,AMERICAN CAREER INSTITUTE               ,MD,20902-4637,Proprietary  ,3,19,22,5,44,49
03822400,MAPLE SPRINGS BAPTIST BIBLE COLLEGE & SE,MD,20743-5711,Private      ,1,5,6,5,25,30
03965500,HAIR EXPRESSIONS ACADEMY                ,MD,20852-1729,Proprietary  ,15,24,39,21,45,66
        ,MGH INSTITUTE OF HEALTH PROFESSION      ,MA,02129-0000,Private      ,0,25,25,8,743,751
00211400,AMERICAN INTERNATIONAL COLLEGE          ,MA,01109-3189,Private      ,126,337,463,1745,1253,2998
00211500,AMHERST COLLEGE                         ,MA,01002-5000,Private      ,69,13,82,3127,90,3217
00211600,ANDOVER NEWTON THEOLOGICAL SCHOOL       ,MA,02459-0000,Private      ,0,35,35,0,194,194
00211700,ANNA MARIA COLLEGE                      ,MA,01612-1198,Private      ,54,57,111,964,283,1247
00211800,ASSUMPTION COLLEGE                      ,MA,01615-1294,Private      ,60,42,102,3735,352,4087
00211900,ATLANTIC UNION COLLEGE                  ,MA,01561-1000,Private      ,62,62,124,317,238,555
00212000,MERRIMACK COLLEGE                       ,MA,01845-5800,Private      ,88,14,102,3359,120,3479
00212100,BABSON COLLEGE                          ,MA,02457-0310,Private      ,48,151,199,1794,629,2423
00212200,BAY PATH COLLEGE                        ,MA,01106-2212,Private      ,48,373,421,722,1056,1778
00212300,BECKER COLLEGE-WORCESTER                ,MA,01615-0071,Private      ,169,144,313,1867,689,2556
00212400,BENTLEY UNIVERSITY                      ,MA,02452-4705,Private      ,96,130,226,5365,587,5952
00212600,BERKLEE COLLEGE OF MUSIC                ,MA,02215-3693,Private      ,224,134,358,3156,641,3797
00212800,BOSTON COLLEGE                          ,MA,02467-3800,Private      ,169,287,456,15552,5295,20847
00212900,BOSTON CONSERVATORY OF MUSIC            ,MA,02215-9830,Private      ,16,12,28,787,224,1011
00213000,BOSTON UNIVERSITY                       ,MA,02215-1789,Private      ,389,1511,1900,23329,12556,35885
00213300,BRANDEIS UNIVERSITY                     ,MA,02453-2700,Private      ,76,116,192,4047,747,4794
00213900,CLARK UNIVERSITY                        ,MA,01610-1473,Private      ,42,65,107,3581,464,4045
00214000,ELMS COLLEGE                            ,MA,01013-2839,Private      ,36,77,113,926,441,1367
00214100,COLLEGE OF THE HOLY CROSS               ,MA,01610-2395,Private      ,50,3,53,4716,48,4764
00214300,CURRY COLLEGE                           ,MA,02186-2395,Private      ,130,200,330,3191,775,3966
00214400,DEAN COLLEGE                            ,MA,02038-1994,Private      ,88,23,111,1308,105,1413
00214500,EASTERN NAZARENE COLLEGE                ,MA,02170-2999,Private      ,113,109,222,778,300,1078
00214507,EASTERN NAZARENE CLG - LEAD PROGRAM     ,MA,02170-0000,Private      ,0,6,6,16,33,49
00214600,EMERSON COLLEGE                         ,MA,02116-4624,Private      ,50,68,118,4918,1293,6211
00214700,EMMANUEL COLLEGE                        ,MA,02115-5798,Private      ,54,76,130,3233,300,3533
00214800,ENDICOTT COLLEGE                        ,MA,01915-2098,Private      ,44,38,82,3196,172,3368
00214900,EPISCOPAL DIVINITY SCHOOL               ,MA,02138-0000,Private      ,0,14,14,0,68,68
00215000,FISHER COLLEGE                          ,MA,02116-1500,Private      ,146,242,388,1075,712,1787
00215100,BENJAMIN FRANKLIN INSTITUTE OF TECH     ,MA,02116-6296,Public       ,50,53,103,456,216,672
00215300,GORDON COLLEGE                          ,MA,01984-1899,Private      ,56,11,67,1843,64,1907
00215400,HELLENIC COLLEGE                        ,MA,02445-7496,Private      ,9,12,21,46,93,139
00215500,HARVARD UNIVERSITY                      ,MA,02138-3800,Private      ,59,58,117,3460,540,4000
00215501,AMRCN REPERTORY THTR INST ADV THTR      ,MA,02138-0000,Private      ,0,3,3,0,91,91
00215502,HARVARD BUSINESS SCHOOL                 ,MA,02163-0000,Private      ,2,106,108,111,1459,1570
00215503,HARVARD EXTENSION SCHOOL                ,MA,02138-0000,Private      ,22,191,213,105,668,773
00215504,HARVARD SCH OF DENTAL MEDICINE          ,MA,02115-0000,Private      ,0,4,4,2,184,186
00215505,HARVARD UNIV GRAD SCH DESIGN            ,MA,02138-0000,Private      ,2,15,17,5,765,770
00215506,HARVARD DIVINITY SCHOOL                 ,MA,02138-0000,Private      ,10,19,29,15,621,636
00215507,HARVARD UNIV GRAD SCH ED                ,MA,02138-0000,Private      ,0,26,26,4,1151,1155
00215508,HARVARD UNIV GRAD S OF ARTS & SCIEN     ,MA,02138-0000,Private      ,3,62,65,50,700,750
00215509,HARVARD JOHN F KENNEDY SCHL OF GOVT     ,MA,02138-0000,Private      ,2,19,21,16,1056,1072
00215510,HARVARD LAW SCHOOL                      ,MA,02138-0000,Private      ,2,62,64,41,3280,3321
00215511,HARVARD UNIV MEDICAL SCHOOL             ,MA,02115-0000,Private      ,4,38,42,60,893,953
00215512,HARVARD UNIV SCH PUBLIC HEALTH          ,MA,02115-0000,Private      ,0,24,24,33,665,698
00215513,HARVARD UNIVERSITY-HARVARD COLLEGE      ,MA,02138-0000,Private      ,194,23,217,10408,265,10673
00215700,HEBREW COLLEGE                          ,MA,02459-2237,Private      ,1,2,3,8,75,83
00215800,LASELL COLLEGE                          ,MA,02466-2716,Private      ,77,25,102,2033,107,2140
00216000,LESLEY UNIVERSITY                       ,MA,02138-2790,Private      ,101,1027,1128,1875,4455,6330
00216100,UMASS LOWELL                            ,MA,01854-3089,Public       ,505,607,1112,6711,2612,9323
00216300,MARIST COLLEGE & SEMINARY               ,MA,01701-0000,Private      ,0,21,21,9,347,356
00216400,NEW ENGLAND COLLEGE OF OPTOMETRY        ,MA,02115-1129,Private      ,0,17,17,7,427,434
00216500,MASS. COLLEGE OF PHARMACY  & HEALTH SCIE,MA,02115-5804,Private      ,43,96,139,3038,1833,4871
00216700,BERKSHIRE COMMUNITY COLLEGE             ,MA,01201-5786,Public       ,130,211,341,624,754,1378
00216800,CAPE COD COMMUNITY COLLEGE              ,MA,02668-1599,Public       ,269,294,563,1110,1067,2177
00216900,GREENFIELD COMMUNITY COLLEGE            ,MA,01301-9739,Public       ,186,304,490,687,926,1613
00217000,HOLYOKE COMMUNITY COLLEGE               ,MA,01040-1099,Public       ,584,625,1209,2706,2549,5255
00217100,MASSACHUSETTS BAY COMMUNITY COLLEGE     ,MA,02181-0000,Public       ,259,291,550,1427,1488,2915
00217200,MOUNT WACHUSETT COMMUNITY COLLEGE       ,MA,01440-1000,Public       ,269,448,717,1252,1797,3049
00217300,NORTH SHORE COMMUNITY COLLEGE           ,MA,01923-4093,Public       ,593,750,1343,1983,2370,4353
00217400,NORTHERN ESSEX COMMUNITY COLLEGE        ,MA,01830-2399,Public       ,717,969,1686,1778,2399,4177
00217500,QUINSIGAMOND COMMUNITY COLLEGE          ,MA,01606-2092,Public       ,500,591,1091,2214,2313,4527
00217600,BRISTOL COMMUNITY COLLEGE               ,MA,02720-7399,Public       ,545,623,1168,2411,2512,4923
00217700,MASSASOIT COMMUNITY COLLEGE             ,MA,02302-3996,Public       ,396,496,892,2219,2188,4407
00217800,MASSACHUSETTS INST OF TECHNOLOGY        ,MA,02139-4307,Private      ,76,180,256,7881,2074,9955
00218000,MASSACHUSETTS COLLEGE OF ART AND DESIGN ,MA,02115-5803,Public       ,71,59,130,1788,589,2377
00218100,MASSACHUSETTS MARITIME ACADEMY          ,MA,02532-3400,Public       ,57,13,70,911,58,969
00218300,BRIDGEWATER STATE COLLEGE               ,MA,02325-0001,Public       ,406,323,729,8296,1951,10247
00218400,FITCHBURG STATE COLLEGE                 ,MA,01420-2697,Public       ,242,212,454,4024,975,4999
00218500,FRAMINGHAM STATE COLLEGE                ,MA,01702-2471,Public       ,210,153,363,3954,725,4679
00218700,MASSACHUSETTS CLG OF LIBERAL ARTS       ,MA,01247-4100,Public       ,92,74,166,1570,375,1945
00218800,SALEM STATE COLLEGE                     ,MA,01970-5353,Public       ,425,437,862,6803,2330,9133
00218900,WESTFIELD STATE COLLEGE                 ,MA,01086-1630,Public       ,254,142,396,5629,817,6446
00219000,WORCESTER STATE COLLEGE                 ,MA,01602-2597,Public       ,193,236,429,4358,1375,5733
00219200,MOUNT HOLYOKE COLLEGE                   ,MA,01075-1492,Private      ,33,14,47,2115,246,2361
00219300,MOUNT IDA COLLEGE                       ,MA,02459-3323,Private      ,60,32,92,1982,239,2221
00219400,NEW ENGLAND CONSERVATORY OF MUSIC       ,MA,02115-5018,Private      ,14,15,29,601,572,1173
00219700,NICHOLS COLLEGE                         ,MA,01571-6346,Private      ,48,40,88,1675,169,1844
00219900,NORTHEASTERN UNIVERSITY                 ,MA,02115-5000,Private      ,555,936,1491,24470,6521,30991
00220100,PINE MANOR COLLEGE                      ,MA,02167-0000,Private      ,49,7,56,550,99,649
00220200,BLESSED JOHN XXIII NATIONAL SEMINARY    ,MA,02493-0000,Private      ,0,2,2,0,3,3
00220500,QUINCY COLLEGE                          ,MA,02169-4501,Public       ,220,451,671,811,1701,2512
00220600,REGIS COLLEGE                           ,MA,02193-0000,Private      ,41,76,117,1186,464,1650
00220800,SIMMONS COLLEGE                         ,MA,02115-5898,Private      ,71,250,321,2427,2468,4895
00220900,SMITH COLLEGE                           ,MA,01063-2936,Private      ,58,23,81,2775,849,3624
00221000,UNIV OF MASSACHUSETTS-DARTMOUTH         ,MA,02747-2300,Public       ,417,232,649,8696,1617,10313
00221100,SPRINGFIELD COLLEGE                     ,MA,01109-3797,Private      ,163,701,864,3296,3172,6468
00221400,ST JOHN'S SEMINARY                      ,MA,02135-8839,Private      ,3,30,33,10,50,60
00221700,STONEHILL COLLEGE                       ,MA,02357-6110,Private      ,33,14,47,4708,93,4801
00221800,SUFFOLK UNIVERSITY                      ,MA,02108-2770,Private      ,162,231,393,7062,1921,8983
00221802,SUFFOLK UNIVERSITY LAW SCHOOL           ,MA,02108-0000,Private      ,3,87,90,118,2507,2625
00221900,TUFTS UNIVERSITY                        ,MA,02155-5808,Private      ,67,136,203,7879,2085,9964
00221901,TUFTS UNIV SCH OF DENTAL MEDICINE       ,MA,02111-0000,Private      ,1,16,17,3,796,799
00221902,TUFTS UNIVERSITY - CUMMINGS SCHOOL OF VE,MA,01536-0000,Private      ,0,5,5,23,397,420
00221904,TUFTS UNIV SCHOOL OF MEDICINE           ,MA,02111-0000,Private      ,2,55,57,37,1222,1259
00222100,UNIV OF MASSACHUSETTS-AMHERST           ,MA,01003-0000,Public       ,1183,775,1958,25248,5085,30333
00222200,UNIV OF MASSACHUSETTS-BOSTON            ,MA,02125-3393,Public       ,559,1102,1661,6679,6129,12808
00222400,WELLESLEY COLLEGE                       ,MA,02481-8203,Private      ,52,5,57,2870,118,2988
00222500,WENTWORTH INSTITUTE OF TECHNOLOGY       ,MA,02115-5998,Private      ,127,68,195,3382,399,3781
00222600,WESTERN NEW ENGLAND COLLEGE             ,MA,01119-2654,Private      ,84,132,216,4212,1289,5501
00222700,WHEATON COLLEGE                         ,MA,02766-2322,Private      ,37,3,40,2308,38,2346
00222800,WHEELOCK COLLEGE                        ,MA,02215-4176,Private      ,27,74,101,1130,558,1688
00222900,WILLIAMS COLLEGE                        ,MA,01267-2600,Private      ,43,4,47,2825,60,2885
00223300,WORCESTER POLYTECHNIC INSTITUTE         ,MA,01609-2280,Private      ,72,50,122,4696,295,4991
00396500,BAY STATE COLLEGE                       ,MA,02116-2901,Proprietary  ,76,84,160,870,322,1192
00396600,BOSTON ARCHITECTURAL COLLEGE            ,MA,02115-2795,Private      ,47,172,219,413,769,1182
00466100,HAMPSHIRE COLLEGE                       ,MA,01002-3359,Private      ,75,11,86,2106,93,2199
00466600,SALTER COLLEGE                          ,MA,01583-1700,Proprietary  ,189,750,939,440,1797,2237
00466700,SCHOOL OF MUSEUM OF FINE ARTS           ,MA,02115-5534,Private      ,27,20,47,799,296,1095
00466900,UPPER CAPE COD REGIONAL VOC TECH        ,MA,02532-3310,Public       ,2,10,12,12,65,77
00527900,GREATER LOWELL REGNL VOC TECH SCH       ,MA,01879-0000,Public       ,4,19,23,17,67,84
00551900,DIMAN REGIONAL VOC TECH INST            ,MA,02723-3519,Public       ,3,9,12,9,53,62
00552300,BLUE HILLS REGIONAL VOC TECH            ,MA,02021-1398,Public       ,4,18,22,22,106,128
00555700,MCCANN TECHNICAL SCHOOL                 ,MA,01247-0000,Public       ,2,13,15,13,51,64
00613600,NATIONAL AVIATION ACADEMY - NEW ENGLAND ,MA,01730-2620,Proprietary  ,38,26,64,90,78,168
00632200,BROCKTON HOSPITAL SCH OF NURSING        ,MA,02302-0000,Private      ,3,24,27,97,343,440
00632400,LABOURE COLLEGE                         ,MA,02124-5698,Private      ,22,112,134,141,514,655
00633100,LAWRENCE MEM HOSPITAL SCH OF NRSNG      ,MA,02155-1643,Private      ,4,37,41,53,338,391
00687300,MARIAN COURT COLLEGE                    ,MA,01907-2896,Private      ,42,24,66,213,94,307
00748100,GIBBS COLLEGE                           ,MA,02116-2904,Proprietary  ,90,140,230,239,459,698
00748400,NEWBURY COLLEGE                         ,MA,02445-5796,Private      ,64,34,98,1426,228,1654
00748600,THE NEW ENGLAND INSTITUTE OF ART        ,MA,02445-7295,Proprietary  ,260,116,376,1699,502,2201
00748800,KAPLAN CAREER INSTITUTE                 ,MA,02129-1644,Proprietary  ,46,98,144,107,309,416
00807800,SPRINGFIELD TECHNICAL COMMUNITY CLG     ,MA,01105-0000,Public       ,526,911,1437,1909,3102,5011
00809002,EVEREST COLLEGE - EVEREST INSTITUTE     ,MA,02150-2333,Proprietary  ,0,1,1,0,1,1
00891600,NEW ENGLAND SCHOOL OF LAW               ,MA,02116-0000,Private      ,0,64,64,9,1940,1949
00912900,EMPIRE BEAUTY SCHOOL                    ,MA,02148-0000,Proprietary  ,3,0,3,22,27,49
00964500,BARD COLLEGE AT SIMON'S ROCK            ,MA,01230-9702,Private      ,29,0,29,385,4,389
00974700,GORDON-CONWELL THEOLOGICAL SEMINARY     ,MA,01982-0000,Private      ,1,93,94,2,587,589
00975600,UNIVERSITY OF MASS MEDICAL CENTER       ,MA,01655-0000,Public       ,0,49,49,13,721,734
00987700,HENRI'S SCHOOL OF HAIR DESIGN           ,MA,01420-5675,Proprietary  ,5,13,18,11,20,31
00989900,LOWELL ACADEMY HAIRSTYLING INST         ,MA,01852-1909,Proprietary  ,13,12,25,19,20,39
00993600,MIDDLESEX COMMUNITY COLLEGE             ,MA,01730-1197,Public       ,304,238,542,935,681,1616
00993602,"MIDDLESEX COMMUNITY COLLEGE, LOWELL     ",MA,01852-0000,Public       ,527,463,990,1641,1221,2862
01121000,BUNKER HILL COMMUNITY COLLEGE           ,MA,02129-2991,Public       ,533,959,1492,2472,3944,6416
01151000,EVEREST INSTITUTE                       ,MA,02135-7638,Proprietary  ,97,273,370,200,598,798
01193000,ROXBURY COMMUNITY COLLEGE               ,MA,02120-3400,Public       ,204,540,744,643,1832,2475
01204200,MANSFIELD BEAUTY SCHOOLS                ,MA,02169-5061,Proprietary  ,11,13,24,29,63,92
01206800,MANSFIELD BEAUTY SCHOOL                 ,MA,01103-1410,Proprietary  ,0,23,23,7,59,66
01238600,SOUTHEASTERN TECHNICAL INSTITUTE        ,MA,02375-1780,Public       ,13,59,72,37,147,184
01241400,EMPIRE BEAUTY SCHOOL                    ,MA,02116-1914,Proprietary  ,0,0,0,5,0,5
01255300,WHITTIER REGIONAL VOC TECH SCHOOL       ,MA,01830-1898,Public       ,0,0,0,4,3,7
01288100,MONTACHUSETT REG VOC TECH SCH           ,MA,01420-4649,Public       ,1,5,6,6,38,44
01292100,EMPIRE BEAUTY SCHOOL                    ,MA,02215-0000,Proprietary  ,43,71,114,98,153,251
01294800,ROB ROY ACADEMY                         ,MA,02721-5330,Proprietary  ,23,26,49,37,47,84
02063000,MONTSERRAT COLLEGE OF ART               ,MA,01915-0000,Private      ,17,6,23,393,45,438
02063800,BUTERA SCHOOL OF ART                    ,MA,02116-0000,Proprietary  ,10,6,16,50,11,61
02076700,EMPIRE BEAUTY SCHOOL                    ,MA,02148-0000,Proprietary  ,26,55,81,63,101,164
02079400,EMPIRE BEAUTY SCHOOL                    ,MA,02453-0000,Proprietary  ,20,34,54,44,84,128
02092100,MASSACHUSETTS SCHOOL OF BARBERING       ,MA,02169-0000,Proprietary  ,5,20,25,9,34,43
02092200,EMPIRE BEAUTY SCHOOL                    ,MA,01852-0000,Proprietary  ,33,43,76,51,103,154
02122000,NEW ENGLAND HAIR ACADEMY                ,MA,02148-0000,Proprietary  ,12,23,35,39,41,80
02137000,ROB ROY ACADEMY                         ,MA,02780-0000,Proprietary  ,7,11,18,13,18,31
02137200,MASS GEN HOSP DIETETIC INTERNSHIP       ,MA,02114-0000,Private      ,0,0,0,4,9,13
02143000,LONGY SCHOOL OF MUSIC                   ,MA,02138-3599,Private      ,5,19,24,37,132,169
02161300,WESTON JESUIT SCHOOL OF THEOLOGY        ,MA,02138-0000,Private      ,0,3,3,0,64,64
02163500,NEW ENGLAND SCHOOL OF PHOTOGRAPHY       ,MA,02215-0000,Proprietary  ,21,33,54,94,87,181
02169900,ASSABET VALLEY REGIONAL VOC SCHOOL      ,MA,01752-0000,Public       ,5,6,11,23,46,69
02181600,ROB ROY ACADEMY                         ,MA,01609-0000,Proprietary  ,25,38,63,55,98,153
02182900,CAMBRIDGE COLLEGE                       ,MA,02138-5304,Private      ,50,1428,1478,154,3710,3864
02197900,NORTH BENNET STREET SCHOOL              ,MA,02113-0000,Private      ,1,16,17,30,85,115
02215100,HALLMARK INSTITUTE OF PHOTOGRAPHY       ,MA,01376-0000,Proprietary  ,24,31,55,172,164,336
02219501,MILDRED ELLEY - PITTSFIELD              ,MA,01201-5300,Proprietary  ,0,1,1,3,4,7
02220400,CATHERINE HINDS INST OF ESTHETICS       ,MA,01801-0000,Proprietary  ,18,46,64,52,100,152
02237100,JOSEPH P KEEFE TECHNICAL SCHOOL         ,MA,01701-5698,Public       ,1,1,2,3,4,7
02274300,CONWAY SCHOOL OF LANDSCAPE DESIGN       ,MA,01341-0179,Private      ,0,1,1,0,22,22
02325700,LABARON HAIRDRESSING ACADEMY            ,MA,02740-0000,Proprietary  ,7,13,20,14,24,38
02325800,LABARON HAIRDRESSING ACAD-BROCKTON      ,MA,02301-0000,Proprietary  ,3,17,20,9,30,39
02337400,BANCROFT SCHOOL OF MASSAGE THERAPY      ,MA,01604-4614,Proprietary  ,4,23,27,14,39,53
02338200,BAY STATE SCHOOL OF TECHNOLOGY          ,MA,02021-0000,Proprietary  ,15,64,79,26,131,157
02339400,ROB ROY ACADEMY                         ,MA,02746-0000,Proprietary  ,5,7,12,10,11,21
02491700,CORTIVA INSTITUTE -  BOSTON             ,MA,02472-2577,Proprietary  ,9,73,82,17,132,149
02523900,ELIZABETH GRADY SCHOOL OF ESTHETICS     ,MA,02155-0000,Proprietary  ,11,30,41,28,61,89
02579800,NEW ENGLAND SCHOOL OF ACUPUNCTURE       ,MA,02458-0000,Private      ,0,23,23,1,149,150
02614901,SANFORD-BROWN INSTITUTE - SPRINGFIELD   ,MA,01104-1739,Proprietary  ,0,1,1,3,3,6
03066700,AILANO SCHOOL OF COSMETOLOGY            ,MA,02303-4740,Proprietary  ,7,12,19,16,22,38
03104000,SHAWSHEEN ADULT TECHNICAL INSTITUTE     ,MA,01821-5499,Public       ,3,4,7,11,39,50
03120800,KAY HARVEY HAIRDRESSING ACADEMY         ,MA,01089-2701,Proprietary  ,2,11,13,9,46,55
03127700,SOUTHERN NEW ENGLAND SCHOOL OF LAW      ,MA,02747-1252,Private      ,0,22,22,1,261,262
03130500,URBAN COLLEGE OF BOSTON                 ,MA,02111-1093,Private      ,12,129,141,43,475,518
03194300,BOSTON GRAD SCH OF PSYCHOANALYSIS       ,MA,02446-4602,Private      ,0,34,34,1,57,58
03196300,LINCOLN TECHNICAL INSTITUTE             ,MA,02145-1102,Proprietary  ,63,132,195,174,359,533
03196302,LINCOLN TECHNICAL INSTITUTE             ,MA,01852-5119,Proprietary  ,53,115,168,144,279,423
03205400,JOLIE HAIR & BEAUTY ACADEMY             ,MA,01056-2769,Proprietary  ,10,18,28,26,31,57
03232302,LINCOLN TECHNICAL INSTITUTE             ,MA,02401-1818,Proprietary  ,34,77,111,63,163,226
03235300,MASSACHUSETTS SCHOOL OF LAW             ,MA,01810-1094,Private      ,1,112,113,2,545,547
03240300,HAIR IN MOTION BEAUTY ACADEMY           ,MA,01604-2213,Proprietary  ,4,11,15,6,16,22
03248300,BOSTON BAPTIST COLLEGE                  ,MA,02136-4000,Private      ,28,11,39,80,36,116
03316400,FUNERAL INSTITUTE OF THE NORTHEAST      ,MA,02062-4766,Proprietary  ,2,15,17,13,58,71
03504300,NATL GRAD SCH OF QUALITY SYSTM MGMT     ,MA,02540-0000,Private      ,1,5,6,1,10,11
03763300,MEDICAL PROFESSIONAL INSTITUTE          ,MA,02148-8143,Proprietary  ,0,17,17,3,46,49
03859300,E.I.N.E.                                ,MA,01876-4709,Proprietary  ,1,13,14,1,26,27
03946300,FRANKLIN W. OLIN COLLEGE OF ENGINEERING ,MA,02492-1200,Private      ,6,0,6,373,5,378
04039300,SULLIVAN AND COGLIANO TRAINING CENTER   ,MA,02301-1822,Proprietary  ,17,175,192,26,310,336
00401000,INSTITUT INTERNAT'L D'ETUDES FRANCA     ,FC,00000-0000,Public       ,0,1,1,0,3,3
00401200,HEBREW UNIVERSITY OF JERUSALEM (THE)    ,FC,00000-0000,Public       ,0,6,6,40,108,148
00403000,UNIVERSITY OF CAMBRIDGE                 ,FC,00000-0000,Public       ,0,6,6,0,44,44
00503400,AMERICAN UNIVERSITY OF CAIRO            ,FC,00000-0000,Private      ,20,35,55,79,180,259
00667100,KATHOLIEKE UNIVERSITEIT LEUVEN          ,FC,00000-0000,Private      ,1,9,10,1,31,32
00669000,UNIVERSITY OF COPENHAGEN                ,FC,00000-0000,Public       ,0,3,3,6,9,15
00669100,UNIVERSITY OF CAMBRIDGE - PEMBROKE      ,FC,00000-0000,Public       ,0,1,1,1,16,17
00669200,UNIVERSITY OF LEEDS                     ,FC,00000-0000,Public       ,4,6,10,19,74,93
00669300,UNIV OF LONDON-LONDON SCHOOL ECON       ,FC,00000-0000,Public       ,3,90,93,18,506,524
00669400,SCH OF ORIENTAL & AFRICAN STUDIES       ,FC,00000-0000,Public       ,2,35,37,11,142,153
00669500,UNIV OF LONDON-UNIVERSITY COLLEGE       ,FC,00000-0000,Public       ,4,54,58,24,282,306
00669600,UNIV OF LONDON-SCH ADVANCED STUDY       ,FC,00000-0000,Public       ,0,3,3,0,17,17
00669700,"QUEEN MARY, UNIVERSITY OF LONDON        ",FC,00000-0000,Public       ,0,16,16,11,75,86
00669900,UNIVERSITY OF SUSSEX                    ,FC,00000-0000,Public       ,5,15,20,20,75,95
00670000,"UNIVERSITY OF YORK, THE                 ",FC,00000-0000,Public       ,0,12,12,9,100,109
00670400,UNIVERSITY COLLEGE CORK                 ,FC,00000-0000,Public       ,2,8,10,11,47,58
00671300,UPPSALA UNIVERSITY                      ,FC,00000-0000,Public       ,1,2,3,1,16,17
00671500,UNIVERSITY OF GENEVA                    ,FC,00000-0000,Public       ,1,10,11,1,42,43
00683900,UNIVERSITY OF EDINBURGH                 ,FC,00000-0000,Public       ,13,71,84,90,404,494
00684200,UNIVERSITY OF DUBLIN TRINITY COLLEG     ,FC,00000-0000,Public       ,4,32,36,29,128,157
00685000,UNIVERSITY OF CAMBRIDGE - DOWNING C     ,FC,00000-0000,Public       ,0,1,1,1,3,4
00685100,INTERNATIONAL CHRISTIAN UNIVERSITY      ,FC,00000-0000,Private      ,0,1,1,9,7,16
00763200,UNIVERSITY OF BRISTOL                   ,FC,00000-0000,Public       ,1,16,17,8,85,93
00768100,COLLEGE OF EUROPE                       ,FC,00000-0000,Private      ,0,0,0,1,3,4
00770500,ROYAL COLLEGE OF SURGEONS IN IRELAN     ,FC,00000-0000,Private      ,2,13,15,3,62,65
00788100,AMERICAN UNIVERSITY OF PARIS            ,FC,00000-0000,Private      ,21,21,42,228,139,367
00837100,AMERICAN UNIVERSITY OF BEIRUT           ,FC,00000-0000,Private      ,10,10,20,48,53,101
00837300,TEL-AVIV UNIVERSITY                     ,FC,00000-0000,Public       ,3,10,13,9,66,75
00837700,UNIVERSITEIT VAN AMSTERDAM(UNIVERSI     ,FC,00000-0000,Public       ,1,19,20,3,94,97
00838000,UNIVERSITY OF WARWICK                   ,FC,00000-0000,Public       ,0,11,11,5,53,58
00838300,UNIVERSITY OF GLASGOW                   ,FC,00000-0000,Public       ,6,48,54,35,287,322
00838600,UNIVERSITY OF HELSINKI                  ,FC,00000-0000,Public       ,0,2,2,0,8,8
00839300,UNIVERSITY OF OSLO                      ,FC,00000-0000,Public       ,1,0,1,4,8,12
00839400,UNIVERSITY OF OXFORD                    ,FC,00000-0000,Public       ,0,25,25,9,147,156
00839800,UNIVERSITY OF SHEFFIELD (THE)           ,FC,00000-0000,Public       ,1,9,10,5,68,73
00839900,UNIVERSITY OF SOUTHAMPTON               ,FC,00000-0000,Public       ,0,13,13,1,45,46
00845000,KASTURBA MEDICAL COLLEGE (A CONSTITENT I,FC,00000-0000,Private      ,6,18,24,28,100,128
00845200,ABERYSTWYTH UNIVERSITY                  ,FC,00000-0000,Public       ,0,4,4,12,25,37
00846000,UNIVERSITY OF NEWCASTLE UPON TYNE       ,FC,00000-0000,Public       ,0,12,12,6,49,55
00846100,UNIVERSITY OF SAINT ANDREWS             ,FC,00000-0000,Public       ,21,28,49,96,121,217
00846200,UNIVERSIDAD DE SALAMANCA                ,FC,00000-0000,Public       ,2,13,15,8,50,58
00850500,UNIVERSITY OF MELBOURNE                 ,FC,00000-0000,Public       ,2,18,20,11,102,113
00858600,SWANSEA UNIVERSITY                      ,FC,00000-0000,Public       ,1,5,6,9,30,39
00858700,UNIVERSITY OF DURHAM                    ,FC,00000-0000,Public       ,2,16,18,13,72,85
00866500,UNIVERSITY OF KENT AT CANTERBURY (THE)  ,FC,00000-0000,Public       ,2,24,26,9,122,131
00866600,UNIVERSITY OF HONG KONG                 ,FC,00000-0000,Public       ,0,4,4,11,30,41
00867000,UNIVERSITY OF NEW SOUTH WALES           ,FC,00000-0000,Public       ,2,17,19,15,70,85
00868700,UNIVERSITY OF ESSEX                     ,FC,00000-0000,Public       ,3,16,19,7,62,69
00869200,LEIDEN UNIVERSITY                       ,FC,00000-0000,Public       ,0,11,11,2,62,64
00869300,CITY UNIVERSITY                         ,FC,00000-0000,Public       ,0,23,23,5,90,95
00890800,THE UNIVERSITY OF BIRMINGHAM            ,FC,00000-0000,Public       ,1,20,21,7,74,81
00891000,UNIVERSITY OF HULL                      ,FC,00000-0000,Public       ,3,5,8,5,18,23
00892000,UNIVERSITY OF NOTTINGHAM                ,FC,00000-0000,Public       ,2,14,16,14,92,106
00900600,UNIVERSITY OF SALFORD (THE)             ,FC,00000-0000,Public       ,1,3,4,3,13,16
00908400,"UNIV OF LONDON, BIRKBECK                ",FC,00000-0000,Public       ,0,17,17,2,52,54
00908500,UNIV OF LONDON KING'S COLLEGE           ,FC,00000-0000,Public       ,4,39,43,23,179,202
00908600,UNIVERSITY OF LONDON - ROYAL HOLLOWAY   ,FC,00000-0000,Public       ,1,16,17,12,61,73
00914300,BAR-ILAN UNIVERSITY                     ,FC,00000-0000,Private      ,1,0,1,5,5,10
00924700,ARCHITECTURAL ASSOC SCH OF ARCHITEC     ,FC,00000-0000,Private      ,0,1,1,1,17,18
00924900,UNIVERSITY OF LIVERPOOL                 ,FC,00000-0000,Public       ,0,17,17,12,66,78
00936800,UNIVERSITY OF ABERDEEN                  ,FC,00000-0000,Public       ,5,33,38,34,120,154
00942300,ROYAL COLLEGE OF ART                    ,FC,00000-0000,Public       ,1,3,4,2,31,33
00942400,ROYAL ACADEMY OF DRAMATIC ART           ,FC,00000-0000,Private      ,1,1,2,6,10,16
00942800,TECHNION-ISRAEL INST OF TECHLGY         ,FC,00000-0000,Public       ,0,26,26,0,62,62
00944200,UNIVERSITY OF EXETER                    ,FC,00000-0000,Public       ,0,17,17,7,76,83
00944400,UNIVERSITY OF LANCASTER                 ,FC,00000-0000,Public       ,0,9,9,6,36,42
00963400,UNIVERSITY OF OXFORD ST CATHERINE'S     ,FC,00000-0000,Public       ,1,2,3,2,14,16
00980800,UNIVERSITY OF STRATHCLYDE               ,FC,00000-0000,Public       ,0,8,8,6,26,32
00981700,UNIVERSITY OF SANTO TOMAS               ,FC,00000-0000,Private      ,1,3,4,5,25,30
00986000,UNIVERSITY OF SURREY                    ,FC,00000-0000,Public       ,0,4,4,2,12,14
00988800,KAROLINSKA INSTITUTET                   ,FC,00000-0000,Public       ,0,0,0,0,8,8
00990600,PONTIFICAL NORTH AMERICAN COLLEGE       ,FC,00000-0000,Private      ,0,4,4,1,5,6
00992700,UNIVERSITY OF CAMBRIDGE - FITZWILLI     ,FC,00000-0000,Public       ,0,0,0,0,4,4
01006700,LUND UNIVERSITY                         ,FC,00000-0000,Public       ,1,9,10,1,39,40
01008400,UNIVERSITY OF CAPE TOWN                 ,FC,00000-0000,Private      ,0,5,5,4,27,31
01008700,UNIVERSITY OF OXFORD ST PETER'S COL     ,FC,00000-0000,Public       ,0,2,2,0,5,5
01008800,UNIVERSITY OF OXFORD - CORPUS CHRIS     ,FC,00000-0000,Public       ,0,0,0,0,1,1
01008900,CENTRAL SCHOOL OF SPEECH AND DRAMA      ,FC,00000-0000,Private      ,1,5,6,9,37,46
01009000,UNIVERSITY OF OXFORD - BALLIOL COLL     ,FC,00000-0000,Public       ,1,3,4,1,16,17
01014300,UNIVERSITY OF READING                   ,FC,00000-0000,Public       ,0,7,7,1,42,43
01015700,CARDIFF UNIVERSITY                      ,FC,00000-0000,Public       ,0,7,7,3,58,61
01015900,PONTIFICIA UNIVERSITA GREGORIANA        ,FC,00000-0000,Private      ,0,3,3,1,5,6
01016000,CG JUNG INST                            ,FC,00000-0000,Private      ,0,0,0,0,1,1
01018800,UNIVERSITY COLLEGE DUBLIN               ,FC,00000-0000,Public       ,0,37,37,11,143,154
01019000,UNIVERSITY OF CAMBRIDGE CHURCHILL C     ,FC,00000-0000,Public       ,0,2,2,1,3,4
01022800,UNIVERSITY OF STIRLING                  ,FC,00000-0000,Public       ,2,3,5,16,28,44
01033200,UNIVERSITY OF CAMBRIDGE - CLARE COL     ,FC,00000-0000,Public       ,0,0,0,0,7,7
01045600,UNIVERSITY OF HAIFA                     ,FC,00000-0000,Public       ,0,0,0,4,9,13
01047200,INST EUROPEEN OPEEN D'ADMINISTRATIO     ,FC,00000-0000,Private      ,0,22,22,0,73,73
01049300,CRANFIELD UNIVERSITY                    ,FC,00000-0000,Public       ,0,2,2,0,11,11
01052000,TRINITY LABAN                           ,FC,00000-0000,Public       ,0,0,0,1,5,6
01052001,LABAN CENTER FOR MOVEMENT & DANCE       ,FC,00000-0000,Public       ,1,1,2,4,7,11
01052500,UNIVERSITY OF HERTFORDSHIRE             ,FC,00000-0000,Public       ,1,0,1,3,1,4
01057400,LONDON INTRNTL FILM SCHOOL              ,FC,00000-0000,Private      ,0,4,4,3,16,19
01058400,VRIJE UNIVERSITEIT BRUSSELS             ,FC,00000-0000,Private      ,0,3,3,0,6,6
01058600,INSTITUTE OF SOCIAL STUDIES             ,FC,00000-0000,Private      ,0,1,1,0,10,10
01058800,AUSTRALIAN NATIONAL UNIVERSITY          ,FC,00000-0000,Public       ,3,4,7,12,37,49
01058900,BANGOR UNIVERSITY                       ,FC,00000-0000,Public       ,2,5,7,5,17,22
01059400,"RICHMOND, THE AMERICAN INT UNI IN LONDON",FC,00000-0000,Private      ,28,7,35,310,40,350
01059900,INST D'ETUDES POLITIQUES DE PARIS       ,FC,00000-0000,Public       ,0,11,11,3,35,38
01068100,MACQUARIE UNIVERSITY                    ,FC,00000-0000,Public       ,1,19,20,13,93,106
01069200,UNIVERSITY OF QUEENSLAND (THE)          ,FC,00000-0000,Public       ,1,20,21,11,79,90
01070400,SILLIMAN UNIVERSITY                     ,FC,00000-0000,Private      ,0,1,1,2,4,6
01078900,UNIVERSITY OF OXFORD - WORCESTER CO     ,FC,00000-0000,Public       ,0,0,0,0,2,2
01079200,CITY AND GUILDS OF LONDON INSTITUTE     ,FC,00000-0000,Private      ,0,0,0,1,4,5
01079500,AKADEMIA MEDYCZNA                       ,FC,00000-0000,Public       ,0,0,0,0,9,9
01079700,"NATIONAL UNIVERSITY OF IRELAND, MAY     ",FC,00000-0000,Public       ,0,2,2,3,10,13
01080300,SEMMELWEIS UNIVERSITY OF BUDAPEST       ,FC,00000-0000,Public       ,1,11,12,1,37,38
01081600,KINGSTON UNIVERSITY                     ,FC,00000-0000,Public       ,2,7,9,19,34,53
01086400,UNIV OF DUNDEE                          ,FC,00000-0000,Public       ,0,7,7,3,34,37
01086600,UNIVERSITY OF OXFORD - MAGDALEN COLLEGE ,FC,00000-0000,Public       ,0,0,0,0,5,5
01086700,UNIVERSITY OF OXFORD ST JOHN'S COLL     ,FC,00000-0000,Public       ,0,1,1,1,5,6
01091400,MONASH UNIVERSITY                       ,FC,00000-0000,Public       ,0,1,1,8,30,38
01091500,UNIV OF EAST ANGLIA                     ,FC,00000-0000,Public       ,0,6,6,11,47,58
01094200,UNIVERSITY OF OXFORD - ST HUGH'S CO     ,FC,00000-0000,Public       ,0,3,3,1,6,7
01097700,UNIVERSIDAD CENTRAL DEL ESTE            ,FC,00000-0000,Private      ,16,117,133,60,609,669
01098000,SOMERVILLE COLLEGE                      ,FC,00000-0000,Public       ,0,2,2,0,2,2
01099900,UNIV OF OXFORD - WADHAM COLLEGE         ,FC,00000-0000,Public       ,0,1,1,1,3,4
01104400,PONTIFICIA UNIVERSITA SAN TOMMASO       ,FC,00000-0000,Private      ,0,9,9,1,14,15
01105300,UNIVERSITY OF OXFORD - ST HILDA'S C     ,FC,00000-0000,Public       ,0,1,1,1,3,4
01105400,UNIVERSITY OF OXFORD - ST ANNE'S CO     ,FC,00000-0000,Public       ,0,3,3,0,7,7
01105500,UNIV OF OXFORD - LADY MARGARET HALL     ,FC,00000-0000,Public       ,0,3,3,1,10,11
01105600,UNIVERSITY OF OXFORD - UNIVERSITY C     ,FC,00000-0000,Public       ,0,1,1,1,10,11
01105700,UNIVERSITY OF OXFORD - TRINITY COLL     ,FC,00000-0000,Public       ,0,0,0,1,5,6
01105800,UNIVERSITY OF OXFORD-ST EDMUND HALL     ,FC,00000-0000,Public       ,0,4,4,1,14,15
01105900,UNIVERSITY OF OXFORD ST ANTONY'S CO     ,FC,00000-0000,Public       ,0,13,13,0,39,39
01106000,UNIVERSITY OF OXFORD - QUEEN'S COLL     ,FC,00000-0000,Public       ,0,2,2,1,4,5
01106100,UNIVERSITY OF OXFORD - PEMBROKE COL     ,FC,00000-0000,Public       ,0,1,1,1,3,4
01106200,UNIVERSITY OF OXFORD - ORIEL COLLEG     ,FC,00000-0000,Public       ,1,4,5,1,8,9
01106300,UNIVERSITY OF OXFORD - NUFFIELD COL     ,FC,00000-0000,Public       ,0,0,0,0,5,5
01106400,UNIVERSITY OF OXFORD - NEW COLLEGE      ,FC,00000-0000,Public       ,0,3,3,2,13,15
01106500,UNIVERSITY OF OXFORD MERTON COLLEGE     ,FC,00000-0000,Public       ,0,2,2,0,15,15
01106600,UNIVERSITY OF OXFORD - LINCOLN COLL     ,FC,00000-0000,Public       ,0,3,3,1,15,16
01106700,UNIVERSITY OF OXFORD - KEBLE COLLEG     ,FC,00000-0000,Public       ,0,4,4,0,10,10
01106800,UNIVERSITY OF OXFORD - JESUS COLLEG     ,FC,00000-0000,Public       ,0,4,4,0,7,7
01106900,UNIVERSITY OF OXFORD - HERTFORD COL     ,FC,00000-0000,Public       ,0,1,1,0,6,6
01107000,UNIVERSITY OF OXFORD EXETER COLLEGE     ,FC,00000-0000,Public       ,0,3,3,0,15,15
01107100,UNIV OF OXFORD - CHRIST CHURCH          ,FC,00000-0000,Public       ,0,5,5,0,19,19
01107200,UNIVERSITY OF OXFORD - BRASENOSE CO     ,FC,00000-0000,Public       ,0,0,0,0,1,1
01109100,FLINDERS UNIVERSITY OF S AUSTRALIA      ,FC,00000-0000,Public       ,1,3,4,2,13,15
01109400,UNIVERSITY OF WESTERN AUSTRALIA (THE)   ,FC,00000-0000,Public       ,0,5,5,5,13,18
01156700,"IMPERIAL COLLEGE OF SCIENCE, TECHNOLOGY ",FC,00000-0000,Public       ,0,7,7,4,41,45
01167900,UNIVERSITY OF BATH                      ,FC,00000-0000,Public       ,1,0,1,2,28,30
01168300,FRANKLIN COLLEGE  SWITZERLAND           ,FC,00000-0000,Private      ,8,1,9,296,9,305
01175800,UNIV OF CAMBRIDGE - PETERHOUSE          ,FC,00000-0000,Public       ,0,0,0,0,4,4
01176400,ROYAL ACADEMY OF MUSIC                  ,FC,00000-0000,Public       ,2,3,5,13,19,32
01176500,GOLDSMITHS' COLLEGE-UNIV OF LONDON      ,FC,00000-0000,Public       ,1,21,22,7,117,124
01176600,UNIV OF LONDON - INST OF EDUC           ,FC,00000-0000,Public       ,0,6,6,2,22,24
01177900,STOCKHOLM SCHOOL OF ECONOMICS           ,FC,00000-0000,Private      ,0,0,0,0,6,6
01178000,BRUNEL UNIVERSITY                       ,FC,00000-0000,Public       ,0,10,10,1,37,38
01178400,UNIVERSITY OF WARSAW                    ,FC,00000-0000,Public       ,0,2,2,0,8,8
01207500,UNIVERSITY CAMBRIDGE - TRINITY COLL     ,FC,00000-0000,Public       ,0,1,1,0,9,9
01207800,VICTORIA UNIV OF WELLINGTON             ,FC,00000-0000,Public       ,0,4,4,16,24,40
01210100,UNIVERSITY OF CAMBRIDGE - GIRTON CO     ,FC,00000-0000,Public       ,0,1,1,0,3,3
01213600,VICTORIA UNIV OF MANCHESTER (THE)       ,FC,00000-0000,Public       ,1,19,20,7,64,71
01219800,UNIVERSITY OF BRADFORD                  ,FC,00000-0000,Public       ,0,3,3,2,26,28
01220100,UNIVERSITY OF OXFORD - REGENT'S PAR     ,FC,00000-0000,Public       ,1,1,2,3,7,10
01220600,JAMES COOK UNIVERSITY                   ,FC,00000-0000,Public       ,3,5,8,10,55,65
01221300,PONTIFICIA BOLIVARIANA UNIVERSITY       ,FC,00000-0000,Private      ,0,0,0,1,1,2
01221500,BIRMINGHAM CITY UNIVERSITY              ,FC,00000-0000,Public       ,0,3,3,1,7,8
01222300,JAGIELLONIAN UNIVERSITY COLLEGIUM M     ,FC,00000-0000,Public       ,0,18,18,2,55,57
01222500,UNIVERSITY OF SZEGED FACULTY OF MEDICINE,FC,00000-0000,Public       ,0,1,1,1,10,11
01223400,KOREA UNIVERSITY                        ,FC,00000-0000,Private      ,0,2,2,5,9,14
01225800,ASTON UNIVERSITY                        ,FC,00000-0000,Public       ,0,1,1,1,6,7
01227500,UNIVERSITY OF OXFORD - WOLFSON COLL     ,FC,00000-0000,Public       ,0,5,5,0,14,14
01230200,GONVILLE & CAIUS COLLEGE                ,FC,00000-0000,Public       ,0,0,0,2,2,4
01233300,UNIV OF THE ARTS LONDON- CAMBERWELL COLL,FC,00000-0000,Public       ,0,1,1,8,14,22
01233500,ROYAL COLLEGE OF MUSIC                  ,FC,00000-0000,Public       ,1,1,2,2,15,17
01233700,WROCLAW UNIVERSITY OF MEDICINE          ,FC,00000-0000,Public       ,0,3,3,0,4,4
01234100,UNIVERSITY OF WALES - ST DAVID'S UN     ,FC,00000-0000,Public       ,2,12,14,5,31,36
01239700,KONINKLIJK CONSERVATORIUM               ,FC,00000-0000,Public       ,0,4,4,1,7,8
01242100,UNIV OF AUCKLAND                        ,FC,00000-0000,Public       ,5,13,18,18,38,56
01253900,UNIVERSITY OF THE ARTS LONDON IDO - CENT,FC,00000-0000,Public       ,5,17,22,44,45,89
01254000,UNIVERSIDAD DE NAVARRA                  ,FC,00000-0000,Private      ,1,3,4,7,20,27
01276500,UNIVERSITY OF OXFORD - LINACRE COLL     ,FC,00000-0000,Public       ,0,0,0,0,11,11
01276600,"NATIONAL UNIVERSITY IRELAND, GALWAY     ",FC,00000-0000,Public       ,0,9,9,10,44,54
01280200,PONTIFICIA UNIV CATOLICA MAD Y MAES     ,FC,00000-0000,Private      ,23,57,80,57,105,162
01281100,INST TECNOLOGICO DE SANTO DOMINGO       ,FC,00000-0000,Private      ,6,18,24,13,60,73
01283900,UNIVERSITY OF CAMBRIDGE - SAINT JOH     ,FC,00000-0000,Public       ,0,3,3,0,12,12
01286200,MOUNTVIEW ACADEMY OF THEATRE ARTS       ,FC,00000-0000,Private      ,0,0,0,0,4,4
01297800,UNIVERSITY OF HUDDERSFIELD (THE)        ,FC,00000-0000,Public       ,0,0,0,1,2,3
01315300,MASSEY UNIVERSITY                       ,FC,00000-0000,Public       ,0,10,10,5,46,51
01322500,COLLEGE OF LAW                          ,FC,00000-0000,Private      ,0,4,4,0,22,22
02052400,DARWIN COLLEGE                          ,FC,00000-0000,Public       ,0,2,2,0,7,7
02082400,UNIVERSITY OF CAMBRIDGE - QUEEN'S C     ,FC,00000-0000,Public       ,0,3,3,1,15,16
02083400,UNIVERSITY OF CAMBRIDGE - WOLFSON C     ,FC,00000-0000,Public       ,0,3,3,1,11,12
02087400,UNIVERSITY OF CAMBRIDGE - NEWNHAM C     ,FC,00000-0000,Public       ,0,3,3,0,6,6
02087900,OXFORD BROOKES UNIVERSITY               ,FC,00000-0000,Public       ,5,12,17,10,48,58
02094100,BEN-GURION UNIV                         ,FC,00000-0000,Public       ,0,4,4,2,150,152
02094400,UNIV OF CAMBRIDGE - ST EDMUND'S HOU     ,FC,00000-0000,Public       ,1,2,3,1,6,7
02095500,LONDON BUS SCHOOL                       ,FC,00000-0000,Private      ,0,32,32,0,114,114
02098700,FATIMA COLLEGE OF MEDICINE              ,FC,00000-0000,Private      ,0,13,13,4,36,40
02101900,ROEHAMPTON UNIVERSITY                   ,FC,00000-0000,Public       ,3,5,8,11,50,61
02108600,LONDON ACADEMY OF MUSIC & DRAMATIC      ,FC,00000-0000,Private      ,0,2,2,6,17,23
02115900,UNIVERSITY OF PORTSMOUTH                ,FC,00000-0000,Public       ,2,1,3,2,7,9
02116700,UNIVERSITY OF CAMBRIDGE - LUCY CAVE     ,FC,00000-0000,Public       ,0,2,2,0,5,5
02120000,UNIV OF LONDON - COURTALD INST OF A     ,FC,00000-0000,Public       ,0,5,5,0,32,32
02133400,UNIVERSITY OF CAMBRIDGE - SIDNEY SU     ,FC,00000-0000,Public       ,0,1,1,0,4,4
02142000,UNIVERSITY OF CAMBRIDGE - HOMERTON      ,FC,00000-0000,Public       ,0,0,0,0,5,5
02149700,UNIVERSITY OF WINCHESTER (THE)          ,FC,00000-0000,Public       ,0,0,0,2,4,6
02156800,UNIV OF OTAGO                           ,FC,00000-0000,Public       ,1,8,9,8,26,34
02162300,"IESE BUSINESS SCH, UNIV OF NAVARRA      ",FC,00000-0000,Private      ,1,11,12,4,51,55
02167400,UNIVERSITY OF CAMBRIDGE - CORPUS CH     ,FC,00000-0000,Public       ,0,3,3,0,6,6
02175700,OHR SOMAYACH INSTITUTIONS               ,FC,00000-0000,Private      ,0,3,3,3,3,6
02177700,KING'S COLLEGE- UNIV OF CAMBRIDGE       ,FC,00000-0000,Public       ,0,1,1,0,22,22
02180500,MIDDLESEX UNIVERSITY                    ,FC,00000-0000,Public       ,1,13,14,18,39,57
02181000,UNIVERSITY OF SOUTH AUSTRALIA           ,FC,00000-0000,Public       ,1,3,4,2,16,18
02183500,UNIV OF OXFORD - WYCLIFFE HALL          ,FC,00000-0000,Public       ,0,4,4,1,6,7
02186000,UNIVERSITY OF CAMBRIDGE - MAGDALENE     ,FC,00000-0000,Public       ,0,3,3,0,6,6
02186100,UNIVERSITY OF CAMBRIDGE - EMMANUEL      ,FC,00000-0000,Public       ,0,3,3,0,7,7
02189600,UNIVERSITY OF GRONINGEN                 ,FC,00000-0000,Public       ,0,3,3,1,14,15
02194800,UNIVERSITY OF THE WEST OF ENGLAND -     ,FC,00000-0000,Public       ,2,3,5,7,13,20
02195100,UNIV OF WESTMINSTER                     ,FC,00000-0000,Public       ,2,18,20,24,77,101
02196700,GUILDHALL SCHOOL OF MUSIC & DRAMA       ,FC,00000-0000,Public       ,0,5,5,4,18,22
02197000,INT'L GRAD PROGRAMME STOCKHOLM UNIV     ,FC,00000-0000,Public       ,0,1,1,0,11,11
02207300,UNIVERSITY OF CAMBRIDGE - CHRIST'S      ,FC,00000-0000,Public       ,0,0,0,0,3,3
02209500,UNIVERSITEIT UTRECHT                    ,FC,00000-0000,Public       ,1,3,4,10,41,51
02210000,UNIV OF LONDON - LONDON SCHOOL OF H     ,FC,00000-0000,Public       ,0,11,11,0,60,60
02212300,UNIVERSITY OF CAMBRIDGE - ROBINSON      ,FC,00000-0000,Public       ,0,0,0,0,1,1
02216300,UNIVERSIDAD DE CHILE                    ,FC,00000-0000,Public       ,0,1,1,3,9,12
02225300,UNIV OF CANTERBURY                      ,FC,00000-0000,Public       ,4,4,8,9,15,24
02229100,UNIVERSITY OF LEICESTER                 ,FC,00000-0000,Public       ,0,13,13,9,58,67
02229600,SACKLER SCHOOL OF MEDICINE              ,FC,00000-0000,Public       ,1,15,16,1,177,178
02232100,UNIVERSITY OF CAMBRIDGE                 ,FC,00000-0000,Public       ,0,3,3,0,13,13
02233300,"ST GEORGE'S UNIV, SCH OF MEDICINE       ",FC,00000-0000,Proprietary  ,3,676,679,14,1974,1988
02235300,LONDON METROPOLITAN UNIVERSITY          ,FC,00000-0000,Public       ,5,17,22,26,78,104
02240900,AISH HATORAH CLG OF JEWISH STUDIES      ,FC,00000-0000,Private      ,0,0,0,0,2,2
02244400,AMERICAN UNIV OF THE CARIBBEAN          ,FC,00000-0000,Proprietary  ,0,229,229,3,912,915
02257100,COVENTRY UNIVERSITY                     ,FC,00000-0000,Public       ,0,2,2,5,8,13
02271700,UNIVERSITY OF CAMBRIDGE - CLARE HAL     ,FC,00000-0000,Public       ,0,2,2,0,11,11
02271900,UNIVERSITY OF OXFORD - BLACKFRIARS      ,FC,00000-0000,Public       ,0,0,0,1,1,2
02272100,UNIV OF OXFORD - GREYFRIARS             ,FC,00000-0000,Public       ,0,1,1,0,1,1
02272200,UNIV OF CAMBRIDGE - NEW HALL            ,FC,00000-0000,Public       ,0,2,2,0,2,2
02273600,QUEEN'S UNIV OF BELFAST (THE)           ,FC,00000-0000,Public       ,1,11,12,5,44,49
02273900,HERIOT WATT UNIVERSITY                  ,FC,00000-0000,Public       ,0,2,2,3,20,23
02279700,UNIVERSITY OF MANCHESTER - INSTITUT     ,FC,00000-0000,Public       ,3,12,15,16,85,101
02293400,ECOLE DES HAUTES ETUDES COMERCIALS      ,FC,00000-0000,Public       ,0,4,4,0,23,23
02296300,UNIVERSITY OF CAMBRIDGE - JESUS COL     ,FC,00000-0000,Public       ,0,0,0,0,3,3
02310500,DE MONTFORT UNIVERSITY                  ,FC,00000-0000,Public       ,1,2,3,4,7,11
02320500,ROYAL NORTHERN COLLEGE OF MUSIC         ,FC,00000-0000,Public       ,0,2,2,0,7,7
02335100,UNIV OF CAMBRIDGE - TRINITY HALL        ,FC,00000-0000,Public       ,0,0,0,1,8,9
02338900,UNIVERSITY  FOR THE CREATIVE ARTS       ,FC,00000-0000,Public       ,0,0,0,0,1,1
02338903,KENT INSTITUTE OF ART & DESIGN          ,FC,00000-0000,Public       ,0,0,0,1,2,3
02339300,ERASMUS UNIV ROTTERDAM                  ,FC,00000-0000,Public       ,0,6,6,0,29,29
02347300,ESCUELA AUTONOMA DE CIENCIAS MEDICA     ,FC,00000-0000,Private      ,3,4,7,8,26,34
02351800,UNIVERSIDAD IBEROAMERICANA (UNIBE       ,FC,00000-0000,Private      ,32,223,255,96,827,923
02352100,UNIVERSITY OF PLYMOUTH                  ,FC,00000-0000,Public       ,1,4,5,7,16,23
02355200,ECOLE SUPERIEURE DE CUISINE FRANCAISE-FE,FC,00000-0000,Public       ,0,2,2,0,12,12
02363000,GSA CONSERVATOIRE                       ,FC,00000-0000,Private      ,2,2,4,3,2,5
02493000,ESCUELA SUPERIOR ADMINISTRACION Y D     ,FC,00000-0000,Private      ,1,3,4,1,33,34
02496600,UNIVERSITY OF STELLENBOSCH              ,FC,00000-0000,Public       ,0,0,0,1,5,6
02502600,PECSI ORVOSTUDOMANYI EGYETEM (PECS      ,FC,00000-0000,Public       ,0,4,4,0,12,12
02530000,E.M. LYON                               ,FC,00000-0000,Private      ,0,0,0,0,4,4
02545700,GLASGOW SCHOOL OF ART                   ,FC,00000-0000,Public       ,3,4,7,12,23,35
02579600,MURDOCH UNIVERSITY                      ,FC,00000-0000,Public       ,1,3,4,5,34,39
02588000,UNIVERSITY OF ULSTER                    ,FC,00000-0000,Public       ,1,5,6,5,16,21
02591800,CURTIN UNIVERSITY OF TECHNOLOGY         ,FC,00000-0000,Public       ,0,4,4,2,26,28
02592300,MILLTOWN INST OF THEOLOGY & PHILOSO     ,FC,00000-0000,Private      ,0,0,0,0,2,2
02604300,AALBORG UNIVERSITY                      ,FC,00000-0000,Public       ,0,0,0,0,2,2
02611500,HELSINKI SCH OF ECONOMICS & BUS ADM     ,FC,00000-0000,Public       ,0,1,1,0,2,2
02611600,ECOL NATIONAL DES PONTS ET CHAUSSEE     ,FC,00000-0000,Public       ,0,1,1,1,3,4
02611700,DUBLIN CITY UNIVERSITY                  ,FC,00000-0000,Public       ,1,10,11,7,27,34
02622500,DENMARKS TEKNISKE UNIVERSITET           ,FC,00000-0000,Public       ,0,1,1,0,2,2
02623200,UNIVERSITY OF NEWCASTLE (THE)           ,FC,00000-0000,Public       ,4,2,6,12,15,27
03012700,UNIVERSITY OF BUCKINGHAM                ,FC,00000-0000,Private      ,1,3,4,2,9,11
03029400,KEELE UNIVERSITY                        ,FC,00000-0000,Public       ,0,1,1,2,8,10
03029500,NORTHUMBRIA UNIVERSITY                  ,FC,00000-0000,Public       ,1,3,4,3,22,25
03029800,NORGES HANDELSHOYSKOLE                  ,FC,00000-0000,Public       ,0,1,1,0,7,7
03033300,MANCHESTER METROPOLITAN UNIV            ,FC,00000-0000,Public       ,3,2,5,10,14,24
03033700,NORWEGIAN SCHOOL OF MANAGEMENT          ,FC,00000-0000,Private      ,0,0,0,0,2,2
03045000,UNIVERSITY OF EAST LONDON               ,FC,00000-0000,Public       ,4,5,9,9,32,41
03050100,STUDIO ART CENTERS INTERNATIONAL        ,FC,00000-0000,Private      ,2,2,4,29,46,75
03066800,PONTIFICIO ATENEO DELLA SANTA CROCE     ,FC,00000-0000,Private      ,1,5,6,1,10,11
03067200,UNIVERSITY OF SYDNEY                    ,FC,00000-0000,Public       ,3,28,31,19,125,144
03073800,UNIV OF DEBRECEN MED & HEALTH SCI       ,FC,00000-0000,Public       ,1,9,10,3,21,24
03078700,UNIVERSITA COMMERCIALE L BOCCONI        ,FC,00000-0000,Public       ,1,6,7,1,20,21
03080300,SHEFFIELD HALLAM UNIVERSITY             ,FC,00000-0000,Public       ,1,1,2,3,6,9
03084300,UNIVERSITY OF LIMERICK                  ,FC,00000-0000,Public       ,0,6,6,10,23,33
03088100,SOPHIA ANTIPOLIS MANAGEMENT INST        ,FC,00000-0000,Private      ,0,0,0,1,1,2
03088700,ROYAL SCOTTISH ACAD MUSIC & DRAMA       ,FC,00000-0000,Public       ,2,3,5,10,10,20
03091400,UNIVERSITY OF WOLLONGONG                ,FC,00000-0000,Public       ,4,9,13,6,22,28
03091500,UNIVERSITY OF CANBERRA                  ,FC,00000-0000,Public       ,0,2,2,0,4,4
03091700,KAROL MARCINKOWSKI UNIV OF MED SCI      ,FC,00000-0000,Public       ,4,68,72,9,166,175
03092500,NOTTINGHAM TRENT UNIVERSITY             ,FC,00000-0000,Public       ,0,4,4,0,22,22
03095000,RMIT UNIVERSITY                         ,FC,00000-0000,Public       ,0,4,4,6,17,23
03095400,BOND UNIVERSITY                         ,FC,00000-0000,Private      ,6,8,14,42,62,104
03095900,ESSEC BUSINESS SCHOOL                   ,FC,00000-0000,Private      ,0,2,2,1,10,11
03096100,LA TROBE UNIVERSITY                     ,FC,00000-0000,Public       ,2,6,8,11,23,34
03096900,DEAKIN UNIVERSITY                       ,FC,00000-0000,Public       ,1,6,7,7,11,18
03097100,UNIVERSITY OF WESTERN SYDNEY            ,FC,00000-0000,Public       ,0,0,0,3,4,7
03097300,VICTORIA UNIVERSITY OF TECHNOLOGY       ,FC,00000-0000,Public       ,0,4,4,1,10,11
03097500,CENTRAL QUEENSLAND UNIVERSITY           ,FC,00000-0000,Public       ,0,0,0,2,3,5
03100000,UNIVERSITY OF ADELAIDE (THE)            ,FC,00000-0000,Public       ,0,9,9,2,33,35
03100200,INST DE MANAGEMENT HOTELIER INTERNA     ,FC,00000-0000,Private      ,0,0,0,0,1,1
03101600,ASIAN INSTITUTE OF MANAGEMENT           ,FC,00000-0000,Private      ,0,0,0,0,2,2
03102500,AMERICAN UNIVERSITY OF ROME             ,FC,00000-0000,Private      ,14,8,22,96,46,142
03102800,ROBERT GORDON UNIVERSITY (THE)          ,FC,00000-0000,Public       ,0,4,4,2,14,16
03103200,INT'L STUDIES CTR AT THE CORVINUS UNIVER,FC,00000-0000,Public       ,0,0,0,0,2,2
03104800,GRIFFITH UNIVERSITY                     ,FC,00000-0000,Public       ,1,2,3,16,38,54
03106100,ROSKILDE UNIV ROSKILDE UNIVERSITY C     ,FC,00000-0000,Public       ,0,1,1,1,1,2
03123500,HOGESCHOOL VAN AMSTERDAM                ,FC,00000-0000,Private      ,0,0,0,2,11,13
03125200,LINCOLN UNIVERSITY                      ,FC,00000-0000,Public       ,0,1,1,2,7,9
03136300,AUSTRALIAN CATHOLIC UNIVERSITY          ,FC,00000-0000,Public       ,0,1,1,1,5,6
03137400,CHARLES STURT UNIVERSITY                ,FC,00000-0000,Public       ,0,5,5,1,13,14
03140300,EDITH COWAN UNIVERSITY                  ,FC,00000-0000,Public       ,1,7,8,4,18,22
03140400,NORTHERN TERRITORY UNIVERSITY           ,FC,00000-0000,Public       ,0,1,1,0,3,3
03140500,QUEENSLAND UNIVERSITY OF TECHNOLOGY     ,FC,00000-0000,Public       ,2,2,4,6,20,26
03140600,SOUTHERN CROSS UNIVERSITY               ,FC,00000-0000,Public       ,0,3,3,9,16,25
03140700,SWINBURNE UNIVERSITY OF TECHNOLOGY      ,FC,00000-0000,Public       ,0,1,1,2,6,8
03140900,UNIVERSITY OF BALLARAT                  ,FC,00000-0000,Public       ,0,0,0,0,2,2
03150300,UNIVERSITY OF TASMANIA                  ,FC,00000-0000,Public       ,0,2,2,5,12,17
03274300,"KUNGLIGA TEKNISKA HOGSKOLAN, KTH        ",FC,00000-0000,Public       ,0,1,1,0,8,8
03287300,LIVERPOOL INSTITUTE FOR PERFORMING ARTS ,FC,00000-0000,Public       ,4,3,7,12,9,21
03300300,"2ND SCHOOL OF MEDICINE, CHARLES UNI     ",FC,00000-0000,Public       ,3,3,6,3,6,9
03300400,"FIRST FACULTY OF MEDICINE, CHARLES UNIV.",FC,00000-0000,Public       ,2,4,6,3,20,23
03329300,JOHN CABOT UNIVERSITY                   ,FC,00000-0000,Private      ,9,7,16,56,19,75
03333300,MEDICAL UNIVERSITY SCHOOL OF LUBLIN     ,FC,00000-0000,Public       ,11,79,90,22,156,178
03334300,UNIVERSIDAD NORDESTANA                  ,FC,00000-0000,Private      ,0,3,3,0,7,7
03335300,MEDICAL UNIVERSITY OF SILESIA           ,FC,00000-0000,Public       ,9,63,72,13,105,118
03342300,GLASGOW CALEDONIAN UNIVERSITY           ,FC,00000-0000,Public       ,0,0,0,2,3,5
03349400,"QUEEN MARGARET UNIVERSITY COLLEGE, EDINB",FC,00000-0000,Public       ,0,0,0,2,5,7
03350300,BOURNEMOUTH UNIVERSITY                  ,FC,00000-0000,Public       ,0,4,4,3,21,24
03352300,LONDON SOUTH BANK UNIVERSITY            ,FC,00000-0000,Private      ,2,8,10,7,22,29
03363300,THE ARTS EDUCATIONAL SCHOOLS LONDON     ,FC,00000-0000,Private      ,0,1,1,1,1,2
03364300,"FACULTY OF MEDICINE, PALACKY UNIVER     ",FC,00000-0000,Public       ,0,1,1,0,7,7
03365400,AUCKLAND INSTITUTE OF TECHNOLOGY        ,FC,00000-0000,Public       ,2,1,3,3,5,8
03366300,TROPICAL AGRICULTURE RESEARCH AND H     ,FC,00000-0000,Private      ,0,1,1,0,1,1
03375300,"CHARLES UNIVERSITY, FACULTY OF MEDI     ",FC,00000-0000,Public       ,0,0,0,1,4,5
03377300,"UNIVERSITY OF WALES INSTITUTE, CARD     ",FC,00000-0000,Public       ,1,2,3,2,6,8
03378300,"THE 3RD FACULTY OF MEDICINE, CHARLE     ",FC,00000-0000,Public       ,0,1,1,1,4,5
03386300,CHARLES UNIVERSITY-MEDICAL FACULTY      ,FC,00000-0000,Public       ,2,4,6,3,8,11
03406300,"THE SCHOOL OF PHARMACY, UNIVERSITY      ",FC,00000-0000,Public       ,0,0,0,2,1,3
03418400,NAPIER UNIVERSITY                       ,FC,00000-0000,Public       ,0,8,8,4,22,26
03435300,ANGLIA POLYTECHNIC UNIVERSITY HIGHE     ,FC,00000-0000,Public       ,0,1,1,3,4,7
03456600,ANGELES UNIVERSITY FOUNDATION           ,FC,00000-0000,Private      ,1,1,2,4,4,8
03460300,INTERNATIONALES THEOLOGISCHES INSTI     ,FC,00000-0000,Private      ,0,1,1,0,11,11
03462400,UNIV OF ARTS LONDON - LON COLL OF COMMUN,FC,00000-0000,Public       ,4,8,12,12,32,44
03466300,INSTITUTO CENTROAMERICANO DE ADMINI     ,FC,00000-0000,Private      ,0,0,0,0,6,6
03473300,UNIV OF ARTS LONDON - LON COLL FASHION  ,FC,00000-0000,Public       ,6,10,16,27,48,75
03475300,UNIV OF THE ARTS  LONDON - CHELSEA COLL ,FC,00000-0000,Public       ,1,3,4,8,16,24
03478300,ROYAL WELSH COLLEGE OF MUSIC AND DRAMA  ,FC,00000-0000,Public       ,0,1,1,0,4,4
03492400,UNIV OF CAMBRIDGE-ST CATHERINE'S CG     ,FC,00000-0000,Public       ,0,0,0,0,7,7
03494400,UNIV OF CAMBRIDGE-SELWYN COLLEGE        ,FC,00000-0000,Public       ,0,2,2,0,5,5
03494500,UNIV OF OXFORD-SAINT BENET'S HALL       ,FC,00000-0000,Public       ,0,0,0,0,1,1
03494600,UNIV OF OXFORD-HARRIS MANCHESTER        ,FC,00000-0000,Public       ,0,1,1,2,2,4
03500300,WIMBLEDON COLLEGE OF ART                ,FC,00000-0000,Public       ,1,0,1,3,3,6
03501400,LEEDS METROPOLITAN UNIVERSITY           ,FC,00000-0000,Public       ,1,3,4,3,9,12
03507300,UNIVERSITY OF SUNDERLAND                ,FC,00000-0000,Public       ,0,1,1,3,13,16
03515300,UNIVERSITY OF CENTRAL LANCASHIRE        ,FC,00000-0000,Public       ,0,0,0,3,9,12
03517300,UNIVERSITY OF BRIGHTON                  ,FC,00000-0000,Public       ,2,3,5,6,11,17
03518300,EUROPEAN GRADUATE SCHOOL                ,FC,00000-0000,Private      ,0,23,23,0,58,58
03526300,INST CENTROAMERICANO DE ADM DE EMP      ,FC,00000-0000,Private      ,0,1,1,0,2,2
03527300,SOFIA UNIVERSITY ST. KLIMENT OHRIDSKI   ,FC,00000-0000,Public       ,0,0,0,0,1,1
03533300,BATH SPA UNIVERSITY                     ,FC,00000-0000,Public       ,0,3,3,2,17,19
03547300,UNIVERSITY OF GLAMORGAN                 ,FC,00000-0000,Public       ,0,0,0,2,1,3
03580300,LIVERPOOL JOHN MOORES UNIVERSITY        ,FC,00000-0000,Public       ,0,0,0,6,3,9
03594300,GROUP ESC GRENOBLE GRAD SCH OF BUS.     ,FC,00000-0000,Private      ,0,7,7,1,19,20
03597300,JAGIELLONIAN UNIVERSITY                 ,FC,00000-0000,Public       ,0,1,1,1,15,16
03601300,UNIVERSITAT JAUME I DE CASTELLO/UJI     ,FC,00000-0000,Public       ,0,3,3,0,15,15
03603300,LEEDS COLLEGE OF MUSIC                  ,FC,00000-0000,Public       ,0,0,0,1,0,1
03619300,UNIVERSITY OF GREENWICH                 ,FC,00000-0000,Public       ,0,9,9,5,27,32
03653400,UNIVERSIDAD DE IBEROAMERICA - UNIBE     ,FC,00000-0000,Private      ,1,6,7,3,15,18
03674300,UNIVERSITY OF ABERTAY DUNDEE            ,FC,00000-0000,Public       ,0,1,1,2,2,4
03684400,UNIVERSITY OF LINCOLN                   ,FC,00000-0000,Public       ,0,2,2,2,7,9
03684500,MEDICAL UNIVERSITY OF GDANSK            ,FC,00000-0000,Public       ,0,8,8,0,13,13
03684600,POMERANIAN MEDICAL UNIVERSITY           ,FC,00000-0000,Public       ,0,0,0,0,1,1
03692300,DONCASTER COLLEGE                       ,FC,00000-0000,Public       ,0,0,0,1,0,1
03694300,UNIVERSITY COLLEGE CHICHESTER           ,FC,00000-0000,Public       ,0,0,0,0,1,1
03697300,NATIONAL FILM & TELEVISION SCHOOL       ,FC,00000-0000,Private      ,0,0,0,0,5,5
03716300,"UNIVERSITY OF WALES, NEWPORT            ",FC,00000-0000,Public       ,0,2,2,0,5,5
03721300,WRITTLE COLLEGE                         ,FC,00000-0000,Public       ,1,0,1,1,1,2
03727400,UNIVERSITY OF WAIKATO (THE)             ,FC,00000-0000,Public       ,1,2,3,2,4,6
03770300,NAZARENE THEOLOGICAL COLLEGE            ,FC,00000-0000,Private      ,0,3,3,1,5,6
03777400,WESTMINSTER COLLEGE                     ,FC,00000-0000,Private      ,0,0,0,1,3,4
03816400,AMERICAN GRAD SCH OF INTERNTL REL & DIPL,FC,00000-0000,Private      ,0,7,7,1,30,31
03818300,LEIPZIG GRADUATE SCHOOL OF MANAGEMENT   ,FC,00000-0000,Private      ,0,0,0,0,8,8
03824300,"ROYAL VETERINARY COLLEGE (THE), UNIVERSI",FC,00000-0000,Public       ,0,18,18,3,80,83
03850500,MEDICAL UNIVERSITY OF LODZ              ,FC,00000-0000,Public       ,1,33,34,3,89,92
03859400,UNIVERSITY COLLEGE FALMOUTH             ,FC,00000-0000,Public       ,1,1,2,5,4,9
03926400,NATIONAL COLLEGE OF ART AND DESIGN      ,FC,00000-0000,Public       ,0,1,1,2,6,8
03941301,AVE MARIA UNIVERSITY - LATIN AMERICA    ,FC,00000-0000,Private      ,49,10,59,133,30,163
00380600,ALDERSON-BROADDUS COLLEGE               ,WV,26416-1051,Private      ,26,19,45,786,304,1090
00380700,MOUNTAIN STATE UNIVERSITY               ,WV,25801-5624,Private      ,175,1462,1637,1026,4282,5308
00380800,BETHANY COLLEGE                         ,WV,26032-0417,Private      ,75,12,87,1090,60,1150
00380900,BLUEFIELD STATE COLLEGE                 ,WV,24701-2198,Public       ,187,327,514,1143,1371,2514
00381000,CONCORD UNIVERSITY                      ,WV,24712-0000,Public       ,137,143,280,2592,874,3466
00381100,DAVIS & ELKINS COLLEGE                  ,WV,26241-3996,Private      ,51,39,90,547,259,806
00381200,FAIRMONT STATE UNIVERSITY               ,WV,26554-2470,Public       ,342,553,895,4293,2676,6969
00381300,GLENVILLE STATE COLLEGE                 ,WV,26351-1292,Public       ,83,76,159,1218,396,1614
00381500,MARSHALL UNIVERSITY                     ,WV,25755-3300,Public       ,699,1151,1850,7673,5190,12863
00381600,SOUTHERN WV COMMUNITY COLLEGE           ,WV,25637-2900,Public       ,174,366,540,982,1024,2006
00381800,UNIVERSITY OF CHARLESTON                ,WV,25304-1099,Private      ,66,91,157,1384,585,1969
00381900,OHIO VALLEY COLLEGE                     ,WV,26105-8000,Private      ,64,50,114,415,192,607
00382000,SALEM INTERNATIONAL UNIVERSITY          ,WV,26426-0500,Proprietary  ,53,116,169,204,322,526
00382200,SHEPHERD UNIVERSITY                     ,WV,25443-3210,Public       ,253,148,401,2860,1018,3878
00382300,WEST LIBERTY STATE COLLEGE              ,WV,26074-0295,Public       ,185,123,308,2243,540,2783
00382600,WEST VIRGINIA STATE UNIVERSITY          ,WV,25112-0000,Public       ,276,424,700,2285,2234,4519
00382700,WEST VIRGINIA UNIVERSITY                ,WV,26506-6201,Public       ,797,912,1709,20377,7160,27537
00382711,WEST VIRGINIA UNIVERSITY - POTOMAC STATE,WV,26726-3000,Public       ,132,66,198,1250,290,1540
00382721,WEST VIRGINIA UNIV INST OF TECH         ,WV,25136-2436,Public       ,112,112,224,1325,558,1883
00382800,WEST VIRGINIA UNIV AT PARKERSBURG       ,WV,26101-9577,Public       ,178,499,677,1308,1860,3168
00383000,WEST VIRGINIA WESLEYAN COLLEGE          ,WV,26201-2600,Private      ,79,22,101,1497,129,1626
00383100,WHEELING JESUIT UNIVERSITY              ,WV,26003-6243,Private      ,63,136,199,1291,462,1753
00500700,WEST VIRGINIA JUNIOR COLLEGE            ,WV,26505-5596,Proprietary  ,20,27,47,103,142,245
00500800,MOUNTAIN STATE COLLEGE                  ,WV,26101-3993,Proprietary  ,8,42,50,32,151,183
00754400,APPALACHIAN BIBLE COLLEGE               ,WV,25818-1353,Private      ,31,12,43,242,61,303
00757800,HUNTINGTON SCHOOL OF BEAUTY CULTURE     ,WV,25705-2030,Proprietary  ,7,12,19,29,52,81
00760000,INTERNATIONAL BEAUTY SCHOOL             ,WV,25401-3231,Proprietary  ,7,27,34,15,54,69
00835500,JAMES RUMSEY TECHNICAL INSTITUTE        ,WV,25403-0259,Public       ,11,27,38,33,78,111
00895900,CLARKSBURG BEAUTY ACADEMY               ,WV,26301-2903,Proprietary  ,14,19,33,37,42,79
00904700,HUNTINGTON JUNIOR COLLEGE               ,WV,25701-2004,Proprietary  ,48,247,295,151,881,1032
00905400,WEST VIRGINIA NORTHERN CMTY COLLEGE     ,WV,26003-0000,Public       ,196,513,709,816,1645,2461
01014000,MINERAL COUNTY VOCATIONAL TECH CTR      ,WV,26726-0000,Public       ,1,12,13,5,22,27
01035600,EVEREST INSTITUTE                       ,WV,25313-1304,Proprietary  ,134,543,677,267,1114,1381
01057300,WEST VIRGINIA JUNIOR COLLEGE            ,WV,25322-0000,Proprietary  ,11,53,64,88,226,314
01057302,WEST VIRGINIA JUNIOR COLLEGE            ,WV,26330-0000,Proprietary  ,21,56,77,142,252,394
01086100,WEST VIRGINIA BUSINESS COLLEGE          ,WV,26301-0000,Proprietary  ,11,47,58,20,102,122
01124500,WEST VIRGINIA SCH OSTEOPATHIC MED       ,WV,24901-1128,Public       ,0,16,16,5,667,672
01174900,WOOD COUNTY SCH OF PRAC NURSING         ,WV,26101-6424,Public       ,0,2,2,19,46,65
01235900,B M SPURR SCHOOL OF PRAC NURSING        ,WV,26038-1660,Private      ,1,0,1,7,14,21
01257300,WEST VIRGINIA UNIV-HOSP-RAD TECH        ,WV,26506-8062,Private      ,1,2,3,60,41,101
01274300,BENJAMIN FRANKLIN CAREER&TECH           ,WV,25064-0000,Public       ,12,33,45,44,104,148
01290400,MONONGALIA CNTY TECH ED CTR             ,WV,26501-6841,Public       ,5,17,22,46,76,122
01290500,ACADEMY OF CAREERS AND TECHNOLOGY       ,WV,25801-0000,Public       ,23,66,89,47,168,215
02057400,ROANE-JACKSON TECHNICAL CENTER          ,WV,25252-0000,Public       ,3,14,17,18,60,78
02068000,UNITED TECHNICAL CENTER                 ,WV,26301-0000,Public       ,6,4,10,21,62,83
02070100,BECKLEY BEAUTY ACADEMY                  ,WV,25801-0000,Proprietary  ,9,19,28,18,34,52
02073400,CARVER CAREER TECH ED CTR               ,WV,25306-6397,Public       ,21,42,63,108,147,255
02145100,SCOTT COLLEGE OF COSMETOLOGY            ,WV,26003-0000,Proprietary  ,11,10,21,23,18,41
02178200,CHARLESTON SCHOOL OF BEAUTY CULTURE     ,WV,25301-0000,Proprietary  ,14,34,48,28,65,93
02218200,GARNET CAREER CENTER                    ,WV,25301-0000,Public       ,10,78,88,48,210,258
02275300,CABELL COUNTY CAREER TECHNOLOGY CTR     ,WV,25705-0000,Public       ,8,25,33,34,89,123
02280300,WV CAREER AND TECHNICAL INSTITUTE       ,WV,25112-0000,Public       ,1,10,11,17,31,48
02524500,RALPH R WILLIS VOCATIONAL CENTER        ,WV,25601-0000,Public       ,0,4,4,9,27,36
02534800,FRED W EBERLE TECHNICAL CENTER          ,WV,26201-0000,Public       ,10,22,32,27,45,72
02535500,MERCER COUNTY TECH EDUC CNTR            ,WV,24740-0000,Public       ,11,47,58,39,104,143
02579900,NORTH CENTRAL OPPORTUNITIES IND CTR     ,WV,26554-2936,Private      ,12,26,38,18,50,68
02609400,VALLEY COLLEGE                          ,WV,25404-5711,Proprietary  ,1,24,25,16,89,105
03052000,MEREDITH MANOR EQUESTRIAN CENTRE        ,WV,26184-9707,Proprietary  ,21,16,37,70,41,111
03076500,FAYETTE INSTITUTE OF TECHNOLOGY         ,WV,25901-2174,Public       ,3,7,10,5,23,28
03084200,VALLEY COLLEGE                          ,WV,24740-3141,Proprietary  ,3,18,21,12,57,69
03084400,VALLEY COLLEGE                          ,WV,25801-2643,Proprietary  ,4,25,29,24,101,125
03098300,PUTNAM CAREER & TECHNICAL CENTER        ,WV,25070-0000,Public       ,2,13,15,14,55,69
03099200,"MOUNTAINEER BEAUTY COLLEGE, INC         ",WV,25177-2917,Proprietary  ,7,21,28,20,39,59
03102100,MORGANTOWN BEAUTY COLLEGE               ,WV,26505-5430,Proprietary  ,10,20,30,44,49,93
03123200,STANLEY TECHNICAL INSTITUTE             ,WV,26505-3751,Private      ,3,19,22,10,30,40
03327500,SOUTH BRANCH VOCATIONAL TECH CENTER     ,WV,26847-1698,Public       ,1,10,11,1,11,12
03734300,JOHN D. ROCKEFELLER IV CAREER CENTER    ,WV,26047-9424,Public       ,0,11,11,0,17,17
03819300,AMERICAN PUBLIC UNIVERSITY SYSTEM       ,WV,25414-1621,Proprietary  ,28,1098,1126,82,3230,3312
03957300,BLUE RIDGE COMMUNITY AND TECHNICAL COLLE,WV,25401-3244,Public       ,95,136,231,320,527,847
03960300,NEW RIVER COMMUNITY AND TECHNICAL COLLEG,WV,25801-2636,Public       ,136,330,466,551,1118,1669
04028300,MOUNTAIN STATE SCHOOL OF MASSAGE        ,WV,25304-2025,Proprietary  ,2,14,16,19,41,60
04038500,PIERPONT COMMUNITY & TECHNICAL COLLEGE  ,WV,26554-2451,Public       ,39,73,112,459,414,873
04038600,WEST VIRGINIA STATE COMMUNITY AND TECHNI,WV,25112-1000,Public       ,80,133,213,303,716,1019
04041400,MARSHALL COMMUNITY AND TECHNICAL COLLEGE,WV,25755-3300,Public       ,129,192,321,598,576,1174
04047300,BRIDGEMONT COMMUNITY & TECHNICAL COLLEGE,WV,25136-2435,Public       ,21,30,51,226,181,407
00106100,ALASKA PACIFIC UNIVERSITY               ,AK,99508-4672,Private      ,39,130,169,330,527,857
00106200,SHELDON JACKSON COLLEGE                 ,AK,99835-7699,Private      ,1,0,1,49,41,90
00106300,UNIVERSITY OF ALASKA FAIRBANKS          ,AK,99775-7500,Public       ,389,665,1054,1943,2236,4179
00106500,UNIVERSITY OF ALASKA SOUTHEAST          ,AK,99801-8680,Public       ,82,201,283,400,684,1084
00884300,ALASKA BIBLE COLLEGE                    ,AK,99588-0000,Private      ,1,2,3,12,6,18
01146200,UNIVERSITY OF ALASKA ANCHORAGE          ,AK,99514-1608,Public       ,710,1073,1783,3714,4954,8668
02541000,CAREER ACADEMY                          ,AK,99507-0000,Proprietary  ,29,92,121,70,256,326
02576900,CHARTER COLLEGE                         ,AK,99508-0000,Proprietary  ,43,231,274,94,561,655
03160300,ALASKA VOCATIONAL TECHNICAL CENTER      ,AK,99664-0889,Public       ,31,41,72,116,159,275
03461300,ILISAGVIK COLLEGE                       ,AK,99723-0749,Public       ,4,22,26,9,33,42
00108500,UNIV ARKANSAS MONTICELLO                ,AR,71656-0000,Public       ,433,611,1044,1629,1635,3264
00108501,GREAT RIVERS TECHNICAL INSTITUTE        ,AR,71654-0000,Public       ,0,22,22,4,47,51
00108502,FOREST ECHOES TECHNICAL INSTITUTE       ,AR,71635-0000,Public       ,7,14,21,12,33,45
00108600,UNIV OF ARKANSAS AT PINE BLUFF          ,AR,71601-2790,Public       ,628,549,1177,2892,1498,4390
00108700,ARKANSAS BAPTIST COLLEGE                ,AR,72202-6099,Private      ,209,177,386,400,374,774
00108800,LYON COLLEGE                            ,AR,72501-3699,Private      ,57,27,84,604,91,695
00108900,ARKANSAS TECH UNIVERSITY                ,AR,72801-2222,Public       ,724,659,1383,3767,2524,6291
00109000,ARKANSAS STATE UNIVERSITY               ,AR,72467-0000,Public       ,1251,1927,3178,5754,6354,12108
00109006,DELTA TECHNICAL INSTITUTE               ,AR,72365-9558,Public       ,6,16,22,27,62,89
00109100,ARKANSAS STATE UNIVERSITY - BEEBE       ,AR,72012-1000,Public       ,288,621,909,1235,1998,3233
00109200,UNIVERSITY OF CENTRAL ARKANSAS          ,AR,72035-0001,Public       ,1557,981,2538,6905,3466,10371
00109300,CENTRAL BAPTIST COLLEGE                 ,AR,72034-6470,Private      ,79,90,169,293,239,532
00109400,UNIVERSITY OF THE OZARKS                ,AR,72830-2880,Private      ,59,31,90,548,105,653
00109500,CROWLEYS RIDGE COLLEGE                  ,AR,72450-9775,Private      ,40,10,50,113,34,147
00109700,HARDING UNIVERSITY                      ,AR,72149-0001,Private      ,439,365,804,2934,1125,4059
00109800,HENDERSON STATE UNIVERSITY              ,AR,71999-0001,Public       ,539,570,1109,2411,1439,3850
00109900,HENDRIX COLLEGE                         ,AR,72032-3080,Private      ,57,16,73,1461,70,1531
00110000,JOHN BROWN UNIVERSITY                   ,AR,72761-2747,Private      ,61,304,365,1169,859,2028
00110100,UNIV ARKANSAS LITTLE ROCK               ,AR,72204-1099,Public       ,893,1935,2828,3663,7646,11309
00110200,OUACHITA BAPTIST UNIVERSITY             ,AR,71998-0001,Private      ,165,30,195,1312,99,1411
00110300,PHILANDER SMITH COLLEGE                 ,AR,72202-3718,Private      ,106,145,251,558,505,1063
00110400,PHILLIPS COUNTY COMMUNITY COLLEGE       ,AR,72342-0000,Public       ,154,476,630,369,882,1251
00110401,RICE BELT TECH INST                     ,AR,72042-0000,Public       ,3,5,8,7,9,16
00110600,WILLIAMS BAPTIST COLLEGE                ,AR,72476-4661,Private      ,58,50,108,466,160,626
00110700,SOUTHERN ARKANSAS UNIVERSITY            ,AR,71754-0000,Public       ,361,380,741,1898,1393,3291
00110800,UNIV ARKANSAS FAYETTEVILLE              ,AR,72701-0000,Public       ,1365,1212,2577,7991,4600,12591
00110900,UNIV OF ARKANSAS FOR MEDCL SCIENCES     ,AR,72205-7102,Public       ,38,226,264,373,1477,1850
00110901,UNIV OF ARKANSAS COLG OF MEDICINE       ,AR,72205-0000,Public       ,4,42,46,25,625,650
00111000,UNIVERSITY OF ARKANSAS-FORT SMITH       ,AR,72904-7397,Public       ,570,853,1423,2583,3050,5633
00524500,U OF A COMM COLLEGE AT MORRILTON        ,AR,72110-9601,Public       ,187,364,551,723,1068,1791
00570700,SEARK COLLEGE                           ,AR,71603-0000,Public       ,222,597,819,555,1593,2148
00573200,UNIV AR COMMUNITY COLLEGE AT HOPE       ,AR,71801-0000,Public       ,139,383,522,364,749,1113
00704400,CROWLEYS RIDGE TECHNICAL INSTITUTE      ,AR,72336-0000,Public       ,37,95,132,70,194,264
00773800,SOUTHERN ARKANSAS UNIVERSITY TECH       ,AR,71701-1900,Public       ,68,179,247,313,533,846
00792100,FAYETTEVILLE BEAUTY COLLEGE             ,AR,72701-0000,Proprietary  ,5,20,25,17,64,81
00997600,OUACHITA TECHNICAL COLLEGE              ,AR,72104-0816,Public       ,98,241,339,269,596,865
01074100,MELLIE'S BEAUTY COLLEGE                 ,AR,72901-3886,Proprietary  ,8,37,45,16,70,86
01210500,NATIONAL PARK COMMUNITY COLLEGE         ,AR,71913-9174,Public       ,223,607,830,689,1442,2131
01226000,EAST ARKANSAS COMMUNITY COLLEGE         ,AR,72335-2204,Public       ,217,339,556,451,738,1189
01226100,NORTH ARKANSAS COLLEGE                  ,AR,72601-5508,Public       ,177,342,519,655,1179,1834
01286000,ARKANSAS NORTHEASTERN COLLEGE           ,AR,72316-1109,Public       ,168,475,643,604,1128,1732
02052200,BLACK RIVER TECHNICAL COLLEGE           ,AR,72455-0000,Public       ,230,545,775,606,1203,1809
02073500,UNIVERSITY OF ARKANSAS COMMUNITY COLLEGE,AR,72503-0000,Public       ,124,457,581,371,886,1257
02073700,NORTHWEST TECHNICAL INSTITUTE           ,AR,72765-0000,Public       ,25,78,103,86,242,328
02074600,SOUTH ARKANSAS COMMUNITY COLLEGE        ,AR,71731-0000,Public       ,146,376,522,394,979,1373
02075300,PULASKI TECHNICAL COLLEGE               ,AR,72118-0000,Public       ,659,2368,3027,1920,7365,9285
02087000,OZARKA COLLEGE                          ,AR,72556-0000,Public       ,104,353,457,254,706,960
02111100,RICH MOUNTAIN COMMUNITY COLLEGE         ,AR,71953-0000,Public       ,74,212,286,336,444,780
02202400,PROFESSIONAL COSMETOLOGY EDUC CTR       ,AR,71730-5828,Proprietary  ,5,18,23,10,31,41
02220900,COSSATOT COMMUNITY COLLEGE              ,AR,71832-0000,Public       ,62,227,289,326,778,1104
02260400,BEE JAY'S HAIRSTYLING ACADEMY           ,AR,72212-0000,Proprietary  ,5,23,28,10,44,54
02272400,EASTERN COLLEGE OF HEALTH VOCATIONS     ,AR,72209-0000,Proprietary  ,45,149,194,100,384,484
02284200,NEW TYLER BARBER COLLEGE INC            ,AR,72114-0000,Proprietary  ,29,29,58,41,49,90
02287400,MARSHA KAY BEAUTY COLLEGE               ,AR,72653-0000,Proprietary  ,1,16,17,4,24,28
02321701,ITT TECHNICAL INSTITUTE                 ,AR,72204-9925,Proprietary  ,86,180,266,195,493,688
02330800,JEFFERSON SCHOOL OF NURSING             ,AR,71603-0000,Private      ,6,19,25,28,96,124
02339800,SOUTHERN INSTITUTE OF COSMETOLOGY       ,AR,72301-0000,Proprietary  ,1,1,2,1,5,6
02341700,CAREER ACADEMY OF HAIR DESIGN           ,AR,72764-4304,Proprietary  ,11,24,35,26,67,93
02348200,MID-SOUTH COMMUNITY COLLEGE             ,AR,72301-0000,Public       ,202,403,605,501,1020,1521
02363500,ARTHUR'S BEAUTY COLLEGE                 ,AR,72901-0000,Proprietary  ,9,19,28,18,71,89
02525800,LEE'S SCHOOL OF COSMETOLOGY             ,AR,72114-0000,Proprietary  ,10,25,35,19,38,57
02538500,ARTHUR'S BEAUTY COLLEGE                 ,AR,72076-0000,Proprietary  ,25,58,83,56,170,226
02569600,SEARCY BEAUTY COLLEGE                   ,AR,72143-0000,Proprietary  ,6,18,24,14,47,61
03005100,ARKANSAS BEAUTY SCHOOL                  ,AR,72209-5116,Proprietary  ,9,30,39,17,78,95
03007100,HOT SPRINGS BEAUTY COLLEGE              ,AR,71901-5432,Proprietary  ,6,28,34,19,54,73
03007600,ARKANSAS BEAUTY SCHOOL-CONWAY           ,AR,72032-4354,Proprietary  ,10,18,28,24,56,80
03023400,ARKANSAS COLLEGE OF BARBERING           ,AR,72114-5615,Proprietary  ,21,55,76,29,95,124
03063300,NORTHWEST ARKANSAS COMMUNITY COLLEG     ,AR,72712-5190,Public       ,373,595,968,1396,2294,3690
03065100,ABC BEAUTY COLLEGE                      ,AR,71923-4206,Proprietary  ,6,23,29,10,35,45
03066302,BRYAN COLLEGE -                         ,AR,72756-1825,Proprietary  ,8,32,40,19,92,111
03105200,BAPTIST HEALTH SCHOOLS LITTLE ROCK      ,AR,72210-0000,Private      ,34,159,193,241,897,1138
03116800,"DELUXE BEAUTY SCHOOL, L.L.C.            ",AR,71603-0000,Proprietary  ,10,6,16,14,11,25
03124900,IMAGINE -  PAUL MITCHELL PARTNER SCHOOL ,AR,72117-2516,Proprietary  ,1,17,18,3,21,24
03127200,ASKINS VO-TECH                          ,AR,72908-8028,Proprietary  ,1,21,22,3,32,35
03212300,BLYTHEVILLE ACADEMY OF COSMETOLOGY      ,AR,72315-3424,Proprietary  ,3,9,12,8,15,23
03214300,VELVATEX COLLEGE OF BEAUTY CULTURE      ,AR,72202-5452,Proprietary  ,3,16,19,5,31,36
03254300,MARGARET'S HAIR ACADEMY                 ,AR,71655-4905,Proprietary  ,6,30,36,6,39,45
03519400,LYNNDALE FUNDAMENTALS OF BEAUTY SCH     ,AR,71730-4804,Proprietary  ,2,16,18,4,36,40
03855300,ECCLESIA COLLEGE                        ,AR,72762-8159,Private      ,15,10,25,47,23,70
03912300,CROSSETT SCHOOL OF COSMETOLOGY          ,AR,71635-0000,Proprietary  ,4,8,12,6,13,19
03997300,ARKANSAS BEAUTY COLLEGE                 ,AR,72801-3741,Proprietary  ,6,10,16,13,34,47
00133900,CORBAN COLLEGE                          ,OR,97301-9392,Private      ,51,60,111,1065,292,1357
00316505,CASCADE COLLEGE                         ,OR,97216-0000,Private      ,69,29,98,286,100,386
00318600,BLUE MOUNTAIN COMMUNITY COLLEGE         ,OR,97801-0000,Public       ,102,258,360,646,991,1637
00318800,CENTRAL OREGON COMMUNITY COLLEGE        ,OR,97701-5998,Public       ,369,514,883,1429,1808,3237
00318900,CLATSOP COMMUNITY COLLEGE               ,OR,97103-3698,Public       ,62,106,168,330,393,723
00319100,CONCORDIA UNIVERSITY                    ,OR,97211-6099,Private      ,84,184,268,1034,1143,2177
00319300,EASTERN OREGON UNIVERSITY               ,OR,97850-2899,Public       ,156,369,525,1717,1840,3557
00319400,GEORGE FOX UNIVERSITY                   ,OR,97132-2697,Private      ,147,292,439,2171,1499,3670
00319600,LANE COMMUNITY COLLEGE                  ,OR,97405-0640,Public       ,677,1079,1756,3693,5714,9407
00319700,LEWIS & CLARK COLLEGE                   ,OR,97219-7899,Private      ,49,86,135,3577,2610,6187
00319800,LINFIELD COLLEGE                        ,OR,97128-6894,Private      ,48,59,107,2627,469,3096
00319801,LINFIELD COLLEGE - PORTLAND CAMPUS      ,OR,97210-0000,Private      ,11,41,52,289,606,895
00319900,MARYLHURST UNIVERSITY                   ,OR,97036-7036,Private      ,22,346,368,122,1072,1194
00320300,MOUNT ANGEL SEMINARY                    ,OR,97373-0505,Private      ,7,6,13,12,13,25
00320400,MOUNT HOOD COMMUNITY COLLEGE            ,OR,97030-3300,Public       ,474,731,1205,2463,3326,5789
00320600,MULTNOMAH BIBLE COLLEGE/SEMINARY        ,OR,97220-5898,Private      ,80,76,156,502,527,1029
00320700,PACIFIC NORTHWEST COLLEGE OF ART        ,OR,97209-3023,Private      ,37,41,78,394,360,754
00320800,NORTHWEST CHRISTIAN UNIVERSITY          ,OR,97401-3727,Private      ,29,69,98,429,382,811
00320900,WESTERN OREGON UNIVERSITY               ,OR,97361-1394,Public       ,276,267,543,4452,1597,6049
00321000,OREGON STATE UNIVERSITY                 ,OR,97331-8507,Public       ,829,778,1607,13926,6267,20193
00321100,OREGON INSTITUTE OF TECHNOLOGY          ,OR,97601-8801,Public       ,122,210,332,1569,1279,2848
00321200,PACIFIC UNIVERSITY                      ,OR,97116-1797,Private      ,61,140,201,2182,2263,4445
00321300,PORTLAND COMMUNITY COLLEGE              ,OR,97219-7198,Public       ,1311,2976,4287,5936,12327,18263
00321600,PORTLAND STATE UNIVERSITY               ,OR,97207-0000,Public       ,1058,2523,3581,9128,13772,22900
00321700,REED COLLEGE                            ,OR,97202-8199,Private      ,24,21,45,2320,250,2570
00321800,CHEMEKETA COMMUNITY COLLEGE             ,OR,97309-1500,Public       ,552,1194,1746,2838,5157,7995
00321900,SOUTHERN OREGON UNIVERSITY              ,OR,97520-5010,Public       ,286,345,631,3634,1969,5603
00322000,SOUTHWESTERN OREGON COMMUNITY CLG       ,OR,97420-2956,Public       ,131,201,332,951,830,1781
00322100,TREASURE VALLEY COMMUNITY COLLEGE       ,OR,97914-3423,Public       ,214,380,594,868,1083,1951
00322200,UMPQUA COMMUNITY COLLEGE                ,OR,97470-0226,Public       ,161,352,513,799,1289,2088
00322300,UNIVERSITY OF OREGON                    ,OR,97403-1226,Public       ,935,693,1628,13599,7253,20852
00322400,UNIVERSITY OF PORTLAND                  ,OR,97203-5798,Private      ,135,119,254,5575,1180,6755
00322500,WARNER PACIFIC COLLEGE                  ,OR,97215-4099,Private      ,38,164,202,554,598,1152
00322700,WILLAMETTE UNIVERSITY                   ,OR,97301-3930,Private      ,52,121,173,2818,1350,4168
00487800,CLACKAMAS COMMUNITY COLLEGE             ,OR,97045-7998,Public       ,335,510,845,1674,2119,3793
00488200,OREGON HEALTH & SCIENCE UNIVERSITY      ,OR,97239-0000,Public       ,22,154,176,353,2638,2991
00488230,OREGON GRAD INST OF SCIENCE & TECH      ,OR,97006-0000,Public       ,0,2,2,5,17,22
00693800,LINN BENTON COMMUNITY COLLEGE           ,OR,97321-3774,Public       ,401,542,943,2202,2386,4588
00717800,WESTERN SEMINARY                        ,OR,97215-0000,Private      ,0,59,59,5,169,174
00723402,HEALD COLLEGE - PORTLAND                ,OR,97205-3432,Proprietary  ,35,120,155,63,247,310
00781900,ART INSTITUTE OF PORTLAND (THE)         ,OR,97209-2911,Proprietary  ,169,185,354,1289,1133,2422
00888700,CONCORDE CAREER INSTITUTE               ,OR,97232-2242,Proprietary  ,79,163,242,216,560,776
00907900,EVEREST COLLEGE                         ,OR,97204-2296,Proprietary  ,243,900,1143,475,2058,2533
00958100,SPRINGFIELD COLLEGE OF BEAUTY           ,OR,97477-5474,Proprietary  ,15,23,38,47,70,117
01012200,PHAGANS' MEDFORD BEAUTY SCHOOL          ,OR,97504-5297,Proprietary  ,11,27,38,41,74,115
01018200,ROGUE COMMUNITY COLLEGE                 ,OR,97527-0000,Public       ,298,704,1002,1238,2584,3822
01050700,ACADEMY OF HAIR DESIGN                  ,OR,97301-3526,Proprietary  ,11,22,33,26,46,72
01185200,ITT TECHNICAL INSTITUTE                 ,OR,97220-0000,Proprietary  ,194,361,555,449,842,1291
01230900,WESTERN STATES CHIROPRACTIC COLLEGE     ,OR,97230-3099,Private      ,3,54,57,14,466,480
01234700,PHAGANS CENTRAL OREGON BEAUTY CLG       ,OR,97701-5175,Proprietary  ,21,41,62,40,97,137
01234800,PHAGANS BEAUTY COLLEGE                  ,OR,97333-4716,Proprietary  ,18,17,35,47,51,98
01235000,PHAGANS SCHOOL OF HAIR DESIGN           ,OR,97267-4808,Proprietary  ,12,19,31,28,52,80
01235100,PHAGANS SCHOOL OF BEAUTY                ,OR,97301-4732,Proprietary  ,13,29,42,22,68,90
01300800,PHAGANS TIGARD BEAUTY SCHOOL            ,OR,97223-0000,Proprietary  ,4,13,17,26,36,62
02101000,NORTHWEST COLLEGE OF HAIR DESIGN        ,OR,97086-7702,Proprietary  ,43,51,94,67,101,168
02101002,NORTHWEST COLLEGE                       ,OR,97007-3954,Proprietary  ,10,14,24,10,14,24
02104900,COLLEGE OF LEGAL ARTS                   ,OR,97219-9998,Proprietary  ,8,50,58,29,108,137
02106100,COLLEGE OF COSMETOLOGY                  ,OR,97601-0000,Proprietary  ,10,14,24,17,42,59
02154400,BEAU MONDE CLG OF HAIR DESIGN           ,OR,97205-0000,Proprietary  ,43,52,95,85,130,215
02159700,EUGENE BIBLE COLLEGE                    ,OR,97405-0000,Private      ,28,32,60,80,92,172
02201900,PHAGANS' SCHOOL OF HAIR DESIGN          ,OR,97232-0000,Proprietary  ,30,50,80,64,164,228
02311000,PAUL MITCHELL THE SCHOOL                ,OR,97103-0000,Proprietary  ,0,0,0,4,4,8
02330100,PIONEER PACIFIC COLLEGE                 ,OR,97070-0000,Proprietary  ,100,248,348,240,748,988
02330102,PIONEER PACIFIC COLLEGE                 ,OR,97403-0000,Proprietary  ,37,185,222,69,385,454
02337900,COLLEGE OF HAIR DESIGN CAREERS          ,OR,97301-0000,Proprietary  ,7,9,16,36,39,75
02344100,ROSEBURG BEAUTY COLLEGE                 ,OR,97470-0000,Proprietary  ,8,15,23,24,41,65
02534000,NATIONAL COLLEGE OF NATURAL MEDICINE    ,OR,97201-0000,Private      ,1,52,53,9,538,547
02578800,NORTHWEST NANNIES INSTITUTE             ,OR,97035-0000,Proprietary  ,6,1,7,21,8,29
02603700,OREGON COL OF ORIENTAL MEDICINE         ,OR,97216-0000,Private      ,0,50,50,3,292,295
02617506,EVEREST COLLEGE - EVEREST INSTITUTE     ,OR,97223-6581,Proprietary  ,0,1,1,0,1,1
03007300,OREGON COLLEGE OF ART & CRAFT           ,OR,97225-6399,Private      ,11,16,27,94,148,242
03022600,WESTERN CULINARY INSTITUTE              ,OR,97205-2793,Proprietary  ,338,684,1022,1580,1870,3450
03042500,APOLLO COLLEGE                          ,OR,97232-1302,Proprietary  ,162,521,683,299,837,1136
03074400,PHAGANS NEWPORT ACAD CSMTLGY CAREER     ,OR,97365-4963,Proprietary  ,5,13,18,10,35,45
03074500,EAST-WEST COLLEGE OF THE HEALING ARTS   ,OR,97232-2765,Proprietary  ,30,93,123,76,260,336
03185300,PHAGANS GRANTS PASS COLLEGE OF BTY      ,OR,97527-3039,Proprietary  ,17,19,36,37,42,79
03428300,KLAMATH COMMUNITY COLLEGE               ,OR,97603-7121,Public       ,78,211,289,245,656,901
03642300,VALLEY MEDICAL COLLEGE                  ,OR,97305-1373,Proprietary  ,10,34,44,37,124,161
03668300,BIRTHINGWAY COLLEGE OF MIDWIFERY        ,OR,97266-4042,Private      ,2,21,23,6,80,86
03783400,ABDILL CAREER COLLEGE                   ,OR,97504-7137,Proprietary  ,6,31,37,21,68,89
03932400,GUTENBERG COLLEGE                       ,OR,97403-1368,Private      ,2,1,3,26,14,40
00137400,ALBERTUS MAGNUS COLLEGE                 ,CT,06511-1189,Private      ,54,233,287,695,703,1398
00137403,ALBERTUS MAGNUS CLG-NEW DIMENSIONS      ,CT,06511-0000,Private      ,8,247,255,25,570,595
00137800,CENTRAL CONNECTICUT STATE UNIV          ,CT,06050-2490,Public       ,575,527,1102,7405,2902,10307
00137900,CONNECTICUT COLLEGE                     ,CT,06320-4196,Private      ,11,14,25,2109,69,2178
00138000,WESTERN CONNECTICUT STATE UNIV          ,CT,06810-6826,Public       ,288,164,452,4143,1058,5201
00138500,FAIRFIELD UNIVERSITY                    ,CT,06430-0000,Private      ,69,126,195,5182,520,5702
00138700,HARTFORD SEMINARY                       ,CT,06105-0000,Private      ,0,2,2,5,17,22
00138900,HOLY APOSTLES COLLEGE & SEMINARY        ,CT,06416-2005,Private      ,2,15,17,6,40,46
00139200,MANCHESTER COMMUNITY COLLEGE            ,CT,06045-1046,Public       ,532,516,1048,2060,1831,3891
00139300,MITCHELL COLLEGE                        ,CT,06320-4498,Private      ,70,48,118,849,186,1035
00139700,UNIVERSITY OF NEW HAVEN                 ,CT,06516-1999,Private      ,133,303,436,3477,1363,4840
00139800,NORTHWESTERN CT COMMUNITY COLLEGE       ,CT,06098-1747,Public       ,92,107,199,347,338,685
00139900,NORWALK COMMUNITY TECHNICAL COLLEGE     ,CT,06854-1655,Public       ,406,426,832,1120,1261,2381
00140100,POST UNIVERSITY                         ,CT,06723-3240,Proprietary  ,145,230,375,890,640,1530
00140200,QUINNIPIAC UNIVERSITY                   ,CT,06518-1908,Private      ,101,117,218,9182,1086,10268
00140201,QUINNIPIAC UNIVERSITY SCHOOL OF LAW     ,CT,06518-0000,Private      ,1,62,63,137,906,1043
00140300,SACRED HEART UNIVERSITY                 ,CT,06825-1000,Private      ,152,249,401,6075,957,7032
00140600,SOUTHERN CONNECTICUT STATE UNIV         ,CT,06515-1355,Public       ,412,457,869,7623,3556,11179
00140900,SAINT JOSEPH COLLEGE                    ,CT,06117-2791,Private      ,69,160,229,1050,757,1807
00141400,TRINITY COLLEGE                         ,CT,06106-3100,Private      ,84,28,112,2571,188,2759
00141600,UNIVERSITY OF BRIDGEPORT                ,CT,06601-5650,Private      ,158,474,632,1552,1686,3238
00141700,UNIVERSITY OF CONNECTICUT-STORRS        ,CT,06269-2151,Public       ,637,486,1123,20518,4119,24637
00141702,UNIV CONN STAMFORD                      ,CT,06901-0000,Public       ,28,56,84,359,218,577
00141703,UNIV OF CONNECTICUT - TORINGTON         ,CT,06790-0000,Public       ,4,4,8,144,42,186
00141706,UNIV OF CONNECTICUT SCH LAW             ,CT,06105-0000,Public       ,3,26,29,30,1058,1088
00141707,UNIV OF CT - SCH OF SOCIAL WORK         ,CT,06117-0000,Public       ,0,27,27,57,465,522
00141708,UNIVERSITY OF CONNECTICUT - SCHOOL OF ME,CT,06030-1920,Public       ,0,12,12,8,392,400
00141709,UNIVERSITY OF CONNECTICUT - SCHOOL OF DE,CT,06030-1920,Public       ,0,7,7,1,175,176
00142200,UNIVERSITY OF HARTFORD                  ,CT,06117-1599,Private      ,198,218,416,8432,1314,9746
00142400,WESLEYAN UNIVERSITY                     ,CT,06459-3208,Private      ,63,18,81,3382,123,3505
00142500,EASTERN CONNECTICUT STATE UNIV          ,CT,06226-2295,Public       ,208,152,360,4261,929,5190
00142600,YALE UNIVERSITY                         ,CT,06520-8288,Private      ,162,215,377,9215,5832,15047
00142601,YALE UNIV PHYSICIANS ASSOC PROG         ,CT,06510-0000,Private      ,0,0,0,1,59,60
00142602,YALE UNIV EPIDEMIOLOGY & PUB HLTH       ,CT,06510-0000,Private      ,0,2,2,4,216,220
00142603,YALE UNIV SCHOOL MEDICINE               ,CT,06510-0000,Private      ,1,20,21,17,724,741
00280301,RENSSELAER POLYTECHNIC INSTITUTE-RENSSEL,CT,06120-2991,Private      ,0,23,23,7,49,56
00280302,RENSSELAER POLYTECHNIC INSTITUTE - RENSS,CT,06340-4554,Private      ,0,0,0,0,1,1
00280400,RENSSELAER HARTFORD GRADUATE CENTER     ,CT,06120-0000,Private      ,1,5,6,1,17,18
00451300,HOUSATONIC COMMUNITY COLLEGE            ,CT,06604-4704,Public       ,419,623,1042,1420,2103,3523
00618100,BRIDGEPORT HOSP SCHL OF NURSING         ,CT,06610-2896,Private      ,8,49,57,69,224,293
00619100,ST. VINCENT'S COLLEGE                   ,CT,06606-9966,Private      ,29,61,90,191,368,559
00698200,NAUGATUCK VALLEY COMM-TECH COLG         ,CT,06708-3089,Public       ,459,494,953,1596,1647,3243
00730000,ELI WHITNEY TECHNICAL HIGH SCHOOL       ,CT,06514-0000,Public       ,6,29,35,17,72,89
00730300,LINCOLN TECHNICAL INSTITUTE             ,CT,06051-0000,Proprietary  ,248,685,933,542,1241,1783
00730500,PORTER AND CHESTER INSTITUTE OF BRANFORD,CT,06405-4022,Proprietary  ,37,26,63,132,140,272
00731100,WINDHAM TECHNICAL HIGH SCHOOL           ,CT,06226-2100,Public       ,2,5,7,4,18,22
00745900,PAIER COLLEGE OF ART                    ,CT,06514-3902,Proprietary  ,22,14,36,136,62,198
00763500,CAPITAL COMMUNITY COLLEGE               ,CT,06103-1207,Public       ,319,703,1022,1123,2388,3511
00803700,GATEWAY COMMUNITY-TECHNICAL COLLEGE     ,CT,06511-0000,Public       ,502,741,1243,1600,2370,3970
00803800,MIDDLESEX COMMUNITY CLG                 ,CT,06457-4889,Public       ,173,252,425,627,831,1458
00887200,RENASCI ACADEMY OF HAIR                 ,CT,06460-4160,Proprietary  ,1,7,8,10,22,32
00887300,PAUL MITCHELL THE SCHOOL                ,CT,06810-6716,Proprietary  ,38,36,74,55,57,112
00887400,BRIO ACADEMY OF COSMETOLOGY             ,CT,06450-4836,Proprietary  ,75,119,194,117,187,304
00906500,THE HARTFORD CONSERVATORY               ,CT,06105-2891,Private      ,10,7,17,45,17,62
00927700,E C GOODWIN TECHNICAL HIGH SCHOOL       ,CT,06053-0000,Public       ,3,7,10,11,31,42
00929100,J M WRIGHT TECHNICAL HIGH SCHOOL        ,CT,06904-0000,Public       ,5,4,9,7,20,27
00940700,BRIARWOOD COLLEGE                       ,CT,06489-1057,Proprietary  ,113,85,198,500,296,796
00976400,TUNXIS COMMUNITY COLLEGE                ,CT,06032-3187,Public       ,245,339,584,976,1114,2090
00976500,THREE RIVERS COMMUNITY TECH COLLEGE     ,CT,06360-0000,Public       ,250,406,656,938,1355,2293
00982200,ALBERT I PRINCE TECHNICAL HIGH SCHOOL   ,CT,06106-3799,Public       ,3,16,19,10,46,56
01041700,BRIO ACADEMY OF EAST HARTFORD           ,CT,06108-2220,Proprietary  ,34,58,92,47,70,117
01053000,QUINEBAUG VALLEY COMMUNITY COLLEGE      ,CT,06239-1440,Public       ,174,251,425,537,771,1308
01077900,PORTER AND CHESTER INSTITUTE-ALLCAMPUSES,CT,06615-7158,Proprietary  ,279,376,655,767,1145,1912
01115000,ASNUNTUCK COMMUNITY COLLEGE             ,CT,06082-3800,Public       ,90,112,202,268,332,600
01149600,BULLARD HAVENS VOC TECH SCHOOL          ,CT,06610-3499,Public       ,2,6,8,6,34,40
01169700,VINAL REGIONAL VOC TECH SCHOOL          ,CT,06457-4918,Public       ,0,6,6,5,25,30
01184300,NORWICH TECHNICAL HIGH SCHOOL           ,CT,06360-7097,Public       ,0,5,5,3,25,28
01218500,H C WILCOX TECHNICAL HIGH SCHOOL        ,CT,06450-0000,Public       ,2,2,4,5,7,12
01242500,STONE ACADEMY                           ,CT,06514-4125,Proprietary  ,70,386,456,162,919,1081
01242503,STONE ACADEMY -WATERBURY                ,CT,06705-3823,Proprietary  ,1,8,9,4,20,24
01287700,GIBBS COLLEGE                           ,CT,06855-1436,Proprietary  ,138,204,342,463,555,1018
01291300,LEON INSTITUTE OF HAIR DESIGN           ,CT,06604-4226,Proprietary  ,3,10,13,6,27,33
01326400,HENRY ABBOTT TECHNICAL HIGH SCHOOL      ,CT,06811-4881,Public       ,4,2,6,8,28,36
02058900,HARVARD H ELLIS TECHNICAL HIGH SCHOOL   ,CT,06239-0000,Public       ,2,1,3,16,9,25
02074000,BRANFORD HALL CAREER INSTITUTE          ,CT,06405-0000,Proprietary  ,326,1178,1504,594,2132,2726
02106600,FOX INSTITUTE OF BUSINESS               ,CT,06110-0000,Proprietary  ,48,157,205,69,246,315
02112300,RIDLEY LOWELL BUSINESS & TECH INST      ,CT,06320-0000,Proprietary  ,34,186,220,48,288,336
02112700,NORTH HAVEN ACADEMY                     ,CT,06473-3108,Proprietary  ,37,24,61,110,73,183
02115100,BUTLER BUSINESS SCHOOL                  ,CT,06604-0000,Proprietary  ,14,81,95,33,164,197
02148700,CONNECTICUT INST OF HAIR DESIGN         ,CT,06716-0000,Proprietary  ,7,12,19,10,20,30
02202500,NEW ENGLAND TRACTOR TRAILER SCH         ,CT,06071-2036,Proprietary  ,18,234,252,29,426,455
02213000,ELLA T GRASSO SOUTHEASTERN TECHNICAL HIG,CT,06340-0000,Public       ,0,1,1,3,4,7
02228800,BARAN INSTITUTE OF TECHNOLOGY           ,CT,06088-9631,Proprietary  ,167,100,267,752,324,1076
02244900,GOODWIN COLLEGE                         ,CT,06118-9980,Private      ,101,422,523,348,1529,1877
02245300,HOWELL CHENEY TECHNICAL HIGH SCHOOL     ,CT,06040-0000,Public       ,0,2,2,2,14,16
02265900,WINDHAM COMMUNITY MEM HOSP-RAD TECH     ,CT,06226-0000,Private      ,4,4,8,8,10,18
02296100,YALE-NEW HAVEN HOSP DIETETIC INTERN     ,CT,06510-8900,Private      ,1,1,2,4,7,11
02300000,W F KAYNOR TECHNICAL HIGH SCHOOL        ,CT,06708-0000,Public       ,1,3,4,6,30,36
02316600,CONNECTICUT CTR FOR MASSAGE THERAPY     ,CT,06111-3975,Proprietary  ,21,54,75,54,194,248
02316601,CONNECTICUT CENTER FOR MASSAGE THERAPY -,CT,06880-4619,Proprietary  ,6,24,30,24,92,116
02316603,CONNECTICUT CENTER FOR MASSAGE THERAPY -,CT,06340-4619,Proprietary  ,11,25,36,27,107,134
02562400,EMMETT O BRIEN REG VOC TECH SCHOOL      ,CT,06401-2500,Public       ,0,0,0,1,1,2
02565000,PLATT TECHNICAL HIGH SCHOOL             ,CT,06460-2105,Public       ,1,17,18,4,22,26
03079400,LYME ACADEMY COLLEGE OF FINE ARTS       ,CT,06371-2333,Private      ,14,13,27,68,40,108
03094800,INDUSTRIAL MANAGEMENT & TRAINING        ,CT,06706-1211,Proprietary  ,13,53,66,37,123,160
03231400,OLIVER WOLCOTT TECHNICAL HIGH SCHOOL    ,CT,06790-3859,Public       ,0,3,3,3,4,7
03234300,CHARTER OAK STATE COLLEGE               ,CT,06053-2150,Public       ,12,230,242,34,637,671
03316300,LINCOLN TECHNICAL INSTITUTE - HARTFORD  ,CT,06105-3630,Proprietary  ,66,90,156,360,266,626
03381300,CONNECTICUT TRAINING CENTER             ,CT,06108-2705,Private      ,19,85,104,25,148,173
03927300,ALBERT SCHOOL (THE)                     ,CT,06357-2447,Proprietary  ,14,28,42,23,39,62
04053300,CLEMENS COLLEGE                         ,CT,06078-0000,Proprietary  ,6,4,10,49,14,63
04104300,ACADEMY DI CAPELLI - SCHOOL OF COSMETOLO,CT,06492-0000,Proprietary  ,7,16,23,12,25,37
00146600,BARRY UNIVERSITY                        ,FL,33161-6695,Private      ,397,1399,1796,3306,6171,9477
00146601,BARRY UNIVERSITY SCHOOL OF LAW          ,FL,32807-0000,Private      ,6,139,145,36,1098,1134
00146700,BETHUNE COOKMAN UNIVERSITY              ,FL,32114-3099,Private      ,674,247,921,5293,1046,6339
00146800,ST THOMAS UNIVERSITY                    ,FL,33054-0000,Private      ,167,532,699,1106,2176,3282
00146900,FLORIDA INSTITUTE OF TECHNOLOGY         ,FL,32901-6988,Private      ,259,260,519,2835,985,3820
00147000,BREVARD COMMUNITY COLLEGE               ,FL,32922-6503,Public       ,871,1275,2146,2977,4027,7004
00147100,CENTRAL FLORIDA COMMUNITY COLLEGE       ,FL,34478-1388,Public       ,765,972,1737,2454,2916,5370
00147200,CHIPOLA  COLLEGE                        ,FL,32446-2053,Public       ,146,252,398,590,660,1250
00147300,CLEARWATER CHRISTIAN COLLEGE            ,FL,33759-0000,Private      ,80,29,109,689,96,785
00147500,DAYTONA STATE COLLEGE                   ,FL,32114-2800,Public       ,1371,2117,3488,3665,5742,9407
00147700,EDISON COLLEGE                          ,FL,33906-6210,Public       ,940,1104,2044,3198,3486,6684
00147800,EDWARD WATERS COLLEGE                   ,FL,32209-6199,Private      ,264,194,458,916,572,1488
00147900,EMBRY-RIDDLE AERONAUTICAL UNIV          ,FL,32114-3900,Private      ,600,1090,1690,6237,3481,9718
00148000,FLORIDA A & M UNIVERSITY                ,FL,32307-3100,Public       ,1637,1044,2681,12072,5505,17577
00148100,FLORIDA ATLANTIC UNIVERSITY             ,FL,33431-6498,Public       ,1498,1802,3300,10628,8107,18735
00148101,FLORIDA ATLANTIC UNIVERSITY/DAVIE       ,FL,33314-0000,Public       ,122,416,538,674,1908,2582
00148103,FLORIDA ATLANTIC UNIV-JUPITER/PSL       ,FL,33458-0000,Public       ,54,117,171,389,501,890
00148200,FLORIDA COLLEGE                         ,FL,33617-5578,Private      ,82,6,88,428,27,455
00148400,FLORIDA STATE COLLEGE AT JACKSONVILLE   ,FL,32202-4030,Public       ,2108,3683,5791,6425,11628,18053
00148500,FLORIDA KEYS COMMUNITY COLLEGE          ,FL,33040-4397,Public       ,90,157,247,209,349,558
00148600,FLORIDA MEMORIAL UNIVERSITY             ,FL,33054-6199,Private      ,389,361,750,1610,1083,2693
00148700,ECKERD COLLEGE                          ,FL,33711-4744,Private      ,106,211,317,2235,588,2823
00148800,FLORIDA SOUTHERN COLLEGE                ,FL,33801-5698,Private      ,113,163,276,1966,577,2543
00148900,FLORIDA STATE UNIVERSITY                ,FL,32306-2430,Public       ,2704,2113,4817,25254,12260,37514
00149000,GULF COAST COMMUNITY COLLEGE            ,FL,32401-1058,Public       ,448,717,1165,1324,2119,3443
00149300,INDIAN RIVER STATE COLLEGE              ,FL,34981-5596,Public       ,1032,1399,2431,2925,3660,6585
00149500,JACKSONVILLE UNIVERSITY                 ,FL,32211-3394,Private      ,348,576,924,2734,2002,4736
00149700,JONES COLLEGE                           ,FL,32211-5588,Private      ,36,287,323,92,746,838
00149900,EVEREST UNIVERSITY                      ,FL,32810-5601,Proprietary  ,573,2279,2852,1337,7261,8598
00149901,EVEREST UNIVERSITY - ORLANDO SOUTH      ,FL,32819-7666,Proprietary  ,0,5,5,0,5,5
00149902,EVEREST UNIVERSITY - MELBOURNE          ,FL,32905-6609,Proprietary  ,0,3,3,0,3,3
00150000,BROWARD COLLEGE- DOWNTOWN CTR           ,FL,33301-2208,Public       ,1009,1284,2293,2940,4251,7191
00150001,BROWARD COLLEGE - DAVIE CAMPUS          ,FL,33314-0000,Public       ,1450,1388,2838,4222,4480,8702
00150002,BROWARD COLLEGE- NORTH CAMPUS           ,FL,33066-0000,Public       ,431,383,814,1547,1656,3203
00150003,BROWARD COLLEGE- SOUTH CAMPUS           ,FL,33024-0000,Public       ,509,455,964,1741,1753,3494
00150100,LAKE CITY COMMUNITY COLLEGE             ,FL,32025-2007,Public       ,213,445,658,706,1301,2007
00150200,LAKE SUMTER COMMUNITY COLLEGE           ,FL,34788-8751,Public       ,265,421,686,997,1325,2322
00150400,MANATEE COMMUNITY COLLEGE               ,FL,34207-3596,Public       ,838,1164,2002,2679,3773,6452
00150500,LYNN UNIVERSITY                         ,FL,33431-5598,Private      ,124,120,244,1290,470,1760
00150600,MIAMI DADE COLLEGE ADMINISTRATION ONLY  ,FL,33176-3393,Public       ,144,199,343,533,661,1194
00150601,MIAMI DADE COLLEGE - NORTH CAMPUS       ,FL,33167-3495,Public       ,2288,2871,5159,7637,9386,17023
00150602,MIAMI DADE COLLEGE - KENDALL CAMPUS     ,FL,33176-3393,Public       ,2944,2275,5219,8905,6641,15546
00150603,MIAMI DADE COLLEGE - WOLFSON CAMPUS     ,FL,33132-2297,Public       ,1485,1501,2986,4607,4742,9349
00150604,MIAMI DADE COLLEGE - MEDICAL CAMPUS     ,FL,33127-4693,Public       ,191,656,847,840,2291,3131
00150605,MIAMI DADE COLLEGE - HOMESTEAD CAMPUS   ,FL,33030-6009,Public       ,368,491,859,985,1320,2305
00150606,MIAMI DADE COLLEGE -INTERAMERICAN CAMPUS,FL,33135-0000,Public       ,738,1142,1880,2045,3642,5687
00150607,MIAMI DADE COLLEGE - HIALEAH CAMPUS     ,FL,33012-2918,Public       ,198,237,435,198,237,435
00150800,NORTH FLORIDA COMMUNITY COLLEGE         ,FL,32340-1699,Public       ,138,223,361,382,557,939
00150900,NOVA SOUTHEASTERN UNIVERSITY            ,FL,33314-7796,Private      ,504,6469,6973,3320,23906,27226
00151000,NORTHWEST FLORIDA STATE COLLEGE         ,FL,32578-1295,Public       ,385,778,1163,1281,2221,3502
00151200,PALM BEACH COMMUNITY COLLEGE            ,FL,33461-4796,Public       ,1885,1967,3852,5676,5864,11540
00151300,PENSACOLA JR COLLEGE                    ,FL,32504-8998,Public       ,923,1452,2375,2753,4161,6914
00151400,POLK COMMUNITY COLLEGE                  ,FL,33881-4299,Public       ,506,753,1259,1897,2638,4535
00151500,ROLLINS COLLEGE                         ,FL,32789-4499,Private      ,110,265,375,1840,1050,2890
00151900,SANTA FE COLLEGE                        ,FL,32606-6200,Public       ,1350,1176,2526,5550,4018,9568
00152000,SEMINOLE COMMUNITY COLLEGE              ,FL,32773-6199,Public       ,1237,1767,3004,3506,4884,8390
00152100,SOUTHEASTERN UNIVERSITY                 ,FL,33801-6099,Private      ,258,277,535,2489,931,3420
00152200,SOUTH FLORIDA COMMUNITY COLLEGE         ,FL,33825-9399,Public       ,196,353,549,789,992,1781
00152201,SOUTH FLORIDA COMMUNITY COLLEGE - LAKE P,FL,33852-9605,Public       ,0,0,0,1,0,1
00152300,ST JOHNS RIVER COMMUNITY COLLEGE        ,FL,32177-3897,Public       ,459,638,1097,1272,2002,3274
00152600,SAINT LEO UNIVERSITY                    ,FL,33574-6665,Private      ,312,2346,2658,2423,9794,12217
00152800,ST. PETERSBURG COLLEGE                  ,FL,33760-3768,Public       ,1577,3134,4711,4872,10238,15110
00153100,STETSON UNIVERSITY                      ,FL,32723-3761,Private      ,216,130,346,2216,545,2761
00153101,STETSON UNIVERSITY - COLLEGE OF LAW     ,FL,33707-3299,Private      ,1,112,113,28,1484,1512
00153300,TALLAHASSEE COMMUNITY COLLEGE           ,FL,32304-2895,Public       ,1783,1514,3297,6198,4881,11079
00153400,EVEREST UNIVERSITY                      ,FL,33614-5801,Proprietary  ,419,3650,4069,1005,11107,12112
00153409,EVEREST UNIVERSITY - ORANGE PARK        ,FL,32073-1111,Proprietary  ,0,1,1,0,1,1
00153500,UNIVERSITY OF FLORIDA                   ,FL,32611-3150,Public       ,2154,2159,4313,24985,14230,39215
00153600,UNIVERSITY OF MIAMI                     ,FL,33146-6531,Private      ,564,599,1163,11595,3798,15393
00153601,UNIV OF MIAMI SCHOOL OF LAW             ,FL,33124-0000,Private      ,6,72,78,47,1741,1788
00153602,UNIV OF MIAMI-SCH OF MEDICINE           ,FL,33136-0000,Private      ,45,73,118,393,981,1374
00153700,UNIVERSITY OF SOUTH FLORIDA             ,FL,33620-6960,Public       ,2661,3407,6068,21861,14864,36725
00153701,UNIV OF SOUTH FLORIDA-ST PETERSBURG     ,FL,33701-0000,Public       ,46,143,189,499,622,1121
00153702,UNIV OF SOUTH FLORIDA-SARASOTA          ,FL,34243-0000,Public       ,30,120,150,178,434,612
00153705,UNIV OF SOUTH FLORIDA                   ,FL,33803-0000,Public       ,32,88,120,385,383,768
00153706,UNIV OF SOUTH FLORIDA- MEDICINE         ,FL,33612-0000,Public       ,41,49,90,480,782,1262
00153800,UNIVERSITY OF TAMPA                     ,FL,33606-1490,Private      ,360,314,674,5310,1429,6739
00154000,WEBBER INTERNATIONAL UNIVERSITY         ,FL,33827-0096,Private      ,100,68,168,595,189,784
00173308,NATIONAL-LOUIS UNIVERSITY               ,FL,33609-0000,Private      ,1,23,24,2,73,75
00177201,TRINITY INTERNATIONAL UNIVERSITY - SOUTH,FL,33324-4611,Private      ,6,143,149,25,333,358
00395400,UNIV OF CENTRAL FLORIDA                 ,FL,32816-0001,Public       ,2993,2703,5696,29543,13592,43135
00395500,UNIVERSITY OF WEST FLORIDA              ,FL,32514-5750,Public       ,707,1027,1734,4133,4026,8159
00407215,NORTHWOOD UNIVERSITY                    ,FL,33409-0000,Private      ,83,78,161,505,222,727
00558500,LIVELY TECHNICAL CENTER                 ,FL,32304-0000,Public       ,77,193,270,190,520,710
00558501,LIVELY TECHNICAL CENTER - AVIATION SCHOO,FL,32304-8723,Public       ,6,7,13,12,34,46
00558600,LINDSEY HOPKINS TECHNICAL ED CENTER     ,FL,33127-4692,Public       ,69,188,257,163,467,630
00559400,D G ERWIN TECHNICAL CENTER              ,FL,33610-8255,Public       ,102,356,458,250,978,1228
00560500,PINELLAS TECH ED CTR-CLEARWATER         ,FL,33760-2194,Public       ,64,165,229,127,395,522
00560700,SARASOTA COUNTY TECHNICAL INSTITUTE     ,FL,34233-0000,Public       ,33,122,155,78,308,386
00560800,TRAVISS TECHNICAL CENTER                ,FL,33803-0000,Public       ,53,177,230,135,486,621
00561200,MANATEE TECHNICAL INSTITUTE             ,FL,34210-0000,Public       ,75,205,280,146,490,636
00561201,MANATEE TECHNICAL INSTITUTE-EAST        ,FL,34211-0000,Public       ,10,46,56,27,151,178
00675000,VALENCIA COMMUNITY COLLEGE              ,FL,32802-3028,Public       ,3886,3159,7045,12906,10193,23099
00752500,SUWANNEE-HAMILTON AREA VOC TECH CTR     ,FL,32060-0000,Public       ,16,58,74,41,143,184
00752600,WASHINGTON HOLMES TECHNICAL CENTER      ,FL,32428-1699,Public       ,40,96,136,78,279,357
00755800,LEE COUNTY HIGH TECH CENTER CENTRAL     ,FL,33916-2299,Public       ,70,126,196,130,259,389
00758600,REMINGTON COLLEGE - TAMPA CAMPUS        ,FL,33612-8410,Proprietary  ,58,233,291,160,636,796
00758604,REMINGTON COLLEGE-LARGO CAMPUS          ,FL,33771-0000,Proprietary  ,0,11,11,5,30,35
00758605,REMINGTON COLLEGE-JACKSONVILLE CAMPUS   ,FL,32256-6932,Proprietary  ,0,6,6,3,25,28
00787000,HILLSBOROUGH COMMUNITY COLLEGE          ,FL,33606-3572,Public       ,2084,2511,4595,6653,8297,14950
00789300,FLAGLER COLLEGE                         ,FL,32085-1027,Private      ,180,101,281,2358,527,2885
00807500,ST JOHN VIANNEY COLLEGE SEMINARY        ,FL,33165-3244,Private      ,6,2,8,13,10,23
00814600,EVEREST UNIVERSITY - POMPANO BEACH      ,FL,33062-2522,Proprietary  ,235,991,1226,474,2690,3164
00822300,ST VINCENT DE PAUL REGIONL SEMINARY     ,FL,33436-0000,Private      ,0,6,6,0,10,10
00841700,STENOTYPE INST OF JACKSONVILLE          ,FL,32207-0000,Proprietary  ,51,233,284,58,322,380
00850100,RASMUSSEN COLLEGE                       ,FL,34471-7051,Proprietary  ,62,242,304,161,622,783
00850103,RASMUSSEN COLLEGE-HOLIDAY               ,FL,34690-0000,Proprietary  ,27,139,166,93,509,602
00884800,WARNER SOUTHERN COLLEGE                 ,FL,33859-8725,Private      ,89,271,360,543,618,1161
00884900,PALM BEACH ATLANTIC UNIVERSITY          ,FL,33401-6505,Private      ,335,572,907,2097,1610,3707
00887800,MIAMI INTERNATIONAL UNIV ART&DESIGN     ,FL,33132-1418,Proprietary  ,505,414,919,2066,1446,3512
00910400,RIVERSIDE HAIRSTYLING ACADEMY           ,FL,32207-3810,Proprietary  ,9,40,49,18,65,83
00963500,FLORIDA INTERNATIONAL UNIVERSITY        ,FL,33199-0001,Public       ,2466,3169,5635,19727,15973,35700
00984100,UNIVERSITY OF NORTH FLORIDA             ,FL,32224-2645,Public       ,1052,1150,2202,7945,5453,13398
00990200,SHERIDAN TECHNICAL CENTER               ,FL,33021-3399,Public       ,104,382,486,227,847,1074
01016100,"LORAINE'S ACADEMY, INC                  ",FL,33710-0000,Proprietary  ,17,58,75,29,136,165
01019500,ART INSTITUTE OF FT LAUDERDALE          ,FL,33316-3000,Proprietary  ,473,387,860,1951,1555,3506
01065200,PASCO-HERNANDO COMMUNITY CLG            ,FL,34654-5199,Public       ,685,1036,1721,2125,3252,5377
01072401,CARLOS ALBIZU UNIVERSITY                ,FL,33172-0000,Private      ,42,407,449,94,938,1032
01082600,TOM P. HANEY TECHNICAL CENTER           ,FL,32405-5099,Public       ,34,116,150,68,303,371
01112700,GOODING INST OF NUR ANES BAY MED CT     ,FL,32401-0000,Public       ,1,2,3,1,46,47
01226300,ATLANTIC TECHNICAL CENTER               ,FL,33063-3902,Public       ,104,230,334,244,561,805
01254400,FIRST COAST TECHNICAL COLLEGE           ,FL,32084-1921,Public       ,56,162,218,123,394,517
01254401,FIRST COAST TECHNICAL INSTITUTE - PUTNAM,FL,32077-6830,Public       ,6,23,29,20,42,62
01257400,RINGLING SCHOOL OF ART AND DESIGN       ,FL,34234-5895,Private      ,136,43,179,1241,269,1510
01303904,SOUTH UNIVERSITY                        ,FL,33409-5149,Proprietary  ,81,291,372,241,837,1078
01323400,LORENZO WALKER INST OF TECHNOLOGY       ,FL,34104-4405,Public       ,42,84,126,123,257,380
02052002,FLORIDA EDUCATION CENTER - LAUDERHILL   ,FL,33313-5857,Proprietary  ,47,137,184,72,266,338
02089600,CONCORDE CAREER INSTITUTE               ,FL,32211-0000,Proprietary  ,47,290,337,121,729,850
02089709,HERZING COLLEGE                         ,FL,32792-5509,Proprietary  ,5,11,16,21,43,64
02113606,AMERICAN INTERCONTINENTAL UNIV          ,FL,33324-0000,Proprietary  ,7,37,44,32,109,141
02113609,AMERICAN INTERCONTINENTAL UNIV - WESTON ,FL,33326-3233,Proprietary  ,121,258,379,531,876,1407
02115300,PINELLAS TECHNICAL EDUCATION CENTERS - S,FL,33711-0000,Public       ,38,194,232,84,449,533
02116006,SANFORD-BROWN INSTITUTE - FT. LAUDERDALE,FL,33309-1906,Proprietary  ,77,200,277,224,721,945
02121800,EVEREST INSTITUTE                       ,FL,33169-4759,Proprietary  ,280,654,934,566,1415,1981
02148200,FASHION FOCUS HAIR ACADEMY              ,FL,34231-0000,Proprietary  ,5,17,22,8,23,31
02148300,MANHATTAN BEAUTY SCHOOL                 ,FL,33611-0000,Proprietary  ,62,261,323,83,323,406
02149900,PAUL MITCHELL THE SCHOOL-JACKSONVILLE   ,FL,32205-0000,Proprietary  ,3,26,29,4,33,37
02151900,KEISER  UNIVERSITY                      ,FL,33309-0000,Proprietary  ,1228,3249,4477,2861,9053,11914
02156700,FLORIDA CHRISTIAN COLLEGE               ,FL,34744-0000,Private      ,28,43,71,146,115,261
02159600,BAPTIST COLLEGE OF FLORIDA (THE)        ,FL,32440-0000,Private      ,76,114,190,223,253,476
02172700,CONCORDE CAREER INSTITUTE               ,FL,33607-0000,Proprietary  ,65,186,251,124,471,595
02188900,HOBE SOUND BIBLE COLLEGE                ,FL,33475-0000,Private      ,25,16,41,54,36,90
02200100,BRADENTON BEAUTY & BARBER ACADEMY       ,FL,34209-0000,Proprietary  ,9,84,93,11,112,123
02215900,ATI CAREER TRAINING CENTER              ,FL,33309-1785,Proprietary  ,38,91,129,155,393,548
02218700,FLORIDA TECHNICAL COLLEGE               ,FL,32826-2707,Proprietary  ,123,374,497,358,1006,1364
02228300,LAKE TECHNICAL CENTER                   ,FL,32726-0000,Public       ,29,90,119,103,290,393
02245500,CENTRAL FLORIDA COLLEGE                 ,FL,32789-4679,Proprietary  ,50,256,306,126,703,829
02245502,CFC-CAREER TRAINING INSTITUTE - ORLANDO ,FL,32804-0000,Proprietary  ,0,0,0,15,40,55
02245504,CENTRAL FLORIDA  COLLEGE -  LARGO       ,FL,33771-4957,Proprietary  ,0,0,0,34,48,82
02257900,INTERNATIONAL ACADEMY                   ,FL,32119-3541,Proprietary  ,43,84,127,75,172,247
02275100,CONCORDE CAREER INSTITUTE               ,FL,33025-0000,Proprietary  ,35,134,169,77,314,391
02278800,SOUTHWEST FLORIDA COLLEGE               ,FL,33907-0000,Proprietary  ,142,313,455,383,975,1358
02278801,SOUTHWEST FLORIDA COLLEGE - TAMPA       ,FL,33619-1344,Proprietary  ,67,128,195,209,400,609
02279600,CORTIVA INSTITUTE - FLORIDA             ,FL,33781-0000,Proprietary  ,4,29,33,18,98,116
02280800,NEW ENGLAND INST TECH-PALM BEACH        ,FL,33407-0000,Proprietary  ,178,261,439,528,764,1292
02283800,BEAUTY SCHOOLS OF AMERICA               ,FL,33012-3322,Proprietary  ,98,381,479,177,874,1051
02286500,ITT TECHNICAL INSTITUTE                 ,FL,33634-7515,Proprietary  ,456,789,1245,909,1586,2495
02287100,LA BELLE BEAUTY SCHOOL                  ,FL,33012-0000,Proprietary  ,19,198,217,23,226,249
02293200,ATI CAREER TRAINING CENTER              ,FL,33309-5916,Proprietary  ,95,217,312,280,702,982
02293201,ATI CAREER TRAINING CENTER - MIAMI      ,FL,33122-1707,Proprietary  ,3,3,6,13,15,28
02293202,ATI CAREER TAINING CENTER - ATI COLLEGE ,FL,87109-2016,Proprietary  ,37,188,225,162,959,1121
02293600,ADVANCED TECHNICAL CENTERS              ,FL,33266-1597,Private      ,0,2,2,4,5,9
02297000,CHARLOTTE TECHNICAL CENTER              ,FL,33948-0000,Public       ,26,90,116,73,242,315
02300900,WITHLACOOCHEE TECHNICAL INSTITUTE       ,FL,34450-0000,Public       ,52,110,162,118,285,403
02305700,GULF COAST COLLEGE                      ,FL,33619-0000,Proprietary  ,7,37,44,32,130,162
02305800,FLORIDA CAREER COLLEGE                  ,FL,33012-7028,Proprietary  ,677,1251,1928,1412,2674,4086
02307400,GEORGE STONE AREA VOCATIONAL TECHNICAL  ,FL,32526-0000,Public       ,36,168,204,68,325,393
02314100,SCHILLER INTERNATIONAL UNIVERSITY       ,FL,33770-3716,Proprietary  ,14,32,46,48,100,148
02316200,MIAMI LAKES TECHNICAL EDUCATION CTR     ,FL,33014-0000,Public       ,71,239,310,179,481,660
02321200,ORANGE TECH EDUC CTR- WESTSIDE TECH     ,FL,34787-0000,Public       ,44,113,157,106,228,334
02325100,KEY COLLEGE                             ,FL,33004-3046,Proprietary  ,6,28,34,20,93,113
02326800,RESORT & SPA SCHOOLS INTERNATIONAL      ,FL,34233-0000,Proprietary  ,31,46,77,41,92,133
02326900,SUNSTATE ACADEMY OF HAIR DESIGN         ,FL,33907-1415,Proprietary  ,33,83,116,45,100,145
02329900,FLORIDA INSTITUTE OF ULTRASOUND         ,FL,32514-0000,Proprietary  ,6,21,27,32,95,127
02337000,SUNCOAST II THE TAMPA BAY SCHOOL OF MASS,FL,33607-3802,Proprietary  ,1,16,17,8,30,38
02338400,FT PIERCE BEAUTY ACADEMY                ,FL,34982-0000,Proprietary  ,28,123,151,50,195,245
02341001,FORTIS COLLEGE - DBA FORTIS INSTITUTE   ,FL,32504-7322,Proprietary  ,2,16,18,15,37,52
02346200,WYOTECH                                 ,FL,32174-1010,Proprietary  ,88,134,222,209,295,504
02362100,FULL SAIL UNIVERSITY                    ,FL,32792-0000,Proprietary  ,1509,847,2356,6347,3168,9515
02499000,ACADEMY OF COSMETOLOGY                  ,FL,32953-3311,Proprietary  ,20,52,72,31,94,125
02501500,"O*TEC, MID-FLORIDA TECH                 ",FL,32809-0000,Public       ,91,116,207,194,250,444
02502702,ADVANCED CAREER TRAINING-JACKSONVIL     ,FL,32256-0000,Proprietary  ,22,182,204,48,349,397
02504600,WINTER PARK TECH                        ,FL,32789-0000,Public       ,42,143,185,84,257,341
02508900,TALMUDIC COLLEGE OF FLORIDA             ,FL,33139-0000,Private      ,5,1,6,13,7,20
02511700,RIDGE TECHNICAL CENTER                  ,FL,33881-0000,Public       ,31,106,137,70,268,338
02513200,ORLANDO TECHNICAL CENTER                ,FL,32801-0000,Public       ,70,218,288,161,508,669
02515400,CITY COLLEGE                            ,FL,33309-3073,Private      ,71,228,299,208,836,1044
02517100,SARASOTA SCHOOL OF MASSAGE THERAPY      ,FL,34243-6130,Proprietary  ,11,30,41,26,76,102
02524000,SUNSTATE ACADEMY OF HAIR DESIGN         ,FL,34624-0000,Proprietary  ,42,53,95,53,78,131
02524200,ROBERT MORGAN EDUCATIONAL CENTER        ,FL,33177-0000,Public       ,152,261,413,260,487,747
02547600,FLORIDA NATIONAL COLLEGE                ,FL,33012-0000,Proprietary  ,282,734,1016,683,1919,2602
02554200,RADFORD LOCKLIN TECH CENTER             ,FL,32570-0000,Public       ,6,33,39,19,56,75
02573200,LA BELLE BEAUTY ACADEMY                 ,FL,33135-0000,Proprietary  ,8,135,143,10,140,150
02586200,FLORIDA CAREER COLLEGE                  ,FL,33759-3924,Proprietary  ,121,231,352,266,576,842
02586201,FLORIDA CAREER COLLEGE -                ,FL,33569-2553,Proprietary  ,1,3,4,4,7,11
02597100,HERITAGE INSTITUTE                      ,FL,33912-7132,Proprietary  ,79,220,299,124,381,505
02598200,FLORIDA TECHNICAL CLG JACKSONVILLE      ,FL,32211-5123,Proprietary  ,18,58,76,57,179,236
02599800,EVEREST UNIVERSITY                      ,FL,33759-1359,Proprietary  ,207,1194,1401,458,3254,3712
02599801,EVEREST UNIVERSITY - TAMPA LAKELAND CAMP,FL,33801-3801,Proprietary  ,0,2,2,0,2,2
02599805,EVEREST UNIVERSITY - JACKSONVILLE       ,FL,32256-0000,Proprietary  ,0,5,5,0,5,5
02601600,HENRY W BREWSTER TECHNICAL CENTER       ,FL,33602-0000,Public       ,21,112,133,42,215,257
02612700,DARLYNE MCGEE'S ACAD OF COSMETOLOGY     ,FL,32905-2805,Proprietary  ,9,25,34,20,68,88
02616400,SANFORD-BROWN INSTITUTE                 ,FL,32256-3520,Proprietary  ,42,149,191,136,539,675
02616401,SANFORD-BROWN INSTITUTE - TAMPA         ,FL,33610-8304,Proprietary  ,73,229,302,147,683,830
03003200,EVEREST INSTITUTE                       ,FL,33186-1410,Proprietary  ,212,567,779,399,1238,1637
03003201,EVEREST INSTITUTE - FT. LAUDERDALE      ,FL,33304-2522,Proprietary  ,0,1,1,0,1,1
03003600,MCFATTER TECHNICAL CENTER               ,FL,33317-7499,Public       ,60,167,227,145,387,532
03008600,FLORIDA COLLEGE OF NATURAL HEALTH       ,FL,33064-1342,Proprietary  ,92,329,421,181,610,791
03010608,VIRGINIA COLLEGE - PENSACOLA            ,FL,32501-5650,Proprietary  ,51,360,411,154,1162,1316
03010612,VIRGINIA COLLEGE - GOLF ACADEMY OF AMERI,FL,32701-0000,Proprietary  ,37,35,72,101,95,196
03012300,ASM BEAUTY WORLD ACADEMY                ,FL,33021-0000,Proprietary  ,3,32,35,8,83,91
03018500,BENE'S INTERNATIONAL SCHOOL OF BEAUTY   ,FL,34652-1637,Proprietary  ,26,61,87,44,130,174
03028200,TRINITY COLLEGE OF FLORIDA              ,FL,34655-4401,Private      ,25,30,55,107,94,201
03031400,INTERNATIONAL ACAD OF DESIGN & TECH     ,FL,33634-6313,Proprietary  ,708,1055,1763,2751,3025,5776
03031402,INTERNATIONAL ACADEMY OF DESIGN AND TECH,FL,32809-4633,Proprietary  ,89,71,160,512,465,977
03031403,IADT - ORLANDO CULINARY ACADEMY         ,FL,32819-0000,Proprietary  ,64,61,125,247,237,484
03035800,HERITAGE INSTITUTE                      ,FL,32216-0948,Proprietary  ,33,102,135,57,221,278
03035900,NATIONAL AVIATION ACADEMY               ,FL,33760-3931,Proprietary  ,43,64,107,133,269,402
03037500,HODGES UNIVERSITY                       ,FL,34119-7932,Private      ,183,710,893,336,1541,1877
03054200,TECHNICAL CAREER INSTITUTE              ,FL,33144-2373,Proprietary  ,139,144,283,413,357,770
03071600,COLLEGE OF BUSINESS & TECHNOLOGY        ,FL,33176-1412,Proprietary  ,30,274,304,74,551,625
03071601,COLLEGE OF BUSINESS & TECHNOLOGY -      ,FL,33144-2072,Proprietary  ,2,5,7,8,9,17
03071602,COLLEGE OF BUSINESS & TECHNOLOGY -      ,FL,33012-3436,Proprietary  ,0,2,2,5,8,13
03079800,GEORGE T BAKER AVIATION                 ,FL,33142-5687,Public       ,65,49,114,111,94,205
03079900,CITY COLLEGE                            ,FL,32707-5342,Private      ,9,38,47,21,125,146
03087600,ITT TECHNICAL INSTITUTE                 ,FL,32746-1607,Proprietary  ,446,722,1168,789,1434,2223
03089200,NOUVELLE INSTITUTE                      ,FL,33125-4141,Proprietary  ,12,198,210,20,320,340
03096300,FLORIDA CAREER INSTITUTE                ,FL,33860-0000,Proprietary  ,12,78,90,15,125,140
03099600,MERCY HOSPITAL SCHOOL OF PRACTICAL NSG  ,FL,33133-4237,Private      ,14,40,54,35,84,119
03100800,TAYLOR TECHNICAL INSTITUTE              ,FL,32348-0894,Public       ,12,67,79,21,111,132
03101900,TRINITY BAPTIST COLLEGE                 ,FL,32221-1398,Private      ,41,35,76,169,89,258
03103900,MARION COUNTY COMMUNITY TECH & ADUL     ,FL,34474-3172,Public       ,16,82,98,93,305,398
03108500,EVERGLADES UNIVERSITY                   ,FL,33431-0000,Private      ,41,261,302,98,725,823
03108600,COM-PU-MED VOCATIONAL CAREERS           ,FL,33012-4861,Proprietary  ,16,207,223,20,310,330
03113400,ACADEMY OF HEALING ARTS                 ,FL,33463-2113,Proprietary  ,9,19,28,19,45,64
03114700,PRAXIS INSTITUTE                        ,FL,33135-2657,Proprietary  ,10,200,210,15,263,278
03115500,FLORIDA HOSPITAL COLG OF HEALTH SCI     ,FL,32803-1237,Private      ,146,271,417,610,1322,1932
03123900,KEISER CAREER INSTITUTE                 ,FL,33413-0000,Proprietary  ,107,308,415,265,845,1110
03125600,MIAMI AD SCHOOL                         ,FL,33139-5203,Proprietary  ,18,68,86,59,229,288
03127900,TECHNICAL EDUCATION CTR OSCEOLA         ,FL,34744-4459,Public       ,36,117,153,97,289,386
03139600,DELTA CONNECTION ACADEMY                ,FL,32773-9683,Proprietary  ,10,21,31,37,65,102
03158300,LEE COUNTY HIGH TECH CENTER NORTH       ,FL,33993-2479,Public       ,30,67,97,58,153,211
03178400,CORAL RIDGE NURSES ASST TRAINING        ,FL,33306-0000,Proprietary  ,1,8,9,3,16,19
03224300,NEW PROFESSIONS TECHNICAL INSTITUTE     ,FL,33134-1640,Proprietary  ,19,165,184,30,289,319
03230300,OKALOOSA APPLIED TECHNOLOGY CENTER      ,FL,32547-1299,Public       ,18,95,113,56,233,289
03238300,FLORIDA COLLEGE OF INTEGRATIVE MED      ,FL,32809-5721,Proprietary  ,3,39,42,14,136,150
03255300,FLORIDA GULF COAST UNIVERSITY           ,FL,33965-6565,Public       ,522,443,965,5475,2237,7712
03256300,YESHIVA GEDOLAH RABBINICAL COLLEGE      ,FL,33139-4708,Private      ,0,0,0,2,3,5
03346300,ACAD FOR PRAC NURSING & HEALTH OCCP     ,FL,33417-4574,Private      ,15,92,107,60,390,450
03348400,PROFESSIONAL TRAINING CENTERS           ,FL,33184-0000,Proprietary  ,21,78,99,89,450,539
03370300,AUDIO RECORDING TECHNOLOGY INSTITUTE    ,FL,32811-0000,Proprietary  ,15,21,36,52,55,107
03373300,BEACON COLLEGE                          ,FL,34748-5224,Private      ,8,9,17,58,32,90
03374300,FLORIDA COASTAL SCHOOL OF LAW           ,FL,32256-0000,Proprietary  ,2,265,267,13,2074,2087
03382300,BRADFORD-UNION AREA CAREERTECHNICAL CENT,FL,32091-2434,Public       ,10,42,52,19,118,137
03390300,LINCOLN TECHNICAL INSTITUTE             ,FL,32730-2351,Proprietary  ,37,213,250,58,423,481
03411400,INTERNATIONAL TRAINING CAREERS          ,FL,33155-1462,Private      ,14,118,132,19,176,195
03414500,SOUTHEAST INSTITUTE OF ORIENTAL MED     ,FL,33176-1509,Proprietary  ,7,35,42,9,84,93
03425400,CENTRAL FLORIDA INSTITUTE               ,FL,34684-4436,Proprietary  ,52,147,199,116,395,511
03429600,ATLANTIC INST OF ORIENTAL MEDICINE      ,FL,33316-0000,Private      ,1,32,33,6,78,84
03429700,EAST WEST COLLG OF NATURAL MEDICINE     ,FL,34236-4959,Proprietary  ,2,33,35,4,119,123
03433400,NEW CONCEPT MASSAGE AND BEAUTY SCHO     ,FL,33135-0000,Proprietary  ,2,24,26,4,33,37
03434300,FORTIS COLLEGE                          ,FL,32073-2999,Proprietary  ,38,141,179,90,393,483
03434301,FORTIS COLLEGE - FORTIS INSTITUTE       ,FL,32216-4933,Proprietary  ,0,0,0,3,4,7
03459400,SAINT PETERSBURG THEOLOGICAL SEMINA     ,FL,33708-3116,Private      ,1,14,15,3,36,39
03480302,MEDVANCE INSTITUTE - STUART             ,FL,34994-3000,Proprietary  ,2,5,7,8,21,29
03491400,AMERICAN ADVANCED TECHNICIANS INST      ,FL,33014-4430,Proprietary  ,10,14,24,16,33,49
03524300,ACADEMY FOR FIVE ELEMENT ACUPUNCTURE    ,FL,32601-6811,Private      ,0,11,11,0,50,50
03549300,ULTIMATE MEDICAL ACADEMY                ,FL,33756-5802,Proprietary  ,50,304,354,69,452,521
03553300,KEISER CAREER COLLEGE                   ,FL,32216-0000,Proprietary  ,4,20,24,9,35,44
03557300,NORTH FLORIDA COSMETOLOGY INSTITUTE     ,FL,32312-0000,Proprietary  ,15,40,55,35,89,124
03564300,SUPERIOR CAREER INSTITUTE               ,FL,33311-1141,Proprietary  ,1,3,4,1,8,9
03570400,ENGLISH CENTER (THE)                    ,FL,33133-2703,Public       ,4,63,67,14,120,134
03595400,ANGLEY COLLEGE                          ,FL,32720-4257,Proprietary  ,5,33,38,14,87,101
03611400,FLORIDA BARBER ACADEMY                  ,FL,33441-0000,Proprietary  ,6,29,35,6,30,36
03618300,FLORIDA INSTITUTE OF ANIMAL ARTS        ,FL,32792-1740,Proprietary  ,13,43,56,42,88,130
03627400,JACKSONVILLE BEAUTY INSTITUTE           ,FL,32208-1885,Proprietary  ,13,127,140,18,155,173
03627600,FLORIDA EDUCATION INSTITUTE             ,FL,33144-5036,Proprietary  ,12,69,81,20,146,166
03661400,SOUTH FLORIDA INSTITUTE OF TECHNOLO     ,FL,33135-0000,Proprietary  ,31,222,253,36,239,275
03691400,AVE MARIA SCHOOL OF LAW                 ,FL,34119-1376,Private      ,0,42,42,3,582,585
03696400,SABER                                   ,FL,33134-1604,Private      ,3,97,100,3,103,106
03706300,AMERICAN INSTITUTE                      ,FL,33319-5613,Proprietary  ,29,107,136,61,246,307
03757300,ADVANCE SCIENCE INSTITUTE               ,FL,33012-0000,Proprietary  ,21,89,110,21,90,111
03801400,BEAUTY INSTITUTE (THE)                  ,FL,33409-2972,Proprietary  ,15,46,61,21,77,98
03801401,BEAUTY INSTITUTE (THE) - MARGATE        ,FL,33068-5704,Proprietary  ,0,2,2,0,2,2
03816300,ARTISTIC NAILS & BEAUTY ACADEMY         ,FL,33605-5919,Proprietary  ,17,100,117,33,127,160
03823300,FLORIDA ACADEMY OF HEALTH & BEAUTY      ,FL,33311-0000,Proprietary  ,3,15,18,5,24,29
03832300,DADE MEDICAL COLLEGE                    ,FL,33126-5534,Proprietary  ,28,113,141,60,236,296
03842500,CAMBRIDGE INSTITUTE OF ALLIED HEALTH    ,FL,32750-0000,Proprietary  ,8,45,53,10,62,72
03856300,UNIVERSAL BEAUTY SCHOOL                 ,FL,33174-4406,Proprietary  ,8,72,80,13,126,139
03866300,GALIANO CAREER ACADEMY                  ,FL,32701-0000,Proprietary  ,41,207,248,68,354,422
03875300,MEDICAL CAREER INSTITUTE OF SOUTH FLORID,FL,33407-2103,Proprietary  ,20,142,162,38,195,233
03888300,DRAGON RISES COLLEGE OF ORIENTAL MEDICIN,FL,32601-5089,Proprietary  ,0,5,5,4,31,35
03903500,SOUTHERN TECHNICAL COLLEGE              ,FL,32809-0000,Proprietary  ,21,45,66,38,83,121
03906300,CAREER INSTITUTE OF FLORIDA             ,FL,33773-3434,Proprietary  ,13,93,106,19,183,202
03911300,TOTAL INTERNATIONAL CAREER INSTITUTE    ,FL,33012-0000,Proprietary  ,3,15,18,4,30,34
03939300,WOLFORD COLLEGE                         ,FL,34108-1931,Private      ,0,80,80,0,80,80
03939400,CENTURA INSTITUTE                       ,FL,32807-3566,Proprietary  ,5,49,54,22,135,157
03939600,DAYTONA COLLEGE                         ,FL,32174-8445,Proprietary  ,9,21,30,10,56,66
03941300,AVE MARIA UNIVERSITY                    ,FL,34142-9505,Private      ,48,14,62,399,67,466
03957400,NEW COLLEGE OF FLORIDA                  ,FL,34243-2109,Public       ,37,16,53,841,104,945
03985300,COMMERCIAL DIVING ACADEMY               ,FL,32208-0000,Proprietary  ,33,103,136,69,225,294
03985400,SPACE COAST HEALTH INSTITUTE            ,FL,32904-8771,Proprietary  ,7,21,28,15,47,62
03986300,AVIATOR COLLEGE OF AERONAUTICAL SCIENCE ,FL,34946-9022,Proprietary  ,5,13,18,12,28,40
04016500,AMERICAN INSTITUTE OF BEAUTY            ,FL,33773-0000,Proprietary  ,14,57,71,17,73,90
04029300,TRENDSETTERS OF FLORIDA SCHOOL OF BEAUTY,FL,32205-0000,Proprietary  ,4,17,21,11,62,73
04058300,HEALTH OPPORTUNITY TECHNICAL CENTER     ,FL,33169-4517,Proprietary  ,1,32,33,4,123,127
04105400,PENSACOLA SCHOOL OF MASSAGE THERAPY & HE,FL,32504-7337,Proprietary  ,7,19,26,20,56,76
04106300,PALM BEACH ACADEMY OF HEALTH & BEAUTY   ,FL,33403-2130,Proprietary  ,9,20,29,12,43,55
04116600,TAYLOR COLLEGE                          ,FL,34420-8714,Proprietary  ,3,42,45,11,85,96
04119400,AVEDA INSTITUTE - SAINT PETERSBURG      ,FL,33701-4242,Proprietary  ,24,22,46,24,22,46
04119500,LANE INSTITUTE OF HEALTH SCIENCES       ,FL,32780-2898,Private      ,0,0,0,2,0,2
04120400,HI-TECH SCHOOL OF COSMETOLOGY           ,FL,33174-0000,Proprietary  ,14,18,32,18,22,40
00160500,CHAMINADE UNIV OF HONOLULU              ,HI,96816-1578,Private      ,144,247,391,1184,1239,2423
00160600,BRIGHAM YOUNG UNIV-HAWAII CAMPUS        ,HI,96762-1294,Private      ,147,170,317,742,558,1300
00161000,UNIVERSITY OF HAWAII AT MANOA           ,HI,96822-2399,Public       ,583,707,1290,8075,5853,13928
00161100,UNIVERSITY OF HAWAII AT HILO            ,HI,96720-4091,Public       ,173,154,327,2237,1377,3614
00161200,HONOLULU COMMUNITY COLLEGE              ,HI,96817-4598,Public       ,167,188,355,920,963,1883
00161300,KAPIOLANI COMMUNITY COLLEGE             ,HI,96816-4421,Public       ,200,258,458,1478,1458,2936
00161400,KAUAI COMMUNITY COLLEGE                 ,HI,96766-9591,Public       ,41,63,104,198,272,470
00161500,MAUI COMMUNITY COLLEGE                  ,HI,96732-1644,Public       ,137,191,328,715,906,1621
00454900,LEEWARD COMMUNITY COLLEGE               ,HI,96782-3393,Public       ,228,270,498,1130,1277,2407
00525800,HAWAII COMMUNITY COLLEGE                ,HI,96720-4075,Public       ,138,167,305,772,900,1672
00723401,HEALD COLLEGE - HONOLULU                ,HI,96814-0000,Proprietary  ,196,204,400,564,646,1210
00727900,HAWAII PACIFIC UNIVERSITY               ,HI,96813-2882,Private      ,239,416,655,3014,2605,5619
00777500,HOLLYWOOD BEAUTY COLLEGE                ,HI,96701-4100,Proprietary  ,4,7,11,24,36,60
01122000,WINDWARD COMMUNITY COLLEGE              ,HI,96744-0000,Public       ,93,127,220,400,520,920
02100300,MED-ASSIST SCHOOL OF HAWAII             ,HI,96813-0000,Proprietary  ,20,29,49,49,86,135
02107800,UNIVERSITY OF HAWAII - WEST OAHU        ,HI,96782-0000,Public       ,37,77,114,260,566,826
02139500,HAWAII INSTITUTE OF HAIR DESIGN         ,HI,96817-5195,Proprietary  ,7,24,31,23,56,79
02208704,SAN DIEGO GOLF ACADEMY - THE GOLF ACADEM,HI,96744-3724,Proprietary  ,0,4,4,10,14,24
02321300,HAWAI'I THEOLOGICAL SEMINARY            ,HI,96817-0000,Private      ,0,3,3,2,7,9
03017800,TRAVEL INSTITUTE OF THE PACIFIC         ,HI,96814-1946,Proprietary  ,6,35,41,21,103,124
03020800,NEW YORK TECHNICAL INST OF HAWAII       ,HI,96817-4415,Proprietary  ,7,7,14,10,26,36
03072500,WORLD MEDICINE INSTITUTE                ,HI,96826-0000,Private      ,2,21,23,7,60,67
03649300,HAWAII TECHNOLOGY INSTITUTE             ,HI,96813-3036,Private      ,4,9,13,9,22,31
03735300,INST OF CLINICAL ACUPUNCTURE & ORIENT MD,HI,96813-2307,Proprietary  ,0,2,2,0,24,24
03999400,TRADITIONAL CHINESE MEDICAL COLLEGE OF H,HI,96743-8324,Private      ,0,10,10,0,24,24
00161600,BOISE STATE UNIVERSITY                  ,ID,83725-1000,Public       ,904,1561,2465,8104,8751,16855
00161700,"COLLEGE OF IDAHO, THE                   ",ID,83605-4432,Private      ,52,25,77,1055,167,1222
00161900,COLLEGE OF SOUTHERN IDAHO               ,ID,83301-0000,Public       ,435,798,1233,1770,2256,4026
00162000,IDAHO STATE UNIVERSITY                  ,ID,83209-5377,Public       ,761,1709,2470,3766,6742,10508
00162100,LEWIS-CLARK STATE COLLEGE               ,ID,83501-2698,Public       ,194,313,507,1657,1552,3209
00162300,NORTH IDAHO COLLEGE                     ,ID,83814-2199,Public       ,293,415,708,1699,1947,3646
00162400,NORTHWEST NAZARENE UNIVERSITY           ,ID,83686-5897,Private      ,100,230,330,1117,816,1933
00162500,BRIGHAM YOUNG UNIVERSITY-IDAHO          ,ID,83460-1650,Private      ,1348,1940,3288,5253,4407,9660
00162600,UNIVERSITY OF IDAHO                     ,ID,83844-4291,Public       ,381,477,858,7228,3559,10787
00455300,ITT TECHNICAL INSTITUTE                 ,ID,83713-1529,Proprietary  ,221,359,580,457,884,1341
00987300,MR JUAN'S CLG OF HAIR DESIGN            ,ID,83301-4154,Proprietary  ,7,11,18,19,26,45
01113300,EASTERN IDAHO TECHNICAL COLLEGE         ,ID,83404-5788,Public       ,37,147,184,191,666,857
02210700,CAREER BEAUTY COLLEGE                   ,ID,83440-0000,Proprietary  ,6,15,21,24,33,57
02218000,APOLLO COLLEGE                          ,ID,83704-0000,Proprietary  ,100,296,396,229,625,854
02234500,BOISE BIBLE COLLEGE                     ,ID,83714-1220,Private      ,35,22,57,160,62,222
02275800,MR LEONS SCHOOL OF HAIR DESIGN          ,ID,83843-8384,Proprietary  ,8,25,33,16,41,57
02314000,SCHOOL OF HAIRSTYLING (THE)             ,ID,83202-0000,Proprietary  ,5,20,25,32,57,89
02319800,HEADMASTERS SCHOOL OF HAIR DESIGN       ,ID,83814-0000,Proprietary  ,39,48,87,86,117,203
02349200,HEADMASTERS SCHOOL OF HAIR DESIGN       ,ID,83501-0000,Proprietary  ,4,14,18,10,27,37
02559500,RAZZLE DAZZLE CLG OF HAIR DESIGN        ,ID,83686-5104,Proprietary  ,6,31,37,12,58,70
02607100,SCOT LEWIS SCHOOLS                      ,ID,83709-1662,Proprietary  ,31,46,77,72,98,170
03098700,ACADEMY OF COURT REPORTING              ,ID,83704-8320,Proprietary  ,73,238,311,140,563,703
03832400,COSMETOLOGY SCHOOL OF ARTS & SCIENCES   ,ID,83318-1327,Proprietary  ,4,13,17,11,38,49
00163200,AQUINAS INSTITUTE OF THEOLOGY           ,MO,63108-3323,Private      ,0,7,7,0,60,60
00244900,AVILA COLLEGE                           ,MO,64145-1698,Private      ,148,315,463,849,920,1769
00245000,CALVARY BIBLE COLLEGE                   ,MO,64147-1341,Private      ,20,40,60,171,144,315
00245200,CENTRAL BIBLE COLLEGE                   ,MO,65803-1096,Private      ,101,67,168,512,273,785
00245300,CENTRAL METHODIST UNIVERSITY            ,MO,65248-1198,Private      ,118,164,282,1117,472,1589
00245301,CENTRAL METHODIST UNIVERSITY            ,MO,63601-0000,Private      ,13,63,76,57,153,210
00245302,CENTRAL METHODIST UNIVERSITY- UNION     ,MO,63084-0000,Private      ,2,9,11,24,42,66
00245400,UNIVERSITY OF CENTRAL MISSOURI          ,MO,64093-5178,Public       ,776,758,1534,6353,3227,9580
00245600,COLUMBIA COLLEGE                        ,MO,65216-4581,Private      ,407,2246,2653,2111,9556,11667
00245700,CONCORDIA SEMINARY                      ,MO,63105-3199,Private      ,1,4,5,2,607,609
00245800,COTTEY COLLEGE                          ,MO,64772-2790,Private      ,13,12,25,336,33,369
00245900,CROWDER COLLEGE                         ,MO,64850-9165,Public       ,313,501,814,1269,1545,2814
00246000,CULVER STOCKTON COLLEGE                 ,MO,63435-1299,Private      ,94,40,134,1073,166,1239
00246100,DRURY UNIVERSITY                        ,MO,65802-3791,Private      ,267,864,1131,1928,2681,4609
00246200,EDEN THEOLOGICAL SEMINARY               ,MO,63119-0000,Private      ,0,23,23,1,100,101
00246300,EVANGEL UNIVERSITY                      ,MO,65802-2125,Private      ,188,152,340,1661,536,2197
00246400,FONTBONNE UNIVERSITY                    ,MO,63105-3098,Private      ,97,519,616,1128,2078,3206
00246600,HARRIS-STOWE STATE COLLEGE              ,MO,63103-2199,Public       ,346,503,849,1200,1469,2669
00246700,CONCEPTION SEMINARY COLLEGE             ,MO,64433-0000,Private      ,7,2,9,28,12,40
00246800,JEFFERSON COLLEGE                       ,MO,63050-2441,Public       ,445,441,886,1918,1500,3418
00247100,ST LOUIS COMMUNITY COLLEGE              ,MO,63102-0000,Public       ,2240,3613,5853,6585,9425,16010
00247300,KANSAS CITY ART INSTITUTE               ,MO,64111-1874,Private      ,84,33,117,844,186,1030
00247400,KANSAS CITY UNIV OF MED & BIOSCIENCES   ,MO,64106-0000,Private      ,2,48,50,20,1052,1072
00247600,KENRICK-GLENNON SEMINARY                ,MO,63119-0000,Private      ,0,2,2,5,4,9
00247700,A.T. STILL UNIV OF HEALTH SCIENCES      ,MO,63501-0000,Private      ,0,297,297,5,2062,2067
00247900,LINCOLN UNIVERSITY                      ,MO,65101-3500,Public       ,369,323,692,2163,1260,3423
00248000,LINDENWOOD UNIVERSITY                   ,MO,63301-1695,Private      ,403,1396,1799,3734,4677,8411
00248200,MARYVILLE UNIVERSITY                    ,MO,63141-7299,Private      ,113,366,479,1937,1548,3485
00248400,METROPOLITAN COMMUNITY COLLEGE          ,MO,64111-2408,Public       ,1244,2063,3307,5925,7711,13636
00248500,MIDWESTERN BAPTIST THEOL SEMINARY       ,MO,64118-4697,Private      ,24,94,118,56,203,259
00248600,MINERAL AREA COLLEGE                    ,MO,63601-1000,Public       ,289,467,756,1294,1347,2641
00248800,MISSOURI SOUTHERN STATE UNIVERSITY      ,MO,64801-1595,Public       ,437,634,1071,2747,2634,5381
00248900,MISSOURI VALLEY COLLEGE                 ,MO,65340-3197,Private      ,137,67,204,1397,317,1714
00249000,MISSOURI WESTERN STATE UNIVERSITY       ,MO,64507-2294,Public       ,437,364,801,3466,1762,5228
00249100,MOBERLY AREA COMMUNITY COLLEGE          ,MO,65270-1304,Public       ,333,380,713,1776,1582,3358
00249400,NAZARENE THEOLOGICAL SEMINARY           ,MO,64131-1246,Private      ,0,56,56,1,139,140
00249500,TRUMAN STATE UNIVERSITY                 ,MO,63501-4221,Public       ,248,56,304,4625,403,5028
00249600,NORTHWEST MISSOURI STATE UNIV           ,MO,64468-6001,Public       ,460,269,729,5320,994,6314
00249800,PARK UNIVERSITY                         ,MO,64152-3795,Private      ,245,1743,1988,1119,6141,7260
00249900,ROCKHURST UNIVERSITY                    ,MO,64110-2561,Private      ,106,244,350,1894,1080,2974
00250000,COLLEGE OF THE OZARKS                   ,MO,65726-2502,Private      ,53,24,77,2473,249,2722
00250100,SOUTHEAST MISSOURI STATE UNIV           ,MO,63701-4799,Public       ,659,676,1335,6205,2973,9178
00250200,SOUTHWEST BAPTIST UNIVERSITY            ,MO,65613-2597,Private      ,201,378,579,1855,1209,3064
00250300,MISSOURI STATE UNIVERSITY               ,MO,65897-0094,Public       ,1174,1246,2420,11183,5254,16437
00250400,ST LOUIS COLLEGE OF PHARMACY            ,MO,63110-1088,Private      ,30,29,59,733,429,1162
00250600,SAINT LOUIS UNIVERSITY                  ,MO,63103-2097,Private      ,336,805,1141,7288,5073,12361
00250602,SAINT LOUIS UNIV SCH MEDICINE           ,MO,63104-0000,Private      ,5,17,22,119,478,597
00250900,SAINT PAUL SCHOOL OF THEOLOGY           ,MO,64127-2499,Private      ,0,14,14,1,165,166
00251200,STEPHENS COLLEGE                        ,MO,65215-0001,Private      ,40,73,113,847,323,1170
00251400,NORTH CENTRAL MISSOURI COLLEGE          ,MO,64683-1824,Public       ,114,209,323,599,639,1238
00251600,UNIVERSITY OF MISSOURI-COLUMBIA         ,MO,65211-1600,Public       ,1272,972,2244,16633,6030,22663
00251700,MISSOURI UNIVERSITY OF SCIENCE & TECHNOL,MO,65409-0250,Public       ,239,170,409,3848,933,4781
00251800,UNIVERSITY OF MISSOURI-KANSAS CITY      ,MO,64110-2497,Public       ,541,1215,1756,5210,6891,12101
00251900,UNIVERSITY OF MISSOURI-ST LOUIS         ,MO,63121-4499,Public       ,798,1814,2612,4591,6753,11344
00252000,WASHINGTON UNIVERSITY                   ,MO,63130-4899,Private      ,187,454,641,10002,4177,14179
00252001,WASHINGTON UNIV-SCHOOL OF MEDICINE      ,MO,63110-0000,Private      ,2,25,27,43,1082,1125
00252100,WEBSTER UNIVERSITY                      ,MO,63119-3194,Private      ,180,2131,2311,2880,10486,13366
00252200,WENTWORTH MILITARY ACADEMY              ,MO,64067-1799,Private      ,36,53,89,111,155,266
00252300,WESTMINSTER COLLEGE                     ,MO,65251-1299,Private      ,58,9,67,869,65,934
00252400,WILLIAM JEWELL COLLEGE                  ,MO,64068-1896,Private      ,103,42,145,1361,206,1567
00252500,WILLIAM WOODS UNIVERSITY                ,MO,65251-2388,Private      ,103,668,771,792,1618,2410
00405704,NATIONAL AMERICAN UNIVERSITY            ,MO,64057-1791,Proprietary  ,15,73,88,38,266,304
00441300,ST JOHNS HOSP SCH RAD TECH              ,MO,65802-0000,Private      ,5,7,12,30,48,78
00470300,LOGAN COLLEGE OF CHIROPRACTIC           ,MO,63006-1065,Private      ,20,92,112,77,1131,1208
00470700,COVENANT THEOLOGICAL SEMINARY           ,MO,63141-8697,Private      ,0,67,67,0,437,437
00471100,LINN STATE TECHNICAL COLLEGE            ,MO,65051-9607,Public       ,89,61,150,837,231,1068
00471300,THREE RIVERS COMMUNITY COLLEGE          ,MO,63901-2393,Public       ,281,475,756,1340,1816,3156
00528800,KIRKSVILLE AREA TECHNICAL CENTER        ,MO,63501-0000,Public       ,5,16,21,15,50,65
00528900,WAYNESVILLE TECHNICAL ACADEMY           ,MO,65583-0000,Public       ,6,20,26,21,67,88
00542400,SOUTH CENTRAL CAREER CENTER             ,MO,65775-3334,Public       ,6,56,62,7,61,68
00542600,SIKESTON CAREER AND TECHNOLOGY CTR      ,MO,63801-0000,Public       ,2,20,22,25,116,141
00542900,ROLLA TECHNICAL INSTITUTE               ,MO,65401-3601,Public       ,33,73,106,143,260,403
00543000,POPLAR BLUFF TECHNICAL CAREER CNTR      ,MO,63901-0000,Public       ,2,16,18,21,88,109
00543800,SALINE COUNTY CAREER CENTER             ,MO,65340-0000,Public       ,0,13,13,20,54,74
00544500,TRUMAN MEDICAL CENTER SCHOOL OF NURSE AN,MO,64108-2677,Private      ,5,7,12,19,50,69
00553100,GRAND RIVER TECHNICAL SCHOOL            ,MO,64601-1299,Public       ,10,6,16,47,29,76
00553200,CAPE GIRARDEAU CAREER & TECHNOLOGY CENTE,MO,63703-7511,Public       ,12,65,77,70,211,281
00638500,CHAMBERLAIN COLLEGE OF NURSING          ,MO,63139-3297,Proprietary  ,55,448,503,287,1548,1835
00638900,BARNES JEWISH COLLEGE OF NURSING AND ALL,MO,63110-1091,Private      ,22,94,116,152,464,616
00666600,LUTHERAN  SCHOOL OF NURSING             ,MO,63118-3909,Proprietary  ,11,40,51,48,245,293
00754000,MISSOURI BAPTIST UNIVERSITY             ,MO,63141-8698,Private      ,157,423,580,1020,1270,2290
00755700,ITT TECHNICAL INSTITUTE                 ,MO,63045-1122,Proprietary  ,529,907,1436,1070,1781,2851
00808000,STATE FAIR COMMUNITY COLLEGE            ,MO,65301-0000,Public       ,336,462,798,1432,1476,2908
00826900,HILLYARD TECHNICAL CENTER               ,MO,64506-0000,Public       ,12,39,51,65,106,171
00855200,PATRICIA STEVENS COLLEGE                ,MO,63102-2334,Proprietary  ,19,44,63,54,93,147
00860600,TRI-COUNTY TECHNICAL SCHOOL             ,MO,65026-0000,Public       ,3,15,18,7,29,36
00886200,EAST CENTRAL COLLEGE                    ,MO,63084-0529,Public       ,311,331,642,1421,1093,2514
00908900,HANNIBAL-LAGRANGE COLLEGE               ,MO,63401-1999,Private      ,63,106,169,647,414,1061
00952000,NATIONAL ACADEMY OF BEAUTY ARTS         ,MO,63128-1307,Proprietary  ,46,85,131,131,223,354
00959000,INDEPENDENCE COLLEGE OF COSMETOLOGY     ,MO,64055-1105,Proprietary  ,16,32,48,36,59,95
00960700,HOUSE OF HEAVILIN BEAUTY COLLEGE        ,MO,64110-2826,Proprietary  ,3,18,21,13,45,58
00978200,SAINT LUKE'S COLLEGE                    ,MO,64114-3237,Private      ,3,9,12,77,112,189
00979500,MISSOURI COLLEGE                        ,MO,63144-2901,Proprietary  ,93,220,313,315,617,932
01014814,COLORADO TECHNL UNIV NORTH KANSAS CITY  ,MO,64116-3614,Proprietary  ,34,132,166,195,747,942
01027900,HICKEY COLLEGE                          ,MO,63146-0000,Proprietary  ,90,65,155,301,138,439
01040500,PINNACLE CAREER INSTITUTE               ,MO,64131-3367,Proprietary  ,66,298,364,115,575,690
01102600,WARRENSBURG AREA VOC TECH SCH           ,MO,64093-0000,Public       ,2,8,10,25,44,69
01173500,PIKE/LINCOLN TECHNICAL CENTER           ,MO,63344-0000,Public       ,8,10,18,26,45,71
01212000,ASSEMBLIES OF GOD THEO. SEMINARY        ,MO,65802-0000,Private      ,2,57,59,8,258,266
01250000,RANKEN TECHNICAL COLLEGE                ,MO,63113-2811,Private      ,190,189,379,1016,630,1646
01258000,ST LOUIS CHRISTIAN COLLEGE              ,MO,63033-6499,Private      ,61,58,119,163,181,344
01320800,BAPTIST BIBLE COLLEGE                   ,MO,65803-3498,Private      ,155,112,267,406,231,637
02056100,FOUR RIVERS CAREER CENTER               ,MO,63090-0000,Public       ,2,6,8,12,33,45
02066900,NICHOLS CAREER CENTER                   ,MO,65101-2814,Public       ,5,9,14,47,90,137
02068200,COX HEALTH - COX COLLEGE                ,MO,65802-0000,Private      ,26,122,148,143,465,608
02068202,COX HEALTH - RADIOLOGIC TECHNOLOGY      ,MO,65802-0000,Private      ,6,14,20,26,54,80
02068204,COX HEALTH - MEDICAL TECHNOLOGY         ,MO,65807-0000,Private      ,1,4,5,8,17,25
02073600,KENNETT CAREER & TECHNOLOGY CENTER      ,MO,63857-0000,Public       ,1,9,10,9,52,61
02090400,BOONSLICK TECHNICAL EDUCATION CTR       ,MO,65233-0000,Public       ,2,4,6,11,30,41
02121100,MIDWEST INSTITUTE                       ,MO,63122-0000,Proprietary  ,17,82,99,41,165,206
02124500,FRANKLIN TECHNOLOGY CENTER              ,MO,64801-0000,Public       ,20,85,105,83,270,353
02142200,LEX LA RAY TECHNICAL CENTER             ,MO,64067-0000,Public       ,2,4,6,24,40,64
02151000,HANNIBAL CAREER AND TECHNICAL CENTE     ,MO,63401-2285,Public       ,3,14,17,17,69,86
02154900,MISSOURI SCH OF BARB & HAIR             ,MO,63031-0000,Proprietary  ,2,6,8,11,28,39
02164200,FOREST INST PROFESSIONAL PSYCHOLOGY     ,MO,65807-0000,Private      ,1,66,67,2,252,254
02165900,CHILLICOTHE BEAUTY ACADEMY              ,MO,64601-0000,Proprietary  ,2,7,9,6,27,33
02180200,METRO BUSINESS COLLEGE                  ,MO,63701-0000,Proprietary  ,50,174,224,120,488,608
02188000,NORTHWEST TECHNICAL SCHOOL              ,MO,64468-0000,Public       ,0,0,0,2,3,5
02188100,NORTHLAND CAREER CENTER                 ,MO,64079-8333,Public       ,4,9,13,7,58,65
02202700,OZARK CHRISTIAN COLLEGE                 ,MO,64801-0000,Private      ,80,67,147,476,166,642
02203400,NEVADA REGIONAL TECHNICAL CENTER        ,MO,64772-0000,Public       ,1,29,30,17,63,80
02205200,SANFORD-BROWN COLLEGE                   ,MO,63026-7305,Proprietary  ,199,757,956,605,2418,3023
02205203,SANFORD BROWN COLLEGE-ST. PETERS        ,MO,63301-4042,Proprietary  ,59,228,287,214,693,907
02205205,SANFORD BROWN COLLEGE-HAZELWOOD         ,MO,63042-2708,Proprietary  ,38,202,240,173,783,956
02214500,SALEM COLLEGE OF HAIRSTYLING            ,MO,65401-0000,Proprietary  ,1,31,32,5,42,47
02239200,ALLIED COLLEGE - NORTH                  ,MO,63043-0000,Proprietary  ,254,392,646,613,1129,1742
02242800,GIBSON TECHNICAL CENTER                 ,MO,65737-0169,Public       ,1,2,3,5,44,49
02250600,EVEREST COLLEGE                         ,MO,65807-2446,Proprietary  ,92,330,422,404,1380,1784
02263400,LAKE CAREER AND TECHNICAL CENTER        ,MO,65020-0000,Public       ,2,6,8,14,10,24
02266400,CENTRAL CHRISTIAN CLG OF THE BIBLE      ,MO,65270-0000,Private      ,59,28,87,317,192,509
02277500,HOUSE OF HEAVILIN OF BLUE SPRINGS       ,MO,64014-3953,Proprietary  ,19,22,41,32,61,93
02289200,COLUMBIA AREA CAREER CENTER             ,MO,65203-0000,Public       ,15,28,43,45,128,173
02295700,MISSOURI BEAUTY ACADEMY                 ,MO,63640-1827,Proprietary  ,0,1,1,21,46,67
02295701,"MISSOURI BEAUTY ACADEMY, LLC - CRYSTAL C",MO,63019-1724,Proprietary  ,0,0,0,1,1,2
02304000,MISSOURI TECH                           ,MO,63132-0000,Proprietary  ,8,29,37,37,58,95
02309100,AMERICAN COLLEGE OF HAIR DESIGN         ,MO,65301-2144,Proprietary  ,5,8,13,21,29,50
02311100,ABBOTT ACADEMY OF COSMETIC ARTS/SCI     ,MO,63376-0000,Proprietary  ,3,4,7,15,16,31
02313000,CASS CAREER CENTER                      ,MO,64701-0000,Public       ,1,7,8,13,37,50
02340500,ST LOUIS COLLEGE OF HEALTH CAREERS      ,MO,63110-0000,Proprietary  ,22,146,168,58,347,405
02340501,ST LOUIS COLLEGE OF HEALTH              ,MO,63129-0000,Proprietary  ,1,3,4,6,11,17
02342100,CAREER & TECHNOLOGY CTR AT FT OSAGE     ,MO,64058-0000,Public       ,2,3,5,8,5,13
02361600,CONCORDE CAREER COLLEGE                 ,MO,64111-0000,Proprietary  ,41,247,288,103,640,743
02497500,CLINTON TECHNICAL SCHOOL                ,MO,64735-2966,Public       ,1,0,1,4,3,7
02520800,MERRELL UNIV OF BTY ARTS & SCIENCES     ,MO,65109-0000,Proprietary  ,23,48,71,73,100,173
02530600,SAINT CHARLES COMMUNITY COLLEGE         ,MO,63376-0975,Public       ,557,476,1033,2436,1575,4011
02543800,PARIS II EDUCATIONAL CENTER (THE)       ,MO,64118-0000,Proprietary  ,15,35,50,27,100,127
02555300,PATSY AND ROB'S ACADEMY OF BEAUTY       ,MO,63074-0000,Proprietary  ,18,33,51,25,82,107
02564700,ELAINE STEVEN BEAUTY COLLEGE            ,MO,63136-0000,Proprietary  ,24,57,81,41,95,136
02564701,ELAINE STEVEN BEAUTY COLLEGE - ADVANCE B,MO,63383-2006,Proprietary  ,0,0,0,1,1,2
02568500,GRABBER SCHOOL OF HAIR DESIGN           ,MO,63011-0000,Proprietary  ,15,19,34,34,39,73
02599700,VATTEROTT COLLEGE                       ,MO,63134-2900,Proprietary  ,75,365,440,156,832,988
02599701,VATTEROTT COLLEGE - KANSAS CITY         ,MO,64129-1692,Proprietary  ,61,220,281,201,833,1034
02599702,VATTEROTT COLLEGE - SPRINGFIELD LOCATION,MO,65807-5340,Proprietary  ,36,148,184,98,408,506
02599703,VATTEROTT COLLEGE - JOPLIN              ,MO,64801-5033,Proprietary  ,35,100,135,65,306,371
02599705,VATTEROTT COLLEGE - SUNSET HILLS        ,MO,63127-1516,Proprietary  ,58,150,208,184,548,732
02599712,VATTEROTT COLLEGE - O'FALLON            ,MO,63366-2748,Proprietary  ,40,84,124,77,255,332
02608000,NEOSHO BEAUTY COLLEGE                   ,MO,64850-1525,Proprietary  ,1,5,6,3,6,9
02608001,NEOSHO BEAUTY COLLEGE - CLASS ACT I COSM,MO,64801-2314,Proprietary  ,1,9,10,5,18,23
02609202,VATTEROTT COLLEGE-ST JOSEPH             ,MO,64501-2911,Proprietary  ,40,105,145,86,268,354
02609203,VATTEROTT COLLEGE - L'ECOLE CULINAIRE   ,MO,63124-1103,Proprietary  ,57,170,227,159,445,604
02611001,HERITAGE COLLEGE                        ,MO,64151-0000,Proprietary  ,55,210,265,125,452,577
03036100,AERO MECHANICS SCHOOL                   ,MO,64152-0000,Proprietary  ,0,0,0,0,2,2
03042400,LEBANON TECHNOLOGY & CAREER CENTER      ,MO,65536-3296,Public       ,9,26,35,18,76,94
03066300,BRYAN CAREER COLLEGE                    ,MO,65806-2507,Proprietary  ,12,36,48,49,172,221
03066301,BRYAN CAREER COLLEGE                    ,MO,64138-0000,Proprietary  ,0,0,0,0,2,2
03068600,NORTH COUNTY TECH SPECIAL SCH DIST      ,MO,63033-6498,Public       ,11,76,87,28,222,250
03070200,CENTRAL COLLEGE OF COSMETOLOGY          ,MO,65583-0000,Proprietary  ,17,43,60,23,57,80
03070900,SE MO HOSP CLG NURSING & HEALTH SCI     ,MO,63703-4507,Private      ,7,26,33,57,175,232
03077200,COSMETOLOGY CONCEPTS INSTITUTE          ,MO,65202-1972,Proprietary  ,5,13,18,21,34,55
03083000,OZARKS TECHNICAL COMMUNITY COLLEGE      ,MO,65802-3601,Public       ,947,1211,2158,4453,4445,8898
03092600,MESSENGER COLLEGE                       ,MO,64804-4909,Private      ,22,16,38,53,35,88
03097600,ST LOUIS HAIR ACADEMY                   ,MO,63107-1737,Proprietary  ,4,12,16,9,37,46
03101000,NEW DIMENSION SCHOOL OF HAIR DESIGN     ,MO,64801-5017,Proprietary  ,9,16,25,17,30,47
03106000,MISSOURI STATE UNIVERSITY - WEST PLAINS ,MO,65775-2715,Public       ,144,208,352,845,727,1572
03110900,HOUSE OF HEAVILIN BEAUTY COLLEGE        ,MO,64030-1154,Proprietary  ,10,18,28,14,36,50
03166300,MOBERLY AREA TECHNICAL CENTER           ,MO,65270-1904,Public       ,0,4,4,13,8,21
03174300,HERNDON CAREER CENTER                   ,MO,64138-2695,Public       ,1,2,3,14,5,19
03519300,MISSOURI COLLEGE OF COSMETOLOGY NORTH   ,MO,65803-1235,Proprietary  ,28,64,92,70,179,249
03528300,MIDWEST UNIVERSITY                      ,MO,63385-2905,Private      ,0,6,6,3,17,20
03579300,TEXAS COUNTY TECHNICAL INSTITUTE        ,MO,65483-2700,Private      ,11,51,62,31,235,266
03616300,AVIATION INSTITUTE OF MAINTENANCE       ,MO,64129-1811,Proprietary  ,10,62,72,48,206,254
03663400,UNIVERSITY OF COSMETOLOGY               ,MO,63080-1910,Proprietary  ,7,17,24,13,29,42
03817300,ST. CHARLES SCHOOL OF MASSAGE THERAPY   ,MO,63303-5607,Proprietary  ,0,4,4,9,18,27
03878300,PROFESSIONAL MASSAGE TRAINING CENTER    ,MO,65803-2939,Proprietary  ,10,26,36,25,43,68
03916300,ECLIPS SCHOOL OF COSMETOLOGY AND BARBERI,MO,63703-5809,Proprietary  ,3,14,17,17,27,44
03924300,HAIR ACADEMY 110 (THE)                  ,MO,63501-2915,Proprietary  ,3,2,5,12,21,33
03970400,MTTI-WELLSPRING CENTER FOR NATURAL HEALT,MO,64114-3313,Proprietary  ,8,49,57,25,113,138
04037500,ACADEMY OF HAIR DESIGN                  ,MO,65804-2303,Proprietary  ,14,24,38,15,30,45
04048300,DIVAS UNLIMITED ACADEMY                 ,MO,63114-2625,Proprietary  ,0,5,5,1,16,17
04117800,CAREER ALTERNATIVES LEARNING CENTER     ,MO,63044-4079,Proprietary  ,0,1,1,0,12,12
00163201,AQUINAS INSTITUTE OF THEOLOGY - MINISTRY,OK,73123-0380,Private      ,2,2,4,2,3,5
00314600,WESTERN OKLAHOMA STATE COLLEGE          ,OK,73521-1397,Public       ,134,244,378,419,683,1102
00314700,BACONE COLLEGE                          ,OK,74403-1597,Private      ,168,148,316,638,562,1200
00314900,SOUTHERN NAZARENE UNIVERSITY            ,OK,73008-2694,Private      ,219,509,728,1164,1078,2242
00315000,CAMERON UNIVERSITY                      ,OK,73505-6377,Public       ,359,792,1151,1506,2738,4244
00315100,OKLAHOMA WESLEYAN UNIVERSITY            ,OK,74006-6299,Private      ,62,172,234,512,672,1184
00315200,UNIV OF CENTRAL OKLAHOMA                ,OK,73034-5209,Public       ,1189,1340,2529,6667,5383,12050
00315300,CONNORS STATE COLLEGE                   ,OK,74469-9700,Public       ,155,266,421,799,950,1749
00315400,EAST CENTRAL UNIVERSITY                 ,OK,74820-6999,Public       ,416,549,965,1973,2184,4157
00315500,EASTERN OKLAHOMA STATE COLLEGE          ,OK,74578-4999,Public       ,156,270,426,753,868,1621
00315600,REDLANDS COMMUNITY COLLEGE              ,OK,73036-5304,Public       ,166,331,497,547,878,1425
00315700,LANGSTON UNIVERSITY                     ,OK,73050-0000,Public       ,413,461,874,1862,1715,3577
00315800,MURRAY STATE COLLEGE                    ,OK,73460-3137,Public       ,238,418,656,920,1370,2290
00316000,NORTHEASTERN OKLAHOMA A & M COLLEGE     ,OK,74354-6497,Public       ,263,221,484,1163,721,1884
00316100,NORTHEASTERN STATE UNIVERSITY           ,OK,74464-2399,Public       ,605,1108,1713,4216,4973,9189
00316200,NORTHERN OKLAHOMA COLLEGE               ,OK,74653-0310,Public       ,498,510,1008,1555,1624,3179
00316300,NORTHWESTERN OKLAHOMA STATE UNIV        ,OK,73717-2799,Public       ,209,218,427,900,748,1648
00316400,OKLAHOMA BAPTIST UNIVERSITY             ,OK,74801-2590,Private      ,132,64,196,1350,232,1582
00316500,OKLAHOMA CHRISTIAN UNIVERSITY           ,OK,73131-0000,Private      ,233,165,398,2000,534,2534
00316600,OKLAHOMA CITY UNIVERSITY                ,OK,73106-1493,Private      ,159,294,453,1707,1909,3616
00316700,UNIV OF SCIENCE & ARTS OF OKLAHOMA      ,OK,73018-5322,Public       ,131,127,258,710,479,1189
00316800,ROGERS STATE UNIVERSITY                 ,OK,74017-3252,Public       ,304,492,796,1808,1955,3763
00317000,OKLAHOMA STATE UNIVERSITY               ,OK,74078-1015,Public       ,1869,1332,3201,11859,5842,17701
00317200,OKLAHOMA STATE UNIVERSITY-OKMULGEE      ,OK,74447-3901,Public       ,270,297,567,1176,970,2146
00317400,OKLAHOMA PANHANDLE STATE UNIVERSITY     ,OK,73939-0000,Public       ,146,115,261,591,325,916
00317600,CARL ALBERT STATE COLLEGE               ,OK,74953-5208,Public       ,173,396,569,942,1526,2468
00317800,SEMINOLE STATE COLLEGE                  ,OK,74818-1902,Public       ,146,238,384,646,898,1544
00317900,SOUTHEASTERN OKLAHOMA STATE UNIV        ,OK,74701-0609,Public       ,458,553,1011,2116,1753,3869
00318000,SOUTHWESTERN CHRISTIAN UNIVERSITY       ,OK,73008-2335,Private      ,31,60,91,136,160,296
00318100,SOUTHWESTERN OKLAHOMA STATE UNIV        ,OK,73096-3098,Public       ,467,427,894,2513,1566,4079
00318101,SOUTHWESTERN OK STATE UNIV AT SAYRE     ,OK,73662-0000,Public       ,39,88,127,113,217,330
00318300,ST GREGORY'S UNIVERSITY                 ,OK,74804-2499,Private      ,42,107,149,280,368,648
00318308,SAINT GREGORY'S UNIVERSITY - IPD TULSA  ,OK,74135-2499,Private      ,1,22,23,7,117,124
00318400,UNIVERSITY OF OKLAHOMA                  ,OK,73019-4078,Public       ,1514,1487,3001,12694,7400,20094
00318401,UNIVERSITY OF OKLAHOMA-HLTH SCI CTR     ,OK,73190-0000,Public       ,50,448,498,397,2823,3220
00318500,UNIVERSITY OF TULSA                     ,OK,74104-3189,Private      ,245,271,516,2380,1547,3927
00398500,ORAL ROBERTS UNIVERSITY                 ,OK,74171-0001,Private      ,413,372,785,2622,1303,3925
00531100,TULSA COUNTY AREA VOC TECH SCHOOL       ,OK,74145-0000,Public       ,34,145,179,125,493,618
00531200,RED RIVER TECHNOLOGY CENTER             ,OK,73533-2700,Public       ,10,48,58,17,87,104
00533900,METRO TECHNOLOGY CENTERS SCH DIST22     ,OK,73111-0000,Public       ,53,234,287,132,737,869
00533903,METRO TECHNOLOGY CENTERS SCH DIST22     ,OK,73129-0000,Public       ,16,51,67,41,165,206
00694200,MID-AMERICA CHRISTIAN UNIVERSITY        ,OK,73170-4504,Private      ,78,229,307,408,682,1090
00767800,SPARTAN COLLEGE OF AERONAUTICS AND TECHN,OK,74115-5800,Proprietary  ,193,165,358,756,622,1378
00791100,VIRGILS BEAUTY COLLEGE                  ,OK,74401-6802,Proprietary  ,6,20,26,12,35,47
00834300,AUTRY TECHNOLOGY CENTER                 ,OK,73703-2598,Public       ,21,58,79,57,175,232
00861900,TRI COUNTY TECHNOLOGY CENTER            ,OK,74006-6029,Public       ,14,39,53,60,117,177
00918500,ROSE STATE COLLEGE                      ,OK,73110-2799,Public       ,439,1146,1585,1595,3561,5156
00920400,KIAMICHI AREA VOC TECH SCHOOL           ,OK,74578-0548,Public       ,106,289,395,245,816,1061
00920408,KIAMICHI AREA VOC TECH SCHOOL           ,OK,74953-0000,Public       ,4,24,28,24,81,105
00961800,TULSA WELDING SCHOOL                    ,OK,74104-0000,Proprietary  ,200,251,451,468,585,1053
00964700,"OKLAHOMA STATE UNIV, OKLA CITY          ",OK,73107-6159,Public       ,382,1027,1409,1410,3239,4649
00970800,EVES COLLEGE OF HAIRSTYLING             ,OK,73501-4359,Proprietary  ,9,21,30,20,66,86
00976300,TULSA COMMUNITY COLLEGE                 ,OK,74135-6198,Public       ,877,1925,2802,4973,7093,12066
00996300,CADDO KIOWA VOC TECH CENTER             ,OK,73038-0000,Public       ,20,81,101,52,204,256
00996400,CENTRAL OKLAHOMA AREA VOC TECH SCH      ,OK,74030-9613,Public       ,17,56,73,43,158,201
00996500,CANADIAN VALLEY TECHNOLOGY CENTER       ,OK,73036-9117,Public       ,23,90,113,48,247,295
00996800,GORDON COOPER TECHNOLOGY CENTER         ,OK,74804-9913,Public       ,21,74,95,78,279,357
01005300,INDIAN CAPITAL TECHNOLGY CENTER #4      ,OK,74403-9907,Public       ,33,101,134,110,465,575
01026600,HILLSDALE FREE WILL BAPTIST COLLEGE     ,OK,73153-0000,Private      ,62,28,90,195,58,253
01034200,SOUTHERN OKLAHOMA TECHNOLOGY CENTER     ,OK,73401-2100,Public       ,32,63,95,73,167,240
01039100,OKLAHOMA CITY COMMUNITY COLLEGE         ,OK,73159-4444,Public       ,837,1555,2392,2821,4913,7734
01071700,GREAT PLAINS TECHNOLOGY CENTER SCHOOL DI,OK,73505-8399,Public       ,21,81,102,81,336,417
01076200,WESTERN OK AREA VOC TECH SCH DIST12     ,OK,73624-1469,Public       ,15,41,56,44,105,149
01120600,PIONEER TECHNOLOGY CENTER               ,OK,74601-1106,Public       ,7,46,53,15,105,120
01128200,OKLAHOMA STATE UNV CLG OSTEOPTHC MD     ,OK,74107-0000,Public       ,5,41,46,36,459,495
01153700,MID-AMERICA TECHNOLOGY CENTER           ,OK,73095-0210,Public       ,11,27,38,22,59,81
01227200,MOORE-NORMAN TECHNOLOGY CENTER          ,OK,73069-8399,Public       ,35,143,178,111,428,539
02052700,NORTHEAST TECHNOLOGY CENTER             ,OK,74361-0487,Public       ,30,108,138,75,265,340
02060800,MERIDIAN TECHNOLOGY CENTER              ,OK,74074-0000,Public       ,13,52,65,77,209,286
02126500,ENID BEAUTY COLLEGE                     ,OK,73701-0000,Proprietary  ,13,15,28,16,28,44
02177900,STATE BARBER AND HAIR DESIGN CLG        ,OK,73108-0000,Proprietary  ,4,14,18,13,38,51
02184400,SAND SPRINGS BEAUTY COLLEGE             ,OK,74063-0000,Proprietary  ,7,37,44,23,106,129
02197300,HOLLYWOOD COSMETOLOGY CENTER            ,OK,73189-0000,Proprietary  ,3,14,17,7,20,27
02222700,FRANCIS TUTTLE TECHNOLOGY CENTER        ,OK,73142-0000,Public       ,58,294,352,156,811,967
02238500,CENTRAL STATE BEAUTY ACADEMY            ,OK,73162-6007,Proprietary  ,13,46,59,41,125,166
02250900,E OK COUNTY AREA VO-TECH                ,OK,73020-0000,Public       ,2,20,22,15,52,67
02256200,"BROKEN ARROW BEAUTY COLLEGE, INC        ",OK,74012-0000,Proprietary  ,13,29,42,37,84,121
02282100,HIGH PLAINS AREA VOC-TECH               ,OK,73801-0000,Public       ,5,21,26,21,72,93
02306800,PLATT COLLEGE                           ,OK,74145-0000,Proprietary  ,88,549,637,209,1323,1532
02510300,BEAUTY TECHNICAL COLLEGE                ,OK,74465-0000,Proprietary  ,5,20,25,8,24,32
02531200,WOODWARD BEAUTY COLLEGE                 ,OK,73801-0000,Proprietary  ,4,12,16,8,14,22
02554300,AMERICAN BEAUTY INSTITUTE               ,OK,74501-0000,Proprietary  ,2,14,16,12,28,40
02556500,YUKON BEAUTY COLLEGE                    ,OK,73099-4108,Proprietary  ,6,15,21,8,23,31
02560200,PHILLIPS THEOLOGICAL SEMINARY -         ,OK,74116-5612,Private      ,1,23,24,1,95,96
02571500,CITY COLLEGE                            ,OK,73160-0000,Proprietary  ,0,0,0,2,8,10
02581100,CLAREMORE BEAUTY COLLEGE                ,OK,74017-7034,Proprietary  ,3,0,3,8,7,15
02581200,CC'S COSMETOLOGY COLLEGE                ,OK,74129-0000,Proprietary  ,6,64,70,19,146,165
02591101,CAREER POINT INSTITUTE                  ,OK,74146-0000,Proprietary  ,0,6,6,16,35,51
02596501,ATI-CAREER TRAINING CENTER - OKLAHOMA CI,OK,73107-2442,Proprietary  ,1,8,9,1,8,9
02597400,PONTOTOC TECHNOLOGY CENTER SCHOOL       ,OK,74820-8621,Public       ,22,33,55,43,127,170
02599706,VATTEROTT COLLEGE - TULSA               ,OK,74146-2205,Proprietary  ,29,107,136,52,203,255
02600000,NORTHWEST TECHNOLOG CTR SCH DIST 10     ,OK,73717-9600,Public       ,8,17,25,20,45,65
02600500,WES WATKINS TECHNOLOGY CENTER           ,OK,74883-9660,Public       ,7,45,52,35,162,197
02609205,VATTEROTT COLLEGE - OKLAHOMA CITY       ,OK,73127-2103,Proprietary  ,24,128,152,63,505,568
03008700,SOUTHWEST TECHNOLOGY CENTER             ,OK,73521-1527,Public       ,13,19,32,22,69,91
03010300,POTEAU BEAUTY COLLEGE                   ,OK,74953-5400,Proprietary  ,12,29,41,19,55,74
03024700,STILLWATER BEAUTY ACADEMY               ,OK,74075-3467,Proprietary  ,5,12,17,11,29,40
03030700,OKLAHOMA SCHOOL OF PHOTOGRAPHY          ,OK,73160-3320,Proprietary  ,8,20,28,17,43,60
03030800,AMERICAN BROADCASTING SCHOOL            ,OK,73115-3334,Proprietary  ,29,68,97,57,191,248
03051100,CHISHOLM TRAIL TECHNOLOGY CENTER        ,OK,73764-9720,Public       ,2,3,5,7,31,38
03078500,TECH INST OF COSMETOLOGY ARTS & SCI     ,OK,74120-3610,Proprietary  ,1,18,19,4,28,32
03089400,SCHOOL OF HAIR DESIGN                   ,OK,74745-3447,Proprietary  ,14,26,40,19,53,72
03103800,SOUTHERN SCHOOL OF BEAUTY               ,OK,74701-5008,Proprietary  ,9,21,30,22,59,81
03109800,PONCA CITY BEAUTY COLLEGE               ,OK,74601-4201,Proprietary  ,1,10,11,1,11,12
03109801,BARTLESVILLE BEAUTY COLLEGE             ,OK,74003-2835,Proprietary  ,1,6,7,1,9,10
03115100,HERITAGE COLLEGE                        ,OK,73119-0000,Proprietary  ,87,247,334,176,681,857
03124800,PLATT COLLEGE                           ,OK,73501-3808,Proprietary  ,6,47,53,28,122,150
03126200,GREEN COUNTRY AREA VOC TECH SCHOOL      ,OK,74447-1217,Public       ,5,28,33,23,62,85
03198400,MID-DEL AREA VOCATIONAL & TECH SCH      ,OK,73110-4825,Public       ,1,23,24,6,48,54
03329400,PRYOR BEAUTY COLLEGE                    ,OK,74361-0000,Proprietary  ,0,15,15,1,23,24
03329401,PRYOR BEAUTY COLLEGE - GROVE BEAUTY COLL,OK,74345-0009,Proprietary  ,1,15,16,3,18,21
03329402,PRYOR BEAUTY COLLEGE - NORTH EAST OKLAHO,OK,74338-0000,Proprietary  ,1,33,34,1,33,34
03367400,COMMUNITY CARE COLLEGE                  ,OK,74145-6420,Proprietary  ,73,339,412,187,785,972
03396300,OKLAHOMA HEALTH ACADEMY                 ,OK,74105-6220,Proprietary  ,19,53,72,39,135,174
03396400,OKLAHOMA HEALTH ACADEMY                 ,OK,73160-3667,Proprietary  ,21,62,83,45,172,217
03453400,SHAWNEE BEAUTY COLLEGE                  ,OK,74801-7014,Proprietary  ,5,15,20,9,25,34
03676300,FAMILY OF FAITH COLLEGE                 ,OK,74802-1805,Private      ,4,5,9,5,21,26
03831300,INSTITUTE OF HAIR DESIGN                ,OK,74804-0000,Proprietary  ,4,12,16,11,27,38
03928300,CENTRAL STATE MASSAGE ACADEMY           ,OK,73162-6007,Proprietary  ,4,24,28,12,51,63
04027300,4-STATES ACADEMY OF COSMETOLOGY         ,OK,74354-0000,Proprietary  ,4,18,22,6,28,34
04060300,AMERICAN INSTITUTE OF MEDICAL TECHNOLOGY,OK,74146-5201,Proprietary  ,2,14,16,21,68,89
04062300,OKLAHOMA TECHNOLOGY INSTITUTE           ,OK,73114-6318,Proprietary  ,2,18,20,11,51,62
00163700,BETHANY THEOLOGICAL SEMINARY            ,IN,47374-0000,Private      ,0,4,4,1,23,24
00178400,ANCILLA COLLEGE-FINANCIAL AID OFFC      ,IN,46513-0001,Private      ,31,48,79,410,382,792
00178500,ANDERSON UNIVERSITY                     ,IN,46012-3495,Private      ,125,204,329,2515,816,3331
00178600,BALL STATE UNIVERSITY                   ,IN,47306-0880,Public       ,648,633,1281,16336,6872,23208
00178700,BETHEL COLLEGE INC                      ,IN,46545-5591,Private      ,41,157,198,1419,1037,2456
00178800,BUTLER UNIVERSITY                       ,IN,46208-3487,Private      ,81,109,190,5000,1027,6027
00178900,CHRISTIAN THEOLOGICAL SEMINARY          ,IN,46208-0000,Private      ,0,39,39,0,216,216
00179200,DEPAUW UNIVERSITY                       ,IN,46135-0037,Private      ,38,1,39,2552,30,2582
00179300,EARLHAM COLLEGE                         ,IN,47374-4095,Private      ,48,20,68,1336,107,1443
00179301,EARLHAM SCHOOL OF RELIGION              ,IN,47374-0000,Private      ,1,4,5,12,50,62
00179500,UNIVERSITY OF EVANSVILLE                ,IN,47722-0002,Private      ,58,55,113,3354,411,3765
00179800,FRANKLIN COLLEGE OF INDIANA             ,IN,46131-2623,Private      ,21,6,27,1615,116,1731
00179900,GOSHEN COLLEGE                          ,IN,46526-4794,Private      ,42,52,94,975,240,1215
00180000,GRACE COLLEGE & THEO SEMINARY           ,IN,46590-1224,Private      ,57,34,91,1198,600,1798
00180100,HANOVER COLLEGE                         ,IN,47243-0108,Private      ,16,6,22,1402,34,1436
00180300,HUNTINGTON UNIVERSITY                   ,IN,46750-1299,Private      ,41,44,85,1119,196,1315
00180400,UNIVERSITY OF INDIANAPOLIS              ,IN,46227-3697,Private      ,109,333,442,4111,2298,6409
00180500,INDIANA INSTITUTE OF TECHNOLOGY         ,IN,46803-1297,Private      ,58,297,355,1230,1851,3081
00180700,INDIANA STATE UNIVERSITY                ,IN,47809-2501,Public       ,407,634,1041,7623,4773,12396
00180800,UNIVERSITY OF SOUTHERN INDIANA          ,IN,47712-3596,Public       ,376,366,742,7499,2548,10047
00180900,INDIANA UNIVERSITY-BLOOMINGTON          ,IN,47405-1223,Public       ,1120,919,2039,23994,8731,32725
00181100,INDIANA UNIV-EAST                       ,IN,47374-1289,Public       ,88,290,378,964,1416,2380
00181300,INDIANA UNIV-PURDUE UNIV INDPLS         ,IN,46202-5145,Public       ,839,2275,3114,12021,15822,27843
00181301,INDIANA UNIVERSITY - PURDUE UNIVERSITY I,IN,47203-1769,Public       ,60,128,188,925,882,1807
00181400,INDIANA UNIV KOKOMO                     ,IN,46902-3557,Public       ,87,228,315,1248,1393,2641
00181500,INDIANA UNIV-NORTHWEST                  ,IN,46408-1197,Public       ,240,621,861,2041,3202,5243
00181600,INDIANA UNIVERSITY - SOUTH BEND         ,IN,46615-0000,Public       ,308,670,978,3321,3671,6992
00181700,INDIANA UNIVERSITY-SOUTHEAST            ,IN,47150-6405,Public       ,321,598,919,2619,2825,5444
00182000,MANCHESTER COLLEGE                      ,IN,46962-1276,Private      ,27,9,36,1673,96,1769
00182100,MARIAN UNIVERSITY                       ,IN,46222-1997,Private      ,43,164,207,1435,1402,2837
00182200,INDIANA WESLEYAN UNIVERSITY             ,IN,46953-4974,Private      ,138,2403,2541,3453,8964,12417
00182300,ASSOCIATED MENNONITE BIBLICAL SEM       ,IN,46517-1999,Private      ,0,6,6,3,65,68
00182400,OAKLAND CITY UNIVERSITY                 ,IN,47660-1099,Private      ,25,148,173,653,1624,2277
00182500,PURDUE UNIVERSITY                       ,IN,47907-2050,Public       ,1045,694,1739,27193,5907,33100
00182600,PURDUE UNIV NORTH CENTRAL CAMPUS        ,IN,46391-9528,Public       ,230,321,551,1910,2068,3978
00182700,PURDUE UNIV CALUMET                     ,IN,46323-2094,Public       ,489,783,1272,4060,4038,8098
00182800,INDIANA UNIV-PURDUE UNIV FORT WAYNE     ,IN,46805-1499,Public       ,499,915,1414,6489,5353,11842
00183000,ROSE HULMAN INSTITUTE OF TECHNOLOGY     ,IN,47803-3999,Private      ,53,5,58,2636,77,2713
00183200,UNIVERSITY OF SAINT FRANCIS             ,IN,46808-3994,Private      ,77,162,239,1886,1283,3169
00183300,ST JOSEPH'S COLLEGE                     ,IN,47978-0000,Private      ,24,11,35,1202,111,1313
00183400,CALUMET COLLEGE OF SAINT JOSEPH         ,IN,46394-2195,Private      ,71,187,258,358,699,1057
00183500,SAINT MARY-OF-THE-WOODS COLLEGE         ,IN,47876-0067,Private      ,12,224,236,351,1069,1420
00183600,ST MARY'S COLLEGE                       ,IN,46556-5007,Private      ,24,4,28,1609,44,1653
00183800,TAYLOR UNIVERSITY                       ,IN,46989-1001,Private      ,49,28,77,2118,135,2253
00183801,TAYLOR UNIVERSITY - FORT WAYNE          ,IN,46807-0000,Private      ,17,37,54,506,258,764
00183900,TRINE UNIVERSITY                        ,IN,46703-1764,Private      ,38,69,107,2058,568,2626
00184000,UNIVERSITY OF NOTRE DAME                ,IN,46556-5602,Private      ,121,152,273,11066,2792,13858
00184200,VALPARAISO UNIVERSITY                   ,IN,46383-6493,Private      ,58,167,225,3939,1709,5648
00184300,VINCENNES UNIVERSITY                    ,IN,47591-1523,Public       ,419,524,943,4713,2471,7184
00184302,VINCENNES UNIV - FORT HARRISON CNTR     ,IN,46256-0000,Public       ,4,18,22,62,85,147
00184400,WABASH COLLEGE                          ,IN,47933-0352,Private      ,28,6,34,1150,33,1183
00224905,DAVENPORT UNIVERSITY-MERRILLVILLE       ,IN,46410-0000,Private      ,12,129,141,106,664,770
00420300,GOOD SAMARITAN HOSP RADIOGRAPHY PRG     ,IN,47591-0000,Public       ,0,3,3,5,11,16
00457900,INTERNATIONAL BUSINESS COLLEGE          ,IN,46804-0000,Proprietary  ,53,36,89,672,263,935
00457901,INTERNATIONAL BUSINESS COLLEGE          ,IN,46256-0000,Proprietary  ,31,26,57,425,124,549
00458300,BROWN MACKIE COLLEGE-SOUTH BEND         ,IN,46635-1776,Proprietary  ,133,707,840,471,2589,3060
00512730,BROWN MACKIE COLLEGE-MERRILLVILLE       ,IN,46410-0000,Proprietary  ,96,467,563,297,1934,2231
00625700,SAINT ELIZABETH SCHOOL OF NURSING       ,IN,47904-2198,Private      ,6,11,17,108,181,289
00726300,HOLY CROSS COLLEGE                      ,IN,46556-0308,Private      ,36,13,49,515,65,580
00727600,SAINT MEINRAD SCHOOL OF THEOLOGY        ,IN,47577-1002,Private      ,0,29,29,6,76,82
00732700,ITT TECHNICAL INSTITUTE                 ,IN,47630-7430,Proprietary  ,591,1110,1701,1392,2343,3735
00732900,ITT TECHNICAL INSTITUTE                 ,IN,46268-1119,Proprietary  ,643,1828,2471,1527,3734,5261
00736200,MEDTECH COLLEGE                         ,IN,46250-3970,Proprietary  ,37,285,322,69,617,686
00793800,LINCOLN COLLEGE OF TECHNOLOGY           ,IN,46202-0000,Proprietary  ,349,254,603,1788,733,2521
00832900,ITT TECHNICAL INSTITUTE                 ,IN,46825-2393,Proprietary  ,473,933,1406,1079,1759,2838
00842300,IVY TECH COMMUNITY COLLEGE OF INDIANA - ,IN,46601-3892,Public       ,244,915,1159,1561,3949,5510
00854600,NOT FOR STUDENT USE                     ,IN,46208-4700,Public       ,358,748,1106,2234,3582,5816
00854700,IVY TECH COMMUNITY COLLEGE OF INDIANA - ,IN,47802-4898,Public       ,291,777,1068,1524,3327,4851
00951500,J MICHAEL HARROLD BEAUTY ACADEMY        ,IN,47807-3390,Proprietary  ,13,13,26,31,25,56
00961200,"APEX SCHOOL OF BEAUTY CULTURE, INC      ",IN,46016-0000,Proprietary  ,2,8,10,4,19,23
00961300,MERRILLVILLE BEAUTY COLLEGE             ,IN,46410-3401,Proprietary  ,20,54,74,29,87,116
00967300,RUDAE'S SCHOOL OF BEAUTY CULTURE        ,IN,46825-5444,Proprietary  ,35,78,113,46,97,143
00967301,RUDAE'S SCHOOL OF BEAUTY CULTURE - FORT ,IN,46825-5444,Proprietary  ,0,3,3,20,18,38
00977700,KAPLAN COLLEGE                          ,IN,46278-1736,Proprietary  ,96,296,392,254,783,1037
00977701,KAPLAN COLLEGE - ADDITIONAL CLASSROOM   ,IN,46278-1734,Proprietary  ,0,1,1,0,1,1
00991700,IVY TECH COMMUNITY COLLEGE OF INDIANA - ,IN,46208-1763,Public       ,560,1509,2069,2919,6537,9456
00992300,IVY TECH COMMUNITY COLLEGE OF INDIANA - ,IN,47250-1881,Public       ,148,451,599,616,1345,1961
00992400,IVY TECH COMMUNITY COLLEGE OF INDIANA - ,IN,47302-9448,Public       ,327,935,1262,2072,4212,6284
00992500,IVY TECH COMMUNITY COLLEGE OF INDIANA - ,IN,47710-3398,Public       ,253,727,980,1518,2903,4421
00992600,IVY TECH COMMUNITY COLLEGE OF INDIANA- R,IN,46805-1489,Public       ,459,1268,1727,2651,5110,7761
01003700,IVY TECH STATE COLLEGE - REGION 9       ,IN,47374-1220,Public       ,104,535,639,612,1966,2578
01003800,IVY TECH COMMUNITY COLLEGE OF INDIANA - ,IN,47203-1868,Public       ,146,444,590,790,1940,2730
01003900,IVY TECH COMMUNITY COLLEGE OF INDIANA - ,IN,47903-6299,Public       ,302,551,853,1938,2710,4648
01004000,IVY TECH COMMUNITY COLLEGE OF INDIANA - ,IN,46409-1303,Public       ,351,1225,1576,1362,4080,5442
01004100,IVY TECH STATE COLLEGE - REGION 5       ,IN,46903-1373,Public       ,177,773,950,901,2522,3423
01010900,IVY TECH COMMUNITY COLLEGE OF INDIANA - ,IN,47172-1897,Public       ,184,467,651,809,1942,2751
01015100,VINCENNES BEAUTY COLLEGE                ,IN,47591-1297,Proprietary  ,4,9,13,19,33,52
01040900,LAFAYETTE BEAUTY ACADEMY                ,IN,47901-1149,Proprietary  ,3,8,11,19,42,61
01061800,MID-AMERICA CLG FUNERAL SERVICE         ,IN,47130-9990,Private      ,12,16,28,32,68,100
01150500,CREATIVE HAIR STYLING ACADEMY           ,IN,46322-1554,Proprietary  ,15,9,24,32,41,73
02084800,RAVENSCROFT BEAUTY COLLEGE              ,IN,46815-0000,Proprietary  ,22,93,115,43,149,192
02087600,CONCORDIA THEOLOGICAL SEMINARY          ,IN,46825-0000,Private      ,0,19,19,2,263,265
02118900,EVANSVILLE TRI STATE BEAUTY COLLEGE     ,IN,47715-0000,Proprietary  ,9,27,36,37,50,87
02140800,MARTIN UNIVERSITY                       ,IN,46218-0000,Private      ,17,273,290,88,958,1046
02158400,HARRISON COLLEGE                        ,IN,46204-2611,Proprietary  ,126,525,651,442,1791,2233
02158401,HARRISON COLLEGE - COLUMBUS             ,IN,47203-1843,Proprietary  ,14,68,82,95,357,452
02158402,HARRISON COLLEGE - LAFAYETTE            ,IN,47905-4859,Proprietary  ,20,97,117,102,411,513
02158404,HARRISON COLLEGE - MARION               ,IN,46952-0000,Proprietary  ,6,44,50,36,158,194
02158405,HARRISON COLLEGE - TERRE HAUTE          ,IN,47802-0000,Proprietary  ,20,81,101,74,349,423
02158407,HARRISON COLLEGE - ANDERSON             ,IN,46013-0000,Proprietary  ,20,68,88,92,291,383
02158409,HARRISON COLLEGE - EVANSVILLE           ,IN,47715-3901,Proprietary  ,20,99,119,117,392,509
02158410,HARRISON COLLEGE - EAST                 ,IN,46239-8903,Proprietary  ,26,190,216,154,646,800
02158412,HARRISON COLLEGE - FORT WAYNE           ,IN,46825-0000,Proprietary  ,30,124,154,187,585,772
02158413,HARRISON COLLEGE - NORTHWEST            ,IN,46278-0000,Proprietary  ,23,95,118,76,296,372
02158800,DON ROBERTS BEAUTY SCHOOLS              ,IN,46383-0000,Proprietary  ,6,7,13,17,22,39
02164300,DON ROBERTS SCHOOL OF HAIR DESIGN       ,IN,46375-9999,Proprietary  ,5,12,17,19,40,59
02201800,KAPLAN COLLEGE                          ,IN,46410-0000,Proprietary  ,21,110,131,111,497,608
02201802,KAPLAN COLLEGE - HAMMOND                ,IN,46324-3347,Proprietary  ,38,152,190,159,650,809
02241700,PJ'S COLLEGE OF COSMETOLOGY             ,IN,47129-0000,Proprietary  ,10,46,56,20,94,114
02302700,J EVERETT LIGHT CAREER CENTER           ,IN,46240-0000,Public       ,4,31,35,33,164,197
02304800,PJ'S COLLEGE OF COSMETOLOGY             ,IN,47374-0000,Proprietary  ,3,6,9,10,28,38
02308900,MASTER'S OF COSMETOLOGY COLLEGE         ,IN,46809-0000,Proprietary  ,12,26,38,36,57,93
02339600,ROGER'S ACADEMY OF HAIR DESIGN          ,IN,47712-0000,Proprietary  ,21,38,59,60,89,149
02345200,EMPIRE BEAUTY SCHOOL                    ,IN,46237-0000,Proprietary  ,19,55,74,69,148,217
02347600,BALL MEMORIAL HOSPITAL SCH RAD TECH     ,IN,47303-0000,Private      ,0,0,0,22,21,43
02351300,KNOX BEAUTY COLLEGE                     ,IN,46534-0000,Proprietary  ,6,8,14,18,24,42
02490500,HAIR FASHIONS BY KAYE BEAUTY CLG        ,IN,46250-0000,Proprietary  ,2,6,8,22,47,69
02490800,HAIR FASHIONS BY KAYE BEAUTY CLG        ,IN,46060-0000,Proprietary  ,20,48,68,55,176,231
02607000,HAIR ARTS ACADEMY                       ,IN,47404-3581,Proprietary  ,5,6,11,12,29,41
02615800,COLLEGE OF COURT REPORTING              ,IN,46342-5969,Proprietary  ,5,77,82,17,229,246
03009700,HARRISON COLLEGE                        ,IN,47303-6413,Proprietary  ,18,75,93,123,403,526
03009701,HARRISON COLLEGE - MUNCIE - ELKHART     ,IN,46516-9795,Proprietary  ,6,34,40,6,34,40
03084601,THE ART INSTITUTE OF INDIANAPOLIS       ,IN,46268-1170,Proprietary  ,93,132,225,555,496,1051
03100600,MARION COMM TUCKER AREA VOC SCHOOL      ,IN,46952-3831,Public       ,8,21,29,19,51,70
03176300,AMERICAN TRANS AIR AVIATION ACADEMY     ,IN,46241-1445,Proprietary  ,11,62,73,40,184,224
03262300,DAVID DEMUTH INSTITUTE OF COSM          ,IN,47374-4101,Proprietary  ,5,8,13,17,32,49
03456700,CROSSROADS BIBLE COLLEGE                ,IN,46219-4912,Private      ,8,51,59,54,189,243
03521300,IVY TECH COMMUNITY COLLEGE OF INDIANA - ,IN,47404-9772,Public       ,330,631,961,1894,2602,4496
03538300,ALEXANDRIA SCH OF SCIENTIFIC THERAP     ,IN,46001-0287,Proprietary  ,6,19,25,28,52,80
04038700,IDEAL BEAUTY ACADEMY                    ,IN,47130-4215,Proprietary  ,3,24,27,12,32,44
04100300,SUCCESS SCHOOLS                         ,IN,46410-5310,Proprietary  ,7,20,27,12,48,60
04119700,MOLER HAIRSTYLING COLLEGE               ,IN,46406-1745,Proprietary  ,3,23,26,3,25,28
00190100,ALLEN COUNTY COMMUNITY COLLEGE          ,KS,66749-1607,Public       ,245,332,577,770,771,1541
00190200,COWLEY COUNTY COMMUNITY COLLEGE & AREA V,KS,67005-2662,Public       ,374,621,995,1253,1686,2939
00190300,BAKER UNIVERSITY                        ,KS,66006-0065,Private      ,79,642,721,1331,1930,3261
00190400,BETHANY COLLEGE                         ,KS,67456-1897,Private      ,59,7,66,659,77,736
00190500,BETHEL COLLEGE                          ,KS,67117-0531,Private      ,38,35,73,525,144,669
00190600,BUTLER COUNTY COMMUNITY COLLEGE         ,KS,67042-3280,Public       ,625,993,1618,2526,3018,5544
00190700,CENTRAL BAPTIST THEOLOGY SEMINARY       ,KS,66226-3513,Private      ,0,9,9,0,26,26
00190800,CENTRAL CHRISTIAN COLLEGE OF KANSAS     ,KS,67460-5799,Private      ,31,14,45,385,76,461
00190900,CLOUD COUNTY COMMUNITY COLLEGE          ,KS,66901-1002,Public       ,128,216,344,634,635,1269
00191000,COFFEYVILLE COMMUNITY COLLEGE           ,KS,67337-5064,Public       ,196,100,296,739,249,988
00191100,COLBY COMMUNITY COLLEGE                 ,KS,67701-4099,Public       ,104,110,214,502,303,805
00191300,DODGE CITY COMMUNITY COLLEGE            ,KS,67801-2399,Public       ,138,130,268,499,305,804
00191400,DONNELLY COLLEGE                        ,KS,66102-4298,Private      ,59,223,282,164,408,572
00191500,FORT HAYS STATE UNIVERSITY              ,KS,67601-4099,Public       ,346,676,1022,3153,2705,5858
00191600,FORT SCOTT COMMUNITY COLLEGE            ,KS,66701-3199,Public       ,124,143,267,933,512,1445
00191700,BARCLAY COLLEGE                         ,KS,67059-0288,Private      ,25,8,33,95,36,131
00191800,FRIENDS UNIVERSITY                      ,KS,67213-3397,Private      ,117,624,741,1176,2079,3255
00191900,GARDEN CITY COMMUNITY COLLEGE           ,KS,67846-6398,Public       ,174,142,316,640,420,1060
00192000,HESSTON COLLEGE                         ,KS,67062-2093,Private      ,20,14,34,417,127,544
00192100,HIGHLAND COMMUNITY COLLEGE              ,KS,66035-4062,Public       ,188,198,386,891,591,1482
00192114,HIGHLAND COMMUNITY COLLEGE - NOTHEAST KA,KS,66002-1513,Public       ,49,44,93,99,110,209
00192300,HUTCHINSON COMMUNITY COLLEGE            ,KS,67501-5894,Public       ,284,472,756,1496,1349,2845
00192400,INDEPENDENCE COMMUNITY COLLEGE          ,KS,67301-0000,Public       ,138,99,237,440,231,671
00192500,KANSAS CITY KANSAS COMMUNITY CLG        ,KS,66112-9978,Public       ,427,912,1339,1169,2405,3574
00192502,"KANSAS CITY KS AREA TECH SCHOOL, KS     ",KS,66104-0000,Public       ,36,123,159,108,277,385
00192600,PITTSBURG STATE UNIVERSITY              ,KS,66762-7500,Public       ,566,562,1128,3948,2008,5956
00192700,EMPORIA STATE UNIVERSITY                ,KS,66801-5087,Public       ,379,415,794,3187,2104,5291
00192800,KANSAS STATE UNIVERSITY                 ,KS,66506-1104,Public       ,1189,877,2066,13263,4874,18137
00192900,KANSAS WESLEYAN UNIVERSITY              ,KS,67401-6196,Private      ,48,65,113,877,341,1218
00193000,LABETTE COMMUNITY COLLEGE               ,KS,67357-4299,Public       ,142,238,380,440,526,966
00193100,MANHATTAN CHRISTIAN COLLEGE             ,KS,66502-4081,Private      ,29,41,70,330,121,451
00193300,MCPHERSON COLLEGE                       ,KS,67460-3899,Private      ,36,37,73,722,139,861
00193600,NEOSHO COUNTY COMMUNITY COLLEGE         ,KS,66720-2699,Public       ,135,198,333,492,562,1054
00193700,OTTAWA UNIVERSITY                       ,KS,66067-3399,Private      ,71,576,647,811,1615,2426
00193800,PRATT COMMUNITY COLLEGE                 ,KS,67124-8432,Public       ,132,101,233,532,286,818
00193900,NEWMAN UNIVERSITY                       ,KS,67213-2084,Private      ,94,202,296,769,1052,1821
00194000,SOUTHWESTERN COLLEGE                    ,KS,67156-2499,Private      ,47,211,258,700,916,1616
00194300,UNIVERSITY OF ST MARY                   ,KS,66048-5023,Private      ,59,117,176,432,386,818
00194500,STERLING COLLEGE                        ,KS,67579-1533,Private      ,59,37,96,786,113,899
00194600,TABOR COLLEGE                           ,KS,67063-1799,Private      ,41,46,87,532,130,662
00194800,UNIVERSITY OF KANSAS                    ,KS,66045-7535,Public       ,1274,990,2264,13163,6864,20027
00194802,UNIVERSITY OF KANSAS MED CENTER         ,KS,66160-0000,Public       ,14,90,104,158,916,1074
00194900,WASHBURN UNIVERSITY                     ,KS,66621-1110,Public       ,409,638,1047,3006,3629,6635
00195000,WICHITA STATE UNIVERSITY                ,KS,67208-0001,Public       ,809,1280,2089,5241,5582,10823
00460800,BARTON COUNTY COMMUNITY COLLEGE         ,KS,67530-9283,Public       ,125,294,419,642,916,1558
00526400,FLINT HILLS TECHNICAL COLLEGE           ,KS,66801-5999,Public       ,42,71,113,166,248,414
00526500,NORTH CENTRAL KANSAS TECH COLG          ,KS,67420-0000,Public       ,55,43,98,315,158,473
00526700,NORTHWEST KANSAS TECHNICAL SCHOOL       ,KS,67735-3441,Public       ,34,33,67,188,91,279
00549800,WICHITA AREA TECHNICAL COLLEGE          ,KS,67211-2099,Public       ,57,180,237,189,653,842
00549900,SALINA AREA TECHNICAL COLLEGE           ,KS,67401-8195,Public       ,25,22,47,153,70,223
00550000,MANHATTAN AREA TECHNICAL COLLEGE        ,KS,66503-2499,Public       ,61,61,122,266,274,540
00675500,BROWN MACKIE COLLEGE (THE)              ,KS,67401-7307,Proprietary  ,80,308,388,187,893,1080
00703200,MID AMERICA NAZARENE UNIVERSITY         ,KS,66062-1899,Private      ,77,174,251,994,724,1718
00817200,SOUTHWEST KANSAS TECHNICAL SCHOOL       ,KS,67905-2013,Public       ,28,19,47,75,31,106
00822800,SEWARD CO COMM CO/AREA TECHNICAL SCHOOL ,KS,67905-0000,Public       ,91,107,198,343,308,651
00824400,JOHNSON COUNTY COMMUNITY COLLEGE        ,KS,66210-1299,Public       ,781,1127,1908,3596,3909,7505
00833200,B-STREET DESIGN SCHOOL OF INTERNATIONAL ,KS,66502-6082,Proprietary  ,8,27,35,29,50,79
00868200,ACADEMY OF HAIR DESIGN                  ,KS,67401-2803,Proprietary  ,17,17,34,27,37,64
01025600,BENEDICTINE COLLEGE                     ,KS,66002-1499,Private      ,123,42,165,1505,144,1649
01043800,HASKELL INDIAN NATIONS UNIVERSITY       ,KS,66046-4800,Public       ,156,144,300,694,476,1170
01050300,WICHITA TECHNICAL INSTITUTE             ,KS,67213-1927,Proprietary  ,77,434,511,218,1341,1559
01068900,KAW AREA TECHNICAL SCHOOL               ,KS,66604-2199,Public       ,15,77,92,115,297,412
02090700,CLEVELAND CHIROPRACTIC COLLEGE          ,KS,66210-1613,Private      ,11,72,83,42,513,555
02134800,OLD TOWN BARBER AND BEAUTY COLLEGE      ,KS,67211-0000,Proprietary  ,5,14,19,19,68,87
02196400,CAPITOL CITY HAIR DESIGN COLLEGE        ,KS,66102-0000,Proprietary  ,28,110,138,35,146,181
02204900,AMERICAN ACADEMY OF HAIR DESIGN         ,KS,66611-0000,Proprietary  ,0,0,0,17,25,42
02257700,HAYS ACADEMY OF HAIR DESIGN             ,KS,67601-0000,Proprietary  ,16,11,27,32,33,65
02303500,AMERICAN INSTITUTE OF BAKING            ,KS,66502-0000,Private      ,0,0,0,2,5,7
02340700,LABARON HAIRDRESSING ACADEMY            ,KS,66204-0000,Proprietary  ,0,20,20,3,31,34
02590900,WRIGHT CAREER COLLEGE                   ,KS,66212-0000,Private      ,74,556,630,124,1117,1241
02599709,VATTEROTT COLLEGE - WICHITA             ,KS,67226-1304,Proprietary  ,21,88,109,46,315,361
02603100,XENON INTERNATIONAL ACADEMY             ,KS,67203-5428,Proprietary  ,48,54,102,112,109,221
02606300,PAUL MITCHELL THE SCHOOL WICHITA        ,KS,67226-2803,Proprietary  ,8,16,24,24,49,73
02613000,PINNACLE CAREER INSTITUTE               ,KS,66046-2703,Proprietary  ,18,61,79,65,195,260
03031300,XENON INTERNATIONAL ACADEMY IV          ,KS,66061-3765,Proprietary  ,5,2,7,9,10,19
03066200,BRYAN COLLEGE                           ,KS,66604-2496,Proprietary  ,10,49,59,40,266,306
03450300,B-STREET DESIGN SCHOOL OF INTERNATIONAL ,KS,66611-2373,Proprietary  ,16,37,53,20,75,95
03450301,B-STREET DESIGN SCHOOL OF INTERNATIONAL ,KS,67207-5148,Proprietary  ,20,21,41,31,42,73
03450302,B-STREET DESIGN SCHOOL OF INTERNATIONAL ,KS,66212-5451,Proprietary  ,23,23,46,34,59,93
03529300,SIDNEY'S HAIRDRESSING COLLEGE           ,KS,67501-7094,Proprietary  ,5,14,19,23,34,57
03862300,BMSI INSTITUTE                          ,KS,66212-3388,Proprietary  ,3,5,8,7,13,20
00203300,UNIVERSITY OF MAINE-PRESQUE ISLE        ,ME,04769-2888,Public       ,58,77,135,729,407,1136
00203500,BANGOR THEOLOGICAL SEMINARY             ,ME,04402-0411,Private      ,0,12,12,1,90,91
00203600,BATES COLLEGE                           ,ME,04240-6028,Private      ,36,2,38,2105,26,2131
00203800,BOWDOIN COLLEGE                         ,ME,04011-8451,Private      ,38,1,39,2780,30,2810
00203900,COLBY COLLEGE                           ,ME,04901-8841,Private      ,51,5,56,2316,28,2344
00204000,UNIVERSITY OF MAINE-FARMINGTON          ,ME,04938-1990,Public       ,80,44,124,2630,344,2974
00204100,UNIVERSITY OF MAINE-FORT KENT           ,ME,04743-1292,Public       ,39,46,85,487,224,711
00204300,HUSSON UNIVERSITY                       ,ME,04401-2999,Private      ,103,152,255,1907,785,2692
00204400,MAINE MARITIME ACADEMY                  ,ME,04420-0001,Public       ,37,11,48,853,112,965
00205000,UNIVERSITY OF NEW ENGLAND               ,ME,04005-9599,Private      ,54,222,276,3094,1708,4802
00205100,SAINT JOSEPH'S COLLEGE                  ,ME,04084-5263,Private      ,37,110,147,1563,341,1904
00205200,THOMAS COLLEGE                          ,ME,04901-5097,Private      ,43,25,68,832,131,963
00205300,UNIVERSITY OF MAINE                     ,ME,04469-0001,Public       ,340,344,684,9528,2584,12112
00205400,UNIVERSITY OF SOUTHERN MAINE            ,ME,04104-0000,Public       ,367,485,852,5586,4082,9668
00205500,UNIVERSITY OF MAINE-MACHIAS             ,ME,04654-1397,Public       ,47,41,88,540,224,764
00520400,BEAL COLLEGE                            ,ME,04401-6896,Proprietary  ,34,109,143,197,417,614
00527600,CENTRAL MAINE COMMUNITY COLLEGE         ,ME,04210-6498,Public       ,134,182,316,1081,856,1937
00527700,EASTERN MAINE COMMUNITY COLLEGE         ,ME,04401-4280,Public       ,165,162,327,1245,865,2110
00552500,SOUTHERN MAINE COMMUNITY  COLLEGE       ,ME,04106-1698,Public       ,391,358,749,2158,1708,3866
00576000,NORTHERN MAINE COMMUNITY COLLEGE        ,ME,04769-2016,Public       ,77,98,175,445,405,850
00577600,MERCY HOSP SCH OF RADIOLOGIC TECH       ,ME,04101-3795,Private      ,1,5,6,9,34,43
00630501,CENTRAL MAINE MEDICAL CENTER - COLLEGE O,ME,04240-4500,Private      ,3,11,14,31,137,168
00676000,UNIVERSITY OF MAINE-AUGUSTA             ,ME,04330-9410,Public       ,193,624,817,1439,3830,5269
00685800,UNITY COLLEGE                           ,ME,04988-9502,Private      ,25,9,34,761,78,839
00903800,MR BERNARD'S SCH HAIR FASHION INC       ,ME,04243-1163,Proprietary  ,11,21,32,26,55,81
00923100,WASHINGTON COUNTY COMMUNITY COLLEGE     ,ME,04619-9704,Public       ,39,53,92,275,166,441
00929200,ANDOVER COLLEGE                         ,ME,04106-2415,Proprietary  ,49,185,234,145,577,722
00929201,ANDOVER COLLEGE -                       ,ME,04240-0000,Proprietary  ,52,251,303,133,625,758
00945900,EMPIRE BEAUTY SCHOOL                    ,ME,04101-3348,Proprietary  ,32,60,92,172,263,435
00982600,KENNEBEC VALLEY  COMMUNITY  COLLEGE     ,ME,04937-1367,Public       ,75,192,267,565,1025,1590
01138500,COLLEGE OF THE ATLANTIC                 ,ME,04609-1105,Private      ,8,2,10,401,48,449
01167300,MAINE COLLEGE OF ART                    ,ME,04101-3987,Private      ,32,18,50,491,147,638
02104400,SPA TECH INSTITUTE                      ,ME,04102-0000,Proprietary  ,43,111,154,125,232,357
02347100,NEW ENGLAND SCHOOL OF COMMUNICATIONS    ,ME,04401-0000,Private      ,22,7,29,431,66,497
02361300,LANDING SCHOOL OF BOATBUILDING & DESIGN ,ME,04046-1490,Private      ,2,5,7,23,34,57
03122900,YORK COUNTY COMMUNITY COLLEGE           ,ME,04090-0529,Public       ,97,95,192,312,293,605
03429300,SEACOAST CAREER SCHOOLS                 ,ME,04073-0000,Proprietary  ,46,255,301,76,438,514
03612300,BIRTHWISE MIDWIFERY SCHOOL              ,ME,04009-1110,Proprietary  ,0,5,5,5,23,28
03990300,FULLER CIRCLES SCHOOL FOR MASSAGE THERAP,ME,04963-5230,Proprietary  ,0,2,2,1,3,4
00209300,ST JOHN'S COLLEGE                       ,NM,87505-4599,Private      ,8,27,35,465,183,648
00264900,COLLEGE OF SANTA FE                     ,NM,87505-7634,Private      ,57,198,255,675,664,1339
00265000,UNIVERSITY OF THE SOUTHWEST             ,NM,88240-9129,Private      ,86,157,243,287,366,653
00265100,EASTERN NEW MEXICO UNIV PORTALES        ,NM,88130-6000,Public       ,501,559,1060,2288,1799,4087
00265101,EASTERN NEW MEXICO UNIV-ROSWELL CAM     ,NM,88202-0000,Public       ,229,414,643,782,1069,1851
00265300,NEW MEXICO HIGHLANDS UNIVERSITY         ,NM,87701-4436,Public       ,283,417,700,1336,1661,2997
00265400,NEW MEXICO INST OF MINING & TECH        ,NM,87801-4796,Public       ,156,73,229,885,245,1130
00265500,NEW MEXICO JUNIOR COLLEGE               ,NM,88240-9123,Public       ,238,274,512,559,628,1187
00265600,NEW MEXICO MILITARY INSTITUTE           ,NM,88201-5173,Public       ,63,3,66,243,7,250
00265700,NEW MEXICO STATE UNIVERSITY             ,NM,88003-8001,Public       ,1415,1570,2985,8555,6260,14815
00265701,NEW MEXICO STATE UNIV-ALAMOGORDO        ,NM,88311-0000,Public       ,124,235,359,346,732,1078
00265702,NEW MEXICO STATE UNIV.-DONA ANA CLG     ,NM,88003-0000,Public       ,371,628,999,1389,2123,3512
00265703,NEW MEXICO STATE UNIV-CARLSBAD          ,NM,88220-0000,Public       ,114,218,332,249,531,780
00265704,NEW MEXICO STATE UNIV-GRANTS            ,NM,87020-0000,Public       ,60,118,178,132,268,400
00266000,SAN JUAN COLLEGE                        ,NM,87402-4699,Public       ,371,732,1103,1045,1905,2950
00266300,THE UNIVERSITY OF NEW MEXICO            ,NM,87131-0001,Public       ,2012,2606,4618,10204,10971,21175
00266301,UNIV OF NEW MEXICO - GALLUP BRANCH      ,NM,87301-5697,Public       ,145,242,387,394,696,1090
00266302,UNIV OF NEW MEXICO - VALENCIA BRANCH    ,NM,87031-0000,Public       ,104,132,236,305,493,798
00266303,UNIV OF NEW MEXICO - LOS ALAMOS         ,NM,87544-0000,Public       ,9,33,42,53,89,142
00266400,WESTERN NEW MEXICO UNIVERSITY           ,NM,88061-5417,Public       ,224,433,657,782,1230,2012
00405701,NATIONAL AMERICAN UNIVERSITY            ,NM,87110-0000,Proprietary  ,5,62,67,20,242,262
00474200,CENTRAL NEW MEXICO COMMUNITY COLLEGE    ,NM,87106-4096,Public       ,1747,3278,5025,4194,8299,12493
00474300,CLOVIS COMMUNITY COLLEGE                ,NM,88101-8381,Public       ,211,598,809,455,1113,1568
00996200,LUNA COMMUNITY COLLEGE                  ,NM,87701-0000,Public       ,107,162,269,279,417,696
01063200,DEWOLFF CLG HAIRSTYLING/COSMETOLOGY     ,NM,87112-4113,Proprietary  ,23,40,63,41,86,127
01300500,OLYMPIAN UNIVERSITY OF COSMETOLOGY      ,NM,88310-5051,Proprietary  ,95,205,300,262,663,925
02083900,NORTHERN NEW MEXICO COLLEGE             ,NM,87530-0000,Public       ,183,309,492,467,762,1229
02146400,INSTITUTE OF AMERICAN INDIAN ARTS       ,NM,87508-0000,Public       ,36,42,78,129,138,267
02278100,SANTA FE COMMUNITY COLLEGE              ,NM,87507-0000,Public       ,229,350,579,488,895,1383
02357600,CROWNPOINT INSTITUTE OF TECHNOLOGY      ,NM,87313-0000,Public       ,73,128,201,165,262,427
02491501,THE ART CENTER DESIGN COLLEGE- ALBQ     ,NM,87110-0000,Proprietary  ,17,17,34,85,69,154
02511000,SOUTHWESTERN INDIAN POLYTECH INST       ,NM,87184-0000,Public       ,103,137,240,216,273,489
02532900,BUSINESS SKILLS INSTITUTE               ,NM,88001-0000,Proprietary  ,2,8,10,7,20,27
02622000,SOUTHWEST ACUPUNCTURE COLLEGE           ,NM,87505-0000,Proprietary  ,1,25,26,3,277,280
03076100,SOUTHWESTERN COLLEGE                    ,NM,87507-0000,Private      ,1,24,25,3,149,152
03128200,KAPLAN CAREER INSTITUTE                 ,NM,87109-2072,Proprietary  ,28,81,109,59,205,264
03206300,MESALANDS COMMUNITY COLLEGE             ,NM,88401-3352,Public       ,47,106,153,103,182,285
03430300,UNIVERSAL THERAPEUTIC MASSAGE INSTITUTE ,NM,87107-4403,Proprietary  ,16,39,55,25,63,88
03678300,PIMA MEDICAL INSTITUTE                  ,NM,87110-4127,Proprietary  ,7,22,29,30,71,101
03944300,MASSAGE THERAPY TRAINING INSTITUTE      ,NM,88007-0000,Proprietary  ,5,12,17,19,34,53
00223400,ADRIAN COLLEGE                          ,MI,49221-2575,Private      ,98,30,128,2136,158,2294
00223500,ALBION COLLEGE                          ,MI,49224-1831,Private      ,83,4,87,2263,53,2316
00223600,ALMA COLLEGE                            ,MI,48801-1599,Private      ,50,13,63,1966,67,2033
00223700,ALPENA COMMUNITY COLLEGE                ,MI,49707-1495,Public       ,219,307,526,837,855,1692
00223800,ANDREWS UNIVERSITY                      ,MI,49104-0750,Private      ,274,286,560,1372,1056,2428
00223900,AQUINAS COLLEGE                         ,MI,49506-1799,Private      ,87,149,236,1927,559,2486
00224000,BAY DE NOC COMMUNITY COLLEGE            ,MI,49829-2524,Public       ,219,378,597,916,935,1851
00224100,CALVIN COLLEGE                          ,MI,49546-4388,Private      ,143,66,209,3872,263,4135
00224200,CALVIN THEOLOGICAL SEMINARY             ,MI,49546-4387,Private      ,0,9,9,4,161,165
00224300,CENTRAL MICHIGAN UNIVERSITY             ,MI,48859-0001,Public       ,1617,2172,3789,17074,7442,24516
00224600,CLEARY UNIVERSITY                       ,MI,48105-2659,Private      ,46,176,222,159,557,716
00224700,CONCORDIA UNIVERSITY-ANN ARBOR          ,MI,48105-2797,Private      ,41,249,290,547,513,1060
00224800,CRANBROOK ACADEMY OF ART                ,MI,48303-0000,Private      ,0,4,4,6,215,221
00224900,DAVENPORT UNIVERSITY                    ,MI,49503-0000,Private      ,538,2539,3077,2712,11101,13813
00225100,DELTA COLLEGE                           ,MI,48710-0001,Public       ,801,1382,2183,4472,4935,9407
00225400,MICHIGAN STATE UNIVERSITY COLLEGE OF LAW,MI,48824-1300,Private      ,26,195,221,284,1339,1623
00225900,EASTERN MICHIGAN UNIVERSITY             ,MI,48197-2214,Public       ,1881,2638,4519,12247,8891,21138
00226000,FERRIS STATE UNIVERSITY                 ,MI,49307-2251,Public       ,937,875,1812,10429,4767,15196
00226100,CHARLES STEWART MOTT COMMUNITY CLG      ,MI,48503-2089,Public       ,1391,2537,3928,3614,6221,9835
00226200,KETTERING UNIVERSITY                    ,MI,48504-4898,Private      ,136,45,181,2014,227,2241
00226300,GLEN OAKS COMMUNITY COLLEGE             ,MI,49032-9784,Public       ,76,223,299,413,608,1021
00226400,GOGEBIC COMMUNITY COLLEGE               ,MI,49938-1365,Public       ,104,135,239,471,389,860
00226500,GRACE BIBLE COLLEGE                     ,MI,49509-1998,Private      ,10,14,24,178,51,229
00226600,CORNERSTONE UNIVERSITY                  ,MI,49525-5897,Private      ,88,283,371,1489,1304,2793
00226700,GRAND RAPIDS COMMUNITY COLLEGE          ,MI,49503-3295,Public       ,1323,1756,3079,6887,5908,12795
00226800,GRAND VALLEY STATE UNIVERSITY           ,MI,49401-9403,Public       ,1112,1087,2199,18428,5816,24244
00226900,GREAT LAKES CHRISTIAN COLLEGE           ,MI,48917-1299,Private      ,26,33,59,172,120,292
00227000,HENRY FORD COMMUNITY COLLEGE            ,MI,48128-1495,Public       ,1792,2264,4056,5803,7971,13774
00227300,HOPE COLLEGE                            ,MI,49423-3607,Private      ,65,24,89,3581,105,3686
00227400,JACKSON COMMUNITY COLLEGE               ,MI,49201-8399,Public       ,650,1094,1744,2357,3327,5684
00227500,KALAMAZOO COLLEGE                       ,MI,49006-3295,Private      ,29,11,40,1627,68,1695
00227600,KELLOGG COMMUNITY COLLEGE               ,MI,49017-3397,Public       ,384,962,1346,1660,2955,4615
00227700,LAKE MICHIGAN COLLEGE                   ,MI,49022-1899,Public       ,230,504,734,1080,1529,2609
00227800,LANSING COMMUNITY COLLEGE               ,MI,48933-1293,Public       ,1767,2864,4631,5617,7713,13330
00227900,LAWRENCE TECHNOLOGICAL UNIVERSITY       ,MI,48075-1058,Private      ,177,302,479,1647,1118,2765
00228200,MADONNA UNIVERSITY                      ,MI,48150-1173,Private      ,192,599,791,1118,2183,3301
00228400,MARYGROVE COLLEGE                       ,MI,48221-2599,Private      ,101,761,862,550,2301,2851
00228800,ROCHESTER COLLEGE                       ,MI,48307-2764,Private      ,71,176,247,549,586,1135
00229000,MICHIGAN STATE UNIVERSITY               ,MI,48824-1113,Public       ,2695,1466,4161,28933,9236,38169
00229200,MICHIGAN TECHNOLOGICAL UNIV             ,MI,49931-1295,Public       ,262,145,407,5205,763,5968
00229300,LAKE SUPERIOR STATE UNIVERSITY          ,MI,49783-1691,Public       ,195,192,387,2157,765,2922
00229400,MONROE COUNTY COMMUNITY CLG             ,MI,48161-9746,Public       ,272,460,732,1062,1226,2288
00229500,MONTCALM COMMUNITY COLLEGE              ,MI,48885-9723,Public       ,201,522,723,746,1618,2364
00229700,MUSKEGON COMMUNITY COLLEGE              ,MI,49442-1432,Public       ,424,588,1012,2079,1976,4055
00229900,NORTH CENTRAL MICHIGAN COLLEGE          ,MI,49770-8740,Public       ,137,316,453,767,1127,1894
00230100,NORTHERN MICHIGAN UNIVERSITY            ,MI,49855-5316,Public       ,674,519,1193,6763,2273,9036
00230200,NORTHWESTERN MICHIGAN COLLEGE           ,MI,49686-3061,Public       ,382,511,893,2060,1867,3927
00230300,OAKLAND COMMUNITY COLLEGE               ,MI,48304-2266,Public       ,40,107,147,221,311,532
00230301,OAKLAND COMMUNITY COLLEGE - ORCHARD RIDG,MI,48334-4579,Public       ,405,580,985,1314,1737,3051
00230302,OAKLAND COMMUNITY COLLEGE - ROYAL OAK CA,MI,48067-3898,Public       ,652,1260,1912,1962,3672,5634
00230304,OAKLAND COMMUNITY COLLEGE - AUBURN HILLS,MI,48323-2845,Public       ,557,867,1424,1736,2296,4032
00230305,OAKLAND COMMUNITY COLLEGE - HIGHLAND LAK,MI,48327-4187,Public       ,277,504,781,899,1475,2374
00230700,OAKLAND UNIVERSITY                      ,MI,48309-4401,Public       ,1133,1539,2672,8823,5564,14387
00230800,OLIVET COLLEGE                          ,MI,49076-9902,Private      ,122,58,180,1135,226,1361
00231000,ST. CLAIR COUNTY COMMUNITY COLLEGE      ,MI,48061-0000,Public       ,343,624,967,1473,1957,3430
00231100,KUYPER COLLEGE                          ,MI,49525-9749,Private      ,28,21,49,283,86,369
00231300,SACRED HEART MAJOR SEMINARY             ,MI,48206-1799,Private      ,2,38,40,15,146,161
00231400,SAGINAW VALLEY STATE UNIV               ,MI,48710-0001,Public       ,523,618,1141,6850,2989,9839
00231500,SCHOOLCRAFT COLLEGE                     ,MI,48152-2696,Public       ,867,1425,2292,3188,4350,7538
00231600,SIENA HEIGHTS UNIVERSITY                ,MI,49221-1796,Private      ,121,340,461,948,1150,2098
00231700,SOUTHWESTERN MICHIGAN COLLEGE           ,MI,49047-9793,Public       ,225,562,787,874,1272,2146
00231800,SPRING ARBOR UNIVERSITY                 ,MI,49283-9984,Private      ,125,745,870,1881,2951,4832
00232200,FINLANDIA UNIVERSITY                    ,MI,49930-1882,Private      ,60,51,111,531,260,791
00232300,UNIVERSITY OF DETROIT MERCY             ,MI,48221-3038,Private      ,319,775,1094,2668,3069,5737
00232301,UNIVERSITY OF DETROIT MERCY- DENTAL SCH ,MI,48219-3580,Private      ,8,30,38,86,443,529
00232303,UNIV OF DETROIT MERCY - LAW SCHOOL      ,MI,48226-0000,Private      ,0,96,96,22,919,941
00232500,UNIVERSITY OF MICHIGAN - ANN ARBOR      ,MI,48109-1316,Public       ,725,929,1654,22152,9071,31223
00232501,UNIVERSITY OF MICHIGAN-MEDICAL SCH      ,MI,48109-0000,Public       ,7,16,23,85,981,1066
00232503,UNIVERSITY OF MICHIGAN LAW SCHOOL       ,MI,48109-0000,Public       ,1,69,70,23,2402,2425
00232600,UNIVERSITY OF MICHIGAN-DEARBORN         ,MI,48128-2406,Public       ,559,846,1405,3868,3352,7220
00232700,UNIVERSITY OF MICHIGAN-FLINT            ,MI,48502-1950,Public       ,520,1111,1631,2761,4026,6787
00232800,WASHTENAW COMMUNITY COLLEGE             ,MI,48106-0000,Public       ,1020,1902,2922,2780,4555,7335
00232900,WAYNE STATE UNIVERSITY                  ,MI,48202-0000,Public       ,2222,3999,6221,13218,15843,29061
00232901,WAYNE STATE UNIV SCH OF MEDICINE        ,MI,48201-3359,Public       ,15,50,65,158,1405,1563
00232902,WAYNE STATE UNIVERSITY - LAW SCHOOL     ,MI,48202-3424,Public       ,20,148,168,103,1100,1203
00233000,WESTERN MICHIGAN UNIVERSITY             ,MI,49008-3899,Public       ,1873,1319,3192,15552,6260,21812
00233100,WESTERN THEOLOGICAL SEMINARY            ,MI,49423-0000,Private      ,0,21,21,1,104,105
00407100,WALSH COLLEGE OF ACCT & BUS ADMN        ,MI,48007-7006,Private      ,46,648,694,213,1648,1861
00407200,NORTHWOOD UNIVERSITY                    ,MI,48640-2398,Private      ,133,329,462,2121,1328,3449
00467300,BAKER COLLEGE - FLINT                   ,MI,48507-5508,Private      ,553,1916,2469,1864,5037,6901
00467301,BAKER COLLEGE OF CADILLAC               ,MI,49601-0000,Private      ,119,482,601,410,1453,1863
00467302,BAKER COLLEGE OF CLINTON TOWNSHIP       ,MI,48035-0000,Private      ,516,1287,1803,1989,4359,6348
00467303,BAKER COLLEGE OF MUSKEGON               ,MI,49442-0000,Private      ,549,1226,1775,2396,3625,6021
00467304,BAKER COLLEGE OF OWOSSO                 ,MI,48867-0000,Private      ,319,593,912,1406,1756,3162
00467305,BAKER COLLEGE OF AUBURN HILLS           ,MI,48326-0000,Private      ,272,924,1196,1014,2797,3811
00467306,BAKER COLLEGE OF PORT HURON             ,MI,48060-0000,Private      ,156,453,609,531,1216,1747
00467309,BAKER COLLEGE OF JACKSON                ,MI,49202-0000,Private      ,186,605,791,528,1506,2034
00467311,BAKER COLLEGE-CASS CITY                 ,MI,48726-0000,Private      ,43,124,167,184,389,573
00467313,BAKER COLLEGE - GRADUATE ON-LINE        ,MI,48507-0000,Private      ,84,1065,1149,216,3865,4081
00467317,BAKER COLLEGE-ALLEN PARK                ,MI,48101-0000,Private      ,250,593,843,710,1806,2516
00469200,DORSEY SCHOOL OF BUSINESS               ,MI,48195-2334,Proprietary  ,14,87,101,38,176,214
00469201,DORSEY SCHOOL OF BUSINESS               ,MI,48184-0000,Proprietary  ,15,69,84,34,147,181
00469202,DORSEY SCHOOL OF BUSINESS               ,MI,48071-0000,Proprietary  ,27,93,120,48,161,209
00469204,DORSEY SCHOOL OF BUSINESS               ,MI,48066-0000,Proprietary  ,31,165,196,55,345,400
00676800,MID MICHIGAN COMMUNITY COLLEGE          ,MI,48625-9447,Public       ,486,592,1078,1710,1946,3656
00677100,COLLEGE FOR CREATIVE STUDIES            ,MI,48202-4034,Private      ,141,90,231,1228,415,1643
00694900,KALAMAZOO VALLEY COMMUNITY COLLEGE      ,MI,49003-4070,Public       ,999,1375,2374,3667,3978,7645
00717100,KIRTLAND COMMUNITY COLLEGE              ,MI,48653-0000,Public       ,148,315,463,780,1205,1985
00761700,CARNEGIE INSTITUTE                      ,MI,48083-1159,Proprietary  ,23,95,118,56,374,430
00795000,WEST SHORE COMMUNITY COLLEGE            ,MI,49454-0000,Public       ,85,194,279,415,612,1027
00817800,EMPIRE BEAUTY SCHOOL                    ,MI,49525-2440,Proprietary  ,58,52,110,224,212,436
00890600,MACOMB COMMUNITY COLLEGE                ,MI,48088-3896,Public       ,1788,2237,4025,5601,6169,11770
00894600,PORT HURON COSMETOLOGY COLLEGE          ,MI,48329-1618,Proprietary  ,11,21,32,29,64,93
00923000,WAYNE COUNTY COMMUNITY CLG-DISTRICT     ,MI,48226-3095,Public       ,2217,5473,7690,5426,14326,19752
00973200,VIRGINIA FARRELL BEAUTY SCHOOL          ,MI,48080-1448,Proprietary  ,13,27,40,38,66,104
00973400,VIRGINIA FARRELL BEAUTY SCHOOL          ,MI,48220-1739,Proprietary  ,32,74,106,53,182,235
00982800,EVEREST INSTITUTE                       ,MI,48033-4400,Proprietary  ,377,1472,1849,806,3360,4166
00982801,EVEREST INSTITUTE- DEARBORN             ,MI,48124-1927,Proprietary  ,1,2,3,1,2,3
00982803,EVEREST INSTITUTE - DETROIT             ,MI,48207-4291,Proprietary  ,0,2,2,0,2,2
01047000,KALAMAZOO BEAUTY ACADEMY                ,MI,49002-5220,Proprietary  ,15,9,24,22,14,36
01062700,ITT TECHNICAL INSTITUTE                 ,MI,49519-0000,Proprietary  ,453,843,1296,961,1655,2616
01082700,DAVID PRESSLEY PROF SCH OF COSMTLGY     ,MI,48067-3219,Proprietary  ,47,36,83,69,58,127
01109800,FLINT INSTITUTE OF BARBERING            ,MI,48504-4395,Proprietary  ,4,20,24,15,81,96
01164600,VIRGINIA FARRELL BEAUTY SCHOOL          ,MI,48185-3091,Proprietary  ,18,30,48,34,82,116
01229100,WRIGHT BEAUTY ACADEMY                   ,MI,49015-2696,Proprietary  ,9,42,51,19,57,76
01239900,LEWIS COLLEGE OF BUSINESS               ,MI,48235-0000,Private      ,19,50,69,102,199,301
01262700,THOMAS M. COOLEY LAW SCHOOL             ,MI,48901-1586,Private      ,1,705,706,9,4353,4362
01321800,M J MURPHY BTY CLG MT PLEASANT          ,MI,48858-2502,Proprietary  ,15,27,42,41,45,86
02060300,MICHIGAN INSTITUTE OF AERONAUTICS       ,MI,48111-0000,Proprietary  ,136,149,285,281,292,573
02068700,ADRIAN BEAUTY ACADEMY                   ,MI,49221-0000,Proprietary  ,3,14,17,13,25,38
02099700,ROSS MEDICAL EDUCATION CENTER           ,MI,48532-0000,Proprietary  ,49,214,263,99,577,676
02100400,EVEREST INSTITUTE                       ,MI,49525-2301,Proprietary  ,187,813,1000,405,1946,2351
02100401,EVEREST INSTITUTE - KALAMAZOO           ,MI,49009-3307,Proprietary  ,0,2,2,0,2,2
02100403,EVEREST INSTITUTE - SOUTHFIELD          ,MI,48076-4492,Proprietary  ,0,2,2,0,2,2
02125600,MICHIGAN COLLEGE OF BEAUTY              ,MI,48083-0000,Proprietary  ,69,84,153,123,206,329
02135000,MARQUETTE GEN HOSP SCH RAD TECH         ,MI,49855-0000,Private      ,0,2,2,18,10,28
02158600,MR BELA'S SCHOOL OF COSMETOLOGY         ,MI,48092-4637,Proprietary  ,14,48,62,17,54,71
02160303,INTERNATIONAL ACADEMY OF DESIGN AND TECH,MI,48083-2160,Proprietary  ,163,224,387,649,656,1305
02180100,ROSS MEDICAL EDUCATION CENTER           ,MI,48092-0000,Proprietary  ,24,95,119,50,220,270
02198900,MICHIGAN SCHOOL OF PROFESSIONAL PSYCHOLO,MI,48334-4512,Private      ,0,19,19,3,114,117
02209200,TAYLORTOWN SCHOOL OF BEAUTY             ,MI,48180-0000,Proprietary  ,9,30,39,22,64,86
02237800,SPECS HOWARD SCHOOL OF MEDIA ARTS       ,MI,48075-0000,Proprietary  ,93,121,214,346,320,666
02285700,BAYSHIRE BEAUTY ACADEMY                 ,MI,48708-5614,Proprietary  ,17,20,37,31,44,75
02289801,KAPLAN INSTITUTE - DETROIT CAMPUS       ,MI,48202-0000,Proprietary  ,70,220,290,152,589,741
02324500,MICHIGAN COLLEGE OF BEAUTY              ,MI,48161-0000,Proprietary  ,21,41,62,47,70,117
02339700,ROSS MEDICAL EDUCATION CENTER           ,MI,48116-0000,Proprietary  ,33,127,160,55,286,341
02361500,MICHIGAN BARBER COLLEGE                 ,MI,48204-2244,Private      ,40,68,108,65,151,216
02363800,YESHIVA GEDOLAH OF GREATER DETROIT      ,MI,48237-0000,Private      ,10,0,10,13,1,14
02491000,WEST MI COLG OF BARBERING & BEAUTY      ,MI,49008-0000,Proprietary  ,11,39,50,17,63,80
02495800,FOCUS:HOPE                              ,MI,48238-0000,Private      ,25,66,91,74,155,229
02498300,VIRGINIA FARRELL BEAUTY SCHOOL          ,MI,48154-0000,Proprietary  ,14,35,49,43,102,145
02533600,ROSS MEDICAL EDUCATION CENTER           ,MI,48917-2108,Proprietary  ,27,145,172,70,333,403
02587900,HIGH-TECH LEARNING                      ,MI,48091-0000,Proprietary  ,0,0,0,0,1,1
02588200,DOUGLAS J AVEDA INSTITUTE               ,MI,48823-4351,Proprietary  ,70,57,127,237,177,414
02588201,DOUGLAS J AVEDA INSTITUTE - ANN ARBOR   ,MI,48104-2211,Proprietary  ,11,20,31,37,50,87
02594600,HOWELL COLLEGE OF COSMETOLOGY           ,MI,48843-8584,Proprietary  ,0,0,0,1,2,3
02595700,HILLSDALE BEAUTY COLLEGE                ,MI,49242-0000,Proprietary  ,10,18,28,30,22,52
02618400,MICHIGAN CAREER & TECHNICAL INST        ,MI,49080-9254,Public       ,69,50,119,165,85,250
03005700,DETROIT BUSINESS INST. DOWNRIVER        ,MI,48193-6761,Proprietary  ,31,100,131,57,199,256
03028500,LAWTON SCHOOL                           ,MI,48075-5406,Proprietary  ,17,77,94,36,143,179
03066600,BAY MILLS COMMUNITY COLLEGE             ,MI,49715-9750,Public       ,33,137,170,83,246,329
03075200,TWIN CITY BEAUTY COLLEGE                ,MI,49085-3305,Proprietary  ,33,77,110,53,142,195
03075201,TWIN CITY BEAUTY COLLEGE - TRAVERSE CITY,MI,49686-5119,Proprietary  ,2,4,6,10,19,29
03090000,SHARP'S ACADEMY OF HAIRSTYLING INC.     ,MI,48433-0000,Proprietary  ,9,16,25,14,36,50
03109700,HOUGHTON LAKE INST OF COSMETOLOGY       ,MI,48629-0669,Proprietary  ,2,5,7,9,13,22
03110300,THE SCHOOL OF CREATIVE HAIR DESIGN      ,MI,49036-1139,Proprietary  ,10,13,23,15,29,44
03124000,NORTHWESTERN TECHNOLOGICAL INST         ,MI,48075-2412,Proprietary  ,35,141,176,78,327,405
03135300,MICHIGAN THEOLOGICAL SEMINARY           ,MI,48170-4399,Private      ,3,31,34,6,84,90
03284300,MICHIGAN JEWISH INSTITUTE               ,MI,48237-0000,Private      ,101,8,109,231,19,250
03340300,WARREN WOODS VOCATIONAL ADULT EDUC      ,MI,48088-3699,Public       ,0,3,3,2,7,9
03474300,AVE MARIA COLLEGE                       ,MI,48197-2451,Private      ,0,0,0,2,10,12
03490300,PAUL MITCHELL THE SCHOOL ESCANABA       ,MI,49829-0000,Proprietary  ,2,8,10,7,14,21
03588300,IRENE'S MYOMASSOLOGY INSTITUTE          ,MI,48033-2404,Proprietary  ,28,115,143,48,234,282
03704300,BLUE WATER COLLEGE OF COSMETOLOGY       ,MI,48040-0000,Proprietary  ,11,10,21,18,32,50
03772300,SAGINAW CHIPPEWA TRIBAL COLLEGE         ,MI,48858-0000,Public       ,5,14,19,10,24,34
03815300,IN SESSION-ARTS OF COSMETOLOGY BEAU     ,MI,48609-0000,Proprietary  ,17,30,47,41,69,110
03907300,PAUL MITCHELL THE SCHOOL GREAT LAKES    ,MI,48060-0000,Proprietary  ,23,27,50,34,35,69
03915300,CAREER QUEST LEARNING CENTER            ,MI,48910-4732,Proprietary  ,8,85,93,19,224,243
03968300,LAKEWOOD SCHOOL OF THERAPEUTIC MASSAGE  ,MI,48060-0000,Proprietary  ,3,9,12,3,9,12
03976500,ANN ARBOR INSTITUTE OF MASSAGE THERAPY  ,MI,48103-0000,Proprietary  ,14,35,49,24,68,92
04002400,ECUMENICAL THEOLOGICAL SEMINARY         ,MI,48201-3035,Private      ,0,26,26,0,65,65
04006300,NUVO COLLEGE OF COSMETOLOGY             ,MI,49441-3822,Proprietary  ,2,16,18,9,51,60
04014300,P&A SCHOLARS BEAUTY SCHOOL              ,MI,48204-0000,Proprietary  ,31,71,102,54,107,161
04055300,CREATIVE HAIR SCHOOL OF COSMETOLOGY     ,MI,48504-1234,Proprietary  ,6,20,26,13,43,56
04094300,ROBERT B. MILLER COLLEGE (THE)          ,MI,49017-3306,Private      ,8,58,66,27,166,193
00233200,ANOKA-RAMSEY CC-CAMBRIDGE/COONRAPID     ,MN,55433-3499,Public       ,1049,966,2015,2262,2245,4507
00233400,AUGSBURG COLLEGE                        ,MN,55454-1351,Private      ,109,462,571,2074,1629,3703
00233500,RIVERLAND COMMUNITY COLLEGE             ,MN,55912-1473,Public       ,314,484,798,876,1117,1993
00233600,BEMIDJI STATE UNIVERSITY                ,MN,56601-2699,Public       ,483,452,935,2759,1335,4094
00233700,BETHANY LUTHERAN COLLEGE INC            ,MN,56001-6163,Private      ,70,17,87,593,51,644
00233900,CENTRAL LAKES COLG-BRAINERD/STAPLES     ,MN,56401-3900,Public       ,455,507,962,1256,1134,2390
00234000,CARLETON COLLEGE                        ,MN,55057-4001,Private      ,41,2,43,2482,23,2505
00234100,COLLEGE OF ST BENEDICT                  ,MN,56374-2099,Private      ,144,6,150,1905,22,1927
00234200,ST. CATHERINE UNIVERSITY                ,MN,55105-1789,Private      ,181,581,762,2106,2863,4969
00234300,COLLEGE OF ST SCHOLASTICA               ,MN,55811-4199,Private      ,257,426,683,1944,1149,3093
00234500,UNIVERSITY OF ST THOMAS                 ,MN,55105-1096,Private      ,423,917,1340,5459,3052,8511
00234600,CONCORDIA COLLEGE-MOORHEAD              ,MN,56562-0001,Private      ,149,30,179,3015,130,3145
00234700,"CONCORDIA UNIVERSITY, ST PAUL, MN       ",MN,55104-5494,Private      ,132,445,577,1036,1198,2234
00235000,VERMILION COMMUNITY COLLEGE             ,MN,55731-1996,Public       ,122,45,167,476,121,597
00235300,GUSTAVUS ADOLPHUS COLLEGE               ,MN,56082-1498,Private      ,84,7,91,3018,43,3061
00235400,HAMLINE UNIVERSITY                      ,MN,55104-1284,Private      ,261,489,750,2289,2416,4705
00235500,HIBBING COMMUNITY COLLEGE               ,MN,55746-3300,Public       ,251,334,585,584,722,1306
00235600,ITASCA COMMUNITY COLLEGE                ,MN,55744-3397,Public       ,187,155,342,650,396,1046
00235700,LUTHER SEMINARY                         ,MN,55108-0000,Private      ,0,68,68,1,410,411
00235800,MACALESTER COLLEGE                      ,MN,55105-1899,Private      ,98,15,113,2831,58,2889
00236000,"MINNESOTA STATE UNIVERSITY, MANKATO     ",MN,56002-0000,Public       ,1544,822,2366,9502,3050,12552
00236100,MARTIN LUTHER COLLEGE                   ,MN,56073-3965,Private      ,23,14,37,626,67,693
00236200,MINNEAPOLIS COMM AND TECH COLLEGE       ,MN,55403-1779,Public       ,1113,2392,3505,2921,5787,8708
00236500,MINNEAPOLIS COLLEGE OF ART & DESIGN     ,MN,55404-4343,Private      ,33,41,74,861,332,1193
00236600,CROSSROADS COLLEGE                      ,MN,55902-2382,Private      ,35,35,70,121,72,193
00236700,MINNESOTA STATE UNIVERSITY MOORHEAD     ,MN,56563-0001,Public       ,920,567,1487,5108,1759,6867
00236900,NORTH CENTRAL UNIVERSITY                ,MN,55404-1391,Private      ,219,78,297,1087,254,1341
00237000,NORTH HENNEPIN COMMUNITY COLLEGE        ,MN,55445-2299,Public       ,769,1084,1853,1843,2622,4465
00237100,NORTHWESTERN COLLEGE                    ,MN,55113-1598,Private      ,163,273,436,2229,687,2916
00237300,ROCHESTER COMMUNITY/TECH COLLEGE        ,MN,55904-4999,Public       ,688,710,1398,2293,2042,4335
00237500,SOUTHWEST MINNESOTA STATE UNIVERSITY    ,MN,56258-1598,Public       ,222,269,491,1855,844,2699
00237700,ST CLOUD STATE UNIVERSITY               ,MN,56301-4498,Public       ,2325,1265,3590,8766,3383,12149
00237900,SAINT JOHNS UNIVERSITY                  ,MN,56321-0000,Private      ,120,21,141,1706,80,1786
00238000,SAINT MARY'S UNIVERSITY                 ,MN,55987-1399,Private      ,104,868,972,1440,2201,3641
00238200,ST OLAF COLLEGE                         ,MN,55057-1098,Private      ,98,9,107,3448,57,3505
00238300,CROWN COLLEGE                           ,MN,55375-9001,Private      ,108,211,319,714,556,1270
00238500,NORTHLAND COMMUNITY & TECHNICAL CLG     ,MN,56701-2598,Public       ,521,682,1203,1433,1614,3047
00238600,UNITED THEOLGCL SEMINRY TWIN CITIES     ,MN,55112-0000,Private      ,0,29,29,4,90,94
00238800,"UNIVERSITY OF MINNESOTA, DULUTH         ",MN,55812-2496,Public       ,1391,498,1889,8108,1650,9758
00238900,"UNIVERSITY OF MINNESOTA, MORRIS         ",MN,56267-2113,Public       ,134,37,171,1509,194,1703
00239100,WILLIAM MITCHELL COLLEGE OF LAW         ,MN,55105-0000,Private      ,0,123,123,1,1280,1281
00239300,MINNESOTA STATE COLLEGE-SE TECH         ,MN,55987-0409,Public       ,298,355,653,697,944,1641
00239400,WINONA STATE UNIVERSITY                 ,MN,55987-5838,Public       ,1119,421,1540,5843,1172,7015
00396900,UNIVERSITY OF MINNESOTA-TWIN CITIES     ,MN,55455-0422,Public       ,3215,3336,6551,23004,14178,37182
00400900,MESABI RANGE CMNTY & TECH COLLEGE       ,MN,55792-0000,Public       ,220,240,460,480,470,950
00405708,NATIONAL AMERICAN UNIVERSITY            ,MN,55113-0000,Proprietary  ,8,62,70,24,194,218
00405715,NATIONAL AMERICAN UNIVERSITY - BLOOMINGT,MN,55425-5550,Proprietary  ,8,66,74,16,161,177
00406900,UNIVERSITY OF MINNESOTA-CROOKSTON       ,MN,56716-5001,Public       ,148,93,241,819,287,1106
00438600,VETERAN'S MEDICAL CTR- SCH RAD TECH     ,MN,55417-2399,Public       ,0,1,1,1,7,8
00464100,DUNWOODY COLLEGE OF TECHNOLOGY          ,MN,55403-1192,Private      ,354,313,667,880,828,1708
00464200,GLOBE UNIVERSITY                        ,MN,55125-5408,Proprietary  ,118,263,381,324,693,1017
00464500,MINNEAPOLIS BUSINESS COLLEGE            ,MN,55113-4036,Proprietary  ,59,26,85,453,97,550
00464600,MINNESOTA SCHOOL OF BUSINESS            ,MN,55423-0000,Proprietary  ,731,1381,2112,1969,3917,5886
00464800,RASMUSSEN COLLEGE - EAGAN               ,MN,55122-1346,Proprietary  ,63,213,276,128,600,728
00525200,RIDGEWATER COLLEGE                      ,MN,56201-2098,Public       ,566,585,1151,1861,1400,3261
00526300,MINNESOTA WEST CMNTY & TECH COLG        ,MN,56241-1096,Public       ,331,416,747,896,997,1893
00553300,"SAINT PAUL COLLEGE, COMMUNITY/TECHNICAL ",MN,55102-1800,Public       ,473,1166,1639,1397,2900,4297
00553400,ST CLOUD TECHNICAL COLLEGE              ,MN,56303-1240,Public       ,739,506,1245,1948,1243,3191
00553500,PINE TECHNICAL COLLEGE                  ,MN,55063-2198,Public       ,62,156,218,138,378,516
00553700,SOUTH CENTRAL COLLEGE                   ,MN,56003-0000,Public       ,503,433,936,1286,1210,2496
00554100,MINNESOTA STATE COMMUNITY AND TECHNICAL ,MN,56573-1405,Public       ,877,890,1767,2228,2312,4540
00554400,ALEXANDRIA TECHNICAL COLLEGE            ,MN,56308-3799,Public       ,332,203,535,1249,530,1779
00575700,LAKE SUPERIOR COLLEGE                   ,MN,55811-3399,Public       ,629,716,1345,1699,1780,3479
00575900,NORTHWEST TECHNICAL COLLEGE - BEMIDJI   ,MN,56601-4907,Public       ,148,261,409,404,609,1013
00677500,RAINY RIVER COMMUNITY COLLEGE           ,MN,56649-2187,Public       ,57,54,111,164,122,286
00735000,ANOKA-HENNEPIN TECHNICAL COLLEGE        ,MN,55303-1590,Public       ,271,480,751,558,1005,1563
00735100,BROWN COLLEGE                           ,MN,55120-1004,Proprietary  ,202,261,463,1105,1017,2122
00746200,COLLEGE OF VISUAL ARTS                  ,MN,55102-2199,Private      ,33,14,47,184,55,239
00795400,NORMANDALE COMMUNITY COLLEGE            ,MN,55431-4399,Public       ,1060,1060,2120,3032,2921,5953
00826700,NORTHWEST TECHNICAL INSTITUTE           ,MN,55121-5001,Proprietary  ,21,11,32,103,29,132
00869400,RASMUSSEN COLLEGE                       ,MN,56301-3713,Proprietary  ,87,214,301,222,693,915
00869401,RASMUSSEN COLLEGE - BROOKLYN PARK       ,MN,55445-1512,Proprietary  ,49,236,285,206,847,1053
00905800,BETHEL UNIVERSITY                       ,MN,55112-6999,Private      ,220,519,739,2699,1425,4124
00960000,COSMETOLOGY CAREERS UNLTD-DULUTH        ,MN,55802-2031,Proprietary  ,20,21,41,28,26,54
00972200,EMPIRE BEAUTY SCHOOL                    ,MN,55119-7003,Proprietary  ,29,47,76,88,146,234
00974000,INVER HILLS COMMUNITY COLLEGE           ,MN,55076-3224,Public       ,629,749,1378,1445,1771,3216
00983100,MODEL COLLEGE OF HAIR DESIGN            ,MN,56301-4280,Proprietary  ,25,10,35,71,28,99
00987000,EMPIRE BEAUTY SCHOOL                    ,MN,55420-2919,Proprietary  ,26,47,73,87,167,254
00989200,"DULUTH BUSINESS UNIV, INC.              ",MN,55807-0000,Proprietary  ,58,126,184,144,291,435
00999200,OAK HILLS CHRISTIAN COLLEGE             ,MN,56601-0000,Private      ,41,33,74,125,84,209
01024800,ART INSTITUTES INTL MINNESOTA           ,MN,55402-3137,Proprietary  ,402,338,740,1322,821,2143
01037400,METROPOLITAN STATE UNIVERSITY           ,MN,55106-5000,Public       ,336,1321,1657,1224,4146,5370
01040200,DAKOTA COUNTY TECHNICAL COLLEGE         ,MN,55068-2999,Public       ,379,451,830,897,1078,1975
01049000,REGENCY BEAUTY INSTITUTE                ,MN,55428-0000,Proprietary  ,518,530,1048,957,1039,1996
01049100,HENNEPIN TECHNICAL COLLEGE              ,MN,55445-2399,Public       ,473,934,1407,1213,2307,3520
01054600,CENTURY COMMUNITY AND TECHNICAL CLG     ,MN,55110-1894,Public       ,1308,1339,2647,2999,3312,6311
01101700,HERZING COLLEGE                         ,MN,55428-3548,Proprietary  ,28,45,73,125,223,348
01168600,RASMUSSEN COLLEGE - EDEN PRAIRIE        ,MN,55344-7220,Proprietary  ,56,305,361,120,998,1118
01173200,"MAYO CLINIC, COLLEGE OF MEDICINE        ",MN,55905-0000,Private      ,2,23,25,23,245,268
01173201,MAYO SCHOOL OF HEALTH-RELATED SCIEN     ,MN,55905-0000,Private      ,9,21,30,39,127,166
01173206,MAYO GRAD SCHOOL                        ,MN,55901-0000,Private      ,0,4,4,1,21,22
01173207,MAYO MEDICAL SCHOOL                     ,MN,55901-0000,Private      ,0,7,7,4,152,156
01232800,NORTHWESTERN HEALTH SCIENCES UNIV       ,MN,55431-1599,Private      ,17,197,214,59,886,945
02050300,ACADEMY COLLEGE                         ,MN,55420-1554,Proprietary  ,10,48,58,46,140,186
02096002,REGIONS HOSPITAL -DIETETIC INTRNSHP     ,MN,55101-0000,Private      ,0,0,0,2,0,2
02123200,AVEDA INSTITUTE                         ,MN,55414-0000,Proprietary  ,79,69,148,292,236,528
02159800,COSMETOLOGY CAREERS UNLTD - HIBBING     ,MN,55746-0000,Proprietary  ,13,10,23,18,12,30
02160901,"SALON PROFESSIONAL ACADEMY, THE - THE SA",MN,55428-4928,Proprietary  ,13,12,25,32,36,68
02238100,MINNESOTA SCHOOL OF COSMETOLOGY         ,MN,55125-0000,Proprietary  ,30,42,72,66,106,172
02260500,SUMMIT ACAD OPPORTUNITIES IND CTR       ,MN,55405-0000,Private      ,7,63,70,10,77,87
02284500,PILLSBURY BAPTIST BIBLE COLLEGE         ,MN,55060-0000,Private      ,29,13,42,134,30,164
02503300,RASMUSSEN COLLEGE - MANKATO             ,MN,56001-8658,Proprietary  ,46,155,201,198,618,816
02503302,RASMUSSEN COLLEGE - MANKATO -  LAKE ELMO,MN,55042-8624,Proprietary  ,25,106,131,48,230,278
02504200,WALDEN UNIVERSITY                       ,MN,55401-2511,Proprietary  ,8,6832,6840,34,20830,20864
02514100,AMERICAN INDIAN OPPORTUNITIES CTR       ,MN,55404-0000,Private      ,0,47,47,1,64,65
02543600,INGENUE                                 ,MN,56560-0000,Proprietary  ,4,3,7,10,5,15
02551200,EAST METRO OIC                          ,MN,55104-3435,Private      ,6,19,25,24,85,109
03001200,MCNALLY SMITH COLLEGE OF MUSIC          ,MN,55101-2220,Proprietary  ,110,54,164,450,162,612
03051900,ALFRED ADLER GRADUATE SCHOOL            ,MN,55305-0000,Private      ,1,71,72,2,150,152
03096400,LEECH LAKE TRIBAL COLLEGE               ,MN,56633-0000,Public       ,31,118,149,46,236,282
03129100,FOND DU LAC TRIBAL & COMMUNITY CLG      ,MN,55720-2984,Public       ,197,330,527,375,649,1024
03267300,CAPELLA UNIVERSITY                      ,MN,55402-3389,Proprietary  ,13,5248,5261,42,23750,23792
03473400,MINNEAPOLIS SCHOOL OF MASSAGE AND B     ,MN,55418-3343,Private      ,0,0,0,4,19,23
03833300,AMERICAN ACADEMY OF ACUPUNCTURE AND ORIE,MN,55113-0000,Proprietary  ,0,23,23,1,56,57
03921400,WHITE EARTH TRIBAL AND COMMUNITY COLLEGE,MN,56557-0478,Private      ,10,53,63,14,104,118
04044300,HAZELDEN GRADUATE SCHOOL OF ADDICTION ST,MN,55012-0000,Private      ,0,15,15,0,54,54
00239600,ALCORN STATE UNIVERSITY                 ,MS,39096-7500,Public       ,593,875,1468,3003,2334,5337
00239700,BELHAVEN COLLEGE                        ,MS,39202-1789,Private      ,129,676,805,1100,2309,3409
00239800,BLUE MOUNTAIN COLLEGE                   ,MS,38610-9370,Private      ,61,85,146,287,267,554
00240100,COAHOMA COMMUNITY COLLEGE               ,MS,38614-9799,Public       ,456,1013,1469,1020,1746,2766
00240200,COPIAH-LINCOLN COMMUNITY COLLEGE        ,MS,39191-0649,Public       ,541,676,1217,1611,1716,3327
00240300,DELTA STATE UNIVERSITY                  ,MS,38733-0000,Public       ,442,767,1209,2721,2580,5301
00240400,EAST CENTRAL COMMUNITY COLLEGE          ,MS,39327-0129,Public       ,417,565,982,1292,1311,2603
00240500,EAST MISSISSIPPI COMM COLLEGE           ,MS,39358-0000,Public       ,720,1288,2008,1823,2727,4550
00240700,HINDS COMMUNITY COLLEGE                 ,MS,39154-9799,Public       ,1735,2290,4025,5081,6301,11382
00240800,HOLMES COMMUNITY COLLEGE                ,MS,39079-0000,Public       ,803,1425,2228,2270,3509,5779
00240900,ITAWAMBA COMMUNITY COLLEGE              ,MS,38843-1099,Public       ,840,1581,2421,2619,3748,6367
00241000,JACKSON STATE UNIVERSITY                ,MS,39217-0001,Public       ,1384,2339,3723,7268,7214,14482
00241100,JONES COUNTY JUNIOR COLLEGE             ,MS,39437-3999,Public       ,776,720,1496,2722,2005,4727
00241300,MERIDIAN COMMUNITY COLLEGE              ,MS,39307-5890,Public       ,674,841,1515,1790,1880,3670
00241400,MILLSAPS COLLEGE                        ,MS,39201-0000,Private      ,114,94,208,1181,339,1520
00241500,MISSISSIPPI COLLEGE                     ,MS,39058-0001,Private      ,370,577,947,2027,2400,4427
00241501,MISSISSIPPI COLLEGE - SCHOOL OF LAW     ,MS,39201-1391,Private      ,0,97,97,23,698,721
00241502,MISSISSIPPI COLLEGE - RANKIN CAMPUS     ,MS,39042-0000,Private      ,0,2,2,0,2,2
00241600,MISSISSIPPI DELTA CMTY COLLEGE          ,MS,38761-0000,Public       ,616,846,1462,1627,1876,3503
00241700,MISSISSIPPI GULF CST CLG-PERKINSTON     ,MS,39573-0000,Public       ,297,201,498,1016,530,1546
00241701,MISSISSIPPI GULF CST CLG-JEFF DAVIS     ,MS,39507-0000,Public       ,424,689,1113,1039,1785,2824
00241702,MISSISSIPPI GULF CST CLG-JACKSON CN     ,MS,39553-0000,Public       ,422,550,972,1126,1448,2574
00242200,MISSISSIPPI UNIV FOR WOMEN              ,MS,39701-5818,Public       ,245,438,683,1370,1472,2842
00242300,MISSISSIPPI STATE UNIVERSITY            ,MS,39762-9698,Public       ,1679,1591,3270,9186,5002,14188
00242400,MISSISSIPPI VALLEY STATE UNIVERSITY     ,MS,38941-1400,Public       ,580,1172,1752,2652,3133,5785
00242600,NORTHEAST MS CMNTY COLLEGE              ,MS,38829-1731,Public       ,543,533,1076,2021,1546,3567
00242700,NORTHWEST MISSISSIPPI COMMUNITY CLG     ,MS,38668-1703,Public       ,1178,1279,2457,3613,3139,6752
00243000,PEARL RIVER COMMUNITY COLLEGE           ,MS,39470-2201,Public       ,738,962,1700,2092,2380,4472
00243300,RUST COLLEGE                            ,MS,38635-2328,Private      ,238,140,378,1047,343,1390
00243500,SOUTHEASTERN BAPTIST COLLEGE            ,MS,39440-0000,Private      ,11,35,46,29,57,86
00243600,SOUTHWEST MISSISSIPPI CMNTY CLG         ,MS,39666-8099,Public       ,367,336,703,1034,980,2014
00243900,TOUGALOO COLLEGE                        ,MS,39174-9799,Private      ,255,123,378,1262,381,1643
00244000,UNIVERSITY OF MISSISSIPPI               ,MS,38677-1848,Public       ,1521,1268,2789,7857,4635,12492
00244001,UNIVERSITY OF MISSISSIPPI - MED CTR     ,MS,39216-0000,Public       ,28,124,152,356,1355,1711
00244100,UNIVERSITY OF SOUTHERN MISSISSIPPI      ,MS,39406-0001,Public       ,1770,2088,3858,8541,6904,15445
00244700,WILLIAM CAREY UNIVERSITY                ,MS,39401-5499,Private      ,242,595,837,1045,2086,3131
01146100,WESLEY COLLEGE                          ,MS,39073-1070,Private      ,28,33,61,54,62,116
01289101,ANTONELLI COLLEGE - JACKSON             ,MS,39208-4526,Proprietary  ,11,27,38,23,84,107
01289102,ANTONELLI COLLEGE - HATTIESBURG         ,MS,39401-3056,Proprietary  ,6,22,28,24,42,66
02074900,CHRIS' BEAUTY COLLEGE                   ,MS,39501-0000,Proprietary  ,9,27,36,24,70,94
02160500,NORTH MISSISSIPPI MED CTR MED TECH      ,MS,38801-0000,Private      ,2,13,15,10,31,41
02235900,ACADEMY OF HAIR DESIGN #4               ,MS,39208-0000,Proprietary  ,12,24,36,27,64,91
02244300,ACADEMY OF HAIR DESIGN #1               ,MS,38901-0000,Proprietary  ,16,64,80,45,179,224
02249900,DELTA BEAUTY COLLEGE                    ,MS,38701-0000,Proprietary  ,3,27,30,22,79,101
02251600,ACADEMY OF HAIR DESIGN #6               ,MS,39401-7581,Proprietary  ,13,28,41,31,94,125
02251700,FOSTER'S COSMETOLOGY COLLEGE            ,MS,38663-0000,Proprietary  ,6,25,31,10,31,41
02302800,MISSISSIPPI COLLEGE OF BEAUTY CULT      ,MS,39440-0000,Proprietary  ,6,29,35,15,42,57
02320800,MAGNOLIA COLLEGE OF COSMETOLOGY         ,MS,39206-0000,Proprietary  ,34,84,118,49,127,176
02361200,MAGNOLIA BIBLE COLLEGE                  ,MS,39090-0000,Private      ,3,15,18,10,28,38
02490200,"ICS, THE WRIGHT BEAUTY COLLEGE          ",MS,38834-0000,Proprietary  ,3,10,13,5,19,24
02502100,CREATIONS COLLEGE OF COSMETOLOGY        ,MS,38803-0000,Proprietary  ,8,27,35,20,67,87
02516200,WESLEY BIBLICAL SEMINARY                ,MS,39206-0000,Private      ,1,38,39,2,89,91
02554600,GIBSON'S BARBER AND BEAUTY COLLEGE      ,MS,39773-0000,Proprietary  ,11,33,44,23,50,73
02586000,J & J HAIR DESIGN COLLEGE               ,MS,39051-3716,Proprietary  ,11,42,53,19,102,121
03004000,FINAL TOUCH BEAUTY SCHOOL               ,MS,39307-2934,Proprietary  ,11,28,39,14,41,55
03010401,CRESCENT CITY BARTENDING SCHOOL         ,MS,39501-0000,Proprietary  ,1,8,9,2,15,17
03010404,CRESCENT CITY SCHOOL OF GAMING & BARTEND,MS,38664-1903,Proprietary  ,1,0,1,1,1,2
03010603,VIRGINIA COLLEGE - JACKSON              ,MS,39206-5602,Proprietary  ,13,54,67,30,173,203
03010610,VIRGINIA COLLEGE - BILOXI               ,MS,39532-2124,Proprietary  ,2,18,20,10,84,94
03263300,TRAXLER'S SCHOOL OF HAIR                ,MS,39212-2529,Proprietary  ,5,43,48,11,57,68
03464300,ACADEMY OF HAIR DESIGN                  ,MS,39562-0000,Proprietary  ,5,18,23,7,45,52
03525300,BLUE CLIFF COLLEGE                      ,MS,39507-0000,Proprietary  ,28,96,124,44,162,206
03848300,DAY SPA CAREER COLLEGE                  ,MS,39564-0000,Proprietary  ,8,18,26,22,48,70
03963300,HEALING TOUCH SCHOOL OF MASSAGE THERAPY ,MS,39402-1300,Proprietary  ,7,11,18,15,38,53
00252600,CARROLL COLLEGE                         ,MT,59625-0002,Private      ,57,25,82,1449,182,1631
00252700,UNIVERSITY OF GREAT FALLS               ,MT,59405-4996,Private      ,80,135,215,418,450,868
00252800,MILES COMMUNITY COLLEGE                 ,MT,59301-4799,Public       ,59,68,127,250,213,463
00252900,DAWSON COMMUNITY COLLEGE                ,MT,59330-1405,Public       ,42,28,70,196,93,289
00253000,MONTANA STATE UNIVERSITY - BILLINGS     ,MT,59101-0298,Public       ,351,669,1020,2274,2563,4837
00253100,MONTANA TECH OF THE UNIV OF MONTANA     ,MT,59701-8997,Public       ,142,224,366,1226,852,2078
00253200,MONTANA STATE UNIVERSITY - BOZEMAN      ,MT,59717-0001,Public       ,750,633,1383,7291,3090,10381
00253300,MONTANA STATE UNIVERSITY-NORTHERN       ,MT,59501-3148,Public       ,113,206,319,657,698,1355
00253400,ROCKY MOUNTAIN COLLEGE                  ,MT,59102-1796,Private      ,73,67,140,783,311,1094
00253600,UNIVERSITY OF MONTANA (THE)             ,MT,59812-0001,Public       ,783,1015,1798,6885,5626,12511
00253700,UNIVERSITY OF MONTANA WESTERN (THE)     ,MT,59725-3598,Public       ,143,97,240,879,397,1276
00442500,BENEFIS HEALTHCARE SCH RAD TECH         ,MT,59405-4324,Private      ,3,1,4,9,5,14
00677700,FLATHEAD VALLEY COMMUNITY COLLEGE       ,MT,59901-2699,Public       ,107,168,275,442,547,989
00757000,HELENA COLLEGE OF TECHNOLOGY            ,MT,59601-3098,Public       ,74,148,222,335,495,830
00790000,BUTTE ACADEMY OF BEAUTY CULTURE         ,MT,59701-9197,Proprietary  ,9,9,18,19,16,35
00894700,"DAHL'S COLLEGE OF BEAUTY,INC            ",MT,59401-3731,Proprietary  ,4,15,19,13,22,35
00931400,MSU COLLEGE OF TECH-GREAT FALLS         ,MT,59405-4907,Public       ,106,341,447,444,941,1385
00946800,COLLEGE OF COIFFURE ART LTD             ,MT,59102-5333,Proprietary  ,0,0,0,14,15,29
02143400,SALISH KOOTENAI COLLEGE                 ,MT,59855-0000,Public       ,48,204,252,200,596,796
02286600,LITTLE BIG HORN COLLEGE                 ,MT,59022-0000,Public       ,31,65,96,74,127,201
02343000,FT PECK COMMUNITY COLLEGE               ,MT,59255-0000,Public       ,25,130,155,43,203,246
02510600,BLACKFEET COMMUNITY COLLEGE             ,MT,59417-0000,Private      ,56,215,271,126,362,488
02517500,FORT BELKNAP COLLEGE                    ,MT,59526-0000,Public       ,17,42,59,52,92,144
02545200,CHIEF DULL KNIFE COLLEGE                ,MT,59043-0098,Public       ,12,55,67,54,110,164
02610900,STONE CHILD COLLEGE                     ,MT,59521-9796,Public       ,21,88,109,57,155,212
02621300,ACADEMY OF COSMETOLOGY                  ,MT,59715-3544,Proprietary  ,8,5,13,24,21,45
03205300,MODERN BEAUTY SCHOOL                    ,MT,59801-8386,Proprietary  ,5,9,14,29,28,57
03763400,"ACADEMY OF NAIL, SKIN & HAIR            ",MT,59101-0000,Proprietary  ,14,16,30,62,52,114
03778300,HEALTH WORKS INSTITUTE                  ,MT,59715-0000,Proprietary  ,6,8,14,20,28,48
00253900,CHADRON STATE COLLEGE                   ,NE,69337-2690,Public       ,193,210,403,1419,702,2121
00254000,COLLEGE OF ST MARY                      ,NE,68106-2606,Private      ,75,238,313,397,849,1246
00254100,CONCORDIA UNIVERSITY                    ,NE,68434-1594,Private      ,79,40,119,1249,154,1403
00254200,CREIGHTON UNIVERSITY                    ,NE,68178-0001,Private      ,313,350,663,4202,3885,8087
00254300,DANA COLLEGE                            ,NE,68008-9905,Private      ,58,12,70,881,63,944
00254400,DOANE COLLEGE                           ,NE,68333-2421,Private      ,108,287,395,1286,687,1973
00254700,GRACE UNIVERSITY                        ,NE,68108-3629,Private      ,32,52,84,283,185,468
00254800,HASTINGS COLLEGE                        ,NE,68901-7621,Private      ,127,32,159,1495,121,1616
00255100,UNIVERSITY OF NEBRASKA AT KEARNEY       ,NE,68849-0001,Public       ,570,404,974,3808,1260,5068
00255300,MIDLAND LUTHERAN COLLEGE                ,NE,68025-4254,Private      ,106,60,166,934,144,1078
00255400,UNIVERSITY OF NEBRASKA-OMAHA            ,NE,68182-0001,Public       ,1272,1202,2474,6730,4469,11199
00255500,NEBRASKA WESLEYAN UNIVERSITY            ,NE,68504-2796,Private      ,160,115,275,1859,385,2244
00255700,MID-PLAINS COMM COLLEGE - NORTH PLATTE  ,NE,69101-9420,Public       ,102,159,261,367,416,783
00255701,MID-PLAINS COMMUNITY COLLEGE - MCCOOK   ,NE,69001-2631,Public       ,54,45,99,210,124,334
00255900,PERU STATE COLLEGE                      ,NE,68421-0010,Public       ,117,234,351,845,766,1611
00256000,WESTERN NEBRASKA COMMUNITY COLLEGE      ,NE,69361-1815,Public       ,124,234,358,580,599,1179
00256300,UNION COLLEGE                           ,NE,68506-4387,Private      ,178,67,245,705,255,960
00256500,UNIVERSITY OF NEBRASKA-LINCOLN          ,NE,68588-0419,Public       ,1444,846,2290,13029,4196,17225
00256596,UNIVERSITY OF NEBRASKA - CURTIS         ,NE,69025-9522,Public       ,30,9,39,219,24,243
00256600,WAYNE STATE COLLEGE                     ,NE,68787-1172,Public       ,323,237,560,2423,745,3168
00256700,YORK COLLEGE                            ,NE,68467-2699,Private      ,111,33,144,426,80,506
00443100,MARY LANNING MEM HOSP SCH RAD TECH      ,NE,68901-4497,Private      ,0,2,2,11,5,16
00443600,REGNL WST MEDCL CTR SCHL RAD            ,NE,69361-0000,Private      ,2,3,5,11,9,20
00458608,KAPLAN UNIVERSITY - OMAHA               ,NE,68134-1002,Proprietary  ,59,262,321,155,806,961
00458609,KAPLAN UNIVERSITY - LINCOLN             ,NE,68508-2668,Proprietary  ,45,168,213,161,615,776
00639900,BRYANLGH COLLEGE OF HEALTH SCIENCES     ,NE,68506-1398,Private      ,32,30,62,235,200,435
00640400,NEBR METHODIST CLG OF NURS ALLD HLTH    ,NE,68114-2852,Private      ,54,90,144,362,423,785
00689500,UNIVERSITY OF NEBRASKA-MED CTR          ,NE,68198-4265,Public       ,46,156,202,513,1908,2421
00750100,VATTEROTT COLLEGE                       ,NE,68137-1237,Proprietary  ,68,225,293,187,761,948
00849200,ALEGENT HEALTH SCHOOLS                  ,NE,68114-2767,Private      ,7,14,21,39,64,103
00952300,BAHNER COLLEGE OF HAIRSTYLING           ,NE,68025-3297,Proprietary  ,8,10,18,54,21,75
00961700,CAPITOL BEAUTY SCHOOL                   ,NE,68144-3873,Proprietary  ,20,22,42,90,62,152
00974300,BELLEVUE UNIVERSITY                     ,NE,68005-0000,Private      ,216,1684,1900,618,4309,4927
00986200,CLARKSON COLLEGE                        ,NE,68131-2739,Private      ,57,111,168,422,513,935
01151900,JOSEPH'S COLLEGE OF BEAUTY/ALL CAMPUSES ,NE,68510-2226,Proprietary  ,50,61,111,178,247,425
01166700,NORTHEAST COMMUNITY COLLEGE             ,NE,68702-0000,Public       ,275,266,541,1381,851,2232
01258600,METROPOLITAN COMMUNITY COLLEGE          ,NE,68103-0000,Public       ,899,1616,2515,2787,5650,8437
01297600,NEBRASKA CHRISTIAN COLLEGE              ,NE,68046-4256,Private      ,54,15,69,152,32,184
02079700,COLLEGE OF HAIR DESIGN                  ,NE,68508-0000,Proprietary  ,33,49,82,117,91,208
02099500,CENTRAL COMMUNITY COLLEGE- GI           ,NE,68801-0000,Public       ,136,323,459,457,810,1267
02099501,CENTRAL COMMUNITY COLLEGE - HASTINGS    ,NE,68902-0000,Public       ,160,165,325,774,442,1216
02099502,CENTRAL COMMUNITY COLLEGE - COLUMBUS    ,NE,68602-0000,Public       ,86,128,214,375,337,712
02508300,SOUTHEAST COMM. COLLEGE-ALL CAMPUSES    ,NE,68520-0000,Public       ,749,815,1564,3777,3172,6949
02550800,NEBRASKA INDIAN COMMUNITY COLLEGE       ,NE,68039-0000,Public       ,8,38,46,11,63,74
02610500,XENON INTERNATIONAL ACADEMY II          ,NE,68127-3522,Proprietary  ,55,40,95,173,92,265
03023300,VATTEROTT COLLEGE                       ,NE,68137-1237,Proprietary  ,0,0,0,4,9,13
03127300,OMAHA SCHOOL OF MASSAGE THERAPY         ,NE,68127-5002,Proprietary  ,16,34,50,52,68,120
03164300,THE CREATIVE CENTER                     ,NE,68164-2911,Proprietary  ,30,9,39,122,23,145
03279300,MYOTHERAPY INSTITUTE                    ,NE,68516-3641,Proprietary  ,6,9,15,33,30,63
03323300,LITTLE PRIEST TRIBAL COLLEGE            ,NE,68071-0000,Private      ,6,64,70,11,78,89
03821400,UNIVERSAL COLLEGE OF HEALING ARTS       ,NE,68112-1810,Proprietary  ,6,7,13,9,28,37
00256800,UNIVERSITY OF NEVADA RENO               ,NV,89557-0002,Public       ,688,589,1277,5532,3082,8614
00256900,UNIVERSITY OF NEVADA-LAS VEGAS          ,NV,89154-1001,Public       ,1142,1626,2768,8515,9211,17726
00697700,GREAT BASIN COLLEGE                     ,NV,89801-3348,Public       ,108,263,371,366,628,994
00736700,MARINELLO SCHOOLS OF BEAUTY             ,NV,89110-3563,Proprietary  ,54,101,155,77,216,293
00737100,MARINELLO SCHOOL OF BEAUTY              ,NV,89502-5982,Proprietary  ,12,28,40,13,32,45
00919200,SIERRA NEVADA COLLEGE                   ,NV,89451-0000,Private      ,39,173,212,203,328,531
01036200,COLLEGE OF SOUTHERN NEVADA              ,NV,89146-1139,Public       ,1148,2394,3542,3752,7680,11432
01036300,WESTERN NEVADA COLLEGE                  ,NV,89703-0000,Public       ,141,383,524,493,999,1492
01323200,ACADEMY OF HAIR DESIGN                  ,NV,89102-0000,Proprietary  ,37,44,81,72,113,185
02097100,SOUTHERN NEVADA UNIV OF COSMETOLOGY     ,NV,89121-0000,Proprietary  ,0,0,0,5,8,13
02107700,TRUCKEE MEADOWS COMMUNITY CLG           ,NV,89512-0000,Public       ,383,662,1045,1522,2549,4071
02237500,EVEREST COLLEGE                         ,NV,89103-0000,Proprietary  ,78,237,315,216,555,771
02338509,NEVADA CAREER INSTITUTE                 ,NV,89121-0000,Proprietary  ,28,99,127,68,277,345
02361001,ITT TECHNICAL INSTITUTE                 ,NV,89014-0000,Proprietary  ,128,216,344,216,449,665
02616703,SCOTTSDALE CULINARY INSTITUTE - LE CORDO,NV,89144-7047,Proprietary  ,15,33,48,75,128,203
02621500,CAREER COLLEGE OF NORTHERN NEVADA       ,NV,89434-7905,Proprietary  ,29,103,132,70,306,376
03030603,UTAH CLG OF MASSAGE THERAPY-NSMT        ,NV,89123-0000,Proprietary  ,41,97,138,96,250,346
03031405,INTERNATIONAL ACADEMY OF DESIGN AND TECH,NV,89074-7750,Proprietary  ,49,74,123,125,171,296
03043200,KAPLAN COLLEGE                          ,NV,89102-8618,Proprietary  ,46,135,181,128,400,528
03084600,THE ART INSTITUTE OF LAS VEGAS          ,NV,89074-7737,Proprietary  ,271,292,563,860,955,1815
03088200,CARSON CITY BEAUTY ACADEMY              ,NV,89706-0000,Proprietary  ,9,22,31,19,69,88
03110000,ACADEMY OF HEALING ARTS                 ,NV,89106-4031,Proprietary  ,37,106,143,88,306,394
03232305,COMPUTER-ED INSTITUTE -                 ,NV,89014-6398,Proprietary  ,4,11,15,25,38,63
03232306,EUPHORIA INSTITUTE - SUMMERLIN          ,NV,89117-8803,Proprietary  ,36,56,92,69,120,189
03232307,EUPHORIA INSTITUTE - GREEN VALLEY       ,NV,89052-4964,Proprietary  ,28,45,73,55,108,163
03787300,EXPERTISE SCHOOL OF BEAUTY              ,NV,89106-2516,Private      ,19,54,73,23,89,112
03838500,NORTHWEST HEALTH CAREERS                ,NV,89128-0000,Proprietary  ,6,37,43,24,67,91
03975300,INSTITUTE OF PROFESSIONAL CAREERS       ,NV,89119-7825,Proprietary  ,5,11,16,23,41,64
04065300,UNIVERSITY OF SOUTHERN NEVADA           ,NV,89014-2333,Private      ,27,90,117,109,942,1051
04114300,NEVADA STATE COLLEGE                    ,NV,89002-9455,Public       ,90,190,280,428,735,1163
00257200,COLBY-SAWYER COLLEGE                    ,NH,03257-4648,Private      ,26,5,31,1495,43,1538
00257300,DARTMOUTH COLLEGE                       ,NH,03755-3529,Private      ,85,60,145,6599,1631,8230
00257500,FRANKLIN PIERCE UNIVERSITY              ,NH,03461-0060,Private      ,89,159,248,2803,746,3549
00257900,NEW ENGLAND COLLEGE                     ,NH,03242-3293,Private      ,103,122,225,1310,394,1704
00258000,SOUTHERN NEW HAMPSHIRE UNIVERSITY       ,NH,03106-1045,Private      ,150,760,910,3190,2573,5763
00258100,NHTI  - CONCORD'S COMMUNITY COLLEGE     ,NH,03301-7412,Public       ,333,274,607,1650,961,2611
00258200,MANCHESTER COMMUNITY COLLEGE            ,NH,03102-8518,Public       ,190,186,376,657,663,1320
00258202,NEW HAMPSHIRE COMMUNITY TECHNICAL COLLEG,NH,03038-0000,Public       ,0,1,1,3,4,7
00258204,HEW HAMPSHIRE COMMUNITY TECHNICAL COLLEG,NH,03803-2807,Public       ,0,0,0,6,7,13
00258300,GREAT BAY COMMUNITY COLLEGE             ,NH,03885-0000,Public       ,131,141,272,473,522,995
00258600,RIVIER COLLEGE                          ,NH,03060-5086,Private      ,82,157,239,1236,652,1888
00258700,SAINT ANSELM COLLEGE                    ,NH,03102-1310,Private      ,38,10,48,3270,48,3318
00258900,UNIVERSITY OF NEW HAMPSHIRE             ,NH,03824-2511,Public       ,290,244,534,15658,2493,18151
00259000,KEENE STATE COLLEGE                     ,NH,03431-0000,Public       ,221,50,271,5693,465,6158
00259100,PLYMOUTH STATE UNIVERSITY               ,NH,03264-1595,Public       ,145,111,256,5480,705,6185
00301004,ANTIOCH UNIVERSITY                      ,NH,03431-0000,Private      ,0,75,75,2,780,782
00472900,HESSER COLLEGE                          ,NH,03103-7230,Proprietary  ,242,231,473,756,768,1524
00472901,HESSER COLLEGE - NASHUA CAMPUS          ,NH,03063-1286,Proprietary  ,57,125,182,141,378,519
00472904,HESSER COLLEGE - PORTSMOUTH CAMPUS      ,NH,03801-3245,Proprietary  ,59,166,225,138,376,514
00472905,HESSER COLLEGE - SALEM CAMPUS           ,NH,03079-2842,Proprietary  ,88,175,263,203,446,649
00472906,HESSER COLLEGE - CONCORD CAMPUS         ,NH,03301-3415,Proprietary  ,28,106,134,72,289,361
00473000,MCINTOSH COLLEGE INC                    ,NH,03820-3990,Proprietary  ,112,119,231,789,541,1330
00473100,DANIEL WEBSTER COLLEGE                  ,NH,03063-1300,Proprietary  ,47,44,91,1097,196,1293
00473300,CHESTER COLLEGE OF NEW ENGLAND          ,NH,03036-4331,Private      ,23,13,36,252,34,286
00529100,WHITE MOUNTAINS COMMUNITY COLLEGE       ,NH,03570-3799,Public       ,52,125,177,230,406,636
00529101,N.H.COMM TECH COLLEGE - LACONIA         ,NH,03246-0000,Public       ,0,0,0,7,5,12
00702500,LEBANON COLLEGE                         ,NH,03766-0000,Private      ,2,5,7,20,31,51
00755500,LAKES REGION COMMUNITY COLLEGE          ,NH,03246-1326,Public       ,108,87,195,422,317,739
00756000,RIVER VALLEY COMMUNITY COLLEGE          ,NH,03743-9707,Public       ,42,103,145,212,429,641
00849300,CONTINENTAL ACADEMIE OF HAIR DESIGN     ,NH,03103-4901,Proprietary  ,5,5,10,17,7,24
00864500,EMPIRE BEAUTY SCHOOL                    ,NH,03220-0000,Proprietary  ,38,32,70,79,69,148
00923600,NASHUA COMMUNITY COLLEGE                ,NH,03063-2052,Public       ,180,125,305,539,432,971
01318900,CONTINENTAL ACADEMIE OF HAIR DESIGN     ,NH,03051-3754,Proprietary  ,12,2,14,35,8,43
02097900,FRANKLIN PIERCE LAW CENTER              ,NH,03301-0000,Private      ,0,26,26,13,644,657
02140400,ST JOSEPH SCH OF PRAC NRSG              ,NH,03060-0000,Private      ,18,32,50,36,87,123
02174800,MICHAEL'S SCHOOL OF HAIR DESIGN & ESTHET,NH,03110-0000,Proprietary  ,39,21,60,54,32,86
02179600,EMPIRE BEAUTY SCHOOL                    ,NH,03878-0000,Proprietary  ,34,43,77,80,94,174
02211600,PORTSMOUTH BTY SCH OF HAIR DESIGN       ,NH,03801-4084,Proprietary  ,8,5,13,16,12,28
02245400,KEENE BEAUTY ACADEMY                    ,NH,03431-0000,Proprietary  ,11,9,20,25,24,49
02247000,NEW ENGLAND SCHOOL OF HAIR DESIGN       ,NH,03784-0000,Proprietary  ,7,11,18,19,24,43
02300200,CONCORD ACADEMY OF HAIR DESIGN          ,NH,03301-0000,Proprietary  ,0,5,5,7,9,16
03043100,THOMAS MORE COLLEGE OF LIBERAL ARTS     ,NH,03054-4818,Private      ,13,2,15,104,6,110
03101300,GRANITE STATE COLLEGE                   ,NH,03301-6400,Public       ,39,210,249,149,985,1134
03182300,NEW HAMPSHIRE INSTITUTE OF ART          ,NH,03104-4858,Private      ,37,12,49,343,48,391
03305300,SECOND START                            ,NH,03301-5706,Private      ,0,0,0,2,6,8
03437300,UPPER VALLEY TEACHER TRANING PROGRAM    ,NH,03766-1358,Private      ,1,6,7,2,29,31
03729300,NH INSTITUTE FOR THERAPEUTIC ARTS       ,NH,03051-4906,Proprietary  ,4,15,19,8,26,34
00267000,BAPTIST BIBLE COLG OF PENNSYLVANIA      ,PA,18411-1297,Private      ,47,44,91,717,140,857
00322800,BRYN ATHYN COLLEGE OF THE NEW CHURCH    ,PA,19009-0717,Private      ,8,0,8,71,3,74
00322900,ALBRIGHT COLLEGE                        ,PA,19612-5234,Private      ,75,85,160,2906,662,3568
00323000,ALLEGHENY COLLEGE                       ,PA,16335-3902,Private      ,34,4,38,3251,61,3312
00323100,COMM CLG OF ALLEGHENY-ALLEGHENY CMP     ,PA,15212-0000,Public       ,355,758,1113,1850,3100,4950
00323101,"COMM CLG OF ALLEGHENY, BOYCE CAMPUS     ",PA,15146-0000,Public       ,219,278,497,1071,1416,2487
00323102,"COMM CLG OF ALLEGHENY, NORTH CAMPUS     ",PA,15237-0000,Public       ,162,201,363,870,779,1649
00323103,"COMM CLG OF ALLEGHENY, SOUTH CAMPUS     ",PA,15122-0000,Public       ,281,310,591,1317,1566,2883
00323300,ALVERNIA UNIVERSITY                     ,PA,19607-1799,Private      ,96,200,296,1637,1123,2760
00323500,ARCADIA UNIVERSITY                      ,PA,19038-3295,Private      ,86,171,257,3395,1358,4753
00323700,BRYN MAWR COLLEGE                       ,PA,19010-2899,Private      ,25,21,46,1300,473,1773
00323800,BUCKNELL UNIVERSITY                     ,PA,17837-2122,Private      ,44,14,58,4758,124,4882
00323900,BUCKS COUNTY COMMUNITY COLLEGE          ,PA,18940-1320,Public       ,424,435,859,2310,1740,4050
00324000,BUTLER COUNTY COMMUNITY COLLEGE         ,PA,16001-0000,Public       ,243,308,551,1295,1237,2532
00324100,CABRINI COLLEGE                         ,PA,19087-3698,Private      ,66,334,400,2625,799,3424
00324200,CARNEGIE MELLON UNIVERSITY              ,PA,15213-3890,Private      ,137,169,306,8035,855,8890
00324201,CARNEGIE MELLON UNIV- THE HEINZ SCH     ,PA,15213-0000,Private      ,6,41,47,433,430,863
00324202,CARNEGIE MELLON- TEPPER SCHOOL OF BUSINE,PA,15213-0000,Private      ,0,91,91,10,581,591
00324300,CEDAR CREST COLLEGE                     ,PA,18104-6196,Private      ,31,110,141,1280,947,2227
00324400,CHATHAM UNIVERSITY                      ,PA,15232-2826,Private      ,14,153,167,645,1038,1683
00324500,CHESTNUT HILL COLLEGE                   ,PA,19118-2693,Private      ,79,224,303,1288,1126,2414
00324700,MISERICORDIA  UNIVERSITY                ,PA,18612-1008,Private      ,94,132,226,1759,725,2484
00324900,COMMUNITY COLLEGE OF PHILADELPHIA       ,PA,19130-3991,Public       ,1757,3058,4815,8081,11804,19885
00325100,CURTIS INSTITUTE OF MUSIC               ,PA,19103-6187,Private      ,2,3,5,223,83,306
00325200,DELAWARE VALLEY COLLEGE                 ,PA,18901-2697,Private      ,82,50,132,2079,246,2325
00325300,DICKINSON COLLEGE                       ,PA,17013-2896,Private      ,43,4,47,2911,39,2950
00325400,DICKINSON SCHOOL OF LAW                 ,PA,17013-2899,Private      ,4,61,65,29,1444,1473
00325600,DREXEL UNIVERSITY                       ,PA,19104-2875,Private      ,471,1487,1958,15692,10007,25699
00325800,DUQUESNE UNIVERSITY                     ,PA,15282-0001,Private      ,155,522,677,6453,3528,9981
00325900,EASTERN UNIVERSITY                      ,PA,19087-3696,Private      ,136,358,494,2081,1775,3856
00325908,EASTERN BAPTIST THEOLGCL SEMINARY       ,PA,19096-0000,Private      ,0,26,26,1,91,92
00326200,ELIZABETHTOWN COLLEGE                   ,PA,17022-2298,Private      ,31,51,82,2747,283,3030
00326300,EVANGELICAL SCHOOL OF THEOLOGY          ,PA,17067-0000,Private      ,0,13,13,0,86,86
00326500,FRANKLIN & MARSHALL COLLEGE             ,PA,17604-0000,Private      ,40,3,43,2425,49,2474
00326600,GANNON UNIVERSITY                       ,PA,16541-0001,Private      ,67,181,248,3233,1133,4366
00326700,GENEVA COLLEGE                          ,PA,15010-3599,Private      ,40,141,181,1721,759,2480
00326800,GETTYSBURG COLLEGE                      ,PA,17325-1486,Private      ,53,2,55,3797,51,3848
00326900,GROVE CITY COLLEGE                      ,PA,16127-0000,Private      ,29,1,30,1768,29,1797
00327000,GWYNEDD-MERCY COLLEGE                   ,PA,19437-0901,Private      ,66,205,271,1530,982,2512
00327200,HARCUM COLLEGE                          ,PA,19010-3476,Private      ,57,119,176,508,701,1209
00327300,HARRISBURG AREA COMMUNITY COLLEGE       ,PA,17110-2999,Public       ,1011,1642,2653,6061,8261,14322
00327400,HAVERFORD COLLEGE                       ,PA,19041-1392,Private      ,33,1,34,1730,15,1745
00327500,HOLY FAMILY UNIVERSITY                  ,PA,19114-2094,Private      ,86,218,304,1691,1641,3332
00327600,IMMACULATA UNIVERSITY                   ,PA,19345-0647,Private      ,81,323,404,1248,1150,2398
00327700,INDIANA UNIVERSITY OF PENNSYLVANIA      ,PA,15705-1097,Public       ,534,484,1018,11359,3081,14440
00327900,JUNIATA COLLEGE                         ,PA,16652-2196,Private      ,25,8,33,1902,75,1977
00328000,KEYSTONE COLLEGE                        ,PA,18440-0200,Private      ,67,70,137,1569,665,2234
00328200,KINGS COLLEGE                           ,PA,18711-0801,Private      ,84,51,135,2627,372,2999
00328300,LACKAWANNA COLLEGE                      ,PA,18509-9961,Private      ,177,139,316,1214,646,1860
00328400,LAFAYETTE COLLEGE                       ,PA,18042-1768,Private      ,31,2,33,3165,43,3208
00328500,LANCASTER BIBLE COLLEGE                 ,PA,17601-5036,Private      ,37,52,89,557,262,819
00328600,LANCASTER THEOLOGICAL SEMINARY          ,PA,17603-0000,Private      ,0,14,14,1,99,100
00328700,LASALLE UNIVERSITY                      ,PA,19141-1199,Private      ,281,456,737,4694,2326,7020
00328800,LEBANON VALLEY COLLEGE                  ,PA,17003-1400,Private      ,25,15,40,2364,162,2526
00328900,LEHIGH UNIVERSITY                       ,PA,18015-1588,Private      ,92,86,178,7154,538,7692
00329000,LINCOLN UNIVERSITY                      ,PA,19352-0999,Public       ,255,226,481,3236,957,4193
00329100,LUTHERAN THEOLOG SEMINARY-GETTYSBRG     ,PA,17325-0000,Private      ,0,10,10,0,143,143
00329200,LUTHERAN THEOLOGICAL SEMINARY           ,PA,19119-0000,Private      ,0,19,19,0,187,187
00329300,LYCOMING COLLEGE                        ,PA,17701-5192,Private      ,27,10,37,1903,78,1981
00329400,MANOR COLLEGE                           ,PA,19046-3399,Private      ,70,70,140,491,423,914
00329600,MARYWOOD UNIVERSITY                     ,PA,18509-1598,Private      ,88,173,261,2247,1406,3653
00329700,MERCYHURST COLLEGE                      ,PA,16546-0001,Private      ,177,193,370,4109,1228,5337
00329800,MESSIAH COLLEGE                         ,PA,17027-0800,Private      ,104,13,117,3166,116,3282
00330000,MOORE COLLEGE OF ART & DESIGN           ,PA,19103-1179,Private      ,36,24,60,643,178,821
00330100,MORAVIAN COLLEGE                        ,PA,18018-6650,Private      ,50,36,86,2041,198,2239
00330101,MORAVIAN THEOLOGICAL SEMINARY           ,PA,18018-0000,Private      ,1,9,10,11,62,73
00330200,MOUNT ALOYSIUS COLLEGE                  ,PA,16630-1999,Private      ,43,99,142,1173,746,1919
00330300,CARLOW COLLEGE                          ,PA,15213-3165,Private      ,48,240,288,1197,1454,2651
00330400,MUHLENBERG COLLEGE                      ,PA,18104-5586,Private      ,56,57,113,2748,189,2937
00330600,VALLEY FORGE CHRISTIAN COLLEGE          ,PA,19460-2399,Private      ,78,36,114,805,192,997
00330900,PEIRCE COLLEGE                          ,PA,19102-4699,Private      ,47,369,416,243,1854,2097
00331100,PENNSYLVANIA COLLEGE OF OPTOMETRY       ,PA,19027-1598,Private      ,0,34,34,18,808,826
00331300,WIDENER UNIVERSITY                      ,PA,19013-5792,Private      ,197,283,480,3741,1892,5633
00331302,WIDENER UNIV SCH OF LAW- HARRISBURG     ,PA,17106-9381,Private      ,0,64,64,7,719,726
00331500,BLOOMSBURG UNIVERSITY OF PA             ,PA,17815-1301,Public       ,507,206,713,8968,1474,10442
00331600,CALIFORNIA UNIV OF PENNSYLVANIA         ,PA,15419-1394,Public       ,335,523,858,5767,3267,9034
00331700,CHEYNEY UNIVERSITY OF PENNSYLVANIA      ,PA,19319-0200,Public       ,162,151,313,1932,667,2599
00331800,CLARION UNIVERSITY OF PENNSYLVANIA      ,PA,16214-1232,Public       ,240,241,481,5216,1746,6962
00332000,EAST STROUDSBURG UNIVERSITY             ,PA,18301-2999,Public       ,338,171,509,6631,1235,7866
00332100,EDINBORO UNIVERSITY OF PENNSYLVANIA     ,PA,16444-0001,Public       ,358,433,791,5398,2658,8056
00332200,KUTZTOWN UNIVERSITY OF PENNSYLVANIA     ,PA,19530-9339,Public       ,491,190,681,9285,1462,10747
00332300,LOCK HAVEN UNIV OF PENNSYLVANIA         ,PA,17745-2439,Public       ,185,119,304,5329,1011,6340
00332400,MANSFIELD UNIVERSITY                    ,PA,16933-1123,Public       ,165,189,354,2743,936,3679
00332500,MILLERSVILLE UNIVERSITY OF PA           ,PA,17551-1800,Public       ,235,157,392,7309,1625,8934
00332600,SHIPPENSBURG UNIVERSITY                 ,PA,17257-2299,Public       ,422,196,618,6691,1148,7839
00332700,SLIPPERY ROCK UNIVERSITY                ,PA,16057-1326,Public       ,356,232,588,7239,1687,8926
00332800,WEST CHESTER UNIVERSITY                 ,PA,19383-0001,Public       ,501,361,862,11815,2640,14455
00332900,PENN STATE UNIVERSITY                   ,PA,16802-1503,Public       ,3181,2126,5307,61158,13902,75060
00332901,PENN STATE UNIV-HERSHEY MEDCL CTR       ,PA,17033-0000,Public       ,4,35,39,47,1035,1082
00335000,UNIVERSITY OF THE ARTS (THE)            ,PA,19102-9493,Private      ,175,57,232,2936,492,3428
00335100,PHILADELPHIA BIBLICAL UNIVERSITY        ,PA,19047-2942,Private      ,56,144,200,846,449,1295
00335200,PHILADELPHIA CLG OSTEOPATHIC MED        ,PA,19131-0000,Private      ,0,182,182,7,2397,2404
00335300,UNIVERSITY OF THE SCIENCES IN PHILADELPH,PA,19104-4495,Private      ,74,64,138,3196,741,3937
00335400,PHILADELPHIA UNIVERSITY                 ,PA,19144-5497,Private      ,122,124,246,3610,741,4351
00335600,PITTSBURGH THEOLOGICAL SEMINARY         ,PA,15206-0000,Private      ,0,20,20,4,205,209
00335700,POINT PARK UNIVERSITY                   ,PA,15222-1912,Private      ,133,370,503,2622,1851,4473
00335800,REFORMED PRESBYTERIAN THEOL SEMINAR     ,PA,15208-0000,Private      ,0,9,9,0,23,23
00335900,ROBERT MORRIS UNIVERSITY                ,PA,15108-1189,Private      ,259,444,703,3453,1708,5161
00336000,ROSEMONT COLLEGE                        ,PA,19010-1699,Private      ,29,110,139,401,408,809
00336200,SETON HILL UNIVERSITY                   ,PA,15601-1599,Private      ,74,106,180,1627,707,2334
00336400,ST. CHARLES BORROMEO SEMINARY           ,PA,19096-0000,Private      ,3,20,23,29,41,70
00336600,SAINT FRANCIS UNIVERSITY                ,PA,15940-0600,Private      ,76,69,145,1746,498,2244
00336700,SAINT JOSEPH'S UNIVERSITY               ,PA,19131-1395,Private      ,289,425,714,5621,1438,7059
00336800,ST VINCENT COLLEGE                      ,PA,15650-2690,Private      ,48,46,94,2023,275,2298
00336900,SUSQUEHANNA UNIVERSITY                  ,PA,17870-1001,Private      ,46,11,57,2469,67,2536
00337000,SWARTHMORE COLLEGE                      ,PA,19081-1397,Private      ,52,6,58,2599,31,2630
00337100,TEMPLE UNIV - MAIN CAMPUS               ,PA,19122-6003,Private      ,953,825,1778,24131,6217,30348
00337101,TEMPLE UNIV - SCHOOL OF LAW             ,PA,19122-0000,Private      ,6,71,77,54,2257,2311
00337102,TEMPLE UNIV - SCHOOL OF MEDICINE        ,PA,19140-0000,Private      ,6,36,42,78,1142,1220
00337103,TEMPLE UNIV - SCHOOL OF DENTISTRY       ,PA,19140-0000,Private      ,0,30,30,13,574,587
00337104,TEMPLE UNIV - AMBLER CAMPUS             ,PA,19002-0000,Private      ,58,71,129,764,538,1302
00337105,TEMPLE UNIV - SCH OF ALLIED HEALTH      ,PA,19140-0000,Private      ,11,37,48,335,389,724
00337106,TEMPLE UNIV - SCHOOL OF PHARMACY        ,PA,19140-0000,Private      ,7,54,61,288,630,918
00337107,TEMPLE UNIV - TYLER SCHOOL OF ART       ,PA,19122-0000,Private      ,26,18,44,739,250,989
00337108,TEMPLE UNIV - GRAD DIV HEALTH SCI       ,PA,19140-0000,Private      ,7,44,51,39,358,397
00337109,TEMPLE UNIV - GRADUATE DIVISION         ,PA,19122-0000,Private      ,3,422,425,115,2406,2521
00337111,TEMPLE UNIV-SCH OF PODIATRIC MED        ,PA,19107-0000,Private      ,1,19,20,14,318,332
00337600,THIEL COLLEGE                           ,PA,16125-2181,Private      ,72,25,97,1462,122,1584
00337800,UNIVERSITY OF PENNSYLVANIA              ,PA,19104-6216,Private      ,304,1101,1405,12191,10085,22276
00337900,UNIVERSITY OF PITTSBURGH                ,PA,15260-0000,Public       ,960,1216,2176,22823,8574,31397
00337906,UNIVERSITY OF PITTSBURGH - SCHOOL OF MED,PA,15261-0001,Public       ,1,12,13,37,885,922
00337907,UNIVERSITY OF PITTSBURGH - SCHOOL OF DEN,PA,15261-2523,Public       ,1,6,7,20,350,370
00338400,UNIVERSITY OF SCRANTON                  ,PA,18510-4622,Private      ,129,364,493,5843,1407,7250
00338500,URSINUS COLLEGE                         ,PA,19426-2562,Private      ,32,8,40,2771,78,2849
00338600,VALLEY FORGE MILITARY COLLEGE           ,PA,19087-3695,Private      ,24,1,25,163,12,175
00338800,VILLANOVA UNIVERSITY                    ,PA,19085-1699,Private      ,110,183,293,9705,1488,11193
00338801,VILLANOVA UNIV SCH OF LAW               ,PA,19085-0000,Private      ,0,87,87,24,1279,1303
00338900,WASHINGTON & JEFFERSON COLLEGE          ,PA,15301-4801,Private      ,67,5,72,2497,43,2540
00339100,WAYNESBURG UNIVERSITY                   ,PA,15370-1222,Private      ,52,228,280,1849,715,2564
00339200,WESTMINSTER COLLEGE                     ,PA,16172-0002,Private      ,32,26,58,1685,104,1789
00339300,WESTMINSTER THEOLOGICAL SEMINARY        ,PA,19038-0000,Private      ,0,25,25,3,257,260
00339400,WILKES UNIVERSITY                       ,PA,18766-0998,Private      ,99,142,241,3024,714,3738
00339500,PENNSYLVANIA COLLEGE OF TECHNOLOGY      ,PA,17701-5779,Public       ,312,217,529,5330,1898,7228
00339600,WILSON COLLEGE                          ,PA,17201-1285,Private      ,10,62,72,352,327,679
00339900,YORK COLLEGE OF PENNSYLVANIA            ,PA,17405-7199,Private      ,245,138,383,5622,894,6516
00398600,DESALES UNIVERSITY                      ,PA,18034-9568,Private      ,67,146,213,2056,828,2884
00398700,LA ROCHE COLLEGE                        ,PA,15237-5898,Private      ,48,53,101,1059,369,1428
00398800,NEUMANN COLLEGE                         ,PA,19014-1298,Private      ,168,187,355,2580,827,3407
00405800,GRATZ COLLEGE                           ,PA,19027-3097,Private      ,0,38,38,1,90,91
00445200,MONTGOMERY COUNTY COMMUNITY COLLEGE     ,PA,19422-6300,Public       ,499,621,1120,2540,2523,5063
00488700,BRANDYWINE SCHOOL OF NURSING            ,PA,19320-1536,Proprietary  ,2,4,6,35,73,108
00488900,CAMBRIA-ROWE BUSINESS COLLEGE           ,PA,15902-2494,Proprietary  ,22,65,87,165,257,422
00489000,CENTRAL PENNSYLVANIA COLLEGE            ,PA,17093-0309,Proprietary  ,58,83,141,930,654,1584
00489300,DU BOIS BUSINESS COLLEGE                ,PA,15801-2401,Proprietary  ,39,50,89,202,241,443
00489400,ERIE BUSINESS CENTER                    ,PA,16501-1305,Proprietary  ,25,102,127,93,385,478
00489401,ERIE BUSINESS CENTER SOUTH              ,PA,16101-0000,Proprietary  ,6,16,22,27,83,110
00489800,MCCANN SCHOOL OF BUSINESS & TECHNOL     ,PA,17901-1335,Proprietary  ,126,326,452,739,1587,2326
00489900,MERCY HOSP SCH OF NURSING               ,PA,15219-5166,Private      ,8,5,13,88,76,164
00490100,NEWPORT BUSINESS INSTITUTE              ,PA,15068-3929,Proprietary  ,9,17,26,32,59,91
00490200,PENN COMMERCIAL BUSINESS/TECHNICAL SCHL ,PA,15301-2871,Proprietary  ,50,102,152,232,317,549
00491000,KAPLAN CAREER INSTITUTE                 ,PA,17111-3571,Proprietary  ,42,102,144,168,338,506
00491001,THOMPSON INSTITUTE-PHILADEPHIA CAMPUS   ,PA,19104-3386,Proprietary  ,120,353,473,208,611,819
00491400,NEWPORT BUSINESS INSTITUTE              ,PA,17701-5855,Proprietary  ,12,24,36,51,106,157
00500701,WEST VIRGINIA CAREER INSTITUTE          ,PA,15456-0000,Proprietary  ,9,30,39,73,149,222
00531000,PITTSBURGH INST OF AERONAUTICS          ,PA,15236-0000,Private      ,36,23,59,221,108,329
00533000,FAYETTE CNTY AREA VOC TECH PRC NRSG     ,PA,15401-0000,Public       ,8,15,23,23,98,121
00533500,CENTRAL PENN INST OF SCI & TECH PNP     ,PA,16823-0000,Public       ,10,24,34,31,81,112
00534100,UPPER BUCKS CO AREA VOC-TECH SCHOOL     ,PA,18944-0000,Public       ,2,2,4,3,5,8
00536500,YORK CO AREA VOC-TECH SCH-PRAC NSG      ,PA,17402-0000,Public       ,2,31,33,16,88,104
00594200,UPMC PRESBYTERIAN SCH OF RADIOLOGIC     ,PA,15213-2582,Private      ,4,3,7,29,29,58
00594600,SCHOOL OF RADIOLOGIC TECHNOLOGY AT ST. C,PA,19134-1995,Proprietary  ,5,13,18,20,46,66
00653400,CITIZENS SCHOOL OF NURSING              ,PA,15068-6591,Private      ,5,11,16,58,116,174
00653700,CONEMAUGH VLY MEM HOSP SCH NRSNG        ,PA,15905-4398,Private      ,2,14,16,98,126,224
00653702,CONEMAUGH HOSP- SCH HISTOTECHNOLOGY     ,PA,15905-0000,Private      ,0,2,2,5,5,10
00653704,CONEMAUGH VLY MEM HOSP SCH RAD TECH     ,PA,15905-0000,Private      ,2,2,4,29,22,51
00653706,CONEMAUGH VLY MEM HOSP SCH  MED TECH    ,PA,15905-4398,Private      ,0,2,2,8,8,16
00653900,EPISCOPAL HOSPITAL SCHL OF NURSING      ,PA,19125-1000,Private      ,1,6,7,22,186,208
00655100,ST MARGARET SCHL OF NURSING             ,PA,15238-3205,Private      ,5,18,23,66,135,201
00656000,OHIO VALLEY HOSP SCH OF NURSING         ,PA,15136-1694,Private      ,4,10,14,27,43,70
00656500,READING HOSPITAL SCHOOL OF HEALTH SCIENC,PA,19611-1744,Private      ,13,33,46,169,293,462
00657400,"ST LUKE'S HOSPITAL OF BETHLEHEM, PA     ",PA,18015-1065,Private      ,4,6,10,63,126,189
00657600,SEWICKLEY VALLEY HOSP SCH NRSNG         ,PA,15143-1498,Private      ,2,3,5,44,60,104
00657602,HVHS SCHOOL OF RADIOLOGIC TECHNOLOGY    ,PA,15143-0000,Private      ,0,0,0,6,1,7
00657700,UPMC SHADYSIDE SCHOOL OF NURSING        ,PA,15232-1381,Private      ,14,55,69,108,257,365
00657800,SHARON REGIONAL SCHOOL OF NURSING       ,PA,16146-3395,Private      ,1,9,10,15,77,92
00658200,WASHINGTON HOSP SCH OF NURSING          ,PA,15301-3398,Private      ,6,11,17,67,135,202
00658202,WASHINGTON HOSP SCH OF RAD TECH         ,PA,15301-3398,Private      ,1,1,2,16,9,25
00658300,WESTERN PENN HOSP-SCH OF NURSING        ,PA,15224-1790,Private      ,5,13,18,109,132,241
00680700,COMMUNITY COLLEGE OF BEAVER COUNTY      ,PA,15061-2588,Public       ,207,251,458,990,987,1977
00681000,LEHIGH CARBON COMMUNITY COLLEGE         ,PA,18078-2598,Public       ,401,446,847,2262,1993,4255
00681100,LUZERNE COUNTY COMMUNITY COLLEGE        ,PA,18634-3899,Public       ,362,430,792,2572,2196,4768
00708700,ABINGTON MEM HOSP SCHL OF NURSING       ,PA,19090-1284,Private      ,7,32,39,87,182,269
00709000,METHODIST HOSPITAL SCH OF NURSING       ,PA,19148-3594,Private      ,0,2,2,7,26,33
00709100,EVEREST INSTITUTE                       ,PA,15222-1320,Proprietary  ,48,189,237,127,597,724
00711000,DELAWARE COUNTY COMMUNITY COLLEGE       ,PA,19063-1094,Public       ,624,712,1336,2887,3132,6019
00719100,NORTHAMPTON COMMUNITY COLLEGE           ,PA,18020-7599,Public       ,487,539,1026,3485,2735,6220
00739802,KATHERINE GIBBS-PHILADELPHIA            ,PA,19403-2422,Proprietary  ,16,46,62,41,68,109
00743000,ANTONELLI INST OF ART & PHOTOGRAPHY     ,PA,19038-8242,Proprietary  ,30,2,32,242,23,265
00743600,KAPLAN CAREER INSTITUTE - ICM CAMPUS    ,PA,15222-1977,Proprietary  ,84,215,299,352,950,1302
00743700,PITTSBURGH TECHNICAL INSTITUTE          ,PA,15071-3205,Proprietary  ,167,128,295,2220,742,2962
00746900,"HUSSIAN SCHOOL OF ART, INC.             ",PA,19106-0000,Proprietary  ,32,7,39,134,16,150
00747000,"ART INSTITUTE OF PITTSBURGH, THE        ",PA,15219-1328,Proprietary  ,970,4666,5636,4725,10775,15500
00752900,CTR ART TCH BRDYWN CMPS PRC NRS PRG     ,PA,19320-2459,Public       ,4,22,26,21,107,128
00775900,LINCOLN TECHNICAL INSTITUTE             ,PA,18104-3298,Proprietary  ,74,121,195,319,401,720
00777900,LANSDALE SCHOOL OF BUSINESS             ,PA,19454-4148,Proprietary  ,29,84,113,73,215,288
00778000,NEW CASTLE SCHOOL OF TRADES             ,PA,16143-9721,Proprietary  ,56,106,162,203,332,535
00778100,CHI INSTITUTE/RETS CAMPUS               ,PA,19008-3516,Proprietary  ,109,191,300,239,540,779
00782600,BEREAN INSTITUTE                        ,PA,19130-1526,Private      ,78,52,130,145,151,296
00783200,LINCOLN TECH INSTITUTE                  ,PA,19136-1595,Proprietary  ,133,111,244,396,317,713
00783900,TRIANGLE TECH                           ,PA,15214-3897,Proprietary  ,41,58,99,221,238,459
00791200,THADDEUS STEVENS CLG OF TECHNOLOGY      ,PA,17602-0000,Public       ,40,22,62,903,223,1126
00791600,FRANKLIN CNTY CAREER & TECH CTR-PNP     ,PA,17201-0000,Public       ,5,7,12,14,25,39
00820000,JAMESON MEMORIAL HOSP SCH NURSING       ,PA,16105-2595,Private      ,2,4,6,41,90,131
00826301,AWARD BEAUTY SCHOOL - CHAMBERSBURG BEAUT,PA,17201-2435,Proprietary  ,0,2,2,0,5,5
00835000,ART INSTITUTE OF PHILADELPHIA           ,PA,19103-5198,Proprietary  ,495,336,831,3435,1626,5061
00844100,ANTHEM INSTITUTE                        ,PA,19064-1243,Proprietary  ,142,239,381,351,619,970
00856800,VET TECH INSTITUTE                      ,PA,15222-3400,Proprietary  ,44,23,67,307,117,424
00865300,JEFFERSON CO DUBOIS VOC TECH-PR NSG     ,PA,15851-0000,Public       ,1,1,2,17,55,72
00888900,LEHIGH VALLEY COLLEGE                   ,PA,18034-8447,Proprietary  ,90,92,182,566,489,1055
00895500,PRUONTOS HAIR DESIGN INSTITUTE & BEAUTY ,PA,16602-0000,Proprietary  ,8,10,18,19,25,44
00915705,WYOMING TECHNICAL INSTITUTE - BLAIRSVILL,PA,15717-8060,Proprietary  ,2,1,3,2,1,3
00918600,DEAN INSTITUTE OF TECHNOLOGY            ,PA,15226-1197,Proprietary  ,5,20,25,30,66,96
00944900,PENNCO TECH                             ,PA,19007-0000,Proprietary  ,76,89,165,267,297,564
00966400,EMPIRE BEAUTY SCHOOL                    ,PA,18052-5730,Proprietary  ,54,77,131,117,175,292
00966500,EMPIRE BEAUTY SCHOOL                    ,PA,17109-2210,Proprietary  ,12,34,46,58,156,214
00966600,EMPIRE BEAUTY SCHOOL                    ,PA,19605-2803,Proprietary  ,27,45,72,81,142,223
00972100,BRADFORD SCHOOL                         ,PA,15219-2602,Proprietary  ,41,13,54,571,105,676
00972300,FRANKFORD HOSP SCH OF NURSING           ,PA,19124-2696,Private      ,14,31,45,184,254,438
00973700,UPHS PRESBYTERIAN MC SCH PRACTL NRS     ,PA,19104-2692,Private      ,0,0,0,1,2,3
00978300,GORDON PHILLIPS SCH OF BEAUTY CULT      ,PA,19135-0000,Proprietary  ,40,62,102,190,273,463
00986300,LANCASTER GENERAL COLLEGE OF NURSING AND,PA,17602-4955,Private      ,21,54,75,298,423,721
01000600,GREATER JOHNSTOWN AREA VOC TECH SCH     ,PA,15904-0000,Public       ,12,91,103,54,207,261
01005500,CRAWFORD CNTY AREA VO-TECH PRAC NUR     ,PA,16335-0000,Public       ,0,0,0,9,27,36
01017600,WESTMORELAND COUNTY COMMUNITY CLG       ,PA,15697-1895,Public       ,455,638,1093,1949,2227,4176
01038800,READING AREA COMMUNITY COLLEGE          ,PA,19603-1706,Public       ,356,814,1170,1298,2275,3573
01054100,EMPIRE BEAUTY SCHOOL                    ,PA,15146-2229,Proprietary  ,45,57,102,148,213,361
01054200,EMPIRE BEAUTY SCHOOL                    ,PA,18701-0000,Proprietary  ,31,39,70,148,150,298
01054300,EMPIRE BEAUTY SCHOOL                    ,PA,17701-3914,Proprietary  ,39,45,84,100,124,224
01081400,PITTSBURGH INST MORTUARY SCIENCE        ,PA,15206-3706,Private      ,9,22,31,64,109,173
01086000,GREATER ALTOONA CAREER/TECH CENTER      ,PA,16602-0000,Public       ,21,36,57,59,144,203
01096300,GREENE COUNTY VOC-TECH SCHOOL           ,PA,15370-0000,Public       ,0,0,0,8,28,36
01097000,EMPIRE BEAUTY SCHOOL                    ,PA,17042-5209,Proprietary  ,8,10,18,18,26,44
01099800,PENNSYLVANIA INSTITUTE OF TECH          ,PA,19063-4098,Private      ,148,232,380,395,653,1048
01102000,EMPIRE BEAUTY SCHOOL                    ,PA,17604-4335,Proprietary  ,8,13,21,35,70,105
01102100,EMPIRE BEAUTY SCHOOL                    ,PA,17402-2862,Proprietary  ,45,113,158,112,279,391
01162100,AUTOMOTIVE TRAINING CENTER              ,PA,19341-1310,Proprietary  ,93,37,130,505,139,644
01162200,WELDER TRAINING & TESTING INST          ,PA,18109-3253,Proprietary  ,5,14,19,11,26,37
01163800,EMPIRE BEAUTY SCHOOL                    ,PA,17876-0000,Proprietary  ,8,10,18,36,45,81
01171500,POTTSVILLE HOSPITAL SCHOOL OF NURSING   ,PA,17901-3692,Private      ,2,1,3,45,46,91
01191900,BEAVER FALLS BEAUTY ACADEMY             ,PA,15010-4208,Proprietary  ,11,9,20,21,23,44
01205000,ROSEDALE TECHNICAL INSTITUTE            ,PA,15205-9791,Private      ,19,19,38,146,109,255
01239300,THOMAS JEFF UNIV-CLG ALLIED HEALTH      ,PA,19107-0000,Private      ,24,91,115,347,763,1110
01239301,JEFFERSON MED CLG-T. JEFFERSON UNIV     ,PA,19107-5587,Private      ,8,41,49,112,1211,1323
01239303,THOMAS JEFFERSON UNIV-GRADUATE COLG     ,PA,19107-0000,Private      ,11,80,91,131,688,819
01246104,LINCOLN TECHNICAL INSTITUTE             ,PA,19104-0202,Proprietary  ,121,277,398,222,493,715
01246105,LINCOLN TECHNICAL INSTITUTE             ,PA,19116-4202,Proprietary  ,63,90,153,148,243,391
01246106,THE CITTONE INSTITUTE                   ,PA,19462-1326,Proprietary  ,19,29,48,73,133,206
01252300,TALMUDICAL YESHIVA OF PHILA             ,PA,19131-1296,Private      ,1,0,1,1,0,1
01260500,EMPIRE BEAUTY SCHOOL                    ,PA,17331-2405,Proprietary  ,14,17,31,49,45,94
01260600,EMPIRE BEAUTY SCHOOL                    ,PA,17901-2505,Proprietary  ,51,100,151,83,211,294
01260700,EMPIRE BEAUTY SCHOOL                    ,PA,16801-5218,Proprietary  ,2,1,3,14,21,35
01292900,SOUTH HILLS BEAUTY ACADEMY              ,PA,15216-2335,Proprietary  ,15,27,42,25,30,55
01301500,GORDON PHILLIPS SCH BEAUTY CULTURE      ,PA,19102-2701,Proprietary  ,84,103,187,187,328,515
01313400,YESHIVATH BETH MOSHE                    ,PA,18505-2196,Private      ,3,0,3,4,0,4
01321400,ROXBOROUGH MEM HOSP SCH OF NURSING      ,PA,19128-0000,Proprietary  ,0,13,13,47,178,225
01326300,SOUTH HILLS SCH OF BUS & TECHNOLOGY     ,PA,16801-4516,Proprietary  ,73,72,145,477,373,850
01326304,SOUTH HILLS SCHOOL OF BUSINESS & TECHNOL,PA,16602-1188,Proprietary  ,8,0,8,25,22,47
02061000,VENUS BEAUTY ACADEMY                    ,PA,19079-0000,Proprietary  ,22,22,44,55,41,96
02068300,DOUGLAS SCHOOL OF BUSINESS              ,PA,15062-0000,Proprietary  ,56,59,115,217,207,424
02090200,TRIANGLE TECH                           ,PA,16502-0000,Proprietary  ,19,41,60,99,145,244
02092500,LAUREL TECHNICAL INSTITUTE              ,PA,16146-0000,Proprietary  ,8,28,36,25,99,124
02092502,BUSINESS INSTITUTE OF PENNSYLVANIA      ,PA,16335-0000,Proprietary  ,1,20,21,9,82,91
02107300,PENNSYLVANIA ACADEMY OF FINE ARTS       ,PA,19102-1424,Private      ,21,16,37,188,191,379
02112200,GREAT LAKES INSTITUTE OF TECHNOLOGY     ,PA,16509-0000,Proprietary  ,47,97,144,224,339,563
02114200,JOHNSON COLLEGE                         ,PA,18508-0000,Private      ,31,30,61,346,140,486
02116001,SANFORD-BROWN INSTITUTE - TREVOSE       ,PA,19053-4700,Proprietary  ,112,266,378,280,864,1144
02118000,LEVITTOWN BEAUTY ACADEMY LLC            ,PA,19054-1713,Proprietary  ,24,19,43,35,28,63
02119300,PA ACAD OF COSMETOLOGY ARTS & SCI       ,PA,15904-0000,Proprietary  ,16,25,41,38,46,84
02119301,PA ACAD OF COSMTLGY ARTS & SCI          ,PA,15801-0000,Proprietary  ,0,0,0,5,1,6
02120800,"YORKTOWNE BUSINESS INSTITUTE, INC.      ",PA,17404-0000,Proprietary  ,16,24,40,74,168,242
02127400,YORK TECHNICAL INSTITUTE                ,PA,17402-0000,Proprietary  ,149,180,329,993,855,1848
02129000,TRIANGLE TECH                           ,PA,15601-0000,Proprietary  ,36,48,84,264,252,516
02129001,TRIANGLE TECH - BUSINESS CAREERS INSTITU,PA,15601-3304,Proprietary  ,2,0,2,6,5,11
02144000,"VISION ACADEMY, THE                     ",PA,18103-0000,Proprietary  ,29,46,75,47,68,115
02147800,SCHUYLKILL INST BUSINESS & TECHNLGY     ,PA,17901-0000,Proprietary  ,2,2,4,16,21,37
02149000,EMPIRE BEAUTY SCHOOL                    ,PA,19341-2804,Proprietary  ,26,33,59,85,107,192
02151500,CENTRAL SUSQUEHANNA LPN CENTER          ,PA,17847-0000,Public       ,3,5,8,35,119,154
02153500,OAKBRIDGE ACADEMY OF ARTS               ,PA,15068-0000,Proprietary  ,18,4,22,56,12,68
02158300,JUNIATA-MIFFLIN CO AREA VOC TECH        ,PA,17044-0000,Public       ,3,14,17,21,44,65
02161400,NORTHEASTERN HOSP SCH OF NRSG           ,PA,19134-0000,Private      ,5,11,16,50,111,161
02169600,CLEARFIELD CTY CAREER AND TECH CNTR     ,PA,16830-0000,Public       ,9,26,35,24,83,107
02174400,TRIANGLE TECH                           ,PA,15801-0000,Proprietary  ,55,28,83,305,158,463
02178900,ACADEMY OF HAIR DESIGN                  ,PA,18202-1465,Proprietary  ,2,11,13,4,19,23
02183000,ORLEANS TECHNICAL INSTITUTE             ,PA,19111-0000,Private      ,48,174,222,110,371,481
02192800,WALNUT HILL COLLEGE                     ,PA,19104-0000,Proprietary  ,45,34,79,445,191,636
02202300,SANFORD-BROWN INSTITUTE                 ,PA,15219-1907,Proprietary  ,50,146,196,293,656,949
02202301,SANFORD-BROWN INSTITUTE                 ,PA,15146-2141,Proprietary  ,36,104,140,213,435,648
02203900,ERIE INSTITUTE OF TECHNOLOGY            ,PA,16565-1002,Proprietary  ,17,45,62,105,136,241
02206200,AMBLER BEAUTY ACADEMY                   ,PA,19002-0000,Proprietary  ,10,28,38,14,34,48
02206300,STROUDSBURG SCHOOL OF COSMETOLOGY       ,PA,18360-0000,Proprietary  ,4,12,16,14,20,34
02212700,LANCASTER SCHOOL OF COSMETOLOGY         ,PA,17602-0000,Proprietary  ,10,26,36,31,65,96
02213400,PROFESSIONAL SKILLS CAREER ACADEMY      ,PA,16148-0000,Proprietary  ,5,8,13,15,14,29
02234200,ACADEMY OF MEDICAL ARTS & BUSINESS      ,PA,17112-0000,Proprietary  ,21,39,60,94,184,278
02251200,SCHUYLKILL COUNTY AREA VOC TECH SCH     ,PA,17931-0000,Public       ,11,17,28,40,113,153
02251202,SCHUYLKILL COUNTY AREA VOC TECH SCH     ,PA,17931-0000,Public       ,5,10,15,17,26,43
02253900,BERKS TECHNICAL INSTITUTE               ,PA,19610-0000,Proprietary  ,55,102,157,421,499,920
02255200,PENNSYLVANIA SCHOOL OF BUSINESS         ,PA,18101-1604,Proprietary  ,79,189,268,157,449,606
02269900,PENNSYLVANIA COLLEGE OF ART & DESIGN    ,PA,17603-3528,Private      ,24,5,29,291,47,338
02270500,BUCKS COUNTY SCHOOL OF BEAUTY CULT      ,PA,19053-0000,Proprietary  ,7,11,18,15,24,39
02273400,RECONSTRUCTIONIST RABBINICAL COLLEG     ,PA,19095-0000,Private      ,0,18,18,0,34,34
02276600,HANOVER PUBLIC SCH DIST PRAC NURSG      ,PA,17331-0000,Public       ,1,9,10,10,38,48
02282500,LENAPE SCHOOL OF PRACTICAL NURSING      ,PA,16226-0000,Public       ,3,13,16,28,120,148
02288800,EMPIRE BEAUTY SCHOOL                    ,PA,18974-4508,Proprietary  ,16,23,39,32,41,73
02289500,PACE INSTITUTE                          ,PA,19601-0000,Proprietary  ,12,83,95,40,214,254
02289600,CONSOLIDATED SCHOOL OF BUSINESS         ,PA,17404-0000,Proprietary  ,7,22,29,55,96,151
02289700,ACADEMY OF CREATIVE HAIR DESIGN         ,PA,18702-0000,Proprietary  ,14,20,34,33,37,70
02289800,CHI INSTITUTE - FRANKLIN MILLS          ,PA,19154-0000,Proprietary  ,94,181,275,248,556,804
02290400,"ALTOONA BEAUTY SCHOOL, INC              ",PA,16602-0000,Proprietary  ,6,5,11,21,23,44
02292700,LANSDALE SCHOOL OF COSMETOLOGY          ,PA,19446-0000,Proprietary  ,5,20,25,17,26,43
02299300,TRINITY EPISCOPAL SCHOOL MINISTRY       ,PA,15003-0000,Private      ,1,14,15,2,43,45
02301300,PJA SCHOOL (THE)                        ,PA,19082-1917,Proprietary  ,15,65,80,61,267,328
02304400,YTI CAREER INSTITUTE - MECHANICSBURG    ,PA,17055-0000,Proprietary  ,36,93,129,127,248,375
02306200,VENANGO COUNTY AREA VOC TECH SCHOOL     ,PA,16301-0000,Public       ,0,4,4,4,31,35
02310800,LANCASTER COUNTY CAREER & TECH CTR      ,PA,17584-0000,Public       ,56,136,192,108,312,420
02330300,LEBANON CO CAREER & TECHNOLOGY CTR      ,PA,17042-0000,Public       ,3,16,19,29,99,128
02330600,PENNSYLVANIA GUNSMITH SCHOOL            ,PA,15202-0000,Proprietary  ,5,5,10,23,24,47
02350100,WESTERN AREA CAREER & TECHNOLOGY CT     ,PA,15317-0000,Public       ,1,7,8,11,66,77
02350200,INDIANA COUNTY TECH CTR SCH PR NSG      ,PA,15701-1465,Public       ,2,6,8,13,27,40
02353100,NORTHERN TIER CAREER CENTER             ,PA,18848-0000,Public       ,1,4,5,15,43,58
02361002,ITT TECHNICAL INSTITUTE                 ,PA,19406-0000,Proprietary  ,53,59,112,273,299,572
02362300,MERCER COUNTY AREA VOC TECH SCHOOL      ,PA,16137-0000,Public       ,2,10,12,12,56,68
02492500,DELAWARE VLY ACAD MED DNTL ASSTS        ,PA,19114-0000,Proprietary  ,11,54,65,28,121,149
02492600,EASTERN CTR ARTS AND TECH PR NSG        ,PA,19090-0000,Public       ,8,34,42,16,112,128
02495500,ALL-STATE CAREER SCHOOL                 ,PA,19029-0000,Proprietary  ,50,277,327,123,543,666
02529800,WILKES BARRE AREA CAREER AND TECHNICAL C,PA,18705-0000,Public       ,14,56,70,39,140,179
02536600,COMMONWEALTH TECH INSTIT @ HIRAM G      ,PA,15905-0000,Public       ,39,10,49,197,107,304
02539900,STAR TECHNICAL INSTITUTE                ,PA,19082-0000,Proprietary  ,6,49,55,28,148,176
02544300,BUTLER BEAUTY SCHOOL                    ,PA,16001-0000,Proprietary  ,19,26,45,39,62,101
02545000,LAWRENCE COUNTY CAREER AND TECHNICAL CEN,PA,16101-0000,Public       ,1,8,9,12,41,53
02546200,LAUREL BUSINESS INSTITUTE               ,PA,15401-0877,Proprietary  ,33,69,102,178,280,458
02550000,CLARION CO AREA VOC-TECH PRAC NRSG      ,PA,16254-0000,Public       ,6,35,41,13,53,66
02554500,HAZLETON AREA CAREER CENTER PRACTICAL NU,PA,18201-0000,Public       ,7,26,33,17,56,73
02557800,ART INSTITUTE OF YORK (THE) - PENNSYLVAN,PA,17402-9012,Proprietary  ,89,45,134,620,201,821
02558701,PRISM CAREER INSTITUTE - PHL CAMPUS     ,PA,19152-0000,Proprietary  ,0,0,0,0,1,1
02566400,ALBERT EINSTEIN MED CTR DEPT DNTL       ,PA,19141-3098,Private      ,1,1,2,1,8,9
02574800,PENNSYLVANIA INSTITUTE OF TAXIDERMY     ,PA,15931-0000,Proprietary  ,1,4,5,8,18,26
02609500,CAREER TRAINING ACADEMY                 ,PA,15068-6308,Proprietary  ,22,63,85,62,182,244
02609501,CAREER TRAINING ACADEMY                 ,PA,15146-0000,Proprietary  ,1,0,1,4,13,17
02615400,STAR TECHNICAL INSTITUTE                ,PA,19114-2204,Proprietary  ,32,102,134,92,342,434
02616100,JEAN MADELINE ED CTR FOR COSM           ,PA,19147-1542,Proprietary  ,45,50,95,269,189,458
03006800,PENNSYLVANIA CULINARY INSTITUTE         ,PA,15222-3511,Proprietary  ,247,476,723,1164,1246,2410
03010800,TRI-STATE BUSINESS INSTITUTE            ,PA,16506-1013,Proprietary  ,81,218,299,452,1373,1825
03011500,ALLIED MEDICAL AND TECHNICAL INSTITUTE  ,PA,18702-0000,Proprietary  ,35,94,129,122,194,316
03011600,ALLIED MEDICAL AND TECHNICAL INSTITUTE  ,PA,18509-2903,Proprietary  ,51,93,144,141,201,342
03029900,CONSOLIDATED SCHOOL OF BUSINESS         ,PA,17603-2389,Proprietary  ,11,37,48,69,152,221
03031600,DPT BUSINESS SCHOOL                     ,PA,19116-3961,Proprietary  ,34,249,283,61,502,563
03031601,DPT BUSINESS SCHOOL                     ,PA,19106-0000,Proprietary  ,42,113,155,69,265,334
03067000,ANTONELLI MEDICAL & PROF INST           ,PA,19464-9244,Proprietary  ,3,23,26,8,31,39
03072400,ALL-STATE CAREER SCHOOL                 ,PA,15122-1000,Proprietary  ,3,50,53,7,99,106
03072600,DCI CAREER INSTITUTE                    ,PA,15061-2307,Proprietary  ,14,53,67,22,117,139
03081900,YTI CAREER INSTITUTE - ALTOONA          ,PA,16602-4457,Proprietary  ,31,57,88,90,207,297
03085200,HARRISON CAREER INSTITUTE               ,PA,19103-5402,Proprietary  ,0,0,0,0,3,3
03090800,LAKE ERIE COLL OF OSTEOPATHIC MED       ,PA,16509-0000,Private      ,3,130,133,154,2424,2578
03098600,CAREER TECH CTR OF LACKAWANNA CNTY      ,PA,18508-0000,Public       ,8,33,41,20,98,118
03101500,BIDWELL TRAINING CENTER                 ,PA,15233-2233,Private      ,0,5,5,7,17,24
03103300,JNA INSTITUTE OF CULINARY ARTS          ,PA,19146-3119,Proprietary  ,9,19,28,33,66,99
03109100,METROPOLITAN CAREER CENTER              ,PA,19144-0000,Private      ,4,34,38,22,110,132
03110700,AVIATION INSTITUTE OF MAINTENANCE       ,PA,19114-1017,Proprietary  ,41,80,121,91,232,323
03120400,REGIONAL CAREER & TECHNICAL CENTER      ,PA,16509-4699,Public       ,0,0,0,2,5,7
03126000,CENTER FOR INNOVATIVE TRAINING & ED     ,PA,19106-4414,Proprietary  ,0,4,4,1,5,6
03128400,DELAWARE COUNTY TECHNICAL SCHOOL        ,PA,19032-1998,Public       ,6,18,24,16,113,129
03128800,GECAC TRAINING INSTITUTE                ,PA,16502-1137,Private      ,2,7,9,5,21,26
03180400,PENNSYLVANIA HIGHLANDS COMMUNITY COLLEGE,PA,15904-2927,Public       ,87,167,254,476,531,1007
03236400,LT INTERNATIONAL BEAUTY SCHOOL          ,PA,19130-2235,Proprietary  ,9,49,58,12,55,67
03353300,ACADEMY OF VOCAL ARTS                   ,PA,19103-6685,Private      ,1,8,9,4,25,29
03439400,NAWCC SCHOOL OF HOROLOGY                ,PA,17512-2130,Private      ,0,0,0,0,1,1
03471400,NORTH CENTRAL INDUSTRIAL TECHNICAL      ,PA,15853-9708,Private      ,0,0,0,3,4,7
03503300,WINNER INSTITUTE OF ARTS & SCIENCES     ,PA,16154-1811,Private      ,6,12,18,23,34,57
03535300,HUNTINGDON COUNTY CAREER AND TECHNO     ,PA,17060-0905,Public       ,2,15,17,6,33,39
03561400,SUSQUEHANNA COUNTY CAREER & TECHNOL     ,PA,18816-0100,Public       ,2,3,5,9,8,17
03766300,PENNSYLVANIA SCHOOL OF MUSCLE THERAPY   ,PA,19406-3101,Proprietary  ,11,15,26,24,42,66
03899300,CALVARY BAPTIST THEOLOGICAL SEMINARY    ,PA,19446-4718,Private      ,0,5,5,0,9,9
03923300,PRECISION MANUFACTURING INSTITUTE       ,PA,16335-8380,Private      ,0,4,4,8,22,30
03948300,HARRISBURG UNIVERSITY OF SCIENCE AND TEC,PA,17101-2116,Private      ,17,22,39,140,101,241
03949300,WON INSTITUTE OF GRADUATE STUDIES       ,PA,19038-4535,Private      ,0,13,13,0,29,29
03950500,NORTHWEST REGIONAL TECHNOLOGY INSTITUTE ,PA,16508-2820,Proprietary  ,1,36,37,4,45,49
03952300,NATIONAL MASSAGE THERAPY INSTITUTE      ,PA,19116-3965,Proprietary  ,53,182,235,75,249,324
04119900,PENNSYLVANIA MYOTHERAPY INSTITUTE       ,PA,17350-8426,Proprietary  ,2,11,13,6,16,22
00267813,BRYANT & STRATTON COLLEGE - MIL DOWNTOWN,WI,53203-2608,Proprietary  ,137,404,541,373,1276,1649
00383200,ALVERNO COLLEGE                         ,WI,53234-3922,Private      ,194,378,572,1339,1827,3166
00383500,BELOIT COLLEGE                          ,WI,53511-5595,Private      ,37,9,46,1709,88,1797
00383700,CARDINAL STRITCH UNIVERSITY             ,WI,53217-9884,Private      ,115,1187,1302,804,3297,4101
00383800,CARROLL UNIVERSITY                      ,WI,53186-5593,Private      ,156,129,285,2888,650,3538
00383900,CARTHAGE COLLEGE                        ,WI,53141-0000,Private      ,178,117,295,3282,413,3695
00384000,WESTERN TECHNICAL COLLEGE               ,WI,54601-0908,Public       ,477,648,1125,1421,1739,3160
00384200,CONCORDIA UNIVERSITY WISCONSIN          ,WI,53097-2402,Private      ,138,650,788,1877,2024,3901
00384800,EDGEWOOD COLLEGE                        ,WI,53711-1958,Private      ,161,195,356,1408,861,2269
00385000,SILVER LAKE COLLEGE                     ,WI,54220-9319,Private      ,24,95,119,154,354,508
00385400,LAKELAND COLLEGE                        ,WI,53082-0000,Private      ,101,435,536,1061,1308,2369
00385600,LAWRENCE UNIVERSITY                     ,WI,54912-0599,Private      ,27,9,36,1941,52,1993
00386100,MARIAN UNIVERSITY                       ,WI,54935-4699,Private      ,107,272,379,1150,992,2142
00386300,MARQUETTE UNIVERSITY                    ,WI,53201-0000,Private      ,253,383,636,9471,3302,12773
00386600,MILWAUKEE AREA TECH COLLEGE             ,WI,53233-1443,Public       ,1412,3025,4437,3874,8985,12859
00386800,MILWAUKEE SCHOOL OF ENGINEERING         ,WI,53202-3109,Private      ,147,113,260,2307,501,2808
00386900,MOUNT MARY COLLEGE                      ,WI,53222-4597,Private      ,101,213,314,718,1029,1747
00387400,NASHOTAH HOUSE                          ,WI,53058-0000,Private      ,0,15,15,0,35,35
00387500,NORTHLAND COLLEGE                       ,WI,54806-3999,Private      ,63,34,97,876,149,1025
00388400,RIPON COLLEGE                           ,WI,54971-0248,Private      ,92,14,106,1168,47,1215
00389200,ST. NORBERT COLLEGE                     ,WI,54115-2002,Private      ,115,16,131,2047,89,2136
00389500,UNIVERSITY OF WISCONSIN-MADISON         ,WI,53715-1382,Public       ,1915,1190,3105,18893,9443,28336
00389600,UNIVERSITY OF WISCONSIN-MILWAUKEE       ,WI,53201-3165,Public       ,2532,1999,4531,15023,8569,23592
00389700,UNIVERSITY OF WISCONSIN COLLEGES        ,WI,53708-8680,Public       ,355,265,620,1216,896,2112
00389701,UNIVERSITY OF WISCONSIN-BARABOO         ,WI,53913-1098,Public       ,55,38,93,241,111,352
00389702,UNIVERSITY OF WISCONSIN-BARRON          ,WI,54868-2497,Public       ,52,39,91,222,110,332
00389703,UNIVERSITY OF WISCONSIN-FOND DU LAC     ,WI,54935-2998,Public       ,86,58,144,345,178,523
00389704,UNIVERSITY OF WISCONSIN-FOX VALLEY      ,WI,54952-1297,Public       ,167,95,262,739,352,1091
00389705,UNIVERSITY OF WISCONSIN-MANITOWOC       ,WI,54220-6699,Public       ,56,20,76,261,95,356
00389706,UNIVERSITY OF WISCONSIN-MARATHON        ,WI,54401-5396,Public       ,182,95,277,643,256,899
00389707,UNIVERSITY OF WISCONSIN-MARINETTE       ,WI,54143-4299,Public       ,36,33,69,210,97,307
00389708,UNIVERSITY OF WISCONSIN-MARSHFIELD      ,WI,54449-3310,Public       ,49,35,84,271,111,382
00389709,UNIVERSITY OF WISCONSIN-RICHLAND        ,WI,53581-1399,Public       ,27,15,42,208,59,267
00389710,UNIVERSITY OF WISCONSIN COLLEGES - ROCK ,WI,53546-5699,Public       ,111,65,176,385,249,634
00389711,UNIVERSITY OF WISCONSIN-SHEBOYGAN       ,WI,53081-4789,Public       ,84,45,129,304,140,444
00389712,UNIVERSITY OF WISCONSIN-WASHINGTON      ,WI,53095-3699,Public       ,111,34,145,366,131,497
00389713,UNIVERSITY OF WISCONSIN-WAUKESHA        ,WI,53188-2799,Public       ,193,70,263,765,283,1048
00389900,UNIVERSITY OF WISCONSIN-GREEN BAY       ,WI,54311-7001,Public       ,506,286,792,3763,1309,5072
00391100,VITERBO UNIVERSITY                      ,WI,54601-4777,Private      ,88,188,276,1427,795,2222
00391500,UNIVERSITY OF WISCONSIN-STOUT           ,WI,54751-0790,Public       ,908,458,1366,5172,1577,6749
00391700,UNIVERSITY OF WISCONSIN-EAU CLAIRE      ,WI,54702-4004,Public       ,946,321,1267,7143,1357,8500
00391900,UNIVERSITY OF WISCONSIN-LA CROSSE       ,WI,54601-3742,Public       ,658,325,983,6274,1511,7785
00392000,UNIVERSITY OF WISCONSIN-OSHKOSH         ,WI,54901-8604,Public       ,826,572,1398,6314,2493,8807
00392100,UNIVERSITY OF WISCONSIN-PLATTEVILLE     ,WI,53818-3099,Public       ,681,366,1047,4560,1247,5807
00392300,UNIVERSITY OF WISCONSIN-RIVER FALLS     ,WI,54022-5013,Public       ,900,343,1243,4214,971,5185
00392400,UNIVERSITY OF WISCONSIN-STEVENS POINT   ,WI,54481-3871,Public       ,910,295,1205,6046,1409,7455
00392500,UNIVERSITY OF WISCONSIN-SUPERIOR        ,WI,54880-2898,Public       ,342,367,709,1486,1108,2594
00392600,UNIVERSITY OF WISCONSIN-WHITEWATER      ,WI,53190-1792,Public       ,868,452,1320,6540,1799,8339
00400700,MADISON AREA TECHNICAL COLLEGE          ,WI,53704-2599,Public       ,988,1259,2247,3208,3859,7067
00501500,UNIVERSITY OF WISCONSIN-PARKSIDE        ,WI,53141-2000,Public       ,649,441,1090,2771,1529,4300
00529400,WAUKESHA COUNTY TECHNICAL COLLEGE       ,WI,53072-4696,Public       ,314,477,791,974,1393,2367
00530100,NORTHEAST WISCONSIN TECHNICAL COLLEGE   ,WI,54307-9042,Public       ,543,941,1484,1724,2906,4630
00530400,CHIPPEWA VALLEY TECHNICAL COLLEGE       ,WI,54701-6162,Public       ,603,765,1368,1836,2516,4352
00538000,MID-STATE TECHNICAL COLLEGE             ,WI,54494-5512,Public       ,259,397,656,682,1095,1777
00538400,NICOLET AREA TECHNICAL COLLEGE          ,WI,54501-0000,Public       ,103,165,268,357,515,872
00538700,NORTHCENTRAL TECHNICAL COLLEGE          ,WI,54401-1899,Public       ,212,434,646,669,1343,2012
00538900,GATEWAY TECHNICAL COLLEGE               ,WI,53144-1690,Public       ,320,815,1135,1106,3448,4554
00539000,BLACKHAWK TECHNICAL COLLEGE             ,WI,53547-5009,Public       ,166,352,518,578,1290,1868
00610800,BELLIN HOSP SCH OF RAD TECH             ,WI,54305-3505,Private      ,1,1,2,12,6,18
00611500,MERCY MED CTR SCH OF RAD TECH           ,WI,54904-3370,Private      ,2,1,3,6,4,10
00612601,ST LUKE'S MEDCL CTR SCHL RAD TECH       ,WI,53215-4330,Private      ,3,4,7,3,18,21
00612603,ST LUKE'S MED CTR SCH OF SONOGRAPHY     ,WI,53215-0000,Private      ,0,1,1,1,6,7
00613100,THEDA CLARK REG MED CTR SCH RAD TEC     ,WI,54957-0000,Private      ,1,2,3,2,6,8
00663900,BELLIN COLLEGE                          ,WI,54305-0000,Private      ,9,21,30,199,139,338
00766900,SOUTHWEST WISCONSIN TECH COLLEGE        ,WI,53809-0000,Public       ,122,179,301,565,607,1172
00777400,SCIENTIFIC COLLEGE OF BEAUTY/BARBER     ,WI,54601-0000,Proprietary  ,8,12,20,16,35,51
00821700,WISCONSIN COLLEGE OF COSMETOLOGY        ,WI,54304-0000,Proprietary  ,9,14,23,46,35,81
00919400,LAKESHORE TECHNICAL COLLEGE             ,WI,53015-1412,Public       ,121,267,388,414,1001,1415
00925600,MORAINE PARK TECHNICAL COLLEGE          ,WI,54936-0000,Public       ,124,348,472,635,1459,2094
00941900,STATE CLG OF BEAUTY CULT-WAUSAU         ,WI,54403-4667,Proprietary  ,8,16,24,36,28,64
00962100,HERZING COLLEGE                         ,WI,53718-4236,Proprietary  ,114,510,624,474,1785,2259
00974400,FOX VALLEY TECHNICAL COLLEGE            ,WI,54913-0000,Public       ,451,692,1143,1723,2397,4120
01091300,MADISON MEDIA INSTITUTE                 ,WI,53718-6787,Proprietary  ,74,36,110,264,137,401
01148400,ADVANCED INSTITUTE OF HAIR DESIGN       ,WI,53225-0000,Proprietary  ,34,28,62,94,71,165
01182400,WISCONSIN INDIANHEAD TECH CLG WITC      ,WI,54871-9300,Public       ,315,505,820,862,1496,2358
01290600,MADISON COSMETOLOGY COLLEGE             ,WI,53711-1030,Proprietary  ,8,17,25,35,53,88
02077100,MILWAUKEE INST OF ART & DESIGN          ,WI,53202-0000,Private      ,73,31,104,653,127,780
02078000,SACRED HEART SCHOOL OF THEOLOGY         ,WI,53130-0000,Private      ,0,3,3,0,11,11
02136600,WISCONSIN LUTHERAN COLLEGE              ,WI,53226-0000,Private      ,39,13,52,728,67,795
02201803,KAPLAN COLLEGE - MILWAUKEE              ,WI,53212-3939,Proprietary  ,69,275,344,157,675,832
02271300,WI SCH OF PROFESSIONAL PSYCHOLOGY       ,WI,53225-0000,Private      ,0,11,11,1,70,71
02317200,MARANATHA BAPTIST BIBLE COLLEGE         ,WI,53094-0000,Private      ,209,36,245,682,84,766
02324700,EMPIRE BEAUTY SCHOOL                    ,WI,53717-0000,Proprietary  ,14,31,45,52,102,154
02332100,EMPIRE BEAUTY SCHOOL                    ,WI,54220-0000,Proprietary  ,19,35,54,56,106,162
02453500,MEDICAL COLLEGE OF WISCONSIN            ,WI,53226-0000,Private      ,5,21,26,12,1089,1101
02494300,GILL-TECH ACADEMY OF HAIR DESIGN        ,WI,54911-0000,Proprietary  ,25,8,33,68,30,98
02503303,RASMUSSEN COLLEGE - MANKATO - GREEN BAY ,WI,54303-2349,Proprietary  ,4,26,30,4,26,30
02532200,LAC COURTE OREILLES OJIBWA CMTY CLG     ,WI,54843-0000,Public       ,28,235,263,48,345,393
03007400,LAKESIDE SCHOOL OF MASSAGE THERAPY      ,WI,53719-1103,Private      ,17,28,45,38,80,118
03061200,MIDWEST COLLEGE OF ORIENTAL MEDICINE    ,WI,53403-9747,Proprietary  ,0,73,73,5,157,162
03077600,EMPIRE BEAUTY SCHOOL                    ,WI,54304-4838,Proprietary  ,36,54,90,116,192,308
03087500,ITT TECHNICAL INSTITUTE                 ,WI,53220-4612,Proprietary  ,361,657,1018,740,1255,1995
03125100,COLLEGE OF MENOMINEE NATION             ,WI,54135-0000,Private      ,44,134,178,94,346,440
03125102,COLLEGE OF  THE MENOMINEE NATION - GREEN,WI,54304-4964,Private      ,6,17,23,8,32,40
03220300,"SALON PROFESSIONAL ACADEMY, THE         ",WI,54701-7633,Proprietary  ,17,14,31,57,50,107
03309300,MONTESSORI INSTITUTE OF MILWAUKEE       ,WI,53207-0000,Private      ,0,2,2,0,10,10
03808300,INSTITUTE OF BEAUTY AND WELLNESS (THE)  ,WI,53202-5715,Proprietary  ,14,25,39,17,42,59
03822300,FOUR SEASONS SALON AND COSMETOLOGY SCHOO,WI,53566-0000,Proprietary  ,4,9,13,7,15,22
03872500,NORTHLAND INTERNATIONAL UNIVERSITY      ,WI,54119-9285,Private      ,128,14,142,373,30,403
03925300,BLUE SKY SCHOOL OF PROFESSIONAL MASSAGE ,WI,53024-9699,Private      ,20,43,63,42,98,140
04117400,MILWAUKEE CAREER COLLEGE                ,WI,53222-4305,Proprietary  ,17,85,102,34,174,208
04118600,ACADEMY OF COSMETOLOGY                  ,WI,53548-3307,Proprietary  ,11,23,34,13,28,41
00290500,NORTH CAROLINA A&T STATE UNIV           ,NC,27411-0001,Public       ,1100,744,1844,11755,3647,15402
00290600,APPALACHIAN STATE UNIVERSITY            ,NC,28608-2059,Public       ,786,427,1213,11069,2644,13713
00290700,UNIVERSITY OF NC AT ASHEVILLE           ,NC,28804-3299,Public       ,187,143,330,2494,944,3438
00290800,BARTON COLLEGE                          ,NC,27893-3104,Private      ,93,145,238,1041,553,1594
00291000,BELMONT ABBEY COLLEGE                   ,NC,28012-1802,Private      ,105,231,336,896,792,1688
00291100,BENNETT COLLEGE                         ,NC,27401-3239,Private      ,86,35,121,985,217,1202
00291200,BREVARD COLLEGE                         ,NC,28712-3306,Private      ,58,24,82,778,107,885
00291300,CAMPBELL UNIVERSITY                     ,NC,27506-0036,Private      ,266,434,700,3519,2510,6029
00291400,CATAWBA COLLEGE                         ,NC,28144-2488,Private      ,65,86,151,1210,421,1631
00291500,CENTRAL PIEDMONT COMMUNITY COLLEGE      ,NC,28204-2297,Public       ,1135,2108,3243,3937,7006,10943
00291600,CHOWAN UNIVERSITY                       ,NC,27855-1850,Private      ,121,46,167,1364,185,1549
00291700,COLLEGE OF THE ALBEMARLE                ,NC,27909-2327,Public       ,142,263,405,456,920,1376
00291800,DAVIDSON COLLEGE                        ,NC,28035-7157,Private      ,65,8,73,1953,40,1993
00291900,DAVIDSON COUNTY COMMUNITY COLLEGE       ,NC,27293-0000,Public       ,184,463,647,669,1750,2419
00292000,DUKE UNIVERSITY                         ,NC,27708-0397,Private      ,176,83,259,9423,896,10319
00292001,DUKE UNIV - SCHOOL OF MEDICINE          ,NC,27710-0000,Private      ,2,29,31,55,964,1019
00292002,DUKE UNIV - SCHOOL OF LAW               ,NC,27708-0000,Private      ,5,45,50,29,2087,2116
00292003,DUKE UNIV - GRAD SCH ARTS & SCIENCE     ,NC,27708-0000,Private      ,0,105,105,33,629,662
00292004,DUKE UNIV - FUQUA SCH OF BUSINESS       ,NC,27708-0000,Private      ,2,61,63,29,1023,1052
00292005,DUKE UNIV/NICHOLAS SCH OF ENVIRON.      ,NC,27708-0000,Private      ,0,10,10,10,264,274
00292006,DUKE UNIV - DIVINITY SCHOOL             ,NC,27708-0000,Private      ,4,22,26,33,604,637
00292007,DUKE UNIV - SCHOOL OF NURSING           ,NC,27710-0000,Private      ,1,64,65,38,380,418
00292300,EAST CAROLINA UNIVERSITY                ,NC,27858-1818,Public       ,1446,1529,2975,15054,7742,22796
00292600,ELIZABETH CITY STATE UNIVERSITY         ,NC,27909-7806,Public       ,363,267,630,3089,1088,4177
00292700,ELON UNIVERSITY                         ,NC,27244-2010,Private      ,157,71,228,5150,618,5768
00292800,FAYETTEVILLE STATE UNIVERSITY           ,NC,28301-4298,Public       ,556,1002,1558,4807,4609,9416
00292900,GARDNER-WEBB UNIVERSITY                 ,NC,28017-0000,Private      ,184,529,713,1923,1925,3848
00293000,GREENSBORO COLLEGE                      ,NC,27401-1875,Private      ,105,129,234,1194,573,1767
00293100,GUILFORD COLLEGE                        ,NC,27410-4171,Private      ,106,445,551,2044,1695,3739
00293300,HIGH POINT UNIVERSITY                   ,NC,27262-4221,Private      ,103,299,402,2304,1325,3629
00293400,ISOTHERMAL COMMUNITY COLLEGE            ,NC,28160-0804,Public       ,136,295,431,482,904,1386
00293500,JOHN WESLEY COLLEGE                     ,NC,27265-0000,Private      ,9,31,40,27,119,146
00293600,JOHNSON C SMITH UNIVERSITY              ,NC,28216-5398,Private      ,297,114,411,2891,523,3414
00293700,KING'S COLLEGE-CHARLOTTE                ,NC,28204-2435,Proprietary  ,115,76,191,607,240,847
00293900,LEES MCRAE COLLEGE                      ,NC,28604-0000,Private      ,84,68,152,769,248,1017
00294000,LENOIR COMMUNITY COLLEGE                ,NC,28502-0188,Public       ,187,507,694,578,1456,2034
00294100,LENOIR-RHYNE UNIVERSITY                 ,NC,28603-0000,Private      ,140,93,233,1748,467,2215
00294200,LIVINGSTONE COLLEGE                     ,NC,28144-5298,Private      ,244,96,340,1131,337,1468
00294300,LOUISBURG COLLEGE                       ,NC,27549-2398,Private      ,205,28,233,989,94,1083
00294400,MARS HILL COLLEGE                       ,NC,28754-0000,Private      ,118,91,209,1205,360,1565
00294500,MEREDITH COLLEGE                        ,NC,27607-5298,Private      ,88,121,209,1681,653,2334
00294600,METHODIST UNIVERSITY                    ,NC,28311-1420,Private      ,243,284,527,1945,945,2890
00294700,MITCHELL COMMUNITY COLLEGE              ,NC,28677-5264,Public       ,148,331,479,492,1097,1589
00294800,MONTREAT COLLEGE                        ,NC,28757-1267,Private      ,50,263,313,550,614,1164
00294900,MOUNT OLIVE COLLEGE                     ,NC,28365-1299,Private      ,129,738,867,842,2577,3419
00295000,NORTH CAROLINA CENTRAL UNIVERSITY       ,NC,27707-3198,Public       ,638,1082,1720,6855,5656,12511
00295100,NORTH CAROLINA WESLEYAN COLLEGE         ,NC,27804-8699,Private      ,180,253,433,1129,905,2034
00295300,PEACE COLLEGE                           ,NC,27604-1194,Private      ,82,38,120,759,180,939
00295400,UNIV OF NORTH CAROLINA AT PEMBROKE      ,NC,28372-1510,Public       ,473,706,1179,4371,2708,7079
00295500,PFEIFFER UNIVERSITY                     ,NC,28109-0000,Private      ,122,410,532,813,1007,1820
00295600,PIEDMONT BAPTIST COLLEGE AND GRADUATE SC,NC,27101-5025,Private      ,31,32,63,193,129,322
00295700,QUEENS UNIVERSITY OF CHARLOTTE          ,NC,28274-0001,Private      ,125,358,483,1270,1181,2451
00295800,ROCKINGHAM COMMUNITY COLLEGE            ,NC,27375-0000,Public       ,133,237,370,523,838,1361
00296000,SALEM COLLEGE                           ,NC,27108-0000,Private      ,53,130,183,479,477,956
00296100,SANDHILLS COMMUNITY COLLEGE             ,NC,28374-8283,Public       ,321,597,918,917,1777,2694
00296200,SHAW UNIVERSITY                         ,NC,27601-2393,Private      ,386,536,922,2515,2160,4675
00296300,SOUTHEASTERN BAPTIST THEOL SEMINARY     ,NC,27588-0000,Private      ,4,11,15,35,67,102
00296400,SOUTHEASTERN COMMUNITY COLLEGE          ,NC,28472-5422,Public       ,246,464,710,574,1096,1670
00296700,ST ANDREWS PRESBYTERIAN COLLEGE         ,NC,28352-9979,Private      ,85,28,113,875,121,996
00296800,ST AUGUSTINES COLLEGE                   ,NC,27610-2298,Private      ,278,138,416,1708,492,2200
00297000,SURRY COMMUNITY COLLEGE                 ,NC,27017-0304,Public       ,181,293,474,806,939,1745
00297200,NORTH CAROLINA STATE UNIV-RALEIGH       ,NC,27695-1751,Public       ,1001,944,1945,17155,5831,22986
00297300,GASTON COLLEGE                          ,NC,28034-1499,Public       ,273,614,887,1021,2139,3160
00297400,UNIVERSITY OF N C-CHAPEL HILL           ,NC,27514-0000,Public       ,455,744,1199,15273,9347,24620
00297500,UNIVERSITY OF NC AT CHARLOTTE           ,NC,28223-0001,Public       ,1292,1413,2705,12211,7108,19319
00297600,UNIVERSITY OF N C - GREENSBORO          ,NC,27412-0001,Public       ,688,842,1530,11519,6295,17814
00297800,WAKE FOREST UNIV - UNDERGRADUATE        ,NC,27109-7246,Private      ,131,22,153,3856,153,4009
00297801,WAKE FOREST UNIV - SCH OF MEDICINE      ,NC,27157-1090,Private      ,3,37,40,24,812,836
00297803,WAKE FOREST UNIVERSITY - SCHOOLS OF BUSI,NC,27109-7659,Private      ,1,124,125,6,416,422
00297805,WAKE FOREST UNIV - SCH OF LAW           ,NC,27109-7206,Private      ,0,73,73,12,919,931
00297806,WAKE FOREST UNIV - GRAD A&S/DIVINITY    ,NC,27109-7246,Private      ,1,60,61,24,356,380
00297900,WARREN WILSON COLLEGE                   ,NC,28815-0000,Private      ,50,46,96,911,269,1180
00298000,WAYNE COMMUNITY COLLEGE                 ,NC,27533-0000,Public       ,316,599,915,917,1665,2582
00298100,WESTERN CAROLINA UNIVERSITY             ,NC,28723-9731,Public       ,365,370,735,5441,2180,7621
00298200,WESTERN PIEDMONT COMMUNITY COLLEGE      ,NC,28655-4504,Public       ,174,356,530,646,1314,1960
00298300,WILKES COMMUNITY COLLEGE                ,NC,28697-2100,Public       ,226,308,534,676,852,1528
00298400,UNIVERSITY OF N C-WILMINGTON            ,NC,28403-3297,Public       ,696,506,1202,8722,2847,11569
00298500,WINGATE UNIVERSITY                      ,NC,28174-0159,Private      ,205,99,304,1725,604,2329
00298600,WINSTON-SALEM STATE UNIVERSITY          ,NC,27102-0000,Public       ,364,459,823,6023,3109,9132
00398100,UNC SCHOOL OF THE ARTS                  ,NC,27127-2188,Public       ,78,36,114,1051,246,1297
00403300,ASHEVILLE BUNCOMBE TECH CMTY CLG        ,NC,28801-4897,Public       ,240,505,745,911,1813,2724
00406200,PITT COMMUNITY COLLEGE                  ,NC,28590-0000,Public       ,564,928,1492,1877,2792,4669
00483500,CALDWELL COMMUNITY CLG & TECH INST      ,NC,28638-2626,Public       ,243,414,657,827,1427,2254
00483800,GUILFORD TECHNICAL COMMUNITY CLG        ,NC,27282-0309,Public       ,751,1217,1968,2967,5266,8233
00484400,WAKE TECHNICAL COMMUNITY COLLEGE        ,NC,27603-5696,Public       ,579,1118,1697,2511,4326,6837
00484500,WILSON COMMUNITY COLLEGE                ,NC,27893-3310,Public       ,177,457,634,379,1161,1540
00499201,MILLER-MOTTE TECHNICAL COLLEGE - MILLER-,NC,27511-9209,Proprietary  ,49,247,296,91,571,662
00531600,COASTAL CAROLINA COMMUNITY COLLEGE      ,NC,28546-6816,Public       ,236,773,1009,722,2081,2803
00531700,FORSYTH TECHNICAL COMMUNITY COLLEGE     ,NC,27103-5197,Public       ,335,766,1101,1342,3448,4790
00531800,CATAWBA VALLEY COMMUNITY COLLEGE        ,NC,28602-8302,Public       ,286,644,930,1080,1929,3009
00532000,CAPE FEAR COMMUNITY COLLEGE             ,NC,28401-3910,Public       ,583,784,1367,1909,2147,4056
00544700,RANDOLPH COMMUNITY COLLEGE              ,NC,27204-1009,Public       ,145,326,471,449,974,1423
00544800,DURHAM TECHNICAL CMNTY COLLEGE          ,NC,27703-5023,Public       ,232,768,1000,720,2340,3060
00544900,CENTRAL CAROLINA COMMUNITY COLLEGE      ,NC,27330-9000,Public       ,234,641,875,758,1886,2644
00546300,ALAMANCE COMMUNITY COLLEGE              ,NC,27253-0000,Public       ,233,478,711,731,1649,2380
00546400,RICHMOND COMMUNITY COLLEGE              ,NC,28345-4522,Public       ,146,395,541,435,1267,1702
00575400,ROWAN-CABARRUS COMMUNITY COLLEGE        ,NC,28145-1595,Public       ,399,877,1276,1090,2505,3595
00647700,CABARRUS COLLEGE OF HEALTH SCIENCES     ,NC,28025-0000,Private      ,41,63,104,227,296,523
00647800,MERCY HOSP SCH OF NURSING               ,NC,28207-0000,Public       ,15,59,74,83,244,327
00648300,WATTS SCHOOL OF NURSING                 ,NC,27704-0000,Private      ,10,22,32,65,136,201
00679900,CRAVEN COMMUNITY COLLEGE                ,NC,28562-0000,Public       ,125,377,502,450,1385,1835
00703100,PAMLICO COMMUNITY COLLEGE               ,NC,28529-0000,Public       ,23,73,96,50,178,228
00764000,FAYETTEVILLE TECHNICAL CMTY COLLEGE     ,NC,28303-0236,Public       ,584,1750,2334,1940,6886,8826
00768700,JAMES SPRUNT COMMUNITY COLLEGE          ,NC,28349-0398,Public       ,96,197,293,260,659,919
00781400,BROOKSTONE COLLEGE OF BUSINESS          ,NC,28262-0000,Proprietary  ,16,84,100,42,233,275
00781401,BROOKSTONE COLLEGE OF BUSINESS          ,NC,27409-0000,Proprietary  ,7,84,91,35,227,262
00789200,SAMPSON COMMUNITY COLLEGE               ,NC,28328-0000,Public       ,86,246,332,356,920,1276
00798500,SOUTH PIEDMONT COMMUNITY COLLEGE        ,NC,28135-9703,Public       ,126,392,518,382,1140,1522
00798600,HALIFAX COMMUNITY COLLEGE               ,NC,27890-0089,Public       ,154,382,536,341,855,1196
00798700,BLADEN COMMUNITY COLLEGE                ,NC,28332-0266,Public       ,141,402,543,323,1036,1359
00798800,MARTIN COMMUNITY COLLEGE                ,NC,27892-8307,Public       ,53,141,194,173,501,674
00808100,CARTERET COMMUNITY COLLEGE              ,NC,28557-2989,Public       ,123,235,358,338,760,1098
00808200,CLEVELAND COMMUNITY COLLEGE             ,NC,28150-0000,Public       ,164,543,707,473,1446,1919
00808300,HAYWOOD COMMUNITY COLLEGE               ,NC,28721-0000,Public       ,112,206,318,342,629,971
00808500,MCDOWELL TECHNICAL COMMUNITY CLG        ,NC,28752-8728,Public       ,89,223,312,198,489,687
00808700,MONTGOMERY COMMUNITY COLLEGE            ,NC,27371-0787,Public       ,70,200,270,191,516,707
00846600,SOUTHWESTERN COMMUNITY COLLEGE          ,NC,28779-8581,Public       ,100,193,293,449,736,1185
00855700,NASH COMMUNITY COLLEGE                  ,NC,27804-0488,Public       ,267,528,795,631,1074,1705
00855800,BEAUFORT COUNTY COMMUNITY COLLEGE       ,NC,27889-7889,Public       ,112,224,336,341,824,1165
00861200,ROBESON COMMUNITY COLLEGE               ,NC,28359-2151,Public       ,209,660,869,647,2121,2768
00861300,ROANOKE-CHOWAN COMMUNITY COLLEGE        ,NC,27910-9522,Public       ,101,192,293,236,529,765
00885500,EDGECOMBE COMMUNITY COLLEGE             ,NC,27886-9399,Public       ,142,499,641,329,1125,1454
00885501,EDGECOMBE COMMUNITY COLLEGE             ,NC,27801-0000,Public       ,51,200,251,112,479,591
00902500,SOUTH EASTERN CLG OF BEAUTY CULTURE     ,NC,28204-0000,Proprietary  ,57,95,152,102,246,348
00933600,JOHNSTON COMMUNITY COLLEGE              ,NC,27577-0000,Public       ,178,446,624,623,1339,1962
00943000,TRI-COUNTY COMMUNITY COLLEGE            ,NC,28906-7919,Public       ,68,142,210,215,404,619
00964600,PIEDMONT COMMUNITY COLLEGE              ,NC,27573-1197,Public       ,141,324,465,299,832,1131
00968400,BLUE RIDGE COMMUNITY COLLEGE            ,NC,28731-9624,Public       ,113,170,283,304,512,816
00974701,GORDON-CONWELL THEO SEM - CHARLOTTE     ,NC,28273-0000,Private      ,0,37,37,1,142,143
00990300,VANCE-GRANVILLE CMTY COLLEGE            ,NC,27536-0917,Public       ,318,780,1098,841,1986,2827
01026400,SOUTH COLLEGE                           ,NC,28803-3152,Proprietary  ,8,70,78,32,200,232
01119400,STANLY COMMUNITY COLLEGE                ,NC,28001-7458,Public       ,113,322,435,358,957,1315
01119700,MAYLAND COMMUNITY COLLEGE               ,NC,28777-2777,Public       ,63,118,181,214,352,566
01179900,PAUL MITCHELL THE SCHOOL FAYETTEVILLE   ,NC,28303-5364,Proprietary  ,8,19,27,10,59,69
01192600,LEON'S BEAUTY SCHOOL                    ,NC,27403-2812,Proprietary  ,19,44,63,58,109,167
02056500,MITCHELL'S HAIR STYLING ACADEMY         ,NC,27893-0000,Proprietary  ,24,38,62,49,91,140
02056501,MITCHELL'S HAIR STYLING ACADEMY - MITCHE,NC,27606-3326,Proprietary  ,3,6,9,12,25,37
02110500,ART INSTITUTE OF CHARLOTTE (THE)        ,NC,28217-0000,Proprietary  ,184,287,471,1163,928,2091
02170700,BRUNSWICK COMMUNITY COLLEGE             ,NC,28422-0000,Public       ,90,135,225,326,479,805
02205000,COLLEGE OF WILMINGTON                   ,NC,28403-0000,Proprietary  ,4,8,12,7,24,31
02210400,FAYETTEVILLE BEAUTY COLLEGE             ,NC,28303-0000,Proprietary  ,5,24,29,23,64,87
02227800,MITCHELL'S HAIR STYLING ACADEMY         ,NC,27534-0000,Proprietary  ,0,6,6,1,10,11
02227900,MITCHELL'S HAIR STYLING ACADEMY         ,NC,27858-0000,Proprietary  ,1,10,11,8,23,31
02238700,HAIRSTYLING INSTITUTE OF CHARLOTTE      ,NC,28204-0000,Proprietary  ,12,22,34,37,76,113
02280900,ROANOKE BIBLE COLLEGE                   ,NC,27909-0000,Private      ,27,26,53,100,59,159
02286300,CAROLINA BEAUTY COLLEGE                 ,NC,27262-0000,Proprietary  ,81,382,463,134,705,839
02558900,CHEVEUX SCHOOL OF HAIR DESIGN           ,NC,28540-0000,Proprietary  ,0,1,1,3,18,21
02560600,PINNACLE INSTITUTE OF COSMETOLOGY       ,NC,28115-8020,Proprietary  ,8,5,13,22,20,42
02614201,MILLER-MOTTE BUSINESS COLLEGE           ,NC,28403-0000,Proprietary  ,89,243,332,169,798,967
03009500,WINSTON-SALEM BARBER SCHOOL             ,NC,27107-0000,Proprietary  ,7,26,33,26,66,92
03064400,REGENCY BEAUTY INSTITUTE                ,NC,27127-0000,Proprietary  ,14,22,36,35,88,123
03089300,HERITAGE BIBLE COLLEGE                  ,NC,28335-0000,Private      ,6,29,35,19,75,94
03104200,CAROLINAS COLLEGE OF HEALTH SCIENCE     ,NC,28232-2861,Public       ,35,90,125,168,388,556
03104201,CHS NURSE ANESTHESIA PROGRAM / UNCC     ,NC,28232-2861,Public       ,12,23,35,129,123,252
03109000,SCHOOL OF COMMUNICATION ARTS OF NORTH CA,NC,27614-7076,Proprietary  ,119,78,197,328,172,500
03237300,ANSON COLLEGE OF COSMETOLOGY            ,NC,28170-2147,Proprietary  ,0,0,0,1,5,6
03361300,MEDICAL ARTS MASSAGE SCHOOL             ,NC,27616-6453,Proprietary  ,8,72,80,20,129,149
03513400,APEX SCHOOL OF THEOLOGY                 ,NC,27703-8024,Private      ,1,50,51,1,129,130
03555300,SOUTHEASTERN INSTITUTE                  ,NC,28217-0000,Proprietary  ,2,14,16,2,14,16
03555300,SOUTHEASTERN SCHL NEUROMUSCULAR MASSAGE ,NC,28217-0000,Proprietary  ,0,1,1,0,1,1
03555400,SOUTHEASTERN SCHOOL OF NEUROMUSCULAR  MA,NC,29406-0000,Proprietary  ,9,27,36,19,43,62
03570300,CAROLINA CHRISTIAN COLLEGE              ,NC,27105-3241,Private      ,1,6,7,8,31,39
03663300,HOOD THEOLOGICAL SEMINARY               ,NC,28144-5768,Private      ,0,79,79,0,179,179
03748500,LA SHE'S BEAUTY ACADEMY                 ,NC,27707-3569,Proprietary  ,14,63,77,18,73,91
03777300,CAROLINA ACAD OF COSMETIC ART & SCI     ,NC,28054-0460,Proprietary  ,38,67,105,67,133,200
03827300,NEW LIFE THEOLOGICAL SEMINARY           ,NC,28205-1648,Private      ,1,17,18,2,52,54
04101300,CAROLINA SCHOOL OF BROADCASTING         ,NC,28214-8085,Proprietary  ,9,20,29,9,21,30
04115700,REGINA'S COLLEGE OF BEAUTY              ,NC,28110-2831,Proprietary  ,1,7,8,3,26,29
00298800,BISMARCK STATE COLLEGE                  ,ND,58501-1299,Public       ,383,318,701,1730,1049,2779
00298900,DICKINSON STATE UNIVERSITY              ,ND,58601-4896,Public       ,180,143,323,1293,623,1916
00299000,JAMESTOWN COLLEGE                       ,ND,58405-3401,Private      ,126,48,174,984,157,1141
00299100,LAKE REGION STATE COLLEGE               ,ND,58301-1598,Public       ,63,89,152,292,287,579
00299200,UNIVERSITY OF MARY                      ,ND,58504-9652,Private      ,142,338,480,1585,1105,2690
00299300,MAYVILLE STATE UNIVERSITY               ,ND,58257-1299,Public       ,70,44,114,488,168,656
00299400,MINOT STATE UNIVERSITY                  ,ND,58707-0002,Public       ,260,356,616,1503,1349,2852
00299500,MINOT STATE UNIV-BOTTINEAU CAMPUS       ,ND,58318-1159,Public       ,38,58,96,209,180,389
00299600,NORTH DAKOTA STATE CLG OF SCIENCE       ,ND,58076-0002,Public       ,305,215,520,1471,592,2063
00299700,NORTH DAKOTA STATE UNIVERSITY           ,ND,58108-6050,Public       ,1103,572,1675,7795,2225,10020
00300500,UNIVERSITY OF NORTH DAKOTA              ,ND,58202-8193,Public       ,1077,843,1920,7001,3489,10490
00300700,WILLISTON STATE COLLEGE                 ,ND,58802-1326,Public       ,64,102,166,272,358,630
00300800,VALLEY CITY STATE UNIVERSITY            ,ND,58072-0000,Public       ,83,52,135,614,167,781
00484600,RASMUSSEN COLLEGE                       ,ND,58103-7196,Proprietary  ,100,249,349,359,1151,1510
00775600,JOSEF'S SCHOOL OF HAIR DESIGN INC       ,ND,58102-4977,Proprietary  ,19,18,37,58,40,98
00935400,MEDCENTER ONE COLLEGE OF NURSING        ,ND,58501-4494,Private      ,8,13,21,54,51,105
01040600,JOSEF'S SCHOOL OF HAIR DESIGN           ,ND,58201-6394,Proprietary  ,18,15,33,48,40,88
01205900,TRINITY BIBLE COLLEGE                   ,ND,58436-7150,Private      ,57,49,106,219,121,340
01229500,R D HAIRSTYLING COLLEGE                 ,ND,58501-4001,Proprietary  ,5,9,14,20,16,36
02188200,SITTING BULL COLLEGE                    ,ND,58538-9721,Public       ,22,141,163,45,266,311
02236500,LITTLE HOOP COMMUNITY COLLEGE           ,ND,58335-0000,Public       ,28,107,135,37,136,173
02242900,UNITED TRIBES TECHNICAL COLLEGE         ,ND,58504-0000,Private      ,99,319,418,219,671,890
02298200,HEADQUARTERS ACADEMY OF HAIR DESIGN     ,ND,58701-0000,Proprietary  ,6,22,28,22,42,64
02301100,TURTLE MTN CMNTY COLG-FIN AID OFC       ,ND,58316-0000,Private      ,83,171,254,141,336,477
02553700,FORT BERTHOLD COMMUNITY COLLEGE         ,ND,58763-0000,Public       ,22,76,98,39,129,168
03087200,MOLER BARBER CLG OF HAIRSTYLING         ,ND,58103-0000,Proprietary  ,0,1,1,1,7,8
04031300,SALON PROFESSIONAL ACADEMY (THE)        ,ND,58103-3337,Proprietary  ,28,16,44,81,30,111
00301005,ANTIOCH UNIV/SEATTLE                    ,WA,98121-0000,Private      ,1,139,140,19,942,961
00376900,BELLEVUE COMMUNITY COLLEGE              ,WA,98007-6484,Public       ,398,616,1014,2198,2877,5075
00377000,BIG BEND COMMUNITY COLLEGE              ,WA,98837-3299,Public       ,145,254,399,668,877,1545
00377100,"CENTRAL WASHINGTON UNIV., FIN AID       ",WA,98926-7495,Public       ,766,588,1354,7378,3335,10713
00377200,CENTRALIA COLLEGE                       ,WA,98531-4099,Public       ,115,228,343,755,959,1714
00377300,CLARK COLLEGE                           ,WA,98663-3598,Public       ,595,910,1505,2452,4059,6511
00377400,COLUMBIA BASIN COLLEGE                  ,WA,99301-3379,Public       ,317,608,925,1692,2467,4159
00377500,EASTERN WASHINGTON UNIVERSITY           ,WA,99004-2447,Public       ,603,739,1342,7106,4811,11917
00377600,EVERETT COMMUNITY COLLEGE               ,WA,98201-1352,Public       ,297,627,924,1241,2748,3989
00377700,HERITAGE UNIVERSITY                     ,WA,98948-9562,Private      ,36,250,286,333,1252,1585
00377800,GONZAGA UNIVERSITY                      ,WA,99258-0083,Private      ,93,341,434,6043,2777,8820
00377900,GRAYS HARBOR COLLEGE                    ,WA,98520-7599,Public       ,120,242,362,459,795,1254
00378000,GREEN RIVER COMMUNITY COLLEGE           ,WA,98092-3622,Public       ,307,489,796,1576,2058,3634
00378100,HIGHLINE COMMUNITY COLLEGE              ,WA,98198-9800,Public       ,319,645,964,1578,2634,4212
00378200,LOWER COLUMBIA COLLEGE                  ,WA,98632-0310,Public       ,217,520,737,678,1488,2166
00378300,NORTHWEST UNIVERSITY                    ,WA,98083-0000,Private      ,93,153,246,926,559,1485
00378400,OLYMPIC COLLEGE                         ,WA,98337-1600,Public       ,239,651,890,997,2343,3340
00378500,PACIFIC LUTHERAN UNIVERSITY             ,WA,98447-0003,Private      ,140,118,258,3742,1355,5097
00378600,PENINSULA COLLEGE                       ,WA,98362-6660,Public       ,103,258,361,356,811,1167
00378700,SEATTLE CENTRAL COMMUNITY COLLEGE       ,WA,98122-2413,Public       ,353,794,1147,1710,3329,5039
00378703,SEATTLE VOCATIONAL INSTITUTE            ,WA,98144-0000,Public       ,31,146,177,46,246,292
00378800,SEATTLE PACIFIC UNIVERSITY              ,WA,98119-1997,Private      ,128,208,336,3875,1287,5162
00379000,SEATTLE UNIVERSITY                      ,WA,98122-1090,Private      ,368,436,804,5995,5260,11255
00379100,SHORELINE COMMUNITY COLLEGE             ,WA,98133-5696,Public       ,258,405,663,1254,2159,3413
00379200,SKAGIT VALLEY COLLEGE                   ,WA,98273-5899,Public       ,223,394,617,838,1571,2409
00379300,SPOKANE COMMUNITY COLLEGE               ,WA,99207-5399,Public       ,472,1275,1747,2357,5340,7697
00379400,ST MARTIN'S UNIVERSITY                  ,WA,98503-7500,Private      ,43,102,145,1209,808,2017
00379600,TACOMA COMMUNITY COLLEGE                ,WA,98466-6100,Public       ,319,855,1174,1743,4084,5827
00379700,UNIVERSITY OF PUGET SOUND               ,WA,98416-1039,Private      ,74,51,125,3828,735,4563
00379800,UNIVERSITY OF WASHINGTON                ,WA,98195-5880,Public       ,1050,1567,2617,21949,18697,40646
00379900,WALLA WALLA UNIVERSITY                  ,WA,99324-1198,Private      ,200,132,332,1328,589,1917
00380000,WASHINGTON STATE UNIVERSITY             ,WA,99164-1035,Public       ,1071,1184,2255,15214,8631,23845
00380100,WENATCHEE VALLEY COLLEGE                ,WA,98801-1799,Public       ,184,414,598,921,1580,2501
00380200,WESTERN WASHINGTON UNIVERSITY           ,WA,98225-5946,Public       ,768,437,1205,11659,3436,15095
00380300,WHITMAN COLLEGE                         ,WA,99362-2067,Private      ,33,7,40,2152,51,2203
00380400,WHITWORTH UNIVERSITY                    ,WA,99251-0001,Private      ,88,143,231,3044,814,3858
00380500,YAKIMA VALLEY COMMUNITY COLLEGE         ,WA,98907-2520,Public       ,258,550,808,1733,3092,4825
00499800,PUGET SOUND CHRISTIAN COLLEGE           ,WA,98201-3516,Private      ,0,1,1,44,27,71
00499900,BELLINGHAM TECHNICAL COLLEGE            ,WA,98225-0000,Public       ,100,254,354,346,782,1128
00500000,PIERCE COLLEGE                          ,WA,98498-1919,Public       ,327,822,1149,1611,3504,5115
00500100,EDMONDS COMMUNITY COLLEGE               ,WA,98036-5999,Public       ,292,485,777,1222,2143,3365
00500600,WALLA WALLA COMMUNITY COLLEGE           ,WA,99362-9267,Public       ,147,307,454,1042,1614,2656
00530600,BATES TECHNICAL COLLEGE                 ,WA,98405-0000,Public       ,80,381,461,356,1306,1662
00537200,SOUTH PUGET SOUND COMMUNITY COLLEGE     ,WA,98512-6292,Public       ,191,432,623,1170,2128,3298
00537300,LAKE WASHINGTON TECHNICAL COLLEGE       ,WA,98034-8505,Public       ,84,295,379,335,1078,1413
00575200,CLOVER PARK TECHNICAL COLLEGE           ,WA,98499-0000,Public       ,203,647,850,686,2306,2992
00815500,EVERGREEN STATE COLLEGE (THE)           ,WA,98505-0002,Public       ,211,341,552,2822,2653,5475
00844300,ITT TECHNICAL INSTITUTE                 ,WA,98168-3334,Proprietary  ,155,340,495,399,885,1284
00907901,EVEREST COLLEGE                         ,WA,98684-6950,Proprietary  ,6,10,16,25,70,95
00938700,PERRY TECHNICAL INSTITUTE               ,WA,98903-1239,Private      ,73,100,173,302,392,694
00954400,SPOKANE FALLS COMMUNITY COLLEGE         ,WA,99224-5204,Public       ,604,988,1592,2593,3528,6121
00970400,NORTH SEATTLE COMMUNITY COLLEGE         ,WA,98103-3599,Public       ,174,461,635,945,2080,3025
00970600,SOUTH SEATTLE COMMUNITY COLLEGE         ,WA,98106-1499,Public       ,193,427,620,1039,1602,2641
00973900,GLEN DOW ACAD OF HAIR DESIGN            ,WA,99201-0209,Proprietary  ,43,43,86,83,107,190
01036400,WHATCOM COMMUNITY COLLEGE               ,WA,98226-8003,Public       ,213,280,493,1121,1322,2443
01043400,RENTON TECHNICAL COLLEGE                ,WA,98056-0000,Public       ,104,381,485,382,1217,1599
01148100,DIVERS INSTITUTE OF TECHNOLOGY          ,WA,98107-0667,Proprietary  ,30,82,112,80,248,328
01231500,CORNISH COLLEGE OF THE ARTS             ,WA,98121-4604,Private      ,56,29,85,928,266,1194
01249600,GREENWOOD BEAUTY SCHOOL                 ,WA,98103-0000,Proprietary  ,6,18,24,13,48,61
01302200,CITY UNIVERSITY OF SEATTLE              ,WA,98005-3030,Private      ,12,560,572,90,1945,2035
01309400,BELLINGHAM BEAUTY SCHOOL                ,WA,98225-0000,Proprietary  ,5,16,21,23,50,73
02091701,KAPLAN COLLEGE - SEATTLE                ,WA,98055-4910,Proprietary  ,10,52,62,19,111,130
02105300,BELLEVUE BEAUTY SCHOOL                  ,WA,98007-0000,Proprietary  ,1,5,6,10,20,30
02106700,TRINITY LUTHERAN COLLEGE                ,WA,98201-3569,Private      ,10,10,20,80,34,114
02180000,NORTHWEST INDIAN COLLEGE                ,WA,98226-9278,Public       ,48,183,231,73,319,392
02184200,PAROBA COLLEGE OF COSMETOLOGY           ,WA,98208-0000,Proprietary  ,24,54,78,44,102,146
02202200,STYLEMASTERS COLLEGE OF HAIR DESIGN     ,WA,98632-0000,Proprietary  ,13,23,36,20,45,65
02203300,GENE JUAREZ ACADEMY OF BEAUTY           ,WA,98125-0000,Proprietary  ,89,89,178,264,261,525
02203301,GENE JUAREZ ACADEMY OF BEAUTY           ,WA,98003-0000,Proprietary  ,8,7,15,35,31,66
02222900,INTERNATIONAL AIR & HOSPITALITY ACADEMY ,WA,98661-4835,Proprietary  ,78,80,158,191,139,330
02231100,CROWN COLLEGE                           ,WA,98444-0000,Proprietary  ,2,21,23,13,97,110
02236800,PROFESSIONAL BEAUTY SCHOOL              ,WA,98902-0000,Proprietary  ,4,22,26,19,47,66
02242500,BASTYR UNIVERSITY                       ,WA,98028-0000,Private      ,5,198,203,77,1043,1120
02291300,ART INSTITUTE OF SEATTLE                ,WA,98121-1622,Proprietary  ,301,274,575,1672,1321,2993
02300100,EVEREST COLLEGE                         ,WA,98367-1835,Proprietary  ,139,602,741,260,1189,1449
02300104,EVEREST COLLEGE - TACOMA                ,WA,98402-3004,Proprietary  ,1,1,2,1,1,2
02326500,INTERFACE COLLEGE                       ,WA,99201-3209,Proprietary  ,3,49,52,23,139,162
02331400,NORTHWEST HAIR ACADEMY                  ,WA,98273-0000,Proprietary  ,29,32,61,52,72,124
02331402,NORTHWEST HAIR ACADEMY - EVERETT        ,WA,98204-0000,Proprietary  ,7,6,13,12,13,25
02345100,PHAGAN'S ORCHARDS BEAUTY SCHOOL         ,WA,98662-0000,Proprietary  ,4,6,10,27,22,49
02504900,ACADEMY OF HAIR DESIGN (THE)            ,WA,98801-0000,Proprietary  ,9,23,32,16,41,57
02541900,BJ'S BEAUTY AND BARBER COLLEGE          ,WA,98409-0000,Proprietary  ,13,48,61,18,68,86
02602100,NORTHWEST COLLEGE OF ART                ,WA,98370-8625,Proprietary  ,5,5,10,132,25,157
02606200,EVEREST COLLEGE                         ,WA,98055-2990,Proprietary  ,160,529,689,299,1116,1415
02617500,EVEREST COLLEGE                         ,WA,98133-9018,Proprietary  ,143,263,406,304,755,1059
02617505,ASHMEAD COLLEGE - NEW EVERETT CAMPUS    ,WA,98201-4022,Proprietary  ,0,1,1,0,1,1
03031406,INTERNATIONAL ACADEMY OF DESIGN AND TECH,WA,98188-3319,Proprietary  ,33,47,80,132,137,269
03065000,CLARE'S BEAUTY COLLEGE                  ,WA,99301-5505,Proprietary  ,10,27,37,18,38,56
03071800,ITT TECHNICAL INSTITUTE                 ,WA,99216-1589,Proprietary  ,134,227,361,346,693,1039
03099000,CORTIVA INSTITUTE - SEATTLE             ,WA,98109-5474,Proprietary  ,20,68,88,35,145,180
03139500,MONTESSORI SCHOOLS OF WASHINGTON        ,WA,98203-6600,Private      ,0,0,0,0,2,2
03280300,SEATTLE INST OF ORIENTAL MEDICINE       ,WA,98115-0000,Proprietary  ,0,7,7,1,45,46
03283300,NORTHWEST HVAC/R ASSOCIATION & TRAINING ,WA,99202-2125,Private      ,1,17,18,4,37,41
03361600,SEATTLE MIDWIFERY SCHOOL                ,WA,98144-0000,Private      ,0,8,8,6,51,57
03466400,MARS HILL GRADUATE SCHOOL               ,WA,98121-0000,Private      ,0,25,25,0,258,258
03483500,CASCADIA COMMUNITY COLLEGE              ,WA,98011-9510,Public       ,121,138,259,421,518,939
03490400,EMIL FRIES PIANO HOSPITAL & TRAININ     ,WA,98661-4323,Private      ,0,3,3,1,6,7
03631500,CORTIVA INSTITUTE - BRIAN UTTING SCHOOL ,WA,98109-5211,Proprietary  ,3,7,10,9,46,55
03689400,FAITH EVANGELICAL SEMINARY              ,WA,98407-2607,Private      ,1,48,49,4,119,123
03707500,CHETTA'S ACADEMY OF HAIR AND NAILS      ,WA,98362-4310,Proprietary  ,0,3,3,3,9,12
03724300,DIGIPEN INSTITUTE OF TECHNOLOGY         ,WA,98052-5170,Proprietary  ,40,18,58,637,201,838
03917300,EVERGREEN BEAUTY AND BARBER COLLEGE     ,WA,98208-3759,Proprietary  ,6,41,47,21,77,98
03932500,TOTAL COSMETOLOGY TRAINING CENTER       ,WA,99217-6231,Proprietary  ,14,28,42,29,68,97
03953300,YAKIMA BEAUTY SCHOOL;BEAUTYWORKS        ,WA,98901-2202,Proprietary  ,4,15,19,8,42,50
04043400,ALPINE COLLEGE                          ,WA,99206-5097,Proprietary  ,8,29,37,10,67,77
04120000,SUNNYSIDE BEAUTY ACADEMY                ,WA,98944-8711,Proprietary  ,3,8,11,3,9,12
04127200,VICTORIA'S ACADEMY OF COSMETOLOGY       ,WA,99336-3826,Proprietary  ,8,9,17,8,9,17
00340100,BROWN UNIVERSITY                        ,RI,02912-9127,Private      ,69,21,90,10699,258,10957
00340101,BROWN UNIVERSITY - GRADUATE SCHOOL      ,RI,02912-1827,Private      ,0,57,57,32,1339,1371
00340102,BROWN MEDICAL SCHOOL                    ,RI,02912-0000,Private      ,0,6,6,13,372,385
00340200,BRYANT UNIVERSITY                       ,RI,02917-1284,Private      ,67,51,118,4851,284,5135
00340400,JOHNSON & WALES UNIVERSITY              ,RI,02903-3703,Private      ,1389,572,1961,16147,3105,19252
00340600,PROVIDENCE COLLEGE                      ,RI,02918-0001,Private      ,94,94,188,6815,438,7253
00340700,RHODE ISLAND COLLEGE                    ,RI,02908-1991,Public       ,216,271,487,5831,2659,8490
00340800,COMMUNITY COLLEGE OF RI - WARWICK       ,RI,02906-0000,Public       ,603,747,1350,3195,3485,6680
00340801,COMMUNITY COLLEGE OF RI - LINCOLN       ,RI,02865-4585,Public       ,222,257,479,1329,1381,2710
00340802,COMMUNITY COLLEGE OF RI- PROVIDENCE     ,RI,02905-2313,Public       ,198,322,520,1233,1704,2937
00340900,RHODE ISLAND SCHOOL OF DESIGN           ,RI,02903-2784,Private      ,76,48,124,2180,1041,3221
00341000,ROGER WILLIAMS UNIVERSITY               ,RI,02809-2921,Private      ,59,83,142,6064,1263,7327
00341100,SALVE REGINA UNIVERSITY                 ,RI,02840-4192,Private      ,60,54,114,4018,258,4276
00341400,UNIVERSITY OF RHODE ISLAND              ,RI,02881-0000,Public       ,739,446,1185,14310,2858,17168
00659100,ST. JOSEPH HOSP SCH OF NURSING          ,RI,02904-5199,Private      ,0,9,9,41,121,162
00784400,GIBBS COLLEGE                           ,RI,02920-7807,Proprietary  ,69,133,202,410,629,1039
00784500,NEW ENGLAND INSTITUTE OF TECHNOLOGY     ,RI,02886-2266,Private      ,448,383,831,2203,1486,3689
01115900,"SAWYER SCHOOL,THE                       ",RI,02860-4117,Proprietary  ,37,138,175,112,560,672
02071900,ARTHUR ANGELO SCH COSMET&HAIR DSGN      ,RI,02903-0000,Proprietary  ,14,17,31,74,96,170
02176900,WARWICK ACADEMY OF BEAUTY CULTURE       ,RI,02886-1534,Proprietary  ,18,20,38,62,75,137
02584400,NEW ENGLAND TRACTOR TRAILER TRAINING SCH,RI,02860-1752,Proprietary  ,30,289,319,53,507,560
03080000,NEWPORT SCHOOL OF HAIRDRESSING          ,RI,02860-4038,Proprietary  ,2,20,22,11,59,70
03115200,MOTORING TECHNICAL TRAINING INST        ,RI,02914-0000,Proprietary  ,31,59,90,69,143,212
03232300,LINCOLN TECHNICAL INSTITUTE             ,RI,02865-4211,Proprietary  ,100,180,280,264,521,785
03570500,ZION BIBLE COLLEGE                      ,RI,02806-1246,Private      ,32,21,53,138,94,232
03732300,INTERNATIONAL YACHT RESTORATION SCH     ,RI,02840-6720,Private      ,0,4,4,7,26,33
00341700,ALLEN UNIVERSITY                        ,SC,29204-1085,Private      ,159,108,267,661,325,986
00341800,ANDERSON UNIVERSITY                     ,SC,29621-4035,Private      ,102,118,220,1626,504,2130
00341900,CHARLESTON SOUTHERN UNIVERSITY          ,SC,29406-2160,Private      ,306,307,613,3235,1495,4730
00342000,BENEDICT COLLEGE                        ,SC,29204-1086,Private      ,641,356,997,3126,1177,4303
00342100,BOB JONES UNIVERSITY                    ,SC,29614-1000,Proprietary  ,1607,180,1787,2008,221,2229
00342200,SOUTHERN WESLEYAN UNIVERSITY            ,SC,29630-1020,Private      ,69,427,496,693,1948,2641
00342300,THE CITADEL                             ,SC,29409-0002,Public       ,194,221,415,1969,728,2697
00342400,CLAFLIN UNIVERSITY                      ,SC,29115-4498,Private      ,233,204,437,2097,806,2903
00342500,CLEMSON UNIVERSITY                      ,SC,29634-0001,Public       ,747,435,1182,11792,2477,14269
00342600,UNIV OF SC AT SUMTER                    ,SC,29150-2498,Public       ,139,162,301,626,563,1189
00342700,COKER COLLEGE                           ,SC,29550-3797,Private      ,89,181,270,830,836,1666
00342800,COLLEGE OF CHARLESTON                   ,SC,29424-0100,Public       ,612,349,961,7345,1842,9187
00342900,COLUMBIA INTERNATIONAL UNIVERSITY       ,SC,29203-1599,Private      ,27,107,134,469,577,1046
00343000,COLUMBIA COLLEGE                        ,SC,29203-5998,Private      ,124,241,365,1259,929,2188
00343100,CONVERSE COLLEGE                        ,SC,29302-0006,Private      ,54,102,156,705,562,1267
00343200,ERSKINE COLLEGE                         ,SC,29639-0000,Private      ,54,5,59,699,22,721
00343201,ERSKINE THEOLOGICAL SEMINARY            ,SC,29639-0000,Private      ,0,47,47,2,156,158
00343400,FURMAN UNIVERSITY                       ,SC,29613-5253,Private      ,93,44,137,2558,237,2795
00343500,LANDER UNIVERSITY                       ,SC,29649-2099,Public       ,215,137,352,2404,707,3111
00343600,LIMESTONE COLLEGE                       ,SC,29340-3799,Private      ,178,587,765,1001,2684,3685
00343700,LUTHERAN THEOLOGICAL SOUTHERN SEM       ,SC,29203-5898,Private      ,1,13,14,1,106,107
00343800,MEDICAL UNIV OF SOUTH CAROLINA - FA     ,SC,29425-1760,Public       ,25,188,213,204,2596,2800
00343900,MORRIS COLLEGE                          ,SC,29150-3599,Private      ,209,122,331,1201,443,1644
00344000,NEWBERRY COLLEGE                        ,SC,29108-2197,Private      ,72,29,101,1333,135,1468
00344100,NORTH GREENVILLE COLLEGE                ,SC,29688-1892,Private      ,221,65,286,1990,267,2257
00344500,PRESBYTERIAN COLLEGE                    ,SC,29325-2503,Private      ,42,1,43,1169,26,1195
00344600,SOUTH CAROLINA STATE UNIVERSITY         ,SC,29117-4427,Public       ,791,552,1343,6014,2246,8260
00344700,SPARTANBURG METHODIST COLLEGE           ,SC,29301-5899,Private      ,128,22,150,1128,124,1252
00344800,UNIVERSITY OF SOUTH CAROLINA            ,SC,29208-3999,Public       ,1799,1594,3393,15913,8924,24837
00344900,UNIVERSITY OF SOUTH CAROLINA AIKEN      ,SC,29801-6399,Public       ,316,224,540,2573,1035,3608
00345000,UNIV OF SC AT BEAUFORT                  ,SC,29902-4602,Public       ,154,171,325,692,646,1338
00345100,COASTAL CAROLINA UNIVERSITY             ,SC,29528-0000,Public       ,788,304,1092,7421,1433,8854
00345300,UNIV OF SC AT LANCASTER                 ,SC,29721-0889,Public       ,143,161,304,660,551,1211
00345400,UNIV OF SC SYSTEM SALKEHATCHIE          ,SC,29810-0617,Public       ,137,141,278,478,398,876
00345500,VOORHEES COLLEGE                        ,SC,29042-0000,Private      ,129,150,279,556,407,963
00345600,WINTHROP UNIVERSITY                     ,SC,29733-0001,Public       ,527,345,872,4934,1558,6492
00345700,WOFFORD COLLEGE                         ,SC,29303-3663,Private      ,33,16,49,1455,72,1527
00399000,FLORENCE-DARLINGTON TECH COLLEGE        ,SC,29501-0548,Public       ,769,1018,1787,2184,3000,5184
00399100,GREENVILLE TECHNICAL COLLEGE            ,SC,29607-2439,Public       ,2205,2956,5161,5961,8639,14600
00399200,PIEDMONT TECHNICAL COLLEGE              ,SC,29648-1467,Public       ,724,1336,2060,1752,3411,5163
00399300,MIDLANDS TECHNICAL COLLEGE              ,SC,29202-0000,Public       ,1922,2390,4312,5416,7666,13082
00399400,SPARTANBURG COMMUNITY COLLEGE           ,SC,29305-4386,Public       ,701,980,1681,2361,3166,5527
00399500,CENTRAL CAROLINA TECHNICAL COLLEGE      ,SC,29150-2499,Public       ,475,1005,1480,1026,2578,3604
00399600,YORK TECHNICAL COLLEGE                  ,SC,29730-3395,Public       ,727,1292,2019,2022,3542,5564
00492000,TRIDENT TECHNICAL COLLEGE               ,SC,29423-8067,Public       ,1937,2523,4460,5019,7326,12345
00492300,CLINTON JR COLLEGE                      ,SC,29730-5152,Private      ,32,18,50,86,46,132
00492400,FORREST JUNIOR COLLEGE                  ,SC,29624-2405,Proprietary  ,13,71,84,25,148,173
00492500,HORRY-GEORGETOWN TECH COLLEGE           ,SC,29526-9521,Public       ,979,1401,2380,2271,3627,5898
00492600,TRI-COUNTY TECHNICAL COLLEGE            ,SC,29670-9133,Public       ,822,893,1715,2616,2742,5358
00492700,UNIV OF SC AT UNION                     ,SC,29379-0729,Public       ,29,35,64,167,130,297
00536300,DENMARK TECHNICAL COLLEGE               ,SC,29042-0000,Public       ,393,355,748,685,607,1292
00681500,ORANGEBURG-CALHOUN TECHNICAL COLG       ,SC,29118-8299,Public       ,414,651,1065,1145,1887,3032
00695100,UNIVERSITY OF SOUTH CAROLINA UPSTATE    ,SC,29303-9972,Public       ,564,444,1008,4150,2002,6152
00760200,NORTHEASTERN TECHNICAL COLLEGE          ,SC,29520-7015,Public       ,151,324,475,444,910,1354
00922600,FRANCIS MARION UNIVERSITY               ,SC,29501-0000,Public       ,299,219,518,3774,1139,4913
00932200,WILLIAMSBURG TECHNICAL COLLEGE          ,SC,29556-4197,Public       ,99,217,316,283,569,852
00991000,TECHNICAL COLLEGE OF THE LOWCOUNTRY     ,SC,29902-5441,Public       ,298,685,983,645,1549,2194
00991100,UNIV OF SC-REGIONAL CAMPUSES ADMIN      ,SC,29208-0001,Public       ,12,13,25,101,65,166
01005600,AIKEN TECHNICAL COLLEGE                 ,SC,29802-0696,Public       ,461,704,1165,1370,2293,3663
01209200,KENNETH SHULER SCHOOL OF COSMETOLOGY    ,SC,29732-2169,Proprietary  ,4,16,20,10,40,50
01303907,SOUTH UNIVERSITY                        ,SC,29203-6400,Proprietary  ,71,374,445,183,1111,1294
02063700,SHERMAN CLG STRAIGHT CHIROPRACTIC       ,SC,29316-0000,Private      ,0,31,31,8,324,332
02189800,NO AMER INST OF AVIATION OF SO CAR      ,SC,29527-0000,Proprietary  ,0,3,3,0,6,6
02338600,CHARZANNE BEAUTY COLLEGE                ,SC,29649-0000,Proprietary  ,7,21,28,20,67,87
02341100,KENNETH SHULER SCHOOL OF COSMETOLOGY & N,SC,29210-0000,Proprietary  ,49,125,174,118,284,402
02356600,CHARLESTON COSMETOLOGY INSTITUTE        ,SC,29420-0000,Proprietary  ,19,41,60,49,89,138
02552400,ACADEMY OF HAIR TECHNOLOGY              ,SC,29615-2363,Proprietary  ,16,21,37,43,75,118
02567600,SUMTER BEAUTY COLLEGE                   ,SC,29150-0000,Proprietary  ,6,25,31,20,67,87
02614202,MILLER - MOTTE TECHNICAL COLLEGE - NORTH,SC,29406-9239,Proprietary  ,99,257,356,204,725,929
03010614,VIRGINIA COLLEGE - GOLF ACADEMY OF AMERI,SC,29579-0000,Proprietary  ,63,70,133,175,165,340
03052300,KENNETH SHULER SCH COSM & HAIR DESG     ,SC,29841-2013,Proprietary  ,15,27,42,26,72,98
03088300,ACADEMY OF COSMETOLOGY                  ,SC,29418-5667,Proprietary  ,15,61,76,16,70,86
03258300,SOUTHERN METHODIST COLLEGE              ,SC,29116-1027,Private      ,1,9,10,8,32,40
03293300,STRAND COLLEGE OF HAIR DESIGN           ,SC,29572-4310,Proprietary  ,11,23,34,14,56,70
03304300,CENTURA COLLEGE                         ,SC,29406-9235,Proprietary  ,54,149,203,140,556,696
03513300,LACY COSMETOLOGY SCHOOL                 ,SC,29803-9084,Proprietary  ,5,17,22,15,36,51
03513301,LACY COSMETOLOGY SCHOOL -               ,SC,29072-0000,Proprietary  ,4,10,14,7,37,44
03513302,LACY COSMETOLOGY SCHOOL -               ,SC,29445-0000,Proprietary  ,1,10,11,1,13,14
03595300,CHARLESTON SCHOOL OF MASSAGE            ,SC,29412-8270,Proprietary  ,3,8,11,11,27,38
03746300,LEGRAND INSTITUTE OF COSMETOLOGY        ,SC,29020-0000,Proprietary  ,6,10,16,16,29,45
03746400,SOUTHEASTERN INSTITUTE                  ,SC,29210-0000,Proprietary  ,18,50,68,46,113,159
03768400,STYLETRENDS BARBER AND HAIRSTYLING ACADE,SC,29730-4511,Proprietary  ,2,17,19,9,39,48
03842300,PLATINUM SHEAR SCHOOL OF COSMETOLOGY    ,SC,29115-0000,Proprietary  ,2,17,19,5,29,34
03856400,W. L. BONNER COLLEGE                    ,SC,29203-0000,Private      ,2,25,27,4,56,60
03892300,HARLEY'S BEAUTY & BARBER CAREER INST.   ,SC,29204-1919,Proprietary  ,1,26,27,12,63,75
00345800,AUGUSTANA COLLEGE                       ,SD,57197-0001,Private      ,121,48,169,1655,179,1834
00345900,BLACK HILLS STATE UNIVERSITY            ,SD,57799-9670,Public       ,336,363,699,2049,1341,3390
00346100,DAKOTA WESLEYAN UNIVERSITY              ,SD,57301-4398,Private      ,49,47,96,591,302,893
00346300,DAKOTA STATE UNIVERSITY                 ,SD,57042-1799,Public       ,177,134,311,1085,490,1575
00346500,MOUNT MARTY COLLEGE                     ,SD,57078-3724,Private      ,70,140,210,561,498,1059
00346600,NORTHERN STATE UNIVERSITY               ,SD,57401-7198,Public       ,134,109,243,1356,563,1919
00346700,PRESENTATION COLLEGE                    ,SD,57401-1299,Private      ,35,92,127,352,484,836
00346900,UNIVERSITY OF SIOUX FALLS               ,SD,57105-1699,Private      ,79,115,194,1200,465,1665
00347000,SOUTH DAKOTA SCH OF MINES & TECH        ,SD,57701-3995,Public       ,120,127,247,1181,455,1636
00347100,SOUTH DAKOTA STATE UNIVERSITY           ,SD,57007-2298,Public       ,1086,663,1749,7218,2447,9665
00347400,UNIVERSITY OF SOUTH DAKOTA              ,SD,57069-2390,Public       ,675,750,1425,4381,3609,7990
00405600,SIOUX FALLS SEMINARY                    ,SD,57105-2729,Private      ,0,32,32,1,89,90
00405700,NATIONAL AMERICAN UNIVERSITY            ,SD,57701-3692,Proprietary  ,159,1342,1501,437,3666,4103
00405707,NATIONAL AMERICAN UNIVERSITY            ,SD,57105-0000,Proprietary  ,23,72,95,57,233,290
00492900,MCKENNAN HOSP-RADOLOGICAL TECH          ,SD,57101-0000,Private      ,1,2,3,28,7,35
00530900,LAKE AREA TECHNICAL INSTITUTE           ,SD,57201-2869,Public       ,145,104,249,734,321,1055
00598700,AVERA SACRED HEART HOSPITAL SCHOOL OF RA,SD,57078-3899,Private      ,0,1,1,8,5,13
00776400,SOUTHEAST TECHNICAL INST                ,SD,57107-0000,Public       ,345,322,667,1278,820,2098
00828400,MITCHELL TECHNICAL INSTITUTE            ,SD,57301-2002,Public       ,74,56,130,449,266,715
01013800,STEWART SCHOOL                          ,SD,57104-0000,Proprietary  ,24,25,49,97,44,141
01014804,COLORADO TECHNICAL UNIVERSITY           ,SD,57108-2272,Proprietary  ,87,196,283,302,794,1096
01017000,WESTERN DAKOTA TECHNICAL INSTITUTE      ,SD,57701-4018,Public       ,146,185,331,483,632,1115
01147701,SIOUX VALLEY HOSP-MEDICAL TECH          ,SD,57117-5039,Private      ,2,1,3,23,9,32
01465900,OGLALA LAKOTA COLLEGE                   ,SD,57752-0490,Public       ,120,554,674,234,1010,1244
02137100,BLACK HILLS BEAUTY COLLEGE              ,SD,57701-0000,Proprietary  ,21,18,39,54,51,105
02143700,SINTE GLESKA UNIVERSITY                 ,SD,57570-0000,Public       ,55,253,308,98,478,576
02144600,KILIAN COMMUNITY COLLEGE                ,SD,57103-7020,Private      ,42,123,165,103,427,530
02277300,SISSETON WAHPETON COLLEGE               ,SD,57262-0000,Public       ,11,115,126,21,141,162
02297800,HEADLINES ACADEMY                       ,SD,57701-0000,Proprietary  ,12,22,34,39,69,108
00347700,AQUINAS COLLEGE                         ,TN,37205-2086,Private      ,32,121,153,240,628,868
00347701,AQUINAS COLLEGE -  PRIMETIME PROGRAM    ,TN,37214-3644,Private      ,1,77,78,5,249,254
00347800,AUSTIN PEAY STATE UNIVERSITY            ,TN,37044-0002,Public       ,786,1328,2114,5260,5487,10747
00347900,BELMONT UNIVERSITY                      ,TN,37212-3757,Private      ,253,329,582,4080,1733,5813
00348000,BETHEL COLLEGE                          ,TN,38201-1705,Private      ,98,434,532,1094,1637,2731
00348100,CARSON-NEWMAN COLLEGE                   ,TN,37760-2204,Private      ,166,115,281,2574,482,3056
00348200,CHRISTIAN BROTHERS UNIVERSITY           ,TN,38104-5581,Private      ,111,254,365,1755,1192,2947
00348300,COLUMBIA STATE COMMUNITY COLLEGE        ,TN,38401-5653,Public       ,481,588,1069,2015,2029,4044
00348500,CUMBERLAND UNIVERSITY                   ,TN,37087-3554,Private      ,102,178,280,1205,627,1832
00348600,LIPSCOMB UNIVERSITY                     ,TN,37204-3951,Private      ,228,194,422,2389,673,3062
00348700,EAST TENNESSEE STATE UNIV - MAIN CAMPUS ,TN,37614-2857,Public       ,1053,1103,2156,7478,4789,12267
00348701,EAST TENNESSEE STATE UNIV - MEDICINE    ,TN,37614-1708,Public       ,7,25,32,73,341,414
00348709,EAST TENNESSEE STATE UNIV - PHARMACY    ,TN,37614-1704,Public       ,6,21,27,1247,663,1910
00349000,FISK UNIVERSITY                         ,TN,37208-3045,Private      ,118,90,208,1390,360,1750
00349200,FREED-HARDEMAN UNIVERSITY               ,TN,38340-2399,Private      ,172,153,325,1560,733,2293
00349400,HIWASSEE COLLEGE                        ,TN,37354-4001,Private      ,49,27,76,438,97,535
00349500,JOHNSON BIBLE COLLEGE                   ,TN,37998-9775,Private      ,97,73,170,557,236,793
00349600,KING COLLEGE                            ,TN,37620-2699,Private      ,67,184,251,1045,756,1801
00349800,LAMBUTH UNIVERSITY                      ,TN,38301-5296,Private      ,85,43,128,1056,270,1326
00349900,LANE COLLEGE                            ,TN,38301-4598,Private      ,343,125,468,2179,751,2930
00350000,LEE UNIVERSITY                          ,TN,37320-0000,Private      ,344,238,582,3018,1025,4043
00350100,LEMOYNE-OWEN COLLEGE                    ,TN,38126-6510,Private      ,110,165,275,607,737,1344
00350200,LINCOLN MEMORIAL UNIVERSITY             ,TN,37752-7920,Private      ,98,468,566,1223,2462,3685
00350400,MARTIN METHODIST COLLEGE                ,TN,38478-2799,Private      ,81,80,161,718,393,1111
00350500,MARYVILLE COLLEGE                       ,TN,37804-5907,Private      ,55,18,73,1800,158,1958
00350600,MEHARRY MEDICAL COLLEGE                 ,TN,37208-0000,Private      ,5,65,70,39,1137,1176
00350700,MEMPHIS COLLEGE OF ART                  ,TN,38104-2764,Private      ,39,17,56,479,150,629
00350900,UNIVERSITY OF MEMPHIS (THE)             ,TN,38152-4611,Public       ,1663,2462,4125,12678,12113,24791
00351000,MIDDLE TENNESSEE STATE UNIV             ,TN,37130-0000,Public       ,2661,1860,4521,17496,7584,25080
00351100,MILLIGAN COLLEGE                        ,TN,37682-4001,Private      ,59,75,134,875,423,1298
00351700,SOUTHERN COLLEGE OF OPTOMETRY           ,TN,38104-2222,Private      ,1,6,7,8,553,561
00351800,SOUTHERN ADVENTIST UNIVERSITY           ,TN,37315-0370,Private      ,243,98,341,1913,523,2436
00351900,RHODES COLLEGE                          ,TN,38112-1690,Private      ,114,33,147,2076,166,2242
00352200,TENNESSEE STATE UNIVERSITY              ,TN,37209-1561,Public       ,856,1264,2120,9226,6429,15655
00352300,TENNESSEE TECHNOLOGICAL UNIV            ,TN,38505-0001,Public       ,738,642,1380,7154,2864,10018
00352400,TENNESSEE TEMPLE UNIVERSITY             ,TN,37404-3587,Private      ,93,66,159,552,198,750
00352500,TENNESSEE WESLEYAN COLLEGE              ,TN,37371-0040,Private      ,76,55,131,859,363,1222
00352600,TREVECCA NAZARENE UNIVERSITY            ,TN,37210-2877,Private      ,138,367,505,1036,1527,2563
00352700,TUSCULUM COLLEGE                        ,TN,37743-0001,Private      ,65,248,313,1656,1787,3443
00352800,UNION UNIVERSITY                        ,TN,38305-3697,Private      ,113,443,556,1958,1507,3465
00352900,UNIVERSITY OF TENNESSEE-CHATTANOOGA     ,TN,37403-2598,Public       ,973,655,1628,8702,2908,11610
00353000,UNIVERSITY OF TENNESSEE-KNOXVILLE       ,TN,37996-0150,Public       ,2354,1392,3746,22131,7411,29542
00353006,UNIVERSITY OF TENNESSEE-HEALTH SCI CTR  ,TN,38103-0000,Public       ,17,195,212,299,2727,3026
00353100,UNIVERSITY OF TENNESSEE-MARTIN          ,TN,38238-0002,Public       ,515,507,1022,6189,2204,8393
00353400,UNIVERSITY OF THE SOUTH                 ,TN,37383-1000,Private      ,63,10,73,1386,52,1438
00353500,VANDERBILT UNIVERSITY                   ,TN,37240-0001,Private      ,252,425,677,7567,4395,11962
00353501,VANDERBILT UNIV MED CTR ALLIEDHEAL      ,TN,37232-5510,Private      ,1,14,15,20,139,159
00353502,VANDERBILT UNIV - SCH OF MED            ,TN,37232-0000,Private      ,4,30,34,49,838,887
00353600,BRYAN COLLEGE                           ,TN,37321-7000,Private      ,55,89,144,915,340,1255
00399800,CHATTANOOGA STATE COMMUNITY COLLEGE     ,TN,37406-1097,Public       ,946,1445,2391,3175,4340,7515
00399900,CLEVELAND STATE COMMUNITY COLLEGE       ,TN,37312-2858,Public       ,265,401,666,1184,1445,2629
00402500,TN TECHNOLOGY CTR AT KNOXVILLE          ,TN,37919-2327,Public       ,105,249,354,304,671,975
00402600,TENNESSEE TECH. CNTR AT CROSSVILLE      ,TN,38555-4142,Public       ,44,88,132,201,331,532
00461700,NATIONAL COLLEGE OF BUSINESS & TECH     ,TN,37211-6605,Proprietary  ,59,420,479,152,1175,1327
00493400,DRAUGHONS JR CLG OF BUSINESS            ,TN,37217-1056,Proprietary  ,177,749,926,360,1938,2298
00493700,JACKSON STATE COMMUNITY COLLEGE         ,TN,38301-3797,Public       ,352,558,910,2194,2463,4657
00493800,SOUTH COLLEGE                           ,TN,37909-3323,Proprietary  ,67,379,446,275,1107,1382
00494700,WEST TENNESSEE BUSINESS COLLEGE         ,TN,38301-3256,Proprietary  ,15,132,147,72,378,450
00528000,TN TECHNOLOGY CTR AT COVINGTON          ,TN,38019-0249,Public       ,31,56,87,85,190,275
00528100,TN TECHNOLOGY CTR AT ELIZABETHTON       ,TN,37643-0789,Public       ,53,163,216,167,594,761
00528200,TN TECHNOLOGY CTR AT HARTSVILLE         ,TN,37074-0000,Public       ,25,57,82,130,245,375
00528300,TN TECHNOLOGY CTR AT NEWBERN            ,TN,38059-1198,Public       ,28,63,91,107,348,455
00530700,TN TECHNOLOGY CTR AT MCMINNVILLE        ,TN,37110-1322,Public       ,20,62,82,107,327,434
00535100,TENNESSEE TECHNOLOGY CENTER AT MORRISTOW,TN,37813-2094,Public       ,62,140,202,341,698,1039
00535200,TN TECHNOLOGY CENTER AT MCKENZIE        ,TN,38201-1620,Public       ,25,64,89,124,281,405
00535300,TN TECHNOLOGY CENTER AT LIVINGSTON      ,TN,38570-0219,Public       ,45,120,165,214,386,600
00535400,TN TECHNOLOGY CTR AT JACKSON            ,TN,38301-0000,Public       ,47,156,203,324,716,1040
00535600,TENNESSEE TECHNOLOGY CENTER AT HOHENWALD,TN,38462-0000,Public       ,55,144,199,182,366,548
00535700,TENNESSEE TECHNOLOGY CENTER AT CRUMP    ,TN,38327-3402,Public       ,23,92,115,149,350,499
00535800,TN TECHNOLOGY CENTER AT ATHENS          ,TN,37371-0848,Public       ,21,56,77,146,239,385
00535900,TENNESSEE TECHNOLOGY CENTER AT NASHVILLE,TN,37209-0000,Public       ,99,285,384,345,842,1187
00536000,TENNESSEE TECHNOLOGY CENTER AT MEMPHIS  ,TN,38105-3604,Public       ,188,411,599,563,1367,1930
00537800,NORTHEAST STATE TECH CMNTY COLG         ,TN,37617-0246,Public       ,517,725,1242,2197,2631,4828
00537900,TN TECHNOLOGY CTR AT SHELBYVILLE        ,TN,37160-3697,Public       ,60,134,194,304,632,936
00683500,DYERSBURG STATE COMMUNITY COLLEGE       ,TN,38024-0000,Public       ,229,442,671,1206,1573,2779
00683600,MOTLOW STATE COMMUNITY COLLEGE          ,TN,37388-7972,Public       ,468,555,1023,1786,1738,3524
00743900,FOUNTAINHEAD COLLEGE OF TECHNOLOGY      ,TN,37918-2583,Proprietary  ,22,41,63,76,137,213
00744000,NASHVILLE AUTO DIESEL COLLEGE           ,TN,37206-3298,Proprietary  ,374,198,572,2000,620,2620
00778200,TENNESSEE TECHNOLOGY CENTER AT DICKSON  ,TN,37055-0000,Public       ,66,157,223,219,471,690
00778300,MIDDLE TENNESSEE SCH OF ANESTHESIA      ,TN,37116-0417,Private      ,0,4,4,7,146,153
00814500,NASHVILLE STATE TECH CMNTY COLLEGE      ,TN,37209-0000,Public       ,592,1238,1830,1969,3796,5765
00865500,GENESIS CAREER COLLEGE OF COOKEVILLE    ,TN,38501-1959,Proprietary  ,15,42,57,37,83,120
00885900,JOHN A GUPTON COLLEGE                   ,TN,37203-2934,Private      ,10,17,27,59,90,149
00886300,WALTERS STATE COMMUNITY COLLEGE         ,TN,37813-6899,Public       ,430,636,1066,2760,2572,5332
00946400,TN TECHNOLOGY CTR AT PULASKI            ,TN,38478-4541,Public       ,23,91,114,89,304,393
00956700,TENNESSEE SCHOOL OF BEAUTY              ,TN,37921-3303,Proprietary  ,22,54,76,81,137,218
00971000,TENNESSEE TECHNOLOGY CENTER AT ONEIDA/HU,TN,37756-4149,Public       ,21,80,101,60,176,236
00991200,VOLUNTEER STATE COMMUNITY COLLEGE       ,TN,37066-3188,Public       ,631,870,1501,2616,2805,5421
00991400,ROANE STATE COMMUNITY COLLEGE           ,TN,37748-8664,Public       ,521,723,1244,2478,2623,5101
00998200,CRICHTON COLLEGE                        ,TN,38111-4745,Private      ,106,318,424,561,1121,1682
01021700,INTERNATIONAL ACADEMY OF DESIGN & TECH  ,TN,37212-0000,Proprietary  ,112,142,254,624,738,1362
01032600,TN TECHNOLOGY CTR AT HARRIMAN           ,TN,37748-1109,Public       ,39,55,94,111,199,310
01043900,SOUTHWEST TENNESSEE COMMUNITY COLLG     ,TN,38104-3322,Public       ,1323,2395,3718,4707,8263,12970
01044700,"PLAZA BEAUTY SCHOOL, INC.               ",TN,38117-4822,Proprietary  ,21,40,61,46,91,137
01046000,AMERICAN BAPTIST THEOLOGICAL SEMINA     ,TN,37207-4994,Private      ,9,36,45,18,92,110
01052900,MEMPHIS THEOLOGICAL SEMINARY            ,TN,38104-0000,Private      ,0,44,44,5,152,157
01070000,TN TECHNOLOGY CENTER AT JACKSBORO       ,TN,37757-2461,Public       ,25,48,73,85,157,242
01155300,WM R MOORE COLLEGE OF TECHNOLOGY        ,TN,38104-0000,Private      ,21,26,47,57,64,121
01216400,TENNESSEE TECHNICAL CNTR AT RIPLEY      ,TN,38063-7359,Public       ,20,91,111,47,189,236
01254700,EMMANUEL SCHOOL OF RELIGION             ,TN,37601-0000,Private      ,0,16,16,1,50,51
01269300,PELLISSIPPI STATE COMMUNITY COLLEGE     ,TN,37933-0990,Public       ,1065,1053,2118,3524,2869,6393
02092800,TENNESSEE TECHNOLOGY CENTER AT WHITEVILL,TN,38075-0000,Public       ,33,46,79,100,179,279
02103500,TN TECHNOLOGY CTR AT MURFREESBORO       ,TN,37129-0000,Public       ,54,126,180,187,332,519
02106400,O'MORE COLLEGE OF DESIGN                ,TN,37064-0000,Private      ,45,22,67,197,62,259
02125300,NASHVILLE CLG OF MEDICAL CAREERS        ,TN,37115-0000,Proprietary  ,7,69,76,30,187,217
02153100,JON NAVE UNIVERSITY OF COSMETOLOGY      ,TN,37013-3347,Proprietary  ,46,43,89,78,96,174
02157100,CONCORDE CAREER COLLEGE                 ,TN,38137-0000,Proprietary  ,86,415,501,243,1155,1398
02188300,PENTECOSTAL THEOLOGICAL SEMINARY        ,TN,37320-0000,Private      ,0,69,69,2,201,203
02204200,"CHATTANOOGA COLLEGE - MEDICAL, DENTAL AN",TN,37411-0000,Proprietary  ,5,61,66,21,225,246
02237900,TN TECHNOLOGY CENTER AT PARIS           ,TN,38242-0000,Public       ,36,154,190,125,525,650
02257400,ARNOLD'S BEAUTY SCHOOL                  ,TN,38358-0000,Proprietary  ,9,32,41,18,49,67
02275500,REUBEN-ALLEN COLLEGE                    ,TN,37922-0000,Proprietary  ,7,11,18,20,20,40
02278700,MR WAYNES SCH OF UNISEX HAIR DESIGN     ,TN,38501-0000,Proprietary  ,4,10,14,5,23,28
02293900,VOLUNTEER BEAUTY ACADEMY-NASHVILLE      ,TN,37115-2112,Proprietary  ,16,34,50,22,58,80
02294000,VOLUNTEER BEAUTY ACADEMY-DYERSBURG      ,TN,38024-1622,Proprietary  ,17,26,43,33,71,104
02326200,KAPLAN CAREER INSTITUTE                 ,TN,37217-1342,Proprietary  ,19,111,130,50,342,392
02326202,KAPLAN CAREER INSTITUTE - THOMPSON LANE ,TN,37204-3692,Proprietary  ,0,1,1,0,1,1
02326300,MEDVANCE INSTITUTE                      ,TN,38501-4305,Proprietary  ,112,309,421,269,986,1255
02335900,VOLUNTEER BEAUTY ACADEMY-NASHVILLE      ,TN,37209-3033,Proprietary  ,9,18,27,26,54,80
02359800,ITT TECHNICAL INSTITUTE                 ,TN,37214-3717,Proprietary  ,440,910,1350,899,1680,2579
02498000,NEW WAVE HAIR ACADEMY                   ,TN,38128-0000,Proprietary  ,23,73,96,47,141,188
02539800,QUEEN CITY COLLEGE                      ,TN,37042-0000,Proprietary  ,10,41,51,31,144,175
02540000,TENNESSEE ACADEMY OF COSMETOLOGY        ,TN,38133-0000,Proprietary  ,25,47,72,46,90,136
02578200,NOSSI COLLEGE OF ART                    ,TN,37072-0000,Proprietary  ,47,65,112,232,300,532
02595000,FAYETTEVILLE BEAUTY SCHOOL              ,TN,37334-2909,Proprietary  ,22,37,59,36,52,88
02597600,NEW WAVE HAIR ACADEMY                   ,TN,38301-3812,Proprietary  ,17,77,94,45,168,213
02599710,VATTEROTT COLLEGE - MEMPHIS             ,TN,38132-1714,Proprietary  ,52,258,310,114,605,719
02605501,REMINGTON COLLEGE - MEMPHIS CAMPUS      ,TN,38132-0000,Proprietary  ,119,529,648,290,1077,1367
02614200,MILLER MOTTE BUSINESS COLLEGE           ,TN,37040-6023,Proprietary  ,46,170,216,142,644,786
02614203,MILLER - MOTTE TECHNICAL COLLEGE - CHATT,TN,37421-7220,Proprietary  ,57,209,266,208,779,987
02614204,MILLER - MOTTE TECHNICAL COLLEGE - GOODL,TN,37072-1870,Proprietary  ,15,51,66,42,229,271
03001800,FREE WILL BAPTIST BIBLE COLLEGE         ,TN,37205-2498,Private      ,53,36,89,221,93,314
03008800,FRANKLIN ACADEMY                        ,TN,37312-3939,Private      ,10,15,25,19,41,60
03010606,VIRGINIA COLLEGE - SCH OF BUSNSS & HLTH ,TN,37411-5600,Proprietary  ,2,25,27,12,72,84
03012500,NEW WAVE HAIR ACADEMY                   ,TN,38111-4253,Proprietary  ,45,149,194,87,310,397
03024900,TENNESSEE ACADEMY OF COSMETOLOGY        ,TN,38125-3442,Proprietary  ,16,57,73,29,109,138
03061100,GENESIS CAREER COLLEGE OF LEBANON       ,TN,37087-2718,Proprietary  ,22,108,130,44,179,223
03073400,ITT TECHNICAL INSTITUTE                 ,TN,37932-3343,Proprietary  ,448,647,1095,1009,1616,2625
03079100,NORTH CENTRAL INSTITUTE                 ,TN,37042-3116,Proprietary  ,6,17,23,11,46,57
03088800,WATKINS INSTITUTE COLLEGE OF ART & DESIG,TN,37228-1306,Private      ,35,50,85,315,214,529
03126900,STYLES & PROFILES BEAUTY COLLEGE        ,TN,38375-2109,Proprietary  ,2,12,14,2,17,19
03149300,NEW DIRECTIONS HAIR ACADEMY             ,TN,37209-0000,Proprietary  ,57,106,163,93,256,349
03355400,RICHMONT GRADUATE UNIVERSITY            ,TN,37404-0000,Private      ,4,30,34,5,96,101
03440300,BAPTIST MEMORIAL COLLEGE OF HEALTH      ,TN,38104-3104,Private      ,67,167,234,592,1043,1635
03454300,TENNESSEE CAREER COLLEGE                ,TN,37214-2945,Proprietary  ,3,54,57,20,118,138
03487300,TEMPLE BAPTIST SEMINARY                 ,TN,37404-0000,Private      ,0,3,3,8,25,33
03513500,WILLIAMSON CHRISTIAN COLLEGE            ,TN,37067-8237,Private      ,3,18,21,4,45,49
03647300,NEW CONCEPTS SCHOOL OF COSMETOLOGY      ,TN,37311-7373,Proprietary  ,3,20,23,6,36,42
03683300,INTERNATIONAL BARBER & STYLE COLLEGE    ,TN,37209-0000,Proprietary  ,23,143,166,28,160,188
03774300,PYRAMID BEAUTY SCHOOL                   ,TN,38104-2324,Proprietary  ,2,7,9,9,23,32
03774400,SHEAR ACADEMY                           ,TN,38555-4177,Proprietary  ,0,7,7,7,18,25
03830300,SAE INSTITUTE OF TECHNOLOGY             ,TN,37203-4310,Proprietary  ,44,39,83,144,146,290
03841300,CAREER BEAUTY COLLEGE                   ,TN,38464-3634,Proprietary  ,5,18,23,9,26,35
03920300,INSTITUTE OF HAIR DESIGN                ,TN,38310-1801,Proprietary  ,6,20,26,19,53,72
03930300,BUCHANAN BEAUTY COLLEGE                 ,TN,37160-2741,Proprietary  ,1,11,12,7,28,35
03982300,VISIBLE SCHOOL - MUSIC AND WORSHIPS ARTS,TN,38104-5814,Private      ,8,16,24,39,32,71
04025300,LAST MINUTE CUTS SCHOOL OF BARBERING AND,TN,38109-7709,Proprietary  ,11,32,43,18,63,81
04035300,NAVE COSMETOLOGY ACADEMY                ,TN,38401-6335,Proprietary  ,9,50,59,21,109,130
04037400,MASON ACADEMY OF COSMETOLOGY            ,TN,38049-7048,Proprietary  ,0,3,3,1,4,5
04124100,ELITE COLLEGE OF COSMETOLOGY            ,TN,38351-1431,Proprietary  ,8,19,27,8,19,27
00353700,ABILENE CHRISTIAN UNIVERSITY            ,TX,79699-3701,Private      ,579,296,875,3751,1073,4824
00353900,ALVIN COMMUNITY COLLEGE                 ,TX,77511-4807,Public       ,211,399,610,671,1246,1917
00354000,AMARILLO COLLEGE                        ,TX,79109-2446,Public       ,607,1204,1811,2195,4033,6228
00354100,ANGELO STATE UNIVERSITY                 ,TX,76909-5069,Public       ,600,404,1004,4684,1879,6563
00354300,AUSTIN COLLEGE                          ,TX,75090-4440,Private      ,115,26,141,1531,114,1645
00354400,AUSTIN PRESBYTERIAN THEOLOGICAL SEM     ,TX,78705-5797,Private      ,0,8,8,1,122,123
00354500,BAYLOR UNIVERSITY                       ,TX,76798-1458,Private      ,906,436,1342,13296,3096,16392
00354600,COASTAL BEND COLLEGE                    ,TX,78102-2197,Public       ,335,517,852,1167,1510,2677
00354900,BLINN COLLEGE                           ,TX,77833-4098,Public       ,1410,741,2151,6740,2744,9484
00355300,CISCO JUNIOR COLLEGE                    ,TX,76437-9803,Public       ,400,586,986,1399,1473,2872
00355400,CLARENDON COLLEGE                       ,TX,79226-0000,Public       ,140,95,235,339,237,576
00355600,COMMONWEALTH INST OF FUNERAL SVC        ,TX,77090-5918,Private      ,14,38,52,31,120,151
00355700,CONCORDIA UNIVERSITY TEXAS              ,TX,78726-4141,Private      ,105,418,523,965,1222,2187
00355800,NORTH CENTRAL TEXAS COLLEGE             ,TX,76240-4699,Public       ,402,550,952,1541,1861,3402
00356000,DALLAS BAPTIST UNIVERSITY               ,TX,75211-9299,Private      ,374,823,1197,2050,2795,4845
00356100,CEDAR VALLEY COLLEGE                    ,TX,75134-0000,Public       ,438,782,1220,1341,2181,3522
00356200,DALLAS THEOLOGICAL SEM                  ,TX,75204-0000,Private      ,2,108,110,9,482,491
00356300,DEL MAR COLLEGE                         ,TX,78404-3897,Public       ,847,1330,2177,3499,4748,8247
00356400,EAST TEXAS BAPTIST UNIVERSITY           ,TX,75670-1423,Private      ,79,51,130,1462,317,1779
00356500,TEXAS A&M UNIVERSITY - COMMERCE         ,TX,75429-3011,Public       ,576,1154,1730,3371,4474,7845
00356600,EPISCOPAL THEOL SEM OF THE STHWST       ,TX,78768-0000,Private      ,0,1,1,0,4,4
00356800,FRANK PHILLIPS COLLEGE                  ,TX,79008-0000,Public       ,136,197,333,322,400,722
00357000,GRAYSON COUNTY COLLEGE                  ,TX,75020-8299,Public       ,244,487,731,1029,1678,2707
00357100,HARDIN-SIMMONS UNIVERSITY               ,TX,79698-6050,Private      ,195,198,393,1968,873,2841
00357200,TRINITY VALLEY COMMUNITY COLLEGE        ,TX,75751-2734,Public       ,411,713,1124,1391,2227,3618
00357300,HILL COLLEGE                            ,TX,76645-2711,Public       ,153,184,337,529,509,1038
00357301,HILL COLLEGE                            ,TX,76031-0000,Public       ,131,257,388,419,831,1250
00357400,HOWARD COLLEGE                          ,TX,79720-0213,Public       ,231,379,610,908,1371,2279
00357500,HOWARD PAYNE UNIVERSITY                 ,TX,76801-2715,Private      ,137,94,231,1298,337,1635
00357600,HOUSTON BAPTIST UNIVERSITY              ,TX,77074-3298,Private      ,254,321,575,2210,1553,3763
00357700,HUSTON - TILLOTSON UNIVERSITY           ,TX,78702-2795,Private      ,170,118,288,732,403,1135
00357800,UNIVERSITY OF THE INCARNATE WORD        ,TX,78209-6398,Private      ,446,697,1143,3458,3401,6859
00357900,JACKSONVILLE COLLEGE                    ,TX,75766-4759,Private      ,62,45,107,194,108,302
00358000,KILGORE COLLEGE                         ,TX,75662-3299,Public       ,550,785,1335,2030,2436,4466
00358100,LAMAR UNIVERSITY-BEAUMONT               ,TX,77710-0042,Public       ,1065,1010,2075,5513,3708,9221
00358200,LAREDO COMMUNITY COLLEGE                ,TX,78040-4395,Public       ,1117,983,2100,3690,2817,6507
00358300,LEE COLLEGE                             ,TX,77520-4796,Public       ,295,743,1038,1035,2393,3428
00358400,LETOURNEAU UNIVERSITY                   ,TX,75607-0000,Private      ,112,856,968,1429,2758,4187
00358500,LON MORRIS COLLEGE                      ,TX,75766-2900,Private      ,76,30,106,339,89,428
00358600,LUBBOCK CHRISTIAN UNIVERSITY            ,TX,79407-2099,Private      ,265,245,510,1344,950,2294
00358800,UNIVERSITY OF MARY HARDIN-BAYLOR        ,TX,76513-2599,Private      ,155,225,380,2223,1161,3384
00359000,MCLENNAN COMMUNITY COLLEGE              ,TX,76708-1498,Public       ,539,1101,1640,2983,4478,7461
00359100,MCMURRY UNIVERSITY                      ,TX,79697-0001,Private      ,170,126,296,1537,551,2088
00359200,MIDWESTERN STATE UNIVERSITY             ,TX,76308-2099,Public       ,508,466,974,3193,2206,5399
00359300,NAVARRO COLLEGE                         ,TX,75110-4818,Public       ,756,1104,1860,2450,2925,5375
00359400,UNIVERSITY OF NORTH TEXAS               ,TX,76203-1370,Public       ,2589,2796,5385,20200,13105,33305
00359500,OBLATE SCHOOL OF THEOLOGY               ,TX,78216-0000,Private      ,0,4,4,0,8,8
00359600,ODESSA COLLEGE                          ,TX,79764-7127,Public       ,282,499,781,1118,1785,2903
00359800,OUR LADY OF THE LAKE UNIVERSITY         ,TX,78207-4689,Private      ,185,501,686,1976,2142,4118
00359900,UNIVERSITY OF TEXAS - PAN AMERICAN      ,TX,78541-2999,Public       ,1322,1823,3145,12090,7574,19664
00360000,PANOLA COLLEGE                          ,TX,75633-2397,Public       ,200,258,458,719,828,1547
00360100,PARIS JR COLLEGE                        ,TX,75460-6298,Public       ,426,666,1092,1290,1726,3016
00360200,PAUL QUINN COLLEGE                      ,TX,75241-4398,Private      ,130,231,361,531,779,1310
00360300,RANGER COLLEGE                          ,TX,76470-3298,Public       ,112,72,184,432,231,663
00360400,RICE UNIVERSITY                         ,TX,77251-1892,Private      ,197,243,440,5116,1451,6567
00360600,SAM HOUSTON STATE UNIVERSITY            ,TX,77340-0000,Public       ,1502,976,2478,11338,5024,16362
00360700,ALAMO CMTY CLG DISTRICT PROGRAM         ,TX,78207-0000,Public       ,51,62,113,167,208,375
00360800,ST PHILLIPS COLLEGE                     ,TX,78203-2098,Public       ,1074,2421,3495,3504,6541,10045
00360900,SAN JACINTO CLG-CENTRAL-NORTH-SOUTH     ,TX,77501-0000,Public       ,1580,2075,3655,4690,6248,10938
00361000,SCHREINER UNIVERSITY                    ,TX,78028-5697,Private      ,103,77,180,1006,395,1401
00361100,SOUTH PLAINS COLLEGE                    ,TX,79336-6504,Public       ,875,967,1842,3775,3502,7277
00361200,UNIV OF HOUSTON-DOWNTOWN                ,TX,77002-1001,Public       ,854,1526,2380,4869,6919,11788
00361300,SOUTHERN METHODIST UNIVERSITY           ,TX,75275-0181,Private      ,223,584,807,4689,4144,8833
00361400,SOUTHWEST TEXAS JR COLLEGE              ,TX,78801-6221,Public       ,551,737,1288,1728,2015,3743
00361500,TEXAS STATE UNIVERSITY--SAN MARCOS      ,TX,78666-4602,Public       ,2059,1638,3697,18135,9377,27512
00361600,SOUTHWESTERN ASSEMBLIES OF GOD UNIV     ,TX,75165-2397,Private      ,275,256,531,1184,808,1992
00361700,SOUTHWESTERN BAPTIST THEOL SEMINARY     ,TX,76122-0000,Private      ,4,30,34,30,146,176
00361800,SOUTHWESTERN CHRISTIAN COLLEGE          ,TX,75160-3400,Private      ,94,32,126,218,71,289
00361900,SOUTHWESTERN ADVENTIST UNIVERSITY       ,TX,76059-1922,Private      ,146,135,281,585,397,982
00362000,SOUTHWESTERN UNIVERSITY                 ,TX,78626-6111,Private      ,56,23,79,1606,125,1731
00362100,ST EDWARDS UNIVERSITY                   ,TX,78704-0000,Private      ,166,343,509,3662,2213,5875
00362300,ST MARY'S UNIV OF SAN ANTONIO           ,TX,78228-8500,Private      ,152,298,450,3078,2424,5502
00362400,STEPHEN F AUSTIN STATE UNIVERSITY       ,TX,75962-0001,Public       ,1224,883,2107,9134,3425,12559
00362500,SUL ROSS STATE UNIVERSITY               ,TX,79832-0113,Public       ,263,518,781,1234,1593,2827
00362600,TARRANT COUNTY COLLEGE                  ,TX,76102-6599,Public       ,2345,3498,5843,8164,11828,19992
00362700,TEMPLE COLLEGE                          ,TX,76504-7435,Public       ,389,726,1115,1399,2430,3829
00362800,TEXARKANA COLLEGE                       ,TX,75599-0001,Public       ,292,536,828,1340,1706,3046
00363000,PRAIRIE VIEW A&M UNIVERSITY             ,TX,77446-2967,Public       ,1161,1231,2392,8016,4491,12507
00363100,TARLETON STATE UNIVERSITY               ,TX,76402-0000,Public       ,855,995,1850,4818,3922,8740
00363200,TEXAS A&M UNIVERSITY                    ,TX,77842-0000,Public       ,2977,1283,4260,26755,6556,33311
00363400,TEXAS STATE TECHNICAL CLG AT WACO       ,TX,76705-1695,Public       ,639,920,1559,2140,2229,4369
00363500,TEXAS CHIROPRACTIC COLLEGE              ,TX,77505-1699,Private      ,5,65,70,13,398,411
00363600,TEXAS CHRISTIAN UNIVERSITY              ,TX,76129-0001,Private      ,309,297,606,7093,2233,9326
00363700,JARVIS CHRISTIAN COLLEGE                ,TX,75765-1470,Private      ,223,89,312,584,199,783
00363800,TEXAS COLLEGE                           ,TX,75702-4500,Private      ,198,182,380,735,531,1266
00363900,TEXAS A&M UNIVERSITY-KINGSVILLE         ,TX,78363-8203,Public       ,673,910,1583,4270,3341,7611
00364100,TEXAS LUTHERAN UNIVERSITY               ,TX,78155-5999,Private      ,165,55,220,1605,219,1824
00364200,TEXAS SOUTHERN UNIVERSITY               ,TX,77004-4598,Public       ,1602,1901,3503,8552,8556,17108
00364300,TEXAS SOUTHMOST COLLEGE                 ,TX,78520-4992,Public       ,35,81,116,203,316,519
00364400,TEXAS TECH UNIVERSITY                   ,TX,79409-0000,Public       ,1998,1461,3459,16613,7400,24013
00364500,TEXAS WESLEYAN UNIVERSITY               ,TX,76105-1536,Private      ,181,409,590,1002,2975,3977
00364600,TEXAS WOMAN'S UNIVERSITY                ,TX,76204-5587,Public       ,420,1060,1480,4352,7682,12034
00364700,TRINITY UNIVERSITY                      ,TX,78212-7200,Private      ,121,53,174,2759,356,3115
00364800,TYLER JUNIOR COLLEGE                    ,TX,75701-3436,Public       ,1034,1011,2045,4355,3614,7969
00365100,UNIVERSITY OF DALLAS                    ,TX,75062-4799,Private      ,115,242,357,1521,1030,2551
00365200,UNIVERSITY OF HOUSTON                   ,TX,77204-2010,Public       ,2660,2986,5646,21299,16392,37691
00365400,UNIVERSITY OF ST THOMAS                 ,TX,77006-4626,Private      ,141,308,449,1279,1047,2326
00365600,UNIVERSITY OF TEXAS-ARLINGTON           ,TX,76019-0000,Public       ,1517,2360,3877,13044,13206,26250
00365800,UNIVERSITY OF TEXAS-AUSTIN              ,TX,78713-7758,Public       ,1819,1560,3379,32089,14683,46772
00365900,UT HEALTH CENTER-SAN ANTONIO            ,TX,78229-3900,Public       ,42,254,296,512,2595,3107
00366100,UNIVERSITY OF TEXAS-EL PASO             ,TX,79968-0629,Public       ,1395,1796,3191,10329,8692,19021
00366200,VICTORIA COLLEGE (THE)                  ,TX,77901-4494,Public       ,283,470,753,1017,1650,2667
00366300,WAYLAND BAPTIST UNIVERSITY              ,TX,79072-6998,Private      ,185,852,1037,954,2463,3417
00366400,WEATHERFORD COLLEGE                     ,TX,76086-5699,Public       ,275,391,666,1318,1388,2706
00366500,WEST TEXAS A&M UNIVERSITY               ,TX,79016-0000,Public       ,634,831,1465,3597,2951,6548
00366800,WHARTON COUNTY JR COLLEGE               ,TX,77488-3298,Public       ,466,427,893,1725,1581,3306
00366900,WILEY COLLEGE                           ,TX,75670-5199,Private      ,184,200,384,637,512,1149
00400300,CENTRAL TEXAS COLLEGE                   ,TX,76540-4199,Public       ,434,2150,2584,1546,6673,8219
00407221,NORTHWOOD UNIVERSITY                    ,TX,75104-0000,Private      ,109,193,302,635,628,1263
00445300,EL CENTRO COLLEGE                       ,TX,75202-0000,Public       ,515,1302,1817,1916,4041,5957
00494800,TEXAS A&M UNIV SYSTEM HEALTH SCI CT     ,TX,77840-7896,Public       ,8,66,74,77,760,837
00494801,TEXAS A&M UNIV SYSTEMS-HSC              ,TX,77843-1114,Public       ,17,44,61,191,490,681
00494900,BAYLOR COLLEGE OF MEDICINE              ,TX,77030-0000,Private      ,13,67,80,149,1128,1277
00495100,UNIV OF TEXAS HEALTH SCIENCE CENTER     ,TX,77225-0000,Public       ,31,218,249,307,2306,2613
00495200,UNIV OF TEXAS MEDICAL BRANCH            ,TX,77550-0000,Public       ,35,173,208,291,1839,2130
00497200,GALVESTON COLLEGE                       ,TX,77550-7447,Public       ,274,406,680,658,1110,1768
00497700,SOUTH TEXAS COLLEGE OF LAW              ,TX,77002-0000,Private      ,2,99,101,23,1782,1805
00520307,REMINGTON COLLEGE - DALLAS CAMPUS       ,TX,75041-9935,Proprietary  ,17,31,48,46,97,143
00661200,COVENANT SCH OF NSG & ALLIED HEALTH     ,TX,79410-0000,Private      ,8,41,49,102,233,335
00666100,ANGELINA COLLEGE                        ,TX,75902-0000,Public       ,459,659,1118,1534,2052,3586
00694100,DALLAS CHRISTIAN COLLEGE                ,TX,75234-7229,Private      ,84,85,169,249,234,483
00709600,COLLEGE OF THE MAINLAND                 ,TX,77591-2499,Public       ,264,552,816,721,1494,2215
00728700,BRAZOSPORT COLLEGE                      ,TX,77566-3199,Public       ,173,277,450,558,783,1341
00732907,ITT TECHNICAL INSTITUTE                 ,TX,77063-3751,Proprietary  ,23,61,84,118,186,304
00754805,WESTWOOD COLLEGE OF TECHNOLOGY          ,TX,77074-0000,Proprietary  ,97,190,287,206,338,544
00758602,REMINGTON COLLEGE - FORT WORTH CAMPUS   ,TX,76112-1280,Proprietary  ,78,246,324,178,586,764
00835300,LINCOLN COLLEGE OF TECHNOLOGY           ,TX,75052-0000,Proprietary  ,295,342,637,758,771,1529
00849800,MIMS CLASSIC BEAUTY COLLEGE             ,TX,78216-0000,Proprietary  ,4,14,18,11,40,51
00850300,MOUNTAIN VIEW COLLEGE                   ,TX,75211-6599,Public       ,531,961,1492,1845,2794,4639
00850400,RICHLAND COLLEGE                        ,TX,75243-2199,Public       ,824,1204,2028,2587,3564,6151
00851000,EASTFIELD COLLEGE                       ,TX,75150-2099,Public       ,702,1302,2004,2222,3587,5809
00907905,EVEREST COLLEGE                         ,TX,75206-5209,Proprietary  ,0,1,1,0,1,1
00908200,INTERNATIONAL BUSINESS COLLEGE          ,TX,79903-0000,Proprietary  ,43,224,267,94,446,540
00916300,SAN ANTONIO COLLEGE                     ,TX,78212-4299,Public       ,2274,3558,5832,8230,11096,19326
00916302,SAN ANTONIO COLLEGE FT SAM HOUSTON      ,TX,78234-0000,Public       ,0,0,0,35,11,46
00922500,TEXAS STATE TECHNICAL COLLEGE  HARLINGEN,TX,78550-3697,Public       ,615,950,1565,2620,2525,5145
00946600,KAPLAN CAREER INSTITUTE                 ,TX,78216-1899,Proprietary  ,137,418,555,281,850,1131
00946607,SAN ANT COL OF MED & DENTAL - MCALLEN   ,TX,78503-1622,Proprietary  ,172,309,481,321,667,988
00946609,CAREER CENTERS OF TX - CORPUS CHRISTI   ,TX,78416-9900,Proprietary  ,64,279,343,136,611,747
00946610,KAPLAN CAREER INSTITUTE - CAREER CENTERS,TX,76103-2310,Proprietary  ,70,251,321,135,607,742
00954900,WESTERN TEXAS COLLEGE                   ,TX,79549-9501,Public       ,96,84,180,427,247,674
00965100,TEXAS A&M INTERNATIONAL UNIVERSITY      ,TX,78041-1900,Public       ,530,783,1313,3171,2456,5627
00974100,UNIVERSITY OF TEXAS AT DALLAS           ,TX,75083-0000,Public       ,786,1364,2150,5455,5888,11343
00976800,UNIVERSITY OF NORTH TEXAS HEALTH SCIENCE,TX,76107-2699,Public       ,5,82,87,80,1120,1200
00979700,MIDLAND COLLEGE                         ,TX,79705-6397,Public       ,271,525,796,1244,1709,2953
00993000,UNIVERSITY OF TEXAS-PERMIAN BASIN       ,TX,79762-0001,Public       ,312,556,868,1455,1773,3228
00993200,TEXAS STATE TECH CLG-WEST TEXAS         ,TX,79556-4108,Public       ,113,252,365,353,655,1008
00993201,TEXAS STATE TECH COLLEGE-ABILENE        ,TX,79601-0000,Public       ,49,97,146,133,280,413
00993204,TEXAS STATE TECH CLG-BRECKENRIDGE       ,TX,76424-0000,Public       ,17,50,67,41,132,173
00993205,TEXAS STATE TECH COLLEGE-BROWNWOOD      ,TX,76801-0000,Public       ,36,72,108,90,232,322
01001900,UNIV OF TEXAS SOUTHWESTERN MED CTR      ,TX,75390-9096,Public       ,16,93,109,126,1456,1582
01005700,AMERICAN COMMERCIAL COLLEGE             ,TX,79602-1399,Proprietary  ,14,100,114,28,223,251
01005900,AMERICAN COMMERCIAL COLLEGE             ,TX,79761-0000,Proprietary  ,29,143,172,50,229,279
01005901,AMERICAN COMMERCIAL COLLEGE - AMERICAN C,TX,76310-2303,Proprietary  ,20,113,133,32,195,227
01006000,VERNON COLLEGE                          ,TX,76384-4092,Public       ,158,377,535,778,1444,2222
01011500,UNIVERSITY OF TEXAS-SAN ANTONIO         ,TX,78249-0600,Public       ,2283,2473,4756,20724,12802,33526
01013000,WADE COLLEGE                            ,TX,75207-3199,Proprietary  ,38,33,71,179,146,325
01038700,EL PASO COMMUNITY COLLEGE               ,TX,79998-0000,Public       ,2202,2672,4874,9460,10344,19804
01050900,HALLMARK COLLEGE OF AERONAUTICS         ,TX,78214-0000,Proprietary  ,86,245,331,184,626,810
01062400,CENTRAL TEXAS COMMERCIAL COLLEGE        ,TX,75231-5033,Proprietary  ,19,13,32,46,47,93
01063300,HOUSTON COMMUNITY COLLEGE               ,TX,77002-0000,Public       ,295,663,958,1203,1982,3185
01063303,HOUSTON COMMUNITY COLLEGE - CENTRAL     ,TX,77004-0000,Public       ,749,1647,2396,2487,5366,7853
01063304,HOUSTON COMMUNITY COLLEGE - RICE AVIATIO,TX,77061-5001,Public       ,473,906,1379,1422,2856,4278
01063305,HOUSTON COMMUNITY COLLEGE - NORTHEAST CO,TX,77066-5221,Public       ,601,989,1590,1874,3186,5060
01063306,HOUSTON COMMUNITY COLLEGE - CENTRAL COLL,TX,77088-6372,Public       ,391,801,1192,1377,2342,3719
01063339,HOUSTON COMMUNITY COLLEGE - STAFFORD    ,TX,77477-0000,Public       ,360,452,812,1383,1678,3061
01063347,HOUSTON COMMUNITY COLLEGE - SOUTHWEST   ,TX,77081-7849,Public       ,597,1111,1708,2284,3809,6093
01063348,HOUSTON COMMUNITY COLLEGE - COLEMAN     ,TX,77030-0000,Public       ,108,458,566,388,1761,2149
01067400,TEXAS TECH U HEALTH SCIENCES CENTER     ,TX,79430-0000,Public       ,60,254,314,447,2191,2638
01076100,DALLAS INSTITUTE OF FUNERAL SERVICE     ,TX,75227-4314,Private      ,19,58,77,54,144,198
01114500,LONE STAR COLLEGE SYSTEM                ,TX,77073-3499,Public       ,910,1575,2485,3356,5350,8706
01114501,LONE STAR COLLEGE-KINGWOOD              ,TX,77339-0000,Public       ,385,641,1026,1041,1813,2854
01114502,LONE STAR COLLEGE-TOMBALL               ,TX,77375-0000,Public       ,291,424,715,912,1402,2314
01114503,LONE STAR COLLEGE-MONTGOMERY            ,TX,77384-0000,Public       ,358,673,1031,1198,2217,3415
01114504,LONE STAR COLLEGE-CY-FAIR               ,TX,77433-1383,Public       ,458,521,979,1626,1962,3588
01116100,TEXAS A&M UNIV CORPUS CHRISTI           ,TX,78412-5599,Public       ,666,831,1497,6072,3652,9724
01116300,UNIVERSITY OF TEXAS AT TYLER            ,TX,75799-6699,Public       ,524,742,1266,3350,3217,6567
01171100,UNIVERSITY OF HOUSTON-CLEAR LAKE        ,TX,77058-1002,Public       ,280,1240,1520,1316,5020,6336
01201500,AUSTIN COMMUNITY COLLEGE                ,TX,78752-4390,Public       ,1962,3072,5034,8142,11038,19180
01202000,VICTORIA BEAUTY COLLEGE                 ,TX,77901-6233,Proprietary  ,14,40,54,26,82,108
01226800,BALDWIN BEAUTY SCHOOL #5                ,TX,78704-4785,Proprietary  ,17,38,55,43,81,124
01229700,LAREDO BEAUTY COLLEGE                   ,TX,78040-1051,Proprietary  ,16,63,79,44,208,252
01248200,ATI TECHNICAL TRAINING CENTER           ,TX,75235-4622,Proprietary  ,114,269,383,276,925,1201
01248300,COSMETOLOGY CAREER CENTER               ,TX,75006-2566,Proprietary  ,29,65,94,61,144,205
01248800,INTERNATIONAL BEAUTY COLLEGE NO 3       ,TX,75040-0000,Proprietary  ,4,24,28,15,60,75
01276400,METROPLEX BEAUTY SCHOOL                 ,TX,75149-0000,Proprietary  ,12,36,48,31,91,122
01293000,CHARLES & SUE'S SCH OF HAIR DESIGN      ,TX,77801-0000,Proprietary  ,16,39,55,37,75,112
01293100,VELMA B'S BEAUTY ACADEMY                ,TX,75216-1511,Proprietary  ,9,21,30,20,54,74
01293200,TINT SCHOOL OF MAKEUP & COSMETOLOGY     ,TX,75061-4235,Proprietary  ,7,28,35,12,44,56
01298200,BORDER INSTITUTE OF TECHNOLOGY          ,TX,79925-6709,Proprietary  ,0,0,0,8,19,27
01300300,NEILSON BEAUTY COLLEGE                  ,TX,75208-4637,Proprietary  ,5,22,27,16,51,67
01301600,OGLE SCHOOL HAIR SKIN NAILS             ,TX,76013-7400,Proprietary  ,48,57,105,143,155,298
01323100,UNIVERSITY OF HOUSTON-VICTORIA          ,TX,77901-5731,Public       ,61,444,505,304,1643,1947
02058600,CONLEE'S COLLEGE OF COSMETOLOGY         ,TX,78028-0000,Proprietary  ,4,3,7,8,28,36
02074100,CAPITOL CITY TRADE & TECHNICAL SCH      ,TX,78704-0000,Proprietary  ,90,216,306,140,374,514
02077400,NORTH LAKE COLLEGE                      ,TX,75038-0000,Public       ,387,724,1111,1334,2075,3409
02078100,STEPHENVILLE BEAUTY COLLEGE             ,TX,76401-0000,Proprietary  ,4,14,18,12,22,34
02081400,ARLINGTON BAPTIST COLLEGE               ,TX,76012-0000,Private      ,36,41,77,86,95,181
02093600,SOUTHWEST SCHOOL OF ELECTRONIC          ,TX,78735-0000,Proprietary  ,6,23,29,15,39,54
02098300,WESTERN TECHNICAL COLLEGE               ,TX,79927-2105,Proprietary  ,251,328,579,592,805,1397
02100200,BROOKHAVEN COLLEGE                      ,TX,75244-0000,Public       ,393,897,1290,1388,2539,3927
02113610,AMERICAN INTERCONTINENTAL UNIV - HOUSTON,TX,77042-4516,Proprietary  ,54,142,196,233,531,764
02116008,SANFORD-BROWN COLLEGE - HOUSTON         ,TX,77036-8507,Proprietary  ,73,211,284,148,532,680
02116012,SANFORD-BROWN INSTITUTE - HOUSTON NORTH ,TX,77008-1058,Proprietary  ,34,130,164,87,349,436
02117100,ART INSTITUTE OF HOUSTON                ,TX,77056-0000,Proprietary  ,247,249,496,1426,1157,2583
02119200,COURT REPORTING INSTITUTE OF DALLAS     ,TX,75247-6913,Proprietary  ,47,239,286,172,973,1145
02136800,AMERICAN COMMERCIAL COLLEGE             ,TX,76904-0000,Proprietary  ,18,82,100,35,154,189
02144800,VET TECH INSTITUTE OF HOUSTON           ,TX,77027-9881,Proprietary  ,47,45,92,110,89,199
02176100,PIPO ACADEMY OF HAIR DESIGN             ,TX,79903-0000,Proprietary  ,8,19,27,15,55,70
02188600,AUSTIN BUSINESS COLLEGE                 ,TX,78741-0000,Proprietary  ,2,19,21,44,89,133
02200800,AMERICAN COMMERCIAL COLLEGE             ,TX,79411-0000,Proprietary  ,14,77,91,39,171,210
02218300,SOUTHWEST SCHOOL OF BUSINESS & TECHNICAL,TX,78221-0000,Proprietary  ,40,141,181,73,251,324
02218305,SOUTHWEST SCHOOL OF BUSINESS AND TECHNIC,TX,78501-6053,Proprietary  ,1,10,11,1,10,11
02224600,TRI-STATE BEAUTY SCHOOL #1              ,TX,79915-0000,Proprietary  ,50,160,210,92,298,390
02230500,OGLE SCHOOL HAIR SKIN NAILS             ,TX,76132-3638,Proprietary  ,65,81,146,150,205,355
02230600,OGLE SCHOOL HAIR SKIN NAILS             ,TX,76053-4650,Proprietary  ,24,27,51,68,78,146
02239100,CENTRAL TEXAS BEAUTY COLLEGE #2         ,TX,78664-4204,Proprietary  ,15,83,98,23,119,142
02245200,MTI COLLEGE OF BUS. & TECHNOLOGY        ,TX,77036-0000,Proprietary  ,0,0,0,56,115,171
02248200,MILAN INSTITUTE OF COSMETOLOGY          ,TX,79103-0000,Proprietary  ,90,276,366,167,500,667
02254800,TEXAS VOCATIONAL SCHOOLS                ,TX,77901-0000,Proprietary  ,36,85,121,42,95,137
02259400,AMBERTON UNIVERSITY                     ,TX,75041-0000,Private      ,0,52,52,10,138,148
02261300,EVEREST INSTITUTE                       ,TX,78213-3841,Proprietary  ,259,1103,1362,534,2451,2985
02261302,EVEREST INSTITUTE - HOUSTON GREENSPOINT ,TX,77060-3249,Proprietary  ,1,1,2,1,1,2
02267100,EXPOSITO SCHOOL OF HAIR DESIGN          ,TX,79109-0000,Proprietary  ,7,24,31,19,60,79
02276000,FRANKLIN BEAUTY SCHOOL #2               ,TX,77021-0000,Proprietary  ,15,60,75,19,86,105
02285900,UNIVERSITY OF COSMETOLOGY ARTS&SCI      ,TX,78504-0000,Proprietary  ,49,152,201,136,389,525
02294800,CAPITOL CITY CAREERS                    ,TX,78745-0000,Proprietary  ,13,66,79,25,123,148
02298501,EVEREST COLLEGE- FORT WORTH             ,TX,76137-2472,Proprietary  ,0,2,2,0,2,2
02305300,PARKER COLLEGE OF CHIROPRACTIC          ,TX,75229-0000,Private      ,10,130,140,38,1219,1257
02306700,FORT WORTH BEAUTY SCHOOL                ,TX,76116-3299,Proprietary  ,20,63,83,35,115,150
02312200,TEXAS SCHOOL OF BUSINESS                ,TX,77073-6032,Proprietary  ,89,207,296,180,449,629
02312201,TEXAS SCHOOL OF BUSINESS - SOUTHWEST CAM,TX,77057-0000,Proprietary  ,70,212,282,144,515,659
02312202,TEXAS SCHOOL OF BUSINESS - FRIENDSWOOD C,TX,77546-8938,Proprietary  ,22,116,138,46,257,303
02312203,TEXAS SCHOOL OF BUSINESS - EAST CAMPUS  ,TX,77029-1916,Proprietary  ,64,229,293,118,489,607
02313901,WESTWOOD COLLEGE - DALLAS               ,TX,75243-0000,Proprietary  ,114,249,363,304,538,842
02315400,NORTHEAST TEXAS COMMUNITY COLLEGE       ,TX,75456-0000,Public       ,241,372,613,805,980,1785
02318200,"KD STUDIO, ACTOR'S CONSERVATORY         ",TX,75207-2111,Proprietary  ,19,20,39,61,67,128
02320200,HOUSTON GRADUATE SCHOOL OF THEOLOGY     ,TX,77004-0000,Private      ,0,59,59,0,121,121
02326000,SAN ANTONIO BEAUTY COLLEGE NO 3         ,TX,78217-0000,Proprietary  ,12,50,62,24,79,103
02328600,ITT TECHNICAL INSTITUTE                 ,TX,76011-0000,Proprietary  ,154,322,476,367,664,1031
02331200,BAPTIST MISSIONARY ASSN THEOL SEM       ,TX,75766-0000,Private      ,0,19,19,5,31,36
02331300,INTERACTIVE LEARNING SYSTEMS            ,TX,77502-1201,Proprietary  ,2,94,96,10,159,169
02331301,INTERACTIVE LEARNING SYSTEMS            ,TX,77081-0000,Proprietary  ,18,102,120,29,248,277
02331303,INTERACTIVE LEARNING SYSTEMS            ,TX,77502-0000,Proprietary  ,10,111,121,15,170,185
02331304,INTERACTIVE LEARNING SYSTEMS            ,TX,77060-0000,Proprietary  ,7,67,74,10,118,128
02341300,PALO ALTO COLLEGE                       ,TX,78224-0000,Public       ,1002,1344,2346,3500,4154,7654
02348500,LAMAR STATE COLLEGE-PORT ARTHUR         ,TX,77640-0000,Public       ,216,358,574,684,1094,1778
02357700,ACADEMY OF HAIR DESIGN                  ,TX,77090-0000,Proprietary  ,20,26,46,20,26,46
02358200,LAMAR STATE COLLEGE-ORANGE              ,TX,77630-0000,Public       ,205,392,597,543,1253,1796
02361400,COLLIN COUNTY COMMUNITY COLLEGE         ,TX,75071-0000,Public       ,897,1236,2133,2975,3766,6741
02362000,UNIVERSAL TECHNICAL INSTITUTE           ,TX,77073-0000,Proprietary  ,601,319,920,5015,1841,6856
02362800,AUSTIN GRADUATE SCHOOL OF THEOLOGY      ,TX,78752-1333,Private      ,2,26,28,7,43,50
02521200,ARLINGTON CAREER INSTITUTE              ,TX,75050-0000,Proprietary  ,18,124,142,42,345,387
02521800,SEGUIN BEAUTY SCHOOL                    ,TX,78155-0000,Proprietary  ,17,30,47,27,49,76
02527500,HOUSTON TRAINING SCHOOLS                ,TX,77020-0000,Proprietary  ,66,302,368,95,486,581
02530700,SEBRING CAREER SCHOOLS                  ,TX,77083-1510,Proprietary  ,17,42,59,22,73,95
02539600,ART INSTITUTE OF DALLAS                 ,TX,75231-5993,Proprietary  ,406,365,771,1442,1103,2545
02548800,SOUTH TEXAS VO-TECH INSTITUTE           ,TX,78596-0000,Proprietary  ,88,212,300,238,595,833
02548802,SOUTH TEXAS VOCATIONAL TECHNICAL INSTITU,TX,78520-8710,Proprietary  ,0,3,3,0,3,3
02549400,SOUTH TEXAS VO-TECH INSTITUTE           ,TX,78501-0000,Proprietary  ,53,159,212,143,423,566
02555400,UNIV OF TX MD ANDERSON CANCER CTR       ,TX,77030-0000,Public       ,4,24,28,38,155,193
02557400,STAR COLLEGE OF COSMETOLOGY             ,TX,75961-0000,Proprietary  ,0,3,3,6,8,14
02568100,TEXAS BARBER COLLEGES & HAIRSTYLING     ,TX,75208-0000,Proprietary  ,67,207,274,180,655,835
02569300,TEXAS CULINARY ACADEMY                  ,TX,78758-3403,Proprietary  ,189,355,544,728,947,1675
02572000,COMPUTER CAREER CENTER                  ,TX,79925-2021,Proprietary  ,45,214,259,74,282,356
02572100,"CAREER ACADEMY, INC.                    ",TX,75501-0000,Proprietary  ,3,39,42,8,47,55
02572200,INSTITUTE OF COSMETOLOGY & ESTHETICS    ,TX,77036-0000,Proprietary  ,0,0,0,7,23,30
02580100,IVERSON BUSINESS SCH & COURT REPORT     ,TX,76011-1344,Proprietary  ,30,231,261,63,512,575
02591100,CAREER POINT INSTITUTE                  ,TX,78201-2027,Proprietary  ,163,851,1014,300,1705,2005
02591900,CAREER CENTERS OF TEXAS - EL PASO       ,TX,79907-1525,Proprietary  ,206,377,583,405,941,1346
02591905,CAREER CENTERS OF TEXAS-BROWNSVILLE     ,TX,78521-9905,Proprietary  ,97,195,292,193,508,701
02596400,REDSTONE COLLEGE - LOS ANGELES          ,TX,77061-0000,Proprietary  ,65,79,144,367,297,664
02596412,WESTWOOD COLLEGE OF AVIATION TECHNOLOGY ,TX,77061-5114,Proprietary  ,1,9,10,16,24,40
02596500,ATI CAREER TRAINING CENTER              ,TX,76180-1599,Proprietary  ,110,270,380,284,740,1024
02596600,ATI-CAREER TRAINING CENTER              ,TX,75220-4443,Proprietary  ,151,366,517,349,1219,1568
02596601,ATI CAREER TRAINING CENTER - RICHARDSON ,TX,75081-6745,Proprietary  ,0,5,5,0,5,5
02600200,OCEAN CORPORATION (THE)                 ,TX,77099-3479,Proprietary  ,61,206,267,116,491,607
02604700,CENTER FOR ADVANCED LEGAL STUDIES       ,TX,77098-4151,Proprietary  ,8,74,82,13,202,215
02606202,EVEREST COLLEGE - EVEREST INSTITUTE - BI,TX,77036-8014,Proprietary  ,0,1,1,0,1,1
02615000,SANFORD-BROWN INSTITUTE                 ,TX,75247-6931,Proprietary  ,132,429,561,279,1223,1502
03009400,SW SCH BUS & TECH CAREERS               ,TX,78212-2840,Proprietary  ,14,39,53,17,54,71
03010000,VANGUARD INSTITUTE OF TECHNOLOGY        ,TX,78539-0000,Proprietary  ,84,321,405,155,697,852
03010604,VIRGINIA COLLEGE - VIRGINIA COLLEGE AT A,TX,78723-0000,Proprietary  ,2,13,15,2,13,15
03011800,UNIVERSITY OF COSMETOLOGY ARTS & SCIENCE,TX,78226-1160,Proprietary  ,6,34,40,12,68,80
03019800,PCI HEALTH TRAINING CENTER              ,TX,75247-4720,Proprietary  ,106,242,348,203,523,726
03021500,SW SCH BUS & TECH CAREERS               ,TX,78852-4859,Proprietary  ,15,31,46,45,59,104
03023800,AIMS ACADEMY                            ,TX,75050-0000,Proprietary  ,0,13,13,2,23,25
03025000,TEXAS COLLEGE OF COSMETOLOGY            ,TX,79605-2001,Proprietary  ,26,59,85,64,142,206
03026500,REMINGTON COLLEGE - HOUSTON CAMPUS      ,TX,77082-1849,Proprietary  ,162,476,638,350,1074,1424
03026501,REMINGTON COLLEGE - NORTH HOUSTON CAMPUS,TX,77067-1849,Proprietary  ,6,23,29,31,76,107
03028800,CIRCLE J BEAUTY SCHOOL                  ,TX,77587-3714,Proprietary  ,13,110,123,15,124,139
03031408,INTERNATIONAL ACADEMY OF DESIGN AND TECH,TX,78229-2263,Proprietary  ,50,82,132,141,222,363
03032300,SCHOOL OF AUTOMOTIVE MACHINISTS         ,TX,77055-1803,Proprietary  ,19,30,49,58,89,147
03035200,TINT SCHOOL OF MAKEUP & COSMETOLOGY     ,TX,75229-3734,Proprietary  ,11,39,50,22,99,121
03035300,SOUTHERN CAREERS INSTITUTE              ,TX,78704-5252,Proprietary  ,131,342,473,307,835,1142
03035301,SOUTHERN CAREERS INSTITUTE              ,TX,78577-0000,Proprietary  ,69,165,234,200,436,636
03035302,SOUTHERN CAREERS INSTITUTE - CORPUS CHRI,TX,78414-2904,Proprietary  ,41,116,157,100,322,422
03035303,SOUTHERN CAREERS INSTITUTE - #1         ,TX,78221-4351,Proprietary  ,31,135,166,60,294,354
03035304,SOUTHERN CAREERS INSTITUTE-LAREDO       ,TX,78041-0000,Proprietary  ,22,38,60,36,72,108
03061800,STAR COLLEGE OF COSMETOLOGY             ,TX,75702-8214,Proprietary  ,32,64,96,59,126,185
03064600,UNIVERSITY OF TEXAS AT BROWNSVILLE      ,TX,78520-4993,Public       ,997,1588,2585,6143,6190,12333
03071400,ITT TECHNICAL INSTITUTE                 ,TX,78249-3303,Proprietary  ,136,230,366,297,514,811
03075400,ICC TECHNICAL INSTITUTE                 ,TX,77004-2930,Private      ,2,27,29,11,34,45
03079201,WESTWOOD COLLEGE OF TECHNOLOGY          ,TX,76180-0000,Proprietary  ,50,78,128,222,290,512
03091200,CAREERS UNLIMITED                       ,TX,75702-7110,Proprietary  ,15,34,49,25,61,86
03103400,SOUTH TEXAS COLLEGE                     ,TX,78501-6699,Public       ,2055,3025,5080,7926,8218,16144
03104700,TEXAS COLLEGE OF COSMETOLOGY            ,TX,76903-4708,Proprietary  ,23,53,76,55,135,190
03105900,CAREERS UNLIMITED                       ,TX,77055-4002,Proprietary  ,0,0,0,0,3,3
03108700,ROYAL BEAUTY CAREERS                    ,TX,77069-4611,Proprietary  ,37,114,151,58,230,288
03111000,MID-CITIES BARBER COLLEGE               ,TX,75051-4810,Proprietary  ,10,47,57,23,88,111
03115800,TEXAS CAREERS                           ,TX,78238-4203,Proprietary  ,79,438,517,162,1012,1174
03115802,TEXAS CAREERS - LAREDO                  ,TX,78041-6181,Proprietary  ,71,152,223,107,234,341
03115803,TEXAS CAREERS - BEAUMONT                ,TX,77701-3706,Proprietary  ,35,151,186,98,381,479
03115804,TEXAS CAREERS - LUBBOCK                 ,TX,79401-2601,Proprietary  ,66,214,280,115,538,653
03128100,ACADEMY OF HEALTH CARE PROFESSIONS      ,TX,77092-8108,Proprietary  ,120,397,517,218,780,998
03144300,NATIONAL BEAUTY COLLEGE                 ,TX,75043-4046,Proprietary  ,5,18,23,5,33,38
03153300,AMER COLL OF ACUPUNCTURE & O.M.         ,TX,77063-4104,Proprietary  ,0,28,28,0,66,66
03156400,ACADEMY OF ORIENTAL MEDICINE AT AUSTIN  ,TX,78757-1132,Proprietary  ,1,58,59,7,195,202
03159300,ARLINGTON MEDICAL INSTITUTE             ,TX,76011-2645,Proprietary  ,13,33,46,31,83,114
03170300,TEXAS A&M UNIVERSITY-TEXARKANA          ,TX,75501-0000,Public       ,65,246,311,282,990,1272
03179500,TEXAS COLG TRADITIONAL CHINESE MED      ,TX,78704-6748,Proprietary  ,0,21,21,1,90,91
03189400,COLLEGE OF SAINT THOMAS MORE            ,TX,76109-2323,Private      ,6,5,11,15,14,29
03237400,FARIS COMPUTER SCHOOL                   ,TX,77627-3829,Proprietary  ,1,12,13,3,26,29
03272300,SOUTHEASTERN CAREER INSTITUTE           ,TX,75234-7288,Proprietary  ,22,98,120,53,260,313
03272301,SOUTHEASTERN CAREER INSTITUTE - MIDLAND ,TX,79703-5531,Proprietary  ,38,145,183,83,293,376
03275300,TOUCH OF CLASS SCHOOL OF COSM           ,TX,75402-6314,Proprietary  ,16,45,61,35,86,121
03276300,ACADEMY OF HAIR DESIGN                  ,TX,75901-4900,Proprietary  ,17,58,75,28,99,127
03277300,ACADEMY OF HAIR DESIGN                  ,TX,77701-4650,Proprietary  ,12,37,49,18,66,84
03303300,NORTHWEST EDUCATIONAL CENTER            ,TX,77092-7055,Proprietary  ,21,135,156,29,250,279
03371300,TONI&GUY HAIRDRESSING ACADEMY           ,TX,75006-2351,Proprietary  ,47,38,85,82,72,154
03372300,NORTHWEST VISTA COLLEGE                 ,TX,78251-4217,Public       ,1157,1300,2457,3842,4004,7846
03396500,TEXAS STATE TECHNICAL COLG/MARSHALL     ,TX,75672-7402,Public       ,79,123,202,300,287,587
03400300,CAREER QUEST                            ,TX,78229-3539,Proprietary  ,18,99,117,27,169,196
03412300,ADVANCED BARBER COLLEGE & HAIR DESI     ,TX,78596-0000,Proprietary  ,9,37,46,23,66,89
03416500,DALLAS NURSING INSTITUTE                ,TX,75243-5502,Proprietary  ,33,201,234,94,549,643
03422300,MILAN INSTITUTE                         ,TX,78238-3327,Proprietary  ,122,172,294,247,429,676
03422400,COLLEGE OF BIBLICAL STUDIES-HOUSTON     ,TX,77036-3211,Private      ,18,146,164,51,507,558
03424400,MEDVANCE INSTITUTE                      ,TX,77057-7386,Proprietary  ,45,158,203,97,490,587
03426300,CAREER ADVANCEMENT CENTER               ,TX,78752-1470,Proprietary  ,20,75,95,45,184,229
03486300,SYLVIA'S INTERNATIONAL SCHOOL OF BE     ,TX,77091-3203,Proprietary  ,7,26,33,8,33,41
03509400,CORYELL COSMETOLOGY COLLEGE             ,TX,76528-2036,Proprietary  ,4,5,9,6,12,18
03520300,LUBBOCK HAIR ACADEMY                    ,TX,79410-3524,Proprietary  ,7,26,33,11,53,64
03541300,BEHOLD! BEAUTY ACADEMY                  ,TX,77016-3725,Proprietary  ,1,14,15,6,32,38
03542300,CONCORDE CAREER INSTITUTE               ,TX,76011-4016,Proprietary  ,67,337,404,158,992,1150
03551400,STATE BEAUTY ACADEMY                    ,TX,75116-3501,Proprietary  ,11,11,22,21,26,47
03556400,KUSSAD INSTITUTE OF COURT REPORTING     ,TX,78704-5712,Proprietary  ,1,10,11,6,30,36
03563300,ACADEMY OF COSEMTOLOGY                  ,TX,78745-2858,Proprietary  ,8,38,46,18,62,80
03573300,AVIATION INSTITUTE OF MAINTENANCE       ,TX,75209-3017,Proprietary  ,39,125,164,121,387,508
03610300,MJ'S BEAUTY ACADEMY INC                 ,TX,75224-4409,Proprietary  ,8,21,29,18,35,53
03612400,VALLEY GRANDE INSTITUTE FOR ACADEMI     ,TX,78596-0000,Private      ,19,133,152,76,362,438
03627300,LAMAR INSTITUTE OF TECHNOLOGY           ,TX,77705-4142,Public       ,341,434,775,981,1507,2488
03676400,HEALTHY HAIR ACADEMY                    ,TX,75227-0000,Proprietary  ,8,25,33,14,56,70
03680300,JAY'S TECHNICAL INSTITUTE               ,TX,77031-3509,Proprietary  ,18,80,98,23,94,117
03682400,DALLAS BARBER & STYLIST COLLEGE         ,TX,75231-0000,Proprietary  ,21,88,109,36,149,185
03714300,TREND BARBER COLLEGE                    ,TX,77071-2104,Proprietary  ,20,73,93,36,103,139
03723300,CULINARY INST ALAIN & MARIE LENOTRE     ,TX,77022-4322,Proprietary  ,19,53,72,59,131,190
03727600,CULINARY ACADEMY OF AUSTIN              ,TX,78752-0000,Proprietary  ,11,18,29,48,59,107
03733300,BAPTIST UNIVERSITY OF THE AMERICAS      ,TX,78224-1336,Private      ,15,47,62,42,127,169
03756300,ANAMARC EDUCATIONAL INSTITUTE           ,TX,79930-6230,Proprietary  ,49,289,338,86,438,524
03885400,COMPUTER LABS                           ,TX,79906-5924,Proprietary  ,0,2,2,2,7,9
03885700,HOUSTON'S TRAINING AND EDUCATION CENTER ,TX,77036-2021,Proprietary  ,9,51,60,12,101,113
03922300,SOUTH TEXAS BARBER COLLEGE              ,TX,78415-3463,Proprietary  ,4,20,24,10,39,49
03926300,AMESED                                  ,TX,75081-0000,Proprietary  ,7,28,35,9,34,43
03944400,PROFESSIONAL CAREERS INSTITUTE          ,TX,77036-2252,Proprietary  ,5,28,33,10,74,84
03984300,ALLIED CAREER CENTER                    ,TX,75007-0000,Proprietary  ,2,6,8,3,28,31
03987300,TEXAS HEALTH SCHOOL                     ,TX,77079-2106,Proprietary  ,13,42,55,35,108,143
04036300,SOUTHEAST TEXAS CAREER INSTITUTE        ,TX,77656-8601,Proprietary  ,11,18,29,14,44,58
04045300,NORTHWEST BEAUTY SCHOOL                 ,TX,77091-1208,Proprietary  ,14,42,56,20,62,82
04045400,MAI-TRIX BEAUTY COLLEGE                 ,TX,77040-0000,Proprietary  ,9,37,46,20,79,99
04089400,CCI TRAINING CENTER                     ,TX,76011-4857,Proprietary  ,7,110,117,19,190,209
04117900,CHAMPION BEAUTY COLLEGE                 ,TX,77069-4611,Proprietary  ,9,31,40,19,62,81
00367000,BRIGHAM YOUNG UNIVERSITY                ,UT,84602-8406,Private      ,1722,3791,5513,7893,9884,17777
00367100,DIXIE STATE COLLEGE OF UTAH             ,UT,84770-3876,Public       ,556,715,1271,1593,1643,3236
00367200,LDS BUSINESS COLLEGE                    ,UT,84101-3500,Private      ,133,152,285,373,354,727
00367400,STEVENS HENAGER COLLEGE                 ,UT,84401-1420,Proprietary  ,122,616,738,351,1674,2025
00367500,UNIVERSITY OF UTAH                      ,UT,84112-9055,Public       ,1145,2408,3553,6489,11343,17832
00367600,COLLEGE OF EASTERN UTAH                 ,UT,84501-2699,Public       ,150,220,370,509,490,999
00367700,UTAH STATE UNIVERSITY                   ,UT,84322-1400,Public       ,1160,2080,3240,4869,6848,11717
00367800,SOUTHERN UTAH UNIVERSITY                ,UT,84720-2470,Public       ,665,769,1434,2533,2160,4693
00367900,SNOW COLLEGE                            ,UT,84627-1299,Public       ,319,183,502,1274,448,1722
00368000,WEBER STATE UNIVERSITY                  ,UT,84408-1136,Public       ,858,1880,2738,3177,7105,10282
00368100,WESTMINSTER COLLEGE                     ,UT,84105-3697,Private      ,86,192,278,1443,1191,2634
00402700,UTAH VALLEY UNIVERSITY                  ,UT,84058-5999,Public       ,1577,3172,4749,4388,8883,13271
00522000,SALT LAKE COMMUNITY COLLEGE             ,UT,84123-0000,Public       ,1430,2971,4401,3555,7782,11337
00943300,SHERMAN KENDALL'S ACADEMY OF BEAUTY     ,UT,84106-1836,Proprietary  ,6,19,25,11,39,50
01009800,NEUMONT UNIVERSITY                      ,UT,84095-0000,Proprietary  ,37,63,100,347,229,576
01116500,UINTAH BASIN APPLIED TECHNOLOGY CLG     ,UT,84066-0000,Public       ,2,15,17,6,35,41
01116600,UTAH CAREER COLLEGE                     ,UT,84088-4021,Proprietary  ,93,215,308,244,760,1004
02078800,SHERMAN KENDALL'S ACADEMY OF BEAUTY     ,UT,84047-0000,Proprietary  ,6,7,13,10,16,26
02115400,BRIDGERLAND APPLIED TECHNOLOGY COLLEGE  ,UT,84321-0000,Public       ,34,91,125,97,309,406
02156600,DAVIS APPLIED TECHNOLOGY COLLEGE        ,UT,84037-0000,Public       ,40,153,193,92,469,561
02178500,EAGLE GATE COLLEGE                      ,UT,84123-0000,Proprietary  ,109,299,408,196,807,1003
02270800,AMERITECH COLLEGE                       ,UT,84604-6927,Proprietary  ,30,93,123,64,338,402
02298500,EVEREST COLLEGE                         ,UT,84119-2668,Proprietary  ,94,387,481,153,761,914
02346500,OGDEN-WEBER APPLIED TECHNOLOGY COLG     ,UT,84404-0000,Public       ,43,208,251,99,544,643
02360800,PROVO COLLEGE                           ,UT,84601-0000,Proprietary  ,56,170,226,128,435,563
02361000,ITT TECHNICAL INSTITUTE                 ,UT,84123-0000,Proprietary  ,79,184,263,171,624,795
02504000,MARINELLO SCHOOL OF BEAUTY              ,UT,84041-0000,Proprietary  ,24,35,59,38,65,103
02516100,MARINELLO SCHOOL OF BEAUTY              ,UT,84405-1501,Proprietary  ,15,39,54,20,49,69
02531800,VON CURTIS ACADEMY OF HAIR DESIGN       ,UT,84606-0000,Proprietary  ,204,193,397,425,373,798
02556800,HAIRITAGE COLLEGE OF BEAUTY             ,UT,84117-7204,Proprietary  ,47,35,82,64,61,125
02557700,PREMIER HAIR ACADEMY                    ,UT,84120-3603,Proprietary  ,3,9,12,3,21,24
02572700,EVANS HAIRSTYLING COLLEGE               ,UT,84770-0000,Proprietary  ,7,11,18,16,19,35
02572800,VISTA COLLEGE                           ,UT,84015-0000,Proprietary  ,9,37,46,20,79,99
02572801,CERTIFIED CAREERS INSTITUTE             ,UT,84015-0000,Proprietary  ,11,50,61,21,94,115
02573100,EVANS HAIRSTYLING COLLEGE               ,UT,84720-0000,Proprietary  ,4,6,10,24,15,39
02612200,MARINELLO SCHOOL OF BEAUTY              ,UT,84604-1585,Proprietary  ,22,25,47,66,62,128
03030600,UTAH COLLEGE OF MASSAGE THERAPY         ,UT,84111-1606,Proprietary  ,117,129,246,288,365,653
03030601,UTAH CLG OF MASSAGE THER-PROVO CMPS     ,UT,84042-0000,Proprietary  ,40,57,97,78,150,228
03082100,MYOTHERAPY COLLEGE OF UTAH              ,UT,84115-2522,Proprietary  ,3,29,32,8,49,57
03108200,ECHELON EDGE ACADEMY OF HAIR SKIN & NAIL,UT,84070-2004,Proprietary  ,1,6,7,4,18,22
03110400,HAIRITAGE HAIR ACADEMY                  ,UT,84770-5233,Proprietary  ,9,13,22,16,22,38
03339400,WESTERN GOVERNORS UNIVERSITY            ,UT,84107-2533,Private      ,78,3291,3369,193,7994,8187
03413300,MOUNTAINLAND APPLIED TECHNOLOGY COLLEGE ,UT,84058-5857,Public       ,17,18,35,35,61,96
03463300,CAREERS UNLIMITED                       ,UT,84058-0000,Proprietary  ,15,48,63,24,56,80
03617300,HEALING MOUNTAIN MASSAGE SCHOOL         ,UT,84111-3232,Proprietary  ,7,16,23,15,30,45
03829500,SKINWORKS SCHOOL OF ADVANCED SKINCARE   ,UT,84115-0000,Proprietary  ,7,26,33,11,46,57
03838300,OGDEN INSTITUTE OF MASSAGE THERAPY      ,UT,84403-0000,Proprietary  ,7,28,35,15,50,65
03902300,RENAISSANCE SCHOOL OF THERAPEUTIC MASSAG,UT,84010-2835,Proprietary  ,2,9,11,3,12,15
03909300,MAXIMUM STYLE TEC SCHOOL OF COSMETOLOGY ,UT,84323-4679,Proprietary  ,8,14,22,16,26,42
03921300,CAMEO COLLEGE OF ESSENTIAL BEAUTY       ,UT,84115-0000,Proprietary  ,23,44,67,59,121,180
04054300,SOUTHWEST APPLIED TECHNOLOGY COLLEGE    ,UT,84720-6608,Public       ,3,13,16,8,22,30
04118100,IMAGEWORKS ACADEMY OF HAIR DESIGN       ,UT,84660-1210,Proprietary  ,5,6,11,9,8,17
00368200,BENNINGTON COLLEGE                      ,VT,05201-6001,Private      ,21,36,57,816,238,1054
00368300,CASTLETON STATE COLLEGE                 ,VT,05735-0000,Public       ,186,58,244,2301,322,2623
00368400,CHAMPLAIN COLLEGE                       ,VT,05401-3950,Private      ,112,136,248,2765,615,3380
00368402,WOODBURY COLLEGE                        ,VT,05602-0000,Private      ,1,33,34,7,123,130
00368500,COLLEGE OF ST JOSEPH                    ,VT,05701-3899,Private      ,28,60,88,170,186,356
00368600,GODDARD COLLEGE                         ,VT,05667-0000,Private      ,15,161,176,64,727,791
00368700,GREEN MOUNTAIN COLLEGE                  ,VT,05764-1199,Private      ,53,33,86,1024,113,1137
00368800,JOHNSON STATE COLLEGE                   ,VT,05656-9898,Public       ,107,142,249,1329,804,2133
00368900,LYNDON STATE COLLEGE                    ,VT,05851-0919,Public       ,105,45,150,1431,312,1743
00369000,MARLBORO COLLEGE                        ,VT,05344-0300,Private      ,15,15,30,407,61,468
00369100,MIDDLEBURY COLLEGE                      ,VT,05753-0000,Private      ,49,12,61,2996,569,3565
00369200,NORWICH UNIVERSITY                      ,VT,05663-1035,Private      ,122,447,569,2395,1592,3987
00369300,SOUTHERN VERMONT COLLEGE                ,VT,05201-6002,Private      ,43,29,72,413,126,539
00369400,ST MICHAELS COLLEGE                     ,VT,05439-0001,Private      ,73,55,128,3034,202,3236
00369600,UNIVERSITY OF VERMONT                   ,VT,05405-0160,Public       ,361,225,586,12217,2266,14483
00369800,VERMONT TECHNICAL COLLEGE               ,VT,05061-0000,Public       ,123,97,220,971,562,1533
00857500,SALON PROFESSIONAL ACADEMY (THE)        ,VT,05495-4001,Proprietary  ,10,13,23,58,64,122
00865800,O'BRIENS AVEDA INSTITUTE                ,VT,05403-7747,Proprietary  ,6,10,16,14,24,38
00886000,SIT                                     ,VT,05301-4801,Private      ,0,66,66,13,483,496
01116700,COMMUNITY COLLEGE OF VERMONT            ,VT,05676-1552,Public       ,455,911,1366,1228,2789,4017
01193400,VERMONT LAW SCHOOL                      ,VT,05068-0000,Private      ,0,29,29,1,926,927
01218300,BURLINGTON COLLEGE                      ,VT,05401-8477,Private      ,15,24,39,115,101,216
02143500,STERLING COLLEGE                        ,VT,05827-0000,Private      ,13,2,15,123,24,147
02254000,NEW ENGLAND CULINARY INSTITUTE          ,VT,05602-0000,Proprietary  ,58,39,97,531,252,783
02532600,LANDMARK COLLEGE                        ,VT,05346-0000,Private      ,45,7,52,314,49,363
03708300,BURLINGTON TECHNICAL CENTER             ,VT,05401-2721,Public       ,1,0,1,6,6,12
00392800,CASPER COLLEGE                          ,WY,82601-4612,Public       ,253,330,583,975,942,1917
00392900,EASTERN WYOMING COLLEGE                 ,WY,82240-1603,Public       ,68,105,173,286,211,497
00393000,SHERIDAN COLLEGE                        ,WY,82801-9133,Public       ,137,197,334,549,540,1089
00393100,NORTHWEST COLLEGE                       ,WY,82435-1895,Public       ,156,172,328,740,461,1201
00393200,UNIVERSITY OF WYOMING                   ,WY,82071-3663,Public       ,784,776,1560,5413,3522,8935
00393300,WESTERN WYOMING COMMUNITY COLLEGE       ,WY,82902-0000,Public       ,150,166,316,590,522,1112
00728900,CENTRAL WYOMING COLLEGE                 ,WY,82501-0000,Public       ,77,163,240,331,501,832
00915700,WYOMING TECHNICAL INSTITUTE             ,WY,82072-9519,Proprietary  ,833,411,1244,4083,1471,5554
00925900,LARAMIE COUNTY COMMUNITY CLG            ,WY,82007-3299,Public       ,215,318,533,834,1153,1987
02211900,CHEEKS INTERNATIONAL ACDMY              ,WY,82001-0000,Proprietary  ,16,60,76,44,130,174
03291300,BUSINESS SKILLS INSTITUTE A DEPARTMENT O,WY,82930-0000,Public       ,0,5,5,4,10,14
00393500,UNIV OF GUAM                            ,GU,96923-0000,Public       ,528,370,898,1436,1086,2522
01536100,GUAM COMMUNITY COLLEGE                  ,GU,96921-0000,Public       ,322,356,678,656,914,1570
03438300,PACIFIC ISLANDS BIBLE COLLEGE           ,GU,96913-2619,Private      ,71,50,121,108,65,173
00393600,PONTIFICAL CATHOLIC UNIV OF PR          ,PR,00717-0777,Private      ,1038,2057,3095,5072,4358,9430
00393700,UNIVERSITY OF THE SACRED HEART          ,PR,00914-0383,Private      ,624,685,1309,2939,1717,4656
00393800,INTER-AMER UNIV PR-CNTRL ADMN           ,PR,00936-0000,Private      ,746,1601,2347,2475,4237,6712
00393801,INTER-AMER UNIV PR SCHL LAW             ,PR,00936-8351,Private      ,0,115,115,8,307,315
00393802,INTER AMERICAN UNIVERSITY OF PUERTO RICO,PR,00926-0000,Private      ,199,497,696,1006,1661,2667
00393803,INTER AMERICAN UNIVERSITY OF PR         ,PR,00683-0000,Private      ,875,720,1595,3610,1979,5589
00393804,INTER-AMER UNIV PR-RECINTO AGUADILA     ,PR,00605-2000,Private      ,915,921,1836,2452,1991,4443
00393805,INTER-AMER UNIV PR-ARECIBO CAMPUS       ,PR,00614-4050,Private      ,553,751,1304,2684,2052,4736
00393806,INTER-AMER UNIV PR-BARRANQUITAS REG     ,PR,00794-0517,Private      ,191,290,481,1431,979,2410
00393807,INTER-AMER UNIV PR-FAJARDO REGIONAL     ,PR,00738-0000,Private      ,300,370,670,1208,1097,2305
00393808,INTER-AMER UNIV PR - GUAYAMA CAMPUS     ,PR,00785-4004,Private      ,266,452,718,1088,1242,2330
00393809,INTER-AMER UNIV PR-PONCE REGIONAL       ,PR,00715-0000,Private      ,591,918,1509,3159,2791,5950
00393810,INTER-AMER UNIV PR - SCH OF OPTOMETRY   ,PR,00918-0000,Private      ,0,6,6,5,62,67
00393811,INTER-AMER UNIV PR-BAYAMON REG CLG      ,PR,00959-0000,Private      ,1187,703,1890,3898,1652,5550
00394100,COLEGIO UNIVERSITARIO DEL ESTE          ,PR,00983-0000,Private      ,1951,3533,5484,4782,6789,11571
00394200,UNIVERSITY OF PR-CENTRAL ADMINISTRATION ,PR,00936-4984,Public       ,48,80,128,591,326,917
00394201,UNIVERSITY OF PR-RIO PIEDRAS CAMPUS     ,PR,00931-3300,Public       ,856,447,1303,8146,2317,10463
00394202,UNIV OF PUERTO RICO-MAYAGUEZ CAMPUS     ,PR,00681-5000,Public       ,824,261,1085,8139,1437,9576
00394203,"UNIVERSITY OF PR, MED. SCIENCES CAMPUS  ",PR,00936-5067,Public       ,36,203,239,375,1190,1565
00394204,"UNIVERSITY OF PUERTO RICO, CAYEY CAMPUS ",PR,00736-0000,Public       ,222,66,288,2797,531,3328
00394205,"UNIVERSITY OF PR, HUMACAO CAMPUS        ",PR,00791-4057,Public       ,381,134,515,3249,546,3795
00394206,UNIVERSITY OF PR-AGUADILLA CAMPUS       ,PR,00604-6150,Public       ,361,107,468,2492,416,2908
00394207,UNIVERSITY OF PUERTO RICO-ARECIBO CAMPUS,PR,00614-0000,Public       ,290,91,381,3444,495,3939
00394208,UNIVERSITY OF PUERTO RICO-BAYAMON CAMPUS,PR,00959-0000,Public       ,264,126,390,3466,540,4006
00394209,UNIVERSITY OF PUERTO RICO-CAROLINA      ,PR,00984-4800,Public       ,462,120,582,2813,456,3269
00394210,UNIVERSITY OF PUERTO RICO-PONCE         ,PR,00732-0000,Public       ,149,39,188,2835,399,3234
00394211,"UNIVERSITY OF PR, UTUADO CAMPUS         ",PR,00641-0000,Public       ,263,61,324,1349,243,1592
00501900,UNIV ADVENTISTA DE LAS ANTILLAS         ,PR,00681-0118,Private      ,182,145,327,525,314,839
00502200,BAYAMON CENTRAL UNIVERSITY              ,PR,00960-0000,Private      ,244,436,680,943,1184,2127
00890200,COLUMBIA CENTRO UNIVERSITARIO           ,PR,00726-0000,Proprietary  ,270,474,744,493,931,1424
01056700,COLEGIO TECNOLOGICO DE SAN JUAN         ,PR,00918-2973,Public       ,182,268,450,340,456,796
01072400,CARLOS ALBIZU UNIVERSITY                ,PR,00902-3711,Private      ,16,112,128,85,673,758
01081900,CONSERVATORIO DE MUSICA DE PUERTO RICO  ,PR,00907-3373,Public       ,51,17,68,235,55,290
01120300,RYDER MEMORIAL HOSP SCH OF NURSING      ,PR,00792-0000,Private      ,4,3,7,4,3,7
01171900,UNIVERSIDAD DEL TURABO                  ,PR,00778-0000,Private      ,2055,3973,6028,6430,8966,15396
01194000,ICPR JUNIOR COLLEGE                     ,PR,00919-0000,Proprietary  ,430,603,1033,607,777,1384
01194100,AMERICAN UNIVERSITY OF PUERTO RICO      ,PR,00960-2037,Private      ,244,253,497,779,679,1458
01194101,AMERICAN UNIVERSITY OF PUERTO RICO      ,PR,00674-0000,Private      ,257,303,560,747,677,1424
01252500,CARIBBEAN UNIVERSITY                    ,PR,00960-0493,Private      ,867,1586,2453,1865,2765,4630
01314800,RAMIREZ COLLEGE OF BUS & TECH           ,PR,00918-0000,Proprietary  ,75,177,252,195,427,622
02063100,MBTI BUSINESS TRNG INSTITUTE            ,PR,00907-3917,Proprietary  ,108,208,316,253,465,718
02100000,POLYTECHNIC UNIVERSITY OF PR            ,PR,00917-0000,Private      ,548,686,1234,2726,1870,4596
02163300,UNIVERSIDAD CENTRAL DEL CARIBE          ,PR,00960-0000,Private      ,41,95,136,102,351,453
02165100,EDP COLLEGE OF PUERTO RICO              ,PR,00919-0000,Private      ,319,713,1032,620,1171,1791
02166400,INSTITUTO DE BANCA Y COMERCIO           ,PR,00925-0000,Proprietary  ,2916,3443,6359,6811,7947,14758
02170300,INST EDUC TECNIA OCUP LA REINA          ,PR,00674-0000,Proprietary  ,207,246,453,246,275,521
02170301,INST EDUC TECNICA OCUPLA LA REINA       ,PR,00603-0000,Proprietary  ,0,0,0,4,1,5
02189100,CENTRO DE ESTUDIOS MULTIDISCIPLIN       ,PR,00926-0000,Private      ,510,639,1149,765,1109,1874
02189300,EMMA'S BEAUTY ACADEMY                   ,PR,00680-0000,Proprietary  ,101,101,202,222,206,428
02195400,MODERN HAIRSTYLING INSTITUTE            ,PR,00960-0000,Proprietary  ,292,231,523,417,325,742
02195500,MODERN HAIRSTYLING INSTITUTE            ,PR,00612-0000,Proprietary  ,0,0,0,1,1,2
02195800,LICEO E ARTE Y TECNOLGIA                ,PR,00919-0000,Private      ,190,147,337,696,496,1192
02195900,MODERN HAIRSTYLING INSTITUTE            ,PR,00980-0000,Proprietary  ,3,2,5,5,3,8
02234900,ANTILLES SCHOOL OF TECH CAREERS         ,PR,00909-0000,Proprietary  ,65,101,166,92,147,239
02241901,COMMONWEALTH OF PR DEPT OF EDUC - CARLOS,PR,00986-0000,Public       ,13,30,43,17,42,59
02241902,COMMONWEALTH OF PR DEPT OF EDUC - TOMAS ,PR,00613-0000,Public       ,7,8,15,11,15,26
02241904,COMMONWEALTH OF PR DEPT OF EDUC - ITPR R,PR,00655-0000,Public       ,98,39,137,425,177,602
02241905,COMMONWEALTH OF PR DEPT OF EDUC - JOSE A,PR,00674-0000,Public       ,67,24,91,793,199,992
02241907,COMMONWEALTH OF PR DEPT OF EDUC - ITPR R,PR,00928-0000,Public       ,139,81,220,412,169,581
02241908,COMMONWEALTH OF PR DEPT OF EDUC - ITPR R,PR,00732-0000,Public       ,91,62,153,556,261,817
02241909,COMMONWEALTH OF PR DEPT OF EDUC - TROQUE,PR,00959-0000,Public       ,7,0,7,31,3,34
02260600,NATIONAL COLLEGE OF BUSINESS & TECH     ,PR,00960-2036,Proprietary  ,843,1051,1894,2877,3270,6147
02260601,NATIONAL COLLEGE OF BUSINESS & TECHNOLOG,PR,00612-0000,Proprietary  ,2,4,6,49,16,65
02260602,NATIONAL COLLEGE OF BUSINESS & TECHNOLOG,PR,00745-9903,Proprietary  ,1,4,5,12,9,21
02260800,HUERTAS JUNIOR COLLEGE                  ,PR,00726-0000,Proprietary  ,392,559,951,817,878,1695
02297700,AUTOMECA TECHNICAL COLLEGE              ,PR,00957-0000,Proprietary  ,450,332,782,965,573,1538
02303800,AMERICAN EDUCATIONAL COLLEGE            ,PR,00961-0000,Proprietary  ,246,356,602,451,510,961
02335500,COLEGIO BIBLICO PENTECOSTAL DE PR       ,PR,00978-0000,Private      ,12,69,81,16,103,119
02340600,HUMACAO COMMUNITY COLLEGE               ,PR,00792-0000,Private      ,158,163,321,165,168,333
02343600,INSTITUTE OF BEAUTY CAREERS             ,PR,00613-0000,Proprietary  ,142,175,317,345,424,769
02482400,PONCE SCHOOL OF MEDICINE                ,PR,00716-2347,Private      ,0,72,72,7,564,571
02502400,SERBIA'S SCHOOL OF BEAUTY CULTURE       ,PR,00785-0000,Proprietary  ,79,106,185,173,253,426
02504500,INSTITUCION CHAVIANO DE MAYAGUEZ        ,PR,00708-0000,Proprietary  ,11,77,88,12,78,90
02505400,ATLANTIC COLLEGE                        ,PR,00970-0000,Private      ,366,178,544,746,340,1086
02534900,PONCE PARAMEDICAL COLLEGE (POPAC)       ,PR,00731-0000,Proprietary  ,934,766,1700,1750,1392,3142
02549700,ACADEMIA MAISON D'ESTHETIQUE            ,PR,00907-0000,Proprietary  ,47,82,129,116,212,328
02552300,COLEGIO MAYOR DE TECHNOLOGIA            ,PR,00714-0000,Proprietary  ,125,126,251,243,288,531
02562500,INTERNATIONAL TECHNICAL COLLEGE         ,PR,00918-0000,Proprietary  ,28,29,57,72,77,149
02563500,ROGIES SCHOOL OF BEAUTY CULTURE         ,PR,00910-0000,Proprietary  ,67,90,157,91,108,199
02566800,PUERTO RICO TECH JUNIOR COLLEGE         ,PR,00917-0000,Proprietary  ,31,24,55,49,36,85
02569400,ESCUELA DE ARTES PLASTICAS              ,PR,00902-1112,Public       ,34,38,72,307,125,432
02570400,EDUCATIONAL TECHNICAL COLLEGE           ,PR,00925-3404,Proprietary  ,167,289,456,310,605,915
02576100,ESCUELA TECNICA DE ELECTRICIDAD         ,PR,00731-0000,Proprietary  ,127,148,275,312,344,656
02587500,UNIVERSIDAD METROPOLITANA               ,PR,00928-0000,Private      ,1682,3550,5232,4415,6929,11344
02588600,SEMINARIO EVANGELICO DE PUERTO RICO     ,PR,00925-0000,Private      ,1,5,6,1,21,22
02593700,HISPANIC AMERICAN COLLEGE               ,PR,00725-0000,Proprietary  ,63,82,145,125,130,255
02611100,INSTITUTO MERLIX                        ,PR,00961-0000,Proprietary  ,56,126,182,72,166,238
03021900,EDIC COLLEGE                            ,PR,00726-0000,Proprietary  ,222,332,554,509,657,1166
03025500,MECH TECH COLLEGE                       ,PR,00725-6118,Proprietary  ,879,416,1295,2274,868,3142
03025900,"LICEO DE ARTE, DISENOS Y COMERCIO       ",PR,00726-0000,Proprietary  ,134,185,319,297,381,678
03029700,"UNIVERSAL TECHNOLOGY CLG OF PR, INC     ",PR,00605-1955,Private      ,255,449,704,649,1329,1978
03061900,COLEGIO TECHNOLOGICO Y COMERCIAL        ,PR,00602-0000,Proprietary  ,17,31,48,27,56,83
03068400,STAR BEAUTY ACADEMY                     ,PR,00961-6312,Proprietary  ,38,54,92,40,54,94
03070500,D'MART INSTITUTE                        ,PR,00794-3517,Proprietary  ,428,433,861,881,1044,1925
03075600,EMMA'S BEAUTY ACADEMY                   ,PR,00795-0000,Proprietary  ,97,107,204,257,228,485
03076000,PUERTO RICO BARBER COLLEGE              ,PR,00738-4632,Proprietary  ,12,36,48,27,70,97
03085700,PROFESSIONAL TECHNICAL INSTITUTION      ,PR,00960-7061,Proprietary  ,135,105,240,230,169,399
03104400,PROFESSIONAL ELECTRIC SCHOOL            ,PR,00674-1797,Proprietary  ,40,31,71,72,65,137
03106900,ESCUELA DE PERITOS ELECTRICITAS         ,PR,00662-0457,Proprietary  ,20,25,45,28,45,73
03112100,JOHN DEWEY COLLEGE                      ,PR,00915-9538,Private      ,1048,2336,3384,1443,3003,4446
03112101,JOHN DEWEY COLLEGE                      ,PR,00986-0000,Private      ,279,397,676,371,518,889
03112102,JOHN DEWEY COLLEGE-BAYAMON CAMPUS       ,PR,00959-0000,Private      ,209,399,608,246,448,694
03112104,JOHN DEWEY COLLEGE - YABUCOA LRNING SITE,PR,00767-0767,Private      ,56,115,171,74,150,224
03112105,JOHN DEWEY COLLEGE - FAJARDO BRANCH     ,PR,00738-0738,Private      ,67,78,145,173,215,388
03112106,JOHN DEWEY COLLEGE - ARROYO BRANCH      ,PR,00714-0714,Private      ,47,89,136,90,221,311
03112107,JOHN DEWEY COLLEGE - JUANA DIAZ BRANCH  ,PR,00795-0000,Private      ,83,136,219,243,352,595
03115900,TRINITY COLLEGE OF PUERTO RICO          ,PR,00734-0000,Private      ,62,130,192,66,134,200
03122500,ACADEMIA SERRANT INC.                   ,PR,00717-1568,Proprietary  ,43,96,139,96,190,286
03123100,GLOBELLE TECHNICAL INSTITUTE            ,PR,00693-4218,Proprietary  ,17,29,46,36,85,121
03124200,NOVA COLLEGE DE PUERTO RICO             ,PR,00960-4016,Proprietary  ,34,93,127,63,163,226
03142300,ACADEMIA VOCATIONAL DEL TURABO          ,PR,00725-3657,Proprietary  ,11,54,65,24,59,83
03157600,"COLEGIO DE CINEMATOGRAFIA, ARTES Y TELEV",PR,00961-6345,Proprietary  ,191,78,269,242,98,340
03177300,SAN JUAN BAUTISTA SCH OF MEDICINE       ,PR,00726-0000,Private      ,0,38,38,0,243,243
03326300,UNIVERSAL CAREER COMMUNITY COLLEGE      ,PR,00907-0000,Proprietary  ,157,199,356,314,383,697
03336300,CENTURY COLLEGE                         ,PR,00603-4802,Proprietary  ,36,57,93,79,113,192
03414300,MONTECLARO                              ,PR,00745-9612,Private      ,8,0,8,8,0,8
03452300,INSTITUTO PRE-VOCACIONAL E INDUSTRI     ,PR,00613-1800,Private      ,49,100,149,51,107,158
03461400,POLITEC INSTITUTE                       ,PR,00732-0000,Proprietary  ,1,1,2,9,2,11
03469300,IVAEM COLLEGE                           ,PR,00725-0000,Proprietary  ,30,17,47,116,42,158
03531300,COLEGIO PENTECOSTAL MIZPA               ,PR,00928-0966,Private      ,7,77,84,13,182,195
03544300,ATENAS COLLEGE                          ,PR,00674-0000,Private      ,164,375,539,545,989,1534
03552300,LESTON COLLEGE                          ,PR,00961-6309,Proprietary  ,18,48,66,31,70,101
03585300,CENTRO DE CAPACITACION Y ASESORAMIE     ,PR,00612-0000,Proprietary  ,0,0,0,3,11,14
03600300,AMERICAN TECHNOLOGICAL COLLEGE          ,PR,00928-3713,Proprietary  ,0,0,0,1,2,3
03608300,CARIBBEAN FORENSIC & TECHNICAL COLL     ,PR,00926-0000,Proprietary  ,23,41,64,32,66,98
03735400,"CHARLIES GUARD,DETECTIVE BUREAU&ACA     ",PR,00605-0000,Proprietary  ,43,75,118,47,100,147
03751300,ESCUELA HOTELERA DE SAN JUAN            ,PR,00917-0091,Proprietary  ,108,91,199,316,199,515
03758300,BAYAMON COMMUNITY COLLEGE               ,PR,00960-0000,Proprietary  ,31,116,147,44,170,214
03781400,INDUSTRIAL TECHNICAL COLLEGE            ,PR,00792-0000,Proprietary  ,42,64,106,61,107,168
03785300,J.G. GUAYNABO TECHNICAL COLLEGE         ,PR,00960-0000,Proprietary  ,22,60,82,31,95,126
03800300,COLEGIO TECNICO DE ELECTRICIDAD GALLOSA ,PR,00602-0000,Proprietary  ,22,33,55,29,54,83
03800400,INSTITUTE OF BEAUTY OCCUPATIONS AND TECH,PR,00676-5071,Proprietary  ,22,40,62,39,68,107
03843300,ADVANCED TECH COLLEGE                   ,PR,00961-6321,Proprietary  ,15,51,66,15,62,77
03849300,AGUADILLA TECHNICAL COLLEGE             ,PR,00603-0000,Proprietary  ,8,20,28,9,21,30
03965400,MYRANGEL BEAUTY INSTITUTE               ,PR,00754-3917,Proprietary  ,19,61,80,19,61,80
04030300,ASPIRA  DE PUERTO RICO                  ,PR,00987-0000,Private      ,1,4,5,1,5,6
04107300,CARIB TECHNOLOGICAL INSTITUTE           ,PR,00960-0000,Proprietary  ,2,17,19,3,23,26
00394600,UNIVERSITY OF THE VIRGIN ISLANDS        ,VI,00802-6000,Public       ,133,124,257,784,517,1301
00394601,UNIV OF THE VIRGIN ISLANDS-ST CROIX     ,VI,00850-0000,Public       ,70,74,144,326,363,689
00667700,MCGILL UNIVERSITY                       ,CN,00000-0000,Public       ,101,45,146,1325,346,1671
00667900,QUEEN'S UNIVERSITY AT KINGSTON          ,CN,00000-0000,Public       ,12,3,15,96,27,123
00668100,ST FRANCIS XAVIER UNIVERSITY            ,CN,00000-0000,Public       ,7,4,11,32,7,39
00668200,ST THOMAS UNIVERSITY                    ,CN,00000-0000,Public       ,4,0,4,17,3,20
00668300,UNIVERSITY OF GUELPH                    ,CN,00000-0000,Public       ,5,4,9,31,30,61
00668400,UNIVERSITY OF MANITOBA                  ,CN,00000-0000,Public       ,3,5,8,28,20,48
00668500,UNIVERSITY OF NEW BRUNSWICK (THE)       ,CN,00000-0000,Public       ,1,2,3,12,12,24
00668600,UNIVERSITY OF OTTAWA                    ,CN,00000-0000,Public       ,6,3,9,35,29,64
00668800,UNIVERSITY OF TORONTO                   ,CN,00000-0000,Public       ,23,60,83,215,318,533
00668900,UNIVERSITY OF WINDSOR                   ,CN,00000-0000,Public       ,5,11,16,22,39,61
00683700,UNIVERSITE LAVAL                        ,CN,00000-0000,Public       ,0,1,1,2,10,12
00683800,DALHOUSIE UNIVERSITY                    ,CN,00000-0000,Public       ,10,16,26,87,62,149
00685200,BISHOP'S UNIVERSITY                     ,CN,00000-0000,Private      ,5,0,5,26,6,32
00685300,MCMASTER UNIVERSITY                     ,CN,00000-0000,Public       ,1,5,6,22,21,43
00767900,YORK UNIVERSITY                         ,CN,00000-0000,Public       ,12,15,27,104,87,191
00787400,UNIVERSITY AT CALGARY (THE)             ,CN,00000-0000,Public       ,1,8,9,15,40,55
00814800,UNIVERSITY OF WINNIPEG                  ,CN,00000-0000,Public       ,0,1,1,4,5,9
00836200,UNIVERSITY OF ALBERTA (THE)             ,CN,00000-0000,Public       ,3,6,9,16,44,60
00836300,MOUNT SAINT VINCENT UNIVERSITY          ,CN,00000-0000,Private      ,1,1,2,3,6,9
00836400,SAINT MARY'S UNIVERSITY                 ,CN,00000-0000,Public       ,11,4,15,23,7,30
00836500,CONCORDIA UNIVERSITY - SIR GEORGE W     ,CN,00000-0000,Public       ,28,26,54,193,141,334
00836600,UNIVERSITE DE MONTREAL                  ,CN,00000-0000,Public       ,2,6,8,12,27,39
00836800,CARLETON UNIVERSITY                     ,CN,00000-0000,Public       ,3,4,7,34,22,56
00836900,UNIVERSITY OF BRITISH COLUMBIA          ,CN,00000-0000,Public       ,37,44,81,492,364,856
00837000,"SAFA, UNIVERSITY OF VICTORIA            ",CN,00000-0000,Public       ,9,9,18,73,48,121
00844400,SIMON FRASER UNIVERSITY                 ,CN,00000-0000,Public       ,5,19,24,61,70,131
00844600,UNIVERSITY OF WESTERN ONTARIO (THE)     ,CN,00000-0000,Public       ,4,8,12,21,36,57
00844800,UNIVERSITY OF REGINA                    ,CN,00000-0000,Public       ,0,3,3,5,7,12
00844900,ACADIA UNIVERSITY                       ,CN,00000-0000,Public       ,7,1,8,58,8,66
00852600,UNIVERSITY OF WATERLOO                  ,CN,00000-0000,Public       ,8,3,11,26,18,44
00858200,WILFRID LAURIER UNIVERSITY              ,CN,00000-0000,Public       ,2,1,3,8,4,12
00874200,UNIVERSITE DE SHERBROOKE                ,CN,00000-0000,Private      ,1,0,1,2,1,3
00891300,LAKEHEAD UNIVERSITY                     ,CN,00000-0000,Public       ,2,0,2,2,3,5
00911900,UNIVERSITE DE MONCTON                   ,CN,00000-0000,Public       ,0,0,0,0,2,2
00918000,LAURENTIAN UNIVERSITY OF SUDBURY        ,CN,00000-0000,Public       ,1,1,2,3,3,6
00925200,BROCK UNIVERSITY                        ,CN,00000-0000,Public       ,2,5,7,10,15,25
00936700,UNIVERSITY OF PRINCE EDWARD ISLAND      ,CN,00000-0000,Public       ,2,25,27,9,101,110
00942100,BRANDON UNIVERSITY                      ,CN,00000-0000,Public       ,0,1,1,1,4,5
00948600,TRINITY WESTERN UNIVERSITY              ,CN,00000-0000,Private      ,30,19,49,270,59,329
00950000,MEMORIAL UNIVERSITY OF NEWFOUNDLAND     ,CN,00000-0000,Public       ,2,6,8,11,21,32
00950100,UNIVERSITY OF KING'S COLLEGE            ,CN,00000-0000,Public       ,2,0,2,16,2,18
00950300,MOUNT ALLISON UNIVERSITY                ,CN,00000-0000,Public       ,8,1,9,41,1,42
00950500,TRENT UNIVERSITY                        ,CN,00000-0000,Public       ,1,2,3,10,6,16
00969700,LETHBRIDGE COLLEGE                      ,CN,00000-0000,Public       ,0,1,1,3,1,4
00969800,MEDICINE HAT COLLEGE                    ,CN,00000-0000,Public       ,0,0,0,1,1,2
00970100,SENECA COLG OF APPLIED ARTS & TECH      ,CN,00000-0000,Public       ,1,3,4,6,5,11
01012300,NOVA SCOTIA COLLEGE OF ART & DESIGN     ,CN,00000-0000,Public       ,2,1,3,11,12,23
01022100,SAINT PAUL UNIVERSITY                   ,CN,00000-0000,Public       ,0,2,2,2,7,9
01045800,SHERIDAN COLLEGE OF APPLIED ARTS AN     ,CN,00000-0000,Public       ,0,3,3,9,11,20
01067500,REGENT COLLEGE                          ,CN,00000-0000,Private      ,0,28,28,4,123,127
01070300,UNIVERSITY OF LETHBRIDGE                ,CN,00000-0000,Public       ,1,0,1,7,3,10
01072000,RYERSON UNIVERSITY                      ,CN,00000-0000,Public       ,3,7,10,32,43,75
01172200,BRIERCREST BIBLE COLLEGE                ,CN,00000-0000,Private      ,7,8,15,24,14,38
01221100,ALGONQUIN CLG OF APPLIED ARTS &TECH     ,CN,00000-0000,Public       ,1,2,3,4,5,9
01222800,HUMBER COLLEGE                          ,CN,00000-0000,Public       ,0,1,1,5,12,17
01227400,PROVIDENCE COLLEGE                      ,CN,00000-0000,Private      ,4,1,5,25,11,36
02081600,SAULT COLLG OF APPLIED ARTS & TECH      ,CN,00000-0000,Public       ,0,0,0,1,0,1
02102100,BETHANY BIBLE COLLEGE                   ,CN,00000-0000,Private      ,24,16,40,74,30,104
02116600,CANADIAN MEMORIAL CHIROPRACTIC COLL     ,CN,00000-0000,Private      ,0,0,0,0,2,2
02167000,PRAIRIE BIBLE INST                      ,CN,00000-0000,Private      ,10,4,14,37,19,56
02184600,INSTITUTE FOR CHRISTIAN STUDIES         ,CN,00000-0000,Private      ,0,5,5,0,5,5
02195600,LASALLE COLLEGE                         ,CN,00000-0000,Private      ,1,1,2,2,3,5
02195700,TAYLOR UNIVERSITY COLLEGE AND SEMINARY  ,CN,00000-0000,Private      ,2,1,3,11,2,13
02201100,COLUMBIA BIBLE COLLEGE                  ,CN,00000-0000,Private      ,1,2,3,17,3,20
02209700,UNIVERSITE DU QUEBEC (UNIVERSITY OF     ,CN,00000-0000,Public       ,1,1,2,4,9,13
02216400,TYNDALE COLLEGE & SEMINARY              ,CN,00000-0000,Private      ,0,1,1,1,6,7
02219000,ST. LAWRENCE COLLEGE                    ,CN,00000-0000,Public       ,0,0,0,7,1,8
02219200,UNIVERSITY OF SASKATCHEWAN              ,CN,00000-0000,Public       ,2,3,5,5,14,19
02338800,EMILY CARR UNIVERSITY OF ART AND DESIGN ,CN,00000-0000,Public       ,4,7,11,37,23,60
02354700,RED DEER COLLEGE                        ,CN,00000-0000,Public       ,0,1,1,1,1,2
02529200,AUGUSTANA UNIVERSITY COLLEGE            ,CN,00000-0000,Private      ,0,0,0,1,0,1
02577200,SALVATION ARMY WM & CATHERINE BOOTH     ,CN,00000-0000,Private      ,0,0,0,1,0,1
02592600,NEW BRUNSWICK COMMUNITY COLLEGE         ,CN,00000-0000,Public       ,1,1,2,2,1,3
02593800,CONCORDIA UNIVERSITY COLLEGE            ,CN,00000-0000,Private      ,1,1,2,2,1,3
02611400,"GARDNER COLLEGE, A CENTRE FOR CHRIS     ",CN,00000-0000,Private      ,0,1,1,1,1,2
02611900,THE KING'S UNIVERSITY COLLEGE           ,CN,00000-0000,Private      ,0,1,1,0,3,3
03018300,ROCKY MOUNTAIN COLLEGE: CENTRE FOR      ,CN,00000-0000,Private      ,2,1,3,3,1,4
03033800,UNIVERSITY COLLEGE OF CAPE BRETON       ,CN,00000-0000,Public       ,1,1,2,5,5,10
03076200,COVENANT BIBLE COLLEGE                  ,CN,00000-0000,Private      ,0,0,0,2,0,2
03078300,VANCOUVER SCHOOL OF THEOLOGY            ,CN,00000-0000,Private      ,0,2,2,0,5,5
03273300,CANADIAN COLLEGE OF NATUROPATHIC ME     ,CN,00000-0000,Private      ,0,6,6,0,30,30
03298300,ALBERTA COLLEGE OF ART & DESIGN         ,CN,00000-0000,Public       ,5,1,6,20,7,27
03332500,KWANTLEN UNIVERSITY COLLEGE             ,CN,00000-0000,Public       ,0,0,0,2,2,4
03335400,CANADIAN UNIVERSITY COLLEGE             ,CN,00000-0000,Private      ,3,0,3,22,1,23
03339300,ST. STEPHENS UNIVERSITY                 ,CN,00000-0000,Private      ,0,1,1,0,3,3
03348500,REDEEMER UNIVERSITY COLLEGE             ,CN,00000-0000,Private      ,1,0,1,8,0,8
03408300,CANDIAN NAZARENE UNIVERSITY COLLEGE     ,CN,00000-0000,Private      ,0,0,0,1,1,2
03420300,HOLLAND COLLEGE                         ,CN,00000-0000,Public       ,0,0,0,0,2,2
03421300,LOYALIST COLLEGE OF APPLIED ARTS &      ,CN,00000-0000,Public       ,0,0,0,1,0,1
03465300,NIPISSING UNIVERSITY                    ,CN,00000-0000,Public       ,0,0,0,0,1,1
03511300,CN CLG ACUPUNCTURE & ORIENTAL MED       ,CN,00000-0000,Private      ,0,2,2,0,8,8
03551300,INTERNATIONAL BIBLE COLLEGE             ,CN,00000-0000,Private      ,1,1,2,3,5,8
03560400,NIAGARA COLLEGE-WELLAND CAMPUS          ,CN,00000-0000,Public       ,0,3,3,3,8,11
03613300,UNIV OF NORTHERN BRITISH COLUMBIA       ,CN,00000-0000,Public       ,0,1,1,4,5,9
03674400,CANADIAN SOUTHERN BAPTIST SEMINARY      ,CN,00000-0000,Private      ,0,2,2,0,3,3
03711300,CAPILANO UNIVERSITY                     ,CN,00000-0000,Public       ,2,0,2,8,3,11
03745300,BRITISH COLUMBIA INSTITUTE OF TECHNOLOGY,CN,00000-0000,Public       ,0,1,1,0,1,1
03846300,PACIFIC LIFE BIBLE COLLEGE              ,CN,00000-0000,Private      ,5,0,5,9,2,11
03847300,ATLANTIC BAPTIST UNIVERSITY             ,CN,00000-0000,Private      ,1,1,2,1,1,2
00814700,UNIVERSIDAD AUTONOMA DE GUADALAJARA     ,MX,00000-0000,Private      ,2,152,154,26,1013,1039
01041800,INST TEC Y DE ESTSUPER DE MONTERRE      ,MX,00000-0000,Private      ,6,12,18,29,50,79
01067600,UNIVERSIDAD DE MONTERREY                ,MX,00000-0000,Private      ,2,5,7,12,21,33
01093800,UNIVERSIDAD DE GUANAJUATO               ,MX,00000-0000,Public       ,3,1,4,11,11,22
01097600,INSTITUTO ALLENDE                       ,MX,00000-0000,Private      ,0,2,2,2,5,7
02053300,CENTRO DE ESTUDIOS UNIVERSITARIOS D     ,MX,00000-0000,Private      ,45,33,78,93,149,242
02283100,UNIVERSIDAD TECNOLOGICA DE MEXICO       ,MX,00000-0000,Proprietary  ,3,1,4,16,16,32
01001000,AMERICAN SAMOA CMNTY COLLEGE            ,AS,96799-2609,Public       ,680,139,819,1240,245,1485
01034300,COLLEGE OF MICRONESIA - FSM             ,FM,96941-0159,Public       ,842,362,1204,1733,531,2264
01100900,PALAU COMMUNITY COLLEGE                 ,PW,96940-0009,Public       ,143,92,235,706,299,1005
03022400,COLLEGE OF THE MARSHALL ISLANDS         ,MH,96960-1258,Public       ,400,224,624,448,247,695
03033000,NORTHERN MARIANAS COLLEGE               ,MP,96950-0000,Public       ,185,135,320,302,250,552
