OPE ID,School,State,Zip Code,School Type,20072008Qtr6_Dependent Students,20072008Qtr6_Independent Students,Quarterly Total,YTD_20072008Qtr6_Dependent Students,YTD_20072008Qtr6_Independent Students,Award Year To Date Total
00100200,ALABAMA AGRCLTL & MECHL UNIV            ,AL,35762-1357,Public       ,47,49,96,5255,2783,8038
00100300,FAULKNER UNIVERSITY                     ,AL,36109-3398,Private      ,10,70,80,1310,3266,4576
00100400,UNIVERSITY OF MONTEVALLO                ,AL,35115-6000,Public       ,9,26,35,1694,976,2670
00100500,ALABAMA STATE UNIVERSITY                ,AL,36101-0000,Public       ,75,123,198,7119,4045,11164
00100700,CENTRAL ALABAMA COMMUNITY COLLEGE       ,AL,35011-0000,Public       ,45,112,157,1034,1765,2799
00100800,ATHENS STATE UNIVERSITY                 ,AL,35611-1999,Public       ,11,70,81,514,2429,2943
00100900,AUBURN UNIVERSITY                       ,AL,36849-5113,Public       ,106,88,194,12281,4608,16889
00101200,BIRMINGHAM SOUTHERN COLLEGE             ,AL,35254-0002,Private      ,3,2,5,1498,236,1734
00101300,CALHOUN COMMUNITY COLLEGE               ,AL,35609-2216,Public       ,93,199,292,3215,4968,8183
00101500,ENTERPRISE-OZARK COMMUNITY COLLEGE      ,AL,36331-1300,Public       ,48,86,134,902,1233,2135
00101600,UNIVERSITY OF NORTH ALABAMA             ,AL,35632-0001,Public       ,28,47,75,3183,2246,5429
00101700,GADSDEN STATE COMMUNITY COLLEGE         ,AL,35903-2269,Public       ,81,199,280,2052,3387,5439
00101706,GADSDEN STATE COMM. COLLEGE-AYERS CAMPUS,AL,36202-0000,Public       ,0,0,0,208,346,554
00101800,GEORGE C WALLACE COMMUNITY COLLEGE      ,AL,36303-0943,Public       ,53,171,224,1300,2828,4128
00101900,HUNTINGDON COLLEGE                      ,AL,36106-2148,Private      ,2,12,14,929,374,1303
00102000,JACKSONVILLE STATE UNIVERSITY           ,AL,36265-1602,Public       ,39,101,140,5117,4369,9486
00102100,JEFFERSON DAVIS COMMUNITY COLLEGE       ,AL,36427-2790,Public       ,25,37,62,449,755,1204
00102200,JEFFERSON STATE COMMUNITY COLLEGE       ,AL,35215-3098,Public       ,47,152,199,2667,4963,7630
00102300,JUDSON COLLEGE                          ,AL,36756-2504,Private      ,1,5,6,292,125,417
00102400,UNIVERSITY OF WEST ALABAMA              ,AL,35470-0000,Public       ,32,223,255,1649,3632,5281
00102600,MARION MILITARY INSTITUTE               ,AL,36756-3214,Public       ,6,0,6,327,28,355
00102800,MILES COLLEGE                           ,AL,35064-2697,Private      ,28,28,56,2093,1242,3335
00102900,UNIVERSITY OF MOBILE                    ,AL,36613-0000,Private      ,10,46,56,1109,1502,2611
00103000,BISHOP STATE COMMUNITY COLLEGE          ,AL,36603-5898,Public       ,40,125,165,1186,2983,4169
00103001,BISHOP STATE COMM COLG-CARVER CMPS      ,AL,36617-0000,Public       ,4,10,14,83,215,298
00103002,BISHOP STAT COMM CLG-SW CMPS            ,AL,36605-0000,Public       ,2,5,7,65,121,186
00103100,NORTHEAST ALABAMA STATE CMNTY COLG      ,AL,35986-0159,Public       ,46,104,150,891,1554,2445
00103300,OAKWOOD COLLEGE                         ,AL,35896-0001,Private      ,7,13,20,1610,623,2233
00103400,ALABAMA SOUTHERN COMMUNITY COLLEGE      ,AL,36460-5698,Public       ,44,155,199,807,1133,1940
00103600,SAMFORD UNIVERSITY                      ,AL,35229-7000,Private      ,5,12,17,2318,2138,4456
00103700,SELMA UNIVERSITY                        ,AL,36701-0000,Private      ,0,0,0,1,0,1
00103800,SNEAD STATE COMMUNITY COLLEGE           ,AL,35957-0734,Public       ,12,64,76,782,1383,2165
00104000,SOUTHERN UNION STATE COMMUNITY CLG      ,AL,36276-0000,Public       ,58,121,179,2330,2235,4565
00104100,SPRING HILL COLLEGE                     ,AL,36608-1791,Private      ,4,16,20,1489,520,2009
00104400,STILLMAN COLLEGE                        ,AL,35403-1430,Private      ,17,6,23,1428,375,1803
00104600,TALLADEGA COLLEGE                       ,AL,35160-2354,Private      ,2,28,30,487,154,641
00104700,TROY STATE UNIVERSITY                   ,AL,36082-0001,Public       ,126,674,800,5703,19318,25021
00104754,TROY UNIVERSITY - DOTHAN                ,AL,36303-1575,Public       ,0,0,0,127,375,502
00104755,TROY UNIVERSITY - MONTGOMERY            ,AL,36103-4419,Public       ,0,0,0,251,1053,1304
00105000,TUSKEGEE UNIVERSITY                     ,AL,36088-1645,Private      ,32,10,42,4176,893,5069
00105100,UNIVERSITY OF ALABAMA (THE)             ,AL,35487-0120,Public       ,101,143,244,12482,6626,19108
00105200,UNIVERSITY OF ALABAMA AT BIRMINGHAM     ,AL,35294-1150,Public       ,61,175,236,6989,7914,14903
00105500,UNIVERSITY OF ALABAMA IN HUNTSVILLE     ,AL,35899-0001,Public       ,29,63,92,3333,2787,6120
00105700,UNIVERSITY OF SOUTH ALABAMA             ,AL,36688-0002,Public       ,71,172,243,5388,7446,12834
00105900,LAWSON STATE COMMUNITY COLLEGE          ,AL,35221-1798,Public       ,85,161,246,1806,3048,4854
00105901,LAWSON STATE COMMUNITY COLLEGE - BESSEME,AL,35021-0308,Public       ,9,25,34,260,567,827
00106000,FAULKNER STATE COMMUNITY COLLEGE        ,AL,36507-2698,Public       ,58,70,128,1918,2060,3978
00446200,GADSDEN BUSINESS COLLEGE                ,AL,35906-3658,Proprietary  ,0,0,0,2,11,13
00526000,J.F. DRAKE STATE TECH COLLEGE           ,AL,35811-1584,Public       ,21,43,64,315,1015,1330
00569100,SHELTON STATE COMMUNITY CLG             ,AL,35405-4017,Public       ,93,109,202,2801,2758,5559
00569200,REID STATE TECHNICAL COLLEGE            ,AL,36401-0000,Public       ,37,56,93,270,602,872
00569700,NORTHWEST- SHOALS COMMUNITY COLLEGE     ,AL,35661-0000,Public       ,113,107,220,1868,2124,3992
00569702,NORTHWEST-SHOALS C.C.-PHIL CAMPBELL     ,AL,35581-0000,Public       ,12,4,16,190,170,360
00569900,GEORGE C WALLACE STATE CMTY COLLEGE     ,AL,36703-0000,Public       ,74,101,175,1021,1604,2625
00573300,BEVILL STATE CMTY COLLEGE-WALKER        ,AL,35148-0000,Public       ,56,123,179,1041,1989,3030
00573301,BEVILL STATE COMMUNITY COLLEGE - FAYETTE,AL,35555-0000,Public       ,21,21,42,365,496,861
00573302,BEVILL STATE CMTY CLG-HAMILTON CAMP     ,AL,35570-0000,Public       ,8,8,16,154,321,475
00573305,BEVILL STATE CMTY CLG-WALKER CLG        ,AL,35501-0000,Public       ,10,15,25,302,366,668
00573400,H. COUNCILL TRENHOLM STATE TECH COLLEGE ,AL,36108-0020,Public       ,39,122,161,585,1538,2123
00573401,H. C. TRENHOLM ST TECH COL-PATTERSON CAM,AL,36116-2612,Public       ,12,18,30,232,492,724
00787100,GEORGE C WALLACE STATE CMTY CLG         ,AL,35077-2000,Public       ,85,159,244,2219,3329,5548
00831000,AUBURN UNIVERSITY-MONTGOMERY            ,AL,36124-0000,Public       ,28,97,125,2510,3367,5877
00898800,LURLEEN B WALLACE COMMUNITY COLLEGE     ,AL,36420-0418,Public       ,29,60,89,669,1032,1701
01019300,HERZING COLLEGE                         ,AL,35209-4816,Proprietary  ,4,20,24,145,656,801
01055400,CONCORDIA COLLEGE                       ,AL,36701-3323,Private      ,10,2,12,417,408,825
01123700,SOUTHERN COMMUNITY COLLEGE              ,AL,36083-1803,Private      ,0,0,0,8,10,18
01218200,CHATTAHOOCHEE VALLEY CMTY CLG           ,AL,36869-7917,Public       ,23,60,83,682,1372,2054
01303906,SOUTH UNIVERSITY - MONTGOMERY           ,AL,36116-1120,Proprietary  ,19,60,79,281,972,1253
02170600,UNITED STATES SPORTS ACADEMY            ,AL,36526-7055,Private      ,0,68,68,24,784,808
02199700,HERITAGE CHRISTIAN UNIVERSITY           ,AL,35630-0000,Private      ,0,3,3,13,63,76
02270400,SOUTHEASTERN BIBLE COLLEGE              ,AL,35244-2083,Private      ,1,0,1,110,159,269
02296000,PRINCE INSTITUTE OF PROFESSIONAL STUDIES,AL,36117-0000,Proprietary  ,0,0,0,46,87,133
02323800,GAITHER AND COMPANY BEAUTY COLLEGE      ,AL,35768-0000,Proprietary  ,0,0,0,1,12,13
02341000,FORTIS COLLEGE                          ,AL,36609-0000,Proprietary  ,59,113,172,311,1038,1349
02341002,CAPPS COLLEGE - MONTGOMERY              ,AL,36109-3624,Proprietary  ,0,4,4,34,108,142
02341004,FORTIS COLLEGE - SCHOOL OF COSMETOLOGY  ,AL,36609-1981,Proprietary  ,0,2,2,0,2,2
02503400,AMRIDGE UNIVERSITY                      ,AL,36124-0000,Private      ,0,24,24,24,910,934
02605500,REMINGTON COLLEGE - MOBILE CAMPUS       ,AL,36609-5593,Proprietary  ,26,200,226,512,2230,2742
03010600,VIRGINIA COLLEGE                        ,AL,35209-5154,Proprietary  ,205,1935,2140,1570,12994,14564
03010602,VIRGINIA COLLEGE - HUNTSVILLE           ,AL,35805-0000,Proprietary  ,1,17,18,96,314,410
03010605,VA COLG TECHNICAL AT PELHAM             ,AL,35124-0000,Proprietary  ,0,0,0,10,16,26
03010607,VIRGINIA COLLEGE - MOBILE               ,AL,36606-4748,Proprietary  ,2,8,10,6,48,54
03010616,VIRGINIA COLLEGE - MONTGOMERY           ,AL,36117-2802,Proprietary  ,1,16,17,1,16,17
03032500,ALABAMA STATE CLG BARBER STYLING        ,AL,35215-8308,Proprietary  ,0,1,1,21,67,88
03100503,VIRGINIA COLLEGE AT PENSACOLA - VIRGINIA,AL,35242-5340,Proprietary  ,0,0,0,58,274,332
03361400,FORTIS COLLEGE                          ,AL,36535-3547,Proprietary  ,7,36,43,73,345,418
03459300,SOUTHEASTERN SCHOOL OF COSMETOLOGY      ,AL,35228-0000,Private      ,0,21,21,28,193,221
03783300,BLUE CLIFF CAREER COLLEGE               ,AL,63306-4749,Proprietary  ,1,20,21,61,232,293
03894300,HUNTSVILLE BIBLE COLLEGE                ,AL,35811-0000,Private      ,0,0,0,6,37,43
04067300,SELMA UNIVERSITY                        ,AL,36701-0000,Private      ,0,2,2,5,44,49
04116500,MIMI'S BEAUTY ACADEMY OF COSMETOLOGY    ,AL,35810-3453,Proprietary  ,0,3,3,3,13,16
04121500,COLUMBIA SOUTHERN UNIVERSITY            ,AL,36561-3815,Proprietary  ,2,52,54,3,73,76
04125200,TONI LOVE'S COSMETOLOGY TRAINING CENTER ,AL,35474-0005,Proprietary  ,0,9,9,0,10,10
00111100,ALLAN HANCOCK COLLEGE                   ,CA,93454-6399,Public       ,24,45,69,2467,3021,5488
00111300,ANTELOPE VALLEY COLLEGE                 ,CA,93536-5426,Public       ,159,495,654,3547,6292,9839
00111600,ART CENTER COLLEGE OF DESIGN            ,CA,91103-1999,Private      ,8,5,13,1123,1256,2379
00111700,AZUSA PACIFIC UNIVERSITY                ,CA,91702-7000,Private      ,13,231,244,5205,5480,10685
00111800,BAKERSFIELD COLLEGE                     ,CA,93305-1299,Public       ,88,270,358,6062,6646,12708
00111900,BARSTOW COMMUNITY COLLEGE               ,CA,92311-6608,Public       ,40,182,222,584,2684,3268
00112000,AMER BAPT SEM OF THE WEST-BERKELEY      ,CA,94704-0000,Private      ,0,0,0,0,51,51
00112100,BETHANY UNIVERSITY /  ASSEMBLIES OF GOD ,CA,95066-2896,Private      ,2,4,6,440,383,823
00112200,BIOLA UNIVERSITY                        ,CA,90639-0001,Private      ,3,31,34,4355,1916,6271
00112300,BROOKS INSTITUTE                        ,CA,93103-1809,Proprietary  ,5,8,13,1718,992,2710
00112400,CABRILLO COLLEGE                        ,CA,95003-3194,Public       ,68,104,172,2512,3529,6041
00112500,CALIFORNIA BAPTIST UNIVERSITY           ,CA,92504-3297,Private      ,9,59,68,2849,2342,5191
00112700,CALIFORNIA COLLEGE OF THE ARTS          ,CA,94107-2206,Private      ,4,6,10,1362,1229,2591
00113100,CALIFORNIA INSTITUTE OF TECHNOLOGY      ,CA,91125-0001,Private      ,3,8,11,2135,333,2468
00113200,CALIFORNIA INSTITUTE OF THE ARTS        ,CA,91355-2397,Private      ,2,2,4,1241,1202,2443
00113300,CALIFORNIA LUTHERAN UNIVERSITY          ,CA,91360-2787,Private      ,4,49,53,2287,1349,3636
00113400,CALIFORNIA MARITIME ACADEMY             ,CA,94590-8181,Public       ,1,1,2,587,195,782
00113700,CALIF STATE UNIV-FULLERTON              ,CA,92831-3599,Public       ,138,124,262,25026,13366,38392
00113800,"CALIFORNIA STATE UNIVERSITY, EAST BAY   ",CA,94542-3000,Public       ,28,107,135,6190,7480,13670
00113900,CALIF STATE UNIV-LONG BEACH             ,CA,90840-0006,Public       ,56,90,146,30318,15572,45890
00114000,CALIF STATE UNIV-LOS ANGELES            ,CA,90032-4226,Public       ,36,119,155,16331,14030,30361
00114100,"CALIF STATE UNIV, DOMINGUEZ HILLS       ",CA,90747-0001,Public       ,132,138,270,8253,8843,17096
00114200,CALIF STATE UNIV SAN BERNARDINO         ,CA,92407-2397,Public       ,73,145,218,11216,10553,21769
00114300,CAL POLY STATE UNIVERSITY               ,CA,93407-0001,Public       ,103,37,140,19556,3250,22806
00114400,CALIF STATE POLYTECHNIC UNIV POMONA     ,CA,91768-2500,Public       ,126,83,209,17589,6651,24240
00114600,CALIF STATE UNIV - CHICO                ,CA,95929-0001,Public       ,40,40,80,12210,5397,17607
00114700,CALIF STATE UNIV - FRESNO               ,CA,93740-8026,Public       ,30,53,83,15369,9202,24571
00114900,HUMBOLDT STATE UNIVERSITY               ,CA,95521-8299,Public       ,10,21,31,6751,3806,10557
00115000,CALIF STATE UNIV-SACRAMENTO             ,CA,95819-6044,Public       ,51,101,152,17585,13517,31102
00115100,SAN DIEGO STATE UNIVERSITY              ,CA,92182-1690,Public       ,71,107,178,29665,14169,43834
00115300,CALIF STATE UNIV-NORTHRIDGE             ,CA,91330-8307,Public       ,66,114,180,22779,14515,37294
00115301,CALIF STATE UNIV CHANNEL ISLANDS        ,CA,93012-0000,Public       ,0,0,0,2109,944,3053
00115400,SAN FRANCISCO STATE UNIVERSITY          ,CA,94132-1740,Public       ,138,124,262,20992,14942,35934
00115500,SAN JOSE STATE UNIVERSITY               ,CA,95192-0036,Public       ,37,65,102,18031,12264,30295
00115600,SONOMA STATE UNIVERSITY                 ,CA,94928-3609,Public       ,11,10,21,6681,2946,9627
00115700,CALIF STATE UNIV-STANISLAUS             ,CA,95382-0299,Public       ,12,51,63,5642,4464,10106
00115800,UNITED STATES INTERNATIONAL UNIV        ,CA,92131-1799,Private      ,0,0,0,47,766,813
00116100,CERRITOS COLLEGE                        ,CA,90650-6296,Public       ,115,260,375,7529,6381,13910
00116200,CHABOT COLLEGE                          ,CA,94545-2400,Public       ,45,138,183,3062,4038,7100
00116300,CHAFFEY COLLEGE                         ,CA,91737-9400,Public       ,63,126,189,5873,7329,13202
00116400,CHAPMAN UNIVERSITY                      ,CA,92866-1099,Private      ,14,303,317,5300,8382,13682
00116453,CHAPMAN UNIVERSITY SCHOOL OF LAW        ,CA,92866-0000,Private      ,0,4,4,88,1432,1520
00116500,CHURCH DIV SCH OF THE PACIFIC           ,CA,94709-0000,Private      ,0,0,0,0,76,76
00116600,CITRUS COLLEGE                          ,CA,91741-1899,Public       ,101,167,268,4337,3391,7728
00116900,CLAREMONT GRADUATE UNIVERSITY           ,CA,91711-0000,Private      ,2,50,52,12,1631,1643
00117000,CLAREMONT MCKENNA COLLEGE               ,CA,91711-6400,Private      ,0,0,0,2347,58,2405
00117100,HARVEY MUDD COLLEGE                     ,CA,91711-5990,Private      ,0,0,0,1556,18,1574
00117200,PITZER COLLEGE                          ,CA,91711-6101,Private      ,0,1,1,2099,123,2222
00117300,POMONA COLLEGE                          ,CA,91711-6301,Private      ,1,2,3,3028,73,3101
00117400,SCRIPPS COLLEGE                         ,CA,91711-3948,Private      ,0,0,0,1234,64,1298
00117600,WEST HILLS COMMUNITY COLLEGE            ,CA,93210-1399,Public       ,5,31,36,1598,1771,3369
00117700,COGSWELL POLYTECHNICAL COLLEGE          ,CA,94089-1210,Private      ,3,1,4,115,60,175
00117800,COLLEGE OF MARIN                        ,CA,94904-2590,Public       ,4,12,16,629,1366,1995
00117801,COLG OF MARIN-INDIAN VALLEY CMPS        ,CA,94949-0000,Public       ,0,0,0,27,79,106
00117900,NOTRE DAME DE NAMUR UNIVERSITY          ,CA,94002-1997,Private      ,2,14,16,639,737,1376
00118100,COLLEGE OF SAN MATEO                    ,CA,94402-3784,Public       ,27,77,104,1515,1568,3083
00118200,COLLEGE OF THE DESERT                   ,CA,92260-9305,Public       ,26,78,104,2397,2676,5073
00118300,HOLY NAMES UNIVERSITY                   ,CA,94619-1699,Private      ,1,11,12,549,695,1244
00118500,COLLEGE OF THE REDWOODS                 ,CA,95501-9300,Public       ,10,54,64,1914,3130,5044
00118600,COLLEGE OF THE SEQUOIAS                 ,CA,93277-2234,Public       ,77,204,281,4001,5078,9079
00118700,COLLEGE OF THE SISKIYOUS                ,CA,96094-2899,Public       ,11,30,41,820,908,1728
00118701,COLLEGE OF THE SISKIYOUS - YREKA CENTER ,CA,96097-9538,Public       ,1,6,7,25,48,73
00119000,CONTRA COSTA COLLEGE                    ,CA,94806-3195,Public       ,15,48,63,1277,2183,3460
00119100,DIABLO VALLEY COLLEGE                   ,CA,94523-1544,Public       ,57,87,144,2972,2794,5766
00119200,CUESTA COLLEGE                          ,CA,93403-8106,Public       ,24,80,104,2723,2560,5283
00119300,CYPRESS COLLEGE                         ,CA,90630-5897,Public       ,26,61,87,3504,3729,7233
00119600,DOMINICAN UNIVERSITY OF CALIFORNIA      ,CA,94901-2298,Private      ,6,9,15,1849,1097,2946
00119700,EL CAMINO COLLEGE                       ,CA,90506-0002,Public       ,137,286,423,6667,6202,12869
00119701,COMPTON COMMUNITY COLLEGE               ,CA,90221-5393,Public       ,31,115,146,740,1699,2439
00119900,FOOTHILL COLLEGE                        ,CA,94022-4597,Public       ,33,69,102,1304,1948,3252
00120000,FULLER THEOLOGICAL SEMINARY             ,CA,91182-0000,Private      ,0,14,14,12,2059,2071
00120100,FULLERTON COLLEGE                       ,CA,92832-2095,Public       ,65,69,134,5581,3979,9560
00120200,GAVILAN COLLEGE                         ,CA,95020-9599,Public       ,37,60,97,1044,1433,2477
00120300,GLENDALE COMMUNITY COLLEGE              ,CA,91208-2894,Public       ,131,159,290,5330,4892,10222
00120400,GOLDEN GATE BAPT THEOL SEMINARY         ,CA,94941-0000,Private      ,0,1,1,1,43,44
00120500,GOLDEN GATE UNIVERSITY                  ,CA,94105-2967,Private      ,4,51,55,63,2915,2978
00120600,GOLDEN WEST COLLEGE                     ,CA,92647-2748,Public       ,20,64,84,4094,3724,7818
00120700,GRADUATE THEOLOGICAL UNION              ,CA,94709-0000,Private      ,0,1,1,0,324,324
00120800,GROSSMONT COLLEGE                       ,CA,92020-1798,Public       ,80,168,248,4579,4967,9546
00120900,HARTNELL COMMUNITY COLLEGE              ,CA,93901-1697,Public       ,66,121,187,1997,2050,4047
00121200,HUMPHREYS COLLEGE                       ,CA,95207-3896,Private      ,2,16,18,186,879,1065
00121400,IMPERIAL VALLEY COLLEGE                 ,CA,92251-9787,Public       ,65,118,183,3600,3272,6872
00121500,LA SIERRA UNIVERSITY                    ,CA,92515-3332,Private      ,12,13,25,1609,699,2308
00121600,UNIVERSITY OF LA VERNE                  ,CA,91750-4443,Private      ,6,166,172,2357,5796,8153
00121700,LASSEN COLLEGE                          ,CA,96130-3000,Public       ,8,38,46,395,651,1046
00121800,LOMA LINDA UNIVERSITY                   ,CA,92350-0001,Private      ,4,13,17,680,4216,4896
00121900,LONG BEACH CITY COLLEGE                 ,CA,90808-1780,Public       ,130,503,633,7982,10552,18534
00122000,MASTER'S COLLEGE & SEMINARY (THE)       ,CA,91321-1200,Private      ,1,13,14,1015,315,1330
00122300,LOS ANGELES CITY COLLEGE                ,CA,90029-3588,Public       ,80,291,371,3719,7402,11121
00122400,LOS ANGELES HARBOR COLLEGE              ,CA,90744-2397,Public       ,74,160,234,2002,2942,4944
00122600,LOS ANGELES PIERCE COLLEGE              ,CA,91371-0001,Public       ,55,105,160,4761,3874,8635
00122700,LOS ANGELES TRADE TECH COLLEGE          ,CA,90015-4181,Public       ,56,303,359,2504,5365,7869
00122800,LOS ANGELES VALLEY COLLEGE              ,CA,91401-4096,Public       ,65,147,212,3965,4652,8617
00122900,SO CA UNIV  HEALTH SCIENCES             ,CA,90604-4051,Private      ,0,4,4,13,513,526
00123000,SOUTHERN CA COLLEGE OF OPTOMETRY        ,CA,92831-1699,Private      ,0,0,0,9,468,477
00123200,AMERICAN RIVER COLLEGE                  ,CA,95841-4286,Public       ,96,375,471,6365,11616,17981
00123300,SACRAMENTO CITY COLLEGE                 ,CA,95822-1386,Public       ,49,191,240,6763,8717,15480
00123600,MENLO COLLEGE                           ,CA,94027-4301,Private      ,5,4,9,765,144,909
00123700,MERCED COMMUNITY COLLEGE                ,CA,95348-2898,Public       ,40,95,135,3689,4011,7700
00123800,MILLS COLLEGE                           ,CA,94613-1301,Private      ,0,3,3,1157,1102,2259
00123900,MIRACOSTA COLLEGE                       ,CA,92056-3899,Public       ,18,53,71,1687,2377,4064
00124000,MODESTO JUNIOR COLLEGE                  ,CA,95350-5800,Public       ,71,203,274,5661,6774,12435
00124200,MONTEREY PENINSULA COLLEGE              ,CA,93940-4799,Public       ,30,37,67,1126,1373,2499
00124300,MOUNT ST MARYS COLLEGE                  ,CA,90049-1599,Private      ,4,21,25,1861,1560,3421
00124500,MT. SAN ANTONIO COLLEGE                 ,CA,91789-1399,Public       ,88,109,197,8823,6761,15584
00124600,MT SAN JACINTO COLLEGE                  ,CA,92583-2399,Public       ,71,207,278,3381,5612,8993
00124700,NAPA VALLEY COLLEGE                     ,CA,94558-6236,Public       ,16,45,61,1139,1656,2795
00124900,OCCIDENTAL COLLEGE                      ,CA,90041-3314,Private      ,1,3,4,3246,153,3399
00125000,ORANGE COAST COLLEGE - FIN AID OFF      ,CA,92628-5005,Public       ,41,86,127,6745,4660,11405
00125100,OTIS COLLEGE OF ART AND DESIGN          ,CA,90045-3505,Private      ,8,1,9,1314,531,1845
00125200,HOPE INTERNATIONAL UNIVERSITY           ,CA,92631-0000,Private      ,0,7,7,564,585,1149
00125300,FRESNO PACIFIC UNIVERSITY               ,CA,93702-4798,Private      ,14,56,70,1522,1683,3205
00125302,FRESNO PACIFIC UNIVERSITY - VISALIA CENT,CA,93277-8341,Private      ,1,4,5,30,189,219
00125303,FRESNO PACIFIC UNIVERSITY - BAKERSFIELD ,CA,93301-4533,Private      ,0,8,8,22,159,181
00125400,PACIFIC LUTHERAN THEOLOGICAL SEM        ,CA,94708-0000,Private      ,0,0,0,0,91,91
00125500,PACIFIC OAKS COLLEGE                    ,CA,91103-3592,Private      ,0,6,6,22,976,998
00125600,PACIFIC SCHOOL OF RELIGION              ,CA,94709-0000,Private      ,0,0,0,0,179,179
00125800,PACIFIC UNION COLLEGE                   ,CA,94508-9797,Private      ,9,5,14,1335,414,1749
00125900,PALO VERDE COLLEGE                      ,CA,92225-0000,Public       ,2,4,6,152,363,515
00126000,PALOMAR COLLEGE                         ,CA,92069-1486,Public       ,49,94,143,4169,4464,8633
00126100,PASADENA CITY COLLEGE                   ,CA,91106-2003,Public       ,72,130,202,9839,6319,16158
00126200,POINT LOMA NAZARENE UNIVERSITY          ,CA,92106-2899,Private      ,7,93,100,2972,1318,4290
00126600,LANEY COLLEGE                           ,CA,94607-4893,Public       ,56,163,219,2413,4625,7038
00126700,MERRITT COLLEGE                         ,CA,94619-3196,Public       ,26,138,164,1121,2779,3900
00126800,PORTERVILLE COLLEGE                     ,CA,93257-6059,Public       ,32,62,94,1309,1914,3223
00126900,RIO HONDO COLLEGE                       ,CA,90601-1699,Public       ,36,69,105,4698,3753,8451
00127000,RIVERSIDE COMMUNITY COLLEGE             ,CA,92506-1299,Public       ,229,525,754,11648,13690,25338
00127200,SAN BERNARDINO VALLEY COLLEGE           ,CA,92410-2798,Public       ,118,467,585,3517,6825,10342
00127300,SAN DIEGO CITY COLLEGE                  ,CA,92101-4787,Public       ,115,407,522,4478,7840,12318
00127500,SAN DIEGO MESA COLLEGE                  ,CA,92111-4996,Public       ,96,241,337,5458,5740,11198
00127800,SAN FRANCISCO CONSERVATORY OF MUSIC     ,CA,94122-4498,Private      ,0,0,0,270,309,579
00127900,SAN FRANCISCO THEOLOGICAL SEMINARY      ,CA,94960-0000,Private      ,0,1,1,0,88,88
00128000,SAN JOAQUIN DELTA COLLEGE               ,CA,95207-6370,Public       ,158,481,639,6416,9063,15479
00128100,WILLIAM JESSUP UNIVERSITY               ,CA,95765-3707,Private      ,0,6,6,402,332,734
00128200,SAN JOSE CITY COLLEGE                   ,CA,95128-2797,Public       ,16,82,98,2366,3740,6106
00128400,SANTA ANA COLLEGE                       ,CA,92706-3398,Public       ,65,150,215,3635,3754,7389
00128500,SANTA BARBARA CITY COLLEGE              ,CA,93109-2394,Public       ,116,116,232,3704,2707,6411
00128600,SANTA MONICA COLLEGE                    ,CA,90405-1644,Public       ,92,140,232,8406,5254,13660
00128700,SANTA ROSA JUNIOR COLLEGE               ,CA,95401-4395,Public       ,25,46,71,3316,4362,7678
00128800,CLAREMONT SCHOOL OF THEOLOGY            ,CA,91711-0000,Private      ,0,0,0,4,175,179
00128900,SHASTA COLLEGE                          ,CA,96049-7692,Public       ,34,129,163,2788,4100,6888
00129000,SIERRA COLLEGE                          ,CA,95677-3397,Public       ,44,147,191,3967,5161,9128
00129100,SIMPSON UNIVERSITY                      ,CA,96003-8606,Private      ,2,14,16,1028,694,1722
00129200,SOLANO COMMUNITY COLLEGE                ,CA,94534-3197,Public       ,23,88,111,2030,3637,5667
00129300,VANGUARD UNIVERSITY OF SOUTHERN CA      ,CA,92626-6597,Private      ,7,23,30,1892,866,2758
00129400,SOUTHWESTERN COLLEGE                    ,CA,91910-7299,Public       ,50,91,141,6010,4745,10755
00129500,SOUTHWESTERN LAW SCHOOL                 ,CA,90010-1106,Private      ,0,2,2,12,2099,2111
00129600,DOMINICAN SCH PHILOSOPHY & THEOLOGY     ,CA,94709-0000,Private      ,0,0,0,2,31,33
00129900,ST JOHN'S SEMINARY COLLEGE              ,CA,93010-0000,Private      ,0,0,0,2,8,10
00130200,SAINT MARY'S COLLEGE OF CALIFORNIA      ,CA,94556-2744,Private      ,4,26,30,3382,1204,4586
00130500,STANFORD UNIVERSITY                     ,CA,94305-6106,Private      ,20,47,67,13197,2745,15942
00130501,STANFORD UNIVERSITY - GRADUATE SCHOOL OF,CA,94305-5301,Private      ,0,1,1,51,701,752
00130502,STANFORD UNIVERSITY - GRADUATE SCHOOL OF,CA,94305-5015,Private      ,0,1,1,21,947,968
00130503,STANFORD UNIVERSITY - STANFORD LAW SCHOO,CA,94305-3096,Private      ,0,2,2,19,1727,1746
00130700,FRESNO CITY COLLEGE                     ,CA,93741-0002,Public       ,103,397,500,10069,11054,21123
00130800,REEDLEY COLLEGE                         ,CA,93654-2099,Public       ,75,148,223,4538,4618,9156
00130900,TAFT COLLEGE                            ,CA,93268-2317,Public       ,7,41,48,596,712,1308
00131200,UNIVERSITY OF CALIFORNIA-BERKELEY       ,CA,94720-1520,Public       ,79,71,150,36099,15864,51963
00131300,UNIVERSITY OF CALIFORNIA-DAVIS          ,CA,95616-8558,Public       ,46,40,86,33032,11031,44063
00131400,UNIVERSITY OF CALIFORNIA-IRVINE         ,CA,92697-2825,Public       ,190,115,305,33668,7807,41475
00131500,UNIVERSITY OF CALIFORNIA (UCLA)         ,CA,90095-9000,Public       ,64,122,186,44160,20639,64799
00131502,UNIV OF CALIFORNIA LOS ANG SCH MED      ,CA,90095-0000,Public       ,0,1,1,109,726,835
00131503,UNIV OF CALIFORNIA LOS ANG DENTAL       ,CA,90095-0000,Public       ,0,0,0,22,157,179
00131600,UNIVERSITY OF CALIFORNIA-RIVERSIDE      ,CA,92521-0209,Public       ,22,35,57,20880,5100,25980
00131700,UNIVERSITY OF CALIFORNIA-SAN DIEGO      ,CA,92093-0013,Public       ,45,50,95,32274,6949,39223
00131900,UNIVERSITY OF CALIFORNIA-SFRANCISCO     ,CA,94143-0246,Public       ,4,10,14,449,2978,3427
00132000,UNIVERSITY OF CALIFORNIA-SANTA BARB     ,CA,93106-3180,Public       ,250,78,328,28965,5294,34259
00132100,UNIVERSITY OF CALIFORNIA-SANTA CRUZ     ,CA,95064-0001,Public       ,31,44,75,17895,3297,21192
00132200,UNIVERSITY OF REDLANDS                  ,CA,92373-0999,Private      ,5,76,81,3657,2261,5918
00132500,UNIVERSITY OF SAN FRANCISCO             ,CA,94117-1080,Private      ,11,87,98,6535,5811,12346
00132600,SANTA CLARA UNIVERSITY                  ,CA,95053-4956,Private      ,7,24,31,6327,3297,9624
00132800,UNIVERSITY OF SOUTHERN CALIFORNIA       ,CA,90089-0914,Private      ,31,71,102,24206,17060,41266
00132900,UNIVERSITY OF THE PACIFIC               ,CA,95211-0197,Private      ,6,7,13,5412,2396,7808
00132901,UNIVERSITY OF THE PACIFIC - MCGEORGE SCH,CA,95817-2799,Private      ,0,5,5,17,2023,2040
00132902,UNIV OF THE PACIFIC SCH OF DENT         ,CA,94115-0000,Private      ,0,2,2,13,586,599
00133400,VENTURA COLLEGE                         ,CA,93003-3899,Public       ,46,94,140,3050,2658,5708
00133500,VICTOR VALLEY COLLEGE                   ,CA,92395-5849,Public       ,169,460,629,3524,6796,10320
00133800,WEST VALLEY COLLEGE                     ,CA,95070-5697,Public       ,32,44,76,1506,1745,3251
00134100,WESTMONT COLLEGE                        ,CA,93108-1099,Private      ,2,1,3,1745,36,1781
00134200,WHITTIER COLLEGE                        ,CA,90601-4413,Private      ,3,7,10,1906,275,2181
00134201,WHITTIER COLLEGE - COLLEGE OF LAW       ,CA,92626-1501,Private      ,0,2,2,6,1066,1072
00134300,WOODBURY UNIVERSITY                     ,CA,91510-7846,Private      ,1,8,9,1031,833,1864
00134400,YUBA COLLEGE                            ,CA,95901-7699,Public       ,183,202,385,3116,4800,7916
00177212,TRINITY INTERNATIONAL UNIV-CA           ,CA,92705-0000,Private      ,0,3,3,2,193,195
00274100,AMERICAN JEWISH UNIVERSITY              ,CA,90077-1599,Private      ,0,0,0,77,137,214
00301002,ANTIOCH UNIV/LOS ANGELES                ,CA,90230-7615,Private      ,0,12,12,15,785,800
00301003,ANTIOCH  UNIV/SANTA BARBARA             ,CA,93101-0000,Private      ,1,1,2,171,402,573
00304701,HEBREW UNION COLL - LOS ANGELES         ,CA,90007-0000,Private      ,0,0,0,0,10,10
00369110,MONTEREY INST OF INTERNATL STUDIES      ,CA,93940-2691,Private      ,0,2,2,20,765,785
00394700,UC-HASTINGS COLLEGE OF THE LAW          ,CA,94102-0000,Public       ,0,1,1,7,2920,2927
00394800,SAN FRANCISCO ART INSTITUTE             ,CA,94133-2299,Private      ,2,9,11,989,800,1789
00405500,HEBREW UNION COLLEGE - JEWISH INSTITUTE ,CA,90007-3796,Private      ,0,1,1,1,74,75
00408000,STARR KING SCHOOL FOR THE MINISTRY      ,CA,94709-1299,Private      ,0,0,0,0,51,51
00448000,DE ANZA COLLEGE                         ,CA,95014-5793,Public       ,84,129,213,4443,3628,8071
00448100,OHLONE COLLEGE                          ,CA,94539-5847,Public       ,28,44,72,1622,1471,3093
00448400,JOHN F. KENNEDY UNIVERSITY              ,CA,94523-4817,Private      ,0,20,20,17,1485,1502
00449000,PATTEN UNIVERSITY                       ,CA,94601-2699,Private      ,3,27,30,227,357,584
00449400,EVEREST COLLEGE                         ,CA,92408-3752,Proprietary  ,38,155,193,393,1041,1434
00450200,CITY COLLEGE OF SAN FRANCISCO           ,CA,94112-0000,Public       ,114,341,455,6430,9042,15472
00563800,DOWNEY ADULT SCHOOL                     ,CA,90241-5610,Public       ,0,2,2,17,46,63
00565500,HACIENDA LA PUENTE ADULT EDUC CTR       ,CA,91746-0000,Public       ,7,83,90,86,481,567
00616500,LA CNTY CLG OF NURSING & ALLD HLTH      ,CA,90033-1018,Public       ,0,1,1,74,302,376
00672000,COLLEGE OF ALAMEDA                      ,CA,94501-2109,Public       ,28,78,106,1382,1795,3177
00673100,CASA LOMA COLLEGE                       ,CA,91405-4523,Private      ,12,25,37,234,512,746
00686300,VENTURA COUNTY CMTY CLG DISTRICT        ,CA,93010-8552,Public       ,1,1,2,14,15,29
00697300,CANADA COLLEGE                          ,CA,94061-1099,Public       ,6,60,66,483,932,1415
00697500,LINCOLN UNIVERSITY                      ,CA,94612-2801,Private      ,1,3,4,9,49,58
00701200,SAMUEL MERRITT COLLEGE                  ,CA,94609-3108,Private      ,0,11,11,226,1643,1869
00704700,LOS ANGELES SOUTHWEST COLLEGE           ,CA,90047-4810,Public       ,53,236,289,1464,4094,5558
00705000,BAY VISTA COLLEGE OF BEAUTY             ,CA,91950-3616,Proprietary  ,8,22,30,65,141,206
00711500,MOORPARK COLLEGE                        ,CA,93021-1695,Public       ,47,70,117,2184,1743,3927
00713000,NEWBERRY SCHOOLS OF BEAUTY              ,CA,91344-7404,Proprietary  ,6,12,18,65,90,155
00714200,LYLE'S COLLEGE OF BEAUTY                ,CA,93710-3948,Proprietary  ,9,26,35,110,218,328
00714201,LYLE'S CLG OF BTY BAKERSFIELD           ,CA,93301-0000,Proprietary  ,0,3,3,37,43,80
00716400,BRYAN COLLEGE                           ,CA,90057-0000,Proprietary  ,0,15,15,89,401,490
00717801,WESTERN SEMINARY - BAY AREA CENTER      ,CA,95032-0000,Private      ,0,1,1,1,14,15
00717804,WESTERN SEMINARY - SACRAMENTO           ,CA,95821-3939,Private      ,0,0,0,5,42,47
00718700,NORTH ADRIAN'S COLLEGE OF BEAUTY        ,CA,95350-2381,Proprietary  ,19,32,51,122,221,343
00719000,WYOTECH                                 ,CA,94539-7663,Proprietary  ,73,141,214,950,1433,2383
00719001,WYOTECH - SIERRA CAMPUS                 ,CA,94621-4523,Proprietary  ,8,10,18,28,46,74
00720300,SALON SUCCESS ACADEMY                   ,CA,91786-4060,Proprietary  ,3,14,17,62,76,138
00720400,MODERN BEAUTY ACADEMY                   ,CA,93030-7016,Proprietary  ,5,7,12,44,50,94
00722900,WESTERN BEAUTY INSTITUTE                ,CA,91402-3104,Proprietary  ,26,90,116,267,824,1091
00723400,HEALD COLLEGE                           ,CA,94105-2206,Proprietary  ,36,85,121,331,779,1110
00723600,ART INST OF CALIFORNIA-LOS ANGELES      ,CA,90405-3035,Proprietary  ,71,69,140,4800,3382,8182
00724500,SAN JOSE BEAUTY COLLEGE                 ,CA,95126-0000,Proprietary  ,0,0,0,0,2,2
00725300,FEDERICO BEAUTY INSTITUTE               ,CA,95834-1905,Proprietary  ,7,19,26,183,243,426
00729600,COLEMAN COLLEGE                         ,CA,92123-0000,Private      ,18,49,67,186,624,810
00745600,MARINELLO SCH BTY BUENA PRK             ,CA,90620-0000,Proprietary  ,0,0,0,0,2,2
00746501,AMERICAN ACADEMY OF DRAMATIC ARTS - HOLL,CA,90028-7504,Private      ,1,2,3,197,92,289
00747600,MARINELLO SCHOOLS OF BEAUTY             ,CA,90023-2666,Proprietary  ,113,243,356,872,1818,2690
00747602,MARINELLO SCHOOLS OF BEAUTY - SPA ACADEM,CA,90048-5101,Proprietary  ,0,0,0,10,25,35
00747603,MARINELLO SCHOOLS OF BEAUTY - INGLEWOOD ,CA,90301-2306,Proprietary  ,0,0,0,12,19,31
00747604,MARINELLO SCHOOLS OF BEAUTY - RESEDA    ,CA,91335-4218,Proprietary  ,1,0,1,5,5,10
00747605,MARINELLO SCHOOLS OF BEAUTY - NORTH HOLL,CA,91606-3210,Proprietary  ,0,1,1,11,15,26
00747606,MARINELLO SCHOOLS OF BEAUTY - WEST COVIN,CA,91790-2805,Proprietary  ,0,2,2,18,11,29
00747607,MARINELLO SCHOOLS OF BEAUTY - SAN BERNAR,CA,92410-3261,Proprietary  ,2,1,3,26,19,45
00747608,MARINELLO SCHOOLS OF BEAUTY - ONTARIO   ,CA,91762-2113,Proprietary  ,0,0,0,30,31,61
00747609,MARINELLO SCHOOLS OF BEAUTY - WHITTIER  ,CA,90601-4107,Proprietary  ,0,0,0,25,6,31
00747611,MARINELLO SCHOOLS OF BEAUTY - SAN DIEGO ,CA,92126-4217,Proprietary  ,3,2,5,30,24,54
00747700,"HEALD COLLEGE,SCHOOLS OF BUS & TECH     ",CA,95670-6005,Proprietary  ,22,91,113,359,1034,1393
00753100,ACADEMY OF ART UNIVERSITY               ,CA,94105-3410,Proprietary  ,114,318,432,4804,7417,12221
00753600,COSUMNES RIVER COLLEGE                  ,CA,95823-5799,Public       ,28,91,119,3614,4271,7885
00754802,WESTWOOD COLLEGE OF TECHNOLOGY          ,CA,92801-0000,Proprietary  ,35,35,70,921,576,1497
00754803,WESTWOOD COLLEGE OF TECHNOLOGY          ,CA,91786-0000,Proprietary  ,37,66,103,1021,797,1818
00760600,EVEREST COLLEGE                         ,CA,90010-2221,Proprietary  ,53,91,144,318,717,1035
00760700,CONCORDE CAREER INSTITUTE               ,CA,91606-3134,Proprietary  ,43,78,121,359,642,1001
00770700,COLUMBIA COLLEGE                        ,CA,95370-8580,Public       ,1,6,7,700,878,1578
00771300,SKYLINE COLLEGE                         ,CA,94066-1698,Public       ,28,61,89,1575,1544,3119
00793000,CONCORDE CAREER INSTITUTE               ,CA,92108-0000,Proprietary  ,28,102,130,275,913,1188
00799300,CALIF STATE UNIV BAKERSFIELD            ,CA,93311-1022,Public       ,12,39,51,4978,4964,9942
00807100,CONCORDE CAREER INSTITUTE               ,CA,92840-9201,Proprietary  ,19,32,51,312,795,1107
00807300,BUTTE COMMUNITY COLLEGE                 ,CA,95965-0000,Public       ,38,118,156,4081,5247,9328
00809000,EVEREST COLLEGE                         ,CA,91803-1310,Proprietary  ,54,98,152,517,960,1477
00809300,HEALD COLLEGE                           ,CA,93704-1706,Proprietary  ,33,144,177,901,1401,2302
00853200,HEALD COLLEGE                           ,CA,94545-2352,Proprietary  ,32,110,142,620,1214,1834
00853700,CONCORDE CAREER INSTITUTE               ,CA,92401-0000,Proprietary  ,36,118,154,478,1198,1676
00859600,WEST LOS ANGELES COLLEGE                ,CA,90230-3500,Public       ,23,143,166,1610,3395,5005
00859700,FEATHER RIVER COLLEGE                   ,CA,95971-9124,Public       ,2,7,9,474,311,785
00884400,CALIFORNIA CHRISTIAN COLLEGE            ,CA,93703-3599,Private      ,0,0,0,36,31,67
00884600,WRIGHT INSTITUTE                        ,CA,94704-0000,Private      ,0,3,3,1,379,380
00890300,COLLEGE OF THE CANYONS                  ,CA,91355-1899,Public       ,43,71,114,2325,1963,4288
00891800,SADDLEBACK COLLEGE                      ,CA,92692-3699,Public       ,24,70,94,2019,2509,4528
00902200,ASSOCIATED TECHNICAL COLLEGE            ,CA,90017-0000,Proprietary  ,19,90,109,104,658,762
00903200,EMPIRE COLLEGE                          ,CA,95403-2122,Proprietary  ,5,20,25,134,469,603
00915706,WYOMING TECHNICAL INSTITUTE - WEST SACRA,CA,95605-1507,Proprietary  ,0,1,1,6,20,26
00915800,DON BOSCO TECHNICAL INSTITUTE           ,CA,91770-4299,Private      ,0,0,0,5,2,7
00927200,CRAFTON HILLS COLLEGE                   ,CA,92399-1799,Public       ,51,86,137,1627,1788,3415
00932500,ABRAM FRIEDMAN OCCUP CTR                ,CA,90015-3507,Public       ,0,2,2,11,40,51
00950900,SKILLS & BUSINESS EDUCATION CENTER      ,CA,95824-1529,Public       ,13,84,97,169,1137,1306
00974800,WESTERN CAREER COLLEGE                  ,CA,95826-3203,Proprietary  ,52,175,227,2139,5352,7491
00974801,WESTERN CAREER COLLEGE - SAN LEANDRO CAM,CA,94578-3711,Proprietary  ,25,76,101,40,114,154
00974802,WESTERN CAREER COLLEGE - PLEASANT HILL C,CA,94523-1984,Proprietary  ,19,47,66,277,589,866
00974803,WESTERN CAREER COLLEGE - STOCKTON       ,CA,95207-5509,Proprietary  ,19,46,65,29,77,106
00974804,WESTERN CAREER COLLEGE - CITRUS HEIGHTS ,CA,95621-5577,Proprietary  ,23,83,106,34,123,157
00974805,WESTERN CAREER COLLEGE - FREMONT        ,CA,94538-3115,Proprietary  ,0,0,0,68,242,310
00974806,WESTERN CAREER COLLEGE -  ANTIOCH/WALNUT,CA,94531-1604,Proprietary  ,33,81,114,65,138,203
00974807,WESTERN CAREER COLLEGE - SAN JOSE       ,CA,95119-1325,Proprietary  ,23,59,82,42,102,144
00974808,WESTERN CAREER COLLEGE - EMERYVILLE     ,CA,94608-3006,Proprietary  ,0,1,1,2,5,7
00974809,WESTERN CAREER COLLEGE -  EMERYVILLE SHE,CA,94608-3006,Proprietary  ,0,4,4,4,8,12
00974810,WESTERN CAREER COLLEGE - CONCORD        ,CA,94520-5671,Proprietary  ,0,2,2,2,9,11
00998900,SANTA BARBARA BUSINESS COLLEGE          ,CA,93111-0000,Proprietary  ,13,38,51,184,465,649
01011100,CERRO-COSO COMMUNITY COLLEGE            ,CA,93555-9571,Public       ,15,59,74,469,1430,1899
01014225,TOURO CLG OSEOPATHIC MEDICINE           ,CA,94592-1115,Private      ,0,1,1,21,556,577
01014900,PEPPERDINE UNIVERSITY                   ,CA,90263-0000,Private      ,13,128,141,5638,5552,11190
01033300,JESUIT SCHOOL OF THEOLOGY - BERKELEY    ,CA,94709-1193,Private      ,0,1,1,0,69,69
01034000,LOS MEDANOS COLLEGE                     ,CA,94565-5197,Public       ,23,53,76,1386,2086,3472
01036500,CHARLES R DREW UNIV OF MED & SCI        ,CA,90059-0000,Private      ,0,5,5,50,426,476
01036800,MENNONITE BRETHREN BIBLICAL SEM         ,CA,93727-0000,Private      ,0,1,1,2,79,81
01037500,HARBOR OCCUPATIONAL CENTER              ,CA,90731-0000,Public       ,0,2,2,26,40,66
01039500,UNIVERSITY OF SAN DIEGO                 ,CA,92110-2492,Private      ,14,36,50,10126,3024,13150
01039501,UNIVERSITY OF SAN DIEGO - SCHOOL OF LAW ,CA,92110-2492,Private      ,0,5,5,66,2764,2830
01044100,PARDEE RAND GRADUATE SCHOOL             ,CA,90407-2138,Private      ,0,1,1,0,26,26
01047400,MARYMOUNT COLLEGE OF PALOS VERDES       ,CA,90275-0000,Private      ,0,0,0,531,60,591
01057900,WEST VALLEY OCCUPATIONAL CTR            ,CA,91367-0000,Public       ,1,3,4,50,68,118
01083100,NEW COLLEGE OF CALIFORNIA               ,CA,94102-0000,Private      ,0,0,0,109,1036,1145
01083200,WESTERN STATE UNIV COLLEGE OF LAW       ,CA,92831-3014,Proprietary  ,0,1,1,8,941,949
01085400,THOMAS JEFFERSON SCHOOL OF LAW          ,CA,92110-0000,Private      ,0,8,8,6,1564,1570
01102400,EVEREST COLLEGE                         ,CA,94103-2091,Proprietary  ,32,76,108,602,1999,2601
01110700,EVEREST  COLLEGE                        ,CA,92801-5231,Proprietary  ,24,90,114,345,870,1215
01110900,EVEREST COLLEGE                         ,CA,91335-4631,Proprietary  ,57,104,161,455,819,1274
01111200,FIDM-FASHION INSTITUTE OF DESIGN        ,CA,90015-1421,Proprietary  ,37,16,53,5465,1716,7181
01111700,ALLIANT INTERNATIONAL UNIVERSITY        ,CA,92131-1799,Private      ,1,31,32,57,1762,1819
01111705,ALLIANT INTERNATIONAL UNIVERSITY - LOS A,CA,91803-1360,Private      ,0,2,2,8,497,505
01111706,ALLIANT INTERNATIONAL UNIVERSITY - SAN F,CA,94133-1221,Private      ,0,3,3,4,537,541
01111707,ALLIANT INTERNATIONAL UNIVERSITY - FRESN,CA,93727-2014,Private      ,0,6,6,19,320,339
01112100,EVEREST COLLEGE                         ,CA,94541-4007,Proprietary  ,56,143,199,238,718,956
01112300,EVEREST COLLEGE                         ,CA,90247-4163,Proprietary  ,41,116,157,456,1606,2062
01146000,NATIONAL UNIVERSITY                     ,CA,92037-1011,Private      ,20,1159,1179,373,15201,15574
01162600,PRACTICAL SCHOOLS                       ,CA,92805-0000,Proprietary  ,23,48,71,444,657,1101
01164900,LOYOLA MARYMOUNT UNIVERSITY             ,CA,90045-0000,Private      ,16,50,66,8513,2770,11283
01164901,LOYOLA MARYMOUNT UNIVERSITY - LOYOLA LAW,CA,90015-0019,Private      ,0,6,6,20,3000,3020
01167200,MENDOCINO COMMUNITY COLLEGE             ,CA,95482-3000,Public       ,18,29,47,766,1184,1950
01169600,NATIONAL POLYTECHNIC COLLEGE OF SCIENCE ,CA,90744-6399,Private      ,6,30,36,111,396,507
01170700,NORTH-WEST COLLEGE                      ,CA,91790-2097,Proprietary  ,34,80,114,202,470,672
01179200,FRANCISCAN SCHOOL OF THEOLOGY           ,CA,94709-0000,Private      ,0,1,1,0,27,27
01182000,SAN DIEGO MIRAMAR COLLEGE               ,CA,92126-0000,Public       ,55,143,198,2034,2918,4952
01186500,CALIFORNIA HAIR DESIGN ACADEMY          ,CA,92115-0000,Proprietary  ,5,14,19,70,101,171
01202600,JE BOUTIQUE COLLEGE OF BEAUTY           ,CA,92021-6247,Proprietary  ,4,21,25,58,122,180
01202700,GALEN COLLEGE OF CALIFORNIA             ,CA,93728-2381,Proprietary  ,7,18,25,92,162,254
01203100,SAN DIEGO CHRISTIAN COLLEGE             ,CA,92019-1157,Private      ,0,1,1,494,180,674
01206100,EVEREST COLLEGE                         ,CA,95128-3908,Proprietary  ,17,52,69,207,508,715
01215400,CALIFORNIA INSTITUTE OF INTEGRAL STUDIES,CA,94103-2557,Private      ,1,10,11,14,1130,1144
01231600,MANCHESTER BEAUTY COLLEGE               ,CA,93726-5306,Proprietary  ,7,17,24,95,205,300
01231700,TULARE BEAUTY COLLEGE                   ,CA,93274-3432,Proprietary  ,0,3,3,16,28,44
01244600,UNIVERSAL COLLEGE OF BEAUTY             ,CA,90044-0044,Proprietary  ,1,15,16,49,119,168
01245200,EVERGREEN VALLEY COLLEGE                ,CA,95135-1598,Public       ,23,55,78,2590,2540,5130
01255000,LOS ANGELES MISSION COLLEGE             ,CA,91342-3200,Public       ,39,104,143,1830,2624,4454
01265000,MARINELLO SCHOOL OF BEAUTY              ,CA,91502-2828,Proprietary  ,13,39,52,111,280,391
01265100,MARINELLO SCHOOL OF BEAUTY              ,CA,91748-1674,Proprietary  ,4,27,31,44,192,236
01284200,OXNARD COLLEGE                          ,CA,93030-0000,Public       ,72,145,217,1857,2486,4343
01287200,NORTH-WEST COLLEGE                      ,CA,91768-3199,Proprietary  ,17,68,85,118,439,557
01287300,WYOTECH                                 ,CA,90810-3800,Proprietary  ,149,319,468,1399,3120,4519
01287301,WYOTECH - EVEREST  COLLEGE              ,CA,90034-3158,Proprietary  ,16,111,127,63,299,362
01287302,WYOTECH - EVEREST  COLLEGE              ,CA,91746-3412,Proprietary  ,55,120,175,162,307,469
01290700,LAKE TAHOE COMMUNITY COLLEGE            ,CA,96150-4524,Public       ,11,23,34,351,481,832
01291100,MARINELLO SCHOOL OF BEAUTY              ,CA,92646-2552,Proprietary  ,10,16,26,58,110,168
01291200,MTI COLLEGE                             ,CA,95841-0000,Proprietary  ,21,78,99,442,1093,1535
01294200,ROSEMEAD BEAUTY SCHOOL                  ,CA,91770-1639,Proprietary  ,5,29,34,42,169,211
01298400,PROFESSIONAL INSTITUTE OF BEAUTY        ,CA,91731-2613,Proprietary  ,2,15,17,24,97,121
01298500,HAIR CALIFORNIA BEAUTY ACADEMY          ,CA,92867-7127,Proprietary  ,1,0,1,13,7,20
01298900,OCEANSIDE COLLEGE OF BEAUTY             ,CA,92054-5393,Proprietary  ,3,5,8,27,48,75
01301000,LANCASTER BEAUTY SCHOOL                 ,CA,93534-3098,Proprietary  ,9,22,31,81,195,276
01307400,AMERICAN BEAUTY COLLEGE                 ,CA,90706-5417,Proprietary  ,0,6,6,20,84,104
01309500,SALON SUCCESS ACADEMY                   ,CA,92879-6561,Proprietary  ,15,21,36,90,99,189
01310300,CALIFORNIA WESTERN SCHOOL OF LAW        ,CA,92101-0000,Private      ,0,2,2,6,1777,1783
01323300,SIMI VALLEY ADULT SCHOOL/CAREER INS     ,CA,93065-3940,Public       ,0,0,0,13,38,51
01324000,LYTLE'S REDWOOD EMPIRE BEAUTY CLG       ,CA,95403-0000,Proprietary  ,2,3,5,70,108,178
02054900,MARINELLO SCHOOL OF BEAUTY              ,CA,92630-0000,Proprietary  ,4,14,18,33,66,99
02057700,ALMADEN BEAUTY COLLEGE                  ,CA,95123-0000,Proprietary  ,0,0,0,0,1,1
02059800,PARIS BEAUTY COLLEGE                    ,CA,94520-2611,Proprietary  ,2,16,18,33,115,148
02063500,COASTLINE COMMUNITY COLLEGE             ,CA,92708-0000,Public       ,4,76,80,576,2453,3029
02064300,SIERRA COLLEGE OF BEAUTY                ,CA,95340-0000,Proprietary  ,0,8,8,57,85,142
02065500,BROOKS COLLEGE                          ,CA,90804-3289,Proprietary  ,3,0,3,506,262,768
02065501,BROOKS COLLEGE - SUNNYVALE              ,CA,94086-5303,Proprietary  ,0,0,0,151,144,295
02065700,CALIFORNIA BEAUTY COLLEGE               ,CA,95354-0000,Proprietary  ,2,2,4,55,59,114
02070500,CONCORDIA UNIVERSITY                    ,CA,92612-0000,Private      ,3,22,25,1360,999,2359
02075800,SOUTHERN CA INST OF ARCHITECTURE        ,CA,90013-0000,Private      ,0,2,2,109,517,626
02086400,MARINELLO SCHOOL OF BEAUTY              ,CA,95050-0000,Proprietary  ,16,21,37,35,80,115
02091200,ELEGANCE INTERNATIONAL                  ,CA,90028-0000,Proprietary  ,1,7,8,50,61,111
02091700,KAPLAN COLLEGE                          ,CA,92123-1509,Proprietary  ,31,77,108,592,1320,1912
02096100,FIELDING INSTITUTE                      ,CA,93105-0000,Private      ,0,24,24,0,1225,1225
02099200,AMERICAN CONSERVATORY THEATER           ,CA,94108-0000,Private      ,0,0,0,12,149,161
02110200,COLUMBIA COLLEGE                        ,CA,91356-0000,Private      ,3,2,5,263,156,419
02110800,CALIFORNIA COLLEGE SAN DIEGO            ,CA,92108-3821,Proprietary  ,13,86,99,270,790,1060
02111300,CUYAMACA COLLEGE                        ,CA,92019-0000,Public       ,26,76,102,1748,2327,4075
02113601,AMERICAN INTERCONTINENTAL UNIV - LOS ANG,CA,90066-7008,Proprietary  ,4,15,19,653,910,1563
02119100,MISSION COLLEGE                         ,CA,95054-1897,Public       ,13,66,79,1407,2498,3905
02120600,SAYBROOK GRADUATE SCHOOL                ,CA,94111-1920,Private      ,0,4,4,0,478,478
02120700,SAN JOAQUIN VALLEY COLLEGE              ,CA,93291-0000,Proprietary  ,244,564,808,2533,5409,7942
02120900,ITT TECHNICAL INSTITUTE                 ,CA,95670-6034,Proprietary  ,46,104,150,707,1160,1867
02125000,CAREER ACADEMY OF BEAUTY                ,CA,92845-0000,Proprietary  ,7,21,28,70,148,218
02128200,"VICTOR VALLEY BEAUTY COLLEGE, INC       ",CA,92392-0000,Proprietary  ,8,9,17,142,149,291
02128300,INSTITUTE FOR BUSINESS & TECHNOLOGY     ,CA,95050-0000,Proprietary  ,28,86,114,293,1006,1299
02128301,INSTITUTE FOR BUSINESS & TECHNOLOGY     ,CA,95610-0000,Proprietary  ,6,27,33,127,738,865
02138300,PALO ALTO UNIVERSITY                    ,CA,94304-1337,Private      ,0,2,2,5,441,446
02147400,CLEVELAND CHIROPRACTIC COLLEGE          ,CA,90004-0000,Private      ,0,11,11,44,378,422
02161800,MUSICIANS INSTITUTE                     ,CA,90028-6157,Proprietary  ,9,18,27,1013,801,1814
02167800,ESTES INSTITUTE OF COSMETOLOGY          ,CA,93291-0000,Proprietary  ,4,2,6,94,77,171
02174600,MARINELLO SCHOOL OF BEAUTY              ,CA,90201-0000,Proprietary  ,5,19,24,59,203,262
02180600,BRIDGES  ACADEMY OF BEAUTY              ,CA,92311-2327,Proprietary  ,2,1,3,13,14,27
02184900,PALMER COLLEGE OF CHIROPRACTIC WEST     ,CA,95134-0000,Private      ,0,2,2,12,322,334
02185800,MOLER BARBER COLLEGE                    ,CA,94611-0000,Proprietary  ,0,1,1,17,42,59
02187500,"HEALD COLLEGE, SCH OF BUS & TECH        ",CA,94520-0000,Proprietary  ,37,102,139,569,1173,1742
02188400,SIERRA VALLEY COLLEGE OF COURT REPORTING,CA,93726-0000,Proprietary  ,1,2,3,68,214,282
02208600,MADERA BEAUTY COLLEGE                   ,CA,93637-3519,Proprietary  ,2,0,2,15,25,40
02211000,HAIRMASTERS UNIVERSITY OF BEAUTY        ,CA,92405-0000,Proprietary  ,3,9,12,42,58,100
02220000,COLLEEN O'HARA BEAUTY ACADEMY           ,CA,92701-0000,Proprietary  ,11,35,46,76,267,343
02220200,CALIFORNIA CULINARY ACADEMY             ,CA,94102-3336,Proprietary  ,13,17,30,968,1049,2017
02221300,MARINELLO SCHOOL OF BEAUTY              ,CA,92553-0000,Proprietary  ,17,35,52,116,264,380
02222000,AMERICAN FILM INSTITUTE                 ,CA,90027-0000,Private      ,0,0,0,78,449,527
02226000,EAST LOS ANGELES COLLEGE                ,CA,91754-0000,Public       ,64,126,190,6343,5885,12228
02228500,LIFE CHIROPRACTIC COLLEGE-WEST          ,CA,94545-0000,Private      ,0,3,3,14,464,478
02230900,FREDRICK & CHARLES BEAUTY COLLEGE       ,CA,95501-0000,Proprietary  ,5,3,8,45,57,102
02231900,GEMOLOGICAL INSTITUTE OF AMERICA        ,CA,92008-4698,Private      ,0,2,2,74,241,315
02234300,FASHION CAREERS OF CALIFORNIA           ,CA,92110-0000,Proprietary  ,0,6,6,101,138,239
02236400,"THANH LE COLG, SCH OF COSMETOLOGY       ",CA,92840-0000,Proprietary  ,1,23,24,5,67,72
02237200,PHILLIPS GRADUATE INSTITUTE             ,CA,91316-0000,Private      ,0,0,0,2,389,391
02241600,SAN DIEGO CONTINUING EDUCATION          ,CA,92113-0000,Public       ,3,34,37,53,401,454
02241800,AMERICAN CAREER COLLEGE                 ,CA,90004-0000,Proprietary  ,226,522,748,1821,4032,5853
02242700,BERKELEY CITY COLLEGE                   ,CA,94704-0000,Public       ,23,81,104,929,2202,3131
02250602,EVEREST COLLEGE                         ,CA,91761-8525,Proprietary  ,36,88,124,94,267,361
02255400,INTERNATIONAL SCHOOL OF COSMETOLOGY     ,CA,90250-0000,Proprietary  ,0,0,0,16,72,88
02255600,MARINELLO SCHOOL OF BEAUTY              ,CA,90723-0000,Proprietary  ,8,32,40,86,256,342
02258600,ALAMEDA BEAUTY COLLEGE                  ,CA,94501-0000,Proprietary  ,4,14,18,52,86,138
02262400,YESHIVA OHR ELCHONON CHABAD             ,CA,90046-0000,Private      ,21,0,21,88,2,90
02263101,ANTHEM COLLEGE - HIGH-TECH INSTITUTE - S,CA,95827-0000,Proprietary  ,0,2,2,5,15,20
02267600,INSTITUTE OF TRANSPERSONAL PSYCHLGY     ,CA,94303-4624,Private      ,0,5,5,4,403,407
02270600,LIFE PACIFIC COLLEGE                    ,CA,91773-0000,Private      ,3,3,6,315,199,514
02276800,WESTMINSTER SEMINARY CALIFORNIA         ,CA,92027-0000,Private      ,0,0,0,5,121,126
02277400,SOUTH COAST COLLEGE                     ,CA,92868-2616,Proprietary  ,1,2,3,88,366,454
02282300,ALHAMBRA BEAUTY COLLEGE                 ,CA,91802-0000,Proprietary  ,3,14,17,37,167,204
02285100,HILLTOP BEAUTY SCHOOL                   ,CA,94014-0000,Proprietary  ,1,21,22,26,188,214
02291500,ITT TECHNICAL INSTITUTE                 ,CA,91773-0000,Proprietary  ,95,118,213,1046,1362,2408
02291600,ITT TECHNICAL INSTITUTE                 ,CA,92123-0000,Proprietary  ,69,149,218,729,1589,2318
02298000,DESIGN INSTITUTE OF SAN DIEGO           ,CA,92121-0000,Proprietary  ,0,3,3,173,281,454
02304300,"PLATT COLLEGE, SAN DIEGO                ",CA,92115-0000,Proprietary  ,12,22,34,176,267,443
02306300,KAPLAN COLLEGE                          ,CA,95368-0000,Proprietary  ,45,105,150,478,1074,1552
02306302,KAPLAN COLLEGE - FRESNO                 ,CA,93612-3802,Proprietary  ,33,83,116,315,643,958
02309500,CLOVIS ADULT EDUC                       ,CA,93611-0000,Public       ,0,4,4,34,236,270
02312400,LA COLLEGE INTERNATIONAL                ,CA,90010-0000,Proprietary  ,1,60,61,64,285,349
02321800,ITT TECHNICAL INSTITUTE                 ,CA,91342-3664,Proprietary  ,69,93,162,934,1149,2083
02321900,ITT TECHNICAL INSTITUTE                 ,CA,92801-0000,Proprietary  ,84,140,224,656,968,1624
02327600,ART INST OF CALIFORNIA-SAN DIEGO        ,CA,92108-4401,Proprietary  ,37,48,85,2640,2025,4665
02330500,LAGUNA COLLEGE OF ART AND DESIGN        ,CA,92651-0000,Private      ,0,0,0,283,139,422
02332800,CENTER FOR EMPLOYMENT TRAINING          ,CA,95110-0000,Private      ,65,435,500,451,2815,3266
02338500,GLENDALE CAREER COLLEGE                 ,CA,91201-0000,Proprietary  ,0,5,5,142,425,567
02338700,MARINELLO SCHOOL OF BEAUTY              ,CA,94103-0000,Proprietary  ,4,9,13,56,129,185
02342400,ACADEMY OF RADIO BROADCASTING           ,CA,92647-3809,Proprietary  ,5,6,11,38,136,174
02343400,"BELLUS ACADEMY, THE ACADEMY OF BEAUTY AN",CA,92064-4633,Proprietary  ,9,28,37,95,197,292
02345800,MONTEBELLO BEAUTY COLLEGE               ,CA,90640-0000,Proprietary  ,3,10,13,49,111,160
02351900,KAPLAN COLLEGE                          ,CA,95660-5512,Proprietary  ,37,96,133,239,679,918
02351901,KAPLAN COLLEGE - BAKERSFIELD            ,CA,93304-0000,Proprietary  ,28,117,145,269,808,1077
02358000,THOMAS AQUINAS COLLEGE                  ,CA,93060-9622,Private      ,0,1,1,319,27,346
02359300,SHASTA BIBLE COLLEGE                    ,CA,96002-0000,Private      ,0,0,0,46,57,103
02482700,WESTERN UNIVERSITY OF HEALTH S          ,CA,91766-1854,Private      ,0,7,7,49,3026,3075
02494800,LOLA BEAUTY COLLEGE                     ,CA,92641-0000,Proprietary  ,0,4,4,3,47,50
02497300,TRINITY COLLEGE                         ,CA,93277-0000,Proprietary  ,20,102,122,210,803,1013
02500000,SAN JOAQUIN COLLEGE OF LAW              ,CA,93612-0000,Private      ,0,1,1,7,284,291
02518400,THE NATIONAL HISPANIC UNIVERSITY        ,CA,95127-0000,Private      ,1,9,10,228,362,590
02519800,AVANCE BEAUTY COLLEGE                   ,CA,92154-0000,Proprietary  ,1,11,12,46,70,116
02520200,CALIFORNIA CAREER SCHOOLS               ,CA,92805-0000,Proprietary  ,1,5,6,5,62,67
02520300,INTERIOR DESIGNERS INSTITUTE            ,CA,92660-0000,Proprietary  ,9,19,28,63,159,222
02520400,ADRIAN'S BEAUTY COLLEGE OF TURLOCK      ,CA,95382-0000,Proprietary  ,36,37,73,45,49,94
02537200,PALOMAR INSTITUTE OF COSMETOLOGY        ,CA,92069-0000,Proprietary  ,17,12,29,141,197,338
02539100,KAPLAN COLLEGE                          ,CA,91606-3231,Proprietary  ,34,87,121,534,1097,1631
02539102,KAPLAN COLLEGE -  RIVERSIDE             ,CA,92507-4223,Proprietary  ,43,73,116,271,641,912
02539500,IRVINE VALLEY COLLEGE                   ,CA,92620-0000,Public       ,29,70,99,1641,1710,3351
02542300,NATIONAL HOLISTIC INSTITUTE             ,CA,94608-0000,Proprietary  ,0,1,1,178,460,638
02543400,BROWNSON TECHNICAL SCHOOL               ,CA,92805-0000,Proprietary  ,2,28,30,18,157,175
02545900,HYPNOSIS MOTIVATION INSTITUTE           ,CA,91356-0000,Private      ,0,43,43,8,264,272
02546400,MTI BUSINESS COLLEGE INC                ,CA,95207-0000,Proprietary  ,5,28,33,43,263,306
02549000,KAPLAN COLLEGE                          ,CA,92083-7736,Proprietary  ,55,148,203,532,1105,1637
02549005,KAPLAN COLLEGE -  PALM SPRINGS          ,CA,92262-7011,Proprietary  ,21,56,77,259,524,783
02553500,ASSOCIATED TECHNICAL COLLEGE            ,CA,92101-0000,Proprietary  ,15,49,64,52,210,262
02553600,DIVERSIFIED LANGUAGE INSTITUTE          ,CA,90017-0000,Proprietary  ,0,118,118,1,851,852
02559300,UNITED EDUCATION INSTITUTE              ,CA,90020-0000,Proprietary  ,252,559,811,1595,3631,5226
02559400,INTERCOAST COLLEGES                     ,CA,92868-1656,Proprietary  ,21,231,252,144,1093,1237
02565400,KAPLAN COLLEGE                          ,CA,95207-6216,Proprietary  ,41,94,135,299,723,1022
02570300,LOS ANGELES ORT TECHNICAL INSTITUTE     ,CA,90048-0000,Private      ,16,113,129,132,799,931
02577900,SANTA BARBARA BUSINESS COLLEGE          ,CA,93309-1664,Proprietary  ,49,118,167,340,757,1097
02578000,SANTA BARBARA BUSINESS COLLEGE          ,CA,93454-6943,Proprietary  ,5,20,25,112,346,458
02584200,NEWBRIDGE COLLEGE                       ,CA,92701-0000,Proprietary  ,23,78,101,228,852,1080
02591600,NORTH-WEST COLLEGE                      ,CA,91101-1744,Proprietary  ,2,14,16,35,124,159
02593100,HEALD COLLEGE                           ,CA,95678-5303,Proprietary  ,16,100,116,329,952,1281
02593200,HEALD COLLEGE                           ,CA,95035-8008,Proprietary  ,20,98,118,469,1076,1545
02593300,HEALD COLLEGE                           ,CA,95210-5667,Proprietary  ,40,119,159,667,1180,1847
02595600,ASIAN AMERICAN INTERNATIONAL BTY CG     ,CA,92683-4043,Proprietary  ,1,6,7,13,106,119
02597300,SOUTH BAYLO UNIVERSITY                  ,CA,92801-1701,Private      ,0,12,12,3,168,171
02602300,CENTRAL COAST COLLEGE                   ,CA,93901-3301,Proprietary  ,4,24,28,115,203,318
02608900,PINNACLE COLLEGE                        ,CA,91803-8842,Proprietary  ,5,11,16,75,96,171
02609000,EMPERORS COLG OF TRAD ORIENTAL MED      ,CA,90403-5609,Proprietary  ,0,6,6,3,187,190
02612800,LOS ANGELES RECORDING SCHOOL            ,CA,90028-3112,Proprietary  ,22,21,43,723,835,1558
02619300,SAMRA UNIV OF ORIENTAL MEDICINE         ,CA,90015-1019,Private      ,0,6,6,2,93,95
02620300,PLATT COLLEGE                           ,CA,92647-3017,Proprietary  ,0,0,0,46,71,117
03010611,VIRGINIA COLLEGE - GOLF ACADEMY OF AMERI,CA,92008-6512,Proprietary  ,1,5,6,116,117,233
03011300,"CALIF STATE UNIV, SAN MARCOS            ",CA,92096-0001,Public       ,81,51,132,6217,4150,10367
03019900,ADELANTE CAREER INSTITUTE               ,CA,91402-4924,Proprietary  ,8,18,26,27,122,149
03025600,DELL'ARTE SCH OF PHYSICAL THEATRE       ,CA,95525-0816,Private      ,0,0,0,4,38,42
03027700,PACIFIC COLLEGE OF ORIENTAL MED         ,CA,92108-4408,Proprietary  ,1,7,8,16,539,555
03029600,POMONA ADULT SCHOOL                     ,CA,91766-0000,Public       ,5,25,30,83,224,307
03031409,INTERNATIONAL ACADEMY OF DESIGN AND TECH,CA,95834-9664,Proprietary  ,0,4,4,42,51,93
03034000,HEALD COLLEGE                           ,CA,93906-5100,Proprietary  ,25,90,115,417,795,1212
03035700,LAS POSITAS COLLEGE                     ,CA,94551-6750,Public       ,22,41,63,1091,1121,2212
03039900,FREMONT COLLEGE                         ,CA,90703-5342,Proprietary  ,7,22,29,115,178,293
03043900,NEWSCHOOL OF ARCHITECTURE & DESIGN      ,CA,92101-6634,Proprietary  ,4,6,10,227,370,597
03044500,KAPLAN COLLEGE                          ,CA,91402-4222,Proprietary  ,18,38,56,128,309,437
03054100,ROYALE COLLEGE OF BEAUTY                ,CA,92590-2525,Proprietary  ,4,8,12,52,84,136
03062300,WESTECH COLLEGE                         ,CA,91764-4988,Proprietary  ,24,120,144,126,550,676
03062400,MT DIABLO ADULT EDUC LOMA VISTA CTR     ,CA,94518-1122,Public       ,3,8,11,35,103,138
03062700,PLATT COLLEGE                           ,CA,90041-0000,Proprietary  ,9,8,17,173,226,399
03062701,PLATT COLLEGE                           ,CA,91764-0000,Proprietary  ,14,31,45,225,327,552
03063400,MODERN TECHNOLOGY SCHOOL                ,CA,92708-9821,Proprietary  ,1,13,14,78,273,351
03067400,BALDWIN PARK ADULT SCHOOL               ,CA,91706-4897,Public       ,3,34,37,44,160,204
03067500,INSTITUTE OF TECHNOLOGY                 ,CA,93612-3217,Proprietary  ,109,326,435,856,2449,3305
03069500,SAGE COLLEGE                            ,CA,92557-6720,Proprietary  ,6,18,24,126,467,593
03070400,ITT TECHNICAL INSTITUTE                 ,CA,92408-3519,Proprietary  ,109,132,241,1106,1449,2555
03072300,EVEREST COLLEGE                         ,CA,91761-3222,Proprietary  ,60,112,172,621,1655,2276
03072700,WESTWOOD COLLEGE - LOS ANGELES          ,CA,90010-1577,Proprietary  ,30,51,81,890,780,1670
03074900,MARTINEZ ADULT CENTER                   ,CA,94553-3298,Public       ,0,9,9,6,63,69
03078200,AMERICAN CLG TRADITIONAL CHINESE MD     ,CA,94107-2813,Private      ,0,4,4,3,246,249
03084700,VENTURA ADULT\CONTINUING EDUCATION      ,CA,93003-7313,Public       ,1,18,19,42,161,203
03087400,ITT TECHNICAL INSTITUTE                 ,CA,90502-1356,Proprietary  ,55,114,169,942,1853,2795
03094400,ELITE PROGRESSIVE SCHOOL OF COSM        ,CA,95841-2909,Proprietary  ,11,17,28,314,309,623
03097700,CENTRAL CALIF SCH CONTINUING EDUC       ,CA,93401-6739,Proprietary  ,1,3,4,40,216,256
03098200,YO SAN UNIV TRADITIONAL CHINESE MED     ,CA,90066-1103,Private      ,0,4,4,5,155,160
03105700,MONTEREY PARK COLLEGE                   ,CA,91754-2416,Proprietary  ,0,1,1,16,14,30
03108100,SUMMIT CAREER COLLEGE                   ,CA,92324-3956,Proprietary  ,25,125,150,440,1810,2250
03109500,DONGGUK ROYAL UNIVERSITY                ,CA,90020-1765,Private      ,0,1,1,0,97,97
03113100,MARIC COLLEGE                           ,CA,92630-0000,Proprietary  ,0,0,0,0,1,1
03113102,MARIC COLLEGE - CARSON                  ,CA,90746-3228,Proprietary  ,0,0,0,8,7,15
03113103,MARIC COLLEGE - RIVERSIDE               ,CA,92507-4223,Proprietary  ,0,0,0,59,110,169
03113105,MARIC COLLEGE - POMONA                  ,CA,91768-2643,Proprietary  ,0,0,0,15,7,22
03113300,MCED CAREER COLLEGE                     ,CA,93727-1620,Proprietary  ,11,225,236,99,1174,1273
03113600,SOUTHERN CALIFORNIA INST OF TECHNOL     ,CA,92805-3758,Proprietary  ,9,144,153,85,1007,1092
03115400,LYLE'S FRESNO COLLEGE OF BEAUTY         ,CA,93710-0000,Proprietary  ,0,1,1,31,16,47
03116600,EAST SAN GABRIEL VLY REG OCCUP PROG     ,CA,91790-2105,Public       ,0,5,5,7,26,33
03123000,SONOMA COLLEGE                          ,CA,94954-7464,Proprietary  ,0,0,0,24,33,57
03125300,JOHN WESLEY INTER. BARBER & BTY CLG     ,CA,90813-4321,Proprietary  ,2,1,3,37,87,124
03125400,ART INSTITUTE OF CALIFORNIA-HOLLYWOOD (T,CA,90010-1014,Proprietary  ,37,29,66,796,638,1434
03125800,PREMIERE CAREER COLLEGE                 ,CA,91706-3746,Proprietary  ,8,37,45,118,400,518
03126800,PACIFICA GRADUATE INSTITUTE             ,CA,93013-0000,Proprietary  ,0,12,12,1,849,850
03128700,MT SIERRA COLLEGE                       ,CA,91016-3414,Proprietary  ,5,15,20,297,444,741
03131300,FIVE BRANCHES UNIVERSITY                ,CA,95062-4669,Private      ,0,5,5,15,315,330
03138400,AMERICAN COLLEGE OF MEDICAL TECH        ,CA,90248-1611,Proprietary  ,0,0,0,9,12,21
03144400,AMERICAN CLG OF HEALTH PROFESSIONS      ,CA,92374-0000,Proprietary  ,0,0,0,12,27,39
03150500,VIRGINIA SEWING MACHINES & SCH CTR      ,CA,90015-3535,Proprietary  ,0,10,10,1,108,109
03162300,FOUR-D SUCCESS ACADEMY                  ,CA,92324-4218,Proprietary  ,13,94,107,137,836,973
03163300,PACIFIC STATES UNIVERSITY               ,CA,90006-4298,Private      ,0,1,1,8,24,32
03195400,EVEREST COLLEGE                         ,CA,90501-2867,Proprietary  ,14,27,41,85,202,287
03210300,CALIFORNIA SCHOOL OF CULINARY ARTS      ,CA,91101-5221,Proprietary  ,43,86,129,1405,1484,2889
03225300,AMERICAN UNIVERSITY OF HEALTH SCIENCES  ,CA,90755-3612,Proprietary  ,6,10,16,52,88,140
03242300,CAREER NETWORK INSTITUTE                ,CA,92868-4710,Proprietary  ,20,58,78,162,563,725
03250300,COMMUNITY BASED EDUCATION AND DEVEL     ,CA,90036-1137,Private      ,6,63,69,30,404,434
03260300,CALIFORNIA STATE U-MONTEREY BAY         ,CA,93955-8001,Public       ,10,41,51,3966,1855,5821
03266300,BETHESDA CHRISTIAN UNIVERSITY           ,CA,92801-4132,Private      ,0,1,1,5,39,44
03278300,CLARITA CAREER COLLEGE                  ,CA,91351-5432,Proprietary  ,32,110,142,283,856,1139
03282300,KIM ANH ACADEMY OF BEAUTY               ,CA,92683-4605,Proprietary  ,3,42,45,5,137,142
03288300,ACAD CHINESE CULTURE & HEALTH SCIS      ,CA,94512-0000,Private      ,0,2,2,5,104,109
03299300,PACIFIC COLLEGE                         ,CA,92626-3160,Proprietary  ,6,20,26,66,319,385
03308300,KENSINGTON COLLEGE                      ,CA,92705-8708,Proprietary  ,0,9,9,3,41,44
03321300,SCRIPPS RESEARCH INSTITUTE (THE)        ,CA,92037-0000,Private      ,0,0,0,4,28,32
03327400,ACUPUNCTURE AND INTEGRATIVE MEDICINE COL,CA,94704-2724,Private      ,0,4,4,4,161,165
03332300,SOUTHERN CA BIBLE CLG & SEMINARY        ,CA,92019-1109,Private      ,0,4,4,8,150,158
03359300,ST. FRANCIS CAREER COLLEGE              ,CA,90262-2659,Private      ,3,14,17,79,327,406
03367300,PROFESSIONAL GOLFERS CAREER COLLEGE     ,CA,92591-6013,Proprietary  ,2,7,9,106,194,300
03392300,CHASE COLLEGE                           ,CA,90010-2501,Proprietary  ,0,0,0,5,4,9
03394300,REMINGTON COLLEGE - SAN DIEGO CAMPUS    ,CA,92108-3002,Proprietary  ,17,55,72,402,1024,1426
03395300,INTERNATIONAL CAREER DEVELOPMENT        ,CA,90027-5794,Proprietary  ,55,212,267,583,1824,2407
03399300,NORTHWESTERN TECHNICAL COLLEGE          ,CA,95670-4443,Proprietary  ,13,51,64,115,452,567
03403300,TRINITY LIFE BIBLE COLLEGE              ,CA,95842-3546,Private      ,2,9,11,75,228,303
03413400,ENGLISH CENTER  (THE)                   ,CA,94607-3734,Private      ,2,19,21,38,206,244
03427400,CAREER COLLEGES OF AMERICA              ,CA,90280-7420,Proprietary  ,60,267,327,420,2149,2569
03427500,ANTELOPE VALLEY MEDICAL COLLEGE         ,CA,93534-3324,Proprietary  ,32,75,107,244,665,909
03440400,MARIAN HEALTH CAREERS CENTER            ,CA,90010-1728,Proprietary  ,25,32,57,88,161,249
03441400,VALLEY CAREER COLLEGE                   ,CA,92020-3057,Proprietary  ,19,70,89,151,537,688
03455900,VALLECITOS CENTER FOR EMPLOYMENT TR     ,CA,94541-5027,Private      ,1,9,10,6,50,56
03458300,MY LE'S BEAUTY COLLEGE                  ,CA,95824-3039,Proprietary  ,2,26,28,52,198,250
03467300,MARINELLO SCHOOL OF BEAUTY              ,CA,92545-3661,Proprietary  ,6,20,26,71,124,195
03467301,CALIFORNIA BEAUTY COLLEGE - DESERT HOT S,CA,92240-1307,Proprietary  ,0,0,0,2,3,5
03474700,OPPORTUNITIES INDUSTRIALIZATION CEN     ,CA,94025-1413,Private      ,0,0,0,0,6,6
03479300,PROFESSIONAL CAREER INSTITUTE           ,CA,90703-2522,Proprietary  ,2,34,36,68,250,318
03479400,DONALD VOCATIONAL SCHOOL                ,CA,90010-1718,Proprietary  ,0,3,3,18,198,216
03485400,JAMES ALBERT SCHOOL OF COSMETOLOGY      ,CA,92627-3831,Proprietary  ,8,19,27,48,65,113
03485401,JAMES ALBERT SCHOOL OF COSMETOLOGY - ANA,CA,92804-5384,Proprietary  ,0,0,0,7,8,15
03516300,THE KING'S COLLEGE AND SEMINARY         ,CA,91405-2233,Private      ,1,12,13,44,272,316
03532400,ADVANCED TRAINING ASSOCIATES            ,CA,92020-1236,Proprietary  ,2,7,9,6,22,28
03542400,COPPER MOUNTAIN COLLEGE                 ,CA,92252-6102,Public       ,4,20,24,416,1266,1682
03550300,OCCUPATIONAL TRAINING SERVICES          ,CA,92123-1539,Private      ,0,0,0,10,21,31
03577300,COBA ACADEMY                            ,CA,92866-1407,Proprietary  ,2,3,5,66,65,131
03590400,NTMA TRAINING CENTERS OF SOUTHERN C     ,CA,90650-6099,Private      ,23,120,143,108,721,829
03592400,IRELL & MANELLA GRADUATE SCHOOL OF BIOLO,CA,91010-0000,Private      ,0,0,0,2,9,11
03598300,AVALON BEAUTY COLLEGE                   ,CA,93103-3137,Proprietary  ,6,8,14,25,33,58
03602400,INSTITUTE OF NETWORK TECHNOLOGY         ,CA,90755-2274,Proprietary  ,0,0,0,0,2,2
03614300,UNITED BEAUTY COLLEGE                   ,CA,91733-0000,Proprietary  ,1,12,13,13,87,100
03615300,COMMUNITY BUSINESS COLLEGE              ,CA,95356-1569,Proprietary  ,0,0,0,10,17,27
03621300,LIBERTY TRAINING INSTITUTE              ,CA,90057-3202,Proprietary  ,7,58,65,18,178,196
03636300,HEARTWOOD INSTITUTE                     ,CA,95542-9446,Proprietary  ,0,0,0,0,2,2
03639300,WEST COAST ULTRASOUND INSTITUTE         ,CA,90211-3312,Proprietary  ,5,19,24,124,532,656
03646300,DESIGN'S SCHOOL OF COSMETOLOGY          ,CA,93446-1471,Proprietary  ,10,18,28,66,135,201
03681300,CALIFORNIA HEALING ARTS COLLEGE         ,CA,90025-2589,Proprietary  ,4,8,12,36,126,162
03695300,COMMUNITY ENHANCEMENT SERVICES          ,CA,91205-2395,Private      ,0,43,43,8,188,196
03695400,SALVATION ARMY CRESTMONT COLLEGE (THE)  ,CA,90275-5301,Private      ,0,0,0,0,1,1
03695700,SANTIAGO CANYON COLLEGE                 ,CA,92869-4512,Public       ,26,43,69,1268,965,2233
03696300,UNIVERSITY OF THE WEST                  ,CA,91770-3709,Private      ,0,1,1,2,32,34
03698300,WEST COAST UNIVERSITY                   ,CA,90004-0000,Proprietary  ,16,125,141,119,1196,1315
03698400,CA COLLEGE OF VOCATIONAL CAREER         ,CA,93301-1800,Proprietary  ,1,8,9,34,129,163
03722300,AMERICAN MEDICAL SCIENCES CENTER        ,CA,91601-3718,Proprietary  ,0,0,0,1,4,5
03736300,ADVANCE BEAUTY COLLEGE                  ,CA,92843-4752,Proprietary  ,1,42,43,17,364,381
03740400,ATI COLLEGE                             ,CA,90650-0000,Proprietary  ,10,32,42,51,203,254
03755300,GATES COLLEGE                           ,CA,90278-0000,Proprietary  ,0,0,0,2,2,4
03759300,COMPUTER TUTOR BUSINESS & TECH INST     ,CA,95356-0000,Proprietary  ,0,19,19,27,152,179
03786300,ADVANCED COLLEGE                        ,CA,90280-5255,Proprietary  ,9,35,44,65,208,273
03797400,CAREER CARE INSTITUTE                   ,CA,93534-4766,Proprietary  ,27,49,76,142,445,587
03806300,LAKE COLLEGE                            ,CA,96002-0926,Proprietary  ,2,18,20,55,326,381
03810300,SILICON VALLEY UNIVERSITY               ,CA,95131-1868,Private      ,0,1,1,11,22,33
03814400,SOKA UNIVERSITY OF AMERICA              ,CA,92656-8081,Private      ,0,0,0,260,22,282
03838400,WALTER JAY M.D. INSTITUTE AN EDUCATIONAL,CA,90057-0000,Proprietary  ,0,2,2,14,96,110
03852500,CIT COLLEGE OF INFOMEDICAL TECHNOLOGY   ,CA,92831-3703,Proprietary  ,5,67,72,51,392,443
03853300,KECK GRADUATE INSTITUTE OF APPLIED LIFE ,CA,91711-4817,Private      ,0,0,0,0,77,77
03853400,LADERA CAREER PATHS TRAINING CENTERS    ,CA,90045-1931,Proprietary  ,0,0,0,6,30,36
03868300,WORLD MISSION UNIVERSITY                ,CA,90020-1789,Private      ,0,0,0,7,67,74
03868400,LOS ANGELES MUSIC ACADEMY               ,CA,91105-2540,Proprietary  ,0,0,0,45,52,97
03871300,FOLSOM LAKE COLLEGE                     ,CA,95630-6798,Public       ,13,43,56,1001,1642,2643
03874300,CAMBRIDGE CAREER COLLEGE                ,CA,95993-0000,Proprietary  ,0,0,0,13,25,38
03874300,CAMBRIDGE JUNIOR COLLEGE                ,CA,95993-0000,Proprietary  ,5,20,25,17,121,138
03874400,COMMMUNITY CHRISTIAN COLLEGE            ,CA,92373-4465,Private      ,1,1,2,21,47,68
03889300,STANBRIDGE COLLEGE                      ,CA,92612-0000,Proprietary  ,14,26,40,42,211,253
03901300,PACIFIC COAST TRADE SCHOOL              ,CA,93033-2441,Proprietary  ,7,29,36,17,97,114
03904300,QUALITY COLLEGE OF CULINARY CAREERS     ,CA,93727-1615,Proprietary  ,0,0,0,38,49,87
03910400,NATIONAL POLYTECHNIC COLLEGE            ,CA,90040-3066,Proprietary  ,1,18,19,35,130,165
03933300,MUELLER COLLEGE OF HOLISTIC STUDIES     ,CA,92116-2630,Proprietary  ,0,1,1,31,166,197
03962300,AMERICAN INSTITUTE OF MASSAGE THERAPY   ,CA,92705-5463,Proprietary  ,0,2,2,6,35,41
03964400,INTERNATIONAL SCHOOL OF BEAUTY          ,CA,92260-2740,Proprietary  ,1,8,9,43,85,128
03969600,AMERICAN AUTO INSTITUTE                 ,CA,90703-2637,Proprietary  ,3,18,21,66,108,174
03971300,AMERICAN CAREER COLLEGE                 ,CA,91764-4906,Proprietary  ,54,132,186,339,800,1139
03973300,EX'PRESSION COLLEGE FOR DIGITAL ARTS    ,CA,94608-1021,Proprietary  ,27,24,51,661,583,1244
03974500,CALIFORNIA CAREER COLLEGE               ,CA,91303-2006,Proprietary  ,6,13,19,35,121,156
03976400,CALIFORNIA INSTITUTE OF THE HEALING ARTS,CA,95825-8551,Proprietary  ,0,1,1,7,34,41
03980300,CALIFORNIA STATE UNIVERSITY CHANNEL ISLA,CA,93012-8599,Public       ,10,14,24,1052,731,1783
03995300,UNIVERSITY OF EAST-WEST MEDICINE        ,CA,94087-6106,Proprietary  ,0,5,5,7,60,67
03999300,BEAUMONT ADULT SCHOOL                   ,CA,92223-1927,Public       ,1,0,1,18,84,102
04001300,PALACE BEAUTY COLLEGE                   ,CA,90006-4233,Proprietary  ,2,6,8,25,81,106
04001400,MOJAVE BARBER COLLEGE                   ,CA,92395-3201,Proprietary  ,0,2,2,28,84,112
04003300,CSI CAREER COLLEGE                      ,CA,95687-3100,Proprietary  ,5,24,29,107,327,434
04004300,THUY PRINCESS BEAUTY COLLEGE            ,CA,91766-0000,Proprietary  ,0,8,8,7,32,39
04005300,INTERAMERICAN COLLEGE                   ,CA,91950-4437,Private      ,2,18,20,8,94,102
04014400,PALLADIUM TECHNICAL ACADEMY             ,CA,91731-2429,Proprietary  ,10,19,29,29,77,106
04023400,PROTEUS                                 ,CA,93291-3014,Private      ,1,0,1,1,0,1
04037300,LOS ANGELES FILM SCHOOL (THE)           ,CA,90028-7300,Proprietary  ,5,12,17,429,515,944
04049300,MAXINE WATERS EMPLOYMENT PREPARATION CEN,CA,90059-1023,Public       ,1,1,2,20,68,88
04056300,CAREER COLLEGE OF CALIFORNIA            ,CA,92705-5805,Proprietary  ,0,3,3,1,22,23
04057300,TECHSKILLS OF SACRAMENTO                ,CA,95815-4025,Proprietary  ,0,40,40,59,328,387
04071300,AMERICAN PACIFIC COLLEGE                ,CA,91405-6232,Proprietary  ,2,19,21,6,59,65
04076400,GNOMON SCHOOL OF VISUAL EFFECTS         ,CA,90038-2616,Proprietary  ,0,2,2,10,73,83
04092300,COASTLINE BEAUTY COLLEGE                ,CA,92708-3847,Proprietary  ,3,30,33,3,69,72
04092400,MAKE-UP DESIGNORY                       ,CA,91502-1322,Proprietary  ,5,3,8,94,96,190
04109300,ACADEMY OF BARBERING ARTS (THE)         ,CA,91324-3406,Proprietary  ,3,9,12,42,59,101
04111300,WEST HILLS COLLEGE LEMOORE              ,CA,93245-9248,Public       ,11,84,95,343,1117,1460
04114500,VALLEY COLLEGE OF MEDICAL CAREERS       ,CA,91304-2354,Proprietary  ,7,28,35,29,150,179
04115300,COACHELLA VALLEY BEAUTY COLLEGE         ,CA,92253-2051,Proprietary  ,1,5,6,17,50,67
04115800,MERIDIAN INSTITUTE                      ,CA,90010-3606,Proprietary  ,1,2,3,5,40,45
04116000,VIDEO SYMPHONY ENTERTRAINING            ,CA,91502-3253,Proprietary  ,0,0,0,42,220,262
04119200,CAREER COLLEGE CONSULTANTS              ,CA,90041-2088,Proprietary  ,0,3,3,4,12,16
04126500,COAST CAREER INSTITUTE                  ,CA,90015-3040,Proprietary  ,0,4,4,0,4,4
04127100,"UNIVERSITY OF CALIFORNIA, MERCED        ",CA,95343-5001,Public       ,6,2,8,93,28,121
04127800,HEALTHY HAIR ACADEMY                    ,CA,90303-3137,Proprietary  ,2,16,18,11,53,64
04127900,TUI UNIVERSITY                          ,CA,90630-5023,Proprietary  ,0,51,51,3,281,284
04132700,INFOTECH CAREER COLLEGE                 ,CA,90706-5579,Proprietary  ,0,12,12,0,12,12
04134500,CAREER COLLEGE OF SAN DIEGO             ,CA,92102-3348,Proprietary  ,1,11,12,1,11,12
00184600,BRIAR CLIFF UNIVERSITY                  ,IA,51104-2100,Private      ,0,12,12,1217,447,1664
00184700,BUENA VISTA UNIVERSITY                  ,IA,50588-9987,Private      ,2,55,57,1781,1661,3442
00184800,SOUTHEASTERN COMMUNITY COLLEGE          ,IA,52655-0000,Public       ,12,85,97,1044,1905,2949
00185000,CENTRAL COLLEGE                         ,IA,50219-1999,Private      ,2,0,2,2125,87,2212
00185200,CLARKE COLLEGE                          ,IA,52001-3198,Private      ,0,5,5,1009,464,1473
00185400,COE COLLEGE                             ,IA,52402-5092,Private      ,1,1,2,1697,176,1873
00185500,DES MOINES UNIV-OSTEOPATHIC MED CTR     ,IA,50312-0000,Private      ,0,8,8,12,1543,1555
00185600,CORNELL COLLEGE                         ,IA,52314-1098,Private      ,0,0,0,1621,72,1693
00185700,SOUTHWESTERN COMMUNITY COLLEGE          ,IA,50801-1098,Public       ,8,22,30,607,637,1244
00185800,DIVINE WORD COLLEGE                     ,IA,52045-0380,Private      ,0,0,0,19,20,39
00185900,DORDT COLLEGE                           ,IA,51250-1697,Private      ,1,1,2,1274,90,1364
00186000,DRAKE UNIVERSITY                        ,IA,50311-4505,Private      ,8,15,23,3908,2256,6164
00186200,ELLSWORTH COMMUNITY COLLEGE             ,IA,50126-1199,Public       ,7,11,18,633,283,916
00186400,IOWA LAKES COMMUNITY COLLEGE            ,IA,51334-2234,Public       ,11,55,66,1155,1057,2212
00186500,IOWA CENTRAL COMMUNITY COLLEGE          ,IA,50501-0000,Public       ,16,87,103,2224,1861,4085
00186600,GRACELAND UNIVERSITY                    ,IA,50140-1699,Private      ,0,46,46,1017,1136,2153
00186700,GRAND VIEW UNIVERSITY                   ,IA,50316-1599,Private      ,3,17,20,1264,966,2230
00186800,GRINNELL COLLEGE                        ,IA,50112-1690,Private      ,1,0,1,2018,40,2058
00186900,IOWA STATE UNIV SCIENCE & TECHNOLOG     ,IA,50011-2028,Public       ,65,61,126,18134,4966,23100
00187100,IOWA WESLEYAN COLLEGE                   ,IA,52641-1398,Private      ,2,3,5,627,400,1027
00187300,LORAS COLLEGE                           ,IA,52004-0178,Private      ,1,0,1,1760,186,1946
00187400,LUTHER COLLEGE                          ,IA,52101-1045,Private      ,1,1,2,2795,99,2894
00187500,MARSHALLTOWN COMMUNITY COLLEGE          ,IA,50158-4760,Public       ,14,43,57,633,787,1420
00187700,NORTH IOWA AREA COMMUNITY COLLEGE       ,IA,50401-7299,Public       ,22,46,68,1545,987,2532
00187900,MORNINGSIDE COLLEGE                     ,IA,51106-1751,Private      ,3,30,33,1515,389,1904
00188000,MOUNT MERCY COLLEGE                     ,IA,52402-4797,Private      ,2,14,16,1006,678,1684
00188100,ASHFORD UNIVERSITY                      ,IA,52732-3997,Proprietary  ,203,4919,5122,1500,27021,28521
00188300,NORTHWESTERN COLLEGE                    ,IA,51041-1996,Private      ,0,3,3,1597,101,1698
00188700,SIMPSON COLLEGE                         ,IA,50125-1297,Private      ,2,9,11,2179,498,2677
00188900,ST AMBROSE UNIVERSITY                   ,IA,52803-2898,Private      ,3,9,12,2591,1283,3874
00189000,UNIVERSITY OF NORTHERN IOWA             ,IA,50614-0705,Public       ,28,72,100,9824,2898,12722
00189100,UNIVERSITY OF DUBUQUE                   ,IA,52001-5099,Private      ,3,5,8,1508,502,2010
00189200,UNIVERSITY OF IOWA                      ,IA,52242-1316,Public       ,39,104,143,16526,8855,25381
00189300,UPPER IOWA UNIVERSITY                   ,IA,52142-9206,Private      ,8,171,179,1295,4320,5615
00189400,VENNARD COLLEGE                         ,IA,52595-0029,Private      ,0,0,0,61,23,84
00189500,WALDORF COLLEGE                         ,IA,50436-1700,Private      ,3,1,4,643,85,728
00189600,WARTBURG COLLEGE                        ,IA,50677-2200,Private      ,1,0,1,2399,71,2470
00189700,WARTBURG THEOLOGICAL SEMINARY           ,IA,52004-5004,Private      ,0,0,0,2,134,136
00190000,WILLIAM PENN UNIVERSITY                 ,IA,52577-1799,Private      ,6,42,48,1053,1589,2642
00396300,AIB COLLEGE OF BUSINESS                 ,IA,50321-1799,Private      ,1,9,10,706,604,1310
00407500,ESTRN IOWA COMMUNITY COLLEGE DIST       ,IA,52801-1221,Public       ,2,5,7,48,104,152
00407501,CLINTON COMMUNITY COLLEGE               ,IA,52732-0000,Public       ,9,21,30,411,580,991
00407502,MUSCATINE COMMUNITY COLLEGE             ,IA,52761-0000,Public       ,3,17,20,413,519,932
00407503,SCOTT COMMUNITY COLLEGE                 ,IA,52722-0000,Public       ,19,81,100,1237,2396,3633
00407600,KIRKWOOD COMMUNITY COLLEGE              ,IA,52406-2068,Public       ,67,245,312,6774,6149,12923
00423300,MERCY/ST. LUKE'S SCH RAD TECH           ,IA,52402-0000,Private      ,0,0,0,16,9,25
00458600,KAPLAN UNIVERSITY                       ,IA,52807-2095,Proprietary  ,583,9704,10287,5366,92758,98124
00458604,KAPLAN UNIVERSITY - CEDAR RAPIDS        ,IA,52404-2998,Proprietary  ,9,76,85,245,951,1196
00458605,KAPLAN UNIVERSITY - DES MOINES          ,IA,50323-5702,Proprietary  ,16,79,95,359,1175,1534
00458606,KAPLAN UNIVERSITY - MASON CITY          ,IA,50401-4665,Proprietary  ,7,23,30,150,609,759
00458607,KAPLAN UNIVERSITY - CEDAR FALLS         ,IA,50613-6309,Proprietary  ,12,62,74,210,876,1086
00458610,KAPLAN UNIVERSITY - COUNCIL BLUFFS      ,IA,51503-5289,Proprietary  ,4,48,52,83,488,571
00458700,NORTHEAST IOWA COMMUNITY COLLEGE        ,IA,52132-0400,Public       ,12,43,55,707,754,1461
00458701,NORTHEAST IOWA COMMUNITY COLLEGE        ,IA,52068-0000,Public       ,21,43,64,1027,1078,2105
00459500,HAWKEYE COMMUNITY COLLEGE               ,IA,50701-0000,Public       ,36,72,108,2908,2499,5407
00459800,IOWA WESTERN CMTY CLG-COUNCIL BLUFF     ,IA,51502-0000,Public       ,33,52,85,2195,2038,4233
00460000,NORTHWEST IOWA COMMUNITY COLLEGE        ,IA,51201-1046,Public       ,9,8,17,490,303,793
00626700,IOWA METHODIST MEDICAL CENTER SCHOOLS   ,IA,50309-1499,Private      ,0,0,0,7,40,47
00627300,MERCY COLLEGE OF HEALTH SCIENCES        ,IA,50309-1239,Private      ,8,25,33,420,640,1060
00712000,DES MOINES AREA CMTY COLLEGE            ,IA,50021-0000,Public       ,77,296,373,5278,6973,12251
00712100,FAITH BAPTIST BIBLE CLG & THEOL SEM     ,IA,50021-0000,Private      ,1,0,1,304,79,383
00729100,ST LUKE'S COLLEGE                       ,IA,51104-0263,Private      ,0,0,0,106,94,200
00731600,WESTERN IOWA TECH COMMUNITY COLLEGE     ,IA,51106-0000,Public       ,24,89,113,1297,2352,3649
00758800,CAPRI COLLEGE                           ,IA,52004-0873,Proprietary  ,3,3,6,263,263,526
00761100,EQ SCHOOL OF HAIR DESIGN                ,IA,51503-0813,Proprietary  ,4,5,9,39,64,103
00765600,AMERICAN COLLEGE OF HARISTYLING -CR     ,IA,52402-0000,Proprietary  ,0,0,0,7,23,30
00765800,AMER COLL OF HAIRSTYLING-DES MOINES     ,IA,50309-5446,Proprietary  ,0,5,5,4,44,48
00765900,LA JAMES COLLEGE OF HAIRSTYLING         ,IA,50401-3308,Proprietary  ,5,3,8,93,66,159
00771700,CAPRI COLLEGE                           ,IA,52807-2622,Proprietary  ,2,0,2,38,34,72
00794100,COLLEGE OF HAIR DESIGN                  ,IA,50703-1834,Proprietary  ,2,4,6,20,74,94
00811600,DAYTON'S SCHOOL OF HAIR DESIGN          ,IA,52601-0000,Proprietary  ,1,2,3,6,28,34
00826000,IOWA SCHOOL OF BEAUTY INC               ,IA,50322-0000,Proprietary  ,4,21,25,73,145,218
00840300,INDIAN HILLS COMMUNITY COLLEGE          ,IA,52501-1398,Public       ,32,94,126,1711,1921,3632
00840301,INDIAN HILLS COMMUNITY COLLEGE          ,IA,52544-0000,Public       ,5,11,16,227,302,529
00842400,LA JAMES INTERNATIONAL COLLEGE          ,IA,50501-5577,Proprietary  ,6,5,11,71,57,128
00959300,LA'JAMES COLLEGE OF HAIRSTYLING         ,IA,52240-0000,Proprietary  ,8,6,14,95,69,164
01111300,MAHARISHI UNIV OF MANAGEMENT            ,IA,52557-0001,Private      ,1,2,3,150,158,308
01206400,HAMILTON TECHNICAL COLLEGE              ,IA,52807-2653,Proprietary  ,6,42,48,133,341,474
01230000,PALMER COLLEGE OF CHIROPRACTIC          ,IA,52803-5287,Private      ,0,2,2,103,2488,2591
01300600,LA' JAMES INTERNATIONAL COLLEGE-CF      ,IA,50613-5242,Proprietary  ,6,7,13,92,71,163
02090300,CAPRI COLLEGE                           ,IA,52404-0000,Proprietary  ,1,1,2,36,25,61
02134500,LA JAMES INTERNATIONAL COLLEGE - DAV    ,IA,52806-3952,Proprietary  ,4,3,7,41,61,102
02160900,"SALON PROFESSIONAL ACADEMY, THE         ",IA,50010-0000,Proprietary  ,6,2,8,139,46,185
02262500,FAUST INSTITUTE OF COSMETOLOGY          ,IA,50588-0000,Proprietary  ,4,6,10,41,35,76
02274100,LA' JAMES INTERNATIONAL COLLEGE - DM    ,IA,50131-0000,Proprietary  ,7,13,20,162,138,300
02289000,AMERICAN HAIR ACADEMY                   ,IA,52627-4530,Proprietary  ,0,0,0,26,22,48
02306900,IOWA SCHOOL OF BEAUTY                   ,IA,52501-0000,Proprietary  ,0,3,3,30,47,77
02328900,EMMAUS BIBLE COLLEGE                    ,IA,52001-0000,Private      ,1,0,1,195,34,229
02330900,IOWA SCHOOL OF BEAUTY                   ,IA,50158-0000,Proprietary  ,1,3,4,18,25,43
02333200,DAYTON'S SCHOOL OF HAIR DESIGN          ,IA,52632-0000,Proprietary  ,0,2,2,8,21,29
02572500,DAVENPORT BARBER STYLING COLLEGE        ,IA,52807-0000,Proprietary  ,0,0,0,2,11,13
02609200,VATTEROTT COLLEGE                       ,IA,50321-4704,Proprietary  ,11,23,34,120,405,525
03069100,ALLEN COLLEGE                           ,IA,50703-1916,Private      ,0,1,1,306,230,536
03441300,IOWA SCHOOL OF BEAUTY                   ,IA,51106-5111,Proprietary  ,1,1,2,36,42,78
03607400,TOTAL LOOK SCHOOL OF COSMETOLOGY AND MAS,IA,52136-1053,Proprietary  ,1,0,1,10,7,17
03720300,CARLSON COLLEGE OF MASSAGE THERAPY      ,IA,52205-7519,Proprietary  ,0,0,0,8,8,16
04089300,BIO-CHI INSTITUTE OF MASSAGE THERAPY    ,IA,51103-2138,Proprietary  ,0,1,1,14,19,33
00259600,ATLANTIC COMMUNITY COLLEGE              ,NJ,08330-2699,Public       ,45,75,120,2897,3298,6195
00259700,BLOOMFIELD COLLEGE                      ,NJ,07003-3425,Private      ,9,22,31,2167,1347,3514
00259800,CALDWELL COLLEGE                        ,NJ,07006-6195,Private      ,4,22,26,1310,793,2103
00259900,CENTENARY COLLEGE                       ,NJ,07840-2184,Private      ,3,60,63,1447,1071,2518
00260000,COLLEGE OF SAINT ELIZABETH              ,NJ,07960-6989,Private      ,4,8,12,721,598,1319
00260100,CUMBERLAND COUNTY COLLEGE               ,NJ,08362-0517,Public       ,10,13,23,1624,1787,3411
00260300,DREW UNIVERSITY                         ,NJ,07940-4063,Private      ,4,6,10,2577,477,3054
00260700,FAIRLEIGH DICKINSON UNIV-TEANECK        ,NJ,07666-1996,Private      ,9,54,63,2290,1898,4188
00260701,FAIRLEIGH DICKINSON UNIV-FLORHAM        ,NJ,07940-0000,Private      ,5,6,11,2065,525,2590
00260702,FAIRLEIGH DICKINSON UNIV-ED WMS CLG     ,NJ,07601-0000,Private      ,1,1,2,89,100,189
00260703,FAIRLEIGH DICKINSON UNIVERSITY          ,NJ,07940-0000,Private      ,5,9,14,1149,565,1714
00260800,GEORGIAN COURT UNIVERSITY               ,NJ,08701-2697,Private      ,7,21,28,1211,1480,2691
00260900,ROWAN UNIVERSITY                        ,NJ,08028-1702,Public       ,28,64,92,10372,2989,13361
00261000,FELICIAN COLLEGE                        ,NJ,07644-2198,Private      ,7,39,46,1392,910,2302
00261300,NEW JERSEY CITY UNIVERSITY              ,NJ,07305-1597,Public       ,22,48,70,4022,4208,8230
00261500,MIDDLESEX COUNTY COLLEGE                ,NJ,08818-3050,Public       ,46,82,128,4804,3306,8110
00261600,MONMOUTH UNIVERSITY                     ,NJ,07764-1898,Private      ,14,36,50,6292,1926,8218
00261700,MONTCLAIR STATE UNIVERSITY              ,NJ,07043-9987,Public       ,32,42,74,12392,4863,17255
00261900,NEW BRUNSWICK THEOLOGICAL SEMINARY      ,NJ,08901-0000,Private      ,0,0,0,18,95,113
00262100,NEW JERSEY INST OF TECHNOLOGY           ,NJ,07102-1982,Public       ,16,24,40,3857,1764,5621
00262200,KEAN UNIVERSITY                         ,NJ,07083-7131,Public       ,33,74,107,8351,5432,13783
00262400,OCEAN COUNTY COLLEGE                    ,NJ,08754-2001,Public       ,22,43,65,3767,2310,6077
00262500,WILLIAM PATERSON UNIVERSITY             ,NJ,07470-2152,Public       ,28,25,53,8030,2935,10965
00262600,PRINCETON THEOLOGICAL SEMINARY          ,NJ,08542-0000,Private      ,0,3,3,5,494,499
00262700,PRINCETON UNIVERSITY                    ,NJ,08544-0001,Private      ,9,12,21,9006,1049,10055
00262800,RIDER UNIVERSITY                        ,NJ,08648-3099,Private      ,18,25,43,5532,1347,6879
00262900,"RUTGERS, THE STATE UNIVERSITY OF NJ     ",NJ,08901-1281,Public       ,91,134,225,35073,16165,51238
00263200,SETON HALL UNIVERSITY                   ,NJ,07079-2697,Private      ,13,21,34,6300,2755,9055
00263201,SETON HALL UNIVERSITY - SCHOOL OF LAW   ,NJ,07079-5210,Private      ,0,14,14,150,1876,2026
00263800,ST PETER'S COLLEGE                      ,NJ,07306-5997,Private      ,4,38,42,3118,996,4114
00263900,STEVENS INSTITUTE OF TECHNOLOGY         ,NJ,07030-5370,Private      ,5,21,26,2633,448,3081
00264200,COLLEGE OF NEW JERSEY (THE)             ,NJ,08628-0718,Public       ,12,32,44,8230,945,9175
00264300,UNION COUNTY COLLEGE                    ,NJ,07016-1598,Public       ,41,124,165,3688,5057,8745
00473600,BERGEN COMMUNITY COLLEGE                ,NJ,07652-1595,Public       ,36,71,107,5114,3261,8375
00474000,MERCER COUNTY COMMUNITY COLLEGE         ,NJ,08690-0000,Public       ,29,64,93,2390,3206,5596
00539900,MONMOUTH COUNTY VOCATIONAL SCH DIST     ,NJ,07728-5033,Public       ,1,0,1,48,55,103
00545200,TETERBORO SCH OF AERONAUTICS            ,NJ,07608-1083,Proprietary  ,2,1,3,77,79,156
00546000,SOMERSET COUNTY TECHNICAL INSTITUTE     ,NJ,08807-0350,Public       ,0,1,1,35,103,138
00546100,SALEM COMMUNITY COLLEGE                 ,NJ,08069-2799,Public       ,3,13,16,462,597,1059
00641000,C E GREGORY SCHOOL OF NURSING           ,NJ,08857-0000,Private      ,0,0,0,40,52,92
00641700,HOLY NAME HOSPITAL SCH OF NURSING       ,NJ,07666-4254,Private      ,1,0,1,71,130,201
00642000,MOUNTAINSIDE HOSP SCH NRSG              ,NJ,07042-4898,Proprietary  ,1,0,1,42,131,173
00642100,MUHLENBERG SNYDER SCHOOLS               ,NJ,07061-3399,Private      ,1,4,5,147,410,557
00642900,ST FRANCIS MEDICAL CTR SCH NURSING      ,NJ,08629-1986,Private      ,0,0,0,13,35,48
00642902,ST FRANCIS MED CTR RAD TECH             ,NJ,08629-0000,Private      ,0,0,0,4,8,12
00686500,CAMDEN COUNTY COLLEGE                   ,NJ,08012-3240,Public       ,64,153,217,4995,5810,10805
00690100,GLOUCESTER COUNTY COLLEGE               ,NJ,08080-4249,Public       ,19,51,70,2426,1968,4394
00710700,ESSEX COUNTY COLLEGE                    ,NJ,07102-1798,Public       ,46,122,168,4136,5945,10081
00736203,STUART SCHOOL OF BUSINESS ADMINISTRATION,NJ,07719-3970,Proprietary  ,2,15,17,2,15,17
00750200,BERKELEY COLLEGE                        ,NJ,07424-3367,Proprietary  ,5,7,12,1536,1304,2840
00750201,BERKELEY COLLEGE                        ,NJ,07095-0000,Proprietary  ,3,2,5,572,435,1007
00750202,BERKELEY COLLEGE - PARAMUS              ,NJ,07652-2931,Proprietary  ,2,0,2,458,329,787
00750600,LINCOLN TECHNICAL INSTITUTE             ,NJ,07083-5032,Proprietary  ,114,166,280,1022,1079,2101
00750601,LINCOLN TECHNICAL INSTITUTE             ,NJ,07430-0000,Proprietary  ,46,41,87,691,514,1205
00750700,GIBBS COLLEGE                           ,NJ,07039-1611,Proprietary  ,2,3,5,928,1220,2148
00750701,KATHARINE GIBBS - PISCATAWAY            ,NJ,08854-0000,Proprietary  ,0,0,0,309,388,697
00759300,PARISIAN BEAUTY ACADEMY                 ,NJ,07601-5509,Proprietary  ,6,10,16,121,134,255
00772900,COUNTY COLLEGE OF MORRIS                ,NJ,07869-0000,Public       ,21,23,44,2413,1208,3621
00773000,BURLINGTON COUNTY COLLEGE               ,NJ,08068-1599,Public       ,21,76,97,2668,2594,5262
00773100,RARITAN VALLEY COMMUNITY COLLEGE        ,NJ,08876-1265,Public       ,15,32,47,1478,1182,2660
00794700,BETH MEDRASH GOVOHA OF AMERICA          ,NJ,08701-0000,Private      ,102,195,297,421,1683,2104
00840400,BROOKDALE COMMUNITY COLLEGE             ,NJ,07738-1597,Public       ,39,90,129,4433,3068,7501
00844101,ANTHEM INSTITUTE                        ,NJ,08002-0000,Proprietary  ,0,0,0,10,25,35
00849400,HO HO KUS SCHL OF TRADE & TECH SCIENCES ,NJ,07513-1402,Proprietary  ,3,24,27,75,152,227
00860900,RABBINICAL COLLEGE OF AMERICA           ,NJ,07960-3600,Private      ,11,4,15,86,9,95
00907800,CAPRI INSTITUTE OF HAIR DESIGN          ,NJ,07011-2111,Proprietary  ,6,10,16,81,122,203
00934400,RAMAPO COLLEGE OF NEW JERSEY            ,NJ,07430-1680,Public       ,8,6,14,5320,796,6116
00934500,RICHARD STOCKTON COLLEGE OF NJ          ,NJ,08240-0195,Public       ,13,14,27,5886,2246,8132
00982804,EVEREST INSTITUTE - SOUTH PLAINFIELD    ,NJ,07080-1125,Proprietary  ,12,51,63,29,118,147
00999400,PASSAIC COUNTY COMMUNITY COLLEGE        ,NJ,07505-1179,Public       ,35,88,123,2608,3195,5803
01039400,UNIV OF MEDICINE & DENTISTRY OF NJ      ,NJ,07107-0000,Public       ,3,66,69,188,4087,4275
01062900,P B COSMETOLOGY EDUCATION CENTRE        ,NJ,08030-1750,Proprietary  ,3,13,16,129,92,221
01085100,ANTHEM INSTITUTE                        ,NJ,07054-3409,Proprietary  ,69,144,213,944,1614,2558
01085101,ANTHEM INSTITUTE                        ,NJ,07306-0000,Proprietary  ,1,1,2,49,49,98
01085102,ANTHEM INSTITUTE                        ,NJ,08902-0000,Proprietary  ,0,2,2,46,29,75
01090300,RIZZIERI INSTITUTE                      ,NJ,08043-4600,Proprietary  ,3,2,5,84,70,154
01152300,MORRIS COUNTY SCHOOL OF TECHNOLOGY      ,NJ,07834-0000,Public       ,0,1,1,26,41,67
01170800,NATURAL MOTION INST OF HAIR DESIGN      ,NJ,07306-5496,Proprietary  ,10,14,24,44,91,135
01198900,TALMUDICAL ACADEMY                      ,NJ,07710-0000,Private      ,0,0,0,37,7,44
01209000,REIGNBOW BEAUTY ACADEMY                 ,NJ,08861-4118,Proprietary  ,6,15,21,58,204,262
01234600,DOVER BUSINESS COLLEGE                  ,NJ,07011-2161,Proprietary  ,5,27,32,191,558,749
01234602,DOVER BUSINESS COLLEGE                  ,NJ,07801-4643,Proprietary  ,2,5,7,90,281,371
01246100,LINCOLN TECHNICAL INSTITUTE             ,NJ,08820-2896,Proprietary  ,34,78,112,395,548,943
01246102,LINCOLN TECHNICAL INSTITUTE             ,NJ,08054-0000,Proprietary  ,23,96,119,245,558,803
01246103,LINCOLN TECHNICAL INSTITUTE             ,NJ,07652-2106,Proprietary  ,45,67,112,402,599,1001
01246200,HOHOKUS - HACKENSACK SCHOOL OF BUSINESS ,NJ,07601-7197,Proprietary  ,17,82,99,157,785,942
01295400,HUDSON COUNTY COMMUNITY COLLEGE         ,NJ,07306-4012,Public       ,53,78,131,3503,4451,7954
02053700,EASTWICK COLLEGE                        ,NJ,07446-0000,Proprietary  ,11,58,69,236,749,985
02061800,ROMAN ACADEMY OF BEAUTY CULTURE         ,NJ,07506-0000,Proprietary  ,3,9,12,35,55,90
02092300,HOHOKUS SCHOOL - RETS/NUTLEY            ,NJ,07110-0000,Proprietary  ,23,42,65,190,403,593
02103700,CAPRI INSTITUTE OF HAIR DESIGN          ,NJ,07652-0000,Proprietary  ,4,7,11,66,76,142
02104000,HARRIS SCHOOL OF BUSINESS               ,NJ,08002-2983,Proprietary  ,36,167,203,328,1517,1845
02131100,DU CRET SCHOOL OF THE ARTS              ,NJ,07060-0000,Private      ,0,0,0,13,10,23
02131600,PENNCO TECH                             ,NJ,08012-0000,Proprietary  ,31,41,72,411,659,1070
02132300,BERDAN INSTITUTE                        ,NJ,07512-0000,Proprietary  ,13,43,56,240,464,704
02146800,JOE KUBERT SCH OF CARTOON & GRAPHIC     ,NJ,07801-0000,Proprietary  ,0,0,0,49,45,94
02149800,EMPIRE BEAUTY SCHOOL                    ,NJ,08021-0000,Proprietary  ,12,38,50,165,368,533
02149801,EMPIRE BEAUTY SCHOOL - BORDENTOWN       ,NJ,08505-1513,Proprietary  ,0,0,0,6,6,12
02154000,DIVERS ACAD OF EASTERN SEABOARD         ,NJ,08081-1139,Proprietary  ,1,7,8,72,111,183
02183600,CAPRI INSTITUTE OF HAIR DESIGN          ,NJ,07033-0000,Proprietary  ,2,4,6,58,94,152
02186703,HARRISON CAREER INSTITUTE               ,NJ,08096-0000,Proprietary  ,0,0,0,1,2,3
02186708,HARRISON CAREER INSTITUTE               ,NJ,07376-0000,Proprietary  ,0,0,0,0,1,1
02192200,THOMAS EDISON STATE COLLEGE             ,NJ,08608-0000,Public       ,2,110,112,213,3561,3774
02219600,OMEGA INSTITUTE                         ,NJ,08109-0000,Proprietary  ,10,21,31,58,155,213
02223700,NEW HORIZON INST OF COSMETOLOGY         ,NJ,07093-0000,Proprietary  ,1,19,20,21,127,148
02223900,DRAKE COLLEGE OF BUSINESS               ,NJ,07201-0000,Proprietary  ,32,345,377,224,1719,1943
02232500,UNION COUNTY VOCATIONAL TECH INST       ,NJ,07076-0000,Public       ,0,3,3,71,73,144
02234600,SHORE BEAUTY SCHOOL                     ,NJ,08232-0000,Proprietary  ,1,5,6,26,59,85
02246000,ROSS UNIVERSITY - MEDICAL SCHOOL        ,NJ,08837-0000,Proprietary  ,3,44,47,17,3778,3795
02248600,COOPER HEALTH SYS-CTR ALLIED HEALTH     ,NJ,08103-0000,Private      ,0,1,1,15,71,86
02252700,CONCORDE SCHOOL OF HAIR DESIGN          ,NJ,07712-0000,Proprietary  ,15,19,34,109,255,364
02261800,EUROPEAN ACADEMY OF COSMETOLOGY         ,NJ,07083-0000,Proprietary  ,6,17,23,55,157,212
02265500,CAPRI INSTITUTE OF HAIR DESIGN          ,NJ,08724-0000,Proprietary  ,4,11,15,77,90,167
02277900,ROSS UNIV - SCH OF VETERINARY MED       ,NJ,08837-0000,Proprietary  ,1,12,13,6,937,943
02291000,LINCOLN TECHNICAL INSTITUTE             ,NJ,07080-2424,Proprietary  ,5,11,16,120,95,215
02312000,BERGEN COUNTY TECHNICAL SCHOOLS         ,NJ,07601-6110,Public       ,2,6,8,34,69,103
02344200,EMPIRE BEAUTY SCHOOL                    ,NJ,08002-0000,Proprietary  ,10,25,35,126,219,345
02503900,WARREN COUNTY COMMUNITY COLLEGE         ,NJ,07882-0000,Public       ,4,6,10,455,409,864
02523700,OCEAN COUNTY VOCATIONAL-TECH SCHOOL     ,NJ,08753-0000,Public       ,0,3,3,95,160,255
02525900,ARTISTIC ACADEMY OF HAIR DESIGN         ,NJ,07950-1409,Proprietary  ,1,5,6,103,68,171
02528200,REIGNBOW BEAUTY ACADEMY                 ,NJ,07060-0000,Proprietary  ,5,9,14,36,84,120
02539903,STAR TECHNICAL INSTITUTE-EGG HARBOR     ,NJ,08234-0000,Proprietary  ,1,21,22,63,398,461
02558700,PRISM CAREER INSTITUTE                  ,NJ,08037-0000,Proprietary  ,19,109,128,157,791,948
02568800,SUSSEX COUNTY COMMUNITY COLLEGE         ,NJ,07860-1149,Public       ,11,22,33,1127,683,1810
02586800,HARRISON CAREER INSTITUTE               ,NJ,08360-6210,Proprietary  ,0,0,0,0,4,4
02586801,HARRISON CAREER INSTITUTE               ,NJ,07755-0000,Proprietary  ,0,0,0,1,0,1
02586900,HARRIS SCHOOL OF BUSINESS               ,NJ,08084-1520,Proprietary  ,3,26,29,50,256,306
02586901,STAR TECHNICAL INSTITUTE - LAKEWOOD     ,NJ,08701-0000,Proprietary  ,6,18,24,68,379,447
02615401,STAR TECHNICAL INSTITUTE -              ,NJ,07102-4599,Proprietary  ,6,59,65,73,556,629
02616402,SANFORD-BROWN INSTITUTE - ISELIN        ,NJ,08830-0000,Proprietary  ,32,95,127,406,1130,1536
03077500,RABBI JACOB JOSEPH SCHOOL               ,NJ,08817-4494,Private      ,0,0,0,15,0,15
03122600,EASTERN INTERNATIONAL COLLEGE           ,NJ,07306-3906,Proprietary  ,10,68,78,159,400,559
03187300,STENOTECH CAREER INSTITUTE              ,NJ,07004-3490,Proprietary  ,0,4,4,29,62,91
03197300,INSTITUTE FOR HEALTH EDUCATION(THE)     ,NJ,07306-2929,Proprietary  ,2,11,13,4,78,82
03324300,CENTRAL CAREER SCHOOL                   ,NJ,07080-2408,Proprietary  ,1,6,7,6,58,64
03389300,ACADEMY OF MASSAGE THERAPY              ,NJ,07631-0000,Proprietary  ,2,6,8,21,101,122
03424500,NEW COMMUNITY WORKFORCE DEVELOPMENT     ,NJ,07103-2402,Private      ,0,33,33,30,430,460
03530300,"KEY SKILLS LEARNING, INC.               ",NJ,07013-1900,Proprietary  ,0,3,3,3,29,32
03536300,INSTITUTE FOR THERAPEUTIC MASSAGE       ,NJ,07420-1452,Proprietary  ,1,13,14,36,158,194
03574400,CORTIVA INSTITUTE - SOMERSET SCHOOL OF M,NJ,08854-3908,Proprietary  ,4,9,13,43,115,158
03625300,PERFORMANCE TRAINING INSTITUTE          ,NJ,08753-0000,Proprietary  ,0,1,1,3,4,7
03629300,HELMA INSTITUTE OF MASSAGE THERAPY      ,NJ,07663-6200,Proprietary  ,0,0,0,31,111,142
03637300,METRO AUTO ELECTRONICS TRAINING INSTITUT,NJ,07033-1798,Proprietary  ,2,3,5,39,49,88
03650600,PC AGE                                  ,NJ,07306-3936,Proprietary  ,0,1,1,10,53,63
03650603,PC AGE                                  ,NJ,08817-2842,Proprietary  ,1,4,5,11,59,70
03666300,SOMERSET CHRISTIAN COLLEGE              ,NJ,08890-9035,Private      ,0,2,2,32,100,132
03769300,PC TECH LEARNING CENTER                 ,NJ,07306-9900,Proprietary  ,9,99,108,43,323,366
03803300,HEALTHCARE TRAINING INSTITUTE           ,NJ,07083-3504,Proprietary  ,1,3,4,35,144,179
03811300,EASTERN SCHOOL OF ACUPUNCTURE AND TRADIT,NJ,07042-3562,Proprietary  ,0,2,2,2,45,47
04081300,BAIS MEDRASH TORAS CHESED               ,NJ,08701-0000,Private      ,10,0,10,33,4,37
04123400,YESHIVAS BE'ER YITZCHOK                 ,NJ,07208-2380,Private      ,7,13,20,7,13,20
04125000,GENTLE HEALING SCHOOL OF MASSAGE        ,NJ,08512-3600,Proprietary  ,0,0,0,1,3,4
04131100,YESHIVA TORAS CHAIM                     ,NJ,08701-2120,Private      ,59,0,59,59,0,59
04134100,CENTER FOR ALLIED HEALTH & NURSING EDUCA,NJ,07601-5801,Proprietary  ,0,1,1,0,1,1
        ,BROOKLYN LAW SCHOOL                     ,NY,11201-0000,Private      ,0,28,28,23,2932,2955
00266500,VAUGHN COLLEGE OF AERONAUTICS AND TECHNO,NY,11369-9997,Private      ,12,11,23,749,512,1261
00266600,ADELPHI UNIVERSITY                      ,NY,11530-4299,Private      ,16,37,53,5843,4386,10229
00266700,DOWLING COLLEGE                         ,NY,11769-1999,Private      ,6,20,26,2217,2218,4435
00266800,ALFRED UNIVERSITY                       ,NY,14802-1205,Private      ,3,4,7,2792,556,3348
00266900,BANK STREET COLLEGE OF EDUCATION        ,NY,10025-0000,Private      ,0,16,16,4,792,796
00267100,BARD COLLEGE                            ,NY,12504-5000,Private      ,1,1,2,2270,479,2749
00267800,BRYANT & STRATTON COLLEGE               ,NY,14203-1713,Proprietary  ,83,418,501,1537,6002,7539
00267803,BRYANT & STRATTON COLLEGE - GREECE      ,NY,14606-4227,Proprietary  ,14,46,60,285,1078,1363
00267805,BRYANT & STRATTON COLLEGE - SYRACUSE    ,NY,13203-2502,Proprietary  ,30,88,118,670,1732,2402
00267807,BRYANT & STRATTON COLLEGE - ALBANY      ,NY,12205-5230,Proprietary  ,17,57,74,262,778,1040
00268100,CANISIUS COLLEGE                        ,NY,14208-1098,Private      ,8,25,33,4289,1397,5686
00268300,SEMINARY OF THE IMMACULATE CONCEPT      ,NY,11743-0000,Private      ,0,0,0,1,1,2
00268500,CAZENOVIA COLLEGE                       ,NY,13035-1085,Private      ,3,0,3,1604,137,1741
00268700,CUNY-BROOKLYN COLLEGE                   ,NY,11210-2814,Public       ,71,61,132,10697,7476,18173
00268800,CITY COLLEGE-CUNY                       ,NY,10031-9198,Public       ,50,34,84,10837,5930,16767
00268900,CUNY-HUNTER COLLEGE                     ,NY,10021-0000,Public       ,92,73,165,16430,9728,26158
00269000,QUEENS COLLEGE-CUNY                     ,NY,11367-1597,Public       ,90,66,156,10195,5928,16123
00269100,CUNY- BOROUGH OF MANHATTAN CMTY CLG     ,NY,10007-1047,Public       ,91,122,213,12543,9999,22542
00269200,CUNY BRONX COMMUNITY COLLEGE            ,NY,10453-3102,Public       ,24,28,52,6374,6282,12656
00269300,CUNY-JOHN JAY CLG CRIMINAL JUSTICE      ,NY,10019-1093,Public       ,59,27,86,10712,5217,15929
00269400,KINGSBOROUGH COMMUNITY COLLEGE          ,NY,11235-2398,Public       ,54,38,92,7376,4607,11983
00269600,NY CITY COLLEGE OF TECHNOLOGY-CUNY      ,NY,11201-2983,Public       ,73,53,126,9710,5880,15590
00269700,QUEENSBOROUGH COMMUNITY COLLEGE         ,NY,11364-1497,Public       ,45,20,65,6710,3524,10234
00269800,CUNY THE COLLEGE OF STATEN ISLAND       ,NY,10314-6600,Public       ,37,27,64,7715,3575,11290
00269900,CLARKSON UNIVERSITY                     ,NY,13699-5615,Private      ,1,3,4,3537,235,3772
00270000,COLGATE ROCHESTER CROZER DIVINITY S     ,NY,14620-0000,Private      ,0,0,0,4,94,98
00270100,COLGATE UNIVERSITY                      ,NY,13346-1386,Private      ,3,0,3,3562,44,3606
00270300,COLLEGE OF MOUNT SAINT VINCENT          ,NY,10471-1093,Private      ,6,4,10,1916,264,2180
00270400,COLLEGE OF NEW ROCHELLE                 ,NY,10805-2339,Private      ,6,122,128,1229,6181,7410
00270500,COLLEGE OF SAINT ROSE                   ,NY,12203-1490,Private      ,8,17,25,3971,2063,6034
00270700,COLUMBIA UNIVERSITY                     ,NY,10027-0000,Private      ,13,35,48,3574,3045,6619
00270701,COLUMBIA UNIV ARCHITECTURE              ,NY,10027-0000,Private      ,0,1,1,28,669,697
00270702,COLUMBIA UNIV SCHOOL OF THE ARTS        ,NY,10027-0000,Private      ,0,2,2,59,939,998
00270703,COLUMBIA UNIV BUSINESS GRAD             ,NY,10027-0000,Private      ,0,10,10,17,1442,1459
00270704,COLUMBIA UNIV SCHOOL ENGIN-UNDERGRA     ,NY,10027-0000,Private      ,1,1,2,1569,38,1607
00270705,COLUMBIA UNIV SCHOOL GENERAL STUDIE     ,NY,10027-0000,Private      ,2,5,7,327,977,1304
00270706,COLUMBIA UNIV GRAD SCHL ARTS & SCI      ,NY,10027-0000,Private      ,0,6,6,14,1389,1403
00270707,COLUMBIA UNIV SCH INTL PUB AFFAIRS      ,NY,10027-0000,Private      ,0,12,12,10,1256,1266
00270708,COLUMBIA UNIV JOURNALISM GRAD           ,NY,10027-0000,Private      ,0,4,4,12,463,475
00270710,COLUMBIA UNIV COLUMBIA COLLEGE          ,NY,10027-0000,Private      ,6,2,8,6385,180,6565
00270711,COLUMBIA UNIV SCHOOL OF LAW             ,NY,10027-0000,Private      ,0,3,3,19,3010,3029
00270712,COLUMBIA UNIV SOCIAL WORK               ,NY,10025-0000,Private      ,0,1,1,9,872,881
00270713,COLUMBIA UNIV SCHL DENT & ORAL SURG     ,NY,10032-0000,Private      ,0,0,0,4,343,347
00270714,COLUMBIA UNIV INST HUMAN NUTRITION      ,NY,10032-0000,Private      ,0,0,0,0,63,63
00270715,COLUMBIA UNIV NURSING                   ,NY,10032-0000,Private      ,1,0,1,64,639,703
00270716,COLUMBIA UNIV COLL PHYS & SURGEONS      ,NY,10032-0000,Private      ,0,0,0,11,897,908
00270717,COLUMBIA UNIV PHYSICAL THERAPY          ,NY,10032-0000,Private      ,0,0,0,2,118,120
00270718,COLUMBIA UNIV OCCUPATIONAL THERAPY      ,NY,10032-0000,Private      ,0,0,0,2,92,94
00270719,COLUMBIA UNIV PUBLIC HEALTH             ,NY,10032-0000,Private      ,0,4,4,5,856,861
00270720,COLUMBIA UNIV - ENGINEERING (GRAD)      ,NY,10027-0000,Private      ,0,1,1,30,295,325
00270721,COLUMBIA UNIV-CONT ED & SP PROGMS       ,NY,10027-0000,Private      ,1,6,7,11,225,236
00270800,BARNARD COLLEGE-COLUMBIA UNIV           ,NY,10027-6598,Private      ,4,1,5,3307,83,3390
00270900,CONCORDIA COLLEGE                       ,NY,10708-1998,Private      ,2,2,4,766,152,918
00271000,COOPER UNION                            ,NY,10003-7120,Private      ,3,0,3,1160,115,1275
00271100,CORNELL UNIVERSITY                      ,NY,14853-2801,Private      ,20,32,52,19436,4583,24019
00271101,WEILL CORNELL MEDICAL COLLEGE AND GRADUA,NY,10021-0000,Private      ,0,2,2,32,733,765
00271200,D'YOUVILLE COLLEGE                      ,NY,14201-1084,Private      ,1,6,7,1441,1343,2784
00271300,DOMINICAN COLLEGE                       ,NY,10962-1299,Private      ,9,21,30,1548,711,2259
00271800,ELMIRA COLLEGE                          ,NY,14901-2099,Private      ,2,8,10,1748,526,2274
00272200,FORDHAM UNIVERSITY                      ,NY,10458-5157,Private      ,30,56,86,15608,7637,23245
00272206,MARYMOUNT COLLEGE                       ,NY,10591-3796,Private      ,0,0,0,6,1,7
00272600,GENERAL THEOLOGICAL SEMINARY            ,NY,10011-0000,Private      ,0,1,1,0,109,109
00272800,HAMILTON COLLEGE                        ,NY,13323-1218,Private      ,1,0,1,2348,21,2369
00272900,HARTWICK COLLEGE                        ,NY,13820-4020,Private      ,1,0,1,2288,79,2367
00273100,HOBART & WILLIAM SMITH COLLEGES         ,NY,14456-3397,Private      ,1,0,1,2667,52,2719
00273200,HOFSTRA UNIVERSITY                      ,NY,11549-1010,Private      ,29,29,58,12994,5391,18385
00273400,HOUGHTON COLLEGE                        ,NY,14744-0128,Private      ,1,2,3,1552,296,1848
00273500,HILBERT COLLEGE                         ,NY,14075-1597,Private      ,4,3,7,928,332,1260
00273700,IONA COLLEGE                            ,NY,10801-1890,Private      ,6,10,16,5597,1036,6633
00273900,ITHACA COLLEGE                          ,NY,14850-7130,Private      ,8,2,10,10551,648,11199
00274000,JEWISH THEOLOGICAL SEMINARY OF AMER     ,NY,10027-4649,Private      ,0,0,0,116,181,297
00274200,THE JUILLIARD SCHOOL                    ,NY,10023-6588,Private      ,1,0,1,996,546,1542
00274400,KEUKA COLLEGE                           ,NY,14478-0000,Private      ,1,24,25,1245,896,2141
00274800,LEMOYNE COLLEGE                         ,NY,13214-1399,Private      ,2,12,14,3652,985,4637
00274900,NEW YORK COLLEGE OF PODIATRIC MED       ,NY,10035-0000,Private      ,0,1,1,39,386,425
00275100,LONG ISLAND UNIVERSITY                  ,NY,11548-1326,Private      ,40,151,191,8754,7785,16539
00275101,LONG ISLAND UNIVERSITY - BRENTWOOD CAMPU,NY,11717-5326,Private      ,0,0,0,28,359,387
00275102,LONG ISLAND UNIVERSITY - ROCKLAND CAMPUS,NY,10962-0000,Private      ,0,0,0,1,138,139
00275104,LONG ISLAND UNIVERSITY - NEW YORK UNIVER,NY,10011-0000,Private      ,0,0,0,67,69,136
00275105,LONG ISLAND UNIVERSITY - WEST POINT CAMP,NY,10966-0000,Private      ,0,0,0,15,19,34
00275106,LONG ISLAND UNIVERSITY - JEWISH BOARD OF,NY,10019-0000,Private      ,0,0,0,4,6,10
00275107,LONG ISLAND UNIVERSITY - QUEENS DISTRICT,NY,11364-0000,Private      ,0,0,0,8,20,28
00275108,LONG ISLAND UNIVERSITY - FREEPORT PUBLIC,NY,11520-3144,Private      ,0,0,0,4,1,5
00275109,LONG ISLAND UNIVERSITY - LOCUST VALLEY H,NY,11560-1105,Private      ,0,0,0,0,3,3
00275110,LONG ISLAND UNIVERSITY - WESTBURY SENIOR,NY,11568-1619,Private      ,0,0,0,67,72,139
00275111,LONG ISLAND UNIVERSITY - BABYLON SENIOR ,NY,11702-2222,Private      ,0,0,0,1,4,5
00275112,LONG ISLAND UNIVERSITY - HARBORFIELDS HI,NY,11740-1432,Private      ,0,0,0,2,0,2
00275113,LONG ISLAND UNIVERSITY - SOUTH SIDE HIGH,NY,11570-2248,Private      ,0,0,0,0,1,1
00275114,LONG ISLAND UNIVERSITY - SACHEM HIGH SCH,NY,11779-2231,Private      ,0,0,0,4,3,7
00275115,LONG ISLAND UNIVERSITY - SOUTHAMPTON COL,NY,11968-4198,Private      ,0,0,0,484,233,717
00275116,LONG ISLAND UNIVERSITY - BROOKLYN       ,NY,11201-8423,Private      ,0,0,0,2037,1191,3228
00275800,MANHATTAN COLLEGE                       ,NY,10471-4098,Private      ,9,7,16,4458,364,4822
00275900,MANHATTAN SCHOOL OF MUSIC               ,NY,10027-4698,Private      ,0,0,0,584,586,1170
00276000,MANHATTANVILLE COLLEGE                  ,NY,10577-2132,Private      ,5,14,19,2368,931,3299
00276300,MARIA COLLEGE                           ,NY,12208-1798,Private      ,1,7,8,161,676,837
00276500,MARIST COLLEGE                          ,NY,12601-1387,Private      ,6,11,17,7195,958,8153
00276900,MARYMOUNT MANHATTAN COLLEGE             ,NY,10021-4597,Private      ,3,0,3,2425,249,2674
00277200,MERCY COLLEGE                           ,NY,10522-1189,Private      ,28,245,273,2552,6736,9288
00277500,MOLLOY COLLEGE                          ,NY,11570-1100,Private      ,9,15,24,2184,1626,3810
00277700,MEDAILLE COLLEGE                        ,NY,14214-2695,Private      ,4,17,21,1339,1408,2747
00277800,MOUNT SAINT MARY COLLEGE                ,NY,12550-3494,Private      ,6,12,18,2030,1008,3038
00277900,NAZARETH COLLEGE OF ROCHESTER           ,NY,14618-3790,Private      ,4,9,13,2750,1432,4182
00278200,NEW YORK INSTITUTE OF TECHNOLOGY        ,NY,11568-8000,Private      ,30,204,234,4378,4351,8729
00278202,NY INSTITUTE OF TECHNOLOGY-OSTEOPATHIC M,NY,11568-0000,Private      ,0,2,2,6,1110,1116
00278300,NEW YORK LAW SCHOOL                     ,NY,10013-0000,Private      ,0,6,6,24,2780,2804
00278400,NEW YORK MEDICAL COLLEGE                ,NY,10595-0000,Private      ,0,1,1,4,1659,1663
00278500,NEW YORK UNIVERSITY                     ,NY,10012-1091,Private      ,31,110,141,27635,22362,49997
00278800,NIAGARA UNIVERSITY                      ,NY,14109-2010,Private      ,10,6,16,3697,761,4458
00279000,NYACK COLLEGE                           ,NY,10960-3698,Private      ,6,75,81,1310,2257,3567
00279100,PACE UNIVERSITY - NEW YORK              ,NY,10038-1598,Private      ,15,51,66,5871,2637,8508
00279101,PACE UNIVERSITY-PLEASANTVILLE           ,NY,10570-0000,Private      ,10,19,29,2713,845,3558
00279102,PACE UNIVERSITY - WHITE PLAINS          ,NY,10603-0000,Private      ,0,18,18,194,1830,2024
00279500,PAUL SMITHS CLG OF ARTS & SCIENCES      ,NY,12970-0000,Private      ,0,0,0,1157,127,1284
00279600,POLYTECHNIC INTSTITUTE OF NEW YORK UNIV ,NY,11201-3840,Private      ,11,13,24,1639,642,2281
00279800,PRATT INSTITUTE                         ,NY,11205-3899,Private      ,10,9,19,3910,2261,6171
00280300,RENSSELAER POLYTECHNIC INSTITUTE        ,NY,12180-3590,Private      ,5,4,9,8033,580,8613
00280500,ROBERTS WESLEYAN COLLEGE                ,NY,14624-1997,Private      ,3,29,32,1485,1132,2617
00280600,ROCHESTER INSTITUTE OF TECHNOLOGY       ,NY,14623-5608,Private      ,23,18,41,12181,2749,14930
00280700,ROCKEFELLER UNIVERSITY                  ,NY,10021-0000,Private      ,0,0,0,5,14,19
00280800,DAEMEN COLLEGE                          ,NY,14226-3592,Private      ,3,17,20,1816,828,2644
00281000,THE SAGE COLLEGES                       ,NY,12180-4199,Private      ,1,7,8,1312,1481,2793
00281200,TROCAIRE COLLEGE                        ,NY,14220-2094,Private      ,1,8,9,481,1138,1619
00281300,SARAH LAWRENCE COLLEGE                  ,NY,10708-5999,Private      ,2,0,2,1984,563,2547
00281400,SKIDMORE COLLEGE                        ,NY,12866-1632,Private      ,2,1,3,3390,123,3513
00281401,SKIDMORE COLL-UNIV WITHOUT WALLS        ,NY,12866-0000,Private      ,0,1,1,30,52,82
00281500,ST BERNARDS SCH THEOLOGY & MINISTRY     ,NY,14618-3822,Private      ,0,0,0,1,36,37
00281600,SIENA COLLEGE                           ,NY,12211-1462,Private      ,6,1,7,4506,197,4703
00281700,ST BONAVENTURE UNIVERSITY               ,NY,14778-2284,Private      ,3,3,6,2227,524,2751
00282000,ST FRANCIS COLLEGE                      ,NY,11201-4398,Private      ,8,3,11,1939,458,2397
00282100,ST JOHN FISHER COLLEGE                  ,NY,14618-3597,Private      ,1,9,10,4067,1473,5540
00282200,CHRIST THE KING SEMINARY                ,NY,14052-0607,Private      ,0,1,1,0,4,4
00282300,ST JOHN'S UNIVERSITY                    ,NY,11439-1343,Private      ,40,20,60,16817,5322,22139
00282500,ST JOSEPH'S COLLEGE                     ,NY,11205-3688,Private      ,1,21,22,928,658,1586
00282501,ST JOSEPH'S COLLEGE-SUFFOLK CAMPUS      ,NY,11772-0000,Private      ,15,16,31,2774,1199,3973
00282600,ST JOSEPH'S SEMINARY                    ,NY,10704-0000,Private      ,0,0,0,1,2,3
00282900,ST LAWRENCE UNIVERSITY                  ,NY,13617-1455,Private      ,1,0,1,2562,108,2670
00283200,ST THOMAS AQUINAS COLLEGE               ,NY,10976-1050,Private      ,7,3,10,1647,296,1943
00283300,ST VLADIMIR ORTHODOX THEOL SEM          ,NY,10707-0000,Private      ,0,0,0,0,62,62
00283400,EXCELSIOR COLLEGE                       ,NY,12203-5159,Private      ,3,205,208,31,1494,1525
00283500,SUNY AT ALBANY                          ,NY,12222-0001,Public       ,38,29,67,16563,4922,21485
00283600,BINGHAMTON UNIVERSITY (SUNY)            ,NY,13902-6000,Public       ,31,15,46,17396,2510,19906
00283700,SUNY AT BUFFALO                         ,NY,14260-0001,Public       ,48,39,87,18957,9283,28240
00283800,SUNY AT STONY BROOK                     ,NY,11794-0001,Public       ,59,56,115,18047,6324,24371
00283900,SUNY-DOWNSTATE MEDICAL CENTER           ,NY,11203-2098,Public       ,1,2,3,117,1723,1840
00284000,SUNY UPSTATE MEDICAL UNIVERSITY         ,NY,13210-2375,Public       ,0,2,2,146,1135,1281
00284100,SUNY BROCKPORT - FIN AID OFF            ,NY,14420-2914,Public       ,16,23,39,7902,2580,10482
00284200,BUFFALO STATE COLLEGE - SUNY            ,NY,14222-1095,Public       ,34,66,100,9522,4611,14133
00284300,SUNY COLLEGE-CORTLAND                   ,NY,13045-0900,Public       ,12,11,23,9086,1562,10648
00284400,SUNY AT FREDONIA                        ,NY,14063-1145,Public       ,9,4,13,6346,903,7249
00284500,SUNY GENESEO                            ,NY,14454-1401,Public       ,14,1,15,7867,545,8412
00284600,SUNY COLLEGE-NEW PALTZ                  ,NY,12561-2499,Public       ,17,14,31,8134,1962,10096
00284700,SUNY COLLEGE-ONEONTA                    ,NY,13820-4015,Public       ,17,5,22,8747,721,9468
00284800,SUNY OSWEGO                             ,NY,13126-3599,Public       ,13,15,28,8588,2018,10606
00284900,SUNY COLLEGE AT PLATTSBURGH             ,NY,12901-2681,Public       ,14,12,26,5936,1421,7357
00285000,SUNY COLLEGE-POTSDAM                    ,NY,13676-2294,Public       ,12,12,24,4142,1011,5153
00285100,SUNY COLLEGE OF ENVIRONMENT SCIENCE AND ,NY,13210-2778,Public       ,4,1,5,1597,466,2063
00285300,SUNY MARITIME COLLEGE                   ,NY,10465-4198,Public       ,4,2,6,1077,244,1321
00285400,SUNY COLLEGE OF TECHNOLOGY-ALFRED       ,NY,14802-9951,Public       ,2,0,2,3271,717,3988
00285500,SUNY CANTON COLG OF TECHNOLOGY          ,NY,13617-1098,Public       ,2,3,5,2324,984,3308
00285600,SUNY AG & TECH COLLEGE-COBLESKILL       ,NY,12043-9986,Public       ,10,3,13,2801,406,3207
00285700,SUNY DELHI                              ,NY,13753-1190,Public       ,9,2,11,2996,498,3494
00285800,SUNY FARMINGDALE                        ,NY,11735-1021,Public       ,26,11,37,4172,1522,5694
00285900,SUNY COLLEGE OF AG & TECH AT MORRISVILLE,NY,13408-0901,Public       ,5,3,8,3101,889,3990
00286000,ADIRONDACK COMMUNITY COLLEGE            ,NY,12804-2004,Public       ,10,8,18,1605,1232,2837
00286100,CAYUGA COMMUNITY COLLEGE                ,NY,13021-3099,Public       ,12,31,43,1634,1553,3187
00286200,BROOME COMMUNITY COLLEGE                ,NY,13902-0000,Public       ,18,35,53,3214,2282,5496
00286300,CORNING COMMUNITY COLLEGE               ,NY,14830-3297,Public       ,15,40,55,1787,1770,3557
00286400,DUTCHESS COMMUNITY COLLEGE              ,NY,12601-1595,Public       ,32,47,79,2469,1538,4007
00286600,FASHION INSTITUTE OF TECHNOLOGY         ,NY,10001-5992,Public       ,21,12,33,6070,2203,8273
00286700,SUNY FULTON MONTGOMERY COMM CLG         ,NY,12095-3790,Public       ,7,8,15,1072,782,1854
00286800,HUDSON VALLEY COMMUNITY COLLEGE         ,NY,12180-6096,Public       ,23,32,55,5676,3258,8934
00286900,JAMESTOWN COMMUNITY COLLEGE             ,NY,14702-0020,Public       ,12,11,23,2053,1585,3638
00287000,JEFFERSON COMMUNITY COLLEGE             ,NY,13601-1897,Public       ,3,41,44,1311,1662,2973
00287100,"SUNY, MOHAWK VALLEY COMMUNITY CLG       ",NY,13501-5394,Public       ,15,13,28,3458,2098,5556
00287200,MONROE COMMUNITY COLLEGE                ,NY,14623-5780,Public       ,49,56,105,8376,6983,15359
00287300,NASSAU COMMUNITY COLLEGE                ,NY,11530-6793,Public       ,93,72,165,9046,4449,13495
00287400,NIAGARA COUNTY COMMUNITY COLLEGE        ,NY,14132-9460,Public       ,19,24,43,3026,2765,5791
00287500,ONONDAGA COMMUNITY COLLEGE              ,NY,13215-4585,Public       ,41,63,104,4691,3060,7751
00287600,ORANGE COUNTY COMMUNITY COLLEGE         ,NY,10940-6441,Public       ,29,26,55,2330,1695,4025
00287700,ROCKLAND COMMUNITY COLLEGE              ,NY,10901-3611,Public       ,19,18,37,1827,1344,3171
00287800,SUFFOLK COMMUNITY COLLEGE               ,NY,11784-2899,Public       ,48,34,82,5101,2482,7583
00287801,SUFFOLK COMMUNITY CLG-W. CAMPUS         ,NY,11717-0000,Public       ,16,19,35,2552,1938,4490
00287803,SUFFOLK COMMUNITY CLG-EASTRN CAMPUS     ,NY,11901-0000,Public       ,7,10,17,903,675,1578
00287900,SULLIVAN COUNTY COMMUNITY COLLEGE       ,NY,12759-5151,Public       ,4,6,10,1167,545,1712
00288000,ULSTER COUNTY COMMUNITY COLLEGE         ,NY,12484-0557,Public       ,5,21,26,1094,784,1878
00288100,SUNY WESTCHESTER COMMUNITY COLLEGE      ,NY,10595-1698,Public       ,33,54,87,3665,2949,6614
00288200,SYRACUSE UNIVERSITY                     ,NY,13244-2130,Private      ,24,143,167,16695,5250,21945
00288300,UTICA COLLEGE OF SYRACUSE UNIV          ,NY,13502-4892,Private      ,3,23,26,2765,1216,3981
00288500,ALBANY COLLEGE OF PHARMACY AND HEALTH SC,NY,12208-3492,Private      ,0,0,0,1365,592,1957
00288600,ALBANY LAW SCHOOL                       ,NY,12208-0000,Private      ,0,0,0,16,1316,1332
00288700,ALBANY MEDICAL COLLEGE                  ,NY,12208-0000,Private      ,0,5,5,19,920,939
00288900,UNION COLLEGE                           ,NY,12308-2311,Private      ,3,1,4,2536,96,2632
00289000,UNION THEOLOGICAL SEMINARY              ,NY,10027-0000,Private      ,0,2,2,2,300,302
00289200,UNITED STATES MERCHANT MARINE ACADEMY   ,NY,11024-1699,Public       ,2,0,2,327,21,348
00289400,UNIVERSITY OF ROCHESTER                 ,NY,14627-9000,Private      ,2,16,18,6624,1388,8012
00289401,EASTMAN SCH OF MUSIC/UNIV ROCHESTER     ,NY,14604-0000,Private      ,0,2,2,739,366,1105
00289402,UNIV OF ROCHESTER SCHL OF MEDICINE      ,NY,14642-0000,Private      ,0,7,7,29,732,761
00289500,VASSAR COLLEGE                          ,NY,12604-0008,Private      ,3,0,3,3396,69,3465
00289600,VILLA MARIA COLLEGE-BUFFALO             ,NY,14225-3999,Private      ,1,0,1,357,247,604
00289900,WAGNER COLLEGE                          ,NY,10301-4495,Private      ,4,1,5,2510,281,2791
00290000,WEBB INSTITUTE                          ,NY,11542-1398,Private      ,0,0,0,55,2,57
00290100,WELLS COLLEGE                           ,NY,13026-0500,Private      ,1,0,1,843,75,918
00290300,YESHIVA UNIVERSITY                      ,NY,10033-3201,Private      ,5,18,23,1829,2689,4518
00290302,YESHIVA UNIVERSITY - BRONX CAMPUS       ,NY,10461-1975,Private      ,1,10,11,14,1090,1104
00397400,MESIVTHA TIFERETH JERUSALEM OF AMER     ,NY,10002-6382,Private      ,5,0,5,34,2,36
00397600,RABBINICAL ACAD MESIVTA RABBI CHAIM     ,NY,11230-4715,Private      ,6,0,6,15,0,15
00397700,RABBINICAL COLLEGE CH'SAN SOFER         ,NY,11204-1252,Private      ,0,1,1,17,26,43
00397800,RABBINICAL SEMINARY OF AMERICA          ,NY,11375-0000,Private      ,20,2,22,41,35,76
00397900,COLUMBIA UNIV TEACHERS COLLEGE          ,NY,10027-0000,Private      ,0,106,106,22,3776,3798
00405400,HEBREW UNION COL-JEWISH INST OF REL     ,NY,10012-0000,Private      ,0,0,0,0,86,86
00455301,ITT TECHNICAL INSTITUTE                 ,NY,12205-0000,Proprietary  ,19,37,56,227,425,652
00475900,"CUNY, YORK COLLEGE                      ",NY,11451-0001,Public       ,36,24,60,4699,3140,7839
00476500,CUNY GRADUATE SCH & UNIV CTR            ,NY,10016-4309,Public       ,1,28,29,44,2103,2147
00477600,CENTRAL YESHIVA TOMCHEI TMIMIM LUBA     ,NY,11230-2798,Private      ,198,7,205,476,74,550
00478800,HERKIMER COUNTY COMMUNITY COLLEGE       ,NY,13350-1598,Public       ,10,11,21,2037,975,3012
00479800,MIRRER YESHIVA CENTRAL INST             ,NY,11223-2010,Private      ,13,5,18,106,57,163
00479900,MONROE COLLEGE                          ,NY,10468-4305,Proprietary  ,99,306,405,3351,6407,9758
00479901,MONROE COLLEGE                          ,NY,10801-0000,Proprietary  ,0,3,3,0,3,3
00481100,EVEREST INSTITUTE                       ,NY,14621-3007,Proprietary  ,27,137,164,534,2741,3275
00506401,ST JAMES MERCY HOSP SCH OF RAD          ,NY,14843-2197,Private      ,0,0,0,16,14,30
00506600,FAXTON ST. LUKE'S SCHOOL OF RADIOGRAPHY ,NY,13502-4856,Private      ,0,0,0,21,10,31
00520800,THE COLLEGE OF WESTCHESTER              ,NY,10602-0000,Proprietary  ,22,47,69,828,725,1553
00587700,ROBERT J HOCHSTIM SCHOOL OF RADIOG      ,NY,11572-1151,Private      ,0,0,0,0,9,9
00643501,ARNOT OGDEN MEDICAL CENTER              ,NY,14905-1676,Private      ,0,1,1,23,39,62
00643800,PHILLIPS BETH ISRAEL SCH OF NURSING     ,NY,10001-6354,Private      ,0,0,0,75,273,348
00644300,COCHRAN SCH NSG-ST JOHN RVSDE HOSP      ,NY,10701-1399,Private      ,1,2,3,75,403,478
00644500,CROUSE HOSP SCH OF NURSING              ,NY,13210-1690,Private      ,1,0,1,118,245,363
00644800,ELLIS HOSPITAL SCHOOL OF NURSING        ,NY,12308-0000,Private      ,0,1,1,23,109,132
00646101,ST ELIZABETH COLLEGE OF NURSING         ,NY,13501-2998,Private      ,0,0,0,88,138,226
00646102,ST ELIZABETH SCH OF RADIOGRAPHY         ,NY,13501-0000,Private      ,0,1,1,9,14,23
00646700,SAINT JOSEPH'S COLLEGE OF NURSING       ,NY,13203-1806,Private      ,0,1,1,160,227,387
00678200,GENESEE COMMUNITY COLLEGE               ,NY,14020-9704,Public       ,17,52,69,2444,1956,4400
00678500,SCHENECTADY COUNTY COMMUNITY CLG        ,NY,12305-2294,Public       ,8,8,16,1644,1482,3126
00678700,CLINTON COMMUNITY COLLEGE               ,NY,12901-5690,Public       ,4,5,9,1048,631,1679
00678800,TOMPKINS CORTLAND COMMUNITY COLLEGE     ,NY,13053-8504,Public       ,7,15,22,2082,1205,3287
00678900,COLUMBIA-GREENE COMMUNITY COLLEGE       ,NY,12534-9543,Public       ,10,12,22,883,597,1480
00679100,SUNY AT PURCHASE                        ,NY,10577-1400,Public       ,8,7,15,5461,908,6369
00702200,CUNY-LEHMAN COLLEGE                     ,NY,10468-1589,Public       ,32,43,75,7746,6369,14115
00702600,"MT SINAI SCH OF MEDICINE, NY UNIV       ",NY,10029-0000,Private      ,0,4,4,6,908,914
00710900,SUNY COLLEGE-OLD WESTBURY               ,NY,11568-0210,Public       ,12,8,20,3764,1322,5086
00711100,NORTH COUNTRY COMMUNITY COLLEGE         ,NY,12983-2046,Public       ,4,2,6,727,585,1312
00726400,MESIFTA TORAH VODAATH RABBINCAL SEM     ,NY,11218-5209,Private      ,47,13,60,97,72,169
00727300,CUNY-BERNARD BARUCH COLLEGE             ,NY,10010-5518,Public       ,94,59,153,11862,5773,17635
00730400,CULINARY INSTITUTE OF AMERICA           ,NY,12538-1499,Private      ,25,17,42,2699,1245,3944
00737200,AUSTIN'S SCHOOL OF SPA TECHNOLOGY       ,NY,12206-1513,Proprietary  ,13,28,41,99,232,331
00737500,ISLAND DRAFTING & TECHNICAL INST        ,NY,11701-2704,Proprietary  ,1,4,5,82,92,174
00738700,LONG ISLAND BEAUTY SCHOOL               ,NY,11788-4346,Proprietary  ,5,9,14,90,139,229
00738800,LONG ISLAND BEAUTY SCHOOL               ,NY,11550-3704,Proprietary  ,2,12,14,51,150,201
00739100,BEAUTY SCHOOL OF MIDDLETOWN             ,NY,10940-6574,Proprietary  ,2,3,5,46,102,148
00739400,BERKELEY COLLEGE                        ,NY,10017-0000,Proprietary  ,9,20,29,2041,1778,3819
00739402,BERKELEY COLLEGE-WESTCHESTER CAMPUS     ,NY,10601-1533,Proprietary  ,2,1,3,752,300,1052
00739800,KATHARINE GIBBS SCHOOL                  ,NY,10018-2602,Proprietary  ,3,6,9,1577,2475,4052
00740100,MANDL SCHOOL                            ,NY,10019-5516,Proprietary  ,13,77,90,165,806,971
00740500,WOOD TOBE-COBURN SCHOOL                 ,NY,10016-0102,Proprietary  ,0,1,1,548,109,657
00746500,AMERICAN ACADEMY OF DRAMATIC ARTS       ,NY,10016-7089,Private      ,0,0,0,283,103,386
00746600,LIM COLLEGE                             ,NY,10022-5268,Proprietary  ,4,1,5,1162,103,1265
00746800,SCHOOL OF VISUAL ARTS                   ,NY,10010-3994,Proprietary  ,12,3,15,3210,1245,4455
00750602,LINCOLN TECHNICAL INSTITUTE             ,NY,11357-6092,Proprietary  ,49,39,88,575,261,836
00751800,APEX TECHNICAL SCHOOL                   ,NY,10011-2008,Proprietary  ,97,165,262,836,1790,2626
00752200,CONTINENTAL SCH OF BEAUTY CULTURE       ,NY,14623-3231,Proprietary  ,9,39,48,156,465,621
00753200,FINGER LAKES COMMUNITY COLLEGE          ,NY,14424-8395,Public       ,11,19,30,2494,1710,4204
00757200,AMERICAN MUSICAL AND DRAMATIC ACAD      ,NY,10023-2106,Private      ,13,2,15,1289,243,1532
00757300,EMPIRE BEAUTY SCHOOL                    ,NY,11103-4028,Proprietary  ,8,23,31,101,236,337
00780400,CAREER ACADEMY OF NEW YORK              ,NY,10011-7307,Proprietary  ,19,91,110,197,617,814
00818900,CONTINENTAL SCH OF BEAUTY CULTURE       ,NY,14223-0000,Proprietary  ,0,0,0,10,10,20
00818902,CONTINENTAL SCHOOL OF BEAUTY CULTURE  - ,NY,14224-3402,Proprietary  ,0,0,0,6,3,9
00843500,INTERBORO INSTITUTE                     ,NY,10019-3604,Proprietary  ,0,0,0,1735,2241,3976
00843700,CHAMPLAIN VALLEY - TEC/PRN              ,NY,12901-0000,Public       ,0,0,0,13,38,51
00849500,JAMESTOWN BUSINESS COLLEGE              ,NY,14702-0429,Proprietary  ,5,19,24,151,298,449
00861100,"CUNY, HOSTOS CMTY COLLEGE               ",NY,10451-1499,Public       ,16,10,26,2657,4046,6703
00861400,RABBINICAL CLG BOBOVER YESHIVA BNEI     ,NY,11219-3293,Private      ,20,22,42,141,57,198
00861700,RABBINICAL SEM MKOR CHAIM-YESHIVA       ,NY,11219-4300,Private      ,15,0,15,27,1,28
00878800,SUNY-STUDENT LOAN SERVICE CENTER        ,NY,12144-3440,Public       ,0,0,0,186,87,273
00900300,OLEAN BUSINESS INSTITUTE INC            ,NY,14760-2691,Proprietary  ,1,0,1,28,91,119
00902900,NEIGHBORHOOD PLAYHOUSE                  ,NY,10022-5017,Private      ,0,0,0,20,12,32
00904300,ELMIRA BUSINESS INSTITUTE               ,NY,14901-2731,Proprietary  ,12,96,108,143,888,1031
00907700,UTICA SCHOOL OF COMMERCE                ,NY,13501-2280,Proprietary  ,11,32,43,163,372,535
00924800,SAMARITAN HOSPITAL SCH NURSING          ,NY,12180-2475,Private      ,0,0,0,54,145,199
00928300,MIDWAY-PARIS BEAUTY SCHOOL              ,NY,11385-3453,Proprietary  ,3,16,19,20,90,110
00928400,LEARNING INST FOR BEAUTY SCIENCES       ,NY,11756-1345,Proprietary  ,12,36,48,95,292,387
00933500,MESIVTA EASTERN PKWY RABBINICAL CLG     ,NY,11218-5559,Private      ,3,0,3,30,6,36
00947900,SAINT VINCENTS CMC SI NURSING SCHOOL    ,NY,10304-3850,Proprietary  ,0,3,3,47,103,150
00947901,SAINT VINCENTS CMC SI PHYS ASSIST PROG  ,NY,10304-3850,Proprietary  ,0,0,0,1,7,8
00976900,METROPOLITAN COLLEGE OF NEW YORK        ,NY,10013-1919,Private      ,1,13,14,143,1560,1703
00992900,SUNY COLLEGE OF OPTOMETRY               ,NY,10036-8003,Public       ,0,0,0,14,311,325
01005100,LA GUARDIA CMTY COLLEGE - CUNY          ,NY,11101-3083,Public       ,40,41,81,7185,6267,13452
01005200,JEFFERSON-LEWIS BOCES PRAC NRSGPRG      ,NY,13601-9509,Public       ,0,1,1,16,85,101
01009700,CUNY-MEDGAR W EVERS COLLEGE             ,NY,11225-2010,Public       ,10,12,22,2844,4202,7046
01014200,TOURO COLLEGE                           ,NY,10010-4202,Private      ,59,101,160,3328,11508,14836
01014700,WESTERN SUFFOLK BOCES                   ,NY,11768-3499,Public       ,2,4,6,56,253,309
01015300,HELENE FULD COL OF NRSNG/N GEN HOSP     ,NY,10035-0000,Private      ,3,47,50,23,474,497
01028600,EMPIRE STATE COLLEGE                    ,NY,12866-4391,Public       ,9,104,113,614,9474,10088
01037800,RABBINICAL COLLEGE OF LONG ISLAND       ,NY,11561-3244,Private      ,6,0,6,49,0,49
01054900,KEHILATH YAKOV RABBINICAL SEMINARY      ,NY,10562-1001,Private      ,8,9,17,44,19,63
01055100,NEW YORK SCH MED & DENTAL ASSISTANT     ,NY,11101-2327,Proprietary  ,4,4,8,179,393,572
01064100,SOUTHERN WESTCHESTER BOCES              ,NY,10543-0000,Public       ,0,1,1,11,115,126
01068400,ERIE COMMUNITY COLLEGE-ALL CAMPUSES     ,NY,14203-2698,Public       ,44,49,93,7089,6139,13228
01081300,AMERICAN ACAD MCALLISTER INST           ,NY,10019-3604,Private      ,0,2,2,58,209,267
01083700,SIMMONS INST OF FUNERAL SERVICE         ,NY,13207-2098,Proprietary  ,0,1,1,25,28,53
01093000,SUBURBAN TECHNICAL SCHOOL               ,NY,11550-3771,Proprietary  ,18,67,85,85,297,382
01094300,RABBINICAL COLLEGE BETH SHRAGA          ,NY,10952-3033,Private      ,3,0,3,23,0,23
01095200,PNW BOCES LPN PROGRAM                   ,NY,10598-0000,Public       ,0,0,0,9,79,88
01103100,TECHNICAL CAREER INSTITUTE              ,NY,10001-2789,Proprietary  ,138,315,453,2297,3831,6128
01118900,UNITED TALMUDICAL SEMINARY              ,NY,11211-7984,Private      ,111,95,206,624,519,1143
01119200,BETH HAMEDRASH SHAAREI YOSHER INST      ,NY,11204-1052,Private      ,4,2,6,14,2,16
01161400,CHAMPLAIN VALLEY HOSP SCH RAD TECH      ,NY,12901-1490,Private      ,0,0,0,15,9,24
01161700,NEW YORK METHODIST HOSPITAL             ,NY,11229-9023,Private      ,5,30,35,5,30,35
01164700,SBI CAMPUS - AN AFFILIATE OF SANFORD-BRO,NY,11747-3785,Proprietary  ,22,39,61,441,661,1102
01167000,YESHIVA OF NITRA RABBINICAL COLLEGE     ,NY,11211-7108,Private      ,25,20,45,103,34,137
01167700,MEMORIAL SLOAN KETTERING CANCER CTR     ,NY,10021-6094,Private      ,0,0,0,3,10,13
01167800,SUNY INST OF TECHNOLOGY UTICA ROME      ,NY,13504-3050,Public       ,2,11,13,1335,992,2327
01182100,YESHIVATH ZICHRON MOSHE                 ,NY,12779-0580,Private      ,4,1,5,73,7,80
01183000,BERK TRADE AND BUSINESS SCHOOL          ,NY,11101-0000,Proprietary  ,15,25,40,60,203,263
01185900,WORD OF LIFE BIBLE INSTITUTE            ,NY,12860-0129,Private      ,6,0,6,434,76,510
01186000,MERCY MED CNTR SCHL OF RADIOGRAPHY      ,NY,11570-1098,Private      ,0,0,0,4,3,7
01192100,WESTCHESTER SCH OF BEAUTY CULTURE       ,NY,10550-2295,Proprietary  ,0,5,5,14,59,73
01192200,BETH HATALMUD RABBINICAL CLG            ,NY,11214-2594,Private      ,3,0,3,34,0,34
01198400,OHR HAMEIR THEOLOGICAL SEMINARY         ,NY,10566-0990,Private      ,14,0,14,67,0,67
01201100,TALMUDICAL SEM OHOLEI TORAH             ,NY,11213-3310,Private      ,25,0,25,246,1,247
01207200,PHILLIPS HAIRSTYLING INSTITUTE          ,NY,13210-1509,Proprietary  ,1,11,12,45,148,193
01210700,INSTITUTE OF DESIGN & CONSTRUCTION      ,NY,11201-5380,Private      ,0,1,1,41,100,141
01220300,MEMORIAL HOSPITAL SCH OF NURSING        ,NY,12204-1083,Private      ,0,1,1,26,123,149
01227700,NEW YORK CHIROPRACTIC COLLEGE           ,NY,13148-0800,Private      ,0,1,1,10,710,720
01229300,VEEB NASSAU CNTY SCHL OF PRACT NURS     ,NY,11553-3037,Public       ,0,4,4,36,196,232
01235800,PLAZA COLLEGE                           ,NY,11372-6300,Proprietary  ,50,78,128,535,977,1512
01236400,SAINT VINCENTS CATHOLIC MEDICAL CENTERS ,NY,11354-0000,Proprietary  ,1,4,5,26,138,164
01240700,SCHUYLER-CHEMUNG-TIOGA BOCES            ,NY,14903-1089,Public       ,0,0,0,13,103,116
01240701,STEUBEN SCHUYLER CHEMUNG TIOGA ALLEGANY ,NY,14870-9518,Public       ,0,0,0,15,95,110
01256100,FIVE TOWNS COLLEGE                      ,NY,11746-5871,Proprietary  ,19,6,25,1216,245,1461
01258900,ERIE 1 BOCES                            ,NY,14224-0000,Public       ,0,3,3,41,228,269
01265200,ONONDAGA CORTLAND MADISON BOCES         ,NY,13090-4500,Public       ,2,0,2,118,507,625
01278300,OSWEGO COUNTY BOCES ADULT CAREERS       ,NY,13114-4498,Public       ,1,1,2,30,90,120
01292700,CENTRAL TECH NURSING PROGRAM            ,NY,13202-3092,Public       ,0,1,1,15,85,100
01302600,MACHZIKEI HADATH RABBINICAL COLLEGE     ,NY,11204-1805,Private      ,25,24,49,54,27,81
01302700,YESHIVATH VIZNITZ                       ,NY,10952-3021,Private      ,104,74,178,132,75,207
01302900,BORICUA COLLEGE                         ,NY,10032-1599,Private      ,8,13,21,372,1198,1570
02056400,CAPRI COSMETOLOGY LEARNING CENTER       ,NY,10954-0000,Proprietary  ,6,7,13,57,107,164
02066200,THE NEW SCHOOL                          ,NY,10011-0000,Private      ,14,29,43,4122,4719,8841
02069000,NEW YORK SCHOOL OF INTERIOR DESIGN      ,NY,10021-0000,Private      ,0,2,2,137,176,313
02075700,BRIARCLIFFE COLLEGE                     ,NY,11714-0000,Proprietary  ,3,3,6,1250,824,2074
02075702,BRIARCLIFFE COLLEGE - PATCHOGUE         ,NY,11772-3019,Proprietary  ,0,2,2,814,586,1400
02092400,RIDLEY-LOWELL SCHOOL OF BUSINESS        ,NY,13905-0000,Proprietary  ,1,10,11,29,155,184
02093700,LONG ISLAND BUSINESS INSTITUTE          ,NY,11725-0000,Proprietary  ,77,220,297,480,1514,1994
02098400,HERKIMER COUNTY BOCES                   ,NY,13350-0000,Public       ,0,0,0,25,76,101
02104300,OTSEGO AREA SCHOOL OF PRAC NURSING      ,NY,13820-0000,Public       ,0,0,0,11,33,44
02105900,HAIR DESIGN INSTITUTE AT FIFTH AVE      ,NY,11220-0000,Proprietary  ,4,17,21,27,85,112
02106800,BRAMSON ORT COLLEGE                     ,NY,11375-0000,Private      ,41,79,120,388,525,913
02110900,CATTARAUGUS/ALLEGANY BOCES              ,NY,14760-0000,Public       ,0,0,0,32,104,136
02116011,SANFORD-BROWN INSTITUTE - NEW YORK      ,NY,10003-2103,Proprietary  ,87,217,304,514,1575,2089
02118700,LONG ISLAND COLLEGE HOSPITAL - SCHOOL OF,NY,11201-6001,Private      ,1,0,1,115,250,365
02118702,LONG ISLAND COLLEGE HOSPITAL - SCHOOL OF,NY,11201-6001,Private      ,0,1,1,31,26,57
02124000,ORANGE ULSTER BOCES SCH OF PRAC NRS     ,NY,10924-9401,Public       ,0,1,1,32,103,135
02125500,CIRCLE IN THE SQUARE THEATRE SCHOOL     ,NY,10019-0000,Private      ,1,0,1,49,50,99
02126300,MADISON-ONEIDA BOCES PRAC NRS           ,NY,13478-0000,Public       ,1,8,9,16,148,164
02138500,BOCES RENSSELAER SCH OF PRAC NRSG       ,NY,12033-3221,Public       ,1,2,3,16,88,104
02145800,CAYUGA ONONDAGA BOCES                   ,NY,13021-9430,Public       ,0,0,0,11,61,72
02146000,WAYNE-FINGER LAKES BOCES                ,NY,14513-0000,Public       ,0,2,2,32,137,169
02152000,YESHIVA SHAAR HATORAH ITRI TORAH        ,NY,11418-0000,Private      ,2,0,2,9,3,12
02153600,BROOME-TIOGA BOCES PN PROG              ,NY,13905-0000,Public       ,0,0,0,12,67,79
02157900,ROCHESTER GENERAL HOSPITAL              ,NY,14621-3001,Private      ,0,0,0,14,108,122
02158200,WSHNGTN-SARTGA-WARN-HMLTN-ESX BOCES     ,NY,12839-1051,Public       ,0,0,0,22,116,138
02160100,GENEVA GENERAL HOSPITAL                 ,NY,14456-0000,Private      ,0,0,0,17,45,62
02163400,NEW YORK CAREER INSTITUTE               ,NY,10007-2801,Proprietary  ,1,3,4,184,524,708
02169100,DAVIS COLLEGE                           ,NY,13790-0000,Private      ,1,1,2,155,95,250
02170000,SWEDISH INSTITUTE                       ,NY,10001-0000,Proprietary  ,7,14,21,78,647,725
02170200,ALBANY SCHOHARIE SCHENECTADY            ,NY,12205-0000,Public       ,0,2,2,30,136,166
02171900,AILEY SCHOOL (THE)                      ,NY,10019-4402,Private      ,0,0,0,69,33,102
02172100,HAMILTON-FULTON-MONTGOMERY BOCES        ,NY,12095-0000,Public       ,0,0,0,36,36,72
02172800,DUTCHESS COUNTY BOCES SCH PRAC NURS     ,NY,12601-0000,Public       ,0,0,0,30,135,165
02173200,EMPIRE BEAUTY SCHOOL                    ,NY,10001-0000,Proprietary  ,26,76,102,503,911,1414
02173900,ULSTER COUNTY BOCES PRACTICAL NRSG      ,NY,12466-0000,Public       ,0,2,2,25,127,152
02176000,CHERYL FELL'S SCHOOL OF BUSINESS        ,NY,14304-0000,Proprietary  ,0,4,4,10,30,40
02179400,EASTERN SUFFOLK BOCES                   ,NY,11713-0000,Public       ,0,1,1,95,359,454
02179401,HARRY B WARD TECH CTR-EAST SUF BOCE     ,NY,11901-0000,Public       ,0,0,0,1,1,2
02182200,NEW SCHOOL OF RADIO & TELEVISION        ,NY,12206-1106,Proprietary  ,0,0,0,31,50,81
02191600,TORAH TEMIMAH TALMUDICAL SEMINARY       ,NY,11218-0000,Private      ,6,0,6,40,1,41
02192500,BELLEVUE HOSP CTR SCH RAD TECH          ,NY,10016-0000,Public       ,1,0,1,13,23,36
02193700,SAINT LAWRENCE LEWIS COUNTY BOCES       ,NY,13617-0000,Public       ,0,0,0,68,34,102
02193701,SAINT LAWRENCE LEWIS COUNTY BOCES - NORT,NY,13669-0798,Public       ,0,0,0,2,0,2
02193702,SAINT LAWRENCE LEWIS COUNTY BOCES - SOUT,NY,13642-0342,Public       ,0,0,0,1,2,3
02193703,SAINT LAWRENCE LEWIS COUNTY BOCES - ADUL,NY,13668-3238,Public       ,0,0,0,1,2,3
02199300,ORLEANS-NIAGARA BOCES                   ,NY,14132-0000,Public       ,0,1,1,13,46,59
02206000,HUNTER BUSINESS SCHOOL                  ,NY,11756-0000,Proprietary  ,6,71,77,122,585,707
02206001,HUNTER BUSINESS SCHOOL -                ,NY,11763-0000,Proprietary  ,0,0,0,9,13,22
02217800,D.HOPFER SCH NURSING AT MT.VRN HOSP     ,NY,10550-0000,Private      ,0,2,2,26,252,278
02219500,MILDRED ELLEY                           ,NY,12206-1513,Proprietary  ,19,68,87,225,1025,1250
02235600,ERIE 2-CHAUTAUQUA-CATTARAUGUS BOCES     ,NY,14006-0000,Public       ,0,1,1,22,148,170
02256700,KOL YAAKOV TORAH CENTER                 ,NY,10952-0000,Private      ,2,1,3,2,1,3
02265100,YESHIVA DERECH CHAIM                    ,NY,11218-0000,Private      ,6,1,7,46,11,57
02265200,GLOBAL BUSINESS INSTITUTE               ,NY,11691-0000,Private      ,80,204,284,426,1086,1512
02272900,ROCKLAND COUNTY BOCES PRAC NRSG SCH     ,NY,10994-0000,Public       ,0,1,1,13,64,77
02275900,"MODERN WELDING SCHOOL, INC.             ",NY,12304-0000,Proprietary  ,4,19,23,67,116,183
02287800,NATIONAL TRACTOR TRAILER SCHOOL         ,NY,13088-2505,Proprietary  ,2,87,89,19,355,374
02294900,INSTITUTE OF AUDIO RESEARCH             ,NY,10003-0000,Proprietary  ,22,30,52,499,347,846
02306500,PROFESSIONAL BUSINESS INSTITUTE         ,NY,10002-0000,Private      ,52,60,112,644,857,1501
02314200,NORTHERN WESTCHESTER SCH COSMETOL       ,NY,10566-0000,Proprietary  ,1,4,5,17,29,46
02325600,NEW YORK INSTITUTE OF ENGLISH & BUS     ,NY,10001-0000,Private      ,11,37,48,88,374,462
02348700,CAREER BLAZERS LEARNING CENTER          ,NY,10017-0000,Proprietary  ,0,0,0,16,211,227
02349700,RABBINICAL SEMINARY ADAS YEREIM         ,NY,11211-0000,Private      ,2,29,31,9,44,53
02350600,YESHIVA AND KOLLEL HARBOTZAS TORAH      ,NY,11230-0000,Private      ,0,12,12,0,20,20
02454300,NEW YORK UNIVERSITY SCHOOL OF MEDICINE  ,NY,10016-6497,Private      ,0,5,5,169,1059,1228
02491400,SPANISH AMERICAN INSTITUTE              ,NY,10036-0000,Private      ,1,4,5,10,38,48
02505800,YESHIVA KARLIN STOLIN RAB INSTITUTE     ,NY,11204-0000,Private      ,18,19,37,33,52,85
02505900,SH-OR YOSHUV RABBINICAL COLLEGE         ,NY,11691-0000,Private      ,20,20,40,36,28,64
02506000,ASSOCIATED BETH RIVKAH SCHOOLS          ,NY,11225-0000,Private      ,1,3,4,51,14,65
02506100,CITY UNIV OF NEW YORK-CENTRAL           ,NY,10021-0000,Public       ,1,1,2,389,244,633
02506200,MERCE CUNNINGHAM STUDIO                 ,NY,10014-0000,Private      ,0,1,1,1,6,7
02506800,YESHIVAT MIKDASH MELECH                 ,NY,11230-0000,Private      ,13,2,15,48,15,63
02511500,JOFFREY BALLET SCHOOL                   ,NY,10011-0000,Proprietary  ,0,0,0,30,1,31
02513500,MAR JON SCHOOL OF BEAUTY CULTURE        ,NY,14150-0000,Proprietary  ,1,1,2,24,58,82
02525600,ART INSTITUTE OF NEW YORK CITY (THE)    ,NY,10013-2429,Proprietary  ,16,14,30,1816,1291,3107
02540800,"GLOBE INSTITUTE OF TECHNOLOGY, INC.     ",NY,10007-0000,Proprietary  ,33,64,97,502,914,1416
02546000,TRI-STATE COLLEGE OF ACUPUNCTURE        ,NY,10011-0000,Proprietary  ,0,0,0,0,147,147
02546300,YESHIVA OF THE TELSHE ALUMNI            ,NY,10471-0000,Private      ,10,0,10,40,0,40
02550600,TALMUDICAL INST OF UPSTATE NY           ,NY,14607-0000,Private      ,1,0,1,9,2,11
02556700,SEMINAR L'MOROS BAIS YAAKOV             ,NY,11219-0000,Private      ,5,0,5,259,0,259
02572900,BUSINESS INFORMATICS CENTER             ,NY,11580-0000,Proprietary  ,1,6,7,37,104,141
02575400,FRENCH CULINARY INSTITUTE               ,NY,10013-2618,Proprietary  ,2,14,16,182,406,588
02587600,ORLO SCH HAIR DESIGN & COSMETOLOGY      ,NY,12206-1723,Proprietary  ,2,1,3,96,67,163
02599400,NEW YORK COLLEGE OF HEALTH PROFESSIONS  ,NY,11791-4413,Private      ,2,3,5,153,654,807
02600100,NEW YORK ACADEMY OF ART (THE)           ,NY,10013-2911,Private      ,0,0,0,41,128,169
02614900,SANFORD-BROWN INSTITUTE                 ,NY,10604-2910,Proprietary  ,18,80,98,181,649,830
02615001,SANFORD-BROWN INSTITUTE - GARDEN CITY   ,NY,11530-4734,Proprietary  ,0,1,1,11,29,40
02616600,SHEAR EGO INTL SCH OF HAIR DESIGN       ,NY,14617-3501,Proprietary  ,0,5,5,35,74,109
02617000,CONTINENTAL SCH OF BEAUTY CULTURE       ,NY,14020-1908,Proprietary  ,3,13,16,41,147,188
02617001,CONTINENTAL SCHOOL OF BEAUTY CULTURE - O,NY,14760-2618,Proprietary  ,0,0,0,2,2,4
02622900,BAIS MEDRASH ELYON                      ,NY,10952-3013,Private      ,18,1,19,22,3,25
03000100,YESHIVA GEDOLAH IMREI YOSEF DSPINKA     ,NY,11219-4696,Private      ,1,10,11,4,133,137
03007200,DANCE THEATRE OF HARLEM                 ,NY,10031-0000,Private      ,0,0,0,11,3,14
03027701,PACIFIC COLLEGE OF ORIENTAL MEDICINE - N,NY,10010-7108,Proprietary  ,0,13,13,4,354,358
03081600,DELAWARE CHENANGO MADISON OT. BOCES     ,NY,13815-9554,Public       ,0,0,0,15,67,82
03088500,NEW YORK INTERNATIONAL BEAUTY SCH       ,NY,10019-0000,Proprietary  ,10,20,30,67,281,348
03089700,COMPUTER CAREER CENTER                  ,NY,11530-3334,Proprietary  ,43,180,223,333,1239,1572
03095500,ASA INST BUSINESS & COMPUTER TECH       ,NY,11201-5208,Proprietary  ,139,514,653,1328,4595,5923
03096200,CHARLES STUART SCHOOL                   ,NY,11229-2004,Proprietary  ,0,0,0,8,39,47
03097801,CARSTEN INSTITUTE                       ,NY,10003-1901,Proprietary  ,1,0,1,2,2,4
03099100,SUNBRIDGE COLLEGE                       ,NY,10977-0000,Private      ,0,0,0,1,76,77
03103700,ADIRONDACK BEAUTY SCHOOL                ,NY,12801-3158,Proprietary  ,0,0,0,19,27,46
03104900,SULLIVAN COUNTY BOCES                   ,NY,12754-2116,Public       ,0,1,1,14,48,62
03111100,NEW YORK PARALEGAL SCHOOL               ,NY,10007-0000,Proprietary  ,1,13,14,22,165,187
03115300,GENESEE VALLEY BOCES                    ,NY,14020-1099,Public       ,3,15,18,34,146,180
03120700,NEW YORK CONSERVATORY FOR DRAMATIC ARTS ,NY,10011-4225,Proprietary  ,1,1,2,330,115,445
03127100,YESHIVAS NOVOMINSK                      ,NY,11219-0000,Private      ,6,0,6,38,2,40
03129200,RABBINICAL CLG OHR SHIMAR YISROEL       ,NY,11211-8102,Private      ,5,6,11,50,103,153
03147300,YESHIVA D'MONSEY                        ,NY,10952-3106,Private      ,21,3,24,21,3,24
03169300,STUDIO JEWELERS                         ,NY,10016-4112,Proprietary  ,0,1,1,4,15,19
03172400,CALIBER TRAINING INSTITUTE              ,NY,10018-6504,Proprietary  ,6,9,15,206,926,1132
03181400,MERKAZ BNOS                             ,NY,11204-0000,Private      ,3,19,22,10,264,274
03191300,CUNY SCHOOL OF LAW @ QUEENS COLLEGE     ,NY,11367-0000,Public       ,0,0,0,98,989,1087
03193300,MANHATTAN SCHOOL OF COMPUTER TECH       ,NY,11230-1617,Private      ,8,35,43,25,156,181
03203300,NEW YORK INSTITUTE OF MASSAGE           ,NY,14221-6021,Proprietary  ,4,8,12,71,201,272
03208300,GRACE INSTITUTE OF BUSINESS TECH        ,NY,11201-2303,Private      ,0,0,0,20,71,91
03216300,UNIFICATION THEOLOGICAL SEMINARY        ,NY,12507-5021,Private      ,0,0,0,0,9,9
03315300,HARLEM SCHOOL OF TECHNOLOGY             ,NY,10027-4426,Proprietary  ,2,5,7,9,36,45
03328300,FRANKLIN CAREER INSTITUTE               ,NY,11550-3003,Private      ,27,60,87,242,600,842
03342400,AMERICAN BARBER INSTITUTE               ,NY,10001-5271,Proprietary  ,8,16,24,63,127,190
03358300,ALLEN SCHOOL                            ,NY,11432-4901,Proprietary  ,40,166,206,332,1362,1694
03361500,WILLSEY INSTITUTE                       ,NY,10301-1989,Proprietary  ,2,12,14,22,89,111
03380300,CULINARY ACADEMY OF LONG ISLAND         ,NY,11791-5311,Proprietary  ,5,15,20,81,200,281
03419400,NORTHEASTERN SEMINARY                   ,NY,14624-1997,Private      ,0,12,12,1,109,110
03426400,ANTHEM INSTITUTE                        ,NY,10018-0000,Proprietary  ,19,25,44,545,1089,1634
03433500,LIA SCHORR INSTITUTE OF COSMETIC SK     ,NY,10022-2614,Proprietary  ,0,11,11,12,54,66
03443300,NEW YORK COLLEGE OF TRADITIONAL CHINESE ,NY,11501-0000,Private      ,0,2,2,4,71,75
03496300,YESHIVA SHAAREI TORAH OF ROCKLAND       ,NY,10901-4003,Private      ,2,1,3,6,2,8
03537300,NEW YORK AUTOMOTIVE & DIESEL INSTIT     ,NY,11101-0000,Proprietary  ,1,3,4,307,526,833
03568300,LEON STUDIO ONE SCHOOL OF HAIR DESI     ,NY,14221-5323,Proprietary  ,5,9,14,55,95,150
03651300,SAINT JOSEPH'S MEDICAL CENTER SCHOO     ,NY,10701-4080,Private      ,0,0,0,8,13,21
03652300,METROPOLITAN LEARNING INSTITUTE         ,NY,11375-0000,Private      ,5,107,112,23,589,612
03691300,USA BEAUTY SCHOOL INTERNATIONAL         ,NY,10013-3530,Proprietary  ,4,59,63,33,296,329
03713300,BEIS MEDRASH HEICHAL DOVID              ,NY,11691-4433,Private      ,20,0,20,28,0,28
03773300,CENTER FOR NATURAL WELLNESS SCHOOL OF MA,NY,12205-1601,Proprietary  ,0,3,3,38,124,162
03802300,UTA MESIVTA OF KIRYAS JOEL              ,NY,10950-2169,Private      ,118,90,208,546,316,862
03809400,MICROPOWER CAREER INSTITUTE             ,NY,10001-2812,Proprietary  ,1,10,11,2,12,14
03819400,HUDSON VALLEY SCHOOL OF ADVANCED AESTHET,NY,12493-0000,Proprietary  ,1,8,9,40,46,86
03839300,AVEDA INSTITUTE NEW YORK                ,NY,10013-1522,Proprietary  ,3,7,10,88,178,266
03881300,UNION GRADUATE COLLEGE                  ,NY,12308-3103,Private      ,0,5,5,6,165,171
03903400,AMERICAN BEAUTY SCHOOL                  ,NY,10462-8003,Proprietary  ,2,16,18,45,228,273
03941400,ELITE ACADEMY OF BEAUTY ARTS            ,NY,11223-1630,Proprietary  ,2,14,16,19,126,145
03983300,"SCHOOL OF PROFESSIONAL HORTICULTURE, AT ",NY,10458-5126,Private      ,0,0,0,0,7,7
04043300,ACE COMPUTER TRAINING CENTER            ,NY,11375-5337,Proprietary  ,2,9,11,5,20,25
04095300,KING'S COLLEGE (THE)                    ,NY,10018-0110,Private      ,0,0,0,2,3,5
04102300,NEW AGE TRAINING                        ,NY,10018-0000,Proprietary  ,3,20,23,19,82,101
04115500,TALMUDICAL SEMINARY OF BOBOV            ,NY,11219-3826,Private      ,12,24,36,57,36,93
04123200,INSTITUTE OF ALLIED MEDICAL PROFESSIONS ,NY,11373-5541,Private      ,0,2,2,0,2,2
04123300,HUDSON VALLEY SCHOOL OF MASSAGE THERAPY ,NY,12493-0000,Proprietary  ,1,5,6,9,30,39
00267808,BRYANT & STRATTON COLLEGE - PARMA       ,OH,44130-0000,Proprietary  ,58,159,217,628,2889,3517
00301000,ANTIOCH UNIVERSITY                      ,OH,45387-1608,Private      ,0,0,0,508,117,625
00301001,ANTIOCH UNIVERSITY MCGREGOR             ,OH,45387-0000,Private      ,0,20,20,12,758,770
00301010,ANTIOCH UNIVERSITY                      ,OH,45387-0000,Private      ,0,2,2,25,124,149
00301100,ART ACADEMY OF CINCINNATI               ,OH,45202-7106,Private      ,0,2,2,213,81,294
00301200,ASHLAND UNIVERSITY                      ,OH,44805-3799,Private      ,3,64,67,3103,2933,6036
00301300,ATHENAEUM OF OHIO                       ,OH,45230-2000,Private      ,0,0,0,2,4,6
00301400,BALDWIN-WALLACE COLLEGE                 ,OH,44017-2088,Private      ,2,17,19,4063,1327,5390
00301600,BLUFFTON UNIVERSITY                     ,OH,45817-2104,Private      ,4,0,4,1337,304,1641
00301800,BOWLING GREEN STATE UNIVERSITY          ,OH,43403-0001,Public       ,30,42,72,16074,5014,21088
00302300,CAPITAL UNIVERSITY                      ,OH,43209-2394,Private      ,6,17,23,3460,2453,5913
00302400,CASE WESTERN RESERVE UNIV               ,OH,44106-0000,Private      ,4,9,13,4876,764,5640
00302401,CASE WESTERN RESERVE UNIV - MED         ,OH,44106-0000,Private      ,0,3,3,31,1038,1069
00302402,CASE WESTERN RESERVE UNIV - DENTAL      ,OH,44106-0000,Private      ,0,0,0,12,342,354
00302403,CASE WESTERN RESERVE UNIV - LAW         ,OH,44106-0000,Private      ,0,1,1,7,1136,1143
00302404,CASE WESTERN RESERVE UNIV - UG          ,OH,44106-0000,Private      ,0,2,2,674,77,751
00302405,CASE WESTERN RESERVE UNIV - MSASS       ,OH,44106-0000,Private      ,0,1,1,7,471,478
00302406,CASE WESTERN RESERVE UNIV - NURS UG     ,OH,44106-0000,Private      ,0,0,0,208,112,320
00302407,CASE WESTERN RESERVE UNIV - WSOM        ,OH,44106-0000,Private      ,0,6,6,22,327,349
00302408,CASE WESTERN RESERVE UNIV -A&S GRAD     ,OH,44106-0000,Private      ,0,4,4,26,328,354
00302409,CASE WESTERN RESERVE UNIV -ENG GRAD     ,OH,44106-0000,Private      ,1,1,2,38,117,155
00302410,CASE WESTERN RESERVE UNIV -NURS GRD     ,OH,44106-0000,Private      ,0,1,1,19,362,381
00302500,CEDARVILLE UNIVERSITY                   ,OH,45314-8564,Private      ,7,2,9,3365,189,3554
00302600,CENTRAL STATE UNIVERSITY                ,OH,45384-1004,Public       ,35,17,52,2948,1042,3990
00302900,CINCINNATI CHRISTIAN UNIVERSITY         ,OH,45204-3200,Private      ,3,6,9,549,552,1101
00303000,OHIO CHRISTIAN UNIVERSITY               ,OH,43113-9487,Private      ,1,22,23,278,606,884
00303100,CLEVELAND INSTITUTE OF MUSIC            ,OH,44106-1776,Private      ,2,1,3,489,366,855
00303200,CLEVELAND STATE UNIVERSITY              ,OH,44115-2214,Public       ,29,222,251,6814,11321,18135
00303300,COLLEGE OF MT ST JOSEPH                 ,OH,45233-1670,Private      ,4,15,19,1482,1041,2523
00303500,OHIO DOMINICAN UNIVERSITY               ,OH,43219-2099,Private      ,8,68,76,2382,2450,4832
00303600,FRANCISCAN UNIV OF STEUBENVILLE         ,OH,43952-1763,Private      ,7,8,15,2090,698,2788
00303700,COLLEGE OF WOOSTER                      ,OH,44691-2363,Private      ,1,1,2,2265,39,2304
00303900,COLUMBUS COLLEGE OF ART AND DESIGN      ,OH,43215-1758,Private      ,3,5,8,1593,368,1961
00304000,CUYAHOGA COMMUNITY COLLEGE              ,OH,44115-2878,Public       ,29,225,254,4658,13566,18224
00304001,CUYAHOGA COMMUNITY CLG-EASTERN CAM      ,OH,44122-6195,Public       ,5,19,24,589,1357,1946
00304002,CUYAHOGA COMMUNITY CLG-METRO CAMPUS     ,OH,44115-0000,Public       ,5,35,40,769,2409,3178
00304003,CUYAHOGA COMMUNITY CLG-WESTERN CMPS     ,OH,44130-0000,Public       ,5,29,34,1354,1548,2902
00304100,"DEFIANCE COLLEGE, THE                   ",OH,43512-1695,Private      ,1,2,3,1067,342,1409
00304200,DENISON UNIVERSITY                      ,OH,43023-1329,Private      ,3,1,4,2423,26,2449
00304300,CHANCELLOR UNIVERSITY                   ,OH,44114-1096,Proprietary  ,0,4,4,114,801,915
00304400,TRINITY LUTHERAN SEMINARY               ,OH,43209-0000,Private      ,0,0,0,1,167,168
00304500,UNIVERSITY OF FINDLAY                   ,OH,45840-3695,Private      ,6,12,18,3058,1329,4387
00304600,FRANKLIN UNIVERSITY                     ,OH,43215-5399,Private      ,6,72,78,775,7429,8204
00304606,FRANKLIN UNIVERSITY - NORTHWEST         ,OH,43019-5331,Private      ,0,0,0,4,31,35
00304608,FRANKLIN UNIVERSITY - NORTHEAST         ,OH,43081-1111,Private      ,0,1,1,5,31,36
00304700,HEBREW UNION COLLEGE MAIN CAMPUS        ,OH,45220-0000,Private      ,0,0,0,0,117,117
00304800,HEIDELBERG UNIVERSITY                   ,OH,44883-2462,Private      ,1,7,8,1694,358,2052
00304900,HIRAM COLLEGE                           ,OH,44234-1808,Private      ,2,7,9,1543,315,1858
00305000,JOHN CARROLL UNIVERSITY                 ,OH,44118-4581,Private      ,10,26,36,3901,882,4783
00305100,KENT STATE UNIV - KENT CAMPUS           ,OH,44242-0001,Public       ,29,66,95,17710,8528,26238
00305101,KENT STATE UNIV - GEAUGA CAMPUS         ,OH,44021-0000,Public       ,1,7,8,289,331,620
00305102,KENT STATE UNIV - STARK CAMPUS          ,OH,44720-0000,Public       ,3,14,17,1840,1720,3560
00305103,KENT STATE UNIV - TUSCARAWAS CAMPUS     ,OH,44663-0000,Public       ,4,4,8,811,1030,1841
00305104,KENT STATE UNIV - TRUMBULL CAMPUS       ,OH,44483-0000,Public       ,1,11,12,784,1282,2066
00305105,KENT STATE UNIV - ASHTABULA CAMPUS      ,OH,44004-0000,Public       ,2,8,10,583,1176,1759
00305106,KENT STATE UNIV -E.LIVERPOOL CAMPUS     ,OH,43920-0000,Public       ,3,3,6,310,570,880
00305107,KENT STATE UNIV - SALEM CAMPUS          ,OH,44460-0000,Public       ,3,7,10,589,757,1346
00306500,KENYON COLLEGE                          ,OH,43022-9623,Private      ,0,0,0,2315,31,2346
00306600,LAKE ERIE COLLEGE                       ,OH,44077-3389,Private      ,0,5,5,1058,393,1451
00306800,LORAIN COUNTY COMMUNITY COLLEGE         ,OH,44035-1691,Public       ,35,132,167,2797,5215,8012
00306900,LOURDES COLLEGE                         ,OH,43560-2898,Private      ,3,17,20,651,1754,2405
00307200,MALONE UNIVERSITY                       ,OH,44709-3897,Private      ,1,17,18,1973,1136,3109
00307300,MARIETTA COLLEGE                        ,OH,45750-4033,Private      ,2,4,6,2281,262,2543
00307500,METHODIST THEOLOGICAL SCH IN OHIO       ,OH,43015-0000,Private      ,0,2,2,0,236,236
00307600,MIAMI-JACOBS COLLEGE                    ,OH,45401-0000,Proprietary  ,8,86,94,210,1492,1702
00307602,MIAMI - JACOBS CAREER COLLEGE - SPRINGBO,OH,45066-1115,Proprietary  ,12,67,79,175,690,865
00307603,MIAMI - JACOBS CAREER COLLEGE - TROY    ,OH,45373-3837,Proprietary  ,4,70,74,140,648,788
00307700,MIAMI UNIVERSITY                        ,OH,45056-1831,Public       ,43,82,125,15731,3894,19625
00307800,WRIGHT STATE UNIVERSITY                 ,OH,45435-0002,Public       ,39,64,103,10653,7759,18412
00308300,MOUNT UNION COLLEGE                     ,OH,44601-3993,Private      ,2,4,6,2997,153,3150
00308400,MUSKINGUM UNIVERSITY                    ,OH,43762-1199,Private      ,2,17,19,2110,519,2629
00308500,NOTRE DAME COLLEGE OF OHIO              ,OH,44121-4293,Private      ,0,20,20,1120,1033,2153
00308600,OBERLIN COLLEGE                         ,OH,44074-1090,Private      ,4,0,4,4123,104,4227
00308800,OHIO COLLEGE OF PODIATRIC MEDICINE      ,OH,44131-7304,Private      ,0,0,0,4,404,408
00308900,OHIO NORTHERN UNIVERSITY                ,OH,45810-1555,Private      ,5,3,8,4026,1071,5097
00309000,OHIO STATE UNIVERSITY-ALL CAMPUSES      ,OH,43210-1358,Public       ,75,124,199,41392,21758,63150
00310000,OHIO UNIVERSITY                         ,OH,45701-2979,Public       ,36,53,89,17011,4688,21699
00310002,"OHIO UNIVERSITY, ZANESVILLE CAMPUS      ",OH,43701-0000,Public       ,2,9,11,891,1111,2002
00310003,"OHIO UNIVERSITY, LANCASTER CAMPUS       ",OH,43130-0000,Public       ,4,12,16,842,1040,1882
00310004,"OHIO UNIVERSITY, SOUTHERN CAMPUS        ",OH,45638-0000,Public       ,5,20,25,772,1367,2139
00310005,"OHIO UNIVERSITY, CHILLICOTHE CAMPUS     ",OH,45601-0000,Public       ,8,33,41,752,1510,2262
00310006,"OHIO UNIVERSITY, EASTERN CAMPUS         ",OH,43950-0000,Public       ,2,0,2,469,283,752
00310008,OHIO UNIV COLL OF OSTEOPATHIC MED       ,OH,45701-0000,Public       ,0,0,0,15,461,476
00310900,OHIO WESLEYAN UNIVERSITY                ,OH,43015-2398,Private      ,4,0,4,2360,94,2454
00311000,OTTERBEIN COLLEGE                       ,OH,43081-2006,Private      ,7,13,20,3553,943,4496
00311300,PONTIFICAL COLLEGE JOSEPHINUM           ,OH,43235-1498,Private      ,0,0,0,36,24,60
00311401,FIRELANDS REGIONAL MEDICAL CENTER       ,OH,44870-4788,Private      ,2,1,3,58,126,184
00311500,RABBINICAL COLLEGE OF TELSHE            ,OH,44092-2584,Private      ,1,0,1,19,18,37
00311600,UNIV OF RIO GRANDE                      ,OH,45674-3131,Private      ,4,27,31,1611,1561,3172
00311900,SINCLAIR COMMUNITY COLLEGE              ,OH,45402-1460,Public       ,59,166,225,6257,12299,18556
00312100,TIFFIN UNIVERSITY                       ,OH,44883-2161,Private      ,6,29,35,1602,1662,3264
00312200,UNITED THEOLOGICAL SEMINARY             ,OH,45406-0000,Private      ,0,1,1,2,196,198
00312300,UNIVERSITY OF AKRON                     ,OH,44325-6211,Public       ,35,84,119,15738,11679,27417
00312500,UNIVERSITY OF CINCINNATI                ,OH,45221-0125,Public       ,108,411,519,19088,16172,35260
00312504,UNIVERSITY OF CINCINNATI - COLLEGE OF ME,OH,45267-0553,Public       ,1,0,1,93,811,904
00312700,UNIVERSITY OF DAYTON                    ,OH,45469-0002,Private      ,15,114,129,7977,3255,11232
00313100,UNIVERSITY OF TOLEDO                    ,OH,43606-3390,Public       ,18,88,106,14478,7176,21654
00313101,UNIVERSITY OF TOLEDO - HEALTH SCIENCE CA,OH,43614-2598,Public       ,0,7,7,371,1451,1822
00313300,URBANA UNIVERSITY                       ,OH,43078-2091,Private      ,1,8,9,864,574,1438
00313400,URSULINE COLLEGE                        ,OH,44124-4398,Private      ,2,23,25,761,1245,2006
00313500,WALSH UNIVERSITY                        ,OH,44720-3396,Private      ,1,19,20,2118,1012,3130
00314100,WILBERFORCE UNIVERSITY                  ,OH,45384-1001,Private      ,7,5,12,1247,568,1815
00314200,WILMINGTON COLLEGE                      ,OH,45177-2499,Private      ,2,4,6,1857,485,2342
00314300,WITTENBERG UNIVERSITY                   ,OH,45501-2199,Private      ,5,2,7,2742,203,2945
00314400,XAVIER UNIVERSITY                       ,OH,45207-1035,Private      ,9,45,54,4542,2667,7209
00314500,YOUNGSTOWN STATE UNIVERSITY             ,OH,44555-0001,Public       ,17,40,57,8243,6448,14691
00398200,CLEVELAND INSTITUTE OF ART              ,OH,44106-1700,Private      ,3,0,3,683,155,838
00406000,WINEBRENNER THEOLOGICAL SEMINARY        ,OH,45840-0000,Private      ,0,2,2,1,77,78
00485200,CLARK STATE COMMUNITY COLLEGE           ,OH,45505-4795,Public       ,10,56,66,1172,3045,4217
00485300,BRADFORD SCHOOL                         ,OH,43219-0000,Proprietary  ,0,1,1,578,454,1032
00485500,DAVIS COLLEGE                           ,OH,43623-4307,Proprietary  ,6,34,40,130,713,843
00486100,UNIVERSITY OF NORTHWESTERN OHIO         ,OH,45805-1498,Private      ,20,14,34,3401,1057,4458
00486600,STAUTZENBERGER COLLEGE                  ,OH,43537-4007,Proprietary  ,12,26,38,361,1238,1599
00510200,SCH OF DIAGNOSTIC IMAGING-CLEVELAND     ,OH,44119-0000,Private      ,0,0,0,8,38,46
00512700,BROWN MACKIE COLLEGE-CINCINNATI         ,OH,45215-1107,Proprietary  ,96,411,507,1259,5307,6566
00521000,CLEVELAND INSTITUTE OF ELECTRONICS      ,OH,44114-0000,Proprietary  ,1,17,18,2,50,52
00531300,NORTH CENTRAL STATE COLLEGE             ,OH,44901-0000,Public       ,10,12,22,1125,2446,3571
00575300,OWENS STATE COMMUNITY COLLEGE           ,OH,43699-0000,Public       ,35,119,154,5064,9441,14505
00648700,AULTMAN COLLEGE OF NURSING AND HEALTH SC,OH,44710-1799,Private      ,1,1,2,140,231,371
00648900,CHRIST HOSP SCH OF NURSING              ,OH,45219-2989,Private      ,0,0,0,128,274,402
00649400,GOOD SAMARITAN COLG-NURSING/HEALTH      ,OH,45220-2489,Private      ,0,4,4,165,340,505
00649800,MERIDIA HURON SCHOOL OF NURSING         ,OH,44112-4308,Private      ,0,0,0,29,236,265
00650700,TRINIT HEALTH SYSTEM SCH OF NURSING     ,OH,43952-2667,Private      ,0,0,0,57,128,185
00680400,LAKELAND COMMUNITY COLLEGE              ,OH,44094-5198,Public       ,12,69,81,2355,4851,7206
00686700,COLUMBUS STATE COMMUNITY COLLEGE        ,OH,43215-1786,Public       ,77,213,290,9872,18183,28055
00703500,KETTERING COLLEGE OF MEDICAL ARTS       ,OH,45429-1299,Private      ,5,8,13,450,731,1181
00708500,MOUNT VERNON NAZARENE UNIVERSITY        ,OH,43050-9500,Private      ,2,5,7,1568,517,2085
00708501,MOUNT VERNON NAZARENE UNIV - AGS        ,OH,43050-0000,Private      ,0,12,12,41,1035,1076
00727500,EASTERN GATEWAY COMMUNITY COLLEGE       ,OH,43952-3598,Public       ,5,19,24,737,1127,1864
00747300,CHOFFIN CAREER & TECHNICAL CENTER       ,OH,44503-1628,Public       ,0,1,1,38,205,243
00759800,HOCKING TECHNICAL COLLEGE               ,OH,45764-9582,Public       ,12,37,49,3196,3115,6311
00777700,REMINGTON COLLEGE - CLEVELAND CAMPUS    ,OH,44125-1957,Proprietary  ,24,114,138,245,1366,1611
00777704,REMINGTON COLLEGE-CLEVELAND WEST CAMPUS ,OH,44070-3129,Proprietary  ,5,60,65,180,624,804
00812900,ADULT AND COMMUNITY EDUCATION @ HUDSON  ,OH,43211-2017,Public       ,2,13,15,42,386,428
00813200,TOLEDO SCHOOL OF PRACTICAL NURSING      ,OH,43613-5110,Public       ,1,8,9,67,326,393
00813300,ZANE STATE COLLEGE                      ,OH,43701-2626,Public       ,9,22,31,983,1758,2741
00819400,AKRON SCHOOL OF PRACTICAL NRSG          ,OH,44311-0000,Public       ,1,1,2,57,127,184
00827800,TERRA COMMUNITY COLLEGE                 ,OH,43420-9670,Public       ,8,45,53,706,1456,2162
00867700,NORTHWEST STATE COMMUNITY COLLEGE       ,OH,43502-9542,Public       ,3,30,33,975,2003,2978
00888600,PORTAGE LAKES CAREER CENTER             ,OH,44232-0000,Public       ,0,2,2,23,99,122
00908800,ITT TECHNICAL INSTITUTE                 ,OH,45414-3456,Proprietary  ,57,141,198,768,1648,2416
00915600,WAYNE COUNTY SCHOOLS CAREER CENTER      ,OH,44677-9672,Public       ,0,0,0,37,198,235
00917200,SPRINGFIELD REGIONAL SCHOOL OF NURSING  ,OH,45501-0000,Private      ,1,9,10,58,173,231
00941200,NATIONAL INSTITUTE OF TECHNOLOGY        ,OH,44221-2998,Proprietary  ,36,51,87,312,710,1022
00945101,BROWN MACKIE COLLEGE-NORTH CANTON       ,OH,44720-0000,Proprietary  ,24,117,141,304,1970,2274
00953000,GERBER AKRON BEAUTY SCHOOL              ,OH,44333-3714,Proprietary  ,0,5,5,28,111,139
00953100,SPA SCHOOL (THE)                        ,OH,43214-1524,Proprietary  ,0,5,5,20,102,122
00966000,TIFFIN ACADEMY OF HAIR DESIGN           ,OH,44883-2833,Proprietary  ,1,7,8,59,70,129
00983700,ITT TECHNICAL INSTITUTE                 ,OH,44509-4098,Proprietary  ,55,135,190,987,1678,2665
00994100,BELMONT TECHNICAL COLLEGE               ,OH,43950-9766,Public       ,4,14,18,817,1472,2289
00994200,SHAWNEE STATE UNIVERSITY                ,OH,45662-4344,Public       ,7,8,15,3087,1896,4983
01001700,PAYNE THEOLOGICAL SEMINARY              ,OH,45384-0474,Private      ,0,4,4,0,116,116
01002700,JAMES A. RHODES STATE COLLEGE           ,OH,45804-3597,Public       ,12,31,43,1407,2649,4056
01016800,NATIONWIDE BEAUTY ACADEMY               ,OH,43228-1000,Proprietary  ,5,15,20,229,420,649
01028000,OHIO STATE BEAUTY ACADEMY               ,OH,45801-4950,Proprietary  ,0,9,9,84,138,222
01032300,HANNAH E MULLINS SCH-PRAC NRSG          ,OH,44460-2906,Public       ,0,1,1,18,97,115
01034500,CINCINNATI STATE TECH & COMM CLG        ,OH,45223-2690,Public       ,62,191,253,3793,7399,11192
01045300,WASHINGTON STATE CMTY COLLEGE           ,OH,45750-9225,Public       ,6,31,37,866,1487,2353
01063000,NORTHERN INSTITUTE OF COSMETOLOGY       ,OH,44052-1803,Proprietary  ,1,6,7,20,73,93
01073600,MARION TECHNICAL COLLEGE                ,OH,43302-5694,Public       ,4,13,17,585,1346,1931
01088000,CHATFIELD COLLEGE                       ,OH,45118-9705,Private      ,3,14,17,51,216,267
01088100,STARK STATE COLLEGE OF TECHNOLOGY       ,OH,44720-7299,Public       ,14,34,48,2679,5622,8301
01090600,CINCINNATI CLG OF MORTUARY SCIENCE      ,OH,45224-1428,Private      ,0,1,1,89,136,225
01092300,UNION INSTITUTE & UNIVERSITY            ,OH,45206-1925,Private      ,2,112,114,41,2150,2191
01096200,MOORE UNIV OF HAIR DESIGN               ,OH,45213-0000,Proprietary  ,1,4,5,10,35,45
01099300,HOBART INSTITUTE OF WELDING TECHNOLOGY  ,OH,45373-2400,Private      ,0,5,5,182,128,310
01100500,KAPLAN COLLEGE                          ,OH,43232-4827,Proprietary  ,16,120,136,210,1029,1239
01104600,CENTRAL OHIO TECHNICAL COLLEGE          ,OH,43055-1767,Public       ,8,28,36,1253,3209,4462
01170300,PENTA COUNTY JOINT VOCATIONAL SCH       ,OH,43551-0000,Public       ,0,0,0,18,130,148
01174400,NATIONAL BEAUTY COLLEGE                 ,OH,44720-0000,Proprietary  ,0,5,5,55,133,188
01174500,OHIO TECHNICAL COLLEGE                  ,OH,44103-1228,Proprietary  ,14,17,31,1111,444,1555
01182500,OHIO STATE SCHOOL OF COSMETOLOGY        ,OH,43224-1107,Proprietary  ,0,4,4,56,100,156
01212800,SOUTHWESTERN COLLEGE                    ,OH,45402-3003,Proprietary  ,18,97,115,188,1090,1278
01212802,SOUTHWESTERN COLLEGE                    ,OH,45005-2267,Proprietary  ,2,46,48,61,509,570
01212803,SOUTHWESTERN COLLEGE                    ,OH,45202-4304,Proprietary  ,31,103,134,197,924,1121
01212804,SOUTHWESTERN COLLEGE                    ,OH,45246-3121,Proprietary  ,23,121,144,282,1489,1771
01216600,CAROUSEL BEAUTY COLLEGE                 ,OH,45402-8935,Proprietary  ,3,17,20,53,213,266
01224800,CENTRAL SCHOOL OF PRACTICAL NURSING     ,OH,44103-4371,Private      ,0,2,2,58,257,315
01267200,CAROUSEL BEAUTY COLLEGE                 ,OH,45044-5113,Proprietary  ,2,3,5,24,41,65
01267400,CAROUSEL OF MIAMI VALLEY BEAUTY CLG     ,OH,45424-2063,Proprietary  ,0,0,0,2,6,8
01275000,EDISON COMMUNITY COLLEGE                ,OH,45356-9239,Public       ,2,14,16,782,1722,2504
01283800,LAURA AND ALVIN SIEGAL COLLEGE OF JUDAIC,OH,44122-7197,Private      ,0,0,0,1,8,9
01284800,MOLER-HOLLYWOOD BEAUTY COLLEGE          ,OH,45202-2577,Proprietary  ,5,26,31,30,168,198
01287000,SOUTHERN STATE COMMUNITY COLLEGE        ,OH,45133-9406,Public       ,8,22,30,958,2119,3077
01289100,ANTONELLI COLLEGE                       ,OH,45202-2592,Proprietary  ,8,43,51,330,1386,1716
01289600,VIRGINIA MARTI COLLEGE OF ART AND DESIGN,OH,44107-0778,Proprietary  ,1,5,6,220,160,380
01313200,INTERNATIONAL CLG OF BROADCASTING       ,OH,45431-1898,Proprietary  ,2,2,4,63,124,187
02052000,OHIO INST OF PHOTOGRAPHY & TECHNOLOGY   ,OH,45439-1984,Proprietary  ,16,97,113,355,964,1319
02054300,TRUMBULL BUSINESS COLLEGE               ,OH,44484-0000,Proprietary  ,1,4,5,77,502,579
02056800,DAYMAR COLLEGE                          ,OH,45601-1038,Proprietary  ,6,71,77,38,304,342
02056802,DAYMAR COLLEGE - LANCASTER              ,OH,43130-0000,Proprietary  ,0,0,0,0,16,16
02056803,DAYMAR COLLEGE - NEW BOSTON             ,OH,45662-4900,Proprietary  ,0,0,0,5,24,29
02056804,DAYMAR COLLEGE - JACKSON                ,OH,45640-1728,Proprietary  ,0,0,0,1,13,14
02066100,OHIO STATE COLLEGE/BARBER STYLING       ,OH,43213-0000,Proprietary  ,5,31,36,52,213,265
02069500,AKRON INSTITUTE                         ,OH,44306-0000,Proprietary  ,6,55,61,215,1089,1304
02073300,GALLIA-JACKSON-VINTON SCH ADULT ED      ,OH,45674-0000,Public       ,1,0,1,45,169,214
02077800,CENTURY SCHOOL OF COSMETOLOGY           ,OH,43952-0000,Proprietary  ,0,1,1,29,36,65
02110700,CLEVELAND INST OF DENTAL-MED ASST       ,OH,44115-2285,Proprietary  ,12,65,77,212,770,982
02116009,SANFORD-BROWN COLLEGE - MIDDLEBURG HEIGH,OH,44130-8362,Proprietary  ,45,175,220,325,1277,1602
02116900,UPPER VALLEY JVS                        ,OH,45356-0000,Public       ,0,6,6,20,221,241
02117300,GREAT OAKS INSTITUTE OF TECHNOLOGY      ,OH,45241-1581,Public       ,0,7,7,174,778,952
02128600,THE ART INSTITUTE OF CINCINNATI         ,OH,45246-0000,Proprietary  ,0,0,0,172,90,262
02140700,COMMUNITY EDUCATIONAL SERVICES          ,OH,44702-1710,Public       ,0,0,0,22,209,231
02152100,ACADEMY OF COURT REPORTING AND TECHNOLOG,OH,44115-0000,Proprietary  ,18,170,188,313,2648,2961
02158500,OHIO BUSINESS COLLEGE                   ,OH,44055-3344,Proprietary  ,5,28,33,108,579,687
02158501,OHIO BUSINESS COLLEGE                   ,OH,44870-9953,Proprietary  ,0,7,7,24,109,133
02163900,BEATRICE ACADEMY OF BEAUTY              ,OH,44106-0000,Proprietary  ,0,2,2,12,62,74
02168100,TRI-COUNTY JOINT VOCATIONAL SCHOOL      ,OH,45764-0000,Public       ,0,3,3,15,109,124
02187900,ASHTABULA CO JOINT VOC SCH ADULT ED     ,OH,44047-0000,Public       ,0,1,1,23,226,249
02189000,ADULT CENTER FOR EDUCATION              ,OH,43701-0000,Public       ,2,7,9,48,226,274
02190700,RETS TECH CENTER                        ,OH,45459-0000,Proprietary  ,8,42,50,284,1486,1770
02192100,BUTLER TECHNOLOGY AND CAREER DEVELOPMENT,OH,45011-0000,Public       ,4,13,17,127,551,678
02196300,COLLINS CAREER CENTER                   ,OH,45619-0000,Public       ,0,3,3,157,463,620
02210800,MEDINA COUNTY CAREER CENTER             ,OH,44256-0000,Public       ,0,1,1,16,96,112
02215400,OHIO STATE SCHOOL OF COSMETOLOGY        ,OH,43207-0000,Proprietary  ,1,1,2,46,78,124
02220500,GOD'S BIBLE SCHOOL & COLLEGE            ,OH,45210-0000,Private      ,0,1,1,170,49,219
02220800,CAREER & TECHNOLOGY EDUCATION CENTERS OF,OH,43055-0000,Public       ,0,1,1,14,109,123
02239800,PIONEER CAREER & TECHNOLOGY CENTER      ,OH,44875-0000,Public       ,0,2,2,4,60,64
02245600,WARREN COUNTY CAREER CENTER             ,OH,45036-0000,Public       ,4,10,14,13,62,75
02246300,INSTITUTE OF MEDICAL-DENTAL TECH        ,OH,45246-3317,Proprietary  ,3,2,5,69,138,207
02261400,COLLEGE OF ART ADVERTISING              ,OH,45211-0000,Proprietary  ,0,0,0,2,1,3
02263700,MIAMI VALLEY CAREER TECHNOLOGY CTR      ,OH,45315-0000,Public       ,0,1,1,63,338,401
02269400,EASTERN HILLS ACAD OF HAIR DESIGN       ,OH,45255-0000,Proprietary  ,1,3,4,43,100,143
02269500,WESTERN HILLS SCHOOL OF BEAUTY & HAIR DE,OH,45211-0000,Proprietary  ,5,13,18,52,362,414
02270100,OHIO HI-POINT CAREER CENTER             ,OH,43311-0000,Public       ,0,3,3,23,160,183
02272700,COLUMBIANA COUNTY CAREER CENTER         ,OH,44432-0000,Public       ,0,7,7,21,152,173
02287900,RAPHAEL'S SCHOOL OF BEAUTY CULTURE      ,OH,44446-0000,Proprietary  ,8,11,19,55,145,200
02289802,KAPLAN COLLEGE                          ,OH,45203-0000,Proprietary  ,0,1,1,0,1,1
02301400,OHIO VALLEY COLLEGE OF TECHNOLOGY       ,OH,43920-0000,Proprietary  ,1,9,10,58,202,260
02303600,BOHECKER'S BUSINESS COLLEGE             ,OH,44266-0000,Proprietary  ,11,57,68,234,698,932
02304700,TRI-RIVERS CAREER CENTER                ,OH,43302-0000,Public       ,0,5,5,27,147,174
02311200,AMERICAN SCHOOL OF TECHNOLOGY           ,OH,43229-0000,Proprietary  ,3,65,68,45,538,583
02315500,TOLEDO ACADEMY OF BEAUTY CULTURE - EAST ,OH,43616-0000,Proprietary  ,1,9,10,39,185,224
02328500,MOLER-PICKENS BEAUTY COLLEGE            ,OH,45014-0000,Proprietary  ,0,0,0,20,63,83
02334300,INTERNATIONAL ACAD OF HAIR DESIGN       ,OH,45239-0000,Proprietary  ,1,2,3,79,77,156
02336300,KNOX COUNTY CAREER CENTER               ,OH,43050-4298,Public       ,0,3,3,37,206,243
02336700,CUYAHOGA VALLEY CAREER CENTER           ,OH,44141-1296,Public       ,0,0,0,30,166,196
02337700,PROFESSIONAL SKILLS INSTITUTE           ,OH,43607-0000,Proprietary  ,1,2,3,94,732,826
02345600,AKRON MACHINING INSTITUTE               ,OH,44203-0000,Private      ,0,0,0,4,27,31
02351500,WILLOUGHBY EASTLAKE SCH OF PRAC NSG     ,OH,44094-0000,Public       ,0,1,1,26,121,147
02352800,POLARIS CAREER CENTER-ADULT ED DEPT     ,OH,44130-0000,Public       ,0,1,1,46,144,190
02354200,SCIOTO COUNTY JOINT VOCATIONAL SCH      ,OH,45648-0000,Public       ,3,5,8,75,348,423
02454400,NORTHEASTERN OHIO UNIVS COL OF MED      ,OH,44272-0000,Public       ,0,0,0,59,556,615
02497800,GREENE COUNTY CAREER CENTER             ,OH,45385-0000,Public       ,1,7,8,23,173,196
02512600,ADULT VOCATIONAL SERVICES               ,OH,44308-0000,Public       ,3,17,20,13,153,166
02519300,OHIO STATE SCH COSMETOLOGY              ,OH,43068-0000,Proprietary  ,0,0,0,11,25,36
02522700,EASTLAND-FAIRFIELD CAREER AND TECHNICAL ,OH,43125-0000,Public       ,0,11,11,35,283,318
02528300,TDDS TECHNICAL INSTITUTE                ,OH,44429-0000,Proprietary  ,0,9,9,70,422,492
02529500,HAMRICK SCHOOL                          ,OH,44256-0000,Proprietary  ,0,6,6,9,79,88
02541400,TOLEDO ACADEMY OF BEAUTY CULTURE-SO     ,OH,43614-0000,Proprietary  ,3,1,4,41,156,197
02545800,INNER STATE BEAUTY SCHOOLS              ,OH,44124-0000,Proprietary  ,1,8,9,49,247,296
02553000,SCHOOL OF ADVERTISING ART               ,OH,45440-0000,Proprietary  ,0,0,0,176,24,200
02560000,CASAL AVEDA INSTITUTE                   ,OH,44515-0000,Proprietary  ,5,10,15,102,84,186
02560700,PICKAWAY ROSS CO JOINT VOC TECH SCH     ,OH,45601-0000,Public       ,1,3,4,45,227,272
02562300,APOLLO CAREER CENTER-ADULT EDUC         ,OH,45806-0000,Public       ,0,3,3,50,381,431
02563000,RAPHAELS SCHOOL OF BEAUTY CULTURE       ,OH,44601-2847,Proprietary  ,1,5,6,58,133,191
02568600,MAHONING COUNTY CAREER & TECH CENTR     ,OH,44406-0000,Public       ,0,1,1,9,68,77
02582900,KAPLAN CAREER INSTITUTE                 ,OH,44129-6810,Proprietary  ,29,131,160,216,982,1198
02586400,TRUMBULL CAREER & TECH CENTER-ADULT     ,OH,44483-1997,Public       ,1,1,2,53,320,373
02588500,OHIO STATE SCHOOL OF COSMETOLOGY        ,OH,43081-0000,Proprietary  ,0,2,2,37,47,84
02599711,VATTEROTT COLLEGE - CLEVELAND           ,OH,44147-3502,Proprietary  ,3,30,33,67,470,537
02603800,LORAIN COUNTY JVS ADULT CAREER CTR      ,OH,44074-9799,Public       ,0,2,2,41,153,194
02614700,SPRINGFIELD CLARK CO JOINT VOC SCH      ,OH,45505-4295,Public       ,0,0,0,1,31,32
02616200,BROWN MACKIE COLLEGE-FINDLAY            ,OH,45840-6848,Proprietary  ,38,178,216,523,1895,2418
02616201,BROWN MACKIE COLLEGE-FINDLAY - ART INSTI,OH,45249-3317,Proprietary  ,0,0,0,2,1,3
02620000,SANDUSKY CAREER CENTER                  ,OH,44870-4786,Public       ,1,3,4,33,169,202
03007900,GALLIPOLIS CAREER COLLEGE               ,OH,45631-2600,Proprietary  ,1,8,9,23,242,265
03015100,ALLIANCE HIGH SCH-CMTY SERVICES DIV     ,OH,44601-2899,Public       ,0,0,0,37,167,204
03015300,EHOVE CAREER CENTER                     ,OH,44846-9500,Public       ,3,10,13,64,290,354
03023700,MADISON ADULT CAREER CENTER             ,OH,44905-2718,Public       ,0,2,2,24,118,142
03024300,VALLEY BEAUTY SCHOOL                    ,OH,43725-2332,Proprietary  ,3,5,8,39,84,123
03027100,FAIRVIEW ACADEMY                        ,OH,44126-2214,Proprietary  ,2,5,7,11,68,79
03034200,WASHINGTON COUNTY CAREER CENTER ADULT TE,OH,45750-9290,Public       ,0,0,0,36,234,270
03051400,AUBURN CAREER CENTER                    ,OH,44077-9723,Public       ,0,6,6,35,136,171
03051500,US GRANT JOINT VOCATIONAL SCHOOL        ,OH,45106-9502,Public       ,0,0,0,1,36,37
03065800,OHIO INSTITUTE OF HEALTH CAREERS        ,OH,44035-2394,Proprietary  ,5,33,38,165,672,837
03065900,BUCKEYE CAREER CENTER                   ,OH,44663-9437,Public       ,0,2,2,53,151,204
03067600,RAPHAEL'S SCHOOL OF BEAUTY CULTURE      ,OH,44512-2222,Proprietary  ,2,3,5,21,64,85
03068200,OHIO CENTER FOR BROADCASTING            ,OH,44125-4220,Proprietary  ,5,20,25,143,350,493
03071900,MOUNT CARMEL COLLEGE OF NURSING         ,OH,43222-1598,Private      ,0,7,7,545,600,1145
03072303,EVEREST INSTITUTE - COLUMBUS            ,OH,43230-6653,Proprietary  ,30,140,170,58,413,471
03078000,OHIO CENTER FOR BROADCASTING            ,OH,45227-1509,Proprietary  ,1,1,2,45,102,147
03079000,ETI TECHNICAL COLLEGE                   ,OH,44446-4398,Proprietary  ,2,15,17,111,306,417
03084800,DELAWARE AREA CAREER CENTER             ,OH,43015-8969,Public       ,0,2,2,0,23,23
03084801,DELAWARE AREA CAREER CENTER -           ,OH,43015-9001,Public       ,0,0,0,1,13,14
03095600,VANTAGE CAREER CENTER                   ,OH,45891-1378,Public       ,0,4,4,25,117,142
03097000,MERCY COLLEGE OF NORTHWEST OHIO         ,OH,43604-1132,Private      ,4,7,11,407,643,1050
03100100,PARAMOUNT BEAUTY ACADEMY                ,OH,45662-4136,Proprietary  ,1,6,7,42,104,146
03105400,CLEVELAND EXTENSION HIGH SCH-WEST       ,OH,44102-2298,Public       ,0,10,10,28,199,227
03116200,DAYTON BARBER COLLEGE                   ,OH,45402-2310,Proprietary  ,3,13,16,35,139,174
03116300,OHIO COLLEGE OF MASSOTHERAPY            ,OH,44321-1363,Private      ,1,3,4,96,190,286
03116400,VANGUARD-SENTINELL VOC SCH DISTRICT     ,OH,43420-1197,Public       ,0,0,0,2,23,25
03117000,ASHLAND COUNTY-W HOLMES CAREER CTR      ,OH,44805-0000,Public       ,0,1,1,12,111,123
03200500,YOUNGSTOWN COLLEGE OF MASSOTHERAPY      ,OH,44471-2321,Proprietary  ,0,0,0,8,21,29
03319300,CREATIVE IMAGES-A CERTIFIED MATRIX      ,OH,45414-2557,Proprietary  ,2,9,11,65,222,287
03319301,CREATIVE IMAGES-A CERTIFIED MATRIX      ,OH,45459-0000,Proprietary  ,1,8,9,62,138,200
03416400,VALLEY BEAUTY SCHOOL                    ,OH,43701-3624,Proprietary  ,1,5,6,9,52,61
03425300,ROSEDALE BIBLE COLLEGE                  ,OH,43029-9517,Private      ,0,0,0,75,9,84
03457300,ALLEGHENY WESLEYAN COLLEGE              ,OH,44460-9598,Private      ,0,0,0,37,11,48
03468400,NATIONAL INSTITUTE OF MASSOTHERAPY      ,OH,44319-2100,Proprietary  ,0,1,1,19,104,123
03468500,ATS INSTITUTE OF TECHNOLOGY             ,OH,44143-2216,Proprietary  ,6,35,41,67,704,771
03475400,TRI-STATE BIBLE COLLEGE                 ,OH,45680-8402,Private      ,0,0,0,4,19,23
03534400,AMERICAN INST OF ALTERNATIVE MEDICI     ,OH,43229-1113,Proprietary  ,3,13,16,38,172,210
03578300,TRI-STATE COLLEGE                       ,OH,44452-8535,Proprietary  ,0,1,1,17,43,60
03586400,MED CENTRAL COLLEGE OF NURSING          ,OH,44903-2265,Private      ,0,5,5,285,317,602
03626300,BROWN AVEDA INSTITUTE                   ,OH,44060-6212,Proprietary  ,10,13,23,144,178,322
03659300,COMPUTER QUEST LTD.                     ,OH,44130-3034,Proprietary  ,0,0,0,8,95,103
03693300,CARNEGIE INST OF INTEGRATIVE MED/MASSOTH,OH,44260-9608,Private      ,0,6,6,13,125,138
03700300,REGENCY BEAUTY INSTITUTE - CLEVELAND    ,OH,44094-0000,Proprietary  ,3,4,7,32,132,164
03726300,TEMPLE BAPTIST COLLEGE                  ,OH,45240-0000,Private      ,0,3,3,16,32,48
03747300,BEXLEY HALL SEMINARY                    ,OH,43209-2325,Private      ,0,0,0,0,16,16
03776400,HEALING ARTS INSTITUTE                  ,OH,43551-3138,Proprietary  ,0,0,0,12,49,61
03837300,AVEDA FREDRIC'S INSTITUTE               ,OH,45208-1304,Proprietary  ,7,4,11,41,30,71
03882300,OREGON CAREER CENTER                    ,OH,43616-2631,Public       ,0,0,0,3,17,20
04074300,HONDROS COLLEGE                         ,OH,43081-3855,Proprietary  ,0,13,13,12,204,216
04116700,NEWLIFE TECHNICAL INSTITUTE             ,OH,43920-2920,Private      ,0,0,0,2,0,2
04117300,DAYTON SCHOOL OF MEDICAL MASSAGE        ,OH,45429-1111,Proprietary  ,45,85,130,207,570,777
04118300,NORTHCOAST MEDICAL TRAINING ACADEMY     ,OH,44240-4174,Proprietary  ,9,20,29,74,140,214
04124500,TECHSKILLS                              ,OH,43231-0000,Proprietary  ,0,2,2,0,2,2
04125700,CUT BEAUTY SCHOOL (THE)                 ,OH,44118-2918,Proprietary  ,0,14,14,1,32,33
        ,INVALID SCHOOL CODE                     ,  ,00000-0000,,345,648,993,19544,20978,40522
00134500,ADAMS STATE COLLEGE                     ,CO,81102-2373,Public       ,8,76,84,1986,1751,3737
00134600,ARAPAHOE COMMUNITY COLLEGE              ,CO,80160-9002,Public       ,37,147,184,1433,3269,4702
00134700,COLORADO COLLEGE                        ,CO,80903-3294,Private      ,0,5,5,2394,235,2629
00134800,COLORADO SCHOOL OF MINES                ,CO,80401-1887,Public       ,3,12,15,3356,659,4015
00134900,UNIVERSITY OF NORTHERN COLORADO         ,CO,80639-0001,Public       ,30,105,135,8497,3384,11881
00135000,COLORADO STATE UNIVERSITY               ,CO,80523-0100,Public       ,93,105,198,15699,6693,22392
00135200,DENVER  SEMINARY                        ,CO,80120-2192,Private      ,0,6,6,2,542,544
00135300,FORT LEWIS COLLEGE                      ,CO,81301-3999,Public       ,9,13,22,3062,1122,4184
00135400,ILIFF SCHOOL OF THEOLOGY                ,CO,80210-0000,Private      ,0,1,1,1,218,219
00135500,LAMAR COMMUNITY COLLEGE                 ,CO,81052-3999,Public       ,5,11,16,359,410,769
00135800,MESA STATE COLLEGE                      ,CO,81501-7682,Public       ,18,48,66,3456,2394,5850
00135900,COLORADO NORTHWESTERN COMMUNITY COLLEGE ,CO,81648-3598,Public       ,3,7,10,270,266,536
00136000,METROPOLITAN STATE CLG OF DENVER        ,CO,80204-0000,Public       ,109,246,355,8240,11300,19540
00136100,NORTHEASTERN JUNIOR COLLEGE             ,CO,80751-2399,Public       ,5,15,20,849,397,1246
00136200,OTERO JUNIOR COLLEGE                    ,CO,81050-3346,Public       ,4,35,39,512,831,1343
00136300,REGIS UNIVERSITY                        ,CO,80221-1099,Private      ,5,128,133,1994,7896,9890
00136500,COLORADO STATE UNIVERSITY-PUEBLO        ,CO,81001-4901,Public       ,18,39,57,2581,2260,4841
00136800,TRINIDAD STATE JR COLLEGE               ,CO,81082-2396,Public       ,10,51,61,659,995,1654
00137000,UNIVERSITY OF COLORADO-BOULDER          ,CO,80309-0077,Public       ,89,79,168,17151,7433,24584
00137100,UNIVERSITY OF DENVER                    ,CO,80208-2000,Private      ,14,116,130,4502,7673,12175
00137200,WESTERN STATE COLLEGE                   ,CO,81231-0000,Public       ,4,2,6,1960,427,2387
00163202,AQUINAS INSTITUTE OF THEOLOGY - AQUINAS ,CO,80903-1498,Private      ,0,0,0,1,4,5
00405702,NATIONAL AMERICAN UNIVERSITY            ,CO,80918-0000,Proprietary  ,1,4,5,9,192,201
00405703,NATIONAL AMERICAN UNIVERSITY            ,CO,80222-0000,Proprietary  ,0,8,8,11,127,138
00450300,EVEREST COLLEGE                         ,CO,80916-3548,Proprietary  ,20,85,105,190,1064,1254
00450600,COLORADO MOUNTAIN COLLEGE               ,CO,81602-0000,Public       ,17,23,40,901,671,1572
00450700,EVEREST COLLEGE                         ,CO,80229-4339,Proprietary  ,21,103,124,532,2446,2978
00450701,"EVEREST COLLEGE- EVEREST COLLEGE, AURORA",CO,80012-5692,Proprietary  ,20,76,96,70,289,359
00450800,UNIVERSITY OF COLORADO DENVER           ,CO,80204-2029,Public       ,2,9,11,822,3738,4560
00450824,UNIVERSITY OF COLORADO DENVER - AURARIA ,CO,80217-3364,Public       ,22,79,101,4000,6845,10845
00450900,UNIV OF COLORADO AT COLO SPRINGS        ,CO,80918-3735,Public       ,8,55,63,4267,4080,8347
00559600,EMILY GRIFFITH OPPORTUNITY SCH          ,CO,80204-2197,Public       ,7,41,48,242,988,1230
00729700,REDSTONE COLLEGE                        ,CO,80020-9988,Proprietary  ,14,34,48,313,612,925
00754700,LINCOLN COLLEGE OF TECHNOLOGY           ,CO,80223-2013,Proprietary  ,103,67,170,895,690,1585
00754800,WESTWOOD COLLEGE - DENVER NORTH         ,CO,80221-3653,Proprietary  ,103,492,595,2225,8760,10985
00754801,WESTWOOD COLLEGE - DENVER SOUTH         ,CO,80227-3653,Proprietary  ,8,43,51,356,928,1284
00758200,AIMS COMMUNITY COLLEGE                  ,CO,80632-0000,Public       ,23,79,102,1322,2354,3676
00764900,ROCKY MOUNTAIN COLG OF ART & DESIGN     ,CO,80214-0000,Proprietary  ,3,3,6,550,187,737
00793300,FRONT RANGE COMMUNITY COLLEGE           ,CO,80031-2199,Public       ,64,218,282,4052,7189,11241
00863500,INTELLITEC MEDICAL INSTITUTE            ,CO,80909-1570,Proprietary  ,9,27,36,71,455,526
00887100,CONCORDE CAREER INSTITUTE               ,CO,80203-0000,Proprietary  ,18,82,100,206,1032,1238
00889600,PIKES PEAK COMMUNITY COLLEGE            ,CO,80906-5498,Public       ,80,335,415,3135,7068,10203
00940100,COLORADO CHRISTIAN UNIVERSITY           ,CO,80226-7449,Private      ,3,49,52,1195,1756,2951
00954200,COMMUNITY COLLEGE OF DENVER             ,CO,80217-2026,Public       ,40,174,214,2336,5495,7831
00954300,RED ROCKS COMMUNITY COLLEGE             ,CO,80228-1255,Public       ,35,131,166,1467,2821,4288
00985500,YESHIVA TORAS CHAIM TALMUDICAL SEM      ,CO,80204-0067,Private      ,1,0,1,3,9,12
00998100,MORGAN COMMUNITY COLLEGE                ,CO,80701-4399,Public       ,21,34,55,262,730,992
01014800,COLORADO TECHNICAL UNIVERSITY           ,CO,80907-3896,Proprietary  ,40,358,398,573,6801,7374
01014802,COLORADO TECHNICAL UNIV - DENVER        ,CO,80111-3201,Proprietary  ,8,50,58,140,740,880
01014805,COLORADO TECH UNIV - ON LINE            ,CO,80907-0000,Proprietary  ,185,2841,3026,2007,35308,37315
01014806,COLORADO TECH UNIV - FED EXPRESS        ,CO,80921-3800,Proprietary  ,2,1,3,4,43,47
01014807,COLORADO TECH UNIV - MCI WORLD COM      ,CO,80919-3172,Proprietary  ,1,6,7,8,27,35
01014808,COLORADO TECH UNIV - USAA               ,CO,80920-1005,Proprietary  ,0,0,0,2,37,39
01014809,COLORADO TECH UNIV - SCHRIEVER AFB      ,CO,80912-7298,Proprietary  ,0,1,1,1,12,13
01014810,COLORADO TECH UNIV - PETERSON AFB       ,CO,80914-1586,Proprietary  ,0,0,0,0,7,7
01014811,COLORADO TECH UNIV-HEWLETT PACKARD      ,CO,80919-2303,Proprietary  ,0,1,1,2,20,22
01014812,COLORADO TECHNICAL UNIVERSITY - WESTMINS,CO,80021-3498,Proprietary  ,10,69,79,153,852,1005
01014813,COLORADO TECH UNIV - ORACLE             ,CO,80921-3660,Proprietary  ,0,0,0,2,32,34
01014815,COLORADO TECHNCL UNIV PUEBLO            ,CO,81003-2315,Proprietary  ,3,14,17,62,367,429
01070900,EMPIRE BEAUTY SCHOOL-LAKEWOOD           ,CO,80215-0000,Proprietary  ,4,8,12,31,63,94
01073200,SAN JUAN BASINTECHNICAL COLLEGE         ,CO,81328-9196,Public       ,0,2,2,43,142,185
01157200,COLORADO SCHOOL OF TRADES               ,CO,80215-2996,Proprietary  ,6,9,15,96,197,293
01267000,BEL-REA INST OF ANIMAL TECH             ,CO,80247-3048,Proprietary  ,3,3,6,368,556,924
01285000,INTERNATIONAL SALON AND SPA ACADEMY     ,CO,80918-3684,Proprietary  ,18,21,39,114,242,356
01287500,PICKENS TECHNICAL COLLEGE               ,CO,80011-9307,Public       ,4,8,12,162,461,623
01300700,NAZARENE BIBLE COLLEGE                  ,CO,80910-3717,Private      ,1,9,10,47,641,688
02059400,INTERNATIONAL BEAUTY ACADEMY            ,CO,80918-3684,Proprietary  ,0,0,0,4,5,9
02072200,EMPIRE BEAUTY SCHOOL -ARVADA            ,CO,80212-0000,Proprietary  ,4,10,14,46,82,128
02078900,ART INSTITUTE OF COLORADO (THE)         ,CO,80203-2983,Proprietary  ,16,31,47,1773,1684,3457
02116300,PUEBLO COMMUNITY COLLEGE                ,CO,81004-0000,Public       ,51,212,263,1477,4357,5834
02117500,NAROPA UNIVERSITY                       ,CO,80302-0000,Private      ,0,5,5,318,1105,1423
02133100,COLORADO CENTER FOR MEDICAL LABORATORY S,CO,80218-0000,Private      ,0,1,1,5,30,35
02141100,ARTISTIC BEAUTY COLGS-WESTMINSTER       ,CO,80030-0000,Proprietary  ,5,14,19,112,213,325
02141102,ARTISTIC BEAUTY COLLEGES-LITTLETON      ,CO,80123-3480,Proprietary  ,2,0,2,40,57,97
02141103,ARTISTIC BEAUTY COLLEGES-AURORA         ,CO,80017-3194,Proprietary  ,2,8,10,23,47,70
02156200,DELTA - MONTROSE TECHNICAL COLLEGE      ,CO,81416-0000,Public       ,2,3,5,64,131,195
02160600,EMPIRE BEAUTY SCHOOL -THORNTON          ,CO,80241-1659,Proprietary  ,11,10,21,64,141,205
02165200,SALON PROFESSIONAL ACADEMY (THE)        ,CO,81504-5309,Proprietary  ,0,4,4,30,74,104
02167600,KAPLAN COLLEGE                          ,CO,80229-5309,Proprietary  ,15,31,46,125,452,577
02171300,TRINIDAD STATE JUNIOR COLLEGE           ,CO,81101-0000,Proprietary  ,0,0,0,0,1,1
02188700,DENVER ACAD OF COURT REPORTING          ,CO,80030-0000,Proprietary  ,1,4,5,21,127,148
02211901,CHEEKS INTERNATIONAL ACADEMY OF BEAUTY C,CO,80525-3053,Proprietary  ,0,0,0,15,12,27
02211902,CHEEKS INTERNATIONAL ACDMY BTY CULT     ,CO,80631-0000,Proprietary  ,0,0,0,7,17,24
02253700,INTELLITEC COLLEGE                      ,CO,80909-0000,Proprietary  ,7,47,54,149,568,717
02267500,GLENWOOD BEAUTY ACADEMY                 ,CO,81601-0000,Proprietary  ,4,10,14,23,54,77
02276900,COMMUNITY COLLEGE OF AURORA             ,CO,80011-9036,Public       ,34,190,224,1343,3340,4683
02321700,ITT TECHNICAL INSTITUTE                 ,CO,80229-5338,Proprietary  ,26,80,106,466,1093,1559
02518500,HAIR DYNAMICS EDUCATION CENTER          ,CO,80525-0000,Proprietary  ,8,9,17,91,141,232
02594300,COLLEGE AMERICA - DENVER                ,CO,80222-3380,Proprietary  ,39,172,211,274,1568,1842
02611000,HERITAGE COLLEGE                        ,CO,80212-7413,Proprietary  ,32,83,115,225,929,1154
03006300,INST OF BUSINESS & MEDICAL CAREERS      ,CO,80525-3044,Proprietary  ,11,57,68,170,718,888
03012100,REMINGTON COLLEGE - COLORADO SPRINGS CAM,CO,80215-0000,Proprietary  ,1,12,13,40,251,291
03013100,BOULDER COLLEGE OF MASSAGE THERAPY      ,CO,80301-3295,Private      ,1,2,3,66,211,277
03014900,PLATT COLLEGE                           ,CO,80014-3141,Proprietary  ,0,3,3,56,165,221
03027400,XENON INTERNATIONAL ACADEMY III         ,CO,80014-1193,Proprietary  ,2,3,5,38,63,101
03030606,UTAH COLLEGE OF MASSAGE THERAPY - DENVER,CO,80031-2921,Proprietary  ,14,30,44,148,258,406
03030607,UTAH COLLEGE OF MASSAGE THERAPY - DENVER,CO,80012-2523,Proprietary  ,10,23,33,126,253,379
03031603,DPT BUSINESS SCHOOL                     ,CO,80223-0000,Proprietary  ,0,0,0,2,12,14
03066900,INTELLITEC COLLEGE                      ,CO,81506-3994,Proprietary  ,9,53,62,188,695,883
03068201,OHIO CENTER FOR BROADCASTING - COLORADO ,CO,80214-4129,Proprietary  ,3,3,6,45,166,211
03076401,BRYMAN SCHOOL OF ARIZONA (THE) - ANTHEM ,CO,80014-2622,Proprietary  ,0,3,3,1,12,13
03289300,COLORADO HEIGHTS UNIVERSITY             ,CO,80236-2711,Private      ,1,6,7,13,123,136
03306300,MONTESSORI EDUC CRT OF THE ROCKIES      ,CO,80301-2587,Private      ,1,0,1,2,19,21
03534300,JONES INTERNATIONAL UNIVERSITY          ,CO,80112-3446,Proprietary  ,2,187,189,13,1856,1869
03545300,UNIVERSITY OF THE ROCKIES               ,CO,80903-3612,Proprietary  ,0,3,3,7,154,161
03584400,COLORADO SCHOOL OF HEALING ARTS         ,CO,80226-4332,Proprietary  ,2,7,9,82,283,365
03670300,TONI & GUY HAIRDRESSING ACADEMY         ,CO,80911-1713,Proprietary  ,3,6,9,55,76,131
03686300,COLORADO SCHOOL OF TRADITIONAL CHINESE M,CO,80206-2127,Proprietary  ,0,8,8,5,116,121
03805300,CORTIVA INSTITUTE-COLORADO              ,CO,80021-0000,Proprietary  ,0,0,0,16,42,58
03972300,CUTTIN' UP BEAUTY ACADEMY               ,CO,80220-0000,Proprietary  ,3,13,16,12,67,79
03976300,MASSAGE THERAPY INSTITUTE OF COLORADO   ,CO,80206-2127,Proprietary  ,0,7,7,24,67,91
04093300,ACADEMY OF NATURAL THERAPY              ,CO,80631-3425,Proprietary  ,0,3,3,19,64,83
04125100,MONTESSORI CENTRE INTERNATIONAL DENVER  ,CO,80111-5263,Private      ,0,0,0,0,5,5
00267811,BRYANT & STRATTON COLLEGE - VIRGINIA BEA,VA,23462-4417,Proprietary  ,7,81,88,279,1589,1868
00370200,AVERETT UNIVERSITY                      ,VA,24541-3692,Private      ,4,122,126,1407,1536,2943
00370300,BLUEFIELD COLLEGE                       ,VA,24605-1799,Private      ,2,15,17,548,698,1246
00370400,BRIDGEWATER COLLEGE                     ,VA,22812-1599,Private      ,2,1,3,2065,101,2166
00370500,COLLEGE OF WILLIAM & MARY               ,VA,23187-8795,Public       ,15,24,39,6974,3088,10062
00370600,CHRISTOPHER NEWPORT UNIVERSITY          ,VA,23606-2998,Public       ,10,12,22,5448,754,6202
00370700,RICHARD BLAND COLLEGE                   ,VA,23805-7100,Public       ,7,2,9,526,306,832
00370800,EASTERN MENNONITE UNIVERSITY            ,VA,22802-2462,Private      ,0,6,6,1011,362,1373
00370900,EMORY & HENRY COLLEGE                   ,VA,24327-0010,Private      ,2,1,3,1553,98,1651
00371100,FERRUM COLLEGE                          ,VA,24088-2612,Private      ,3,0,3,2025,179,2204
00371200,TIDEWATER COMMUNITY COLLEGE             ,VA,23510-1910,Public       ,94,445,539,6800,13272,20072
00371300,HAMPDEN-SYDNEY COLLEGE                  ,VA,23943-0128,Private      ,0,0,0,981,18,999
00371400,HAMPTON UNIVERSITY                      ,VA,23668-0099,Private      ,25,22,47,9026,2302,11328
00371500,HOLLINS UNIVERSITY                      ,VA,24020-0000,Private      ,1,3,4,857,555,1412
00371900,LONGWOOD UNIVERSITY                     ,VA,23909-1899,Public       ,6,4,10,4090,575,4665
00372000,LYNCHBURG COLLEGE                       ,VA,24501-3199,Private      ,5,8,13,2613,511,3124
00372100,JAMES MADISON UNIVERSITY                ,VA,22807-3780,Public       ,18,12,30,15674,1768,17442
00372300,MARY BALDWIN COLLEGE                    ,VA,24401-3610,Private      ,7,24,31,1128,810,1938
00372400,MARYMOUNT UNIVERSITY                    ,VA,22207-4224,Private      ,7,21,28,2204,1740,3944
00372600,NATIONAL COLLEGE                        ,VA,24153-4524,Proprietary  ,86,551,637,913,6380,7293
00372700,NORTHERN VA CMTY CLG                    ,VA,22003-3743,Public       ,167,356,523,7023,9082,16105
00372800,OLD DOMINION UNIVERSITY                 ,VA,23529-0052,Public       ,49,173,222,12566,9939,22505
00373200,RADFORD UNIVERSITY                      ,VA,24142-6905,Public       ,13,9,22,7084,1793,8877
00373300,RANDOLPH-MACON COLLEGE                  ,VA,23005-5505,Private      ,1,0,1,1711,59,1770
00373400,RANDOLPH COLLEGE                        ,VA,24503-1526,Private      ,0,1,1,847,91,938
00373500,VIRGINIA COMMONWEALTH UNIVERSITY        ,VA,23284-9004,Public       ,60,113,173,16554,10614,27168
00373600,ROANOKE COLLEGE                         ,VA,24153-3794,Private      ,2,0,2,2352,164,2516
00373700,SHENANDOAH UNIVERSITY                   ,VA,22601-5195,Private      ,2,20,22,1942,1580,3522
00373800,SOUTHERN VIRGINIA UNIVERSITY            ,VA,24416-3038,Private      ,5,3,8,766,206,972
00373900,ST PAULS COLLEGE                        ,VA,23868-1299,Private      ,2,5,7,599,383,982
00374200,SWEET BRIAR COLLEGE                     ,VA,24595-9998,Private      ,1,1,2,653,46,699
00374300,UNION THEO SEMINARY & PRESBYTRN SCH     ,VA,23227-0000,Private      ,0,0,0,1,99,100
00374400,UNIVERSITY OF RICHMOND                  ,VA,23173-0001,Private      ,4,10,14,3367,1953,5320
00374500,UNIVERSITY OF VIRGINIA - SFS            ,VA,22903-0000,Public       ,33,38,71,13100,7365,20465
00374600,UNIVERSITY OF MARY WASHINGTON           ,VA,22401-5358,Public       ,6,14,20,3529,761,4290
00374700,UNIV OF VIRGINIA'S COLLEGE AT WISE      ,VA,24293-4412,Public       ,2,2,4,1663,408,2071
00374800,EASTERN SHORE COMMUNITY COLLEGE         ,VA,23410-3000,Public       ,7,27,34,287,564,851
00374900,GEORGE MASON UNIVERSITY                 ,VA,22030-4444,Public       ,59,118,177,12195,10334,22529
00375100,PATRICK HENRY COMMUNITY COLLEGE         ,VA,24112-5311,Public       ,22,95,117,788,1817,2605
00375200,VIRGINIA INTERMONT COLLEGE              ,VA,24201-4298,Private      ,1,2,3,550,327,877
00375300,VIRGINIA MILITARY INSTITUTE             ,VA,24450-2138,Public       ,4,0,4,1274,44,1318
00375400,VIRGINIA POLYTECH INST & STATE UNIV     ,VA,24061-2000,Public       ,41,36,77,20061,3879,23940
00375800,DANVILLE COMMUNITY COLLEGE              ,VA,24541-4004,Public       ,30,118,148,1047,2086,3133
00375900,J. SARGEANT REYNOLDS COMMUNITY CLG      ,VA,23285-0000,Public       ,33,139,172,2708,5614,8322
00376000,VIRGINIA WESTERN CMTY COLLEGE           ,VA,24038-0000,Public       ,28,137,165,1558,2933,4491
00376100,WYTHEVILLE COMMUNITY COLLEGE            ,VA,24382-3308,Public       ,20,43,63,886,1385,2271
00376200,VIRGINIA UNIVERSITY OF LYNCHBURG        ,VA,24501-6400,Private      ,0,8,8,37,168,205
00376400,VIRGINIA STATE UNIVERSITY               ,VA,23806-0001,Public       ,35,16,51,7747,1991,9738
00376500,NORFOLK STATE UNIVERSITY                ,VA,23504-8000,Public       ,26,68,94,7609,4578,12187
00376600,VIRGINIA UNION UNIVERSITY               ,VA,23220-1711,Private      ,9,5,14,2420,715,3135
00376700,VIRGINIA WESLEYAN COLLEGE               ,VA,23502-5599,Private      ,5,6,11,1791,478,2269
00376800,WASHINGTON & LEE UNIVERSITY             ,VA,24450-0303,Private      ,0,0,0,1495,1007,2502
00400400,JOHN TYLER COMMUNITY COLLEGE            ,VA,23831-5316,Public       ,26,84,110,1831,3440,5271
00450301,"EVEREST COLLEGE- EVEREST COLLEGE, MCLEAN",VA,22102-3000,Proprietary  ,18,53,71,46,153,199
00450702,"EVEREST COLLEGE- EVEREST COLLEGE, ARLING",VA,22203-1905,Proprietary  ,45,157,202,132,388,520
00498800,CENTRAL VIRGINIA COMMUNITY COLLEGE      ,VA,24502-2498,Public       ,14,35,49,1007,1487,2494
00499200,MILLER-MOTTE TECHNICAL COLLEGE          ,VA,24505-0000,Proprietary  ,11,36,47,125,454,579
00499600,DABNEY S LANCASTER COMMUNITY CLG        ,VA,24422-1000,Public       ,2,23,25,414,455,869
00522300,NEW RIVER COMMUNITY COLLEGE             ,VA,24084-1127,Public       ,0,16,16,1163,1542,2705
00607500,ROANOKE MEM HOSP SCH RAD ONCOLOGY       ,VA,24033-0000,Private      ,0,0,0,2,5,7
00607501,ROANOKE MEM HOSP SCH RAD TECH           ,VA,24014-1850,Private      ,0,0,0,3,9,12
00662200,COLLEGE OF HEALTH SCIENCES - CHRV       ,VA,24031-0000,Private      ,2,15,17,467,752,1219
00681900,BLUE RIDGE COMMUNITY COLLEGE            ,VA,24486-0080,Public       ,13,33,46,1243,1296,2539
00687100,THOMAS NELSON COMMUNITY COLLEGE         ,VA,23670-0000,Public       ,43,170,213,2299,4815,7114
00709900,VIRGINIA HIGHLANDS COMMUNITY CLG        ,VA,24210-4210,Public       ,3,16,19,959,1195,2154
00726000,SOUTHWEST VIRGINIA COMMUNITY CLG        ,VA,24641-1510,Public       ,7,26,33,1050,1709,2759
00859200,LOUISE OBICI SCHOOL OF NURSING          ,VA,23434-8038,Private      ,0,0,0,5,47,52
00859202,SUFFOLK PUB SCH-LOUISE OBICI SCH PN     ,VA,23434-0000,Private      ,0,0,0,1,10,11
00865900,LORD FAIRFAX COMMUNITY COLLEGE          ,VA,22645-0047,Public       ,39,90,129,1054,1468,2522
00866000,GERMANNA COMMUNITY COLLEGE              ,VA,22508-0339,Public       ,26,63,89,992,1599,2591
00866100,SOUTHSIDE VIRGINIA CMTY CLG             ,VA,23821-2930,Public       ,52,204,256,1275,2599,3874
00915900,PAUL D CAMP COMMUNITY COLLEGE           ,VA,23851-0737,Public       ,12,61,73,334,949,1283
00916000,RAPPAHANNOCK COMMUNITY COLLEGE          ,VA,23149-2616,Public       ,9,35,44,499,727,1226
00926700,EVEREST COLLEGE                         ,VA,23606-4203,Proprietary  ,25,136,161,221,1556,1777
00926701,EVEREST COLLEGE - CHESAPEAKE            ,VA,23320-2637,Proprietary  ,35,163,198,91,410,501
00942000,SANFORD-BROWN COLLEGE                   ,VA,22182-3913,Proprietary  ,16,35,51,425,716,1141
00953500,STAUNTON SCHOOL OF COSMETOLOGY          ,VA,24401-4323,Proprietary  ,1,1,2,18,25,43
00953700,VIRGINIA SCH OF HAIR DESIGN             ,VA,23669-0000,Proprietary  ,0,5,5,37,140,177
00962900,MOUNTAIN EMPIRE COMMUNITY COLLEGE       ,VA,24219-0700,Public       ,1,13,14,1048,1686,2734
00992800,PIEDMONT VIRGINIA COMMUNITY COLLEGE     ,VA,22902-7589,Public       ,9,45,54,924,1356,2280
00995800,HICKS ACADEMY OF BEAUTY CULTURE         ,VA,23707-3218,Proprietary  ,0,0,0,2,6,8
01004300,BON SECOURS MEMORIAL SCH OF NURSING     ,VA,23227-4612,Private      ,1,2,3,169,458,627
01019800,ECPI COLLEGE OF TECHNOLOGY              ,VA,23462-6542,Proprietary  ,128,543,671,2535,8509,11044
01033800,EASTERN VIRGINIA MEDICAL SCHOOL         ,VA,23501-1980,Private      ,1,2,3,13,1032,1045
01159600,RALPH'S VIRGINIA SCH OF COSMETOLOGY     ,VA,24501-2652,Proprietary  ,1,3,4,20,32,52
01162601,WESTWOOD COLLEGE - SOUTH BAY - ARLINGTON,VA,22203-4167,Proprietary  ,10,22,32,205,290,495
01162602,WESTWOOD COLLEGE - SOUTH BAY - ANNANDALE,VA,22003-2602,Proprietary  ,16,46,62,184,377,561
01274401,SOUTHSIDE REGIONAL MED CTR PROF SCHOOLS ,VA,23803-5133,Proprietary  ,0,2,2,45,247,292
01274402,SOUTHSIDE REG MED CTR SCH RAD TECH      ,VA,23803-0000,Proprietary  ,0,0,0,7,31,38
02053000,LIBERTY UNIVERSITY                      ,VA,24502-0000,Private      ,64,891,955,12473,18523,30996
02108800,WARDS CORNER BEAUTY ACADEMY             ,VA,23505-0000,Proprietary  ,5,41,46,47,287,334
02111600,DANVILLE REGIONAL MEDICAL CENTER SCHOOL ,VA,24541-0000,Proprietary  ,0,1,1,28,90,118
02128700,CENTRAL SCHOOL OF PRACTICAL NURSING     ,VA,23502-2230,Public       ,1,0,1,11,53,64
02140000,RIVERSIDE SCHOOL OF HEALTH CAREERS      ,VA,23608-3802,Private      ,0,2,2,83,350,433
02175800,LYNCHBURG GENERAL HOSP SCH OF NURSG     ,VA,24501-0000,Private      ,1,0,1,77,131,208
02197600,WOODROW WILSON REHABILITATION CTR       ,VA,22939-0000,Public       ,5,1,6,46,33,79
02223100,HERITAGE INSTITUTE                      ,VA,22046-4400,Proprietary  ,0,1,1,10,50,60
02242400,HENRICO CTY ST MARYS HOSP PRAC NRSG     ,VA,23075-0000,Public       ,0,0,0,6,44,50
02247200,MEDSPA CAREERS INSTITUTE                ,VA,23606-0000,Proprietary  ,12,47,59,351,1165,1516
02304500,HERITAGE INSTITUTE                      ,VA,20111-0000,Proprietary  ,7,50,57,110,498,608
02320900,TIDEWATER TECH                          ,VA,23517-0000,Proprietary  ,18,51,69,116,411,527
02334400,CENTURA COLLEGE                         ,VA,23452-0000,Proprietary  ,33,428,461,563,4344,4907
02340000,COLONIAL HEIGHTS BEAUTY ACADEMY         ,VA,23834-0000,Proprietary  ,0,9,9,20,70,90
02342700,FORTIS COLLEGE                          ,VA,23502-4101,Proprietary  ,10,29,39,75,354,429
02342701,FORTIS COLLEGE - RICHMOND CAMPUS        ,VA,23236-3472,Proprietary  ,8,19,27,60,268,328
02535400,ECPI TECHNICAL COLLEGE                  ,VA,23236-0000,Proprietary  ,21,45,66,457,762,1219
02538800,SUFFOLK BEAUTY ACADEMY                  ,VA,23434-0000,Proprietary  ,2,4,6,19,73,92
02541200,STRATFORD UNIVERSITY                    ,VA,22043-0000,Proprietary  ,10,80,90,181,550,731
02541201,STRATFORD UNIVERSITY-WOODBRIDGE         ,VA,22192-0000,Proprietary  ,2,2,4,31,87,118
02567300,BRAXTON SCHOOL OF BUSINESS (THE)        ,VA,23230-0000,Proprietary  ,0,0,0,13,46,59
02588901,SANZ SCHOOL                             ,VA,22044-0000,Proprietary  ,0,0,0,1,3,4
02594200,RUDY & KELLY SCHOOL OF HAIR DESIGN      ,VA,23462-0000,Proprietary  ,0,0,0,1,1,2
02605900,TESST COLLEGE OF TECHNOLOGY             ,VA,22312-6342,Proprietary  ,0,1,1,78,306,384
02610100,WASHINGTON COUNTY ADULT SKILL CTR       ,VA,24210-2346,Public       ,1,9,10,22,115,137
03002400,GRAHAM WEBB INTERNATIONAL ACAD HAIR     ,VA,22209-2129,Proprietary  ,7,11,18,43,71,114
03010700,BAR PALMA BEAUTY CAREERS  ACADEMY       ,VA,24014-2255,Proprietary  ,4,18,22,32,86,118
03042800,"VIRGINIA BEACH CITY SCHOOLS, SCH.-PR.NSG",VA,23456-0038,Public       ,0,0,0,10,37,47
03091100,ACT COLLEGE                             ,VA,22209-2297,Proprietary  ,8,61,69,193,678,871
03091300,REGENT UNIVERSITY                       ,VA,23464-9800,Private      ,3,123,126,370,4788,5158
03092700,ECPI TECHNICAL COLLEGE-ROANOKE          ,VA,24012-1603,Proprietary  ,8,22,30,153,469,622
03096500,SPRINGFIELD BEAUTY ACADEMY              ,VA,22003-3016,Proprietary  ,3,18,21,18,137,155
03106500,SENTARA NORFOLK GENERAL HOSPITAL        ,VA,23320-2843,Private      ,2,3,5,134,483,617
03116900,BAPTIST THEOLOGICAL SEM.-RICHMOND       ,VA,23227-0000,Private      ,0,0,0,3,51,54
03126300,TIDEWATER TECH AVIATION                 ,VA,23320-5987,Proprietary  ,10,45,55,107,429,536
03126400,CENTURA COLLEGE                         ,VA,23235-5230,Proprietary  ,22,63,85,140,576,716
03126401,CENTURA COLLEGE - WEST                  ,VA,23294-0000,Proprietary  ,1,2,3,6,34,40
03127500,ADVANCED TECHNOLOGY INSTITUTE           ,VA,23462-2409,Proprietary  ,6,25,31,420,372,792
03280400,VIRGINIA SCHOOL OF MASSAGE              ,VA,22903-0000,Proprietary  ,4,12,16,43,155,198
03409500,RICHMOND SCHOOL OF HEALTH AND TECH      ,VA,23227-0000,Proprietary  ,20,95,115,142,792,934
03455300,CRESCENT COSMETOLOGY UNIVERSITY         ,VA,23666-3115,Proprietary  ,0,0,0,2,10,12
03559300,APPALACHIAN SCHOOL OF LAW               ,VA,24614-0000,Private      ,0,2,2,2,661,663
03638400,TAP THIS VALLEY WORKS CTR FOR EMPLO     ,VA,24016-1901,Private      ,0,2,2,1,35,36
03645400,RUDY & KELLY ACADEMY OF HAIR AND NA     ,VA,23464-6857,Proprietary  ,2,10,12,88,120,208
03654300,CAREER TRAINING SOLUTIONS               ,VA,22406-1014,Proprietary  ,9,32,41,73,337,410
03709300,EDWARD VIA VIRGINIA CLG OSTEOPATHIC MED ,VA,24060-6360,Private      ,0,2,2,8,672,680
03872400,INSTITUTE FOR THE PSYCHOLOGICAL SCIENCES,VA,22202-3609,Private      ,0,0,0,1,60,61
03876300,CULPEPER COSMETOLOGY TRAINING CENTER    ,VA,22701-3155,Public       ,0,1,1,4,22,26
03883400,AVIATION INSTITUTE OF MAINTENANCE       ,VA,20110-4156,Proprietary  ,5,14,19,59,198,257
03966300,CENTRAL BAPTIST THEOLOGICAL SEMINARY OF ,VA,23464-6847,Private      ,0,0,0,1,5,6
04038400,AVI CAREER INSTITUTE                    ,VA,22066-1839,Proprietary  ,1,9,10,6,57,63
04124000,DOMINION SCHOOL OF HAIR DESIGN          ,VA,23062-2221,Proprietary  ,2,2,4,4,14,18
04133400,CENTURA COLLEGE                         ,VA,22312-2670,Proprietary  ,1,8,9,1,29,30
04133800,SOUTHEAST CULINARY & HOSPITALITY COLLEGE,VA,24201-4159,Proprietary  ,6,3,9,6,3,9
00107000,THUNDERBIRD SCHOOL OF GLOBAL MANAGEMENT ,AZ,85306-6000,Private      ,0,7,7,4,681,685
00107100,ARIZONA WESTERN COLLEGE                 ,AZ,85366-0000,Public       ,70,109,179,2798,2960,5758
00107200,COCHISE COLLEGE                         ,AZ,85607-6190,Public       ,18,58,76,1061,1771,2832
00107300,EASTERN ARIZONA COLLEGE                 ,AZ,85552-0769,Public       ,15,25,40,984,856,1840
00107400,GRAND CANYON UNIVERSITY                 ,AZ,85017-3030,Proprietary  ,25,666,691,1155,18960,20115
00107600,GLENDALE COMMUNITY COLLEGE              ,AZ,85302-3090,Public       ,117,243,360,4691,6284,10975
00107700,MESA COMMUNITY COLLEGE                  ,AZ,85202-4866,Public       ,109,273,382,5805,8728,14533
00107800,PHOENIX COLLEGE                         ,AZ,85013-4234,Public       ,65,204,269,2743,5277,8020
00107900,YAVAPAI COLLEGE                         ,AZ,86301-3297,Public       ,16,84,100,1216,1951,3167
00108100,ARIZONA STATE UNIV (ALL CAMPUSES)       ,AZ,85287-0412,Public       ,163,380,543,28981,22981,51962
00108200,NORTHERN ARIZONA UNIVERSITY             ,AZ,86011-0001,Public       ,51,239,290,12161,9817,21978
00108300,UNIVERSITY OF ARIZONA                   ,AZ,85721-0066,Public       ,142,143,285,19246,11388,30634
00165701,MIDWESTERN UNIVERSITY                   ,AZ,85308-0000,Private      ,0,5,5,54,1903,1957
00446700,TUCSON COLLEGE                          ,AZ,85710-0000,Proprietary  ,15,75,90,201,805,1006
00711300,SOUTHWESTERN COLLEGE                    ,AZ,85032-7097,Private      ,4,1,5,321,143,464
00726600,PIMA COUNTY COMMUNITY COLLEGE           ,AZ,85709-1110,Public       ,112,330,442,6855,10055,16910
00728300,CENTRAL ARIZONA COLLEGE                 ,AZ,85228-9779,Public       ,39,100,139,1214,1920,3134
00822100,UNIVERSAL TECHNICAL INSTITUTE           ,AZ,85323-7946,Proprietary  ,280,238,518,10259,4847,15106
00824600,DINè COLLEGE                            ,AZ,86556-0126,Public       ,26,42,68,596,1129,1725
00830300,GATEWAY COMMUNITY COLLEGE               ,AZ,85034-1795,Public       ,13,113,126,898,3444,4342
00830302,MARICOPA SKILL CENTER                   ,AZ,85034-0000,Public       ,24,101,125,204,867,1071
00830400,SCOTTSDALE COMMUNITY COLLEGE            ,AZ,85250-0000,Public       ,46,115,161,2230,2716,4946
00886400,ARIZONA ACADEMY OF BEAUTY               ,AZ,85712-5021,Proprietary  ,4,3,7,29,65,94
00886500,ARTISTIC BEAUTY COLLEGES-TUCSON         ,AZ,85716-3999,Proprietary  ,22,28,50,203,313,516
00886501,ARTISTIC BEAUTY COLLEGES - TUCSON  - NOR,AZ,85705-1665,Proprietary  ,1,0,1,47,67,114
00945100,BROWN MACKIE COLLEGE                    ,AZ,85712-5300,Proprietary  ,34,152,186,167,686,853
01084700,ARIZONA AUTOMOTIVE INSTITUTE            ,AZ,85301-3503,Proprietary  ,76,151,227,558,1028,1586
01085800,AVALON SCHOOL OF COSMETOLOGY            ,AZ,85210-4010,Proprietary  ,7,16,23,115,178,293
01157000,PIMA MEDICAL INSTITUTE-MESA             ,AZ,85202-2950,Proprietary  ,2,10,12,79,291,370
01168900,REFRIGERATION SCHOOL                    ,AZ,85034-0000,Proprietary  ,8,101,109,104,677,781
01180200,ARIZONA ACADEMY OF BEAUTY-NORTH         ,AZ,85705-2720,Proprietary  ,1,10,11,10,57,67
01180800,ARTISTIC BEAUTY COLLEGES-FLAGSTAFF      ,AZ,86004-5119,Proprietary  ,26,47,73,157,315,472
01180801,CLG OF BEAUTY ARTS & SCI/CHANDLER       ,AZ,85224-0000,Proprietary  ,15,30,45,61,172,233
01180802,CLG OF BEAUTY ARTS & SCI/PRESCOTT       ,AZ,86303-0000,Proprietary  ,3,2,5,34,66,100
01186200,NORTHLAND PIONEER COLLEGE               ,AZ,86025-2996,Public       ,12,34,46,357,1223,1580
01186400,MOHAVE COMMUNITY COLLEGE                ,AZ,86409-1238,Public       ,53,177,230,939,3576,4515
01218400,INTERNATIONAL ACAD OF HAIR DESIGN       ,AZ,85225-7198,Proprietary  ,5,20,25,93,162,255
01234300,ARTISTIC BEAUTY COLLEGES-PHOENIX        ,AZ,85304-0000,Proprietary  ,30,51,81,124,243,367
01234301,EMPIRE BEAUTY SCHOOL - AVONDALE         ,AZ,85323-2352,Proprietary  ,4,3,7,27,36,63
01293700,ARTISTIC BEAUTY COLLEGES - PARADISE VALL,AZ,85257-0000,Proprietary  ,6,8,14,44,58,102
02065200,ITT TECHNICAL INSTITUTE                 ,AZ,85282-0000,Proprietary  ,55,205,260,918,2360,3278
02065300,PRESCOTT COLLEGE                        ,AZ,86301-0000,Private      ,1,19,20,360,1007,1367
02071200,KAPLAN COLLEGE                          ,AZ,85029-4349,Proprietary  ,28,96,124,240,868,1108
02098800,UNIVERSITY OF PHOENIX                   ,AZ,85040-0000,Proprietary  ,2592,48482,51074,19287,400463,419750
02100500,UNIVERSAL TECHNICAL INSTITUTE           ,AZ,85027-0000,Proprietary  ,213,299,512,7515,6138,13653
02100600,APOLLO COLLEGE                          ,AZ,85015-0000,Proprietary  ,194,497,691,1798,5171,6969
02113800,ROBERTO-VENN SCH OF LUTHIERY            ,AZ,85040-0000,Proprietary  ,0,0,0,42,34,76
02146600,SOUTH MOUNTAIN COMMUNITY COLLEGE        ,AZ,85040-0000,Public       ,28,74,102,1101,1991,3092
02171500,WESTERN INTERNATIONAL UNIVERSITY        ,AZ,85021-0000,Proprietary  ,7,221,228,154,4915,5069
02173300,DEVOE COLLEGE OF BEAUTY                 ,AZ,85635-0000,Proprietary  ,0,0,0,8,13,21
02174900,COLLINS COLLEGE                         ,AZ,85040-4000,Proprietary  ,23,18,41,1868,1411,3279
02177500,RIO SALADO COMMUNITY COLLEGE            ,AZ,85281-0000,Public       ,44,592,636,823,7359,8182
02181300,LONG TECHNICAL COLLEGE                  ,AZ,85008-6915,Proprietary  ,0,0,0,4,11,15
02192300,MARICOPA BEAUTY COLLEGE                 ,AZ,85323-0000,Proprietary  ,3,6,9,62,78,140
02199900,AMERICAN INDIAN CLG-ASSEMBLIES GOD      ,AZ,85021-0000,Private      ,1,0,1,51,43,94
02217100,PIMA MEDICAL INSTITUTE                  ,AZ,85716-0000,Proprietary  ,172,471,643,1903,5873,7776
02218800,BROOKLINE COLLEGE                       ,AZ,85019-1600,Proprietary  ,66,308,374,310,2179,2489
02220300,ARTISTIC BEAUTY COLLEGES-GLENDALE       ,AZ,85051-0000,Proprietary  ,19,36,55,118,207,325
02263100,ANTHEM COLLEGE                          ,AZ,85014-0000,Proprietary  ,85,212,297,3120,9585,12705
02280500,CHARLES OF ITALY BEAUTY COLLEGE         ,AZ,86403-0000,Proprietary  ,3,8,11,31,110,141
02295000,EVEREST COLLEGE                         ,AZ,85021-1610,Proprietary  ,37,351,388,597,4667,5264
02295002,EVEREST COLLEGE - MESA                  ,AZ,85206-4704,Proprietary  ,11,73,84,44,196,240
02317800,AMERICAN INSTITUTE OF TECHNOLOGY        ,AZ,85043-0000,Proprietary  ,5,166,171,43,1094,1137
02361100,ITT TECHNICAL INSTITUTE                 ,AZ,85704-0000,Proprietary  ,103,141,244,696,1264,1960
02491500,THE ART CENTER DESIGN COLLEGE           ,AZ,85716-0000,Proprietary  ,21,35,56,250,446,696
02521500,LAMSON COLLEGE                          ,AZ,85284-1141,Proprietary  ,17,80,97,187,832,1019
02559000,UNIVERSITY OF ADVANCING TECHNOLOGY      ,AZ,85283-0000,Proprietary  ,16,16,32,1006,671,1677
02561900,TONI AND GUY HAIRDRESSING ACADEMY       ,AZ,85251-3301,Proprietary  ,6,7,13,194,133,327
02582700,CORTIVA INSTITUTE - TUCSON              ,AZ,85710-3503,Proprietary  ,1,8,9,63,143,206
02616700,SCOTTSDALE CULINARY INSTITUTE           ,AZ,85251-2729,Proprietary  ,17,67,84,1360,2176,3536
02623600,PARADISE VALLEY COMMUNITY COLLEGE       ,AZ,85032-1210,Public       ,38,81,119,1443,2297,3740
02623800,CORTIVA INSTITUTE - SCOTTSDALE          ,AZ,85257-4218,Proprietary  ,0,7,7,35,123,158
03005000,SAFFORD COLLEGE OF BEAUTY CULTURE       ,AZ,85546-3309,Proprietary  ,3,8,11,12,50,62
03010613,VIRGINIA COLLEGE - GOLF ACADEMY OF ARIZO,AZ,85225-6742,Proprietary  ,1,3,4,130,157,287
03030604,UTAH COLLEGE OF MASSAGE THERAPY - ARIZON,AZ,85282-0000,Proprietary  ,17,39,56,220,377,597
03030605,UTAH COLLEGE OF MASSAGE THERAPY - ARIZON,AZ,85051-3470,Proprietary  ,23,29,52,228,411,639
03034400,CONSERVATORY RECORDING ARTS & SCIS      ,AZ,85282-1707,Proprietary  ,25,21,46,518,611,1129
03072200,CHANDLER-GILBERT COMMUNITY COLLEGE      ,AZ,85225-2499,Public       ,28,93,121,1862,2630,4492
03076400,BRYMAN SCHOOL OF ARIZONA                ,AZ,85029-4919,Proprietary  ,182,434,616,2680,4686,7366
03076406,BRYMAN SCHOOL OF ARIZONA (THE) - TEMPE  ,AZ,85284-0000,Proprietary  ,1,1,2,1,4,5
03097800,CARSTEN INSTITUTE OF HAIR & BEAUTY      ,AZ,85282-5404,Proprietary  ,6,5,11,146,144,290
03100400,COCONINO COUNTY COMMUNITY COLLEGE       ,AZ,86001-2701,Public       ,12,39,51,828,1186,2014
03107000,SOUTHWEST CLG OF NATUROPATHIC MED       ,AZ,85282-0000,Private      ,0,3,3,7,426,433
03115000,ARIZONA COLLEGE OF ALLIED HEALTH        ,AZ,85302-3843,Proprietary  ,11,67,78,96,528,624
03120300,COLLEGE AMERICA                         ,AZ,86004-3936,Proprietary  ,12,33,45,116,393,509
03156300,ESTRELLA MOUNTAIN COMMUNITY COLLEGE     ,AZ,85392-1010,Public       ,42,98,140,1239,2055,3294
03156301,ESTRELLA MOUNTAIN COMMUNITY COLLEGE - SO,AZ,85392-1010,Public       ,13,23,36,249,525,774
03347300,INTERNATIONAL BAPTIST COLLEGE           ,AZ,85282-6799,Private      ,0,1,1,31,19,50
03445300,HDS TRUCK DRIVING INSTITUTE             ,AZ,85731-0000,Proprietary  ,3,21,24,14,211,225
03478400,PHOENIX SEMINARY                        ,AZ,85018-7611,Private      ,1,2,3,2,55,57
03572300,EAST VALLEY INSTITUTE OF TECHNOLOGY     ,AZ,85201-6910,Public       ,3,4,7,64,105,169
03593300,SOUTHWEST INSTITUTE OF HEALING ARTS     ,AZ,85281-3658,Proprietary  ,3,18,21,79,416,495
03617500,PHOENIX INSTITUTE OF HERBAL MEDICINE & A,AZ,85012-0000,Proprietary  ,0,1,1,2,94,96
03695500,ARIZONA SCHOOL OF ACUPUNCTURE AND ORIENT,AZ,85712-1100,Proprietary  ,0,1,1,3,54,57
03740500,ART INSTITUTE OF TUCSON (THE)           ,AZ,85712-2732,Proprietary  ,6,9,15,97,139,236
03784400,TOHONO O'ODHAM COMMUNITY COLLEGE        ,AZ,85634-3129,Public       ,0,7,7,16,76,92
03814300,TURNING POINT BEAUTY COLLEGE            ,AZ,85222-4229,Proprietary  ,2,1,3,13,45,58
04051300,ART INSTITUTE OF PHOENIX (THE)          ,AZ,85021-2859,Proprietary  ,11,13,24,1004,857,1861
04059300,TUCSON COLLEGE OF BEAUTY                ,AZ,85705-2451,Proprietary  ,9,8,17,48,65,113
04120900,ARIZONA CULINARY INSTITUTE              ,AZ,85259-4939,Proprietary  ,1,8,9,94,161,255
04131400,PHOENIX SCHOOL OF LAW                   ,AZ,85012-3330,Proprietary  ,0,105,105,0,105,105
00142800,DELAWARE STATE UNIVERSITY               ,DE,19901-2277,Public       ,14,20,34,5587,1483,7070
00142900,GOLDEY BEACOM COLLEGE                   ,DE,19808-1993,Private      ,4,16,20,494,427,921
00143100,UNIVERSITY OF DELAWARE                  ,DE,19716-0099,Public       ,35,27,62,17801,2157,19958
00143300,WESLEY COLLEGE                          ,DE,19901-3875,Private      ,2,6,8,2059,369,2428
00143301,WESLEY COLLEGE-CTR FOR ADULT STUDIE     ,DE,19720-0000,Private      ,3,25,28,47,530,577
00331301,WIDENER UNIV SCHOOL OF LAW - DE         ,DE,19803-0000,Private      ,0,2,2,25,1529,1554
00705300,DELAWARE TECH & CMTY COLLEGE-OWENS      ,DE,19947-0000,Public       ,25,92,117,1428,2074,3502
00794800,WILMINGTON UNIVERSITY                   ,DE,19720-6491,Private      ,17,148,165,1438,4795,6233
01172700,DELAWARE TECH & CMTY CLG-TERRY          ,DE,19901-8736,Public       ,23,72,95,1313,1742,3055
01195002,DELAWARE COLLEGE OF ART & DESIGN        ,DE,19801-0000,Private      ,1,2,3,298,60,358
02125200,BEEBE SCHOOL OF NURSING                 ,DE,19958-1462,Private      ,0,0,0,28,34,62
02144900,DELAWARE TECH & CMTY CLG-STANTN/WLM     ,DE,19801-0000,Public       ,31,75,106,2347,2820,5167
02190400,SCHILLING DOUGLAS SCH OF HAIR DSGN      ,DE,19711-0000,Proprietary  ,3,12,15,83,164,247
02586902,STAR TECHNICAL INSTITUTE -              ,DE,19901-4615,Proprietary  ,2,25,27,46,305,351
03021000,HARRISON CAREER INSTITUTE               ,DE,19804-3259,Proprietary  ,0,0,0,0,1,1
03025800,DAWN TRAINING CENTRE                    ,DE,19805-1511,Proprietary  ,6,51,57,80,482,562
03543300,HARRIS SCHOOL OF BUSINESS               ,DE,19803-5341,Proprietary  ,12,59,71,103,483,586
03702300,DELAWARE LEARNING INSTITUTE OF COSMETOLO,DE,19939-9759,Proprietary  ,0,3,3,34,79,113
04130700,ACADEMY OF MASSAGE AND BODYWORK         ,DE,19701-1321,Proprietary  ,2,4,6,2,4,6
        ,FEDERAL STUDENT AID USE ONLY            ,DC,20202-0000,,0,1,1,0,1,1
00143400,AMERICAN UNIVERSITY                     ,DC,20016-8020,Private      ,8,26,34,9840,8503,18343
00143700,CATHOLIC UNIVERSITY OF AMERICA          ,DC,20064-0002,Private      ,8,25,33,3974,2048,6022
00143711,"CATHOLIC UNIV AMERICA, LAW SCHOOL       ",DC,20064-0000,Private      ,0,4,4,29,1343,1372
00144100,UNIV OF THE DISTRICT OF COLUMBIA        ,DC,20008-0000,Public       ,17,69,86,1760,3777,5537
00144102,UNIVERSITY OF THE DISTRICT OF COLUMBIA -,DC,20008-1173,Public       ,0,1,1,37,590,627
00144300,GALLAUDET UNIVERSITY                    ,DC,20002-3695,Private      ,6,7,13,797,712,1509
00144400,GEORGE WASHINGTON UNIVERSITY            ,DC,20052-2353,Private      ,8,123,131,10683,8207,18890
00144402,GEORGE WASHINGTON UNIV LAW SCHL         ,DC,20052-0000,Private      ,0,3,3,16,4418,4434
00144403,GEORGE WASHINGTON UNIV SCH MED          ,DC,20052-0000,Private      ,0,2,2,36,1052,1088
00144500,GEORGETOWN UNIVERSITY                   ,DC,20057-1252,Private      ,15,73,88,10034,4696,14730
00144501,"GEORGETOWN UNIV, SCH OF MEDICINE        ",DC,20007-0000,Private      ,0,2,2,33,1185,1218
00144503,GEORGETOWN UNIV LAW CENTER              ,DC,20001-0000,Private      ,0,4,4,25,4743,4768
00144800,HOWARD UNIVERSITY                       ,DC,20059-0001,Private      ,40,43,83,11355,7524,18879
00145600,SOUTHEASTERN UNIVERSITY                 ,DC,20024-2788,Private      ,2,11,13,160,977,1137
00145900,STRAYER UNIVERSITY                      ,DC,20005-2603,Proprietary  ,72,1403,1475,1487,37078,38565
00146000,TRINITY UNIVERSITY                      ,DC,20017-1004,Private      ,1,51,52,814,1444,2258
00146400,WESLEY THEOLOGICAL SEMINARY             ,DC,20016-0000,Private      ,0,12,12,1,277,278
00207701,JOHNS HOPKINS UNIV SCH ADV INTL STU     ,DC,20036-0000,Private      ,0,4,4,21,1210,1231
01006500,WASHINGTON THEOLOGICAL UNION            ,DC,20012-0000,Private      ,0,0,0,1,46,47
01195000,THE CORCORAN COLLEGE OF ART & DESIG     ,DC,20006-4804,Private      ,2,5,7,377,280,657
01266500,HARRISON CTR FOR CAREER EDUCATION       ,DC,20001-5303,Private      ,0,0,0,1,7,8
01280300,DOMINICAN HOUSE OF STUDIES              ,DC,20017-1584,Private      ,0,0,0,1,11,12
02132800,NAT'L CONSERVATORY DRAMATIC ARTS        ,DC,20007-2758,Private      ,0,0,0,6,25,31
02279200,DUDLEY BEAUTY COLG-WASHINGTON           ,DC,20018-0000,Proprietary  ,5,17,22,49,171,220
02588900,SANZ SCHOOL                             ,DC,20006-0000,Proprietary  ,36,166,202,290,1370,1660
03104300,CAREER BLAZERS LEARNING CENTER OF WASHIN,DC,20037-1881,Proprietary  ,18,125,143,121,848,969
03218300,POTOMAC COLLEGE                         ,DC,20016-1860,Proprietary  ,2,43,45,30,474,504
03409600,BENNETT CAREER INSTITUTE                ,DC,20017-1754,Proprietary  ,5,12,17,73,264,337
03750300,TECHNICAL LEARNING CENTERS              ,DC,20005-3415,Proprietary  ,0,1,1,42,198,240
00154100,ABRAHAM BALDWIN AGRICULTURAL CLG        ,GA,31794-0000,Public       ,40,37,77,2930,1514,4444
00154200,AGNES SCOTT COLLEGE                     ,GA,30030-3797,Private      ,2,5,7,1123,280,1403
00154300,DARTON COLLEGE                          ,GA,31707-3098,Public       ,59,212,271,2221,4233,6454
00154400,ALBANY STATE UNIVERSITY                 ,GA,31705-2796,Public       ,45,75,120,6106,3470,9576
00154500,ANDREW COLLEGE                          ,GA,39840-1313,Private      ,6,2,8,355,54,409
00154600,ARMSTRONG ATLANTIC STATE UNIVERSITY     ,GA,31419-1997,Public       ,27,127,154,3704,4940,8644
00154700,ATLANTA CHRISTIAN COLLEGE               ,GA,30344-1999,Private      ,3,36,39,400,205,605
00155200,AUGUSTA STATE UNIVERSITY                ,GA,30904-2200,Public       ,39,71,110,4151,4342,8493
00155400,BERRY COLLEGE                           ,GA,30149-5007,Private      ,2,4,6,2101,220,2321
00155500,THOMAS UNIVERSITY                       ,GA,31792-7499,Private      ,5,47,52,300,915,1215
00155600,BRENAU UNIVERSITY                       ,GA,30501-3668,Private      ,9,94,103,1094,2463,3557
00155700,BREWTON PARKER COLLEGE                  ,GA,30445-0000,Private      ,12,21,33,681,783,1464
00155800,COASTAL GEORGIA COMMUNITY COLLEGE       ,GA,31520-3644,Public       ,30,62,92,1286,2381,3667
00155900,CLARK ATLANTA UNIVERSITY                ,GA,30314-4385,Private      ,62,48,110,12480,4027,16507
00156000,COLUMBIA THEOLOGICAL SEMINARY           ,GA,30031-0000,Private      ,0,2,2,2,161,163
00156100,COLUMBUS STATE UNIVERSITY               ,GA,31907-5645,Public       ,54,81,135,5125,4412,9537
00156200,GEORGIA PERIMETER COLLEGE               ,GA,30021-0000,Public       ,211,419,630,10338,14316,24654
00156300,EMMANUEL COLLEGE                        ,GA,30639-0000,Private      ,2,1,3,665,164,829
00156400,EMORY UNIVERSITY                        ,GA,30322-1960,Private      ,18,68,86,8653,7472,16125
00156600,FORT VALLEY STATE UNIVERSITY            ,GA,31030-3298,Public       ,50,32,82,3872,1455,5327
00156700,GAINESVILLE STATE COLLEGE               ,GA,30503-0000,Public       ,73,47,120,4242,2150,6392
00156800,INTERDENOMINATIONAL THEOLOGY CENTER     ,GA,30314-0000,Private      ,0,2,2,3,545,548
00156900,GEORGIA INSTITUTE OF TECHNOLOGY         ,GA,30332-0002,Public       ,108,78,186,12591,3299,15890
00157000,SOUTHERN POLYTECHNIC STATE UNIV         ,GA,30060-2896,Public       ,30,58,88,2267,1819,4086
00157100,GEORGIA MILITARY COLLEGE                ,GA,31061-3398,Public       ,90,123,213,2791,3681,6472
00157200,GEORGIA SOUTHERN UNIVERSITY             ,GA,30460-8065,Public       ,364,142,506,15133,4805,19938
00157300,GEORGIA SOUTHWESTERN STATE UNIV         ,GA,31709-4693,Public       ,20,53,73,1679,1405,3084
00157400,GEORGIA STATE UNIVERSITY                ,GA,30303-3010,Public       ,153,409,562,18660,19448,38108
00157500,GORDON COLLEGE                          ,GA,30204-1762,Public       ,32,44,76,3530,1844,5374
00157700,KENNESAW STATE UNIVERSITY               ,GA,30144-5591,Public       ,138,268,406,10658,9953,20611
00157800,LAGRANGE COLLEGE                        ,GA,30240-2999,Private      ,3,42,45,1273,581,1854
00157900,MEDICAL COLLEGE OF GEORGIA              ,GA,30912-0004,Public       ,10,35,45,481,2301,2782
00158000,MERCER UNIVERSITY                       ,GA,31207-0003,Private      ,13,196,209,3756,6722,10478
00158100,MIDDLE GEORGIA COLLEGE                  ,GA,31014-1599,Public       ,46,67,113,3014,1679,4693
00158200,MOREHOUSE COLLEGE                       ,GA,30314-3773,Private      ,21,13,34,4210,740,4950
00158500,NORTH GEORGIA COLLEGE & STATE UNIV      ,GA,30597-0001,Public       ,28,57,85,2994,1611,4605
00158600,OGLETHORPE UNIVERSITY                   ,GA,30319-2737,Private      ,3,11,14,906,447,1353
00158700,PAINE COLLEGE                           ,GA,30901-3182,Private      ,9,9,18,1571,467,2038
00158800,PIEDMONT COLLEGE                        ,GA,30535-5644,Private      ,7,246,253,803,2145,2948
00158900,REINHARDT COLLEGE                       ,GA,30183-2981,Private      ,3,6,9,891,315,1206
00159000,SAVANNAH STATE UNIVERSITY               ,GA,31404-5298,Public       ,50,41,91,4887,2053,6940
00159100,SHORTER COLLEGE                         ,GA,30165-4298,Private      ,5,163,168,1252,3007,4259
00159200,SOUTH GEORGIA COLLEGE                   ,GA,31533-8104,Public       ,33,46,79,1347,970,2317
00159400,SPELMAN COLLEGE                         ,GA,30314-4399,Private      ,15,13,28,5196,942,6138
00159600,TOCCOA FALLS COLLEGE                    ,GA,30598-0001,Private      ,1,4,5,1029,243,1272
00159700,TRUETT MCCONNELL COLLEGE                ,GA,30528-1264,Private      ,5,3,8,487,71,558
00159800,UNIVERSITY OF GEORGIA                   ,GA,30602-6114,Public       ,185,240,425,18319,9341,27660
00159900,VALDOSTA STATE UNIVERSITY               ,GA,31698-0001,Public       ,87,110,197,9446,4478,13924
00160000,WESLEYAN COLLEGE                        ,GA,31210-4407,Private      ,0,18,18,355,489,844
00160100,UNIV OF WEST GEORGIA                    ,GA,30118-0002,Public       ,68,173,241,8195,4410,12605
00160200,GEORGIA COLLEGE & STATE UNIVERSITY      ,GA,31061-0490,Public       ,60,56,116,4731,1804,6535
00160400,YOUNG HARRIS COLLEGE                    ,GA,30582-4137,Private      ,11,1,12,731,36,767
00348400,COVENANT COLLEGE                        ,GA,30750-4164,Private      ,1,11,12,1161,416,1577
00395600,DALTON STATE COLLEGE                    ,GA,30720-3797,Public       ,29,78,107,2167,2592,4759
00402400,GEORGIA NORTHWESTERN TECHNICAL COLLEGE  ,GA,30161-6757,Public       ,17,52,69,914,2615,3529
00402403,NORTHWESTERN TECHNICAL COLLEGE          ,GA,30739-0569,Public       ,12,40,52,638,2332,2970
00411700,GRADY HEALTH SYSTEM                     ,GA,30303-3050,Public       ,0,6,6,82,211,293
00525400,LANIER TECHNICAL COLLEGE                ,GA,30566-3499,Public       ,12,41,53,655,2084,2739
00525500,MOULTRIE TECHNICAL COLLEGE              ,GA,31768-0000,Public       ,12,47,59,605,2240,2845
00525600,VALDOSTA TECHNICAL COLLEGE              ,GA,31603-0000,Public       ,21,70,91,804,2394,3198
00551100,OKEFENOKEE TECHNICAL COLLEGE            ,GA,31501-4016,Public       ,6,25,31,407,1366,1773
00559900,AUGUSTA TECHNICAL COLLEGE               ,GA,30906-3399,Public       ,16,97,113,1745,5044,6789
00560000,ATHENS TECHNICAL COLLEGE                ,GA,30601-1579,Public       ,29,72,101,1780,3804,5584
00560100,ALBANY TECHNICAL COLLEGE                ,GA,31701-2648,Public       ,38,107,145,1084,3627,4711
00561300,FLINT RIVER TECHNICAL INSTITUTE         ,GA,30286-0014,Public       ,8,39,47,182,1022,1204
00561500,SOUTHWEST GEORGIA TECHNICAL COLLEGE     ,GA,31792-2622,Public       ,6,25,31,539,1709,2248
00561700,SOUTH GEORGIA TECHNICAL COLLEGE         ,GA,31709-8167,Public       ,36,73,109,774,1444,2218
00561800,SAVANNAH TECHNICAL COLLEGE              ,GA,31405-5594,Public       ,42,132,174,1955,6634,8589
00561900,NORTH GEORGIA TECHNICAL COLLEGE         ,GA,30523-0000,Public       ,34,39,73,864,1750,2614
00562000,CHATTAHOOCHEE TECHNICAL COLLEGE         ,GA,30060-3398,Public       ,40,84,124,1924,4003,5927
00562004,NORTH METRO TECHNICAL COLLEGE           ,GA,30102-3129,Public       ,28,63,91,1147,2372,3519
00562005,APPALACHIAN TECHNICAL COLLEGE           ,GA,30143-0000,Public       ,10,33,43,240,691,931
00562100,GRIFFIN TECHNICAL COLLEGE               ,GA,30223-2097,Public       ,17,91,108,1034,3225,4259
00562200,DEKALB TECHNICAL COLLEGE                ,GA,30021-0000,Public       ,26,109,135,1176,4728,5904
00562400,COLUMBUS TECHNICAL COLLEGE              ,GA,31904-6572,Public       ,20,62,82,1099,3639,4738
00576300,CENTRAL GEORGIA TECHNICAL COLLEGE       ,GA,31206-3628,Public       ,27,98,125,1522,6263,7785
00772800,MACON STATE COLLEGE                     ,GA,31206-5145,Public       ,45,140,185,3095,5250,8345
00854300,ATLANTA TECHNICAL COLLEGE               ,GA,30310-4499,Public       ,41,142,183,1458,4753,6211
00897600,CLAYTON STATE UNIVERSITY                ,GA,30260-0285,Public       ,58,171,229,4418,6733,11151
00918300,EAST CENTRAL TECHNICAL COLLEGE          ,GA,31750-0000,Public       ,7,34,41,295,1094,1389
00927000,ART INSTITUTE OF ATLANTA                ,GA,30328-1649,Proprietary  ,97,128,225,5603,4230,9833
00950700,GEORGIA HIGHLANDS COLLEGE               ,GA,30162-0000,Public       ,41,47,88,2472,2211,4683
01031903,MEDIX SCHOOL                            ,GA,30080-7630,Proprietary  ,28,129,157,247,970,1217
01035601,EVEREST INSTITUTE - DEKALB              ,GA,30035-3420,Proprietary  ,50,118,168,115,330,445
01048700,WEST GEORGIA TECHNICAL COLLEGE          ,GA,30182-6476,Public       ,16,64,80,1200,3337,4537
01048704,WEST GEORGIA TECHNICAL COLLEGE          ,GA,30240-5957,Public       ,17,44,61,495,1452,1947
01077100,GUPTON JONES COLLEGE                    ,GA,30035-4022,Private      ,3,5,8,107,261,368
01099700,EAST GEORGIA COLLEGE                    ,GA,30401-2699,Public       ,38,32,70,1705,844,2549
01107400,BAINBRIDGE COLLEGE                      ,GA,39819-8400,Public       ,70,179,249,1011,2838,3849
01110901,EVEREST COLLEGE - EVEREST INSTITUTE     ,GA,30067-8340,Proprietary  ,29,95,124,78,304,382
01112301,EVEREST COLLEGE - EVEREST INSTITUTE- NOR,GA,30093-2813,Proprietary  ,22,136,158,83,364,447
01157400,BAUDER COLLEGE                          ,GA,30313-2439,Proprietary  ,24,80,104,696,1033,1729
01205100,PRO WAY HAIR SCHOOL                     ,GA,30083-2884,Proprietary  ,5,30,35,85,314,399
01216500,ATLANTA METROPOLITAN COLLEGE            ,GA,30310-4498,Public       ,36,93,129,1785,2848,4633
01303900,SOUTH UNIVERSITY                        ,GA,31406-4881,Proprietary  ,106,1385,1491,1056,12221,13277
02055000,WAYCROSS COLLEGE                        ,GA,31503-0000,Public       ,13,28,41,515,666,1181
02060900,BROWN CLG OF COURT REPORTING & M.T.     ,GA,30318-2570,Proprietary  ,1,8,9,23,315,338
02074800,LIFE UNIVERSITY                         ,GA,30060-0000,Private      ,1,17,18,261,1937,2198
02089700,HERZING COLLEGE                         ,GA,30326-1332,Proprietary  ,10,49,59,246,1020,1266
02110501,ART INSTITUTE OF CHARLOTTE (THE) - BROWN,GA,30319-3054,Proprietary  ,0,3,3,38,36,74
02113604,AMERICAN INTERCONTINENTAL UNIV - DUNWOOD,GA,30328-1649,Proprietary  ,7,70,77,762,2224,2986
02116000,SANFORD-BROWN COLLEGE                   ,GA,30328-4803,Proprietary  ,45,198,243,466,2415,2881
02141500,SAVANNAH COLLEGE OF ART & DESIGN        ,GA,31402-3146,Private      ,27,28,55,7338,3003,10341
02202800,AUGUSTA AREA DIET INTERN UNIV HOSP      ,GA,30901-0000,Private      ,0,0,0,1,18,19
02205300,SAVANNAH RIVER COLLEGE                  ,GA,30909-0000,Proprietary  ,6,35,41,81,493,574
02217200,PORTFOLIO CENTER                        ,GA,30309-0000,Proprietary  ,0,3,3,31,138,169
02263105,ANTHEM COLLEGE - HIGH-TECH INSTITUTE - M,GA,30324-3398,Proprietary  ,0,1,1,1,7,8
02266200,AMERICAN PROFESSIONAL INSTITUTE         ,GA,31201-0000,Proprietary  ,35,182,217,203,1276,1479
02279500,HEART OF GEORGIA TECHNICAL COLLEGE      ,GA,31021-0000,Public       ,9,8,17,369,1178,1547
02284300,INTERACTIVE COLLEGE OF TECHNOLOGY       ,GA,30341-0000,Proprietary  ,28,193,221,271,1810,2081
02284308,INTERACTIVE LEARNING SYSTEMS            ,GA,30260-0000,Proprietary  ,6,46,52,72,310,382
02284309,INTERACTIVE COLLEGE OF TECHNOLOGY       ,GA,30501-0000,Proprietary  ,4,53,57,37,256,293
02285500,"CREATIVE CIRCUS, THE                    ",GA,30324-0000,Proprietary  ,0,1,1,62,241,303
02288400,GWINNETT TECHNICAL INSTITUTE            ,GA,30043-5702,Public       ,39,85,124,2057,5046,7103
02313902,WESTWOOD COLLEGE - O'HARE AIRPORT - ATLA,GA,30345-2807,Proprietary  ,10,21,31,253,465,718
02318600,GEORGIA MEDICAL INSTITUTE               ,GA,30303-0000,Proprietary  ,1,6,7,496,2011,2507
02321400,ROFFLER-MOLER HAIRSTYLING COLLEGE       ,GA,30062-0000,Proprietary  ,3,11,14,37,140,177
02354500,SOUTHEASTERN BEAUTY SCHOOLS             ,GA,31906-0000,Proprietary  ,2,25,27,19,172,191
02482100,MOREHOUSE SCHOOL OF MEDICINE            ,GA,30310-0000,Private      ,1,2,3,104,550,654
02502700,ADVANCED CAREER TRAINING                ,GA,30329-0000,Proprietary  ,5,45,50,132,534,666
02502701,ADVANCED CAREER TRAINING-RIVERDALE      ,GA,30274-0000,Proprietary  ,18,82,100,114,634,748
02508600,MIDDLE GEORGIA TECHNICAL COLLEGE        ,GA,31088-0000,Public       ,12,27,39,820,2118,2938
02520000,INTERNATIONAL SCH SKIN & NAILCARE       ,GA,30342-1119,Proprietary  ,5,29,34,41,310,351
02577000,ARNOLD / PADRICKS  UNIV OF COSM         ,GA,30297-0000,Proprietary  ,3,20,23,35,176,211
02577700,BEAUTY COLLEGE OF AMERICA               ,GA,30297-0000,Proprietary  ,1,8,9,17,86,103
02578300,INTERNATIONAL CITY BEAUTY COLLEGE       ,GA,31093-3631,Proprietary  ,0,9,9,5,49,54
02580200,ATLANTA SCHOOL OF MASSAGE               ,GA,30338-0000,Proprietary  ,7,26,33,86,330,416
02583000,GWINNETT COLLEGE OF BUSINESS            ,GA,30047-3447,Proprietary  ,3,29,32,127,706,833
02607600,CAPELLI LEARNING CTR FOR COSM           ,GA,30324-0000,Proprietary  ,1,13,14,66,201,267
03005400,ARTISTIC BEAUTY COLLEGE                 ,GA,30013-2076,Proprietary  ,31,117,148,291,856,1147
03022601,WESTERN CULINARY INSTITUTE - LE CORDON B,GA,30084-5893,Proprietary  ,0,4,4,106,143,249
03030000,OGEECHEE TECHNICAL COLLEGE              ,GA,30458-8049,Public       ,19,50,69,1072,2194,3266
03032100,ALTAMAHA TECHNICAL COLLEGE              ,GA,31545-4465,Public       ,5,19,24,283,984,1267
03042700,LAURUSTECHNICAL INSTITUTE               ,GA,30030-1506,Proprietary  ,10,79,89,77,728,805
03066500,SOUTHEASTERN TECHNICAL COLLEGE          ,GA,30474-8817,Public       ,2,32,34,328,1063,1391
03066502,SWAINSBORO TECHNICAL COLLEGE            ,GA,30401-5700,Public       ,6,16,22,215,696,911
03072304,EVEREST COLLEGE - EVEREST INSTITUTE     ,GA,30236-0000,Proprietary  ,53,148,201,174,550,724
03076300,BEULAH HEIGHTS BIBLE COLLEGE            ,GA,30316-1873,Private      ,1,18,19,39,678,717
03079202,WESTWOOD COLLEGE - ATLANTA MIDTOWN      ,GA,30309-2848,Proprietary  ,24,48,72,636,792,1428
03081500,SOUTHEASTERN BEAUTY SCHOOL              ,GA,31917-0000,Proprietary  ,2,27,29,17,178,195
03089100,GEORGIA INSTITUTE OF COSMETOLOGY        ,GA,30606-3152,Proprietary  ,14,34,48,109,304,413
03090600,COBB BEAUTY COLLEGE                     ,GA,30144-2828,Proprietary  ,3,5,8,17,67,84
03100900,LUTHER RICE UNIVERSITY                  ,GA,30038-2454,Private      ,0,6,6,15,625,640
03102000,RIVERTOWN SCHOOL OF BEAUTY              ,GA,31904-4747,Proprietary  ,18,36,54,71,208,279
03104500,ATLANTA INSTITUTE OF MUSIC              ,GA,30096-4988,Proprietary  ,0,4,4,132,100,232
03116100,VOGUE BEAUTY SCHOOL                     ,GA,30141-2226,Proprietary  ,4,19,23,28,118,146
03155500,SANDERSVILLE REGIONAL TECH INST         ,GA,31082-6179,Public       ,7,12,19,178,554,732
03173300,ATLANTA'S JOHN MARSHALL LAW SCHOOL      ,GA,30309-0000,Proprietary  ,0,4,4,10,990,1000
03232303,COMPUTER-ED INSTITUTE-                  ,GA,30071-0000,Proprietary  ,0,0,0,46,409,455
03232304,LINCOLN COLLEGE OF TECHNOLOGY           ,GA,30067-8638,Proprietary  ,25,73,98,205,725,930
03251300,BEACON UNIVERSITY                       ,GA,31909-4663,Private      ,0,7,7,34,308,342
03355402,PSYCHOLOGICAL STUDIES INSTITUTE -       ,GA,30327-2921,Private      ,0,2,2,14,192,206
03391300,ROSS MEDICAL EDUCATION CENTER           ,GA,30033-3105,Proprietary  ,1,5,6,18,115,133
03418300,GWINNETT COLLEGE-SANDY SPRINGS          ,GA,30328-3161,Proprietary  ,1,11,12,39,215,254
03445500,FAYETTE BEAUTY ACADEMY                  ,GA,30214-1191,Proprietary  ,0,3,3,23,54,77
03522300,POWDER SPRINGS BEAUTY COLLEGE           ,GA,30127-2926,Proprietary  ,0,3,3,6,60,66
03523300,AVIATION INSTITUTE OF MAINTENANCE       ,GA,30045-6716,Proprietary  ,11,40,51,136,561,697
03576300,GEORGIA AVIATION AND TECHNICAL COLL     ,GA,31023-0000,Public       ,0,0,0,54,36,90
03753400,MICHAEL'S SCHOOL OF BEAUTY              ,GA,31211-1493,Proprietary  ,0,9,9,36,192,228
03804400,JAVELIN TECHNICAL TRAINING CENTER       ,GA,30339-6040,Proprietary  ,62,244,306,352,1639,1991
03804401,JAVELIN TECHNICAL TRAINING CENTER -     ,GA,30260-1756,Proprietary  ,2,2,4,3,3,6
03804402,JAVELIN TECHNICAL TRAINING CENTER -     ,GA,30084-5252,Proprietary  ,0,0,0,0,3,3
03812300,OMNITECH INSTITUTE                      ,GA,30035-1206,Proprietary  ,20,66,86,145,508,653
04021300,AUGUSTA SCHOOL OF MASSAGE               ,GA,30809-0000,Proprietary  ,4,5,9,19,51,70
04091300,SAVANNAH SCHOOL OF MASSAGE THERAPY      ,GA,31406-2711,Private      ,1,4,5,18,76,94
04105300,NIGHTINGALE MEDICAL INSTITUTE           ,GA,30084-4036,Proprietary  ,30,138,168,93,365,458
04126800,ACADEMY OF SOMATIC HEALING ARTS (ASHA)  ,GA,30071-1024,Proprietary  ,1,15,16,8,45,53
04128500,SOUTHERN CATHOLIC COLLEGE               ,GA,30534-3111,Private      ,7,0,7,94,10,104
        ,CHICAGO THEOLOGICAL SEMINARY            ,IL,60637-0000,Private      ,0,3,3,2,156,158
00162800,AMERICAN ACADEMY OF ART                 ,IL,60604-4302,Proprietary  ,1,4,5,437,126,563
00163300,AUGUSTANA COLLEGE                       ,IL,61201-2296,Private      ,1,2,3,3200,114,3314
00163400,AURORA UNIVERSITY                       ,IL,60506-4892,Private      ,4,119,123,1966,2289,4255
00163500,BARAT COLLEGE                           ,IL,60045-3297,Private      ,0,0,0,3,4,7
00163600,SOUTHWESTERN ILLINOIS COLLEGE           ,IL,62221-5899,Public       ,69,231,300,3171,5917,9088
00163800,BLACK HAWK COLLEGE                      ,IL,61265-5899,Public       ,20,52,72,1986,2825,4811
00163900,BLACKBURN COLLEGE                       ,IL,62626-1498,Private      ,2,0,2,885,121,1006
00164000,PRAIRIE STATE COLLEGE                   ,IL,60411-8226,Public       ,28,98,126,1704,3458,5162
00164100,BRADLEY UNIVERSITY                      ,IL,61625-0002,Private      ,5,2,7,5745,1042,6787
00164300,SPOON RIVER COLLEGE                     ,IL,61520-8907,Public       ,5,15,20,713,730,1443
00164700,CITY COLLEGES OF CHICAGO                ,IL,60606-6998,Public       ,2,16,18,259,444,703
00164800,TRUMAN COLLEGE                          ,IL,60640-5691,Public       ,25,111,136,1836,3398,5234
00164900,RICHARD J DALEY COLLEGE                 ,IL,60652-1299,Public       ,30,119,149,1931,3341,5272
00165000,CITY COLLEGES OF CHICAGO-MALCOLM X      ,IL,60612-3197,Public       ,34,143,177,1666,4527,6193
00165200,HAROLD WASHINGTON COLLEGE               ,IL,60601-2403,Public       ,55,140,195,3579,4947,8526
00165400,KENNEDY KING COLLEGE                    ,IL,60621-3798,Public       ,47,292,339,2170,7033,9203
00165500,WRIGHT COLLEGE                          ,IL,60634-1591,Public       ,33,57,90,3024,3462,6486
00165700,MIDWESTERN UNIVERSITY                   ,IL,60515-1200,Private      ,0,2,2,111,2441,2552
00165900,ROSALIND FRANKLIN UNIVERSITY OF MEDICINE,IL,60064-3095,Private      ,0,4,4,13,1884,1897
00166300,SPERTUS COLLEGE                         ,IL,60605-1995,Private      ,0,6,6,1,89,90
00166400,UNIVERSITY OF ST FRANCIS                ,IL,60435-6188,Private      ,3,38,41,1278,1657,2935
00166500,COLUMBIA COLLEGE                        ,IL,60605-1996,Private      ,70,51,121,10281,4386,14667
00166600,CONCORDIA UNIVERSITY                    ,IL,60305-1499,Private      ,4,82,86,1236,2686,3922
00166900,DANVILLE AREA COMMUNITY COLLEGE         ,IL,61832-5199,Public       ,13,45,58,757,1440,2197
00167100,DEPAUL UNIVERSITY                       ,IL,60604-2287,Private      ,48,239,287,13809,12370,26179
00167400,EASTERN ILLINOIS UNIVERSITY             ,IL,61920-3099,Public       ,19,71,90,8755,2981,11736
00167500,ELGIN COMMUNITY COLLEGE                 ,IL,60123-7193,Public       ,15,40,55,1911,2203,4114
00167600,ELMHURST COLLEGE                        ,IL,60126-3296,Private      ,6,19,25,2854,1020,3874
00167800,EUREKA COLLEGE                          ,IL,61530-9976,Private      ,1,2,3,773,205,978
00168100,HIGHLAND COMMUNITY COLLEGE              ,IL,61032-9341,Public       ,19,44,63,731,928,1659
00168200,GARRETT-EVANGELICAL THEOLOGICAL SEM     ,IL,60201-0000,Private      ,0,1,1,1,192,193
00168400,GREENVILLE COLLEGE                      ,IL,62246-1199,Private      ,1,13,14,1460,666,2126
00168500,HEBREW THEOLOGICAL COLLEGE              ,IL,60077-3263,Private      ,1,2,3,310,22,332
00168800,ILLINOIS COLLEGE                        ,IL,62650-2299,Private      ,2,1,3,1372,88,1460
00168900,ILLINOIS COLLEGE OF OPTOMETRY           ,IL,60616-3878,Private      ,0,0,0,9,652,661
00169100,ILLINOIS INSTITUTE OF TECHNOLOGY        ,IL,60616-0000,Private      ,6,14,20,2453,1619,4072
00169103,CHICAGO KENT COLLEGE OF LAW             ,IL,60661-0000,Private      ,0,3,3,5,1867,1872
00169200,ILLINOIS STATE UNIVERSITY               ,IL,61790-1000,Public       ,39,43,82,15470,3967,19437
00169300,NORTHEASTERN ILLINOIS UNIV              ,IL,60625-4699,Public       ,24,61,85,4546,5692,10238
00169400,CHICAGO STATE UNIVERSITY                ,IL,60628-1598,Public       ,28,160,188,4510,8829,13339
00169600,ILLINOIS WESLEYAN UNIVERSITY            ,IL,61701-0000,Private      ,2,1,3,2460,64,2524
00169800,JOHN MARSHALL LAW SCHOOL                ,IL,60604-0000,Private      ,0,3,3,12,2295,2307
00169900,JOLIET JUNIOR COLLEGE                   ,IL,60431-8938,Public       ,38,104,142,3562,3695,7257
00170000,JUDSON UNIVERSITY                       ,IL,60123-1498,Private      ,2,35,37,796,821,1617
00170100,KASKASKIA COLLEGE                       ,IL,62801-7878,Public       ,48,91,139,1133,2060,3193
00170300,KENDALL COLLEGE                         ,IL,60622-4278,Proprietary  ,2,19,21,771,1445,2216
00170400,KNOX COLLEGE                            ,IL,61401-4999,Private      ,0,2,2,1987,85,2072
00170500,ILLINOIS VALLEY COMMUNITY COLLEGE       ,IL,61348-9692,Public       ,23,60,83,1019,1243,2262
00170600,LAKE FOREST COLLEGE                     ,IL,60045-2399,Private      ,2,2,4,1600,84,1684
00170700,LEWIS UNIVERSITY                        ,IL,60446-2200,Private      ,9,84,93,3207,2481,5688
00170800,LINCOLN CHRISTIAN UNIVERSITY            ,IL,62656-2167,Private      ,1,5,6,560,548,1108
00170900,LINCOLN COLLEGE                         ,IL,62656-1699,Private      ,11,11,22,1178,419,1597
00171000,LOYOLA UNIVERSITY CHICAGO               ,IL,60626-0000,Private      ,29,131,160,13677,8327,22004
00171002,LOYOLA STRITCH SCHOOL OF MEDICINE       ,IL,60153-0000,Private      ,0,0,0,15,963,978
00171200,LUTHERAN SCHOOL OF THEOL AT CHICAGO     ,IL,60615-0000,Private      ,0,3,3,0,154,154
00171600,MACCORMAC COLLEGE                       ,IL,60602-4405,Private      ,5,4,9,75,157,232
00171700,MACMURRAY COLLEGE                       ,IL,62650-2590,Private      ,2,4,6,676,269,945
00172100,MCCORMICK THEOLOGICAL SEMINARY          ,IL,60615-5108,Private      ,0,0,0,1,134,135
00172200,MCKENDREE UNIVERSITY                    ,IL,62254-1299,Private      ,5,34,39,1546,1454,3000
00172300,MEADVILLE LOMBARD THEOLOGICAL SCHOOL    ,IL,60637-1602,Private      ,0,0,0,0,66,66
00172400,MILLIKIN UNIVERSITY                     ,IL,62522-2084,Private      ,3,5,8,2581,789,3370
00172500,MONMOUTH COLLEGE                        ,IL,61462-1963,Private      ,2,0,2,1770,92,1862
00172800,MORTON COLLEGE                          ,IL,60804-4398,Public       ,22,61,83,1246,1646,2892
00173200,NATIONAL UNIV OF HEALTH SCIENCES        ,IL,60148-4583,Private      ,1,20,21,59,686,745
00173300,NATIONAL-LOUIS UNIVERSITY               ,IL,60603-3032,Private      ,4,297,301,278,7350,7628
00173400,NORTH CENTRAL COLLEGE                   ,IL,60540-4690,Private      ,9,8,17,2372,617,2989
00173500,NORTH PARK UNIVERSITY                   ,IL,60625-4895,Private      ,7,28,35,2266,1362,3628
00173600,NORTHERN BAPTIST THEOL SEMINARY         ,IL,60148-0000,Private      ,0,0,0,1,13,14
00173700,NORTHERN ILLINOIS UNIVERSITY            ,IL,60115-2854,Public       ,45,130,175,18104,8047,26151
00173900,NORTHWESTERN UNIV                       ,IL,60208-0001,Private      ,11,54,65,13497,9027,22524
00174100,OLIVET NAZARENE UNIVERSITY              ,IL,60914-2271,Private      ,6,37,43,2806,1888,4694
00174200,IL EASTERN COMM COLGS-OLNEY CENTRAL     ,IL,62450-1099,Public       ,17,27,44,607,650,1257
00174500,QUINCY UNIVERSITY                       ,IL,62301-2699,Private      ,2,13,15,1129,464,1593
00174600,ROBERT MORRIS UNIVERSITY ILLINOIS       ,IL,60605-1225,Private      ,16,83,99,4132,5395,9527
00174700,ROCK VALLEY COLLEGE                     ,IL,61114-5699,Public       ,32,88,120,2217,3350,5567
00174800,ROCKFORD COLLEGE                        ,IL,61108-2393,Private      ,3,19,22,802,1168,1970
00174900,ROOSEVELT UNIVERSITY                    ,IL,60605-1394,Private      ,16,114,130,2772,6534,9306
00175000,DOMINICAN UNIVERSITY                    ,IL,60305-1066,Private      ,2,25,27,1666,1300,2966
00175200,SAUK VALLEY COMMUNITY COLLEGE           ,IL,61021-9112,Public       ,17,45,62,869,1133,2002
00175300,SCHOOL OF ART INSTITUTE OF CHICAGO      ,IL,60603-3013,Private      ,5,10,15,2328,1857,4185
00175400,SEABURY-WESTERN THEO SEMINARY           ,IL,60201-0000,Private      ,0,1,1,0,50,50
00175600,SHIMER COLLEGE                          ,IL,60616-3893,Private      ,0,0,0,62,45,107
00175700,SOUTHEASTERN ILLINOIS COLLEGE           ,IL,62946-4925,Public       ,19,23,42,553,789,1342
00175800,SOUTHERN ILL UNIV-CARBONDALE            ,IL,62901-0000,Public       ,69,172,241,12497,7757,20254
00175801,SOUTHERN ILLINOIS UNIV SCHOOL MEDIC     ,IL,62794-0000,Public       ,0,0,0,95,386,481
00175900,SOUTHERN ILL UNIV-EDWARDSVILLE          ,IL,62026-1060,Public       ,31,95,126,8696,4962,13658
00175924,SO IL UNIV-SCHL OF DENTAL MEDICINE      ,IL,62002-0000,Public       ,1,0,1,8,192,200
00176100,SPRINGFIELD COLLEGE IN ILLINOIS         ,IL,62702-2694,Private      ,3,3,6,430,649,1079
00176500,UNIVERSITY OF ST MARY OF THE LAKE       ,IL,60060-0000,Private      ,0,0,0,1,9,10
00176700,BENEDICTINE UNIVERSITY                  ,IL,60532-0900,Private      ,5,83,88,1929,2751,4680
00176800,ST XAVIER UNIVERSITY                    ,IL,60655-3199,Private      ,8,37,45,3435,3410,6845
00176900,SOUTH SUBURBAN COLLEGE                  ,IL,60473-9978,Public       ,55,176,231,2272,5447,7719
00177100,TRINITY CHRISTIAN COLLEGE               ,IL,60463-0929,Private      ,1,8,9,1150,639,1789
00177200,TRINITY INTERNATIONAL UNIVERSITY        ,IL,60015-1283,Private      ,1,19,20,902,1158,2060
00177300,TRITON COLLEGE                          ,IL,60171-1995,Public       ,29,120,149,2545,3345,5890
00177400,UNIVERSITY OF CHICAGO                   ,IL,60637-1476,Private      ,11,17,28,7930,1883,9813
00177401,UNIV OF CHICAGO PRITZKER SCH OF MED     ,IL,60637-0000,Private      ,0,2,2,18,582,600
00177403,"UNIV OF CHICAGO, GRAD SCH OF BUS        ",IL,60637-0000,Private      ,0,24,24,17,1311,1328
00177405,UNIVERSITY OF CHICAGO GRADUATE          ,IL,60637-0000,Private      ,0,26,26,62,4483,4545
00177500,UNIV OF ILLINOIS @ URBANA-CHAMPAIGN     ,IL,61820-5796,Public       ,71,143,214,23385,6908,30293
00177600,UNIV OF ILLINOIS AT CHICAGO             ,IL,60607-7163,Public       ,56,107,163,15725,12263,27988
00177800,VANDERCOOK COLLEGE OF MUSIC             ,IL,60616-3731,Private      ,0,2,2,141,84,225
00177900,IL EASTERN COMM COLGS-WABASH VALLEY     ,IL,62863-2699,Public       ,13,16,29,360,343,703
00178000,WESTERN ILLINOIS UNIVERSITY             ,IL,61455-1390,Public       ,28,39,67,9250,3438,12688
00178100,WHEATON COLLEGE                         ,IL,60187-5535,Private      ,2,4,6,2475,560,3035
00178300,WORSHAM COLLEGE OF MORTUARY SCIENCE     ,IL,60090-2646,Proprietary  ,2,1,3,51,112,163
00396100,HARPER COLLEGE                          ,IL,60067-7398,Public       ,61,104,165,3461,2899,6360
00418100,ADVOCATE TRINITY HOSPITAL SCHOOL OF RADI,IL,60617-3982,Private      ,1,1,2,17,80,97
00419002,SAINT FRANCIS HOSPITAL - SCHOOL OF RADIO,IL,60202-3320,Private      ,0,0,0,0,1,1
00456000,GEM CITY COLLEGE                        ,IL,62301-4949,Proprietary  ,1,3,4,19,42,61
00456800,MIDSTATE COLLEGE                        ,IL,61614-3558,Proprietary  ,2,42,44,61,900,961
00457100,SPARKS COLLEGE                          ,IL,62565-2241,Proprietary  ,0,1,1,3,32,35
00621400,BLESSING RIEMAN COLLEGE OF NURSING      ,IL,62301-0000,Private      ,1,1,2,60,62,122
00621401,BLESSING HOSP SCH MED LAB TECH          ,IL,62301-0000,Private      ,0,0,0,1,1,2
00621402,BLESSING HOSP SCH OF RAD TECH           ,IL,62301-2852,Private      ,0,1,1,19,9,28
00621403,BLESSING HOSPITAL - COLLEGE OF NURSING  ,IL,62305-7005,Private      ,0,0,0,7,8,15
00622501,TRINITY COLLEGE OF NURSING & HEALTH SCIE,IL,61201-5317,Private      ,2,3,5,67,206,273
00622800,METHODIST MED CTR OF ILL SCH NRSNG      ,IL,61636-0000,Private      ,0,0,0,31,82,113
00624000,ST FRANCIS MED CLG OF NRSG              ,IL,61603-3783,Private      ,0,3,3,148,315,463
00665600,COLLEGE OF DUPAGE                       ,IL,60137-6599,Public       ,91,194,285,5188,5285,10473
00675300,ILLINOIS CENTRAL COLLEGE                ,IL,61635-0001,Public       ,49,147,196,2993,4430,7423
00693100,WAUBONSEE COMMUNITY COLLEGE             ,IL,60554-0000,Public       ,25,55,80,1246,1801,3047
00711800,PARKLAND COLLEGE                        ,IL,61821-1899,Public       ,34,72,106,3256,2913,6169
00711900,REND LAKE COLLEGE                       ,IL,62846-9801,Public       ,24,57,81,1184,1524,2708
00717000,LINCOLN LAND COMMUNITY COLLEGE          ,IL,62794-9256,Public       ,15,40,55,1887,3010,4897
00726500,CARL SANDBURG COLLEGE                   ,IL,61401-9576,Public       ,13,35,48,847,1475,2322
00729701,WESTWOOD COLLEGE OF TECHNOLOGY          ,IL,60176-0000,Proprietary  ,0,0,0,6,3,9
00754900,COYNE AMERICAN INSTITUTE                ,IL,60607-1300,Proprietary  ,22,69,91,407,1190,1597
00764400,LAKE LAND COLLEGE                       ,IL,61938-9366,Public       ,24,70,94,1920,1940,3860
00768400,KISHWAUKEE COLLEGE                      ,IL,60150-9699,Public       ,10,34,44,1270,1336,2606
00769000,KANKAKEE COMMUNITY COLLEGE              ,IL,60901-6505,Public       ,12,52,64,934,1700,2634
00769100,MCHENRY COUNTY COLLEGE                  ,IL,60012-2761,Public       ,9,29,38,1129,1149,2278
00769200,MORAINE VALLEY COMMUNITY COLLEGE        ,IL,60465-0937,Public       ,47,112,159,3677,3377,7054
00769300,SHAWNEE COMMUNITY COLLEGE               ,IL,62992-9725,Public       ,33,88,121,700,1514,2214
00769400,COLLEGE OF LAKE COUNTY                  ,IL,60030-1198,Public       ,64,138,202,2533,3512,6045
00793700,MS ROBERTS ACADEMY OF BEAUTY CULT       ,IL,60181-2930,Proprietary  ,6,12,18,35,81,116
00807600,JOHN A LOGAN COLLEGE                    ,IL,62918-2500,Public       ,44,89,133,1857,2657,4514
00814604,EVEREST UNIVERSITY - EVEREST  COLLEGE   ,IL,60803-4517,Proprietary  ,17,121,138,55,335,390
00825900,EDUCATORS OF BEAUTY                     ,IL,61081-3611,Proprietary  ,2,12,14,67,168,235
00825901,EDUCATORS OF BEAUTY                     ,IL,61104-0000,Proprietary  ,3,12,15,45,144,189
00832800,ALVAREITA'S COLLEGE OF COSMETOLOGY      ,IL,62025-2041,Proprietary  ,1,3,4,29,78,107
00854500,ROCKFORD BUSINESS COLLEGE               ,IL,61103-0000,Proprietary  ,10,59,69,168,973,1141
00869402,RASMUSSEN COLLEGE - ROCKFORD            ,IL,61108-2513,Proprietary  ,11,45,56,130,651,781
00888000,MORRISON INSTITUTE OF TECHNOLOGY        ,IL,61270-2959,Private      ,1,0,1,143,32,175
00893800,GRAHAM HOSPITAL SCH OF NURSING          ,IL,61520-2497,Private      ,0,0,0,21,56,77
00893900,CANNELLA SCHOOL OF HAIR DESIGN          ,IL,60406-2130,Proprietary  ,1,13,14,30,125,155
00914500,GOVERNORS STATE UNIVERSITY              ,IL,60466-0975,Public       ,4,121,125,600,4734,5334
00923200,CATHOLIC THEOLOGICAL UNION              ,IL,60615-0000,Private      ,0,3,3,0,54,54
00933300,UNIV OF ILLINOIS AT SPRINGFIELD         ,IL,62703-5407,Public       ,8,45,53,1467,2403,3870
00947500,EDUCATORS OF BEAUTY                     ,IL,61301-2404,Proprietary  ,0,8,8,21,48,69
00959500,CANNELLA SCHOOL OF HAIR DESIGN          ,IL,60617-4303,Proprietary  ,2,14,16,32,119,151
00976700,OLIVE-HARVEY COLLEGE                    ,IL,60628-1696,Public       ,25,107,132,1001,3120,4121
00978600,IL EASTERN COMM COLGS-LINCOLN TRAIL     ,IL,62454-5708,Public       ,3,10,13,327,383,710
00980000,RUSH UNIVERSITY                         ,IL,60612-3806,Private      ,1,2,3,251,1952,2203
00989600,OAKTON COMMUNITY COLLEGE                ,IL,60016-1268,Public       ,32,69,101,2222,1874,4096
00998700,SAINT ANTHONY COLLEGE OF NURSING        ,IL,61108-2468,Private      ,2,2,4,84,196,280
01002000,LEWIS AND CLARK COMMUNITY COLLEGE       ,IL,62035-2466,Public       ,22,58,80,1605,2395,4000
01031600,LINCOLN COLLEGE OF TECHNOLOGY           ,IL,60160-1605,Proprietary  ,63,131,194,1027,1441,2468
01050100,LAKEVIEW  COLLEGE OF NURSING            ,IL,61832-3781,Private      ,2,1,3,123,166,289
01069500,TRI-COUNTY BEAUTY ACADEMY               ,IL,62056-2036,Proprietary  ,1,5,6,15,38,53
01071000,CAPITAL AREA SCH OF PRAC NRSG           ,IL,62707-0000,Public       ,0,0,0,38,282,320
01072700,DEVRY UNIVERSITY                        ,IL,60618-5994,Proprietary  ,583,2692,3275,20863,58581,79444
01073700,ADVOCATE IL MASONIC SCH OF RAD TECH     ,IL,60657-5193,Private      ,0,1,1,11,60,71
01083600,PIVOT POINT INTNL CSMTLGY RSRCH CTR     ,IL,60626-0000,Proprietary  ,13,38,51,332,478,810
01087900,RICHLAND COMMUNITY COLLEGE              ,IL,62521-8513,Public       ,15,60,75,753,1574,2327
01102401,EVEREST COLLEGE - CHICAGO               ,IL,60604-2052,Proprietary  ,48,241,289,144,665,809
01151002,EVEREST INSTITUTE - EVEREST COLLEGE     ,IL,60542-1610,Proprietary  ,18,55,73,41,185,226
01181000,TAYLOR BUSINESS INSTITUTE               ,IL,60606-5111,Proprietary  ,8,41,49,71,370,441
01185800,EVEREST COLLEGE                         ,IL,60077-1074,Proprietary  ,34,128,162,447,1556,2003
01185802,EVEREST COLLEGE - BURR RIDGE            ,IL,60527-7826,Proprietary  ,25,96,121,79,269,348
01236200,NORTHWESTERN COLLEGE                    ,IL,60630-2298,Proprietary  ,40,169,209,1189,2935,4124
01238500,BLOOMINGTON-NORMAL SCH RADIOGRAPHY      ,IL,61761-4604,Private      ,0,0,0,8,9,17
01258400,ILLINOIS INSTITUTE OF ART (THE)         ,IL,60654-1593,Proprietary  ,36,58,94,3738,2180,5918
01258401,ILLINOIS INSTITUTE OF ART (THE) - THE IL,IL,60173-4913,Proprietary  ,1,0,1,1,0,1
01281300,JOHN WOOD COMMUNITY COLLEGE             ,IL,62305-0401,Public       ,15,57,72,1157,1402,2559
01308700,CAPRI GARFIELD RIDGE SCH OF BTY CLR     ,IL,60629-1613,Proprietary  ,3,16,19,45,216,261
01308800,CAPRI OAK FOREST COLLEGE OF BEAUTY      ,IL,60452-2798,Proprietary  ,4,7,11,141,164,305
02055200,HARRINGTON COLLEGE OF DESIGN            ,IL,60606-3433,Proprietary  ,12,32,44,790,1019,1809
02068100,ADLER SCH OF PROFESSIONAL PSYCHLGY      ,IL,60601-0000,Private      ,0,2,2,9,657,666
02069300,VATTEROTT COLLEGE                       ,IL,62305-5938,Proprietary  ,18,76,94,268,786,1054
02073200,TELSHE YESHIVA-CHICAGO                  ,IL,60625-0000,Private      ,1,1,2,32,12,44
02074400,IL EASTERN COMM COLGS-FRONTIER          ,IL,62837-0000,Public       ,8,27,35,213,403,616
02075400,KELLER GRADUATE SCHOOL OF MGMT.         ,IL,60515-5683,Proprietary  ,0,568,568,42,13914,13956
02113600,AMERICAN INTERCONTINENTAL UNIVERSITY    ,IL,60192-3713,Proprietary  ,292,3550,3842,4078,39347,43425
02117400,BECK AREA CAREER CENTER                 ,IL,62278-0000,Public       ,0,0,0,20,118,138
02124400,UNIVERSITY OF SPA & COSMETOLOGY ART     ,IL,62704-0000,Proprietary  ,14,13,27,119,166,285
02150600,COSMETOLOGY AND SPA INSTITUTE (THE)     ,IL,60014-4003,Proprietary  ,11,11,22,111,138,249
02155300,THE CHICAGO SCHOOL OF PROF PSYCHOLOGY   ,IL,60610-4705,Private      ,0,35,35,12,1816,1828
02160300,INTERNATIONAL ACAD OF DESIGN & TECH     ,IL,60602-3319,Proprietary  ,24,24,48,1887,1827,3714
02160304,INTERNATIONAL ACADEMY OF DESIGN AND TECH,IL,60173-5160,Proprietary  ,1,6,7,216,224,440
02166800,JOHN AMICO'S SCHOOL OF HAIR DESIGN      ,IL,60452-0000,Proprietary  ,0,0,0,6,14,20
02168600,EAST WEST UNIVERSITY                    ,IL,60605-0000,Private      ,3,10,13,696,1618,2314
02179900,ARGOSY UNIVERSITY                       ,IL,60601-7757,Proprietary  ,21,388,409,940,18668,19608
02185400,ST AUGUSTINE COLLEGE                    ,IL,60640-0000,Private      ,0,2,2,374,1566,1940
02192400,MR JOHNS SCHOOL OF COSMETOLOGY          ,IL,62521-0000,Proprietary  ,1,16,17,23,110,133
02202600,CANNELLA SCHOOL OF HAIR DESIGN          ,IL,60181-1321,Proprietary  ,2,6,8,12,48,60
02214100,WEST SUBURBAN COLLEGE OF NURSING        ,IL,60302-2519,Private      ,2,3,5,133,334,467
02228100,MAC DANIEL'S BEAUTY SCHOOL              ,IL,60640-0000,Proprietary  ,2,8,10,20,88,108
02253000,CANNELLA SCHOOL OF HAIR DESIGN          ,IL,60644-0000,Proprietary  ,0,0,0,0,2,2
02261200,HAIR PROFESSIONALS ACAD COSMETOLOGY     ,IL,60118-0000,Proprietary  ,8,19,27,83,170,253
02261201,HAIR PROFESSIONALS ACADEMY OF COSMETOLOG,IL,60118-9333,Proprietary  ,1,0,1,4,11,15
02262100,HAIR PROFESSIONALS SCH COSMETOLOGY      ,IL,60543-0000,Proprietary  ,10,11,21,55,84,139
02291200,CANNELLA SCHOOL OF HAIR DESIGN          ,IL,60639-0000,Proprietary  ,4,23,27,33,106,139
02295500,CANNELLA SCHOOL OF HAIR DESIGN          ,IL,60120-0000,Proprietary  ,1,5,6,10,67,77
02297500,OEHRLEIN SCHOOL OF COSMETOLOGY          ,IL,61611-0000,Proprietary  ,2,7,9,49,80,129
02312300,LA' JAMES COLLEGE HAIRSTYLING           ,IL,61244-0000,Proprietary  ,5,4,9,17,34,51
02313900,WESTWOOD COLLEGE - O'HARE AIRPORT       ,IL,60631-2801,Proprietary  ,17,32,49,432,704,1136
02317300,CONCEPT COLLEGE OF COSMETOLOGY          ,IL,61832-0000,Proprietary  ,2,11,13,52,125,177
02319200,LAKE FOREST GRAD SCHL OF MGMT           ,IL,60045-4824,Private      ,0,9,9,2,287,289
02323300,PROFESSIONAL'S CHOICE HAIR DSN ACAD     ,IL,60435-0000,Proprietary  ,0,1,1,16,23,39
02332200,HAIR PROFESSIONALS CAREER COLLEGE       ,IL,60178-0000,Proprietary  ,7,11,18,47,86,133
02337800,THE COLLEGE OF OFFICE TECHNOLOGY        ,IL,60622-0000,Proprietary  ,9,70,79,102,812,914
02349400,ALVAREITA'S COLLEGE OF COSMETOLOGY      ,IL,62035-0000,Proprietary  ,1,0,1,27,39,66
02349500,CANNELLA SCHOOL OF HAIR DESIGN          ,IL,60632-0000,Proprietary  ,8,26,34,60,210,270
02352200,COOKING & HOSPITALITY INSTITUTE         ,IL,60610-3050,Proprietary  ,19,56,75,868,1399,2267
02498200,HAIR PROFESSIONALS ACAD COSMETOLOGY     ,IL,60187-0000,Proprietary  ,4,11,15,39,104,143
02498201,HAIR PROFESSIONALS ACADEMY OF COSMETOLOG,IL,60563-0000,Proprietary  ,0,0,0,3,6,9
02522800,FOX COLLEGE                             ,IL,60453-0000,Proprietary  ,8,5,13,228,107,335
02527600,LEXINGTON COLLEGE                       ,IL,60607-0000,Private      ,0,0,0,62,54,116
02536700,BELL MAR BEAUTY COLLEGE                 ,IL,60650-0000,Proprietary  ,1,10,11,11,82,93
02538100,REGENCY BEAUTY INSTITUTE                ,IL,61820-0000,Proprietary  ,0,1,1,6,41,47
02556100,ENVIRONMENTAL TECHNICAL INSTITUTE       ,IL,60143-0000,Proprietary  ,17,32,49,233,470,703
02556600,NILES SCHOOL OF COSMETOLOGY             ,IL,60714-0000,Proprietary  ,4,7,11,31,40,71
02570305,LOS ANGELES ORT TECHNICAL INSTITUTE -D/B,IL,60077-0000,Private      ,0,0,0,0,1,1
02573700,INSTITUTE FOR CLINICAL SOCIAL WORK      ,IL,60601-0000,Private      ,0,2,2,3,69,72
02579200,INGALLS MEMORIAL HOSPITAL               ,IL,60426-0000,Private      ,1,2,3,3,19,22
02584900,"FIRST INSTITUTE, INC.                   ",IL,60014-7489,Proprietary  ,5,13,18,36,115,151
02587700,HAIR PROFESSIONALS CAREER COLLEGE       ,IL,60465-1929,Proprietary  ,6,10,16,41,127,168
02599500,HANOVER PARK COLLEGE OF BEAUTY CULT     ,IL,60133-5421,Proprietary  ,6,10,16,64,85,149
02622700,KNOWLEDGE SYSTEMS INSTITUTE             ,IL,60076-0000,Private      ,0,0,0,1,7,8
03002000,HAIRMASTERS INST OF COSMETOLOGY         ,IL,61701-5547,Proprietary  ,7,5,12,37,68,105
03027702,PACIFIC COLLEGE OF ORIENTAL MEDICINE - C,IL,60613-4418,Proprietary  ,0,4,4,4,192,196
03065300,TREND SETTERS COLL OF COSMETOLOGY       ,IL,60915-2101,Proprietary  ,10,22,32,124,193,317
03072701,WESTWOOD COLLEGE OF TECHNOLOGY          ,IL,60409-0000,Proprietary  ,28,81,109,420,1186,1606
03072702,WESTWOOD COLLEGE OF TECHNOLOGY          ,IL,60602-0000,Proprietary  ,26,69,95,662,1210,1872
03078400,CAMEO BEAUTY ACADEMY                    ,IL,60453-3196,Proprietary  ,2,15,17,57,83,140
03079200,WESTWOOD COLLEGE - DUPAGE               ,IL,60517-2321,Proprietary  ,19,34,53,465,562,1027
03082900,ROSEL SCHOOL OF COSMETOLOGY             ,IL,60659-1913,Proprietary  ,1,17,18,15,147,162
03083800,HEARTLAND COMMUNITY COLLEGE             ,IL,61761-9446,Public       ,16,49,65,1328,1867,3195
03098000,ST JOHN'S COLLEGE OF NURSING            ,IL,62702-5321,Private      ,0,0,0,53,69,122
03098002,ST JOHN'S HOSP SCH MED TECH             ,IL,62769-5324,Private      ,0,0,0,3,11,14
03098003,ST JOHN'S HOSPITAL SCH OF DIETETICS     ,IL,62769-0000,Private      ,0,0,0,0,2,2
03099700,CAIN'S BARBER COLLEGE                   ,IL,60615-3510,Proprietary  ,7,19,26,72,297,369
03099800,ILLINOIS SCHOOL OF HEALTH CAREERS       ,IL,60604-0000,Proprietary  ,24,97,121,319,1039,1358
03101800,ILLINOIS CENTER FOR BROADCASTING        ,IL,60148-7015,Proprietary  ,6,11,17,95,203,298
03128300,PYRAMID CAREER INSTITUTE                ,IL,60657-4207,Proprietary  ,0,0,0,2,4,6
03128500,NATIONAL LATINO EDUCATION INSTITUTE     ,IL,60609-2205,Private      ,2,13,15,37,95,132
03199300,CHRISTIAN LIFE COLLEGE                  ,IL,60056-2522,Private      ,0,0,0,19,24,43
03368300,MIDWEST TECHNICAL INSTITUTE             ,IL,62707-8805,Proprietary  ,24,135,159,315,1515,1830
03416300,COMPUTER SYSTEMS INSTITUTE              ,IL,60077-0000,Proprietary  ,31,142,173,109,830,939
03448300,BIR TRAINING CENTER                     ,IL,60659-1298,Proprietary  ,2,39,41,42,383,425
03455700,CORTIVA INSTITUTE - CHICAGO             ,IL,60602-3315,Proprietary  ,8,27,35,173,350,523
03472300,CHICAGO URBAN LEAGUE COMPUTER TRAIN     ,IL,60604-2198,Private      ,0,0,0,6,30,36
03510300,ERIKSON INSTITUTE                       ,IL,60654-4510,Private      ,0,0,0,0,301,301
03623300,VEE'S SCHOOL OF BEAUTY CULTURE          ,IL,62205-2326,Proprietary  ,0,3,3,6,40,46
03643300,"MR. JOHN'S SCHOOL OF JACKSONVILLE,  INC,",IL,62650-3488,Proprietary  ,1,6,7,12,51,63
03684300,NORTHSHORE UNIVERSITY HEALTHSYSTEM SCHOO,IL,60201-9872,Private      ,0,0,0,0,28,28
03721400,AMERICAN CAREER COLLEGE                 ,IL,60402-0000,Proprietary  ,1,8,9,22,136,158
03879300,YOUR SCHOOL OF BEAUTY CULTURE           ,IL,60653-1517,Proprietary  ,0,0,0,22,39,61
03881400,EUROPEAN MASSAGE THERAPY SCHOOL         ,IL,60077-2269,Proprietary  ,2,6,8,14,121,135
03891300,SOMA INSTITUTE - THE NATIONAL SCHOOL OF ,IL,60604-4466,Proprietary  ,5,16,21,109,231,340
03914300,"CALC, INSTITUTE OF TECHNOLOGY           ",IL,62002-5931,Proprietary  ,0,20,20,19,203,222
03955400,MIDWEST INSTITUTE OF MASSAGE THERAPY    ,IL,62223-0000,Proprietary  ,0,0,0,6,27,33
04117500,SOLEX MEDICAL ACADEMY                   ,IL,60090-3104,Proprietary  ,0,0,0,2,14,16
        ,ASBURY THEOLOGICAL SEMINARY             ,KY,40390-0000,Private      ,0,4,4,13,1194,1207
00195100,ALICE LLOYD COLLEGE                     ,KY,41844-9703,Private      ,3,0,3,999,97,1096
00195200,ASBURY COLLEGE                          ,KY,40390-1198,Private      ,4,4,8,1370,321,1691
00195400,BELLARMINE UNIVERSITY                   ,KY,40205-1877,Private      ,14,38,52,2396,1208,3604
00195500,BEREA COLLEGE                           ,KY,40403-0000,Private      ,10,3,13,2466,430,2896
00195800,BRESCIA UNIVERSITY                      ,KY,42301-3023,Private      ,1,7,8,420,255,675
00195900,CAMPBELLSVILLE UNIVERSITY               ,KY,42718-2799,Private      ,7,33,40,1871,1134,3005
00196000,SPALDING UNIVERSITY                     ,KY,40203-2188,Private      ,3,20,23,523,1958,2481
00196100,CENTRE COLLEGE                          ,KY,40422-1394,Private      ,2,0,2,1775,53,1828
00196200,UNIVERSITY OF THE CUMBERLANDS           ,KY,40769-1372,Private      ,2,25,27,1906,809,2715
00196300,EASTERN KENTUCKY UNIVERSITY             ,KY,40475-3102,Public       ,72,202,274,9893,7322,17215
00196400,GEORGETOWN COLLEGE                      ,KY,40324-1628,Private      ,4,45,49,1878,638,2516
00196500,KENTUCKY CHRISTIAN UNIVERSITY           ,KY,41143-2205,Private      ,2,0,2,726,194,920
00196800,KENTUCKY STATE UNIVERSITY               ,KY,40601-2355,Public       ,90,26,116,2883,1406,4289
00196900,KENTUCKY WESLEYAN COLLEGE               ,KY,42302-1039,Private      ,0,1,1,1371,225,1596
00197000,LEES COLLEGE                            ,KY,41339-0000,Private      ,0,0,0,8,8,16
00197100,LEXINGTON THEOLOGICAL SEMINARY          ,KY,40508-0000,Private      ,0,0,0,0,64,64
00197200,LINDSEY WILSON COLLEGE                  ,KY,42728-1223,Private      ,6,30,36,1520,1322,2842
00197400,LOUISVILLE PRESBYTERIAN THEOL SEM       ,KY,40205-0000,Private      ,0,0,0,2,141,143
00197500,MIDWAY COLLEGE                          ,KY,40347-1120,Private      ,3,21,24,555,1472,2027
00197600,MOREHEAD STATE UNIVERSITY               ,KY,40351-1689,Public       ,42,110,152,5859,4906,10765
00197700,MURRAY STATE UNIVERSITY                 ,KY,42071-0009,Public       ,32,53,85,5613,3471,9084
00197900,WEST KENTUCKY CMNTY & TECHNICAL COLG    ,KY,42002-7380,Public       ,26,68,94,1399,2639,4038
00197901,WEST KENTUCKY CMNTY & TECHNICAL COLG    ,KY,42001-0000,Public       ,0,0,0,18,41,59
00197903,W KY CMNTY TECH - MURRAY AREA VOC ED CTR,KY,42071-0000,Public       ,0,0,0,2,2,4
00198000,PIKEVILLE COLLEGE                       ,KY,41501-1194,Private      ,2,0,2,1133,404,1537
00198001,PIKEVILLE CLG-SCH OSTEOPATHIC MEDIC     ,KY,41501-0000,Private      ,0,0,0,5,300,305
00198200,SOUTHERN BAPTIST THEOL SEMINARY         ,KY,40280-0000,Private      ,0,0,0,37,125,162
00198300,ST. CATHARINE COLLEGE                   ,KY,40061-9499,Private      ,3,14,17,536,361,897
00198700,TRANSYLVANIA UNIVERSITY                 ,KY,40508-1797,Private      ,2,2,4,1504,79,1583
00198800,UNION COLLEGE                           ,KY,40906-1499,Private      ,8,54,62,872,1165,2037
00198900,UNIVERSITY OF KENTUCKY                  ,KY,40506-0054,Public       ,52,82,134,13539,7110,20649
00198901,UNIV OF KY-COLLEGE OF DENTISTRY         ,KY,40536-0000,Public       ,0,0,0,7,210,217
00198902,UNIV OF KY-COLLEGE OF MEDICINE          ,KY,40536-0000,Public       ,2,2,4,18,405,423
00199000,ASHLAND COMMUNITY AND TECHNICAL COLLEGE ,KY,41101-3683,Public       ,12,43,55,1234,2308,3542
00199001,ASHLAND CMNTY AND TECHNCL COLG          ,KY,41102-0000,Public       ,0,0,0,17,24,41
00199100,ELIZABETHTOWN COMMUNITY  AND TECHNICAL C,KY,42701-3081,Public       ,23,125,148,1820,3515,5335
00199300,HENDERSON COMMUNITY COLLEGE             ,KY,42420-4699,Public       ,8,28,36,475,1148,1623
00199400,HOPKINSVILLE COMMUNITY COLLEGE          ,KY,42241-2621,Public       ,22,88,110,839,3079,3918
00199600,BIG SANDY COMMUNITY AND TECHNICAL COLG  ,KY,41653-1815,Public       ,18,60,78,1454,2098,3552
00199700,SOMERSET COMMUNITY COLLEGE              ,KY,42501-2973,Public       ,26,112,138,2190,4957,7147
00199701,LAUREL TECHNICAL COLLEGE                ,KY,40744-0000,Public       ,0,0,0,7,12,19
00199703,SOMERSET TECHNICAL COLLEGE              ,KY,42501-3043,Public       ,0,0,0,4,10,14
00199800,SOUTHEAST KENTUCKY COMMUNITY AND TECHNIC,KY,40823-1099,Public       ,17,18,35,1008,1530,2538
00199802,CUMBERLAND VLY TEC CLG MIDDLESBORO      ,KY,40965-2265,Public       ,1,0,1,29,31,60
00199804,SOUTHEAST COMMUNITY COLLEGE             ,KY,40831-1796,Public       ,0,1,1,112,119,231
00199900,UNIVERSITY OF LOUISVILLE                ,KY,40292-0000,Public       ,50,189,239,11211,10175,21386
00200100,THOMAS MORE COLLEGE                     ,KY,41017-3495,Private      ,3,53,56,1093,891,1984
00200200,WESTERN KENTUCKY UNIVERSITY             ,KY,42101-3576,Public       ,80,172,252,12085,7408,19493
00461800,SPENCERIAN COLLEGE                      ,KY,40216-2605,Proprietary  ,60,157,217,817,2459,3276
00461900,SULLIVAN UNIVERSITY                     ,KY,40205-3000,Proprietary  ,94,236,330,2116,4859,6975
00524300,HAZARD TECHNICAL COLLEGE                ,KY,41701-1198,Public       ,0,0,0,12,8,20
00524400,BLUEGRASS COMMUNITY & TECHNICAL COLLEGE ,KY,40506-0235,Public       ,46,205,251,3600,6726,10326
00527100,BOWLING GREEN TECHNICAL COLLEGE         ,KY,42101-3601,Public       ,8,23,31,597,1240,1837
00527300,GATEWAY COMMUNITY & TECHNOLOGY COLL     ,KY,41011-0000,Public       ,14,71,85,802,2116,2918
00549500,KY TECH-JEFFERSON CAMPUS                ,KY,40203-2036,Public       ,0,0,0,44,123,167
00549502,SHELBY COUNTY AREA TECHNOLOGY CTR       ,KY,40065-0000,Public       ,0,0,0,7,18,25
00696000,MAYSVILLE CMNTY & TECHNCL COLG          ,KY,41056-8910,Public       ,14,47,61,680,1813,2493
00696002,MAYSVILLE CMNTY & TECHNCL COLG - ROWAN  ,KY,40351-8359,Public       ,0,0,0,10,21,31
00696100,JEFFERSON COMMUNITY AND TECHNICAL COLLEG,KY,40202-2005,Public       ,33,155,188,4440,8061,12501
00696200,HAZARD COMMUNITY COLLEGE                ,KY,41701-2402,Public       ,4,25,29,1311,1836,3147
00696203,KY TECH-KNOTT CO. TECHNOLOGY CTR        ,KY,41822-0000,Public       ,0,0,0,1,3,4
00696204,KY TECH-LESLIE COUNTY AREA TECH CTR     ,KY,41749-0000,Public       ,0,0,0,5,1,6
00696205,KY TECH-LEE COUNTY AREA TECH CTR        ,KY,41311-0000,Public       ,0,0,0,1,3,4
00696206,KY TECH-LETCHER CNTY AREA TECH CTR      ,KY,41858-0000,Public       ,0,0,0,15,14,29
00696207,KY TECH-BREATHITT COUNTY VOC ED CTR     ,KY,41339-0000,Public       ,0,0,0,7,14,21
00842500,DAYMAR COLLEGE                          ,KY,42001-0000,Proprietary  ,8,61,69,89,352,441
00901000,MADISONVILLE COMMUNITY COLLEGE          ,KY,42431-9199,Public       ,7,21,28,981,2383,3364
00927500,NORTHERN KENTUCKY UNIVERSITY            ,KY,41099-0001,Public       ,30,92,122,7413,6095,13508
00931300,DAYMAR COLLEGE                          ,KY,42301-5830,Proprietary  ,21,155,176,284,1845,2129
00931302,DAYMAR COLLEGE - LOUISVILLE CAMPUS      ,KY,40219-1973,Proprietary  ,1,0,1,12,59,71
01042400,SALON PROFESSIONAL ACADEMY THE          ,KY,40502-1776,Proprietary  ,2,8,10,30,92,122
01048900,NATIONAL COLLEGE                        ,KY,40508-0000,Proprietary  ,28,216,244,595,4576,5171
01172500,COLLINS SCHOOL OF COSMETOLOGY           ,KY,40965-2809,Proprietary  ,4,3,7,20,66,86
01208800,SULLIVAN COLLEGE OF TECHNOLOGY AND DESIG,KY,40218-4528,Proprietary  ,23,24,47,496,508,1004
01208801,LOUISVILLE TECHNICAL INSTITUTE -        ,KY,40218-4528,Proprietary  ,1,1,2,1,2,3
01212801,SOUTHWESTERN COLLEGE                    ,KY,41042-1466,Proprietary  ,9,53,62,128,599,727
01240400,LEXINGTON BEAUTY COLLEGE                ,KY,40503-1819,Proprietary  ,1,4,5,18,92,110
01272300,KY TECH-WAYNE COUNTY AREA TECH CTR      ,KY,42633-1088,Public       ,0,0,0,0,1,1
01291400,EMPIRE BEAUTY SCHOOL                    ,KY,40218-0000,Proprietary  ,10,23,33,132,271,403
01291500,EMPIRE BEAUTY SCHOOL                    ,KY,41042-5113,Proprietary  ,4,18,22,67,163,230
01291600,EMPIRE BEAUTY SCHOOL                    ,KY,40216-4212,Proprietary  ,2,14,16,36,124,160
01291700,EMPIRE BEAUTY SCHOOL                    ,KY,40160-0000,Proprietary  ,5,26,31,79,195,274
01296800,EMPIRE BEAUTY SCHOOL                    ,KY,40207-2695,Proprietary  ,5,10,15,84,113,197
02159100,"APPALACHIAN BEAUTY SCHOOL, INC.         ",KY,41503-0000,Proprietary  ,1,0,1,16,29,45
02177100,EMPIRE BEAUTY SCHOOL                    ,KY,40204-0000,Proprietary  ,5,12,17,74,118,192
02251500,TREND SETTERS ACAD OF BEAUTY CULT       ,KY,40258-0000,Proprietary  ,7,22,29,50,143,193
02275000,JENNY LEA ACADEMY OF COSMETOLOGY        ,KY,40831-0000,Proprietary  ,4,12,16,49,169,218
02279800,ELIZABETHTOWN BEAUTY SCHOOL             ,KY,42701-0000,Proprietary  ,0,2,2,18,37,55
02284306,INTERACTIVE LEARNING SYSTEMS            ,KY,41042-0000,Proprietary  ,0,29,29,23,165,188
02323700,PAT WILSON'S BEAUTY COLLEGE             ,KY,42420-0000,Proprietary  ,0,0,0,7,68,75
02337200,PJ'S COLLEGE OF COSMETOLOGY             ,KY,42101-0000,Proprietary  ,9,55,64,113,473,586
02340800,PAUL MITCHELL THE SCHOOL LEXINGTON      ,KY,40601-0000,Proprietary  ,0,1,1,10,34,44
02351700,DONTA SCHOOL OF BEAUTY CULTURE          ,KY,40203-0000,Proprietary  ,0,4,4,15,90,105
02491100,BECKFIELD COLLEGE                       ,KY,41042-0000,Proprietary  ,6,14,20,187,852,1039
02518900,BARRETT & COMPANY SCH HAIR DESIGN       ,KY,40356-0000,Proprietary  ,1,9,10,48,116,164
02526100,JENNY LEA ACADEMY OF COSMETOLOGY        ,KY,41858-0000,Proprietary  ,1,0,1,6,22,28
02535600,CLEAR CREEK BAPTIST BIBLE COLLEGE       ,KY,40977-0000,Private      ,0,1,1,40,152,192
02551100,PJ'S COLLEGE OF COSMETOLOGY             ,KY,42121-0000,Proprietary  ,2,11,13,19,97,116
02560800,SOUTHEAST SCHOOL OF COSMETOLOGY         ,KY,40962-0000,Proprietary  ,2,6,8,25,76,101
02576200,MID-CONTINENT UNIVERSITY                ,KY,42066-9007,Private      ,1,26,27,252,1962,2214
02616204,BROWN MACKIE COLLEGE-FINDLAY - BROWN MAC,KY,40219-1916,Proprietary  ,22,81,103,375,1632,2007
02616205,BROWN MACKIE COLLEGE-LOUISVILLE - BROWN ,KY,42240-3579,Proprietary  ,0,5,5,0,5,5
03002100,KENTUCKY MOUNTAIN BIBLE COLLEGE         ,KY,41385-0010,Private      ,2,0,2,53,25,78
03007000,FRONTIER SCH OF MIDWIFERY&FAMILY NU     ,KY,41749-0000,Private      ,0,12,12,2,607,609
03026200,HEAD'S WEST KENTUCKY BEAUTY COLLEGE     ,KY,42431-0000,Proprietary  ,0,2,2,4,44,48
03029200,NU-TEK ACADEMY OF BEAUTY                ,KY,40353-9767,Proprietary  ,0,3,3,14,27,41
03034500,OWENSBORO COMMUNITY & TECHNICAL COLLEGE ,KY,42303-1899,Public       ,11,41,52,1258,2209,3467
03083700,GALEN HEALTH INSTITUTES                 ,KY,40207-1047,Proprietary  ,23,124,147,383,2232,2615
03103500,MR JIM'S BEAUTY COLLEGE                 ,KY,42301-2646,Proprietary  ,2,8,10,16,44,60
03106700,MOTIF BEAUTY ACADEMY                    ,KY,40391-1958,Proprietary  ,0,0,0,17,56,73
03516500,EZELL'S COSMETOLOGY SCHOOL              ,KY,42071-2530,Proprietary  ,3,3,6,23,40,63
03611300,BRIGHTON CENTER'S CENTER FOR EMPLOY     ,KY,41071-1968,Private      ,2,33,35,10,200,210
03804300,BELLEFONTE ACADEMY OF BEAUTY            ,KY,41169-2015,Proprietary  ,6,10,16,27,113,140
03885300,EMPLOYMENT SOLUTIONS                    ,KY,40517-3260,Private      ,4,23,27,9,89,98
03886300,REGENCY SCHOOL OF HAIR DESIGN           ,KY,41653-1278,Proprietary  ,0,5,5,18,37,55
04038300,ATA CAREER EDUCATION                    ,KY,40223-3832,Proprietary  ,7,50,57,99,610,709
04123900,LEXINGTON HEALING ARTS ACADEMY          ,KY,40503-1932,Proprietary  ,1,2,3,5,40,45
00200300,CENTENARY COLLEGE OF LOUISIANA          ,LA,71104-3396,Private      ,2,6,8,1077,186,1263
00200400,DILLARD UNIVERSITY                      ,LA,70122-3097,Private      ,39,4,43,1898,469,2367
00200500,NICHOLLS STATE UNIVERSITY               ,LA,70310-0001,Public       ,40,41,81,4948,2460,7408
00200600,GRAMBLING STATE UNIVERSITY              ,LA,71245-2215,Public       ,88,71,159,6356,2976,9332
00200700,LOUISIANA COLLEGE                       ,LA,71359-0000,Private      ,7,21,28,1000,294,1294
00200800,LOUISIANA TECH UNIVERSITY               ,LA,71272-0001,Public       ,55,62,117,6450,2706,9156
00201000,LOUISIANA STATE UNIV & A&M COLG         ,LA,70803-5710,Public       ,73,53,126,19653,6396,26049
00201100,LOUISIANA STATE UNIV-ALEXANDRIA         ,LA,71302-9121,Public       ,15,56,71,1374,2114,3488
00201200,LOUISIANA STATE UNIV-EUNICE             ,LA,70535-6726,Public       ,44,32,76,1861,1519,3380
00201300,LOUISIANA STATE UNIV-SHREVEPORT         ,LA,71115-2399,Public       ,19,45,64,2284,2664,4948
00201400,LA STATE UNIV HEALTH SCIENCES CTR       ,LA,70112-2223,Public       ,3,16,19,360,1683,2043
00201500,(THE) UNIVERSITY OF NEW ORLEANS         ,LA,70148-0001,Public       ,40,147,187,5934,5674,11608
00201600,LOYOLA UNIVERSITY NEW ORLEANS           ,LA,70118-6195,Private      ,21,48,69,2425,1935,4360
00201700,MCNEESE STATE UNIVERSITY                ,LA,70609-4510,Public       ,40,56,96,4782,3107,7889
00201900,NEW ORLEANS BAPTIST THEOL SEMINARY      ,LA,70126-0000,Private      ,0,1,1,31,111,142
00202000,UNIVERSITY OF LOUISIANA AT MONROE       ,LA,71209-9001,Public       ,40,95,135,6195,4330,10525
00202100,NORTHWESTERN STATE UNIVERSITY           ,LA,71497-0001,Public       ,70,123,193,5875,5000,10875
00202200,NOTRE DAME SEMINARY                     ,LA,70118-0000,Private      ,0,0,0,2,4,6
00202300,OUR LADY OF HOLY CROSS COLLEGE          ,LA,70131-7399,Private      ,5,23,28,609,990,1599
00202400,SOUTHEASTERN LOUISIANA UNIV             ,LA,70402-0001,Public       ,95,98,193,10408,5172,15580
00202500,SOUTHERN UNIVERSITY A & M COLLEGE       ,LA,70813-9374,Public       ,67,88,155,7993,6083,14076
00202600,SOUTHERN UNIV NEW ORLEANS               ,LA,70126-0002,Public       ,17,60,77,1276,2818,4094
00202700,ST JOSEPH SEMINARY COLLEGE              ,LA,70457-9990,Private      ,0,0,0,42,20,62
00202900,TULANE UNIVERSITY                       ,LA,70118-5698,Private      ,22,76,98,5869,4888,10757
00203100,UNIV OF LOUISIANA AT LAFAYETTE          ,LA,70504-0001,Public       ,82,50,132,11120,4558,15678
00203200,XAVIER UNIVERSITY OF LOUISIANA          ,LA,70125-1098,Private      ,22,11,33,3626,1290,4916
00462100,AYERS CAREER COLLEGE                    ,LA,71108-5845,Proprietary  ,3,31,34,97,514,611
00462500,DELGADO COMMUNITY COLLEGE               ,LA,70119-0000,Public       ,98,305,403,5357,10101,15458
00520300,REMINGTON COLLEGE - LAFAYETTE CAMPUS    ,LA,70508-5760,Proprietary  ,56,230,286,750,2399,3149
00520306,REMINGTON COLLEGE - BATON ROUGE CAMPUS  ,LA,70816-4040,Proprietary  ,9,40,49,207,777,984
00546700,SOWELA TECHNICAL COMMUNITY COLLEGE      ,LA,70616-6950,Public       ,28,51,79,670,976,1646
00547200,LOUISIANA TECHNICAL COLLEGE - SIDNEY N. ,LA,70126-5511,Public       ,0,0,0,5,19,24
00548800,LOUISIANA TECH COLG-BATON ROUGE         ,LA,70807-0000,Public       ,15,52,67,331,789,1120
00548802,LOUISIANA TECH COLG-ACADIAN CMPS        ,LA,70526-0000,Public       ,4,13,17,58,120,178
00548803,LOUISIANA TECH COLG-ALEXANDRIA CMPS     ,LA,71302-3137,Public       ,9,29,38,159,526,685
00548804,LOUISIANA TECH COLG-ASCENSION CMPS      ,LA,70778-3007,Public       ,2,6,8,74,91,165
00548805,LA TECH COLLEGE-AVOYELLES CAMPUS        ,LA,71327-0000,Public       ,7,11,18,58,102,160
00548806,LA TECHNICAL COLG-BASTROP CMPS          ,LA,71221-0000,Public       ,2,4,6,39,172,211
00548808,LA TECH COLG CHARLES B COREILCMPS       ,LA,70586-0000,Public       ,4,8,12,85,181,266
00548809,LA TECHNICAL COLG-DELTA-OUACHITA        ,LA,71292-9064,Public       ,11,36,47,231,474,705
00548810,EVANGELINE TECHNICAL INST               ,LA,70582-3104,Public       ,8,17,25,58,162,220
00548811,LA TECHN COLLEGE - FLORIDA PARISHES     ,LA,70441-0000,Public       ,2,3,5,32,104,136
00548812,LOUISIANA TECH COLG-FOLKES CAMPUS       ,LA,70748-0000,Public       ,3,1,4,20,87,107
00548813,LA TECHNICAL INST-GULF AREA CMPS        ,LA,70510-0878,Public       ,10,17,27,160,255,415
00548814,LOUISIANA TECH COLG-HAMMOND CMPS        ,LA,70404-0000,Public       ,4,27,31,134,259,393
00548815,LA TECH COLG-HUEY P. LONG CAMPUS        ,LA,71483-0000,Public       ,7,7,14,48,127,175
00548816,LA TECH COLLEGE-JEFFERSON CAMPUS        ,LA,70001-5605,Public       ,10,23,33,45,136,181
00548817,LOUISIANA TEC CLG-JUMONVILLE MEM CP     ,LA,70760-0000,Public       ,1,8,9,48,121,169
00548818,LA TECH COLLEGE-LAFAYETTE CAMPUS        ,LA,70506-0000,Public       ,7,25,32,420,797,1217
00548819,LOUISIANA TECHNICAL COLLEGE-LAFOURC     ,LA,70301-4336,Public       ,7,9,16,109,203,312
00548820,LOUISIANA TEC CLG-LAMAR SALTER CMPS     ,LA,71446-0000,Public       ,1,2,3,61,219,280
00548822,LOUISIANA TECHNICAL CLG-MANSFIELD       ,LA,71052-1236,Public       ,2,21,23,51,153,204
00548823,LA. TECH COLG.-MORGAN SMITH CAMPUS      ,LA,70546-0000,Public       ,5,5,10,55,101,156
00548824,LOUISIANA TEC CLG-NATCHITOCHES CMPS     ,LA,71458-0000,Public       ,4,10,14,67,174,241
00548825,LOUISIANA TECH COLG-NORTH CTRL CMPS     ,LA,71241-0000,Public       ,7,23,30,41,102,143
00548826,LOUISIANA TECH CLG-NORTHEAST LA CMP     ,LA,71295-2999,Public       ,2,19,21,42,162,204
00548827,LOUISIANA TEC CLG-NW LOUISIANA CMPS     ,LA,71058-0000,Public       ,12,28,40,182,349,531
00548828,LA TECHNICAL COLG-OAKDALE CMPS          ,LA,71463-0000,Public       ,2,7,9,35,115,150
00548829,LTC-RIVER PARISHES CAMPUS               ,LA,70084-0000,Public       ,2,23,25,135,306,441
00548830,LOUISIANA TECHNICAL COLLEGE-RUSTON      ,LA,71273-0000,Public       ,4,13,17,259,241,500
00548831,LTC - SABINE VALLEY CAMPUS              ,LA,71449-3839,Public       ,4,12,16,45,129,174
00548832,LOUISIANA TECH COLG-SHELBY JACKSON      ,LA,71334-0000,Public       ,6,14,20,42,188,230
00548833,LA TECH COLG SHREVEPORT-BOSSIER         ,LA,71137-0000,Public       ,13,47,60,250,913,1163
00548835,LA TECHNICAL COLLEGE-SLIDELL CAMPUS     ,LA,70459-0000,Public       ,0,0,0,1,7,8
00548837,LOUISIANA TECH COLG-SULLIVAN CAMPUS     ,LA,70427-5866,Public       ,9,19,28,141,328,469
00548838,LOUISIANA TECHNICAL COLG - TALLULAH     ,LA,71284-0000,Public       ,6,16,22,82,271,353
00548839,LA TECH COLG-TECHE AREA CAMPUS          ,LA,70562-0000,Public       ,5,18,23,175,270,445
00548840,LOUISIANA TECH COLG-T.H.HARRIS CMPS     ,LA,70570-6113,Public       ,17,15,32,348,448,796
00548841,LOUISIANA TECH COLG W JEFFERSON CMP     ,LA,70058-0000,Public       ,4,17,21,25,81,106
00548842,LOUISIANA TECHNICAL COLLEGE - WESTSIDE C,LA,70765-0733,Public       ,2,8,10,16,82,98
00548843,LTC-YOUNG MEMORIAL CAMPUS               ,LA,70381-0000,Public       ,10,26,36,84,245,329
00576100,L. E. FLETCHER TECHNICAL COMMUNITY COLLE,LA,70360-2863,Public       ,16,33,49,416,466,882
00576101,L.E. FLETCHER TECHNICAL COMMUNITY COLLEG,LA,70360-7310,Public       ,0,0,0,55,41,96
00768600,SOUTHERN UNIV AT SHREVEPORT/BOSSIER     ,LA,71107-4795,Public       ,30,55,85,1062,2440,3502
00806700,LSU HEALTH SCIENCES CENTR-SHREVEPOR     ,LA,71130-3932,Public       ,5,14,19,193,815,1008
00989800,DEMMON SCHOOL OF BEAUTY                 ,LA,70607-2128,Proprietary  ,0,1,1,17,58,75
01005701,AMERICAN COMMERCIAL COLLEGE             ,LA,71105-2502,Proprietary  ,7,25,32,50,263,313
01109700,CLOYD'S BEAUTY SCHOOL #1                ,LA,71291-3131,Proprietary  ,8,17,25,46,191,237
01163100,"D-JAY'S SCHL OF BEAUTY, ARTS & SCI      ",LA,70806-0000,Proprietary  ,3,13,16,40,116,156
01184100,JOHN JAY BEAUTY COLLEGE                 ,LA,70124-2592,Proprietary  ,1,1,2,17,23,40
01261100,RONNIE & DORMANS SCHOOL HAIR DESIGN     ,LA,70501-0000,Proprietary  ,0,4,4,7,30,37
01282300,PAT GOINS RUSTON BEAUTY SCHOOL          ,LA,71270-4301,Proprietary  ,1,2,3,21,36,57
01287900,PAT GOINS BENTON ROAD BEAUTY SCHOOL     ,LA,71111-4838,Proprietary  ,1,1,2,19,65,84
01288000,PAT GOINS BEAUTY SCHOOL                 ,LA,71201-5167,Proprietary  ,0,6,6,14,29,43
02055400,BOSSIER PARISH COMMUNITY COLLEGE        ,LA,71111-0000,Public       ,30,81,111,2111,2943,5054
02055500,DELTA SCH OF BUSINESS & TECHNOLOGY      ,LA,70601-0000,Proprietary  ,3,26,29,159,513,672
02089711,HERZING COLLEGE                         ,LA,70062-8727,Proprietary  ,5,15,20,32,138,170
02117800,AVEDA INSTITUTE LAFAYETTE               ,LA,70503-3246,Proprietary  ,3,3,6,84,108,192
02166100,NUNEZ COMMUNITY COLLEGE                 ,LA,70043-0000,Public       ,12,46,58,389,859,1248
02166200,ITI TECHNICAL COLLEGE                   ,LA,70817-0000,Proprietary  ,7,10,17,301,485,786
02197500,BATON ROUGE SCHOOL OF COMPUTERS         ,LA,70816-0000,Proprietary  ,3,8,11,30,91,121
02234000,CAMERON COLLEGE                         ,LA,70119-0000,Proprietary  ,2,29,31,35,245,280
02258400,AVEDA INSTITUTE BATON ROUGE             ,LA,70816-2246,Proprietary  ,2,1,3,106,106,212
02260200,DIESEL DRIVING ACADEMY                  ,LA,71109-5617,Proprietary  ,9,38,47,51,363,414
02263600,BASTROP BEAUTY SCHOOL #1                ,LA,71220-0000,Proprietary  ,1,6,7,10,62,72
02265600,JOHN JAY KENNER ACADEMY                 ,LA,70062-0000,Proprietary  ,3,5,8,71,116,187
02269300,STEVENSON'S ACADEMY OF HAIR DESIGN      ,LA,70116-0000,Proprietary  ,3,7,10,67,96,163
02323100,PAT GOINS SHREVEPORT BEAUTY SCHOOL      ,LA,71108-4354,Proprietary  ,0,0,0,6,26,32
02327800,PINEVILLE BEAUTY SCHOOL                 ,LA,71360-0000,Proprietary  ,1,4,5,41,80,121
02335701,BATON ROUGE GEN MED CTR SCH NSG         ,LA,70821-0000,Private      ,0,1,1,46,149,195
02335702,BATON ROUGE GEN MED CTR-RAD TECH        ,LA,70806-0000,Private      ,0,0,0,42,49,91
02338000,"CLOYD'S BEAUTY SCHOOL #2, INC           ",LA,71202-3539,Proprietary  ,8,18,26,45,192,237
02352500,"CLOYD'S BEAUTY SCHOOL #3, INC           ",LA,71201-3211,Proprietary  ,8,19,27,52,199,251
02358600,"STAGE ONE THE HAIR SCHOOL, INC.         ",LA,70605-0000,Proprietary  ,7,5,12,65,97,162
02493400,ALEXANDRIA ACADEMY OF BEAUTY CULT       ,LA,71301-0000,Proprietary  ,0,1,1,11,59,70
02518300,SOUTH LOUISIANA BEAUTY COLLEGE          ,LA,70363-0000,Proprietary  ,0,7,7,32,71,103
02536400,LOUISIANA ACADEMY OF BEAUTY             ,LA,70535-0000,Proprietary  ,3,4,7,31,62,93
02538300,DELTA COLLEGE OF ARTS & TECH INC        ,LA,70806-1529,Proprietary  ,7,25,32,118,486,604
02538301,DELTA COLLEGE OF ARTS & TECHNOLOGY - LAF,LA,70508-6831,Proprietary  ,3,7,10,39,167,206
02548500,COSMETOLOGY TRAINING CENTER             ,LA,70503-0000,Proprietary  ,0,2,2,57,67,124
02554800,VANGUARD COLLEGE OF COSMETOLOGY         ,LA,70458-8823,Proprietary  ,6,7,13,94,130,224
02582200,"GUY'S ACADEMY HAIR, SKIN & NAILS        ",LA,71105-2404,Proprietary  ,6,23,29,60,162,222
02600900,AVEDA INSTITUTE                         ,LA,70433-2922,Proprietary  ,17,50,67,407,645,1052
02601000,AMERICAN SCHOOL OF BUSINESS             ,LA,71105-5646,Proprietary  ,2,11,13,20,110,130
02601100,OPELOUSAS SCHOOL OF COSMETOLOGY         ,LA,70570-6156,Proprietary  ,3,7,10,25,48,73
02606800,CAREER TRAINING SPECIALISTS             ,LA,71201-6046,Proprietary  ,11,56,67,339,915,1254
02606801,CAREER TECHNICAL COLLEGE - SHREVEPORT   ,LA,71105-2405,Proprietary  ,8,54,62,106,541,647
02617100,BATON ROUGE COLLEGE                     ,LA,70816-2246,Proprietary  ,0,2,2,40,98,138
02619200,DENHAM SPRINGS BEAUTY COLLEGE           ,LA,70726-3829,Proprietary  ,4,7,11,36,58,94
03010400,CRESCENT CITY SCH GAMING & BARTENDG     ,LA,70119-5507,Proprietary  ,10,136,146,74,854,928
03023500,CAMELOT CAREER COLLEGE                  ,LA,70805-7539,Proprietary  ,23,44,67,127,278,405
03030900,DIESEL DRIVING ACADEMY                  ,LA,70815-8109,Proprietary  ,11,75,86,70,664,734
03061400,ASCENSION COLLEGE                       ,LA,70737-2912,Proprietary  ,5,11,16,86,197,283
03095100,GRETNA CAREER COLLEGE                   ,LA,70053-2436,Proprietary  ,9,46,55,50,291,341
03106200,OUR LADY OF THE LAKE COLLEGE            ,LA,70808-4345,Private      ,8,54,62,985,1891,2876
03253300,JONESVILLE BEAUTY SCHOOL                ,LA,71343-0000,Proprietary  ,0,0,0,16,43,59
03294300,BLUE CLIFF SCH THERAPEUTIC MASSAGE      ,LA,70002-3458,Proprietary  ,13,32,45,151,520,671
03332600,DELTA COLLEGE                           ,LA,70433-9042,Proprietary  ,2,20,22,85,312,397
03332601,DELTA COLLEGE - SLIDELL                 ,LA,70460-2624,Proprietary  ,3,12,15,40,161,201
03356300,MEDICAL TRAINING COLLEGE                ,LA,70816-5820,Proprietary  ,3,17,20,101,282,383
03422500,BLUE CLIFF COLLEGE                      ,LA,71107-6520,Proprietary  ,2,15,17,112,416,528
03422600,BLUE CLIFF COLLEGE                      ,LA,70508-3858,Proprietary  ,7,33,40,127,408,535
03480300,MEDVANCE INSTITUTE                      ,LA,70809-1908,Proprietary  ,20,116,136,506,2278,2784
03498400,OMEGA INSTITUTE OF COSMETOLOGY          ,LA,70360-0000,Proprietary  ,2,1,3,39,57,96
03727500,MOORE CAREER COLLEGE                    ,LA,70808-4191,Proprietary  ,2,6,8,41,96,137
03730300,BATON ROUGE COMMUNITY COLLEGE           ,LA,78806-4129,Public       ,53,75,128,3516,3822,7338
03752400,SCHOOL OF URBAN MISSIONS                ,LA,70053-0000,Private      ,0,0,0,47,49,96
03789300,UNITECH TRAINING ACADEMY                ,LA,70503-5132,Proprietary  ,17,115,132,177,879,1056
03789400,RIVER PARISHES COMMUNITY COLLEGE        ,LA,70778-0310,Public       ,3,12,15,342,434,776
03810500,COURT REPORTING INSTITUTE OF LOUISI     ,LA,70816-0000,Proprietary  ,1,1,2,13,72,85
03858300,RAY'S FAITH ACADEMY OF BEAUTY EDUCATION ,LA,70737-0000,Proprietary  ,0,1,1,5,17,22
03956300,SOUTH LOUISIANA COMMUNITY COLLEGE       ,LA,70506-0000,Public       ,29,44,73,962,984,1946
04040300,COMPASS CAREER COLLEGE                  ,LA,70403-0653,Proprietary  ,1,15,16,30,188,218
04112300,LOUISIANA CULINARY INSTITUTE            ,LA,70816-4109,Proprietary  ,2,3,5,66,69,135
04120700,ALDEN'S SCHOOL OF COSMETOLOGY           ,LA,70714-1502,Proprietary  ,0,9,9,5,27,32
04130100,LOUISIANA DELTA COMMUNITY COLLEGE       ,LA,71203-3618,Public       ,5,38,43,6,43,49
00143600,CAPITOL COLLEGE                         ,MD,20708-9759,Private      ,0,8,8,275,271,546
00146200,WASHINGTON BIBLE COLLEGE                ,MD,20706-3599,Private      ,0,4,4,94,261,355
00205700,ALLEGANY COLLEGE OF MARYLAND            ,MD,21502-2596,Public       ,10,45,55,1723,1449,3172
00205800,ANNE ARUNDEL COMMUNITY COLLEGE          ,MD,21012-1895,Public       ,49,121,170,2872,4186,7058
00206000,BALTIMORE HEBREW UNIVERSITY             ,MD,21215-3996,Private      ,0,0,0,2,36,38
00206100,BALTIMORE CITY COMMUNITY COLLEGE        ,MD,21215-7893,Public       ,40,119,159,2363,6257,8620
00206200,BOWIE STATE UNIVERSITY                  ,MD,20715-9465,Public       ,20,22,42,6214,3393,9607
00206300,COMMUNITY COLLEGE OF BALTIMORE COUNTY   ,MD,21228-5381,Public       ,57,261,318,5267,9012,14279
00206400,COLLEGE OF SOUTHERN MARYLAND            ,MD,20646-0910,Public       ,18,39,57,1874,2371,4245
00206500,CLG NOTRE DAME OF MARYLAND              ,MD,21210-2476,Private      ,1,11,12,709,1092,1801
00206700,COLUMBIA UNION COLLEGE                  ,MD,20912-7796,Private      ,4,18,22,803,675,1478
00206800,COPPIN STATE UNIVERSITY                 ,MD,21216-3698,Public       ,7,23,30,3193,3368,6561
00207100,FREDERICK COMMUNITY COLLEGE             ,MD,21702-9745,Public       ,12,42,54,1096,1461,2557
00207200,FROSTBURG STATE UNIVERSITY              ,MD,21532-1099,Public       ,6,5,11,5186,997,6183
00207300,GOUCHER COLLEGE                         ,MD,21204-2794,Private      ,1,6,7,2404,449,2853
00207400,HAGERSTOWN COMMUNITY COLLEGE            ,MD,21742-6590,Public       ,15,70,85,1134,1589,2723
00207500,HARFORD COMMUNITY COLLEGE               ,MD,21015-1696,Public       ,13,53,66,1302,1554,2856
00207600,HOOD COLLEGE                            ,MD,21701-8575,Private      ,3,7,10,1855,681,2536
00207700,JOHNS HOPKINS UNIVERSITY                ,MD,21218-2693,Private      ,3,13,16,4761,986,5747
00207702,JOHNS HOPKINS UNIV SCH ARTS/SCI/ENG     ,MD,21218-0000,Private      ,1,19,20,3170,1298,4468
00207703,JOHNS HOPKINS UNIV SCH OF BUS/ED        ,MD,21046-0000,Private      ,0,15,15,36,1448,1484
00207705,JOHNS HOPKINS BLOOMBERG SCH OF PH       ,MD,21205-0000,Private      ,0,6,6,14,1095,1109
00207706,JOHNS HOPKINS UNIV SCH OF MEDICINE      ,MD,21205-0000,Private      ,0,9,9,102,930,1032
00207707,JOHNS HOPKINS UNIV SCH OF NURSING       ,MD,21205-0000,Private      ,1,4,5,198,700,898
00207708,JOHNS HOPKINS UNIV PEABODY CONSERV      ,MD,21202-2397,Private      ,0,0,0,561,384,945
00207800,LOYOLA UNIVERSITY MARYLAND              ,MD,21210-2699,Private      ,2,20,22,5318,1511,6829
00208000,MARYLAND INST COLLEGE OF ART            ,MD,21217-4191,Private      ,3,1,4,2136,514,2650
00208300,MORGAN STATE UNIVERSITY                 ,MD,21251-0002,Public       ,32,12,44,9493,3632,13125
00208600,MOUNT SAINT MARY'S UNIVERSITY           ,MD,21727-7799,Private      ,2,3,5,2394,291,2685
00208700,NER ISRAEL RABBINICAL COLLEGE           ,MD,21208-1198,Private      ,3,6,9,100,45,145
00208900,PRINCE GEORGES COMMUNITY COLLEGE        ,MD,20774-2199,Public       ,40,139,179,3631,5489,9120
00209100,SALISBURY UNIVERSITY                    ,MD,21801-6862,Public       ,19,11,30,7676,1276,8952
00209200,ST JOHN'S COLLEGE                       ,MD,21404-0000,Private      ,0,7,7,618,170,788
00209500,ST. MARY'S COLLEGE OF MARYLAND          ,MD,20686-3001,Public       ,2,1,3,2256,144,2400
00209600,ST MARY'S SEMINARY & UNIV               ,MD,21210-1994,Private      ,1,1,2,13,21,34
00209900,TOWSON UNIVERSITY                       ,MD,21252-0002,Public       ,26,59,85,16262,4980,21242
00210200,UNIVERSITY OF BALTIMORE                 ,MD,21201-5779,Public       ,6,46,52,1226,5074,6300
00210300,"UNIVERSITY OF MARYLAND, COLLEGE PARK    ",MD,20742-5145,Public       ,43,133,176,24343,10259,34602
00210400,"UNIVERSITY OF MARYLAND, BALTIMORE       ",MD,21201-1691,Public       ,5,42,47,1928,7640,9568
00210500,UMBC                                    ,MD,21250-0002,Public       ,24,27,51,7313,3179,10492
00210600,UNIVERSITY MARYLAND EASTERN SHORE       ,MD,21853-4053,Public       ,13,5,18,4630,1211,5841
00210700,STEVENSON UNIVERSITY                    ,MD,21153-0641,Private      ,1,6,7,3312,853,4165
00210800,WASHINGTON COLLEGE                      ,MD,21620-1197,Private      ,2,1,3,1649,47,1696
00210900,MCDANIEL COLLEGE                        ,MD,21157-4390,Private      ,1,15,16,2564,500,3064
00458612,KAPLAN COLLEGE                          ,MD,21742-2797,Proprietary  ,19,64,83,354,967,1321
00458613,KAPLAN COLLEGE -  CAREER TECHNOLOGY CENT,MD,21742-2797,Proprietary  ,0,3,3,1,9,10
00458614,KAPLAN COLLEGE - FREDERICK              ,MD,21704-8307,Proprietary  ,6,28,34,69,270,339
00465000,CHESAPEAKE COLLEGE                      ,MD,21679-0008,Public       ,5,15,20,778,1019,1797
00691100,MONTGOMERY COLLEGE                      ,MD,20850-1195,Public       ,78,134,212,6913,6554,13467
00734100,INTERNATIONAL BEAUTY SCHOOL             ,MD,21502-2370,Proprietary  ,10,30,40,45,141,186
00744700,DEL-MAR-VA BEAUTY ACADEMY               ,MD,21804-0000,Proprietary  ,1,5,6,46,85,131
00749100,TESST COLLEGE OF TECHNOLOGY             ,MD,21227-1063,Proprietary  ,39,186,225,491,1582,2073
00793600,LINCOLN TECHNICAL INSTITUTE             ,MD,21046-1544,Proprietary  ,84,90,174,887,971,1858
00817500,HOWARD COMMUNITY COLLEGE                ,MD,21044-3197,Public       ,23,47,70,1916,2177,4093
00826300,AWARD BEAUTY SCHOOL                     ,MD,21740-5624,Proprietary  ,9,63,72,99,325,424
00830800,CECIL COLLEGE                           ,MD,21901-1999,Public       ,0,26,26,623,723,1346
00907906,EVEREST COLLEGE- EVEREST INSTITUTE      ,MD,20910-3737,Proprietary  ,32,62,94,99,252,351
01001400,GARRETT COMMUNITY COLLEGE               ,MD,21541-1265,Public       ,3,5,8,530,298,828
01031900,MEDIX SCHOOL                            ,MD,21204-2538,Proprietary  ,73,160,233,461,1627,2088
01041000,TESST COLLEGE OF TECHNOLOGY             ,MD,21286-2201,Proprietary  ,24,46,70,261,592,853
01164400,UNIV OF MARYLAND UNIVERSITY COLLEGE     ,MD,20783-8078,Public       ,23,631,654,1566,18742,20308
01164402,U OF MD UNIVERSITY COLLEGE - EUROPE     ,MD,20832-0000,Public       ,6,67,73,302,2200,2502
01164404,U OF MD UNIVERSITY COLLEGE - ASIA       ,MD,31207-0000,Public       ,1,50,51,87,1164,1251
02073900,WOR-WIC COMMUNITY COLLEGE               ,MD,21804-0000,Public       ,20,88,108,1018,1889,2907
02083600,TESST COLLEGE OF TECHNOLOGY             ,MD,20705-2698,Proprietary  ,28,64,92,366,665,1031
02116005,SANFORD-BROWN INSTITUTE - LANDOVER      ,MD,20785-2287,Proprietary  ,17,89,106,173,883,1056
02127900,SOJOURNER DOUGLASS COLLEGE              ,MD,21205-0000,Private      ,1,17,18,138,2187,2325
02155100,MARYLAND COLLEGE OF ART AND DESIGN      ,MD,20902-0000,Private      ,0,1,1,70,24,94
02269700,INTERNATIONAL BEAUTY SCHOOL             ,MD,21014-0000,Proprietary  ,0,2,2,38,49,87
02288900,ABI-ACCUTECH BUSINESS INSTITUTE         ,MD,21703-0000,Proprietary  ,0,0,0,0,2,2
02314800,BALTIMORE INTERNATIONAL COLLEGE         ,MD,21202-0000,Private      ,3,10,13,567,464,1031
02331000,MARYLAND BEAUTY ACADEMY OF ESSEX        ,MD,21221-0000,Proprietary  ,2,14,16,51,118,169
02333000,HAIR ACADEMY                            ,MD,20784-0000,Proprietary  ,21,62,83,167,381,548
02343800,MONTGOMERY BEAUTY SCHOOL                ,MD,20901-0000,Proprietary  ,10,26,36,72,198,270
02494700,BALTIMORE STUDIO OF HAIR DESIGN         ,MD,21201-0000,Proprietary  ,7,22,29,79,208,287
02495000,ROBERT PAUL ACAD COSMTGY ARTS & SCI     ,MD,21093-0000,Proprietary  ,2,1,3,64,71,135
02495100,MARYLAND BEAUTY ACADEMY                 ,MD,21136-0000,Proprietary  ,0,4,4,16,56,72
02545400,NORTH AMERICAN TRADE SCHOOLS            ,MD,21244-0069,Proprietary  ,27,97,124,188,900,1088
02573800,"L' ACADEMIE DE CUISINE, INC.            ",MD,20877-0000,Proprietary  ,0,0,0,46,118,164
02578400,TAI SOPHIA INSTITUTE                    ,MD,20723-6010,Private      ,0,3,3,1,252,253
03027200,BLADES SCHOOL OF HAIR DESIGN            ,MD,20619-0226,Proprietary  ,4,7,11,30,84,114
03064900,AARON'S ACADEMY OF BEAUTY               ,MD,20602-2715,Proprietary  ,2,9,11,30,64,94
03097200,AESTHETICS INSTITUTE OF COSMETOLOGY     ,MD,20877-1305,Proprietary  ,0,3,3,5,46,51
03100700,CARROLL COMMUNITY COLLEGE               ,MD,21157-6913,Public       ,2,11,13,722,652,1374
03148300,AMERICAN BEAUTY ACADEMY                 ,MD,20902-1911,Proprietary  ,42,79,121,227,565,792
03296300,BALTIMORE SCHOOL OF MASSAGE             ,MD,21090-2261,Proprietary  ,6,41,47,166,550,716
03327300,NEW CREATIONS ACADEMY OF HAIR DSN       ,MD,20746-2960,Proprietary  ,2,4,6,10,45,55
03493300,ALL-STATE CAREER SCHOOL                 ,MD,21224-6658,Proprietary  ,38,256,294,347,1831,2178
03771300,AMERICAN CAREER INSTITUTE               ,MD,20902-4637,Proprietary  ,0,7,7,9,84,93
03822400,MAPLE SPRINGS BAPTIST BIBLE COLLEGE & SE,MD,20743-5711,Private      ,0,0,0,5,34,39
03965500,HAIR EXPRESSIONS ACADEMY                ,MD,20852-1729,Proprietary  ,1,3,4,33,79,112
04121600,FILA ACADEMY (THE)                      ,MD,21061-1634,Proprietary  ,2,6,8,16,50,66
        ,MGH INSTITUTE OF HEALTH PROFESSION      ,MA,02129-0000,Private      ,2,20,22,12,808,820
00211400,AMERICAN INTERNATIONAL COLLEGE          ,MA,01109-3189,Private      ,8,22,30,1799,1548,3347
00211500,AMHERST COLLEGE                         ,MA,01002-5000,Private      ,2,1,3,3184,98,3282
00211600,ANDOVER NEWTON THEOLOGICAL SCHOOL       ,MA,02459-0000,Private      ,0,0,0,0,207,207
00211700,ANNA MARIA COLLEGE                      ,MA,01612-1198,Private      ,3,17,20,988,337,1325
00211800,ASSUMPTION COLLEGE                      ,MA,01615-1294,Private      ,1,0,1,3780,379,4159
00211900,ATLANTIC UNION COLLEGE                  ,MA,01561-1000,Private      ,1,2,3,332,264,596
00212000,MERRIMACK COLLEGE                       ,MA,01845-5800,Private      ,1,4,5,3402,145,3547
00212100,BABSON COLLEGE                          ,MA,02457-0310,Private      ,1,10,11,1826,766,2592
00212200,BAY PATH COLLEGE                        ,MA,01106-2212,Private      ,6,20,26,755,1293,2048
00212300,BECKER COLLEGE-WORCESTER                ,MA,01615-0071,Private      ,8,22,30,1935,831,2766
00212400,BENTLEY UNIVERSITY                      ,MA,02452-4705,Private      ,1,32,33,5454,695,6149
00212600,BERKLEE COLLEGE OF MUSIC                ,MA,02215-3693,Private      ,18,12,30,3298,727,4025
00212800,BOSTON COLLEGE                          ,MA,02467-3800,Private      ,7,20,27,15781,5485,21266
00212900,BOSTON CONSERVATORY OF MUSIC            ,MA,02215-9830,Private      ,1,1,2,796,228,1024
00213000,BOSTON UNIVERSITY                       ,MA,02215-1789,Private      ,15,99,114,23771,13446,37217
00213300,BRANDEIS UNIVERSITY                     ,MA,02453-2700,Private      ,1,2,3,4089,783,4872
00213900,CLARK UNIVERSITY                        ,MA,01610-1473,Private      ,0,0,0,3634,502,4136
00214000,ELMS COLLEGE                            ,MA,01013-2839,Private      ,1,2,3,942,478,1420
00214100,COLLEGE OF THE HOLY CROSS               ,MA,01610-2395,Private      ,1,1,2,4772,58,4830
00214300,CURRY COLLEGE                           ,MA,02186-2395,Private      ,7,16,23,3266,897,4163
00214400,DEAN COLLEGE                            ,MA,02038-1994,Private      ,4,0,4,1346,110,1456
00214500,EASTERN NAZARENE COLLEGE                ,MA,02170-2999,Private      ,5,12,17,810,406,1216
00214507,EASTERN NAZARENE CLG - LEAD PROGRAM     ,MA,02170-0000,Private      ,0,1,1,16,45,61
00214600,EMERSON COLLEGE                         ,MA,02116-4624,Private      ,4,2,6,5024,1342,6366
00214700,EMMANUEL COLLEGE                        ,MA,02115-5798,Private      ,6,3,9,3289,340,3629
00214800,ENDICOTT COLLEGE                        ,MA,01915-2098,Private      ,2,5,7,3248,210,3458
00214900,EPISCOPAL DIVINITY SCHOOL               ,MA,02138-0000,Private      ,0,6,6,0,91,91
00215000,FISHER COLLEGE                          ,MA,02116-1500,Private      ,2,31,33,1138,920,2058
00215100,BENJAMIN FRANKLIN INSTITUTE OF TECH     ,MA,02116-6296,Public       ,2,0,2,481,254,735
00215300,GORDON COLLEGE                          ,MA,01984-1899,Private      ,1,0,1,1873,69,1942
00215400,HELLENIC COLLEGE                        ,MA,02445-7496,Private      ,1,0,1,50,98,148
00215500,HARVARD UNIVERSITY                      ,MA,02138-3800,Private      ,5,8,13,3582,594,4176
00215501,AMRCN REPERTORY THTR INST ADV THTR      ,MA,02138-0000,Private      ,0,0,0,0,93,93
00215502,HARVARD BUSINESS SCHOOL                 ,MA,02163-0000,Private      ,0,3,3,118,1498,1616
00215503,HARVARD EXTENSION SCHOOL                ,MA,02138-0000,Private      ,0,19,19,121,815,936
00215504,HARVARD SCH OF DENTAL MEDICINE          ,MA,02115-0000,Private      ,0,1,1,2,189,191
00215505,HARVARD UNIV GRAD SCH DESIGN            ,MA,02138-0000,Private      ,0,0,0,5,772,777
00215506,HARVARD DIVINITY SCHOOL                 ,MA,02138-0000,Private      ,0,3,3,19,637,656
00215507,HARVARD UNIV GRAD SCH ED                ,MA,02138-0000,Private      ,0,2,2,4,1169,1173
00215508,HARVARD UNIV GRAD S OF ARTS & SCIEN     ,MA,02138-0000,Private      ,0,11,11,54,764,818
00215509,HARVARD JOHN F KENNEDY SCHL OF GOVT     ,MA,02138-0000,Private      ,0,1,1,19,1072,1091
00215510,HARVARD LAW SCHOOL                      ,MA,02138-0000,Private      ,0,1,1,47,3305,3352
00215511,HARVARD UNIV MEDICAL SCHOOL             ,MA,02115-0000,Private      ,0,1,1,70,913,983
00215512,HARVARD UNIV SCH PUBLIC HEALTH          ,MA,02115-0000,Private      ,0,3,3,35,677,712
00215513,HARVARD UNIVERSITY-HARVARD COLLEGE      ,MA,02138-0000,Private      ,3,2,5,10570,291,10861
00215700,HEBREW COLLEGE                          ,MA,02459-2237,Private      ,0,0,0,8,78,86
00215800,LASELL COLLEGE                          ,MA,02466-2716,Private      ,1,1,2,2070,121,2191
00216000,LESLEY UNIVERSITY                       ,MA,02138-2790,Private      ,4,401,405,1932,5713,7645
00216100,UMASS LOWELL                            ,MA,01854-3089,Public       ,23,31,54,7029,3005,10034
00216300,MARIST COLLEGE & SEMINARY               ,MA,01701-0000,Private      ,0,3,3,10,361,371
00216400,NEW ENGLAND COLLEGE OF OPTOMETRY        ,MA,02115-1129,Private      ,0,0,0,7,435,442
00216500,MASS. COLLEGE OF PHARMACY  & HEALTH SCIE,MA,02115-5804,Private      ,4,6,10,3095,1908,5003
00216700,BERKSHIRE COMMUNITY COLLEGE             ,MA,01201-5786,Public       ,8,3,11,703,873,1576
00216800,CAPE COD COMMUNITY COLLEGE              ,MA,02668-1599,Public       ,14,8,22,1265,1349,2614
00216900,GREENFIELD COMMUNITY COLLEGE            ,MA,01301-9739,Public       ,3,2,5,766,1106,1872
00217000,HOLYOKE COMMUNITY COLLEGE               ,MA,01040-1099,Public       ,15,49,64,2968,3081,6049
00217100,MASSACHUSETTS BAY COMMUNITY COLLEGE     ,MA,02181-0000,Public       ,8,33,41,1576,1779,3355
00217200,MOUNT WACHUSETT COMMUNITY COLLEGE       ,MA,01440-1000,Public       ,12,65,77,1396,2202,3598
00217300,NORTH SHORE COMMUNITY COLLEGE           ,MA,01923-4093,Public       ,16,36,52,2248,2822,5070
00217400,NORTHERN ESSEX COMMUNITY COLLEGE        ,MA,01830-2399,Public       ,27,100,127,2053,3022,5075
00217500,QUINSIGAMOND COMMUNITY COLLEGE          ,MA,01606-2092,Public       ,25,70,95,2467,2789,5256
00217600,BRISTOL COMMUNITY COLLEGE               ,MA,02720-7399,Public       ,19,77,96,2677,3037,5714
00217700,MASSASOIT COMMUNITY COLLEGE             ,MA,02302-3996,Public       ,10,18,28,2476,2550,5026
00217800,MASSACHUSETTS INST OF TECHNOLOGY        ,MA,02139-4307,Private      ,1,30,31,7991,2326,10317
00218000,MASSACHUSETTS COLLEGE OF ART AND DESIGN ,MA,02115-5803,Public       ,1,1,2,1835,626,2461
00218100,MASSACHUSETTS MARITIME ACADEMY          ,MA,02532-3400,Public       ,5,0,5,939,62,1001
00218300,BRIDGEWATER STATE COLLEGE               ,MA,02325-0001,Public       ,16,13,29,8550,2171,10721
00218400,FITCHBURG STATE COLLEGE                 ,MA,01420-2697,Public       ,8,13,21,4122,1076,5198
00218500,FRAMINGHAM STATE COLLEGE                ,MA,01702-2471,Public       ,7,4,11,4057,793,4850
00218700,MASSACHUSETTS CLG OF LIBERAL ARTS       ,MA,01247-4100,Public       ,5,4,9,1606,422,2028
00218800,SALEM STATE COLLEGE                     ,MA,01970-5353,Public       ,22,34,56,7098,2606,9704
00218900,WESTFIELD STATE COLLEGE                 ,MA,01086-1630,Public       ,6,5,11,5785,911,6696
00219000,WORCESTER STATE COLLEGE                 ,MA,01602-2597,Public       ,9,13,22,4479,1511,5990
00219200,MOUNT HOLYOKE COLLEGE                   ,MA,01075-1492,Private      ,2,0,2,2145,259,2404
00219300,MOUNT IDA COLLEGE                       ,MA,02459-3323,Private      ,3,0,3,2028,258,2286
00219400,NEW ENGLAND CONSERVATORY OF MUSIC       ,MA,02115-5018,Private      ,0,0,0,609,577,1186
00219700,NICHOLS COLLEGE                         ,MA,01571-6346,Private      ,3,14,17,1704,215,1919
00219900,NORTHEASTERN UNIVERSITY                 ,MA,02115-5000,Private      ,34,108,142,25047,7266,32313
00220100,PINE MANOR COLLEGE                      ,MA,02167-0000,Private      ,0,0,0,568,110,678
00220200,BLESSED JOHN XXIII NATIONAL SEMINARY    ,MA,02493-0000,Private      ,0,0,0,0,3,3
00220500,QUINCY COLLEGE                          ,MA,02169-4501,Public       ,12,39,51,939,2013,2952
00220600,REGIS COLLEGE                           ,MA,02193-0000,Private      ,0,4,4,1210,502,1712
00220800,SIMMONS COLLEGE                         ,MA,02115-5898,Private      ,2,10,12,2479,2637,5116
00220900,SMITH COLLEGE                           ,MA,01063-2936,Private      ,2,3,5,2822,872,3694
00221000,UNIV OF MASSACHUSETTS-DARTMOUTH         ,MA,02747-2300,Public       ,21,13,34,8908,1751,10659
00221100,SPRINGFIELD COLLEGE                     ,MA,01109-3797,Private      ,3,126,129,3356,3745,7101
00221400,ST JOHN'S SEMINARY                      ,MA,02135-8839,Private      ,1,7,8,13,86,99
00221700,STONEHILL COLLEGE                       ,MA,02357-6110,Private      ,1,3,4,4758,100,4858
00221800,SUFFOLK UNIVERSITY                      ,MA,02108-2770,Private      ,13,8,21,7225,2087,9312
00221802,SUFFOLK UNIVERSITY LAW SCHOOL           ,MA,02108-0000,Private      ,1,4,5,126,2526,2652
00221900,TUFTS UNIVERSITY                        ,MA,02155-5808,Private      ,3,2,5,7970,2183,10153
00221901,TUFTS UNIV SCH OF DENTAL MEDICINE       ,MA,02111-0000,Private      ,0,0,0,4,812,816
00221902,TUFTS UNIVERSITY - CUMMINGS SCHOOL OF VE,MA,01536-0000,Private      ,0,0,0,26,400,426
00221904,TUFTS UNIV SCHOOL OF MEDICINE           ,MA,02111-0000,Private      ,0,4,4,40,1243,1283
00222100,UNIV OF MASSACHUSETTS-AMHERST           ,MA,01003-0000,Public       ,28,29,57,25821,5479,31300
00222200,UNIV OF MASSACHUSETTS-BOSTON            ,MA,02125-3393,Public       ,24,65,89,7081,6886,13967
00222400,WELLESLEY COLLEGE                       ,MA,02481-8203,Private      ,0,0,0,2912,122,3034
00222500,WENTWORTH INSTITUTE OF TECHNOLOGY       ,MA,02115-5998,Private      ,6,4,10,3468,448,3916
00222600,WESTERN NEW ENGLAND COLLEGE             ,MA,01119-2654,Private      ,7,8,15,4290,1361,5651
00222700,WHEATON COLLEGE                         ,MA,02766-2322,Private      ,0,0,0,2349,39,2388
00222800,WHEELOCK COLLEGE                        ,MA,02215-4176,Private      ,0,1,1,1150,581,1731
00222900,WILLIAMS COLLEGE                        ,MA,01267-2600,Private      ,1,1,2,2855,61,2916
00223300,WORCESTER POLYTECHNIC INSTITUTE         ,MA,01609-2280,Private      ,4,1,5,4752,324,5076
00396500,BAY STATE COLLEGE                       ,MA,02116-2901,Proprietary  ,7,15,22,938,405,1343
00396600,BOSTON ARCHITECTURAL COLLEGE            ,MA,02115-2795,Private      ,1,2,3,442,843,1285
00466100,HAMPSHIRE COLLEGE                       ,MA,01002-3359,Private      ,1,0,1,2166,105,2271
00466600,SALTER COLLEGE                          ,MA,01583-1700,Proprietary  ,75,350,425,739,3046,3785
00466700,SCHOOL OF MUSEUM OF FINE ARTS           ,MA,02115-5534,Private      ,4,0,4,826,302,1128
00466900,UPPER CAPE COD REGIONAL VOC TECH        ,MA,02532-3310,Public       ,0,1,1,13,68,81
00527900,GREATER LOWELL REGNL VOC TECH SCH       ,MA,01879-0000,Public       ,0,0,0,17,68,85
00551900,DIMAN REGIONAL VOC TECH INST            ,MA,02723-3519,Public       ,0,2,2,9,58,67
00552300,BLUE HILLS REGIONAL VOC TECH            ,MA,02021-1398,Public       ,0,1,1,22,115,137
00555700,MCCANN TECHNICAL SCHOOL                 ,MA,01247-0000,Public       ,0,1,1,14,63,77
00613600,NATIONAL AVIATION ACADEMY - NEW ENGLAND ,MA,01730-2620,Proprietary  ,5,3,8,119,116,235
00632200,BROCKTON HOSPITAL SCH OF NURSING        ,MA,02302-0000,Private      ,0,2,2,100,356,456
00632400,LABOURE COLLEGE                         ,MA,02124-5698,Private      ,3,11,14,160,595,755
00633100,LAWRENCE MEM HOSPITAL SCH OF NRSNG      ,MA,02155-1643,Private      ,0,2,2,54,387,441
00687300,MARIAN COURT COLLEGE                    ,MA,01907-2896,Private      ,1,0,1,226,122,348
00748100,GIBBS COLLEGE                           ,MA,02116-2904,Proprietary  ,0,1,1,310,583,893
00748400,NEWBURY COLLEGE                         ,MA,02445-5796,Private      ,0,2,2,1456,256,1712
00748600,THE NEW ENGLAND INSTITUTE OF ART        ,MA,02445-7295,Proprietary  ,30,12,42,1870,595,2465
00748800,KAPLAN CAREER INSTITUTE                 ,MA,02129-1644,Proprietary  ,15,41,56,197,523,720
00807800,SPRINGFIELD TECHNICAL COMMUNITY CLG     ,MA,01105-0000,Public       ,14,33,47,2149,3792,5941
00809002,EVEREST COLLEGE - EVEREST INSTITUTE     ,MA,02150-2333,Proprietary  ,27,64,91,65,162,227
00891600,NEW ENGLAND SCHOOL OF LAW               ,MA,02116-0000,Private      ,0,1,1,10,1952,1962
00912900,EMPIRE BEAUTY SCHOOL                    ,MA,02148-0000,Proprietary  ,0,0,0,22,27,49
00964500,BARD COLLEGE AT SIMON'S ROCK            ,MA,01230-9702,Private      ,1,1,2,401,5,406
00974700,GORDON-CONWELL THEOLOGICAL SEMINARY     ,MA,01982-0000,Private      ,0,7,7,3,656,659
00975600,UNIVERSITY OF MASS MEDICAL CENTER       ,MA,01655-0000,Public       ,0,5,5,14,755,769
00987700,HENRI'S SCHOOL OF HAIR DESIGN           ,MA,01420-5675,Proprietary  ,1,4,5,18,38,56
00989900,LOWELL ACADEMY HAIRSTYLING INST         ,MA,01852-1909,Proprietary  ,0,2,2,43,36,79
00993600,MIDDLESEX COMMUNITY COLLEGE             ,MA,01730-1197,Public       ,16,33,49,1071,845,1916
00993602,"MIDDLESEX COMMUNITY COLLEGE, LOWELL     ",MA,01852-0000,Public       ,14,47,61,1834,1503,3337
01121000,BUNKER HILL COMMUNITY COLLEGE           ,MA,02129-2991,Public       ,23,40,63,2865,4714,7579
01151000,EVEREST INSTITUTE                       ,MA,02135-7638,Proprietary  ,41,95,136,353,1003,1356
01193000,ROXBURY COMMUNITY COLLEGE               ,MA,02120-3400,Public       ,2,17,19,744,2197,2941
01204200,MANSFIELD BEAUTY SCHOOLS                ,MA,02169-5061,Proprietary  ,2,4,6,42,96,138
01206800,MANSFIELD BEAUTY SCHOOL                 ,MA,01103-1410,Proprietary  ,0,1,1,10,78,88
01238600,SOUTHEASTERN TECHNICAL INSTITUTE        ,MA,02375-1780,Public       ,0,0,0,42,167,209
01241400,EMPIRE BEAUTY SCHOOL                    ,MA,02116-1914,Proprietary  ,0,0,0,5,0,5
01255300,WHITTIER REGIONAL VOC TECH SCHOOL       ,MA,01830-1898,Public       ,0,0,0,4,3,7
01288100,MONTACHUSETT REG VOC TECH SCH           ,MA,01420-4649,Public       ,0,0,0,6,40,46
01292100,EMPIRE BEAUTY SCHOOL                    ,MA,02215-0000,Proprietary  ,33,32,65,212,305,517
01294800,ROB ROY ACADEMY                         ,MA,02721-5330,Proprietary  ,5,5,10,63,85,148
02063000,MONTSERRAT COLLEGE OF ART               ,MA,01915-0000,Private      ,0,0,0,403,45,448
02063800,BUTERA SCHOOL OF ART                    ,MA,02116-0000,Proprietary  ,0,0,0,50,11,61
02076700,EMPIRE BEAUTY SCHOOL                    ,MA,02148-0000,Proprietary  ,9,20,29,110,195,305
02079400,EMPIRE BEAUTY SCHOOL                    ,MA,02453-0000,Proprietary  ,11,17,28,81,166,247
02092100,MASSACHUSETTS SCHOOL OF BARBERING       ,MA,02169-0000,Proprietary  ,1,6,7,19,71,90
02092200,EMPIRE BEAUTY SCHOOL                    ,MA,01852-0000,Proprietary  ,11,20,31,97,185,282
02122000,NEW ENGLAND HAIR ACADEMY                ,MA,02148-0000,Proprietary  ,0,3,3,53,76,129
02137000,ROB ROY ACADEMY                         ,MA,02780-0000,Proprietary  ,2,3,5,27,37,64
02137200,MASS GEN HOSP DIETETIC INTERNSHIP       ,MA,02114-0000,Private      ,0,0,0,4,9,13
02143000,LONGY SCHOOL OF MUSIC                   ,MA,02138-3599,Private      ,0,0,0,37,135,172
02161300,WESTON JESUIT SCHOOL OF THEOLOGY        ,MA,02138-0000,Private      ,0,0,0,0,64,64
02163500,NEW ENGLAND SCHOOL OF PHOTOGRAPHY       ,MA,02215-0000,Proprietary  ,1,0,1,107,102,209
02169900,ASSABET VALLEY REGIONAL VOC SCHOOL      ,MA,01752-0000,Public       ,0,0,0,23,47,70
02181600,ROB ROY ACADEMY                         ,MA,01609-0000,Proprietary  ,9,12,21,87,150,237
02182900,CAMBRIDGE COLLEGE                       ,MA,02138-5304,Private      ,17,527,544,280,5430,5710
02197900,NORTH BENNET STREET SCHOOL              ,MA,02113-0000,Private      ,0,4,4,34,97,131
02215100,HALLMARK INSTITUTE OF PHOTOGRAPHY       ,MA,01376-0000,Proprietary  ,0,1,1,174,167,341
02219501,MILDRED ELLEY - PITTSFIELD              ,MA,01201-5300,Proprietary  ,0,0,0,3,6,9
02220400,CATHERINE HINDS INST OF ESTHETICS       ,MA,01801-0000,Proprietary  ,1,7,8,64,167,231
02237100,JOSEPH P KEEFE TECHNICAL SCHOOL         ,MA,01701-5698,Public       ,0,0,0,3,4,7
02274300,CONWAY SCHOOL OF LANDSCAPE DESIGN       ,MA,01341-0179,Private      ,0,0,0,0,24,24
02325700,LABARON HAIRDRESSING ACADEMY            ,MA,02740-0000,Proprietary  ,3,3,6,20,41,61
02325800,LABARON HAIRDRESSING ACAD-BROCKTON      ,MA,02301-0000,Proprietary  ,2,2,4,13,41,54
02337400,BANCROFT SCHOOL OF MASSAGE THERAPY      ,MA,01604-4614,Proprietary  ,1,2,3,16,53,69
02338200,BAY STATE SCHOOL OF TECHNOLOGY          ,MA,02021-0000,Proprietary  ,8,16,24,62,269,331
02339400,ROB ROY ACADEMY                         ,MA,02746-0000,Proprietary  ,1,3,4,15,21,36
02491700,CORTIVA INSTITUTE -  BOSTON             ,MA,02472-2577,Proprietary  ,3,11,14,28,215,243
02523900,ELIZABETH GRADY SCHOOL OF ESTHETICS     ,MA,02155-0000,Proprietary  ,2,2,4,34,81,115
02579800,NEW ENGLAND SCHOOL OF ACUPUNCTURE       ,MA,02458-0000,Private      ,0,0,0,1,155,156
02614901,SANFORD-BROWN INSTITUTE - SPRINGFIELD   ,MA,01104-1739,Proprietary  ,0,0,0,3,3,6
03006802,PENNSYLVANIA CULINARY INSTITUTE - LE COR,MA,02142-1221,Proprietary  ,2,6,8,2,6,8
03066700,AILANO SCHOOL OF COSMETOLOGY            ,MA,02303-4740,Proprietary  ,1,4,5,22,38,60
03104000,SHAWSHEEN ADULT TECHNICAL INSTITUTE     ,MA,01821-5499,Public       ,0,0,0,12,41,53
03120800,KAY HARVEY HAIRDRESSING ACADEMY         ,MA,01089-2701,Proprietary  ,3,7,10,24,92,116
03127700,SOUTHERN NEW ENGLAND SCHOOL OF LAW      ,MA,02747-1252,Private      ,0,0,0,1,266,267
03130500,URBAN COLLEGE OF BOSTON                 ,MA,02111-1093,Private      ,0,11,11,50,556,606
03194300,BOSTON GRAD SCH OF PSYCHOANALYSIS       ,MA,02446-4602,Private      ,0,2,2,1,62,63
03196300,LINCOLN TECHNICAL INSTITUTE             ,MA,02145-1102,Proprietary  ,44,75,119,316,618,934
03196302,LINCOLN TECHNICAL INSTITUTE             ,MA,01852-5119,Proprietary  ,20,47,67,225,434,659
03205400,JOLIE HAIR & BEAUTY ACADEMY             ,MA,01056-2769,Proprietary  ,2,8,10,37,65,102
03232302,LINCOLN TECHNICAL INSTITUTE             ,MA,02401-1818,Proprietary  ,21,39,60,134,340,474
03235300,MASSACHUSETTS SCHOOL OF LAW             ,MA,01810-1094,Private      ,0,1,1,4,615,619
03240300,HAIR IN MOTION BEAUTY ACADEMY           ,MA,01604-2213,Proprietary  ,0,1,1,9,27,36
03248300,BOSTON BAPTIST COLLEGE                  ,MA,02136-4000,Private      ,0,0,0,84,39,123
03316400,FUNERAL INSTITUTE OF THE NORTHEAST      ,MA,02062-4766,Proprietary  ,0,5,5,16,79,95
03504300,NATL GRAD SCH OF QUALITY SYSTM MGMT     ,MA,02540-0000,Private      ,0,9,9,1,32,33
03763300,MEDICAL PROFESSIONAL INSTITUTE          ,MA,02148-8143,Proprietary  ,0,0,0,5,104,109
03859300,E.I.N.E.                                ,MA,01876-4709,Proprietary  ,1,0,1,4,35,39
03946300,FRANKLIN W. OLIN COLLEGE OF ENGINEERING ,MA,02492-1200,Private      ,1,0,1,385,6,391
04039300,SULLIVAN AND COGLIANO TRAINING CENTER   ,MA,02301-1822,Proprietary  ,9,155,164,58,756,814
04116900,DIGRIGOLI SCHOOL OF COSMETOLOGY         ,MA,01089-4623,Proprietary  ,3,1,4,9,8,17
04128000,MILLENNIUM TRAINING INSTITUTE           ,MA,01801-6386,Proprietary  ,0,4,4,0,13,13
04128900,CENTRAL MASS SCHOOL OF MASSAGE AND THERA,MA,01562-1712,Proprietary  ,0,0,0,7,9,16
00401000,INSTITUT INTERNAT'L D'ETUDES FRANCA     ,FC,00000-0000,Public       ,0,0,0,1,3,4
00401200,HEBREW UNIVERSITY OF JERUSALEM (THE)    ,FC,00000-0000,Public       ,0,1,1,45,123,168
00403000,UNIVERSITY OF CAMBRIDGE                 ,FC,00000-0000,Public       ,0,0,0,0,45,45
00503400,AMERICAN UNIVERSITY OF CAIRO            ,FC,00000-0000,Private      ,1,4,5,85,192,277
00667100,KATHOLIEKE UNIVERSITEIT LEUVEN          ,FC,00000-0000,Private      ,0,2,2,1,38,39
00669000,UNIVERSITY OF COPENHAGEN                ,FC,00000-0000,Public       ,0,0,0,7,10,17
00669100,UNIVERSITY OF CAMBRIDGE - PEMBROKE      ,FC,00000-0000,Public       ,0,0,0,1,17,18
00669200,UNIVERSITY OF LEEDS                     ,FC,00000-0000,Public       ,0,0,0,19,77,96
00669300,UNIV OF LONDON-LONDON SCHOOL ECON       ,FC,00000-0000,Public       ,0,3,3,19,527,546
00669400,SCH OF ORIENTAL & AFRICAN STUDIES       ,FC,00000-0000,Public       ,0,1,1,11,146,157
00669500,UNIV OF LONDON-UNIVERSITY COLLEGE       ,FC,00000-0000,Public       ,0,2,2,25,293,318
00669600,UNIV OF LONDON-SCH ADVANCED STUDY       ,FC,00000-0000,Public       ,0,1,1,0,18,18
00669700,"QUEEN MARY, UNIVERSITY OF LONDON        ",FC,00000-0000,Public       ,0,0,0,12,77,89
00669900,UNIVERSITY OF SUSSEX                    ,FC,00000-0000,Public       ,0,1,1,20,81,101
00670000,"UNIVERSITY OF YORK, THE                 ",FC,00000-0000,Public       ,0,2,2,9,107,116
00670400,UNIVERSITY COLLEGE CORK                 ,FC,00000-0000,Public       ,0,0,0,11,49,60
00671300,UPPSALA UNIVERSITY                      ,FC,00000-0000,Public       ,0,0,0,1,16,17
00671500,UNIVERSITY OF GENEVA                    ,FC,00000-0000,Public       ,0,0,0,1,43,44
00683900,UNIVERSITY OF EDINBURGH                 ,FC,00000-0000,Public       ,0,0,0,92,417,509
00684200,UNIVERSITY OF DUBLIN TRINITY COLLEG     ,FC,00000-0000,Public       ,2,2,4,31,134,165
00685000,UNIVERSITY OF CAMBRIDGE - DOWNING C     ,FC,00000-0000,Public       ,0,0,0,1,3,4
00685100,INTERNATIONAL CHRISTIAN UNIVERSITY      ,FC,00000-0000,Private      ,0,0,0,9,7,16
00763200,UNIVERSITY OF BRISTOL                   ,FC,00000-0000,Public       ,0,1,1,9,90,99
00768100,COLLEGE OF EUROPE                       ,FC,00000-0000,Private      ,0,0,0,1,4,5
00770500,ROYAL COLLEGE OF SURGEONS IN IRELAN     ,FC,00000-0000,Private      ,0,1,1,5,64,69
00788100,AMERICAN UNIVERSITY OF PARIS            ,FC,00000-0000,Private      ,3,2,5,245,151,396
00837100,AMERICAN UNIVERSITY OF BEIRUT           ,FC,00000-0000,Private      ,0,0,0,52,62,114
00837300,TEL-AVIV UNIVERSITY                     ,FC,00000-0000,Public       ,0,1,1,13,70,83
00837700,UNIVERSITEIT VAN AMSTERDAM(UNIVERSI     ,FC,00000-0000,Public       ,0,1,1,3,103,106
00838000,UNIVERSITY OF WARWICK                   ,FC,00000-0000,Public       ,0,1,1,5,58,63
00838300,UNIVERSITY OF GLASGOW                   ,FC,00000-0000,Public       ,0,0,0,36,296,332
00838600,UNIVERSITY OF HELSINKI                  ,FC,00000-0000,Public       ,0,0,0,0,8,8
00839300,UNIVERSITY OF OSLO                      ,FC,00000-0000,Public       ,0,0,0,4,9,13
00839400,UNIVERSITY OF OXFORD                    ,FC,00000-0000,Public       ,0,1,1,10,156,166
00839800,UNIVERSITY OF SHEFFIELD (THE)           ,FC,00000-0000,Public       ,0,1,1,5,71,76
00839900,UNIVERSITY OF SOUTHAMPTON               ,FC,00000-0000,Public       ,0,0,0,1,50,51
00845000,KASTURBA MEDICAL COLLEGE (A CONSTITENT I,FC,00000-0000,Private      ,0,0,0,29,111,140
00845200,ABERYSTWYTH UNIVERSITY                  ,FC,00000-0000,Public       ,0,0,0,12,28,40
00846000,UNIVERSITY OF NEWCASTLE UPON TYNE       ,FC,00000-0000,Public       ,0,0,0,6,50,56
00846100,UNIVERSITY OF SAINT ANDREWS             ,FC,00000-0000,Public       ,2,0,2,109,128,237
00846200,UNIVERSIDAD DE SALAMANCA                ,FC,00000-0000,Public       ,0,2,2,8,59,67
00850500,UNIVERSITY OF MELBOURNE                 ,FC,00000-0000,Public       ,0,2,2,13,136,149
00858600,SWANSEA UNIVERSITY                      ,FC,00000-0000,Public       ,0,0,0,11,30,41
00858700,UNIVERSITY OF DURHAM                    ,FC,00000-0000,Public       ,0,0,0,13,86,99
00866500,UNIVERSITY OF KENT AT CANTERBURY (THE)  ,FC,00000-0000,Public       ,0,0,0,9,132,141
00866600,UNIVERSITY OF HONG KONG                 ,FC,00000-0000,Public       ,0,0,0,12,33,45
00867000,UNIVERSITY OF NEW SOUTH WALES           ,FC,00000-0000,Public       ,1,1,2,18,94,112
00868700,UNIVERSITY OF ESSEX                     ,FC,00000-0000,Public       ,0,0,0,7,65,72
00869200,LEIDEN UNIVERSITY                       ,FC,00000-0000,Public       ,0,0,0,2,70,72
00869300,CITY UNIVERSITY                         ,FC,00000-0000,Public       ,0,0,0,5,95,100
00890800,THE UNIVERSITY OF BIRMINGHAM            ,FC,00000-0000,Public       ,0,3,3,8,79,87
00891000,UNIVERSITY OF HULL                      ,FC,00000-0000,Public       ,0,0,0,5,19,24
00892000,UNIVERSITY OF NOTTINGHAM                ,FC,00000-0000,Public       ,0,0,0,14,94,108
00900600,UNIVERSITY OF SALFORD (THE)             ,FC,00000-0000,Public       ,0,0,0,3,15,18
00908400,"UNIV OF LONDON, BIRKBECK                ",FC,00000-0000,Public       ,0,1,1,2,59,61
00908500,UNIV OF LONDON KING'S COLLEGE           ,FC,00000-0000,Public       ,0,1,1,23,189,212
00908600,UNIVERSITY OF LONDON - ROYAL HOLLOWAY   ,FC,00000-0000,Public       ,0,0,0,12,64,76
00914300,BAR-ILAN UNIVERSITY                     ,FC,00000-0000,Private      ,0,1,1,6,7,13
00924700,ARCHITECTURAL ASSOC SCH OF ARCHITEC     ,FC,00000-0000,Private      ,0,0,0,1,17,18
00924900,UNIVERSITY OF LIVERPOOL                 ,FC,00000-0000,Public       ,0,0,0,12,71,83
00936800,UNIVERSITY OF ABERDEEN                  ,FC,00000-0000,Public       ,0,2,2,35,126,161
00942300,ROYAL COLLEGE OF ART                    ,FC,00000-0000,Public       ,0,0,0,2,31,33
00942400,ROYAL ACADEMY OF DRAMATIC ART           ,FC,00000-0000,Private      ,0,0,0,6,10,16
00942800,TECHNION-ISRAEL INST OF TECHLGY         ,FC,00000-0000,Public       ,0,0,0,0,65,65
00944200,UNIVERSITY OF EXETER                    ,FC,00000-0000,Public       ,0,0,0,7,81,88
00944400,UNIVERSITY OF LANCASTER                 ,FC,00000-0000,Public       ,0,1,1,6,39,45
00963400,UNIVERSITY OF OXFORD ST CATHERINE'S     ,FC,00000-0000,Public       ,0,0,0,2,14,16
00980800,UNIVERSITY OF STRATHCLYDE               ,FC,00000-0000,Public       ,0,0,0,6,26,32
00981700,UNIVERSITY OF SANTO TOMAS               ,FC,00000-0000,Private      ,0,0,0,5,27,32
00986000,UNIVERSITY OF SURREY                    ,FC,00000-0000,Public       ,0,0,0,2,12,14
00988800,KAROLINSKA INSTITUTET                   ,FC,00000-0000,Public       ,0,0,0,0,9,9
00990600,PONTIFICAL NORTH AMERICAN COLLEGE       ,FC,00000-0000,Private      ,0,0,0,1,8,9
00992700,UNIVERSITY OF CAMBRIDGE - FITZWILLI     ,FC,00000-0000,Public       ,0,0,0,2,6,8
01006700,LUND UNIVERSITY                         ,FC,00000-0000,Public       ,1,0,1,2,42,44
01008400,UNIVERSITY OF CAPE TOWN                 ,FC,00000-0000,Private      ,0,1,1,6,42,48
01008700,UNIVERSITY OF OXFORD ST PETER'S COL     ,FC,00000-0000,Public       ,0,0,0,0,6,6
01008800,UNIVERSITY OF OXFORD - CORPUS CHRIS     ,FC,00000-0000,Public       ,0,0,0,0,1,1
01008900,CENTRAL SCHOOL OF SPEECH AND DRAMA      ,FC,00000-0000,Private      ,0,0,0,9,37,46
01009000,UNIVERSITY OF OXFORD - BALLIOL COLL     ,FC,00000-0000,Public       ,0,0,0,1,16,17
01014300,UNIVERSITY OF READING                   ,FC,00000-0000,Public       ,0,0,0,1,44,45
01015700,CARDIFF UNIVERSITY                      ,FC,00000-0000,Public       ,0,0,0,3,60,63
01015900,PONTIFICIA UNIVERSITA GREGORIANA        ,FC,00000-0000,Private      ,0,0,0,1,6,7
01016000,CG JUNG INST                            ,FC,00000-0000,Private      ,0,0,0,0,1,1
01018800,UNIVERSITY COLLEGE DUBLIN               ,FC,00000-0000,Public       ,1,2,3,13,148,161
01019000,UNIVERSITY OF CAMBRIDGE CHURCHILL C     ,FC,00000-0000,Public       ,0,0,0,1,3,4
01022800,UNIVERSITY OF STIRLING                  ,FC,00000-0000,Public       ,0,0,0,16,31,47
01033200,UNIVERSITY OF CAMBRIDGE - CLARE COL     ,FC,00000-0000,Public       ,0,0,0,0,7,7
01045600,UNIVERSITY OF HAIFA                     ,FC,00000-0000,Public       ,0,0,0,4,10,14
01047200,INST EUROPEEN OPEEN D'ADMINISTRATIO     ,FC,00000-0000,Private      ,0,0,0,0,84,84
01049300,CRANFIELD UNIVERSITY                    ,FC,00000-0000,Public       ,0,1,1,0,12,12
01052000,TRINITY LABAN                           ,FC,00000-0000,Public       ,0,0,0,1,5,6
01052001,LABAN CENTER FOR MOVEMENT & DANCE       ,FC,00000-0000,Public       ,0,0,0,4,10,14
01052500,UNIVERSITY OF HERTFORDSHIRE             ,FC,00000-0000,Public       ,0,0,0,3,2,5
01057400,LONDON INTRNTL FILM SCHOOL              ,FC,00000-0000,Private      ,0,0,0,3,22,25
01058400,VRIJE UNIVERSITEIT BRUSSELS             ,FC,00000-0000,Private      ,0,0,0,0,8,8
01058600,INSTITUTE OF SOCIAL STUDIES             ,FC,00000-0000,Private      ,0,0,0,0,10,10
01058800,AUSTRALIAN NATIONAL UNIVERSITY          ,FC,00000-0000,Public       ,0,2,2,13,50,63
01058900,BANGOR UNIVERSITY                       ,FC,00000-0000,Public       ,0,1,1,5,21,26
01059400,"RICHMOND, THE AMERICAN INT UNI IN LONDON",FC,00000-0000,Private      ,2,0,2,327,41,368
01059900,INST D'ETUDES POLITIQUES DE PARIS       ,FC,00000-0000,Public       ,0,0,0,4,38,42
01068100,MACQUARIE UNIVERSITY                    ,FC,00000-0000,Public       ,0,1,1,16,113,129
01069200,UNIVERSITY OF QUEENSLAND (THE)          ,FC,00000-0000,Public       ,0,2,2,16,119,135
01070400,SILLIMAN UNIVERSITY                     ,FC,00000-0000,Private      ,0,0,0,2,5,7
01078900,UNIVERSITY OF OXFORD - WORCESTER CO     ,FC,00000-0000,Public       ,0,0,0,0,3,3
01079200,CITY AND GUILDS OF LONDON INSTITUTE     ,FC,00000-0000,Private      ,0,0,0,1,4,5
01079500,AKADEMIA MEDYCZNA                       ,FC,00000-0000,Public       ,0,0,0,0,9,9
01079700,"NATIONAL UNIVERSITY OF IRELAND, MAY     ",FC,00000-0000,Public       ,0,0,0,3,10,13
01080300,SEMMELWEIS UNIVERSITY OF BUDAPEST       ,FC,00000-0000,Public       ,0,0,0,1,39,40
01081600,KINGSTON UNIVERSITY                     ,FC,00000-0000,Public       ,0,0,0,21,36,57
01083800,UNIVERSITITY OF BERGEN (UOB)            ,FC,00000-0000,Public       ,0,0,0,0,2,2
01086400,UNIV OF DUNDEE                          ,FC,00000-0000,Public       ,0,1,1,4,39,43
01086600,UNIVERSITY OF OXFORD - MAGDALEN COLLEGE ,FC,00000-0000,Public       ,0,0,0,0,5,5
01086700,UNIVERSITY OF OXFORD ST JOHN'S COLL     ,FC,00000-0000,Public       ,0,0,0,1,6,7
01091400,MONASH UNIVERSITY                       ,FC,00000-0000,Public       ,0,0,0,8,41,49
01091500,UNIV OF EAST ANGLIA                     ,FC,00000-0000,Public       ,1,1,2,13,51,64
01094200,UNIVERSITY OF OXFORD - ST HUGH'S CO     ,FC,00000-0000,Public       ,0,0,0,1,6,7
01097700,UNIVERSIDAD CENTRAL DEL ESTE            ,FC,00000-0000,Private      ,2,10,12,86,729,815
01098000,SOMERVILLE COLLEGE                      ,FC,00000-0000,Public       ,0,0,0,0,4,4
01099900,UNIV OF OXFORD - WADHAM COLLEGE         ,FC,00000-0000,Public       ,0,0,0,1,3,4
01104400,PONTIFICIA UNIVERSITA SAN TOMMASO       ,FC,00000-0000,Private      ,0,0,0,1,19,20
01105300,UNIVERSITY OF OXFORD - ST HILDA'S C     ,FC,00000-0000,Public       ,0,0,0,1,4,5
01105400,UNIVERSITY OF OXFORD - ST ANNE'S CO     ,FC,00000-0000,Public       ,0,0,0,0,7,7
01105500,UNIV OF OXFORD - LADY MARGARET HALL     ,FC,00000-0000,Public       ,0,0,0,1,11,12
01105600,UNIVERSITY OF OXFORD - UNIVERSITY C     ,FC,00000-0000,Public       ,0,0,0,1,12,13
01105700,UNIVERSITY OF OXFORD - TRINITY COLL     ,FC,00000-0000,Public       ,0,0,0,1,7,8
01105800,UNIVERSITY OF OXFORD-ST EDMUND HALL     ,FC,00000-0000,Public       ,0,0,0,1,15,16
01105900,UNIVERSITY OF OXFORD ST ANTONY'S CO     ,FC,00000-0000,Public       ,0,0,0,0,44,44
01106000,UNIVERSITY OF OXFORD - QUEEN'S COLL     ,FC,00000-0000,Public       ,0,0,0,1,4,5
01106100,UNIVERSITY OF OXFORD - PEMBROKE COL     ,FC,00000-0000,Public       ,0,0,0,1,3,4
01106200,UNIVERSITY OF OXFORD - ORIEL COLLEG     ,FC,00000-0000,Public       ,0,0,0,1,8,9
01106300,UNIVERSITY OF OXFORD - NUFFIELD COL     ,FC,00000-0000,Public       ,0,0,0,0,5,5
01106400,UNIVERSITY OF OXFORD - NEW COLLEGE      ,FC,00000-0000,Public       ,0,0,0,2,13,15
01106500,UNIVERSITY OF OXFORD MERTON COLLEGE     ,FC,00000-0000,Public       ,0,0,0,0,16,16
01106600,UNIVERSITY OF OXFORD - LINCOLN COLL     ,FC,00000-0000,Public       ,0,0,0,1,16,17
01106700,UNIVERSITY OF OXFORD - KEBLE COLLEG     ,FC,00000-0000,Public       ,0,0,0,0,10,10
01106800,UNIVERSITY OF OXFORD - JESUS COLLEG     ,FC,00000-0000,Public       ,0,0,0,0,8,8
01106900,UNIVERSITY OF OXFORD - HERTFORD COL     ,FC,00000-0000,Public       ,0,1,1,0,7,7
01107000,UNIVERSITY OF OXFORD EXETER COLLEGE     ,FC,00000-0000,Public       ,0,0,0,0,15,15
01107100,UNIV OF OXFORD - CHRIST CHURCH          ,FC,00000-0000,Public       ,0,0,0,0,20,20
01107200,UNIVERSITY OF OXFORD - BRASENOSE CO     ,FC,00000-0000,Public       ,0,0,0,0,3,3
01109100,FLINDERS UNIVERSITY OF S AUSTRALIA      ,FC,00000-0000,Public       ,0,0,0,3,21,24
01109400,UNIVERSITY OF WESTERN AUSTRALIA (THE)   ,FC,00000-0000,Public       ,0,0,0,6,17,23
01156700,"IMPERIAL COLLEGE OF SCIENCE, TECHNOLOGY ",FC,00000-0000,Public       ,0,0,0,5,42,47
01167900,UNIVERSITY OF BATH                      ,FC,00000-0000,Public       ,0,0,0,2,30,32
01168300,FRANKLIN COLLEGE  SWITZERLAND           ,FC,00000-0000,Private      ,0,0,0,305,9,314
01175800,UNIV OF CAMBRIDGE - PETERHOUSE          ,FC,00000-0000,Public       ,0,0,0,0,4,4
01176400,ROYAL ACADEMY OF MUSIC                  ,FC,00000-0000,Public       ,0,0,0,13,19,32
01176500,GOLDSMITHS' COLLEGE-UNIV OF LONDON      ,FC,00000-0000,Public       ,0,0,0,7,122,129
01176600,UNIV OF LONDON - INST OF EDUC           ,FC,00000-0000,Public       ,0,0,0,2,23,25
01177900,STOCKHOLM SCHOOL OF ECONOMICS           ,FC,00000-0000,Private      ,0,0,0,0,6,6
01178000,BRUNEL UNIVERSITY                       ,FC,00000-0000,Public       ,0,0,0,1,39,40
01178400,UNIVERSITY OF WARSAW                    ,FC,00000-0000,Public       ,0,0,0,0,12,12
01207500,UNIVERSITY CAMBRIDGE - TRINITY COLL     ,FC,00000-0000,Public       ,0,0,0,0,9,9
01207800,VICTORIA UNIV OF WELLINGTON             ,FC,00000-0000,Public       ,0,3,3,25,40,65
01210100,UNIVERSITY OF CAMBRIDGE - GIRTON CO     ,FC,00000-0000,Public       ,0,0,0,0,3,3
01213600,VICTORIA UNIV OF MANCHESTER (THE)       ,FC,00000-0000,Public       ,0,0,0,7,71,78
01219800,UNIVERSITY OF BRADFORD                  ,FC,00000-0000,Public       ,0,1,1,2,30,32
01220100,UNIVERSITY OF OXFORD - REGENT'S PAR     ,FC,00000-0000,Public       ,0,0,0,3,7,10
01220600,JAMES COOK UNIVERSITY                   ,FC,00000-0000,Public       ,0,0,0,15,69,84
01221300,PONTIFICIA BOLIVARIANA UNIVERSITY       ,FC,00000-0000,Private      ,0,0,0,1,1,2
01221500,BIRMINGHAM CITY UNIVERSITY              ,FC,00000-0000,Public       ,0,0,0,1,7,8
01222300,JAGIELLONIAN UNIVERSITY COLLEGIUM M     ,FC,00000-0000,Public       ,0,1,1,2,56,58
01222500,UNIVERSITY OF SZEGED FACULTY OF MEDICINE,FC,00000-0000,Public       ,0,0,0,1,11,12
01223400,KOREA UNIVERSITY                        ,FC,00000-0000,Private      ,0,0,0,5,10,15
01225800,ASTON UNIVERSITY                        ,FC,00000-0000,Public       ,0,0,0,1,6,7
01227500,UNIVERSITY OF OXFORD - WOLFSON COLL     ,FC,00000-0000,Public       ,0,0,0,0,15,15
01230200,GONVILLE & CAIUS COLLEGE                ,FC,00000-0000,Public       ,0,0,0,2,6,8
01233300,UNIV OF THE ARTS LONDON- CAMBERWELL COLL,FC,00000-0000,Public       ,0,0,0,8,14,22
01233500,ROYAL COLLEGE OF MUSIC                  ,FC,00000-0000,Public       ,0,0,0,2,16,18
01233700,WROCLAW UNIVERSITY OF MEDICINE          ,FC,00000-0000,Public       ,0,0,0,0,7,7
01234100,UNIVERSITY OF WALES - ST DAVID'S UN     ,FC,00000-0000,Public       ,0,0,0,5,40,45
01239700,KONINKLIJK CONSERVATORIUM               ,FC,00000-0000,Public       ,0,0,0,1,7,8
01242100,UNIV OF AUCKLAND                        ,FC,00000-0000,Public       ,0,1,1,26,60,86
01253900,UNIVERSITY OF THE ARTS LONDON IDO - CENT,FC,00000-0000,Public       ,0,0,0,45,47,92
01254000,UNIVERSIDAD DE NAVARRA                  ,FC,00000-0000,Private      ,0,0,0,7,20,27
01276500,UNIVERSITY OF OXFORD - LINACRE COLL     ,FC,00000-0000,Public       ,0,1,1,0,13,13
01276600,"NATIONAL UNIVERSITY IRELAND, GALWAY     ",FC,00000-0000,Public       ,0,1,1,10,45,55
01280200,PONTIFICIA UNIV CATOLICA MAD Y MAES     ,FC,00000-0000,Private      ,4,2,6,73,123,196
01281100,INST TECNOLOGICO DE SANTO DOMINGO       ,FC,00000-0000,Private      ,0,1,1,15,70,85
01283900,UNIVERSITY OF CAMBRIDGE - SAINT JOH     ,FC,00000-0000,Public       ,0,1,1,0,13,13
01286200,MOUNTVIEW ACADEMY OF THEATRE ARTS       ,FC,00000-0000,Private      ,0,0,0,0,4,4
01297800,UNIVERSITY OF HUDDERSFIELD (THE)        ,FC,00000-0000,Public       ,0,0,0,1,2,3
01315300,MASSEY UNIVERSITY                       ,FC,00000-0000,Public       ,0,4,4,10,82,92
01322500,COLLEGE OF LAW                          ,FC,00000-0000,Private      ,0,1,1,0,23,23
02052400,DARWIN COLLEGE                          ,FC,00000-0000,Public       ,0,0,0,0,8,8
02082400,UNIVERSITY OF CAMBRIDGE - QUEEN'S C     ,FC,00000-0000,Public       ,0,0,0,1,15,16
02083400,UNIVERSITY OF CAMBRIDGE - WOLFSON C     ,FC,00000-0000,Public       ,0,0,0,1,14,15
02087400,UNIVERSITY OF CAMBRIDGE - NEWNHAM C     ,FC,00000-0000,Public       ,0,0,0,0,7,7
02087900,OXFORD BROOKES UNIVERSITY               ,FC,00000-0000,Public       ,0,0,0,11,50,61
02094100,BEN-GURION UNIV                         ,FC,00000-0000,Public       ,0,0,0,2,151,153
02094400,UNIV OF CAMBRIDGE - ST EDMUND'S HOU     ,FC,00000-0000,Public       ,0,0,0,1,8,9
02095500,LONDON BUS SCHOOL                       ,FC,00000-0000,Private      ,0,2,2,0,127,127
02098700,FATIMA COLLEGE OF MEDICINE              ,FC,00000-0000,Private      ,0,0,0,4,45,49
02101900,ROEHAMPTON UNIVERSITY                   ,FC,00000-0000,Public       ,0,0,0,12,54,66
02108600,LONDON ACADEMY OF MUSIC & DRAMATIC      ,FC,00000-0000,Private      ,0,0,0,7,17,24
02115900,UNIVERSITY OF PORTSMOUTH                ,FC,00000-0000,Public       ,0,0,0,2,7,9
02116700,UNIVERSITY OF CAMBRIDGE - LUCY CAVE     ,FC,00000-0000,Public       ,0,0,0,0,6,6
02120000,UNIV OF LONDON - COURTALD INST OF A     ,FC,00000-0000,Public       ,0,0,0,0,33,33
02133400,UNIVERSITY OF CAMBRIDGE - SIDNEY SU     ,FC,00000-0000,Public       ,0,0,0,0,5,5
02142000,UNIVERSITY OF CAMBRIDGE - HOMERTON      ,FC,00000-0000,Public       ,0,0,0,0,5,5
02149700,UNIVERSITY OF WINCHESTER (THE)          ,FC,00000-0000,Public       ,2,0,2,5,4,9
02156800,UNIV OF OTAGO                           ,FC,00000-0000,Public       ,0,0,0,9,38,47
02162300,"IESE BUSINESS SCH, UNIV OF NAVARRA      ",FC,00000-0000,Private      ,0,0,0,4,54,58
02167400,UNIVERSITY OF CAMBRIDGE - CORPUS CH     ,FC,00000-0000,Public       ,0,0,0,0,6,6
02175700,OHR SOMAYACH INSTITUTIONS               ,FC,00000-0000,Private      ,1,0,1,6,7,13
02177700,KING'S COLLEGE- UNIV OF CAMBRIDGE       ,FC,00000-0000,Public       ,0,0,0,0,23,23
02180500,MIDDLESEX UNIVERSITY                    ,FC,00000-0000,Public       ,0,0,0,19,45,64
02181000,UNIVERSITY OF SOUTH AUSTRALIA           ,FC,00000-0000,Public       ,0,0,0,2,20,22
02183500,UNIV OF OXFORD - WYCLIFFE HALL          ,FC,00000-0000,Public       ,0,0,0,1,8,9
02186000,UNIVERSITY OF CAMBRIDGE - MAGDALENE     ,FC,00000-0000,Public       ,0,0,0,0,7,7
02186100,UNIVERSITY OF CAMBRIDGE - EMMANUEL      ,FC,00000-0000,Public       ,0,0,0,0,7,7
02189600,UNIVERSITY OF GRONINGEN                 ,FC,00000-0000,Public       ,0,0,0,1,14,15
02194800,UNIVERSITY OF THE WEST OF ENGLAND -     ,FC,00000-0000,Public       ,0,0,0,7,13,20
02195100,UNIV OF WESTMINSTER                     ,FC,00000-0000,Public       ,0,0,0,24,86,110
02196700,GUILDHALL SCHOOL OF MUSIC & DRAMA       ,FC,00000-0000,Public       ,0,0,0,4,18,22
02197000,INT'L GRAD PROGRAMME STOCKHOLM UNIV     ,FC,00000-0000,Public       ,0,0,0,0,12,12
02207300,UNIVERSITY OF CAMBRIDGE - CHRIST'S      ,FC,00000-0000,Public       ,0,0,0,0,3,3
02209500,UNIVERSITEIT UTRECHT                    ,FC,00000-0000,Public       ,1,0,1,12,42,54
02210000,UNIV OF LONDON - LONDON SCHOOL OF H     ,FC,00000-0000,Public       ,0,1,1,0,61,61
02212300,UNIVERSITY OF CAMBRIDGE - ROBINSON      ,FC,00000-0000,Public       ,0,0,0,1,1,2
02216300,UNIVERSIDAD DE CHILE                    ,FC,00000-0000,Public       ,0,0,0,3,10,13
02225300,UNIV OF CANTERBURY                      ,FC,00000-0000,Public       ,0,0,0,11,27,38
02229100,UNIVERSITY OF LEICESTER                 ,FC,00000-0000,Public       ,0,2,2,9,65,74
02229600,SACKLER SCHOOL OF MEDICINE              ,FC,00000-0000,Public       ,0,0,0,1,179,180
02232100,UNIVERSITY OF CAMBRIDGE                 ,FC,00000-0000,Public       ,0,0,0,0,14,14
02233300,"ST GEORGE'S UNIV, SCH OF MEDICINE       ",FC,00000-0000,Proprietary  ,0,38,38,15,2752,2767
02235300,LONDON METROPOLITAN UNIVERSITY          ,FC,00000-0000,Public       ,0,0,0,29,93,122
02240900,AISH HATORAH CLG OF JEWISH STUDIES      ,FC,00000-0000,Private      ,0,0,0,0,2,2
02244400,AMERICAN UNIV OF THE CARIBBEAN          ,FC,00000-0000,Proprietary  ,0,20,20,3,1100,1103
02257100,COVENTRY UNIVERSITY                     ,FC,00000-0000,Public       ,0,0,0,7,8,15
02266600,UNIVERSITY OF LONDON - SAINT GEORGE     ,FC,00000-0000,Public       ,0,4,4,0,4,4
02271700,UNIVERSITY OF CAMBRIDGE - CLARE HAL     ,FC,00000-0000,Public       ,0,2,2,0,14,14
02271900,UNIVERSITY OF OXFORD - BLACKFRIARS      ,FC,00000-0000,Public       ,0,0,0,1,2,3
02272100,UNIV OF OXFORD - GREYFRIARS             ,FC,00000-0000,Public       ,0,1,1,0,2,2
02272200,UNIV OF CAMBRIDGE - NEW HALL            ,FC,00000-0000,Public       ,0,0,0,1,2,3
02273600,QUEEN'S UNIV OF BELFAST (THE)           ,FC,00000-0000,Public       ,0,0,0,6,45,51
02273900,HERIOT WATT UNIVERSITY                  ,FC,00000-0000,Public       ,0,2,2,4,28,32
02279700,UNIVERSITY OF MANCHESTER - INSTITUT     ,FC,00000-0000,Public       ,0,0,0,17,90,107
02293400,ECOLE DES HAUTES ETUDES COMERCIALS      ,FC,00000-0000,Public       ,0,0,0,0,27,27
02296300,UNIVERSITY OF CAMBRIDGE - JESUS COL     ,FC,00000-0000,Public       ,1,1,2,1,4,5
02310500,DE MONTFORT UNIVERSITY                  ,FC,00000-0000,Public       ,0,0,0,4,8,12
02320500,ROYAL NORTHERN COLLEGE OF MUSIC         ,FC,00000-0000,Public       ,0,0,0,0,7,7
02335100,UNIV OF CAMBRIDGE - TRINITY HALL        ,FC,00000-0000,Public       ,0,0,0,1,8,9
02338900,UNIVERSITY  FOR THE CREATIVE ARTS       ,FC,00000-0000,Public       ,0,0,0,0,2,2
02338903,KENT INSTITUTE OF ART & DESIGN          ,FC,00000-0000,Public       ,0,0,0,1,2,3
02339300,ERASMUS UNIV ROTTERDAM                  ,FC,00000-0000,Public       ,0,0,0,0,33,33
02347300,ESCUELA AUTONOMA DE CIENCIAS MEDICA     ,FC,00000-0000,Private      ,1,0,1,11,30,41
02351800,UNIVERSIDAD IBEROAMERICANA (UNIBE       ,FC,00000-0000,Private      ,3,10,13,120,943,1063
02352100,UNIVERSITY OF PLYMOUTH                  ,FC,00000-0000,Public       ,0,0,0,8,18,26
02355200,ECOLE SUPERIEURE DE CUISINE FRANCAISE-FE,FC,00000-0000,Public       ,0,0,0,0,13,13
02363000,GSA CONSERVATOIRE                       ,FC,00000-0000,Private      ,0,0,0,3,2,5
02493000,ESCUELA SUPERIOR ADMINISTRACION Y D     ,FC,00000-0000,Private      ,0,0,0,1,37,38
02496600,UNIVERSITY OF STELLENBOSCH              ,FC,00000-0000,Public       ,0,1,1,3,9,12
02502600,PECSI ORVOSTUDOMANYI EGYETEM (PECS      ,FC,00000-0000,Public       ,0,0,0,0,14,14
02530000,E.M. LYON                               ,FC,00000-0000,Private      ,0,0,0,0,4,4
02545700,GLASGOW SCHOOL OF ART                   ,FC,00000-0000,Public       ,0,0,0,14,23,37
02579600,MURDOCH UNIVERSITY                      ,FC,00000-0000,Public       ,0,1,1,6,44,50
02588000,UNIVERSITY OF ULSTER                    ,FC,00000-0000,Public       ,0,0,0,5,16,21
02591800,CURTIN UNIVERSITY OF TECHNOLOGY         ,FC,00000-0000,Public       ,0,2,2,4,35,39
02592300,MILLTOWN INST OF THEOLOGY & PHILOSO     ,FC,00000-0000,Private      ,0,0,0,0,2,2
02604300,AALBORG UNIVERSITY                      ,FC,00000-0000,Public       ,0,0,0,0,4,4
02611500,HELSINKI SCH OF ECONOMICS & BUS ADM     ,FC,00000-0000,Public       ,0,0,0,0,2,2
02611600,ECOL NATIONAL DES PONTS ET CHAUSSEE     ,FC,00000-0000,Public       ,0,0,0,1,3,4
02611700,DUBLIN CITY UNIVERSITY                  ,FC,00000-0000,Public       ,0,1,1,8,28,36
02622500,DENMARKS TEKNISKE UNIVERSITET           ,FC,00000-0000,Public       ,0,0,0,0,2,2
02623200,UNIVERSITY OF NEWCASTLE (THE)           ,FC,00000-0000,Public       ,0,0,0,15,18,33
03012700,UNIVERSITY OF BUCKINGHAM                ,FC,00000-0000,Private      ,0,0,0,2,11,13
03029400,KEELE UNIVERSITY                        ,FC,00000-0000,Public       ,0,0,0,2,8,10
03029500,NORTHUMBRIA UNIVERSITY                  ,FC,00000-0000,Public       ,0,0,0,3,25,28
03029800,NORGES HANDELSHOYSKOLE                  ,FC,00000-0000,Public       ,0,0,0,0,7,7
03033300,MANCHESTER METROPOLITAN UNIV            ,FC,00000-0000,Public       ,0,0,0,12,16,28
03033700,NORWEGIAN SCHOOL OF MANAGEMENT          ,FC,00000-0000,Private      ,0,0,0,0,2,2
03045000,UNIVERSITY OF EAST LONDON               ,FC,00000-0000,Public       ,0,1,1,9,34,43
03050100,STUDIO ART CENTERS INTERNATIONAL        ,FC,00000-0000,Private      ,0,0,0,31,46,77
03066800,PONTIFICIO ATENEO DELLA SANTA CROCE     ,FC,00000-0000,Private      ,0,0,0,1,11,12
03067200,UNIVERSITY OF SYDNEY                    ,FC,00000-0000,Public       ,0,0,0,23,194,217
03073800,UNIV OF DEBRECEN MED & HEALTH SCI       ,FC,00000-0000,Public       ,0,0,0,4,23,27
03078700,UNIVERSITA COMMERCIALE L BOCCONI        ,FC,00000-0000,Public       ,0,0,0,1,23,24
03080300,SHEFFIELD HALLAM UNIVERSITY             ,FC,00000-0000,Public       ,0,0,0,3,6,9
03084300,UNIVERSITY OF LIMERICK                  ,FC,00000-0000,Public       ,0,0,0,10,24,34
03086900,AMERN GRAD SCHL OF BUS THE INST OF      ,FC,00000-0000,Private      ,0,0,0,0,1,1
03088100,SOPHIA ANTIPOLIS MANAGEMENT INST        ,FC,00000-0000,Private      ,0,0,0,1,1,2
03088700,ROYAL SCOTTISH ACAD MUSIC & DRAMA       ,FC,00000-0000,Public       ,0,0,0,10,10,20
03091400,UNIVERSITY OF WOLLONGONG                ,FC,00000-0000,Public       ,0,0,0,7,26,33
03091500,UNIVERSITY OF CANBERRA                  ,FC,00000-0000,Public       ,0,0,0,1,5,6
03091700,KAROL MARCINKOWSKI UNIV OF MED SCI      ,FC,00000-0000,Public       ,0,0,0,10,173,183
03092500,NOTTINGHAM TRENT UNIVERSITY             ,FC,00000-0000,Public       ,0,0,0,1,23,24
03095000,RMIT UNIVERSITY                         ,FC,00000-0000,Public       ,0,0,0,9,25,34
03095400,BOND UNIVERSITY                         ,FC,00000-0000,Private      ,2,1,3,47,79,126
03095900,ESSEC BUSINESS SCHOOL                   ,FC,00000-0000,Private      ,0,0,0,1,10,11
03096100,LA TROBE UNIVERSITY                     ,FC,00000-0000,Public       ,0,0,0,12,38,50
03096900,DEAKIN UNIVERSITY                       ,FC,00000-0000,Public       ,0,0,0,8,16,24
03097100,UNIVERSITY OF WESTERN SYDNEY            ,FC,00000-0000,Public       ,0,0,0,3,4,7
03097300,VICTORIA UNIVERSITY OF TECHNOLOGY       ,FC,00000-0000,Public       ,0,0,0,1,13,14
03097500,CENTRAL QUEENSLAND UNIVERSITY           ,FC,00000-0000,Public       ,0,0,0,2,6,8
03100000,UNIVERSITY OF ADELAIDE (THE)            ,FC,00000-0000,Public       ,0,0,0,2,45,47
03100200,INST DE MANAGEMENT HOTELIER INTERNA     ,FC,00000-0000,Private      ,0,0,0,0,1,1
03101600,ASIAN INSTITUTE OF MANAGEMENT           ,FC,00000-0000,Private      ,0,0,0,0,2,2
03102500,AMERICAN UNIVERSITY OF ROME             ,FC,00000-0000,Private      ,1,1,2,107,50,157
03102800,ROBERT GORDON UNIVERSITY (THE)          ,FC,00000-0000,Public       ,0,0,0,2,15,17
03103200,INT'L STUDIES CTR AT THE CORVINUS UNIVER,FC,00000-0000,Public       ,0,0,0,0,2,2
03104800,GRIFFITH UNIVERSITY                     ,FC,00000-0000,Public       ,0,1,1,19,53,72
03106100,ROSKILDE UNIV ROSKILDE UNIVERSITY C     ,FC,00000-0000,Public       ,0,0,0,2,1,3
03123500,HOGESCHOOL VAN AMSTERDAM                ,FC,00000-0000,Private      ,0,0,0,2,13,15
03125200,LINCOLN UNIVERSITY                      ,FC,00000-0000,Public       ,0,0,0,2,9,11
03136300,AUSTRALIAN CATHOLIC UNIVERSITY          ,FC,00000-0000,Public       ,0,0,0,1,6,7
03137400,CHARLES STURT UNIVERSITY                ,FC,00000-0000,Public       ,0,0,0,1,14,15
03140300,EDITH COWAN UNIVERSITY                  ,FC,00000-0000,Public       ,0,0,0,6,23,29
03140400,NORTHERN TERRITORY UNIVERSITY           ,FC,00000-0000,Public       ,0,0,0,0,3,3
03140500,QUEENSLAND UNIVERSITY OF TECHNOLOGY     ,FC,00000-0000,Public       ,0,1,1,6,30,36
03140600,SOUTHERN CROSS UNIVERSITY               ,FC,00000-0000,Public       ,0,1,1,9,19,28
03140700,SWINBURNE UNIVERSITY OF TECHNOLOGY      ,FC,00000-0000,Public       ,0,1,1,3,11,14
03140900,UNIVERSITY OF BALLARAT                  ,FC,00000-0000,Public       ,0,0,0,0,2,2
03150300,UNIVERSITY OF TASMANIA                  ,FC,00000-0000,Public       ,0,0,0,5,16,21
03274300,"KUNGLIGA TEKNISKA HOGSKOLAN, KTH        ",FC,00000-0000,Public       ,0,0,0,0,8,8
03287300,LIVERPOOL INSTITUTE FOR PERFORMING ARTS ,FC,00000-0000,Public       ,0,0,0,12,10,22
03300300,"2ND SCHOOL OF MEDICINE, CHARLES UNI     ",FC,00000-0000,Public       ,0,0,0,5,7,12
03300400,"FIRST FACULTY OF MEDICINE, CHARLES UNIV.",FC,00000-0000,Public       ,0,0,0,3,23,26
03329300,JOHN CABOT UNIVERSITY                   ,FC,00000-0000,Private      ,0,0,0,61,20,81
03333300,MEDICAL UNIVERSITY SCHOOL OF LUBLIN     ,FC,00000-0000,Public       ,0,5,5,23,189,212
03334300,UNIVERSIDAD NORDESTANA                  ,FC,00000-0000,Private      ,0,0,0,0,12,12
03335300,MEDICAL UNIVERSITY OF SILESIA           ,FC,00000-0000,Public       ,0,3,3,14,117,131
03342300,GLASGOW CALEDONIAN UNIVERSITY           ,FC,00000-0000,Public       ,0,0,0,2,3,5
03349400,"QUEEN MARGARET UNIVERSITY COLLEGE, EDINB",FC,00000-0000,Public       ,0,0,0,2,6,8
03350300,BOURNEMOUTH UNIVERSITY                  ,FC,00000-0000,Public       ,0,0,0,3,24,27
03352300,LONDON SOUTH BANK UNIVERSITY            ,FC,00000-0000,Private      ,0,0,0,7,23,30
03363300,THE ARTS EDUCATIONAL SCHOOLS LONDON     ,FC,00000-0000,Private      ,0,0,0,1,1,2
03364300,"FACULTY OF MEDICINE, PALACKY UNIVER     ",FC,00000-0000,Public       ,0,0,0,0,7,7
03365400,AUCKLAND INSTITUTE OF TECHNOLOGY        ,FC,00000-0000,Public       ,0,0,0,3,8,11
03366300,TROPICAL AGRICULTURE RESEARCH AND H     ,FC,00000-0000,Private      ,0,0,0,0,1,1
03375300,"CHARLES UNIVERSITY, FACULTY OF MEDI     ",FC,00000-0000,Public       ,0,0,0,1,4,5
03377300,"UNIVERSITY OF WALES INSTITUTE, CARD     ",FC,00000-0000,Public       ,0,0,0,2,6,8
03378300,"THE 3RD FACULTY OF MEDICINE, CHARLE     ",FC,00000-0000,Public       ,0,0,0,1,4,5
03386300,CHARLES UNIVERSITY-MEDICAL FACULTY      ,FC,00000-0000,Public       ,0,0,0,3,8,11
03406300,"THE SCHOOL OF PHARMACY, UNIVERSITY      ",FC,00000-0000,Public       ,0,0,0,2,1,3
03418400,NAPIER UNIVERSITY                       ,FC,00000-0000,Public       ,1,0,1,5,22,27
03435300,ANGLIA POLYTECHNIC UNIVERSITY HIGHE     ,FC,00000-0000,Public       ,0,0,0,4,4,8
03456600,ANGELES UNIVERSITY FOUNDATION           ,FC,00000-0000,Private      ,0,0,0,4,4,8
03460300,INTERNATIONALES THEOLOGISCHES INSTI     ,FC,00000-0000,Private      ,0,0,0,0,12,12
03462400,UNIV OF ARTS LONDON - LON COLL OF COMMUN,FC,00000-0000,Public       ,0,0,0,12,39,51
03466300,INSTITUTO CENTROAMERICANO DE ADMINI     ,FC,00000-0000,Private      ,0,1,1,0,7,7
03473300,UNIV OF ARTS LONDON - LON COLL FASHION  ,FC,00000-0000,Public       ,0,0,0,28,53,81
03475300,UNIV OF THE ARTS  LONDON - CHELSEA COLL ,FC,00000-0000,Public       ,0,0,0,9,17,26
03478300,ROYAL WELSH COLLEGE OF MUSIC AND DRAMA  ,FC,00000-0000,Public       ,0,1,1,0,6,6
03492400,UNIV OF CAMBRIDGE-ST CATHERINE'S CG     ,FC,00000-0000,Public       ,0,0,0,0,8,8
03494400,UNIV OF CAMBRIDGE-SELWYN COLLEGE        ,FC,00000-0000,Public       ,0,0,0,0,5,5
03494500,UNIV OF OXFORD-SAINT BENET'S HALL       ,FC,00000-0000,Public       ,0,0,0,0,1,1
03494600,UNIV OF OXFORD-HARRIS MANCHESTER        ,FC,00000-0000,Public       ,0,0,0,2,2,4
03500300,WIMBLEDON COLLEGE OF ART                ,FC,00000-0000,Public       ,0,0,0,4,3,7
03501400,LEEDS METROPOLITAN UNIVERSITY           ,FC,00000-0000,Public       ,0,0,0,3,9,12
03507300,UNIVERSITY OF SUNDERLAND                ,FC,00000-0000,Public       ,0,0,0,3,15,18
03515300,UNIVERSITY OF CENTRAL LANCASHIRE        ,FC,00000-0000,Public       ,0,0,0,4,10,14
03517300,UNIVERSITY OF BRIGHTON                  ,FC,00000-0000,Public       ,0,1,1,6,14,20
03518300,EUROPEAN GRADUATE SCHOOL                ,FC,00000-0000,Private      ,0,5,5,0,99,99
03526300,INST CENTROAMERICANO DE ADM DE EMP      ,FC,00000-0000,Private      ,0,0,0,0,4,4
03527300,SOFIA UNIVERSITY ST. KLIMENT OHRIDSKI   ,FC,00000-0000,Public       ,0,0,0,0,1,1
03533300,BATH SPA UNIVERSITY                     ,FC,00000-0000,Public       ,0,0,0,2,17,19
03547300,UNIVERSITY OF GLAMORGAN                 ,FC,00000-0000,Public       ,0,0,0,2,1,3
03580300,LIVERPOOL JOHN MOORES UNIVERSITY        ,FC,00000-0000,Public       ,0,0,0,6,3,9
03594300,GROUP ESC GRENOBLE GRAD SCH OF BUS.     ,FC,00000-0000,Private      ,0,1,1,1,26,27
03597300,JAGIELLONIAN UNIVERSITY                 ,FC,00000-0000,Public       ,0,1,1,1,20,21
03601300,UNIVERSITAT JAUME I DE CASTELLO/UJI     ,FC,00000-0000,Public       ,0,1,1,0,17,17
03603300,LEEDS COLLEGE OF MUSIC                  ,FC,00000-0000,Public       ,0,0,0,1,0,1
03619300,UNIVERSITY OF GREENWICH                 ,FC,00000-0000,Public       ,0,0,0,5,29,34
03653400,UNIVERSIDAD DE IBEROAMERICA - UNIBE     ,FC,00000-0000,Private      ,1,1,2,4,25,29
03674300,UNIVERSITY OF ABERTAY DUNDEE            ,FC,00000-0000,Public       ,0,0,0,2,2,4
03684400,UNIVERSITY OF LINCOLN                   ,FC,00000-0000,Public       ,0,0,0,2,7,9
03684500,MEDICAL UNIVERSITY OF GDANSK            ,FC,00000-0000,Public       ,0,0,0,0,14,14
03684600,POMERANIAN MEDICAL UNIVERSITY           ,FC,00000-0000,Public       ,0,0,0,1,1,2
03692300,DONCASTER COLLEGE                       ,FC,00000-0000,Public       ,0,0,0,1,0,1
03694300,UNIVERSITY COLLEGE CHICHESTER           ,FC,00000-0000,Public       ,0,0,0,0,1,1
03697300,NATIONAL FILM & TELEVISION SCHOOL       ,FC,00000-0000,Private      ,0,0,0,0,5,5
03716300,"UNIVERSITY OF WALES, NEWPORT            ",FC,00000-0000,Public       ,0,0,0,0,5,5
03721300,WRITTLE COLLEGE                         ,FC,00000-0000,Public       ,0,0,0,1,1,2
03727400,UNIVERSITY OF WAIKATO (THE)             ,FC,00000-0000,Public       ,0,0,0,2,4,6
03770300,NAZARENE THEOLOGICAL COLLEGE            ,FC,00000-0000,Private      ,0,0,0,1,5,6
03777400,WESTMINSTER COLLEGE                     ,FC,00000-0000,Private      ,0,0,0,1,4,5
03816400,AMERICAN GRAD SCH OF INTERNTL REL & DIPL,FC,00000-0000,Private      ,0,0,0,1,35,36
03818300,LEIPZIG GRADUATE SCHOOL OF MANAGEMENT   ,FC,00000-0000,Private      ,0,0,0,0,8,8
03824300,"ROYAL VETERINARY COLLEGE (THE), UNIVERSI",FC,00000-0000,Public       ,0,0,0,3,81,84
03850500,MEDICAL UNIVERSITY OF LODZ              ,FC,00000-0000,Public       ,0,0,0,3,91,94
03859400,UNIVERSITY COLLEGE FALMOUTH             ,FC,00000-0000,Public       ,0,0,0,6,4,10
03897400,INTERNATIONAL SPACE UNIVERSITY          ,FC,00000-0000,Private      ,0,0,0,0,1,1
03926400,NATIONAL COLLEGE OF ART AND DESIGN      ,FC,00000-0000,Public       ,0,0,0,2,6,8
03941301,AVE MARIA UNIVERSITY - LATIN AMERICA    ,FC,00000-0000,Private      ,2,0,2,160,37,197
03978300,SPURGEON'S COLLEGE                      ,FC,00000-0000,Private      ,0,0,0,0,1,1
04021400,"AMERICAN COLLEGE, DUBLIN LIMITED (THE)  ",FC,00000-0000,Private      ,1,0,1,2,0,2
04021500,CENTRAL EUROPEAN UNIVERSITY             ,FC,00000-0000,Private      ,0,3,3,0,3,3
04070300,"RAPHAEL RECANATI INTERNATIONAL SCHOOL, T",FC,00000-0000,Private      ,0,2,2,2,14,16
04085400,NEW ZEALAND COLLEGE OF CHIROPRACTIC     ,FC,00000-0000,Private      ,0,0,0,0,1,1
00380600,ALDERSON-BROADDUS COLLEGE               ,WV,26416-1051,Private      ,0,0,0,794,314,1108
00380700,MOUNTAIN STATE UNIVERSITY               ,WV,25801-5624,Private      ,18,282,300,1152,5738,6890
00380800,BETHANY COLLEGE                         ,WV,26032-0417,Private      ,4,0,4,1114,61,1175
00380900,BLUEFIELD STATE COLLEGE                 ,WV,24701-2198,Public       ,12,17,29,1230,1557,2787
00381000,CONCORD UNIVERSITY                      ,WV,24712-0000,Public       ,5,6,11,2670,988,3658
00381100,DAVIS & ELKINS COLLEGE                  ,WV,26241-3996,Private      ,4,1,5,570,283,853
00381200,FAIRMONT STATE UNIVERSITY               ,WV,26554-2470,Public       ,10,49,59,4449,3056,7505
00381300,GLENVILLE STATE COLLEGE                 ,WV,26351-1292,Public       ,0,6,6,1263,444,1707
00381500,MARSHALL UNIVERSITY                     ,WV,25755-3300,Public       ,22,106,128,7956,5909,13865
00381600,SOUTHERN WV COMMUNITY COLLEGE           ,WV,25637-2900,Public       ,3,8,11,1075,1233,2308
00381800,UNIVERSITY OF CHARLESTON                ,WV,25304-1099,Private      ,1,2,3,1411,631,2042
00381900,OHIO VALLEY COLLEGE                     ,WV,26105-8000,Private      ,2,10,12,431,235,666
00382000,SALEM INTERNATIONAL UNIVERSITY          ,WV,26426-0500,Proprietary  ,1,37,38,233,459,692
00382200,SHEPHERD UNIVERSITY                     ,WV,25443-3210,Public       ,3,11,14,2960,1124,4084
00382300,WEST LIBERTY STATE COLLEGE              ,WV,26074-0295,Public       ,2,7,9,2294,604,2898
00382600,WEST VIRGINIA STATE UNIVERSITY          ,WV,25112-0000,Public       ,8,24,32,2394,2501,4895
00382700,WEST VIRGINIA UNIVERSITY                ,WV,26506-6201,Public       ,41,97,138,20830,7756,28586
00382711,WEST VIRGINIA UNIVERSITY - POTOMAC STATE,WV,26726-3000,Public       ,2,8,10,1308,354,1662
00382721,WEST VIRGINIA UNIV INST OF TECH         ,WV,25136-2436,Public       ,2,5,7,1369,616,1985
00382800,WEST VIRGINIA UNIV AT PARKERSBURG       ,WV,26101-9577,Public       ,3,58,61,1416,2215,3631
00383000,WEST VIRGINIA WESLEYAN COLLEGE          ,WV,26201-2600,Private      ,2,3,5,1530,144,1674
00383100,WHEELING JESUIT UNIVERSITY              ,WV,26003-6243,Private      ,0,4,4,1303,537,1840
00500700,WEST VIRGINIA JUNIOR COLLEGE            ,WV,26505-5596,Proprietary  ,2,16,18,123,192,315
00500800,MOUNTAIN STATE COLLEGE                  ,WV,26101-3993,Proprietary  ,0,14,14,38,214,252
00754400,APPALACHIAN BIBLE COLLEGE               ,WV,25818-1353,Private      ,2,0,2,249,63,312
00757800,HUNTINGTON SCHOOL OF BEAUTY CULTURE     ,WV,25705-2030,Proprietary  ,3,4,7,41,78,119
00760000,INTERNATIONAL BEAUTY SCHOOL             ,WV,25401-3231,Proprietary  ,3,13,16,26,89,115
00835500,JAMES RUMSEY TECHNICAL INSTITUTE        ,WV,25403-0259,Public       ,0,0,0,41,90,131
00895900,CLARKSBURG BEAUTY ACADEMY               ,WV,26301-2903,Proprietary  ,9,23,32,68,109,177
00904700,HUNTINGTON JUNIOR COLLEGE               ,WV,25701-2004,Proprietary  ,19,97,116,201,1221,1422
00905400,WEST VIRGINIA NORTHERN CMTY COLLEGE     ,WV,26003-0000,Public       ,6,54,60,898,1951,2849
01014000,MINERAL COUNTY VOCATIONAL TECH CTR      ,WV,26726-0000,Public       ,0,0,0,6,34,40
01035600,EVEREST INSTITUTE                       ,WV,25313-1304,Proprietary  ,14,67,81,403,1692,2095
01057300,WEST VIRGINIA JUNIOR COLLEGE            ,WV,25322-0000,Proprietary  ,7,47,54,116,346,462
01057302,WEST VIRGINIA JUNIOR COLLEGE            ,WV,26330-0000,Proprietary  ,12,22,34,176,350,526
01086100,WEST VIRGINIA BUSINESS COLLEGE          ,WV,26301-0000,Proprietary  ,6,20,26,37,164,201
01124500,WEST VIRGINIA SCH OSTEOPATHIC MED       ,WV,24901-1128,Public       ,0,0,0,5,672,677
01174900,WOOD COUNTY SCH OF PRAC NURSING         ,WV,26101-6424,Public       ,0,0,0,20,50,70
01235900,B M SPURR SCHOOL OF PRAC NURSING        ,WV,26038-1660,Private      ,0,0,0,8,15,23
01257300,WEST VIRGINIA UNIV-HOSP-RAD TECH        ,WV,26506-8062,Private      ,0,0,0,61,42,103
01274300,BENJAMIN FRANKLIN CAREER&TECH           ,WV,25064-0000,Public       ,0,1,1,50,141,191
01290400,MONONGALIA CNTY TECH ED CTR             ,WV,26501-6841,Public       ,0,0,0,46,87,133
01290500,ACADEMY OF CAREERS AND TECHNOLOGY       ,WV,25801-0000,Public       ,0,2,2,55,196,251
02057400,ROANE-JACKSON TECHNICAL CENTER          ,WV,25252-0000,Public       ,1,0,1,20,67,87
02068000,UNITED TECHNICAL CENTER                 ,WV,26301-0000,Public       ,2,0,2,27,77,104
02070100,BECKLEY BEAUTY ACADEMY                  ,WV,25801-0000,Proprietary  ,4,8,12,26,53,79
02073400,CARVER CAREER TECH ED CTR               ,WV,25306-6397,Public       ,5,1,6,126,197,323
02145100,SCOTT COLLEGE OF COSMETOLOGY            ,WV,26003-0000,Proprietary  ,4,5,9,41,36,77
02178200,CHARLESTON SCHOOL OF BEAUTY CULTURE     ,WV,25301-0000,Proprietary  ,9,10,19,44,103,147
02218200,GARNET CAREER CENTER                    ,WV,25301-0000,Public       ,10,31,41,64,310,374
02275300,CABELL COUNTY CAREER TECHNOLOGY CTR     ,WV,25705-0000,Public       ,0,2,2,36,106,142
02280300,WV CAREER AND TECHNICAL INSTITUTE       ,WV,25112-0000,Public       ,0,0,0,17,33,50
02524500,RALPH R WILLIS VOCATIONAL CENTER        ,WV,25601-0000,Public       ,0,0,0,11,31,42
02534800,FRED W EBERLE TECHNICAL CENTER          ,WV,26201-0000,Public       ,0,0,0,37,74,111
02535500,MERCER COUNTY TECH EDUC CNTR            ,WV,24740-0000,Public       ,1,0,1,43,122,165
02579900,NORTH CENTRAL OPPORTUNITIES IND CTR     ,WV,26554-2936,Private      ,1,4,5,25,81,106
02609400,VALLEY COLLEGE                          ,WV,25404-5711,Proprietary  ,0,22,22,18,162,180
03052000,MEREDITH MANOR EQUESTRIAN CENTRE        ,WV,26184-9707,Proprietary  ,0,2,2,82,59,141
03076500,FAYETTE INSTITUTE OF TECHNOLOGY         ,WV,25901-2174,Public       ,0,2,2,6,49,55
03084200,VALLEY COLLEGE                          ,WV,24740-3141,Proprietary  ,0,5,5,15,83,98
03084400,VALLEY COLLEGE                          ,WV,25801-2643,Proprietary  ,1,3,4,28,135,163
03098300,PUTNAM CAREER & TECHNICAL CENTER        ,WV,25070-0000,Public       ,0,0,0,17,57,74
03099200,"MOUNTAINEER BEAUTY COLLEGE, INC         ",WV,25177-2917,Proprietary  ,1,4,5,22,61,83
03102100,MORGANTOWN BEAUTY COLLEGE               ,WV,26505-5430,Proprietary  ,1,2,3,49,72,121
03123200,STANLEY TECHNICAL INSTITUTE             ,WV,26505-3751,Private      ,0,4,4,14,49,63
03327500,SOUTH BRANCH VOCATIONAL TECH CENTER     ,WV,26847-1698,Public       ,0,0,0,3,12,15
03734300,JOHN D. ROCKEFELLER IV CAREER CENTER    ,WV,26047-9424,Public       ,0,0,0,3,27,30
03819300,AMERICAN PUBLIC UNIVERSITY SYSTEM       ,WV,25414-1621,Proprietary  ,5,261,266,109,4945,5054
03957300,BLUE RIDGE COMMUNITY AND TECHNICAL COLLE,WV,25401-3244,Public       ,2,26,28,355,673,1028
03960300,NEW RIVER COMMUNITY AND TECHNICAL COLLEG,WV,25801-2636,Public       ,8,34,42,642,1436,2078
04028300,MOUNTAIN STATE SCHOOL OF MASSAGE        ,WV,25304-2025,Proprietary  ,0,0,0,22,53,75
04038500,PIERPONT COMMUNITY & TECHNICAL COLLEGE  ,WV,26554-2451,Public       ,2,9,11,492,477,969
04038600,WEST VIRGINIA STATE COMMUNITY AND TECHNI,WV,25112-1000,Public       ,2,12,14,354,831,1185
04041400,MARSHALL COMMUNITY AND TECHNICAL COLLEGE,WV,25755-3300,Public       ,3,15,18,651,734,1385
04047300,BRIDGEMONT COMMUNITY & TECHNICAL COLLEGE,WV,25136-2435,Public       ,3,4,7,244,199,443
00106100,ALASKA PACIFIC UNIVERSITY               ,AK,99508-4672,Private      ,3,12,15,366,609,975
00106200,SHELDON JACKSON COLLEGE                 ,AK,99835-7699,Private      ,0,0,0,49,41,90
00106300,UNIVERSITY OF ALASKA FAIRBANKS          ,AK,99775-7500,Public       ,18,55,73,2134,2708,4842
00106500,UNIVERSITY OF ALASKA SOUTHEAST          ,AK,99801-8680,Public       ,2,36,38,454,839,1293
00884300,ALASKA BIBLE COLLEGE                    ,AK,99588-0000,Private      ,0,0,0,12,7,19
01146200,UNIVERSITY OF ALASKA ANCHORAGE          ,AK,99514-1608,Public       ,36,100,136,4130,5838,9968
02541000,CAREER ACADEMY                          ,AK,99507-0000,Proprietary  ,10,37,47,124,472,596
02576900,CHARTER COLLEGE                         ,AK,99508-0000,Proprietary  ,8,53,61,158,1009,1167
03160300,ALASKA VOCATIONAL TECHNICAL CENTER      ,AK,99664-0889,Public       ,2,2,4,136,205,341
03461300,ILISAGVIK COLLEGE                       ,AK,99723-0749,Public       ,0,1,1,14,52,66
00108500,UNIV ARKANSAS MONTICELLO                ,AR,71656-0000,Public       ,27,74,101,1782,2006,3788
00108501,GREAT RIVERS TECHNICAL INSTITUTE        ,AR,71654-0000,Public       ,0,0,0,7,51,58
00108502,FOREST ECHOES TECHNICAL INSTITUTE       ,AR,71635-0000,Public       ,0,0,0,13,43,56
00108600,UNIV OF ARKANSAS AT PINE BLUFF          ,AR,71601-2790,Public       ,56,37,93,3099,1685,4784
00108700,ARKANSAS BAPTIST COLLEGE                ,AR,72202-6099,Private      ,10,14,24,467,486,953
00108800,LYON COLLEGE                            ,AR,72501-3699,Private      ,1,0,1,619,97,716
00108900,ARKANSAS TECH UNIVERSITY                ,AR,72801-2222,Public       ,21,31,52,4039,2918,6957
00109000,ARKANSAS STATE UNIVERSITY               ,AR,72467-0000,Public       ,47,164,211,6229,7534,13763
00109006,DELTA TECHNICAL INSTITUTE               ,AR,72365-9558,Public       ,1,0,1,30,80,110
00109100,ARKANSAS STATE UNIVERSITY - BEEBE       ,AR,72012-1000,Public       ,14,58,72,1354,2486,3840
00109200,UNIVERSITY OF CENTRAL ARKANSAS          ,AR,72035-0001,Public       ,71,88,159,7381,3948,11329
00109300,CENTRAL BAPTIST COLLEGE                 ,AR,72034-6470,Private      ,3,5,8,306,278,584
00109400,UNIVERSITY OF THE OZARKS                ,AR,72830-2880,Private      ,3,1,4,570,125,695
00109500,CROWLEYS RIDGE COLLEGE                  ,AR,72450-9775,Private      ,2,1,3,124,42,166
00109700,HARDING UNIVERSITY                      ,AR,72149-0001,Private      ,30,69,99,3100,1367,4467
00109800,HENDERSON STATE UNIVERSITY              ,AR,71999-0001,Public       ,21,47,68,2586,1709,4295
00109900,HENDRIX COLLEGE                         ,AR,72032-3080,Private      ,2,1,3,1487,81,1568
00110000,JOHN BROWN UNIVERSITY                   ,AR,72761-2747,Private      ,2,14,16,1208,1034,2242
00110100,UNIV ARKANSAS LITTLE ROCK               ,AR,72204-1099,Public       ,28,168,196,3959,8727,12686
00110200,OUACHITA BAPTIST UNIVERSITY             ,AR,71998-0001,Private      ,3,0,3,1362,118,1480
00110300,PHILANDER SMITH COLLEGE                 ,AR,72202-3718,Private      ,2,10,12,582,580,1162
00110400,PHILLIPS COUNTY COMMUNITY COLLEGE       ,AR,72342-0000,Public       ,39,37,76,476,1116,1592
00110401,RICE BELT TECH INST                     ,AR,72042-0000,Public       ,1,1,2,8,10,18
00110600,WILLIAMS BAPTIST COLLEGE                ,AR,72476-4661,Private      ,3,1,4,481,176,657
00110700,SOUTHERN ARKANSAS UNIVERSITY            ,AR,71754-0000,Public       ,34,37,71,2056,1583,3639
00110800,UNIV ARKANSAS FAYETTEVILLE              ,AR,72701-0000,Public       ,63,96,159,8491,5182,13673
00110900,UNIV OF ARKANSAS FOR MEDCL SCIENCES     ,AR,72205-7102,Public       ,1,9,10,388,1583,1971
00110901,UNIV OF ARKANSAS COLG OF MEDICINE       ,AR,72205-0000,Public       ,3,2,5,29,635,664
00111000,UNIVERSITY OF ARKANSAS-FORT SMITH       ,AR,72904-7397,Public       ,35,98,133,2862,3652,6514
00524500,U OF A COMM COLLEGE AT MORRILTON        ,AR,72110-9601,Public       ,7,33,40,810,1360,2170
00570700,SEARK COLLEGE                           ,AR,71603-0000,Public       ,24,80,104,658,2046,2704
00573200,UNIV AR COMMUNITY COLLEGE AT HOPE       ,AR,71801-0000,Public       ,9,36,45,434,960,1394
00704400,CROWLEYS RIDGE TECHNICAL INSTITUTE      ,AR,72336-0000,Public       ,1,3,4,87,241,328
00773800,SOUTHERN ARKANSAS UNIVERSITY TECH       ,AR,71701-1900,Public       ,5,12,17,353,643,996
00792100,FAYETTEVILLE BEAUTY COLLEGE             ,AR,72701-0000,Proprietary  ,3,8,11,31,89,120
00997600,OUACHITA TECHNICAL COLLEGE              ,AR,72104-0816,Public       ,9,30,39,304,783,1087
01074100,MELLIE'S BEAUTY COLLEGE                 ,AR,72901-3886,Proprietary  ,3,14,17,32,122,154
01210500,NATIONAL PARK COMMUNITY COLLEGE         ,AR,71913-9174,Public       ,15,85,100,809,1909,2718
01226000,EAST ARKANSAS COMMUNITY COLLEGE         ,AR,72335-2204,Public       ,7,13,20,516,891,1407
01226100,NORTH ARKANSAS COLLEGE                  ,AR,72601-5508,Public       ,9,37,46,789,1524,2313
01286000,ARKANSAS NORTHEASTERN COLLEGE           ,AR,72316-1109,Public       ,33,60,93,697,1446,2143
02052200,BLACK RIVER TECHNICAL COLLEGE           ,AR,72455-0000,Public       ,19,35,54,694,1503,2197
02073500,UNIVERSITY OF ARKANSAS COMMUNITY COLLEGE,AR,72503-0000,Public       ,5,40,45,427,1192,1619
02073700,NORTHWEST TECHNICAL INSTITUTE           ,AR,72765-0000,Public       ,3,4,7,104,295,399
02074600,SOUTH ARKANSAS COMMUNITY COLLEGE        ,AR,71731-0000,Public       ,17,49,66,451,1250,1701
02075300,PULASKI TECHNICAL COLLEGE               ,AR,72118-0000,Public       ,27,150,177,2264,8948,11212
02087000,OZARKA COLLEGE                          ,AR,72556-0000,Public       ,6,18,24,283,906,1189
02111100,RICH MOUNTAIN COMMUNITY COLLEGE         ,AR,71953-0000,Public       ,1,9,10,355,556,911
02202400,PROFESSIONAL COSMETOLOGY EDUC CTR       ,AR,71730-5828,Proprietary  ,1,8,9,13,47,60
02220900,COSSATOT COMMUNITY COLLEGE              ,AR,71832-0000,Public       ,4,14,18,360,998,1358
02260400,BEE JAY'S HAIRSTYLING ACADEMY           ,AR,72212-0000,Proprietary  ,2,7,9,20,65,85
02260401,BEE JAY'S HAIRSTYLING ACADEMY - BATESVIL,AR,72501-6709,Proprietary  ,0,1,1,0,1,1
02272400,EASTERN COLLEGE OF HEALTH VOCATIONS     ,AR,72209-0000,Proprietary  ,13,65,78,174,675,849
02284200,NEW TYLER BARBER COLLEGE INC            ,AR,72114-0000,Proprietary  ,3,14,17,57,95,152
02287400,MARSHA KAY BEAUTY COLLEGE               ,AR,72653-0000,Proprietary  ,0,2,2,6,31,37
02321701,ITT TECHNICAL INSTITUTE                 ,AR,72204-9925,Proprietary  ,24,75,99,293,801,1094
02330800,JEFFERSON SCHOOL OF NURSING             ,AR,71603-0000,Private      ,0,0,0,29,107,136
02339800,SOUTHERN INSTITUTE OF COSMETOLOGY       ,AR,72301-0000,Proprietary  ,1,21,22,17,70,87
02341700,CAREER ACADEMY OF HAIR DESIGN           ,AR,72764-4304,Proprietary  ,2,5,7,39,98,137
02348200,MID-SOUTH COMMUNITY COLLEGE             ,AR,72301-0000,Public       ,25,63,88,601,1360,1961
02363500,ARTHUR'S BEAUTY COLLEGE                 ,AR,72901-0000,Proprietary  ,1,6,7,28,112,140
02525800,LEE'S SCHOOL OF COSMETOLOGY             ,AR,72114-0000,Proprietary  ,3,8,11,36,60,96
02538500,ARTHUR'S BEAUTY COLLEGE                 ,AR,72076-0000,Proprietary  ,3,15,18,78,249,327
02569600,SEARCY BEAUTY COLLEGE                   ,AR,72143-0000,Proprietary  ,2,8,10,19,76,95
02605503,REMINGTON COLLEGE  - LITTLE ROCK CAMPUS ,AR,72204-0000,Proprietary  ,0,0,0,0,1,1
03005100,ARKANSAS BEAUTY SCHOOL                  ,AR,72209-5116,Proprietary  ,1,5,6,25,103,128
03007100,HOT SPRINGS BEAUTY COLLEGE              ,AR,71901-5432,Proprietary  ,2,4,6,31,88,119
03007600,ARKANSAS BEAUTY SCHOOL-CONWAY           ,AR,72032-4354,Proprietary  ,1,6,7,29,79,108
03023400,ARKANSAS COLLEGE OF BARBERING           ,AR,72114-5615,Proprietary  ,5,15,20,40,154,194
03030903,DIESEL DRIVING ACADEMY - LITTLE ROCK    ,AR,72117-9624,Proprietary  ,0,0,0,0,1,1
03063300,NORTHWEST ARKANSAS COMMUNITY COLLEG     ,AR,72712-5190,Public       ,27,79,106,1634,2956,4590
03065100,ABC BEAUTY COLLEGE                      ,AR,71923-4206,Proprietary  ,2,8,10,17,58,75
03066302,BRYAN COLLEGE -                         ,AR,72756-1825,Proprietary  ,7,20,27,38,171,209
03105200,BAPTIST HEALTH SCHOOLS LITTLE ROCK      ,AR,72210-0000,Private      ,3,5,8,256,1018,1274
03116800,"DELUXE BEAUTY SCHOOL, L.L.C.            ",AR,71603-0000,Proprietary  ,0,1,1,15,17,32
03124900,IMAGINE -  PAUL MITCHELL PARTNER SCHOOL ,AR,72117-2516,Proprietary  ,5,7,12,15,44,59
03127200,ASKINS VO-TECH                          ,AR,72908-8028,Proprietary  ,0,0,0,3,38,41
03212300,BLYTHEVILLE ACADEMY OF COSMETOLOGY      ,AR,72315-3424,Proprietary  ,0,8,8,13,32,45
03214300,VELVATEX COLLEGE OF BEAUTY CULTURE      ,AR,72202-5452,Proprietary  ,0,6,6,8,45,53
03254300,MARGARET'S HAIR ACADEMY                 ,AR,71655-4905,Proprietary  ,2,6,8,15,67,82
03519400,LYNNDALE FUNDAMENTALS OF BEAUTY SCH     ,AR,71730-4804,Proprietary  ,0,0,0,5,44,49
03855300,ECCLESIA COLLEGE                        ,AR,72762-8159,Private      ,1,0,1,55,30,85
03912300,CROSSETT SCHOOL OF COSMETOLOGY          ,AR,71635-0000,Proprietary  ,3,3,6,15,27,42
03997300,ARKANSAS BEAUTY COLLEGE                 ,AR,72801-3741,Proprietary  ,5,8,13,25,60,85
00133900,CORBAN COLLEGE                          ,OR,97301-9392,Private      ,2,9,11,1105,363,1468
00316505,CASCADE COLLEGE                         ,OR,97216-0000,Private      ,1,2,3,303,110,413
00318600,BLUE MOUNTAIN COMMUNITY COLLEGE         ,OR,97801-0000,Public       ,4,16,20,731,1231,1962
00318800,CENTRAL OREGON COMMUNITY COLLEGE        ,OR,97701-5998,Public       ,24,53,77,1703,2397,4100
00318900,CLATSOP COMMUNITY COLLEGE               ,OR,97103-3698,Public       ,5,3,8,390,512,902
00319100,CONCORDIA UNIVERSITY                    ,OR,97211-6099,Private      ,2,19,21,1081,1292,2373
00319300,EASTERN OREGON UNIVERSITY               ,OR,97850-2899,Public       ,4,19,23,1815,2089,3904
00319400,GEORGE FOX UNIVERSITY                   ,OR,97132-2697,Private      ,3,47,50,2216,1777,3993
00319600,LANE COMMUNITY COLLEGE                  ,OR,97405-0640,Public       ,28,96,124,4209,7000,11209
00319700,LEWIS & CLARK COLLEGE                   ,OR,97219-7899,Private      ,0,8,8,3635,2689,6324
00319800,LINFIELD COLLEGE                        ,OR,97128-6894,Private      ,0,4,4,2674,521,3195
00319801,LINFIELD COLLEGE - PORTLAND CAMPUS      ,OR,97210-0000,Private      ,0,0,0,296,626,922
00319900,MARYLHURST UNIVERSITY                   ,OR,97036-7036,Private      ,2,41,43,138,1358,1496
00320300,MOUNT ANGEL SEMINARY                    ,OR,97373-0505,Private      ,0,0,0,12,14,26
00320400,MOUNT HOOD COMMUNITY COLLEGE            ,OR,97030-3300,Public       ,39,54,93,2826,4139,6965
00320600,MULTNOMAH BIBLE COLLEGE/SEMINARY        ,OR,97220-5898,Private      ,1,6,7,519,595,1114
00320700,PACIFIC NORTHWEST COLLEGE OF ART        ,OR,97209-3023,Private      ,4,4,8,426,398,824
00320800,NORTHWEST CHRISTIAN UNIVERSITY          ,OR,97401-3727,Private      ,1,6,7,445,454,899
00320900,WESTERN OREGON UNIVERSITY               ,OR,97361-1394,Public       ,13,41,54,4632,1782,6414
00321000,OREGON STATE UNIVERSITY                 ,OR,97331-8507,Public       ,44,45,89,14527,6875,21402
00321100,OREGON INSTITUTE OF TECHNOLOGY          ,OR,97601-8801,Public       ,6,14,20,1650,1404,3054
00321200,PACIFIC UNIVERSITY                      ,OR,97116-1797,Private      ,2,31,33,2244,2417,4661
00321300,PORTLAND COMMUNITY COLLEGE              ,OR,97219-7198,Public       ,168,522,690,7168,15643,22811
00321600,PORTLAND STATE UNIVERSITY               ,OR,97207-0000,Public       ,99,326,425,9957,15715,25672
00321700,REED COLLEGE                            ,OR,97202-8199,Private      ,3,2,5,2366,275,2641
00321800,CHEMEKETA COMMUNITY COLLEGE             ,OR,97309-1500,Public       ,40,122,162,3266,6461,9727
00321900,SOUTHERN OREGON UNIVERSITY              ,OR,97520-5010,Public       ,15,91,106,3840,2321,6161
00322000,SOUTHWESTERN OREGON COMMUNITY CLG       ,OR,97420-2956,Public       ,7,16,23,1040,1048,2088
00322100,TREASURE VALLEY COMMUNITY COLLEGE       ,OR,97914-3423,Public       ,17,55,72,1002,1462,2464
00322200,UMPQUA COMMUNITY COLLEGE                ,OR,97470-0226,Public       ,14,37,51,921,1667,2588
00322300,UNIVERSITY OF OREGON                    ,OR,97403-1226,Public       ,72,129,201,14275,7875,22150
00322400,UNIVERSITY OF PORTLAND                  ,OR,97203-5798,Private      ,6,11,17,5709,1287,6996
00322500,WARNER PACIFIC COLLEGE                  ,OR,97215-4099,Private      ,0,30,30,589,848,1437
00322700,WILLAMETTE UNIVERSITY                   ,OR,97301-3930,Private      ,5,5,10,2893,1405,4298
00487800,CLACKAMAS COMMUNITY COLLEGE             ,OR,97045-7998,Public       ,19,52,71,1947,2673,4620
00488200,OREGON HEALTH & SCIENCE UNIVERSITY      ,OR,97239-0000,Public       ,1,6,7,371,2720,3091
00488230,OREGON GRAD INST OF SCIENCE & TECH      ,OR,97006-0000,Public       ,0,0,0,6,18,24
00693800,LINN BENTON COMMUNITY COLLEGE           ,OR,97321-3774,Public       ,22,51,73,2481,2990,5471
00717800,WESTERN SEMINARY                        ,OR,97215-0000,Private      ,0,8,8,5,217,222
00723402,HEALD COLLEGE - PORTLAND                ,OR,97205-3432,Proprietary  ,11,66,77,133,519,652
00781900,ART INSTITUTE OF PORTLAND (THE)         ,OR,97209-2911,Proprietary  ,9,12,21,1450,1314,2764
00888700,CONCORDE CAREER INSTITUTE               ,OR,97232-2242,Proprietary  ,32,60,92,333,876,1209
00907900,EVEREST COLLEGE                         ,OR,97204-2296,Proprietary  ,11,67,78,659,2788,3447
00958100,SPRINGFIELD COLLEGE OF BEAUTY           ,OR,97477-5474,Proprietary  ,1,3,4,59,104,163
01012200,PHAGANS' MEDFORD BEAUTY SCHOOL          ,OR,97504-5297,Proprietary  ,2,10,12,55,135,190
01018200,ROGUE COMMUNITY COLLEGE                 ,OR,97527-0000,Public       ,19,43,62,1543,3407,4950
01050700,ACADEMY OF HAIR DESIGN                  ,OR,97301-3526,Proprietary  ,2,2,4,42,79,121
01185200,ITT TECHNICAL INSTITUTE                 ,OR,97220-0000,Proprietary  ,33,116,149,665,1379,2044
01230900,WESTERN STATES CHIROPRACTIC COLLEGE     ,OR,97230-3099,Private      ,0,3,3,20,489,509
01234700,PHAGANS CENTRAL OREGON BEAUTY CLG       ,OR,97701-5175,Proprietary  ,10,15,25,66,153,219
01234800,PHAGANS BEAUTY COLLEGE                  ,OR,97333-4716,Proprietary  ,1,4,5,58,69,127
01235000,PHAGANS SCHOOL OF HAIR DESIGN           ,OR,97267-4808,Proprietary  ,2,9,11,48,91,139
01235100,PHAGANS SCHOOL OF BEAUTY                ,OR,97301-4732,Proprietary  ,0,9,9,38,105,143
01300800,PHAGANS TIGARD BEAUTY SCHOOL            ,OR,97223-0000,Proprietary  ,0,3,3,29,55,84
02101000,NORTHWEST COLLEGE OF HAIR DESIGN        ,OR,97086-7702,Proprietary  ,5,8,13,106,166,272
02101002,NORTHWEST COLLEGE                       ,OR,97007-3954,Proprietary  ,0,0,0,17,26,43
02104900,COLLEGE OF LEGAL ARTS                   ,OR,97219-9998,Proprietary  ,0,21,21,35,205,240
02106100,COLLEGE OF COSMETOLOGY                  ,OR,97601-0000,Proprietary  ,2,13,15,34,74,108
02154400,BEAU MONDE CLG OF HAIR DESIGN           ,OR,97205-0000,Proprietary  ,5,9,14,113,177,290
02159700,EUGENE BIBLE COLLEGE                    ,OR,97405-0000,Private      ,1,2,3,93,105,198
02201900,PHAGANS' SCHOOL OF HAIR DESIGN          ,OR,97232-0000,Proprietary  ,6,13,19,97,245,342
02239203,ALLIED COLLEGE - ANTHEM COLLEGE         ,OR,97005-0000,Proprietary  ,0,5,5,8,20,28
02311000,PAUL MITCHELL THE SCHOOL                ,OR,97103-0000,Proprietary  ,0,0,0,4,4,8
02330100,PIONEER PACIFIC COLLEGE                 ,OR,97070-0000,Proprietary  ,23,97,120,362,1104,1466
02330102,PIONEER PACIFIC COLLEGE                 ,OR,97403-0000,Proprietary  ,9,48,57,120,614,734
02337900,COLLEGE OF HAIR DESIGN CAREERS          ,OR,97301-0000,Proprietary  ,2,5,7,51,62,113
02344100,ROSEBURG BEAUTY COLLEGE                 ,OR,97470-0000,Proprietary  ,1,1,2,31,52,83
02534000,NATIONAL COLLEGE OF NATURAL MEDICINE    ,OR,97201-0000,Private      ,0,3,3,12,551,563
02578800,NORTHWEST NANNIES INSTITUTE             ,OR,97035-0000,Proprietary  ,0,0,0,27,9,36
02603700,OREGON COL OF ORIENTAL MEDICINE         ,OR,97216-0000,Private      ,0,1,1,5,299,304
02617506,EVEREST COLLEGE - EVEREST INSTITUTE     ,OR,97223-6581,Proprietary  ,13,24,37,31,87,118
03007300,OREGON COLLEGE OF ART & CRAFT           ,OR,97225-6399,Private      ,0,0,0,104,163,267
03022600,WESTERN CULINARY INSTITUTE              ,OR,97205-2793,Proprietary  ,44,99,143,1994,2711,4705
03042500,APOLLO COLLEGE                          ,OR,97232-1302,Proprietary  ,48,127,175,548,1636,2184
03074400,PHAGANS NEWPORT ACAD CSMTLGY CAREER     ,OR,97365-4963,Proprietary  ,1,8,9,17,60,77
03074500,EAST-WEST COLLEGE OF THE HEALING ARTS   ,OR,97232-2765,Proprietary  ,0,5,5,96,355,451
03185300,PHAGANS GRANTS PASS COLLEGE OF BTY      ,OR,97527-3039,Proprietary  ,2,5,7,53,75,128
03428300,KLAMATH COMMUNITY COLLEGE               ,OR,97603-7121,Public       ,4,18,22,307,873,1180
03642300,VALLEY MEDICAL COLLEGE                  ,OR,97305-1373,Proprietary  ,1,5,6,48,162,210
03668300,BIRTHINGWAY COLLEGE OF MIDWIFERY        ,OR,97266-4042,Private      ,0,1,1,8,96,104
03783400,ABDILL CAREER COLLEGE                   ,OR,97504-7137,Proprietary  ,2,11,13,32,129,161
03932400,GUTENBERG COLLEGE                       ,OR,97403-1368,Private      ,0,0,0,26,16,42
00137400,ALBERTUS MAGNUS COLLEGE                 ,CT,06511-1189,Private      ,0,8,8,721,849,1570
00137403,ALBERTUS MAGNUS CLG-NEW DIMENSIONS      ,CT,06511-0000,Private      ,0,6,6,31,853,884
00137800,CENTRAL CONNECTICUT STATE UNIV          ,CT,06050-2490,Public       ,17,46,63,7700,3314,11014
00137900,CONNECTICUT COLLEGE                     ,CT,06320-4196,Private      ,0,0,0,2137,76,2213
00138000,WESTERN CONNECTICUT STATE UNIV          ,CT,06810-6826,Public       ,11,8,19,4324,1179,5503
00138500,FAIRFIELD UNIVERSITY                    ,CT,06430-0000,Private      ,6,27,33,5260,637,5897
00138700,HARTFORD SEMINARY                       ,CT,06105-0000,Private      ,0,0,0,5,18,23
00138900,HOLY APOSTLES COLLEGE & SEMINARY        ,CT,06416-2005,Private      ,0,0,0,6,49,55
00139200,MANCHESTER COMMUNITY COLLEGE            ,CT,06045-1046,Public       ,22,36,58,2335,2250,4585
00139300,MITCHELL COLLEGE                        ,CT,06320-4498,Private      ,0,0,0,876,201,1077
00139700,UNIVERSITY OF NEW HAVEN                 ,CT,06516-1999,Private      ,8,20,28,3590,1578,5168
00139800,NORTHWESTERN CT COMMUNITY COLLEGE       ,CT,06098-1747,Public       ,5,3,8,391,406,797
00139900,NORWALK COMMUNITY TECHNICAL COLLEGE     ,CT,06854-1655,Public       ,6,7,13,1294,1502,2796
00140100,POST UNIVERSITY                         ,CT,06723-3240,Proprietary  ,3,26,29,938,916,1854
00140200,QUINNIPIAC UNIVERSITY                   ,CT,06518-1908,Private      ,9,13,22,9350,1173,10523
00140201,QUINNIPIAC UNIVERSITY SCHOOL OF LAW     ,CT,06518-0000,Private      ,0,1,1,142,913,1055
00140300,SACRED HEART UNIVERSITY                 ,CT,06825-1000,Private      ,6,24,30,6191,1159,7350
00140600,SOUTHERN CONNECTICUT STATE UNIV         ,CT,06515-1355,Public       ,21,50,71,7890,4006,11896
00140900,SAINT JOSEPH COLLEGE                    ,CT,06117-2791,Private      ,3,12,15,1080,903,1983
00141400,TRINITY COLLEGE                         ,CT,06106-3100,Private      ,0,4,4,2620,214,2834
00141600,UNIVERSITY OF BRIDGEPORT                ,CT,06601-5650,Private      ,10,24,34,1639,1980,3619
00141700,UNIVERSITY OF CONNECTICUT-STORRS        ,CT,06269-2151,Public       ,26,58,84,20925,4547,25472
00141702,UNIV CONN STAMFORD                      ,CT,06901-0000,Public       ,1,0,1,384,244,628
00141703,UNIV OF CONNECTICUT - TORINGTON         ,CT,06790-0000,Public       ,0,0,0,153,48,201
00141706,UNIV OF CONNECTICUT SCH LAW             ,CT,06105-0000,Public       ,0,1,1,33,1065,1098
00141707,UNIV OF CT - SCH OF SOCIAL WORK         ,CT,06117-0000,Public       ,2,5,7,59,484,543
00141708,UNIVERSITY OF CONNECTICUT - SCHOOL OF ME,CT,06030-1920,Public       ,1,0,1,10,399,409
00141709,UNIVERSITY OF CONNECTICUT - SCHOOL OF DE,CT,06030-1920,Public       ,0,0,0,3,175,178
00142200,UNIVERSITY OF HARTFORD                  ,CT,06117-1599,Private      ,9,9,18,8599,1442,10041
00142400,WESLEYAN UNIVERSITY                     ,CT,06459-3208,Private      ,1,1,2,3423,140,3563
00142500,EASTERN CONNECTICUT STATE UNIV          ,CT,06226-2295,Public       ,11,5,16,4394,1042,5436
00142600,YALE UNIVERSITY                         ,CT,06520-8288,Private      ,4,16,20,9454,5969,15423
00142601,YALE UNIV PHYSICIANS ASSOC PROG         ,CT,06510-0000,Private      ,0,0,0,1,59,60
00142602,YALE UNIV EPIDEMIOLOGY & PUB HLTH       ,CT,06510-0000,Private      ,0,0,0,4,221,225
00142603,YALE UNIV SCHOOL MEDICINE               ,CT,06510-0000,Private      ,0,0,0,20,726,746
00280301,RENSSELAER POLYTECHNIC INSTITUTE-RENSSEL,CT,06120-2991,Private      ,0,7,7,7,81,88
00280302,RENSSELAER POLYTECHNIC INSTITUTE - RENSS,CT,06340-4554,Private      ,0,0,0,0,1,1
00280400,RENSSELAER HARTFORD GRADUATE CENTER     ,CT,06120-0000,Private      ,0,0,0,1,17,18
00451300,HOUSATONIC COMMUNITY COLLEGE            ,CT,06604-4704,Public       ,12,30,42,1616,2569,4185
00618100,BRIDGEPORT HOSP SCHL OF NURSING         ,CT,06610-2896,Private      ,0,3,3,71,246,317
00619100,ST. VINCENT'S COLLEGE                   ,CT,06606-9966,Private      ,4,4,8,210,409,619
00698200,NAUGATUCK VALLEY COMM-TECH COLG         ,CT,06708-3089,Public       ,8,17,25,1789,1968,3757
00730000,ELI WHITNEY TECHNICAL HIGH SCHOOL       ,CT,06514-0000,Public       ,1,0,1,18,80,98
00730300,LINCOLN TECHNICAL INSTITUTE             ,CT,06051-0000,Proprietary  ,19,67,86,861,2041,2902
00730500,PORTER AND CHESTER INSTITUTE OF BRANFORD,CT,06405-4022,Proprietary  ,20,27,47,196,217,413
00731100,WINDHAM TECHNICAL HIGH SCHOOL           ,CT,06226-2100,Public       ,0,0,0,4,25,29
00745900,PAIER COLLEGE OF ART                    ,CT,06514-3902,Proprietary  ,2,0,2,146,71,217
00763500,CAPITAL COMMUNITY COLLEGE               ,CT,06103-1207,Public       ,5,11,16,1289,2897,4186
00803700,GATEWAY COMMUNITY-TECHNICAL COLLEGE     ,CT,06511-0000,Public       ,6,20,26,1857,2853,4710
00803800,MIDDLESEX COMMUNITY CLG                 ,CT,06457-4889,Public       ,0,8,8,716,1025,1741
00887200,RENASCI ACADEMY OF HAIR                 ,CT,06460-4160,Proprietary  ,0,0,0,14,33,47
00887300,PAUL MITCHELL THE SCHOOL                ,CT,06810-6716,Proprietary  ,4,5,9,76,75,151
00887400,BRIO ACADEMY OF COSMETOLOGY             ,CT,06450-4836,Proprietary  ,7,37,44,181,340,521
00887403,BRIO ACADEMY OF COSMETOLOGY - WILLIMANTI,CT,06226-1940,Proprietary  ,0,0,0,0,2,2
00906500,THE HARTFORD CONSERVATORY               ,CT,06105-2891,Private      ,0,0,0,48,20,68
00927700,E C GOODWIN TECHNICAL HIGH SCHOOL       ,CT,06053-0000,Public       ,0,0,0,12,38,50
00929100,J M WRIGHT TECHNICAL HIGH SCHOOL        ,CT,06904-0000,Public       ,0,0,0,7,23,30
00940700,BRIARWOOD COLLEGE                       ,CT,06489-1057,Proprietary  ,5,6,11,536,368,904
00976400,TUNXIS COMMUNITY COLLEGE                ,CT,06032-3187,Public       ,14,35,49,1106,1379,2485
00976500,THREE RIVERS COMMUNITY TECH COLLEGE     ,CT,06360-0000,Public       ,8,42,50,1082,1670,2752
00982200,ALBERT I PRINCE TECHNICAL HIGH SCHOOL   ,CT,06106-3799,Public       ,0,0,0,13,56,69
01041700,BRIO ACADEMY OF EAST HARTFORD           ,CT,06108-2220,Proprietary  ,3,12,15,78,140,218
01053000,QUINEBAUG VALLEY COMMUNITY COLLEGE      ,CT,06239-1440,Public       ,3,11,14,605,962,1567
01077900,PORTER AND CHESTER INSTITUTE-ALLCAMPUSES,CT,06615-7158,Proprietary  ,50,116,166,1113,1687,2800
01115000,ASNUNTUCK COMMUNITY COLLEGE             ,CT,06082-3800,Public       ,2,5,7,315,437,752
01149600,BULLARD HAVENS VOC TECH SCHOOL          ,CT,06610-3499,Public       ,0,1,1,8,41,49
01169700,VINAL REGIONAL VOC TECH SCHOOL          ,CT,06457-4918,Public       ,0,0,0,5,31,36
01184300,NORWICH TECHNICAL HIGH SCHOOL           ,CT,06360-7097,Public       ,0,1,1,3,30,33
01218500,H C WILCOX TECHNICAL HIGH SCHOOL        ,CT,06450-0000,Public       ,0,1,1,5,10,15
01242500,STONE ACADEMY                           ,CT,06514-4125,Proprietary  ,28,108,136,261,1371,1632
01242503,STONE ACADEMY -WATERBURY                ,CT,06705-3823,Proprietary  ,0,0,0,4,22,26
01287700,GIBBS COLLEGE                           ,CT,06855-1436,Proprietary  ,1,3,4,571,789,1360
01291300,LEON INSTITUTE OF HAIR DESIGN           ,CT,06604-4226,Proprietary  ,2,8,10,12,64,76
01326400,HENRY ABBOTT TECHNICAL HIGH SCHOOL      ,CT,06811-4881,Public       ,0,1,1,8,32,40
02058900,HARVARD H ELLIS TECHNICAL HIGH SCHOOL   ,CT,06239-0000,Public       ,1,1,2,21,18,39
02074000,BRANFORD HALL CAREER INSTITUTE          ,CT,06405-0000,Proprietary  ,97,511,608,1077,4216,5293
02106600,FOX INSTITUTE OF BUSINESS               ,CT,06110-0000,Proprietary  ,24,75,99,135,521,656
02112300,RIDLEY LOWELL BUSINESS & TECH INST      ,CT,06320-0000,Proprietary  ,4,33,37,86,531,617
02112700,NORTH HAVEN ACADEMY                     ,CT,06473-3108,Proprietary  ,6,3,9,149,102,251
02115100,BUTLER BUSINESS SCHOOL                  ,CT,06604-0000,Proprietary  ,12,45,57,68,298,366
02148700,CONNECTICUT INST OF HAIR DESIGN         ,CT,06716-0000,Proprietary  ,6,3,9,23,30,53
02202500,NEW ENGLAND TRACTOR TRAILER SCH         ,CT,06071-2036,Proprietary  ,12,113,125,89,990,1079
02213000,ELLA T GRASSO SOUTHEASTERN TECHNICAL HIG,CT,06340-0000,Public       ,0,0,0,3,6,9
02228800,BARAN INSTITUTE OF TECHNOLOGY           ,CT,06088-9631,Proprietary  ,22,13,35,941,440,1381
02244900,GOODWIN COLLEGE                         ,CT,06118-9980,Private      ,24,129,153,410,1922,2332
02245300,HOWELL CHENEY TECHNICAL HIGH SCHOOL     ,CT,06040-0000,Public       ,0,0,0,2,20,22
02265900,WINDHAM COMMUNITY MEM HOSP-RAD TECH     ,CT,06226-0000,Private      ,0,0,0,10,14,24
02296100,YALE-NEW HAVEN HOSP DIETETIC INTERN     ,CT,06510-8900,Private      ,0,0,0,4,8,12
02300000,W F KAYNOR TECHNICAL HIGH SCHOOL        ,CT,06708-0000,Public       ,0,1,1,6,40,46
02316600,CONNECTICUT CTR FOR MASSAGE THERAPY     ,CT,06111-3975,Proprietary  ,3,15,18,76,286,362
02316601,CONNECTICUT CENTER FOR MASSAGE THERAPY -,CT,06880-4619,Proprietary  ,2,14,16,33,148,181
02316603,CONNECTICUT CENTER FOR MASSAGE THERAPY -,CT,06340-4619,Proprietary  ,2,5,7,36,137,173
02562400,EMMETT O BRIEN REG VOC TECH SCHOOL      ,CT,06401-2500,Public       ,0,0,0,1,1,2
02565000,PLATT TECHNICAL HIGH SCHOOL             ,CT,06460-2105,Public       ,0,0,0,5,24,29
03079400,LYME ACADEMY COLLEGE OF FINE ARTS       ,CT,06371-2333,Private      ,0,1,1,69,41,110
03094800,INDUSTRIAL MANAGEMENT & TRAINING        ,CT,06706-1211,Proprietary  ,0,1,1,42,164,206
03231400,OLIVER WOLCOTT TECHNICAL HIGH SCHOOL    ,CT,06790-3859,Public       ,0,0,0,3,5,8
03234300,CHARTER OAK STATE COLLEGE               ,CT,06053-2150,Public       ,0,11,11,43,784,827
03316300,LINCOLN TECHNICAL INSTITUTE - HARTFORD  ,CT,06105-3630,Proprietary  ,20,22,42,460,398,858
03381300,CONNECTICUT TRAINING CENTER             ,CT,06108-2705,Private      ,13,49,62,66,311,377
03927300,ALBERT SCHOOL (THE)                     ,CT,06357-2447,Proprietary  ,4,10,14,52,100,152
04053300,CLEMENS COLLEGE                         ,CT,06078-0000,Proprietary  ,1,0,1,61,17,78
04104300,ACADEMY DI CAPELLI - SCHOOL OF COSMETOLO,CT,06492-0000,Proprietary  ,2,1,3,27,34,61
04128800,BRANFORD ACADEMY OF HAIR & COSMETOLOGY  ,CT,06405-0000,Proprietary  ,0,1,1,8,10,18
00146600,BARRY UNIVERSITY                        ,FL,33161-6695,Private      ,29,97,126,3533,7038,10571
00146601,BARRY UNIVERSITY SCHOOL OF LAW          ,FL,32807-0000,Private      ,0,3,3,39,1132,1171
00146700,BETHUNE COOKMAN UNIVERSITY              ,FL,32114-3099,Private      ,63,22,85,5651,1196,6847
00146800,ST THOMAS UNIVERSITY                    ,FL,33054-0000,Private      ,15,78,93,1177,2587,3764
00146900,FLORIDA INSTITUTE OF TECHNOLOGY         ,FL,32901-6988,Private      ,11,165,176,2949,1604,4553
00147000,BREVARD COMMUNITY COLLEGE               ,FL,32922-6503,Public       ,71,223,294,3517,5366,8883
00147100,CENTRAL FLORIDA COMMUNITY COLLEGE       ,FL,34478-1388,Public       ,64,154,218,2896,3966,6862
00147200,CHIPOLA  COLLEGE                        ,FL,32446-2053,Public       ,17,44,61,690,870,1560
00147300,CLEARWATER CHRISTIAN COLLEGE            ,FL,33759-0000,Private      ,4,2,6,731,108,839
00147500,DAYTONA STATE COLLEGE                   ,FL,32114-2800,Public       ,143,292,435,4529,7767,12296
00147700,EDISON COLLEGE                          ,FL,33906-6210,Public       ,84,189,273,3726,4537,8263
00147800,EDWARD WATERS COLLEGE                   ,FL,32209-6199,Private      ,19,6,25,997,667,1664
00147900,EMBRY-RIDDLE AERONAUTICAL UNIV          ,FL,32114-3900,Private      ,74,165,239,6532,4561,11093
00148000,FLORIDA A & M UNIVERSITY                ,FL,32307-3100,Public       ,312,84,396,13047,6024,19071
00148100,FLORIDA ATLANTIC UNIVERSITY             ,FL,33431-6498,Public       ,205,233,438,11684,9514,21198
00148101,FLORIDA ATLANTIC UNIVERSITY/DAVIE       ,FL,33314-0000,Public       ,7,52,59,737,2221,2958
00148103,FLORIDA ATLANTIC UNIV-JUPITER/PSL       ,FL,33458-0000,Public       ,4,11,15,420,610,1030
00148200,FLORIDA COLLEGE                         ,FL,33617-5578,Private      ,2,2,4,443,31,474
00148400,FLORIDA STATE COLLEGE AT JACKSONVILLE   ,FL,32202-4030,Public       ,192,577,769,7704,15392,23096
00148500,FLORIDA KEYS COMMUNITY COLLEGE          ,FL,33040-4397,Public       ,10,33,43,265,511,776
00148600,FLORIDA MEMORIAL UNIVERSITY             ,FL,33054-6199,Private      ,24,37,61,1775,1270,3045
00148700,ECKERD COLLEGE                          ,FL,33711-4744,Private      ,4,38,42,2289,779,3068
00148800,FLORIDA SOUTHERN COLLEGE                ,FL,33801-5698,Private      ,12,21,33,2071,702,2773
00148900,FLORIDA STATE UNIVERSITY                ,FL,32306-2430,Public       ,515,223,738,27717,13430,41147
00149000,GULF COAST COMMUNITY COLLEGE            ,FL,32401-1058,Public       ,16,118,134,1541,2765,4306
00149300,INDIAN RIVER STATE COLLEGE              ,FL,34981-5596,Public       ,113,256,369,3538,5243,8781
00149500,JACKSONVILLE UNIVERSITY                 ,FL,32211-3394,Private      ,48,126,174,2931,2596,5527
00149700,JONES COLLEGE                           ,FL,32211-5588,Private      ,3,34,37,115,947,1062
00149900,EVEREST UNIVERSITY                      ,FL,32810-5601,Proprietary  ,124,1217,1341,1941,11308,13249
00149901,EVEREST UNIVERSITY - ORLANDO SOUTH      ,FL,32819-7666,Proprietary  ,72,237,309,226,710,936
00149902,EVEREST UNIVERSITY - MELBOURNE          ,FL,32905-6609,Proprietary  ,19,141,160,63,352,415
00150000,BROWARD COLLEGE- DOWNTOWN CTR           ,FL,33301-2208,Public       ,142,354,496,3792,6055,9847
00150001,BROWARD COLLEGE - DAVIE CAMPUS          ,FL,33314-0000,Public       ,148,224,372,5102,5717,10819
00150002,BROWARD COLLEGE- NORTH CAMPUS           ,FL,33066-0000,Public       ,36,58,94,1778,1973,3751
00150003,BROWARD COLLEGE- SOUTH CAMPUS           ,FL,33024-0000,Public       ,34,53,87,1978,2104,4082
00150100,LAKE CITY COMMUNITY COLLEGE             ,FL,32025-2007,Public       ,24,73,97,837,1679,2516
00150200,LAKE SUMTER COMMUNITY COLLEGE           ,FL,34788-8751,Public       ,27,53,80,1167,1739,2906
00150400,MANATEE COMMUNITY COLLEGE               ,FL,34207-3596,Public       ,86,234,320,3264,4987,8251
00150500,LYNN UNIVERSITY                         ,FL,33431-5598,Private      ,5,16,21,1348,592,1940
00150600,MIAMI DADE COLLEGE ADMINISTRATION ONLY  ,FL,33176-3393,Public       ,19,27,46,618,841,1459
00150601,MIAMI DADE COLLEGE - NORTH CAMPUS       ,FL,33167-3495,Public       ,277,461,738,8885,11600,20485
00150602,MIAMI DADE COLLEGE - KENDALL CAMPUS     ,FL,33176-3393,Public       ,397,401,798,10668,8729,19397
00150603,MIAMI DADE COLLEGE - WOLFSON CAMPUS     ,FL,33132-2297,Public       ,242,259,501,5435,5966,11401
00150604,MIAMI DADE COLLEGE - MEDICAL CAMPUS     ,FL,33127-4693,Public       ,22,91,113,986,2839,3825
00150605,MIAMI DADE COLLEGE - HOMESTEAD CAMPUS   ,FL,33030-6009,Public       ,91,99,190,1257,1781,3038
00150606,MIAMI DADE COLLEGE -INTERAMERICAN CAMPUS,FL,33135-0000,Public       ,116,189,305,2590,4645,7235
00150607,MIAMI DADE COLLEGE - HIALEAH CAMPUS     ,FL,33012-2918,Public       ,61,92,153,499,765,1264
00150800,NORTH FLORIDA COMMUNITY COLLEGE         ,FL,32340-1699,Public       ,11,18,29,443,686,1129
00150900,NOVA SOUTHEASTERN UNIVERSITY            ,FL,33314-7796,Private      ,40,922,962,3605,29002,32607
00151000,NORTHWEST FLORIDA STATE COLLEGE         ,FL,32578-1295,Public       ,41,120,161,1526,2971,4497
00151200,PALM BEACH COMMUNITY COLLEGE            ,FL,33461-4796,Public       ,358,355,713,7073,7843,14916
00151300,PENSACOLA JR COLLEGE                    ,FL,32504-8998,Public       ,100,236,336,3297,5567,8864
00151400,POLK COMMUNITY COLLEGE                  ,FL,33881-4299,Public       ,49,132,181,2220,3438,5658
00151500,ROLLINS COLLEGE                         ,FL,32789-4499,Private      ,7,19,26,1930,1227,3157
00151900,SANTA FE COLLEGE                        ,FL,32606-6200,Public       ,96,137,233,6251,4966,11217
00152000,SEMINOLE COMMUNITY COLLEGE              ,FL,32773-6199,Public       ,104,289,393,4110,6395,10505
00152100,SOUTHEASTERN UNIVERSITY                 ,FL,33801-6099,Private      ,6,21,27,2576,1127,3703
00152200,SOUTH FLORIDA COMMUNITY COLLEGE         ,FL,33825-9399,Public       ,27,36,63,914,1329,2243
00152201,SOUTH FLORIDA COMMUNITY COLLEGE - LAKE P,FL,33852-9605,Public       ,0,0,0,1,0,1
00152300,ST JOHNS RIVER COMMUNITY COLLEGE        ,FL,32177-3897,Public       ,46,97,143,1502,2551,4053
00152600,SAINT LEO UNIVERSITY                    ,FL,33574-6665,Private      ,26,248,274,2633,11456,14089
00152800,ST. PETERSBURG COLLEGE                  ,FL,33760-3768,Public       ,128,437,565,5762,12857,18619
00153100,STETSON UNIVERSITY                      ,FL,32723-3761,Private      ,9,28,37,2323,644,2967
00153101,STETSON UNIVERSITY - COLLEGE OF LAW     ,FL,33707-3299,Private      ,0,3,3,29,1545,1574
00153300,TALLAHASSEE COMMUNITY COLLEGE           ,FL,32304-2895,Public       ,152,194,346,7086,6000,13086
00153400,EVEREST UNIVERSITY                      ,FL,33614-5801,Proprietary  ,109,765,874,1681,16459,18140
00153408,EVEREST UNIVERSITY - TAMPA BRANDON CAMPU,FL,33619-1354,Proprietary  ,5,48,53,10,87,97
00153409,EVEREST UNIVERSITY - ORANGE PARK        ,FL,32073-1111,Proprietary  ,34,136,170,96,398,494
00153500,UNIVERSITY OF FLORIDA                   ,FL,32611-3150,Public       ,532,221,753,27311,15540,42851
00153600,UNIVERSITY OF MIAMI                     ,FL,33146-6531,Private      ,46,63,109,12129,4291,16420
00153601,UNIV OF MIAMI SCHOOL OF LAW             ,FL,33124-0000,Private      ,0,4,4,53,1765,1818
00153602,UNIV OF MIAMI-SCH OF MEDICINE           ,FL,33136-0000,Private      ,1,11,12,445,1041,1486
00153700,UNIVERSITY OF SOUTH FLORIDA             ,FL,33620-6960,Public       ,387,269,656,24034,16992,41026
00153701,UNIV OF SOUTH FLORIDA-ST PETERSBURG     ,FL,33701-0000,Public       ,15,13,28,551,721,1272
00153702,UNIV OF SOUTH FLORIDA-SARASOTA          ,FL,34243-0000,Public       ,2,10,12,197,517,714
00153705,UNIV OF SOUTH FLORIDA                   ,FL,33803-0000,Public       ,10,16,26,442,460,902
00153706,UNIV OF SOUTH FLORIDA- MEDICINE         ,FL,33612-0000,Public       ,14,7,21,549,821,1370
00153800,UNIVERSITY OF TAMPA                     ,FL,33606-1490,Private      ,33,40,73,5573,1666,7239
00154000,WEBBER INTERNATIONAL UNIVERSITY         ,FL,33827-0096,Private      ,3,3,6,616,210,826
00173308,NATIONAL-LOUIS UNIVERSITY               ,FL,33609-0000,Private      ,0,13,13,3,103,106
00177201,TRINITY INTERNATIONAL UNIVERSITY - SOUTH,FL,33324-4611,Private      ,0,3,3,28,400,428
00395400,UNIV OF CENTRAL FLORIDA                 ,FL,32816-0001,Public       ,650,293,943,32305,15442,47747
00395500,UNIVERSITY OF WEST FLORIDA              ,FL,32514-5750,Public       ,60,110,170,4495,4673,9168
00407215,NORTHWOOD UNIVERSITY                    ,FL,33409-0000,Private      ,1,7,8,526,289,815
00558500,LIVELY TECHNICAL CENTER                 ,FL,32304-0000,Public       ,4,18,22,243,746,989
00558501,LIVELY TECHNICAL CENTER - AVIATION SCHOO,FL,32304-8723,Public       ,0,2,2,14,43,57
00558600,LINDSEY HOPKINS TECHNICAL ED CENTER     ,FL,33127-4692,Public       ,9,41,50,209,665,874
00559400,D G ERWIN TECHNICAL CENTER              ,FL,33610-8255,Public       ,22,77,99,346,1359,1705
00560500,PINELLAS TECH ED CTR-CLEARWATER         ,FL,33760-2194,Public       ,11,34,45,198,620,818
00560700,SARASOTA COUNTY TECHNICAL INSTITUTE     ,FL,34233-0000,Public       ,5,19,24,102,429,531
00560800,TRAVISS TECHNICAL CENTER                ,FL,33803-0000,Public       ,3,9,12,168,613,781
00561200,MANATEE TECHNICAL INSTITUTE             ,FL,34210-0000,Public       ,8,10,18,224,692,916
00561201,MANATEE TECHNICAL INSTITUTE-EAST        ,FL,34211-0000,Public       ,2,9,11,54,261,315
00675000,VALENCIA COMMUNITY COLLEGE              ,FL,32802-3028,Public       ,433,464,897,15612,13381,28993
00752500,SUWANNEE-HAMILTON AREA VOC TECH CTR     ,FL,32060-0000,Public       ,0,1,1,44,193,237
00752600,WASHINGTON HOLMES TECHNICAL CENTER      ,FL,32428-1699,Public       ,6,24,30,116,435,551
00755800,LEE COUNTY HIGH TECH CENTER CENTRAL     ,FL,33916-2299,Public       ,9,33,42,197,445,642
00758600,REMINGTON COLLEGE - TAMPA CAMPUS        ,FL,33612-8410,Proprietary  ,9,44,53,210,874,1084
00758604,REMINGTON COLLEGE-LARGO CAMPUS          ,FL,33771-0000,Proprietary  ,0,3,3,5,41,46
00758605,REMINGTON COLLEGE-JACKSONVILLE CAMPUS   ,FL,32256-6932,Proprietary  ,0,2,2,4,30,34
00787000,HILLSBOROUGH COMMUNITY COLLEGE          ,FL,33606-3572,Public       ,177,322,499,7955,10582,18537
00789300,FLAGLER COLLEGE                         ,FL,32085-1027,Private      ,4,5,9,2467,588,3055
00789301,FLAGLER COLLEGE - TALLAHASSEE COMMUNITY ,FL,32304-2895,Private      ,4,3,7,4,10,14
00807500,ST JOHN VIANNEY COLLEGE SEMINARY        ,FL,33165-3244,Private      ,0,0,0,13,10,23
00814600,EVEREST UNIVERSITY - POMPANO BEACH      ,FL,33062-2522,Proprietary  ,39,159,198,718,3556,4274
00822300,ST VINCENT DE PAUL REGIONL SEMINARY     ,FL,33436-0000,Private      ,0,0,0,0,11,11
00841700,STENOTYPE INST OF JACKSONVILLE          ,FL,32207-0000,Proprietary  ,3,22,25,104,534,638
00850100,RASMUSSEN COLLEGE                       ,FL,34471-7051,Proprietary  ,13,82,95,242,1063,1305
00850103,RASMUSSEN COLLEGE-HOLIDAY               ,FL,34690-0000,Proprietary  ,5,36,41,136,688,824
00850106,RASMUSSEN COLLEGE - FORT MYERS          ,FL,33905-7805,Proprietary  ,0,1,1,0,1,1
00884800,WARNER SOUTHERN COLLEGE                 ,FL,33859-8725,Private      ,6,32,38,590,833,1423
00884900,PALM BEACH ATLANTIC UNIVERSITY          ,FL,33401-6505,Private      ,5,40,45,2191,1884,4075
00887800,MIAMI INTERNATIONAL UNIV ART&DESIGN     ,FL,33132-1418,Proprietary  ,34,39,73,2467,1871,4338
00910400,RIVERSIDE HAIRSTYLING ACADEMY           ,FL,32207-3810,Proprietary  ,1,4,5,26,94,120
00963500,FLORIDA INTERNATIONAL UNIVERSITY        ,FL,33199-0001,Public       ,585,312,897,21684,18070,39754
00984100,UNIVERSITY OF NORTH FLORIDA             ,FL,32224-2645,Public       ,234,144,378,8821,6290,15111
00990200,SHERIDAN TECHNICAL CENTER               ,FL,33021-3399,Public       ,24,74,98,387,1318,1705
01016100,"LORAINE'S ACADEMY, INC                  ",FL,33710-0000,Proprietary  ,1,23,24,46,236,282
01019500,ART INSTITUTE OF FT LAUDERDALE          ,FL,33316-3000,Proprietary  ,37,46,83,2277,1963,4240
01065200,PASCO-HERNANDO COMMUNITY CLG            ,FL,34654-5199,Public       ,69,161,230,2567,4286,6853
01072401,CARLOS ALBIZU UNIVERSITY                ,FL,33172-0000,Private      ,7,50,57,120,1182,1302
01082600,TOM P. HANEY TECHNICAL CENTER           ,FL,32405-5099,Public       ,2,7,9,95,420,515
01112700,GOODING INST OF NUR ANES BAY MED CT     ,FL,32401-0000,Public       ,0,1,1,1,50,51
01226300,ATLANTIC TECHNICAL CENTER               ,FL,33063-3902,Public       ,15,46,61,342,893,1235
01254400,FIRST COAST TECHNICAL COLLEGE           ,FL,32084-1921,Public       ,2,18,20,176,622,798
01254401,FIRST COAST TECHNICAL INSTITUTE - PUTNAM,FL,32077-6830,Public       ,1,0,1,22,59,81
01257400,RINGLING SCHOOL OF ART AND DESIGN       ,FL,34234-5895,Private      ,1,3,4,1285,287,1572
01303904,SOUTH UNIVERSITY                        ,FL,33409-5149,Proprietary  ,10,81,91,314,1192,1506
01323400,LORENZO WALKER INST OF TECHNOLOGY       ,FL,34104-4405,Public       ,4,13,17,157,349,506
02052002,FLORIDA EDUCATION CENTER - LAUDERHILL   ,FL,33313-5857,Proprietary  ,24,71,95,139,517,656
02089600,CONCORDE CAREER INSTITUTE               ,FL,32211-0000,Proprietary  ,13,68,81,210,1152,1362
02089709,HERZING COLLEGE                         ,FL,32792-5509,Proprietary  ,2,4,6,25,62,87
02113606,AMERICAN INTERCONTINENTAL UNIV          ,FL,33324-0000,Proprietary  ,0,0,0,34,124,158
02113609,AMERICAN INTERCONTINENTAL UNIV - WESTON ,FL,33326-3233,Proprietary  ,6,17,23,607,1091,1698
02115300,PINELLAS TECHNICAL EDUCATION CENTERS - S,FL,33711-0000,Public       ,12,45,57,136,688,824
02116006,SANFORD-BROWN INSTITUTE - FT. LAUDERDALE,FL,33309-1906,Proprietary  ,27,109,136,334,1100,1434
02121800,EVEREST INSTITUTE                       ,FL,33169-4759,Proprietary  ,61,191,252,799,2194,2993
02121801,EVEREST INSTITUTE  - HIALEAH            ,FL,33012-7193,Proprietary  ,86,186,272,198,439,637
02148200,FASHION FOCUS HAIR ACADEMY              ,FL,34231-0000,Proprietary  ,1,4,5,12,44,56
02148300,MANHATTAN BEAUTY SCHOOL                 ,FL,33611-0000,Proprietary  ,30,118,148,174,747,921
02149900,PAUL MITCHELL THE SCHOOL-JACKSONVILLE   ,FL,32205-0000,Proprietary  ,7,40,47,19,99,118
02151900,KEISER  UNIVERSITY                      ,FL,33309-0000,Proprietary  ,273,1030,1303,4114,13380,17494
02156700,FLORIDA CHRISTIAN COLLEGE               ,FL,34744-0000,Private      ,0,1,1,163,144,307
02159600,BAPTIST COLLEGE OF FLORIDA (THE)        ,FL,32440-0000,Private      ,2,1,3,252,290,542
02172700,CONCORDE CAREER INSTITUTE               ,FL,33607-0000,Proprietary  ,11,94,105,196,817,1013
02188900,HOBE SOUND BIBLE COLLEGE                ,FL,33475-0000,Private      ,2,1,3,67,46,113
02200100,BRADENTON BEAUTY & BARBER ACADEMY       ,FL,34209-0000,Proprietary  ,2,13,15,35,193,228
02215900,ATI CAREER TRAINING CENTER              ,FL,33309-1785,Proprietary  ,24,87,111,209,601,810
02218700,FLORIDA TECHNICAL COLLEGE               ,FL,32826-2707,Proprietary  ,38,167,205,487,1688,2175
02218707,FLORIDA TECHNICAL COLLEGE - LAKELAND    ,FL,33813-2101,Proprietary  ,0,3,3,0,7,7
02218709,FLORIDA TECHNICAL COLLEGE - DELAND      ,FL,32720-7415,Proprietary  ,0,2,2,1,7,8
02228300,LAKE TECHNICAL CENTER                   ,FL,32726-0000,Public       ,8,15,23,143,430,573
02245500,CENTRAL FLORIDA COLLEGE                 ,FL,32789-4679,Proprietary  ,9,81,90,201,1234,1435
02245502,CFC-CAREER TRAINING INSTITUTE - ORLANDO ,FL,32804-0000,Proprietary  ,0,0,0,15,40,55
02245504,CENTRAL FLORIDA  COLLEGE -  LARGO       ,FL,33771-4957,Proprietary  ,0,0,0,34,48,82
02257900,INTERNATIONAL ACADEMY                   ,FL,32119-3541,Proprietary  ,7,30,37,131,353,484
02275100,CONCORDE CAREER INSTITUTE               ,FL,33025-0000,Proprietary  ,8,75,83,116,539,655
02278800,SOUTHWEST FLORIDA COLLEGE               ,FL,33907-0000,Proprietary  ,74,152,226,600,1492,2092
02278801,SOUTHWEST FLORIDA COLLEGE - TAMPA       ,FL,33619-1344,Proprietary  ,20,57,77,298,622,920
02279600,CORTIVA INSTITUTE - FLORIDA             ,FL,33781-0000,Proprietary  ,3,10,13,30,150,180
02280800,NEW ENGLAND INST TECH-PALM BEACH        ,FL,33407-0000,Proprietary  ,41,130,171,759,1363,2122
02283800,BEAUTY SCHOOLS OF AMERICA               ,FL,33012-3322,Proprietary  ,64,268,332,366,1634,2000
02286500,ITT TECHNICAL INSTITUTE                 ,FL,33634-7515,Proprietary  ,126,225,351,1428,2625,4053
02287100,LA BELLE BEAUTY SCHOOL                  ,FL,33012-0000,Proprietary  ,5,47,52,46,394,440
02293200,ATI CAREER TRAINING CENTER              ,FL,33309-5916,Proprietary  ,95,287,382,527,1484,2011
02293201,ATI CAREER TRAINING CENTER - MIAMI      ,FL,33122-1707,Proprietary  ,0,1,1,13,26,39
02293202,ATI CAREER TAINING CENTER - ATI COLLEGE ,FL,87109-2016,Proprietary  ,50,189,239,305,1552,1857
02293600,ADVANCED TECHNICAL CENTERS              ,FL,33266-1597,Private      ,0,2,2,4,9,13
02297000,CHARLOTTE TECHNICAL CENTER              ,FL,33948-0000,Public       ,3,6,9,98,329,427
02300900,WITHLACOOCHEE TECHNICAL INSTITUTE       ,FL,34450-0000,Public       ,2,4,6,151,377,528
02305700,GULF COAST COLLEGE                      ,FL,33619-0000,Proprietary  ,2,25,27,48,260,308
02305800,FLORIDA CAREER COLLEGE                  ,FL,33012-7028,Proprietary  ,266,430,696,2299,4215,6514
02307400,GEORGE STONE AREA VOCATIONAL TECHNICAL  ,FL,32526-0000,Public       ,5,20,25,120,519,639
02314100,SCHILLER INTERNATIONAL UNIVERSITY       ,FL,33770-3716,Proprietary  ,1,2,3,53,114,167
02316200,MIAMI LAKES TECHNICAL EDUCATION CTR     ,FL,33014-0000,Public       ,20,68,88,243,695,938
02321200,ORANGE TECH EDUC CTR- WESTSIDE TECH     ,FL,34787-0000,Public       ,21,35,56,163,364,527
02325100,KEY COLLEGE                             ,FL,33004-3046,Proprietary  ,0,5,5,25,107,132
02326303,MEDVANCE INSTITUTE - WEST PALM          ,FL,33461-2171,Proprietary  ,39,83,122,48,100,148
02326306,MEDVANCE INSTITUTE - MIAMI              ,FL,33173-3431,Proprietary  ,5,41,46,10,67,77
02326800,RESORT & SPA SCHOOLS INTERNATIONAL      ,FL,34233-0000,Proprietary  ,10,24,34,67,163,230
02326900,SUNSTATE ACADEMY OF HAIR DESIGN         ,FL,33907-1415,Proprietary  ,29,41,70,120,243,363
02329900,FLORIDA INSTITUTE OF ULTRASOUND         ,FL,32514-0000,Proprietary  ,1,2,3,42,123,165
02337000,SUNCOAST II THE TAMPA BAY SCHOOL OF MASS,FL,33607-3802,Proprietary  ,0,0,0,14,55,69
02338400,FT PIERCE BEAUTY ACADEMY                ,FL,34982-0000,Proprietary  ,18,66,84,110,412,522
02341001,FORTIS COLLEGE - DBA FORTIS INSTITUTE   ,FL,32504-7322,Proprietary  ,1,2,3,18,51,69
02346200,WYOTECH                                 ,FL,32174-1010,Proprietary  ,13,26,39,339,501,840
02362100,FULL SAIL UNIVERSITY                    ,FL,32792-0000,Proprietary  ,116,113,229,7719,4144,11863
02499000,ACADEMY OF COSMETOLOGY                  ,FL,32953-3311,Proprietary  ,1,15,16,41,164,205
02501500,"O*TEC, MID-FLORIDA TECH                 ",FL,32809-0000,Public       ,16,26,42,267,440,707
02502702,ADVANCED CAREER TRAINING-JACKSONVIL     ,FL,32256-0000,Proprietary  ,30,178,208,118,812,930
02504600,WINTER PARK TECH                        ,FL,32789-0000,Public       ,12,26,38,121,402,523
02508900,TALMUDIC COLLEGE OF FLORIDA             ,FL,33139-0000,Private      ,1,0,1,17,9,26
02511700,RIDGE TECHNICAL CENTER                  ,FL,33881-0000,Public       ,3,16,19,97,386,483
02513200,ORLANDO TECHNICAL CENTER                ,FL,32801-0000,Public       ,9,20,29,218,707,925
02515400,CITY COLLEGE                            ,FL,33309-3073,Private      ,56,149,205,356,1283,1639
02517100,SARASOTA SCHOOL OF MASSAGE THERAPY      ,FL,34243-6130,Proprietary  ,0,4,4,38,126,164
02524000,SUNSTATE ACADEMY OF HAIR DESIGN         ,FL,34624-0000,Proprietary  ,15,18,33,112,172,284
02524200,ROBERT MORGAN EDUCATIONAL CENTER        ,FL,33177-0000,Public       ,64,93,157,435,797,1232
02547600,FLORIDA NATIONAL COLLEGE                ,FL,33012-0000,Proprietary  ,80,256,336,1006,3004,4010
02554200,RADFORD LOCKLIN TECH CENTER             ,FL,32570-0000,Public       ,0,1,1,28,91,119
02573200,LA BELLE BEAUTY ACADEMY                 ,FL,33135-0000,Proprietary  ,3,35,38,26,265,291
02586200,FLORIDA CAREER COLLEGE                  ,FL,33759-3924,Proprietary  ,57,134,191,485,1075,1560
02586201,FLORIDA CAREER COLLEGE -                ,FL,33569-2553,Proprietary  ,0,0,0,8,7,15
02597100,HERITAGE INSTITUTE                      ,FL,33912-7132,Proprietary  ,57,153,210,289,903,1192
02598200,FLORIDA TECHNICAL CLG JACKSONVILLE      ,FL,32211-5123,Proprietary  ,4,21,25,82,268,350
02599800,EVEREST UNIVERSITY                      ,FL,33759-1359,Proprietary  ,21,115,136,637,4204,4841
02599801,EVEREST UNIVERSITY - TAMPA LAKELAND CAMP,FL,33801-3801,Proprietary  ,22,150,172,75,458,533
02599805,EVEREST UNIVERSITY - JACKSONVILLE       ,FL,32256-0000,Proprietary  ,52,183,235,146,594,740
02601600,HENRY W BREWSTER TECHNICAL CENTER       ,FL,33602-0000,Public       ,3,24,27,62,357,419
02612700,DARLYNE MCGEE'S ACAD OF COSMETOLOGY     ,FL,32905-2805,Proprietary  ,1,6,7,23,144,167
02616400,SANFORD-BROWN INSTITUTE                 ,FL,32256-3520,Proprietary  ,49,273,322,250,1123,1373
02616401,SANFORD-BROWN INSTITUTE - TAMPA         ,FL,33610-8304,Proprietary  ,26,122,148,252,1129,1381
03003200,EVEREST INSTITUTE                       ,FL,33186-1410,Proprietary  ,61,173,234,614,1802,2416
03003201,EVEREST INSTITUTE - FT. LAUDERDALE      ,FL,33304-2522,Proprietary  ,22,57,79,60,192,252
03003600,MCFATTER TECHNICAL CENTER               ,FL,33317-7499,Public       ,11,59,70,207,644,851
03006801,PENNSYLVANIA CULINARY INSTITUTE - LE COR,FL,33025-3929,Proprietary  ,3,8,11,3,8,11
03008600,FLORIDA COLLEGE OF NATURAL HEALTH       ,FL,33064-1342,Proprietary  ,23,87,110,294,1083,1377
03010608,VIRGINIA COLLEGE - PENSACOLA            ,FL,32501-5650,Proprietary  ,46,225,271,283,1898,2181
03010612,VIRGINIA COLLEGE - GOLF ACADEMY OF AMERI,FL,32701-0000,Proprietary  ,4,2,6,128,129,257
03012300,ASM BEAUTY WORLD ACADEMY                ,FL,33021-0000,Proprietary  ,9,30,39,23,153,176
03018500,BENE'S INTERNATIONAL SCHOOL OF BEAUTY   ,FL,34652-1637,Proprietary  ,11,29,40,89,233,322
03028200,TRINITY COLLEGE OF FLORIDA              ,FL,34655-4401,Private      ,0,2,2,118,122,240
03031400,INTERNATIONAL ACAD OF DESIGN & TECH     ,FL,33634-6313,Proprietary  ,94,219,313,3497,4691,8188
03031402,INTERNATIONAL ACADEMY OF DESIGN AND TECH,FL,32809-4633,Proprietary  ,3,10,13,558,551,1109
03031403,IADT - ORLANDO CULINARY ACADEMY         ,FL,32819-0000,Proprietary  ,4,8,12,299,305,604
03035800,HERITAGE INSTITUTE                      ,FL,32216-0948,Proprietary  ,19,60,79,127,483,610
03035900,NATIONAL AVIATION ACADEMY               ,FL,33760-3931,Proprietary  ,9,35,44,179,424,603
03037500,HODGES UNIVERSITY                       ,FL,34119-7932,Private      ,25,134,159,444,2140,2584
03054200,TECHNICAL CAREER INSTITUTE              ,FL,33144-2373,Proprietary  ,174,92,266,724,635,1359
03071600,COLLEGE OF BUSINESS & TECHNOLOGY        ,FL,33176-1412,Proprietary  ,12,119,131,123,1039,1162
03071601,COLLEGE OF BUSINESS & TECHNOLOGY -      ,FL,33144-2072,Proprietary  ,0,0,0,9,13,22
03071602,COLLEGE OF BUSINESS & TECHNOLOGY -      ,FL,33012-3436,Proprietary  ,0,0,0,6,9,15
03076402,HIGH-TECH INSTITUTE - ORLANDO           ,FL,32803-3509,Proprietary  ,10,23,33,24,46,70
03079800,GEORGE T BAKER AVIATION                 ,FL,33142-5687,Public       ,7,5,12,147,143,290
03079900,CITY COLLEGE                            ,FL,32707-5342,Private      ,6,41,47,41,241,282
03087600,ITT TECHNICAL INSTITUTE                 ,FL,32746-1607,Proprietary  ,117,244,361,1308,2538,3846
03089200,NOUVELLE INSTITUTE                      ,FL,33125-4141,Proprietary  ,9,78,87,44,563,607
03096300,FLORIDA CAREER INSTITUTE                ,FL,33860-0000,Proprietary  ,2,22,24,34,244,278
03099600,MERCY HOSPITAL SCHOOL OF PRACTICAL NSG  ,FL,33133-4237,Private      ,3,6,9,39,99,138
03100800,TAYLOR TECHNICAL INSTITUTE              ,FL,32348-0894,Public       ,4,4,8,32,155,187
03101900,TRINITY BAPTIST COLLEGE                 ,FL,32221-1398,Private      ,0,2,2,183,101,284
03103900,MARION COUNTY COMMUNITY TECH & ADUL     ,FL,34474-3172,Public       ,4,4,8,127,393,520
03108500,EVERGLADES UNIVERSITY                   ,FL,33431-0000,Private      ,8,75,83,138,1106,1244
03108600,COM-PU-MED VOCATIONAL CAREERS           ,FL,33012-4861,Proprietary  ,12,128,140,65,682,747
03113400,ACADEMY OF HEALING ARTS                 ,FL,33463-2113,Proprietary  ,1,13,14,23,95,118
03114700,PRAXIS INSTITUTE                        ,FL,33135-2657,Proprietary  ,3,31,34,29,483,512
03115500,FLORIDA HOSPITAL COLG OF HEALTH SCI     ,FL,32803-1237,Private      ,19,43,62,705,1705,2410
03123900,KEISER CAREER INSTITUTE                 ,FL,33413-0000,Proprietary  ,38,141,179,419,1358,1777
03125600,MIAMI AD SCHOOL                         ,FL,33139-5203,Proprietary  ,0,3,3,77,281,358
03127900,TECHNICAL EDUCATION CTR OSCEOLA         ,FL,34744-4459,Public       ,16,24,40,143,412,555
03139600,DELTA CONNECTION ACADEMY                ,FL,32773-9683,Proprietary  ,1,3,4,45,90,135
03158300,LEE COUNTY HIGH TECH CENTER NORTH       ,FL,33993-2479,Public       ,4,2,6,86,239,325
03178400,CORAL RIDGE NURSES ASST TRAINING        ,FL,33306-0000,Proprietary  ,1,3,4,4,26,30
03224300,NEW PROFESSIONS TECHNICAL INSTITUTE     ,FL,33134-1640,Proprietary  ,7,96,103,64,607,671
03230300,OKALOOSA APPLIED TECHNOLOGY CENTER      ,FL,32547-1299,Public       ,3,13,16,71,340,411
03238300,FLORIDA COLLEGE OF INTEGRATIVE MED      ,FL,32809-5721,Proprietary  ,0,2,2,14,162,176
03255300,FLORIDA GULF COAST UNIVERSITY           ,FL,33965-6565,Public       ,60,47,107,5909,2558,8467
03256300,YESHIVA GEDOLAH RABBINICAL COLLEGE      ,FL,33139-4708,Private      ,0,0,0,12,3,15
03346300,ACAD FOR PRAC NURSING & HEALTH OCCP     ,FL,33417-4574,Private      ,17,94,111,104,696,800
03348400,PROFESSIONAL TRAINING CENTERS           ,FL,33184-0000,Proprietary  ,9,32,41,131,584,715
03370300,AUDIO RECORDING TECHNOLOGY INSTITUTE    ,FL,32811-0000,Proprietary  ,3,1,4,64,79,143
03373300,BEACON COLLEGE                          ,FL,34748-5224,Private      ,0,1,1,65,35,100
03374300,FLORIDA COASTAL SCHOOL OF LAW           ,FL,32256-0000,Proprietary  ,1,4,5,15,2149,2164
03382300,BRADFORD-UNION AREA CAREERTECHNICAL CENT,FL,32091-2434,Public       ,0,6,6,27,157,184
03390300,LINCOLN TECHNICAL INSTITUTE             ,FL,32730-2351,Proprietary  ,11,61,72,98,689,787
03390301,LINCOLN TECHNICAL INSTITUTE - ST. PETERS,FL,33709-3142,Proprietary  ,0,0,0,0,2,2
03411400,INTERNATIONAL TRAINING CAREERS          ,FL,33155-1462,Private      ,6,60,66,44,379,423
03414500,SOUTHEAST INSTITUTE OF ORIENTAL MED     ,FL,33176-1509,Proprietary  ,0,8,8,13,144,157
03425400,CENTRAL FLORIDA INSTITUTE               ,FL,34684-4436,Proprietary  ,11,55,66,172,646,818
03429600,ATLANTIC INST OF ORIENTAL MEDICINE      ,FL,33316-0000,Private      ,0,1,1,6,93,99
03429700,EAST WEST COLLG OF NATURAL MEDICINE     ,FL,34236-4959,Proprietary  ,0,1,1,4,130,134
03433400,NEW CONCEPT MASSAGE AND BEAUTY SCHO     ,FL,33135-0000,Proprietary  ,0,7,7,8,72,80
03434300,FORTIS COLLEGE                          ,FL,32073-2999,Proprietary  ,20,68,88,177,710,887
03434301,FORTIS COLLEGE - FORTIS INSTITUTE       ,FL,32216-4933,Proprietary  ,0,0,0,3,4,7
03459400,SAINT PETERSBURG THEOLOGICAL SEMINA     ,FL,33708-3116,Private      ,0,2,2,5,40,45
03480301,MEDVANCE INSTITUTE - FORT LAUDERDALE    ,FL,33313-7261,Proprietary  ,20,60,80,20,60,80
03480302,MEDVANCE INSTITUTE - STUART             ,FL,34994-3000,Proprietary  ,6,31,37,20,77,97
03491400,AMERICAN ADVANCED TECHNICIANS INST      ,FL,33014-4430,Proprietary  ,1,9,10,32,82,114
03524300,ACADEMY FOR FIVE ELEMENT ACUPUNCTURE    ,FL,32601-6811,Private      ,0,0,0,0,53,53
03549300,ULTIMATE MEDICAL ACADEMY                ,FL,33756-5802,Proprietary  ,49,267,316,208,1247,1455
03553300,KEISER CAREER COLLEGE                   ,FL,32216-0000,Proprietary  ,0,15,15,16,76,92
03557300,NORTH FLORIDA COSMETOLOGY INSTITUTE     ,FL,32312-0000,Proprietary  ,1,6,7,51,129,180
03564300,SUPERIOR CAREER INSTITUTE               ,FL,33311-1141,Proprietary  ,3,22,25,12,88,100
03570400,ENGLISH CENTER (THE)                    ,FL,33133-2703,Public       ,2,26,28,20,193,213
03595400,ANGLEY COLLEGE                          ,FL,32720-4257,Proprietary  ,3,27,30,27,170,197
03611400,FLORIDA BARBER ACADEMY                  ,FL,33441-0000,Proprietary  ,13,29,42,27,88,115
03618300,FLORIDA INSTITUTE OF ANIMAL ARTS        ,FL,32792-1740,Proprietary  ,7,14,21,64,166,230
03627400,JACKSONVILLE BEAUTY INSTITUTE           ,FL,32208-1885,Proprietary  ,2,76,78,37,394,431
03627600,FLORIDA EDUCATION INSTITUTE             ,FL,33144-5036,Proprietary  ,4,63,67,38,411,449
03661400,SOUTH FLORIDA INSTITUTE OF TECHNOLO     ,FL,33135-0000,Proprietary  ,11,158,169,70,625,695
03691400,AVE MARIA SCHOOL OF LAW                 ,FL,34119-1376,Private      ,0,0,0,3,588,591
03696400,SABER                                   ,FL,33134-1604,Private      ,3,30,33,12,330,342
03706300,AMERICAN INSTITUTE                      ,FL,33319-5613,Proprietary  ,17,64,81,129,483,612
03757300,ADVANCE SCIENCE INSTITUTE               ,FL,33012-0000,Proprietary  ,7,22,29,38,184,222
03801400,BEAUTY INSTITUTE (THE)                  ,FL,33409-2972,Proprietary  ,1,27,28,31,188,219
03801401,BEAUTY INSTITUTE (THE) - MARGATE        ,FL,33068-5704,Proprietary  ,1,0,1,1,3,4
03816300,ARTISTIC NAILS & BEAUTY ACADEMY         ,FL,33605-5919,Proprietary  ,13,56,69,72,277,349
03823300,FLORIDA ACADEMY OF HEALTH & BEAUTY      ,FL,33311-0000,Proprietary  ,3,15,18,14,66,80
03832300,DADE MEDICAL COLLEGE                    ,FL,33126-5534,Proprietary  ,19,98,117,120,527,647
03842500,CAMBRIDGE INSTITUTE OF ALLIED HEALTH    ,FL,32750-0000,Proprietary  ,6,20,26,26,150,176
03856300,UNIVERSAL BEAUTY SCHOOL                 ,FL,33174-4406,Proprietary  ,1,25,26,22,222,244
03866300,GALIANO CAREER ACADEMY                  ,FL,32701-0000,Proprietary  ,21,45,66,138,618,756
03875300,MEDICAL CAREER INSTITUTE OF SOUTH FLORID,FL,33407-2103,Proprietary  ,12,88,100,81,479,560
03888300,DRAGON RISES COLLEGE OF ORIENTAL MEDICIN,FL,32601-5089,Proprietary  ,2,10,12,6,45,51
03903500,SOUTHERN TECHNICAL COLLEGE              ,FL,32809-0000,Proprietary  ,12,43,55,80,229,309
03906300,CAREER INSTITUTE OF FLORIDA             ,FL,33773-3434,Proprietary  ,2,45,47,33,354,387
03911300,TOTAL INTERNATIONAL CAREER INSTITUTE    ,FL,33012-0000,Proprietary  ,2,16,18,11,80,91
03939300,WOLFORD COLLEGE                         ,FL,34108-1931,Private      ,0,3,3,0,126,126
03939400,CENTURA INSTITUTE                       ,FL,32807-3566,Proprietary  ,5,12,17,43,188,231
03939600,DAYTONA COLLEGE                         ,FL,32174-8445,Proprietary  ,7,11,18,23,94,117
03941300,AVE MARIA UNIVERSITY                    ,FL,34142-9505,Private      ,4,0,4,430,75,505
03957400,NEW COLLEGE OF FLORIDA                  ,FL,34243-2109,Public       ,0,0,0,878,115,993
03985300,COMMERCIAL DIVING ACADEMY               ,FL,32208-0000,Proprietary  ,9,18,27,109,358,467
03985400,SPACE COAST HEALTH INSTITUTE            ,FL,32904-8771,Proprietary  ,0,4,4,16,64,80
03986300,AVIATOR COLLEGE OF AERONAUTICAL SCIENCE ,FL,34946-9022,Proprietary  ,1,3,4,13,46,59
04016500,AMERICAN INSTITUTE OF BEAUTY            ,FL,33773-0000,Proprietary  ,5,32,37,43,187,230
04029300,TRENDSETTERS OF FLORIDA SCHOOL OF BEAUTY,FL,32205-0000,Proprietary  ,2,8,10,18,94,112
04058300,HEALTH OPPORTUNITY TECHNICAL CENTER     ,FL,33169-4517,Proprietary  ,2,18,20,9,181,190
04105400,PENSACOLA SCHOOL OF MASSAGE THERAPY & HE,FL,32504-7337,Proprietary  ,1,5,6,25,95,120
04106300,PALM BEACH ACADEMY OF HEALTH & BEAUTY   ,FL,33403-2130,Proprietary  ,0,2,2,19,68,87
04116600,TAYLOR COLLEGE                          ,FL,34420-8714,Proprietary  ,1,1,2,18,121,139
04119400,AVEDA INSTITUTE - SAINT PETERSBURG      ,FL,33701-4242,Proprietary  ,9,21,30,51,71,122
04119500,LANE INSTITUTE OF HEALTH SCIENCES       ,FL,32780-2898,Private      ,0,0,0,2,0,2
04120400,HI-TECH SCHOOL OF COSMETOLOGY           ,FL,33174-0000,Proprietary  ,8,8,16,48,56,104
04120500,ACADEMY OF PROFESSIONAL CAREERS         ,FL,32792-4433,Proprietary  ,1,11,12,14,50,64
04126900,ACADEMY OF CAREER TRAINING              ,FL,34741-4644,Proprietary  ,5,11,16,24,54,78
04127400,DIGITAL MEDIA ARTS COLLEGE              ,FL,33431-5919,Proprietary  ,39,14,53,79,40,119
04128400,MANAGEMENT RESOURCES INSTITUTE          ,FL,33126-5473,Proprietary  ,1,18,19,1,18,19
04129900,FLORIDA SCHOOL OF MASSAGE               ,FL,32608-5419,Proprietary  ,0,7,7,0,7,7
04130400,SHEAR EXCELLENCE INTERNATIONAL HAIR ACAD,FL,33614-2783,Private      ,5,10,15,9,39,48
04131900,FASTTRAIN OF MIAMI                      ,FL,33134-1065,Proprietary  ,15,37,52,15,38,53
04132200,FASTTRAIN OF JACKSONVILLE               ,FL,32256-4849,Proprietary  ,1,11,12,1,11,12
04133500,ACADEMY FOR FIVE ELEMENT ACUPUNCTURE    ,FL,32601-6811,Private      ,0,2,2,0,4,4
04134800,AVEDA INSTITUTE - TALLAHASSEE           ,FL,32304-3186,Proprietary  ,9,6,15,9,6,15
00160500,CHAMINADE UNIV OF HONOLULU              ,HI,96816-1578,Private      ,9,30,39,1254,1465,2719
00160600,BRIGHAM YOUNG UNIV-HAWAII CAMPUS        ,HI,96762-1294,Private      ,10,20,30,850,659,1509
00161000,UNIVERSITY OF HAWAII AT MANOA           ,HI,96822-2399,Public       ,24,35,59,8501,6335,14836
00161100,UNIVERSITY OF HAWAII AT HILO            ,HI,96720-4091,Public       ,15,7,22,2362,1488,3850
00161200,HONOLULU COMMUNITY COLLEGE              ,HI,96817-4598,Public       ,4,8,12,1027,1167,2194
00161300,KAPIOLANI COMMUNITY COLLEGE             ,HI,96816-4421,Public       ,11,39,50,1651,1761,3412
00161400,KAUAI COMMUNITY COLLEGE                 ,HI,96766-9591,Public       ,1,5,6,226,324,550
00161500,MAUI COMMUNITY COLLEGE                  ,HI,96732-1644,Public       ,4,20,24,824,1148,1972
00454900,LEEWARD COMMUNITY COLLEGE               ,HI,96782-3393,Public       ,8,26,34,1296,1563,2859
00525800,HAWAII COMMUNITY COLLEGE                ,HI,96720-4075,Public       ,2,4,6,859,1063,1922
00723401,HEALD COLLEGE - HONOLULU                ,HI,96814-0000,Proprietary  ,35,58,93,767,967,1734
00727900,HAWAII PACIFIC UNIVERSITY               ,HI,96813-2882,Private      ,14,50,64,3192,2999,6191
00777500,HOLLYWOOD BEAUTY COLLEGE                ,HI,96701-4100,Proprietary  ,0,0,0,24,37,61
01122000,WINDWARD COMMUNITY COLLEGE              ,HI,96744-0000,Public       ,2,17,19,473,658,1131
02100300,MED-ASSIST SCHOOL OF HAWAII             ,HI,96813-0000,Proprietary  ,2,2,4,65,121,186
02107800,UNIVERSITY OF HAWAII - WEST OAHU        ,HI,96782-0000,Public       ,4,8,12,290,651,941
02139500,HAWAII INSTITUTE OF HAIR DESIGN         ,HI,96817-5195,Proprietary  ,11,13,24,40,100,140
02208704,SAN DIEGO GOLF ACADEMY - THE GOLF ACADEM,HI,96744-3724,Proprietary  ,0,0,0,10,15,25
02321300,HAWAI'I THEOLOGICAL SEMINARY            ,HI,96817-0000,Private      ,0,0,0,2,8,10
03017800,TRAVEL INSTITUTE OF THE PACIFIC         ,HI,96814-1946,Proprietary  ,7,25,32,35,196,231
03020800,NEW YORK TECHNICAL INST OF HAWAII       ,HI,96817-4415,Proprietary  ,0,2,2,15,34,49
03072500,WORLD MEDICINE INSTITUTE                ,HI,96826-0000,Private      ,0,0,0,8,61,69
03649300,HAWAII TECHNOLOGY INSTITUTE             ,HI,96813-3036,Private      ,0,1,1,12,34,46
03735300,INST OF CLINICAL ACUPUNCTURE & ORIENT MD,HI,96813-2307,Proprietary  ,0,0,0,1,29,30
03999400,TRADITIONAL CHINESE MEDICAL COLLEGE OF H,HI,96743-8324,Private      ,0,0,0,0,25,25
00161600,BOISE STATE UNIVERSITY                  ,ID,83725-1000,Public       ,55,161,216,8721,10236,18957
00161700,"COLLEGE OF IDAHO, THE                   ",ID,83605-4432,Private      ,3,1,4,1099,193,1292
00161900,COLLEGE OF SOUTHERN IDAHO               ,ID,83301-0000,Public       ,26,82,108,2058,2846,4904
00162000,IDAHO STATE UNIVERSITY                  ,ID,83209-5377,Public       ,25,88,113,4148,7712,11860
00162100,LEWIS-CLARK STATE COLLEGE               ,ID,83501-2698,Public       ,6,31,37,1750,1787,3537
00162300,NORTH IDAHO COLLEGE                     ,ID,83814-2199,Public       ,14,37,51,1911,2335,4246
00162400,NORTHWEST NAZARENE UNIVERSITY           ,ID,83686-5897,Private      ,5,37,42,1165,1015,2180
00162500,BRIGHAM YOUNG UNIVERSITY-IDAHO          ,ID,83460-1650,Private      ,305,257,562,7065,6199,13264
00162600,UNIVERSITY OF IDAHO                     ,ID,83844-4291,Public       ,18,32,50,7487,3857,11344
00455300,ITT TECHNICAL INSTITUTE                 ,ID,83713-1529,Proprietary  ,48,122,170,714,1522,2236
00987300,MR JUAN'S CLG OF HAIR DESIGN            ,ID,83301-4154,Proprietary  ,2,3,5,24,41,65
01113300,EASTERN IDAHO TECHNICAL COLLEGE         ,ID,83404-5788,Public       ,2,15,17,228,827,1055
02210700,CAREER BEAUTY COLLEGE                   ,ID,83440-0000,Proprietary  ,3,6,9,34,60,94
02218000,APOLLO COLLEGE                          ,ID,83704-0000,Proprietary  ,23,115,138,343,1117,1460
02234500,BOISE BIBLE COLLEGE                     ,ID,83714-1220,Private      ,1,0,1,167,74,241
02275800,MR LEONS SCHOOL OF HAIR DESIGN          ,ID,83843-8384,Proprietary  ,3,10,13,35,66,101
02314000,SCHOOL OF HAIRSTYLING (THE)             ,ID,83202-0000,Proprietary  ,0,0,0,38,66,104
02319800,HEADMASTERS SCHOOL OF HAIR DESIGN       ,ID,83814-0000,Proprietary  ,8,12,20,121,176,297
02349200,HEADMASTERS SCHOOL OF HAIR DESIGN       ,ID,83501-0000,Proprietary  ,4,6,10,20,46,66
02559500,RAZZLE DAZZLE CLG OF HAIR DESIGN        ,ID,83686-5104,Proprietary  ,0,12,12,27,123,150
02607100,SCOT LEWIS SCHOOLS                      ,ID,83709-1662,Proprietary  ,8,12,20,111,158,269
03098700,ACADEMY OF COURT REPORTING              ,ID,83704-8320,Proprietary  ,23,109,132,251,986,1237
03832400,COSMETOLOGY SCHOOL OF ARTS & SCIENCES   ,ID,83318-1327,Proprietary  ,4,5,9,18,48,66
00163200,AQUINAS INSTITUTE OF THEOLOGY           ,MO,63108-3323,Private      ,0,1,1,0,70,70
00244900,AVILA COLLEGE                           ,MO,64145-1698,Private      ,3,30,33,876,1090,1966
00245000,CALVARY BIBLE COLLEGE                   ,MO,64147-1341,Private      ,0,2,2,178,167,345
00245200,CENTRAL BIBLE COLLEGE                   ,MO,65803-1096,Private      ,2,6,8,535,303,838
00245300,CENTRAL METHODIST UNIVERSITY            ,MO,65248-1198,Private      ,2,5,7,1149,541,1690
00245301,CENTRAL METHODIST UNIVERSITY            ,MO,63601-0000,Private      ,0,1,1,60,177,237
00245302,CENTRAL METHODIST UNIVERSITY- UNION     ,MO,63084-0000,Private      ,0,1,1,25,50,75
00245400,UNIVERSITY OF CENTRAL MISSOURI          ,MO,64093-5178,Public       ,23,91,114,6620,3754,10374
00245600,COLUMBIA COLLEGE                        ,MO,65216-4581,Private      ,24,374,398,2388,11864,14252
00245700,CONCORDIA SEMINARY                      ,MO,63105-3199,Private      ,1,9,10,4,640,644
00245800,COTTEY COLLEGE                          ,MO,64772-2790,Private      ,0,2,2,342,38,380
00245900,CROWDER COLLEGE                         ,MO,64850-9165,Public       ,29,79,108,1454,1949,3403
00246000,CULVER STOCKTON COLLEGE                 ,MO,63435-1299,Private      ,2,2,4,1097,181,1278
00246100,DRURY UNIVERSITY                        ,MO,65802-3791,Private      ,18,77,95,2079,3284,5363
00246200,EDEN THEOLOGICAL SEMINARY               ,MO,63119-0000,Private      ,0,2,2,1,109,110
00246300,EVANGEL UNIVERSITY                      ,MO,65802-2125,Private      ,7,20,27,1719,609,2328
00246400,FONTBONNE UNIVERSITY                    ,MO,63105-3098,Private      ,3,63,66,1175,2681,3856
00246600,HARRIS-STOWE STATE COLLEGE              ,MO,63103-2199,Public       ,8,21,29,1306,1691,2997
00246700,CONCEPTION SEMINARY COLLEGE             ,MO,64433-0000,Private      ,0,0,0,31,13,44
00246800,JEFFERSON COLLEGE                       ,MO,63050-2441,Public       ,43,85,128,2134,1909,4043
00247100,ST LOUIS COMMUNITY COLLEGE              ,MO,63102-0000,Public       ,114,409,523,7583,12112,19695
00247104,SAINT LOUIS COMMUNITY COLLEGE - WILDWOOD,MO,63040-1168,Public       ,0,0,0,18,35,53
00247300,KANSAS CITY ART INSTITUTE               ,MO,64111-1874,Private      ,2,1,3,877,201,1078
00247400,KANSAS CITY UNIV OF MED & BIOSCIENCES   ,MO,64106-0000,Private      ,0,1,1,22,1058,1080
00247600,KENRICK-GLENNON SEMINARY                ,MO,63119-0000,Private      ,0,0,0,6,4,10
00247700,A.T. STILL UNIV OF HEALTH SCIENCES      ,MO,63501-0000,Private      ,0,66,66,6,2318,2324
00247900,LINCOLN UNIVERSITY                      ,MO,65101-3500,Public       ,8,29,37,2289,1445,3734
00248000,LINDENWOOD UNIVERSITY                   ,MO,63301-1695,Private      ,21,221,242,3911,5913,9824
00248200,MARYVILLE UNIVERSITY                    ,MO,63141-7299,Private      ,3,45,48,2007,1808,3815
00248400,METROPOLITAN COMMUNITY COLLEGE          ,MO,64111-2408,Public       ,155,332,487,6879,9835,16714
00248500,MIDWESTERN BAPTIST THEOL SEMINARY       ,MO,64118-4697,Private      ,0,3,3,62,241,303
00248600,MINERAL AREA COLLEGE                    ,MO,63601-1000,Public       ,34,48,82,1457,1703,3160
00248800,MISSOURI SOUTHERN STATE UNIVERSITY      ,MO,64801-1595,Public       ,17,41,58,2903,3003,5906
00248900,MISSOURI VALLEY COLLEGE                 ,MO,65340-3197,Private      ,4,7,11,1445,351,1796
00249000,MISSOURI WESTERN STATE UNIVERSITY       ,MO,64507-2294,Public       ,18,43,61,3680,2047,5727
00249100,MOBERLY AREA COMMUNITY COLLEGE          ,MO,65270-1304,Public       ,11,19,30,1969,1888,3857
00249400,NAZARENE THEOLOGICAL SEMINARY           ,MO,64131-1246,Private      ,0,0,0,1,162,163
00249500,TRUMAN STATE UNIVERSITY                 ,MO,63501-4221,Public       ,14,2,16,4755,432,5187
00249600,NORTHWEST MISSOURI STATE UNIV           ,MO,64468-6001,Public       ,11,55,66,5450,1166,6616
00249800,PARK UNIVERSITY                         ,MO,64152-3795,Private      ,10,177,187,1211,7409,8620
00249900,ROCKHURST UNIVERSITY                    ,MO,64110-2561,Private      ,2,37,39,1921,1284,3205
00250000,COLLEGE OF THE OZARKS                   ,MO,65726-2502,Private      ,12,1,13,2561,266,2827
00250100,SOUTHEAST MISSOURI STATE UNIV           ,MO,63701-4799,Public       ,20,49,69,6445,3430,9875
00250200,SOUTHWEST BAPTIST UNIVERSITY            ,MO,65613-2597,Private      ,8,43,51,1940,1448,3388
00250300,MISSOURI STATE UNIVERSITY               ,MO,65897-0094,Public       ,83,114,197,11701,6015,17716
00250400,ST LOUIS COLLEGE OF PHARMACY            ,MO,63110-1088,Private      ,2,3,5,749,441,1190
00250600,SAINT LOUIS UNIVERSITY                  ,MO,63103-2097,Private      ,16,86,102,7451,5536,12987
00250602,SAINT LOUIS UNIV SCH MEDICINE           ,MO,63104-0000,Private      ,0,0,0,119,478,597
00250900,SAINT PAUL SCHOOL OF THEOLOGY           ,MO,64127-2499,Private      ,0,1,1,1,176,177
00251200,STEPHENS COLLEGE                        ,MO,65215-0001,Private      ,1,5,6,887,373,1260
00251400,NORTH CENTRAL MISSOURI COLLEGE          ,MO,64683-1824,Public       ,23,40,63,649,793,1442
00251600,UNIVERSITY OF MISSOURI-COLUMBIA         ,MO,65211-1600,Public       ,78,115,193,17253,6612,23865
00251700,MISSOURI UNIVERSITY OF SCIENCE & TECHNOL,MO,65409-0250,Public       ,13,7,20,3965,1020,4985
00251800,UNIVERSITY OF MISSOURI-KANSAS CITY      ,MO,64110-2497,Public       ,21,121,142,5476,7631,13107
00251900,UNIVERSITY OF MISSOURI-ST LOUIS         ,MO,63121-4499,Public       ,36,139,175,4930,7609,12539
00252000,WASHINGTON UNIVERSITY                   ,MO,63130-4899,Private      ,19,20,39,10197,4401,14598
00252001,WASHINGTON UNIV-SCHOOL OF MEDICINE      ,MO,63110-0000,Private      ,1,1,2,48,1097,1145
00252100,WEBSTER UNIVERSITY                      ,MO,63119-3194,Private      ,4,182,186,2984,12428,15412
00252200,WENTWORTH MILITARY ACADEMY              ,MO,64067-1799,Private      ,7,9,16,137,198,335
00252300,WESTMINSTER COLLEGE                     ,MO,65251-1299,Private      ,2,0,2,886,79,965
00252400,WILLIAM JEWELL COLLEGE                  ,MO,64068-1896,Private      ,2,7,9,1401,245,1646
00252500,WILLIAM WOODS UNIVERSITY                ,MO,65251-2388,Private      ,1,135,136,815,2379,3194
00405704,NATIONAL AMERICAN UNIVERSITY            ,MO,64057-1791,Proprietary  ,1,3,4,45,310,355
00441300,ST JOHNS HOSP SCH RAD TECH              ,MO,65802-0000,Private      ,0,0,0,32,52,84
00470300,LOGAN COLLEGE OF CHIROPRACTIC           ,MO,63006-1065,Private      ,1,9,10,80,1203,1283
00470700,COVENANT THEOLOGICAL SEMINARY           ,MO,63141-8697,Private      ,0,2,2,0,459,459
00471100,LINN STATE TECHNICAL COLLEGE            ,MO,65051-9607,Public       ,29,4,33,928,271,1199
00471300,THREE RIVERS COMMUNITY COLLEGE          ,MO,63901-2393,Public       ,33,55,88,1530,2285,3815
00528800,KIRKSVILLE AREA TECHNICAL CENTER        ,MO,63501-0000,Public       ,0,0,0,16,53,69
00528900,WAYNESVILLE TECHNICAL ACADEMY           ,MO,65583-0000,Public       ,0,0,0,23,75,98
00542400,SOUTH CENTRAL CAREER CENTER             ,MO,65775-3334,Public       ,0,0,0,20,112,132
00542600,SIKESTON CAREER AND TECHNOLOGY CTR      ,MO,63801-0000,Public       ,0,1,1,27,133,160
00542900,ROLLA TECHNICAL INSTITUTE               ,MO,65401-3601,Public       ,2,2,4,153,305,458
00543000,POPLAR BLUFF TECHNICAL CAREER CNTR      ,MO,63901-0000,Public       ,0,0,0,27,94,121
00543800,SALINE COUNTY CAREER CENTER             ,MO,65340-0000,Public       ,0,0,0,20,56,76
00544500,TRUMAN MEDICAL CENTER SCHOOL OF NURSE AN,MO,64108-2677,Private      ,1,0,1,21,57,78
00553100,GRAND RIVER TECHNICAL SCHOOL            ,MO,64601-1299,Public       ,0,0,0,47,32,79
00553200,CAPE GIRARDEAU CAREER & TECHNOLOGY CENTE,MO,63703-7511,Public       ,0,5,5,76,241,317
00638500,CHAMBERLAIN COLLEGE OF NURSING          ,MO,63139-3297,Proprietary  ,4,160,164,342,2466,2808
00638900,BARNES JEWISH COLLEGE OF NURSING AND ALL,MO,63110-1091,Private      ,3,5,8,170,557,727
00639200,RESEARCH COLLEGE OF NURSING             ,MO,64132-1199,Proprietary  ,0,4,4,0,4,4
00639201,RESEARCH MEDICAL CENTER - COLLEGE OF NUR,MO,64132-1199,Proprietary  ,0,1,1,0,1,1
00666600,LUTHERAN  SCHOOL OF NURSING             ,MO,63118-3909,Proprietary  ,0,4,4,55,274,329
00754000,MISSOURI BAPTIST UNIVERSITY             ,MO,63141-8698,Private      ,5,95,100,1092,1682,2774
00755700,ITT TECHNICAL INSTITUTE                 ,MO,63045-1122,Proprietary  ,117,318,435,1727,3167,4894
00808000,STATE FAIR COMMUNITY COLLEGE            ,MO,65301-0000,Public       ,24,50,74,1598,1882,3480
00826900,HILLYARD TECHNICAL CENTER               ,MO,64506-0000,Public       ,1,0,1,68,119,187
00855200,PATRICIA STEVENS COLLEGE                ,MO,63102-2334,Proprietary  ,0,14,14,72,140,212
00860600,TRI-COUNTY TECHNICAL SCHOOL             ,MO,65026-0000,Public       ,0,0,0,9,46,55
00886200,EAST CENTRAL COLLEGE                    ,MO,63084-0529,Public       ,29,36,65,1567,1414,2981
00908900,HANNIBAL-LAGRANGE COLLEGE               ,MO,63401-1999,Private      ,1,11,12,672,469,1141
00952000,NATIONAL ACADEMY OF BEAUTY ARTS         ,MO,63128-1307,Proprietary  ,17,28,45,198,352,550
00959000,INDEPENDENCE COLLEGE OF COSMETOLOGY     ,MO,64055-1105,Proprietary  ,3,7,10,55,100,155
00960700,HOUSE OF HEAVILIN BEAUTY COLLEGE        ,MO,64110-2826,Proprietary  ,2,5,7,18,81,99
00978200,SAINT LUKE'S COLLEGE                    ,MO,64114-3237,Private      ,0,0,0,81,123,204
00979500,MISSOURI COLLEGE                        ,MO,63144-2901,Proprietary  ,37,91,128,421,940,1361
01014814,COLORADO TECHNL UNIV NORTH KANSAS CITY  ,MO,64116-3614,Proprietary  ,3,39,42,224,997,1221
01027900,HICKEY COLLEGE                          ,MO,63146-0000,Proprietary  ,2,2,4,357,172,529
01040500,PINNACLE CAREER INSTITUTE               ,MO,64131-3367,Proprietary  ,31,244,275,209,1358,1567
01040501,PINNACLE CAREER INSTITUTE - NORTH KANSAS,MO,64153-1151,Proprietary  ,1,5,6,1,5,6
01102600,WARRENSBURG AREA VOC TECH SCH           ,MO,64093-0000,Public       ,0,1,1,26,47,73
01173500,PIKE/LINCOLN TECHNICAL CENTER           ,MO,63344-0000,Public       ,1,1,2,28,54,82
01212000,ASSEMBLIES OF GOD THEO. SEMINARY        ,MO,65802-0000,Private      ,0,4,4,8,290,298
01250000,RANKEN TECHNICAL COLLEGE                ,MO,63113-2811,Private      ,2,5,7,1116,746,1862
01258000,ST LOUIS CHRISTIAN COLLEGE              ,MO,63033-6499,Private      ,0,1,1,176,200,376
01320800,BAPTIST BIBLE COLLEGE                   ,MO,65803-3498,Private      ,0,1,1,431,259,690
02056100,FOUR RIVERS CAREER CENTER               ,MO,63090-0000,Public       ,0,1,1,13,34,47
02066900,NICHOLS CAREER CENTER                   ,MO,65101-2814,Public       ,0,1,1,47,92,139
02068200,COX HEALTH - COX COLLEGE                ,MO,65802-0000,Private      ,1,12,13,153,538,691
02068202,COX HEALTH - RADIOLOGIC TECHNOLOGY      ,MO,65802-0000,Private      ,0,0,0,27,63,90
02068204,COX HEALTH - MEDICAL TECHNOLOGY         ,MO,65807-0000,Private      ,0,1,1,9,19,28
02073600,KENNETT CAREER & TECHNOLOGY CENTER      ,MO,63857-0000,Public       ,0,0,0,9,56,65
02090400,BOONSLICK TECHNICAL EDUCATION CTR       ,MO,65233-0000,Public       ,0,0,0,11,30,41
02121100,MIDWEST INSTITUTE                       ,MO,63122-0000,Proprietary  ,3,10,13,55,256,311
02124500,FRANKLIN TECHNOLOGY CENTER              ,MO,64801-0000,Public       ,0,0,0,93,300,393
02142200,LEX LA RAY TECHNICAL CENTER             ,MO,64067-0000,Public       ,2,1,3,26,42,68
02151000,HANNIBAL CAREER AND TECHNICAL CENTE     ,MO,63401-2285,Public       ,0,2,2,18,74,92
02154900,MISSOURI SCH OF BARB & HAIR             ,MO,63031-0000,Proprietary  ,0,0,0,11,28,39
02164200,FOREST INST PROFESSIONAL PSYCHOLOGY     ,MO,65807-0000,Private      ,0,7,7,2,275,277
02165900,CHILLICOTHE BEAUTY ACADEMY              ,MO,64601-0000,Proprietary  ,0,0,0,8,32,40
02180200,METRO BUSINESS COLLEGE                  ,MO,63701-0000,Proprietary  ,11,66,77,168,723,891
02188000,NORTHWEST TECHNICAL SCHOOL              ,MO,64468-0000,Public       ,0,0,0,2,3,5
02188100,NORTHLAND CAREER CENTER                 ,MO,64079-8333,Public       ,0,0,0,7,61,68
02202700,OZARK CHRISTIAN COLLEGE                 ,MO,64801-0000,Private      ,1,1,2,508,190,698
02203400,NEVADA REGIONAL TECHNICAL CENTER        ,MO,64772-0000,Public       ,0,1,1,20,67,87
02205200,SANFORD-BROWN COLLEGE                   ,MO,63026-7305,Proprietary  ,69,322,391,872,3705,4577
02205203,SANFORD BROWN COLLEGE-ST. PETERS        ,MO,63301-4042,Proprietary  ,18,89,107,296,1087,1383
02205205,SANFORD BROWN COLLEGE-HAZELWOOD         ,MO,63042-2708,Proprietary  ,19,134,153,227,1203,1430
02214500,SALEM COLLEGE OF HAIRSTYLING            ,MO,65401-0000,Proprietary  ,5,3,8,12,55,67
02239200,ALLIED COLLEGE - NORTH                  ,MO,63043-0000,Proprietary  ,78,164,242,927,1806,2733
02239202,ALLIED COLLEGE - METRO SOUTH            ,MO,63026-0000,Proprietary  ,1,3,4,2,11,13
02242800,GIBSON TECHNICAL CENTER                 ,MO,65737-0169,Public       ,1,7,8,6,53,59
02250600,EVEREST COLLEGE                         ,MO,65807-2446,Proprietary  ,10,64,74,504,1814,2318
02263106,HIGH-TECH INSTITUTE - KANSAS CITY       ,MO,64114-0000,Proprietary  ,1,0,1,4,10,14
02263400,LAKE CAREER AND TECHNICAL CENTER        ,MO,65020-0000,Public       ,0,0,0,14,15,29
02266400,CENTRAL CHRISTIAN CLG OF THE BIBLE      ,MO,65270-0000,Private      ,0,2,2,333,215,548
02277500,HOUSE OF HEAVILIN OF BLUE SPRINGS       ,MO,64014-3953,Proprietary  ,2,5,7,50,83,133
02289200,COLUMBIA AREA CAREER CENTER             ,MO,65203-0000,Public       ,0,1,1,52,149,201
02295700,MISSOURI BEAUTY ACADEMY                 ,MO,63640-1827,Proprietary  ,0,6,6,24,58,82
02295701,"MISSOURI BEAUTY ACADEMY, LLC - CRYSTAL C",MO,63019-1724,Proprietary  ,0,0,0,1,1,2
02300105,EVEREST COLLEGE - EARTH CITY            ,MO,63045-1100,Proprietary  ,17,130,147,60,367,427
02304000,MISSOURI TECH                           ,MO,63132-0000,Proprietary  ,2,14,16,57,123,180
02309100,AMERICAN COLLEGE OF HAIR DESIGN         ,MO,65301-2144,Proprietary  ,2,4,6,29,45,74
02311100,ABBOTT ACADEMY OF COSMETIC ARTS/SCI     ,MO,63376-0000,Proprietary  ,0,1,1,16,28,44
02313000,CASS CAREER CENTER                      ,MO,64701-0000,Public       ,0,0,0,15,40,55
02340500,ST LOUIS COLLEGE OF HEALTH CAREERS      ,MO,63110-0000,Proprietary  ,13,72,85,101,638,739
02340501,ST LOUIS COLLEGE OF HEALTH              ,MO,63129-0000,Proprietary  ,0,0,0,6,12,18
02342100,CAREER & TECHNOLOGY CTR AT FT OSAGE     ,MO,64058-0000,Public       ,0,0,0,8,5,13
02361600,CONCORDE CAREER COLLEGE                 ,MO,64111-0000,Proprietary  ,13,97,110,160,1048,1208
02497500,CLINTON TECHNICAL SCHOOL                ,MO,64735-2966,Public       ,1,0,1,5,3,8
02520800,MERRELL UNIV OF BTY ARTS & SCIENCES     ,MO,65109-0000,Proprietary  ,5,7,12,98,132,230
02530600,SAINT CHARLES COMMUNITY COLLEGE         ,MO,63376-0975,Public       ,25,55,80,2710,2024,4734
02543800,PARIS II EDUCATIONAL CENTER (THE)       ,MO,64118-0000,Proprietary  ,5,6,11,38,133,171
02555300,PATSY AND ROB'S ACADEMY OF BEAUTY       ,MO,63074-0000,Proprietary  ,1,9,10,46,132,178
02564700,ELAINE STEVEN BEAUTY COLLEGE            ,MO,63136-0000,Proprietary  ,6,18,24,67,179,246
02564701,ELAINE STEVEN BEAUTY COLLEGE - ADVANCE B,MO,63383-2006,Proprietary  ,0,0,0,1,3,4
02564702,ELAINE STEVEN BEAUTY COLLEGE - ADVANCE B,MO,63401-2269,Proprietary  ,0,1,1,0,1,1
02568500,GRABBER SCHOOL OF HAIR DESIGN           ,MO,63011-0000,Proprietary  ,4,2,6,49,65,114
02599700,VATTEROTT COLLEGE                       ,MO,63134-2900,Proprietary  ,32,150,182,256,1443,1699
02599701,VATTEROTT COLLEGE - KANSAS CITY         ,MO,64129-1692,Proprietary  ,7,43,50,248,1154,1402
02599702,VATTEROTT COLLEGE - SPRINGFIELD LOCATION,MO,65807-5340,Proprietary  ,15,79,94,135,661,796
02599703,VATTEROTT COLLEGE - JOPLIN              ,MO,64801-5033,Proprietary  ,11,53,64,101,469,570
02599705,VATTEROTT COLLEGE - SUNSET HILLS        ,MO,63127-1516,Proprietary  ,24,79,103,259,791,1050
02599712,VATTEROTT COLLEGE - O'FALLON            ,MO,63366-2748,Proprietary  ,6,25,31,109,371,480
02608000,NEOSHO BEAUTY COLLEGE                   ,MO,64850-1525,Proprietary  ,1,5,6,7,32,39
02608001,NEOSHO BEAUTY COLLEGE - CLASS ACT I COSM,MO,64801-2314,Proprietary  ,0,0,0,9,26,35
02609202,VATTEROTT COLLEGE-ST JOSEPH             ,MO,64501-2911,Proprietary  ,4,27,31,111,411,522
02609203,VATTEROTT COLLEGE - L'ECOLE CULINAIRE   ,MO,63124-1103,Proprietary  ,9,26,35,208,603,811
02611001,HERITAGE COLLEGE                        ,MO,64151-0000,Proprietary  ,0,0,0,131,483,614
02611004,HERITAGE COLLEGE-KANSAS CITY            ,MO,64131-4203,Proprietary  ,33,75,108,83,249,332
03036100,AERO MECHANICS SCHOOL                   ,MO,64152-0000,Proprietary  ,0,0,0,0,2,2
03042400,LEBANON TECHNOLOGY & CAREER CENTER      ,MO,65536-3296,Public       ,0,0,0,21,101,122
03066300,BRYAN CAREER COLLEGE                    ,MO,65806-2507,Proprietary  ,4,15,19,62,243,305
03066301,BRYAN CAREER COLLEGE                    ,MO,64138-0000,Proprietary  ,0,0,0,0,2,2
03068600,NORTH COUNTY TECH SPECIAL SCH DIST      ,MO,63033-6498,Public       ,0,7,7,36,338,374
03070200,CENTRAL COLLEGE OF COSMETOLOGY          ,MO,65583-0000,Proprietary  ,1,7,8,31,99,130
03070900,SE MO HOSP CLG NURSING & HEALTH SCI     ,MO,63703-4507,Private      ,2,3,5,66,209,275
03077200,COSMETOLOGY CONCEPTS INSTITUTE          ,MO,65202-1972,Proprietary  ,0,2,2,25,54,79
03083000,OZARKS TECHNICAL COMMUNITY COLLEGE      ,MO,65802-3601,Public       ,105,236,341,5064,5740,10804
03092600,MESSENGER COLLEGE                       ,MO,64804-4909,Private      ,0,2,2,57,46,103
03097600,ST LOUIS HAIR ACADEMY                   ,MO,63107-1737,Proprietary  ,1,4,5,10,55,65
03101000,NEW DIMENSION SCHOOL OF HAIR DESIGN     ,MO,64801-5017,Proprietary  ,0,2,2,24,41,65
03106000,MISSOURI STATE UNIVERSITY - WEST PLAINS ,MO,65775-2715,Public       ,28,40,68,950,939,1889
03110900,HOUSE OF HEAVILIN BEAUTY COLLEGE        ,MO,64030-1154,Proprietary  ,2,8,10,20,63,83
03166300,MOBERLY AREA TECHNICAL CENTER           ,MO,65270-1904,Public       ,0,0,0,14,12,26
03174300,HERNDON CAREER CENTER                   ,MO,64138-2695,Public       ,0,1,1,14,9,23
03519300,MISSOURI COLLEGE OF COSMETOLOGY NORTH   ,MO,65803-1235,Proprietary  ,1,5,6,89,249,338
03528300,MIDWEST UNIVERSITY                      ,MO,63385-2905,Private      ,0,1,1,4,24,28
03579300,TEXAS COUNTY TECHNICAL INSTITUTE        ,MO,65483-2700,Private      ,2,7,9,37,300,337
03616300,AVIATION INSTITUTE OF MAINTENANCE       ,MO,64129-1811,Proprietary  ,4,30,34,73,321,394
03663400,UNIVERSITY OF COSMETOLOGY               ,MO,63080-1910,Proprietary  ,0,3,3,16,45,61
03817300,ST. CHARLES SCHOOL OF MASSAGE THERAPY   ,MO,63303-5607,Proprietary  ,0,1,1,9,30,39
03878300,PROFESSIONAL MASSAGE TRAINING CENTER    ,MO,65803-2939,Proprietary  ,2,5,7,36,80,116
03916300,ECLIPS SCHOOL OF COSMETOLOGY AND BARBERI,MO,63703-5809,Proprietary  ,1,14,15,26,69,95
03924300,HAIR ACADEMY 110 (THE)                  ,MO,63501-2915,Proprietary  ,1,3,4,14,28,42
03970400,MTTI-WELLSPRING CENTER FOR NATURAL HEALT,MO,64114-3313,Proprietary  ,2,11,13,39,183,222
04037500,ACADEMY OF HAIR DESIGN                  ,MO,65804-2303,Proprietary  ,4,9,13,32,71,103
04048300,DIVAS UNLIMITED ACADEMY                 ,MO,63114-2625,Proprietary  ,0,3,3,3,22,25
04117800,CAREER ALTERNATIVES LEARNING CENTER     ,MO,63044-4079,Proprietary  ,0,0,0,0,13,13
04133300,TREND SETTERS SCHOOL OF COSMETOLOGY     ,MO,63702-7607,Proprietary  ,1,6,7,6,16,22
00163201,AQUINAS INSTITUTE OF THEOLOGY - MINISTRY,OK,73123-0380,Private      ,0,0,0,2,4,6
00314600,WESTERN OKLAHOMA STATE COLLEGE          ,OK,73521-1397,Public       ,15,46,61,483,876,1359
00314700,BACONE COLLEGE                          ,OK,74403-1597,Private      ,15,24,39,710,693,1403
00314900,SOUTHERN NAZARENE UNIVERSITY            ,OK,73008-2694,Private      ,5,97,102,1218,1617,2835
00315000,CAMERON UNIVERSITY                      ,OK,73505-6377,Public       ,19,81,100,1665,3235,4900
00315100,OKLAHOMA WESLEYAN UNIVERSITY            ,OK,74006-6299,Private      ,3,27,30,535,865,1400
00315200,UNIV OF CENTRAL OKLAHOMA                ,OK,73034-5209,Public       ,57,111,168,7113,6115,13228
00315300,CONNORS STATE COLLEGE                   ,OK,74469-9700,Public       ,13,40,53,881,1152,2033
00315400,EAST CENTRAL UNIVERSITY                 ,OK,74820-6999,Public       ,23,66,89,2119,2539,4658
00315500,EASTERN OKLAHOMA STATE COLLEGE          ,OK,74578-4999,Public       ,15,33,48,827,1041,1868
00315600,REDLANDS COMMUNITY COLLEGE              ,OK,73036-5304,Public       ,20,42,62,624,1087,1711
00315700,LANGSTON UNIVERSITY                     ,OK,73050-0000,Public       ,25,28,53,2042,1921,3963
00315800,MURRAY STATE COLLEGE                    ,OK,73460-3137,Public       ,42,60,102,1057,1704,2761
00316000,NORTHEASTERN OKLAHOMA A & M COLLEGE     ,OK,74354-6497,Public       ,12,29,41,1276,879,2155
00316100,NORTHEASTERN STATE UNIVERSITY           ,OK,74464-2399,Public       ,17,76,93,4442,5515,9957
00316200,NORTHERN OKLAHOMA COLLEGE               ,OK,74653-0310,Public       ,16,78,94,1706,1964,3670
00316300,NORTHWESTERN OKLAHOMA STATE UNIV        ,OK,73717-2799,Public       ,12,19,31,965,852,1817
00316400,OKLAHOMA BAPTIST UNIVERSITY             ,OK,74801-2590,Private      ,4,3,7,1411,263,1674
00316500,OKLAHOMA CHRISTIAN UNIVERSITY           ,OK,73131-0000,Private      ,1,9,10,2054,599,2653
00316600,OKLAHOMA CITY UNIVERSITY                ,OK,73106-1493,Private      ,8,17,25,1787,2061,3848
00316700,UNIV OF SCIENCE & ARTS OF OKLAHOMA      ,OK,73018-5322,Public       ,5,8,13,750,534,1284
00316800,ROGERS STATE UNIVERSITY                 ,OK,74017-3252,Public       ,15,65,80,1938,2272,4210
00317000,OKLAHOMA STATE UNIVERSITY               ,OK,74078-1015,Public       ,81,82,163,12565,6466,19031
00317200,OKLAHOMA STATE UNIVERSITY-OKMULGEE      ,OK,74447-3901,Public       ,18,34,52,1333,1193,2526
00317400,OKLAHOMA PANHANDLE STATE UNIVERSITY     ,OK,73939-0000,Public       ,9,10,19,661,391,1052
00317600,CARL ALBERT STATE COLLEGE               ,OK,74953-5208,Public       ,10,16,26,1038,1837,2875
00317800,SEMINOLE STATE COLLEGE                  ,OK,74818-1902,Public       ,21,46,67,726,1131,1857
00317900,SOUTHEASTERN OKLAHOMA STATE UNIV        ,OK,74701-0609,Public       ,35,55,90,2291,2048,4339
00318000,SOUTHWESTERN CHRISTIAN UNIVERSITY       ,OK,73008-2335,Private      ,0,3,3,144,193,337
00318100,SOUTHWESTERN OKLAHOMA STATE UNIV        ,OK,73096-3098,Public       ,24,43,67,2655,1784,4439
00318101,SOUTHWESTERN OK STATE UNIV AT SAYRE     ,OK,73662-0000,Public       ,7,14,21,132,261,393
00318300,ST GREGORY'S UNIVERSITY                 ,OK,74804-2499,Private      ,9,32,41,296,525,821
00318308,SAINT GREGORY'S UNIVERSITY - IPD TULSA  ,OK,74135-2499,Private      ,0,3,3,9,152,161
00318400,UNIVERSITY OF OKLAHOMA                  ,OK,73019-4078,Public       ,54,128,182,13266,8281,21547
00318401,UNIVERSITY OF OKLAHOMA-HLTH SCI CTR     ,OK,73190-0000,Public       ,2,28,30,430,3032,3462
00318500,UNIVERSITY OF TULSA                     ,OK,74104-3189,Private      ,10,13,23,2500,1684,4184
00398500,ORAL ROBERTS UNIVERSITY                 ,OK,74171-0001,Private      ,4,20,24,2702,1474,4176
00531100,TULSA COUNTY AREA VOC TECH SCHOOL       ,OK,74145-0000,Public       ,1,8,9,144,603,747
00531200,RED RIVER TECHNOLOGY CENTER             ,OK,73533-2700,Public       ,0,1,1,21,124,145
00533900,METRO TECHNOLOGY CENTERS SCH DIST22     ,OK,73111-0000,Public       ,4,24,28,167,950,1117
00533903,METRO TECHNOLOGY CENTERS SCH DIST22     ,OK,73129-0000,Public       ,2,5,7,56,216,272
00694200,MID-AMERICA CHRISTIAN UNIVERSITY        ,OK,73170-4504,Private      ,2,36,38,429,887,1316
00767800,SPARTAN COLLEGE OF AERONAUTICS AND TECHN,OK,74115-5800,Proprietary  ,22,23,45,942,816,1758
00791100,VIRGILS BEAUTY COLLEGE                  ,OK,74401-6802,Proprietary  ,2,3,5,21,44,65
00834300,AUTRY TECHNOLOGY CENTER                 ,OK,73703-2598,Public       ,0,3,3,61,199,260
00861900,TRI COUNTY TECHNOLOGY CENTER            ,OK,74006-6029,Public       ,0,0,0,65,138,203
00918500,ROSE STATE COLLEGE                      ,OK,73110-2799,Public       ,36,145,181,1796,4380,6176
00920400,KIAMICHI AREA VOC TECH SCHOOL           ,OK,74578-0548,Public       ,3,5,8,288,1002,1290
00920408,KIAMICHI AREA VOC TECH SCHOOL           ,OK,74953-0000,Public       ,0,3,3,25,96,121
00961800,TULSA WELDING SCHOOL                    ,OK,74104-0000,Proprietary  ,112,229,341,787,1386,2173
00964700,"OKLAHOMA STATE UNIV, OKLA CITY          ",OK,73107-6159,Public       ,30,124,154,1623,4027,5650
00970800,EVES COLLEGE OF HAIRSTYLING             ,OK,73501-4359,Proprietary  ,5,15,20,32,121,153
00976300,TULSA COMMUNITY COLLEGE                 ,OK,74135-6198,Public       ,92,287,379,5507,8829,14336
00996300,CADDO KIOWA VOC TECH CENTER             ,OK,73038-0000,Public       ,3,26,29,77,341,418
00996400,CENTRAL OKLAHOMA AREA VOC TECH SCH      ,OK,74030-9613,Public       ,1,6,7,48,201,249
00996500,CANADIAN VALLEY TECHNOLOGY CENTER       ,OK,73036-9117,Public       ,0,8,8,60,323,383
00996800,GORDON COOPER TECHNOLOGY CENTER         ,OK,74804-9913,Public       ,1,6,7,94,349,443
01005300,INDIAN CAPITAL TECHNOLGY CENTER #4      ,OK,74403-9907,Public       ,2,2,4,130,548,678
01026600,HILLSDALE FREE WILL BAPTIST COLLEGE     ,OK,73153-0000,Private      ,1,0,1,207,66,273
01034200,SOUTHERN OKLAHOMA TECHNOLOGY CENTER     ,OK,73401-2100,Public       ,0,4,4,79,209,288
01039100,OKLAHOMA CITY COMMUNITY COLLEGE         ,OK,73159-4444,Public       ,54,192,246,3224,6048,9272
01071700,GREAT PLAINS TECHNOLOGY CENTER SCHOOL DI,OK,73505-8399,Public       ,0,7,7,89,401,490
01076200,WESTERN OK AREA VOC TECH SCH DIST12     ,OK,73624-1469,Public       ,0,1,1,48,114,162
01120600,PIONEER TECHNOLOGY CENTER               ,OK,74601-1106,Public       ,1,2,3,17,134,151
01128200,OKLAHOMA STATE UNV CLG OSTEOPTHC MD     ,OK,74107-0000,Public       ,0,3,3,39,476,515
01153700,MID-AMERICA TECHNOLOGY CENTER           ,OK,73095-0210,Public       ,1,2,3,25,68,93
01227200,MOORE-NORMAN TECHNOLOGY CENTER          ,OK,73069-8399,Public       ,1,14,15,130,550,680
02052700,NORTHEAST TECHNOLOGY CENTER             ,OK,74361-0487,Public       ,0,10,10,84,322,406
02060800,MERIDIAN TECHNOLOGY CENTER              ,OK,74074-0000,Public       ,0,2,2,84,250,334
02126500,ENID BEAUTY COLLEGE                     ,OK,73701-0000,Proprietary  ,3,7,10,23,48,71
02177900,STATE BARBER AND HAIR DESIGN CLG        ,OK,73108-0000,Proprietary  ,6,17,23,24,93,117
02184400,SAND SPRINGS BEAUTY COLLEGE             ,OK,74063-0000,Proprietary  ,1,9,10,34,139,173
02197300,HOLLYWOOD COSMETOLOGY CENTER            ,OK,73189-0000,Proprietary  ,0,1,1,8,33,41
02222700,FRANCIS TUTTLE TECHNOLOGY CENTER        ,OK,73142-0000,Public       ,4,16,20,193,1025,1218
02238500,CENTRAL STATE BEAUTY ACADEMY            ,OK,73162-6007,Proprietary  ,7,21,28,60,211,271
02250900,E OK COUNTY AREA VO-TECH                ,OK,73020-0000,Public       ,0,4,4,16,66,82
02256200,"BROKEN ARROW BEAUTY COLLEGE, INC        ",OK,74012-0000,Proprietary  ,9,9,18,58,121,179
02282100,HIGH PLAINS AREA VOC-TECH               ,OK,73801-0000,Public       ,0,0,0,24,97,121
02306800,PLATT COLLEGE                           ,OK,74145-0000,Proprietary  ,31,178,209,330,2178,2508
02510300,BEAUTY TECHNICAL COLLEGE                ,OK,74465-0000,Proprietary  ,0,10,10,8,53,61
02531200,WOODWARD BEAUTY COLLEGE                 ,OK,73801-0000,Proprietary  ,4,4,8,15,35,50
02554300,AMERICAN BEAUTY INSTITUTE               ,OK,74501-0000,Proprietary  ,0,1,1,14,36,50
02556500,YUKON BEAUTY COLLEGE                    ,OK,73099-4108,Proprietary  ,1,3,4,9,39,48
02560200,PHILLIPS THEOLOGICAL SEMINARY -         ,OK,74116-5612,Private      ,0,2,2,1,106,107
02571500,CITY COLLEGE                            ,OK,73160-0000,Proprietary  ,0,0,0,2,8,10
02581100,CLAREMORE BEAUTY COLLEGE                ,OK,74017-7034,Proprietary  ,0,2,2,13,14,27
02581200,CC'S COSMETOLOGY COLLEGE                ,OK,74129-0000,Proprietary  ,4,21,25,34,247,281
02591101,CAREER POINT INSTITUTE                  ,OK,74146-0000,Proprietary  ,1,0,1,18,41,59
02596501,ATI-CAREER TRAINING CENTER - OKLAHOMA CI,OK,73107-2442,Proprietary  ,0,2,2,2,14,16
02597400,PONTOTOC TECHNOLOGY CENTER SCHOOL       ,OK,74820-8621,Public       ,1,2,3,56,182,238
02599706,VATTEROTT COLLEGE - TULSA               ,OK,74146-2205,Proprietary  ,7,30,37,64,304,368
02600000,NORTHWEST TECHNOLOG CTR SCH DIST 10     ,OK,73717-9600,Public       ,0,0,0,24,49,73
02600500,WES WATKINS TECHNOLOGY CENTER           ,OK,74883-9660,Public       ,1,1,2,41,185,226
02609205,VATTEROTT COLLEGE - OKLAHOMA CITY       ,OK,73127-2103,Proprietary  ,2,51,53,81,696,777
03008700,SOUTHWEST TECHNOLOGY CENTER             ,OK,73521-1527,Public       ,2,2,4,30,96,126
03010300,POTEAU BEAUTY COLLEGE                   ,OK,74953-5400,Proprietary  ,2,10,12,32,92,124
03024700,STILLWATER BEAUTY ACADEMY               ,OK,74075-3467,Proprietary  ,3,7,10,20,47,67
03030700,OKLAHOMA SCHOOL OF PHOTOGRAPHY          ,OK,73160-3320,Proprietary  ,0,0,0,23,55,78
03030800,AMERICAN BROADCASTING SCHOOL            ,OK,73115-3334,Proprietary  ,5,46,51,76,310,386
03051100,CHISHOLM TRAIL TECHNOLOGY CENTER        ,OK,73764-9720,Public       ,2,3,5,11,45,56
03078500,TECH INST OF COSMETOLOGY ARTS & SCI     ,OK,74120-3610,Proprietary  ,1,3,4,7,43,50
03089400,SCHOOL OF HAIR DESIGN                   ,OK,74745-3447,Proprietary  ,2,6,8,28,80,108
03103800,SOUTHERN SCHOOL OF BEAUTY               ,OK,74701-5008,Proprietary  ,2,11,13,28,87,115
03109800,PONCA CITY BEAUTY COLLEGE               ,OK,74601-4201,Proprietary  ,0,3,3,2,19,21
03109801,BARTLESVILLE BEAUTY COLLEGE             ,OK,74003-2835,Proprietary  ,0,4,4,3,26,29
03115100,HERITAGE COLLEGE                        ,OK,73119-0000,Proprietary  ,24,104,128,257,1121,1378
03124800,PLATT COLLEGE                           ,OK,73501-3808,Proprietary  ,3,16,19,42,196,238
03126200,GREEN COUNTRY AREA VOC TECH SCHOOL      ,OK,74447-1217,Public       ,1,5,6,25,84,109
03198400,MID-DEL AREA VOCATIONAL & TECH SCH      ,OK,73110-4825,Public       ,0,1,1,11,67,78
03329400,PRYOR BEAUTY COLLEGE                    ,OK,74361-0000,Proprietary  ,1,6,7,4,40,44
03329401,PRYOR BEAUTY COLLEGE - GROVE BEAUTY COLL,OK,74345-0009,Proprietary  ,1,4,5,5,28,33
03329402,PRYOR BEAUTY COLLEGE - NORTH EAST OKLAHO,OK,74338-0000,Proprietary  ,1,6,7,2,55,57
03367400,COMMUNITY CARE COLLEGE                  ,OK,74145-6420,Proprietary  ,23,62,85,286,1120,1406
03396300,OKLAHOMA HEALTH ACADEMY                 ,OK,74105-6220,Proprietary  ,2,23,25,55,217,272
03396400,OKLAHOMA HEALTH ACADEMY                 ,OK,73160-3667,Proprietary  ,3,21,24,62,278,340
03453400,SHAWNEE BEAUTY COLLEGE                  ,OK,74801-7014,Proprietary  ,2,6,8,13,43,56
03676300,FAMILY OF FAITH COLLEGE                 ,OK,74802-1805,Private      ,0,0,0,6,22,28
03831300,INSTITUTE OF HAIR DESIGN                ,OK,74804-0000,Proprietary  ,3,10,13,18,46,64
03928300,CENTRAL STATE MASSAGE ACADEMY           ,OK,73162-6007,Proprietary  ,2,7,9,23,84,107
04027300,4-STATES ACADEMY OF COSMETOLOGY         ,OK,74354-0000,Proprietary  ,1,4,5,10,44,54
04060300,AMERICAN INSTITUTE OF MEDICAL TECHNOLOGY,OK,74146-5201,Proprietary  ,0,2,2,22,80,102
04062300,OKLAHOMA TECHNOLOGY INSTITUTE           ,OK,73114-6318,Proprietary  ,1,3,4,14,79,93
04121300,4-STATES OKMULGEE ACADEMY OF COSMETOLOGY,OK,74447-0000,Proprietary  ,3,8,11,3,12,15
00163700,BETHANY THEOLOGICAL SEMINARY            ,IN,47374-0000,Private      ,0,0,0,1,26,27
00178400,ANCILLA COLLEGE-FINANCIAL AID OFFC      ,IN,46513-0001,Private      ,1,18,19,430,448,878
00178500,ANDERSON UNIVERSITY                     ,IN,46012-3495,Private      ,2,16,18,2553,952,3505
00178600,BALL STATE UNIVERSITY                   ,IN,47306-0880,Public       ,30,112,142,16721,7455,24176
00178700,BETHEL COLLEGE INC                      ,IN,46545-5591,Private      ,1,23,24,1443,1193,2636
00178800,BUTLER UNIVERSITY                       ,IN,46208-3487,Private      ,6,11,17,5060,1123,6183
00178900,CHRISTIAN THEOLOGICAL SEMINARY          ,IN,46208-0000,Private      ,0,1,1,0,239,239
00179200,DEPAUW UNIVERSITY                       ,IN,46135-0037,Private      ,2,1,3,2582,32,2614
00179300,EARLHAM COLLEGE                         ,IN,47374-4095,Private      ,2,0,2,1352,111,1463
00179301,EARLHAM SCHOOL OF RELIGION              ,IN,47374-0000,Private      ,0,0,0,12,54,66
00179500,UNIVERSITY OF EVANSVILLE                ,IN,47722-0002,Private      ,2,5,7,3387,466,3853
00179800,FRANKLIN COLLEGE OF INDIANA             ,IN,46131-2623,Private      ,1,0,1,1630,127,1757
00179900,GOSHEN COLLEGE                          ,IN,46526-4794,Private      ,0,4,4,984,283,1267
00180000,GRACE COLLEGE & THEO SEMINARY           ,IN,46590-1224,Private      ,2,0,2,1217,623,1840
00180100,HANOVER COLLEGE                         ,IN,47243-0108,Private      ,3,0,3,1417,44,1461
00180300,HUNTINGTON UNIVERSITY                   ,IN,46750-1299,Private      ,0,1,1,1140,224,1364
00180400,UNIVERSITY OF INDIANAPOLIS              ,IN,46227-3697,Private      ,3,42,45,4179,2580,6759
00180500,INDIANA INSTITUTE OF TECHNOLOGY         ,IN,46803-1297,Private      ,4,26,30,1270,2223,3493
00180700,INDIANA STATE UNIVERSITY                ,IN,47809-2501,Public       ,24,78,102,7875,5247,13122
00180800,UNIVERSITY OF SOUTHERN INDIANA          ,IN,47712-3596,Public       ,17,29,46,7686,2847,10533
00180900,INDIANA UNIVERSITY-BLOOMINGTON          ,IN,47405-1223,Public       ,36,135,171,24555,9406,33961
00181100,INDIANA UNIV-EAST                       ,IN,47374-1289,Public       ,2,34,36,1023,1641,2664
00181300,INDIANA UNIV-PURDUE UNIV INDPLS         ,IN,46202-5145,Public       ,55,310,365,12599,17659,30258
00181301,INDIANA UNIVERSITY - PURDUE UNIVERSITY I,IN,47203-1769,Public       ,4,20,24,974,1009,1983
00181400,INDIANA UNIV KOKOMO                     ,IN,46902-3557,Public       ,0,24,24,1300,1572,2872
00181500,INDIANA UNIV-NORTHWEST                  ,IN,46408-1197,Public       ,18,79,97,2183,3649,5832
00181600,INDIANA UNIVERSITY - SOUTH BEND         ,IN,46615-0000,Public       ,10,105,115,3489,4168,7657
00181700,INDIANA UNIVERSITY-SOUTHEAST            ,IN,47150-6405,Public       ,14,69,83,2805,3270,6075
00182000,MANCHESTER COLLEGE                      ,IN,46962-1276,Private      ,0,0,0,1696,103,1799
00182100,MARIAN UNIVERSITY                       ,IN,46222-1997,Private      ,2,27,29,1475,1584,3059
00182200,INDIANA WESLEYAN UNIVERSITY             ,IN,46953-4974,Private      ,13,549,562,3581,12538,16119
00182300,ASSOCIATED MENNONITE BIBLICAL SEM       ,IN,46517-1999,Private      ,0,0,0,3,71,74
00182400,OAKLAND CITY UNIVERSITY                 ,IN,47660-1099,Private      ,1,21,22,672,1733,2405
00182500,PURDUE UNIVERSITY                       ,IN,47907-2050,Public       ,37,70,107,27692,6366,34058
00182600,PURDUE UNIV NORTH CENTRAL CAMPUS        ,IN,46391-9528,Public       ,6,25,31,2016,2274,4290
00182700,PURDUE UNIV CALUMET                     ,IN,46323-2094,Public       ,19,67,86,4298,4600,8898
00182800,INDIANA UNIV-PURDUE UNIV FORT WAYNE     ,IN,46805-1499,Public       ,17,108,125,6734,6086,12820
00183000,ROSE HULMAN INSTITUTE OF TECHNOLOGY     ,IN,47803-3999,Private      ,0,1,1,2663,84,2747
00183200,UNIVERSITY OF SAINT FRANCIS             ,IN,46808-3994,Private      ,2,20,22,1920,1438,3358
00183300,ST JOSEPH'S COLLEGE                     ,IN,47978-0000,Private      ,0,3,3,1214,121,1335
00183400,CALUMET COLLEGE OF SAINT JOSEPH         ,IN,46394-2195,Private      ,2,29,31,390,893,1283
00183500,SAINT MARY-OF-THE-WOODS COLLEGE         ,IN,47876-0067,Private      ,1,58,59,360,1317,1677
00183600,ST MARY'S COLLEGE                       ,IN,46556-5007,Private      ,0,1,1,1622,49,1671
00183800,TAYLOR UNIVERSITY                       ,IN,46989-1001,Private      ,0,1,1,2148,148,2296
00183801,TAYLOR UNIVERSITY - FORT WAYNE          ,IN,46807-0000,Private      ,1,1,2,521,285,806
00183900,TRINE UNIVERSITY                        ,IN,46703-1764,Private      ,1,8,9,2096,653,2749
00184000,UNIVERSITY OF NOTRE DAME                ,IN,46556-5602,Private      ,4,12,16,11192,2928,14120
00184200,VALPARAISO UNIVERSITY                   ,IN,46383-6493,Private      ,3,17,20,3978,1806,5784
00184300,VINCENNES UNIVERSITY                    ,IN,47591-1523,Public       ,30,60,90,4945,2863,7808
00184302,VINCENNES UNIV - FORT HARRISON CNTR     ,IN,46256-0000,Public       ,0,0,0,65,92,157
00184400,WABASH COLLEGE                          ,IN,47933-0352,Private      ,1,0,1,1169,38,1207
00224905,DAVENPORT UNIVERSITY-MERRILLVILLE       ,IN,46410-0000,Private      ,1,5,6,112,731,843
00420300,GOOD SAMARITAN HOSP RADIOGRAPHY PRG     ,IN,47591-0000,Public       ,0,0,0,5,12,17
00457900,INTERNATIONAL BUSINESS COLLEGE          ,IN,46804-0000,Proprietary  ,3,14,17,691,299,990
00457901,INTERNATIONAL BUSINESS COLLEGE          ,IN,46256-0000,Proprietary  ,2,0,2,441,133,574
00458300,BROWN MACKIE COLLEGE-SOUTH BEND         ,IN,46635-1776,Proprietary  ,46,219,265,683,3621,4304
00512730,BROWN MACKIE COLLEGE-MERRILLVILLE       ,IN,46410-0000,Proprietary  ,21,112,133,422,2489,2911
00625700,SAINT ELIZABETH SCHOOL OF NURSING       ,IN,47904-2198,Private      ,0,1,1,110,192,302
00726300,HOLY CROSS COLLEGE                      ,IN,46556-0308,Private      ,0,0,0,536,70,606
00727600,SAINT MEINRAD SCHOOL OF THEOLOGY        ,IN,47577-1002,Private      ,0,3,3,6,97,103
00732700,ITT TECHNICAL INSTITUTE                 ,IN,47630-7430,Proprietary  ,183,386,569,2385,4204,6589
00732900,ITT TECHNICAL INSTITUTE                 ,IN,46268-1119,Proprietary  ,247,886,1133,2555,7035,9590
00736200,MEDTECH COLLEGE                         ,IN,46250-3970,Proprietary  ,6,113,119,111,1103,1214
00736201,STUART SCHOOL OF BUSINESS ADMINISTRATION,IN,46250-2876,Proprietary  ,0,0,0,0,3,3
00736202,MEDTECH COLLEGE - GREENWOOD             ,IN,46143-6478,Proprietary  ,5,55,60,5,55,60
00793800,LINCOLN COLLEGE OF TECHNOLOGY           ,IN,46202-0000,Proprietary  ,133,115,248,2365,1206,3571
00832900,ITT TECHNICAL INSTITUTE                 ,IN,46825-2393,Proprietary  ,167,312,479,1799,3222,5021
00842300,IVY TECH COMMUNITY COLLEGE OF INDIANA - ,IN,46601-3892,Public       ,34,203,237,1788,5057,6845
00854600,NOT FOR STUDENT USE                     ,IN,46208-4700,Public       ,5,40,45,2452,4251,6703
00854700,IVY TECH COMMUNITY COLLEGE OF INDIANA - ,IN,47802-4898,Public       ,15,124,139,1705,4085,5790
00951500,J MICHAEL HARROLD BEAUTY ACADEMY        ,IN,47807-3390,Proprietary  ,4,6,10,43,42,85
00961200,"APEX SCHOOL OF BEAUTY CULTURE, INC      ",IN,46016-0000,Proprietary  ,1,3,4,7,30,37
00961300,MERRILLVILLE BEAUTY COLLEGE             ,IN,46410-3401,Proprietary  ,3,7,10,38,136,174
00967300,RUDAE'S SCHOOL OF BEAUTY CULTURE        ,IN,46825-5444,Proprietary  ,4,22,26,74,160,234
00967301,RUDAE'S SCHOOL OF BEAUTY CULTURE - FORT ,IN,46825-5444,Proprietary  ,0,0,0,21,21,42
00977700,KAPLAN COLLEGE                          ,IN,46278-1736,Proprietary  ,38,181,219,404,1459,1863
00977701,KAPLAN COLLEGE - ADDITIONAL CLASSROOM   ,IN,46278-1734,Proprietary  ,0,4,4,2,13,15
00977702,KAPLAN COLLEGE - TEMPORARY FACILITY EXPA,IN,46268-4111,Proprietary  ,1,3,4,1,10,11
00991700,IVY TECH COMMUNITY COLLEGE OF INDIANA - ,IN,46208-1763,Public       ,68,313,381,3378,8289,11667
00992300,IVY TECH COMMUNITY COLLEGE OF INDIANA - ,IN,47250-1881,Public       ,15,85,100,697,1750,2447
00992400,IVY TECH COMMUNITY COLLEGE OF INDIANA - ,IN,47302-9448,Public       ,29,186,215,2314,5255,7569
00992500,IVY TECH COMMUNITY COLLEGE OF INDIANA - ,IN,47710-3398,Public       ,11,95,106,1674,3542,5216
00992600,IVY TECH COMMUNITY COLLEGE OF INDIANA- R,IN,46805-1489,Public       ,23,215,238,2960,6352,9312
01003700,IVY TECH STATE COLLEGE - REGION 9       ,IN,47374-1220,Public       ,9,100,109,684,2470,3154
01003800,IVY TECH COMMUNITY COLLEGE OF INDIANA - ,IN,47203-1868,Public       ,23,119,142,913,2499,3412
01003900,IVY TECH COMMUNITY COLLEGE OF INDIANA - ,IN,47903-6299,Public       ,13,126,139,2157,3415,5572
01004000,IVY TECH COMMUNITY COLLEGE OF INDIANA - ,IN,46409-1303,Public       ,25,240,265,1595,5175,6770
01004100,IVY TECH STATE COLLEGE - REGION 5       ,IN,46903-1373,Public       ,16,154,170,1017,3291,4308
01010900,IVY TECH COMMUNITY COLLEGE OF INDIANA - ,IN,47172-1897,Public       ,16,77,93,924,2424,3348
01015100,VINCENNES BEAUTY COLLEGE                ,IN,47591-1297,Proprietary  ,3,4,7,29,46,75
01040900,LAFAYETTE BEAUTY ACADEMY                ,IN,47901-1149,Proprietary  ,0,2,2,25,58,83
01061800,MID-AMERICA CLG FUNERAL SERVICE         ,IN,47130-9990,Private      ,0,4,4,38,86,124
01150500,CREATIVE HAIR STYLING ACADEMY           ,IN,46322-1554,Proprietary  ,2,9,11,40,63,103
02084800,RAVENSCROFT BEAUTY COLLEGE              ,IN,46815-0000,Proprietary  ,0,23,23,54,241,295
02087600,CONCORDIA THEOLOGICAL SEMINARY          ,IN,46825-0000,Private      ,0,9,9,2,286,288
02100402,EVEREST INSTITUTE - EVEREST COLLEGE     ,IN,46410-5683,Proprietary  ,21,122,143,80,375,455
02118900,EVANSVILLE TRI STATE BEAUTY COLLEGE     ,IN,47715-0000,Proprietary  ,0,0,0,41,62,103
02140800,MARTIN UNIVERSITY                       ,IN,46218-0000,Private      ,5,36,41,119,1220,1339
02158400,HARRISON COLLEGE                        ,IN,46204-2611,Proprietary  ,24,129,153,553,2484,3037
02158401,HARRISON COLLEGE - COLUMBUS             ,IN,47203-1843,Proprietary  ,6,37,43,113,451,564
02158402,HARRISON COLLEGE - LAFAYETTE            ,IN,47905-4859,Proprietary  ,6,13,19,125,511,636
02158404,HARRISON COLLEGE - MARION               ,IN,46952-0000,Proprietary  ,5,14,19,58,241,299
02158405,HARRISON COLLEGE - TERRE HAUTE          ,IN,47802-0000,Proprietary  ,3,31,34,84,462,546
02158407,HARRISON COLLEGE - ANDERSON             ,IN,46013-0000,Proprietary  ,4,22,26,106,388,494
02158409,HARRISON COLLEGE - EVANSVILLE           ,IN,47715-3901,Proprietary  ,4,24,28,133,515,648
02158410,HARRISON COLLEGE - EAST                 ,IN,46239-8903,Proprietary  ,9,49,58,204,864,1068
02158412,HARRISON COLLEGE - FORT WAYNE           ,IN,46825-0000,Proprietary  ,6,50,56,222,787,1009
02158413,HARRISON COLLEGE - NORTHWEST            ,IN,46278-0000,Proprietary  ,16,21,37,130,411,541
02158800,DON ROBERTS BEAUTY SCHOOLS              ,IN,46383-0000,Proprietary  ,0,0,0,19,28,47
02164300,DON ROBERTS SCHOOL OF HAIR DESIGN       ,IN,46375-9999,Proprietary  ,0,1,1,23,63,86
02201800,KAPLAN COLLEGE                          ,IN,46410-0000,Proprietary  ,2,66,68,135,717,852
02201802,KAPLAN COLLEGE - HAMMOND                ,IN,46324-3347,Proprietary  ,13,72,85,220,991,1211
02241700,PJ'S COLLEGE OF COSMETOLOGY             ,IN,47129-0000,Proprietary  ,2,11,13,30,149,179
02302700,J EVERETT LIGHT CAREER CENTER           ,IN,46240-0000,Public       ,0,2,2,39,197,236
02304800,PJ'S COLLEGE OF COSMETOLOGY             ,IN,47374-0000,Proprietary  ,0,3,3,15,36,51
02308900,MASTER'S OF COSMETOLOGY COLLEGE         ,IN,46809-0000,Proprietary  ,3,2,5,49,78,127
02339600,ROGER'S ACADEMY OF HAIR DESIGN          ,IN,47712-0000,Proprietary  ,10,19,29,85,164,249
02345200,EMPIRE BEAUTY SCHOOL                    ,IN,46237-0000,Proprietary  ,4,26,30,90,253,343
02347600,BALL MEMORIAL HOSPITAL SCH RAD TECH     ,IN,47303-0000,Private      ,0,0,0,22,21,43
02351300,KNOX BEAUTY COLLEGE                     ,IN,46534-0000,Proprietary  ,0,0,0,18,27,45
02490500,HAIR FASHIONS BY KAYE BEAUTY CLG        ,IN,46250-0000,Proprietary  ,0,4,4,23,57,80
02490800,HAIR FASHIONS BY KAYE BEAUTY CLG        ,IN,46060-0000,Proprietary  ,7,22,29,80,265,345
02607000,HAIR ARTS ACADEMY                       ,IN,47404-3581,Proprietary  ,2,6,8,18,53,71
02615800,COLLEGE OF COURT REPORTING              ,IN,46342-5969,Proprietary  ,0,7,7,22,302,324
02616203,BROWN MACKIE COLLEGE-FINDLAY - INDIANAPO,IN,46204-1017,Proprietary  ,8,92,100,15,159,174
03009700,HARRISON COLLEGE                        ,IN,47303-6413,Proprietary  ,4,28,32,154,503,657
03009701,HARRISON COLLEGE - MUNCIE - ELKHART     ,IN,46516-9795,Proprietary  ,2,23,25,24,127,151
03084601,THE ART INSTITUTE OF INDIANAPOLIS       ,IN,46268-1170,Proprietary  ,8,21,29,663,681,1344
03100600,MARION COMM TUCKER AREA VOC SCHOOL      ,IN,46952-3831,Public       ,0,2,2,20,72,92
03176300,AMERICAN TRANS AIR AVIATION ACADEMY     ,IN,46241-1445,Proprietary  ,11,16,27,67,284,351
03262300,DAVID DEMUTH INSTITUTE OF COSM          ,IN,47374-4101,Proprietary  ,2,4,6,28,48,76
03456700,CROSSROADS BIBLE COLLEGE                ,IN,46219-4912,Private      ,0,2,2,57,231,288
03521300,IVY TECH COMMUNITY COLLEGE OF INDIANA - ,IN,47404-9772,Public       ,28,110,138,2111,3249,5360
03538300,ALEXANDRIA SCH OF SCIENTIFIC THERAP     ,IN,46001-0287,Proprietary  ,0,1,1,30,56,86
04038700,IDEAL BEAUTY ACADEMY                    ,IN,47130-4215,Proprietary  ,3,6,9,19,53,72
04100300,SUCCESS SCHOOLS                         ,IN,46410-5310,Proprietary  ,1,12,13,20,95,115
04119700,MOLER HAIRSTYLING COLLEGE               ,IN,46406-1745,Proprietary  ,1,4,5,7,53,60
04121000,TECHSKILLS - INDIANAPOLIS               ,IN,46240-4302,Proprietary  ,3,19,22,3,19,22
04130900,HONORS BEAUTY COLLEGE                   ,IN,46256-3317,Proprietary  ,2,10,12,10,48,58
00190100,ALLEN COUNTY COMMUNITY COLLEGE          ,KS,66749-1607,Public       ,11,41,52,847,986,1833
00190200,COWLEY COUNTY COMMUNITY COLLEGE & AREA V,KS,67005-2662,Public       ,26,71,97,1423,2141,3564
00190300,BAKER UNIVERSITY                        ,KS,66006-0065,Private      ,1,59,60,1383,2715,4098
00190400,BETHANY COLLEGE                         ,KS,67456-1897,Private      ,1,0,1,675,85,760
00190500,BETHEL COLLEGE                          ,KS,67117-0531,Private      ,2,2,4,536,154,690
00190600,BUTLER COUNTY COMMUNITY COLLEGE         ,KS,67042-3280,Public       ,28,86,114,2794,3648,6442
00190700,CENTRAL BAPTIST THEOLOGY SEMINARY       ,KS,66226-3513,Private      ,0,0,0,0,32,32
00190800,CENTRAL CHRISTIAN COLLEGE OF KANSAS     ,KS,67460-5799,Private      ,4,0,4,401,81,482
00190900,CLOUD COUNTY COMMUNITY COLLEGE          ,KS,66901-1002,Public       ,6,14,20,696,774,1470
00191000,COFFEYVILLE COMMUNITY COLLEGE           ,KS,67337-5064,Public       ,79,19,98,914,327,1241
00191100,COLBY COMMUNITY COLLEGE                 ,KS,67701-4099,Public       ,3,12,15,541,363,904
00191300,DODGE CITY COMMUNITY COLLEGE            ,KS,67801-2399,Public       ,22,22,44,585,401,986
00191400,DONNELLY COLLEGE                        ,KS,66102-4298,Private      ,12,68,80,203,620,823
00191500,FORT HAYS STATE UNIVERSITY              ,KS,67601-4099,Public       ,10,91,101,3249,3157,6406
00191600,FORT SCOTT COMMUNITY COLLEGE            ,KS,66701-3199,Public       ,62,28,90,1089,671,1760
00191700,BARCLAY COLLEGE                         ,KS,67059-0288,Private      ,0,0,0,97,40,137
00191800,FRIENDS UNIVERSITY                      ,KS,67213-3397,Private      ,2,45,47,1220,2587,3807
00191900,GARDEN CITY COMMUNITY COLLEGE           ,KS,67846-6398,Public       ,19,24,43,736,553,1289
00192000,HESSTON COLLEGE                         ,KS,67062-2093,Private      ,0,1,1,424,143,567
00192100,HIGHLAND COMMUNITY COLLEGE              ,KS,66035-4062,Public       ,27,20,47,979,738,1717
00192114,HIGHLAND COMMUNITY COLLEGE - NOTHEAST KA,KS,66002-1513,Public       ,1,2,3,102,131,233
00192300,HUTCHINSON COMMUNITY COLLEGE            ,KS,67501-5894,Public       ,62,61,123,1665,1722,3387
00192400,INDEPENDENCE COMMUNITY COLLEGE          ,KS,67301-0000,Public       ,28,16,44,521,302,823
00192500,KANSAS CITY KANSAS COMMUNITY CLG        ,KS,66112-9978,Public       ,21,119,140,1331,3005,4336
00192502,"KANSAS CITY KS AREA TECH SCHOOL, KS     ",KS,66104-0000,Public       ,16,19,35,157,391,548
00192600,PITTSBURG STATE UNIVERSITY              ,KS,66762-7500,Public       ,17,70,87,4133,2310,6443
00192700,EMPORIA STATE UNIVERSITY                ,KS,66801-5087,Public       ,10,24,34,3306,2348,5654
00192800,KANSAS STATE UNIVERSITY                 ,KS,66506-1104,Public       ,38,115,153,13736,5466,19202
00192900,KANSAS WESLEYAN UNIVERSITY              ,KS,67401-6196,Private      ,3,6,9,905,374,1279
00193000,LABETTE COMMUNITY COLLEGE               ,KS,67357-4299,Public       ,10,25,35,499,663,1162
00193100,MANHATTAN CHRISTIAN COLLEGE             ,KS,66502-4081,Private      ,0,1,1,346,136,482
00193300,MCPHERSON COLLEGE                       ,KS,67460-3899,Private      ,2,1,3,743,159,902
00193600,NEOSHO COUNTY COMMUNITY COLLEGE         ,KS,66720-2699,Public       ,10,33,43,551,710,1261
00193700,OTTAWA UNIVERSITY                       ,KS,66067-3399,Private      ,3,77,80,847,2221,3068
00193800,PRATT COMMUNITY COLLEGE                 ,KS,67124-8432,Public       ,4,12,16,557,367,924
00193900,NEWMAN UNIVERSITY                       ,KS,67213-2084,Private      ,2,18,20,810,1163,1973
00194000,SOUTHWESTERN COLLEGE                    ,KS,67156-2499,Private      ,1,31,32,718,1088,1806
00194300,UNIVERSITY OF ST MARY                   ,KS,66048-5023,Private      ,2,35,37,452,504,956
00194500,STERLING COLLEGE                        ,KS,67579-1533,Private      ,3,2,5,804,135,939
00194600,TABOR COLLEGE                           ,KS,67063-1799,Private      ,0,9,9,548,170,718
00194800,UNIVERSITY OF KANSAS                    ,KS,66045-7535,Public       ,69,115,184,13748,7508,21256
00194802,UNIVERSITY OF KANSAS MED CENTER         ,KS,66160-0000,Public       ,0,0,0,158,925,1083
00194900,WASHBURN UNIVERSITY                     ,KS,66621-1110,Public       ,17,55,72,3162,4019,7181
00195000,WICHITA STATE UNIVERSITY                ,KS,67208-0001,Public       ,35,141,176,5547,6378,11925
00460800,BARTON COUNTY COMMUNITY COLLEGE         ,KS,67530-9283,Public       ,5,43,48,699,1195,1894
00526400,FLINT HILLS TECHNICAL COLLEGE           ,KS,66801-5999,Public       ,0,1,1,171,297,468
00526500,NORTH CENTRAL KANSAS TECH COLG          ,KS,67420-0000,Public       ,3,9,12,333,194,527
00526700,NORTHWEST KANSAS TECHNICAL SCHOOL       ,KS,67735-3441,Public       ,1,0,1,198,102,300
00549800,WICHITA AREA TECHNICAL COLLEGE          ,KS,67211-2099,Public       ,5,12,17,233,842,1075
00549900,SALINA AREA TECHNICAL COLLEGE           ,KS,67401-8195,Public       ,1,0,1,163,82,245
00550000,MANHATTAN AREA TECHNICAL COLLEGE        ,KS,66503-2499,Public       ,1,6,7,287,332,619
00675500,BROWN MACKIE COLLEGE (THE)              ,KS,67401-7307,Proprietary  ,21,73,94,282,1260,1542
00703200,MID AMERICA NAZARENE UNIVERSITY         ,KS,66062-1899,Private      ,1,15,16,1022,874,1896
00817200,SOUTHWEST KANSAS TECHNICAL SCHOOL       ,KS,67905-2013,Public       ,0,0,0,83,34,117
00822800,SEWARD CO COMM CO/AREA TECHNICAL SCHOOL ,KS,67905-0000,Public       ,6,10,16,386,359,745
00824400,JOHNSON COUNTY COMMUNITY COLLEGE        ,KS,66210-1299,Public       ,41,131,172,4068,4891,8959
00833200,B-STREET DESIGN SCHOOL OF INTERNATIONAL ,KS,66502-6082,Proprietary  ,2,11,13,33,81,114
00868200,ACADEMY OF HAIR DESIGN                  ,KS,67401-2803,Proprietary  ,3,6,9,33,60,93
01025600,BENEDICTINE COLLEGE                     ,KS,66002-1499,Private      ,6,1,7,1543,157,1700
01043800,HASKELL INDIAN NATIONS UNIVERSITY       ,KS,66046-4800,Public       ,9,10,19,781,549,1330
01050300,WICHITA TECHNICAL INSTITUTE             ,KS,67213-1927,Proprietary  ,15,127,142,327,2046,2373
01068900,KAW AREA TECHNICAL SCHOOL               ,KS,66604-2199,Public       ,1,5,6,122,349,471
02090700,CLEVELAND CHIROPRACTIC COLLEGE          ,KS,66210-1613,Private      ,1,7,8,50,562,612
02134800,OLD TOWN BARBER AND BEAUTY COLLEGE      ,KS,67211-0000,Proprietary  ,6,14,20,31,116,147
02196400,CAPITOL CITY HAIR DESIGN COLLEGE        ,KS,66102-0000,Proprietary  ,11,39,50,61,242,303
02204900,AMERICAN ACADEMY OF HAIR DESIGN         ,KS,66611-0000,Proprietary  ,0,0,0,17,25,42
02257700,HAYS ACADEMY OF HAIR DESIGN             ,KS,67601-0000,Proprietary  ,1,1,2,44,53,97
02303500,AMERICAN INSTITUTE OF BAKING            ,KS,66502-0000,Private      ,0,0,0,2,10,12
02340700,LABARON HAIRDRESSING ACADEMY            ,KS,66204-0000,Proprietary  ,2,3,5,9,56,65
02590900,WRIGHT CAREER COLLEGE                   ,KS,66212-0000,Private      ,38,298,336,240,2070,2310
02599709,VATTEROTT COLLEGE - WICHITA             ,KS,67226-1304,Proprietary  ,5,22,27,72,435,507
02603100,XENON INTERNATIONAL ACADEMY             ,KS,67203-5428,Proprietary  ,11,9,20,156,177,333
02606300,PAUL MITCHELL THE SCHOOL WICHITA        ,KS,67226-2803,Proprietary  ,1,4,5,31,72,103
02611005,HERITAGE COLLEGE - WICHITA              ,KS,67210-1879,Proprietary  ,26,69,95,57,198,255
02613000,PINNACLE CAREER INSTITUTE               ,KS,66046-2703,Proprietary  ,3,17,20,86,280,366
03031300,XENON INTERNATIONAL ACADEMY IV          ,KS,66061-3765,Proprietary  ,6,12,18,33,63,96
03066200,BRYAN COLLEGE                           ,KS,66604-2496,Proprietary  ,7,28,35,62,377,439
03450300,B-STREET DESIGN SCHOOL OF INTERNATIONAL ,KS,66611-2373,Proprietary  ,1,6,7,32,109,141
03450301,B-STREET DESIGN SCHOOL OF INTERNATIONAL ,KS,67207-5148,Proprietary  ,2,12,14,40,75,115
03450302,B-STREET DESIGN SCHOOL OF INTERNATIONAL ,KS,66212-5451,Proprietary  ,4,12,16,50,97,147
03529300,SIDNEY'S HAIRDRESSING COLLEGE           ,KS,67501-7094,Proprietary  ,2,6,8,31,55,86
03862300,BMSI INSTITUTE                          ,KS,66212-3388,Proprietary  ,0,0,0,7,16,23
04132900,Z HAIR ACADEMY                          ,KS,66046-4040,Proprietary  ,7,6,13,7,6,13
00203300,UNIVERSITY OF MAINE-PRESQUE ISLE        ,ME,04769-2888,Public       ,2,2,4,759,454,1213
00203500,BANGOR THEOLOGICAL SEMINARY             ,ME,04402-0411,Private      ,0,0,0,1,96,97
00203600,BATES COLLEGE                           ,ME,04240-6028,Private      ,2,0,2,2137,29,2166
00203800,BOWDOIN COLLEGE                         ,ME,04011-8451,Private      ,0,0,0,2815,34,2849
00203900,COLBY COLLEGE                           ,ME,04901-8841,Private      ,1,0,1,2348,28,2376
00204000,UNIVERSITY OF MAINE-FARMINGTON          ,ME,04938-1990,Public       ,2,3,5,2693,379,3072
00204100,UNIVERSITY OF MAINE-FORT KENT           ,ME,04743-1292,Public       ,2,0,2,505,258,763
00204300,HUSSON UNIVERSITY                       ,ME,04401-2999,Private      ,6,8,14,1971,879,2850
00204400,MAINE MARITIME ACADEMY                  ,ME,04420-0001,Public       ,2,0,2,864,116,980
00205000,UNIVERSITY OF NEW ENGLAND               ,ME,04005-9599,Private      ,4,13,17,3128,1854,4982
00205100,SAINT JOSEPH'S COLLEGE                  ,ME,04084-5263,Private      ,2,15,17,1590,444,2034
00205200,THOMAS COLLEGE                          ,ME,04901-5097,Private      ,0,1,1,847,157,1004
00205300,UNIVERSITY OF MAINE                     ,ME,04469-0001,Public       ,13,28,41,9722,2836,12558
00205400,UNIVERSITY OF SOUTHERN MAINE            ,ME,04104-0000,Public       ,6,25,31,5759,4416,10175
00205500,UNIVERSITY OF MAINE-MACHIAS             ,ME,04654-1397,Public       ,1,3,4,552,257,809
00520400,BEAL COLLEGE                            ,ME,04401-6896,Proprietary  ,0,10,10,219,535,754
00527600,CENTRAL MAINE COMMUNITY COLLEGE         ,ME,04210-6498,Public       ,7,8,15,1149,985,2134
00527700,EASTERN MAINE COMMUNITY COLLEGE         ,ME,04401-4280,Public       ,5,5,10,1326,1001,2327
00552500,SOUTHERN MAINE COMMUNITY  COLLEGE       ,ME,04106-1698,Public       ,8,16,24,2333,2022,4355
00576000,NORTHERN MAINE COMMUNITY COLLEGE        ,ME,04769-2016,Public       ,4,0,4,483,481,964
00577600,MERCY HOSP SCH OF RADIOLOGIC TECH       ,ME,04101-3795,Private      ,0,0,0,9,34,43
00630501,CENTRAL MAINE MEDICAL CENTER - COLLEGE O,ME,04240-4500,Private      ,0,0,0,35,147,182
00676000,UNIVERSITY OF MAINE-AUGUSTA             ,ME,04330-9410,Public       ,5,19,24,1549,4277,5826
00685800,UNITY COLLEGE                           ,ME,04988-9502,Private      ,0,0,0,780,81,861
00903800,MR BERNARD'S SCH HAIR FASHION INC       ,ME,04243-1163,Proprietary  ,1,6,7,35,87,122
00923100,WASHINGTON COUNTY COMMUNITY COLLEGE     ,ME,04619-9704,Public       ,2,0,2,292,194,486
00929200,ANDOVER COLLEGE                         ,ME,04106-2415,Proprietary  ,10,55,65,197,798,995
00929201,ANDOVER COLLEGE -                       ,ME,04240-0000,Proprietary  ,14,77,91,206,956,1162
00945900,EMPIRE BEAUTY SCHOOL                    ,ME,04101-3348,Proprietary  ,10,32,42,233,376,609
00982600,KENNEBEC VALLEY  COMMUNITY  COLLEGE     ,ME,04937-1367,Public       ,6,16,22,606,1176,1782
01138500,COLLEGE OF THE ATLANTIC                 ,ME,04609-1105,Private      ,0,0,0,408,54,462
01167300,MAINE COLLEGE OF ART                    ,ME,04101-3987,Private      ,1,0,1,505,155,660
02104400,SPA TECH INSTITUTE                      ,ME,04102-0000,Proprietary  ,1,6,7,159,381,540
02347100,NEW ENGLAND SCHOOL OF COMMUNICATIONS    ,ME,04401-0000,Private      ,1,0,1,449,78,527
02361300,LANDING SCHOOL OF BOATBUILDING & DESIGN ,ME,04046-1490,Private      ,0,0,0,23,36,59
03122900,YORK COUNTY COMMUNITY COLLEGE           ,ME,04090-0529,Public       ,4,20,24,344,386,730
03429300,SEACOAST CAREER SCHOOLS                 ,ME,04073-0000,Proprietary  ,16,94,110,142,769,911
03612300,BIRTHWISE MIDWIFERY SCHOOL              ,ME,04009-1110,Proprietary  ,0,0,0,5,24,29
03990300,FULLER CIRCLES SCHOOL FOR MASSAGE THERAP,ME,04963-5230,Proprietary  ,0,0,0,1,3,4
00209300,ST JOHN'S COLLEGE                       ,NM,87505-4599,Private      ,0,6,6,481,210,691
00264900,COLLEGE OF SANTA FE                     ,NM,87505-7634,Private      ,3,17,20,703,786,1489
00265000,UNIVERSITY OF THE SOUTHWEST             ,NM,88240-9129,Private      ,0,29,29,296,453,749
00265100,EASTERN NEW MEXICO UNIV PORTALES        ,NM,88130-6000,Public       ,12,42,54,2411,2106,4517
00265101,EASTERN NEW MEXICO UNIV-ROSWELL CAM     ,NM,88202-0000,Public       ,21,48,69,926,1357,2283
00265300,NEW MEXICO HIGHLANDS UNIVERSITY         ,NM,87701-4436,Public       ,4,15,19,1422,1842,3264
00265400,NEW MEXICO INST OF MINING & TECH        ,NM,87801-4796,Public       ,9,5,14,933,276,1209
00265500,NEW MEXICO JUNIOR COLLEGE               ,NM,88240-9123,Public       ,10,26,36,626,801,1427
00265600,NEW MEXICO MILITARY INSTITUTE           ,NM,88201-5173,Public       ,5,0,5,265,11,276
00265700,NEW MEXICO STATE UNIVERSITY             ,NM,88003-8001,Public       ,61,105,166,9070,7028,16098
00265701,NEW MEXICO STATE UNIV-ALAMOGORDO        ,NM,88311-0000,Public       ,4,32,36,402,909,1311
00265702,NEW MEXICO STATE UNIV.-DONA ANA CLG     ,NM,88003-0000,Public       ,16,69,85,1572,2642,4214
00265703,NEW MEXICO STATE UNIV-CARLSBAD          ,NM,88220-0000,Public       ,7,14,21,273,650,923
00265704,NEW MEXICO STATE UNIV-GRANTS            ,NM,87020-0000,Public       ,3,15,18,151,351,502
00266000,SAN JUAN COLLEGE                        ,NM,87402-4699,Public       ,21,65,86,1270,2449,3719
00266300,THE UNIVERSITY OF NEW MEXICO            ,NM,87131-0001,Public       ,119,263,382,11113,12549,23662
00266301,UNIV OF NEW MEXICO - GALLUP BRANCH      ,NM,87301-5697,Public       ,7,16,23,439,813,1252
00266302,UNIV OF NEW MEXICO - VALENCIA BRANCH    ,NM,87031-0000,Public       ,6,16,22,345,577,922
00266303,UNIV OF NEW MEXICO - LOS ALAMOS         ,NM,87544-0000,Public       ,3,3,6,64,108,172
00266400,WESTERN NEW MEXICO UNIVERSITY           ,NM,88061-5417,Public       ,10,24,34,846,1453,2299
00405701,NATIONAL AMERICAN UNIVERSITY            ,NM,87110-0000,Proprietary  ,0,9,9,23,308,331
00474200,CENTRAL NEW MEXICO COMMUNITY COLLEGE    ,NM,87106-4096,Public       ,145,732,877,4970,11137,16107
00474300,CLOVIS COMMUNITY COLLEGE                ,NM,88101-8381,Public       ,15,70,85,555,1484,2039
00996200,LUNA COMMUNITY COLLEGE                  ,NM,87701-0000,Public       ,6,15,21,321,498,819
01063200,DEWOLFF CLG HAIRSTYLING/COSMETOLOGY     ,NM,87112-4113,Proprietary  ,2,17,19,51,143,194
01300500,OLYMPIAN UNIVERSITY OF COSMETOLOGY      ,NM,88310-5051,Proprietary  ,30,107,137,385,1034,1419
02083900,NORTHERN NEW MEXICO COLLEGE             ,NM,87530-0000,Public       ,11,16,27,544,956,1500
02146400,INSTITUTE OF AMERICAN INDIAN ARTS       ,NM,87508-0000,Public       ,1,3,4,140,160,300
02278100,SANTA FE COMMUNITY COLLEGE              ,NM,87507-0000,Public       ,9,28,37,584,1114,1698
02357600,CROWNPOINT INSTITUTE OF TECHNOLOGY      ,NM,87313-0000,Public       ,2,2,4,197,321,518
02491501,THE ART CENTER DESIGN COLLEGE- ALBQ     ,NM,87110-0000,Proprietary  ,0,0,0,91,81,172
02511000,SOUTHWESTERN INDIAN POLYTECH INST       ,NM,87184-0000,Public       ,16,24,40,289,380,669
02532900,BUSINESS SKILLS INSTITUTE               ,NM,88001-0000,Proprietary  ,0,0,0,7,20,27
02622000,SOUTHWEST ACUPUNCTURE COLLEGE           ,NM,87505-0000,Proprietary  ,0,2,2,3,304,307
03076100,SOUTHWESTERN COLLEGE                    ,NM,87507-0000,Private      ,0,1,1,3,159,162
03128200,KAPLAN CAREER INSTITUTE                 ,NM,87109-2072,Proprietary  ,0,4,4,78,278,356
03128201,KAPLAN CAREER INSTITUTE                 ,NM,87109-0000,Proprietary  ,0,0,0,1,5,6
03206300,MESALANDS COMMUNITY COLLEGE             ,NM,88401-3352,Public       ,4,8,12,129,243,372
03430300,UNIVERSAL THERAPEUTIC MASSAGE INSTITUTE ,NM,87107-4403,Proprietary  ,4,15,19,37,119,156
03678300,PIMA MEDICAL INSTITUTE                  ,NM,87110-4127,Proprietary  ,0,5,5,35,99,134
03944300,MASSAGE THERAPY TRAINING INSTITUTE      ,NM,88007-0000,Proprietary  ,0,0,0,24,43,67
00223400,ADRIAN COLLEGE                          ,MI,49221-2575,Private      ,2,3,5,2168,165,2333
00223500,ALBION COLLEGE                          ,MI,49224-1831,Private      ,0,1,1,2288,60,2348
00223600,ALMA COLLEGE                            ,MI,48801-1599,Private      ,1,2,3,1995,71,2066
00223700,ALPENA COMMUNITY COLLEGE                ,MI,49707-1495,Public       ,6,21,27,950,1048,1998
00223800,ANDREWS UNIVERSITY                      ,MI,49104-0750,Private      ,10,33,43,1429,1198,2627
00223900,AQUINAS COLLEGE                         ,MI,49506-1799,Private      ,0,14,14,1971,648,2619
00224000,BAY DE NOC COMMUNITY COLLEGE            ,MI,49829-2524,Public       ,5,18,23,1032,1177,2209
00224100,CALVIN COLLEGE                          ,MI,49546-4388,Private      ,3,0,3,3925,286,4211
00224200,CALVIN THEOLOGICAL SEMINARY             ,MI,49546-4387,Private      ,0,0,0,4,168,172
00224300,CENTRAL MICHIGAN UNIVERSITY             ,MI,48859-0001,Public       ,39,206,245,17598,8845,26443
00224600,CLEARY UNIVERSITY                       ,MI,48105-2659,Private      ,5,20,25,182,724,906
00224700,CONCORDIA UNIVERSITY-ANN ARBOR          ,MI,48105-2797,Private      ,2,22,24,560,679,1239
00224800,CRANBROOK ACADEMY OF ART                ,MI,48303-0000,Private      ,0,0,0,6,218,224
00224900,DAVENPORT UNIVERSITY                    ,MI,49503-0000,Private      ,59,549,608,3051,13518,16569
00225100,DELTA COLLEGE                           ,MI,48710-0001,Public       ,35,150,185,4993,6398,11391
00225400,MICHIGAN STATE UNIVERSITY COLLEGE OF LAW,MI,48824-1300,Private      ,0,4,4,302,1381,1683
00225900,EASTERN MICHIGAN UNIVERSITY             ,MI,48197-2214,Public       ,100,227,327,13001,10322,23323
00226000,FERRIS STATE UNIVERSITY                 ,MI,49307-2251,Public       ,42,67,109,10794,5269,16063
00226100,CHARLES STEWART MOTT COMMUNITY CLG      ,MI,48503-2089,Public       ,83,294,377,4336,8364,12700
00226200,KETTERING UNIVERSITY                    ,MI,48504-4898,Private      ,11,7,18,2100,286,2386
00226300,GLEN OAKS COMMUNITY COLLEGE             ,MI,49032-9784,Public       ,4,35,39,455,784,1239
00226400,GOGEBIC COMMUNITY COLLEGE               ,MI,49938-1365,Public       ,5,19,24,500,468,968
00226500,GRACE BIBLE COLLEGE                     ,MI,49509-1998,Private      ,1,1,2,189,57,246
00226600,CORNERSTONE UNIVERSITY                  ,MI,49525-5897,Private      ,3,25,28,1531,1552,3083
00226700,GRAND RAPIDS COMMUNITY COLLEGE          ,MI,49503-3295,Public       ,54,197,251,7700,7667,15367
00226800,GRAND VALLEY STATE UNIVERSITY           ,MI,49401-9403,Public       ,29,105,134,18889,6567,25456
00226900,GREAT LAKES CHRISTIAN COLLEGE           ,MI,48917-1299,Private      ,0,0,0,181,129,310
00227000,HENRY FORD COMMUNITY COLLEGE            ,MI,48128-1495,Public       ,67,216,283,6671,9873,16544
00227300,HOPE COLLEGE                            ,MI,49423-3607,Private      ,1,2,3,3628,114,3742
00227400,JACKSON COMMUNITY COLLEGE               ,MI,49201-8399,Public       ,36,156,192,2655,4357,7012
00227500,KALAMAZOO COLLEGE                       ,MI,49006-3295,Private      ,3,1,4,1652,81,1733
00227600,KELLOGG COMMUNITY COLLEGE               ,MI,49017-3397,Public       ,16,107,123,1882,3806,5688
00227700,LAKE MICHIGAN COLLEGE                   ,MI,49022-1899,Public       ,10,68,78,1219,2070,3289
00227800,LANSING COMMUNITY COLLEGE               ,MI,48933-1293,Public       ,96,456,552,6391,9992,16383
00227900,LAWRENCE TECHNOLOGICAL UNIVERSITY       ,MI,48075-1058,Private      ,7,25,32,1735,1315,3050
00228200,MADONNA UNIVERSITY                      ,MI,48150-1173,Private      ,9,28,37,1212,2482,3694
00228400,MARYGROVE COLLEGE                       ,MI,48221-2599,Private      ,4,116,120,606,2921,3527
00228800,ROCHESTER COLLEGE                       ,MI,48307-2764,Private      ,0,11,11,568,696,1264
00229000,MICHIGAN STATE UNIVERSITY               ,MI,48824-1113,Public       ,111,232,343,29911,10225,40136
00229200,MICHIGAN TECHNOLOGICAL UNIV             ,MI,49931-1295,Public       ,7,13,20,5301,832,6133
00229300,LAKE SUPERIOR STATE UNIVERSITY          ,MI,49783-1691,Public       ,10,10,20,2233,868,3101
00229400,MONROE COUNTY COMMUNITY CLG             ,MI,48161-9746,Public       ,13,51,64,1201,1606,2807
00229500,MONTCALM COMMUNITY COLLEGE              ,MI,48885-9723,Public       ,6,62,68,841,2023,2864
00229700,MUSKEGON COMMUNITY COLLEGE              ,MI,49442-1432,Public       ,14,67,81,2299,2590,4889
00229900,NORTH CENTRAL MICHIGAN COLLEGE          ,MI,49770-8740,Public       ,2,18,20,861,1411,2272
00230100,NORTHERN MICHIGAN UNIVERSITY            ,MI,49855-5316,Public       ,19,43,62,7040,2554,9594
00230200,NORTHWESTERN MICHIGAN COLLEGE           ,MI,49686-3061,Public       ,10,47,57,2254,2332,4586
00230300,OAKLAND COMMUNITY COLLEGE               ,MI,48304-2266,Public       ,3,11,14,251,412,663
00230301,OAKLAND COMMUNITY COLLEGE - ORCHARD RIDG,MI,48334-4579,Public       ,14,61,75,1502,2211,3713
00230302,OAKLAND COMMUNITY COLLEGE - ROYAL OAK CA,MI,48067-3898,Public       ,44,138,182,2319,4742,7061
00230303,OAKLAND COMMUNITY COLLEGE - SOUTHFIELD C,MI,48075-4793,Public       ,4,16,20,4,16,20
00230304,OAKLAND COMMUNITY COLLEGE - AUBURN HILLS,MI,48323-2845,Public       ,35,82,117,2025,3009,5034
00230305,OAKLAND COMMUNITY COLLEGE - HIGHLAND LAK,MI,48327-4187,Public       ,16,73,89,1053,1896,2949
00230700,OAKLAND UNIVERSITY                      ,MI,48309-4401,Public       ,54,132,186,9368,6593,15961
00230800,OLIVET COLLEGE                          ,MI,49076-9902,Private      ,21,0,21,1199,254,1453
00231000,ST. CLAIR COUNTY COMMUNITY COLLEGE      ,MI,48061-0000,Public       ,13,52,65,1683,2595,4278
00231100,KUYPER COLLEGE                          ,MI,49525-9749,Private      ,0,1,1,292,99,391
00231300,SACRED HEART MAJOR SEMINARY             ,MI,48206-1799,Private      ,0,3,3,15,163,178
00231400,SAGINAW VALLEY STATE UNIV               ,MI,48710-0001,Public       ,15,61,76,7059,3468,10527
00231500,SCHOOLCRAFT COLLEGE                     ,MI,48152-2696,Public       ,35,118,153,3650,5532,9182
00231600,SIENA HEIGHTS UNIVERSITY                ,MI,49221-1796,Private      ,6,60,66,997,1436,2433
00231700,SOUTHWESTERN MICHIGAN COLLEGE           ,MI,49047-9793,Public       ,15,78,93,991,1719,2710
00231800,SPRING ARBOR UNIVERSITY                 ,MI,49283-9984,Private      ,4,60,64,1937,3463,5400
00232200,FINLANDIA UNIVERSITY                    ,MI,49930-1882,Private      ,1,1,2,545,273,818
00232300,UNIVERSITY OF DETROIT MERCY             ,MI,48221-3038,Private      ,9,58,67,2786,3495,6281
00232301,UNIVERSITY OF DETROIT MERCY- DENTAL SCH ,MI,48219-3580,Private      ,0,0,0,88,452,540
00232303,UNIV OF DETROIT MERCY - LAW SCHOOL      ,MI,48226-0000,Private      ,0,1,1,24,943,967
00232330,UNIV OF DETROIT MERCY - DENTAL SCHOOL   ,MI,48208-2576,Private      ,0,6,6,0,7,7
00232500,UNIVERSITY OF MICHIGAN - ANN ARBOR      ,MI,48109-1316,Public       ,200,123,323,22845,9755,32600
00232501,UNIVERSITY OF MICHIGAN-MEDICAL SCH      ,MI,48109-0000,Public       ,1,1,2,99,999,1098
00232503,UNIVERSITY OF MICHIGAN LAW SCHOOL       ,MI,48109-0000,Public       ,0,3,3,26,2431,2457
00232600,UNIVERSITY OF MICHIGAN-DEARBORN         ,MI,48128-2406,Public       ,27,74,101,4131,3885,8016
00232700,UNIVERSITY OF MICHIGAN-FLINT            ,MI,48502-1950,Public       ,18,93,111,2973,4684,7657
00232800,WASHTENAW COMMUNITY COLLEGE             ,MI,48106-0000,Public       ,81,204,285,3311,5979,9290
00232900,WAYNE STATE UNIVERSITY                  ,MI,48202-0000,Public       ,140,348,488,14306,18319,32625
00232901,WAYNE STATE UNIV SCH OF MEDICINE        ,MI,48201-3359,Public       ,0,4,4,172,1440,1612
00232902,WAYNE STATE UNIVERSITY - LAW SCHOOL     ,MI,48202-3424,Public       ,1,5,6,109,1156,1265
00233000,WESTERN MICHIGAN UNIVERSITY             ,MI,49008-3899,Public       ,59,100,159,16216,6995,23211
00233100,WESTERN THEOLOGICAL SEMINARY            ,MI,49423-0000,Private      ,0,1,1,1,122,123
00407100,WALSH COLLEGE OF ACCT & BUS ADMN        ,MI,48007-7006,Private      ,3,66,69,236,2063,2299
00407200,NORTHWOOD UNIVERSITY                    ,MI,48640-2398,Private      ,9,19,28,2189,1538,3727
00467300,BAKER COLLEGE - FLINT                   ,MI,48507-5508,Private      ,55,310,365,2210,6694,8904
00467301,BAKER COLLEGE OF CADILLAC               ,MI,49601-0000,Private      ,10,61,71,479,1828,2307
00467302,BAKER COLLEGE OF CLINTON TOWNSHIP       ,MI,48035-0000,Private      ,29,141,170,2326,5378,7704
00467303,BAKER COLLEGE OF MUSKEGON               ,MI,49442-0000,Private      ,45,160,205,2682,4670,7352
00467304,BAKER COLLEGE OF OWOSSO                 ,MI,48867-0000,Private      ,27,88,115,1582,2245,3827
00467305,BAKER COLLEGE OF AUBURN HILLS           ,MI,48326-0000,Private      ,36,165,201,1230,3618,4848
00467306,BAKER COLLEGE OF PORT HURON             ,MI,48060-0000,Private      ,24,75,99,640,1646,2286
00467309,BAKER COLLEGE OF JACKSON                ,MI,49202-0000,Private      ,8,89,97,637,1978,2615
00467311,BAKER COLLEGE-CASS CITY                 ,MI,48726-0000,Private      ,8,14,22,211,495,706
00467313,BAKER COLLEGE - GRADUATE ON-LINE        ,MI,48507-0000,Private      ,9,161,170,275,4821,5096
00467317,BAKER COLLEGE-ALLEN PARK                ,MI,48101-0000,Private      ,21,87,108,875,2339,3214
00469200,DORSEY SCHOOL OF BUSINESS               ,MI,48195-2334,Proprietary  ,10,29,39,83,340,423
00469201,DORSEY SCHOOL OF BUSINESS               ,MI,48184-0000,Proprietary  ,13,71,84,73,341,414
00469202,DORSEY SCHOOL OF BUSINESS               ,MI,48071-0000,Proprietary  ,7,44,51,88,331,419
00469204,DORSEY SCHOOL OF BUSINESS               ,MI,48066-0000,Proprietary  ,14,81,95,132,735,867
00469205,DORSEY BUSINESS SCHOOL - FARMINGTON HILL,MI,48334-3385,Proprietary  ,3,14,17,4,32,36
00676800,MID MICHIGAN COMMUNITY COLLEGE          ,MI,48625-9447,Public       ,17,51,68,1932,2475,4407
00677100,COLLEGE FOR CREATIVE STUDIES            ,MI,48202-4034,Private      ,7,4,11,1308,458,1766
00694900,KALAMAZOO VALLEY COMMUNITY COLLEGE      ,MI,49003-4070,Public       ,56,169,225,4186,5187,9373
00717100,KIRTLAND COMMUNITY COLLEGE              ,MI,48653-0000,Public       ,9,44,53,858,1558,2416
00761700,CARNEGIE INSTITUTE                      ,MI,48083-1159,Proprietary  ,6,14,20,86,505,591
00795000,WEST SHORE COMMUNITY COLLEGE            ,MI,49454-0000,Public       ,3,5,8,467,737,1204
00817800,EMPIRE BEAUTY SCHOOL                    ,MI,49525-2440,Proprietary  ,26,46,72,367,418,785
00817801,EMPIRE BEAUTY SCHOOL - KALAMAZOO CAMPUS ,MI,49024-2694,Proprietary  ,1,1,2,1,1,2
00890600,MACOMB COMMUNITY COLLEGE                ,MI,48088-3896,Public       ,83,223,306,6590,8409,14999
00894600,PORT HURON COSMETOLOGY COLLEGE          ,MI,48329-1618,Proprietary  ,2,3,5,40,90,130
00923000,WAYNE COUNTY COMMUNITY CLG-DISTRICT     ,MI,48226-3095,Public       ,206,995,1201,6801,19499,26300
00973200,VIRGINIA FARRELL BEAUTY SCHOOL          ,MI,48080-1448,Proprietary  ,1,7,8,49,102,151
00973400,VIRGINIA FARRELL BEAUTY SCHOOL          ,MI,48220-1739,Proprietary  ,10,19,29,89,277,366
00982800,EVEREST INSTITUTE                       ,MI,48033-4400,Proprietary  ,48,216,264,1151,4871,6022
00982801,EVEREST INSTITUTE- DEARBORN             ,MI,48124-1927,Proprietary  ,49,199,248,158,534,692
00982803,EVEREST INSTITUTE - DETROIT             ,MI,48207-4291,Proprietary  ,25,103,128,77,316,393
01047000,KALAMAZOO BEAUTY ACADEMY                ,MI,49002-5220,Proprietary  ,3,4,7,29,28,57
01062700,ITT TECHNICAL INSTITUTE                 ,MI,49519-0000,Proprietary  ,58,189,247,1408,2649,4057
01082700,DAVID PRESSLEY PROF SCH OF COSMTLGY     ,MI,48067-3219,Proprietary  ,6,8,14,138,121,259
01109800,FLINT INSTITUTE OF BARBERING            ,MI,48504-4395,Proprietary  ,2,4,6,22,103,125
01164600,VIRGINIA FARRELL BEAUTY SCHOOL          ,MI,48185-3091,Proprietary  ,5,10,15,52,139,191
01229100,WRIGHT BEAUTY ACADEMY                   ,MI,49015-2696,Proprietary  ,4,4,8,29,88,117
01239900,LEWIS COLLEGE OF BUSINESS               ,MI,48235-0000,Private      ,0,0,0,102,199,301
01262700,THOMAS M. COOLEY LAW SCHOOL             ,MI,48901-1586,Private      ,0,61,61,11,4850,4861
01321800,M J MURPHY BTY CLG MT PLEASANT          ,MI,48858-2502,Proprietary  ,0,9,9,48,73,121
02060300,MICHIGAN INSTITUTE OF AERONAUTICS       ,MI,48111-0000,Proprietary  ,28,71,99,382,529,911
02068700,ADRIAN BEAUTY ACADEMY                   ,MI,49221-0000,Proprietary  ,0,3,3,17,38,55
02099700,ROSS MEDICAL EDUCATION CENTER           ,MI,48532-0000,Proprietary  ,26,151,177,193,1164,1357
02099701,ROSS MEDICAL EDUCATION CENTER-SAGINAW   ,MI,48603-5227,Proprietary  ,0,2,2,0,2,2
02099703,ROSS MEDICAL EDUCATION CENTER-ROOSEVELT ,MI,49441-4156,Proprietary  ,0,1,1,0,1,1
02100400,EVEREST INSTITUTE                       ,MI,49525-2301,Proprietary  ,30,148,178,580,2868,3448
02100401,EVEREST INSTITUTE - KALAMAZOO           ,MI,49009-3307,Proprietary  ,19,90,109,62,303,365
02100403,EVEREST INSTITUTE - SOUTHFIELD          ,MI,48076-4492,Proprietary  ,1,10,11,9,60,69
02125600,MICHIGAN COLLEGE OF BEAUTY              ,MI,48083-0000,Proprietary  ,13,18,31,196,334,530
02135000,MARQUETTE GEN HOSP SCH RAD TECH         ,MI,49855-0000,Private      ,0,0,0,18,10,28
02158600,MR BELA'S SCHOOL OF COSMETOLOGY         ,MI,48092-4637,Proprietary  ,5,7,12,31,90,121
02160303,INTERNATIONAL ACADEMY OF DESIGN AND TECH,MI,48083-2160,Proprietary  ,7,12,19,811,905,1716
02180100,ROSS MEDICAL EDUCATION CENTER           ,MI,48092-0000,Proprietary  ,11,82,93,91,526,617
02198900,MICHIGAN SCHOOL OF PROFESSIONAL PSYCHOLO,MI,48334-4512,Private      ,0,0,0,3,120,123
02209200,TAYLORTOWN SCHOOL OF BEAUTY             ,MI,48180-0000,Proprietary  ,1,7,8,32,104,136
02237800,SPECS HOWARD SCHOOL OF MEDIA ARTS       ,MI,48075-0000,Proprietary  ,12,30,42,439,494,933
02285700,BAYSHIRE BEAUTY ACADEMY                 ,MI,48708-5614,Proprietary  ,0,8,8,39,81,120
02289801,KAPLAN INSTITUTE - DETROIT CAMPUS       ,MI,48202-0000,Proprietary  ,27,139,166,242,1087,1329
02324500,MICHIGAN COLLEGE OF BEAUTY              ,MI,48161-0000,Proprietary  ,7,10,17,73,132,205
02339700,ROSS MEDICAL EDUCATION CENTER           ,MI,48116-0000,Proprietary  ,14,111,125,130,614,744
02361500,MICHIGAN BARBER COLLEGE                 ,MI,48204-2244,Private      ,1,2,3,92,228,320
02363800,YESHIVA GEDOLAH OF GREATER DETROIT      ,MI,48237-0000,Private      ,2,0,2,21,3,24
02491000,WEST MI COLG OF BARBERING & BEAUTY      ,MI,49008-0000,Proprietary  ,2,12,14,33,109,142
02495800,FOCUS:HOPE                              ,MI,48238-0000,Private      ,0,0,0,93,227,320
02498300,VIRGINIA FARRELL BEAUTY SCHOOL          ,MI,48154-0000,Proprietary  ,6,10,16,68,156,224
02533600,ROSS MEDICAL EDUCATION CENTER           ,MI,48917-2108,Proprietary  ,11,79,90,130,656,786
02533601,ROSS MEDICAL EDUCATION CENTER - GRAND RA,MI,49546-2430,Proprietary  ,0,2,2,0,2,2
02587900,HIGH-TECH LEARNING                      ,MI,48091-0000,Proprietary  ,0,0,0,0,1,1
02588200,DOUGLAS J AVEDA INSTITUTE               ,MI,48823-4351,Proprietary  ,6,10,16,315,279,594
02588201,DOUGLAS J AVEDA INSTITUTE - ANN ARBOR   ,MI,48104-2211,Proprietary  ,2,4,6,54,73,127
02594600,HOWELL COLLEGE OF COSMETOLOGY           ,MI,48843-8584,Proprietary  ,0,0,0,1,2,3
02595700,HILLSDALE BEAUTY COLLEGE                ,MI,49242-0000,Proprietary  ,0,2,2,33,33,66
02618400,MICHIGAN CAREER & TECHNICAL INST        ,MI,49080-9254,Public       ,18,11,29,226,130,356
03005700,DETROIT BUSINESS INST. DOWNRIVER        ,MI,48193-6761,Proprietary  ,9,34,43,101,339,440
03028500,LAWTON SCHOOL                           ,MI,48075-5406,Proprietary  ,3,17,20,71,262,333
03066600,BAY MILLS COMMUNITY COLLEGE             ,MI,49715-9750,Public       ,2,11,13,103,342,445
03075200,TWIN CITY BEAUTY COLLEGE                ,MI,49085-3305,Proprietary  ,5,21,26,71,237,308
03075201,TWIN CITY BEAUTY COLLEGE - TRAVERSE CITY,MI,49686-5119,Proprietary  ,0,1,1,11,23,34
03090000,SHARP'S ACADEMY OF HAIRSTYLING INC.     ,MI,48433-0000,Proprietary  ,2,0,2,19,57,76
03109700,HOUGHTON LAKE INST OF COSMETOLOGY       ,MI,48629-0669,Proprietary  ,0,1,1,10,18,28
03110300,THE SCHOOL OF CREATIVE HAIR DESIGN      ,MI,49036-1139,Proprietary  ,2,10,12,25,56,81
03124000,NORTHWESTERN TECHNOLOGICAL INST         ,MI,48075-2412,Proprietary  ,20,80,100,146,610,756
03135300,MICHIGAN THEOLOGICAL SEMINARY           ,MI,48170-4399,Private      ,0,0,0,6,104,110
03284300,MICHIGAN JEWISH INSTITUTE               ,MI,48237-0000,Private      ,17,5,22,369,44,413
03340300,WARREN WOODS VOCATIONAL ADULT EDUC      ,MI,48088-3699,Public       ,0,0,0,2,7,9
03474300,AVE MARIA COLLEGE                       ,MI,48197-2451,Private      ,0,0,0,2,10,12
03490300,PAUL MITCHELL THE SCHOOL ESCANABA       ,MI,49829-0000,Proprietary  ,4,1,5,13,19,32
03588300,IRENE'S MYOMASSOLOGY INSTITUTE          ,MI,48033-2404,Proprietary  ,3,14,17,67,357,424
03704300,BLUE WATER COLLEGE OF COSMETOLOGY       ,MI,48040-0000,Proprietary  ,1,1,2,26,46,72
03772300,SAGINAW CHIPPEWA TRIBAL COLLEGE         ,MI,48858-0000,Public       ,0,0,0,11,31,42
03815300,IN SESSION-ARTS OF COSMETOLOGY BEAU     ,MI,48609-0000,Proprietary  ,0,0,0,57,103,160
03907300,PAUL MITCHELL THE SCHOOL GREAT LAKES    ,MI,48060-0000,Proprietary  ,3,11,14,57,71,128
03915300,CAREER QUEST LEARNING CENTER            ,MI,48910-4732,Proprietary  ,0,51,51,25,423,448
03968300,LAKEWOOD SCHOOL OF THERAPEUTIC MASSAGE  ,MI,48060-0000,Proprietary  ,0,1,1,5,20,25
03976500,ANN ARBOR INSTITUTE OF MASSAGE THERAPY  ,MI,48103-0000,Proprietary  ,1,1,2,35,86,121
04002400,ECUMENICAL THEOLOGICAL SEMINARY         ,MI,48201-3035,Private      ,0,0,0,0,78,78
04006300,NUVO COLLEGE OF COSMETOLOGY             ,MI,49441-3822,Proprietary  ,1,1,2,18,75,93
04014300,P&A SCHOLARS BEAUTY SCHOOL              ,MI,48204-0000,Proprietary  ,3,17,20,94,188,282
04055300,CREATIVE HAIR SCHOOL OF COSMETOLOGY     ,MI,48504-1234,Proprietary  ,1,5,6,17,60,77
04094300,ROBERT B. MILLER COLLEGE (THE)          ,MI,49017-3306,Private      ,1,11,12,32,204,236
04121100,GALLERY COLLEGE OF BEAUTY (THE)         ,MI,48036-3591,Proprietary  ,1,5,6,12,42,54
04138400,SCHOOL OF DESIGNING ARTS                ,MI,49037-7995,Proprietary  ,0,5,5,0,5,5
04140900,INTERNATIONAL COSMETOLOGY ACADEMY       ,MI,49508-1308,Proprietary  ,0,3,3,0,3,3
00233200,ANOKA-RAMSEY CC-CAMBRIDGE/COONRAPID     ,MN,55433-3499,Public       ,16,65,81,2597,2793,5390
00233400,AUGSBURG COLLEGE                        ,MN,55454-1351,Private      ,8,35,43,2140,1939,4079
00233500,RIVERLAND COMMUNITY COLLEGE             ,MN,55912-1473,Public       ,10,49,59,966,1453,2419
00233600,BEMIDJI STATE UNIVERSITY                ,MN,56601-2699,Public       ,12,61,73,2862,1618,4480
00233700,BETHANY LUTHERAN COLLEGE INC            ,MN,56001-6163,Private      ,0,1,1,599,56,655
00233900,CENTRAL LAKES COLG-BRAINERD/STAPLES     ,MN,56401-3900,Public       ,20,47,67,1390,1492,2882
00234000,CARLETON COLLEGE                        ,MN,55057-4001,Private      ,0,0,0,2511,23,2534
00234100,COLLEGE OF ST BENEDICT                  ,MN,56374-2099,Private      ,2,0,2,1935,23,1958
00234200,ST. CATHERINE UNIVERSITY                ,MN,55105-1789,Private      ,3,50,53,2167,3177,5344
00234300,COLLEGE OF ST SCHOLASTICA               ,MN,55811-4199,Private      ,8,59,67,2002,1461,3463
00234500,UNIVERSITY OF ST THOMAS                 ,MN,55105-1096,Private      ,7,139,146,5623,3604,9227
00234600,CONCORDIA COLLEGE-MOORHEAD              ,MN,56562-0001,Private      ,5,5,10,3069,150,3219
00234700,"CONCORDIA UNIVERSITY, ST PAUL, MN       ",MN,55104-5494,Private      ,5,84,89,1085,1618,2703
00235000,VERMILION COMMUNITY COLLEGE             ,MN,55731-1996,Public       ,5,1,6,499,132,631
00235300,GUSTAVUS ADOLPHUS COLLEGE               ,MN,56082-1498,Private      ,3,0,3,3050,47,3097
00235400,HAMLINE UNIVERSITY                      ,MN,55104-1284,Private      ,2,33,35,2337,2732,5069
00235500,HIBBING COMMUNITY COLLEGE               ,MN,55746-3300,Public       ,13,37,50,649,900,1549
00235600,ITASCA COMMUNITY COLLEGE                ,MN,55744-3397,Public       ,7,9,16,695,503,1198
00235700,LUTHER SEMINARY                         ,MN,55108-0000,Private      ,0,3,3,1,432,433
00235800,MACALESTER COLLEGE                      ,MN,55105-1899,Private      ,0,1,1,2860,62,2922
00236000,"MINNESOTA STATE UNIVERSITY, MANKATO     ",MN,56002-0000,Public       ,62,95,157,9818,3504,13322
00236100,MARTIN LUTHER COLLEGE                   ,MN,56073-3965,Private      ,0,0,0,628,77,705
00236200,MINNEAPOLIS COMM AND TECH COLLEGE       ,MN,55403-1779,Public       ,54,189,243,3435,7291,10726
00236500,MINNEAPOLIS COLLEGE OF ART & DESIGN     ,MN,55404-4343,Private      ,0,2,2,878,360,1238
00236600,CROSSROADS COLLEGE                      ,MN,55902-2382,Private      ,0,1,1,124,81,205
00236700,MINNESOTA STATE UNIVERSITY MOORHEAD     ,MN,56563-0001,Public       ,8,30,38,5285,2003,7288
00236900,NORTH CENTRAL UNIVERSITY                ,MN,55404-1391,Private      ,0,1,1,1116,296,1412
00237000,NORTH HENNEPIN COMMUNITY COLLEGE        ,MN,55445-2299,Public       ,35,141,176,2149,3413,5562
00237100,NORTHWESTERN COLLEGE                    ,MN,55113-1598,Private      ,3,36,39,2286,838,3124
00237300,ROCHESTER COMMUNITY/TECH COLLEGE        ,MN,55904-4999,Public       ,24,59,83,2507,2508,5015
00237500,SOUTHWEST MINNESOTA STATE UNIVERSITY    ,MN,56258-1598,Public       ,2,13,15,1897,950,2847
00237700,ST CLOUD STATE UNIVERSITY               ,MN,56301-4498,Public       ,47,110,157,9209,3961,13170
00237900,SAINT JOHNS UNIVERSITY                  ,MN,56321-0000,Private      ,4,1,5,1749,87,1836
00238000,SAINT MARY'S UNIVERSITY                 ,MN,55987-1399,Private      ,0,60,60,1479,2740,4219
00238200,ST OLAF COLLEGE                         ,MN,55057-1098,Private      ,2,0,2,3509,61,3570
00238300,CROWN COLLEGE                           ,MN,55375-9001,Private      ,0,9,9,737,683,1420
00238500,NORTHLAND COMMUNITY & TECHNICAL CLG     ,MN,56701-2598,Public       ,12,45,57,1569,1943,3512
00238600,UNITED THEOLGCL SEMINRY TWIN CITIES     ,MN,55112-0000,Private      ,0,3,3,4,104,108
00238800,"UNIVERSITY OF MINNESOTA, DULUTH         ",MN,55812-2496,Public       ,17,27,44,8419,1828,10247
00238900,"UNIVERSITY OF MINNESOTA, MORRIS         ",MN,56267-2113,Public       ,3,1,4,1555,213,1768
00239100,WILLIAM MITCHELL COLLEGE OF LAW         ,MN,55105-0000,Private      ,0,0,0,1,1295,1296
00239300,MINNESOTA STATE COLLEGE-SE TECH         ,MN,55987-0409,Public       ,6,21,27,778,1158,1936
00239400,WINONA STATE UNIVERSITY                 ,MN,55987-5838,Public       ,19,27,46,6037,1335,7372
00396900,UNIVERSITY OF MINNESOTA-TWIN CITIES     ,MN,55455-0422,Public       ,81,287,368,23981,15811,39792
00400900,MESABI RANGE CMNTY & TECH COLLEGE       ,MN,55792-0000,Public       ,9,27,36,523,609,1132
00405708,NATIONAL AMERICAN UNIVERSITY            ,MN,55113-0000,Proprietary  ,0,3,3,28,232,260
00405715,NATIONAL AMERICAN UNIVERSITY - BLOOMINGT,MN,55425-5550,Proprietary  ,2,9,11,21,213,234
00406900,UNIVERSITY OF MINNESOTA-CROOKSTON       ,MN,56716-5001,Public       ,3,6,9,858,328,1186
00438600,VETERAN'S MEDICAL CTR- SCH RAD TECH     ,MN,55417-2399,Public       ,0,0,0,1,8,9
00464100,DUNWOODY COLLEGE OF TECHNOLOGY          ,MN,55403-1192,Private      ,10,9,19,1020,1059,2079
00464200,GLOBE UNIVERSITY                        ,MN,55125-5408,Proprietary  ,4,33,37,400,943,1343
00464500,MINNEAPOLIS BUSINESS COLLEGE            ,MN,55113-4036,Proprietary  ,0,0,0,457,103,560
00464600,MINNESOTA SCHOOL OF BUSINESS            ,MN,55423-0000,Proprietary  ,33,44,77,2512,5241,7753
00464800,RASMUSSEN COLLEGE - EAGAN               ,MN,55122-1346,Proprietary  ,9,46,55,196,887,1083
00484602,RASMUSSEN COLLEGE - MOORHEAD            ,MN,56560-4513,Proprietary  ,0,0,0,0,1,1
00525200,RIDGEWATER COLLEGE                      ,MN,56201-2098,Public       ,25,39,64,2017,1724,3741
00526300,MINNESOTA WEST CMNTY & TECH COLG        ,MN,56241-1096,Public       ,14,36,50,975,1222,2197
00553300,"SAINT PAUL COLLEGE, COMMUNITY/TECHNICAL ",MN,55102-1800,Public       ,30,159,189,1672,3816,5488
00553400,ST CLOUD TECHNICAL COLLEGE              ,MN,56303-1240,Public       ,22,39,61,2141,1528,3669
00553500,PINE TECHNICAL COLLEGE                  ,MN,55063-2198,Public       ,1,12,13,168,475,643
00553700,SOUTH CENTRAL COLLEGE                   ,MN,56003-0000,Public       ,14,36,50,1418,1488,2906
00554100,MINNESOTA STATE COMMUNITY AND TECHNICAL ,MN,56573-1405,Public       ,27,89,116,2440,2832,5272
00554400,ALEXANDRIA TECHNICAL COLLEGE            ,MN,56308-3799,Public       ,5,7,12,1300,647,1947
00575700,LAKE SUPERIOR COLLEGE                   ,MN,55811-3399,Public       ,12,51,63,1879,2165,4044
00575900,NORTHWEST TECHNICAL COLLEGE - BEMIDJI   ,MN,56601-4907,Public       ,10,27,37,467,806,1273
00677500,RAINY RIVER COMMUNITY COLLEGE           ,MN,56649-2187,Public       ,1,1,2,178,140,318
00735000,ANOKA-HENNEPIN TECHNICAL COLLEGE        ,MN,55303-1590,Public       ,0,26,26,662,1277,1939
00735100,BROWN COLLEGE                           ,MN,55120-1004,Proprietary  ,11,22,33,1302,1298,2600
00746200,COLLEGE OF VISUAL ARTS                  ,MN,55102-2199,Private      ,0,0,0,190,57,247
00795400,NORMANDALE COMMUNITY COLLEGE            ,MN,55431-4399,Public       ,33,118,151,3494,3643,7137
00826700,NORTHWEST TECHNICAL INSTITUTE           ,MN,55121-5001,Proprietary  ,0,1,1,110,35,145
00869400,RASMUSSEN COLLEGE                       ,MN,56301-3713,Proprietary  ,8,40,48,283,1023,1306
00869401,RASMUSSEN COLLEGE - BROOKLYN PARK       ,MN,55445-1512,Proprietary  ,9,48,57,257,1195,1452
00905800,BETHEL UNIVERSITY                       ,MN,55112-6999,Private      ,6,67,73,2788,1745,4533
00960000,COSMETOLOGY CAREERS UNLTD-DULUTH        ,MN,55802-2031,Proprietary  ,2,1,3,38,44,82
00972200,EMPIRE BEAUTY SCHOOL                    ,MN,55119-7003,Proprietary  ,5,6,11,114,213,327
00974000,INVER HILLS COMMUNITY COLLEGE           ,MN,55076-3224,Public       ,28,74,102,1700,2274,3974
00983100,MODEL COLLEGE OF HAIR DESIGN            ,MN,56301-4280,Proprietary  ,2,2,4,80,48,128
00987000,EMPIRE BEAUTY SCHOOL                    ,MN,55420-2919,Proprietary  ,13,27,40,129,246,375
00989200,"DULUTH BUSINESS UNIV, INC.              ",MN,55807-0000,Proprietary  ,2,2,4,180,421,601
00999200,OAK HILLS CHRISTIAN COLLEGE             ,MN,56601-0000,Private      ,0,0,0,131,87,218
01024800,ART INSTITUTES INTL MINNESOTA           ,MN,55402-3137,Proprietary  ,10,13,23,1516,1042,2558
01035602,EVEREST INSTITUTE - EAGAN               ,MN,55121-1696,Proprietary  ,16,106,122,68,330,398
01037400,METROPOLITAN STATE UNIVERSITY           ,MN,55106-5000,Public       ,10,83,93,1344,4941,6285
01040200,DAKOTA COUNTY TECHNICAL COLLEGE         ,MN,55068-2999,Public       ,35,49,84,1063,1402,2465
01049000,REGENCY BEAUTY INSTITUTE                ,MN,55428-0000,Proprietary  ,163,210,373,1626,2023,3649
01049100,HENNEPIN TECHNICAL COLLEGE              ,MN,55445-2399,Public       ,18,116,134,1461,3036,4497
01054600,CENTURY COMMUNITY AND TECHNICAL CLG     ,MN,55110-1894,Public       ,50,136,186,3512,4235,7747
01101700,HERZING COLLEGE                         ,MN,55428-3548,Proprietary  ,1,7,8,148,292,440
01168600,RASMUSSEN COLLEGE - EDEN PRAIRIE        ,MN,55344-7220,Proprietary  ,9,61,70,164,1467,1631
01173200,"MAYO CLINIC, COLLEGE OF MEDICINE        ",MN,55905-0000,Private      ,1,1,2,27,260,287
01173201,MAYO SCHOOL OF HEALTH-RELATED SCIEN     ,MN,55905-0000,Private      ,0,2,2,40,132,172
01173206,MAYO GRAD SCHOOL                        ,MN,55901-0000,Private      ,0,1,1,1,26,27
01173207,MAYO MEDICAL SCHOOL                     ,MN,55901-0000,Private      ,0,3,3,4,159,163
01232800,NORTHWESTERN HEALTH SCIENCES UNIV       ,MN,55431-1599,Private      ,1,8,9,67,952,1019
02050300,ACADEMY COLLEGE                         ,MN,55420-1554,Proprietary  ,0,10,10,64,216,280
02096002,REGIONS HOSPITAL -DIETETIC INTRNSHP     ,MN,55101-0000,Private      ,0,0,0,2,0,2
02123200,AVEDA INSTITUTE                         ,MN,55414-0000,Proprietary  ,16,13,29,394,331,725
02159800,COSMETOLOGY CAREERS UNLTD - HIBBING     ,MN,55746-0000,Proprietary  ,0,4,4,21,22,43
02160901,"SALON PROFESSIONAL ACADEMY, THE - THE SA",MN,55428-4928,Proprietary  ,0,6,6,43,63,106
02179901,ARGOSY UNIVERSITY - TWIN CITIES         ,MN,55121-1756,Proprietary  ,0,3,3,0,3,3
02238100,MINNESOTA SCHOOL OF COSMETOLOGY         ,MN,55125-0000,Proprietary  ,6,12,18,91,176,267
02260500,SUMMIT ACAD OPPORTUNITIES IND CTR       ,MN,55405-0000,Private      ,14,108,122,38,321,359
02263102,HIGH-TECH INSTITUTE - MINNEAPOLIS       ,MN,55416-2467,Proprietary  ,0,1,1,2,3,5
02284500,PILLSBURY BAPTIST BIBLE COLLEGE         ,MN,55060-0000,Private      ,0,0,0,145,33,178
02503300,RASMUSSEN COLLEGE - MANKATO             ,MN,56001-8658,Proprietary  ,8,25,33,244,830,1074
02503302,RASMUSSEN COLLEGE - MANKATO -  LAKE ELMO,MN,55042-8624,Proprietary  ,6,37,43,91,446,537
02504200,WALDEN UNIVERSITY                       ,MN,55401-2511,Proprietary  ,2,1597,1599,41,29798,29839
02514100,AMERICAN INDIAN OPPORTUNITIES CTR       ,MN,55404-0000,Private      ,0,3,3,1,109,110
02543600,INGENUE                                 ,MN,56560-0000,Proprietary  ,0,3,3,14,13,27
02551200,EAST METRO OIC                          ,MN,55104-3435,Private      ,0,33,33,30,184,214
03001200,MCNALLY SMITH COLLEGE OF MUSIC          ,MN,55101-2220,Proprietary  ,3,3,6,509,192,701
03051900,ALFRED ADLER GRADUATE SCHOOL            ,MN,55305-0000,Private      ,0,11,11,2,198,200
03096400,LEECH LAKE TRIBAL COLLEGE               ,MN,56633-0000,Public       ,0,2,2,61,293,354
03129100,FOND DU LAC TRIBAL & COMMUNITY CLG      ,MN,55720-2984,Public       ,10,27,37,460,824,1284
03267300,CAPELLA UNIVERSITY                      ,MN,55402-3389,Proprietary  ,5,1281,1286,66,30493,30559
03473400,MINNEAPOLIS SCHOOL OF MASSAGE AND B     ,MN,55418-3343,Private      ,0,0,0,4,19,23
03833300,AMERICAN ACADEMY OF ACUPUNCTURE AND ORIE,MN,55113-0000,Proprietary  ,0,0,0,1,78,79
03921400,WHITE EARTH TRIBAL AND COMMUNITY COLLEGE,MN,56557-0478,Private      ,0,0,0,18,128,146
04044300,HAZELDEN GRADUATE SCHOOL OF ADDICTION ST,MN,55012-0000,Private      ,0,1,1,0,73,73
00239600,ALCORN STATE UNIVERSITY                 ,MS,39096-7500,Public       ,139,103,242,3285,2703,5988
00239700,BELHAVEN COLLEGE                        ,MS,39202-1789,Private      ,6,122,128,1152,2943,4095
00239800,BLUE MOUNTAIN COLLEGE                   ,MS,38610-9370,Private      ,5,15,20,305,313,618
00240100,COAHOMA COMMUNITY COLLEGE               ,MS,38614-9799,Public       ,45,15,60,1197,2111,3308
00240200,COPIAH-LINCOLN COMMUNITY COLLEGE        ,MS,39191-0649,Public       ,71,66,137,1876,2113,3989
00240300,DELTA STATE UNIVERSITY                  ,MS,38733-0000,Public       ,47,61,108,2891,2960,5851
00240400,EAST CENTRAL COMMUNITY COLLEGE          ,MS,39327-0129,Public       ,37,59,96,1441,1643,3084
00240500,EAST MISSISSIPPI COMM COLLEGE           ,MS,39358-0000,Public       ,127,111,238,2179,3364,5543
00240700,HINDS COMMUNITY COLLEGE                 ,MS,39154-9799,Public       ,144,203,347,5777,7688,13465
00240800,HOLMES COMMUNITY COLLEGE                ,MS,39079-0000,Public       ,76,118,194,2575,4363,6938
00240900,ITAWAMBA COMMUNITY COLLEGE              ,MS,38843-1099,Public       ,84,201,285,2958,4733,7691
00241000,JACKSON STATE UNIVERSITY                ,MS,39217-0001,Public       ,154,168,322,7759,8208,15967
00241100,JONES COUNTY JUNIOR COLLEGE             ,MS,39437-3999,Public       ,112,111,223,3100,2518,5618
00241300,MERIDIAN COMMUNITY COLLEGE              ,MS,39307-5890,Public       ,37,91,128,1995,2342,4337
00241400,MILLSAPS COLLEGE                        ,MS,39201-0000,Private      ,5,7,12,1215,395,1610
00241500,MISSISSIPPI COLLEGE                     ,MS,39058-0001,Private      ,10,42,52,2128,2703,4831
00241501,MISSISSIPPI COLLEGE - SCHOOL OF LAW     ,MS,39201-1391,Private      ,0,5,5,24,718,742
00241502,MISSISSIPPI COLLEGE - RANKIN CAMPUS     ,MS,39042-0000,Private      ,0,0,0,0,8,8
00241600,MISSISSIPPI DELTA CMTY COLLEGE          ,MS,38761-0000,Public       ,59,26,85,1839,2270,4109
00241700,MISSISSIPPI GULF CST CLG-PERKINSTON     ,MS,39573-0000,Public       ,33,21,54,1154,669,1823
00241701,MISSISSIPPI GULF CST CLG-JEFF DAVIS     ,MS,39507-0000,Public       ,24,76,100,1238,2267,3505
00241702,MISSISSIPPI GULF CST CLG-JACKSON CN     ,MS,39553-0000,Public       ,36,87,123,1300,1881,3181
00242200,MISSISSIPPI UNIV FOR WOMEN              ,MS,39701-5818,Public       ,19,42,61,1455,1663,3118
00242300,MISSISSIPPI STATE UNIVERSITY            ,MS,39762-9698,Public       ,110,125,235,9720,5684,15404
00242400,MISSISSIPPI VALLEY STATE UNIVERSITY     ,MS,38941-1400,Public       ,156,70,226,2923,3588,6511
00242600,NORTHEAST MS CMNTY COLLEGE              ,MS,38829-1731,Public       ,34,51,85,2199,1886,4085
00242700,NORTHWEST MISSISSIPPI COMMUNITY CLG     ,MS,38668-1703,Public       ,69,103,172,4010,3886,7896
00243000,PEARL RIVER COMMUNITY COLLEGE           ,MS,39470-2201,Public       ,96,105,201,2457,2902,5359
00243300,RUST COLLEGE                            ,MS,38635-2328,Private      ,17,5,22,1114,387,1501
00243500,SOUTHEASTERN BAPTIST COLLEGE            ,MS,39440-0000,Private      ,0,1,1,30,65,95
00243600,SOUTHWEST MISSISSIPPI CMNTY CLG         ,MS,39666-8099,Public       ,48,33,81,1187,1202,2389
00243900,TOUGALOO COLLEGE                        ,MS,39174-9799,Private      ,12,12,24,1322,462,1784
00244000,UNIVERSITY OF MISSISSIPPI               ,MS,38677-1848,Public       ,101,148,249,8358,5232,13590
00244001,UNIVERSITY OF MISSISSIPPI - MED CTR     ,MS,39216-0000,Public       ,4,10,14,382,1414,1796
00244100,UNIVERSITY OF SOUTHERN MISSISSIPPI      ,MS,39406-0001,Public       ,137,229,366,9243,8008,17251
00244700,WILLIAM CAREY UNIVERSITY                ,MS,39401-5499,Private      ,9,109,118,1150,2628,3778
01146100,WESLEY COLLEGE                          ,MS,39073-1070,Private      ,0,1,1,57,70,127
01289101,ANTONELLI COLLEGE - JACKSON             ,MS,39208-4526,Proprietary  ,14,51,65,73,250,323
01289102,ANTONELLI COLLEGE - HATTIESBURG         ,MS,39401-3056,Proprietary  ,7,69,76,65,243,308
02074900,CHRIS' BEAUTY COLLEGE                   ,MS,39501-0000,Proprietary  ,1,15,16,32,114,146
02160500,NORTH MISSISSIPPI MED CTR MED TECH      ,MS,38801-0000,Private      ,0,0,0,11,36,47
02235900,ACADEMY OF HAIR DESIGN #4               ,MS,39208-0000,Proprietary  ,3,8,11,33,98,131
02244300,ACADEMY OF HAIR DESIGN #1               ,MS,38901-0000,Proprietary  ,5,22,27,72,266,338
02249900,DELTA BEAUTY COLLEGE                    ,MS,38701-0000,Proprietary  ,1,7,8,30,103,133
02251600,ACADEMY OF HAIR DESIGN #6               ,MS,39401-7581,Proprietary  ,1,13,14,38,124,162
02251700,FOSTER'S COSMETOLOGY COLLEGE            ,MS,38663-0000,Proprietary  ,0,5,5,13,51,64
02302800,MISSISSIPPI COLLEGE OF BEAUTY CULT      ,MS,39440-0000,Proprietary  ,3,10,13,33,80,113
02320800,MAGNOLIA COLLEGE OF COSMETOLOGY         ,MS,39206-0000,Proprietary  ,3,17,20,65,209,274
02361200,MAGNOLIA BIBLE COLLEGE                  ,MS,39090-0000,Private      ,0,0,0,11,30,41
02490200,"ICS, THE WRIGHT BEAUTY COLLEGE          ",MS,38834-0000,Proprietary  ,0,1,1,7,28,35
02502100,CREATIONS COLLEGE OF COSMETOLOGY        ,MS,38803-0000,Proprietary  ,1,11,12,28,98,126
02516200,WESLEY BIBLICAL SEMINARY                ,MS,39206-0000,Private      ,0,1,1,2,104,106
02554600,GIBSON'S BARBER AND BEAUTY COLLEGE      ,MS,39773-0000,Proprietary  ,2,3,5,29,70,99
02586000,J & J HAIR DESIGN COLLEGE               ,MS,39051-3716,Proprietary  ,4,22,26,33,181,214
03004000,FINAL TOUCH BEAUTY SCHOOL               ,MS,39307-2934,Proprietary  ,2,6,8,22,83,105
03010401,CRESCENT CITY BARTENDING SCHOOL         ,MS,39501-0000,Proprietary  ,0,1,1,3,25,28
03010404,CRESCENT CITY SCHOOL OF GAMING & BARTEND,MS,38664-1903,Proprietary  ,0,0,0,2,3,5
03010603,VIRGINIA COLLEGE - JACKSON              ,MS,39206-5602,Proprietary  ,1,14,15,35,210,245
03010610,VIRGINIA COLLEGE - BILOXI               ,MS,39532-2124,Proprietary  ,0,8,8,12,110,122
03263300,TRAXLER'S SCHOOL OF HAIR                ,MS,39212-2529,Proprietary  ,3,7,10,19,81,100
03464300,ACADEMY OF HAIR DESIGN                  ,MS,39562-0000,Proprietary  ,3,7,10,12,76,88
03525300,BLUE CLIFF COLLEGE                      ,MS,39507-0000,Proprietary  ,4,13,17,74,254,328
03848300,DAY SPA CAREER COLLEGE                  ,MS,39564-0000,Proprietary  ,2,3,5,28,73,101
03963300,HEALING TOUCH SCHOOL OF MASSAGE THERAPY ,MS,39402-1300,Proprietary  ,0,1,1,15,57,72
04131300,CORINTH ACADEMY OF COSMETOLOGY          ,MS,38834-4813,Proprietary  ,0,6,6,4,12,16
00252600,CARROLL COLLEGE                         ,MT,59625-0002,Private      ,3,0,3,1477,203,1680
00252700,UNIVERSITY OF GREAT FALLS               ,MT,59405-4996,Private      ,0,11,11,441,517,958
00252800,MILES COMMUNITY COLLEGE                 ,MT,59301-4799,Public       ,0,6,6,274,253,527
00252900,DAWSON COMMUNITY COLLEGE                ,MT,59330-1405,Public       ,0,5,5,208,116,324
00253000,MONTANA STATE UNIVERSITY - BILLINGS     ,MT,59101-0298,Public       ,8,48,56,2431,3040,5471
00253100,MONTANA TECH OF THE UNIV OF MONTANA     ,MT,59701-8997,Public       ,3,5,8,1299,963,2262
00253200,MONTANA STATE UNIVERSITY - BOZEMAN      ,MT,59717-0001,Public       ,19,80,99,7623,3490,11113
00253300,MONTANA STATE UNIVERSITY-NORTHERN       ,MT,59501-3148,Public       ,4,28,32,704,837,1541
00253400,ROCKY MOUNTAIN COLLEGE                  ,MT,59102-1796,Private      ,1,6,7,811,352,1163
00253600,UNIVERSITY OF MONTANA (THE)             ,MT,59812-0001,Public       ,23,80,103,7257,6231,13488
00253700,UNIVERSITY OF MONTANA WESTERN (THE)     ,MT,59725-3598,Public       ,3,5,8,938,447,1385
00442500,BENEFIS HEALTHCARE SCH RAD TECH         ,MT,59405-4324,Private      ,0,0,0,9,5,14
00677700,FLATHEAD VALLEY COMMUNITY COLLEGE       ,MT,59901-2699,Public       ,8,33,41,529,755,1284
00757000,HELENA COLLEGE OF TECHNOLOGY            ,MT,59601-3098,Public       ,2,8,10,370,604,974
00790000,BUTTE ACADEMY OF BEAUTY CULTURE         ,MT,59701-9197,Proprietary  ,0,0,0,24,24,48
00894700,"DAHL'S COLLEGE OF BEAUTY,INC            ",MT,59401-3731,Proprietary  ,4,2,6,17,34,51
00931400,MSU COLLEGE OF TECH-GREAT FALLS         ,MT,59405-4907,Public       ,8,51,59,509,1229,1738
00946800,COLLEGE OF COIFFURE ART LTD             ,MT,59102-5333,Proprietary  ,0,0,0,14,15,29
02143400,SALISH KOOTENAI COLLEGE                 ,MT,59855-0000,Public       ,3,11,14,250,765,1015
02286600,LITTLE BIG HORN COLLEGE                 ,MT,59022-0000,Public       ,1,7,8,101,209,310
02343000,FT PECK COMMUNITY COLLEGE               ,MT,59255-0000,Public       ,4,7,11,77,284,361
02510600,BLACKFEET COMMUNITY COLLEGE             ,MT,59417-0000,Private      ,0,5,5,164,471,635
02517500,FORT BELKNAP COLLEGE                    ,MT,59526-0000,Public       ,1,3,4,64,132,196
02545200,CHIEF DULL KNIFE COLLEGE                ,MT,59043-0098,Public       ,0,0,0,66,152,218
02610900,STONE CHILD COLLEGE                     ,MT,59521-9796,Public       ,7,16,23,85,247,332
02621300,ACADEMY OF COSMETOLOGY                  ,MT,59715-3544,Proprietary  ,0,0,0,29,23,52
03205300,MODERN BEAUTY SCHOOL                    ,MT,59801-8386,Proprietary  ,1,2,3,33,36,69
03763400,"ACADEMY OF NAIL, SKIN & HAIR            ",MT,59101-0000,Proprietary  ,5,3,8,75,73,148
03778300,HEALTH WORKS INSTITUTE                  ,MT,59715-0000,Proprietary  ,0,0,0,22,32,54
00253900,CHADRON STATE COLLEGE                   ,NE,69337-2690,Public       ,3,21,24,1471,847,2318
00254000,COLLEGE OF ST MARY                      ,NE,68106-2606,Private      ,5,23,28,418,961,1379
00254100,CONCORDIA UNIVERSITY                    ,NE,68434-1594,Private      ,1,2,3,1267,188,1455
00254200,CREIGHTON UNIVERSITY                    ,NE,68178-0001,Private      ,3,13,16,4309,4015,8324
00254300,DANA COLLEGE                            ,NE,68008-9905,Private      ,1,0,1,892,74,966
00254400,DOANE COLLEGE                           ,NE,68333-2421,Private      ,4,62,66,1317,902,2219
00254700,GRACE UNIVERSITY                        ,NE,68108-3629,Private      ,0,7,7,299,223,522
00254800,HASTINGS COLLEGE                        ,NE,68901-7621,Private      ,3,1,4,1531,130,1661
00255100,UNIVERSITY OF NEBRASKA AT KEARNEY       ,NE,68849-0001,Public       ,10,57,67,3938,1486,5424
00255300,MIDLAND LUTHERAN COLLEGE                ,NE,68025-4254,Private      ,1,6,7,954,182,1136
00255400,UNIVERSITY OF NEBRASKA-OMAHA            ,NE,68182-0001,Public       ,29,100,129,7144,5103,12247
00255500,NEBRASKA WESLEYAN UNIVERSITY            ,NE,68504-2796,Private      ,1,12,13,1916,456,2372
00255700,MID-PLAINS COMM COLLEGE - NORTH PLATTE  ,NE,69101-9420,Public       ,1,21,22,407,535,942
00255701,MID-PLAINS COMMUNITY COLLEGE - MCCOOK   ,NE,69001-2631,Public       ,2,10,12,234,159,393
00255900,PERU STATE COLLEGE                      ,NE,68421-0010,Public       ,5,45,50,873,946,1819
00256000,WESTERN NEBRASKA COMMUNITY COLLEGE      ,NE,69361-1815,Public       ,14,27,41,648,788,1436
00256300,UNION COLLEGE                           ,NE,68506-4387,Private      ,3,2,5,730,268,998
00256500,UNIVERSITY OF NEBRASKA-LINCOLN          ,NE,68588-0419,Public       ,42,58,100,13464,4634,18098
00256596,UNIVERSITY OF NEBRASKA - CURTIS         ,NE,69025-9522,Public       ,1,0,1,230,26,256
00256600,WAYNE STATE COLLEGE                     ,NE,68787-1172,Public       ,3,30,33,2479,845,3324
00256700,YORK COLLEGE                            ,NE,68467-2699,Private      ,1,0,1,433,84,517
00443100,MARY LANNING MEM HOSP SCH RAD TECH      ,NE,68901-4497,Private      ,0,0,0,11,6,17
00443600,REGNL WST MEDCL CTR SCHL RAD            ,NE,69361-0000,Private      ,0,0,0,11,11,22
00458608,KAPLAN UNIVERSITY - OMAHA               ,NE,68134-1002,Proprietary  ,25,129,154,237,1264,1501
00458609,KAPLAN UNIVERSITY - LINCOLN             ,NE,68508-2668,Proprietary  ,13,79,92,226,917,1143
00639900,BRYANLGH COLLEGE OF HEALTH SCIENCES     ,NE,68506-1398,Private      ,1,2,3,244,218,462
00640400,NEBR METHODIST CLG OF NURS ALLD HLTH    ,NE,68114-2852,Private      ,6,7,13,389,475,864
00689500,UNIVERSITY OF NEBRASKA-MED CTR          ,NE,68198-4265,Public       ,0,3,3,538,1987,2525
00750100,VATTEROTT COLLEGE                       ,NE,68137-1237,Proprietary  ,5,52,57,233,1029,1262
00849200,ALEGENT HEALTH SCHOOLS                  ,NE,68114-2767,Private      ,0,1,1,39,70,109
00952300,BAHNER COLLEGE OF HAIRSTYLING           ,NE,68025-3297,Proprietary  ,3,0,3,64,27,91
00961700,CAPITOL BEAUTY SCHOOL                   ,NE,68144-3873,Proprietary  ,4,4,8,113,82,195
00974300,BELLEVUE UNIVERSITY                     ,NE,68005-0000,Private      ,18,365,383,740,6214,6954
00986200,CLARKSON COLLEGE                        ,NE,68131-2739,Private      ,1,6,7,437,571,1008
01151900,JOSEPH'S COLLEGE OF BEAUTY/ALL CAMPUSES ,NE,68510-2226,Proprietary  ,12,27,39,213,343,556
01166700,NORTHEAST COMMUNITY COLLEGE             ,NE,68702-0000,Public       ,10,29,39,1470,1031,2501
01258600,METROPOLITAN COMMUNITY COLLEGE          ,NE,68103-0000,Public       ,18,94,112,3219,6967,10186
01297600,NEBRASKA CHRISTIAN COLLEGE              ,NE,68046-4256,Private      ,1,0,1,155,34,189
02079700,COLLEGE OF HAIR DESIGN                  ,NE,68508-0000,Proprietary  ,8,8,16,159,149,308
02099500,CENTRAL COMMUNITY COLLEGE- GI           ,NE,68801-0000,Public       ,4,34,38,522,1036,1558
02099501,CENTRAL COMMUNITY COLLEGE - HASTINGS    ,NE,68902-0000,Public       ,4,17,21,831,571,1402
02099502,CENTRAL COMMUNITY COLLEGE - COLUMBUS    ,NE,68602-0000,Public       ,5,16,21,402,422,824
02508300,SOUTHEAST COMM. COLLEGE-ALL CAMPUSES    ,NE,68520-0000,Public       ,26,39,65,4335,3930,8265
02550800,NEBRASKA INDIAN COMMUNITY COLLEGE       ,NE,68039-0000,Public       ,0,5,5,16,117,133
02610500,XENON INTERNATIONAL ACADEMY II          ,NE,68127-3522,Proprietary  ,20,7,27,236,139,375
03023300,VATTEROTT COLLEGE                       ,NE,68137-1237,Proprietary  ,0,0,0,4,9,13
03127300,OMAHA SCHOOL OF MASSAGE THERAPY         ,NE,68127-5002,Proprietary  ,0,0,0,65,101,166
03164300,THE CREATIVE CENTER                     ,NE,68164-2911,Proprietary  ,0,0,0,125,26,151
03279300,MYOTHERAPY INSTITUTE                    ,NE,68516-3641,Proprietary  ,0,0,0,38,38,76
03323300,LITTLE PRIEST TRIBAL COLLEGE            ,NE,68071-0000,Private      ,0,4,4,22,103,125
03821400,UNIVERSAL COLLEGE OF HEALING ARTS       ,NE,68112-1810,Proprietary  ,1,2,3,12,43,55
00256800,UNIVERSITY OF NEVADA RENO               ,NV,89557-0002,Public       ,40,34,74,5942,3523,9465
00256900,UNIVERSITY OF NEVADA-LAS VEGAS          ,NV,89154-1001,Public       ,101,235,336,9284,10610,19894
00697700,GREAT BASIN COLLEGE                     ,NV,89801-3348,Public       ,4,6,10,414,788,1202
00736700,MARINELLO SCHOOLS OF BEAUTY             ,NV,89110-3563,Proprietary  ,15,58,73,131,398,529
00737100,MARINELLO SCHOOL OF BEAUTY              ,NV,89502-5982,Proprietary  ,10,7,17,42,85,127
00919200,SIERRA NEVADA COLLEGE                   ,NV,89451-0000,Private      ,3,41,44,219,496,715
01036200,COLLEGE OF SOUTHERN NEVADA              ,NV,89146-1139,Public       ,116,349,465,4648,9954,14602
01036300,WESTERN NEVADA COLLEGE                  ,NV,89703-0000,Public       ,9,38,47,580,1345,1925
01323200,ACADEMY OF HAIR DESIGN                  ,NV,89102-0000,Proprietary  ,16,19,35,128,203,331
02097100,SOUTHERN NEVADA UNIV OF COSMETOLOGY     ,NV,89121-0000,Proprietary  ,0,0,0,5,8,13
02107700,TRUCKEE MEADOWS COMMUNITY CLG           ,NV,89512-0000,Public       ,38,94,132,1837,3303,5140
02237500,EVEREST COLLEGE                         ,NV,89103-0000,Proprietary  ,33,102,135,358,923,1281
02338509,NEVADA CAREER INSTITUTE                 ,NV,89121-0000,Proprietary  ,1,3,4,84,341,425
02361001,ITT TECHNICAL INSTITUTE                 ,NV,89014-0000,Proprietary  ,32,77,109,442,899,1341
02616703,SCOTTSDALE CULINARY INSTITUTE - LE CORDO,NV,89144-7047,Proprietary  ,2,6,8,83,170,253
02621500,CAREER COLLEGE OF NORTHERN NEVADA       ,NV,89434-7905,Proprietary  ,13,42,55,132,509,641
03030603,UTAH CLG OF MASSAGE THERAPY-NSMT        ,NV,89123-0000,Proprietary  ,23,62,85,180,495,675
03031405,INTERNATIONAL ACADEMY OF DESIGN AND TECH,NV,89074-7750,Proprietary  ,8,10,18,204,294,498
03043200,KAPLAN COLLEGE                          ,NV,89102-8618,Proprietary  ,24,81,105,200,687,887
03076404,HIGH-TECH INSTITUTE - LAS VEGAS         ,NV,89102-4514,Proprietary  ,1,2,3,11,9,20
03084600,THE ART INSTITUTE OF LAS VEGAS          ,NV,89074-7737,Proprietary  ,25,26,51,1068,1285,2353
03088200,CARSON CITY BEAUTY ACADEMY              ,NV,89706-0000,Proprietary  ,2,19,21,29,118,147
03110000,ACADEMY OF HEALING ARTS                 ,NV,89106-4031,Proprietary  ,33,138,171,184,696,880
03232305,COMPUTER-ED INSTITUTE -                 ,NV,89014-6398,Proprietary  ,0,0,0,25,41,66
03232306,EUPHORIA INSTITUTE - SUMMERLIN          ,NV,89117-8803,Proprietary  ,11,10,21,125,188,313
03232307,EUPHORIA INSTITUTE - GREEN VALLEY       ,NV,89052-4964,Proprietary  ,5,17,22,94,192,286
03787300,EXPERTISE SCHOOL OF BEAUTY              ,NV,89106-2516,Private      ,4,20,24,36,166,202
03838500,NORTHWEST HEALTH CAREERS                ,NV,89128-0000,Proprietary  ,4,20,24,34,157,191
03975300,INSTITUTE OF PROFESSIONAL CAREERS       ,NV,89119-7825,Proprietary  ,2,1,3,26,56,82
04065300,UNIVERSITY OF SOUTHERN NEVADA           ,NV,89014-2333,Private      ,0,5,5,114,976,1090
04114300,NEVADA STATE COLLEGE                    ,NV,89002-9455,Public       ,7,17,24,486,877,1363
00257200,COLBY-SAWYER COLLEGE                    ,NH,03257-4648,Private      ,0,0,0,1518,45,1563
00257300,DARTMOUTH COLLEGE                       ,NH,03755-3529,Private      ,7,3,10,6710,1680,8390
00257500,FRANKLIN PIERCE UNIVERSITY              ,NH,03461-0060,Private      ,6,14,20,2848,876,3724
00257900,NEW ENGLAND COLLEGE                     ,NH,03242-3293,Private      ,2,18,20,1343,518,1861
00258000,SOUTHERN NEW HAMPSHIRE UNIVERSITY       ,NH,03106-1045,Private      ,11,92,103,3299,3298,6597
00258100,NHTI  - CONCORD'S COMMUNITY COLLEGE     ,NH,03301-7412,Public       ,11,15,26,1789,1140,2929
00258200,MANCHESTER COMMUNITY COLLEGE            ,NH,03102-8518,Public       ,6,6,12,727,786,1513
00258202,NEW HAMPSHIRE COMMUNITY TECHNICAL COLLEG,NH,03038-0000,Public       ,0,2,2,5,6,11
00258204,HEW HAMPSHIRE COMMUNITY TECHNICAL COLLEG,NH,03803-2807,Public       ,0,0,0,6,7,13
00258300,GREAT BAY COMMUNITY COLLEGE             ,NH,03885-0000,Public       ,1,6,7,509,608,1117
00258600,RIVIER COLLEGE                          ,NH,03060-5086,Private      ,4,32,36,1271,776,2047
00258700,SAINT ANSELM COLLEGE                    ,NH,03102-1310,Private      ,1,1,2,3302,54,3356
00258900,UNIVERSITY OF NEW HAMPSHIRE             ,NH,03824-2511,Public       ,11,7,18,15895,2671,18566
00259000,KEENE STATE COLLEGE                     ,NH,03431-0000,Public       ,7,1,8,5810,512,6322
00259100,PLYMOUTH STATE UNIVERSITY               ,NH,03264-1595,Public       ,6,5,11,5565,790,6355
00301004,ANTIOCH UNIVERSITY                      ,NH,03431-0000,Private      ,0,2,2,2,812,814
00472900,HESSER COLLEGE                          ,NH,03103-7230,Proprietary  ,18,69,87,929,1144,2073
00472901,HESSER COLLEGE - NASHUA CAMPUS          ,NH,03063-1286,Proprietary  ,7,25,32,194,548,742
00472904,HESSER COLLEGE - PORTSMOUTH CAMPUS      ,NH,03801-3245,Proprietary  ,4,30,34,185,546,731
00472905,HESSER COLLEGE - SALEM CAMPUS           ,NH,03079-2842,Proprietary  ,14,34,48,290,661,951
00472906,HESSER COLLEGE - CONCORD CAMPUS         ,NH,03301-3415,Proprietary  ,7,27,34,110,452,562
00473000,MCINTOSH COLLEGE INC                    ,NH,03820-3990,Proprietary  ,4,3,7,855,644,1499
00473100,DANIEL WEBSTER COLLEGE                  ,NH,03063-1300,Proprietary  ,1,4,5,1114,234,1348
00473300,CHESTER COLLEGE OF NEW ENGLAND          ,NH,03036-4331,Private      ,0,0,0,261,36,297
00529100,WHITE MOUNTAINS COMMUNITY COLLEGE       ,NH,03570-3799,Public       ,3,3,6,260,475,735
00529101,N.H.COMM TECH COLLEGE - LACONIA         ,NH,03246-0000,Public       ,0,0,0,7,5,12
00702500,LEBANON COLLEGE                         ,NH,03766-0000,Private      ,3,1,4,25,33,58
00755500,LAKES REGION COMMUNITY COLLEGE          ,NH,03246-1326,Public       ,1,9,10,456,377,833
00756000,RIVER VALLEY COMMUNITY COLLEGE          ,NH,03743-9707,Public       ,3,4,7,230,503,733
00849300,CONTINENTAL ACADEMIE OF HAIR DESIGN     ,NH,03103-4901,Proprietary  ,0,0,0,21,12,33
00864500,EMPIRE BEAUTY SCHOOL                    ,NH,03220-0000,Proprietary  ,9,14,23,141,141,282
00923600,NASHUA COMMUNITY COLLEGE                ,NH,03063-2052,Public       ,3,14,17,597,523,1120
01318900,CONTINENTAL ACADEMIE OF HAIR DESIGN     ,NH,03051-3754,Proprietary  ,2,0,2,43,13,56
02097900,FRANKLIN PIERCE LAW CENTER              ,NH,03301-0000,Private      ,0,1,1,14,652,666
02140400,ST JOSEPH SCH OF PRAC NRSG              ,NH,03060-0000,Private      ,2,5,7,41,110,151
02174800,MICHAEL'S SCHOOL OF HAIR DESIGN & ESTHET,NH,03110-0000,Proprietary  ,3,3,6,81,64,145
02179600,EMPIRE BEAUTY SCHOOL                    ,NH,03878-0000,Proprietary  ,9,30,39,129,182,311
02211600,PORTSMOUTH BTY SCH OF HAIR DESIGN       ,NH,03801-4084,Proprietary  ,0,1,1,19,19,38
02245400,KEENE BEAUTY ACADEMY                    ,NH,03431-0000,Proprietary  ,2,6,8,38,36,74
02247000,NEW ENGLAND SCHOOL OF HAIR DESIGN       ,NH,03784-0000,Proprietary  ,4,9,13,41,48,89
02300200,CONCORD ACADEMY OF HAIR DESIGN          ,NH,03301-0000,Proprietary  ,0,0,0,7,11,18
03043100,THOMAS MORE COLLEGE OF LIBERAL ARTS     ,NH,03054-4818,Private      ,0,0,0,105,6,111
03101300,GRANITE STATE COLLEGE                   ,NH,03301-6400,Public       ,0,14,14,169,1196,1365
03182300,NEW HAMPSHIRE INSTITUTE OF ART          ,NH,03104-4858,Private      ,1,1,2,356,54,410
03305300,SECOND START                            ,NH,03301-5706,Private      ,0,0,0,2,6,8
03437300,UPPER VALLEY TEACHER TRANING PROGRAM    ,NH,03766-1358,Private      ,0,0,0,2,30,32
03729300,NH INSTITUTE FOR THERAPEUTIC ARTS       ,NH,03051-4906,Proprietary  ,0,2,2,11,44,55
00267000,BAPTIST BIBLE COLG OF PENNSYLVANIA      ,PA,18411-1297,Private      ,0,5,5,738,162,900
00322800,BRYN ATHYN COLLEGE OF THE NEW CHURCH    ,PA,19009-0717,Private      ,2,0,2,82,5,87
00322900,ALBRIGHT COLLEGE                        ,PA,19612-5234,Private      ,3,24,27,2956,802,3758
00323000,ALLEGHENY COLLEGE                       ,PA,16335-3902,Private      ,4,1,5,3278,66,3344
00323100,COMM CLG OF ALLEGHENY-ALLEGHENY CMP     ,PA,15212-0000,Public       ,18,110,128,2115,3847,5962
00323101,"COMM CLG OF ALLEGHENY, BOYCE CAMPUS     ",PA,15146-0000,Public       ,10,38,48,1183,1709,2892
00323102,"COMM CLG OF ALLEGHENY, NORTH CAMPUS     ",PA,15237-0000,Public       ,12,37,49,976,975,1951
00323103,"COMM CLG OF ALLEGHENY, SOUTH CAMPUS     ",PA,15122-0000,Public       ,14,35,49,1455,1890,3345
00323300,ALVERNIA UNIVERSITY                     ,PA,19607-1799,Private      ,7,24,31,1688,1294,2982
00323500,ARCADIA UNIVERSITY                      ,PA,19038-3295,Private      ,6,18,24,3465,1486,4951
00323700,BRYN MAWR COLLEGE                       ,PA,19010-2899,Private      ,0,0,0,1316,484,1800
00323800,BUCKNELL UNIVERSITY                     ,PA,17837-2122,Private      ,2,1,3,4807,132,4939
00323900,BUCKS COUNTY COMMUNITY COLLEGE          ,PA,18940-1320,Public       ,34,66,100,2616,2143,4759
00324000,BUTLER COUNTY COMMUNITY COLLEGE         ,PA,16001-0000,Public       ,12,46,58,1431,1502,2933
00324100,CABRINI COLLEGE                         ,PA,19087-3698,Private      ,3,109,112,2670,1098,3768
00324200,CARNEGIE MELLON UNIVERSITY              ,PA,15213-3890,Private      ,6,11,17,8142,922,9064
00324201,CARNEGIE MELLON UNIV- THE HEINZ SCH     ,PA,15213-0000,Private      ,0,6,6,441,469,910
00324202,CARNEGIE MELLON- TEPPER SCHOOL OF BUSINE,PA,15213-0000,Private      ,0,3,3,14,596,610
00324300,CEDAR CREST COLLEGE                     ,PA,18104-6196,Private      ,6,21,27,1300,1057,2357
00324400,CHATHAM UNIVERSITY                      ,PA,15232-2826,Private      ,2,18,20,661,1142,1803
00324500,CHESTNUT HILL COLLEGE                   ,PA,19118-2693,Private      ,1,30,31,1326,1292,2618
00324700,MISERICORDIA  UNIVERSITY                ,PA,18612-1008,Private      ,3,10,13,1787,836,2623
00324900,COMMUNITY COLLEGE OF PHILADELPHIA       ,PA,19130-3991,Public       ,117,382,499,9202,14458,23660
00325100,CURTIS INSTITUTE OF MUSIC               ,PA,19103-6187,Private      ,0,0,0,224,84,308
00325200,DELAWARE VALLEY COLLEGE                 ,PA,18901-2697,Private      ,6,10,16,2122,301,2423
00325300,DICKINSON COLLEGE                       ,PA,17013-2896,Private      ,4,0,4,2955,43,2998
00325400,DICKINSON SCHOOL OF LAW                 ,PA,17013-2899,Private      ,0,2,2,34,1458,1492
00325600,DREXEL UNIVERSITY                       ,PA,19104-2875,Private      ,23,194,217,16071,11174,27245
00325800,DUQUESNE UNIVERSITY                     ,PA,15282-0001,Private      ,12,62,74,6550,3860,10410
00325900,EASTERN UNIVERSITY                      ,PA,19087-3696,Private      ,1,30,31,2122,2114,4236
00325908,EASTERN BAPTIST THEOLGCL SEMINARY       ,PA,19096-0000,Private      ,0,0,0,1,101,102
00326200,ELIZABETHTOWN COLLEGE                   ,PA,17022-2298,Private      ,1,0,1,2770,318,3088
00326300,EVANGELICAL SCHOOL OF THEOLOGY          ,PA,17067-0000,Private      ,0,0,0,0,96,96
00326500,FRANKLIN & MARSHALL COLLEGE             ,PA,17604-0000,Private      ,1,0,1,2458,53,2511
00326600,GANNON UNIVERSITY                       ,PA,16541-0001,Private      ,4,9,13,3268,1266,4534
00326700,GENEVA COLLEGE                          ,PA,15010-3599,Private      ,2,6,8,1746,899,2645
00326800,GETTYSBURG COLLEGE                      ,PA,17325-1486,Private      ,1,0,1,3834,55,3889
00326900,GROVE CITY COLLEGE                      ,PA,16127-0000,Private      ,1,0,1,1787,30,1817
00327000,GWYNEDD-MERCY COLLEGE                   ,PA,19437-0901,Private      ,7,15,22,1571,1144,2715
00327200,HARCUM COLLEGE                          ,PA,19010-3476,Private      ,2,5,7,536,766,1302
00327300,HARRISBURG AREA COMMUNITY COLLEGE       ,PA,17110-2999,Public       ,94,271,365,6799,10072,16871
00327400,HAVERFORD COLLEGE                       ,PA,19041-1392,Private      ,0,0,0,1760,15,1775
00327500,HOLY FAMILY UNIVERSITY                  ,PA,19114-2094,Private      ,0,24,24,1734,1832,3566
00327600,IMMACULATA UNIVERSITY                   ,PA,19345-0647,Private      ,4,68,72,1277,1469,2746
00327700,INDIANA UNIVERSITY OF PENNSYLVANIA      ,PA,15705-1097,Public       ,122,90,212,11734,3425,15159
00327900,JUNIATA COLLEGE                         ,PA,16652-2196,Private      ,0,1,1,1920,81,2001
00328000,KEYSTONE COLLEGE                        ,PA,18440-0200,Private      ,3,19,22,1613,761,2374
00328200,KINGS COLLEGE                           ,PA,18711-0801,Private      ,6,12,18,2690,425,3115
00328300,LACKAWANNA COLLEGE                      ,PA,18509-9961,Private      ,10,8,18,1313,741,2054
00328400,LAFAYETTE COLLEGE                       ,PA,18042-1768,Private      ,2,1,3,3207,48,3255
00328500,LANCASTER BIBLE COLLEGE                 ,PA,17601-5036,Private      ,1,3,4,570,291,861
00328600,LANCASTER THEOLOGICAL SEMINARY          ,PA,17603-0000,Private      ,0,0,0,1,110,111
00328700,LASALLE UNIVERSITY                      ,PA,19141-1199,Private      ,10,64,74,4801,2649,7450
00328800,LEBANON VALLEY COLLEGE                  ,PA,17003-1400,Private      ,0,1,1,2380,182,2562
00328900,LEHIGH UNIVERSITY                       ,PA,18015-1588,Private      ,3,8,11,7262,593,7855
00329000,LINCOLN UNIVERSITY                      ,PA,19352-0999,Public       ,10,8,18,3353,1049,4402
00329100,LUTHERAN THEOLOG SEMINARY-GETTYSBRG     ,PA,17325-0000,Private      ,0,0,0,0,150,150
00329200,LUTHERAN THEOLOGICAL SEMINARY           ,PA,19119-0000,Private      ,0,3,3,0,211,211
00329300,LYCOMING COLLEGE                        ,PA,17701-5192,Private      ,0,0,0,1915,83,1998
00329400,MANOR COLLEGE                           ,PA,19046-3399,Private      ,4,6,10,530,485,1015
00329600,MARYWOOD UNIVERSITY                     ,PA,18509-1598,Private      ,4,20,24,2301,1549,3850
00329700,MERCYHURST COLLEGE                      ,PA,16546-0001,Private      ,7,18,25,4207,1450,5657
00329800,MESSIAH COLLEGE                         ,PA,17027-0800,Private      ,6,2,8,3223,122,3345
00330000,MOORE COLLEGE OF ART & DESIGN           ,PA,19103-1179,Private      ,1,2,3,661,197,858
00330100,MORAVIAN COLLEGE                        ,PA,18018-6650,Private      ,1,1,2,2069,219,2288
00330101,MORAVIAN THEOLOGICAL SEMINARY           ,PA,18018-0000,Private      ,0,0,0,12,68,80
00330200,MOUNT ALOYSIUS COLLEGE                  ,PA,16630-1999,Private      ,10,20,30,1212,847,2059
00330300,CARLOW COLLEGE                          ,PA,15213-3165,Private      ,1,16,17,1223,1639,2862
00330400,MUHLENBERG COLLEGE                      ,PA,18104-5586,Private      ,2,6,8,2796,236,3032
00330600,VALLEY FORGE CHRISTIAN COLLEGE          ,PA,19460-2399,Private      ,0,2,2,825,208,1033
00330900,PEIRCE COLLEGE                          ,PA,19102-4699,Private      ,6,71,77,288,2226,2514
00331100,PENNSYLVANIA COLLEGE OF OPTOMETRY       ,PA,19027-1598,Private      ,0,0,0,18,817,835
00331300,WIDENER UNIVERSITY                      ,PA,19013-5792,Private      ,2,12,14,3820,2043,5863
00331302,WIDENER UNIV SCH OF LAW- HARRISBURG     ,PA,17106-9381,Private      ,0,0,0,7,730,737
00331500,BLOOMSBURG UNIVERSITY OF PA             ,PA,17815-1301,Public       ,17,9,26,9235,1618,10853
00331600,CALIFORNIA UNIV OF PENNSYLVANIA         ,PA,15419-1394,Public       ,13,39,52,5924,3706,9630
00331700,CHEYNEY UNIVERSITY OF PENNSYLVANIA      ,PA,19319-0200,Public       ,20,18,38,2025,794,2819
00331800,CLARION UNIVERSITY OF PENNSYLVANIA      ,PA,16214-1232,Public       ,11,13,24,5345,1932,7277
00332000,EAST STROUDSBURG UNIVERSITY             ,PA,18301-2999,Public       ,14,27,41,6779,1391,8170
00332100,EDINBORO UNIVERSITY OF PENNSYLVANIA     ,PA,16444-0001,Public       ,19,44,63,5582,2971,8553
00332200,KUTZTOWN UNIVERSITY OF PENNSYLVANIA     ,PA,19530-9339,Public       ,15,14,29,9514,1616,11130
00332300,LOCK HAVEN UNIV OF PENNSYLVANIA         ,PA,17745-2439,Public       ,41,27,68,5471,1135,6606
00332400,MANSFIELD UNIVERSITY                    ,PA,16933-1123,Public       ,24,33,57,2833,1085,3918
00332500,MILLERSVILLE UNIVERSITY OF PA           ,PA,17551-1800,Public       ,10,8,18,7461,1760,9221
00332600,SHIPPENSBURG UNIVERSITY                 ,PA,17257-2299,Public       ,14,29,43,6870,1312,8182
00332700,SLIPPERY ROCK UNIVERSITY                ,PA,16057-1326,Public       ,17,36,53,7397,1892,9289
00332800,WEST CHESTER UNIVERSITY                 ,PA,19383-0001,Public       ,84,43,127,12142,2904,15046
00332900,PENN STATE UNIVERSITY                   ,PA,16802-1503,Public       ,475,299,774,63368,15753,79121
00332901,PENN STATE UNIV-HERSHEY MEDCL CTR       ,PA,17033-0000,Public       ,0,2,2,53,1048,1101
00335000,UNIVERSITY OF THE ARTS (THE)            ,PA,19102-9493,Private      ,2,3,5,3006,535,3541
00335100,PHILADELPHIA BIBLICAL UNIVERSITY        ,PA,19047-2942,Private      ,3,3,6,868,517,1385
00335200,PHILADELPHIA CLG OSTEOPATHIC MED        ,PA,19131-0000,Private      ,0,7,7,7,2448,2455
00335300,UNIVERSITY OF THE SCIENCES IN PHILADELPH,PA,19104-4495,Private      ,2,4,6,3241,791,4032
00335400,PHILADELPHIA UNIVERSITY                 ,PA,19144-5497,Private      ,3,15,18,3669,823,4492
00335600,PITTSBURGH THEOLOGICAL SEMINARY         ,PA,15206-0000,Private      ,0,0,0,4,213,217
00335700,POINT PARK UNIVERSITY                   ,PA,15222-1912,Private      ,5,26,31,2710,2122,4832
00335800,REFORMED PRESBYTERIAN THEOL SEMINAR     ,PA,15208-0000,Private      ,0,0,0,0,24,24
00335900,ROBERT MORRIS UNIVERSITY                ,PA,15108-1189,Private      ,13,71,84,3548,1994,5542
00336000,ROSEMONT COLLEGE                        ,PA,19010-1699,Private      ,2,15,17,410,490,900
00336200,SETON HILL UNIVERSITY                   ,PA,15601-1599,Private      ,4,8,12,1661,799,2460
00336400,ST. CHARLES BORROMEO SEMINARY           ,PA,19096-0000,Private      ,0,1,1,32,52,84
00336600,SAINT FRANCIS UNIVERSITY                ,PA,15940-0600,Private      ,3,18,21,1773,556,2329
00336700,SAINT JOSEPH'S UNIVERSITY               ,PA,19131-1395,Private      ,10,88,98,5746,1756,7502
00336800,ST VINCENT COLLEGE                      ,PA,15650-2690,Private      ,2,4,6,2052,298,2350
00336900,SUSQUEHANNA UNIVERSITY                  ,PA,17870-1001,Private      ,2,1,3,2492,81,2573
00337000,SWARTHMORE COLLEGE                      ,PA,19081-1397,Private      ,4,0,4,2637,33,2670
00337100,TEMPLE UNIV - MAIN CAMPUS               ,PA,19122-6003,Private      ,61,71,132,24746,6811,31557
00337101,TEMPLE UNIV - SCHOOL OF LAW             ,PA,19122-0000,Private      ,0,7,7,59,2297,2356
00337102,TEMPLE UNIV - SCHOOL OF MEDICINE        ,PA,19140-0000,Private      ,1,3,4,86,1160,1246
00337103,TEMPLE UNIV - SCHOOL OF DENTISTRY       ,PA,19140-0000,Private      ,0,1,1,13,580,593
00337104,TEMPLE UNIV - AMBLER CAMPUS             ,PA,19002-0000,Private      ,4,7,11,796,594,1390
00337105,TEMPLE UNIV - SCH OF ALLIED HEALTH      ,PA,19140-0000,Private      ,0,3,3,342,408,750
00337106,TEMPLE UNIV - SCHOOL OF PHARMACY        ,PA,19140-0000,Private      ,0,4,4,290,656,946
00337107,TEMPLE UNIV - TYLER SCHOOL OF ART       ,PA,19122-0000,Private      ,0,0,0,756,268,1024
00337108,TEMPLE UNIV - GRAD DIV HEALTH SCI       ,PA,19140-0000,Private      ,0,1,1,40,379,419
00337109,TEMPLE UNIV - GRADUATE DIVISION         ,PA,19122-0000,Private      ,1,22,23,120,2632,2752
00337111,TEMPLE UNIV-SCH OF PODIATRIC MED        ,PA,19107-0000,Private      ,0,0,0,14,324,338
00337600,THIEL COLLEGE                           ,PA,16125-2181,Private      ,4,1,5,1501,138,1639
00337800,UNIVERSITY OF PENNSYLVANIA              ,PA,19104-6216,Private      ,15,55,70,12429,10618,23047
00337900,UNIVERSITY OF PITTSBURGH                ,PA,15260-0000,Public       ,47,169,216,23277,9527,32804
00337906,UNIVERSITY OF PITTSBURGH - SCHOOL OF MED,PA,15261-0001,Public       ,0,1,1,38,900,938
00337907,UNIVERSITY OF PITTSBURGH - SCHOOL OF DEN,PA,15261-2523,Public       ,0,0,0,21,353,374
00338400,UNIVERSITY OF SCRANTON                  ,PA,18510-4622,Private      ,2,77,79,5937,1709,7646
00338500,URSINUS COLLEGE                         ,PA,19426-2562,Private      ,0,0,0,2797,80,2877
00338600,VALLEY FORGE MILITARY COLLEGE           ,PA,19087-3695,Private      ,1,0,1,179,13,192
00338800,VILLANOVA UNIVERSITY                    ,PA,19085-1699,Private      ,3,23,26,9862,1669,11531
00338801,VILLANOVA UNIV SCH OF LAW               ,PA,19085-0000,Private      ,0,1,1,26,1294,1320
00338900,WASHINGTON & JEFFERSON COLLEGE          ,PA,15301-4801,Private      ,1,0,1,2526,44,2570
00339100,WAYNESBURG UNIVERSITY                   ,PA,15370-1222,Private      ,4,19,23,1876,847,2723
00339200,WESTMINSTER COLLEGE                     ,PA,16172-0002,Private      ,2,1,3,1711,114,1825
00339300,WESTMINSTER THEOLOGICAL SEMINARY        ,PA,19038-0000,Private      ,0,1,1,4,274,278
00339400,WILKES UNIVERSITY                       ,PA,18766-0998,Private      ,5,8,13,3077,830,3907
00339500,PENNSYLVANIA COLLEGE OF TECHNOLOGY      ,PA,17701-5779,Public       ,14,6,20,5487,2074,7561
00339600,WILSON COLLEGE                          ,PA,17201-1285,Private      ,3,4,7,367,371,738
00339900,YORK COLLEGE OF PENNSYLVANIA            ,PA,17405-7199,Private      ,5,10,15,5735,994,6729
00398600,DESALES UNIVERSITY                      ,PA,18034-9568,Private      ,4,26,30,2092,995,3087
00398700,LA ROCHE COLLEGE                        ,PA,15237-5898,Private      ,2,7,9,1092,399,1491
00398800,NEUMANN COLLEGE                         ,PA,19014-1298,Private      ,5,25,30,2638,971,3609
00405800,GRATZ COLLEGE                           ,PA,19027-3097,Private      ,0,5,5,3,125,128
00445200,MONTGOMERY COUNTY COMMUNITY COLLEGE     ,PA,19422-6300,Public       ,38,101,139,2856,3141,5997
00488700,BRANDYWINE SCHOOL OF NURSING            ,PA,19320-1536,Proprietary  ,0,2,2,36,78,114
00488900,CAMBRIA-ROWE BUSINESS COLLEGE           ,PA,15902-2494,Proprietary  ,12,25,37,203,337,540
00489000,CENTRAL PENNSYLVANIA COLLEGE            ,PA,17093-0309,Proprietary  ,4,5,9,974,767,1741
00489300,DU BOIS BUSINESS COLLEGE                ,PA,15801-2401,Proprietary  ,2,4,6,218,288,506
00489400,ERIE BUSINESS CENTER                    ,PA,16501-1305,Proprietary  ,6,31,37,114,523,637
00489401,ERIE BUSINESS CENTER SOUTH              ,PA,16101-0000,Proprietary  ,2,8,10,32,113,145
00489800,MCCANN SCHOOL OF BUSINESS & TECHNOL     ,PA,17901-1335,Proprietary  ,41,146,187,931,2200,3131
00489900,MERCY HOSP SCH OF NURSING               ,PA,15219-5166,Private      ,0,0,0,90,83,173
00490100,NEWPORT BUSINESS INSTITUTE              ,PA,15068-3929,Proprietary  ,1,6,7,37,81,118
00490200,PENN COMMERCIAL BUSINESS/TECHNICAL SCHL ,PA,15301-2871,Proprietary  ,1,5,6,283,462,745
00491000,KAPLAN CAREER INSTITUTE                 ,PA,17111-3571,Proprietary  ,11,50,61,216,562,778
00491001,THOMPSON INSTITUTE-PHILADEPHIA CAMPUS   ,PA,19104-3386,Proprietary  ,34,151,185,369,1171,1540
00491400,NEWPORT BUSINESS INSTITUTE              ,PA,17701-5855,Proprietary  ,4,17,21,63,150,213
00500701,WEST VIRGINIA CAREER INSTITUTE          ,PA,15456-0000,Proprietary  ,4,18,22,88,196,284
00531000,PITTSBURGH INST OF AERONAUTICS          ,PA,15236-0000,Private      ,0,2,2,232,127,359
00533000,FAYETTE CNTY AREA VOC TECH PRC NRSG     ,PA,15401-0000,Public       ,0,1,1,27,115,142
00533500,CENTRAL PENN INST OF SCI & TECH PNP     ,PA,16823-0000,Public       ,0,0,0,34,95,129
00534100,UPPER BUCKS CO AREA VOC-TECH SCHOOL     ,PA,18944-0000,Public       ,0,0,0,3,6,9
00536500,YORK CO AREA VOC-TECH SCH-PRAC NSG      ,PA,17402-0000,Public       ,0,3,3,20,139,159
00594200,UPMC PRESBYTERIAN SCH OF RADIOLOGIC     ,PA,15213-2582,Private      ,0,0,0,30,36,66
00594600,SCHOOL OF RADIOLOGIC TECHNOLOGY AT ST. C,PA,19134-1995,Proprietary  ,0,0,0,21,48,69
00653400,CITIZENS SCHOOL OF NURSING              ,PA,15068-6591,Private      ,0,0,0,58,120,178
00653700,CONEMAUGH VLY MEM HOSP SCH NRSNG        ,PA,15905-4398,Private      ,0,2,2,99,131,230
00653702,CONEMAUGH HOSP- SCH HISTOTECHNOLOGY     ,PA,15905-0000,Private      ,0,0,0,5,5,10
00653704,CONEMAUGH VLY MEM HOSP SCH RAD TECH     ,PA,15905-0000,Private      ,0,0,0,29,22,51
00653706,CONEMAUGH VLY MEM HOSP SCH  MED TECH    ,PA,15905-4398,Private      ,0,0,0,8,9,17
00653900,EPISCOPAL HOSPITAL SCHL OF NURSING      ,PA,19125-1000,Private      ,0,0,0,22,191,213
00655100,ST MARGARET SCHL OF NURSING             ,PA,15238-3205,Private      ,1,3,4,76,159,235
00656000,OHIO VALLEY HOSP SCH OF NURSING         ,PA,15136-1694,Private      ,0,1,1,28,46,74
00656500,READING HOSPITAL SCHOOL OF HEALTH SCIENC,PA,19611-1744,Private      ,2,1,3,173,308,481
00657400,"ST LUKE'S HOSPITAL OF BETHLEHEM, PA     ",PA,18015-1065,Private      ,1,1,2,66,134,200
00657600,SEWICKLEY VALLEY HOSP SCH NRSNG         ,PA,15143-1498,Private      ,0,1,1,44,64,108
00657602,HVHS SCHOOL OF RADIOLOGIC TECHNOLOGY    ,PA,15143-0000,Private      ,0,0,0,6,1,7
00657700,UPMC SHADYSIDE SCHOOL OF NURSING        ,PA,15232-1381,Private      ,2,3,5,126,354,480
00657800,SHARON REGIONAL SCHOOL OF NURSING       ,PA,16146-3395,Private      ,0,0,0,16,80,96
00658200,WASHINGTON HOSP SCH OF NURSING          ,PA,15301-3398,Private      ,0,1,1,69,137,206
00658202,WASHINGTON HOSP SCH OF RAD TECH         ,PA,15301-3398,Private      ,0,0,0,17,10,27
00658300,WESTERN PENN HOSP-SCH OF NURSING        ,PA,15224-1790,Private      ,0,1,1,110,138,248
00680700,COMMUNITY COLLEGE OF BEAVER COUNTY      ,PA,15061-2588,Public       ,12,31,43,1099,1209,2308
00681000,LEHIGH CARBON COMMUNITY COLLEGE         ,PA,18078-2598,Public       ,17,48,65,2481,2449,4930
00681100,LUZERNE COUNTY COMMUNITY COLLEGE        ,PA,18634-3899,Public       ,37,72,109,2803,2643,5446
00708700,ABINGTON MEM HOSP SCHL OF NURSING       ,PA,19090-1284,Private      ,0,0,0,92,195,287
00709000,METHODIST HOSPITAL SCH OF NURSING       ,PA,19148-3594,Private      ,0,0,0,7,29,36
00709100,EVEREST INSTITUTE                       ,PA,15222-1320,Proprietary  ,19,80,99,199,936,1135
00711000,DELAWARE COUNTY COMMUNITY COLLEGE       ,PA,19063-1094,Public       ,35,103,138,3220,3811,7031
00719100,NORTHAMPTON COMMUNITY COLLEGE           ,PA,18020-7599,Public       ,28,75,103,3855,3398,7253
00739802,KATHERINE GIBBS-PHILADELPHIA            ,PA,19403-2422,Proprietary  ,0,2,2,117,194,311
00743000,ANTONELLI INST OF ART & PHOTOGRAPHY     ,PA,19038-8242,Proprietary  ,3,0,3,251,24,275
00743600,KAPLAN CAREER INSTITUTE - ICM CAMPUS    ,PA,15222-1977,Proprietary  ,18,82,100,466,1280,1746
00743700,PITTSBURGH TECHNICAL INSTITUTE          ,PA,15071-3205,Proprietary  ,12,8,20,2330,869,3199
00746900,"HUSSIAN SCHOOL OF ART, INC.             ",PA,19106-0000,Proprietary  ,0,0,0,138,18,156
00747000,"ART INSTITUTE OF PITTSBURGH, THE        ",PA,15219-1328,Proprietary  ,158,1101,1259,5853,17568,23421
00752900,CTR ART TCH BRDYWN CMPS PRC NRS PRG     ,PA,19320-2459,Public       ,0,1,1,27,138,165
00775900,LINCOLN TECHNICAL INSTITUTE             ,PA,18104-3298,Proprietary  ,29,73,102,420,638,1058
00777900,LANSDALE SCHOOL OF BUSINESS             ,PA,19454-4148,Proprietary  ,5,21,26,118,370,488
00778000,NEW CASTLE SCHOOL OF TRADES             ,PA,16143-9721,Proprietary  ,14,71,85,278,592,870
00778100,CHI INSTITUTE/RETS CAMPUS               ,PA,19008-3516,Proprietary  ,22,65,87,344,833,1177
00782600,BEREAN INSTITUTE                        ,PA,19130-1526,Private      ,0,0,0,145,151,296
00783200,LINCOLN TECH INSTITUTE                  ,PA,19136-1595,Proprietary  ,58,55,113,596,490,1086
00783900,TRIANGLE TECH                           ,PA,15214-3897,Proprietary  ,23,32,55,276,327,603
00791200,THADDEUS STEVENS CLG OF TECHNOLOGY      ,PA,17602-0000,Public       ,5,3,8,925,242,1167
00791600,FRANKLIN CNTY CAREER & TECH CTR-PNP     ,PA,17201-0000,Public       ,0,1,1,21,37,58
00820000,JAMESON MEMORIAL HOSP SCH NURSING       ,PA,16105-2595,Private      ,0,0,0,42,95,137
00826301,AWARD BEAUTY SCHOOL - CHAMBERSBURG BEAUT,PA,17201-2435,Proprietary  ,0,0,0,0,5,5
00835000,ART INSTITUTE OF PHILADELPHIA           ,PA,19103-5198,Proprietary  ,26,25,51,3770,1982,5752
00844100,ANTHEM INSTITUTE                        ,PA,19064-1243,Proprietary  ,38,83,121,585,1049,1634
00856800,VET TECH INSTITUTE                      ,PA,15222-3400,Proprietary  ,0,0,0,329,132,461
00865300,JEFFERSON CO DUBOIS VOC TECH-PR NSG     ,PA,15851-0000,Public       ,0,0,0,17,57,74
00888900,LEHIGH VALLEY COLLEGE                   ,PA,18034-8447,Proprietary  ,0,0,0,628,584,1212
00895500,PRUONTOS HAIR DESIGN INSTITUTE & BEAUTY ,PA,16602-0000,Proprietary  ,0,1,1,24,36,60
00915705,WYOMING TECHNICAL INSTITUTE - BLAIRSVILL,PA,15717-8060,Proprietary  ,0,0,0,20,10,30
00918600,DEAN INSTITUTE OF TECHNOLOGY            ,PA,15226-1197,Proprietary  ,4,11,15,39,113,152
00944900,PENNCO TECH                             ,PA,19007-0000,Proprietary  ,10,31,41,374,498,872
00966400,EMPIRE BEAUTY SCHOOL                    ,PA,18052-5730,Proprietary  ,15,23,38,184,285,469
00966500,EMPIRE BEAUTY SCHOOL                    ,PA,17109-2210,Proprietary  ,4,16,20,88,227,315
00966600,EMPIRE BEAUTY SCHOOL                    ,PA,19605-2803,Proprietary  ,9,21,30,124,230,354
00972100,BRADFORD SCHOOL                         ,PA,15219-2602,Proprietary  ,0,0,0,575,107,682
00972300,FRANKFORD HOSP SCH OF NURSING           ,PA,19124-2696,Private      ,0,0,0,195,279,474
00973700,UPHS PRESBYTERIAN MC SCH PRACTL NRS     ,PA,19104-2692,Private      ,0,0,0,1,2,3
00978300,GORDON PHILLIPS SCH OF BEAUTY CULT      ,PA,19135-0000,Proprietary  ,23,36,59,280,393,673
00986300,LANCASTER GENERAL COLLEGE OF NURSING AND,PA,17602-4955,Private      ,0,4,4,310,447,757
01000600,GREATER JOHNSTOWN AREA VOC TECH SCH     ,PA,15904-0000,Public       ,1,1,2,65,247,312
01005500,CRAWFORD CNTY AREA VO-TECH PRAC NUR     ,PA,16335-0000,Public       ,0,0,0,9,27,36
01017600,WESTMORELAND COUNTY COMMUNITY CLG       ,PA,15697-1895,Public       ,32,94,126,2176,2789,4965
01038800,READING AREA COMMUNITY COLLEGE          ,PA,19603-1706,Public       ,49,141,190,1567,3027,4594
01054100,EMPIRE BEAUTY SCHOOL                    ,PA,15146-2229,Proprietary  ,11,27,38,189,313,502
01054200,EMPIRE BEAUTY SCHOOL                    ,PA,18701-0000,Proprietary  ,13,29,42,205,238,443
01054300,EMPIRE BEAUTY SCHOOL                    ,PA,17701-3914,Proprietary  ,6,7,13,128,178,306
01081400,PITTSBURGH INST MORTUARY SCIENCE        ,PA,15206-3706,Private      ,3,0,3,75,139,214
01086000,GREATER ALTOONA CAREER/TECH CENTER      ,PA,16602-0000,Public       ,1,1,2,61,152,213
01096300,GREENE COUNTY VOC-TECH SCHOOL           ,PA,15370-0000,Public       ,0,0,0,8,30,38
01097000,EMPIRE BEAUTY SCHOOL                    ,PA,17042-5209,Proprietary  ,2,5,7,24,37,61
01099800,PENNSYLVANIA INSTITUTE OF TECH          ,PA,19063-4098,Private      ,19,48,67,508,952,1460
01102000,EMPIRE BEAUTY SCHOOL                    ,PA,17604-4335,Proprietary  ,1,8,9,51,105,156
01102100,EMPIRE BEAUTY SCHOOL                    ,PA,17402-2862,Proprietary  ,14,40,54,176,440,616
01162100,AUTOMOTIVE TRAINING CENTER              ,PA,19341-1310,Proprietary  ,53,17,70,680,209,889
01162200,WELDER TRAINING & TESTING INST          ,PA,18109-3253,Proprietary  ,2,5,7,27,54,81
01163800,EMPIRE BEAUTY SCHOOL                    ,PA,17876-0000,Proprietary  ,4,4,8,53,69,122
01171500,POTTSVILLE HOSPITAL SCHOOL OF NURSING   ,PA,17901-3692,Private      ,0,1,1,45,48,93
01191900,BEAVER FALLS BEAUTY ACADEMY             ,PA,15010-4208,Proprietary  ,4,10,14,28,50,78
01205000,ROSEDALE TECHNICAL INSTITUTE            ,PA,15205-9791,Private      ,4,7,11,189,162,351
01239300,THOMAS JEFF UNIV-CLG ALLIED HEALTH      ,PA,19107-0000,Private      ,0,3,3,356,811,1167
01239301,JEFFERSON MED CLG-T. JEFFERSON UNIV     ,PA,19107-5587,Private      ,0,3,3,113,1230,1343
01239303,THOMAS JEFFERSON UNIV-GRADUATE COLG     ,PA,19107-0000,Private      ,0,8,8,135,731,866
01246104,LINCOLN TECHNICAL INSTITUTE             ,PA,19104-0202,Proprietary  ,22,76,98,357,842,1199
01246105,LINCOLN TECHNICAL INSTITUTE             ,PA,19116-4202,Proprietary  ,10,26,36,216,405,621
01246106,THE CITTONE INSTITUTE                   ,PA,19462-1326,Proprietary  ,0,0,0,73,133,206
01252300,TALMUDICAL YESHIVA OF PHILA             ,PA,19131-1296,Private      ,0,0,0,27,0,27
01260500,EMPIRE BEAUTY SCHOOL                    ,PA,17331-2405,Proprietary  ,2,5,7,64,72,136
01260600,EMPIRE BEAUTY SCHOOL                    ,PA,17901-2505,Proprietary  ,16,38,54,129,343,472
01260700,EMPIRE BEAUTY SCHOOL                    ,PA,16801-5218,Proprietary  ,3,3,6,21,36,57
01292900,SOUTH HILLS BEAUTY ACADEMY              ,PA,15216-2335,Proprietary  ,2,12,14,39,79,118
01301500,GORDON PHILLIPS SCH BEAUTY CULTURE      ,PA,19102-2701,Proprietary  ,17,52,69,261,531,792
01313400,YESHIVATH BETH MOSHE                    ,PA,18505-2196,Private      ,0,0,0,33,0,33
01321400,ROXBOROUGH MEM HOSP SCH OF NURSING      ,PA,19128-0000,Proprietary  ,0,2,2,49,185,234
01326300,SOUTH HILLS SCH OF BUS & TECHNOLOGY     ,PA,16801-4516,Proprietary  ,2,0,2,494,398,892
01326304,SOUTH HILLS SCHOOL OF BUSINESS & TECHNOL,PA,16602-1188,Proprietary  ,0,0,0,25,24,49
02061000,VENUS BEAUTY ACADEMY                    ,PA,19079-0000,Proprietary  ,10,5,15,78,72,150
02068300,DOUGLAS SCHOOL OF BUSINESS              ,PA,15062-0000,Proprietary  ,10,10,20,260,265,525
02068301,DOUGLAS EDUCATION CENTER - DOUGLAS SCHOO,PA,15062-9901,Proprietary  ,0,2,2,0,2,2
02090200,TRIANGLE TECH                           ,PA,16502-0000,Proprietary  ,10,24,34,138,210,348
02092500,LAUREL TECHNICAL INSTITUTE              ,PA,16146-0000,Proprietary  ,6,19,25,41,163,204
02092502,BUSINESS INSTITUTE OF PENNSYLVANIA      ,PA,16335-0000,Proprietary  ,0,0,0,10,82,92
02107300,PENNSYLVANIA ACADEMY OF FINE ARTS       ,PA,19102-1424,Private      ,0,0,0,191,195,386
02112200,GREAT LAKES INSTITUTE OF TECHNOLOGY     ,PA,16509-0000,Proprietary  ,12,25,37,276,494,770
02114200,JOHNSON COLLEGE                         ,PA,18508-0000,Private      ,1,1,2,357,151,508
02116001,SANFORD-BROWN INSTITUTE - TREVOSE       ,PA,19053-4700,Proprietary  ,78,170,248,474,1379,1853
02118000,LEVITTOWN BEAUTY ACADEMY LLC            ,PA,19054-1713,Proprietary  ,4,4,8,44,48,92
02119300,PA ACAD OF COSMETOLOGY ARTS & SCI       ,PA,15904-0000,Proprietary  ,8,14,22,55,89,144
02119301,PA ACAD OF COSMTLGY ARTS & SCI          ,PA,15801-0000,Proprietary  ,0,0,0,6,1,7
02120800,"YORKTOWNE BUSINESS INSTITUTE, INC.      ",PA,17404-0000,Proprietary  ,5,10,15,95,215,310
02127400,YORK TECHNICAL INSTITUTE                ,PA,17402-0000,Proprietary  ,20,17,37,1194,1116,2310
02129000,TRIANGLE TECH                           ,PA,15601-0000,Proprietary  ,20,35,55,341,366,707
02129001,TRIANGLE TECH - BUSINESS CAREERS INSTITU,PA,15601-3304,Proprietary  ,0,0,0,6,5,11
02144000,"VISION ACADEMY, THE                     ",PA,18103-0000,Proprietary  ,2,1,3,82,111,193
02147800,SCHUYLKILL INST BUSINESS & TECHNLGY     ,PA,17901-0000,Proprietary  ,0,0,0,16,22,38
02149000,EMPIRE BEAUTY SCHOOL                    ,PA,19341-2804,Proprietary  ,8,10,18,114,155,269
02151500,CENTRAL SUSQUEHANNA LPN CENTER          ,PA,17847-0000,Public       ,0,1,1,39,133,172
02153500,OAKBRIDGE ACADEMY OF ARTS               ,PA,15068-0000,Proprietary  ,0,1,1,61,15,76
02158300,JUNIATA-MIFFLIN CO AREA VOC TECH        ,PA,17044-0000,Public       ,0,2,2,22,69,91
02161400,NORTHEASTERN HOSP SCH OF NRSG           ,PA,19134-0000,Private      ,0,1,1,53,127,180
02169600,CLEARFIELD CTY CAREER AND TECH CNTR     ,PA,16830-0000,Public       ,1,0,1,32,99,131
02174400,TRIANGLE TECH                           ,PA,15801-0000,Proprietary  ,32,40,72,374,235,609
02178900,ACADEMY OF HAIR DESIGN                  ,PA,18202-1465,Proprietary  ,6,4,10,12,34,46
02183000,ORLEANS TECHNICAL INSTITUTE             ,PA,19111-0000,Private      ,26,113,139,217,821,1038
02192800,WALNUT HILL COLLEGE                     ,PA,19104-0000,Proprietary  ,8,8,16,506,251,757
02202300,SANFORD-BROWN INSTITUTE                 ,PA,15219-1907,Proprietary  ,22,74,96,385,933,1318
02202301,SANFORD-BROWN INSTITUTE                 ,PA,15146-2141,Proprietary  ,11,44,55,272,614,886
02203900,ERIE INSTITUTE OF TECHNOLOGY            ,PA,16565-1002,Proprietary  ,9,19,28,127,207,334
02206200,AMBLER BEAUTY ACADEMY                   ,PA,19002-0000,Proprietary  ,2,5,7,21,63,84
02206300,STROUDSBURG SCHOOL OF COSMETOLOGY       ,PA,18360-0000,Proprietary  ,0,0,0,17,25,42
02212700,LANCASTER SCHOOL OF COSMETOLOGY         ,PA,17602-0000,Proprietary  ,1,9,10,48,139,187
02213400,PROFESSIONAL SKILLS CAREER ACADEMY      ,PA,16148-0000,Proprietary  ,0,0,0,18,21,39
02234200,ACADEMY OF MEDICAL ARTS & BUSINESS      ,PA,17112-0000,Proprietary  ,4,16,20,122,247,369
02251200,SCHUYLKILL COUNTY AREA VOC TECH SCH     ,PA,17931-0000,Public       ,1,0,1,47,128,175
02251202,SCHUYLKILL COUNTY AREA VOC TECH SCH     ,PA,17931-0000,Public       ,0,4,4,20,42,62
02253900,BERKS TECHNICAL INSTITUTE               ,PA,19610-0000,Proprietary  ,3,15,18,488,665,1153
02255200,PENNSYLVANIA SCHOOL OF BUSINESS         ,PA,18101-1604,Proprietary  ,14,66,80,225,669,894
02269900,PENNSYLVANIA COLLEGE OF ART & DESIGN    ,PA,17603-3528,Private      ,3,0,3,299,49,348
02270500,BUCKS COUNTY SCHOOL OF BEAUTY CULT      ,PA,19053-0000,Proprietary  ,1,2,3,30,42,72
02273400,RECONSTRUCTIONIST RABBINICAL COLLEG     ,PA,19095-0000,Private      ,0,1,1,0,39,39
02276600,HANOVER PUBLIC SCH DIST PRAC NURSG      ,PA,17331-0000,Public       ,0,0,0,14,47,61
02282500,LENAPE SCHOOL OF PRACTICAL NURSING      ,PA,16226-0000,Public       ,0,0,0,32,154,186
02288800,EMPIRE BEAUTY SCHOOL                    ,PA,18974-4508,Proprietary  ,3,8,11,47,67,114
02289500,PACE INSTITUTE                          ,PA,19601-0000,Proprietary  ,5,42,47,58,365,423
02289600,CONSOLIDATED SCHOOL OF BUSINESS         ,PA,17404-0000,Proprietary  ,2,6,8,62,146,208
02289700,ACADEMY OF CREATIVE HAIR DESIGN         ,PA,18702-0000,Proprietary  ,2,3,5,44,50,94
02289800,CHI INSTITUTE - FRANKLIN MILLS          ,PA,19154-0000,Proprietary  ,63,183,246,438,1083,1521
02290400,"ALTOONA BEAUTY SCHOOL, INC              ",PA,16602-0000,Proprietary  ,3,2,5,32,55,87
02292700,LANSDALE SCHOOL OF COSMETOLOGY          ,PA,19446-0000,Proprietary  ,0,0,0,22,37,59
02299300,TRINITY EPISCOPAL SCHOOL MINISTRY       ,PA,15003-0000,Private      ,0,2,2,2,51,53
02301300,PJA SCHOOL (THE)                        ,PA,19082-1917,Proprietary  ,1,20,21,88,369,457
02304400,YTI CAREER INSTITUTE - MECHANICSBURG    ,PA,17055-0000,Proprietary  ,3,7,10,153,317,470
02306200,VENANGO COUNTY AREA VOC TECH SCHOOL     ,PA,16301-0000,Public       ,0,0,0,5,32,37
02310800,LANCASTER COUNTY CAREER & TECH CTR      ,PA,17584-0000,Public       ,2,13,15,131,424,555
02330300,LEBANON CO CAREER & TECHNOLOGY CTR      ,PA,17042-0000,Public       ,0,1,1,31,102,133
02330600,PENNSYLVANIA GUNSMITH SCHOOL            ,PA,15202-0000,Proprietary  ,0,3,3,26,36,62
02350100,WESTERN AREA CAREER & TECHNOLOGY CT     ,PA,15317-0000,Public       ,0,1,1,11,68,79
02350200,INDIANA COUNTY TECH CTR SCH PR NSG      ,PA,15701-1465,Public       ,0,0,0,14,35,49
02353100,NORTHERN TIER CAREER CENTER             ,PA,18848-0000,Public       ,0,0,0,15,43,58
02361002,ITT TECHNICAL INSTITUTE                 ,PA,19406-0000,Proprietary  ,31,53,84,377,460,837
02362300,MERCER COUNTY AREA VOC TECH SCHOOL      ,PA,16137-0000,Public       ,0,5,5,15,80,95
02492500,DELAWARE VLY ACAD MED DNTL ASSTS        ,PA,19114-0000,Proprietary  ,3,13,16,49,179,228
02492600,EASTERN CTR ARTS AND TECH PR NSG        ,PA,19090-0000,Public       ,1,9,10,19,153,172
02495500,ALL-STATE CAREER SCHOOL                 ,PA,19029-0000,Proprietary  ,16,156,172,200,1117,1317
02529800,WILKES BARRE AREA CAREER AND TECHNICAL C,PA,18705-0000,Public       ,1,4,5,50,192,242
02536600,COMMONWEALTH TECH INSTIT @ HIRAM G      ,PA,15905-0000,Public       ,24,9,33,268,151,419
02539900,STAR TECHNICAL INSTITUTE                ,PA,19082-0000,Proprietary  ,6,37,43,56,258,314
02544300,BUTLER BEAUTY SCHOOL                    ,PA,16001-0000,Proprietary  ,14,18,32,65,117,182
02545000,LAWRENCE COUNTY CAREER AND TECHNICAL CEN,PA,16101-0000,Public       ,0,0,0,12,68,80
02546200,LAUREL BUSINESS INSTITUTE               ,PA,15401-0877,Proprietary  ,4,12,16,207,346,553
02550000,CLARION CO AREA VOC-TECH PRAC NRSG      ,PA,16254-0000,Public       ,0,1,1,13,60,73
02554500,HAZLETON AREA CAREER CENTER PRACTICAL NU,PA,18201-0000,Public       ,0,1,1,22,70,92
02557800,ART INSTITUTE OF YORK (THE) - PENNSYLVAN,PA,17402-9012,Proprietary  ,4,0,4,703,248,951
02558701,PRISM CAREER INSTITUTE - PHL CAMPUS     ,PA,19152-0000,Proprietary  ,0,0,0,0,1,1
02566400,ALBERT EINSTEIN MED CTR DEPT DNTL       ,PA,19141-3098,Private      ,0,0,0,2,9,11
02574800,PENNSYLVANIA INSTITUTE OF TAXIDERMY     ,PA,15931-0000,Proprietary  ,0,2,2,10,29,39
02609500,CAREER TRAINING ACADEMY                 ,PA,15068-6308,Proprietary  ,2,12,14,81,235,316
02609501,CAREER TRAINING ACADEMY                 ,PA,15146-0000,Proprietary  ,0,0,0,4,13,17
02615400,STAR TECHNICAL INSTITUTE                ,PA,19114-2204,Proprietary  ,15,64,79,154,558,712
02616100,JEAN MADELINE ED CTR FOR COSM           ,PA,19147-1542,Proprietary  ,6,10,16,332,247,579
03006800,PENNSYLVANIA CULINARY INSTITUTE         ,PA,15222-3511,Proprietary  ,50,149,199,1506,2077,3583
03010800,TRI-STATE BUSINESS INSTITUTE            ,PA,16506-1013,Proprietary  ,98,209,307,655,2035,2690
03011500,ALLIED MEDICAL AND TECHNICAL INSTITUTE  ,PA,18702-0000,Proprietary  ,10,45,55,173,372,545
03011600,ALLIED MEDICAL AND TECHNICAL INSTITUTE  ,PA,18509-2903,Proprietary  ,12,25,37,195,340,535
03029900,CONSOLIDATED SCHOOL OF BUSINESS         ,PA,17603-2389,Proprietary  ,3,8,11,84,199,283
03031600,DPT BUSINESS SCHOOL                     ,PA,19116-3961,Proprietary  ,7,59,66,120,792,912
03031601,DPT BUSINESS SCHOOL                     ,PA,19106-0000,Proprietary  ,8,37,45,112,419,531
03067000,ANTONELLI MEDICAL & PROF INST           ,PA,19464-9244,Proprietary  ,1,5,6,14,62,76
03072400,ALL-STATE CAREER SCHOOL                 ,PA,15122-1000,Proprietary  ,3,24,27,21,197,218
03072600,DCI CAREER INSTITUTE                    ,PA,15061-2307,Proprietary  ,3,15,18,36,216,252
03081900,YTI CAREER INSTITUTE - ALTOONA          ,PA,16602-4457,Proprietary  ,9,13,22,128,312,440
03085200,HARRISON CAREER INSTITUTE               ,PA,19103-5402,Proprietary  ,0,0,0,0,3,3
03090800,LAKE ERIE COLL OF OSTEOPATHIC MED       ,PA,16509-0000,Private      ,0,2,2,154,2441,2595
03098600,CAREER TECH CTR OF LACKAWANNA CNTY      ,PA,18508-0000,Public       ,1,0,1,28,126,154
03101500,BIDWELL TRAINING CENTER                 ,PA,15233-2233,Private      ,4,36,40,19,83,102
03103300,JNA INSTITUTE OF CULINARY ARTS          ,PA,19146-3119,Proprietary  ,1,4,5,43,117,160
03109100,METROPOLITAN CAREER CENTER              ,PA,19144-0000,Private      ,6,21,27,35,178,213
03110700,AVIATION INSTITUTE OF MAINTENANCE       ,PA,19114-1017,Proprietary  ,10,36,46,130,348,478
03120400,REGIONAL CAREER & TECHNICAL CENTER      ,PA,16509-4699,Public       ,0,0,0,2,5,7
03126000,CENTER FOR INNOVATIVE TRAINING & ED     ,PA,19106-4414,Proprietary  ,0,0,0,2,7,9
03128400,DELAWARE COUNTY TECHNICAL SCHOOL        ,PA,19032-1998,Public       ,1,1,2,18,159,177
03128800,GECAC TRAINING INSTITUTE                ,PA,16502-1137,Private      ,0,0,0,5,22,27
03180400,PENNSYLVANIA HIGHLANDS COMMUNITY COLLEGE,PA,15904-2927,Public       ,13,23,36,535,666,1201
03236400,LT INTERNATIONAL BEAUTY SCHOOL          ,PA,19130-2235,Proprietary  ,0,21,21,24,153,177
03353300,ACADEMY OF VOCAL ARTS                   ,PA,19103-6685,Private      ,0,0,0,4,30,34
03439400,NAWCC SCHOOL OF HOROLOGY                ,PA,17512-2130,Private      ,0,0,0,0,2,2
03471400,NORTH CENTRAL INDUSTRIAL TECHNICAL      ,PA,15853-9708,Private      ,0,0,0,3,5,8
03503300,WINNER INSTITUTE OF ARTS & SCIENCES     ,PA,16154-1811,Private      ,1,0,1,29,45,74
03535300,HUNTINGDON COUNTY CAREER AND TECHNO     ,PA,17060-0905,Public       ,0,0,0,6,34,40
03561400,SUSQUEHANNA COUNTY CAREER & TECHNOL     ,PA,18816-0100,Public       ,0,0,0,10,13,23
03766300,PENNSYLVANIA SCHOOL OF MUSCLE THERAPY   ,PA,19406-3101,Proprietary  ,1,7,8,32,77,109
03899300,CALVARY BAPTIST THEOLOGICAL SEMINARY    ,PA,19446-4718,Private      ,0,1,1,0,15,15
03923300,PRECISION MANUFACTURING INSTITUTE       ,PA,16335-8380,Private      ,0,1,1,12,35,47
03948300,HARRISBURG UNIVERSITY OF SCIENCE AND TEC,PA,17101-2116,Private      ,1,2,3,151,118,269
03949300,WON INSTITUTE OF GRADUATE STUDIES       ,PA,19038-4535,Private      ,0,1,1,0,31,31
03950500,NORTHWEST REGIONAL TECHNOLOGY INSTITUTE ,PA,16508-2820,Proprietary  ,1,9,10,5,100,105
03952300,NATIONAL MASSAGE THERAPY INSTITUTE      ,PA,19116-3965,Proprietary  ,33,93,126,172,600,772
04119900,PENNSYLVANIA MYOTHERAPY INSTITUTE       ,PA,17350-8426,Proprietary  ,0,1,1,6,23,29
04127500,CAREER DEVELOPMENT & EMPLOYMENT         ,PA,18702-5253,Proprietary  ,0,2,2,0,16,16
00267813,BRYANT & STRATTON COLLEGE - MIL DOWNTOWN,WI,53203-2608,Proprietary  ,22,100,122,480,1735,2215
00383200,ALVERNO COLLEGE                         ,WI,53234-3922,Private      ,2,9,11,1398,2048,3446
00383500,BELOIT COLLEGE                          ,WI,53511-5595,Private      ,0,0,0,1726,90,1816
00383700,CARDINAL STRITCH UNIVERSITY             ,WI,53217-9884,Private      ,10,281,291,881,4792,5673
00383800,CARROLL UNIVERSITY                      ,WI,53186-5593,Private      ,3,0,3,2944,706,3650
00383900,CARTHAGE COLLEGE                        ,WI,53141-0000,Private      ,6,11,17,3351,496,3847
00384000,WESTERN TECHNICAL COLLEGE               ,WI,54601-0908,Public       ,23,51,74,1630,2112,3742
00384200,CONCORDIA UNIVERSITY WISCONSIN          ,WI,53097-2402,Private      ,3,130,133,1920,2730,4650
00384800,EDGEWOOD COLLEGE                        ,WI,53711-1958,Private      ,2,11,13,1452,964,2416
00385000,SILVER LAKE COLLEGE                     ,WI,54220-9319,Private      ,1,4,5,160,390,550
00385400,LAKELAND COLLEGE                        ,WI,53082-0000,Private      ,4,101,105,1104,1666,2770
00385600,LAWRENCE UNIVERSITY                     ,WI,54912-0599,Private      ,2,0,2,1961,55,2016
00386100,MARIAN UNIVERSITY                       ,WI,54935-4699,Private      ,5,64,69,1182,1265,2447
00386300,MARQUETTE UNIVERSITY                    ,WI,53201-0000,Private      ,6,26,32,9632,3495,13127
00386600,MILWAUKEE AREA TECH COLLEGE             ,WI,53233-1443,Public       ,37,125,162,4645,11318,15963
00386800,MILWAUKEE SCHOOL OF ENGINEERING         ,WI,53202-3109,Private      ,5,1,6,2356,553,2909
00386900,MOUNT MARY COLLEGE                      ,WI,53222-4597,Private      ,0,7,7,756,1146,1902
00387400,NASHOTAH HOUSE                          ,WI,53058-0000,Private      ,0,0,0,0,39,39
00387500,NORTHLAND COLLEGE                       ,WI,54806-3999,Private      ,0,1,1,890,159,1049
00388400,RIPON COLLEGE                           ,WI,54971-0248,Private      ,0,0,0,1189,53,1242
00389200,ST. NORBERT COLLEGE                     ,WI,54115-2002,Private      ,2,2,4,2085,101,2186
00389500,UNIVERSITY OF WISCONSIN-MADISON         ,WI,53715-1382,Public       ,40,46,86,19461,9930,29391
00389600,UNIVERSITY OF WISCONSIN-MILWAUKEE       ,WI,53201-3165,Public       ,63,159,222,15931,9618,25549
00389700,UNIVERSITY OF WISCONSIN COLLEGES        ,WI,53708-8680,Public       ,14,31,45,1366,1108,2474
00389701,UNIVERSITY OF WISCONSIN-BARABOO         ,WI,53913-1098,Public       ,1,4,5,263,138,401
00389702,UNIVERSITY OF WISCONSIN-BARRON          ,WI,54868-2497,Public       ,2,5,7,250,127,377
00389703,UNIVERSITY OF WISCONSIN-FOND DU LAC     ,WI,54935-2998,Public       ,3,4,7,376,204,580
00389704,UNIVERSITY OF WISCONSIN-FOX VALLEY      ,WI,54952-1297,Public       ,8,4,12,801,402,1203
00389705,UNIVERSITY OF WISCONSIN-MANITOWOC       ,WI,54220-6699,Public       ,1,0,1,279,106,385
00389706,UNIVERSITY OF WISCONSIN-MARATHON        ,WI,54401-5396,Public       ,2,10,12,694,307,1001
00389707,UNIVERSITY OF WISCONSIN-MARINETTE       ,WI,54143-4299,Public       ,0,1,1,227,124,351
00389708,UNIVERSITY OF WISCONSIN-MARSHFIELD      ,WI,54449-3310,Public       ,1,1,2,288,134,422
00389709,UNIVERSITY OF WISCONSIN-RICHLAND        ,WI,53581-1399,Public       ,1,0,1,219,68,287
00389710,UNIVERSITY OF WISCONSIN COLLEGES - ROCK ,WI,53546-5699,Public       ,1,4,5,421,281,702
00389711,UNIVERSITY OF WISCONSIN-SHEBOYGAN       ,WI,53081-4789,Public       ,3,4,7,339,168,507
00389712,UNIVERSITY OF WISCONSIN-WASHINGTON      ,WI,53095-3699,Public       ,1,2,3,403,159,562
00389713,UNIVERSITY OF WISCONSIN-WAUKESHA        ,WI,53188-2799,Public       ,7,5,12,848,326,1174
00389900,UNIVERSITY OF WISCONSIN-GREEN BAY       ,WI,54311-7001,Public       ,4,11,15,3871,1443,5314
00391100,VITERBO UNIVERSITY                      ,WI,54601-4777,Private      ,2,34,36,1460,948,2408
00391500,UNIVERSITY OF WISCONSIN-STOUT           ,WI,54751-0790,Public       ,12,35,47,5411,1832,7243
00391700,UNIVERSITY OF WISCONSIN-EAU CLAIRE      ,WI,54702-4004,Public       ,24,26,50,7450,1548,8998
00391900,UNIVERSITY OF WISCONSIN-LA CROSSE       ,WI,54601-3742,Public       ,12,14,26,6500,1709,8209
00392000,UNIVERSITY OF WISCONSIN-OSHKOSH         ,WI,54901-8604,Public       ,18,30,48,6557,2778,9335
00392100,UNIVERSITY OF WISCONSIN-PLATTEVILLE     ,WI,53818-3099,Public       ,9,25,34,4729,1468,6197
00392300,UNIVERSITY OF WISCONSIN-RIVER FALLS     ,WI,54022-5013,Public       ,16,27,43,4453,1145,5598
00392400,UNIVERSITY OF WISCONSIN-STEVENS POINT   ,WI,54481-3871,Public       ,21,15,36,6319,1555,7874
00392500,UNIVERSITY OF WISCONSIN-SUPERIOR        ,WI,54880-2898,Public       ,5,16,21,1558,1263,2821
00392600,UNIVERSITY OF WISCONSIN-WHITEWATER      ,WI,53190-1792,Public       ,20,41,61,6830,2075,8905
00400700,MADISON AREA TECHNICAL COLLEGE          ,WI,53704-2599,Public       ,30,56,86,3676,4667,8343
00501500,UNIVERSITY OF WISCONSIN-PARKSIDE        ,WI,53141-2000,Public       ,11,26,37,2967,1750,4717
00529400,WAUKESHA COUNTY TECHNICAL COLLEGE       ,WI,53072-4696,Public       ,12,15,27,1122,1657,2779
00530100,NORTHEAST WISCONSIN TECHNICAL COLLEGE   ,WI,54307-9042,Public       ,32,62,94,1964,3501,5465
00530400,CHIPPEWA VALLEY TECHNICAL COLLEGE       ,WI,54701-6162,Public       ,4,20,24,2065,2969,5034
00538000,MID-STATE TECHNICAL COLLEGE             ,WI,54494-5512,Public       ,4,34,38,797,1414,2211
00538400,NICOLET AREA TECHNICAL COLLEGE          ,WI,54501-0000,Public       ,3,24,27,410,636,1046
00538700,NORTHCENTRAL TECHNICAL COLLEGE          ,WI,54401-1899,Public       ,8,32,40,792,1668,2460
00538900,GATEWAY TECHNICAL COLLEGE               ,WI,53144-1690,Public       ,10,42,52,1330,4238,5568
00539000,BLACKHAWK TECHNICAL COLLEGE             ,WI,53547-5009,Public       ,7,46,53,672,1643,2315
00610800,BELLIN HOSP SCH OF RAD TECH             ,WI,54305-3505,Private      ,1,0,1,13,7,20
00611500,MERCY MED CTR SCH OF RAD TECH           ,WI,54904-3370,Private      ,0,0,0,6,5,11
00612601,ST LUKE'S MEDCL CTR SCHL RAD TECH       ,WI,53215-4330,Private      ,0,0,0,3,21,24
00612603,ST LUKE'S MED CTR SCH OF SONOGRAPHY     ,WI,53215-0000,Private      ,0,0,0,1,8,9
00613100,THEDA CLARK REG MED CTR SCH RAD TEC     ,WI,54957-0000,Private      ,0,0,0,4,9,13
00663900,BELLIN COLLEGE                          ,WI,54305-0000,Private      ,0,0,0,204,153,357
00766900,SOUTHWEST WISCONSIN TECH COLLEGE        ,WI,53809-0000,Public       ,2,1,3,605,719,1324
00777400,SCIENTIFIC COLLEGE OF BEAUTY/BARBER     ,WI,54601-0000,Proprietary  ,0,3,3,25,63,88
00821700,WISCONSIN COLLEGE OF COSMETOLOGY        ,WI,54304-0000,Proprietary  ,2,0,2,54,45,99
00919400,LAKESHORE TECHNICAL COLLEGE             ,WI,53015-1412,Public       ,2,12,14,475,1225,1700
00925600,MORAINE PARK TECHNICAL COLLEGE          ,WI,54936-0000,Public       ,6,15,21,714,1732,2446
00941900,STATE CLG OF BEAUTY CULT-WAUSAU         ,WI,54403-4667,Proprietary  ,3,8,11,45,56,101
00962100,HERZING COLLEGE                         ,WI,53718-4236,Proprietary  ,23,174,197,593,2510,3103
00974400,FOX VALLEY TECHNICAL COLLEGE            ,WI,54913-0000,Public       ,25,60,85,1970,2958,4928
01091300,MADISON MEDIA INSTITUTE                 ,WI,53718-6787,Proprietary  ,2,1,3,312,164,476
01148400,ADVANCED INSTITUTE OF HAIR DESIGN       ,WI,53225-0000,Proprietary  ,3,10,13,133,116,249
01182400,WISCONSIN INDIANHEAD TECH CLG WITC      ,WI,54871-9300,Public       ,7,25,32,966,1884,2850
01290600,MADISON COSMETOLOGY COLLEGE             ,WI,53711-1030,Proprietary  ,0,6,6,45,78,123
02077100,MILWAUKEE INST OF ART & DESIGN          ,WI,53202-0000,Private      ,0,1,1,679,139,818
02078000,SACRED HEART SCHOOL OF THEOLOGY         ,WI,53130-0000,Private      ,0,0,0,0,12,12
02136600,WISCONSIN LUTHERAN COLLEGE              ,WI,53226-0000,Private      ,1,1,2,740,78,818
02201803,KAPLAN COLLEGE - MILWAUKEE              ,WI,53212-3939,Proprietary  ,26,111,137,270,1183,1453
02239204,HIGH-TECH INSTITUTE - MILWAUKEE         ,WI,53005-4207,Proprietary  ,0,1,1,1,5,6
02271300,WI SCH OF PROFESSIONAL PSYCHOLOGY       ,WI,53225-0000,Private      ,1,1,2,2,82,84
02317200,MARANATHA BAPTIST BIBLE COLLEGE         ,WI,53094-0000,Private      ,2,2,4,747,100,847
02324700,EMPIRE BEAUTY SCHOOL                    ,WI,53717-0000,Proprietary  ,5,14,19,95,178,273
02332100,EMPIRE BEAUTY SCHOOL                    ,WI,54220-0000,Proprietary  ,10,20,30,91,161,252
02332101,EMPIRE BEAUTY SCHOOL - APPLETON         ,WI,54914-4644,Proprietary  ,0,1,1,0,1,1
02453500,MEDICAL COLLEGE OF WISCONSIN            ,WI,53226-0000,Private      ,0,0,0,17,1099,1116
02494300,GILL-TECH ACADEMY OF HAIR DESIGN        ,WI,54911-0000,Proprietary  ,2,1,3,86,40,126
02503303,RASMUSSEN COLLEGE - MANKATO - GREEN BAY ,WI,54303-2349,Proprietary  ,13,37,50,42,230,272
02532200,LAC COURTE OREILLES OJIBWA CMTY CLG     ,WI,54843-0000,Public       ,2,4,6,79,462,541
03007400,LAKESIDE SCHOOL OF MASSAGE THERAPY      ,WI,53719-1103,Private      ,2,4,6,52,125,177
03061200,MIDWEST COLLEGE OF ORIENTAL MEDICINE    ,WI,53403-9747,Proprietary  ,0,1,1,7,231,238
03077600,EMPIRE BEAUTY SCHOOL                    ,WI,54304-4838,Proprietary  ,14,29,43,179,329,508
03087500,ITT TECHNICAL INSTITUTE                 ,WI,53220-4612,Proprietary  ,118,206,324,1405,2449,3854
03125100,COLLEGE OF MENOMINEE NATION             ,WI,54135-0000,Private      ,6,2,8,122,438,560
03125102,COLLEGE OF  THE MENOMINEE NATION - GREEN,WI,54304-4964,Private      ,1,1,2,11,50,61
03220300,"SALON PROFESSIONAL ACADEMY, THE         ",WI,54701-7633,Proprietary  ,0,3,3,67,66,133
03309300,MONTESSORI INSTITUTE OF MILWAUKEE       ,WI,53207-0000,Private      ,0,0,0,0,11,11
03808300,INSTITUTE OF BEAUTY AND WELLNESS (THE)  ,WI,53202-5715,Proprietary  ,3,5,8,31,62,93
03822300,FOUR SEASONS SALON AND COSMETOLOGY SCHOO,WI,53566-0000,Proprietary  ,0,0,0,8,22,30
03872500,NORTHLAND INTERNATIONAL UNIVERSITY      ,WI,54119-9285,Private      ,15,1,16,444,42,486
03925300,BLUE SKY SCHOOL OF PROFESSIONAL MASSAGE ,WI,53024-9699,Private      ,2,1,3,52,125,177
04117400,MILWAUKEE CAREER COLLEGE                ,WI,53222-4305,Proprietary  ,3,40,43,50,305,355
04118600,ACADEMY OF COSMETOLOGY                  ,WI,53548-3307,Proprietary  ,1,7,8,21,42,63
04132600,WISCONSIN ACADEMY (THE)                 ,WI,54157-1726,Proprietary  ,7,12,19,7,12,19
00290500,NORTH CAROLINA A&T STATE UNIV           ,NC,27411-0001,Public       ,29,36,65,12187,4063,16250
00290600,APPALACHIAN STATE UNIVERSITY            ,NC,28608-2059,Public       ,23,44,67,11516,2926,14442
00290700,UNIVERSITY OF NC AT ASHEVILLE           ,NC,28804-3299,Public       ,17,7,24,2598,1040,3638
00290800,BARTON COLLEGE                          ,NC,27893-3104,Private      ,5,7,12,1077,617,1694
00291000,BELMONT ABBEY COLLEGE                   ,NC,28012-1802,Private      ,1,20,21,924,941,1865
00291100,BENNETT COLLEGE                         ,NC,27401-3239,Private      ,1,0,1,1013,236,1249
00291200,BREVARD COLLEGE                         ,NC,28712-3306,Private      ,4,0,4,810,119,929
00291300,CAMPBELL UNIVERSITY                     ,NC,27506-0036,Private      ,10,34,44,3631,2774,6405
00291400,CATAWBA COLLEGE                         ,NC,28144-2488,Private      ,2,8,10,1248,488,1736
00291500,CENTRAL PIEDMONT COMMUNITY COLLEGE      ,NC,28204-2297,Public       ,76,253,329,4630,9070,13700
00291600,CHOWAN UNIVERSITY                       ,NC,27855-1850,Private      ,3,5,8,1410,234,1644
00291700,COLLEGE OF THE ALBEMARLE                ,NC,27909-2327,Public       ,3,22,25,543,1176,1719
00291800,DAVIDSON COLLEGE                        ,NC,28035-7157,Private      ,3,1,4,2000,51,2051
00291900,DAVIDSON COUNTY COMMUNITY COLLEGE       ,NC,27293-0000,Public       ,10,39,49,790,2152,2942
00292000,DUKE UNIVERSITY                         ,NC,27708-0397,Private      ,14,12,26,9617,966,10583
00292001,DUKE UNIV - SCHOOL OF MEDICINE          ,NC,27710-0000,Private      ,0,0,0,69,981,1050
00292002,DUKE UNIV - SCHOOL OF LAW               ,NC,27708-0000,Private      ,2,21,23,35,2126,2161
00292003,DUKE UNIV - GRAD SCH ARTS & SCIENCE     ,NC,27708-0000,Private      ,0,6,6,35,684,719
00292004,DUKE UNIV - FUQUA SCH OF BUSINESS       ,NC,27708-0000,Private      ,0,2,2,31,1095,1126
00292005,DUKE UNIV/NICHOLAS SCH OF ENVIRON.      ,NC,27708-0000,Private      ,0,0,0,10,270,280
00292006,DUKE UNIV - DIVINITY SCHOOL             ,NC,27708-0000,Private      ,0,1,1,33,616,649
00292007,DUKE UNIV - SCHOOL OF NURSING           ,NC,27710-0000,Private      ,0,4,4,43,415,458
00292300,EAST CAROLINA UNIVERSITY                ,NC,27858-1818,Public       ,56,186,242,15672,8810,24482
00292600,ELIZABETH CITY STATE UNIVERSITY         ,NC,27909-7806,Public       ,14,26,40,3195,1239,4434
00292700,ELON UNIVERSITY                         ,NC,27244-2010,Private      ,5,29,34,5256,711,5967
00292800,FAYETTEVILLE STATE UNIVERSITY           ,NC,28301-4298,Public       ,21,67,88,5027,5204,10231
00292900,GARDNER-WEBB UNIVERSITY                 ,NC,28017-0000,Private      ,11,69,80,2008,2216,4224
00293000,GREENSBORO COLLEGE                      ,NC,27401-1875,Private      ,6,17,23,1235,674,1909
00293100,GUILFORD COLLEGE                        ,NC,27410-4171,Private      ,4,37,41,2105,1984,4089
00293300,HIGH POINT UNIVERSITY                   ,NC,27262-4221,Private      ,20,25,45,2389,1503,3892
00293400,ISOTHERMAL COMMUNITY COLLEGE            ,NC,28160-0804,Public       ,9,30,39,571,1175,1746
00293500,JOHN WESLEY COLLEGE                     ,NC,27265-0000,Private      ,1,3,4,34,152,186
00293600,JOHNSON C SMITH UNIVERSITY              ,NC,28216-5398,Private      ,14,14,28,3012,611,3623
00293700,KING'S COLLEGE-CHARLOTTE                ,NC,28204-2435,Proprietary  ,1,3,4,646,299,945
00293900,LEES MCRAE COLLEGE                      ,NC,28604-0000,Private      ,1,2,3,802,273,1075
00294000,LENOIR COMMUNITY COLLEGE                ,NC,28502-0188,Public       ,18,72,90,685,1845,2530
00294100,LENOIR-RHYNE UNIVERSITY                 ,NC,28603-0000,Private      ,2,3,5,1804,512,2316
00294200,LIVINGSTONE COLLEGE                     ,NC,28144-5298,Private      ,4,2,6,1167,363,1530
00294300,LOUISBURG COLLEGE                       ,NC,27549-2398,Private      ,3,5,8,1038,113,1151
00294400,MARS HILL COLLEGE                       ,NC,28754-0000,Private      ,3,3,6,1236,398,1634
00294500,MEREDITH COLLEGE                        ,NC,27607-5298,Private      ,0,8,8,1719,762,2481
00294600,METHODIST UNIVERSITY                    ,NC,28311-1420,Private      ,10,18,28,2000,1100,3100
00294700,MITCHELL COMMUNITY COLLEGE              ,NC,28677-5264,Public       ,6,47,53,574,1413,1987
00294800,MONTREAT COLLEGE                        ,NC,28757-1267,Private      ,0,39,39,570,884,1454
00294900,MOUNT OLIVE COLLEGE                     ,NC,28365-1299,Private      ,8,69,77,927,3144,4071
00295000,NORTH CAROLINA CENTRAL UNIVERSITY       ,NC,27707-3198,Public       ,35,90,125,7113,6223,13336
00295100,NORTH CAROLINA WESLEYAN COLLEGE         ,NC,27804-8699,Private      ,7,5,12,1176,1039,2215
00295300,PEACE COLLEGE                           ,NC,27604-1194,Private      ,1,3,4,784,207,991
00295400,UNIV OF NORTH CAROLINA AT PEMBROKE      ,NC,28372-1510,Public       ,72,79,151,4631,3116,7747
00295500,PFEIFFER UNIVERSITY                     ,NC,28109-0000,Private      ,1,39,40,830,1256,2086
00295600,PIEDMONT BAPTIST COLLEGE AND GRADUATE SC,NC,27101-5025,Private      ,0,0,0,201,164,365
00295700,QUEENS UNIVERSITY OF CHARLOTTE          ,NC,28274-0001,Private      ,6,36,42,1322,1433,2755
00295800,ROCKINGHAM COMMUNITY COLLEGE            ,NC,27375-0000,Public       ,5,26,31,593,1059,1652
00296000,SALEM COLLEGE                           ,NC,27108-0000,Private      ,2,5,7,500,557,1057
00296100,SANDHILLS COMMUNITY COLLEGE             ,NC,28374-8283,Public       ,11,55,66,1072,2245,3317
00296200,SHAW UNIVERSITY                         ,NC,27601-2393,Private      ,12,23,35,2631,2443,5074
00296300,SOUTHEASTERN BAPTIST THEOL SEMINARY     ,NC,27588-0000,Private      ,0,2,2,38,74,112
00296400,SOUTHEASTERN COMMUNITY COLLEGE          ,NC,28472-5422,Public       ,15,74,89,669,1400,2069
00296700,ST ANDREWS PRESBYTERIAN COLLEGE         ,NC,28352-9979,Private      ,0,3,3,893,130,1023
00296800,ST AUGUSTINES COLLEGE                   ,NC,27610-2298,Private      ,9,8,17,1764,569,2333
00297000,SURRY COMMUNITY COLLEGE                 ,NC,27017-0304,Public       ,5,10,15,898,1187,2085
00297200,NORTH CAROLINA STATE UNIV-RALEIGH       ,NC,27695-1751,Public       ,44,77,121,17681,6468,24149
00297300,GASTON COLLEGE                          ,NC,28034-1499,Public       ,15,79,94,1208,2801,4009
00297400,UNIVERSITY OF N C-CHAPEL HILL           ,NC,27514-0000,Public       ,36,119,155,15664,10038,25702
00297500,UNIVERSITY OF NC AT CHARLOTTE           ,NC,28223-0001,Public       ,47,157,204,12735,8058,20793
00297600,UNIVERSITY OF N C - GREENSBORO          ,NC,27412-0001,Public       ,26,78,104,11906,6922,18828
00297800,WAKE FOREST UNIV - UNDERGRADUATE        ,NC,27109-7246,Private      ,3,1,4,3937,171,4108
00297801,WAKE FOREST UNIV - SCH OF MEDICINE      ,NC,27157-1090,Private      ,0,1,1,27,825,852
00297803,WAKE FOREST UNIVERSITY - SCHOOLS OF BUSI,NC,27109-7659,Private      ,0,2,2,6,461,467
00297805,WAKE FOREST UNIV - SCH OF LAW           ,NC,27109-7206,Private      ,0,2,2,14,931,945
00297806,WAKE FOREST UNIV - GRAD A&S/DIVINITY    ,NC,27109-7246,Private      ,0,7,7,25,386,411
00297900,WARREN WILSON COLLEGE                   ,NC,28815-0000,Private      ,1,0,1,939,286,1225
00298000,WAYNE COMMUNITY COLLEGE                 ,NC,27533-0000,Public       ,16,75,91,1045,2139,3184
00298100,WESTERN CAROLINA UNIVERSITY             ,NC,28723-9731,Public       ,78,43,121,5737,2489,8226
00298200,WESTERN PIEDMONT COMMUNITY COLLEGE      ,NC,28655-4504,Public       ,7,55,62,742,1687,2429
00298300,WILKES COMMUNITY COLLEGE                ,NC,28697-2100,Public       ,10,33,43,759,1083,1842
00298400,UNIVERSITY OF N C-WILMINGTON            ,NC,28403-3297,Public       ,30,45,75,9009,3186,12195
00298500,WINGATE UNIVERSITY                      ,NC,28174-0159,Private      ,3,15,18,1777,685,2462
00298600,WINSTON-SALEM STATE UNIVERSITY          ,NC,27102-0000,Public       ,22,29,51,6265,3490,9755
00398100,UNC SCHOOL OF THE ARTS                  ,NC,27127-2188,Public       ,2,0,2,1086,254,1340
00403300,ASHEVILLE BUNCOMBE TECH CMTY CLG        ,NC,28801-4897,Public       ,22,65,87,1089,2298,3387
00406200,PITT COMMUNITY COLLEGE                  ,NC,28590-0000,Public       ,17,83,100,2125,3530,5655
00483500,CALDWELL COMMUNITY CLG & TECH INST      ,NC,28638-2626,Public       ,9,67,76,953,1811,2764
00483800,GUILFORD TECHNICAL COMMUNITY CLG        ,NC,27282-0309,Public       ,23,125,148,3337,6331,9668
00484400,WAKE TECHNICAL COMMUNITY COLLEGE        ,NC,27603-5696,Public       ,27,118,145,2917,5502,8419
00484500,WILSON COMMUNITY COLLEGE                ,NC,27893-3310,Public       ,12,109,121,462,1586,2048
00499201,MILLER-MOTTE TECHNICAL COLLEGE - MILLER-,NC,27511-9209,Proprietary  ,6,97,103,138,931,1069
00531600,COASTAL CAROLINA COMMUNITY COLLEGE      ,NC,28546-6816,Public       ,14,108,122,864,2765,3629
00531700,FORSYTH TECHNICAL COMMUNITY COLLEGE     ,NC,27103-5197,Public       ,22,89,111,1591,4368,5959
00531800,CATAWBA VALLEY COMMUNITY COLLEGE        ,NC,28602-8302,Public       ,10,67,77,1213,2412,3625
00532000,CAPE FEAR COMMUNITY COLLEGE             ,NC,28401-3910,Public       ,23,86,109,2225,2829,5054
00544700,RANDOLPH COMMUNITY COLLEGE              ,NC,27204-1009,Public       ,5,37,42,518,1219,1737
00544800,DURHAM TECHNICAL CMNTY COLLEGE          ,NC,27703-5023,Public       ,14,116,130,852,2981,3833
00544900,CENTRAL CAROLINA COMMUNITY COLLEGE      ,NC,27330-9000,Public       ,12,56,68,890,2331,3221
00546300,ALAMANCE COMMUNITY COLLEGE              ,NC,27253-0000,Public       ,9,73,82,868,2169,3037
00546400,RICHMOND COMMUNITY COLLEGE              ,NC,28345-4522,Public       ,9,32,41,520,1581,2101
00575400,ROWAN-CABARRUS COMMUNITY COLLEGE        ,NC,28145-1595,Public       ,21,92,113,1294,3149,4443
00647700,CABARRUS COLLEGE OF HEALTH SCIENCES     ,NC,28025-0000,Private      ,1,3,4,242,356,598
00647800,MERCY HOSP SCH OF NURSING               ,NC,28207-0000,Public       ,0,3,3,87,288,375
00648300,WATTS SCHOOL OF NURSING                 ,NC,27704-0000,Private      ,0,1,1,71,157,228
00679900,CRAVEN COMMUNITY COLLEGE                ,NC,28562-0000,Public       ,6,37,43,527,1805,2332
00703100,PAMLICO COMMUNITY COLLEGE               ,NC,28529-0000,Public       ,0,3,3,56,220,276
00764000,FAYETTEVILLE TECHNICAL CMTY COLLEGE     ,NC,28303-0236,Public       ,25,149,174,2261,8315,10576
00768700,JAMES SPRUNT COMMUNITY COLLEGE          ,NC,28349-0398,Public       ,2,19,21,292,802,1094
00781400,BROOKSTONE COLLEGE OF BUSINESS          ,NC,28262-0000,Proprietary  ,3,36,39,73,363,436
00781401,BROOKSTONE COLLEGE OF BUSINESS          ,NC,27409-0000,Proprietary  ,3,33,36,53,368,421
00789200,SAMPSON COMMUNITY COLLEGE               ,NC,28328-0000,Public       ,1,6,7,403,1060,1463
00798500,SOUTH PIEDMONT COMMUNITY COLLEGE        ,NC,28135-9703,Public       ,6,39,45,457,1432,1889
00798600,HALIFAX COMMUNITY COLLEGE               ,NC,27890-0089,Public       ,3,17,20,400,1049,1449
00798700,BLADEN COMMUNITY COLLEGE                ,NC,28332-0266,Public       ,4,34,38,368,1276,1644
00798800,MARTIN COMMUNITY COLLEGE                ,NC,27892-8307,Public       ,3,11,14,202,613,815
00808100,CARTERET COMMUNITY COLLEGE              ,NC,28557-2989,Public       ,10,35,45,416,1006,1422
00808200,CLEVELAND COMMUNITY COLLEGE             ,NC,28150-0000,Public       ,9,51,60,568,1813,2381
00808300,HAYWOOD COMMUNITY COLLEGE               ,NC,28721-0000,Public       ,9,44,53,403,825,1228
00808500,MCDOWELL TECHNICAL COMMUNITY CLG        ,NC,28752-8728,Public       ,4,47,51,227,651,878
00808700,MONTGOMERY COMMUNITY COLLEGE            ,NC,27371-0787,Public       ,5,23,28,216,638,854
00846600,SOUTHWESTERN COMMUNITY COLLEGE          ,NC,28779-8581,Public       ,7,31,38,524,945,1469
00855700,NASH COMMUNITY COLLEGE                  ,NC,27804-0488,Public       ,5,51,56,702,1330,2032
00855800,BEAUFORT COUNTY COMMUNITY COLLEGE       ,NC,27889-7889,Public       ,5,26,31,399,1046,1445
00861200,ROBESON COMMUNITY COLLEGE               ,NC,28359-2151,Public       ,14,37,51,782,2518,3300
00861300,ROANOKE-CHOWAN COMMUNITY COLLEGE        ,NC,27910-9522,Public       ,5,13,18,273,647,920
00885500,EDGECOMBE COMMUNITY COLLEGE             ,NC,27886-9399,Public       ,6,73,79,385,1501,1886
00885501,EDGECOMBE COMMUNITY COLLEGE             ,NC,27801-0000,Public       ,0,15,15,135,570,705
00902500,SOUTH EASTERN CLG OF BEAUTY CULTURE     ,NC,28204-0000,Proprietary  ,8,35,43,153,381,534
00933600,JOHNSTON COMMUNITY COLLEGE              ,NC,27577-0000,Public       ,8,16,24,743,1628,2371
00943000,TRI-COUNTY COMMUNITY COLLEGE            ,NC,28906-7919,Public       ,7,41,48,258,551,809
00964600,PIEDMONT COMMUNITY COLLEGE              ,NC,27573-1197,Public       ,11,48,59,355,1085,1440
00968400,BLUE RIDGE COMMUNITY COLLEGE            ,NC,28731-9624,Public       ,7,31,38,373,664,1037
00974701,GORDON-CONWELL THEO SEM - CHARLOTTE     ,NC,28273-0000,Private      ,0,3,3,1,159,160
00990300,VANCE-GRANVILLE CMTY COLLEGE            ,NC,27536-0917,Public       ,21,113,134,992,2551,3543
01026400,SOUTH COLLEGE                           ,NC,28803-3152,Proprietary  ,2,23,25,58,316,374
01119400,STANLY COMMUNITY COLLEGE                ,NC,28001-7458,Public       ,5,37,42,415,1219,1634
01119700,MAYLAND COMMUNITY COLLEGE               ,NC,28777-2777,Public       ,4,15,19,257,468,725
01179900,PAUL MITCHELL THE SCHOOL FAYETTEVILLE   ,NC,28303-5364,Proprietary  ,0,4,4,13,83,96
01192600,LEON'S BEAUTY SCHOOL                    ,NC,27403-2812,Proprietary  ,7,3,10,81,146,227
02056500,MITCHELL'S HAIR STYLING ACADEMY         ,NC,27893-0000,Proprietary  ,5,14,19,74,146,220
02056501,MITCHELL'S HAIR STYLING ACADEMY - MITCHE,NC,27606-3326,Proprietary  ,0,0,0,15,30,45
02110500,ART INSTITUTE OF CHARLOTTE (THE)        ,NC,28217-0000,Proprietary  ,28,84,112,1356,1386,2742
02170700,BRUNSWICK COMMUNITY COLLEGE             ,NC,28422-0000,Public       ,6,21,27,386,604,990
02205000,COLLEGE OF WILMINGTON                   ,NC,28403-0000,Proprietary  ,7,41,48,18,87,105
02210400,FAYETTEVILLE BEAUTY COLLEGE             ,NC,28303-0000,Proprietary  ,1,7,8,29,99,128
02227800,MITCHELL'S HAIR STYLING ACADEMY         ,NC,27534-0000,Proprietary  ,0,0,0,2,11,13
02227900,MITCHELL'S HAIR STYLING ACADEMY         ,NC,27858-0000,Proprietary  ,1,0,1,10,26,36
02238700,HAIRSTYLING INSTITUTE OF CHARLOTTE      ,NC,28204-0000,Proprietary  ,0,3,3,51,97,148
02280900,ROANOKE BIBLE COLLEGE                   ,NC,27909-0000,Private      ,0,1,1,111,72,183
02286300,CAROLINA BEAUTY COLLEGE                 ,NC,27262-0000,Proprietary  ,18,124,142,196,1066,1262
02558900,CHEVEUX SCHOOL OF HAIR DESIGN           ,NC,28540-0000,Proprietary  ,0,0,0,3,18,21
02560600,PINNACLE INSTITUTE OF COSMETOLOGY       ,NC,28115-8020,Proprietary  ,3,1,4,34,31,65
02614201,MILLER-MOTTE BUSINESS COLLEGE           ,NC,28403-0000,Proprietary  ,13,69,82,253,1147,1400
03009500,WINSTON-SALEM BARBER SCHOOL             ,NC,27107-0000,Proprietary  ,0,5,5,34,95,129
03064400,REGENCY BEAUTY INSTITUTE                ,NC,27127-0000,Proprietary  ,6,12,18,52,128,180
03089300,HERITAGE BIBLE COLLEGE                  ,NC,28335-0000,Private      ,0,1,1,19,84,103
03104200,CAROLINAS COLLEGE OF HEALTH SCIENCE     ,NC,28232-2861,Public       ,4,12,16,186,456,642
03104201,CHS NURSE ANESTHESIA PROGRAM / UNCC     ,NC,28232-2861,Public       ,0,3,3,138,150,288
03109000,SCHOOL OF COMMUNICATION ARTS OF NORTH CA,NC,27614-7076,Proprietary  ,22,10,32,409,236,645
03237300,ANSON COLLEGE OF COSMETOLOGY            ,NC,28170-2147,Proprietary  ,0,0,0,1,5,6
03361300,MEDICAL ARTS MASSAGE SCHOOL             ,NC,27616-6453,Proprietary  ,0,15,15,33,205,238
03513400,APEX SCHOOL OF THEOLOGY                 ,NC,27703-8024,Private      ,0,5,5,1,189,190
03555300,SOUTHEASTERN INSTITUTE                  ,NC,28217-0000,Proprietary  ,5,42,47,21,151,172
03555300,SOUTHEASTERN SCHL NEUROMUSCULAR MASSAGE ,NC,28217-0000,Proprietary  ,0,0,0,0,1,1
03555400,SOUTHEASTERN SCHOOL OF NEUROMUSCULAR  MA,NC,29406-0000,Proprietary  ,3,4,7,26,72,98
03570300,CAROLINA CHRISTIAN COLLEGE              ,NC,27105-3241,Private      ,0,0,0,10,36,46
03663300,HOOD THEOLOGICAL SEMINARY               ,NC,28144-5768,Private      ,0,2,2,0,211,211
03748500,LA SHE'S BEAUTY ACADEMY                 ,NC,27707-3569,Proprietary  ,0,4,4,26,117,143
03777300,CAROLINA ACAD OF COSMETIC ART & SCI     ,NC,28054-0460,Proprietary  ,5,17,22,95,234,329
03827300,NEW LIFE THEOLOGICAL SEMINARY           ,NC,28205-1648,Private      ,0,9,9,2,66,68
04101300,CAROLINA SCHOOL OF BROADCASTING         ,NC,28214-8085,Proprietary  ,0,5,5,20,52,72
04115700,REGINA'S COLLEGE OF BEAUTY              ,NC,28110-2831,Proprietary  ,1,7,8,7,42,49
04120300,"FILA ACADEMY, THE                       ",NC,27265-3114,Proprietary  ,1,2,3,2,20,22
00298800,BISMARCK STATE COLLEGE                  ,ND,58501-1299,Public       ,12,36,48,1860,1320,3180
00298900,DICKINSON STATE UNIVERSITY              ,ND,58601-4896,Public       ,2,6,8,1328,703,2031
00299000,JAMESTOWN COLLEGE                       ,ND,58405-3401,Private      ,2,1,3,1015,179,1194
00299100,LAKE REGION STATE COLLEGE               ,ND,58301-1598,Public       ,0,20,20,317,367,684
00299200,UNIVERSITY OF MARY                      ,ND,58504-9652,Private      ,5,30,35,1627,1357,2984
00299300,MAYVILLE STATE UNIVERSITY               ,ND,58257-1299,Public       ,1,3,4,500,194,694
00299400,MINOT STATE UNIVERSITY                  ,ND,58707-0002,Public       ,9,42,51,1582,1533,3115
00299500,MINOT STATE UNIV-BOTTINEAU CAMPUS       ,ND,58318-1159,Public       ,2,11,13,227,228,455
00299600,NORTH DAKOTA STATE CLG OF SCIENCE       ,ND,58076-0002,Public       ,9,20,29,1555,699,2254
00299700,NORTH DAKOTA STATE UNIVERSITY           ,ND,58108-6050,Public       ,14,47,61,8022,2458,10480
00300500,UNIVERSITY OF NORTH DAKOTA              ,ND,58202-8193,Public       ,30,87,117,7205,3893,11098
00300700,WILLISTON STATE COLLEGE                 ,ND,58802-1326,Public       ,2,8,10,287,417,704
00300800,VALLEY CITY STATE UNIVERSITY            ,ND,58072-0000,Public       ,3,16,19,632,206,838
00484600,RASMUSSEN COLLEGE                       ,ND,58103-7196,Proprietary  ,8,44,52,447,1520,1967
00484601,RASMUSSEN COLLEGE - BISMARCK            ,ND,58503-0000,Proprietary  ,0,1,1,0,2,2
00775600,JOSEF'S SCHOOL OF HAIR DESIGN INC       ,ND,58102-4977,Proprietary  ,0,1,1,64,53,117
00935400,MEDCENTER ONE COLLEGE OF NURSING        ,ND,58501-4494,Private      ,0,0,0,56,55,111
01040600,JOSEF'S SCHOOL OF HAIR DESIGN           ,ND,58201-6394,Proprietary  ,0,0,0,56,48,104
01205900,TRINITY BIBLE COLLEGE                   ,ND,58436-7150,Private      ,0,1,1,232,132,364
01229500,R D HAIRSTYLING COLLEGE                 ,ND,58501-4001,Proprietary  ,1,7,8,30,30,60
02188200,SITTING BULL COLLEGE                    ,ND,58538-9721,Public       ,2,9,11,60,370,430
02236500,LITTLE HOOP COMMUNITY COLLEGE           ,ND,58335-0000,Public       ,5,17,22,56,195,251
02242900,UNITED TRIBES TECHNICAL COLLEGE         ,ND,58504-0000,Private      ,3,10,13,256,836,1092
02298200,HEADQUARTERS ACADEMY OF HAIR DESIGN     ,ND,58701-0000,Proprietary  ,2,3,5,30,68,98
02301100,TURTLE MTN CMNTY COLG-FIN AID OFC       ,ND,58316-0000,Private      ,2,6,8,158,397,555
02553700,FORT BERTHOLD COMMUNITY COLLEGE         ,ND,58763-0000,Public       ,0,8,8,55,193,248
03087200,MOLER BARBER CLG OF HAIRSTYLING         ,ND,58103-0000,Proprietary  ,1,1,2,2,12,14
04031300,SALON PROFESSIONAL ACADEMY (THE)        ,ND,58103-3337,Proprietary  ,3,1,4,93,45,138
00301005,ANTIOCH UNIV/SEATTLE                    ,WA,98121-0000,Private      ,0,9,9,20,1066,1086
00376900,BELLEVUE COMMUNITY COLLEGE              ,WA,98007-6484,Public       ,29,65,94,2498,3576,6074
00377000,BIG BEND COMMUNITY COLLEGE              ,WA,98837-3299,Public       ,12,48,60,810,1200,2010
00377100,"CENTRAL WASHINGTON UNIV., FIN AID       ",WA,98926-7495,Public       ,46,67,113,7780,3732,11512
00377200,CENTRALIA COLLEGE                       ,WA,98531-4099,Public       ,18,58,76,866,1288,2154
00377300,CLARK COLLEGE                           ,WA,98663-3598,Public       ,21,147,168,2901,5333,8234
00377400,COLUMBIA BASIN COLLEGE                  ,WA,99301-3379,Public       ,26,81,107,2002,3219,5221
00377500,EASTERN WASHINGTON UNIVERSITY           ,WA,99004-2447,Public       ,31,78,109,7460,5369,12829
00377600,EVERETT COMMUNITY COLLEGE               ,WA,98201-1352,Public       ,20,84,104,1468,3643,5111
00377700,HERITAGE UNIVERSITY                     ,WA,98948-9562,Private      ,2,27,29,352,1404,1756
00377800,GONZAGA UNIVERSITY                      ,WA,99258-0083,Private      ,10,95,105,6157,3148,9305
00377900,GRAYS HARBOR COLLEGE                    ,WA,98520-7599,Public       ,8,28,36,539,1080,1619
00378000,GREEN RIVER COMMUNITY COLLEGE           ,WA,98092-3622,Public       ,43,180,223,1879,2872,4751
00378100,HIGHLINE COMMUNITY COLLEGE              ,WA,98198-9800,Public       ,31,121,152,1875,3456,5331
00378200,LOWER COLUMBIA COLLEGE                  ,WA,98632-0310,Public       ,6,30,36,820,2065,2885
00378300,NORTHWEST UNIVERSITY                    ,WA,98083-0000,Private      ,1,4,5,960,613,1573
00378400,OLYMPIC COLLEGE                         ,WA,98337-1600,Public       ,12,46,58,1205,3076,4281
00378500,PACIFIC LUTHERAN UNIVERSITY             ,WA,98447-0003,Private      ,3,11,14,3841,1454,5295
00378600,PENINSULA COLLEGE                       ,WA,98362-6660,Public       ,10,45,55,420,1130,1550
00378700,SEATTLE CENTRAL COMMUNITY COLLEGE       ,WA,98122-2413,Public       ,25,128,153,2027,4245,6272
00378703,SEATTLE VOCATIONAL INSTITUTE            ,WA,98144-0000,Public       ,14,32,46,102,456,558
00378800,SEATTLE PACIFIC UNIVERSITY              ,WA,98119-1997,Private      ,7,61,68,3998,1471,5469
00379000,SEATTLE UNIVERSITY                      ,WA,98122-1090,Private      ,11,33,44,6193,5618,11811
00379100,SHORELINE COMMUNITY COLLEGE             ,WA,98133-5696,Public       ,11,29,40,1439,2580,4019
00379200,SKAGIT VALLEY COLLEGE                   ,WA,98273-5899,Public       ,6,31,37,1020,2117,3137
00379300,SPOKANE COMMUNITY COLLEGE               ,WA,99207-5399,Public       ,62,273,335,2858,7099,9957
00379400,ST MARTIN'S UNIVERSITY                  ,WA,98503-7500,Private      ,3,10,13,1241,894,2135
00379600,TACOMA COMMUNITY COLLEGE                ,WA,98466-6100,Public       ,33,163,196,2046,5237,7283
00379700,UNIVERSITY OF PUGET SOUND               ,WA,98416-1039,Private      ,4,3,7,3901,786,4687
00379800,UNIVERSITY OF WASHINGTON                ,WA,98195-5880,Public       ,68,128,196,22959,20104,43063
00379900,WALLA WALLA UNIVERSITY                  ,WA,99324-1198,Private      ,11,22,33,1399,657,2056
00380000,WASHINGTON STATE UNIVERSITY             ,WA,99164-1035,Public       ,54,105,159,15863,9502,25365
00380100,WENATCHEE VALLEY COLLEGE                ,WA,98801-1799,Public       ,11,72,83,1069,2068,3137
00380200,WESTERN WASHINGTON UNIVERSITY           ,WA,98225-5946,Public       ,39,62,101,12182,3804,15986
00380300,WHITMAN COLLEGE                         ,WA,99362-2067,Private      ,0,0,0,2195,56,2251
00380400,WHITWORTH UNIVERSITY                    ,WA,99251-0001,Private      ,3,20,23,3127,924,4051
00380500,YAKIMA VALLEY COMMUNITY COLLEGE         ,WA,98907-2520,Public       ,18,89,107,1992,3874,5866
00499800,PUGET SOUND CHRISTIAN COLLEGE           ,WA,98201-3516,Private      ,0,0,0,44,27,71
00499900,BELLINGHAM TECHNICAL COLLEGE            ,WA,98225-0000,Public       ,5,27,32,446,1096,1542
00500000,PIERCE COLLEGE                          ,WA,98498-1919,Public       ,20,105,125,1898,4578,6476
00500100,EDMONDS COMMUNITY COLLEGE               ,WA,98036-5999,Public       ,16,60,76,1462,2796,4258
00500600,WALLA WALLA COMMUNITY COLLEGE           ,WA,99362-9267,Public       ,7,55,62,1171,2009,3180
00530600,BATES TECHNICAL COLLEGE                 ,WA,98405-0000,Public       ,16,115,131,455,1915,2370
00537200,SOUTH PUGET SOUND COMMUNITY COLLEGE     ,WA,98512-6292,Public       ,21,81,102,1404,2799,4203
00537300,LAKE WASHINGTON TECHNICAL COLLEGE       ,WA,98034-8505,Public       ,10,39,49,429,1388,1817
00575200,CLOVER PARK TECHNICAL COLLEGE           ,WA,98499-0000,Public       ,36,206,242,889,3245,4134
00815500,EVERGREEN STATE COLLEGE (THE)           ,WA,98505-0002,Public       ,8,35,43,2984,2960,5944
00844300,ITT TECHNICAL INSTITUTE                 ,WA,98168-3334,Proprietary  ,23,74,97,600,1340,1940
00907901,EVEREST COLLEGE                         ,WA,98684-6950,Proprietary  ,7,26,33,40,179,219
00938700,PERRY TECHNICAL INSTITUTE               ,WA,98903-1239,Private      ,34,39,73,412,542,954
00954400,SPOKANE FALLS COMMUNITY COLLEGE         ,WA,99224-5204,Public       ,39,167,206,2986,4622,7608
00970400,NORTH SEATTLE COMMUNITY COLLEGE         ,WA,98103-3599,Public       ,12,84,96,1114,2626,3740
00970600,SOUTH SEATTLE COMMUNITY COLLEGE         ,WA,98106-1499,Public       ,13,71,84,1201,2123,3324
00973900,GLEN DOW ACAD OF HAIR DESIGN            ,WA,99201-0209,Proprietary  ,4,4,8,115,158,273
01036400,WHATCOM COMMUNITY COLLEGE               ,WA,98226-8003,Public       ,11,32,43,1285,1669,2954
01043400,RENTON TECHNICAL COLLEGE                ,WA,98056-0000,Public       ,9,32,41,476,1619,2095
01148100,DIVERS INSTITUTE OF TECHNOLOGY          ,WA,98107-0667,Proprietary  ,16,32,48,129,392,521
01231500,CORNISH COLLEGE OF THE ARTS             ,WA,98121-4604,Private      ,1,1,2,963,279,1242
01249600,GREENWOOD BEAUTY SCHOOL                 ,WA,98103-0000,Proprietary  ,3,4,7,21,83,104
01302200,CITY UNIVERSITY OF SEATTLE              ,WA,98005-3030,Private      ,3,68,71,108,2435,2543
01309400,BELLINGHAM BEAUTY SCHOOL                ,WA,98225-0000,Proprietary  ,0,1,1,29,65,94
02091701,KAPLAN COLLEGE - SEATTLE                ,WA,98055-4910,Proprietary  ,6,31,37,50,219,269
02105300,BELLEVUE BEAUTY SCHOOL                  ,WA,98007-0000,Proprietary  ,0,3,3,10,27,37
02106700,TRINITY LUTHERAN COLLEGE                ,WA,98201-3569,Private      ,1,0,1,82,37,119
02180000,NORTHWEST INDIAN COLLEGE                ,WA,98226-9278,Public       ,5,32,37,124,500,624
02184200,PAROBA COLLEGE OF COSMETOLOGY           ,WA,98208-0000,Proprietary  ,0,1,1,60,132,192
02202200,STYLEMASTERS COLLEGE OF HAIR DESIGN     ,WA,98632-0000,Proprietary  ,2,13,15,35,93,128
02203300,GENE JUAREZ ACADEMY OF BEAUTY           ,WA,98125-0000,Proprietary  ,32,53,85,397,446,843
02203301,GENE JUAREZ ACADEMY OF BEAUTY           ,WA,98003-0000,Proprietary  ,3,1,4,46,42,88
02222900,INTERNATIONAL AIR & HOSPITALITY ACADEMY ,WA,98661-4835,Proprietary  ,26,10,36,301,219,520
02231100,CROWN COLLEGE                           ,WA,98444-0000,Proprietary  ,0,0,0,13,97,110
02236800,PROFESSIONAL BEAUTY SCHOOL              ,WA,98902-0000,Proprietary  ,19,6,25,50,73,123
02242500,BASTYR UNIVERSITY                       ,WA,98028-0000,Private      ,0,5,5,82,1140,1222
02263107,CAMBRIDGE COLLEGE-BELLEVUE              ,WA,98007-0000,Proprietary  ,0,0,0,0,4,4
02291300,ART INSTITUTE OF SEATTLE                ,WA,98121-1622,Proprietary  ,16,18,34,1958,1620,3578
02300100,EVEREST COLLEGE                         ,WA,98367-1835,Proprietary  ,6,25,31,388,1710,2098
02300103,EVEREST COLLEGE - EVERETT               ,WA,98208-2610,Proprietary  ,13,38,51,49,150,199
02300104,EVEREST COLLEGE - TACOMA                ,WA,98402-3004,Proprietary  ,12,58,70,47,194,241
02326500,INTERFACE COLLEGE                       ,WA,99201-3209,Proprietary  ,0,20,20,28,248,276
02331400,NORTHWEST HAIR ACADEMY                  ,WA,98273-0000,Proprietary  ,8,9,17,92,123,215
02331402,NORTHWEST HAIR ACADEMY - EVERETT        ,WA,98204-0000,Proprietary  ,1,1,2,17,25,42
02345100,PHAGAN'S ORCHARDS BEAUTY SCHOOL         ,WA,98662-0000,Proprietary  ,1,0,1,30,28,58
02504900,ACADEMY OF HAIR DESIGN (THE)            ,WA,98801-0000,Proprietary  ,0,2,2,23,67,90
02541900,BJ'S BEAUTY AND BARBER COLLEGE          ,WA,98409-0000,Proprietary  ,1,8,9,26,108,134
02602100,NORTHWEST COLLEGE OF ART                ,WA,98370-8625,Proprietary  ,0,1,1,135,28,163
02606200,EVEREST COLLEGE                         ,WA,98055-2990,Proprietary  ,16,77,93,452,1668,2120
02617500,EVEREST COLLEGE                         ,WA,98133-9018,Proprietary  ,1,14,15,409,996,1405
02617501,EVEREST COLLEGE - FIFE                  ,WA,98424-2647,Proprietary  ,3,26,29,22,86,108
02617503,EVEREST COLLEGE - VANCOUVER             ,WA,98684-6951,Proprietary  ,4,22,26,19,70,89
02617505,ASHMEAD COLLEGE - NEW EVERETT CAMPUS    ,WA,98201-4022,Proprietary  ,0,0,0,0,2,2
03031406,INTERNATIONAL ACADEMY OF DESIGN AND TECH,WA,98188-3319,Proprietary  ,6,5,11,184,186,370
03065000,CLARE'S BEAUTY COLLEGE                  ,WA,99301-5505,Proprietary  ,1,1,2,27,57,84
03071800,ITT TECHNICAL INSTITUTE                 ,WA,99216-1589,Proprietary  ,34,125,159,503,1156,1659
03099000,CORTIVA INSTITUTE - SEATTLE             ,WA,98109-5474,Proprietary  ,2,12,14,58,230,288
03139500,MONTESSORI SCHOOLS OF WASHINGTON        ,WA,98203-6600,Private      ,0,1,1,0,3,3
03280300,SEATTLE INST OF ORIENTAL MEDICINE       ,WA,98115-0000,Proprietary  ,0,0,0,1,47,48
03283300,NORTHWEST HVAC/R ASSOCIATION & TRAINING ,WA,99202-2125,Private      ,0,1,1,4,41,45
03361600,SEATTLE MIDWIFERY SCHOOL                ,WA,98144-0000,Private      ,0,0,0,7,54,61
03466400,MARS HILL GRADUATE SCHOOL               ,WA,98121-0000,Private      ,0,2,2,0,269,269
03483500,CASCADIA COMMUNITY COLLEGE              ,WA,98011-9510,Public       ,9,7,16,507,681,1188
03490400,EMIL FRIES PIANO HOSPITAL & TRAININ     ,WA,98661-4323,Private      ,0,0,0,1,7,8
03631500,CORTIVA INSTITUTE - BRIAN UTTING SCHOOL ,WA,98109-5211,Proprietary  ,0,2,2,11,52,63
03689400,FAITH EVANGELICAL SEMINARY              ,WA,98407-2607,Private      ,1,13,14,5,168,173
03707500,CHETTA'S ACADEMY OF HAIR AND NAILS      ,WA,98362-4310,Proprietary  ,0,3,3,6,16,22
03724300,DIGIPEN INSTITUTE OF TECHNOLOGY         ,WA,98052-5170,Proprietary  ,3,0,3,651,209,860
03917300,EVERGREEN BEAUTY AND BARBER COLLEGE     ,WA,98208-3759,Proprietary  ,1,15,16,35,141,176
03932500,TOTAL COSMETOLOGY TRAINING CENTER       ,WA,99217-6231,Proprietary  ,1,4,5,40,102,142
03953300,YAKIMA BEAUTY SCHOOL;BEAUTYWORKS        ,WA,98901-2202,Proprietary  ,0,3,3,14,65,79
04043400,ALPINE COLLEGE                          ,WA,99206-5097,Proprietary  ,1,6,7,14,115,129
04120000,SUNNYSIDE BEAUTY ACADEMY                ,WA,98944-8711,Proprietary  ,3,0,3,11,14,25
04127200,VICTORIA'S ACADEMY OF COSMETOLOGY       ,WA,99336-3826,Proprietary  ,2,0,2,28,42,70
04130800,CASCADE BEAUTY COLLEGE                  ,WA,98002-5504,Proprietary  ,1,0,1,3,5,8
04132800,INLAND MASSAGE INSTITUTE                ,WA,99208-5923,Proprietary  ,0,5,5,0,5,5
00340100,BROWN UNIVERSITY                        ,RI,02912-9127,Private      ,3,0,3,10825,272,11097
00340101,BROWN UNIVERSITY - GRADUATE SCHOOL      ,RI,02912-1827,Private      ,0,26,26,37,1461,1498
00340102,BROWN MEDICAL SCHOOL                    ,RI,02912-0000,Private      ,0,1,1,13,375,388
00340200,BRYANT UNIVERSITY                       ,RI,02917-1284,Private      ,2,8,10,4930,321,5251
00340400,JOHNSON & WALES UNIVERSITY              ,RI,02903-3703,Private      ,40,13,53,16683,3459,20142
00340600,PROVIDENCE COLLEGE                      ,RI,02918-0001,Private      ,4,7,11,6920,484,7404
00340700,RHODE ISLAND COLLEGE                    ,RI,02908-1991,Public       ,13,14,27,5989,2883,8872
00340800,COMMUNITY COLLEGE OF RI - WARWICK       ,RI,02906-0000,Public       ,14,29,43,3638,4197,7835
00340801,COMMUNITY COLLEGE OF RI - LINCOLN       ,RI,02865-4585,Public       ,5,14,19,1467,1585,3052
00340802,COMMUNITY COLLEGE OF RI- PROVIDENCE     ,RI,02905-2313,Public       ,1,7,8,1380,1977,3357
00340900,RHODE ISLAND SCHOOL OF DESIGN           ,RI,02903-2784,Private      ,3,0,3,2233,1067,3300
00341000,ROGER WILLIAMS UNIVERSITY               ,RI,02809-2921,Private      ,1,5,6,6162,1309,7471
00341100,SALVE REGINA UNIVERSITY                 ,RI,02840-4192,Private      ,1,5,6,4064,307,4371
00341400,UNIVERSITY OF RHODE ISLAND              ,RI,02881-0000,Public       ,28,33,61,14686,3173,17859
00659100,ST. JOSEPH HOSP SCH OF NURSING          ,RI,02904-5199,Private      ,0,1,1,42,129,171
00784400,GIBBS COLLEGE                           ,RI,02920-7807,Proprietary  ,0,4,4,506,784,1290
00784500,NEW ENGLAND INSTITUTE OF TECHNOLOGY     ,RI,02886-2266,Private      ,14,15,29,2523,1900,4423
01115900,"SAWYER SCHOOL,THE                       ",RI,02860-4117,Proprietary  ,51,152,203,235,982,1217
02071900,ARTHUR ANGELO SCH COSMET&HAIR DSGN      ,RI,02903-0000,Proprietary  ,5,21,26,128,184,312
02176900,WARWICK ACADEMY OF BEAUTY CULTURE       ,RI,02886-1534,Proprietary  ,5,21,26,93,146,239
02584400,NEW ENGLAND TRACTOR TRAILER TRAINING SCH,RI,02860-1752,Proprietary  ,21,172,193,137,1081,1218
03080000,NEWPORT SCHOOL OF HAIRDRESSING          ,RI,02860-4038,Proprietary  ,2,9,11,16,93,109
03115200,MOTORING TECHNICAL TRAINING INST        ,RI,02914-0000,Proprietary  ,7,27,34,106,249,355
03232300,LINCOLN TECHNICAL INSTITUTE             ,RI,02865-4211,Proprietary  ,26,107,133,413,874,1287
03570500,ZION BIBLE COLLEGE                      ,RI,02806-1246,Private      ,2,2,4,144,112,256
03732300,INTERNATIONAL YACHT RESTORATION SCH     ,RI,02840-6720,Private      ,0,1,1,8,27,35
00341700,ALLEN UNIVERSITY                        ,SC,29204-1085,Private      ,8,2,10,718,368,1086
00341800,ANDERSON UNIVERSITY                     ,SC,29621-4035,Private      ,2,14,16,1664,589,2253
00341900,CHARLESTON SOUTHERN UNIVERSITY          ,SC,29406-2160,Private      ,15,34,49,3375,1688,5063
00342000,BENEDICT COLLEGE                        ,SC,29204-1086,Private      ,25,10,35,3300,1321,4621
00342100,BOB JONES UNIVERSITY                    ,SC,29614-1000,Proprietary  ,19,10,29,2172,269,2441
00342200,SOUTHERN WESLEYAN UNIVERSITY            ,SC,29630-1020,Private      ,3,115,118,721,2546,3267
00342300,THE CITADEL                             ,SC,29409-0002,Public       ,12,26,38,2055,875,2930
00342400,CLAFLIN UNIVERSITY                      ,SC,29115-4498,Private      ,26,12,38,2211,927,3138
00342500,CLEMSON UNIVERSITY                      ,SC,29634-0001,Public       ,45,55,100,12130,2773,14903
00342600,UNIV OF SC AT SUMTER                    ,SC,29150-2498,Public       ,4,6,10,669,650,1319
00342700,COKER COLLEGE                           ,SC,29550-3797,Private      ,3,16,19,855,953,1808
00342800,COLLEGE OF CHARLESTON                   ,SC,29424-0100,Public       ,20,28,48,7616,2056,9672
00342900,COLUMBIA INTERNATIONAL UNIVERSITY       ,SC,29203-1599,Private      ,0,5,5,491,642,1133
00343000,COLUMBIA COLLEGE                        ,SC,29203-5998,Private      ,7,64,71,1301,1094,2395
00343100,CONVERSE COLLEGE                        ,SC,29302-0006,Private      ,2,15,17,723,635,1358
00343200,ERSKINE COLLEGE                         ,SC,29639-0000,Private      ,0,0,0,708,24,732
00343201,ERSKINE THEOLOGICAL SEMINARY            ,SC,29639-0000,Private      ,0,4,4,2,171,173
00343400,FURMAN UNIVERSITY                       ,SC,29613-5253,Private      ,4,11,15,2605,287,2892
00343500,LANDER UNIVERSITY                       ,SC,29649-2099,Public       ,14,14,28,2484,790,3274
00343600,LIMESTONE COLLEGE                       ,SC,29340-3799,Private      ,4,55,59,1037,3081,4118
00343700,LUTHERAN THEOLOGICAL SOUTHERN SEM       ,SC,29203-5898,Private      ,0,0,0,1,114,115
00343800,MEDICAL UNIV OF SOUTH CAROLINA - FA     ,SC,29425-1760,Public       ,1,8,9,223,2745,2968
00343900,MORRIS COLLEGE                          ,SC,29150-3599,Private      ,15,7,22,1274,501,1775
00344000,NEWBERRY COLLEGE                        ,SC,29108-2197,Private      ,4,4,8,1372,147,1519
00344100,NORTH GREENVILLE COLLEGE                ,SC,29688-1892,Private      ,4,2,6,2033,297,2330
00344500,PRESBYTERIAN COLLEGE                    ,SC,29325-2503,Private      ,0,1,1,1198,30,1228
00344600,SOUTH CAROLINA STATE UNIVERSITY         ,SC,29117-4427,Public       ,89,54,143,6337,2559,8896
00344700,SPARTANBURG METHODIST COLLEGE           ,SC,29301-5899,Private      ,5,0,5,1165,140,1305
00344800,UNIVERSITY OF SOUTH CAROLINA            ,SC,29208-3999,Public       ,67,195,262,16440,9802,26242
00344900,UNIVERSITY OF SOUTH CAROLINA AIKEN      ,SC,29801-6399,Public       ,10,16,26,2659,1152,3811
00345000,UNIV OF SC AT BEAUFORT                  ,SC,29902-4602,Public       ,4,22,26,736,765,1501
00345100,COASTAL CAROLINA UNIVERSITY             ,SC,29528-0000,Public       ,25,34,59,7691,1632,9323
00345300,UNIV OF SC AT LANCASTER                 ,SC,29721-0889,Public       ,6,10,16,701,675,1376
00345400,UNIV OF SC SYSTEM SALKEHATCHIE          ,SC,29810-0617,Public       ,5,11,16,521,474,995
00345500,VOORHEES COLLEGE                        ,SC,29042-0000,Private      ,4,2,6,591,463,1054
00345600,WINTHROP UNIVERSITY                     ,SC,29733-0001,Public       ,22,69,91,5122,1796,6918
00345700,WOFFORD COLLEGE                         ,SC,29303-3663,Private      ,2,0,2,1478,82,1560
00399000,FLORENCE-DARLINGTON TECH COLLEGE        ,SC,29501-0548,Public       ,41,110,151,2511,3825,6336
00399100,GREENVILLE TECHNICAL COLLEGE            ,SC,29607-2439,Public       ,122,417,539,6758,10717,17475
00399200,PIEDMONT TECHNICAL COLLEGE              ,SC,29648-1467,Public       ,39,177,216,2014,4343,6357
00399300,MIDLANDS TECHNICAL COLLEGE              ,SC,29202-0000,Public       ,110,278,388,6205,9532,15737
00399400,SPARTANBURG COMMUNITY COLLEGE           ,SC,29305-4386,Public       ,38,158,196,2702,4042,6744
00399500,CENTRAL CAROLINA TECHNICAL COLLEGE      ,SC,29150-2499,Public       ,32,143,175,1232,3336,4568
00399600,YORK TECHNICAL COLLEGE                  ,SC,29730-3395,Public       ,49,187,236,2402,4897,7299
00492000,TRIDENT TECHNICAL COLLEGE               ,SC,29423-8067,Public       ,136,382,518,5979,9431,15410
00492300,CLINTON JR COLLEGE                      ,SC,29730-5152,Private      ,1,3,4,100,57,157
00492400,FORREST JUNIOR COLLEGE                  ,SC,29624-2405,Proprietary  ,3,20,23,29,212,241
00492500,HORRY-GEORGETOWN TECH COLLEGE           ,SC,29526-9521,Public       ,49,166,215,2725,4682,7407
00492600,TRI-COUNTY TECHNICAL COLLEGE            ,SC,29670-9133,Public       ,38,116,154,2915,3400,6315
00492700,UNIV OF SC AT UNION                     ,SC,29379-0729,Public       ,0,1,1,187,161,348
00536300,DENMARK TECHNICAL COLLEGE               ,SC,29042-0000,Public       ,20,42,62,915,873,1788
00681500,ORANGEBURG-CALHOUN TECHNICAL COLG       ,SC,29118-8299,Public       ,32,78,110,1311,2310,3621
00695100,UNIVERSITY OF SOUTH CAROLINA UPSTATE    ,SC,29303-9972,Public       ,23,41,64,4297,2264,6561
00760200,NORTHEASTERN TECHNICAL COLLEGE          ,SC,29520-7015,Public       ,21,63,84,518,1131,1649
00922600,FRANCIS MARION UNIVERSITY               ,SC,29501-0000,Public       ,18,21,39,3908,1285,5193
00932200,WILLIAMSBURG TECHNICAL COLLEGE          ,SC,29556-4197,Public       ,34,40,74,365,733,1098
00991000,TECHNICAL COLLEGE OF THE LOWCOUNTRY     ,SC,29902-5441,Public       ,22,111,133,784,2035,2819
00991100,UNIV OF SC-REGIONAL CAMPUSES ADMIN      ,SC,29208-0001,Public       ,2,3,5,109,78,187
01005600,AIKEN TECHNICAL COLLEGE                 ,SC,29802-0696,Public       ,27,80,107,1568,2842,4410
01209200,KENNETH SHULER SCHOOL OF COSMETOLOGY    ,SC,29732-2169,Proprietary  ,8,14,22,20,76,96
01303907,SOUTH UNIVERSITY                        ,SC,29203-6400,Proprietary  ,21,101,122,272,1544,1816
02063700,SHERMAN CLG STRAIGHT CHIROPRACTIC       ,SC,29316-0000,Private      ,0,0,0,8,349,357
02189800,NO AMER INST OF AVIATION OF SO CAR      ,SC,29527-0000,Proprietary  ,0,0,0,1,6,7
02338600,CHARZANNE BEAUTY COLLEGE                ,SC,29649-0000,Proprietary  ,3,4,7,29,97,126
02341100,KENNETH SHULER SCHOOL OF COSMETOLOGY & N,SC,29210-0000,Proprietary  ,19,50,69,175,458,633
02356600,CHARLESTON COSMETOLOGY INSTITUTE        ,SC,29420-0000,Proprietary  ,7,11,18,92,146,238
02552400,ACADEMY OF HAIR TECHNOLOGY              ,SC,29615-2363,Proprietary  ,2,9,11,57,126,183
02567600,SUMTER BEAUTY COLLEGE                   ,SC,29150-0000,Proprietary  ,1,4,5,26,91,117
02614202,MILLER - MOTTE TECHNICAL COLLEGE - NORTH,SC,29406-9239,Proprietary  ,28,88,116,302,1174,1476
03010614,VIRGINIA COLLEGE - GOLF ACADEMY OF AMERI,SC,29579-0000,Proprietary  ,7,8,15,219,223,442
03052300,KENNETH SHULER SCH COSM & HAIR DESG     ,SC,29841-2013,Proprietary  ,6,13,19,47,119,166
03088300,ACADEMY OF COSMETOLOGY                  ,SC,29418-5667,Proprietary  ,3,14,17,27,127,154
03258300,SOUTHERN METHODIST COLLEGE              ,SC,29116-1027,Private      ,0,0,0,10,35,45
03293300,STRAND COLLEGE OF HAIR DESIGN           ,SC,29572-4310,Proprietary  ,2,3,5,27,76,103
03304300,CENTURA COLLEGE                         ,SC,29406-9235,Proprietary  ,13,67,80,206,813,1019
03513300,LACY COSMETOLOGY SCHOOL                 ,SC,29803-9084,Proprietary  ,0,6,6,26,66,92
03513301,LACY COSMETOLOGY SCHOOL -               ,SC,29072-0000,Proprietary  ,0,1,1,11,53,64
03513302,LACY COSMETOLOGY SCHOOL -               ,SC,29445-0000,Proprietary  ,0,3,3,3,22,25
03595300,CHARLESTON SCHOOL OF MASSAGE            ,SC,29412-8270,Proprietary  ,0,0,0,14,37,51
03746300,LEGRAND INSTITUTE OF COSMETOLOGY        ,SC,29020-0000,Proprietary  ,0,1,1,22,48,70
03746400,SOUTHEASTERN INSTITUTE                  ,SC,29210-0000,Proprietary  ,7,26,33,65,189,254
03768400,STYLETRENDS BARBER AND HAIRSTYLING ACADE,SC,29730-4511,Proprietary  ,0,5,5,11,60,71
03842300,PLATINUM SHEAR SCHOOL OF COSMETOLOGY    ,SC,29115-0000,Proprietary  ,0,0,0,6,33,39
03856400,W. L. BONNER COLLEGE                    ,SC,29203-0000,Private      ,0,1,1,7,76,83
03892300,HARLEY'S BEAUTY & BARBER CAREER INST.   ,SC,29204-1919,Proprietary  ,0,6,6,14,91,105
04096300,CHARLESTON SCHOOL OF LAW                ,SC,29402-0535,Proprietary  ,1,19,20,1,274,275
00345800,AUGUSTANA COLLEGE                       ,SD,57197-0001,Private      ,3,3,6,1682,201,1883
00345900,BLACK HILLS STATE UNIVERSITY            ,SD,57799-9670,Public       ,5,27,32,2134,1520,3654
00346100,DAKOTA WESLEYAN UNIVERSITY              ,SD,57301-4398,Private      ,1,2,3,607,323,930
00346300,DAKOTA STATE UNIVERSITY                 ,SD,57042-1799,Public       ,2,5,7,1109,543,1652
00346500,MOUNT MARTY COLLEGE                     ,SD,57078-3724,Private      ,0,5,5,574,551,1125
00346600,NORTHERN STATE UNIVERSITY               ,SD,57401-7198,Public       ,3,5,8,1388,634,2022
00346700,PRESENTATION COLLEGE                    ,SD,57401-1299,Private      ,3,12,15,362,557,919
00346900,UNIVERSITY OF SIOUX FALLS               ,SD,57105-1699,Private      ,2,6,8,1239,524,1763
00347000,SOUTH DAKOTA SCH OF MINES & TECH        ,SD,57701-3995,Public       ,3,4,7,1217,512,1729
00347100,SOUTH DAKOTA STATE UNIVERSITY           ,SD,57007-2298,Public       ,9,16,25,7412,2700,10112
00347400,UNIVERSITY OF SOUTH DAKOTA              ,SD,57069-2390,Public       ,5,32,37,4528,3943,8471
00405600,SIOUX FALLS SEMINARY                    ,SD,57105-2729,Private      ,0,0,0,1,96,97
00405700,NATIONAL AMERICAN UNIVERSITY            ,SD,57701-3692,Proprietary  ,10,115,125,574,4893,5467
00405707,NATIONAL AMERICAN UNIVERSITY            ,SD,57105-0000,Proprietary  ,0,1,1,69,270,339
00492900,MCKENNAN HOSP-RADOLOGICAL TECH          ,SD,57101-0000,Private      ,0,0,0,28,8,36
00530900,LAKE AREA TECHNICAL INSTITUTE           ,SD,57201-2869,Public       ,1,0,1,771,358,1129
00598700,AVERA SACRED HEART HOSPITAL SCHOOL OF RA,SD,57078-3899,Private      ,0,0,0,8,5,13
00776400,SOUTHEAST TECHNICAL INST                ,SD,57107-0000,Public       ,6,20,26,1366,984,2350
00828400,MITCHELL TECHNICAL INSTITUTE            ,SD,57301-2002,Public       ,0,2,2,463,298,761
01013800,STEWART SCHOOL                          ,SD,57104-0000,Proprietary  ,1,5,6,118,59,177
01014804,COLORADO TECHNICAL UNIVERSITY           ,SD,57108-2272,Proprietary  ,3,15,18,350,1001,1351
01017000,WESTERN DAKOTA TECHNICAL INSTITUTE      ,SD,57701-4018,Public       ,5,16,21,525,772,1297
01147701,SIOUX VALLEY HOSP-MEDICAL TECH          ,SD,57117-5039,Private      ,0,0,0,23,9,32
01465900,OGLALA LAKOTA COLLEGE                   ,SD,57752-0490,Public       ,4,8,12,319,1321,1640
02137100,BLACK HILLS BEAUTY COLLEGE              ,SD,57701-0000,Proprietary  ,1,7,8,68,70,138
02143700,SINTE GLESKA UNIVERSITY                 ,SD,57570-0000,Public       ,2,23,25,137,681,818
02144600,KILIAN COMMUNITY COLLEGE                ,SD,57103-7020,Private      ,0,5,5,129,505,634
02277300,SISSETON WAHPETON COLLEGE               ,SD,57262-0000,Public       ,0,3,3,37,190,227
02297800,HEADLINES ACADEMY                       ,SD,57701-0000,Proprietary  ,1,2,3,44,91,135
00347700,AQUINAS COLLEGE                         ,TN,37205-2086,Private      ,3,7,10,246,682,928
00347701,AQUINAS COLLEGE -  PRIMETIME PROGRAM    ,TN,37214-3644,Private      ,0,14,14,8,334,342
00347800,AUSTIN PEAY STATE UNIVERSITY            ,TN,37044-0002,Public       ,14,128,142,5517,6415,11932
00347900,BELMONT UNIVERSITY                      ,TN,37212-3757,Private      ,9,40,49,4215,1959,6174
00348000,BETHEL COLLEGE                          ,TN,38201-1705,Private      ,12,176,188,1139,2209,3348
00348001,BETHEL COLLEGE - SUCCESS                ,TN,37040-6034,Private      ,0,0,0,0,2,2
00348100,CARSON-NEWMAN COLLEGE                   ,TN,37760-2204,Private      ,0,8,8,2666,536,3202
00348200,CHRISTIAN BROTHERS UNIVERSITY           ,TN,38104-5581,Private      ,2,20,22,1806,1369,3175
00348300,COLUMBIA STATE COMMUNITY COLLEGE        ,TN,38401-5653,Public       ,29,56,85,2184,2445,4629
00348500,CUMBERLAND UNIVERSITY                   ,TN,37087-3554,Private      ,2,22,24,1235,724,1959
00348600,LIPSCOMB UNIVERSITY                     ,TN,37204-3951,Private      ,8,45,53,2458,849,3307
00348700,EAST TENNESSEE STATE UNIV - MAIN CAMPUS ,TN,37614-2857,Public       ,29,123,152,7798,5412,13210
00348701,EAST TENNESSEE STATE UNIV - MEDICINE    ,TN,37614-1708,Public       ,1,0,1,80,350,430
00348709,EAST TENNESSEE STATE UNIV - PHARMACY    ,TN,37614-1704,Public       ,0,1,1,1251,669,1920
00349000,FISK UNIVERSITY                         ,TN,37208-3045,Private      ,19,6,25,1455,398,1853
00349200,FREED-HARDEMAN UNIVERSITY               ,TN,38340-2399,Private      ,5,20,25,1604,841,2445
00349400,HIWASSEE COLLEGE                        ,TN,37354-4001,Private      ,3,2,5,455,114,569
00349500,JOHNSON BIBLE COLLEGE                   ,TN,37998-9775,Private      ,2,2,4,587,262,849
00349600,KING COLLEGE                            ,TN,37620-2699,Private      ,3,4,7,1076,860,1936
00349800,LAMBUTH UNIVERSITY                      ,TN,38301-5296,Private      ,4,3,7,1086,310,1396
00349900,LANE COLLEGE                            ,TN,38301-4598,Private      ,8,10,18,2273,855,3128
00350000,LEE UNIVERSITY                          ,TN,37320-0000,Private      ,7,38,45,3139,1188,4327
00350100,LEMOYNE-OWEN COLLEGE                    ,TN,38126-6510,Private      ,4,17,21,652,844,1496
00350200,LINCOLN MEMORIAL UNIVERSITY             ,TN,37752-7920,Private      ,1,34,35,1269,2643,3912
00350400,MARTIN METHODIST COLLEGE                ,TN,38478-2799,Private      ,2,6,8,740,439,1179
00350500,MARYVILLE COLLEGE                       ,TN,37804-5907,Private      ,1,0,1,1835,171,2006
00350600,MEHARRY MEDICAL COLLEGE                 ,TN,37208-0000,Private      ,0,3,3,42,1158,1200
00350700,MEMPHIS COLLEGE OF ART                  ,TN,38104-2764,Private      ,2,3,5,503,165,668
00350900,UNIVERSITY OF MEMPHIS (THE)             ,TN,38152-4611,Public       ,52,250,302,13298,13613,26911
00351000,MIDDLE TENNESSEE STATE UNIV             ,TN,37130-0000,Public       ,74,172,246,18293,8770,27063
00351100,MILLIGAN COLLEGE                        ,TN,37682-4001,Private      ,1,8,9,902,479,1381
00351700,SOUTHERN COLLEGE OF OPTOMETRY           ,TN,38104-2222,Private      ,0,1,1,10,558,568
00351800,SOUTHERN ADVENTIST UNIVERSITY           ,TN,37315-0370,Private      ,13,6,19,2006,575,2581
00351900,RHODES COLLEGE                          ,TN,38112-1690,Private      ,3,2,5,2124,191,2315
00352200,TENNESSEE STATE UNIVERSITY              ,TN,37209-1561,Public       ,38,126,164,9601,7237,16838
00352300,TENNESSEE TECHNOLOGICAL UNIV            ,TN,38505-0001,Public       ,12,127,139,7348,3392,10740
00352400,TENNESSEE TEMPLE UNIVERSITY             ,TN,37404-3587,Private      ,3,11,14,568,242,810
00352500,TENNESSEE WESLEYAN COLLEGE              ,TN,37371-0040,Private      ,7,10,17,887,399,1286
00352600,TREVECCA NAZARENE UNIVERSITY            ,TN,37210-2877,Private      ,2,28,30,1063,1818,2881
00352700,TUSCULUM COLLEGE                        ,TN,37743-0001,Private      ,5,30,35,1724,2040,3764
00352800,UNION UNIVERSITY                        ,TN,38305-3697,Private      ,7,105,112,2021,1915,3936
00352900,UNIVERSITY OF TENNESSEE-CHATTANOOGA     ,TN,37403-2598,Public       ,31,64,95,9006,3359,12365
00353000,UNIVERSITY OF TENNESSEE-KNOXVILLE       ,TN,37996-0150,Public       ,74,118,192,22840,8092,30932
00353006,UNIVERSITY OF TENNESSEE-HEALTH SCI CTR  ,TN,38103-0000,Public       ,1,9,10,312,2821,3133
00353100,UNIVERSITY OF TENNESSEE-MARTIN          ,TN,38238-0002,Public       ,20,71,91,6402,2617,9019
00353400,UNIVERSITY OF THE SOUTH                 ,TN,37383-1000,Private      ,2,3,5,1415,62,1477
00353500,VANDERBILT UNIVERSITY                   ,TN,37240-0001,Private      ,8,38,46,7756,4617,12373
00353501,VANDERBILT UNIV MED CTR ALLIEDHEAL      ,TN,37232-5510,Private      ,0,1,1,22,152,174
00353502,VANDERBILT UNIV - SCH OF MED            ,TN,37232-0000,Private      ,0,1,1,58,850,908
00353600,BRYAN COLLEGE                           ,TN,37321-7000,Private      ,3,10,13,945,426,1371
00399800,CHATTANOOGA STATE COMMUNITY COLLEGE     ,TN,37406-1097,Public       ,57,207,264,3546,5430,8976
00399900,CLEVELAND STATE COMMUNITY COLLEGE       ,TN,37312-2858,Public       ,11,42,53,1289,1766,3055
00402500,TN TECHNOLOGY CTR AT KNOXVILLE          ,TN,37919-2327,Public       ,21,53,74,383,979,1362
00402600,TENNESSEE TECH. CNTR AT CROSSVILLE      ,TN,38555-4142,Public       ,5,22,27,242,468,710
00461700,NATIONAL COLLEGE OF BUSINESS & TECH     ,TN,37211-6605,Proprietary  ,25,208,233,231,1945,2176
00493400,DRAUGHONS JR CLG OF BUSINESS            ,TN,37217-1056,Proprietary  ,43,240,283,535,2855,3390
00493700,JACKSON STATE COMMUNITY COLLEGE         ,TN,38301-3797,Public       ,16,45,61,2367,2954,5321
00493800,SOUTH COLLEGE                           ,TN,37909-3323,Proprietary  ,17,112,129,375,1621,1996
00494700,WEST TENNESSEE BUSINESS COLLEGE         ,TN,38301-3256,Proprietary  ,6,33,39,96,561,657
00528000,TN TECHNOLOGY CTR AT COVINGTON          ,TN,38019-0249,Public       ,10,18,28,120,250,370
00528100,TN TECHNOLOGY CTR AT ELIZABETHTON       ,TN,37643-0789,Public       ,7,36,43,216,810,1026
00528200,TN TECHNOLOGY CTR AT HARTSVILLE         ,TN,37074-0000,Public       ,1,1,2,141,292,433
00528300,TN TECHNOLOGY CTR AT NEWBERN            ,TN,38059-1198,Public       ,3,11,14,124,415,539
00530700,TN TECHNOLOGY CTR AT MCMINNVILLE        ,TN,37110-1322,Public       ,4,3,7,125,383,508
00535100,TENNESSEE TECHNOLOGY CENTER AT MORRISTOW,TN,37813-2094,Public       ,7,19,26,380,870,1250
00535200,TN TECHNOLOGY CENTER AT MCKENZIE        ,TN,38201-1620,Public       ,1,2,3,146,342,488
00535300,TN TECHNOLOGY CENTER AT LIVINGSTON      ,TN,38570-0219,Public       ,5,11,16,249,497,746
00535400,TN TECHNOLOGY CTR AT JACKSON            ,TN,38301-0000,Public       ,2,8,10,350,840,1190
00535600,TENNESSEE TECHNOLOGY CENTER AT HOHENWALD,TN,38462-0000,Public       ,23,23,46,229,507,736
00535700,TENNESSEE TECHNOLOGY CENTER AT CRUMP    ,TN,38327-3402,Public       ,2,2,4,166,421,587
00535800,TN TECHNOLOGY CENTER AT ATHENS          ,TN,37371-0848,Public       ,5,5,10,165,308,473
00535900,TENNESSEE TECHNOLOGY CENTER AT NASHVILLE,TN,37209-0000,Public       ,24,66,90,425,1174,1599
00536000,TENNESSEE TECHNOLOGY CENTER AT MEMPHIS  ,TN,38105-3604,Public       ,9,26,35,676,1731,2407
00537800,NORTHEAST STATE TECH CMNTY COLG         ,TN,37617-0246,Public       ,25,64,89,2417,3182,5599
00537900,TN TECHNOLOGY CTR AT SHELBYVILLE        ,TN,37160-3697,Public       ,1,6,7,324,725,1049
00683500,DYERSBURG STATE COMMUNITY COLLEGE       ,TN,38024-0000,Public       ,10,34,44,1295,1876,3171
00683600,MOTLOW STATE COMMUNITY COLLEGE          ,TN,37388-7972,Public       ,19,74,93,1963,2198,4161
00743900,FOUNTAINHEAD COLLEGE OF TECHNOLOGY      ,TN,37918-2583,Proprietary  ,2,2,4,98,184,282
00744000,NASHVILLE AUTO DIESEL COLLEGE           ,TN,37206-3298,Proprietary  ,176,71,247,2686,903,3589
00778200,TENNESSEE TECHNOLOGY CENTER AT DICKSON  ,TN,37055-0000,Public       ,8,19,27,271,682,953
00778300,MIDDLE TENNESSEE SCH OF ANESTHESIA      ,TN,37116-0417,Private      ,0,1,1,7,153,160
00814500,NASHVILLE STATE TECH CMNTY COLLEGE      ,TN,37209-0000,Public       ,32,170,202,2256,4676,6932
00865500,GENESIS CAREER COLLEGE OF COOKEVILLE    ,TN,38501-1959,Proprietary  ,4,21,25,49,144,193
00885900,JOHN A GUPTON COLLEGE                   ,TN,37203-2934,Private      ,0,4,4,64,113,177
00886300,WALTERS STATE COMMUNITY COLLEGE         ,TN,37813-6899,Public       ,19,74,93,2998,3217,6215
00946400,TN TECHNOLOGY CTR AT PULASKI            ,TN,38478-4541,Public       ,9,17,26,117,400,517
00956700,TENNESSEE SCHOOL OF BEAUTY              ,TN,37921-3303,Proprietary  ,2,19,21,107,210,317
00971000,TENNESSEE TECHNOLOGY CENTER AT ONEIDA/HU,TN,37756-4149,Public       ,3,3,6,76,236,312
00991200,VOLUNTEER STATE COMMUNITY COLLEGE       ,TN,37066-3188,Public       ,34,114,148,2859,3542,6401
00991400,ROANE STATE COMMUNITY COLLEGE           ,TN,37748-8664,Public       ,20,59,79,2699,3102,5801
00998200,CRICHTON COLLEGE                        ,TN,38111-4745,Private      ,7,36,43,607,1359,1966
01021700,INTERNATIONAL ACADEMY OF DESIGN & TECH  ,TN,37212-0000,Proprietary  ,1,11,12,716,875,1591
01032600,TN TECHNOLOGY CTR AT HARRIMAN           ,TN,37748-1109,Public       ,10,20,30,143,283,426
01043900,SOUTHWEST TENNESSEE COMMUNITY COLLG     ,TN,38104-3322,Public       ,91,334,425,5300,10103,15403
01044700,"PLAZA BEAUTY SCHOOL, INC.               ",TN,38117-4822,Proprietary  ,3,9,12,62,143,205
01046000,AMERICAN BAPTIST THEOLOGICAL SEMINA     ,TN,37207-4994,Private      ,0,0,0,20,98,118
01052900,MEMPHIS THEOLOGICAL SEMINARY            ,TN,38104-0000,Private      ,0,3,3,5,200,205
01070000,TN TECHNOLOGY CENTER AT JACKSBORO       ,TN,37757-2461,Public       ,1,0,1,93,194,287
01155300,WM R MOORE COLLEGE OF TECHNOLOGY        ,TN,38104-0000,Private      ,2,4,6,67,94,161
01216400,TENNESSEE TECHNICAL CNTR AT RIPLEY      ,TN,38063-7359,Public       ,1,15,16,61,271,332
01254700,EMMANUEL SCHOOL OF RELIGION             ,TN,37601-0000,Private      ,0,0,0,1,54,55
01269300,PELLISSIPPI STATE COMMUNITY COLLEGE     ,TN,37933-0990,Public       ,44,103,147,3918,3594,7512
02092800,TENNESSEE TECHNOLOGY CENTER AT WHITEVILL,TN,38075-0000,Public       ,2,12,14,118,252,370
02103500,TN TECHNOLOGY CTR AT MURFREESBORO       ,TN,37129-0000,Public       ,1,6,7,209,405,614
02106400,O'MORE COLLEGE OF DESIGN                ,TN,37064-0000,Private      ,0,0,0,207,71,278
02125300,NASHVILLE CLG OF MEDICAL CAREERS        ,TN,37115-0000,Proprietary  ,3,38,41,47,325,372
02153100,JON NAVE UNIVERSITY OF COSMETOLOGY      ,TN,37013-3347,Proprietary  ,10,25,35,121,189,310
02157100,CONCORDE CAREER COLLEGE                 ,TN,38137-0000,Proprietary  ,14,140,154,318,1751,2069
02188300,PENTECOSTAL THEOLOGICAL SEMINARY        ,TN,37320-0000,Private      ,0,2,2,3,231,234
02204200,"CHATTANOOGA COLLEGE - MEDICAL, DENTAL AN",TN,37411-0000,Proprietary  ,2,52,54,37,375,412
02237900,TN TECHNOLOGY CENTER AT PARIS           ,TN,38242-0000,Public       ,3,3,6,153,605,758
02257400,ARNOLD'S BEAUTY SCHOOL                  ,TN,38358-0000,Proprietary  ,4,6,10,36,80,116
02263104,HIGH-TECH INSTITUTE - NASHVILLE         ,TN,37214-2531,Proprietary  ,1,2,3,4,17,21
02275500,REUBEN-ALLEN COLLEGE                    ,TN,37922-0000,Proprietary  ,2,2,4,28,31,59
02278700,MR WAYNES SCH OF UNISEX HAIR DESIGN     ,TN,38501-0000,Proprietary  ,2,2,4,9,39,48
02293900,VOLUNTEER BEAUTY ACADEMY-NASHVILLE      ,TN,37115-2112,Proprietary  ,3,12,15,36,101,137
02294000,VOLUNTEER BEAUTY ACADEMY-DYERSBURG      ,TN,38024-1622,Proprietary  ,3,12,15,42,106,148
02326200,KAPLAN CAREER INSTITUTE                 ,TN,37217-1342,Proprietary  ,16,90,106,92,658,750
02326202,KAPLAN CAREER INSTITUTE - THOMPSON LANE ,TN,37204-3692,Proprietary  ,2,2,4,2,14,16
02326300,MEDVANCE INSTITUTE                      ,TN,38501-4305,Proprietary  ,31,109,140,441,1540,1981
02335900,VOLUNTEER BEAUTY ACADEMY-NASHVILLE      ,TN,37209-3033,Proprietary  ,1,7,8,28,74,102
02359800,ITT TECHNICAL INSTITUTE                 ,TN,37214-3717,Proprietary  ,98,237,335,1397,2886,4283
02498000,NEW WAVE HAIR ACADEMY                   ,TN,38128-0000,Proprietary  ,9,28,37,66,222,288
02539800,QUEEN CITY COLLEGE                      ,TN,37042-0000,Proprietary  ,5,10,15,42,215,257
02540000,TENNESSEE ACADEMY OF COSMETOLOGY        ,TN,38133-0000,Proprietary  ,0,4,4,64,149,213
02578200,NOSSI COLLEGE OF ART                    ,TN,37072-0000,Proprietary  ,7,9,16,263,364,627
02595000,FAYETTEVILLE BEAUTY SCHOOL              ,TN,37334-2909,Proprietary  ,3,5,8,43,84,127
02597600,NEW WAVE HAIR ACADEMY                   ,TN,38301-3812,Proprietary  ,5,27,32,61,259,320
02599710,VATTEROTT COLLEGE - MEMPHIS             ,TN,38132-1714,Proprietary  ,7,77,84,158,976,1134
02605501,REMINGTON COLLEGE - MEMPHIS CAMPUS      ,TN,38132-0000,Proprietary  ,21,122,143,378,1674,2052
02614200,MILLER MOTTE BUSINESS COLLEGE           ,TN,37040-6023,Proprietary  ,14,54,68,204,932,1136
02614203,MILLER - MOTTE TECHNICAL COLLEGE - CHATT,TN,37421-7220,Proprietary  ,24,78,102,295,1132,1427
02614204,MILLER - MOTTE TECHNICAL COLLEGE - GOODL,TN,37072-1870,Proprietary  ,6,36,42,62,360,422
03001800,FREE WILL BAPTIST BIBLE COLLEGE         ,TN,37205-2498,Private      ,1,1,2,240,109,349
03008800,FRANKLIN ACADEMY                        ,TN,37312-3939,Private      ,3,8,11,25,62,87
03010606,VIRGINIA COLLEGE - SCH OF BUSNSS & HLTH ,TN,37411-5600,Proprietary  ,0,4,4,13,91,104
03012500,NEW WAVE HAIR ACADEMY                   ,TN,38111-4253,Proprietary  ,17,66,83,136,512,648
03024900,TENNESSEE ACADEMY OF COSMETOLOGY        ,TN,38125-3442,Proprietary  ,3,11,14,43,162,205
03061100,GENESIS CAREER COLLEGE OF LEBANON       ,TN,37087-2718,Proprietary  ,20,51,71,89,342,431
03073400,ITT TECHNICAL INSTITUTE                 ,TN,37932-3343,Proprietary  ,236,287,523,1777,2882,4659
03076405,HIGH-TECH INSTITUTE - MEMPHIS           ,TN,38134-7345,Proprietary  ,2,6,8,12,29,41
03079100,NORTH CENTRAL INSTITUTE                 ,TN,37042-3116,Proprietary  ,2,3,5,18,65,83
03088800,WATKINS INSTITUTE COLLEGE OF ART & DESIG,TN,37228-1306,Private      ,0,2,2,339,227,566
03126900,STYLES & PROFILES BEAUTY COLLEGE        ,TN,38375-2109,Proprietary  ,1,0,1,8,25,33
03149300,NEW DIRECTIONS HAIR ACADEMY             ,TN,37209-0000,Proprietary  ,11,31,42,124,386,510
03355400,RICHMONT GRADUATE UNIVERSITY            ,TN,37404-0000,Private      ,0,2,2,5,106,111
03440300,BAPTIST MEMORIAL COLLEGE OF HEALTH      ,TN,38104-3104,Private      ,5,4,9,617,1159,1776
03454300,TENNESSEE CAREER COLLEGE                ,TN,37214-2945,Proprietary  ,0,0,0,22,143,165
03480303,MEDVANCE INSTITUTE - NASHVILLE          ,TN,37203-1536,Proprietary  ,6,38,44,6,40,46
03487300,TEMPLE BAPTIST SEMINARY                 ,TN,37404-0000,Private      ,0,0,0,8,25,33
03513500,WILLIAMSON CHRISTIAN COLLEGE            ,TN,37067-8237,Private      ,0,3,3,6,74,80
03647300,NEW CONCEPTS SCHOOL OF COSMETOLOGY      ,TN,37311-7373,Proprietary  ,1,5,6,15,56,71
03683300,INTERNATIONAL BARBER & STYLE COLLEGE    ,TN,37209-0000,Proprietary  ,6,15,21,41,249,290
03701300,MEMPHIS INSTITUTE OF BARBERING          ,TN,38107-4334,Proprietary  ,5,19,24,5,19,24
03774300,PYRAMID BEAUTY SCHOOL                   ,TN,38104-2324,Proprietary  ,0,0,0,9,23,32
03774400,SHEAR ACADEMY                           ,TN,38555-4177,Proprietary  ,0,1,1,14,30,44
03830300,SAE INSTITUTE OF TECHNOLOGY             ,TN,37203-4310,Proprietary  ,1,3,4,179,198,377
03841300,CAREER BEAUTY COLLEGE                   ,TN,38464-3634,Proprietary  ,1,4,5,12,43,55
03920300,INSTITUTE OF HAIR DESIGN                ,TN,38310-1801,Proprietary  ,0,7,7,21,71,92
03930300,BUCHANAN BEAUTY COLLEGE                 ,TN,37160-2741,Proprietary  ,1,1,2,10,40,50
03982300,VISIBLE SCHOOL - MUSIC AND WORSHIPS ARTS,TN,38104-5814,Private      ,1,0,1,46,33,79
04025300,LAST MINUTE CUTS SCHOOL OF BARBERING AND,TN,38109-7709,Proprietary  ,0,6,6,22,100,122
04035300,NAVE COSMETOLOGY ACADEMY                ,TN,38401-6335,Proprietary  ,8,17,25,49,186,235
04037400,MASON ACADEMY OF COSMETOLOGY            ,TN,38049-7048,Proprietary  ,0,0,0,1,5,6
04124100,ELITE COLLEGE OF COSMETOLOGY            ,TN,38351-1431,Proprietary  ,1,6,7,12,42,54
00353700,ABILENE CHRISTIAN UNIVERSITY            ,TX,79699-3701,Private      ,16,50,66,3927,1248,5175
00353900,ALVIN COMMUNITY COLLEGE                 ,TX,77511-4807,Public       ,25,77,102,816,1646,2462
00354000,AMARILLO COLLEGE                        ,TX,79109-2446,Public       ,48,164,212,2536,5035,7571
00354100,ANGELO STATE UNIVERSITY                 ,TX,76909-5069,Public       ,34,40,74,4942,2108,7050
00354300,AUSTIN COLLEGE                          ,TX,75090-4440,Private      ,7,0,7,1572,118,1690
00354400,AUSTIN PRESBYTERIAN THEOLOGICAL SEM     ,TX,78705-5797,Private      ,0,0,0,1,124,125
00354500,BAYLOR UNIVERSITY                       ,TX,76798-1458,Private      ,99,46,145,13945,3385,17330
00354600,COASTAL BEND COLLEGE                    ,TX,78102-2197,Public       ,30,73,103,1319,1933,3252
00354900,BLINN COLLEGE                           ,TX,77833-4098,Public       ,110,86,196,7418,3291,10709
00355300,CISCO JUNIOR COLLEGE                    ,TX,76437-9803,Public       ,8,12,20,1558,1790,3348
00355400,CLARENDON COLLEGE                       ,TX,79226-0000,Public       ,7,10,17,395,330,725
00355600,COMMONWEALTH INST OF FUNERAL SVC        ,TX,77090-5918,Private      ,1,2,3,48,155,203
00355700,CONCORDIA UNIVERSITY TEXAS              ,TX,78726-4141,Private      ,3,39,42,1001,1629,2630
00355800,NORTH CENTRAL TEXAS COLLEGE             ,TX,76240-4699,Public       ,30,74,104,1774,2323,4097
00356000,DALLAS BAPTIST UNIVERSITY               ,TX,75211-9299,Private      ,10,111,121,2187,3394,5581
00356100,CEDAR VALLEY COLLEGE                    ,TX,75134-0000,Public       ,43,95,138,1541,2704,4245
00356200,DALLAS THEOLOGICAL SEM                  ,TX,75204-0000,Private      ,0,6,6,9,564,573
00356300,DEL MAR COLLEGE                         ,TX,78404-3897,Public       ,52,161,213,3979,5854,9833
00356400,EAST TEXAS BAPTIST UNIVERSITY           ,TX,75670-1423,Private      ,3,1,4,1509,333,1842
00356500,TEXAS A&M UNIVERSITY - COMMERCE         ,TX,75429-3011,Public       ,20,119,139,3566,5137,8703
00356600,EPISCOPAL THEOL SEM OF THE STHWST       ,TX,78768-0000,Private      ,0,0,0,0,6,6
00356800,FRANK PHILLIPS COLLEGE                  ,TX,79008-0000,Public       ,10,43,53,365,550,915
00357000,GRAYSON COUNTY COLLEGE                  ,TX,75020-8299,Public       ,21,55,76,1166,2106,3272
00357100,HARDIN-SIMMONS UNIVERSITY               ,TX,79698-6050,Private      ,6,4,10,2041,938,2979
00357200,TRINITY VALLEY COMMUNITY COLLEGE        ,TX,75751-2734,Public       ,33,87,120,1607,2791,4398
00357300,HILL COLLEGE                            ,TX,76645-2711,Public       ,4,18,22,576,626,1202
00357301,HILL COLLEGE                            ,TX,76031-0000,Public       ,4,40,44,491,1076,1567
00357400,HOWARD COLLEGE                          ,TX,79720-0213,Public       ,14,50,64,1016,1660,2676
00357500,HOWARD PAYNE UNIVERSITY                 ,TX,76801-2715,Private      ,2,2,4,1341,386,1727
00357600,HOUSTON BAPTIST UNIVERSITY              ,TX,77074-3298,Private      ,19,25,44,2347,1784,4131
00357700,HUSTON - TILLOTSON UNIVERSITY           ,TX,78702-2795,Private      ,2,19,21,779,480,1259
00357800,UNIVERSITY OF THE INCARNATE WORD        ,TX,78209-6398,Private      ,16,53,69,3671,3899,7570
00357900,JACKSONVILLE COLLEGE                    ,TX,75766-4759,Private      ,0,1,1,208,141,349
00358000,KILGORE COLLEGE                         ,TX,75662-3299,Public       ,32,57,89,2267,3012,5279
00358100,LAMAR UNIVERSITY-BEAUMONT               ,TX,77710-0042,Public       ,51,133,184,5931,4508,10439
00358200,LAREDO COMMUNITY COLLEGE                ,TX,78040-4395,Public       ,30,45,75,4115,3363,7478
00358300,LEE COLLEGE                             ,TX,77520-4796,Public       ,30,110,140,1211,3020,4231
00358400,LETOURNEAU UNIVERSITY                   ,TX,75607-0000,Private      ,7,227,234,1481,3656,5137
00358500,LON MORRIS COLLEGE                      ,TX,75766-2900,Private      ,3,2,5,359,106,465
00358600,LUBBOCK CHRISTIAN UNIVERSITY            ,TX,79407-2099,Private      ,5,8,13,1426,1091,2517
00358800,UNIVERSITY OF MARY HARDIN-BAYLOR        ,TX,76513-2599,Private      ,12,34,46,2321,1289,3610
00359000,MCLENNAN COMMUNITY COLLEGE              ,TX,76708-1498,Public       ,41,119,160,3291,5290,8581
00359100,MCMURRY UNIVERSITY                      ,TX,79697-0001,Private      ,3,16,19,1602,640,2242
00359200,MIDWESTERN STATE UNIVERSITY             ,TX,76308-2099,Public       ,22,78,100,3413,2549,5962
00359300,NAVARRO COLLEGE                         ,TX,75110-4818,Public       ,73,132,205,2780,3621,6401
00359400,UNIVERSITY OF NORTH TEXAS               ,TX,76203-1370,Public       ,154,292,446,21408,14754,36162
00359500,OBLATE SCHOOL OF THEOLOGY               ,TX,78216-0000,Private      ,0,2,2,0,14,14
00359600,ODESSA COLLEGE                          ,TX,79764-7127,Public       ,18,57,75,1264,2157,3421
00359800,OUR LADY OF THE LAKE UNIVERSITY         ,TX,78207-4689,Private      ,9,44,53,2065,2421,4486
00359900,UNIVERSITY OF TEXAS - PAN AMERICAN      ,TX,78541-2999,Public       ,139,205,344,12922,8539,21461
00360000,PANOLA COLLEGE                          ,TX,75633-2397,Public       ,12,20,32,786,1004,1790
00360100,PARIS JR COLLEGE                        ,TX,75460-6298,Public       ,35,130,165,1489,2297,3786
00360200,PAUL QUINN COLLEGE                      ,TX,75241-4398,Private      ,5,15,20,569,879,1448
00360300,RANGER COLLEGE                          ,TX,76470-3298,Public       ,7,10,17,470,271,741
00360400,RICE UNIVERSITY                         ,TX,77251-1892,Private      ,3,11,14,5292,1584,6876
00360600,SAM HOUSTON STATE UNIVERSITY            ,TX,77340-0000,Public       ,53,103,156,11966,5667,17633
00360700,ALAMO CMTY CLG DISTRICT PROGRAM         ,TX,78207-0000,Public       ,5,11,16,196,269,465
00360800,ST PHILLIPS COLLEGE                     ,TX,78203-2098,Public       ,89,300,389,4096,8252,12348
00360900,SAN JACINTO CLG-CENTRAL-NORTH-SOUTH     ,TX,77501-0000,Public       ,113,289,402,5513,8002,13515
00361000,SCHREINER UNIVERSITY                    ,TX,78028-5697,Private      ,8,4,12,1042,430,1472
00361100,SOUTH PLAINS COLLEGE                    ,TX,79336-6504,Public       ,46,80,126,4177,4187,8364
00361200,UNIV OF HOUSTON-DOWNTOWN                ,TX,77002-1001,Public       ,45,148,193,5301,7944,13245
00361300,SOUTHERN METHODIST UNIVERSITY           ,TX,75275-0181,Private      ,15,44,59,4861,4533,9394
00361400,SOUTHWEST TEXAS JR COLLEGE              ,TX,78801-6221,Public       ,61,84,145,1979,2484,4463
00361500,TEXAS STATE UNIVERSITY--SAN MARCOS      ,TX,78666-4602,Public       ,181,147,328,19403,10514,29917
00361600,SOUTHWESTERN ASSEMBLIES OF GOD UNIV     ,TX,75165-2397,Private      ,7,14,21,1259,950,2209
00361700,SOUTHWESTERN BAPTIST THEOL SEMINARY     ,TX,76122-0000,Private      ,0,3,3,31,180,211
00361800,SOUTHWESTERN CHRISTIAN COLLEGE          ,TX,75160-3400,Private      ,1,1,2,231,79,310
00361900,SOUTHWESTERN ADVENTIST UNIVERSITY       ,TX,76059-1922,Private      ,5,8,13,622,447,1069
00362000,SOUTHWESTERN UNIVERSITY                 ,TX,78626-6111,Private      ,1,2,3,1648,144,1792
00362100,ST EDWARDS UNIVERSITY                   ,TX,78704-0000,Private      ,9,25,34,3799,2465,6264
00362300,ST MARY'S UNIV OF SAN ANTONIO           ,TX,78228-8500,Private      ,3,33,36,3202,2600,5802
00362400,STEPHEN F AUSTIN STATE UNIVERSITY       ,TX,75962-0001,Public       ,128,114,242,9710,3912,13622
00362500,SUL ROSS STATE UNIVERSITY               ,TX,79832-0113,Public       ,16,82,98,1341,1858,3199
00362600,TARRANT COUNTY COLLEGE                  ,TX,76102-6599,Public       ,214,470,684,9486,14789,24275
00362700,TEMPLE COLLEGE                          ,TX,76504-7435,Public       ,29,120,149,1608,3070,4678
00362800,TEXARKANA COLLEGE                       ,TX,75599-0001,Public       ,14,33,47,1477,2119,3596
00363000,PRAIRIE VIEW A&M UNIVERSITY             ,TX,77446-2967,Public       ,64,92,156,8522,5155,13677
00363100,TARLETON STATE UNIVERSITY               ,TX,76402-0000,Public       ,27,127,154,5097,4498,9595
00363200,TEXAS A&M UNIVERSITY                    ,TX,77842-0000,Public       ,300,142,442,28368,7211,35579
00363400,TEXAS STATE TECHNICAL CLG AT WACO       ,TX,76705-1695,Public       ,46,104,150,2443,2881,5324
00363500,TEXAS CHIROPRACTIC COLLEGE              ,TX,77505-1699,Private      ,0,6,6,18,436,454
00363600,TEXAS CHRISTIAN UNIVERSITY              ,TX,76129-0001,Private      ,24,36,60,7385,2466,9851
00363700,JARVIS CHRISTIAN COLLEGE                ,TX,75765-1470,Private      ,73,5,78,723,240,963
00363800,TEXAS COLLEGE                           ,TX,75702-4500,Private      ,11,6,17,789,610,1399
00363900,TEXAS A&M UNIVERSITY-KINGSVILLE         ,TX,78363-8203,Public       ,54,82,136,4597,3791,8388
00364100,TEXAS LUTHERAN UNIVERSITY               ,TX,78155-5999,Private      ,8,5,13,1661,250,1911
00364200,TEXAS SOUTHERN UNIVERSITY               ,TX,77004-4598,Public       ,76,124,200,9108,9485,18593
00364300,TEXAS SOUTHMOST COLLEGE                 ,TX,78520-4992,Public       ,4,10,14,223,368,591
00364400,TEXAS TECH UNIVERSITY                   ,TX,79409-0000,Public       ,119,166,285,17592,8174,25766
00364500,TEXAS WESLEYAN UNIVERSITY               ,TX,76105-1536,Private      ,7,22,29,1052,3200,4252
00364600,TEXAS WOMAN'S UNIVERSITY                ,TX,76204-5587,Public       ,18,108,126,4565,8500,13065
00364700,TRINITY UNIVERSITY                      ,TX,78212-7200,Private      ,5,4,9,2822,392,3214
00364800,TYLER JUNIOR COLLEGE                    ,TX,75701-3436,Public       ,58,103,161,4818,4449,9267
00365100,UNIVERSITY OF DALLAS                    ,TX,75062-4799,Private      ,4,9,13,1580,1169,2749
00365200,UNIVERSITY OF HOUSTON                   ,TX,77204-2010,Public       ,140,257,397,22628,18251,40879
00365400,UNIVERSITY OF ST THOMAS                 ,TX,77006-4626,Private      ,10,24,34,1338,1208,2546
00365600,UNIVERSITY OF TEXAS-ARLINGTON           ,TX,76019-0000,Public       ,63,131,194,13782,14684,28466
00365800,UNIVERSITY OF TEXAS-AUSTIN              ,TX,78713-7758,Public       ,87,125,212,33380,15668,49048
00365900,UT HEALTH CENTER-SAN ANTONIO            ,TX,78229-3900,Public       ,2,28,30,545,2777,3322
00366100,UNIVERSITY OF TEXAS-EL PASO             ,TX,79968-0629,Public       ,99,179,278,10950,9673,20623
00366200,VICTORIA COLLEGE (THE)                  ,TX,77901-4494,Public       ,23,51,74,1171,1993,3164
00366300,WAYLAND BAPTIST UNIVERSITY              ,TX,79072-6998,Private      ,6,100,106,1016,3116,4132
00366400,WEATHERFORD COLLEGE                     ,TX,76086-5699,Public       ,35,72,107,1519,1750,3269
00366500,WEST TEXAS A&M UNIVERSITY               ,TX,79016-0000,Public       ,64,93,157,3866,3401,7267
00366800,WHARTON COUNTY JR COLLEGE               ,TX,77488-3298,Public       ,40,64,104,1958,2015,3973
00366900,WILEY COLLEGE                           ,TX,75670-5199,Private      ,5,13,18,690,594,1284
00400300,CENTRAL TEXAS COLLEGE                   ,TX,76540-4199,Public       ,34,378,412,1806,8870,10676
00407221,NORTHWOOD UNIVERSITY                    ,TX,75104-0000,Private      ,3,22,25,662,751,1413
00445300,EL CENTRO COLLEGE                       ,TX,75202-0000,Public       ,56,160,216,2225,5153,7378
00481102,EVEREST INSTITUTE - EVEREST COLLEGE     ,TX,76011-6750,Proprietary  ,14,95,109,68,315,383
00494800,TEXAS A&M UNIV SYSTEM HEALTH SCI CT     ,TX,77840-7896,Public       ,5,9,14,90,794,884
00494801,TEXAS A&M UNIV SYSTEMS-HSC              ,TX,77843-1114,Public       ,2,2,4,212,503,715
00494900,BAYLOR COLLEGE OF MEDICINE              ,TX,77030-0000,Private      ,2,7,9,162,1182,1344
00495100,UNIV OF TEXAS HEALTH SCIENCE CENTER     ,TX,77225-0000,Public       ,0,23,23,327,2447,2774
00495200,UNIV OF TEXAS MEDICAL BRANCH            ,TX,77550-0000,Public       ,4,11,15,312,1948,2260
00497200,GALVESTON COLLEGE                       ,TX,77550-7447,Public       ,44,63,107,816,1409,2225
00497700,SOUTH TEXAS COLLEGE OF LAW              ,TX,77002-0000,Private      ,0,6,6,29,1864,1893
00520307,REMINGTON COLLEGE - DALLAS CAMPUS       ,TX,75041-9935,Proprietary  ,1,7,8,53,121,174
00661200,COVENANT SCH OF NSG & ALLIED HEALTH     ,TX,79410-0000,Private      ,0,3,3,115,269,384
00666100,ANGELINA COLLEGE                        ,TX,75902-0000,Public       ,43,65,108,1766,2595,4361
00694100,DALLAS CHRISTIAN COLLEGE                ,TX,75234-7229,Private      ,1,8,9,262,274,536
00709600,COLLEGE OF THE MAINLAND                 ,TX,77591-2499,Public       ,41,121,162,884,1965,2849
00728700,BRAZOSPORT COLLEGE                      ,TX,77566-3199,Public       ,34,44,78,664,997,1661
00732907,ITT TECHNICAL INSTITUTE                 ,TX,77063-3751,Proprietary  ,1,8,9,125,232,357
00754805,WESTWOOD COLLEGE OF TECHNOLOGY          ,TX,77074-0000,Proprietary  ,3,15,18,292,558,850
00758602,REMINGTON COLLEGE - FORT WORTH CAMPUS   ,TX,76112-1280,Proprietary  ,20,79,99,265,928,1193
00835300,LINCOLN COLLEGE OF TECHNOLOGY           ,TX,75052-0000,Proprietary  ,188,174,362,1399,1328,2727
00849800,MIMS CLASSIC BEAUTY COLLEGE             ,TX,78216-0000,Proprietary  ,3,9,12,21,67,88
00850300,MOUNTAIN VIEW COLLEGE                   ,TX,75211-6599,Public       ,43,94,137,2116,3425,5541
00850400,RICHLAND COLLEGE                        ,TX,75243-2199,Public       ,66,158,224,2947,4400,7347
00851000,EASTFIELD COLLEGE                       ,TX,75150-2099,Public       ,51,142,193,2532,4461,6993
00907905,EVEREST COLLEGE                         ,TX,75206-5209,Proprietary  ,46,178,224,123,454,577
00908200,INTERNATIONAL BUSINESS COLLEGE          ,TX,79903-0000,Proprietary  ,20,89,109,176,764,940
00916300,SAN ANTONIO COLLEGE                     ,TX,78212-4299,Public       ,377,420,797,9626,13748,23374
00916302,SAN ANTONIO COLLEGE FT SAM HOUSTON      ,TX,78234-0000,Public       ,0,0,0,35,11,46
00922500,TEXAS STATE TECHNICAL COLLEGE  HARLINGEN,TX,78550-3697,Public       ,65,165,230,3051,3268,6319
00946600,KAPLAN CAREER INSTITUTE                 ,TX,78216-1899,Proprietary  ,56,186,242,452,1532,1984
00946607,SAN ANT COL OF MED & DENTAL - MCALLEN   ,TX,78503-1622,Proprietary  ,84,200,284,544,1236,1780
00946609,CAREER CENTERS OF TX - CORPUS CHRISTI   ,TX,78416-9900,Proprietary  ,36,188,224,243,1156,1399
00946610,KAPLAN CAREER INSTITUTE - CAREER CENTERS,TX,76103-2310,Proprietary  ,25,130,155,236,1105,1341
00954900,WESTERN TEXAS COLLEGE                   ,TX,79549-9501,Public       ,2,2,4,452,291,743
00965100,TEXAS A&M INTERNATIONAL UNIVERSITY      ,TX,78041-1900,Public       ,21,77,98,3439,2807,6246
00974100,UNIVERSITY OF TEXAS AT DALLAS           ,TX,75083-0000,Public       ,41,131,172,5786,6769,12555
00976800,UNIVERSITY OF NORTH TEXAS HEALTH SCIENCE,TX,76107-2699,Public       ,1,14,15,86,1175,1261
00979700,MIDLAND COLLEGE                         ,TX,79705-6397,Public       ,14,43,57,1401,2041,3442
00982802,EVEREST INSTITUTE- AUSTIN               ,TX,78754-0000,Proprietary  ,41,203,244,144,581,725
00993000,UNIVERSITY OF TEXAS-PERMIAN BASIN       ,TX,79762-0001,Public       ,15,48,63,1540,2001,3541
00993200,TEXAS STATE TECH CLG-WEST TEXAS         ,TX,79556-4108,Public       ,11,27,38,413,870,1283
00993201,TEXAS STATE TECH COLLEGE-ABILENE        ,TX,79601-0000,Public       ,2,6,8,154,357,511
00993204,TEXAS STATE TECH CLG-BRECKENRIDGE       ,TX,76424-0000,Public       ,5,7,12,55,164,219
00993205,TEXAS STATE TECH COLLEGE-BROWNWOOD      ,TX,76801-0000,Public       ,5,18,23,114,306,420
01001900,UNIV OF TEXAS SOUTHWESTERN MED CTR      ,TX,75390-9096,Public       ,2,9,11,136,1513,1649
01005700,AMERICAN COMMERCIAL COLLEGE             ,TX,79602-1399,Proprietary  ,9,52,61,53,389,442
01005900,AMERICAN COMMERCIAL COLLEGE             ,TX,79761-0000,Proprietary  ,9,66,75,85,464,549
01005901,AMERICAN COMMERCIAL COLLEGE - AMERICAN C,TX,76310-2303,Proprietary  ,6,32,38,51,324,375
01006000,VERNON COLLEGE                          ,TX,76384-4092,Public       ,18,47,65,878,1749,2627
01011500,UNIVERSITY OF TEXAS-SAN ANTONIO         ,TX,78249-0600,Public       ,148,226,374,21927,14352,36279
01013000,WADE COLLEGE                            ,TX,75207-3199,Proprietary  ,6,16,22,223,210,433
01038700,EL PASO COMMUNITY COLLEGE               ,TX,79998-0000,Public       ,149,288,437,10709,12360,23069
01050900,HALLMARK COLLEGE OF AERONAUTICS         ,TX,78214-0000,Proprietary  ,46,140,186,320,1101,1421
01062400,CENTRAL TEXAS COMMERCIAL COLLEGE        ,TX,75231-5033,Proprietary  ,7,4,11,66,58,124
01063300,HOUSTON COMMUNITY COLLEGE               ,TX,77002-0000,Public       ,241,608,849,1630,3218,4848
01063303,HOUSTON COMMUNITY COLLEGE - CENTRAL     ,TX,77004-0000,Public       ,19,81,100,2866,6618,9484
01063304,HOUSTON COMMUNITY COLLEGE - RICE AVIATIO,TX,77061-5001,Public       ,13,35,48,1624,3487,5111
01063305,HOUSTON COMMUNITY COLLEGE - NORTHEAST CO,TX,77066-5221,Public       ,19,54,73,2145,3962,6107
01063306,HOUSTON COMMUNITY COLLEGE - CENTRAL COLL,TX,77088-6372,Public       ,8,40,48,1559,2868,4427
01063339,HOUSTON COMMUNITY COLLEGE - STAFFORD    ,TX,77477-0000,Public       ,12,22,34,1571,2000,3571
01063347,HOUSTON COMMUNITY COLLEGE - SOUTHWEST   ,TX,77081-7849,Public       ,13,57,70,2618,4648,7266
01063348,HOUSTON COMMUNITY COLLEGE - COLEMAN     ,TX,77030-0000,Public       ,4,24,28,429,2077,2506
01067400,TEXAS TECH U HEALTH SCIENCES CENTER     ,TX,79430-0000,Public       ,5,22,27,477,2338,2815
01076100,DALLAS INSTITUTE OF FUNERAL SERVICE     ,TX,75227-4314,Private      ,4,9,13,71,204,275
01114500,LONE STAR COLLEGE SYSTEM                ,TX,77073-3499,Public       ,77,189,266,3881,6571,10452
01114501,LONE STAR COLLEGE-KINGWOOD              ,TX,77339-0000,Public       ,19,92,111,1211,2345,3556
01114502,LONE STAR COLLEGE-TOMBALL               ,TX,77375-0000,Public       ,26,79,105,1077,1790,2867
01114503,LONE STAR COLLEGE-MONTGOMERY            ,TX,77384-0000,Public       ,30,107,137,1425,2780,4205
01114504,LONE STAR COLLEGE-CY-FAIR               ,TX,77433-1383,Public       ,27,60,87,1889,2444,4333
01116100,TEXAS A&M UNIV CORPUS CHRISTI           ,TX,78412-5599,Public       ,51,91,142,6464,4105,10569
01116300,UNIVERSITY OF TEXAS AT TYLER            ,TX,75799-6699,Public       ,14,48,62,3544,3619,7163
01171100,UNIVERSITY OF HOUSTON-CLEAR LAKE        ,TX,77058-1002,Public       ,13,133,146,1456,5739,7195
01201500,AUSTIN COMMUNITY COLLEGE                ,TX,78752-4390,Public       ,157,495,652,9361,14069,23430
01202000,VICTORIA BEAUTY COLLEGE                 ,TX,77901-6233,Proprietary  ,5,14,19,39,125,164
01226800,BALDWIN BEAUTY SCHOOL #5                ,TX,78704-4785,Proprietary  ,4,13,17,71,130,201
01229700,LAREDO BEAUTY COLLEGE                   ,TX,78040-1051,Proprietary  ,9,17,26,60,300,360
01248200,ATI TECHNICAL TRAINING CENTER           ,TX,75235-4622,Proprietary  ,98,260,358,580,1834,2414
01248209,ATI CAREER TRAINING CENTER - GARLAND    ,TX,75041-2497,Proprietary  ,1,2,3,1,2,3
01248300,COSMETOLOGY CAREER CENTER               ,TX,75006-2566,Proprietary  ,22,63,85,127,293,420
01248800,INTERNATIONAL BEAUTY COLLEGE NO 3       ,TX,75040-0000,Proprietary  ,0,8,8,21,95,116
01276400,METROPLEX BEAUTY SCHOOL                 ,TX,75149-0000,Proprietary  ,3,13,16,43,135,178
01293000,CHARLES & SUE'S SCH OF HAIR DESIGN      ,TX,77801-0000,Proprietary  ,0,6,6,45,103,148
01293100,VELMA B'S BEAUTY ACADEMY                ,TX,75216-1511,Proprietary  ,2,8,10,26,77,103
01293200,TINT SCHOOL OF MAKEUP & COSMETOLOGY     ,TX,75061-4235,Proprietary  ,0,2,2,16,72,88
01298200,BORDER INSTITUTE OF TECHNOLOGY          ,TX,79925-6709,Proprietary  ,0,0,0,8,19,27
01300300,NEILSON BEAUTY COLLEGE                  ,TX,75208-4637,Proprietary  ,3,4,7,20,78,98
01301600,OGLE SCHOOL HAIR SKIN NAILS             ,TX,76013-7400,Proprietary  ,14,22,36,187,240,427
01323100,UNIVERSITY OF HOUSTON-VICTORIA          ,TX,77901-5731,Public       ,7,87,94,343,1991,2334
02058600,CONLEE'S COLLEGE OF COSMETOLOGY         ,TX,78028-0000,Proprietary  ,0,3,3,9,43,52
02069302,VATTEROTT COLLEGE - VATTEROTT EDUCATION ,TX,75220-5441,Proprietary  ,0,1,1,0,2,2
02074100,CAPITOL CITY TRADE & TECHNICAL SCH      ,TX,78704-0000,Proprietary  ,23,73,96,231,676,907
02077400,NORTH LAKE COLLEGE                      ,TX,75038-0000,Public       ,27,70,97,1522,2535,4057
02078100,STEPHENVILLE BEAUTY COLLEGE             ,TX,76401-0000,Proprietary  ,1,2,3,18,37,55
02081400,ARLINGTON BAPTIST COLLEGE               ,TX,76012-0000,Private      ,1,3,4,99,120,219
02093600,SOUTHWEST SCHOOL OF ELECTRONIC          ,TX,78735-0000,Proprietary  ,4,6,10,21,58,79
02098300,WESTERN TECHNICAL COLLEGE               ,TX,79927-2105,Proprietary  ,67,67,134,966,1363,2329
02100200,BROOKHAVEN COLLEGE                      ,TX,75244-0000,Public       ,22,108,130,1588,3168,4756
02113610,AMERICAN INTERCONTINENTAL UNIV - HOUSTON,TX,77042-4516,Proprietary  ,0,16,16,271,700,971
02116008,SANFORD-BROWN COLLEGE - HOUSTON         ,TX,77036-8507,Proprietary  ,35,107,142,264,912,1176
02116012,SANFORD-BROWN INSTITUTE - HOUSTON NORTH ,TX,77008-1058,Proprietary  ,14,65,79,141,586,727
02117100,ART INSTITUTE OF HOUSTON                ,TX,77056-0000,Proprietary  ,38,45,83,1700,1514,3214
02119200,COURT REPORTING INSTITUTE OF DALLAS     ,TX,75247-6913,Proprietary  ,5,23,28,215,1284,1499
02119202,COURT REPORTING INSTIUTE OF HOUSTON     ,TX,77040-6315,Proprietary  ,1,0,1,1,1,2
02128302,INSTITUTE FOR BUSINESS & TECHNOLOGY - LA,TX,78230-2520,Proprietary  ,7,29,36,41,133,174
02136800,AMERICAN COMMERCIAL COLLEGE             ,TX,76904-0000,Proprietary  ,3,18,21,44,251,295
02144800,VET TECH INSTITUTE OF HOUSTON           ,TX,77027-9881,Proprietary  ,0,1,1,130,125,255
02176100,PIPO ACADEMY OF HAIR DESIGN             ,TX,79903-0000,Proprietary  ,3,10,13,22,86,108
02188600,AUSTIN BUSINESS COLLEGE                 ,TX,78741-0000,Proprietary  ,0,0,0,47,96,143
02200800,AMERICAN COMMERCIAL COLLEGE             ,TX,79411-0000,Proprietary  ,3,38,41,51,299,350
02218300,SOUTHWEST SCHOOL OF BUSINESS & TECHNICAL,TX,78221-0000,Proprietary  ,26,122,148,160,656,816
02218305,SOUTHWEST SCHOOL OF BUSINESS AND TECHNIC,TX,78501-6053,Proprietary  ,6,43,49,24,158,182
02218306,SOUTHWEST SCHOOL OF BUSINESS AND TECHNIC,TX,78413-2045,Proprietary  ,0,4,4,0,4,4
02224600,TRI-STATE BEAUTY SCHOOL #1              ,TX,79915-0000,Proprietary  ,5,39,44,141,443,584
02228400,TEXAS AERO TECHNOLOGY                   ,TX,75209-0000,Proprietary  ,0,0,0,0,1,1
02230500,OGLE SCHOOL HAIR SKIN NAILS             ,TX,76132-3638,Proprietary  ,25,45,70,238,358,596
02230600,OGLE SCHOOL HAIR SKIN NAILS             ,TX,76053-4650,Proprietary  ,12,10,22,116,145,261
02239100,CENTRAL TEXAS BEAUTY COLLEGE #2         ,TX,78664-4204,Proprietary  ,4,17,21,43,216,259
02245200,MTI COLLEGE OF BUS. & TECHNOLOGY        ,TX,77036-0000,Proprietary  ,0,0,0,56,115,171
02248200,MILAN INSTITUTE OF COSMETOLOGY          ,TX,79103-0000,Proprietary  ,65,161,226,374,1088,1462
02254800,TEXAS VOCATIONAL SCHOOLS                ,TX,77901-0000,Proprietary  ,6,20,26,64,167,231
02259400,AMBERTON UNIVERSITY                     ,TX,75041-0000,Private      ,0,7,7,11,187,198
02261300,EVEREST INSTITUTE                       ,TX,78213-3841,Proprietary  ,36,212,248,785,3698,4483
02261302,EVEREST INSTITUTE - HOUSTON GREENSPOINT ,TX,77060-3249,Proprietary  ,46,192,238,128,552,680
02261303,EVEREST INSTITUTE - HOUSTON HOBBY       ,TX,77087-2737,Proprietary  ,21,164,185,84,477,561
02267100,EXPOSITO SCHOOL OF HAIR DESIGN          ,TX,79109-0000,Proprietary  ,1,13,14,27,93,120
02276000,FRANKLIN BEAUTY SCHOOL #2               ,TX,77021-0000,Proprietary  ,1,16,17,32,169,201
02285900,UNIVERSITY OF COSMETOLOGY ARTS&SCI      ,TX,78504-0000,Proprietary  ,9,59,68,188,606,794
02294800,CAPITOL CITY CAREERS                    ,TX,78745-0000,Proprietary  ,3,35,38,38,229,267
02298501,EVEREST COLLEGE- FORT WORTH             ,TX,76137-2472,Proprietary  ,24,133,157,64,323,387
02305300,PARKER COLLEGE OF CHIROPRACTIC          ,TX,75229-0000,Private      ,1,4,5,45,1283,1328
02306700,FORT WORTH BEAUTY SCHOOL                ,TX,76116-3299,Proprietary  ,5,26,31,54,233,287
02312200,TEXAS SCHOOL OF BUSINESS                ,TX,77073-6032,Proprietary  ,48,132,180,348,908,1256
02312201,TEXAS SCHOOL OF BUSINESS - SOUTHWEST CAM,TX,77057-0000,Proprietary  ,24,96,120,248,872,1120
02312202,TEXAS SCHOOL OF BUSINESS - FRIENDSWOOD C,TX,77546-8938,Proprietary  ,14,80,94,91,540,631
02312203,TEXAS SCHOOL OF BUSINESS - EAST CAMPUS  ,TX,77029-1916,Proprietary  ,27,103,130,221,908,1129
02313901,WESTWOOD COLLEGE - DALLAS               ,TX,75243-0000,Proprietary  ,25,62,87,446,834,1280
02315400,NORTHEAST TEXAS COMMUNITY COLLEGE       ,TX,75456-0000,Public       ,29,48,77,906,1253,2159
02318200,"KD STUDIO, ACTOR'S CONSERVATORY         ",TX,75207-2111,Proprietary  ,10,12,22,92,104,196
02320200,HOUSTON GRADUATE SCHOOL OF THEOLOGY     ,TX,77004-0000,Private      ,0,6,6,0,145,145
02326000,SAN ANTONIO BEAUTY COLLEGE NO 3         ,TX,78217-0000,Proprietary  ,4,7,11,46,142,188
02328600,ITT TECHNICAL INSTITUTE                 ,TX,76011-0000,Proprietary  ,71,96,167,660,1117,1777
02331200,BAPTIST MISSIONARY ASSN THEOL SEM       ,TX,75766-0000,Private      ,0,1,1,5,39,44
02331300,INTERACTIVE LEARNING SYSTEMS            ,TX,77502-1201,Proprietary  ,0,20,20,18,267,285
02331301,INTERACTIVE LEARNING SYSTEMS            ,TX,77081-0000,Proprietary  ,8,57,65,53,433,486
02331303,INTERACTIVE LEARNING SYSTEMS            ,TX,77502-0000,Proprietary  ,5,38,43,29,342,371
02331304,INTERACTIVE LEARNING SYSTEMS            ,TX,77060-0000,Proprietary  ,2,38,40,20,233,253
02341300,PALO ALTO COLLEGE                       ,TX,78224-0000,Public       ,119,157,276,3997,5178,9175
02348500,LAMAR STATE COLLEGE-PORT ARTHUR         ,TX,77640-0000,Public       ,10,34,44,770,1332,2102
02357700,ACADEMY OF HAIR DESIGN                  ,TX,77090-0000,Proprietary  ,5,13,18,60,96,156
02358200,LAMAR STATE COLLEGE-ORANGE              ,TX,77630-0000,Public       ,13,67,80,632,1583,2215
02361400,COLLIN COUNTY COMMUNITY COLLEGE         ,TX,75071-0000,Public       ,62,171,233,3453,4835,8288
02362000,UNIVERSAL TECHNICAL INSTITUTE           ,TX,77073-0000,Proprietary  ,100,87,187,5602,2372,7974
02362800,AUSTIN GRADUATE SCHOOL OF THEOLOGY      ,TX,78752-1333,Private      ,0,0,0,7,54,61
02521200,ARLINGTON CAREER INSTITUTE              ,TX,75050-0000,Proprietary  ,0,10,10,57,493,550
02521800,SEGUIN BEAUTY SCHOOL                    ,TX,78155-0000,Proprietary  ,5,13,18,52,90,142
02527500,HOUSTON TRAINING SCHOOLS                ,TX,77020-0000,Proprietary  ,17,120,137,147,844,991
02530700,SEBRING CAREER SCHOOLS                  ,TX,77083-1510,Proprietary  ,0,24,24,32,143,175
02539600,ART INSTITUTE OF DALLAS                 ,TX,75231-5993,Proprietary  ,30,32,62,1747,1431,3178
02548800,SOUTH TEXAS VO-TECH INSTITUTE           ,TX,78596-0000,Proprietary  ,64,221,285,431,1181,1612
02548802,SOUTH TEXAS VOCATIONAL TECHNICAL INSTITU,TX,78520-8710,Proprietary  ,2,1,3,4,10,14
02549400,SOUTH TEXAS VO-TECH INSTITUTE           ,TX,78501-0000,Proprietary  ,47,129,176,294,877,1171
02555400,UNIV OF TX MD ANDERSON CANCER CTR       ,TX,77030-0000,Public       ,0,3,3,40,174,214
02557400,STAR COLLEGE OF COSMETOLOGY             ,TX,75961-0000,Proprietary  ,0,0,0,10,29,39
02568100,TEXAS BARBER COLLEGES & HAIRSTYLING     ,TX,75208-0000,Proprietary  ,32,82,114,305,1096,1401
02569300,TEXAS CULINARY ACADEMY                  ,TX,78758-3403,Proprietary  ,47,111,158,1076,1628,2704
02572000,COMPUTER CAREER CENTER                  ,TX,79925-2021,Proprietary  ,17,97,114,137,593,730
02572100,"CAREER ACADEMY, INC.                    ",TX,75501-0000,Proprietary  ,0,4,4,11,66,77
02572200,INSTITUTE OF COSMETOLOGY & ESTHETICS    ,TX,77036-0000,Proprietary  ,0,0,0,7,23,30
02580100,IVERSON BUSINESS SCH & COURT REPORT     ,TX,76011-1344,Proprietary  ,18,70,88,127,776,903
02591100,CAREER POINT INSTITUTE                  ,TX,78201-2027,Proprietary  ,67,501,568,550,3315,3865
02591900,CAREER CENTERS OF TEXAS - EL PASO       ,TX,79907-1525,Proprietary  ,83,221,304,681,1672,2353
02591905,CAREER CENTERS OF TEXAS-BROWNSVILLE     ,TX,78521-9905,Proprietary  ,57,125,182,364,910,1274
02596400,REDSTONE COLLEGE - LOS ANGELES          ,TX,77061-0000,Proprietary  ,19,37,56,465,455,920
02596412,WESTWOOD COLLEGE OF AVIATION TECHNOLOGY ,TX,77061-5114,Proprietary  ,0,0,0,18,28,46
02596500,ATI CAREER TRAINING CENTER              ,TX,76180-1599,Proprietary  ,91,206,297,565,1501,2066
02596600,ATI-CAREER TRAINING CENTER              ,TX,75220-4443,Proprietary  ,99,309,408,677,2241,2918
02596601,ATI CAREER TRAINING CENTER - RICHARDSON ,TX,75081-6745,Proprietary  ,0,1,1,0,14,14
02600200,OCEAN CORPORATION (THE)                 ,TX,77099-3479,Proprietary  ,6,21,27,175,760,935
02604700,CENTER FOR ADVANCED LEGAL STUDIES       ,TX,77098-4151,Proprietary  ,1,10,11,26,303,329
02606202,EVEREST COLLEGE - EVEREST INSTITUTE - BI,TX,77036-8014,Proprietary  ,56,167,223,163,542,705
02615000,SANFORD-BROWN INSTITUTE                 ,TX,75247-6931,Proprietary  ,51,215,266,500,2086,2586
03009400,SW SCH BUS & TECH CAREERS               ,TX,78212-2840,Proprietary  ,1,7,8,27,83,110
03010000,VANGUARD INSTITUTE OF TECHNOLOGY        ,TX,78539-0000,Proprietary  ,0,0,0,179,825,1004
03010604,VIRGINIA COLLEGE - VIRGINIA COLLEGE AT A,TX,78723-0000,Proprietary  ,11,57,68,16,85,101
03011800,UNIVERSITY OF COSMETOLOGY ARTS & SCIENCE,TX,78226-1160,Proprietary  ,6,5,11,22,107,129
03019800,PCI HEALTH TRAINING CENTER              ,TX,75247-4720,Proprietary  ,30,60,90,367,876,1243
03021500,SW SCH BUS & TECH CAREERS               ,TX,78852-4859,Proprietary  ,4,14,18,57,90,147
03023800,AIMS ACADEMY                            ,TX,75050-0000,Proprietary  ,0,4,4,4,39,43
03025000,TEXAS COLLEGE OF COSMETOLOGY            ,TX,79605-2001,Proprietary  ,8,12,20,82,217,299
03026500,REMINGTON COLLEGE - HOUSTON CAMPUS      ,TX,77082-1849,Proprietary  ,41,184,225,531,1763,2294
03026501,REMINGTON COLLEGE - NORTH HOUSTON CAMPUS,TX,77067-1849,Proprietary  ,1,2,3,34,99,133
03028800,CIRCLE J BEAUTY SCHOOL                  ,TX,77587-3714,Proprietary  ,8,25,33,38,219,257
03031408,INTERNATIONAL ACADEMY OF DESIGN AND TECH,TX,78229-2263,Proprietary  ,32,46,78,228,404,632
03032300,SCHOOL OF AUTOMOTIVE MACHINISTS         ,TX,77055-1803,Proprietary  ,5,4,9,82,126,208
03035200,TINT SCHOOL OF MAKEUP & COSMETOLOGY     ,TX,75229-3734,Proprietary  ,4,4,8,38,142,180
03035300,SOUTHERN CAREERS INSTITUTE              ,TX,78704-5252,Proprietary  ,60,145,205,538,1439,1977
03035301,SOUTHERN CAREERS INSTITUTE              ,TX,78577-0000,Proprietary  ,46,80,126,331,738,1069
03035302,SOUTHERN CAREERS INSTITUTE - CORPUS CHRI,TX,78414-2904,Proprietary  ,10,28,38,142,449,591
03035303,SOUTHERN CAREERS INSTITUTE - #1         ,TX,78221-4351,Proprietary  ,19,76,95,99,555,654
03035304,SOUTHERN CAREERS INSTITUTE-LAREDO       ,TX,78041-0000,Proprietary  ,0,1,1,54,99,153
03061800,STAR COLLEGE OF COSMETOLOGY             ,TX,75702-8214,Proprietary  ,4,11,15,73,194,267
03064600,UNIVERSITY OF TEXAS AT BROWNSVILLE      ,TX,78520-4993,Public       ,98,147,245,6790,7225,14015
03071400,ITT TECHNICAL INSTITUTE                 ,TX,78249-3303,Proprietary  ,30,58,88,491,781,1272
03075400,ICC TECHNICAL INSTITUTE                 ,TX,77004-2930,Private      ,0,9,9,13,74,87
03076403,HIGH-TECH INSTITUTE - DALLAS            ,TX,75038-4201,Proprietary  ,4,3,7,8,12,20
03079201,WESTWOOD COLLEGE OF TECHNOLOGY          ,TX,76180-0000,Proprietary  ,6,11,17,303,428,731
03091200,CAREERS UNLIMITED                       ,TX,75702-7110,Proprietary  ,1,4,5,35,102,137
03103400,SOUTH TEXAS COLLEGE                     ,TX,78501-6699,Public       ,228,416,644,9106,10212,19318
03104700,TEXAS COLLEGE OF COSMETOLOGY            ,TX,76903-4708,Proprietary  ,7,11,18,73,201,274
03105900,CAREERS UNLIMITED                       ,TX,77055-4002,Proprietary  ,0,0,0,0,3,3
03108700,ROYAL BEAUTY CAREERS                    ,TX,77069-4611,Proprietary  ,17,65,82,113,425,538
03111000,MID-CITIES BARBER COLLEGE               ,TX,75051-4810,Proprietary  ,10,8,18,53,140,193
03115800,TEXAS CAREERS                           ,TX,78238-4203,Proprietary  ,16,155,171,262,1647,1909
03115802,TEXAS CAREERS - LAREDO                  ,TX,78041-6181,Proprietary  ,21,78,99,184,474,658
03115803,TEXAS CAREERS - BEAUMONT                ,TX,77701-3706,Proprietary  ,21,102,123,170,692,862
03115804,TEXAS CAREERS - LUBBOCK                 ,TX,79401-2601,Proprietary  ,20,124,144,204,927,1131
03128100,ACADEMY OF HEALTH CARE PROFESSIONS      ,TX,77092-8108,Proprietary  ,41,163,204,383,1348,1731
03144300,NATIONAL BEAUTY COLLEGE                 ,TX,75043-4046,Proprietary  ,4,7,11,17,82,99
03153300,AMER COLL OF ACUPUNCTURE & O.M.         ,TX,77063-4104,Proprietary  ,0,4,4,0,87,87
03156400,ACADEMY OF ORIENTAL MEDICINE AT AUSTIN  ,TX,78757-1132,Proprietary  ,0,1,1,8,222,230
03159300,ARLINGTON MEDICAL INSTITUTE             ,TX,76011-2645,Proprietary  ,1,8,9,40,135,175
03170300,TEXAS A&M UNIVERSITY-TEXARKANA          ,TX,75501-0000,Public       ,3,33,36,306,1136,1442
03179500,TEXAS COLG TRADITIONAL CHINESE MED      ,TX,78704-6748,Proprietary  ,0,2,2,1,108,109
03189400,COLLEGE OF SAINT THOMAS MORE            ,TX,76109-2323,Private      ,0,0,0,16,17,33
03237400,FARIS COMPUTER SCHOOL                   ,TX,77627-3829,Proprietary  ,0,5,5,4,44,48
03272300,SOUTHEASTERN CAREER INSTITUTE           ,TX,75234-7288,Proprietary  ,8,60,68,88,461,549
03272301,SOUTHEASTERN CAREER INSTITUTE - MIDLAND ,TX,79703-5531,Proprietary  ,21,54,75,158,550,708
03275300,TOUCH OF CLASS SCHOOL OF COSM           ,TX,75402-6314,Proprietary  ,1,8,9,45,125,170
03276300,ACADEMY OF HAIR DESIGN                  ,TX,75901-4900,Proprietary  ,5,29,34,45,172,217
03277300,ACADEMY OF HAIR DESIGN                  ,TX,77701-4650,Proprietary  ,2,10,12,24,115,139
03303300,NORTHWEST EDUCATIONAL CENTER            ,TX,77092-7055,Proprietary  ,6,40,46,43,354,397
03371300,TONI&GUY HAIRDRESSING ACADEMY           ,TX,75006-2351,Proprietary  ,3,10,13,110,114,224
03372300,NORTHWEST VISTA COLLEGE                 ,TX,78251-4217,Public       ,71,163,234,4414,5061,9475
03396500,TEXAS STATE TECHNICAL COLG/MARSHALL     ,TX,75672-7402,Public       ,7,22,29,347,376,723
03400300,CAREER QUEST                            ,TX,78229-3539,Proprietary  ,10,79,89,62,373,435
03412300,ADVANCED BARBER COLLEGE & HAIR DESI     ,TX,78596-0000,Proprietary  ,6,22,28,33,130,163
03416500,DALLAS NURSING INSTITUTE                ,TX,75243-5502,Proprietary  ,5,62,67,119,807,926
03422300,MILAN INSTITUTE                         ,TX,78238-3327,Proprietary  ,35,66,101,403,702,1105
03422400,COLLEGE OF BIBLICAL STUDIES-HOUSTON     ,TX,77036-3211,Private      ,1,26,27,57,625,682
03424400,MEDVANCE INSTITUTE                      ,TX,77057-7386,Proprietary  ,31,94,125,192,828,1020
03424401,MEDVANCE INSTITUTE -                    ,TX,77060-3551,Proprietary  ,1,1,2,1,1,2
03426300,CAREER ADVANCEMENT CENTER               ,TX,78752-1470,Proprietary  ,4,28,32,70,304,374
03486300,SYLVIA'S INTERNATIONAL SCHOOL OF BE     ,TX,77091-3203,Proprietary  ,0,0,0,8,33,41
03509400,CORYELL COSMETOLOGY COLLEGE             ,TX,76528-2036,Proprietary  ,0,7,7,7,27,34
03520300,LUBBOCK HAIR ACADEMY                    ,TX,79410-3524,Proprietary  ,1,8,9,19,89,108
03541300,BEHOLD! BEAUTY ACADEMY                  ,TX,77016-3725,Proprietary  ,0,0,0,7,41,48
03542300,CONCORDE CAREER INSTITUTE               ,TX,76011-4016,Proprietary  ,18,147,165,250,1554,1804
03551400,STATE BEAUTY ACADEMY                    ,TX,75116-3501,Proprietary  ,3,8,11,28,53,81
03556400,KUSSAD INSTITUTE OF COURT REPORTING     ,TX,78704-5712,Proprietary  ,0,1,1,7,38,45
03563300,ACADEMY OF COSEMTOLOGY                  ,TX,78745-2858,Proprietary  ,2,10,12,23,104,127
03573300,AVIATION INSTITUTE OF MAINTENANCE       ,TX,75209-3017,Proprietary  ,9,53,62,193,631,824
03610300,MJ'S BEAUTY ACADEMY INC                 ,TX,75224-4409,Proprietary  ,2,6,8,28,67,95
03612400,VALLEY GRANDE INSTITUTE FOR ACADEMI     ,TX,78596-0000,Private      ,9,45,54,110,517,627
03627300,LAMAR INSTITUTE OF TECHNOLOGY           ,TX,77705-4142,Public       ,18,36,54,1123,1821,2944
03676400,HEALTHY HAIR ACADEMY                    ,TX,75227-0000,Proprietary  ,5,18,23,30,100,130
03680300,JAY'S TECHNICAL INSTITUTE               ,TX,77031-3509,Proprietary  ,9,41,50,43,194,237
03682400,DALLAS BARBER & STYLIST COLLEGE         ,TX,75231-0000,Proprietary  ,1,16,17,48,234,282
03714300,TREND BARBER COLLEGE                    ,TX,77071-2104,Proprietary  ,4,22,26,58,203,261
03723300,CULINARY INST ALAIN & MARIE LENOTRE     ,TX,77022-4322,Proprietary  ,4,16,20,89,199,288
03727600,CULINARY ACADEMY OF AUSTIN              ,TX,78752-0000,Proprietary  ,6,3,9,65,84,149
03733300,BAPTIST UNIVERSITY OF THE AMERICAS      ,TX,78224-1336,Private      ,0,1,1,51,161,212
03756300,ANAMARC EDUCATIONAL INSTITUTE           ,TX,79930-6230,Proprietary  ,9,97,106,129,787,916
03885400,COMPUTER LABS                           ,TX,79906-5924,Proprietary  ,0,0,0,3,9,12
03885700,HOUSTON'S TRAINING AND EDUCATION CENTER ,TX,77036-2021,Proprietary  ,0,17,17,14,156,170
03922300,SOUTH TEXAS BARBER COLLEGE              ,TX,78415-3463,Proprietary  ,1,4,5,16,66,82
03926300,AMESED                                  ,TX,75081-0000,Proprietary  ,1,8,9,14,62,76
03944400,PROFESSIONAL CAREERS INSTITUTE          ,TX,77036-2252,Proprietary  ,5,15,20,22,148,170
03984300,ALLIED CAREER CENTER                    ,TX,75007-0000,Proprietary  ,0,1,1,3,40,43
03987300,TEXAS HEALTH SCHOOL                     ,TX,77079-2106,Proprietary  ,4,25,29,51,179,230
04036300,SOUTHEAST TEXAS CAREER INSTITUTE        ,TX,77656-8601,Proprietary  ,0,7,7,18,80,98
04045300,NORTHWEST BEAUTY SCHOOL                 ,TX,77091-1208,Proprietary  ,1,5,6,24,110,134
04045400,MAI-TRIX BEAUTY COLLEGE                 ,TX,77040-0000,Proprietary  ,3,5,8,26,105,131
04089400,CCI TRAINING CENTER                     ,TX,76011-4857,Proprietary  ,2,35,37,38,364,402
04117900,CHAMPION BEAUTY COLLEGE                 ,TX,77069-4611,Proprietary  ,3,13,16,27,102,129
04122100,BENCHMARK CAREER INSTITUTE              ,TX,75080-7426,Proprietary  ,0,0,0,0,1,1
04125400,ACADEMY AT AUSTIN (THE)                 ,TX,78660-3287,Proprietary  ,11,15,26,25,55,80
04125500,MANUEL AND THERESA'S SCHOOL OF HAIR DESI,TX,77803-3236,Proprietary  ,0,3,3,4,15,19
04131700,SOUTHWEST CAREER COLLEGE                ,TX,79925-6230,Proprietary  ,20,27,47,32,62,94
00367000,BRIGHAM YOUNG UNIVERSITY                ,UT,84602-8406,Private      ,160,369,529,9312,11958,21270
00367100,DIXIE STATE COLLEGE OF UTAH             ,UT,84770-3876,Public       ,24,60,84,1844,2122,3966
00367200,LDS BUSINESS COLLEGE                    ,UT,84101-3500,Private      ,8,20,28,470,452,922
00367400,STEVENS HENAGER COLLEGE                 ,UT,84401-1420,Proprietary  ,64,409,473,617,3162,3779
00367500,UNIVERSITY OF UTAH                      ,UT,84112-9055,Public       ,77,229,306,7224,12830,20054
00367600,COLLEGE OF EASTERN UTAH                 ,UT,84501-2699,Public       ,8,24,32,593,648,1241
00367700,UTAH STATE UNIVERSITY                   ,UT,84322-1400,Public       ,53,188,241,5555,8000,13555
00367800,SOUTHERN UTAH UNIVERSITY                ,UT,84720-2470,Public       ,12,54,66,2840,2534,5374
00367900,SNOW COLLEGE                            ,UT,84627-1299,Public       ,11,15,26,1488,573,2061
00368000,WEBER STATE UNIVERSITY                  ,UT,84408-1136,Public       ,43,161,204,3734,8441,12175
00368100,WESTMINSTER COLLEGE                     ,UT,84105-3697,Private      ,7,34,41,1529,1379,2908
00402700,UTAH VALLEY UNIVERSITY                  ,UT,84058-5999,Public       ,131,326,457,5462,11026,16488
00522000,SALT LAKE COMMUNITY COLLEGE             ,UT,84123-0000,Public       ,170,426,596,4623,10067,14690
00943300,SHERMAN KENDALL'S ACADEMY OF BEAUTY     ,UT,84106-1836,Proprietary  ,1,8,9,17,53,70
01009800,NEUMONT UNIVERSITY                      ,UT,84095-0000,Proprietary  ,1,4,5,374,268,642
01116500,UINTAH BASIN APPLIED TECHNOLOGY CLG     ,UT,84066-0000,Public       ,0,8,8,8,58,66
01116600,UTAH CAREER COLLEGE                     ,UT,84088-4021,Proprietary  ,10,19,29,344,1031,1375
02078800,SHERMAN KENDALL'S ACADEMY OF BEAUTY     ,UT,84047-0000,Proprietary  ,0,3,3,14,28,42
02115400,BRIDGERLAND APPLIED TECHNOLOGY COLLEGE  ,UT,84321-0000,Public       ,4,21,25,120,438,558
02156600,DAVIS APPLIED TECHNOLOGY COLLEGE        ,UT,84037-0000,Public       ,7,31,38,161,661,822
02178500,EAGLE GATE COLLEGE                      ,UT,84123-0000,Proprietary  ,27,110,137,290,1135,1425
02270800,AMERITECH COLLEGE                       ,UT,84604-6927,Proprietary  ,4,36,40,88,487,575
02270802,AMERITECH COLLEGE - DRAPER              ,UT,84020-6545,Proprietary  ,1,2,3,4,12,16
02298500,EVEREST COLLEGE                         ,UT,84119-2668,Proprietary  ,15,69,84,243,1260,1503
02346500,OGDEN-WEBER APPLIED TECHNOLOGY COLG     ,UT,84404-0000,Public       ,4,51,55,140,824,964
02360800,PROVO COLLEGE                           ,UT,84601-0000,Proprietary  ,19,42,61,210,632,842
02361000,ITT TECHNICAL INSTITUTE                 ,UT,84123-0000,Proprietary  ,15,57,72,235,849,1084
02504000,MARINELLO SCHOOL OF BEAUTY              ,UT,84041-0000,Proprietary  ,2,8,10,55,109,164
02516100,MARINELLO SCHOOL OF BEAUTY              ,UT,84405-1501,Proprietary  ,4,13,17,41,104,145
02531800,VON CURTIS ACADEMY OF HAIR DESIGN       ,UT,84606-0000,Proprietary  ,78,84,162,772,764,1536
02556800,HAIRITAGE COLLEGE OF BEAUTY             ,UT,84117-7204,Proprietary  ,11,12,23,140,119,259
02557700,PREMIER HAIR ACADEMY                    ,UT,84120-3603,Proprietary  ,4,5,9,12,38,50
02572700,EVANS HAIRSTYLING COLLEGE               ,UT,84770-0000,Proprietary  ,1,4,5,20,25,45
02572800,VISTA COLLEGE                           ,UT,84015-0000,Proprietary  ,1,6,7,26,126,152
02572801,CERTIFIED CAREERS INSTITUTE             ,UT,84015-0000,Proprietary  ,3,3,6,35,158,193
02573100,EVANS HAIRSTYLING COLLEGE               ,UT,84720-0000,Proprietary  ,1,1,2,31,23,54
02612200,MARINELLO SCHOOL OF BEAUTY              ,UT,84604-1585,Proprietary  ,8,7,15,92,90,182
03030600,UTAH COLLEGE OF MASSAGE THERAPY         ,UT,84111-1606,Proprietary  ,36,52,88,441,618,1059
03030601,UTAH CLG OF MASSAGE THER-PROVO CMPS     ,UT,84042-0000,Proprietary  ,12,14,26,141,217,358
03082100,MYOTHERAPY COLLEGE OF UTAH              ,UT,84115-2522,Proprietary  ,0,5,5,13,95,108
03108200,ECHELON EDGE ACADEMY OF HAIR SKIN & NAIL,UT,84070-2004,Proprietary  ,7,7,14,22,58,80
03110400,HAIRITAGE HAIR ACADEMY                  ,UT,84770-5233,Proprietary  ,0,2,2,17,30,47
03339400,WESTERN GOVERNORS UNIVERSITY            ,UT,84107-2533,Private      ,14,768,782,279,12716,12995
03413300,MOUNTAINLAND APPLIED TECHNOLOGY COLLEGE ,UT,84058-5857,Public       ,7,2,9,53,101,154
03463300,CAREERS UNLIMITED                       ,UT,84058-0000,Proprietary  ,1,0,1,25,59,84
03617300,HEALING MOUNTAIN MASSAGE SCHOOL         ,UT,84111-3232,Proprietary  ,2,2,4,22,49,71
03829500,SKINWORKS SCHOOL OF ADVANCED SKINCARE   ,UT,84115-0000,Proprietary  ,0,3,3,19,77,96
03838300,OGDEN INSTITUTE OF MASSAGE THERAPY      ,UT,84403-0000,Proprietary  ,0,0,0,16,63,79
03902300,RENAISSANCE SCHOOL OF THERAPEUTIC MASSAG,UT,84010-2835,Proprietary  ,0,3,3,5,23,28
03909300,MAXIMUM STYLE TEC SCHOOL OF COSMETOLOGY ,UT,84323-4679,Proprietary  ,1,3,4,20,39,59
03921300,CAMEO COLLEGE OF ESSENTIAL BEAUTY       ,UT,84115-0000,Proprietary  ,6,11,17,90,186,276
04054300,SOUTHWEST APPLIED TECHNOLOGY COLLEGE    ,UT,84720-6608,Public       ,0,2,2,12,40,52
04072300,DALLAS ROBERTS ACADEMY OF HAIR DESIGN & ,UT,84604-1008,Proprietary  ,4,4,8,16,19,35
04118100,IMAGEWORKS ACADEMY OF HAIR DESIGN       ,UT,84660-1210,Proprietary  ,9,9,18,24,36,60
04121700,DIXIE APPLIED TECHNOLOGY COLLEGE        ,UT,84770-3025,Public       ,1,4,5,10,22,32
00368200,BENNINGTON COLLEGE                      ,VT,05201-6001,Private      ,0,0,0,834,258,1092
00368300,CASTLETON STATE COLLEGE                 ,VT,05735-0000,Public       ,1,0,1,2371,348,2719
00368400,CHAMPLAIN COLLEGE                       ,VT,05401-3950,Private      ,1,13,14,2859,725,3584
00368402,WOODBURY COLLEGE                        ,VT,05602-0000,Private      ,0,5,5,9,160,169
00368500,COLLEGE OF ST JOSEPH                    ,VT,05701-3899,Private      ,0,7,7,177,211,388
00368600,GODDARD COLLEGE                         ,VT,05667-0000,Private      ,0,3,3,72,850,922
00368700,GREEN MOUNTAIN COLLEGE                  ,VT,05764-1199,Private      ,3,3,6,1054,136,1190
00368800,JOHNSON STATE COLLEGE                   ,VT,05656-9898,Public       ,4,5,9,1356,901,2257
00368900,LYNDON STATE COLLEGE                    ,VT,05851-0919,Public       ,1,0,1,1500,344,1844
00369000,MARLBORO COLLEGE                        ,VT,05344-0300,Private      ,1,5,6,423,86,509
00369100,MIDDLEBURY COLLEGE                      ,VT,05753-0000,Private      ,2,3,5,3033,589,3622
00369200,NORWICH UNIVERSITY                      ,VT,05663-1035,Private      ,2,34,36,2461,1993,4454
00369300,SOUTHERN VERMONT COLLEGE                ,VT,05201-6002,Private      ,0,0,0,424,136,560
00369400,ST MICHAELS COLLEGE                     ,VT,05439-0001,Private      ,1,7,8,3064,232,3296
00369600,UNIVERSITY OF VERMONT                   ,VT,05405-0160,Public       ,17,26,43,12432,2421,14853
00369800,VERMONT TECHNICAL COLLEGE               ,VT,05061-0000,Public       ,3,3,6,1017,607,1624
00857500,SALON PROFESSIONAL ACADEMY (THE)        ,VT,05495-4001,Proprietary  ,2,2,4,67,86,153
00865800,O'BRIENS AVEDA INSTITUTE                ,VT,05403-7747,Proprietary  ,2,3,5,21,37,58
00886000,SIT                                     ,VT,05301-4801,Private      ,0,1,1,16,515,531
01116700,COMMUNITY COLLEGE OF VERMONT            ,VT,05676-1552,Public       ,4,33,37,1416,3365,4781
01193400,VERMONT LAW SCHOOL                      ,VT,05068-0000,Private      ,0,1,1,1,937,938
01218300,BURLINGTON COLLEGE                      ,VT,05401-8477,Private      ,2,2,4,131,122,253
02143500,STERLING COLLEGE                        ,VT,05827-0000,Private      ,0,0,0,129,24,153
02254000,NEW ENGLAND CULINARY INSTITUTE          ,VT,05602-0000,Proprietary  ,1,6,7,582,326,908
02532600,LANDMARK COLLEGE                        ,VT,05346-0000,Private      ,2,0,2,342,54,396
03708300,BURLINGTON TECHNICAL CENTER             ,VT,05401-2721,Public       ,1,1,2,9,7,16
00392800,CASPER COLLEGE                          ,WY,82601-4612,Public       ,16,36,52,1076,1163,2239
00392900,EASTERN WYOMING COLLEGE                 ,WY,82240-1603,Public       ,0,5,5,301,264,565
00393000,SHERIDAN COLLEGE                        ,WY,82801-9133,Public       ,2,7,9,609,665,1274
00393100,NORTHWEST COLLEGE                       ,WY,82435-1895,Public       ,5,11,16,796,546,1342
00393200,UNIVERSITY OF WYOMING                   ,WY,82071-3663,Public       ,27,49,76,5680,3902,9582
00393300,WESTERN WYOMING COMMUNITY COLLEGE       ,WY,82902-0000,Public       ,8,9,17,650,654,1304
00728900,CENTRAL WYOMING COLLEGE                 ,WY,82501-0000,Public       ,3,29,32,388,660,1048
00915700,WYOMING TECHNICAL INSTITUTE             ,WY,82072-9519,Proprietary  ,39,44,83,4783,2035,6818
00925900,LARAMIE COUNTY COMMUNITY CLG            ,WY,82007-3299,Public       ,12,44,56,937,1439,2376
02211900,CHEEKS INTERNATIONAL ACDMY              ,WY,82001-0000,Proprietary  ,2,12,14,66,184,250
03291300,BUSINESS SKILLS INSTITUTE A DEPARTMENT O,WY,82930-0000,Public       ,0,0,0,4,12,16
00393500,UNIV OF GUAM                            ,GU,96923-0000,Public       ,39,39,78,1658,1340,2998
01536100,GUAM COMMUNITY COLLEGE                  ,GU,96921-0000,Public       ,7,24,31,775,1113,1888
03438300,PACIFIC ISLANDS BIBLE COLLEGE           ,GU,96913-2619,Private      ,2,3,5,143,92,235
00393600,PONTIFICAL CATHOLIC UNIV OF PR          ,PR,00717-0777,Private      ,26,14,40,5255,4847,10102
00393700,UNIVERSITY OF THE SACRED HEART          ,PR,00914-0383,Private      ,7,27,34,3057,1982,5039
00393800,INTER-AMER UNIV PR-CNTRL ADMN           ,PR,00936-0000,Private      ,13,63,76,2725,5117,7842
00393801,INTER-AMER UNIV PR SCHL LAW             ,PR,00936-8351,Private      ,0,2,2,8,317,325
00393802,INTER AMERICAN UNIVERSITY OF PUERTO RICO,PR,00926-0000,Private      ,0,0,0,1013,1702,2715
00393803,INTER AMERICAN UNIVERSITY OF PR         ,PR,00683-0000,Private      ,9,14,23,3780,2263,6043
00393804,INTER-AMER UNIV PR-RECINTO AGUADILA     ,PR,00605-2000,Private      ,7,33,40,2651,2386,5037
00393805,INTER-AMER UNIV PR-ARECIBO CAMPUS       ,PR,00614-4050,Private      ,4,13,17,2830,2387,5217
00393806,INTER-AMER UNIV PR-BARRANQUITAS REG     ,PR,00794-0517,Private      ,152,22,174,1651,1185,2836
00393807,INTER-AMER UNIV PR-FAJARDO REGIONAL     ,PR,00738-0000,Private      ,1,5,6,1272,1284,2556
00393808,INTER-AMER UNIV PR - GUAYAMA CAMPUS     ,PR,00785-4004,Private      ,11,18,29,1151,1472,2623
00393809,INTER-AMER UNIV PR-PONCE REGIONAL       ,PR,00715-0000,Private      ,10,12,22,3294,3240,6534
00393810,INTER-AMER UNIV PR - SCH OF OPTOMETRY   ,PR,00918-0000,Private      ,0,0,0,6,63,69
00393811,INTER-AMER UNIV PR-BAYAMON REG CLG      ,PR,00959-0000,Private      ,13,11,24,4079,1901,5980
00394100,COLEGIO UNIVERSITARIO DEL ESTE          ,PR,00983-0000,Private      ,40,295,335,5168,8475,13643
00394200,UNIVERSITY OF PR-CENTRAL ADMINISTRATION ,PR,00936-4984,Public       ,4,14,18,606,390,996
00394201,UNIVERSITY OF PR-RIO PIEDRAS CAMPUS     ,PR,00931-3300,Public       ,29,12,41,8454,2592,11046
00394202,UNIV OF PUERTO RICO-MAYAGUEZ CAMPUS     ,PR,00681-5000,Public       ,15,5,20,8413,1590,10003
00394203,"UNIVERSITY OF PR, MED. SCIENCES CAMPUS  ",PR,00936-5067,Public       ,1,8,9,386,1264,1650
00394204,"UNIVERSITY OF PUERTO RICO, CAYEY CAMPUS ",PR,00736-0000,Public       ,11,5,16,2841,573,3414
00394205,"UNIVERSITY OF PR, HUMACAO CAMPUS        ",PR,00791-4057,Public       ,9,4,13,3313,614,3927
00394206,UNIVERSITY OF PR-AGUADILLA CAMPUS       ,PR,00604-6150,Public       ,3,4,7,2561,466,3027
00394207,UNIVERSITY OF PUERTO RICO-ARECIBO CAMPUS,PR,00614-0000,Public       ,4,0,4,3532,553,4085
00394208,UNIVERSITY OF PUERTO RICO-BAYAMON CAMPUS,PR,00959-0000,Public       ,13,1,14,3541,582,4123
00394209,UNIVERSITY OF PUERTO RICO-CAROLINA      ,PR,00984-4800,Public       ,20,8,28,2925,535,3460
00394210,UNIVERSITY OF PUERTO RICO-PONCE         ,PR,00732-0000,Public       ,4,0,4,2864,431,3295
00394211,"UNIVERSITY OF PR, UTUADO CAMPUS         ",PR,00641-0000,Public       ,4,1,5,1381,269,1650
00501900,UNIV ADVENTISTA DE LAS ANTILLAS         ,PR,00681-0118,Private      ,3,1,4,564,363,927
00502200,BAYAMON CENTRAL UNIVERSITY              ,PR,00960-0000,Private      ,2,22,24,994,1436,2430
00890200,COLUMBIA CENTRO UNIVERSITARIO           ,PR,00726-0000,Proprietary  ,25,95,120,598,1268,1866
01056700,COLEGIO TECNOLOGICO DE SAN JUAN         ,PR,00918-2973,Public       ,3,5,8,408,609,1017
01072400,CARLOS ALBIZU UNIVERSITY                ,PR,00902-3711,Private      ,1,9,10,94,727,821
01081900,CONSERVATORIO DE MUSICA DE PUERTO RICO  ,PR,00907-3373,Public       ,2,2,4,244,66,310
01120300,RYDER MEMORIAL HOSP SCH OF NURSING      ,PR,00792-0000,Private      ,0,0,0,9,8,17
01171900,UNIVERSIDAD DEL TURABO                  ,PR,00778-0000,Private      ,32,230,262,6806,10833,17639
01194000,ICPR JUNIOR COLLEGE                     ,PR,00919-0000,Proprietary  ,93,174,267,944,1297,2241
01194100,AMERICAN UNIVERSITY OF PUERTO RICO      ,PR,00960-2037,Private      ,57,29,86,945,882,1827
01194101,AMERICAN UNIVERSITY OF PUERTO RICO      ,PR,00674-0000,Private      ,48,20,68,911,863,1774
01252500,CARIBBEAN UNIVERSITY                    ,PR,00960-0493,Private      ,58,52,110,2107,3436,5543
01314800,RAMIREZ COLLEGE OF BUS & TECH           ,PR,00918-0000,Proprietary  ,22,79,101,296,684,980
02063100,MBTI BUSINESS TRNG INSTITUTE            ,PR,00907-3917,Proprietary  ,11,10,21,317,600,917
02100000,POLYTECHNIC UNIVERSITY OF PR            ,PR,00917-0000,Private      ,13,22,35,2897,2205,5102
02163300,UNIVERSIDAD CENTRAL DEL CARIBE          ,PR,00960-0000,Private      ,0,1,1,106,388,494
02165100,EDP COLLEGE OF PUERTO RICO              ,PR,00919-0000,Private      ,82,106,188,785,1526,2311
02166400,INSTITUTO DE BANCA Y COMERCIO           ,PR,00925-0000,Proprietary  ,169,185,354,8745,11038,19783
02170300,INST EDUC TECNIA OCUP LA REINA          ,PR,00674-0000,Proprietary  ,7,3,10,314,397,711
02170301,INST EDUC TECNICA OCUPLA LA REINA       ,PR,00603-0000,Proprietary  ,0,0,0,4,1,5
02189100,CENTRO DE ESTUDIOS MULTIDISCIPLIN       ,PR,00926-0000,Private      ,50,97,147,990,1585,2575
02189300,EMMA'S BEAUTY ACADEMY                   ,PR,00680-0000,Proprietary  ,3,13,16,265,265,530
02195400,MODERN HAIRSTYLING INSTITUTE            ,PR,00960-0000,Proprietary  ,30,52,82,602,639,1241
02195500,MODERN HAIRSTYLING INSTITUTE            ,PR,00612-0000,Proprietary  ,0,0,0,1,1,2
02195800,LICEO E ARTE Y TECNOLGIA                ,PR,00919-0000,Private      ,25,47,72,823,684,1507
02195900,MODERN HAIRSTYLING INSTITUTE            ,PR,00980-0000,Proprietary  ,0,0,0,5,6,11
02234900,ANTILLES SCHOOL OF TECH CAREERS         ,PR,00909-0000,Proprietary  ,7,19,26,122,255,377
02241901,COMMONWEALTH OF PR DEPT OF EDUC - CARLOS,PR,00986-0000,Public       ,0,0,0,20,50,70
02241902,COMMONWEALTH OF PR DEPT OF EDUC - TOMAS ,PR,00613-0000,Public       ,0,0,0,16,16,32
02241904,COMMONWEALTH OF PR DEPT OF EDUC - ITPR R,PR,00655-0000,Public       ,1,0,1,499,232,731
02241905,COMMONWEALTH OF PR DEPT OF EDUC - JOSE A,PR,00674-0000,Public       ,1,0,1,804,204,1008
02241907,COMMONWEALTH OF PR DEPT OF EDUC - ITPR R,PR,00928-0000,Public       ,1,1,2,450,191,641
02241908,COMMONWEALTH OF PR DEPT OF EDUC - ITPR R,PR,00732-0000,Public       ,1,1,2,565,271,836
02241909,COMMONWEALTH OF PR DEPT OF EDUC - TROQUE,PR,00959-0000,Public       ,0,0,0,31,3,34
02260600,NATIONAL COLLEGE OF BUSINESS & TECH     ,PR,00960-2036,Proprietary  ,15,43,58,3315,4277,7592
02260601,NATIONAL COLLEGE OF BUSINESS & TECHNOLOG,PR,00612-0000,Proprietary  ,0,0,0,50,20,70
02260602,NATIONAL COLLEGE OF BUSINESS & TECHNOLOG,PR,00745-9903,Proprietary  ,0,0,0,12,11,23
02260800,HUERTAS JUNIOR COLLEGE                  ,PR,00726-0000,Proprietary  ,34,128,162,1045,1325,2370
02297700,AUTOMECA TECHNICAL COLLEGE              ,PR,00957-0000,Proprietary  ,0,3,3,1107,729,1836
02303800,AMERICAN EDUCATIONAL COLLEGE            ,PR,00961-0000,Proprietary  ,34,64,98,577,775,1352
02335500,COLEGIO BIBLICO PENTECOSTAL DE PR       ,PR,00978-0000,Private      ,0,0,0,19,121,140
02340600,HUMACAO COMMUNITY COLLEGE               ,PR,00792-0000,Private      ,11,50,61,339,494,833
02343600,INSTITUTE OF BEAUTY CAREERS             ,PR,00613-0000,Proprietary  ,9,38,47,421,589,1010
02482400,PONCE SCHOOL OF MEDICINE                ,PR,00716-2347,Private      ,0,1,1,7,595,602
02502400,SERBIA'S SCHOOL OF BEAUTY CULTURE       ,PR,00785-0000,Proprietary  ,15,32,47,228,368,596
02504500,INSTITUCION CHAVIANO DE MAYAGUEZ        ,PR,00708-0000,Proprietary  ,9,36,45,31,169,200
02505400,ATLANTIC COLLEGE                        ,PR,00970-0000,Private      ,13,20,33,831,451,1282
02534900,PONCE PARAMEDICAL COLLEGE (POPAC)       ,PR,00731-0000,Proprietary  ,32,64,96,2043,1831,3874
02549700,ACADEMIA MAISON D'ESTHETIQUE            ,PR,00907-0000,Proprietary  ,14,33,47,160,322,482
02552300,COLEGIO MAYOR DE TECHNOLOGIA            ,PR,00714-0000,Proprietary  ,8,12,20,308,422,730
02562500,INTERNATIONAL TECHNICAL COLLEGE         ,PR,00918-0000,Proprietary  ,9,25,34,99,151,250
02563500,ROGIES SCHOOL OF BEAUTY CULTURE         ,PR,00910-0000,Proprietary  ,12,14,26,153,180,333
02566800,PUERTO RICO TECH JUNIOR COLLEGE         ,PR,00917-0000,Proprietary  ,0,0,0,50,48,98
02569400,ESCUELA DE ARTES PLASTICAS              ,PR,00902-1112,Public       ,0,0,0,317,143,460
02570400,EDUCATIONAL TECHNICAL COLLEGE           ,PR,00925-3404,Proprietary  ,49,106,155,478,1020,1498
02576100,ESCUELA TECNICA DE ELECTRICIDAD         ,PR,00731-0000,Proprietary  ,11,22,33,370,494,864
02587500,UNIVERSIDAD METROPOLITANA               ,PR,00928-0000,Private      ,13,213,226,4690,8558,13248
02588600,SEMINARIO EVANGELICO DE PUERTO RICO     ,PR,00925-0000,Private      ,0,2,2,2,34,36
02593700,HISPANIC AMERICAN COLLEGE               ,PR,00725-0000,Proprietary  ,15,17,32,183,224,407
02611100,INSTITUTO MERLIX                        ,PR,00961-0000,Proprietary  ,6,13,19,104,267,371
03021900,EDIC COLLEGE                            ,PR,00726-0000,Proprietary  ,4,5,9,574,797,1371
03025500,MECH TECH COLLEGE                       ,PR,00725-6118,Proprietary  ,101,74,175,2678,1222,3900
03025900,"LICEO DE ARTE, DISENOS Y COMERCIO       ",PR,00726-0000,Proprietary  ,10,27,37,375,540,915
03029700,"UNIVERSAL TECHNOLOGY CLG OF PR, INC     ",PR,00605-1955,Private      ,14,55,69,781,1658,2439
03061900,COLEGIO TECHNOLOGICO Y COMERCIAL        ,PR,00602-0000,Proprietary  ,1,8,9,33,84,117
03068400,STAR BEAUTY ACADEMY                     ,PR,00961-6312,Proprietary  ,6,8,14,57,87,144
03070500,D'MART INSTITUTE                        ,PR,00794-3517,Proprietary  ,40,65,105,1110,1413,2523
03075600,EMMA'S BEAUTY ACADEMY                   ,PR,00795-0000,Proprietary  ,32,27,59,342,325,667
03076000,PUERTO RICO BARBER COLLEGE              ,PR,00738-4632,Proprietary  ,1,5,6,38,98,136
03085700,PROFESSIONAL TECHNICAL INSTITUTION      ,PR,00960-7061,Proprietary  ,7,16,23,275,250,525
03104400,PROFESSIONAL ELECTRIC SCHOOL            ,PR,00674-1797,Proprietary  ,0,0,0,79,91,170
03106900,ESCUELA DE PERITOS ELECTRICITAS         ,PR,00662-0457,Proprietary  ,4,9,13,37,72,109
03112100,JOHN DEWEY COLLEGE                      ,PR,00915-9538,Private      ,194,517,711,2341,4948,7289
03112101,JOHN DEWEY COLLEGE                      ,PR,00986-0000,Private      ,39,80,119,580,842,1422
03112102,JOHN DEWEY COLLEGE-BAYAMON CAMPUS       ,PR,00959-0000,Private      ,43,89,132,391,762,1153
03112104,JOHN DEWEY COLLEGE - YABUCOA LRNING SITE,PR,00767-0767,Private      ,13,37,50,142,286,428
03112105,JOHN DEWEY COLLEGE - FAJARDO BRANCH     ,PR,00738-0738,Private      ,10,40,50,216,302,518
03112106,JOHN DEWEY COLLEGE - ARROYO BRANCH      ,PR,00714-0714,Private      ,11,42,53,142,357,499
03112107,JOHN DEWEY COLLEGE - JUANA DIAZ BRANCH  ,PR,00795-0000,Private      ,15,38,53,328,536,864
03115900,TRINITY COLLEGE OF PUERTO RICO          ,PR,00734-0000,Private      ,22,25,47,108,204,312
03122500,ACADEMIA SERRANT INC.                   ,PR,00717-1568,Proprietary  ,16,37,53,143,338,481
03123100,GLOBELLE TECHNICAL INSTITUTE            ,PR,00693-4218,Proprietary  ,10,8,18,52,124,176
03124200,NOVA COLLEGE DE PUERTO RICO             ,PR,00960-4016,Proprietary  ,4,14,18,92,262,354
03142300,ACADEMIA VOCATIONAL DEL TURABO          ,PR,00725-3657,Proprietary  ,0,0,0,24,59,83
03157600,"COLEGIO DE CINEMATOGRAFIA, ARTES Y TELEV",PR,00961-6345,Proprietary  ,20,24,44,316,160,476
03177300,SAN JUAN BAUTISTA SCH OF MEDICINE       ,PR,00726-0000,Private      ,0,0,0,0,255,255
03326300,UNIVERSAL CAREER COMMUNITY COLLEGE      ,PR,00907-0000,Proprietary  ,43,87,130,464,716,1180
03336300,CENTURY COLLEGE                         ,PR,00603-4802,Proprietary  ,6,13,19,104,186,290
03414300,MONTECLARO                              ,PR,00745-9612,Private      ,0,0,0,8,0,8
03452300,INSTITUTO PRE-VOCACIONAL E INDUSTRI     ,PR,00613-1800,Private      ,0,2,2,54,130,184
03461400,POLITEC INSTITUTE                       ,PR,00732-0000,Proprietary  ,0,0,0,9,2,11
03469300,IVAEM COLLEGE                           ,PR,00725-0000,Proprietary  ,2,3,5,125,56,181
03531300,COLEGIO PENTECOSTAL MIZPA               ,PR,00928-0966,Private      ,0,0,0,14,204,218
03544300,ATENAS COLLEGE                          ,PR,00674-0000,Private      ,16,66,82,621,1302,1923
03552300,LESTON COLLEGE                          ,PR,00961-6309,Proprietary  ,7,31,38,52,134,186
03585300,CENTRO DE CAPACITACION Y ASESORAMIE     ,PR,00612-0000,Proprietary  ,0,0,0,3,11,14
03600300,AMERICAN TECHNOLOGICAL COLLEGE          ,PR,00928-3713,Proprietary  ,0,0,0,1,2,3
03608300,CARIBBEAN FORENSIC & TECHNICAL COLL     ,PR,00926-0000,Proprietary  ,2,10,12,53,124,177
03735400,"CHARLIES GUARD,DETECTIVE BUREAU&ACA     ",PR,00605-0000,Proprietary  ,4,9,13,74,174,248
03751300,ESCUELA HOTELERA DE SAN JUAN            ,PR,00917-0091,Proprietary  ,0,2,2,363,251,614
03758300,BAYAMON COMMUNITY COLLEGE               ,PR,00960-0000,Proprietary  ,4,19,23,73,252,325
03781400,INDUSTRIAL TECHNICAL COLLEGE            ,PR,00792-0000,Proprietary  ,22,21,43,105,174,279
03785300,J.G. GUAYNABO TECHNICAL COLLEGE         ,PR,00960-0000,Proprietary  ,2,8,10,35,115,150
03800300,COLEGIO TECNICO DE ELECTRICIDAD GALLOSA ,PR,00602-0000,Proprietary  ,0,1,1,34,72,106
03800400,INSTITUTE OF BEAUTY OCCUPATIONS AND TECH,PR,00676-5071,Proprietary  ,5,21,26,72,153,225
03843300,ADVANCED TECH COLLEGE                   ,PR,00961-6321,Proprietary  ,0,7,7,20,95,115
03849300,AGUADILLA TECHNICAL COLLEGE             ,PR,00603-0000,Proprietary  ,0,0,0,13,43,56
03965400,MYRANGEL BEAUTY INSTITUTE               ,PR,00754-3917,Proprietary  ,6,8,14,42,106,148
04030300,ASPIRA  DE PUERTO RICO                  ,PR,00987-0000,Private      ,0,1,1,2,7,9
04107300,CARIB TECHNOLOGICAL INSTITUTE           ,PR,00960-0000,Proprietary  ,12,23,35,37,92,129
04117200,INSTITUTO EDUCATIVO PREMIER             ,PR,00731-0000,Proprietary  ,7,16,23,7,16,23
00394600,UNIVERSITY OF THE VIRGIN ISLANDS        ,VI,00802-6000,Public       ,5,6,11,844,583,1427
00394601,UNIV OF THE VIRGIN ISLANDS-ST CROIX     ,VI,00850-0000,Public       ,3,6,9,360,420,780
00667700,MCGILL UNIVERSITY                       ,CN,00000-0000,Public       ,3,2,5,1370,368,1738
00667900,QUEEN'S UNIVERSITY AT KINGSTON          ,CN,00000-0000,Public       ,0,0,0,104,30,134
00668100,ST FRANCIS XAVIER UNIVERSITY            ,CN,00000-0000,Public       ,0,0,0,32,10,42
00668200,ST THOMAS UNIVERSITY                    ,CN,00000-0000,Public       ,0,0,0,18,6,24
00668300,UNIVERSITY OF GUELPH                    ,CN,00000-0000,Public       ,0,0,0,32,32,64
00668400,UNIVERSITY OF MANITOBA                  ,CN,00000-0000,Public       ,0,0,0,29,22,51
00668500,UNIVERSITY OF NEW BRUNSWICK (THE)       ,CN,00000-0000,Public       ,0,0,0,14,14,28
00668600,UNIVERSITY OF OTTAWA                    ,CN,00000-0000,Public       ,0,0,0,35,32,67
00668800,UNIVERSITY OF TORONTO                   ,CN,00000-0000,Public       ,0,5,5,220,343,563
00668900,UNIVERSITY OF WINDSOR                   ,CN,00000-0000,Public       ,0,0,0,23,41,64
00683700,UNIVERSITE LAVAL                        ,CN,00000-0000,Public       ,0,0,0,2,12,14
00683800,DALHOUSIE UNIVERSITY                    ,CN,00000-0000,Public       ,0,0,0,93,65,158
00685200,BISHOP'S UNIVERSITY                     ,CN,00000-0000,Private      ,0,0,0,26,6,32
00685300,MCMASTER UNIVERSITY                     ,CN,00000-0000,Public       ,0,0,0,22,23,45
00767900,YORK UNIVERSITY                         ,CN,00000-0000,Public       ,1,0,1,111,100,211
00787400,UNIVERSITY AT CALGARY (THE)             ,CN,00000-0000,Public       ,0,0,0,15,44,59
00814800,UNIVERSITY OF WINNIPEG                  ,CN,00000-0000,Public       ,0,0,0,4,5,9
00836200,UNIVERSITY OF ALBERTA (THE)             ,CN,00000-0000,Public       ,0,0,0,16,44,60
00836300,MOUNT SAINT VINCENT UNIVERSITY          ,CN,00000-0000,Private      ,0,0,0,4,6,10
00836400,SAINT MARY'S UNIVERSITY                 ,CN,00000-0000,Public       ,0,0,0,25,8,33
00836500,CONCORDIA UNIVERSITY - SIR GEORGE W     ,CN,00000-0000,Public       ,1,0,1,202,154,356
00836600,UNIVERSITE DE MONTREAL                  ,CN,00000-0000,Public       ,0,1,1,13,31,44
00836800,CARLETON UNIVERSITY                     ,CN,00000-0000,Public       ,0,1,1,36,26,62
00836900,UNIVERSITY OF BRITISH COLUMBIA          ,CN,00000-0000,Public       ,2,4,6,511,403,914
00837000,"SAFA, UNIVERSITY OF VICTORIA            ",CN,00000-0000,Public       ,0,1,1,75,54,129
00844400,SIMON FRASER UNIVERSITY                 ,CN,00000-0000,Public       ,0,2,2,65,77,142
00844600,UNIVERSITY OF WESTERN ONTARIO (THE)     ,CN,00000-0000,Public       ,1,2,3,25,40,65
00844800,UNIVERSITY OF REGINA                    ,CN,00000-0000,Public       ,0,0,0,5,8,13
00844900,ACADIA UNIVERSITY                       ,CN,00000-0000,Public       ,0,0,0,59,8,67
00852600,UNIVERSITY OF WATERLOO                  ,CN,00000-0000,Public       ,0,0,0,27,19,46
00858200,WILFRID LAURIER UNIVERSITY              ,CN,00000-0000,Public       ,0,0,0,8,4,12
00874200,UNIVERSITE DE SHERBROOKE                ,CN,00000-0000,Private      ,0,0,0,2,1,3
00891300,LAKEHEAD UNIVERSITY                     ,CN,00000-0000,Public       ,0,0,0,2,4,6
00911900,UNIVERSITE DE MONCTON                   ,CN,00000-0000,Public       ,0,0,0,0,2,2
00918000,LAURENTIAN UNIVERSITY OF SUDBURY        ,CN,00000-0000,Public       ,0,0,0,3,3,6
00925200,BROCK UNIVERSITY                        ,CN,00000-0000,Public       ,1,0,1,12,16,28
00936700,UNIVERSITY OF PRINCE EDWARD ISLAND      ,CN,00000-0000,Public       ,0,0,0,11,103,114
00942100,BRANDON UNIVERSITY                      ,CN,00000-0000,Public       ,0,0,0,2,4,6
00948600,TRINITY WESTERN UNIVERSITY              ,CN,00000-0000,Private      ,0,1,1,281,68,349
00950000,MEMORIAL UNIVERSITY OF NEWFOUNDLAND     ,CN,00000-0000,Public       ,0,0,0,11,22,33
00950100,UNIVERSITY OF KING'S COLLEGE            ,CN,00000-0000,Public       ,0,0,0,19,2,21
00950300,MOUNT ALLISON UNIVERSITY                ,CN,00000-0000,Public       ,0,0,0,42,1,43
00950500,TRENT UNIVERSITY                        ,CN,00000-0000,Public       ,0,0,0,11,6,17
00969700,LETHBRIDGE COLLEGE                      ,CN,00000-0000,Public       ,0,0,0,3,1,4
00969800,MEDICINE HAT COLLEGE                    ,CN,00000-0000,Public       ,0,0,0,1,1,2
00970100,SENECA COLG OF APPLIED ARTS & TECH      ,CN,00000-0000,Public       ,0,0,0,6,7,13
01012300,NOVA SCOTIA COLLEGE OF ART & DESIGN     ,CN,00000-0000,Public       ,0,0,0,11,12,23
01022100,SAINT PAUL UNIVERSITY                   ,CN,00000-0000,Public       ,0,0,0,3,7,10
01045800,SHERIDAN COLLEGE OF APPLIED ARTS AN     ,CN,00000-0000,Public       ,0,0,0,9,14,23
01067500,REGENT COLLEGE                          ,CN,00000-0000,Private      ,0,1,1,4,135,139
01070300,UNIVERSITY OF LETHBRIDGE                ,CN,00000-0000,Public       ,0,0,0,8,3,11
01072000,RYERSON UNIVERSITY                      ,CN,00000-0000,Public       ,0,1,1,33,46,79
01172200,BRIERCREST BIBLE COLLEGE                ,CN,00000-0000,Private      ,0,0,0,28,19,47
01221100,ALGONQUIN CLG OF APPLIED ARTS &TECH     ,CN,00000-0000,Public       ,0,0,0,5,6,11
01222800,HUMBER COLLEGE                          ,CN,00000-0000,Public       ,0,0,0,6,14,20
01227400,PROVIDENCE COLLEGE                      ,CN,00000-0000,Private      ,0,0,0,26,12,38
02081600,SAULT COLLG OF APPLIED ARTS & TECH      ,CN,00000-0000,Public       ,0,0,0,1,0,1
02102100,BETHANY BIBLE COLLEGE                   ,CN,00000-0000,Private      ,0,0,0,77,31,108
02116600,CANADIAN MEMORIAL CHIROPRACTIC COLL     ,CN,00000-0000,Private      ,0,0,0,0,2,2
02167000,PRAIRIE BIBLE INST                      ,CN,00000-0000,Private      ,0,0,0,39,19,58
02184600,INSTITUTE FOR CHRISTIAN STUDIES         ,CN,00000-0000,Private      ,0,0,0,0,5,5
02195600,LASALLE COLLEGE                         ,CN,00000-0000,Private      ,0,0,0,2,3,5
02195700,TAYLOR UNIVERSITY COLLEGE AND SEMINARY  ,CN,00000-0000,Private      ,0,0,0,11,2,13
02201100,COLUMBIA BIBLE COLLEGE                  ,CN,00000-0000,Private      ,0,0,0,18,3,21
02209700,UNIVERSITE DU QUEBEC (UNIVERSITY OF     ,CN,00000-0000,Public       ,0,0,0,5,11,16
02216400,TYNDALE COLLEGE & SEMINARY              ,CN,00000-0000,Private      ,0,0,0,1,9,10
02219000,ST. LAWRENCE COLLEGE                    ,CN,00000-0000,Public       ,0,0,0,8,2,10
02219200,UNIVERSITY OF SASKATCHEWAN              ,CN,00000-0000,Public       ,0,0,0,6,16,22
02338800,EMILY CARR UNIVERSITY OF ART AND DESIGN ,CN,00000-0000,Public       ,0,0,0,44,26,70
02354700,RED DEER COLLEGE                        ,CN,00000-0000,Public       ,0,0,0,1,2,3
02529200,AUGUSTANA UNIVERSITY COLLEGE            ,CN,00000-0000,Private      ,0,0,0,1,0,1
02577200,SALVATION ARMY WM & CATHERINE BOOTH     ,CN,00000-0000,Private      ,0,0,0,1,0,1
02592600,NEW BRUNSWICK COMMUNITY COLLEGE         ,CN,00000-0000,Public       ,0,0,0,2,2,4
02593800,CONCORDIA UNIVERSITY COLLEGE            ,CN,00000-0000,Private      ,0,0,0,2,1,3
02611400,"GARDNER COLLEGE, A CENTRE FOR CHRIS     ",CN,00000-0000,Private      ,0,0,0,1,1,2
02611900,THE KING'S UNIVERSITY COLLEGE           ,CN,00000-0000,Private      ,0,0,0,0,3,3
03018300,ROCKY MOUNTAIN COLLEGE: CENTRE FOR      ,CN,00000-0000,Private      ,0,0,0,3,1,4
03033800,UNIVERSITY COLLEGE OF CAPE BRETON       ,CN,00000-0000,Public       ,0,0,0,5,5,10
03076200,COVENANT BIBLE COLLEGE                  ,CN,00000-0000,Private      ,0,0,0,2,0,2
03078300,VANCOUVER SCHOOL OF THEOLOGY            ,CN,00000-0000,Private      ,0,0,0,0,5,5
03273300,CANADIAN COLLEGE OF NATUROPATHIC ME     ,CN,00000-0000,Private      ,0,1,1,0,31,31
03298300,ALBERTA COLLEGE OF ART & DESIGN         ,CN,00000-0000,Public       ,0,0,0,20,7,27
03332500,KWANTLEN UNIVERSITY COLLEGE             ,CN,00000-0000,Public       ,0,0,0,2,3,5
03335400,CANADIAN UNIVERSITY COLLEGE             ,CN,00000-0000,Private      ,0,0,0,22,1,23
03339300,ST. STEPHENS UNIVERSITY                 ,CN,00000-0000,Private      ,0,0,0,0,4,4
03348500,REDEEMER UNIVERSITY COLLEGE             ,CN,00000-0000,Private      ,0,0,0,9,0,9
03408300,CANDIAN NAZARENE UNIVERSITY COLLEGE     ,CN,00000-0000,Private      ,0,0,0,1,1,2
03420300,HOLLAND COLLEGE                         ,CN,00000-0000,Public       ,0,0,0,1,2,3
03421300,LOYALIST COLLEGE OF APPLIED ARTS &      ,CN,00000-0000,Public       ,0,0,0,1,0,1
03465300,NIPISSING UNIVERSITY                    ,CN,00000-0000,Public       ,1,0,1,1,1,2
03511300,CN CLG ACUPUNCTURE & ORIENTAL MED       ,CN,00000-0000,Private      ,0,0,0,0,9,9
03551300,INTERNATIONAL BIBLE COLLEGE             ,CN,00000-0000,Private      ,0,0,0,3,6,9
03560400,NIAGARA COLLEGE-WELLAND CAMPUS          ,CN,00000-0000,Public       ,0,0,0,3,8,11
03613300,UNIV OF NORTHERN BRITISH COLUMBIA       ,CN,00000-0000,Public       ,0,0,0,4,5,9
03644400,CANADIAN MENNONITE UNIVERSITY           ,CN,00000-0000,Private      ,0,0,0,2,0,2
03674400,CANADIAN SOUTHERN BAPTIST SEMINARY      ,CN,00000-0000,Private      ,0,0,0,0,3,3
03711300,CAPILANO UNIVERSITY                     ,CN,00000-0000,Public       ,0,0,0,8,3,11
03745300,BRITISH COLUMBIA INSTITUTE OF TECHNOLOGY,CN,00000-0000,Public       ,0,0,0,0,1,1
03846300,PACIFIC LIFE BIBLE COLLEGE              ,CN,00000-0000,Private      ,0,0,0,10,3,13
03847300,ATLANTIC BAPTIST UNIVERSITY             ,CN,00000-0000,Private      ,0,0,0,1,1,2
00814700,UNIVERSIDAD AUTONOMA DE GUADALAJARA     ,MX,00000-0000,Private      ,0,9,9,32,1219,1251
01041800,INST TEC Y DE ESTSUPER DE MONTERRE      ,MX,00000-0000,Private      ,1,3,4,31,56,87
01067600,UNIVERSIDAD DE MONTERREY                ,MX,00000-0000,Private      ,0,1,1,15,24,39
01093800,UNIVERSIDAD DE GUANAJUATO               ,MX,00000-0000,Public       ,0,0,0,11,12,23
01097600,INSTITUTO ALLENDE                       ,MX,00000-0000,Private      ,0,0,0,2,6,8
02053300,CENTRO DE ESTUDIOS UNIVERSITARIOS D     ,MX,00000-0000,Private      ,0,3,3,126,201,327
02283100,UNIVERSIDAD TECNOLOGICA DE MEXICO       ,MX,00000-0000,Proprietary  ,0,0,0,17,16,33
01001000,AMERICAN SAMOA CMNTY COLLEGE            ,AS,96799-2609,Public       ,165,11,176,1563,329,1892
01034300,COLLEGE OF MICRONESIA - FSM             ,FM,96941-0159,Public       ,61,184,245,2202,882,3084
01100900,PALAU COMMUNITY COLLEGE                 ,PW,96940-0009,Public       ,40,45,85,864,388,1252
03022400,COLLEGE OF THE MARSHALL ISLANDS         ,MH,96960-1258,Public       ,6,87,93,564,412,976
03033000,NORTHERN MARIANAS COLLEGE               ,MP,96950-0000,Public       ,0,2,2,433,315,748
