OPE ID,School,State,Zip Code,School Type,20072008Qtr2_Dependent Students,20072008Qtr2_Independent Students,Quarterly Total,YTD_20072008Qtr2_Dependent Students,YTD_20072008Qtr2_Independent Students,Award Year To Date Total
00100200,ALABAMA AGRCLTL & MECHL UNIV            ,AL,35762-1357,Public       ,1807,968,2775,3967,1723,5690
00100300,FAULKNER UNIVERSITY                     ,AL,36109-3398,Private      ,489,1165,1654,874,1813,2687
00100400,UNIVERSITY OF MONTEVALLO                ,AL,35115-6000,Public       ,639,369,1008,1274,604,1878
00100500,ALABAMA STATE UNIVERSITY                ,AL,36101-0000,Public       ,2481,1198,3679,5468,2242,7710
00100700,CENTRAL ALABAMA COMMUNITY COLLEGE       ,AL,35011-0000,Public       ,299,530,829,546,760,1306
00100800,ATHENS STATE UNIVERSITY                 ,AL,35611-1999,Public       ,190,826,1016,325,1361,1686
00100900,AUBURN UNIVERSITY                       ,AL,36849-5113,Public       ,3004,1452,4456,10156,3263,13419
00101200,BIRMINGHAM SOUTHERN COLLEGE             ,AL,35254-0002,Private      ,399,74,473,1339,153,1492
00101300,CALHOUN COMMUNITY COLLEGE               ,AL,35609-2216,Public       ,971,1556,2527,1835,2615,4450
00101500,ENTERPRISE-OZARK COMMUNITY COLLEGE      ,AL,36331-1300,Public       ,283,335,618,468,508,976
00101600,UNIVERSITY OF NORTH ALABAMA             ,AL,35632-0001,Public       ,1249,853,2102,2352,1283,3635
00101700,GADSDEN STATE COMMUNITY COLLEGE         ,AL,35903-2269,Public       ,632,875,1507,1140,1438,2578
00101706,GADSDEN STATE COMM. COLLEGE-AYERS CAMPUS,AL,36202-0000,Public       ,70,121,191,138,224,362
00101800,GEORGE C WALLACE COMMUNITY COLLEGE      ,AL,36303-0943,Public       ,388,744,1132,655,1130,1785
00101900,HUNTINGDON COLLEGE                      ,AL,36106-2148,Private      ,260,105,365,722,191,913
00102000,JACKSONVILLE STATE UNIVERSITY           ,AL,36265-1602,Public       ,1725,1373,3098,3830,2535,6365
00102100,JEFFERSON DAVIS COMMUNITY COLLEGE       ,AL,36427-2790,Public       ,159,228,387,252,336,588
00102200,JEFFERSON STATE COMMUNITY COLLEGE       ,AL,35215-3098,Public       ,981,1662,2643,1595,2585,4180
00102300,JUDSON COLLEGE                          ,AL,36756-2504,Private      ,130,31,161,241,57,298
00102400,UNIVERSITY OF WEST ALABAMA              ,AL,35470-0000,Public       ,595,929,1524,1179,1604,2783
00102600,MARION MILITARY INSTITUTE               ,AL,36756-3214,Public       ,100,6,106,179,12,191
00102800,MILES COLLEGE                           ,AL,35064-2697,Private      ,701,363,1064,1265,608,1873
00102900,UNIVERSITY OF MOBILE                    ,AL,36613-0000,Private      ,371,543,914,872,904,1776
00103000,BISHOP STATE COMMUNITY COLLEGE          ,AL,36603-5898,Public       ,391,883,1274,583,1374,1957
00103001,BISHOP STATE COMM COLG-CARVER CMPS      ,AL,36617-0000,Public       ,34,52,86,41,88,129
00103002,BISHOP STAT COMM CLG-SW CMPS            ,AL,36605-0000,Public       ,29,36,65,36,57,93
00103100,NORTHEAST ALABAMA STATE CMNTY COLG      ,AL,35986-0159,Public       ,252,379,631,422,592,1014
00103300,OAKWOOD COLLEGE                         ,AL,35896-0001,Private      ,480,178,658,1111,369,1480
00103400,ALABAMA SOUTHERN COMMUNITY COLLEGE      ,AL,36460-5698,Public       ,239,218,457,408,351,759
00103600,SAMFORD UNIVERSITY                      ,AL,35229-7000,Private      ,395,675,1070,2077,1703,3780
00103700,SELMA UNIVERSITY                        ,AL,36701-0000,Private      ,0,0,0,1,0,1
00103800,SNEAD STATE COMMUNITY COLLEGE           ,AL,35957-0734,Public       ,262,399,661,484,665,1149
00104000,SOUTHERN UNION STATE COMMUNITY CLG      ,AL,36276-0000,Public       ,804,674,1478,1330,1088,2418
00104100,SPRING HILL COLLEGE                     ,AL,36608-1791,Private      ,356,146,502,1331,313,1644
00104400,STILLMAN COLLEGE                        ,AL,35403-1430,Private      ,496,117,613,1102,235,1337
00104600,TALLADEGA COLLEGE                       ,AL,35160-2354,Private      ,169,31,200,321,59,380
00104700,TROY STATE UNIVERSITY                   ,AL,36082-0001,Public       ,2107,6704,8811,3885,9995,13880
00104754,TROY UNIVERSITY - DOTHAN                ,AL,36303-1575,Public       ,0,0,0,127,375,502
00104755,TROY UNIVERSITY - MONTGOMERY            ,AL,36103-4419,Public       ,0,0,0,251,1053,1304
00105000,TUSKEGEE UNIVERSITY                     ,AL,36088-1645,Private      ,1086,315,1401,3695,689,4384
00105100,UNIVERSITY OF ALABAMA (THE)             ,AL,35487-0120,Public       ,3895,2328,6223,10146,4468,14614
00105200,UNIVERSITY OF ALABAMA AT BIRMINGHAM     ,AL,35294-1150,Public       ,2138,2640,4778,5459,5330,10789
00105500,UNIVERSITY OF ALABAMA IN HUNTSVILLE     ,AL,35899-0001,Public       ,1045,988,2033,2515,1717,4232
00105700,UNIVERSITY OF SOUTH ALABAMA             ,AL,36688-0002,Public       ,2134,2805,4939,3845,4617,8462
00105900,LAWSON STATE COMMUNITY COLLEGE          ,AL,35221-1798,Public       ,477,769,1246,747,1283,2030
00105901,LAWSON STATE COMMUNITY COLLEGE - BESSEME,AL,35021-0308,Public       ,88,183,271,144,299,443
00106000,FAULKNER STATE COMMUNITY COLLEGE        ,AL,36507-2698,Public       ,694,657,1351,1072,973,2045
00446200,GADSDEN BUSINESS COLLEGE                ,AL,35906-3658,Proprietary  ,1,1,2,1,6,7
00526000,J.F. DRAKE STATE TECH COLLEGE           ,AL,35811-1584,Public       ,85,277,362,131,434,565
00569100,SHELTON STATE COMMUNITY CLG             ,AL,35405-4017,Public       ,884,751,1635,1589,1201,2790
00569200,REID STATE TECHNICAL COLLEGE            ,AL,36401-0000,Public       ,58,127,185,86,164,250
00569700,NORTHWEST- SHOALS COMMUNITY COLLEGE     ,AL,35661-0000,Public       ,605,617,1222,979,971,1950
00569702,NORTHWEST-SHOALS C.C.-PHIL CAMPBELL     ,AL,35581-0000,Public       ,70,63,133,113,95,208
00569900,GEORGE C WALLACE STATE CMTY COLLEGE     ,AL,36703-0000,Public       ,260,364,624,407,572,979
00573300,BEVILL STATE CMTY COLLEGE-WALKER        ,AL,35148-0000,Public       ,310,557,867,505,896,1401
00573301,BEVILL STATE COMMUNITY COLLEGE - FAYETTE,AL,35555-0000,Public       ,111,137,248,226,245,471
00573302,BEVILL STATE CMTY CLG-HAMILTON CAMP     ,AL,35570-0000,Public       ,53,88,141,85,161,246
00573305,BEVILL STATE CMTY CLG-WALKER CLG        ,AL,35501-0000,Public       ,100,114,214,194,189,383
00573400,H. COUNCILL TRENHOLM STATE TECH COLLEGE ,AL,36108-0020,Public       ,121,366,487,179,544,723
00573401,H. C. TRENHOLM ST TECH COL-PATTERSON CAM,AL,36116-2612,Public       ,73,146,219,121,223,344
00787100,GEORGE C WALLACE STATE CMTY CLG         ,AL,35077-2000,Public       ,707,1026,1733,1150,1637,2787
00831000,AUBURN UNIVERSITY-MONTGOMERY            ,AL,36124-0000,Public       ,852,1099,1951,1707,1888,3595
00898800,LURLEEN B WALLACE COMMUNITY COLLEGE     ,AL,36420-0418,Public       ,219,272,491,341,414,755
01019300,HERZING COLLEGE                         ,AL,35209-4816,Proprietary  ,49,246,295,70,358,428
01055400,CONCORDIA COLLEGE                       ,AL,36701-3323,Private      ,146,139,285,229,202,431
01123700,SOUTHERN COMMUNITY COLLEGE              ,AL,36083-1803,Private      ,0,0,0,8,10,18
01218200,CHATTAHOOCHEE VALLEY CMTY CLG           ,AL,36869-7917,Public       ,223,412,635,358,640,998
01303906,SOUTH UNIVERSITY - MONTGOMERY           ,AL,36116-1120,Proprietary  ,81,290,371,120,421,541
02170600,UNITED STATES SPORTS ACADEMY            ,AL,36526-7055,Private      ,10,167,177,14,286,300
02199700,HERITAGE CHRISTIAN UNIVERSITY           ,AL,35630-0000,Private      ,4,20,24,9,26,35
02270400,SOUTHEASTERN BIBLE COLLEGE              ,AL,35244-2083,Private      ,27,49,76,57,78,135
02296000,PRINCE INSTITUTE OF PROFESSIONAL STUDIES,AL,36117-0000,Proprietary  ,25,40,65,27,51,78
02323800,GAITHER AND COMPANY BEAUTY COLLEGE      ,AL,35768-0000,Proprietary  ,0,0,0,0,3,3
02341000,FORTIS COLLEGE                          ,AL,36609-0000,Proprietary  ,107,368,475,126,472,598
02341002,CAPPS COLLEGE - MONTGOMERY              ,AL,36109-3624,Proprietary  ,14,26,40,24,48,72
02503400,AMRIDGE UNIVERSITY                      ,AL,36124-0000,Private      ,8,252,260,13,380,393
02605500,REMINGTON COLLEGE - MOBILE CAMPUS       ,AL,36609-5593,Proprietary  ,169,640,809,206,899,1105
03010600,VIRGINIA COLLEGE                        ,AL,35209-5154,Proprietary  ,381,3133,3514,449,3922,4371
03010602,VIRGINIA COLLEGE - HUNTSVILLE           ,AL,35805-0000,Proprietary  ,28,101,129,62,168,230
03010605,VA COLG TECHNICAL AT PELHAM             ,AL,35124-0000,Proprietary  ,3,2,5,6,4,10
03032500,ALABAMA STATE CLG BARBER STYLING        ,AL,35215-8308,Proprietary  ,7,10,17,16,20,36
03100503,VIRGINIA COLLEGE AT PENSACOLA - VIRGINIA,AL,35242-5340,Proprietary  ,30,125,155,52,228,280
03361400,FORTIS COLLEGE                          ,AL,36535-3547,Proprietary  ,33,133,166,35,161,196
03459300,SOUTHEASTERN SCHOOL OF COSMETOLOGY      ,AL,35228-0000,Private      ,8,37,45,10,54,64
03783300,BLUE CLIFF CAREER COLLEGE               ,AL,63306-4749,Proprietary  ,16,30,46,23,48,71
03894300,HUNTSVILLE BIBLE COLLEGE                ,AL,35811-0000,Private      ,2,12,14,5,17,22
00111100,ALLAN HANCOCK COLLEGE                   ,CA,93454-6399,Public       ,470,758,1228,1665,1577,3242
00111300,ANTELOPE VALLEY COLLEGE                 ,CA,93536-5426,Public       ,467,1073,1540,1914,2536,4450
00111600,ART CENTER COLLEGE OF DESIGN            ,CA,91103-1999,Private      ,124,176,300,920,1010,1930
00111700,AZUSA PACIFIC UNIVERSITY                ,CA,91702-7000,Private      ,454,1109,1563,4656,2778,7434
00111800,BAKERSFIELD COLLEGE                     ,CA,93305-1299,Public       ,947,1602,2549,4735,3923,8658
00111900,BARSTOW COMMUNITY COLLEGE               ,CA,92311-6608,Public       ,79,495,574,160,790,950
00112000,AMER BAPT SEM OF THE WEST-BERKELEY      ,CA,94704-0000,Private      ,0,7,7,0,38,38
00112100,BETHANY UNIVERSITY /  ASSEMBLIES OF GOD ,CA,95066-2896,Private      ,69,90,159,375,261,636
00112200,BIOLA UNIVERSITY                        ,CA,90639-0001,Private      ,442,426,868,4007,1406,5413
00112300,BROOKS INSTITUTE                        ,CA,93103-1809,Proprietary  ,406,309,715,1296,754,2050
00112400,CABRILLO COLLEGE                        ,CA,95003-3194,Public       ,329,622,951,1649,1926,3575
00112500,CALIFORNIA BAPTIST UNIVERSITY           ,CA,92504-3297,Private      ,325,493,818,2545,1357,3902
00112700,CALIFORNIA COLLEGE OF THE ARTS          ,CA,94107-2206,Private      ,198,228,426,1224,1072,2296
00113100,CALIFORNIA INSTITUTE OF TECHNOLOGY      ,CA,91125-0001,Private      ,107,24,131,2048,278,2326
00113200,CALIFORNIA INSTITUTE OF THE ARTS        ,CA,91355-2397,Private      ,66,46,112,1175,1153,2328
00113300,CALIFORNIA LUTHERAN UNIVERSITY          ,CA,91360-2787,Private      ,210,308,518,2128,832,2960
00113400,CALIFORNIA MARITIME ACADEMY             ,CA,94590-8181,Public       ,60,35,95,526,161,687
00113700,CALIF STATE UNIV-FULLERTON              ,CA,92831-3599,Public       ,1871,2622,4493,22492,10215,32707
00113800,"CALIFORNIA STATE UNIVERSITY, EAST BAY   ",CA,94542-3000,Public       ,655,1699,2354,5415,5506,10921
00113900,CALIF STATE UNIV-LONG BEACH             ,CA,90840-0006,Public       ,1915,2859,4774,28203,12714,40917
00114000,CALIF STATE UNIV-LOS ANGELES            ,CA,90032-4226,Public       ,1074,2589,3663,14969,10844,25813
00114100,"CALIF STATE UNIV, DOMINGUEZ HILLS       ",CA,90747-0001,Public       ,525,1702,2227,7391,6305,13696
00114200,CALIF STATE UNIV SAN BERNARDINO         ,CA,92407-2397,Public       ,871,2045,2916,9839,7429,17268
00114300,CAL POLY STATE UNIVERSITY               ,CA,93407-0001,Public       ,1031,507,1538,18078,2518,20596
00114400,CALIF STATE POLYTECHNIC UNIV POMONA     ,CA,91768-2500,Public       ,977,1032,2009,15940,5075,21015
00114600,CALIF STATE UNIV - CHICO                ,CA,95929-0001,Public       ,1144,1172,2316,10961,4212,15173
00114700,CALIF STATE UNIV - FRESNO               ,CA,93740-8026,Public       ,1260,1972,3232,13942,7032,20974
00114900,HUMBOLDT STATE UNIVERSITY               ,CA,95521-8299,Public       ,607,767,1374,6132,3095,9227
00115000,CALIF STATE UNIV-SACRAMENTO             ,CA,95819-6044,Public       ,1586,2698,4284,15871,10475,26346
00115100,SAN DIEGO STATE UNIVERSITY              ,CA,92182-1690,Public       ,2895,3455,6350,26587,11051,37638
00115300,CALIF STATE UNIV-NORTHRIDGE             ,CA,91330-8307,Public       ,2027,2909,4936,20523,10892,31415
00115301,CALIF STATE UNIV CHANNEL ISLANDS        ,CA,93012-0000,Public       ,209,288,497,1996,775,2771
00115400,SAN FRANCISCO STATE UNIVERSITY          ,CA,94132-1740,Public       ,1622,2920,4542,19185,12164,31349
00115500,SAN JOSE STATE UNIVERSITY               ,CA,95192-0036,Public       ,1621,2690,4311,16304,9593,25897
00115600,SONOMA STATE UNIVERSITY                 ,CA,94928-3609,Public       ,482,537,1019,6229,2307,8536
00115700,CALIF STATE UNIV-STANISLAUS             ,CA,95382-0299,Public       ,364,858,1222,5104,3187,8291
00115800,UNITED STATES INTERNATIONAL UNIV        ,CA,92131-1799,Private      ,9,160,169,36,597,633
00116100,CERRITOS COLLEGE                        ,CA,90650-6296,Public       ,1124,1374,2498,5278,3409,8687
00116200,CHABOT COLLEGE                          ,CA,94545-2400,Public       ,561,1022,1583,2174,2219,4393
00116300,CHAFFEY COLLEGE                         ,CA,91737-9400,Public       ,896,1751,2647,3811,3964,7775
00116400,CHAPMAN UNIVERSITY                      ,CA,92866-1099,Private      ,406,1782,2188,4855,4665,9520
00116453,CHAPMAN UNIVERSITY SCHOOL OF LAW        ,CA,92866-0000,Private      ,7,236,243,77,1323,1400
00116500,CHURCH DIV SCH OF THE PACIFIC           ,CA,94709-0000,Private      ,0,8,8,0,71,71
00116600,CITRUS COLLEGE                          ,CA,91741-1899,Public       ,546,731,1277,2905,1699,4604
00116900,CLAREMONT GRADUATE UNIVERSITY           ,CA,91711-0000,Private      ,0,344,344,9,1218,1227
00117000,CLAREMONT MCKENNA COLLEGE               ,CA,91711-6400,Private      ,69,4,73,2296,50,2346
00117100,HARVEY MUDD COLLEGE                     ,CA,91711-5990,Private      ,41,2,43,1534,16,1550
00117200,PITZER COLLEGE                          ,CA,91711-6101,Private      ,36,23,59,2052,99,2151
00117300,POMONA COLLEGE                          ,CA,91711-6301,Private      ,388,7,395,2947,50,2997
00117400,SCRIPPS COLLEGE                         ,CA,91711-3948,Private      ,123,8,131,1176,58,1234
00117600,WEST HILLS COMMUNITY COLLEGE            ,CA,93210-1399,Public       ,161,442,603,1338,1135,2473
00117700,COGSWELL POLYTECHNICAL COLLEGE          ,CA,94089-1210,Private      ,16,18,34,94,42,136
00117800,COLLEGE OF MARIN                        ,CA,94904-2590,Public       ,110,274,384,429,807,1236
00117801,COLG OF MARIN-INDIAN VALLEY CMPS        ,CA,94949-0000,Public       ,4,28,32,16,51,67
00117900,NOTRE DAME DE NAMUR UNIVERSITY          ,CA,94002-1997,Private      ,98,202,300,551,488,1039
00118100,COLLEGE OF SAN MATEO                    ,CA,94402-3784,Public       ,216,299,515,1070,750,1820
00118200,COLLEGE OF THE DESERT                   ,CA,92260-9305,Public       ,463,730,1193,1657,1437,3094
00118300,HOLY NAMES UNIVERSITY                   ,CA,94619-1699,Private      ,88,147,235,483,424,907
00118500,COLLEGE OF THE REDWOODS                 ,CA,95501-9300,Public       ,416,792,1208,1389,1765,3154
00118600,COLLEGE OF THE SEQUOIAS                 ,CA,93277-2234,Public       ,678,1256,1934,2937,2639,5576
00118700,COLLEGE OF THE SISKIYOUS                ,CA,96094-2899,Public       ,164,233,397,556,455,1011
00118701,COLLEGE OF THE SISKIYOUS - YREKA CENTER ,CA,96097-9538,Public       ,5,10,15,18,24,42
00119000,CONTRA COSTA COLLEGE                    ,CA,94806-3195,Public       ,230,529,759,773,1095,1868
00119100,DIABLO VALLEY COLLEGE                   ,CA,94523-1544,Public       ,404,557,961,2000,1487,3487
00119200,CUESTA COLLEGE                          ,CA,93403-8106,Public       ,485,691,1176,2017,1480,3497
00119300,CYPRESS COLLEGE                         ,CA,90630-5897,Public       ,445,744,1189,2487,1996,4483
00119600,DOMINICAN UNIVERSITY OF CALIFORNIA      ,CA,94901-2298,Private      ,106,279,385,1718,826,2544
00119700,EL CAMINO COLLEGE                       ,CA,90506-0002,Public       ,912,1242,2154,4557,3209,7766
00119701,COMPTON COMMUNITY COLLEGE               ,CA,90221-5393,Public       ,74,241,315,326,579,905
00119900,FOOTHILL COLLEGE                        ,CA,94022-4597,Public       ,212,467,679,857,1095,1952
00120000,FULLER THEOLOGICAL SEMINARY             ,CA,91182-0000,Private      ,0,370,370,10,1685,1695
00120100,FULLERTON COLLEGE                       ,CA,92832-2095,Public       ,730,834,1564,3818,2105,5923
00120200,GAVILAN COLLEGE                         ,CA,95020-9599,Public       ,153,304,457,629,653,1282
00120300,GLENDALE COMMUNITY COLLEGE              ,CA,91208-2894,Public       ,808,1022,1830,3509,2445,5954
00120400,GOLDEN GATE BAPT THEOL SEMINARY         ,CA,94941-0000,Private      ,0,9,9,1,24,25
00120500,GOLDEN GATE UNIVERSITY                  ,CA,94105-2967,Private      ,19,545,564,43,2107,2150
00120600,GOLDEN WEST COLLEGE                     ,CA,92647-2748,Public       ,544,837,1381,3028,2069,5097
00120700,GRADUATE THEOLOGICAL UNION              ,CA,94709-0000,Private      ,0,33,33,0,286,286
00120800,GROSSMONT COLLEGE                       ,CA,92020-1798,Public       ,677,1003,1680,2936,2458,5394
00120900,HARTNELL COMMUNITY COLLEGE              ,CA,93901-1697,Public       ,262,408,670,1105,850,1955
00121200,HUMPHREYS COLLEGE                       ,CA,95207-3896,Private      ,40,258,298,145,539,684
00121400,IMPERIAL VALLEY COLLEGE                 ,CA,92251-9787,Public       ,714,847,1561,2068,1263,3331
00121500,LA SIERRA UNIVERSITY                    ,CA,92515-3332,Private      ,236,180,416,1284,415,1699
00121600,UNIVERSITY OF LA VERNE                  ,CA,91750-4443,Private      ,150,1065,1215,2135,3598,5733
00121700,LASSEN COLLEGE                          ,CA,96130-3000,Public       ,76,121,197,206,231,437
00121800,LOMA LINDA UNIVERSITY                   ,CA,92350-0001,Private      ,118,1030,1148,546,3569,4115
00121900,LONG BEACH CITY COLLEGE                 ,CA,90808-1780,Public       ,1438,2385,3823,5472,5292,10764
00122000,MASTER'S COLLEGE & SEMINARY (THE)       ,CA,91321-1200,Private      ,107,79,186,937,215,1152
00122300,LOS ANGELES CITY COLLEGE                ,CA,90029-3588,Public       ,558,1435,1993,2316,4035,6351
00122400,LOS ANGELES HARBOR COLLEGE              ,CA,90744-2397,Public       ,240,559,799,1162,1490,2652
00122600,LOS ANGELES PIERCE COLLEGE              ,CA,91371-0001,Public       ,584,741,1325,3198,1965,5163
00122700,LOS ANGELES TRADE TECH COLLEGE          ,CA,90015-4181,Public       ,362,969,1331,1486,2460,3946
00122800,LOS ANGELES VALLEY COLLEGE              ,CA,91401-4096,Public       ,497,901,1398,2605,2597,5202
00122900,SO CA UNIV  HEALTH SCIENCES             ,CA,90604-4051,Private      ,3,232,235,10,445,455
00123000,SOUTHERN CA COLLEGE OF OPTOMETRY        ,CA,92831-1699,Private      ,1,264,265,9,456,465
00123200,AMERICAN RIVER COLLEGE                  ,CA,95841-4286,Public       ,1007,2705,3712,4347,6531,10878
00123300,SACRAMENTO CITY COLLEGE                 ,CA,95822-1386,Public       ,982,1972,2954,5071,5031,10102
00123600,MENLO COLLEGE                           ,CA,94027-4301,Private      ,164,31,195,676,81,757
00123700,MERCED COMMUNITY COLLEGE                ,CA,95348-2898,Public       ,497,835,1332,2593,2136,4729
00123800,MILLS COLLEGE                           ,CA,94613-1301,Private      ,67,150,217,1099,934,2033
00123900,MIRACOSTA COLLEGE                       ,CA,92056-3899,Public       ,260,554,814,1152,1249,2401
00124000,MODESTO JUNIOR COLLEGE                  ,CA,95350-5800,Public       ,761,1428,2189,4172,3821,7993
00124200,MONTEREY PENINSULA COLLEGE              ,CA,93940-4799,Public       ,166,301,467,702,691,1393
00124300,MOUNT ST MARYS COLLEGE                  ,CA,90049-1599,Private      ,116,276,392,1744,1156,2900
00124500,MT. SAN ANTONIO COLLEGE                 ,CA,91789-1399,Public       ,1045,1328,2373,6199,3693,9892
00124600,MT SAN JACINTO COLLEGE                  ,CA,92583-2399,Public       ,598,1391,1989,2120,2888,5008
00124700,NAPA VALLEY COLLEGE                     ,CA,94558-6236,Public       ,147,328,475,767,892,1659
00124900,OCCIDENTAL COLLEGE                      ,CA,90041-3314,Private      ,81,19,100,3174,124,3298
00125000,ORANGE COAST COLLEGE - FIN AID OFF      ,CA,92628-5005,Public       ,939,1023,1962,5020,2447,7467
00125100,OTIS COLLEGE OF ART AND DESIGN          ,CA,90045-3505,Private      ,191,86,277,1194,437,1631
00125200,HOPE INTERNATIONAL UNIVERSITY           ,CA,92631-0000,Private      ,89,119,208,471,304,775
00125300,FRESNO PACIFIC UNIVERSITY               ,CA,93702-4798,Private      ,121,356,477,1315,1005,2320
00125302,FRESNO PACIFIC UNIVERSITY - VISALIA CENT,CA,93277-8341,Private      ,4,46,50,19,117,136
00125303,FRESNO PACIFIC UNIVERSITY - BAKERSFIELD ,CA,93301-4533,Private      ,2,41,43,19,94,113
00125400,PACIFIC LUTHERAN THEOLOGICAL SEM        ,CA,94708-0000,Private      ,0,14,14,0,79,79
00125500,PACIFIC OAKS COLLEGE                    ,CA,91103-3592,Private      ,4,334,338,18,755,773
00125600,PACIFIC SCHOOL OF RELIGION              ,CA,94709-0000,Private      ,0,21,21,0,166,166
00125800,PACIFIC UNION COLLEGE                   ,CA,94508-9797,Private      ,243,80,323,1002,243,1245
00125900,PALO VERDE COLLEGE                      ,CA,92225-0000,Public       ,21,86,107,61,129,190
00126000,PALOMAR COLLEGE                         ,CA,92069-1486,Public       ,649,1148,1797,2843,2416,5259
00126100,PASADENA CITY COLLEGE                   ,CA,91106-2003,Public       ,1536,1393,2929,7121,3504,10625
00126200,POINT LOMA NAZARENE UNIVERSITY          ,CA,92106-2899,Private      ,290,212,502,2750,560,3310
00126600,LANEY COLLEGE                           ,CA,94607-4893,Public       ,412,1019,1431,1617,2469,4086
00126700,MERRITT COLLEGE                         ,CA,94619-3196,Public       ,166,643,809,714,1368,2082
00126800,PORTERVILLE COLLEGE                     ,CA,93257-6059,Public       ,172,396,568,933,932,1865
00126900,RIO HONDO COLLEGE                       ,CA,90601-1699,Public       ,612,838,1450,3406,1984,5390
00127000,RIVERSIDE COMMUNITY COLLEGE             ,CA,92506-1299,Public       ,1645,2888,4533,7385,6881,14266
00127200,SAN BERNARDINO VALLEY COLLEGE           ,CA,92410-2798,Public       ,555,1569,2124,2267,3260,5527
00127300,SAN DIEGO CITY COLLEGE                  ,CA,92101-4787,Public       ,630,1522,2152,2864,3656,6520
00127500,SAN DIEGO MESA COLLEGE                  ,CA,92111-4996,Public       ,744,1079,1823,3542,2882,6424
00127800,SAN FRANCISCO CONSERVATORY OF MUSIC     ,CA,94122-4498,Private      ,42,55,97,243,296,539
00127900,SAN FRANCISCO THEOLOGICAL SEMINARY      ,CA,94960-0000,Private      ,0,37,37,0,68,68
00128000,SAN JOAQUIN DELTA COLLEGE               ,CA,95207-6370,Public       ,863,1849,2712,4192,4303,8495
00128100,WILLIAM JESSUP UNIVERSITY               ,CA,95765-3707,Private      ,54,69,123,357,202,559
00128200,SAN JOSE CITY COLLEGE                   ,CA,95128-2797,Public       ,456,1070,1526,1585,2042,3627
00128400,SANTA ANA COLLEGE                       ,CA,92706-3398,Public       ,399,657,1056,2536,1852,4388
00128500,SANTA BARBARA CITY COLLEGE              ,CA,93109-2394,Public       ,642,618,1260,2591,1365,3956
00128600,SANTA MONICA COLLEGE                    ,CA,90405-1644,Public       ,1245,1150,2395,6135,2964,9099
00128700,SANTA ROSA JUNIOR COLLEGE               ,CA,95401-4395,Public       ,336,843,1179,2430,2457,4887
00128800,CLAREMONT SCHOOL OF THEOLOGY            ,CA,91711-0000,Private      ,1,47,48,4,134,138
00128900,SHASTA COLLEGE                          ,CA,96049-7692,Public       ,347,960,1307,1980,2053,4033
00129000,SIERRA COLLEGE                          ,CA,95677-3397,Public       ,589,1140,1729,2760,2866,5626
00129100,SIMPSON UNIVERSITY                      ,CA,96003-8606,Private      ,108,141,249,920,461,1381
00129200,SOLANO COMMUNITY COLLEGE                ,CA,94534-3197,Public       ,255,679,934,1343,1987,3330
00129300,VANGUARD UNIVERSITY OF SOUTHERN CA      ,CA,92626-6597,Private      ,167,164,331,1710,554,2264
00129400,SOUTHWESTERN COLLEGE                    ,CA,91910-7299,Public       ,928,1094,2022,4144,2673,6817
00129500,SOUTHWESTERN LAW SCHOOL                 ,CA,90010-1106,Private      ,5,263,268,11,1996,2007
00129600,DOMINICAN SCH PHILOSOPHY & THEOLOGY     ,CA,94709-0000,Private      ,0,4,4,2,22,24
00129900,ST JOHN'S SEMINARY COLLEGE              ,CA,93010-0000,Private      ,1,4,5,2,5,7
00130200,SAINT MARY'S COLLEGE OF CALIFORNIA      ,CA,94556-2744,Private      ,224,281,505,3161,796,3957
00130500,STANFORD UNIVERSITY                     ,CA,94305-6106,Private      ,1320,435,1755,12600,2279,14879
00130501,STANFORD UNIVERSITY - GRADUATE SCHOOL OF,CA,94305-5301,Private      ,8,183,191,41,582,623
00130502,STANFORD UNIVERSITY - GRADUATE SCHOOL OF,CA,94305-5015,Private      ,0,244,244,14,827,841
00130503,STANFORD UNIVERSITY - STANFORD LAW SCHOO,CA,94305-3096,Private      ,4,257,261,14,1682,1696
00130700,FRESNO CITY COLLEGE                     ,CA,93741-0002,Public       ,1580,2564,4144,7870,6086,13956
00130800,REEDLEY COLLEGE                         ,CA,93654-2099,Public       ,843,1137,1980,3323,2520,5843
00130900,TAFT COLLEGE                            ,CA,93268-2317,Public       ,101,173,274,355,336,691
00131200,UNIVERSITY OF CALIFORNIA-BERKELEY       ,CA,94720-1520,Public       ,1200,1793,2993,34526,14302,48828
00131300,UNIVERSITY OF CALIFORNIA-DAVIS          ,CA,95616-8558,Public       ,1274,1413,2687,31513,9935,41448
00131400,UNIVERSITY OF CALIFORNIA-IRVINE         ,CA,92697-2825,Public       ,879,1038,1917,32188,6647,38835
00131500,UNIVERSITY OF CALIFORNIA (UCLA)         ,CA,90095-9000,Public       ,1626,2649,4275,42247,17507,59754
00131502,UNIV OF CALIFORNIA LOS ANG SCH MED      ,CA,90095-0000,Public       ,13,90,103,89,689,778
00131503,UNIV OF CALIFORNIA LOS ANG DENTAL       ,CA,90095-0000,Public       ,1,36,37,18,149,167
00131600,UNIVERSITY OF CALIFORNIA-RIVERSIDE      ,CA,92521-0209,Public       ,776,733,1509,19871,3776,23647
00131700,UNIVERSITY OF CALIFORNIA-SAN DIEGO      ,CA,92093-0013,Public       ,796,857,1653,31229,6209,37438
00131900,UNIVERSITY OF CALIFORNIA-SFRANCISCO     ,CA,94143-0246,Public       ,28,283,311,387,2712,3099
00132000,UNIVERSITY OF CALIFORNIA-SANTA BARB     ,CA,93106-3180,Public       ,963,549,1512,27551,4660,32211
00132100,UNIVERSITY OF CALIFORNIA-SANTA CRUZ     ,CA,95064-0001,Public       ,644,346,990,17071,2806,19877
00132200,UNIVERSITY OF REDLANDS                  ,CA,92373-0999,Private      ,278,435,713,3472,1154,4626
00132500,UNIVERSITY OF SAN FRANCISCO             ,CA,94117-1080,Private      ,400,1077,1477,6158,4703,10861
00132600,SANTA CLARA UNIVERSITY                  ,CA,95053-4956,Private      ,445,582,1027,5995,2717,8712
00132800,UNIVERSITY OF SOUTHERN CALIFORNIA       ,CA,90089-0914,Private      ,855,2365,3220,23185,15485,38670
00132900,UNIVERSITY OF THE PACIFIC               ,CA,95211-0197,Private      ,386,343,729,5096,2142,7238
00132901,UNIVERSITY OF THE PACIFIC - MCGEORGE SCH,CA,95817-2799,Private      ,3,272,275,14,1901,1915
00132902,UNIV OF THE PACIFIC SCH OF DENT         ,CA,94115-0000,Private      ,0,149,149,7,531,538
00133400,VENTURA COLLEGE                         ,CA,93003-3899,Public       ,627,628,1255,1923,1409,3332
00133500,VICTOR VALLEY COLLEGE                   ,CA,92395-5849,Public       ,506,1163,1669,1702,2673,4375
00133800,WEST VALLEY COLLEGE                     ,CA,95070-5697,Public       ,225,418,643,939,833,1772
00134100,WESTMONT COLLEGE                        ,CA,93108-1099,Private      ,148,4,152,1658,27,1685
00134200,WHITTIER COLLEGE                        ,CA,90601-4413,Private      ,143,40,183,1750,167,1917
00134201,WHITTIER COLLEGE - COLLEGE OF LAW       ,CA,92626-1501,Private      ,1,254,255,5,957,962
00134300,WOODBURY UNIVERSITY                     ,CA,91510-7846,Private      ,90,138,228,917,587,1504
00134400,YUBA COLLEGE                            ,CA,95901-7699,Public       ,449,972,1421,2080,2482,4562
00177212,TRINITY INTERNATIONAL UNIV-CA           ,CA,92705-0000,Private      ,0,42,42,2,108,110
00274100,AMERICAN JEWISH UNIVERSITY              ,CA,90077-1599,Private      ,8,42,50,68,125,193
00301002,ANTIOCH UNIV/LOS ANGELES                ,CA,90230-7615,Private      ,3,200,203,11,537,548
00301003,ANTIOCH  UNIV/SANTA BARBARA             ,CA,93101-0000,Private      ,10,135,145,156,296,452
00304701,HEBREW UNION COLL - LOS ANGELES         ,CA,90007-0000,Private      ,0,6,6,0,10,10
00369110,MONTEREY INST OF INTERNATL STUDIES      ,CA,93940-2691,Private      ,3,196,199,15,662,677
00394700,UC-HASTINGS COLLEGE OF THE LAW          ,CA,94102-0000,Public       ,1,129,130,6,2864,2870
00394800,SAN FRANCISCO ART INSTITUTE             ,CA,94133-2299,Private      ,162,181,343,877,688,1565
00405500,HEBREW UNION COLLEGE - JEWISH INSTITUTE ,CA,90007-3796,Private      ,0,39,39,1,65,66
00408000,STARR KING SCHOOL FOR THE MINISTRY      ,CA,94709-1299,Private      ,0,20,20,0,42,42
00448000,DE ANZA COLLEGE                         ,CA,95014-5793,Public       ,719,811,1530,3028,2018,5046
00448100,OHLONE COLLEGE                          ,CA,94539-5847,Public       ,260,314,574,1099,804,1903
00448400,JOHN F. KENNEDY UNIVERSITY              ,CA,94523-4817,Private      ,3,305,308,10,984,994
00449000,PATTEN UNIVERSITY                       ,CA,94601-2699,Private      ,55,84,139,144,166,310
00449400,EVEREST COLLEGE                         ,CA,92408-3752,Proprietary  ,107,251,358,113,260,373
00450200,CITY COLLEGE OF SAN FRANCISCO           ,CA,94112-0000,Public       ,1017,1754,2771,4282,4559,8841
00563800,DOWNEY ADULT SCHOOL                     ,CA,90241-5610,Public       ,5,26,31,6,28,34
00565500,HACIENDA LA PUENTE ADULT EDUC CTR       ,CA,91746-0000,Public       ,7,69,76,27,98,125
00616500,LA CNTY CLG OF NURSING & ALLD HLTH      ,CA,90033-1018,Public       ,14,65,79,57,216,273
00672000,COLLEGE OF ALAMEDA                      ,CA,94501-2109,Public       ,218,375,593,918,948,1866
00673100,CASA LOMA COLLEGE                       ,CA,91405-4523,Private      ,35,78,113,95,231,326
00686300,VENTURA COUNTY CMTY CLG DISTRICT        ,CA,93010-8552,Public       ,5,1,6,13,8,21
00697300,CANADA COLLEGE                          ,CA,94061-1099,Public       ,82,169,251,311,419,730
00697500,LINCOLN UNIVERSITY                      ,CA,94612-2801,Private      ,2,11,13,5,22,27
00701200,SAMUEL MERRITT COLLEGE                  ,CA,94609-3108,Private      ,28,303,331,177,1302,1479
00704700,LOS ANGELES SOUTHWEST COLLEGE           ,CA,90047-4810,Public       ,196,774,970,790,1817,2607
00705000,BAY VISTA COLLEGE OF BEAUTY             ,CA,91950-3616,Proprietary  ,4,7,11,10,10,20
00711500,MOORPARK COLLEGE                        ,CA,93021-1695,Public       ,403,447,850,1477,950,2427
00713000,NEWBERRY SCHOOLS OF BEAUTY              ,CA,91344-7404,Proprietary  ,11,16,27,20,24,44
00714200,LYLE'S COLLEGE OF BEAUTY                ,CA,93710-3948,Proprietary  ,24,27,51,40,30,70
00714201,LYLE'S CLG OF BTY BAKERSFIELD           ,CA,93301-0000,Proprietary  ,4,9,13,30,26,56
00716400,BRYAN COLLEGE                           ,CA,90057-0000,Proprietary  ,12,57,69,39,129,168
00717801,WESTERN SEMINARY - BAY AREA CENTER      ,CA,95032-0000,Private      ,0,2,2,0,7,7
00717804,WESTERN SEMINARY - SACRAMENTO           ,CA,95821-3939,Private      ,0,8,8,5,30,35
00718700,NORTH ADRIAN'S COLLEGE OF BEAUTY        ,CA,95350-2381,Proprietary  ,10,20,30,32,26,58
00719000,WYOTECH                                 ,CA,94539-7663,Proprietary  ,194,330,524,361,536,897
00720300,SALON SUCCESS ACADEMY                   ,CA,91786-4060,Proprietary  ,11,15,26,21,22,43
00720400,MODERN BEAUTY ACADEMY                   ,CA,93030-7016,Proprietary  ,1,5,6,4,7,11
00722900,WESTERN BEAUTY INSTITUTE                ,CA,91402-3104,Proprietary  ,70,295,365,81,348,429
00723400,HEALD COLLEGE                           ,CA,94105-2206,Proprietary  ,60,145,205,120,238,358
00723600,ART INST OF CALIFORNIA-LOS ANGELES      ,CA,90405-3035,Proprietary  ,654,413,1067,3655,2265,5920
00724500,SAN JOSE BEAUTY COLLEGE                 ,CA,95126-0000,Proprietary  ,0,1,1,0,2,2
00725300,FEDERICO BEAUTY INSTITUTE               ,CA,95834-1905,Proprietary  ,37,59,96,88,88,176
00729600,COLEMAN COLLEGE                         ,CA,92123-0000,Private      ,30,118,148,79,254,333
00745600,MARINELLO SCH BTY BUENA PRK             ,CA,90620-0000,Proprietary  ,0,1,1,0,1,1
00746501,AMERICAN ACADEMY OF DRAMATIC ARTS - HOLL,CA,90028-7504,Private      ,41,24,65,156,56,212
00747600,MARINELLO SCHOOLS OF BEAUTY             ,CA,90023-2666,Proprietary  ,277,678,955,283,684,967
00747602,MARINELLO SCHOOLS OF BEAUTY - SPA ACADEM,CA,90048-5101,Proprietary  ,2,6,8,9,15,24
00747603,MARINELLO SCHOOLS OF BEAUTY - INGLEWOOD ,CA,90301-2306,Proprietary  ,2,2,4,7,7,14
00747604,MARINELLO SCHOOLS OF BEAUTY - RESEDA    ,CA,91335-4218,Proprietary  ,0,1,1,3,2,5
00747605,MARINELLO SCHOOLS OF BEAUTY - NORTH HOLL,CA,91606-3210,Proprietary  ,1,5,6,9,7,16
00747606,MARINELLO SCHOOLS OF BEAUTY - WEST COVIN,CA,91790-2805,Proprietary  ,6,1,7,13,2,15
00747607,MARINELLO SCHOOLS OF BEAUTY - SAN BERNAR,CA,92410-3261,Proprietary  ,0,4,4,20,7,27
00747608,MARINELLO SCHOOLS OF BEAUTY - ONTARIO   ,CA,91762-2113,Proprietary  ,4,11,15,21,19,40
00747609,MARINELLO SCHOOLS OF BEAUTY - WHITTIER  ,CA,90601-4107,Proprietary  ,3,1,4,22,2,24
00747611,MARINELLO SCHOOLS OF BEAUTY - SAN DIEGO ,CA,92126-4217,Proprietary  ,7,2,9,23,9,32
00747700,"HEALD COLLEGE,SCHOOLS OF BUS & TECH     ",CA,95670-6005,Proprietary  ,64,204,268,173,455,628
00753100,ACADEMY OF ART UNIVERSITY               ,CA,94105-3410,Proprietary  ,788,1492,2280,3484,4315,7799
00753600,COSUMNES RIVER COLLEGE                  ,CA,95823-5799,Public       ,558,1018,1576,2633,2324,4957
00754802,WESTWOOD COLLEGE OF TECHNOLOGY          ,CA,92801-0000,Proprietary  ,119,90,209,503,272,775
00754803,WESTWOOD COLLEGE OF TECHNOLOGY          ,CA,91786-0000,Proprietary  ,197,166,363,652,405,1057
00760600,EVEREST COLLEGE                         ,CA,90010-2221,Proprietary  ,68,176,244,99,226,325
00760700,CONCORDE CAREER INSTITUTE               ,CA,91606-3134,Proprietary  ,67,126,193,127,264,391
00770700,COLUMBIA COLLEGE                        ,CA,95370-8580,Public       ,80,171,251,500,446,946
00771300,SKYLINE COLLEGE                         ,CA,94066-1698,Public       ,236,332,568,1044,737,1781
00793000,CONCORDE CAREER INSTITUTE               ,CA,92108-0000,Proprietary  ,37,203,240,82,339,421
00799300,CALIF STATE UNIV BAKERSFIELD            ,CA,93311-1022,Public       ,408,1038,1446,4373,3489,7862
00807100,CONCORDE CAREER INSTITUTE               ,CA,92840-9201,Proprietary  ,74,157,231,130,327,457
00807300,BUTTE COMMUNITY COLLEGE                 ,CA,95965-0000,Public       ,596,1140,1736,2800,2733,5533
00809000,EVEREST COLLEGE                         ,CA,91803-1310,Proprietary  ,122,224,346,167,276,443
00809300,HEALD COLLEGE                           ,CA,93704-1706,Proprietary  ,147,254,401,583,598,1181
00853200,HEALD COLLEGE                           ,CA,94545-2352,Proprietary  ,150,269,419,265,438,703
00853700,CONCORDE CAREER INSTITUTE               ,CA,92401-0000,Proprietary  ,104,241,345,214,512,726
00859600,WEST LOS ANGELES COLLEGE                ,CA,90230-3500,Public       ,191,642,833,903,1681,2584
00859700,FEATHER RIVER COLLEGE                   ,CA,95971-9124,Public       ,99,58,157,335,143,478
00884400,CALIFORNIA CHRISTIAN COLLEGE            ,CA,93703-3599,Private      ,2,6,8,26,17,43
00884600,WRIGHT INSTITUTE                        ,CA,94704-0000,Private      ,0,193,193,1,332,333
00890300,COLLEGE OF THE CANYONS                  ,CA,91355-1899,Public       ,352,413,765,1410,931,2341
00891800,SADDLEBACK COLLEGE                      ,CA,92692-3699,Public       ,313,546,859,1211,1192,2403
00902200,ASSOCIATED TECHNICAL COLLEGE            ,CA,90017-0000,Proprietary  ,17,132,149,24,154,178
00903200,EMPIRE COLLEGE                          ,CA,95403-2122,Proprietary  ,25,103,128,67,176,243
00915800,DON BOSCO TECHNICAL INSTITUTE           ,CA,91770-4299,Private      ,1,0,1,5,2,7
00927200,CRAFTON HILLS COLLEGE                   ,CA,92399-1799,Public       ,237,427,664,1057,907,1964
00932500,ABRAM FRIEDMAN OCCUP CTR                ,CA,90015-3507,Public       ,3,8,11,9,16,25
00950900,SKILLS & BUSINESS EDUCATION CENTER      ,CA,95824-1529,Public       ,32,213,245,62,310,372
00974800,WESTERN CAREER COLLEGE                  ,CA,95826-3203,Proprietary  ,446,1219,1665,864,2291,3155
00974801,WESTERN CAREER COLLEGE - SAN LEANDRO CAM,CA,94578-3711,Proprietary  ,0,1,1,0,1,1
00974802,WESTERN CAREER COLLEGE - PLEASANT HILL C,CA,94523-1984,Proprietary  ,75,153,228,112,224,336
00974803,WESTERN CAREER COLLEGE - STOCKTON       ,CA,95207-5509,Proprietary  ,3,4,7,3,4,7
00974804,WESTERN CAREER COLLEGE - CITRUS HEIGHTS ,CA,95621-5577,Proprietary  ,3,9,12,3,9,12
00974805,WESTERN CAREER COLLEGE - FREMONT        ,CA,94538-3115,Proprietary  ,15,59,74,68,240,308
00974806,WESTERN CAREER COLLEGE -  ANTIOCH/WALNUT,CA,94531-1604,Proprietary  ,3,11,14,21,29,50
00974807,WESTERN CAREER COLLEGE - SAN JOSE       ,CA,95119-1325,Proprietary  ,1,8,9,1,8,9
00974809,WESTERN CAREER COLLEGE -  EMERYVILLE SHE,CA,94608-3006,Proprietary  ,2,0,2,2,0,2
00974810,WESTERN CAREER COLLEGE - CONCORD        ,CA,94520-5671,Proprietary  ,0,2,2,0,2,2
00998900,SANTA BARBARA BUSINESS COLLEGE          ,CA,93111-0000,Proprietary  ,23,94,117,83,222,305
01011100,CERRO-COSO COMMUNITY COLLEGE            ,CA,93555-9571,Public       ,73,360,433,221,638,859
01014225,TOURO CLG OSEOPATHIC MEDICINE           ,CA,94592-1115,Private      ,0,128,128,20,524,544
01014900,PEPPERDINE UNIVERSITY                   ,CA,90263-0000,Private      ,425,1340,1765,5306,4111,9417
01033300,JESUIT SCHOOL OF THEOLOGY - BERKELEY    ,CA,94709-1193,Private      ,0,9,9,0,59,59
01034000,LOS MEDANOS COLLEGE                     ,CA,94565-5197,Public       ,232,445,677,848,1021,1869
01036500,CHARLES R DREW UNIV OF MED & SCI        ,CA,90059-0000,Private      ,7,90,97,39,320,359
01036800,MENNONITE BRETHREN BIBLICAL SEM         ,CA,93727-0000,Private      ,0,20,20,2,42,44
01037500,HARBOR OCCUPATIONAL CENTER              ,CA,90731-0000,Public       ,1,8,9,18,23,41
01039500,UNIVERSITY OF SAN DIEGO                 ,CA,92110-2492,Private      ,376,604,980,9655,2402,12057
01039501,UNIVERSITY OF SAN DIEGO - SCHOOL OF LAW ,CA,92110-2492,Private      ,5,395,400,57,2583,2640
01044100,PARDEE RAND GRADUATE SCHOOL             ,CA,90407-2138,Private      ,0,0,0,0,10,10
01047400,MARYMOUNT COLLEGE OF PALOS VERDES       ,CA,90275-0000,Private      ,50,11,61,485,41,526
01057900,WEST VALLEY OCCUPATIONAL CTR            ,CA,91367-0000,Public       ,4,11,15,46,30,76
01083100,NEW COLLEGE OF CALIFORNIA               ,CA,94102-0000,Private      ,36,312,348,91,832,923
01083200,WESTERN STATE UNIV COLLEGE OF LAW       ,CA,92831-3014,Proprietary  ,1,166,167,8,843,851
01085400,THOMAS JEFFERSON SCHOOL OF LAW          ,CA,92110-0000,Private      ,1,463,464,5,1343,1348
01102400,EVEREST COLLEGE                         ,CA,94103-2091,Proprietary  ,173,687,860,203,741,944
01110700,EVEREST  COLLEGE                        ,CA,92801-5231,Proprietary  ,69,216,285,131,264,395
01110900,EVEREST COLLEGE                         ,CA,91335-4631,Proprietary  ,65,172,237,122,217,339
01111200,FIDM-FASHION INSTITUTE OF DESIGN        ,CA,90015-1421,Proprietary  ,1108,379,1487,4172,1113,5285
01111700,ALLIANT INTERNATIONAL UNIVERSITY        ,CA,92131-1799,Private      ,8,288,296,36,1303,1339
01111705,ALLIANT INTERNATIONAL UNIVERSITY - LOS A,CA,91803-1360,Private      ,0,69,69,5,419,424
01111706,ALLIANT INTERNATIONAL UNIVERSITY - SAN F,CA,94133-1221,Private      ,0,106,106,1,404,405
01111707,ALLIANT INTERNATIONAL UNIVERSITY - FRESN,CA,93727-2014,Private      ,2,55,57,15,244,259
01112100,EVEREST COLLEGE                         ,CA,94541-4007,Proprietary  ,11,75,86,28,96,124
01112300,EVEREST COLLEGE                         ,CA,90247-4163,Proprietary  ,109,518,627,136,573,709
01146000,NATIONAL UNIVERSITY                     ,CA,92037-1011,Private      ,58,2800,2858,182,6167,6349
01162600,PRACTICAL SCHOOLS                       ,CA,92805-0000,Proprietary  ,85,113,198,257,351,608
01164900,LOYOLA MARYMOUNT UNIVERSITY             ,CA,90045-0000,Private      ,425,799,1224,8104,2124,10228
01164901,LOYOLA MARYMOUNT UNIVERSITY - LOYOLA LAW,CA,90015-0019,Private      ,1,298,299,19,2838,2857
01167200,MENDOCINO COMMUNITY COLLEGE             ,CA,95482-3000,Public       ,119,284,403,524,548,1072
01169600,NATIONAL POLYTECHNIC COLLEGE OF SCIENCE ,CA,90744-6399,Private      ,25,111,136,50,196,246
01170700,NORTH-WEST COLLEGE                      ,CA,91790-2097,Proprietary  ,32,68,100,60,143,203
01179200,FRANCISCAN SCHOOL OF THEOLOGY           ,CA,94709-0000,Private      ,0,12,12,0,21,21
01182000,SAN DIEGO MIRAMAR COLLEGE               ,CA,92126-0000,Public       ,285,567,852,1274,1403,2677
01186500,CALIFORNIA HAIR DESIGN ACADEMY          ,CA,92115-0000,Proprietary  ,4,10,14,17,16,33
01202600,JE BOUTIQUE COLLEGE OF BEAUTY           ,CA,92021-6247,Proprietary  ,9,22,31,17,26,43
01202700,GALEN COLLEGE OF CALIFORNIA             ,CA,93728-2381,Proprietary  ,15,37,52,36,47,83
01203100,SAN DIEGO CHRISTIAN COLLEGE             ,CA,92019-1157,Private      ,70,34,104,422,129,551
01206100,EVEREST COLLEGE                         ,CA,95128-3908,Proprietary  ,28,100,128,53,126,179
01215400,CALIFORNIA INSTITUTE OF INTEGRAL STUDIES,CA,94103-2557,Private      ,3,389,392,11,842,853
01231600,MANCHESTER BEAUTY COLLEGE               ,CA,93726-5306,Proprietary  ,14,36,50,47,51,98
01231700,TULARE BEAUTY COLLEGE                   ,CA,93274-3432,Proprietary  ,2,1,3,5,11,16
01244600,UNIVERSAL COLLEGE OF BEAUTY             ,CA,90044-0044,Proprietary  ,3,15,18,17,22,39
01245200,EVERGREEN VALLEY COLLEGE                ,CA,95135-1598,Public       ,514,693,1207,1913,1526,3439
01255000,LOS ANGELES MISSION COLLEGE             ,CA,91342-3200,Public       ,197,483,680,1136,1350,2486
01265000,MARINELLO SCHOOL OF BEAUTY              ,CA,91502-2828,Proprietary  ,31,87,118,45,96,141
01265100,MARINELLO SCHOOL OF BEAUTY              ,CA,91748-1674,Proprietary  ,12,44,56,12,46,58
01284200,OXNARD COLLEGE                          ,CA,93030-0000,Public       ,334,533,867,1039,1088,2127
01287200,NORTH-WEST COLLEGE                      ,CA,91768-3199,Proprietary  ,25,75,100,52,147,199
01287300,WYOTECH                                 ,CA,90810-3800,Proprietary  ,275,778,1053,341,894,1235
01290700,LAKE TAHOE COMMUNITY COLLEGE            ,CA,96150-4524,Public       ,51,90,141,187,166,353
01291100,MARINELLO SCHOOL OF BEAUTY              ,CA,92646-2552,Proprietary  ,8,11,19,16,15,31
01291200,MTI COLLEGE                             ,CA,95841-0000,Proprietary  ,69,136,205,244,575,819
01294200,ROSEMEAD BEAUTY SCHOOL                  ,CA,91770-1639,Proprietary  ,6,23,29,10,26,36
01298400,PROFESSIONAL INSTITUTE OF BEAUTY        ,CA,91731-2613,Proprietary  ,3,26,29,3,28,31
01298500,HAIR CALIFORNIA BEAUTY ACADEMY          ,CA,92867-7127,Proprietary  ,3,0,3,9,3,12
01298900,OCEANSIDE COLLEGE OF BEAUTY             ,CA,92054-5393,Proprietary  ,7,11,18,19,22,41
01301000,LANCASTER BEAUTY SCHOOL                 ,CA,93534-3098,Proprietary  ,18,56,74,27,60,87
01307400,AMERICAN BEAUTY COLLEGE                 ,CA,90706-5417,Proprietary  ,8,30,38,12,36,48
01309500,SALON SUCCESS ACADEMY                   ,CA,92879-6561,Proprietary  ,11,8,19,27,15,42
01310300,CALIFORNIA WESTERN SCHOOL OF LAW        ,CA,92101-0000,Private      ,0,364,364,4,1588,1592
01323300,SIMI VALLEY ADULT SCHOOL/CAREER INS     ,CA,93065-3940,Public       ,5,12,17,10,28,38
01324000,LYTLE'S REDWOOD EMPIRE BEAUTY CLG       ,CA,95403-0000,Proprietary  ,12,24,36,34,44,78
02054900,MARINELLO SCHOOL OF BEAUTY              ,CA,92630-0000,Proprietary  ,9,10,19,10,10,20
02057700,ALMADEN BEAUTY COLLEGE                  ,CA,95123-0000,Proprietary  ,0,0,0,0,1,1
02059800,PARIS BEAUTY COLLEGE                    ,CA,94520-2611,Proprietary  ,1,6,7,12,13,25
02063500,COASTLINE COMMUNITY COLLEGE             ,CA,92708-0000,Public       ,106,563,669,435,1216,1651
02064300,SIERRA COLLEGE OF BEAUTY                ,CA,95340-0000,Proprietary  ,3,6,9,17,16,33
02065500,BROOKS COLLEGE                          ,CA,90804-3289,Proprietary  ,106,86,192,442,221,663
02065501,BROOKS COLLEGE - SUNNYVALE              ,CA,94086-5303,Proprietary  ,43,44,87,139,126,265
02065700,CALIFORNIA BEAUTY COLLEGE               ,CA,95354-0000,Proprietary  ,9,17,26,34,31,65
02070500,CONCORDIA UNIVERSITY                    ,CA,92612-0000,Private      ,217,271,488,1254,564,1818
02075800,SOUTHERN CA INST OF ARCHITECTURE        ,CA,90013-0000,Private      ,18,78,96,91,437,528
02086400,MARINELLO SCHOOL OF BEAUTY              ,CA,95050-0000,Proprietary  ,1,2,3,1,6,7
02091200,ELEGANCE INTERNATIONAL                  ,CA,90028-0000,Proprietary  ,4,11,15,23,20,43
02091700,KAPLAN COLLEGE                          ,CA,92123-1509,Proprietary  ,103,295,398,296,596,892
02096100,FIELDING INSTITUTE                      ,CA,93105-0000,Private      ,0,452,452,0,704,704
02099200,AMERICAN CONSERVATORY THEATER           ,CA,94108-0000,Private      ,3,14,17,10,142,152
02110200,COLUMBIA COLLEGE                        ,CA,91356-0000,Private      ,65,47,112,191,109,300
02110800,CALIFORNIA COLLEGE SAN DIEGO            ,CA,92108-3821,Proprietary  ,91,323,414,159,350,509
02111300,CUYAMACA COLLEGE                        ,CA,92019-0000,Public       ,206,393,599,1053,1073,2126
02113601,AMERICAN INTERCONTINENTAL UNIV - LOS ANG,CA,90066-7008,Proprietary  ,155,194,349,486,573,1059
02119100,MISSION COLLEGE                         ,CA,95054-1897,Public       ,240,612,852,983,1479,2462
02120600,SAYBROOK GRADUATE SCHOOL                ,CA,94111-1920,Private      ,0,199,199,0,301,301
02120700,SAN JOAQUIN VALLEY COLLEGE              ,CA,93291-0000,Proprietary  ,443,1107,1550,1341,2379,3720
02120900,ITT TECHNICAL INSTITUTE                 ,CA,95670-6034,Proprietary  ,84,166,250,287,425,712
02125000,CAREER ACADEMY OF BEAUTY                ,CA,92845-0000,Proprietary  ,15,39,54,18,41,59
02128200,"VICTOR VALLEY BEAUTY COLLEGE, INC       ",CA,92392-0000,Proprietary  ,50,64,114,67,77,144
02128300,INSTITUTE FOR BUSINESS & TECHNOLOGY     ,CA,95050-0000,Proprietary  ,47,212,259,72,315,387
02128301,INSTITUTE FOR BUSINESS & TECHNOLOGY     ,CA,95610-0000,Proprietary  ,38,224,262,46,261,307
02138300,PALO ALTO UNIVERSITY                    ,CA,94304-1337,Private      ,0,153,153,3,391,394
02147400,CLEVELAND CHIROPRACTIC COLLEGE          ,CA,90004-0000,Private      ,10,167,177,25,271,296
02161800,MUSICIANS INSTITUTE                     ,CA,90028-6157,Proprietary  ,211,172,383,621,464,1085
02167800,ESTES INSTITUTE OF COSMETOLOGY          ,CA,93291-0000,Proprietary  ,13,12,25,49,24,73
02174600,MARINELLO SCHOOL OF BEAUTY              ,CA,90201-0000,Proprietary  ,24,104,128,28,106,134
02180600,BRIDGES  ACADEMY OF BEAUTY              ,CA,92311-2327,Proprietary  ,4,3,7,6,4,10
02184900,PALMER COLLEGE OF CHIROPRACTIC WEST     ,CA,95134-0000,Private      ,2,54,56,9,268,277
02185800,MOLER BARBER COLLEGE                    ,CA,94611-0000,Proprietary  ,7,15,22,10,18,28
02187500,"HEALD COLLEGE, SCH OF BUS & TECH        ",CA,94520-0000,Proprietary  ,128,239,367,243,462,705
02188400,SIERRA VALLEY COLLEGE OF COURT REPORTING,CA,93726-0000,Proprietary  ,21,67,88,48,108,156
02208600,MADERA BEAUTY COLLEGE                   ,CA,93637-3519,Proprietary  ,1,10,11,9,11,20
02211000,HAIRMASTERS UNIVERSITY OF BEAUTY        ,CA,92405-0000,Proprietary  ,2,3,5,20,7,27
02220000,COLLEEN O'HARA BEAUTY ACADEMY           ,CA,92701-0000,Proprietary  ,12,39,51,13,40,53
02220200,CALIFORNIA CULINARY ACADEMY             ,CA,94102-3336,Proprietary  ,203,314,517,700,632,1332
02221300,MARINELLO SCHOOL OF BEAUTY              ,CA,92553-0000,Proprietary  ,32,91,123,44,98,142
02222000,AMERICAN FILM INSTITUTE                 ,CA,90027-0000,Private      ,23,170,193,67,379,446
02226000,EAST LOS ANGELES COLLEGE                ,CA,91754-0000,Public       ,848,1220,2068,4353,3251,7604
02228500,LIFE CHIROPRACTIC COLLEGE-WEST          ,CA,94545-0000,Private      ,4,268,272,8,385,393
02230900,FREDRICK & CHARLES BEAUTY COLLEGE       ,CA,95501-0000,Proprietary  ,15,25,40,31,30,61
02231900,GEMOLOGICAL INSTITUTE OF AMERICA        ,CA,92008-4698,Private      ,30,62,92,51,128,179
02234300,FASHION CAREERS OF CALIFORNIA           ,CA,92110-0000,Proprietary  ,15,21,36,70,74,144
02236400,"THANH LE COLG, SCH OF COSMETOLOGY       ",CA,92840-0000,Proprietary  ,0,1,1,1,1,2
02237200,PHILLIPS GRADUATE INSTITUTE             ,CA,91316-0000,Private      ,0,167,167,2,274,276
02241600,SAN DIEGO CONTINUING EDUCATION          ,CA,92113-0000,Public       ,7,104,111,25,166,191
02241800,AMERICAN CAREER COLLEGE                 ,CA,90004-0000,Proprietary  ,285,672,957,577,1368,1945
02242700,BERKELEY CITY COLLEGE                   ,CA,94704-0000,Public       ,167,490,657,557,990,1547
02255400,INTERNATIONAL SCHOOL OF COSMETOLOGY     ,CA,90250-0000,Proprietary  ,2,33,35,3,36,39
02255600,MARINELLO SCHOOL OF BEAUTY              ,CA,90723-0000,Proprietary  ,30,110,140,35,123,158
02258600,ALAMEDA BEAUTY COLLEGE                  ,CA,94501-0000,Proprietary  ,2,8,10,16,16,32
02262400,YESHIVA OHR ELCHONON CHABAD             ,CA,90046-0000,Private      ,2,0,2,26,2,28
02267600,INSTITUTE OF TRANSPERSONAL PSYCHLGY     ,CA,94303-4624,Private      ,0,156,156,4,273,277
02270600,LIFE PACIFIC COLLEGE                    ,CA,91773-0000,Private      ,89,61,150,235,118,353
02276800,WESTMINSTER SEMINARY CALIFORNIA         ,CA,92027-0000,Private      ,1,21,22,5,102,107
02277400,SOUTH COAST COLLEGE                     ,CA,92868-2616,Proprietary  ,21,90,111,51,207,258
02282300,ALHAMBRA BEAUTY COLLEGE                 ,CA,91802-0000,Proprietary  ,17,54,71,20,55,75
02285100,HILLTOP BEAUTY SCHOOL                   ,CA,94014-0000,Proprietary  ,8,87,95,10,88,98
02291500,ITT TECHNICAL INSTITUTE                 ,CA,91773-0000,Proprietary  ,121,207,328,431,572,1003
02291600,ITT TECHNICAL INSTITUTE                 ,CA,92123-0000,Proprietary  ,114,307,421,362,735,1097
02298000,DESIGN INSTITUTE OF SAN DIEGO           ,CA,92121-0000,Proprietary  ,34,97,131,113,181,294
02304300,"PLATT COLLEGE, SAN DIEGO                ",CA,92115-0000,Proprietary  ,28,48,76,99,116,215
02306300,KAPLAN COLLEGE                          ,CA,95368-0000,Proprietary  ,99,238,337,192,385,577
02306302,KAPLAN COLLEGE - FRESNO                 ,CA,93612-3802,Proprietary  ,56,125,181,155,241,396
02309500,CLOVIS ADULT EDUC                       ,CA,93611-0000,Public       ,5,89,94,29,110,139
02312400,LA COLLEGE INTERNATIONAL                ,CA,90010-0000,Proprietary  ,5,27,32,37,84,121
02321800,ITT TECHNICAL INSTITUTE                 ,CA,91342-3664,Proprietary  ,176,207,383,419,485,904
02321900,ITT TECHNICAL INSTITUTE                 ,CA,92801-0000,Proprietary  ,64,113,177,244,291,535
02327600,ART INST OF CALIFORNIA-SAN DIEGO        ,CA,92108-4401,Proprietary  ,689,581,1270,1917,1326,3243
02330500,LAGUNA COLLEGE OF ART AND DESIGN        ,CA,92651-0000,Private      ,51,46,97,215,91,306
02332800,CENTER FOR EMPLOYMENT TRAINING          ,CA,95110-0000,Private      ,63,488,551,69,508,577
02338500,GLENDALE CAREER COLLEGE                 ,CA,91201-0000,Proprietary  ,48,141,189,76,223,299
02338700,MARINELLO SCHOOL OF BEAUTY              ,CA,94103-0000,Proprietary  ,4,28,32,18,49,67
02342400,ACADEMY OF RADIO BROADCASTING           ,CA,92647-3809,Proprietary  ,7,22,29,13,28,41
02343400,"BELLUS ACADEMY, THE ACADEMY OF BEAUTY AN",CA,92064-4633,Proprietary  ,11,19,30,17,32,49
02345800,MONTEBELLO BEAUTY COLLEGE               ,CA,90640-0000,Proprietary  ,6,8,14,10,8,18
02351900,KAPLAN COLLEGE                          ,CA,95660-5512,Proprietary  ,41,134,175,80,186,266
02351901,KAPLAN COLLEGE - BAKERSFIELD            ,CA,93304-0000,Proprietary  ,48,165,213,117,263,380
02358000,THOMAS AQUINAS COLLEGE                  ,CA,93060-9622,Private      ,29,3,32,312,21,333
02359300,SHASTA BIBLE COLLEGE                    ,CA,96002-0000,Private      ,13,13,26,38,25,63
02482700,WESTERN UNIVERSITY OF HEALTH S          ,CA,91766-1854,Private      ,9,570,579,45,2880,2925
02494800,LOLA BEAUTY COLLEGE                     ,CA,92641-0000,Proprietary  ,0,1,1,2,1,3
02497300,TRINITY COLLEGE                         ,CA,93277-0000,Proprietary  ,41,139,180,66,216,282
02500000,SAN JOAQUIN COLLEGE OF LAW              ,CA,93612-0000,Private      ,1,144,145,7,240,247
02518400,THE NATIONAL HISPANIC UNIVERSITY        ,CA,95127-0000,Private      ,38,77,115,157,159,316
02519800,AVANCE BEAUTY COLLEGE                   ,CA,92154-0000,Proprietary  ,10,10,20,20,12,32
02520200,CALIFORNIA CAREER SCHOOLS               ,CA,92805-0000,Proprietary  ,0,12,12,3,14,17
02520300,INTERIOR DESIGNERS INSTITUTE            ,CA,92660-0000,Proprietary  ,7,20,27,26,33,59
02537200,PALOMAR INSTITUTE OF COSMETOLOGY        ,CA,92069-0000,Proprietary  ,19,43,62,46,71,117
02539100,KAPLAN COLLEGE                          ,CA,91606-3231,Proprietary  ,82,200,282,191,503,694
02539102,KAPLAN COLLEGE -  RIVERSIDE             ,CA,92507-4223,Proprietary  ,35,118,153,35,118,153
02539500,IRVINE VALLEY COLLEGE                   ,CA,92620-0000,Public       ,248,361,609,1069,838,1907
02542300,NATIONAL HOLISTIC INSTITUTE             ,CA,94608-0000,Proprietary  ,44,117,161,75,202,277
02543400,BROWNSON TECHNICAL SCHOOL               ,CA,92805-0000,Proprietary  ,1,26,27,5,27,32
02545900,HYPNOSIS MOTIVATION INSTITUTE           ,CA,91356-0000,Private      ,1,19,20,1,23,24
02546400,MTI BUSINESS COLLEGE INC                ,CA,95207-0000,Proprietary  ,9,67,76,20,77,97
02549000,KAPLAN COLLEGE                          ,CA,92083-7736,Proprietary  ,109,201,310,219,406,625
02549005,KAPLAN COLLEGE -  PALM SPRINGS          ,CA,92262-7011,Proprietary  ,67,115,182,101,173,274
02553500,ASSOCIATED TECHNICAL COLLEGE            ,CA,92101-0000,Proprietary  ,4,11,15,9,19,28
02553600,DIVERSIFIED LANGUAGE INSTITUTE          ,CA,90017-0000,Proprietary  ,0,140,140,0,177,177
02559300,UNITED EDUCATION INSTITUTE              ,CA,90020-0000,Proprietary  ,315,798,1113,370,953,1323
02559400,INTERCOAST COLLEGES                     ,CA,92868-1656,Proprietary  ,15,105,120,16,110,126
02565400,KAPLAN COLLEGE                          ,CA,95207-6216,Proprietary  ,51,117,168,132,226,358
02570300,LOS ANGELES ORT TECHNICAL INSTITUTE     ,CA,90048-0000,Private      ,29,154,183,49,237,286
02577900,SANTA BARBARA BUSINESS COLLEGE          ,CA,93309-1664,Proprietary  ,41,142,183,109,270,379
02578000,SANTA BARBARA BUSINESS COLLEGE          ,CA,93454-6943,Proprietary  ,31,111,142,48,157,205
02584200,NEWBRIDGE COLLEGE                       ,CA,92701-0000,Proprietary  ,40,212,252,52,253,305
02591600,NORTH-WEST COLLEGE                      ,CA,91101-1744,Proprietary  ,5,21,26,7,35,42
02593100,HEALD COLLEGE                           ,CA,95678-5303,Proprietary  ,50,140,190,181,412,593
02593200,HEALD COLLEGE                           ,CA,95035-8008,Proprietary  ,119,238,357,228,479,707
02593300,HEALD COLLEGE                           ,CA,95210-5667,Proprietary  ,152,225,377,324,450,774
02595600,ASIAN AMERICAN INTERNATIONAL BTY CG     ,CA,92683-4043,Proprietary  ,6,54,60,7,54,61
02597300,SOUTH BAYLO UNIVERSITY                  ,CA,92801-1701,Private      ,0,37,37,2,52,54
02602300,CENTRAL COAST COLLEGE                   ,CA,93901-3301,Proprietary  ,21,34,55,42,59,101
02608900,PINNACLE COLLEGE                        ,CA,91803-8842,Proprietary  ,21,30,51,36,41,77
02609000,EMPERORS COLG OF TRAD ORIENTAL MED      ,CA,90403-5609,Proprietary  ,2,41,43,3,72,75
02612800,LOS ANGELES RECORDING SCHOOL            ,CA,90028-3112,Proprietary  ,183,210,393,347,407,754
02619300,SAMRA UNIV OF ORIENTAL MEDICINE         ,CA,90015-1019,Private      ,1,26,27,2,45,47
02620300,PLATT COLLEGE                           ,CA,92647-3017,Proprietary  ,8,16,24,39,58,97
03010611,VIRGINIA COLLEGE - GOLF ACADEMY OF AMERI,CA,92008-6512,Proprietary  ,30,34,64,54,58,112
03011300,"CALIF STATE UNIV, SAN MARCOS            ",CA,92096-0001,Public       ,579,1055,1634,5507,3065,8572
03019900,ADELANTE CAREER INSTITUTE               ,CA,91402-4924,Proprietary  ,2,20,22,2,21,23
03025600,DELL'ARTE SCH OF PHYSICAL THEATRE       ,CA,95525-0816,Private      ,1,11,12,2,28,30
03027700,PACIFIC COLLEGE OF ORIENTAL MED         ,CA,92108-4408,Proprietary  ,2,118,120,10,209,219
03029600,POMONA ADULT SCHOOL                     ,CA,91766-0000,Public       ,11,26,37,18,36,54
03031409,INTERNATIONAL ACADEMY OF DESIGN AND TECH,CA,95834-9664,Proprietary  ,10,15,25,37,27,64
03034000,HEALD COLLEGE                           ,CA,93906-5100,Proprietary  ,93,138,231,242,284,526
03035700,LAS POSITAS COLLEGE                     ,CA,94551-6750,Public       ,175,288,463,712,571,1283
03039900,FREMONT COLLEGE                         ,CA,90703-5342,Proprietary  ,13,35,48,62,59,121
03043900,NEWSCHOOL OF ARCHITECTURE & DESIGN      ,CA,92101-6634,Proprietary  ,42,99,141,172,249,421
03044500,KAPLAN COLLEGE                          ,CA,91402-4222,Proprietary  ,25,62,87,40,116,156
03054100,ROYALE COLLEGE OF BEAUTY                ,CA,92590-2525,Proprietary  ,2,3,5,9,8,17
03062300,WESTECH COLLEGE                         ,CA,91764-4988,Proprietary  ,13,102,115,22,110,132
03062400,MT DIABLO ADULT EDUC LOMA VISTA CTR     ,CA,94518-1122,Public       ,2,16,18,13,30,43
03062700,PLATT COLLEGE                           ,CA,90041-0000,Proprietary  ,13,31,44,122,152,274
03062701,PLATT COLLEGE                           ,CA,91764-0000,Proprietary  ,21,51,72,142,164,306
03063400,MODERN TECHNOLOGY SCHOOL                ,CA,92708-9821,Proprietary  ,21,80,101,29,133,162
03067400,BALDWIN PARK ADULT SCHOOL               ,CA,91706-4897,Public       ,2,28,30,12,31,43
03067500,INSTITUTE OF TECHNOLOGY                 ,CA,93612-3217,Proprietary  ,130,486,616,245,657,902
03069500,SAGE COLLEGE                            ,CA,92557-6720,Proprietary  ,14,100,114,36,182,218
03070400,ITT TECHNICAL INSTITUTE                 ,CA,92408-3519,Proprietary  ,176,260,436,481,582,1063
03072300,EVEREST COLLEGE                         ,CA,91761-3222,Proprietary  ,104,335,439,177,415,592
03072700,WESTWOOD COLLEGE - LOS ANGELES          ,CA,90010-1577,Proprietary  ,114,95,209,566,423,989
03074900,MARTINEZ ADULT CENTER                   ,CA,94553-3298,Public       ,3,9,12,3,14,17
03078200,AMERICAN CLG TRADITIONAL CHINESE MD     ,CA,94107-2813,Private      ,1,91,92,3,146,149
03084700,VENTURA ADULT\CONTINUING EDUCATION      ,CA,93003-7313,Public       ,8,35,43,13,51,64
03087400,ITT TECHNICAL INSTITUTE                 ,CA,90502-1356,Proprietary  ,196,515,711,353,708,1061
03094400,ELITE PROGRESSIVE SCHOOL OF COSM        ,CA,95841-2909,Proprietary  ,62,54,116,166,149,315
03097700,CENTRAL CALIF SCH CONTINUING EDUC       ,CA,93401-6739,Proprietary  ,9,46,55,18,78,96
03098200,YO SAN UNIV TRADITIONAL CHINESE MED     ,CA,90066-1103,Private      ,1,31,32,4,63,67
03105700,MONTEREY PARK COLLEGE                   ,CA,91754-2416,Proprietary  ,1,5,6,9,9,18
03108100,SUMMIT CAREER COLLEGE                   ,CA,92324-3956,Proprietary  ,80,437,517,179,711,890
03109500,DONGGUK ROYAL UNIVERSITY                ,CA,90020-1765,Private      ,0,58,58,0,68,68
03113100,MARIC COLLEGE                           ,CA,92630-0000,Proprietary  ,0,0,0,0,1,1
03113102,MARIC COLLEGE - CARSON                  ,CA,90746-3228,Proprietary  ,0,2,2,8,7,15
03113103,MARIC COLLEGE - RIVERSIDE               ,CA,92507-4223,Proprietary  ,29,70,99,59,110,169
03113105,MARIC COLLEGE - POMONA                  ,CA,91768-2643,Proprietary  ,1,1,2,15,7,22
03113300,MCED CAREER COLLEGE                     ,CA,93727-1620,Proprietary  ,24,164,188,41,220,261
03113600,SOUTHERN CALIFORNIA INST OF TECHNOL     ,CA,92805-3758,Proprietary  ,10,141,151,31,313,344
03115400,LYLE'S FRESNO COLLEGE OF BEAUTY         ,CA,93710-0000,Proprietary  ,1,2,3,25,10,35
03116600,EAST SAN GABRIEL VLY REG OCCUP PROG     ,CA,91790-2105,Public       ,2,2,4,3,6,9
03123000,SONOMA COLLEGE                          ,CA,94954-7464,Proprietary  ,0,0,0,24,33,57
03125300,JOHN WESLEY INTER. BARBER & BTY CLG     ,CA,90813-4321,Proprietary  ,13,39,52,17,44,61
03125400,ART INSTITUTE OF CALIFORNIA-HOLLYWOOD (T,CA,90010-1014,Proprietary  ,162,126,288,511,368,879
03125800,PREMIERE CAREER COLLEGE                 ,CA,91706-3746,Proprietary  ,16,40,56,16,48,64
03126800,PACIFICA GRADUATE INSTITUTE             ,CA,93013-0000,Proprietary  ,0,334,334,1,567,568
03128700,MT SIERRA COLLEGE                       ,CA,91016-3414,Proprietary  ,78,114,192,198,240,438
03131300,FIVE BRANCHES UNIVERSITY                ,CA,95062-4669,Private      ,2,115,117,11,195,206
03138400,AMERICAN COLLEGE OF MEDICAL TECH        ,CA,90248-1611,Proprietary  ,2,3,5,9,12,21
03144400,AMERICAN CLG OF HEALTH PROFESSIONS      ,CA,92374-0000,Proprietary  ,1,3,4,7,6,13
03150500,VIRGINIA SEWING MACHINES & SCH CTR      ,CA,90015-3535,Proprietary  ,0,43,43,1,43,44
03162300,FOUR-D SUCCESS ACADEMY                  ,CA,92324-4218,Proprietary  ,24,138,162,43,270,313
03163300,PACIFIC STATES UNIVERSITY               ,CA,90006-4298,Private      ,3,9,12,8,14,22
03195400,EVEREST COLLEGE                         ,CA,90501-2867,Proprietary  ,8,29,37,13,32,45
03210300,CALIFORNIA SCHOOL OF CULINARY ARTS      ,CA,91101-5221,Proprietary  ,252,319,571,816,596,1412
03225300,AMERICAN UNIVERSITY OF HEALTH SCIENCES  ,CA,90755-3612,Proprietary  ,10,13,23,28,21,49
03242300,CAREER NETWORK INSTITUTE                ,CA,92868-4710,Proprietary  ,33,125,158,42,136,178
03250300,COMMUNITY BASED EDUCATION AND DEVEL     ,CA,90036-1137,Private      ,0,38,38,2,42,44
03260300,CALIFORNIA STATE U-MONTEREY BAY         ,CA,93955-8001,Public       ,299,377,676,3537,1221,4758
03266300,BETHESDA CHRISTIAN UNIVERSITY           ,CA,92801-4132,Private      ,0,1,1,3,4,7
03278300,CLARITA CAREER COLLEGE                  ,CA,91351-5432,Proprietary  ,37,127,164,43,132,175
03288300,ACAD CHINESE CULTURE & HEALTH SCIS      ,CA,94512-0000,Private      ,1,19,20,4,44,48
03299300,PACIFIC COLLEGE                         ,CA,92626-3160,Proprietary  ,15,67,82,28,98,126
03308300,KENSINGTON COLLEGE                      ,CA,92705-8708,Proprietary  ,0,6,6,0,9,9
03321300,SCRIPPS RESEARCH INSTITUTE (THE)        ,CA,92037-0000,Private      ,1,2,3,3,23,26
03327400,ACUPUNCTURE AND INTEGRATIVE MEDICINE COL,CA,94704-2724,Private      ,0,34,34,3,81,84
03332300,SOUTHERN CA BIBLE CLG & SEMINARY        ,CA,92019-1109,Private      ,0,39,39,3,94,97
03359300,ST. FRANCIS CAREER COLLEGE              ,CA,90262-2659,Private      ,4,27,31,42,169,211
03367300,PROFESSIONAL GOLFERS CAREER COLLEGE     ,CA,92591-6013,Proprietary  ,35,47,82,74,93,167
03392300,CHASE COLLEGE                           ,CA,90010-2501,Proprietary  ,1,2,3,5,4,9
03394300,REMINGTON COLLEGE - SAN DIEGO CAMPUS    ,CA,92108-3002,Proprietary  ,114,321,435,147,376,523
03395300,INTERNATIONAL CAREER DEVELOPMENT        ,CA,90027-5794,Proprietary  ,128,405,533,180,574,754
03399300,NORTHWESTERN TECHNICAL COLLEGE          ,CA,95670-4443,Proprietary  ,13,85,98,27,174,201
03403300,TRINITY LIFE BIBLE COLLEGE              ,CA,95842-3546,Private      ,9,27,36,37,117,154
03413400,ENGLISH CENTER  (THE)                   ,CA,94607-3734,Private      ,12,36,48,23,68,91
03427400,CAREER COLLEGES OF AMERICA              ,CA,90280-7420,Proprietary  ,99,486,585,138,817,955
03427500,ANTELOPE VALLEY MEDICAL COLLEGE         ,CA,93534-3324,Proprietary  ,23,88,111,42,118,160
03440400,MARIAN HEALTH CAREERS CENTER            ,CA,90010-1728,Proprietary  ,5,12,17,10,24,34
03441400,VALLEY CAREER COLLEGE                   ,CA,92020-3057,Proprietary  ,31,110,141,57,163,220
03455900,VALLECITOS CENTER FOR EMPLOYMENT TR     ,CA,94541-5027,Private      ,0,5,5,0,6,6
03458300,MY LE'S BEAUTY COLLEGE                  ,CA,95824-3039,Proprietary  ,18,70,88,37,77,114
03467300,MARINELLO SCHOOL OF BEAUTY              ,CA,92545-3661,Proprietary  ,11,37,48,19,38,57
03467301,CALIFORNIA BEAUTY COLLEGE - DESERT HOT S,CA,92240-1307,Proprietary  ,0,2,2,2,2,4
03474700,OPPORTUNITIES INDUSTRIALIZATION CEN     ,CA,94025-1413,Private      ,0,1,1,0,2,2
03479300,PROFESSIONAL CAREER INSTITUTE           ,CA,90703-2522,Proprietary  ,5,74,79,30,83,113
03479400,DONALD VOCATIONAL SCHOOL                ,CA,90010-1718,Proprietary  ,1,16,17,2,16,18
03485400,JAMES ALBERT SCHOOL OF COSMETOLOGY      ,CA,92627-3831,Proprietary  ,4,7,11,15,13,28
03485401,JAMES ALBERT SCHOOL OF COSMETOLOGY - ANA,CA,92804-5384,Proprietary  ,1,0,1,5,1,6
03516300,THE KING'S COLLEGE AND SEMINARY         ,CA,91405-2233,Private      ,9,64,73,18,116,134
03532400,ADVANCED TRAINING ASSOCIATES            ,CA,92020-1236,Proprietary  ,0,0,0,1,1,2
03542400,COPPER MOUNTAIN COLLEGE                 ,CA,92252-6102,Public       ,105,345,450,248,631,879
03550300,OCCUPATIONAL TRAINING SERVICES          ,CA,92123-1539,Private      ,3,9,12,9,15,24
03577300,COBA ACADEMY                            ,CA,92866-1407,Proprietary  ,7,9,16,17,10,27
03590400,NTMA TRAINING CENTERS OF SOUTHERN C     ,CA,90650-6099,Private      ,19,153,172,24,167,191
03592400,IRELL & MANELLA GRADUATE SCHOOL OF BIOLO,CA,91010-0000,Private      ,1,0,1,2,5,7
03598300,AVALON BEAUTY COLLEGE                   ,CA,93103-3137,Proprietary  ,0,1,1,6,1,7
03602400,INSTITUTE OF NETWORK TECHNOLOGY         ,CA,90755-2274,Proprietary  ,0,0,0,0,2,2
03614300,UNITED BEAUTY COLLEGE                   ,CA,91733-0000,Proprietary  ,2,23,25,4,26,30
03615300,COMMUNITY BUSINESS COLLEGE              ,CA,95356-1569,Proprietary  ,1,8,9,10,17,27
03621300,LIBERTY TRAINING INSTITUTE              ,CA,90057-3202,Proprietary  ,0,6,6,1,6,7
03636300,HEARTWOOD INSTITUTE                     ,CA,95542-9446,Proprietary  ,0,0,0,0,2,2
03639300,WEST COAST ULTRASOUND INSTITUTE         ,CA,90211-3312,Proprietary  ,26,119,145,38,150,188
03646300,DESIGN'S SCHOOL OF COSMETOLOGY          ,CA,93446-1471,Proprietary  ,5,17,22,11,25,36
03681300,CALIFORNIA HEALING ARTS COLLEGE         ,CA,90025-2589,Proprietary  ,4,16,20,12,33,45
03695300,COMMUNITY ENHANCEMENT SERVICES          ,CA,91205-2395,Private      ,3,10,13,4,11,15
03695700,SANTIAGO CANYON COLLEGE                 ,CA,92869-4512,Public       ,150,187,337,797,423,1220
03696300,UNIVERSITY OF THE WEST                  ,CA,91770-3709,Private      ,0,5,5,0,13,13
03698300,WEST COAST UNIVERSITY                   ,CA,90004-0000,Proprietary  ,8,154,162,27,327,354
03698400,CA COLLEGE OF VOCATIONAL CAREER         ,CA,93301-1800,Proprietary  ,6,25,31,24,49,73
03722300,AMERICAN MEDICAL SCIENCES CENTER        ,CA,91601-3718,Proprietary  ,1,1,2,1,4,5
03736300,ADVANCE BEAUTY COLLEGE                  ,CA,92843-4752,Proprietary  ,3,72,75,4,77,81
03740400,ATI COLLEGE                             ,CA,90650-0000,Proprietary  ,4,38,42,8,39,47
03755300,GATES COLLEGE                           ,CA,90278-0000,Proprietary  ,0,0,0,2,2,4
03759300,COMPUTER TUTOR BUSINESS & TECH INST     ,CA,95356-0000,Proprietary  ,6,49,55,13,53,66
03786300,ADVANCED COLLEGE                        ,CA,90280-5255,Proprietary  ,16,62,78,18,64,82
03797400,CAREER CARE INSTITUTE                   ,CA,93534-4766,Proprietary  ,32,115,147,42,138,180
03806300,LAKE COLLEGE                            ,CA,96002-0926,Proprietary  ,8,30,38,20,55,75
03810300,SILICON VALLEY UNIVERSITY               ,CA,95131-1868,Private      ,3,2,5,7,16,23
03814400,SOKA UNIVERSITY OF AMERICA              ,CA,92656-8081,Private      ,13,3,16,244,18,262
03838400,WALTER JAY M.D. INSTITUTE AN EDUCATIONAL,CA,90057-0000,Proprietary  ,1,9,10,2,13,15
03852500,CIT COLLEGE OF INFOMEDICAL TECHNOLOGY   ,CA,92831-3703,Proprietary  ,10,68,78,18,102,120
03853300,KECK GRADUATE INSTITUTE OF APPLIED LIFE ,CA,91711-4817,Private      ,0,15,15,0,55,55
03853400,LADERA CAREER PATHS TRAINING CENTERS    ,CA,90045-1931,Proprietary  ,0,2,2,1,3,4
03868300,WORLD MISSION UNIVERSITY                ,CA,90020-1789,Private      ,1,22,23,5,36,41
03868400,LOS ANGELES MUSIC ACADEMY               ,CA,91105-2540,Proprietary  ,15,21,36,33,30,63
03871300,FOLSOM LAKE COLLEGE                     ,CA,95630-6798,Public       ,163,384,547,690,891,1581
03874300,CAMBRIDGE CAREER COLLEGE                ,CA,95993-0000,Proprietary  ,4,20,24,13,25,38
03874300,CAMBRIDGE JUNIOR COLLEGE                ,CA,95993-0000,Proprietary  ,4,24,28,4,24,28
03874400,COMMMUNITY CHRISTIAN COLLEGE            ,CA,92373-4465,Private      ,2,6,8,14,17,31
03889300,STANBRIDGE COLLEGE                      ,CA,92612-0000,Proprietary  ,2,6,8,7,14,21
03901300,PACIFIC COAST TRADE SCHOOL              ,CA,93033-2441,Proprietary  ,2,4,6,3,9,12
03904300,QUALITY COLLEGE OF CULINARY CAREERS     ,CA,93727-1615,Proprietary  ,6,15,21,30,31,61
03910400,NATIONAL POLYTECHNIC COLLEGE            ,CA,90040-3066,Proprietary  ,8,32,40,9,35,44
03933300,MUELLER COLLEGE OF HOLISTIC STUDIES     ,CA,92116-2630,Proprietary  ,6,56,62,11,79,90
03962300,AMERICAN INSTITUTE OF MASSAGE THERAPY   ,CA,92705-5463,Proprietary  ,1,5,6,3,12,15
03964400,INTERNATIONAL SCHOOL OF BEAUTY          ,CA,92260-2740,Proprietary  ,5,18,23,16,20,36
03969600,AMERICAN AUTO INSTITUTE                 ,CA,90703-2637,Proprietary  ,5,14,19,14,18,32
03971300,AMERICAN CAREER COLLEGE                 ,CA,91764-4906,Proprietary  ,51,139,190,84,205,289
03973300,EX'PRESSION COLLEGE FOR DIGITAL ARTS    ,CA,94608-1021,Proprietary  ,87,129,216,258,243,501
03974500,CALIFORNIA CAREER COLLEGE               ,CA,91303-2006,Proprietary  ,3,7,10,8,15,23
03976400,CALIFORNIA INSTITUTE OF THE HEALING ARTS,CA,95825-8551,Proprietary  ,0,8,8,5,18,23
03980300,CALIFORNIA STATE UNIVERSITY CHANNEL ISLA,CA,93012-8599,Public       ,98,157,255,872,471,1343
03995300,UNIVERSITY OF EAST-WEST MEDICINE        ,CA,94087-6106,Proprietary  ,0,13,13,5,24,29
03999300,BEAUMONT ADULT SCHOOL                   ,CA,92223-1927,Public       ,5,34,39,9,52,61
04001300,PALACE BEAUTY COLLEGE                   ,CA,90006-4233,Proprietary  ,1,2,3,13,10,23
04001400,MOJAVE BARBER COLLEGE                   ,CA,92395-3201,Proprietary  ,8,22,30,9,29,38
04003300,CSI CAREER COLLEGE                      ,CA,95687-3100,Proprietary  ,35,129,164,49,142,191
04004300,THUY PRINCESS BEAUTY COLLEGE            ,CA,91766-0000,Proprietary  ,0,0,0,2,3,5
04005300,INTERAMERICAN COLLEGE                   ,CA,91950-4437,Private      ,0,12,12,3,23,26
04014400,PALLADIUM TECHNICAL ACADEMY             ,CA,91731-2429,Proprietary  ,1,4,5,1,5,6
04037300,LOS ANGELES FILM SCHOOL (THE)           ,CA,90028-7300,Proprietary  ,109,125,234,261,281,542
04049300,MAXINE WATERS EMPLOYMENT PREPARATION CEN,CA,90059-1023,Public       ,1,28,29,9,40,49
04056300,CAREER COLLEGE OF CALIFORNIA            ,CA,92705-5805,Proprietary  ,0,4,4,0,6,6
04057300,TECHSKILLS OF SACRAMENTO                ,CA,95815-4025,Proprietary  ,6,80,86,35,88,123
04071300,AMERICAN PACIFIC COLLEGE                ,CA,91405-6232,Proprietary  ,0,1,1,0,1,1
04076400,GNOMON SCHOOL OF VISUAL EFFECTS         ,CA,90038-2616,Proprietary  ,4,15,19,7,36,43
04092400,MAKE-UP DESIGNORY                       ,CA,91502-1322,Proprietary  ,18,35,53,39,43,82
04109300,ACADEMY OF BARBERING ARTS (THE)         ,CA,91324-3406,Proprietary  ,2,0,2,6,1,7
04111300,WEST HILLS COLLEGE LEMOORE              ,CA,93245-9248,Public       ,74,254,328,74,254,328
04114500,VALLEY COLLEGE OF MEDICAL CAREERS       ,CA,91304-2354,Proprietary  ,4,26,30,5,34,39
04115300,COACHELLA VALLEY BEAUTY COLLEGE         ,CA,92253-2051,Proprietary  ,2,12,14,2,12,14
04115800,MERIDIAN INSTITUTE                      ,CA,90010-3606,Proprietary  ,0,7,7,0,7,7
04116000,VIDEO SYMPHONY ENTERTRAINING            ,CA,91502-3253,Proprietary  ,16,76,92,24,115,139
00184600,BRIAR CLIFF UNIVERSITY                  ,IA,51104-2100,Private      ,244,148,392,1105,308,1413
00184700,BUENA VISTA UNIVERSITY                  ,IA,50588-9987,Private      ,572,593,1165,1614,1066,2680
00184800,SOUTHEASTERN COMMUNITY COLLEGE          ,IA,52655-0000,Public       ,364,524,888,680,864,1544
00185000,CENTRAL COLLEGE                         ,IA,50219-1999,Private      ,475,43,518,1983,69,2052
00185200,CLARKE COLLEGE                          ,IA,52001-3198,Private      ,303,159,462,916,341,1257
00185400,COE COLLEGE                             ,IA,52402-5092,Private      ,263,59,322,1645,147,1792
00185500,DES MOINES UNIV-OSTEOPATHIC MED CTR     ,IA,50312-0000,Private      ,1,754,755,10,1371,1381
00185600,CORNELL COLLEGE                         ,IA,52314-1098,Private      ,154,18,172,1586,63,1649
00185700,SOUTHWESTERN COMMUNITY COLLEGE          ,IA,50801-1098,Public       ,203,218,421,448,347,795
00185800,DIVINE WORD COLLEGE                     ,IA,52045-0380,Private      ,2,0,2,7,0,7
00185900,DORDT COLLEGE                           ,IA,51250-1697,Private      ,338,44,382,1223,74,1297
00186000,DRAKE UNIVERSITY                        ,IA,50311-4505,Private      ,399,632,1031,3733,1869,5602
00186200,ELLSWORTH COMMUNITY COLLEGE             ,IA,50126-1199,Public       ,211,81,292,465,135,600
00186400,IOWA LAKES COMMUNITY COLLEGE            ,IA,51334-2234,Public       ,349,329,678,894,540,1434
00186500,IOWA CENTRAL COMMUNITY COLLEGE          ,IA,50501-0000,Public       ,700,512,1212,1750,881,2631
00186600,GRACELAND UNIVERSITY                    ,IA,50140-1699,Private      ,401,332,733,815,597,1412
00186700,GRAND VIEW UNIVERSITY                   ,IA,50316-1599,Private      ,428,303,731,1045,632,1677
00186800,GRINNELL COLLEGE                        ,IA,50112-1690,Private      ,136,10,146,1954,37,1991
00186900,IOWA STATE UNIV SCIENCE & TECHNOLOG     ,IA,50011-2028,Public       ,2810,1094,3904,16705,3880,20585
00187100,IOWA WESLEYAN COLLEGE                   ,IA,52641-1398,Private      ,237,143,380,511,272,783
00187300,LORAS COLLEGE                           ,IA,52004-0178,Private      ,490,87,577,1650,144,1794
00187400,LUTHER COLLEGE                          ,IA,52101-1045,Private      ,492,30,522,2684,75,2759
00187500,MARSHALLTOWN COMMUNITY COLLEGE          ,IA,50158-4760,Public       ,173,237,410,440,383,823
00187700,NORTH IOWA AREA COMMUNITY COLLEGE       ,IA,50401-7299,Public       ,461,273,734,1150,520,1670
00187900,MORNINGSIDE COLLEGE                     ,IA,51106-1751,Private      ,247,108,355,1419,256,1675
00188000,MOUNT MERCY COLLEGE                     ,IA,52402-4797,Private      ,197,179,376,941,532,1473
00188100,ASHFORD UNIVERSITY                      ,IA,52732-3997,Proprietary  ,312,3315,3627,534,5194,5728
00188300,NORTHWESTERN COLLEGE                    ,IA,51041-1996,Private      ,507,50,557,1529,76,1605
00188700,SIMPSON COLLEGE                         ,IA,50125-1297,Private      ,586,181,767,2067,341,2408
00188900,ST AMBROSE UNIVERSITY                   ,IA,52803-2898,Private      ,718,437,1155,2260,890,3150
00189000,UNIVERSITY OF NORTHERN IOWA             ,IA,50614-0705,Public       ,2522,918,3440,8572,1919,10491
00189100,UNIVERSITY OF DUBUQUE                   ,IA,52001-5099,Private      ,507,194,701,1295,350,1645
00189200,UNIVERSITY OF IOWA                      ,IA,52242-1316,Public       ,3887,2664,6551,14805,7097,21902
00189300,UPPER IOWA UNIVERSITY                   ,IA,52142-9206,Private      ,387,1177,1564,1003,2089,3092
00189400,VENNARD COLLEGE                         ,IA,52595-0029,Private      ,18,11,29,41,13,54
00189500,WALDORF COLLEGE                         ,IA,50436-1700,Private      ,218,29,247,552,47,599
00189600,WARTBURG COLLEGE                        ,IA,50677-2200,Private      ,408,19,427,2347,51,2398
00189700,WARTBURG THEOLOGICAL SEMINARY           ,IA,52004-5004,Private      ,0,58,58,2,96,98
00190000,WILLIAM PENN UNIVERSITY                 ,IA,52577-1799,Private      ,429,675,1104,854,1037,1891
00396300,AIB COLLEGE OF BUSINESS                 ,IA,50321-1799,Private      ,230,199,429,603,390,993
00407500,ESTRN IOWA COMMUNITY COLLEGE DIST       ,IA,52801-1221,Public       ,22,33,55,36,56,92
00407501,CLINTON COMMUNITY COLLEGE               ,IA,52732-0000,Public       ,156,179,335,259,306,565
00407502,MUSCATINE COMMUNITY COLLEGE             ,IA,52761-0000,Public       ,113,132,245,272,237,509
00407503,SCOTT COMMUNITY COLLEGE                 ,IA,52722-0000,Public       ,432,759,1191,693,1271,1964
00407600,KIRKWOOD COMMUNITY COLLEGE              ,IA,52406-2068,Public       ,2556,1948,4504,4912,3273,8185
00423300,MERCY/ST. LUKE'S SCH RAD TECH           ,IA,52402-0000,Private      ,5,3,8,15,7,22
00458600,KAPLAN UNIVERSITY                       ,IA,52807-2095,Proprietary  ,1265,24966,26231,1546,32005,33551
00458604,KAPLAN UNIVERSITY - CEDAR RAPIDS        ,IA,52404-2998,Proprietary  ,124,327,451,183,549,732
00458605,KAPLAN UNIVERSITY - DES MOINES          ,IA,50323-5702,Proprietary  ,160,459,619,219,667,886
00458606,KAPLAN UNIVERSITY - MASON CITY          ,IA,50401-4665,Proprietary  ,79,289,368,101,375,476
00458607,KAPLAN UNIVERSITY - CEDAR FALLS         ,IA,50613-6309,Proprietary  ,96,308,404,133,492,625
00458610,KAPLAN UNIVERSITY - COUNCIL BLUFFS      ,IA,51503-5289,Proprietary  ,35,135,170,48,214,262
00458700,NORTHEAST IOWA COMMUNITY COLLEGE        ,IA,52132-0400,Public       ,251,222,473,504,403,907
00458701,NORTHEAST IOWA COMMUNITY COLLEGE        ,IA,52068-0000,Public       ,332,295,627,645,518,1163
00459500,HAWKEYE COMMUNITY COLLEGE               ,IA,50701-0000,Public       ,982,713,1695,1979,1211,3190
00459800,IOWA WESTERN CMTY CLG-COUNCIL BLUFF     ,IA,51502-0000,Public       ,879,737,1616,1551,1223,2774
00460000,NORTHWEST IOWA COMMUNITY COLLEGE        ,IA,51201-1046,Public       ,171,114,285,387,189,576
00626700,IOWA METHODIST MEDICAL CENTER SCHOOLS   ,IA,50309-1499,Private      ,4,10,14,7,28,35
00627300,MERCY COLLEGE OF HEALTH SCIENCES        ,IA,50309-1239,Private      ,169,234,403,334,414,748
00712000,DES MOINES AREA CMTY COLLEGE            ,IA,50021-0000,Public       ,1753,1920,3673,3602,3837,7439
00712100,FAITH BAPTIST BIBLE CLG & THEOL SEM     ,IA,50021-0000,Private      ,129,35,164,259,47,306
00729100,ST LUKE'S COLLEGE                       ,IA,51104-0263,Private      ,25,32,57,98,70,168
00731600,WESTERN IOWA TECH COMMUNITY COLLEGE     ,IA,51106-0000,Public       ,397,672,1069,783,1156,1939
00758800,CAPRI COLLEGE                           ,IA,52004-0873,Proprietary  ,105,101,206,131,114,245
00761100,EQ SCHOOL OF HAIR DESIGN                ,IA,51503-0813,Proprietary  ,13,34,47,16,35,51
00765600,AMERICAN COLLEGE OF HARISTYLING -CR     ,IA,52402-0000,Proprietary  ,2,13,15,2,15,17
00765800,AMER COLL OF HAIRSTYLING-DES MOINES     ,IA,50309-5446,Proprietary  ,1,8,9,3,14,17
00765900,LA JAMES COLLEGE OF HAIRSTYLING         ,IA,50401-3308,Proprietary  ,38,22,60,56,29,85
00771700,CAPRI COLLEGE                           ,IA,52807-2622,Proprietary  ,15,13,28,27,20,47
00794100,COLLEGE OF HAIR DESIGN                  ,IA,50703-1834,Proprietary  ,5,20,25,9,25,34
00811600,DAYTON'S SCHOOL OF HAIR DESIGN          ,IA,52601-0000,Proprietary  ,2,8,10,3,10,13
00826000,IOWA SCHOOL OF BEAUTY INC               ,IA,50322-0000,Proprietary  ,16,20,36,20,27,47
00840300,INDIAN HILLS COMMUNITY COLLEGE          ,IA,52501-1398,Public       ,573,593,1166,1187,988,2175
00840301,INDIAN HILLS COMMUNITY COLLEGE          ,IA,52544-0000,Public       ,72,94,166,153,146,299
00842400,LA JAMES INTERNATIONAL COLLEGE          ,IA,50501-5577,Proprietary  ,27,18,45,42,27,69
00959300,LA'JAMES COLLEGE OF HAIRSTYLING         ,IA,52240-0000,Proprietary  ,37,10,47,53,20,73
01111300,MAHARISHI UNIV OF MANAGEMENT            ,IA,52557-0001,Private      ,61,56,117,112,107,219
01206400,HAMILTON TECHNICAL COLLEGE              ,IA,52807-2653,Proprietary  ,53,117,170,65,155,220
01230000,PALMER COLLEGE OF CHIROPRACTIC          ,IA,52803-5287,Private      ,36,507,543,82,2276,2358
01300600,LA' JAMES INTERNATIONAL COLLEGE-CF      ,IA,50613-5242,Proprietary  ,29,18,47,49,25,74
02090300,CAPRI COLLEGE                           ,IA,52404-0000,Proprietary  ,11,10,21,27,17,44
02134500,LA JAMES INTERNATIONAL COLLEGE - DAV    ,IA,52806-3952,Proprietary  ,15,12,27,20,20,40
02160900,"SALON PROFESSIONAL ACADEMY, THE         ",IA,50010-0000,Proprietary  ,53,17,70,84,26,110
02262500,FAUST INSTITUTE OF COSMETOLOGY          ,IA,50588-0000,Proprietary  ,19,15,34,26,16,42
02274100,LA' JAMES INTERNATIONAL COLLEGE - DM    ,IA,50131-0000,Proprietary  ,57,31,88,89,46,135
02289000,AMERICAN HAIR ACADEMY                   ,IA,52627-4530,Proprietary  ,13,4,17,15,9,24
02306900,IOWA SCHOOL OF BEAUTY                   ,IA,52501-0000,Proprietary  ,10,19,29,15,28,43
02328900,EMMAUS BIBLE COLLEGE                    ,IA,52001-0000,Private      ,84,14,98,156,26,182
02330900,IOWA SCHOOL OF BEAUTY                   ,IA,50158-0000,Proprietary  ,5,8,13,7,10,17
02333200,DAYTON'S SCHOOL OF HAIR DESIGN          ,IA,52632-0000,Proprietary  ,2,2,4,3,2,5
02572500,DAVENPORT BARBER STYLING COLLEGE        ,IA,52807-0000,Proprietary  ,2,2,4,2,5,7
02609200,VATTEROTT COLLEGE                       ,IA,50321-4704,Proprietary  ,31,139,170,52,176,228
03069100,ALLEN COLLEGE                           ,IA,50703-1916,Private      ,81,64,145,278,165,443
03441300,IOWA SCHOOL OF BEAUTY                   ,IA,51106-5111,Proprietary  ,11,16,27,15,27,42
03607400,TOTAL LOOK SCHOOL OF COSMETOLOGY AND MAS,IA,52136-1053,Proprietary  ,3,3,6,3,3,6
04089300,BIO-CHI INSTITUTE OF MASSAGE THERAPY    ,IA,51103-2138,Proprietary  ,4,6,10,4,6,10
00259600,ATLANTIC COMMUNITY COLLEGE              ,NJ,08330-2699,Public       ,1262,1189,2451,1892,1760,3652
00259700,BLOOMFIELD COLLEGE                      ,NJ,07003-3425,Private      ,654,448,1102,1912,924,2836
00259800,CALDWELL COLLEGE                        ,NJ,07006-6195,Private      ,426,274,700,1171,478,1649
00259900,CENTENARY COLLEGE                       ,NJ,07840-2184,Private      ,532,388,920,1287,590,1877
00260000,COLLEGE OF SAINT ELIZABETH              ,NJ,07960-6989,Private      ,313,229,542,642,351,993
00260100,CUMBERLAND COUNTY COLLEGE               ,NJ,08362-0517,Public       ,787,802,1589,1127,1118,2245
00260300,DREW UNIVERSITY                         ,NJ,07940-4063,Private      ,382,173,555,2468,374,2842
00260700,FAIRLEIGH DICKINSON UNIV-TEANECK        ,NJ,07666-1996,Private      ,400,421,821,2038,1215,3253
00260701,FAIRLEIGH DICKINSON UNIV-FLORHAM        ,NJ,07940-0000,Private      ,241,137,378,1936,394,2330
00260702,FAIRLEIGH DICKINSON UNIV-ED WMS CLG     ,NJ,07601-0000,Private      ,20,36,56,77,56,133
00260703,FAIRLEIGH DICKINSON UNIVERSITY          ,NJ,07940-0000,Private      ,199,147,346,1058,366,1424
00260800,GEORGIAN COURT UNIVERSITY               ,NJ,08701-2697,Private      ,520,597,1117,1042,1002,2044
00260900,ROWAN UNIVERSITY                        ,NJ,08028-1702,Public       ,2771,1100,3871,9153,2071,11224
00261000,FELICIAN COLLEGE                        ,NJ,07644-2198,Private      ,547,351,898,1199,501,1700
00261300,NEW JERSEY CITY UNIVERSITY              ,NJ,07305-1597,Public       ,1776,1796,3572,3305,2764,6069
00261500,MIDDLESEX COUNTY COLLEGE                ,NJ,08818-3050,Public       ,2082,1259,3341,3312,1884,5196
00261600,MONMOUTH UNIVERSITY                     ,NJ,07764-1898,Private      ,1624,759,2383,5669,1382,7051
00261700,MONTCLAIR STATE UNIVERSITY              ,NJ,07043-9987,Public       ,3430,1716,5146,10908,3448,14356
00261900,NEW BRUNSWICK THEOLOGICAL SEMINARY      ,NJ,08901-0000,Private      ,9,47,56,13,68,81
00262100,NEW JERSEY INST OF TECHNOLOGY           ,NJ,07102-1982,Public       ,1250,696,1946,3372,1154,4526
00262200,KEAN UNIVERSITY                         ,NJ,07083-7131,Public       ,2770,1807,4577,7162,3754,10916
00262400,OCEAN COUNTY COLLEGE                    ,NJ,08754-2001,Public       ,1802,916,2718,2747,1335,4082
00262500,WILLIAM PATERSON UNIVERSITY             ,NJ,07470-2152,Public       ,2957,1248,4205,6923,2102,9025
00262600,PRINCETON THEOLOGICAL SEMINARY          ,NJ,08542-0000,Private      ,0,208,208,3,429,432
00262700,PRINCETON UNIVERSITY                    ,NJ,08544-0001,Private      ,1409,104,1513,8695,918,9613
00262800,RIDER UNIVERSITY                        ,NJ,08648-3099,Private      ,1033,402,1435,5102,938,6040
00262900,"RUTGERS, THE STATE UNIVERSITY OF NJ     ",NJ,08901-1281,Public       ,8772,4853,13625,31286,12866,44152
00263200,SETON HALL UNIVERSITY                   ,NJ,07079-2697,Private      ,1531,867,2398,5656,1815,7471
00263201,SETON HALL UNIVERSITY - SCHOOL OF LAW   ,NJ,07079-5210,Private      ,37,529,566,134,1663,1797
00263800,ST PETER'S COLLEGE                      ,NJ,07306-5997,Private      ,952,349,1301,2743,590,3333
00263900,STEVENS INSTITUTE OF TECHNOLOGY         ,NJ,07030-5370,Private      ,610,123,733,2402,222,2624
00264200,COLLEGE OF NEW JERSEY (THE)             ,NJ,08628-0718,Public       ,1527,297,1824,7607,649,8256
00264300,UNION COUNTY COLLEGE                    ,NJ,07016-1598,Public       ,1538,1928,3466,2201,2689,4890
00473600,BERGEN COMMUNITY COLLEGE                ,NJ,07652-1595,Public       ,2306,1362,3668,3472,1900,5372
00474000,MERCER COUNTY COMMUNITY COLLEGE         ,NJ,08690-0000,Public       ,969,1144,2113,1495,1814,3309
00539900,MONMOUTH COUNTY VOCATIONAL SCH DIST     ,NJ,07728-5033,Public       ,10,23,33,26,26,52
00545200,TETERBORO SCH OF AERONAUTICS            ,NJ,07608-1083,Proprietary  ,20,25,45,27,28,55
00546000,SOMERSET COUNTY TECHNICAL INSTITUTE     ,NJ,08807-0350,Public       ,22,39,61,23,56,79
00546100,SALEM COMMUNITY COLLEGE                 ,NJ,08069-2799,Public       ,225,281,506,310,362,672
00641000,C E GREGORY SCHOOL OF NURSING           ,NJ,08857-0000,Private      ,23,39,62,31,47,78
00641700,HOLY NAME HOSPITAL SCH OF NURSING       ,NJ,07666-4254,Private      ,30,58,88,62,89,151
00642000,MOUNTAINSIDE HOSP SCH NRSG              ,NJ,07042-4898,Proprietary  ,12,57,69,28,83,111
00642100,MUHLENBERG SNYDER SCHOOLS               ,NJ,07061-3399,Private      ,75,199,274,112,288,400
00642900,ST FRANCIS MEDICAL CTR SCH NURSING      ,NJ,08629-1986,Private      ,3,14,17,11,31,42
00642902,ST FRANCIS MED CTR RAD TECH             ,NJ,08629-0000,Private      ,4,4,8,4,5,9
00686500,CAMDEN COUNTY COLLEGE                   ,NJ,08012-3240,Public       ,2349,2252,4601,3546,3360,6906
00690100,GLOUCESTER COUNTY COLLEGE               ,NJ,08080-4249,Public       ,966,735,1701,1619,1108,2727
00710700,ESSEX COUNTY COLLEGE                    ,NJ,07102-1798,Public       ,1682,2025,3707,2531,3287,5818
00750200,BERKELEY COLLEGE                        ,NJ,07424-3367,Proprietary  ,702,470,1172,1126,759,1885
00750201,BERKELEY COLLEGE                        ,NJ,07095-0000,Proprietary  ,255,150,405,424,246,670
00750202,BERKELEY COLLEGE - PARAMUS              ,NJ,07652-2931,Proprietary  ,206,128,334,341,205,546
00750600,LINCOLN TECHNICAL INSTITUTE             ,NJ,07083-5032,Proprietary  ,205,121,326,316,153,469
00750601,LINCOLN TECHNICAL INSTITUTE             ,NJ,07430-0000,Proprietary  ,252,201,453,356,256,612
00750700,GIBBS COLLEGE                           ,NJ,07039-1611,Proprietary  ,357,384,741,556,735,1291
00750701,KATHARINE GIBBS - PISCATAWAY            ,NJ,08854-0000,Proprietary  ,138,151,289,191,255,446
00759300,PARISIAN BEAUTY ACADEMY                 ,NJ,07601-5509,Proprietary  ,9,11,20,15,15,30
00772900,COUNTY COLLEGE OF MORRIS                ,NJ,07869-0000,Public       ,916,444,1360,1651,682,2333
00773000,BURLINGTON COUNTY COLLEGE               ,NJ,08068-1599,Public       ,1113,900,2013,1884,1432,3316
00773100,RARITAN VALLEY COMMUNITY COLLEGE        ,NJ,08876-1265,Public       ,542,418,960,876,602,1478
00794700,BETH MEDRASH GOVOHA OF AMERICA          ,NJ,08701-0000,Private      ,45,586,631,48,590,638
00840400,BROOKDALE COMMUNITY COLLEGE             ,NJ,07738-1597,Public       ,1798,1063,2861,2811,1590,4401
00844101,ANTHEM INSTITUTE                        ,NJ,08002-0000,Proprietary  ,6,8,14,7,13,20
00849400,HO HO KUS SCHL OF TRADE & TECH SCIENCES ,NJ,07513-1402,Proprietary  ,13,29,42,17,39,56
00860900,RABBINICAL COLLEGE OF AMERICA           ,NJ,07960-3600,Private      ,3,2,5,9,2,11
00907800,CAPRI INSTITUTE OF HAIR DESIGN          ,NJ,07011-2111,Proprietary  ,11,16,27,18,16,34
00934400,RAMAPO COLLEGE OF NEW JERSEY            ,NJ,07430-1680,Public       ,1265,295,1560,4767,570,5337
00934500,RICHARD STOCKTON COLLEGE OF NJ          ,NJ,08240-0195,Public       ,1887,791,2678,5207,1669,6876
00999400,PASSAIC COUNTY COMMUNITY COLLEGE        ,NJ,07505-1179,Public       ,1082,1218,2300,1413,1536,2949
01039400,UNIV OF MEDICINE & DENTISTRY OF NJ      ,NJ,07107-0000,Public       ,84,1982,2066,149,3382,3531
01062900,P B COSMETOLOGY EDUCATION CENTRE        ,NJ,08030-1750,Proprietary  ,41,17,58,45,19,64
01085100,ANTHEM INSTITUTE                        ,NJ,07054-3409,Proprietary  ,189,299,488,323,537,860
01085101,ANTHEM INSTITUTE                        ,NJ,07306-0000,Proprietary  ,16,16,32,33,28,61
01085102,ANTHEM INSTITUTE                        ,NJ,08902-0000,Proprietary  ,24,10,34,34,16,50
01090300,RIZZIERI INSTITUTE                      ,NJ,08043-4600,Proprietary  ,30,21,51,46,29,75
01152300,MORRIS COUNTY SCHOOL OF TECHNOLOGY      ,NJ,07834-0000,Public       ,9,12,21,19,16,35
01170800,NATURAL MOTION INST OF HAIR DESIGN      ,NJ,07306-5496,Proprietary  ,8,21,29,10,23,33
01198900,TALMUDICAL ACADEMY                      ,NJ,07710-0000,Private      ,2,2,4,2,2,4
01209000,REIGNBOW BEAUTY ACADEMY                 ,NJ,08861-4118,Proprietary  ,17,72,89,19,74,93
01234600,DOVER BUSINESS COLLEGE                  ,NJ,07011-2161,Proprietary  ,53,192,245,60,200,260
01234602,DOVER BUSINESS COLLEGE                  ,NJ,07801-4643,Proprietary  ,35,108,143,42,129,171
01246100,LINCOLN TECHNICAL INSTITUTE             ,NJ,08820-2896,Proprietary  ,128,118,246,185,169,354
01246102,LINCOLN TECHNICAL INSTITUTE             ,NJ,08054-0000,Proprietary  ,71,156,227,87,176,263
01246103,LINCOLN TECHNICAL INSTITUTE             ,NJ,07652-2106,Proprietary  ,100,164,264,150,178,328
01246200,HOHOKUS - HACKENSACK SCHOOL OF BUSINESS ,NJ,07601-7197,Proprietary  ,33,131,164,43,174,217
01295400,HUDSON COUNTY COMMUNITY COLLEGE         ,NJ,07306-4012,Public       ,1546,1824,3370,2035,2377,4412
02053700,EASTWICK COLLEGE                        ,NJ,07446-0000,Proprietary  ,50,187,237,63,227,290
02061800,ROMAN ACADEMY OF BEAUTY CULTURE         ,NJ,07506-0000,Proprietary  ,3,2,5,4,3,7
02092300,HOHOKUS SCHOOL - RETS/NUTLEY            ,NJ,07110-0000,Proprietary  ,49,104,153,54,126,180
02103700,CAPRI INSTITUTE OF HAIR DESIGN          ,NJ,07652-0000,Proprietary  ,8,11,19,13,12,25
02104000,HARRIS SCHOOL OF BUSINESS               ,NJ,08002-2983,Proprietary  ,53,268,321,65,360,425
02131100,DU CRET SCHOOL OF THE ARTS              ,NJ,07060-0000,Private      ,2,2,4,5,2,7
02131600,PENNCO TECH                             ,NJ,08012-0000,Proprietary  ,110,176,286,140,222,362
02132300,BERDAN INSTITUTE                        ,NJ,07512-0000,Proprietary  ,65,87,152,67,90,157
02146800,JOE KUBERT SCH OF CARTOON & GRAPHIC     ,NJ,07801-0000,Proprietary  ,23,27,50,44,39,83
02149800,EMPIRE BEAUTY SCHOOL                    ,NJ,08021-0000,Proprietary  ,56,96,152,66,143,209
02149801,EMPIRE BEAUTY SCHOOL - BORDENTOWN       ,NJ,08505-1513,Proprietary  ,1,1,2,3,3,6
02154000,DIVERS ACAD OF EASTERN SEABOARD         ,NJ,08081-1139,Proprietary  ,26,21,47,28,29,57
02183600,CAPRI INSTITUTE OF HAIR DESIGN          ,NJ,07033-0000,Proprietary  ,14,20,34,15,21,36
02186703,HARRISON CAREER INSTITUTE               ,NJ,08096-0000,Proprietary  ,0,0,0,1,2,3
02186708,HARRISON CAREER INSTITUTE               ,NJ,07376-0000,Proprietary  ,0,0,0,0,1,1
02192200,THOMAS EDISON STATE COLLEGE             ,NJ,08608-0000,Public       ,69,1157,1226,132,1852,1984
02219600,OMEGA INSTITUTE                         ,NJ,08109-0000,Proprietary  ,12,42,54,20,56,76
02223700,NEW HORIZON INST OF COSMETOLOGY         ,NJ,07093-0000,Proprietary  ,1,4,5,1,4,5
02223900,DRAKE COLLEGE OF BUSINESS               ,NJ,07201-0000,Proprietary  ,22,140,162,25,144,169
02232500,UNION COUNTY VOCATIONAL TECH INST       ,NJ,07076-0000,Public       ,18,14,32,31,23,54
02234600,SHORE BEAUTY SCHOOL                     ,NJ,08232-0000,Proprietary  ,5,8,13,6,13,19
02246000,ROSS UNIVERSITY - MEDICAL SCHOOL        ,NJ,08837-0000,Proprietary  ,3,517,520,9,2960,2969
02248600,COOPER HEALTH SYS-CTR ALLIED HEALTH     ,NJ,08103-0000,Private      ,5,25,30,11,48,59
02252700,CONCORDE SCHOOL OF HAIR DESIGN          ,NJ,07712-0000,Proprietary  ,9,23,32,13,24,37
02261800,EUROPEAN ACADEMY OF COSMETOLOGY         ,NJ,07083-0000,Proprietary  ,5,12,17,8,16,24
02265500,CAPRI INSTITUTE OF HAIR DESIGN          ,NJ,08724-0000,Proprietary  ,5,8,13,9,9,18
02277900,ROSS UNIV - SCH OF VETERINARY MED       ,NJ,08837-0000,Proprietary  ,1,126,127,2,762,764
02291000,LINCOLN TECHNICAL INSTITUTE             ,NJ,07080-2424,Proprietary  ,57,20,77,60,20,80
02312000,BERGEN COUNTY TECHNICAL SCHOOLS         ,NJ,07601-6110,Public       ,11,16,27,19,19,38
02344200,EMPIRE BEAUTY SCHOOL                    ,NJ,08002-0000,Proprietary  ,36,56,92,47,80,127
02503900,WARREN COUNTY COMMUNITY COLLEGE         ,NJ,07882-0000,Public       ,181,152,333,280,208,488
02523700,OCEAN COUNTY VOCATIONAL-TECH SCHOOL     ,NJ,08753-0000,Public       ,49,102,151,66,117,183
02525900,ARTISTIC ACADEMY OF HAIR DESIGN         ,NJ,07950-1409,Proprietary  ,26,8,34,41,10,51
02528200,REIGNBOW BEAUTY ACADEMY                 ,NJ,07060-0000,Proprietary  ,11,27,38,12,27,39
02539903,STAR TECHNICAL INSTITUTE-EGG HARBOR     ,NJ,08234-0000,Proprietary  ,23,104,127,28,167,195
02558700,PRISM CAREER INSTITUTE                  ,NJ,08037-0000,Proprietary  ,19,150,169,21,154,175
02568800,SUSSEX COUNTY COMMUNITY COLLEGE         ,NJ,07860-1149,Public       ,461,233,694,710,317,1027
02586800,HARRISON CAREER INSTITUTE               ,NJ,08360-6210,Proprietary  ,0,0,0,0,4,4
02586801,HARRISON CAREER INSTITUTE               ,NJ,07755-0000,Proprietary  ,0,0,0,1,0,1
02586900,HARRIS SCHOOL OF BUSINESS               ,NJ,08084-1520,Proprietary  ,9,55,64,11,78,89
02586901,STAR TECHNICAL INSTITUTE - LAKEWOOD     ,NJ,08701-0000,Proprietary  ,24,137,161,25,156,181
02615401,STAR TECHNICAL INSTITUTE -              ,NJ,07102-4599,Proprietary  ,14,137,151,19,178,197
02616402,SANFORD-BROWN INSTITUTE - ISELIN        ,NJ,08830-0000,Proprietary  ,75,232,307,126,431,557
03077500,RABBI JACOB JOSEPH SCHOOL               ,NJ,08817-4494,Private      ,3,0,3,3,0,3
03122600,EASTERN INTERNATIONAL COLLEGE           ,NJ,07306-3906,Proprietary  ,35,70,105,40,73,113
03187300,STENOTECH CAREER INSTITUTE              ,NJ,07004-3490,Proprietary  ,7,13,20,10,14,24
03197300,INSTITUTE FOR HEALTH EDUCATION(THE)     ,NJ,07306-2929,Proprietary  ,0,1,1,0,2,2
03324300,CENTRAL CAREER SCHOOL                   ,NJ,07080-2408,Proprietary  ,1,3,4,1,4,5
03389300,ACADEMY OF MASSAGE THERAPY              ,NJ,07631-0000,Proprietary  ,3,19,22,5,20,25
03424500,NEW COMMUNITY WORKFORCE DEVELOPMENT     ,NJ,07103-2402,Private      ,8,140,148,15,267,282
03530300,"KEY SKILLS LEARNING, INC.               ",NJ,07013-1900,Proprietary  ,0,0,0,0,2,2
03536300,INSTITUTE FOR THERAPEUTIC MASSAGE       ,NJ,07420-1452,Proprietary  ,6,50,56,9,62,71
03574400,CORTIVA INSTITUTE - SOMERSET SCHOOL OF M,NJ,08854-3908,Proprietary  ,8,15,23,10,19,29
03625300,PERFORMANCE TRAINING INSTITUTE          ,NJ,08753-0000,Proprietary  ,2,0,2,2,0,2
03629300,HELMA INSTITUTE OF MASSAGE THERAPY      ,NJ,07663-6200,Proprietary  ,13,26,39,16,33,49
03637300,METRO AUTO ELECTRONICS TRAINING INSTITUT,NJ,07033-1798,Proprietary  ,2,5,7,2,5,7
03650600,PC AGE                                  ,NJ,07306-3936,Proprietary  ,2,17,19,2,18,20
03650603,PC AGE                                  ,NJ,08817-2842,Proprietary  ,7,18,25,8,20,28
03666300,SOMERSET CHRISTIAN COLLEGE              ,NJ,08890-9035,Private      ,12,37,49,17,50,67
03769300,PC TECH LEARNING CENTER                 ,NJ,07306-9900,Proprietary  ,4,13,17,5,13,18
03803300,HEALTHCARE TRAINING INSTITUTE           ,NJ,07083-3504,Proprietary  ,13,33,46,13,45,58
03811300,EASTERN SCHOOL OF ACUPUNCTURE AND TRADIT,NJ,07042-3562,Proprietary  ,1,16,17,2,22,24
        ,BROOKLYN LAW SCHOOL                     ,NY,11201-0000,Private      ,6,903,909,17,2712,2729
00266500,VAUGHN COLLEGE OF AERONAUTICS AND TECHNO,NY,11369-9997,Private      ,267,169,436,460,239,699
00266600,ADELPHI UNIVERSITY                      ,NY,11530-4299,Private      ,1050,1185,2235,5283,2856,8139
00266700,DOWLING COLLEGE                         ,NY,11769-1999,Private      ,730,850,1580,1735,1290,3025
00266800,ALFRED UNIVERSITY                       ,NY,14802-1205,Private      ,405,120,525,2615,375,2990
00266900,BANK STREET COLLEGE OF EDUCATION        ,NY,10025-0000,Private      ,0,374,374,3,616,619
00267100,BARD COLLEGE                            ,NY,12504-5000,Private      ,245,88,333,2218,447,2665
00267800,BRYANT & STRATTON COLLEGE               ,NY,14203-1713,Proprietary  ,501,1444,1945,755,3013,3768
00267803,BRYANT & STRATTON COLLEGE - GREECE      ,NY,14606-4227,Proprietary  ,116,267,383,158,557,715
00267805,BRYANT & STRATTON COLLEGE - SYRACUSE    ,NY,13203-2502,Proprietary  ,215,394,609,382,957,1339
00267807,BRYANT & STRATTON COLLEGE - ALBANY      ,NY,12205-5230,Proprietary  ,90,222,312,128,416,544
00268100,CANISIUS COLLEGE                        ,NY,14208-1098,Private      ,1031,536,1567,3940,886,4826
00268500,CAZENOVIA COLLEGE                       ,NY,13035-1085,Private      ,209,35,244,1527,94,1621
00268700,CUNY-BROOKLYN COLLEGE                   ,NY,11210-2814,Public       ,4331,3328,7659,8992,5278,14270
00268800,CITY COLLEGE-CUNY                       ,NY,10031-9198,Public       ,3654,2133,5787,8941,3866,12807
00268900,CUNY-HUNTER COLLEGE                     ,NY,10021-0000,Public       ,4511,3320,7831,14041,7120,21161
00269000,QUEENS COLLEGE-CUNY                     ,NY,11367-1597,Public       ,3559,2132,5691,7901,3445,11346
00269100,CUNY- BOROUGH OF MANHATTAN CMTY CLG     ,NY,10007-1047,Public       ,4318,3445,7763,6939,5257,12196
00269200,CUNY BRONX COMMUNITY COLLEGE            ,NY,10453-3102,Public       ,2790,2668,5458,3968,3747,7715
00269300,CUNY-JOHN JAY CLG CRIMINAL JUSTICE      ,NY,10019-1093,Public       ,4074,2046,6120,7819,3305,11124
00269400,KINGSBOROUGH COMMUNITY COLLEGE          ,NY,11235-2398,Public       ,2228,1369,3597,3826,2204,6030
00269600,NY CITY COLLEGE OF TECHNOLOGY-CUNY      ,NY,11201-2983,Public       ,3880,2253,6133,6806,3575,10381
00269700,QUEENSBOROUGH COMMUNITY COLLEGE         ,NY,11364-1497,Public       ,2493,1277,3770,3713,1759,5472
00269800,CUNY THE COLLEGE OF STATEN ISLAND       ,NY,10314-6600,Public       ,2975,1384,4359,5998,2455,8453
00269900,CLARKSON UNIVERSITY                     ,NY,13699-5615,Private      ,591,73,664,3365,178,3543
00270000,COLGATE ROCHESTER CROZER DIVINITY S     ,NY,14620-0000,Private      ,1,37,38,4,57,61
00270100,COLGATE UNIVERSITY                      ,NY,13346-1386,Private      ,317,10,327,3412,39,3451
00270300,COLLEGE OF MOUNT SAINT VINCENT          ,NY,10471-1093,Private      ,530,72,602,1618,149,1767
00270400,COLLEGE OF NEW ROCHELLE                 ,NY,10805-2339,Private      ,398,2824,3222,969,3065,4034
00270500,COLLEGE OF SAINT ROSE                   ,NY,12203-1490,Private      ,808,756,1564,3509,1427,4936
00270700,COLUMBIA UNIVERSITY                     ,NY,10027-0000,Private      ,382,650,1032,3367,2393,5760
00270701,COLUMBIA UNIV ARCHITECTURE              ,NY,10027-0000,Private      ,4,114,118,26,618,644
00270702,COLUMBIA UNIV SCHOOL OF THE ARTS        ,NY,10027-0000,Private      ,12,195,207,51,844,895
00270703,COLUMBIA UNIV BUSINESS GRAD             ,NY,10027-0000,Private      ,2,415,417,14,1219,1233
00270704,COLUMBIA UNIV SCHOOL ENGIN-UNDERGRA     ,NY,10027-0000,Private      ,333,8,341,1522,32,1554
00270705,COLUMBIA UNIV SCHOOL GENERAL STUDIE     ,NY,10027-0000,Private      ,77,401,478,271,696,967
00270706,COLUMBIA UNIV GRAD SCHL ARTS & SCI      ,NY,10027-0000,Private      ,2,264,266,10,1037,1047
00270707,COLUMBIA UNIV SCH INTL PUB AFFAIRS      ,NY,10027-0000,Private      ,1,178,179,7,1113,1120
00270708,COLUMBIA UNIV JOURNALISM GRAD           ,NY,10027-0000,Private      ,2,58,60,10,422,432
00270710,COLUMBIA UNIV COLUMBIA COLLEGE          ,NY,10027-0000,Private      ,912,36,948,6159,140,6299
00270711,COLUMBIA UNIV SCHOOL OF LAW             ,NY,10027-0000,Private      ,6,440,446,15,2844,2859
00270712,COLUMBIA UNIV SOCIAL WORK               ,NY,10025-0000,Private      ,0,112,112,7,798,805
00270713,COLUMBIA UNIV SCHL DENT & ORAL SURG     ,NY,10032-0000,Private      ,3,62,65,4,325,329
00270714,COLUMBIA UNIV INST HUMAN NUTRITION      ,NY,10032-0000,Private      ,0,25,25,0,42,42
00270715,COLUMBIA UNIV NURSING                   ,NY,10032-0000,Private      ,10,133,143,58,540,598
00270716,COLUMBIA UNIV COLL PHYS & SURGEONS      ,NY,10032-0000,Private      ,2,122,124,8,865,873
00270717,COLUMBIA UNIV PHYSICAL THERAPY          ,NY,10032-0000,Private      ,0,71,71,0,107,107
00270718,COLUMBIA UNIV OCCUPATIONAL THERAPY      ,NY,10032-0000,Private      ,0,41,41,1,80,81
00270719,COLUMBIA UNIV PUBLIC HEALTH             ,NY,10032-0000,Private      ,0,130,130,3,788,791
00270720,COLUMBIA UNIV - ENGINEERING (GRAD)      ,NY,10027-0000,Private      ,5,81,86,26,229,255
00270721,COLUMBIA UNIV-CONT ED & SP PROGMS       ,NY,10027-0000,Private      ,1,49,50,3,92,95
00270800,BARNARD COLLEGE-COLUMBIA UNIV           ,NY,10027-6598,Private      ,564,19,583,3192,65,3257
00270900,CONCORDIA COLLEGE                       ,NY,10708-1998,Private      ,258,48,306,662,80,742
00271000,COOPER UNION                            ,NY,10003-7120,Private      ,169,25,194,1059,75,1134
00271100,CORNELL UNIVERSITY                      ,NY,14853-2801,Private      ,3087,977,4064,18558,4010,22568
00271101,WEILL CORNELL MEDICAL COLLEGE AND GRADUA,NY,10021-0000,Private      ,3,281,284,27,629,656
00271200,D'YOUVILLE COLLEGE                      ,NY,14201-1084,Private      ,434,511,945,1294,1014,2308
00271300,DOMINICAN COLLEGE                       ,NY,10962-1299,Private      ,608,252,860,1402,408,1810
00271800,ELMIRA COLLEGE                          ,NY,14901-2099,Private      ,336,169,505,1627,308,1935
00272200,FORDHAM UNIVERSITY                      ,NY,10458-5157,Private      ,2446,2060,4506,14631,5880,20511
00272206,MARYMOUNT COLLEGE                       ,NY,10591-3796,Private      ,0,0,0,6,1,7
00272600,GENERAL THEOLOGICAL SEMINARY            ,NY,10011-0000,Private      ,0,33,33,0,95,95
00272800,HAMILTON COLLEGE                        ,NY,13323-1218,Private      ,394,9,403,2287,18,2305
00272900,HARTWICK COLLEGE                        ,NY,13820-4020,Private      ,534,26,560,2179,61,2240
00273100,HOBART & WILLIAM SMITH COLLEGES         ,NY,14456-3397,Private      ,468,12,480,2603,45,2648
00273200,HOFSTRA UNIVERSITY                      ,NY,11549-1010,Private      ,2186,1518,3704,11762,4027,15789
00273400,HOUGHTON COLLEGE                        ,NY,14744-0128,Private      ,400,98,498,1485,162,1647
00273500,HILBERT COLLEGE                         ,NY,14075-1597,Private      ,299,103,402,730,205,935
00273700,IONA COLLEGE                            ,NY,10801-1890,Private      ,1455,404,1859,5285,699,5984
00273900,ITHACA COLLEGE                          ,NY,14850-7130,Private      ,949,160,1109,10045,556,10601
00274000,JEWISH THEOLOGICAL SEMINARY OF AMER     ,NY,10027-4649,Private      ,23,59,82,111,159,270
00274200,THE JUILLIARD SCHOOL                    ,NY,10023-6588,Private      ,112,75,187,953,518,1471
00274400,KEUKA COLLEGE                           ,NY,14478-0000,Private      ,301,269,570,1142,516,1658
00274800,LEMOYNE COLLEGE                         ,NY,13214-1399,Private      ,663,395,1058,3335,671,4006
00274900,NEW YORK COLLEGE OF PODIATRIC MED       ,NY,10035-0000,Private      ,15,179,194,37,334,371
00275100,LONG ISLAND UNIVERSITY                  ,NY,11548-1326,Private      ,2112,2141,4253,7044,4033,11077
00275101,LONG ISLAND UNIVERSITY - BRENTWOOD CAMPU,NY,11717-5326,Private      ,16,155,171,16,157,173
00275102,LONG ISLAND UNIVERSITY - ROCKLAND CAMPUS,NY,10962-0000,Private      ,0,58,58,1,59,60
00275104,LONG ISLAND UNIVERSITY - NEW YORK UNIVER,NY,10011-0000,Private      ,36,31,67,37,31,68
00275105,LONG ISLAND UNIVERSITY - WEST POINT CAMP,NY,10966-0000,Private      ,12,8,20,12,9,21
00275106,LONG ISLAND UNIVERSITY - JEWISH BOARD OF,NY,10019-0000,Private      ,3,4,7,3,4,7
00275107,LONG ISLAND UNIVERSITY - QUEENS DISTRICT,NY,11364-0000,Private      ,6,9,15,6,10,16
00275108,LONG ISLAND UNIVERSITY - FREEPORT PUBLIC,NY,11520-3144,Private      ,2,1,3,2,1,3
00275109,LONG ISLAND UNIVERSITY - LOCUST VALLEY H,NY,11560-1105,Private      ,0,2,2,0,2,2
00275110,LONG ISLAND UNIVERSITY - WESTBURY SENIOR,NY,11568-1619,Private      ,37,35,72,39,37,76
00275111,LONG ISLAND UNIVERSITY - BABYLON SENIOR ,NY,11702-2222,Private      ,1,3,4,1,3,4
00275112,LONG ISLAND UNIVERSITY - HARBORFIELDS HI,NY,11740-1432,Private      ,2,0,2,2,0,2
00275114,LONG ISLAND UNIVERSITY - SACHEM HIGH SCH,NY,11779-2231,Private      ,2,0,2,2,0,2
00275115,LONG ISLAND UNIVERSITY - SOUTHAMPTON COL,NY,11968-4198,Private      ,91,66,157,436,143,579
00275116,LONG ISLAND UNIVERSITY - BROOKLYN       ,NY,11201-8423,Private      ,413,305,718,1850,888,2738
00275800,MANHATTAN COLLEGE                       ,NY,10471-4098,Private      ,792,90,882,4172,228,4400
00275900,MANHATTAN SCHOOL OF MUSIC               ,NY,10027-4698,Private      ,97,132,229,546,557,1103
00276000,MANHATTANVILLE COLLEGE                  ,NY,10577-2132,Private      ,370,367,737,2232,585,2817
00276300,MARIA COLLEGE                           ,NY,12208-1798,Private      ,44,258,302,100,471,571
00276500,MARIST COLLEGE                          ,NY,12601-1387,Private      ,1141,295,1436,6659,549,7208
00276900,MARYMOUNT MANHATTAN COLLEGE             ,NY,10021-4597,Private      ,362,68,430,2207,177,2384
00277200,MERCY COLLEGE                           ,NY,10522-1189,Private      ,802,2391,3193,1364,3403,4767
00277500,MOLLOY COLLEGE                          ,NY,11570-1100,Private      ,761,609,1370,1903,1136,3039
00277700,MEDAILLE COLLEGE                        ,NY,14214-2695,Private      ,349,403,752,1112,691,1803
00277800,MOUNT SAINT MARY COLLEGE                ,NY,12550-3494,Private      ,527,352,879,1735,620,2355
00277900,NAZARETH COLLEGE OF ROCHESTER           ,NY,14618-3790,Private      ,567,578,1145,2510,1076,3586
00278200,NEW YORK INSTITUTE OF TECHNOLOGY        ,NY,11568-8000,Private      ,1479,1247,2726,3488,2163,5651
00278202,NY INSTITUTE OF TECHNOLOGY-OSTEOPATHIC M,NY,11568-0000,Private      ,3,643,646,6,973,979
00278300,NEW YORK LAW SCHOOL                     ,NY,10013-0000,Private      ,3,681,684,18,2572,2590
00278400,NEW YORK MEDICAL COLLEGE                ,NY,10595-0000,Private      ,1,830,831,4,1478,1482
00278500,NEW YORK UNIVERSITY                     ,NY,10012-1091,Private      ,2408,4485,6893,26079,18154,44233
00278800,NIAGARA UNIVERSITY                      ,NY,14109-2010,Private      ,760,261,1021,3317,532,3849
00279000,NYACK COLLEGE                           ,NY,10960-3698,Private      ,381,567,948,1014,856,1870
00279100,PACE UNIVERSITY - NEW YORK              ,NY,10038-1598,Private      ,864,646,1510,5334,1839,7173
00279101,PACE UNIVERSITY-PLEASANTVILLE           ,NY,10570-0000,Private      ,399,219,618,2422,552,2974
00279102,PACE UNIVERSITY - WHITE PLAINS          ,NY,10603-0000,Private      ,37,431,468,177,1424,1601
00279500,PAUL SMITHS CLG OF ARTS & SCIENCES      ,NY,12970-0000,Private      ,344,51,395,1021,91,1112
00279600,POLYTECHNIC INTSTITUTE OF NEW YORK UNIV ,NY,11201-3840,Private      ,430,183,613,1351,327,1678
00279800,PRATT INSTITUTE                         ,NY,11205-3899,Private      ,577,484,1061,3511,1868,5379
00280300,RENSSELAER POLYTECHNIC INSTITUTE        ,NY,12180-3590,Private      ,1071,164,1235,7542,425,7967
00280500,ROBERTS WESLEYAN COLLEGE                ,NY,14624-1997,Private      ,366,368,734,1321,617,1938
00280600,ROCHESTER INSTITUTE OF TECHNOLOGY       ,NY,14623-5608,Private      ,2761,930,3691,10983,1949,12932
00280700,ROCKEFELLER UNIVERSITY                  ,NY,10021-0000,Private      ,2,3,5,5,10,15
00280800,DAEMEN COLLEGE                          ,NY,14226-3592,Private      ,480,301,781,1576,479,2055
00281000,THE SAGE COLLEGES                       ,NY,12180-4199,Private      ,367,490,857,1130,1071,2201
00281200,TROCAIRE COLLEGE                        ,NY,14220-2094,Private      ,200,453,653,360,770,1130
00281300,SARAH LAWRENCE COLLEGE                  ,NY,10708-5999,Private      ,114,84,198,1919,515,2434
00281400,SKIDMORE COLLEGE                        ,NY,12866-1632,Private      ,491,42,533,3288,86,3374
00281401,SKIDMORE COLL-UNIV WITHOUT WALLS        ,NY,12866-0000,Private      ,0,14,14,28,28,56
00281500,ST BERNARDS SCH THEOLOGY & MINISTRY     ,NY,14618-3822,Private      ,0,12,12,1,24,25
00281600,SIENA COLLEGE                           ,NY,12211-1462,Private      ,1002,69,1071,4120,133,4253
00281700,ST BONAVENTURE UNIVERSITY               ,NY,14778-2284,Private      ,443,207,650,2055,384,2439
00282000,ST FRANCIS COLLEGE                      ,NY,11201-4398,Private      ,567,144,711,1436,240,1676
00282100,ST JOHN FISHER COLLEGE                  ,NY,14618-3597,Private      ,515,429,944,3885,1146,5031
00282200,CHRIST THE KING SEMINARY                ,NY,14052-0607,Private      ,0,1,1,0,2,2
00282300,ST JOHN'S UNIVERSITY                    ,NY,11439-1343,Private      ,3771,1657,5428,15194,4128,19322
00282500,ST JOSEPH'S COLLEGE                     ,NY,11205-3688,Private      ,256,197,453,772,319,1091
00282501,ST JOSEPH'S COLLEGE-SUFFOLK CAMPUS      ,NY,11772-0000,Private      ,901,432,1333,2239,715,2954
00282600,ST JOSEPH'S SEMINARY                    ,NY,10704-0000,Private      ,1,1,2,1,2,3
00282900,ST LAWRENCE UNIVERSITY                  ,NY,13617-1455,Private      ,574,40,614,2489,76,2565
00283200,ST THOMAS AQUINAS COLLEGE               ,NY,10976-1050,Private      ,465,104,569,1431,183,1614
00283300,ST VLADIMIR ORTHODOX THEOL SEM          ,NY,10707-0000,Private      ,0,15,15,0,56,56
00283500,SUNY AT ALBANY                          ,NY,12222-0001,Public       ,3136,1523,4659,14643,3569,18212
00283600,BINGHAMTON UNIVERSITY (SUNY)            ,NY,13902-6000,Public       ,2518,739,3257,16192,1929,18121
00283700,SUNY AT BUFFALO                         ,NY,14260-0001,Public       ,4011,2879,6890,16653,7219,23872
00283800,SUNY AT STONY BROOK                     ,NY,11794-0001,Public       ,3780,2100,5880,15712,4691,20403
00283900,SUNY-DOWNSTATE MEDICAL CENTER           ,NY,11203-2098,Public       ,37,516,553,91,1540,1631
00284000,SUNY UPSTATE MEDICAL UNIVERSITY         ,NY,13210-2375,Public       ,34,210,244,134,1035,1169
00284100,SUNY BROCKPORT - FIN AID OFF            ,NY,14420-2914,Public       ,1929,893,2822,6871,1700,8571
00284200,BUFFALO STATE COLLEGE - SUNY            ,NY,14222-1095,Public       ,2735,1610,4345,7719,2884,10603
00284300,SUNY COLLEGE-CORTLAND                   ,NY,13045-0900,Public       ,1486,481,1967,8420,1157,9577
00284400,SUNY AT FREDONIA                        ,NY,14063-1145,Public       ,1299,279,1578,5627,652,6279
00284500,SUNY GENESEO                            ,NY,14454-1401,Public       ,943,154,1097,7444,426,7870
00284600,SUNY COLLEGE-NEW PALTZ                  ,NY,12561-2499,Public       ,1781,718,2499,7317,1408,8725
00284700,SUNY COLLEGE-ONEONTA                    ,NY,13820-4015,Public       ,1728,233,1961,7880,522,8402
00284800,SUNY OSWEGO                             ,NY,13126-3599,Public       ,2212,697,2909,7682,1447,9129
00284900,SUNY COLLEGE AT PLATTSBURGH             ,NY,12901-2681,Public       ,1279,448,1727,5234,991,6225
00285000,SUNY COLLEGE-POTSDAM                    ,NY,13676-2294,Public       ,950,345,1295,3553,676,4229
00285100,SUNY COLLEGE OF ENVIRONMENT SCIENCE AND ,NY,13210-2778,Public       ,277,92,369,1457,353,1810
00285300,SUNY MARITIME COLLEGE                   ,NY,10465-4198,Public       ,285,83,368,915,177,1092
00285400,SUNY COLLEGE OF TECHNOLOGY-ALFRED       ,NY,14802-9951,Public       ,1072,270,1342,2821,496,3317
00285500,SUNY CANTON COLG OF TECHNOLOGY          ,NY,13617-1098,Public       ,549,242,791,1920,627,2547
00285600,SUNY AG & TECH COLLEGE-COBLESKILL       ,NY,12043-9986,Public       ,908,144,1052,2293,248,2541
00285700,SUNY DELHI                              ,NY,13753-1190,Public       ,1000,175,1175,2583,344,2927
00285800,SUNY FARMINGDALE                        ,NY,11735-1021,Public       ,1246,530,1776,3248,906,4154
00285900,SUNY COLLEGE OF AG & TECH AT MORRISVILLE,NY,13408-0901,Public       ,1097,321,1418,2517,548,3065
00286000,ADIRONDACK COMMUNITY COLLEGE            ,NY,12804-2004,Public       ,453,360,813,950,596,1546
00286100,CAYUGA COMMUNITY COLLEGE                ,NY,13021-3099,Public       ,588,497,1085,988,821,1809
00286200,BROOME COMMUNITY COLLEGE                ,NY,13902-0000,Public       ,954,659,1613,2163,1286,3449
00286300,CORNING COMMUNITY COLLEGE               ,NY,14830-3297,Public       ,561,534,1095,975,831,1806
00286400,DUTCHESS COMMUNITY COLLEGE              ,NY,12601-1595,Public       ,721,437,1158,1349,719,2068
00286600,FASHION INSTITUTE OF TECHNOLOGY         ,NY,10001-5992,Public       ,1283,591,1874,5257,1574,6831
00286700,SUNY FULTON MONTGOMERY COMM CLG         ,NY,12095-3790,Public       ,317,251,568,595,418,1013
00286800,HUDSON VALLEY COMMUNITY COLLEGE         ,NY,12180-6096,Public       ,1947,1031,2978,3544,1677,5221
00286900,JAMESTOWN COMMUNITY COLLEGE             ,NY,14702-0020,Public       ,541,414,955,1355,897,2252
00287000,JEFFERSON COMMUNITY COLLEGE             ,NY,13601-1897,Public       ,465,539,1004,866,837,1703
00287100,"SUNY, MOHAWK VALLEY COMMUNITY CLG       ",NY,13501-5394,Public       ,1113,627,1740,2230,1134,3364
00287200,MONROE COMMUNITY COLLEGE                ,NY,14623-5780,Public       ,2549,2040,4589,5012,3420,8432
00287300,NASSAU COMMUNITY COLLEGE                ,NY,11530-6793,Public       ,2373,1208,3581,4467,1764,6231
00287400,NIAGARA COUNTY COMMUNITY COLLEGE        ,NY,14132-9460,Public       ,1161,898,2059,2066,1729,3795
00287500,ONONDAGA COMMUNITY COLLEGE              ,NY,13215-4585,Public       ,1462,929,2391,3032,1564,4596
00287600,ORANGE COUNTY COMMUNITY COLLEGE         ,NY,10940-6441,Public       ,761,564,1325,1347,881,2228
00287700,ROCKLAND COMMUNITY COLLEGE              ,NY,10901-3611,Public       ,568,408,976,915,550,1465
00287800,SUFFOLK COMMUNITY COLLEGE               ,NY,11784-2899,Public       ,1655,807,2462,2956,1221,4177
00287801,SUFFOLK COMMUNITY CLG-W. CAMPUS         ,NY,11717-0000,Public       ,847,647,1494,1372,945,2317
00287803,SUFFOLK COMMUNITY CLG-EASTRN CAMPUS     ,NY,11901-0000,Public       ,247,213,460,403,292,695
00287900,SULLIVAN COUNTY COMMUNITY COLLEGE       ,NY,12759-5151,Public       ,382,187,569,738,265,1003
00288000,ULSTER COUNTY COMMUNITY COLLEGE         ,NY,12484-0557,Public       ,383,251,634,641,381,1022
00288100,SUNY WESTCHESTER COMMUNITY COLLEGE      ,NY,10595-1698,Public       ,1172,964,2136,1933,1445,3378
00288200,SYRACUSE UNIVERSITY                     ,NY,13244-2130,Private      ,2271,1211,3482,15924,4314,20238
00288300,UTICA COLLEGE OF SYRACUSE UNIV          ,NY,13502-4892,Private      ,726,449,1175,2455,828,3283
00288500,ALBANY COLLEGE OF PHARMACY AND HEALTH SC,NY,12208-3492,Private      ,150,86,236,1332,571,1903
00288600,ALBANY LAW SCHOOL                       ,NY,12208-0000,Private      ,2,419,421,14,1237,1251
00288700,ALBANY MEDICAL COLLEGE                  ,NY,12208-0000,Private      ,4,259,263,16,809,825
00288900,UNION COLLEGE                           ,NY,12308-2311,Private      ,261,27,288,2437,80,2517
00289000,UNION THEOLOGICAL SEMINARY              ,NY,10027-0000,Private      ,1,55,56,2,257,259
00289200,UNITED STATES MERCHANT MARINE ACADEMY   ,NY,11024-1699,Public       ,120,7,127,294,15,309
00289400,UNIVERSITY OF ROCHESTER                 ,NY,14627-9000,Private      ,1126,479,1605,6395,1028,7423
00289401,EASTMAN SCH OF MUSIC/UNIV ROCHESTER     ,NY,14604-0000,Private      ,108,96,204,692,322,1014
00289402,UNIV OF ROCHESTER SCHL OF MEDICINE      ,NY,14642-0000,Private      ,2,255,257,26,655,681
00289500,VASSAR COLLEGE                          ,NY,12604-0008,Private      ,576,15,591,3301,54,3355
00289600,VILLA MARIA COLLEGE-BUFFALO             ,NY,14225-3999,Private      ,114,85,199,239,114,353
00289900,WAGNER COLLEGE                          ,NY,10301-4495,Private      ,482,94,576,2234,183,2417
00290000,WEBB INSTITUTE                          ,NY,11542-1398,Private      ,6,0,6,44,1,45
00290100,WELLS COLLEGE                           ,NY,13026-0500,Private      ,170,31,201,779,61,840
00290300,YESHIVA UNIVERSITY                      ,NY,10033-3201,Private      ,651,854,1505,1433,2222,3655
00290302,YESHIVA UNIVERSITY - BRONX CAMPUS       ,NY,10461-1975,Private      ,6,441,447,12,912,924
00397600,RABBINICAL ACAD MESIVTA RABBI CHAIM     ,NY,11230-4715,Private      ,1,0,1,2,0,2
00397700,RABBINICAL COLLEGE CH'SAN SOFER         ,NY,11204-1252,Private      ,0,0,0,1,0,1
00397800,RABBINICAL SEMINARY OF AMERICA          ,NY,11375-0000,Private      ,4,4,8,4,5,9
00397900,COLUMBIA UNIV TEACHERS COLLEGE          ,NY,10027-0000,Private      ,4,963,967,17,2932,2949
00405400,HEBREW UNION COL-JEWISH INST OF REL     ,NY,10012-0000,Private      ,0,72,72,0,85,85
00455301,ITT TECHNICAL INSTITUTE                 ,NY,12205-0000,Proprietary  ,76,149,225,110,167,277
00475900,"CUNY, YORK COLLEGE                      ",NY,11451-0001,Public       ,1855,1251,3106,3520,1903,5423
00476500,CUNY GRADUATE SCH & UNIV CTR            ,NY,10016-4309,Public       ,14,528,542,25,1468,1493
00477600,CENTRAL YESHIVA TOMCHEI TMIMIM LUBA     ,NY,11230-2798,Private      ,4,0,4,10,0,10
00478800,HERKIMER COUNTY COMMUNITY COLLEGE       ,NY,13350-1598,Public       ,747,303,1050,1450,512,1962
00479800,MIRRER YESHIVA CENTRAL INST             ,NY,11223-2010,Private      ,13,15,28,14,15,29
00479900,MONROE COLLEGE                          ,NY,10468-4305,Proprietary  ,950,1544,2494,1871,3253,5124
00481100,EVEREST INSTITUTE                       ,NY,14621-3007,Proprietary  ,201,972,1173,223,1330,1553
00506401,ST JAMES MERCY HOSP SCH OF RAD          ,NY,14843-2197,Private      ,8,7,15,14,14,28
00506600,FAXTON ST. LUKE'S SCHOOL OF RADIOGRAPHY ,NY,13502-4856,Private      ,9,4,13,18,9,27
00520800,THE COLLEGE OF WESTCHESTER              ,NY,10602-0000,Proprietary  ,337,232,569,542,301,843
00587700,ROBERT J HOCHSTIM SCHOOL OF RADIOG      ,NY,11572-1151,Private      ,0,6,6,0,6,6
00643501,ARNOT OGDEN MEDICAL CENTER              ,NY,14905-1676,Private      ,6,13,19,11,24,35
00643800,PHILLIPS BETH ISRAEL SCH OF NURSING     ,NY,10001-6354,Private      ,29,153,182,56,214,270
00644300,COCHRAN SCH NSG-ST JOHN RVSDE HOSP      ,NY,10701-1399,Private      ,30,172,202,50,270,320
00644500,CROUSE HOSP SCH OF NURSING              ,NY,13210-1690,Private      ,49,86,135,91,145,236
00644800,ELLIS HOSPITAL SCHOOL OF NURSING        ,NY,12308-0000,Private      ,10,52,62,21,73,94
00646101,ST ELIZABETH COLLEGE OF NURSING         ,NY,13501-2998,Private      ,43,77,120,76,121,197
00646102,ST ELIZABETH SCH OF RADIOGRAPHY         ,NY,13501-0000,Private      ,5,6,11,8,11,19
00646700,SAINT JOSEPH'S COLLEGE OF NURSING       ,NY,13203-1806,Private      ,53,86,139,148,202,350
00678200,GENESEE COMMUNITY COLLEGE               ,NY,14020-9704,Public       ,780,588,1368,1524,953,2477
00678500,SCHENECTADY COUNTY COMMUNITY CLG        ,NY,12305-2294,Public       ,531,490,1021,883,731,1614
00678700,CLINTON COMMUNITY COLLEGE               ,NY,12901-5690,Public       ,356,204,560,692,353,1045
00678800,TOMPKINS CORTLAND COMMUNITY COLLEGE     ,NY,13053-8504,Public       ,778,391,1169,1485,636,2121
00678900,COLUMBIA-GREENE COMMUNITY COLLEGE       ,NY,12534-9543,Public       ,347,222,569,558,336,894
00679100,SUNY AT PURCHASE                        ,NY,10577-1400,Public       ,1082,267,1349,5010,671,5681
00702200,CUNY-LEHMAN COLLEGE                     ,NY,10468-1589,Public       ,2817,2510,5327,6166,4148,10314
00702600,"MT SINAI SCH OF MEDICINE, NY UNIV       ",NY,10029-0000,Private      ,2,349,351,6,825,831
00710900,SUNY COLLEGE-OLD WESTBURY               ,NY,11568-0210,Public       ,1290,489,1779,3193,818,4011
00711100,NORTH COUNTRY COMMUNITY COLLEGE         ,NY,12983-2046,Public       ,229,190,419,465,309,774
00726400,MESIFTA TORAH VODAATH RABBINCAL SEM     ,NY,11218-5209,Private      ,1,1,2,1,1,2
00727300,CUNY-BERNARD BARUCH COLLEGE             ,NY,10010-5518,Public       ,3816,2134,5950,9994,3840,13834
00730400,CULINARY INSTITUTE OF AMERICA           ,NY,12538-1499,Private      ,752,362,1114,2021,760,2781
00737200,AUSTIN'S SCHOOL OF SPA TECHNOLOGY       ,NY,12206-1513,Proprietary  ,17,48,65,19,48,67
00737500,ISLAND DRAFTING & TECHNICAL INST        ,NY,11701-2704,Proprietary  ,42,31,73,59,42,101
00738700,LONG ISLAND BEAUTY SCHOOL               ,NY,11788-4346,Proprietary  ,19,36,55,21,40,61
00738800,LONG ISLAND BEAUTY SCHOOL               ,NY,11550-3704,Proprietary  ,9,32,41,11,51,62
00739100,BEAUTY SCHOOL OF MIDDLETOWN             ,NY,10940-6574,Proprietary  ,13,20,33,15,21,36
00739400,BERKELEY COLLEGE                        ,NY,10017-0000,Proprietary  ,899,787,1686,1396,1022,2418
00739402,BERKELEY COLLEGE-WESTCHESTER CAMPUS     ,NY,10601-1533,Proprietary  ,330,125,455,534,168,702
00739800,KATHARINE GIBBS SCHOOL                  ,NY,10018-2602,Proprietary  ,597,833,1430,1032,1598,2630
00740100,MANDL SCHOOL                            ,NY,10019-5516,Proprietary  ,59,275,334,75,359,434
00740500,WOOD TOBE-COBURN SCHOOL                 ,NY,10016-0102,Proprietary  ,271,40,311,414,63,477
00746500,AMERICAN ACADEMY OF DRAMATIC ARTS       ,NY,10016-7089,Private      ,87,31,118,226,68,294
00746600,LIM COLLEGE                             ,NY,10022-5268,Proprietary  ,428,36,464,976,73,1049
00746800,SCHOOL OF VISUAL ARTS                   ,NY,10010-3994,Proprietary  ,802,319,1121,2888,1056,3944
00750602,LINCOLN TECHNICAL INSTITUTE             ,NY,11357-6092,Proprietary  ,141,64,205,224,83,307
00751800,APEX TECHNICAL SCHOOL                   ,NY,10011-2008,Proprietary  ,143,384,527,169,459,628
00752200,CONTINENTAL SCH OF BEAUTY CULTURE       ,NY,14623-3231,Proprietary  ,16,55,71,19,56,75
00753200,FINGER LAKES COMMUNITY COLLEGE          ,NY,14424-8395,Public       ,811,524,1335,1713,946,2659
00757200,AMERICAN MUSICAL AND DRAMATIC ACAD      ,NY,10023-2106,Private      ,471,95,566,1051,186,1237
00757300,EMPIRE BEAUTY SCHOOL                    ,NY,11103-4028,Proprietary  ,24,65,89,26,76,102
00780400,CAREER ACADEMY OF NEW YORK              ,NY,10011-7307,Proprietary  ,30,122,152,59,195,254
00818900,CONTINENTAL SCH OF BEAUTY CULTURE       ,NY,14223-0000,Proprietary  ,3,2,5,7,5,12
00818902,CONTINENTAL SCHOOL OF BEAUTY CULTURE  - ,NY,14224-3402,Proprietary  ,3,0,3,3,1,4
00843500,INTERBORO INSTITUTE                     ,NY,10019-3604,Proprietary  ,696,1132,1828,729,1198,1927
00843700,CHAMPLAIN VALLEY - TEC/PRN              ,NY,12901-0000,Public       ,2,7,9,9,9,18
00849500,JAMESTOWN BUSINESS COLLEGE              ,NY,14702-0429,Proprietary  ,50,88,138,85,139,224
00861100,"CUNY, HOSTOS CMTY COLLEGE               ",NY,10451-1499,Public       ,965,1422,2387,1505,2118,3623
00878800,SUNY-STUDENT LOAN SERVICE CENTER        ,NY,12144-3440,Public       ,35,30,65,173,63,236
00900300,OLEAN BUSINESS INSTITUTE INC            ,NY,14760-2691,Proprietary  ,10,38,48,14,53,67
00902900,NEIGHBORHOOD PLAYHOUSE                  ,NY,10022-5017,Private      ,3,2,5,13,5,18
00904300,ELMIRA BUSINESS INSTITUTE               ,NY,14901-2731,Proprietary  ,61,437,498,67,445,512
00907700,UTICA SCHOOL OF COMMERCE                ,NY,13501-2280,Proprietary  ,71,156,227,100,184,284
00924800,SAMARITAN HOSPITAL SCH NURSING          ,NY,12180-2475,Private      ,20,42,62,45,96,141
00928300,MIDWAY-PARIS BEAUTY SCHOOL              ,NY,11385-3453,Proprietary  ,5,17,22,5,18,23
00928400,LEARNING INST FOR BEAUTY SCIENCES       ,NY,11756-1345,Proprietary  ,11,21,32,12,21,33
00947900,SAINT VINCENTS CMC SI NURSING SCHOOL    ,NY,10304-3850,Proprietary  ,12,40,52,28,57,85
00947901,SAINT VINCENTS CMC SI PHYS ASSIST PROG  ,NY,10304-3850,Proprietary  ,0,1,1,1,6,7
00976900,METROPOLITAN COLLEGE OF NEW YORK        ,NY,10013-1919,Private      ,39,557,596,67,968,1035
00992900,SUNY COLLEGE OF OPTOMETRY               ,NY,10036-8003,Public       ,4,127,131,14,295,309
01005100,LA GUARDIA CMTY COLLEGE - CUNY          ,NY,11101-3083,Public       ,2234,1871,4105,3740,3024,6764
01005200,JEFFERSON-LEWIS BOCES PRAC NRSGPRG      ,NY,13601-9509,Public       ,2,28,30,5,41,46
01009700,CUNY-MEDGAR W EVERS COLLEGE             ,NY,11225-2010,Public       ,946,1460,2406,1653,2185,3838
01014200,TOURO COLLEGE                           ,NY,10010-4202,Private      ,1096,4180,5276,1458,6499,7957
01014700,WESTERN SUFFOLK BOCES                   ,NY,11768-3499,Public       ,18,48,66,26,87,113
01015300,HELENE FULD COL OF NRSNG/N GEN HOSP     ,NY,10035-0000,Private      ,3,93,96,6,123,129
01028600,EMPIRE STATE COLLEGE                    ,NY,12866-4391,Public       ,189,2593,2782,333,5671,6004
01055100,NEW YORK SCH MED & DENTAL ASSISTANT     ,NY,11101-2327,Proprietary  ,41,106,147,69,162,231
01064100,SOUTHERN WESTCHESTER BOCES              ,NY,10543-0000,Public       ,1,30,31,6,41,47
01068400,ERIE COMMUNITY COLLEGE-ALL CAMPUSES     ,NY,14203-2698,Public       ,2611,2200,4811,4151,3341,7492
01081300,AMERICAN ACAD MCALLISTER INST           ,NY,10019-3604,Private      ,30,85,115,39,121,160
01083700,SIMMONS INST OF FUNERAL SERVICE         ,NY,13207-2098,Proprietary  ,13,10,23,23,19,42
01093000,SUBURBAN TECHNICAL SCHOOL               ,NY,11550-3771,Proprietary  ,7,11,18,7,17,24
01095200,PNW BOCES LPN PROGRAM                   ,NY,10598-0000,Public       ,0,14,14,1,22,23
01103100,TECHNICAL CAREER INSTITUTE              ,NY,10001-2789,Proprietary  ,679,1327,2006,908,1726,2634
01161400,CHAMPLAIN VALLEY HOSP SCH RAD TECH      ,NY,12901-1490,Private      ,4,5,9,12,8,20
01164700,SBI CAMPUS - AN AFFILIATE OF SANFORD-BRO,NY,11747-3785,Proprietary  ,96,162,258,206,284,490
01167700,MEMORIAL SLOAN KETTERING CANCER CTR     ,NY,10021-6094,Private      ,0,6,6,2,9,11
01167800,SUNY INST OF TECHNOLOGY UTICA ROME      ,NY,13504-3050,Public       ,419,330,749,1071,531,1602
01183000,BERK TRADE AND BUSINESS SCHOOL          ,NY,11101-0000,Proprietary  ,11,39,50,12,41,53
01185900,WORD OF LIFE BIBLE INSTITUTE            ,NY,12860-0129,Private      ,149,20,169,282,44,326
01186000,MERCY MED CNTR SCHL OF RADIOGRAPHY      ,NY,11570-1098,Private      ,1,0,1,2,1,3
01192100,WESTCHESTER SCH OF BEAUTY CULTURE       ,NY,10550-2295,Proprietary  ,4,20,24,4,20,24
01201100,TALMUDICAL SEM OHOLEI TORAH             ,NY,11213-3310,Private      ,2,0,2,9,0,9
01207200,PHILLIPS HAIRSTYLING INSTITUTE          ,NY,13210-1509,Proprietary  ,12,47,59,21,67,88
01210700,INSTITUTE OF DESIGN & CONSTRUCTION      ,NY,11201-5380,Private      ,11,22,33,16,31,47
01220300,MEMORIAL HOSPITAL SCH OF NURSING        ,NY,12204-1083,Private      ,12,51,63,21,95,116
01227700,NEW YORK CHIROPRACTIC COLLEGE           ,NY,13148-0800,Private      ,6,202,208,9,579,588
01229300,VEEB NASSAU CNTY SCHL OF PRACT NURS     ,NY,11553-3037,Public       ,13,84,97,21,100,121
01235800,PLAZA COLLEGE                           ,NY,11372-6300,Proprietary  ,167,380,547,210,478,688
01236400,SAINT VINCENTS CATHOLIC MEDICAL CENTERS ,NY,11354-0000,Proprietary  ,2,48,50,15,82,97
01240700,SCHUYLER-CHEMUNG-TIOGA BOCES            ,NY,14903-1089,Public       ,1,27,28,3,40,43
01240701,STEUBEN SCHUYLER CHEMUNG TIOGA ALLEGANY ,NY,14870-9518,Public       ,4,42,46,5,55,60
01256100,FIVE TOWNS COLLEGE                      ,NY,11746-5871,Proprietary  ,395,72,467,970,158,1128
01258900,ERIE 1 BOCES                            ,NY,14224-0000,Public       ,8,61,69,11,80,91
01265200,ONONDAGA CORTLAND MADISON BOCES         ,NY,13090-4500,Public       ,33,104,137,39,172,211
01278300,OSWEGO COUNTY BOCES ADULT CAREERS       ,NY,13114-4498,Public       ,7,21,28,18,42,60
01292700,CENTRAL TECH NURSING PROGRAM            ,NY,13202-3092,Public       ,6,25,31,9,30,39
01302600,MACHZIKEI HADATH RABBINICAL COLLEGE     ,NY,11204-1805,Private      ,1,0,1,1,0,1
01302900,BORICUA COLLEGE                         ,NY,10032-1599,Private      ,136,456,592,171,597,768
02056400,CAPRI COSMETOLOGY LEARNING CENTER       ,NY,10954-0000,Proprietary  ,9,13,22,11,15,26
02066200,THE NEW SCHOOL                          ,NY,10011-0000,Private      ,824,1299,2123,3605,3580,7185
02069000,NEW YORK SCHOOL OF INTERIOR DESIGN      ,NY,10021-0000,Private      ,49,66,115,112,102,214
02075700,BRIARCLIFFE COLLEGE                     ,NY,11714-0000,Proprietary  ,387,187,574,945,519,1464
02075702,BRIARCLIFFE COLLEGE - PATCHOGUE         ,NY,11772-3019,Proprietary  ,202,126,328,644,401,1045
02092400,RIDLEY-LOWELL SCHOOL OF BUSINESS        ,NY,13905-0000,Proprietary  ,7,42,49,9,47,56
02093700,LONG ISLAND BUSINESS INSTITUTE          ,NY,11725-0000,Proprietary  ,167,635,802,181,699,880
02098400,HERKIMER COUNTY BOCES                   ,NY,13350-0000,Public       ,10,19,29,13,26,39
02104300,OTSEGO AREA SCHOOL OF PRAC NURSING      ,NY,13820-0000,Public       ,2,10,12,3,11,14
02105900,HAIR DESIGN INSTITUTE AT FIFTH AVE      ,NY,11220-0000,Proprietary  ,3,21,24,5,23,28
02106800,BRAMSON ORT COLLEGE                     ,NY,11375-0000,Private      ,73,166,239,74,169,243
02110900,CATTARAUGUS/ALLEGANY BOCES              ,NY,14760-0000,Public       ,9,43,52,10,50,60
02116011,SANFORD-BROWN INSTITUTE - NEW YORK      ,NY,10003-2103,Proprietary  ,121,431,552,133,463,596
02118700,LONG ISLAND COLLEGE HOSPITAL - SCHOOL OF,NY,11201-6001,Private      ,37,113,150,91,158,249
02118702,LONG ISLAND COLLEGE HOSPITAL - SCHOOL OF,NY,11201-6001,Private      ,8,11,19,20,18,38
02124000,ORANGE ULSTER BOCES SCH OF PRAC NRS     ,NY,10924-9401,Public       ,16,54,70,20,63,83
02125500,CIRCLE IN THE SQUARE THEATRE SCHOOL     ,NY,10019-0000,Private      ,17,21,38,39,37,76
02126300,MADISON-ONEIDA BOCES PRAC NRS           ,NY,13478-0000,Public       ,2,47,49,4,50,54
02138500,BOCES RENSSELAER SCH OF PRAC NRSG       ,NY,12033-3221,Public       ,3,31,34,4,47,51
02145800,CAYUGA ONONDAGA BOCES                   ,NY,13021-9430,Public       ,6,30,36,10,54,64
02146000,WAYNE-FINGER LAKES BOCES                ,NY,14513-0000,Public       ,2,33,35,4,35,39
02152000,YESHIVA SHAAR HATORAH ITRI TORAH        ,NY,11418-0000,Private      ,0,0,0,0,2,2
02153600,BROOME-TIOGA BOCES PN PROG              ,NY,13905-0000,Public       ,6,28,34,7,34,41
02157900,ROCHESTER GENERAL HOSPITAL              ,NY,14621-3001,Private      ,10,63,73,12,103,115
02158200,WSHNGTN-SARTGA-WARN-HMLTN-ESX BOCES     ,NY,12839-1051,Public       ,13,62,75,16,68,84
02160100,GENEVA GENERAL HOSPITAL                 ,NY,14456-0000,Private      ,9,20,29,16,32,48
02163400,NEW YORK CAREER INSTITUTE               ,NY,10007-2801,Proprietary  ,79,243,322,97,310,407
02169100,DAVIS COLLEGE                           ,NY,13790-0000,Private      ,59,20,79,105,42,147
02170000,SWEDISH INSTITUTE                       ,NY,10001-0000,Proprietary  ,19,203,222,37,372,409
02170200,ALBANY SCHOHARIE SCHENECTADY            ,NY,12205-0000,Public       ,5,36,41,7,37,44
02171900,AILEY SCHOOL (THE)                      ,NY,10019-4402,Private      ,19,10,29,53,22,75
02172100,HAMILTON-FULTON-MONTGOMERY BOCES        ,NY,12095-0000,Public       ,7,1,8,21,3,24
02172800,DUTCHESS COUNTY BOCES SCH PRAC NURS     ,NY,12601-0000,Public       ,14,46,60,17,56,73
02173200,EMPIRE BEAUTY SCHOOL                    ,NY,10001-0000,Proprietary  ,133,217,350,175,363,538
02173900,ULSTER COUNTY BOCES PRACTICAL NRSG      ,NY,12466-0000,Public       ,6,29,35,8,34,42
02176000,CHERYL FELL'S SCHOOL OF BUSINESS        ,NY,14304-0000,Proprietary  ,1,12,13,2,12,14
02179400,EASTERN SUFFOLK BOCES                   ,NY,11713-0000,Public       ,37,215,252,44,233,277
02179401,HARRY B WARD TECH CTR-EAST SUF BOCE     ,NY,11901-0000,Public       ,0,0,0,1,1,2
02182200,NEW SCHOOL OF RADIO & TELEVISION        ,NY,12206-1106,Proprietary  ,13,5,18,18,14,32
02192500,BELLEVUE HOSP CTR SCH RAD TECH          ,NY,10016-0000,Public       ,6,6,12,10,12,22
02193700,SAINT LAWRENCE LEWIS COUNTY BOCES       ,NY,13617-0000,Public       ,10,23,33,64,24,88
02193701,SAINT LAWRENCE LEWIS COUNTY BOCES - NORT,NY,13669-0798,Public       ,0,0,0,2,0,2
02193702,SAINT LAWRENCE LEWIS COUNTY BOCES - SOUT,NY,13642-0342,Public       ,0,0,0,1,0,1
02199300,ORLEANS-NIAGARA BOCES                   ,NY,14132-0000,Public       ,11,22,33,12,23,35
02206000,HUNTER BUSINESS SCHOOL                  ,NY,11756-0000,Proprietary  ,22,105,127,40,131,171
02206001,HUNTER BUSINESS SCHOOL -                ,NY,11763-0000,Proprietary  ,3,2,5,7,6,13
02217800,D.HOPFER SCH NURSING AT MT.VRN HOSP     ,NY,10550-0000,Private      ,13,117,130,19,162,181
02219500,MILDRED ELLEY                           ,NY,12206-1513,Proprietary  ,61,363,424,66,393,459
02235600,ERIE 2-CHAUTAUQUA-CATTARAUGUS BOCES     ,NY,14006-0000,Public       ,8,54,62,11,82,93
02265100,YESHIVA DERECH CHAIM                    ,NY,11218-0000,Private      ,2,1,3,2,1,3
02265200,GLOBAL BUSINESS INSTITUTE               ,NY,11691-0000,Private      ,105,371,476,111,405,516
02272900,ROCKLAND COUNTY BOCES PRAC NRSG SCH     ,NY,10994-0000,Public       ,7,27,34,7,32,39
02275900,"MODERN WELDING SCHOOL, INC.             ",NY,12304-0000,Proprietary  ,12,11,23,17,16,33
02287800,NATIONAL TRACTOR TRAILER SCHOOL         ,NY,13088-2505,Proprietary  ,1,26,27,1,26,27
02294900,INSTITUTE OF AUDIO RESEARCH             ,NY,10003-0000,Proprietary  ,128,98,226,185,133,318
02306500,PROFESSIONAL BUSINESS INSTITUTE         ,NY,10002-0000,Private      ,193,309,502,241,404,645
02314200,NORTHERN WESTCHESTER SCH COSMETOL       ,NY,10566-0000,Proprietary  ,0,6,6,1,6,7
02325600,NEW YORK INSTITUTE OF ENGLISH & BUS     ,NY,10001-0000,Private      ,20,116,136,28,130,158
02348700,CAREER BLAZERS LEARNING CENTER          ,NY,10017-0000,Proprietary  ,6,104,110,11,147,158
02349700,RABBINICAL SEMINARY ADAS YEREIM         ,NY,11211-0000,Private      ,2,0,2,2,0,2
02454300,NEW YORK UNIVERSITY SCHOOL OF MEDICINE  ,NY,10016-6497,Private      ,18,296,314,145,978,1123
02491400,SPANISH AMERICAN INSTITUTE              ,NY,10036-0000,Private      ,0,4,4,2,4,6
02505900,SH-OR YOSHUV RABBINICAL COLLEGE         ,NY,11691-0000,Private      ,1,0,1,1,0,1
02506000,ASSOCIATED BETH RIVKAH SCHOOLS          ,NY,11225-0000,Private      ,1,0,1,2,0,2
02506100,CITY UNIV OF NEW YORK-CENTRAL           ,NY,10021-0000,Public       ,127,63,190,344,181,525
02506200,MERCE CUNNINGHAM STUDIO                 ,NY,10014-0000,Private      ,0,1,1,1,1,2
02506800,YESHIVAT MIKDASH MELECH                 ,NY,11230-0000,Private      ,1,0,1,3,0,3
02511500,JOFFREY BALLET SCHOOL                   ,NY,10011-0000,Proprietary  ,8,1,9,13,1,14
02513500,MAR JON SCHOOL OF BEAUTY CULTURE        ,NY,14150-0000,Proprietary  ,4,6,10,7,12,19
02525600,ART INSTITUTE OF NEW YORK CITY (THE)    ,NY,10013-2429,Proprietary  ,709,460,1169,1159,716,1875
02540800,"GLOBE INSTITUTE OF TECHNOLOGY, INC.     ",NY,10007-0000,Proprietary  ,170,452,622,206,509,715
02546000,TRI-STATE COLLEGE OF ACUPUNCTURE        ,NY,10011-0000,Proprietary  ,0,73,73,0,94,94
02550600,TALMUDICAL INST OF UPSTATE NY           ,NY,14607-0000,Private      ,3,0,3,4,0,4
02556700,SEMINAR L'MOROS BAIS YAAKOV             ,NY,11219-0000,Private      ,2,0,2,3,0,3
02572900,BUSINESS INFORMATICS CENTER             ,NY,11580-0000,Proprietary  ,6,14,20,7,16,23
02575400,FRENCH CULINARY INSTITUTE               ,NY,10013-2618,Proprietary  ,44,100,144,96,173,269
02587600,ORLO SCH HAIR DESIGN & COSMETOLOGY      ,NY,12206-1723,Proprietary  ,25,30,55,29,32,61
02599400,NEW YORK COLLEGE OF HEALTH PROFESSIONS  ,NY,11791-4413,Private      ,39,140,179,89,385,474
02600100,NEW YORK ACADEMY OF ART (THE)           ,NY,10013-2911,Private      ,8,44,52,33,109,142
02614900,SANFORD-BROWN INSTITUTE                 ,NY,10604-2910,Proprietary  ,34,121,155,62,266,328
02615001,SANFORD-BROWN INSTITUTE - GARDEN CITY   ,NY,11530-4734,Proprietary  ,4,9,13,6,16,22
02616600,SHEAR EGO INTL SCH OF HAIR DESIGN       ,NY,14617-3501,Proprietary  ,8,14,22,10,15,25
02617000,CONTINENTAL SCH OF BEAUTY CULTURE       ,NY,14020-1908,Proprietary  ,5,11,16,6,12,18
02617001,CONTINENTAL SCHOOL OF BEAUTY CULTURE - O,NY,14760-2618,Proprietary  ,1,0,1,2,2,4
03007200,DANCE THEATRE OF HARLEM                 ,NY,10031-0000,Private      ,1,2,3,5,2,7
03027701,PACIFIC COLLEGE OF ORIENTAL MEDICINE - N,NY,10010-7108,Proprietary  ,0,85,85,2,140,142
03081600,DELAWARE CHENANGO MADISON OT. BOCES     ,NY,13815-9554,Public       ,1,11,12,2,12,14
03088500,NEW YORK INTERNATIONAL BEAUTY SCH       ,NY,10019-0000,Proprietary  ,9,69,78,17,94,111
03089700,COMPUTER CAREER CENTER                  ,NY,11530-3334,Proprietary  ,45,221,266,54,247,301
03095500,ASA INST BUSINESS & COMPUTER TECH       ,NY,11201-5208,Proprietary  ,513,2102,2615,533,2235,2768
03096200,CHARLES STUART SCHOOL                   ,NY,11229-2004,Proprietary  ,1,3,4,1,4,5
03099100,SUNBRIDGE COLLEGE                       ,NY,10977-0000,Private      ,1,40,41,1,59,60
03103700,ADIRONDACK BEAUTY SCHOOL                ,NY,12801-3158,Proprietary  ,4,8,12,7,11,18
03104900,SULLIVAN COUNTY BOCES                   ,NY,12754-2116,Public       ,9,20,29,11,23,34
03111100,NEW YORK PARALEGAL SCHOOL               ,NY,10007-0000,Proprietary  ,3,25,28,6,39,45
03115300,GENESEE VALLEY BOCES                    ,NY,14020-1099,Public       ,2,5,7,9,14,23
03120700,NEW YORK CONSERVATORY FOR DRAMATIC ARTS ,NY,10011-4225,Proprietary  ,144,53,197,263,86,349
03127100,YESHIVAS NOVOMINSK                      ,NY,11219-0000,Private      ,0,0,0,0,1,1
03169300,STUDIO JEWELERS                         ,NY,10016-4112,Proprietary  ,1,2,3,2,6,8
03172400,CALIBER TRAINING INSTITUTE              ,NY,10018-6504,Proprietary  ,41,170,211,41,173,214
03181400,MERKAZ BNOS                             ,NY,11204-0000,Private      ,0,10,10,0,10,10
03191300,CUNY SCHOOL OF LAW @ QUEENS COLLEGE     ,NY,11367-0000,Public       ,27,373,400,85,920,1005
03193300,MANHATTAN SCHOOL OF COMPUTER TECH       ,NY,11230-1617,Private      ,5,83,88,14,87,101
03203300,NEW YORK INSTITUTE OF MASSAGE           ,NY,14221-6021,Proprietary  ,17,70,87,31,115,146
03208300,GRACE INSTITUTE OF BUSINESS TECH        ,NY,11201-2303,Private      ,20,69,89,20,71,91
03216300,UNIFICATION THEOLOGICAL SEMINARY        ,NY,12507-5021,Private      ,0,3,3,0,6,6
03315300,HARLEM SCHOOL OF TECHNOLOGY             ,NY,10027-4426,Proprietary  ,1,5,6,3,6,9
03328300,FRANKLIN CAREER INSTITUTE               ,NY,11550-3003,Private      ,47,134,181,88,271,359
03342400,AMERICAN BARBER INSTITUTE               ,NY,10001-5271,Proprietary  ,11,20,31,16,40,56
03358300,ALLEN SCHOOL                            ,NY,11432-4901,Proprietary  ,81,352,433,84,358,442
03361500,WILLSEY INSTITUTE                       ,NY,10301-1989,Proprietary  ,3,15,18,3,16,19
03380300,CULINARY ACADEMY OF LONG ISLAND         ,NY,11791-5311,Proprietary  ,13,44,57,22,49,71
03419400,NORTHEASTERN SEMINARY                   ,NY,14624-1997,Private      ,1,35,36,1,59,60
03426400,ANTHEM INSTITUTE                        ,NY,10018-0000,Proprietary  ,167,365,532,258,600,858
03433500,LIA SCHORR INSTITUTE OF COSMETIC SK     ,NY,10022-2614,Proprietary  ,0,7,7,2,10,12
03443300,NEW YORK COLLEGE OF TRADITIONAL CHINESE ,NY,11501-0000,Private      ,0,22,22,2,29,31
03537300,NEW YORK AUTOMOTIVE & DIESEL INSTIT     ,NY,11101-0000,Proprietary  ,72,117,189,94,160,254
03568300,LEON STUDIO ONE SCHOOL OF HAIR DESI     ,NY,14221-5323,Proprietary  ,16,15,31,17,19,36
03651300,SAINT JOSEPH'S MEDICAL CENTER SCHOO     ,NY,10701-4080,Private      ,1,0,1,3,0,3
03652300,METROPOLITAN LEARNING INSTITUTE         ,NY,11375-0000,Private      ,8,221,229,8,222,230
03691300,USA BEAUTY SCHOOL INTERNATIONAL         ,NY,10013-3530,Proprietary  ,2,2,4,5,4,9
03713300,BEIS MEDRASH HEICHAL DOVID              ,NY,11691-4433,Private      ,2,0,2,2,0,2
03773300,CENTER FOR NATURAL WELLNESS SCHOOL OF MA,NY,12205-1601,Proprietary  ,8,23,31,12,32,44
03819400,HUDSON VALLEY SCHOOL OF ADVANCED AESTHET,NY,12493-0000,Proprietary  ,4,14,18,15,14,29
03839300,AVEDA INSTITUTE NEW YORK                ,NY,10013-1522,Proprietary  ,20,47,67,34,69,103
03881300,UNION GRADUATE COLLEGE                  ,NY,12308-3103,Private      ,0,67,67,3,101,104
03903400,AMERICAN BEAUTY SCHOOL                  ,NY,10462-8003,Proprietary  ,2,21,23,6,23,29
03941400,ELITE ACADEMY OF BEAUTY ARTS            ,NY,11223-1630,Proprietary  ,0,9,9,0,12,12
03983300,"SCHOOL OF PROFESSIONAL HORTICULTURE, AT ",NY,10458-5126,Private      ,0,2,2,0,2,2
04043300,ACE COMPUTER TRAINING CENTER            ,NY,11375-5337,Proprietary  ,1,0,1,1,0,1
04102300,NEW AGE TRAINING                        ,NY,10018-0000,Proprietary  ,2,12,14,2,12,14
00267808,BRYANT & STRATTON COLLEGE - PARMA       ,OH,44130-0000,Proprietary  ,197,789,986,305,1543,1848
00301000,ANTIOCH UNIVERSITY                      ,OH,45387-1608,Private      ,93,45,138,483,89,572
00301001,ANTIOCH UNIVERSITY MCGREGOR             ,OH,45387-0000,Private      ,4,249,253,10,384,394
00301010,ANTIOCH UNIVERSITY                      ,OH,45387-0000,Private      ,2,67,69,24,105,129
00301100,ART ACADEMY OF CINCINNATI               ,OH,45202-7106,Private      ,48,40,88,173,54,227
00301200,ASHLAND UNIVERSITY                      ,OH,44805-3799,Private      ,545,849,1394,2829,1698,4527
00301300,ATHENAEUM OF OHIO                       ,OH,45230-2000,Private      ,0,1,1,1,1,2
00301400,BALDWIN-WALLACE COLLEGE                 ,OH,44017-2088,Private      ,854,442,1296,3700,920,4620
00301600,BLUFFTON UNIVERSITY                     ,OH,45817-2104,Private      ,320,128,448,1217,201,1418
00301800,BOWLING GREEN STATE UNIVERSITY          ,OH,43403-0001,Public       ,3558,1520,5078,14077,3609,17686
00302300,CAPITAL UNIVERSITY                      ,OH,43209-2394,Private      ,678,853,1531,3081,1946,5027
00302400,CASE WESTERN RESERVE UNIV               ,OH,44106-0000,Private      ,695,237,932,4597,561,5158
00302401,CASE WESTERN RESERVE UNIV - MED         ,OH,44106-0000,Private      ,1,332,333,27,997,1024
00302402,CASE WESTERN RESERVE UNIV - DENTAL      ,OH,44106-0000,Private      ,1,143,144,9,328,337
00302403,CASE WESTERN RESERVE UNIV - LAW         ,OH,44106-0000,Private      ,2,375,377,6,1073,1079
00302404,CASE WESTERN RESERVE UNIV - UG          ,OH,44106-0000,Private      ,176,27,203,591,56,647
00302405,CASE WESTERN RESERVE UNIV - MSASS       ,OH,44106-0000,Private      ,2,156,158,5,416,421
00302406,CASE WESTERN RESERVE UNIV - NURS UG     ,OH,44106-0000,Private      ,55,46,101,181,92,273
00302407,CASE WESTERN RESERVE UNIV - WSOM        ,OH,44106-0000,Private      ,10,110,120,20,204,224
00302408,CASE WESTERN RESERVE UNIV -A&S GRAD     ,OH,44106-0000,Private      ,7,107,114,21,216,237
00302409,CASE WESTERN RESERVE UNIV -ENG GRAD     ,OH,44106-0000,Private      ,7,23,30,33,76,109
00302410,CASE WESTERN RESERVE UNIV -NURS GRD     ,OH,44106-0000,Private      ,3,141,144,16,289,305
00302500,CEDARVILLE UNIVERSITY                   ,OH,45314-8564,Private      ,599,61,660,3044,124,3168
00302600,CENTRAL STATE UNIVERSITY                ,OH,45384-1004,Public       ,773,327,1100,2347,692,3039
00302900,CINCINNATI CHRISTIAN UNIVERSITY         ,OH,45204-3200,Private      ,123,133,256,391,268,659
00303000,OHIO CHRISTIAN UNIVERSITY               ,OH,43113-9487,Private      ,79,150,229,154,229,383
00303100,CLEVELAND INSTITUTE OF MUSIC            ,OH,44106-1776,Private      ,27,24,51,472,355,827
00303200,CLEVELAND STATE UNIVERSITY              ,OH,44115-2214,Public       ,1820,3272,5092,5393,7252,12645
00303300,COLLEGE OF MT ST JOSEPH                 ,OH,45233-1670,Private      ,371,314,685,1325,754,2079
00303500,OHIO DOMINICAN UNIVERSITY               ,OH,43219-2099,Private      ,575,780,1355,2224,1490,3714
00303600,FRANCISCAN UNIV OF STEUBENVILLE         ,OH,43952-1763,Private      ,687,302,989,1892,509,2401
00303700,COLLEGE OF WOOSTER                      ,OH,44691-2363,Private      ,433,15,448,2190,26,2216
00303900,COLUMBUS COLLEGE OF ART AND DESIGN      ,OH,43215-1758,Private      ,316,102,418,1429,266,1695
00304000,CUYAHOGA COMMUNITY COLLEGE              ,OH,44115-2878,Public       ,1536,4304,5840,2784,7504,10288
00304001,CUYAHOGA COMMUNITY CLG-EASTERN CAM      ,OH,44122-6195,Public       ,172,424,596,356,785,1141
00304002,CUYAHOGA COMMUNITY CLG-METRO CAMPUS     ,OH,44115-0000,Public       ,232,702,934,487,1291,1778
00304003,CUYAHOGA COMMUNITY CLG-WESTERN CMPS     ,OH,44130-0000,Public       ,459,481,940,922,902,1824
00304100,"DEFIANCE COLLEGE, THE                   ",OH,43512-1695,Private      ,186,87,273,964,242,1206
00304200,DENISON UNIVERSITY                      ,OH,43023-1329,Private      ,384,7,391,2351,17,2368
00304300,CHANCELLOR UNIVERSITY                   ,OH,44114-1096,Proprietary  ,31,232,263,71,447,518
00304400,TRINITY LUTHERAN SEMINARY               ,OH,43209-0000,Private      ,0,68,68,0,125,125
00304500,UNIVERSITY OF FINDLAY                   ,OH,45840-3695,Private      ,787,446,1233,2671,895,3566
00304600,FRANKLIN UNIVERSITY                     ,OH,43215-5399,Private      ,239,1880,2119,549,5184,5733
00304606,FRANKLIN UNIVERSITY - NORTHWEST         ,OH,43019-5331,Private      ,2,9,11,2,14,16
00304608,FRANKLIN UNIVERSITY - NORTHEAST         ,OH,43081-1111,Private      ,2,8,10,3,19,22
00304700,HEBREW UNION COLLEGE MAIN CAMPUS        ,OH,45220-0000,Private      ,0,67,67,0,99,99
00304800,HEIDELBERG UNIVERSITY                   ,OH,44883-2462,Private      ,415,120,535,1548,243,1791
00304900,HIRAM COLLEGE                           ,OH,44234-1808,Private      ,432,112,544,1474,194,1668
00305000,JOHN CARROLL UNIVERSITY                 ,OH,44118-4581,Private      ,676,240,916,3623,588,4211
00305100,KENT STATE UNIV - KENT CAMPUS           ,OH,44242-0001,Public       ,4599,2931,7530,15281,6125,21406
00305101,KENT STATE UNIV - GEAUGA CAMPUS         ,OH,44021-0000,Public       ,86,101,187,201,207,408
00305102,KENT STATE UNIV - STARK CAMPUS          ,OH,44720-0000,Public       ,565,604,1169,1323,1135,2458
00305103,KENT STATE UNIV - TUSCARAWAS CAMPUS     ,OH,44663-0000,Public       ,265,343,608,614,673,1287
00305104,KENT STATE UNIV - TRUMBULL CAMPUS       ,OH,44483-0000,Public       ,214,350,564,552,847,1399
00305105,KENT STATE UNIV - ASHTABULA CAMPUS      ,OH,44004-0000,Public       ,177,340,517,427,707,1134
00305106,KENT STATE UNIV -E.LIVERPOOL CAMPUS     ,OH,43920-0000,Public       ,90,172,262,221,404,625
00305107,KENT STATE UNIV - SALEM CAMPUS          ,OH,44460-0000,Public       ,160,238,398,470,528,998
00306500,KENYON COLLEGE                          ,OH,43022-9623,Private      ,202,6,208,2244,27,2271
00306600,LAKE ERIE COLLEGE                       ,OH,44077-3389,Private      ,275,130,405,943,247,1190
00306800,LORAIN COUNTY COMMUNITY COLLEGE         ,OH,44035-1691,Public       ,836,1619,2455,1577,2733,4310
00306900,LOURDES COLLEGE                         ,OH,43560-2898,Private      ,181,477,658,462,1098,1560
00307200,MALONE UNIVERSITY                       ,OH,44709-3897,Private      ,290,359,649,1861,790,2651
00307300,MARIETTA COLLEGE                        ,OH,45750-4033,Private      ,394,73,467,2147,196,2343
00307500,METHODIST THEOLOGICAL SCH IN OHIO       ,OH,43015-0000,Private      ,0,70,70,0,169,169
00307600,MIAMI-JACOBS COLLEGE                    ,OH,45401-0000,Proprietary  ,91,574,665,121,831,952
00307602,MIAMI - JACOBS CAREER COLLEGE - SPRINGBO,OH,45066-1115,Proprietary  ,73,197,270,85,298,383
00307603,MIAMI - JACOBS CAREER COLLEGE - TROY    ,OH,45373-3837,Proprietary  ,43,195,238,50,219,269
00307700,MIAMI UNIVERSITY                        ,OH,45056-1831,Public       ,1745,714,2459,14217,2521,16738
00307800,WRIGHT STATE UNIVERSITY                 ,OH,45435-0002,Public       ,1888,2026,3914,9011,5605,14616
00308300,MOUNT UNION COLLEGE                     ,OH,44601-3993,Private      ,672,50,722,2736,104,2840
00308400,MUSKINGUM UNIVERSITY                    ,OH,43762-1199,Private      ,578,199,777,1926,319,2245
00308500,NOTRE DAME COLLEGE OF OHIO              ,OH,44121-4293,Private      ,365,324,689,998,600,1598
00308600,OBERLIN COLLEGE                         ,OH,44074-1090,Private      ,775,30,805,4008,82,4090
00308800,OHIO COLLEGE OF PODIATRIC MEDICINE      ,OH,44131-7304,Private      ,0,184,184,3,364,367
00308900,OHIO NORTHERN UNIVERSITY                ,OH,45810-1555,Private      ,834,363,1197,3653,947,4600
00309000,OHIO STATE UNIVERSITY-ALL CAMPUSES      ,OH,43210-1358,Public       ,5260,3964,9224,37357,17970,55327
00310000,OHIO UNIVERSITY                         ,OH,45701-2979,Public       ,2714,1286,4000,15234,3437,18671
00310002,"OHIO UNIVERSITY, ZANESVILLE CAMPUS      ",OH,43701-0000,Public       ,182,217,399,733,770,1503
00310003,"OHIO UNIVERSITY, LANCASTER CAMPUS       ",OH,43130-0000,Public       ,184,283,467,623,644,1267
00310004,"OHIO UNIVERSITY, SOUTHERN CAMPUS        ",OH,45638-0000,Public       ,145,312,457,561,842,1403
00310005,"OHIO UNIVERSITY, CHILLICOTHE CAMPUS     ",OH,45601-0000,Public       ,188,359,547,502,913,1415
00310006,"OHIO UNIVERSITY, EASTERN CAMPUS         ",OH,43950-0000,Public       ,101,68,169,376,164,540
00310008,OHIO UNIV COLL OF OSTEOPATHIC MED       ,OH,45701-0000,Public       ,1,229,230,13,438,451
00310900,OHIO WESLEYAN UNIVERSITY                ,OH,43015-2398,Private      ,100,17,117,2291,73,2364
00311000,OTTERBEIN COLLEGE                       ,OH,43081-2006,Private      ,713,287,1000,3282,655,3937
00311300,PONTIFICAL COLLEGE JOSEPHINUM           ,OH,43235-1498,Private      ,8,6,14,26,14,40
00311401,FIRELANDS REGIONAL MEDICAL CENTER       ,OH,44870-4788,Private      ,24,36,60,52,107,159
00311500,RABBINICAL COLLEGE OF TELSHE            ,OH,44092-2584,Private      ,1,8,9,4,8,12
00311600,UNIV OF RIO GRANDE                      ,OH,45674-3131,Private      ,339,413,752,1323,974,2297
00311900,SINCLAIR COMMUNITY COLLEGE              ,OH,45402-1460,Public       ,1859,3616,5475,3631,6299,9930
00312100,TIFFIN UNIVERSITY                       ,OH,44883-2161,Private      ,364,498,862,1335,979,2314
00312200,UNITED THEOLOGICAL SEMINARY             ,OH,45406-0000,Private      ,2,81,83,2,128,130
00312300,UNIVERSITY OF AKRON                     ,OH,44325-6211,Public       ,3794,3767,7561,13243,8427,21670
00312500,UNIVERSITY OF CINCINNATI                ,OH,45221-0125,Public       ,4433,4221,8654,14943,10356,25299
00312504,UNIVERSITY OF CINCINNATI - COLLEGE OF ME,OH,45267-0553,Public       ,15,368,383,68,759,827
00312700,UNIVERSITY OF DAYTON                    ,OH,45469-0002,Private      ,917,847,1764,7528,2183,9711
00313100,UNIVERSITY OF TOLEDO                    ,OH,43606-3390,Public       ,3567,2298,5865,12468,5107,17575
00313101,UNIVERSITY OF TOLEDO - HEALTH SCIENCE CA,OH,43614-2598,Public       ,85,628,713,323,1208,1531
00313300,URBANA UNIVERSITY                       ,OH,43078-2091,Private      ,255,183,438,729,371,1100
00313400,URSULINE COLLEGE                        ,OH,44124-4398,Private      ,180,387,567,679,858,1537
00313500,WALSH UNIVERSITY                        ,OH,44720-3396,Private      ,337,294,631,1957,712,2669
00314100,WILBERFORCE UNIVERSITY                  ,OH,45384-1001,Private      ,337,170,507,1088,400,1488
00314200,WILMINGTON COLLEGE                      ,OH,45177-2499,Private      ,385,135,520,1686,332,2018
00314300,WITTENBERG UNIVERSITY                   ,OH,45501-2199,Private      ,325,71,396,2624,142,2766
00314400,XAVIER UNIVERSITY                       ,OH,45207-1035,Private      ,684,870,1554,4198,1859,6057
00314500,YOUNGSTOWN STATE UNIVERSITY             ,OH,44555-0001,Public       ,1900,1834,3734,6598,4332,10930
00398200,CLEVELAND INSTITUTE OF ART              ,OH,44106-1700,Private      ,160,44,204,642,107,749
00406000,WINEBRENNER THEOLOGICAL SEMINARY        ,OH,45840-0000,Private      ,1,33,34,1,44,45
00485200,CLARK STATE COMMUNITY COLLEGE           ,OH,45505-4795,Public       ,372,838,1210,690,1668,2358
00485300,BRADFORD SCHOOL                         ,OH,43219-0000,Proprietary  ,324,208,532,386,245,631
00485500,DAVIS COLLEGE                           ,OH,43623-4307,Proprietary  ,42,246,288,56,361,417
00486100,UNIVERSITY OF NORTHWESTERN OHIO         ,OH,45805-1498,Private      ,956,309,1265,2822,645,3467
00486600,STAUTZENBERGER COLLEGE                  ,OH,43537-4007,Proprietary  ,129,489,618,168,668,836
00510200,SCH OF DIAGNOSTIC IMAGING-CLEVELAND     ,OH,44119-0000,Private      ,4,16,20,6,26,32
00512700,BROWN MACKIE COLLEGE-CINCINNATI         ,OH,45215-1107,Proprietary  ,347,1686,2033,423,2117,2540
00531300,NORTH CENTRAL STATE COLLEGE             ,OH,44901-0000,Public       ,304,689,993,704,1408,2112
00575300,OWENS STATE COMMUNITY COLLEGE           ,OH,43699-0000,Public       ,1378,2716,4094,2784,4928,7712
00648700,AULTMAN COLLEGE OF NURSING AND HEALTH SC,OH,44710-1799,Private      ,56,75,131,116,181,297
00648900,CHRIST HOSP SCH OF NURSING              ,OH,45219-2989,Private      ,52,151,203,114,228,342
00649400,GOOD SAMARITAN COLG-NURSING/HEALTH      ,OH,45220-2489,Private      ,53,121,174,116,219,335
00649800,MERIDIA HURON SCHOOL OF NURSING         ,OH,44112-4308,Private      ,12,76,88,21,153,174
00650700,TRINIT HEALTH SYSTEM SCH OF NURSING     ,OH,43952-2667,Private      ,18,64,82,47,111,158
00680400,LAKELAND COMMUNITY COLLEGE              ,OH,44094-5198,Public       ,691,1549,2240,1522,2795,4317
00686700,COLUMBUS STATE COMMUNITY COLLEGE        ,OH,43215-1786,Public       ,2890,5710,8600,6162,10941,17103
00703500,KETTERING COLLEGE OF MEDICAL ARTS       ,OH,45429-1299,Private      ,112,190,302,373,511,884
00708500,MOUNT VERNON NAZARENE UNIVERSITY        ,OH,43050-9500,Private      ,372,164,536,1310,299,1609
00708501,MOUNT VERNON NAZARENE UNIV - AGS        ,OH,43050-0000,Private      ,8,300,308,35,507,542
00727500,EASTERN GATEWAY COMMUNITY COLLEGE       ,OH,43952-3598,Public       ,243,395,638,439,686,1125
00747300,CHOFFIN CAREER & TECHNICAL CENTER       ,OH,44503-1628,Public       ,14,86,100,24,153,177
00759800,HOCKING TECHNICAL COLLEGE               ,OH,45764-9582,Public       ,1014,976,1990,2261,1842,4103
00777700,REMINGTON COLLEGE - CLEVELAND CAMPUS    ,OH,44125-1957,Proprietary  ,49,308,357,60,381,441
00777704,REMINGTON COLLEGE-CLEVELAND WEST CAMPUS ,OH,44070-3129,Proprietary  ,51,177,228,73,269,342
00812900,ADULT AND COMMUNITY EDUCATION @ HUDSON  ,OH,43211-2017,Public       ,8,111,119,20,185,205
00813200,TOLEDO SCHOOL OF PRACTICAL NURSING      ,OH,43613-5110,Public       ,19,104,123,37,180,217
00813300,ZANE STATE COLLEGE                      ,OH,43701-2626,Public       ,291,447,738,664,1022,1686
00819400,AKRON SCHOOL OF PRACTICAL NRSG          ,OH,44311-0000,Public       ,24,69,93,46,105,151
00827800,TERRA COMMUNITY COLLEGE                 ,OH,43420-9670,Public       ,237,457,694,406,738,1144
00867700,NORTHWEST STATE COMMUNITY COLLEGE       ,OH,43502-9542,Public       ,306,684,990,608,1176,1784
00888600,PORTAGE LAKES CAREER CENTER             ,OH,44232-0000,Public       ,5,35,40,8,47,55
00908800,ITT TECHNICAL INSTITUTE                 ,OH,45414-3456,Proprietary  ,281,576,857,340,694,1034
00915600,WAYNE COUNTY SCHOOLS CAREER CENTER      ,OH,44677-9672,Public       ,13,68,81,21,132,153
00917200,SPRINGFIELD REGIONAL SCHOOL OF NURSING  ,OH,45501-0000,Private      ,17,66,83,39,120,159
00941200,NATIONAL INSTITUTE OF TECHNOLOGY        ,OH,44221-2998,Proprietary  ,153,271,424,177,325,502
00945101,BROWN MACKIE COLLEGE-NORTH CANTON       ,OH,44720-0000,Proprietary  ,76,704,780,94,867,961
00953000,GERBER AKRON BEAUTY SCHOOL              ,OH,44333-3714,Proprietary  ,11,34,45,16,51,67
00953100,SPA SCHOOL (THE)                        ,OH,43214-1524,Proprietary  ,5,20,25,10,36,46
00966000,TIFFIN ACADEMY OF HAIR DESIGN           ,OH,44883-2833,Proprietary  ,22,19,41,33,38,71
00983700,ITT TECHNICAL INSTITUTE                 ,OH,44509-4098,Proprietary  ,501,751,1252,566,891,1457
00994100,BELMONT TECHNICAL COLLEGE               ,OH,43950-9766,Public       ,243,490,733,539,777,1316
00994200,SHAWNEE STATE UNIVERSITY                ,OH,45662-4344,Public       ,653,543,1196,2271,1133,3404
01001700,PAYNE THEOLOGICAL SEMINARY              ,OH,45384-0474,Private      ,0,45,45,0,72,72
01002700,JAMES A. RHODES STATE COLLEGE           ,OH,45804-3597,Public       ,378,838,1216,980,1565,2545
01016800,NATIONWIDE BEAUTY ACADEMY               ,OH,43228-1000,Proprietary  ,59,106,165,93,192,285
01028000,OHIO STATE BEAUTY ACADEMY               ,OH,45801-4950,Proprietary  ,30,32,62,50,53,103
01032300,HANNAH E MULLINS SCH-PRAC NRSG          ,OH,44460-2906,Public       ,5,36,41,9,65,74
01034500,CINCINNATI STATE TECH & COMM CLG        ,OH,45223-2690,Public       ,972,2154,3126,2150,3952,6102
01045300,WASHINGTON STATE CMTY COLLEGE           ,OH,45750-9225,Public       ,193,413,606,545,769,1314
01063000,NORTHERN INSTITUTE OF COSMETOLOGY       ,OH,44052-1803,Proprietary  ,7,20,27,9,24,33
01073600,MARION TECHNICAL COLLEGE                ,OH,43302-5694,Public       ,185,405,590,399,773,1172
01088000,CHATFIELD COLLEGE                       ,OH,45118-9705,Private      ,16,28,44,29,54,83
01088100,STARK STATE COLLEGE OF TECHNOLOGY       ,OH,44720-7299,Public       ,842,1879,2721,1677,3390,5067
01090600,CINCINNATI CLG OF MORTUARY SCIENCE      ,OH,45224-1428,Private      ,28,46,74,72,100,172
01092300,UNION INSTITUTE & UNIVERSITY            ,OH,45206-1925,Private      ,13,565,578,23,1108,1131
01096200,MOORE UNIV OF HAIR DESIGN               ,OH,45213-0000,Proprietary  ,4,1,5,5,8,13
01099300,HOBART INSTITUTE OF WELDING TECHNOLOGY  ,OH,45373-2400,Private      ,53,27,80,112,52,164
01100500,KAPLAN COLLEGE                          ,OH,43232-4827,Proprietary  ,53,226,279,89,404,493
01104600,CENTRAL OHIO TECHNICAL COLLEGE          ,OH,43055-1767,Public       ,256,665,921,861,2075,2936
01170300,PENTA COUNTY JOINT VOCATIONAL SCH       ,OH,43551-0000,Public       ,5,25,30,6,40,46
01174400,NATIONAL BEAUTY COLLEGE                 ,OH,44720-0000,Proprietary  ,13,30,43,24,64,88
01174500,OHIO TECHNICAL COLLEGE                  ,OH,44103-1228,Proprietary  ,411,130,541,856,218,1074
01182500,OHIO STATE SCHOOL OF COSMETOLOGY        ,OH,43224-1107,Proprietary  ,19,33,52,39,52,91
01212800,SOUTHWESTERN COLLEGE                    ,OH,45402-3003,Proprietary  ,36,352,388,47,431,478
01212802,SOUTHWESTERN COLLEGE                    ,OH,45005-2267,Proprietary  ,26,187,213,31,224,255
01212803,SOUTHWESTERN COLLEGE                    ,OH,45202-4304,Proprietary  ,38,289,327,45,356,401
01212804,SOUTHWESTERN COLLEGE                    ,OH,45246-3121,Proprietary  ,76,508,584,93,711,804
01216600,CAROUSEL BEAUTY COLLEGE                 ,OH,45402-8935,Proprietary  ,10,59,69,15,76,91
01224800,CENTRAL SCHOOL OF PRACTICAL NURSING     ,OH,44103-4371,Private      ,25,107,132,38,176,214
01267200,CAROUSEL BEAUTY COLLEGE                 ,OH,45044-5113,Proprietary  ,2,9,11,3,12,15
01267400,CAROUSEL OF MIAMI VALLEY BEAUTY CLG     ,OH,45424-2063,Proprietary  ,0,0,0,0,3,3
01275000,EDISON COMMUNITY COLLEGE                ,OH,45356-9239,Public       ,255,482,737,557,1096,1653
01283800,LAURA AND ALVIN SIEGAL COLLEGE OF JUDAIC,OH,44122-7197,Private      ,0,4,4,0,4,4
01284800,MOLER-HOLLYWOOD BEAUTY COLLEGE          ,OH,45202-2577,Proprietary  ,4,11,15,4,22,26
01287000,SOUTHERN STATE COMMUNITY COLLEGE        ,OH,45133-9406,Public       ,249,605,854,552,1164,1716
01289100,ANTONELLI COLLEGE                       ,OH,45202-2592,Proprietary  ,115,481,596,156,669,825
01289600,VIRGINIA MARTI COLLEGE OF ART AND DESIGN,OH,44107-0778,Proprietary  ,77,60,137,146,88,234
01313200,INTERNATIONAL CLG OF BROADCASTING       ,OH,45431-1898,Proprietary  ,15,28,43,24,45,69
02052000,OHIO INST OF PHOTOGRAPHY & TECHNOLOGY   ,OH,45439-1984,Proprietary  ,115,229,344,187,379,566
02054300,TRUMBULL BUSINESS COLLEGE               ,OH,44484-0000,Proprietary  ,21,198,219,38,276,314
02056800,DAYMAR COLLEGE                          ,OH,45601-1038,Proprietary  ,7,84,91,10,114,124
02056802,DAYMAR COLLEGE - LANCASTER              ,OH,43130-0000,Proprietary  ,0,6,6,0,12,12
02056803,DAYMAR COLLEGE - NEW BOSTON             ,OH,45662-4900,Proprietary  ,1,13,14,3,19,22
02056804,DAYMAR COLLEGE - JACKSON                ,OH,45640-1728,Proprietary  ,0,4,4,0,11,11
02066100,OHIO STATE COLLEGE/BARBER STYLING       ,OH,43213-0000,Proprietary  ,6,20,26,13,34,47
02069500,AKRON INSTITUTE                         ,OH,44306-0000,Proprietary  ,71,382,453,105,609,714
02073300,GALLIA-JACKSON-VINTON SCH ADULT ED      ,OH,45674-0000,Public       ,10,56,66,25,108,133
02077800,CENTURY SCHOOL OF COSMETOLOGY           ,OH,43952-0000,Proprietary  ,6,8,14,10,12,22
02110700,CLEVELAND INST OF DENTAL-MED ASST       ,OH,44115-2285,Proprietary  ,64,196,260,90,314,404
02116009,SANFORD-BROWN COLLEGE - MIDDLEBURG HEIGH,OH,44130-8362,Proprietary  ,74,260,334,109,515,624
02116900,UPPER VALLEY JVS                        ,OH,45356-0000,Public       ,2,85,87,6,117,123
02117300,GREAT OAKS INSTITUTE OF TECHNOLOGY      ,OH,45241-1581,Public       ,46,211,257,91,438,529
02128600,THE ART INSTITUTE OF CINCINNATI         ,OH,45246-0000,Proprietary  ,35,29,64,116,45,161
02140700,COMMUNITY EDUCATIONAL SERVICES          ,OH,44702-1710,Public       ,15,78,93,16,142,158
02152100,ACADEMY OF COURT REPORTING AND TECHNOLOG,OH,44115-0000,Proprietary  ,46,613,659,55,636,691
02158500,OHIO BUSINESS COLLEGE                   ,OH,44055-3344,Proprietary  ,39,295,334,41,318,359
02158501,OHIO BUSINESS COLLEGE                   ,OH,44870-9953,Proprietary  ,12,32,44,16,48,64
02163900,BEATRICE ACADEMY OF BEAUTY              ,OH,44106-0000,Proprietary  ,3,17,20,3,30,33
02168100,TRI-COUNTY JOINT VOCATIONAL SCHOOL      ,OH,45764-0000,Public       ,3,29,32,7,59,66
02187900,ASHTABULA CO JOINT VOC SCH ADULT ED     ,OH,44047-0000,Public       ,5,75,80,7,93,100
02189000,ADULT CENTER FOR EDUCATION              ,OH,43701-0000,Public       ,12,67,79,23,98,121
02190700,RETS TECH CENTER                        ,OH,45459-0000,Proprietary  ,87,465,552,143,751,894
02192100,BUTLER TECHNOLOGY AND CAREER DEVELOPMENT,OH,45011-0000,Public       ,37,169,206,53,258,311
02196300,COLLINS CAREER CENTER                   ,OH,45619-0000,Public       ,43,134,177,79,249,328
02210800,MEDINA COUNTY CAREER CENTER             ,OH,44256-0000,Public       ,1,31,32,5,46,51
02215400,OHIO STATE SCHOOL OF COSMETOLOGY        ,OH,43207-0000,Proprietary  ,16,22,38,34,38,72
02220500,GOD'S BIBLE SCHOOL & COLLEGE            ,OH,45210-0000,Private      ,68,23,91,100,29,129
02220800,CAREER & TECHNOLOGY EDUCATION CENTERS OF,OH,43055-0000,Public       ,0,29,29,4,54,58
02239800,PIONEER CAREER & TECHNOLOGY CENTER      ,OH,44875-0000,Public       ,1,15,16,3,25,28
02245600,WARREN COUNTY CAREER CENTER             ,OH,45036-0000,Public       ,3,9,12,5,12,17
02246300,INSTITUTE OF MEDICAL-DENTAL TECH        ,OH,45246-3317,Proprietary  ,14,38,52,20,55,75
02261400,COLLEGE OF ART ADVERTISING              ,OH,45211-0000,Proprietary  ,0,0,0,2,1,3
02263700,MIAMI VALLEY CAREER TECHNOLOGY CTR      ,OH,45315-0000,Public       ,18,102,120,35,184,219
02269400,EASTERN HILLS ACAD OF HAIR DESIGN       ,OH,45255-0000,Proprietary  ,15,31,46,19,44,63
02269500,WESTERN HILLS SCHOOL OF BEAUTY & HAIR DE,OH,45211-0000,Proprietary  ,10,72,82,18,129,147
02270100,OHIO HI-POINT CAREER CENTER             ,OH,43311-0000,Public       ,6,46,52,14,87,101
02272700,COLUMBIANA COUNTY CAREER CENTER         ,OH,44432-0000,Public       ,7,37,44,9,56,65
02287900,RAPHAEL'S SCHOOL OF BEAUTY CULTURE      ,OH,44446-0000,Proprietary  ,11,27,38,16,38,54
02301400,OHIO VALLEY COLLEGE OF TECHNOLOGY       ,OH,43920-0000,Proprietary  ,31,87,118,32,101,133
02303600,BOHECKER'S BUSINESS COLLEGE             ,OH,44266-0000,Proprietary  ,80,152,232,133,381,514
02304700,TRI-RIVERS CAREER CENTER                ,OH,43302-0000,Public       ,6,53,59,16,80,96
02311200,AMERICAN SCHOOL OF TECHNOLOGY           ,OH,43229-0000,Proprietary  ,8,114,122,12,130,142
02315500,TOLEDO ACADEMY OF BEAUTY CULTURE - EAST ,OH,43616-0000,Proprietary  ,10,47,57,13,73,86
02328500,MOLER-PICKENS BEAUTY COLLEGE            ,OH,45014-0000,Proprietary  ,4,8,12,4,12,16
02334300,INTERNATIONAL ACAD OF HAIR DESIGN       ,OH,45239-0000,Proprietary  ,33,25,58,47,38,85
02336300,KNOX COUNTY CAREER CENTER               ,OH,43050-4298,Public       ,12,87,99,20,164,184
02336700,CUYAHOGA VALLEY CAREER CENTER           ,OH,44141-1296,Public       ,12,67,79,20,128,148
02337700,PROFESSIONAL SKILLS INSTITUTE           ,OH,43607-0000,Proprietary  ,39,243,282,57,473,530
02345600,AKRON MACHINING INSTITUTE               ,OH,44203-0000,Private      ,4,17,21,4,18,22
02351500,WILLOUGHBY EASTLAKE SCH OF PRAC NSG     ,OH,44094-0000,Public       ,8,27,35,15,68,83
02352800,POLARIS CAREER CENTER-ADULT ED DEPT     ,OH,44130-0000,Public       ,14,49,63,22,64,86
02354200,SCIOTO COUNTY JOINT VOCATIONAL SCH      ,OH,45648-0000,Public       ,27,134,161,34,200,234
02454400,NORTHEASTERN OHIO UNIVS COL OF MED      ,OH,44272-0000,Public       ,9,285,294,54,523,577
02497800,GREENE COUNTY CAREER CENTER             ,OH,45385-0000,Public       ,3,37,40,8,57,65
02512600,ADULT VOCATIONAL SERVICES               ,OH,44308-0000,Public       ,2,43,45,5,49,54
02519300,OHIO STATE SCH COSMETOLOGY              ,OH,43068-0000,Proprietary  ,1,9,10,3,15,18
02522700,EASTLAND-FAIRFIELD CAREER AND TECHNICAL ,OH,43125-0000,Public       ,14,85,99,19,119,138
02528300,TDDS TECHNICAL INSTITUTE                ,OH,44429-0000,Proprietary  ,28,106,134,37,137,174
02529500,HAMRICK SCHOOL                          ,OH,44256-0000,Proprietary  ,0,21,21,0,27,27
02541400,TOLEDO ACADEMY OF BEAUTY CULTURE-SO     ,OH,43614-0000,Proprietary  ,9,47,56,14,59,73
02545800,INNER STATE BEAUTY SCHOOLS              ,OH,44124-0000,Proprietary  ,8,55,63,14,86,100
02553000,SCHOOL OF ADVERTISING ART               ,OH,45440-0000,Proprietary  ,80,9,89,129,13,142
02560000,CASAL AVEDA INSTITUTE                   ,OH,44515-0000,Proprietary  ,19,17,36,32,23,55
02560700,PICKAWAY ROSS CO JOINT VOC TECH SCH     ,OH,45601-0000,Public       ,15,57,72,18,102,120
02562300,APOLLO CAREER CENTER-ADULT EDUC         ,OH,45806-0000,Public       ,14,116,130,34,221,255
02563000,RAPHAELS SCHOOL OF BEAUTY CULTURE       ,OH,44601-2847,Proprietary  ,9,33,42,16,44,60
02568600,MAHONING COUNTY CAREER & TECH CENTR     ,OH,44406-0000,Public       ,3,13,16,4,17,21
02582900,KAPLAN CAREER INSTITUTE                 ,OH,44129-6810,Proprietary  ,52,231,283,71,384,455
02586400,TRUMBULL CAREER & TECH CENTER-ADULT     ,OH,44483-1997,Public       ,18,102,120,27,150,177
02588500,OHIO STATE SCHOOL OF COSMETOLOGY        ,OH,43081-0000,Proprietary  ,5,13,18,21,23,44
02599711,VATTEROTT COLLEGE - CLEVELAND           ,OH,44147-3502,Proprietary  ,24,155,179,25,184,209
02603800,LORAIN COUNTY JVS ADULT CAREER CTR      ,OH,44074-9799,Public       ,8,36,44,14,45,59
02614700,SPRINGFIELD CLARK CO JOINT VOC SCH      ,OH,45505-4295,Public       ,1,7,8,1,28,29
02616200,BROWN MACKIE COLLEGE-FINDLAY            ,OH,45840-6848,Proprietary  ,137,485,622,203,586,789
02620000,SANDUSKY CAREER CENTER                  ,OH,44870-4786,Public       ,6,42,48,13,83,96
03007900,GALLIPOLIS CAREER COLLEGE               ,OH,45631-2600,Proprietary  ,12,75,87,17,132,149
03015100,ALLIANCE HIGH SCH-CMTY SERVICES DIV     ,OH,44601-2899,Public       ,11,52,63,16,62,78
03015300,EHOVE CAREER CENTER                     ,OH,44846-9500,Public       ,23,103,126,34,185,219
03023700,MADISON ADULT CAREER CENTER             ,OH,44905-2718,Public       ,5,29,34,12,44,56
03024300,VALLEY BEAUTY SCHOOL                    ,OH,43725-2332,Proprietary  ,4,3,7,7,5,12
03027100,FAIRVIEW ACADEMY                        ,OH,44126-2214,Proprietary  ,2,24,26,3,28,31
03034200,WASHINGTON COUNTY CAREER CENTER ADULT TE,OH,45750-9290,Public       ,8,43,51,14,73,87
03051400,AUBURN CAREER CENTER                    ,OH,44077-9723,Public       ,7,34,41,18,65,83
03051500,US GRANT JOINT VOCATIONAL SCHOOL        ,OH,45106-9502,Public       ,0,2,2,1,4,5
03065800,OHIO INSTITUTE OF HEALTH CAREERS        ,OH,44035-2394,Proprietary  ,60,235,295,74,290,364
03065900,BUCKEYE CAREER CENTER                   ,OH,44663-9437,Public       ,18,56,74,29,104,133
03067600,RAPHAEL'S SCHOOL OF BEAUTY CULTURE      ,OH,44512-2222,Proprietary  ,6,23,29,7,34,41
03068200,OHIO CENTER FOR BROADCASTING            ,OH,44125-4220,Proprietary  ,35,95,130,49,121,170
03071900,MOUNT CARMEL COLLEGE OF NURSING         ,OH,43222-1598,Private      ,111,155,266,463,440,903
03078000,OHIO CENTER FOR BROADCASTING            ,OH,45227-1509,Proprietary  ,11,26,37,19,32,51
03079000,ETI TECHNICAL COLLEGE                   ,OH,44446-4398,Proprietary  ,34,120,154,45,164,209
03084800,DELAWARE AREA CAREER CENTER             ,OH,43015-8969,Public       ,0,8,8,0,9,9
03084801,DELAWARE AREA CAREER CENTER -           ,OH,43015-9001,Public       ,1,3,4,1,5,6
03095600,VANTAGE CAREER CENTER                   ,OH,45891-1378,Public       ,4,25,29,12,57,69
03097000,MERCY COLLEGE OF NORTHWEST OHIO         ,OH,43604-1132,Private      ,130,202,332,307,430,737
03100100,PARAMOUNT BEAUTY ACADEMY                ,OH,45662-4136,Proprietary  ,9,32,41,12,43,55
03105400,CLEVELAND EXTENSION HIGH SCH-WEST       ,OH,44102-2298,Public       ,5,39,44,11,83,94
03116200,DAYTON BARBER COLLEGE                   ,OH,45402-2310,Proprietary  ,10,44,54,17,45,62
03116300,OHIO COLLEGE OF MASSOTHERAPY            ,OH,44321-1363,Private      ,32,64,96,44,99,143
03116400,VANGUARD-SENTINELL VOC SCH DISTRICT     ,OH,43420-1197,Public       ,0,10,10,1,12,13
03117000,ASHLAND COUNTY-W HOLMES CAREER CTR      ,OH,44805-0000,Public       ,3,21,24,7,39,46
03200500,YOUNGSTOWN COLLEGE OF MASSOTHERAPY      ,OH,44471-2321,Proprietary  ,5,8,13,8,21,29
03319300,CREATIVE IMAGES-A CERTIFIED MATRIX      ,OH,45414-2557,Proprietary  ,15,67,82,16,85,101
03319301,CREATIVE IMAGES-A CERTIFIED MATRIX      ,OH,45459-0000,Proprietary  ,10,30,40,19,44,63
03416400,VALLEY BEAUTY SCHOOL                    ,OH,43701-3624,Proprietary  ,2,7,9,2,7,9
03425300,ROSEDALE BIBLE COLLEGE                  ,OH,43029-9517,Private      ,20,5,25,43,8,51
03457300,ALLEGHENY WESLEYAN COLLEGE              ,OH,44460-9598,Private      ,8,2,10,11,2,13
03468400,NATIONAL INSTITUTE OF MASSOTHERAPY      ,OH,44319-2100,Proprietary  ,5,45,50,6,55,61
03468500,ATS INSTITUTE OF TECHNOLOGY             ,OH,44143-2216,Proprietary  ,14,206,220,25,323,348
03475400,TRI-STATE BIBLE COLLEGE                 ,OH,45680-8402,Private      ,1,4,5,2,9,11
03534400,AMERICAN INST OF ALTERNATIVE MEDICI     ,OH,43229-1113,Proprietary  ,8,38,46,16,68,84
03578300,TRI-STATE COLLEGE                       ,OH,44452-8535,Proprietary  ,7,10,17,9,13,22
03586400,MED CENTRAL COLLEGE OF NURSING          ,OH,44903-2265,Private      ,61,107,168,243,225,468
03626300,BROWN AVEDA INSTITUTE                   ,OH,44060-6212,Proprietary  ,39,34,73,68,68,136
03659300,COMPUTER QUEST LTD.                     ,OH,44130-3034,Proprietary  ,5,54,59,6,75,81
03693300,CARNEGIE INST OF INTEGRATIVE MED/MASSOTH,OH,44260-9608,Private      ,4,33,37,4,36,40
03700300,REGENCY BEAUTY INSTITUTE - CLEVELAND    ,OH,44094-0000,Proprietary  ,9,43,52,9,54,63
03726300,TEMPLE BAPTIST COLLEGE                  ,OH,45240-0000,Private      ,3,8,11,7,12,19
03747300,BEXLEY HALL SEMINARY                    ,OH,43209-2325,Private      ,0,7,7,0,10,10
03776400,HEALING ARTS INSTITUTE                  ,OH,43551-3138,Proprietary  ,4,13,17,5,24,29
03837300,AVEDA FREDRIC'S INSTITUTE               ,OH,45208-1304,Proprietary  ,4,3,7,17,10,27
03882300,OREGON CAREER CENTER                    ,OH,43616-2631,Public       ,1,2,3,1,5,6
04074300,HONDROS COLLEGE                         ,OH,43081-3855,Proprietary  ,6,52,58,8,74,82
04117300,DAYTON SCHOOL OF MEDICAL MASSAGE        ,OH,45429-1111,Proprietary  ,28,99,127,38,118,156
04118300,NORTHCOAST MEDICAL TRAINING ACADEMY     ,OH,44240-4174,Proprietary  ,27,24,51,27,24,51
        ,INVALID SCHOOL CODE                     ,  ,00000-0000,,6996,6355,13351,12986,10433,23419
00134500,ADAMS STATE COLLEGE                     ,CO,81102-2373,Public       ,520,506,1026,1505,922,2427
00134600,ARAPAHOE COMMUNITY COLLEGE              ,CO,80160-9002,Public       ,406,1011,1417,785,1694,2479
00134700,COLORADO COLLEGE                        ,CO,80903-3294,Private      ,141,52,193,2281,183,2464
00134800,COLORADO SCHOOL OF MINES                ,CO,80401-1887,Public       ,315,146,461,3088,470,3558
00134900,UNIVERSITY OF NORTHERN COLORADO         ,CO,80639-0001,Public       ,1293,705,1998,7393,2436,9829
00135000,COLORADO STATE UNIVERSITY               ,CO,80523-0100,Public       ,2868,1687,4555,13205,4852,18057
00135200,DENVER  SEMINARY                        ,CO,80120-2192,Private      ,0,150,150,2,439,441
00135300,FORT LEWIS COLLEGE                      ,CO,81301-3999,Public       ,707,297,1004,2509,743,3252
00135400,ILIFF SCHOOL OF THEOLOGY                ,CO,80210-0000,Private      ,1,68,69,1,169,170
00135500,LAMAR COMMUNITY COLLEGE                 ,CO,81052-3999,Public       ,110,97,207,246,141,387
00135800,MESA STATE COLLEGE                      ,CO,81501-7682,Public       ,921,741,1662,2559,1388,3947
00135900,COLORADO NORTHWESTERN COMMUNITY COLLEGE ,CO,81648-3598,Public       ,71,82,153,151,137,288
00136000,METROPOLITAN STATE CLG OF DENVER        ,CO,80204-0000,Public       ,2186,3099,5285,5484,6879,12363
00136100,NORTHEASTERN JUNIOR COLLEGE             ,CO,80751-2399,Public       ,171,91,262,624,182,806
00136200,OTERO JUNIOR COLLEGE                    ,CO,81050-3346,Public       ,132,160,292,272,230,502
00136300,REGIS UNIVERSITY                        ,CO,80221-1099,Private      ,247,2047,2294,1821,5474,7295
00136500,COLORADO STATE UNIVERSITY-PUEBLO        ,CO,81001-4901,Public       ,661,682,1343,1957,1451,3408
00136800,TRINIDAD STATE JR COLLEGE               ,CO,81082-2396,Public       ,191,225,416,323,334,657
00137000,UNIVERSITY OF COLORADO-BOULDER          ,CO,80309-0077,Public       ,3447,2008,5455,14396,5603,19999
00137100,UNIVERSITY OF DENVER                    ,CO,80208-2000,Private      ,602,1874,2476,4106,5906,10012
00137200,WESTERN STATE COLLEGE                   ,CO,81231-0000,Public       ,554,124,678,1683,276,1959
00163202,AQUINAS INSTITUTE OF THEOLOGY - AQUINAS ,CO,80903-1498,Private      ,1,0,1,1,2,3
00405702,NATIONAL AMERICAN UNIVERSITY            ,CO,80918-0000,Proprietary  ,3,96,99,6,134,140
00405703,NATIONAL AMERICAN UNIVERSITY            ,CO,80222-0000,Proprietary  ,5,37,42,7,62,69
00450300,EVEREST COLLEGE                         ,CO,80916-3548,Proprietary  ,33,318,351,37,334,371
00450600,COLORADO MOUNTAIN COLLEGE               ,CO,81602-0000,Public       ,256,189,445,650,359,1009
00450700,EVEREST COLLEGE                         ,CO,80229-4339,Proprietary  ,185,958,1143,192,981,1173
00450701,"EVEREST COLLEGE- EVEREST COLLEGE, AURORA",CO,80012-5692,Proprietary  ,3,8,11,8,22,30
00450800,UNIVERSITY OF COLORADO DENVER           ,CO,80204-2029,Public       ,206,1298,1504,708,3205,3913
00450824,UNIVERSITY OF COLORADO DENVER - AURARIA ,CO,80217-3364,Public       ,1102,2089,3191,3243,5095,8338
00450900,UNIV OF COLORADO AT COLO SPRINGS        ,CO,80918-3735,Public       ,851,1078,1929,3520,2980,6500
00559600,EMILY GRIFFITH OPPORTUNITY SCH          ,CO,80204-2197,Public       ,48,210,258,102,366,468
00729700,REDSTONE COLLEGE                        ,CO,80020-9988,Proprietary  ,104,181,285,175,280,455
00754700,LINCOLN COLLEGE OF TECHNOLOGY           ,CO,80223-2013,Proprietary  ,274,243,517,475,345,820
00754800,WESTWOOD COLLEGE - DENVER NORTH         ,CO,80221-3653,Proprietary  ,569,2241,2810,998,3498,4496
00754801,WESTWOOD COLLEGE - DENVER SOUTH         ,CO,80227-3653,Proprietary  ,146,335,481,219,485,704
00758200,AIMS COMMUNITY COLLEGE                  ,CO,80632-0000,Public       ,320,567,887,788,1279,2067
00764900,ROCKY MOUNTAIN COLG OF ART & DESIGN     ,CO,80214-0000,Proprietary  ,140,65,205,473,140,613
00793300,FRONT RANGE COMMUNITY COLLEGE           ,CO,80031-2199,Public       ,1070,1931,3001,2379,4183,6562
00863500,INTELLITEC MEDICAL INSTITUTE            ,CO,80909-1570,Proprietary  ,9,75,84,14,89,103
00887100,CONCORDE CAREER INSTITUTE               ,CO,80203-0000,Proprietary  ,39,262,301,63,402,465
00889600,PIKES PEAK COMMUNITY COLLEGE            ,CO,80906-5498,Public       ,851,1928,2779,1637,3258,4895
00940100,COLORADO CHRISTIAN UNIVERSITY           ,CO,80226-7449,Private      ,292,562,854,959,988,1947
00954200,COMMUNITY COLLEGE OF DENVER             ,CO,80217-2026,Public       ,637,1526,2163,1402,3092,4494
00954300,RED ROCKS COMMUNITY COLLEGE             ,CO,80228-1255,Public       ,420,775,1195,849,1428,2277
00985500,YESHIVA TORAS CHAIM TALMUDICAL SEM      ,CO,80204-0067,Private      ,0,2,2,0,4,4
00998100,MORGAN COMMUNITY COLLEGE                ,CO,80701-4399,Public       ,69,195,264,147,330,477
01014800,COLORADO TECHNICAL UNIVERSITY           ,CO,80907-3896,Proprietary  ,153,1654,1807,269,2880,3149
01014802,COLORADO TECHNICAL UNIV - DENVER        ,CO,80111-3201,Proprietary  ,56,179,235,87,346,433
01014805,COLORADO TECH UNIV - ON LINE            ,CO,80907-0000,Proprietary  ,512,8697,9209,667,12673,13340
01014806,COLORADO TECH UNIV - FED EXPRESS        ,CO,80921-3800,Proprietary  ,0,13,13,0,16,16
01014807,COLORADO TECH UNIV - MCI WORLD COM      ,CO,80919-3172,Proprietary  ,0,7,7,3,12,15
01014808,COLORADO TECH UNIV - USAA               ,CO,80920-1005,Proprietary  ,0,8,8,1,15,16
01014809,COLORADO TECH UNIV - SCHRIEVER AFB      ,CO,80912-7298,Proprietary  ,0,2,2,0,3,3
01014810,COLORADO TECH UNIV - PETERSON AFB       ,CO,80914-1586,Proprietary  ,0,2,2,0,3,3
01014811,COLORADO TECH UNIV-HEWLETT PACKARD      ,CO,80919-2303,Proprietary  ,1,6,7,2,8,10
01014812,COLORADO TECHNICAL UNIVERSITY - WESTMINS,CO,80021-3498,Proprietary  ,49,179,228,74,345,419
01014813,COLORADO TECH UNIV - ORACLE             ,CO,80921-3660,Proprietary  ,0,10,10,2,15,17
01014815,COLORADO TECHNCL UNIV PUEBLO            ,CO,81003-2315,Proprietary  ,12,72,84,31,135,166
01070900,EMPIRE BEAUTY SCHOOL-LAKEWOOD           ,CO,80215-0000,Proprietary  ,8,11,19,11,14,25
01073200,SAN JUAN BASINTECHNICAL COLLEGE         ,CO,81328-9196,Public       ,10,33,43,17,46,63
01157200,COLORADO SCHOOL OF TRADES               ,CO,80215-2996,Proprietary  ,29,65,94,52,107,159
01267000,BEL-REA INST OF ANIMAL TECH             ,CO,80247-3048,Proprietary  ,158,204,362,241,350,591
01285000,INTERNATIONAL SALON AND SPA ACADEMY     ,CO,80918-3684,Proprietary  ,41,60,101,45,63,108
01287500,PICKENS TECHNICAL COLLEGE               ,CO,80011-9307,Public       ,34,151,185,47,199,246
01300700,NAZARENE BIBLE COLLEGE                  ,CO,80910-3717,Private      ,10,226,236,27,383,410
02059400,INTERNATIONAL BEAUTY ACADEMY            ,CO,80918-3684,Proprietary  ,2,2,4,4,5,9
02072200,EMPIRE BEAUTY SCHOOL -ARVADA            ,CO,80212-0000,Proprietary  ,8,14,22,12,17,29
02078900,ART INSTITUTE OF COLORADO (THE)         ,CO,80203-2983,Proprietary  ,491,463,954,1301,1111,2412
02116300,PUEBLO COMMUNITY COLLEGE                ,CO,81004-0000,Public       ,347,1034,1381,688,1902,2590
02117500,NAROPA UNIVERSITY                       ,CO,80302-0000,Private      ,81,263,344,271,968,1239
02133100,COLORADO CENTER FOR MEDICAL LABORATORY S,CO,80218-0000,Private      ,1,9,10,4,16,20
02141100,ARTISTIC BEAUTY COLGS-WESTMINSTER       ,CO,80030-0000,Proprietary  ,22,46,68,25,48,73
02141102,ARTISTIC BEAUTY COLLEGES-LITTLETON      ,CO,80123-3480,Proprietary  ,11,17,28,14,18,32
02141103,ARTISTIC BEAUTY COLLEGES-AURORA         ,CO,80017-3194,Proprietary  ,7,9,16,8,15,23
02156200,DELTA - MONTROSE TECHNICAL COLLEGE      ,CO,81416-0000,Public       ,20,38,58,37,63,100
02160600,EMPIRE BEAUTY SCHOOL -THORNTON          ,CO,80241-1659,Proprietary  ,10,55,65,12,56,68
02165200,SALON PROFESSIONAL ACADEMY (THE)        ,CO,81504-5309,Proprietary  ,4,14,18,7,22,29
02167600,KAPLAN COLLEGE                          ,CO,80229-5309,Proprietary  ,32,94,126,40,120,160
02171300,TRINIDAD STATE JUNIOR COLLEGE           ,CO,81101-0000,Proprietary  ,0,1,1,0,1,1
02188700,DENVER ACAD OF COURT REPORTING          ,CO,80030-0000,Proprietary  ,4,36,40,5,39,44
02211901,CHEEKS INTERNATIONAL ACADEMY OF BEAUTY C,CO,80525-3053,Proprietary  ,4,2,6,10,5,15
02211902,CHEEKS INTERNATIONAL ACDMY BTY CULT     ,CO,80631-0000,Proprietary  ,0,4,4,4,8,12
02253700,INTELLITEC COLLEGE                      ,CO,80909-0000,Proprietary  ,28,145,173,34,153,187
02276900,COMMUNITY COLLEGE OF AURORA             ,CO,80011-9036,Public       ,342,946,1288,664,1550,2214
02321700,ITT TECHNICAL INSTITUTE                 ,CO,80229-5338,Proprietary  ,145,311,456,171,356,527
02518500,HAIR DYNAMICS EDUCATION CENTER          ,CO,80525-0000,Proprietary  ,22,46,68,31,52,83
02594300,COLLEGE AMERICA - DENVER                ,CO,80222-3380,Proprietary  ,92,503,595,97,529,626
02611000,HERITAGE COLLEGE                        ,CO,80212-7413,Proprietary  ,37,211,248,61,336,397
03006300,INST OF BUSINESS & MEDICAL CAREERS      ,CO,80525-3044,Proprietary  ,60,233,293,82,360,442
03012100,REMINGTON COLLEGE - COLORADO SPRINGS CAM,CO,80215-0000,Proprietary  ,20,91,111,23,118,141
03013100,BOULDER COLLEGE OF MASSAGE THERAPY      ,CO,80301-3295,Private      ,23,72,95,41,106,147
03014900,PLATT COLLEGE                           ,CO,80014-3141,Proprietary  ,12,35,47,21,68,89
03027400,XENON INTERNATIONAL ACADEMY III         ,CO,80014-1193,Proprietary  ,9,24,33,18,29,47
03030606,UTAH COLLEGE OF MASSAGE THERAPY - DENVER,CO,80031-2921,Proprietary  ,25,50,75,37,76,113
03030607,UTAH COLLEGE OF MASSAGE THERAPY - DENVER,CO,80012-2523,Proprietary  ,32,83,115,48,111,159
03031603,DPT BUSINESS SCHOOL                     ,CO,80223-0000,Proprietary  ,0,2,2,2,8,10
03066900,INTELLITEC COLLEGE                      ,CO,81506-3994,Proprietary  ,57,199,256,64,216,280
03068201,OHIO CENTER FOR BROADCASTING - COLORADO ,CO,80214-4129,Proprietary  ,10,33,43,12,42,54
03289300,COLORADO HEIGHTS UNIVERSITY             ,CO,80236-2711,Private      ,2,13,15,2,17,19
03306300,MONTESSORI EDUC CRT OF THE ROCKIES      ,CO,80301-2587,Private      ,1,14,15,1,17,18
03534300,JONES INTERNATIONAL UNIVERSITY          ,CO,80112-3446,Proprietary  ,3,373,376,6,681,687
03545300,UNIVERSITY OF THE ROCKIES               ,CO,80903-3612,Proprietary  ,1,65,66,4,95,99
03584400,COLORADO SCHOOL OF HEALING ARTS         ,CO,80226-4332,Proprietary  ,22,109,131,32,138,170
03670300,TONI & GUY HAIRDRESSING ACADEMY         ,CO,80911-1713,Proprietary  ,10,16,26,15,26,41
03686300,COLORADO SCHOOL OF TRADITIONAL CHINESE M,CO,80206-2127,Proprietary  ,2,25,27,3,46,49
03805300,CORTIVA INSTITUTE-COLORADO              ,CO,80021-0000,Proprietary  ,11,23,34,13,34,47
03972300,CUTTIN' UP BEAUTY ACADEMY               ,CO,80220-0000,Proprietary  ,3,7,10,4,14,18
03976300,MASSAGE THERAPY INSTITUTE OF COLORADO   ,CO,80206-2127,Proprietary  ,2,12,14,13,22,35
04093300,ACADEMY OF NATURAL THERAPY              ,CO,80631-3425,Proprietary  ,9,23,32,14,31,45
00267811,BRYANT & STRATTON COLLEGE - VIRGINIA BEA,VA,23462-4417,Proprietary  ,72,360,432,119,823,942
00370200,AVERETT UNIVERSITY                      ,VA,24541-3692,Private      ,367,357,724,1261,601,1862
00370300,BLUEFIELD COLLEGE                       ,VA,24605-1799,Private      ,156,230,386,490,405,895
00370400,BRIDGEWATER COLLEGE                     ,VA,22812-1599,Private      ,238,16,254,1950,75,2025
00370500,COLLEGE OF WILLIAM & MARY               ,VA,23187-8795,Public       ,426,386,812,6624,2793,9417
00370600,CHRISTOPHER NEWPORT UNIVERSITY          ,VA,23606-2998,Public       ,675,187,862,5075,573,5648
00370700,RICHARD BLAND COLLEGE                   ,VA,23805-7100,Public       ,180,103,283,362,177,539
00370800,EASTERN MENNONITE UNIVERSITY            ,VA,22802-2462,Private      ,301,116,417,941,232,1173
00370900,EMORY & HENRY COLLEGE                   ,VA,24327-0010,Private      ,326,31,357,1482,74,1556
00371100,FERRUM COLLEGE                          ,VA,24088-2612,Private      ,507,38,545,1872,133,2005
00371200,TIDEWATER COMMUNITY COLLEGE             ,VA,23510-1910,Public       ,1812,3383,5195,4091,7122,11213
00371300,HAMPDEN-SYDNEY COLLEGE                  ,VA,23943-0128,Private      ,229,6,235,891,13,904
00371400,HAMPTON UNIVERSITY                      ,VA,23668-0099,Private      ,1488,627,2115,8173,1819,9992
00371500,HOLLINS UNIVERSITY                      ,VA,24020-0000,Private      ,131,156,287,776,427,1203
00371900,LONGWOOD UNIVERSITY                     ,VA,23909-1899,Public       ,663,140,803,3780,431,4211
00372000,LYNCHBURG COLLEGE                       ,VA,24501-3199,Private      ,587,183,770,2382,360,2742
00372100,JAMES MADISON UNIVERSITY                ,VA,22807-3780,Public       ,1891,424,2315,14571,1458,16029
00372300,MARY BALDWIN COLLEGE                    ,VA,24401-3610,Private      ,333,238,571,971,480,1451
00372400,MARYMOUNT UNIVERSITY                    ,VA,22207-4224,Private      ,473,515,988,1911,1218,3129
00372600,NATIONAL COLLEGE                        ,VA,24153-4524,Proprietary  ,257,1761,2018,325,2646,2971
00372700,NORTHERN VA CMTY CLG                    ,VA,22003-3743,Public       ,2257,2830,5087,4171,4800,8971
00372800,OLD DOMINION UNIVERSITY                 ,VA,23529-0052,Public       ,2415,2787,5202,10916,7159,18075
00373200,RADFORD UNIVERSITY                      ,VA,24142-6905,Public       ,1323,424,1747,6461,1437,7898
00373300,RANDOLPH-MACON COLLEGE                  ,VA,23005-5505,Private      ,339,21,360,1615,47,1662
00373400,RANDOLPH COLLEGE                        ,VA,24503-1526,Private      ,208,34,242,807,62,869
00373500,VIRGINIA COMMONWEALTH UNIVERSITY        ,VA,23284-9004,Public       ,3792,3281,7073,14193,8140,22333
00373600,ROANOKE COLLEGE                         ,VA,24153-3794,Private      ,377,44,421,2180,126,2306
00373700,SHENANDOAH UNIVERSITY                   ,VA,22601-5195,Private      ,467,535,1002,1716,1226,2942
00373800,SOUTHERN VIRGINIA UNIVERSITY            ,VA,24416-3038,Private      ,251,82,333,566,123,689
00373900,ST PAULS COLLEGE                        ,VA,23868-1299,Private      ,201,123,324,441,224,665
00374200,SWEET BRIAR COLLEGE                     ,VA,24595-9998,Private      ,192,26,218,605,35,640
00374300,UNION THEO SEMINARY & PRESBYTRN SCH     ,VA,23227-0000,Private      ,1,37,38,1,74,75
00374400,UNIVERSITY OF RICHMOND                  ,VA,23173-0001,Private      ,597,453,1050,3257,1649,4906
00374500,UNIVERSITY OF VIRGINIA - SFS            ,VA,22903-0000,Public       ,1509,1760,3269,12269,6594,18863
00374600,UNIVERSITY OF MARY WASHINGTON           ,VA,22401-5358,Public       ,479,219,698,3280,502,3782
00374700,UNIV OF VIRGINIA'S COLLEGE AT WISE      ,VA,24293-4412,Public       ,390,142,532,1507,300,1807
00374800,EASTERN SHORE COMMUNITY COLLEGE         ,VA,23410-3000,Public       ,92,199,291,177,306,483
00374900,GEORGE MASON UNIVERSITY                 ,VA,22030-4444,Public       ,2213,2716,4929,10578,7742,18320
00375100,PATRICK HENRY COMMUNITY COLLEGE         ,VA,24112-5311,Public       ,250,516,766,485,884,1369
00375200,VIRGINIA INTERMONT COLLEGE              ,VA,24201-4298,Private      ,149,117,266,457,220,677
00375300,VIRGINIA MILITARY INSTITUTE             ,VA,24450-2138,Public       ,221,10,231,1188,38,1226
00375400,VIRGINIA POLYTECH INST & STATE UNIV     ,VA,24061-2000,Public       ,2292,816,3108,18660,3013,21673
00375800,DANVILLE COMMUNITY COLLEGE              ,VA,24541-4004,Public       ,355,652,1007,671,1099,1770
00375900,J. SARGEANT REYNOLDS COMMUNITY CLG      ,VA,23285-0000,Public       ,974,1848,2822,1788,3483,5271
00376000,VIRGINIA WESTERN CMTY COLLEGE           ,VA,24038-0000,Public       ,465,803,1268,888,1366,2254
00376100,WYTHEVILLE COMMUNITY COLLEGE            ,VA,24382-3308,Public       ,345,473,818,696,872,1568
00376200,VIRGINIA UNIVERSITY OF LYNCHBURG        ,VA,24501-6400,Private      ,10,46,56,25,70,95
00376400,VIRGINIA STATE UNIVERSITY               ,VA,23806-0001,Public       ,1831,607,2438,6740,1425,8165
00376500,NORFOLK STATE UNIVERSITY                ,VA,23504-8000,Public       ,1911,1244,3155,6561,3257,9818
00376600,VIRGINIA UNION UNIVERSITY               ,VA,23220-1711,Private      ,738,223,961,2075,447,2522
00376700,VIRGINIA WESLEYAN COLLEGE               ,VA,23502-5599,Private      ,322,117,439,1607,345,1952
00376800,WASHINGTON & LEE UNIVERSITY             ,VA,24450-0303,Private      ,277,149,426,1409,971,2380
00400400,JOHN TYLER COMMUNITY COLLEGE            ,VA,23831-5316,Public       ,559,1066,1625,1033,1882,2915
00498800,CENTRAL VIRGINIA COMMUNITY COLLEGE      ,VA,24502-2498,Public       ,351,448,799,664,740,1404
00499200,MILLER-MOTTE TECHNICAL COLLEGE          ,VA,24505-0000,Proprietary  ,36,110,146,45,191,236
00499600,DABNEY S LANCASTER COMMUNITY CLG        ,VA,24422-1000,Public       ,103,89,192,323,231,554
00522300,NEW RIVER COMMUNITY COLLEGE             ,VA,24084-1127,Public       ,396,539,935,785,1009,1794
00607500,ROANOKE MEM HOSP SCH RAD ONCOLOGY       ,VA,24033-0000,Private      ,0,1,1,2,3,5
00607501,ROANOKE MEM HOSP SCH RAD TECH           ,VA,24014-1850,Private      ,2,3,5,3,5,8
00662200,COLLEGE OF HEALTH SCIENCES - CHRV       ,VA,24031-0000,Private      ,191,270,461,401,571,972
00681900,BLUE RIDGE COMMUNITY COLLEGE            ,VA,24486-0080,Public       ,323,330,653,932,806,1738
00687100,THOMAS NELSON COMMUNITY COLLEGE         ,VA,23670-0000,Public       ,730,1471,2201,1397,2627,4024
00709900,VIRGINIA HIGHLANDS COMMUNITY CLG        ,VA,24210-4210,Public       ,367,408,775,712,733,1445
00726000,SOUTHWEST VIRGINIA COMMUNITY CLG        ,VA,24641-1510,Public       ,344,681,1025,714,935,1649
00859200,LOUISE OBICI SCHOOL OF NURSING          ,VA,23434-8038,Private      ,5,20,25,5,26,31
00859202,SUFFOLK PUB SCH-LOUISE OBICI SCH PN     ,VA,23434-0000,Private      ,0,5,5,1,6,7
00865900,LORD FAIRFAX COMMUNITY COLLEGE          ,VA,22645-0047,Public       ,305,410,715,658,745,1403
00866000,GERMANNA COMMUNITY COLLEGE              ,VA,22508-0339,Public       ,304,448,752,581,849,1430
00866100,SOUTHSIDE VIRGINIA CMTY CLG             ,VA,23821-2930,Public       ,350,657,1007,604,953,1557
00915900,PAUL D CAMP COMMUNITY COLLEGE           ,VA,23851-0737,Public       ,86,250,336,180,426,606
00916000,RAPPAHANNOCK COMMUNITY COLLEGE          ,VA,23149-2616,Public       ,150,200,350,292,352,644
00926700,EVEREST COLLEGE                         ,VA,23606-4203,Proprietary  ,43,407,450,50,432,482
00942000,SANFORD-BROWN COLLEGE                   ,VA,22182-3913,Proprietary  ,136,216,352,231,339,570
00953500,STAUNTON SCHOOL OF COSMETOLOGY          ,VA,24401-4323,Proprietary  ,5,3,8,6,4,10
00953700,VIRGINIA SCH OF HAIR DESIGN             ,VA,23669-0000,Proprietary  ,15,68,83,17,74,91
00962900,MOUNTAIN EMPIRE COMMUNITY COLLEGE       ,VA,24219-0700,Public       ,352,670,1022,667,902,1569
00992800,PIEDMONT VIRGINIA COMMUNITY COLLEGE     ,VA,22902-7589,Public       ,256,390,646,619,700,1319
00995800,HICKS ACADEMY OF BEAUTY CULTURE         ,VA,23707-3218,Proprietary  ,1,2,3,2,6,8
01004300,BON SECOURS MEMORIAL SCH OF NURSING     ,VA,23227-4612,Private      ,68,194,262,134,371,505
01019800,ECPI COLLEGE OF TECHNOLOGY              ,VA,23462-6542,Proprietary  ,604,2141,2745,854,3077,3931
01033800,EASTERN VIRGINIA MEDICAL SCHOOL         ,VA,23501-1980,Private      ,1,347,348,8,925,933
01159600,RALPH'S VIRGINIA SCH OF COSMETOLOGY     ,VA,24501-2652,Proprietary  ,2,6,8,3,8,11
01162601,WESTWOOD COLLEGE - SOUTH BAY - ARLINGTON,VA,22203-4167,Proprietary  ,52,65,117,93,109,202
01162602,WESTWOOD COLLEGE - SOUTH BAY - ANNANDALE,VA,22003-2602,Proprietary  ,49,80,129,68,102,170
01274401,SOUTHSIDE REGIONAL MED CTR PROF SCHOOLS ,VA,23803-5133,Proprietary  ,21,85,106,33,176,209
01274402,SOUTHSIDE REG MED CTR SCH RAD TECH      ,VA,23803-0000,Proprietary  ,2,10,12,5,21,26
02053000,LIBERTY UNIVERSITY                      ,VA,24502-0000,Private      ,4098,4970,9068,10462,9305,19767
02108800,WARDS CORNER BEAUTY ACADEMY             ,VA,23505-0000,Proprietary  ,6,22,28,13,35,48
02111600,DANVILLE REGIONAL MEDICAL CENTER SCHOOL ,VA,24541-0000,Proprietary  ,16,51,67,20,71,91
02128700,CENTRAL SCHOOL OF PRACTICAL NURSING     ,VA,23502-2230,Public       ,2,16,18,3,33,36
02140000,RIVERSIDE SCHOOL OF HEALTH CAREERS      ,VA,23608-3802,Private      ,25,153,178,52,245,297
02175800,LYNCHBURG GENERAL HOSP SCH OF NURSG     ,VA,24501-0000,Private      ,24,56,80,52,84,136
02197600,WOODROW WILSON REHABILITATION CTR       ,VA,22939-0000,Public       ,2,1,3,4,1,5
02223100,HERITAGE INSTITUTE                      ,VA,22046-4400,Proprietary  ,3,22,25,5,30,35
02242400,HENRICO CTY ST MARYS HOSP PRAC NRSG     ,VA,23075-0000,Public       ,1,8,9,1,23,24
02247200,MEDSPA CAREERS INSTITUTE                ,VA,23606-0000,Proprietary  ,95,330,425,158,632,790
02304500,HERITAGE INSTITUTE                      ,VA,20111-0000,Proprietary  ,29,94,123,33,116,149
02320900,TIDEWATER TECH                          ,VA,23517-0000,Proprietary  ,25,85,110,40,134,174
02334400,CENTURA COLLEGE                         ,VA,23452-0000,Proprietary  ,115,986,1101,191,1778,1969
02340000,COLONIAL HEIGHTS BEAUTY ACADEMY         ,VA,23834-0000,Proprietary  ,6,17,23,6,19,25
02342700,FORTIS COLLEGE                          ,VA,23502-4101,Proprietary  ,14,58,72,23,105,128
02342701,FORTIS COLLEGE - RICHMOND CAMPUS        ,VA,23236-3472,Proprietary  ,13,54,67,22,89,111
02535400,ECPI TECHNICAL COLLEGE                  ,VA,23236-0000,Proprietary  ,99,191,290,166,259,425
02538800,SUFFOLK BEAUTY ACADEMY                  ,VA,23434-0000,Proprietary  ,5,5,10,6,7,13
02541200,STRATFORD UNIVERSITY                    ,VA,22043-0000,Proprietary  ,23,67,90,54,97,151
02541201,STRATFORD UNIVERSITY-WOODBRIDGE         ,VA,22192-0000,Proprietary  ,9,23,32,19,46,65
02567300,BRAXTON SCHOOL OF BUSINESS (THE)        ,VA,23230-0000,Proprietary  ,6,27,33,8,33,41
02588901,SANZ SCHOOL                             ,VA,22044-0000,Proprietary  ,0,0,0,1,3,4
02594200,RUDY & KELLY SCHOOL OF HAIR DESIGN      ,VA,23462-0000,Proprietary  ,1,0,1,1,0,1
02605900,TESST COLLEGE OF TECHNOLOGY             ,VA,22312-6342,Proprietary  ,29,144,173,41,166,207
02610100,WASHINGTON COUNTY ADULT SKILL CTR       ,VA,24210-2346,Public       ,10,29,39,12,31,43
03002400,GRAHAM WEBB INTERNATIONAL ACAD HAIR     ,VA,22209-2129,Proprietary  ,2,6,8,3,10,13
03010700,BAR PALMA BEAUTY CAREERS  ACADEMY       ,VA,24014-2255,Proprietary  ,3,4,7,8,8,16
03042800,"VIRGINIA BEACH CITY SCHOOLS, SCH.-PR.NSG",VA,23456-0038,Public       ,4,9,13,8,28,36
03091100,ACT COLLEGE                             ,VA,22209-2297,Proprietary  ,52,192,244,61,228,289
03091300,REGENT UNIVERSITY                       ,VA,23464-9800,Private      ,116,1468,1584,256,3098,3354
03092700,ECPI TECHNICAL COLLEGE-ROANOKE          ,VA,24012-1603,Proprietary  ,28,105,133,53,169,222
03096500,SPRINGFIELD BEAUTY ACADEMY              ,VA,22003-3016,Proprietary  ,2,23,25,3,26,29
03106500,SENTARA NORFOLK GENERAL HOSPITAL        ,VA,23320-2843,Private      ,41,151,192,87,327,414
03116900,BAPTIST THEOLOGICAL SEM.-RICHMOND       ,VA,23227-0000,Private      ,2,17,19,2,31,33
03126300,TIDEWATER TECH AVIATION                 ,VA,23320-5987,Proprietary  ,30,141,171,40,158,198
03126400,CENTURA COLLEGE                         ,VA,23235-5230,Proprietary  ,30,173,203,41,217,258
03126401,CENTURA COLLEGE - WEST                  ,VA,23294-0000,Proprietary  ,1,5,6,3,18,21
03127500,ADVANCED TECHNOLOGY INSTITUTE           ,VA,23462-2409,Proprietary  ,142,94,236,227,128,355
03280400,VIRGINIA SCHOOL OF MASSAGE              ,VA,22903-0000,Proprietary  ,6,25,31,11,31,42
03409500,RICHMOND SCHOOL OF HEALTH AND TECH      ,VA,23227-0000,Proprietary  ,41,219,260,66,421,487
03455300,CRESCENT COSMETOLOGY UNIVERSITY         ,VA,23666-3115,Proprietary  ,0,4,4,0,6,6
03559300,APPALACHIAN SCHOOL OF LAW               ,VA,24614-0000,Private      ,1,230,231,2,566,568
03638400,TAP THIS VALLEY WORKS CTR FOR EMPLO     ,VA,24016-1901,Private      ,1,4,5,1,5,6
03645400,RUDY & KELLY ACADEMY OF HAIR AND NA     ,VA,23464-6857,Proprietary  ,16,28,44,28,38,66
03654300,CAREER TRAINING SOLUTIONS               ,VA,22406-1014,Proprietary  ,10,51,61,21,122,143
03709300,EDWARD VIA VIRGINIA CLG OSTEOPATHIC MED ,VA,24060-6360,Private      ,1,330,331,7,639,646
03872400,INSTITUTE FOR THE PSYCHOLOGICAL SCIENCES,VA,22202-3609,Private      ,0,21,21,1,49,50
03876300,CULPEPER COSMETOLOGY TRAINING CENTER    ,VA,22701-3155,Public       ,1,1,2,2,3,5
03883400,AVIATION INSTITUTE OF MAINTENANCE       ,VA,20110-4156,Proprietary  ,19,56,75,24,63,87
03966300,CENTRAL BAPTIST THEOLOGICAL SEMINARY OF ,VA,23464-6847,Private      ,1,1,2,1,5,6
04038400,AVI CAREER INSTITUTE                    ,VA,22066-1839,Proprietary  ,0,4,4,0,10,10
00107000,THUNDERBIRD SCHOOL OF GLOBAL MANAGEMENT ,AZ,85306-6000,Private      ,1,187,188,3,388,391
00107100,ARIZONA WESTERN COLLEGE                 ,AZ,85366-0000,Public       ,1126,1153,2279,1861,1643,3504
00107200,COCHISE COLLEGE                         ,AZ,85607-6190,Public       ,393,583,976,593,868,1461
00107300,EASTERN ARIZONA COLLEGE                 ,AZ,85552-0769,Public       ,323,271,594,633,414,1047
00107400,GRAND CANYON UNIVERSITY                 ,AZ,85017-3030,Proprietary  ,352,6060,6412,705,8750,9455
00107600,GLENDALE COMMUNITY COLLEGE              ,AZ,85302-3090,Public       ,1691,2066,3757,2781,3274,6055
00107700,MESA COMMUNITY COLLEGE                  ,AZ,85202-4866,Public       ,2000,2868,4868,3395,4733,8128
00107800,PHOENIX COLLEGE                         ,AZ,85013-4234,Public       ,929,1664,2593,1522,2555,4077
00107900,YAVAPAI COLLEGE                         ,AZ,86301-3297,Public       ,395,522,917,819,983,1802
00108100,ARIZONA STATE UNIV (ALL CAMPUSES)       ,AZ,85287-0412,Public       ,7317,7075,14392,23676,16293,39969
00108200,NORTHERN ARIZONA UNIVERSITY             ,AZ,86011-0001,Public       ,3065,3007,6072,10450,6578,17028
00108300,UNIVERSITY OF ARIZONA                   ,AZ,85721-0066,Public       ,4237,2955,7192,16535,9094,25629
00165701,MIDWESTERN UNIVERSITY                   ,AZ,85308-0000,Private      ,19,445,464,47,1767,1814
00446700,TUCSON COLLEGE                          ,AZ,85710-0000,Proprietary  ,54,211,265,75,232,307
00711300,SOUTHWESTERN COLLEGE                    ,AZ,85032-7097,Private      ,109,48,157,192,72,264
00726600,PIMA COUNTY COMMUNITY COLLEGE           ,AZ,85709-1110,Public       ,2223,3015,5238,3946,5034,8980
00728300,CENTRAL ARIZONA COLLEGE                 ,AZ,85228-9779,Public       ,416,540,956,660,824,1484
00822100,UNIVERSAL TECHNICAL INSTITUTE           ,AZ,85323-7946,Proprietary  ,4535,1798,6333,7733,2839,10572
00824600,DINè COLLEGE                            ,AZ,86556-0126,Public       ,216,349,565,277,495,772
00830300,GATEWAY COMMUNITY COLLEGE               ,AZ,85034-1795,Public       ,323,1059,1382,508,1717,2225
00830302,MARICOPA SKILL CENTER                   ,AZ,85034-0000,Public       ,50,218,268,68,331,399
00830400,SCOTTSDALE COMMUNITY COLLEGE            ,AZ,85250-0000,Public       ,764,933,1697,1301,1403,2704
00886400,ARIZONA ACADEMY OF BEAUTY               ,AZ,85712-5021,Proprietary  ,7,23,30,9,27,36
00886500,ARTISTIC BEAUTY COLLEGES-TUCSON         ,AZ,85716-3999,Proprietary  ,32,53,85,37,55,92
00886501,ARTISTIC BEAUTY COLLEGES - TUCSON  - NOR,AZ,85705-1665,Proprietary  ,10,6,16,10,8,18
00945100,BROWN MACKIE COLLEGE                    ,AZ,85712-5300,Proprietary  ,45,206,251,52,214,266
01084700,ARIZONA AUTOMOTIVE INSTITUTE            ,AZ,85301-3503,Proprietary  ,153,187,340,237,417,654
01085800,AVALON SCHOOL OF COSMETOLOGY            ,AZ,85210-4010,Proprietary  ,27,55,82,34,65,99
01157000,PIMA MEDICAL INSTITUTE-MESA             ,AZ,85202-2950,Proprietary  ,30,65,95,48,141,189
01168900,REFRIGERATION SCHOOL                    ,AZ,85034-0000,Proprietary  ,13,139,152,16,185,201
01180200,ARIZONA ACADEMY OF BEAUTY-NORTH         ,AZ,85705-2720,Proprietary  ,3,10,13,4,16,20
01180800,ARTISTIC BEAUTY COLLEGES-FLAGSTAFF      ,AZ,86004-5119,Proprietary  ,12,52,64,17,55,72
01180801,CLG OF BEAUTY ARTS & SCI/CHANDLER       ,AZ,85224-0000,Proprietary  ,8,40,48,8,43,51
01180802,CLG OF BEAUTY ARTS & SCI/PRESCOTT       ,AZ,86303-0000,Proprietary  ,2,11,13,4,11,15
01186200,NORTHLAND PIONEER COLLEGE               ,AZ,86025-2996,Public       ,110,335,445,179,552,731
01186400,MOHAVE COMMUNITY COLLEGE                ,AZ,86409-1238,Public       ,187,805,992,293,1167,1460
01218400,INTERNATIONAL ACAD OF HAIR DESIGN       ,AZ,85225-7198,Proprietary  ,44,53,97,53,70,123
01234300,ARTISTIC BEAUTY COLLEGES-PHOENIX        ,AZ,85304-0000,Proprietary  ,16,23,39,19,25,44
01234301,EMPIRE BEAUTY SCHOOL - AVONDALE         ,AZ,85323-2352,Proprietary  ,7,11,18,8,18,26
01293700,ARTISTIC BEAUTY COLLEGES - PARADISE VALL,AZ,85257-0000,Proprietary  ,4,7,11,6,9,15
02065200,ITT TECHNICAL INSTITUTE                 ,AZ,85282-0000,Proprietary  ,234,625,859,275,683,958
02065300,PRESCOTT COLLEGE                        ,AZ,86301-0000,Private      ,87,298,385,296,615,911
02071200,KAPLAN COLLEGE                          ,AZ,85029-4349,Proprietary  ,58,152,210,72,217,289
02098800,UNIVERSITY OF PHOENIX                   ,AZ,85040-0000,Proprietary  ,1819,43457,45276,3112,76195,79307
02100500,UNIVERSAL TECHNICAL INSTITUTE           ,AZ,85027-0000,Proprietary  ,3120,2293,5413,5336,3622,8958
02100600,APOLLO COLLEGE                          ,AZ,85015-0000,Proprietary  ,460,1258,1718,531,1509,2040
02113800,ROBERTO-VENN SCH OF LUTHIERY            ,AZ,85040-0000,Proprietary  ,14,11,25,24,19,43
02146600,SOUTH MOUNTAIN COMMUNITY COLLEGE        ,AZ,85040-0000,Public       ,402,624,1026,586,911,1497
02171500,WESTERN INTERNATIONAL UNIVERSITY        ,AZ,85021-0000,Proprietary  ,30,866,896,61,1946,2007
02173300,DEVOE COLLEGE OF BEAUTY                 ,AZ,85635-0000,Proprietary  ,3,6,9,4,7,11
02174900,COLLINS COLLEGE                         ,AZ,85040-4000,Proprietary  ,551,417,968,1266,788,2054
02177500,RIO SALADO COMMUNITY COLLEGE            ,AZ,85281-0000,Public       ,207,1604,1811,336,2656,2992
02181300,LONG TECHNICAL COLLEGE                  ,AZ,85008-6915,Proprietary  ,3,6,9,4,11,15
02192300,MARICOPA BEAUTY COLLEGE                 ,AZ,85323-0000,Proprietary  ,18,32,50,21,40,61
02199900,AMERICAN INDIAN CLG-ASSEMBLIES GOD      ,AZ,85021-0000,Private      ,18,12,30,30,25,55
02217100,PIMA MEDICAL INSTITUTE                  ,AZ,85716-0000,Proprietary  ,413,1403,1816,588,2009,2597
02218800,BROOKLINE COLLEGE                       ,AZ,85019-1600,Proprietary  ,64,464,528,76,601,677
02220300,ARTISTIC BEAUTY COLLEGES-GLENDALE       ,AZ,85051-0000,Proprietary  ,19,38,57,19,46,65
02263100,ANTHEM COLLEGE                          ,AZ,85014-0000,Proprietary  ,983,2913,3896,1783,5426,7209
02280500,CHARLES OF ITALY BEAUTY COLLEGE         ,AZ,86403-0000,Proprietary  ,1,20,21,5,24,29
02295000,EVEREST COLLEGE                         ,AZ,85021-1610,Proprietary  ,143,1088,1231,176,1398,1574
02317800,AMERICAN INSTITUTE OF TECHNOLOGY        ,AZ,85043-0000,Proprietary  ,11,203,214,17,237,254
02361100,ITT TECHNICAL INSTITUTE                 ,AZ,85704-0000,Proprietary  ,143,294,437,186,412,598
02491500,THE ART CENTER DESIGN COLLEGE           ,AZ,85716-0000,Proprietary  ,52,119,171,89,146,235
02521500,LAMSON COLLEGE                          ,AZ,85284-1141,Proprietary  ,45,204,249,51,217,268
02559000,UNIVERSITY OF ADVANCING TECHNOLOGY      ,AZ,85283-0000,Proprietary  ,282,205,487,744,387,1131
02561900,TONI AND GUY HAIRDRESSING ACADEMY       ,AZ,85251-3301,Proprietary  ,60,42,102,73,58,131
02582700,CORTIVA INSTITUTE - TUCSON              ,AZ,85710-3503,Proprietary  ,14,35,49,16,51,67
02616700,SCOTTSDALE CULINARY INSTITUTE           ,AZ,85251-2729,Proprietary  ,444,680,1124,818,1081,1899
02623600,PARADISE VALLEY COMMUNITY COLLEGE       ,AZ,85032-1210,Public       ,489,754,1243,773,1131,1904
02623800,CORTIVA INSTITUTE - SCOTTSDALE          ,AZ,85257-4218,Proprietary  ,12,40,52,14,52,66
03005000,SAFFORD COLLEGE OF BEAUTY CULTURE       ,AZ,85546-3309,Proprietary  ,1,1,2,1,3,4
03010613,VIRGINIA COLLEGE - GOLF ACADEMY OF ARIZO,AZ,85225-6742,Proprietary  ,42,39,81,74,75,149
03030604,UTAH COLLEGE OF MASSAGE THERAPY - ARIZON,AZ,85282-0000,Proprietary  ,53,95,148,81,138,219
03030605,UTAH COLLEGE OF MASSAGE THERAPY - ARIZON,AZ,85051-3470,Proprietary  ,55,78,133,70,124,194
03034400,CONSERVATORY RECORDING ARTS & SCIS      ,AZ,85282-1707,Proprietary  ,157,169,326,278,318,596
03072200,CHANDLER-GILBERT COMMUNITY COLLEGE      ,AZ,85225-2499,Public       ,627,844,1471,1110,1365,2475
03076400,BRYMAN SCHOOL OF ARIZONA                ,AZ,85029-4919,Proprietary  ,797,1110,1907,1293,1822,3115
03097800,CARSTEN INSTITUTE OF HAIR & BEAUTY      ,AZ,85282-5404,Proprietary  ,34,34,68,39,44,83
03100400,COCONINO COUNTY COMMUNITY COLLEGE       ,AZ,86001-2701,Public       ,298,358,656,504,639,1143
03107000,SOUTHWEST CLG OF NATUROPATHIC MED       ,AZ,85282-0000,Private      ,4,246,250,6,338,344
03115000,ARIZONA COLLEGE OF ALLIED HEALTH        ,AZ,85302-3843,Proprietary  ,26,121,147,35,161,196
03120300,COLLEGE AMERICA                         ,AZ,86004-3936,Proprietary  ,49,123,172,56,153,209
03156300,ESTRELLA MOUNTAIN COMMUNITY COLLEGE     ,AZ,85392-1010,Public       ,398,676,1074,645,1006,1651
03156301,ESTRELLA MOUNTAIN COMMUNITY COLLEGE - SO,AZ,85392-1010,Public       ,58,126,184,100,198,298
03347300,INTERNATIONAL BAPTIST COLLEGE           ,AZ,85282-6799,Private      ,13,5,18,14,8,22
03445300,HDS TRUCK DRIVING INSTITUTE             ,AZ,85731-0000,Proprietary  ,0,18,18,1,21,22
03478400,PHOENIX SEMINARY                        ,AZ,85018-7611,Private      ,1,19,20,1,30,31
03572300,EAST VALLEY INSTITUTE OF TECHNOLOGY     ,AZ,85201-6910,Public       ,21,18,39,29,41,70
03593300,SOUTHWEST INSTITUTE OF HEALING ARTS     ,AZ,85281-3658,Proprietary  ,27,106,133,34,169,203
03617500,PHOENIX INSTITUTE OF HERBAL MEDICINE & A,AZ,85012-0000,Proprietary  ,0,30,30,1,46,47
03695500,ARIZONA SCHOOL OF ACUPUNCTURE AND ORIENT,AZ,85712-1100,Proprietary  ,2,13,15,3,27,30
03740500,ART INSTITUTE OF TUCSON (THE)           ,AZ,85712-2732,Proprietary  ,32,41,73,43,48,91
03784400,TOHONO O'ODHAM COMMUNITY COLLEGE        ,AZ,85634-3129,Public       ,5,12,17,6,17,23
03814300,TURNING POINT BEAUTY COLLEGE            ,AZ,85222-4229,Proprietary  ,1,12,13,1,13,14
04051300,ART INSTITUTE OF PHOENIX (THE)          ,AZ,85021-2859,Proprietary  ,276,194,470,727,573,1300
04059300,TUCSON COLLEGE OF BEAUTY                ,AZ,85705-2451,Proprietary  ,16,14,30,19,19,38
04120900,ARIZONA CULINARY INSTITUTE              ,AZ,85259-4939,Proprietary  ,11,19,30,11,19,30
00142800,DELAWARE STATE UNIVERSITY               ,DE,19901-2277,Public       ,1695,516,2211,4825,1002,5827
00142900,GOLDEY BEACOM COLLEGE                   ,DE,19808-1993,Private      ,177,122,299,348,215,563
00143100,UNIVERSITY OF DELAWARE                  ,DE,19716-0099,Public       ,3185,661,3846,16473,1564,18037
00143300,WESLEY COLLEGE                          ,DE,19901-3875,Private      ,596,120,716,1846,239,2085
00143301,WESLEY COLLEGE-CTR FOR ADULT STUDIE     ,DE,19720-0000,Private      ,12,136,148,27,223,250
00331301,WIDENER UNIV SCHOOL OF LAW - DE         ,DE,19803-0000,Private      ,12,524,536,18,1349,1367
00705300,DELAWARE TECH & CMTY COLLEGE-OWENS      ,DE,19947-0000,Public       ,576,637,1213,978,1039,2017
00794800,WILMINGTON UNIVERSITY                   ,DE,19720-6491,Private      ,512,1457,1969,933,2429,3362
01172700,DELAWARE TECH & CMTY CLG-TERRY          ,DE,19901-8736,Public       ,527,578,1105,906,907,1813
01195002,DELAWARE COLLEGE OF ART & DESIGN        ,DE,19801-0000,Private      ,58,11,69,241,27,268
02125200,BEEBE SCHOOL OF NURSING                 ,DE,19958-1462,Private      ,8,18,26,22,25,47
02144900,DELAWARE TECH & CMTY CLG-STANTN/WLM     ,DE,19801-0000,Public       ,951,1029,1980,1626,1658,3284
02190400,SCHILLING DOUGLAS SCH OF HAIR DSGN      ,DE,19711-0000,Proprietary  ,27,53,80,32,71,103
02586902,STAR TECHNICAL INSTITUTE -              ,DE,19901-4615,Proprietary  ,12,89,101,18,131,149
03021000,HARRISON CAREER INSTITUTE               ,DE,19804-3259,Proprietary  ,0,0,0,0,1,1
03025800,DAWN TRAINING CENTRE                    ,DE,19805-1511,Proprietary  ,13,109,122,16,122,138
03543300,HARRIS SCHOOL OF BUSINESS               ,DE,19803-5341,Proprietary  ,12,94,106,16,107,123
03702300,DELAWARE LEARNING INSTITUTE OF COSMETOLO,DE,19939-9759,Proprietary  ,11,21,32,14,24,38
00143400,AMERICAN UNIVERSITY                     ,DC,20016-8020,Private      ,348,1337,1685,9578,7639,17217
00143700,CATHOLIC UNIVERSITY OF AMERICA          ,DC,20064-0002,Private      ,642,570,1212,3719,1535,5254
00143711,"CATHOLIC UNIV AMERICA, LAW SCHOOL       ",DC,20064-0000,Private      ,4,392,396,23,1196,1219
00144100,UNIV OF THE DISTRICT OF COLUMBIA        ,DC,20008-0000,Public       ,669,1278,1947,1253,2289,3542
00144102,UNIVERSITY OF THE DISTRICT OF COLUMBIA -,DC,20008-1173,Public       ,10,154,164,23,532,555
00144300,GALLAUDET UNIVERSITY                    ,DC,20002-3695,Private      ,328,290,618,627,542,1169
00144400,GEORGE WASHINGTON UNIVERSITY            ,DC,20052-2353,Private      ,1890,2345,4235,10215,6242,16457
00144402,GEORGE WASHINGTON UNIV LAW SCHL         ,DC,20052-0000,Private      ,2,746,748,14,4154,4168
00144403,GEORGE WASHINGTON UNIV SCH MED          ,DC,20052-0000,Private      ,7,446,453,31,999,1030
00144500,GEORGETOWN UNIVERSITY                   ,DC,20057-1252,Private      ,1169,1259,2428,9610,3763,13373
00144501,"GEORGETOWN UNIV, SCH OF MEDICINE        ",DC,20007-0000,Private      ,7,299,306,31,1120,1151
00144503,GEORGETOWN UNIV LAW CENTER              ,DC,20001-0000,Private      ,3,843,846,22,4455,4477
00144800,HOWARD UNIVERSITY                       ,DC,20059-0001,Private      ,2013,1877,3890,9774,6079,15853
00145600,SOUTHEASTERN UNIVERSITY                 ,DC,20024-2788,Private      ,40,355,395,98,600,698
00145900,STRAYER UNIVERSITY                      ,DC,20005-2603,Proprietary  ,331,10702,11033,414,13459,13873
00146000,TRINITY UNIVERSITY                      ,DC,20017-1004,Private      ,217,472,689,694,902,1596
00146400,WESLEY THEOLOGICAL SEMINARY             ,DC,20016-0000,Private      ,0,120,120,1,195,196
00207701,JOHNS HOPKINS UNIV SCH ADV INTL STU     ,DC,20036-0000,Private      ,3,149,152,18,1091,1109
01006500,WASHINGTON THEOLOGICAL UNION            ,DC,20012-0000,Private      ,0,16,16,1,31,32
01195000,THE CORCORAN COLLEGE OF ART & DESIG     ,DC,20006-4804,Private      ,86,73,159,312,196,508
01266500,HARRISON CTR FOR CAREER EDUCATION       ,DC,20001-5303,Private      ,0,2,2,0,5,5
01280300,DOMINICAN HOUSE OF STUDIES              ,DC,20017-1584,Private      ,0,2,2,1,3,4
02132800,NAT'L CONSERVATORY DRAMATIC ARTS        ,DC,20007-2758,Private      ,2,8,10,3,10,13
02279200,DUDLEY BEAUTY COLG-WASHINGTON           ,DC,20018-0000,Proprietary  ,20,38,58,25,58,83
02588900,SANZ SCHOOL                             ,DC,20006-0000,Proprietary  ,61,321,382,66,332,398
03104300,CAREER BLAZERS LEARNING CENTER OF WASHIN,DC,20037-1881,Proprietary  ,33,195,228,40,246,286
03218300,POTOMAC COLLEGE                         ,DC,20016-1860,Proprietary  ,7,106,113,11,157,168
03409600,BENNETT CAREER INSTITUTE                ,DC,20017-1754,Proprietary  ,22,73,95,30,106,136
03750300,TECHNICAL LEARNING CENTERS              ,DC,20005-3415,Proprietary  ,6,49,55,8,62,70
00154100,ABRAHAM BALDWIN AGRICULTURAL CLG        ,GA,31794-0000,Public       ,1251,506,1757,1960,840,2800
00154200,AGNES SCOTT COLLEGE                     ,GA,30030-3797,Private      ,358,96,454,1044,196,1240
00154300,DARTON COLLEGE                          ,GA,31707-3098,Public       ,955,1446,2401,1384,2273,3657
00154400,ALBANY STATE UNIVERSITY                 ,GA,31705-2796,Public       ,2460,1299,3759,5084,2228,7312
00154500,ANDREW COLLEGE                          ,GA,39840-1313,Private      ,154,18,172,282,32,314
00154600,ARMSTRONG ATLANTIC STATE UNIVERSITY     ,GA,31419-1997,Public       ,1381,1764,3145,2776,3179,5955
00154700,ATLANTA CHRISTIAN COLLEGE               ,GA,30344-1999,Private      ,195,62,257,321,109,430
00155200,AUGUSTA STATE UNIVERSITY                ,GA,30904-2200,Public       ,1581,1348,2929,3372,2958,6330
00155400,BERRY COLLEGE                           ,GA,30149-5007,Private      ,539,69,608,1948,138,2086
00155500,THOMAS UNIVERSITY                       ,GA,31792-7499,Private      ,124,290,414,182,434,616
00155600,BRENAU UNIVERSITY                       ,GA,30501-3668,Private      ,383,929,1312,916,1562,2478
00155700,BREWTON PARKER COLLEGE                  ,GA,30445-0000,Private      ,317,246,563,520,408,928
00155800,COASTAL GEORGIA COMMUNITY COLLEGE       ,GA,31520-3644,Public       ,491,777,1268,746,1316,2062
00155900,CLARK ATLANTA UNIVERSITY                ,GA,30314-4385,Private      ,2964,1284,4248,10828,2941,13769
00156000,COLUMBIA THEOLOGICAL SEMINARY           ,GA,30031-0000,Private      ,1,93,94,1,128,129
00156100,COLUMBUS STATE UNIVERSITY               ,GA,31907-5645,Public       ,2290,1705,3995,4123,2876,6999
00156200,GEORGIA PERIMETER COLLEGE               ,GA,30021-0000,Public       ,3752,4552,8304,6182,8070,14252
00156300,EMMANUEL COLLEGE                        ,GA,30639-0000,Private      ,312,66,378,518,107,625
00156400,EMORY UNIVERSITY                        ,GA,30322-1960,Private      ,1189,1767,2956,8104,6143,14247
00156600,FORT VALLEY STATE UNIVERSITY            ,GA,31030-3298,Public       ,1460,487,1947,3017,883,3900
00156700,GAINESVILLE STATE COLLEGE               ,GA,30503-0000,Public       ,1890,784,2674,2959,1301,4260
00156800,INTERDENOMINATIONAL THEOLOGY CENTER     ,GA,30314-0000,Private      ,1,235,236,3,364,367
00156900,GEORGIA INSTITUTE OF TECHNOLOGY         ,GA,30332-0002,Public       ,3374,1177,4551,11259,2394,13653
00157000,SOUTHERN POLYTECHNIC STATE UNIV         ,GA,30060-2896,Public       ,783,600,1383,1735,1075,2810
00157100,GEORGIA MILITARY COLLEGE                ,GA,31061-3398,Public       ,864,1098,1962,1369,1827,3196
00157200,GEORGIA SOUTHERN UNIVERSITY             ,GA,30460-8065,Public       ,6122,1869,7991,12411,3167,15578
00157300,GEORGIA SOUTHWESTERN STATE UNIV         ,GA,31709-4693,Public       ,720,528,1248,1338,865,2203
00157400,GEORGIA STATE UNIVERSITY                ,GA,30303-3010,Public       ,6708,6785,13493,15218,13716,28934
00157500,GORDON COLLEGE                          ,GA,30204-1762,Public       ,1556,687,2243,2646,1163,3809
00157700,KENNESAW STATE UNIVERSITY               ,GA,30144-5591,Public       ,4088,3345,7433,8230,6330,14560
00157800,LAGRANGE COLLEGE                        ,GA,30240-2999,Private      ,432,179,611,1116,341,1457
00157900,MEDICAL COLLEGE OF GEORGIA              ,GA,30912-0004,Public       ,207,1027,1234,381,1842,2223
00158000,MERCER UNIVERSITY                       ,GA,31207-0003,Private      ,1003,2407,3410,3235,4550,7785
00158100,MIDDLE GEORGIA COLLEGE                  ,GA,31014-1599,Public       ,1255,554,1809,2249,978,3227
00158200,MOREHOUSE COLLEGE                       ,GA,30314-3773,Private      ,1057,209,1266,3362,470,3832
00158500,NORTH GEORGIA COLLEGE & STATE UNIV      ,GA,30597-0001,Public       ,1001,544,1545,2435,1066,3501
00158600,OGLETHORPE UNIVERSITY                   ,GA,30319-2737,Private      ,290,166,456,711,273,984
00158700,PAINE COLLEGE                           ,GA,30901-3182,Private      ,495,156,651,1294,340,1634
00158800,PIEDMONT COLLEGE                        ,GA,30535-5644,Private      ,294,684,978,631,979,1610
00158900,REINHARDT COLLEGE                       ,GA,30183-2981,Private      ,374,123,497,684,176,860
00159000,SAVANNAH STATE UNIVERSITY               ,GA,31404-5298,Public       ,1809,753,2562,3806,1318,5124
00159100,SHORTER COLLEGE                         ,GA,30165-4298,Private      ,458,880,1338,977,1454,2431
00159200,SOUTH GEORGIA COLLEGE                   ,GA,31533-8104,Public       ,570,340,910,843,572,1415
00159400,SPELMAN COLLEGE                         ,GA,30314-4399,Private      ,912,244,1156,4598,669,5267
00159600,TOCCOA FALLS COLLEGE                    ,GA,30598-0001,Private      ,437,92,529,926,177,1103
00159700,TRUETT MCCONNELL COLLEGE                ,GA,30528-1264,Private      ,186,21,207,330,31,361
00159800,UNIVERSITY OF GEORGIA                   ,GA,30602-6114,Public       ,5384,3254,8638,15316,6647,21963
00159900,VALDOSTA STATE UNIVERSITY               ,GA,31698-0001,Public       ,4194,1792,5986,7585,2869,10454
00160000,WESLEYAN COLLEGE                        ,GA,31210-4407,Private      ,151,179,330,294,278,572
00160100,UNIV OF WEST GEORGIA                    ,GA,30118-0002,Public       ,3174,1533,4707,6749,2776,9525
00160200,GEORGIA COLLEGE & STATE UNIVERSITY      ,GA,31061-0490,Public       ,1657,634,2291,3836,1122,4958
00160400,YOUNG HARRIS COLLEGE                    ,GA,30582-4137,Private      ,271,11,282,631,22,653
00348400,COVENANT COLLEGE                        ,GA,30750-4164,Private      ,273,114,387,1061,219,1280
00395600,DALTON STATE COLLEGE                    ,GA,30720-3797,Public       ,906,933,1839,1452,1402,2854
00402400,GEORGIA NORTHWESTERN TECHNICAL COLLEGE  ,GA,30161-6757,Public       ,303,1031,1334,383,1213,1596
00402403,NORTHWESTERN TECHNICAL COLLEGE          ,GA,30739-0569,Public       ,201,658,859,297,1053,1350
00411700,GRADY HEALTH SYSTEM                     ,GA,30303-3050,Public       ,30,70,100,64,127,191
00525400,LANIER TECHNICAL COLLEGE                ,GA,30566-3499,Public       ,218,753,971,365,1151,1516
00525500,MOULTRIE TECHNICAL COLLEGE              ,GA,31768-0000,Public       ,178,637,815,258,1128,1386
00525600,VALDOSTA TECHNICAL COLLEGE              ,GA,31603-0000,Public       ,263,746,1009,374,1115,1489
00551100,OKEFENOKEE TECHNICAL COLLEGE            ,GA,31501-4016,Public       ,174,537,711,221,688,909
00559900,AUGUSTA TECHNICAL COLLEGE               ,GA,30906-3399,Public       ,631,1753,2384,910,2609,3519
00560000,ATHENS TECHNICAL COLLEGE                ,GA,30601-1579,Public       ,565,1178,1743,922,1934,2856
00560100,ALBANY TECHNICAL COLLEGE                ,GA,31701-2648,Public       ,370,1187,1557,489,1693,2182
00561300,FLINT RIVER TECHNICAL INSTITUTE         ,GA,30286-0014,Public       ,49,316,365,77,467,544
00561500,SOUTHWEST GEORGIA TECHNICAL COLLEGE     ,GA,31792-2622,Public       ,208,637,845,276,914,1190
00561700,SOUTH GEORGIA TECHNICAL COLLEGE         ,GA,31709-8167,Public       ,228,401,629,359,621,980
00561800,SAVANNAH TECHNICAL COLLEGE              ,GA,31405-5594,Public       ,606,2141,2747,872,3020,3892
00561900,NORTH GEORGIA TECHNICAL COLLEGE         ,GA,30523-0000,Public       ,285,614,899,433,869,1302
00562000,CHATTAHOOCHEE TECHNICAL COLLEGE         ,GA,30060-3398,Public       ,613,1260,1873,992,2249,3241
00562004,NORTH METRO TECHNICAL COLLEGE           ,GA,30102-3129,Public       ,380,1035,1415,458,1159,1617
00562005,APPALACHIAN TECHNICAL COLLEGE           ,GA,30143-0000,Public       ,73,197,270,124,291,415
00562100,GRIFFIN TECHNICAL COLLEGE               ,GA,30223-2097,Public       ,335,961,1296,524,1529,2053
00562200,DEKALB TECHNICAL COLLEGE                ,GA,30021-0000,Public       ,406,1570,1976,622,2506,3128
00562400,COLUMBUS TECHNICAL COLLEGE              ,GA,31904-6572,Public       ,383,1377,1760,562,1881,2443
00576300,CENTRAL GEORGIA TECHNICAL COLLEGE       ,GA,31206-3628,Public       ,381,1627,2008,745,3478,4223
00772800,MACON STATE COLLEGE                     ,GA,31206-5145,Public       ,1193,1717,2910,2066,3046,5112
00854300,ATLANTA TECHNICAL COLLEGE               ,GA,30310-4499,Public       ,427,1394,1821,719,2281,3000
00897600,CLAYTON STATE UNIVERSITY                ,GA,30260-0285,Public       ,1758,2351,4109,3258,4225,7483
00918300,EAST CENTRAL TECHNICAL COLLEGE          ,GA,31750-0000,Public       ,76,334,410,98,470,568
00927000,ART INSTITUTE OF ATLANTA                ,GA,30328-1649,Proprietary  ,1828,1264,3092,3340,2154,5494
00950700,GEORGIA HIGHLANDS COLLEGE               ,GA,30162-0000,Public       ,1064,817,1881,1592,1337,2929
01031903,MEDIX SCHOOL                            ,GA,30080-7630,Proprietary  ,78,214,292,90,288,378
01048700,WEST GEORGIA TECHNICAL COLLEGE          ,GA,30182-6476,Public       ,427,1075,1502,633,1709,2342
01048704,WEST GEORGIA TECHNICAL COLLEGE          ,GA,30240-5957,Public       ,160,493,653,271,763,1034
01077100,GUPTON JONES COLLEGE                    ,GA,30035-4022,Private      ,38,89,127,61,138,199
01099700,EAST GEORGIA COLLEGE                    ,GA,30401-2699,Public       ,691,273,964,1034,444,1478
01107400,BAINBRIDGE COLLEGE                      ,GA,39819-8400,Public       ,340,802,1142,492,1226,1718
01110901,EVEREST COLLEGE - EVEREST INSTITUTE     ,GA,30067-8340,Proprietary  ,2,13,15,7,25,32
01157400,BAUDER COLLEGE                          ,GA,30313-2439,Proprietary  ,223,285,508,348,428,776
01205100,PRO WAY HAIR SCHOOL                     ,GA,30083-2884,Proprietary  ,33,71,104,44,102,146
01216500,ATLANTA METROPOLITAN COLLEGE            ,GA,30310-4498,Public       ,640,932,1572,1029,1534,2563
01303900,SOUTH UNIVERSITY                        ,GA,31406-4881,Proprietary  ,242,2668,2910,401,4099,4500
02055000,WAYCROSS COLLEGE                        ,GA,31503-0000,Public       ,262,223,485,343,368,711
02060900,BROWN CLG OF COURT REPORTING & M.T.     ,GA,30318-2570,Proprietary  ,11,96,107,13,186,199
02074800,LIFE UNIVERSITY                         ,GA,30060-0000,Private      ,68,365,433,179,1534,1713
02089700,HERZING COLLEGE                         ,GA,30326-1332,Proprietary  ,84,358,442,109,464,573
02110501,ART INSTITUTE OF CHARLOTTE (THE) - BROWN,GA,30319-3054,Proprietary  ,9,10,19,27,18,45
02113604,AMERICAN INTERCONTINENTAL UNIV - DUNWOOD,GA,30328-1649,Proprietary  ,250,615,865,480,1260,1740
02116000,SANFORD-BROWN COLLEGE                   ,GA,30328-4803,Proprietary  ,111,518,629,219,1236,1455
02141500,SAVANNAH COLLEGE OF ART & DESIGN        ,GA,31402-3146,Private      ,2203,1116,3319,5924,2175,8099
02202800,AUGUSTA AREA DIET INTERN UNIV HOSP      ,GA,30901-0000,Private      ,0,10,10,1,12,13
02205300,SAVANNAH RIVER COLLEGE                  ,GA,30909-0000,Proprietary  ,19,144,163,31,200,231
02217200,PORTFOLIO CENTER                        ,GA,30309-0000,Proprietary  ,11,42,53,17,65,82
02266200,AMERICAN PROFESSIONAL INSTITUTE         ,GA,31201-0000,Proprietary  ,41,250,291,49,392,441
02279500,HEART OF GEORGIA TECHNICAL COLLEGE      ,GA,31021-0000,Public       ,127,429,556,163,583,746
02284300,INTERACTIVE COLLEGE OF TECHNOLOGY       ,GA,30341-0000,Proprietary  ,57,484,541,84,632,716
02284308,INTERACTIVE LEARNING SYSTEMS            ,GA,30260-0000,Proprietary  ,16,57,73,17,61,78
02284309,INTERACTIVE COLLEGE OF TECHNOLOGY       ,GA,30501-0000,Proprietary  ,6,27,33,7,36,43
02285500,"CREATIVE CIRCUS, THE                    ",GA,30324-0000,Proprietary  ,30,110,140,36,166,202
02288400,GWINNETT TECHNICAL INSTITUTE            ,GA,30043-5702,Public       ,756,1889,2645,1081,2842,3923
02313902,WESTWOOD COLLEGE - O'HARE AIRPORT - ATLA,GA,30345-2807,Proprietary  ,78,125,203,116,171,287
02318600,GEORGIA MEDICAL INSTITUTE               ,GA,30303-0000,Proprietary  ,153,719,872,199,830,1029
02321400,ROFFLER-MOLER HAIRSTYLING COLLEGE       ,GA,30062-0000,Proprietary  ,9,38,47,11,50,61
02354500,SOUTHEASTERN BEAUTY SCHOOLS             ,GA,31906-0000,Proprietary  ,4,63,67,5,68,73
02482100,MOREHOUSE SCHOOL OF MEDICINE            ,GA,30310-0000,Private      ,18,238,256,81,515,596
02502700,ADVANCED CAREER TRAINING                ,GA,30329-0000,Proprietary  ,28,162,190,44,198,242
02502701,ADVANCED CAREER TRAINING-RIVERDALE      ,GA,30274-0000,Proprietary  ,24,152,176,31,182,213
02508600,MIDDLE GEORGIA TECHNICAL COLLEGE        ,GA,31088-0000,Public       ,252,692,944,373,921,1294
02520000,INTERNATIONAL SCH SKIN & NAILCARE       ,GA,30342-1119,Proprietary  ,14,68,82,14,85,99
02577000,ARNOLD / PADRICKS  UNIV OF COSM         ,GA,30297-0000,Proprietary  ,9,40,49,9,42,51
02577700,BEAUTY COLLEGE OF AMERICA               ,GA,30297-0000,Proprietary  ,4,7,11,7,11,18
02578300,INTERNATIONAL CITY BEAUTY COLLEGE       ,GA,31093-3631,Proprietary  ,2,7,9,2,10,12
02580200,ATLANTA SCHOOL OF MASSAGE               ,GA,30338-0000,Proprietary  ,23,74,97,39,121,160
02583000,GWINNETT COLLEGE OF BUSINESS            ,GA,30047-3447,Proprietary  ,43,222,265,62,343,405
02607600,CAPELLI LEARNING CTR FOR COSM           ,GA,30324-0000,Proprietary  ,17,55,72,24,93,117
03005400,ARTISTIC BEAUTY COLLEGE                 ,GA,30013-2076,Proprietary  ,73,195,268,82,212,294
03022601,WESTERN CULINARY INSTITUTE - LE CORDON B,GA,30084-5893,Proprietary  ,31,39,70,70,71,141
03030000,OGEECHEE TECHNICAL COLLEGE              ,GA,30458-8049,Public       ,363,783,1146,512,1068,1580
03032100,ALTAMAHA TECHNICAL COLLEGE              ,GA,31545-4465,Public       ,112,430,542,131,506,637
03042700,LAURUSTECHNICAL INSTITUTE               ,GA,30030-1506,Proprietary  ,8,120,128,15,175,190
03066500,SOUTHEASTERN TECHNICAL COLLEGE          ,GA,30474-8817,Public       ,111,368,479,160,557,717
03066502,SWAINSBORO TECHNICAL COLLEGE            ,GA,30401-5700,Public       ,91,249,340,113,316,429
03072304,EVEREST COLLEGE - EVEREST INSTITUTE     ,GA,30236-0000,Proprietary  ,14,41,55,32,75,107
03076300,BEULAH HEIGHTS BIBLE COLLEGE            ,GA,30316-1873,Private      ,8,211,219,15,308,323
03079202,WESTWOOD COLLEGE - ATLANTA MIDTOWN      ,GA,30309-2848,Proprietary  ,216,208,424,337,347,684
03081500,SOUTHEASTERN BEAUTY SCHOOL              ,GA,31917-0000,Proprietary  ,3,63,66,3,69,72
03089100,GEORGIA INSTITUTE OF COSMETOLOGY        ,GA,30606-3152,Proprietary  ,12,14,26,23,25,48
03090600,COBB BEAUTY COLLEGE                     ,GA,30144-2828,Proprietary  ,3,22,25,5,27,32
03100900,LUTHER RICE UNIVERSITY                  ,GA,30038-2454,Private      ,6,237,243,7,374,381
03102000,RIVERTOWN SCHOOL OF BEAUTY              ,GA,31904-4747,Proprietary  ,11,34,45,12,44,56
03104500,ATLANTA INSTITUTE OF MUSIC              ,GA,30096-4988,Proprietary  ,50,45,95,71,56,127
03116100,VOGUE BEAUTY SCHOOL                     ,GA,30141-2226,Proprietary  ,6,35,41,6,38,44
03155500,SANDERSVILLE REGIONAL TECH INST         ,GA,31082-6179,Public       ,64,215,279,74,259,333
03173300,ATLANTA'S JOHN MARSHALL LAW SCHOOL      ,GA,30309-0000,Proprietary  ,2,330,332,8,755,763
03232303,COMPUTER-ED INSTITUTE-                  ,GA,30071-0000,Proprietary  ,27,179,206,33,256,289
03232304,LINCOLN COLLEGE OF TECHNOLOGY           ,GA,30067-8638,Proprietary  ,50,155,205,83,251,334
03251300,BEACON UNIVERSITY                       ,GA,31909-4663,Private      ,8,118,126,15,170,185
03355402,PSYCHOLOGICAL STUDIES INSTITUTE -       ,GA,30327-2921,Private      ,7,66,73,11,116,127
03391300,ROSS MEDICAL EDUCATION CENTER           ,GA,30033-3105,Proprietary  ,8,36,44,9,52,61
03418300,GWINNETT COLLEGE-SANDY SPRINGS          ,GA,30328-3161,Proprietary  ,8,48,56,12,57,69
03445500,FAYETTE BEAUTY ACADEMY                  ,GA,30214-1191,Proprietary  ,8,13,21,10,15,25
03522300,POWDER SPRINGS BEAUTY COLLEGE           ,GA,30127-2926,Proprietary  ,2,8,10,2,11,13
03523300,AVIATION INSTITUTE OF MAINTENANCE       ,GA,30045-6716,Proprietary  ,42,127,169,62,220,282
03576300,GEORGIA AVIATION AND TECHNICAL COLL     ,GA,31023-0000,Public       ,25,18,43,47,33,80
03753400,MICHAEL'S SCHOOL OF BEAUTY              ,GA,31211-1493,Proprietary  ,8,75,83,9,78,87
03804400,JAVELIN TECHNICAL TRAINING CENTER       ,GA,30339-6040,Proprietary  ,68,358,426,72,375,447
03812300,OMNITECH INSTITUTE                      ,GA,30035-1206,Proprietary  ,23,110,133,30,173,203
04021300,AUGUSTA SCHOOL OF MASSAGE               ,GA,30809-0000,Proprietary  ,6,10,16,7,22,29
04091300,SAVANNAH SCHOOL OF MASSAGE THERAPY      ,GA,31406-2711,Private      ,6,21,27,8,28,36
04105300,NIGHTINGALE MEDICAL INSTITUTE           ,GA,30084-4036,Proprietary  ,5,23,28,6,28,34
        ,CHICAGO THEOLOGICAL SEMINARY            ,IL,60637-0000,Private      ,1,31,32,2,113,115
00162800,AMERICAN ACADEMY OF ART                 ,IL,60604-4302,Proprietary  ,185,56,241,324,90,414
00163300,AUGUSTANA COLLEGE                       ,IL,61201-2296,Private      ,882,49,931,3030,86,3116
00163400,AURORA UNIVERSITY                       ,IL,60506-4892,Private      ,670,751,1421,1679,1332,3011
00163500,BARAT COLLEGE                           ,IL,60045-3297,Private      ,0,0,0,3,4,7
00163600,SOUTHWESTERN ILLINOIS COLLEGE           ,IL,62221-5899,Public       ,987,1708,2695,1757,2865,4622
00163800,BLACK HAWK COLLEGE                      ,IL,61265-5899,Public       ,758,1004,1762,1245,1570,2815
00163900,BLACKBURN COLLEGE                       ,IL,62626-1498,Private      ,356,51,407,805,83,888
00164000,PRAIRIE STATE COLLEGE                   ,IL,60411-8226,Public       ,516,1028,1544,927,1843,2770
00164100,BRADLEY UNIVERSITY                      ,IL,61625-0002,Private      ,682,274,956,5440,819,6259
00164300,SPOON RIVER COLLEGE                     ,IL,61520-8907,Public       ,248,237,485,501,438,939
00164700,CITY COLLEGES OF CHICAGO                ,IL,60606-6998,Public       ,80,128,208,178,267,445
00164800,TRUMAN COLLEGE                          ,IL,60640-5691,Public       ,629,939,1568,1074,1791,2865
00164900,RICHARD J DALEY COLLEGE                 ,IL,60652-1299,Public       ,542,818,1360,987,1556,2543
00165000,CITY COLLEGES OF CHICAGO-MALCOLM X      ,IL,60612-3197,Public       ,420,1116,1536,819,2112,2931
00165200,HAROLD WASHINGTON COLLEGE               ,IL,60601-2403,Public       ,964,1324,2288,1795,2487,4282
00165400,KENNEDY KING COLLEGE                    ,IL,60621-3798,Public       ,498,1388,1886,837,2584,3421
00165500,WRIGHT COLLEGE                          ,IL,60634-1591,Public       ,1028,987,2015,1858,1831,3689
00165700,MIDWESTERN UNIVERSITY                   ,IL,60515-1200,Private      ,32,536,568,104,2293,2397
00165900,ROSALIND FRANKLIN UNIVERSITY OF MEDICINE,IL,60064-3095,Private      ,3,384,387,8,1735,1743
00166300,SPERTUS COLLEGE                         ,IL,60605-1995,Private      ,0,17,17,1,31,32
00166400,UNIVERSITY OF ST FRANCIS                ,IL,60435-6188,Private      ,389,441,830,1147,1083,2230
00166500,COLUMBIA COLLEGE                        ,IL,60605-1996,Private      ,2969,1405,4374,8050,3120,11170
00166600,CONCORDIA UNIVERSITY                    ,IL,60305-1499,Private      ,346,951,1297,1087,1673,2760
00166900,DANVILLE AREA COMMUNITY COLLEGE         ,IL,61832-5199,Public       ,222,390,612,447,719,1166
00167100,DEPAUL UNIVERSITY                       ,IL,60604-2287,Private      ,2461,2882,5343,12443,8836,21279
00167400,EASTERN ILLINOIS UNIVERSITY             ,IL,61920-3099,Public       ,2473,980,3453,7333,2055,9388
00167500,ELGIN COMMUNITY COLLEGE                 ,IL,60123-7193,Public       ,636,711,1347,1121,1235,2356
00167600,ELMHURST COLLEGE                        ,IL,60126-3296,Private      ,758,354,1112,2503,690,3193
00167800,EUREKA COLLEGE                          ,IL,61530-9976,Private      ,289,85,374,713,146,859
00168100,HIGHLAND COMMUNITY COLLEGE              ,IL,61032-9341,Public       ,230,256,486,475,441,916
00168200,GARRETT-EVANGELICAL THEOLOGICAL SEM     ,IL,60201-0000,Private      ,0,51,51,1,123,124
00168400,GREENVILLE COLLEGE                      ,IL,62246-1199,Private      ,479,199,678,1289,355,1644
00168500,HEBREW THEOLOGICAL COLLEGE              ,IL,60077-3263,Private      ,139,10,149,212,14,226
00168800,ILLINOIS COLLEGE                        ,IL,62650-2299,Private      ,245,31,276,1292,71,1363
00168900,ILLINOIS COLLEGE OF OPTOMETRY           ,IL,60616-3878,Private      ,2,233,235,7,629,636
00169100,ILLINOIS INSTITUTE OF TECHNOLOGY        ,IL,60616-0000,Private      ,515,516,1031,2176,1119,3295
00169103,CHICAGO KENT COLLEGE OF LAW             ,IL,60661-0000,Private      ,0,532,532,2,1678,1680
00169200,ILLINOIS STATE UNIVERSITY               ,IL,61790-1000,Public       ,2998,974,3972,13762,3063,16825
00169300,NORTHEASTERN ILLINOIS UNIV              ,IL,60625-4699,Public       ,1481,1815,3296,3616,4062,7678
00169400,CHICAGO STATE UNIVERSITY                ,IL,60628-1598,Public       ,1405,2676,4081,3370,5511,8881
00169600,ILLINOIS WESLEYAN UNIVERSITY            ,IL,61701-0000,Private      ,515,14,529,2364,46,2410
00169800,JOHN MARSHALL LAW SCHOOL                ,IL,60604-0000,Private      ,4,905,909,9,1894,1903
00169900,JOLIET JUNIOR COLLEGE                   ,IL,60431-8938,Public       ,1305,1194,2499,2449,2206,4655
00170000,JUDSON UNIVERSITY                       ,IL,60123-1498,Private      ,262,216,478,633,396,1029
00170100,KASKASKIA COLLEGE                       ,IL,62801-7878,Public       ,372,594,966,718,1036,1754
00170300,KENDALL COLLEGE                         ,IL,60622-4278,Proprietary  ,275,393,668,589,779,1368
00170400,KNOX COLLEGE                            ,IL,61401-4999,Private      ,476,32,508,1915,69,1984
00170500,ILLINOIS VALLEY COMMUNITY COLLEGE       ,IL,61348-9692,Public       ,343,440,783,670,705,1375
00170600,LAKE FOREST COLLEGE                     ,IL,60045-2399,Private      ,483,37,520,1528,70,1598
00170700,LEWIS UNIVERSITY                        ,IL,60446-2200,Private      ,1035,870,1905,2786,1553,4339
00170800,LINCOLN CHRISTIAN UNIVERSITY            ,IL,62656-2167,Private      ,180,132,312,461,303,764
00170900,LINCOLN COLLEGE                         ,IL,62656-1699,Private      ,440,115,555,857,194,1051
00171000,LOYOLA UNIVERSITY CHICAGO               ,IL,60626-0000,Private      ,1317,1994,3311,12798,6456,19254
00171002,LOYOLA STRITCH SCHOOL OF MEDICINE       ,IL,60153-0000,Private      ,7,110,117,14,948,962
00171200,LUTHERAN SCHOOL OF THEOL AT CHICAGO     ,IL,60615-0000,Private      ,0,54,54,0,101,101
00171600,MACCORMAC COLLEGE                       ,IL,60602-4405,Private      ,18,51,69,25,78,103
00171700,MACMURRAY COLLEGE                       ,IL,62650-2590,Private      ,224,113,337,548,187,735
00172100,MCCORMICK THEOLOGICAL SEMINARY          ,IL,60615-5108,Private      ,0,52,52,0,106,106
00172200,MCKENDREE UNIVERSITY                    ,IL,62254-1299,Private      ,557,423,980,1304,826,2130
00172300,MEADVILLE LOMBARD THEOLOGICAL SCHOOL    ,IL,60637-1602,Private      ,0,25,25,0,55,55
00172400,MILLIKIN UNIVERSITY                     ,IL,62522-2084,Private      ,817,301,1118,2347,506,2853
00172500,MONMOUTH COLLEGE                        ,IL,61462-1963,Private      ,573,36,609,1633,69,1702
00172800,MORTON COLLEGE                          ,IL,60804-4398,Public       ,351,397,748,599,664,1263
00173200,NATIONAL UNIV OF HEALTH SCIENCES        ,IL,60148-4583,Private      ,24,170,194,37,373,410
00173300,NATIONAL-LOUIS UNIVERSITY               ,IL,60603-3032,Private      ,84,2315,2399,170,3766,3936
00173400,NORTH CENTRAL COLLEGE                   ,IL,60540-4690,Private      ,552,195,747,2169,408,2577
00173500,NORTH PARK UNIVERSITY                   ,IL,60625-4895,Private      ,662,427,1089,1881,760,2641
00173600,NORTHERN BAPTIST THEOL SEMINARY         ,IL,60148-0000,Private      ,0,3,3,0,8,8
00173700,NORTHERN ILLINOIS UNIVERSITY            ,IL,60115-2854,Public       ,3783,2116,5899,15736,6134,21870
00173900,NORTHWESTERN UNIV                       ,IL,60208-0001,Private      ,1497,2474,3971,13068,7484,20552
00174100,OLIVET NAZARENE UNIVERSITY              ,IL,60914-2271,Private      ,689,504,1193,2409,967,3376
00174200,IL EASTERN COMM COLGS-OLNEY CENTRAL     ,IL,62450-1099,Public       ,216,182,398,429,366,795
00174500,QUINCY UNIVERSITY                       ,IL,62301-2699,Private      ,348,188,536,1049,340,1389
00174600,ROBERT MORRIS UNIVERSITY ILLINOIS       ,IL,60605-1225,Private      ,1323,1387,2710,3238,3441,6679
00174700,ROCK VALLEY COLLEGE                     ,IL,61114-5699,Public       ,897,1123,2020,1510,1972,3482
00174800,ROCKFORD COLLEGE                        ,IL,61108-2393,Private      ,234,369,603,641,673,1314
00174900,ROOSEVELT UNIVERSITY                    ,IL,60605-1394,Private      ,721,1884,2605,2225,4126,6351
00175000,DOMINICAN UNIVERSITY                    ,IL,60305-1066,Private      ,461,449,910,1447,857,2304
00175200,SAUK VALLEY COMMUNITY COLLEGE           ,IL,61021-9112,Public       ,272,322,594,559,599,1158
00175300,SCHOOL OF ART INSTITUTE OF CHICAGO      ,IL,60603-3013,Private      ,413,346,759,2053,1650,3703
00175400,SEABURY-WESTERN THEO SEMINARY           ,IL,60201-0000,Private      ,0,25,25,0,42,42
00175600,SHIMER COLLEGE                          ,IL,60616-3893,Private      ,15,10,25,45,28,73
00175700,SOUTHEASTERN ILLINOIS COLLEGE           ,IL,62946-4925,Public       ,196,233,429,377,425,802
00175800,SOUTHERN ILL UNIV-CARBONDALE            ,IL,62901-0000,Public       ,4034,2515,6549,10448,5216,15664
00175801,SOUTHERN ILLINOIS UNIV SCHOOL MEDIC     ,IL,62794-0000,Public       ,27,115,142,90,364,454
00175900,SOUTHERN ILL UNIV-EDWARDSVILLE          ,IL,62026-1060,Public       ,2194,1391,3585,7593,3580,11173
00175924,SO IL UNIV-SCHL OF DENTAL MEDICINE      ,IL,62002-0000,Public       ,1,76,77,6,176,182
00176100,SPRINGFIELD COLLEGE IN ILLINOIS         ,IL,62702-2694,Private      ,155,246,401,300,406,706
00176500,UNIVERSITY OF ST MARY OF THE LAKE       ,IL,60060-0000,Private      ,1,3,4,1,6,7
00176700,BENEDICTINE UNIVERSITY                  ,IL,60532-0900,Private      ,569,874,1443,1626,1529,3155
00176800,ST XAVIER UNIVERSITY                    ,IL,60655-3199,Private      ,838,951,1789,2994,2181,5175
00176900,SOUTH SUBURBAN COLLEGE                  ,IL,60473-9978,Public       ,579,1389,1968,1094,2538,3632
00177100,TRINITY CHRISTIAN COLLEGE               ,IL,60463-0929,Private      ,305,229,534,993,438,1431
00177200,TRINITY INTERNATIONAL UNIVERSITY        ,IL,60015-1283,Private      ,276,385,661,792,773,1565
00177300,TRITON COLLEGE                          ,IL,60171-1995,Public       ,793,951,1744,1412,1600,3012
00177400,UNIVERSITY OF CHICAGO                   ,IL,60637-1476,Private      ,1439,499,1938,7530,1472,9002
00177401,UNIV OF CHICAGO PRITZKER SCH OF MED     ,IL,60637-0000,Private      ,1,162,163,16,560,576
00177403,"UNIV OF CHICAGO, GRAD SCH OF BUS        ",IL,60637-0000,Private      ,3,465,468,15,767,782
00177405,UNIVERSITY OF CHICAGO GRADUATE          ,IL,60637-0000,Private      ,15,1121,1136,57,3892,3949
00177500,UNIV OF ILLINOIS @ URBANA-CHAMPAIGN     ,IL,61820-5796,Public       ,4261,1701,5962,20850,5201,26051
00177600,UNIV OF ILLINOIS AT CHICAGO             ,IL,60607-7163,Public       ,3556,3164,6720,13436,9555,22991
00177800,VANDERCOOK COLLEGE OF MUSIC             ,IL,60616-3731,Private      ,44,31,75,124,60,184
00177900,IL EASTERN COMM COLGS-WABASH VALLEY     ,IL,62863-2699,Public       ,106,101,207,243,178,421
00178000,WESTERN ILLINOIS UNIVERSITY             ,IL,61455-1390,Public       ,2821,1156,3977,7517,2382,9899
00178100,WHEATON COLLEGE                         ,IL,60187-5535,Private      ,482,196,678,2301,464,2765
00178300,WORSHAM COLLEGE OF MORTUARY SCIENCE     ,IL,60090-2646,Proprietary  ,16,24,40,30,60,90
00396100,HARPER COLLEGE                          ,IL,60067-7398,Public       ,1022,841,1863,2111,1482,3593
00418100,ADVOCATE TRINITY HOSPITAL SCHOOL OF RADI,IL,60617-3982,Private      ,6,27,33,11,61,72
00419002,SAINT FRANCIS HOSPITAL - SCHOOL OF RADIO,IL,60202-3320,Private      ,0,0,0,0,1,1
00456000,GEM CITY COLLEGE                        ,IL,62301-4949,Proprietary  ,5,8,13,10,9,19
00456800,MIDSTATE COLLEGE                        ,IL,61614-3558,Proprietary  ,13,251,264,22,464,486
00457100,SPARKS COLLEGE                          ,IL,62565-2241,Proprietary  ,2,3,5,2,3,5
00621400,BLESSING RIEMAN COLLEGE OF NURSING      ,IL,62301-0000,Private      ,15,21,36,49,39,88
00621401,BLESSING HOSP SCH MED LAB TECH          ,IL,62301-0000,Private      ,1,0,1,1,1,2
00621402,BLESSING HOSP SCH OF RAD TECH           ,IL,62301-2852,Private      ,13,5,18,18,6,24
00621403,BLESSING HOSPITAL - COLLEGE OF NURSING  ,IL,62305-7005,Private      ,5,3,8,7,6,13
00622501,TRINITY COLLEGE OF NURSING & HEALTH SCIE,IL,61201-5317,Private      ,23,66,89,56,133,189
00624000,ST FRANCIS MED CLG OF NRSG              ,IL,61603-3783,Private      ,46,119,165,113,245,358
00665600,COLLEGE OF DUPAGE                       ,IL,60137-6599,Public       ,1730,1701,3431,3160,2874,6034
00675300,ILLINOIS CENTRAL COLLEGE                ,IL,61635-0001,Public       ,1091,1497,2588,1973,2459,4432
00693100,WAUBONSEE COMMUNITY COLLEGE             ,IL,60554-0000,Public       ,376,534,910,742,910,1652
00711800,PARKLAND COLLEGE                        ,IL,61821-1899,Public       ,1149,982,2131,2179,1610,3789
00711900,REND LAKE COLLEGE                       ,IL,62846-9801,Public       ,466,511,977,779,846,1625
00717000,LINCOLN LAND COMMUNITY COLLEGE          ,IL,62794-9256,Public       ,733,1068,1801,1303,1741,3044
00726500,CARL SANDBURG COLLEGE                   ,IL,61401-9576,Public       ,341,537,878,567,841,1408
00729701,WESTWOOD COLLEGE OF TECHNOLOGY          ,IL,60176-0000,Proprietary  ,0,0,0,6,3,9
00754900,COYNE AMERICAN INSTITUTE                ,IL,60607-1300,Proprietary  ,87,307,394,155,572,727
00764400,LAKE LAND COLLEGE                       ,IL,61938-9366,Public       ,619,579,1198,1352,1094,2446
00768400,KISHWAUKEE COLLEGE                      ,IL,60150-9699,Public       ,412,398,810,782,757,1539
00769000,KANKAKEE COMMUNITY COLLEGE              ,IL,60901-6505,Public       ,334,539,873,660,981,1641
00769100,MCHENRY COUNTY COLLEGE                  ,IL,60012-2761,Public       ,369,311,680,686,557,1243
00769200,MORAINE VALLEY COMMUNITY COLLEGE        ,IL,60465-0937,Public       ,1184,968,2152,2301,1750,4051
00769300,SHAWNEE COMMUNITY COLLEGE               ,IL,62992-9725,Public       ,226,375,601,453,580,1033
00769400,COLLEGE OF LAKE COUNTY                  ,IL,60030-1198,Public       ,729,951,1680,1370,1678,3048
00793700,MS ROBERTS ACADEMY OF BEAUTY CULT       ,IL,60181-2930,Proprietary  ,5,12,17,9,14,23
00807600,JOHN A LOGAN COLLEGE                    ,IL,62918-2500,Public       ,653,904,1557,1075,1403,2478
00825900,EDUCATORS OF BEAUTY                     ,IL,61081-3611,Proprietary  ,23,47,70,32,64,96
00825901,EDUCATORS OF BEAUTY                     ,IL,61104-0000,Proprietary  ,1,5,6,3,17,20
00832800,ALVAREITA'S COLLEGE OF COSMETOLOGY      ,IL,62025-2041,Proprietary  ,5,10,15,6,18,24
00854500,ROCKFORD BUSINESS COLLEGE               ,IL,61103-0000,Proprietary  ,53,279,332,77,443,520
00869402,RASMUSSEN COLLEGE - ROCKFORD            ,IL,61108-2513,Proprietary  ,36,185,221,47,272,319
00888000,MORRISON INSTITUTE OF TECHNOLOGY        ,IL,61270-2959,Private      ,72,14,86,116,19,135
00893800,GRAHAM HOSPITAL SCH OF NURSING          ,IL,61520-2497,Private      ,8,30,38,18,52,70
00893900,CANNELLA SCHOOL OF HAIR DESIGN          ,IL,60406-2130,Proprietary  ,4,13,17,5,15,20
00914500,GOVERNORS STATE UNIVERSITY              ,IL,60466-0975,Public       ,205,1429,1634,408,2874,3282
00923200,CATHOLIC THEOLOGICAL UNION              ,IL,60615-0000,Private      ,0,20,20,0,36,36
00933300,UNIV OF ILLINOIS AT SPRINGFIELD         ,IL,62703-5407,Public       ,470,768,1238,1144,1530,2674
00947500,EDUCATORS OF BEAUTY                     ,IL,61301-2404,Proprietary  ,8,10,18,10,15,25
00959500,CANNELLA SCHOOL OF HAIR DESIGN          ,IL,60617-4303,Proprietary  ,4,7,11,7,15,22
00976700,OLIVE-HARVEY COLLEGE                    ,IL,60628-1696,Public       ,242,735,977,473,1462,1935
00978600,IL EASTERN COMM COLGS-LINCOLN TRAIL     ,IL,62454-5708,Public       ,101,112,213,213,216,429
00980000,RUSH UNIVERSITY                         ,IL,60612-3806,Private      ,80,785,865,212,1677,1889
00989600,OAKTON COMMUNITY COLLEGE                ,IL,60016-1268,Public       ,764,657,1421,1501,1082,2583
00998700,SAINT ANTHONY COLLEGE OF NURSING        ,IL,61108-2468,Private      ,36,60,96,63,146,209
01002000,LEWIS AND CLARK COMMUNITY COLLEGE       ,IL,62035-2466,Public       ,510,638,1148,927,1136,2063
01031600,LINCOLN COLLEGE OF TECHNOLOGY           ,IL,60160-1605,Proprietary  ,368,513,881,542,660,1202
01050100,LAKEVIEW  COLLEGE OF NURSING            ,IL,61832-3781,Private      ,52,72,124,93,132,225
01069500,TRI-COUNTY BEAUTY ACADEMY               ,IL,62056-2036,Proprietary  ,5,9,14,9,12,21
01071000,CAPITAL AREA SCH OF PRAC NRSG           ,IL,62707-0000,Public       ,20,102,122,28,188,216
01072700,DEVRY UNIVERSITY                        ,IL,60618-5994,Proprietary  ,7308,19298,26606,13390,33138,46528
01073700,ADVOCATE IL MASONIC SCH OF RAD TECH     ,IL,60657-5193,Private      ,5,24,29,9,51,60
01083600,PIVOT POINT INTNL CSMTLGY RSRCH CTR     ,IL,60626-0000,Proprietary  ,82,119,201,117,201,318
01087900,RICHLAND COMMUNITY COLLEGE              ,IL,62521-8513,Public       ,242,491,733,436,782,1218
01181000,TAYLOR BUSINESS INSTITUTE               ,IL,60606-5111,Proprietary  ,6,32,38,12,47,59
01185800,EVEREST COLLEGE                         ,IL,60077-1074,Proprietary  ,124,500,624,127,512,639
01236200,NORTHWESTERN COLLEGE                    ,IL,60630-2298,Proprietary  ,275,746,1021,580,1345,1925
01238500,BLOOMINGTON-NORMAL SCH RADIOGRAPHY      ,IL,61761-4604,Private      ,2,2,4,8,5,13
01258400,ILLINOIS INSTITUTE OF ART (THE)         ,IL,60654-1593,Proprietary  ,1350,757,2107,2719,1327,4046
01281300,JOHN WOOD COMMUNITY COLLEGE             ,IL,62305-0401,Public       ,359,404,763,719,674,1393
01308700,CAPRI GARFIELD RIDGE SCH OF BTY CLR     ,IL,60629-1613,Proprietary  ,8,54,62,11,68,79
01308800,CAPRI OAK FOREST COLLEGE OF BEAUTY      ,IL,60452-2798,Proprietary  ,45,48,93,61,78,139
02055200,HARRINGTON COLLEGE OF DESIGN            ,IL,60606-3433,Proprietary  ,325,496,821,611,680,1291
02068100,ADLER SCH OF PROFESSIONAL PSYCHLGY      ,IL,60601-0000,Private      ,2,224,226,7,498,505
02069300,VATTEROTT COLLEGE                       ,IL,62305-5938,Proprietary  ,83,228,311,106,282,388
02073200,TELSHE YESHIVA-CHICAGO                  ,IL,60625-0000,Private      ,7,2,9,9,2,11
02074400,IL EASTERN COMM COLGS-FRONTIER          ,IL,62837-0000,Public       ,80,132,212,132,205,337
02075400,KELLER GRADUATE SCHOOL OF MGMT.         ,IL,60515-5683,Proprietary  ,15,5655,5670,29,8327,8356
02113600,AMERICAN INTERCONTINENTAL UNIVERSITY    ,IL,60192-3713,Proprietary  ,1082,9463,10545,1857,16815,18672
02117400,BECK AREA CAREER CENTER                 ,IL,62278-0000,Public       ,10,50,60,13,72,85
02124400,UNIVERSITY OF SPA & COSMETOLOGY ART     ,IL,62704-0000,Proprietary  ,34,32,66,49,62,111
02150600,COSMETOLOGY AND SPA INSTITUTE (THE)     ,IL,60014-4003,Proprietary  ,23,25,48,30,34,64
02155300,THE CHICAGO SCHOOL OF PROF PSYCHOLOGY   ,IL,60610-4705,Private      ,2,535,537,10,1501,1511
02160300,INTERNATIONAL ACAD OF DESIGN & TECH     ,IL,60602-3319,Proprietary  ,638,575,1213,1333,1160,2493
02160304,INTERNATIONAL ACADEMY OF DESIGN AND TECH,IL,60173-5160,Proprietary  ,82,76,158,143,122,265
02166800,JOHN AMICO'S SCHOOL OF HAIR DESIGN      ,IL,60452-0000,Proprietary  ,2,5,7,3,8,11
02168600,EAST WEST UNIVERSITY                    ,IL,60605-0000,Private      ,246,804,1050,430,1006,1436
02179900,ARGOSY UNIVERSITY                       ,IL,60601-7757,Proprietary  ,278,5349,5627,575,12630,13205
02185400,ST AUGUSTINE COLLEGE                    ,IL,60640-0000,Private      ,137,588,725,183,746,929
02192400,MR JOHNS SCHOOL OF COSMETOLOGY          ,IL,62521-0000,Proprietary  ,5,27,32,6,29,35
02202600,CANNELLA SCHOOL OF HAIR DESIGN          ,IL,60181-1321,Proprietary  ,4,24,28,5,25,30
02214100,WEST SUBURBAN COLLEGE OF NURSING        ,IL,60302-2519,Private      ,47,138,185,104,246,350
02228100,MAC DANIEL'S BEAUTY SCHOOL              ,IL,60640-0000,Proprietary  ,2,10,12,6,17,23
02253000,CANNELLA SCHOOL OF HAIR DESIGN          ,IL,60644-0000,Proprietary  ,0,0,0,0,2,2
02261200,HAIR PROFESSIONALS ACAD COSMETOLOGY     ,IL,60118-0000,Proprietary  ,7,15,22,7,16,23
02261201,HAIR PROFESSIONALS ACADEMY OF COSMETOLOG,IL,60118-9333,Proprietary  ,2,2,4,2,2,4
02262100,HAIR PROFESSIONALS SCH COSMETOLOGY      ,IL,60543-0000,Proprietary  ,5,9,14,8,11,19
02291200,CANNELLA SCHOOL OF HAIR DESIGN          ,IL,60639-0000,Proprietary  ,8,6,14,8,14,22
02295500,CANNELLA SCHOOL OF HAIR DESIGN          ,IL,60120-0000,Proprietary  ,1,2,3,1,3,4
02297500,OEHRLEIN SCHOOL OF COSMETOLOGY          ,IL,61611-0000,Proprietary  ,11,13,24,18,22,40
02312300,LA' JAMES COLLEGE HAIRSTYLING           ,IL,61244-0000,Proprietary  ,5,7,12,9,13,22
02313900,WESTWOOD COLLEGE - O'HARE AIRPORT       ,IL,60631-2801,Proprietary  ,125,182,307,193,304,497
02317300,CONCEPT COLLEGE OF COSMETOLOGY          ,IL,61832-0000,Proprietary  ,13,24,37,17,31,48
02319200,LAKE FOREST GRAD SCHL OF MGMT           ,IL,60045-4824,Private      ,0,47,47,2,69,71
02323300,PROFESSIONAL'S CHOICE HAIR DSN ACAD     ,IL,60435-0000,Proprietary  ,5,9,14,7,10,17
02332200,HAIR PROFESSIONALS CAREER COLLEGE       ,IL,60178-0000,Proprietary  ,4,7,11,5,11,16
02337800,THE COLLEGE OF OFFICE TECHNOLOGY        ,IL,60622-0000,Proprietary  ,10,122,132,17,149,166
02349400,ALVAREITA'S COLLEGE OF COSMETOLOGY      ,IL,62035-0000,Proprietary  ,4,8,12,9,11,20
02349500,CANNELLA SCHOOL OF HAIR DESIGN          ,IL,60632-0000,Proprietary  ,6,30,36,7,34,41
02352200,COOKING & HOSPITALITY INSTITUTE         ,IL,60610-3050,Proprietary  ,298,381,679,562,651,1213
02498200,HAIR PROFESSIONALS ACAD COSMETOLOGY     ,IL,60187-0000,Proprietary  ,1,9,10,2,14,16
02498201,HAIR PROFESSIONALS ACADEMY OF COSMETOLOG,IL,60563-0000,Proprietary  ,0,0,0,1,2,3
02522800,FOX COLLEGE                             ,IL,60453-0000,Proprietary  ,91,32,123,119,40,159
02527600,LEXINGTON COLLEGE                       ,IL,60607-0000,Private      ,23,19,42,50,35,85
02536700,BELL MAR BEAUTY COLLEGE                 ,IL,60650-0000,Proprietary  ,2,2,4,2,4,6
02538100,REGENCY BEAUTY INSTITUTE                ,IL,61820-0000,Proprietary  ,0,13,13,0,15,15
02556100,ENVIRONMENTAL TECHNICAL INSTITUTE       ,IL,60143-0000,Proprietary  ,54,79,133,61,89,150
02556600,NILES SCHOOL OF COSMETOLOGY             ,IL,60714-0000,Proprietary  ,7,9,16,8,11,19
02570305,LOS ANGELES ORT TECHNICAL INSTITUTE -D/B,IL,60077-0000,Private      ,0,0,0,0,1,1
02573700,INSTITUTE FOR CLINICAL SOCIAL WORK      ,IL,60601-0000,Private      ,2,24,26,2,35,37
02579200,INGALLS MEMORIAL HOSPITAL               ,IL,60426-0000,Private      ,1,4,5,2,13,15
02584900,"FIRST INSTITUTE, INC.                   ",IL,60014-7489,Proprietary  ,3,21,24,5,30,35
02587700,HAIR PROFESSIONALS CAREER COLLEGE       ,IL,60465-1929,Proprietary  ,8,23,31,9,28,37
02599500,HANOVER PARK COLLEGE OF BEAUTY CULT     ,IL,60133-5421,Proprietary  ,11,15,26,13,20,33
02622700,KNOWLEDGE SYSTEMS INSTITUTE             ,IL,60076-0000,Private      ,0,1,1,0,6,6
03002000,HAIRMASTERS INST OF COSMETOLOGY         ,IL,61701-5547,Proprietary  ,4,26,30,10,36,46
03027702,PACIFIC COLLEGE OF ORIENTAL MEDICINE - C,IL,60613-4418,Proprietary  ,1,45,46,2,65,67
03065300,TREND SETTERS COLL OF COSMETOLOGY       ,IL,60915-2101,Proprietary  ,27,35,62,32,42,74
03072701,WESTWOOD COLLEGE OF TECHNOLOGY          ,IL,60409-0000,Proprietary  ,134,346,480,202,544,746
03072702,WESTWOOD COLLEGE OF TECHNOLOGY          ,IL,60602-0000,Proprietary  ,243,382,625,374,594,968
03078400,CAMEO BEAUTY ACADEMY                    ,IL,60453-3196,Proprietary  ,14,19,33,17,23,40
03079200,WESTWOOD COLLEGE - DUPAGE               ,IL,60517-2321,Proprietary  ,173,200,373,271,277,548
03082900,ROSEL SCHOOL OF COSMETOLOGY             ,IL,60659-1913,Proprietary  ,4,38,42,5,42,47
03083800,HEARTLAND COMMUNITY COLLEGE             ,IL,61761-9446,Public       ,458,580,1038,919,1063,1982
03098000,ST JOHN'S COLLEGE OF NURSING            ,IL,62702-5321,Private      ,21,28,49,48,51,99
03098002,ST JOHN'S HOSP SCH MED TECH             ,IL,62769-5324,Private      ,1,5,6,3,6,9
03098003,ST JOHN'S HOSPITAL SCH OF DIETETICS     ,IL,62769-0000,Private      ,0,0,0,0,2,2
03099700,CAIN'S BARBER COLLEGE                   ,IL,60615-3510,Proprietary  ,14,70,84,25,110,135
03099800,ILLINOIS SCHOOL OF HEALTH CAREERS       ,IL,60604-0000,Proprietary  ,88,311,399,140,400,540
03101800,ILLINOIS CENTER FOR BROADCASTING        ,IL,60148-7015,Proprietary  ,34,66,100,44,81,125
03128300,PYRAMID CAREER INSTITUTE                ,IL,60657-4207,Proprietary  ,0,3,3,1,3,4
03128500,NATIONAL LATINO EDUCATION INSTITUTE     ,IL,60609-2205,Private      ,13,27,40,13,32,45
03199300,CHRISTIAN LIFE COLLEGE                  ,IL,60056-2522,Private      ,4,3,7,11,5,16
03368300,MIDWEST TECHNICAL INSTITUTE             ,IL,62707-8805,Proprietary  ,78,379,457,108,519,627
03416300,COMPUTER SYSTEMS INSTITUTE              ,IL,60077-0000,Proprietary  ,9,213,222,9,215,224
03448300,BIR TRAINING CENTER                     ,IL,60659-1298,Proprietary  ,5,101,106,7,113,120
03455700,CORTIVA INSTITUTE - CHICAGO             ,IL,60602-3315,Proprietary  ,38,74,112,52,108,160
03472300,CHICAGO URBAN LEAGUE COMPUTER TRAIN     ,IL,60604-2198,Private      ,2,6,8,4,10,14
03510300,ERIKSON INSTITUTE                       ,IL,60654-4510,Private      ,0,77,77,0,253,253
03623300,VEE'S SCHOOL OF BEAUTY CULTURE          ,IL,62205-2326,Proprietary  ,1,3,4,1,4,5
03643300,"MR. JOHN'S SCHOOL OF JACKSONVILLE,  INC,",IL,62650-3488,Proprietary  ,3,18,21,4,19,23
03684300,NORTHSHORE UNIVERSITY HEALTHSYSTEM SCHOO,IL,60201-9872,Private      ,0,8,8,0,20,20
03721400,AMERICAN CAREER COLLEGE                 ,IL,60402-0000,Proprietary  ,6,27,33,7,39,46
03879300,YOUR SCHOOL OF BEAUTY CULTURE           ,IL,60653-1517,Proprietary  ,4,16,20,12,22,34
03881400,EUROPEAN MASSAGE THERAPY SCHOOL         ,IL,60077-2269,Proprietary  ,2,25,27,2,31,33
03891300,SOMA INSTITUTE - THE NATIONAL SCHOOL OF ,IL,60604-4466,Proprietary  ,16,61,77,37,83,120
03914300,"CALC, INSTITUTE OF TECHNOLOGY           ",IL,62002-5931,Proprietary  ,3,47,50,5,80,85
03955400,MIDWEST INSTITUTE OF MASSAGE THERAPY    ,IL,62223-0000,Proprietary  ,1,3,4,2,6,8
        ,ASBURY THEOLOGICAL SEMINARY             ,KY,40390-0000,Private      ,3,222,225,11,969,980
00195100,ALICE LLOYD COLLEGE                     ,KY,41844-9703,Private      ,179,28,207,911,75,986
00195200,ASBURY COLLEGE                          ,KY,40390-1198,Private      ,285,112,397,1253,206,1459
00195400,BELLARMINE UNIVERSITY                   ,KY,40205-1877,Private      ,227,254,481,2202,766,2968
00195500,BEREA COLLEGE                           ,KY,40403-0000,Private      ,651,131,782,2360,372,2732
00195800,BRESCIA UNIVERSITY                      ,KY,42301-3023,Private      ,70,64,134,375,183,558
00195900,CAMPBELLSVILLE UNIVERSITY               ,KY,42718-2799,Private      ,327,280,607,1738,678,2416
00196000,SPALDING UNIVERSITY                     ,KY,40203-2188,Private      ,94,443,537,412,1433,1845
00196100,CENTRE COLLEGE                          ,KY,40422-1394,Private      ,147,12,159,1710,42,1752
00196200,UNIVERSITY OF THE CUMBERLANDS           ,KY,40769-1372,Private      ,325,182,507,1778,453,2231
00196300,EASTERN KENTUCKY UNIVERSITY             ,KY,40475-3102,Public       ,2098,1968,4066,8063,4684,12747
00196400,GEORGETOWN COLLEGE                      ,KY,40324-1628,Private      ,254,133,387,1766,308,2074
00196500,KENTUCKY CHRISTIAN UNIVERSITY           ,KY,41143-2205,Private      ,141,46,187,654,145,799
00196800,KENTUCKY STATE UNIVERSITY               ,KY,40601-2355,Public       ,725,412,1137,2397,1001,3398
00196900,KENTUCKY WESLEYAN COLLEGE               ,KY,42302-1039,Private      ,248,45,293,1254,171,1425
00197000,LEES COLLEGE                            ,KY,41339-0000,Private      ,3,2,5,4,5,9
00197100,LEXINGTON THEOLOGICAL SEMINARY          ,KY,40508-0000,Private      ,0,29,29,0,46,46
00197200,LINDSEY WILSON COLLEGE                  ,KY,42728-1223,Private      ,185,274,459,1423,959,2382
00197400,LOUISVILLE PRESBYTERIAN THEOL SEM       ,KY,40205-0000,Private      ,2,84,86,2,124,126
00197500,MIDWAY COLLEGE                          ,KY,40347-1120,Private      ,112,319,431,488,1019,1507
00197600,MOREHEAD STATE UNIVERSITY               ,KY,40351-1689,Public       ,1226,1300,2526,4969,3080,8049
00197700,MURRAY STATE UNIVERSITY                 ,KY,42071-0009,Public       ,1382,1104,2486,4806,2410,7216
00197900,WEST KENTUCKY CMNTY & TECHNICAL COLG    ,KY,42002-7380,Public       ,360,698,1058,919,1469,2388
00197901,WEST KENTUCKY CMNTY & TECHNICAL COLG    ,KY,42001-0000,Public       ,0,0,0,18,41,59
00197903,W KY CMNTY TECH - MURRAY AREA VOC ED CTR,KY,42071-0000,Public       ,0,0,0,2,2,4
00198000,PIKEVILLE COLLEGE                       ,KY,41501-1194,Private      ,202,109,311,990,311,1301
00198001,PIKEVILLE CLG-SCH OSTEOPATHIC MEDIC     ,KY,41501-0000,Private      ,1,133,134,4,287,291
00198200,SOUTHERN BAPTIST THEOL SEMINARY         ,KY,40280-0000,Private      ,8,38,46,31,97,128
00198300,ST. CATHARINE COLLEGE                   ,KY,40061-9499,Private      ,107,58,165,474,258,732
00198700,TRANSYLVANIA UNIVERSITY                 ,KY,40508-1797,Private      ,270,16,286,1453,56,1509
00198800,UNION COLLEGE                           ,KY,40906-1499,Private      ,182,217,399,774,475,1249
00198900,UNIVERSITY OF KENTUCKY                  ,KY,40506-0054,Public       ,2664,2026,4690,11642,5333,16975
00198901,UNIV OF KY-COLLEGE OF DENTISTRY         ,KY,40536-0000,Public       ,3,117,120,7,202,209
00198902,UNIV OF KY-COLLEGE OF MEDICINE          ,KY,40536-0000,Public       ,2,120,122,14,371,385
00199000,ASHLAND COMMUNITY AND TECHNICAL COLLEGE ,KY,41101-3683,Public       ,260,550,810,816,1322,2138
00199001,ASHLAND CMNTY AND TECHNCL COLG          ,KY,41102-0000,Public       ,0,0,0,17,24,41
00199100,ELIZABETHTOWN COMMUNITY  AND TECHNICAL C,KY,42701-3081,Public       ,373,810,1183,1210,2042,3252
00199300,HENDERSON COMMUNITY COLLEGE             ,KY,42420-4699,Public       ,105,281,386,325,671,996
00199400,HOPKINSVILLE COMMUNITY COLLEGE          ,KY,42241-2621,Public       ,205,866,1071,521,1748,2269
00199600,BIG SANDY COMMUNITY AND TECHNICAL COLG  ,KY,41653-1815,Public       ,290,523,813,1047,1238,2285
00199700,SOMERSET COMMUNITY COLLEGE              ,KY,42501-2973,Public       ,554,1210,1764,1521,3111,4632
00199701,LAUREL TECHNICAL COLLEGE                ,KY,40744-0000,Public       ,0,0,0,7,12,19
00199703,SOMERSET TECHNICAL COLLEGE              ,KY,42501-3043,Public       ,0,0,0,4,10,14
00199800,SOUTHEAST KENTUCKY COMMUNITY AND TECHNIC,KY,40823-1099,Public       ,231,378,609,650,854,1504
00199802,CUMBERLAND VLY TEC CLG MIDDLESBORO      ,KY,40965-2265,Public       ,10,7,17,22,16,38
00199804,SOUTHEAST COMMUNITY COLLEGE             ,KY,40831-1796,Public       ,34,29,63,85,74,159
00199900,UNIVERSITY OF LOUISVILLE                ,KY,40292-0000,Public       ,1692,2269,3961,9662,7781,17443
00200100,THOMAS MORE COLLEGE                     ,KY,41017-3495,Private      ,206,185,391,984,407,1391
00200200,WESTERN KENTUCKY UNIVERSITY             ,KY,42101-3576,Public       ,2986,2249,5235,9612,5040,14652
00461800,SPENCERIAN COLLEGE                      ,KY,40216-2605,Proprietary  ,180,552,732,450,1212,1662
00461900,SULLIVAN UNIVERSITY                     ,KY,40205-3000,Proprietary  ,480,1076,1556,1348,2777,4125
00524300,HAZARD TECHNICAL COLLEGE                ,KY,41701-1198,Public       ,0,0,0,12,8,20
00524400,BLUEGRASS COMMUNITY & TECHNICAL COLLEGE ,KY,40506-0235,Public       ,872,1636,2508,2282,3805,6087
00527100,BOWLING GREEN TECHNICAL COLLEGE         ,KY,42101-3601,Public       ,153,319,472,382,747,1129
00527300,GATEWAY COMMUNITY & TECHNOLOGY COLL     ,KY,41011-0000,Public       ,236,645,881,483,1217,1700
00549500,KY TECH-JEFFERSON CAMPUS                ,KY,40203-2036,Public       ,0,0,0,44,123,167
00549502,SHELBY COUNTY AREA TECHNOLOGY CTR       ,KY,40065-0000,Public       ,0,0,0,7,18,25
00696000,MAYSVILLE CMNTY & TECHNCL COLG          ,KY,41056-8910,Public       ,177,457,634,441,1020,1461
00696002,MAYSVILLE CMNTY & TECHNCL COLG - ROWAN  ,KY,40351-8359,Public       ,0,0,0,10,21,31
00696100,JEFFERSON COMMUNITY AND TECHNICAL COLLEG,KY,40202-2005,Public       ,1056,1896,2952,2897,5075,7972
00696200,HAZARD COMMUNITY COLLEGE                ,KY,41701-2402,Public       ,242,422,664,947,1096,2043
00696203,KY TECH-KNOTT CO. TECHNOLOGY CTR        ,KY,41822-0000,Public       ,0,2,2,1,2,3
00696204,KY TECH-LESLIE COUNTY AREA TECH CTR     ,KY,41749-0000,Public       ,0,0,0,3,0,3
00696205,KY TECH-LEE COUNTY AREA TECH CTR        ,KY,41311-0000,Public       ,1,1,2,1,2,3
00696206,KY TECH-LETCHER CNTY AREA TECH CTR      ,KY,41858-0000,Public       ,8,4,12,14,9,23
00696207,KY TECH-BREATHITT COUNTY VOC ED CTR     ,KY,41339-0000,Public       ,3,0,3,6,9,15
00842500,DAYMAR COLLEGE                          ,KY,42001-0000,Proprietary  ,19,74,93,50,131,181
00901000,MADISONVILLE COMMUNITY COLLEGE          ,KY,42431-9199,Public       ,222,581,803,675,1434,2109
00927500,NORTHERN KENTUCKY UNIVERSITY            ,KY,41099-0001,Public       ,1712,1865,3577,5895,4143,10038
00931300,DAYMAR COLLEGE                          ,KY,42301-5830,Proprietary  ,62,433,495,96,658,754
00931302,DAYMAR COLLEGE - LOUISVILLE CAMPUS      ,KY,40219-1973,Proprietary  ,2,17,19,9,32,41
01042400,SALON PROFESSIONAL ACADEMY THE          ,KY,40502-1776,Proprietary  ,9,24,33,16,36,52
01048900,NATIONAL COLLEGE                        ,KY,40508-0000,Proprietary  ,137,945,1082,277,2338,2615
01172500,COLLINS SCHOOL OF COSMETOLOGY           ,KY,40965-2809,Proprietary  ,7,24,31,8,30,38
01208800,SULLIVAN COLLEGE OF TECHNOLOGY AND DESIG,KY,40218-4528,Proprietary  ,91,96,187,329,257,586
01212801,SOUTHWESTERN COLLEGE                    ,KY,41042-1466,Proprietary  ,39,193,232,45,228,273
01240400,LEXINGTON BEAUTY COLLEGE                ,KY,40503-1819,Proprietary  ,3,23,26,6,42,48
01291400,EMPIRE BEAUTY SCHOOL                    ,KY,40218-0000,Proprietary  ,45,114,159,57,132,189
01291500,EMPIRE BEAUTY SCHOOL                    ,KY,41042-5113,Proprietary  ,25,74,99,29,87,116
01291600,EMPIRE BEAUTY SCHOOL                    ,KY,40216-4212,Proprietary  ,18,51,69,20,58,78
01291700,EMPIRE BEAUTY SCHOOL                    ,KY,40160-0000,Proprietary  ,28,51,79,34,63,97
01296800,EMPIRE BEAUTY SCHOOL                    ,KY,40207-2695,Proprietary  ,35,49,84,41,54,95
02159100,"APPALACHIAN BEAUTY SCHOOL, INC.         ",KY,41503-0000,Proprietary  ,9,11,20,13,17,30
02177100,EMPIRE BEAUTY SCHOOL                    ,KY,40204-0000,Proprietary  ,23,49,72,39,57,96
02251500,TREND SETTERS ACAD OF BEAUTY CULT       ,KY,40258-0000,Proprietary  ,3,9,12,9,19,28
02275000,JENNY LEA ACADEMY OF COSMETOLOGY        ,KY,40831-0000,Proprietary  ,14,49,63,17,57,74
02279800,ELIZABETHTOWN BEAUTY SCHOOL             ,KY,42701-0000,Proprietary  ,6,14,20,14,23,37
02284306,INTERACTIVE LEARNING SYSTEMS            ,KY,41042-0000,Proprietary  ,2,21,23,2,26,28
02323700,PAT WILSON'S BEAUTY COLLEGE             ,KY,42420-0000,Proprietary  ,3,20,23,4,22,26
02337200,PJ'S COLLEGE OF COSMETOLOGY             ,KY,42101-0000,Proprietary  ,20,114,134,34,157,191
02340800,PAUL MITCHELL THE SCHOOL LEXINGTON      ,KY,40601-0000,Proprietary  ,2,3,5,2,6,8
02351700,DONTA SCHOOL OF BEAUTY CULTURE          ,KY,40203-0000,Proprietary  ,4,15,19,6,23,29
02491100,BECKFIELD COLLEGE                       ,KY,41042-0000,Proprietary  ,52,206,258,95,510,605
02518900,BARRETT & COMPANY SCH HAIR DESIGN       ,KY,40356-0000,Proprietary  ,16,30,46,24,49,73
02526100,JENNY LEA ACADEMY OF COSMETOLOGY        ,KY,41858-0000,Proprietary  ,2,11,13,4,14,18
02535600,CLEAR CREEK BAPTIST BIBLE COLLEGE       ,KY,40977-0000,Private      ,7,45,52,22,82,104
02551100,PJ'S COLLEGE OF COSMETOLOGY             ,KY,42121-0000,Proprietary  ,5,22,27,5,28,33
02560800,SOUTHEAST SCHOOL OF COSMETOLOGY         ,KY,40962-0000,Proprietary  ,8,19,27,12,34,46
02576200,MID-CONTINENT UNIVERSITY                ,KY,42066-9007,Private      ,81,589,670,176,1130,1306
02616204,BROWN MACKIE COLLEGE-FINDLAY - BROWN MAC,KY,40219-1916,Proprietary  ,74,294,368,150,812,962
03002100,KENTUCKY MOUNTAIN BIBLE COLLEGE         ,KY,41385-0010,Private      ,14,8,22,35,14,49
03007000,FRONTIER SCH OF MIDWIFERY&FAMILY NU     ,KY,41749-0000,Private      ,0,168,168,0,306,306
03026200,HEAD'S WEST KENTUCKY BEAUTY COLLEGE     ,KY,42431-0000,Proprietary  ,2,22,24,2,24,26
03029200,NU-TEK ACADEMY OF BEAUTY                ,KY,40353-9767,Proprietary  ,5,10,15,8,13,21
03034500,OWENSBORO COMMUNITY & TECHNICAL COLLEGE ,KY,42303-1899,Public       ,322,569,891,882,1340,2222
03083700,GALEN HEALTH INSTITUTES                 ,KY,40207-1047,Proprietary  ,100,556,656,180,1086,1266
03103500,MR JIM'S BEAUTY COLLEGE                 ,KY,42301-2646,Proprietary  ,1,6,7,6,9,15
03106700,MOTIF BEAUTY ACADEMY                    ,KY,40391-1958,Proprietary  ,5,12,17,8,18,26
03516500,EZELL'S COSMETOLOGY SCHOOL              ,KY,42071-2530,Proprietary  ,8,20,28,10,20,30
03611300,BRIGHTON CENTER'S CENTER FOR EMPLOY     ,KY,41071-1968,Private      ,0,11,11,0,16,16
03804300,BELLEFONTE ACADEMY OF BEAUTY            ,KY,41169-2015,Proprietary  ,0,3,3,1,6,7
03885300,EMPLOYMENT SOLUTIONS                    ,KY,40517-3260,Private      ,2,14,16,2,17,19
03886300,REGENCY SCHOOL OF HAIR DESIGN           ,KY,41653-1278,Proprietary  ,6,13,19,8,14,22
04038300,ATA CAREER EDUCATION                    ,KY,40223-3832,Proprietary  ,23,186,209,41,268,309
00200300,CENTENARY COLLEGE OF LOUISIANA          ,LA,71104-3396,Private      ,474,66,540,967,120,1087
00200400,DILLARD UNIVERSITY                      ,LA,70122-3097,Private      ,661,167,828,1460,309,1769
00200500,NICHOLLS STATE UNIVERSITY               ,LA,70310-0001,Public       ,2673,1069,3742,4135,1697,5832
00200600,GRAMBLING STATE UNIVERSITY              ,LA,71245-2215,Public       ,2487,1024,3511,5163,2048,7211
00200700,LOUISIANA COLLEGE                       ,LA,71359-0000,Private      ,482,104,586,805,157,962
00200800,LOUISIANA TECH UNIVERSITY               ,LA,71272-0001,Public       ,3344,1002,4346,5305,1711,7016
00201000,LOUISIANA STATE UNIV & A&M COLG         ,LA,70803-5710,Public       ,10153,2711,12864,16432,4897,21329
00201100,LOUISIANA STATE UNIV-ALEXANDRIA         ,LA,71302-9121,Public       ,672,810,1482,1019,1372,2391
00201200,LOUISIANA STATE UNIV-EUNICE             ,LA,70535-6726,Public       ,891,556,1447,1390,956,2346
00201300,LOUISIANA STATE UNIV-SHREVEPORT         ,LA,71115-2399,Public       ,1197,1092,2289,1767,1718,3485
00201400,LA STATE UNIV HEALTH SCIENCES CTR       ,LA,70112-2223,Public       ,207,852,1059,280,1392,1672
00201500,(THE) UNIVERSITY OF NEW ORLEANS         ,LA,70148-0001,Public       ,2817,2196,5013,4247,3345,7592
00201600,LOYOLA UNIVERSITY NEW ORLEANS           ,LA,70118-6195,Private      ,848,726,1574,1943,1275,3218
00201700,MCNEESE STATE UNIVERSITY                ,LA,70609-4510,Public       ,2543,1225,3768,3855,2021,5876
00201900,NEW ORLEANS BAPTIST THEOL SEMINARY      ,LA,70126-0000,Private      ,12,37,49,19,61,80
00202000,UNIVERSITY OF LOUISIANA AT MONROE       ,LA,71209-9001,Public       ,3029,1744,4773,5023,2942,7965
00202100,NORTHWESTERN STATE UNIVERSITY           ,LA,71497-0001,Public       ,2967,1830,4797,4826,3136,7962
00202200,NOTRE DAME SEMINARY                     ,LA,70118-0000,Private      ,1,1,2,2,2,4
00202300,OUR LADY OF HOLY CROSS COLLEGE          ,LA,70131-7399,Private      ,263,345,608,440,631,1071
00202400,SOUTHEASTERN LOUISIANA UNIV             ,LA,70402-0001,Public       ,5421,2192,7613,7806,3324,11130
00202500,SOUTHERN UNIVERSITY A & M COLLEGE       ,LA,70813-9374,Public       ,3608,2339,5947,6333,4222,10555
00202600,SOUTHERN UNIV NEW ORLEANS               ,LA,70126-0002,Public       ,476,988,1464,742,1550,2292
00202700,ST JOSEPH SEMINARY COLLEGE              ,LA,70457-9990,Private      ,13,6,19,21,6,27
00202900,TULANE UNIVERSITY                       ,LA,70118-5698,Private      ,1338,1600,2938,5146,3747,8893
00203100,UNIV OF LOUISIANA AT LAFAYETTE          ,LA,70504-0001,Public       ,5901,1967,7868,8989,3278,12267
00203200,XAVIER UNIVERSITY OF LOUISIANA          ,LA,70125-1098,Private      ,1359,570,1929,2942,1003,3945
00462100,AYERS CAREER COLLEGE                    ,LA,71108-5845,Proprietary  ,24,165,189,34,214,248
00462500,DELGADO COMMUNITY COLLEGE               ,LA,70119-0000,Public       ,2125,3420,5545,2947,5483,8430
00520300,REMINGTON COLLEGE - LAFAYETTE CAMPUS    ,LA,70508-5760,Proprietary  ,260,706,966,305,946,1251
00520306,REMINGTON COLLEGE - BATON ROUGE CAMPUS  ,LA,70816-4040,Proprietary  ,94,286,380,118,396,514
00546700,SOWELA TECHNICAL COMMUNITY COLLEGE      ,LA,70616-6950,Public       ,272,268,540,357,371,728
00547200,LOUISIANA TECHNICAL COLLEGE - SIDNEY N. ,LA,70126-5511,Public       ,4,5,9,5,19,24
00548800,LOUISIANA TECH COLG-BATON ROUGE         ,LA,70807-0000,Public       ,122,215,337,168,314,482
00548802,LOUISIANA TECH COLG-ACADIAN CMPS        ,LA,70526-0000,Public       ,14,37,51,20,55,75
00548803,LOUISIANA TECH COLG-ALEXANDRIA CMPS     ,LA,71302-3137,Public       ,51,145,196,68,231,299
00548804,LOUISIANA TECH COLG-ASCENSION CMPS      ,LA,70778-3007,Public       ,28,16,44,40,28,68
00548805,LA TECH COLLEGE-AVOYELLES CAMPUS        ,LA,71327-0000,Public       ,17,26,43,26,35,61
00548806,LA TECHNICAL COLG-BASTROP CMPS          ,LA,71221-0000,Public       ,10,65,75,12,85,97
00548808,LA TECH COLG CHARLES B COREILCMPS       ,LA,70586-0000,Public       ,16,52,68,32,77,109
00548809,LA TECHNICAL COLG-DELTA-OUACHITA        ,LA,71292-9064,Public       ,90,135,225,137,222,359
00548810,EVANGELINE TECHNICAL INST               ,LA,70582-3104,Public       ,10,23,33,12,44,56
00548811,LA TECHN COLLEGE - FLORIDA PARISHES     ,LA,70441-0000,Public       ,5,31,36,8,39,47
00548812,LOUISIANA TECH COLG-FOLKES CAMPUS       ,LA,70748-0000,Public       ,2,22,24,5,30,35
00548813,LA TECHNICAL INST-GULF AREA CMPS        ,LA,70510-0878,Public       ,37,62,99,52,98,150
00548814,LOUISIANA TECH COLG-HAMMOND CMPS        ,LA,70404-0000,Public       ,31,44,75,44,66,110
00548815,LA TECH COLG-HUEY P. LONG CAMPUS        ,LA,71483-0000,Public       ,16,31,47,19,47,66
00548816,LA TECH COLLEGE-JEFFERSON CAMPUS        ,LA,70001-5605,Public       ,10,30,40,16,53,69
00548817,LOUISIANA TEC CLG-JUMONVILLE MEM CP     ,LA,70760-0000,Public       ,20,36,56,24,46,70
00548818,LA TECH COLLEGE-LAFAYETTE CAMPUS        ,LA,70506-0000,Public       ,138,202,340,188,306,494
00548819,LOUISIANA TECHNICAL COLLEGE-LAFOURC     ,LA,70301-4336,Public       ,37,55,92,49,81,130
00548820,LOUISIANA TEC CLG-LAMAR SALTER CMPS     ,LA,71446-0000,Public       ,18,57,75,22,80,102
00548822,LOUISIANA TECHNICAL CLG-MANSFIELD       ,LA,71052-1236,Public       ,15,30,45,19,50,69
00548823,LA. TECH COLG.-MORGAN SMITH CAMPUS      ,LA,70546-0000,Public       ,13,27,40,17,36,53
00548824,LOUISIANA TEC CLG-NATCHITOCHES CMPS     ,LA,71458-0000,Public       ,28,59,87,35,87,122
00548825,LOUISIANA TECH COLG-NORTH CTRL CMPS     ,LA,71241-0000,Public       ,16,9,25,18,17,35
00548826,LOUISIANA TECH CLG-NORTHEAST LA CMP     ,LA,71295-2999,Public       ,8,28,36,15,44,59
00548827,LOUISIANA TEC CLG-NW LOUISIANA CMPS     ,LA,71058-0000,Public       ,51,69,120,64,114,178
00548828,LA TECHNICAL COLG-OAKDALE CMPS          ,LA,71463-0000,Public       ,12,23,35,15,39,54
00548829,LTC-RIVER PARISHES CAMPUS               ,LA,70084-0000,Public       ,47,83,130,61,114,175
00548830,LOUISIANA TECHNICAL COLLEGE-RUSTON      ,LA,71273-0000,Public       ,110,54,164,191,90,281
00548831,LTC - SABINE VALLEY CAMPUS              ,LA,71449-3839,Public       ,11,20,31,16,28,44
00548832,LOUISIANA TECH COLG-SHELBY JACKSON      ,LA,71334-0000,Public       ,8,45,53,11,61,72
00548833,LA TECH COLG SHREVEPORT-BOSSIER         ,LA,71137-0000,Public       ,66,220,286,100,347,447
00548835,LA TECHNICAL COLLEGE-SLIDELL CAMPUS     ,LA,70459-0000,Public       ,1,2,3,1,7,8
00548837,LOUISIANA TECH COLG-SULLIVAN CAMPUS     ,LA,70427-5866,Public       ,39,80,119,56,113,169
00548838,LOUISIANA TECHNICAL COLG - TALLULAH     ,LA,71284-0000,Public       ,11,35,46,18,54,72
00548839,LA TECH COLG-TECHE AREA CAMPUS          ,LA,70562-0000,Public       ,46,66,112,71,103,174
00548840,LOUISIANA TECH COLG-T.H.HARRIS CMPS     ,LA,70570-6113,Public       ,134,146,280,180,213,393
00548841,LOUISIANA TECH COLG W JEFFERSON CMP     ,LA,70058-0000,Public       ,8,9,17,9,20,29
00548842,LOUISIANA TECHNICAL COLLEGE - WESTSIDE C,LA,70765-0733,Public       ,4,15,19,5,21,26
00548843,LTC-YOUNG MEMORIAL CAMPUS               ,LA,70381-0000,Public       ,25,48,73,28,66,94
00576100,L. E. FLETCHER TECHNICAL COMMUNITY COLLE,LA,70360-2863,Public       ,149,133,282,206,211,417
00576101,L.E. FLETCHER TECHNICAL COMMUNITY COLLEG,LA,70360-7310,Public       ,34,23,57,50,38,88
00768600,SOUTHERN UNIV AT SHREVEPORT/BOSSIER     ,LA,71107-4795,Public       ,388,797,1185,570,1223,1793
00806700,LSU HEALTH SCIENCES CENTR-SHREVEPOR     ,LA,71130-3932,Public       ,74,421,495,147,683,830
00989800,DEMMON SCHOOL OF BEAUTY                 ,LA,70607-2128,Proprietary  ,5,21,26,7,21,28
01005701,AMERICAN COMMERCIAL COLLEGE             ,LA,71105-2502,Proprietary  ,17,43,60,20,101,121
01109700,CLOYD'S BEAUTY SCHOOL #1                ,LA,71291-3131,Proprietary  ,7,24,31,7,25,32
01163100,"D-JAY'S SCHL OF BEAUTY, ARTS & SCI      ",LA,70806-0000,Proprietary  ,10,15,25,15,20,35
01184100,JOHN JAY BEAUTY COLLEGE                 ,LA,70124-2592,Proprietary  ,6,8,14,8,12,20
01261100,RONNIE & DORMANS SCHOOL HAIR DESIGN     ,LA,70501-0000,Proprietary  ,4,11,15,4,11,15
01282300,PAT GOINS RUSTON BEAUTY SCHOOL          ,LA,71270-4301,Proprietary  ,3,2,5,5,4,9
01287900,PAT GOINS BENTON ROAD BEAUTY SCHOOL     ,LA,71111-4838,Proprietary  ,1,8,9,2,11,13
01288000,PAT GOINS BEAUTY SCHOOL                 ,LA,71201-5167,Proprietary  ,1,7,8,5,10,15
02055400,BOSSIER PARISH COMMUNITY COLLEGE        ,LA,71111-0000,Public       ,961,1094,2055,1304,1641,2945
02055500,DELTA SCH OF BUSINESS & TECHNOLOGY      ,LA,70601-0000,Proprietary  ,58,144,202,88,261,349
02089711,HERZING COLLEGE                         ,LA,70062-8727,Proprietary  ,1,17,18,4,29,33
02117800,AVEDA INSTITUTE LAFAYETTE               ,LA,70503-3246,Proprietary  ,36,35,71,44,44,88
02166100,NUNEZ COMMUNITY COLLEGE                 ,LA,70043-0000,Public       ,71,154,225,101,215,316
02166200,ITI TECHNICAL COLLEGE                   ,LA,70817-0000,Proprietary  ,117,164,281,143,232,375
02197500,BATON ROUGE SCHOOL OF COMPUTERS         ,LA,70816-0000,Proprietary  ,10,32,42,16,42,58
02234000,CAMERON COLLEGE                         ,LA,70119-0000,Proprietary  ,8,14,22,10,19,29
02258400,AVEDA INSTITUTE BATON ROUGE             ,LA,70816-2246,Proprietary  ,50,34,84,59,56,115
02260200,DIESEL DRIVING ACADEMY                  ,LA,71109-5617,Proprietary  ,9,62,71,9,68,77
02263600,BASTROP BEAUTY SCHOOL #1                ,LA,71220-0000,Proprietary  ,1,1,2,1,6,7
02265600,JOHN JAY KENNER ACADEMY                 ,LA,70062-0000,Proprietary  ,16,31,47,19,37,56
02269300,STEVENSON'S ACADEMY OF HAIR DESIGN      ,LA,70116-0000,Proprietary  ,9,14,23,15,21,36
02323100,PAT GOINS SHREVEPORT BEAUTY SCHOOL      ,LA,71108-4354,Proprietary  ,2,11,13,3,16,19
02327800,PINEVILLE BEAUTY SCHOOL                 ,LA,71360-0000,Proprietary  ,20,31,51,23,35,58
02335701,BATON ROUGE GEN MED CTR SCH NSG         ,LA,70821-0000,Private      ,26,45,71,32,91,123
02335702,BATON ROUGE GEN MED CTR-RAD TECH        ,LA,70806-0000,Private      ,24,9,33,34,23,57
02338000,"CLOYD'S BEAUTY SCHOOL #2, INC           ",LA,71202-3539,Proprietary  ,6,23,29,6,23,29
02352500,"CLOYD'S BEAUTY SCHOOL #3, INC           ",LA,71201-3211,Proprietary  ,8,25,33,12,27,39
02358600,"STAGE ONE THE HAIR SCHOOL, INC.         ",LA,70605-0000,Proprietary  ,25,25,50,27,38,65
02493400,ALEXANDRIA ACADEMY OF BEAUTY CULT       ,LA,71301-0000,Proprietary  ,3,27,30,5,31,36
02518300,SOUTH LOUISIANA BEAUTY COLLEGE          ,LA,70363-0000,Proprietary  ,4,4,8,4,14,18
02536400,LOUISIANA ACADEMY OF BEAUTY             ,LA,70535-0000,Proprietary  ,7,7,14,7,7,14
02538300,DELTA COLLEGE OF ARTS & TECH INC        ,LA,70806-1529,Proprietary  ,36,137,173,40,191,231
02538301,DELTA COLLEGE OF ARTS & TECHNOLOGY - LAF,LA,70508-6831,Proprietary  ,17,32,49,22,46,68
02548500,COSMETOLOGY TRAINING CENTER             ,LA,70503-0000,Proprietary  ,11,15,26,12,18,30
02554800,VANGUARD COLLEGE OF COSMETOLOGY         ,LA,70458-8823,Proprietary  ,7,16,23,9,19,28
02582200,"GUY'S ACADEMY HAIR, SKIN & NAILS        ",LA,71105-2404,Proprietary  ,17,37,54,17,42,59
02600900,AVEDA INSTITUTE                         ,LA,70433-2922,Proprietary  ,149,230,379,195,295,490
02601000,AMERICAN SCHOOL OF BUSINESS             ,LA,71105-5646,Proprietary  ,7,18,25,8,23,31
02601100,OPELOUSAS SCHOOL OF COSMETOLOGY         ,LA,70570-6156,Proprietary  ,7,12,19,9,17,26
02606800,CAREER TRAINING SPECIALISTS             ,LA,71201-6046,Proprietary  ,81,185,266,118,346,464
02606801,CAREER TECHNICAL COLLEGE - SHREVEPORT   ,LA,71105-2405,Proprietary  ,35,185,220,45,259,304
02617100,BATON ROUGE COLLEGE                     ,LA,70816-2246,Proprietary  ,19,22,41,31,41,72
02619200,DENHAM SPRINGS BEAUTY COLLEGE           ,LA,70726-3829,Proprietary  ,13,17,30,14,19,33
03010400,CRESCENT CITY SCH GAMING & BARTENDG     ,LA,70119-5507,Proprietary  ,6,77,83,7,82,89
03023500,CAMELOT CAREER COLLEGE                  ,LA,70805-7539,Proprietary  ,7,8,15,13,17,30
03030900,DIESEL DRIVING ACADEMY                  ,LA,70815-8109,Proprietary  ,16,131,147,16,137,153
03061400,ASCENSION COLLEGE                       ,LA,70737-2912,Proprietary  ,37,88,125,45,107,152
03095100,GRETNA CAREER COLLEGE                   ,LA,70053-2436,Proprietary  ,12,89,101,12,92,104
03106200,OUR LADY OF THE LAKE COLLEGE            ,LA,70808-4345,Private      ,475,673,1148,748,1229,1977
03253300,JONESVILLE BEAUTY SCHOOL                ,LA,71343-0000,Proprietary  ,4,10,14,5,10,15
03294300,BLUE CLIFF SCH THERAPEUTIC MASSAGE      ,LA,70002-3458,Proprietary  ,46,149,195,57,206,263
03332600,DELTA COLLEGE                           ,LA,70433-9042,Proprietary  ,28,105,133,42,139,181
03332601,DELTA COLLEGE - SLIDELL                 ,LA,70460-2624,Proprietary  ,10,44,54,13,51,64
03356300,MEDICAL TRAINING COLLEGE                ,LA,70816-5820,Proprietary  ,29,61,90,37,98,135
03422500,BLUE CLIFF COLLEGE                      ,LA,71107-6520,Proprietary  ,50,158,208,57,203,260
03422600,BLUE CLIFF COLLEGE                      ,LA,70508-3858,Proprietary  ,34,104,138,43,129,172
03480300,MEDVANCE INSTITUTE                      ,LA,70809-1908,Proprietary  ,154,831,985,178,967,1145
03498400,OMEGA INSTITUTE OF COSMETOLOGY          ,LA,70360-0000,Proprietary  ,15,16,31,19,25,44
03727500,MOORE CAREER COLLEGE                    ,LA,70808-4191,Proprietary  ,19,31,50,20,45,65
03730300,BATON ROUGE COMMUNITY COLLEGE           ,LA,78806-4129,Public       ,1606,1353,2959,2139,2122,4261
03752400,SCHOOL OF URBAN MISSIONS                ,LA,70053-0000,Private      ,11,11,22,27,28,55
03789300,UNITECH TRAINING ACADEMY                ,LA,70503-5132,Proprietary  ,22,99,121,27,120,147
03789400,RIVER PARISHES COMMUNITY COLLEGE        ,LA,70778-0310,Public       ,126,133,259,179,216,395
03810500,COURT REPORTING INSTITUTE OF LOUISI     ,LA,70816-0000,Proprietary  ,5,21,26,7,27,34
03858300,RAY'S FAITH ACADEMY OF BEAUTY EDUCATION ,LA,70737-0000,Proprietary  ,0,2,2,1,4,5
03956300,SOUTH LOUISIANA COMMUNITY COLLEGE       ,LA,70506-0000,Public       ,426,383,809,547,529,1076
04040300,COMPASS CAREER COLLEGE                  ,LA,70403-0653,Proprietary  ,9,36,45,11,45,56
04112300,LOUISIANA CULINARY INSTITUTE            ,LA,70816-4109,Proprietary  ,16,20,36,31,33,64
00143600,CAPITOL COLLEGE                         ,MD,20708-9759,Private      ,50,51,101,245,147,392
00146200,WASHINGTON BIBLE COLLEGE                ,MD,20706-3599,Private      ,28,82,110,72,160,232
00205700,ALLEGANY COLLEGE OF MARYLAND            ,MD,21502-2596,Public       ,423,375,798,1339,875,2214
00205800,ANNE ARUNDEL COMMUNITY COLLEGE          ,MD,21012-1895,Public       ,516,934,1450,1825,2325,4150
00206000,BALTIMORE HEBREW UNIVERSITY             ,MD,21215-3996,Private      ,0,8,8,2,29,31
00206100,BALTIMORE CITY COMMUNITY COLLEGE        ,MD,21215-7893,Public       ,355,1082,1437,1334,3338,4672
00206200,BOWIE STATE UNIVERSITY                  ,MD,20715-9465,Public       ,898,710,1608,5401,2420,7821
00206300,COMMUNITY COLLEGE OF BALTIMORE COUNTY   ,MD,21228-5381,Public       ,863,1902,2765,3281,5172,8453
00206400,COLLEGE OF SOUTHERN MARYLAND            ,MD,20646-0910,Public       ,298,504,802,1354,1476,2830
00206500,CLG NOTRE DAME OF MARYLAND              ,MD,21210-2476,Private      ,50,191,241,664,742,1406
00206700,COLUMBIA UNION COLLEGE                  ,MD,20912-7796,Private      ,188,148,336,598,412,1010
00206800,COPPIN STATE UNIVERSITY                 ,MD,21216-3698,Public       ,482,683,1165,2686,2425,5111
00207100,FREDERICK COMMUNITY COLLEGE             ,MD,21702-9745,Public       ,192,328,520,797,862,1659
00207200,FROSTBURG STATE UNIVERSITY              ,MD,21532-1099,Public       ,551,185,736,4706,782,5488
00207300,GOUCHER COLLEGE                         ,MD,21204-2794,Private      ,117,99,216,2324,349,2673
00207400,HAGERSTOWN COMMUNITY COLLEGE            ,MD,21742-6590,Public       ,196,297,493,785,797,1582
00207500,HARFORD COMMUNITY COLLEGE               ,MD,21015-1696,Public       ,252,362,614,877,869,1746
00207600,HOOD COLLEGE                            ,MD,21701-8575,Private      ,192,172,364,1763,497,2260
00207700,JOHNS HOPKINS UNIVERSITY                ,MD,21218-2693,Private      ,264,211,475,4629,758,5387
00207702,JOHNS HOPKINS UNIV SCH ARTS/SCI/ENG     ,MD,21218-0000,Private      ,647,341,988,3068,892,3960
00207703,JOHNS HOPKINS UNIV SCH OF BUS/ED        ,MD,21046-0000,Private      ,5,435,440,30,1024,1054
00207705,JOHNS HOPKINS BLOOMBERG SCH OF PH       ,MD,21205-0000,Private      ,2,283,285,13,946,959
00207706,JOHNS HOPKINS UNIV SCH OF MEDICINE      ,MD,21205-0000,Private      ,8,171,179,83,828,911
00207707,JOHNS HOPKINS UNIV SCH OF NURSING       ,MD,21205-0000,Private      ,20,126,146,186,600,786
00207708,JOHNS HOPKINS UNIV PEABODY CONSERV      ,MD,21202-2397,Private      ,36,57,93,539,356,895
00207800,LOYOLA UNIVERSITY MARYLAND              ,MD,21210-2699,Private      ,386,414,800,5169,1157,6326
00208000,MARYLAND INST COLLEGE OF ART            ,MD,21217-4191,Private      ,216,110,326,1997,465,2462
00208300,MORGAN STATE UNIVERSITY                 ,MD,21251-0002,Public       ,1783,767,2550,8170,2625,10795
00208600,MOUNT SAINT MARY'S UNIVERSITY           ,MD,21727-7799,Private      ,173,66,239,2294,180,2474
00208700,NER ISRAEL RABBINICAL COLLEGE           ,MD,21208-1198,Private      ,16,2,18,76,25,101
00208900,PRINCE GEORGES COMMUNITY COLLEGE        ,MD,20774-2199,Public       ,901,1535,2436,2445,3267,5712
00209100,SALISBURY UNIVERSITY                    ,MD,21801-6862,Public       ,928,270,1198,6970,967,7937
00209200,ST JOHN'S COLLEGE                       ,MD,21404-0000,Private      ,64,48,112,594,120,714
00209500,ST. MARY'S COLLEGE OF MARYLAND          ,MD,20686-3001,Public       ,147,27,174,2149,119,2268
00209600,ST MARY'S SEMINARY & UNIV               ,MD,21210-1994,Private      ,2,5,7,12,14,26
00209900,TOWSON UNIVERSITY                       ,MD,21252-0002,Public       ,1516,944,2460,14966,3856,18822
00210200,UNIVERSITY OF BALTIMORE                 ,MD,21201-5779,Public       ,145,925,1070,1041,3884,4925
00210300,"UNIVERSITY OF MARYLAND, COLLEGE PARK    ",MD,20742-5145,Public       ,2560,2243,4803,22291,7613,29904
00210400,"UNIVERSITY OF MARYLAND, BALTIMORE       ",MD,21201-1691,Public       ,200,1058,1258,1750,6730,8480
00210500,UMBC                                    ,MD,21250-0002,Public       ,599,543,1142,6639,2519,9158
00210600,UNIVERSITY MARYLAND EASTERN SHORE       ,MD,21853-4053,Public       ,700,210,910,3974,914,4888
00210700,STEVENSON UNIVERSITY                    ,MD,21153-0641,Private      ,260,129,389,3109,672,3781
00210800,WASHINGTON COLLEGE                      ,MD,21620-1197,Private      ,62,8,70,1589,38,1627
00210900,MCDANIEL COLLEGE                        ,MD,21157-4390,Private      ,105,109,214,2487,331,2818
00458612,KAPLAN COLLEGE                          ,MD,21742-2797,Proprietary  ,71,235,306,224,511,735
00458614,KAPLAN COLLEGE - FREDERICK              ,MD,21704-8307,Proprietary  ,13,72,85,21,98,119
00465000,CHESAPEAKE COLLEGE                      ,MD,21679-0008,Public       ,143,262,405,611,673,1284
00691100,MONTGOMERY COLLEGE                      ,MD,20850-1195,Public       ,1353,1477,2830,4982,4030,9012
00734100,INTERNATIONAL BEAUTY SCHOOL             ,MD,21502-2370,Proprietary  ,3,10,13,9,10,19
00744700,DEL-MAR-VA BEAUTY ACADEMY               ,MD,21804-0000,Proprietary  ,4,17,21,7,21,28
00749100,TESST COLLEGE OF TECHNOLOGY             ,MD,21227-1063,Proprietary  ,107,344,451,207,570,777
00793600,LINCOLN TECHNICAL INSTITUTE             ,MD,21046-1544,Proprietary  ,233,265,498,422,363,785
00817500,HOWARD COMMUNITY COLLEGE                ,MD,21044-3197,Public       ,380,473,853,1406,1351,2757
00826300,AWARD BEAUTY SCHOOL                     ,MD,21740-5624,Proprietary  ,2,3,5,3,5,8
00830800,CECIL COLLEGE                           ,MD,21901-1999,Public       ,131,173,304,407,381,788
01001400,GARRETT COMMUNITY COLLEGE               ,MD,21541-1265,Public       ,75,57,132,373,125,498
01031900,MEDIX SCHOOL                            ,MD,21204-2538,Proprietary  ,93,454,547,153,604,757
01041000,TESST COLLEGE OF TECHNOLOGY             ,MD,21286-2201,Proprietary  ,57,121,178,133,322,455
01164400,UNIV OF MARYLAND UNIVERSITY COLLEGE     ,MD,20783-8078,Public       ,375,5269,5644,1053,10454,11507
01164402,U OF MD UNIVERSITY COLLEGE - EUROPE     ,MD,20832-0000,Public       ,58,596,654,178,1078,1256
01164404,U OF MD UNIVERSITY COLLEGE - ASIA       ,MD,31207-0000,Public       ,23,321,344,35,521,556
02073900,WOR-WIC COMMUNITY COLLEGE               ,MD,21804-0000,Public       ,141,347,488,641,964,1605
02083600,TESST COLLEGE OF TECHNOLOGY             ,MD,20705-2698,Proprietary  ,93,145,238,143,190,333
02116005,SANFORD-BROWN INSTITUTE - LANDOVER      ,MD,20785-2287,Proprietary  ,29,184,213,48,339,387
02127900,SOJOURNER DOUGLASS COLLEGE              ,MD,21205-0000,Private      ,20,307,327,65,1162,1227
02155100,MARYLAND COLLEGE OF ART AND DESIGN      ,MD,20902-0000,Private      ,10,4,14,52,10,62
02269700,INTERNATIONAL BEAUTY SCHOOL             ,MD,21014-0000,Proprietary  ,11,12,23,17,22,39
02288900,ABI-ACCUTECH BUSINESS INSTITUTE         ,MD,21703-0000,Proprietary  ,0,0,0,0,2,2
02314800,BALTIMORE INTERNATIONAL COLLEGE         ,MD,21202-0000,Private      ,100,89,189,432,282,714
02331000,MARYLAND BEAUTY ACADEMY OF ESSEX        ,MD,21221-0000,Proprietary  ,13,33,46,19,41,60
02333000,HAIR ACADEMY                            ,MD,20784-0000,Proprietary  ,4,12,16,9,23,32
02343800,MONTGOMERY BEAUTY SCHOOL                ,MD,20901-0000,Proprietary  ,6,9,15,9,18,27
02494700,BALTIMORE STUDIO OF HAIR DESIGN         ,MD,21201-0000,Proprietary  ,15,38,53,30,57,87
02495000,ROBERT PAUL ACAD COSMTGY ARTS & SCI     ,MD,21093-0000,Proprietary  ,17,24,41,33,37,70
02495100,MARYLAND BEAUTY ACADEMY                 ,MD,21136-0000,Proprietary  ,3,9,12,4,17,21
02545400,NORTH AMERICAN TRADE SCHOOLS            ,MD,21244-0069,Proprietary  ,65,319,384,73,331,404
02573800,"L' ACADEMIE DE CUISINE, INC.            ",MD,20877-0000,Proprietary  ,18,41,59,36,75,111
02578400,TAI SOPHIA INSTITUTE                    ,MD,20723-6010,Private      ,0,58,58,0,118,118
03027200,BLADES SCHOOL OF HAIR DESIGN            ,MD,20619-0226,Proprietary  ,4,23,27,6,26,32
03064900,AARON'S ACADEMY OF BEAUTY               ,MD,20602-2715,Proprietary  ,7,20,27,10,26,36
03097200,AESTHETICS INSTITUTE OF COSMETOLOGY     ,MD,20877-1305,Proprietary  ,0,3,3,0,6,6
03100700,CARROLL COMMUNITY COLLEGE               ,MD,21157-6913,Public       ,112,166,278,562,397,959
03148300,AMERICAN BEAUTY ACADEMY                 ,MD,20902-1911,Proprietary  ,22,52,74,28,61,89
03296300,BALTIMORE SCHOOL OF MASSAGE             ,MD,21090-2261,Proprietary  ,42,122,164,57,147,204
03327300,NEW CREATIONS ACADEMY OF HAIR DSN       ,MD,20746-2960,Proprietary  ,2,7,9,2,11,13
03493300,ALL-STATE CAREER SCHOOL                 ,MD,21224-6658,Proprietary  ,91,366,457,103,423,526
03771300,AMERICAN CAREER INSTITUTE               ,MD,20902-4637,Proprietary  ,1,18,19,2,25,27
03822400,MAPLE SPRINGS BAPTIST BIBLE COLLEGE & SE,MD,20743-5711,Private      ,3,15,18,4,20,24
03965500,HAIR EXPRESSIONS ACADEMY                ,MD,20852-1729,Proprietary  ,2,16,18,6,21,27
        ,MGH INSTITUTE OF HEALTH PROFESSION      ,MA,02129-0000,Private      ,2,120,122,8,718,726
00211400,AMERICAN INTERNATIONAL COLLEGE          ,MA,01109-3189,Private      ,554,463,1017,1619,916,2535
00211500,AMHERST COLLEGE                         ,MA,01002-5000,Private      ,448,26,474,3058,77,3135
00211600,ANDOVER NEWTON THEOLOGICAL SCHOOL       ,MA,02459-0000,Private      ,0,78,78,0,159,159
00211700,ANNA MARIA COLLEGE                      ,MA,01612-1198,Private      ,232,96,328,910,226,1136
00211800,ASSUMPTION COLLEGE                      ,MA,01615-1294,Private      ,261,112,373,3675,310,3985
00211900,ATLANTIC UNION COLLEGE                  ,MA,01561-1000,Private      ,127,108,235,255,176,431
00212000,MERRIMACK COLLEGE                       ,MA,01845-5800,Private      ,451,47,498,3271,106,3377
00212100,BABSON COLLEGE                          ,MA,02457-0310,Private      ,311,263,574,1746,478,2224
00212200,BAY PATH COLLEGE                        ,MA,01106-2212,Private      ,185,355,540,674,683,1357
00212300,BECKER COLLEGE-WORCESTER                ,MA,01615-0071,Private      ,458,276,734,1698,545,2243
00212400,BENTLEY UNIVERSITY                      ,MA,02452-4705,Private      ,751,188,939,5269,457,5726
00212600,BERKLEE COLLEGE OF MUSIC                ,MA,02215-3693,Private      ,767,223,990,2932,507,3439
00212800,BOSTON COLLEGE                          ,MA,02467-3800,Private      ,1659,864,2523,15383,5008,20391
00212900,BOSTON CONSERVATORY OF MUSIC            ,MA,02215-9830,Private      ,110,65,175,771,212,983
00213000,BOSTON UNIVERSITY                       ,MA,02215-1789,Private      ,3270,3540,6810,22940,11045,33985
00213300,BRANDEIS UNIVERSITY                     ,MA,02453-2700,Private      ,740,217,957,3971,631,4602
00213900,CLARK UNIVERSITY                        ,MA,01610-1473,Private      ,534,164,698,3539,399,3938
00214000,ELMS COLLEGE                            ,MA,01013-2839,Private      ,252,159,411,890,364,1254
00214100,COLLEGE OF THE HOLY CROSS               ,MA,01610-2395,Private      ,624,4,628,4666,45,4711
00214300,CURRY COLLEGE                           ,MA,02186-2395,Private      ,534,273,807,3061,575,3636
00214400,DEAN COLLEGE                            ,MA,02038-1994,Private      ,320,28,348,1220,82,1302
00214500,EASTERN NAZARENE COLLEGE                ,MA,02170-2999,Private      ,234,97,331,665,191,856
00214507,EASTERN NAZARENE CLG - LEAD PROGRAM     ,MA,02170-0000,Private      ,6,12,18,16,27,43
00214600,EMERSON COLLEGE                         ,MA,02116-4624,Private      ,611,289,900,4868,1225,6093
00214700,EMMANUEL COLLEGE                        ,MA,02115-5798,Private      ,248,83,331,3179,224,3403
00214800,ENDICOTT COLLEGE                        ,MA,01915-2098,Private      ,214,55,269,3152,134,3286
00214900,EPISCOPAL DIVINITY SCHOOL               ,MA,02138-0000,Private      ,0,27,27,0,54,54
00215000,FISHER COLLEGE                          ,MA,02116-1500,Private      ,317,250,567,929,470,1399
00215100,BENJAMIN FRANKLIN INSTITUTE OF TECH     ,MA,02116-6296,Public       ,209,109,318,406,163,569
00215300,GORDON COLLEGE                          ,MA,01984-1899,Private      ,400,22,422,1787,53,1840
00215400,HELLENIC COLLEGE                        ,MA,02445-7496,Private      ,14,53,67,37,81,118
00215500,HARVARD UNIVERSITY                      ,MA,02138-3800,Private      ,193,83,276,3401,482,3883
00215501,AMRCN REPERTORY THTR INST ADV THTR      ,MA,02138-0000,Private      ,0,8,8,0,88,88
00215502,HARVARD BUSINESS SCHOOL                 ,MA,02163-0000,Private      ,13,635,648,109,1353,1462
00215503,HARVARD EXTENSION SCHOOL                ,MA,02138-0000,Private      ,45,263,308,83,477,560
00215504,HARVARD SCH OF DENTAL MEDICINE          ,MA,02115-0000,Private      ,0,82,82,2,180,182
00215505,HARVARD UNIV GRAD SCH DESIGN            ,MA,02138-0000,Private      ,2,189,191,3,750,753
00215506,HARVARD DIVINITY SCHOOL                 ,MA,02138-0000,Private      ,4,32,36,5,602,607
00215507,HARVARD UNIV GRAD SCH ED                ,MA,02138-0000,Private      ,0,151,151,4,1125,1129
00215508,HARVARD UNIV GRAD S OF ARTS & SCIEN     ,MA,02138-0000,Private      ,6,66,72,47,638,685
00215509,HARVARD JOHN F KENNEDY SCHL OF GOVT     ,MA,02138-0000,Private      ,2,81,83,14,1037,1051
00215510,HARVARD LAW SCHOOL                      ,MA,02138-0000,Private      ,10,887,897,39,3218,3257
00215511,HARVARD UNIV MEDICAL SCHOOL             ,MA,02115-0000,Private      ,9,343,352,56,855,911
00215512,HARVARD UNIV SCH PUBLIC HEALTH          ,MA,02115-0000,Private      ,5,60,65,33,641,674
00215513,HARVARD UNIVERSITY-HARVARD COLLEGE      ,MA,02138-0000,Private      ,1058,54,1112,10214,242,10456
00215700,HEBREW COLLEGE                          ,MA,02459-2237,Private      ,3,54,57,7,73,80
00215800,LASELL COLLEGE                          ,MA,02466-2716,Private      ,467,42,509,1956,82,2038
00216000,LESLEY UNIVERSITY                       ,MA,02138-2790,Private      ,353,1981,2334,1774,3428,5202
00216100,UMASS LOWELL                            ,MA,01854-3089,Public       ,1241,803,2044,6206,2005,8211
00216300,MARIST COLLEGE & SEMINARY               ,MA,01701-0000,Private      ,1,105,106,9,326,335
00216400,NEW ENGLAND COLLEGE OF OPTOMETRY        ,MA,02115-1129,Private      ,1,130,131,7,410,417
00216500,MASS. COLLEGE OF PHARMACY  & HEALTH SCIE,MA,02115-5804,Private      ,302,261,563,2995,1737,4732
00216700,BERKSHIRE COMMUNITY COLLEGE             ,MA,01201-5786,Public       ,294,317,611,494,543,1037
00216800,CAPE COD COMMUNITY COLLEGE              ,MA,02668-1599,Public       ,415,450,865,841,773,1614
00216900,GREENFIELD COMMUNITY COLLEGE            ,MA,01301-9739,Public       ,276,378,654,501,622,1123
00217000,HOLYOKE COMMUNITY COLLEGE               ,MA,01040-1099,Public       ,1196,1114,2310,2122,1924,4046
00217100,MASSACHUSETTS BAY COMMUNITY COLLEGE     ,MA,02181-0000,Public       ,676,729,1405,1168,1197,2365
00217200,MOUNT WACHUSETT COMMUNITY COLLEGE       ,MA,01440-1000,Public       ,487,705,1192,983,1349,2332
00217300,NORTH SHORE COMMUNITY COLLEGE           ,MA,01923-4093,Public       ,793,984,1777,1390,1620,3010
00217400,NORTHERN ESSEX COMMUNITY COLLEGE        ,MA,01830-2399,Public       ,650,964,1614,1061,1430,2491
00217500,QUINSIGAMOND COMMUNITY COLLEGE          ,MA,01606-2092,Public       ,805,941,1746,1714,1722,3436
00217600,BRISTOL COMMUNITY COLLEGE               ,MA,02720-7399,Public       ,1021,1099,2120,1866,1889,3755
00217700,MASSASOIT COMMUNITY COLLEGE             ,MA,02302-3996,Public       ,912,1008,1920,1823,1692,3515
00217800,MASSACHUSETTS INST OF TECHNOLOGY        ,MA,02139-4307,Private      ,900,651,1551,7805,1894,9699
00218000,MASSACHUSETTS COLLEGE OF ART AND DESIGN ,MA,02115-5803,Public       ,239,129,368,1717,530,2247
00218100,MASSACHUSETTS MARITIME ACADEMY          ,MA,02532-3400,Public       ,289,23,312,854,45,899
00218300,BRIDGEWATER STATE COLLEGE               ,MA,02325-0001,Public       ,1052,532,1584,7890,1628,9518
00218400,FITCHBURG STATE COLLEGE                 ,MA,01420-2697,Public       ,573,294,867,3782,763,4545
00218500,FRAMINGHAM STATE COLLEGE                ,MA,01702-2471,Public       ,692,254,946,3744,572,4316
00218700,MASSACHUSETTS CLG OF LIBERAL ARTS       ,MA,01247-4100,Public       ,269,93,362,1478,301,1779
00218800,SALEM STATE COLLEGE                     ,MA,01970-5353,Public       ,1533,830,2363,6378,1893,8271
00218900,WESTFIELD STATE COLLEGE                 ,MA,01086-1630,Public       ,859,268,1127,5375,675,6050
00219000,WORCESTER STATE COLLEGE                 ,MA,01602-2597,Public       ,704,398,1102,4165,1139,5304
00219200,MOUNT HOLYOKE COLLEGE                   ,MA,01075-1492,Private      ,505,58,563,2082,232,2314
00219300,MOUNT IDA COLLEGE                       ,MA,02459-3323,Private      ,580,101,681,1922,207,2129
00219400,NEW ENGLAND CONSERVATORY OF MUSIC       ,MA,02115-5018,Private      ,28,61,89,587,557,1144
00219700,NICHOLS COLLEGE                         ,MA,01571-6346,Private      ,245,49,294,1627,129,1756
00219900,NORTHEASTERN UNIVERSITY                 ,MA,02115-5000,Private      ,2619,1464,4083,23915,5585,29500
00220100,PINE MANOR COLLEGE                      ,MA,02167-0000,Private      ,185,40,225,501,92,593
00220200,BLESSED JOHN XXIII NATIONAL SEMINARY    ,MA,02493-0000,Private      ,0,1,1,0,1,1
00220500,QUINCY COLLEGE                          ,MA,02169-4501,Public       ,306,688,994,591,1250,1841
00220600,REGIS COLLEGE                           ,MA,02193-0000,Private      ,254,159,413,1145,388,1533
00220800,SIMMONS COLLEGE                         ,MA,02115-5898,Private      ,247,470,717,2356,2218,4574
00220900,SMITH COLLEGE                           ,MA,01063-2936,Private      ,297,100,397,2717,826,3543
00221000,UNIV OF MASSACHUSETTS-DARTMOUTH         ,MA,02747-2300,Public       ,1335,442,1777,8279,1385,9664
00221100,SPRINGFIELD COLLEGE                     ,MA,01109-3797,Private      ,593,1238,1831,3133,2471,5604
00221400,ST JOHN'S SEMINARY                      ,MA,02135-8839,Private      ,6,18,24,7,20,27
00221700,STONEHILL COLLEGE                       ,MA,02357-6110,Private      ,253,24,277,4675,79,4754
00221800,SUFFOLK UNIVERSITY                      ,MA,02108-2770,Private      ,581,465,1046,6900,1690,8590
00221802,SUFFOLK UNIVERSITY LAW SCHOOL           ,MA,02108-0000,Private      ,12,378,390,115,2420,2535
00221900,TUFTS UNIVERSITY                        ,MA,02155-5808,Private      ,399,392,791,7812,1949,9761
00221901,TUFTS UNIV SCH OF DENTAL MEDICINE       ,MA,02111-0000,Private      ,0,293,293,2,780,782
00221902,TUFTS UNIVERSITY - CUMMINGS SCHOOL OF VE,MA,01536-0000,Private      ,1,106,107,23,392,415
00221904,TUFTS UNIV SCHOOL OF MEDICINE           ,MA,02111-0000,Private      ,2,213,215,35,1167,1202
00222100,UNIV OF MASSACHUSETTS-AMHERST           ,MA,01003-0000,Public       ,3138,1374,4512,24065,4310,28375
00222200,UNIV OF MASSACHUSETTS-BOSTON            ,MA,02125-3393,Public       ,1675,2257,3932,6120,5027,11147
00222400,WELLESLEY COLLEGE                       ,MA,02481-8203,Private      ,556,32,588,2818,113,2931
00222500,WENTWORTH INSTITUTE OF TECHNOLOGY       ,MA,02115-5998,Private      ,752,148,900,3255,331,3586
00222600,WESTERN NEW ENGLAND COLLEGE             ,MA,01119-2654,Private      ,668,373,1041,4128,1157,5285
00222700,WHEATON COLLEGE                         ,MA,02766-2322,Private      ,251,14,265,2271,35,2306
00222800,WHEELOCK COLLEGE                        ,MA,02215-4176,Private      ,200,221,421,1103,484,1587
00222900,WILLIAMS COLLEGE                        ,MA,01267-2600,Private      ,480,7,487,2782,56,2838
00223300,WORCESTER POLYTECHNIC INSTITUTE         ,MA,01609-2280,Private      ,634,83,717,4624,245,4869
00396500,BAY STATE COLLEGE                       ,MA,02116-2901,Proprietary  ,267,102,369,794,238,1032
00396600,BOSTON ARCHITECTURAL COLLEGE            ,MA,02115-2795,Private      ,146,392,538,366,597,963
00466100,HAMPSHIRE COLLEGE                       ,MA,01002-3359,Private      ,481,30,511,2031,82,2113
00466600,SALTER COLLEGE                          ,MA,01583-1700,Proprietary  ,191,749,940,251,1047,1298
00466700,SCHOOL OF MUSEUM OF FINE ARTS           ,MA,02115-5534,Private      ,139,70,209,772,276,1048
00466900,UPPER CAPE COD REGIONAL VOC TECH        ,MA,02532-3310,Public       ,6,34,40,10,55,65
00527900,GREATER LOWELL REGNL VOC TECH SCH       ,MA,01879-0000,Public       ,9,40,49,13,48,61
00551900,DIMAN REGIONAL VOC TECH INST            ,MA,02723-3519,Public       ,4,22,26,6,44,50
00552300,BLUE HILLS REGIONAL VOC TECH            ,MA,02021-1398,Public       ,11,56,67,18,88,106
00555700,MCCANN TECHNICAL SCHOOL                 ,MA,01247-0000,Public       ,9,24,33,11,38,49
00613600,NATIONAL AVIATION ACADEMY - NEW ENGLAND ,MA,01730-2620,Proprietary  ,37,47,84,52,52,104
00632200,BROCKTON HOSPITAL SCH OF NURSING        ,MA,02302-0000,Private      ,29,91,120,94,319,413
00632400,LABOURE COLLEGE                         ,MA,02124-5698,Private      ,41,185,226,119,402,521
00633100,LAWRENCE MEM HOSPITAL SCH OF NRSNG      ,MA,02155-1643,Private      ,24,170,194,49,301,350
00687300,MARIAN COURT COLLEGE                    ,MA,01907-2896,Private      ,110,49,159,171,70,241
00748100,GIBBS COLLEGE                           ,MA,02116-2904,Proprietary  ,87,173,260,149,319,468
00748400,NEWBURY COLLEGE                         ,MA,02445-5796,Private      ,265,79,344,1362,194,1556
00748600,THE NEW ENGLAND INSTITUTE OF ART        ,MA,02445-7295,Proprietary  ,540,166,706,1439,386,1825
00748800,KAPLAN CAREER INSTITUTE                 ,MA,02129-1644,Proprietary  ,31,111,142,61,211,272
00807800,SPRINGFIELD TECHNICAL COMMUNITY CLG     ,MA,01105-0000,Public       ,770,1230,2000,1383,2191,3574
00891600,NEW ENGLAND SCHOOL OF LAW               ,MA,02116-0000,Private      ,2,495,497,9,1876,1885
00912900,EMPIRE BEAUTY SCHOOL                    ,MA,02148-0000,Proprietary  ,16,17,33,19,27,46
00964500,BARD COLLEGE AT SIMON'S ROCK            ,MA,01230-9702,Private      ,200,2,202,356,4,360
00974700,GORDON-CONWELL THEOLOGICAL SEMINARY     ,MA,01982-0000,Private      ,0,219,219,1,494,495
00975600,UNIVERSITY OF MASS MEDICAL CENTER       ,MA,01655-0000,Public       ,4,366,370,13,672,685
00987700,HENRI'S SCHOOL OF HAIR DESIGN           ,MA,01420-5675,Proprietary  ,3,7,10,6,7,13
00989900,LOWELL ACADEMY HAIRSTYLING INST         ,MA,01852-1909,Proprietary  ,5,8,13,6,8,14
00993600,MIDDLESEX COMMUNITY COLLEGE             ,MA,01730-1197,Public       ,339,251,590,631,443,1074
00993602,"MIDDLESEX COMMUNITY COLLEGE, LOWELL     ",MA,01852-0000,Public       ,631,469,1100,1114,758,1872
01121000,BUNKER HILL COMMUNITY COLLEGE           ,MA,02129-2991,Public       ,1058,1735,2793,1939,2985,4924
01151000,EVEREST INSTITUTE                       ,MA,02135-7638,Proprietary  ,92,312,404,103,325,428
01193000,ROXBURY COMMUNITY COLLEGE               ,MA,02120-3400,Public       ,248,767,1015,439,1292,1731
01204200,MANSFIELD BEAUTY SCHOOLS                ,MA,02169-5061,Proprietary  ,13,44,57,18,50,68
01206800,MANSFIELD BEAUTY SCHOOL                 ,MA,01103-1410,Proprietary  ,6,30,36,7,36,43
01238600,SOUTHEASTERN TECHNICAL INSTITUTE        ,MA,02375-1780,Public       ,10,61,71,24,88,112
01241400,EMPIRE BEAUTY SCHOOL                    ,MA,02116-1914,Proprietary  ,3,0,3,5,0,5
01255300,WHITTIER REGIONAL VOC TECH SCHOOL       ,MA,01830-1898,Public       ,3,1,4,4,3,7
01288100,MONTACHUSETT REG VOC TECH SCH           ,MA,01420-4649,Public       ,3,24,27,5,33,38
01292100,EMPIRE BEAUTY SCHOOL                    ,MA,02215-0000,Proprietary  ,43,74,117,55,82,137
01294800,ROB ROY ACADEMY                         ,MA,02721-5330,Proprietary  ,10,19,29,14,21,35
02063000,MONTSERRAT COLLEGE OF ART               ,MA,01915-0000,Private      ,69,15,84,376,39,415
02063800,BUTERA SCHOOL OF ART                    ,MA,02116-0000,Proprietary  ,20,4,24,40,5,45
02076700,EMPIRE BEAUTY SCHOOL                    ,MA,02148-0000,Proprietary  ,27,36,63,37,46,83
02079400,EMPIRE BEAUTY SCHOOL                    ,MA,02453-0000,Proprietary  ,23,44,67,24,50,74
02092100,MASSACHUSETTS SCHOOL OF BARBERING       ,MA,02169-0000,Proprietary  ,3,11,14,4,14,18
02092200,EMPIRE BEAUTY SCHOOL                    ,MA,01852-0000,Proprietary  ,16,58,74,18,60,78
02122000,NEW ENGLAND HAIR ACADEMY                ,MA,02148-0000,Proprietary  ,18,8,26,27,18,45
02137000,ROB ROY ACADEMY                         ,MA,02780-0000,Proprietary  ,5,7,12,6,7,13
02137200,MASS GEN HOSP DIETETIC INTERNSHIP       ,MA,02114-0000,Private      ,3,6,9,4,9,13
02143000,LONGY SCHOOL OF MUSIC                   ,MA,02138-3599,Private      ,8,42,50,32,113,145
02161300,WESTON JESUIT SCHOOL OF THEOLOGY        ,MA,02138-0000,Private      ,0,15,15,0,61,61
02163500,NEW ENGLAND SCHOOL OF PHOTOGRAPHY       ,MA,02215-0000,Proprietary  ,37,37,74,73,54,127
02169900,ASSABET VALLEY REGIONAL VOC SCHOOL      ,MA,01752-0000,Public       ,6,25,31,18,40,58
02181600,ROB ROY ACADEMY                         ,MA,01609-0000,Proprietary  ,26,29,55,30,60,90
02182900,CAMBRIDGE COLLEGE                       ,MA,02138-5304,Private      ,64,1405,1469,104,2282,2386
02197900,NORTH BENNET STREET SCHOOL              ,MA,02113-0000,Private      ,14,48,62,29,69,98
02215100,HALLMARK INSTITUTE OF PHOTOGRAPHY       ,MA,01376-0000,Proprietary  ,62,73,135,148,133,281
02219501,MILDRED ELLEY - PITTSFIELD              ,MA,01201-5300,Proprietary  ,0,2,2,3,3,6
02220400,CATHERINE HINDS INST OF ESTHETICS       ,MA,01801-0000,Proprietary  ,19,44,63,34,54,88
02237100,JOSEPH P KEEFE TECHNICAL SCHOOL         ,MA,01701-5698,Public       ,1,2,3,2,3,5
02274300,CONWAY SCHOOL OF LANDSCAPE DESIGN       ,MA,01341-0179,Private      ,0,14,14,0,21,21
02325700,LABARON HAIRDRESSING ACADEMY            ,MA,02740-0000,Proprietary  ,6,11,17,7,11,18
02325800,LABARON HAIRDRESSING ACAD-BROCKTON      ,MA,02301-0000,Proprietary  ,6,12,18,6,13,19
02337400,BANCROFT SCHOOL OF MASSAGE THERAPY      ,MA,01604-4614,Proprietary  ,6,11,17,10,16,26
02338200,BAY STATE SCHOOL OF TECHNOLOGY          ,MA,02021-0000,Proprietary  ,7,60,67,11,67,78
02339400,ROB ROY ACADEMY                         ,MA,02746-0000,Proprietary  ,2,4,6,5,4,9
02491700,CORTIVA INSTITUTE -  BOSTON             ,MA,02472-2577,Proprietary  ,8,50,58,8,59,67
02523900,ELIZABETH GRADY SCHOOL OF ESTHETICS     ,MA,02155-0000,Proprietary  ,10,18,28,17,31,48
02579800,NEW ENGLAND SCHOOL OF ACUPUNCTURE       ,MA,02458-0000,Private      ,1,81,82,1,126,127
02614901,SANFORD-BROWN INSTITUTE - SPRINGFIELD   ,MA,01104-1739,Proprietary  ,3,0,3,3,2,5
03066700,AILANO SCHOOL OF COSMETOLOGY            ,MA,02303-4740,Proprietary  ,4,9,13,9,10,19
03104000,SHAWSHEEN ADULT TECHNICAL INSTITUTE     ,MA,01821-5499,Public       ,6,27,33,8,35,43
03120800,KAY HARVEY HAIRDRESSING ACADEMY         ,MA,01089-2701,Proprietary  ,7,30,37,7,35,42
03127700,SOUTHERN NEW ENGLAND SCHOOL OF LAW      ,MA,02747-1252,Private      ,1,137,138,1,239,240
03130500,URBAN COLLEGE OF BOSTON                 ,MA,02111-1093,Private      ,19,180,199,31,346,377
03194300,BOSTON GRAD SCH OF PSYCHOANALYSIS       ,MA,02446-4602,Private      ,0,12,12,1,23,24
03196300,LINCOLN TECHNICAL INSTITUTE             ,MA,02145-1102,Proprietary  ,56,122,178,111,227,338
03196302,LINCOLN TECHNICAL INSTITUTE             ,MA,01852-5119,Proprietary  ,58,108,166,91,164,255
03205400,JOLIE HAIR & BEAUTY ACADEMY             ,MA,01056-2769,Proprietary  ,16,13,29,16,13,29
03232302,LINCOLN TECHNICAL INSTITUTE             ,MA,02401-1818,Proprietary  ,26,83,109,29,86,115
03235300,MASSACHUSETTS SCHOOL OF LAW             ,MA,01810-1094,Private      ,1,309,310,1,433,434
03240300,HAIR IN MOTION BEAUTY ACADEMY           ,MA,01604-2213,Proprietary  ,2,4,6,2,5,7
03248300,BOSTON BAPTIST COLLEGE                  ,MA,02136-4000,Private      ,30,12,42,52,25,77
03316400,FUNERAL INSTITUTE OF THE NORTHEAST      ,MA,02062-4766,Proprietary  ,6,27,33,11,43,54
03504300,NATL GRAD SCH OF QUALITY SYSTM MGMT     ,MA,02540-0000,Private      ,0,2,2,0,5,5
03763300,MEDICAL PROFESSIONAL INSTITUTE          ,MA,02148-8143,Proprietary  ,1,17,18,3,29,32
03859300,E.I.N.E.                                ,MA,01876-4709,Proprietary  ,0,8,8,0,13,13
03946300,FRANKLIN W. OLIN COLLEGE OF ENGINEERING ,MA,02492-1200,Private      ,13,2,15,367,5,372
04039300,SULLIVAN AND COGLIANO TRAINING CENTER   ,MA,02301-1822,Proprietary  ,9,132,141,9,135,144
00401000,INSTITUT INTERNAT'L D'ETUDES FRANCA     ,FC,00000-0000,Public       ,0,1,1,0,2,2
00401200,HEBREW UNIVERSITY OF JERUSALEM (THE)    ,FC,00000-0000,Public       ,14,55,69,40,102,142
00403000,UNIVERSITY OF CAMBRIDGE                 ,FC,00000-0000,Public       ,0,19,19,0,38,38
00503400,AMERICAN UNIVERSITY OF CAIRO            ,FC,00000-0000,Private      ,25,78,103,59,145,204
00667100,KATHOLIEKE UNIVERSITEIT LEUVEN          ,FC,00000-0000,Private      ,0,10,10,0,22,22
00669000,UNIVERSITY OF COPENHAGEN                ,FC,00000-0000,Public       ,3,3,6,6,6,12
00669100,UNIVERSITY OF CAMBRIDGE - PEMBROKE      ,FC,00000-0000,Public       ,1,11,12,1,15,16
00669200,UNIVERSITY OF LEEDS                     ,FC,00000-0000,Public       ,5,32,37,15,68,83
00669300,UNIV OF LONDON-LONDON SCHOOL ECON       ,FC,00000-0000,Public       ,3,197,200,15,416,431
00669400,SCH OF ORIENTAL & AFRICAN STUDIES       ,FC,00000-0000,Public       ,3,43,46,9,107,116
00669500,UNIV OF LONDON-UNIVERSITY COLLEGE       ,FC,00000-0000,Public       ,10,99,109,20,228,248
00669600,UNIV OF LONDON-SCH ADVANCED STUDY       ,FC,00000-0000,Public       ,0,5,5,0,14,14
00669700,"QUEEN MARY, UNIVERSITY OF LONDON        ",FC,00000-0000,Public       ,4,31,35,11,59,70
00669900,UNIVERSITY OF SUSSEX                    ,FC,00000-0000,Public       ,6,25,31,15,60,75
00670000,"UNIVERSITY OF YORK, THE                 ",FC,00000-0000,Public       ,5,31,36,9,88,97
00670400,UNIVERSITY COLLEGE CORK                 ,FC,00000-0000,Public       ,2,18,20,9,39,48
00671300,UPPSALA UNIVERSITY                      ,FC,00000-0000,Public       ,0,4,4,0,14,14
00671500,UNIVERSITY OF GENEVA                    ,FC,00000-0000,Public       ,0,12,12,0,32,32
00683900,UNIVERSITY OF EDINBURGH                 ,FC,00000-0000,Public       ,26,149,175,77,333,410
00684200,UNIVERSITY OF DUBLIN TRINITY COLLEG     ,FC,00000-0000,Public       ,7,57,64,25,96,121
00685000,UNIVERSITY OF CAMBRIDGE - DOWNING C     ,FC,00000-0000,Public       ,0,1,1,1,2,3
00685100,INTERNATIONAL CHRISTIAN UNIVERSITY      ,FC,00000-0000,Private      ,1,5,6,9,6,15
00763200,UNIVERSITY OF BRISTOL                   ,FC,00000-0000,Public       ,0,23,23,7,69,76
00768100,COLLEGE OF EUROPE                       ,FC,00000-0000,Private      ,0,2,2,1,3,4
00770500,ROYAL COLLEGE OF SURGEONS IN IRELAN     ,FC,00000-0000,Private      ,1,32,33,1,49,50
00788100,AMERICAN UNIVERSITY OF PARIS            ,FC,00000-0000,Private      ,68,59,127,207,118,325
00837100,AMERICAN UNIVERSITY OF BEIRUT           ,FC,00000-0000,Private      ,11,14,25,38,43,81
00837300,TEL-AVIV UNIVERSITY                     ,FC,00000-0000,Public       ,1,34,35,6,56,62
00837700,UNIVERSITEIT VAN AMSTERDAM(UNIVERSI     ,FC,00000-0000,Public       ,0,36,36,2,75,77
00838000,UNIVERSITY OF WARWICK                   ,FC,00000-0000,Public       ,1,16,17,5,42,47
00838300,UNIVERSITY OF GLASGOW                   ,FC,00000-0000,Public       ,8,122,130,29,239,268
00838600,UNIVERSITY OF HELSINKI                  ,FC,00000-0000,Public       ,0,4,4,0,6,6
00839300,UNIVERSITY OF OSLO                      ,FC,00000-0000,Public       ,1,3,4,3,8,11
00839400,UNIVERSITY OF OXFORD                    ,FC,00000-0000,Public       ,3,59,62,9,122,131
00839800,UNIVERSITY OF SHEFFIELD (THE)           ,FC,00000-0000,Public       ,1,24,25,4,59,63
00839900,UNIVERSITY OF SOUTHAMPTON               ,FC,00000-0000,Public       ,0,10,10,1,32,33
00845000,KASTURBA MEDICAL COLLEGE (A CONSTITENT I,FC,00000-0000,Private      ,7,33,40,22,82,104
00845200,ABERYSTWYTH UNIVERSITY                  ,FC,00000-0000,Public       ,1,8,9,12,21,33
00846000,UNIVERSITY OF NEWCASTLE UPON TYNE       ,FC,00000-0000,Public       ,2,21,23,6,37,43
00846100,UNIVERSITY OF SAINT ANDREWS             ,FC,00000-0000,Public       ,31,55,86,75,93,168
00846200,UNIVERSIDAD DE SALAMANCA                ,FC,00000-0000,Public       ,2,19,21,6,37,43
00850500,UNIVERSITY OF MELBOURNE                 ,FC,00000-0000,Public       ,5,38,43,9,84,93
00858600,SWANSEA UNIVERSITY                      ,FC,00000-0000,Public       ,4,11,15,8,25,33
00858700,UNIVERSITY OF DURHAM                    ,FC,00000-0000,Public       ,5,22,27,11,56,67
00866500,UNIVERSITY OF KENT AT CANTERBURY (THE)  ,FC,00000-0000,Public       ,2,47,49,7,98,105
00866600,UNIVERSITY OF HONG KONG                 ,FC,00000-0000,Public       ,4,10,14,11,26,37
00867000,UNIVERSITY OF NEW SOUTH WALES           ,FC,00000-0000,Public       ,5,25,30,13,53,66
00868700,UNIVERSITY OF ESSEX                     ,FC,00000-0000,Public       ,0,22,22,4,46,50
00869200,LEIDEN UNIVERSITY                       ,FC,00000-0000,Public       ,0,19,19,2,51,53
00869300,CITY UNIVERSITY                         ,FC,00000-0000,Public       ,3,32,35,5,67,72
00890800,THE UNIVERSITY OF BIRMINGHAM            ,FC,00000-0000,Public       ,2,21,23,6,54,60
00891000,UNIVERSITY OF HULL                      ,FC,00000-0000,Public       ,2,6,8,2,13,15
00892000,UNIVERSITY OF NOTTINGHAM                ,FC,00000-0000,Public       ,4,39,43,12,78,90
00900600,UNIVERSITY OF SALFORD (THE)             ,FC,00000-0000,Public       ,0,6,6,2,10,12
00908400,"UNIV OF LONDON, BIRKBECK                ",FC,00000-0000,Public       ,1,15,16,2,35,37
00908500,UNIV OF LONDON KING'S COLLEGE           ,FC,00000-0000,Public       ,8,65,73,19,140,159
00908600,UNIVERSITY OF LONDON - ROYAL HOLLOWAY   ,FC,00000-0000,Public       ,3,25,28,11,45,56
00914300,BAR-ILAN UNIVERSITY                     ,FC,00000-0000,Private      ,1,3,4,4,5,9
00924700,ARCHITECTURAL ASSOC SCH OF ARCHITEC     ,FC,00000-0000,Private      ,0,8,8,1,16,17
00924900,UNIVERSITY OF LIVERPOOL                 ,FC,00000-0000,Public       ,3,32,35,12,49,61
00936800,UNIVERSITY OF ABERDEEN                  ,FC,00000-0000,Public       ,13,38,51,29,87,116
00942300,ROYAL COLLEGE OF ART                    ,FC,00000-0000,Public       ,0,9,9,1,28,29
00942400,ROYAL ACADEMY OF DRAMATIC ART           ,FC,00000-0000,Private      ,0,3,3,5,9,14
00942800,TECHNION-ISRAEL INST OF TECHLGY         ,FC,00000-0000,Public       ,0,26,26,0,36,36
00944200,UNIVERSITY OF EXETER                    ,FC,00000-0000,Public       ,2,20,22,7,59,66
00944400,UNIVERSITY OF LANCASTER                 ,FC,00000-0000,Public       ,2,16,18,6,27,33
00963400,UNIVERSITY OF OXFORD ST CATHERINE'S     ,FC,00000-0000,Public       ,0,6,6,1,12,13
00980800,UNIVERSITY OF STRATHCLYDE               ,FC,00000-0000,Public       ,2,11,13,6,18,24
00981700,UNIVERSITY OF SANTO TOMAS               ,FC,00000-0000,Private      ,2,8,10,4,22,26
00986000,UNIVERSITY OF SURREY                    ,FC,00000-0000,Public       ,1,2,3,2,8,10
00988800,KAROLINSKA INSTITUTET                   ,FC,00000-0000,Public       ,0,3,3,0,8,8
00990600,PONTIFICAL NORTH AMERICAN COLLEGE       ,FC,00000-0000,Private      ,1,0,1,1,1,2
00992700,UNIVERSITY OF CAMBRIDGE - FITZWILLI     ,FC,00000-0000,Public       ,0,3,3,0,4,4
01006700,LUND UNIVERSITY                         ,FC,00000-0000,Public       ,0,17,17,0,30,30
01008400,UNIVERSITY OF CAPE TOWN                 ,FC,00000-0000,Private      ,2,4,6,4,22,26
01008700,UNIVERSITY OF OXFORD ST PETER'S COL     ,FC,00000-0000,Public       ,0,2,2,0,3,3
01008800,UNIVERSITY OF OXFORD - CORPUS CHRIS     ,FC,00000-0000,Public       ,0,0,0,0,1,1
01008900,CENTRAL SCHOOL OF SPEECH AND DRAMA      ,FC,00000-0000,Private      ,4,20,24,8,32,40
01009000,UNIVERSITY OF OXFORD - BALLIOL COLL     ,FC,00000-0000,Public       ,0,7,7,0,13,13
01014300,UNIVERSITY OF READING                   ,FC,00000-0000,Public       ,0,12,12,1,35,36
01015700,CARDIFF UNIVERSITY                      ,FC,00000-0000,Public       ,2,25,27,3,51,54
01015900,PONTIFICIA UNIVERSITA GREGORIANA        ,FC,00000-0000,Private      ,0,0,0,1,2,3
01016000,CG JUNG INST                            ,FC,00000-0000,Private      ,0,1,1,0,1,1
01018800,UNIVERSITY COLLEGE DUBLIN               ,FC,00000-0000,Public       ,4,60,64,11,106,117
01019000,UNIVERSITY OF CAMBRIDGE CHURCHILL C     ,FC,00000-0000,Public       ,0,1,1,1,1,2
01022800,UNIVERSITY OF STIRLING                  ,FC,00000-0000,Public       ,5,8,13,14,25,39
01033200,UNIVERSITY OF CAMBRIDGE - CLARE COL     ,FC,00000-0000,Public       ,0,5,5,0,7,7
01045600,UNIVERSITY OF HAIFA                     ,FC,00000-0000,Public       ,1,3,4,4,9,13
01047200,INST EUROPEEN OPEEN D'ADMINISTRATIO     ,FC,00000-0000,Private      ,0,28,28,0,51,51
01049300,CRANFIELD UNIVERSITY                    ,FC,00000-0000,Public       ,0,3,3,0,9,9
01052000,TRINITY LABAN                           ,FC,00000-0000,Public       ,0,3,3,1,5,6
01052001,LABAN CENTER FOR MOVEMENT & DANCE       ,FC,00000-0000,Public       ,3,1,4,3,6,9
01052500,UNIVERSITY OF HERTFORDSHIRE             ,FC,00000-0000,Public       ,2,1,3,2,1,3
01057400,LONDON INTRNTL FILM SCHOOL              ,FC,00000-0000,Private      ,3,7,10,3,12,15
01058400,VRIJE UNIVERSITEIT BRUSSELS             ,FC,00000-0000,Private      ,0,1,1,0,3,3
01058600,INSTITUTE OF SOCIAL STUDIES             ,FC,00000-0000,Private      ,0,2,2,0,9,9
01058800,AUSTRALIAN NATIONAL UNIVERSITY          ,FC,00000-0000,Public       ,0,13,13,9,33,42
01058900,BANGOR UNIVERSITY                       ,FC,00000-0000,Public       ,1,7,8,3,12,15
01059400,"RICHMOND, THE AMERICAN INT UNI IN LONDON",FC,00000-0000,Private      ,77,15,92,282,33,315
01059900,INST D'ETUDES POLITIQUES DE PARIS       ,FC,00000-0000,Public       ,2,11,13,3,24,27
01068100,MACQUARIE UNIVERSITY                    ,FC,00000-0000,Public       ,4,48,52,12,74,86
01069200,UNIVERSITY OF QUEENSLAND (THE)          ,FC,00000-0000,Public       ,5,22,27,10,59,69
01070400,SILLIMAN UNIVERSITY                     ,FC,00000-0000,Private      ,1,0,1,2,3,5
01078900,UNIVERSITY OF OXFORD - WORCESTER CO     ,FC,00000-0000,Public       ,0,0,0,0,2,2
01079200,CITY AND GUILDS OF LONDON INSTITUTE     ,FC,00000-0000,Private      ,1,2,3,1,4,5
01079500,AKADEMIA MEDYCZNA                       ,FC,00000-0000,Public       ,0,1,1,0,9,9
01079700,"NATIONAL UNIVERSITY OF IRELAND, MAY     ",FC,00000-0000,Public       ,3,4,7,3,8,11
01080300,SEMMELWEIS UNIVERSITY OF BUDAPEST       ,FC,00000-0000,Public       ,0,17,17,0,26,26
01081600,KINGSTON UNIVERSITY                     ,FC,00000-0000,Public       ,8,17,25,17,27,44
01086400,UNIV OF DUNDEE                          ,FC,00000-0000,Public       ,0,14,14,3,27,30
01086600,UNIVERSITY OF OXFORD - MAGDALEN COLLEGE ,FC,00000-0000,Public       ,0,3,3,0,5,5
01086700,UNIVERSITY OF OXFORD ST JOHN'S COLL     ,FC,00000-0000,Public       ,0,2,2,1,4,5
01091400,MONASH UNIVERSITY                       ,FC,00000-0000,Public       ,7,14,21,8,29,37
01091500,UNIV OF EAST ANGLIA                     ,FC,00000-0000,Public       ,4,20,24,11,41,52
01094200,UNIVERSITY OF OXFORD - ST HUGH'S CO     ,FC,00000-0000,Public       ,1,1,2,1,3,4
01097700,UNIVERSIDAD CENTRAL DEL ESTE            ,FC,00000-0000,Private      ,27,187,214,44,492,536
01099900,UNIV OF OXFORD - WADHAM COLLEGE         ,FC,00000-0000,Public       ,0,1,1,1,2,3
01104400,PONTIFICIA UNIVERSITA SAN TOMMASO       ,FC,00000-0000,Private      ,0,1,1,1,5,6
01105300,UNIVERSITY OF OXFORD - ST HILDA'S C     ,FC,00000-0000,Public       ,0,0,0,1,2,3
01105400,UNIVERSITY OF OXFORD - ST ANNE'S CO     ,FC,00000-0000,Public       ,0,2,2,0,4,4
01105500,UNIV OF OXFORD - LADY MARGARET HALL     ,FC,00000-0000,Public       ,0,4,4,1,7,8
01105600,UNIVERSITY OF OXFORD - UNIVERSITY C     ,FC,00000-0000,Public       ,1,6,7,1,9,10
01105700,UNIVERSITY OF OXFORD - TRINITY COLL     ,FC,00000-0000,Public       ,1,1,2,1,5,6
01105800,UNIVERSITY OF OXFORD-ST EDMUND HALL     ,FC,00000-0000,Public       ,0,8,8,1,10,11
01105900,UNIVERSITY OF OXFORD ST ANTONY'S CO     ,FC,00000-0000,Public       ,0,19,19,0,26,26
01106000,UNIVERSITY OF OXFORD - QUEEN'S COLL     ,FC,00000-0000,Public       ,0,1,1,1,2,3
01106100,UNIVERSITY OF OXFORD - PEMBROKE COL     ,FC,00000-0000,Public       ,1,2,3,1,2,3
01106200,UNIVERSITY OF OXFORD - ORIEL COLLEG     ,FC,00000-0000,Public       ,0,2,2,0,4,4
01106300,UNIVERSITY OF OXFORD - NUFFIELD COL     ,FC,00000-0000,Public       ,0,3,3,0,5,5
01106400,UNIVERSITY OF OXFORD - NEW COLLEGE      ,FC,00000-0000,Public       ,1,4,5,2,10,12
01106500,UNIVERSITY OF OXFORD MERTON COLLEGE     ,FC,00000-0000,Public       ,0,5,5,0,13,13
01106600,UNIVERSITY OF OXFORD - LINCOLN COLL     ,FC,00000-0000,Public       ,1,4,5,1,12,13
01106700,UNIVERSITY OF OXFORD - KEBLE COLLEG     ,FC,00000-0000,Public       ,0,3,3,0,6,6
01106800,UNIVERSITY OF OXFORD - JESUS COLLEG     ,FC,00000-0000,Public       ,0,2,2,0,3,3
01106900,UNIVERSITY OF OXFORD - HERTFORD COL     ,FC,00000-0000,Public       ,0,3,3,0,5,5
01107000,UNIVERSITY OF OXFORD EXETER COLLEGE     ,FC,00000-0000,Public       ,0,7,7,0,12,12
01107100,UNIV OF OXFORD - CHRIST CHURCH          ,FC,00000-0000,Public       ,0,5,5,0,14,14
01107200,UNIVERSITY OF OXFORD - BRASENOSE CO     ,FC,00000-0000,Public       ,0,1,1,0,1,1
01109100,FLINDERS UNIVERSITY OF S AUSTRALIA      ,FC,00000-0000,Public       ,0,2,2,1,10,11
01109400,UNIVERSITY OF WESTERN AUSTRALIA (THE)   ,FC,00000-0000,Public       ,2,2,4,5,8,13
01156700,"IMPERIAL COLLEGE OF SCIENCE, TECHNOLOGY ",FC,00000-0000,Public       ,2,14,16,4,34,38
01167900,UNIVERSITY OF BATH                      ,FC,00000-0000,Public       ,1,7,8,1,28,29
01168300,FRANKLIN COLLEGE  SWITZERLAND           ,FC,00000-0000,Private      ,25,1,26,288,8,296
01175800,UNIV OF CAMBRIDGE - PETERHOUSE          ,FC,00000-0000,Public       ,0,2,2,0,4,4
01176400,ROYAL ACADEMY OF MUSIC                  ,FC,00000-0000,Public       ,4,4,8,11,16,27
01176500,GOLDSMITHS' COLLEGE-UNIV OF LONDON      ,FC,00000-0000,Public       ,1,53,54,6,96,102
01176600,UNIV OF LONDON - INST OF EDUC           ,FC,00000-0000,Public       ,0,7,7,2,16,18
01177900,STOCKHOLM SCHOOL OF ECONOMICS           ,FC,00000-0000,Private      ,0,5,5,0,6,6
01178000,BRUNEL UNIVERSITY                       ,FC,00000-0000,Public       ,1,12,13,1,27,28
01178400,UNIVERSITY OF WARSAW                    ,FC,00000-0000,Public       ,0,1,1,0,6,6
01207500,UNIVERSITY CAMBRIDGE - TRINITY COLL     ,FC,00000-0000,Public       ,0,2,2,0,8,8
01207800,VICTORIA UNIV OF WELLINGTON             ,FC,00000-0000,Public       ,2,8,10,16,20,36
01210100,UNIVERSITY OF CAMBRIDGE - GIRTON CO     ,FC,00000-0000,Public       ,0,1,1,0,2,2
01213600,VICTORIA UNIV OF MANCHESTER (THE)       ,FC,00000-0000,Public       ,2,23,25,6,45,51
01219800,UNIVERSITY OF BRADFORD                  ,FC,00000-0000,Public       ,0,6,6,2,23,25
01220100,UNIVERSITY OF OXFORD - REGENT'S PAR     ,FC,00000-0000,Public       ,1,3,4,2,6,8
01220600,JAMES COOK UNIVERSITY                   ,FC,00000-0000,Public       ,3,22,25,7,50,57
01221300,PONTIFICIA BOLIVARIANA UNIVERSITY       ,FC,00000-0000,Private      ,0,0,0,1,1,2
01221500,BIRMINGHAM CITY UNIVERSITY              ,FC,00000-0000,Public       ,0,1,1,1,4,5
01222300,JAGIELLONIAN UNIVERSITY COLLEGIUM M     ,FC,00000-0000,Public       ,2,25,27,2,37,39
01222500,UNIVERSITY OF SZEGED FACULTY OF MEDICINE,FC,00000-0000,Public       ,0,3,3,1,9,10
01223400,KOREA UNIVERSITY                        ,FC,00000-0000,Private      ,2,3,5,5,7,12
01225800,ASTON UNIVERSITY                        ,FC,00000-0000,Public       ,1,2,3,1,5,6
01227500,UNIVERSITY OF OXFORD - WOLFSON COLL     ,FC,00000-0000,Public       ,0,5,5,0,9,9
01230200,GONVILLE & CAIUS COLLEGE                ,FC,00000-0000,Public       ,0,1,1,2,2,4
01233300,UNIV OF THE ARTS LONDON- CAMBERWELL COLL,FC,00000-0000,Public       ,3,3,6,8,13,21
01233500,ROYAL COLLEGE OF MUSIC                  ,FC,00000-0000,Public       ,0,2,2,1,14,15
01233700,WROCLAW UNIVERSITY OF MEDICINE          ,FC,00000-0000,Public       ,0,0,0,0,1,1
01234100,UNIVERSITY OF WALES - ST DAVID'S UN     ,FC,00000-0000,Public       ,2,4,6,3,19,22
01239700,KONINKLIJK CONSERVATORIUM               ,FC,00000-0000,Public       ,1,1,2,1,3,4
01242100,UNIV OF AUCKLAND                        ,FC,00000-0000,Public       ,5,4,9,13,25,38
01253900,UNIVERSITY OF THE ARTS LONDON IDO - CENT,FC,00000-0000,Public       ,12,7,19,39,28,67
01254000,UNIVERSIDAD DE NAVARRA                  ,FC,00000-0000,Private      ,0,8,8,6,17,23
01276500,UNIVERSITY OF OXFORD - LINACRE COLL     ,FC,00000-0000,Public       ,0,3,3,0,11,11
01276600,"NATIONAL UNIVERSITY IRELAND, GALWAY     ",FC,00000-0000,Public       ,6,20,26,10,35,45
01280200,PONTIFICIA UNIV CATOLICA MAD Y MAES     ,FC,00000-0000,Private      ,26,33,59,34,48,82
01281100,INST TECNOLOGICO DE SANTO DOMINGO       ,FC,00000-0000,Private      ,5,22,27,7,42,49
01283900,UNIVERSITY OF CAMBRIDGE - SAINT JOH     ,FC,00000-0000,Public       ,0,5,5,0,9,9
01286200,MOUNTVIEW ACADEMY OF THEATRE ARTS       ,FC,00000-0000,Private      ,0,4,4,0,4,4
01297800,UNIVERSITY OF HUDDERSFIELD (THE)        ,FC,00000-0000,Public       ,0,0,0,1,2,3
01315300,MASSEY UNIVERSITY                       ,FC,00000-0000,Public       ,3,15,18,5,36,41
01322500,COLLEGE OF LAW                          ,FC,00000-0000,Private      ,0,7,7,0,18,18
02052400,DARWIN COLLEGE                          ,FC,00000-0000,Public       ,0,3,3,0,5,5
02082400,UNIVERSITY OF CAMBRIDGE - QUEEN'S C     ,FC,00000-0000,Public       ,1,5,6,1,12,13
02083400,UNIVERSITY OF CAMBRIDGE - WOLFSON C     ,FC,00000-0000,Public       ,0,6,6,1,8,9
02087400,UNIVERSITY OF CAMBRIDGE - NEWNHAM C     ,FC,00000-0000,Public       ,0,0,0,0,3,3
02087900,OXFORD BROOKES UNIVERSITY               ,FC,00000-0000,Public       ,2,21,23,5,36,41
02094100,BEN-GURION UNIV                         ,FC,00000-0000,Public       ,0,52,52,2,146,148
02094400,UNIV OF CAMBRIDGE - ST EDMUND'S HOU     ,FC,00000-0000,Public       ,0,1,1,0,4,4
02095500,LONDON BUS SCHOOL                       ,FC,00000-0000,Private      ,0,46,46,0,82,82
02098700,FATIMA COLLEGE OF MEDICINE              ,FC,00000-0000,Private      ,1,9,10,4,23,27
02101900,ROEHAMPTON UNIVERSITY                   ,FC,00000-0000,Public       ,4,31,35,8,45,53
02108600,LONDON ACADEMY OF MUSIC & DRAMATIC      ,FC,00000-0000,Private      ,1,8,9,6,15,21
02115900,UNIVERSITY OF PORTSMOUTH                ,FC,00000-0000,Public       ,0,1,1,0,6,6
02116700,UNIVERSITY OF CAMBRIDGE - LUCY CAVE     ,FC,00000-0000,Public       ,0,1,1,0,3,3
02120000,UNIV OF LONDON - COURTALD INST OF A     ,FC,00000-0000,Public       ,0,16,16,0,27,27
02133400,UNIVERSITY OF CAMBRIDGE - SIDNEY SU     ,FC,00000-0000,Public       ,0,2,2,0,3,3
02142000,UNIVERSITY OF CAMBRIDGE - HOMERTON      ,FC,00000-0000,Public       ,0,1,1,0,5,5
02149700,UNIVERSITY OF WINCHESTER (THE)          ,FC,00000-0000,Public       ,1,0,1,2,4,6
02156800,UNIV OF OTAGO                           ,FC,00000-0000,Public       ,5,7,12,7,18,25
02162300,"IESE BUSINESS SCH, UNIV OF NAVARRA      ",FC,00000-0000,Private      ,0,23,23,3,40,43
02167400,UNIVERSITY OF CAMBRIDGE - CORPUS CH     ,FC,00000-0000,Public       ,0,2,2,0,3,3
02175700,OHR SOMAYACH INSTITUTIONS               ,FC,00000-0000,Private      ,2,0,2,3,0,3
02177700,KING'S COLLEGE- UNIV OF CAMBRIDGE       ,FC,00000-0000,Public       ,0,11,11,0,21,21
02180500,MIDDLESEX UNIVERSITY                    ,FC,00000-0000,Public       ,7,9,16,17,26,43
02181000,UNIVERSITY OF SOUTH AUSTRALIA           ,FC,00000-0000,Public       ,1,4,5,1,13,14
02183500,UNIV OF OXFORD - WYCLIFFE HALL          ,FC,00000-0000,Public       ,0,2,2,1,2,3
02186000,UNIVERSITY OF CAMBRIDGE - MAGDALENE     ,FC,00000-0000,Public       ,0,0,0,0,3,3
02186100,UNIVERSITY OF CAMBRIDGE - EMMANUEL      ,FC,00000-0000,Public       ,0,2,2,0,4,4
02189600,UNIVERSITY OF GRONINGEN                 ,FC,00000-0000,Public       ,0,7,7,1,11,12
02194800,UNIVERSITY OF THE WEST OF ENGLAND -     ,FC,00000-0000,Public       ,2,6,8,5,10,15
02195100,UNIV OF WESTMINSTER                     ,FC,00000-0000,Public       ,8,25,33,22,59,81
02196700,GUILDHALL SCHOOL OF MUSIC & DRAMA       ,FC,00000-0000,Public       ,2,4,6,4,13,17
02197000,INT'L GRAD PROGRAMME STOCKHOLM UNIV     ,FC,00000-0000,Public       ,0,8,8,0,10,10
02207300,UNIVERSITY OF CAMBRIDGE - CHRIST'S      ,FC,00000-0000,Public       ,0,1,1,0,3,3
02209500,UNIVERSITEIT UTRECHT                    ,FC,00000-0000,Public       ,3,21,24,9,38,47
02210000,UNIV OF LONDON - LONDON SCHOOL OF H     ,FC,00000-0000,Public       ,0,26,26,0,49,49
02212300,UNIVERSITY OF CAMBRIDGE - ROBINSON      ,FC,00000-0000,Public       ,0,0,0,0,1,1
02216300,UNIVERSIDAD DE CHILE                    ,FC,00000-0000,Public       ,0,1,1,3,8,11
02225300,UNIV OF CANTERBURY                      ,FC,00000-0000,Public       ,2,6,8,5,11,16
02229100,UNIVERSITY OF LEICESTER                 ,FC,00000-0000,Public       ,5,18,23,9,45,54
02229600,SACKLER SCHOOL OF MEDICINE              ,FC,00000-0000,Public       ,0,137,137,0,162,162
02232100,UNIVERSITY OF CAMBRIDGE                 ,FC,00000-0000,Public       ,0,3,3,0,10,10
02233300,"ST GEORGE'S UNIV, SCH OF MEDICINE       ",FC,00000-0000,Proprietary  ,3,714,717,11,1298,1309
02235300,LONDON METROPOLITAN UNIVERSITY          ,FC,00000-0000,Public       ,8,27,35,21,61,82
02240900,AISH HATORAH CLG OF JEWISH STUDIES      ,FC,00000-0000,Private      ,0,1,1,0,2,2
02244400,AMERICAN UNIV OF THE CARIBBEAN          ,FC,00000-0000,Proprietary  ,1,274,275,3,683,686
02257100,COVENTRY UNIVERSITY                     ,FC,00000-0000,Public       ,2,0,2,5,6,11
02271700,UNIVERSITY OF CAMBRIDGE - CLARE HAL     ,FC,00000-0000,Public       ,0,3,3,0,9,9
02271900,UNIVERSITY OF OXFORD - BLACKFRIARS      ,FC,00000-0000,Public       ,1,0,1,1,1,2
02273600,QUEEN'S UNIV OF BELFAST (THE)           ,FC,00000-0000,Public       ,2,13,15,4,33,37
02273900,HERIOT WATT UNIVERSITY                  ,FC,00000-0000,Public       ,1,11,12,3,18,21
02279700,UNIVERSITY OF MANCHESTER - INSTITUT     ,FC,00000-0000,Public       ,6,26,32,13,73,86
02293400,ECOLE DES HAUTES ETUDES COMERCIALS      ,FC,00000-0000,Public       ,0,12,12,0,19,19
02296300,UNIVERSITY OF CAMBRIDGE - JESUS COL     ,FC,00000-0000,Public       ,0,1,1,0,3,3
02310500,DE MONTFORT UNIVERSITY                  ,FC,00000-0000,Public       ,2,5,7,3,5,8
02320500,ROYAL NORTHERN COLLEGE OF MUSIC         ,FC,00000-0000,Public       ,0,3,3,0,5,5
02335100,UNIV OF CAMBRIDGE - TRINITY HALL        ,FC,00000-0000,Public       ,0,4,4,1,8,9
02338900,UNIVERSITY  FOR THE CREATIVE ARTS       ,FC,00000-0000,Public       ,0,1,1,0,1,1
02338903,KENT INSTITUTE OF ART & DESIGN          ,FC,00000-0000,Public       ,0,2,2,1,2,3
02339300,ERASMUS UNIV ROTTERDAM                  ,FC,00000-0000,Public       ,0,16,16,0,23,23
02347300,ESCUELA AUTONOMA DE CIENCIAS MEDICA     ,FC,00000-0000,Private      ,5,12,17,5,22,27
02351800,UNIVERSIDAD IBEROAMERICANA (UNIBE       ,FC,00000-0000,Private      ,34,246,280,64,604,668
02352100,UNIVERSITY OF PLYMOUTH                  ,FC,00000-0000,Public       ,2,4,6,6,12,18
02355200,ECOLE SUPERIEURE DE CUISINE FRANCAISE-FE,FC,00000-0000,Public       ,0,7,7,0,10,10
02363000,GSA CONSERVATOIRE                       ,FC,00000-0000,Private      ,1,0,1,1,0,1
02493000,ESCUELA SUPERIOR ADMINISTRACION Y D     ,FC,00000-0000,Private      ,0,14,14,0,30,30
02496600,UNIVERSITY OF STELLENBOSCH              ,FC,00000-0000,Public       ,1,3,4,1,5,6
02502600,PECSI ORVOSTUDOMANYI EGYETEM (PECS      ,FC,00000-0000,Public       ,0,4,4,0,8,8
02530000,E.M. LYON                               ,FC,00000-0000,Private      ,0,3,3,0,4,4
02545700,GLASGOW SCHOOL OF ART                   ,FC,00000-0000,Public       ,7,8,15,9,19,28
02579600,MURDOCH UNIVERSITY                      ,FC,00000-0000,Public       ,1,11,12,4,31,35
02588000,UNIVERSITY OF ULSTER                    ,FC,00000-0000,Public       ,4,2,6,4,11,15
02591800,CURTIN UNIVERSITY OF TECHNOLOGY         ,FC,00000-0000,Public       ,1,9,10,2,22,24
02592300,MILLTOWN INST OF THEOLOGY & PHILOSO     ,FC,00000-0000,Private      ,0,1,1,0,2,2
02604300,AALBORG UNIVERSITY                      ,FC,00000-0000,Public       ,0,1,1,0,2,2
02611500,HELSINKI SCH OF ECONOMICS & BUS ADM     ,FC,00000-0000,Public       ,0,1,1,0,1,1
02611600,ECOL NATIONAL DES PONTS ET CHAUSSEE     ,FC,00000-0000,Public       ,0,2,2,1,2,3
02611700,DUBLIN CITY UNIVERSITY                  ,FC,00000-0000,Public       ,3,5,8,6,17,23
02622500,DENMARKS TEKNISKE UNIVERSITET           ,FC,00000-0000,Public       ,0,1,1,0,1,1
02623200,UNIVERSITY OF NEWCASTLE (THE)           ,FC,00000-0000,Public       ,3,6,9,8,13,21
03012700,UNIVERSITY OF BUCKINGHAM                ,FC,00000-0000,Private      ,1,3,4,1,6,7
03029400,KEELE UNIVERSITY                        ,FC,00000-0000,Public       ,1,3,4,2,7,9
03029500,NORTHUMBRIA UNIVERSITY                  ,FC,00000-0000,Public       ,1,13,14,2,19,21
03029800,NORGES HANDELSHOYSKOLE                  ,FC,00000-0000,Public       ,0,3,3,0,6,6
03033300,MANCHESTER METROPOLITAN UNIV            ,FC,00000-0000,Public       ,4,8,12,7,12,19
03033700,NORWEGIAN SCHOOL OF MANAGEMENT          ,FC,00000-0000,Private      ,0,1,1,0,2,2
03045000,UNIVERSITY OF EAST LONDON               ,FC,00000-0000,Public       ,0,15,15,5,27,32
03050100,STUDIO ART CENTERS INTERNATIONAL        ,FC,00000-0000,Private      ,5,6,11,27,44,71
03066800,PONTIFICIO ATENEO DELLA SANTA CROCE     ,FC,00000-0000,Private      ,0,4,4,0,5,5
03067200,UNIVERSITY OF SYDNEY                    ,FC,00000-0000,Public       ,5,35,40,16,97,113
03073800,UNIV OF DEBRECEN MED & HEALTH SCI       ,FC,00000-0000,Public       ,1,8,9,2,12,14
03078700,UNIVERSITA COMMERCIALE L BOCCONI        ,FC,00000-0000,Public       ,0,7,7,0,14,14
03080300,SHEFFIELD HALLAM UNIVERSITY             ,FC,00000-0000,Public       ,1,3,4,2,5,7
03084300,UNIVERSITY OF LIMERICK                  ,FC,00000-0000,Public       ,4,8,12,10,17,27
03088100,SOPHIA ANTIPOLIS MANAGEMENT INST        ,FC,00000-0000,Private      ,1,1,2,1,1,2
03088700,ROYAL SCOTTISH ACAD MUSIC & DRAMA       ,FC,00000-0000,Public       ,1,2,3,8,7,15
03091400,UNIVERSITY OF WOLLONGONG                ,FC,00000-0000,Public       ,0,8,8,2,13,15
03091500,UNIVERSITY OF CANBERRA                  ,FC,00000-0000,Public       ,0,0,0,0,2,2
03091700,KAROL MARCINKOWSKI UNIV OF MED SCI      ,FC,00000-0000,Public       ,1,55,56,5,98,103
03092500,NOTTINGHAM TRENT UNIVERSITY             ,FC,00000-0000,Public       ,0,9,9,0,18,18
03095000,RMIT UNIVERSITY                         ,FC,00000-0000,Public       ,2,7,9,6,13,19
03095400,BOND UNIVERSITY                         ,FC,00000-0000,Private      ,12,18,30,36,54,90
03095900,ESSEC BUSINESS SCHOOL                   ,FC,00000-0000,Private      ,1,2,3,1,8,9
03096100,LA TROBE UNIVERSITY                     ,FC,00000-0000,Public       ,5,11,16,9,17,26
03096900,DEAKIN UNIVERSITY                       ,FC,00000-0000,Public       ,3,2,5,6,5,11
03097100,UNIVERSITY OF WESTERN SYDNEY            ,FC,00000-0000,Public       ,0,1,1,3,4,7
03097300,VICTORIA UNIVERSITY OF TECHNOLOGY       ,FC,00000-0000,Public       ,0,0,0,1,6,7
03097500,CENTRAL QUEENSLAND UNIVERSITY           ,FC,00000-0000,Public       ,0,2,2,2,3,5
03100000,UNIVERSITY OF ADELAIDE (THE)            ,FC,00000-0000,Public       ,1,12,13,2,24,26
03100200,INST DE MANAGEMENT HOTELIER INTERNA     ,FC,00000-0000,Private      ,0,1,1,0,1,1
03101600,ASIAN INSTITUTE OF MANAGEMENT           ,FC,00000-0000,Private      ,0,1,1,0,2,2
03102500,AMERICAN UNIVERSITY OF ROME             ,FC,00000-0000,Private      ,31,10,41,82,38,120
03102800,ROBERT GORDON UNIVERSITY (THE)          ,FC,00000-0000,Public       ,1,2,3,2,10,12
03103200,INT'L STUDIES CTR AT THE CORVINUS UNIVER,FC,00000-0000,Public       ,0,0,0,0,2,2
03104800,GRIFFITH UNIVERSITY                     ,FC,00000-0000,Public       ,6,14,20,15,36,51
03106100,ROSKILDE UNIV ROSKILDE UNIVERSITY C     ,FC,00000-0000,Public       ,1,0,1,1,0,1
03123500,HOGESCHOOL VAN AMSTERDAM                ,FC,00000-0000,Private      ,1,7,8,2,11,13
03125200,LINCOLN UNIVERSITY                      ,FC,00000-0000,Public       ,0,2,2,2,6,8
03136300,AUSTRALIAN CATHOLIC UNIVERSITY          ,FC,00000-0000,Public       ,0,0,0,1,4,5
03137400,CHARLES STURT UNIVERSITY                ,FC,00000-0000,Public       ,0,5,5,1,8,9
03140300,EDITH COWAN UNIVERSITY                  ,FC,00000-0000,Public       ,0,3,3,3,11,14
03140400,NORTHERN TERRITORY UNIVERSITY           ,FC,00000-0000,Public       ,0,0,0,0,2,2
03140500,QUEENSLAND UNIVERSITY OF TECHNOLOGY     ,FC,00000-0000,Public       ,2,7,9,4,18,22
03140600,SOUTHERN CROSS UNIVERSITY               ,FC,00000-0000,Public       ,4,7,11,9,13,22
03140700,SWINBURNE UNIVERSITY OF TECHNOLOGY      ,FC,00000-0000,Public       ,1,2,3,2,5,7
03140900,UNIVERSITY OF BALLARAT                  ,FC,00000-0000,Public       ,0,2,2,0,2,2
03150300,UNIVERSITY OF TASMANIA                  ,FC,00000-0000,Public       ,4,2,6,5,10,15
03274300,"KUNGLIGA TEKNISKA HOGSKOLAN, KTH        ",FC,00000-0000,Public       ,0,5,5,0,7,7
03287300,LIVERPOOL INSTITUTE FOR PERFORMING ARTS ,FC,00000-0000,Public       ,4,3,7,8,6,14
03300300,"2ND SCHOOL OF MEDICINE, CHARLES UNI     ",FC,00000-0000,Public       ,0,2,2,0,3,3
03300400,"FIRST FACULTY OF MEDICINE, CHARLES UNIV.",FC,00000-0000,Public       ,1,6,7,1,16,17
03329300,JOHN CABOT UNIVERSITY                   ,FC,00000-0000,Private      ,20,6,26,47,12,59
03333300,MEDICAL UNIVERSITY SCHOOL OF LUBLIN     ,FC,00000-0000,Public       ,9,41,50,11,77,88
03334300,UNIVERSIDAD NORDESTANA                  ,FC,00000-0000,Private      ,0,2,2,0,4,4
03335300,MEDICAL UNIVERSITY OF SILESIA           ,FC,00000-0000,Public       ,1,26,27,4,42,46
03342300,GLASGOW CALEDONIAN UNIVERSITY           ,FC,00000-0000,Public       ,1,2,3,2,3,5
03349400,"QUEEN MARGARET UNIVERSITY COLLEGE, EDINB",FC,00000-0000,Public       ,0,1,1,2,5,7
03350300,BOURNEMOUTH UNIVERSITY                  ,FC,00000-0000,Public       ,2,6,8,3,17,20
03352300,LONDON SOUTH BANK UNIVERSITY            ,FC,00000-0000,Private      ,1,3,4,5,14,19
03363300,THE ARTS EDUCATIONAL SCHOOLS LONDON     ,FC,00000-0000,Private      ,1,0,1,1,0,1
03364300,"FACULTY OF MEDICINE, PALACKY UNIVER     ",FC,00000-0000,Public       ,0,2,2,0,6,6
03365400,AUCKLAND INSTITUTE OF TECHNOLOGY        ,FC,00000-0000,Public       ,0,1,1,1,4,5
03375300,"CHARLES UNIVERSITY, FACULTY OF MEDI     ",FC,00000-0000,Public       ,0,1,1,1,4,5
03377300,"UNIVERSITY OF WALES INSTITUTE, CARD     ",FC,00000-0000,Public       ,1,3,4,1,4,5
03378300,"THE 3RD FACULTY OF MEDICINE, CHARLE     ",FC,00000-0000,Public       ,1,1,2,1,3,4
03386300,CHARLES UNIVERSITY-MEDICAL FACULTY      ,FC,00000-0000,Public       ,0,2,2,1,4,5
03406300,"THE SCHOOL OF PHARMACY, UNIVERSITY      ",FC,00000-0000,Public       ,0,0,0,2,1,3
03418400,NAPIER UNIVERSITY                       ,FC,00000-0000,Public       ,2,4,6,4,14,18
03435300,ANGLIA POLYTECHNIC UNIVERSITY HIGHE     ,FC,00000-0000,Public       ,3,1,4,3,3,6
03456600,ANGELES UNIVERSITY FOUNDATION           ,FC,00000-0000,Private      ,1,1,2,3,3,6
03460300,INTERNATIONALES THEOLOGISCHES INSTI     ,FC,00000-0000,Private      ,0,5,5,0,10,10
03462400,UNIV OF ARTS LONDON - LON COLL OF COMMUN,FC,00000-0000,Public       ,5,18,23,8,24,32
03466300,INSTITUTO CENTROAMERICANO DE ADMINI     ,FC,00000-0000,Private      ,0,3,3,0,6,6
03473300,UNIV OF ARTS LONDON - LON COLL FASHION  ,FC,00000-0000,Public       ,10,23,33,21,38,59
03475300,UNIV OF THE ARTS  LONDON - CHELSEA COLL ,FC,00000-0000,Public       ,2,2,4,7,13,20
03478300,ROYAL WELSH COLLEGE OF MUSIC AND DRAMA  ,FC,00000-0000,Public       ,0,1,1,0,3,3
03492400,UNIV OF CAMBRIDGE-ST CATHERINE'S CG     ,FC,00000-0000,Public       ,0,2,2,0,7,7
03494400,UNIV OF CAMBRIDGE-SELWYN COLLEGE        ,FC,00000-0000,Public       ,0,2,2,0,3,3
03494500,UNIV OF OXFORD-SAINT BENET'S HALL       ,FC,00000-0000,Public       ,0,0,0,0,1,1
03494600,UNIV OF OXFORD-HARRIS MANCHESTER        ,FC,00000-0000,Public       ,0,1,1,2,1,3
03500300,WIMBLEDON COLLEGE OF ART                ,FC,00000-0000,Public       ,1,0,1,2,3,5
03501400,LEEDS METROPOLITAN UNIVERSITY           ,FC,00000-0000,Public       ,1,5,6,2,6,8
03507300,UNIVERSITY OF SUNDERLAND                ,FC,00000-0000,Public       ,1,4,5,3,12,15
03515300,UNIVERSITY OF CENTRAL LANCASHIRE        ,FC,00000-0000,Public       ,0,4,4,3,9,12
03517300,UNIVERSITY OF BRIGHTON                  ,FC,00000-0000,Public       ,2,4,6,4,8,12
03518300,EUROPEAN GRADUATE SCHOOL                ,FC,00000-0000,Private      ,0,12,12,0,35,35
03526300,INST CENTROAMERICANO DE ADM DE EMP      ,FC,00000-0000,Private      ,0,1,1,0,1,1
03527300,SOFIA UNIVERSITY ST. KLIMENT OHRIDSKI   ,FC,00000-0000,Public       ,0,1,1,0,1,1
03533300,BATH SPA UNIVERSITY                     ,FC,00000-0000,Public       ,0,6,6,2,14,16
03547300,UNIVERSITY OF GLAMORGAN                 ,FC,00000-0000,Public       ,2,0,2,2,1,3
03580300,LIVERPOOL JOHN MOORES UNIVERSITY        ,FC,00000-0000,Public       ,3,2,5,6,3,9
03594300,GROUP ESC GRENOBLE GRAD SCH OF BUS.     ,FC,00000-0000,Private      ,1,6,7,1,12,13
03597300,JAGIELLONIAN UNIVERSITY                 ,FC,00000-0000,Public       ,1,5,6,1,14,15
03601300,UNIVERSITAT JAUME I DE CASTELLO/UJI     ,FC,00000-0000,Public       ,0,8,8,0,12,12
03603300,LEEDS COLLEGE OF MUSIC                  ,FC,00000-0000,Public       ,0,0,0,1,0,1
03619300,UNIVERSITY OF GREENWICH                 ,FC,00000-0000,Public       ,2,11,13,5,18,23
03653400,UNIVERSIDAD DE IBEROAMERICA - UNIBE     ,FC,00000-0000,Private      ,1,2,3,2,9,11
03674300,UNIVERSITY OF ABERTAY DUNDEE            ,FC,00000-0000,Public       ,0,0,0,2,1,3
03684400,UNIVERSITY OF LINCOLN                   ,FC,00000-0000,Public       ,1,2,3,2,5,7
03684500,MEDICAL UNIVERSITY OF GDANSK            ,FC,00000-0000,Public       ,0,0,0,0,5,5
03684600,POMERANIAN MEDICAL UNIVERSITY           ,FC,00000-0000,Public       ,0,0,0,0,1,1
03692300,DONCASTER COLLEGE                       ,FC,00000-0000,Public       ,1,0,1,1,0,1
03694300,UNIVERSITY COLLEGE CHICHESTER           ,FC,00000-0000,Public       ,0,1,1,0,1,1
03697300,NATIONAL FILM & TELEVISION SCHOOL       ,FC,00000-0000,Private      ,0,3,3,0,5,5
03716300,"UNIVERSITY OF WALES, NEWPORT            ",FC,00000-0000,Public       ,0,2,2,0,3,3
03721300,WRITTLE COLLEGE                         ,FC,00000-0000,Public       ,0,0,0,0,1,1
03727400,UNIVERSITY OF WAIKATO (THE)             ,FC,00000-0000,Public       ,0,2,2,1,2,3
03770300,NAZARENE THEOLOGICAL COLLEGE            ,FC,00000-0000,Private      ,0,0,0,1,2,3
03777400,WESTMINSTER COLLEGE                     ,FC,00000-0000,Private      ,0,1,1,1,3,4
03816400,AMERICAN GRAD SCH OF INTERNTL REL & DIPL,FC,00000-0000,Private      ,1,5,6,1,23,24
03818300,LEIPZIG GRADUATE SCHOOL OF MANAGEMENT   ,FC,00000-0000,Private      ,0,2,2,0,8,8
03824300,"ROYAL VETERINARY COLLEGE (THE), UNIVERSI",FC,00000-0000,Public       ,2,45,47,3,62,65
03850500,MEDICAL UNIVERSITY OF LODZ              ,FC,00000-0000,Public       ,2,31,33,2,56,58
03859400,UNIVERSITY COLLEGE FALMOUTH             ,FC,00000-0000,Public       ,2,1,3,4,3,7
03926400,NATIONAL COLLEGE OF ART AND DESIGN      ,FC,00000-0000,Public       ,0,4,4,2,5,7
03941301,AVE MARIA UNIVERSITY - LATIN AMERICA    ,FC,00000-0000,Private      ,78,19,97,84,20,104
00380600,ALDERSON-BROADDUS COLLEGE               ,WV,26416-1051,Private      ,52,42,94,760,285,1045
00380700,MOUNTAIN STATE UNIVERSITY               ,WV,25801-5624,Private      ,167,1223,1390,851,2820,3671
00380800,BETHANY COLLEGE                         ,WV,26032-0417,Private      ,253,22,275,1015,48,1063
00380900,BLUEFIELD STATE COLLEGE                 ,WV,24701-2198,Public       ,151,312,463,956,1044,2000
00381000,CONCORD UNIVERSITY                      ,WV,24712-0000,Public       ,193,149,342,2455,731,3186
00381100,DAVIS & ELKINS COLLEGE                  ,WV,26241-3996,Private      ,66,45,111,496,220,716
00381200,FAIRMONT STATE UNIVERSITY               ,WV,26554-2470,Public       ,406,531,937,3951,2123,6074
00381300,GLENVILLE STATE COLLEGE                 ,WV,26351-1292,Public       ,110,67,177,1135,320,1455
00381500,MARSHALL UNIVERSITY                     ,WV,25755-3300,Public       ,878,1347,2225,6974,4039,11013
00381600,SOUTHERN WV COMMUNITY COLLEGE           ,WV,25637-2900,Public       ,154,303,457,808,658,1466
00381800,UNIVERSITY OF CHARLESTON                ,WV,25304-1099,Private      ,119,140,259,1318,494,1812
00381900,OHIO VALLEY COLLEGE                     ,WV,26105-8000,Private      ,88,49,137,351,142,493
00382000,SALEM INTERNATIONAL UNIVERSITY          ,WV,26426-0500,Proprietary  ,42,95,137,151,206,357
00382200,SHEPHERD UNIVERSITY                     ,WV,25443-3210,Public       ,407,245,652,2607,870,3477
00382300,WEST LIBERTY STATE COLLEGE              ,WV,26074-0295,Public       ,346,138,484,2058,417,2475
00382600,WEST VIRGINIA STATE UNIVERSITY          ,WV,25112-0000,Public       ,408,567,975,2009,1810,3819
00382700,WEST VIRGINIA UNIVERSITY                ,WV,26506-6201,Public       ,1690,1211,2901,19580,6248,25828
00382711,WEST VIRGINIA UNIVERSITY - POTOMAC STATE,WV,26726-3000,Public       ,155,58,213,1118,224,1342
00382721,WEST VIRGINIA UNIV INST OF TECH         ,WV,25136-2436,Public       ,122,113,235,1213,446,1659
00382800,WEST VIRGINIA UNIV AT PARKERSBURG       ,WV,26101-9577,Public       ,203,523,726,1130,1361,2491
00383000,WEST VIRGINIA WESLEYAN COLLEGE          ,WV,26201-2600,Private      ,163,26,189,1418,107,1525
00383100,WHEELING JESUIT UNIVERSITY              ,WV,26003-6243,Private      ,245,139,384,1228,326,1554
00500700,WEST VIRGINIA JUNIOR COLLEGE            ,WV,26505-5596,Proprietary  ,21,37,58,83,115,198
00500800,MOUNTAIN STATE COLLEGE                  ,WV,26101-3993,Proprietary  ,5,38,43,24,109,133
00754400,APPALACHIAN BIBLE COLLEGE               ,WV,25818-1353,Private      ,70,11,81,211,49,260
00757800,HUNTINGTON SCHOOL OF BEAUTY CULTURE     ,WV,25705-2030,Proprietary  ,16,33,49,22,40,62
00760000,INTERNATIONAL BEAUTY SCHOOL             ,WV,25401-3231,Proprietary  ,6,23,29,8,27,35
00835500,JAMES RUMSEY TECHNICAL INSTITUTE        ,WV,25403-0259,Public       ,8,27,35,22,51,73
00895900,CLARKSBURG BEAUTY ACADEMY               ,WV,26301-2903,Proprietary  ,10,17,27,23,23,46
00904700,HUNTINGTON JUNIOR COLLEGE               ,WV,25701-2004,Proprietary  ,22,148,170,103,634,737
00905400,WEST VIRGINIA NORTHERN CMTY COLLEGE     ,WV,26003-0000,Public       ,181,565,746,620,1132,1752
01014000,MINERAL COUNTY VOCATIONAL TECH CTR      ,WV,26726-0000,Public       ,2,5,7,4,10,14
01035600,EVEREST INSTITUTE                       ,WV,25313-1304,Proprietary  ,92,476,568,133,571,704
01057300,WEST VIRGINIA JUNIOR COLLEGE            ,WV,25322-0000,Proprietary  ,13,41,54,77,173,250
01057302,WEST VIRGINIA JUNIOR COLLEGE            ,WV,26330-0000,Proprietary  ,22,44,66,121,196,317
01086100,WEST VIRGINIA BUSINESS COLLEGE          ,WV,26301-0000,Proprietary  ,4,43,47,9,55,64
01124500,WEST VIRGINIA SCH OSTEOPATHIC MED       ,WV,24901-1128,Public       ,2,186,188,5,651,656
01174900,WOOD COUNTY SCH OF PRAC NURSING         ,WV,26101-6424,Public       ,4,24,28,19,44,63
01235900,B M SPURR SCHOOL OF PRAC NURSING        ,WV,26038-1660,Private      ,1,12,13,6,14,20
01257300,WEST VIRGINIA UNIV-HOSP-RAD TECH        ,WV,26506-8062,Private      ,7,6,13,59,39,98
01274300,BENJAMIN FRANKLIN CAREER&TECH           ,WV,25064-0000,Public       ,15,44,59,32,71,103
01290400,MONONGALIA CNTY TECH ED CTR             ,WV,26501-6841,Public       ,8,32,40,41,59,100
01290500,ACADEMY OF CAREERS AND TECHNOLOGY       ,WV,25801-0000,Public       ,10,40,50,24,102,126
02057400,ROANE-JACKSON TECHNICAL CENTER          ,WV,25252-0000,Public       ,5,27,32,15,46,61
02068000,UNITED TECHNICAL CENTER                 ,WV,26301-0000,Public       ,1,18,19,15,58,73
02070100,BECKLEY BEAUTY ACADEMY                  ,WV,25801-0000,Proprietary  ,3,3,6,9,15,24
02073400,CARVER CAREER TECH ED CTR               ,WV,25306-6397,Public       ,27,47,74,87,105,192
02145100,SCOTT COLLEGE OF COSMETOLOGY            ,WV,26003-0000,Proprietary  ,5,8,13,12,8,20
02178200,CHARLESTON SCHOOL OF BEAUTY CULTURE     ,WV,25301-0000,Proprietary  ,3,22,25,14,31,45
02218200,GARNET CAREER CENTER                    ,WV,25301-0000,Public       ,15,76,91,38,132,170
02275300,CABELL COUNTY CAREER TECHNOLOGY CTR     ,WV,25705-0000,Public       ,10,39,49,26,64,90
02280300,WV CAREER AND TECHNICAL INSTITUTE       ,WV,25112-0000,Public       ,3,10,13,16,21,37
02524500,RALPH R WILLIS VOCATIONAL CENTER        ,WV,25601-0000,Public       ,3,17,20,9,23,32
02534800,FRED W EBERLE TECHNICAL CENTER          ,WV,26201-0000,Public       ,4,8,12,17,23,40
02535500,MERCER COUNTY TECH EDUC CNTR            ,WV,24740-0000,Public       ,12,37,49,28,57,85
02579900,NORTH CENTRAL OPPORTUNITIES IND CTR     ,WV,26554-2936,Private      ,3,18,21,6,24,30
02609400,VALLEY COLLEGE                          ,WV,25404-5711,Proprietary  ,6,35,41,15,65,80
03052000,MEREDITH MANOR EQUESTRIAN CENTRE        ,WV,26184-9707,Proprietary  ,17,17,34,49,25,74
03076500,FAYETTE INSTITUTE OF TECHNOLOGY         ,WV,25901-2174,Public       ,1,4,5,2,16,18
03084200,VALLEY COLLEGE                          ,WV,24740-3141,Proprietary  ,5,23,28,9,39,48
03084400,VALLEY COLLEGE                          ,WV,25801-2643,Proprietary  ,8,36,44,20,76,96
03098300,PUTNAM CAREER & TECHNICAL CENTER        ,WV,25070-0000,Public       ,4,26,30,12,42,54
03099200,"MOUNTAINEER BEAUTY COLLEGE, INC         ",WV,25177-2917,Proprietary  ,7,15,22,13,18,31
03102100,MORGANTOWN BEAUTY COLLEGE               ,WV,26505-5430,Proprietary  ,18,19,37,34,29,63
03123200,STANLEY TECHNICAL INSTITUTE             ,WV,26505-3751,Private      ,3,8,11,7,11,18
03327500,SOUTH BRANCH VOCATIONAL TECH CENTER     ,WV,26847-1698,Public       ,0,0,0,0,1,1
03734300,JOHN D. ROCKEFELLER IV CAREER CENTER    ,WV,26047-9424,Public       ,0,3,3,0,6,6
03819300,AMERICAN PUBLIC UNIVERSITY SYSTEM       ,WV,25414-1621,Proprietary  ,32,1224,1256,54,2132,2186
03957300,BLUE RIDGE COMMUNITY AND TECHNICAL COLLE,WV,25401-3244,Public       ,78,166,244,225,391,616
03960300,NEW RIVER COMMUNITY AND TECHNICAL COLLEG,WV,25801-2636,Public       ,69,252,321,415,788,1203
04028300,MOUNTAIN STATE SCHOOL OF MASSAGE        ,WV,25304-2025,Proprietary  ,5,17,22,17,27,44
04038500,PIERPONT COMMUNITY & TECHNICAL COLLEGE  ,WV,26554-2451,Public       ,52,75,127,420,341,761
04038600,WEST VIRGINIA STATE COMMUNITY AND TECHNI,WV,25112-1000,Public       ,45,189,234,223,583,806
04041400,MARSHALL COMMUNITY AND TECHNICAL COLLEGE,WV,25755-3300,Public       ,98,152,250,469,384,853
04047300,BRIDGEMONT COMMUNITY & TECHNICAL COLLEGE,WV,25136-2435,Public       ,22,35,57,205,151,356
00106100,ALASKA PACIFIC UNIVERSITY               ,AK,99508-4672,Private      ,93,173,266,291,397,688
00106200,SHELDON JACKSON COLLEGE                 ,AK,99835-7699,Private      ,17,19,36,48,41,89
00106300,UNIVERSITY OF ALASKA FAIRBANKS          ,AK,99775-7500,Public       ,550,703,1253,1554,1571,3125
00106500,UNIVERSITY OF ALASKA SOUTHEAST          ,AK,99801-8680,Public       ,92,193,285,318,483,801
00884300,ALASKA BIBLE COLLEGE                    ,AK,99588-0000,Private      ,1,2,3,11,4,15
01146200,UNIVERSITY OF ALASKA ANCHORAGE          ,AK,99514-1608,Public       ,1398,1742,3140,3004,3881,6885
02541000,CAREER ACADEMY                          ,AK,99507-0000,Proprietary  ,31,122,153,41,164,205
02576900,CHARTER COLLEGE                         ,AK,99508-0000,Proprietary  ,45,264,309,51,330,381
03160300,ALASKA VOCATIONAL TECHNICAL CENTER      ,AK,99664-0889,Public       ,46,75,121,85,118,203
03461300,ILISAGVIK COLLEGE                       ,AK,99723-0749,Public       ,2,4,6,5,11,16
00108500,UNIV ARKANSAS MONTICELLO                ,AR,71656-0000,Public       ,673,593,1266,1196,1024,2220
00108501,GREAT RIVERS TECHNICAL INSTITUTE        ,AR,71654-0000,Public       ,3,15,18,4,25,29
00108502,FOREST ECHOES TECHNICAL INSTITUTE       ,AR,71635-0000,Public       ,4,10,14,5,19,24
00108600,UNIV OF ARKANSAS AT PINE BLUFF          ,AR,71601-2790,Public       ,1140,563,1703,2264,949,3213
00108700,ARKANSAS BAPTIST COLLEGE                ,AR,72202-6099,Private      ,126,124,250,191,197,388
00108800,LYON COLLEGE                            ,AR,72501-3699,Private      ,168,44,212,547,64,611
00108900,ARKANSAS TECH UNIVERSITY                ,AR,72801-2222,Public       ,1533,1182,2715,3043,1865,4908
00109000,ARKANSAS STATE UNIVERSITY               ,AR,72467-0000,Public       ,2270,2588,4858,4503,4427,8930
00109006,DELTA TECHNICAL INSTITUTE               ,AR,72365-9558,Public       ,15,29,44,21,46,67
00109100,ARKANSAS STATE UNIVERSITY - BEEBE       ,AR,72012-1000,Public       ,535,804,1339,947,1377,2324
00109200,UNIVERSITY OF CENTRAL ARKANSAS          ,AR,72035-0001,Public       ,2802,1557,4359,5348,2485,7833
00109300,CENTRAL BAPTIST COLLEGE                 ,AR,72034-6470,Private      ,113,98,211,214,149,363
00109400,UNIVERSITY OF THE OZARKS                ,AR,72830-2880,Private      ,211,36,247,489,74,563
00109500,CROWLEYS RIDGE COLLEGE                  ,AR,72450-9775,Private      ,40,16,56,73,24,97
00109700,HARDING UNIVERSITY                      ,AR,72149-0001,Private      ,1241,538,1779,2495,760,3255
00109800,HENDERSON STATE UNIVERSITY              ,AR,71999-0001,Public       ,984,581,1565,1872,869,2741
00109900,HENDRIX COLLEGE                         ,AR,72032-3080,Private      ,161,14,175,1404,54,1458
00110000,JOHN BROWN UNIVERSITY                   ,AR,72761-2747,Private      ,243,308,551,1108,555,1663
00110100,UNIV ARKANSAS LITTLE ROCK               ,AR,72204-1099,Public       ,1501,3146,4647,2770,5711,8481
00110200,OUACHITA BAPTIST UNIVERSITY             ,AR,71998-0001,Private      ,437,40,477,1147,69,1216
00110300,PHILANDER SMITH COLLEGE                 ,AR,72202-3718,Private      ,208,199,407,452,360,812
00110400,PHILLIPS COUNTY COMMUNITY COLLEGE       ,AR,72342-0000,Public       ,116,283,399,215,406,621
00110401,RICE BELT TECH INST                     ,AR,72042-0000,Public       ,2,2,4,4,4,8
00110600,WILLIAMS BAPTIST COLLEGE                ,AR,72476-4661,Private      ,179,63,242,408,110,518
00110700,SOUTHERN ARKANSAS UNIVERSITY            ,AR,71754-0000,Public       ,872,636,1508,1537,1013,2550
00110800,UNIV ARKANSAS FAYETTEVILLE              ,AR,72701-0000,Public       ,2781,1957,4738,6626,3388,10014
00110900,UNIV OF ARKANSAS FOR MEDCL SCIENCES     ,AR,72205-7102,Public       ,193,641,834,335,1251,1586
00110901,UNIV OF ARKANSAS COLG OF MEDICINE       ,AR,72205-0000,Public       ,13,181,194,21,583,604
00111000,UNIVERSITY OF ARKANSAS-FORT SMITH       ,AR,72904-7397,Public       ,1051,1256,2307,2013,2197,4210
00524500,U OF A COMM COLLEGE AT MORRILTON        ,AR,72110-9601,Public       ,323,457,780,536,704,1240
00570700,SEARK COLLEGE                           ,AR,71603-0000,Public       ,230,640,870,333,996,1329
00573200,UNIV AR COMMUNITY COLLEGE AT HOPE       ,AR,71801-0000,Public       ,139,250,389,225,366,591
00704400,CROWLEYS RIDGE TECHNICAL INSTITUTE      ,AR,72336-0000,Public       ,23,70,93,33,99,132
00773800,SOUTHERN ARKANSAS UNIVERSITY TECH       ,AR,71701-1900,Public       ,152,221,373,245,354,599
00792100,FAYETTEVILLE BEAUTY COLLEGE             ,AR,72701-0000,Proprietary  ,5,34,39,12,44,56
00997600,OUACHITA TECHNICAL COLLEGE              ,AR,72104-0816,Public       ,122,244,366,171,355,526
01074100,MELLIE'S BEAUTY COLLEGE                 ,AR,72901-3886,Proprietary  ,4,24,28,8,33,41
01210500,NATIONAL PARK COMMUNITY COLLEGE         ,AR,71913-9174,Public       ,314,537,851,466,835,1301
01226000,EAST ARKANSAS COMMUNITY COLLEGE         ,AR,72335-2204,Public       ,152,268,420,234,399,633
01226100,NORTH ARKANSAS COLLEGE                  ,AR,72601-5508,Public       ,296,493,789,478,837,1315
01286000,ARKANSAS NORTHEASTERN COLLEGE           ,AR,72316-1109,Public       ,238,360,598,436,653,1089
02052200,BLACK RIVER TECHNICAL COLLEGE           ,AR,72455-0000,Public       ,238,457,695,376,658,1034
02073500,UNIVERSITY OF ARKANSAS COMMUNITY COLLEGE,AR,72503-0000,Public       ,142,291,433,247,429,676
02073700,NORTHWEST TECHNICAL INSTITUTE           ,AR,72765-0000,Public       ,34,108,142,61,164,225
02074600,SOUTH ARKANSAS COMMUNITY COLLEGE        ,AR,71731-0000,Public       ,156,372,528,248,603,851
02075300,PULASKI TECHNICAL COLLEGE               ,AR,72118-0000,Public       ,827,3264,4091,1261,4997,6258
02087000,OZARKA COLLEGE                          ,AR,72556-0000,Public       ,87,253,340,150,353,503
02111100,RICH MOUNTAIN COMMUNITY COLLEGE         ,AR,71953-0000,Public       ,118,126,244,262,232,494
02202400,PROFESSIONAL COSMETOLOGY EDUC CTR       ,AR,71730-5828,Proprietary  ,4,13,17,5,13,18
02220900,COSSATOT COMMUNITY COLLEGE              ,AR,71832-0000,Public       ,152,354,506,264,551,815
02260400,BEE JAY'S HAIRSTYLING ACADEMY           ,AR,72212-0000,Proprietary  ,4,17,21,5,21,26
02272400,EASTERN COLLEGE OF HEALTH VOCATIONS     ,AR,72209-0000,Proprietary  ,39,120,159,55,235,290
02284200,NEW TYLER BARBER COLLEGE INC            ,AR,72114-0000,Proprietary  ,8,11,19,12,20,32
02287400,MARSHA KAY BEAUTY COLLEGE               ,AR,72653-0000,Proprietary  ,1,4,5,3,8,11
02321701,ITT TECHNICAL INSTITUTE                 ,AR,72204-9925,Proprietary  ,79,268,347,109,313,422
02330800,JEFFERSON SCHOOL OF NURSING             ,AR,71603-0000,Private      ,12,43,55,22,77,99
02339800,SOUTHERN INSTITUTE OF COSMETOLOGY       ,AR,72301-0000,Proprietary  ,0,2,2,0,4,4
02341700,CAREER ACADEMY OF HAIR DESIGN           ,AR,72764-4304,Proprietary  ,8,32,40,15,43,58
02348200,MID-SOUTH COMMUNITY COLLEGE             ,AR,72301-0000,Public       ,161,356,517,299,617,916
02363500,ARTHUR'S BEAUTY COLLEGE                 ,AR,72901-0000,Proprietary  ,5,33,38,9,52,61
02525800,LEE'S SCHOOL OF COSMETOLOGY             ,AR,72114-0000,Proprietary  ,5,8,13,9,13,22
02538500,ARTHUR'S BEAUTY COLLEGE                 ,AR,72076-0000,Proprietary  ,23,96,119,31,112,143
02569600,SEARCY BEAUTY COLLEGE                   ,AR,72143-0000,Proprietary  ,5,25,30,8,29,37
03005100,ARKANSAS BEAUTY SCHOOL                  ,AR,72209-5116,Proprietary  ,4,38,42,8,48,56
03007100,HOT SPRINGS BEAUTY COLLEGE              ,AR,71901-5432,Proprietary  ,11,23,34,13,26,39
03007600,ARKANSAS BEAUTY SCHOOL-CONWAY           ,AR,72032-4354,Proprietary  ,10,26,36,14,38,52
03023400,ARKANSAS COLLEGE OF BARBERING           ,AR,72114-5615,Proprietary  ,7,30,37,8,40,48
03063300,NORTHWEST ARKANSAS COMMUNITY COLLEG     ,AR,72712-5190,Public       ,646,1010,1656,1023,1699,2722
03065100,ABC BEAUTY COLLEGE                      ,AR,71923-4206,Proprietary  ,3,7,10,4,12,16
03066302,BRYAN COLLEGE -                         ,AR,72756-1825,Proprietary  ,11,60,71,11,60,71
03105200,BAPTIST HEALTH SCHOOLS LITTLE ROCK      ,AR,72210-0000,Private      ,141,503,644,207,738,945
03116800,"DELUXE BEAUTY SCHOOL, L.L.C.            ",AR,71603-0000,Proprietary  ,3,3,6,4,5,9
03124900,IMAGINE -  PAUL MITCHELL PARTNER SCHOOL ,AR,72117-2516,Proprietary  ,0,0,0,2,4,6
03127200,ASKINS VO-TECH                          ,AR,72908-8028,Proprietary  ,1,9,10,2,11,13
03212300,BLYTHEVILLE ACADEMY OF COSMETOLOGY      ,AR,72315-3424,Proprietary  ,3,4,7,5,6,11
03214300,VELVATEX COLLEGE OF BEAUTY CULTURE      ,AR,72202-5452,Proprietary  ,1,10,11,2,15,17
03254300,MARGARET'S HAIR ACADEMY                 ,AR,71655-4905,Proprietary  ,0,5,5,0,9,9
03519400,LYNNDALE FUNDAMENTALS OF BEAUTY SCH     ,AR,71730-4804,Proprietary  ,0,12,12,2,20,22
03855300,ECCLESIA COLLEGE                        ,AR,72762-8159,Private      ,23,11,34,32,13,45
03912300,CROSSETT SCHOOL OF COSMETOLOGY          ,AR,71635-0000,Proprietary  ,2,3,5,2,5,7
03997300,ARKANSAS BEAUTY COLLEGE                 ,AR,72801-3741,Proprietary  ,5,20,25,7,24,31
00133900,CORBAN COLLEGE                          ,OR,97301-9392,Private      ,117,87,204,1014,232,1246
00316505,CASCADE COLLEGE                         ,OR,97216-0000,Private      ,91,38,129,217,71,288
00318600,BLUE MOUNTAIN COMMUNITY COLLEGE         ,OR,97801-0000,Public       ,154,288,442,544,733,1277
00318800,CENTRAL OREGON COMMUNITY COLLEGE        ,OR,97701-5998,Public       ,284,521,805,1060,1294,2354
00318900,CLATSOP COMMUNITY COLLEGE               ,OR,97103-3698,Public       ,84,106,190,268,287,555
00319100,CONCORDIA UNIVERSITY                    ,OR,97211-6099,Private      ,212,405,617,950,959,1909
00319300,EASTERN OREGON UNIVERSITY               ,OR,97850-2899,Public       ,298,509,807,1561,1471,3032
00319400,GEORGE FOX UNIVERSITY                   ,OR,97132-2697,Private      ,300,560,860,2024,1207,3231
00319600,LANE COMMUNITY COLLEGE                  ,OR,97405-0640,Public       ,769,1347,2116,3016,4635,7651
00319700,LEWIS & CLARK COLLEGE                   ,OR,97219-7899,Private      ,129,355,484,3528,2524,6052
00319800,LINFIELD COLLEGE                        ,OR,97128-6894,Private      ,115,131,246,2579,410,2989
00319801,LINFIELD COLLEGE - PORTLAND CAMPUS      ,OR,97210-0000,Private      ,19,79,98,278,565,843
00319900,MARYLHURST UNIVERSITY                   ,OR,97036-7036,Private      ,29,309,338,100,726,826
00320300,MOUNT ANGEL SEMINARY                    ,OR,97373-0505,Private      ,1,4,5,5,7,12
00320400,MOUNT HOOD COMMUNITY COLLEGE            ,OR,97030-3300,Public       ,622,983,1605,1989,2595,4584
00320600,MULTNOMAH BIBLE COLLEGE/SEMINARY        ,OR,97220-5898,Private      ,90,104,194,422,451,873
00320700,PACIFIC NORTHWEST COLLEGE OF ART        ,OR,97209-3023,Private      ,78,71,149,357,319,676
00320800,NORTHWEST CHRISTIAN UNIVERSITY          ,OR,97401-3727,Private      ,68,115,183,400,313,713
00320900,WESTERN OREGON UNIVERSITY               ,OR,97361-1394,Public       ,487,337,824,4176,1330,5506
00321000,OREGON STATE UNIVERSITY                 ,OR,97331-8507,Public       ,1571,1294,2865,13097,5489,18586
00321100,OREGON INSTITUTE OF TECHNOLOGY          ,OR,97601-8801,Public       ,190,276,466,1447,1069,2516
00321200,PACIFIC UNIVERSITY                      ,OR,97116-1797,Private      ,172,335,507,2121,2123,4244
00321300,PORTLAND COMMUNITY COLLEGE              ,OR,97219-7198,Public       ,1440,3462,4902,4625,9351,13976
00321600,PORTLAND STATE UNIVERSITY               ,OR,97207-0000,Public       ,1655,3687,5342,8070,11249,19319
00321700,REED COLLEGE                            ,OR,97202-8199,Private      ,259,64,323,2296,229,2525
00321800,CHEMEKETA COMMUNITY COLLEGE             ,OR,97309-1500,Public       ,745,1653,2398,2286,3963,6249
00321900,SOUTHERN OREGON UNIVERSITY              ,OR,97520-5010,Public       ,444,424,868,3348,1624,4972
00322000,SOUTHWESTERN OREGON COMMUNITY CLG       ,OR,97420-2956,Public       ,222,222,444,820,629,1449
00322100,TREASURE VALLEY COMMUNITY COLLEGE       ,OR,97914-3423,Public       ,180,313,493,654,703,1357
00322200,UMPQUA COMMUNITY COLLEGE                ,OR,97470-0226,Public       ,152,348,500,638,937,1575
00322300,UNIVERSITY OF OREGON                    ,OR,97403-1226,Public       ,1507,1156,2663,12664,6560,19224
00322400,UNIVERSITY OF PORTLAND                  ,OR,97203-5798,Private      ,298,270,568,5440,1061,6501
00322500,WARNER PACIFIC COLLEGE                  ,OR,97215-4099,Private      ,130,228,358,516,434,950
00322700,WILLAMETTE UNIVERSITY                   ,OR,97301-3930,Private      ,127,260,387,2766,1229,3995
00487800,CLACKAMAS COMMUNITY COLLEGE             ,OR,97045-7998,Public       ,396,565,961,1339,1609,2948
00488200,OREGON HEALTH & SCIENCE UNIVERSITY      ,OR,97239-0000,Public       ,42,432,474,331,2484,2815
00488230,OREGON GRAD INST OF SCIENCE & TECH      ,OR,97006-0000,Public       ,0,5,5,5,15,20
00693800,LINN BENTON COMMUNITY COLLEGE           ,OR,97321-3774,Public       ,510,716,1226,1801,1844,3645
00717800,WESTERN SEMINARY                        ,OR,97215-0000,Private      ,1,47,48,5,110,115
00723402,HEALD COLLEGE - PORTLAND                ,OR,97205-3432,Proprietary  ,17,80,97,28,127,155
00781900,ART INSTITUTE OF PORTLAND (THE)         ,OR,97209-2911,Proprietary  ,425,436,861,1120,948,2068
00888700,CONCORDE CAREER INSTITUTE               ,OR,97232-2242,Proprietary  ,77,202,279,137,397,534
00907900,EVEREST COLLEGE                         ,OR,97204-2296,Proprietary  ,207,1078,1285,232,1158,1390
00958100,SPRINGFIELD COLLEGE OF BEAUTY           ,OR,97477-5474,Proprietary  ,11,26,37,32,47,79
01012200,PHAGANS' MEDFORD BEAUTY SCHOOL          ,OR,97504-5297,Proprietary  ,15,34,49,30,47,77
01018200,ROGUE COMMUNITY COLLEGE                 ,OR,97527-0000,Public       ,304,768,1072,940,1880,2820
01050700,ACADEMY OF HAIR DESIGN                  ,OR,97301-3526,Proprietary  ,9,9,18,15,24,39
01185200,ITT TECHNICAL INSTITUTE                 ,OR,97220-0000,Proprietary  ,158,385,543,255,481,736
01230900,WESTERN STATES CHIROPRACTIC COLLEGE     ,OR,97230-3099,Private      ,3,229,232,11,412,423
01234700,PHAGANS CENTRAL OREGON BEAUTY CLG       ,OR,97701-5175,Proprietary  ,8,30,38,19,56,75
01234800,PHAGANS BEAUTY COLLEGE                  ,OR,97333-4716,Proprietary  ,23,25,48,29,34,63
01235000,PHAGANS SCHOOL OF HAIR DESIGN           ,OR,97267-4808,Proprietary  ,9,14,23,16,33,49
01235100,PHAGANS SCHOOL OF BEAUTY                ,OR,97301-4732,Proprietary  ,5,25,30,9,39,48
01300800,PHAGANS TIGARD BEAUTY SCHOOL            ,OR,97223-0000,Proprietary  ,9,18,27,22,23,45
02101000,NORTHWEST COLLEGE OF HAIR DESIGN        ,OR,97086-7702,Proprietary  ,16,23,39,24,50,74
02104900,COLLEGE OF LEGAL ARTS                   ,OR,97219-9998,Proprietary  ,19,46,65,21,58,79
02106100,COLLEGE OF COSMETOLOGY                  ,OR,97601-0000,Proprietary  ,2,17,19,7,28,35
02154400,BEAU MONDE CLG OF HAIR DESIGN           ,OR,97205-0000,Proprietary  ,25,44,69,42,78,120
02159700,EUGENE BIBLE COLLEGE                    ,OR,97405-0000,Private      ,16,29,45,52,60,112
02201900,PHAGANS' SCHOOL OF HAIR DESIGN          ,OR,97232-0000,Proprietary  ,17,52,69,34,114,148
02311000,PAUL MITCHELL THE SCHOOL                ,OR,97103-0000,Proprietary  ,0,2,2,4,4,8
02330100,PIONEER PACIFIC COLLEGE                 ,OR,97070-0000,Proprietary  ,103,385,488,140,500,640
02330102,PIONEER PACIFIC COLLEGE                 ,OR,97403-0000,Proprietary  ,18,132,150,32,200,232
02337900,COLLEGE OF HAIR DESIGN CAREERS          ,OR,97301-0000,Proprietary  ,22,22,44,29,30,59
02344100,ROSEBURG BEAUTY COLLEGE                 ,OR,97470-0000,Proprietary  ,7,10,17,16,26,42
02534000,NATIONAL COLLEGE OF NATURAL MEDICINE    ,OR,97201-0000,Private      ,0,274,274,8,486,494
02578800,NORTHWEST NANNIES INSTITUTE             ,OR,97035-0000,Proprietary  ,8,4,12,15,7,22
02603700,OREGON COL OF ORIENTAL MEDICINE         ,OR,97216-0000,Private      ,0,110,110,3,242,245
03007300,OREGON COLLEGE OF ART & CRAFT           ,OR,97225-6399,Private      ,14,28,42,83,132,215
03022600,WESTERN CULINARY INSTITUTE              ,OR,97205-2793,Proprietary  ,540,622,1162,1242,1186,2428
03042500,APOLLO COLLEGE                          ,OR,97232-1302,Proprietary  ,92,240,332,137,316,453
03074400,PHAGANS NEWPORT ACAD CSMTLGY CAREER     ,OR,97365-4963,Proprietary  ,4,17,21,5,22,27
03074500,EAST-WEST COLLEGE OF THE HEALING ARTS   ,OR,97232-2765,Proprietary  ,21,87,108,46,167,213
03185300,PHAGANS GRANTS PASS COLLEGE OF BTY      ,OR,97527-3039,Proprietary  ,15,22,37,20,23,43
03428300,KLAMATH COMMUNITY COLLEGE               ,OR,97603-7121,Public       ,56,192,248,167,445,612
03642300,VALLEY MEDICAL COLLEGE                  ,OR,97305-1373,Proprietary  ,12,54,66,27,90,117
03668300,BIRTHINGWAY COLLEGE OF MIDWIFERY        ,OR,97266-4042,Private      ,1,19,20,4,59,63
03783400,ABDILL CAREER COLLEGE                   ,OR,97504-7137,Proprietary  ,5,21,26,15,37,52
03932400,GUTENBERG COLLEGE                       ,OR,97403-1368,Private      ,5,1,6,24,13,37
00137400,ALBERTUS MAGNUS COLLEGE                 ,CT,06511-1189,Private      ,102,232,334,641,470,1111
00137403,ALBERTUS MAGNUS CLG-NEW DIMENSIONS      ,CT,06511-0000,Private      ,6,206,212,17,323,340
00137800,CENTRAL CONNECTICUT STATE UNIV          ,CT,06050-2490,Public       ,1780,1111,2891,6830,2375,9205
00137900,CONNECTICUT COLLEGE                     ,CT,06320-4196,Private      ,359,18,377,2098,55,2153
00138000,WESTERN CONNECTICUT STATE UNIV          ,CT,06810-6826,Public       ,674,314,988,3855,894,4749
00138500,FAIRFIELD UNIVERSITY                    ,CT,06430-0000,Private      ,198,161,359,5113,394,5507
00138700,HARTFORD SEMINARY                       ,CT,06105-0000,Private      ,1,5,6,5,15,20
00138900,HOLY APOSTLES COLLEGE & SEMINARY        ,CT,06416-2005,Private      ,2,19,21,4,25,29
00139200,MANCHESTER COMMUNITY COLLEGE            ,CT,06045-1046,Public       ,795,753,1548,1528,1315,2843
00139300,MITCHELL COLLEGE                        ,CT,06320-4498,Private      ,220,66,286,779,138,917
00139700,UNIVERSITY OF NEW HAVEN                 ,CT,06516-1999,Private      ,407,376,783,3344,1060,4404
00139800,NORTHWESTERN CT COMMUNITY COLLEGE       ,CT,06098-1747,Public       ,112,126,238,255,231,486
00139900,NORWALK COMMUNITY TECHNICAL COLLEGE     ,CT,06854-1655,Public       ,418,531,949,714,835,1549
00140100,POST UNIVERSITY                         ,CT,06723-3240,Proprietary  ,234,211,445,745,410,1155
00140200,QUINNIPIAC UNIVERSITY                   ,CT,06518-1908,Private      ,824,354,1178,9081,969,10050
00140201,QUINNIPIAC UNIVERSITY SCHOOL OF LAW     ,CT,06518-0000,Private      ,9,197,206,136,844,980
00140300,SACRED HEART UNIVERSITY                 ,CT,06825-1000,Private      ,941,331,1272,5923,708,6631
00140600,SOUTHERN CONNECTICUT STATE UNIV         ,CT,06515-1355,Public       ,1145,925,2070,7211,3099,10310
00140900,SAINT JOSEPH COLLEGE                    ,CT,06117-2791,Private      ,224,282,506,981,597,1578
00141400,TRINITY COLLEGE                         ,CT,06106-3100,Private      ,142,57,199,2487,160,2647
00141600,UNIVERSITY OF BRIDGEPORT                ,CT,06601-5650,Private      ,418,652,1070,1394,1212,2606
00141700,UNIVERSITY OF CONNECTICUT-STORRS        ,CT,06269-2151,Public       ,1562,829,2391,19881,3633,23514
00141702,UNIV CONN STAMFORD                      ,CT,06901-0000,Public       ,64,83,147,331,162,493
00141703,UNIV OF CONNECTICUT - TORINGTON         ,CT,06790-0000,Public       ,25,17,42,140,38,178
00141706,UNIV OF CONNECTICUT SCH LAW             ,CT,06105-0000,Public       ,6,229,235,27,1032,1059
00141707,UNIV OF CT - SCH OF SOCIAL WORK         ,CT,06117-0000,Public       ,13,75,88,57,438,495
00141708,UNIVERSITY OF CONNECTICUT - SCHOOL OF ME,CT,06030-1920,Public       ,3,169,172,8,380,388
00141709,UNIVERSITY OF CONNECTICUT - SCHOOL OF DE,CT,06030-1920,Public       ,1,95,96,1,168,169
00142200,UNIVERSITY OF HARTFORD                  ,CT,06117-1599,Private      ,699,381,1080,8234,1096,9330
00142400,WESLEYAN UNIVERSITY                     ,CT,06459-3208,Private      ,649,36,685,3319,105,3424
00142500,EASTERN CONNECTICUT STATE UNIV          ,CT,06226-2295,Public       ,527,212,739,4053,777,4830
00142600,YALE UNIVERSITY                         ,CT,06520-8288,Private      ,991,840,1831,9053,5617,14670
00142601,YALE UNIV PHYSICIANS ASSOC PROG         ,CT,06510-0000,Private      ,0,29,29,1,59,60
00142602,YALE UNIV EPIDEMIOLOGY & PUB HLTH       ,CT,06510-0000,Private      ,1,22,23,4,214,218
00142603,YALE UNIV SCHOOL MEDICINE               ,CT,06510-0000,Private      ,5,262,267,16,704,720
00280301,RENSSELAER POLYTECHNIC INSTITUTE-RENSSEL,CT,06120-2991,Private      ,2,15,17,7,26,33
00280302,RENSSELAER POLYTECHNIC INSTITUTE - RENSS,CT,06340-4554,Private      ,0,0,0,0,1,1
00280400,RENSSELAER HARTFORD GRADUATE CENTER     ,CT,06120-0000,Private      ,0,3,3,0,12,12
00451300,HOUSATONIC COMMUNITY COLLEGE            ,CT,06604-4704,Public       ,594,937,1531,1001,1480,2481
00618100,BRIDGEPORT HOSP SCHL OF NURSING         ,CT,06610-2896,Private      ,24,98,122,61,175,236
00619100,ST. VINCENT'S COLLEGE                   ,CT,06606-9966,Private      ,65,145,210,162,307,469
00698200,NAUGATUCK VALLEY COMM-TECH COLG         ,CT,06708-3089,Public       ,574,606,1180,1137,1153,2290
00730000,ELI WHITNEY TECHNICAL HIGH SCHOOL       ,CT,06514-0000,Public       ,5,32,37,11,43,54
00730300,LINCOLN TECHNICAL INSTITUTE             ,CT,06051-0000,Proprietary  ,242,480,722,294,556,850
00730500,PORTER AND CHESTER INSTITUTE OF BRANFORD,CT,06405-4022,Proprietary  ,66,87,153,95,114,209
00731100,WINDHAM TECHNICAL HIGH SCHOOL           ,CT,06226-2100,Public       ,1,6,7,2,13,15
00745900,PAIER COLLEGE OF ART                    ,CT,06514-3902,Proprietary  ,44,28,72,114,48,162
00763500,CAPITAL COMMUNITY COLLEGE               ,CT,06103-1207,Public       ,469,1004,1473,804,1685,2489
00803700,GATEWAY COMMUNITY-TECHNICAL COLLEGE     ,CT,06511-0000,Public       ,559,987,1546,1098,1629,2727
00803800,MIDDLESEX COMMUNITY CLG                 ,CT,06457-4889,Public       ,199,333,532,454,579,1033
00887200,RENASCI ACADEMY OF HAIR                 ,CT,06460-4160,Proprietary  ,8,11,19,9,15,24
00887300,PAUL MITCHELL THE SCHOOL                ,CT,06810-6716,Proprietary  ,11,15,26,17,21,38
00887400,BRIO ACADEMY OF COSMETOLOGY             ,CT,06450-4836,Proprietary  ,36,59,95,42,68,110
00906500,THE HARTFORD CONSERVATORY               ,CT,06105-2891,Private      ,20,8,28,35,10,45
00927700,E C GOODWIN TECHNICAL HIGH SCHOOL       ,CT,06053-0000,Public       ,3,14,17,8,24,32
00929100,J M WRIGHT TECHNICAL HIGH SCHOOL        ,CT,06904-0000,Public       ,1,12,13,2,16,18
00940700,BRIARWOOD COLLEGE                       ,CT,06489-1057,Proprietary  ,168,114,282,387,211,598
00976400,TUNXIS COMMUNITY COLLEGE                ,CT,06032-3187,Public       ,355,425,780,731,775,1506
00976500,THREE RIVERS COMMUNITY TECH COLLEGE     ,CT,06360-0000,Public       ,347,525,872,688,949,1637
00982200,ALBERT I PRINCE TECHNICAL HIGH SCHOOL   ,CT,06106-3799,Public       ,4,20,24,7,30,37
01041700,BRIO ACADEMY OF EAST HARTFORD           ,CT,06108-2220,Proprietary  ,12,12,24,13,12,25
01053000,QUINEBAUG VALLEY COMMUNITY COLLEGE      ,CT,06239-1440,Public       ,190,306,496,363,520,883
01077900,PORTER AND CHESTER INSTITUTE-ALLCAMPUSES,CT,06615-7158,Proprietary  ,378,551,929,488,769,1257
01115000,ASNUNTUCK COMMUNITY COLLEGE             ,CT,06082-3800,Public       ,103,129,232,178,220,398
01149600,BULLARD HAVENS VOC TECH SCHOOL          ,CT,06610-3499,Public       ,3,22,25,4,28,32
01169700,VINAL REGIONAL VOC TECH SCHOOL          ,CT,06457-4918,Public       ,2,8,10,5,19,24
01184300,NORWICH TECHNICAL HIGH SCHOOL           ,CT,06360-7097,Public       ,1,13,14,3,20,23
01218500,H C WILCOX TECHNICAL HIGH SCHOOL        ,CT,06450-0000,Public       ,0,2,2,3,5,8
01242500,STONE ACADEMY                           ,CT,06514-4125,Proprietary  ,61,417,478,92,533,625
01242503,STONE ACADEMY -WATERBURY                ,CT,06705-3823,Proprietary  ,2,9,11,3,12,15
01287700,GIBBS COLLEGE                           ,CT,06855-1436,Proprietary  ,190,240,430,325,351,676
01291300,LEON INSTITUTE OF HAIR DESIGN           ,CT,06604-4226,Proprietary  ,3,9,12,3,17,20
01326400,HENRY ABBOTT TECHNICAL HIGH SCHOOL      ,CT,06811-4881,Public       ,3,16,19,4,26,30
02058900,HARVARD H ELLIS TECHNICAL HIGH SCHOOL   ,CT,06239-0000,Public       ,6,4,10,14,8,22
02074000,BRANFORD HALL CAREER INSTITUTE          ,CT,06405-0000,Proprietary  ,227,804,1031,268,954,1222
02106600,FOX INSTITUTE OF BUSINESS               ,CT,06110-0000,Proprietary  ,18,84,102,21,89,110
02112300,RIDLEY LOWELL BUSINESS & TECH INST      ,CT,06320-0000,Proprietary  ,14,91,105,14,102,116
02112700,NORTH HAVEN ACADEMY                     ,CT,06473-3108,Proprietary  ,58,39,97,73,49,122
02115100,BUTLER BUSINESS SCHOOL                  ,CT,06604-0000,Proprietary  ,14,63,77,19,83,102
02148700,CONNECTICUT INST OF HAIR DESIGN         ,CT,06716-0000,Proprietary  ,2,7,9,3,8,11
02202500,NEW ENGLAND TRACTOR TRAILER SCH         ,CT,06071-2036,Proprietary  ,10,184,194,11,192,203
02213000,ELLA T GRASSO SOUTHEASTERN TECHNICAL HIG,CT,06340-0000,Public       ,0,2,2,3,3,6
02228800,BARAN INSTITUTE OF TECHNOLOGY           ,CT,06088-9631,Proprietary  ,336,146,482,585,224,809
02244900,GOODWIN COLLEGE                         ,CT,06118-9980,Private      ,109,374,483,247,1107,1354
02245300,HOWELL CHENEY TECHNICAL HIGH SCHOOL     ,CT,06040-0000,Public       ,2,8,10,2,12,14
02265900,WINDHAM COMMUNITY MEM HOSP-RAD TECH     ,CT,06226-0000,Private      ,1,3,4,4,6,10
02296100,YALE-NEW HAVEN HOSP DIETETIC INTERN     ,CT,06510-8900,Private      ,1,2,3,3,6,9
02300000,W F KAYNOR TECHNICAL HIGH SCHOOL        ,CT,06708-0000,Public       ,0,16,16,5,27,32
02316600,CONNECTICUT CTR FOR MASSAGE THERAPY     ,CT,06111-3975,Proprietary  ,20,106,126,33,140,173
02316601,CONNECTICUT CENTER FOR MASSAGE THERAPY -,CT,06880-4619,Proprietary  ,13,56,69,18,68,86
02316603,CONNECTICUT CENTER FOR MASSAGE THERAPY -,CT,06340-4619,Proprietary  ,14,66,80,16,82,98
02562400,EMMETT O BRIEN REG VOC TECH SCHOOL      ,CT,06401-2500,Public       ,1,1,2,1,1,2
02565000,PLATT TECHNICAL HIGH SCHOOL             ,CT,06460-2105,Public       ,1,4,5,3,5,8
03079400,LYME ACADEMY COLLEGE OF FINE ARTS       ,CT,06371-2333,Private      ,13,10,23,54,27,81
03094800,INDUSTRIAL MANAGEMENT & TRAINING        ,CT,06706-1211,Proprietary  ,18,37,55,24,70,94
03231400,OLIVER WOLCOTT TECHNICAL HIGH SCHOOL    ,CT,06790-3859,Public       ,2,1,3,3,1,4
03234300,CHARTER OAK STATE COLLEGE               ,CT,06053-2150,Public       ,6,227,233,22,407,429
03316300,LINCOLN TECHNICAL INSTITUTE - HARTFORD  ,CT,06105-3630,Proprietary  ,152,104,256,294,176,470
03381300,CONNECTICUT TRAINING CENTER             ,CT,06108-2705,Private      ,6,61,67,6,63,69
03927300,ALBERT SCHOOL (THE)                     ,CT,06357-2447,Proprietary  ,7,9,16,9,11,20
04053300,CLEMENS COLLEGE                         ,CT,06078-0000,Proprietary  ,24,6,30,43,10,53
04104300,ACADEMY DI CAPELLI - SCHOOL OF COSMETOLO,CT,06492-0000,Proprietary  ,5,8,13,5,9,14
00146600,BARRY UNIVERSITY                        ,FL,33161-6695,Private      ,1136,2581,3717,2909,4772,7681
00146601,BARRY UNIVERSITY SCHOOL OF LAW          ,FL,32807-0000,Private      ,9,425,434,30,959,989
00146700,BETHUNE COOKMAN UNIVERSITY              ,FL,32114-3099,Private      ,2026,434,2460,4619,799,5418
00146800,ST THOMAS UNIVERSITY                    ,FL,33054-0000,Private      ,436,755,1191,939,1644,2583
00146900,FLORIDA INSTITUTE OF TECHNOLOGY         ,FL,32901-6988,Private      ,595,355,950,2576,725,3301
00147000,BREVARD COMMUNITY COLLEGE               ,FL,32922-6503,Public       ,1401,1678,3079,2106,2752,4858
00147100,CENTRAL FLORIDA COMMUNITY COLLEGE       ,FL,34478-1388,Public       ,1048,1118,2166,1689,1944,3633
00147200,CHIPOLA  COLLEGE                        ,FL,32446-2053,Public       ,307,257,564,444,408,852
00147300,CLEARWATER CHRISTIAN COLLEGE            ,FL,33759-0000,Private      ,153,27,180,609,67,676
00147500,DAYTONA STATE COLLEGE                   ,FL,32114-2800,Public       ,1473,2281,3754,2294,3625,5919
00147700,EDISON COLLEGE                          ,FL,33906-6210,Public       ,1522,1583,3105,2258,2382,4640
00147800,EDWARD WATERS COLLEGE                   ,FL,32209-6199,Private      ,340,231,571,652,378,1030
00147900,EMBRY-RIDDLE AERONAUTICAL UNIV          ,FL,32114-3900,Private      ,1175,1167,2342,5637,2391,8028
00148000,FLORIDA A & M UNIVERSITY                ,FL,32307-3100,Public       ,3873,1926,5799,10435,4461,14896
00148100,FLORIDA ATLANTIC UNIVERSITY             ,FL,33431-6498,Public       ,3775,2954,6729,9130,6305,15435
00148101,FLORIDA ATLANTIC UNIVERSITY/DAVIE       ,FL,33314-0000,Public       ,256,744,1000,552,1492,2044
00148103,FLORIDA ATLANTIC UNIV-JUPITER/PSL       ,FL,33458-0000,Public       ,139,209,348,335,384,719
00148200,FLORIDA COLLEGE                         ,FL,33617-5578,Private      ,196,14,210,346,21,367
00148400,FLORIDA STATE COLLEGE AT JACKSONVILLE   ,FL,32202-4030,Public       ,2734,4529,7263,4317,7945,12262
00148500,FLORIDA KEYS COMMUNITY COLLEGE          ,FL,33040-4397,Public       ,82,118,200,119,192,311
00148600,FLORIDA MEMORIAL UNIVERSITY             ,FL,33054-6199,Private      ,652,437,1089,1221,722,1943
00148700,ECKERD COLLEGE                          ,FL,33711-4744,Private      ,416,201,617,2129,377,2506
00148800,FLORIDA SOUTHERN COLLEGE                ,FL,33801-5698,Private      ,691,237,928,1853,414,2267
00148900,FLORIDA STATE UNIVERSITY                ,FL,32306-2430,Public       ,6787,3500,10287,22550,10147,32697
00149000,GULF COAST COMMUNITY COLLEGE            ,FL,32401-1058,Public       ,500,809,1309,876,1402,2278
00149300,INDIAN RIVER STATE COLLEGE              ,FL,34981-5596,Public       ,1142,1422,2564,1893,2261,4154
00149500,JACKSONVILLE UNIVERSITY                 ,FL,32211-3394,Private      ,941,805,1746,2386,1426,3812
00149700,JONES COLLEGE                           ,FL,32211-5588,Private      ,31,265,296,56,459,515
00149900,EVEREST UNIVERSITY                      ,FL,32810-5601,Proprietary  ,662,3793,4455,764,4982,5746
00150000,BROWARD COLLEGE- DOWNTOWN CTR           ,FL,33301-2208,Public       ,1106,1631,2737,1931,2967,4898
00150001,BROWARD COLLEGE - DAVIE CAMPUS          ,FL,33314-0000,Public       ,1973,2149,4122,2772,3092,5864
00150002,BROWARD COLLEGE- NORTH CAMPUS           ,FL,33066-0000,Public       ,630,612,1242,1116,1273,2389
00150003,BROWARD COLLEGE- SOUTH CAMPUS           ,FL,33024-0000,Public       ,684,646,1330,1232,1298,2530
00150100,LAKE CITY COMMUNITY COLLEGE             ,FL,32025-2007,Public       ,334,514,848,493,856,1349
00150200,LAKE SUMTER COMMUNITY COLLEGE           ,FL,34788-8751,Public       ,442,517,959,732,904,1636
00150400,MANATEE COMMUNITY COLLEGE               ,FL,34207-3596,Public       ,1101,1614,2715,1841,2609,4450
00150500,LYNN UNIVERSITY                         ,FL,33431-5598,Private      ,385,185,570,1166,350,1516
00150600,MIAMI DADE COLLEGE ADMINISTRATION ONLY  ,FL,33176-3393,Public       ,226,266,492,389,462,851
00150601,MIAMI DADE COLLEGE - NORTH CAMPUS       ,FL,33167-3495,Public       ,3096,3541,6637,5349,6515,11864
00150602,MIAMI DADE COLLEGE - KENDALL CAMPUS     ,FL,33176-3393,Public       ,3546,2496,6042,5961,4366,10327
00150603,MIAMI DADE COLLEGE - WOLFSON CAMPUS     ,FL,33132-2297,Public       ,1727,1645,3372,3122,3241,6363
00150604,MIAMI DADE COLLEGE - MEDICAL CAMPUS     ,FL,33127-4693,Public       ,324,803,1127,649,1635,2284
00150605,MIAMI DADE COLLEGE - HOMESTEAD CAMPUS   ,FL,33030-6009,Public       ,386,469,855,617,829,1446
00150606,MIAMI DADE COLLEGE -INTERAMERICAN CAMPUS,FL,33135-0000,Public       ,805,1418,2223,1307,2500,3807
00150800,NORTH FLORIDA COMMUNITY COLLEGE         ,FL,32340-1699,Public       ,138,208,346,244,334,578
00150900,NOVA SOUTHEASTERN UNIVERSITY            ,FL,33314-7796,Private      ,1217,9548,10765,2816,17437,20253
00151000,NORTHWEST FLORIDA STATE COLLEGE         ,FL,32578-1295,Public       ,456,781,1237,896,1443,2339
00151200,PALM BEACH COMMUNITY COLLEGE            ,FL,33461-4796,Public       ,2459,2419,4878,3791,3897,7688
00151300,PENSACOLA JR COLLEGE                    ,FL,32504-8998,Public       ,1137,1639,2776,1830,2709,4539
00151400,POLK COMMUNITY COLLEGE                  ,FL,33881-4299,Public       ,880,1162,2042,1391,1885,3276
00151500,ROLLINS COLLEGE                         ,FL,32789-4499,Private      ,498,427,925,1730,785,2515
00151900,SANTA FE COLLEGE                        ,FL,32606-6200,Public       ,2295,1400,3695,4200,2842,7042
00152000,SEMINOLE COMMUNITY COLLEGE              ,FL,32773-6199,Public       ,1413,1879,3292,2269,3117,5386
00152100,SOUTHEASTERN UNIVERSITY                 ,FL,33801-6099,Private      ,997,373,1370,2231,654,2885
00152200,SOUTH FLORIDA COMMUNITY COLLEGE         ,FL,33825-9399,Public       ,381,435,816,593,639,1232
00152201,SOUTH FLORIDA COMMUNITY COLLEGE - LAKE P,FL,33852-9605,Public       ,0,0,0,1,0,1
00152300,ST JOHNS RIVER COMMUNITY COLLEGE        ,FL,32177-3897,Public       ,515,715,1230,813,1364,2177
00152600,SAINT LEO UNIVERSITY                    ,FL,33574-6665,Private      ,748,3911,4659,2111,7448,9559
00152800,ST. PETERSBURG COLLEGE                  ,FL,33760-3768,Public       ,2034,4057,6091,3295,7104,10399
00153100,STETSON UNIVERSITY                      ,FL,32723-3761,Private      ,555,164,719,2000,415,2415
00153101,STETSON UNIVERSITY - COLLEGE OF LAW     ,FL,33707-3299,Private      ,8,572,580,27,1372,1399
00153300,TALLAHASSEE COMMUNITY COLLEGE           ,FL,32304-2895,Public       ,2473,1778,4251,4415,3367,7782
00153400,EVEREST UNIVERSITY                      ,FL,33614-5801,Proprietary  ,500,5586,6086,586,7457,8043
00153500,UNIVERSITY OF FLORIDA                   ,FL,32611-3150,Public       ,5802,4311,10113,22831,12071,34902
00153600,UNIVERSITY OF MIAMI                     ,FL,33146-6531,Private      ,1628,1034,2662,11031,3199,14230
00153601,UNIV OF MIAMI SCHOOL OF LAW             ,FL,33124-0000,Private      ,10,334,344,41,1669,1710
00153602,UNIV OF MIAMI-SCH OF MEDICINE           ,FL,33136-0000,Private      ,91,491,582,348,908,1256
00153700,UNIVERSITY OF SOUTH FLORIDA             ,FL,33620-6960,Public       ,5682,4543,10225,19200,11457,30657
00153701,UNIV OF SOUTH FLORIDA-ST PETERSBURG     ,FL,33701-0000,Public       ,163,196,359,453,479,932
00153702,UNIV OF SOUTH FLORIDA-SARASOTA          ,FL,34243-0000,Public       ,56,148,204,148,314,462
00153705,UNIV OF SOUTH FLORIDA                   ,FL,33803-0000,Public       ,115,146,261,353,295,648
00153706,UNIV OF SOUTH FLORIDA- MEDICINE         ,FL,33612-0000,Public       ,136,240,376,439,733,1172
00153800,UNIVERSITY OF TAMPA                     ,FL,33606-1490,Private      ,1481,601,2082,4950,1115,6065
00154000,WEBBER INTERNATIONAL UNIVERSITY         ,FL,33827-0096,Private      ,261,76,337,495,121,616
00173308,NATIONAL-LOUIS UNIVERSITY               ,FL,33609-0000,Private      ,1,36,37,1,50,51
00177201,TRINITY INTERNATIONAL UNIVERSITY - SOUTH,FL,33324-4611,Private      ,8,138,146,19,190,209
00395400,UNIV OF CENTRAL FLORIDA                 ,FL,32816-0001,Public       ,8640,4422,13062,26550,10889,37439
00395500,UNIVERSITY OF WEST FLORIDA              ,FL,32514-5750,Public       ,1460,1476,2936,3426,2999,6425
00407215,NORTHWOOD UNIVERSITY                    ,FL,33409-0000,Private      ,194,69,263,422,144,566
00558500,LIVELY TECHNICAL CENTER                 ,FL,32304-0000,Public       ,72,198,270,113,327,440
00558501,LIVELY TECHNICAL CENTER - AVIATION SCHOO,FL,32304-8723,Public       ,6,16,22,6,27,33
00558600,LINDSEY HOPKINS TECHNICAL ED CENTER     ,FL,33127-4692,Public       ,68,183,251,94,279,373
00559400,D G ERWIN TECHNICAL CENTER              ,FL,33610-8255,Public       ,122,415,537,148,622,770
00560500,PINELLAS TECH ED CTR-CLEARWATER         ,FL,33760-2194,Public       ,41,146,187,63,230,293
00560700,SARASOTA COUNTY TECHNICAL INSTITUTE     ,FL,34233-0000,Public       ,34,124,158,45,186,231
00560800,TRAVISS TECHNICAL CENTER                ,FL,33803-0000,Public       ,59,187,246,82,309,391
00561200,MANATEE TECHNICAL INSTITUTE             ,FL,34210-0000,Public       ,50,185,235,71,285,356
00561201,MANATEE TECHNICAL INSTITUTE-EAST        ,FL,34211-0000,Public       ,11,68,79,17,105,122
00675000,VALENCIA COMMUNITY COLLEGE              ,FL,32802-3028,Public       ,5556,4106,9662,9020,7034,16054
00752500,SUWANNEE-HAMILTON AREA VOC TECH CTR     ,FL,32060-0000,Public       ,16,58,74,25,85,110
00752600,WASHINGTON HOLMES TECHNICAL CENTER      ,FL,32428-1699,Public       ,35,148,183,38,183,221
00755800,LEE COUNTY HIGH TECH CENTER CENTRAL     ,FL,33916-2299,Public       ,48,84,132,60,133,193
00758600,REMINGTON COLLEGE - TAMPA CAMPUS        ,FL,33612-8410,Proprietary  ,71,313,384,102,403,505
00758604,REMINGTON COLLEGE-LARGO CAMPUS          ,FL,33771-0000,Proprietary  ,3,10,13,5,19,24
00758605,REMINGTON COLLEGE-JACKSONVILLE CAMPUS   ,FL,32256-6932,Proprietary  ,2,12,14,3,19,22
00787000,HILLSBOROUGH COMMUNITY COLLEGE          ,FL,33606-3572,Public       ,2760,3481,6241,4569,5786,10355
00789300,FLAGLER COLLEGE                         ,FL,32085-1027,Private      ,794,206,1000,2178,426,2604
00807500,ST JOHN VIANNEY COLLEGE SEMINARY        ,FL,33165-3244,Private      ,6,2,8,7,8,15
00814600,EVEREST UNIVERSITY - POMPANO BEACH      ,FL,33062-2522,Proprietary  ,210,1340,1550,239,1699,1938
00822300,ST VINCENT DE PAUL REGIONL SEMINARY     ,FL,33436-0000,Private      ,0,2,2,0,4,4
00841700,STENOTYPE INST OF JACKSONVILLE          ,FL,32207-0000,Proprietary  ,7,70,77,7,89,96
00850100,RASMUSSEN COLLEGE                       ,FL,34471-7051,Proprietary  ,69,258,327,99,380,479
00850103,RASMUSSEN COLLEGE-HOLIDAY               ,FL,34690-0000,Proprietary  ,52,240,292,66,370,436
00884800,WARNER SOUTHERN COLLEGE                 ,FL,33859-8725,Private      ,278,236,514,454,347,801
00884900,PALM BEACH ATLANTIC UNIVERSITY          ,FL,33401-6505,Private      ,717,600,1317,1762,1038,2800
00887800,MIAMI INTERNATIONAL UNIV ART&DESIGN     ,FL,33132-1418,Proprietary  ,975,642,1617,1561,1032,2593
00910400,RIVERSIDE HAIRSTYLING ACADEMY           ,FL,32207-3810,Proprietary  ,5,18,23,9,25,34
00963500,FLORIDA INTERNATIONAL UNIVERSITY        ,FL,33199-0001,Public       ,5923,4894,10817,17261,12804,30065
00984100,UNIVERSITY OF NORTH FLORIDA             ,FL,32224-2645,Public       ,2906,2183,5089,6893,4303,11196
00990200,SHERIDAN TECHNICAL CENTER               ,FL,33021-3399,Public       ,85,302,387,123,465,588
01016100,"LORAINE'S ACADEMY, INC                  ",FL,33710-0000,Proprietary  ,10,69,79,12,78,90
01019500,ART INSTITUTE OF FT LAUDERDALE          ,FL,33316-3000,Proprietary  ,1014,881,1895,1478,1168,2646
01065200,PASCO-HERNANDO COMMUNITY CLG            ,FL,34654-5199,Public       ,906,1309,2215,1440,2216,3656
01072401,CARLOS ALBIZU UNIVERSITY                ,FL,33172-0000,Private      ,32,332,364,52,531,583
01082600,TOM P. HANEY TECHNICAL CENTER           ,FL,32405-5099,Public       ,28,127,155,34,187,221
01112700,GOODING INST OF NUR ANES BAY MED CT     ,FL,32401-0000,Public       ,0,24,24,0,44,44
01226300,ATLANTIC TECHNICAL CENTER               ,FL,33063-3902,Public       ,94,214,308,140,331,471
01254400,FIRST COAST TECHNICAL COLLEGE           ,FL,32084-1921,Public       ,53,155,208,67,232,299
01254401,FIRST COAST TECHNICAL INSTITUTE - PUTNAM,FL,32077-6830,Public       ,7,12,19,14,19,33
01257400,RINGLING SCHOOL OF ART AND DESIGN       ,FL,34234-5895,Private      ,307,86,393,1105,226,1331
01303904,SOUTH UNIVERSITY                        ,FL,33409-5149,Proprietary  ,98,372,470,160,546,706
01323400,LORENZO WALKER INST OF TECHNOLOGY       ,FL,34104-4405,Public       ,63,124,187,81,173,254
02052002,FLORIDA EDUCATION CENTER - LAUDERHILL   ,FL,33313-5857,Proprietary  ,20,105,125,25,129,154
02089600,CONCORDE CAREER INSTITUTE               ,FL,32211-0000,Proprietary  ,48,253,301,74,439,513
02089709,HERZING COLLEGE                         ,FL,32792-5509,Proprietary  ,7,17,24,16,32,48
02113606,AMERICAN INTERCONTINENTAL UNIV          ,FL,33324-0000,Proprietary  ,9,41,50,25,72,97
02113609,AMERICAN INTERCONTINENTAL UNIV - WESTON ,FL,33326-3233,Proprietary  ,211,310,521,410,618,1028
02115300,PINELLAS TECHNICAL EDUCATION CENTERS - S,FL,33711-0000,Public       ,32,170,202,46,255,301
02116006,SANFORD-BROWN INSTITUTE - FT. LAUDERDALE,FL,33309-1906,Proprietary  ,82,257,339,147,521,668
02121800,EVEREST INSTITUTE                       ,FL,33169-4759,Proprietary  ,278,740,1018,286,761,1047
02148200,FASHION FOCUS HAIR ACADEMY              ,FL,34231-0000,Proprietary  ,2,6,8,3,6,9
02148300,MANHATTAN BEAUTY SCHOOL                 ,FL,33611-0000,Proprietary  ,13,49,62,21,62,83
02149900,PAUL MITCHELL THE SCHOOL-JACKSONVILLE   ,FL,32205-0000,Proprietary  ,1,7,8,1,7,8
02151900,KEISER  UNIVERSITY                      ,FL,33309-0000,Proprietary  ,1220,3869,5089,1633,5804,7437
02156700,FLORIDA CHRISTIAN COLLEGE               ,FL,34744-0000,Private      ,78,40,118,118,72,190
02159600,BAPTIST COLLEGE OF FLORIDA (THE)        ,FL,32440-0000,Private      ,86,92,178,147,139,286
02172700,CONCORDE CAREER INSTITUTE               ,FL,33607-0000,Proprietary  ,37,179,216,59,285,344
02188900,HOBE SOUND BIBLE COLLEGE                ,FL,33475-0000,Private      ,23,11,34,29,20,49
02200100,BRADENTON BEAUTY & BARBER ACADEMY       ,FL,34209-0000,Proprietary  ,2,25,27,2,28,30
02215900,ATI CAREER TRAINING CENTER              ,FL,33309-1785,Proprietary  ,37,124,161,117,302,419
02218700,FLORIDA TECHNICAL COLLEGE               ,FL,32826-2707,Proprietary  ,183,471,654,235,632,867
02228300,LAKE TECHNICAL CENTER                   ,FL,32726-0000,Public       ,55,134,189,74,200,274
02245500,CENTRAL FLORIDA COLLEGE                 ,FL,32789-4679,Proprietary  ,57,337,394,76,447,523
02245502,CFC-CAREER TRAINING INSTITUTE - ORLANDO ,FL,32804-0000,Proprietary  ,10,14,24,15,40,55
02245504,CENTRAL FLORIDA  COLLEGE -  LARGO       ,FL,33771-4957,Proprietary  ,8,15,23,34,48,82
02257900,INTERNATIONAL ACADEMY                   ,FL,32119-3541,Proprietary  ,24,66,90,32,88,120
02275100,CONCORDE CAREER INSTITUTE               ,FL,33025-0000,Proprietary  ,31,98,129,42,180,222
02278800,SOUTHWEST FLORIDA COLLEGE               ,FL,33907-0000,Proprietary  ,211,584,795,241,662,903
02278801,SOUTHWEST FLORIDA COLLEGE - TAMPA       ,FL,33619-1344,Proprietary  ,115,243,358,142,272,414
02279600,CORTIVA INSTITUTE - FLORIDA             ,FL,33781-0000,Proprietary  ,7,37,44,14,69,83
02280800,NEW ENGLAND INST TECH-PALM BEACH        ,FL,33407-0000,Proprietary  ,250,324,574,350,503,853
02283800,BEAUTY SCHOOLS OF AMERICA               ,FL,33012-3322,Proprietary  ,77,487,564,79,493,572
02286500,ITT TECHNICAL INSTITUTE                 ,FL,33634-7515,Proprietary  ,396,741,1137,453,797,1250
02287100,LA BELLE BEAUTY SCHOOL                  ,FL,33012-0000,Proprietary  ,3,27,30,4,28,32
02293200,ATI CAREER TRAINING CENTER              ,FL,33309-5916,Proprietary  ,152,366,518,185,485,670
02293201,ATI CAREER TRAINING CENTER - MIAMI      ,FL,33122-1707,Proprietary  ,8,6,14,10,12,22
02293202,ATI CAREER TAINING CENTER - ATI COLLEGE ,FL,87109-2016,Proprietary  ,120,670,790,125,771,896
02293600,ADVANCED TECHNICAL CENTERS              ,FL,33266-1597,Private      ,2,2,4,4,3,7
02297000,CHARLOTTE TECHNICAL CENTER              ,FL,33948-0000,Public       ,32,106,138,47,152,199
02300900,WITHLACOOCHEE TECHNICAL INSTITUTE       ,FL,34450-0000,Public       ,56,113,169,66,175,241
02305700,GULF COAST COLLEGE                      ,FL,33619-0000,Proprietary  ,7,53,60,25,93,118
02305800,FLORIDA CAREER COLLEGE                  ,FL,33012-7028,Proprietary  ,587,1024,1611,735,1423,2158
02307400,GEORGE STONE AREA VOCATIONAL TECHNICAL  ,FL,32526-0000,Public       ,25,106,131,32,157,189
02314100,SCHILLER INTERNATIONAL UNIVERSITY       ,FL,33770-3716,Proprietary  ,14,36,50,34,68,102
02316200,MIAMI LAKES TECHNICAL EDUCATION CTR     ,FL,33014-0000,Public       ,68,135,203,108,242,350
02321200,ORANGE TECH EDUC CTR- WESTSIDE TECH     ,FL,34787-0000,Public       ,49,89,138,62,115,177
02325100,KEY COLLEGE                             ,FL,33004-3046,Proprietary  ,8,38,46,14,65,79
02326800,RESORT & SPA SCHOOLS INTERNATIONAL      ,FL,34233-0000,Proprietary  ,9,45,54,10,46,56
02326900,SUNSTATE ACADEMY OF HAIR DESIGN         ,FL,33907-1415,Proprietary  ,10,13,23,12,17,29
02329900,FLORIDA INSTITUTE OF ULTRASOUND         ,FL,32514-0000,Proprietary  ,18,50,68,26,74,100
02337000,SUNCOAST II THE TAMPA BAY SCHOOL OF MASS,FL,33607-3802,Proprietary  ,6,10,16,7,14,21
02338400,FT PIERCE BEAUTY ACADEMY                ,FL,34982-0000,Proprietary  ,22,72,94,22,72,94
02341001,FORTIS COLLEGE - DBA FORTIS INSTITUTE   ,FL,32504-7322,Proprietary  ,10,9,19,13,21,34
02346200,WYOTECH                                 ,FL,32174-1010,Proprietary  ,75,106,181,121,161,282
02362100,FULL SAIL UNIVERSITY                    ,FL,32792-0000,Proprietary  ,2580,1273,3853,4838,2321,7159
02499000,ACADEMY OF COSMETOLOGY                  ,FL,32953-3311,Proprietary  ,10,39,49,11,42,53
02501500,"O*TEC, MID-FLORIDA TECH                 ",FL,32809-0000,Public       ,65,93,158,103,134,237
02502702,ADVANCED CAREER TRAINING-JACKSONVIL     ,FL,32256-0000,Proprietary  ,21,139,160,26,167,193
02504600,WINTER PARK TECH                        ,FL,32789-0000,Public       ,31,78,109,42,114,156
02508900,TALMUDIC COLLEGE OF FLORIDA             ,FL,33139-0000,Private      ,5,3,8,8,6,14
02511700,RIDGE TECHNICAL CENTER                  ,FL,33881-0000,Public       ,33,96,129,39,162,201
02513200,ORLANDO TECHNICAL CENTER                ,FL,32801-0000,Public       ,55,191,246,91,290,381
02515400,CITY COLLEGE                            ,FL,33309-3073,Private      ,118,447,565,137,608,745
02517100,SARASOTA SCHOOL OF MASSAGE THERAPY      ,FL,34243-6130,Proprietary  ,12,30,42,15,46,61
02524000,SUNSTATE ACADEMY OF HAIR DESIGN         ,FL,34624-0000,Proprietary  ,11,21,32,11,25,36
02524200,ROBERT MORGAN EDUCATIONAL CENTER        ,FL,33177-0000,Public       ,74,151,225,108,226,334
02547600,FLORIDA NATIONAL COLLEGE                ,FL,33012-0000,Proprietary  ,388,1152,1540,401,1185,1586
02554200,RADFORD LOCKLIN TECH CENTER             ,FL,32570-0000,Public       ,8,17,25,13,23,36
02573200,LA BELLE BEAUTY ACADEMY                 ,FL,33135-0000,Proprietary  ,0,4,4,2,5,7
02586200,FLORIDA CAREER COLLEGE                  ,FL,33759-3924,Proprietary  ,104,222,326,145,345,490
02586201,FLORIDA CAREER COLLEGE -                ,FL,33569-2553,Proprietary  ,3,4,7,3,4,7
02597100,HERITAGE INSTITUTE                      ,FL,33912-7132,Proprietary  ,35,130,165,45,161,206
02598200,FLORIDA TECHNICAL CLG JACKSONVILLE      ,FL,32211-5123,Proprietary  ,29,83,112,39,121,160
02599800,EVEREST UNIVERSITY                      ,FL,33759-1359,Proprietary  ,226,1801,2027,251,2060,2311
02601600,HENRY W BREWSTER TECHNICAL CENTER       ,FL,33602-0000,Public       ,16,76,92,21,103,124
02612700,DARLYNE MCGEE'S ACAD OF COSMETOLOGY     ,FL,32905-2805,Proprietary  ,10,41,51,11,43,54
02616400,SANFORD-BROWN INSTITUTE                 ,FL,32256-3520,Proprietary  ,71,245,316,94,390,484
02616401,SANFORD-BROWN INSTITUTE - TAMPA         ,FL,33610-8304,Proprietary  ,50,302,352,74,454,528
03003200,EVEREST INSTITUTE                       ,FL,33186-1410,Proprietary  ,182,642,824,187,671,858
03003600,MCFATTER TECHNICAL CENTER               ,FL,33317-7499,Public       ,53,136,189,85,220,305
03008600,FLORIDA COLLEGE OF NATURAL HEALTH       ,FL,33064-1342,Proprietary  ,81,249,330,89,281,370
03010608,VIRGINIA COLLEGE - PENSACOLA            ,FL,32501-5650,Proprietary  ,93,752,845,103,802,905
03010612,VIRGINIA COLLEGE - GOLF ACADEMY OF AMERI,FL,32701-0000,Proprietary  ,40,42,82,64,60,124
03012300,ASM BEAUTY WORLD ACADEMY                ,FL,33021-0000,Proprietary  ,3,43,46,5,51,56
03018500,BENE'S INTERNATIONAL SCHOOL OF BEAUTY   ,FL,34652-1637,Proprietary  ,13,62,75,18,69,87
03028200,TRINITY COLLEGE OF FLORIDA              ,FL,34655-4401,Private      ,41,36,77,82,64,146
03031400,INTERNATIONAL ACAD OF DESIGN & TECH     ,FL,33634-6313,Proprietary  ,1214,1284,2498,2043,1970,4013
03031402,INTERNATIONAL ACADEMY OF DESIGN AND TECH,FL,32809-4633,Proprietary  ,264,243,507,423,394,817
03031403,IADT - ORLANDO CULINARY ACADEMY         ,FL,32819-0000,Proprietary  ,85,99,184,183,176,359
03035800,HERITAGE INSTITUTE                      ,FL,32216-0948,Proprietary  ,19,80,99,24,119,143
03035900,NATIONAL AVIATION ACADEMY               ,FL,33760-3931,Proprietary  ,64,156,220,90,205,295
03037500,HODGES UNIVERSITY                       ,FL,34119-7932,Private      ,115,651,766,153,831,984
03054200,TECHNICAL CAREER INSTITUTE              ,FL,33144-2373,Proprietary  ,249,179,428,274,213,487
03071600,COLLEGE OF BUSINESS & TECHNOLOGY        ,FL,33176-1412,Proprietary  ,35,180,215,44,277,321
03071601,COLLEGE OF BUSINESS & TECHNOLOGY -      ,FL,33144-2072,Proprietary  ,3,0,3,6,4,10
03071602,COLLEGE OF BUSINESS & TECHNOLOGY -      ,FL,33012-3436,Proprietary  ,4,3,7,5,6,11
03079800,GEORGE T BAKER AVIATION                 ,FL,33142-5687,Public       ,28,30,58,46,45,91
03079900,CITY COLLEGE                            ,FL,32707-5342,Private      ,11,84,95,12,87,99
03087600,ITT TECHNICAL INSTITUTE                 ,FL,32746-1607,Proprietary  ,318,685,1003,343,712,1055
03089200,NOUVELLE INSTITUTE                      ,FL,33125-4141,Proprietary  ,8,122,130,8,122,130
03096300,FLORIDA CAREER INSTITUTE                ,FL,33860-0000,Proprietary  ,2,41,43,3,47,50
03099600,MERCY HOSPITAL SCHOOL OF PRACTICAL NSG  ,FL,33133-4237,Private      ,15,29,44,21,44,65
03100800,TAYLOR TECHNICAL INSTITUTE              ,FL,32348-0894,Public       ,7,32,39,9,44,53
03101900,TRINITY BAPTIST COLLEGE                 ,FL,32221-1398,Private      ,75,31,106,128,54,182
03103900,MARION COUNTY COMMUNITY TECH & ADUL     ,FL,34474-3172,Public       ,55,151,206,77,223,300
03108500,EVERGLADES UNIVERSITY                   ,FL,33431-0000,Private      ,45,288,333,57,464,521
03108600,COM-PU-MED VOCATIONAL CAREERS           ,FL,33012-4861,Proprietary  ,4,100,104,4,103,107
03113400,ACADEMY OF HEALING ARTS                 ,FL,33463-2113,Proprietary  ,9,24,33,10,26,36
03114700,PRAXIS INSTITUTE                        ,FL,33135-2657,Proprietary  ,5,62,67,5,63,68
03115500,FLORIDA HOSPITAL COLG OF HEALTH SCI     ,FL,32803-1237,Private      ,235,571,806,464,1051,1515
03123900,KEISER CAREER INSTITUTE                 ,FL,33413-0000,Proprietary  ,117,377,494,158,537,695
03125600,MIAMI AD SCHOOL                         ,FL,33139-5203,Proprietary  ,29,96,125,41,161,202
03127900,TECHNICAL EDUCATION CTR OSCEOLA         ,FL,34744-4459,Public       ,44,124,168,61,172,233
03139600,DELTA CONNECTION ACADEMY                ,FL,32773-9683,Proprietary  ,11,22,33,27,44,71
03158300,LEE COUNTY HIGH TECH CENTER NORTH       ,FL,33993-2479,Public       ,20,61,81,28,86,114
03178400,CORAL RIDGE NURSES ASST TRAINING        ,FL,33306-0000,Proprietary  ,1,3,4,2,8,10
03224300,NEW PROFESSIONS TECHNICAL INSTITUTE     ,FL,33134-1640,Proprietary  ,9,111,120,11,124,135
03230300,OKALOOSA APPLIED TECHNOLOGY CENTER      ,FL,32547-1299,Public       ,27,89,116,38,138,176
03238300,FLORIDA COLLEGE OF INTEGRATIVE MED      ,FL,32809-5721,Proprietary  ,8,65,73,11,97,108
03255300,FLORIDA GULF COAST UNIVERSITY           ,FL,33965-6565,Public       ,1811,830,2641,4953,1794,6747
03256300,YESHIVA GEDOLAH RABBINICAL COLLEGE      ,FL,33139-4708,Private      ,0,1,1,2,3,5
03346300,ACAD FOR PRAC NURSING & HEALTH OCCP     ,FL,33417-4574,Private      ,37,258,295,45,298,343
03348400,PROFESSIONAL TRAINING CENTERS           ,FL,33184-0000,Proprietary  ,63,281,344,68,372,440
03370300,AUDIO RECORDING TECHNOLOGY INSTITUTE    ,FL,32811-0000,Proprietary  ,17,15,32,37,34,71
03373300,BEACON COLLEGE                          ,FL,34748-5224,Private      ,22,10,32,50,23,73
03374300,FLORIDA COASTAL SCHOOL OF LAW           ,FL,32256-0000,Proprietary  ,4,844,848,11,1809,1820
03382300,BRADFORD-UNION AREA CAREERTECHNICAL CENT,FL,32091-2434,Public       ,6,36,42,9,76,85
03390300,LINCOLN TECHNICAL INSTITUTE             ,FL,32730-2351,Proprietary  ,21,202,223,21,210,231
03411400,INTERNATIONAL TRAINING CAREERS          ,FL,33155-1462,Private      ,5,53,58,5,58,63
03414500,SOUTHEAST INSTITUTE OF ORIENTAL MED     ,FL,33176-1509,Proprietary  ,2,32,34,2,49,51
03425400,CENTRAL FLORIDA INSTITUTE               ,FL,34684-4436,Proprietary  ,55,180,235,64,248,312
03429600,ATLANTIC INST OF ORIENTAL MEDICINE      ,FL,33316-0000,Private      ,1,28,29,5,46,51
03429700,EAST WEST COLLG OF NATURAL MEDICINE     ,FL,34236-4959,Proprietary  ,1,58,59,2,86,88
03433400,NEW CONCEPT MASSAGE AND BEAUTY SCHO     ,FL,33135-0000,Proprietary  ,2,7,9,2,9,11
03434300,FORTIS COLLEGE                          ,FL,32073-2999,Proprietary  ,34,173,207,52,252,304
03434301,FORTIS COLLEGE - FORTIS INSTITUTE       ,FL,32216-4933,Proprietary  ,3,4,7,3,4,7
03459400,SAINT PETERSBURG THEOLOGICAL SEMINA     ,FL,33708-3116,Private      ,2,15,17,2,22,24
03480302,MEDVANCE INSTITUTE - STUART             ,FL,34994-3000,Proprietary  ,3,11,14,6,16,22
03491400,AMERICAN ADVANCED TECHNICIANS INST      ,FL,33014-4430,Proprietary  ,6,19,25,6,19,25
03524300,ACADEMY FOR FIVE ELEMENT ACUPUNCTURE    ,FL,32601-6811,Private      ,0,25,25,0,39,39
03549300,ULTIMATE MEDICAL ACADEMY                ,FL,33756-5802,Proprietary  ,18,143,161,19,148,167
03553300,KEISER CAREER COLLEGE                   ,FL,32216-0000,Proprietary  ,3,10,13,5,15,20
03557300,NORTH FLORIDA COSMETOLOGY INSTITUTE     ,FL,32312-0000,Proprietary  ,16,31,47,20,49,69
03564300,SUPERIOR CAREER INSTITUTE               ,FL,33311-1141,Proprietary  ,0,5,5,0,5,5
03570400,ENGLISH CENTER (THE)                    ,FL,33133-2703,Public       ,7,43,50,10,57,67
03595400,ANGLEY COLLEGE                          ,FL,32720-4257,Proprietary  ,7,52,59,9,54,63
03611400,FLORIDA BARBER ACADEMY                  ,FL,33441-0000,Proprietary  ,0,1,1,0,1,1
03618300,FLORIDA INSTITUTE OF ANIMAL ARTS        ,FL,32792-1740,Proprietary  ,23,39,62,29,45,74
03627400,JACKSONVILLE BEAUTY INSTITUTE           ,FL,32208-1885,Proprietary  ,0,23,23,5,28,33
03627600,FLORIDA EDUCATION INSTITUTE             ,FL,33144-5036,Proprietary  ,7,70,77,8,77,85
03661400,SOUTH FLORIDA INSTITUTE OF TECHNOLO     ,FL,33135-0000,Proprietary  ,3,16,19,5,17,22
03691400,AVE MARIA SCHOOL OF LAW                 ,FL,34119-1376,Private      ,0,194,194,3,540,543
03696400,SABER                                   ,FL,33134-1604,Private      ,0,6,6,0,6,6
03706300,AMERICAN INSTITUTE                      ,FL,33319-5613,Proprietary  ,26,124,150,32,139,171
03757300,ADVANCE SCIENCE INSTITUTE               ,FL,33012-0000,Proprietary  ,0,0,0,0,1,1
03801400,BEAUTY INSTITUTE (THE)                  ,FL,33409-2972,Proprietary  ,5,28,33,6,31,37
03816300,ARTISTIC NAILS & BEAUTY ACADEMY         ,FL,33605-5919,Proprietary  ,9,21,30,16,27,43
03823300,FLORIDA ACADEMY OF HEALTH & BEAUTY      ,FL,33311-0000,Proprietary  ,0,4,4,2,9,11
03832300,DADE MEDICAL COLLEGE                    ,FL,33126-5534,Proprietary  ,29,112,141,32,123,155
03842500,CAMBRIDGE INSTITUTE OF ALLIED HEALTH    ,FL,32750-0000,Proprietary  ,2,15,17,2,17,19
03856300,UNIVERSAL BEAUTY SCHOOL                 ,FL,33174-4406,Proprietary  ,4,54,58,5,54,59
03866300,GALIANO CAREER ACADEMY                  ,FL,32701-0000,Proprietary  ,26,140,166,27,147,174
03875300,MEDICAL CAREER INSTITUTE OF SOUTH FLORID,FL,33407-2103,Proprietary  ,15,41,56,18,53,71
03888300,DRAGON RISES COLLEGE OF ORIENTAL MEDICIN,FL,32601-5089,Proprietary  ,4,16,20,4,26,30
03903500,SOUTHERN TECHNICAL COLLEGE              ,FL,32809-0000,Proprietary  ,12,27,39,17,38,55
03906300,CAREER INSTITUTE OF FLORIDA             ,FL,33773-3434,Proprietary  ,5,76,81,6,90,96
03911300,TOTAL INTERNATIONAL CAREER INSTITUTE    ,FL,33012-0000,Proprietary  ,1,14,15,1,15,16
03939400,CENTURA INSTITUTE                       ,FL,32807-3566,Proprietary  ,12,49,61,17,86,103
03939600,DAYTONA COLLEGE                         ,FL,32174-8445,Proprietary  ,1,20,21,1,35,36
03941300,AVE MARIA UNIVERSITY                    ,FL,34142-9505,Private      ,127,23,150,351,53,404
03957400,NEW COLLEGE OF FLORIDA                  ,FL,34243-2109,Public       ,172,33,205,804,88,892
03985300,COMMERCIAL DIVING ACADEMY               ,FL,32208-0000,Proprietary  ,20,85,105,36,122,158
03985400,SPACE COAST HEALTH INSTITUTE            ,FL,32904-8771,Proprietary  ,4,17,21,8,26,34
03986300,AVIATOR COLLEGE OF AERONAUTICAL SCIENCE ,FL,34946-9022,Proprietary  ,4,12,16,7,15,22
04016500,AMERICAN INSTITUTE OF BEAUTY            ,FL,33773-0000,Proprietary  ,2,14,16,3,16,19
04029300,TRENDSETTERS OF FLORIDA SCHOOL OF BEAUTY,FL,32205-0000,Proprietary  ,2,34,36,7,45,52
04058300,HEALTH OPPORTUNITY TECHNICAL CENTER     ,FL,33169-4517,Proprietary  ,2,63,65,3,91,94
04105400,PENSACOLA SCHOOL OF MASSAGE THERAPY & HE,FL,32504-7337,Proprietary  ,11,15,26,13,37,50
04106300,PALM BEACH ACADEMY OF HEALTH & BEAUTY   ,FL,33403-2130,Proprietary  ,3,23,26,3,23,26
04116600,TAYLOR COLLEGE                          ,FL,34420-8714,Proprietary  ,8,43,51,8,43,51
04119500,LANE INSTITUTE OF HEALTH SCIENCES       ,FL,32780-2898,Private      ,0,0,0,2,0,2
04120400,HI-TECH SCHOOL OF COSMETOLOGY           ,FL,33174-0000,Proprietary  ,4,4,8,4,4,8
00160500,CHAMINADE UNIV OF HONOLULU              ,HI,96816-1578,Private      ,246,467,713,1040,992,2032
00160600,BRIGHAM YOUNG UNIV-HAWAII CAMPUS        ,HI,96762-1294,Private      ,209,175,384,595,388,983
00161000,UNIVERSITY OF HAWAII AT MANOA           ,HI,96822-2399,Public       ,1721,1785,3506,7492,5146,12638
00161100,UNIVERSITY OF HAWAII AT HILO            ,HI,96720-4091,Public       ,446,400,846,2064,1223,3287
00161200,HONOLULU COMMUNITY COLLEGE              ,HI,96817-4598,Public       ,333,368,701,753,775,1528
00161300,KAPIOLANI COMMUNITY COLLEGE             ,HI,96816-4421,Public       ,550,572,1122,1278,1200,2478
00161400,KAUAI COMMUNITY COLLEGE                 ,HI,96766-9591,Public       ,65,111,176,157,209,366
00161500,MAUI COMMUNITY COLLEGE                  ,HI,96732-1644,Public       ,233,291,524,578,715,1293
00454900,LEEWARD COMMUNITY COLLEGE               ,HI,96782-3393,Public       ,399,487,886,902,1007,1909
00525800,HAWAII COMMUNITY COLLEGE                ,HI,96720-4075,Public       ,256,350,606,634,733,1367
00723401,HEALD COLLEGE - HONOLULU                ,HI,96814-0000,Proprietary  ,227,270,497,368,442,810
00727900,HAWAII PACIFIC UNIVERSITY               ,HI,96813-2882,Private      ,646,834,1480,2775,2189,4964
00777500,HOLLYWOOD BEAUTY COLLEGE                ,HI,96701-4100,Proprietary  ,11,16,27,20,29,49
01122000,WINDWARD COMMUNITY COLLEGE              ,HI,96744-0000,Public       ,134,179,313,307,393,700
02100300,MED-ASSIST SCHOOL OF HAWAII             ,HI,96813-0000,Proprietary  ,23,41,64,29,57,86
02107800,UNIVERSITY OF HAWAII - WEST OAHU        ,HI,96782-0000,Public       ,73,199,272,223,489,712
02139500,HAWAII INSTITUTE OF HAIR DESIGN         ,HI,96817-5195,Proprietary  ,8,25,33,16,32,48
02208704,SAN DIEGO GOLF ACADEMY - THE GOLF ACADEM,HI,96744-3724,Proprietary  ,5,8,13,10,10,20
02321300,HAWAI'I THEOLOGICAL SEMINARY            ,HI,96817-0000,Private      ,0,2,2,2,4,6
03017800,TRAVEL INSTITUTE OF THE PACIFIC         ,HI,96814-1946,Proprietary  ,14,56,70,15,68,83
03020800,NEW YORK TECHNICAL INST OF HAWAII       ,HI,96817-4415,Proprietary  ,1,12,13,3,19,22
03072500,WORLD MEDICINE INSTITUTE                ,HI,96826-0000,Private      ,1,17,18,5,39,44
03649300,HAWAII TECHNOLOGY INSTITUTE             ,HI,96813-3036,Private      ,2,7,9,5,13,18
03735300,INST OF CLINICAL ACUPUNCTURE & ORIENT MD,HI,96813-2307,Proprietary  ,0,12,12,0,22,22
03999400,TRADITIONAL CHINESE MEDICAL COLLEGE OF H,HI,96743-8324,Private      ,0,7,7,0,14,14
00161600,BOISE STATE UNIVERSITY                  ,ID,83725-1000,Public       ,1292,1917,3209,7200,7190,14390
00161700,"COLLEGE OF IDAHO, THE                   ",ID,83605-4432,Private      ,172,54,226,1003,142,1145
00161900,COLLEGE OF SOUTHERN IDAHO               ,ID,83301-0000,Public       ,526,828,1354,1335,1458,2793
00162000,IDAHO STATE UNIVERSITY                  ,ID,83209-5377,Public       ,1033,2285,3318,3005,5033,8038
00162100,LEWIS-CLARK STATE COLLEGE               ,ID,83501-2698,Public       ,222,408,630,1463,1239,2702
00162300,NORTH IDAHO COLLEGE                     ,ID,83814-2199,Public       ,424,652,1076,1406,1532,2938
00162400,NORTHWEST NAZARENE UNIVERSITY           ,ID,83686-5897,Private      ,191,239,430,1017,586,1603
00162500,BRIGHAM YOUNG UNIVERSITY-IDAHO          ,ID,83460-1650,Private      ,1639,1578,3217,3905,2467,6372
00162600,UNIVERSITY OF IDAHO                     ,ID,83844-4291,Public       ,581,598,1179,6847,3082,9929
00455300,ITT TECHNICAL INSTITUTE                 ,ID,83713-1529,Proprietary  ,197,460,657,236,525,761
00987300,MR JUAN'S CLG OF HAIR DESIGN            ,ID,83301-4154,Proprietary  ,7,11,18,12,15,27
01113300,EASTERN IDAHO TECHNICAL COLLEGE         ,ID,83404-5788,Public       ,68,273,341,154,519,673
02210700,CAREER BEAUTY COLLEGE                   ,ID,83440-0000,Proprietary  ,11,13,24,18,18,36
02218000,APOLLO COLLEGE                          ,ID,83704-0000,Proprietary  ,94,265,359,129,329,458
02234500,BOISE BIBLE COLLEGE                     ,ID,83714-1220,Private      ,50,22,72,125,40,165
02275800,MR LEONS SCHOOL OF HAIR DESIGN          ,ID,83843-8384,Proprietary  ,6,11,17,8,16,24
02314000,SCHOOL OF HAIRSTYLING (THE)             ,ID,83202-0000,Proprietary  ,21,18,39,27,37,64
02319800,HEADMASTERS SCHOOL OF HAIR DESIGN       ,ID,83814-0000,Proprietary  ,37,63,100,47,69,116
02349200,HEADMASTERS SCHOOL OF HAIR DESIGN       ,ID,83501-0000,Proprietary  ,1,8,9,6,13,19
02559500,RAZZLE DAZZLE CLG OF HAIR DESIGN        ,ID,83686-5104,Proprietary  ,4,17,21,6,27,33
02607100,SCOT LEWIS SCHOOLS                      ,ID,83709-1662,Proprietary  ,30,37,67,41,52,93
03098700,ACADEMY OF COURT REPORTING              ,ID,83704-8320,Proprietary  ,56,211,267,67,325,392
03832400,COSMETOLOGY SCHOOL OF ARTS & SCIENCES   ,ID,83318-1327,Proprietary  ,6,14,20,7,25,32
00163200,AQUINAS INSTITUTE OF THEOLOGY           ,MO,63108-3323,Private      ,0,17,17,0,53,53
00244900,AVILA COLLEGE                           ,MO,64145-1698,Private      ,260,289,549,701,605,1306
00245000,CALVARY BIBLE COLLEGE                   ,MO,64147-1341,Private      ,49,53,102,151,104,255
00245200,CENTRAL BIBLE COLLEGE                   ,MO,65803-1096,Private      ,177,102,279,411,206,617
00245300,CENTRAL METHODIST UNIVERSITY            ,MO,65248-1198,Private      ,260,124,384,999,308,1307
00245301,CENTRAL METHODIST UNIVERSITY            ,MO,63601-0000,Private      ,19,34,53,44,90,134
00245302,CENTRAL METHODIST UNIVERSITY- UNION     ,MO,63084-0000,Private      ,5,14,19,22,33,55
00245400,UNIVERSITY OF CENTRAL MISSOURI          ,MO,64093-5178,Public       ,2136,1168,3304,5577,2469,8046
00245600,COLUMBIA COLLEGE                        ,MO,65216-4581,Private      ,654,2663,3317,1704,7310,9014
00245700,CONCORDIA SEMINARY                      ,MO,63105-3199,Private      ,0,175,175,1,603,604
00245800,COTTEY COLLEGE                          ,MO,64772-2790,Private      ,62,4,66,323,21,344
00245900,CROWDER COLLEGE                         ,MO,64850-9165,Public       ,519,564,1083,956,1044,2000
00246000,CULVER STOCKTON COLLEGE                 ,MO,63435-1299,Private      ,305,63,368,979,126,1105
00246100,DRURY UNIVERSITY                        ,MO,65802-3791,Private      ,529,871,1400,1661,1817,3478
00246200,EDEN THEOLOGICAL SEMINARY               ,MO,63119-0000,Private      ,0,48,48,1,77,78
00246300,EVANGEL UNIVERSITY                      ,MO,65802-2125,Private      ,525,222,747,1473,384,1857
00246400,FONTBONNE UNIVERSITY                    ,MO,63105-3098,Private      ,366,776,1142,1031,1559,2590
00246600,HARRIS-STOWE STATE COLLEGE              ,MO,63103-2199,Public       ,397,555,952,854,966,1820
00246700,CONCEPTION SEMINARY COLLEGE             ,MO,64433-0000,Private      ,12,5,17,21,10,31
00246800,JEFFERSON COLLEGE                       ,MO,63050-2441,Public       ,832,652,1484,1473,1059,2532
00247100,ST LOUIS COMMUNITY COLLEGE              ,MO,63102-0000,Public       ,2367,3679,6046,4345,5812,10157
00247300,KANSAS CITY ART INSTITUTE               ,MO,64111-1874,Private      ,225,62,287,760,153,913
00247400,KANSAS CITY UNIV OF MED & BIOSCIENCES   ,MO,64106-0000,Private      ,5,541,546,18,1004,1022
00247600,KENRICK-GLENNON SEMINARY                ,MO,63119-0000,Private      ,2,1,3,5,2,7
00247700,A.T. STILL UNIV OF HEALTH SCIENCES      ,MO,63501-0000,Private      ,2,929,931,5,1765,1770
00247900,LINCOLN UNIVERSITY                      ,MO,65101-3500,Public       ,691,441,1132,1794,937,2731
00248000,LINDENWOOD UNIVERSITY                   ,MO,63301-1695,Private      ,1035,1437,2472,3331,3281,6612
00248200,MARYVILLE UNIVERSITY                    ,MO,63141-7299,Private      ,348,508,856,1824,1182,3006
00248400,METROPOLITAN COMMUNITY COLLEGE          ,MO,64111-2408,Public       ,2771,3367,6138,4681,5648,10329
00248500,MIDWESTERN BAPTIST THEOL SEMINARY       ,MO,64118-4697,Private      ,13,67,80,32,109,141
00248600,MINERAL AREA COLLEGE                    ,MO,63601-1000,Public       ,519,517,1036,1005,880,1885
00248800,MISSOURI SOUTHERN STATE UNIVERSITY      ,MO,64801-1595,Public       ,999,893,1892,2310,2000,4310
00248900,MISSOURI VALLEY COLLEGE                 ,MO,65340-3197,Private      ,380,99,479,1260,250,1510
00249000,MISSOURI WESTERN STATE UNIVERSITY       ,MO,64507-2294,Public       ,659,380,1039,3029,1398,4427
00249100,MOBERLY AREA COMMUNITY COLLEGE          ,MO,65270-1304,Public       ,710,634,1344,1443,1202,2645
00249400,NAZARENE THEOLOGICAL SEMINARY           ,MO,64131-1246,Private      ,1,37,38,1,83,84
00249500,TRUMAN STATE UNIVERSITY                 ,MO,63501-4221,Public       ,1022,117,1139,4377,347,4724
00249600,NORTHWEST MISSOURI STATE UNIV           ,MO,64468-6001,Public       ,1577,323,1900,4860,725,5585
00249800,PARK UNIVERSITY                         ,MO,64152-3795,Private      ,429,2195,2624,874,4398,5272
00249900,ROCKHURST UNIVERSITY                    ,MO,64110-2561,Private      ,297,338,635,1788,836,2624
00250000,COLLEGE OF THE OZARKS                   ,MO,65726-2502,Private      ,283,45,328,2420,225,2645
00250100,SOUTHEAST MISSOURI STATE UNIV           ,MO,63701-4799,Public       ,1575,1030,2605,5546,2297,7843
00250200,SOUTHWEST BAPTIST UNIVERSITY            ,MO,65613-2597,Private      ,444,420,864,1654,831,2485
00250300,MISSOURI STATE UNIVERSITY               ,MO,65897-0094,Public       ,3428,2044,5472,10009,4008,14017
00250400,ST LOUIS COLLEGE OF PHARMACY            ,MO,63110-1088,Private      ,138,174,312,703,400,1103
00250600,SAINT LOUIS UNIVERSITY                  ,MO,63103-2097,Private      ,941,1468,2409,6952,4268,11220
00250602,SAINT LOUIS UNIV SCH MEDICINE           ,MO,63104-0000,Private      ,20,107,127,114,461,575
00250900,SAINT PAUL SCHOOL OF THEOLOGY           ,MO,64127-2499,Private      ,1,15,16,1,151,152
00251200,STEPHENS COLLEGE                        ,MO,65215-0001,Private      ,118,109,227,807,250,1057
00251400,NORTH CENTRAL MISSOURI COLLEGE          ,MO,64683-1824,Public       ,210,235,445,485,430,915
00251600,UNIVERSITY OF MISSOURI-COLUMBIA         ,MO,65211-1600,Public       ,3397,1631,5028,15361,5058,20419
00251700,MISSOURI UNIVERSITY OF SCIENCE & TECHNOL,MO,65409-0250,Public       ,700,261,961,3609,763,4372
00251800,UNIVERSITY OF MISSOURI-KANSAS CITY      ,MO,64110-2497,Public       ,1145,1772,2917,4669,5676,10345
00251900,UNIVERSITY OF MISSOURI-ST LOUIS         ,MO,63121-4499,Public       ,1449,2492,3941,3793,4939,8732
00252000,WASHINGTON UNIVERSITY                   ,MO,63130-4899,Private      ,597,1071,1668,9815,3723,13538
00252001,WASHINGTON UNIV-SCHOOL OF MEDICINE      ,MO,63110-0000,Private      ,7,428,435,41,1057,1098
00252100,WEBSTER UNIVERSITY                      ,MO,63119-3194,Private      ,693,4409,5102,2700,8355,11055
00252200,WENTWORTH MILITARY ACADEMY              ,MO,64067-1799,Private      ,40,45,85,75,102,177
00252300,WESTMINSTER COLLEGE                     ,MO,65251-1299,Private      ,144,14,158,811,56,867
00252400,WILLIAM JEWELL COLLEGE                  ,MO,64068-1896,Private      ,301,71,372,1258,164,1422
00252500,WILLIAM WOODS UNIVERSITY                ,MO,65251-2388,Private      ,188,547,735,689,950,1639
00405704,NATIONAL AMERICAN UNIVERSITY            ,MO,64057-1791,Proprietary  ,15,116,131,23,193,216
00441300,ST JOHNS HOSP SCH RAD TECH              ,MO,65802-0000,Private      ,13,19,32,25,41,66
00470300,LOGAN COLLEGE OF CHIROPRACTIC           ,MO,63006-1065,Private      ,25,165,190,57,1039,1096
00470700,COVENANT THEOLOGICAL SEMINARY           ,MO,63141-8697,Private      ,0,241,241,0,370,370
00471100,LINN STATE TECHNICAL COLLEGE            ,MO,65051-9607,Public       ,303,74,377,748,170,918
00471300,THREE RIVERS COMMUNITY COLLEGE          ,MO,63901-2393,Public       ,544,726,1270,1059,1341,2400
00528800,KIRKSVILLE AREA TECHNICAL CENTER        ,MO,63501-0000,Public       ,8,24,32,10,34,44
00528900,WAYNESVILLE TECHNICAL ACADEMY           ,MO,65583-0000,Public       ,10,27,37,15,47,62
00542400,SOUTH CENTRAL CAREER CENTER             ,MO,65775-3334,Public       ,0,0,0,1,5,6
00542600,SIKESTON CAREER AND TECHNOLOGY CTR      ,MO,63801-0000,Public       ,11,34,45,23,96,119
00542900,ROLLA TECHNICAL INSTITUTE               ,MO,65401-3601,Public       ,68,111,179,110,187,297
00543000,POPLAR BLUFF TECHNICAL CAREER CNTR      ,MO,63901-0000,Public       ,8,23,31,19,72,91
00543800,SALINE COUNTY CAREER CENTER             ,MO,65340-0000,Public       ,11,17,28,20,41,61
00544500,TRUMAN MEDICAL CENTER SCHOOL OF NURSE AN,MO,64108-2677,Private      ,5,16,21,14,43,57
00553100,GRAND RIVER TECHNICAL SCHOOL            ,MO,64601-1299,Public       ,13,12,25,37,23,60
00553200,CAPE GIRARDEAU CAREER & TECHNOLOGY CENTE,MO,63703-7511,Public       ,31,79,110,58,146,204
00638500,CHAMBERLAIN COLLEGE OF NURSING          ,MO,63139-3297,Proprietary  ,114,692,806,232,1100,1332
00638900,BARNES JEWISH COLLEGE OF NURSING AND ALL,MO,63110-1091,Private      ,61,185,246,130,370,500
00666600,LUTHERAN  SCHOOL OF NURSING             ,MO,63118-3909,Proprietary  ,24,134,158,37,205,242
00754000,MISSOURI BAPTIST UNIVERSITY             ,MO,63141-8698,Private      ,312,429,741,863,847,1710
00755700,ITT TECHNICAL INSTITUTE                 ,MO,63045-1122,Proprietary  ,430,775,1205,541,874,1415
00808000,STATE FAIR COMMUNITY COLLEGE            ,MO,65301-0000,Public       ,533,528,1061,1096,1014,2110
00826900,HILLYARD TECHNICAL CENTER               ,MO,64506-0000,Public       ,21,37,58,53,67,120
00855200,PATRICIA STEVENS COLLEGE                ,MO,63102-2334,Proprietary  ,21,45,66,35,49,84
00860600,TRI-COUNTY TECHNICAL SCHOOL             ,MO,65026-0000,Public       ,3,8,11,4,14,18
00886200,EAST CENTRAL COLLEGE                    ,MO,63084-0529,Public       ,474,384,858,1110,762,1872
00908900,HANNIBAL-LAGRANGE COLLEGE               ,MO,63401-1999,Private      ,201,139,340,584,308,892
00952000,NATIONAL ACADEMY OF BEAUTY ARTS         ,MO,63128-1307,Proprietary  ,70,86,156,85,138,223
00959000,INDEPENDENCE COLLEGE OF COSMETOLOGY     ,MO,64055-1105,Proprietary  ,16,17,33,20,27,47
00960700,HOUSE OF HEAVILIN BEAUTY COLLEGE        ,MO,64110-2826,Proprietary  ,9,20,29,10,27,37
00978200,SAINT LUKE'S COLLEGE                    ,MO,64114-3237,Private      ,16,23,39,74,103,177
00979500,MISSOURI COLLEGE                        ,MO,63144-2901,Proprietary  ,138,220,358,222,397,619
01014814,COLORADO TECHNL UNIV NORTH KANSAS CITY  ,MO,64116-3614,Proprietary  ,104,288,392,161,615,776
01027900,HICKEY COLLEGE                          ,MO,63146-0000,Proprietary  ,190,57,247,211,73,284
01040500,PINNACLE CAREER INSTITUTE               ,MO,64131-3367,Proprietary  ,40,262,302,49,277,326
01102600,WARRENSBURG AREA VOC TECH SCH           ,MO,64093-0000,Public       ,6,20,26,23,36,59
01173500,PIKE/LINCOLN TECHNICAL CENTER           ,MO,63344-0000,Public       ,11,24,35,18,35,53
01212000,ASSEMBLIES OF GOD THEO. SEMINARY        ,MO,65802-0000,Private      ,1,112,113,6,201,207
01250000,RANKEN TECHNICAL COLLEGE                ,MO,63113-2811,Private      ,491,275,766,826,441,1267
01258000,ST LOUIS CHRISTIAN COLLEGE              ,MO,63033-6499,Private      ,57,78,135,102,123,225
01320800,BAPTIST BIBLE COLLEGE                   ,MO,65803-3498,Private      ,133,61,194,251,119,370
02056100,FOUR RIVERS CAREER CENTER               ,MO,63090-0000,Public       ,5,13,18,10,27,37
02066900,NICHOLS CAREER CENTER                   ,MO,65101-2814,Public       ,30,46,76,42,81,123
02068200,COX HEALTH - COX COLLEGE                ,MO,65802-0000,Private      ,56,164,220,117,343,460
02068202,COX HEALTH - RADIOLOGIC TECHNOLOGY      ,MO,65802-0000,Private      ,11,15,26,20,40,60
02068204,COX HEALTH - MEDICAL TECHNOLOGY         ,MO,65807-0000,Private      ,4,4,8,7,13,20
02073600,KENNETT CAREER & TECHNOLOGY CENTER      ,MO,63857-0000,Public       ,3,22,25,8,43,51
02090400,BOONSLICK TECHNICAL EDUCATION CTR       ,MO,65233-0000,Public       ,2,18,20,9,26,35
02121100,MIDWEST INSTITUTE                       ,MO,63122-0000,Proprietary  ,19,73,92,24,83,107
02124500,FRANKLIN TECHNOLOGY CENTER              ,MO,64801-0000,Public       ,42,96,138,63,185,248
02142200,LEX LA RAY TECHNICAL CENTER             ,MO,64067-0000,Public       ,10,8,18,22,36,58
02151000,HANNIBAL CAREER AND TECHNICAL CENTE     ,MO,63401-2285,Public       ,6,27,33,14,55,69
02154900,MISSOURI SCH OF BARB & HAIR             ,MO,63031-0000,Proprietary  ,4,15,19,9,22,31
02164200,FOREST INST PROFESSIONAL PSYCHOLOGY     ,MO,65807-0000,Private      ,1,109,110,1,186,187
02165900,CHILLICOTHE BEAUTY ACADEMY              ,MO,64601-0000,Proprietary  ,4,15,19,4,20,24
02180200,METRO BUSINESS COLLEGE                  ,MO,63701-0000,Proprietary  ,51,259,310,70,314,384
02188000,NORTHWEST TECHNICAL SCHOOL              ,MO,64468-0000,Public       ,0,0,0,2,3,5
02188100,NORTHLAND CAREER CENTER                 ,MO,64079-8333,Public       ,2,32,34,3,49,52
02202700,OZARK CHRISTIAN COLLEGE                 ,MO,64801-0000,Private      ,176,43,219,396,99,495
02203400,NEVADA REGIONAL TECHNICAL CENTER        ,MO,64772-0000,Public       ,9,21,30,16,34,50
02205200,SANFORD-BROWN COLLEGE                   ,MO,63026-7305,Proprietary  ,292,948,1240,406,1661,2067
02205203,SANFORD BROWN COLLEGE-ST. PETERS        ,MO,63301-4042,Proprietary  ,92,238,330,155,465,620
02205205,SANFORD BROWN COLLEGE-HAZELWOOD         ,MO,63042-2708,Proprietary  ,92,314,406,135,581,716
02214500,SALEM COLLEGE OF HAIRSTYLING            ,MO,65401-0000,Proprietary  ,2,5,7,4,11,15
02239200,ALLIED COLLEGE - NORTH                  ,MO,63043-0000,Proprietary  ,240,447,687,359,737,1096
02242800,GIBSON TECHNICAL CENTER                 ,MO,65737-0169,Public       ,2,19,21,4,42,46
02250600,EVEREST COLLEGE                         ,MO,65807-2446,Proprietary  ,159,623,782,312,1050,1362
02263400,LAKE CAREER AND TECHNICAL CENTER        ,MO,65020-0000,Public       ,5,2,7,12,4,16
02266400,CENTRAL CHRISTIAN CLG OF THE BIBLE      ,MO,65270-0000,Private      ,158,118,276,258,164,422
02277500,HOUSE OF HEAVILIN OF BLUE SPRINGS       ,MO,64014-3953,Proprietary  ,10,34,44,13,39,52
02289200,COLUMBIA AREA CAREER CENTER             ,MO,65203-0000,Public       ,15,43,58,30,100,130
02295700,MISSOURI BEAUTY ACADEMY                 ,MO,63640-1827,Proprietary  ,18,29,47,21,45,66
02295701,"MISSOURI BEAUTY ACADEMY, LLC - CRYSTAL C",MO,63019-1724,Proprietary  ,0,0,0,1,1,2
02304000,MISSOURI TECH                           ,MO,63132-0000,Proprietary  ,11,18,29,29,29,58
02309100,AMERICAN COLLEGE OF HAIR DESIGN         ,MO,65301-2144,Proprietary  ,11,18,29,16,21,37
02311100,ABBOTT ACADEMY OF COSMETIC ARTS/SCI     ,MO,63376-0000,Proprietary  ,7,9,16,12,12,24
02313000,CASS CAREER CENTER                      ,MO,64701-0000,Public       ,8,8,16,12,30,42
02340500,ST LOUIS COLLEGE OF HEALTH CAREERS      ,MO,63110-0000,Proprietary  ,18,107,125,36,201,237
02340501,ST LOUIS COLLEGE OF HEALTH              ,MO,63129-0000,Proprietary  ,1,5,6,5,8,13
02342100,CAREER & TECHNOLOGY CTR AT FT OSAGE     ,MO,64058-0000,Public       ,2,0,2,6,2,8
02361600,CONCORDE CAREER COLLEGE                 ,MO,64111-0000,Proprietary  ,36,254,290,62,393,455
02497500,CLINTON TECHNICAL SCHOOL                ,MO,64735-2966,Public       ,1,1,2,3,3,6
02520800,MERRELL UNIV OF BTY ARTS & SCIENCES     ,MO,65109-0000,Proprietary  ,24,34,58,50,52,102
02530600,SAINT CHARLES COMMUNITY COLLEGE         ,MO,63376-0975,Public       ,1035,674,1709,1879,1099,2978
02543800,PARIS II EDUCATIONAL CENTER (THE)       ,MO,64118-0000,Proprietary  ,9,48,57,12,65,77
02555300,PATSY AND ROB'S ACADEMY OF BEAUTY       ,MO,63074-0000,Proprietary  ,6,47,53,7,49,56
02564700,ELAINE STEVEN BEAUTY COLLEGE            ,MO,63136-0000,Proprietary  ,10,29,39,17,38,55
02564701,ELAINE STEVEN BEAUTY COLLEGE - ADVANCE B,MO,63383-2006,Proprietary  ,0,0,0,1,1,2
02568500,GRABBER SCHOOL OF HAIR DESIGN           ,MO,63011-0000,Proprietary  ,13,16,29,19,20,39
02599700,VATTEROTT COLLEGE                       ,MO,63134-2900,Proprietary  ,67,430,497,81,467,548
02599701,VATTEROTT COLLEGE - KANSAS CITY         ,MO,64129-1692,Proprietary  ,108,461,569,140,613,753
02599702,VATTEROTT COLLEGE - SPRINGFIELD LOCATION,MO,65807-5340,Proprietary  ,43,189,232,62,260,322
02599703,VATTEROTT COLLEGE - JOPLIN              ,MO,64801-5033,Proprietary  ,22,94,116,30,206,236
02599705,VATTEROTT COLLEGE - SUNSET HILLS        ,MO,63127-1516,Proprietary  ,93,263,356,126,398,524
02599712,VATTEROTT COLLEGE - O'FALLON            ,MO,63366-2748,Proprietary  ,33,130,163,37,171,208
02608000,NEOSHO BEAUTY COLLEGE                   ,MO,64850-1525,Proprietary  ,2,0,2,2,1,3
02608001,NEOSHO BEAUTY COLLEGE - CLASS ACT I COSM,MO,64801-2314,Proprietary  ,3,3,6,4,9,13
02609202,VATTEROTT COLLEGE-ST JOSEPH             ,MO,64501-2911,Proprietary  ,36,152,188,46,163,209
02609203,VATTEROTT COLLEGE - L'ECOLE CULINAIRE   ,MO,63124-1103,Proprietary  ,68,175,243,102,275,377
02611001,HERITAGE COLLEGE                        ,MO,64151-0000,Proprietary  ,39,174,213,70,242,312
03036100,AERO MECHANICS SCHOOL                   ,MO,64152-0000,Proprietary  ,0,0,0,0,2,2
03042400,LEBANON TECHNOLOGY & CAREER CENTER      ,MO,65536-3296,Public       ,7,20,27,9,50,59
03066300,BRYAN CAREER COLLEGE                    ,MO,65806-2507,Proprietary  ,30,112,142,37,136,173
03066301,BRYAN CAREER COLLEGE                    ,MO,64138-0000,Proprietary  ,0,0,0,0,2,2
03068600,NORTH COUNTY TECH SPECIAL SCH DIST      ,MO,63033-6498,Public       ,11,83,94,17,146,163
03070200,CENTRAL COLLEGE OF COSMETOLOGY          ,MO,65583-0000,Proprietary  ,4,13,17,6,14,20
03070900,SE MO HOSP CLG NURSING & HEALTH SCI     ,MO,63703-4507,Private      ,22,60,82,50,149,199
03077200,COSMETOLOGY CONCEPTS INSTITUTE          ,MO,65202-1972,Proprietary  ,7,14,21,16,21,37
03083000,OZARKS TECHNICAL COMMUNITY COLLEGE      ,MO,65802-3601,Public       ,2134,2070,4204,3506,3234,6740
03092600,MESSENGER COLLEGE                       ,MO,64804-4909,Private      ,24,12,36,31,19,50
03097600,ST LOUIS HAIR ACADEMY                   ,MO,63107-1737,Proprietary  ,3,22,25,5,25,30
03101000,NEW DIMENSION SCHOOL OF HAIR DESIGN     ,MO,64801-5017,Proprietary  ,6,10,16,8,14,22
03106000,MISSOURI STATE UNIVERSITY - WEST PLAINS ,MO,65775-2715,Public       ,296,316,612,701,519,1220
03110900,HOUSE OF HEAVILIN BEAUTY COLLEGE        ,MO,64030-1154,Proprietary  ,2,16,18,4,18,22
03166300,MOBERLY AREA TECHNICAL CENTER           ,MO,65270-1904,Public       ,7,2,9,13,4,17
03174300,HERNDON CAREER CENTER                   ,MO,64138-2695,Public       ,7,0,7,13,3,16
03519300,MISSOURI COLLEGE OF COSMETOLOGY NORTH   ,MO,65803-1235,Proprietary  ,27,56,83,42,115,157
03528300,MIDWEST UNIVERSITY                      ,MO,63385-2905,Private      ,0,7,7,3,11,14
03579300,TEXAS COUNTY TECHNICAL INSTITUTE        ,MO,65483-2700,Private      ,16,99,115,20,184,204
03616300,AVIATION INSTITUTE OF MAINTENANCE       ,MO,64129-1811,Proprietary  ,21,96,117,38,144,182
03663400,UNIVERSITY OF COSMETOLOGY               ,MO,63080-1910,Proprietary  ,4,8,12,6,12,18
03817300,ST. CHARLES SCHOOL OF MASSAGE THERAPY   ,MO,63303-5607,Proprietary  ,5,7,12,9,14,23
03878300,PROFESSIONAL MASSAGE TRAINING CENTER    ,MO,65803-2939,Proprietary  ,12,14,26,15,17,32
03916300,ECLIPS SCHOOL OF COSMETOLOGY AND BARBERI,MO,63703-5809,Proprietary  ,10,9,19,14,13,27
03924300,HAIR ACADEMY 110 (THE)                  ,MO,63501-2915,Proprietary  ,4,16,20,9,19,28
03970400,MTTI-WELLSPRING CENTER FOR NATURAL HEALT,MO,64114-3313,Proprietary  ,12,44,56,17,64,81
04037500,ACADEMY OF HAIR DESIGN                  ,MO,65804-2303,Proprietary  ,1,6,7,1,6,7
04048300,DIVAS UNLIMITED ACADEMY                 ,MO,63114-2625,Proprietary  ,1,7,8,1,11,12
04117800,CAREER ALTERNATIVES LEARNING CENTER     ,MO,63044-4079,Proprietary  ,0,11,11,0,11,11
00163201,AQUINAS INSTITUTE OF THEOLOGY - MINISTRY,OK,73123-0380,Private      ,0,1,1,0,1,1
00314600,WESTERN OKLAHOMA STATE COLLEGE          ,OK,73521-1397,Public       ,153,267,420,285,439,724
00314700,BACONE COLLEGE                          ,OK,74403-1597,Private      ,289,229,518,470,414,884
00314900,SOUTHERN NAZARENE UNIVERSITY            ,OK,73008-2694,Private      ,412,311,723,945,569,1514
00315000,CAMERON UNIVERSITY                      ,OK,73505-6377,Public       ,572,1085,1657,1147,1946,3093
00315100,OKLAHOMA WESLEYAN UNIVERSITY            ,OK,74006-6299,Private      ,206,330,536,450,500,950
00315200,UNIV OF CENTRAL OKLAHOMA                ,OK,73034-5209,Public       ,2775,2368,5143,5478,4043,9521
00315300,CONNORS STATE COLLEGE                   ,OK,74469-9700,Public       ,327,343,670,644,684,1328
00315400,EAST CENTRAL UNIVERSITY                 ,OK,74820-6999,Public       ,708,877,1585,1557,1635,3192
00315500,EASTERN OKLAHOMA STATE COLLEGE          ,OK,74578-4999,Public       ,290,330,620,597,598,1195
00315600,REDLANDS COMMUNITY COLLEGE              ,OK,73036-5304,Public       ,195,325,520,381,547,928
00315700,LANGSTON UNIVERSITY                     ,OK,73050-0000,Public       ,644,578,1222,1449,1254,2703
00315800,MURRAY STATE COLLEGE                    ,OK,73460-3137,Public       ,374,543,917,682,952,1634
00316000,NORTHEASTERN OKLAHOMA A & M COLLEGE     ,OK,74354-6497,Public       ,421,279,700,900,500,1400
00316100,NORTHEASTERN STATE UNIVERSITY           ,OK,74464-2399,Public       ,1764,1816,3580,3611,3865,7476
00316200,NORTHERN OKLAHOMA COLLEGE               ,OK,74653-0310,Public       ,629,630,1259,1057,1114,2171
00316300,NORTHWESTERN OKLAHOMA STATE UNIV        ,OK,73717-2799,Public       ,377,312,689,691,530,1221
00316400,OKLAHOMA BAPTIST UNIVERSITY             ,OK,74801-2590,Private      ,432,76,508,1218,168,1386
00316500,OKLAHOMA CHRISTIAN UNIVERSITY           ,OK,73131-0000,Private      ,850,235,1085,1767,369,2136
00316600,OKLAHOMA CITY UNIVERSITY                ,OK,73106-1493,Private      ,584,678,1262,1548,1615,3163
00316700,UNIV OF SCIENCE & ARTS OF OKLAHOMA      ,OK,73018-5322,Public       ,311,183,494,579,352,931
00316800,ROGERS STATE UNIVERSITY                 ,OK,74017-3252,Public       ,751,817,1568,1504,1463,2967
00317000,OKLAHOMA STATE UNIVERSITY               ,OK,74078-1015,Public       ,4135,2192,6327,9990,4510,14500
00317200,OKLAHOMA STATE UNIVERSITY-OKMULGEE      ,OK,74447-3901,Public       ,458,347,805,906,673,1579
00317400,OKLAHOMA PANHANDLE STATE UNIVERSITY     ,OK,73939-0000,Public       ,199,122,321,445,210,655
00317600,CARL ALBERT STATE COLLEGE               ,OK,74953-5208,Public       ,387,603,990,769,1130,1899
00317800,SEMINOLE STATE COLLEGE                  ,OK,74818-1902,Public       ,259,325,584,500,660,1160
00317900,SOUTHEASTERN OKLAHOMA STATE UNIV        ,OK,74701-0609,Public       ,770,652,1422,1658,1200,2858
00318000,SOUTHWESTERN CHRISTIAN UNIVERSITY       ,OK,73008-2335,Private      ,70,72,142,105,100,205
00318100,SOUTHWESTERN OKLAHOMA STATE UNIV        ,OK,73096-3098,Public       ,969,568,1537,2046,1139,3185
00318101,SOUTHWESTERN OK STATE UNIV AT SAYRE     ,OK,73662-0000,Public       ,38,71,109,74,129,203
00318300,ST GREGORY'S UNIVERSITY                 ,OK,74804-2499,Private      ,115,115,230,238,261,499
00318308,SAINT GREGORY'S UNIVERSITY - IPD TULSA  ,OK,74135-2499,Private      ,6,40,46,6,95,101
00318400,UNIVERSITY OF OKLAHOMA                  ,OK,73019-4078,Public       ,3777,2731,6508,11180,5913,17093
00318401,UNIVERSITY OF OKLAHOMA-HLTH SCI CTR     ,OK,73190-0000,Public       ,180,1300,1480,347,2375,2722
00318500,UNIVERSITY OF TULSA                     ,OK,74104-3189,Private      ,635,592,1227,2135,1276,3411
00398500,ORAL ROBERTS UNIVERSITY                 ,OK,74171-0001,Private      ,896,476,1372,2209,931,3140
00531100,TULSA COUNTY AREA VOC TECH SCHOOL       ,OK,74145-0000,Public       ,58,200,258,91,348,439
00531200,RED RIVER TECHNOLOGY CENTER             ,OK,73533-2700,Public       ,3,29,32,7,39,46
00533900,METRO TECHNOLOGY CENTERS SCH DIST22     ,OK,73111-0000,Public       ,43,278,321,79,503,582
00533903,METRO TECHNOLOGY CENTERS SCH DIST22     ,OK,73129-0000,Public       ,17,57,74,25,114,139
00694200,MID-AMERICA CHRISTIAN UNIVERSITY        ,OK,73170-4504,Private      ,198,277,475,330,453,783
00767800,SPARTAN COLLEGE OF AERONAUTICS AND TECHN,OK,74115-5800,Proprietary  ,312,294,606,563,457,1020
00791100,VIRGILS BEAUTY COLLEGE                  ,OK,74401-6802,Proprietary  ,3,13,16,6,15,21
00834300,AUTRY TECHNOLOGY CENTER                 ,OK,73703-2598,Public       ,28,61,89,36,117,153
00861900,TRI COUNTY TECHNOLOGY CENTER            ,OK,74006-6029,Public       ,32,30,62,46,78,124
00918500,ROSE STATE COLLEGE                      ,OK,73110-2799,Public       ,642,1389,2031,1156,2415,3571
00920400,KIAMICHI AREA VOC TECH SCHOOL           ,OK,74578-0548,Public       ,97,270,367,139,527,666
00920408,KIAMICHI AREA VOC TECH SCHOOL           ,OK,74953-0000,Public       ,11,29,40,20,57,77
00961800,TULSA WELDING SCHOOL                    ,OK,74104-0000,Proprietary  ,192,275,467,268,334,602
00964700,"OKLAHOMA STATE UNIV, OKLA CITY          ",OK,73107-6159,Public       ,564,1290,1854,1028,2212,3240
00970800,EVES COLLEGE OF HAIRSTYLING             ,OK,73501-4359,Proprietary  ,7,40,47,11,45,56
00976300,TULSA COMMUNITY COLLEGE                 ,OK,74135-6198,Public       ,2691,3016,5707,4096,5168,9264
00996300,CADDO KIOWA VOC TECH CENTER             ,OK,73038-0000,Public       ,15,48,63,32,123,155
00996400,CENTRAL OKLAHOMA AREA VOC TECH SCH      ,OK,74030-9613,Public       ,20,58,78,26,102,128
00996500,CANADIAN VALLEY TECHNOLOGY CENTER       ,OK,73036-9117,Public       ,11,92,103,25,157,182
00996800,GORDON COOPER TECHNOLOGY CENTER         ,OK,74804-9913,Public       ,41,98,139,57,205,262
01005300,INDIAN CAPITAL TECHNOLGY CENTER #4      ,OK,74403-9907,Public       ,47,226,273,77,364,441
01026600,HILLSDALE FREE WILL BAPTIST COLLEGE     ,OK,73153-0000,Private      ,87,15,102,133,30,163
01034200,SOUTHERN OKLAHOMA TECHNOLOGY CENTER     ,OK,73401-2100,Public       ,28,58,86,41,104,145
01039100,OKLAHOMA CITY COMMUNITY COLLEGE         ,OK,73159-4444,Public       ,1178,1939,3117,1984,3358,5342
01071700,GREAT PLAINS TECHNOLOGY CENTER SCHOOL DI,OK,73505-8399,Public       ,36,151,187,60,255,315
01076200,WESTERN OK AREA VOC TECH SCH DIST12     ,OK,73624-1469,Public       ,24,45,69,29,64,93
01120600,PIONEER TECHNOLOGY CENTER               ,OK,74601-1106,Public       ,6,37,43,8,59,67
01128200,OKLAHOMA STATE UNV CLG OSTEOPTHC MD     ,OK,74107-0000,Public       ,15,212,227,31,418,449
01153700,MID-AMERICA TECHNOLOGY CENTER           ,OK,73095-0210,Public       ,7,17,24,11,32,43
01227200,MOORE-NORMAN TECHNOLOGY CENTER          ,OK,73069-8399,Public       ,47,157,204,76,285,361
02052700,NORTHEAST TECHNOLOGY CENTER             ,OK,74361-0487,Public       ,27,95,122,45,157,202
02060800,MERIDIAN TECHNOLOGY CENTER              ,OK,74074-0000,Public       ,33,78,111,64,157,221
02126500,ENID BEAUTY COLLEGE                     ,OK,73701-0000,Proprietary  ,3,11,14,3,13,16
02177900,STATE BARBER AND HAIR DESIGN CLG        ,OK,73108-0000,Proprietary  ,7,20,27,9,24,33
02184400,SAND SPRINGS BEAUTY COLLEGE             ,OK,74063-0000,Proprietary  ,12,45,57,16,69,85
02197300,HOLLYWOOD COSMETOLOGY CENTER            ,OK,73189-0000,Proprietary  ,3,3,6,4,6,10
02222700,FRANCIS TUTTLE TECHNOLOGY CENTER        ,OK,73142-0000,Public       ,58,306,364,98,517,615
02238500,CENTRAL STATE BEAUTY ACADEMY            ,OK,73162-6007,Proprietary  ,20,55,75,28,79,107
02250900,E OK COUNTY AREA VO-TECH                ,OK,73020-0000,Public       ,10,14,24,13,32,45
02256200,"BROKEN ARROW BEAUTY COLLEGE, INC        ",OK,74012-0000,Proprietary  ,20,31,51,24,55,79
02282100,HIGH PLAINS AREA VOC-TECH               ,OK,73801-0000,Public       ,13,32,45,16,51,67
02306800,PLATT COLLEGE                           ,OK,74145-0000,Proprietary  ,98,686,784,121,774,895
02510300,BEAUTY TECHNICAL COLLEGE                ,OK,74465-0000,Proprietary  ,2,3,5,3,4,7
02531200,WOODWARD BEAUTY COLLEGE                 ,OK,73801-0000,Proprietary  ,2,1,3,4,2,6
02554300,AMERICAN BEAUTY INSTITUTE               ,OK,74501-0000,Proprietary  ,6,9,15,10,14,24
02556500,YUKON BEAUTY COLLEGE                    ,OK,73099-4108,Proprietary  ,2,5,7,2,8,10
02560200,PHILLIPS THEOLOGICAL SEMINARY -         ,OK,74116-5612,Private      ,0,43,43,0,72,72
02571500,CITY COLLEGE                            ,OK,73160-0000,Proprietary  ,0,0,0,2,8,10
02581100,CLAREMORE BEAUTY COLLEGE                ,OK,74017-7034,Proprietary  ,3,3,6,5,7,12
02581200,CC'S COSMETOLOGY COLLEGE                ,OK,74129-0000,Proprietary  ,7,55,62,13,82,95
02591101,CAREER POINT INSTITUTE                  ,OK,74146-0000,Proprietary  ,8,14,22,16,29,45
02597400,PONTOTOC TECHNOLOGY CENTER SCHOOL       ,OK,74820-8621,Public       ,16,60,76,21,94,115
02599706,VATTEROTT COLLEGE - TULSA               ,OK,74146-2205,Proprietary  ,18,60,78,23,96,119
02600000,NORTHWEST TECHNOLOG CTR SCH DIST 10     ,OK,73717-9600,Public       ,11,24,35,12,28,40
02600500,WES WATKINS TECHNOLOGY CENTER           ,OK,74883-9660,Public       ,19,51,70,28,117,145
02609205,VATTEROTT COLLEGE - OKLAHOMA CITY       ,OK,73127-2103,Proprietary  ,28,278,306,39,377,416
03008700,SOUTHWEST TECHNOLOGY CENTER             ,OK,73521-1527,Public       ,7,38,45,9,50,59
03010300,POTEAU BEAUTY COLLEGE                   ,OK,74953-5400,Proprietary  ,6,24,30,7,26,33
03024700,STILLWATER BEAUTY ACADEMY               ,OK,74075-3467,Proprietary  ,3,13,16,6,17,23
03030700,OKLAHOMA SCHOOL OF PHOTOGRAPHY          ,OK,73160-3320,Proprietary  ,5,14,19,9,23,32
03030800,AMERICAN BROADCASTING SCHOOL            ,OK,73115-3334,Proprietary  ,23,98,121,28,123,151
03051100,CHISHOLM TRAIL TECHNOLOGY CENTER        ,OK,73764-9720,Public       ,4,20,24,5,28,33
03078500,TECH INST OF COSMETOLOGY ARTS & SCI     ,OK,74120-3610,Proprietary  ,3,9,12,3,10,13
03089400,SCHOOL OF HAIR DESIGN                   ,OK,74745-3447,Proprietary  ,3,25,28,5,27,32
03103800,SOUTHERN SCHOOL OF BEAUTY               ,OK,74701-5008,Proprietary  ,11,32,43,13,38,51
03109800,PONCA CITY BEAUTY COLLEGE               ,OK,74601-4201,Proprietary  ,0,1,1,0,1,1
03109801,BARTLESVILLE BEAUTY COLLEGE             ,OK,74003-2835,Proprietary  ,0,2,2,0,3,3
03115100,HERITAGE COLLEGE                        ,OK,73119-0000,Proprietary  ,67,298,365,89,434,523
03124800,PLATT COLLEGE                           ,OK,73501-3808,Proprietary  ,20,52,72,22,75,97
03126200,GREEN COUNTRY AREA VOC TECH SCHOOL      ,OK,74447-1217,Public       ,9,18,27,18,34,52
03198400,MID-DEL AREA VOCATIONAL & TECH SCH      ,OK,73110-4825,Public       ,3,15,18,5,25,30
03329400,PRYOR BEAUTY COLLEGE                    ,OK,74361-0000,Proprietary  ,1,7,8,1,8,9
03329401,PRYOR BEAUTY COLLEGE - GROVE BEAUTY COLL,OK,74345-0009,Proprietary  ,2,2,4,2,3,5
03367400,COMMUNITY CARE COLLEGE                  ,OK,74145-6420,Proprietary  ,70,336,406,114,446,560
03396300,OKLAHOMA HEALTH ACADEMY                 ,OK,74105-6220,Proprietary  ,18,70,88,20,82,102
03396400,OKLAHOMA HEALTH ACADEMY                 ,OK,73160-3667,Proprietary  ,19,96,115,24,110,134
03453400,SHAWNEE BEAUTY COLLEGE                  ,OK,74801-7014,Proprietary  ,4,9,13,4,10,14
03676300,FAMILY OF FAITH COLLEGE                 ,OK,74802-1805,Private      ,1,12,13,1,16,17
03831300,INSTITUTE OF HAIR DESIGN                ,OK,74804-0000,Proprietary  ,7,13,20,7,15,22
03928300,CENTRAL STATE MASSAGE ACADEMY           ,OK,73162-6007,Proprietary  ,7,19,26,8,27,35
04027300,4-STATES ACADEMY OF COSMETOLOGY         ,OK,74354-0000,Proprietary  ,1,8,9,2,10,12
04060300,AMERICAN INSTITUTE OF MEDICAL TECHNOLOGY,OK,74146-5201,Proprietary  ,12,31,43,19,54,73
04062300,OKLAHOMA TECHNOLOGY INSTITUTE           ,OK,73114-6318,Proprietary  ,6,19,25,9,33,42
00163700,BETHANY THEOLOGICAL SEMINARY            ,IN,47374-0000,Private      ,1,13,14,1,19,20
00178400,ANCILLA COLLEGE-FINANCIAL AID OFFC      ,IN,46513-0001,Private      ,38,34,72,379,334,713
00178500,ANDERSON UNIVERSITY                     ,IN,46012-3495,Private      ,223,161,384,2390,612,3002
00178600,BALL STATE UNIVERSITY                   ,IN,47306-0880,Public       ,960,754,1714,15688,6239,21927
00178700,BETHEL COLLEGE INC                      ,IN,46545-5591,Private      ,89,161,250,1378,880,2258
00178800,BUTLER UNIVERSITY                       ,IN,46208-3487,Private      ,268,140,408,4919,918,5837
00178900,CHRISTIAN THEOLOGICAL SEMINARY          ,IN,46208-0000,Private      ,0,68,68,0,177,177
00179200,DEPAUW UNIVERSITY                       ,IN,46135-0037,Private      ,236,6,242,2514,29,2543
00179300,EARLHAM COLLEGE                         ,IN,47374-4095,Private      ,209,41,250,1288,87,1375
00179301,EARLHAM SCHOOL OF RELIGION              ,IN,47374-0000,Private      ,0,29,29,11,46,57
00179500,UNIVERSITY OF EVANSVILLE                ,IN,47722-0002,Private      ,169,60,229,3296,356,3652
00179800,FRANKLIN COLLEGE OF INDIANA             ,IN,46131-2623,Private      ,43,16,59,1594,110,1704
00179900,GOSHEN COLLEGE                          ,IN,46526-4794,Private      ,123,32,155,933,188,1121
00180000,GRACE COLLEGE & THEO SEMINARY           ,IN,46590-1224,Private      ,127,43,170,1141,566,1707
00180100,HANOVER COLLEGE                         ,IN,47243-0108,Private      ,49,4,53,1386,28,1414
00180300,HUNTINGTON UNIVERSITY                   ,IN,46750-1299,Private      ,92,32,124,1078,152,1230
00180400,UNIVERSITY OF INDIANAPOLIS              ,IN,46227-3697,Private      ,173,401,574,4002,1965,5967
00180500,INDIANA INSTITUTE OF TECHNOLOGY         ,IN,46803-1297,Private      ,168,339,507,1172,1554,2726
00180700,INDIANA STATE UNIVERSITY                ,IN,47809-2501,Public       ,571,877,1448,7216,4139,11355
00180800,UNIVERSITY OF SOUTHERN INDIANA          ,IN,47712-3596,Public       ,455,408,863,7123,2182,9305
00180900,INDIANA UNIVERSITY-BLOOMINGTON          ,IN,47405-1223,Public       ,1913,1603,3516,22874,7812,30686
00181100,INDIANA UNIV-EAST                       ,IN,47374-1289,Public       ,84,204,288,876,1126,2002
00181300,INDIANA UNIV-PURDUE UNIV INDPLS         ,IN,46202-5145,Public       ,1035,2740,3775,11182,13547,24729
00181301,INDIANA UNIVERSITY - PURDUE UNIVERSITY I,IN,47203-1769,Public       ,67,147,214,865,754,1619
00181400,INDIANA UNIV KOKOMO                     ,IN,46902-3557,Public       ,129,300,429,1161,1165,2326
00181500,INDIANA UNIV-NORTHWEST                  ,IN,46408-1197,Public       ,230,599,829,1801,2581,4382
00181600,INDIANA UNIVERSITY - SOUTH BEND         ,IN,46615-0000,Public       ,292,684,976,3013,3001,6014
00181700,INDIANA UNIVERSITY-SOUTHEAST            ,IN,47150-6405,Public       ,321,595,916,2298,2227,4525
00182000,MANCHESTER COLLEGE                      ,IN,46962-1276,Private      ,58,8,66,1646,87,1733
00182100,MARIAN UNIVERSITY                       ,IN,46222-1997,Private      ,89,264,353,1392,1238,2630
00182200,INDIANA WESLEYAN UNIVERSITY             ,IN,46953-4974,Private      ,242,2540,2782,3315,6561,9876
00182300,ASSOCIATED MENNONITE BIBLICAL SEM       ,IN,46517-1999,Private      ,0,30,30,3,59,62
00182400,OAKLAND CITY UNIVERSITY                 ,IN,47660-1099,Private      ,41,133,174,628,1476,2104
00182500,PURDUE UNIVERSITY                       ,IN,47907-2050,Public       ,1783,859,2642,26148,5213,31361
00182600,PURDUE UNIV NORTH CENTRAL CAMPUS        ,IN,46391-9528,Public       ,180,328,508,1680,1747,3427
00182700,PURDUE UNIV CALUMET                     ,IN,46323-2094,Public       ,529,761,1290,3571,3255,6826
00182800,INDIANA UNIV-PURDUE UNIV FORT WAYNE     ,IN,46805-1499,Public       ,612,1000,1612,5990,4438,10428
00183000,ROSE HULMAN INSTITUTE OF TECHNOLOGY     ,IN,47803-3999,Private      ,204,11,215,2583,72,2655
00183200,UNIVERSITY OF SAINT FRANCIS             ,IN,46808-3994,Private      ,98,189,287,1809,1121,2930
00183300,ST JOSEPH'S COLLEGE                     ,IN,47978-0000,Private      ,80,15,95,1178,100,1278
00183400,CALUMET COLLEGE OF SAINT JOSEPH         ,IN,46394-2195,Private      ,43,136,179,287,512,799
00183500,SAINT MARY-OF-THE-WOODS COLLEGE         ,IN,47876-0067,Private      ,31,146,177,339,845,1184
00183600,ST MARY'S COLLEGE                       ,IN,46556-5007,Private      ,85,10,95,1585,40,1625
00183800,TAYLOR UNIVERSITY                       ,IN,46989-1001,Private      ,122,30,152,2069,107,2176
00183801,TAYLOR UNIVERSITY - FORT WAYNE          ,IN,46807-0000,Private      ,43,48,91,489,221,710
00183900,TRINE UNIVERSITY                        ,IN,46703-1764,Private      ,110,65,175,2020,499,2519
00184000,UNIVERSITY OF NOTRE DAME                ,IN,46556-5602,Private      ,363,335,698,10945,2640,13585
00184200,VALPARAISO UNIVERSITY                   ,IN,46383-6493,Private      ,157,414,571,3881,1542,5423
00184300,VINCENNES UNIVERSITY                    ,IN,47591-1523,Public       ,497,486,983,4294,1947,6241
00184302,VINCENNES UNIV - FORT HARRISON CNTR     ,IN,46256-0000,Public       ,4,18,22,58,67,125
00184400,WABASH COLLEGE                          ,IN,47933-0352,Private      ,45,6,51,1122,27,1149
00224905,DAVENPORT UNIVERSITY-MERRILLVILLE       ,IN,46410-0000,Private      ,16,82,98,94,535,629
00420300,GOOD SAMARITAN HOSP RADIOGRAPHY PRG     ,IN,47591-0000,Public       ,0,0,0,5,8,13
00457900,INTERNATIONAL BUSINESS COLLEGE          ,IN,46804-0000,Proprietary  ,121,38,159,619,227,846
00457901,INTERNATIONAL BUSINESS COLLEGE          ,IN,46256-0000,Proprietary  ,56,22,78,394,98,492
00458300,BROWN MACKIE COLLEGE-SOUTH BEND         ,IN,46635-1776,Proprietary  ,111,572,683,338,1882,2220
00512730,BROWN MACKIE COLLEGE-MERRILLVILLE       ,IN,46410-0000,Proprietary  ,81,549,630,201,1467,1668
00625700,SAINT ELIZABETH SCHOOL OF NURSING       ,IN,47904-2198,Private      ,6,21,27,102,170,272
00726300,HOLY CROSS COLLEGE                      ,IN,46556-0308,Private      ,45,13,58,479,52,531
00727600,SAINT MEINRAD SCHOOL OF THEOLOGY        ,IN,47577-1002,Private      ,0,23,23,6,47,53
00732700,ITT TECHNICAL INSTITUTE                 ,IN,47630-7430,Proprietary  ,533,917,1450,801,1233,2034
00732900,ITT TECHNICAL INSTITUTE                 ,IN,46268-1119,Proprietary  ,530,1326,1856,884,1906,2790
00736200,MEDTECH COLLEGE                         ,IN,46250-3970,Proprietary  ,23,215,238,32,332,364
00793800,LINCOLN COLLEGE OF TECHNOLOGY           ,IN,46202-0000,Proprietary  ,563,272,835,1439,479,1918
00832900,ITT TECHNICAL INSTITUTE                 ,IN,46825-2393,Proprietary  ,276,521,797,606,826,1432
00842300,IVY TECH COMMUNITY COLLEGE OF INDIANA - ,IN,46601-3892,Public       ,191,756,947,1317,3034,4351
00854600,NOT FOR STUDENT USE                     ,IN,46208-4700,Public       ,290,785,1075,1876,2834,4710
00854700,IVY TECH COMMUNITY COLLEGE OF INDIANA - ,IN,47802-4898,Public       ,158,646,804,1233,2550,3783
00951500,J MICHAEL HARROLD BEAUTY ACADEMY        ,IN,47807-3390,Proprietary  ,6,2,8,18,12,30
00961200,"APEX SCHOOL OF BEAUTY CULTURE, INC      ",IN,46016-0000,Proprietary  ,0,8,8,2,11,13
00961300,MERRILLVILLE BEAUTY COLLEGE             ,IN,46410-3401,Proprietary  ,3,15,18,9,33,42
00967300,RUDAE'S SCHOOL OF BEAUTY CULTURE        ,IN,46825-5444,Proprietary  ,1,9,10,11,19,30
00967301,RUDAE'S SCHOOL OF BEAUTY CULTURE - FORT ,IN,46825-5444,Proprietary  ,6,8,14,20,15,35
00977700,KAPLAN COLLEGE                          ,IN,46278-1736,Proprietary  ,62,266,328,158,487,645
00991700,IVY TECH COMMUNITY COLLEGE OF INDIANA - ,IN,46208-1763,Public       ,459,1449,1908,2359,5028,7387
00992300,IVY TECH COMMUNITY COLLEGE OF INDIANA - ,IN,47250-1881,Public       ,80,298,378,468,894,1362
00992400,IVY TECH COMMUNITY COLLEGE OF INDIANA - ,IN,47302-9448,Public       ,242,802,1044,1745,3277,5022
00992500,IVY TECH COMMUNITY COLLEGE OF INDIANA - ,IN,47710-3398,Public       ,161,702,863,1265,2176,3441
00992600,IVY TECH COMMUNITY COLLEGE OF INDIANA- R,IN,46805-1489,Public       ,304,912,1216,2192,3842,6034
01003700,IVY TECH STATE COLLEGE - REGION 9       ,IN,47374-1220,Public       ,61,328,389,508,1431,1939
01003800,IVY TECH COMMUNITY COLLEGE OF INDIANA - ,IN,47203-1868,Public       ,88,386,474,644,1496,2140
01003900,IVY TECH COMMUNITY COLLEGE OF INDIANA - ,IN,47903-6299,Public       ,207,563,770,1636,2159,3795
01004000,IVY TECH COMMUNITY COLLEGE OF INDIANA - ,IN,46409-1303,Public       ,173,746,919,1011,2855,3866
01004100,IVY TECH STATE COLLEGE - REGION 5       ,IN,46903-1373,Public       ,111,523,634,724,1749,2473
01010900,IVY TECH COMMUNITY COLLEGE OF INDIANA - ,IN,47172-1897,Public       ,109,422,531,625,1475,2100
01015100,VINCENNES BEAUTY COLLEGE                ,IN,47591-1297,Proprietary  ,6,16,22,15,24,39
01040900,LAFAYETTE BEAUTY ACADEMY                ,IN,47901-1149,Proprietary  ,5,8,13,16,34,50
01061800,MID-AMERICA CLG FUNERAL SERVICE         ,IN,47130-9990,Private      ,6,25,31,20,52,72
01150500,CREATIVE HAIR STYLING ACADEMY           ,IN,46322-1554,Proprietary  ,8,22,30,17,32,49
02084800,RAVENSCROFT BEAUTY COLLEGE              ,IN,46815-0000,Proprietary  ,6,39,45,21,56,77
02087600,CONCORDIA THEOLOGICAL SEMINARY          ,IN,46825-0000,Private      ,1,134,135,2,244,246
02118900,EVANSVILLE TRI STATE BEAUTY COLLEGE     ,IN,47715-0000,Proprietary  ,4,10,14,28,23,51
02140800,MARTIN UNIVERSITY                       ,IN,46218-0000,Private      ,12,159,171,71,685,756
02158400,HARRISON COLLEGE                        ,IN,46204-2611,Proprietary  ,78,398,476,316,1266,1582
02158401,HARRISON COLLEGE - COLUMBUS             ,IN,47203-1843,Proprietary  ,13,63,76,81,289,370
02158402,HARRISON COLLEGE - LAFAYETTE            ,IN,47905-4859,Proprietary  ,16,92,108,82,314,396
02158404,HARRISON COLLEGE - MARION               ,IN,46952-0000,Proprietary  ,12,43,55,30,114,144
02158405,HARRISON COLLEGE - TERRE HAUTE          ,IN,47802-0000,Proprietary  ,12,49,61,54,268,322
02158407,HARRISON COLLEGE - ANDERSON             ,IN,46013-0000,Proprietary  ,14,79,93,72,223,295
02158409,HARRISON COLLEGE - EVANSVILLE           ,IN,47715-3901,Proprietary  ,18,115,133,97,293,390
02158410,HARRISON COLLEGE - EAST                 ,IN,46239-8903,Proprietary  ,31,148,179,128,456,584
02158412,HARRISON COLLEGE - FORT WAYNE           ,IN,46825-0000,Proprietary  ,27,101,128,157,461,618
02158413,HARRISON COLLEGE - NORTHWEST            ,IN,46278-0000,Proprietary  ,15,77,92,53,201,254
02158800,DON ROBERTS BEAUTY SCHOOLS              ,IN,46383-0000,Proprietary  ,3,10,13,11,15,26
02164300,DON ROBERTS SCHOOL OF HAIR DESIGN       ,IN,46375-9999,Proprietary  ,9,23,32,14,28,42
02201800,KAPLAN COLLEGE                          ,IN,46410-0000,Proprietary  ,24,100,124,90,387,477
02201802,KAPLAN COLLEGE - HAMMOND                ,IN,46324-3347,Proprietary  ,43,181,224,121,498,619
02241700,PJ'S COLLEGE OF COSMETOLOGY             ,IN,47129-0000,Proprietary  ,6,30,36,10,48,58
02302700,J EVERETT LIGHT CAREER CENTER           ,IN,46240-0000,Public       ,9,43,52,29,133,162
02304800,PJ'S COLLEGE OF COSMETOLOGY             ,IN,47374-0000,Proprietary  ,3,12,15,7,22,29
02308900,MASTER'S OF COSMETOLOGY COLLEGE         ,IN,46809-0000,Proprietary  ,2,9,11,24,31,55
02339600,ROGER'S ACADEMY OF HAIR DESIGN          ,IN,47712-0000,Proprietary  ,27,44,71,39,51,90
02345200,EMPIRE BEAUTY SCHOOL                    ,IN,46237-0000,Proprietary  ,21,47,68,50,93,143
02347600,BALL MEMORIAL HOSPITAL SCH RAD TECH     ,IN,47303-0000,Private      ,0,3,3,22,21,43
02351300,KNOX BEAUTY COLLEGE                     ,IN,46534-0000,Proprietary  ,4,6,10,12,16,28
02490500,HAIR FASHIONS BY KAYE BEAUTY CLG        ,IN,46250-0000,Proprietary  ,2,11,13,20,41,61
02490800,HAIR FASHIONS BY KAYE BEAUTY CLG        ,IN,46060-0000,Proprietary  ,19,115,134,35,128,163
02607000,HAIR ARTS ACADEMY                       ,IN,47404-3581,Proprietary  ,2,14,16,7,23,30
02615800,COLLEGE OF COURT REPORTING              ,IN,46342-5969,Proprietary  ,7,90,97,12,152,164
03009700,HARRISON COLLEGE                        ,IN,47303-6413,Proprietary  ,24,74,98,105,328,433
03084601,THE ART INSTITUTE OF INDIANAPOLIS       ,IN,46268-1170,Proprietary  ,104,108,212,462,364,826
03100600,MARION COMM TUCKER AREA VOC SCHOOL      ,IN,46952-3831,Public       ,11,30,41,11,30,41
03176300,AMERICAN TRANS AIR AVIATION ACADEMY     ,IN,46241-1445,Proprietary  ,13,57,70,29,122,151
03262300,DAVID DEMUTH INSTITUTE OF COSM          ,IN,47374-4101,Proprietary  ,6,13,19,12,24,36
03456700,CROSSROADS BIBLE COLLEGE                ,IN,46219-4912,Private      ,4,32,36,46,138,184
03521300,IVY TECH COMMUNITY COLLEGE OF INDIANA - ,IN,47404-9772,Public       ,229,523,752,1564,1971,3535
03538300,ALEXANDRIA SCH OF SCIENTIFIC THERAP     ,IN,46001-0287,Proprietary  ,12,16,28,22,33,55
04038700,IDEAL BEAUTY ACADEMY                    ,IN,47130-4215,Proprietary  ,2,7,9,9,8,17
04100300,SUCCESS SCHOOLS                         ,IN,46410-5310,Proprietary  ,5,23,28,5,28,33
04119700,MOLER HAIRSTYLING COLLEGE               ,IN,46406-1745,Proprietary  ,0,2,2,0,2,2
00190100,ALLEN COUNTY COMMUNITY COLLEGE          ,KS,66749-1607,Public       ,217,248,465,525,439,964
00190200,COWLEY COUNTY COMMUNITY COLLEGE & AREA V,KS,67005-2662,Public       ,436,651,1087,879,1065,1944
00190300,BAKER UNIVERSITY                        ,KS,66006-0065,Private      ,253,811,1064,1252,1288,2540
00190400,BETHANY COLLEGE                         ,KS,67456-1897,Private      ,127,26,153,600,70,670
00190500,BETHEL COLLEGE                          ,KS,67117-0531,Private      ,147,45,192,487,109,596
00190600,BUTLER COUNTY COMMUNITY COLLEGE         ,KS,67042-3280,Public       ,933,1197,2130,1901,2025,3926
00190700,CENTRAL BAPTIST THEOLOGY SEMINARY       ,KS,66226-3513,Private      ,0,12,12,0,17,17
00190800,CENTRAL CHRISTIAN COLLEGE OF KANSAS     ,KS,67460-5799,Private      ,154,40,194,354,62,416
00190900,CLOUD COUNTY COMMUNITY COLLEGE          ,KS,66901-1002,Public       ,167,215,382,506,419,925
00191000,COFFEYVILLE COMMUNITY COLLEGE           ,KS,67337-5064,Public       ,279,102,381,543,149,692
00191100,COLBY COMMUNITY COLLEGE                 ,KS,67701-4099,Public       ,162,123,285,398,193,591
00191300,DODGE CITY COMMUNITY COLLEGE            ,KS,67801-2399,Public       ,173,109,282,361,175,536
00191400,DONNELLY COLLEGE                        ,KS,66102-4298,Private      ,59,114,173,105,185,290
00191500,FORT HAYS STATE UNIVERSITY              ,KS,67601-4099,Public       ,872,913,1785,2807,2029,4836
00191600,FORT SCOTT COMMUNITY COLLEGE            ,KS,66701-3199,Public       ,396,214,610,809,369,1178
00191700,BARCLAY COLLEGE                         ,KS,67059-0288,Private      ,34,16,50,70,28,98
00191800,FRIENDS UNIVERSITY                      ,KS,67213-3397,Private      ,228,827,1055,1059,1455,2514
00191900,GARDEN CITY COMMUNITY COLLEGE           ,KS,67846-6398,Public       ,213,167,380,466,278,744
00192000,HESSTON COLLEGE                         ,KS,67062-2093,Private      ,113,31,144,397,113,510
00192100,HIGHLAND COMMUNITY COLLEGE              ,KS,66035-4062,Public       ,276,200,476,703,393,1096
00192114,HIGHLAND COMMUNITY COLLEGE - NOTHEAST KA,KS,66002-1513,Public       ,31,37,68,50,66,116
00192300,HUTCHINSON COMMUNITY COLLEGE            ,KS,67501-5894,Public       ,486,478,964,1212,877,2089
00192400,INDEPENDENCE COMMUNITY COLLEGE          ,KS,67301-0000,Public       ,156,86,242,302,132,434
00192500,KANSAS CITY KANSAS COMMUNITY CLG        ,KS,66112-9978,Public       ,366,800,1166,742,1493,2235
00192502,"KANSAS CITY KS AREA TECH SCHOOL, KS     ",KS,66104-0000,Public       ,52,96,148,72,154,226
00192600,PITTSBURG STATE UNIVERSITY              ,KS,66762-7500,Public       ,1173,647,1820,3382,1446,4828
00192700,EMPORIA STATE UNIVERSITY                ,KS,66801-5087,Public       ,1024,804,1828,2808,1689,4497
00192800,KANSAS STATE UNIVERSITY                 ,KS,66506-1104,Public       ,2888,1419,4307,12074,3997,16071
00192900,KANSAS WESLEYAN UNIVERSITY              ,KS,67401-6196,Private      ,173,78,251,829,276,1105
00193000,LABETTE COMMUNITY COLLEGE               ,KS,67357-4299,Public       ,152,199,351,298,288,586
00193100,MANHATTAN CHRISTIAN COLLEGE             ,KS,66502-4081,Private      ,109,52,161,301,80,381
00193300,MCPHERSON COLLEGE                       ,KS,67460-3899,Private      ,170,38,208,686,102,788
00193600,NEOSHO COUNTY COMMUNITY COLLEGE         ,KS,66720-2699,Public       ,176,223,399,357,364,721
00193700,OTTAWA UNIVERSITY                       ,KS,66067-3399,Private      ,219,665,884,740,1039,1779
00193800,PRATT COMMUNITY COLLEGE                 ,KS,67124-8432,Public       ,172,107,279,400,185,585
00193900,NEWMAN UNIVERSITY                       ,KS,67213-2084,Private      ,206,367,573,675,850,1525
00194000,SOUTHWESTERN COLLEGE                    ,KS,67156-2499,Private      ,171,360,531,653,705,1358
00194300,UNIVERSITY OF ST MARY                   ,KS,66048-5023,Private      ,113,123,236,373,269,642
00194500,STERLING COLLEGE                        ,KS,67579-1533,Private      ,184,34,218,727,76,803
00194600,TABOR COLLEGE                           ,KS,67063-1799,Private      ,121,42,163,491,84,575
00194800,UNIVERSITY OF KANSAS                    ,KS,66045-7535,Public       ,2979,1710,4689,11889,5874,17763
00194802,UNIVERSITY OF KANSAS MED CENTER         ,KS,66160-0000,Public       ,41,202,243,144,826,970
00194900,WASHBURN UNIVERSITY                     ,KS,66621-1110,Public       ,498,837,1335,2597,2991,5588
00195000,WICHITA STATE UNIVERSITY                ,KS,67208-0001,Public       ,1657,2093,3750,4432,4302,8734
00460800,BARTON COUNTY COMMUNITY COLLEGE         ,KS,67530-9283,Public       ,220,339,559,517,622,1139
00526400,FLINT HILLS TECHNICAL COLLEGE           ,KS,66801-5999,Public       ,77,120,197,124,177,301
00526500,NORTH CENTRAL KANSAS TECH COLG          ,KS,67420-0000,Public       ,109,71,180,260,115,375
00526700,NORTHWEST KANSAS TECHNICAL SCHOOL       ,KS,67735-3441,Public       ,86,43,129,154,58,212
00549800,WICHITA AREA TECHNICAL COLLEGE          ,KS,67211-2099,Public       ,89,302,391,132,473,605
00549900,SALINA AREA TECHNICAL COLLEGE           ,KS,67401-8195,Public       ,63,20,83,128,48,176
00550000,MANHATTAN AREA TECHNICAL COLLEGE        ,KS,66503-2499,Public       ,81,129,210,205,213,418
00675500,BROWN MACKIE COLLEGE (THE)              ,KS,67401-7307,Proprietary  ,72,370,442,107,585,692
00703200,MID AMERICA NAZARENE UNIVERSITY         ,KS,66062-1899,Private      ,126,266,392,917,550,1467
00817200,SOUTHWEST KANSAS TECHNICAL SCHOOL       ,KS,67905-2013,Public       ,30,9,39,47,12,59
00822800,SEWARD CO COMM CO/AREA TECHNICAL SCHOOL ,KS,67905-0000,Public       ,131,122,253,252,201,453
00824400,JOHNSON COUNTY COMMUNITY COLLEGE        ,KS,66210-1299,Public       ,1269,1426,2695,2815,2782,5597
00833200,B-STREET DESIGN SCHOOL OF INTERNATIONAL ,KS,66502-6082,Proprietary  ,9,12,21,21,23,44
00868200,ACADEMY OF HAIR DESIGN                  ,KS,67401-2803,Proprietary  ,8,15,23,10,20,30
01025600,BENEDICTINE COLLEGE                     ,KS,66002-1499,Private      ,239,33,272,1382,102,1484
01043800,HASKELL INDIAN NATIONS UNIVERSITY       ,KS,66046-4800,Public       ,331,198,529,538,332,870
01050300,WICHITA TECHNICAL INSTITUTE             ,KS,67213-1927,Proprietary  ,98,587,685,141,907,1048
01068900,KAW AREA TECHNICAL SCHOOL               ,KS,66604-2199,Public       ,59,132,191,100,220,320
02090700,CLEVELAND CHIROPRACTIC COLLEGE          ,KS,66210-1613,Private      ,13,256,269,31,441,472
02134800,OLD TOWN BARBER AND BEAUTY COLLEGE      ,KS,67211-0000,Proprietary  ,13,51,64,14,54,68
02196400,CAPITOL CITY HAIR DESIGN COLLEGE        ,KS,66102-0000,Proprietary  ,5,34,39,7,36,43
02204900,AMERICAN ACADEMY OF HAIR DESIGN         ,KS,66611-0000,Proprietary  ,7,13,20,17,25,42
02257700,HAYS ACADEMY OF HAIR DESIGN             ,KS,67601-0000,Proprietary  ,11,14,25,16,22,38
02303500,AMERICAN INSTITUTE OF BAKING            ,KS,66502-0000,Private      ,0,1,1,2,5,7
02340700,LABARON HAIRDRESSING ACADEMY            ,KS,66204-0000,Proprietary  ,2,6,8,3,11,14
02590900,WRIGHT CAREER COLLEGE                   ,KS,66212-0000,Private      ,45,525,570,50,561,611
02599709,VATTEROTT COLLEGE - WICHITA             ,KS,67226-1304,Proprietary  ,15,146,161,25,227,252
02603100,XENON INTERNATIONAL ACADEMY             ,KS,67203-5428,Proprietary  ,41,41,82,64,55,119
02606300,PAUL MITCHELL THE SCHOOL WICHITA        ,KS,67226-2803,Proprietary  ,10,17,27,16,33,49
02613000,PINNACLE CAREER INSTITUTE               ,KS,66046-2703,Proprietary  ,33,90,123,47,134,181
03031300,XENON INTERNATIONAL ACADEMY IV          ,KS,66061-3765,Proprietary  ,2,4,6,4,8,12
03066200,BRYAN COLLEGE                           ,KS,66604-2496,Proprietary  ,15,69,84,30,217,247
03450300,B-STREET DESIGN SCHOOL OF INTERNATIONAL ,KS,66611-2373,Proprietary  ,1,37,38,4,38,42
03450301,B-STREET DESIGN SCHOOL OF INTERNATIONAL ,KS,67207-5148,Proprietary  ,9,17,26,11,21,32
03450302,B-STREET DESIGN SCHOOL OF INTERNATIONAL ,KS,66212-5451,Proprietary  ,11,33,44,11,36,47
03529300,SIDNEY'S HAIRDRESSING COLLEGE           ,KS,67501-7094,Proprietary  ,12,10,22,18,20,38
03862300,BMSI INSTITUTE                          ,KS,66212-3388,Proprietary  ,1,6,7,4,8,12
00203300,UNIVERSITY OF MAINE-PRESQUE ISLE        ,ME,04769-2888,Public       ,184,130,314,671,330,1001
00203500,BANGOR THEOLOGICAL SEMINARY             ,ME,04402-0411,Private      ,1,49,50,1,78,79
00203600,BATES COLLEGE                           ,ME,04240-6028,Private      ,277,7,284,2069,24,2093
00203800,BOWDOIN COLLEGE                         ,ME,04011-8451,Private      ,339,7,346,2742,29,2771
00203900,COLBY COLLEGE                           ,ME,04901-8841,Private      ,159,2,161,2265,23,2288
00204000,UNIVERSITY OF MAINE-FARMINGTON          ,ME,04938-1990,Public       ,301,76,377,2550,300,2850
00204100,UNIVERSITY OF MAINE-FORT KENT           ,ME,04743-1292,Public       ,109,53,162,448,178,626
00204300,HUSSON UNIVERSITY                       ,ME,04401-2999,Private      ,487,254,741,1804,633,2437
00204400,MAINE MARITIME ACADEMY                  ,ME,04420-0001,Public       ,227,39,266,816,101,917
00205000,UNIVERSITY OF NEW ENGLAND               ,ME,04005-9599,Private      ,434,567,1001,3040,1486,4526
00205100,SAINT JOSEPH'S COLLEGE                  ,ME,04084-5263,Private      ,180,96,276,1526,231,1757
00205200,THOMAS COLLEGE                          ,ME,04901-5097,Private      ,206,44,250,789,106,895
00205300,UNIVERSITY OF MAINE                     ,ME,04469-0001,Public       ,981,507,1488,9188,2240,11428
00205400,UNIVERSITY OF SOUTHERN MAINE            ,ME,04104-0000,Public       ,976,908,1884,5219,3597,8816
00205500,UNIVERSITY OF MAINE-MACHIAS             ,ME,04654-1397,Public       ,123,77,200,493,183,676
00520400,BEAL COLLEGE                            ,ME,04401-6896,Proprietary  ,77,159,236,163,308,471
00527600,CENTRAL MAINE COMMUNITY COLLEGE         ,ME,04210-6498,Public       ,350,274,624,947,674,1621
00527700,EASTERN MAINE COMMUNITY COLLEGE         ,ME,04401-4280,Public       ,396,321,717,1080,703,1783
00552500,SOUTHERN MAINE COMMUNITY  COLLEGE       ,ME,04106-1698,Public       ,671,586,1257,1767,1350,3117
00576000,NORTHERN MAINE COMMUNITY COLLEGE        ,ME,04769-2016,Public       ,175,158,333,368,307,675
00577600,MERCY HOSP SCH OF RADIOLOGIC TECH       ,ME,04101-3795,Private      ,0,8,8,8,29,37
00630501,CENTRAL MAINE MEDICAL CENTER - COLLEGE O,ME,04240-4500,Private      ,6,46,52,28,126,154
00676000,UNIVERSITY OF MAINE-AUGUSTA             ,ME,04330-9410,Public       ,440,1101,1541,1246,3206,4452
00685800,UNITY COLLEGE                           ,ME,04988-9502,Private      ,177,34,211,736,69,805
00903800,MR BERNARD'S SCH HAIR FASHION INC       ,ME,04243-1163,Proprietary  ,12,30,42,15,34,49
00923100,WASHINGTON COUNTY COMMUNITY COLLEGE     ,ME,04619-9704,Public       ,95,54,149,236,113,349
00929200,ANDOVER COLLEGE                         ,ME,04106-2415,Proprietary  ,63,228,291,96,392,488
00929201,ANDOVER COLLEGE -                       ,ME,04240-0000,Proprietary  ,52,224,276,81,374,455
00945900,EMPIRE BEAUTY SCHOOL                    ,ME,04101-3348,Proprietary  ,70,97,167,140,203,343
00982600,KENNEBEC VALLEY  COMMUNITY  COLLEGE     ,ME,04937-1367,Public       ,212,387,599,490,833,1323
01138500,COLLEGE OF THE ATLANTIC                 ,ME,04609-1105,Private      ,30,14,44,393,46,439
01167300,MAINE COLLEGE OF ART                    ,ME,04101-3987,Private      ,99,39,138,459,129,588
02104400,SPA TECH INSTITUTE                      ,ME,04102-0000,Proprietary  ,53,100,153,82,121,203
02347100,NEW ENGLAND SCHOOL OF COMMUNICATIONS    ,ME,04401-0000,Private      ,160,30,190,409,59,468
02361300,LANDING SCHOOL OF BOATBUILDING & DESIGN ,ME,04046-1490,Private      ,12,12,24,21,29,50
03122900,YORK COUNTY COMMUNITY COLLEGE           ,ME,04090-0529,Public       ,93,88,181,215,198,413
03429300,SEACOAST CAREER SCHOOLS                 ,ME,04073-0000,Proprietary  ,23,156,179,30,183,213
03612300,BIRTHWISE MIDWIFERY SCHOOL              ,ME,04009-1110,Proprietary  ,2,12,14,5,18,23
03990300,FULLER CIRCLES SCHOOL FOR MASSAGE THERAP,ME,04963-5230,Proprietary  ,1,1,2,1,1,2
00209300,ST JOHN'S COLLEGE                       ,NM,87505-4599,Private      ,27,52,79,457,156,613
00264900,COLLEGE OF SANTA FE                     ,NM,87505-7634,Private      ,140,229,369,618,466,1084
00265000,UNIVERSITY OF THE SOUTHWEST             ,NM,88240-9129,Private      ,113,140,253,201,209,410
00265100,EASTERN NEW MEXICO UNIV PORTALES        ,NM,88130-6000,Public       ,780,714,1494,1787,1240,3027
00265101,EASTERN NEW MEXICO UNIV-ROSWELL CAM     ,NM,88202-0000,Public       ,312,399,711,553,655,1208
00265300,NEW MEXICO HIGHLANDS UNIVERSITY         ,NM,87701-4436,Public       ,442,681,1123,1053,1244,2297
00265400,NEW MEXICO INST OF MINING & TECH        ,NM,87801-4796,Public       ,277,88,365,729,172,901
00265500,NEW MEXICO JUNIOR COLLEGE               ,NM,88240-9123,Public       ,209,238,447,321,354,675
00265600,NEW MEXICO MILITARY INSTITUTE           ,NM,88201-5173,Public       ,81,2,83,180,4,184
00265700,NEW MEXICO STATE UNIVERSITY             ,NM,88003-8001,Public       ,2446,2338,4784,7140,4690,11830
00265701,NEW MEXICO STATE UNIV-ALAMOGORDO        ,NM,88311-0000,Public       ,117,285,402,222,497,719
00265702,NEW MEXICO STATE UNIV.-DONA ANA CLG     ,NM,88003-0000,Public       ,468,769,1237,1018,1495,2513
00265703,NEW MEXICO STATE UNIV-CARLSBAD          ,NM,88220-0000,Public       ,78,194,272,135,313,448
00265704,NEW MEXICO STATE UNIV-GRANTS            ,NM,87020-0000,Public       ,41,98,139,72,150,222
00266000,SAN JUAN COLLEGE                        ,NM,87402-4699,Public       ,388,718,1106,674,1173,1847
00266300,THE UNIVERSITY OF NEW MEXICO            ,NM,87131-0001,Public       ,3090,3685,6775,8192,8365,16557
00266301,UNIV OF NEW MEXICO - GALLUP BRANCH      ,NM,87301-5697,Public       ,153,274,427,249,454,703
00266302,UNIV OF NEW MEXICO - VALENCIA BRANCH    ,NM,87031-0000,Public       ,74,126,200,201,361,562
00266303,UNIV OF NEW MEXICO - LOS ALAMOS         ,NM,87544-0000,Public       ,24,25,49,44,56,100
00266400,WESTERN NEW MEXICO UNIVERSITY           ,NM,88061-5417,Public       ,285,500,785,558,797,1355
00405701,NATIONAL AMERICAN UNIVERSITY            ,NM,87110-0000,Proprietary  ,9,117,126,15,180,195
00474200,CENTRAL NEW MEXICO COMMUNITY COLLEGE    ,NM,87106-4096,Public       ,1430,2885,4315,2447,5021,7468
00474300,CLOVIS COMMUNITY COLLEGE                ,NM,88101-8381,Public       ,138,360,498,244,515,759
00996200,LUNA COMMUNITY COLLEGE                  ,NM,87701-0000,Public       ,101,162,263,172,255,427
01063200,DEWOLFF CLG HAIRSTYLING/COSMETOLOGY     ,NM,87112-4113,Proprietary  ,10,40,50,18,46,64
01300500,OLYMPIAN UNIVERSITY OF COSMETOLOGY      ,NM,88310-5051,Proprietary  ,132,303,435,167,458,625
02083900,NORTHERN NEW MEXICO COLLEGE             ,NM,87530-0000,Public       ,164,286,450,284,453,737
02146400,INSTITUTE OF AMERICAN INDIAN ARTS       ,NM,87508-0000,Public       ,61,62,123,93,96,189
02278100,SANTA FE COMMUNITY COLLEGE              ,NM,87507-0000,Public       ,172,376,548,259,545,804
02357600,CROWNPOINT INSTITUTE OF TECHNOLOGY      ,NM,87313-0000,Public       ,68,105,173,92,134,226
02491501,THE ART CENTER DESIGN COLLEGE- ALBQ     ,NM,87110-0000,Proprietary  ,32,31,63,68,52,120
02511000,SOUTHWESTERN INDIAN POLYTECH INST       ,NM,87184-0000,Public       ,76,85,161,113,136,249
02532900,BUSINESS SKILLS INSTITUTE               ,NM,88001-0000,Proprietary  ,1,9,10,5,12,17
02622000,SOUTHWEST ACUPUNCTURE COLLEGE           ,NM,87505-0000,Proprietary  ,1,168,169,2,252,254
03076100,SOUTHWESTERN COLLEGE                    ,NM,87507-0000,Private      ,1,83,84,2,125,127
03128200,KAPLAN CAREER INSTITUTE                 ,NM,87109-2072,Proprietary  ,23,94,117,31,124,155
03206300,MESALANDS COMMUNITY COLLEGE             ,NM,88401-3352,Public       ,30,53,83,56,76,132
03430300,UNIVERSAL THERAPEUTIC MASSAGE INSTITUTE ,NM,87107-4403,Proprietary  ,9,19,28,9,24,33
03678300,PIMA MEDICAL INSTITUTE                  ,NM,87110-4127,Proprietary  ,9,22,31,23,49,72
03944300,MASSAGE THERAPY TRAINING INSTITUTE      ,NM,88007-0000,Proprietary  ,8,15,23,14,22,36
00223400,ADRIAN COLLEGE                          ,MI,49221-2575,Private      ,319,56,375,2038,128,2166
00223500,ALBION COLLEGE                          ,MI,49224-1831,Private      ,239,14,253,2180,49,2229
00223600,ALMA COLLEGE                            ,MI,48801-1599,Private      ,191,18,209,1916,54,1970
00223700,ALPENA COMMUNITY COLLEGE                ,MI,49707-1495,Public       ,214,305,519,618,548,1166
00223800,ANDREWS UNIVERSITY                      ,MI,49104-0750,Private      ,420,343,763,1098,770,1868
00223900,AQUINAS COLLEGE                         ,MI,49506-1799,Private      ,327,165,492,1840,410,2250
00224000,BAY DE NOC COMMUNITY COLLEGE            ,MI,49829-2524,Public       ,233,304,537,697,557,1254
00224100,CALVIN COLLEGE                          ,MI,49546-4388,Private      ,433,87,520,3729,197,3926
00224200,CALVIN THEOLOGICAL SEMINARY             ,MI,49546-4387,Private      ,0,11,11,4,152,156
00224300,CENTRAL MICHIGAN UNIVERSITY             ,MI,48859-0001,Public       ,3149,2375,5524,15457,5270,20727
00224600,CLEARY UNIVERSITY                       ,MI,48105-2659,Private      ,39,181,220,113,381,494
00224700,CONCORDIA UNIVERSITY-ANN ARBOR          ,MI,48105-2797,Private      ,142,159,301,506,264,770
00224800,CRANBROOK ACADEMY OF ART                ,MI,48303-0000,Private      ,2,28,30,6,211,217
00224900,DAVENPORT UNIVERSITY                    ,MI,49503-0000,Private      ,693,3529,4222,2174,8562,10736
00225100,DELTA COLLEGE                           ,MI,48710-0001,Public       ,1239,1868,3107,3671,3553,7224
00225400,MICHIGAN STATE UNIVERSITY COLLEGE OF LAW,MI,48824-1300,Private      ,51,373,424,258,1144,1402
00225900,EASTERN MICHIGAN UNIVERSITY             ,MI,48197-2214,Public       ,2588,2776,5364,10366,6253,16619
00226000,FERRIS STATE UNIVERSITY                 ,MI,49307-2251,Public       ,1641,1359,3000,9492,3892,13384
00226100,CHARLES STEWART MOTT COMMUNITY CLG      ,MI,48503-2089,Public       ,912,2143,3055,2223,3684,5907
00226200,KETTERING UNIVERSITY                    ,MI,48504-4898,Private      ,327,79,406,1878,182,2060
00226300,GLEN OAKS COMMUNITY COLLEGE             ,MI,49032-9784,Public       ,101,226,327,337,385,722
00226400,GOGEBIC COMMUNITY COLLEGE               ,MI,49938-1365,Public       ,119,139,258,367,254,621
00226500,GRACE BIBLE COLLEGE                     ,MI,49509-1998,Private      ,24,13,37,168,37,205
00226600,CORNERSTONE UNIVERSITY                  ,MI,49525-5897,Private      ,275,504,779,1401,1021,2422
00226700,GRAND RAPIDS COMMUNITY COLLEGE          ,MI,49503-3295,Public       ,1697,1935,3632,5564,4152,9716
00226800,GRAND VALLEY STATE UNIVERSITY           ,MI,49401-9403,Public       ,2120,1411,3531,17316,4729,22045
00226900,GREAT LAKES CHRISTIAN COLLEGE           ,MI,48917-1299,Private      ,52,49,101,146,87,233
00227000,HENRY FORD COMMUNITY COLLEGE            ,MI,48128-1495,Public       ,1775,2779,4554,4011,5707,9718
00227300,HOPE COLLEGE                            ,MI,49423-3607,Private      ,325,21,346,3516,81,3597
00227400,JACKSON COMMUNITY COLLEGE               ,MI,49201-8399,Public       ,641,1110,1751,1707,2233,3940
00227500,KALAMAZOO COLLEGE                       ,MI,49006-3295,Private      ,123,24,147,1598,57,1655
00227600,KELLOGG COMMUNITY COLLEGE               ,MI,49017-3397,Public       ,446,1047,1493,1276,1993,3269
00227700,LAKE MICHIGAN COLLEGE                   ,MI,49022-1899,Public       ,244,457,701,850,1025,1875
00227800,LANSING COMMUNITY COLLEGE               ,MI,48933-1293,Public       ,1506,2911,4417,3850,4849,8699
00227900,LAWRENCE TECHNOLOGICAL UNIVERSITY       ,MI,48075-1058,Private      ,339,366,705,1470,816,2286
00228200,MADONNA UNIVERSITY                      ,MI,48150-1173,Private      ,282,717,999,926,1584,2510
00228400,MARYGROVE COLLEGE                       ,MI,48221-2599,Private      ,169,809,978,449,1540,1989
00228800,ROCHESTER COLLEGE                       ,MI,48307-2764,Private      ,208,174,382,478,410,888
00229000,MICHIGAN STATE UNIVERSITY               ,MI,48824-1113,Public       ,5025,2922,7947,26238,7770,34008
00229200,MICHIGAN TECHNOLOGICAL UNIV             ,MI,49931-1295,Public       ,653,208,861,4943,618,5561
00229300,LAKE SUPERIOR STATE UNIVERSITY          ,MI,49783-1691,Public       ,277,177,454,1962,573,2535
00229400,MONROE COUNTY COMMUNITY CLG             ,MI,48161-9746,Public       ,283,435,718,790,766,1556
00229500,MONTCALM COMMUNITY COLLEGE              ,MI,48885-9723,Public       ,190,566,756,545,1096,1641
00229700,MUSKEGON COMMUNITY COLLEGE              ,MI,49442-1432,Public       ,465,602,1067,1655,1388,3043
00229900,NORTH CENTRAL MICHIGAN COLLEGE          ,MI,49770-8740,Public       ,215,456,671,630,811,1441
00230100,NORTHERN MICHIGAN UNIVERSITY            ,MI,49855-5316,Public       ,1272,602,1874,6089,1754,7843
00230200,NORTHWESTERN MICHIGAN COLLEGE           ,MI,49686-3061,Public       ,480,675,1155,1678,1356,3034
00230300,OAKLAND COMMUNITY COLLEGE               ,MI,48304-2266,Public       ,60,72,132,181,204,385
00230301,OAKLAND COMMUNITY COLLEGE - ORCHARD RIDG,MI,48334-4579,Public       ,345,524,869,909,1157,2066
00230302,OAKLAND COMMUNITY COLLEGE - ROYAL OAK CA,MI,48067-3898,Public       ,545,1056,1601,1310,2412,3722
00230304,OAKLAND COMMUNITY COLLEGE - AUBURN HILLS,MI,48323-2845,Public       ,427,634,1061,1179,1429,2608
00230305,OAKLAND COMMUNITY COLLEGE - HIGHLAND LAK,MI,48327-4187,Public       ,235,453,688,622,971,1593
00230700,OAKLAND UNIVERSITY                      ,MI,48309-4401,Public       ,1788,1767,3555,7690,4025,11715
00230800,OLIVET COLLEGE                          ,MI,49076-9902,Private      ,311,78,389,1013,168,1181
00231000,ST. CLAIR COUNTY COMMUNITY COLLEGE      ,MI,48061-0000,Public       ,364,751,1115,1130,1333,2463
00231100,KUYPER COLLEGE                          ,MI,49525-9749,Private      ,37,26,63,255,65,320
00231300,SACRED HEART MAJOR SEMINARY             ,MI,48206-1799,Private      ,2,48,50,13,108,121
00231400,SAGINAW VALLEY STATE UNIV               ,MI,48710-0001,Public       ,1181,943,2124,6327,2371,8698
00231500,SCHOOLCRAFT COLLEGE                     ,MI,48152-2696,Public       ,929,1553,2482,2321,2925,5246
00231600,SIENA HEIGHTS UNIVERSITY                ,MI,49221-1796,Private      ,244,378,622,827,810,1637
00231700,SOUTHWESTERN MICHIGAN COLLEGE           ,MI,49047-9793,Public       ,174,310,484,649,710,1359
00231800,SPRING ARBOR UNIVERSITY                 ,MI,49283-9984,Private      ,338,1173,1511,1756,2206,3962
00232200,FINLANDIA UNIVERSITY                    ,MI,49930-1882,Private      ,83,61,144,471,209,680
00232300,UNIVERSITY OF DETROIT MERCY             ,MI,48221-3038,Private      ,503,924,1427,2349,2294,4643
00232301,UNIVERSITY OF DETROIT MERCY- DENTAL SCH ,MI,48219-3580,Private      ,24,111,135,78,413,491
00232303,UNIV OF DETROIT MERCY - LAW SCHOOL      ,MI,48226-0000,Private      ,5,295,300,22,823,845
00232500,UNIVERSITY OF MICHIGAN - ANN ARBOR      ,MI,48109-1316,Public       ,1787,1640,3427,21427,8142,29569
00232501,UNIVERSITY OF MICHIGAN-MEDICAL SCH      ,MI,48109-0000,Public       ,16,199,215,78,965,1043
00232503,UNIVERSITY OF MICHIGAN LAW SCHOOL       ,MI,48109-0000,Public       ,7,406,413,22,2333,2355
00232600,UNIVERSITY OF MICHIGAN-DEARBORN         ,MI,48128-2406,Public       ,809,1092,1901,3309,2506,5815
00232700,UNIVERSITY OF MICHIGAN-FLINT            ,MI,48502-1950,Public       ,548,1117,1665,2241,2915,5156
00232800,WASHTENAW COMMUNITY COLLEGE             ,MI,48106-0000,Public       ,690,1417,2107,1760,2653,4413
00232900,WAYNE STATE UNIVERSITY                  ,MI,48202-0000,Public       ,2787,4375,7162,10996,11844,22840
00232901,WAYNE STATE UNIV SCH OF MEDICINE        ,MI,48201-3359,Public       ,39,533,572,143,1355,1498
00232902,WAYNE STATE UNIVERSITY - LAW SCHOOL     ,MI,48202-3424,Public       ,30,247,277,83,952,1035
00233000,WESTERN MICHIGAN UNIVERSITY             ,MI,49008-3899,Public       ,3151,2085,5236,13679,4941,18620
00233100,WESTERN THEOLOGICAL SEMINARY            ,MI,49423-0000,Private      ,0,32,32,1,83,84
00407100,WALSH COLLEGE OF ACCT & BUS ADMN        ,MI,48007-7006,Private      ,50,435,485,167,1000,1167
00407200,NORTHWOOD UNIVERSITY                    ,MI,48640-2398,Private      ,494,477,971,1988,999,2987
00467300,BAKER COLLEGE - FLINT                   ,MI,48507-5508,Private      ,576,1759,2335,1311,3121,4432
00467301,BAKER COLLEGE OF CADILLAC               ,MI,49601-0000,Private      ,147,571,718,291,971,1262
00467302,BAKER COLLEGE OF CLINTON TOWNSHIP       ,MI,48035-0000,Private      ,616,1312,1928,1473,3072,4545
00467303,BAKER COLLEGE OF MUSKEGON               ,MI,49442-0000,Private      ,821,1443,2264,1847,2399,4246
00467304,BAKER COLLEGE OF OWOSSO                 ,MI,48867-0000,Private      ,481,682,1163,1087,1163,2250
00467305,BAKER COLLEGE OF AUBURN HILLS           ,MI,48326-0000,Private      ,459,1119,1578,742,1873,2615
00467306,BAKER COLLEGE OF PORT HURON             ,MI,48060-0000,Private      ,162,358,520,375,763,1138
00467309,BAKER COLLEGE OF JACKSON                ,MI,49202-0000,Private      ,164,511,675,342,901,1243
00467311,BAKER COLLEGE-CASS CITY                 ,MI,48726-0000,Private      ,57,118,175,141,265,406
00467313,BAKER COLLEGE - GRADUATE ON-LINE        ,MI,48507-0000,Private      ,69,1425,1494,132,2800,2932
00467317,BAKER COLLEGE-ALLEN PARK                ,MI,48101-0000,Private      ,218,520,738,460,1213,1673
00469200,DORSEY SCHOOL OF BUSINESS               ,MI,48195-2334,Proprietary  ,17,77,94,24,89,113
00469201,DORSEY SCHOOL OF BUSINESS               ,MI,48184-0000,Proprietary  ,16,68,84,19,78,97
00469202,DORSEY SCHOOL OF BUSINESS               ,MI,48071-0000,Proprietary  ,15,58,73,21,68,89
00469204,DORSEY SCHOOL OF BUSINESS               ,MI,48066-0000,Proprietary  ,19,165,184,24,180,204
00676800,MID MICHIGAN COMMUNITY COLLEGE          ,MI,48625-9447,Public       ,516,729,1245,1224,1354,2578
00677100,COLLEGE FOR CREATIVE STUDIES            ,MI,48202-4034,Private      ,279,127,406,1087,325,1412
00694900,KALAMAZOO VALLEY COMMUNITY COLLEGE      ,MI,49003-4070,Public       ,901,1334,2235,2668,2603,5271
00717100,KIRTLAND COMMUNITY COLLEGE              ,MI,48653-0000,Public       ,250,484,734,632,890,1522
00761700,CARNEGIE INSTITUTE                      ,MI,48083-1159,Proprietary  ,22,195,217,33,279,312
00795000,WEST SHORE COMMUNITY COLLEGE            ,MI,49454-0000,Public       ,105,185,290,330,418,748
00817800,EMPIRE BEAUTY SCHOOL                    ,MI,49525-2440,Proprietary  ,122,144,266,166,160,326
00890600,MACOMB COMMUNITY COLLEGE                ,MI,48088-3896,Public       ,1530,2076,3606,3813,3932,7745
00894600,PORT HURON COSMETOLOGY COLLEGE          ,MI,48329-1618,Proprietary  ,18,37,55,18,43,61
00923000,WAYNE COUNTY COMMUNITY CLG-DISTRICT     ,MI,48226-3095,Public       ,1503,4540,6043,3209,8853,12062
00973200,VIRGINIA FARRELL BEAUTY SCHOOL          ,MI,48080-1448,Proprietary  ,14,18,32,25,39,64
00973400,VIRGINIA FARRELL BEAUTY SCHOOL          ,MI,48220-1739,Proprietary  ,13,64,77,21,108,129
00982800,EVEREST INSTITUTE                       ,MI,48033-4400,Proprietary  ,359,1584,1943,429,1888,2317
01047000,KALAMAZOO BEAUTY ACADEMY                ,MI,49002-5220,Proprietary  ,3,4,7,7,5,12
01062700,ITT TECHNICAL INSTITUTE                 ,MI,49519-0000,Proprietary  ,341,670,1011,508,812,1320
01082700,DAVID PRESSLEY PROF SCH OF COSMTLGY     ,MI,48067-3219,Proprietary  ,13,13,26,22,22,44
01109800,FLINT INSTITUTE OF BARBERING            ,MI,48504-4395,Proprietary  ,8,42,50,11,61,72
01164600,VIRGINIA FARRELL BEAUTY SCHOOL          ,MI,48185-3091,Proprietary  ,10,28,38,16,52,68
01229100,WRIGHT BEAUTY ACADEMY                   ,MI,49015-2696,Proprietary  ,2,8,10,10,15,25
01239900,LEWIS COLLEGE OF BUSINESS               ,MI,48235-0000,Private      ,16,58,74,83,149,232
01262700,THOMAS M. COOLEY LAW SCHOOL             ,MI,48901-1586,Private      ,2,1358,1360,8,3648,3656
01321800,M J MURPHY BTY CLG MT PLEASANT          ,MI,48858-2502,Proprietary  ,17,13,30,26,18,44
02060300,MICHIGAN INSTITUTE OF AERONAUTICS       ,MI,48111-0000,Proprietary  ,101,115,216,145,143,288
02068700,ADRIAN BEAUTY ACADEMY                   ,MI,49221-0000,Proprietary  ,6,8,14,10,11,21
02099700,ROSS MEDICAL EDUCATION CENTER           ,MI,48532-0000,Proprietary  ,38,264,302,50,363,413
02100400,EVEREST INSTITUTE                       ,MI,49525-2301,Proprietary  ,166,1020,1186,218,1133,1351
02125600,MICHIGAN COLLEGE OF BEAUTY              ,MI,48083-0000,Proprietary  ,30,90,120,54,122,176
02135000,MARQUETTE GEN HOSP SCH RAD TECH         ,MI,49855-0000,Private      ,3,2,5,18,8,26
02158600,MR BELA'S SCHOOL OF COSMETOLOGY         ,MI,48092-4637,Proprietary  ,2,2,4,3,6,9
02160303,INTERNATIONAL ACADEMY OF DESIGN AND TECH,MI,48083-2160,Proprietary  ,237,255,492,486,432,918
02180100,ROSS MEDICAL EDUCATION CENTER           ,MI,48092-0000,Proprietary  ,14,80,94,26,125,151
02198900,MICHIGAN SCHOOL OF PROFESSIONAL PSYCHOLO,MI,48334-4512,Private      ,1,35,36,3,95,98
02209200,TAYLORTOWN SCHOOL OF BEAUTY             ,MI,48180-0000,Proprietary  ,7,13,20,13,34,47
02237800,SPECS HOWARD SCHOOL OF MEDIA ARTS       ,MI,48075-0000,Proprietary  ,159,121,280,253,199,452
02285700,BAYSHIRE BEAUTY ACADEMY                 ,MI,48708-5614,Proprietary  ,7,17,24,14,24,38
02289801,KAPLAN INSTITUTE - DETROIT CAMPUS       ,MI,48202-0000,Proprietary  ,50,190,240,82,369,451
02324500,MICHIGAN COLLEGE OF BEAUTY              ,MI,48161-0000,Proprietary  ,12,19,31,26,29,55
02339700,ROSS MEDICAL EDUCATION CENTER           ,MI,48116-0000,Proprietary  ,22,140,162,22,159,181
02361500,MICHIGAN BARBER COLLEGE                 ,MI,48204-2244,Private      ,15,52,67,25,83,108
02363800,YESHIVA GEDOLAH OF GREATER DETROIT      ,MI,48237-0000,Private      ,0,0,0,3,1,4
02491000,WEST MI COLG OF BARBERING & BEAUTY      ,MI,49008-0000,Proprietary  ,4,14,18,6,24,30
02495800,FOCUS:HOPE                              ,MI,48238-0000,Private      ,30,62,92,49,89,138
02498300,VIRGINIA FARRELL BEAUTY SCHOOL          ,MI,48154-0000,Proprietary  ,9,43,52,29,67,96
02533600,ROSS MEDICAL EDUCATION CENTER           ,MI,48917-2108,Proprietary  ,33,137,170,43,188,231
02587900,HIGH-TECH LEARNING                      ,MI,48091-0000,Proprietary  ,0,1,1,0,1,1
02588200,DOUGLAS J AVEDA INSTITUTE               ,MI,48823-4351,Proprietary  ,78,64,142,167,120,287
02588201,DOUGLAS J AVEDA INSTITUTE - ANN ARBOR   ,MI,48104-2211,Proprietary  ,8,19,27,26,30,56
02594600,HOWELL COLLEGE OF COSMETOLOGY           ,MI,48843-8584,Proprietary  ,0,0,0,1,2,3
02595700,HILLSDALE BEAUTY COLLEGE                ,MI,49242-0000,Proprietary  ,3,4,7,20,4,24
02618400,MICHIGAN CAREER & TECHNICAL INST        ,MI,49080-9254,Public       ,38,23,61,96,35,131
03005700,DETROIT BUSINESS INST. DOWNRIVER        ,MI,48193-6761,Proprietary  ,24,91,115,26,99,125
03028500,LAWTON SCHOOL                           ,MI,48075-5406,Proprietary  ,18,58,76,19,66,85
03066600,BAY MILLS COMMUNITY COLLEGE             ,MI,49715-9750,Public       ,11,54,65,50,109,159
03075200,TWIN CITY BEAUTY COLLEGE                ,MI,49085-3305,Proprietary  ,15,57,72,20,65,85
03075201,TWIN CITY BEAUTY COLLEGE - TRAVERSE CITY,MI,49686-5119,Proprietary  ,5,6,11,8,15,23
03090000,SHARP'S ACADEMY OF HAIRSTYLING INC.     ,MI,48433-0000,Proprietary  ,5,16,21,5,20,25
03109700,HOUGHTON LAKE INST OF COSMETOLOGY       ,MI,48629-0669,Proprietary  ,3,4,7,7,8,15
03110300,THE SCHOOL OF CREATIVE HAIR DESIGN      ,MI,49036-1139,Proprietary  ,3,14,17,5,16,21
03124000,NORTHWESTERN TECHNOLOGICAL INST         ,MI,48075-2412,Proprietary  ,29,129,158,43,186,229
03135300,MICHIGAN THEOLOGICAL SEMINARY           ,MI,48170-4399,Private      ,2,32,34,3,53,56
03284300,MICHIGAN JEWISH INSTITUTE               ,MI,48237-0000,Private      ,79,3,82,130,11,141
03340300,WARREN WOODS VOCATIONAL ADULT EDUC      ,MI,48088-3699,Public       ,0,2,2,2,4,6
03474300,AVE MARIA COLLEGE                       ,MI,48197-2451,Private      ,0,2,2,2,10,12
03490300,PAUL MITCHELL THE SCHOOL ESCANABA       ,MI,49829-0000,Proprietary  ,4,5,9,5,6,11
03588300,IRENE'S MYOMASSOLOGY INSTITUTE          ,MI,48033-2404,Proprietary  ,13,90,103,20,119,139
03704300,BLUE WATER COLLEGE OF COSMETOLOGY       ,MI,48040-0000,Proprietary  ,6,19,25,7,22,29
03772300,SAGINAW CHIPPEWA TRIBAL COLLEGE         ,MI,48858-0000,Public       ,4,6,10,5,10,15
03815300,IN SESSION-ARTS OF COSMETOLOGY BEAU     ,MI,48609-0000,Proprietary  ,14,17,31,24,39,63
03907300,PAUL MITCHELL THE SCHOOL GREAT LAKES    ,MI,48060-0000,Proprietary  ,3,5,8,11,8,19
03915300,CAREER QUEST LEARNING CENTER            ,MI,48910-4732,Proprietary  ,8,97,105,11,139,150
03976500,ANN ARBOR INSTITUTE OF MASSAGE THERAPY  ,MI,48103-0000,Proprietary  ,4,16,20,10,33,43
04002400,ECUMENICAL THEOLOGICAL SEMINARY         ,MI,48201-3035,Private      ,0,21,21,0,39,39
04006300,NUVO COLLEGE OF COSMETOLOGY             ,MI,49441-3822,Proprietary  ,2,23,25,7,35,42
04014300,P&A SCHOLARS BEAUTY SCHOOL              ,MI,48204-0000,Proprietary  ,13,26,39,23,36,59
04055300,CREATIVE HAIR SCHOOL OF COSMETOLOGY     ,MI,48504-1234,Proprietary  ,5,15,20,7,23,30
04094300,ROBERT B. MILLER COLLEGE (THE)          ,MI,49017-3306,Private      ,6,60,66,19,108,127
00233200,ANOKA-RAMSEY CC-CAMBRIDGE/COONRAPID     ,MN,55433-3499,Public       ,816,873,1689,1213,1279,2492
00233400,AUGSBURG COLLEGE                        ,MN,55454-1351,Private      ,898,773,1671,1965,1167,3132
00233500,RIVERLAND COMMUNITY COLLEGE             ,MN,55912-1473,Public       ,355,439,794,562,633,1195
00233600,BEMIDJI STATE UNIVERSITY                ,MN,56601-2699,Public       ,1117,556,1673,2276,883,3159
00233700,BETHANY LUTHERAN COLLEGE INC            ,MN,56001-6163,Private      ,236,17,253,523,34,557
00233900,CENTRAL LAKES COLG-BRAINERD/STAPLES     ,MN,56401-3900,Public       ,556,422,978,801,627,1428
00234000,CARLETON COLLEGE                        ,MN,55057-4001,Private      ,192,7,199,2441,21,2462
00234100,COLLEGE OF ST BENEDICT                  ,MN,56374-2099,Private      ,587,11,598,1761,16,1777
00234200,ST. CATHERINE UNIVERSITY                ,MN,55105-1789,Private      ,803,1335,2138,1925,2282,4207
00234300,COLLEGE OF ST SCHOLASTICA               ,MN,55811-4199,Private      ,523,426,949,1687,723,2410
00234500,UNIVERSITY OF ST THOMAS                 ,MN,55105-1096,Private      ,1406,1152,2558,5036,2135,7171
00234600,CONCORDIA COLLEGE-MOORHEAD              ,MN,56562-0001,Private      ,1053,56,1109,2866,100,2966
00234700,"CONCORDIA UNIVERSITY, ST PAUL, MN       ",MN,55104-5494,Private      ,362,487,849,904,753,1657
00235000,VERMILION COMMUNITY COLLEGE             ,MN,55731-1996,Public       ,176,52,228,354,76,430
00235300,GUSTAVUS ADOLPHUS COLLEGE               ,MN,56082-1498,Private      ,715,14,729,2934,36,2970
00235400,HAMLINE UNIVERSITY                      ,MN,55104-1284,Private      ,721,1020,1741,2028,1927,3955
00235500,HIBBING COMMUNITY COLLEGE               ,MN,55746-3300,Public       ,195,268,463,333,388,721
00235600,ITASCA COMMUNITY COLLEGE                ,MN,55744-3397,Public       ,227,161,388,463,241,704
00235700,LUTHER SEMINARY                         ,MN,55108-0000,Private      ,0,162,162,1,342,343
00235800,MACALESTER COLLEGE                      ,MN,55105-1899,Private      ,559,23,582,2733,43,2776
00236000,"MINNESOTA STATE UNIVERSITY, MANKATO     ",MN,56002-0000,Public       ,3183,1075,4258,7958,2228,10186
00236100,MARTIN LUTHER COLLEGE                   ,MN,56073-3965,Private      ,287,30,317,603,53,656
00236200,MINNEAPOLIS COMM AND TECH COLLEGE       ,MN,55403-1779,Public       ,1180,2315,3495,1808,3395,5203
00236500,MINNEAPOLIS COLLEGE OF ART & DESIGN     ,MN,55404-4343,Private      ,73,50,123,828,291,1119
00236600,CROSSROADS COLLEGE                      ,MN,55902-2382,Private      ,49,26,75,86,37,123
00236700,MINNESOTA STATE UNIVERSITY MOORHEAD     ,MN,56563-0001,Public       ,1529,591,2120,4188,1192,5380
00236900,NORTH CENTRAL UNIVERSITY                ,MN,55404-1391,Private      ,434,123,557,868,176,1044
00237000,NORTH HENNEPIN COMMUNITY COLLEGE        ,MN,55445-2299,Public       ,726,1031,1757,1074,1538,2612
00237100,NORTHWESTERN COLLEGE                    ,MN,55113-1598,Private      ,790,255,1045,2066,414,2480
00237300,ROCHESTER COMMUNITY/TECH COLLEGE        ,MN,55904-4999,Public       ,988,872,1860,1605,1332,2937
00237500,SOUTHWEST MINNESOTA STATE UNIVERSITY    ,MN,56258-1598,Public       ,436,313,749,1633,575,2208
00237700,ST CLOUD STATE UNIVERSITY               ,MN,56301-4498,Public       ,3248,1277,4525,6441,2118,8559
00237900,SAINT JOHNS UNIVERSITY                  ,MN,56321-0000,Private      ,514,36,550,1586,59,1645
00238000,SAINT MARY'S UNIVERSITY                 ,MN,55987-1399,Private      ,280,803,1083,1336,1333,2669
00238200,ST OLAF COLLEGE                         ,MN,55057-1098,Private      ,901,21,922,3350,48,3398
00238300,CROWN COLLEGE                           ,MN,55375-9001,Private      ,280,224,504,606,345,951
00238500,NORTHLAND COMMUNITY & TECHNICAL CLG     ,MN,56701-2598,Public       ,509,593,1102,912,932,1844
00238600,UNITED THEOLGCL SEMINRY TWIN CITIES     ,MN,55112-0000,Private      ,2,37,39,4,61,65
00238800,"UNIVERSITY OF MINNESOTA, DULUTH         ",MN,55812-2496,Public       ,2746,622,3368,6717,1152,7869
00238900,"UNIVERSITY OF MINNESOTA, MORRIS         ",MN,56267-2113,Public       ,294,53,347,1375,157,1532
00239100,WILLIAM MITCHELL COLLEGE OF LAW         ,MN,55105-0000,Private      ,0,361,361,1,1157,1158
00239300,MINNESOTA STATE COLLEGE-SE TECH         ,MN,55987-0409,Public       ,276,429,705,399,589,988
00239400,WINONA STATE UNIVERSITY                 ,MN,55987-5838,Public       ,1987,479,2466,4724,751,5475
00396900,UNIVERSITY OF MINNESOTA-TWIN CITIES     ,MN,55455-0422,Public       ,6421,5066,11487,19789,10842,30631
00400900,MESABI RANGE CMNTY & TECH COLLEGE       ,MN,55792-0000,Public       ,171,163,334,260,230,490
00405708,NATIONAL AMERICAN UNIVERSITY            ,MN,55113-0000,Proprietary  ,12,84,96,16,132,148
00405715,NATIONAL AMERICAN UNIVERSITY - BLOOMINGT,MN,55425-5550,Proprietary  ,6,72,78,8,95,103
00406900,UNIVERSITY OF MINNESOTA-CROOKSTON       ,MN,56716-5001,Public       ,256,107,363,671,194,865
00438600,VETERAN'S MEDICAL CTR- SCH RAD TECH     ,MN,55417-2399,Public       ,0,1,1,1,6,7
00464100,DUNWOODY COLLEGE OF TECHNOLOGY          ,MN,55403-1192,Private      ,340,360,700,526,515,1041
00464200,GLOBE UNIVERSITY                        ,MN,55125-5408,Proprietary  ,176,358,534,206,430,636
00464500,MINNEAPOLIS BUSINESS COLLEGE            ,MN,55113-4036,Proprietary  ,187,38,225,394,71,465
00464600,MINNESOTA SCHOOL OF BUSINESS            ,MN,55423-0000,Proprietary  ,965,1963,2928,1238,2536,3774
00464800,RASMUSSEN COLLEGE - EAGAN               ,MN,55122-1346,Proprietary  ,51,262,313,65,387,452
00525200,RIDGEWATER COLLEGE                      ,MN,56201-2098,Public       ,725,546,1271,1295,815,2110
00526300,MINNESOTA WEST CMNTY & TECH COLG        ,MN,56241-1096,Public       ,317,376,693,565,581,1146
00553300,"SAINT PAUL COLLEGE, COMMUNITY/TECHNICAL ",MN,55102-1800,Public       ,617,1185,1802,924,1734,2658
00553400,ST CLOUD TECHNICAL COLLEGE              ,MN,56303-1240,Public       ,784,478,1262,1209,737,1946
00553500,PINE TECHNICAL COLLEGE                  ,MN,55063-2198,Public       ,51,150,201,76,222,298
00553700,SOUTH CENTRAL COLLEGE                   ,MN,56003-0000,Public       ,449,457,906,783,777,1560
00554100,MINNESOTA STATE COMMUNITY AND TECHNICAL ,MN,56573-1405,Public       ,753,886,1639,1351,1422,2773
00554400,ALEXANDRIA TECHNICAL COLLEGE            ,MN,56308-3799,Public       ,529,198,727,917,327,1244
00575700,LAKE SUPERIOR COLLEGE                   ,MN,55811-3399,Public       ,706,685,1391,1070,1064,2134
00575900,NORTHWEST TECHNICAL COLLEGE - BEMIDJI   ,MN,56601-4907,Public       ,177,231,408,256,348,604
00677500,RAINY RIVER COMMUNITY COLLEGE           ,MN,56649-2187,Public       ,64,53,117,107,68,175
00735000,ANOKA-HENNEPIN TECHNICAL COLLEGE        ,MN,55303-1590,Public       ,172,372,544,287,525,812
00735100,BROWN COLLEGE                           ,MN,55120-1004,Proprietary  ,425,345,770,903,756,1659
00746200,COLLEGE OF VISUAL ARTS                  ,MN,55102-2199,Private      ,74,19,93,151,41,192
00795400,NORMANDALE COMMUNITY COLLEGE            ,MN,55431-4399,Public       ,1161,1035,2196,1972,1861,3833
00826700,NORTHWEST TECHNICAL INSTITUTE           ,MN,55121-5001,Proprietary  ,48,9,57,82,18,100
00869400,RASMUSSEN COLLEGE                       ,MN,56301-3713,Proprietary  ,102,277,379,135,479,614
00869401,RASMUSSEN COLLEGE - BROOKLYN PARK       ,MN,55445-1512,Proprietary  ,117,351,468,157,611,768
00905800,BETHEL UNIVERSITY                       ,MN,55112-6999,Private      ,1045,592,1637,2479,906,3385
00960000,COSMETOLOGY CAREERS UNLTD-DULUTH        ,MN,55802-2031,Proprietary  ,4,4,8,8,5,13
00972200,EMPIRE BEAUTY SCHOOL                    ,MN,55119-7003,Proprietary  ,37,52,89,59,99,158
00974000,INVER HILLS COMMUNITY COLLEGE           ,MN,55076-3224,Public       ,502,671,1173,816,1022,1838
00983100,MODEL COLLEGE OF HAIR DESIGN            ,MN,56301-4280,Proprietary  ,29,13,42,46,18,64
00987000,EMPIRE BEAUTY SCHOOL                    ,MN,55420-2919,Proprietary  ,40,72,112,61,120,181
00989200,"DULUTH BUSINESS UNIV, INC.              ",MN,55807-0000,Proprietary  ,70,149,219,86,165,251
00999200,OAK HILLS CHRISTIAN COLLEGE             ,MN,56601-0000,Private      ,49,39,88,84,51,135
01024800,ART INSTITUTES INTL MINNESOTA           ,MN,55402-3137,Proprietary  ,462,272,734,920,483,1403
01037400,METROPOLITAN STATE UNIVERSITY           ,MN,55106-5000,Public       ,528,1750,2278,888,2825,3713
01040200,DAKOTA COUNTY TECHNICAL COLLEGE         ,MN,55068-2999,Public       ,327,384,711,518,627,1145
01049000,REGENCY BEAUTY INSTITUTE                ,MN,55428-0000,Proprietary  ,334,407,741,439,509,948
01049100,HENNEPIN TECHNICAL COLLEGE              ,MN,55445-2399,Public       ,504,960,1464,740,1373,2113
01054600,CENTURY COMMUNITY AND TECHNICAL CLG     ,MN,55110-1894,Public       ,1054,1336,2390,1691,1973,3664
01101700,HERZING COLLEGE                         ,MN,55428-3548,Proprietary  ,67,108,175,97,178,275
01168600,RASMUSSEN COLLEGE - EDEN PRAIRIE        ,MN,55344-7220,Proprietary  ,42,370,412,64,693,757
01173200,"MAYO CLINIC, COLLEGE OF MEDICINE        ",MN,55905-0000,Private      ,11,98,109,21,222,243
01173201,MAYO SCHOOL OF HEALTH-RELATED SCIEN     ,MN,55905-0000,Private      ,14,47,61,30,106,136
01173206,MAYO GRAD SCHOOL                        ,MN,55901-0000,Private      ,0,7,7,1,17,18
01173207,MAYO MEDICAL SCHOOL                     ,MN,55901-0000,Private      ,1,31,32,4,145,149
01232800,NORTHWESTERN HEALTH SCIENCES UNIV       ,MN,55431-1599,Private      ,23,479,502,42,689,731
02050300,ACADEMY COLLEGE                         ,MN,55420-1554,Proprietary  ,29,72,101,36,92,128
02096002,REGIONS HOSPITAL -DIETETIC INTRNSHP     ,MN,55101-0000,Private      ,1,0,1,2,0,2
02123200,AVEDA INSTITUTE                         ,MN,55414-0000,Proprietary  ,126,109,235,213,167,380
02159800,COSMETOLOGY CAREERS UNLTD - HIBBING     ,MN,55746-0000,Proprietary  ,4,2,6,5,2,7
02160901,"SALON PROFESSIONAL ACADEMY, THE - THE SA",MN,55428-4928,Proprietary  ,13,21,34,19,24,43
02238100,MINNESOTA SCHOOL OF COSMETOLOGY         ,MN,55125-0000,Proprietary  ,26,50,76,36,64,100
02260500,SUMMIT ACAD OPPORTUNITIES IND CTR       ,MN,55405-0000,Private      ,1,11,12,3,14,17
02284500,PILLSBURY BAPTIST BIBLE COLLEGE         ,MN,55060-0000,Private      ,69,13,82,105,17,122
02503300,RASMUSSEN COLLEGE - MANKATO             ,MN,56001-8658,Proprietary  ,103,270,373,152,463,615
02503302,RASMUSSEN COLLEGE - MANKATO -  LAKE ELMO,MN,55042-8624,Proprietary  ,21,98,119,23,124,147
02504200,WALDEN UNIVERSITY                       ,MN,55401-2511,Proprietary  ,15,8786,8801,26,13998,14024
02514100,AMERICAN INDIAN OPPORTUNITIES CTR       ,MN,55404-0000,Private      ,0,15,15,1,17,18
02543600,INGENUE                                 ,MN,56560-0000,Proprietary  ,1,2,3,6,2,8
02551200,EAST METRO OIC                          ,MN,55104-3435,Private      ,14,57,71,18,66,84
03001200,MCNALLY SMITH COLLEGE OF MUSIC          ,MN,55101-2220,Proprietary  ,167,61,228,340,108,448
03051900,ALFRED ADLER GRADUATE SCHOOL            ,MN,55305-0000,Private      ,0,54,54,1,79,80
03096400,LEECH LAKE TRIBAL COLLEGE               ,MN,56633-0000,Public       ,9,68,77,15,118,133
03129100,FOND DU LAC TRIBAL & COMMUNITY CLG      ,MN,55720-2984,Public       ,122,224,346,178,319,497
03267300,CAPELLA UNIVERSITY                      ,MN,55402-3389,Proprietary  ,20,12001,12021,29,18502,18531
03473400,MINNEAPOLIS SCHOOL OF MASSAGE AND B     ,MN,55418-3343,Private      ,3,13,16,4,19,23
03833300,AMERICAN ACADEMY OF ACUPUNCTURE AND ORIE,MN,55113-0000,Proprietary  ,0,22,22,1,33,34
03921400,WHITE EARTH TRIBAL AND COMMUNITY COLLEGE,MN,56557-0478,Private      ,2,40,42,4,51,55
04044300,HAZELDEN GRADUATE SCHOOL OF ADDICTION ST,MN,55012-0000,Private      ,0,21,21,0,39,39
00239600,ALCORN STATE UNIVERSITY                 ,MS,39096-7500,Public       ,1150,816,1966,2410,1459,3869
00239700,BELHAVEN COLLEGE                        ,MS,39202-1789,Private      ,343,914,1257,971,1633,2604
00239800,BLUE MOUNTAIN COLLEGE                   ,MS,38610-9370,Private      ,117,124,241,226,182,408
00240100,COAHOMA COMMUNITY COLLEGE               ,MS,38614-9799,Public       ,363,497,860,564,733,1297
00240200,COPIAH-LINCOLN COMMUNITY COLLEGE        ,MS,39191-0649,Public       ,684,665,1349,1070,1040,2110
00240300,DELTA STATE UNIVERSITY                  ,MS,38733-0000,Public       ,1023,968,1991,2279,1813,4092
00240400,EAST CENTRAL COMMUNITY COLLEGE          ,MS,39327-0129,Public       ,514,488,1002,875,746,1621
00240500,EAST MISSISSIPPI COMM COLLEGE           ,MS,39358-0000,Public       ,723,1063,1786,1103,1439,2542
00240700,HINDS COMMUNITY COLLEGE                 ,MS,39154-9799,Public       ,1992,2382,4374,3346,4011,7357
00240800,HOLMES COMMUNITY COLLEGE                ,MS,39079-0000,Public       ,943,1278,2221,1467,2084,3551
00240900,ITAWAMBA COMMUNITY COLLEGE              ,MS,38843-1099,Public       ,1068,1371,2439,1779,2167,3946
00241000,JACKSON STATE UNIVERSITY                ,MS,39217-0001,Public       ,2744,2924,5668,5884,4875,10759
00241100,JONES COUNTY JUNIOR COLLEGE             ,MS,39437-3999,Public       ,1263,861,2124,1946,1285,3231
00241300,MERIDIAN COMMUNITY COLLEGE              ,MS,39307-5890,Public       ,703,647,1350,1116,1039,2155
00241400,MILLSAPS COLLEGE                        ,MS,39201-0000,Private      ,341,141,482,1067,245,1312
00241500,MISSISSIPPI COLLEGE                     ,MS,39058-0001,Private      ,821,1080,1901,1657,1823,3480
00241501,MISSISSIPPI COLLEGE - SCHOOL OF LAW     ,MS,39201-1391,Private      ,13,322,335,23,601,624
00241600,MISSISSIPPI DELTA CMTY COLLEGE          ,MS,38761-0000,Public       ,620,685,1305,1011,1030,2041
00241700,MISSISSIPPI GULF CST CLG-PERKINSTON     ,MS,39573-0000,Public       ,463,210,673,719,329,1048
00241701,MISSISSIPPI GULF CST CLG-JEFF DAVIS     ,MS,39507-0000,Public       ,412,688,1100,615,1096,1711
00241702,MISSISSIPPI GULF CST CLG-JACKSON CN     ,MS,39553-0000,Public       ,480,593,1073,704,898,1602
00242200,MISSISSIPPI UNIV FOR WOMEN              ,MS,39701-5818,Public       ,567,557,1124,1125,1034,2159
00242300,MISSISSIPPI STATE UNIVERSITY            ,MS,39762-9698,Public       ,3487,2070,5557,7507,3411,10918
00242400,MISSISSIPPI VALLEY STATE UNIVERSITY     ,MS,38941-1400,Public       ,1035,1171,2206,2072,1961,4033
00242600,NORTHEAST MS CMNTY COLLEGE              ,MS,38829-1731,Public       ,851,635,1486,1478,1013,2491
00242700,NORTHWEST MISSISSIPPI COMMUNITY CLG     ,MS,38668-1703,Public       ,1401,1127,2528,2435,1860,4295
00243000,PEARL RIVER COMMUNITY COLLEGE           ,MS,39470-2201,Public       ,907,895,1802,1354,1418,2772
00243300,RUST COLLEGE                            ,MS,38635-2328,Private      ,378,114,492,809,203,1012
00243500,SOUTHEASTERN BAPTIST COLLEGE            ,MS,39440-0000,Private      ,13,17,30,18,22,40
00243600,SOUTHWEST MISSISSIPPI CMNTY CLG         ,MS,39666-8099,Public       ,468,439,907,667,644,1311
00243900,TOUGALOO COLLEGE                        ,MS,39174-9799,Private      ,469,145,614,1007,258,1265
00244000,UNIVERSITY OF MISSISSIPPI               ,MS,38677-1848,Public       ,2717,1769,4486,6336,3367,9703
00244001,UNIVERSITY OF MISSISSIPPI - MED CTR     ,MS,39216-0000,Public       ,125,332,457,328,1231,1559
00244100,UNIVERSITY OF SOUTHERN MISSISSIPPI      ,MS,39406-0001,Public       ,3103,2418,5521,6771,4816,11587
00244700,WILLIAM CAREY UNIVERSITY                ,MS,39401-5499,Private      ,486,922,1408,803,1491,2294
01146100,WESLEY COLLEGE                          ,MS,39073-1070,Private      ,14,20,34,26,29,55
01289101,ANTONELLI COLLEGE - JACKSON             ,MS,39208-4526,Proprietary  ,6,39,45,12,57,69
01289102,ANTONELLI COLLEGE - HATTIESBURG         ,MS,39401-3056,Proprietary  ,10,8,18,18,20,38
02074900,CHRIS' BEAUTY COLLEGE                   ,MS,39501-0000,Proprietary  ,13,39,52,15,43,58
02160500,NORTH MISSISSIPPI MED CTR MED TECH      ,MS,38801-0000,Private      ,4,9,13,8,18,26
02235900,ACADEMY OF HAIR DESIGN #4               ,MS,39208-0000,Proprietary  ,13,32,45,15,40,55
02244300,ACADEMY OF HAIR DESIGN #1               ,MS,38901-0000,Proprietary  ,29,98,127,29,115,144
02249900,DELTA BEAUTY COLLEGE                    ,MS,38701-0000,Proprietary  ,13,41,54,19,52,71
02251600,ACADEMY OF HAIR DESIGN #6               ,MS,39401-7581,Proprietary  ,15,57,72,18,66,84
02251700,FOSTER'S COSMETOLOGY COLLEGE            ,MS,38663-0000,Proprietary  ,2,4,6,4,6,10
02302800,MISSISSIPPI COLLEGE OF BEAUTY CULT      ,MS,39440-0000,Proprietary  ,8,13,21,9,13,22
02320800,MAGNOLIA COLLEGE OF COSMETOLOGY         ,MS,39206-0000,Proprietary  ,10,31,41,15,43,58
02361200,MAGNOLIA BIBLE COLLEGE                  ,MS,39090-0000,Private      ,5,12,17,7,13,20
02490200,"ICS, THE WRIGHT BEAUTY COLLEGE          ",MS,38834-0000,Proprietary  ,2,6,8,2,9,11
02502100,CREATIONS COLLEGE OF COSMETOLOGY        ,MS,38803-0000,Proprietary  ,10,34,44,12,40,52
02516200,WESLEY BIBLICAL SEMINARY                ,MS,39206-0000,Private      ,1,34,35,1,51,52
02554600,GIBSON'S BARBER AND BEAUTY COLLEGE      ,MS,39773-0000,Proprietary  ,8,12,20,12,17,29
02586000,J & J HAIR DESIGN COLLEGE               ,MS,39051-3716,Proprietary  ,7,50,57,8,60,68
03004000,FINAL TOUCH BEAUTY SCHOOL               ,MS,39307-2934,Proprietary  ,2,9,11,3,13,16
03010401,CRESCENT CITY BARTENDING SCHOOL         ,MS,39501-0000,Proprietary  ,1,7,8,1,7,8
03010404,CRESCENT CITY SCHOOL OF GAMING & BARTEND,MS,38664-1903,Proprietary  ,0,1,1,0,1,1
03010603,VIRGINIA COLLEGE - JACKSON              ,MS,39206-5602,Proprietary  ,10,76,86,17,119,136
03010610,VIRGINIA COLLEGE - BILOXI               ,MS,39532-2124,Proprietary  ,3,38,41,8,66,74
03263300,TRAXLER'S SCHOOL OF HAIR                ,MS,39212-2529,Proprietary  ,5,11,16,6,14,20
03464300,ACADEMY OF HAIR DESIGN                  ,MS,39562-0000,Proprietary  ,2,27,29,2,27,29
03525300,BLUE CLIFF COLLEGE                      ,MS,39507-0000,Proprietary  ,14,52,66,16,66,82
03848300,DAY SPA CAREER COLLEGE                  ,MS,39564-0000,Proprietary  ,8,27,35,14,30,44
03963300,HEALING TOUCH SCHOOL OF MASSAGE THERAPY ,MS,39402-1300,Proprietary  ,3,19,22,8,27,35
00252600,CARROLL COLLEGE                         ,MT,59625-0002,Private      ,271,62,333,1392,157,1549
00252700,UNIVERSITY OF GREAT FALLS               ,MT,59405-4996,Private      ,102,157,259,338,315,653
00252800,MILES COMMUNITY COLLEGE                 ,MT,59301-4799,Public       ,47,56,103,191,145,336
00252900,DAWSON COMMUNITY COLLEGE                ,MT,59330-1405,Public       ,31,29,60,154,65,219
00253000,MONTANA STATE UNIVERSITY - BILLINGS     ,MT,59101-0298,Public       ,493,759,1252,1923,1894,3817
00253100,MONTANA TECH OF THE UNIV OF MONTANA     ,MT,59701-8997,Public       ,217,264,481,1084,628,1712
00253200,MONTANA STATE UNIVERSITY - BOZEMAN      ,MT,59717-0001,Public       ,1223,844,2067,6541,2457,8998
00253300,MONTANA STATE UNIVERSITY-NORTHERN       ,MT,59501-3148,Public       ,142,206,348,544,492,1036
00253400,ROCKY MOUNTAIN COLLEGE                  ,MT,59102-1796,Private      ,190,108,298,710,244,954
00253600,UNIVERSITY OF MONTANA (THE)             ,MT,59812-0001,Public       ,1222,1339,2561,6102,4611,10713
00253700,UNIVERSITY OF MONTANA WESTERN (THE)     ,MT,59725-3598,Public       ,204,114,318,736,300,1036
00442500,BENEFIS HEALTHCARE SCH RAD TECH         ,MT,59405-4324,Private      ,2,1,3,6,4,10
00677700,FLATHEAD VALLEY COMMUNITY COLLEGE       ,MT,59901-2699,Public       ,89,166,255,335,379,714
00757000,HELENA COLLEGE OF TECHNOLOGY            ,MT,59601-3098,Public       ,86,146,232,261,347,608
00790000,BUTTE ACADEMY OF BEAUTY CULTURE         ,MT,59701-9197,Proprietary  ,8,5,13,10,7,17
00894700,"DAHL'S COLLEGE OF BEAUTY,INC            ",MT,59401-3731,Proprietary  ,5,3,8,9,7,16
00931400,MSU COLLEGE OF TECH-GREAT FALLS         ,MT,59405-4907,Public       ,96,266,362,338,600,938
00946800,COLLEGE OF COIFFURE ART LTD             ,MT,59102-5333,Proprietary  ,6,13,19,14,15,29
02143400,SALISH KOOTENAI COLLEGE                 ,MT,59855-0000,Public       ,59,164,223,152,392,544
02286600,LITTLE BIG HORN COLLEGE                 ,MT,59022-0000,Public       ,8,23,31,43,62,105
02343000,FT PECK COMMUNITY COLLEGE               ,MT,59255-0000,Public       ,5,38,43,18,73,91
02510600,BLACKFEET COMMUNITY COLLEGE             ,MT,59417-0000,Private      ,19,42,61,70,147,217
02517500,FORT BELKNAP COLLEGE                    ,MT,59526-0000,Public       ,23,40,63,35,50,85
02545200,CHIEF DULL KNIFE COLLEGE                ,MT,59043-0098,Public       ,4,10,14,42,55,97
02610900,STONE CHILD COLLEGE                     ,MT,59521-9796,Public       ,4,17,21,36,67,103
02621300,ACADEMY OF COSMETOLOGY                  ,MT,59715-3544,Proprietary  ,5,5,10,16,16,32
03205300,MODERN BEAUTY SCHOOL                    ,MT,59801-8386,Proprietary  ,12,11,23,24,19,43
03763400,"ACADEMY OF NAIL, SKIN & HAIR            ",MT,59101-0000,Proprietary  ,23,26,49,48,36,84
03778300,HEALTH WORKS INSTITUTE                  ,MT,59715-0000,Proprietary  ,7,13,20,14,20,34
00253900,CHADRON STATE COLLEGE                   ,NE,69337-2690,Public       ,462,267,729,1226,492,1718
00254000,COLLEGE OF ST MARY                      ,NE,68106-2606,Private      ,126,290,416,322,611,933
00254100,CONCORDIA UNIVERSITY                    ,NE,68434-1594,Private      ,451,76,527,1170,114,1284
00254200,CREIGHTON UNIVERSITY                    ,NE,68178-0001,Private      ,845,1260,2105,3889,3535,7424
00254300,DANA COLLEGE                            ,NE,68008-9905,Private      ,278,23,301,823,51,874
00254400,DOANE COLLEGE                           ,NE,68333-2421,Private      ,347,231,578,1178,400,1578
00254700,GRACE UNIVERSITY                        ,NE,68108-3629,Private      ,90,70,160,251,133,384
00254800,HASTINGS COLLEGE                        ,NE,68901-7621,Private      ,408,54,462,1368,89,1457
00255100,UNIVERSITY OF NEBRASKA AT KEARNEY       ,NE,68849-0001,Public       ,1081,437,1518,3238,856,4094
00255300,MIDLAND LUTHERAN COLLEGE                ,NE,68025-4254,Private      ,298,44,342,828,84,912
00255400,UNIVERSITY OF NEBRASKA-OMAHA            ,NE,68182-0001,Public       ,1998,1605,3603,5458,3267,8725
00255500,NEBRASKA WESLEYAN UNIVERSITY            ,NE,68504-2796,Private      ,562,163,725,1699,270,1969
00255700,MID-PLAINS COMM COLLEGE - NORTH PLATTE  ,NE,69101-9420,Public       ,139,168,307,265,257,522
00255701,MID-PLAINS COMMUNITY COLLEGE - MCCOOK   ,NE,69001-2631,Public       ,58,51,109,156,79,235
00255900,PERU STATE COLLEGE                      ,NE,68421-0010,Public       ,295,285,580,728,532,1260
00256000,WESTERN NEBRASKA COMMUNITY COLLEGE      ,NE,69361-1815,Public       ,138,149,287,456,365,821
00256300,UNION COLLEGE                           ,NE,68506-4387,Private      ,219,106,325,527,188,715
00256500,UNIVERSITY OF NEBRASKA-LINCOLN          ,NE,68588-0419,Public       ,3892,1380,5272,11585,3350,14935
00256596,UNIVERSITY OF NEBRASKA - CURTIS         ,NE,69025-9522,Public       ,91,7,98,189,15,204
00256600,WAYNE STATE COLLEGE                     ,NE,68787-1172,Public       ,729,276,1005,2100,508,2608
00256700,YORK COLLEGE                            ,NE,68467-2699,Private      ,111,31,142,315,47,362
00443100,MARY LANNING MEM HOSP SCH RAD TECH      ,NE,68901-4497,Private      ,2,0,2,11,3,14
00443600,REGNL WST MEDCL CTR SCHL RAD            ,NE,69361-0000,Private      ,1,4,5,9,6,15
00458608,KAPLAN UNIVERSITY - OMAHA               ,NE,68134-1002,Proprietary  ,77,406,483,96,544,640
00458609,KAPLAN UNIVERSITY - LINCOLN             ,NE,68508-2668,Proprietary  ,79,318,397,116,447,563
00639900,BRYANLGH COLLEGE OF HEALTH SCIENCES     ,NE,68506-1398,Private      ,97,81,178,203,170,373
00640400,NEBR METHODIST CLG OF NURS ALLD HLTH    ,NE,68114-2852,Private      ,129,169,298,308,333,641
00689500,UNIVERSITY OF NEBRASKA-MED CTR          ,NE,68198-4265,Public       ,201,651,852,467,1752,2219
00750100,VATTEROTT COLLEGE                       ,NE,68137-1237,Proprietary  ,88,345,433,119,536,655
00849200,ALEGENT HEALTH SCHOOLS                  ,NE,68114-2767,Private      ,14,22,36,32,50,82
00952300,BAHNER COLLEGE OF HAIRSTYLING           ,NE,68025-3297,Proprietary  ,19,9,28,46,11,57
00961700,CAPITOL BEAUTY SCHOOL                   ,NE,68144-3873,Proprietary  ,51,24,75,70,40,110
00974300,BELLEVUE UNIVERSITY                     ,NE,68005-0000,Private      ,248,1466,1714,402,2625,3027
00986200,CLARKSON COLLEGE                        ,NE,68131-2739,Private      ,99,151,250,365,402,767
01151900,JOSEPH'S COLLEGE OF BEAUTY/ALL CAMPUSES ,NE,68510-2226,Proprietary  ,69,90,159,128,186,314
01166700,NORTHEAST COMMUNITY COLLEGE             ,NE,68702-0000,Public       ,467,347,814,1106,585,1691
01258600,METROPOLITAN COMMUNITY COLLEGE          ,NE,68103-0000,Public       ,1012,2109,3121,1888,4034,5922
01297600,NEBRASKA CHRISTIAN COLLEGE              ,NE,68046-4256,Private      ,44,11,55,98,17,115
02079700,COLLEGE OF HAIR DESIGN                  ,NE,68508-0000,Proprietary  ,59,33,92,84,42,126
02099500,CENTRAL COMMUNITY COLLEGE- GI           ,NE,68801-0000,Public       ,145,313,458,321,487,808
02099501,CENTRAL COMMUNITY COLLEGE - HASTINGS    ,NE,68902-0000,Public       ,253,168,421,614,277,891
02099502,CENTRAL COMMUNITY COLLEGE - COLUMBUS    ,NE,68602-0000,Public       ,125,124,249,289,209,498
02508300,SOUTHEAST COMM. COLLEGE-ALL CAMPUSES    ,NE,68520-0000,Public       ,1458,1284,2742,3028,2357,5385
02550800,NEBRASKA INDIAN COMMUNITY COLLEGE       ,NE,68039-0000,Public       ,3,17,20,3,25,28
02610500,XENON INTERNATIONAL ACADEMY II          ,NE,68127-3522,Proprietary  ,68,33,101,118,52,170
03023300,VATTEROTT COLLEGE                       ,NE,68137-1237,Proprietary  ,0,0,0,4,9,13
03127300,OMAHA SCHOOL OF MASSAGE THERAPY         ,NE,68127-5002,Proprietary  ,22,23,45,36,34,70
03164300,THE CREATIVE CENTER                     ,NE,68164-2911,Proprietary  ,54,7,61,92,14,106
03279300,MYOTHERAPY INSTITUTE                    ,NE,68516-3641,Proprietary  ,9,14,23,27,21,48
03323300,LITTLE PRIEST TRIBAL COLLEGE            ,NE,68071-0000,Private      ,2,12,14,5,14,19
03821400,UNIVERSAL COLLEGE OF HEALING ARTS       ,NE,68112-1810,Proprietary  ,3,12,15,3,21,24
00256800,UNIVERSITY OF NEVADA RENO               ,NV,89557-0002,Public       ,1463,1037,2500,4844,2493,7337
00256900,UNIVERSITY OF NEVADA-LAS VEGAS          ,NV,89154-1001,Public       ,2343,3139,5482,7373,7585,14958
00697700,GREAT BASIN COLLEGE                     ,NV,89801-3348,Public       ,95,212,307,258,365,623
00736700,MARINELLO SCHOOLS OF BEAUTY             ,NV,89110-3563,Proprietary  ,17,105,122,23,115,138
00737100,MARINELLO SCHOOL OF BEAUTY              ,NV,89502-5982,Proprietary  ,1,4,5,1,4,5
00919200,SIERRA NEVADA COLLEGE                   ,NV,89451-0000,Private      ,52,83,135,164,155,319
01036200,COLLEGE OF SOUTHERN NEVADA              ,NV,89146-1139,Public       ,1434,3197,4631,2604,5286,7890
01036300,WESTERN NEVADA COLLEGE                  ,NV,89703-0000,Public       ,192,318,510,352,616,968
01323200,ACADEMY OF HAIR DESIGN                  ,NV,89102-0000,Proprietary  ,27,60,87,35,69,104
02097100,SOUTHERN NEVADA UNIV OF COSMETOLOGY     ,NV,89121-0000,Proprietary  ,0,0,0,5,8,13
02107700,TRUCKEE MEADOWS COMMUNITY CLG           ,NV,89512-0000,Public       ,579,1050,1629,1139,1887,3026
02237500,EVEREST COLLEGE                         ,NV,89103-0000,Proprietary  ,73,240,313,138,318,456
02338509,NEVADA CAREER INSTITUTE                 ,NV,89121-0000,Proprietary  ,26,115,141,40,178,218
02361001,ITT TECHNICAL INSTITUTE                 ,NV,89014-0000,Proprietary  ,72,193,265,88,233,321
02616703,SCOTTSDALE CULINARY INSTITUTE - LE CORDO,NV,89144-7047,Proprietary  ,20,47,67,60,95,155
02621500,CAREER COLLEGE OF NORTHERN NEVADA       ,NV,89434-7905,Proprietary  ,31,130,161,41,203,244
03030603,UTAH CLG OF MASSAGE THERAPY-NSMT        ,NV,89123-0000,Proprietary  ,37,98,135,55,153,208
03031405,INTERNATIONAL ACADEMY OF DESIGN AND TECH,NV,89074-7750,Proprietary  ,55,68,123,76,97,173
03043200,KAPLAN COLLEGE                          ,NV,89102-8618,Proprietary  ,57,192,249,82,265,347
03084600,THE ART INSTITUTE OF LAS VEGAS          ,NV,89074-7737,Proprietary  ,298,316,614,589,663,1252
03088200,CARSON CITY BEAUTY ACADEMY              ,NV,89706-0000,Proprietary  ,8,37,45,10,47,57
03110000,ACADEMY OF HEALING ARTS                 ,NV,89106-4031,Proprietary  ,28,115,143,51,200,251
03232305,COMPUTER-ED INSTITUTE -                 ,NV,89014-6398,Proprietary  ,13,15,28,21,27,48
03232306,EUPHORIA INSTITUTE - SUMMERLIN          ,NV,89117-8803,Proprietary  ,29,56,85,33,64,97
03232307,EUPHORIA INSTITUTE - GREEN VALLEY       ,NV,89052-4964,Proprietary  ,26,55,81,27,63,90
03787300,EXPERTISE SCHOOL OF BEAUTY              ,NV,89106-2516,Private      ,3,27,30,4,35,39
03838500,NORTHWEST HEALTH CAREERS                ,NV,89128-0000,Proprietary  ,7,14,21,18,30,48
03975300,INSTITUTE OF PROFESSIONAL CAREERS       ,NV,89119-7825,Proprietary  ,8,17,25,18,30,48
04065300,UNIVERSITY OF SOUTHERN NEVADA           ,NV,89014-2333,Private      ,19,420,439,82,852,934
04114300,NEVADA STATE COLLEGE                    ,NV,89002-9455,Public       ,132,262,394,338,545,883
00257200,COLBY-SAWYER COLLEGE                    ,NH,03257-4648,Private      ,249,16,265,1469,38,1507
00257300,DARTMOUTH COLLEGE                       ,NH,03755-3529,Private      ,406,530,936,6514,1571,8085
00257500,FRANKLIN PIERCE UNIVERSITY              ,NH,03461-0060,Private      ,346,349,695,2714,587,3301
00257900,NEW ENGLAND COLLEGE                     ,NH,03242-3293,Private      ,207,140,347,1207,272,1479
00258000,SOUTHERN NEW HAMPSHIRE UNIVERSITY       ,NH,03106-1045,Private      ,415,909,1324,3040,1813,4853
00258100,NHTI  - CONCORD'S COMMUNITY COLLEGE     ,NH,03301-7412,Public       ,540,363,903,1317,687,2004
00258200,MANCHESTER COMMUNITY COLLEGE            ,NH,03102-8518,Public       ,251,300,551,467,477,944
00258202,NEW HAMPSHIRE COMMUNITY TECHNICAL COLLEG,NH,03038-0000,Public       ,2,3,5,3,3,6
00258204,HEW HAMPSHIRE COMMUNITY TECHNICAL COLLEG,NH,03803-2807,Public       ,0,0,0,6,7,13
00258300,GREAT BAY COMMUNITY COLLEGE             ,NH,03885-0000,Public       ,154,216,370,342,381,723
00258600,RIVIER COLLEGE                          ,NH,03060-5086,Private      ,161,179,340,1154,495,1649
00258700,SAINT ANSELM COLLEGE                    ,NH,03102-1310,Private      ,428,13,441,3232,38,3270
00258900,UNIVERSITY OF NEW HAMPSHIRE             ,NH,03824-2511,Public       ,730,395,1125,15368,2249,17617
00259000,KEENE STATE COLLEGE                     ,NH,03431-0000,Public       ,774,116,890,5472,415,5887
00259100,PLYMOUTH STATE UNIVERSITY               ,NH,03264-1595,Public       ,508,164,672,5335,594,5929
00301004,ANTIOCH UNIVERSITY                      ,NH,03431-0000,Private      ,1,231,232,2,705,707
00472900,HESSER COLLEGE                          ,NH,03103-7230,Proprietary  ,301,345,646,514,537,1051
00472901,HESSER COLLEGE - NASHUA CAMPUS          ,NH,03063-1286,Proprietary  ,57,174,231,84,253,337
00472904,HESSER COLLEGE - PORTSMOUTH CAMPUS      ,NH,03801-3245,Proprietary  ,45,120,165,79,210,289
00472905,HESSER COLLEGE - SALEM CAMPUS           ,NH,03079-2842,Proprietary  ,76,183,259,115,271,386
00472906,HESSER COLLEGE - CONCORD CAMPUS         ,NH,03301-3415,Proprietary  ,26,121,147,44,183,227
00473000,MCINTOSH COLLEGE INC                    ,NH,03820-3990,Proprietary  ,266,186,452,677,422,1099
00473100,DANIEL WEBSTER COLLEGE                  ,NH,03063-1300,Proprietary  ,152,73,225,1050,152,1202
00473300,CHESTER COLLEGE OF NEW ENGLAND          ,NH,03036-4331,Private      ,56,8,64,229,21,250
00529100,WHITE MOUNTAINS COMMUNITY COLLEGE       ,NH,03570-3799,Public       ,81,129,210,178,281,459
00529101,N.H.COMM TECH COLLEGE - LACONIA         ,NH,03246-0000,Public       ,0,0,0,7,5,12
00702500,LEBANON COLLEGE                         ,NH,03766-0000,Private      ,9,15,24,18,26,44
00755500,LAKES REGION COMMUNITY COLLEGE          ,NH,03246-1326,Public       ,139,128,267,314,230,544
00756000,RIVER VALLEY COMMUNITY COLLEGE          ,NH,03743-9707,Public       ,81,158,239,170,326,496
00849300,CONTINENTAL ACADEMIE OF HAIR DESIGN     ,NH,03103-4901,Proprietary  ,5,0,5,12,2,14
00864500,EMPIRE BEAUTY SCHOOL                    ,NH,03220-0000,Proprietary  ,32,30,62,41,37,78
00923600,NASHUA COMMUNITY COLLEGE                ,NH,03063-2052,Public       ,185,186,371,359,307,666
01318900,CONTINENTAL ACADEMIE OF HAIR DESIGN     ,NH,03051-3754,Proprietary  ,17,6,23,23,6,29
02097900,FRANKLIN PIERCE LAW CENTER              ,NH,03301-0000,Private      ,1,239,240,13,618,631
02140400,ST JOSEPH SCH OF PRAC NRSG              ,NH,03060-0000,Private      ,10,35,45,18,55,73
02174800,MICHAEL'S SCHOOL OF HAIR DESIGN & ESTHET,NH,03110-0000,Proprietary  ,13,10,23,15,11,26
02179600,EMPIRE BEAUTY SCHOOL                    ,NH,03878-0000,Proprietary  ,40,46,86,46,51,97
02211600,PORTSMOUTH BTY SCH OF HAIR DESIGN       ,NH,03801-4084,Proprietary  ,4,5,9,8,7,15
02245400,KEENE BEAUTY ACADEMY                    ,NH,03431-0000,Proprietary  ,11,14,25,14,15,29
02247000,NEW ENGLAND SCHOOL OF HAIR DESIGN       ,NH,03784-0000,Proprietary  ,7,11,18,12,13,25
02300200,CONCORD ACADEMY OF HAIR DESIGN          ,NH,03301-0000,Proprietary  ,3,3,6,7,4,11
03043100,THOMAS MORE COLLEGE OF LIBERAL ARTS     ,NH,03054-4818,Private      ,49,1,50,91,4,95
03101300,GRANITE STATE COLLEGE                   ,NH,03301-6400,Public       ,59,474,533,110,775,885
03182300,NEW HAMPSHIRE INSTITUTE OF ART          ,NH,03104-4858,Private      ,107,15,122,306,36,342
03305300,SECOND START                            ,NH,03301-5706,Private      ,2,6,8,2,6,8
03437300,UPPER VALLEY TEACHER TRANING PROGRAM    ,NH,03766-1358,Private      ,1,16,17,1,23,24
03729300,NH INSTITUTE FOR THERAPEUTIC ARTS       ,NH,03051-4906,Proprietary  ,2,5,7,4,11,15
00267000,BAPTIST BIBLE COLG OF PENNSYLVANIA      ,PA,18411-1297,Private      ,344,63,407,670,96,766
00322800,BRYN ATHYN COLLEGE OF THE NEW CHURCH    ,PA,19009-0717,Private      ,37,1,38,63,3,66
00322900,ALBRIGHT COLLEGE                        ,PA,19612-5234,Private      ,732,338,1070,2831,577,3408
00323000,ALLEGHENY COLLEGE                       ,PA,16335-3902,Private      ,279,21,300,3217,57,3274
00323100,COMM CLG OF ALLEGHENY-ALLEGHENY CMP     ,PA,15212-0000,Public       ,1037,1476,2513,1495,2342,3837
00323101,"COMM CLG OF ALLEGHENY, BOYCE CAMPUS     ",PA,15146-0000,Public       ,627,748,1375,852,1138,1990
00323102,"COMM CLG OF ALLEGHENY, NORTH CAMPUS     ",PA,15237-0000,Public       ,496,391,887,708,578,1286
00323103,"COMM CLG OF ALLEGHENY, SOUTH CAMPUS     ",PA,15122-0000,Public       ,736,797,1533,1036,1256,2292
00323300,ALVERNIA UNIVERSITY                     ,PA,19607-1799,Private      ,550,467,1017,1541,923,2464
00323500,ARCADIA UNIVERSITY                      ,PA,19038-3295,Private      ,711,457,1168,3309,1187,4496
00323700,BRYN MAWR COLLEGE                       ,PA,19010-2899,Private      ,350,146,496,1275,452,1727
00323800,BUCKNELL UNIVERSITY                     ,PA,17837-2122,Private      ,801,38,839,4714,110,4824
00323900,BUCKS COUNTY COMMUNITY COLLEGE          ,PA,18940-1320,Public       ,1162,808,1970,1886,1305,3191
00324000,BUTLER COUNTY COMMUNITY COLLEGE         ,PA,16001-0000,Public       ,668,612,1280,1052,929,1981
00324100,CABRINI COLLEGE                         ,PA,19087-3698,Private      ,774,297,1071,2559,465,3024
00324200,CARNEGIE MELLON UNIVERSITY              ,PA,15213-3890,Private      ,1206,244,1450,7898,686,8584
00324201,CARNEGIE MELLON UNIV- THE HEINZ SCH     ,PA,15213-0000,Private      ,59,92,151,427,389,816
00324202,CARNEGIE MELLON- TEPPER SCHOOL OF BUSINE,PA,15213-0000,Private      ,0,231,231,10,490,500
00324300,CEDAR CREST COLLEGE                     ,PA,18104-6196,Private      ,494,499,993,1249,837,2086
00324400,CHATHAM UNIVERSITY                      ,PA,15232-2826,Private      ,121,276,397,631,885,1516
00324500,CHESTNUT HILL COLLEGE                   ,PA,19118-2693,Private      ,432,492,924,1209,902,2111
00324700,MISERICORDIA  UNIVERSITY                ,PA,18612-1008,Private      ,596,320,916,1665,593,2258
00324900,COMMUNITY COLLEGE OF PHILADELPHIA       ,PA,19130-3991,Public       ,3634,4753,8387,6324,8746,15070
00325100,CURTIS INSTITUTE OF MUSIC               ,PA,19103-6187,Private      ,32,15,47,221,80,301
00325200,DELAWARE VALLEY COLLEGE                 ,PA,18901-2697,Private      ,553,98,651,1997,196,2193
00325300,DICKINSON COLLEGE                       ,PA,17013-2896,Private      ,465,11,476,2868,35,2903
00325400,DICKINSON SCHOOL OF LAW                 ,PA,17013-2899,Private      ,8,240,248,25,1383,1408
00325600,DREXEL UNIVERSITY                       ,PA,19104-2875,Private      ,3847,4158,8005,15221,8520,23741
00325800,DUQUESNE UNIVERSITY                     ,PA,15282-0001,Private      ,2281,1664,3945,6298,3006,9304
00325900,EASTERN UNIVERSITY                      ,PA,19087-3696,Private      ,665,768,1433,1945,1417,3362
00325908,EASTERN BAPTIST THEOLGCL SEMINARY       ,PA,19096-0000,Private      ,0,38,38,1,65,66
00326200,ELIZABETHTOWN COLLEGE                   ,PA,17022-2298,Private      ,417,119,536,2716,232,2948
00326300,EVANGELICAL SCHOOL OF THEOLOGY          ,PA,17067-0000,Private      ,0,44,44,0,73,73
00326500,FRANKLIN & MARSHALL COLLEGE             ,PA,17604-0000,Private      ,363,23,386,2385,46,2431
00326600,GANNON UNIVERSITY                       ,PA,16541-0001,Private      ,579,358,937,3166,952,4118
00326700,GENEVA COLLEGE                          ,PA,15010-3599,Private      ,295,317,612,1681,618,2299
00326800,GETTYSBURG COLLEGE                      ,PA,17325-1486,Private      ,689,21,710,3744,49,3793
00326900,GROVE CITY COLLEGE                      ,PA,16127-0000,Private      ,396,8,404,1739,28,1767
00327000,GWYNEDD-MERCY COLLEGE                   ,PA,19437-0901,Private      ,494,413,907,1464,777,2241
00327200,HARCUM COLLEGE                          ,PA,19010-3476,Private      ,201,357,558,451,582,1033
00327300,HARRISBURG AREA COMMUNITY COLLEGE       ,PA,17110-2999,Public       ,2544,3063,5607,5050,6619,11669
00327400,HAVERFORD COLLEGE                       ,PA,19041-1392,Private      ,244,1,245,1697,14,1711
00327500,HOLY FAMILY UNIVERSITY                  ,PA,19114-2094,Private      ,551,618,1169,1605,1423,3028
00327600,IMMACULATA UNIVERSITY                   ,PA,19345-0647,Private      ,435,508,943,1167,827,1994
00327700,INDIANA UNIVERSITY OF PENNSYLVANIA      ,PA,15705-1097,Public       ,4972,1499,6471,10825,2597,13422
00327900,JUNIATA COLLEGE                         ,PA,16652-2196,Private      ,316,21,337,1877,67,1944
00328000,KEYSTONE COLLEGE                        ,PA,18440-0200,Private      ,746,346,1092,1502,595,2097
00328200,KINGS COLLEGE                           ,PA,18711-0801,Private      ,488,132,620,2543,321,2864
00328300,LACKAWANNA COLLEGE                      ,PA,18509-9961,Private      ,656,321,977,1037,507,1544
00328400,LAFAYETTE COLLEGE                       ,PA,18042-1768,Private      ,309,17,326,3134,41,3175
00328500,LANCASTER BIBLE COLLEGE                 ,PA,17601-5036,Private      ,289,134,423,520,210,730
00328600,LANCASTER THEOLOGICAL SEMINARY          ,PA,17603-0000,Private      ,0,59,59,1,85,86
00328700,LASALLE UNIVERSITY                      ,PA,19141-1199,Private      ,1021,910,1931,4413,1870,6283
00328800,LEBANON VALLEY COLLEGE                  ,PA,17003-1400,Private      ,450,53,503,2339,147,2486
00328900,LEHIGH UNIVERSITY                       ,PA,18015-1588,Private      ,973,189,1162,7062,452,7514
00329000,LINCOLN UNIVERSITY                      ,PA,19352-0999,Public       ,1046,302,1348,2981,731,3712
00329100,LUTHERAN THEOLOG SEMINARY-GETTYSBRG     ,PA,17325-0000,Private      ,0,72,72,0,133,133
00329200,LUTHERAN THEOLOGICAL SEMINARY           ,PA,19119-0000,Private      ,0,91,91,0,168,168
00329300,LYCOMING COLLEGE                        ,PA,17701-5192,Private      ,355,23,378,1876,68,1944
00329400,MANOR COLLEGE                           ,PA,19046-3399,Private      ,223,168,391,421,353,774
00329600,MARYWOOD UNIVERSITY                     ,PA,18509-1598,Private      ,652,631,1283,2159,1233,3392
00329700,MERCYHURST COLLEGE                      ,PA,16546-0001,Private      ,658,362,1020,3932,1035,4967
00329800,MESSIAH COLLEGE                         ,PA,17027-0800,Private      ,346,36,382,3062,103,3165
00330000,MOORE COLLEGE OF ART & DESIGN           ,PA,19103-1179,Private      ,112,50,162,607,154,761
00330100,MORAVIAN COLLEGE                        ,PA,18018-6650,Private      ,343,75,418,1991,162,2153
00330101,MORAVIAN THEOLOGICAL SEMINARY           ,PA,18018-0000,Private      ,2,28,30,10,53,63
00330200,MOUNT ALOYSIUS COLLEGE                  ,PA,16630-1999,Private      ,507,338,845,1130,647,1777
00330300,CARLOW COLLEGE                          ,PA,15213-3165,Private      ,387,564,951,1149,1214,2363
00330400,MUHLENBERG COLLEGE                      ,PA,18104-5586,Private      ,440,64,504,2692,132,2824
00330600,VALLEY FORGE CHRISTIAN COLLEGE          ,PA,19460-2399,Private      ,376,92,468,727,156,883
00330900,PEIRCE COLLEGE                          ,PA,19102-4699,Private      ,116,857,973,196,1485,1681
00331100,PENNSYLVANIA COLLEGE OF OPTOMETRY       ,PA,19027-1598,Private      ,9,217,226,18,774,792
00331300,WIDENER UNIVERSITY                      ,PA,19013-5792,Private      ,823,678,1501,3544,1609,5153
00331302,WIDENER UNIV SCH OF LAW- HARRISBURG     ,PA,17106-9381,Private      ,2,245,247,7,655,662
00331500,BLOOMSBURG UNIVERSITY OF PA             ,PA,17815-1301,Public       ,2747,665,3412,8461,1268,9729
00331600,CALIFORNIA UNIV OF PENNSYLVANIA         ,PA,15419-1394,Public       ,2774,1722,4496,5432,2744,8176
00331700,CHEYNEY UNIVERSITY OF PENNSYLVANIA      ,PA,19319-0200,Public       ,788,262,1050,1770,516,2286
00331800,CLARION UNIVERSITY OF PENNSYLVANIA      ,PA,16214-1232,Public       ,2402,921,3323,4976,1505,6481
00332000,EAST STROUDSBURG UNIVERSITY             ,PA,18301-2999,Public       ,2101,590,2691,6293,1064,7357
00332100,EDINBORO UNIVERSITY OF PENNSYLVANIA     ,PA,16444-0001,Public       ,1499,747,2246,5040,2225,7265
00332200,KUTZTOWN UNIVERSITY OF PENNSYLVANIA     ,PA,19530-9339,Public       ,2413,592,3005,8794,1272,10066
00332300,LOCK HAVEN UNIV OF PENNSYLVANIA         ,PA,17745-2439,Public       ,1120,239,1359,5144,892,6036
00332400,MANSFIELD UNIVERSITY                    ,PA,16933-1123,Public       ,963,393,1356,2578,747,3325
00332500,MILLERSVILLE UNIVERSITY OF PA           ,PA,17551-1800,Public       ,1348,539,1887,7074,1468,8542
00332600,SHIPPENSBURG UNIVERSITY                 ,PA,17257-2299,Public       ,1973,433,2406,6269,952,7221
00332700,SLIPPERY ROCK UNIVERSITY                ,PA,16057-1326,Public       ,3115,864,3979,6883,1455,8338
00332800,WEST CHESTER UNIVERSITY                 ,PA,19383-0001,Public       ,2554,839,3393,11314,2279,13593
00332900,PENN STATE UNIVERSITY                   ,PA,16802-1503,Public       ,18045,5395,23440,57977,11776,69753
00332901,PENN STATE UNIV-HERSHEY MEDCL CTR       ,PA,17033-0000,Public       ,11,346,357,43,1000,1043
00335000,UNIVERSITY OF THE ARTS (THE)            ,PA,19102-9493,Private      ,661,151,812,2761,435,3196
00335100,PHILADELPHIA BIBLICAL UNIVERSITY        ,PA,19047-2942,Private      ,365,193,558,790,305,1095
00335200,PHILADELPHIA CLG OSTEOPATHIC MED        ,PA,19131-0000,Private      ,0,1179,1179,7,2215,2222
00335300,UNIVERSITY OF THE SCIENCES IN PHILADELPH,PA,19104-4495,Private      ,459,252,711,3122,677,3799
00335400,PHILADELPHIA UNIVERSITY                 ,PA,19144-5497,Private      ,976,312,1288,3488,617,4105
00335600,PITTSBURGH THEOLOGICAL SEMINARY         ,PA,15206-0000,Private      ,0,76,76,4,185,189
00335700,POINT PARK UNIVERSITY                   ,PA,15222-1912,Private      ,1022,889,1911,2489,1481,3970
00335800,REFORMED PRESBYTERIAN THEOL SEMINAR     ,PA,15208-0000,Private      ,0,11,11,0,14,14
00335900,ROBERT MORRIS UNIVERSITY                ,PA,15108-1189,Private      ,1436,797,2233,3194,1264,4458
00336000,ROSEMONT COLLEGE                        ,PA,19010-1699,Private      ,143,152,295,372,298,670
00336200,SETON HILL UNIVERSITY                   ,PA,15601-1599,Private      ,633,355,988,1553,601,2154
00336400,ST. CHARLES BORROMEO SEMINARY           ,PA,19096-0000,Private      ,16,20,36,26,21,47
00336600,SAINT FRANCIS UNIVERSITY                ,PA,15940-0600,Private      ,545,239,784,1670,429,2099
00336700,SAINT JOSEPH'S UNIVERSITY               ,PA,19131-1395,Private      ,1022,566,1588,5332,1013,6345
00336800,ST VINCENT COLLEGE                      ,PA,15650-2690,Private      ,652,124,776,1975,229,2204
00336900,SUSQUEHANNA UNIVERSITY                  ,PA,17870-1001,Private      ,310,19,329,2423,56,2479
00337000,SWARTHMORE COLLEGE                      ,PA,19081-1397,Private      ,380,2,382,2547,25,2572
00337100,TEMPLE UNIV - MAIN CAMPUS               ,PA,19122-6003,Private      ,3915,1671,5586,23178,5392,28570
00337101,TEMPLE UNIV - SCHOOL OF LAW             ,PA,19122-0000,Private      ,16,280,296,48,2186,2234
00337102,TEMPLE UNIV - SCHOOL OF MEDICINE        ,PA,19140-0000,Private      ,19,276,295,72,1106,1178
00337103,TEMPLE UNIV - SCHOOL OF DENTISTRY       ,PA,19140-0000,Private      ,4,88,92,13,544,557
00337104,TEMPLE UNIV - AMBLER CAMPUS             ,PA,19002-0000,Private      ,183,135,318,706,467,1173
00337105,TEMPLE UNIV - SCH OF ALLIED HEALTH      ,PA,19140-0000,Private      ,68,125,193,324,352,676
00337106,TEMPLE UNIV - SCHOOL OF PHARMACY        ,PA,19140-0000,Private      ,50,200,250,281,576,857
00337107,TEMPLE UNIV - TYLER SCHOOL OF ART       ,PA,19122-0000,Private      ,110,43,153,713,232,945
00337108,TEMPLE UNIV - GRAD DIV HEALTH SCI       ,PA,19140-0000,Private      ,4,114,118,32,314,346
00337109,TEMPLE UNIV - GRADUATE DIVISION         ,PA,19122-0000,Private      ,23,753,776,112,1984,2096
00337111,TEMPLE UNIV-SCH OF PODIATRIC MED        ,PA,19107-0000,Private      ,2,68,70,13,299,312
00337600,THIEL COLLEGE                           ,PA,16125-2181,Private      ,558,54,612,1390,97,1487
00337800,UNIVERSITY OF PENNSYLVANIA              ,PA,19104-6216,Private      ,2158,2748,4906,11887,8984,20871
00337900,UNIVERSITY OF PITTSBURGH                ,PA,15260-0000,Public       ,5889,3109,8998,21863,7358,29221
00337906,UNIVERSITY OF PITTSBURGH - SCHOOL OF MED,PA,15261-0001,Public       ,13,256,269,36,873,909
00337907,UNIVERSITY OF PITTSBURGH - SCHOOL OF DEN,PA,15261-2523,Public       ,8,182,190,19,344,363
00338400,UNIVERSITY OF SCRANTON                  ,PA,18510-4622,Private      ,1355,632,1987,5714,1043,6757
00338500,URSINUS COLLEGE                         ,PA,19426-2562,Private      ,309,33,342,2739,70,2809
00338600,VALLEY FORGE MILITARY COLLEGE           ,PA,19087-3695,Private      ,58,8,66,139,11,150
00338800,VILLANOVA UNIVERSITY                    ,PA,19085-1699,Private      ,1588,640,2228,9595,1305,10900
00338801,VILLANOVA UNIV SCH OF LAW               ,PA,19085-0000,Private      ,5,296,301,24,1192,1216
00338900,WASHINGTON & JEFFERSON COLLEGE          ,PA,15301-4801,Private      ,442,18,460,2430,38,2468
00339100,WAYNESBURG UNIVERSITY                   ,PA,15370-1222,Private      ,622,261,883,1797,487,2284
00339200,WESTMINSTER COLLEGE                     ,PA,16172-0002,Private      ,575,44,619,1653,78,1731
00339300,WESTMINSTER THEOLOGICAL SEMINARY        ,PA,19038-0000,Private      ,1,90,91,3,232,235
00339400,WILKES UNIVERSITY                       ,PA,18766-0998,Private      ,1004,324,1328,2925,572,3497
00339500,PENNSYLVANIA COLLEGE OF TECHNOLOGY      ,PA,17701-5779,Public       ,2396,929,3325,5018,1681,6699
00339600,WILSON COLLEGE                          ,PA,17201-1285,Private      ,127,139,266,342,265,607
00339900,YORK COLLEGE OF PENNSYLVANIA            ,PA,17405-7199,Private      ,1502,398,1900,5377,756,6133
00398600,DESALES UNIVERSITY                      ,PA,18034-9568,Private      ,541,361,902,1989,682,2671
00398700,LA ROCHE COLLEGE                        ,PA,15237-5898,Private      ,517,202,719,1011,316,1327
00398800,NEUMANN COLLEGE                         ,PA,19014-1298,Private      ,865,344,1209,2412,640,3052
00405800,GRATZ COLLEGE                           ,PA,19027-3097,Private      ,0,36,36,1,52,53
00445200,MONTGOMERY COUNTY COMMUNITY COLLEGE     ,PA,19422-6300,Public       ,1246,1127,2373,2041,1902,3943
00488700,BRANDYWINE SCHOOL OF NURSING            ,PA,19320-1536,Proprietary  ,20,40,60,33,69,102
00488900,CAMBRIA-ROWE BUSINESS COLLEGE           ,PA,15902-2494,Proprietary  ,102,116,218,143,192,335
00489000,CENTRAL PENNSYLVANIA COLLEGE            ,PA,17093-0309,Proprietary  ,262,233,495,872,571,1443
00489300,DU BOIS BUSINESS COLLEGE                ,PA,15801-2401,Proprietary  ,89,103,192,163,191,354
00489400,ERIE BUSINESS CENTER                    ,PA,16501-1305,Proprietary  ,41,184,225,68,283,351
00489401,ERIE BUSINESS CENTER SOUTH              ,PA,16101-0000,Proprietary  ,15,45,60,21,67,88
00489800,MCCANN SCHOOL OF BUSINESS & TECHNOL     ,PA,17901-1335,Proprietary  ,456,791,1247,613,1261,1874
00489900,MERCY HOSP SCH OF NURSING               ,PA,15219-5166,Private      ,41,49,90,80,71,151
00490100,NEWPORT BUSINESS INSTITUTE              ,PA,15068-3929,Proprietary  ,20,25,45,23,42,65
00490200,PENN COMMERCIAL BUSINESS/TECHNICAL SCHL ,PA,15301-2871,Proprietary  ,113,134,247,182,215,397
00491000,KAPLAN CAREER INSTITUTE                 ,PA,17111-3571,Proprietary  ,103,166,269,126,236,362
00491001,THOMPSON INSTITUTE-PHILADEPHIA CAMPUS   ,PA,19104-3386,Proprietary  ,63,203,266,88,258,346
00491400,NEWPORT BUSINESS INSTITUTE              ,PA,17701-5855,Proprietary  ,20,41,61,39,82,121
00500701,WEST VIRGINIA CAREER INSTITUTE          ,PA,15456-0000,Proprietary  ,42,70,112,64,119,183
00531000,PITTSBURGH INST OF AERONAUTICS          ,PA,15236-0000,Private      ,121,68,189,185,85,270
00533000,FAYETTE CNTY AREA VOC TECH PRC NRSG     ,PA,15401-0000,Public       ,8,46,54,15,83,98
00533500,CENTRAL PENN INST OF SCI & TECH PNP     ,PA,16823-0000,Public       ,14,34,48,21,57,78
00534100,UPPER BUCKS CO AREA VOC-TECH SCHOOL     ,PA,18944-0000,Public       ,1,1,2,1,3,4
00536500,YORK CO AREA VOC-TECH SCH-PRAC NSG      ,PA,17402-0000,Public       ,11,43,54,14,57,71
00594200,UPMC PRESBYTERIAN SCH OF RADIOLOGIC     ,PA,15213-2582,Private      ,9,17,26,25,26,51
00594600,SCHOOL OF RADIOLOGIC TECHNOLOGY AT ST. C,PA,19134-1995,Proprietary  ,10,20,30,15,33,48
00653400,CITIZENS SCHOOL OF NURSING              ,PA,15068-6591,Private      ,34,75,109,53,105,158
00653700,CONEMAUGH VLY MEM HOSP SCH NRSNG        ,PA,15905-4398,Private      ,49,65,114,96,112,208
00653702,CONEMAUGH HOSP- SCH HISTOTECHNOLOGY     ,PA,15905-0000,Private      ,3,3,6,5,3,8
00653704,CONEMAUGH VLY MEM HOSP SCH RAD TECH     ,PA,15905-0000,Private      ,12,13,25,27,20,47
00653706,CONEMAUGH VLY MEM HOSP SCH  MED TECH    ,PA,15905-4398,Private      ,5,4,9,8,6,14
00653900,EPISCOPAL HOSPITAL SCHL OF NURSING      ,PA,19125-1000,Private      ,10,67,77,21,180,201
00655100,ST MARGARET SCHL OF NURSING             ,PA,15238-3205,Private      ,34,67,101,61,117,178
00656000,OHIO VALLEY HOSP SCH OF NURSING         ,PA,15136-1694,Private      ,16,16,32,23,33,56
00656500,READING HOSPITAL SCHOOL OF HEALTH SCIENC,PA,19611-1744,Private      ,85,142,227,156,260,416
00657400,"ST LUKE'S HOSPITAL OF BETHLEHEM, PA     ",PA,18015-1065,Private      ,45,69,114,59,120,179
00657600,SEWICKLEY VALLEY HOSP SCH NRSNG         ,PA,15143-1498,Private      ,23,33,56,42,57,99
00657602,HVHS SCHOOL OF RADIOLOGIC TECHNOLOGY    ,PA,15143-0000,Private      ,3,0,3,6,1,7
00657700,UPMC SHADYSIDE SCHOOL OF NURSING        ,PA,15232-1381,Private      ,66,125,191,94,202,296
00657800,SHARON REGIONAL SCHOOL OF NURSING       ,PA,16146-3395,Private      ,7,34,41,14,68,82
00658200,WASHINGTON HOSP SCH OF NURSING          ,PA,15301-3398,Private      ,41,63,104,61,124,185
00658202,WASHINGTON HOSP SCH OF RAD TECH         ,PA,15301-3398,Private      ,8,4,12,15,8,23
00658300,WESTERN PENN HOSP-SCH OF NURSING        ,PA,15224-1790,Private      ,65,74,139,104,119,223
00680700,COMMUNITY COLLEGE OF BEAVER COUNTY      ,PA,15061-2588,Public       ,515,454,969,783,736,1519
00681000,LEHIGH CARBON COMMUNITY COLLEGE         ,PA,18078-2598,Public       ,1148,887,2035,1861,1547,3408
00681100,LUZERNE COUNTY COMMUNITY COLLEGE        ,PA,18634-3899,Public       ,1422,1050,2472,2210,1766,3976
00708700,ABINGTON MEM HOSP SCHL OF NURSING       ,PA,19090-1284,Private      ,43,90,133,80,150,230
00709000,METHODIST HOSPITAL SCH OF NURSING       ,PA,19148-3594,Private      ,4,10,14,7,24,31
00709100,EVEREST INSTITUTE                       ,PA,15222-1320,Proprietary  ,76,392,468,79,408,487
00711000,DELAWARE COUNTY COMMUNITY COLLEGE       ,PA,19063-1094,Public       ,1381,1375,2756,2263,2420,4683
00719100,NORTHAMPTON COMMUNITY COLLEGE           ,PA,18020-7599,Public       ,1499,1023,2522,2998,2196,5194
00739802,KATHERINE GIBBS-PHILADELPHIA            ,PA,19403-2422,Proprietary  ,9,9,18,25,22,47
00743000,ANTONELLI INST OF ART & PHOTOGRAPHY     ,PA,19038-8242,Proprietary  ,115,11,126,212,21,233
00743600,KAPLAN CAREER INSTITUTE - ICM CAMPUS    ,PA,15222-1977,Proprietary  ,188,477,665,268,735,1003
00743700,PITTSBURGH TECHNICAL INSTITUTE          ,PA,15071-3205,Proprietary  ,808,227,1035,2053,614,2667
00746900,"HUSSIAN SCHOOL OF ART, INC.             ",PA,19106-0000,Proprietary  ,56,7,63,102,9,111
00747000,"ART INSTITUTE OF PITTSBURGH, THE        ",PA,15219-1328,Proprietary  ,1999,4315,6314,3755,6109,9864
00752900,CTR ART TCH BRDYWN CMPS PRC NRS PRG     ,PA,19320-2459,Public       ,12,43,55,17,85,102
00775900,LINCOLN TECHNICAL INSTITUTE             ,PA,18104-3298,Proprietary  ,151,201,352,245,280,525
00777900,LANSDALE SCHOOL OF BUSINESS             ,PA,19454-4148,Proprietary  ,37,113,150,44,131,175
00778000,NEW CASTLE SCHOOL OF TRADES             ,PA,16143-9721,Proprietary  ,107,137,244,147,226,373
00778100,CHI INSTITUTE/RETS CAMPUS               ,PA,19008-3516,Proprietary  ,88,205,293,130,349,479
00782600,BEREAN INSTITUTE                        ,PA,19130-1526,Private      ,54,60,114,67,99,166
00783200,LINCOLN TECH INSTITUTE                  ,PA,19136-1595,Proprietary  ,175,128,303,263,206,469
00783900,TRIANGLE TECH                           ,PA,15214-3897,Proprietary  ,159,168,327,180,180,360
00791200,THADDEUS STEVENS CLG OF TECHNOLOGY      ,PA,17602-0000,Public       ,488,98,586,863,201,1064
00791600,FRANKLIN CNTY CAREER & TECH CTR-PNP     ,PA,17201-0000,Public       ,9,12,21,9,18,27
00820000,JAMESON MEMORIAL HOSP SCH NURSING       ,PA,16105-2595,Private      ,20,48,68,39,86,125
00826301,AWARD BEAUTY SCHOOL - CHAMBERSBURG BEAUT,PA,17201-2435,Proprietary  ,0,3,3,0,3,3
00835000,ART INSTITUTE OF PHILADELPHIA           ,PA,19103-5198,Proprietary  ,1560,762,2322,2940,1290,4230
00844100,ANTHEM INSTITUTE                        ,PA,19064-1243,Proprietary  ,125,187,312,209,380,589
00856800,VET TECH INSTITUTE                      ,PA,15222-3400,Proprietary  ,142,61,203,263,94,357
00865300,JEFFERSON CO DUBOIS VOC TECH-PR NSG     ,PA,15851-0000,Public       ,10,36,46,16,54,70
00888900,LEHIGH VALLEY COLLEGE                   ,PA,18034-8447,Proprietary  ,171,119,290,476,397,873
00895500,PRUONTOS HAIR DESIGN INSTITUTE & BEAUTY ,PA,16602-0000,Proprietary  ,8,12,20,11,15,26
00918600,DEAN INSTITUTE OF TECHNOLOGY            ,PA,15226-1197,Proprietary  ,21,36,57,25,46,71
00944900,PENNCO TECH                             ,PA,19007-0000,Proprietary  ,153,177,330,191,208,399
00966400,EMPIRE BEAUTY SCHOOL                    ,PA,18052-5730,Proprietary  ,47,77,124,63,98,161
00966500,EMPIRE BEAUTY SCHOOL                    ,PA,17109-2210,Proprietary  ,32,65,97,46,122,168
00966600,EMPIRE BEAUTY SCHOOL                    ,PA,19605-2803,Proprietary  ,43,65,108,54,97,151
00972100,BRADFORD SCHOOL                         ,PA,15219-2602,Proprietary  ,258,43,301,530,92,622
00972300,FRANKFORD HOSP SCH OF NURSING           ,PA,19124-2696,Private      ,85,124,209,170,223,393
00973700,UPHS PRESBYTERIAN MC SCH PRACTL NRS     ,PA,19104-2692,Private      ,0,0,0,1,2,3
00978300,GORDON PHILLIPS SCH OF BEAUTY CULT      ,PA,19135-0000,Proprietary  ,115,122,237,150,211,361
00986300,LANCASTER GENERAL COLLEGE OF NURSING AND,PA,17602-4955,Private      ,106,167,273,277,369,646
01000600,GREATER JOHNSTOWN AREA VOC TECH SCH     ,PA,15904-0000,Public       ,27,80,107,42,116,158
01005500,CRAWFORD CNTY AREA VO-TECH PRAC NUR     ,PA,16335-0000,Public       ,8,25,33,9,27,36
01017600,WESTMORELAND COUNTY COMMUNITY CLG       ,PA,15697-1895,Public       ,1016,1013,2029,1494,1589,3083
01038800,READING AREA COMMUNITY COLLEGE          ,PA,19603-1706,Public       ,576,871,1447,942,1461,2403
01054100,EMPIRE BEAUTY SCHOOL                    ,PA,15146-2229,Proprietary  ,71,92,163,103,156,259
01054200,EMPIRE BEAUTY SCHOOL                    ,PA,18701-0000,Proprietary  ,78,62,140,117,111,228
01054300,EMPIRE BEAUTY SCHOOL                    ,PA,17701-3914,Proprietary  ,42,51,93,61,79,140
01081400,PITTSBURGH INST MORTUARY SCIENCE        ,PA,15206-3706,Private      ,31,47,78,55,87,142
01086000,GREATER ALTOONA CAREER/TECH CENTER      ,PA,16602-0000,Public       ,28,88,116,38,108,146
01096300,GREENE COUNTY VOC-TECH SCHOOL           ,PA,15370-0000,Public       ,4,17,21,8,28,36
01097000,EMPIRE BEAUTY SCHOOL                    ,PA,17042-5209,Proprietary  ,9,12,21,10,16,26
01099800,PENNSYLVANIA INSTITUTE OF TECH          ,PA,19063-4098,Private      ,192,370,562,247,421,668
01102000,EMPIRE BEAUTY SCHOOL                    ,PA,17604-4335,Proprietary  ,19,31,50,27,57,84
01102100,EMPIRE BEAUTY SCHOOL                    ,PA,17402-2862,Proprietary  ,47,116,163,67,166,233
01162100,AUTOMOTIVE TRAINING CENTER              ,PA,19341-1310,Proprietary  ,261,67,328,412,102,514
01162200,WELDER TRAINING & TESTING INST          ,PA,18109-3253,Proprietary  ,3,9,12,6,12,18
01163800,EMPIRE BEAUTY SCHOOL                    ,PA,17876-0000,Proprietary  ,10,18,28,28,35,63
01171500,POTTSVILLE HOSPITAL SCHOOL OF NURSING   ,PA,17901-3692,Private      ,22,23,45,43,45,88
01191900,BEAVER FALLS BEAUTY ACADEMY             ,PA,15010-4208,Proprietary  ,5,14,19,10,14,24
01205000,ROSEDALE TECHNICAL INSTITUTE            ,PA,15205-9791,Private      ,92,48,140,127,90,217
01239300,THOMAS JEFF UNIV-CLG ALLIED HEALTH      ,PA,19107-0000,Private      ,102,276,378,323,672,995
01239301,JEFFERSON MED CLG-T. JEFFERSON UNIV     ,PA,19107-5587,Private      ,37,365,402,104,1170,1274
01239303,THOMAS JEFFERSON UNIV-GRADUATE COLG     ,PA,19107-0000,Private      ,39,273,312,120,608,728
01246104,LINCOLN TECHNICAL INSTITUTE             ,PA,19104-0202,Proprietary  ,89,200,289,101,216,317
01246105,LINCOLN TECHNICAL INSTITUTE             ,PA,19116-4202,Proprietary  ,62,89,151,85,153,238
01246106,THE CITTONE INSTITUTE                   ,PA,19462-1326,Proprietary  ,36,89,125,54,104,158
01260500,EMPIRE BEAUTY SCHOOL                    ,PA,17331-2405,Proprietary  ,24,21,45,35,28,63
01260600,EMPIRE BEAUTY SCHOOL                    ,PA,17901-2505,Proprietary  ,27,86,113,32,111,143
01260700,EMPIRE BEAUTY SCHOOL                    ,PA,16801-5218,Proprietary  ,5,13,18,12,20,32
01292900,SOUTH HILLS BEAUTY ACADEMY              ,PA,15216-2335,Proprietary  ,6,3,9,10,3,13
01301500,GORDON PHILLIPS SCH BEAUTY CULTURE      ,PA,19102-2701,Proprietary  ,63,123,186,103,225,328
01313400,YESHIVATH BETH MOSHE                    ,PA,18505-2196,Private      ,0,0,0,1,0,1
01321400,ROXBOROUGH MEM HOSP SCH OF NURSING      ,PA,19128-0000,Proprietary  ,26,93,119,47,165,212
01326300,SOUTH HILLS SCH OF BUS & TECHNOLOGY     ,PA,16801-4516,Proprietary  ,279,198,477,404,301,705
01326304,SOUTH HILLS SCHOOL OF BUSINESS & TECHNOL,PA,16602-1188,Proprietary  ,9,16,25,17,22,39
02061000,VENUS BEAUTY ACADEMY                    ,PA,19079-0000,Proprietary  ,25,16,41,33,19,52
02068300,DOUGLAS SCHOOL OF BUSINESS              ,PA,15062-0000,Proprietary  ,100,87,187,161,148,309
02090200,TRIANGLE TECH                           ,PA,16502-0000,Proprietary  ,64,86,150,80,104,184
02092500,LAUREL TECHNICAL INSTITUTE              ,PA,16146-0000,Proprietary  ,14,42,56,17,71,88
02092502,BUSINESS INSTITUTE OF PENNSYLVANIA      ,PA,16335-0000,Proprietary  ,7,61,68,8,62,70
02107300,PENNSYLVANIA ACADEMY OF FINE ARTS       ,PA,19102-1424,Private      ,45,33,78,167,175,342
02112200,GREAT LAKES INSTITUTE OF TECHNOLOGY     ,PA,16509-0000,Proprietary  ,116,185,301,177,242,419
02114200,JOHNSON COLLEGE                         ,PA,18508-0000,Private      ,185,67,252,315,110,425
02116001,SANFORD-BROWN INSTITUTE - TREVOSE       ,PA,19053-4700,Proprietary  ,121,288,409,168,598,766
02118000,LEVITTOWN BEAUTY ACADEMY LLC            ,PA,19054-1713,Proprietary  ,9,8,17,11,9,20
02119300,PA ACAD OF COSMETOLOGY ARTS & SCI       ,PA,15904-0000,Proprietary  ,16,16,32,22,21,43
02119301,PA ACAD OF COSMTLGY ARTS & SCI          ,PA,15801-0000,Proprietary  ,2,1,3,5,1,6
02120800,"YORKTOWNE BUSINESS INSTITUTE, INC.      ",PA,17404-0000,Proprietary  ,48,112,160,58,144,202
02127400,YORK TECHNICAL INSTITUTE                ,PA,17402-0000,Proprietary  ,580,414,994,844,675,1519
02129000,TRIANGLE TECH                           ,PA,15601-0000,Proprietary  ,182,159,341,228,204,432
02129001,TRIANGLE TECH - BUSINESS CAREERS INSTITU,PA,15601-3304,Proprietary  ,2,4,6,4,5,9
02144000,"VISION ACADEMY, THE                     ",PA,18103-0000,Proprietary  ,13,19,32,18,22,40
02147800,SCHUYLKILL INST BUSINESS & TECHNLGY     ,PA,17901-0000,Proprietary  ,9,6,15,14,19,33
02149000,EMPIRE BEAUTY SCHOOL                    ,PA,19341-2804,Proprietary  ,47,52,99,59,74,133
02151500,CENTRAL SUSQUEHANNA LPN CENTER          ,PA,17847-0000,Public       ,18,54,72,32,114,146
02153500,OAKBRIDGE ACADEMY OF ARTS               ,PA,15068-0000,Proprietary  ,25,8,33,38,8,46
02158300,JUNIATA-MIFFLIN CO AREA VOC TECH        ,PA,17044-0000,Public       ,10,16,26,18,30,48
02161400,NORTHEASTERN HOSP SCH OF NRSG           ,PA,19134-0000,Private      ,28,45,73,45,100,145
02169600,CLEARFIELD CTY CAREER AND TECH CNTR     ,PA,16830-0000,Public       ,6,30,36,15,57,72
02174400,TRIANGLE TECH                           ,PA,15801-0000,Proprietary  ,178,85,263,250,130,380
02178900,ACADEMY OF HAIR DESIGN                  ,PA,18202-1465,Proprietary  ,1,7,8,2,8,10
02183000,ORLEANS TECHNICAL INSTITUTE             ,PA,19111-0000,Private      ,51,167,218,62,197,259
02192800,WALNUT HILL COLLEGE                     ,PA,19104-0000,Proprietary  ,193,82,275,400,157,557
02202300,SANFORD-BROWN INSTITUTE                 ,PA,15219-1907,Proprietary  ,146,252,398,243,510,753
02202301,SANFORD-BROWN INSTITUTE                 ,PA,15146-2141,Proprietary  ,119,192,311,177,331,508
02203900,ERIE INSTITUTE OF TECHNOLOGY            ,PA,16565-1002,Proprietary  ,65,60,125,88,91,179
02206200,AMBLER BEAUTY ACADEMY                   ,PA,19002-0000,Proprietary  ,1,4,5,4,6,10
02206300,STROUDSBURG SCHOOL OF COSMETOLOGY       ,PA,18360-0000,Proprietary  ,4,5,9,10,8,18
02212700,LANCASTER SCHOOL OF COSMETOLOGY         ,PA,17602-0000,Proprietary  ,16,32,48,21,39,60
02213400,PROFESSIONAL SKILLS CAREER ACADEMY      ,PA,16148-0000,Proprietary  ,7,4,11,10,6,16
02234200,ACADEMY OF MEDICAL ARTS & BUSINESS      ,PA,17112-0000,Proprietary  ,65,133,198,73,145,218
02251200,SCHUYLKILL COUNTY AREA VOC TECH SCH     ,PA,17931-0000,Public       ,18,65,83,29,96,125
02251202,SCHUYLKILL COUNTY AREA VOC TECH SCH     ,PA,17931-0000,Public       ,9,15,24,12,16,28
02253900,BERKS TECHNICAL INSTITUTE               ,PA,19610-0000,Proprietary  ,196,157,353,366,397,763
02255200,PENNSYLVANIA SCHOOL OF BUSINESS         ,PA,18101-1604,Proprietary  ,67,209,276,78,260,338
02269900,PENNSYLVANIA COLLEGE OF ART & DESIGN    ,PA,17603-3528,Private      ,129,27,156,267,42,309
02270500,BUCKS COUNTY SCHOOL OF BEAUTY CULT      ,PA,19053-0000,Proprietary  ,7,9,16,8,13,21
02273400,RECONSTRUCTIONIST RABBINICAL COLLEG     ,PA,19095-0000,Private      ,0,12,12,0,16,16
02276600,HANOVER PUBLIC SCH DIST PRAC NURSG      ,PA,17331-0000,Public       ,6,21,27,9,29,38
02282500,LENAPE SCHOOL OF PRACTICAL NURSING      ,PA,16226-0000,Public       ,17,35,52,25,107,132
02288800,EMPIRE BEAUTY SCHOOL                    ,PA,18974-4508,Proprietary  ,16,15,31,16,18,34
02289500,PACE INSTITUTE                          ,PA,19601-0000,Proprietary  ,25,116,141,28,131,159
02289600,CONSOLIDATED SCHOOL OF BUSINESS         ,PA,17404-0000,Proprietary  ,36,47,83,48,74,122
02289700,ACADEMY OF CREATIVE HAIR DESIGN         ,PA,18702-0000,Proprietary  ,15,12,27,19,17,36
02289800,CHI INSTITUTE - FRANKLIN MILLS          ,PA,19154-0000,Proprietary  ,129,267,396,154,375,529
02290400,"ALTOONA BEAUTY SCHOOL, INC              ",PA,16602-0000,Proprietary  ,12,14,26,15,18,33
02292700,LANSDALE SCHOOL OF COSMETOLOGY          ,PA,19446-0000,Proprietary  ,8,4,12,12,6,18
02299300,TRINITY EPISCOPAL SCHOOL MINISTRY       ,PA,15003-0000,Private      ,0,20,20,1,29,30
02301300,PJA SCHOOL (THE)                        ,PA,19082-1917,Proprietary  ,37,151,188,46,202,248
02304400,YTI CAREER INSTITUTE - MECHANICSBURG    ,PA,17055-0000,Proprietary  ,62,82,144,91,155,246
02306200,VENANGO COUNTY AREA VOC TECH SCHOOL     ,PA,16301-0000,Public       ,3,18,21,4,27,31
02310800,LANCASTER COUNTY CAREER & TECH CTR      ,PA,17584-0000,Public       ,40,110,150,52,176,228
02330300,LEBANON CO CAREER & TECHNOLOGY CTR      ,PA,17042-0000,Public       ,23,62,85,26,83,109
02330600,PENNSYLVANIA GUNSMITH SCHOOL            ,PA,15202-0000,Proprietary  ,11,8,19,18,19,37
02350100,WESTERN AREA CAREER & TECHNOLOGY CT     ,PA,15317-0000,Public       ,9,46,55,10,59,69
02350200,INDIANA COUNTY TECH CTR SCH PR NSG      ,PA,15701-1465,Public       ,7,14,21,11,21,32
02353100,NORTHERN TIER CAREER CENTER             ,PA,18848-0000,Public       ,10,24,34,14,39,53
02361002,ITT TECHNICAL INSTITUTE                 ,PA,19406-0000,Proprietary  ,174,216,390,220,240,460
02362300,MERCER COUNTY AREA VOC TECH SCHOOL      ,PA,16137-0000,Public       ,4,36,40,10,46,56
02492500,DELAWARE VLY ACAD MED DNTL ASSTS        ,PA,19114-0000,Proprietary  ,13,52,65,17,67,84
02492600,EASTERN CTR ARTS AND TECH PR NSG        ,PA,19090-0000,Public       ,6,58,64,8,78,86
02495500,ALL-STATE CAREER SCHOOL                 ,PA,19029-0000,Proprietary  ,66,240,306,73,266,339
02529800,WILKES BARRE AREA CAREER AND TECHNICAL C,PA,18705-0000,Public       ,16,57,73,25,84,109
02536600,COMMONWEALTH TECH INSTIT @ HIRAM G      ,PA,15905-0000,Public       ,109,57,166,158,97,255
02539900,STAR TECHNICAL INSTITUTE                ,PA,19082-0000,Proprietary  ,11,41,52,22,99,121
02544300,BUTLER BEAUTY SCHOOL                    ,PA,16001-0000,Proprietary  ,17,22,39,20,36,56
02545000,LAWRENCE COUNTY CAREER AND TECHNICAL CEN,PA,16101-0000,Public       ,9,27,36,11,33,44
02546200,LAUREL BUSINESS INSTITUTE               ,PA,15401-0877,Proprietary  ,102,139,241,145,211,356
02550000,CLARION CO AREA VOC-TECH PRAC NRSG      ,PA,16254-0000,Public       ,4,13,17,7,18,25
02554500,HAZLETON AREA CAREER CENTER PRACTICAL NU,PA,18201-0000,Public       ,7,21,28,10,30,40
02557800,ART INSTITUTE OF YORK (THE) - PENNSYLVAN,PA,17402-9012,Proprietary  ,281,100,381,531,156,687
02558701,PRISM CAREER INSTITUTE - PHL CAMPUS     ,PA,19152-0000,Proprietary  ,0,0,0,0,1,1
02566400,ALBERT EINSTEIN MED CTR DEPT DNTL       ,PA,19141-3098,Private      ,0,4,4,0,7,7
02574800,PENNSYLVANIA INSTITUTE OF TAXIDERMY     ,PA,15931-0000,Proprietary  ,3,10,13,7,14,21
02609500,CAREER TRAINING ACADEMY                 ,PA,15068-6308,Proprietary  ,28,74,102,40,119,159
02609501,CAREER TRAINING ACADEMY                 ,PA,15146-0000,Proprietary  ,2,8,10,3,13,16
02615400,STAR TECHNICAL INSTITUTE                ,PA,19114-2204,Proprietary  ,37,139,176,60,240,300
02616100,JEAN MADELINE ED CTR FOR COSM           ,PA,19147-1542,Proprietary  ,154,71,225,224,139,363
03006800,PENNSYLVANIA CULINARY INSTITUTE         ,PA,15222-3511,Proprietary  ,499,496,995,917,770,1687
03010800,TRI-STATE BUSINESS INSTITUTE            ,PA,16506-1013,Proprietary  ,194,487,681,371,1155,1526
03011500,ALLIED MEDICAL AND TECHNICAL INSTITUTE  ,PA,18702-0000,Proprietary  ,77,78,155,87,100,187
03011600,ALLIED MEDICAL AND TECHNICAL INSTITUTE  ,PA,18509-2903,Proprietary  ,72,90,162,90,108,198
03029900,CONSOLIDATED SCHOOL OF BUSINESS         ,PA,17603-2389,Proprietary  ,43,77,120,58,115,173
03031600,DPT BUSINESS SCHOOL                     ,PA,19116-3961,Proprietary  ,25,248,273,27,253,280
03031601,DPT BUSINESS SCHOOL                     ,PA,19106-0000,Proprietary  ,26,149,175,27,152,179
03067000,ANTONELLI MEDICAL & PROF INST           ,PA,19464-9244,Proprietary  ,5,5,10,5,8,13
03072400,ALL-STATE CAREER SCHOOL                 ,PA,15122-1000,Proprietary  ,4,48,52,4,49,53
03072600,DCI CAREER INSTITUTE                    ,PA,15061-2307,Proprietary  ,7,44,51,8,64,72
03081900,YTI CAREER INSTITUTE - ALTOONA          ,PA,16602-4457,Proprietary  ,50,112,162,59,150,209
03085200,HARRISON CAREER INSTITUTE               ,PA,19103-5402,Proprietary  ,0,0,0,0,3,3
03090800,LAKE ERIE COLL OF OSTEOPATHIC MED       ,PA,16509-0000,Private      ,42,973,1015,151,2294,2445
03098600,CAREER TECH CTR OF LACKAWANNA CNTY      ,PA,18508-0000,Public       ,7,50,57,12,65,77
03101500,BIDWELL TRAINING CENTER                 ,PA,15233-2233,Private      ,6,7,13,7,12,19
03103300,JNA INSTITUTE OF CULINARY ARTS          ,PA,19146-3119,Proprietary  ,12,34,46,24,47,71
03109100,METROPOLITAN CAREER CENTER              ,PA,19144-0000,Private      ,15,72,87,18,76,94
03110700,AVIATION INSTITUTE OF MAINTENANCE       ,PA,19114-1017,Proprietary  ,44,138,182,50,152,202
03120400,REGIONAL CAREER & TECHNICAL CENTER      ,PA,16509-4699,Public       ,2,2,4,2,5,7
03126000,CENTER FOR INNOVATIVE TRAINING & ED     ,PA,19106-4414,Proprietary  ,1,1,2,1,1,2
03128400,DELAWARE COUNTY TECHNICAL SCHOOL        ,PA,19032-1998,Public       ,7,58,65,10,95,105
03128800,GECAC TRAINING INSTITUTE                ,PA,16502-1137,Private      ,2,13,15,3,14,17
03180400,PENNSYLVANIA HIGHLANDS COMMUNITY COLLEGE,PA,15904-2927,Public       ,250,214,464,389,364,753
03236400,LT INTERNATIONAL BEAUTY SCHOOL          ,PA,19130-2235,Proprietary  ,3,4,7,3,6,9
03353300,ACADEMY OF VOCAL ARTS                   ,PA,19103-6685,Private      ,1,8,9,3,17,20
03439400,NAWCC SCHOOL OF HOROLOGY                ,PA,17512-2130,Private      ,0,0,0,0,1,1
03471400,NORTH CENTRAL INDUSTRIAL TECHNICAL      ,PA,15853-9708,Private      ,2,1,3,3,4,7
03503300,WINNER INSTITUTE OF ARTS & SCIENCES     ,PA,16154-1811,Private      ,10,18,28,17,22,39
03535300,HUNTINGDON COUNTY CAREER AND TECHNO     ,PA,17060-0905,Public       ,3,6,9,4,18,22
03561400,SUSQUEHANNA COUNTY CAREER & TECHNOL     ,PA,18816-0100,Public       ,1,2,3,7,5,12
03766300,PENNSYLVANIA SCHOOL OF MUSCLE THERAPY   ,PA,19406-3101,Proprietary  ,9,20,29,13,27,40
03899300,CALVARY BAPTIST THEOLOGICAL SEMINARY    ,PA,19446-4718,Private      ,0,1,1,0,4,4
03923300,PRECISION MANUFACTURING INSTITUTE       ,PA,16335-8380,Private      ,4,8,12,8,18,26
03948300,HARRISBURG UNIVERSITY OF SCIENCE AND TEC,PA,17101-2116,Private      ,51,55,106,123,79,202
03949300,WON INSTITUTE OF GRADUATE STUDIES       ,PA,19038-4535,Private      ,0,10,10,0,16,16
03950500,NORTHWEST REGIONAL TECHNOLOGY INSTITUTE ,PA,16508-2820,Proprietary  ,2,9,11,3,9,12
03952300,NATIONAL MASSAGE THERAPY INSTITUTE      ,PA,19116-3965,Proprietary  ,15,63,78,22,67,89
04119900,PENNSYLVANIA MYOTHERAPY INSTITUTE       ,PA,17350-8426,Proprietary  ,4,5,9,4,5,9
00267813,BRYANT & STRATTON COLLEGE - MIL DOWNTOWN,WI,53203-2608,Proprietary  ,164,492,656,236,872,1108
00383200,ALVERNO COLLEGE                         ,WI,53234-3922,Private      ,395,573,968,1145,1449,2594
00383500,BELOIT COLLEGE                          ,WI,53511-5595,Private      ,229,26,255,1672,79,1751
00383700,CARDINAL STRITCH UNIVERSITY             ,WI,53217-9884,Private      ,319,1318,1637,689,2110,2799
00383800,CARROLL UNIVERSITY                      ,WI,53186-5593,Private      ,691,186,877,2732,521,3253
00383900,CARTHAGE COLLEGE                        ,WI,53141-0000,Private      ,694,132,826,3104,296,3400
00384000,WESTERN TECHNICAL COLLEGE               ,WI,54601-0908,Public       ,556,739,1295,944,1091,2035
00384200,CONCORDIA UNIVERSITY WISCONSIN          ,WI,53097-2402,Private      ,592,789,1381,1739,1374,3113
00384800,EDGEWOOD COLLEGE                        ,WI,53711-1958,Private      ,310,274,584,1247,666,1913
00385000,SILVER LAKE COLLEGE                     ,WI,54220-9319,Private      ,56,132,188,130,259,389
00385400,LAKELAND COLLEGE                        ,WI,53082-0000,Private      ,314,532,846,960,873,1833
00385600,LAWRENCE UNIVERSITY                     ,WI,54912-0599,Private      ,302,14,316,1914,43,1957
00386100,MARIAN UNIVERSITY                       ,WI,54935-4699,Private      ,235,261,496,1043,720,1763
00386300,MARQUETTE UNIVERSITY                    ,WI,53201-0000,Private      ,579,741,1320,9218,2919,12137
00386600,MILWAUKEE AREA TECH COLLEGE             ,WI,53233-1443,Public       ,1393,3297,4690,2462,5960,8422
00386800,MILWAUKEE SCHOOL OF ENGINEERING         ,WI,53202-3109,Private      ,284,127,411,2160,388,2548
00386900,MOUNT MARY COLLEGE                      ,WI,53222-4597,Private      ,230,382,612,617,816,1433
00387400,NASHOTAH HOUSE                          ,WI,53058-0000,Private      ,0,8,8,0,20,20
00387500,NORTHLAND COLLEGE                       ,WI,54806-3999,Private      ,167,41,208,813,115,928
00388400,RIPON COLLEGE                           ,WI,54971-0248,Private      ,234,15,249,1076,33,1109
00389200,ST. NORBERT COLLEGE                     ,WI,54115-2002,Private      ,421,33,454,1932,73,2005
00389500,UNIVERSITY OF WISCONSIN-MADISON         ,WI,53715-1382,Public       ,4836,3031,7867,16978,8253,25231
00389600,UNIVERSITY OF WISCONSIN-MILWAUKEE       ,WI,53201-3165,Public       ,4130,2762,6892,12491,6570,19061
00389700,UNIVERSITY OF WISCONSIN COLLEGES        ,WI,53708-8680,Public       ,353,338,691,861,631,1492
00389701,UNIVERSITY OF WISCONSIN-BARABOO         ,WI,53913-1098,Public       ,90,48,138,186,73,259
00389702,UNIVERSITY OF WISCONSIN-BARRON          ,WI,54868-2497,Public       ,92,40,132,170,71,241
00389703,UNIVERSITY OF WISCONSIN-FOND DU LAC     ,WI,54935-2998,Public       ,134,58,192,259,120,379
00389704,UNIVERSITY OF WISCONSIN-FOX VALLEY      ,WI,54952-1297,Public       ,254,126,380,572,257,829
00389705,UNIVERSITY OF WISCONSIN-MANITOWOC       ,WI,54220-6699,Public       ,97,42,139,205,75,280
00389706,UNIVERSITY OF WISCONSIN-MARATHON        ,WI,54401-5396,Public       ,249,102,351,461,161,622
00389707,UNIVERSITY OF WISCONSIN-MARINETTE       ,WI,54143-4299,Public       ,65,37,102,174,64,238
00389708,UNIVERSITY OF WISCONSIN-MARSHFIELD      ,WI,54449-3310,Public       ,108,41,149,222,76,298
00389709,UNIVERSITY OF WISCONSIN-RICHLAND        ,WI,53581-1399,Public       ,91,29,120,181,44,225
00389710,UNIVERSITY OF WISCONSIN COLLEGES - ROCK ,WI,53546-5699,Public       ,152,115,267,274,184,458
00389711,UNIVERSITY OF WISCONSIN-SHEBOYGAN       ,WI,53081-4789,Public       ,110,58,168,220,95,315
00389712,UNIVERSITY OF WISCONSIN-WASHINGTON      ,WI,53095-3699,Public       ,134,50,184,255,97,352
00389713,UNIVERSITY OF WISCONSIN-WAUKESHA        ,WI,53188-2799,Public       ,282,113,395,572,213,785
00389900,UNIVERSITY OF WISCONSIN-GREEN BAY       ,WI,54311-7001,Public       ,1219,495,1714,3257,1023,4280
00391100,VITERBO UNIVERSITY                      ,WI,54601-4777,Private      ,194,216,410,1339,607,1946
00391500,UNIVERSITY OF WISCONSIN-STOUT           ,WI,54751-0790,Public       ,1674,659,2333,4264,1119,5383
00391700,UNIVERSITY OF WISCONSIN-EAU CLAIRE      ,WI,54702-4004,Public       ,2336,569,2905,6197,1036,7233
00391900,UNIVERSITY OF WISCONSIN-LA CROSSE       ,WI,54601-3742,Public       ,1466,525,1991,5616,1186,6802
00392000,UNIVERSITY OF WISCONSIN-OSHKOSH         ,WI,54901-8604,Public       ,1497,660,2157,5488,1921,7409
00392100,UNIVERSITY OF WISCONSIN-PLATTEVILLE     ,WI,53818-3099,Public       ,1310,427,1737,3879,881,4760
00392300,UNIVERSITY OF WISCONSIN-RIVER FALLS     ,WI,54022-5013,Public       ,1405,345,1750,3314,628,3942
00392400,UNIVERSITY OF WISCONSIN-STEVENS POINT   ,WI,54481-3871,Public       ,2124,639,2763,5136,1114,6250
00392500,UNIVERSITY OF WISCONSIN-SUPERIOR        ,WI,54880-2898,Public       ,546,413,959,1144,741,1885
00392600,UNIVERSITY OF WISCONSIN-WHITEWATER      ,WI,53190-1792,Public       ,1626,538,2164,5672,1347,7019
00400700,MADISON AREA TECHNICAL COLLEGE          ,WI,53704-2599,Public       ,1271,1625,2896,2220,2600,4820
00501500,UNIVERSITY OF WISCONSIN-PARKSIDE        ,WI,53141-2000,Public       ,928,589,1517,2122,1088,3210
00529400,WAUKESHA COUNTY TECHNICAL COLLEGE       ,WI,53072-4696,Public       ,409,601,1010,660,916,1576
00530100,NORTHEAST WISCONSIN TECHNICAL COLLEGE   ,WI,54307-9042,Public       ,676,1135,1811,1181,1965,3146
00530400,CHIPPEWA VALLEY TECHNICAL COLLEGE       ,WI,54701-6162,Public       ,794,1053,1847,1233,1751,2984
00538000,MID-STATE TECHNICAL COLLEGE             ,WI,54494-5512,Public       ,289,494,783,423,698,1121
00538400,NICOLET AREA TECHNICAL COLLEGE          ,WI,54501-0000,Public       ,155,196,351,254,350,604
00538700,NORTHCENTRAL TECHNICAL COLLEGE          ,WI,54401-1899,Public       ,293,583,876,457,909,1366
00538900,GATEWAY TECHNICAL COLLEGE               ,WI,53144-1690,Public       ,483,1488,1971,786,2633,3419
00539000,BLACKHAWK TECHNICAL COLLEGE             ,WI,53547-5009,Public       ,265,571,836,412,938,1350
00610800,BELLIN HOSP SCH OF RAD TECH             ,WI,54305-3505,Private      ,0,3,3,11,5,16
00611500,MERCY MED CTR SCH OF RAD TECH           ,WI,54904-3370,Private      ,1,1,2,4,3,7
00612601,ST LUKE'S MEDCL CTR SCHL RAD TECH       ,WI,53215-4330,Private      ,0,6,6,0,14,14
00612603,ST LUKE'S MED CTR SCH OF SONOGRAPHY     ,WI,53215-0000,Private      ,1,2,3,1,5,6
00613100,THEDA CLARK REG MED CTR SCH RAD TEC     ,WI,54957-0000,Private      ,1,1,2,1,4,5
00663900,BELLIN COLLEGE                          ,WI,54305-0000,Private      ,55,57,112,190,118,308
00766900,SOUTHWEST WISCONSIN TECH COLLEGE        ,WI,53809-0000,Public       ,259,267,526,443,428,871
00777400,SCIENTIFIC COLLEGE OF BEAUTY/BARBER     ,WI,54601-0000,Proprietary  ,7,16,23,8,23,31
00821700,WISCONSIN COLLEGE OF COSMETOLOGY        ,WI,54304-0000,Proprietary  ,22,13,35,37,21,58
00919400,LAKESHORE TECHNICAL COLLEGE             ,WI,53015-1412,Public       ,172,448,620,293,734,1027
00925600,MORAINE PARK TECHNICAL COLLEGE          ,WI,54936-0000,Public       ,318,606,924,511,1111,1622
00941900,STATE CLG OF BEAUTY CULT-WAUSAU         ,WI,54403-4667,Proprietary  ,22,11,33,28,12,40
00962100,HERZING COLLEGE                         ,WI,53718-4236,Proprietary  ,242,785,1027,360,1275,1635
00974400,FOX VALLEY TECHNICAL COLLEGE            ,WI,54913-0000,Public       ,677,982,1659,1272,1705,2977
01091300,MADISON MEDIA INSTITUTE                 ,WI,53718-6787,Proprietary  ,112,65,177,190,101,291
01148400,ADVANCED INSTITUTE OF HAIR DESIGN       ,WI,53225-0000,Proprietary  ,41,26,67,60,43,103
01182400,WISCONSIN INDIANHEAD TECH CLG WITC      ,WI,54871-9300,Public       ,324,638,962,547,991,1538
01290600,MADISON COSMETOLOGY COLLEGE             ,WI,53711-1030,Proprietary  ,14,21,35,27,36,63
02077100,MILWAUKEE INST OF ART & DESIGN          ,WI,53202-0000,Private      ,104,27,131,580,96,676
02078000,SACRED HEART SCHOOL OF THEOLOGY         ,WI,53130-0000,Private      ,0,3,3,0,8,8
02136600,WISCONSIN LUTHERAN COLLEGE              ,WI,53226-0000,Private      ,199,27,226,689,54,743
02201803,KAPLAN COLLEGE - MILWAUKEE              ,WI,53212-3939,Proprietary  ,57,219,276,88,400,488
02271300,WI SCH OF PROFESSIONAL PSYCHOLOGY       ,WI,53225-0000,Private      ,1,52,53,1,59,60
02317200,MARANATHA BAPTIST BIBLE COLLEGE         ,WI,53094-0000,Private      ,237,26,263,473,48,521
02324700,EMPIRE BEAUTY SCHOOL                    ,WI,53717-0000,Proprietary  ,22,40,62,38,71,109
02332100,EMPIRE BEAUTY SCHOOL                    ,WI,54220-0000,Proprietary  ,29,40,69,37,71,108
02453500,MEDICAL COLLEGE OF WISCONSIN            ,WI,53226-0000,Private      ,1,151,152,7,1068,1075
02494300,GILL-TECH ACADEMY OF HAIR DESIGN        ,WI,54911-0000,Proprietary  ,30,15,45,43,22,65
02532200,LAC COURTE OREILLES OJIBWA CMTY CLG     ,WI,54843-0000,Public       ,16,92,108,20,110,130
03007400,LAKESIDE SCHOOL OF MASSAGE THERAPY      ,WI,53719-1103,Private      ,12,34,46,21,52,73
03061200,MIDWEST COLLEGE OF ORIENTAL MEDICINE    ,WI,53403-9747,Proprietary  ,3,77,80,5,84,89
03077600,EMPIRE BEAUTY SCHOOL                    ,WI,54304-4838,Proprietary  ,54,77,131,80,138,218
03087500,ITT TECHNICAL INSTITUTE                 ,WI,53220-4612,Proprietary  ,298,503,801,379,598,977
03125100,COLLEGE OF MENOMINEE NATION             ,WI,54135-0000,Private      ,30,149,179,50,212,262
03125102,COLLEGE OF  THE MENOMINEE NATION - GREEN,WI,54304-4964,Private      ,2,6,8,2,15,17
03220300,"SALON PROFESSIONAL ACADEMY, THE         ",WI,54701-7633,Proprietary  ,28,22,50,40,36,76
03309300,MONTESSORI INSTITUTE OF MILWAUKEE       ,WI,53207-0000,Private      ,0,7,7,0,8,8
03808300,INSTITUTE OF BEAUTY AND WELLNESS (THE)  ,WI,53202-5715,Proprietary  ,3,17,20,3,17,20
03822300,FOUR SEASONS SALON AND COSMETOLOGY SCHOO,WI,53566-0000,Proprietary  ,3,2,5,3,6,9
03872500,NORTHLAND INTERNATIONAL UNIVERSITY      ,WI,54119-9285,Private      ,124,12,136,245,16,261
03925300,BLUE SKY SCHOOL OF PROFESSIONAL MASSAGE ,WI,53024-9699,Private      ,11,26,37,22,55,77
04117400,MILWAUKEE CAREER COLLEGE                ,WI,53222-4305,Proprietary  ,17,89,106,17,89,106
04118600,ACADEMY OF COSMETOLOGY                  ,WI,53548-3307,Proprietary  ,2,5,7,2,5,7
00290500,NORTH CAROLINA A&T STATE UNIV           ,NC,27411-0001,Public       ,2586,1092,3678,10655,2903,13558
00290600,APPALACHIAN STATE UNIVERSITY            ,NC,28608-2059,Public       ,1881,665,2546,10283,2217,12500
00290700,UNIVERSITY OF NC AT ASHEVILLE           ,NC,28804-3299,Public       ,578,311,889,2307,801,3108
00290800,BARTON COLLEGE                          ,NC,27893-3104,Private      ,312,200,512,948,408,1356
00291000,BELMONT ABBEY COLLEGE                   ,NC,28012-1802,Private      ,254,314,568,791,561,1352
00291100,BENNETT COLLEGE                         ,NC,27401-3239,Private      ,193,39,232,899,182,1081
00291200,BREVARD COLLEGE                         ,NC,28712-3306,Private      ,238,43,281,720,83,803
00291300,CAMPBELL UNIVERSITY                     ,NC,27506-0036,Private      ,686,742,1428,3253,2076,5329
00291400,CATAWBA COLLEGE                         ,NC,28144-2488,Private      ,277,132,409,1145,335,1480
00291500,CENTRAL PIEDMONT COMMUNITY COLLEGE      ,NC,28204-2297,Public       ,1357,2701,4058,2802,4898,7700
00291600,CHOWAN UNIVERSITY                       ,NC,27855-1850,Private      ,311,45,356,1243,139,1382
00291700,COLLEGE OF THE ALBEMARLE                ,NC,27909-2327,Public       ,135,271,406,314,657,971
00291800,DAVIDSON COLLEGE                        ,NC,28035-7157,Private      ,298,11,309,1888,32,1920
00291900,DAVIDSON COUNTY COMMUNITY COLLEGE       ,NC,27293-0000,Public       ,174,518,692,485,1287,1772
00292000,DUKE UNIVERSITY                         ,NC,27708-0397,Private      ,1377,245,1622,9247,813,10060
00292001,DUKE UNIV - SCHOOL OF MEDICINE          ,NC,27710-0000,Private      ,11,333,344,53,935,988
00292002,DUKE UNIV - SCHOOL OF LAW               ,NC,27708-0000,Private      ,5,195,200,24,2042,2066
00292003,DUKE UNIV - GRAD SCH ARTS & SCIENCE     ,NC,27708-0000,Private      ,7,176,183,33,524,557
00292004,DUKE UNIV - FUQUA SCH OF BUSINESS       ,NC,27708-0000,Private      ,5,408,413,27,962,989
00292005,DUKE UNIV/NICHOLAS SCH OF ENVIRON.      ,NC,27708-0000,Private      ,2,65,67,10,254,264
00292006,DUKE UNIV - DIVINITY SCHOOL             ,NC,27708-0000,Private      ,7,256,263,29,582,611
00292007,DUKE UNIV - SCHOOL OF NURSING           ,NC,27710-0000,Private      ,10,103,113,37,316,353
00292300,EAST CAROLINA UNIVERSITY                ,NC,27858-1818,Public       ,3369,2634,6003,13608,6213,19821
00292600,ELIZABETH CITY STATE UNIVERSITY         ,NC,27909-7806,Public       ,637,289,926,2726,821,3547
00292700,ELON UNIVERSITY                         ,NC,27244-2010,Private      ,493,219,712,4993,547,5540
00292800,FAYETTEVILLE STATE UNIVERSITY           ,NC,28301-4298,Public       ,1191,1496,2687,4251,3607,7858
00292900,GARDNER-WEBB UNIVERSITY                 ,NC,28017-0000,Private      ,359,603,962,1739,1396,3135
00293000,GREENSBORO COLLEGE                      ,NC,27401-1875,Private      ,339,188,527,1089,444,1533
00293100,GUILFORD COLLEGE                        ,NC,27410-4171,Private      ,492,606,1098,1938,1250,3188
00293300,HIGH POINT UNIVERSITY                   ,NC,27262-4221,Private      ,499,450,949,2201,1026,3227
00293400,ISOTHERMAL COMMUNITY COLLEGE            ,NC,28160-0804,Public       ,163,362,525,346,609,955
00293500,JOHN WESLEY COLLEGE                     ,NC,27265-0000,Private      ,9,41,50,18,88,106
00293600,JOHNSON C SMITH UNIVERSITY              ,NC,28216-5398,Private      ,782,162,944,2594,409,3003
00293700,KING'S COLLEGE-CHARLOTTE                ,NC,28204-2435,Proprietary  ,396,123,519,492,164,656
00293900,LEES MCRAE COLLEGE                      ,NC,28604-0000,Private      ,192,67,259,685,180,865
00294000,LENOIR COMMUNITY COLLEGE                ,NC,28502-0188,Public       ,205,561,766,391,949,1340
00294100,LENOIR-RHYNE UNIVERSITY                 ,NC,28603-0000,Private      ,394,179,573,1608,374,1982
00294200,LIVINGSTONE COLLEGE                     ,NC,28144-5298,Private      ,350,75,425,887,241,1128
00294300,LOUISBURG COLLEGE                       ,NC,27549-2398,Private      ,326,31,357,784,66,850
00294400,MARS HILL COLLEGE                       ,NC,28754-0000,Private      ,330,133,463,1087,269,1356
00294500,MEREDITH COLLEGE                        ,NC,27607-5298,Private      ,359,223,582,1593,532,2125
00294600,METHODIST UNIVERSITY                    ,NC,28311-1420,Private      ,552,343,895,1702,661,2363
00294700,MITCHELL COMMUNITY COLLEGE              ,NC,28677-5264,Public       ,175,447,622,344,766,1110
00294800,MONTREAT COLLEGE                        ,NC,28757-1267,Private      ,126,172,298,500,351,851
00294900,MOUNT OLIVE COLLEGE                     ,NC,28365-1299,Private      ,285,907,1192,713,1839,2552
00295000,NORTH CAROLINA CENTRAL UNIVERSITY       ,NC,27707-3198,Public       ,1381,1646,3027,6217,4574,10791
00295100,NORTH CAROLINA WESLEYAN COLLEGE         ,NC,27804-8699,Private      ,274,341,615,949,652,1601
00295300,PEACE COLLEGE                           ,NC,27604-1194,Private      ,221,56,277,677,142,819
00295400,UNIV OF NORTH CAROLINA AT PEMBROKE      ,NC,28372-1510,Public       ,1033,813,1846,3898,2002,5900
00295500,PFEIFFER UNIVERSITY                     ,NC,28109-0000,Private      ,235,335,570,691,597,1288
00295600,PIEDMONT BAPTIST COLLEGE AND GRADUATE SC,NC,27101-5025,Private      ,84,59,143,162,97,259
00295700,QUEENS UNIVERSITY OF CHARLOTTE          ,NC,28274-0001,Private      ,328,408,736,1145,823,1968
00295800,ROCKINGHAM COMMUNITY COLLEGE            ,NC,27375-0000,Public       ,116,240,356,390,601,991
00296000,SALEM COLLEGE                           ,NC,27108-0000,Private      ,93,123,216,426,347,773
00296100,SANDHILLS COMMUNITY COLLEGE             ,NC,28374-8283,Public       ,280,645,925,596,1180,1776
00296200,SHAW UNIVERSITY                         ,NC,27601-2393,Private      ,676,618,1294,2129,1624,3753
00296300,SOUTHEASTERN BAPTIST THEOL SEMINARY     ,NC,27588-0000,Private      ,5,23,28,31,56,87
00296400,SOUTHEASTERN COMMUNITY COLLEGE          ,NC,28472-5422,Public       ,146,361,507,328,632,960
00296700,ST ANDREWS PRESBYTERIAN COLLEGE         ,NC,28352-9979,Private      ,253,50,303,790,93,883
00296800,ST AUGUSTINES COLLEGE                   ,NC,27610-2298,Private      ,469,155,624,1430,354,1784
00297000,SURRY COMMUNITY COLLEGE                 ,NC,27017-0304,Public       ,280,350,630,625,646,1271
00297200,NORTH CAROLINA STATE UNIV-RALEIGH       ,NC,27695-1751,Public       ,2339,1460,3799,16154,4887,21041
00297300,GASTON COLLEGE                          ,NC,28034-1499,Public       ,352,908,1260,748,1525,2273
00297400,UNIVERSITY OF N C-CHAPEL HILL           ,NC,27514-0000,Public       ,1220,1498,2718,14818,8603,23421
00297500,UNIVERSITY OF NC AT CHARLOTTE           ,NC,28223-0001,Public       ,2612,2271,4883,10919,5695,16614
00297600,UNIVERSITY OF N C - GREENSBORO          ,NC,27412-0001,Public       ,1796,1593,3389,10831,5453,16284
00297800,WAKE FOREST UNIV - UNDERGRADUATE        ,NC,27109-7246,Private      ,360,38,398,3725,131,3856
00297801,WAKE FOREST UNIV - SCH OF MEDICINE      ,NC,27157-1090,Private      ,5,217,222,21,775,796
00297803,WAKE FOREST UNIVERSITY - SCHOOLS OF BUSI,NC,27109-7659,Private      ,0,176,176,5,292,297
00297805,WAKE FOREST UNIV - SCH OF LAW           ,NC,27109-7206,Private      ,2,211,213,12,846,858
00297806,WAKE FOREST UNIV - GRAD A&S/DIVINITY    ,NC,27109-7246,Private      ,5,99,104,23,296,319
00297900,WARREN WILSON COLLEGE                   ,NC,28815-0000,Private      ,230,49,279,861,223,1084
00298000,WAYNE COMMUNITY COLLEGE                 ,NC,27533-0000,Public       ,233,576,809,601,1066,1667
00298100,WESTERN CAROLINA UNIVERSITY             ,NC,28723-9731,Public       ,1355,714,2069,5076,1810,6886
00298200,WESTERN PIEDMONT COMMUNITY COLLEGE      ,NC,28655-4504,Public       ,185,378,563,472,958,1430
00298300,WILKES COMMUNITY COLLEGE                ,NC,28697-2100,Public       ,202,303,505,450,544,994
00298400,UNIVERSITY OF N C-WILMINGTON            ,NC,28403-3297,Public       ,1754,890,2644,8026,2341,10367
00298500,WINGATE UNIVERSITY                      ,NC,28174-0159,Private      ,410,209,619,1520,505,2025
00298600,WINSTON-SALEM STATE UNIVERSITY          ,NC,27102-0000,Public       ,999,752,1751,5659,2650,8309
00398100,UNC SCHOOL OF THE ARTS                  ,NC,27127-2188,Public       ,192,68,260,973,210,1183
00403300,ASHEVILLE BUNCOMBE TECH CMTY CLG        ,NC,28801-4897,Public       ,305,714,1019,671,1308,1979
00406200,PITT COMMUNITY COLLEGE                  ,NC,28590-0000,Public       ,619,1045,1664,1313,1864,3177
00483500,CALDWELL COMMUNITY CLG & TECH INST      ,NC,28638-2626,Public       ,296,565,861,584,1013,1597
00483800,GUILFORD TECHNICAL COMMUNITY CLG        ,NC,27282-0309,Public       ,877,1585,2462,2216,4049,6265
00484400,WAKE TECHNICAL COMMUNITY COLLEGE        ,NC,27603-5696,Public       ,810,1580,2390,1932,3208,5140
00484500,WILSON COMMUNITY COLLEGE                ,NC,27893-3310,Public       ,100,433,533,202,704,906
00499201,MILLER-MOTTE TECHNICAL COLLEGE - MILLER-,NC,27511-9209,Proprietary  ,33,230,263,42,324,366
00531600,COASTAL CAROLINA COMMUNITY COLLEGE      ,NC,28546-6816,Public       ,218,735,953,486,1308,1794
00531700,FORSYTH TECHNICAL COMMUNITY COLLEGE     ,NC,27103-5197,Public       ,447,1326,1773,1007,2682,3689
00531800,CATAWBA VALLEY COMMUNITY COLLEGE        ,NC,28602-8302,Public       ,297,693,990,794,1285,2079
00532000,CAPE FEAR COMMUNITY COLLEGE             ,NC,28401-3910,Public       ,613,764,1377,1326,1363,2689
00544700,RANDOLPH COMMUNITY COLLEGE              ,NC,27204-1009,Public       ,142,328,470,304,648,952
00544800,DURHAM TECHNICAL CMNTY COLLEGE          ,NC,27703-5023,Public       ,216,851,1067,488,1572,2060
00544900,CENTRAL CAROLINA COMMUNITY COLLEGE      ,NC,27330-9000,Public       ,239,616,855,524,1245,1769
00546300,ALAMANCE COMMUNITY COLLEGE              ,NC,27253-0000,Public       ,226,694,920,498,1171,1669
00546400,RICHMOND COMMUNITY COLLEGE              ,NC,28345-4522,Public       ,154,487,641,289,872,1161
00575400,ROWAN-CABARRUS COMMUNITY COLLEGE        ,NC,28145-1595,Public       ,355,866,1221,691,1628,2319
00647700,CABARRUS COLLEGE OF HEALTH SCIENCES     ,NC,28025-0000,Private      ,70,87,157,186,233,419
00647800,MERCY HOSP SCH OF NURSING               ,NC,28207-0000,Public       ,21,98,119,68,185,253
00648300,WATTS SCHOOL OF NURSING                 ,NC,27704-0000,Private      ,15,54,69,55,114,169
00679900,CRAVEN COMMUNITY COLLEGE                ,NC,28562-0000,Public       ,142,473,615,325,1008,1333
00703100,PAMLICO COMMUNITY COLLEGE               ,NC,28529-0000,Public       ,13,43,56,27,105,132
00764000,FAYETTEVILLE TECHNICAL CMTY COLLEGE     ,NC,28303-0236,Public       ,632,2545,3177,1356,5136,6492
00768700,JAMES SPRUNT COMMUNITY COLLEGE          ,NC,28349-0398,Public       ,80,233,313,164,462,626
00781400,BROOKSTONE COLLEGE OF BUSINESS          ,NC,28262-0000,Proprietary  ,15,118,133,26,149,175
00781401,BROOKSTONE COLLEGE OF BUSINESS          ,NC,27409-0000,Proprietary  ,25,120,145,28,143,171
00789200,SAMPSON COMMUNITY COLLEGE               ,NC,28328-0000,Public       ,96,266,362,270,674,944
00798500,SOUTH PIEDMONT COMMUNITY COLLEGE        ,NC,28135-9703,Public       ,134,437,571,256,748,1004
00798600,HALIFAX COMMUNITY COLLEGE               ,NC,27890-0089,Public       ,91,270,361,187,473,660
00798700,BLADEN COMMUNITY COLLEGE                ,NC,28332-0266,Public       ,80,313,393,182,634,816
00798800,MARTIN COMMUNITY COLLEGE                ,NC,27892-8307,Public       ,68,210,278,120,360,480
00808100,CARTERET COMMUNITY COLLEGE              ,NC,28557-2989,Public       ,99,272,371,215,525,740
00808200,CLEVELAND COMMUNITY COLLEGE             ,NC,28150-0000,Public       ,146,520,666,309,903,1212
00808300,HAYWOOD COMMUNITY COLLEGE               ,NC,28721-0000,Public       ,97,245,342,230,423,653
00808500,MCDOWELL TECHNICAL COMMUNITY CLG        ,NC,28752-8728,Public       ,48,150,198,109,266,375
00808700,MONTGOMERY COMMUNITY COLLEGE            ,NC,27371-0787,Public       ,53,149,202,121,316,437
00846600,SOUTHWESTERN COMMUNITY COLLEGE          ,NC,28779-8581,Public       ,162,305,467,349,543,892
00855700,NASH COMMUNITY COLLEGE                  ,NC,27804-0488,Public       ,141,358,499,364,546,910
00855800,BEAUFORT COUNTY COMMUNITY COLLEGE       ,NC,27889-7889,Public       ,104,357,461,229,600,829
00861200,ROBESON COMMUNITY COLLEGE               ,NC,28359-2151,Public       ,162,603,765,438,1461,1899
00861300,ROANOKE-CHOWAN COMMUNITY COLLEGE        ,NC,27910-9522,Public       ,63,164,227,135,337,472
00885500,EDGECOMBE COMMUNITY COLLEGE             ,NC,27886-9399,Public       ,89,399,488,187,626,813
00885501,EDGECOMBE COMMUNITY COLLEGE             ,NC,27801-0000,Public       ,26,169,195,61,279,340
00902500,SOUTH EASTERN CLG OF BEAUTY CULTURE     ,NC,28204-0000,Proprietary  ,34,107,141,45,151,196
00933600,JOHNSTON COMMUNITY COLLEGE              ,NC,27577-0000,Public       ,188,494,682,445,893,1338
00943000,TRI-COUNTY COMMUNITY COLLEGE            ,NC,28906-7919,Public       ,67,152,219,147,262,409
00964600,PIEDMONT COMMUNITY COLLEGE              ,NC,27573-1197,Public       ,75,258,333,158,508,666
00968400,BLUE RIDGE COMMUNITY COLLEGE            ,NC,28731-9624,Public       ,104,180,284,191,342,533
00974701,GORDON-CONWELL THEO SEM - CHARLOTTE     ,NC,28273-0000,Private      ,1,59,60,1,105,106
00990300,VANCE-GRANVILLE CMTY COLLEGE            ,NC,27536-0917,Public       ,253,622,875,523,1206,1729
01026400,SOUTH COLLEGE                           ,NC,28803-3152,Proprietary  ,16,79,95,24,130,154
01119400,STANLY COMMUNITY COLLEGE                ,NC,28001-7458,Public       ,128,349,477,245,635,880
01119700,MAYLAND COMMUNITY COLLEGE               ,NC,28777-2777,Public       ,66,115,181,151,234,385
01179900,PAUL MITCHELL THE SCHOOL FAYETTEVILLE   ,NC,28303-5364,Proprietary  ,0,29,29,2,40,42
01192600,LEON'S BEAUTY SCHOOL                    ,NC,27403-2812,Proprietary  ,26,38,64,39,65,104
02056500,MITCHELL'S HAIR STYLING ACADEMY         ,NC,27893-0000,Proprietary  ,19,33,52,25,53,78
02056501,MITCHELL'S HAIR STYLING ACADEMY - MITCHE,NC,27606-3326,Proprietary  ,5,7,12,9,19,28
02110500,ART INSTITUTE OF CHARLOTTE (THE)        ,NC,28217-0000,Proprietary  ,390,283,673,979,641,1620
02170700,BRUNSWICK COMMUNITY COLLEGE             ,NC,28422-0000,Public       ,128,169,297,236,344,580
02205000,COLLEGE OF WILMINGTON                   ,NC,28403-0000,Proprietary  ,0,7,7,3,16,19
02210400,FAYETTEVILLE BEAUTY COLLEGE             ,NC,28303-0000,Proprietary  ,7,22,29,18,40,58
02227800,MITCHELL'S HAIR STYLING ACADEMY         ,NC,27534-0000,Proprietary  ,0,0,0,1,4,5
02227900,MITCHELL'S HAIR STYLING ACADEMY         ,NC,27858-0000,Proprietary  ,3,6,9,7,13,20
02238700,HAIRSTYLING INSTITUTE OF CHARLOTTE      ,NC,28204-0000,Proprietary  ,13,26,39,25,54,79
02280900,ROANOKE BIBLE COLLEGE                   ,NC,27909-0000,Private      ,27,17,44,73,33,106
02286300,CAROLINA BEAUTY COLLEGE                 ,NC,27262-0000,Proprietary  ,40,258,298,53,323,376
02558900,CHEVEUX SCHOOL OF HAIR DESIGN           ,NC,28540-0000,Proprietary  ,1,13,14,3,17,20
02560600,PINNACLE INSTITUTE OF COSMETOLOGY       ,NC,28115-8020,Proprietary  ,8,8,16,14,15,29
02614201,MILLER-MOTTE BUSINESS COLLEGE           ,NC,28403-0000,Proprietary  ,67,370,437,80,555,635
03009500,WINSTON-SALEM BARBER SCHOOL             ,NC,27107-0000,Proprietary  ,10,21,31,19,40,59
03064400,REGENCY BEAUTY INSTITUTE                ,NC,27127-0000,Proprietary  ,14,48,62,21,66,87
03089300,HERITAGE BIBLE COLLEGE                  ,NC,28335-0000,Private      ,8,26,34,13,46,59
03104200,CAROLINAS COLLEGE OF HEALTH SCIENCE     ,NC,28232-2861,Public       ,44,153,197,133,298,431
03104201,CHS NURSE ANESTHESIA PROGRAM / UNCC     ,NC,28232-2861,Public       ,36,46,82,117,100,217
03109000,SCHOOL OF COMMUNICATION ARTS OF NORTH CA,NC,27614-7076,Proprietary  ,105,41,146,209,94,303
03237300,ANSON COLLEGE OF COSMETOLOGY            ,NC,28170-2147,Proprietary  ,1,4,5,1,5,6
03361300,MEDICAL ARTS MASSAGE SCHOOL             ,NC,27616-6453,Proprietary  ,7,39,46,12,57,69
03513400,APEX SCHOOL OF THEOLOGY                 ,NC,27703-8024,Private      ,0,51,51,0,79,79
03555400,SOUTHEASTERN SCHOOL OF NEUROMUSCULAR  MA,NC,29406-0000,Proprietary  ,4,16,20,10,16,26
03570300,CAROLINA CHRISTIAN COLLEGE              ,NC,27105-3241,Private      ,3,15,18,7,25,32
03663300,HOOD THEOLOGICAL SEMINARY               ,NC,28144-5768,Private      ,0,55,55,0,100,100
03748500,LA SHE'S BEAUTY ACADEMY                 ,NC,27707-3569,Proprietary  ,1,5,6,4,10,14
03777300,CAROLINA ACAD OF COSMETIC ART & SCI     ,NC,28054-0460,Proprietary  ,19,43,62,29,66,95
03827300,NEW LIFE THEOLOGICAL SEMINARY           ,NC,28205-1648,Private      ,0,16,16,1,35,36
04101300,CAROLINA SCHOOL OF BROADCASTING         ,NC,28214-8085,Proprietary  ,0,1,1,0,1,1
04115700,REGINA'S COLLEGE OF BEAUTY              ,NC,28110-2831,Proprietary  ,1,15,16,2,19,21
00298800,BISMARCK STATE COLLEGE                  ,ND,58501-1299,Public       ,369,288,657,1347,731,2078
00298900,DICKINSON STATE UNIVERSITY              ,ND,58601-4896,Public       ,233,150,383,1113,480,1593
00299000,JAMESTOWN COLLEGE                       ,ND,58405-3401,Private      ,164,35,199,858,109,967
00299100,LAKE REGION STATE COLLEGE               ,ND,58301-1598,Public       ,80,89,169,229,198,427
00299200,UNIVERSITY OF MARY                      ,ND,58504-9652,Private      ,283,341,624,1443,767,2210
00299300,MAYVILLE STATE UNIVERSITY               ,ND,58257-1299,Public       ,122,57,179,418,124,542
00299400,MINOT STATE UNIVERSITY                  ,ND,58707-0002,Public       ,335,425,760,1243,993,2236
00299500,MINOT STATE UNIV-BOTTINEAU CAMPUS       ,ND,58318-1159,Public       ,47,57,104,171,122,293
00299600,NORTH DAKOTA STATE CLG OF SCIENCE       ,ND,58076-0002,Public       ,389,177,566,1166,377,1543
00299700,NORTH DAKOTA STATE UNIVERSITY           ,ND,58108-6050,Public       ,1706,660,2366,6692,1653,8345
00300500,UNIVERSITY OF NORTH DAKOTA              ,ND,58202-8193,Public       ,1749,1031,2780,5924,2646,8570
00300700,WILLISTON STATE COLLEGE                 ,ND,58802-1326,Public       ,57,132,189,208,256,464
00300800,VALLEY CITY STATE UNIVERSITY            ,ND,58072-0000,Public       ,160,66,226,531,115,646
00484600,RASMUSSEN COLLEGE                       ,ND,58103-7196,Proprietary  ,146,484,630,259,902,1161
00775600,JOSEF'S SCHOOL OF HAIR DESIGN INC       ,ND,58102-4977,Proprietary  ,25,15,40,39,22,61
00935400,MEDCENTER ONE COLLEGE OF NURSING        ,ND,58501-4494,Private      ,16,12,28,46,38,84
01040600,JOSEF'S SCHOOL OF HAIR DESIGN           ,ND,58201-6394,Proprietary  ,14,15,29,30,25,55
01205900,TRINITY BIBLE COLLEGE                   ,ND,58436-7150,Private      ,64,35,99,162,72,234
01229500,R D HAIRSTYLING COLLEGE                 ,ND,58501-4001,Proprietary  ,8,3,11,15,7,22
02188200,SITTING BULL COLLEGE                    ,ND,58538-9721,Public       ,18,97,115,23,125,148
02236500,LITTLE HOOP COMMUNITY COLLEGE           ,ND,58335-0000,Public       ,7,18,25,9,29,38
02242900,UNITED TRIBES TECHNICAL COLLEGE         ,ND,58504-0000,Private      ,73,239,312,120,352,472
02298200,HEADQUARTERS ACADEMY OF HAIR DESIGN     ,ND,58701-0000,Proprietary  ,9,14,23,16,20,36
02301100,TURTLE MTN CMNTY COLG-FIN AID OFC       ,ND,58316-0000,Private      ,22,75,97,58,165,223
02553700,FORT BERTHOLD COMMUNITY COLLEGE         ,ND,58763-0000,Public       ,7,24,31,17,53,70
03087200,MOLER BARBER CLG OF HAIRSTYLING         ,ND,58103-0000,Proprietary  ,1,4,5,1,6,7
04031300,SALON PROFESSIONAL ACADEMY (THE)        ,ND,58103-3337,Proprietary  ,28,7,35,53,14,67
00301005,ANTIOCH UNIV/SEATTLE                    ,WA,98121-0000,Private      ,4,392,396,18,803,821
00376900,BELLEVUE COMMUNITY COLLEGE              ,WA,98007-6484,Public       ,672,994,1666,1800,2261,4061
00377000,BIG BEND COMMUNITY COLLEGE              ,WA,98837-3299,Public       ,182,251,433,523,623,1146
00377100,"CENTRAL WASHINGTON UNIV., FIN AID       ",WA,98926-7495,Public       ,1408,840,2248,6612,2747,9359
00377200,CENTRALIA COLLEGE                       ,WA,98531-4099,Public       ,157,314,471,640,731,1371
00377300,CLARK COLLEGE                           ,WA,98663-3598,Public       ,843,1445,2288,1857,3149,5006
00377400,COLUMBIA BASIN COLLEGE                  ,WA,99301-3379,Public       ,460,822,1282,1375,1859,3234
00377500,EASTERN WASHINGTON UNIVERSITY           ,WA,99004-2447,Public       ,1072,1063,2135,6503,4072,10575
00377600,EVERETT COMMUNITY COLLEGE               ,WA,98201-1352,Public       ,406,1034,1440,944,2121,3065
00377700,HERITAGE UNIVERSITY                     ,WA,98948-9562,Private      ,75,373,448,297,1002,1299
00377800,GONZAGA UNIVERSITY                      ,WA,99258-0083,Private      ,235,542,777,5950,2436,8386
00377900,GRAYS HARBOR COLLEGE                    ,WA,98520-7599,Public       ,128,243,371,339,553,892
00378000,GREEN RIVER COMMUNITY COLLEGE           ,WA,98092-3622,Public       ,588,761,1349,1269,1569,2838
00378100,HIGHLINE COMMUNITY COLLEGE              ,WA,98198-9800,Public       ,604,1056,1660,1259,1989,3248
00378200,LOWER COLUMBIA COLLEGE                  ,WA,98632-0310,Public       ,217,584,801,461,968,1429
00378300,NORTHWEST UNIVERSITY                    ,WA,98083-0000,Private      ,179,156,335,833,406,1239
00378400,OLYMPIC COLLEGE                         ,WA,98337-1600,Public       ,304,686,990,758,1692,2450
00378500,PACIFIC LUTHERAN UNIVERSITY             ,WA,98447-0003,Private      ,683,350,1033,3602,1237,4839
00378600,PENINSULA COLLEGE                       ,WA,98362-6660,Public       ,114,293,407,253,553,806
00378700,SEATTLE CENTRAL COMMUNITY COLLEGE       ,WA,98122-2413,Public       ,520,1102,1622,1357,2535,3892
00378703,SEATTLE VOCATIONAL INSTITUTE            ,WA,98144-0000,Public       ,6,64,70,15,100,115
00378800,SEATTLE PACIFIC UNIVERSITY              ,WA,98119-1997,Private      ,669,386,1055,3747,1079,4826
00379000,SEATTLE UNIVERSITY                      ,WA,98122-1090,Private      ,658,1074,1732,5627,4824,10451
00379100,SHORELINE COMMUNITY COLLEGE             ,WA,98133-5696,Public       ,444,780,1224,996,1754,2750
00379200,SKAGIT VALLEY COLLEGE                   ,WA,98273-5899,Public       ,265,522,787,615,1177,1792
00379300,SPOKANE COMMUNITY COLLEGE               ,WA,99207-5399,Public       ,781,1937,2718,1885,4065,5950
00379400,ST MARTIN'S UNIVERSITY                  ,WA,98503-7500,Private      ,136,196,332,1166,706,1872
00379600,TACOMA COMMUNITY COLLEGE                ,WA,98466-6100,Public       ,531,1354,1885,1424,3229,4653
00379700,UNIVERSITY OF PUGET SOUND               ,WA,98416-1039,Private      ,412,149,561,3754,684,4438
00379800,UNIVERSITY OF WASHINGTON                ,WA,98195-5880,Public       ,2189,2936,5125,20899,17130,38029
00379900,WALLA WALLA UNIVERSITY                  ,WA,99324-1198,Private      ,511,208,719,1128,457,1585
00380000,WASHINGTON STATE UNIVERSITY             ,WA,99164-1035,Public       ,2228,2067,4295,14143,7447,21590
00380100,WENATCHEE VALLEY COLLEGE                ,WA,98801-1799,Public       ,183,439,622,737,1166,1903
00380200,WESTERN WASHINGTON UNIVERSITY           ,WA,98225-5946,Public       ,1547,704,2251,10891,2999,13890
00380300,WHITMAN COLLEGE                         ,WA,99362-2067,Private      ,351,15,366,2119,44,2163
00380400,WHITWORTH UNIVERSITY                    ,WA,99251-0001,Private      ,528,265,793,2956,671,3627
00380500,YAKIMA VALLEY COMMUNITY COLLEGE         ,WA,98907-2520,Public       ,484,895,1379,1475,2542,4017
00499800,PUGET SOUND CHRISTIAN COLLEGE           ,WA,98201-3516,Private      ,7,11,18,44,26,70
00499900,BELLINGHAM TECHNICAL COLLEGE            ,WA,98225-0000,Public       ,98,259,357,246,528,774
00500000,PIERCE COLLEGE                          ,WA,98498-1919,Public       ,547,1203,1750,1284,2682,3966
00500100,EDMONDS COMMUNITY COLLEGE               ,WA,98036-5999,Public       ,448,858,1306,930,1658,2588
00500600,WALLA WALLA COMMUNITY COLLEGE           ,WA,99362-9267,Public       ,230,402,632,895,1307,2202
00530600,BATES TECHNICAL COLLEGE                 ,WA,98405-0000,Public       ,158,494,652,276,925,1201
00537200,SOUTH PUGET SOUND COMMUNITY COLLEGE     ,WA,98512-6292,Public       ,426,818,1244,979,1696,2675
00537300,LAKE WASHINGTON TECHNICAL COLLEGE       ,WA,98034-8505,Public       ,125,376,501,251,783,1034
00575200,CLOVER PARK TECHNICAL COLLEGE           ,WA,98499-0000,Public       ,241,911,1152,483,1659,2142
00815500,EVERGREEN STATE COLLEGE (THE)           ,WA,98505-0002,Public       ,442,586,1028,2611,2312,4923
00844300,ITT TECHNICAL INSTITUTE                 ,WA,98168-3334,Proprietary  ,157,436,593,244,545,789
00907901,EVEREST COLLEGE                         ,WA,98684-6950,Proprietary  ,14,30,44,19,60,79
00938700,PERRY TECHNICAL INSTITUTE               ,WA,98903-1239,Private      ,96,147,243,229,292,521
00954400,SPOKANE FALLS COMMUNITY COLLEGE         ,WA,99224-5204,Public       ,737,1160,1897,1989,2540,4529
00970400,NORTH SEATTLE COMMUNITY COLLEGE         ,WA,98103-3599,Public       ,307,714,1021,771,1619,2390
00970600,SOUTH SEATTLE COMMUNITY COLLEGE         ,WA,98106-1499,Public       ,324,562,886,846,1175,2021
00973900,GLEN DOW ACAD OF HAIR DESIGN            ,WA,99201-0209,Proprietary  ,26,44,70,40,64,104
01036400,WHATCOM COMMUNITY COLLEGE               ,WA,98226-8003,Public       ,271,367,638,908,1042,1950
01043400,RENTON TECHNICAL COLLEGE                ,WA,98056-0000,Public       ,124,429,553,278,836,1114
01148100,DIVERS INSTITUTE OF TECHNOLOGY          ,WA,98107-0667,Proprietary  ,29,106,135,50,166,216
01231500,CORNISH COLLEGE OF THE ARTS             ,WA,98121-4604,Private      ,111,44,155,872,237,1109
01249600,GREENWOOD BEAUTY SCHOOL                 ,WA,98103-0000,Proprietary  ,3,17,20,7,30,37
01302200,CITY UNIVERSITY OF SEATTLE              ,WA,98005-3030,Private      ,30,732,762,78,1385,1463
01309400,BELLINGHAM BEAUTY SCHOOL                ,WA,98225-0000,Proprietary  ,11,22,33,18,34,52
02091701,KAPLAN COLLEGE - SEATTLE                ,WA,98055-4910,Proprietary  ,7,44,51,9,59,68
02105300,BELLEVUE BEAUTY SCHOOL                  ,WA,98007-0000,Proprietary  ,4,11,15,9,15,24
02106700,TRINITY LUTHERAN COLLEGE                ,WA,98201-3569,Private      ,24,16,40,70,24,94
02180000,NORTHWEST INDIAN COLLEGE                ,WA,98226-9278,Public       ,12,50,62,25,136,161
02184200,PAROBA COLLEGE OF COSMETOLOGY           ,WA,98208-0000,Proprietary  ,15,41,56,20,48,68
02202200,STYLEMASTERS COLLEGE OF HAIR DESIGN     ,WA,98632-0000,Proprietary  ,4,14,18,7,22,29
02203300,GENE JUAREZ ACADEMY OF BEAUTY           ,WA,98125-0000,Proprietary  ,132,119,251,175,172,347
02203301,GENE JUAREZ ACADEMY OF BEAUTY           ,WA,98003-0000,Proprietary  ,7,9,16,27,24,51
02222900,INTERNATIONAL AIR & HOSPITALITY ACADEMY ,WA,98661-4835,Proprietary  ,74,49,123,113,59,172
02231100,CROWN COLLEGE                           ,WA,98444-0000,Proprietary  ,5,42,47,11,76,87
02236800,PROFESSIONAL BEAUTY SCHOOL              ,WA,98902-0000,Proprietary  ,8,17,25,15,25,40
02242500,BASTYR UNIVERSITY                       ,WA,98028-0000,Private      ,30,445,475,72,845,917
02291300,ART INSTITUTE OF SEATTLE                ,WA,98121-1622,Proprietary  ,496,424,920,1371,1047,2418
02300100,EVEREST COLLEGE                         ,WA,98367-1835,Proprietary  ,120,571,691,121,587,708
02326500,INTERFACE COLLEGE                       ,WA,99201-3209,Proprietary  ,11,55,66,20,90,110
02331400,NORTHWEST HAIR ACADEMY                  ,WA,98273-0000,Proprietary  ,18,31,49,23,40,63
02331402,NORTHWEST HAIR ACADEMY - EVERETT        ,WA,98204-0000,Proprietary  ,3,3,6,5,7,12
02345100,PHAGAN'S ORCHARDS BEAUTY SCHOOL         ,WA,98662-0000,Proprietary  ,20,10,30,23,16,39
02504900,ACADEMY OF HAIR DESIGN (THE)            ,WA,98801-0000,Proprietary  ,3,13,16,7,18,25
02541900,BJ'S BEAUTY AND BARBER COLLEGE          ,WA,98409-0000,Proprietary  ,3,13,16,5,20,25
02602100,NORTHWEST COLLEGE OF ART                ,WA,98370-8625,Proprietary  ,37,10,47,127,20,147
02606200,EVEREST COLLEGE                         ,WA,98055-2990,Proprietary  ,117,536,653,139,587,726
02617500,EVEREST COLLEGE                         ,WA,98133-9018,Proprietary  ,133,429,562,161,492,653
03031406,INTERNATIONAL ACADEMY OF DESIGN AND TECH,WA,98188-3319,Proprietary  ,52,51,103,99,90,189
03065000,CLARE'S BEAUTY COLLEGE                  ,WA,99301-5505,Proprietary  ,4,10,14,8,11,19
03071800,ITT TECHNICAL INSTITUTE                 ,WA,99216-1589,Proprietary  ,155,369,524,212,466,678
03099000,CORTIVA INSTITUTE - SEATTLE             ,WA,98109-5474,Proprietary  ,10,55,65,15,77,92
03139500,MONTESSORI SCHOOLS OF WASHINGTON        ,WA,98203-6600,Private      ,0,1,1,0,2,2
03280300,SEATTLE INST OF ORIENTAL MEDICINE       ,WA,98115-0000,Proprietary  ,1,29,30,1,38,39
03283300,NORTHWEST HVAC/R ASSOCIATION & TRAINING ,WA,99202-2125,Private      ,2,16,18,3,20,23
03361600,SEATTLE MIDWIFERY SCHOOL                ,WA,98144-0000,Private      ,2,11,13,6,43,49
03466400,MARS HILL GRADUATE SCHOOL               ,WA,98121-0000,Private      ,0,171,171,0,233,233
03483500,CASCADIA COMMUNITY COLLEGE              ,WA,98011-9510,Public       ,130,158,288,300,380,680
03490400,EMIL FRIES PIANO HOSPITAL & TRAININ     ,WA,98661-4323,Private      ,0,3,3,1,3,4
03631500,CORTIVA INSTITUTE - BRIAN UTTING SCHOOL ,WA,98109-5211,Proprietary  ,2,17,19,6,39,45
03689400,FAITH EVANGELICAL SEMINARY              ,WA,98407-2607,Private      ,2,36,38,3,71,74
03707500,CHETTA'S ACADEMY OF HAIR AND NAILS      ,WA,98362-4310,Proprietary  ,3,6,9,3,6,9
03724300,DIGIPEN INSTITUTE OF TECHNOLOGY         ,WA,98052-5170,Proprietary  ,220,75,295,597,183,780
03917300,EVERGREEN BEAUTY AND BARBER COLLEGE     ,WA,98208-3759,Proprietary  ,9,24,33,15,36,51
03932500,TOTAL COSMETOLOGY TRAINING CENTER       ,WA,99217-6231,Proprietary  ,9,31,40,15,40,55
03953300,YAKIMA BEAUTY SCHOOL;BEAUTYWORKS        ,WA,98901-2202,Proprietary  ,3,18,21,4,27,31
04043400,ALPINE COLLEGE                          ,WA,99206-5097,Proprietary  ,0,27,27,2,38,40
04120000,SUNNYSIDE BEAUTY ACADEMY                ,WA,98944-8711,Proprietary  ,0,1,1,0,1,1
00340100,BROWN UNIVERSITY                        ,RI,02912-9127,Private      ,624,32,656,10630,237,10867
00340101,BROWN UNIVERSITY - GRADUATE SCHOOL      ,RI,02912-1827,Private      ,1,144,145,32,1282,1314
00340102,BROWN MEDICAL SCHOOL                    ,RI,02912-0000,Private      ,3,125,128,13,366,379
00340200,BRYANT UNIVERSITY                       ,RI,02917-1284,Private      ,185,48,233,4784,233,5017
00340400,JOHNSON & WALES UNIVERSITY              ,RI,02903-3703,Private      ,4264,925,5189,14758,2533,17291
00340600,PROVIDENCE COLLEGE                      ,RI,02918-0001,Private      ,717,98,815,6721,344,7065
00340700,RHODE ISLAND COLLEGE                    ,RI,02908-1991,Public       ,479,500,979,5615,2388,8003
00340800,COMMUNITY COLLEGE OF RI - WARWICK       ,RI,02906-0000,Public       ,560,826,1386,2592,2738,5330
00340801,COMMUNITY COLLEGE OF RI - LINCOLN       ,RI,02865-4585,Public       ,224,334,558,1107,1124,2231
00340802,COMMUNITY COLLEGE OF RI- PROVIDENCE     ,RI,02905-2313,Public       ,234,380,614,1035,1382,2417
00340900,RHODE ISLAND SCHOOL OF DESIGN           ,RI,02903-2784,Private      ,182,104,286,2104,993,3097
00341000,ROGER WILLIAMS UNIVERSITY               ,RI,02809-2921,Private      ,261,227,488,6005,1180,7185
00341100,SALVE REGINA UNIVERSITY                 ,RI,02840-4192,Private      ,182,60,242,3958,204,4162
00341400,UNIVERSITY OF RHODE ISLAND              ,RI,02881-0000,Public       ,1510,574,2084,13571,2412,15983
00659100,ST. JOSEPH HOSP SCH OF NURSING          ,RI,02904-5199,Private      ,9,30,39,41,112,153
00784400,GIBBS COLLEGE                           ,RI,02920-7807,Proprietary  ,87,147,234,341,496,837
00784500,NEW ENGLAND INSTITUTE OF TECHNOLOGY     ,RI,02886-2266,Private      ,624,409,1033,1755,1103,2858
01115900,"SAWYER SCHOOL,THE                       ",RI,02860-4117,Proprietary  ,40,203,243,75,422,497
02071900,ARTHUR ANGELO SCH COSMET&HAIR DSGN      ,RI,02903-0000,Proprietary  ,16,25,41,60,79,139
02176900,WARWICK ACADEMY OF BEAUTY CULTURE       ,RI,02886-1534,Proprietary  ,11,20,31,44,55,99
02584400,NEW ENGLAND TRACTOR TRAILER TRAINING SCH,RI,02860-1752,Proprietary  ,21,216,237,23,218,241
03080000,NEWPORT SCHOOL OF HAIRDRESSING          ,RI,02860-4038,Proprietary  ,1,3,4,9,39,48
03115200,MOTORING TECHNICAL TRAINING INST        ,RI,02914-0000,Proprietary  ,17,47,64,38,84,122
03232300,LINCOLN TECHNICAL INSTITUTE             ,RI,02865-4211,Proprietary  ,90,183,273,164,341,505
03570500,ZION BIBLE COLLEGE                      ,RI,02806-1246,Private      ,42,31,73,106,73,179
03732300,INTERNATIONAL YACHT RESTORATION SCH     ,RI,02840-6720,Private      ,1,8,9,7,22,29
00341700,ALLEN UNIVERSITY                        ,SC,29204-1085,Private      ,356,172,528,502,217,719
00341800,ANDERSON UNIVERSITY                     ,SC,29621-4035,Private      ,492,199,691,1524,386,1910
00341900,CHARLESTON SOUTHERN UNIVERSITY          ,SC,29406-2160,Private      ,1341,682,2023,2929,1188,4117
00342000,BENEDICT COLLEGE                        ,SC,29204-1086,Private      ,1337,459,1796,2485,821,3306
00342100,BOB JONES UNIVERSITY                    ,SC,29614-1000,Proprietary  ,401,41,442,401,41,442
00342200,SOUTHERN WESLEYAN UNIVERSITY            ,SC,29630-1020,Private      ,282,834,1116,624,1521,2145
00342300,THE CITADEL                             ,SC,29409-0002,Public       ,612,292,904,1775,507,2282
00342400,CLAFLIN UNIVERSITY                      ,SC,29115-4498,Private      ,963,375,1338,1864,602,2466
00342500,CLEMSON UNIVERSITY                      ,SC,29634-0001,Public       ,3057,933,3990,11045,2042,13087
00342600,UNIV OF SC AT SUMTER                    ,SC,29150-2498,Public       ,278,208,486,487,401,888
00342700,COKER COLLEGE                           ,SC,29550-3797,Private      ,359,399,758,741,655,1396
00342800,COLLEGE OF CHARLESTON                   ,SC,29424-0100,Public       ,1862,643,2505,6733,1493,8226
00342900,COLUMBIA INTERNATIONAL UNIVERSITY       ,SC,29203-1599,Private      ,98,152,250,442,470,912
00343000,COLUMBIA COLLEGE                        ,SC,29203-5998,Private      ,500,384,884,1135,688,1823
00343100,CONVERSE COLLEGE                        ,SC,29302-0006,Private      ,247,261,508,651,460,1111
00343200,ERSKINE COLLEGE                         ,SC,29639-0000,Private      ,230,6,236,645,17,662
00343201,ERSKINE THEOLOGICAL SEMINARY            ,SC,29639-0000,Private      ,0,65,65,2,109,111
00343400,FURMAN UNIVERSITY                       ,SC,29613-5253,Private      ,598,98,696,2465,193,2658
00343500,LANDER UNIVERSITY                       ,SC,29649-2099,Public       ,960,297,1257,2189,570,2759
00343600,LIMESTONE COLLEGE                       ,SC,29340-3799,Private      ,405,1184,1589,823,2097,2920
00343700,LUTHERAN THEOLOGICAL SOUTHERN SEM       ,SC,29203-5898,Private      ,0,53,53,0,93,93
00343800,MEDICAL UNIV OF SOUTH CAROLINA - FA     ,SC,29425-1760,Public       ,67,610,677,179,2408,2587
00343900,MORRIS COLLEGE                          ,SC,29150-3599,Private      ,496,182,678,992,321,1313
00344000,NEWBERRY COLLEGE                        ,SC,29108-2197,Private      ,325,49,374,1261,106,1367
00344100,NORTH GREENVILLE COLLEGE                ,SC,29688-1892,Private      ,941,147,1088,1769,202,1971
00344500,PRESBYTERIAN COLLEGE                    ,SC,29325-2503,Private      ,421,17,438,1127,25,1152
00344600,SOUTH CAROLINA STATE UNIVERSITY         ,SC,29117-4427,Public       ,2802,1089,3891,5223,1694,6917
00344700,SPARTANBURG METHODIST COLLEGE           ,SC,29301-5899,Private      ,522,58,580,1000,102,1102
00344800,UNIVERSITY OF SOUTH CAROLINA            ,SC,29208-3999,Public       ,5280,3469,8749,14114,7330,21444
00344900,UNIVERSITY OF SOUTH CAROLINA AIKEN      ,SC,29801-6399,Public       ,945,421,1366,2257,811,3068
00345000,UNIV OF SC AT BEAUFORT                  ,SC,29902-4602,Public       ,271,250,521,538,475,1013
00345100,COASTAL CAROLINA UNIVERSITY             ,SC,29528-0000,Public       ,2155,465,2620,6633,1129,7762
00345300,UNIV OF SC AT LANCASTER                 ,SC,29721-0889,Public       ,283,235,518,517,390,907
00345400,UNIV OF SC SYSTEM SALKEHATCHIE          ,SC,29810-0617,Public       ,225,160,385,341,257,598
00345500,VOORHEES COLLEGE                        ,SC,29042-0000,Private      ,269,174,443,427,257,684
00345600,WINTHROP UNIVERSITY                     ,SC,29733-0001,Public       ,1719,665,2384,4407,1213,5620
00345700,WOFFORD COLLEGE                         ,SC,29303-3663,Private      ,135,24,159,1422,56,1478
00399000,FLORENCE-DARLINGTON TECH COLLEGE        ,SC,29501-0548,Public       ,882,1182,2064,1415,1982,3397
00399100,GREENVILLE TECHNICAL COLLEGE            ,SC,29607-2439,Public       ,2402,3373,5775,3756,5683,9439
00399200,PIEDMONT TECHNICAL COLLEGE              ,SC,29648-1467,Public       ,679,1400,2079,1028,2075,3103
00399300,MIDLANDS TECHNICAL COLLEGE              ,SC,29202-0000,Public       ,2308,3168,5476,3494,5276,8770
00399400,SPARTANBURG COMMUNITY COLLEGE           ,SC,29305-4386,Public       ,1084,1346,2430,1660,2186,3846
00399500,CENTRAL CAROLINA TECHNICAL COLLEGE      ,SC,29150-2499,Public       ,377,971,1348,551,1573,2124
00399600,YORK TECHNICAL COLLEGE                  ,SC,29730-3395,Public       ,893,1449,2342,1295,2250,3545
00492000,TRIDENT TECHNICAL COLLEGE               ,SC,29423-8067,Public       ,1943,2583,4526,3082,4803,7885
00492300,CLINTON JR COLLEGE                      ,SC,29730-5152,Private      ,30,19,49,54,28,82
00492400,FORREST JUNIOR COLLEGE                  ,SC,29624-2405,Proprietary  ,9,66,75,12,77,89
00492500,HORRY-GEORGETOWN TECH COLLEGE           ,SC,29526-9521,Public       ,794,1119,1913,1292,2226,3518
00492600,TRI-COUNTY TECHNICAL COLLEGE            ,SC,29670-9133,Public       ,1012,1029,2041,1794,1849,3643
00492700,UNIV OF SC AT UNION                     ,SC,29379-0729,Public       ,57,47,104,138,95,233
00536300,DENMARK TECHNICAL COLLEGE               ,SC,29042-0000,Public       ,202,188,390,292,252,544
00681500,ORANGEBURG-CALHOUN TECHNICAL COLG       ,SC,29118-8299,Public       ,449,702,1151,731,1236,1967
00695100,UNIVERSITY OF SOUTH CAROLINA UPSTATE    ,SC,29303-9972,Public       ,1584,830,2414,3586,1558,5144
00760200,NORTHEASTERN TECHNICAL COLLEGE          ,SC,29520-7015,Public       ,203,392,595,293,586,879
00922600,FRANCIS MARION UNIVERSITY               ,SC,29501-0000,Public       ,1282,439,1721,3475,920,4395
00932200,WILLIAMSBURG TECHNICAL COLLEGE          ,SC,29556-4197,Public       ,109,205,314,184,352,536
00991000,TECHNICAL COLLEGE OF THE LOWCOUNTRY     ,SC,29902-5441,Public       ,246,564,810,347,864,1211
00991100,UNIV OF SC-REGIONAL CAMPUSES ADMIN      ,SC,29208-0001,Public       ,36,28,64,89,52,141
01005600,AIKEN TECHNICAL COLLEGE                 ,SC,29802-0696,Public       ,597,944,1541,909,1589,2498
01209200,KENNETH SHULER SCHOOL OF COSMETOLOGY    ,SC,29732-2169,Proprietary  ,5,21,26,6,24,30
01303907,SOUTH UNIVERSITY                        ,SC,29203-6400,Proprietary  ,73,448,521,112,737,849
02063700,SHERMAN CLG STRAIGHT CHIROPRACTIC       ,SC,29316-0000,Private      ,4,213,217,8,293,301
02189800,NO AMER INST OF AVIATION OF SO CAR      ,SC,29527-0000,Proprietary  ,0,1,1,0,3,3
02338600,CHARZANNE BEAUTY COLLEGE                ,SC,29649-0000,Proprietary  ,10,40,50,13,46,59
02341100,KENNETH SHULER SCHOOL OF COSMETOLOGY & N,SC,29210-0000,Proprietary  ,62,141,203,69,159,228
02356600,CHARLESTON COSMETOLOGY INSTITUTE        ,SC,29420-0000,Proprietary  ,23,37,60,30,48,78
02552400,ACADEMY OF HAIR TECHNOLOGY              ,SC,29615-2363,Proprietary  ,25,45,70,27,54,81
02567600,SUMTER BEAUTY COLLEGE                   ,SC,29150-0000,Proprietary  ,11,31,42,14,42,56
02614202,MILLER - MOTTE TECHNICAL COLLEGE - NORTH,SC,29406-9239,Proprietary  ,94,443,537,105,468,573
03010614,VIRGINIA COLLEGE - GOLF ACADEMY OF AMERI,SC,29579-0000,Proprietary  ,54,58,112,112,95,207
03052300,KENNETH SHULER SCH COSM & HAIR DESG     ,SC,29841-2013,Proprietary  ,10,41,51,11,45,56
03088300,ACADEMY OF COSMETOLOGY                  ,SC,29418-5667,Proprietary  ,1,8,9,1,9,10
03258300,SOUTHERN METHODIST COLLEGE              ,SC,29116-1027,Private      ,5,15,20,7,23,30
03293300,STRAND COLLEGE OF HAIR DESIGN           ,SC,29572-4310,Proprietary  ,1,22,23,3,33,36
03304300,CENTURA COLLEGE                         ,SC,29406-9235,Proprietary  ,52,220,272,86,407,493
03513300,LACY COSMETOLOGY SCHOOL                 ,SC,29803-9084,Proprietary  ,7,12,19,10,19,29
03513301,LACY COSMETOLOGY SCHOOL -               ,SC,29072-0000,Proprietary  ,1,22,23,3,27,30
03513302,LACY COSMETOLOGY SCHOOL -               ,SC,29445-0000,Proprietary  ,0,3,3,0,3,3
03595300,CHARLESTON SCHOOL OF MASSAGE            ,SC,29412-8270,Proprietary  ,3,9,12,8,19,27
03746300,LEGRAND INSTITUTE OF COSMETOLOGY        ,SC,29020-0000,Proprietary  ,6,13,19,10,19,29
03746400,SOUTHEASTERN INSTITUTE                  ,SC,29210-0000,Proprietary  ,20,50,70,28,63,91
03768400,STYLETRENDS BARBER AND HAIRSTYLING ACADE,SC,29730-4511,Proprietary  ,5,21,26,7,22,29
03842300,PLATINUM SHEAR SCHOOL OF COSMETOLOGY    ,SC,29115-0000,Proprietary  ,1,9,10,3,12,15
03856400,W. L. BONNER COLLEGE                    ,SC,29203-0000,Private      ,2,18,20,2,31,33
03892300,HARLEY'S BEAUTY & BARBER CAREER INST.   ,SC,29204-1919,Proprietary  ,9,26,35,11,37,48
00345800,AUGUSTANA COLLEGE                       ,SD,57197-0001,Private      ,505,76,581,1534,131,1665
00345900,BLACK HILLS STATE UNIVERSITY            ,SD,57799-9670,Public       ,599,451,1050,1713,978,2691
00346100,DAKOTA WESLEYAN UNIVERSITY              ,SD,57301-4398,Private      ,214,126,340,542,255,797
00346300,DAKOTA STATE UNIVERSITY                 ,SD,57042-1799,Public       ,302,169,471,908,356,1264
00346500,MOUNT MARTY COLLEGE                     ,SD,57078-3724,Private      ,142,187,329,491,358,849
00346600,NORTHERN STATE UNIVERSITY               ,SD,57401-7198,Public       ,235,154,389,1222,454,1676
00346700,PRESENTATION COLLEGE                    ,SD,57401-1299,Private      ,78,145,223,317,392,709
00346900,UNIVERSITY OF SIOUX FALLS               ,SD,57105-1699,Private      ,205,154,359,1121,350,1471
00347000,SOUTH DAKOTA SCH OF MINES & TECH        ,SD,57701-3995,Public       ,261,146,407,1061,328,1389
00347100,SOUTH DAKOTA STATE UNIVERSITY           ,SD,57007-2298,Public       ,1980,916,2896,6132,1784,7916
00347400,UNIVERSITY OF SOUTH DAKOTA              ,SD,57069-2390,Public       ,1278,1391,2669,3706,2859,6565
00405600,SIOUX FALLS SEMINARY                    ,SD,57105-2729,Private      ,0,35,35,1,57,58
00405700,NATIONAL AMERICAN UNIVERSITY            ,SD,57701-3692,Proprietary  ,209,1590,1799,278,2324,2602
00405707,NATIONAL AMERICAN UNIVERSITY            ,SD,57105-0000,Proprietary  ,18,93,111,34,161,195
00492900,MCKENNAN HOSP-RADOLOGICAL TECH          ,SD,57101-0000,Private      ,3,3,6,27,5,32
00530900,LAKE AREA TECHNICAL INSTITUTE           ,SD,57201-2869,Public       ,264,137,401,589,217,806
00598700,AVERA SACRED HEART HOSPITAL SCHOOL OF RA,SD,57078-3899,Private      ,1,4,5,8,4,12
00776400,SOUTHEAST TECHNICAL INST                ,SD,57107-0000,Public       ,447,302,749,933,498,1431
00828400,MITCHELL TECHNICAL INSTITUTE            ,SD,57301-2002,Public       ,174,122,296,375,210,585
01013800,STEWART SCHOOL                          ,SD,57104-0000,Proprietary  ,52,13,65,73,19,92
01014804,COLORADO TECHNICAL UNIVERSITY           ,SD,57108-2272,Proprietary  ,89,229,318,215,598,813
01017000,WESTERN DAKOTA TECHNICAL INSTITUTE      ,SD,57701-4018,Public       ,175,248,423,337,447,784
01147701,SIOUX VALLEY HOSP-MEDICAL TECH          ,SD,57117-5039,Private      ,5,5,10,21,8,29
01465900,OGLALA LAKOTA COLLEGE                   ,SD,57752-0490,Public       ,68,323,391,114,456,570
02137100,BLACK HILLS BEAUTY COLLEGE              ,SD,57701-0000,Proprietary  ,20,23,43,33,33,66
02143700,SINTE GLESKA UNIVERSITY                 ,SD,57570-0000,Public       ,23,101,124,43,225,268
02144600,KILIAN COMMUNITY COLLEGE                ,SD,57103-7020,Private      ,41,204,245,61,304,365
02277300,SISSETON WAHPETON COLLEGE               ,SD,57262-0000,Public       ,8,26,34,10,26,36
02297800,HEADLINES ACADEMY                       ,SD,57701-0000,Proprietary  ,16,30,46,27,47,74
00347700,AQUINAS COLLEGE                         ,TN,37205-2086,Private      ,66,177,243,208,507,715
00347701,AQUINAS COLLEGE -  PRIMETIME PROGRAM    ,TN,37214-3644,Private      ,1,103,104,4,172,176
00347800,AUSTIN PEAY STATE UNIVERSITY            ,TN,37044-0002,Public       ,1522,1870,3392,4474,4159,8633
00347900,BELMONT UNIVERSITY                      ,TN,37212-3757,Private      ,661,515,1176,3827,1404,5231
00348000,BETHEL COLLEGE                          ,TN,38201-1705,Private      ,201,438,639,996,1203,2199
00348100,CARSON-NEWMAN COLLEGE                   ,TN,37760-2204,Private      ,466,154,620,2408,367,2775
00348200,CHRISTIAN BROTHERS UNIVERSITY           ,TN,38104-5581,Private      ,214,325,539,1644,938,2582
00348300,COLUMBIA STATE COMMUNITY COLLEGE        ,TN,38401-5653,Public       ,644,735,1379,1534,1441,2975
00348500,CUMBERLAND UNIVERSITY                   ,TN,37087-3554,Private      ,227,185,412,1103,449,1552
00348600,LIPSCOMB UNIVERSITY                     ,TN,37204-3951,Private      ,578,222,800,2161,479,2640
00348700,EAST TENNESSEE STATE UNIV - MAIN CAMPUS ,TN,37614-2857,Public       ,2405,1721,4126,6425,3686,10111
00348701,EAST TENNESSEE STATE UNIV - MEDICINE    ,TN,37614-1708,Public       ,20,131,151,66,316,382
00348709,EAST TENNESSEE STATE UNIV - PHARMACY    ,TN,37614-1704,Public       ,23,81,104,1241,642,1883
00349000,FISK UNIVERSITY                         ,TN,37208-3045,Private      ,248,98,346,1272,270,1542
00349200,FREED-HARDEMAN UNIVERSITY               ,TN,38340-2399,Private      ,278,328,606,1388,580,1968
00349400,HIWASSEE COLLEGE                        ,TN,37354-4001,Private      ,99,25,124,389,70,459
00349500,JOHNSON BIBLE COLLEGE                   ,TN,37998-9775,Private      ,170,80,250,460,163,623
00349600,KING COLLEGE                            ,TN,37620-2699,Private      ,277,302,579,978,572,1550
00349800,LAMBUTH UNIVERSITY                      ,TN,38301-5296,Private      ,155,76,231,971,227,1198
00349900,LANE COLLEGE                            ,TN,38301-4598,Private      ,618,228,846,1836,626,2462
00350000,LEE UNIVERSITY                          ,TN,37320-0000,Private      ,758,327,1085,2674,787,3461
00350100,LEMOYNE-OWEN COLLEGE                    ,TN,38126-6510,Private      ,133,203,336,497,572,1069
00350200,LINCOLN MEMORIAL UNIVERSITY             ,TN,37752-7920,Private      ,324,955,1279,1125,1994,3119
00350400,MARTIN METHODIST COLLEGE                ,TN,38478-2799,Private      ,158,65,223,637,313,950
00350500,MARYVILLE COLLEGE                       ,TN,37804-5907,Private      ,300,52,352,1745,140,1885
00350600,MEHARRY MEDICAL COLLEGE                 ,TN,37208-0000,Private      ,12,403,415,34,1072,1106
00350700,MEMPHIS COLLEGE OF ART                  ,TN,38104-2764,Private      ,152,52,204,440,133,573
00350900,UNIVERSITY OF MEMPHIS (THE)             ,TN,38152-4611,Public       ,3222,3603,6825,11015,9651,20666
00351000,MIDDLE TENNESSEE STATE UNIV             ,TN,37130-0000,Public       ,5556,2793,8349,14835,5724,20559
00351100,MILLIGAN COLLEGE                        ,TN,37682-4001,Private      ,125,120,245,816,348,1164
00351700,SOUTHERN COLLEGE OF OPTOMETRY           ,TN,38104-2222,Private      ,4,109,113,7,547,554
00351800,SOUTHERN ADVENTIST UNIVERSITY           ,TN,37315-0370,Private      ,577,149,726,1670,425,2095
00351900,RHODES COLLEGE                          ,TN,38112-1690,Private      ,291,58,349,1962,133,2095
00352200,TENNESSEE STATE UNIVERSITY              ,TN,37209-1561,Public       ,2252,2186,4438,8370,5165,13535
00352300,TENNESSEE TECHNOLOGICAL UNIV            ,TN,38505-0001,Public       ,2046,1051,3097,6416,2222,8638
00352400,TENNESSEE TEMPLE UNIVERSITY             ,TN,37404-3587,Private      ,191,60,251,459,132,591
00352500,TENNESSEE WESLEYAN COLLEGE              ,TN,37371-0040,Private      ,197,79,276,783,308,1091
00352600,TREVECCA NAZARENE UNIVERSITY            ,TN,37210-2877,Private      ,312,566,878,898,1160,2058
00352700,TUSCULUM COLLEGE                        ,TN,37743-0001,Private      ,266,458,724,1591,1539,3130
00352800,UNION UNIVERSITY                        ,TN,38305-3697,Private      ,450,535,985,1845,1064,2909
00352900,UNIVERSITY OF TENNESSEE-CHATTANOOGA     ,TN,37403-2598,Public       ,2302,988,3290,7729,2253,9982
00353000,UNIVERSITY OF TENNESSEE-KNOXVILLE       ,TN,37996-0150,Public       ,5338,2289,7627,19777,6019,25796
00353006,UNIVERSITY OF TENNESSEE-HEALTH SCI CTR  ,TN,38103-0000,Public       ,81,772,853,282,2532,2814
00353100,UNIVERSITY OF TENNESSEE-MARTIN          ,TN,38238-0002,Public       ,1191,602,1793,5674,1697,7371
00353400,UNIVERSITY OF THE SOUTH                 ,TN,37383-1000,Private      ,140,18,158,1323,42,1365
00353500,VANDERBILT UNIVERSITY                   ,TN,37240-0001,Private      ,1243,1238,2481,7315,3970,11285
00353501,VANDERBILT UNIV MED CTR ALLIEDHEAL      ,TN,37232-5510,Private      ,7,51,58,19,125,144
00353502,VANDERBILT UNIV - SCH OF MED            ,TN,37232-0000,Private      ,16,217,233,45,808,853
00353600,BRYAN COLLEGE                           ,TN,37321-7000,Private      ,139,93,232,860,251,1111
00399800,CHATTANOOGA STATE COMMUNITY COLLEGE     ,TN,37406-1097,Public       ,959,1547,2506,2229,2895,5124
00399900,CLEVELAND STATE COMMUNITY COLLEGE       ,TN,37312-2858,Public       ,327,506,833,919,1044,1963
00402500,TN TECHNOLOGY CTR AT KNOXVILLE          ,TN,37919-2327,Public       ,105,187,292,199,422,621
00402600,TENNESSEE TECH. CNTR AT CROSSVILLE      ,TN,38555-4142,Public       ,57,94,151,157,243,400
00461700,NATIONAL COLLEGE OF BUSINESS & TECH     ,TN,37211-6605,Proprietary  ,57,370,427,93,755,848
00493400,DRAUGHONS JR CLG OF BUSINESS            ,TN,37217-1056,Proprietary  ,135,762,897,183,1189,1372
00493700,JACKSON STATE COMMUNITY COLLEGE         ,TN,38301-3797,Public       ,555,814,1369,1842,1905,3747
00493800,SOUTH COLLEGE                           ,TN,37909-3323,Proprietary  ,87,344,431,208,728,936
00494700,WEST TENNESSEE BUSINESS COLLEGE         ,TN,38301-3256,Proprietary  ,21,123,144,57,246,303
00528000,TN TECHNOLOGY CTR AT COVINGTON          ,TN,38019-0249,Public       ,27,54,81,54,134,188
00528100,TN TECHNOLOGY CTR AT ELIZABETHTON       ,TN,37643-0789,Public       ,59,194,253,114,431,545
00528200,TN TECHNOLOGY CTR AT HARTSVILLE         ,TN,37074-0000,Public       ,41,66,107,105,188,293
00528300,TN TECHNOLOGY CTR AT NEWBERN            ,TN,38059-1198,Public       ,29,116,145,79,285,364
00530700,TN TECHNOLOGY CTR AT MCMINNVILLE        ,TN,37110-1322,Public       ,41,127,168,87,265,352
00535100,TENNESSEE TECHNOLOGY CENTER AT MORRISTOW,TN,37813-2094,Public       ,130,260,390,279,558,837
00535200,TN TECHNOLOGY CENTER AT MCKENZIE        ,TN,38201-1620,Public       ,50,105,155,99,217,316
00535300,TN TECHNOLOGY CENTER AT LIVINGSTON      ,TN,38570-0219,Public       ,87,140,227,169,266,435
00535400,TN TECHNOLOGY CTR AT JACKSON            ,TN,38301-0000,Public       ,96,200,296,277,560,837
00535600,TENNESSEE TECHNOLOGY CENTER AT HOHENWALD,TN,38462-0000,Public       ,48,112,160,127,222,349
00535700,TENNESSEE TECHNOLOGY CENTER AT CRUMP    ,TN,38327-3402,Public       ,39,105,144,126,258,384
00535800,TN TECHNOLOGY CENTER AT ATHENS          ,TN,37371-0848,Public       ,53,86,139,125,183,308
00535900,TENNESSEE TECHNOLOGY CENTER AT NASHVILLE,TN,37209-0000,Public       ,119,301,420,246,557,803
00536000,TENNESSEE TECHNOLOGY CENTER AT MEMPHIS  ,TN,38105-3604,Public       ,193,500,693,375,956,1331
00537800,NORTHEAST STATE TECH CMNTY COLG         ,TN,37617-0246,Public       ,616,790,1406,1680,1906,3586
00537900,TN TECHNOLOGY CTR AT SHELBYVILLE        ,TN,37160-3697,Public       ,107,189,296,244,498,742
00683500,DYERSBURG STATE COMMUNITY COLLEGE       ,TN,38024-0000,Public       ,288,441,729,977,1131,2108
00683600,MOTLOW STATE COMMUNITY COLLEGE          ,TN,37388-7972,Public       ,598,597,1195,1318,1183,2501
00743900,FOUNTAINHEAD COLLEGE OF TECHNOLOGY      ,TN,37918-2583,Proprietary  ,16,42,58,54,96,150
00744000,NASHVILLE AUTO DIESEL COLLEGE           ,TN,37206-3298,Proprietary  ,760,221,981,1626,422,2048
00778200,TENNESSEE TECHNOLOGY CENTER AT DICKSON  ,TN,37055-0000,Public       ,67,138,205,153,314,467
00778300,MIDDLE TENNESSEE SCH OF ANESTHESIA      ,TN,37116-0417,Private      ,4,80,84,7,142,149
00814500,NASHVILLE STATE TECH CMNTY COLLEGE      ,TN,37209-0000,Public       ,671,1359,2030,1377,2558,3935
00865500,GENESIS CAREER COLLEGE OF COOKEVILLE    ,TN,38501-1959,Proprietary  ,15,32,47,22,41,63
00885900,JOHN A GUPTON COLLEGE                   ,TN,37203-2934,Private      ,19,26,45,49,73,122
00886300,WALTERS STATE COMMUNITY COLLEGE         ,TN,37813-6899,Public       ,870,906,1776,2330,1936,4266
00946400,TN TECHNOLOGY CTR AT PULASKI            ,TN,38478-4541,Public       ,29,97,126,66,213,279
00956700,TENNESSEE SCHOOL OF BEAUTY              ,TN,37921-3303,Proprietary  ,27,48,75,59,83,142
00971000,TENNESSEE TECHNOLOGY CENTER AT ONEIDA/HU,TN,37756-4149,Public       ,26,60,86,39,96,135
00991200,VOLUNTEER STATE COMMUNITY COLLEGE       ,TN,37066-3188,Public       ,853,934,1787,1985,1935,3920
00991400,ROANE STATE COMMUNITY COLLEGE           ,TN,37748-8664,Public       ,811,948,1759,1957,1900,3857
00998200,CRICHTON COLLEGE                        ,TN,38111-4745,Private      ,136,327,463,455,803,1258
01021700,INTERNATIONAL ACADEMY OF DESIGN & TECH  ,TN,37212-0000,Proprietary  ,351,356,707,512,596,1108
01032600,TN TECHNOLOGY CTR AT HARRIMAN           ,TN,37748-1109,Public       ,45,65,110,72,144,216
01043900,SOUTHWEST TENNESSEE COMMUNITY COLLG     ,TN,38104-3322,Public       ,1406,2559,3965,3384,5868,9252
01044700,"PLAZA BEAUTY SCHOOL, INC.               ",TN,38117-4822,Proprietary  ,15,37,52,25,51,76
01046000,AMERICAN BAPTIST THEOLOGICAL SEMINA     ,TN,37207-4994,Private      ,4,23,27,9,56,65
01052900,MEMPHIS THEOLOGICAL SEMINARY            ,TN,38104-0000,Private      ,4,65,69,5,108,113
01070000,TN TECHNOLOGY CENTER AT JACKSBORO       ,TN,37757-2461,Public       ,31,54,85,60,109,169
01155300,WM R MOORE COLLEGE OF TECHNOLOGY        ,TN,38104-0000,Private      ,20,22,42,36,38,74
01216400,TENNESSEE TECHNICAL CNTR AT RIPLEY      ,TN,38063-7359,Public       ,15,29,44,27,98,125
01254700,EMMANUEL SCHOOL OF RELIGION             ,TN,37601-0000,Private      ,0,17,17,1,34,35
01269300,PELLISSIPPI STATE COMMUNITY COLLEGE     ,TN,37933-0990,Public       ,1036,868,1904,2459,1816,4275
02092800,TENNESSEE TECHNOLOGY CENTER AT WHITEVILL,TN,38075-0000,Public       ,41,76,117,67,133,200
02103500,TN TECHNOLOGY CTR AT MURFREESBORO       ,TN,37129-0000,Public       ,64,97,161,133,206,339
02106400,O'MORE COLLEGE OF DESIGN                ,TN,37064-0000,Private      ,51,26,77,152,40,192
02125300,NASHVILLE CLG OF MEDICAL CAREERS        ,TN,37115-0000,Proprietary  ,12,66,78,23,118,141
02153100,JON NAVE UNIVERSITY OF COSMETOLOGY      ,TN,37013-3347,Proprietary  ,18,35,53,32,53,85
02157100,CONCORDE CAREER COLLEGE                 ,TN,38137-0000,Proprietary  ,87,411,498,157,740,897
02188300,PENTECOSTAL THEOLOGICAL SEMINARY        ,TN,37320-0000,Private      ,1,97,98,2,132,134
02204200,"CHATTANOOGA COLLEGE - MEDICAL, DENTAL AN",TN,37411-0000,Proprietary  ,11,64,75,16,164,180
02237900,TN TECHNOLOGY CENTER AT PARIS           ,TN,38242-0000,Public       ,46,186,232,89,371,460
02257400,ARNOLD'S BEAUTY SCHOOL                  ,TN,38358-0000,Proprietary  ,6,9,15,9,17,26
02275500,REUBEN-ALLEN COLLEGE                    ,TN,37922-0000,Proprietary  ,5,6,11,13,9,22
02278700,MR WAYNES SCH OF UNISEX HAIR DESIGN     ,TN,38501-0000,Proprietary  ,1,8,9,1,13,14
02293900,VOLUNTEER BEAUTY ACADEMY-NASHVILLE      ,TN,37115-2112,Proprietary  ,4,22,26,6,24,30
02294000,VOLUNTEER BEAUTY ACADEMY-DYERSBURG      ,TN,38024-1622,Proprietary  ,10,42,52,16,45,61
02326200,KAPLAN CAREER INSTITUTE                 ,TN,37217-1342,Proprietary  ,11,83,94,31,231,262
02326300,MEDVANCE INSTITUTE                      ,TN,38501-4305,Proprietary  ,115,441,556,157,677,834
02335900,VOLUNTEER BEAUTY ACADEMY-NASHVILLE      ,TN,37209-3033,Proprietary  ,11,22,33,17,36,53
02359800,ITT TECHNICAL INSTITUTE                 ,TN,37214-3717,Proprietary  ,316,613,929,459,770,1229
02498000,NEW WAVE HAIR ACADEMY                   ,TN,38128-0000,Proprietary  ,18,59,77,24,68,92
02539800,QUEEN CITY COLLEGE                      ,TN,37042-0000,Proprietary  ,16,83,99,21,103,124
02540000,TENNESSEE ACADEMY OF COSMETOLOGY        ,TN,38133-0000,Proprietary  ,11,39,50,21,43,64
02578200,NOSSI COLLEGE OF ART                    ,TN,37072-0000,Proprietary  ,92,118,210,185,235,420
02595000,FAYETTEVILLE BEAUTY SCHOOL              ,TN,37334-2909,Proprietary  ,9,12,21,14,15,29
02597600,NEW WAVE HAIR ACADEMY                   ,TN,38301-3812,Proprietary  ,23,80,103,28,91,119
02599710,VATTEROTT COLLEGE - MEMPHIS             ,TN,38132-1714,Proprietary  ,43,285,328,62,347,409
02605501,REMINGTON COLLEGE - MEMPHIS CAMPUS      ,TN,38132-0000,Proprietary  ,102,328,430,171,548,719
02614200,MILLER MOTTE BUSINESS COLLEGE           ,TN,37040-6023,Proprietary  ,67,252,319,96,474,570
02614203,MILLER - MOTTE TECHNICAL COLLEGE - CHATT,TN,37421-7220,Proprietary  ,79,234,313,151,570,721
02614204,MILLER - MOTTE TECHNICAL COLLEGE - GOODL,TN,37072-1870,Proprietary  ,21,107,128,27,178,205
03001800,FREE WILL BAPTIST BIBLE COLLEGE         ,TN,37205-2498,Private      ,81,27,108,168,57,225
03008800,FRANKLIN ACADEMY                        ,TN,37312-3939,Private      ,7,25,32,9,26,35
03010606,VIRGINIA COLLEGE - SCH OF BUSNSS & HLTH ,TN,37411-5600,Proprietary  ,4,24,28,10,47,57
03012500,NEW WAVE HAIR ACADEMY                   ,TN,38111-4253,Proprietary  ,30,132,162,42,161,203
03024900,TENNESSEE ACADEMY OF COSMETOLOGY        ,TN,38125-3442,Proprietary  ,6,40,46,13,52,65
03061100,GENESIS CAREER COLLEGE OF LEBANON       ,TN,37087-2718,Proprietary  ,20,67,87,22,71,93
03073400,ITT TECHNICAL INSTITUTE                 ,TN,37932-3343,Proprietary  ,427,795,1222,561,969,1530
03079100,NORTH CENTRAL INSTITUTE                 ,TN,37042-3116,Proprietary  ,1,24,25,5,29,34
03088800,WATKINS INSTITUTE COLLEGE OF ART & DESIG,TN,37228-1306,Private      ,96,79,175,280,164,444
03126900,STYLES & PROFILES BEAUTY COLLEGE        ,TN,38375-2109,Proprietary  ,0,5,5,0,5,5
03149300,NEW DIRECTIONS HAIR ACADEMY             ,TN,37209-0000,Proprietary  ,35,128,163,36,150,186
03355400,RICHMONT GRADUATE UNIVERSITY            ,TN,37404-0000,Private      ,1,44,45,1,66,67
03440300,BAPTIST MEMORIAL COLLEGE OF HEALTH      ,TN,38104-3104,Private      ,149,300,449,525,876,1401
03454300,TENNESSEE CAREER COLLEGE                ,TN,37214-2945,Proprietary  ,7,48,55,17,64,81
03487300,TEMPLE BAPTIST SEMINARY                 ,TN,37404-0000,Private      ,1,8,9,8,22,30
03513500,WILLIAMSON CHRISTIAN COLLEGE            ,TN,37067-8237,Private      ,0,14,14,1,27,28
03647300,NEW CONCEPTS SCHOOL OF COSMETOLOGY      ,TN,37311-7373,Proprietary  ,1,12,13,3,16,19
03683300,INTERNATIONAL BARBER & STYLE COLLEGE    ,TN,37209-0000,Proprietary  ,4,11,15,5,17,22
03774300,PYRAMID BEAUTY SCHOOL                   ,TN,38104-2324,Proprietary  ,4,7,11,7,16,23
03774400,SHEAR ACADEMY                           ,TN,38555-4177,Proprietary  ,4,3,7,7,11,18
03830300,SAE INSTITUTE OF TECHNOLOGY             ,TN,37203-4310,Proprietary  ,37,50,87,100,107,207
03841300,CAREER BEAUTY COLLEGE                   ,TN,38464-3634,Proprietary  ,2,7,9,4,8,12
03920300,INSTITUTE OF HAIR DESIGN                ,TN,38310-1801,Proprietary  ,5,18,23,13,33,46
03930300,BUCHANAN BEAUTY COLLEGE                 ,TN,37160-2741,Proprietary  ,2,15,17,6,17,23
03982300,VISIBLE SCHOOL - MUSIC AND WORSHIPS ARTS,TN,38104-5814,Private      ,17,10,27,31,16,47
04025300,LAST MINUTE CUTS SCHOOL OF BARBERING AND,TN,38109-7709,Proprietary  ,0,20,20,7,31,38
04035300,NAVE COSMETOLOGY ACADEMY                ,TN,38401-6335,Proprietary  ,9,55,64,12,59,71
04037400,MASON ACADEMY OF COSMETOLOGY            ,TN,38049-7048,Proprietary  ,1,1,2,1,1,2
00353700,ABILENE CHRISTIAN UNIVERSITY            ,TX,79699-3701,Private      ,1245,412,1657,3172,777,3949
00353900,ALVIN COMMUNITY COLLEGE                 ,TX,77511-4807,Public       ,317,577,894,460,847,1307
00354000,AMARILLO COLLEGE                        ,TX,79109-2446,Public       ,874,1721,2595,1588,2829,4417
00354100,ANGELO STATE UNIVERSITY                 ,TX,76909-5069,Public       ,1627,653,2280,4084,1475,5559
00354300,AUSTIN COLLEGE                          ,TX,75090-4440,Private      ,471,49,520,1416,88,1504
00354400,AUSTIN PRESBYTERIAN THEOLOGICAL SEM     ,TX,78705-5797,Private      ,1,84,85,1,114,115
00354500,BAYLOR UNIVERSITY                       ,TX,76798-1458,Private      ,3106,1000,4106,12390,2660,15050
00354600,COASTAL BEND COLLEGE                    ,TX,78102-2197,Public       ,490,588,1078,832,993,1825
00354900,BLINN COLLEGE                           ,TX,77833-4098,Public       ,2959,1186,4145,5330,2003,7333
00355300,CISCO JUNIOR COLLEGE                    ,TX,76437-9803,Public       ,545,558,1103,999,887,1886
00355400,CLARENDON COLLEGE                       ,TX,79226-0000,Public       ,114,86,200,199,142,341
00355600,COMMONWEALTH INST OF FUNERAL SVC        ,TX,77090-5918,Private      ,5,37,42,17,82,99
00355700,CONCORDIA UNIVERSITY TEXAS              ,TX,78726-4141,Private      ,406,531,937,860,804,1664
00355800,NORTH CENTRAL TEXAS COLLEGE             ,TX,76240-4699,Public       ,680,751,1431,1139,1311,2450
00356000,DALLAS BAPTIST UNIVERSITY               ,TX,75211-9299,Private      ,764,1151,1915,1676,1972,3648
00356100,CEDAR VALLEY COLLEGE                    ,TX,75134-0000,Public       ,543,880,1423,903,1399,2302
00356200,DALLAS THEOLOGICAL SEM                  ,TX,75204-0000,Private      ,3,219,222,7,374,381
00356300,DEL MAR COLLEGE                         ,TX,78404-3897,Public       ,1485,2083,3568,2652,3418,6070
00356400,EAST TEXAS BAPTIST UNIVERSITY           ,TX,75670-1423,Private      ,581,112,693,1383,266,1649
00356500,TEXAS A&M UNIVERSITY - COMMERCE         ,TX,75429-3011,Public       ,1328,1740,3068,2795,3320,6115
00356600,EPISCOPAL THEOL SEM OF THE STHWST       ,TX,78768-0000,Private      ,0,1,1,0,3,3
00356800,FRANK PHILLIPS COLLEGE                  ,TX,79008-0000,Public       ,119,128,247,186,203,389
00357000,GRAYSON COUNTY COLLEGE                  ,TX,75020-8299,Public       ,468,704,1172,785,1191,1976
00357100,HARDIN-SIMMONS UNIVERSITY               ,TX,79698-6050,Private      ,721,367,1088,1773,675,2448
00357200,TRINITY VALLEY COMMUNITY COLLEGE        ,TX,75751-2734,Public       ,567,921,1488,980,1514,2494
00357300,HILL COLLEGE                            ,TX,76645-2711,Public       ,227,222,449,376,325,701
00357301,HILL COLLEGE                            ,TX,76031-0000,Public       ,182,367,549,288,574,862
00357400,HOWARD COLLEGE                          ,TX,79720-0213,Public       ,353,592,945,677,992,1669
00357500,HOWARD PAYNE UNIVERSITY                 ,TX,76801-2715,Private      ,421,131,552,1161,243,1404
00357600,HOUSTON BAPTIST UNIVERSITY              ,TX,77074-3298,Private      ,681,612,1293,1956,1232,3188
00357700,HUSTON - TILLOTSON UNIVERSITY           ,TX,78702-2795,Private      ,286,157,443,562,285,847
00357800,UNIVERSITY OF THE INCARNATE WORD        ,TX,78209-6398,Private      ,1195,1430,2625,3012,2704,5716
00357900,JACKSONVILLE COLLEGE                    ,TX,75766-4759,Private      ,78,42,120,132,63,195
00358000,KILGORE COLLEGE                         ,TX,75662-3299,Public       ,864,1047,1911,1480,1651,3131
00358100,LAMAR UNIVERSITY-BEAUMONT               ,TX,77710-0042,Public       ,2171,1483,3654,4448,2698,7146
00358200,LAREDO COMMUNITY COLLEGE                ,TX,78040-4395,Public       ,1389,1065,2454,2573,1834,4407
00358300,LEE COLLEGE                             ,TX,77520-4796,Public       ,473,970,1443,740,1650,2390
00358400,LETOURNEAU UNIVERSITY                   ,TX,75607-0000,Private      ,393,1151,1544,1317,1902,3219
00358500,LON MORRIS COLLEGE                      ,TX,75766-2900,Private      ,166,36,202,263,59,322
00358600,LUBBOCK CHRISTIAN UNIVERSITY            ,TX,79407-2099,Private      ,529,415,944,1079,705,1784
00358800,UNIVERSITY OF MARY HARDIN-BAYLOR        ,TX,76513-2599,Private      ,584,429,1013,2068,936,3004
00359000,MCLENNAN COMMUNITY COLLEGE              ,TX,76708-1498,Public       ,1435,2061,3496,2444,3377,5821
00359100,MCMURRY UNIVERSITY                      ,TX,79697-0001,Private      ,501,202,703,1367,425,1792
00359200,MIDWESTERN STATE UNIVERSITY             ,TX,76308-2099,Public       ,1148,923,2071,2685,1740,4425
00359300,NAVARRO COLLEGE                         ,TX,75110-4818,Public       ,953,1105,2058,1694,1821,3515
00359400,UNIVERSITY OF NORTH TEXAS               ,TX,76203-1370,Public       ,7738,5389,13127,17611,10309,27920
00359500,OBLATE SCHOOL OF THEOLOGY               ,TX,78216-0000,Private      ,0,3,3,0,4,4
00359600,ODESSA COLLEGE                          ,TX,79764-7127,Public       ,515,764,1279,836,1286,2122
00359800,OUR LADY OF THE LAKE UNIVERSITY         ,TX,78207-4689,Private      ,617,848,1465,1791,1641,3432
00359900,UNIVERSITY OF TEXAS - PAN AMERICAN      ,TX,78541-2999,Public       ,2932,2344,5276,10768,5751,16519
00360000,PANOLA COLLEGE                          ,TX,75633-2397,Public       ,299,350,649,519,570,1089
00360100,PARIS JR COLLEGE                        ,TX,75460-6298,Public       ,508,697,1205,864,1060,1924
00360200,PAUL QUINN COLLEGE                      ,TX,75241-4398,Private      ,252,348,600,401,548,949
00360300,RANGER COLLEGE                          ,TX,76470-3298,Public       ,180,90,270,320,159,479
00360400,RICE UNIVERSITY                         ,TX,77251-1892,Private      ,756,485,1241,4919,1208,6127
00360600,SAM HOUSTON STATE UNIVERSITY            ,TX,77340-0000,Public       ,4408,2115,6523,9836,4048,13884
00360700,ALAMO CMTY CLG DISTRICT PROGRAM         ,TX,78207-0000,Public       ,49,78,127,116,146,262
00360800,ST PHILLIPS COLLEGE                     ,TX,78203-2098,Public       ,1507,2429,3936,2430,4120,6550
00360900,SAN JACINTO CLG-CENTRAL-NORTH-SOUTH     ,TX,77501-0000,Public       ,1916,2494,4410,3110,4173,7283
00361000,SCHREINER UNIVERSITY                    ,TX,78028-5697,Private      ,348,155,503,903,318,1221
00361100,SOUTH PLAINS COLLEGE                    ,TX,79336-6504,Public       ,1710,1519,3229,2900,2535,5435
00361200,UNIV OF HOUSTON-DOWNTOWN                ,TX,77002-1001,Public       ,2033,2882,4915,4015,5393,9408
00361300,SOUTHERN METHODIST UNIVERSITY           ,TX,75275-0181,Private      ,1318,1636,2954,4466,3560,8026
00361400,SOUTHWEST TEXAS JR COLLEGE              ,TX,78801-6221,Public       ,654,758,1412,1177,1278,2455
00361500,TEXAS STATE UNIVERSITY--SAN MARCOS      ,TX,78666-4602,Public       ,6200,3664,9864,16076,7739,23815
00361600,SOUTHWESTERN ASSEMBLIES OF GOD UNIV     ,TX,75165-2397,Private      ,466,303,769,909,552,1461
00361700,SOUTHWESTERN BAPTIST THEOL SEMINARY     ,TX,76122-0000,Private      ,16,55,71,26,116,142
00361800,SOUTHWESTERN CHRISTIAN COLLEGE          ,TX,75160-3400,Private      ,79,22,101,124,39,163
00361900,SOUTHWESTERN ADVENTIST UNIVERSITY       ,TX,76059-1922,Private      ,248,149,397,439,262,701
00362000,SOUTHWESTERN UNIVERSITY                 ,TX,78626-6111,Private      ,178,43,221,1550,102,1652
00362100,ST EDWARDS UNIVERSITY                   ,TX,78704-0000,Private      ,1243,907,2150,3496,1870,5366
00362300,ST MARY'S UNIV OF SAN ANTONIO           ,TX,78228-8500,Private      ,735,791,1526,2926,2126,5052
00362400,STEPHEN F AUSTIN STATE UNIVERSITY       ,TX,75962-0001,Public       ,3401,1411,4812,7910,2542,10452
00362500,SUL ROSS STATE UNIVERSITY               ,TX,79832-0113,Public       ,434,588,1022,971,1075,2046
00362600,TARRANT COUNTY COLLEGE                  ,TX,76102-6599,Public       ,3488,4794,8282,5819,8330,14149
00362700,TEMPLE COLLEGE                          ,TX,76504-7435,Public       ,572,1009,1581,1010,1704,2714
00362800,TEXARKANA COLLEGE                       ,TX,75599-0001,Public       ,578,727,1305,1048,1170,2218
00363000,PRAIRIE VIEW A&M UNIVERSITY             ,TX,77446-2967,Public       ,2983,1847,4830,6855,3260,10115
00363100,TARLETON STATE UNIVERSITY               ,TX,76402-0000,Public       ,1844,1541,3385,3963,2927,6890
00363200,TEXAS A&M UNIVERSITY                    ,TX,77842-0000,Public       ,8060,2559,10619,23778,5273,29051
00363400,TEXAS STATE TECHNICAL CLG AT WACO       ,TX,76705-1695,Public       ,913,829,1742,1501,1309,2810
00363500,TEXAS CHIROPRACTIC COLLEGE              ,TX,77505-1699,Private      ,3,192,195,8,333,341
00363600,TEXAS CHRISTIAN UNIVERSITY              ,TX,76129-0001,Private      ,1843,917,2760,6784,1936,8720
00363700,JARVIS CHRISTIAN COLLEGE                ,TX,75765-1470,Private      ,226,82,308,361,110,471
00363800,TEXAS COLLEGE                           ,TX,75702-4500,Private      ,319,226,545,537,349,886
00363900,TEXAS A&M UNIVERSITY-KINGSVILLE         ,TX,78363-8203,Public       ,1431,1401,2832,3597,2431,6028
00364100,TEXAS LUTHERAN UNIVERSITY               ,TX,78155-5999,Private      ,589,77,666,1440,164,1604
00364200,TEXAS SOUTHERN UNIVERSITY               ,TX,77004-4598,Public       ,3193,3185,6378,6950,6655,13605
00364300,TEXAS SOUTHMOST COLLEGE                 ,TX,78520-4992,Public       ,66,122,188,168,235,403
00364400,TEXAS TECH UNIVERSITY                   ,TX,79409-0000,Public       ,6095,2847,8942,14615,5939,20554
00364500,TEXAS WESLEYAN UNIVERSITY               ,TX,76105-1536,Private      ,409,1298,1707,821,2566,3387
00364600,TEXAS WOMAN'S UNIVERSITY                ,TX,76204-5587,Public       ,1485,2619,4104,3932,6622,10554
00364700,TRINITY UNIVERSITY                      ,TX,78212-7200,Private      ,540,127,667,2638,303,2941
00364800,TYLER JUNIOR COLLEGE                    ,TX,75701-3436,Public       ,1825,1497,3322,3321,2603,5924
00365100,UNIVERSITY OF DALLAS                    ,TX,75062-4799,Private      ,308,403,711,1406,788,2194
00365200,UNIVERSITY OF HOUSTON                   ,TX,77204-2010,Public       ,7801,6291,14092,18639,13406,32045
00365400,UNIVERSITY OF ST THOMAS                 ,TX,77006-4626,Private      ,377,374,751,1138,739,1877
00365600,UNIVERSITY OF TEXAS-ARLINGTON           ,TX,76019-0000,Public       ,5180,5378,10558,11527,10846,22373
00365800,UNIVERSITY OF TEXAS-AUSTIN              ,TX,78713-7758,Public       ,7784,4246,12030,30270,13123,43393
00365900,UT HEALTH CENTER-SAN ANTONIO            ,TX,78229-3900,Public       ,176,1017,1193,470,2341,2811
00366100,UNIVERSITY OF TEXAS-EL PASO             ,TX,79968-0629,Public       ,3164,2934,6098,8934,6896,15830
00366200,VICTORIA COLLEGE (THE)                  ,TX,77901-4494,Public       ,425,650,1075,734,1180,1914
00366300,WAYLAND BAPTIST UNIVERSITY              ,TX,79072-6998,Private      ,412,959,1371,769,1611,2380
00366400,WEATHERFORD COLLEGE                     ,TX,76086-5699,Public       ,602,581,1183,1043,997,2040
00366500,WEST TEXAS A&M UNIVERSITY               ,TX,79016-0000,Public       ,1443,1224,2667,2963,2120,5083
00366800,WHARTON COUNTY JR COLLEGE               ,TX,77488-3298,Public       ,750,681,1431,1259,1154,2413
00366900,WILEY COLLEGE                           ,TX,75670-5199,Private      ,268,196,464,453,312,765
00400300,CENTRAL TEXAS COLLEGE                   ,TX,76540-4199,Public       ,607,2418,3025,1112,4523,5635
00407221,NORTHWOOD UNIVERSITY                    ,TX,75104-0000,Private      ,244,215,459,526,435,961
00445300,EL CENTRO COLLEGE                       ,TX,75202-0000,Public       ,762,1613,2375,1401,2739,4140
00494800,TEXAS A&M UNIV SYSTEM HEALTH SCI CT     ,TX,77840-7896,Public       ,33,269,302,69,694,763
00494801,TEXAS A&M UNIV SYSTEMS-HSC              ,TX,77843-1114,Public       ,55,194,249,174,446,620
00494900,BAYLOR COLLEGE OF MEDICINE              ,TX,77030-0000,Private      ,47,378,425,136,1061,1197
00495100,UNIV OF TEXAS HEALTH SCIENCE CENTER     ,TX,77225-0000,Public       ,117,881,998,276,2088,2364
00495200,UNIV OF TEXAS MEDICAL BRANCH            ,TX,77550-0000,Public       ,122,821,943,256,1666,1922
00497200,GALVESTON COLLEGE                       ,TX,77550-7447,Public       ,248,397,645,384,704,1088
00497700,SOUTH TEXAS COLLEGE OF LAW              ,TX,77002-0000,Private      ,12,638,650,21,1683,1704
00520307,REMINGTON COLLEGE - DALLAS CAMPUS       ,TX,75041-9935,Proprietary  ,18,42,60,29,66,95
00661200,COVENANT SCH OF NSG & ALLIED HEALTH     ,TX,79410-0000,Private      ,68,113,181,94,192,286
00666100,ANGELINA COLLEGE                        ,TX,75902-0000,Public       ,610,854,1464,1075,1393,2468
00694100,DALLAS CHRISTIAN COLLEGE                ,TX,75234-7229,Private      ,86,103,189,165,149,314
00709600,COLLEGE OF THE MAINLAND                 ,TX,77591-2499,Public       ,290,557,847,457,942,1399
00728700,BRAZOSPORT COLLEGE                      ,TX,77566-3199,Public       ,247,299,546,385,506,891
00732907,ITT TECHNICAL INSTITUTE                 ,TX,77063-3751,Proprietary  ,51,58,109,95,125,220
00754805,WESTWOOD COLLEGE OF TECHNOLOGY          ,TX,77074-0000,Proprietary  ,70,111,181,109,148,257
00758602,REMINGTON COLLEGE - FORT WORTH CAMPUS   ,TX,76112-1280,Proprietary  ,79,266,345,100,340,440
00835300,LINCOLN COLLEGE OF TECHNOLOGY           ,TX,75052-0000,Proprietary  ,379,366,745,463,429,892
00849800,MIMS CLASSIC BEAUTY COLLEGE             ,TX,78216-0000,Proprietary  ,4,23,27,7,26,33
00850300,MOUNTAIN VIEW COLLEGE                   ,TX,75211-6599,Public       ,745,1099,1844,1314,1833,3147
00850400,RICHLAND COLLEGE                        ,TX,75243-2199,Public       ,1067,1385,2452,1763,2360,4123
00851000,EASTFIELD COLLEGE                       ,TX,75150-2099,Public       ,869,1329,2198,1520,2285,3805
00908200,INTERNATIONAL BUSINESS COLLEGE          ,TX,79903-0000,Proprietary  ,36,163,199,51,222,273
00916300,SAN ANTONIO COLLEGE                     ,TX,78212-4299,Public       ,3564,4524,8088,5956,7538,13494
00916302,SAN ANTONIO COLLEGE FT SAM HOUSTON      ,TX,78234-0000,Public       ,12,5,17,35,11,46
00922500,TEXAS STATE TECHNICAL COLLEGE  HARLINGEN,TX,78550-3697,Public       ,965,996,1961,2005,1575,3580
00946600,KAPLAN CAREER INSTITUTE                 ,TX,78216-1899,Proprietary  ,105,306,411,144,432,576
00946607,SAN ANT COL OF MED & DENTAL - MCALLEN   ,TX,78503-1622,Proprietary  ,109,247,356,149,358,507
00946609,CAREER CENTERS OF TX - CORPUS CHRISTI   ,TX,78416-9900,Proprietary  ,55,221,276,72,332,404
00946610,KAPLAN CAREER INSTITUTE - CAREER CENTERS,TX,76103-2310,Proprietary  ,41,208,249,65,356,421
00954900,WESTERN TEXAS COLLEGE                   ,TX,79549-9501,Public       ,185,106,291,331,163,494
00965100,TEXAS A&M INTERNATIONAL UNIVERSITY      ,TX,78041-1900,Public       ,1024,870,1894,2641,1673,4314
00974100,UNIVERSITY OF TEXAS AT DALLAS           ,TX,75083-0000,Public       ,1933,2416,4349,4669,4524,9193
00976800,UNIVERSITY OF NORTH TEXAS HEALTH SCIENCE,TX,76107-2699,Public       ,28,451,479,75,1038,1113
00979700,MIDLAND COLLEGE                         ,TX,79705-6397,Public       ,581,702,1283,973,1184,2157
00993000,UNIVERSITY OF TEXAS-PERMIAN BASIN       ,TX,79762-0001,Public       ,620,674,1294,1143,1217,2360
00993200,TEXAS STATE TECH CLG-WEST TEXAS         ,TX,79556-4108,Public       ,147,255,402,240,403,643
00993201,TEXAS STATE TECH COLLEGE-ABILENE        ,TX,79601-0000,Public       ,46,119,165,84,183,267
00993204,TEXAS STATE TECH CLG-BRECKENRIDGE       ,TX,76424-0000,Public       ,16,57,73,24,82,106
00993205,TEXAS STATE TECH COLLEGE-BROWNWOOD      ,TX,76801-0000,Public       ,37,106,143,54,160,214
01001900,UNIV OF TEXAS SOUTHWESTERN MED CTR      ,TX,75390-9096,Public       ,49,506,555,110,1363,1473
01005700,AMERICAN COMMERCIAL COLLEGE             ,TX,79602-1399,Proprietary  ,10,86,96,14,123,137
01005900,AMERICAN COMMERCIAL COLLEGE             ,TX,79761-0000,Proprietary  ,20,56,76,21,86,107
01005901,AMERICAN COMMERCIAL COLLEGE - AMERICAN C,TX,76310-2303,Proprietary  ,10,46,56,12,82,94
01006000,VERNON COLLEGE                          ,TX,76384-4092,Public       ,335,592,927,620,1067,1687
01011500,UNIVERSITY OF TEXAS-SAN ANTONIO         ,TX,78249-0600,Public       ,7134,5140,12274,18441,10329,28770
01013000,WADE COLLEGE                            ,TX,75207-3199,Proprietary  ,103,72,175,141,113,254
01038700,EL PASO COMMUNITY COLLEGE               ,TX,79998-0000,Public       ,3405,3402,6807,7258,7672,14930
01050900,HALLMARK COLLEGE OF AERONAUTICS         ,TX,78214-0000,Proprietary  ,77,336,413,98,381,479
01062400,CENTRAL TEXAS COMMERCIAL COLLEGE        ,TX,75231-5033,Proprietary  ,26,20,46,27,34,61
01063300,HOUSTON COMMUNITY COLLEGE               ,TX,77002-0000,Public       ,500,766,1266,908,1319,2227
01063303,HOUSTON COMMUNITY COLLEGE - CENTRAL     ,TX,77004-0000,Public       ,1026,1982,3008,1738,3719,5457
01063304,HOUSTON COMMUNITY COLLEGE - RICE AVIATIO,TX,77061-5001,Public       ,572,1079,1651,949,1950,2899
01063305,HOUSTON COMMUNITY COLLEGE - NORTHEAST CO,TX,77066-5221,Public       ,751,1281,2032,1273,2197,3470
01063306,HOUSTON COMMUNITY COLLEGE - CENTRAL COLL,TX,77088-6372,Public       ,588,869,1457,986,1541,2527
01063339,HOUSTON COMMUNITY COLLEGE - STAFFORD    ,TX,77477-0000,Public       ,570,662,1232,1023,1226,2249
01063347,HOUSTON COMMUNITY COLLEGE - SOUTHWEST   ,TX,77081-7849,Public       ,966,1501,2467,1687,2698,4385
01063348,HOUSTON COMMUNITY COLLEGE - COLEMAN     ,TX,77030-0000,Public       ,171,714,885,280,1303,1583
01067400,TEXAS TECH U HEALTH SCIENCES CENTER     ,TX,79430-0000,Public       ,167,952,1119,387,1937,2324
01076100,DALLAS INSTITUTE OF FUNERAL SERVICE     ,TX,75227-4314,Private      ,21,52,73,35,86,121
01114500,LONE STAR COLLEGE SYSTEM                ,TX,77073-3499,Public       ,1453,2119,3572,2446,3775,6221
01114501,LONE STAR COLLEGE-KINGWOOD              ,TX,77339-0000,Public       ,414,724,1138,656,1172,1828
01114502,LONE STAR COLLEGE-TOMBALL               ,TX,77375-0000,Public       ,359,517,876,621,978,1599
01114503,LONE STAR COLLEGE-MONTGOMERY            ,TX,77384-0000,Public       ,481,848,1329,840,1544,2384
01114504,LONE STAR COLLEGE-CY-FAIR               ,TX,77433-1383,Public       ,662,754,1416,1168,1441,2609
01116100,TEXAS A&M UNIV CORPUS CHRISTI           ,TX,78412-5599,Public       ,2066,1416,3482,5406,2821,8227
01116300,UNIVERSITY OF TEXAS AT TYLER            ,TX,75799-6699,Public       ,1339,1437,2776,2826,2475,5301
01171100,UNIVERSITY OF HOUSTON-CLEAR LAKE        ,TX,77058-1002,Public       ,508,1950,2458,1036,3780,4816
01201500,AUSTIN COMMUNITY COLLEGE                ,TX,78752-4390,Public       ,3167,4038,7205,6180,7966,14146
01202000,VICTORIA BEAUTY COLLEGE                 ,TX,77901-6233,Proprietary  ,8,26,34,12,42,54
01226800,BALDWIN BEAUTY SCHOOL #5                ,TX,78704-4785,Proprietary  ,17,26,43,26,43,69
01229700,LAREDO BEAUTY COLLEGE                   ,TX,78040-1051,Proprietary  ,20,114,134,28,145,173
01248200,ATI TECHNICAL TRAINING CENTER           ,TX,75235-4622,Proprietary  ,106,376,482,162,656,818
01248300,COSMETOLOGY CAREER CENTER               ,TX,75006-2566,Proprietary  ,24,67,91,32,79,111
01248800,INTERNATIONAL BEAUTY COLLEGE NO 3       ,TX,75040-0000,Proprietary  ,8,33,41,11,36,47
01276400,METROPLEX BEAUTY SCHOOL                 ,TX,75149-0000,Proprietary  ,17,43,60,19,55,74
01293000,CHARLES & SUE'S SCH OF HAIR DESIGN      ,TX,77801-0000,Proprietary  ,15,19,34,21,36,57
01293100,VELMA B'S BEAUTY ACADEMY                ,TX,75216-1511,Proprietary  ,6,26,32,11,33,44
01293200,TINT SCHOOL OF MAKEUP & COSMETOLOGY     ,TX,75061-4235,Proprietary  ,4,14,18,5,16,21
01298200,BORDER INSTITUTE OF TECHNOLOGY          ,TX,79925-6709,Proprietary  ,3,13,16,8,19,27
01300300,NEILSON BEAUTY COLLEGE                  ,TX,75208-4637,Proprietary  ,6,20,26,11,29,40
01301600,OGLE SCHOOL HAIR SKIN NAILS             ,TX,76013-7400,Proprietary  ,68,64,132,95,98,193
01323100,UNIVERSITY OF HOUSTON-VICTORIA          ,TX,77901-5731,Public       ,124,664,788,243,1199,1442
02058600,CONLEE'S COLLEGE OF COSMETOLOGY         ,TX,78028-0000,Proprietary  ,3,20,23,4,25,29
02074100,CAPITOL CITY TRADE & TECHNICAL SCH      ,TX,78704-0000,Proprietary  ,37,144,181,50,158,208
02077400,NORTH LAKE COLLEGE                      ,TX,75038-0000,Public       ,586,800,1386,947,1351,2298
02078100,STEPHENVILLE BEAUTY COLLEGE             ,TX,76401-0000,Proprietary  ,5,6,11,8,8,16
02081400,ARLINGTON BAPTIST COLLEGE               ,TX,76012-0000,Private      ,29,30,59,50,54,104
02093600,SOUTHWEST SCHOOL OF ELECTRONIC          ,TX,78735-0000,Proprietary  ,6,10,16,9,16,25
02098300,WESTERN TECHNICAL COLLEGE               ,TX,79927-2105,Proprietary  ,271,408,679,341,477,818
02100200,BROOKHAVEN COLLEGE                      ,TX,75244-0000,Public       ,601,1021,1622,995,1642,2637
02113610,AMERICAN INTERCONTINENTAL UNIV - HOUSTON,TX,77042-4516,Proprietary  ,69,199,268,179,389,568
02116008,SANFORD-BROWN COLLEGE - HOUSTON         ,TX,77036-8507,Proprietary  ,65,242,307,75,321,396
02116012,SANFORD-BROWN INSTITUTE - HOUSTON NORTH ,TX,77008-1058,Proprietary  ,36,131,167,53,219,272
02117100,ART INSTITUTE OF HOUSTON                ,TX,77056-0000,Proprietary  ,526,390,916,1179,908,2087
02119200,COURT REPORTING INSTITUTE OF DALLAS     ,TX,75247-6913,Proprietary  ,59,284,343,125,734,859
02136800,AMERICAN COMMERCIAL COLLEGE             ,TX,76904-0000,Proprietary  ,13,52,65,17,72,89
02144800,VET TECH INSTITUTE OF HOUSTON           ,TX,77027-9881,Proprietary  ,48,35,83,63,44,107
02176100,PIPO ACADEMY OF HAIR DESIGN             ,TX,79903-0000,Proprietary  ,7,32,39,7,36,43
02188600,AUSTIN BUSINESS COLLEGE                 ,TX,78741-0000,Proprietary  ,29,38,67,42,70,112
02200800,AMERICAN COMMERCIAL COLLEGE             ,TX,79411-0000,Proprietary  ,13,59,72,25,94,119
02218300,SOUTHWEST SCHOOL OF BUSINESS & TECHNICAL,TX,78221-0000,Proprietary  ,28,87,115,33,110,143
02224600,TRI-STATE BEAUTY SCHOOL #1              ,TX,79915-0000,Proprietary  ,33,125,158,42,138,180
02230500,OGLE SCHOOL HAIR SKIN NAILS             ,TX,76132-3638,Proprietary  ,64,82,146,85,124,209
02230600,OGLE SCHOOL HAIR SKIN NAILS             ,TX,76053-4650,Proprietary  ,37,36,73,44,51,95
02239100,CENTRAL TEXAS BEAUTY COLLEGE #2         ,TX,78664-4204,Proprietary  ,7,29,36,8,36,44
02245200,MTI COLLEGE OF BUS. & TECHNOLOGY        ,TX,77036-0000,Proprietary  ,45,109,154,56,115,171
02248200,MILAN INSTITUTE OF COSMETOLOGY          ,TX,79103-0000,Proprietary  ,72,192,264,77,224,301
02254800,TEXAS VOCATIONAL SCHOOLS                ,TX,77901-0000,Proprietary  ,4,4,8,6,10,16
02259400,AMBERTON UNIVERSITY                     ,TX,75041-0000,Private      ,5,52,57,10,86,96
02261300,EVEREST INSTITUTE                       ,TX,78213-3841,Proprietary  ,267,1327,1594,275,1348,1623
02267100,EXPOSITO SCHOOL OF HAIR DESIGN          ,TX,79109-0000,Proprietary  ,8,19,27,12,36,48
02276000,FRANKLIN BEAUTY SCHOOL #2               ,TX,77021-0000,Proprietary  ,2,13,15,4,26,30
02285900,UNIVERSITY OF COSMETOLOGY ARTS&SCI      ,TX,78504-0000,Proprietary  ,70,185,255,87,237,324
02294800,CAPITOL CITY CAREERS                    ,TX,78745-0000,Proprietary  ,7,52,59,12,57,69
02305300,PARKER COLLEGE OF CHIROPRACTIC          ,TX,75229-0000,Private      ,18,402,420,28,1089,1117
02306700,FORT WORTH BEAUTY SCHOOL                ,TX,76116-3299,Proprietary  ,13,42,55,15,52,67
02312200,TEXAS SCHOOL OF BUSINESS                ,TX,77073-6032,Proprietary  ,68,178,246,91,242,333
02312201,TEXAS SCHOOL OF BUSINESS - SOUTHWEST CAM,TX,77057-0000,Proprietary  ,52,216,268,74,303,377
02312202,TEXAS SCHOOL OF BUSINESS - FRIENDSWOOD C,TX,77546-8938,Proprietary  ,23,135,158,24,141,165
02312203,TEXAS SCHOOL OF BUSINESS - EAST CAMPUS  ,TX,77029-1916,Proprietary  ,46,227,273,54,260,314
02313901,WESTWOOD COLLEGE - DALLAS               ,TX,75243-0000,Proprietary  ,111,213,324,190,289,479
02315400,NORTHEAST TEXAS COMMUNITY COLLEGE       ,TX,75456-0000,Public       ,332,390,722,564,608,1172
02318200,"KD STUDIO, ACTOR'S CONSERVATORY         ",TX,75207-2111,Proprietary  ,29,25,54,42,47,89
02320200,HOUSTON GRADUATE SCHOOL OF THEOLOGY     ,TX,77004-0000,Private      ,0,38,38,0,62,62
02326000,SAN ANTONIO BEAUTY COLLEGE NO 3         ,TX,78217-0000,Proprietary  ,10,23,33,12,29,41
02328600,ITT TECHNICAL INSTITUTE                 ,TX,76011-0000,Proprietary  ,165,295,460,213,342,555
02331200,BAPTIST MISSIONARY ASSN THEOL SEM       ,TX,75766-0000,Private      ,2,8,10,5,12,17
02331300,INTERACTIVE LEARNING SYSTEMS            ,TX,77502-1201,Proprietary  ,8,62,70,8,65,73
02331301,INTERACTIVE LEARNING SYSTEMS            ,TX,77081-0000,Proprietary  ,10,103,113,11,146,157
02331303,INTERACTIVE LEARNING SYSTEMS            ,TX,77502-0000,Proprietary  ,5,58,63,5,59,64
02331304,INTERACTIVE LEARNING SYSTEMS            ,TX,77060-0000,Proprietary  ,3,48,51,3,51,54
02341300,PALO ALTO COLLEGE                       ,TX,78224-0000,Public       ,1555,1763,3318,2498,2810,5308
02348500,LAMAR STATE COLLEGE-PORT ARTHUR         ,TX,77640-0000,Public       ,285,448,733,468,736,1204
02358200,LAMAR STATE COLLEGE-ORANGE              ,TX,77630-0000,Public       ,224,579,803,338,861,1199
02361400,COLLIN COUNTY COMMUNITY COLLEGE         ,TX,75071-0000,Public       ,1231,1486,2717,2078,2530,4608
02362000,UNIVERSAL TECHNICAL INSTITUTE           ,TX,77073-0000,Proprietary  ,3027,1031,4058,4414,1522,5936
02362800,AUSTIN GRADUATE SCHOOL OF THEOLOGY      ,TX,78752-1333,Private      ,3,9,12,5,17,22
02521200,ARLINGTON CAREER INSTITUTE              ,TX,75050-0000,Proprietary  ,22,173,195,24,221,245
02521800,SEGUIN BEAUTY SCHOOL                    ,TX,78155-0000,Proprietary  ,10,15,25,10,19,29
02527500,HOUSTON TRAINING SCHOOLS                ,TX,77020-0000,Proprietary  ,27,175,202,29,184,213
02530700,SEBRING CAREER SCHOOLS                  ,TX,77083-1510,Proprietary  ,5,28,33,5,31,36
02539600,ART INSTITUTE OF DALLAS                 ,TX,75231-5993,Proprietary  ,600,436,1036,1036,738,1774
02548800,SOUTH TEXAS VO-TECH INSTITUTE           ,TX,78596-0000,Proprietary  ,118,296,414,150,383,533
02549400,SOUTH TEXAS VO-TECH INSTITUTE           ,TX,78501-0000,Proprietary  ,73,253,326,90,264,354
02555400,UNIV OF TX MD ANDERSON CANCER CTR       ,TX,77030-0000,Public       ,15,65,80,34,131,165
02557400,STAR COLLEGE OF COSMETOLOGY             ,TX,75961-0000,Proprietary  ,2,1,3,6,5,11
02568100,TEXAS BARBER COLLEGES & HAIRSTYLING     ,TX,75208-0000,Proprietary  ,86,319,405,113,448,561
02569300,TEXAS CULINARY ACADEMY                  ,TX,78758-3403,Proprietary  ,292,344,636,539,592,1131
02572000,COMPUTER CAREER CENTER                  ,TX,79925-2021,Proprietary  ,17,55,72,29,68,97
02572100,"CAREER ACADEMY, INC.                    ",TX,75501-0000,Proprietary  ,1,7,8,5,8,13
02572200,INSTITUTE OF COSMETOLOGY & ESTHETICS    ,TX,77036-0000,Proprietary  ,5,14,19,7,23,30
02580100,IVERSON BUSINESS SCH & COURT REPORT     ,TX,76011-1344,Proprietary  ,23,205,228,33,281,314
02591100,CAREER POINT INSTITUTE                  ,TX,78201-2027,Proprietary  ,111,685,796,137,854,991
02591900,CAREER CENTERS OF TEXAS - EL PASO       ,TX,79907-1525,Proprietary  ,142,392,534,199,564,763
02591905,CAREER CENTERS OF TEXAS-BROWNSVILLE     ,TX,78521-9905,Proprietary  ,64,199,263,96,313,409
02596400,REDSTONE COLLEGE - LOS ANGELES          ,TX,77061-0000,Proprietary  ,57,61,118,302,218,520
02596412,WESTWOOD COLLEGE OF AVIATION TECHNOLOGY ,TX,77061-5114,Proprietary  ,8,10,18,15,15,30
02596500,ATI CAREER TRAINING CENTER              ,TX,76180-1599,Proprietary  ,134,291,425,174,470,644
02596600,ATI-CAREER TRAINING CENTER              ,TX,75220-4443,Proprietary  ,141,539,680,198,853,1051
02600200,OCEAN CORPORATION (THE)                 ,TX,77099-3479,Proprietary  ,37,211,248,55,285,340
02604700,CENTER FOR ADVANCED LEGAL STUDIES       ,TX,77098-4151,Proprietary  ,2,73,75,5,128,133
02615000,SANFORD-BROWN INSTITUTE                 ,TX,75247-6931,Proprietary  ,95,485,580,147,794,941
03009400,SW SCH BUS & TECH CAREERS               ,TX,78212-2840,Proprietary  ,3,13,16,3,15,18
03010000,VANGUARD INSTITUTE OF TECHNOLOGY        ,TX,78539-0000,Proprietary  ,54,275,329,71,376,447
03011800,UNIVERSITY OF COSMETOLOGY ARTS & SCIENCE,TX,78226-1160,Proprietary  ,5,29,34,6,34,40
03019800,PCI HEALTH TRAINING CENTER              ,TX,75247-4720,Proprietary  ,71,210,281,97,281,378
03021500,SW SCH BUS & TECH CAREERS               ,TX,78852-4859,Proprietary  ,14,17,31,30,28,58
03023800,AIMS ACADEMY                            ,TX,75050-0000,Proprietary  ,1,5,6,2,10,12
03025000,TEXAS COLLEGE OF COSMETOLOGY            ,TX,79605-2001,Proprietary  ,29,78,107,38,83,121
03026500,REMINGTON COLLEGE - HOUSTON CAMPUS      ,TX,77082-1849,Proprietary  ,162,458,620,188,598,786
03026501,REMINGTON COLLEGE - NORTH HOUSTON CAMPUS,TX,77067-1849,Proprietary  ,14,33,47,25,53,78
03028800,CIRCLE J BEAUTY SCHOOL                  ,TX,77587-3714,Proprietary  ,1,12,13,2,14,16
03031408,INTERNATIONAL ACADEMY OF DESIGN AND TECH,TX,78229-2263,Proprietary  ,59,83,142,91,140,231
03032300,SCHOOL OF AUTOMOTIVE MACHINISTS         ,TX,77055-1803,Proprietary  ,25,34,59,39,59,98
03035200,TINT SCHOOL OF MAKEUP & COSMETOLOGY     ,TX,75229-3734,Proprietary  ,8,50,58,11,60,71
03035300,SOUTHERN CAREERS INSTITUTE              ,TX,78704-5252,Proprietary  ,139,332,471,176,493,669
03035301,SOUTHERN CAREERS INSTITUTE              ,TX,78577-0000,Proprietary  ,110,182,292,131,271,402
03035302,SOUTHERN CAREERS INSTITUTE - CORPUS CHRI,TX,78414-2904,Proprietary  ,45,138,183,59,206,265
03035303,SOUTHERN CAREERS INSTITUTE - #1         ,TX,78221-4351,Proprietary  ,17,103,120,29,159,188
03035304,SOUTHERN CAREERS INSTITUTE-LAREDO       ,TX,78041-0000,Proprietary  ,8,19,27,14,34,48
03061800,STAR COLLEGE OF COSMETOLOGY             ,TX,75702-8214,Proprietary  ,19,50,69,27,62,89
03064600,UNIVERSITY OF TEXAS AT BROWNSVILLE      ,TX,78520-4993,Public       ,2146,2502,4648,5146,4602,9748
03071400,ITT TECHNICAL INSTITUTE                 ,TX,78249-3303,Proprietary  ,121,238,359,161,284,445
03075400,ICC TECHNICAL INSTITUTE                 ,TX,77004-2930,Private      ,5,7,12,9,7,16
03079201,WESTWOOD COLLEGE OF TECHNOLOGY          ,TX,76180-0000,Proprietary  ,125,165,290,172,212,384
03091200,CAREERS UNLIMITED                       ,TX,75702-7110,Proprietary  ,4,18,22,10,27,37
03103400,SOUTH TEXAS COLLEGE                     ,TX,78501-6699,Public       ,2442,2979,5421,5871,5193,11064
03104700,TEXAS COLLEGE OF COSMETOLOGY            ,TX,76903-4708,Proprietary  ,29,77,106,32,82,114
03105900,CAREERS UNLIMITED                       ,TX,77055-4002,Proprietary  ,0,0,0,0,3,3
03108700,ROYAL BEAUTY CAREERS                    ,TX,77069-4611,Proprietary  ,19,101,120,21,116,137
03111000,MID-CITIES BARBER COLLEGE               ,TX,75051-4810,Proprietary  ,11,34,45,13,41,54
03115800,TEXAS CAREERS                           ,TX,78238-4203,Proprietary  ,58,398,456,83,574,657
03115802,TEXAS CAREERS - LAREDO                  ,TX,78041-6181,Proprietary  ,23,56,79,36,82,118
03115803,TEXAS CAREERS - BEAUMONT                ,TX,77701-3706,Proprietary  ,44,133,177,63,230,293
03115804,TEXAS CAREERS - LUBBOCK                 ,TX,79401-2601,Proprietary  ,31,214,245,49,324,373
03128100,ACADEMY OF HEALTH CARE PROFESSIONS      ,TX,77092-8108,Proprietary  ,84,342,426,98,383,481
03144300,NATIONAL BEAUTY COLLEGE                 ,TX,75043-4046,Proprietary  ,0,14,14,0,15,15
03153300,AMER COLL OF ACUPUNCTURE & O.M.         ,TX,77063-4104,Proprietary  ,0,16,16,0,38,38
03156400,ACADEMY OF ORIENTAL MEDICINE AT AUSTIN  ,TX,78757-1132,Proprietary  ,4,79,83,6,137,143
03159300,ARLINGTON MEDICAL INSTITUTE             ,TX,76011-2645,Proprietary  ,13,35,48,18,50,68
03170300,TEXAS A&M UNIVERSITY-TEXARKANA          ,TX,75501-0000,Public       ,108,410,518,217,744,961
03179500,TEXAS COLG TRADITIONAL CHINESE MED      ,TX,78704-6748,Proprietary  ,0,44,44,1,69,70
03189400,COLLEGE OF SAINT THOMAS MORE            ,TX,76109-2323,Private      ,4,5,9,9,9,18
03237400,FARIS COMPUTER SCHOOL                   ,TX,77627-3829,Proprietary  ,1,14,15,2,14,16
03272300,SOUTHEASTERN CAREER INSTITUTE           ,TX,75234-7288,Proprietary  ,18,109,127,31,162,193
03272301,SOUTHEASTERN CAREER INSTITUTE - MIDLAND ,TX,79703-5531,Proprietary  ,35,116,151,45,148,193
03275300,TOUCH OF CLASS SCHOOL OF COSM           ,TX,75402-6314,Proprietary  ,19,41,60,19,41,60
03276300,ACADEMY OF HAIR DESIGN                  ,TX,75901-4900,Proprietary  ,8,31,39,11,41,52
03277300,ACADEMY OF HAIR DESIGN                  ,TX,77701-4650,Proprietary  ,4,22,26,6,29,35
03303300,NORTHWEST EDUCATIONAL CENTER            ,TX,77092-7055,Proprietary  ,7,111,118,8,115,123
03371300,TONI&GUY HAIRDRESSING ACADEMY           ,TX,75006-2351,Proprietary  ,26,25,51,35,34,69
03372300,NORTHWEST VISTA COLLEGE                 ,TX,78251-4217,Public       ,1589,1630,3219,2685,2704,5389
03396500,TEXAS STATE TECHNICAL COLG/MARSHALL     ,TX,75672-7402,Public       ,131,94,225,221,164,385
03400300,CAREER QUEST                            ,TX,78229-3539,Proprietary  ,8,61,69,9,70,79
03412300,ADVANCED BARBER COLLEGE & HAIR DESI     ,TX,78596-0000,Proprietary  ,10,29,39,14,29,43
03416500,DALLAS NURSING INSTITUTE                ,TX,75243-5502,Proprietary  ,39,258,297,61,348,409
03422300,MILAN INSTITUTE                         ,TX,78238-3327,Proprietary  ,89,184,273,125,257,382
03422400,COLLEGE OF BIBLICAL STUDIES-HOUSTON     ,TX,77036-3211,Private      ,27,213,240,33,361,394
03424400,MEDVANCE INSTITUTE                      ,TX,77057-7386,Proprietary  ,44,212,256,52,332,384
03426300,CAREER ADVANCEMENT CENTER               ,TX,78752-1470,Proprietary  ,20,78,98,25,109,134
03486300,SYLVIA'S INTERNATIONAL SCHOOL OF BE     ,TX,77091-3203,Proprietary  ,0,5,5,1,7,8
03509400,CORYELL COSMETOLOGY COLLEGE             ,TX,76528-2036,Proprietary  ,2,7,9,2,7,9
03520300,LUBBOCK HAIR ACADEMY                    ,TX,79410-3524,Proprietary  ,3,19,22,4,27,31
03541300,BEHOLD! BEAUTY ACADEMY                  ,TX,77016-3725,Proprietary  ,2,11,13,5,18,23
03542300,CONCORDE CAREER INSTITUTE               ,TX,76011-4016,Proprietary  ,62,410,472,91,655,746
03551400,STATE BEAUTY ACADEMY                    ,TX,75116-3501,Proprietary  ,9,12,21,10,15,25
03556400,KUSSAD INSTITUTE OF COURT REPORTING     ,TX,78704-5712,Proprietary  ,5,13,18,5,20,25
03563300,ACADEMY OF COSEMTOLOGY                  ,TX,78745-2858,Proprietary  ,10,23,33,10,24,34
03573300,AVIATION INSTITUTE OF MAINTENANCE       ,TX,75209-3017,Proprietary  ,71,247,318,82,262,344
03610300,MJ'S BEAUTY ACADEMY INC                 ,TX,75224-4409,Proprietary  ,9,11,20,10,14,24
03612400,VALLEY GRANDE INSTITUTE FOR ACADEMI     ,TX,78596-0000,Private      ,46,199,245,57,229,286
03627300,LAMAR INSTITUTE OF TECHNOLOGY           ,TX,77705-4142,Public       ,365,590,955,640,1073,1713
03676400,HEALTHY HAIR ACADEMY                    ,TX,75227-0000,Proprietary  ,4,29,33,6,31,37
03680300,JAY'S TECHNICAL INSTITUTE               ,TX,77031-3509,Proprietary  ,4,11,15,5,14,19
03682400,DALLAS BARBER & STYLIST COLLEGE         ,TX,75231-0000,Proprietary  ,13,32,45,15,61,76
03714300,TREND BARBER COLLEGE                    ,TX,77071-2104,Proprietary  ,9,21,30,16,30,46
03723300,CULINARY INST ALAIN & MARIE LENOTRE     ,TX,77022-4322,Proprietary  ,21,54,75,40,78,118
03727600,CULINARY ACADEMY OF AUSTIN              ,TX,78752-0000,Proprietary  ,21,23,44,37,41,78
03733300,BAPTIST UNIVERSITY OF THE AMERICAS      ,TX,78224-1336,Private      ,13,42,55,27,80,107
03756300,ANAMARC EDUCATIONAL INSTITUTE           ,TX,79930-6230,Proprietary  ,27,133,160,37,149,186
03885400,COMPUTER LABS                           ,TX,79906-5924,Proprietary  ,2,3,5,2,5,7
03885700,HOUSTON'S TRAINING AND EDUCATION CENTER ,TX,77036-2021,Proprietary  ,2,44,46,3,50,53
03922300,SOUTH TEXAS BARBER COLLEGE              ,TX,78415-3463,Proprietary  ,5,17,22,6,19,25
03926300,AMESED                                  ,TX,75081-0000,Proprietary  ,2,6,8,2,6,8
03944400,PROFESSIONAL CAREERS INSTITUTE          ,TX,77036-2252,Proprietary  ,4,39,43,5,46,51
03984300,ALLIED CAREER CENTER                    ,TX,75007-0000,Proprietary  ,1,17,18,1,22,23
03987300,TEXAS HEALTH SCHOOL                     ,TX,77079-2106,Proprietary  ,14,47,61,22,66,88
04036300,SOUTHEAST TEXAS CAREER INSTITUTE        ,TX,77656-8601,Proprietary  ,2,21,23,3,26,29
04045300,NORTHWEST BEAUTY SCHOOL                 ,TX,77091-1208,Proprietary  ,5,17,22,6,20,26
04045400,MAI-TRIX BEAUTY COLLEGE                 ,TX,77040-0000,Proprietary  ,8,32,40,11,42,53
04089400,CCI TRAINING CENTER                     ,TX,76011-4857,Proprietary  ,11,68,79,12,80,92
04117900,CHAMPION BEAUTY COLLEGE                 ,TX,77069-4611,Proprietary  ,9,31,40,10,31,41
00367000,BRIGHAM YOUNG UNIVERSITY                ,UT,84602-8406,Private      ,2489,3680,6169,6171,6093,12264
00367100,DIXIE STATE COLLEGE OF UTAH             ,UT,84770-3876,Public       ,512,590,1102,1037,928,1965
00367200,LDS BUSINESS COLLEGE                    ,UT,84101-3500,Private      ,123,128,251,240,202,442
00367400,STEVENS HENAGER COLLEGE                 ,UT,84401-1420,Proprietary  ,213,1007,1220,229,1058,1287
00367500,UNIVERSITY OF UTAH                      ,UT,84112-9055,Public       ,1584,3132,4716,5344,8935,14279
00367600,COLLEGE OF EASTERN UTAH                 ,UT,84501-2699,Public       ,167,175,342,359,270,629
00367700,UTAH STATE UNIVERSITY                   ,UT,84322-1400,Public       ,1629,2533,4162,3709,4768,8477
00367800,SOUTHERN UTAH UNIVERSITY                ,UT,84720-2470,Public       ,845,853,1698,1868,1391,3259
00367900,SNOW COLLEGE                            ,UT,84627-1299,Public       ,465,180,645,955,265,1220
00368000,WEBER STATE UNIVERSITY                  ,UT,84408-1136,Public       ,1021,2587,3608,2319,5225,7544
00368100,WESTMINSTER COLLEGE                     ,UT,84105-3697,Private      ,522,517,1039,1357,999,2356
00402700,UTAH VALLEY UNIVERSITY                  ,UT,84058-5999,Public       ,1548,3401,4949,2811,5711,8522
00522000,SALT LAKE COMMUNITY COLLEGE             ,UT,84123-0000,Public       ,1223,2817,4040,2125,4811,6936
00943300,SHERMAN KENDALL'S ACADEMY OF BEAUTY     ,UT,84106-1836,Proprietary  ,3,16,19,5,20,25
01009800,NEUMONT UNIVERSITY                      ,UT,84095-0000,Proprietary  ,93,117,210,310,166,476
01116500,UINTAH BASIN APPLIED TECHNOLOGY CLG     ,UT,84066-0000,Public       ,2,17,19,4,20,24
01116600,UTAH CAREER COLLEGE                     ,UT,84088-4021,Proprietary  ,141,518,659,151,545,696
02078800,SHERMAN KENDALL'S ACADEMY OF BEAUTY     ,UT,84047-0000,Proprietary  ,3,5,8,4,9,13
02115400,BRIDGERLAND APPLIED TECHNOLOGY COLLEGE  ,UT,84321-0000,Public       ,42,143,185,63,218,281
02156600,DAVIS APPLIED TECHNOLOGY COLLEGE        ,UT,84037-0000,Public       ,34,202,236,52,316,368
02178500,EAGLE GATE COLLEGE                      ,UT,84123-0000,Proprietary  ,82,494,576,87,508,595
02270800,AMERITECH COLLEGE                       ,UT,84604-6927,Proprietary  ,25,129,154,34,245,279
02298500,EVEREST COLLEGE                         ,UT,84119-2668,Proprietary  ,55,351,406,59,374,433
02346500,OGDEN-WEBER APPLIED TECHNOLOGY COLG     ,UT,84404-0000,Public       ,44,222,266,56,336,392
02360800,PROVO COLLEGE                           ,UT,84601-0000,Proprietary  ,45,235,280,72,265,337
02361000,ITT TECHNICAL INSTITUTE                 ,UT,84123-0000,Proprietary  ,82,378,460,92,440,532
02504000,MARINELLO SCHOOL OF BEAUTY              ,UT,84041-0000,Proprietary  ,11,23,34,14,30,44
02516100,MARINELLO SCHOOL OF BEAUTY              ,UT,84405-1501,Proprietary  ,3,6,9,5,10,15
02531800,VON CURTIS ACADEMY OF HAIR DESIGN       ,UT,84606-0000,Proprietary  ,147,150,297,221,180,401
02556800,HAIRITAGE COLLEGE OF BEAUTY             ,UT,84117-7204,Proprietary  ,15,21,36,17,26,43
02557700,PREMIER HAIR ACADEMY                    ,UT,84120-3603,Proprietary  ,0,9,9,0,12,12
02572700,EVANS HAIRSTYLING COLLEGE               ,UT,84770-0000,Proprietary  ,7,6,13,9,8,17
02572800,VISTA COLLEGE                           ,UT,84015-0000,Proprietary  ,5,31,36,11,42,53
02572801,CERTIFIED CAREERS INSTITUTE             ,UT,84015-0000,Proprietary  ,7,34,41,10,44,54
02573100,EVANS HAIRSTYLING COLLEGE               ,UT,84720-0000,Proprietary  ,14,8,22,20,9,29
02612200,MARINELLO SCHOOL OF BEAUTY              ,UT,84604-1585,Proprietary  ,27,22,49,44,37,81
03030600,UTAH COLLEGE OF MASSAGE THERAPY         ,UT,84111-1606,Proprietary  ,112,153,265,171,236,407
03030601,UTAH CLG OF MASSAGE THER-PROVO CMPS     ,UT,84042-0000,Proprietary  ,34,70,104,38,93,131
03082100,MYOTHERAPY COLLEGE OF UTAH              ,UT,84115-2522,Proprietary  ,3,11,14,5,20,25
03108200,ECHELON EDGE ACADEMY OF HAIR SKIN & NAIL,UT,84070-2004,Proprietary  ,2,7,9,3,12,15
03110400,HAIRITAGE HAIR ACADEMY                  ,UT,84770-5233,Proprietary  ,6,6,12,7,9,16
03339400,WESTERN GOVERNORS UNIVERSITY            ,UT,84107-2533,Private      ,75,2830,2905,115,4703,4818
03413300,MOUNTAINLAND APPLIED TECHNOLOGY COLLEGE ,UT,84058-5857,Public       ,12,30,42,18,43,61
03463300,CAREERS UNLIMITED                       ,UT,84058-0000,Proprietary  ,3,6,9,9,8,17
03617300,HEALING MOUNTAIN MASSAGE SCHOOL         ,UT,84111-3232,Proprietary  ,7,12,19,8,14,22
03829500,SKINWORKS SCHOOL OF ADVANCED SKINCARE   ,UT,84115-0000,Proprietary  ,2,16,18,4,20,24
03838300,OGDEN INSTITUTE OF MASSAGE THERAPY      ,UT,84403-0000,Proprietary  ,6,17,23,8,22,30
03902300,RENAISSANCE SCHOOL OF THERAPEUTIC MASSAG,UT,84010-2835,Proprietary  ,1,2,3,1,3,4
03909300,MAXIMUM STYLE TEC SCHOOL OF COSMETOLOGY ,UT,84323-4679,Proprietary  ,7,7,14,8,12,20
03921300,CAMEO COLLEGE OF ESSENTIAL BEAUTY       ,UT,84115-0000,Proprietary  ,19,47,66,36,77,113
04054300,SOUTHWEST APPLIED TECHNOLOGY COLLEGE    ,UT,84720-6608,Public       ,3,4,7,5,9,14
04118100,IMAGEWORKS ACADEMY OF HAIR DESIGN       ,UT,84660-1210,Proprietary  ,4,2,6,4,2,6
00368200,BENNINGTON COLLEGE                      ,VT,05201-6001,Private      ,157,51,208,795,202,997
00368300,CASTLETON STATE COLLEGE                 ,VT,05735-0000,Public       ,448,112,560,2115,264,2379
00368400,CHAMPLAIN COLLEGE                       ,VT,05401-3950,Private      ,368,194,562,2653,479,3132
00368402,WOODBURY COLLEGE                        ,VT,05602-0000,Private      ,1,33,34,6,90,96
00368500,COLLEGE OF ST JOSEPH                    ,VT,05701-3899,Private      ,47,52,99,142,126,268
00368600,GODDARD COLLEGE                         ,VT,05667-0000,Private      ,24,347,371,49,566,615
00368700,GREEN MOUNTAIN COLLEGE                  ,VT,05764-1199,Private      ,297,38,335,971,80,1051
00368800,JOHNSON STATE COLLEGE                   ,VT,05656-9898,Public       ,275,311,586,1222,662,1884
00368900,LYNDON STATE COLLEGE                    ,VT,05851-0919,Public       ,184,85,269,1326,267,1593
00369000,MARLBORO COLLEGE                        ,VT,05344-0300,Private      ,77,18,95,392,46,438
00369100,MIDDLEBURY COLLEGE                      ,VT,05753-0000,Private      ,498,159,657,2947,557,3504
00369200,NORWICH UNIVERSITY                      ,VT,05663-1035,Private      ,339,683,1022,2273,1145,3418
00369300,SOUTHERN VERMONT COLLEGE                ,VT,05201-6002,Private      ,104,45,149,370,97,467
00369400,ST MICHAELS COLLEGE                     ,VT,05439-0001,Private      ,411,65,476,2961,147,3108
00369600,UNIVERSITY OF VERMONT                   ,VT,05405-0160,Public       ,1053,460,1513,11856,2041,13897
00369800,VERMONT TECHNICAL COLLEGE               ,VT,05061-0000,Public       ,227,198,425,848,465,1313
00857500,SALON PROFESSIONAL ACADEMY (THE)        ,VT,05495-4001,Proprietary  ,15,21,36,48,51,99
00865800,O'BRIENS AVEDA INSTITUTE                ,VT,05403-7747,Proprietary  ,2,6,8,8,14,22
00886000,SIT                                     ,VT,05301-4801,Private      ,8,145,153,13,417,430
01116700,COMMUNITY COLLEGE OF VERMONT            ,VT,05676-1552,Public       ,447,1224,1671,773,1878,2651
01193400,VERMONT LAW SCHOOL                      ,VT,05068-0000,Private      ,1,202,203,1,897,898
01218300,BURLINGTON COLLEGE                      ,VT,05401-8477,Private      ,34,42,76,100,77,177
02143500,STERLING COLLEGE                        ,VT,05827-0000,Private      ,36,12,48,110,22,132
02254000,NEW ENGLAND CULINARY INSTITUTE          ,VT,05602-0000,Proprietary  ,149,87,236,473,213,686
02532600,LANDMARK COLLEGE                        ,VT,05346-0000,Private      ,100,14,114,269,42,311
03708300,BURLINGTON TECHNICAL CENTER             ,VT,05401-2721,Public       ,2,3,5,5,6,11
00392800,CASPER COLLEGE                          ,WY,82601-4612,Public       ,321,377,698,722,612,1334
00392900,EASTERN WYOMING COLLEGE                 ,WY,82240-1603,Public       ,78,60,138,218,106,324
00393000,SHERIDAN COLLEGE                        ,WY,82801-9133,Public       ,128,176,304,412,343,755
00393100,NORTHWEST COLLEGE                       ,WY,82435-1895,Public       ,201,147,348,584,289,873
00393200,UNIVERSITY OF WYOMING                   ,WY,82071-3663,Public       ,1251,1038,2289,4629,2746,7375
00393300,WESTERN WYOMING COMMUNITY COLLEGE       ,WY,82902-0000,Public       ,212,177,389,440,356,796
00728900,CENTRAL WYOMING COLLEGE                 ,WY,82501-0000,Public       ,107,179,286,254,338,592
00915700,WYOMING TECHNICAL INSTITUTE             ,WY,82072-9519,Proprietary  ,1828,716,2544,3250,1060,4310
00925900,LARAMIE COUNTY COMMUNITY CLG            ,WY,82007-3299,Public       ,239,423,662,619,835,1454
02211900,CHEEKS INTERNATIONAL ACDMY              ,WY,82001-0000,Proprietary  ,19,54,73,28,70,98
03291300,BUSINESS SKILLS INSTITUTE A DEPARTMENT O,WY,82930-0000,Public       ,2,3,5,4,5,9
00393500,UNIV OF GUAM                            ,GU,96923-0000,Public       ,616,416,1032,908,716,1624
01536100,GUAM COMMUNITY COLLEGE                  ,GU,96921-0000,Public       ,246,336,582,334,558,892
03438300,PACIFIC ISLANDS BIBLE COLLEGE           ,GU,96913-2619,Private      ,29,12,41,37,15,52
00393600,PONTIFICAL CATHOLIC UNIV OF PR          ,PR,00717-0777,Private      ,3219,1835,5054,4034,2301,6335
00393700,UNIVERSITY OF THE SACRED HEART          ,PR,00914-0383,Private      ,1947,842,2789,2315,1032,3347
00393800,INTER-AMER UNIV PR-CNTRL ADMN           ,PR,00936-0000,Private      ,1634,2426,4060,1729,2636,4365
00393801,INTER-AMER UNIV PR SCHL LAW             ,PR,00936-8351,Private      ,7,146,153,8,192,200
00393802,INTER AMERICAN UNIVERSITY OF PUERTO RICO,PR,00926-0000,Private      ,660,923,1583,807,1164,1971
00393803,INTER AMERICAN UNIVERSITY OF PR         ,PR,00683-0000,Private      ,2343,1024,3367,2735,1259,3994
00393804,INTER-AMER UNIV PR-RECINTO AGUADILA     ,PR,00605-2000,Private      ,1409,927,2336,1537,1070,2607
00393805,INTER-AMER UNIV PR-ARECIBO CAMPUS       ,PR,00614-4050,Private      ,1885,1065,2950,2131,1301,3432
00393806,INTER-AMER UNIV PR-BARRANQUITAS REG     ,PR,00794-0517,Private      ,1036,579,1615,1240,689,1929
00393807,INTER-AMER UNIV PR-FAJARDO REGIONAL     ,PR,00738-0000,Private      ,820,629,1449,908,727,1635
00393808,INTER-AMER UNIV PR - GUAYAMA CAMPUS     ,PR,00785-4004,Private      ,725,632,1357,822,790,1612
00393809,INTER-AMER UNIV PR-PONCE REGIONAL       ,PR,00715-0000,Private      ,2212,1497,3709,2568,1873,4441
00393810,INTER-AMER UNIV PR - SCH OF OPTOMETRY   ,PR,00918-0000,Private      ,4,38,42,5,56,61
00393811,INTER-AMER UNIV PR-BAYAMON REG CLG      ,PR,00959-0000,Private      ,2470,841,3311,2711,949,3660
00394100,COLEGIO UNIVERSITARIO DEL ESTE          ,PR,00983-0000,Private      ,2585,2660,5245,2831,3256,6087
00394200,UNIVERSITY OF PR-CENTRAL ADMINISTRATION ,PR,00936-4984,Public       ,430,167,597,543,246,789
00394201,UNIVERSITY OF PR-RIO PIEDRAS CAMPUS     ,PR,00931-3300,Public       ,6111,1371,7482,7290,1870,9160
00394202,UNIV OF PUERTO RICO-MAYAGUEZ CAMPUS     ,PR,00681-5000,Public       ,6004,755,6759,7315,1176,8491
00394203,"UNIVERSITY OF PR, MED. SCIENCES CAMPUS  ",PR,00936-5067,Public       ,282,890,1172,339,987,1326
00394204,"UNIVERSITY OF PUERTO RICO, CAYEY CAMPUS ",PR,00736-0000,Public       ,1829,280,2109,2575,465,3040
00394205,"UNIVERSITY OF PR, HUMACAO CAMPUS        ",PR,00791-4057,Public       ,2749,392,3141,2868,412,3280
00394206,UNIVERSITY OF PR-AGUADILLA CAMPUS       ,PR,00604-6150,Public       ,1757,218,1975,2131,309,2440
00394207,UNIVERSITY OF PUERTO RICO-ARECIBO CAMPUS,PR,00614-0000,Public       ,2035,202,2237,3154,404,3558
00394208,UNIVERSITY OF PUERTO RICO-BAYAMON CAMPUS,PR,00959-0000,Public       ,2510,282,2792,3202,414,3616
00394209,UNIVERSITY OF PUERTO RICO-CAROLINA      ,PR,00984-4800,Public       ,2060,281,2341,2351,336,2687
00394210,UNIVERSITY OF PUERTO RICO-PONCE         ,PR,00732-0000,Public       ,2146,257,2403,2686,360,3046
00394211,"UNIVERSITY OF PR, UTUADO CAMPUS         ",PR,00641-0000,Public       ,896,121,1017,1086,182,1268
00501900,UNIV ADVENTISTA DE LAS ANTILLAS         ,PR,00681-0118,Private      ,303,148,451,343,169,512
00502200,BAYAMON CENTRAL UNIVERSITY              ,PR,00960-0000,Private      ,655,664,1319,699,748,1447
00890200,COLUMBIA CENTRO UNIVERSITARIO           ,PR,00726-0000,Proprietary  ,208,425,633,223,457,680
01056700,COLEGIO TECNOLOGICO DE SAN JUAN         ,PR,00918-2973,Public       ,145,163,308,158,188,346
01072400,CARLOS ALBIZU UNIVERSITY                ,PR,00902-3711,Private      ,57,466,523,69,561,630
01081900,CONSERVATORIO DE MUSICA DE PUERTO RICO  ,PR,00907-3373,Public       ,170,32,202,184,38,222
01171900,UNIVERSIDAD DEL TURABO                  ,PR,00778-0000,Private      ,3765,3775,7540,4375,4993,9368
01194000,ICPR JUNIOR COLLEGE                     ,PR,00919-0000,Proprietary  ,158,150,308,177,174,351
01194100,AMERICAN UNIVERSITY OF PUERTO RICO      ,PR,00960-2037,Private      ,476,342,818,535,426,961
01194101,AMERICAN UNIVERSITY OF PUERTO RICO      ,PR,00674-0000,Private      ,414,284,698,490,374,864
01252500,CARIBBEAN UNIVERSITY                    ,PR,00960-0493,Private      ,964,1138,2102,998,1179,2177
01314800,RAMIREZ COLLEGE OF BUS & TECH           ,PR,00918-0000,Proprietary  ,102,196,298,120,250,370
02063100,MBTI BUSINESS TRNG INSTITUTE            ,PR,00907-3917,Proprietary  ,109,157,266,145,257,402
02100000,POLYTECHNIC UNIVERSITY OF PR            ,PR,00917-0000,Private      ,1888,967,2855,2178,1184,3362
02163300,UNIVERSIDAD CENTRAL DEL CARIBE          ,PR,00960-0000,Private      ,53,223,276,61,256,317
02165100,EDP COLLEGE OF PUERTO RICO              ,PR,00919-0000,Private      ,242,340,582,301,458,759
02166400,INSTITUTO DE BANCA Y COMERCIO           ,PR,00925-0000,Proprietary  ,2770,2865,5635,3895,4504,8399
02170300,INST EDUC TECNIA OCUP LA REINA          ,PR,00674-0000,Proprietary  ,39,29,68,39,29,68
02170301,INST EDUC TECNICA OCUPLA LA REINA       ,PR,00603-0000,Proprietary  ,4,1,5,4,1,5
02189100,CENTRO DE ESTUDIOS MULTIDISCIPLIN       ,PR,00926-0000,Private      ,233,451,684,255,470,725
02189300,EMMA'S BEAUTY ACADEMY                   ,PR,00680-0000,Proprietary  ,120,105,225,121,105,226
02195400,MODERN HAIRSTYLING INSTITUTE            ,PR,00960-0000,Proprietary  ,125,94,219,125,94,219
02195500,MODERN HAIRSTYLING INSTITUTE            ,PR,00612-0000,Proprietary  ,1,1,2,1,1,2
02195800,LICEO E ARTE Y TECNOLGIA                ,PR,00919-0000,Private      ,479,310,789,506,349,855
02195900,MODERN HAIRSTYLING INSTITUTE            ,PR,00980-0000,Proprietary  ,1,1,2,2,1,3
02234900,ANTILLES SCHOOL OF TECH CAREERS         ,PR,00909-0000,Proprietary  ,26,46,72,27,46,73
02241901,COMMONWEALTH OF PR DEPT OF EDUC - CARLOS,PR,00986-0000,Public       ,4,12,16,4,12,16
02241902,COMMONWEALTH OF PR DEPT OF EDUC - TOMAS ,PR,00613-0000,Public       ,4,7,11,4,7,11
02241904,COMMONWEALTH OF PR DEPT OF EDUC - ITPR R,PR,00655-0000,Public       ,308,125,433,327,138,465
02241905,COMMONWEALTH OF PR DEPT OF EDUC - JOSE A,PR,00674-0000,Public       ,602,150,752,726,175,901
02241907,COMMONWEALTH OF PR DEPT OF EDUC - ITPR R,PR,00928-0000,Public       ,263,81,344,273,88,361
02241908,COMMONWEALTH OF PR DEPT OF EDUC - ITPR R,PR,00732-0000,Public       ,412,165,577,465,199,664
02241909,COMMONWEALTH OF PR DEPT OF EDUC - TROQUE,PR,00959-0000,Public       ,23,2,25,24,3,27
02260600,NATIONAL COLLEGE OF BUSINESS & TECH     ,PR,00960-2036,Proprietary  ,1611,1598,3209,2034,2219,4253
02260601,NATIONAL COLLEGE OF BUSINESS & TECHNOLOG,PR,00612-0000,Proprietary  ,38,6,44,47,12,59
02260602,NATIONAL COLLEGE OF BUSINESS & TECHNOLOG,PR,00745-9903,Proprietary  ,8,1,9,11,5,16
02260800,HUERTAS JUNIOR COLLEGE                  ,PR,00726-0000,Proprietary  ,422,318,740,425,319,744
02297700,AUTOMECA TECHNICAL COLLEGE              ,PR,00957-0000,Proprietary  ,483,217,700,515,241,756
02303800,AMERICAN EDUCATIONAL COLLEGE            ,PR,00961-0000,Proprietary  ,204,153,357,205,154,359
02335500,COLEGIO BIBLICO PENTECOSTAL DE PR       ,PR,00978-0000,Private      ,4,33,37,4,34,38
02340600,HUMACAO COMMUNITY COLLEGE               ,PR,00792-0000,Private      ,6,4,10,7,5,12
02343600,INSTITUTE OF BEAUTY CAREERS             ,PR,00613-0000,Proprietary  ,202,249,451,203,249,452
02482400,PONCE SCHOOL OF MEDICINE                ,PR,00716-2347,Private      ,6,384,390,7,492,499
02502400,SERBIA'S SCHOOL OF BEAUTY CULTURE       ,PR,00785-0000,Proprietary  ,74,91,165,94,147,241
02504500,INSTITUCION CHAVIANO DE MAYAGUEZ        ,PR,00708-0000,Proprietary  ,1,1,2,1,1,2
02505400,ATLANTIC COLLEGE                        ,PR,00970-0000,Private      ,355,149,504,380,162,542
02534900,PONCE PARAMEDICAL COLLEGE (POPAC)       ,PR,00731-0000,Proprietary  ,692,538,1230,816,626,1442
02549700,ACADEMIA MAISON D'ESTHETIQUE            ,PR,00907-0000,Proprietary  ,66,121,187,69,130,199
02552300,COLEGIO MAYOR DE TECHNOLOGIA            ,PR,00714-0000,Proprietary  ,102,111,213,118,162,280
02562500,INTERNATIONAL TECHNICAL COLLEGE         ,PR,00918-0000,Proprietary  ,40,46,86,44,48,92
02563500,ROGIES SCHOOL OF BEAUTY CULTURE         ,PR,00910-0000,Proprietary  ,21,18,39,24,18,42
02566800,PUERTO RICO TECH JUNIOR COLLEGE         ,PR,00917-0000,Proprietary  ,15,11,26,18,12,30
02569400,ESCUELA DE ARTES PLASTICAS              ,PR,00902-1112,Public       ,222,64,286,273,87,360
02570400,EDUCATIONAL TECHNICAL COLLEGE           ,PR,00925-3404,Proprietary  ,140,295,435,143,316,459
02576100,ESCUELA TECNICA DE ELECTRICIDAD         ,PR,00731-0000,Proprietary  ,161,170,331,185,196,381
02587500,UNIVERSIDAD METROPOLITANA               ,PR,00928-0000,Private      ,2412,2885,5297,2733,3379,6112
02588600,SEMINARIO EVANGELICO DE PUERTO RICO     ,PR,00925-0000,Private      ,0,11,11,0,16,16
02593700,HISPANIC AMERICAN COLLEGE               ,PR,00725-0000,Proprietary  ,61,47,108,62,48,110
02611100,INSTITUTO MERLIX                        ,PR,00961-0000,Proprietary  ,15,40,55,16,40,56
03021900,EDIC COLLEGE                            ,PR,00726-0000,Proprietary  ,287,324,611,287,325,612
03025500,MECH TECH COLLEGE                       ,PR,00725-6118,Proprietary  ,968,332,1300,1395,452,1847
03025900,"LICEO DE ARTE, DISENOS Y COMERCIO       ",PR,00726-0000,Proprietary  ,160,190,350,163,196,359
03029700,"UNIVERSAL TECHNOLOGY CLG OF PR, INC     ",PR,00605-1955,Private      ,315,661,976,394,880,1274
03061900,COLEGIO TECHNOLOGICO Y COMERCIAL        ,PR,00602-0000,Proprietary  ,10,25,35,10,25,35
03068400,STAR BEAUTY ACADEMY                     ,PR,00961-6312,Proprietary  ,2,0,2,2,0,2
03070500,D'MART INSTITUTE                        ,PR,00794-3517,Proprietary  ,309,393,702,453,611,1064
03075600,EMMA'S BEAUTY ACADEMY                   ,PR,00795-0000,Proprietary  ,158,121,279,160,121,281
03076000,PUERTO RICO BARBER COLLEGE              ,PR,00738-4632,Proprietary  ,15,34,49,15,34,49
03085700,PROFESSIONAL TECHNICAL INSTITUTION      ,PR,00960-7061,Proprietary  ,94,63,157,95,64,159
03104400,PROFESSIONAL ELECTRIC SCHOOL            ,PR,00674-1797,Proprietary  ,30,30,60,32,34,66
03106900,ESCUELA DE PERITOS ELECTRICITAS         ,PR,00662-0457,Proprietary  ,8,20,28,8,20,28
03112100,JOHN DEWEY COLLEGE                      ,PR,00915-9538,Private      ,393,662,1055,395,667,1062
03112101,JOHN DEWEY COLLEGE                      ,PR,00986-0000,Private      ,90,119,209,92,121,213
03112102,JOHN DEWEY COLLEGE-BAYAMON CAMPUS       ,PR,00959-0000,Private      ,35,47,82,37,49,86
03112104,JOHN DEWEY COLLEGE - YABUCOA LRNING SITE,PR,00767-0767,Private      ,18,35,53,18,35,53
03112105,JOHN DEWEY COLLEGE - FAJARDO BRANCH     ,PR,00738-0738,Private      ,104,134,238,106,137,243
03112106,JOHN DEWEY COLLEGE - ARROYO BRANCH      ,PR,00714-0714,Private      ,39,93,132,43,132,175
03112107,JOHN DEWEY COLLEGE - JUANA DIAZ BRANCH  ,PR,00795-0000,Private      ,117,142,259,160,216,376
03115900,TRINITY COLLEGE OF PUERTO RICO          ,PR,00734-0000,Private      ,3,4,7,4,4,8
03122500,ACADEMIA SERRANT INC.                   ,PR,00717-1568,Proprietary  ,50,91,141,53,94,147
03123100,GLOBELLE TECHNICAL INSTITUTE            ,PR,00693-4218,Proprietary  ,19,53,72,19,56,75
03124200,NOVA COLLEGE DE PUERTO RICO             ,PR,00960-4016,Proprietary  ,27,70,97,29,70,99
03142300,ACADEMIA VOCATIONAL DEL TURABO          ,PR,00725-3657,Proprietary  ,10,4,14,13,5,18
03157600,"COLEGIO DE CINEMATOGRAFIA, ARTES Y TELEV",PR,00961-6345,Proprietary  ,49,19,68,51,20,71
03177300,SAN JUAN BAUTISTA SCH OF MEDICINE       ,PR,00726-0000,Private      ,0,174,174,0,205,205
03326300,UNIVERSAL CAREER COMMUNITY COLLEGE      ,PR,00907-0000,Proprietary  ,155,179,334,157,184,341
03336300,CENTURY COLLEGE                         ,PR,00603-4802,Proprietary  ,41,51,92,43,56,99
03452300,INSTITUTO PRE-VOCACIONAL E INDUSTRI     ,PR,00613-1800,Private      ,1,7,8,2,7,9
03461400,POLITEC INSTITUTE                       ,PR,00732-0000,Proprietary  ,7,0,7,8,1,9
03469300,IVAEM COLLEGE                           ,PR,00725-0000,Proprietary  ,69,16,85,86,25,111
03531300,COLEGIO PENTECOSTAL MIZPA               ,PR,00928-0966,Private      ,6,105,111,6,105,111
03544300,ATENAS COLLEGE                          ,PR,00674-0000,Private      ,341,481,822,381,614,995
03552300,LESTON COLLEGE                          ,PR,00961-6309,Proprietary  ,13,22,35,13,22,35
03585300,CENTRO DE CAPACITACION Y ASESORAMIE     ,PR,00612-0000,Proprietary  ,3,11,14,3,11,14
03600300,AMERICAN TECHNOLOGICAL COLLEGE          ,PR,00928-3713,Proprietary  ,1,2,3,1,2,3
03608300,CARIBBEAN FORENSIC & TECHNICAL COLL     ,PR,00926-0000,Proprietary  ,8,22,30,9,25,34
03735400,"CHARLIES GUARD,DETECTIVE BUREAU&ACA     ",PR,00605-0000,Proprietary  ,4,24,28,4,25,29
03751300,ESCUELA HOTELERA DE SAN JUAN            ,PR,00917-0091,Proprietary  ,176,98,274,208,108,316
03758300,BAYAMON COMMUNITY COLLEGE               ,PR,00960-0000,Proprietary  ,11,54,65,13,54,67
03781400,INDUSTRIAL TECHNICAL COLLEGE            ,PR,00792-0000,Proprietary  ,19,43,62,19,43,62
03785300,J.G. GUAYNABO TECHNICAL COLLEGE         ,PR,00960-0000,Proprietary  ,8,35,43,9,35,44
03800300,COLEGIO TECNICO DE ELECTRICIDAD GALLOSA ,PR,00602-0000,Proprietary  ,7,19,26,7,21,28
03800400,INSTITUTE OF BEAUTY OCCUPATIONS AND TECH,PR,00676-5071,Proprietary  ,15,23,38,17,28,45
03843300,ADVANCED TECH COLLEGE                   ,PR,00961-6321,Proprietary  ,0,11,11,0,11,11
03849300,AGUADILLA TECHNICAL COLLEGE             ,PR,00603-0000,Proprietary  ,1,1,2,1,1,2
04030300,ASPIRA  DE PUERTO RICO                  ,PR,00987-0000,Private      ,0,1,1,0,1,1
04107300,CARIB TECHNOLOGICAL INSTITUTE           ,PR,00960-0000,Proprietary  ,1,6,7,1,6,7
00394600,UNIVERSITY OF THE VIRGIN ISLANDS        ,VI,00802-6000,Public       ,252,199,451,651,393,1044
00394601,UNIV OF THE VIRGIN ISLANDS-ST CROIX     ,VI,00850-0000,Public       ,113,126,239,256,289,545
00667700,MCGILL UNIVERSITY                       ,CN,00000-0000,Public       ,182,96,278,1224,301,1525
00667900,QUEEN'S UNIVERSITY AT KINGSTON          ,CN,00000-0000,Public       ,21,10,31,84,24,108
00668100,ST FRANCIS XAVIER UNIVERSITY            ,CN,00000-0000,Public       ,6,3,9,25,3,28
00668200,ST THOMAS UNIVERSITY                    ,CN,00000-0000,Public       ,3,2,5,13,3,16
00668300,UNIVERSITY OF GUELPH                    ,CN,00000-0000,Public       ,6,13,19,26,26,52
00668400,UNIVERSITY OF MANITOBA                  ,CN,00000-0000,Public       ,8,7,15,25,15,40
00668500,UNIVERSITY OF NEW BRUNSWICK (THE)       ,CN,00000-0000,Public       ,4,4,8,11,10,21
00668600,UNIVERSITY OF OTTAWA                    ,CN,00000-0000,Public       ,5,11,16,29,26,55
00668800,UNIVERSITY OF TORONTO                   ,CN,00000-0000,Public       ,58,67,125,192,258,450
00668900,UNIVERSITY OF WINDSOR                   ,CN,00000-0000,Public       ,6,10,16,17,28,45
00683700,UNIVERSITE LAVAL                        ,CN,00000-0000,Public       ,0,2,2,2,9,11
00683800,DALHOUSIE UNIVERSITY                    ,CN,00000-0000,Public       ,16,22,38,77,46,123
00685200,BISHOP'S UNIVERSITY                     ,CN,00000-0000,Private      ,8,4,12,21,6,27
00685300,MCMASTER UNIVERSITY                     ,CN,00000-0000,Public       ,5,5,10,21,16,37
00767900,YORK UNIVERSITY                         ,CN,00000-0000,Public       ,30,28,58,92,72,164
00787400,UNIVERSITY AT CALGARY (THE)             ,CN,00000-0000,Public       ,4,17,21,14,32,46
00814800,UNIVERSITY OF WINNIPEG                  ,CN,00000-0000,Public       ,1,1,2,4,4,8
00836200,UNIVERSITY OF ALBERTA (THE)             ,CN,00000-0000,Public       ,1,11,12,13,38,51
00836300,MOUNT SAINT VINCENT UNIVERSITY          ,CN,00000-0000,Private      ,1,4,5,2,5,7
00836400,SAINT MARY'S UNIVERSITY                 ,CN,00000-0000,Public       ,1,1,2,12,3,15
00836500,CONCORDIA UNIVERSITY - SIR GEORGE W     ,CN,00000-0000,Public       ,52,55,107,165,115,280
00836600,UNIVERSITE DE MONTREAL                  ,CN,00000-0000,Public       ,2,7,9,10,21,31
00836800,CARLETON UNIVERSITY                     ,CN,00000-0000,Public       ,6,7,13,31,18,49
00836900,UNIVERSITY OF BRITISH COLUMBIA          ,CN,00000-0000,Public       ,86,90,176,455,320,775
00837000,"SAFA, UNIVERSITY OF VICTORIA            ",CN,00000-0000,Public       ,15,13,28,64,39,103
00844400,SIMON FRASER UNIVERSITY                 ,CN,00000-0000,Public       ,7,13,20,56,51,107
00844600,UNIVERSITY OF WESTERN ONTARIO (THE)     ,CN,00000-0000,Public       ,5,9,14,17,28,45
00844800,UNIVERSITY OF REGINA                    ,CN,00000-0000,Public       ,3,2,5,5,4,9
00844900,ACADIA UNIVERSITY                       ,CN,00000-0000,Public       ,11,5,16,51,7,58
00852600,UNIVERSITY OF WATERLOO                  ,CN,00000-0000,Public       ,3,3,6,18,15,33
00858200,WILFRID LAURIER UNIVERSITY              ,CN,00000-0000,Public       ,1,0,1,6,3,9
00874200,UNIVERSITE DE SHERBROOKE                ,CN,00000-0000,Private      ,0,1,1,1,1,2
00891300,LAKEHEAD UNIVERSITY                     ,CN,00000-0000,Public       ,0,1,1,0,3,3
00911900,UNIVERSITE DE MONCTON                   ,CN,00000-0000,Public       ,0,2,2,0,2,2
00918000,LAURENTIAN UNIVERSITY OF SUDBURY        ,CN,00000-0000,Public       ,1,1,2,2,2,4
00925200,BROCK UNIVERSITY                        ,CN,00000-0000,Public       ,3,4,7,8,10,18
00936700,UNIVERSITY OF PRINCE EDWARD ISLAND      ,CN,00000-0000,Public       ,1,37,38,7,76,83
00942100,BRANDON UNIVERSITY                      ,CN,00000-0000,Public       ,0,2,2,1,3,4
00948600,TRINITY WESTERN UNIVERSITY              ,CN,00000-0000,Private      ,53,21,74,240,40,280
00950000,MEMORIAL UNIVERSITY OF NEWFOUNDLAND     ,CN,00000-0000,Public       ,2,7,9,9,15,24
00950100,UNIVERSITY OF KING'S COLLEGE            ,CN,00000-0000,Public       ,5,1,6,14,2,16
00950300,MOUNT ALLISON UNIVERSITY                ,CN,00000-0000,Public       ,9,0,9,33,0,33
00950500,TRENT UNIVERSITY                        ,CN,00000-0000,Public       ,4,4,8,9,4,13
00969700,LETHBRIDGE COLLEGE                      ,CN,00000-0000,Public       ,2,0,2,3,0,3
00969800,MEDICINE HAT COLLEGE                    ,CN,00000-0000,Public       ,0,1,1,1,1,2
00970100,SENECA COLG OF APPLIED ARTS & TECH      ,CN,00000-0000,Public       ,3,0,3,5,2,7
01012300,NOVA SCOTIA COLLEGE OF ART & DESIGN     ,CN,00000-0000,Public       ,1,2,3,9,11,20
01022100,SAINT PAUL UNIVERSITY                   ,CN,00000-0000,Public       ,2,2,4,2,5,7
01045800,SHERIDAN COLLEGE OF APPLIED ARTS AN     ,CN,00000-0000,Public       ,2,1,3,9,8,17
01067500,REGENT COLLEGE                          ,CN,00000-0000,Private      ,1,48,49,4,95,99
01070300,UNIVERSITY OF LETHBRIDGE                ,CN,00000-0000,Public       ,2,2,4,6,3,9
01072000,RYERSON UNIVERSITY                      ,CN,00000-0000,Public       ,9,18,27,29,36,65
01172200,BRIERCREST BIBLE COLLEGE                ,CN,00000-0000,Private      ,8,3,11,17,6,23
01221100,ALGONQUIN CLG OF APPLIED ARTS &TECH     ,CN,00000-0000,Public       ,2,1,3,3,3,6
01222800,HUMBER COLLEGE                          ,CN,00000-0000,Public       ,2,4,6,5,11,16
01227400,PROVIDENCE COLLEGE                      ,CN,00000-0000,Private      ,12,6,18,21,10,31
02081600,SAULT COLLG OF APPLIED ARTS & TECH      ,CN,00000-0000,Public       ,1,0,1,1,0,1
02102100,BETHANY BIBLE COLLEGE                   ,CN,00000-0000,Private      ,32,13,45,50,14,64
02116600,CANADIAN MEMORIAL CHIROPRACTIC COLL     ,CN,00000-0000,Private      ,0,1,1,0,2,2
02167000,PRAIRIE BIBLE INST                      ,CN,00000-0000,Private      ,16,9,25,27,15,42
02195600,LASALLE COLLEGE                         ,CN,00000-0000,Private      ,1,1,2,1,2,3
02195700,TAYLOR UNIVERSITY COLLEGE AND SEMINARY  ,CN,00000-0000,Private      ,4,0,4,9,1,10
02201100,COLUMBIA BIBLE COLLEGE                  ,CN,00000-0000,Private      ,11,0,11,16,1,17
02209700,UNIVERSITE DU QUEBEC (UNIVERSITY OF     ,CN,00000-0000,Public       ,1,3,4,3,8,11
02216400,TYNDALE COLLEGE & SEMINARY              ,CN,00000-0000,Private      ,1,3,4,1,5,6
02219000,ST. LAWRENCE COLLEGE                    ,CN,00000-0000,Public       ,4,1,5,7,1,8
02219200,UNIVERSITY OF SASKATCHEWAN              ,CN,00000-0000,Public       ,1,4,5,3,11,14
02338800,EMILY CARR UNIVERSITY OF ART AND DESIGN ,CN,00000-0000,Public       ,8,7,15,33,16,49
02354700,RED DEER COLLEGE                        ,CN,00000-0000,Public       ,0,0,0,1,0,1
02529200,AUGUSTANA UNIVERSITY COLLEGE            ,CN,00000-0000,Private      ,0,0,0,1,0,1
02577200,SALVATION ARMY WM & CATHERINE BOOTH     ,CN,00000-0000,Private      ,0,0,0,1,0,1
02592600,NEW BRUNSWICK COMMUNITY COLLEGE         ,CN,00000-0000,Public       ,0,0,0,1,0,1
02593800,CONCORDIA UNIVERSITY COLLEGE            ,CN,00000-0000,Private      ,0,0,0,1,0,1
02611400,"GARDNER COLLEGE, A CENTRE FOR CHRIS     ",CN,00000-0000,Private      ,1,0,1,1,0,1
02611900,THE KING'S UNIVERSITY COLLEGE           ,CN,00000-0000,Private      ,0,1,1,0,2,2
03018300,ROCKY MOUNTAIN COLLEGE: CENTRE FOR      ,CN,00000-0000,Private      ,1,0,1,1,0,1
03033800,UNIVERSITY COLLEGE OF CAPE BRETON       ,CN,00000-0000,Public       ,1,2,3,4,4,8
03076200,COVENANT BIBLE COLLEGE                  ,CN,00000-0000,Private      ,0,0,0,2,0,2
03078300,VANCOUVER SCHOOL OF THEOLOGY            ,CN,00000-0000,Private      ,0,2,2,0,3,3
03273300,CANADIAN COLLEGE OF NATUROPATHIC ME     ,CN,00000-0000,Private      ,0,12,12,0,24,24
03298300,ALBERTA COLLEGE OF ART & DESIGN         ,CN,00000-0000,Public       ,2,3,5,15,6,21
03332500,KWANTLEN UNIVERSITY COLLEGE             ,CN,00000-0000,Public       ,0,1,1,2,2,4
03335400,CANADIAN UNIVERSITY COLLEGE             ,CN,00000-0000,Private      ,9,0,9,19,1,20
03339300,ST. STEPHENS UNIVERSITY                 ,CN,00000-0000,Private      ,0,1,1,0,2,2
03348500,REDEEMER UNIVERSITY COLLEGE             ,CN,00000-0000,Private      ,4,0,4,7,0,7
03408300,CANDIAN NAZARENE UNIVERSITY COLLEGE     ,CN,00000-0000,Private      ,0,0,0,1,1,2
03420300,HOLLAND COLLEGE                         ,CN,00000-0000,Public       ,0,0,0,0,2,2
03421300,LOYALIST COLLEGE OF APPLIED ARTS &      ,CN,00000-0000,Public       ,1,0,1,1,0,1
03465300,NIPISSING UNIVERSITY                    ,CN,00000-0000,Public       ,0,0,0,0,1,1
03511300,CN CLG ACUPUNCTURE & ORIENTAL MED       ,CN,00000-0000,Private      ,0,5,5,0,6,6
03551300,INTERNATIONAL BIBLE COLLEGE             ,CN,00000-0000,Private      ,1,1,2,2,4,6
03560400,NIAGARA COLLEGE-WELLAND CAMPUS          ,CN,00000-0000,Public       ,2,4,6,3,5,8
03613300,UNIV OF NORTHERN BRITISH COLUMBIA       ,CN,00000-0000,Public       ,1,1,2,4,4,8
03674400,CANADIAN SOUTHERN BAPTIST SEMINARY      ,CN,00000-0000,Private      ,0,1,1,0,1,1
03711300,CAPILANO UNIVERSITY                     ,CN,00000-0000,Public       ,2,2,4,6,3,9
03846300,PACIFIC LIFE BIBLE COLLEGE              ,CN,00000-0000,Private      ,2,1,3,4,2,6
00814700,UNIVERSIDAD AUTONOMA DE GUADALAJARA     ,MX,00000-0000,Private      ,8,264,272,24,861,885
01041800,INST TEC Y DE ESTSUPER DE MONTERRE      ,MX,00000-0000,Private      ,10,15,25,23,38,61
01067600,UNIVERSIDAD DE MONTERREY                ,MX,00000-0000,Private      ,3,6,9,10,16,26
01093800,UNIVERSIDAD DE GUANAJUATO               ,MX,00000-0000,Public       ,3,3,6,8,10,18
01097600,INSTITUTO ALLENDE                       ,MX,00000-0000,Private      ,2,2,4,2,3,5
02053300,CENTRO DE ESTUDIOS UNIVERSITARIOS D     ,MX,00000-0000,Private      ,35,86,121,48,116,164
02283100,UNIVERSIDAD TECNOLOGICA DE MEXICO       ,MX,00000-0000,Proprietary  ,3,1,4,13,15,28
01001000,AMERICAN SAMOA CMNTY COLLEGE            ,AS,96799-2609,Public       ,411,56,467,560,106,666
01034300,COLLEGE OF MICRONESIA - FSM             ,FM,96941-0159,Public       ,624,131,755,891,169,1060
01100900,PALAU COMMUNITY COLLEGE                 ,PW,96940-0009,Public       ,195,77,272,563,207,770
03022400,COLLEGE OF THE MARSHALL ISLANDS         ,MH,96960-1258,Public       ,17,11,28,48,23,71
03033000,NORTHERN MARIANAS COLLEGE               ,MP,96950-0000,Public       ,109,93,202,117,115,232
