OPE ID,School,State,Zip Code,School Type,20072008Qtr5_Dependent Students,20072008Qtr5_Independent Students,Quarterly Total,YTD_20072008Qtr5_Dependent Students,YTD_20072008Qtr5_Independent Students,Award Year To Date Total
00100200,ALABAMA AGRCLTL & MECHL UNIV            ,AL,35762-1357,Public       ,110,97,207,5208,2734,7942
00100300,FAULKNER UNIVERSITY                     ,AL,36109-3398,Private      ,30,210,240,1300,3196,4496
00100400,UNIVERSITY OF MONTEVALLO                ,AL,35115-6000,Public       ,42,29,71,1685,950,2635
00100500,ALABAMA STATE UNIVERSITY                ,AL,36101-0000,Public       ,161,175,336,7044,3922,10966
00100700,CENTRAL ALABAMA COMMUNITY COLLEGE       ,AL,35011-0000,Public       ,43,100,143,989,1653,2642
00100800,ATHENS STATE UNIVERSITY                 ,AL,35611-1999,Public       ,9,72,81,503,2359,2862
00100900,AUBURN UNIVERSITY                       ,AL,36849-5113,Public       ,237,145,382,12175,4520,16695
00101200,BIRMINGHAM SOUTHERN COLLEGE             ,AL,35254-0002,Private      ,17,17,34,1495,234,1729
00101300,CALHOUN COMMUNITY COLLEGE               ,AL,35609-2216,Public       ,153,280,433,3122,4769,7891
00101500,ENTERPRISE-OZARK COMMUNITY COLLEGE      ,AL,36331-1300,Public       ,37,103,140,854,1147,2001
00101600,UNIVERSITY OF NORTH ALABAMA             ,AL,35632-0001,Public       ,89,82,171,3155,2199,5354
00101700,GADSDEN STATE COMMUNITY COLLEGE         ,AL,35903-2269,Public       ,108,272,380,1971,3188,5159
00101706,GADSDEN STATE COMM. COLLEGE-AYERS CAMPUS,AL,36202-0000,Public       ,0,0,0,208,346,554
00101800,GEORGE C WALLACE COMMUNITY COLLEGE      ,AL,36303-0943,Public       ,63,167,230,1247,2657,3904
00101900,HUNTINGDON COLLEGE                      ,AL,36106-2148,Private      ,21,27,48,927,362,1289
00102000,JACKSONVILLE STATE UNIVERSITY           ,AL,36265-1602,Public       ,92,180,272,5078,4268,9346
00102100,JEFFERSON DAVIS COMMUNITY COLLEGE       ,AL,36427-2790,Public       ,28,64,92,424,718,1142
00102200,JEFFERSON STATE COMMUNITY COLLEGE       ,AL,35215-3098,Public       ,102,259,361,2620,4811,7431
00102300,JUDSON COLLEGE                          ,AL,36756-2504,Private      ,5,19,24,291,120,411
00102400,UNIVERSITY OF WEST ALABAMA              ,AL,35470-0000,Public       ,51,269,320,1617,3409,5026
00102600,MARION MILITARY INSTITUTE               ,AL,36756-3214,Public       ,12,1,13,321,28,349
00102800,MILES COLLEGE                           ,AL,35064-2697,Private      ,61,64,125,2065,1214,3279
00102900,UNIVERSITY OF MOBILE                    ,AL,36613-0000,Private      ,21,47,68,1099,1456,2555
00103000,BISHOP STATE COMMUNITY COLLEGE          ,AL,36603-5898,Public       ,38,154,192,1146,2858,4004
00103001,BISHOP STATE COMM COLG-CARVER CMPS      ,AL,36617-0000,Public       ,2,9,11,79,205,284
00103002,BISHOP STAT COMM CLG-SW CMPS            ,AL,36605-0000,Public       ,1,10,11,63,116,179
00103100,NORTHEAST ALABAMA STATE CMNTY COLG      ,AL,35986-0159,Public       ,48,104,152,845,1450,2295
00103300,OAKWOOD COLLEGE                         ,AL,35896-0001,Private      ,43,30,73,1603,610,2213
00103400,ALABAMA SOUTHERN COMMUNITY COLLEGE      ,AL,36460-5698,Public       ,39,70,109,763,978,1741
00103600,SAMFORD UNIVERSITY                      ,AL,35229-7000,Private      ,24,40,64,2313,2126,4439
00103700,SELMA UNIVERSITY                        ,AL,36701-0000,Private      ,0,0,0,1,0,1
00103800,SNEAD STATE COMMUNITY COLLEGE           ,AL,35957-0734,Public       ,29,70,99,770,1319,2089
00104000,SOUTHERN UNION STATE COMMUNITY CLG      ,AL,36276-0000,Public       ,102,140,242,2272,2114,4386
00104100,SPRING HILL COLLEGE                     ,AL,36608-1791,Private      ,20,18,38,1485,504,1989
00104400,STILLMAN COLLEGE                        ,AL,35403-1430,Private      ,38,11,49,1411,369,1780
00104600,TALLADEGA COLLEGE                       ,AL,35160-2354,Private      ,11,5,16,485,126,611
00104700,TROY STATE UNIVERSITY                   ,AL,36082-0001,Public       ,184,1277,1461,5577,18644,24221
00104754,TROY UNIVERSITY - DOTHAN                ,AL,36303-1575,Public       ,0,0,0,127,375,502
00104755,TROY UNIVERSITY - MONTGOMERY            ,AL,36103-4419,Public       ,0,0,0,251,1053,1304
00105000,TUSKEGEE UNIVERSITY                     ,AL,36088-1645,Private      ,91,19,110,4144,883,5027
00105100,UNIVERSITY OF ALABAMA (THE)             ,AL,35487-0120,Public       ,231,224,455,12381,6483,18864
00105200,UNIVERSITY OF ALABAMA AT BIRMINGHAM     ,AL,35294-1150,Public       ,142,267,409,6928,7739,14667
00105500,UNIVERSITY OF ALABAMA IN HUNTSVILLE     ,AL,35899-0001,Public       ,77,101,178,3304,2724,6028
00105700,UNIVERSITY OF SOUTH ALABAMA             ,AL,36688-0002,Public       ,89,236,325,5317,7274,12591
00105900,LAWSON STATE COMMUNITY COLLEGE          ,AL,35221-1798,Public       ,105,255,360,1721,2887,4608
00105901,LAWSON STATE COMMUNITY COLLEGE - BESSEME,AL,35021-0308,Public       ,14,26,40,251,542,793
00106000,FAULKNER STATE COMMUNITY COLLEGE        ,AL,36507-2698,Public       ,59,87,146,1860,1990,3850
00446200,GADSDEN BUSINESS COLLEGE                ,AL,35906-3658,Proprietary  ,0,0,0,2,11,13
00526000,J.F. DRAKE STATE TECH COLLEGE           ,AL,35811-1584,Public       ,20,77,97,294,972,1266
00569100,SHELTON STATE COMMUNITY CLG             ,AL,35405-4017,Public       ,159,142,301,2708,2649,5357
00569200,REID STATE TECHNICAL COLLEGE            ,AL,36401-0000,Public       ,18,46,64,233,546,779
00569700,NORTHWEST- SHOALS COMMUNITY COLLEGE     ,AL,35661-0000,Public       ,200,132,332,1755,2017,3772
00569702,NORTHWEST-SHOALS C.C.-PHIL CAMPBELL     ,AL,35581-0000,Public       ,26,8,34,178,166,344
00569900,GEORGE C WALLACE STATE CMTY COLLEGE     ,AL,36703-0000,Public       ,68,114,182,947,1503,2450
00573300,BEVILL STATE CMTY COLLEGE-WALKER        ,AL,35148-0000,Public       ,61,105,166,985,1866,2851
00573301,BEVILL STATE COMMUNITY COLLEGE - FAYETTE,AL,35555-0000,Public       ,15,26,41,344,475,819
00573302,BEVILL STATE CMTY CLG-HAMILTON CAMP     ,AL,35570-0000,Public       ,9,17,26,146,313,459
00573305,BEVILL STATE CMTY CLG-WALKER CLG        ,AL,35501-0000,Public       ,5,19,24,292,351,643
00573400,H. COUNCILL TRENHOLM STATE TECH COLLEGE ,AL,36108-0020,Public       ,45,110,155,546,1416,1962
00573401,H. C. TRENHOLM ST TECH COL-PATTERSON CAM,AL,36116-2612,Public       ,12,29,41,220,474,694
00787100,GEORGE C WALLACE STATE CMTY CLG         ,AL,35077-2000,Public       ,92,144,236,2134,3170,5304
00831000,AUBURN UNIVERSITY-MONTGOMERY            ,AL,36124-0000,Public       ,63,121,184,2482,3270,5752
00898800,LURLEEN B WALLACE COMMUNITY COLLEGE     ,AL,36420-0418,Public       ,27,77,104,640,972,1612
01019300,HERZING COLLEGE                         ,AL,35209-4816,Proprietary  ,4,58,62,141,636,777
01055400,CONCORDIA COLLEGE                       ,AL,36701-3323,Private      ,13,26,39,407,406,813
01123700,SOUTHERN COMMUNITY COLLEGE              ,AL,36083-1803,Private      ,0,0,0,8,10,18
01218200,CHATTAHOOCHEE VALLEY CMTY CLG           ,AL,36869-7917,Public       ,34,91,125,659,1312,1971
01303906,SOUTH UNIVERSITY - MONTGOMERY           ,AL,36116-1120,Proprietary  ,25,78,103,262,912,1174
02170600,UNITED STATES SPORTS ACADEMY            ,AL,36526-7055,Private      ,1,109,110,24,716,740
02199700,HERITAGE CHRISTIAN UNIVERSITY           ,AL,35630-0000,Private      ,0,6,6,13,60,73
02270400,SOUTHEASTERN BIBLE COLLEGE              ,AL,35244-2083,Private      ,10,13,23,109,159,268
02296000,PRINCE INSTITUTE OF PROFESSIONAL STUDIES,AL,36117-0000,Proprietary  ,1,4,5,46,87,133
02323800,GAITHER AND COMPANY BEAUTY COLLEGE      ,AL,35768-0000,Proprietary  ,0,0,0,1,12,13
02341000,FORTIS COLLEGE                          ,AL,36609-0000,Proprietary  ,37,136,173,252,925,1177
02341002,CAPPS COLLEGE - MONTGOMERY              ,AL,36109-3624,Proprietary  ,1,9,10,34,104,138
02503400,AMRIDGE UNIVERSITY                      ,AL,36124-0000,Private      ,1,55,56,24,886,910
02605500,REMINGTON COLLEGE - MOBILE CAMPUS       ,AL,36609-5593,Proprietary  ,58,304,362,486,2030,2516
03010600,VIRGINIA COLLEGE                        ,AL,35209-5154,Proprietary  ,243,2306,2549,1365,11059,12424
03010602,VIRGINIA COLLEGE - HUNTSVILLE           ,AL,35805-0000,Proprietary  ,4,16,20,95,297,392
03010605,VA COLG TECHNICAL AT PELHAM             ,AL,35124-0000,Proprietary  ,2,2,4,10,16,26
03010607,VIRGINIA COLLEGE - MOBILE               ,AL,36606-4748,Proprietary  ,1,11,12,4,40,44
03032500,ALABAMA STATE CLG BARBER STYLING        ,AL,35215-8308,Proprietary  ,1,10,11,21,66,87
03100503,VIRGINIA COLLEGE AT PENSACOLA - VIRGINIA,AL,35242-5340,Proprietary  ,0,0,0,58,274,332
03361400,FORTIS COLLEGE                          ,AL,36535-3547,Proprietary  ,5,41,46,66,309,375
03459300,SOUTHEASTERN SCHOOL OF COSMETOLOGY      ,AL,35228-0000,Private      ,5,33,38,28,172,200
03783300,BLUE CLIFF CAREER COLLEGE               ,AL,63306-4749,Proprietary  ,5,54,59,60,212,272
03894300,HUNTSVILLE BIBLE COLLEGE                ,AL,35811-0000,Private      ,0,2,2,6,37,43
04067300,SELMA UNIVERSITY                        ,AL,36701-0000,Private      ,2,12,14,5,42,47
04116500,MIMI'S BEAUTY ACADEMY OF COSMETOLOGY    ,AL,35810-3453,Proprietary  ,3,7,10,3,10,13
04121500,COLUMBIA SOUTHERN UNIVERSITY            ,AL,36561-3815,Proprietary  ,1,21,22,1,21,22
04125200,TONI LOVE'S COSMETOLOGY TRAINING CENTER ,AL,35474-0005,Proprietary  ,0,1,1,0,1,1
00111100,ALLAN HANCOCK COLLEGE                   ,CA,93454-6399,Public       ,141,314,455,2443,2976,5419
00111300,ANTELOPE VALLEY COLLEGE                 ,CA,93536-5426,Public       ,311,842,1153,3388,5797,9185
00111600,ART CENTER COLLEGE OF DESIGN            ,CA,91103-1999,Private      ,33,26,59,1115,1251,2366
00111700,AZUSA PACIFIC UNIVERSITY                ,CA,91702-7000,Private      ,100,530,630,5192,5249,10441
00111800,BAKERSFIELD COLLEGE                     ,CA,93305-1299,Public       ,225,501,726,5974,6376,12350
00111900,BARSTOW COMMUNITY COLLEGE               ,CA,92311-6608,Public       ,64,439,503,544,2502,3046
00112000,AMER BAPT SEM OF THE WEST-BERKELEY      ,CA,94704-0000,Private      ,0,1,1,0,51,51
00112100,BETHANY UNIVERSITY /  ASSEMBLIES OF GOD ,CA,95066-2896,Private      ,7,19,26,438,379,817
00112200,BIOLA UNIVERSITY                        ,CA,90639-0001,Private      ,65,90,155,4352,1885,6237
00112300,BROOKS INSTITUTE                        ,CA,93103-1809,Proprietary  ,63,28,91,1713,984,2697
00112400,CABRILLO COLLEGE                        ,CA,95003-3194,Public       ,248,438,686,2444,3425,5869
00112500,CALIFORNIA BAPTIST UNIVERSITY           ,CA,92504-3297,Private      ,41,143,184,2840,2283,5123
00112700,CALIFORNIA COLLEGE OF THE ARTS          ,CA,94107-2206,Private      ,23,12,35,1358,1223,2581
00113100,CALIFORNIA INSTITUTE OF TECHNOLOGY      ,CA,91125-0001,Private      ,18,9,27,2132,325,2457
00113200,CALIFORNIA INSTITUTE OF THE ARTS        ,CA,91355-2397,Private      ,12,3,15,1239,1200,2439
00113300,CALIFORNIA LUTHERAN UNIVERSITY          ,CA,91360-2787,Private      ,23,91,114,2283,1300,3583
00113400,CALIFORNIA MARITIME ACADEMY             ,CA,94590-8181,Public       ,9,5,14,586,194,780
00113700,CALIF STATE UNIV-FULLERTON              ,CA,92831-3599,Public       ,451,444,895,24888,13242,38130
00113800,"CALIFORNIA STATE UNIVERSITY, EAST BAY   ",CA,94542-3000,Public       ,161,343,504,6162,7373,13535
00113900,CALIF STATE UNIV-LONG BEACH             ,CA,90840-0006,Public       ,450,446,896,30262,15482,45744
00114000,CALIF STATE UNIV-LOS ANGELES            ,CA,90032-4226,Public       ,304,632,936,16295,13911,30206
00114100,"CALIF STATE UNIV, DOMINGUEZ HILLS       ",CA,90747-0001,Public       ,157,408,565,8121,8705,16826
00114200,CALIF STATE UNIV SAN BERNARDINO         ,CA,92407-2397,Public       ,234,565,799,11143,10408,21551
00114300,CAL POLY STATE UNIVERSITY               ,CA,93407-0001,Public       ,231,94,325,19453,3213,22666
00114400,CALIF STATE POLYTECHNIC UNIV POMONA     ,CA,91768-2500,Public       ,295,275,570,17463,6568,24031
00114600,CALIF STATE UNIV - CHICO                ,CA,95929-0001,Public       ,223,148,371,12170,5357,17527
00114700,CALIF STATE UNIV - FRESNO               ,CA,93740-8026,Public       ,226,253,479,15339,9149,24488
00114900,HUMBOLDT STATE UNIVERSITY               ,CA,95521-8299,Public       ,106,83,189,6741,3785,10526
00115000,CALIF STATE UNIV-SACRAMENTO             ,CA,95819-6044,Public       ,328,469,797,17534,13416,30950
00115100,SAN DIEGO STATE UNIVERSITY              ,CA,92182-1690,Public       ,517,398,915,29594,14062,43656
00115300,CALIF STATE UNIV-NORTHRIDGE             ,CA,91330-8307,Public       ,385,555,940,22713,14401,37114
00115301,CALIF STATE UNIV CHANNEL ISLANDS        ,CA,93012-0000,Public       ,0,0,0,2109,944,3053
00115400,SAN FRANCISCO STATE UNIVERSITY          ,CA,94132-1740,Public       ,326,372,698,20854,14818,35672
00115500,SAN JOSE STATE UNIVERSITY               ,CA,95192-0036,Public       ,275,346,621,17994,12199,30193
00115600,SONOMA STATE UNIVERSITY                 ,CA,94928-3609,Public       ,96,105,201,6670,2936,9606
00115700,CALIF STATE UNIV-STANISLAUS             ,CA,95382-0299,Public       ,105,216,321,5630,4413,10043
00115800,UNITED STATES INTERNATIONAL UNIV        ,CA,92131-1799,Private      ,1,17,18,47,766,813
00116100,CERRITOS COLLEGE                        ,CA,90650-6296,Public       ,306,498,804,7414,6121,13535
00116200,CHABOT COLLEGE                          ,CA,94545-2400,Public       ,148,341,489,3017,3900,6917
00116300,CHAFFEY COLLEGE                         ,CA,91737-9400,Public       ,332,539,871,5810,7203,13013
00116400,CHAPMAN UNIVERSITY                      ,CA,92866-1099,Private      ,70,696,766,5286,8079,13365
00116453,CHAPMAN UNIVERSITY SCHOOL OF LAW        ,CA,92866-0000,Private      ,5,13,18,88,1428,1516
00116500,CHURCH DIV SCH OF THE PACIFIC           ,CA,94709-0000,Private      ,0,0,0,0,76,76
00116600,CITRUS COLLEGE                          ,CA,91741-1899,Public       ,268,372,640,4236,3224,7460
00116900,CLAREMONT GRADUATE UNIVERSITY           ,CA,91711-0000,Private      ,1,63,64,10,1581,1591
00117000,CLAREMONT MCKENNA COLLEGE               ,CA,91711-6400,Private      ,12,3,15,2347,58,2405
00117100,HARVEY MUDD COLLEGE                     ,CA,91711-5990,Private      ,7,0,7,1556,18,1574
00117200,PITZER COLLEGE                          ,CA,91711-6101,Private      ,13,3,16,2099,122,2221
00117300,POMONA COLLEGE                          ,CA,91711-6301,Private      ,15,5,20,3027,71,3098
00117400,SCRIPPS COLLEGE                         ,CA,91711-3948,Private      ,4,2,6,1234,64,1298
00117600,WEST HILLS COMMUNITY COLLEGE            ,CA,93210-1399,Public       ,47,106,153,1593,1740,3333
00117700,COGSWELL POLYTECHNICAL COLLEGE          ,CA,94089-1210,Private      ,3,2,5,112,59,171
00117800,COLLEGE OF MARIN                        ,CA,94904-2590,Public       ,56,143,199,625,1354,1979
00117801,COLG OF MARIN-INDIAN VALLEY CMPS        ,CA,94949-0000,Public       ,2,6,8,27,79,106
00117900,NOTRE DAME DE NAMUR UNIVERSITY          ,CA,94002-1997,Private      ,5,41,46,637,723,1360
00118100,COLLEGE OF SAN MATEO                    ,CA,94402-3784,Public       ,81,178,259,1488,1491,2979
00118200,COLLEGE OF THE DESERT                   ,CA,92260-9305,Public       ,131,256,387,2371,2598,4969
00118300,HOLY NAMES UNIVERSITY                   ,CA,94619-1699,Private      ,13,35,48,548,684,1232
00118500,COLLEGE OF THE REDWOODS                 ,CA,95501-9300,Public       ,121,281,402,1904,3076,4980
00118600,COLLEGE OF THE SEQUOIAS                 ,CA,93277-2234,Public       ,201,468,669,3924,4874,8798
00118700,COLLEGE OF THE SISKIYOUS                ,CA,96094-2899,Public       ,44,78,122,809,878,1687
00118701,COLLEGE OF THE SISKIYOUS - YREKA CENTER ,CA,96097-9538,Public       ,0,5,5,24,42,66
00119000,CONTRA COSTA COLLEGE                    ,CA,94806-3195,Public       ,94,232,326,1262,2135,3397
00119100,DIABLO VALLEY COLLEGE                   ,CA,94523-1544,Public       ,205,284,489,2915,2707,5622
00119200,CUESTA COLLEGE                          ,CA,93403-8106,Public       ,145,242,387,2699,2480,5179
00119300,CYPRESS COLLEGE                         ,CA,90630-5897,Public       ,189,312,501,3478,3668,7146
00119600,DOMINICAN UNIVERSITY OF CALIFORNIA      ,CA,94901-2298,Private      ,18,39,57,1843,1088,2931
00119700,EL CAMINO COLLEGE                       ,CA,90506-0002,Public       ,425,723,1148,6530,5916,12446
00119701,COMPTON COMMUNITY COLLEGE               ,CA,90221-5393,Public       ,91,284,375,709,1584,2293
00119900,FOOTHILL COLLEGE                        ,CA,94022-4597,Public       ,71,157,228,1271,1879,3150
00120000,FULLER THEOLOGICAL SEMINARY             ,CA,91182-0000,Private      ,1,53,54,12,2045,2057
00120100,FULLERTON COLLEGE                       ,CA,92832-2095,Public       ,307,346,653,5516,3910,9426
00120200,GAVILAN COLLEGE                         ,CA,95020-9599,Public       ,98,210,308,1007,1373,2380
00120300,GLENDALE COMMUNITY COLLEGE              ,CA,91208-2894,Public       ,401,597,998,5199,4733,9932
00120400,GOLDEN GATE BAPT THEOL SEMINARY         ,CA,94941-0000,Private      ,0,2,2,1,42,43
00120500,GOLDEN GATE UNIVERSITY                  ,CA,94105-2967,Private      ,4,139,143,59,2864,2923
00120600,GOLDEN WEST COLLEGE                     ,CA,92647-2748,Public       ,153,308,461,4074,3660,7734
00120700,GRADUATE THEOLOGICAL UNION              ,CA,94709-0000,Private      ,0,8,8,0,323,323
00120800,GROSSMONT COLLEGE                       ,CA,92020-1798,Public       ,292,483,775,4499,4799,9298
00120900,HARTNELL COMMUNITY COLLEGE              ,CA,93901-1697,Public       ,155,267,422,1931,1929,3860
00121200,HUMPHREYS COLLEGE                       ,CA,95207-3896,Private      ,10,84,94,184,863,1047
00121400,IMPERIAL VALLEY COLLEGE                 ,CA,92251-9787,Public       ,196,376,572,3535,3154,6689
00121500,LA SIERRA UNIVERSITY                    ,CA,92515-3332,Private      ,37,42,79,1597,686,2283
00121600,UNIVERSITY OF LA VERNE                  ,CA,91750-4443,Private      ,44,413,457,2351,5630,7981
00121700,LASSEN COLLEGE                          ,CA,96130-3000,Public       ,31,110,141,387,613,1000
00121800,LOMA LINDA UNIVERSITY                   ,CA,92350-0001,Private      ,20,87,107,676,4203,4879
00121900,LONG BEACH CITY COLLEGE                 ,CA,90808-1780,Public       ,379,962,1341,7852,10049,17901
00122000,MASTER'S COLLEGE & SEMINARY (THE)       ,CA,91321-1200,Private      ,7,14,21,1014,302,1316
00122300,LOS ANGELES CITY COLLEGE                ,CA,90029-3588,Public       ,303,831,1134,3639,7111,10750
00122400,LOS ANGELES HARBOR COLLEGE              ,CA,90744-2397,Public       ,169,368,537,1928,2782,4710
00122600,LOS ANGELES PIERCE COLLEGE              ,CA,91371-0001,Public       ,332,467,799,4706,3769,8475
00122700,LOS ANGELES TRADE TECH COLLEGE          ,CA,90015-4181,Public       ,241,782,1023,2448,5062,7510
00122800,LOS ANGELES VALLEY COLLEGE              ,CA,91401-4096,Public       ,309,500,809,3900,4505,8405
00122900,SO CA UNIV  HEALTH SCIENCES             ,CA,90604-4051,Private      ,0,3,3,13,509,522
00123000,SOUTHERN CA COLLEGE OF OPTOMETRY        ,CA,92831-1699,Private      ,0,1,1,9,468,477
00123200,AMERICAN RIVER COLLEGE                  ,CA,95841-4286,Public       ,443,1058,1501,6269,11241,17510
00123300,SACRAMENTO CITY COLLEGE                 ,CA,95822-1386,Public       ,366,766,1132,6714,8526,15240
00123600,MENLO COLLEGE                           ,CA,94027-4301,Private      ,6,5,11,760,140,900
00123700,MERCED COMMUNITY COLLEGE                ,CA,95348-2898,Public       ,246,348,594,3649,3916,7565
00123800,MILLS COLLEGE                           ,CA,94613-1301,Private      ,9,19,28,1157,1099,2256
00123900,MIRACOSTA COLLEGE                       ,CA,92056-3899,Public       ,108,206,314,1669,2324,3993
00124000,MODESTO JUNIOR COLLEGE                  ,CA,95350-5800,Public       ,252,512,764,5590,6571,12161
00124200,MONTEREY PENINSULA COLLEGE              ,CA,93940-4799,Public       ,93,166,259,1096,1336,2432
00124300,MOUNT ST MARYS COLLEGE                  ,CA,90049-1599,Private      ,26,66,92,1857,1539,3396
00124500,MT. SAN ANTONIO COLLEGE                 ,CA,91789-1399,Public       ,524,698,1222,8735,6652,15387
00124600,MT SAN JACINTO COLLEGE                  ,CA,92583-2399,Public       ,262,639,901,3310,5405,8715
00124700,NAPA VALLEY COLLEGE                     ,CA,94558-6236,Public       ,76,157,233,1123,1611,2734
00124900,OCCIDENTAL COLLEGE                      ,CA,90041-3314,Private      ,17,6,23,3245,150,3395
00125000,ORANGE COAST COLLEGE - FIN AID OFF      ,CA,92628-5005,Public       ,273,398,671,6704,4574,11278
00125100,OTIS COLLEGE OF ART AND DESIGN          ,CA,90045-3505,Private      ,23,13,36,1306,530,1836
00125200,HOPE INTERNATIONAL UNIVERSITY           ,CA,92631-0000,Private      ,8,55,63,564,578,1142
00125300,FRESNO PACIFIC UNIVERSITY               ,CA,93702-4798,Private      ,37,142,179,1508,1627,3135
00125302,FRESNO PACIFIC UNIVERSITY - VISALIA CENT,CA,93277-8341,Private      ,3,14,17,29,185,214
00125303,FRESNO PACIFIC UNIVERSITY - BAKERSFIELD ,CA,93301-4533,Private      ,1,13,14,22,151,173
00125400,PACIFIC LUTHERAN THEOLOGICAL SEM        ,CA,94708-0000,Private      ,0,2,2,0,91,91
00125500,PACIFIC OAKS COLLEGE                    ,CA,91103-3592,Private      ,0,27,27,22,970,992
00125600,PACIFIC SCHOOL OF RELIGION              ,CA,94709-0000,Private      ,0,1,1,0,179,179
00125800,PACIFIC UNION COLLEGE                   ,CA,94508-9797,Private      ,26,31,57,1326,409,1735
00125900,PALO VERDE COLLEGE                      ,CA,92225-0000,Public       ,17,37,54,150,359,509
00126000,PALOMAR COLLEGE                         ,CA,92069-1486,Public       ,212,394,606,4120,4370,8490
00126100,PASADENA CITY COLLEGE                   ,CA,91106-2003,Public       ,530,659,1189,9767,6189,15956
00126200,POINT LOMA NAZARENE UNIVERSITY          ,CA,92106-2899,Private      ,34,100,134,2965,1225,4190
00126600,LANEY COLLEGE                           ,CA,94607-4893,Public       ,152,472,624,2357,4462,6819
00126700,MERRITT COLLEGE                         ,CA,94619-3196,Public       ,70,285,355,1095,2641,3736
00126800,PORTERVILLE COLLEGE                     ,CA,93257-6059,Public       ,49,208,257,1277,1852,3129
00126900,RIO HONDO COLLEGE                       ,CA,90601-1699,Public       ,199,353,552,4662,3684,8346
00127000,RIVERSIDE COMMUNITY COLLEGE             ,CA,92506-1299,Public       ,822,1599,2421,11419,13165,24584
00127200,SAN BERNARDINO VALLEY COLLEGE           ,CA,92410-2798,Public       ,219,665,884,3399,6358,9757
00127300,SAN DIEGO CITY COLLEGE                  ,CA,92101-4787,Public       ,229,714,943,4363,7433,11796
00127500,SAN DIEGO MESA COLLEGE                  ,CA,92111-4996,Public       ,253,449,702,5362,5499,10861
00127800,SAN FRANCISCO CONSERVATORY OF MUSIC     ,CA,94122-4498,Private      ,3,2,5,270,309,579
00127900,SAN FRANCISCO THEOLOGICAL SEMINARY      ,CA,94960-0000,Private      ,0,1,1,0,87,87
00128000,SAN JOAQUIN DELTA COLLEGE               ,CA,95207-6370,Public       ,383,905,1288,6258,8582,14840
00128100,WILLIAM JESSUP UNIVERSITY               ,CA,95765-3707,Private      ,7,21,28,402,326,728
00128200,SAN JOSE CITY COLLEGE                   ,CA,95128-2797,Public       ,149,330,479,2350,3658,6008
00128400,SANTA ANA COLLEGE                       ,CA,92706-3398,Public       ,254,470,724,3570,3604,7174
00128500,SANTA BARBARA CITY COLLEGE              ,CA,93109-2394,Public       ,214,287,501,3588,2591,6179
00128600,SANTA MONICA COLLEGE                    ,CA,90405-1644,Public       ,468,540,1008,8314,5114,13428
00128700,SANTA ROSA JUNIOR COLLEGE               ,CA,95401-4395,Public       ,215,450,665,3291,4316,7607
00128800,CLAREMONT SCHOOL OF THEOLOGY            ,CA,91711-0000,Private      ,0,2,2,4,175,179
00128900,SHASTA COLLEGE                          ,CA,96049-7692,Public       ,189,362,551,2754,3971,6725
00129000,SIERRA COLLEGE                          ,CA,95677-3397,Public       ,236,470,706,3923,5014,8937
00129100,SIMPSON UNIVERSITY                      ,CA,96003-8606,Private      ,15,25,40,1026,680,1706
00129200,SOLANO COMMUNITY COLLEGE                ,CA,94534-3197,Public       ,137,331,468,2007,3549,5556
00129300,VANGUARD UNIVERSITY OF SOUTHERN CA      ,CA,92626-6597,Private      ,29,44,73,1885,843,2728
00129400,SOUTHWESTERN COLLEGE                    ,CA,91910-7299,Public       ,396,431,827,5960,4654,10614
00129500,SOUTHWESTERN LAW SCHOOL                 ,CA,90010-1106,Private      ,1,15,16,12,2097,2109
00129600,DOMINICAN SCH PHILOSOPHY & THEOLOGY     ,CA,94709-0000,Private      ,0,3,3,2,31,33
00129900,ST JOHN'S SEMINARY COLLEGE              ,CA,93010-0000,Private      ,0,2,2,2,8,10
00130200,SAINT MARY'S COLLEGE OF CALIFORNIA      ,CA,94556-2744,Private      ,32,48,80,3378,1178,4556
00130500,STANFORD UNIVERSITY                     ,CA,94305-6106,Private      ,116,96,212,13177,2698,15875
00130501,STANFORD UNIVERSITY - GRADUATE SCHOOL OF,CA,94305-5301,Private      ,2,7,9,51,700,751
00130502,STANFORD UNIVERSITY - GRADUATE SCHOOL OF,CA,94305-5015,Private      ,1,9,10,21,946,967
00130503,STANFORD UNIVERSITY - STANFORD LAW SCHOO,CA,94305-3096,Private      ,0,6,6,19,1725,1744
00130700,FRESNO CITY COLLEGE                     ,CA,93741-0002,Public       ,368,795,1163,9966,10657,20623
00130800,REEDLEY COLLEGE                         ,CA,93654-2099,Public       ,202,381,583,4463,4470,8933
00130900,TAFT COLLEGE                            ,CA,93268-2317,Public       ,34,77,111,589,671,1260
00131200,UNIVERSITY OF CALIFORNIA-BERKELEY       ,CA,94720-1520,Public       ,330,210,540,36020,15793,51813
00131300,UNIVERSITY OF CALIFORNIA-DAVIS          ,CA,95616-8558,Public       ,325,126,451,32986,10991,43977
00131400,UNIVERSITY OF CALIFORNIA-IRVINE         ,CA,92697-2825,Public       ,353,169,522,33478,7692,41170
00131500,UNIVERSITY OF CALIFORNIA (UCLA)         ,CA,90095-9000,Public       ,462,338,800,44096,20517,64613
00131502,UNIV OF CALIFORNIA LOS ANG SCH MED      ,CA,90095-0000,Public       ,9,5,14,109,725,834
00131503,UNIV OF CALIFORNIA LOS ANG DENTAL       ,CA,90095-0000,Public       ,2,3,5,22,157,179
00131600,UNIVERSITY OF CALIFORNIA-RIVERSIDE      ,CA,92521-0209,Public       ,226,125,351,20858,5065,25923
00131700,UNIVERSITY OF CALIFORNIA-SAN DIEGO      ,CA,92093-0013,Public       ,308,120,428,32229,6899,39128
00131900,UNIVERSITY OF CALIFORNIA-SFRANCISCO     ,CA,94143-0246,Public       ,5,37,42,445,2968,3413
00132000,UNIVERSITY OF CALIFORNIA-SANTA BARB     ,CA,93106-3180,Public       ,326,87,413,28715,5216,33931
00132100,UNIVERSITY OF CALIFORNIA-SANTA CRUZ     ,CA,95064-0001,Public       ,182,68,250,17864,3253,21117
00132200,UNIVERSITY OF REDLANDS                  ,CA,92373-0999,Private      ,40,210,250,3652,2185,5837
00132500,UNIVERSITY OF SAN FRANCISCO             ,CA,94117-1080,Private      ,81,197,278,6524,5724,12248
00132600,SANTA CLARA UNIVERSITY                  ,CA,95053-4956,Private      ,48,74,122,6320,3273,9593
00132800,UNIVERSITY OF SOUTHERN CALIFORNIA       ,CA,90089-0914,Private      ,234,244,478,24175,16989,41164
00132900,UNIVERSITY OF THE PACIFIC               ,CA,95211-0197,Private      ,40,31,71,5406,2389,7795
00132901,UNIVERSITY OF THE PACIFIC - MCGEORGE SCH,CA,95817-2799,Private      ,0,11,11,17,2018,2035
00132902,UNIV OF THE PACIFIC SCH OF DENT         ,CA,94115-0000,Private      ,0,2,2,13,584,597
00133400,VENTURA COLLEGE                         ,CA,93003-3899,Public       ,144,230,374,3004,2564,5568
00133500,VICTOR VALLEY COLLEGE                   ,CA,92395-5849,Public       ,347,881,1228,3355,6336,9691
00133800,WEST VALLEY COLLEGE                     ,CA,95070-5697,Public       ,103,215,318,1474,1701,3175
00134100,WESTMONT COLLEGE                        ,CA,93108-1099,Private      ,12,0,12,1743,35,1778
00134200,WHITTIER COLLEGE                        ,CA,90601-4413,Private      ,28,24,52,1903,268,2171
00134201,WHITTIER COLLEGE - COLLEGE OF LAW       ,CA,92626-1501,Private      ,0,5,5,6,1064,1070
00134300,WOODBURY UNIVERSITY                     ,CA,91510-7846,Private      ,16,32,48,1030,825,1855
00134400,YUBA COLLEGE                            ,CA,95901-7699,Public       ,228,534,762,2933,4598,7531
00177212,TRINITY INTERNATIONAL UNIV-CA           ,CA,92705-0000,Private      ,0,5,5,2,190,192
00274100,AMERICAN JEWISH UNIVERSITY              ,CA,90077-1599,Private      ,0,0,0,77,137,214
00301002,ANTIOCH UNIV/LOS ANGELES                ,CA,90230-7615,Private      ,0,53,53,15,773,788
00301003,ANTIOCH  UNIV/SANTA BARBARA             ,CA,93101-0000,Private      ,5,10,15,170,401,571
00304701,HEBREW UNION COLL - LOS ANGELES         ,CA,90007-0000,Private      ,0,0,0,0,10,10
00369110,MONTEREY INST OF INTERNATL STUDIES      ,CA,93940-2691,Private      ,0,7,7,20,763,783
00394700,UC-HASTINGS COLLEGE OF THE LAW          ,CA,94102-0000,Public       ,0,13,13,7,2919,2926
00394800,SAN FRANCISCO ART INSTITUTE             ,CA,94133-2299,Private      ,22,14,36,987,791,1778
00405500,HEBREW UNION COLLEGE - JEWISH INSTITUTE ,CA,90007-3796,Private      ,0,1,1,1,73,74
00408000,STARR KING SCHOOL FOR THE MINISTRY      ,CA,94709-1299,Private      ,0,2,2,0,51,51
00448000,DE ANZA COLLEGE                         ,CA,95014-5793,Public       ,238,338,576,4359,3499,7858
00448100,OHLONE COLLEGE                          ,CA,94539-5847,Public       ,99,126,225,1594,1427,3021
00448400,JOHN F. KENNEDY UNIVERSITY              ,CA,94523-4817,Private      ,0,88,88,17,1465,1482
00449000,PATTEN UNIVERSITY                       ,CA,94601-2699,Private      ,3,43,46,224,330,554
00449400,EVEREST COLLEGE                         ,CA,92408-3752,Proprietary  ,56,160,216,355,886,1241
00450200,CITY COLLEGE OF SAN FRANCISCO           ,CA,94112-0000,Public       ,335,835,1170,6316,8701,15017
00563800,DOWNEY ADULT SCHOOL                     ,CA,90241-5610,Public       ,5,4,9,17,44,61
00565500,HACIENDA LA PUENTE ADULT EDUC CTR       ,CA,91746-0000,Public       ,17,84,101,79,398,477
00616500,LA CNTY CLG OF NURSING & ALLD HLTH      ,CA,90033-1018,Public       ,2,18,20,74,301,375
00672000,COLLEGE OF ALAMEDA                      ,CA,94501-2109,Public       ,71,159,230,1354,1717,3071
00673100,CASA LOMA COLLEGE                       ,CA,91405-4523,Private      ,37,60,97,222,487,709
00686300,VENTURA COUNTY CMTY CLG DISTRICT        ,CA,93010-8552,Public       ,0,2,2,13,14,27
00697300,CANADA COLLEGE                          ,CA,94061-1099,Public       ,36,109,145,477,872,1349
00697500,LINCOLN UNIVERSITY                      ,CA,94612-2801,Private      ,1,5,6,8,46,54
00701200,SAMUEL MERRITT COLLEGE                  ,CA,94609-3108,Private      ,6,44,50,226,1632,1858
00704700,LOS ANGELES SOUTHWEST COLLEGE           ,CA,90047-4810,Public       ,137,529,666,1411,3858,5269
00705000,BAY VISTA COLLEGE OF BEAUTY             ,CA,91950-3616,Proprietary  ,9,26,35,57,119,176
00711500,MOORPARK COLLEGE                        ,CA,93021-1695,Public       ,106,151,257,2137,1673,3810
00713000,NEWBERRY SCHOOLS OF BEAUTY              ,CA,91344-7404,Proprietary  ,9,18,27,59,78,137
00714200,LYLE'S COLLEGE OF BEAUTY                ,CA,93710-3948,Proprietary  ,14,52,66,101,192,293
00714201,LYLE'S CLG OF BTY BAKERSFIELD           ,CA,93301-0000,Proprietary  ,1,2,3,37,40,77
00716400,BRYAN COLLEGE                           ,CA,90057-0000,Proprietary  ,14,37,51,89,386,475
00717801,WESTERN SEMINARY - BAY AREA CENTER      ,CA,95032-0000,Private      ,1,1,2,1,13,14
00717804,WESTERN SEMINARY - SACRAMENTO           ,CA,95821-3939,Private      ,0,0,0,5,42,47
00718700,NORTH ADRIAN'S COLLEGE OF BEAUTY        ,CA,95350-2381,Proprietary  ,23,61,84,103,189,292
00719000,WYOTECH                                 ,CA,94539-7663,Proprietary  ,96,167,263,877,1292,2169
00719001,WYOTECH - SIERRA CAMPUS                 ,CA,94621-4523,Proprietary  ,15,29,44,20,36,56
00720300,SALON SUCCESS ACADEMY                   ,CA,91786-4060,Proprietary  ,9,15,24,59,62,121
00720400,MODERN BEAUTY ACADEMY                   ,CA,93030-7016,Proprietary  ,6,6,12,39,43,82
00722900,WESTERN BEAUTY INSTITUTE                ,CA,91402-3104,Proprietary  ,32,88,120,241,734,975
00723400,HEALD COLLEGE                           ,CA,94105-2206,Proprietary  ,48,149,197,295,694,989
00723600,ART INST OF CALIFORNIA-LOS ANGELES      ,CA,90405-3035,Proprietary  ,230,274,504,4729,3313,8042
00724500,SAN JOSE BEAUTY COLLEGE                 ,CA,95126-0000,Proprietary  ,0,0,0,0,2,2
00725300,FEDERICO BEAUTY INSTITUTE               ,CA,95834-1905,Proprietary  ,22,36,58,176,224,400
00729600,COLEMAN COLLEGE                         ,CA,92123-0000,Private      ,20,87,107,168,575,743
00745600,MARINELLO SCH BTY BUENA PRK             ,CA,90620-0000,Proprietary  ,0,1,1,0,2,2
00746501,AMERICAN ACADEMY OF DRAMATIC ARTS - HOLL,CA,90028-7504,Private      ,4,7,11,196,90,286
00747600,MARINELLO SCHOOLS OF BEAUTY             ,CA,90023-2666,Proprietary  ,125,263,388,759,1575,2334
00747602,MARINELLO SCHOOLS OF BEAUTY - SPA ACADEM,CA,90048-5101,Proprietary  ,0,4,4,10,25,35
00747603,MARINELLO SCHOOLS OF BEAUTY - INGLEWOOD ,CA,90301-2306,Proprietary  ,2,3,5,12,19,31
00747604,MARINELLO SCHOOLS OF BEAUTY - RESEDA    ,CA,91335-4218,Proprietary  ,0,1,1,4,5,9
00747605,MARINELLO SCHOOLS OF BEAUTY - NORTH HOLL,CA,91606-3210,Proprietary  ,0,2,2,11,14,25
00747606,MARINELLO SCHOOLS OF BEAUTY - WEST COVIN,CA,91790-2805,Proprietary  ,2,0,2,18,9,27
00747607,MARINELLO SCHOOLS OF BEAUTY - SAN BERNAR,CA,92410-3261,Proprietary  ,2,1,3,24,18,42
00747608,MARINELLO SCHOOLS OF BEAUTY - ONTARIO   ,CA,91762-2113,Proprietary  ,2,3,5,30,31,61
00747609,MARINELLO SCHOOLS OF BEAUTY - WHITTIER  ,CA,90601-4107,Proprietary  ,0,0,0,25,6,31
00747611,MARINELLO SCHOOLS OF BEAUTY - SAN DIEGO ,CA,92126-4217,Proprietary  ,1,5,6,27,22,49
00747700,"HEALD COLLEGE,SCHOOLS OF BUS & TECH     ",CA,95670-6005,Proprietary  ,40,151,191,337,943,1280
00753100,ACADEMY OF ART UNIVERSITY               ,CA,94105-3410,Proprietary  ,230,543,773,4690,7099,11789
00753600,COSUMNES RIVER COLLEGE                  ,CA,95823-5799,Public       ,218,415,633,3586,4180,7766
00754802,WESTWOOD COLLEGE OF TECHNOLOGY          ,CA,92801-0000,Proprietary  ,85,54,139,886,541,1427
00754803,WESTWOOD COLLEGE OF TECHNOLOGY          ,CA,91786-0000,Proprietary  ,81,87,168,984,731,1715
00760600,EVEREST COLLEGE                         ,CA,90010-2221,Proprietary  ,55,131,186,265,626,891
00760700,CONCORDE CAREER INSTITUTE               ,CA,91606-3134,Proprietary  ,61,90,151,316,564,880
00770700,COLUMBIA COLLEGE                        ,CA,95370-8580,Public       ,32,64,96,699,872,1571
00771300,SKYLINE COLLEGE                         ,CA,94066-1698,Public       ,97,153,250,1547,1483,3030
00793000,CONCORDE CAREER INSTITUTE               ,CA,92108-0000,Proprietary  ,55,134,189,247,811,1058
00799300,CALIF STATE UNIV BAKERSFIELD            ,CA,93311-1022,Public       ,86,235,321,4966,4925,9891
00807100,CONCORDE CAREER INSTITUTE               ,CA,92840-9201,Proprietary  ,48,105,153,293,763,1056
00807300,BUTTE COMMUNITY COLLEGE                 ,CA,95965-0000,Public       ,230,460,690,4043,5129,9172
00809000,EVEREST COLLEGE                         ,CA,91803-1310,Proprietary  ,50,116,166,463,862,1325
00809300,HEALD COLLEGE                           ,CA,93704-1706,Proprietary  ,73,203,276,868,1257,2125
00853200,HEALD COLLEGE                           ,CA,94545-2352,Proprietary  ,73,167,240,588,1104,1692
00853700,CONCORDE CAREER INSTITUTE               ,CA,92401-0000,Proprietary  ,79,182,261,442,1080,1522
00859600,WEST LOS ANGELES COLLEGE                ,CA,90230-3500,Public       ,149,411,560,1587,3252,4839
00859700,FEATHER RIVER COLLEGE                   ,CA,95971-9124,Public       ,26,26,52,472,304,776
00884400,CALIFORNIA CHRISTIAN COLLEGE            ,CA,93703-3599,Private      ,0,3,3,36,31,67
00884600,WRIGHT INSTITUTE                        ,CA,94704-0000,Private      ,0,2,2,1,376,377
00890300,COLLEGE OF THE CANYONS                  ,CA,91355-1899,Public       ,164,214,378,2282,1892,4174
00891800,SADDLEBACK COLLEGE                      ,CA,92692-3699,Public       ,114,202,316,1995,2439,4434
00902200,ASSOCIATED TECHNICAL COLLEGE            ,CA,90017-0000,Proprietary  ,13,119,132,85,568,653
00903200,EMPIRE COLLEGE                          ,CA,95403-2122,Proprietary  ,21,62,83,129,449,578
00915706,WYOMING TECHNICAL INSTITUTE - WEST SACRA,CA,95605-1507,Proprietary  ,0,0,0,6,19,25
00915800,DON BOSCO TECHNICAL INSTITUTE           ,CA,91770-4299,Private      ,0,0,0,5,2,7
00927200,CRAFTON HILLS COLLEGE                   ,CA,92399-1799,Public       ,84,171,255,1576,1702,3278
00932500,ABRAM FRIEDMAN OCCUP CTR                ,CA,90015-3507,Public       ,0,5,5,11,38,49
00950900,SKILLS & BUSINESS EDUCATION CENTER      ,CA,95824-1529,Public       ,20,242,262,156,1053,1209
00974800,WESTERN CAREER COLLEGE                  ,CA,95826-3203,Proprietary  ,304,768,1072,2087,5177,7264
00974801,WESTERN CAREER COLLEGE - SAN LEANDRO CAM,CA,94578-3711,Proprietary  ,6,21,27,15,38,53
00974802,WESTERN CAREER COLLEGE - PLEASANT HILL C,CA,94523-1984,Proprietary  ,50,102,152,258,542,800
00974803,WESTERN CAREER COLLEGE - STOCKTON       ,CA,95207-5509,Proprietary  ,5,12,17,10,31,41
00974804,WESTERN CAREER COLLEGE - CITRUS HEIGHTS ,CA,95621-5577,Proprietary  ,4,19,23,11,40,51
00974805,WESTERN CAREER COLLEGE - FREMONT        ,CA,94538-3115,Proprietary  ,0,0,0,68,242,310
00974806,WESTERN CAREER COLLEGE -  ANTIOCH/WALNUT,CA,94531-1604,Proprietary  ,7,12,19,32,57,89
00974807,WESTERN CAREER COLLEGE - SAN JOSE       ,CA,95119-1325,Proprietary  ,11,16,27,19,43,62
00974808,WESTERN CAREER COLLEGE - EMERYVILLE     ,CA,94608-3006,Proprietary  ,0,0,0,2,4,6
00974809,WESTERN CAREER COLLEGE -  EMERYVILLE SHE,CA,94608-3006,Proprietary  ,0,1,1,4,4,8
00974810,WESTERN CAREER COLLEGE - CONCORD        ,CA,94520-5671,Proprietary  ,0,1,1,2,7,9
00998900,SANTA BARBARA BUSINESS COLLEGE          ,CA,93111-0000,Proprietary  ,19,64,83,171,427,598
01011100,CERRO-COSO COMMUNITY COLLEGE            ,CA,93555-9571,Public       ,57,171,228,454,1371,1825
01014225,TOURO CLG OSEOPATHIC MEDICINE           ,CA,94592-1115,Private      ,0,2,2,21,555,576
01014900,PEPPERDINE UNIVERSITY                   ,CA,90263-0000,Private      ,46,238,284,5625,5424,11049
01033300,JESUIT SCHOOL OF THEOLOGY - BERKELEY    ,CA,94709-1193,Private      ,0,1,1,0,68,68
01034000,LOS MEDANOS COLLEGE                     ,CA,94565-5197,Public       ,101,214,315,1363,2033,3396
01036500,CHARLES R DREW UNIV OF MED & SCI        ,CA,90059-0000,Private      ,2,13,15,50,421,471
01036800,MENNONITE BRETHREN BIBLICAL SEM         ,CA,93727-0000,Private      ,0,4,4,2,78,80
01037500,HARBOR OCCUPATIONAL CENTER              ,CA,90731-0000,Public       ,0,3,3,26,38,64
01039500,UNIVERSITY OF SAN DIEGO                 ,CA,92110-2492,Private      ,145,99,244,10112,2988,13100
01039501,UNIVERSITY OF SAN DIEGO - SCHOOL OF LAW ,CA,92110-2492,Private      ,2,15,17,66,2759,2825
01044100,PARDEE RAND GRADUATE SCHOOL             ,CA,90407-2138,Private      ,0,2,2,0,25,25
01047400,MARYMOUNT COLLEGE OF PALOS VERDES       ,CA,90275-0000,Private      ,2,6,8,531,60,591
01057900,WEST VALLEY OCCUPATIONAL CTR            ,CA,91367-0000,Public       ,1,8,9,49,65,114
01083100,NEW COLLEGE OF CALIFORNIA               ,CA,94102-0000,Private      ,1,10,11,109,1036,1145
01083200,WESTERN STATE UNIV COLLEGE OF LAW       ,CA,92831-3014,Proprietary  ,0,9,9,8,940,948
01085400,THOMAS JEFFERSON SCHOOL OF LAW          ,CA,92110-0000,Private      ,0,21,21,6,1556,1562
01102400,EVEREST COLLEGE                         ,CA,94103-2091,Proprietary  ,41,120,161,570,1923,2493
01110700,EVEREST  COLLEGE                        ,CA,92801-5231,Proprietary  ,49,172,221,321,780,1101
01110900,EVEREST COLLEGE                         ,CA,91335-4631,Proprietary  ,77,143,220,398,715,1113
01111200,FIDM-FASHION INSTITUTE OF DESIGN        ,CA,90015-1421,Proprietary  ,229,122,351,5428,1700,7128
01111700,ALLIANT INTERNATIONAL UNIVERSITY        ,CA,92131-1799,Private      ,3,70,73,56,1731,1787
01111705,ALLIANT INTERNATIONAL UNIVERSITY - LOS A,CA,91803-1360,Private      ,1,13,14,8,495,503
01111706,ALLIANT INTERNATIONAL UNIVERSITY - SAN F,CA,94133-1221,Private      ,0,18,18,4,534,538
01111707,ALLIANT INTERNATIONAL UNIVERSITY - FRESN,CA,93727-2014,Private      ,1,13,14,19,314,333
01112100,EVEREST COLLEGE                         ,CA,94541-4007,Proprietary  ,42,132,174,182,575,757
01112300,EVEREST COLLEGE                         ,CA,90247-4163,Proprietary  ,48,169,217,415,1490,1905
01146000,NATIONAL UNIVERSITY                     ,CA,92037-1011,Private      ,51,2136,2187,353,14042,14395
01162600,PRACTICAL SCHOOLS                       ,CA,92805-0000,Proprietary  ,39,81,120,421,609,1030
01164900,LOYOLA MARYMOUNT UNIVERSITY             ,CA,90045-0000,Private      ,74,84,158,8497,2720,11217
01164901,LOYOLA MARYMOUNT UNIVERSITY - LOYOLA LAW,CA,90015-0019,Private      ,0,16,16,20,2994,3014
01167200,MENDOCINO COMMUNITY COLLEGE             ,CA,95482-3000,Public       ,42,133,175,748,1155,1903
01169600,NATIONAL POLYTECHNIC COLLEGE OF SCIENCE ,CA,90744-6399,Private      ,8,51,59,105,366,471
01170700,NORTH-WEST COLLEGE                      ,CA,91790-2097,Proprietary  ,30,68,98,168,390,558
01179200,FRANCISCAN SCHOOL OF THEOLOGY           ,CA,94709-0000,Private      ,0,0,0,0,26,26
01182000,SAN DIEGO MIRAMAR COLLEGE               ,CA,92126-0000,Public       ,93,210,303,1979,2775,4754
01186500,CALIFORNIA HAIR DESIGN ACADEMY          ,CA,92115-0000,Proprietary  ,18,19,37,65,87,152
01202600,JE BOUTIQUE COLLEGE OF BEAUTY           ,CA,92021-6247,Proprietary  ,14,18,32,54,101,155
01202700,GALEN COLLEGE OF CALIFORNIA             ,CA,93728-2381,Proprietary  ,12,25,37,85,144,229
01203100,SAN DIEGO CHRISTIAN COLLEGE             ,CA,92019-1157,Private      ,5,7,12,494,179,673
01206100,EVEREST COLLEGE                         ,CA,95128-3908,Proprietary  ,33,101,134,190,456,646
01215400,CALIFORNIA INSTITUTE OF INTEGRAL STUDIES,CA,94103-2557,Private      ,0,21,21,13,1120,1133
01231600,MANCHESTER BEAUTY COLLEGE               ,CA,93726-5306,Proprietary  ,11,33,44,88,188,276
01231700,TULARE BEAUTY COLLEGE                   ,CA,93274-3432,Proprietary  ,3,5,8,16,25,41
01244600,UNIVERSAL COLLEGE OF BEAUTY             ,CA,90044-0044,Proprietary  ,12,24,36,48,104,152
01245200,EVERGREEN VALLEY COLLEGE                ,CA,95135-1598,Public       ,123,218,341,2567,2485,5052
01255000,LOS ANGELES MISSION COLLEGE             ,CA,91342-3200,Public       ,155,376,531,1791,2520,4311
01265000,MARINELLO SCHOOL OF BEAUTY              ,CA,91502-2828,Proprietary  ,14,46,60,98,241,339
01265100,MARINELLO SCHOOL OF BEAUTY              ,CA,91748-1674,Proprietary  ,8,29,37,40,165,205
01284200,OXNARD COLLEGE                          ,CA,93030-0000,Public       ,105,201,306,1785,2341,4126
01287200,NORTH-WEST COLLEGE                      ,CA,91768-3199,Proprietary  ,16,86,102,101,371,472
01287300,WYOTECH                                 ,CA,90810-3800,Proprietary  ,203,356,559,1250,2801,4051
01287301,WYOTECH - EVEREST  COLLEGE              ,CA,90034-3158,Proprietary  ,40,160,200,47,188,235
01287302,WYOTECH - EVEREST  COLLEGE              ,CA,91746-3412,Proprietary  ,100,170,270,107,187,294
01290700,LAKE TAHOE COMMUNITY COLLEGE            ,CA,96150-4524,Public       ,19,54,73,340,458,798
01291100,MARINELLO SCHOOL OF BEAUTY              ,CA,92646-2552,Proprietary  ,10,32,42,48,94,142
01291200,MTI COLLEGE                             ,CA,95841-0000,Proprietary  ,38,139,177,421,1015,1436
01294200,ROSEMEAD BEAUTY SCHOOL                  ,CA,91770-1639,Proprietary  ,8,29,37,37,140,177
01298400,PROFESSIONAL INSTITUTE OF BEAUTY        ,CA,91731-2613,Proprietary  ,3,6,9,22,82,104
01298500,HAIR CALIFORNIA BEAUTY ACADEMY          ,CA,92867-7127,Proprietary  ,0,1,1,12,7,19
01298900,OCEANSIDE COLLEGE OF BEAUTY             ,CA,92054-5393,Proprietary  ,0,7,7,24,43,67
01301000,LANCASTER BEAUTY SCHOOL                 ,CA,93534-3098,Proprietary  ,9,28,37,72,173,245
01307400,AMERICAN BEAUTY COLLEGE                 ,CA,90706-5417,Proprietary  ,2,19,21,20,78,98
01309500,SALON SUCCESS ACADEMY                   ,CA,92879-6561,Proprietary  ,13,18,31,75,78,153
01310300,CALIFORNIA WESTERN SCHOOL OF LAW        ,CA,92101-0000,Private      ,0,8,8,6,1775,1781
01323300,SIMI VALLEY ADULT SCHOOL/CAREER INS     ,CA,93065-3940,Public       ,0,0,0,13,38,51
01324000,LYTLE'S REDWOOD EMPIRE BEAUTY CLG       ,CA,95403-0000,Proprietary  ,13,14,27,68,105,173
02054900,MARINELLO SCHOOL OF BEAUTY              ,CA,92630-0000,Proprietary  ,5,22,27,29,52,81
02057700,ALMADEN BEAUTY COLLEGE                  ,CA,95123-0000,Proprietary  ,0,0,0,0,1,1
02059800,PARIS BEAUTY COLLEGE                    ,CA,94520-2611,Proprietary  ,3,23,26,31,99,130
02063500,COASTLINE COMMUNITY COLLEGE             ,CA,92708-0000,Public       ,27,292,319,572,2377,2949
02064300,SIERRA COLLEGE OF BEAUTY                ,CA,95340-0000,Proprietary  ,5,16,21,57,77,134
02065500,BROOKS COLLEGE                          ,CA,90804-3289,Proprietary  ,3,6,9,503,262,765
02065501,BROOKS COLLEGE - SUNNYVALE              ,CA,94086-5303,Proprietary  ,0,1,1,151,144,295
02065700,CALIFORNIA BEAUTY COLLEGE               ,CA,95354-0000,Proprietary  ,5,6,11,53,57,110
02070500,CONCORDIA UNIVERSITY                    ,CA,92612-0000,Private      ,18,112,130,1357,977,2334
02075800,SOUTHERN CA INST OF ARCHITECTURE        ,CA,90013-0000,Private      ,1,5,6,109,515,624
02086400,MARINELLO SCHOOL OF BEAUTY              ,CA,95050-0000,Proprietary  ,12,38,50,19,59,78
02091200,ELEGANCE INTERNATIONAL                  ,CA,90028-0000,Proprietary  ,8,13,21,49,54,103
02091700,KAPLAN COLLEGE                          ,CA,92123-1509,Proprietary  ,73,165,238,561,1243,1804
02096100,FIELDING INSTITUTE                      ,CA,93105-0000,Private      ,0,52,52,0,1201,1201
02099200,AMERICAN CONSERVATORY THEATER           ,CA,94108-0000,Private      ,0,1,1,12,149,161
02110200,COLUMBIA COLLEGE                        ,CA,91356-0000,Private      ,10,7,17,260,154,414
02110800,CALIFORNIA COLLEGE SAN DIEGO            ,CA,92108-3821,Proprietary  ,28,111,139,257,704,961
02111300,CUYAMACA COLLEGE                        ,CA,92019-0000,Public       ,125,286,411,1722,2251,3973
02113601,AMERICAN INTERCONTINENTAL UNIV - LOS ANG,CA,90066-7008,Proprietary  ,26,79,105,649,895,1544
02119100,MISSION COLLEGE                         ,CA,95054-1897,Public       ,85,242,327,1394,2432,3826
02120600,SAYBROOK GRADUATE SCHOOL                ,CA,94111-1920,Private      ,0,26,26,0,474,474
02120700,SAN JOAQUIN VALLEY COLLEGE              ,CA,93291-0000,Proprietary  ,336,651,987,2289,4845,7134
02120900,ITT TECHNICAL INSTITUTE                 ,CA,95670-6034,Proprietary  ,102,158,260,661,1056,1717
02125000,CAREER ACADEMY OF BEAUTY                ,CA,92845-0000,Proprietary  ,19,30,49,63,127,190
02128200,"VICTOR VALLEY BEAUTY COLLEGE, INC       ",CA,92392-0000,Proprietary  ,11,20,31,134,140,274
02128300,INSTITUTE FOR BUSINESS & TECHNOLOGY     ,CA,95050-0000,Proprietary  ,67,158,225,265,920,1185
02128301,INSTITUTE FOR BUSINESS & TECHNOLOGY     ,CA,95610-0000,Proprietary  ,22,114,136,121,711,832
02138300,PALO ALTO UNIVERSITY                    ,CA,94304-1337,Private      ,0,4,4,5,439,444
02147400,CLEVELAND CHIROPRACTIC COLLEGE          ,CA,90004-0000,Private      ,3,8,11,44,367,411
02161800,MUSICIANS INSTITUTE                     ,CA,90028-6157,Proprietary  ,119,86,205,1004,783,1787
02167800,ESTES INSTITUTE OF COSMETOLOGY          ,CA,93291-0000,Proprietary  ,6,9,15,90,75,165
02174600,MARINELLO SCHOOL OF BEAUTY              ,CA,90201-0000,Proprietary  ,5,23,28,54,184,238
02180600,BRIDGES  ACADEMY OF BEAUTY              ,CA,92311-2327,Proprietary  ,2,5,7,11,13,24
02184900,PALMER COLLEGE OF CHIROPRACTIC WEST     ,CA,95134-0000,Private      ,1,9,10,12,320,332
02185800,MOLER BARBER COLLEGE                    ,CA,94611-0000,Proprietary  ,4,7,11,17,41,58
02187500,"HEALD COLLEGE, SCH OF BUS & TECH        ",CA,94520-0000,Proprietary  ,83,220,303,532,1071,1603
02188400,SIERRA VALLEY COLLEGE OF COURT REPORTING,CA,93726-0000,Proprietary  ,4,25,29,67,212,279
02208600,MADERA BEAUTY COLLEGE                   ,CA,93637-3519,Proprietary  ,0,3,3,13,25,38
02211000,HAIRMASTERS UNIVERSITY OF BEAUTY        ,CA,92405-0000,Proprietary  ,4,5,9,39,49,88
02220000,COLLEEN O'HARA BEAUTY ACADEMY           ,CA,92701-0000,Proprietary  ,8,45,53,65,232,297
02220200,CALIFORNIA CULINARY ACADEMY             ,CA,94102-3336,Proprietary  ,65,82,147,955,1032,1987
02221300,MARINELLO SCHOOL OF BEAUTY              ,CA,92553-0000,Proprietary  ,15,39,54,99,229,328
02222000,AMERICAN FILM INSTITUTE                 ,CA,90027-0000,Private      ,2,5,7,78,449,527
02226000,EAST LOS ANGELES COLLEGE                ,CA,91754-0000,Public       ,444,684,1128,6279,5759,12038
02228500,LIFE CHIROPRACTIC COLLEGE-WEST          ,CA,94545-0000,Private      ,1,4,5,14,461,475
02230900,FREDRICK & CHARLES BEAUTY COLLEGE       ,CA,95501-0000,Proprietary  ,3,4,7,40,54,94
02231900,GEMOLOGICAL INSTITUTE OF AMERICA        ,CA,92008-4698,Private      ,6,16,22,74,239,313
02234300,FASHION CAREERS OF CALIFORNIA           ,CA,92110-0000,Proprietary  ,7,13,20,101,132,233
02236400,"THANH LE COLG, SCH OF COSMETOLOGY       ",CA,92840-0000,Proprietary  ,0,16,16,4,44,48
02237200,PHILLIPS GRADUATE INSTITUTE             ,CA,91316-0000,Private      ,0,8,8,2,389,391
02241600,SAN DIEGO CONTINUING EDUCATION          ,CA,92113-0000,Public       ,5,47,52,50,367,417
02241800,AMERICAN CAREER COLLEGE                 ,CA,90004-0000,Proprietary  ,318,713,1031,1595,3510,5105
02242700,BERKELEY CITY COLLEGE                   ,CA,94704-0000,Public       ,61,295,356,906,2121,3027
02250602,EVEREST COLLEGE                         ,CA,91761-8525,Proprietary  ,54,145,199,58,179,237
02255400,INTERNATIONAL SCHOOL OF COSMETOLOGY     ,CA,90250-0000,Proprietary  ,3,9,12,16,72,88
02255600,MARINELLO SCHOOL OF BEAUTY              ,CA,90723-0000,Proprietary  ,13,37,50,78,224,302
02258600,ALAMEDA BEAUTY COLLEGE                  ,CA,94501-0000,Proprietary  ,6,6,12,48,72,120
02262400,YESHIVA OHR ELCHONON CHABAD             ,CA,90046-0000,Private      ,22,0,22,67,2,69
02263101,ANTHEM COLLEGE - HIGH-TECH INSTITUTE - S,CA,95827-0000,Proprietary  ,4,8,12,5,13,18
02267600,INSTITUTE OF TRANSPERSONAL PSYCHLGY     ,CA,94303-4624,Private      ,0,7,7,4,398,402
02270600,LIFE PACIFIC COLLEGE                    ,CA,91773-0000,Private      ,8,14,22,312,196,508
02276800,WESTMINSTER SEMINARY CALIFORNIA         ,CA,92027-0000,Private      ,0,2,2,5,121,126
02277400,SOUTH COAST COLLEGE                     ,CA,92868-2616,Proprietary  ,10,29,39,87,364,451
02282300,ALHAMBRA BEAUTY COLLEGE                 ,CA,91802-0000,Proprietary  ,4,39,43,34,153,187
02285100,HILLTOP BEAUTY SCHOOL                   ,CA,94014-0000,Proprietary  ,3,26,29,25,167,192
02291500,ITT TECHNICAL INSTITUTE                 ,CA,91773-0000,Proprietary  ,151,215,366,951,1244,2195
02291600,ITT TECHNICAL INSTITUTE                 ,CA,92123-0000,Proprietary  ,90,249,339,660,1440,2100
02298000,DESIGN INSTITUTE OF SAN DIEGO           ,CA,92121-0000,Proprietary  ,11,11,22,173,278,451
02304300,"PLATT COLLEGE, SAN DIEGO                ",CA,92115-0000,Proprietary  ,16,37,53,164,245,409
02306300,KAPLAN COLLEGE                          ,CA,95368-0000,Proprietary  ,65,175,240,433,969,1402
02306302,KAPLAN COLLEGE - FRESNO                 ,CA,93612-3802,Proprietary  ,42,118,160,282,560,842
02309500,CLOVIS ADULT EDUC                       ,CA,93611-0000,Public       ,0,14,14,34,232,266
02312400,LA COLLEGE INTERNATIONAL                ,CA,90010-0000,Proprietary  ,5,54,59,63,225,288
02321800,ITT TECHNICAL INSTITUTE                 ,CA,91342-3664,Proprietary  ,132,173,305,865,1056,1921
02321900,ITT TECHNICAL INSTITUTE                 ,CA,92801-0000,Proprietary  ,106,165,271,572,828,1400
02327600,ART INST OF CALIFORNIA-SAN DIEGO        ,CA,92108-4401,Proprietary  ,157,182,339,2603,1977,4580
02330500,LAGUNA COLLEGE OF ART AND DESIGN        ,CA,92651-0000,Private      ,8,6,14,283,139,422
02332800,CENTER FOR EMPLOYMENT TRAINING          ,CA,95110-0000,Private      ,120,692,812,386,2380,2766
02338500,GLENDALE CAREER COLLEGE                 ,CA,91201-0000,Proprietary  ,2,6,8,142,420,562
02338700,MARINELLO SCHOOL OF BEAUTY              ,CA,94103-0000,Proprietary  ,7,16,23,52,120,172
02342400,ACADEMY OF RADIO BROADCASTING           ,CA,92647-3809,Proprietary  ,4,26,30,33,130,163
02343400,"BELLUS ACADEMY, THE ACADEMY OF BEAUTY AN",CA,92064-4633,Proprietary  ,29,40,69,86,169,255
02345800,MONTEBELLO BEAUTY COLLEGE               ,CA,90640-0000,Proprietary  ,8,19,27,46,101,147
02351900,KAPLAN COLLEGE                          ,CA,95660-5512,Proprietary  ,45,120,165,202,583,785
02351901,KAPLAN COLLEGE - BAKERSFIELD            ,CA,93304-0000,Proprietary  ,47,142,189,241,691,932
02358000,THOMAS AQUINAS COLLEGE                  ,CA,93060-9622,Private      ,1,0,1,319,26,345
02359300,SHASTA BIBLE COLLEGE                    ,CA,96002-0000,Private      ,1,2,3,46,57,103
02482700,WESTERN UNIVERSITY OF HEALTH S          ,CA,91766-1854,Private      ,0,17,17,49,3019,3068
02494800,LOLA BEAUTY COLLEGE                     ,CA,92641-0000,Proprietary  ,0,1,1,3,43,46
02497300,TRINITY COLLEGE                         ,CA,93277-0000,Proprietary  ,42,168,210,190,701,891
02500000,SAN JOAQUIN COLLEGE OF LAW              ,CA,93612-0000,Private      ,0,4,4,7,283,290
02518400,THE NATIONAL HISPANIC UNIVERSITY        ,CA,95127-0000,Private      ,6,27,33,227,353,580
02519800,AVANCE BEAUTY COLLEGE                   ,CA,92154-0000,Proprietary  ,5,10,15,45,59,104
02520200,CALIFORNIA CAREER SCHOOLS               ,CA,92805-0000,Proprietary  ,0,11,11,4,57,61
02520300,INTERIOR DESIGNERS INSTITUTE            ,CA,92660-0000,Proprietary  ,5,10,15,54,140,194
02520400,ADRIAN'S BEAUTY COLLEGE OF TURLOCK      ,CA,95382-0000,Proprietary  ,9,12,21,9,12,21
02537200,PALOMAR INSTITUTE OF COSMETOLOGY        ,CA,92069-0000,Proprietary  ,21,29,50,124,185,309
02539100,KAPLAN COLLEGE                          ,CA,91606-3231,Proprietary  ,88,137,225,500,1010,1510
02539102,KAPLAN COLLEGE -  RIVERSIDE             ,CA,92507-4223,Proprietary  ,65,152,217,228,568,796
02539500,IRVINE VALLEY COLLEGE                   ,CA,92620-0000,Public       ,66,138,204,1612,1640,3252
02542300,NATIONAL HOLISTIC INSTITUTE             ,CA,94608-0000,Proprietary  ,34,71,105,178,459,637
02543400,BROWNSON TECHNICAL SCHOOL               ,CA,92805-0000,Proprietary  ,7,23,30,16,129,145
02545900,HYPNOSIS MOTIVATION INSTITUTE           ,CA,91356-0000,Private      ,3,75,78,8,221,229
02546400,MTI BUSINESS COLLEGE INC                ,CA,95207-0000,Proprietary  ,7,55,62,38,235,273
02549000,KAPLAN COLLEGE                          ,CA,92083-7736,Proprietary  ,78,163,241,477,957,1434
02549005,KAPLAN COLLEGE -  PALM SPRINGS          ,CA,92262-7011,Proprietary  ,37,102,139,238,468,706
02553500,ASSOCIATED TECHNICAL COLLEGE            ,CA,92101-0000,Proprietary  ,16,58,74,37,161,198
02553600,DIVERSIFIED LANGUAGE INSTITUTE          ,CA,90017-0000,Proprietary  ,0,154,154,1,733,734
02559300,UNITED EDUCATION INSTITUTE              ,CA,90020-0000,Proprietary  ,354,776,1130,1343,3072,4415
02559400,INTERCOAST COLLEGES                     ,CA,92868-1656,Proprietary  ,38,291,329,123,862,985
02565400,KAPLAN COLLEGE                          ,CA,95207-6216,Proprietary  ,32,106,138,258,629,887
02570300,LOS ANGELES ORT TECHNICAL INSTITUTE     ,CA,90048-0000,Private      ,17,145,162,116,686,802
02577900,SANTA BARBARA BUSINESS COLLEGE          ,CA,93309-1664,Proprietary  ,38,107,145,291,639,930
02578000,SANTA BARBARA BUSINESS COLLEGE          ,CA,93454-6943,Proprietary  ,19,67,86,107,326,433
02584200,NEWBRIDGE COLLEGE                       ,CA,92701-0000,Proprietary  ,49,156,205,205,774,979
02591600,NORTH-WEST COLLEGE                      ,CA,91101-1744,Proprietary  ,5,11,16,33,110,143
02593100,HEALD COLLEGE                           ,CA,95678-5303,Proprietary  ,44,147,191,313,852,1165
02593200,HEALD COLLEGE                           ,CA,95035-8008,Proprietary  ,52,154,206,449,978,1427
02593300,HEALD COLLEGE                           ,CA,95210-5667,Proprietary  ,74,218,292,627,1061,1688
02595600,ASIAN AMERICAN INTERNATIONAL BTY CG     ,CA,92683-4043,Proprietary  ,0,17,17,12,100,112
02597300,SOUTH BAYLO UNIVERSITY                  ,CA,92801-1701,Private      ,0,27,27,3,156,159
02602300,CENTRAL COAST COLLEGE                   ,CA,93901-3301,Proprietary  ,21,43,64,111,179,290
02608900,PINNACLE COLLEGE                        ,CA,91803-8842,Proprietary  ,7,15,22,70,85,155
02609000,EMPERORS COLG OF TRAD ORIENTAL MED      ,CA,90403-5609,Proprietary  ,0,23,23,3,181,184
02612800,LOS ANGELES RECORDING SCHOOL            ,CA,90028-3112,Proprietary  ,82,106,188,701,814,1515
02619300,SAMRA UNIV OF ORIENTAL MEDICINE         ,CA,90015-1019,Private      ,0,8,8,2,87,89
02620300,PLATT COLLEGE                           ,CA,92647-3017,Proprietary  ,1,0,1,46,71,117
03010611,VIRGINIA COLLEGE - GOLF ACADEMY OF AMERI,CA,92008-6512,Proprietary  ,8,7,15,115,112,227
03011300,"CALIF STATE UNIV, SAN MARCOS            ",CA,92096-0001,Public       ,128,165,293,6136,4099,10235
03019900,ADELANTE CAREER INSTITUTE               ,CA,91402-4924,Proprietary  ,9,26,35,19,104,123
03025600,DELL'ARTE SCH OF PHYSICAL THEATRE       ,CA,95525-0816,Private      ,0,0,0,4,38,42
03027700,PACIFIC COLLEGE OF ORIENTAL MED         ,CA,92108-4408,Proprietary  ,1,35,36,15,532,547
03029600,POMONA ADULT SCHOOL                     ,CA,91766-0000,Public       ,17,58,75,78,199,277
03031409,INTERNATIONAL ACADEMY OF DESIGN AND TECH,CA,95834-9664,Proprietary  ,3,8,11,42,47,89
03034000,HEALD COLLEGE                           ,CA,93906-5100,Proprietary  ,54,154,208,392,705,1097
03035700,LAS POSITAS COLLEGE                     ,CA,94551-6750,Public       ,70,103,173,1069,1080,2149
03039900,FREMONT COLLEGE                         ,CA,90703-5342,Proprietary  ,16,35,51,108,156,264
03043900,NEWSCHOOL OF ARCHITECTURE & DESIGN      ,CA,92101-6634,Proprietary  ,5,28,33,223,364,587
03044500,KAPLAN COLLEGE                          ,CA,91402-4222,Proprietary  ,30,54,84,110,271,381
03054100,ROYALE COLLEGE OF BEAUTY                ,CA,92590-2525,Proprietary  ,6,11,17,48,76,124
03062300,WESTECH COLLEGE                         ,CA,91764-4988,Proprietary  ,38,130,168,102,430,532
03062400,MT DIABLO ADULT EDUC LOMA VISTA CTR     ,CA,94518-1122,Public       ,6,22,28,32,95,127
03062700,PLATT COLLEGE                           ,CA,90041-0000,Proprietary  ,15,15,30,164,218,382
03062701,PLATT COLLEGE                           ,CA,91764-0000,Proprietary  ,19,48,67,211,296,507
03063400,MODERN TECHNOLOGY SCHOOL                ,CA,92708-9821,Proprietary  ,13,31,44,77,260,337
03067400,BALDWIN PARK ADULT SCHOOL               ,CA,91706-4897,Public       ,11,38,49,41,126,167
03067500,INSTITUTE OF TECHNOLOGY                 ,CA,93612-3217,Proprietary  ,170,513,683,747,2123,2870
03069500,SAGE COLLEGE                            ,CA,92557-6720,Proprietary  ,21,65,86,120,449,569
03070400,ITT TECHNICAL INSTITUTE                 ,CA,92408-3519,Proprietary  ,144,206,350,997,1317,2314
03072300,EVEREST COLLEGE                         ,CA,91761-3222,Proprietary  ,73,160,233,561,1543,2104
03072700,WESTWOOD COLLEGE - LOS ANGELES          ,CA,90010-1577,Proprietary  ,76,88,164,860,729,1589
03074900,MARTINEZ ADULT CENTER                   ,CA,94553-3298,Public       ,2,12,14,6,54,60
03078200,AMERICAN CLG TRADITIONAL CHINESE MD     ,CA,94107-2813,Private      ,0,21,21,3,242,245
03084700,VENTURA ADULT\CONTINUING EDUCATION      ,CA,93003-7313,Public       ,5,31,36,41,143,184
03087400,ITT TECHNICAL INSTITUTE                 ,CA,90502-1356,Proprietary  ,128,291,419,887,1739,2626
03094400,ELITE PROGRESSIVE SCHOOL OF COSM        ,CA,95841-2909,Proprietary  ,38,29,67,303,292,595
03097700,CENTRAL CALIF SCH CONTINUING EDUC       ,CA,93401-6739,Proprietary  ,5,49,54,39,213,252
03098200,YO SAN UNIV TRADITIONAL CHINESE MED     ,CA,90066-1103,Private      ,0,14,14,5,151,156
03105700,MONTEREY PARK COLLEGE                   ,CA,91754-2416,Proprietary  ,2,3,5,16,13,29
03108100,SUMMIT CAREER COLLEGE                   ,CA,92324-3956,Proprietary  ,43,199,242,415,1685,2100
03109500,DONGGUK ROYAL UNIVERSITY                ,CA,90020-1765,Private      ,0,5,5,0,96,96
03113100,MARIC COLLEGE                           ,CA,92630-0000,Proprietary  ,0,0,0,0,1,1
03113102,MARIC COLLEGE - CARSON                  ,CA,90746-3228,Proprietary  ,0,0,0,8,7,15
03113103,MARIC COLLEGE - RIVERSIDE               ,CA,92507-4223,Proprietary  ,0,0,0,59,110,169
03113105,MARIC COLLEGE - POMONA                  ,CA,91768-2643,Proprietary  ,0,0,0,15,7,22
03113300,MCED CAREER COLLEGE                     ,CA,93727-1620,Proprietary  ,19,271,290,88,949,1037
03113600,SOUTHERN CALIFORNIA INST OF TECHNOL     ,CA,92805-3758,Proprietary  ,10,212,222,76,863,939
03115400,LYLE'S FRESNO COLLEGE OF BEAUTY         ,CA,93710-0000,Proprietary  ,2,1,3,31,15,46
03116600,EAST SAN GABRIEL VLY REG OCCUP PROG     ,CA,91790-2105,Public       ,3,7,10,7,21,28
03123000,SONOMA COLLEGE                          ,CA,94954-7464,Proprietary  ,0,0,0,24,33,57
03125300,JOHN WESLEY INTER. BARBER & BTY CLG     ,CA,90813-4321,Proprietary  ,3,15,18,35,86,121
03125400,ART INSTITUTE OF CALIFORNIA-HOLLYWOOD (T,CA,90010-1014,Proprietary  ,90,103,193,759,609,1368
03125800,PREMIERE CAREER COLLEGE                 ,CA,91706-3746,Proprietary  ,21,78,99,110,363,473
03126800,PACIFICA GRADUATE INSTITUTE             ,CA,93013-0000,Proprietary  ,0,32,32,1,837,838
03128700,MT SIERRA COLLEGE                       ,CA,91016-3414,Proprietary  ,6,30,36,292,429,721
03131300,FIVE BRANCHES UNIVERSITY                ,CA,95062-4669,Private      ,1,10,11,15,310,325
03138400,AMERICAN COLLEGE OF MEDICAL TECH        ,CA,90248-1611,Proprietary  ,0,0,0,9,12,21
03144400,AMERICAN CLG OF HEALTH PROFESSIONS      ,CA,92374-0000,Proprietary  ,0,6,6,12,27,39
03150500,VIRGINIA SEWING MACHINES & SCH CTR      ,CA,90015-3535,Proprietary  ,0,19,19,1,98,99
03162300,FOUR-D SUCCESS ACADEMY                  ,CA,92324-4218,Proprietary  ,31,190,221,124,742,866
03163300,PACIFIC STATES UNIVERSITY               ,CA,90006-4298,Private      ,0,1,1,8,23,31
03195400,EVEREST COLLEGE                         ,CA,90501-2867,Proprietary  ,13,37,50,71,175,246
03210300,CALIFORNIA SCHOOL OF CULINARY ARTS      ,CA,91101-5221,Proprietary  ,128,246,374,1362,1398,2760
03225300,AMERICAN UNIVERSITY OF HEALTH SCIENCES  ,CA,90755-3612,Proprietary  ,4,24,28,46,78,124
03242300,CAREER NETWORK INSTITUTE                ,CA,92868-4710,Proprietary  ,27,117,144,142,505,647
03250300,COMMUNITY BASED EDUCATION AND DEVEL     ,CA,90036-1137,Private      ,6,31,37,24,341,365
03260300,CALIFORNIA STATE U-MONTEREY BAY         ,CA,93955-8001,Public       ,73,89,162,3956,1814,5770
03266300,BETHESDA CHRISTIAN UNIVERSITY           ,CA,92801-4132,Private      ,1,10,11,5,38,43
03278300,CLARITA CAREER COLLEGE                  ,CA,91351-5432,Proprietary  ,59,214,273,251,746,997
03282300,KIM ANH ACADEMY OF BEAUTY               ,CA,92683-4605,Proprietary  ,1,56,57,2,95,97
03288300,ACAD CHINESE CULTURE & HEALTH SCIS      ,CA,94512-0000,Private      ,0,4,4,5,102,107
03299300,PACIFIC COLLEGE                         ,CA,92626-3160,Proprietary  ,2,78,80,60,299,359
03308300,KENSINGTON COLLEGE                      ,CA,92705-8708,Proprietary  ,2,6,8,3,32,35
03321300,SCRIPPS RESEARCH INSTITUTE (THE)        ,CA,92037-0000,Private      ,0,1,1,4,28,32
03327400,ACUPUNCTURE AND INTEGRATIVE MEDICINE COL,CA,94704-2724,Private      ,0,7,7,4,157,161
03332300,SOUTHERN CA BIBLE CLG & SEMINARY        ,CA,92019-1109,Private      ,0,4,4,8,146,154
03359300,ST. FRANCIS CAREER COLLEGE              ,CA,90262-2659,Private      ,18,44,62,76,313,389
03367300,PROFESSIONAL GOLFERS CAREER COLLEGE     ,CA,92591-6013,Proprietary  ,7,14,21,104,187,291
03392300,CHASE COLLEGE                           ,CA,90010-2501,Proprietary  ,0,0,0,5,4,9
03394300,REMINGTON COLLEGE - SAN DIEGO CAMPUS    ,CA,92108-3002,Proprietary  ,39,110,149,385,969,1354
03395300,INTERNATIONAL CAREER DEVELOPMENT        ,CA,90027-5794,Proprietary  ,109,328,437,528,1612,2140
03399300,NORTHWESTERN TECHNICAL COLLEGE          ,CA,95670-4443,Proprietary  ,21,64,85,102,401,503
03403300,TRINITY LIFE BIBLE COLLEGE              ,CA,95842-3546,Private      ,10,30,40,73,219,292
03413400,ENGLISH CENTER  (THE)                   ,CA,94607-3734,Private      ,5,34,39,36,187,223
03427400,CAREER COLLEGES OF AMERICA              ,CA,90280-7420,Proprietary  ,87,372,459,360,1882,2242
03427500,ANTELOPE VALLEY MEDICAL COLLEGE         ,CA,93534-3324,Proprietary  ,38,117,155,212,590,802
03440400,MARIAN HEALTH CAREERS CENTER            ,CA,90010-1728,Proprietary  ,9,22,31,63,129,192
03441400,VALLEY CAREER COLLEGE                   ,CA,92020-3057,Proprietary  ,18,104,122,132,467,599
03455900,VALLECITOS CENTER FOR EMPLOYMENT TR     ,CA,94541-5027,Private      ,2,10,12,5,41,46
03458300,MY LE'S BEAUTY COLLEGE                  ,CA,95824-3039,Proprietary  ,3,45,48,50,172,222
03467300,MARINELLO SCHOOL OF BEAUTY              ,CA,92545-3661,Proprietary  ,12,22,34,65,104,169
03467301,CALIFORNIA BEAUTY COLLEGE - DESERT HOT S,CA,92240-1307,Proprietary  ,0,0,0,2,3,5
03474700,OPPORTUNITIES INDUSTRIALIZATION CEN     ,CA,94025-1413,Private      ,0,1,1,0,6,6
03479300,PROFESSIONAL CAREER INSTITUTE           ,CA,90703-2522,Proprietary  ,8,37,45,66,216,282
03479400,DONALD VOCATIONAL SCHOOL                ,CA,90010-1718,Proprietary  ,6,41,47,18,195,213
03485400,JAMES ALBERT SCHOOL OF COSMETOLOGY      ,CA,92627-3831,Proprietary  ,10,9,19,40,46,86
03485401,JAMES ALBERT SCHOOL OF COSMETOLOGY - ANA,CA,92804-5384,Proprietary  ,1,2,3,7,8,15
03516300,THE KING'S COLLEGE AND SEMINARY         ,CA,91405-2233,Private      ,4,18,22,43,260,303
03532400,ADVANCED TRAINING ASSOCIATES            ,CA,92020-1236,Proprietary  ,1,3,4,4,15,19
03542400,COPPER MOUNTAIN COLLEGE                 ,CA,92252-6102,Public       ,28,93,121,412,1246,1658
03550300,OCCUPATIONAL TRAINING SERVICES          ,CA,92123-1539,Private      ,0,0,0,10,21,31
03577300,COBA ACADEMY                            ,CA,92866-1407,Proprietary  ,13,18,31,64,62,126
03590400,NTMA TRAINING CENTERS OF SOUTHERN C     ,CA,90650-6099,Private      ,21,134,155,85,601,686
03592400,IRELL & MANELLA GRADUATE SCHOOL OF BIOLO,CA,91010-0000,Private      ,0,2,2,2,9,11
03598300,AVALON BEAUTY COLLEGE                   ,CA,93103-3137,Proprietary  ,3,6,9,19,25,44
03602400,INSTITUTE OF NETWORK TECHNOLOGY         ,CA,90755-2274,Proprietary  ,0,0,0,0,2,2
03614300,UNITED BEAUTY COLLEGE                   ,CA,91733-0000,Proprietary  ,2,9,11,12,75,87
03615300,COMMUNITY BUSINESS COLLEGE              ,CA,95356-1569,Proprietary  ,0,0,0,10,17,27
03621300,LIBERTY TRAINING INSTITUTE              ,CA,90057-3202,Proprietary  ,3,40,43,11,120,131
03636300,HEARTWOOD INSTITUTE                     ,CA,95542-9446,Proprietary  ,0,0,0,0,2,2
03639300,WEST COAST ULTRASOUND INSTITUTE         ,CA,90211-3312,Proprietary  ,15,77,92,119,513,632
03646300,DESIGN'S SCHOOL OF COSMETOLOGY          ,CA,93446-1471,Proprietary  ,16,31,47,56,117,173
03681300,CALIFORNIA HEALING ARTS COLLEGE         ,CA,90025-2589,Proprietary  ,7,24,31,32,118,150
03695300,COMMUNITY ENHANCEMENT SERVICES          ,CA,91205-2395,Private      ,1,49,50,8,145,153
03695400,SALVATION ARMY CRESTMONT COLLEGE (THE)  ,CA,90275-5301,Private      ,0,0,0,0,1,1
03695700,SANTIAGO CANYON COLLEGE                 ,CA,92869-4512,Public       ,91,138,229,1242,922,2164
03696300,UNIVERSITY OF THE WEST                  ,CA,91770-3709,Private      ,1,1,2,2,31,33
03698300,WEST COAST UNIVERSITY                   ,CA,90004-0000,Proprietary  ,38,305,343,103,1071,1174
03698400,CA COLLEGE OF VOCATIONAL CAREER         ,CA,93301-1800,Proprietary  ,3,18,21,33,121,154
03722300,AMERICAN MEDICAL SCIENCES CENTER        ,CA,91601-3718,Proprietary  ,0,0,0,1,4,5
03736300,ADVANCE BEAUTY COLLEGE                  ,CA,92843-4752,Proprietary  ,5,55,60,16,322,338
03740400,ATI COLLEGE                             ,CA,90650-0000,Proprietary  ,7,28,35,41,171,212
03755300,GATES COLLEGE                           ,CA,90278-0000,Proprietary  ,0,0,0,2,2,4
03759300,COMPUTER TUTOR BUSINESS & TECH INST     ,CA,95356-0000,Proprietary  ,1,24,25,27,133,160
03786300,ADVANCED COLLEGE                        ,CA,90280-5255,Proprietary  ,16,30,46,56,173,229
03797400,CAREER CARE INSTITUTE                   ,CA,93534-4766,Proprietary  ,14,62,76,115,396,511
03806300,LAKE COLLEGE                            ,CA,96002-0926,Proprietary  ,5,62,67,53,308,361
03810300,SILICON VALLEY UNIVERSITY               ,CA,95131-1868,Private      ,1,0,1,11,21,32
03814400,SOKA UNIVERSITY OF AMERICA              ,CA,92656-8081,Private      ,1,2,3,260,22,282
03838400,WALTER JAY M.D. INSTITUTE AN EDUCATIONAL,CA,90057-0000,Proprietary  ,0,2,2,14,94,108
03852500,CIT COLLEGE OF INFOMEDICAL TECHNOLOGY   ,CA,92831-3703,Proprietary  ,11,76,87,46,325,371
03853300,KECK GRADUATE INSTITUTE OF APPLIED LIFE ,CA,91711-4817,Private      ,0,0,0,0,77,77
03853400,LADERA CAREER PATHS TRAINING CENTERS    ,CA,90045-1931,Proprietary  ,1,7,8,6,30,36
03868300,WORLD MISSION UNIVERSITY                ,CA,90020-1789,Private      ,0,9,9,7,67,74
03868400,LOS ANGELES MUSIC ACADEMY               ,CA,91105-2540,Proprietary  ,4,5,9,45,52,97
03871300,FOLSOM LAKE COLLEGE                     ,CA,95630-6798,Public       ,76,175,251,988,1599,2587
03874300,CAMBRIDGE CAREER COLLEGE                ,CA,95993-0000,Proprietary  ,0,0,0,13,25,38
03874300,CAMBRIDGE JUNIOR COLLEGE                ,CA,95993-0000,Proprietary  ,2,24,26,12,101,113
03874400,COMMMUNITY CHRISTIAN COLLEGE            ,CA,92373-4465,Private      ,0,8,8,20,46,66
03889300,STANBRIDGE COLLEGE                      ,CA,92612-0000,Proprietary  ,13,96,109,28,185,213
03901300,PACIFIC COAST TRADE SCHOOL              ,CA,93033-2441,Proprietary  ,2,24,26,10,68,78
03904300,QUALITY COLLEGE OF CULINARY CAREERS     ,CA,93727-1615,Proprietary  ,0,0,0,38,49,87
03910400,NATIONAL POLYTECHNIC COLLEGE            ,CA,90040-3066,Proprietary  ,15,37,52,34,112,146
03933300,MUELLER COLLEGE OF HOLISTIC STUDIES     ,CA,92116-2630,Proprietary  ,4,24,28,31,165,196
03962300,AMERICAN INSTITUTE OF MASSAGE THERAPY   ,CA,92705-5463,Proprietary  ,1,7,8,6,33,39
03964400,INTERNATIONAL SCHOOL OF BEAUTY          ,CA,92260-2740,Proprietary  ,9,15,24,42,77,119
03969600,AMERICAN AUTO INSTITUTE                 ,CA,90703-2637,Proprietary  ,19,23,42,63,90,153
03971300,AMERICAN CAREER COLLEGE                 ,CA,91764-4906,Proprietary  ,73,180,253,285,668,953
03973300,EX'PRESSION COLLEGE FOR DIGITAL ARTS    ,CA,94608-1021,Proprietary  ,66,57,123,634,559,1193
03974500,CALIFORNIA CAREER COLLEGE               ,CA,91303-2006,Proprietary  ,7,12,19,29,108,137
03976400,CALIFORNIA INSTITUTE OF THE HEALING ARTS,CA,95825-8551,Proprietary  ,1,2,3,7,33,40
03980300,CALIFORNIA STATE UNIVERSITY CHANNEL ISLA,CA,93012-8599,Public       ,48,43,91,1042,717,1759
03995300,UNIVERSITY OF EAST-WEST MEDICINE        ,CA,94087-6106,Proprietary  ,0,11,11,7,55,62
03999300,BEAUMONT ADULT SCHOOL                   ,CA,92223-1927,Public       ,1,2,3,17,84,101
04001300,PALACE BEAUTY COLLEGE                   ,CA,90006-4233,Proprietary  ,3,13,16,23,75,98
04001400,MOJAVE BARBER COLLEGE                   ,CA,92395-3201,Proprietary  ,6,20,26,28,82,110
04003300,CSI CAREER COLLEGE                      ,CA,95687-3100,Proprietary  ,6,26,32,102,303,405
04004300,THUY PRINCESS BEAUTY COLLEGE            ,CA,91766-0000,Proprietary  ,1,9,10,7,24,31
04005300,INTERAMERICAN COLLEGE                   ,CA,91950-4437,Private      ,0,4,4,6,76,82
04014400,PALLADIUM TECHNICAL ACADEMY             ,CA,91731-2429,Proprietary  ,4,21,25,19,58,77
04037300,LOS ANGELES FILM SCHOOL (THE)           ,CA,90028-7300,Proprietary  ,29,47,76,424,503,927
04049300,MAXINE WATERS EMPLOYMENT PREPARATION CEN,CA,90059-1023,Public       ,8,10,18,19,67,86
04056300,CAREER COLLEGE OF CALIFORNIA            ,CA,92705-5805,Proprietary  ,1,3,4,1,19,20
04057300,TECHSKILLS OF SACRAMENTO                ,CA,95815-4025,Proprietary  ,1,74,75,59,288,347
04071300,AMERICAN PACIFIC COLLEGE                ,CA,91405-6232,Proprietary  ,2,22,24,4,40,44
04076400,GNOMON SCHOOL OF VISUAL EFFECTS         ,CA,90038-2616,Proprietary  ,1,10,11,10,71,81
04092300,COASTLINE BEAUTY COLLEGE                ,CA,92708-3847,Proprietary  ,0,38,38,0,39,39
04092400,MAKE-UP DESIGNORY                       ,CA,91502-1322,Proprietary  ,11,17,28,89,93,182
04109300,ACADEMY OF BARBERING ARTS (THE)         ,CA,91324-3406,Proprietary  ,16,16,32,39,50,89
04111300,WEST HILLS COLLEGE LEMOORE              ,CA,93245-9248,Public       ,45,151,196,332,1033,1365
04114500,VALLEY COLLEGE OF MEDICAL CAREERS       ,CA,91304-2354,Proprietary  ,5,20,25,22,122,144
04115300,COACHELLA VALLEY BEAUTY COLLEGE         ,CA,92253-2051,Proprietary  ,3,14,17,16,45,61
04115800,MERIDIAN INSTITUTE                      ,CA,90010-3606,Proprietary  ,1,7,8,4,38,42
04116000,VIDEO SYMPHONY ENTERTRAINING            ,CA,91502-3253,Proprietary  ,4,18,22,42,220,262
04119200,CAREER COLLEGE CONSULTANTS              ,CA,90041-2088,Proprietary  ,4,9,13,4,9,13
04127100,"UNIVERSITY OF CALIFORNIA, MERCED        ",CA,95343-5001,Public       ,50,11,61,87,26,113
04127800,HEALTHY HAIR ACADEMY                    ,CA,90303-3137,Proprietary  ,9,37,46,9,37,46
04127900,TUI UNIVERSITY                          ,CA,90630-5023,Proprietary  ,3,122,125,3,230,233
00184600,BRIAR CLIFF UNIVERSITY                  ,IA,51104-2100,Private      ,10,11,21,1217,435,1652
00184700,BUENA VISTA UNIVERSITY                  ,IA,50588-9987,Private      ,12,84,96,1779,1606,3385
00184800,SOUTHEASTERN COMMUNITY COLLEGE          ,IA,52655-0000,Public       ,48,132,180,1032,1820,2852
00185000,CENTRAL COLLEGE                         ,IA,50219-1999,Private      ,10,0,10,2123,87,2210
00185200,CLARKE COLLEGE                          ,IA,52001-3198,Private      ,6,6,12,1009,459,1468
00185400,COE COLLEGE                             ,IA,52402-5092,Private      ,2,2,4,1696,175,1871
00185500,DES MOINES UNIV-OSTEOPATHIC MED CTR     ,IA,50312-0000,Private      ,0,19,19,12,1535,1547
00185600,CORNELL COLLEGE                         ,IA,52314-1098,Private      ,8,2,10,1621,72,1693
00185700,SOUTHWESTERN COMMUNITY COLLEGE          ,IA,50801-1098,Public       ,10,38,48,599,615,1214
00185800,DIVINE WORD COLLEGE                     ,IA,52045-0380,Private      ,0,1,1,19,20,39
00185900,DORDT COLLEGE                           ,IA,51250-1697,Private      ,7,0,7,1273,89,1362
00186000,DRAKE UNIVERSITY                        ,IA,50311-4505,Private      ,16,40,56,3900,2241,6141
00186200,ELLSWORTH COMMUNITY COLLEGE             ,IA,50126-1199,Public       ,13,22,35,626,272,898
00186400,IOWA LAKES COMMUNITY COLLEGE            ,IA,51334-2234,Public       ,26,52,78,1144,1002,2146
00186500,IOWA CENTRAL COMMUNITY COLLEGE          ,IA,50501-0000,Public       ,54,185,239,2208,1774,3982
00186600,GRACELAND UNIVERSITY                    ,IA,50140-1699,Private      ,15,89,104,1017,1090,2107
00186700,GRAND VIEW UNIVERSITY                   ,IA,50316-1599,Private      ,11,33,44,1261,949,2210
00186800,GRINNELL COLLEGE                        ,IA,50112-1690,Private      ,8,0,8,2017,40,2057
00186900,IOWA STATE UNIV SCIENCE & TECHNOLOG     ,IA,50011-2028,Public       ,136,108,244,18069,4905,22974
00187100,IOWA WESLEYAN COLLEGE                   ,IA,52641-1398,Private      ,6,12,18,625,397,1022
00187300,LORAS COLLEGE                           ,IA,52004-0178,Private      ,8,4,12,1759,186,1945
00187400,LUTHER COLLEGE                          ,IA,52101-1045,Private      ,11,2,13,2794,98,2892
00187500,MARSHALLTOWN COMMUNITY COLLEGE          ,IA,50158-4760,Public       ,25,61,86,619,744,1363
00187700,NORTH IOWA AREA COMMUNITY COLLEGE       ,IA,50401-7299,Public       ,63,69,132,1523,941,2464
00187900,MORNINGSIDE COLLEGE                     ,IA,51106-1751,Private      ,7,17,24,1512,359,1871
00188000,MOUNT MERCY COLLEGE                     ,IA,52402-4797,Private      ,7,24,31,1004,664,1668
00188100,ASHFORD UNIVERSITY                      ,IA,52732-3997,Proprietary  ,260,5964,6224,1297,22102,23399
00188300,NORTHWESTERN COLLEGE                    ,IA,51041-1996,Private      ,2,1,3,1597,98,1695
00188700,SIMPSON COLLEGE                         ,IA,50125-1297,Private      ,12,17,29,2177,489,2666
00188900,ST AMBROSE UNIVERSITY                   ,IA,52803-2898,Private      ,13,39,52,2588,1274,3862
00189000,UNIVERSITY OF NORTHERN IOWA             ,IA,50614-0705,Public       ,81,105,186,9796,2826,12622
00189100,UNIVERSITY OF DUBUQUE                   ,IA,52001-5099,Private      ,12,17,29,1505,497,2002
00189200,UNIVERSITY OF IOWA                      ,IA,52242-1316,Public       ,143,213,356,16487,8751,25238
00189300,UPPER IOWA UNIVERSITY                   ,IA,52142-9206,Private      ,33,332,365,1287,4149,5436
00189400,VENNARD COLLEGE                         ,IA,52595-0029,Private      ,1,1,2,61,23,84
00189500,WALDORF COLLEGE                         ,IA,50436-1700,Private      ,1,7,8,640,84,724
00189600,WARTBURG COLLEGE                        ,IA,50677-2200,Private      ,10,3,13,2398,71,2469
00189700,WARTBURG THEOLOGICAL SEMINARY           ,IA,52004-5004,Private      ,0,2,2,2,134,136
00190000,WILLIAM PENN UNIVERSITY                 ,IA,52577-1799,Private      ,17,75,92,1047,1547,2594
00396300,AIB COLLEGE OF BUSINESS                 ,IA,50321-1799,Private      ,9,31,40,705,595,1300
00407500,ESTRN IOWA COMMUNITY COLLEGE DIST       ,IA,52801-1221,Public       ,1,8,9,46,99,145
00407501,CLINTON COMMUNITY COLLEGE               ,IA,52732-0000,Public       ,13,29,42,402,559,961
00407502,MUSCATINE COMMUNITY COLLEGE             ,IA,52761-0000,Public       ,9,29,38,410,502,912
00407503,SCOTT COMMUNITY COLLEGE                 ,IA,52722-0000,Public       ,55,143,198,1218,2315,3533
00407600,KIRKWOOD COMMUNITY COLLEGE              ,IA,52406-2068,Public       ,152,319,471,6707,5904,12611
00423300,MERCY/ST. LUKE'S SCH RAD TECH           ,IA,52402-0000,Private      ,1,1,2,16,9,25
00458600,KAPLAN UNIVERSITY                       ,IA,52807-2095,Proprietary  ,938,15643,16581,4783,83054,87837
00458604,KAPLAN UNIVERSITY - CEDAR RAPIDS        ,IA,52404-2998,Proprietary  ,18,103,121,236,875,1111
00458605,KAPLAN UNIVERSITY - DES MOINES          ,IA,50323-5702,Proprietary  ,32,150,182,343,1096,1439
00458606,KAPLAN UNIVERSITY - MASON CITY          ,IA,50401-4665,Proprietary  ,11,71,82,143,586,729
00458607,KAPLAN UNIVERSITY - CEDAR FALLS         ,IA,50613-6309,Proprietary  ,13,106,119,198,814,1012
00458610,KAPLAN UNIVERSITY - COUNCIL BLUFFS      ,IA,51503-5289,Proprietary  ,12,79,91,79,440,519
00458700,NORTHEAST IOWA COMMUNITY COLLEGE        ,IA,52132-0400,Public       ,17,38,55,695,711,1406
00458701,NORTHEAST IOWA COMMUNITY COLLEGE        ,IA,52068-0000,Public       ,32,56,88,1006,1035,2041
00459500,HAWKEYE COMMUNITY COLLEGE               ,IA,50701-0000,Public       ,90,173,263,2872,2427,5299
00459800,IOWA WESTERN CMTY CLG-COUNCIL BLUFF     ,IA,51502-0000,Public       ,52,101,153,2162,1986,4148
00460000,NORTHWEST IOWA COMMUNITY COLLEGE        ,IA,51201-1046,Public       ,14,13,27,481,295,776
00626700,IOWA METHODIST MEDICAL CENTER SCHOOLS   ,IA,50309-1499,Private      ,0,2,2,7,40,47
00627300,MERCY COLLEGE OF HEALTH SCIENCES        ,IA,50309-1239,Private      ,7,21,28,412,615,1027
00712000,DES MOINES AREA CMTY COLLEGE            ,IA,50021-0000,Public       ,173,395,568,5201,6677,11878
00712100,FAITH BAPTIST BIBLE CLG & THEOL SEM     ,IA,50021-0000,Private      ,3,0,3,303,79,382
00729100,ST LUKE'S COLLEGE                       ,IA,51104-0263,Private      ,2,2,4,106,94,200
00731600,WESTERN IOWA TECH COMMUNITY COLLEGE     ,IA,51106-0000,Public       ,67,137,204,1273,2263,3536
00758800,CAPRI COLLEGE                           ,IA,52004-0873,Proprietary  ,24,29,53,260,260,520
00761100,EQ SCHOOL OF HAIR DESIGN                ,IA,51503-0813,Proprietary  ,7,10,17,35,59,94
00765600,AMERICAN COLLEGE OF HARISTYLING -CR     ,IA,52402-0000,Proprietary  ,0,3,3,7,23,30
00765800,AMER COLL OF HAIRSTYLING-DES MOINES     ,IA,50309-5446,Proprietary  ,0,2,2,4,39,43
00765900,LA JAMES COLLEGE OF HAIRSTYLING         ,IA,50401-3308,Proprietary  ,5,8,13,88,63,151
00771700,CAPRI COLLEGE                           ,IA,52807-2622,Proprietary  ,3,4,7,36,34,70
00794100,COLLEGE OF HAIR DESIGN                  ,IA,50703-1834,Proprietary  ,3,13,16,18,70,88
00811600,DAYTON'S SCHOOL OF HAIR DESIGN          ,IA,52601-0000,Proprietary  ,1,5,6,5,26,31
00826000,IOWA SCHOOL OF BEAUTY INC               ,IA,50322-0000,Proprietary  ,11,18,29,69,124,193
00840300,INDIAN HILLS COMMUNITY COLLEGE          ,IA,52501-1398,Public       ,72,158,230,1679,1827,3506
00840301,INDIAN HILLS COMMUNITY COLLEGE          ,IA,52544-0000,Public       ,6,21,27,222,291,513
00842400,LA JAMES INTERNATIONAL COLLEGE          ,IA,50501-5577,Proprietary  ,8,7,15,65,52,117
00959300,LA'JAMES COLLEGE OF HAIRSTYLING         ,IA,52240-0000,Proprietary  ,3,13,16,87,63,150
01111300,MAHARISHI UNIV OF MANAGEMENT            ,IA,52557-0001,Private      ,9,6,15,149,156,305
01206400,HAMILTON TECHNICAL COLLEGE              ,IA,52807-2653,Proprietary  ,16,42,58,127,299,426
01230000,PALMER COLLEGE OF CHIROPRACTIC          ,IA,52803-5287,Private      ,2,30,32,103,2486,2589
01300600,LA' JAMES INTERNATIONAL COLLEGE-CF      ,IA,50613-5242,Proprietary  ,11,9,20,86,64,150
02090300,CAPRI COLLEGE                           ,IA,52404-0000,Proprietary  ,0,1,1,35,24,59
02134500,LA JAMES INTERNATIONAL COLLEGE - DAV    ,IA,52806-3952,Proprietary  ,4,12,16,37,58,95
02160900,"SALON PROFESSIONAL ACADEMY, THE         ",IA,50010-0000,Proprietary  ,8,10,18,133,44,177
02262500,FAUST INSTITUTE OF COSMETOLOGY          ,IA,50588-0000,Proprietary  ,4,3,7,37,29,66
02274100,LA' JAMES INTERNATIONAL COLLEGE - DM    ,IA,50131-0000,Proprietary  ,14,15,29,155,125,280
02289000,AMERICAN HAIR ACADEMY                   ,IA,52627-4530,Proprietary  ,1,3,4,26,22,48
02306900,IOWA SCHOOL OF BEAUTY                   ,IA,52501-0000,Proprietary  ,0,5,5,30,44,74
02328900,EMMAUS BIBLE COLLEGE                    ,IA,52001-0000,Private      ,4,1,5,194,34,228
02330900,IOWA SCHOOL OF BEAUTY                   ,IA,50158-0000,Proprietary  ,2,3,5,17,22,39
02333200,DAYTON'S SCHOOL OF HAIR DESIGN          ,IA,52632-0000,Proprietary  ,0,3,3,8,19,27
02572500,DAVENPORT BARBER STYLING COLLEGE        ,IA,52807-0000,Proprietary  ,0,0,0,2,11,13
02609200,VATTEROTT COLLEGE                       ,IA,50321-4704,Proprietary  ,13,51,64,109,382,491
03069100,ALLEN COLLEGE                           ,IA,50703-1916,Private      ,2,13,15,306,229,535
03441300,IOWA SCHOOL OF BEAUTY                   ,IA,51106-5111,Proprietary  ,6,5,11,35,41,76
03607400,TOTAL LOOK SCHOOL OF COSMETOLOGY AND MAS,IA,52136-1053,Proprietary  ,0,1,1,9,7,16
03720300,CARLSON COLLEGE OF MASSAGE THERAPY      ,IA,52205-7519,Proprietary  ,3,2,5,8,8,16
04089300,BIO-CHI INSTITUTE OF MASSAGE THERAPY    ,IA,51103-2138,Proprietary  ,1,5,6,14,18,32
00259600,ATLANTIC COMMUNITY COLLEGE              ,NJ,08330-2699,Public       ,126,204,330,2852,3223,6075
00259700,BLOOMFIELD COLLEGE                      ,NJ,07003-3425,Private      ,57,51,108,2158,1325,3483
00259800,CALDWELL COLLEGE                        ,NJ,07006-6195,Private      ,22,33,55,1306,771,2077
00259900,CENTENARY COLLEGE                       ,NJ,07840-2184,Private      ,14,86,100,1444,1011,2455
00260000,COLLEGE OF SAINT ELIZABETH              ,NJ,07960-6989,Private      ,13,39,52,717,590,1307
00260100,CUMBERLAND COUNTY COLLEGE               ,NJ,08362-0517,Public       ,30,76,106,1614,1774,3388
00260300,DREW UNIVERSITY                         ,NJ,07940-4063,Private      ,24,16,40,2573,471,3044
00260700,FAIRLEIGH DICKINSON UNIV-TEANECK        ,NJ,07666-1996,Private      ,52,125,177,2281,1844,4125
00260701,FAIRLEIGH DICKINSON UNIV-FLORHAM        ,NJ,07940-0000,Private      ,22,21,43,2060,519,2579
00260702,FAIRLEIGH DICKINSON UNIV-ED WMS CLG     ,NJ,07601-0000,Private      ,2,4,6,88,99,187
00260703,FAIRLEIGH DICKINSON UNIVERSITY          ,NJ,07940-0000,Private      ,22,32,54,1144,556,1700
00260800,GEORGIAN COURT UNIVERSITY               ,NJ,08701-2697,Private      ,12,63,75,1204,1459,2663
00260900,ROWAN UNIVERSITY                        ,NJ,08028-1702,Public       ,91,93,184,10344,2925,13269
00261000,FELICIAN COLLEGE                        ,NJ,07644-2198,Private      ,25,64,89,1385,871,2256
00261300,NEW JERSEY CITY UNIVERSITY              ,NJ,07305-1597,Public       ,86,112,198,4000,4160,8160
00261500,MIDDLESEX COUNTY COLLEGE                ,NJ,08818-3050,Public       ,146,160,306,4758,3224,7982
00261600,MONMOUTH UNIVERSITY                     ,NJ,07764-1898,Private      ,75,56,131,6278,1890,8168
00261700,MONTCLAIR STATE UNIVERSITY              ,NJ,07043-9987,Public       ,193,172,365,12360,4821,17181
00261900,NEW BRUNSWICK THEOLOGICAL SEMINARY      ,NJ,08901-0000,Private      ,1,1,2,18,95,113
00262100,NEW JERSEY INST OF TECHNOLOGY           ,NJ,07102-1982,Public       ,58,89,147,3841,1740,5581
00262200,KEAN UNIVERSITY                         ,NJ,07083-7131,Public       ,144,194,338,8318,5358,13676
00262400,OCEAN COUNTY COLLEGE                    ,NJ,08754-2001,Public       ,117,129,246,3745,2267,6012
00262500,WILLIAM PATERSON UNIVERSITY             ,NJ,07470-2152,Public       ,150,99,249,8002,2910,10912
00262600,PRINCETON THEOLOGICAL SEMINARY          ,NJ,08542-0000,Private      ,0,17,17,5,491,496
00262700,PRINCETON UNIVERSITY                    ,NJ,08544-0001,Private      ,75,27,102,8997,1037,10034
00262800,RIDER UNIVERSITY                        ,NJ,08648-3099,Private      ,62,61,123,5514,1322,6836
00262900,"RUTGERS, THE STATE UNIVERSITY OF NJ     ",NJ,08901-1281,Public       ,440,380,820,34982,16031,51013
00263200,SETON HALL UNIVERSITY                   ,NJ,07079-2697,Private      ,108,121,229,6287,2734,9021
00263201,SETON HALL UNIVERSITY - SCHOOL OF LAW   ,NJ,07079-5210,Private      ,1,9,10,150,1862,2012
00263800,ST PETER'S COLLEGE                      ,NJ,07306-5997,Private      ,45,62,107,3114,958,4072
00263900,STEVENS INSTITUTE OF TECHNOLOGY         ,NJ,07030-5370,Private      ,29,24,53,2628,427,3055
00264200,COLLEGE OF NEW JERSEY (THE)             ,NJ,08628-0718,Public       ,67,36,103,8218,913,9131
00264300,UNION COUNTY COLLEGE                    ,NJ,07016-1598,Public       ,168,346,514,3647,4933,8580
00473600,BERGEN COMMUNITY COLLEGE                ,NJ,07652-1595,Public       ,159,156,315,5078,3190,8268
00474000,MERCER COUNTY COMMUNITY COLLEGE         ,NJ,08690-0000,Public       ,85,218,303,2361,3142,5503
00539900,MONMOUTH COUNTY VOCATIONAL SCH DIST     ,NJ,07728-5033,Public       ,1,1,2,47,55,102
00545200,TETERBORO SCH OF AERONAUTICS            ,NJ,07608-1083,Proprietary  ,7,19,26,75,78,153
00546000,SOMERSET COUNTY TECHNICAL INSTITUTE     ,NJ,08807-0350,Public       ,1,7,8,35,102,137
00546100,SALEM COMMUNITY COLLEGE                 ,NJ,08069-2799,Public       ,19,35,54,459,584,1043
00641000,C E GREGORY SCHOOL OF NURSING           ,NJ,08857-0000,Private      ,0,0,0,40,52,92
00641700,HOLY NAME HOSPITAL SCH OF NURSING       ,NJ,07666-4254,Private      ,1,5,6,70,130,200
00642000,MOUNTAINSIDE HOSP SCH NRSG              ,NJ,07042-4898,Proprietary  ,1,6,7,41,131,172
00642100,MUHLENBERG SNYDER SCHOOLS               ,NJ,07061-3399,Private      ,8,14,22,146,406,552
00642900,ST FRANCIS MEDICAL CTR SCH NURSING      ,NJ,08629-1986,Private      ,0,0,0,13,35,48
00642902,ST FRANCIS MED CTR RAD TECH             ,NJ,08629-0000,Private      ,0,0,0,4,8,12
00686500,CAMDEN COUNTY COLLEGE                   ,NJ,08012-3240,Public       ,142,356,498,4931,5657,10588
00690100,GLOUCESTER COUNTY COLLEGE               ,NJ,08080-4249,Public       ,64,96,160,2407,1917,4324
00710700,ESSEX COUNTY COLLEGE                    ,NJ,07102-1798,Public       ,202,348,550,4090,5823,9913
00750200,BERKELEY COLLEGE                        ,NJ,07424-3367,Proprietary  ,64,119,183,1531,1297,2828
00750201,BERKELEY COLLEGE                        ,NJ,07095-0000,Proprietary  ,18,47,65,569,433,1002
00750202,BERKELEY COLLEGE - PARAMUS              ,NJ,07652-2931,Proprietary  ,19,22,41,456,329,785
00750600,LINCOLN TECHNICAL INSTITUTE             ,NJ,07083-5032,Proprietary  ,134,184,318,908,913,1821
00750601,LINCOLN TECHNICAL INSTITUTE             ,NJ,07430-0000,Proprietary  ,59,71,130,645,473,1118
00750700,GIBBS COLLEGE                           ,NJ,07039-1611,Proprietary  ,52,68,120,926,1217,2143
00750701,KATHARINE GIBBS - PISCATAWAY            ,NJ,08854-0000,Proprietary  ,14,31,45,309,388,697
00759300,PARISIAN BEAUTY ACADEMY                 ,NJ,07601-5509,Proprietary  ,16,25,41,115,124,239
00772900,COUNTY COLLEGE OF MORRIS                ,NJ,07869-0000,Public       ,92,76,168,2392,1185,3577
00773000,BURLINGTON COUNTY COLLEGE               ,NJ,08068-1599,Public       ,70,144,214,2647,2518,5165
00773100,RARITAN VALLEY COMMUNITY COLLEGE        ,NJ,08876-1265,Public       ,62,91,153,1463,1150,2613
00794700,BETH MEDRASH GOVOHA OF AMERICA          ,NJ,08701-0000,Private      ,56,275,331,319,1488,1807
00840400,BROOKDALE COMMUNITY COLLEGE             ,NJ,07738-1597,Public       ,208,244,452,4394,2978,7372
00844101,ANTHEM INSTITUTE                        ,NJ,08002-0000,Proprietary  ,1,7,8,10,25,35
00849400,HO HO KUS SCHL OF TRADE & TECH SCIENCES ,NJ,07513-1402,Proprietary  ,16,20,36,72,128,200
00860900,RABBINICAL COLLEGE OF AMERICA           ,NJ,07960-3600,Private      ,26,1,27,75,5,80
00907800,CAPRI INSTITUTE OF HAIR DESIGN          ,NJ,07011-2111,Proprietary  ,9,14,23,75,112,187
00934400,RAMAPO COLLEGE OF NEW JERSEY            ,NJ,07430-1680,Public       ,72,31,103,5312,790,6102
00934500,RICHARD STOCKTON COLLEGE OF NJ          ,NJ,08240-0195,Public       ,78,73,151,5873,2232,8105
00982804,EVEREST INSTITUTE - SOUTH PLAINFIELD    ,NJ,07080-1125,Proprietary  ,16,61,77,17,67,84
00999400,PASSAIC COUNTY COMMUNITY COLLEGE        ,NJ,07505-1179,Public       ,187,331,518,2573,3107,5680
01039400,UNIV OF MEDICINE & DENTISTRY OF NJ      ,NJ,07107-0000,Public       ,4,72,76,185,4021,4206
01062900,P B COSMETOLOGY EDUCATION CENTRE        ,NJ,08030-1750,Proprietary  ,16,14,30,126,79,205
01085100,ANTHEM INSTITUTE                        ,NJ,07054-3409,Proprietary  ,131,297,428,875,1470,2345
01085101,ANTHEM INSTITUTE                        ,NJ,07306-0000,Proprietary  ,2,3,5,48,48,96
01085102,ANTHEM INSTITUTE                        ,NJ,08902-0000,Proprietary  ,1,4,5,46,27,73
01090300,RIZZIERI INSTITUTE                      ,NJ,08043-4600,Proprietary  ,9,16,25,81,68,149
01152300,MORRIS COUNTY SCHOOL OF TECHNOLOGY      ,NJ,07834-0000,Public       ,3,3,6,26,40,66
01170800,NATURAL MOTION INST OF HAIR DESIGN      ,NJ,07306-5496,Proprietary  ,6,16,22,34,77,111
01198900,TALMUDICAL ACADEMY                      ,NJ,07710-0000,Private      ,4,1,5,37,7,44
01209000,REIGNBOW BEAUTY ACADEMY                 ,NJ,08861-4118,Proprietary  ,10,22,32,52,189,241
01234600,DOVER BUSINESS COLLEGE                  ,NJ,07011-2161,Proprietary  ,29,77,106,186,531,717
01234602,DOVER BUSINESS COLLEGE                  ,NJ,07801-4643,Proprietary  ,10,24,34,88,276,364
01246100,LINCOLN TECHNICAL INSTITUTE             ,NJ,08820-2896,Proprietary  ,42,102,144,361,470,831
01246102,LINCOLN TECHNICAL INSTITUTE             ,NJ,08054-0000,Proprietary  ,33,82,115,222,462,684
01246103,LINCOLN TECHNICAL INSTITUTE             ,NJ,07652-2106,Proprietary  ,43,103,146,357,532,889
01246200,HOHOKUS - HACKENSACK SCHOOL OF BUSINESS ,NJ,07601-7197,Proprietary  ,28,185,213,140,703,843
01295400,HUDSON COUNTY COMMUNITY COLLEGE         ,NJ,07306-4012,Public       ,242,353,595,3450,4373,7823
02053700,EASTWICK COLLEGE                        ,NJ,07446-0000,Proprietary  ,34,112,146,225,691,916
02061800,ROMAN ACADEMY OF BEAUTY CULTURE         ,NJ,07506-0000,Proprietary  ,7,16,23,32,46,78
02092300,HOHOKUS SCHOOL - RETS/NUTLEY            ,NJ,07110-0000,Proprietary  ,32,73,105,167,361,528
02103700,CAPRI INSTITUTE OF HAIR DESIGN          ,NJ,07652-0000,Proprietary  ,5,14,19,62,69,131
02104000,HARRIS SCHOOL OF BUSINESS               ,NJ,08002-2983,Proprietary  ,49,266,315,292,1350,1642
02131100,DU CRET SCHOOL OF THE ARTS              ,NJ,07060-0000,Private      ,0,2,2,13,10,23
02131600,PENNCO TECH                             ,NJ,08012-0000,Proprietary  ,66,132,198,380,618,998
02132300,BERDAN INSTITUTE                        ,NJ,07512-0000,Proprietary  ,34,97,131,227,421,648
02146800,JOE KUBERT SCH OF CARTOON & GRAPHIC     ,NJ,07801-0000,Proprietary  ,0,0,0,49,45,94
02149800,EMPIRE BEAUTY SCHOOL                    ,NJ,08021-0000,Proprietary  ,15,57,72,153,330,483
02149801,EMPIRE BEAUTY SCHOOL - BORDENTOWN       ,NJ,08505-1513,Proprietary  ,1,0,1,6,6,12
02154000,DIVERS ACAD OF EASTERN SEABOARD         ,NJ,08081-1139,Proprietary  ,9,21,30,71,104,175
02183600,CAPRI INSTITUTE OF HAIR DESIGN          ,NJ,07033-0000,Proprietary  ,6,17,23,56,90,146
02186703,HARRISON CAREER INSTITUTE               ,NJ,08096-0000,Proprietary  ,0,0,0,1,2,3
02186708,HARRISON CAREER INSTITUTE               ,NJ,07376-0000,Proprietary  ,0,0,0,0,1,1
02192200,THOMAS EDISON STATE COLLEGE             ,NJ,08608-0000,Public       ,23,354,377,211,3451,3662
02219600,OMEGA INSTITUTE                         ,NJ,08109-0000,Proprietary  ,4,19,23,48,134,182
02223700,NEW HORIZON INST OF COSMETOLOGY         ,NJ,07093-0000,Proprietary  ,6,34,40,20,108,128
02223900,DRAKE COLLEGE OF BUSINESS               ,NJ,07201-0000,Proprietary  ,50,316,366,192,1374,1566
02232500,UNION COUNTY VOCATIONAL TECH INST       ,NJ,07076-0000,Public       ,8,16,24,71,70,141
02234600,SHORE BEAUTY SCHOOL                     ,NJ,08232-0000,Proprietary  ,3,11,14,25,54,79
02246000,ROSS UNIVERSITY - MEDICAL SCHOOL        ,NJ,08837-0000,Proprietary  ,2,199,201,14,3734,3748
02248600,COOPER HEALTH SYS-CTR ALLIED HEALTH     ,NJ,08103-0000,Private      ,1,2,3,15,70,85
02252700,CONCORDE SCHOOL OF HAIR DESIGN          ,NJ,07712-0000,Proprietary  ,19,54,73,94,236,330
02261800,EUROPEAN ACADEMY OF COSMETOLOGY         ,NJ,07083-0000,Proprietary  ,15,42,57,49,140,189
02265500,CAPRI INSTITUTE OF HAIR DESIGN          ,NJ,08724-0000,Proprietary  ,14,12,26,73,79,152
02277900,ROSS UNIV - SCH OF VETERINARY MED       ,NJ,08837-0000,Proprietary  ,1,53,54,5,925,930
02291000,LINCOLN TECHNICAL INSTITUTE             ,NJ,07080-2424,Proprietary  ,12,19,31,115,84,199
02312000,BERGEN COUNTY TECHNICAL SCHOOLS         ,NJ,07601-6110,Public       ,3,14,17,32,63,95
02344200,EMPIRE BEAUTY SCHOOL                    ,NJ,08002-0000,Proprietary  ,24,27,51,116,194,310
02503900,WARREN COUNTY COMMUNITY COLLEGE         ,NJ,07882-0000,Public       ,8,24,32,451,403,854
02523700,OCEAN COUNTY VOCATIONAL-TECH SCHOOL     ,NJ,08753-0000,Public       ,1,9,10,95,157,252
02525900,ARTISTIC ACADEMY OF HAIR DESIGN         ,NJ,07950-1409,Proprietary  ,13,17,30,102,63,165
02528200,REIGNBOW BEAUTY ACADEMY                 ,NJ,07060-0000,Proprietary  ,8,13,21,31,75,106
02539903,STAR TECHNICAL INSTITUTE-EGG HARBOR     ,NJ,08234-0000,Proprietary  ,8,63,71,62,377,439
02558700,PRISM CAREER INSTITUTE                  ,NJ,08037-0000,Proprietary  ,34,146,180,138,682,820
02568800,SUSSEX COUNTY COMMUNITY COLLEGE         ,NJ,07860-1149,Public       ,66,71,137,1116,661,1777
02586800,HARRISON CAREER INSTITUTE               ,NJ,08360-6210,Proprietary  ,0,0,0,0,4,4
02586801,HARRISON CAREER INSTITUTE               ,NJ,07755-0000,Proprietary  ,0,0,0,1,0,1
02586900,HARRIS SCHOOL OF BUSINESS               ,NJ,08084-1520,Proprietary  ,6,47,53,47,230,277
02586901,STAR TECHNICAL INSTITUTE - LAKEWOOD     ,NJ,08701-0000,Proprietary  ,8,61,69,62,361,423
02615401,STAR TECHNICAL INSTITUTE -              ,NJ,07102-4599,Proprietary  ,16,103,119,67,497,564
02616402,SANFORD-BROWN INSTITUTE - ISELIN        ,NJ,08830-0000,Proprietary  ,48,172,220,374,1035,1409
03077500,RABBI JACOB JOSEPH SCHOOL               ,NJ,08817-4494,Private      ,5,0,5,15,0,15
03122600,EASTERN INTERNATIONAL COLLEGE           ,NJ,07306-3906,Proprietary  ,35,103,138,149,332,481
03187300,STENOTECH CAREER INSTITUTE              ,NJ,07004-3490,Proprietary  ,7,4,11,29,58,87
03197300,INSTITUTE FOR HEALTH EDUCATION(THE)     ,NJ,07306-2929,Proprietary  ,0,25,25,2,67,69
03324300,CENTRAL CAREER SCHOOL                   ,NJ,07080-2408,Proprietary  ,2,16,18,5,52,57
03389300,ACADEMY OF MASSAGE THERAPY              ,NJ,07631-0000,Proprietary  ,2,32,34,19,95,114
03424500,NEW COMMUNITY WORKFORCE DEVELOPMENT     ,NJ,07103-2402,Private      ,3,14,17,30,397,427
03530300,"KEY SKILLS LEARNING, INC.               ",NJ,07013-1900,Proprietary  ,1,6,7,3,26,29
03536300,INSTITUTE FOR THERAPEUTIC MASSAGE       ,NJ,07420-1452,Proprietary  ,6,25,31,35,145,180
03574400,CORTIVA INSTITUTE - SOMERSET SCHOOL OF M,NJ,08854-3908,Proprietary  ,9,31,40,39,106,145
03625300,PERFORMANCE TRAINING INSTITUTE          ,NJ,08753-0000,Proprietary  ,0,0,0,3,3,6
03629300,HELMA INSTITUTE OF MASSAGE THERAPY      ,NJ,07663-6200,Proprietary  ,0,5,5,31,111,142
03637300,METRO AUTO ELECTRONICS TRAINING INSTITUT,NJ,07033-1798,Proprietary  ,14,9,23,37,46,83
03650600,PC AGE                                  ,NJ,07306-3936,Proprietary  ,2,13,15,10,52,62
03650603,PC AGE                                  ,NJ,08817-2842,Proprietary  ,0,13,13,10,55,65
03666300,SOMERSET CHRISTIAN COLLEGE              ,NJ,08890-9035,Private      ,4,4,8,32,98,130
03769300,PC TECH LEARNING CENTER                 ,NJ,07306-9900,Proprietary  ,8,33,41,34,224,258
03803300,HEALTHCARE TRAINING INSTITUTE           ,NJ,07083-3504,Proprietary  ,5,34,39,34,141,175
03811300,EASTERN SCHOOL OF ACUPUNCTURE AND TRADIT,NJ,07042-3562,Proprietary  ,0,5,5,2,43,45
04081300,BAIS MEDRASH TORAS CHESED               ,NJ,08701-0000,Private      ,7,1,8,23,4,27
04125000,GENTLE HEALING SCHOOL OF MASSAGE        ,NJ,08512-3600,Proprietary  ,1,3,4,1,3,4
        ,BROOKLYN LAW SCHOOL                     ,NY,11201-0000,Private      ,2,18,20,23,2904,2927
00266500,VAUGHN COLLEGE OF AERONAUTICS AND TECHNO,NY,11369-9997,Private      ,30,42,72,737,501,1238
00266600,ADELPHI UNIVERSITY                      ,NY,11530-4299,Private      ,101,224,325,5827,4349,10176
00266700,DOWLING COLLEGE                         ,NY,11769-1999,Private      ,47,137,184,2211,2198,4409
00266800,ALFRED UNIVERSITY                       ,NY,14802-1205,Private      ,22,25,47,2789,552,3341
00266900,BANK STREET COLLEGE OF EDUCATION        ,NY,10025-0000,Private      ,0,18,18,4,776,780
00267100,BARD COLLEGE                            ,NY,12504-5000,Private      ,19,4,23,2269,478,2747
00267800,BRYANT & STRATTON COLLEGE               ,NY,14203-1713,Proprietary  ,129,643,772,1454,5584,7038
00267803,BRYANT & STRATTON COLLEGE - GREECE      ,NY,14606-4227,Proprietary  ,20,106,126,271,1032,1303
00267805,BRYANT & STRATTON COLLEGE - SYRACUSE    ,NY,13203-2502,Proprietary  ,41,176,217,640,1644,2284
00267807,BRYANT & STRATTON COLLEGE - ALBANY      ,NY,12205-5230,Proprietary  ,16,87,103,245,721,966
00268100,CANISIUS COLLEGE                        ,NY,14208-1098,Private      ,26,58,84,4281,1372,5653
00268300,SEMINARY OF THE IMMACULATE CONCEPT      ,NY,11743-0000,Private      ,0,0,0,1,1,2
00268500,CAZENOVIA COLLEGE                       ,NY,13035-1085,Private      ,14,0,14,1601,137,1738
00268700,CUNY-BROOKLYN COLLEGE                   ,NY,11210-2814,Public       ,256,326,582,10626,7415,18041
00268800,CITY COLLEGE-CUNY                       ,NY,10031-9198,Public       ,242,270,512,10787,5896,16683
00268900,CUNY-HUNTER COLLEGE                     ,NY,10021-0000,Public       ,337,310,647,16338,9655,25993
00269000,QUEENS COLLEGE-CUNY                     ,NY,11367-1597,Public       ,339,340,679,10105,5862,15967
00269100,CUNY- BOROUGH OF MANHATTAN CMTY CLG     ,NY,10007-1047,Public       ,890,753,1643,12452,9877,22329
00269200,CUNY BRONX COMMUNITY COLLEGE            ,NY,10453-3102,Public       ,437,443,880,6350,6254,12604
00269300,CUNY-JOHN JAY CLG CRIMINAL JUSTICE      ,NY,10019-1093,Public       ,279,241,520,10653,5190,15843
00269400,KINGSBOROUGH COMMUNITY COLLEGE          ,NY,11235-2398,Public       ,625,462,1087,7322,4569,11891
00269600,NY CITY COLLEGE OF TECHNOLOGY-CUNY      ,NY,11201-2983,Public       ,391,343,734,9637,5827,15464
00269700,QUEENSBOROUGH COMMUNITY COLLEGE         ,NY,11364-1497,Public       ,534,298,832,6665,3504,10169
00269800,CUNY THE COLLEGE OF STATEN ISLAND       ,NY,10314-6600,Public       ,236,132,368,7678,3548,11226
00269900,CLARKSON UNIVERSITY                     ,NY,13699-5615,Private      ,18,2,20,3536,232,3768
00270000,COLGATE ROCHESTER CROZER DIVINITY S     ,NY,14620-0000,Private      ,0,3,3,4,94,98
00270100,COLGATE UNIVERSITY                      ,NY,13346-1386,Private      ,40,1,41,3559,44,3603
00270300,COLLEGE OF MOUNT SAINT VINCENT          ,NY,10471-1093,Private      ,26,14,40,1910,260,2170
00270400,COLLEGE OF NEW ROCHELLE                 ,NY,10805-2339,Private      ,40,502,542,1223,6059,7282
00270500,COLLEGE OF SAINT ROSE                   ,NY,12203-1490,Private      ,28,85,113,3963,2046,6009
00270700,COLUMBIA UNIVERSITY                     ,NY,10027-0000,Private      ,43,115,158,3561,3010,6571
00270701,COLUMBIA UNIV ARCHITECTURE              ,NY,10027-0000,Private      ,0,7,7,28,668,696
00270702,COLUMBIA UNIV SCHOOL OF THE ARTS        ,NY,10027-0000,Private      ,0,7,7,59,937,996
00270703,COLUMBIA UNIV BUSINESS GRAD             ,NY,10027-0000,Private      ,2,16,18,17,1432,1449
00270704,COLUMBIA UNIV SCHOOL ENGIN-UNDERGRA     ,NY,10027-0000,Private      ,4,2,6,1568,37,1605
00270705,COLUMBIA UNIV SCHOOL GENERAL STUDIE     ,NY,10027-0000,Private      ,10,25,35,325,972,1297
00270706,COLUMBIA UNIV GRAD SCHL ARTS & SCI      ,NY,10027-0000,Private      ,2,83,85,14,1383,1397
00270707,COLUMBIA UNIV SCH INTL PUB AFFAIRS      ,NY,10027-0000,Private      ,0,34,34,10,1244,1254
00270708,COLUMBIA UNIV JOURNALISM GRAD           ,NY,10027-0000,Private      ,0,5,5,12,459,471
00270710,COLUMBIA UNIV COLUMBIA COLLEGE          ,NY,10027-0000,Private      ,38,5,43,6379,178,6557
00270711,COLUMBIA UNIV SCHOOL OF LAW             ,NY,10027-0000,Private      ,2,7,9,19,3007,3026
00270712,COLUMBIA UNIV SOCIAL WORK               ,NY,10025-0000,Private      ,0,10,10,9,871,880
00270713,COLUMBIA UNIV SCHL DENT & ORAL SURG     ,NY,10032-0000,Private      ,0,4,4,4,343,347
00270714,COLUMBIA UNIV INST HUMAN NUTRITION      ,NY,10032-0000,Private      ,0,1,1,0,63,63
00270715,COLUMBIA UNIV NURSING                   ,NY,10032-0000,Private      ,0,20,20,63,639,702
00270716,COLUMBIA UNIV COLL PHYS & SURGEONS      ,NY,10032-0000,Private      ,0,0,0,11,897,908
00270717,COLUMBIA UNIV PHYSICAL THERAPY          ,NY,10032-0000,Private      ,1,2,3,2,118,120
00270718,COLUMBIA UNIV OCCUPATIONAL THERAPY      ,NY,10032-0000,Private      ,1,2,3,2,92,94
00270719,COLUMBIA UNIV PUBLIC HEALTH             ,NY,10032-0000,Private      ,0,8,8,5,852,857
00270720,COLUMBIA UNIV - ENGINEERING (GRAD)      ,NY,10027-0000,Private      ,1,11,12,30,294,324
00270721,COLUMBIA UNIV-CONT ED & SP PROGMS       ,NY,10027-0000,Private      ,1,26,27,10,219,229
00270800,BARNARD COLLEGE-COLUMBIA UNIV           ,NY,10027-6598,Private      ,24,6,30,3303,82,3385
00270900,CONCORDIA COLLEGE                       ,NY,10708-1998,Private      ,7,9,16,764,150,914
00271000,COOPER UNION                            ,NY,10003-7120,Private      ,13,4,17,1157,115,1272
00271100,CORNELL UNIVERSITY                      ,NY,14853-2801,Private      ,152,79,231,19416,4551,23967
00271101,WEILL CORNELL MEDICAL COLLEGE AND GRADUA,NY,10021-0000,Private      ,1,10,11,32,731,763
00271200,D'YOUVILLE COLLEGE                      ,NY,14201-1084,Private      ,12,49,61,1440,1337,2777
00271300,DOMINICAN COLLEGE                       ,NY,10962-1299,Private      ,19,41,60,1539,690,2229
00271800,ELMIRA COLLEGE                          ,NY,14901-2099,Private      ,8,12,20,1746,518,2264
00272200,FORDHAM UNIVERSITY                      ,NY,10458-5157,Private      ,150,156,306,15578,7581,23159
00272206,MARYMOUNT COLLEGE                       ,NY,10591-3796,Private      ,0,0,0,6,1,7
00272600,GENERAL THEOLOGICAL SEMINARY            ,NY,10011-0000,Private      ,0,1,1,0,108,108
00272800,HAMILTON COLLEGE                        ,NY,13323-1218,Private      ,9,1,10,2347,21,2368
00272900,HARTWICK COLLEGE                        ,NY,13820-4020,Private      ,17,0,17,2287,79,2366
00273100,HOBART & WILLIAM SMITH COLLEGES         ,NY,14456-3397,Private      ,17,0,17,2666,52,2718
00273200,HOFSTRA UNIVERSITY                      ,NY,11549-1010,Private      ,196,179,375,12965,5362,18327
00273400,HOUGHTON COLLEGE                        ,NY,14744-0128,Private      ,4,31,35,1551,294,1845
00273500,HILBERT COLLEGE                         ,NY,14075-1597,Private      ,14,7,21,924,329,1253
00273700,IONA COLLEGE                            ,NY,10801-1890,Private      ,54,56,110,5591,1026,6617
00273900,ITHACA COLLEGE                          ,NY,14850-7130,Private      ,80,4,84,10543,646,11189
00274000,JEWISH THEOLOGICAL SEMINARY OF AMER     ,NY,10027-4649,Private      ,1,2,3,116,181,297
00274200,THE JUILLIARD SCHOOL                    ,NY,10023-6588,Private      ,5,2,7,995,546,1541
00274400,KEUKA COLLEGE                           ,NY,14478-0000,Private      ,7,70,77,1244,872,2116
00274800,LEMOYNE COLLEGE                         ,NY,13214-1399,Private      ,33,32,65,3650,973,4623
00274900,NEW YORK COLLEGE OF PODIATRIC MED       ,NY,10035-0000,Private      ,1,1,2,39,385,424
00275100,LONG ISLAND UNIVERSITY                  ,NY,11548-1326,Private      ,207,625,832,8714,7634,16348
00275101,LONG ISLAND UNIVERSITY - BRENTWOOD CAMPU,NY,11717-5326,Private      ,0,16,16,28,359,387
00275102,LONG ISLAND UNIVERSITY - ROCKLAND CAMPUS,NY,10962-0000,Private      ,0,10,10,1,138,139
00275104,LONG ISLAND UNIVERSITY - NEW YORK UNIVER,NY,10011-0000,Private      ,3,4,7,67,69,136
00275105,LONG ISLAND UNIVERSITY - WEST POINT CAMP,NY,10966-0000,Private      ,1,2,3,15,19,34
00275106,LONG ISLAND UNIVERSITY - JEWISH BOARD OF,NY,10019-0000,Private      ,0,1,1,4,6,10
00275107,LONG ISLAND UNIVERSITY - QUEENS DISTRICT,NY,11364-0000,Private      ,1,0,1,8,20,28
00275108,LONG ISLAND UNIVERSITY - FREEPORT PUBLIC,NY,11520-3144,Private      ,0,0,0,4,1,5
00275109,LONG ISLAND UNIVERSITY - LOCUST VALLEY H,NY,11560-1105,Private      ,0,0,0,0,3,3
00275110,LONG ISLAND UNIVERSITY - WESTBURY SENIOR,NY,11568-1619,Private      ,1,6,7,67,72,139
00275111,LONG ISLAND UNIVERSITY - BABYLON SENIOR ,NY,11702-2222,Private      ,0,0,0,1,4,5
00275112,LONG ISLAND UNIVERSITY - HARBORFIELDS HI,NY,11740-1432,Private      ,0,0,0,2,0,2
00275113,LONG ISLAND UNIVERSITY - SOUTH SIDE HIGH,NY,11570-2248,Private      ,0,0,0,0,1,1
00275114,LONG ISLAND UNIVERSITY - SACHEM HIGH SCH,NY,11779-2231,Private      ,0,0,0,4,3,7
00275115,LONG ISLAND UNIVERSITY - SOUTHAMPTON COL,NY,11968-4198,Private      ,7,6,13,484,233,717
00275116,LONG ISLAND UNIVERSITY - BROOKLYN       ,NY,11201-8423,Private      ,15,31,46,2037,1191,3228
00275800,MANHATTAN COLLEGE                       ,NY,10471-4098,Private      ,40,17,57,4449,357,4806
00275900,MANHATTAN SCHOOL OF MUSIC               ,NY,10027-4698,Private      ,4,2,6,584,586,1170
00276000,MANHATTANVILLE COLLEGE                  ,NY,10577-2132,Private      ,23,76,99,2363,917,3280
00276300,MARIA COLLEGE                           ,NY,12208-1798,Private      ,11,19,30,160,669,829
00276500,MARIST COLLEGE                          ,NY,12601-1387,Private      ,70,48,118,7189,947,8136
00276900,MARYMOUNT MANHATTAN COLLEGE             ,NY,10021-4597,Private      ,33,8,41,2422,249,2671
00277200,MERCY COLLEGE                           ,NY,10522-1189,Private      ,148,466,614,2524,6491,9015
00277500,MOLLOY COLLEGE                          ,NY,11570-1100,Private      ,29,44,73,2175,1611,3786
00277700,MEDAILLE COLLEGE                        ,NY,14214-2695,Private      ,25,94,119,1335,1391,2726
00277800,MOUNT SAINT MARY COLLEGE                ,NY,12550-3494,Private      ,42,44,86,2024,996,3020
00277900,NAZARETH COLLEGE OF ROCHESTER           ,NY,14618-3790,Private      ,15,17,32,2746,1423,4169
00278200,NEW YORK INSTITUTE OF TECHNOLOGY        ,NY,11568-8000,Private      ,106,495,601,4348,4147,8495
00278202,NY INSTITUTE OF TECHNOLOGY-OSTEOPATHIC M,NY,11568-0000,Private      ,0,4,4,6,1108,1114
00278300,NEW YORK LAW SCHOOL                     ,NY,10013-0000,Private      ,2,12,14,24,2774,2798
00278400,NEW YORK MEDICAL COLLEGE                ,NY,10595-0000,Private      ,0,18,18,4,1658,1662
00278500,NEW YORK UNIVERSITY                     ,NY,10012-1091,Private      ,257,472,729,27604,22252,49856
00278800,NIAGARA UNIVERSITY                      ,NY,14109-2010,Private      ,31,30,61,3687,755,4442
00279000,NYACK COLLEGE                           ,NY,10960-3698,Private      ,36,219,255,1304,2182,3486
00279100,PACE UNIVERSITY - NEW YORK              ,NY,10038-1598,Private      ,101,114,215,5856,2586,8442
00279101,PACE UNIVERSITY-PLEASANTVILLE           ,NY,10570-0000,Private      ,47,45,92,2703,826,3529
00279102,PACE UNIVERSITY - WHITE PLAINS          ,NY,10603-0000,Private      ,2,43,45,194,1812,2006
00279500,PAUL SMITHS CLG OF ARTS & SCIENCES      ,NY,12970-0000,Private      ,9,2,11,1157,127,1284
00279600,POLYTECHNIC INTSTITUTE OF NEW YORK UNIV ,NY,11201-3840,Private      ,33,43,76,1628,629,2257
00279800,PRATT INSTITUTE                         ,NY,11205-3899,Private      ,53,44,97,3900,2252,6152
00280300,RENSSELAER POLYTECHNIC INSTITUTE        ,NY,12180-3590,Private      ,54,19,73,8028,576,8604
00280500,ROBERTS WESLEYAN COLLEGE                ,NY,14624-1997,Private      ,7,76,83,1482,1103,2585
00280600,ROCHESTER INSTITUTE OF TECHNOLOGY       ,NY,14623-5608,Private      ,115,85,200,12158,2731,14889
00280700,ROCKEFELLER UNIVERSITY                  ,NY,10021-0000,Private      ,0,3,3,5,14,19
00280800,DAEMEN COLLEGE                          ,NY,14226-3592,Private      ,23,51,74,1813,811,2624
00281000,THE SAGE COLLEGES                       ,NY,12180-4199,Private      ,9,41,50,1311,1474,2785
00281200,TROCAIRE COLLEGE                        ,NY,14220-2094,Private      ,11,33,44,480,1130,1610
00281300,SARAH LAWRENCE COLLEGE                  ,NY,10708-5999,Private      ,12,6,18,1982,563,2545
00281400,SKIDMORE COLLEGE                        ,NY,12866-1632,Private      ,25,3,28,3388,122,3510
00281401,SKIDMORE COLL-UNIV WITHOUT WALLS        ,NY,12866-0000,Private      ,0,2,2,30,51,81
00281500,ST BERNARDS SCH THEOLOGY & MINISTRY     ,NY,14618-3822,Private      ,0,3,3,1,36,37
00281600,SIENA COLLEGE                           ,NY,12211-1462,Private      ,37,9,46,4500,196,4696
00281700,ST BONAVENTURE UNIVERSITY               ,NY,14778-2284,Private      ,19,15,34,2224,521,2745
00282000,ST FRANCIS COLLEGE                      ,NY,11201-4398,Private      ,49,28,77,1931,455,2386
00282100,ST JOHN FISHER COLLEGE                  ,NY,14618-3597,Private      ,35,44,79,4066,1464,5530
00282200,CHRIST THE KING SEMINARY                ,NY,14052-0607,Private      ,0,0,0,0,3,3
00282300,ST JOHN'S UNIVERSITY                    ,NY,11439-1343,Private      ,255,127,382,16777,5302,22079
00282500,ST JOSEPH'S COLLEGE                     ,NY,11205-3688,Private      ,16,67,83,927,637,1564
00282501,ST JOSEPH'S COLLEGE-SUFFOLK CAMPUS      ,NY,11772-0000,Private      ,43,61,104,2759,1183,3942
00282600,ST JOSEPH'S SEMINARY                    ,NY,10704-0000,Private      ,0,0,0,1,2,3
00282900,ST LAWRENCE UNIVERSITY                  ,NY,13617-1455,Private      ,10,3,13,2561,108,2669
00283200,ST THOMAS AQUINAS COLLEGE               ,NY,10976-1050,Private      ,26,8,34,1640,293,1933
00283300,ST VLADIMIR ORTHODOX THEOL SEM          ,NY,10707-0000,Private      ,0,0,0,0,62,62
00283400,EXCELSIOR COLLEGE                       ,NY,12203-5159,Private      ,8,490,498,28,1289,1317
00283500,SUNY AT ALBANY                          ,NY,12222-0001,Public       ,270,132,402,16525,4893,21418
00283600,BINGHAMTON UNIVERSITY (SUNY)            ,NY,13902-6000,Public       ,213,60,273,17365,2495,19860
00283700,SUNY AT BUFFALO                         ,NY,14260-0001,Public       ,238,150,388,18909,9244,28153
00283800,SUNY AT STONY BROOK                     ,NY,11794-0001,Public       ,317,192,509,17988,6268,24256
00283900,SUNY-DOWNSTATE MEDICAL CENTER           ,NY,11203-2098,Public       ,2,23,25,116,1721,1837
00284000,SUNY UPSTATE MEDICAL UNIVERSITY         ,NY,13210-2375,Public       ,3,12,15,146,1133,1279
00284100,SUNY BROCKPORT - FIN AID OFF            ,NY,14420-2914,Public       ,85,68,153,7886,2557,10443
00284200,BUFFALO STATE COLLEGE - SUNY            ,NY,14222-1095,Public       ,204,189,393,9488,4545,14033
00284300,SUNY COLLEGE-CORTLAND                   ,NY,13045-0900,Public       ,83,36,119,9074,1551,10625
00284400,SUNY AT FREDONIA                        ,NY,14063-1145,Public       ,63,31,94,6337,899,7236
00284500,SUNY GENESEO                            ,NY,14454-1401,Public       ,59,4,63,7853,544,8397
00284600,SUNY COLLEGE-NEW PALTZ                  ,NY,12561-2499,Public       ,109,61,170,8117,1948,10065
00284700,SUNY COLLEGE-ONEONTA                    ,NY,13820-4015,Public       ,95,15,110,8730,716,9446
00284800,SUNY OSWEGO                             ,NY,13126-3599,Public       ,106,61,167,8575,2003,10578
00284900,SUNY COLLEGE AT PLATTSBURGH             ,NY,12901-2681,Public       ,78,55,133,5922,1409,7331
00285000,SUNY COLLEGE-POTSDAM                    ,NY,13676-2294,Public       ,47,35,82,4130,999,5129
00285100,SUNY COLLEGE OF ENVIRONMENT SCIENCE AND ,NY,13210-2778,Public       ,14,8,22,1593,465,2058
00285300,SUNY MARITIME COLLEGE                   ,NY,10465-4198,Public       ,16,5,21,1073,242,1315
00285400,SUNY COLLEGE OF TECHNOLOGY-ALFRED       ,NY,14802-9951,Public       ,35,24,59,3269,717,3986
00285500,SUNY CANTON COLG OF TECHNOLOGY          ,NY,13617-1098,Public       ,43,41,84,2322,981,3303
00285600,SUNY AG & TECH COLLEGE-COBLESKILL       ,NY,12043-9986,Public       ,53,20,73,2791,403,3194
00285700,SUNY DELHI                              ,NY,13753-1190,Public       ,49,32,81,2987,496,3483
00285800,SUNY FARMINGDALE                        ,NY,11735-1021,Public       ,104,88,192,4146,1511,5657
00285900,SUNY COLLEGE OF AG & TECH AT MORRISVILLE,NY,13408-0901,Public       ,56,45,101,3096,886,3982
00286000,ADIRONDACK COMMUNITY COLLEGE            ,NY,12804-2004,Public       ,71,85,156,1595,1224,2819
00286100,CAYUGA COMMUNITY COLLEGE                ,NY,13021-3099,Public       ,59,93,152,1622,1522,3144
00286200,BROOME COMMUNITY COLLEGE                ,NY,13902-0000,Public       ,115,124,239,3196,2247,5443
00286300,CORNING COMMUNITY COLLEGE               ,NY,14830-3297,Public       ,91,111,202,1772,1730,3502
00286400,DUTCHESS COMMUNITY COLLEGE              ,NY,12601-1595,Public       ,143,121,264,2437,1491,3928
00286600,FASHION INSTITUTE OF TECHNOLOGY         ,NY,10001-5992,Public       ,86,74,160,6049,2191,8240
00286700,SUNY FULTON MONTGOMERY COMM CLG         ,NY,12095-3790,Public       ,47,53,100,1065,774,1839
00286800,HUDSON VALLEY COMMUNITY COLLEGE         ,NY,12180-6096,Public       ,195,130,325,5653,3226,8879
00286900,JAMESTOWN COMMUNITY COLLEGE             ,NY,14702-0020,Public       ,74,79,153,2041,1574,3615
00287000,JEFFERSON COMMUNITY COLLEGE             ,NY,13601-1897,Public       ,47,132,179,1308,1621,2929
00287100,"SUNY, MOHAWK VALLEY COMMUNITY CLG       ",NY,13501-5394,Public       ,128,119,247,3443,2085,5528
00287200,MONROE COMMUNITY COLLEGE                ,NY,14623-5780,Public       ,400,526,926,8327,6927,15254
00287300,NASSAU COMMUNITY COLLEGE                ,NY,11530-6793,Public       ,538,353,891,8953,4377,13330
00287400,NIAGARA COUNTY COMMUNITY COLLEGE        ,NY,14132-9460,Public       ,59,81,140,3007,2741,5748
00287500,ONONDAGA COMMUNITY COLLEGE              ,NY,13215-4585,Public       ,188,192,380,4650,2997,7647
00287600,ORANGE COUNTY COMMUNITY COLLEGE         ,NY,10940-6441,Public       ,85,79,164,2301,1669,3970
00287700,ROCKLAND COMMUNITY COLLEGE              ,NY,10901-3611,Public       ,163,142,305,1808,1326,3134
00287800,SUFFOLK COMMUNITY COLLEGE               ,NY,11784-2899,Public       ,253,160,413,5053,2448,7501
00287801,SUFFOLK COMMUNITY CLG-W. CAMPUS         ,NY,11717-0000,Public       ,143,105,248,2536,1919,4455
00287803,SUFFOLK COMMUNITY CLG-EASTRN CAMPUS     ,NY,11901-0000,Public       ,68,51,119,896,665,1561
00287900,SULLIVAN COUNTY COMMUNITY COLLEGE       ,NY,12759-5151,Public       ,51,37,88,1163,539,1702
00288000,ULSTER COUNTY COMMUNITY COLLEGE         ,NY,12484-0557,Public       ,40,60,100,1089,763,1852
00288100,SUNY WESTCHESTER COMMUNITY COLLEGE      ,NY,10595-1698,Public       ,191,154,345,3632,2895,6527
00288200,SYRACUSE UNIVERSITY                     ,NY,13244-2130,Private      ,145,176,321,16671,5107,21778
00288300,UTICA COLLEGE OF SYRACUSE UNIV          ,NY,13502-4892,Private      ,32,47,79,2762,1193,3955
00288500,ALBANY COLLEGE OF PHARMACY AND HEALTH SC,NY,12208-3492,Private      ,7,2,9,1365,592,1957
00288600,ALBANY LAW SCHOOL                       ,NY,12208-0000,Private      ,1,4,5,16,1316,1332
00288700,ALBANY MEDICAL COLLEGE                  ,NY,12208-0000,Private      ,1,6,7,19,915,934
00288900,UNION COLLEGE                           ,NY,12308-2311,Private      ,22,1,23,2533,95,2628
00289000,UNION THEOLOGICAL SEMINARY              ,NY,10027-0000,Private      ,0,1,1,2,298,300
00289200,UNITED STATES MERCHANT MARINE ACADEMY   ,NY,11024-1699,Public       ,1,0,1,325,21,346
00289400,UNIVERSITY OF ROCHESTER                 ,NY,14627-9000,Private      ,44,34,78,6622,1372,7994
00289401,EASTMAN SCH OF MUSIC/UNIV ROCHESTER     ,NY,14604-0000,Private      ,5,3,8,739,364,1103
00289402,UNIV OF ROCHESTER SCHL OF MEDICINE      ,NY,14642-0000,Private      ,0,9,9,29,725,754
00289500,VASSAR COLLEGE                          ,NY,12604-0008,Private      ,13,1,14,3393,69,3462
00289600,VILLA MARIA COLLEGE-BUFFALO             ,NY,14225-3999,Private      ,18,19,37,356,247,603
00289900,WAGNER COLLEGE                          ,NY,10301-4495,Private      ,45,17,62,2506,280,2786
00290000,WEBB INSTITUTE                          ,NY,11542-1398,Private      ,0,0,0,55,2,57
00290100,WELLS COLLEGE                           ,NY,13026-0500,Private      ,11,1,12,842,75,917
00290300,YESHIVA UNIVERSITY                      ,NY,10033-3201,Private      ,31,33,64,1824,2671,4495
00290302,YESHIVA UNIVERSITY - BRONX CAMPUS       ,NY,10461-1975,Private      ,0,24,24,13,1080,1093
00397400,MESIVTHA TIFERETH JERUSALEM OF AMER     ,NY,10002-6382,Private      ,3,1,4,29,2,31
00397600,RABBINICAL ACAD MESIVTA RABBI CHAIM     ,NY,11230-4715,Private      ,5,0,5,9,0,9
00397700,RABBINICAL COLLEGE CH'SAN SOFER         ,NY,11204-1252,Private      ,1,16,17,17,25,42
00397800,RABBINICAL SEMINARY OF AMERICA          ,NY,11375-0000,Private      ,7,8,15,21,33,54
00397900,COLUMBIA UNIV TEACHERS COLLEGE          ,NY,10027-0000,Private      ,0,134,134,22,3670,3692
00405400,HEBREW UNION COL-JEWISH INST OF REL     ,NY,10012-0000,Private      ,0,0,0,0,86,86
00455301,ITT TECHNICAL INSTITUTE                 ,NY,12205-0000,Proprietary  ,31,65,96,208,388,596
00475900,"CUNY, YORK COLLEGE                      ",NY,11451-0001,Public       ,164,166,330,4663,3116,7779
00476500,CUNY GRADUATE SCH & UNIV CTR            ,NY,10016-4309,Public       ,5,75,80,43,2075,2118
00477600,CENTRAL YESHIVA TOMCHEI TMIMIM LUBA     ,NY,11230-2798,Private      ,138,13,151,278,67,345
00478800,HERKIMER COUNTY COMMUNITY COLLEGE       ,NY,13350-1598,Public       ,65,68,133,2027,964,2991
00479800,MIRRER YESHIVA CENTRAL INST             ,NY,11223-2010,Private      ,21,1,22,93,52,145
00479900,MONROE COLLEGE                          ,NY,10468-4305,Proprietary  ,208,518,726,3252,6101,9353
00481100,EVEREST INSTITUTE                       ,NY,14621-3007,Proprietary  ,55,206,261,507,2604,3111
00506401,ST JAMES MERCY HOSP SCH OF RAD          ,NY,14843-2197,Private      ,0,0,0,16,14,30
00506600,FAXTON ST. LUKE'S SCHOOL OF RADIOGRAPHY ,NY,13502-4856,Private      ,0,0,0,21,10,31
00520800,THE COLLEGE OF WESTCHESTER              ,NY,10602-0000,Proprietary  ,43,84,127,806,678,1484
00587700,ROBERT J HOCHSTIM SCHOOL OF RADIOG      ,NY,11572-1151,Private      ,0,0,0,0,9,9
00643501,ARNOT OGDEN MEDICAL CENTER              ,NY,14905-1676,Private      ,0,0,0,23,38,61
00643800,PHILLIPS BETH ISRAEL SCH OF NURSING     ,NY,10001-6354,Private      ,0,2,2,75,273,348
00644300,COCHRAN SCH NSG-ST JOHN RVSDE HOSP      ,NY,10701-1399,Private      ,2,8,10,74,401,475
00644500,CROUSE HOSP SCH OF NURSING              ,NY,13210-1690,Private      ,3,4,7,117,245,362
00644800,ELLIS HOSPITAL SCHOOL OF NURSING        ,NY,12308-0000,Private      ,1,3,4,23,108,131
00646101,ST ELIZABETH COLLEGE OF NURSING         ,NY,13501-2998,Private      ,1,2,3,88,138,226
00646102,ST ELIZABETH SCH OF RADIOGRAPHY         ,NY,13501-0000,Private      ,0,0,0,9,13,22
00646700,SAINT JOSEPH'S COLLEGE OF NURSING       ,NY,13203-1806,Private      ,2,6,8,160,226,386
00678200,GENESEE COMMUNITY COLLEGE               ,NY,14020-9704,Public       ,81,125,206,2427,1904,4331
00678500,SCHENECTADY COUNTY COMMUNITY CLG        ,NY,12305-2294,Public       ,86,96,182,1636,1474,3110
00678700,CLINTON COMMUNITY COLLEGE               ,NY,12901-5690,Public       ,44,35,79,1044,626,1670
00678800,TOMPKINS CORTLAND COMMUNITY COLLEGE     ,NY,13053-8504,Public       ,77,77,154,2075,1190,3265
00678900,COLUMBIA-GREENE COMMUNITY COLLEGE       ,NY,12534-9543,Public       ,47,50,97,873,585,1458
00679100,SUNY AT PURCHASE                        ,NY,10577-1400,Public       ,77,26,103,5453,901,6354
00702200,CUNY-LEHMAN COLLEGE                     ,NY,10468-1589,Public       ,230,292,522,7714,6326,14040
00702600,"MT SINAI SCH OF MEDICINE, NY UNIV       ",NY,10029-0000,Private      ,0,9,9,6,904,910
00710900,SUNY COLLEGE-OLD WESTBURY               ,NY,11568-0210,Public       ,76,57,133,3752,1314,5066
00711100,NORTH COUNTRY COMMUNITY COLLEGE         ,NY,12983-2046,Public       ,35,28,63,723,583,1306
00726400,MESIFTA TORAH VODAATH RABBINCAL SEM     ,NY,11218-5209,Private      ,29,11,40,50,59,109
00727300,CUNY-BERNARD BARUCH COLLEGE             ,NY,10010-5518,Public       ,256,194,450,11768,5714,17482
00730400,CULINARY INSTITUTE OF AMERICA           ,NY,12538-1499,Private      ,151,114,265,2674,1228,3902
00737200,AUSTIN'S SCHOOL OF SPA TECHNOLOGY       ,NY,12206-1513,Proprietary  ,25,66,91,86,204,290
00737500,ISLAND DRAFTING & TECHNICAL INST        ,NY,11701-2704,Proprietary  ,4,12,16,81,88,169
00738700,LONG ISLAND BEAUTY SCHOOL               ,NY,11788-4346,Proprietary  ,11,24,35,85,130,215
00738800,LONG ISLAND BEAUTY SCHOOL               ,NY,11550-3704,Proprietary  ,8,16,24,49,138,187
00739100,BEAUTY SCHOOL OF MIDDLETOWN             ,NY,10940-6574,Proprietary  ,3,23,26,44,99,143
00739400,BERKELEY COLLEGE                        ,NY,10017-0000,Proprietary  ,85,160,245,2032,1758,3790
00739402,BERKELEY COLLEGE-WESTCHESTER CAMPUS     ,NY,10601-1533,Proprietary  ,25,21,46,750,299,1049
00739800,KATHARINE GIBBS SCHOOL                  ,NY,10018-2602,Proprietary  ,80,133,213,1574,2469,4043
00740100,MANDL SCHOOL                            ,NY,10019-5516,Proprietary  ,15,77,92,152,729,881
00740500,WOOD TOBE-COBURN SCHOOL                 ,NY,10016-0102,Proprietary  ,12,7,19,548,108,656
00746500,AMERICAN ACADEMY OF DRAMATIC ARTS       ,NY,10016-7089,Private      ,3,7,10,283,103,386
00746600,LIM COLLEGE                             ,NY,10022-5268,Proprietary  ,27,5,32,1158,102,1260
00746800,SCHOOL OF VISUAL ARTS                   ,NY,10010-3994,Proprietary  ,33,13,46,3198,1242,4440
00750602,LINCOLN TECHNICAL INSTITUTE             ,NY,11357-6092,Proprietary  ,70,41,111,526,222,748
00751800,APEX TECHNICAL SCHOOL                   ,NY,10011-2008,Proprietary  ,177,422,599,739,1625,2364
00752200,CONTINENTAL SCH OF BEAUTY CULTURE       ,NY,14623-3231,Proprietary  ,27,91,118,147,426,573
00753200,FINGER LAKES COMMUNITY COLLEGE          ,NY,14424-8395,Public       ,75,101,176,2483,1691,4174
00757200,AMERICAN MUSICAL AND DRAMATIC ACAD      ,NY,10023-2106,Private      ,25,7,32,1276,241,1517
00757300,EMPIRE BEAUTY SCHOOL                    ,NY,11103-4028,Proprietary  ,13,41,54,93,213,306
00780400,CAREER ACADEMY OF NEW YORK              ,NY,10011-7307,Proprietary  ,32,98,130,178,526,704
00818900,CONTINENTAL SCH OF BEAUTY CULTURE       ,NY,14223-0000,Proprietary  ,0,1,1,10,10,20
00818902,CONTINENTAL SCHOOL OF BEAUTY CULTURE  - ,NY,14224-3402,Proprietary  ,0,0,0,6,3,9
00843500,INTERBORO INSTITUTE                     ,NY,10019-3604,Proprietary  ,1,0,1,1735,2241,3976
00843700,CHAMPLAIN VALLEY - TEC/PRN              ,NY,12901-0000,Public       ,0,1,1,13,38,51
00849500,JAMESTOWN BUSINESS COLLEGE              ,NY,14702-0429,Proprietary  ,6,34,40,146,279,425
00861100,"CUNY, HOSTOS CMTY COLLEGE               ",NY,10451-1499,Public       ,171,267,438,2641,4036,6677
00861400,RABBINICAL CLG BOBOVER YESHIVA BNEI     ,NY,11219-3293,Private      ,44,14,58,121,35,156
00861700,RABBINICAL SEM MKOR CHAIM-YESHIVA       ,NY,11219-4300,Private      ,4,0,4,12,1,13
00878800,SUNY-STUDENT LOAN SERVICE CENTER        ,NY,12144-3440,Public       ,0,0,0,186,87,273
00900300,OLEAN BUSINESS INSTITUTE INC            ,NY,14760-2691,Proprietary  ,2,4,6,27,91,118
00902900,NEIGHBORHOOD PLAYHOUSE                  ,NY,10022-5017,Private      ,1,0,1,20,12,32
00904300,ELMIRA BUSINESS INSTITUTE               ,NY,14901-2731,Proprietary  ,18,113,131,131,792,923
00907700,UTICA SCHOOL OF COMMERCE                ,NY,13501-2280,Proprietary  ,7,36,43,152,340,492
00924800,SAMARITAN HOSPITAL SCH NURSING          ,NY,12180-2475,Private      ,0,2,2,54,145,199
00928300,MIDWAY-PARIS BEAUTY SCHOOL              ,NY,11385-3453,Proprietary  ,5,17,22,17,74,91
00928400,LEARNING INST FOR BEAUTY SCIENCES       ,NY,11756-1345,Proprietary  ,17,76,93,83,256,339
00933500,MESIVTA EASTERN PKWY RABBINICAL CLG     ,NY,11218-5559,Private      ,2,0,2,27,6,33
00947900,SAINT VINCENTS CMC SI NURSING SCHOOL    ,NY,10304-3850,Proprietary  ,6,10,16,47,100,147
00947901,SAINT VINCENTS CMC SI PHYS ASSIST PROG  ,NY,10304-3850,Proprietary  ,0,1,1,1,7,8
00976900,METROPOLITAN COLLEGE OF NEW YORK        ,NY,10013-1919,Private      ,14,116,130,142,1547,1689
00992900,SUNY COLLEGE OF OPTOMETRY               ,NY,10036-8003,Public       ,0,1,1,14,311,325
01005100,LA GUARDIA CMTY COLLEGE - CUNY          ,NY,11101-3083,Public       ,716,703,1419,7145,6226,13371
01005200,JEFFERSON-LEWIS BOCES PRAC NRSGPRG      ,NY,13601-9509,Public       ,0,1,1,16,84,100
01009700,CUNY-MEDGAR W EVERS COLLEGE             ,NY,11225-2010,Public       ,170,373,543,2834,4190,7024
01014200,TOURO COLLEGE                           ,NY,10010-4202,Private      ,277,706,983,3269,11407,14676
01014700,WESTERN SUFFOLK BOCES                   ,NY,11768-3499,Public       ,6,56,62,54,249,303
01015300,HELENE FULD COL OF NRSNG/N GEN HOSP     ,NY,10035-0000,Private      ,2,60,62,20,427,447
01028600,EMPIRE STATE COLLEGE                    ,NY,12866-4391,Public       ,38,576,614,605,9370,9975
01037800,RABBINICAL COLLEGE OF LONG ISLAND       ,NY,11561-3244,Private      ,16,0,16,43,0,43
01054900,KEHILATH YAKOV RABBINICAL SEMINARY      ,NY,10562-1001,Private      ,10,3,13,36,10,46
01055100,NEW YORK SCH MED & DENTAL ASSISTANT     ,NY,11101-2327,Proprietary  ,23,64,87,175,389,564
01064100,SOUTHERN WESTCHESTER BOCES              ,NY,10543-0000,Public       ,0,2,2,11,114,125
01068400,ERIE COMMUNITY COLLEGE-ALL CAMPUSES     ,NY,14203-2698,Public       ,353,360,713,7045,6090,13135
01081300,AMERICAN ACAD MCALLISTER INST           ,NY,10019-3604,Private      ,1,12,13,58,207,265
01083700,SIMMONS INST OF FUNERAL SERVICE         ,NY,13207-2098,Proprietary  ,1,0,1,25,27,52
01093000,SUBURBAN TECHNICAL SCHOOL               ,NY,11550-3771,Proprietary  ,16,100,116,67,230,297
01094300,RABBINICAL COLLEGE BETH SHRAGA          ,NY,10952-3033,Private      ,5,0,5,20,0,20
01095200,PNW BOCES LPN PROGRAM                   ,NY,10598-0000,Public       ,0,3,3,9,79,88
01103100,TECHNICAL CAREER INSTITUTE              ,NY,10001-2789,Proprietary  ,328,491,819,2159,3516,5675
01118900,UNITED TALMUDICAL SEMINARY              ,NY,11211-7984,Private      ,325,424,749,513,424,937
01119200,BETH HAMEDRASH SHAAREI YOSHER INST      ,NY,11204-1052,Private      ,10,0,10,10,0,10
01161400,CHAMPLAIN VALLEY HOSP SCH RAD TECH      ,NY,12901-1490,Private      ,0,0,0,15,9,24
01164700,SBI CAMPUS - AN AFFILIATE OF SANFORD-BRO,NY,11747-3785,Proprietary  ,54,86,140,419,622,1041
01167000,YESHIVA OF NITRA RABBINICAL COLLEGE     ,NY,11211-7108,Private      ,42,14,56,78,14,92
01167700,MEMORIAL SLOAN KETTERING CANCER CTR     ,NY,10021-6094,Private      ,0,0,0,3,10,13
01167800,SUNY INST OF TECHNOLOGY UTICA ROME      ,NY,13504-3050,Public       ,22,37,59,1333,981,2314
01182100,YESHIVATH ZICHRON MOSHE                 ,NY,12779-0580,Private      ,9,0,9,69,6,75
01183000,BERK TRADE AND BUSINESS SCHOOL          ,NY,11101-0000,Proprietary  ,13,48,61,45,178,223
01185900,WORD OF LIFE BIBLE INSTITUTE            ,NY,12860-0129,Private      ,7,0,7,428,76,504
01186000,MERCY MED CNTR SCHL OF RADIOGRAPHY      ,NY,11570-1098,Private      ,0,1,1,4,3,7
01192100,WESTCHESTER SCH OF BEAUTY CULTURE       ,NY,10550-2295,Proprietary  ,2,7,9,14,54,68
01192200,BETH HATALMUD RABBINICAL CLG            ,NY,11214-2594,Private      ,31,0,31,31,0,31
01198400,OHR HAMEIR THEOLOGICAL SEMINARY         ,NY,10566-0990,Private      ,20,0,20,53,0,53
01201100,TALMUDICAL SEM OHOLEI TORAH             ,NY,11213-3310,Private      ,68,0,68,221,1,222
01207200,PHILLIPS HAIRSTYLING INSTITUTE          ,NY,13210-1509,Proprietary  ,2,12,14,44,137,181
01210700,INSTITUTE OF DESIGN & CONSTRUCTION      ,NY,11201-5380,Private      ,5,14,19,41,99,140
01220300,MEMORIAL HOSPITAL SCH OF NURSING        ,NY,12204-1083,Private      ,0,2,2,26,122,148
01227700,NEW YORK CHIROPRACTIC COLLEGE           ,NY,13148-0800,Private      ,0,10,10,10,709,719
01229300,VEEB NASSAU CNTY SCHL OF PRACT NURS     ,NY,11553-3037,Public       ,2,7,9,36,192,228
01235800,PLAZA COLLEGE                           ,NY,11372-6300,Proprietary  ,113,128,241,485,899,1384
01236400,SAINT VINCENTS CATHOLIC MEDICAL CENTERS ,NY,11354-0000,Proprietary  ,1,8,9,25,134,159
01240700,SCHUYLER-CHEMUNG-TIOGA BOCES            ,NY,14903-1089,Public       ,1,0,1,13,103,116
01240701,STEUBEN SCHUYLER CHEMUNG TIOGA ALLEGANY ,NY,14870-9518,Public       ,0,0,0,15,95,110
01256100,FIVE TOWNS COLLEGE                      ,NY,11746-5871,Proprietary  ,42,11,53,1197,239,1436
01258900,ERIE 1 BOCES                            ,NY,14224-0000,Public       ,8,67,75,41,225,266
01265200,ONONDAGA CORTLAND MADISON BOCES         ,NY,13090-4500,Public       ,24,98,122,116,507,623
01278300,OSWEGO COUNTY BOCES ADULT CAREERS       ,NY,13114-4498,Public       ,0,19,19,29,89,118
01292700,CENTRAL TECH NURSING PROGRAM            ,NY,13202-3092,Public       ,1,1,2,15,84,99
01302600,MACHZIKEI HADATH RABBINICAL COLLEGE     ,NY,11204-1805,Private      ,19,3,22,29,3,32
01302700,YESHIVATH VIZNITZ                       ,NY,10952-3021,Private      ,28,1,29,28,1,29
01302900,BORICUA COLLEGE                         ,NY,10032-1599,Private      ,46,101,147,364,1185,1549
02056400,CAPRI COSMETOLOGY LEARNING CENTER       ,NY,10954-0000,Proprietary  ,9,33,42,51,100,151
02066200,THE NEW SCHOOL                          ,NY,10011-0000,Private      ,46,103,149,4108,4690,8798
02069000,NEW YORK SCHOOL OF INTERIOR DESIGN      ,NY,10021-0000,Private      ,3,8,11,137,174,311
02075700,BRIARCLIFFE COLLEGE                     ,NY,11714-0000,Proprietary  ,30,48,78,1247,821,2068
02075702,BRIARCLIFFE COLLEGE - PATCHOGUE         ,NY,11772-3019,Proprietary  ,23,41,64,814,584,1398
02092400,RIDLEY-LOWELL SCHOOL OF BUSINESS        ,NY,13905-0000,Proprietary  ,2,29,31,28,145,173
02093700,LONG ISLAND BUSINESS INSTITUTE          ,NY,11725-0000,Proprietary  ,46,134,180,403,1294,1697
02098400,HERKIMER COUNTY BOCES                   ,NY,13350-0000,Public       ,1,0,1,25,76,101
02104300,OTSEGO AREA SCHOOL OF PRAC NURSING      ,NY,13820-0000,Public       ,0,1,1,11,33,44
02105900,HAIR DESIGN INSTITUTE AT FIFTH AVE      ,NY,11220-0000,Proprietary  ,7,19,26,23,68,91
02106800,BRAMSON ORT COLLEGE                     ,NY,11375-0000,Private      ,58,78,136,347,446,793
02110900,CATTARAUGUS/ALLEGANY BOCES              ,NY,14760-0000,Public       ,0,0,0,32,104,136
02116011,SANFORD-BROWN INSTITUTE - NEW YORK      ,NY,10003-2103,Proprietary  ,90,254,344,427,1358,1785
02118700,LONG ISLAND COLLEGE HOSPITAL - SCHOOL OF,NY,11201-6001,Private      ,3,10,13,114,250,364
02118702,LONG ISLAND COLLEGE HOSPITAL - SCHOOL OF,NY,11201-6001,Private      ,1,0,1,31,25,56
02124000,ORANGE ULSTER BOCES SCH OF PRAC NRS     ,NY,10924-9401,Public       ,0,3,3,32,102,134
02125500,CIRCLE IN THE SQUARE THEATRE SCHOOL     ,NY,10019-0000,Private      ,1,1,2,48,50,98
02126300,MADISON-ONEIDA BOCES PRAC NRS           ,NY,13478-0000,Public       ,1,20,21,15,140,155
02138500,BOCES RENSSELAER SCH OF PRAC NRSG       ,NY,12033-3221,Public       ,0,0,0,15,86,101
02145800,CAYUGA ONONDAGA BOCES                   ,NY,13021-9430,Public       ,0,1,1,11,61,72
02146000,WAYNE-FINGER LAKES BOCES                ,NY,14513-0000,Public       ,0,1,1,32,135,167
02152000,YESHIVA SHAAR HATORAH ITRI TORAH        ,NY,11418-0000,Private      ,7,0,7,7,3,10
02153600,BROOME-TIOGA BOCES PN PROG              ,NY,13905-0000,Public       ,0,2,2,12,67,79
02157900,ROCHESTER GENERAL HOSPITAL              ,NY,14621-3001,Private      ,0,2,2,14,108,122
02158200,WSHNGTN-SARTGA-WARN-HMLTN-ESX BOCES     ,NY,12839-1051,Public       ,0,0,0,22,116,138
02160100,GENEVA GENERAL HOSPITAL                 ,NY,14456-0000,Private      ,0,1,1,17,45,62
02163400,NEW YORK CAREER INSTITUTE               ,NY,10007-2801,Proprietary  ,14,51,65,183,521,704
02169100,DAVIS COLLEGE                           ,NY,13790-0000,Private      ,1,10,11,154,94,248
02170000,SWEDISH INSTITUTE                       ,NY,10001-0000,Proprietary  ,2,42,44,71,633,704
02170200,ALBANY SCHOHARIE SCHENECTADY            ,NY,12205-0000,Public       ,1,1,2,30,134,164
02171900,AILEY SCHOOL (THE)                      ,NY,10019-4402,Private      ,1,0,1,69,33,102
02172100,HAMILTON-FULTON-MONTGOMERY BOCES        ,NY,12095-0000,Public       ,0,0,0,36,36,72
02172800,DUTCHESS COUNTY BOCES SCH PRAC NURS     ,NY,12601-0000,Public       ,1,7,8,30,135,165
02173200,EMPIRE BEAUTY SCHOOL                    ,NY,10001-0000,Proprietary  ,60,113,173,477,835,1312
02173900,ULSTER COUNTY BOCES PRACTICAL NRSG      ,NY,12466-0000,Public       ,0,4,4,25,125,150
02176000,CHERYL FELL'S SCHOOL OF BUSINESS        ,NY,14304-0000,Proprietary  ,1,6,7,10,26,36
02179400,EASTERN SUFFOLK BOCES                   ,NY,11713-0000,Public       ,0,3,3,95,358,453
02179401,HARRY B WARD TECH CTR-EAST SUF BOCE     ,NY,11901-0000,Public       ,0,0,0,1,1,2
02182200,NEW SCHOOL OF RADIO & TELEVISION        ,NY,12206-1106,Proprietary  ,5,22,27,31,50,81
02191600,TORAH TEMIMAH TALMUDICAL SEMINARY       ,NY,11218-0000,Private      ,11,1,12,34,1,35
02192500,BELLEVUE HOSP CTR SCH RAD TECH          ,NY,10016-0000,Public       ,0,0,0,12,23,35
02193700,SAINT LAWRENCE LEWIS COUNTY BOCES       ,NY,13617-0000,Public       ,1,0,1,68,34,102
02193701,SAINT LAWRENCE LEWIS COUNTY BOCES - NORT,NY,13669-0798,Public       ,0,0,0,2,0,2
02193702,SAINT LAWRENCE LEWIS COUNTY BOCES - SOUT,NY,13642-0342,Public       ,0,0,0,1,2,3
02193703,SAINT LAWRENCE LEWIS COUNTY BOCES - ADUL,NY,13668-3238,Public       ,0,0,0,1,2,3
02199300,ORLEANS-NIAGARA BOCES                   ,NY,14132-0000,Public       ,0,8,8,13,45,58
02206000,HUNTER BUSINESS SCHOOL                  ,NY,11756-0000,Proprietary  ,24,98,122,116,514,630
02206001,HUNTER BUSINESS SCHOOL -                ,NY,11763-0000,Proprietary  ,0,1,1,9,13,22
02217800,D.HOPFER SCH NURSING AT MT.VRN HOSP     ,NY,10550-0000,Private      ,0,4,4,26,250,276
02219500,MILDRED ELLEY                           ,NY,12206-1513,Proprietary  ,40,192,232,206,957,1163
02235600,ERIE 2-CHAUTAUQUA-CATTARAUGUS BOCES     ,NY,14006-0000,Public       ,1,4,5,22,147,169
02265100,YESHIVA DERECH CHAIM                    ,NY,11218-0000,Private      ,19,1,20,40,10,50
02265200,GLOBAL BUSINESS INSTITUTE               ,NY,11691-0000,Private      ,116,160,276,346,882,1228
02272900,ROCKLAND COUNTY BOCES PRAC NRSG SCH     ,NY,10994-0000,Public       ,0,1,1,13,63,76
02275900,"MODERN WELDING SCHOOL, INC.             ",NY,12304-0000,Proprietary  ,12,32,44,63,97,160
02287800,NATIONAL TRACTOR TRAILER SCHOOL         ,NY,13088-2505,Proprietary  ,5,96,101,17,268,285
02294900,INSTITUTE OF AUDIO RESEARCH             ,NY,10003-0000,Proprietary  ,57,51,108,477,317,794
02306500,PROFESSIONAL BUSINESS INSTITUTE         ,NY,10002-0000,Private      ,101,125,226,592,797,1389
02314200,NORTHERN WESTCHESTER SCH COSMETOL       ,NY,10566-0000,Proprietary  ,4,4,8,16,25,41
02325600,NEW YORK INSTITUTE OF ENGLISH & BUS     ,NY,10001-0000,Private      ,11,47,58,77,337,414
02348700,CAREER BLAZERS LEARNING CENTER          ,NY,10017-0000,Proprietary  ,0,0,0,16,211,227
02349700,RABBINICAL SEMINARY ADAS YEREIM         ,NY,11211-0000,Private      ,5,8,13,7,15,22
02350600,YESHIVA AND KOLLEL HARBOTZAS TORAH      ,NY,11230-0000,Private      ,0,1,1,0,8,8
02454300,NEW YORK UNIVERSITY SCHOOL OF MEDICINE  ,NY,10016-6497,Private      ,4,18,22,169,1054,1223
02491400,SPANISH AMERICAN INSTITUTE              ,NY,10036-0000,Private      ,3,9,12,9,34,43
02505800,YESHIVA KARLIN STOLIN RAB INSTITUTE     ,NY,11204-0000,Private      ,14,12,26,15,33,48
02505900,SH-OR YOSHUV RABBINICAL COLLEGE         ,NY,11691-0000,Private      ,6,2,8,16,8,24
02506000,ASSOCIATED BETH RIVKAH SCHOOLS          ,NY,11225-0000,Private      ,6,2,8,50,11,61
02506100,CITY UNIV OF NEW YORK-CENTRAL           ,NY,10021-0000,Public       ,4,7,11,388,243,631
02506200,MERCE CUNNINGHAM STUDIO                 ,NY,10014-0000,Private      ,0,1,1,1,5,6
02506800,YESHIVAT MIKDASH MELECH                 ,NY,11230-0000,Private      ,5,3,8,35,13,48
02511500,JOFFREY BALLET SCHOOL                   ,NY,10011-0000,Proprietary  ,3,0,3,30,1,31
02513500,MAR JON SCHOOL OF BEAUTY CULTURE        ,NY,14150-0000,Proprietary  ,0,12,12,23,57,80
02525600,ART INSTITUTE OF NEW YORK CITY (THE)    ,NY,10013-2429,Proprietary  ,137,150,287,1800,1277,3077
02540800,"GLOBE INSTITUTE OF TECHNOLOGY, INC.     ",NY,10007-0000,Proprietary  ,257,336,593,469,850,1319
02546000,TRI-STATE COLLEGE OF ACUPUNCTURE        ,NY,10011-0000,Proprietary  ,0,5,5,0,147,147
02546300,YESHIVA OF THE TELSHE ALUMNI            ,NY,10471-0000,Private      ,29,0,29,30,0,30
02550600,TALMUDICAL INST OF UPSTATE NY           ,NY,14607-0000,Private      ,2,0,2,8,2,10
02556700,SEMINAR L'MOROS BAIS YAAKOV             ,NY,11219-0000,Private      ,22,0,22,254,0,254
02572900,BUSINESS INFORMATICS CENTER             ,NY,11580-0000,Proprietary  ,2,9,11,36,98,134
02575400,FRENCH CULINARY INSTITUTE               ,NY,10013-2618,Proprietary  ,14,55,69,180,392,572
02587600,ORLO SCH HAIR DESIGN & COSMETOLOGY      ,NY,12206-1723,Proprietary  ,10,6,16,94,66,160
02599400,NEW YORK COLLEGE OF HEALTH PROFESSIONS  ,NY,11791-4413,Private      ,10,18,28,151,651,802
02600100,NEW YORK ACADEMY OF ART (THE)           ,NY,10013-2911,Private      ,0,2,2,41,128,169
02614900,SANFORD-BROWN INSTITUTE                 ,NY,10604-2910,Proprietary  ,27,75,102,163,569,732
02615001,SANFORD-BROWN INSTITUTE - GARDEN CITY   ,NY,11530-4734,Proprietary  ,0,1,1,11,28,39
02616600,SHEAR EGO INTL SCH OF HAIR DESIGN       ,NY,14617-3501,Proprietary  ,8,21,29,35,69,104
02617000,CONTINENTAL SCH OF BEAUTY CULTURE       ,NY,14020-1908,Proprietary  ,10,38,48,38,134,172
02617001,CONTINENTAL SCHOOL OF BEAUTY CULTURE - O,NY,14760-2618,Proprietary  ,0,0,0,2,2,4
02622900,BAIS MEDRASH ELYON                      ,NY,10952-3013,Private      ,3,0,3,4,2,6
03000100,YESHIVA GEDOLAH IMREI YOSEF DSPINKA     ,NY,11219-4696,Private      ,3,34,37,3,123,126
03007200,DANCE THEATRE OF HARLEM                 ,NY,10031-0000,Private      ,1,0,1,11,3,14
03027701,PACIFIC COLLEGE OF ORIENTAL MEDICINE - N,NY,10010-7108,Proprietary  ,0,14,14,4,341,345
03081600,DELAWARE CHENANGO MADISON OT. BOCES     ,NY,13815-9554,Public       ,2,15,17,15,67,82
03088500,NEW YORK INTERNATIONAL BEAUTY SCH       ,NY,10019-0000,Proprietary  ,10,55,65,57,261,318
03089700,COMPUTER CAREER CENTER                  ,NY,11530-3334,Proprietary  ,71,224,295,290,1059,1349
03095500,ASA INST BUSINESS & COMPUTER TECH       ,NY,11201-5208,Proprietary  ,244,598,842,1189,4081,5270
03096200,CHARLES STUART SCHOOL                   ,NY,11229-2004,Proprietary  ,3,7,10,8,39,47
03097801,CARSTEN INSTITUTE                       ,NY,10003-1901,Proprietary  ,1,2,3,1,2,3
03099100,SUNBRIDGE COLLEGE                       ,NY,10977-0000,Private      ,0,4,4,1,76,77
03103700,ADIRONDACK BEAUTY SCHOOL                ,NY,12801-3158,Proprietary  ,1,5,6,19,27,46
03104900,SULLIVAN COUNTY BOCES                   ,NY,12754-2116,Public       ,2,1,3,14,47,61
03111100,NEW YORK PARALEGAL SCHOOL               ,NY,10007-0000,Proprietary  ,5,16,21,21,152,173
03115300,GENESEE VALLEY BOCES                    ,NY,14020-1099,Public       ,10,29,39,31,131,162
03120700,NEW YORK CONSERVATORY FOR DRAMATIC ARTS ,NY,10011-4225,Proprietary  ,10,4,14,329,114,443
03127100,YESHIVAS NOVOMINSK                      ,NY,11219-0000,Private      ,8,1,9,32,2,34
03129200,RABBINICAL CLG OHR SHIMAR YISROEL       ,NY,11211-8102,Private      ,7,69,76,45,97,142
03169300,STUDIO JEWELERS                         ,NY,10016-4112,Proprietary  ,0,3,3,4,14,18
03172400,CALIBER TRAINING INSTITUTE              ,NY,10018-6504,Proprietary  ,23,105,128,200,917,1117
03181400,MERKAZ BNOS                             ,NY,11204-0000,Private      ,4,45,49,7,245,252
03191300,CUNY SCHOOL OF LAW @ QUEENS COLLEGE     ,NY,11367-0000,Public       ,2,8,10,98,989,1087
03193300,MANHATTAN SCHOOL OF COMPUTER TECH       ,NY,11230-1617,Private      ,2,11,13,17,121,138
03203300,NEW YORK INSTITUTE OF MASSAGE           ,NY,14221-6021,Proprietary  ,8,11,19,67,193,260
03208300,GRACE INSTITUTE OF BUSINESS TECH        ,NY,11201-2303,Private      ,0,0,0,20,71,91
03216300,UNIFICATION THEOLOGICAL SEMINARY        ,NY,12507-5021,Private      ,0,0,0,0,9,9
03315300,HARLEM SCHOOL OF TECHNOLOGY             ,NY,10027-4426,Proprietary  ,0,0,0,7,31,38
03328300,FRANKLIN CAREER INSTITUTE               ,NY,11550-3003,Private      ,36,64,100,215,540,755
03342400,AMERICAN BARBER INSTITUTE               ,NY,10001-5271,Proprietary  ,11,28,39,55,111,166
03358300,ALLEN SCHOOL                            ,NY,11432-4901,Proprietary  ,49,272,321,292,1196,1488
03361500,WILLSEY INSTITUTE                       ,NY,10301-1989,Proprietary  ,9,21,30,20,77,97
03380300,CULINARY ACADEMY OF LONG ISLAND         ,NY,11791-5311,Proprietary  ,14,48,62,76,185,261
03419400,NORTHEASTERN SEMINARY                   ,NY,14624-1997,Private      ,0,8,8,1,97,98
03426400,ANTHEM INSTITUTE                        ,NY,10018-0000,Proprietary  ,76,122,198,526,1064,1590
03433500,LIA SCHORR INSTITUTE OF COSMETIC SK     ,NY,10022-2614,Proprietary  ,2,6,8,12,43,55
03443300,NEW YORK COLLEGE OF TRADITIONAL CHINESE ,NY,11501-0000,Private      ,0,6,6,4,69,73
03496300,YESHIVA SHAAREI TORAH OF ROCKLAND       ,NY,10901-4003,Private      ,1,1,2,4,1,5
03537300,NEW YORK AUTOMOTIVE & DIESEL INSTIT     ,NY,11101-0000,Proprietary  ,45,74,119,306,523,829
03568300,LEON STUDIO ONE SCHOOL OF HAIR DESI     ,NY,14221-5323,Proprietary  ,8,12,20,50,86,136
03651300,SAINT JOSEPH'S MEDICAL CENTER SCHOO     ,NY,10701-4080,Private      ,0,0,0,8,13,21
03652300,METROPOLITAN LEARNING INSTITUTE         ,NY,11375-0000,Private      ,3,57,60,18,482,500
03691300,USA BEAUTY SCHOOL INTERNATIONAL         ,NY,10013-3530,Proprietary  ,8,62,70,29,237,266
03713300,BEIS MEDRASH HEICHAL DOVID              ,NY,11691-4433,Private      ,5,0,5,8,0,8
03773300,CENTER FOR NATURAL WELLNESS SCHOOL OF MA,NY,12205-1601,Proprietary  ,4,20,24,38,121,159
03802300,UTA MESIVTA OF KIRYAS JOEL              ,NY,10950-2169,Private      ,81,74,155,428,226,654
03809400,MICROPOWER CAREER INSTITUTE             ,NY,10001-2812,Proprietary  ,1,2,3,1,2,3
03819400,HUDSON VALLEY SCHOOL OF ADVANCED AESTHET,NY,12493-0000,Proprietary  ,4,7,11,39,38,77
03839300,AVEDA INSTITUTE NEW YORK                ,NY,10013-1522,Proprietary  ,18,35,53,85,171,256
03881300,UNION GRADUATE COLLEGE                  ,NY,12308-3103,Private      ,1,9,10,6,160,166
03903400,AMERICAN BEAUTY SCHOOL                  ,NY,10462-8003,Proprietary  ,16,48,64,43,212,255
03941400,ELITE ACADEMY OF BEAUTY ARTS            ,NY,11223-1630,Proprietary  ,4,19,23,17,112,129
03983300,"SCHOOL OF PROFESSIONAL HORTICULTURE, AT ",NY,10458-5126,Private      ,0,1,1,0,7,7
04043300,ACE COMPUTER TRAINING CENTER            ,NY,11375-5337,Proprietary  ,2,3,5,3,11,14
04095300,KING'S COLLEGE (THE)                    ,NY,10018-0110,Private      ,0,1,1,2,3,5
04102300,NEW AGE TRAINING                        ,NY,10018-0000,Proprietary  ,2,18,20,16,62,78
04115500,TALMUDICAL SEMINARY OF BOBOV            ,NY,11219-3826,Private      ,45,12,57,45,12,57
04123300,HUDSON VALLEY SCHOOL OF MASSAGE THERAPY ,NY,12493-0000,Proprietary  ,6,9,15,8,25,33
00267808,BRYANT & STRATTON COLLEGE - PARMA       ,OH,44130-0000,Proprietary  ,60,251,311,570,2730,3300
00301000,ANTIOCH UNIVERSITY                      ,OH,45387-1608,Private      ,0,1,1,508,117,625
00301001,ANTIOCH UNIVERSITY MCGREGOR             ,OH,45387-0000,Private      ,0,42,42,12,738,750
00301010,ANTIOCH UNIVERSITY                      ,OH,45387-0000,Private      ,0,3,3,25,122,147
00301100,ART ACADEMY OF CINCINNATI               ,OH,45202-7106,Private      ,2,3,5,213,79,292
00301200,ASHLAND UNIVERSITY                      ,OH,44805-3799,Private      ,29,169,198,3100,2869,5969
00301300,ATHENAEUM OF OHIO                       ,OH,45230-2000,Private      ,0,0,0,2,4,6
00301400,BALDWIN-WALLACE COLLEGE                 ,OH,44017-2088,Private      ,31,42,73,4061,1310,5371
00301600,BLUFFTON UNIVERSITY                     ,OH,45817-2104,Private      ,11,9,20,1333,304,1637
00301800,BOWLING GREEN STATE UNIVERSITY          ,OH,43403-0001,Public       ,150,155,305,16044,4972,21016
00302300,CAPITAL UNIVERSITY                      ,OH,43209-2394,Private      ,33,65,98,3454,2436,5890
00302400,CASE WESTERN RESERVE UNIV               ,OH,44106-0000,Private      ,27,20,47,4872,755,5627
00302401,CASE WESTERN RESERVE UNIV - MED         ,OH,44106-0000,Private      ,0,1,1,31,1035,1066
00302402,CASE WESTERN RESERVE UNIV - DENTAL      ,OH,44106-0000,Private      ,0,1,1,12,342,354
00302403,CASE WESTERN RESERVE UNIV - LAW         ,OH,44106-0000,Private      ,0,1,1,7,1135,1142
00302404,CASE WESTERN RESERVE UNIV - UG          ,OH,44106-0000,Private      ,6,1,7,674,75,749
00302405,CASE WESTERN RESERVE UNIV - MSASS       ,OH,44106-0000,Private      ,0,6,6,7,470,477
00302406,CASE WESTERN RESERVE UNIV - NURS UG     ,OH,44106-0000,Private      ,1,4,5,208,112,320
00302407,CASE WESTERN RESERVE UNIV - WSOM        ,OH,44106-0000,Private      ,0,7,7,22,321,343
00302408,CASE WESTERN RESERVE UNIV -A&S GRAD     ,OH,44106-0000,Private      ,0,10,10,26,324,350
00302409,CASE WESTERN RESERVE UNIV -ENG GRAD     ,OH,44106-0000,Private      ,0,6,6,37,116,153
00302410,CASE WESTERN RESERVE UNIV -NURS GRD     ,OH,44106-0000,Private      ,1,3,4,19,361,380
00302500,CEDARVILLE UNIVERSITY                   ,OH,45314-8564,Private      ,19,4,23,3358,187,3545
00302600,CENTRAL STATE UNIVERSITY                ,OH,45384-1004,Public       ,55,23,78,2913,1025,3938
00302900,CINCINNATI CHRISTIAN UNIVERSITY         ,OH,45204-3200,Private      ,14,35,49,546,546,1092
00303000,OHIO CHRISTIAN UNIVERSITY               ,OH,43113-9487,Private      ,10,60,70,277,584,861
00303100,CLEVELAND INSTITUTE OF MUSIC            ,OH,44106-1776,Private      ,4,0,4,487,365,852
00303200,CLEVELAND STATE UNIVERSITY              ,OH,44115-2214,Public       ,118,448,566,6785,11099,17884
00303300,COLLEGE OF MT ST JOSEPH                 ,OH,45233-1670,Private      ,8,36,44,1478,1026,2504
00303500,OHIO DOMINICAN UNIVERSITY               ,OH,43219-2099,Private      ,34,164,198,2374,2382,4756
00303600,FRANCISCAN UNIV OF STEUBENVILLE         ,OH,43952-1763,Private      ,14,22,36,2083,690,2773
00303700,COLLEGE OF WOOSTER                      ,OH,44691-2363,Private      ,10,2,12,2264,38,2302
00303900,COLUMBUS COLLEGE OF ART AND DESIGN      ,OH,43215-1758,Private      ,21,9,30,1590,363,1953
00304000,CUYAHOGA COMMUNITY COLLEGE              ,OH,44115-2878,Public       ,177,646,823,4629,13341,17970
00304001,CUYAHOGA COMMUNITY CLG-EASTERN CAM      ,OH,44122-6195,Public       ,20,50,70,584,1338,1922
00304002,CUYAHOGA COMMUNITY CLG-METRO CAMPUS     ,OH,44115-0000,Public       ,13,111,124,764,2374,3138
00304003,CUYAHOGA COMMUNITY CLG-WESTERN CMPS     ,OH,44130-0000,Public       ,33,85,118,1349,1519,2868
00304100,"DEFIANCE COLLEGE, THE                   ",OH,43512-1695,Private      ,7,13,20,1066,340,1406
00304200,DENISON UNIVERSITY                      ,OH,43023-1329,Private      ,12,1,13,2420,25,2445
00304300,CHANCELLOR UNIVERSITY                   ,OH,44114-1096,Proprietary  ,3,35,38,114,797,911
00304400,TRINITY LUTHERAN SEMINARY               ,OH,43209-0000,Private      ,0,0,0,1,167,168
00304500,UNIVERSITY OF FINDLAY                   ,OH,45840-3695,Private      ,13,38,51,3052,1317,4369
00304600,FRANKLIN UNIVERSITY                     ,OH,43215-5399,Private      ,24,324,348,769,7357,8126
00304606,FRANKLIN UNIVERSITY - NORTHWEST         ,OH,43019-5331,Private      ,0,5,5,4,31,35
00304608,FRANKLIN UNIVERSITY - NORTHEAST         ,OH,43081-1111,Private      ,0,3,3,5,30,35
00304700,HEBREW UNION COLLEGE MAIN CAMPUS        ,OH,45220-0000,Private      ,0,2,2,0,117,117
00304800,HEIDELBERG UNIVERSITY                   ,OH,44883-2462,Private      ,12,13,25,1693,351,2044
00304900,HIRAM COLLEGE                           ,OH,44234-1808,Private      ,11,9,20,1541,308,1849
00305000,JOHN CARROLL UNIVERSITY                 ,OH,44118-4581,Private      ,17,25,42,3891,856,4747
00305100,KENT STATE UNIV - KENT CAMPUS           ,OH,44242-0001,Public       ,190,206,396,17681,8462,26143
00305101,KENT STATE UNIV - GEAUGA CAMPUS         ,OH,44021-0000,Public       ,6,9,15,288,324,612
00305102,KENT STATE UNIV - STARK CAMPUS          ,OH,44720-0000,Public       ,42,45,87,1837,1706,3543
00305103,KENT STATE UNIV - TUSCARAWAS CAMPUS     ,OH,44663-0000,Public       ,16,36,52,807,1026,1833
00305104,KENT STATE UNIV - TRUMBULL CAMPUS       ,OH,44483-0000,Public       ,17,44,61,783,1271,2054
00305105,KENT STATE UNIV - ASHTABULA CAMPUS      ,OH,44004-0000,Public       ,18,44,62,581,1168,1749
00305106,KENT STATE UNIV -E.LIVERPOOL CAMPUS     ,OH,43920-0000,Public       ,7,16,23,307,567,874
00305107,KENT STATE UNIV - SALEM CAMPUS          ,OH,44460-0000,Public       ,9,19,28,586,750,1336
00306500,KENYON COLLEGE                          ,OH,43022-9623,Private      ,8,0,8,2315,31,2346
00306600,LAKE ERIE COLLEGE                       ,OH,44077-3389,Private      ,7,14,21,1058,388,1446
00306800,LORAIN COUNTY COMMUNITY COLLEGE         ,OH,44035-1691,Public       ,115,344,459,2762,5083,7845
00306900,LOURDES COLLEGE                         ,OH,43560-2898,Private      ,17,70,87,648,1737,2385
00307200,MALONE UNIVERSITY                       ,OH,44709-3897,Private      ,16,43,59,1972,1119,3091
00307300,MARIETTA COLLEGE                        ,OH,45750-4033,Private      ,16,7,23,2279,258,2537
00307500,METHODIST THEOLOGICAL SCH IN OHIO       ,OH,43015-0000,Private      ,0,5,5,0,234,234
00307600,MIAMI-JACOBS COLLEGE                    ,OH,45401-0000,Proprietary  ,11,167,178,202,1406,1608
00307602,MIAMI - JACOBS CAREER COLLEGE - SPRINGBO,OH,45066-1115,Proprietary  ,15,88,103,163,623,786
00307603,MIAMI - JACOBS CAREER COLLEGE - TROY    ,OH,45373-3837,Proprietary  ,15,95,110,136,578,714
00307700,MIAMI UNIVERSITY                        ,OH,45056-1831,Public       ,150,181,331,15688,3812,19500
00307800,WRIGHT STATE UNIVERSITY                 ,OH,45435-0002,Public       ,149,316,465,10614,7695,18309
00308300,MOUNT UNION COLLEGE                     ,OH,44601-3993,Private      ,25,1,26,2995,149,3144
00308400,MUSKINGUM UNIVERSITY                    ,OH,43762-1199,Private      ,13,40,53,2108,502,2610
00308500,NOTRE DAME COLLEGE OF OHIO              ,OH,44121-4293,Private      ,12,55,67,1120,1013,2133
00308600,OBERLIN COLLEGE                         ,OH,44074-1090,Private      ,27,2,29,4119,104,4223
00308800,OHIO COLLEGE OF PODIATRIC MEDICINE      ,OH,44131-7304,Private      ,1,2,3,4,404,408
00308900,OHIO NORTHERN UNIVERSITY                ,OH,45810-1555,Private      ,19,9,28,4021,1068,5089
00309000,OHIO STATE UNIVERSITY-ALL CAMPUSES      ,OH,43210-1358,Public       ,403,577,980,41317,21634,62951
00310000,OHIO UNIVERSITY                         ,OH,45701-2979,Public       ,176,198,374,16975,4635,21610
00310002,"OHIO UNIVERSITY, ZANESVILLE CAMPUS      ",OH,43701-0000,Public       ,27,62,89,889,1102,1991
00310003,"OHIO UNIVERSITY, LANCASTER CAMPUS       ",OH,43130-0000,Public       ,21,70,91,838,1028,1866
00310004,"OHIO UNIVERSITY, SOUTHERN CAMPUS        ",OH,45638-0000,Public       ,25,111,136,767,1347,2114
00310005,"OHIO UNIVERSITY, CHILLICOTHE CAMPUS     ",OH,45601-0000,Public       ,39,104,143,744,1477,2221
00310006,"OHIO UNIVERSITY, EASTERN CAMPUS         ",OH,43950-0000,Public       ,8,24,32,467,283,750
00310008,OHIO UNIV COLL OF OSTEOPATHIC MED       ,OH,45701-0000,Public       ,0,1,1,15,461,476
00310900,OHIO WESLEYAN UNIVERSITY                ,OH,43015-2398,Private      ,13,4,17,2356,94,2450
00311000,OTTERBEIN COLLEGE                       ,OH,43081-2006,Private      ,28,50,78,3546,930,4476
00311300,PONTIFICAL COLLEGE JOSEPHINUM           ,OH,43235-1498,Private      ,0,2,2,36,24,60
00311401,FIRELANDS REGIONAL MEDICAL CENTER       ,OH,44870-4788,Private      ,1,2,3,56,125,181
00311500,RABBINICAL COLLEGE OF TELSHE            ,OH,44092-2584,Private      ,4,0,4,18,18,36
00311600,UNIV OF RIO GRANDE                      ,OH,45674-3131,Private      ,18,51,69,1607,1534,3141
00311900,SINCLAIR COMMUNITY COLLEGE              ,OH,45402-1460,Public       ,265,1013,1278,6198,12133,18331
00312100,TIFFIN UNIVERSITY                       ,OH,44883-2161,Private      ,28,103,131,1596,1633,3229
00312200,UNITED THEOLOGICAL SEMINARY             ,OH,45406-0000,Private      ,0,7,7,2,195,197
00312300,UNIVERSITY OF AKRON                     ,OH,44325-6211,Public       ,220,266,486,15703,11595,27298
00312500,UNIVERSITY OF CINCINNATI                ,OH,45221-0125,Public       ,321,755,1076,18980,15761,34741
00312504,UNIVERSITY OF CINCINNATI - COLLEGE OF ME,OH,45267-0553,Public       ,2,8,10,92,811,903
00312700,UNIVERSITY OF DAYTON                    ,OH,45469-0002,Private      ,63,161,224,7962,3141,11103
00313100,UNIVERSITY OF TOLEDO                    ,OH,43606-3390,Public       ,142,200,342,14460,7088,21548
00313101,UNIVERSITY OF TOLEDO - HEALTH SCIENCE CA,OH,43614-2598,Public       ,5,16,21,371,1444,1815
00313300,URBANA UNIVERSITY                       ,OH,43078-2091,Private      ,11,31,42,863,566,1429
00313400,URSULINE COLLEGE                        ,OH,44124-4398,Private      ,6,41,47,759,1222,1981
00313500,WALSH UNIVERSITY                        ,OH,44720-3396,Private      ,13,30,43,2117,993,3110
00314100,WILBERFORCE UNIVERSITY                  ,OH,45384-1001,Private      ,19,28,47,1240,563,1803
00314200,WILMINGTON COLLEGE                      ,OH,45177-2499,Private      ,12,19,31,1855,481,2336
00314300,WITTENBERG UNIVERSITY                   ,OH,45501-2199,Private      ,22,4,26,2737,201,2938
00314400,XAVIER UNIVERSITY                       ,OH,45207-1035,Private      ,37,88,125,4533,2622,7155
00314500,YOUNGSTOWN STATE UNIVERSITY             ,OH,44555-0001,Public       ,139,233,372,8226,6408,14634
00398200,CLEVELAND INSTITUTE OF ART              ,OH,44106-1700,Private      ,5,2,7,680,155,835
00406000,WINEBRENNER THEOLOGICAL SEMINARY        ,OH,45840-0000,Private      ,0,1,1,1,75,76
00485200,CLARK STATE COMMUNITY COLLEGE           ,OH,45505-4795,Public       ,54,292,346,1162,2989,4151
00485300,BRADFORD SCHOOL                         ,OH,43219-0000,Proprietary  ,31,49,80,578,453,1031
00485500,DAVIS COLLEGE                           ,OH,43623-4307,Proprietary  ,21,77,98,124,679,803
00486100,UNIVERSITY OF NORTHWESTERN OHIO         ,OH,45805-1498,Private      ,82,77,159,3381,1043,4424
00486600,STAUTZENBERGER COLLEGE                  ,OH,43537-4007,Proprietary  ,31,106,137,349,1212,1561
00510200,SCH OF DIAGNOSTIC IMAGING-CLEVELAND     ,OH,44119-0000,Private      ,0,2,2,8,38,46
00512700,BROWN MACKIE COLLEGE-CINCINNATI         ,OH,45215-1107,Proprietary  ,160,629,789,1163,4896,6059
00521000,CLEVELAND INSTITUTE OF ELECTRONICS      ,OH,44114-0000,Proprietary  ,1,33,34,1,33,34
00531300,NORTH CENTRAL STATE COLLEGE             ,OH,44901-0000,Public       ,53,212,265,1115,2434,3549
00575300,OWENS STATE COMMUNITY COLLEGE           ,OH,43699-0000,Public       ,213,525,738,5029,9322,14351
00648700,AULTMAN COLLEGE OF NURSING AND HEALTH SC,OH,44710-1799,Private      ,2,1,3,139,230,369
00648900,CHRIST HOSP SCH OF NURSING              ,OH,45219-2989,Private      ,1,4,5,128,274,402
00649400,GOOD SAMARITAN COLG-NURSING/HEALTH      ,OH,45220-2489,Private      ,5,13,18,165,336,501
00649800,MERIDIA HURON SCHOOL OF NURSING         ,OH,44112-4308,Private      ,1,10,11,29,236,265
00650700,TRINIT HEALTH SYSTEM SCH OF NURSING     ,OH,43952-2667,Private      ,2,3,5,57,128,185
00680400,LAKELAND COMMUNITY COLLEGE              ,OH,44094-5198,Public       ,82,237,319,2343,4782,7125
00686700,COLUMBUS STATE COMMUNITY COLLEGE        ,OH,43215-1786,Public       ,383,1328,1711,9795,17970,27765
00703500,KETTERING COLLEGE OF MEDICAL ARTS       ,OH,45429-1299,Private      ,9,26,35,445,723,1168
00708500,MOUNT VERNON NAZARENE UNIVERSITY        ,OH,43050-9500,Private      ,15,34,49,1566,512,2078
00708501,MOUNT VERNON NAZARENE UNIV - AGS        ,OH,43050-0000,Private      ,1,98,99,41,1023,1064
00727500,EASTERN GATEWAY COMMUNITY COLLEGE       ,OH,43952-3598,Public       ,23,63,86,732,1108,1840
00747300,CHOFFIN CAREER & TECHNICAL CENTER       ,OH,44503-1628,Public       ,0,3,3,38,204,242
00759800,HOCKING TECHNICAL COLLEGE               ,OH,45764-9582,Public       ,112,234,346,3184,3078,6262
00777700,REMINGTON COLLEGE - CLEVELAND CAMPUS    ,OH,44125-1957,Proprietary  ,38,216,254,221,1252,1473
00777704,REMINGTON COLLEGE-CLEVELAND WEST CAMPUS ,OH,44070-3129,Proprietary  ,22,76,98,175,564,739
00812900,ADULT AND COMMUNITY EDUCATION @ HUDSON  ,OH,43211-2017,Public       ,1,31,32,40,373,413
00813200,TOLEDO SCHOOL OF PRACTICAL NURSING      ,OH,43613-5110,Public       ,2,25,27,66,318,384
00813300,ZANE STATE COLLEGE                      ,OH,43701-2626,Public       ,41,156,197,974,1736,2710
00819400,AKRON SCHOOL OF PRACTICAL NRSG          ,OH,44311-0000,Public       ,2,1,3,56,126,182
00827800,TERRA COMMUNITY COLLEGE                 ,OH,43420-9670,Public       ,19,69,88,698,1411,2109
00867700,NORTHWEST STATE COMMUNITY COLLEGE       ,OH,43502-9542,Public       ,34,106,140,972,1973,2945
00888600,PORTAGE LAKES CAREER CENTER             ,OH,44232-0000,Public       ,1,3,4,23,97,120
00908800,ITT TECHNICAL INSTITUTE                 ,OH,45414-3456,Proprietary  ,76,188,264,711,1507,2218
00915600,WAYNE COUNTY SCHOOLS CAREER CENTER      ,OH,44677-9672,Public       ,2,14,16,37,198,235
00917200,SPRINGFIELD REGIONAL SCHOOL OF NURSING  ,OH,45501-0000,Private      ,2,3,5,57,164,221
00941200,NATIONAL INSTITUTE OF TECHNOLOGY        ,OH,44221-2998,Proprietary  ,20,98,118,276,659,935
00945101,BROWN MACKIE COLLEGE-NORTH CANTON       ,OH,44720-0000,Proprietary  ,51,225,276,280,1853,2133
00953000,GERBER AKRON BEAUTY SCHOOL              ,OH,44333-3714,Proprietary  ,3,15,18,28,106,134
00953100,SPA SCHOOL (THE)                        ,OH,43214-1524,Proprietary  ,1,17,18,20,97,117
00966000,TIFFIN ACADEMY OF HAIR DESIGN           ,OH,44883-2833,Proprietary  ,2,6,8,58,63,121
00983700,ITT TECHNICAL INSTITUTE                 ,OH,44509-4098,Proprietary  ,75,189,264,932,1543,2475
00994100,BELMONT TECHNICAL COLLEGE               ,OH,43950-9766,Public       ,33,135,168,813,1458,2271
00994200,SHAWNEE STATE UNIVERSITY                ,OH,45662-4344,Public       ,61,92,153,3080,1888,4968
01001700,PAYNE THEOLOGICAL SEMINARY              ,OH,45384-0474,Private      ,0,3,3,0,112,112
01002700,JAMES A. RHODES STATE COLLEGE           ,OH,45804-3597,Public       ,34,166,200,1395,2618,4013
01016800,NATIONWIDE BEAUTY ACADEMY               ,OH,43228-1000,Proprietary  ,22,50,72,224,405,629
01028000,OHIO STATE BEAUTY ACADEMY               ,OH,45801-4950,Proprietary  ,10,14,24,84,129,213
01032300,HANNAH E MULLINS SCH-PRAC NRSG          ,OH,44460-2906,Public       ,1,8,9,18,96,114
01034500,CINCINNATI STATE TECH & COMM CLG        ,OH,45223-2690,Public       ,215,598,813,3731,7208,10939
01045300,WASHINGTON STATE CMTY COLLEGE           ,OH,45750-9225,Public       ,34,144,178,860,1456,2316
01063000,NORTHERN INSTITUTE OF COSMETOLOGY       ,OH,44052-1803,Proprietary  ,2,8,10,19,67,86
01073600,MARION TECHNICAL COLLEGE                ,OH,43302-5694,Public       ,27,85,112,581,1333,1914
01088000,CHATFIELD COLLEGE                       ,OH,45118-9705,Private      ,2,20,22,48,202,250
01088100,STARK STATE COLLEGE OF TECHNOLOGY       ,OH,44720-7299,Public       ,94,218,312,2665,5588,8253
01090600,CINCINNATI CLG OF MORTUARY SCIENCE      ,OH,45224-1428,Private      ,1,6,7,89,135,224
01092300,UNION INSTITUTE & UNIVERSITY            ,OH,45206-1925,Private      ,5,221,226,39,2038,2077
01096200,MOORE UNIV OF HAIR DESIGN               ,OH,45213-0000,Proprietary  ,0,6,6,9,31,40
01099300,HOBART INSTITUTE OF WELDING TECHNOLOGY  ,OH,45373-2400,Private      ,15,17,32,182,123,305
01100500,KAPLAN COLLEGE                          ,OH,43232-4827,Proprietary  ,33,151,184,194,909,1103
01104600,CENTRAL OHIO TECHNICAL COLLEGE          ,OH,43055-1767,Public       ,57,266,323,1245,3181,4426
01170300,PENTA COUNTY JOINT VOCATIONAL SCH       ,OH,43551-0000,Public       ,1,12,13,18,130,148
01174400,NATIONAL BEAUTY COLLEGE                 ,OH,44720-0000,Proprietary  ,6,15,21,55,128,183
01174500,OHIO TECHNICAL COLLEGE                  ,OH,44103-1228,Proprietary  ,36,44,80,1097,427,1524
01182500,OHIO STATE SCHOOL OF COSMETOLOGY        ,OH,43224-1107,Proprietary  ,2,5,7,56,96,152
01212800,SOUTHWESTERN COLLEGE                    ,OH,45402-3003,Proprietary  ,31,162,193,170,993,1163
01212802,SOUTHWESTERN COLLEGE                    ,OH,45005-2267,Proprietary  ,10,67,77,59,463,522
01212803,SOUTHWESTERN COLLEGE                    ,OH,45202-4304,Proprietary  ,20,143,163,166,821,987
01212804,SOUTHWESTERN COLLEGE                    ,OH,45246-3121,Proprietary  ,45,183,228,259,1368,1627
01216600,CAROUSEL BEAUTY COLLEGE                 ,OH,45402-8935,Proprietary  ,7,23,30,50,196,246
01224800,CENTRAL SCHOOL OF PRACTICAL NURSING     ,OH,44103-4371,Private      ,4,14,18,58,255,313
01267200,CAROUSEL BEAUTY COLLEGE                 ,OH,45044-5113,Proprietary  ,4,7,11,22,38,60
01267400,CAROUSEL OF MIAMI VALLEY BEAUTY CLG     ,OH,45424-2063,Proprietary  ,0,1,1,2,6,8
01275000,EDISON COMMUNITY COLLEGE                ,OH,45356-9239,Public       ,15,96,111,780,1708,2488
01283800,LAURA AND ALVIN SIEGAL COLLEGE OF JUDAIC,OH,44122-7197,Private      ,0,2,2,1,8,9
01284800,MOLER-HOLLYWOOD BEAUTY COLLEGE          ,OH,45202-2577,Proprietary  ,3,37,40,25,142,167
01287000,SOUTHERN STATE COMMUNITY COLLEGE        ,OH,45133-9406,Public       ,43,184,227,950,2097,3047
01289100,ANTONELLI COLLEGE                       ,OH,45202-2592,Proprietary  ,25,70,95,322,1343,1665
01289600,VIRGINIA MARTI COLLEGE OF ART AND DESIGN,OH,44107-0778,Proprietary  ,6,8,14,219,155,374
01313200,INTERNATIONAL CLG OF BROADCASTING       ,OH,45431-1898,Proprietary  ,12,22,34,61,122,183
02052000,OHIO INST OF PHOTOGRAPHY & TECHNOLOGY   ,OH,45439-1984,Proprietary  ,26,143,169,339,867,1206
02054300,TRUMBULL BUSINESS COLLEGE               ,OH,44484-0000,Proprietary  ,9,63,72,76,498,574
02056800,DAYMAR COLLEGE                          ,OH,45601-1038,Proprietary  ,8,53,61,32,233,265
02056802,DAYMAR COLLEGE - LANCASTER              ,OH,43130-0000,Proprietary  ,0,1,1,0,16,16
02056803,DAYMAR COLLEGE - NEW BOSTON             ,OH,45662-4900,Proprietary  ,0,1,1,5,24,29
02056804,DAYMAR COLLEGE - JACKSON                ,OH,45640-1728,Proprietary  ,0,1,1,1,13,14
02066100,OHIO STATE COLLEGE/BARBER STYLING       ,OH,43213-0000,Proprietary  ,4,28,32,47,182,229
02069500,AKRON INSTITUTE                         ,OH,44306-0000,Proprietary  ,24,120,144,209,1034,1243
02073300,GALLIA-JACKSON-VINTON SCH ADULT ED      ,OH,45674-0000,Public       ,1,1,2,44,169,213
02077800,CENTURY SCHOOL OF COSMETOLOGY           ,OH,43952-0000,Proprietary  ,2,0,2,29,35,64
02110700,CLEVELAND INST OF DENTAL-MED ASST       ,OH,44115-2285,Proprietary  ,23,108,131,200,705,905
02116009,SANFORD-BROWN COLLEGE - MIDDLEBURG HEIGH,OH,44130-8362,Proprietary  ,52,199,251,280,1102,1382
02116900,UPPER VALLEY JVS                        ,OH,45356-0000,Public       ,3,21,24,20,215,235
02117300,GREAT OAKS INSTITUTE OF TECHNOLOGY      ,OH,45241-1581,Public       ,9,37,46,174,771,945
02128600,THE ART INSTITUTE OF CINCINNATI         ,OH,45246-0000,Proprietary  ,10,7,17,172,90,262
02140700,COMMUNITY EDUCATIONAL SERVICES          ,OH,44702-1710,Public       ,0,0,0,22,209,231
02152100,ACADEMY OF COURT REPORTING AND TECHNOLOG,OH,44115-0000,Proprietary  ,38,291,329,295,2478,2773
02158500,OHIO BUSINESS COLLEGE                   ,OH,44055-3344,Proprietary  ,14,41,55,103,551,654
02158501,OHIO BUSINESS COLLEGE                   ,OH,44870-9953,Proprietary  ,2,29,31,24,102,126
02163900,BEATRICE ACADEMY OF BEAUTY              ,OH,44106-0000,Proprietary  ,1,3,4,12,60,72
02168100,TRI-COUNTY JOINT VOCATIONAL SCHOOL      ,OH,45764-0000,Public       ,2,11,13,15,106,121
02187900,ASHTABULA CO JOINT VOC SCH ADULT ED     ,OH,44047-0000,Public       ,0,11,11,23,225,248
02189000,ADULT CENTER FOR EDUCATION              ,OH,43701-0000,Public       ,1,14,15,46,219,265
02190700,RETS TECH CENTER                        ,OH,45459-0000,Proprietary  ,36,168,204,276,1444,1720
02192100,BUTLER TECHNOLOGY AND CAREER DEVELOPMENT,OH,45011-0000,Public       ,13,45,58,123,538,661
02196300,COLLINS CAREER CENTER                   ,OH,45619-0000,Public       ,3,13,16,157,460,617
02210800,MEDINA COUNTY CAREER CENTER             ,OH,44256-0000,Public       ,0,4,4,16,95,111
02215400,OHIO STATE SCHOOL OF COSMETOLOGY        ,OH,43207-0000,Proprietary  ,2,9,11,45,77,122
02220500,GOD'S BIBLE SCHOOL & COLLEGE            ,OH,45210-0000,Private      ,3,3,6,170,48,218
02220800,CAREER & TECHNOLOGY EDUCATION CENTERS OF,OH,43055-0000,Public       ,1,10,11,14,108,122
02239800,PIONEER CAREER & TECHNOLOGY CENTER      ,OH,44875-0000,Public       ,0,2,2,4,58,62
02245600,WARREN COUNTY CAREER CENTER             ,OH,45036-0000,Public       ,2,25,27,9,52,61
02246300,INSTITUTE OF MEDICAL-DENTAL TECH        ,OH,45246-3317,Proprietary  ,6,18,24,66,136,202
02261400,COLLEGE OF ART ADVERTISING              ,OH,45211-0000,Proprietary  ,0,0,0,2,1,3
02263700,MIAMI VALLEY CAREER TECHNOLOGY CTR      ,OH,45315-0000,Public       ,3,19,22,63,337,400
02269400,EASTERN HILLS ACAD OF HAIR DESIGN       ,OH,45255-0000,Proprietary  ,5,12,17,42,97,139
02269500,WESTERN HILLS SCHOOL OF BEAUTY & HAIR DE,OH,45211-0000,Proprietary  ,6,43,49,47,349,396
02270100,OHIO HI-POINT CAREER CENTER             ,OH,43311-0000,Public       ,2,24,26,23,157,180
02272700,COLUMBIANA COUNTY CAREER CENTER         ,OH,44432-0000,Public       ,3,10,13,21,145,166
02287900,RAPHAEL'S SCHOOL OF BEAUTY CULTURE      ,OH,44446-0000,Proprietary  ,11,28,39,47,134,181
02301400,OHIO VALLEY COLLEGE OF TECHNOLOGY       ,OH,43920-0000,Proprietary  ,4,20,24,57,193,250
02303600,BOHECKER'S BUSINESS COLLEGE             ,OH,44266-0000,Proprietary  ,32,76,108,223,641,864
02304700,TRI-RIVERS CAREER CENTER                ,OH,43302-0000,Public       ,1,4,5,27,142,169
02311200,AMERICAN SCHOOL OF TECHNOLOGY           ,OH,43229-0000,Proprietary  ,10,83,93,42,473,515
02315500,TOLEDO ACADEMY OF BEAUTY CULTURE - EAST ,OH,43616-0000,Proprietary  ,5,17,22,38,176,214
02328500,MOLER-PICKENS BEAUTY COLLEGE            ,OH,45014-0000,Proprietary  ,1,9,10,20,63,83
02334300,INTERNATIONAL ACAD OF HAIR DESIGN       ,OH,45239-0000,Proprietary  ,5,8,13,78,75,153
02336300,KNOX COUNTY CAREER CENTER               ,OH,43050-4298,Public       ,2,1,3,37,203,240
02336700,CUYAHOGA VALLEY CAREER CENTER           ,OH,44141-1296,Public       ,0,3,3,30,166,196
02337700,PROFESSIONAL SKILLS INSTITUTE           ,OH,43607-0000,Proprietary  ,3,28,31,93,730,823
02345600,AKRON MACHINING INSTITUTE               ,OH,44203-0000,Private      ,0,0,0,4,27,31
02351500,WILLOUGHBY EASTLAKE SCH OF PRAC NSG     ,OH,44094-0000,Public       ,0,2,2,26,120,146
02352800,POLARIS CAREER CENTER-ADULT ED DEPT     ,OH,44130-0000,Public       ,1,10,11,46,143,189
02354200,SCIOTO COUNTY JOINT VOCATIONAL SCH      ,OH,45648-0000,Public       ,10,48,58,72,343,415
02454400,NORTHEASTERN OHIO UNIVS COL OF MED      ,OH,44272-0000,Public       ,1,3,4,59,556,615
02497800,GREENE COUNTY CAREER CENTER             ,OH,45385-0000,Public       ,3,19,22,22,166,188
02512600,ADULT VOCATIONAL SERVICES               ,OH,44308-0000,Public       ,1,24,25,10,136,146
02519300,OHIO STATE SCH COSMETOLOGY              ,OH,43068-0000,Proprietary  ,2,1,3,11,25,36
02522700,EASTLAND-FAIRFIELD CAREER AND TECHNICAL ,OH,43125-0000,Public       ,2,30,32,35,272,307
02528300,TDDS TECHNICAL INSTITUTE                ,OH,44429-0000,Proprietary  ,6,80,86,70,413,483
02529500,HAMRICK SCHOOL                          ,OH,44256-0000,Proprietary  ,1,9,10,9,73,82
02541400,TOLEDO ACADEMY OF BEAUTY CULTURE-SO     ,OH,43614-0000,Proprietary  ,3,9,12,38,155,193
02545800,INNER STATE BEAUTY SCHOOLS              ,OH,44124-0000,Proprietary  ,4,20,24,48,239,287
02553000,SCHOOL OF ADVERTISING ART               ,OH,45440-0000,Proprietary  ,1,1,2,176,24,200
02560000,CASAL AVEDA INSTITUTE                   ,OH,44515-0000,Proprietary  ,9,15,24,97,74,171
02560700,PICKAWAY ROSS CO JOINT VOC TECH SCH     ,OH,45601-0000,Public       ,5,10,15,44,224,268
02562300,APOLLO CAREER CENTER-ADULT EDUC         ,OH,45806-0000,Public       ,2,21,23,50,378,428
02563000,RAPHAELS SCHOOL OF BEAUTY CULTURE       ,OH,44601-2847,Proprietary  ,7,19,26,57,128,185
02568600,MAHONING COUNTY CAREER & TECH CENTR     ,OH,44406-0000,Public       ,0,5,5,9,67,76
02582900,KAPLAN CAREER INSTITUTE                 ,OH,44129-6810,Proprietary  ,33,156,189,187,851,1038
02586400,TRUMBULL CAREER & TECH CENTER-ADULT     ,OH,44483-1997,Public       ,10,40,50,52,319,371
02588500,OHIO STATE SCHOOL OF COSMETOLOGY        ,OH,43081-0000,Proprietary  ,5,5,10,37,45,82
02599711,VATTEROTT COLLEGE - CLEVELAND           ,OH,44147-3502,Proprietary  ,7,91,98,64,440,504
02603800,LORAIN COUNTY JVS ADULT CAREER CTR      ,OH,44074-9799,Public       ,1,5,6,41,151,192
02614700,SPRINGFIELD CLARK CO JOINT VOC SCH      ,OH,45505-4295,Public       ,0,0,0,1,31,32
02616200,BROWN MACKIE COLLEGE-FINDLAY            ,OH,45840-6848,Proprietary  ,62,308,370,485,1717,2202
02616201,BROWN MACKIE COLLEGE-FINDLAY - ART INSTI,OH,45249-3317,Proprietary  ,2,1,3,2,1,3
02620000,SANDUSKY CAREER CENTER                  ,OH,44870-4786,Public       ,2,5,7,32,166,198
03007900,GALLIPOLIS CAREER COLLEGE               ,OH,45631-2600,Proprietary  ,2,20,22,22,234,256
03015100,ALLIANCE HIGH SCH-CMTY SERVICES DIV     ,OH,44601-2899,Public       ,1,1,2,37,167,204
03015300,EHOVE CAREER CENTER                     ,OH,44846-9500,Public       ,5,14,19,61,280,341
03023700,MADISON ADULT CAREER CENTER             ,OH,44905-2718,Public       ,0,8,8,24,116,140
03024300,VALLEY BEAUTY SCHOOL                    ,OH,43725-2332,Proprietary  ,6,11,17,36,79,115
03027100,FAIRVIEW ACADEMY                        ,OH,44126-2214,Proprietary  ,1,3,4,9,63,72
03034200,WASHINGTON COUNTY CAREER CENTER ADULT TE,OH,45750-9290,Public       ,2,24,26,36,234,270
03051400,AUBURN CAREER CENTER                    ,OH,44077-9723,Public       ,2,15,17,35,130,165
03051500,US GRANT JOINT VOCATIONAL SCHOOL        ,OH,45106-9502,Public       ,0,3,3,1,36,37
03065800,OHIO INSTITUTE OF HEALTH CAREERS        ,OH,44035-2394,Proprietary  ,20,79,99,160,639,799
03065900,BUCKEYE CAREER CENTER                   ,OH,44663-9437,Public       ,1,4,5,53,149,202
03067600,RAPHAEL'S SCHOOL OF BEAUTY CULTURE      ,OH,44512-2222,Proprietary  ,3,8,11,19,61,80
03068200,OHIO CENTER FOR BROADCASTING            ,OH,44125-4220,Proprietary  ,30,93,123,138,330,468
03071900,MOUNT CARMEL COLLEGE OF NURSING         ,OH,43222-1598,Private      ,9,12,21,545,593,1138
03072303,EVEREST INSTITUTE - COLUMBUS            ,OH,43230-6653,Proprietary  ,24,244,268,28,273,301
03078000,OHIO CENTER FOR BROADCASTING            ,OH,45227-1509,Proprietary  ,5,7,12,44,101,145
03079000,ETI TECHNICAL COLLEGE                   ,OH,44446-4398,Proprietary  ,6,19,25,109,291,400
03084800,DELAWARE AREA CAREER CENTER             ,OH,43015-8969,Public       ,0,0,0,0,21,21
03084801,DELAWARE AREA CAREER CENTER -           ,OH,43015-9001,Public       ,0,0,0,1,13,14
03095600,VANTAGE CAREER CENTER                   ,OH,45891-1378,Public       ,2,18,20,25,113,138
03097000,MERCY COLLEGE OF NORTHWEST OHIO         ,OH,43604-1132,Private      ,7,19,26,403,636,1039
03100100,PARAMOUNT BEAUTY ACADEMY                ,OH,45662-4136,Proprietary  ,4,17,21,41,98,139
03105400,CLEVELAND EXTENSION HIGH SCH-WEST       ,OH,44102-2298,Public       ,5,28,33,28,189,217
03116200,DAYTON BARBER COLLEGE                   ,OH,45402-2310,Proprietary  ,3,25,28,32,126,158
03116300,OHIO COLLEGE OF MASSOTHERAPY            ,OH,44321-1363,Private      ,5,17,22,95,187,282
03116400,VANGUARD-SENTINELL VOC SCH DISTRICT     ,OH,43420-1197,Public       ,1,0,1,2,23,25
03117000,ASHLAND COUNTY-W HOLMES CAREER CTR      ,OH,44805-0000,Public       ,0,3,3,12,110,122
03200500,YOUNGSTOWN COLLEGE OF MASSOTHERAPY      ,OH,44471-2321,Proprietary  ,0,0,0,8,21,29
03319300,CREATIVE IMAGES-A CERTIFIED MATRIX      ,OH,45414-2557,Proprietary  ,6,43,49,63,213,276
03319301,CREATIVE IMAGES-A CERTIFIED MATRIX      ,OH,45459-0000,Proprietary  ,6,12,18,61,130,191
03416400,VALLEY BEAUTY SCHOOL                    ,OH,43701-3624,Proprietary  ,2,10,12,8,47,55
03425300,ROSEDALE BIBLE COLLEGE                  ,OH,43029-9517,Private      ,3,0,3,75,9,84
03457300,ALLEGHENY WESLEYAN COLLEGE              ,OH,44460-9598,Private      ,2,1,3,37,11,48
03468400,NATIONAL INSTITUTE OF MASSOTHERAPY      ,OH,44319-2100,Proprietary  ,0,9,9,19,103,122
03468500,ATS INSTITUTE OF TECHNOLOGY             ,OH,44143-2216,Proprietary  ,7,33,40,61,669,730
03475400,TRI-STATE BIBLE COLLEGE                 ,OH,45680-8402,Private      ,1,1,2,4,19,23
03534400,AMERICAN INST OF ALTERNATIVE MEDICI     ,OH,43229-1113,Proprietary  ,2,16,18,35,159,194
03578300,TRI-STATE COLLEGE                       ,OH,44452-8535,Proprietary  ,1,1,2,17,42,59
03586400,MED CENTRAL COLLEGE OF NURSING          ,OH,44903-2265,Private      ,3,13,16,285,312,597
03626300,BROWN AVEDA INSTITUTE                   ,OH,44060-6212,Proprietary  ,12,30,42,134,165,299
03659300,COMPUTER QUEST LTD.                     ,OH,44130-3034,Proprietary  ,0,0,0,8,95,103
03693300,CARNEGIE INST OF INTEGRATIVE MED/MASSOTH,OH,44260-9608,Private      ,2,9,11,13,119,132
03700300,REGENCY BEAUTY INSTITUTE - CLEVELAND    ,OH,44094-0000,Proprietary  ,1,12,13,29,128,157
03726300,TEMPLE BAPTIST COLLEGE                  ,OH,45240-0000,Private      ,0,2,2,16,29,45
03747300,BEXLEY HALL SEMINARY                    ,OH,43209-2325,Private      ,0,0,0,0,16,16
03776400,HEALING ARTS INSTITUTE                  ,OH,43551-3138,Proprietary  ,0,1,1,12,49,61
03837300,AVEDA FREDRIC'S INSTITUTE               ,OH,45208-1304,Proprietary  ,9,3,12,34,26,60
03882300,OREGON CAREER CENTER                    ,OH,43616-2631,Public       ,1,9,10,3,17,20
04074300,HONDROS COLLEGE                         ,OH,43081-3855,Proprietary  ,0,23,23,12,191,203
04116700,NEWLIFE TECHNICAL INSTITUTE             ,OH,43920-2920,Private      ,0,0,0,2,0,2
04117300,DAYTON SCHOOL OF MEDICAL MASSAGE        ,OH,45429-1111,Proprietary  ,41,116,157,162,485,647
04118300,NORTHCOAST MEDICAL TRAINING ACADEMY     ,OH,44240-4174,Proprietary  ,8,25,33,65,120,185
04125700,CUT BEAUTY SCHOOL (THE)                 ,OH,44118-2918,Proprietary  ,1,18,19,1,18,19
        ,INVALID SCHOOL CODE                     ,  ,00000-0000,,935,1716,2651,19199,20330,39529
00134500,ADAMS STATE COLLEGE                     ,CO,81102-2373,Public       ,38,114,152,1978,1675,3653
00134600,ARAPAHOE COMMUNITY COLLEGE              ,CO,80160-9002,Public       ,89,175,264,1396,3122,4518
00134700,COLORADO COLLEGE                        ,CO,80903-3294,Private      ,19,5,24,2394,230,2624
00134800,COLORADO SCHOOL OF MINES                ,CO,80401-1887,Public       ,56,23,79,3353,647,4000
00134900,UNIVERSITY OF NORTHERN COLORADO         ,CO,80639-0001,Public       ,113,133,246,8467,3279,11746
00135000,COLORADO STATE UNIVERSITY               ,CO,80523-0100,Public       ,267,201,468,15606,6588,22194
00135200,DENVER  SEMINARY                        ,CO,80120-2192,Private      ,0,12,12,2,536,538
00135300,FORT LEWIS COLLEGE                      ,CO,81301-3999,Public       ,57,42,99,3053,1109,4162
00135400,ILIFF SCHOOL OF THEOLOGY                ,CO,80210-0000,Private      ,0,4,4,1,217,218
00135500,LAMAR COMMUNITY COLLEGE                 ,CO,81052-3999,Public       ,8,39,47,354,399,753
00135800,MESA STATE COLLEGE                      ,CO,81501-7682,Public       ,93,124,217,3438,2346,5784
00135900,COLORADO NORTHWESTERN COMMUNITY COLLEGE ,CO,81648-3598,Public       ,12,21,33,267,259,526
00136000,METROPOLITAN STATE CLG OF DENVER        ,CO,80204-0000,Public       ,311,569,880,8131,11054,19185
00136100,NORTHEASTERN JUNIOR COLLEGE             ,CO,80751-2399,Public       ,28,50,78,844,382,1226
00136200,OTERO JUNIOR COLLEGE                    ,CO,81050-3346,Public       ,20,97,117,508,796,1304
00136300,REGIS UNIVERSITY                        ,CO,80221-1099,Private      ,27,433,460,1989,7768,9757
00136500,COLORADO STATE UNIVERSITY-PUEBLO        ,CO,81001-4901,Public       ,82,104,186,2563,2221,4784
00136800,TRINIDAD STATE JR COLLEGE               ,CO,81082-2396,Public       ,42,93,135,649,944,1593
00137000,UNIVERSITY OF COLORADO-BOULDER          ,CO,80309-0077,Public       ,290,200,490,17062,7354,24416
00137100,UNIVERSITY OF DENVER                    ,CO,80208-2000,Private      ,49,285,334,4488,7557,12045
00137200,WESTERN STATE COLLEGE                   ,CO,81231-0000,Public       ,22,10,32,1956,425,2381
00163202,AQUINAS INSTITUTE OF THEOLOGY - AQUINAS ,CO,80903-1498,Private      ,0,0,0,1,4,5
00405702,NATIONAL AMERICAN UNIVERSITY            ,CO,80918-0000,Proprietary  ,0,8,8,8,188,196
00405703,NATIONAL AMERICAN UNIVERSITY            ,CO,80222-0000,Proprietary  ,1,12,13,11,119,130
00450300,EVEREST COLLEGE                         ,CO,80916-3548,Proprietary  ,23,145,168,170,979,1149
00450600,COLORADO MOUNTAIN COLLEGE               ,CO,81602-0000,Public       ,23,41,64,884,648,1532
00450700,EVEREST COLLEGE                         ,CO,80229-4339,Proprietary  ,30,176,206,511,2343,2854
00450701,"EVEREST COLLEGE- EVEREST COLLEGE, AURORA",CO,80012-5692,Proprietary  ,30,158,188,50,213,263
00450800,UNIVERSITY OF COLORADO DENVER           ,CO,80204-2029,Public       ,10,56,66,820,3729,4549
00450824,UNIVERSITY OF COLORADO DENVER - AURARIA ,CO,80217-3364,Public       ,93,236,329,3978,6766,10744
00450900,UNIV OF COLORADO AT COLO SPRINGS        ,CO,80918-3735,Public       ,105,169,274,4259,4025,8284
00559600,EMILY GRIFFITH OPPORTUNITY SCH          ,CO,80204-2197,Public       ,28,121,149,235,947,1182
00729700,REDSTONE COLLEGE                        ,CO,80020-9988,Proprietary  ,34,100,134,299,578,877
00754700,LINCOLN COLLEGE OF TECHNOLOGY           ,CO,80223-2013,Proprietary  ,92,88,180,792,623,1415
00754800,WESTWOOD COLLEGE - DENVER NORTH         ,CO,80221-3653,Proprietary  ,337,1394,1731,2122,8268,10390
00754801,WESTWOOD COLLEGE - DENVER SOUTH         ,CO,80227-3653,Proprietary  ,39,112,151,348,885,1233
00758200,AIMS COMMUNITY COLLEGE                  ,CO,80632-0000,Public       ,62,161,223,1299,2275,3574
00764900,ROCKY MOUNTAIN COLG OF ART & DESIGN     ,CO,80214-0000,Proprietary  ,8,6,14,547,184,731
00793300,FRONT RANGE COMMUNITY COLLEGE           ,CO,80031-2199,Public       ,214,438,652,3988,6971,10959
00863500,INTELLITEC MEDICAL INSTITUTE            ,CO,80909-1570,Proprietary  ,12,93,105,62,428,490
00887100,CONCORDE CAREER INSTITUTE               ,CO,80203-0000,Proprietary  ,35,150,185,188,950,1138
00889600,PIKES PEAK COMMUNITY COLLEGE            ,CO,80906-5498,Public       ,213,552,765,3055,6733,9788
00940100,COLORADO CHRISTIAN UNIVERSITY           ,CO,80226-7449,Private      ,24,157,181,1192,1707,2899
00954200,COMMUNITY COLLEGE OF DENVER             ,CO,80217-2026,Public       ,125,362,487,2296,5321,7617
00954300,RED ROCKS COMMUNITY COLLEGE             ,CO,80228-1255,Public       ,84,235,319,1432,2690,4122
00985500,YESHIVA TORAS CHAIM TALMUDICAL SEM      ,CO,80204-0067,Private      ,1,0,1,2,9,11
00998100,MORGAN COMMUNITY COLLEGE                ,CO,80701-4399,Public       ,16,72,88,241,696,937
01014800,COLORADO TECHNICAL UNIVERSITY           ,CO,80907-3896,Proprietary  ,42,804,846,533,6443,6976
01014802,COLORADO TECHNICAL UNIV - DENVER        ,CO,80111-3201,Proprietary  ,17,90,107,132,690,822
01014805,COLORADO TECH UNIV - ON LINE            ,CO,80907-0000,Proprietary  ,333,5624,5957,1822,32467,34289
01014806,COLORADO TECH UNIV - FED EXPRESS        ,CO,80921-3800,Proprietary  ,2,7,9,2,42,44
01014807,COLORADO TECH UNIV - MCI WORLD COM      ,CO,80919-3172,Proprietary  ,1,1,2,7,21,28
01014808,COLORADO TECH UNIV - USAA               ,CO,80920-1005,Proprietary  ,0,7,7,2,37,39
01014809,COLORADO TECH UNIV - SCHRIEVER AFB      ,CO,80912-7298,Proprietary  ,1,2,3,1,11,12
01014810,COLORADO TECH UNIV - PETERSON AFB       ,CO,80914-1586,Proprietary  ,0,1,1,0,7,7
01014811,COLORADO TECH UNIV-HEWLETT PACKARD      ,CO,80919-2303,Proprietary  ,0,5,5,2,19,21
01014812,COLORADO TECHNICAL UNIVERSITY - WESTMINS,CO,80021-3498,Proprietary  ,17,121,138,143,783,926
01014813,COLORADO TECH UNIV - ORACLE             ,CO,80921-3660,Proprietary  ,0,2,2,2,32,34
01014815,COLORADO TECHNCL UNIV PUEBLO            ,CO,81003-2315,Proprietary  ,5,53,58,59,353,412
01070900,EMPIRE BEAUTY SCHOOL-LAKEWOOD           ,CO,80215-0000,Proprietary  ,4,14,18,27,55,82
01073200,SAN JUAN BASINTECHNICAL COLLEGE         ,CO,81328-9196,Public       ,2,7,9,43,140,183
01157200,COLORADO SCHOOL OF TRADES               ,CO,80215-2996,Proprietary  ,4,18,22,90,188,278
01267000,BEL-REA INST OF ANIMAL TECH             ,CO,80247-3048,Proprietary  ,19,44,63,365,553,918
01285000,INTERNATIONAL SALON AND SPA ACADEMY     ,CO,80918-3684,Proprietary  ,12,42,54,96,221,317
01287500,PICKENS TECHNICAL COLLEGE               ,CO,80011-9307,Public       ,16,30,46,158,453,611
01300700,NAZARENE BIBLE COLLEGE                  ,CO,80910-3717,Private      ,2,37,39,46,632,678
02059400,INTERNATIONAL BEAUTY ACADEMY            ,CO,80918-3684,Proprietary  ,0,0,0,4,5,9
02072200,EMPIRE BEAUTY SCHOOL -ARVADA            ,CO,80212-0000,Proprietary  ,5,13,18,42,72,114
02078900,ART INSTITUTE OF COLORADO (THE)         ,CO,80203-2983,Proprietary  ,86,148,234,1757,1653,3410
02116300,PUEBLO COMMUNITY COLLEGE                ,CO,81004-0000,Public       ,101,410,511,1426,4145,5571
02117500,NAROPA UNIVERSITY                       ,CO,80302-0000,Private      ,3,10,13,318,1100,1418
02133100,COLORADO CENTER FOR MEDICAL LABORATORY S,CO,80218-0000,Private      ,0,3,3,5,29,34
02141100,ARTISTIC BEAUTY COLGS-WESTMINSTER       ,CO,80030-0000,Proprietary  ,28,33,61,107,199,306
02141102,ARTISTIC BEAUTY COLLEGES-LITTLETON      ,CO,80123-3480,Proprietary  ,2,4,6,38,57,95
02141103,ARTISTIC BEAUTY COLLEGES-AURORA         ,CO,80017-3194,Proprietary  ,5,0,5,21,39,60
02156200,DELTA - MONTROSE TECHNICAL COLLEGE      ,CO,81416-0000,Public       ,6,9,15,62,128,190
02160600,EMPIRE BEAUTY SCHOOL -THORNTON          ,CO,80241-1659,Proprietary  ,20,24,44,53,131,184
02165200,SALON PROFESSIONAL ACADEMY (THE)        ,CO,81504-5309,Proprietary  ,3,17,20,30,70,100
02167600,KAPLAN COLLEGE                          ,CO,80229-5309,Proprietary  ,16,102,118,110,421,531
02171300,TRINIDAD STATE JUNIOR COLLEGE           ,CO,81101-0000,Proprietary  ,0,0,0,0,1,1
02188700,DENVER ACAD OF COURT REPORTING          ,CO,80030-0000,Proprietary  ,4,18,22,20,123,143
02211901,CHEEKS INTERNATIONAL ACADEMY OF BEAUTY C,CO,80525-3053,Proprietary  ,1,0,1,15,12,27
02211902,CHEEKS INTERNATIONAL ACDMY BTY CULT     ,CO,80631-0000,Proprietary  ,0,1,1,7,17,24
02253700,INTELLITEC COLLEGE                      ,CO,80909-0000,Proprietary  ,20,96,116,142,521,663
02267500,GLENWOOD BEAUTY ACADEMY                 ,CO,81601-0000,Proprietary  ,6,5,11,19,44,63
02276900,COMMUNITY COLLEGE OF AURORA             ,CO,80011-9036,Public       ,93,251,344,1309,3150,4459
02321700,ITT TECHNICAL INSTITUTE                 ,CO,80229-5338,Proprietary  ,68,165,233,440,1013,1453
02518500,HAIR DYNAMICS EDUCATION CENTER          ,CO,80525-0000,Proprietary  ,13,24,37,83,132,215
02594300,COLLEGE AMERICA - DENVER                ,CO,80222-3380,Proprietary  ,45,320,365,235,1396,1631
02611000,HERITAGE COLLEGE                        ,CO,80212-7413,Proprietary  ,37,127,164,193,846,1039
03006300,INST OF BUSINESS & MEDICAL CAREERS      ,CO,80525-3044,Proprietary  ,19,116,135,159,661,820
03012100,REMINGTON COLLEGE - COLORADO SPRINGS CAM,CO,80215-0000,Proprietary  ,4,43,47,39,239,278
03013100,BOULDER COLLEGE OF MASSAGE THERAPY      ,CO,80301-3295,Private      ,4,11,15,65,209,274
03014900,PLATT COLLEGE                           ,CO,80014-3141,Proprietary  ,8,18,26,56,162,218
03027400,XENON INTERNATIONAL ACADEMY III         ,CO,80014-1193,Proprietary  ,7,10,17,36,60,96
03030606,UTAH COLLEGE OF MASSAGE THERAPY - DENVER,CO,80031-2921,Proprietary  ,20,45,65,134,228,362
03030607,UTAH COLLEGE OF MASSAGE THERAPY - DENVER,CO,80012-2523,Proprietary  ,19,41,60,116,230,346
03031603,DPT BUSINESS SCHOOL                     ,CO,80223-0000,Proprietary  ,0,0,0,2,12,14
03066900,INTELLITEC COLLEGE                      ,CO,81506-3994,Proprietary  ,20,110,130,179,642,821
03068201,OHIO CENTER FOR BROADCASTING - COLORADO ,CO,80214-4129,Proprietary  ,9,36,45,42,163,205
03076401,BRYMAN SCHOOL OF ARIZONA (THE) - ANTHEM ,CO,80014-2622,Proprietary  ,1,4,5,1,9,10
03289300,COLORADO HEIGHTS UNIVERSITY             ,CO,80236-2711,Private      ,3,36,39,12,117,129
03306300,MONTESSORI EDUC CRT OF THE ROCKIES      ,CO,80301-2587,Private      ,0,1,1,1,19,20
03534300,JONES INTERNATIONAL UNIVERSITY          ,CO,80112-3446,Proprietary  ,1,275,276,11,1669,1680
03545300,UNIVERSITY OF THE ROCKIES               ,CO,80903-3612,Proprietary  ,2,6,8,7,151,158
03584400,COLORADO SCHOOL OF HEALING ARTS         ,CO,80226-4332,Proprietary  ,8,22,30,80,276,356
03670300,TONI & GUY HAIRDRESSING ACADEMY         ,CO,80911-1713,Proprietary  ,4,12,16,52,70,122
03686300,COLORADO SCHOOL OF TRADITIONAL CHINESE M,CO,80206-2127,Proprietary  ,1,11,12,5,108,113
03805300,CORTIVA INSTITUTE-COLORADO              ,CO,80021-0000,Proprietary  ,0,0,0,16,42,58
03972300,CUTTIN' UP BEAUTY ACADEMY               ,CO,80220-0000,Proprietary  ,1,14,15,9,54,63
03976300,MASSAGE THERAPY INSTITUTE OF COLORADO   ,CO,80206-2127,Proprietary  ,3,5,8,24,60,84
04093300,ACADEMY OF NATURAL THERAPY              ,CO,80631-3425,Proprietary  ,1,4,5,19,61,80
04125100,MONTESSORI CENTRE INTERNATIONAL DENVER  ,CO,80111-5263,Private      ,0,1,1,0,5,5
00267811,BRYANT & STRATTON COLLEGE - VIRGINIA BEA,VA,23462-4417,Proprietary  ,30,163,193,272,1508,1780
00370200,AVERETT UNIVERSITY                      ,VA,24541-3692,Private      ,16,214,230,1403,1414,2817
00370300,BLUEFIELD COLLEGE                       ,VA,24605-1799,Private      ,6,49,55,546,683,1229
00370400,BRIDGEWATER COLLEGE                     ,VA,22812-1599,Private      ,17,4,21,2063,100,2163
00370500,COLLEGE OF WILLIAM & MARY               ,VA,23187-8795,Public       ,59,41,100,6959,3064,10023
00370600,CHRISTOPHER NEWPORT UNIVERSITY          ,VA,23606-2998,Public       ,53,23,76,5438,742,6180
00370700,RICHARD BLAND COLLEGE                   ,VA,23805-7100,Public       ,23,13,36,519,304,823
00370800,EASTERN MENNONITE UNIVERSITY            ,VA,22802-2462,Private      ,4,25,29,1011,356,1367
00370900,EMORY & HENRY COLLEGE                   ,VA,24327-0010,Private      ,8,5,13,1551,97,1648
00371100,FERRUM COLLEGE                          ,VA,24088-2612,Private      ,16,2,18,2022,179,2201
00371200,TIDEWATER COMMUNITY COLLEGE             ,VA,23510-1910,Public       ,247,768,1015,6706,12827,19533
00371300,HAMPDEN-SYDNEY COLLEGE                  ,VA,23943-0128,Private      ,4,0,4,981,18,999
00371400,HAMPTON UNIVERSITY                      ,VA,23668-0099,Private      ,143,67,210,9001,2280,11281
00371500,HOLLINS UNIVERSITY                      ,VA,24020-0000,Private      ,12,15,27,856,552,1408
00371900,LONGWOOD UNIVERSITY                     ,VA,23909-1899,Public       ,41,20,61,4084,571,4655
00372000,LYNCHBURG COLLEGE                       ,VA,24501-3199,Private      ,26,14,40,2608,503,3111
00372100,JAMES MADISON UNIVERSITY                ,VA,22807-3780,Public       ,152,29,181,15656,1756,17412
00372300,MARY BALDWIN COLLEGE                    ,VA,24401-3610,Private      ,12,47,59,1121,786,1907
00372400,MARYMOUNT UNIVERSITY                    ,VA,22207-4224,Private      ,42,64,106,2197,1719,3916
00372600,NATIONAL COLLEGE                        ,VA,24153-4524,Proprietary  ,122,873,995,827,5829,6656
00372700,NORTHERN VA CMTY CLG                    ,VA,22003-3743,Public       ,284,640,924,6856,8726,15582
00372800,OLD DOMINION UNIVERSITY                 ,VA,23529-0052,Public       ,199,306,505,12517,9766,22283
00373200,RADFORD UNIVERSITY                      ,VA,24142-6905,Public       ,64,34,98,7071,1784,8855
00373300,RANDOLPH-MACON COLLEGE                  ,VA,23005-5505,Private      ,15,3,18,1710,59,1769
00373400,RANDOLPH COLLEGE                        ,VA,24503-1526,Private      ,7,3,10,847,90,937
00373500,VIRGINIA COMMONWEALTH UNIVERSITY        ,VA,23284-9004,Public       ,283,285,568,16494,10501,26995
00373600,ROANOKE COLLEGE                         ,VA,24153-3794,Private      ,14,2,16,2350,164,2514
00373700,SHENANDOAH UNIVERSITY                   ,VA,22601-5195,Private      ,16,30,46,1940,1560,3500
00373800,SOUTHERN VIRGINIA UNIVERSITY            ,VA,24416-3038,Private      ,16,6,22,761,203,964
00373900,ST PAULS COLLEGE                        ,VA,23868-1299,Private      ,14,22,36,597,378,975
00374200,SWEET BRIAR COLLEGE                     ,VA,24595-9998,Private      ,2,0,2,652,45,697
00374300,UNION THEO SEMINARY & PRESBYTRN SCH     ,VA,23227-0000,Private      ,0,4,4,1,99,100
00374400,UNIVERSITY OF RICHMOND                  ,VA,23173-0001,Private      ,24,31,55,3363,1943,5306
00374500,UNIVERSITY OF VIRGINIA - SFS            ,VA,22903-0000,Public       ,154,100,254,13067,7327,20394
00374600,UNIVERSITY OF MARY WASHINGTON           ,VA,22401-5358,Public       ,39,29,68,3523,747,4270
00374700,UNIV OF VIRGINIA'S COLLEGE AT WISE      ,VA,24293-4412,Public       ,14,11,25,1661,406,2067
00374800,EASTERN SHORE COMMUNITY COLLEGE         ,VA,23410-3000,Public       ,11,27,38,280,537,817
00374900,GEORGE MASON UNIVERSITY                 ,VA,22030-4444,Public       ,232,297,529,12136,10216,22352
00375100,PATRICK HENRY COMMUNITY COLLEGE         ,VA,24112-5311,Public       ,34,139,173,766,1722,2488
00375200,VIRGINIA INTERMONT COLLEGE              ,VA,24201-4298,Private      ,9,11,20,549,325,874
00375300,VIRGINIA MILITARY INSTITUTE             ,VA,24450-2138,Public       ,14,0,14,1270,44,1314
00375400,VIRGINIA POLYTECH INST & STATE UNIV     ,VA,24061-2000,Public       ,171,124,295,20020,3843,23863
00375800,DANVILLE COMMUNITY COLLEGE              ,VA,24541-4004,Public       ,36,167,203,1017,1968,2985
00375900,J. SARGEANT REYNOLDS COMMUNITY CLG      ,VA,23285-0000,Public       ,95,282,377,2675,5475,8150
00376000,VIRGINIA WESTERN CMTY COLLEGE           ,VA,24038-0000,Public       ,31,140,171,1530,2796,4326
00376100,WYTHEVILLE COMMUNITY COLLEGE            ,VA,24382-3308,Public       ,32,68,100,866,1342,2208
00376200,VIRGINIA UNIVERSITY OF LYNCHBURG        ,VA,24501-6400,Private      ,3,11,14,37,160,197
00376400,VIRGINIA STATE UNIVERSITY               ,VA,23806-0001,Public       ,106,66,172,7712,1975,9687
00376500,NORFOLK STATE UNIVERSITY                ,VA,23504-8000,Public       ,119,134,253,7583,4510,12093
00376600,VIRGINIA UNION UNIVERSITY               ,VA,23220-1711,Private      ,38,27,65,2411,710,3121
00376700,VIRGINIA WESLEYAN COLLEGE               ,VA,23502-5599,Private      ,23,12,35,1786,472,2258
00376800,WASHINGTON & LEE UNIVERSITY             ,VA,24450-0303,Private      ,8,1,9,1495,1007,2502
00400400,JOHN TYLER COMMUNITY COLLEGE            ,VA,23831-5316,Public       ,36,154,190,1805,3356,5161
00450301,"EVEREST COLLEGE- EVEREST COLLEGE, MCLEAN",VA,22102-3000,Proprietary  ,27,88,115,28,100,128
00450702,"EVEREST COLLEGE- EVEREST COLLEGE, ARLING",VA,22203-1905,Proprietary  ,78,206,284,87,231,318
00498800,CENTRAL VIRGINIA COMMUNITY COLLEGE      ,VA,24502-2498,Public       ,34,81,115,993,1452,2445
00499200,MILLER-MOTTE TECHNICAL COLLEGE          ,VA,24505-0000,Proprietary  ,13,69,82,114,418,532
00499600,DABNEY S LANCASTER COMMUNITY CLG        ,VA,24422-1000,Public       ,7,25,32,412,432,844
00522300,NEW RIVER COMMUNITY COLLEGE             ,VA,24084-1127,Public       ,29,73,102,1163,1526,2689
00607500,ROANOKE MEM HOSP SCH RAD ONCOLOGY       ,VA,24033-0000,Private      ,0,0,0,2,5,7
00607501,ROANOKE MEM HOSP SCH RAD TECH           ,VA,24014-1850,Private      ,0,0,0,3,9,12
00662200,COLLEGE OF HEALTH SCIENCES - CHRV       ,VA,24031-0000,Private      ,3,17,20,465,737,1202
00681900,BLUE RIDGE COMMUNITY COLLEGE            ,VA,24486-0080,Public       ,27,62,89,1230,1263,2493
00687100,THOMAS NELSON COMMUNITY COLLEGE         ,VA,23670-0000,Public       ,65,270,335,2256,4645,6901
00709900,VIRGINIA HIGHLANDS COMMUNITY CLG        ,VA,24210-4210,Public       ,12,57,69,956,1179,2135
00726000,SOUTHWEST VIRGINIA COMMUNITY CLG        ,VA,24641-1510,Public       ,43,131,174,1043,1683,2726
00859200,LOUISE OBICI SCHOOL OF NURSING          ,VA,23434-8038,Private      ,0,3,3,5,47,52
00859202,SUFFOLK PUB SCH-LOUISE OBICI SCH PN     ,VA,23434-0000,Private      ,0,2,2,1,10,11
00865900,LORD FAIRFAX COMMUNITY COLLEGE          ,VA,22645-0047,Public       ,31,79,110,1015,1378,2393
00866000,GERMANNA COMMUNITY COLLEGE              ,VA,22508-0339,Public       ,36,110,146,966,1536,2502
00866100,SOUTHSIDE VIRGINIA CMTY CLG             ,VA,23821-2930,Public       ,77,261,338,1223,2395,3618
00915900,PAUL D CAMP COMMUNITY COLLEGE           ,VA,23851-0737,Public       ,16,71,87,322,888,1210
00916000,RAPPAHANNOCK COMMUNITY COLLEGE          ,VA,23149-2616,Public       ,17,45,62,490,692,1182
00926700,EVEREST COLLEGE                         ,VA,23606-4203,Proprietary  ,29,162,191,196,1420,1616
00926701,EVEREST COLLEGE - CHESAPEAKE            ,VA,23320-2637,Proprietary  ,49,207,256,56,247,303
00942000,SANFORD-BROWN COLLEGE                   ,VA,22182-3913,Proprietary  ,52,84,136,409,681,1090
00953500,STAUNTON SCHOOL OF COSMETOLOGY          ,VA,24401-4323,Proprietary  ,3,9,12,17,24,41
00953700,VIRGINIA SCH OF HAIR DESIGN             ,VA,23669-0000,Proprietary  ,2,17,19,37,135,172
00962900,MOUNTAIN EMPIRE COMMUNITY COLLEGE       ,VA,24219-0700,Public       ,45,152,197,1047,1673,2720
00992800,PIEDMONT VIRGINIA COMMUNITY COLLEGE     ,VA,22902-7589,Public       ,33,90,123,915,1311,2226
00995800,HICKS ACADEMY OF BEAUTY CULTURE         ,VA,23707-3218,Proprietary  ,0,0,0,2,6,8
01004300,BON SECOURS MEMORIAL SCH OF NURSING     ,VA,23227-4612,Private      ,2,7,9,168,456,624
01019800,ECPI COLLEGE OF TECHNOLOGY              ,VA,23462-6542,Proprietary  ,368,1162,1530,2407,7966,10373
01033800,EASTERN VIRGINIA MEDICAL SCHOOL         ,VA,23501-1980,Private      ,1,10,11,12,1030,1042
01159600,RALPH'S VIRGINIA SCH OF COSMETOLOGY     ,VA,24501-2652,Proprietary  ,1,4,5,19,29,48
01162601,WESTWOOD COLLEGE - SOUTH BAY - ARLINGTON,VA,22203-4167,Proprietary  ,22,33,55,195,268,463
01162602,WESTWOOD COLLEGE - SOUTH BAY - ANNANDALE,VA,22003-2602,Proprietary  ,23,66,89,168,331,499
01274401,SOUTHSIDE REGIONAL MED CTR PROF SCHOOLS ,VA,23803-5133,Proprietary  ,0,3,3,45,245,290
01274402,SOUTHSIDE REG MED CTR SCH RAD TECH      ,VA,23803-0000,Proprietary  ,0,1,1,7,31,38
02053000,LIBERTY UNIVERSITY                      ,VA,24502-0000,Private      ,206,1660,1866,12409,17632,30041
02108800,WARDS CORNER BEAUTY ACADEMY             ,VA,23505-0000,Proprietary  ,11,70,81,42,246,288
02111600,DANVILLE REGIONAL MEDICAL CENTER SCHOOL ,VA,24541-0000,Proprietary  ,1,3,4,28,89,117
02128700,CENTRAL SCHOOL OF PRACTICAL NURSING     ,VA,23502-2230,Public       ,0,0,0,10,53,63
02140000,RIVERSIDE SCHOOL OF HEALTH CAREERS      ,VA,23608-3802,Private      ,0,14,14,83,348,431
02175800,LYNCHBURG GENERAL HOSP SCH OF NURSG     ,VA,24501-0000,Private      ,2,0,2,76,131,207
02197600,WOODROW WILSON REHABILITATION CTR       ,VA,22939-0000,Public       ,14,6,20,41,32,73
02223100,HERITAGE INSTITUTE                      ,VA,22046-4400,Proprietary  ,0,1,1,10,49,59
02242400,HENRICO CTY ST MARYS HOSP PRAC NRSG     ,VA,23075-0000,Public       ,2,4,6,6,44,50
02247200,MEDSPA CAREERS INSTITUTE                ,VA,23606-0000,Proprietary  ,36,83,119,339,1118,1457
02304500,HERITAGE INSTITUTE                      ,VA,20111-0000,Proprietary  ,19,102,121,103,448,551
02320900,TIDEWATER TECH                          ,VA,23517-0000,Proprietary  ,19,74,93,98,360,458
02334400,CENTURA COLLEGE                         ,VA,23452-0000,Proprietary  ,71,556,627,530,3916,4446
02340000,COLONIAL HEIGHTS BEAUTY ACADEMY         ,VA,23834-0000,Proprietary  ,1,11,12,20,61,81
02342700,FORTIS COLLEGE                          ,VA,23502-4101,Proprietary  ,12,59,71,65,325,390
02342701,FORTIS COLLEGE - RICHMOND CAMPUS        ,VA,23236-3472,Proprietary  ,12,47,59,52,249,301
02535400,ECPI TECHNICAL COLLEGE                  ,VA,23236-0000,Proprietary  ,47,92,139,436,717,1153
02538800,SUFFOLK BEAUTY ACADEMY                  ,VA,23434-0000,Proprietary  ,3,15,18,17,69,86
02541200,STRATFORD UNIVERSITY                    ,VA,22043-0000,Proprietary  ,30,156,186,171,470,641
02541201,STRATFORD UNIVERSITY-WOODBRIDGE         ,VA,22192-0000,Proprietary  ,2,7,9,29,85,114
02567300,BRAXTON SCHOOL OF BUSINESS (THE)        ,VA,23230-0000,Proprietary  ,0,0,0,13,46,59
02588901,SANZ SCHOOL                             ,VA,22044-0000,Proprietary  ,0,0,0,1,3,4
02594200,RUDY & KELLY SCHOOL OF HAIR DESIGN      ,VA,23462-0000,Proprietary  ,0,0,0,1,1,2
02605900,TESST COLLEGE OF TECHNOLOGY             ,VA,22312-6342,Proprietary  ,0,1,1,78,305,383
02610100,WASHINGTON COUNTY ADULT SKILL CTR       ,VA,24210-2346,Public       ,3,18,21,21,106,127
03002400,GRAHAM WEBB INTERNATIONAL ACAD HAIR     ,VA,22209-2129,Proprietary  ,11,22,33,36,60,96
03010700,BAR PALMA BEAUTY CAREERS  ACADEMY       ,VA,24014-2255,Proprietary  ,8,20,28,28,68,96
03042800,"VIRGINIA BEACH CITY SCHOOLS, SCH.-PR.NSG",VA,23456-0038,Public       ,1,2,3,10,37,47
03091100,ACT COLLEGE                             ,VA,22209-2297,Proprietary  ,28,111,139,185,617,802
03091300,REGENT UNIVERSITY                       ,VA,23464-9800,Private      ,11,183,194,367,4665,5032
03092700,ECPI TECHNICAL COLLEGE-ROANOKE          ,VA,24012-1603,Proprietary  ,21,71,92,145,447,592
03096500,SPRINGFIELD BEAUTY ACADEMY              ,VA,22003-3016,Proprietary  ,3,23,26,15,119,134
03106500,SENTARA NORFOLK GENERAL HOSPITAL        ,VA,23320-2843,Private      ,3,4,7,132,480,612
03116900,BAPTIST THEOLOGICAL SEM.-RICHMOND       ,VA,23227-0000,Private      ,0,4,4,3,51,54
03126300,TIDEWATER TECH AVIATION                 ,VA,23320-5987,Proprietary  ,16,57,73,97,384,481
03126400,CENTURA COLLEGE                         ,VA,23235-5230,Proprietary  ,31,99,130,118,513,631
03126401,CENTURA COLLEGE - WEST                  ,VA,23294-0000,Proprietary  ,0,1,1,5,32,37
03127500,ADVANCED TECHNOLOGY INSTITUTE           ,VA,23462-2409,Proprietary  ,33,58,91,414,347,761
03280400,VIRGINIA SCHOOL OF MASSAGE              ,VA,22903-0000,Proprietary  ,10,25,35,39,143,182
03409500,RICHMOND SCHOOL OF HEALTH AND TECH      ,VA,23227-0000,Proprietary  ,15,100,115,122,697,819
03455300,CRESCENT COSMETOLOGY UNIVERSITY         ,VA,23666-3115,Proprietary  ,0,1,1,2,10,12
03559300,APPALACHIAN SCHOOL OF LAW               ,VA,24614-0000,Private      ,0,6,6,2,659,661
03638400,TAP THIS VALLEY WORKS CTR FOR EMPLO     ,VA,24016-1901,Private      ,0,6,6,1,33,34
03645400,RUDY & KELLY ACADEMY OF HAIR AND NA     ,VA,23464-6857,Proprietary  ,2,21,23,86,110,196
03654300,CAREER TRAINING SOLUTIONS               ,VA,22406-1014,Proprietary  ,11,47,58,64,305,369
03709300,EDWARD VIA VIRGINIA CLG OSTEOPATHIC MED ,VA,24060-6360,Private      ,1,0,1,8,670,678
03872400,INSTITUTE FOR THE PSYCHOLOGICAL SCIENCES,VA,22202-3609,Private      ,0,0,0,1,60,61
03876300,CULPEPER COSMETOLOGY TRAINING CENTER    ,VA,22701-3155,Public       ,1,4,5,4,21,25
03883400,AVIATION INSTITUTE OF MAINTENANCE       ,VA,20110-4156,Proprietary  ,7,31,38,54,184,238
03966300,CENTRAL BAPTIST THEOLOGICAL SEMINARY OF ,VA,23464-6847,Private      ,0,0,0,1,5,6
04038400,AVI CAREER INSTITUTE                    ,VA,22066-1839,Proprietary  ,3,12,15,5,48,53
04124000,DOMINION SCHOOL OF HAIR DESIGN          ,VA,23062-2221,Proprietary  ,1,5,6,2,12,14
04133400,CENTURA COLLEGE                         ,VA,22312-2670,Proprietary  ,0,21,21,0,21,21
00107000,THUNDERBIRD SCHOOL OF GLOBAL MANAGEMENT ,AZ,85306-6000,Private      ,0,17,17,4,674,678
00107100,ARIZONA WESTERN COLLEGE                 ,AZ,85366-0000,Public       ,89,143,232,2728,2851,5579
00107200,COCHISE COLLEGE                         ,AZ,85607-6190,Public       ,49,119,168,1043,1713,2756
00107300,EASTERN ARIZONA COLLEGE                 ,AZ,85552-0769,Public       ,36,47,83,969,831,1800
00107400,GRAND CANYON UNIVERSITY                 ,AZ,85017-3030,Proprietary  ,68,2654,2722,1130,18294,19424
00107600,GLENDALE COMMUNITY COLLEGE              ,AZ,85302-3090,Public       ,206,385,591,4574,6041,10615
00107700,MESA COMMUNITY COLLEGE                  ,AZ,85202-4866,Public       ,267,563,830,5696,8455,14151
00107800,PHOENIX COLLEGE                         ,AZ,85013-4234,Public       ,147,392,539,2678,5073,7751
00107900,YAVAPAI COLLEGE                         ,AZ,86301-3297,Public       ,66,149,215,1200,1867,3067
00108100,ARIZONA STATE UNIV (ALL CAMPUSES)       ,AZ,85287-0412,Public       ,604,739,1343,28818,22601,51419
00108200,NORTHERN ARIZONA UNIVERSITY             ,AZ,86011-0001,Public       ,212,411,623,12110,9578,21688
00108300,UNIVERSITY OF ARIZONA                   ,AZ,85721-0066,Public       ,299,255,554,19104,11245,30349
00165701,MIDWESTERN UNIVERSITY                   ,AZ,85308-0000,Private      ,1,16,17,54,1898,1952
00446700,TUCSON COLLEGE                          ,AZ,85710-0000,Proprietary  ,36,151,187,186,730,916
00711300,SOUTHWESTERN COLLEGE                    ,AZ,85032-7097,Private      ,9,11,20,317,142,459
00726600,PIMA COUNTY COMMUNITY COLLEGE           ,AZ,85709-1110,Public       ,347,799,1146,6743,9725,16468
00728300,CENTRAL ARIZONA COLLEGE                 ,AZ,85228-9779,Public       ,45,148,193,1175,1820,2995
00822100,UNIVERSAL TECHNICAL INSTITUTE           ,AZ,85323-7946,Proprietary  ,546,520,1066,9979,4609,14588
00824600,DINè COLLEGE                            ,AZ,86556-0126,Public       ,50,102,152,570,1087,1657
00830300,GATEWAY COMMUNITY COLLEGE               ,AZ,85034-1795,Public       ,52,232,284,885,3331,4216
00830302,MARICOPA SKILL CENTER                   ,AZ,85034-0000,Public       ,22,117,139,180,766,946
00830400,SCOTTSDALE COMMUNITY COLLEGE            ,AZ,85250-0000,Public       ,104,168,272,2184,2601,4785
00886400,ARIZONA ACADEMY OF BEAUTY               ,AZ,85712-5021,Proprietary  ,3,8,11,25,62,87
00886500,ARTISTIC BEAUTY COLLEGES-TUCSON         ,AZ,85716-3999,Proprietary  ,36,59,95,181,285,466
00886501,ARTISTIC BEAUTY COLLEGES - TUCSON  - NOR,AZ,85705-1665,Proprietary  ,5,6,11,46,67,113
00945100,BROWN MACKIE COLLEGE                    ,AZ,85712-5300,Proprietary  ,20,101,121,133,534,667
01084700,ARIZONA AUTOMOTIVE INSTITUTE            ,AZ,85301-3503,Proprietary  ,74,150,224,482,877,1359
01085800,AVALON SCHOOL OF COSMETOLOGY            ,AZ,85210-4010,Proprietary  ,25,31,56,108,162,270
01157000,PIMA MEDICAL INSTITUTE-MESA             ,AZ,85202-2950,Proprietary  ,4,26,30,77,281,358
01168900,REFRIGERATION SCHOOL                    ,AZ,85034-0000,Proprietary  ,17,104,121,96,576,672
01180200,ARIZONA ACADEMY OF BEAUTY-NORTH         ,AZ,85705-2720,Proprietary  ,1,11,12,9,47,56
01180800,ARTISTIC BEAUTY COLLEGES-FLAGSTAFF      ,AZ,86004-5119,Proprietary  ,31,60,91,131,268,399
01180801,CLG OF BEAUTY ARTS & SCI/CHANDLER       ,AZ,85224-0000,Proprietary  ,8,25,33,46,142,188
01180802,CLG OF BEAUTY ARTS & SCI/PRESCOTT       ,AZ,86303-0000,Proprietary  ,8,10,18,31,64,95
01186200,NORTHLAND PIONEER COLLEGE               ,AZ,86025-2996,Public       ,22,126,148,345,1189,1534
01186400,MOHAVE COMMUNITY COLLEGE                ,AZ,86409-1238,Public       ,86,416,502,886,3399,4285
01218400,INTERNATIONAL ACAD OF HAIR DESIGN       ,AZ,85225-7198,Proprietary  ,16,33,49,88,142,230
01234300,ARTISTIC BEAUTY COLLEGES-PHOENIX        ,AZ,85304-0000,Proprietary  ,19,60,79,94,192,286
01234301,EMPIRE BEAUTY SCHOOL - AVONDALE         ,AZ,85323-2352,Proprietary  ,3,1,4,23,33,56
01293700,ARTISTIC BEAUTY COLLEGES - PARADISE VALL,AZ,85257-0000,Proprietary  ,11,11,22,38,50,88
02065200,ITT TECHNICAL INSTITUTE                 ,AZ,85282-0000,Proprietary  ,121,295,416,863,2155,3018
02065300,PRESCOTT COLLEGE                        ,AZ,86301-0000,Private      ,7,55,62,359,988,1347
02071200,KAPLAN COLLEGE                          ,AZ,85029-4349,Proprietary  ,46,169,215,212,772,984
02098800,UNIVERSITY OF PHOENIX                   ,AZ,85040-0000,Proprietary  ,4014,77902,81916,16695,351981,368676
02100500,UNIVERSAL TECHNICAL INSTITUTE           ,AZ,85027-0000,Proprietary  ,448,563,1011,7302,5839,13141
02100600,APOLLO COLLEGE                          ,AZ,85015-0000,Proprietary  ,292,764,1056,1604,4674,6278
02113800,ROBERTO-VENN SCH OF LUTHIERY            ,AZ,85040-0000,Proprietary  ,3,3,6,42,34,76
02146600,SOUTH MOUNTAIN COMMUNITY COLLEGE        ,AZ,85040-0000,Public       ,51,135,186,1073,1917,2990
02171500,WESTERN INTERNATIONAL UNIVERSITY        ,AZ,85021-0000,Proprietary  ,13,482,495,147,4694,4841
02173300,DEVOE COLLEGE OF BEAUTY                 ,AZ,85635-0000,Proprietary  ,0,0,0,8,13,21
02174900,COLLINS COLLEGE                         ,AZ,85040-4000,Proprietary  ,108,128,236,1845,1393,3238
02177500,RIO SALADO COMMUNITY COLLEGE            ,AZ,85281-0000,Public       ,76,850,926,779,6767,7546
02181300,LONG TECHNICAL COLLEGE                  ,AZ,85008-6915,Proprietary  ,0,0,0,4,11,15
02192300,MARICOPA BEAUTY COLLEGE                 ,AZ,85323-0000,Proprietary  ,6,12,18,59,72,131
02199900,AMERICAN INDIAN CLG-ASSEMBLIES GOD      ,AZ,85021-0000,Private      ,3,2,5,50,43,93
02217100,PIMA MEDICAL INSTITUTE                  ,AZ,85716-0000,Proprietary  ,329,976,1305,1731,5402,7133
02218800,BROOKLINE COLLEGE                       ,AZ,85019-1600,Proprietary  ,55,384,439,244,1871,2115
02220300,ARTISTIC BEAUTY COLLEGES-GLENDALE       ,AZ,85051-0000,Proprietary  ,28,56,84,99,171,270
02263100,ANTHEM COLLEGE                          ,AZ,85014-0000,Proprietary  ,203,438,641,3035,9373,12408
02280500,CHARLES OF ITALY BEAUTY COLLEGE         ,AZ,86403-0000,Proprietary  ,4,22,26,28,102,130
02295000,EVEREST COLLEGE                         ,AZ,85021-1610,Proprietary  ,93,843,936,560,4316,4876
02295002,EVEREST COLLEGE - MESA                  ,AZ,85206-4704,Proprietary  ,28,96,124,33,123,156
02317800,AMERICAN INSTITUTE OF TECHNOLOGY        ,AZ,85043-0000,Proprietary  ,5,201,206,38,928,966
02361100,ITT TECHNICAL INSTITUTE                 ,AZ,85704-0000,Proprietary  ,87,138,225,593,1123,1716
02491500,THE ART CENTER DESIGN COLLEGE           ,AZ,85716-0000,Proprietary  ,17,31,48,229,411,640
02521500,LAMSON COLLEGE                          ,AZ,85284-1141,Proprietary  ,37,104,141,170,752,922
02559000,UNIVERSITY OF ADVANCING TECHNOLOGY      ,AZ,85283-0000,Proprietary  ,26,48,74,990,655,1645
02561900,TONI AND GUY HAIRDRESSING ACADEMY       ,AZ,85251-3301,Proprietary  ,24,16,40,188,126,314
02582700,CORTIVA INSTITUTE - TUCSON              ,AZ,85710-3503,Proprietary  ,15,31,46,62,135,197
02616700,SCOTTSDALE CULINARY INSTITUTE           ,AZ,85251-2729,Proprietary  ,107,231,338,1343,2109,3452
02623600,PARADISE VALLEY COMMUNITY COLLEGE       ,AZ,85032-1210,Public       ,85,155,240,1405,2216,3621
02623800,CORTIVA INSTITUTE - SCOTTSDALE          ,AZ,85257-4218,Proprietary  ,7,25,32,35,116,151
03005000,SAFFORD COLLEGE OF BEAUTY CULTURE       ,AZ,85546-3309,Proprietary  ,3,12,15,9,42,51
03010613,VIRGINIA COLLEGE - GOLF ACADEMY OF ARIZO,AZ,85225-6742,Proprietary  ,10,9,19,129,154,283
03030604,UTAH COLLEGE OF MASSAGE THERAPY - ARIZON,AZ,85282-0000,Proprietary  ,26,51,77,203,338,541
03030605,UTAH COLLEGE OF MASSAGE THERAPY - ARIZON,AZ,85051-3470,Proprietary  ,42,66,108,205,382,587
03034400,CONSERVATORY RECORDING ARTS & SCIS      ,AZ,85282-1707,Proprietary  ,50,67,117,493,590,1083
03072200,CHANDLER-GILBERT COMMUNITY COLLEGE      ,AZ,85225-2499,Public       ,86,186,272,1834,2537,4371
03076400,BRYMAN SCHOOL OF ARIZONA                ,AZ,85029-4919,Proprietary  ,309,707,1016,2498,4252,6750
03076406,BRYMAN SCHOOL OF ARIZONA (THE) - TEMPE  ,AZ,85284-0000,Proprietary  ,0,2,2,0,3,3
03097800,CARSTEN INSTITUTE OF HAIR & BEAUTY      ,AZ,85282-5404,Proprietary  ,24,24,48,140,139,279
03100400,COCONINO COUNTY COMMUNITY COLLEGE       ,AZ,86001-2701,Public       ,34,56,90,816,1147,1963
03107000,SOUTHWEST CLG OF NATUROPATHIC MED       ,AZ,85282-0000,Private      ,0,13,13,7,423,430
03115000,ARIZONA COLLEGE OF ALLIED HEALTH        ,AZ,85302-3843,Proprietary  ,18,91,109,85,461,546
03120300,COLLEGE AMERICA                         ,AZ,86004-3936,Proprietary  ,11,73,84,104,360,464
03156300,ESTRELLA MOUNTAIN COMMUNITY COLLEGE     ,AZ,85392-1010,Public       ,71,152,223,1197,1957,3154
03156301,ESTRELLA MOUNTAIN COMMUNITY COLLEGE - SO,AZ,85392-1010,Public       ,21,45,66,236,502,738
03347300,INTERNATIONAL BAPTIST COLLEGE           ,AZ,85282-6799,Private      ,4,2,6,31,18,49
03445300,HDS TRUCK DRIVING INSTITUTE             ,AZ,85731-0000,Proprietary  ,1,42,43,11,190,201
03478400,PHOENIX SEMINARY                        ,AZ,85018-7611,Private      ,0,4,4,1,53,54
03572300,EAST VALLEY INSTITUTE OF TECHNOLOGY     ,AZ,85201-6910,Public       ,5,7,12,61,101,162
03593300,SOUTHWEST INSTITUTE OF HEALING ARTS     ,AZ,85281-3658,Proprietary  ,8,40,48,76,398,474
03617500,PHOENIX INSTITUTE OF HERBAL MEDICINE & A,AZ,85012-0000,Proprietary  ,0,5,5,2,93,95
03695500,ARIZONA SCHOOL OF ACUPUNCTURE AND ORIENT,AZ,85712-1100,Proprietary  ,0,4,4,3,53,56
03740500,ART INSTITUTE OF TUCSON (THE)           ,AZ,85712-2732,Proprietary  ,9,32,41,91,130,221
03784400,TOHONO O'ODHAM COMMUNITY COLLEGE        ,AZ,85634-3129,Public       ,2,10,12,16,69,85
03814300,TURNING POINT BEAUTY COLLEGE            ,AZ,85222-4229,Proprietary  ,1,5,6,11,44,55
04051300,ART INSTITUTE OF PHOENIX (THE)          ,AZ,85021-2859,Proprietary  ,59,66,125,993,844,1837
04059300,TUCSON COLLEGE OF BEAUTY                ,AZ,85705-2451,Proprietary  ,6,11,17,39,57,96
04120900,ARIZONA CULINARY INSTITUTE              ,AZ,85259-4939,Proprietary  ,15,33,48,93,153,246
00142800,DELAWARE STATE UNIVERSITY               ,DE,19901-2277,Public       ,106,41,147,5573,1463,7036
00142900,GOLDEY BEACOM COLLEGE                   ,DE,19808-1993,Private      ,9,27,36,490,411,901
00143100,UNIVERSITY OF DELAWARE                  ,DE,19716-0099,Public       ,158,82,240,17766,2130,19896
00143300,WESLEY COLLEGE                          ,DE,19901-3875,Private      ,22,15,37,2057,363,2420
00143301,WESLEY COLLEGE-CTR FOR ADULT STUDIE     ,DE,19720-0000,Private      ,3,71,74,44,505,549
00331301,WIDENER UNIV SCHOOL OF LAW - DE         ,DE,19803-0000,Private      ,1,10,11,25,1527,1552
00705300,DELAWARE TECH & CMTY COLLEGE-OWENS      ,DE,19947-0000,Public       ,53,148,201,1403,1982,3385
00794800,WILMINGTON UNIVERSITY                   ,DE,19720-6491,Private      ,42,340,382,1421,4647,6068
01172700,DELAWARE TECH & CMTY CLG-TERRY          ,DE,19901-8736,Public       ,32,104,136,1290,1670,2960
01195002,DELAWARE COLLEGE OF ART & DESIGN        ,DE,19801-0000,Private      ,5,2,7,297,58,355
02125200,BEEBE SCHOOL OF NURSING                 ,DE,19958-1462,Private      ,0,1,1,28,34,62
02144900,DELAWARE TECH & CMTY CLG-STANTN/WLM     ,DE,19801-0000,Public       ,63,134,197,2316,2745,5061
02190400,SCHILLING DOUGLAS SCH OF HAIR DSGN      ,DE,19711-0000,Proprietary  ,5,22,27,80,152,232
02586902,STAR TECHNICAL INSTITUTE -              ,DE,19901-4615,Proprietary  ,6,53,59,44,280,324
03021000,HARRISON CAREER INSTITUTE               ,DE,19804-3259,Proprietary  ,0,0,0,0,1,1
03025800,DAWN TRAINING CENTRE                    ,DE,19805-1511,Proprietary  ,10,90,100,74,431,505
03543300,HARRIS SCHOOL OF BUSINESS               ,DE,19803-5341,Proprietary  ,32,102,134,91,424,515
03702300,DELAWARE LEARNING INSTITUTE OF COSMETOLO,DE,19939-9759,Proprietary  ,5,11,16,34,76,110
00143400,AMERICAN UNIVERSITY                     ,DC,20016-8020,Private      ,72,94,166,9832,8477,18309
00143700,CATHOLIC UNIVERSITY OF AMERICA          ,DC,20064-0002,Private      ,31,54,85,3966,2023,5989
00143711,"CATHOLIC UNIV AMERICA, LAW SCHOOL       ",DC,20064-0000,Private      ,1,5,6,29,1339,1368
00144100,UNIV OF THE DISTRICT OF COLUMBIA        ,DC,20008-0000,Public       ,54,188,242,1743,3708,5451
00144102,UNIVERSITY OF THE DISTRICT OF COLUMBIA -,DC,20008-1173,Public       ,0,4,4,37,589,626
00144300,GALLAUDET UNIVERSITY                    ,DC,20002-3695,Private      ,10,9,19,791,705,1496
00144400,GEORGE WASHINGTON UNIVERSITY            ,DC,20052-2353,Private      ,59,258,317,10675,8084,18759
00144402,GEORGE WASHINGTON UNIV LAW SCHL         ,DC,20052-0000,Private      ,0,10,10,16,4415,4431
00144403,GEORGE WASHINGTON UNIV SCH MED          ,DC,20052-0000,Private      ,2,10,12,36,1050,1086
00144500,GEORGETOWN UNIVERSITY                   ,DC,20057-1252,Private      ,90,98,188,10019,4623,14642
00144501,"GEORGETOWN UNIV, SCH OF MEDICINE        ",DC,20007-0000,Private      ,1,6,7,33,1183,1216
00144503,GEORGETOWN UNIV LAW CENTER              ,DC,20001-0000,Private      ,1,15,16,25,4739,4764
00144800,HOWARD UNIVERSITY                       ,DC,20059-0001,Private      ,201,142,343,11315,7481,18796
00145600,SOUTHEASTERN UNIVERSITY                 ,DC,20024-2788,Private      ,5,59,64,158,966,1124
00145900,STRAYER UNIVERSITY                      ,DC,20005-2603,Proprietary  ,224,4849,5073,1415,35675,37090
00146000,TRINITY UNIVERSITY                      ,DC,20017-1004,Private      ,22,79,101,813,1393,2206
00146400,WESLEY THEOLOGICAL SEMINARY             ,DC,20016-0000,Private      ,0,9,9,1,265,266
00207701,JOHNS HOPKINS UNIV SCH ADV INTL STU     ,DC,20036-0000,Private      ,1,18,19,21,1206,1227
01006500,WASHINGTON THEOLOGICAL UNION            ,DC,20012-0000,Private      ,0,2,2,1,46,47
01195000,THE CORCORAN COLLEGE OF ART & DESIG     ,DC,20006-4804,Private      ,11,14,25,375,275,650
01266500,HARRISON CTR FOR CAREER EDUCATION       ,DC,20001-5303,Private      ,0,0,0,1,7,8
01280300,DOMINICAN HOUSE OF STUDIES              ,DC,20017-1584,Private      ,0,1,1,1,11,12
02132800,NAT'L CONSERVATORY DRAMATIC ARTS        ,DC,20007-2758,Private      ,0,3,3,6,25,31
02279200,DUDLEY BEAUTY COLG-WASHINGTON           ,DC,20018-0000,Proprietary  ,3,24,27,44,154,198
02588900,SANZ SCHOOL                             ,DC,20006-0000,Proprietary  ,64,280,344,254,1204,1458
03104300,CAREER BLAZERS LEARNING CENTER OF WASHIN,DC,20037-1881,Proprietary  ,17,158,175,103,723,826
03218300,POTOMAC COLLEGE                         ,DC,20016-1860,Proprietary  ,3,88,91,28,431,459
03409600,BENNETT CAREER INSTITUTE                ,DC,20017-1754,Proprietary  ,6,38,44,68,252,320
03750300,TECHNICAL LEARNING CENTERS              ,DC,20005-3415,Proprietary  ,1,6,7,42,197,239
00154100,ABRAHAM BALDWIN AGRICULTURAL CLG        ,GA,31794-0000,Public       ,56,65,121,2890,1477,4367
00154200,AGNES SCOTT COLLEGE                     ,GA,30030-3797,Private      ,11,10,21,1121,275,1396
00154300,DARTON COLLEGE                          ,GA,31707-3098,Public       ,90,242,332,2162,4021,6183
00154400,ALBANY STATE UNIVERSITY                 ,GA,31705-2796,Public       ,119,132,251,6061,3395,9456
00154500,ANDREW COLLEGE                          ,GA,39840-1313,Private      ,7,3,10,349,52,401
00154600,ARMSTRONG ATLANTIC STATE UNIVERSITY     ,GA,31419-1997,Public       ,88,205,293,3677,4813,8490
00154700,ATLANTA CHRISTIAN COLLEGE               ,GA,30344-1999,Private      ,4,6,10,397,169,566
00155200,AUGUSTA STATE UNIVERSITY                ,GA,30904-2200,Public       ,83,207,290,4112,4271,8383
00155400,BERRY COLLEGE                           ,GA,30149-5007,Private      ,10,9,19,2099,216,2315
00155500,THOMAS UNIVERSITY                       ,GA,31792-7499,Private      ,10,65,75,295,868,1163
00155600,BRENAU UNIVERSITY                       ,GA,30501-3668,Private      ,22,115,137,1085,2369,3454
00155700,BREWTON PARKER COLLEGE                  ,GA,30445-0000,Private      ,17,41,58,669,762,1431
00155800,COASTAL GEORGIA COMMUNITY COLLEGE       ,GA,31520-3644,Public       ,53,106,159,1256,2319,3575
00155900,CLARK ATLANTA UNIVERSITY                ,GA,30314-4385,Private      ,287,102,389,12418,3979,16397
00156000,COLUMBIA THEOLOGICAL SEMINARY           ,GA,30031-0000,Private      ,1,4,5,2,159,161
00156100,COLUMBUS STATE UNIVERSITY               ,GA,31907-5645,Public       ,82,173,255,5071,4331,9402
00156200,GEORGIA PERIMETER COLLEGE               ,GA,30021-0000,Public       ,382,819,1201,10127,13897,24024
00156300,EMMANUEL COLLEGE                        ,GA,30639-0000,Private      ,6,5,11,663,163,826
00156400,EMORY UNIVERSITY                        ,GA,30322-1960,Private      ,102,164,266,8635,7404,16039
00156600,FORT VALLEY STATE UNIVERSITY            ,GA,31030-3298,Public       ,89,55,144,3822,1423,5245
00156700,GAINESVILLE STATE COLLEGE               ,GA,30503-0000,Public       ,123,125,248,4169,2103,6272
00156800,INTERDENOMINATIONAL THEOLOGY CENTER     ,GA,30314-0000,Private      ,0,21,21,3,543,546
00156900,GEORGIA INSTITUTE OF TECHNOLOGY         ,GA,30332-0002,Public       ,183,118,301,12483,3221,15704
00157000,SOUTHERN POLYTECHNIC STATE UNIV         ,GA,30060-2896,Public       ,59,90,149,2237,1761,3998
00157100,GEORGIA MILITARY COLLEGE                ,GA,31061-3398,Public       ,170,313,483,2701,3558,6259
00157200,GEORGIA SOUTHERN UNIVERSITY             ,GA,30460-8065,Public       ,387,219,606,14769,4663,19432
00157300,GEORGIA SOUTHWESTERN STATE UNIV         ,GA,31709-4693,Public       ,17,40,57,1659,1352,3011
00157400,GEORGIA STATE UNIVERSITY                ,GA,30303-3010,Public       ,389,676,1065,18507,19039,37546
00157500,GORDON COLLEGE                          ,GA,30204-1762,Public       ,73,87,160,3498,1800,5298
00157700,KENNESAW STATE UNIVERSITY               ,GA,30144-5591,Public       ,262,495,757,10520,9685,20205
00157800,LAGRANGE COLLEGE                        ,GA,30240-2999,Private      ,20,38,58,1270,539,1809
00157900,MEDICAL COLLEGE OF GEORGIA              ,GA,30912-0004,Public       ,17,68,85,471,2266,2737
00158000,MERCER UNIVERSITY                       ,GA,31207-0003,Private      ,53,254,307,3743,6526,10269
00158100,MIDDLE GEORGIA COLLEGE                  ,GA,31014-1599,Public       ,75,108,183,2968,1612,4580
00158200,MOREHOUSE COLLEGE                       ,GA,30314-3773,Private      ,81,28,109,4189,727,4916
00158500,NORTH GEORGIA COLLEGE & STATE UNIV      ,GA,30597-0001,Public       ,65,90,155,2966,1554,4520
00158600,OGLETHORPE UNIVERSITY                   ,GA,30319-2737,Private      ,24,22,46,903,436,1339
00158700,PAINE COLLEGE                           ,GA,30901-3182,Private      ,33,16,49,1562,458,2020
00158800,PIEDMONT COLLEGE                        ,GA,30535-5644,Private      ,12,136,148,796,1899,2695
00158900,REINHARDT COLLEGE                       ,GA,30183-2981,Private      ,6,18,24,888,309,1197
00159000,SAVANNAH STATE UNIVERSITY               ,GA,31404-5298,Public       ,103,75,178,4837,2012,6849
00159100,SHORTER COLLEGE                         ,GA,30165-4298,Private      ,31,367,398,1247,2844,4091
00159200,SOUTH GEORGIA COLLEGE                   ,GA,31533-8104,Public       ,43,51,94,1314,924,2238
00159400,SPELMAN COLLEGE                         ,GA,30314-4399,Private      ,113,30,143,5181,929,6110
00159600,TOCCOA FALLS COLLEGE                    ,GA,30598-0001,Private      ,2,5,7,1028,239,1267
00159700,TRUETT MCCONNELL COLLEGE                ,GA,30528-1264,Private      ,11,4,15,482,68,550
00159800,UNIVERSITY OF GEORGIA                   ,GA,30602-6114,Public       ,323,261,584,18134,9101,27235
00159900,VALDOSTA STATE UNIVERSITY               ,GA,31698-0001,Public       ,213,191,404,9359,4368,13727
00160000,WESLEYAN COLLEGE                        ,GA,31210-4407,Private      ,5,20,25,355,471,826
00160100,UNIV OF WEST GEORGIA                    ,GA,30118-0002,Public       ,128,192,320,8127,4237,12364
00160200,GEORGIA COLLEGE & STATE UNIVERSITY      ,GA,31061-0490,Public       ,76,82,158,4671,1748,6419
00160400,YOUNG HARRIS COLLEGE                    ,GA,30582-4137,Private      ,14,6,20,720,35,755
00348400,COVENANT COLLEGE                        ,GA,30750-4164,Private      ,9,40,49,1160,405,1565
00395600,DALTON STATE COLLEGE                    ,GA,30720-3797,Public       ,58,159,217,2138,2514,4652
00402400,GEORGIA NORTHWESTERN TECHNICAL COLLEGE  ,GA,30161-6757,Public       ,74,321,395,897,2563,3460
00402403,NORTHWESTERN TECHNICAL COLLEGE          ,GA,30739-0569,Public       ,54,355,409,626,2292,2918
00411700,GRADY HEALTH SYSTEM                     ,GA,30303-3050,Public       ,1,7,8,82,205,287
00525400,LANIER TECHNICAL COLLEGE                ,GA,30566-3499,Public       ,42,153,195,643,2043,2686
00525500,MOULTRIE TECHNICAL COLLEGE              ,GA,31768-0000,Public       ,59,241,300,593,2193,2786
00525600,VALDOSTA TECHNICAL COLLEGE              ,GA,31603-0000,Public       ,53,222,275,783,2324,3107
00551100,OKEFENOKEE TECHNICAL COLLEGE            ,GA,31501-4016,Public       ,36,187,223,401,1341,1742
00559900,AUGUSTA TECHNICAL COLLEGE               ,GA,30906-3399,Public       ,118,457,575,1729,4947,6676
00560000,ATHENS TECHNICAL COLLEGE                ,GA,30601-1579,Public       ,110,355,465,1751,3732,5483
00560100,ALBANY TECHNICAL COLLEGE                ,GA,31701-2648,Public       ,96,392,488,1046,3520,4566
00561300,FLINT RIVER TECHNICAL INSTITUTE         ,GA,30286-0014,Public       ,16,99,115,174,983,1157
00561500,SOUTHWEST GEORGIA TECHNICAL COLLEGE     ,GA,31792-2622,Public       ,47,157,204,533,1684,2217
00561700,SOUTH GEORGIA TECHNICAL COLLEGE         ,GA,31709-8167,Public       ,59,137,196,738,1371,2109
00561800,SAVANNAH TECHNICAL COLLEGE              ,GA,31405-5594,Public       ,177,776,953,1913,6502,8415
00561900,NORTH GEORGIA TECHNICAL COLLEGE         ,GA,30523-0000,Public       ,57,193,250,830,1711,2541
00562000,CHATTAHOOCHEE TECHNICAL COLLEGE         ,GA,30060-3398,Public       ,122,326,448,1884,3919,5803
00562004,NORTH METRO TECHNICAL COLLEGE           ,GA,30102-3129,Public       ,119,303,422,1119,2309,3428
00562005,APPALACHIAN TECHNICAL COLLEGE           ,GA,30143-0000,Public       ,12,91,103,230,658,888
00562100,GRIFFIN TECHNICAL COLLEGE               ,GA,30223-2097,Public       ,86,380,466,1017,3134,4151
00562200,DEKALB TECHNICAL COLLEGE                ,GA,30021-0000,Public       ,97,562,659,1150,4619,5769
00562400,COLUMBUS TECHNICAL COLLEGE              ,GA,31904-6572,Public       ,71,315,386,1079,3577,4656
00576300,CENTRAL GEORGIA TECHNICAL COLLEGE       ,GA,31206-3628,Public       ,122,582,704,1495,6165,7660
00772800,MACON STATE COLLEGE                     ,GA,31206-5145,Public       ,73,230,303,3050,5110,8160
00854300,ATLANTA TECHNICAL COLLEGE               ,GA,30310-4499,Public       ,95,446,541,1417,4611,6028
00897600,CLAYTON STATE UNIVERSITY                ,GA,30260-0285,Public       ,79,288,367,4360,6562,10922
00918300,EAST CENTRAL TECHNICAL COLLEGE          ,GA,31750-0000,Public       ,40,138,178,288,1060,1348
00927000,ART INSTITUTE OF ATLANTA                ,GA,30328-1649,Proprietary  ,400,484,884,5506,4102,9608
00950700,GEORGIA HIGHLANDS COLLEGE               ,GA,30162-0000,Public       ,72,133,205,2431,2164,4595
01031903,MEDIX SCHOOL                            ,GA,30080-7630,Proprietary  ,40,156,196,219,841,1060
01035601,EVEREST INSTITUTE - DEKALB              ,GA,30035-3420,Proprietary  ,55,165,220,65,212,277
01048700,WEST GEORGIA TECHNICAL COLLEGE          ,GA,30182-6476,Public       ,73,356,429,1184,3273,4457
01048704,WEST GEORGIA TECHNICAL COLLEGE          ,GA,30240-5957,Public       ,36,144,180,478,1408,1886
01077100,GUPTON JONES COLLEGE                    ,GA,30035-4022,Private      ,10,32,42,104,256,360
01099700,EAST GEORGIA COLLEGE                    ,GA,30401-2699,Public       ,72,60,132,1667,812,2479
01107400,BAINBRIDGE COLLEGE                      ,GA,39819-8400,Public       ,46,238,284,941,2659,3600
01110901,EVEREST COLLEGE - EVEREST INSTITUTE     ,GA,30067-8340,Proprietary  ,32,147,179,49,209,258
01112301,EVEREST COLLEGE - EVEREST INSTITUTE- NOR,GA,30093-2813,Proprietary  ,49,188,237,61,228,289
01157400,BAUDER COLLEGE                          ,GA,30313-2439,Proprietary  ,56,95,151,672,953,1625
01205100,PRO WAY HAIR SCHOOL                     ,GA,30083-2884,Proprietary  ,4,61,65,80,284,364
01216500,ATLANTA METROPOLITAN COLLEGE            ,GA,30310-4498,Public       ,79,197,276,1749,2755,4504
01303900,SOUTH UNIVERSITY                        ,GA,31406-4881,Proprietary  ,145,2211,2356,950,10836,11786
02055000,WAYCROSS COLLEGE                        ,GA,31503-0000,Public       ,10,32,42,502,638,1140
02060900,BROWN CLG OF COURT REPORTING & M.T.     ,GA,30318-2570,Proprietary  ,3,24,27,22,307,329
02074800,LIFE UNIVERSITY                         ,GA,30060-0000,Private      ,10,59,69,260,1920,2180
02089700,HERZING COLLEGE                         ,GA,30326-1332,Proprietary  ,31,83,114,236,971,1207
02110501,ART INSTITUTE OF CHARLOTTE (THE) - BROWN,GA,30319-3054,Proprietary  ,0,3,3,38,33,71
02113604,AMERICAN INTERCONTINENTAL UNIV - DUNWOOD,GA,30328-1649,Proprietary  ,44,212,256,755,2154,2909
02116000,SANFORD-BROWN COLLEGE                   ,GA,30328-4803,Proprietary  ,51,242,293,421,2217,2638
02141500,SAVANNAH COLLEGE OF ART & DESIGN        ,GA,31402-3146,Private      ,117,97,214,7311,2975,10286
02202800,AUGUSTA AREA DIET INTERN UNIV HOSP      ,GA,30901-0000,Private      ,0,1,1,1,18,19
02205300,SAVANNAH RIVER COLLEGE                  ,GA,30909-0000,Proprietary  ,13,71,84,75,458,533
02217200,PORTFOLIO CENTER                        ,GA,30309-0000,Proprietary  ,2,7,9,31,135,166
02263105,ANTHEM COLLEGE - HIGH-TECH INSTITUTE - M,GA,30324-3398,Proprietary  ,0,3,3,1,6,7
02266200,AMERICAN PROFESSIONAL INSTITUTE         ,GA,31201-0000,Proprietary  ,28,192,220,168,1094,1262
02279500,HEART OF GEORGIA TECHNICAL COLLEGE      ,GA,31021-0000,Public       ,26,126,152,360,1170,1530
02284300,INTERACTIVE COLLEGE OF TECHNOLOGY       ,GA,30341-0000,Proprietary  ,48,280,328,243,1617,1860
02284308,INTERACTIVE LEARNING SYSTEMS            ,GA,30260-0000,Proprietary  ,10,50,60,66,264,330
02284309,INTERACTIVE COLLEGE OF TECHNOLOGY       ,GA,30501-0000,Proprietary  ,6,48,54,33,203,236
02285500,"CREATIVE CIRCUS, THE                    ",GA,30324-0000,Proprietary  ,5,12,17,62,240,302
02288400,GWINNETT TECHNICAL INSTITUTE            ,GA,30043-5702,Public       ,156,496,652,2018,4961,6979
02313902,WESTWOOD COLLEGE - O'HARE AIRPORT - ATLA,GA,30345-2807,Proprietary  ,24,66,90,243,444,687
02318600,GEORGIA MEDICAL INSTITUTE               ,GA,30303-0000,Proprietary  ,6,23,29,495,2005,2500
02321400,ROFFLER-MOLER HAIRSTYLING COLLEGE       ,GA,30062-0000,Proprietary  ,5,21,26,34,129,163
02354500,SOUTHEASTERN BEAUTY SCHOOLS             ,GA,31906-0000,Proprietary  ,3,28,31,17,147,164
02482100,MOREHOUSE SCHOOL OF MEDICINE            ,GA,30310-0000,Private      ,2,6,8,103,548,651
02502700,ADVANCED CAREER TRAINING                ,GA,30329-0000,Proprietary  ,19,65,84,127,489,616
02502701,ADVANCED CAREER TRAINING-RIVERDALE      ,GA,30274-0000,Proprietary  ,15,96,111,96,552,648
02508600,MIDDLE GEORGIA TECHNICAL COLLEGE        ,GA,31088-0000,Public       ,75,302,377,808,2091,2899
02520000,INTERNATIONAL SCH SKIN & NAILCARE       ,GA,30342-1119,Proprietary  ,7,53,60,36,281,317
02577000,ARNOLD / PADRICKS  UNIV OF COSM         ,GA,30297-0000,Proprietary  ,5,35,40,32,156,188
02577700,BEAUTY COLLEGE OF AMERICA               ,GA,30297-0000,Proprietary  ,2,9,11,16,78,94
02578300,INTERNATIONAL CITY BEAUTY COLLEGE       ,GA,31093-3631,Proprietary  ,2,23,25,5,40,45
02580200,ATLANTA SCHOOL OF MASSAGE               ,GA,30338-0000,Proprietary  ,12,48,60,79,304,383
02583000,GWINNETT COLLEGE OF BUSINESS            ,GA,30047-3447,Proprietary  ,12,92,104,124,677,801
02607600,CAPELLI LEARNING CTR FOR COSM           ,GA,30324-0000,Proprietary  ,9,28,37,65,188,253
03005400,ARTISTIC BEAUTY COLLEGE                 ,GA,30013-2076,Proprietary  ,56,166,222,260,739,999
03022601,WESTERN CULINARY INSTITUTE - LE CORDON B,GA,30084-5893,Proprietary  ,7,12,19,106,139,245
03030000,OGEECHEE TECHNICAL COLLEGE              ,GA,30458-8049,Public       ,77,246,323,1053,2144,3197
03032100,ALTAMAHA TECHNICAL COLLEGE              ,GA,31545-4465,Public       ,19,97,116,278,965,1243
03042700,LAURUSTECHNICAL INSTITUTE               ,GA,30030-1506,Proprietary  ,19,164,183,67,649,716
03066500,SOUTHEASTERN TECHNICAL COLLEGE          ,GA,30474-8817,Public       ,28,119,147,326,1031,1357
03066502,SWAINSBORO TECHNICAL COLLEGE            ,GA,30401-5700,Public       ,13,84,97,209,680,889
03072304,EVEREST COLLEGE - EVEREST INSTITUTE     ,GA,30236-0000,Proprietary  ,65,237,302,121,402,523
03076300,BEULAH HEIGHTS BIBLE COLLEGE            ,GA,30316-1873,Private      ,4,37,41,38,660,698
03079202,WESTWOOD COLLEGE - ATLANTA MIDTOWN      ,GA,30309-2848,Proprietary  ,52,92,144,612,744,1356
03081500,SOUTHEASTERN BEAUTY SCHOOL              ,GA,31917-0000,Proprietary  ,3,26,29,15,151,166
03089100,GEORGIA INSTITUTE OF COSMETOLOGY        ,GA,30606-3152,Proprietary  ,9,36,45,95,270,365
03090600,COBB BEAUTY COLLEGE                     ,GA,30144-2828,Proprietary  ,1,3,4,14,62,76
03100900,LUTHER RICE UNIVERSITY                  ,GA,30038-2454,Private      ,1,25,26,15,619,634
03102000,RIVERTOWN SCHOOL OF BEAUTY              ,GA,31904-4747,Proprietary  ,10,38,48,53,172,225
03104500,ATLANTA INSTITUTE OF MUSIC              ,GA,30096-4988,Proprietary  ,11,9,20,132,96,228
03116100,VOGUE BEAUTY SCHOOL                     ,GA,30141-2226,Proprietary  ,3,17,20,24,99,123
03155500,SANDERSVILLE REGIONAL TECH INST         ,GA,31082-6179,Public       ,17,64,81,171,542,713
03173300,ATLANTA'S JOHN MARSHALL LAW SCHOOL      ,GA,30309-0000,Proprietary  ,0,14,14,10,986,996
03232303,COMPUTER-ED INSTITUTE-                  ,GA,30071-0000,Proprietary  ,0,0,0,46,409,455
03232304,LINCOLN COLLEGE OF TECHNOLOGY           ,GA,30067-8638,Proprietary  ,33,89,122,180,652,832
03251300,BEACON UNIVERSITY                       ,GA,31909-4663,Private      ,1,10,11,34,301,335
03355402,PSYCHOLOGICAL STUDIES INSTITUTE -       ,GA,30327-2921,Private      ,0,5,5,14,190,204
03391300,ROSS MEDICAL EDUCATION CENTER           ,GA,30033-3105,Proprietary  ,3,16,19,17,110,127
03418300,GWINNETT COLLEGE-SANDY SPRINGS          ,GA,30328-3161,Proprietary  ,2,18,20,38,204,242
03445500,FAYETTE BEAUTY ACADEMY                  ,GA,30214-1191,Proprietary  ,2,11,13,23,51,74
03522300,POWDER SPRINGS BEAUTY COLLEGE           ,GA,30127-2926,Proprietary  ,0,3,3,6,57,63
03523300,AVIATION INSTITUTE OF MAINTENANCE       ,GA,30045-6716,Proprietary  ,17,71,88,125,521,646
03576300,GEORGIA AVIATION AND TECHNICAL COLL     ,GA,31023-0000,Public       ,0,0,0,54,36,90
03753400,MICHAEL'S SCHOOL OF BEAUTY              ,GA,31211-1493,Proprietary  ,9,16,25,36,183,219
03804400,JAVELIN TECHNICAL TRAINING CENTER       ,GA,30339-6040,Proprietary  ,79,334,413,290,1395,1685
03804401,JAVELIN TECHNICAL TRAINING CENTER -     ,GA,30260-1756,Proprietary  ,1,1,2,1,1,2
03804402,JAVELIN TECHNICAL TRAINING CENTER -     ,GA,30084-5252,Proprietary  ,0,3,3,0,3,3
03812300,OMNITECH INSTITUTE                      ,GA,30035-1206,Proprietary  ,33,83,116,125,442,567
04021300,AUGUSTA SCHOOL OF MASSAGE               ,GA,30809-0000,Proprietary  ,1,7,8,15,46,61
04091300,SAVANNAH SCHOOL OF MASSAGE THERAPY      ,GA,31406-2711,Private      ,4,9,13,17,72,89
04105300,NIGHTINGALE MEDICAL INSTITUTE           ,GA,30084-4036,Proprietary  ,32,92,124,63,227,290
04126800,ACADEMY OF SOMATIC HEALING ARTS (ASHA)  ,GA,30071-1024,Proprietary  ,4,20,24,7,30,37
04128500,SOUTHERN CATHOLIC COLLEGE               ,GA,30534-3111,Private      ,87,10,97,87,10,97
        ,CHICAGO THEOLOGICAL SEMINARY            ,IL,60637-0000,Private      ,0,7,7,2,153,155
00162800,AMERICAN ACADEMY OF ART                 ,IL,60604-4302,Proprietary  ,8,2,10,436,122,558
00163300,AUGUSTANA COLLEGE                       ,IL,61201-2296,Private      ,9,4,13,3199,112,3311
00163400,AURORA UNIVERSITY                       ,IL,60506-4892,Private      ,15,104,119,1962,2170,4132
00163500,BARAT COLLEGE                           ,IL,60045-3297,Private      ,0,0,0,3,4,7
00163600,SOUTHWESTERN ILLINOIS COLLEGE           ,IL,62221-5899,Public       ,149,359,508,3102,5686,8788
00163800,BLACK HAWK COLLEGE                      ,IL,61265-5899,Public       ,50,135,185,1966,2773,4739
00163900,BLACKBURN COLLEGE                       ,IL,62626-1498,Private      ,4,7,11,883,121,1004
00164000,PRAIRIE STATE COLLEGE                   ,IL,60411-8226,Public       ,67,206,273,1676,3360,5036
00164100,BRADLEY UNIVERSITY                      ,IL,61625-0002,Private      ,35,26,61,5740,1040,6780
00164300,SPOON RIVER COLLEGE                     ,IL,61520-8907,Public       ,14,29,43,708,715,1423
00164700,CITY COLLEGES OF CHICAGO                ,IL,60606-6998,Public       ,10,13,23,257,428,685
00164800,TRUMAN COLLEGE                          ,IL,60640-5691,Public       ,86,216,302,1811,3287,5098
00164900,RICHARD J DALEY COLLEGE                 ,IL,60652-1299,Public       ,98,297,395,1901,3222,5123
00165000,CITY COLLEGES OF CHICAGO-MALCOLM X      ,IL,60612-3197,Public       ,106,331,437,1632,4384,6016
00165200,HAROLD WASHINGTON COLLEGE               ,IL,60601-2403,Public       ,199,309,508,3524,4807,8331
00165400,KENNEDY KING COLLEGE                    ,IL,60621-3798,Public       ,157,576,733,2123,6741,8864
00165500,WRIGHT COLLEGE                          ,IL,60634-1591,Public       ,114,170,284,2991,3405,6396
00165700,MIDWESTERN UNIVERSITY                   ,IL,60515-1200,Private      ,1,6,7,111,2439,2550
00165900,ROSALIND FRANKLIN UNIVERSITY OF MEDICINE,IL,60064-3095,Private      ,2,21,23,13,1880,1893
00166300,SPERTUS COLLEGE                         ,IL,60605-1995,Private      ,0,15,15,1,83,84
00166400,UNIVERSITY OF ST FRANCIS                ,IL,60435-6188,Private      ,11,62,73,1275,1619,2894
00166500,COLUMBIA COLLEGE                        ,IL,60605-1996,Private      ,175,135,310,10211,4335,14546
00166600,CONCORDIA UNIVERSITY                    ,IL,60305-1499,Private      ,10,188,198,1232,2604,3836
00166900,DANVILLE AREA COMMUNITY COLLEGE         ,IL,61832-5199,Public       ,28,108,136,744,1395,2139
00167100,DEPAUL UNIVERSITY                       ,IL,60604-2287,Private      ,173,565,738,13761,12131,25892
00167400,EASTERN ILLINOIS UNIVERSITY             ,IL,61920-3099,Public       ,87,113,200,8736,2910,11646
00167500,ELGIN COMMUNITY COLLEGE                 ,IL,60123-7193,Public       ,79,109,188,1896,2163,4059
00167600,ELMHURST COLLEGE                        ,IL,60126-3296,Private      ,26,32,58,2848,1001,3849
00167800,EUREKA COLLEGE                          ,IL,61530-9976,Private      ,4,4,8,772,203,975
00168100,HIGHLAND COMMUNITY COLLEGE              ,IL,61032-9341,Public       ,28,68,96,712,884,1596
00168200,GARRETT-EVANGELICAL THEOLOGICAL SEM     ,IL,60201-0000,Private      ,0,5,5,1,191,192
00168400,GREENVILLE COLLEGE                      ,IL,62246-1199,Private      ,14,46,60,1459,653,2112
00168500,HEBREW THEOLOGICAL COLLEGE              ,IL,60077-3263,Private      ,5,0,5,309,20,329
00168800,ILLINOIS COLLEGE                        ,IL,62650-2299,Private      ,3,1,4,1370,87,1457
00168900,ILLINOIS COLLEGE OF OPTOMETRY           ,IL,60616-3878,Private      ,0,1,1,9,652,661
00169100,ILLINOIS INSTITUTE OF TECHNOLOGY        ,IL,60616-0000,Private      ,25,70,95,2447,1605,4052
00169103,CHICAGO KENT COLLEGE OF LAW             ,IL,60661-0000,Private      ,0,16,16,5,1864,1869
00169200,ILLINOIS STATE UNIVERSITY               ,IL,61790-1000,Public       ,149,107,256,15431,3924,19355
00169300,NORTHEASTERN ILLINOIS UNIV              ,IL,60625-4699,Public       ,96,165,261,4522,5631,10153
00169400,CHICAGO STATE UNIVERSITY                ,IL,60628-1598,Public       ,105,345,450,4482,8669,13151
00169600,ILLINOIS WESLEYAN UNIVERSITY            ,IL,61701-0000,Private      ,10,1,11,2458,63,2521
00169800,JOHN MARSHALL LAW SCHOOL                ,IL,60604-0000,Private      ,0,24,24,12,2292,2304
00169900,JOLIET JUNIOR COLLEGE                   ,IL,60431-8938,Public       ,83,191,274,3524,3591,7115
00170000,JUDSON UNIVERSITY                       ,IL,60123-1498,Private      ,7,64,71,794,786,1580
00170100,KASKASKIA COLLEGE                       ,IL,62801-7878,Public       ,40,136,176,1085,1969,3054
00170300,KENDALL COLLEGE                         ,IL,60622-4278,Proprietary  ,26,154,180,769,1426,2195
00170400,KNOX COLLEGE                            ,IL,61401-4999,Private      ,7,3,10,1987,83,2070
00170500,ILLINOIS VALLEY COMMUNITY COLLEGE       ,IL,61348-9692,Public       ,24,71,95,996,1183,2179
00170600,LAKE FOREST COLLEGE                     ,IL,60045-2399,Private      ,11,2,13,1598,82,1680
00170700,LEWIS UNIVERSITY                        ,IL,60446-2200,Private      ,35,102,137,3198,2397,5595
00170800,LINCOLN CHRISTIAN UNIVERSITY            ,IL,62656-2167,Private      ,1,54,55,559,543,1102
00170900,LINCOLN COLLEGE                         ,IL,62656-1699,Private      ,24,38,62,1167,408,1575
00171000,LOYOLA UNIVERSITY CHICAGO               ,IL,60626-0000,Private      ,117,248,365,13648,8196,21844
00171002,LOYOLA STRITCH SCHOOL OF MEDICINE       ,IL,60153-0000,Private      ,0,3,3,15,963,978
00171200,LUTHERAN SCHOOL OF THEOL AT CHICAGO     ,IL,60615-0000,Private      ,0,2,2,0,151,151
00171600,MACCORMAC COLLEGE                       ,IL,60602-4405,Private      ,4,13,17,70,153,223
00171700,MACMURRAY COLLEGE                       ,IL,62650-2590,Private      ,7,1,8,674,265,939
00172100,MCCORMICK THEOLOGICAL SEMINARY          ,IL,60615-5108,Private      ,0,6,6,1,134,135
00172200,MCKENDREE UNIVERSITY                    ,IL,62254-1299,Private      ,18,80,98,1541,1420,2961
00172300,MEADVILLE LOMBARD THEOLOGICAL SCHOOL    ,IL,60637-1602,Private      ,0,0,0,0,66,66
00172400,MILLIKIN UNIVERSITY                     ,IL,62522-2084,Private      ,13,41,54,2578,784,3362
00172500,MONMOUTH COLLEGE                        ,IL,61462-1963,Private      ,6,2,8,1768,92,1860
00172800,MORTON COLLEGE                          ,IL,60804-4398,Public       ,74,146,220,1224,1585,2809
00173200,NATIONAL UNIV OF HEALTH SCIENCES        ,IL,60148-4583,Private      ,3,38,41,58,666,724
00173300,NATIONAL-LOUIS UNIVERSITY               ,IL,60603-3032,Private      ,9,586,595,274,7053,7327
00173400,NORTH CENTRAL COLLEGE                   ,IL,60540-4690,Private      ,20,31,51,2363,609,2972
00173500,NORTH PARK UNIVERSITY                   ,IL,60625-4895,Private      ,25,65,90,2259,1334,3593
00173600,NORTHERN BAPTIST THEOL SEMINARY         ,IL,60148-0000,Private      ,0,1,1,1,13,14
00173700,NORTHERN ILLINOIS UNIVERSITY            ,IL,60115-2854,Public       ,176,186,362,18059,7917,25976
00173900,NORTHWESTERN UNIV                       ,IL,60208-0001,Private      ,82,159,241,13486,8973,22459
00174100,OLIVET NAZARENE UNIVERSITY              ,IL,60914-2271,Private      ,19,189,208,2800,1851,4651
00174200,IL EASTERN COMM COLGS-OLNEY CENTRAL     ,IL,62450-1099,Public       ,13,35,48,590,623,1213
00174500,QUINCY UNIVERSITY                       ,IL,62301-2699,Private      ,8,15,23,1127,451,1578
00174600,ROBERT MORRIS UNIVERSITY ILLINOIS       ,IL,60605-1225,Private      ,130,352,482,4116,5312,9428
00174700,ROCK VALLEY COLLEGE                     ,IL,61114-5699,Public       ,69,189,258,2185,3262,5447
00174800,ROCKFORD COLLEGE                        ,IL,61108-2393,Private      ,10,42,52,799,1149,1948
00174900,ROOSEVELT UNIVERSITY                    ,IL,60605-1394,Private      ,59,321,380,2756,6420,9176
00175000,DOMINICAN UNIVERSITY                    ,IL,60305-1066,Private      ,27,50,77,1664,1275,2939
00175200,SAUK VALLEY COMMUNITY COLLEGE           ,IL,61021-9112,Public       ,28,74,102,852,1088,1940
00175300,SCHOOL OF ART INSTITUTE OF CHICAGO      ,IL,60603-3013,Private      ,38,25,63,2323,1847,4170
00175400,SEABURY-WESTERN THEO SEMINARY           ,IL,60201-0000,Private      ,0,0,0,0,49,49
00175600,SHIMER COLLEGE                          ,IL,60616-3893,Private      ,1,1,2,62,45,107
00175700,SOUTHEASTERN ILLINOIS COLLEGE           ,IL,62946-4925,Public       ,20,45,65,534,766,1300
00175800,SOUTHERN ILL UNIV-CARBONDALE            ,IL,62901-0000,Public       ,157,290,447,12428,7585,20013
00175801,SOUTHERN ILLINOIS UNIV SCHOOL MEDIC     ,IL,62794-0000,Public       ,0,0,0,95,386,481
00175900,SOUTHERN ILL UNIV-EDWARDSVILLE          ,IL,62026-1060,Public       ,82,151,233,8665,4867,13532
00175924,SO IL UNIV-SCHL OF DENTAL MEDICINE      ,IL,62002-0000,Public       ,0,0,0,7,192,199
00176100,SPRINGFIELD COLLEGE IN ILLINOIS         ,IL,62702-2694,Private      ,13,28,41,427,646,1073
00176500,UNIVERSITY OF ST MARY OF THE LAKE       ,IL,60060-0000,Private      ,0,0,0,1,9,10
00176700,BENEDICTINE UNIVERSITY                  ,IL,60532-0900,Private      ,24,232,256,1924,2668,4592
00176800,ST XAVIER UNIVERSITY                    ,IL,60655-3199,Private      ,41,143,184,3427,3373,6800
00176900,SOUTH SUBURBAN COLLEGE                  ,IL,60473-9978,Public       ,128,377,505,2217,5271,7488
00177100,TRINITY CHRISTIAN COLLEGE               ,IL,60463-0929,Private      ,9,36,45,1149,631,1780
00177200,TRINITY INTERNATIONAL UNIVERSITY        ,IL,60015-1283,Private      ,9,49,58,901,1139,2040
00177300,TRITON COLLEGE                          ,IL,60171-1995,Public       ,151,287,438,2516,3225,5741
00177400,UNIVERSITY OF CHICAGO                   ,IL,60637-1476,Private      ,67,48,115,7919,1866,9785
00177401,UNIV OF CHICAGO PRITZKER SCH OF MED     ,IL,60637-0000,Private      ,1,2,3,18,580,598
00177403,"UNIV OF CHICAGO, GRAD SCH OF BUS        ",IL,60637-0000,Private      ,0,55,55,17,1287,1304
00177405,UNIVERSITY OF CHICAGO GRADUATE          ,IL,60637-0000,Private      ,0,61,61,62,4457,4519
00177500,UNIV OF ILLINOIS @ URBANA-CHAMPAIGN     ,IL,61820-5796,Public       ,200,181,381,23314,6765,30079
00177600,UNIV OF ILLINOIS AT CHICAGO             ,IL,60607-7163,Public       ,205,264,469,15669,12156,27825
00177800,VANDERCOOK COLLEGE OF MUSIC             ,IL,60616-3731,Private      ,0,6,6,141,82,223
00177900,IL EASTERN COMM COLGS-WABASH VALLEY     ,IL,62863-2699,Public       ,13,22,35,347,327,674
00178000,WESTERN ILLINOIS UNIVERSITY             ,IL,61455-1390,Public       ,106,95,201,9222,3399,12621
00178100,WHEATON COLLEGE                         ,IL,60187-5535,Private      ,8,8,16,2473,556,3029
00178300,WORSHAM COLLEGE OF MORTUARY SCIENCE     ,IL,60090-2646,Proprietary  ,3,11,14,49,111,160
00396100,HARPER COLLEGE                          ,IL,60067-7398,Public       ,145,172,317,3400,2795,6195
00418100,ADVOCATE TRINITY HOSPITAL SCHOOL OF RADI,IL,60617-3982,Private      ,1,2,3,16,79,95
00419002,SAINT FRANCIS HOSPITAL - SCHOOL OF RADIO,IL,60202-3320,Private      ,0,0,0,0,1,1
00456000,GEM CITY COLLEGE                        ,IL,62301-4949,Proprietary  ,1,6,7,18,39,57
00456800,MIDSTATE COLLEGE                        ,IL,61614-3558,Proprietary  ,5,69,74,59,858,917
00457100,SPARKS COLLEGE                          ,IL,62565-2241,Proprietary  ,0,3,3,3,31,34
00621400,BLESSING RIEMAN COLLEGE OF NURSING      ,IL,62301-0000,Private      ,0,0,0,59,61,120
00621401,BLESSING HOSP SCH MED LAB TECH          ,IL,62301-0000,Private      ,0,0,0,1,1,2
00621402,BLESSING HOSP SCH OF RAD TECH           ,IL,62301-2852,Private      ,0,0,0,19,8,27
00621403,BLESSING HOSPITAL - COLLEGE OF NURSING  ,IL,62305-7005,Private      ,0,0,0,7,8,15
00622501,TRINITY COLLEGE OF NURSING & HEALTH SCIE,IL,61201-5317,Private      ,1,8,9,65,203,268
00622800,METHODIST MED CTR OF ILL SCH NRSNG      ,IL,61636-0000,Private      ,0,2,2,31,82,113
00624000,ST FRANCIS MED CLG OF NRSG              ,IL,61603-3783,Private      ,1,5,6,148,312,460
00665600,COLLEGE OF DUPAGE                       ,IL,60137-6599,Public       ,169,292,461,5097,5091,10188
00675300,ILLINOIS CENTRAL COLLEGE                ,IL,61635-0001,Public       ,100,236,336,2944,4283,7227
00693100,WAUBONSEE COMMUNITY COLLEGE             ,IL,60554-0000,Public       ,48,141,189,1221,1746,2967
00711800,PARKLAND COLLEGE                        ,IL,61821-1899,Public       ,64,143,207,3222,2841,6063
00711900,REND LAKE COLLEGE                       ,IL,62846-9801,Public       ,31,64,95,1160,1467,2627
00717000,LINCOLN LAND COMMUNITY COLLEGE          ,IL,62794-9256,Public       ,54,124,178,1872,2970,4842
00726500,CARL SANDBURG COLLEGE                   ,IL,61401-9576,Public       ,30,76,106,834,1440,2274
00729701,WESTWOOD COLLEGE OF TECHNOLOGY          ,IL,60176-0000,Proprietary  ,0,0,0,6,3,9
00754900,COYNE AMERICAN INSTITUTE                ,IL,60607-1300,Proprietary  ,48,144,192,385,1121,1506
00764400,LAKE LAND COLLEGE                       ,IL,61938-9366,Public       ,47,102,149,1896,1870,3766
00768400,KISHWAUKEE COLLEGE                      ,IL,60150-9699,Public       ,45,80,125,1260,1302,2562
00769000,KANKAKEE COMMUNITY COLLEGE              ,IL,60901-6505,Public       ,21,101,122,922,1648,2570
00769100,MCHENRY COUNTY COLLEGE                  ,IL,60012-2761,Public       ,32,74,106,1120,1120,2240
00769200,MORAINE VALLEY COMMUNITY COLLEGE        ,IL,60465-0937,Public       ,153,213,366,3630,3265,6895
00769300,SHAWNEE COMMUNITY COLLEGE               ,IL,62992-9725,Public       ,38,156,194,667,1426,2093
00769400,COLLEGE OF LAKE COUNTY                  ,IL,60030-1198,Public       ,135,276,411,2469,3374,5843
00793700,MS ROBERTS ACADEMY OF BEAUTY CULT       ,IL,60181-2930,Proprietary  ,5,14,19,29,69,98
00807600,JOHN A LOGAN COLLEGE                    ,IL,62918-2500,Public       ,52,111,163,1813,2568,4381
00814604,EVEREST UNIVERSITY - EVEREST  COLLEGE   ,IL,60803-4517,Proprietary  ,34,189,223,38,214,252
00825900,EDUCATORS OF BEAUTY                     ,IL,61081-3611,Proprietary  ,10,32,42,65,156,221
00825901,EDUCATORS OF BEAUTY                     ,IL,61104-0000,Proprietary  ,9,33,42,42,132,174
00832800,ALVAREITA'S COLLEGE OF COSMETOLOGY      ,IL,62025-2041,Proprietary  ,2,15,17,28,75,103
00854500,ROCKFORD BUSINESS COLLEGE               ,IL,61103-0000,Proprietary  ,12,100,112,158,914,1072
00869402,RASMUSSEN COLLEGE - ROCKFORD            ,IL,61108-2513,Proprietary  ,21,92,113,119,606,725
00888000,MORRISON INSTITUTE OF TECHNOLOGY        ,IL,61270-2959,Private      ,1,0,1,142,32,174
00893800,GRAHAM HOSPITAL SCH OF NURSING          ,IL,61520-2497,Private      ,0,0,0,21,56,77
00893900,CANNELLA SCHOOL OF HAIR DESIGN          ,IL,60406-2130,Proprietary  ,0,23,23,29,112,141
00914500,GOVERNORS STATE UNIVERSITY              ,IL,60466-0975,Public       ,16,217,233,596,4613,5209
00923200,CATHOLIC THEOLOGICAL UNION              ,IL,60615-0000,Private      ,0,2,2,0,51,51
00933300,UNIV OF ILLINOIS AT SPRINGFIELD         ,IL,62703-5407,Public       ,15,68,83,1459,2358,3817
00947500,EDUCATORS OF BEAUTY                     ,IL,61301-2404,Proprietary  ,2,9,11,21,40,61
00959500,CANNELLA SCHOOL OF HAIR DESIGN          ,IL,60617-4303,Proprietary  ,6,20,26,30,105,135
00976700,OLIVE-HARVEY COLLEGE                    ,IL,60628-1696,Public       ,54,230,284,976,3013,3989
00978600,IL EASTERN COMM COLGS-LINCOLN TRAIL     ,IL,62454-5708,Public       ,6,23,29,324,373,697
00980000,RUSH UNIVERSITY                         ,IL,60612-3806,Private      ,2,36,38,250,1950,2200
00989600,OAKTON COMMUNITY COLLEGE                ,IL,60016-1268,Public       ,84,106,190,2190,1805,3995
00998700,SAINT ANTHONY COLLEGE OF NURSING        ,IL,61108-2468,Private      ,1,2,3,82,194,276
01002000,LEWIS AND CLARK COMMUNITY COLLEGE       ,IL,62035-2466,Public       ,70,153,223,1583,2337,3920
01031600,LINCOLN COLLEGE OF TECHNOLOGY           ,IL,60160-1605,Proprietary  ,121,190,311,964,1310,2274
01050100,LAKEVIEW  COLLEGE OF NURSING            ,IL,61832-3781,Private      ,0,2,2,121,165,286
01069500,TRI-COUNTY BEAUTY ACADEMY               ,IL,62056-2036,Proprietary  ,2,5,7,14,33,47
01071000,CAPITAL AREA SCH OF PRAC NRSG           ,IL,62707-0000,Public       ,0,6,6,38,282,320
01072700,DEVRY UNIVERSITY                        ,IL,60618-5994,Proprietary  ,1535,6533,8068,20280,55889,76169
01073700,ADVOCATE IL MASONIC SCH OF RAD TECH     ,IL,60657-5193,Private      ,1,0,1,11,59,70
01083600,PIVOT POINT INTNL CSMTLGY RSRCH CTR     ,IL,60626-0000,Proprietary  ,33,59,92,319,440,759
01087900,RICHLAND COMMUNITY COLLEGE              ,IL,62521-8513,Public       ,34,104,138,738,1514,2252
01102401,EVEREST COLLEGE - CHICAGO               ,IL,60604-2052,Proprietary  ,77,338,415,96,424,520
01151002,EVEREST INSTITUTE - EVEREST COLLEGE     ,IL,60542-1610,Proprietary  ,19,109,128,23,130,153
01181000,TAYLOR BUSINESS INSTITUTE               ,IL,60606-5111,Proprietary  ,7,56,63,63,329,392
01185800,EVEREST COLLEGE                         ,IL,60077-1074,Proprietary  ,58,214,272,413,1428,1841
01185802,EVEREST COLLEGE - BURR RIDGE            ,IL,60527-7826,Proprietary  ,42,152,194,54,173,227
01236200,NORTHWESTERN COLLEGE                    ,IL,60630-2298,Proprietary  ,86,275,361,1149,2766,3915
01238500,BLOOMINGTON-NORMAL SCH RADIOGRAPHY      ,IL,61761-4604,Private      ,0,0,0,8,9,17
01258400,ILLINOIS INSTITUTE OF ART (THE)         ,IL,60654-1593,Proprietary  ,165,191,356,3702,2122,5824
01281300,JOHN WOOD COMMUNITY COLLEGE             ,IL,62305-0401,Public       ,32,89,121,1142,1345,2487
01308700,CAPRI GARFIELD RIDGE SCH OF BTY CLR     ,IL,60629-1613,Proprietary  ,8,21,29,42,200,242
01308800,CAPRI OAK FOREST COLLEGE OF BEAUTY      ,IL,60452-2798,Proprietary  ,8,17,25,137,157,294
02055200,HARRINGTON COLLEGE OF DESIGN            ,IL,60606-3433,Proprietary  ,21,68,89,778,987,1765
02068100,ADLER SCH OF PROFESSIONAL PSYCHLGY      ,IL,60601-0000,Private      ,0,8,8,9,655,664
02069300,VATTEROTT COLLEGE                       ,IL,62305-5938,Proprietary  ,31,131,162,250,710,960
02073200,TELSHE YESHIVA-CHICAGO                  ,IL,60625-0000,Private      ,4,0,4,31,11,42
02074400,IL EASTERN COMM COLGS-FRONTIER          ,IL,62837-0000,Public       ,10,24,34,205,376,581
02075400,KELLER GRADUATE SCHOOL OF MGMT.         ,IL,60515-5683,Proprietary  ,1,1171,1172,42,13346,13388
02113600,AMERICAN INTERCONTINENTAL UNIVERSITY    ,IL,60192-3713,Proprietary  ,579,5500,6079,3786,35797,39583
02117400,BECK AREA CAREER CENTER                 ,IL,62278-0000,Public       ,1,3,4,20,118,138
02124400,UNIVERSITY OF SPA & COSMETOLOGY ART     ,IL,62704-0000,Proprietary  ,7,24,31,105,153,258
02150600,COSMETOLOGY AND SPA INSTITUTE (THE)     ,IL,60014-4003,Proprietary  ,15,15,30,100,127,227
02155300,THE CHICAGO SCHOOL OF PROF PSYCHOLOGY   ,IL,60610-4705,Private      ,0,60,60,12,1781,1793
02160300,INTERNATIONAL ACAD OF DESIGN & TECH     ,IL,60602-3319,Proprietary  ,85,135,220,1863,1803,3666
02160304,INTERNATIONAL ACADEMY OF DESIGN AND TECH,IL,60173-5160,Proprietary  ,11,22,33,215,218,433
02166800,JOHN AMICO'S SCHOOL OF HAIR DESIGN      ,IL,60452-0000,Proprietary  ,0,0,0,6,14,20
02168600,EAST WEST UNIVERSITY                    ,IL,60605-0000,Private      ,45,69,114,693,1608,2301
02179900,ARGOSY UNIVERSITY                       ,IL,60601-7757,Proprietary  ,72,1223,1295,919,18280,19199
02185400,ST AUGUSTINE COLLEGE                    ,IL,60640-0000,Private      ,44,184,228,374,1564,1938
02192400,MR JOHNS SCHOOL OF COSMETOLOGY          ,IL,62521-0000,Proprietary  ,5,15,20,22,94,116
02202600,CANNELLA SCHOOL OF HAIR DESIGN          ,IL,60181-1321,Proprietary  ,1,6,7,10,42,52
02214100,WEST SUBURBAN COLLEGE OF NURSING        ,IL,60302-2519,Private      ,1,5,6,131,331,462
02228100,MAC DANIEL'S BEAUTY SCHOOL              ,IL,60640-0000,Proprietary  ,3,19,22,18,80,98
02253000,CANNELLA SCHOOL OF HAIR DESIGN          ,IL,60644-0000,Proprietary  ,0,0,0,0,2,2
02261200,HAIR PROFESSIONALS ACAD COSMETOLOGY     ,IL,60118-0000,Proprietary  ,26,33,59,75,151,226
02261201,HAIR PROFESSIONALS ACADEMY OF COSMETOLOG,IL,60118-9333,Proprietary  ,0,2,2,3,11,14
02262100,HAIR PROFESSIONALS SCH COSMETOLOGY      ,IL,60543-0000,Proprietary  ,7,8,15,45,73,118
02291200,CANNELLA SCHOOL OF HAIR DESIGN          ,IL,60639-0000,Proprietary  ,1,11,12,29,83,112
02295500,CANNELLA SCHOOL OF HAIR DESIGN          ,IL,60120-0000,Proprietary  ,1,10,11,9,62,71
02297500,OEHRLEIN SCHOOL OF COSMETOLOGY          ,IL,61611-0000,Proprietary  ,7,10,17,47,73,120
02312300,LA' JAMES COLLEGE HAIRSTYLING           ,IL,61244-0000,Proprietary  ,0,4,4,12,30,42
02313900,WESTWOOD COLLEGE - O'HARE AIRPORT       ,IL,60631-2801,Proprietary  ,50,96,146,415,672,1087
02317300,CONCEPT COLLEGE OF COSMETOLOGY          ,IL,61832-0000,Proprietary  ,4,14,18,50,114,164
02319200,LAKE FOREST GRAD SCHL OF MGMT           ,IL,60045-4824,Private      ,0,39,39,2,278,280
02323300,PROFESSIONAL'S CHOICE HAIR DSN ACAD     ,IL,60435-0000,Proprietary  ,2,7,9,16,22,38
02332200,HAIR PROFESSIONALS CAREER COLLEGE       ,IL,60178-0000,Proprietary  ,5,12,17,40,75,115
02337800,THE COLLEGE OF OFFICE TECHNOLOGY        ,IL,60622-0000,Proprietary  ,11,131,142,93,742,835
02349400,ALVAREITA'S COLLEGE OF COSMETOLOGY      ,IL,62035-0000,Proprietary  ,5,4,9,26,39,65
02349500,CANNELLA SCHOOL OF HAIR DESIGN          ,IL,60632-0000,Proprietary  ,12,23,35,52,184,236
02352200,COOKING & HOSPITALITY INSTITUTE         ,IL,60610-3050,Proprietary  ,71,191,262,849,1343,2192
02498200,HAIR PROFESSIONALS ACAD COSMETOLOGY     ,IL,60187-0000,Proprietary  ,10,17,27,35,93,128
02498201,HAIR PROFESSIONALS ACADEMY OF COSMETOLOG,IL,60563-0000,Proprietary  ,0,0,0,3,6,9
02522800,FOX COLLEGE                             ,IL,60453-0000,Proprietary  ,18,15,33,220,102,322
02527600,LEXINGTON COLLEGE                       ,IL,60607-0000,Private      ,1,1,2,62,54,116
02536700,BELL MAR BEAUTY COLLEGE                 ,IL,60650-0000,Proprietary  ,2,5,7,10,72,82
02538100,REGENCY BEAUTY INSTITUTE                ,IL,61820-0000,Proprietary  ,3,6,9,6,40,46
02556100,ENVIRONMENTAL TECHNICAL INSTITUTE       ,IL,60143-0000,Proprietary  ,36,90,126,216,438,654
02556600,NILES SCHOOL OF COSMETOLOGY             ,IL,60714-0000,Proprietary  ,4,5,9,27,33,60
02570305,LOS ANGELES ORT TECHNICAL INSTITUTE -D/B,IL,60077-0000,Private      ,0,0,0,0,1,1
02573700,INSTITUTE FOR CLINICAL SOCIAL WORK      ,IL,60601-0000,Private      ,0,2,2,3,67,70
02579200,INGALLS MEMORIAL HOSPITAL               ,IL,60426-0000,Private      ,0,0,0,2,17,19
02584900,"FIRST INSTITUTE, INC.                   ",IL,60014-7489,Proprietary  ,9,27,36,31,102,133
02587700,HAIR PROFESSIONALS CAREER COLLEGE       ,IL,60465-1929,Proprietary  ,5,19,24,35,117,152
02599500,HANOVER PARK COLLEGE OF BEAUTY CULT     ,IL,60133-5421,Proprietary  ,20,19,39,58,75,133
02622700,KNOWLEDGE SYSTEMS INSTITUTE             ,IL,60076-0000,Private      ,0,0,0,1,7,8
03002000,HAIRMASTERS INST OF COSMETOLOGY         ,IL,61701-5547,Proprietary  ,4,8,12,30,63,93
03027702,PACIFIC COLLEGE OF ORIENTAL MEDICINE - C,IL,60613-4418,Proprietary  ,1,9,10,4,188,192
03065300,TREND SETTERS COLL OF COSMETOLOGY       ,IL,60915-2101,Proprietary  ,18,50,68,114,171,285
03072701,WESTWOOD COLLEGE OF TECHNOLOGY          ,IL,60409-0000,Proprietary  ,53,133,186,392,1105,1497
03072702,WESTWOOD COLLEGE OF TECHNOLOGY          ,IL,60602-0000,Proprietary  ,59,115,174,636,1141,1777
03078400,CAMEO BEAUTY ACADEMY                    ,IL,60453-3196,Proprietary  ,11,10,21,55,68,123
03079200,WESTWOOD COLLEGE - DUPAGE               ,IL,60517-2321,Proprietary  ,35,65,100,446,528,974
03082900,ROSEL SCHOOL OF COSMETOLOGY             ,IL,60659-1913,Proprietary  ,0,19,19,14,130,144
03083800,HEARTLAND COMMUNITY COLLEGE             ,IL,61761-9446,Public       ,37,110,147,1312,1818,3130
03098000,ST JOHN'S COLLEGE OF NURSING            ,IL,62702-5321,Private      ,0,1,1,53,69,122
03098002,ST JOHN'S HOSP SCH MED TECH             ,IL,62769-5324,Private      ,0,0,0,3,11,14
03098003,ST JOHN'S HOSPITAL SCH OF DIETETICS     ,IL,62769-0000,Private      ,0,0,0,0,2,2
03099700,CAIN'S BARBER COLLEGE                   ,IL,60615-3510,Proprietary  ,9,46,55,65,278,343
03099800,ILLINOIS SCHOOL OF HEALTH CAREERS       ,IL,60604-0000,Proprietary  ,34,138,172,295,942,1237
03101800,ILLINOIS CENTER FOR BROADCASTING        ,IL,60148-7015,Proprietary  ,12,35,47,89,192,281
03128300,PYRAMID CAREER INSTITUTE                ,IL,60657-4207,Proprietary  ,1,0,1,2,4,6
03128500,NATIONAL LATINO EDUCATION INSTITUTE     ,IL,60609-2205,Private      ,9,23,32,35,82,117
03199300,CHRISTIAN LIFE COLLEGE                  ,IL,60056-2522,Private      ,0,1,1,19,24,43
03368300,MIDWEST TECHNICAL INSTITUTE             ,IL,62707-8805,Proprietary  ,51,266,317,291,1380,1671
03416300,COMPUTER SYSTEMS INSTITUTE              ,IL,60077-0000,Proprietary  ,34,156,190,78,688,766
03448300,BIR TRAINING CENTER                     ,IL,60659-1298,Proprietary  ,8,75,83,40,344,384
03455700,CORTIVA INSTITUTE - CHICAGO             ,IL,60602-3315,Proprietary  ,29,61,90,165,323,488
03472300,CHICAGO URBAN LEAGUE COMPUTER TRAIN     ,IL,60604-2198,Private      ,0,2,2,6,30,36
03510300,ERIKSON INSTITUTE                       ,IL,60654-4510,Private      ,0,9,9,0,301,301
03623300,VEE'S SCHOOL OF BEAUTY CULTURE          ,IL,62205-2326,Proprietary  ,0,9,9,6,37,43
03643300,"MR. JOHN'S SCHOOL OF JACKSONVILLE,  INC,",IL,62650-3488,Proprietary  ,0,10,10,11,45,56
03684300,NORTHSHORE UNIVERSITY HEALTHSYSTEM SCHOO,IL,60201-9872,Private      ,0,2,2,0,28,28
03721400,AMERICAN CAREER COLLEGE                 ,IL,60402-0000,Proprietary  ,1,22,23,21,128,149
03879300,YOUR SCHOOL OF BEAUTY CULTURE           ,IL,60653-1517,Proprietary  ,0,0,0,22,39,61
03881400,EUROPEAN MASSAGE THERAPY SCHOOL         ,IL,60077-2269,Proprietary  ,2,21,23,12,115,127
03891300,SOMA INSTITUTE - THE NATIONAL SCHOOL OF ,IL,60604-4466,Proprietary  ,18,41,59,104,215,319
03914300,"CALC, INSTITUTE OF TECHNOLOGY           ",IL,62002-5931,Proprietary  ,2,30,32,19,183,202
03955400,MIDWEST INSTITUTE OF MASSAGE THERAPY    ,IL,62223-0000,Proprietary  ,2,3,5,6,27,33
04117500,SOLEX MEDICAL ACADEMY                   ,IL,60090-3104,Proprietary  ,1,5,6,2,14,16
        ,ASBURY THEOLOGICAL SEMINARY             ,KY,40390-0000,Private      ,1,44,45,13,1190,1203
00195100,ALICE LLOYD COLLEGE                     ,KY,41844-9703,Private      ,8,4,12,996,97,1093
00195200,ASBURY COLLEGE                          ,KY,40390-1198,Private      ,12,15,27,1366,317,1683
00195400,BELLARMINE UNIVERSITY                   ,KY,40205-1877,Private      ,26,68,94,2382,1170,3552
00195500,BEREA COLLEGE                           ,KY,40403-0000,Private      ,21,6,27,2456,427,2883
00195800,BRESCIA UNIVERSITY                      ,KY,42301-3023,Private      ,3,13,16,419,248,667
00195900,CAMPBELLSVILLE UNIVERSITY               ,KY,42718-2799,Private      ,26,53,79,1864,1101,2965
00196000,SPALDING UNIVERSITY                     ,KY,40203-2188,Private      ,17,98,115,520,1938,2458
00196100,CENTRE COLLEGE                          ,KY,40422-1394,Private      ,11,1,12,1773,53,1826
00196200,UNIVERSITY OF THE CUMBERLANDS           ,KY,40769-1372,Private      ,23,50,73,1904,784,2688
00196300,EASTERN KENTUCKY UNIVERSITY             ,KY,40475-3102,Public       ,223,314,537,9821,7120,16941
00196400,GEORGETOWN COLLEGE                      ,KY,40324-1628,Private      ,17,43,60,1874,593,2467
00196500,KENTUCKY CHRISTIAN UNIVERSITY           ,KY,41143-2205,Private      ,10,9,19,724,194,918
00196800,KENTUCKY STATE UNIVERSITY               ,KY,40601-2355,Public       ,47,38,85,2793,1380,4173
00196900,KENTUCKY WESLEYAN COLLEGE               ,KY,42302-1039,Private      ,14,7,21,1371,224,1595
00197000,LEES COLLEGE                            ,KY,41339-0000,Private      ,1,0,1,8,8,16
00197100,LEXINGTON THEOLOGICAL SEMINARY          ,KY,40508-0000,Private      ,0,4,4,0,64,64
00197200,LINDSEY WILSON COLLEGE                  ,KY,42728-1223,Private      ,11,73,84,1514,1292,2806
00197400,LOUISVILLE PRESBYTERIAN THEOL SEM       ,KY,40205-0000,Private      ,0,1,1,2,141,143
00197500,MIDWAY COLLEGE                          ,KY,40347-1120,Private      ,7,67,74,552,1451,2003
00197600,MOREHEAD STATE UNIVERSITY               ,KY,40351-1689,Public       ,92,224,316,5817,4796,10613
00197700,MURRAY STATE UNIVERSITY                 ,KY,42071-0009,Public       ,87,121,208,5581,3418,8999
00197900,WEST KENTUCKY CMNTY & TECHNICAL COLG    ,KY,42002-7380,Public       ,44,119,163,1373,2571,3944
00197901,WEST KENTUCKY CMNTY & TECHNICAL COLG    ,KY,42001-0000,Public       ,0,0,0,18,41,59
00197903,W KY CMNTY TECH - MURRAY AREA VOC ED CTR,KY,42071-0000,Public       ,0,0,0,2,2,4
00198000,PIKEVILLE COLLEGE                       ,KY,41501-1194,Private      ,14,5,19,1131,404,1535
00198001,PIKEVILLE CLG-SCH OSTEOPATHIC MEDIC     ,KY,41501-0000,Private      ,0,2,2,5,300,305
00198200,SOUTHERN BAPTIST THEOL SEMINARY         ,KY,40280-0000,Private      ,0,7,7,37,125,162
00198300,ST. CATHARINE COLLEGE                   ,KY,40061-9499,Private      ,6,11,17,533,347,880
00198700,TRANSYLVANIA UNIVERSITY                 ,KY,40508-1797,Private      ,7,4,11,1502,77,1579
00198800,UNION COLLEGE                           ,KY,40906-1499,Private      ,11,101,112,864,1111,1975
00198900,UNIVERSITY OF KENTUCKY                  ,KY,40506-0054,Public       ,206,188,394,13487,7028,20515
00198901,UNIV OF KY-COLLEGE OF DENTISTRY         ,KY,40536-0000,Public       ,0,2,2,7,210,217
00198902,UNIV OF KY-COLLEGE OF MEDICINE          ,KY,40536-0000,Public       ,0,3,3,16,403,419
00199000,ASHLAND COMMUNITY AND TECHNICAL COLLEGE ,KY,41101-3683,Public       ,35,102,137,1222,2265,3487
00199001,ASHLAND CMNTY AND TECHNCL COLG          ,KY,41102-0000,Public       ,0,0,0,17,24,41
00199100,ELIZABETHTOWN COMMUNITY  AND TECHNICAL C,KY,42701-3081,Public       ,104,234,338,1797,3390,5187
00199300,HENDERSON COMMUNITY COLLEGE             ,KY,42420-4699,Public       ,25,55,80,467,1120,1587
00199400,HOPKINSVILLE COMMUNITY COLLEGE          ,KY,42241-2621,Public       ,34,204,238,817,2991,3808
00199600,BIG SANDY COMMUNITY AND TECHNICAL COLG  ,KY,41653-1815,Public       ,55,119,174,1436,2038,3474
00199700,SOMERSET COMMUNITY COLLEGE              ,KY,42501-2973,Public       ,54,204,258,2164,4845,7009
00199701,LAUREL TECHNICAL COLLEGE                ,KY,40744-0000,Public       ,0,0,0,7,12,19
00199703,SOMERSET TECHNICAL COLLEGE              ,KY,42501-3043,Public       ,0,0,0,4,10,14
00199800,SOUTHEAST KENTUCKY COMMUNITY AND TECHNIC,KY,40823-1099,Public       ,43,95,138,991,1512,2503
00199802,CUMBERLAND VLY TEC CLG MIDDLESBORO      ,KY,40965-2265,Public       ,1,1,2,28,31,59
00199804,SOUTHEAST COMMUNITY COLLEGE             ,KY,40831-1796,Public       ,1,3,4,112,118,230
00199900,UNIVERSITY OF LOUISVILLE                ,KY,40292-0000,Public       ,189,254,443,11161,9986,21147
00200100,THOMAS MORE COLLEGE                     ,KY,41017-3495,Private      ,5,109,114,1090,838,1928
00200200,WESTERN KENTUCKY UNIVERSITY             ,KY,42101-3576,Public       ,275,278,553,12005,7236,19241
00461800,SPENCERIAN COLLEGE                      ,KY,40216-2605,Proprietary  ,62,259,321,757,2302,3059
00461900,SULLIVAN UNIVERSITY                     ,KY,40205-3000,Proprietary  ,168,465,633,2022,4623,6645
00524300,HAZARD TECHNICAL COLLEGE                ,KY,41701-1198,Public       ,0,0,0,12,8,20
00524400,BLUEGRASS COMMUNITY & TECHNICAL COLLEGE ,KY,40506-0235,Public       ,136,314,450,3554,6521,10075
00527100,BOWLING GREEN TECHNICAL COLLEGE         ,KY,42101-3601,Public       ,30,52,82,589,1217,1806
00527300,GATEWAY COMMUNITY & TECHNOLOGY COLL     ,KY,41011-0000,Public       ,43,125,168,788,2045,2833
00549500,KY TECH-JEFFERSON CAMPUS                ,KY,40203-2036,Public       ,0,0,0,44,123,167
00549502,SHELBY COUNTY AREA TECHNOLOGY CTR       ,KY,40065-0000,Public       ,0,0,0,7,18,25
00696000,MAYSVILLE CMNTY & TECHNCL COLG          ,KY,41056-8910,Public       ,24,107,131,666,1766,2432
00696002,MAYSVILLE CMNTY & TECHNCL COLG - ROWAN  ,KY,40351-8359,Public       ,0,0,0,10,21,31
00696100,JEFFERSON COMMUNITY AND TECHNICAL COLLEG,KY,40202-2005,Public       ,190,370,560,4407,7906,12313
00696200,HAZARD COMMUNITY COLLEGE                ,KY,41701-2402,Public       ,51,105,156,1307,1811,3118
00696203,KY TECH-KNOTT CO. TECHNOLOGY CTR        ,KY,41822-0000,Public       ,0,1,1,1,3,4
00696204,KY TECH-LESLIE COUNTY AREA TECH CTR     ,KY,41749-0000,Public       ,0,0,0,5,1,6
00696205,KY TECH-LEE COUNTY AREA TECH CTR        ,KY,41311-0000,Public       ,0,1,1,1,3,4
00696206,KY TECH-LETCHER CNTY AREA TECH CTR      ,KY,41858-0000,Public       ,0,0,0,15,14,29
00696207,KY TECH-BREATHITT COUNTY VOC ED CTR     ,KY,41339-0000,Public       ,1,1,2,7,14,21
00842500,DAYMAR COLLEGE                          ,KY,42001-0000,Proprietary  ,6,50,56,81,291,372
00901000,MADISONVILLE COMMUNITY COLLEGE          ,KY,42431-9199,Public       ,35,120,155,974,2362,3336
00927500,NORTHERN KENTUCKY UNIVERSITY            ,KY,41099-0001,Public       ,146,183,329,7383,6003,13386
00931300,DAYMAR COLLEGE                          ,KY,42301-5830,Proprietary  ,39,307,346,263,1690,1953
00931302,DAYMAR COLLEGE - LOUISVILLE CAMPUS      ,KY,40219-1973,Proprietary  ,0,5,5,11,59,70
01042400,SALON PROFESSIONAL ACADEMY THE          ,KY,40502-1776,Proprietary  ,2,23,25,28,84,112
01048900,NATIONAL COLLEGE                        ,KY,40508-0000,Proprietary  ,69,516,585,567,4360,4927
01172500,COLLINS SCHOOL OF COSMETOLOGY           ,KY,40965-2809,Proprietary  ,5,9,14,16,63,79
01208800,SULLIVAN COLLEGE OF TECHNOLOGY AND DESIG,KY,40218-4528,Proprietary  ,33,54,87,473,484,957
01208801,LOUISVILLE TECHNICAL INSTITUTE -        ,KY,40218-4528,Proprietary  ,0,1,1,0,1,1
01212801,SOUTHWESTERN COLLEGE                    ,KY,41042-1466,Proprietary  ,9,82,91,119,546,665
01240400,LEXINGTON BEAUTY COLLEGE                ,KY,40503-1819,Proprietary  ,3,11,14,17,88,105
01272300,KY TECH-WAYNE COUNTY AREA TECH CTR      ,KY,42633-1088,Public       ,0,0,0,0,1,1
01291400,EMPIRE BEAUTY SCHOOL                    ,KY,40218-0000,Proprietary  ,20,34,54,122,248,370
01291500,EMPIRE BEAUTY SCHOOL                    ,KY,41042-5113,Proprietary  ,9,14,23,63,145,208
01291600,EMPIRE BEAUTY SCHOOL                    ,KY,40216-4212,Proprietary  ,3,12,15,34,110,144
01291700,EMPIRE BEAUTY SCHOOL                    ,KY,40160-0000,Proprietary  ,14,28,42,74,169,243
01296800,EMPIRE BEAUTY SCHOOL                    ,KY,40207-2695,Proprietary  ,8,16,24,79,103,182
02159100,"APPALACHIAN BEAUTY SCHOOL, INC.         ",KY,41503-0000,Proprietary  ,0,0,0,15,29,44
02177100,EMPIRE BEAUTY SCHOOL                    ,KY,40204-0000,Proprietary  ,15,16,31,69,106,175
02251500,TREND SETTERS ACAD OF BEAUTY CULT       ,KY,40258-0000,Proprietary  ,5,27,32,43,121,164
02275000,JENNY LEA ACADEMY OF COSMETOLOGY        ,KY,40831-0000,Proprietary  ,6,18,24,45,157,202
02279800,ELIZABETHTOWN BEAUTY SCHOOL             ,KY,42701-0000,Proprietary  ,0,0,0,18,35,53
02284306,INTERACTIVE LEARNING SYSTEMS            ,KY,41042-0000,Proprietary  ,3,31,34,23,136,159
02323700,PAT WILSON'S BEAUTY COLLEGE             ,KY,42420-0000,Proprietary  ,0,7,7,7,68,75
02337200,PJ'S COLLEGE OF COSMETOLOGY             ,KY,42101-0000,Proprietary  ,14,67,81,104,418,522
02340800,PAUL MITCHELL THE SCHOOL LEXINGTON      ,KY,40601-0000,Proprietary  ,1,3,4,10,33,43
02351700,DONTA SCHOOL OF BEAUTY CULTURE          ,KY,40203-0000,Proprietary  ,1,7,8,15,86,101
02491100,BECKFIELD COLLEGE                       ,KY,41042-0000,Proprietary  ,15,84,99,181,838,1019
02518900,BARRETT & COMPANY SCH HAIR DESIGN       ,KY,40356-0000,Proprietary  ,2,14,16,47,107,154
02526100,JENNY LEA ACADEMY OF COSMETOLOGY        ,KY,41858-0000,Proprietary  ,0,1,1,5,22,27
02535600,CLEAR CREEK BAPTIST BIBLE COLLEGE       ,KY,40977-0000,Private      ,0,9,9,40,151,191
02551100,PJ'S COLLEGE OF COSMETOLOGY             ,KY,42121-0000,Proprietary  ,1,8,9,17,86,103
02560800,SOUTHEAST SCHOOL OF COSMETOLOGY         ,KY,40962-0000,Proprietary  ,3,11,14,23,70,93
02576200,MID-CONTINENT UNIVERSITY                ,KY,42066-9007,Private      ,8,160,168,251,1936,2187
02616204,BROWN MACKIE COLLEGE-FINDLAY - BROWN MAC,KY,40219-1916,Proprietary  ,55,191,246,353,1551,1904
03002100,KENTUCKY MOUNTAIN BIBLE COLLEGE         ,KY,41385-0010,Private      ,1,0,1,51,25,76
03007000,FRONTIER SCH OF MIDWIFERY&FAMILY NU     ,KY,41749-0000,Private      ,1,63,64,2,595,597
03026200,HEAD'S WEST KENTUCKY BEAUTY COLLEGE     ,KY,42431-0000,Proprietary  ,0,1,1,4,42,46
03029200,NU-TEK ACADEMY OF BEAUTY                ,KY,40353-9767,Proprietary  ,0,1,1,14,24,38
03034500,OWENSBORO COMMUNITY & TECHNICAL COLLEGE ,KY,42303-1899,Public       ,41,124,165,1247,2168,3415
03083700,GALEN HEALTH INSTITUTES                 ,KY,40207-1047,Proprietary  ,49,280,329,360,2108,2468
03103500,MR JIM'S BEAUTY COLLEGE                 ,KY,42301-2646,Proprietary  ,1,7,8,14,36,50
03106700,MOTIF BEAUTY ACADEMY                    ,KY,40391-1958,Proprietary  ,2,14,16,17,56,73
03516500,EZELL'S COSMETOLOGY SCHOOL              ,KY,42071-2530,Proprietary  ,2,4,6,20,37,57
03611300,BRIGHTON CENTER'S CENTER FOR EMPLOY     ,KY,41071-1968,Private      ,3,36,39,8,167,175
03804300,BELLEFONTE ACADEMY OF BEAUTY            ,KY,41169-2015,Proprietary  ,5,23,28,21,103,124
03885300,EMPLOYMENT SOLUTIONS                    ,KY,40517-3260,Private      ,1,19,20,5,66,71
03886300,REGENCY SCHOOL OF HAIR DESIGN           ,KY,41653-1278,Proprietary  ,1,6,7,18,32,50
04038300,ATA CAREER EDUCATION                    ,KY,40223-3832,Proprietary  ,14,111,125,92,560,652
04123900,LEXINGTON HEALING ARTS ACADEMY          ,KY,40503-1932,Proprietary  ,1,19,20,4,38,42
00200300,CENTENARY COLLEGE OF LOUISIANA          ,LA,71104-3396,Private      ,12,7,19,1075,180,1255
00200400,DILLARD UNIVERSITY                      ,LA,70122-3097,Private      ,22,14,36,1859,465,2324
00200500,NICHOLLS STATE UNIVERSITY               ,LA,70310-0001,Public       ,71,68,139,4908,2419,7327
00200600,GRAMBLING STATE UNIVERSITY              ,LA,71245-2215,Public       ,140,87,227,6268,2905,9173
00200700,LOUISIANA COLLEGE                       ,LA,71359-0000,Private      ,17,10,27,993,273,1266
00200800,LOUISIANA TECH UNIVERSITY               ,LA,71272-0001,Public       ,84,116,200,6395,2644,9039
00201000,LOUISIANA STATE UNIV & A&M COLG         ,LA,70803-5710,Public       ,228,152,380,19580,6343,25923
00201100,LOUISIANA STATE UNIV-ALEXANDRIA         ,LA,71302-9121,Public       ,39,84,123,1359,2058,3417
00201200,LOUISIANA STATE UNIV-EUNICE             ,LA,70535-6726,Public       ,43,60,103,1817,1487,3304
00201300,LOUISIANA STATE UNIV-SHREVEPORT         ,LA,71115-2399,Public       ,39,87,126,2265,2619,4884
00201400,LA STATE UNIV HEALTH SCIENCES CTR       ,LA,70112-2223,Public       ,6,35,41,357,1667,2024
00201500,(THE) UNIVERSITY OF NEW ORLEANS         ,LA,70148-0001,Public       ,106,252,358,5894,5527,11421
00201600,LOYOLA UNIVERSITY NEW ORLEANS           ,LA,70118-6195,Private      ,23,62,85,2404,1887,4291
00201700,MCNEESE STATE UNIVERSITY                ,LA,70609-4510,Public       ,86,144,230,4742,3051,7793
00201900,NEW ORLEANS BAPTIST THEOL SEMINARY      ,LA,70126-0000,Private      ,2,6,8,31,110,141
00202000,UNIVERSITY OF LOUISIANA AT MONROE       ,LA,71209-9001,Public       ,75,87,162,6155,4235,10390
00202100,NORTHWESTERN STATE UNIVERSITY           ,LA,71497-0001,Public       ,86,245,331,5805,4877,10682
00202200,NOTRE DAME SEMINARY                     ,LA,70118-0000,Private      ,0,1,1,2,4,6
00202300,OUR LADY OF HOLY CROSS COLLEGE          ,LA,70131-7399,Private      ,11,32,43,604,967,1571
00202400,SOUTHEASTERN LOUISIANA UNIV             ,LA,70402-0001,Public       ,224,174,398,10313,5074,15387
00202500,SOUTHERN UNIVERSITY A & M COLLEGE       ,LA,70813-9374,Public       ,156,184,340,7926,5995,13921
00202600,SOUTHERN UNIV NEW ORLEANS               ,LA,70126-0002,Public       ,45,144,189,1259,2758,4017
00202700,ST JOSEPH SEMINARY COLLEGE              ,LA,70457-9990,Private      ,0,0,0,42,20,62
00202900,TULANE UNIVERSITY                       ,LA,70118-5698,Private      ,107,118,225,5847,4812,10659
00203100,UNIV OF LOUISIANA AT LAFAYETTE          ,LA,70504-0001,Public       ,177,133,310,11038,4508,15546
00203200,XAVIER UNIVERSITY OF LOUISIANA          ,LA,70125-1098,Private      ,66,26,92,3604,1279,4883
00462100,AYERS CAREER COLLEGE                    ,LA,71108-5845,Proprietary  ,13,60,73,94,483,577
00462500,DELGADO COMMUNITY COLLEGE               ,LA,70119-0000,Public       ,208,499,707,5259,9796,15055
00520300,REMINGTON COLLEGE - LAFAYETTE CAMPUS    ,LA,70508-5760,Proprietary  ,91,352,443,694,2169,2863
00520306,REMINGTON COLLEGE - BATON ROUGE CAMPUS  ,LA,70816-4040,Proprietary  ,27,88,115,198,737,935
00546700,SOWELA TECHNICAL COMMUNITY COLLEGE      ,LA,70616-6950,Public       ,37,59,96,642,925,1567
00547200,LOUISIANA TECHNICAL COLLEGE - SIDNEY N. ,LA,70126-5511,Public       ,0,0,0,5,19,24
00548800,LOUISIANA TECH COLG-BATON ROUGE         ,LA,70807-0000,Public       ,19,56,75,316,737,1053
00548802,LOUISIANA TECH COLG-ACADIAN CMPS        ,LA,70526-0000,Public       ,9,4,13,54,107,161
00548803,LOUISIANA TECH COLG-ALEXANDRIA CMPS     ,LA,71302-3137,Public       ,10,33,43,150,497,647
00548804,LOUISIANA TECH COLG-ASCENSION CMPS      ,LA,70778-3007,Public       ,4,7,11,72,85,157
00548805,LA TECH COLLEGE-AVOYELLES CAMPUS        ,LA,71327-0000,Public       ,5,6,11,51,91,142
00548806,LA TECHNICAL COLG-BASTROP CMPS          ,LA,71221-0000,Public       ,4,13,17,37,168,205
00548808,LA TECH COLG CHARLES B COREILCMPS       ,LA,70586-0000,Public       ,6,16,22,81,173,254
00548809,LA TECHNICAL COLG-DELTA-OUACHITA        ,LA,71292-9064,Public       ,12,36,48,220,438,658
00548810,EVANGELINE TECHNICAL INST               ,LA,70582-3104,Public       ,10,15,25,50,145,195
00548811,LA TECHN COLLEGE - FLORIDA PARISHES     ,LA,70441-0000,Public       ,2,6,8,30,101,131
00548812,LOUISIANA TECH COLG-FOLKES CAMPUS       ,LA,70748-0000,Public       ,2,1,3,17,86,103
00548813,LA TECHNICAL INST-GULF AREA CMPS        ,LA,70510-0878,Public       ,24,36,60,150,238,388
00548814,LOUISIANA TECH COLG-HAMMOND CMPS        ,LA,70404-0000,Public       ,7,22,29,130,232,362
00548815,LA TECH COLG-HUEY P. LONG CAMPUS        ,LA,71483-0000,Public       ,5,11,16,41,120,161
00548816,LA TECH COLLEGE-JEFFERSON CAMPUS        ,LA,70001-5605,Public       ,3,8,11,35,113,148
00548817,LOUISIANA TEC CLG-JUMONVILLE MEM CP     ,LA,70760-0000,Public       ,1,5,6,47,113,160
00548818,LA TECH COLLEGE-LAFAYETTE CAMPUS        ,LA,70506-0000,Public       ,24,66,90,413,772,1185
00548819,LOUISIANA TECHNICAL COLLEGE-LAFOURC     ,LA,70301-4336,Public       ,8,22,30,102,194,296
00548820,LOUISIANA TEC CLG-LAMAR SALTER CMPS     ,LA,71446-0000,Public       ,3,20,23,60,217,277
00548822,LOUISIANA TECHNICAL CLG-MANSFIELD       ,LA,71052-1236,Public       ,3,4,7,49,132,181
00548823,LA. TECH COLG.-MORGAN SMITH CAMPUS      ,LA,70546-0000,Public       ,7,7,14,50,96,146
00548824,LOUISIANA TEC CLG-NATCHITOCHES CMPS     ,LA,71458-0000,Public       ,6,14,20,63,164,227
00548825,LOUISIANA TECH COLG-NORTH CTRL CMPS     ,LA,71241-0000,Public       ,4,13,17,34,79,113
00548826,LOUISIANA TECH CLG-NORTHEAST LA CMP     ,LA,71295-2999,Public       ,7,24,31,40,143,183
00548827,LOUISIANA TEC CLG-NW LOUISIANA CMPS     ,LA,71058-0000,Public       ,23,39,62,170,321,491
00548828,LA TECHNICAL COLG-OAKDALE CMPS          ,LA,71463-0000,Public       ,4,13,17,33,108,141
00548829,LTC-RIVER PARISHES CAMPUS               ,LA,70084-0000,Public       ,6,20,26,133,283,416
00548830,LOUISIANA TECHNICAL COLLEGE-RUSTON      ,LA,71273-0000,Public       ,11,24,35,255,228,483
00548831,LTC - SABINE VALLEY CAMPUS              ,LA,71449-3839,Public       ,3,15,18,41,117,158
00548832,LOUISIANA TECH COLG-SHELBY JACKSON      ,LA,71334-0000,Public       ,5,16,21,36,174,210
00548833,LA TECH COLG SHREVEPORT-BOSSIER         ,LA,71137-0000,Public       ,22,68,90,237,866,1103
00548835,LA TECHNICAL COLLEGE-SLIDELL CAMPUS     ,LA,70459-0000,Public       ,0,0,0,1,7,8
00548837,LOUISIANA TECH COLG-SULLIVAN CAMPUS     ,LA,70427-5866,Public       ,20,23,43,132,309,441
00548838,LOUISIANA TECHNICAL COLG - TALLULAH     ,LA,71284-0000,Public       ,14,44,58,76,255,331
00548839,LA TECH COLG-TECHE AREA CAMPUS          ,LA,70562-0000,Public       ,15,22,37,170,252,422
00548840,LOUISIANA TECH COLG-T.H.HARRIS CMPS     ,LA,70570-6113,Public       ,25,29,54,331,433,764
00548841,LOUISIANA TECH COLG W JEFFERSON CMP     ,LA,70058-0000,Public       ,0,8,8,21,64,85
00548842,LOUISIANA TECHNICAL COLLEGE - WESTSIDE C,LA,70765-0733,Public       ,2,11,13,14,74,88
00548843,LTC-YOUNG MEMORIAL CAMPUS               ,LA,70381-0000,Public       ,9,29,38,74,219,293
00576100,L. E. FLETCHER TECHNICAL COMMUNITY COLLE,LA,70360-2863,Public       ,12,27,39,400,433,833
00576101,L.E. FLETCHER TECHNICAL COMMUNITY COLLEG,LA,70360-7310,Public       ,0,0,0,55,41,96
00768600,SOUTHERN UNIV AT SHREVEPORT/BOSSIER     ,LA,71107-4795,Public       ,70,137,207,1032,2385,3417
00806700,LSU HEALTH SCIENCES CENTR-SHREVEPOR     ,LA,71130-3932,Public       ,4,25,29,188,801,989
00989800,DEMMON SCHOOL OF BEAUTY                 ,LA,70607-2128,Proprietary  ,1,8,9,17,57,74
01005701,AMERICAN COMMERCIAL COLLEGE             ,LA,71105-2502,Proprietary  ,8,35,43,43,238,281
01109700,CLOYD'S BEAUTY SCHOOL #1                ,LA,71291-3131,Proprietary  ,11,35,46,38,174,212
01163100,"D-JAY'S SCHL OF BEAUTY, ARTS & SCI      ",LA,70806-0000,Proprietary  ,7,9,16,37,103,140
01184100,JOHN JAY BEAUTY COLLEGE                 ,LA,70124-2592,Proprietary  ,0,1,1,16,22,38
01261100,RONNIE & DORMANS SCHOOL HAIR DESIGN     ,LA,70501-0000,Proprietary  ,0,1,1,7,26,33
01282300,PAT GOINS RUSTON BEAUTY SCHOOL          ,LA,71270-4301,Proprietary  ,4,7,11,20,34,54
01287900,PAT GOINS BENTON ROAD BEAUTY SCHOOL     ,LA,71111-4838,Proprietary  ,3,14,17,18,64,82
01288000,PAT GOINS BEAUTY SCHOOL                 ,LA,71201-5167,Proprietary  ,1,2,3,14,23,37
02055400,BOSSIER PARISH COMMUNITY COLLEGE        ,LA,71111-0000,Public       ,64,109,173,2081,2862,4943
02055500,DELTA SCH OF BUSINESS & TECHNOLOGY      ,LA,70601-0000,Proprietary  ,11,49,60,156,487,643
02089711,HERZING COLLEGE                         ,LA,70062-8727,Proprietary  ,6,32,38,27,123,150
02117800,AVEDA INSTITUTE LAFAYETTE               ,LA,70503-3246,Proprietary  ,7,14,21,81,105,186
02166100,NUNEZ COMMUNITY COLLEGE                 ,LA,70043-0000,Public       ,50,108,158,377,813,1190
02166200,ITI TECHNICAL COLLEGE                   ,LA,70817-0000,Proprietary  ,36,59,95,294,475,769
02197500,BATON ROUGE SCHOOL OF COMPUTERS         ,LA,70816-0000,Proprietary  ,2,9,11,27,83,110
02234000,CAMERON COLLEGE                         ,LA,70119-0000,Proprietary  ,3,54,57,33,216,249
02258400,AVEDA INSTITUTE BATON ROUGE             ,LA,70816-2246,Proprietary  ,6,16,22,104,105,209
02260200,DIESEL DRIVING ACADEMY                  ,LA,71109-5617,Proprietary  ,9,78,87,42,325,367
02263600,BASTROP BEAUTY SCHOOL #1                ,LA,71220-0000,Proprietary  ,3,10,13,9,56,65
02265600,JOHN JAY KENNER ACADEMY                 ,LA,70062-0000,Proprietary  ,7,19,26,68,111,179
02269300,STEVENSON'S ACADEMY OF HAIR DESIGN      ,LA,70116-0000,Proprietary  ,7,10,17,64,89,153
02323100,PAT GOINS SHREVEPORT BEAUTY SCHOOL      ,LA,71108-4354,Proprietary  ,0,0,0,6,26,32
02327800,PINEVILLE BEAUTY SCHOOL                 ,LA,71360-0000,Proprietary  ,4,11,15,40,76,116
02335701,BATON ROUGE GEN MED CTR SCH NSG         ,LA,70821-0000,Private      ,3,2,5,46,148,194
02335702,BATON ROUGE GEN MED CTR-RAD TECH        ,LA,70806-0000,Private      ,3,6,9,42,49,91
02338000,"CLOYD'S BEAUTY SCHOOL #2, INC           ",LA,71202-3539,Proprietary  ,11,36,47,37,174,211
02352500,"CLOYD'S BEAUTY SCHOOL #3, INC           ",LA,71201-3211,Proprietary  ,11,35,46,44,180,224
02358600,"STAGE ONE THE HAIR SCHOOL, INC.         ",LA,70605-0000,Proprietary  ,9,9,18,58,92,150
02493400,ALEXANDRIA ACADEMY OF BEAUTY CULT       ,LA,71301-0000,Proprietary  ,1,3,4,11,58,69
02518300,SOUTH LOUISIANA BEAUTY COLLEGE          ,LA,70363-0000,Proprietary  ,9,12,21,32,64,96
02536400,LOUISIANA ACADEMY OF BEAUTY             ,LA,70535-0000,Proprietary  ,4,11,15,28,58,86
02538300,DELTA COLLEGE OF ARTS & TECH INC        ,LA,70806-1529,Proprietary  ,16,60,76,111,461,572
02538301,DELTA COLLEGE OF ARTS & TECHNOLOGY - LAF,LA,70508-6831,Proprietary  ,1,34,35,36,160,196
02548500,COSMETOLOGY TRAINING CENTER             ,LA,70503-0000,Proprietary  ,2,12,14,57,65,122
02554800,VANGUARD COLLEGE OF COSMETOLOGY         ,LA,70458-8823,Proprietary  ,18,27,45,88,123,211
02582200,"GUY'S ACADEMY HAIR, SKIN & NAILS        ",LA,71105-2404,Proprietary  ,8,18,26,54,139,193
02600900,AVEDA INSTITUTE                         ,LA,70433-2922,Proprietary  ,35,78,113,390,595,985
02601000,AMERICAN SCHOOL OF BUSINESS             ,LA,71105-5646,Proprietary  ,1,18,19,18,99,117
02601100,OPELOUSAS SCHOOL OF COSMETOLOGY         ,LA,70570-6156,Proprietary  ,2,4,6,22,41,63
02606800,CAREER TRAINING SPECIALISTS             ,LA,71201-6046,Proprietary  ,31,139,170,328,859,1187
02606801,CAREER TECHNICAL COLLEGE - SHREVEPORT   ,LA,71105-2405,Proprietary  ,16,71,87,98,487,585
02617100,BATON ROUGE COLLEGE                     ,LA,70816-2246,Proprietary  ,1,10,11,40,96,136
02619200,DENHAM SPRINGS BEAUTY COLLEGE           ,LA,70726-3829,Proprietary  ,4,9,13,32,51,83
03010400,CRESCENT CITY SCH GAMING & BARTENDG     ,LA,70119-5507,Proprietary  ,19,201,220,64,718,782
03023500,CAMELOT CAREER COLLEGE                  ,LA,70805-7539,Proprietary  ,22,65,87,104,234,338
03030900,DIESEL DRIVING ACADEMY                  ,LA,70815-8109,Proprietary  ,12,146,158,59,589,648
03061400,ASCENSION COLLEGE                       ,LA,70737-2912,Proprietary  ,7,19,26,81,186,267
03095100,GRETNA CAREER COLLEGE                   ,LA,70053-2436,Proprietary  ,12,51,63,41,245,286
03106200,OUR LADY OF THE LAKE COLLEGE            ,LA,70808-4345,Private      ,36,57,93,977,1837,2814
03253300,JONESVILLE BEAUTY SCHOOL                ,LA,71343-0000,Proprietary  ,1,11,12,16,43,59
03294300,BLUE CLIFF SCH THERAPEUTIC MASSAGE      ,LA,70002-3458,Proprietary  ,13,83,96,138,488,626
03332600,DELTA COLLEGE                           ,LA,70433-9042,Proprietary  ,3,36,39,83,292,375
03332601,DELTA COLLEGE - SLIDELL                 ,LA,70460-2624,Proprietary  ,5,22,27,37,149,186
03356300,MEDICAL TRAINING COLLEGE                ,LA,70816-5820,Proprietary  ,14,38,52,98,265,363
03422500,BLUE CLIFF COLLEGE                      ,LA,71107-6520,Proprietary  ,17,58,75,110,401,511
03422600,BLUE CLIFF COLLEGE                      ,LA,70508-3858,Proprietary  ,21,92,113,120,375,495
03480300,MEDVANCE INSTITUTE                      ,LA,70809-1908,Proprietary  ,61,317,378,486,2162,2648
03498400,OMEGA INSTITUTE OF COSMETOLOGY          ,LA,70360-0000,Proprietary  ,4,5,9,37,56,93
03727500,MOORE CAREER COLLEGE                    ,LA,70808-4191,Proprietary  ,2,8,10,39,90,129
03730300,BATON ROUGE COMMUNITY COLLEGE           ,LA,78806-4129,Public       ,135,220,355,3463,3747,7210
03752400,SCHOOL OF URBAN MISSIONS                ,LA,70053-0000,Private      ,4,3,7,47,49,96
03789300,UNITECH TRAINING ACADEMY                ,LA,70503-5132,Proprietary  ,28,173,201,160,764,924
03789400,RIVER PARISHES COMMUNITY COLLEGE        ,LA,70778-0310,Public       ,19,30,49,339,422,761
03810500,COURT REPORTING INSTITUTE OF LOUISI     ,LA,70816-0000,Proprietary  ,0,6,6,12,71,83
03858300,RAY'S FAITH ACADEMY OF BEAUTY EDUCATION ,LA,70737-0000,Proprietary  ,0,1,1,5,16,21
03956300,SOUTH LOUISIANA COMMUNITY COLLEGE       ,LA,70506-0000,Public       ,45,49,94,933,940,1873
04040300,COMPASS CAREER COLLEGE                  ,LA,70403-0653,Proprietary  ,2,25,27,29,173,202
04112300,LOUISIANA CULINARY INSTITUTE            ,LA,70816-4109,Proprietary  ,9,8,17,64,66,130
04120700,ALDEN'S SCHOOL OF COSMETOLOGY           ,LA,70714-1502,Proprietary  ,5,18,23,5,18,23
04130100,LOUISIANA DELTA COMMUNITY COLLEGE       ,LA,71203-3618,Public       ,1,5,6,1,5,6
00143600,CAPITOL COLLEGE                         ,MD,20708-9759,Private      ,6,18,24,275,263,538
00146200,WASHINGTON BIBLE COLLEGE                ,MD,20706-3599,Private      ,2,19,21,94,257,351
00205700,ALLEGANY COLLEGE OF MARYLAND            ,MD,21502-2596,Public       ,58,93,151,1713,1404,3117
00205800,ANNE ARUNDEL COMMUNITY COLLEGE          ,MD,21012-1895,Public       ,156,344,500,2823,4065,6888
00206000,BALTIMORE HEBREW UNIVERSITY             ,MD,21215-3996,Private      ,0,0,0,2,36,38
00206100,BALTIMORE CITY COMMUNITY COLLEGE        ,MD,21215-7893,Public       ,176,562,738,2323,6138,8461
00206200,BOWIE STATE UNIVERSITY                  ,MD,20715-9465,Public       ,124,157,281,6194,3371,9565
00206300,COMMUNITY COLLEGE OF BALTIMORE COUNTY   ,MD,21228-5381,Public       ,322,642,964,5210,8751,13961
00206400,COLLEGE OF SOUTHERN MARYLAND            ,MD,20646-0910,Public       ,71,145,216,1856,2332,4188
00206500,CLG NOTRE DAME OF MARYLAND              ,MD,21210-2476,Private      ,11,58,69,708,1081,1789
00206700,COLUMBIA UNION COLLEGE                  ,MD,20912-7796,Private      ,15,37,52,799,657,1456
00206800,COPPIN STATE UNIVERSITY                 ,MD,21216-3698,Public       ,73,153,226,3186,3345,6531
00207100,FREDERICK COMMUNITY COLLEGE             ,MD,21702-9745,Public       ,41,91,132,1084,1419,2503
00207200,FROSTBURG STATE UNIVERSITY              ,MD,21532-1099,Public       ,71,37,108,5180,992,6172
00207300,GOUCHER COLLEGE                         ,MD,21204-2794,Private      ,17,14,31,2403,443,2846
00207400,HAGERSTOWN COMMUNITY COLLEGE            ,MD,21742-6590,Public       ,35,145,180,1119,1519,2638
00207500,HARFORD COMMUNITY COLLEGE               ,MD,21015-1696,Public       ,74,125,199,1289,1501,2790
00207600,HOOD COLLEGE                            ,MD,21701-8575,Private      ,18,28,46,1852,674,2526
00207700,JOHNS HOPKINS UNIVERSITY                ,MD,21218-2693,Private      ,34,37,71,4758,973,5731
00207702,JOHNS HOPKINS UNIV SCH ARTS/SCI/ENG     ,MD,21218-0000,Private      ,23,68,91,3169,1279,4448
00207703,JOHNS HOPKINS UNIV SCH OF BUS/ED        ,MD,21046-0000,Private      ,1,63,64,36,1433,1469
00207705,JOHNS HOPKINS BLOOMBERG SCH OF PH       ,MD,21205-0000,Private      ,0,21,21,14,1089,1103
00207706,JOHNS HOPKINS UNIV SCH OF MEDICINE      ,MD,21205-0000,Private      ,3,11,14,102,921,1023
00207707,JOHNS HOPKINS UNIV SCH OF NURSING       ,MD,21205-0000,Private      ,1,23,24,197,696,893
00207708,JOHNS HOPKINS UNIV PEABODY CONSERV      ,MD,21202-2397,Private      ,4,2,6,561,384,945
00207800,LOYOLA UNIVERSITY MARYLAND              ,MD,21210-2699,Private      ,38,38,76,5316,1491,6807
00208000,MARYLAND INST COLLEGE OF ART            ,MD,21217-4191,Private      ,23,5,28,2133,513,2646
00208300,MORGAN STATE UNIVERSITY                 ,MD,21251-0002,Public       ,173,127,300,9461,3620,13081
00208600,MOUNT SAINT MARY'S UNIVERSITY           ,MD,21727-7799,Private      ,16,16,32,2392,288,2680
00208700,NER ISRAEL RABBINICAL COLLEGE           ,MD,21208-1198,Private      ,7,8,15,97,39,136
00208900,PRINCE GEORGES COMMUNITY COLLEGE        ,MD,20774-2199,Public       ,182,373,555,3591,5350,8941
00209100,SALISBURY UNIVERSITY                    ,MD,21801-6862,Public       ,92,31,123,7657,1265,8922
00209200,ST JOHN'S COLLEGE                       ,MD,21404-0000,Private      ,3,11,14,618,163,781
00209500,ST. MARY'S COLLEGE OF MARYLAND          ,MD,20686-3001,Public       ,22,4,26,2254,143,2397
00209600,ST MARY'S SEMINARY & UNIV               ,MD,21210-1994,Private      ,0,0,0,12,20,32
00209900,TOWSON UNIVERSITY                       ,MD,21252-0002,Public       ,241,169,410,16236,4921,21157
00210200,UNIVERSITY OF BALTIMORE                 ,MD,21201-5779,Public       ,25,155,180,1220,5028,6248
00210300,"UNIVERSITY OF MARYLAND, COLLEGE PARK    ",MD,20742-5145,Public       ,355,365,720,24300,10126,34426
00210400,"UNIVERSITY OF MARYLAND, BALTIMORE       ",MD,21201-1691,Public       ,38,131,169,1923,7598,9521
00210500,UMBC                                    ,MD,21250-0002,Public       ,139,119,258,7289,3152,10441
00210600,UNIVERSITY MARYLAND EASTERN SHORE       ,MD,21853-4053,Public       ,117,50,167,4617,1206,5823
00210700,STEVENSON UNIVERSITY                    ,MD,21153-0641,Private      ,34,35,69,3311,847,4158
00210800,WASHINGTON COLLEGE                      ,MD,21620-1197,Private      ,19,1,20,1647,46,1693
00210900,MCDANIEL COLLEGE                        ,MD,21157-4390,Private      ,13,36,49,2563,485,3048
00458612,KAPLAN COLLEGE                          ,MD,21742-2797,Proprietary  ,31,121,152,335,903,1238
00458613,KAPLAN COLLEGE -  CAREER TECHNOLOGY CENT,MD,21742-2797,Proprietary  ,0,2,2,1,6,7
00458614,KAPLAN COLLEGE - FREDERICK              ,MD,21704-8307,Proprietary  ,8,39,47,63,242,305
00465000,CHESAPEAKE COLLEGE                      ,MD,21679-0008,Public       ,26,53,79,773,1004,1777
00691100,MONTGOMERY COLLEGE                      ,MD,20850-1195,Public       ,265,390,655,6835,6420,13255
00734100,INTERNATIONAL BEAUTY SCHOOL             ,MD,21502-2370,Proprietary  ,5,21,26,35,111,146
00744700,DEL-MAR-VA BEAUTY ACADEMY               ,MD,21804-0000,Proprietary  ,7,16,23,45,80,125
00749100,TESST COLLEGE OF TECHNOLOGY             ,MD,21227-1063,Proprietary  ,64,247,311,452,1396,1848
00793600,LINCOLN TECHNICAL INSTITUTE             ,MD,21046-1544,Proprietary  ,100,99,199,803,881,1684
00817500,HOWARD COMMUNITY COLLEGE                ,MD,21044-3197,Public       ,79,157,236,1893,2130,4023
00826300,AWARD BEAUTY SCHOOL                     ,MD,21740-5624,Proprietary  ,14,76,90,90,262,352
00830800,CECIL COLLEGE                           ,MD,21901-1999,Public       ,25,54,79,623,697,1320
00907906,EVEREST COLLEGE- EVEREST INSTITUTE      ,MD,20910-3737,Proprietary  ,56,165,221,67,190,257
01001400,GARRETT COMMUNITY COLLEGE               ,MD,21541-1265,Public       ,25,41,66,527,293,820
01031900,MEDIX SCHOOL                            ,MD,21204-2538,Proprietary  ,58,250,308,388,1467,1855
01041000,TESST COLLEGE OF TECHNOLOGY             ,MD,21286-2201,Proprietary  ,26,71,97,237,546,783
01164400,UNIV OF MARYLAND UNIVERSITY COLLEGE     ,MD,20783-8078,Public       ,65,1334,1399,1543,18111,19654
01164402,U OF MD UNIVERSITY COLLEGE - EUROPE     ,MD,20832-0000,Public       ,17,205,222,296,2133,2429
01164404,U OF MD UNIVERSITY COLLEGE - ASIA       ,MD,31207-0000,Public       ,6,117,123,86,1114,1200
02073900,WOR-WIC COMMUNITY COLLEGE               ,MD,21804-0000,Public       ,41,135,176,998,1801,2799
02083600,TESST COLLEGE OF TECHNOLOGY             ,MD,20705-2698,Proprietary  ,58,116,174,338,601,939
02116005,SANFORD-BROWN INSTITUTE - LANDOVER      ,MD,20785-2287,Proprietary  ,24,137,161,156,794,950
02127900,SOJOURNER DOUGLASS COLLEGE              ,MD,21205-0000,Private      ,5,188,193,137,2170,2307
02155100,MARYLAND COLLEGE OF ART AND DESIGN      ,MD,20902-0000,Private      ,1,1,2,70,23,93
02269700,INTERNATIONAL BEAUTY SCHOOL             ,MD,21014-0000,Proprietary  ,8,12,20,38,47,85
02288900,ABI-ACCUTECH BUSINESS INSTITUTE         ,MD,21703-0000,Proprietary  ,0,0,0,0,2,2
02314800,BALTIMORE INTERNATIONAL COLLEGE         ,MD,21202-0000,Private      ,14,33,47,564,454,1018
02331000,MARYLAND BEAUTY ACADEMY OF ESSEX        ,MD,21221-0000,Proprietary  ,9,11,20,49,104,153
02333000,HAIR ACADEMY                            ,MD,20784-0000,Proprietary  ,23,86,109,146,319,465
02343800,MONTGOMERY BEAUTY SCHOOL                ,MD,20901-0000,Proprietary  ,19,36,55,62,172,234
02494700,BALTIMORE STUDIO OF HAIR DESIGN         ,MD,21201-0000,Proprietary  ,14,33,47,72,186,258
02495000,ROBERT PAUL ACAD COSMTGY ARTS & SCI     ,MD,21093-0000,Proprietary  ,6,5,11,62,70,132
02495100,MARYLAND BEAUTY ACADEMY                 ,MD,21136-0000,Proprietary  ,4,4,8,16,52,68
02545400,NORTH AMERICAN TRADE SCHOOLS            ,MD,21244-0069,Proprietary  ,23,166,189,161,803,964
02573800,"L' ACADEMIE DE CUISINE, INC.            ",MD,20877-0000,Proprietary  ,0,5,5,46,118,164
02578400,TAI SOPHIA INSTITUTE                    ,MD,20723-6010,Private      ,1,13,14,1,249,250
03027200,BLADES SCHOOL OF HAIR DESIGN            ,MD,20619-0226,Proprietary  ,7,10,17,26,77,103
03064900,AARON'S ACADEMY OF BEAUTY               ,MD,20602-2715,Proprietary  ,5,11,16,28,55,83
03097200,AESTHETICS INSTITUTE OF COSMETOLOGY     ,MD,20877-1305,Proprietary  ,0,12,12,5,43,48
03100700,CARROLL COMMUNITY COLLEGE               ,MD,21157-6913,Public       ,23,53,76,720,641,1361
03148300,AMERICAN BEAUTY ACADEMY                 ,MD,20902-1911,Proprietary  ,34,136,170,185,486,671
03296300,BALTIMORE SCHOOL OF MASSAGE             ,MD,21090-2261,Proprietary  ,20,98,118,160,509,669
03327300,NEW CREATIONS ACADEMY OF HAIR DSN       ,MD,20746-2960,Proprietary  ,3,7,10,8,41,49
03493300,ALL-STATE CAREER SCHOOL                 ,MD,21224-6658,Proprietary  ,59,388,447,309,1575,1884
03771300,AMERICAN CAREER INSTITUTE               ,MD,20902-4637,Proprietary  ,2,12,14,9,77,86
03822400,MAPLE SPRINGS BAPTIST BIBLE COLLEGE & SE,MD,20743-5711,Private      ,0,5,5,5,34,39
03965500,HAIR EXPRESSIONS ACADEMY                ,MD,20852-1729,Proprietary  ,5,18,23,32,76,108
04121600,FILA ACADEMY (THE)                      ,MD,21061-1634,Proprietary  ,9,36,45,14,44,58
        ,MGH INSTITUTE OF HEALTH PROFESSION      ,MA,02129-0000,Private      ,1,28,29,10,788,798
00211400,AMERICAN INTERNATIONAL COLLEGE          ,MA,01109-3189,Private      ,23,119,142,1791,1526,3317
00211500,AMHERST COLLEGE                         ,MA,01002-5000,Private      ,25,1,26,3182,97,3279
00211600,ANDOVER NEWTON THEOLOGICAL SCHOOL       ,MA,02459-0000,Private      ,0,3,3,0,207,207
00211700,ANNA MARIA COLLEGE                      ,MA,01612-1198,Private      ,11,14,25,985,320,1305
00211800,ASSUMPTION COLLEGE                      ,MA,01615-1294,Private      ,22,4,26,3779,379,4158
00211900,ATLANTIC UNION COLLEGE                  ,MA,01561-1000,Private      ,8,8,16,331,262,593
00212000,MERRIMACK COLLEGE                       ,MA,01845-5800,Private      ,18,7,25,3401,141,3542
00212100,BABSON COLLEGE                          ,MA,02457-0310,Private      ,13,55,68,1825,756,2581
00212200,BAY PATH COLLEGE                        ,MA,01106-2212,Private      ,11,80,91,749,1273,2022
00212300,BECKER COLLEGE-WORCESTER                ,MA,01615-0071,Private      ,30,49,79,1927,809,2736
00212400,BENTLEY UNIVERSITY                      ,MA,02452-4705,Private      ,37,20,57,5453,663,6116
00212600,BERKLEE COLLEGE OF MUSIC                ,MA,02215-3693,Private      ,40,24,64,3280,715,3995
00212800,BOSTON COLLEGE                          ,MA,02467-3800,Private      ,101,58,159,15774,5465,21239
00212900,BOSTON CONSERVATORY OF MUSIC            ,MA,02215-9830,Private      ,4,2,6,795,227,1022
00213000,BOSTON UNIVERSITY                       ,MA,02215-1789,Private      ,166,271,437,23756,13347,37103
00213300,BRANDEIS UNIVERSITY                     ,MA,02453-2700,Private      ,19,10,29,4088,781,4869
00213900,CLARK UNIVERSITY                        ,MA,01610-1473,Private      ,19,15,34,3634,502,4136
00214000,ELMS COLLEGE                            ,MA,01013-2839,Private      ,6,11,17,941,476,1417
00214100,COLLEGE OF THE HOLY CROSS               ,MA,01610-2395,Private      ,24,5,29,4771,57,4828
00214300,CURRY COLLEGE                           ,MA,02186-2395,Private      ,36,45,81,3259,881,4140
00214400,DEAN COLLEGE                            ,MA,02038-1994,Private      ,16,2,18,1342,110,1452
00214500,EASTERN NAZARENE COLLEGE                ,MA,02170-2999,Private      ,9,41,50,805,394,1199
00214507,EASTERN NAZARENE CLG - LEAD PROGRAM     ,MA,02170-0000,Private      ,0,7,7,16,44,60
00214600,EMERSON COLLEGE                         ,MA,02116-4624,Private      ,45,14,59,5020,1340,6360
00214700,EMMANUEL COLLEGE                        ,MA,02115-5798,Private      ,25,13,38,3283,337,3620
00214800,ENDICOTT COLLEGE                        ,MA,01915-2098,Private      ,19,9,28,3246,205,3451
00214900,EPISCOPAL DIVINITY SCHOOL               ,MA,02138-0000,Private      ,0,4,4,0,85,85
00215000,FISHER COLLEGE                          ,MA,02116-1500,Private      ,30,93,123,1136,889,2025
00215100,BENJAMIN FRANKLIN INSTITUTE OF TECH     ,MA,02116-6296,Public       ,8,13,21,479,254,733
00215300,GORDON COLLEGE                          ,MA,01984-1899,Private      ,15,3,18,1872,69,1941
00215400,HELLENIC COLLEGE                        ,MA,02445-7496,Private      ,1,0,1,49,98,147
00215500,HARVARD UNIVERSITY                      ,MA,02138-3800,Private      ,55,23,78,3577,586,4163
00215501,AMRCN REPERTORY THTR INST ADV THTR      ,MA,02138-0000,Private      ,0,1,1,0,93,93
00215502,HARVARD BUSINESS SCHOOL                 ,MA,02163-0000,Private      ,3,12,15,118,1495,1613
00215503,HARVARD EXTENSION SCHOOL                ,MA,02138-0000,Private      ,10,53,63,121,796,917
00215504,HARVARD SCH OF DENTAL MEDICINE          ,MA,02115-0000,Private      ,0,2,2,2,188,190
00215505,HARVARD UNIV GRAD SCH DESIGN            ,MA,02138-0000,Private      ,0,6,6,5,772,777
00215506,HARVARD DIVINITY SCHOOL                 ,MA,02138-0000,Private      ,0,7,7,19,634,653
00215507,HARVARD UNIV GRAD SCH ED                ,MA,02138-0000,Private      ,0,5,5,4,1167,1171
00215508,HARVARD UNIV GRAD S OF ARTS & SCIEN     ,MA,02138-0000,Private      ,1,13,14,54,753,807
00215509,HARVARD JOHN F KENNEDY SCHL OF GOVT     ,MA,02138-0000,Private      ,0,6,6,19,1071,1090
00215510,HARVARD LAW SCHOOL                      ,MA,02138-0000,Private      ,1,7,8,47,3304,3351
00215511,HARVARD UNIV MEDICAL SCHOOL             ,MA,02115-0000,Private      ,5,7,12,70,912,982
00215512,HARVARD UNIV SCH PUBLIC HEALTH          ,MA,02115-0000,Private      ,0,3,3,35,674,709
00215513,HARVARD UNIVERSITY-HARVARD COLLEGE      ,MA,02138-0000,Private      ,78,8,86,10567,289,10856
00215700,HEBREW COLLEGE                          ,MA,02459-2237,Private      ,0,2,2,8,78,86
00215800,LASELL COLLEGE                          ,MA,02466-2716,Private      ,21,3,24,2069,120,2189
00216000,LESLEY UNIVERSITY                       ,MA,02138-2790,Private      ,31,393,424,1928,5312,7240
00216100,UMASS LOWELL                            ,MA,01854-3089,Public       ,117,141,258,7006,2974,9980
00216300,MARIST COLLEGE & SEMINARY               ,MA,01701-0000,Private      ,1,4,5,10,358,368
00216400,NEW ENGLAND COLLEGE OF OPTOMETRY        ,MA,02115-1129,Private      ,0,0,0,7,435,442
00216500,MASS. COLLEGE OF PHARMACY  & HEALTH SCIE,MA,02115-5804,Private      ,26,14,40,3091,1902,4993
00216700,BERKSHIRE COMMUNITY COLLEGE             ,MA,01201-5786,Public       ,26,39,65,695,870,1565
00216800,CAPE COD COMMUNITY COLLEGE              ,MA,02668-1599,Public       ,52,99,151,1251,1341,2592
00216900,GREENFIELD COMMUNITY COLLEGE            ,MA,01301-9739,Public       ,49,83,132,763,1104,1867
00217000,HOLYOKE COMMUNITY COLLEGE               ,MA,01040-1099,Public       ,86,170,256,2953,3032,5985
00217100,MASSACHUSETTS BAY COMMUNITY COLLEGE     ,MA,02181-0000,Public       ,55,93,148,1568,1746,3314
00217200,MOUNT WACHUSETT COMMUNITY COLLEGE       ,MA,01440-1000,Public       ,34,106,140,1384,2137,3521
00217300,NORTH SHORE COMMUNITY COLLEGE           ,MA,01923-4093,Public       ,92,142,234,2232,2786,5018
00217400,NORTHERN ESSEX COMMUNITY COLLEGE        ,MA,01830-2399,Public       ,132,233,365,2026,2922,4948
00217500,QUINSIGAMOND COMMUNITY COLLEGE          ,MA,01606-2092,Public       ,90,132,222,2442,2719,5161
00217600,BRISTOL COMMUNITY COLLEGE               ,MA,02720-7399,Public       ,79,159,238,2658,2960,5618
00217700,MASSASOIT COMMUNITY COLLEGE             ,MA,02302-3996,Public       ,72,86,158,2466,2532,4998
00217800,MASSACHUSETTS INST OF TECHNOLOGY        ,MA,02139-4307,Private      ,44,72,116,7990,2296,10286
00218000,MASSACHUSETTS COLLEGE OF ART AND DESIGN ,MA,02115-5803,Public       ,15,6,21,1834,625,2459
00218100,MASSACHUSETTS MARITIME ACADEMY          ,MA,02532-3400,Public       ,13,2,15,934,62,996
00218300,BRIDGEWATER STATE COLLEGE               ,MA,02325-0001,Public       ,97,75,172,8534,2158,10692
00218400,FITCHBURG STATE COLLEGE                 ,MA,01420-2697,Public       ,37,30,67,4114,1063,5177
00218500,FRAMINGHAM STATE COLLEGE                ,MA,01702-2471,Public       ,39,15,54,4050,789,4839
00218700,MASSACHUSETTS CLG OF LIBERAL ARTS       ,MA,01247-4100,Public       ,15,11,26,1601,418,2019
00218800,SALEM STATE COLLEGE                     ,MA,01970-5353,Public       ,86,80,166,7076,2572,9648
00218900,WESTFIELD STATE COLLEGE                 ,MA,01086-1630,Public       ,61,23,84,5779,906,6685
00219000,WORCESTER STATE COLLEGE                 ,MA,01602-2597,Public       ,55,39,94,4470,1498,5968
00219200,MOUNT HOLYOKE COLLEGE                   ,MA,01075-1492,Private      ,12,7,19,2143,259,2402
00219300,MOUNT IDA COLLEGE                       ,MA,02459-3323,Private      ,20,4,24,2025,258,2283
00219400,NEW ENGLAND CONSERVATORY OF MUSIC       ,MA,02115-5018,Private      ,1,2,3,609,577,1186
00219700,NICHOLS COLLEGE                         ,MA,01571-6346,Private      ,13,21,34,1701,201,1902
00219900,NORTHEASTERN UNIVERSITY                 ,MA,02115-5000,Private      ,219,254,473,25013,7158,32171
00220100,PINE MANOR COLLEGE                      ,MA,02167-0000,Private      ,9,3,12,568,110,678
00220200,BLESSED JOHN XXIII NATIONAL SEMINARY    ,MA,02493-0000,Private      ,0,0,0,0,3,3
00220500,QUINCY COLLEGE                          ,MA,02169-4501,Public       ,37,92,129,927,1974,2901
00220600,REGIS COLLEGE                           ,MA,02193-0000,Private      ,10,12,22,1210,498,1708
00220800,SIMMONS COLLEGE                         ,MA,02115-5898,Private      ,24,51,75,2477,2627,5104
00220900,SMITH COLLEGE                           ,MA,01063-2936,Private      ,20,6,26,2820,869,3689
00221000,UNIV OF MASSACHUSETTS-DARTMOUTH         ,MA,02747-2300,Public       ,94,47,141,8887,1738,10625
00221100,SPRINGFIELD COLLEGE                     ,MA,01109-3797,Private      ,23,163,186,3353,3619,6972
00221400,ST JOHN'S SEMINARY                      ,MA,02135-8839,Private      ,1,13,14,12,79,91
00221700,STONEHILL COLLEGE                       ,MA,02357-6110,Private      ,21,1,22,4757,97,4854
00221800,SUFFOLK UNIVERSITY                      ,MA,02108-2770,Private      ,62,40,102,7212,2079,9291
00221802,SUFFOLK UNIVERSITY LAW SCHOOL           ,MA,02108-0000,Private      ,4,5,9,125,2522,2647
00221900,TUFTS UNIVERSITY                        ,MA,02155-5808,Private      ,39,28,67,7967,2181,10148
00221901,TUFTS UNIV SCH OF DENTAL MEDICINE       ,MA,02111-0000,Private      ,0,7,7,4,812,816
00221902,TUFTS UNIVERSITY - CUMMINGS SCHOOL OF VE,MA,01536-0000,Private      ,1,1,2,26,400,426
00221904,TUFTS UNIV SCHOOL OF MEDICINE           ,MA,02111-0000,Private      ,1,5,6,40,1239,1279
00222100,UNIV OF MASSACHUSETTS-AMHERST           ,MA,01003-0000,Public       ,223,108,331,25793,5450,31243
00222200,UNIV OF MASSACHUSETTS-BOSTON            ,MA,02125-3393,Public       ,144,239,383,7057,6821,13878
00222400,WELLESLEY COLLEGE                       ,MA,02481-8203,Private      ,18,1,19,2912,122,3034
00222500,WENTWORTH INSTITUTE OF TECHNOLOGY       ,MA,02115-5998,Private      ,42,20,62,3462,444,3906
00222600,WESTERN NEW ENGLAND COLLEGE             ,MA,01119-2654,Private      ,31,17,48,4283,1353,5636
00222700,WHEATON COLLEGE                         ,MA,02766-2322,Private      ,20,0,20,2349,39,2388
00222800,WHEELOCK COLLEGE                        ,MA,02215-4176,Private      ,9,2,11,1150,580,1730
00222900,WILLIAMS COLLEGE                        ,MA,01267-2600,Private      ,12,0,12,2854,60,2914
00223300,WORCESTER POLYTECHNIC INSTITUTE         ,MA,01609-2280,Private      ,19,14,33,4748,323,5071
00396500,BAY STATE COLLEGE                       ,MA,02116-2901,Proprietary  ,27,19,46,931,390,1321
00396600,BOSTON ARCHITECTURAL COLLEGE            ,MA,02115-2795,Private      ,6,20,26,441,841,1282
00466100,HAMPSHIRE COLLEGE                       ,MA,01002-3359,Private      ,18,4,22,2165,105,2270
00466600,SALTER COLLEGE                          ,MA,01583-1700,Proprietary  ,131,495,626,664,2696,3360
00466700,SCHOOL OF MUSEUM OF FINE ARTS           ,MA,02115-5534,Private      ,7,0,7,822,302,1124
00466900,UPPER CAPE COD REGIONAL VOC TECH        ,MA,02532-3310,Public       ,1,0,1,13,67,80
00527900,GREATER LOWELL REGNL VOC TECH SCH       ,MA,01879-0000,Public       ,0,0,0,17,68,85
00551900,DIMAN REGIONAL VOC TECH INST            ,MA,02723-3519,Public       ,0,1,1,9,56,65
00552300,BLUE HILLS REGIONAL VOC TECH            ,MA,02021-1398,Public       ,0,4,4,22,114,136
00555700,MCCANN TECHNICAL SCHOOL                 ,MA,01247-0000,Public       ,0,4,4,14,62,76
00613600,NATIONAL AVIATION ACADEMY - NEW ENGLAND ,MA,01730-2620,Proprietary  ,7,14,21,114,113,227
00632200,BROCKTON HOSPITAL SCH OF NURSING        ,MA,02302-0000,Private      ,1,3,4,100,354,454
00632400,LABOURE COLLEGE                         ,MA,02124-5698,Private      ,5,22,27,157,584,741
00633100,LAWRENCE MEM HOSPITAL SCH OF NRSNG      ,MA,02155-1643,Private      ,1,14,15,54,385,439
00687300,MARIAN COURT COLLEGE                    ,MA,01907-2896,Private      ,6,11,17,225,122,347
00748100,GIBBS COLLEGE                           ,MA,02116-2904,Proprietary  ,20,33,53,310,582,892
00748400,NEWBURY COLLEGE                         ,MA,02445-5796,Private      ,14,9,23,1456,254,1710
00748600,THE NEW ENGLAND INSTITUTE OF ART        ,MA,02445-7295,Proprietary  ,57,28,85,1840,583,2423
00748800,KAPLAN CAREER INSTITUTE                 ,MA,02129-1644,Proprietary  ,47,94,141,182,482,664
00807800,SPRINGFIELD TECHNICAL COMMUNITY CLG     ,MA,01105-0000,Public       ,90,208,298,2135,3759,5894
00809002,EVEREST COLLEGE - EVEREST INSTITUTE     ,MA,02150-2333,Proprietary  ,33,78,111,38,98,136
00891600,NEW ENGLAND SCHOOL OF LAW               ,MA,02116-0000,Private      ,1,3,4,10,1951,1961
00912900,EMPIRE BEAUTY SCHOOL                    ,MA,02148-0000,Proprietary  ,0,0,0,22,27,49
00964500,BARD COLLEGE AT SIMON'S ROCK            ,MA,01230-9702,Private      ,3,0,3,400,4,404
00974700,GORDON-CONWELL THEOLOGICAL SEMINARY     ,MA,01982-0000,Private      ,0,19,19,3,649,652
00975600,UNIVERSITY OF MASS MEDICAL CENTER       ,MA,01655-0000,Public       ,0,12,12,14,750,764
00987700,HENRI'S SCHOOL OF HAIR DESIGN           ,MA,01420-5675,Proprietary  ,3,4,7,17,34,51
00989900,LOWELL ACADEMY HAIRSTYLING INST         ,MA,01852-1909,Proprietary  ,13,10,23,43,34,77
00993600,MIDDLESEX COMMUNITY COLLEGE             ,MA,01730-1197,Public       ,54,55,109,1055,812,1867
00993602,"MIDDLESEX COMMUNITY COLLEGE, LOWELL     ",MA,01852-0000,Public       ,94,129,223,1820,1456,3276
01121000,BUNKER HILL COMMUNITY COLLEGE           ,MA,02129-2991,Public       ,116,188,304,2842,4674,7516
01151000,EVEREST INSTITUTE                       ,MA,02135-7638,Proprietary  ,62,103,165,312,908,1220
01193000,ROXBURY COMMUNITY COLLEGE               ,MA,02120-3400,Public       ,36,151,187,742,2180,2922
01204200,MANSFIELD BEAUTY SCHOOLS                ,MA,02169-5061,Proprietary  ,5,23,28,40,92,132
01206800,MANSFIELD BEAUTY SCHOOL                 ,MA,01103-1410,Proprietary  ,0,6,6,10,77,87
01238600,SOUTHEASTERN TECHNICAL INSTITUTE        ,MA,02375-1780,Public       ,3,4,7,42,167,209
01241400,EMPIRE BEAUTY SCHOOL                    ,MA,02116-1914,Proprietary  ,0,0,0,5,0,5
01255300,WHITTIER REGIONAL VOC TECH SCHOOL       ,MA,01830-1898,Public       ,0,0,0,4,3,7
01288100,MONTACHUSETT REG VOC TECH SCH           ,MA,01420-4649,Public       ,0,1,1,6,40,46
01292100,EMPIRE BEAUTY SCHOOL                    ,MA,02215-0000,Proprietary  ,38,63,101,179,273,452
01294800,ROB ROY ACADEMY                         ,MA,02721-5330,Proprietary  ,9,15,24,58,80,138
02063000,MONTSERRAT COLLEGE OF ART               ,MA,01915-0000,Private      ,2,0,2,403,45,448
02063800,BUTERA SCHOOL OF ART                    ,MA,02116-0000,Proprietary  ,0,0,0,50,11,61
02076700,EMPIRE BEAUTY SCHOOL                    ,MA,02148-0000,Proprietary  ,23,38,61,101,175,276
02079400,EMPIRE BEAUTY SCHOOL                    ,MA,02453-0000,Proprietary  ,15,34,49,70,149,219
02092100,MASSACHUSETTS SCHOOL OF BARBERING       ,MA,02169-0000,Proprietary  ,4,9,13,18,65,83
02092200,EMPIRE BEAUTY SCHOOL                    ,MA,01852-0000,Proprietary  ,10,35,45,86,165,251
02122000,NEW ENGLAND HAIR ACADEMY                ,MA,02148-0000,Proprietary  ,5,15,20,53,73,126
02137000,ROB ROY ACADEMY                         ,MA,02780-0000,Proprietary  ,8,10,18,25,34,59
02137200,MASS GEN HOSP DIETETIC INTERNSHIP       ,MA,02114-0000,Private      ,0,0,0,4,9,13
02143000,LONGY SCHOOL OF MUSIC                   ,MA,02138-3599,Private      ,0,1,1,37,135,172
02161300,WESTON JESUIT SCHOOL OF THEOLOGY        ,MA,02138-0000,Private      ,0,0,0,0,64,64
02163500,NEW ENGLAND SCHOOL OF PHOTOGRAPHY       ,MA,02215-0000,Proprietary  ,3,6,9,106,102,208
02169900,ASSABET VALLEY REGIONAL VOC SCHOOL      ,MA,01752-0000,Public       ,0,1,1,23,47,70
02181600,ROB ROY ACADEMY                         ,MA,01609-0000,Proprietary  ,11,22,33,78,138,216
02182900,CAMBRIDGE COLLEGE                       ,MA,02138-5304,Private      ,51,565,616,263,4903,5166
02197900,NORTH BENNET STREET SCHOOL              ,MA,02113-0000,Private      ,0,3,3,34,93,127
02215100,HALLMARK INSTITUTE OF PHOTOGRAPHY       ,MA,01376-0000,Proprietary  ,1,0,1,174,166,340
02219501,MILDRED ELLEY - PITTSFIELD              ,MA,01201-5300,Proprietary  ,0,2,2,3,6,9
02220400,CATHERINE HINDS INST OF ESTHETICS       ,MA,01801-0000,Proprietary  ,6,28,34,63,160,223
02237100,JOSEPH P KEEFE TECHNICAL SCHOOL         ,MA,01701-5698,Public       ,0,0,0,3,4,7
02274300,CONWAY SCHOOL OF LANDSCAPE DESIGN       ,MA,01341-0179,Private      ,0,0,0,0,24,24
02325700,LABARON HAIRDRESSING ACADEMY            ,MA,02740-0000,Proprietary  ,0,6,6,17,38,55
02325800,LABARON HAIRDRESSING ACAD-BROCKTON      ,MA,02301-0000,Proprietary  ,2,7,9,11,39,50
02337400,BANCROFT SCHOOL OF MASSAGE THERAPY      ,MA,01604-4614,Proprietary  ,1,9,10,15,51,66
02338200,BAY STATE SCHOOL OF TECHNOLOGY          ,MA,02021-0000,Proprietary  ,20,44,64,54,253,307
02339400,ROB ROY ACADEMY                         ,MA,02746-0000,Proprietary  ,2,4,6,14,18,32
02491700,CORTIVA INSTITUTE -  BOSTON             ,MA,02472-2577,Proprietary  ,4,34,38,25,204,229
02523900,ELIZABETH GRADY SCHOOL OF ESTHETICS     ,MA,02155-0000,Proprietary  ,3,5,8,32,79,111
02579800,NEW ENGLAND SCHOOL OF ACUPUNCTURE       ,MA,02458-0000,Private      ,0,2,2,1,155,156
02614901,SANFORD-BROWN INSTITUTE - SPRINGFIELD   ,MA,01104-1739,Proprietary  ,0,0,0,3,3,6
03066700,AILANO SCHOOL OF COSMETOLOGY            ,MA,02303-4740,Proprietary  ,3,8,11,21,34,55
03104000,SHAWSHEEN ADULT TECHNICAL INSTITUTE     ,MA,01821-5499,Public       ,1,1,2,12,41,53
03120800,KAY HARVEY HAIRDRESSING ACADEMY         ,MA,01089-2701,Proprietary  ,6,20,26,21,85,106
03127700,SOUTHERN NEW ENGLAND SCHOOL OF LAW      ,MA,02747-1252,Private      ,0,1,1,1,266,267
03130500,URBAN COLLEGE OF BOSTON                 ,MA,02111-1093,Private      ,3,33,36,50,545,595
03194300,BOSTON GRAD SCH OF PSYCHOANALYSIS       ,MA,02446-4602,Private      ,0,2,2,1,60,61
03196300,LINCOLN TECHNICAL INSTITUTE             ,MA,02145-1102,Proprietary  ,50,105,155,272,543,815
03196302,LINCOLN TECHNICAL INSTITUTE             ,MA,01852-5119,Proprietary  ,28,62,90,205,387,592
03205400,JOLIE HAIR & BEAUTY ACADEMY             ,MA,01056-2769,Proprietary  ,5,13,18,35,57,92
03232302,LINCOLN TECHNICAL INSTITUTE             ,MA,02401-1818,Proprietary  ,30,82,112,113,301,414
03235300,MASSACHUSETTS SCHOOL OF LAW             ,MA,01810-1094,Private      ,2,18,20,4,614,618
03240300,HAIR IN MOTION BEAUTY ACADEMY           ,MA,01604-2213,Proprietary  ,2,6,8,9,26,35
03248300,BOSTON BAPTIST COLLEGE                  ,MA,02136-4000,Private      ,1,2,3,84,39,123
03316400,FUNERAL INSTITUTE OF THE NORTHEAST      ,MA,02062-4766,Proprietary  ,2,10,12,16,74,90
03504300,NATL GRAD SCH OF QUALITY SYSTM MGMT     ,MA,02540-0000,Private      ,0,13,13,1,23,24
03763300,MEDICAL PROFESSIONAL INSTITUTE          ,MA,02148-8143,Proprietary  ,1,23,24,5,104,109
03859300,E.I.N.E.                                ,MA,01876-4709,Proprietary  ,1,4,5,3,35,38
03946300,FRANKLIN W. OLIN COLLEGE OF ENGINEERING ,MA,02492-1200,Private      ,4,0,4,384,6,390
04039300,SULLIVAN AND COGLIANO TRAINING CENTER   ,MA,02301-1822,Proprietary  ,9,159,168,49,601,650
04116900,DIGRIGOLI SCHOOL OF COSMETOLOGY         ,MA,01089-4623,Proprietary  ,6,2,8,6,7,13
04128000,MILLENNIUM TRAINING INSTITUTE           ,MA,01801-6386,Proprietary  ,0,6,6,0,9,9
04128900,CENTRAL MASS SCHOOL OF MASSAGE AND THERA,MA,01562-1712,Proprietary  ,2,2,4,7,9,16
00401000,INSTITUT INTERNAT'L D'ETUDES FRANCA     ,FC,00000-0000,Public       ,1,0,1,1,3,4
00401200,HEBREW UNIVERSITY OF JERUSALEM (THE)    ,FC,00000-0000,Public       ,0,3,3,45,122,167
00403000,UNIVERSITY OF CAMBRIDGE                 ,FC,00000-0000,Public       ,0,0,0,0,45,45
00503400,AMERICAN UNIVERSITY OF CAIRO            ,FC,00000-0000,Private      ,3,2,5,84,188,272
00667100,KATHOLIEKE UNIVERSITEIT LEUVEN          ,FC,00000-0000,Private      ,0,1,1,1,36,37
00669000,UNIVERSITY OF COPENHAGEN                ,FC,00000-0000,Public       ,0,0,0,7,10,17
00669100,UNIVERSITY OF CAMBRIDGE - PEMBROKE      ,FC,00000-0000,Public       ,0,0,0,1,17,18
00669200,UNIVERSITY OF LEEDS                     ,FC,00000-0000,Public       ,0,1,1,19,77,96
00669300,UNIV OF LONDON-LONDON SCHOOL ECON       ,FC,00000-0000,Public       ,1,6,7,19,524,543
00669400,SCH OF ORIENTAL & AFRICAN STUDIES       ,FC,00000-0000,Public       ,0,2,2,11,145,156
00669500,UNIV OF LONDON-UNIVERSITY COLLEGE       ,FC,00000-0000,Public       ,0,3,3,25,291,316
00669600,UNIV OF LONDON-SCH ADVANCED STUDY       ,FC,00000-0000,Public       ,0,0,0,0,17,17
00669700,"QUEEN MARY, UNIVERSITY OF LONDON        ",FC,00000-0000,Public       ,1,0,1,12,77,89
00669900,UNIVERSITY OF SUSSEX                    ,FC,00000-0000,Public       ,0,1,1,20,80,100
00670000,"UNIVERSITY OF YORK, THE                 ",FC,00000-0000,Public       ,0,1,1,9,105,114
00670400,UNIVERSITY COLLEGE CORK                 ,FC,00000-0000,Public       ,0,1,1,11,49,60
00671300,UPPSALA UNIVERSITY                      ,FC,00000-0000,Public       ,0,0,0,1,16,17
00671500,UNIVERSITY OF GENEVA                    ,FC,00000-0000,Public       ,0,0,0,1,43,44
00683900,UNIVERSITY OF EDINBURGH                 ,FC,00000-0000,Public       ,1,5,6,92,417,509
00684200,UNIVERSITY OF DUBLIN TRINITY COLLEG     ,FC,00000-0000,Public       ,0,1,1,29,132,161
00685000,UNIVERSITY OF CAMBRIDGE - DOWNING C     ,FC,00000-0000,Public       ,0,0,0,1,3,4
00685100,INTERNATIONAL CHRISTIAN UNIVERSITY      ,FC,00000-0000,Private      ,0,0,0,9,7,16
00763200,UNIVERSITY OF BRISTOL                   ,FC,00000-0000,Public       ,0,1,1,9,89,98
00768100,COLLEGE OF EUROPE                       ,FC,00000-0000,Private      ,0,0,0,1,4,5
00770500,ROYAL COLLEGE OF SURGEONS IN IRELAN     ,FC,00000-0000,Private      ,1,0,1,5,63,68
00788100,AMERICAN UNIVERSITY OF PARIS            ,FC,00000-0000,Private      ,3,2,5,242,149,391
00837100,AMERICAN UNIVERSITY OF BEIRUT           ,FC,00000-0000,Private      ,0,3,3,52,62,114
00837300,TEL-AVIV UNIVERSITY                     ,FC,00000-0000,Public       ,1,1,2,13,69,82
00837700,UNIVERSITEIT VAN AMSTERDAM(UNIVERSI     ,FC,00000-0000,Public       ,0,3,3,3,102,105
00838000,UNIVERSITY OF WARWICK                   ,FC,00000-0000,Public       ,0,1,1,5,57,62
00838300,UNIVERSITY OF GLASGOW                   ,FC,00000-0000,Public       ,1,3,4,36,296,332
00838600,UNIVERSITY OF HELSINKI                  ,FC,00000-0000,Public       ,0,0,0,0,8,8
00839300,UNIVERSITY OF OSLO                      ,FC,00000-0000,Public       ,0,0,0,4,9,13
00839400,UNIVERSITY OF OXFORD                    ,FC,00000-0000,Public       ,0,0,0,10,155,165
00839800,UNIVERSITY OF SHEFFIELD (THE)           ,FC,00000-0000,Public       ,0,0,0,5,70,75
00839900,UNIVERSITY OF SOUTHAMPTON               ,FC,00000-0000,Public       ,0,2,2,1,50,51
00845000,KASTURBA MEDICAL COLLEGE (A CONSTITENT I,FC,00000-0000,Private      ,1,9,10,29,111,140
00845200,ABERYSTWYTH UNIVERSITY                  ,FC,00000-0000,Public       ,0,1,1,12,28,40
00846000,UNIVERSITY OF NEWCASTLE UPON TYNE       ,FC,00000-0000,Public       ,0,0,0,6,50,56
00846100,UNIVERSITY OF SAINT ANDREWS             ,FC,00000-0000,Public       ,4,1,5,107,128,235
00846200,UNIVERSIDAD DE SALAMANCA                ,FC,00000-0000,Public       ,0,2,2,8,57,65
00850500,UNIVERSITY OF MELBOURNE                 ,FC,00000-0000,Public       ,0,5,5,13,134,147
00858600,SWANSEA UNIVERSITY                      ,FC,00000-0000,Public       ,0,0,0,11,30,41
00858700,UNIVERSITY OF DURHAM                    ,FC,00000-0000,Public       ,0,3,3,13,86,99
00866500,UNIVERSITY OF KENT AT CANTERBURY (THE)  ,FC,00000-0000,Public       ,0,4,4,9,132,141
00866600,UNIVERSITY OF HONG KONG                 ,FC,00000-0000,Public       ,0,1,1,12,33,45
00867000,UNIVERSITY OF NEW SOUTH WALES           ,FC,00000-0000,Public       ,0,2,2,17,93,110
00868700,UNIVERSITY OF ESSEX                     ,FC,00000-0000,Public       ,0,0,0,7,65,72
00869200,LEIDEN UNIVERSITY                       ,FC,00000-0000,Public       ,0,0,0,2,70,72
00869300,CITY UNIVERSITY                         ,FC,00000-0000,Public       ,0,1,1,5,95,100
00890800,THE UNIVERSITY OF BIRMINGHAM            ,FC,00000-0000,Public       ,0,0,0,8,76,84
00891000,UNIVERSITY OF HULL                      ,FC,00000-0000,Public       ,0,1,1,5,19,24
00892000,UNIVERSITY OF NOTTINGHAM                ,FC,00000-0000,Public       ,0,0,0,14,94,108
00900600,UNIVERSITY OF SALFORD (THE)             ,FC,00000-0000,Public       ,0,0,0,3,15,18
00908400,"UNIV OF LONDON, BIRKBECK                ",FC,00000-0000,Public       ,0,1,1,2,58,60
00908500,UNIV OF LONDON KING'S COLLEGE           ,FC,00000-0000,Public       ,0,0,0,23,188,211
00908600,UNIVERSITY OF LONDON - ROYAL HOLLOWAY   ,FC,00000-0000,Public       ,0,1,1,12,64,76
00914300,BAR-ILAN UNIVERSITY                     ,FC,00000-0000,Private      ,0,0,0,6,6,12
00924700,ARCHITECTURAL ASSOC SCH OF ARCHITEC     ,FC,00000-0000,Private      ,0,0,0,1,17,18
00924900,UNIVERSITY OF LIVERPOOL                 ,FC,00000-0000,Public       ,0,1,1,12,71,83
00936800,UNIVERSITY OF ABERDEEN                  ,FC,00000-0000,Public       ,0,0,0,35,124,159
00942300,ROYAL COLLEGE OF ART                    ,FC,00000-0000,Public       ,0,0,0,2,31,33
00942400,ROYAL ACADEMY OF DRAMATIC ART           ,FC,00000-0000,Private      ,0,0,0,6,10,16
00942800,TECHNION-ISRAEL INST OF TECHLGY         ,FC,00000-0000,Public       ,0,0,0,0,65,65
00944200,UNIVERSITY OF EXETER                    ,FC,00000-0000,Public       ,0,2,2,7,81,88
00944400,UNIVERSITY OF LANCASTER                 ,FC,00000-0000,Public       ,0,0,0,6,38,44
00963400,UNIVERSITY OF OXFORD ST CATHERINE'S     ,FC,00000-0000,Public       ,0,0,0,2,14,16
00980800,UNIVERSITY OF STRATHCLYDE               ,FC,00000-0000,Public       ,0,0,0,6,26,32
00981700,UNIVERSITY OF SANTO TOMAS               ,FC,00000-0000,Private      ,0,0,0,5,27,32
00986000,UNIVERSITY OF SURREY                    ,FC,00000-0000,Public       ,0,0,0,2,12,14
00988800,KAROLINSKA INSTITUTET                   ,FC,00000-0000,Public       ,0,0,0,0,9,9
00990600,PONTIFICAL NORTH AMERICAN COLLEGE       ,FC,00000-0000,Private      ,0,1,1,1,8,9
00992700,UNIVERSITY OF CAMBRIDGE - FITZWILLI     ,FC,00000-0000,Public       ,1,2,3,2,6,8
01006700,LUND UNIVERSITY                         ,FC,00000-0000,Public       ,0,2,2,1,42,43
01008400,UNIVERSITY OF CAPE TOWN                 ,FC,00000-0000,Private      ,0,4,4,6,41,47
01008700,UNIVERSITY OF OXFORD ST PETER'S COL     ,FC,00000-0000,Public       ,0,1,1,0,6,6
01008800,UNIVERSITY OF OXFORD - CORPUS CHRIS     ,FC,00000-0000,Public       ,0,0,0,0,1,1
01008900,CENTRAL SCHOOL OF SPEECH AND DRAMA      ,FC,00000-0000,Private      ,0,0,0,9,37,46
01009000,UNIVERSITY OF OXFORD - BALLIOL COLL     ,FC,00000-0000,Public       ,0,0,0,1,16,17
01014300,UNIVERSITY OF READING                   ,FC,00000-0000,Public       ,0,2,2,1,44,45
01015700,CARDIFF UNIVERSITY                      ,FC,00000-0000,Public       ,0,0,0,3,60,63
01015900,PONTIFICIA UNIVERSITA GREGORIANA        ,FC,00000-0000,Private      ,0,0,0,1,6,7
01016000,CG JUNG INST                            ,FC,00000-0000,Private      ,0,0,0,0,1,1
01018800,UNIVERSITY COLLEGE DUBLIN               ,FC,00000-0000,Public       ,1,0,1,12,146,158
01019000,UNIVERSITY OF CAMBRIDGE CHURCHILL C     ,FC,00000-0000,Public       ,0,0,0,1,3,4
01022800,UNIVERSITY OF STIRLING                  ,FC,00000-0000,Public       ,0,1,1,16,31,47
01033200,UNIVERSITY OF CAMBRIDGE - CLARE COL     ,FC,00000-0000,Public       ,0,0,0,0,7,7
01045600,UNIVERSITY OF HAIFA                     ,FC,00000-0000,Public       ,0,0,0,4,10,14
01047200,INST EUROPEEN OPEEN D'ADMINISTRATIO     ,FC,00000-0000,Private      ,0,0,0,0,84,84
01049300,CRANFIELD UNIVERSITY                    ,FC,00000-0000,Public       ,0,0,0,0,11,11
01052000,TRINITY LABAN                           ,FC,00000-0000,Public       ,0,0,0,1,5,6
01052001,LABAN CENTER FOR MOVEMENT & DANCE       ,FC,00000-0000,Public       ,0,2,2,4,10,14
01052500,UNIVERSITY OF HERTFORDSHIRE             ,FC,00000-0000,Public       ,0,0,0,3,2,5
01057400,LONDON INTRNTL FILM SCHOOL              ,FC,00000-0000,Private      ,0,1,1,3,22,25
01058400,VRIJE UNIVERSITEIT BRUSSELS             ,FC,00000-0000,Private      ,0,0,0,0,8,8
01058600,INSTITUTE OF SOCIAL STUDIES             ,FC,00000-0000,Private      ,0,0,0,0,10,10
01058800,AUSTRALIAN NATIONAL UNIVERSITY          ,FC,00000-0000,Public       ,1,3,4,13,48,61
01058900,BANGOR UNIVERSITY                       ,FC,00000-0000,Public       ,0,2,2,5,20,25
01059400,"RICHMOND, THE AMERICAN INT UNI IN LONDON",FC,00000-0000,Private      ,8,0,8,325,41,366
01059900,INST D'ETUDES POLITIQUES DE PARIS       ,FC,00000-0000,Public       ,1,2,3,4,38,42
01068100,MACQUARIE UNIVERSITY                    ,FC,00000-0000,Public       ,1,4,5,16,112,128
01069200,UNIVERSITY OF QUEENSLAND (THE)          ,FC,00000-0000,Public       ,1,9,10,16,117,133
01070400,SILLIMAN UNIVERSITY                     ,FC,00000-0000,Private      ,0,0,0,2,5,7
01078900,UNIVERSITY OF OXFORD - WORCESTER CO     ,FC,00000-0000,Public       ,0,1,1,0,3,3
01079200,CITY AND GUILDS OF LONDON INSTITUTE     ,FC,00000-0000,Private      ,0,0,0,1,4,5
01079500,AKADEMIA MEDYCZNA                       ,FC,00000-0000,Public       ,0,0,0,0,9,9
01079700,"NATIONAL UNIVERSITY OF IRELAND, MAY     ",FC,00000-0000,Public       ,0,0,0,3,10,13
01080300,SEMMELWEIS UNIVERSITY OF BUDAPEST       ,FC,00000-0000,Public       ,0,0,0,1,39,40
01081600,KINGSTON UNIVERSITY                     ,FC,00000-0000,Public       ,0,0,0,21,36,57
01083800,UNIVERSITITY OF BERGEN (UOB)            ,FC,00000-0000,Public       ,0,0,0,0,2,2
01086400,UNIV OF DUNDEE                          ,FC,00000-0000,Public       ,0,3,3,4,38,42
01086600,UNIVERSITY OF OXFORD - MAGDALEN COLLEGE ,FC,00000-0000,Public       ,0,0,0,0,5,5
01086700,UNIVERSITY OF OXFORD ST JOHN'S COLL     ,FC,00000-0000,Public       ,0,1,1,1,6,7
01091400,MONASH UNIVERSITY                       ,FC,00000-0000,Public       ,0,3,3,8,41,49
01091500,UNIV OF EAST ANGLIA                     ,FC,00000-0000,Public       ,1,1,2,12,50,62
01094200,UNIVERSITY OF OXFORD - ST HUGH'S CO     ,FC,00000-0000,Public       ,0,0,0,1,6,7
01097700,UNIVERSIDAD CENTRAL DEL ESTE            ,FC,00000-0000,Private      ,6,49,55,84,719,803
01098000,SOMERVILLE COLLEGE                      ,FC,00000-0000,Public       ,0,1,1,0,4,4
01099900,UNIV OF OXFORD - WADHAM COLLEGE         ,FC,00000-0000,Public       ,0,0,0,1,3,4
01104400,PONTIFICIA UNIVERSITA SAN TOMMASO       ,FC,00000-0000,Private      ,0,1,1,1,19,20
01105300,UNIVERSITY OF OXFORD - ST HILDA'S C     ,FC,00000-0000,Public       ,0,0,0,1,4,5
01105400,UNIVERSITY OF OXFORD - ST ANNE'S CO     ,FC,00000-0000,Public       ,0,0,0,0,7,7
01105500,UNIV OF OXFORD - LADY MARGARET HALL     ,FC,00000-0000,Public       ,0,0,0,1,11,12
01105600,UNIVERSITY OF OXFORD - UNIVERSITY C     ,FC,00000-0000,Public       ,0,0,0,1,12,13
01105700,UNIVERSITY OF OXFORD - TRINITY COLL     ,FC,00000-0000,Public       ,0,0,0,1,7,8
01105800,UNIVERSITY OF OXFORD-ST EDMUND HALL     ,FC,00000-0000,Public       ,0,0,0,1,15,16
01105900,UNIVERSITY OF OXFORD ST ANTONY'S CO     ,FC,00000-0000,Public       ,0,1,1,0,44,44
01106000,UNIVERSITY OF OXFORD - QUEEN'S COLL     ,FC,00000-0000,Public       ,0,0,0,1,4,5
01106100,UNIVERSITY OF OXFORD - PEMBROKE COL     ,FC,00000-0000,Public       ,0,0,0,1,3,4
01106200,UNIVERSITY OF OXFORD - ORIEL COLLEG     ,FC,00000-0000,Public       ,0,0,0,1,8,9
01106300,UNIVERSITY OF OXFORD - NUFFIELD COL     ,FC,00000-0000,Public       ,0,0,0,0,5,5
01106400,UNIVERSITY OF OXFORD - NEW COLLEGE      ,FC,00000-0000,Public       ,0,0,0,2,13,15
01106500,UNIVERSITY OF OXFORD MERTON COLLEGE     ,FC,00000-0000,Public       ,0,0,0,0,16,16
01106600,UNIVERSITY OF OXFORD - LINCOLN COLL     ,FC,00000-0000,Public       ,0,0,0,1,16,17
01106700,UNIVERSITY OF OXFORD - KEBLE COLLEG     ,FC,00000-0000,Public       ,0,0,0,0,10,10
01106800,UNIVERSITY OF OXFORD - JESUS COLLEG     ,FC,00000-0000,Public       ,0,0,0,0,8,8
01106900,UNIVERSITY OF OXFORD - HERTFORD COL     ,FC,00000-0000,Public       ,0,0,0,0,6,6
01107000,UNIVERSITY OF OXFORD EXETER COLLEGE     ,FC,00000-0000,Public       ,0,0,0,0,15,15
01107100,UNIV OF OXFORD - CHRIST CHURCH          ,FC,00000-0000,Public       ,0,0,0,0,20,20
01107200,UNIVERSITY OF OXFORD - BRASENOSE CO     ,FC,00000-0000,Public       ,0,1,1,0,3,3
01109100,FLINDERS UNIVERSITY OF S AUSTRALIA      ,FC,00000-0000,Public       ,0,2,2,3,21,24
01109400,UNIVERSITY OF WESTERN AUSTRALIA (THE)   ,FC,00000-0000,Public       ,0,2,2,6,17,23
01156700,"IMPERIAL COLLEGE OF SCIENCE, TECHNOLOGY ",FC,00000-0000,Public       ,0,0,0,5,42,47
01167900,UNIVERSITY OF BATH                      ,FC,00000-0000,Public       ,0,0,0,2,30,32
01168300,FRANKLIN COLLEGE  SWITZERLAND           ,FC,00000-0000,Private      ,2,0,2,305,9,314
01175800,UNIV OF CAMBRIDGE - PETERHOUSE          ,FC,00000-0000,Public       ,0,0,0,0,4,4
01176400,ROYAL ACADEMY OF MUSIC                  ,FC,00000-0000,Public       ,0,0,0,13,19,32
01176500,GOLDSMITHS' COLLEGE-UNIV OF LONDON      ,FC,00000-0000,Public       ,0,0,0,7,122,129
01176600,UNIV OF LONDON - INST OF EDUC           ,FC,00000-0000,Public       ,0,1,1,2,23,25
01177900,STOCKHOLM SCHOOL OF ECONOMICS           ,FC,00000-0000,Private      ,0,0,0,0,6,6
01178000,BRUNEL UNIVERSITY                       ,FC,00000-0000,Public       ,0,1,1,1,39,40
01178400,UNIVERSITY OF WARSAW                    ,FC,00000-0000,Public       ,0,3,3,0,12,12
01207500,UNIVERSITY CAMBRIDGE - TRINITY COLL     ,FC,00000-0000,Public       ,0,0,0,0,9,9
01207800,VICTORIA UNIV OF WELLINGTON             ,FC,00000-0000,Public       ,3,5,8,25,37,62
01210100,UNIVERSITY OF CAMBRIDGE - GIRTON CO     ,FC,00000-0000,Public       ,0,0,0,0,3,3
01213600,VICTORIA UNIV OF MANCHESTER (THE)       ,FC,00000-0000,Public       ,0,2,2,7,71,78
01219800,UNIVERSITY OF BRADFORD                  ,FC,00000-0000,Public       ,0,0,0,2,29,31
01220100,UNIVERSITY OF OXFORD - REGENT'S PAR     ,FC,00000-0000,Public       ,0,0,0,3,7,10
01220600,JAMES COOK UNIVERSITY                   ,FC,00000-0000,Public       ,3,5,8,15,69,84
01221300,PONTIFICIA BOLIVARIANA UNIVERSITY       ,FC,00000-0000,Private      ,0,0,0,1,1,2
01221500,BIRMINGHAM CITY UNIVERSITY              ,FC,00000-0000,Public       ,0,0,0,1,7,8
01222300,JAGIELLONIAN UNIVERSITY COLLEGIUM M     ,FC,00000-0000,Public       ,0,0,0,2,55,57
01222500,UNIVERSITY OF SZEGED FACULTY OF MEDICINE,FC,00000-0000,Public       ,0,0,0,1,11,12
01223400,KOREA UNIVERSITY                        ,FC,00000-0000,Private      ,0,1,1,5,10,15
01225800,ASTON UNIVERSITY                        ,FC,00000-0000,Public       ,0,0,0,1,6,7
01227500,UNIVERSITY OF OXFORD - WOLFSON COLL     ,FC,00000-0000,Public       ,0,0,0,0,15,15
01230200,GONVILLE & CAIUS COLLEGE                ,FC,00000-0000,Public       ,0,0,0,2,6,8
01233300,UNIV OF THE ARTS LONDON- CAMBERWELL COLL,FC,00000-0000,Public       ,0,0,0,8,14,22
01233500,ROYAL COLLEGE OF MUSIC                  ,FC,00000-0000,Public       ,0,0,0,2,16,18
01233700,WROCLAW UNIVERSITY OF MEDICINE          ,FC,00000-0000,Public       ,0,2,2,0,7,7
01234100,UNIVERSITY OF WALES - ST DAVID'S UN     ,FC,00000-0000,Public       ,0,3,3,5,40,45
01239700,KONINKLIJK CONSERVATORIUM               ,FC,00000-0000,Public       ,0,0,0,1,7,8
01242100,UNIV OF AUCKLAND                        ,FC,00000-0000,Public       ,4,12,16,26,59,85
01253900,UNIVERSITY OF THE ARTS LONDON IDO - CENT,FC,00000-0000,Public       ,1,1,2,45,47,92
01254000,UNIVERSIDAD DE NAVARRA                  ,FC,00000-0000,Private      ,0,0,0,7,20,27
01276500,UNIVERSITY OF OXFORD - LINACRE COLL     ,FC,00000-0000,Public       ,0,0,0,0,12,12
01276600,"NATIONAL UNIVERSITY IRELAND, GALWAY     ",FC,00000-0000,Public       ,0,0,0,10,44,54
01280200,PONTIFICIA UNIV CATOLICA MAD Y MAES     ,FC,00000-0000,Private      ,4,5,9,69,121,190
01281100,INST TECNOLOGICO DE SANTO DOMINGO       ,FC,00000-0000,Private      ,0,1,1,15,69,84
01283900,UNIVERSITY OF CAMBRIDGE - SAINT JOH     ,FC,00000-0000,Public       ,0,0,0,0,12,12
01286200,MOUNTVIEW ACADEMY OF THEATRE ARTS       ,FC,00000-0000,Private      ,0,0,0,0,4,4
01297800,UNIVERSITY OF HUDDERSFIELD (THE)        ,FC,00000-0000,Public       ,0,0,0,1,2,3
01315300,MASSEY UNIVERSITY                       ,FC,00000-0000,Public       ,1,3,4,10,78,88
01322500,COLLEGE OF LAW                          ,FC,00000-0000,Private      ,0,0,0,0,22,22
02052400,DARWIN COLLEGE                          ,FC,00000-0000,Public       ,0,1,1,0,8,8
02082400,UNIVERSITY OF CAMBRIDGE - QUEEN'S C     ,FC,00000-0000,Public       ,0,0,0,1,15,16
02083400,UNIVERSITY OF CAMBRIDGE - WOLFSON C     ,FC,00000-0000,Public       ,0,1,1,1,14,15
02087400,UNIVERSITY OF CAMBRIDGE - NEWNHAM C     ,FC,00000-0000,Public       ,0,0,0,0,7,7
02087900,OXFORD BROOKES UNIVERSITY               ,FC,00000-0000,Public       ,0,0,0,11,50,61
02094100,BEN-GURION UNIV                         ,FC,00000-0000,Public       ,0,0,0,2,151,153
02094400,UNIV OF CAMBRIDGE - ST EDMUND'S HOU     ,FC,00000-0000,Public       ,0,1,1,1,8,9
02095500,LONDON BUS SCHOOL                       ,FC,00000-0000,Private      ,0,1,1,0,125,125
02098700,FATIMA COLLEGE OF MEDICINE              ,FC,00000-0000,Private      ,0,3,3,4,45,49
02101900,ROEHAMPTON UNIVERSITY                   ,FC,00000-0000,Public       ,0,0,0,12,54,66
02108600,LONDON ACADEMY OF MUSIC & DRAMATIC      ,FC,00000-0000,Private      ,1,0,1,7,17,24
02115900,UNIVERSITY OF PORTSMOUTH                ,FC,00000-0000,Public       ,0,0,0,2,7,9
02116700,UNIVERSITY OF CAMBRIDGE - LUCY CAVE     ,FC,00000-0000,Public       ,0,0,0,0,6,6
02120000,UNIV OF LONDON - COURTALD INST OF A     ,FC,00000-0000,Public       ,0,0,0,0,33,33
02133400,UNIVERSITY OF CAMBRIDGE - SIDNEY SU     ,FC,00000-0000,Public       ,0,1,1,0,5,5
02142000,UNIVERSITY OF CAMBRIDGE - HOMERTON      ,FC,00000-0000,Public       ,0,0,0,0,5,5
02149700,UNIVERSITY OF WINCHESTER (THE)          ,FC,00000-0000,Public       ,0,0,0,3,4,7
02156800,UNIV OF OTAGO                           ,FC,00000-0000,Public       ,0,3,3,9,38,47
02162300,"IESE BUSINESS SCH, UNIV OF NAVARRA      ",FC,00000-0000,Private      ,0,0,0,4,54,58
02167400,UNIVERSITY OF CAMBRIDGE - CORPUS CH     ,FC,00000-0000,Public       ,0,0,0,0,6,6
02175700,OHR SOMAYACH INSTITUTIONS               ,FC,00000-0000,Private      ,1,2,3,5,7,12
02177700,KING'S COLLEGE- UNIV OF CAMBRIDGE       ,FC,00000-0000,Public       ,0,0,0,0,23,23
02180500,MIDDLESEX UNIVERSITY                    ,FC,00000-0000,Public       ,0,5,5,19,45,64
02181000,UNIVERSITY OF SOUTH AUSTRALIA           ,FC,00000-0000,Public       ,0,2,2,2,20,22
02183500,UNIV OF OXFORD - WYCLIFFE HALL          ,FC,00000-0000,Public       ,0,1,1,1,8,9
02186000,UNIVERSITY OF CAMBRIDGE - MAGDALENE     ,FC,00000-0000,Public       ,0,1,1,0,7,7
02186100,UNIVERSITY OF CAMBRIDGE - EMMANUEL      ,FC,00000-0000,Public       ,0,0,0,0,7,7
02189600,UNIVERSITY OF GRONINGEN                 ,FC,00000-0000,Public       ,0,0,0,1,14,15
02194800,UNIVERSITY OF THE WEST OF ENGLAND -     ,FC,00000-0000,Public       ,0,0,0,7,13,20
02195100,UNIV OF WESTMINSTER                     ,FC,00000-0000,Public       ,0,0,0,24,86,110
02196700,GUILDHALL SCHOOL OF MUSIC & DRAMA       ,FC,00000-0000,Public       ,0,0,0,4,18,22
02197000,INT'L GRAD PROGRAMME STOCKHOLM UNIV     ,FC,00000-0000,Public       ,0,1,1,0,12,12
02207300,UNIVERSITY OF CAMBRIDGE - CHRIST'S      ,FC,00000-0000,Public       ,0,0,0,0,3,3
02209500,UNIVERSITEIT UTRECHT                    ,FC,00000-0000,Public       ,1,0,1,11,42,53
02210000,UNIV OF LONDON - LONDON SCHOOL OF H     ,FC,00000-0000,Public       ,0,0,0,0,60,60
02212300,UNIVERSITY OF CAMBRIDGE - ROBINSON      ,FC,00000-0000,Public       ,1,0,1,1,1,2
02216300,UNIVERSIDAD DE CHILE                    ,FC,00000-0000,Public       ,0,1,1,3,10,13
02225300,UNIV OF CANTERBURY                      ,FC,00000-0000,Public       ,0,4,4,11,27,38
02229100,UNIVERSITY OF LEICESTER                 ,FC,00000-0000,Public       ,0,1,1,9,63,72
02229600,SACKLER SCHOOL OF MEDICINE              ,FC,00000-0000,Public       ,0,1,1,1,179,180
02232100,UNIVERSITY OF CAMBRIDGE                 ,FC,00000-0000,Public       ,0,0,0,0,14,14
02233300,"ST GEORGE'S UNIV, SCH OF MEDICINE       ",FC,00000-0000,Proprietary  ,0,172,172,15,2714,2729
02235300,LONDON METROPOLITAN UNIVERSITY          ,FC,00000-0000,Public       ,2,5,7,29,93,122
02240900,AISH HATORAH CLG OF JEWISH STUDIES      ,FC,00000-0000,Private      ,0,0,0,0,2,2
02244400,AMERICAN UNIV OF THE CARIBBEAN          ,FC,00000-0000,Proprietary  ,0,53,53,3,1080,1083
02257100,COVENTRY UNIVERSITY                     ,FC,00000-0000,Public       ,1,0,1,7,8,15
02271700,UNIVERSITY OF CAMBRIDGE - CLARE HAL     ,FC,00000-0000,Public       ,0,0,0,0,12,12
02271900,UNIVERSITY OF OXFORD - BLACKFRIARS      ,FC,00000-0000,Public       ,0,0,0,1,2,3
02272100,UNIV OF OXFORD - GREYFRIARS             ,FC,00000-0000,Public       ,0,0,0,0,1,1
02272200,UNIV OF CAMBRIDGE - NEW HALL            ,FC,00000-0000,Public       ,0,0,0,1,2,3
02273600,QUEEN'S UNIV OF BELFAST (THE)           ,FC,00000-0000,Public       ,1,0,1,6,45,51
02273900,HERIOT WATT UNIVERSITY                  ,FC,00000-0000,Public       ,0,4,4,4,26,30
02279700,UNIVERSITY OF MANCHESTER - INSTITUT     ,FC,00000-0000,Public       ,0,0,0,17,90,107
02293400,ECOLE DES HAUTES ETUDES COMERCIALS      ,FC,00000-0000,Public       ,0,3,3,0,27,27
02296300,UNIVERSITY OF CAMBRIDGE - JESUS COL     ,FC,00000-0000,Public       ,0,0,0,0,3,3
02310500,DE MONTFORT UNIVERSITY                  ,FC,00000-0000,Public       ,0,0,0,4,8,12
02320500,ROYAL NORTHERN COLLEGE OF MUSIC         ,FC,00000-0000,Public       ,0,0,0,0,7,7
02335100,UNIV OF CAMBRIDGE - TRINITY HALL        ,FC,00000-0000,Public       ,0,0,0,1,8,9
02338900,UNIVERSITY  FOR THE CREATIVE ARTS       ,FC,00000-0000,Public       ,0,1,1,0,2,2
02338903,KENT INSTITUTE OF ART & DESIGN          ,FC,00000-0000,Public       ,0,0,0,1,2,3
02339300,ERASMUS UNIV ROTTERDAM                  ,FC,00000-0000,Public       ,0,0,0,0,33,33
02347300,ESCUELA AUTONOMA DE CIENCIAS MEDICA     ,FC,00000-0000,Private      ,0,0,0,10,30,40
02351800,UNIVERSIDAD IBEROAMERICANA (UNIBE       ,FC,00000-0000,Private      ,4,27,31,117,933,1050
02352100,UNIVERSITY OF PLYMOUTH                  ,FC,00000-0000,Public       ,1,0,1,8,18,26
02355200,ECOLE SUPERIEURE DE CUISINE FRANCAISE-FE,FC,00000-0000,Public       ,0,0,0,0,13,13
02363000,GSA CONSERVATOIRE                       ,FC,00000-0000,Private      ,0,0,0,3,2,5
02493000,ESCUELA SUPERIOR ADMINISTRACION Y D     ,FC,00000-0000,Private      ,0,3,3,1,37,38
02496600,UNIVERSITY OF STELLENBOSCH              ,FC,00000-0000,Public       ,1,0,1,3,8,11
02502600,PECSI ORVOSTUDOMANYI EGYETEM (PECS      ,FC,00000-0000,Public       ,0,1,1,0,14,14
02530000,E.M. LYON                               ,FC,00000-0000,Private      ,0,0,0,0,4,4
02545700,GLASGOW SCHOOL OF ART                   ,FC,00000-0000,Public       ,1,0,1,14,23,37
02579600,MURDOCH UNIVERSITY                      ,FC,00000-0000,Public       ,0,2,2,6,43,49
02588000,UNIVERSITY OF ULSTER                    ,FC,00000-0000,Public       ,0,0,0,5,16,21
02591800,CURTIN UNIVERSITY OF TECHNOLOGY         ,FC,00000-0000,Public       ,0,3,3,4,33,37
02592300,MILLTOWN INST OF THEOLOGY & PHILOSO     ,FC,00000-0000,Private      ,0,0,0,0,2,2
02604300,AALBORG UNIVERSITY                      ,FC,00000-0000,Public       ,0,1,1,0,4,4
02611500,HELSINKI SCH OF ECONOMICS & BUS ADM     ,FC,00000-0000,Public       ,0,0,0,0,2,2
02611600,ECOL NATIONAL DES PONTS ET CHAUSSEE     ,FC,00000-0000,Public       ,0,0,0,1,3,4
02611700,DUBLIN CITY UNIVERSITY                  ,FC,00000-0000,Public       ,0,0,0,8,27,35
02622500,DENMARKS TEKNISKE UNIVERSITET           ,FC,00000-0000,Public       ,0,0,0,0,2,2
02623200,UNIVERSITY OF NEWCASTLE (THE)           ,FC,00000-0000,Public       ,1,3,4,15,18,33
03012700,UNIVERSITY OF BUCKINGHAM                ,FC,00000-0000,Private      ,0,0,0,2,11,13
03029400,KEELE UNIVERSITY                        ,FC,00000-0000,Public       ,0,0,0,2,8,10
03029500,NORTHUMBRIA UNIVERSITY                  ,FC,00000-0000,Public       ,0,0,0,3,25,28
03029800,NORGES HANDELSHOYSKOLE                  ,FC,00000-0000,Public       ,0,0,0,0,7,7
03033300,MANCHESTER METROPOLITAN UNIV            ,FC,00000-0000,Public       ,0,0,0,12,16,28
03033700,NORWEGIAN SCHOOL OF MANAGEMENT          ,FC,00000-0000,Private      ,0,0,0,0,2,2
03045000,UNIVERSITY OF EAST LONDON               ,FC,00000-0000,Public       ,0,0,0,9,33,42
03050100,STUDIO ART CENTERS INTERNATIONAL        ,FC,00000-0000,Private      ,0,0,0,31,46,77
03066800,PONTIFICIO ATENEO DELLA SANTA CROCE     ,FC,00000-0000,Private      ,0,0,0,1,11,12
03067200,UNIVERSITY OF SYDNEY                    ,FC,00000-0000,Public       ,1,19,20,23,194,217
03073800,UNIV OF DEBRECEN MED & HEALTH SCI       ,FC,00000-0000,Public       ,0,1,1,4,23,27
03078700,UNIVERSITA COMMERCIALE L BOCCONI        ,FC,00000-0000,Public       ,0,0,0,1,23,24
03080300,SHEFFIELD HALLAM UNIVERSITY             ,FC,00000-0000,Public       ,0,0,0,3,6,9
03084300,UNIVERSITY OF LIMERICK                  ,FC,00000-0000,Public       ,0,0,0,10,24,34
03086900,AMERN GRAD SCHL OF BUS THE INST OF      ,FC,00000-0000,Private      ,0,0,0,0,1,1
03088100,SOPHIA ANTIPOLIS MANAGEMENT INST        ,FC,00000-0000,Private      ,0,0,0,1,1,2
03088700,ROYAL SCOTTISH ACAD MUSIC & DRAMA       ,FC,00000-0000,Public       ,0,0,0,10,10,20
03091400,UNIVERSITY OF WOLLONGONG                ,FC,00000-0000,Public       ,0,0,0,7,26,33
03091500,UNIVERSITY OF CANBERRA                  ,FC,00000-0000,Public       ,0,0,0,1,5,6
03091700,KAROL MARCINKOWSKI UNIV OF MED SCI      ,FC,00000-0000,Public       ,1,1,2,10,173,183
03092500,NOTTINGHAM TRENT UNIVERSITY             ,FC,00000-0000,Public       ,0,0,0,1,23,24
03095000,RMIT UNIVERSITY                         ,FC,00000-0000,Public       ,1,3,4,9,25,34
03095400,BOND UNIVERSITY                         ,FC,00000-0000,Private      ,1,3,4,45,78,123
03095900,ESSEC BUSINESS SCHOOL                   ,FC,00000-0000,Private      ,0,0,0,1,10,11
03096100,LA TROBE UNIVERSITY                     ,FC,00000-0000,Public       ,0,2,2,12,38,50
03096900,DEAKIN UNIVERSITY                       ,FC,00000-0000,Public       ,0,1,1,8,16,24
03097100,UNIVERSITY OF WESTERN SYDNEY            ,FC,00000-0000,Public       ,0,0,0,3,4,7
03097300,VICTORIA UNIVERSITY OF TECHNOLOGY       ,FC,00000-0000,Public       ,0,0,0,1,13,14
03097500,CENTRAL QUEENSLAND UNIVERSITY           ,FC,00000-0000,Public       ,0,2,2,2,6,8
03100000,UNIVERSITY OF ADELAIDE (THE)            ,FC,00000-0000,Public       ,0,3,3,2,45,47
03100200,INST DE MANAGEMENT HOTELIER INTERNA     ,FC,00000-0000,Private      ,0,0,0,0,1,1
03101600,ASIAN INSTITUTE OF MANAGEMENT           ,FC,00000-0000,Private      ,0,0,0,0,2,2
03102500,AMERICAN UNIVERSITY OF ROME             ,FC,00000-0000,Private      ,0,1,1,106,49,155
03102800,ROBERT GORDON UNIVERSITY (THE)          ,FC,00000-0000,Public       ,0,0,0,2,15,17
03103200,INT'L STUDIES CTR AT THE CORVINUS UNIVER,FC,00000-0000,Public       ,0,0,0,0,2,2
03104800,GRIFFITH UNIVERSITY                     ,FC,00000-0000,Public       ,0,5,5,19,52,71
03106100,ROSKILDE UNIV ROSKILDE UNIVERSITY C     ,FC,00000-0000,Public       ,1,0,1,2,1,3
03123500,HOGESCHOOL VAN AMSTERDAM                ,FC,00000-0000,Private      ,0,2,2,2,13,15
03125200,LINCOLN UNIVERSITY                      ,FC,00000-0000,Public       ,0,0,0,2,9,11
03136300,AUSTRALIAN CATHOLIC UNIVERSITY          ,FC,00000-0000,Public       ,0,0,0,1,6,7
03137400,CHARLES STURT UNIVERSITY                ,FC,00000-0000,Public       ,0,1,1,1,14,15
03140300,EDITH COWAN UNIVERSITY                  ,FC,00000-0000,Public       ,2,2,4,6,23,29
03140400,NORTHERN TERRITORY UNIVERSITY           ,FC,00000-0000,Public       ,0,0,0,0,3,3
03140500,QUEENSLAND UNIVERSITY OF TECHNOLOGY     ,FC,00000-0000,Public       ,0,3,3,6,29,35
03140600,SOUTHERN CROSS UNIVERSITY               ,FC,00000-0000,Public       ,0,0,0,9,18,27
03140700,SWINBURNE UNIVERSITY OF TECHNOLOGY      ,FC,00000-0000,Public       ,0,1,1,3,10,13
03140900,UNIVERSITY OF BALLARAT                  ,FC,00000-0000,Public       ,0,0,0,0,2,2
03150300,UNIVERSITY OF TASMANIA                  ,FC,00000-0000,Public       ,0,0,0,5,16,21
03274300,"KUNGLIGA TEKNISKA HOGSKOLAN, KTH        ",FC,00000-0000,Public       ,0,0,0,0,8,8
03287300,LIVERPOOL INSTITUTE FOR PERFORMING ARTS ,FC,00000-0000,Public       ,0,0,0,12,10,22
03300300,"2ND SCHOOL OF MEDICINE, CHARLES UNI     ",FC,00000-0000,Public       ,1,0,1,5,7,12
03300400,"FIRST FACULTY OF MEDICINE, CHARLES UNIV.",FC,00000-0000,Public       ,0,0,0,3,23,26
03329300,JOHN CABOT UNIVERSITY                   ,FC,00000-0000,Private      ,4,0,4,61,20,81
03333300,MEDICAL UNIVERSITY SCHOOL OF LUBLIN     ,FC,00000-0000,Public       ,0,12,12,23,184,207
03334300,UNIVERSIDAD NORDESTANA                  ,FC,00000-0000,Private      ,0,3,3,0,12,12
03335300,MEDICAL UNIVERSITY OF SILESIA           ,FC,00000-0000,Public       ,0,4,4,14,114,128
03342300,GLASGOW CALEDONIAN UNIVERSITY           ,FC,00000-0000,Public       ,0,0,0,2,3,5
03349400,"QUEEN MARGARET UNIVERSITY COLLEGE, EDINB",FC,00000-0000,Public       ,0,0,0,2,6,8
03350300,BOURNEMOUTH UNIVERSITY                  ,FC,00000-0000,Public       ,0,0,0,3,24,27
03352300,LONDON SOUTH BANK UNIVERSITY            ,FC,00000-0000,Private      ,0,0,0,7,23,30
03363300,THE ARTS EDUCATIONAL SCHOOLS LONDON     ,FC,00000-0000,Private      ,0,0,0,1,1,2
03364300,"FACULTY OF MEDICINE, PALACKY UNIVER     ",FC,00000-0000,Public       ,0,0,0,0,7,7
03365400,AUCKLAND INSTITUTE OF TECHNOLOGY        ,FC,00000-0000,Public       ,0,1,1,3,8,11
03366300,TROPICAL AGRICULTURE RESEARCH AND H     ,FC,00000-0000,Private      ,0,0,0,0,1,1
03375300,"CHARLES UNIVERSITY, FACULTY OF MEDI     ",FC,00000-0000,Public       ,0,0,0,1,4,5
03377300,"UNIVERSITY OF WALES INSTITUTE, CARD     ",FC,00000-0000,Public       ,0,0,0,2,6,8
03378300,"THE 3RD FACULTY OF MEDICINE, CHARLE     ",FC,00000-0000,Public       ,0,0,0,1,4,5
03386300,CHARLES UNIVERSITY-MEDICAL FACULTY      ,FC,00000-0000,Public       ,0,0,0,3,8,11
03406300,"THE SCHOOL OF PHARMACY, UNIVERSITY      ",FC,00000-0000,Public       ,0,0,0,2,1,3
03418400,NAPIER UNIVERSITY                       ,FC,00000-0000,Public       ,0,0,0,4,22,26
03435300,ANGLIA POLYTECHNIC UNIVERSITY HIGHE     ,FC,00000-0000,Public       ,0,0,0,4,4,8
03456600,ANGELES UNIVERSITY FOUNDATION           ,FC,00000-0000,Private      ,0,0,0,4,4,8
03460300,INTERNATIONALES THEOLOGISCHES INSTI     ,FC,00000-0000,Private      ,0,0,0,0,12,12
03462400,UNIV OF ARTS LONDON - LON COLL OF COMMUN,FC,00000-0000,Public       ,0,0,0,12,39,51
03466300,INSTITUTO CENTROAMERICANO DE ADMINI     ,FC,00000-0000,Private      ,0,0,0,0,6,6
03473300,UNIV OF ARTS LONDON - LON COLL FASHION  ,FC,00000-0000,Public       ,0,1,1,28,53,81
03475300,UNIV OF THE ARTS  LONDON - CHELSEA COLL ,FC,00000-0000,Public       ,0,0,0,9,17,26
03478300,ROYAL WELSH COLLEGE OF MUSIC AND DRAMA  ,FC,00000-0000,Public       ,0,0,0,0,5,5
03492400,UNIV OF CAMBRIDGE-ST CATHERINE'S CG     ,FC,00000-0000,Public       ,0,0,0,0,8,8
03494400,UNIV OF CAMBRIDGE-SELWYN COLLEGE        ,FC,00000-0000,Public       ,0,0,0,0,5,5
03494500,UNIV OF OXFORD-SAINT BENET'S HALL       ,FC,00000-0000,Public       ,0,0,0,0,1,1
03494600,UNIV OF OXFORD-HARRIS MANCHESTER        ,FC,00000-0000,Public       ,0,0,0,2,2,4
03500300,WIMBLEDON COLLEGE OF ART                ,FC,00000-0000,Public       ,0,0,0,4,3,7
03501400,LEEDS METROPOLITAN UNIVERSITY           ,FC,00000-0000,Public       ,0,0,0,3,9,12
03507300,UNIVERSITY OF SUNDERLAND                ,FC,00000-0000,Public       ,0,0,0,3,15,18
03515300,UNIVERSITY OF CENTRAL LANCASHIRE        ,FC,00000-0000,Public       ,0,0,0,4,10,14
03517300,UNIVERSITY OF BRIGHTON                  ,FC,00000-0000,Public       ,0,0,0,6,13,19
03518300,EUROPEAN GRADUATE SCHOOL                ,FC,00000-0000,Private      ,0,13,13,0,94,94
03526300,INST CENTROAMERICANO DE ADM DE EMP      ,FC,00000-0000,Private      ,0,1,1,0,4,4
03527300,SOFIA UNIVERSITY ST. KLIMENT OHRIDSKI   ,FC,00000-0000,Public       ,0,0,0,0,1,1
03533300,BATH SPA UNIVERSITY                     ,FC,00000-0000,Public       ,0,0,0,2,17,19
03547300,UNIVERSITY OF GLAMORGAN                 ,FC,00000-0000,Public       ,0,0,0,2,1,3
03580300,LIVERPOOL JOHN MOORES UNIVERSITY        ,FC,00000-0000,Public       ,0,0,0,6,3,9
03594300,GROUP ESC GRENOBLE GRAD SCH OF BUS.     ,FC,00000-0000,Private      ,0,0,0,1,25,26
03597300,JAGIELLONIAN UNIVERSITY                 ,FC,00000-0000,Public       ,0,3,3,1,19,20
03601300,UNIVERSITAT JAUME I DE CASTELLO/UJI     ,FC,00000-0000,Public       ,0,0,0,0,16,16
03603300,LEEDS COLLEGE OF MUSIC                  ,FC,00000-0000,Public       ,0,0,0,1,0,1
03619300,UNIVERSITY OF GREENWICH                 ,FC,00000-0000,Public       ,0,0,0,5,29,34
03653400,UNIVERSIDAD DE IBEROAMERICA - UNIBE     ,FC,00000-0000,Private      ,0,1,1,3,24,27
03674300,UNIVERSITY OF ABERTAY DUNDEE            ,FC,00000-0000,Public       ,0,0,0,2,2,4
03684400,UNIVERSITY OF LINCOLN                   ,FC,00000-0000,Public       ,0,0,0,2,7,9
03684500,MEDICAL UNIVERSITY OF GDANSK            ,FC,00000-0000,Public       ,0,1,1,0,14,14
03684600,POMERANIAN MEDICAL UNIVERSITY           ,FC,00000-0000,Public       ,1,0,1,1,1,2
03692300,DONCASTER COLLEGE                       ,FC,00000-0000,Public       ,0,0,0,1,0,1
03694300,UNIVERSITY COLLEGE CHICHESTER           ,FC,00000-0000,Public       ,0,0,0,0,1,1
03697300,NATIONAL FILM & TELEVISION SCHOOL       ,FC,00000-0000,Private      ,0,0,0,0,5,5
03716300,"UNIVERSITY OF WALES, NEWPORT            ",FC,00000-0000,Public       ,0,0,0,0,5,5
03721300,WRITTLE COLLEGE                         ,FC,00000-0000,Public       ,0,0,0,1,1,2
03727400,UNIVERSITY OF WAIKATO (THE)             ,FC,00000-0000,Public       ,0,0,0,2,4,6
03770300,NAZARENE THEOLOGICAL COLLEGE            ,FC,00000-0000,Private      ,0,0,0,1,5,6
03777400,WESTMINSTER COLLEGE                     ,FC,00000-0000,Private      ,0,0,0,1,4,5
03816400,AMERICAN GRAD SCH OF INTERNTL REL & DIPL,FC,00000-0000,Private      ,0,4,4,1,35,36
03818300,LEIPZIG GRADUATE SCHOOL OF MANAGEMENT   ,FC,00000-0000,Private      ,0,0,0,0,8,8
03824300,"ROYAL VETERINARY COLLEGE (THE), UNIVERSI",FC,00000-0000,Public       ,0,0,0,3,81,84
03850500,MEDICAL UNIVERSITY OF LODZ              ,FC,00000-0000,Public       ,0,2,2,3,91,94
03859400,UNIVERSITY COLLEGE FALMOUTH             ,FC,00000-0000,Public       ,1,0,1,6,4,10
03897400,INTERNATIONAL SPACE UNIVERSITY          ,FC,00000-0000,Private      ,0,1,1,0,1,1
03926400,NATIONAL COLLEGE OF ART AND DESIGN      ,FC,00000-0000,Public       ,0,0,0,2,6,8
03941301,AVE MARIA UNIVERSITY - LATIN AMERICA    ,FC,00000-0000,Private      ,10,0,10,158,37,195
03978300,SPURGEON'S COLLEGE                      ,FC,00000-0000,Private      ,0,0,0,0,1,1
04021400,"AMERICAN COLLEGE, DUBLIN LIMITED (THE)  ",FC,00000-0000,Private      ,1,0,1,1,0,1
04070300,"RAPHAEL RECANATI INTERNATIONAL SCHOOL, T",FC,00000-0000,Private      ,1,12,13,2,12,14
04085400,NEW ZEALAND COLLEGE OF CHIROPRACTIC     ,FC,00000-0000,Private      ,0,0,0,0,1,1
00380600,ALDERSON-BROADDUS COLLEGE               ,WV,26416-1051,Private      ,5,4,9,794,314,1108
00380700,MOUNTAIN STATE UNIVERSITY               ,WV,25801-5624,Private      ,46,510,556,1134,5456,6590
00380800,BETHANY COLLEGE                         ,WV,26032-0417,Private      ,13,1,14,1110,61,1171
00380900,BLUEFIELD STATE COLLEGE                 ,WV,24701-2198,Public       ,36,57,93,1218,1540,2758
00381000,CONCORD UNIVERSITY                      ,WV,24712-0000,Public       ,40,37,77,2665,982,3647
00381100,DAVIS & ELKINS COLLEGE                  ,WV,26241-3996,Private      ,13,10,23,566,282,848
00381200,FAIRMONT STATE UNIVERSITY               ,WV,26554-2470,Public       ,66,116,182,4439,3007,7446
00381300,GLENVILLE STATE COLLEGE                 ,WV,26351-1292,Public       ,29,20,49,1263,438,1701
00381500,MARSHALL UNIVERSITY                     ,WV,25755-3300,Public       ,112,197,309,7934,5803,13737
00381600,SOUTHERN WV COMMUNITY COLLEGE           ,WV,25637-2900,Public       ,34,79,113,1072,1225,2297
00381800,UNIVERSITY OF CHARLESTON                ,WV,25304-1099,Private      ,12,11,23,1410,629,2039
00381900,OHIO VALLEY COLLEGE                     ,WV,26105-8000,Private      ,4,9,13,429,225,654
00382000,SALEM INTERNATIONAL UNIVERSITY          ,WV,26426-0500,Proprietary  ,11,37,48,232,422,654
00382200,SHEPHERD UNIVERSITY                     ,WV,25443-3210,Public       ,43,30,73,2957,1113,4070
00382300,WEST LIBERTY STATE COLLEGE              ,WV,26074-0295,Public       ,26,19,45,2292,597,2889
00382600,WEST VIRGINIA STATE UNIVERSITY          ,WV,25112-0000,Public       ,37,64,101,2386,2477,4863
00382700,WEST VIRGINIA UNIVERSITY                ,WV,26506-6201,Public       ,195,186,381,20789,7659,28448
00382711,WEST VIRGINIA UNIVERSITY - POTOMAC STATE,WV,26726-3000,Public       ,28,18,46,1306,346,1652
00382721,WEST VIRGINIA UNIV INST OF TECH         ,WV,25136-2436,Public       ,18,23,41,1367,611,1978
00382800,WEST VIRGINIA UNIV AT PARKERSBURG       ,WV,26101-9577,Public       ,44,91,135,1413,2157,3570
00383000,WEST VIRGINIA WESLEYAN COLLEGE          ,WV,26201-2600,Private      ,22,6,28,1528,141,1669
00383100,WHEELING JESUIT UNIVERSITY              ,WV,26003-6243,Private      ,8,30,38,1303,533,1836
00500700,WEST VIRGINIA JUNIOR COLLEGE            ,WV,26505-5596,Proprietary  ,11,14,25,121,176,297
00500800,MOUNTAIN STATE COLLEGE                  ,WV,26101-3993,Proprietary  ,4,21,25,38,200,238
00754400,APPALACHIAN BIBLE COLLEGE               ,WV,25818-1353,Private      ,1,2,3,247,63,310
00757800,HUNTINGTON SCHOOL OF BEAUTY CULTURE     ,WV,25705-2030,Proprietary  ,4,11,15,38,74,112
00760000,INTERNATIONAL BEAUTY SCHOOL             ,WV,25401-3231,Proprietary  ,3,14,17,23,76,99
00835500,JAMES RUMSEY TECHNICAL INSTITUTE        ,WV,25403-0259,Public       ,4,5,9,41,90,131
00895900,CLARKSBURG BEAUTY ACADEMY               ,WV,26301-2903,Proprietary  ,10,18,28,59,86,145
00904700,HUNTINGTON JUNIOR COLLEGE               ,WV,25701-2004,Proprietary  ,16,147,163,182,1124,1306
00905400,WEST VIRGINIA NORTHERN CMTY COLLEGE     ,WV,26003-0000,Public       ,27,96,123,892,1897,2789
01014000,MINERAL COUNTY VOCATIONAL TECH CTR      ,WV,26726-0000,Public       ,0,0,0,6,34,40
01035600,EVEREST INSTITUTE                       ,WV,25313-1304,Proprietary  ,18,104,122,389,1625,2014
01057300,WEST VIRGINIA JUNIOR COLLEGE            ,WV,25322-0000,Proprietary  ,6,37,43,109,299,408
01057302,WEST VIRGINIA JUNIOR COLLEGE            ,WV,26330-0000,Proprietary  ,8,35,43,164,328,492
01086100,WEST VIRGINIA BUSINESS COLLEGE          ,WV,26301-0000,Proprietary  ,3,23,26,31,144,175
01124500,WEST VIRGINIA SCH OSTEOPATHIC MED       ,WV,24901-1128,Public       ,0,2,2,5,672,677
01174900,WOOD COUNTY SCH OF PRAC NURSING         ,WV,26101-6424,Public       ,1,2,3,20,50,70
01235900,B M SPURR SCHOOL OF PRAC NURSING        ,WV,26038-1660,Private      ,1,0,1,8,15,23
01257300,WEST VIRGINIA UNIV-HOSP-RAD TECH        ,WV,26506-8062,Private      ,1,0,1,61,42,103
01274300,BENJAMIN FRANKLIN CAREER&TECH           ,WV,25064-0000,Public       ,3,23,26,50,140,190
01290400,MONONGALIA CNTY TECH ED CTR             ,WV,26501-6841,Public       ,0,4,4,46,87,133
01290500,ACADEMY OF CAREERS AND TECHNOLOGY       ,WV,25801-0000,Public       ,4,8,12,55,194,249
02057400,ROANE-JACKSON TECHNICAL CENTER          ,WV,25252-0000,Public       ,0,4,4,19,67,86
02068000,UNITED TECHNICAL CENTER                 ,WV,26301-0000,Public       ,1,7,8,25,77,102
02070100,BECKLEY BEAUTY ACADEMY                  ,WV,25801-0000,Proprietary  ,3,8,11,22,45,67
02073400,CARVER CAREER TECH ED CTR               ,WV,25306-6397,Public       ,8,30,38,121,196,317
02145100,SCOTT COLLEGE OF COSMETOLOGY            ,WV,26003-0000,Proprietary  ,5,7,12,37,31,68
02178200,CHARLESTON SCHOOL OF BEAUTY CULTURE     ,WV,25301-0000,Proprietary  ,2,17,19,35,93,128
02218200,GARNET CAREER CENTER                    ,WV,25301-0000,Public       ,5,38,43,54,279,333
02275300,CABELL COUNTY CAREER TECHNOLOGY CTR     ,WV,25705-0000,Public       ,2,7,9,36,104,140
02280300,WV CAREER AND TECHNICAL INSTITUTE       ,WV,25112-0000,Public       ,0,0,0,17,33,50
02524500,RALPH R WILLIS VOCATIONAL CENTER        ,WV,25601-0000,Public       ,1,1,2,11,31,42
02534800,FRED W EBERLE TECHNICAL CENTER          ,WV,26201-0000,Public       ,3,5,8,37,74,111
02535500,MERCER COUNTY TECH EDUC CNTR            ,WV,24740-0000,Public       ,3,12,15,42,122,164
02579900,NORTH CENTRAL OPPORTUNITIES IND CTR     ,WV,26554-2936,Private      ,3,19,22,24,77,101
02609400,VALLEY COLLEGE                          ,WV,25404-5711,Proprietary  ,2,30,32,18,140,158
03052000,MEREDITH MANOR EQUESTRIAN CENTRE        ,WV,26184-9707,Proprietary  ,7,8,15,82,57,139
03076500,FAYETTE INSTITUTE OF TECHNOLOGY         ,WV,25901-2174,Public       ,1,14,15,6,47,53
03084200,VALLEY COLLEGE                          ,WV,24740-3141,Proprietary  ,2,10,12,15,78,93
03084400,VALLEY COLLEGE                          ,WV,25801-2643,Proprietary  ,3,14,17,27,132,159
03098300,PUTNAM CAREER & TECHNICAL CENTER        ,WV,25070-0000,Public       ,1,1,2,17,57,74
03099200,"MOUNTAINEER BEAUTY COLLEGE, INC         ",WV,25177-2917,Proprietary  ,0,9,9,21,57,78
03102100,MORGANTOWN BEAUTY COLLEGE               ,WV,26505-5430,Proprietary  ,0,8,8,48,70,118
03123200,STANLEY TECHNICAL INSTITUTE             ,WV,26505-3751,Private      ,0,7,7,14,45,59
03327500,SOUTH BRANCH VOCATIONAL TECH CENTER     ,WV,26847-1698,Public       ,2,0,2,3,12,15
03734300,JOHN D. ROCKEFELLER IV CAREER CENTER    ,WV,26047-9424,Public       ,0,2,2,3,27,30
03819300,AMERICAN PUBLIC UNIVERSITY SYSTEM       ,WV,25414-1621,Proprietary  ,11,703,714,104,4684,4788
03957300,BLUE RIDGE COMMUNITY AND TECHNICAL COLLE,WV,25401-3244,Public       ,13,60,73,353,647,1000
03960300,NEW RIVER COMMUNITY AND TECHNICAL COLLEG,WV,25801-2636,Public       ,34,92,126,634,1402,2036
04028300,MOUNTAIN STATE SCHOOL OF MASSAGE        ,WV,25304-2025,Proprietary  ,3,5,8,22,53,75
04038500,PIERPONT COMMUNITY & TECHNICAL COLLEGE  ,WV,26554-2451,Public       ,12,16,28,490,468,958
04038600,WEST VIRGINIA STATE COMMUNITY AND TECHNI,WV,25112-1000,Public       ,10,36,46,352,819,1171
04041400,MARSHALL COMMUNITY AND TECHNICAL COLLEGE,WV,25755-3300,Public       ,22,54,76,648,719,1367
04047300,BRIDGEMONT COMMUNITY & TECHNICAL COLLEGE,WV,25136-2435,Public       ,4,4,8,241,195,436
00106100,ALASKA PACIFIC UNIVERSITY               ,AK,99508-4672,Private      ,9,27,36,363,597,960
00106200,SHELDON JACKSON COLLEGE                 ,AK,99835-7699,Private      ,0,0,0,49,41,90
00106300,UNIVERSITY OF ALASKA FAIRBANKS          ,AK,99775-7500,Public       ,84,194,278,2116,2653,4769
00106500,UNIVERSITY OF ALASKA SOUTHEAST          ,AK,99801-8680,Public       ,25,44,69,452,803,1255
00884300,ALASKA BIBLE COLLEGE                    ,AK,99588-0000,Private      ,0,0,0,12,7,19
01146200,UNIVERSITY OF ALASKA ANCHORAGE          ,AK,99514-1608,Public       ,130,283,413,4094,5738,9832
02541000,CAREER ACADEMY                          ,AK,99507-0000,Proprietary  ,15,89,104,114,435,549
02576900,CHARTER COLLEGE                         ,AK,99508-0000,Proprietary  ,28,213,241,150,956,1106
03160300,ALASKA VOCATIONAL TECHNICAL CENTER      ,AK,99664-0889,Public       ,5,11,16,134,203,337
03461300,ILISAGVIK COLLEGE                       ,AK,99723-0749,Public       ,1,8,9,14,51,65
00108500,UNIV ARKANSAS MONTICELLO                ,AR,71656-0000,Public       ,58,90,148,1755,1932,3687
00108501,GREAT RIVERS TECHNICAL INSTITUTE        ,AR,71654-0000,Public       ,0,2,2,7,51,58
00108502,FOREST ECHOES TECHNICAL INSTITUTE       ,AR,71635-0000,Public       ,0,1,1,13,43,56
00108600,UNIV OF ARKANSAS AT PINE BLUFF          ,AR,71601-2790,Public       ,66,51,117,3043,1648,4691
00108700,ARKANSAS BAPTIST COLLEGE                ,AR,72202-6099,Private      ,22,36,58,457,472,929
00108800,LYON COLLEGE                            ,AR,72501-3699,Private      ,9,2,11,618,97,715
00108900,ARKANSAS TECH UNIVERSITY                ,AR,72801-2222,Public       ,93,92,185,4018,2887,6905
00109000,ARKANSAS STATE UNIVERSITY               ,AR,72467-0000,Public       ,153,288,441,6182,7370,13552
00109006,DELTA TECHNICAL INSTITUTE               ,AR,72365-9558,Public       ,0,7,7,29,80,109
00109100,ARKANSAS STATE UNIVERSITY - BEEBE       ,AR,72012-1000,Public       ,29,103,132,1340,2428,3768
00109200,UNIVERSITY OF CENTRAL ARKANSAS          ,AR,72035-0001,Public       ,142,111,253,7310,3860,11170
00109300,CENTRAL BAPTIST COLLEGE                 ,AR,72034-6470,Private      ,5,4,9,303,273,576
00109400,UNIVERSITY OF THE OZARKS                ,AR,72830-2880,Private      ,5,5,10,567,124,691
00109500,CROWLEYS RIDGE COLLEGE                  ,AR,72450-9775,Private      ,1,2,3,122,41,163
00109700,HARDING UNIVERSITY                      ,AR,72149-0001,Private      ,55,70,125,3070,1298,4368
00109800,HENDERSON STATE UNIVERSITY              ,AR,71999-0001,Public       ,68,93,161,2565,1662,4227
00109900,HENDRIX COLLEGE                         ,AR,72032-3080,Private      ,14,3,17,1485,80,1565
00110000,JOHN BROWN UNIVERSITY                   ,AR,72761-2747,Private      ,10,53,63,1206,1020,2226
00110100,UNIV ARKANSAS LITTLE ROCK               ,AR,72204-1099,Public       ,81,252,333,3931,8559,12490
00110200,OUACHITA BAPTIST UNIVERSITY             ,AR,71998-0001,Private      ,16,10,26,1359,118,1477
00110300,PHILANDER SMITH COLLEGE                 ,AR,72202-3718,Private      ,7,19,26,580,570,1150
00110400,PHILLIPS COUNTY COMMUNITY COLLEGE       ,AR,72342-0000,Public       ,34,83,117,437,1079,1516
00110401,RICE BELT TECH INST                     ,AR,72042-0000,Public       ,0,0,0,7,9,16
00110600,WILLIAMS BAPTIST COLLEGE                ,AR,72476-4661,Private      ,4,7,11,478,175,653
00110700,SOUTHERN ARKANSAS UNIVERSITY            ,AR,71754-0000,Public       ,42,52,94,2022,1546,3568
00110800,UNIV ARKANSAS FAYETTEVILLE              ,AR,72701-0000,Public       ,174,160,334,8428,5086,13514
00110900,UNIV OF ARKANSAS FOR MEDCL SCIENCES     ,AR,72205-7102,Public       ,5,19,24,387,1574,1961
00110901,UNIV OF ARKANSAS COLG OF MEDICINE       ,AR,72205-0000,Public       ,0,2,2,26,633,659
00111000,UNIVERSITY OF ARKANSAS-FORT SMITH       ,AR,72904-7397,Public       ,71,125,196,2827,3554,6381
00524500,U OF A COMM COLLEGE AT MORRILTON        ,AR,72110-9601,Public       ,19,53,72,803,1327,2130
00570700,SEARK COLLEGE                           ,AR,71603-0000,Public       ,20,116,136,634,1966,2600
00573200,UNIV AR COMMUNITY COLLEGE AT HOPE       ,AR,71801-0000,Public       ,25,63,88,425,924,1349
00704400,CROWLEYS RIDGE TECHNICAL INSTITUTE      ,AR,72336-0000,Public       ,9,19,28,86,238,324
00773800,SOUTHERN ARKANSAS UNIVERSITY TECH       ,AR,71701-1900,Public       ,15,30,45,348,631,979
00792100,FAYETTEVILLE BEAUTY COLLEGE             ,AR,72701-0000,Proprietary  ,0,5,5,28,81,109
00997600,OUACHITA TECHNICAL COLLEGE              ,AR,72104-0816,Public       ,8,45,53,295,753,1048
01074100,MELLIE'S BEAUTY COLLEGE                 ,AR,72901-3886,Proprietary  ,8,21,29,29,108,137
01210500,NATIONAL PARK COMMUNITY COLLEGE         ,AR,71913-9174,Public       ,37,107,144,794,1824,2618
01226000,EAST ARKANSAS COMMUNITY COLLEGE         ,AR,72335-2204,Public       ,37,68,105,509,878,1387
01226100,NORTH ARKANSAS COLLEGE                  ,AR,72601-5508,Public       ,31,74,105,780,1487,2267
01286000,ARKANSAS NORTHEASTERN COLLEGE           ,AR,72316-1109,Public       ,31,91,122,664,1386,2050
02052200,BLACK RIVER TECHNICAL COLLEGE           ,AR,72455-0000,Public       ,20,61,81,675,1468,2143
02073500,UNIVERSITY OF ARKANSAS COMMUNITY COLLEGE,AR,72503-0000,Public       ,30,104,134,422,1152,1574
02073700,NORTHWEST TECHNICAL INSTITUTE           ,AR,72765-0000,Public       ,6,12,18,101,291,392
02074600,SOUTH ARKANSAS COMMUNITY COLLEGE        ,AR,71731-0000,Public       ,11,50,61,434,1201,1635
02075300,PULASKI TECHNICAL COLLEGE               ,AR,72118-0000,Public       ,76,302,378,2237,8798,11035
02087000,OZARKA COLLEGE                          ,AR,72556-0000,Public       ,9,60,69,277,888,1165
02111100,RICH MOUNTAIN COMMUNITY COLLEGE         ,AR,71953-0000,Public       ,10,41,51,354,547,901
02202400,PROFESSIONAL COSMETOLOGY EDUC CTR       ,AR,71730-5828,Proprietary  ,1,3,4,12,39,51
02220900,COSSATOT COMMUNITY COLLEGE              ,AR,71832-0000,Public       ,10,60,70,356,984,1340
02260400,BEE JAY'S HAIRSTYLING ACADEMY           ,AR,72212-0000,Proprietary  ,2,4,6,18,58,76
02272400,EASTERN COLLEGE OF HEALTH VOCATIONS     ,AR,72209-0000,Proprietary  ,30,111,141,161,610,771
02284200,NEW TYLER BARBER COLLEGE INC            ,AR,72114-0000,Proprietary  ,6,9,15,54,81,135
02287400,MARSHA KAY BEAUTY COLLEGE               ,AR,72653-0000,Proprietary  ,1,2,3,6,29,35
02321701,ITT TECHNICAL INSTITUTE                 ,AR,72204-9925,Proprietary  ,32,115,147,269,726,995
02330800,JEFFERSON SCHOOL OF NURSING             ,AR,71603-0000,Private      ,1,6,7,29,107,136
02339800,SOUTHERN INSTITUTE OF COSMETOLOGY       ,AR,72301-0000,Proprietary  ,3,10,13,16,49,65
02341700,CAREER ACADEMY OF HAIR DESIGN           ,AR,72764-4304,Proprietary  ,4,11,15,37,93,130
02348200,MID-SOUTH COMMUNITY COLLEGE             ,AR,72301-0000,Public       ,31,112,143,576,1297,1873
02363500,ARTHUR'S BEAUTY COLLEGE                 ,AR,72901-0000,Proprietary  ,2,19,21,27,106,133
02525800,LEE'S SCHOOL OF COSMETOLOGY             ,AR,72114-0000,Proprietary  ,1,1,2,33,52,85
02538500,ARTHUR'S BEAUTY COLLEGE                 ,AR,72076-0000,Proprietary  ,12,33,45,75,234,309
02569600,SEARCY BEAUTY COLLEGE                   ,AR,72143-0000,Proprietary  ,2,12,14,17,68,85
02605503,REMINGTON COLLEGE  - LITTLE ROCK CAMPUS ,AR,72204-0000,Proprietary  ,0,1,1,0,1,1
03005100,ARKANSAS BEAUTY SCHOOL                  ,AR,72209-5116,Proprietary  ,1,9,10,24,98,122
03007100,HOT SPRINGS BEAUTY COLLEGE              ,AR,71901-5432,Proprietary  ,5,18,23,29,84,113
03007600,ARKANSAS BEAUTY SCHOOL-CONWAY           ,AR,72032-4354,Proprietary  ,1,3,4,28,73,101
03023400,ARKANSAS COLLEGE OF BARBERING           ,AR,72114-5615,Proprietary  ,3,17,20,35,139,174
03030903,DIESEL DRIVING ACADEMY - LITTLE ROCK    ,AR,72117-9624,Proprietary  ,0,1,1,0,1,1
03063300,NORTHWEST ARKANSAS COMMUNITY COLLEG     ,AR,72712-5190,Public       ,58,132,190,1607,2877,4484
03065100,ABC BEAUTY COLLEGE                      ,AR,71923-4206,Proprietary  ,1,13,14,15,50,65
03066302,BRYAN COLLEGE -                         ,AR,72756-1825,Proprietary  ,8,34,42,31,151,182
03105200,BAPTIST HEALTH SCHOOLS LITTLE ROCK      ,AR,72210-0000,Private      ,3,18,21,253,1013,1266
03116800,"DELUXE BEAUTY SCHOOL, L.L.C.            ",AR,71603-0000,Proprietary  ,1,2,3,15,16,31
03124900,IMAGINE -  PAUL MITCHELL PARTNER SCHOOL ,AR,72117-2516,Proprietary  ,2,7,9,10,37,47
03127200,ASKINS VO-TECH                          ,AR,72908-8028,Proprietary  ,0,3,3,3,38,41
03212300,BLYTHEVILLE ACADEMY OF COSMETOLOGY      ,AR,72315-3424,Proprietary  ,4,4,8,13,24,37
03214300,VELVATEX COLLEGE OF BEAUTY CULTURE      ,AR,72202-5452,Proprietary  ,0,1,1,8,39,47
03254300,MARGARET'S HAIR ACADEMY                 ,AR,71655-4905,Proprietary  ,4,4,8,13,61,74
03519400,LYNNDALE FUNDAMENTALS OF BEAUTY SCH     ,AR,71730-4804,Proprietary  ,0,4,4,5,44,49
03855300,ECCLESIA COLLEGE                        ,AR,72762-8159,Private      ,5,3,8,54,30,84
03912300,CROSSETT SCHOOL OF COSMETOLOGY          ,AR,71635-0000,Proprietary  ,3,5,8,12,24,36
03997300,ARKANSAS BEAUTY COLLEGE                 ,AR,72801-3741,Proprietary  ,2,8,10,20,52,72
00133900,CORBAN COLLEGE                          ,OR,97301-9392,Private      ,12,23,35,1103,354,1457
00316505,CASCADE COLLEGE                         ,OR,97216-0000,Private      ,4,1,5,302,108,410
00318600,BLUE MOUNTAIN COMMUNITY COLLEGE         ,OR,97801-0000,Public       ,36,102,138,727,1215,1942
00318800,CENTRAL OREGON COMMUNITY COLLEGE        ,OR,97701-5998,Public       ,112,264,376,1679,2344,4023
00318900,CLATSOP COMMUNITY COLLEGE               ,OR,97103-3698,Public       ,19,52,71,385,509,894
00319100,CONCORDIA UNIVERSITY                    ,OR,97211-6099,Private      ,17,69,86,1079,1273,2352
00319300,EASTERN OREGON UNIVERSITY               ,OR,97850-2899,Public       ,33,103,136,1811,2070,3881
00319400,GEORGE FOX UNIVERSITY                   ,OR,97132-2697,Private      ,21,80,101,2213,1730,3943
00319600,LANE COMMUNITY COLLEGE                  ,OR,97405-0640,Public       ,218,538,756,4181,6904,11085
00319700,LEWIS & CLARK COLLEGE                   ,OR,97219-7899,Private      ,25,28,53,3635,2681,6316
00319800,LINFIELD COLLEGE                        ,OR,97128-6894,Private      ,27,25,52,2674,517,3191
00319801,LINFIELD COLLEGE - PORTLAND CAMPUS      ,OR,97210-0000,Private      ,6,10,16,296,626,922
00319900,MARYLHURST UNIVERSITY                   ,OR,97036-7036,Private      ,11,114,125,136,1317,1453
00320300,MOUNT ANGEL SEMINARY                    ,OR,97373-0505,Private      ,0,0,0,12,14,26
00320400,MOUNT HOOD COMMUNITY COLLEGE            ,OR,97030-3300,Public       ,145,346,491,2787,4085,6872
00320600,MULTNOMAH BIBLE COLLEGE/SEMINARY        ,OR,97220-5898,Private      ,2,29,31,518,589,1107
00320700,PACIFIC NORTHWEST COLLEGE OF ART        ,OR,97209-3023,Private      ,6,11,17,422,394,816
00320800,NORTHWEST CHRISTIAN UNIVERSITY          ,OR,97401-3727,Private      ,6,31,37,444,448,892
00320900,WESTERN OREGON UNIVERSITY               ,OR,97361-1394,Public       ,70,58,128,4619,1741,6360
00321000,OREGON STATE UNIVERSITY                 ,OR,97331-8507,Public       ,257,229,486,14483,6830,21313
00321100,OREGON INSTITUTE OF TECHNOLOGY          ,OR,97601-8801,Public       ,29,47,76,1644,1390,3034
00321200,PACIFIC UNIVERSITY                      ,OR,97116-1797,Private      ,30,60,90,2242,2386,4628
00321300,PORTLAND COMMUNITY COLLEGE              ,OR,97219-7198,Public       ,445,1340,1785,7000,15121,22121
00321600,PORTLAND STATE UNIVERSITY               ,OR,97207-0000,Public       ,299,695,994,9858,15389,25247
00321700,REED COLLEGE                            ,OR,97202-8199,Private      ,16,6,22,2363,273,2636
00321800,CHEMEKETA COMMUNITY COLLEGE             ,OR,97309-1500,Public       ,149,530,679,3226,6339,9565
00321900,SOUTHERN OREGON UNIVERSITY              ,OR,97520-5010,Public       ,78,136,214,3825,2230,6055
00322000,SOUTHWESTERN OREGON COMMUNITY CLG       ,OR,97420-2956,Public       ,34,98,132,1033,1032,2065
00322100,TREASURE VALLEY COMMUNITY COLLEGE       ,OR,97914-3423,Public       ,49,135,184,985,1407,2392
00322200,UMPQUA COMMUNITY COLLEGE                ,OR,97470-0226,Public       ,44,163,207,907,1630,2537
00322300,UNIVERSITY OF OREGON                    ,OR,97403-1226,Public       ,249,174,423,14203,7746,21949
00322400,UNIVERSITY OF PORTLAND                  ,OR,97203-5798,Private      ,57,42,99,5703,1276,6979
00322500,WARNER PACIFIC COLLEGE                  ,OR,97215-4099,Private      ,12,116,128,589,818,1407
00322700,WILLAMETTE UNIVERSITY                   ,OR,97301-3930,Private      ,38,13,51,2888,1400,4288
00487800,CLACKAMAS COMMUNITY COLLEGE             ,OR,97045-7998,Public       ,118,246,364,1928,2621,4549
00488200,OREGON HEALTH & SCIENCE UNIVERSITY      ,OR,97239-0000,Public       ,7,34,41,370,2714,3084
00488230,OREGON GRAD INST OF SCIENCE & TECH      ,OR,97006-0000,Public       ,0,0,0,6,18,24
00693800,LINN BENTON COMMUNITY COLLEGE           ,OR,97321-3774,Public       ,102,251,353,2459,2939,5398
00717800,WESTERN SEMINARY                        ,OR,97215-0000,Private      ,0,5,5,5,209,214
00723402,HEALD COLLEGE - PORTLAND                ,OR,97205-3432,Proprietary  ,31,117,148,122,453,575
00781900,ART INSTITUTE OF PORTLAND (THE)         ,OR,97209-2911,Proprietary  ,68,66,134,1441,1302,2743
00888700,CONCORDE CAREER INSTITUTE               ,OR,97232-2242,Proprietary  ,40,138,178,301,816,1117
00907900,EVEREST COLLEGE                         ,OR,97204-2296,Proprietary  ,27,123,150,648,2721,3369
00958100,SPRINGFIELD COLLEGE OF BEAUTY           ,OR,97477-5474,Proprietary  ,6,15,21,58,101,159
01012200,PHAGANS' MEDFORD BEAUTY SCHOOL          ,OR,97504-5297,Proprietary  ,7,24,31,53,125,178
01018200,ROGUE COMMUNITY COLLEGE                 ,OR,97527-0000,Public       ,121,386,507,1524,3364,4888
01050700,ACADEMY OF HAIR DESIGN                  ,OR,97301-3526,Proprietary  ,7,10,17,40,77,117
01185200,ITT TECHNICAL INSTITUTE                 ,OR,97220-0000,Proprietary  ,84,199,283,632,1263,1895
01230900,WESTERN STATES CHIROPRACTIC COLLEGE     ,OR,97230-3099,Private      ,5,8,13,20,486,506
01234700,PHAGANS CENTRAL OREGON BEAUTY CLG       ,OR,97701-5175,Proprietary  ,5,16,21,56,138,194
01234800,PHAGANS BEAUTY COLLEGE                  ,OR,97333-4716,Proprietary  ,6,6,12,57,65,122
01235000,PHAGANS SCHOOL OF HAIR DESIGN           ,OR,97267-4808,Proprietary  ,9,12,21,46,82,128
01235100,PHAGANS SCHOOL OF BEAUTY                ,OR,97301-4732,Proprietary  ,9,17,26,38,96,134
01300800,PHAGANS TIGARD BEAUTY SCHOOL            ,OR,97223-0000,Proprietary  ,2,10,12,29,52,81
02101000,NORTHWEST COLLEGE OF HAIR DESIGN        ,OR,97086-7702,Proprietary  ,20,23,43,101,158,259
02101002,NORTHWEST COLLEGE                       ,OR,97007-3954,Proprietary  ,3,2,5,17,26,43
02104900,COLLEGE OF LEGAL ARTS                   ,OR,97219-9998,Proprietary  ,2,35,37,35,184,219
02106100,COLLEGE OF COSMETOLOGY                  ,OR,97601-0000,Proprietary  ,11,10,21,32,61,93
02154400,BEAU MONDE CLG OF HAIR DESIGN           ,OR,97205-0000,Proprietary  ,12,22,34,108,168,276
02159700,EUGENE BIBLE COLLEGE                    ,OR,97405-0000,Private      ,1,2,3,92,103,195
02201900,PHAGANS' SCHOOL OF HAIR DESIGN          ,OR,97232-0000,Proprietary  ,13,35,48,91,232,323
02239203,ALLIED COLLEGE - ANTHEM COLLEGE         ,OR,97005-0000,Proprietary  ,3,7,10,8,15,23
02311000,PAUL MITCHELL THE SCHOOL                ,OR,97103-0000,Proprietary  ,0,0,0,4,4,8
02330100,PIONEER PACIFIC COLLEGE                 ,OR,97070-0000,Proprietary  ,41,128,169,339,1007,1346
02330102,PIONEER PACIFIC COLLEGE                 ,OR,97403-0000,Proprietary  ,19,88,107,111,566,677
02337900,COLLEGE OF HAIR DESIGN CAREERS          ,OR,97301-0000,Proprietary  ,11,6,17,49,57,106
02344100,ROSEBURG BEAUTY COLLEGE                 ,OR,97470-0000,Proprietary  ,1,7,8,30,51,81
02534000,NATIONAL COLLEGE OF NATURAL MEDICINE    ,OR,97201-0000,Private      ,1,2,3,12,548,560
02578800,NORTHWEST NANNIES INSTITUTE             ,OR,97035-0000,Proprietary  ,3,1,4,27,9,36
02603700,OREGON COL OF ORIENTAL MEDICINE         ,OR,97216-0000,Private      ,2,5,7,5,298,303
02617506,EVEREST COLLEGE - EVEREST INSTITUTE     ,OR,97223-6581,Proprietary  ,16,52,68,18,63,81
03007300,OREGON COLLEGE OF ART & CRAFT           ,OR,97225-6399,Private      ,4,7,11,104,163,267
03022600,WESTERN CULINARY INSTITUTE              ,OR,97205-2793,Proprietary  ,145,312,457,1950,2612,4562
03042500,APOLLO COLLEGE                          ,OR,97232-1302,Proprietary  ,86,306,392,500,1509,2009
03074400,PHAGANS NEWPORT ACAD CSMTLGY CAREER     ,OR,97365-4963,Proprietary  ,4,10,14,16,52,68
03074500,EAST-WEST COLLEGE OF THE HEALING ARTS   ,OR,97232-2765,Proprietary  ,13,41,54,96,350,446
03185300,PHAGANS GRANTS PASS COLLEGE OF BTY      ,OR,97527-3039,Proprietary  ,11,14,25,51,70,121
03428300,KLAMATH COMMUNITY COLLEGE               ,OR,97603-7121,Public       ,21,90,111,303,855,1158
03642300,VALLEY MEDICAL COLLEGE                  ,OR,97305-1373,Proprietary  ,3,16,19,47,157,204
03668300,BIRTHINGWAY COLLEGE OF MIDWIFERY        ,OR,97266-4042,Private      ,2,7,9,8,95,103
03783400,ABDILL CAREER COLLEGE                   ,OR,97504-7137,Proprietary  ,4,32,36,30,118,148
03932400,GUTENBERG COLLEGE                       ,OR,97403-1368,Private      ,0,0,0,26,16,42
00137400,ALBERTUS MAGNUS COLLEGE                 ,CT,06511-1189,Private      ,14,52,66,721,841,1562
00137403,ALBERTUS MAGNUS CLG-NEW DIMENSIONS      ,CT,06511-0000,Private      ,4,127,131,31,847,878
00137800,CENTRAL CONNECTICUT STATE UNIV          ,CT,06050-2490,Public       ,115,126,241,7683,3268,10951
00137900,CONNECTICUT COLLEGE                     ,CT,06320-4196,Private      ,13,2,15,2137,76,2213
00138000,WESTERN CONNECTICUT STATE UNIV          ,CT,06810-6826,Public       ,80,47,127,4313,1171,5484
00138500,FAIRFIELD UNIVERSITY                    ,CT,06430-0000,Private      ,42,29,71,5254,610,5864
00138700,HARTFORD SEMINARY                       ,CT,06105-0000,Private      ,0,1,1,5,18,23
00138900,HOLY APOSTLES COLLEGE & SEMINARY        ,CT,06416-2005,Private      ,0,3,3,6,49,55
00139200,MANCHESTER COMMUNITY COLLEGE            ,CT,06045-1046,Public       ,94,114,208,2313,2214,4527
00139300,MITCHELL COLLEGE                        ,CT,06320-4498,Private      ,12,2,14,876,201,1077
00139700,UNIVERSITY OF NEW HAVEN                 ,CT,06516-1999,Private      ,50,72,122,3582,1558,5140
00139800,NORTHWESTERN CT COMMUNITY COLLEGE       ,CT,06098-1747,Public       ,12,23,35,386,403,789
00139900,NORWALK COMMUNITY TECHNICAL COLLEGE     ,CT,06854-1655,Public       ,63,91,154,1288,1495,2783
00140100,POST UNIVERSITY                         ,CT,06723-3240,Proprietary  ,18,87,105,935,890,1825
00140200,QUINNIPIAC UNIVERSITY                   ,CT,06518-1908,Private      ,84,28,112,9341,1160,10501
00140201,QUINNIPIAC UNIVERSITY SCHOOL OF LAW     ,CT,06518-0000,Private      ,1,2,3,142,912,1054
00140300,SACRED HEART UNIVERSITY                 ,CT,06825-1000,Private      ,46,75,121,6185,1135,7320
00140600,SOUTHERN CONNECTICUT STATE UNIV         ,CT,06515-1355,Public       ,113,114,227,7869,3956,11825
00140900,SAINT JOSEPH COLLEGE                    ,CT,06117-2791,Private      ,12,58,70,1077,891,1968
00141400,TRINITY COLLEGE                         ,CT,06106-3100,Private      ,23,7,30,2620,210,2830
00141600,UNIVERSITY OF BRIDGEPORT                ,CT,06601-5650,Private      ,32,98,130,1629,1956,3585
00141700,UNIVERSITY OF CONNECTICUT-STORRS        ,CT,06269-2151,Public       ,161,150,311,20899,4489,25388
00141702,UNIV CONN STAMFORD                      ,CT,06901-0000,Public       ,10,3,13,383,244,627
00141703,UNIV OF CONNECTICUT - TORINGTON         ,CT,06790-0000,Public       ,5,2,7,153,48,201
00141706,UNIV OF CONNECTICUT SCH LAW             ,CT,06105-0000,Public       ,1,3,4,33,1064,1097
00141707,UNIV OF CT - SCH OF SOCIAL WORK         ,CT,06117-0000,Public       ,0,6,6,57,479,536
00141708,UNIVERSITY OF CONNECTICUT - SCHOOL OF ME,CT,06030-1920,Public       ,1,1,2,9,399,408
00141709,UNIVERSITY OF CONNECTICUT - SCHOOL OF DE,CT,06030-1920,Public       ,1,0,1,3,175,178
00142200,UNIVERSITY OF HARTFORD                  ,CT,06117-1599,Private      ,79,39,118,8590,1433,10023
00142400,WESLEYAN UNIVERSITY                     ,CT,06459-3208,Private      ,14,6,20,3422,139,3561
00142500,EASTERN CONNECTICUT STATE UNIV          ,CT,06226-2295,Public       ,46,33,79,4383,1037,5420
00142600,YALE UNIVERSITY                         ,CT,06520-8288,Private      ,64,50,114,9450,5953,15403
00142601,YALE UNIV PHYSICIANS ASSOC PROG         ,CT,06510-0000,Private      ,0,0,0,1,59,60
00142602,YALE UNIV EPIDEMIOLOGY & PUB HLTH       ,CT,06510-0000,Private      ,0,0,0,4,221,225
00142603,YALE UNIV SCHOOL MEDICINE               ,CT,06510-0000,Private      ,1,0,1,20,726,746
00280301,RENSSELAER POLYTECHNIC INSTITUTE-RENSSEL,CT,06120-2991,Private      ,0,15,15,7,74,81
00280302,RENSSELAER POLYTECHNIC INSTITUTE - RENSS,CT,06340-4554,Private      ,0,0,0,0,1,1
00280400,RENSSELAER HARTFORD GRADUATE CENTER     ,CT,06120-0000,Private      ,0,0,0,1,17,18
00451300,HOUSATONIC COMMUNITY COLLEGE            ,CT,06604-4704,Public       ,56,99,155,1604,2539,4143
00618100,BRIDGEPORT HOSP SCHL OF NURSING         ,CT,06610-2896,Private      ,2,4,6,71,243,314
00619100,ST. VINCENT'S COLLEGE                   ,CT,06606-9966,Private      ,7,14,21,206,405,611
00698200,NAUGATUCK VALLEY COMM-TECH COLG         ,CT,06708-3089,Public       ,53,93,146,1781,1951,3732
00730000,ELI WHITNEY TECHNICAL HIGH SCHOOL       ,CT,06514-0000,Public       ,0,2,2,17,80,97
00730300,LINCOLN TECHNICAL INSTITUTE             ,CT,06051-0000,Proprietary  ,129,347,476,842,1974,2816
00730500,PORTER AND CHESTER INSTITUTE OF BRANFORD,CT,06405-4022,Proprietary  ,15,26,41,176,190,366
00731100,WINDHAM TECHNICAL HIGH SCHOOL           ,CT,06226-2100,Public       ,0,3,3,4,25,29
00745900,PAIER COLLEGE OF ART                    ,CT,06514-3902,Proprietary  ,4,5,9,144,71,215
00763500,CAPITAL COMMUNITY COLLEGE               ,CT,06103-1207,Public       ,45,126,171,1284,2886,4170
00803700,GATEWAY COMMUNITY-TECHNICAL COLLEGE     ,CT,06511-0000,Public       ,93,165,258,1851,2833,4684
00803800,MIDDLESEX COMMUNITY CLG                 ,CT,06457-4889,Public       ,38,57,95,716,1017,1733
00887200,RENASCI ACADEMY OF HAIR                 ,CT,06460-4160,Proprietary  ,3,8,11,14,33,47
00887300,PAUL MITCHELL THE SCHOOL                ,CT,06810-6716,Proprietary  ,8,8,16,72,70,142
00887400,BRIO ACADEMY OF COSMETOLOGY             ,CT,06450-4836,Proprietary  ,26,59,85,174,303,477
00887403,BRIO ACADEMY OF COSMETOLOGY - WILLIMANTI,CT,06226-1940,Proprietary  ,0,1,1,0,2,2
00906500,THE HARTFORD CONSERVATORY               ,CT,06105-2891,Private      ,2,0,2,48,20,68
00927700,E C GOODWIN TECHNICAL HIGH SCHOOL       ,CT,06053-0000,Public       ,0,1,1,12,38,50
00929100,J M WRIGHT TECHNICAL HIGH SCHOOL        ,CT,06904-0000,Public       ,0,1,1,7,23,30
00940700,BRIARWOOD COLLEGE                       ,CT,06489-1057,Proprietary  ,15,29,44,531,362,893
00976400,TUNXIS COMMUNITY COLLEGE                ,CT,06032-3187,Public       ,43,71,114,1092,1344,2436
00976500,THREE RIVERS COMMUNITY TECH COLLEGE     ,CT,06360-0000,Public       ,51,101,152,1074,1628,2702
00982200,ALBERT I PRINCE TECHNICAL HIGH SCHOOL   ,CT,06106-3799,Public       ,2,2,4,13,56,69
01041700,BRIO ACADEMY OF EAST HARTFORD           ,CT,06108-2220,Proprietary  ,20,30,50,75,128,203
01053000,QUINEBAUG VALLEY COMMUNITY COLLEGE      ,CT,06239-1440,Public       ,23,60,83,602,951,1553
01077900,PORTER AND CHESTER INSTITUTE-ALLCAMPUSES,CT,06615-7158,Proprietary  ,136,198,334,1063,1571,2634
01115000,ASNUNTUCK COMMUNITY COLLEGE             ,CT,06082-3800,Public       ,21,34,55,313,432,745
01149600,BULLARD HAVENS VOC TECH SCHOOL          ,CT,06610-3499,Public       ,0,2,2,8,40,48
01169700,VINAL REGIONAL VOC TECH SCHOOL          ,CT,06457-4918,Public       ,0,3,3,5,31,36
01184300,NORWICH TECHNICAL HIGH SCHOOL           ,CT,06360-7097,Public       ,0,2,2,3,29,32
01218500,H C WILCOX TECHNICAL HIGH SCHOOL        ,CT,06450-0000,Public       ,0,1,1,5,9,14
01242500,STONE ACADEMY                           ,CT,06514-4125,Proprietary  ,34,184,218,233,1263,1496
01242503,STONE ACADEMY -WATERBURY                ,CT,06705-3823,Proprietary  ,0,1,1,4,22,26
01287700,GIBBS COLLEGE                           ,CT,06855-1436,Proprietary  ,34,71,105,570,786,1356
01291300,LEON INSTITUTE OF HAIR DESIGN           ,CT,06604-4226,Proprietary  ,3,16,19,10,56,66
01326400,HENRY ABBOTT TECHNICAL HIGH SCHOOL      ,CT,06811-4881,Public       ,0,1,1,8,31,39
02058900,HARVARD H ELLIS TECHNICAL HIGH SCHOOL   ,CT,06239-0000,Public       ,1,3,4,20,17,37
02074000,BRANFORD HALL CAREER INSTITUTE          ,CT,06405-0000,Proprietary  ,187,849,1036,980,3705,4685
02106600,FOX INSTITUTE OF BUSINESS               ,CT,06110-0000,Proprietary  ,23,107,130,111,446,557
02112300,RIDLEY LOWELL BUSINESS & TECH INST      ,CT,06320-0000,Proprietary  ,18,86,104,82,498,580
02112700,NORTH HAVEN ACADEMY                     ,CT,06473-3108,Proprietary  ,11,14,25,143,99,242
02115100,BUTLER BUSINESS SCHOOL                  ,CT,06604-0000,Proprietary  ,10,35,45,56,253,309
02148700,CONNECTICUT INST OF HAIR DESIGN         ,CT,06716-0000,Proprietary  ,4,2,6,17,27,44
02202500,NEW ENGLAND TRACTOR TRAILER SCH         ,CT,06071-2036,Proprietary  ,28,241,269,77,877,954
02213000,ELLA T GRASSO SOUTHEASTERN TECHNICAL HIG,CT,06340-0000,Public       ,0,0,0,3,6,9
02228800,BARAN INSTITUTE OF TECHNOLOGY           ,CT,06088-9631,Proprietary  ,67,50,117,919,427,1346
02244900,GOODWIN COLLEGE                         ,CT,06118-9980,Private      ,18,141,159,386,1793,2179
02245300,HOWELL CHENEY TECHNICAL HIGH SCHOOL     ,CT,06040-0000,Public       ,0,4,4,2,20,22
02265900,WINDHAM COMMUNITY MEM HOSP-RAD TECH     ,CT,06226-0000,Private      ,1,1,2,10,14,24
02296100,YALE-NEW HAVEN HOSP DIETETIC INTERN     ,CT,06510-8900,Private      ,0,0,0,4,8,12
02300000,W F KAYNOR TECHNICAL HIGH SCHOOL        ,CT,06708-0000,Public       ,0,1,1,6,39,45
02316600,CONNECTICUT CTR FOR MASSAGE THERAPY     ,CT,06111-3975,Proprietary  ,4,31,35,73,271,344
02316601,CONNECTICUT CENTER FOR MASSAGE THERAPY -,CT,06880-4619,Proprietary  ,2,15,17,31,134,165
02316603,CONNECTICUT CENTER FOR MASSAGE THERAPY -,CT,06340-4619,Proprietary  ,2,11,13,34,132,166
02562400,EMMETT O BRIEN REG VOC TECH SCHOOL      ,CT,06401-2500,Public       ,0,0,0,1,1,2
02565000,PLATT TECHNICAL HIGH SCHOOL             ,CT,06460-2105,Public       ,0,0,0,5,24,29
03079400,LYME ACADEMY COLLEGE OF FINE ARTS       ,CT,06371-2333,Private      ,0,0,0,69,40,109
03094800,INDUSTRIAL MANAGEMENT & TRAINING        ,CT,06706-1211,Proprietary  ,2,29,31,42,163,205
03231400,OLIVER WOLCOTT TECHNICAL HIGH SCHOOL    ,CT,06790-3859,Public       ,0,0,0,3,5,8
03234300,CHARTER OAK STATE COLLEGE               ,CT,06053-2150,Public       ,4,44,48,43,773,816
03316300,LINCOLN TECHNICAL INSTITUTE - HARTFORD  ,CT,06105-3630,Proprietary  ,40,51,91,440,376,816
03381300,CONNECTICUT TRAINING CENTER             ,CT,06108-2705,Private      ,19,70,89,53,262,315
03927300,ALBERT SCHOOL (THE)                     ,CT,06357-2447,Proprietary  ,15,28,43,48,90,138
04053300,CLEMENS COLLEGE                         ,CT,06078-0000,Proprietary  ,7,0,7,60,17,77
04104300,ACADEMY DI CAPELLI - SCHOOL OF COSMETOLO,CT,06492-0000,Proprietary  ,3,5,8,25,33,58
04128800,BRANFORD ACADEMY OF HAIR & COSMETOLOGY  ,CT,06405-0000,Proprietary  ,2,6,8,8,9,17
00146600,BARRY UNIVERSITY                        ,FL,33161-6695,Private      ,75,252,327,3504,6941,10445
00146601,BARRY UNIVERSITY SCHOOL OF LAW          ,FL,32807-0000,Private      ,1,11,12,39,1129,1168
00146700,BETHUNE COOKMAN UNIVERSITY              ,FL,32114-3099,Private      ,159,50,209,5588,1174,6762
00146800,ST THOMAS UNIVERSITY                    ,FL,33054-0000,Private      ,30,133,163,1162,2509,3671
00146900,FLORIDA INSTITUTE OF TECHNOLOGY         ,FL,32901-6988,Private      ,53,333,386,2938,1439,4377
00147000,BREVARD COMMUNITY COLLEGE               ,FL,32922-6503,Public       ,161,320,481,3446,5143,8589
00147100,CENTRAL FLORIDA COMMUNITY COLLEGE       ,FL,34478-1388,Public       ,104,275,379,2832,3812,6644
00147200,CHIPOLA  COLLEGE                        ,FL,32446-2053,Public       ,17,54,71,673,826,1499
00147300,CLEARWATER CHRISTIAN COLLEGE            ,FL,33759-0000,Private      ,11,7,18,727,106,833
00147500,DAYTONA STATE COLLEGE                   ,FL,32114-2800,Public       ,279,613,892,4386,7475,11861
00147700,EDISON COLLEGE                          ,FL,33906-6210,Public       ,137,239,376,3642,4348,7990
00147800,EDWARD WATERS COLLEGE                   ,FL,32209-6199,Private      ,27,30,57,978,661,1639
00147900,EMBRY-RIDDLE AERONAUTICAL UNIV          ,FL,32114-3900,Private      ,88,351,439,6458,4396,10854
00148000,FLORIDA A & M UNIVERSITY                ,FL,32307-3100,Public       ,350,154,504,12735,5940,18675
00148100,FLORIDA ATLANTIC UNIVERSITY             ,FL,33431-6498,Public       ,441,384,825,11479,9281,20760
00148101,FLORIDA ATLANTIC UNIVERSITY/DAVIE       ,FL,33314-0000,Public       ,20,98,118,730,2169,2899
00148103,FLORIDA ATLANTIC UNIV-JUPITER/PSL       ,FL,33458-0000,Public       ,12,39,51,416,599,1015
00148200,FLORIDA COLLEGE                         ,FL,33617-5578,Private      ,6,0,6,441,29,470
00148400,FLORIDA STATE COLLEGE AT JACKSONVILLE   ,FL,32202-4030,Public       ,430,1248,1678,7512,14815,22327
00148500,FLORIDA KEYS COMMUNITY COLLEGE          ,FL,33040-4397,Public       ,23,46,69,255,478,733
00148600,FLORIDA MEMORIAL UNIVERSITY             ,FL,33054-6199,Private      ,58,69,127,1751,1233,2984
00148700,ECKERD COLLEGE                          ,FL,33711-4744,Private      ,23,74,97,2285,741,3026
00148800,FLORIDA SOUTHERN COLLEGE                ,FL,33801-5698,Private      ,37,38,75,2059,681,2740
00148900,FLORIDA STATE UNIVERSITY                ,FL,32306-2430,Public       ,1184,396,1580,27202,13207,40409
00149000,GULF COAST COMMUNITY COLLEGE            ,FL,32401-1058,Public       ,62,181,243,1525,2647,4172
00149300,INDIAN RIVER STATE COLLEGE              ,FL,34981-5596,Public       ,152,382,534,3425,4987,8412
00149500,JACKSONVILLE UNIVERSITY                 ,FL,32211-3394,Private      ,67,186,253,2883,2470,5353
00149700,JONES COLLEGE                           ,FL,32211-5588,Private      ,7,75,82,112,913,1025
00149900,EVEREST UNIVERSITY                      ,FL,32810-5601,Proprietary  ,164,1532,1696,1817,10091,11908
00149901,EVEREST UNIVERSITY - ORLANDO SOUTH      ,FL,32819-7666,Proprietary  ,130,363,493,154,473,627
00149902,EVEREST UNIVERSITY - MELBOURNE          ,FL,32905-6609,Proprietary  ,39,171,210,44,211,255
00150000,BROWARD COLLEGE- DOWNTOWN CTR           ,FL,33301-2208,Public       ,250,525,775,3650,5701,9351
00150001,BROWARD COLLEGE - DAVIE CAMPUS          ,FL,33314-0000,Public       ,230,342,572,4954,5493,10447
00150002,BROWARD COLLEGE- NORTH CAMPUS           ,FL,33066-0000,Public       ,58,86,144,1742,1915,3657
00150003,BROWARD COLLEGE- SOUTH CAMPUS           ,FL,33024-0000,Public       ,62,84,146,1944,2051,3995
00150100,LAKE CITY COMMUNITY COLLEGE             ,FL,32025-2007,Public       ,24,94,118,813,1606,2419
00150200,LAKE SUMTER COMMUNITY COLLEGE           ,FL,34788-8751,Public       ,30,103,133,1140,1686,2826
00150400,MANATEE COMMUNITY COLLEGE               ,FL,34207-3596,Public       ,136,273,409,3178,4753,7931
00150500,LYNN UNIVERSITY                         ,FL,33431-5598,Private      ,21,35,56,1343,576,1919
00150600,MIAMI DADE COLLEGE ADMINISTRATION ONLY  ,FL,33176-3393,Public       ,18,47,65,599,814,1413
00150601,MIAMI DADE COLLEGE - NORTH CAMPUS       ,FL,33167-3495,Public       ,364,654,1018,8608,11139,19747
00150602,MIAMI DADE COLLEGE - KENDALL CAMPUS     ,FL,33176-3393,Public       ,481,610,1091,10271,8328,18599
00150603,MIAMI DADE COLLEGE - WOLFSON CAMPUS     ,FL,33132-2297,Public       ,257,370,627,5193,5707,10900
00150604,MIAMI DADE COLLEGE - MEDICAL CAMPUS     ,FL,33127-4693,Public       ,46,158,204,964,2748,3712
00150605,MIAMI DADE COLLEGE - HOMESTEAD CAMPUS   ,FL,33030-6009,Public       ,65,123,188,1166,1682,2848
00150606,MIAMI DADE COLLEGE -INTERAMERICAN CAMPUS,FL,33135-0000,Public       ,179,297,476,2474,4456,6930
00150607,MIAMI DADE COLLEGE - HIALEAH CAMPUS     ,FL,33012-2918,Public       ,85,171,256,438,673,1111
00150800,NORTH FLORIDA COMMUNITY COLLEGE         ,FL,32340-1699,Public       ,13,37,50,432,668,1100
00150900,NOVA SOUTHEASTERN UNIVERSITY            ,FL,33314-7796,Private      ,96,1691,1787,3565,28080,31645
00151000,NORTHWEST FLORIDA STATE COLLEGE         ,FL,32578-1295,Public       ,58,238,296,1485,2851,4336
00151200,PALM BEACH COMMUNITY COLLEGE            ,FL,33461-4796,Public       ,348,495,843,6715,7488,14203
00151300,PENSACOLA JR COLLEGE                    ,FL,32504-8998,Public       ,163,392,555,3197,5331,8528
00151400,POLK COMMUNITY COLLEGE                  ,FL,33881-4299,Public       ,90,183,273,2171,3306,5477
00151500,ROLLINS COLLEGE                         ,FL,32789-4499,Private      ,36,38,74,1923,1208,3131
00151900,SANTA FE COLLEGE                        ,FL,32606-6200,Public       ,202,239,441,6155,4829,10984
00152000,SEMINOLE COMMUNITY COLLEGE              ,FL,32773-6199,Public       ,145,389,534,4006,6106,10112
00152100,SOUTHEASTERN UNIVERSITY                 ,FL,33801-6099,Private      ,23,59,82,2570,1106,3676
00152200,SOUTH FLORIDA COMMUNITY COLLEGE         ,FL,33825-9399,Public       ,18,101,119,887,1293,2180
00152201,SOUTH FLORIDA COMMUNITY COLLEGE - LAKE P,FL,33852-9605,Public       ,0,0,0,1,0,1
00152300,ST JOHNS RIVER COMMUNITY COLLEGE        ,FL,32177-3897,Public       ,68,163,231,1456,2454,3910
00152600,SAINT LEO UNIVERSITY                    ,FL,33574-6665,Private      ,62,563,625,2607,11208,13815
00152800,ST. PETERSBURG COLLEGE                  ,FL,33760-3768,Public       ,243,675,918,5634,12420,18054
00153100,STETSON UNIVERSITY                      ,FL,32723-3761,Private      ,40,25,65,2314,616,2930
00153101,STETSON UNIVERSITY - COLLEGE OF LAW     ,FL,33707-3299,Private      ,0,13,13,29,1542,1571
00153300,TALLAHASSEE COMMUNITY COLLEGE           ,FL,32304-2895,Public       ,250,295,545,6934,5806,12740
00153400,EVEREST UNIVERSITY                      ,FL,33614-5801,Proprietary  ,252,2140,2392,1572,15694,17266
00153408,EVEREST UNIVERSITY - TAMPA BRANDON CAMPU,FL,33619-1354,Proprietary  ,5,39,44,5,39,44
00153409,EVEREST UNIVERSITY - ORANGE PARK        ,FL,32073-1111,Proprietary  ,50,227,277,62,262,324
00153500,UNIVERSITY OF FLORIDA                   ,FL,32611-3150,Public       ,1075,460,1535,26779,15319,42098
00153600,UNIVERSITY OF MIAMI                     ,FL,33146-6531,Private      ,198,154,352,12083,4228,16311
00153601,UNIV OF MIAMI SCHOOL OF LAW             ,FL,33124-0000,Private      ,4,11,15,53,1761,1814
00153602,UNIV OF MIAMI-SCH OF MEDICINE           ,FL,33136-0000,Private      ,22,16,38,444,1030,1474
00153700,UNIVERSITY OF SOUTH FLORIDA             ,FL,33620-6960,Public       ,1043,648,1691,23647,16723,40370
00153701,UNIV OF SOUTH FLORIDA-ST PETERSBURG     ,FL,33701-0000,Public       ,19,26,45,536,708,1244
00153702,UNIV OF SOUTH FLORIDA-SARASOTA          ,FL,34243-0000,Public       ,6,23,29,195,507,702
00153705,UNIV OF SOUTH FLORIDA                   ,FL,33803-0000,Public       ,22,23,45,432,444,876
00153706,UNIV OF SOUTH FLORIDA- MEDICINE         ,FL,33612-0000,Public       ,31,13,44,535,814,1349
00153800,UNIVERSITY OF TAMPA                     ,FL,33606-1490,Private      ,108,79,187,5540,1626,7166
00154000,WEBBER INTERNATIONAL UNIVERSITY         ,FL,33827-0096,Private      ,5,7,12,613,207,820
00173308,NATIONAL-LOUIS UNIVERSITY               ,FL,33609-0000,Private      ,0,5,5,3,90,93
00177201,TRINITY INTERNATIONAL UNIVERSITY - SOUTH,FL,33324-4611,Private      ,1,32,33,28,397,425
00395400,UNIV OF CENTRAL FLORIDA                 ,FL,32816-0001,Public       ,1194,562,1756,31655,15149,46804
00395500,UNIVERSITY OF WEST FLORIDA              ,FL,32514-5750,Public       ,135,178,313,4435,4563,8998
00407215,NORTHWOOD UNIVERSITY                    ,FL,33409-0000,Private      ,13,22,35,525,282,807
00558500,LIVELY TECHNICAL CENTER                 ,FL,32304-0000,Public       ,20,70,90,239,728,967
00558501,LIVELY TECHNICAL CENTER - AVIATION SCHOO,FL,32304-8723,Public       ,0,2,2,14,41,55
00558600,LINDSEY HOPKINS TECHNICAL ED CENTER     ,FL,33127-4692,Public       ,19,70,89,200,624,824
00559400,D G ERWIN TECHNICAL CENTER              ,FL,33610-8255,Public       ,30,142,172,324,1282,1606
00560500,PINELLAS TECH ED CTR-CLEARWATER         ,FL,33760-2194,Public       ,25,82,107,187,586,773
00560700,SARASOTA COUNTY TECHNICAL INSTITUTE     ,FL,34233-0000,Public       ,7,42,49,97,410,507
00560800,TRAVISS TECHNICAL CENTER                ,FL,33803-0000,Public       ,10,42,52,165,604,769
00561200,MANATEE TECHNICAL INSTITUTE             ,FL,34210-0000,Public       ,40,83,123,216,682,898
00561201,MANATEE TECHNICAL INSTITUTE-EAST        ,FL,34211-0000,Public       ,15,33,48,52,252,304
00675000,VALENCIA COMMUNITY COLLEGE              ,FL,32802-3028,Public       ,952,824,1776,15179,12917,28096
00752500,SUWANNEE-HAMILTON AREA VOC TECH CTR     ,FL,32060-0000,Public       ,0,18,18,44,192,236
00752600,WASHINGTON HOLMES TECHNICAL CENTER      ,FL,32428-1699,Public       ,18,78,96,110,411,521
00755800,LEE COUNTY HIGH TECH CENTER CENTRAL     ,FL,33916-2299,Public       ,22,59,81,188,412,600
00758600,REMINGTON COLLEGE - TAMPA CAMPUS        ,FL,33612-8410,Proprietary  ,20,95,115,201,830,1031
00758604,REMINGTON COLLEGE-LARGO CAMPUS          ,FL,33771-0000,Proprietary  ,0,2,2,5,38,43
00758605,REMINGTON COLLEGE-JACKSONVILLE CAMPUS   ,FL,32256-6932,Proprietary  ,1,2,3,4,28,32
00787000,HILLSBOROUGH COMMUNITY COLLEGE          ,FL,33606-3572,Public       ,321,555,876,7778,10260,18038
00789300,FLAGLER COLLEGE                         ,FL,32085-1027,Private      ,30,9,39,2463,583,3046
00789301,FLAGLER COLLEGE - TALLAHASSEE COMMUNITY ,FL,32304-2895,Private      ,0,7,7,0,7,7
00807500,ST JOHN VIANNEY COLLEGE SEMINARY        ,FL,33165-3244,Private      ,0,0,0,13,10,23
00814600,EVEREST UNIVERSITY - POMPANO BEACH      ,FL,33062-2522,Proprietary  ,87,260,347,679,3397,4076
00822300,ST VINCENT DE PAUL REGIONL SEMINARY     ,FL,33436-0000,Private      ,0,0,0,0,11,11
00841700,STENOTYPE INST OF JACKSONVILLE          ,FL,32207-0000,Proprietary  ,21,85,106,101,512,613
00850100,RASMUSSEN COLLEGE                       ,FL,34471-7051,Proprietary  ,29,189,218,229,981,1210
00850103,RASMUSSEN COLLEGE-HOLIDAY               ,FL,34690-0000,Proprietary  ,17,84,101,131,652,783
00884800,WARNER SOUTHERN COLLEGE                 ,FL,33859-8725,Private      ,17,66,83,584,801,1385
00884900,PALM BEACH ATLANTIC UNIVERSITY          ,FL,33401-6505,Private      ,38,87,125,2186,1844,4030
00887800,MIAMI INTERNATIONAL UNIV ART&DESIGN     ,FL,33132-1418,Proprietary  ,150,173,323,2433,1832,4265
00910400,RIVERSIDE HAIRSTYLING ACADEMY           ,FL,32207-3810,Proprietary  ,2,10,12,25,90,115
00963500,FLORIDA INTERNATIONAL UNIVERSITY        ,FL,33199-0001,Public       ,698,577,1275,21099,17758,38857
00984100,UNIVERSITY OF NORTH FLORIDA             ,FL,32224-2645,Public       ,352,256,608,8587,6146,14733
00990200,SHERIDAN TECHNICAL CENTER               ,FL,33021-3399,Public       ,62,187,249,363,1244,1607
01016100,"LORAINE'S ACADEMY, INC                  ",FL,33710-0000,Proprietary  ,9,35,44,45,213,258
01019500,ART INSTITUTE OF FT LAUDERDALE          ,FL,33316-3000,Proprietary  ,119,175,294,2240,1917,4157
01065200,PASCO-HERNANDO COMMUNITY CLG            ,FL,34654-5199,Public       ,109,296,405,2498,4125,6623
01072401,CARLOS ALBIZU UNIVERSITY                ,FL,33172-0000,Private      ,5,55,60,113,1132,1245
01082600,TOM P. HANEY TECHNICAL CENTER           ,FL,32405-5099,Public       ,7,45,52,93,413,506
01112700,GOODING INST OF NUR ANES BAY MED CT     ,FL,32401-0000,Public       ,0,1,1,1,49,50
01226300,ATLANTIC TECHNICAL CENTER               ,FL,33063-3902,Public       ,37,118,155,327,847,1174
01254400,FIRST COAST TECHNICAL COLLEGE           ,FL,32084-1921,Public       ,26,92,118,174,604,778
01254401,FIRST COAST TECHNICAL INSTITUTE - PUTNAM,FL,32077-6830,Public       ,1,10,11,21,59,80
01257400,RINGLING SCHOOL OF ART AND DESIGN       ,FL,34234-5895,Private      ,19,4,23,1284,284,1568
01303904,SOUTH UNIVERSITY                        ,FL,33409-5149,Proprietary  ,34,117,151,304,1111,1415
01323400,LORENZO WALKER INST OF TECHNOLOGY       ,FL,34104-4405,Public       ,10,22,32,153,336,489
02052002,FLORIDA EDUCATION CENTER - LAUDERHILL   ,FL,33313-5857,Proprietary  ,18,92,110,115,446,561
02089600,CONCORDE CAREER INSTITUTE               ,FL,32211-0000,Proprietary  ,28,163,191,197,1084,1281
02089709,HERZING COLLEGE                         ,FL,32792-5509,Proprietary  ,2,4,6,23,58,81
02113606,AMERICAN INTERCONTINENTAL UNIV          ,FL,33324-0000,Proprietary  ,0,0,0,34,124,158
02113609,AMERICAN INTERCONTINENTAL UNIV - WESTON ,FL,33326-3233,Proprietary  ,28,85,113,601,1074,1675
02115300,PINELLAS TECHNICAL EDUCATION CENTERS - S,FL,33711-0000,Public       ,13,77,90,124,643,767
02116006,SANFORD-BROWN INSTITUTE - FT. LAUDERDALE,FL,33309-1906,Proprietary  ,43,132,175,307,991,1298
02121800,EVEREST INSTITUTE                       ,FL,33169-4759,Proprietary  ,44,185,229,738,2003,2741
02121801,EVEREST INSTITUTE  - HIALEAH            ,FL,33012-7193,Proprietary  ,100,219,319,112,253,365
02148200,FASHION FOCUS HAIR ACADEMY              ,FL,34231-0000,Proprietary  ,1,5,6,11,40,51
02148300,MANHATTAN BEAUTY SCHOOL                 ,FL,33611-0000,Proprietary  ,25,142,167,144,629,773
02149900,PAUL MITCHELL THE SCHOOL-JACKSONVILLE   ,FL,32205-0000,Proprietary  ,5,18,23,12,59,71
02151900,KEISER  UNIVERSITY                      ,FL,33309-0000,Proprietary  ,437,1563,2000,3841,12350,16191
02156700,FLORIDA CHRISTIAN COLLEGE               ,FL,34744-0000,Private      ,5,5,10,163,143,306
02159600,BAPTIST COLLEGE OF FLORIDA (THE)        ,FL,32440-0000,Private      ,7,18,25,250,289,539
02172700,CONCORDE CAREER INSTITUTE               ,FL,33607-0000,Proprietary  ,36,123,159,185,723,908
02188900,HOBE SOUND BIBLE COLLEGE                ,FL,33475-0000,Private      ,5,5,10,65,45,110
02200100,BRADENTON BEAUTY & BARBER ACADEMY       ,FL,34209-0000,Proprietary  ,8,37,45,33,180,213
02215900,ATI CAREER TRAINING CENTER              ,FL,33309-1785,Proprietary  ,15,81,96,185,514,699
02218700,FLORIDA TECHNICAL COLLEGE               ,FL,32826-2707,Proprietary  ,42,256,298,449,1521,1970
02218707,FLORIDA TECHNICAL COLLEGE - LAKELAND    ,FL,33813-2101,Proprietary  ,0,3,3,0,4,4
02218709,FLORIDA TECHNICAL COLLEGE - DELAND      ,FL,32720-7415,Proprietary  ,1,3,4,1,5,6
02228300,LAKE TECHNICAL CENTER                   ,FL,32726-0000,Public       ,15,47,62,135,415,550
02245500,CENTRAL FLORIDA COLLEGE                 ,FL,32789-4679,Proprietary  ,25,220,245,192,1153,1345
02245502,CFC-CAREER TRAINING INSTITUTE - ORLANDO ,FL,32804-0000,Proprietary  ,0,0,0,15,40,55
02245504,CENTRAL FLORIDA  COLLEGE -  LARGO       ,FL,33771-4957,Proprietary  ,0,0,0,34,48,82
02257900,INTERNATIONAL ACADEMY                   ,FL,32119-3541,Proprietary  ,23,77,100,124,323,447
02275100,CONCORDE CAREER INSTITUTE               ,FL,33025-0000,Proprietary  ,14,71,85,108,464,572
02278800,SOUTHWEST FLORIDA COLLEGE               ,FL,33907-0000,Proprietary  ,65,180,245,526,1340,1866
02278801,SOUTHWEST FLORIDA COLLEGE - TAMPA       ,FL,33619-1344,Proprietary  ,29,65,94,278,565,843
02279600,CORTIVA INSTITUTE - FLORIDA             ,FL,33781-0000,Proprietary  ,6,23,29,27,140,167
02280800,NEW ENGLAND INST TECH-PALM BEACH        ,FL,33407-0000,Proprietary  ,87,256,343,718,1233,1951
02283800,BEAUTY SCHOOLS OF AMERICA               ,FL,33012-3322,Proprietary  ,64,265,329,302,1366,1668
02286500,ITT TECHNICAL INSTITUTE                 ,FL,33634-7515,Proprietary  ,159,354,513,1302,2400,3702
02287100,LA BELLE BEAUTY SCHOOL                  ,FL,33012-0000,Proprietary  ,10,76,86,41,347,388
02293200,ATI CAREER TRAINING CENTER              ,FL,33309-5916,Proprietary  ,91,281,372,432,1197,1629
02293201,ATI CAREER TRAINING CENTER - MIAMI      ,FL,33122-1707,Proprietary  ,0,6,6,13,25,38
02293202,ATI CAREER TAINING CENTER - ATI COLLEGE ,FL,87109-2016,Proprietary  ,57,242,299,255,1363,1618
02293600,ADVANCED TECHNICAL CENTERS              ,FL,33266-1597,Private      ,0,2,2,4,7,11
02297000,CHARLOTTE TECHNICAL CENTER              ,FL,33948-0000,Public       ,6,27,33,95,323,418
02300900,WITHLACOOCHEE TECHNICAL INSTITUTE       ,FL,34450-0000,Public       ,7,29,36,149,373,522
02305700,GULF COAST COLLEGE                      ,FL,33619-0000,Proprietary  ,5,43,48,46,235,281
02305800,FLORIDA CAREER COLLEGE                  ,FL,33012-7028,Proprietary  ,279,522,801,2033,3785,5818
02307400,GEORGE STONE AREA VOCATIONAL TECHNICAL  ,FL,32526-0000,Public       ,24,81,105,115,499,614
02314100,SCHILLER INTERNATIONAL UNIVERSITY       ,FL,33770-3716,Proprietary  ,3,6,9,52,112,164
02316200,MIAMI LAKES TECHNICAL EDUCATION CTR     ,FL,33014-0000,Public       ,17,68,85,223,627,850
02321200,ORANGE TECH EDUC CTR- WESTSIDE TECH     ,FL,34787-0000,Public       ,19,50,69,142,329,471
02325100,KEY COLLEGE                             ,FL,33004-3046,Proprietary  ,3,6,9,25,102,127
02326303,MEDVANCE INSTITUTE - WEST PALM          ,FL,33461-2171,Proprietary  ,9,17,26,9,17,26
02326306,MEDVANCE INSTITUTE - MIAMI              ,FL,33173-3431,Proprietary  ,5,26,31,5,26,31
02326800,RESORT & SPA SCHOOLS INTERNATIONAL      ,FL,34233-0000,Proprietary  ,8,30,38,57,139,196
02326900,SUNSTATE ACADEMY OF HAIR DESIGN         ,FL,33907-1415,Proprietary  ,26,46,72,91,202,293
02329900,FLORIDA INSTITUTE OF ULTRASOUND         ,FL,32514-0000,Proprietary  ,7,9,16,41,121,162
02337000,SUNCOAST II THE TAMPA BAY SCHOOL OF MASS,FL,33607-3802,Proprietary  ,1,12,13,14,55,69
02338400,FT PIERCE BEAUTY ACADEMY                ,FL,34982-0000,Proprietary  ,25,73,98,92,346,438
02341001,FORTIS COLLEGE - DBA FORTIS INSTITUTE   ,FL,32504-7322,Proprietary  ,0,3,3,17,49,66
02346200,WYOTECH                                 ,FL,32174-1010,Proprietary  ,52,96,148,326,475,801
02362100,FULL SAIL UNIVERSITY                    ,FL,32792-0000,Proprietary  ,396,333,729,7603,4031,11634
02499000,ACADEMY OF COSMETOLOGY                  ,FL,32953-3311,Proprietary  ,4,31,35,40,149,189
02501500,"O*TEC, MID-FLORIDA TECH                 ",FL,32809-0000,Public       ,28,88,116,251,414,665
02502702,ADVANCED CAREER TRAINING-JACKSONVIL     ,FL,32256-0000,Proprietary  ,23,142,165,88,634,722
02504600,WINTER PARK TECH                        ,FL,32789-0000,Public       ,16,55,71,109,376,485
02508900,TALMUDIC COLLEGE OF FLORIDA             ,FL,33139-0000,Private      ,1,2,3,16,9,25
02511700,RIDGE TECHNICAL CENTER                  ,FL,33881-0000,Public       ,9,42,51,94,370,464
02513200,ORLANDO TECHNICAL CENTER                ,FL,32801-0000,Public       ,14,86,100,209,687,896
02515400,CITY COLLEGE                            ,FL,33309-3073,Private      ,46,141,187,300,1134,1434
02517100,SARASOTA SCHOOL OF MASSAGE THERAPY      ,FL,34243-6130,Proprietary  ,5,19,24,38,122,160
02524000,SUNSTATE ACADEMY OF HAIR DESIGN         ,FL,34624-0000,Proprietary  ,20,31,51,97,154,251
02524200,ROBERT MORGAN EDUCATIONAL CENTER        ,FL,33177-0000,Public       ,48,114,162,371,704,1075
02547600,FLORIDA NATIONAL COLLEGE                ,FL,33012-0000,Proprietary  ,93,406,499,926,2748,3674
02554200,RADFORD LOCKLIN TECH CENTER             ,FL,32570-0000,Public       ,4,22,26,28,90,118
02573200,LA BELLE BEAUTY ACADEMY                 ,FL,33135-0000,Proprietary  ,2,26,28,23,230,253
02586200,FLORIDA CAREER COLLEGE                  ,FL,33759-3924,Proprietary  ,79,190,269,428,941,1369
02586201,FLORIDA CAREER COLLEGE -                ,FL,33569-2553,Proprietary  ,1,0,1,8,7,15
02597100,HERITAGE INSTITUTE                      ,FL,33912-7132,Proprietary  ,55,195,250,232,750,982
02598200,FLORIDA TECHNICAL CLG JACKSONVILLE      ,FL,32211-5123,Proprietary  ,7,31,38,78,247,325
02599800,EVEREST UNIVERSITY                      ,FL,33759-1359,Proprietary  ,33,205,238,616,4089,4705
02599801,EVEREST UNIVERSITY - TAMPA LAKELAND CAMP,FL,33801-3801,Proprietary  ,46,243,289,53,308,361
02599805,EVEREST UNIVERSITY - JACKSONVILLE       ,FL,32256-0000,Proprietary  ,75,309,384,94,411,505
02601600,HENRY W BREWSTER TECHNICAL CENTER       ,FL,33602-0000,Public       ,6,67,73,59,333,392
02612700,DARLYNE MCGEE'S ACAD OF COSMETOLOGY     ,FL,32905-2805,Proprietary  ,1,37,38,22,138,160
02616400,SANFORD-BROWN INSTITUTE                 ,FL,32256-3520,Proprietary  ,36,186,222,201,850,1051
02616401,SANFORD-BROWN INSTITUTE - TAMPA         ,FL,33610-8304,Proprietary  ,42,162,204,226,1007,1233
03003200,EVEREST INSTITUTE                       ,FL,33186-1410,Proprietary  ,68,153,221,553,1629,2182
03003201,EVEREST INSTITUTE - FT. LAUDERDALE      ,FL,33304-2522,Proprietary  ,31,109,140,38,135,173
03003600,MCFATTER TECHNICAL CENTER               ,FL,33317-7499,Public       ,19,98,117,196,585,781
03008600,FLORIDA COLLEGE OF NATURAL HEALTH       ,FL,33064-1342,Proprietary  ,44,200,244,271,996,1267
03010608,VIRGINIA COLLEGE - PENSACOLA            ,FL,32501-5650,Proprietary  ,42,278,320,237,1673,1910
03010612,VIRGINIA COLLEGE - GOLF ACADEMY OF AMERI,FL,32701-0000,Proprietary  ,8,13,21,124,127,251
03012300,ASM BEAUTY WORLD ACADEMY                ,FL,33021-0000,Proprietary  ,2,24,26,14,123,137
03018500,BENE'S INTERNATIONAL SCHOOL OF BEAUTY   ,FL,34652-1637,Proprietary  ,16,43,59,78,204,282
03028200,TRINITY COLLEGE OF FLORIDA              ,FL,34655-4401,Private      ,1,9,10,118,120,238
03031400,INTERNATIONAL ACAD OF DESIGN & TECH     ,FL,33634-6313,Proprietary  ,272,686,958,3403,4472,7875
03031402,INTERNATIONAL ACADEMY OF DESIGN AND TECH,FL,32809-4633,Proprietary  ,16,26,42,555,541,1096
03031403,IADT - ORLANDO CULINARY ACADEMY         ,FL,32819-0000,Proprietary  ,15,22,37,295,297,592
03035800,HERITAGE INSTITUTE                      ,FL,32216-0948,Proprietary  ,28,107,135,108,423,531
03035900,NATIONAL AVIATION ACADEMY               ,FL,33760-3931,Proprietary  ,19,57,76,170,389,559
03037500,HODGES UNIVERSITY                       ,FL,34119-7932,Private      ,39,263,302,419,2006,2425
03054200,TECHNICAL CAREER INSTITUTE              ,FL,33144-2373,Proprietary  ,82,100,182,550,543,1093
03071600,COLLEGE OF BUSINESS & TECHNOLOGY        ,FL,33176-1412,Proprietary  ,22,202,224,111,920,1031
03071601,COLLEGE OF BUSINESS & TECHNOLOGY -      ,FL,33144-2072,Proprietary  ,0,2,2,9,13,22
03071602,COLLEGE OF BUSINESS & TECHNOLOGY -      ,FL,33012-3436,Proprietary  ,1,1,2,6,9,15
03076402,HIGH-TECH INSTITUTE - ORLANDO           ,FL,32803-3509,Proprietary  ,9,14,23,14,23,37
03079800,GEORGE T BAKER AVIATION                 ,FL,33142-5687,Public       ,12,24,36,140,138,278
03079900,CITY COLLEGE                            ,FL,32707-5342,Private      ,4,40,44,35,200,235
03087600,ITT TECHNICAL INSTITUTE                 ,FL,32746-1607,Proprietary  ,196,395,591,1191,2294,3485
03089200,NOUVELLE INSTITUTE                      ,FL,33125-4141,Proprietary  ,5,87,92,35,485,520
03096300,FLORIDA CAREER INSTITUTE                ,FL,33860-0000,Proprietary  ,4,61,65,32,222,254
03099600,MERCY HOSPITAL SCHOOL OF PRACTICAL NSG  ,FL,33133-4237,Private      ,1,5,6,36,93,129
03100800,TAYLOR TECHNICAL INSTITUTE              ,FL,32348-0894,Public       ,3,22,25,28,151,179
03101900,TRINITY BAPTIST COLLEGE                 ,FL,32221-1398,Private      ,2,5,7,183,99,282
03103900,MARION COUNTY COMMUNITY TECH & ADUL     ,FL,34474-3172,Public       ,3,16,19,123,389,512
03108500,EVERGLADES UNIVERSITY                   ,FL,33431-0000,Private      ,18,131,149,130,1031,1161
03108600,COM-PU-MED VOCATIONAL CAREERS           ,FL,33012-4861,Proprietary  ,8,91,99,53,554,607
03113400,ACADEMY OF HEALING ARTS                 ,FL,33463-2113,Proprietary  ,0,19,19,22,82,104
03114700,PRAXIS INSTITUTE                        ,FL,33135-2657,Proprietary  ,8,107,115,26,452,478
03115500,FLORIDA HOSPITAL COLG OF HEALTH SCI     ,FL,32803-1237,Private      ,29,112,141,686,1662,2348
03123900,KEISER CAREER INSTITUTE                 ,FL,33413-0000,Proprietary  ,65,185,250,381,1217,1598
03125600,MIAMI AD SCHOOL                         ,FL,33139-5203,Proprietary  ,6,16,22,77,278,355
03127900,TECHNICAL EDUCATION CTR OSCEOLA         ,FL,34744-4459,Public       ,14,30,44,127,388,515
03139600,DELTA CONNECTION ACADEMY                ,FL,32773-9683,Proprietary  ,5,6,11,44,87,131
03158300,LEE COUNTY HIGH TECH CENTER NORTH       ,FL,33993-2479,Public       ,7,27,34,82,237,319
03178400,CORAL RIDGE NURSES ASST TRAINING        ,FL,33306-0000,Proprietary  ,0,4,4,3,23,26
03224300,NEW PROFESSIONS TECHNICAL INSTITUTE     ,FL,33134-1640,Proprietary  ,13,125,138,57,511,568
03230300,OKALOOSA APPLIED TECHNOLOGY CENTER      ,FL,32547-1299,Public       ,5,37,42,68,327,395
03238300,FLORIDA COLLEGE OF INTEGRATIVE MED      ,FL,32809-5721,Proprietary  ,0,4,4,14,160,174
03255300,FLORIDA GULF COAST UNIVERSITY           ,FL,33965-6565,Public       ,186,81,267,5849,2511,8360
03256300,YESHIVA GEDOLAH RABBINICAL COLLEGE      ,FL,33139-4708,Private      ,4,0,4,12,3,15
03346300,ACAD FOR PRAC NURSING & HEALTH OCCP     ,FL,33417-4574,Private      ,15,132,147,87,602,689
03348400,PROFESSIONAL TRAINING CENTERS           ,FL,33184-0000,Proprietary  ,22,69,91,122,552,674
03370300,AUDIO RECORDING TECHNOLOGY INSTITUTE    ,FL,32811-0000,Proprietary  ,4,9,13,61,78,139
03373300,BEACON COLLEGE                          ,FL,34748-5224,Private      ,4,0,4,65,34,99
03374300,FLORIDA COASTAL SCHOOL OF LAW           ,FL,32256-0000,Proprietary  ,0,21,21,14,2145,2159
03382300,BRADFORD-UNION AREA CAREERTECHNICAL CENT,FL,32091-2434,Public       ,3,14,17,27,151,178
03390300,LINCOLN TECHNICAL INSTITUTE             ,FL,32730-2351,Proprietary  ,14,89,103,87,628,715
03390301,LINCOLN TECHNICAL INSTITUTE - ST. PETERS,FL,33709-3142,Proprietary  ,0,2,2,0,2,2
03411400,INTERNATIONAL TRAINING CAREERS          ,FL,33155-1462,Private      ,5,84,89,38,319,357
03414500,SOUTHEAST INSTITUTE OF ORIENTAL MED     ,FL,33176-1509,Proprietary  ,1,29,30,13,136,149
03425400,CENTRAL FLORIDA INSTITUTE               ,FL,34684-4436,Proprietary  ,19,79,98,161,591,752
03429600,ATLANTIC INST OF ORIENTAL MEDICINE      ,FL,33316-0000,Private      ,0,4,4,6,92,98
03429700,EAST WEST COLLG OF NATURAL MEDICINE     ,FL,34236-4959,Proprietary  ,0,7,7,4,129,133
03433400,NEW CONCEPT MASSAGE AND BEAUTY SCHO     ,FL,33135-0000,Proprietary  ,2,14,16,8,65,73
03434300,FORTIS COLLEGE                          ,FL,32073-2999,Proprietary  ,32,124,156,157,642,799
03434301,FORTIS COLLEGE - FORTIS INSTITUTE       ,FL,32216-4933,Proprietary  ,0,0,0,3,4,7
03459400,SAINT PETERSBURG THEOLOGICAL SEMINA     ,FL,33708-3116,Private      ,1,0,1,5,38,43
03480302,MEDVANCE INSTITUTE - STUART             ,FL,34994-3000,Proprietary  ,5,23,28,14,46,60
03491400,AMERICAN ADVANCED TECHNICIANS INST      ,FL,33014-4430,Proprietary  ,5,21,26,31,73,104
03524300,ACADEMY FOR FIVE ELEMENT ACUPUNCTURE    ,FL,32601-6811,Private      ,0,0,0,0,53,53
03549300,ULTIMATE MEDICAL ACADEMY                ,FL,33756-5802,Proprietary  ,47,278,325,159,980,1139
03553300,KEISER CAREER COLLEGE                   ,FL,32216-0000,Proprietary  ,1,10,11,16,61,77
03557300,NORTH FLORIDA COSMETOLOGY INSTITUTE     ,FL,32312-0000,Proprietary  ,8,18,26,50,123,173
03564300,SUPERIOR CAREER INSTITUTE               ,FL,33311-1141,Proprietary  ,5,26,31,9,66,75
03570400,ENGLISH CENTER (THE)                    ,FL,33133-2703,Public       ,1,24,25,18,167,185
03595400,ANGLEY COLLEGE                          ,FL,32720-4257,Proprietary  ,4,28,32,24,143,167
03611400,FLORIDA BARBER ACADEMY                  ,FL,33441-0000,Proprietary  ,5,12,17,14,59,73
03618300,FLORIDA INSTITUTE OF ANIMAL ARTS        ,FL,32792-1740,Proprietary  ,5,31,36,57,152,209
03627400,JACKSONVILLE BEAUTY INSTITUTE           ,FL,32208-1885,Proprietary  ,10,71,81,35,318,353
03627600,FLORIDA EDUCATION INSTITUTE             ,FL,33144-5036,Proprietary  ,10,110,120,34,348,382
03661400,SOUTH FLORIDA INSTITUTE OF TECHNOLO     ,FL,33135-0000,Proprietary  ,8,113,121,59,467,526
03691400,AVE MARIA SCHOOL OF LAW                 ,FL,34119-1376,Private      ,0,1,1,3,588,591
03696400,SABER                                   ,FL,33134-1604,Private      ,4,121,125,9,300,309
03706300,AMERICAN INSTITUTE                      ,FL,33319-5613,Proprietary  ,30,99,129,112,419,531
03757300,ADVANCE SCIENCE INSTITUTE               ,FL,33012-0000,Proprietary  ,6,35,41,31,162,193
03801400,BEAUTY INSTITUTE (THE)                  ,FL,33409-2972,Proprietary  ,5,41,46,30,161,191
03801401,BEAUTY INSTITUTE (THE) - MARGATE        ,FL,33068-5704,Proprietary  ,0,1,1,0,3,3
03816300,ARTISTIC NAILS & BEAUTY ACADEMY         ,FL,33605-5919,Proprietary  ,13,53,66,59,221,280
03823300,FLORIDA ACADEMY OF HEALTH & BEAUTY      ,FL,33311-0000,Proprietary  ,2,19,21,11,51,62
03832300,DADE MEDICAL COLLEGE                    ,FL,33126-5534,Proprietary  ,21,86,107,101,429,530
03842500,CAMBRIDGE INSTITUTE OF ALLIED HEALTH    ,FL,32750-0000,Proprietary  ,5,42,47,20,130,150
03856300,UNIVERSAL BEAUTY SCHOOL                 ,FL,33174-4406,Proprietary  ,5,37,42,21,197,218
03866300,GALIANO CAREER ACADEMY                  ,FL,32701-0000,Proprietary  ,25,115,140,117,573,690
03875300,MEDICAL CAREER INSTITUTE OF SOUTH FLORID,FL,33407-2103,Proprietary  ,17,107,124,69,391,460
03888300,DRAGON RISES COLLEGE OF ORIENTAL MEDICIN,FL,32601-5089,Proprietary  ,0,0,0,4,35,39
03903500,SOUTHERN TECHNICAL COLLEGE              ,FL,32809-0000,Proprietary  ,20,60,80,68,186,254
03906300,CAREER INSTITUTE OF FLORIDA             ,FL,33773-3434,Proprietary  ,4,48,52,31,309,340
03911300,TOTAL INTERNATIONAL CAREER INSTITUTE    ,FL,33012-0000,Proprietary  ,4,15,19,9,64,73
03939300,WOLFORD COLLEGE                         ,FL,34108-1931,Private      ,0,4,4,0,123,123
03939400,CENTURA INSTITUTE                       ,FL,32807-3566,Proprietary  ,7,24,31,38,176,214
03939600,DAYTONA COLLEGE                         ,FL,32174-8445,Proprietary  ,4,17,21,16,83,99
03941300,AVE MARIA UNIVERSITY                    ,FL,34142-9505,Private      ,2,3,5,426,75,501
03957400,NEW COLLEGE OF FLORIDA                  ,FL,34243-2109,Public       ,15,1,16,878,115,993
03985300,COMMERCIAL DIVING ACADEMY               ,FL,32208-0000,Proprietary  ,13,50,63,100,340,440
03985400,SPACE COAST HEALTH INSTITUTE            ,FL,32904-8771,Proprietary  ,0,7,7,16,60,76
03986300,AVIATOR COLLEGE OF AERONAUTICAL SCIENCE ,FL,34946-9022,Proprietary  ,0,9,9,12,43,55
04016500,AMERICAN INSTITUTE OF BEAUTY            ,FL,33773-0000,Proprietary  ,12,43,55,38,155,193
04029300,TRENDSETTERS OF FLORIDA SCHOOL OF BEAUTY,FL,32205-0000,Proprietary  ,4,16,20,16,86,102
04058300,HEALTH OPPORTUNITY TECHNICAL CENTER     ,FL,33169-4517,Proprietary  ,2,11,13,7,163,170
04105400,PENSACOLA SCHOOL OF MASSAGE THERAPY & HE,FL,32504-7337,Proprietary  ,3,17,20,24,90,114
04106300,PALM BEACH ACADEMY OF HEALTH & BEAUTY   ,FL,33403-2130,Proprietary  ,3,11,14,19,66,85
04116600,TAYLOR COLLEGE                          ,FL,34420-8714,Proprietary  ,3,13,16,17,120,137
04119400,AVEDA INSTITUTE - SAINT PETERSBURG      ,FL,33701-4242,Proprietary  ,6,13,19,42,50,92
04119500,LANE INSTITUTE OF HEALTH SCIENCES       ,FL,32780-2898,Private      ,0,0,0,2,0,2
04120400,HI-TECH SCHOOL OF COSMETOLOGY           ,FL,33174-0000,Proprietary  ,11,14,25,40,48,88
04120500,ACADEMY OF PROFESSIONAL CAREERS         ,FL,32792-4433,Proprietary  ,6,22,28,13,39,52
04126900,ACADEMY OF CAREER TRAINING              ,FL,34741-4644,Proprietary  ,19,41,60,19,43,62
04127400,DIGITAL MEDIA ARTS COLLEGE              ,FL,33431-5919,Proprietary  ,38,26,64,40,26,66
04130400,SHEAR EXCELLENCE INTERNATIONAL HAIR ACAD,FL,33614-2783,Private      ,3,16,19,4,29,33
04131900,FASTTRAIN OF MIAMI                      ,FL,33134-1065,Proprietary  ,0,1,1,0,1,1
04133500,ACADEMY FOR FIVE ELEMENT ACUPUNCTURE    ,FL,32601-6811,Private      ,0,1,1,0,2,2
00160500,CHAMINADE UNIV OF HONOLULU              ,HI,96816-1578,Private      ,18,70,88,1245,1435,2680
00160600,BRIGHAM YOUNG UNIV-HAWAII CAMPUS        ,HI,96762-1294,Private      ,31,38,69,840,639,1479
00161000,UNIVERSITY OF HAWAII AT MANOA           ,HI,96822-2399,Public       ,152,138,290,8477,6300,14777
00161100,UNIVERSITY OF HAWAII AT HILO            ,HI,96720-4091,Public       ,40,30,70,2347,1481,3828
00161200,HONOLULU COMMUNITY COLLEGE              ,HI,96817-4598,Public       ,29,64,93,1023,1159,2182
00161300,KAPIOLANI COMMUNITY COLLEGE             ,HI,96816-4421,Public       ,55,76,131,1640,1722,3362
00161400,KAUAI COMMUNITY COLLEGE                 ,HI,96766-9591,Public       ,13,12,25,225,319,544
00161500,MAUI COMMUNITY COLLEGE                  ,HI,96732-1644,Public       ,36,43,79,820,1128,1948
00454900,LEEWARD COMMUNITY COLLEGE               ,HI,96782-3393,Public       ,52,74,126,1288,1537,2825
00525800,HAWAII COMMUNITY COLLEGE                ,HI,96720-4075,Public       ,21,28,49,857,1059,1916
00723401,HEALD COLLEGE - HONOLULU                ,HI,96814-0000,Proprietary  ,78,124,202,732,909,1641
00727900,HAWAII PACIFIC UNIVERSITY               ,HI,96813-2882,Private      ,56,114,170,3178,2949,6127
00777500,HOLLYWOOD BEAUTY COLLEGE                ,HI,96701-4100,Proprietary  ,0,0,0,24,37,61
01122000,WINDWARD COMMUNITY COLLEGE              ,HI,96744-0000,Public       ,30,28,58,471,641,1112
02100300,MED-ASSIST SCHOOL OF HAWAII             ,HI,96813-0000,Proprietary  ,4,14,18,63,119,182
02107800,UNIVERSITY OF HAWAII - WEST OAHU        ,HI,96782-0000,Public       ,8,20,28,286,643,929
02139500,HAWAII INSTITUTE OF HAIR DESIGN         ,HI,96817-5195,Proprietary  ,0,12,12,29,87,116
02208704,SAN DIEGO GOLF ACADEMY - THE GOLF ACADEM,HI,96744-3724,Proprietary  ,0,0,0,10,15,25
02321300,HAWAI'I THEOLOGICAL SEMINARY            ,HI,96817-0000,Private      ,0,0,0,2,8,10
03017800,TRAVEL INSTITUTE OF THE PACIFIC         ,HI,96814-1946,Proprietary  ,4,30,34,28,171,199
03020800,NEW YORK TECHNICAL INST OF HAWAII       ,HI,96817-4415,Proprietary  ,1,3,4,15,32,47
03072500,WORLD MEDICINE INSTITUTE                ,HI,96826-0000,Private      ,0,0,0,8,61,69
03649300,HAWAII TECHNOLOGY INSTITUTE             ,HI,96813-3036,Private      ,0,2,2,12,33,45
03735300,INST OF CLINICAL ACUPUNCTURE & ORIENT MD,HI,96813-2307,Proprietary  ,0,1,1,1,29,30
03999400,TRADITIONAL CHINESE MEDICAL COLLEGE OF H,HI,96743-8324,Private      ,0,0,0,0,25,25
00161600,BOISE STATE UNIVERSITY                  ,ID,83725-1000,Public       ,190,459,649,8666,10075,18741
00161700,"COLLEGE OF IDAHO, THE                   ",ID,83605-4432,Private      ,13,10,23,1096,192,1288
00161900,COLLEGE OF SOUTHERN IDAHO               ,ID,83301-0000,Public       ,109,181,290,2032,2764,4796
00162000,IDAHO STATE UNIVERSITY                  ,ID,83209-5377,Public       ,147,271,418,4123,7624,11747
00162100,LEWIS-CLARK STATE COLLEGE               ,ID,83501-2698,Public       ,44,68,112,1744,1756,3500
00162300,NORTH IDAHO COLLEGE                     ,ID,83814-2199,Public       ,50,98,148,1897,2298,4195
00162400,NORTHWEST NAZARENE UNIVERSITY           ,ID,83686-5897,Private      ,15,50,65,1160,978,2138
00162500,BRIGHAM YOUNG UNIVERSITY-IDAHO          ,ID,83460-1650,Private      ,575,554,1129,6760,5942,12702
00162600,UNIVERSITY OF IDAHO                     ,ID,83844-4291,Public       ,89,77,166,7469,3825,11294
00455300,ITT TECHNICAL INSTITUTE                 ,ID,83713-1529,Proprietary  ,95,238,333,666,1400,2066
00987300,MR JUAN'S CLG OF HAIR DESIGN            ,ID,83301-4154,Proprietary  ,1,6,7,22,38,60
01113300,EASTERN IDAHO TECHNICAL COLLEGE         ,ID,83404-5788,Public       ,6,39,45,226,812,1038
02210700,CAREER BEAUTY COLLEGE                   ,ID,83440-0000,Proprietary  ,4,10,14,31,54,85
02218000,APOLLO COLLEGE                          ,ID,83704-0000,Proprietary  ,44,153,197,320,1002,1322
02234500,BOISE BIBLE COLLEGE                     ,ID,83714-1220,Private      ,3,2,5,166,74,240
02275800,MR LEONS SCHOOL OF HAIR DESIGN          ,ID,83843-8384,Proprietary  ,12,7,19,32,56,88
02314000,SCHOOL OF HAIRSTYLING (THE)             ,ID,83202-0000,Proprietary  ,4,2,6,38,66,104
02319800,HEADMASTERS SCHOOL OF HAIR DESIGN       ,ID,83814-0000,Proprietary  ,12,19,31,113,164,277
02349200,HEADMASTERS SCHOOL OF HAIR DESIGN       ,ID,83501-0000,Proprietary  ,3,5,8,16,40,56
02559500,RAZZLE DAZZLE CLG OF HAIR DESIGN        ,ID,83686-5104,Proprietary  ,10,25,35,27,111,138
02607100,SCOT LEWIS SCHOOLS                      ,ID,83709-1662,Proprietary  ,17,16,33,103,146,249
03098700,ACADEMY OF COURT REPORTING              ,ID,83704-8320,Proprietary  ,41,161,202,228,877,1105
03832400,COSMETOLOGY SCHOOL OF ARTS & SCIENCES   ,ID,83318-1327,Proprietary  ,2,2,4,14,43,57
00163200,AQUINAS INSTITUTE OF THEOLOGY           ,MO,63108-3323,Private      ,0,4,4,0,69,69
00244900,AVILA COLLEGE                           ,MO,64145-1698,Private      ,8,51,59,873,1060,1933
00245000,CALVARY BIBLE COLLEGE                   ,MO,64147-1341,Private      ,1,13,14,178,165,343
00245200,CENTRAL BIBLE COLLEGE                   ,MO,65803-1096,Private      ,3,10,13,533,297,830
00245300,CENTRAL METHODIST UNIVERSITY            ,MO,65248-1198,Private      ,11,34,45,1147,536,1683
00245301,CENTRAL METHODIST UNIVERSITY            ,MO,63601-0000,Private      ,1,10,11,60,176,236
00245302,CENTRAL METHODIST UNIVERSITY- UNION     ,MO,63084-0000,Private      ,1,5,6,25,49,74
00245400,UNIVERSITY OF CENTRAL MISSOURI          ,MO,64093-5178,Public       ,81,161,242,6597,3663,10260
00245600,COLUMBIA COLLEGE                        ,MO,65216-4581,Private      ,111,917,1028,2364,11490,13854
00245700,CONCORDIA SEMINARY                      ,MO,63105-3199,Private      ,1,20,21,3,631,634
00245800,COTTEY COLLEGE                          ,MO,64772-2790,Private      ,3,0,3,342,36,378
00245900,CROWDER COLLEGE                         ,MO,64850-9165,Public       ,80,125,205,1425,1870,3295
00246000,CULVER STOCKTON COLLEGE                 ,MO,63435-1299,Private      ,6,5,11,1095,179,1274
00246100,DRURY UNIVERSITY                        ,MO,65802-3791,Private      ,57,215,272,2061,3207,5268
00246200,EDEN THEOLOGICAL SEMINARY               ,MO,63119-0000,Private      ,0,4,4,1,107,108
00246300,EVANGEL UNIVERSITY                      ,MO,65802-2125,Private      ,13,13,26,1712,589,2301
00246400,FONTBONNE UNIVERSITY                    ,MO,63105-3098,Private      ,14,232,246,1172,2618,3790
00246600,HARRIS-STOWE STATE COLLEGE              ,MO,63103-2199,Public       ,25,68,93,1298,1670,2968
00246700,CONCEPTION SEMINARY COLLEGE             ,MO,64433-0000,Private      ,1,0,1,31,13,44
00246800,JEFFERSON COLLEGE                       ,MO,63050-2441,Public       ,56,99,155,2091,1824,3915
00247100,ST LOUIS COMMUNITY COLLEGE              ,MO,63102-0000,Public       ,294,738,1032,7469,11703,19172
00247104,SAINT LOUIS COMMUNITY COLLEGE - WILDWOOD,MO,63040-1168,Public       ,7,14,21,18,35,53
00247300,KANSAS CITY ART INSTITUTE               ,MO,64111-1874,Private      ,13,4,17,875,200,1075
00247400,KANSAS CITY UNIV OF MED & BIOSCIENCES   ,MO,64106-0000,Private      ,2,1,3,22,1057,1079
00247600,KENRICK-GLENNON SEMINARY                ,MO,63119-0000,Private      ,0,0,0,6,4,10
00247700,A.T. STILL UNIV OF HEALTH SCIENCES      ,MO,63501-0000,Private      ,1,108,109,6,2252,2258
00247900,LINCOLN UNIVERSITY                      ,MO,65101-3500,Public       ,44,52,96,2281,1416,3697
00248000,LINDENWOOD UNIVERSITY                   ,MO,63301-1695,Private      ,55,408,463,3890,5692,9582
00248200,MARYVILLE UNIVERSITY                    ,MO,63141-7299,Private      ,24,70,94,2004,1763,3767
00248400,METROPOLITAN COMMUNITY COLLEGE          ,MO,64111-2408,Public       ,189,451,640,6724,9503,16227
00248500,MIDWESTERN BAPTIST THEOL SEMINARY       ,MO,64118-4697,Private      ,1,15,16,62,238,300
00248600,MINERAL AREA COLLEGE                    ,MO,63601-1000,Public       ,46,92,138,1423,1655,3078
00248800,MISSOURI SOUTHERN STATE UNIVERSITY      ,MO,64801-1595,Public       ,45,100,145,2886,2962,5848
00248900,MISSOURI VALLEY COLLEGE                 ,MO,65340-3197,Private      ,21,8,29,1441,344,1785
00249000,MISSOURI WESTERN STATE UNIVERSITY       ,MO,64507-2294,Public       ,59,96,155,3662,2004,5666
00249100,MOBERLY AREA COMMUNITY COLLEGE          ,MO,65270-1304,Public       ,51,74,125,1958,1869,3827
00249400,NAZARENE THEOLOGICAL SEMINARY           ,MO,64131-1246,Private      ,0,7,7,1,162,163
00249500,TRUMAN STATE UNIVERSITY                 ,MO,63501-4221,Public       ,43,6,49,4741,430,5171
00249600,NORTHWEST MISSOURI STATE UNIV           ,MO,64468-6001,Public       ,43,48,91,5439,1111,6550
00249800,PARK UNIVERSITY                         ,MO,64152-3795,Private      ,33,417,450,1201,7232,8433
00249900,ROCKHURST UNIVERSITY                    ,MO,64110-2561,Private      ,10,57,67,1919,1247,3166
00250000,COLLEGE OF THE OZARKS                   ,MO,65726-2502,Private      ,28,4,32,2549,265,2814
00250100,SOUTHEAST MISSOURI STATE UNIV           ,MO,63701-4799,Public       ,76,139,215,6425,3381,9806
00250200,SOUTHWEST BAPTIST UNIVERSITY            ,MO,65613-2597,Private      ,26,71,97,1932,1405,3337
00250300,MISSOURI STATE UNIVERSITY               ,MO,65897-0094,Public       ,166,193,359,11618,5901,17519
00250400,ST LOUIS COLLEGE OF PHARMACY            ,MO,63110-1088,Private      ,5,5,10,747,438,1185
00250600,SAINT LOUIS UNIVERSITY                  ,MO,63103-2097,Private      ,56,181,237,7435,5450,12885
00250602,SAINT LOUIS UNIV SCH MEDICINE           ,MO,63104-0000,Private      ,0,0,0,119,478,597
00250900,SAINT PAUL SCHOOL OF THEOLOGY           ,MO,64127-2499,Private      ,0,5,5,1,175,176
00251200,STEPHENS COLLEGE                        ,MO,65215-0001,Private      ,17,19,36,886,368,1254
00251400,NORTH CENTRAL MISSOURI COLLEGE          ,MO,64683-1824,Public       ,13,44,57,626,753,1379
00251600,UNIVERSITY OF MISSOURI-COLUMBIA         ,MO,65211-1600,Public       ,242,203,445,17175,6497,23672
00251700,MISSOURI UNIVERSITY OF SCIENCE & TECHNOL,MO,65409-0250,Public       ,42,23,65,3952,1013,4965
00251800,UNIVERSITY OF MISSOURI-KANSAS CITY      ,MO,64110-2497,Public       ,79,213,292,5455,7510,12965
00251900,UNIVERSITY OF MISSOURI-ST LOUIS         ,MO,63121-4499,Public       ,95,241,336,4894,7470,12364
00252000,WASHINGTON UNIVERSITY                   ,MO,63130-4899,Private      ,71,74,145,10178,4381,14559
00252001,WASHINGTON UNIV-SCHOOL OF MEDICINE      ,MO,63110-0000,Private      ,1,3,4,47,1096,1143
00252100,WEBSTER UNIVERSITY                      ,MO,63119-3194,Private      ,30,747,777,2980,12246,15226
00252200,WENTWORTH MILITARY ACADEMY              ,MO,64067-1799,Private      ,9,19,28,130,189,319
00252300,WESTMINSTER COLLEGE                     ,MO,65251-1299,Private      ,6,3,9,884,79,963
00252400,WILLIAM JEWELL COLLEGE                  ,MO,64068-1896,Private      ,9,12,21,1399,238,1637
00252500,WILLIAM WOODS UNIVERSITY                ,MO,65251-2388,Private      ,15,279,294,814,2244,3058
00405704,NATIONAL AMERICAN UNIVERSITY            ,MO,64057-1791,Proprietary  ,1,13,14,44,307,351
00441300,ST JOHNS HOSP SCH RAD TECH              ,MO,65802-0000,Private      ,1,0,1,32,52,84
00470300,LOGAN COLLEGE OF CHIROPRACTIC           ,MO,63006-1065,Private      ,1,13,14,79,1194,1273
00470700,COVENANT THEOLOGICAL SEMINARY           ,MO,63141-8697,Private      ,0,5,5,0,457,457
00471100,LINN STATE TECHNICAL COLLEGE            ,MO,65051-9607,Public       ,36,10,46,899,267,1166
00471300,THREE RIVERS COMMUNITY COLLEGE          ,MO,63901-2393,Public       ,55,153,208,1497,2230,3727
00528800,KIRKSVILLE AREA TECHNICAL CENTER        ,MO,63501-0000,Public       ,1,1,2,16,53,69
00528900,WAYNESVILLE TECHNICAL ACADEMY           ,MO,65583-0000,Public       ,1,2,3,23,75,98
00542400,SOUTH CENTRAL CAREER CENTER             ,MO,65775-3334,Public       ,3,13,16,20,112,132
00542600,SIKESTON CAREER AND TECHNOLOGY CTR      ,MO,63801-0000,Public       ,1,7,8,27,132,159
00542900,ROLLA TECHNICAL INSTITUTE               ,MO,65401-3601,Public       ,2,12,14,151,303,454
00543000,POPLAR BLUFF TECHNICAL CAREER CNTR      ,MO,63901-0000,Public       ,2,1,3,27,94,121
00543800,SALINE COUNTY CAREER CENTER             ,MO,65340-0000,Public       ,0,0,0,20,56,76
00544500,TRUMAN MEDICAL CENTER SCHOOL OF NURSE AN,MO,64108-2677,Private      ,1,2,3,20,57,77
00553100,GRAND RIVER TECHNICAL SCHOOL            ,MO,64601-1299,Public       ,0,0,0,47,32,79
00553200,CAPE GIRARDEAU CAREER & TECHNOLOGY CENTE,MO,63703-7511,Public       ,2,11,13,76,236,312
00638500,CHAMBERLAIN COLLEGE OF NURSING          ,MO,63139-3297,Proprietary  ,32,361,393,338,2306,2644
00638900,BARNES JEWISH COLLEGE OF NURSING AND ALL,MO,63110-1091,Private      ,7,30,37,167,552,719
00666600,LUTHERAN  SCHOOL OF NURSING             ,MO,63118-3909,Proprietary  ,0,2,2,55,270,325
00754000,MISSOURI BAPTIST UNIVERSITY             ,MO,63141-8698,Private      ,15,132,147,1087,1587,2674
00755700,ITT TECHNICAL INSTITUTE                 ,MO,63045-1122,Proprietary  ,223,454,677,1610,2849,4459
00808000,STATE FAIR COMMUNITY COLLEGE            ,MO,65301-0000,Public       ,35,128,163,1574,1832,3406
00826900,HILLYARD TECHNICAL CENTER               ,MO,64506-0000,Public       ,0,6,6,67,119,186
00855200,PATRICIA STEVENS COLLEGE                ,MO,63102-2334,Proprietary  ,8,11,19,72,126,198
00860600,TRI-COUNTY TECHNICAL SCHOOL             ,MO,65026-0000,Public       ,0,2,2,9,46,55
00886200,EAST CENTRAL COLLEGE                    ,MO,63084-0529,Public       ,46,106,152,1538,1378,2916
00908900,HANNIBAL-LAGRANGE COLLEGE               ,MO,63401-1999,Private      ,9,17,26,671,458,1129
00952000,NATIONAL ACADEMY OF BEAUTY ARTS         ,MO,63128-1307,Proprietary  ,13,45,58,181,324,505
00959000,INDEPENDENCE COLLEGE OF COSMETOLOGY     ,MO,64055-1105,Proprietary  ,5,16,21,52,93,145
00960700,HOUSE OF HEAVILIN BEAUTY COLLEGE        ,MO,64110-2826,Proprietary  ,1,16,17,16,76,92
00978200,SAINT LUKE'S COLLEGE                    ,MO,64114-3237,Private      ,1,2,3,81,123,204
00979500,MISSOURI COLLEGE                        ,MO,63144-2901,Proprietary  ,25,106,131,384,849,1233
01014814,COLORADO TECHNL UNIV NORTH KANSAS CITY  ,MO,64116-3614,Proprietary  ,11,105,116,221,958,1179
01027900,HICKEY COLLEGE                          ,MO,63146-0000,Proprietary  ,34,18,52,355,170,525
01040500,PINNACLE CAREER INSTITUTE               ,MO,64131-3367,Proprietary  ,36,322,358,178,1114,1292
01102600,WARRENSBURG AREA VOC TECH SCH           ,MO,64093-0000,Public       ,1,0,1,26,46,72
01173500,PIKE/LINCOLN TECHNICAL CENTER           ,MO,63344-0000,Public       ,0,7,7,27,53,80
01212000,ASSEMBLIES OF GOD THEO. SEMINARY        ,MO,65802-0000,Private      ,0,3,3,8,286,294
01250000,RANKEN TECHNICAL COLLEGE                ,MO,63113-2811,Private      ,22,13,35,1114,741,1855
01258000,ST LOUIS CHRISTIAN COLLEGE              ,MO,63033-6499,Private      ,5,6,11,176,199,375
01320800,BAPTIST BIBLE COLLEGE                   ,MO,65803-3498,Private      ,6,9,15,431,258,689
02056100,FOUR RIVERS CAREER CENTER               ,MO,63090-0000,Public       ,1,0,1,13,33,46
02066900,NICHOLS CAREER CENTER                   ,MO,65101-2814,Public       ,0,0,0,47,91,138
02068200,COX HEALTH - COX COLLEGE                ,MO,65802-0000,Private      ,3,16,19,152,526,678
02068202,COX HEALTH - RADIOLOGIC TECHNOLOGY      ,MO,65802-0000,Private      ,0,0,0,27,63,90
02068204,COX HEALTH - MEDICAL TECHNOLOGY         ,MO,65807-0000,Private      ,0,0,0,9,18,27
02073600,KENNETT CAREER & TECHNOLOGY CENTER      ,MO,63857-0000,Public       ,0,1,1,9,56,65
02090400,BOONSLICK TECHNICAL EDUCATION CTR       ,MO,65233-0000,Public       ,0,0,0,11,30,41
02121100,MIDWEST INSTITUTE                       ,MO,63122-0000,Proprietary  ,4,35,39,52,246,298
02124500,FRANKLIN TECHNOLOGY CENTER              ,MO,64801-0000,Public       ,4,14,18,93,300,393
02142200,LEX LA RAY TECHNICAL CENTER             ,MO,64067-0000,Public       ,0,1,1,24,41,65
02151000,HANNIBAL CAREER AND TECHNICAL CENTE     ,MO,63401-2285,Public       ,0,2,2,18,72,90
02154900,MISSOURI SCH OF BARB & HAIR             ,MO,63031-0000,Proprietary  ,0,0,0,11,28,39
02164200,FOREST INST PROFESSIONAL PSYCHOLOGY     ,MO,65807-0000,Private      ,0,7,7,2,268,270
02165900,CHILLICOTHE BEAUTY ACADEMY              ,MO,64601-0000,Proprietary  ,0,4,4,8,32,40
02180200,METRO BUSINESS COLLEGE                  ,MO,63701-0000,Proprietary  ,16,90,106,157,657,814
02188000,NORTHWEST TECHNICAL SCHOOL              ,MO,64468-0000,Public       ,0,0,0,2,3,5
02188100,NORTHLAND CAREER CENTER                 ,MO,64079-8333,Public       ,0,2,2,7,61,68
02202700,OZARK CHRISTIAN COLLEGE                 ,MO,64801-0000,Private      ,9,12,21,507,189,696
02203400,NEVADA REGIONAL TECHNICAL CENTER        ,MO,64772-0000,Public       ,2,1,3,20,66,86
02205200,SANFORD-BROWN COLLEGE                   ,MO,63026-7305,Proprietary  ,82,504,586,803,3383,4186
02205203,SANFORD BROWN COLLEGE-ST. PETERS        ,MO,63301-4042,Proprietary  ,39,156,195,278,998,1276
02205205,SANFORD BROWN COLLEGE-HAZELWOOD         ,MO,63042-2708,Proprietary  ,22,151,173,208,1069,1277
02214500,SALEM COLLEGE OF HAIRSTYLING            ,MO,65401-0000,Proprietary  ,1,8,9,7,52,59
02239200,ALLIED COLLEGE - NORTH                  ,MO,63043-0000,Proprietary  ,96,256,352,849,1642,2491
02239202,ALLIED COLLEGE - METRO SOUTH            ,MO,63026-0000,Proprietary  ,0,3,3,1,8,9
02242800,GIBSON TECHNICAL CENTER                 ,MO,65737-0169,Public       ,0,1,1,5,46,51
02250600,EVEREST COLLEGE                         ,MO,65807-2446,Proprietary  ,13,131,144,494,1750,2244
02263106,HIGH-TECH INSTITUTE - KANSAS CITY       ,MO,64114-0000,Proprietary  ,1,4,5,3,10,13
02263400,LAKE CAREER AND TECHNICAL CENTER        ,MO,65020-0000,Public       ,0,2,2,14,15,29
02266400,CENTRAL CHRISTIAN CLG OF THE BIBLE      ,MO,65270-0000,Private      ,10,8,18,333,213,546
02277500,HOUSE OF HEAVILIN OF BLUE SPRINGS       ,MO,64014-3953,Proprietary  ,11,9,20,48,78,126
02289200,COLUMBIA AREA CAREER CENTER             ,MO,65203-0000,Public       ,4,9,13,52,148,200
02295700,MISSOURI BEAUTY ACADEMY                 ,MO,63640-1827,Proprietary  ,3,6,9,24,52,76
02295701,"MISSOURI BEAUTY ACADEMY, LLC - CRYSTAL C",MO,63019-1724,Proprietary  ,0,0,0,1,1,2
02300105,EVEREST COLLEGE - EARTH CITY            ,MO,63045-1100,Proprietary  ,36,211,247,43,237,280
02304000,MISSOURI TECH                           ,MO,63132-0000,Proprietary  ,9,28,37,55,109,164
02309100,AMERICAN COLLEGE OF HAIR DESIGN         ,MO,65301-2144,Proprietary  ,1,6,7,27,41,68
02311100,ABBOTT ACADEMY OF COSMETIC ARTS/SCI     ,MO,63376-0000,Proprietary  ,1,2,3,16,27,43
02313000,CASS CAREER CENTER                      ,MO,64701-0000,Public       ,1,1,2,15,40,55
02340500,ST LOUIS COLLEGE OF HEALTH CAREERS      ,MO,63110-0000,Proprietary  ,21,90,111,88,566,654
02340501,ST LOUIS COLLEGE OF HEALTH              ,MO,63129-0000,Proprietary  ,0,0,0,6,12,18
02342100,CAREER & TECHNOLOGY CTR AT FT OSAGE     ,MO,64058-0000,Public       ,0,0,0,8,5,13
02361600,CONCORDE CAREER COLLEGE                 ,MO,64111-0000,Proprietary  ,24,169,193,147,951,1098
02497500,CLINTON TECHNICAL SCHOOL                ,MO,64735-2966,Public       ,0,0,0,4,3,7
02520800,MERRELL UNIV OF BTY ARTS & SCIENCES     ,MO,65109-0000,Proprietary  ,7,11,18,93,125,218
02530600,SAINT CHARLES COMMUNITY COLLEGE         ,MO,63376-0975,Public       ,66,124,190,2685,1969,4654
02543800,PARIS II EDUCATIONAL CENTER (THE)       ,MO,64118-0000,Proprietary  ,3,19,22,33,127,160
02555300,PATSY AND ROB'S ACADEMY OF BEAUTY       ,MO,63074-0000,Proprietary  ,9,20,29,45,123,168
02564700,ELAINE STEVEN BEAUTY COLLEGE            ,MO,63136-0000,Proprietary  ,11,31,42,61,161,222
02564701,ELAINE STEVEN BEAUTY COLLEGE - ADVANCE B,MO,63383-2006,Proprietary  ,0,0,0,1,3,4
02568500,GRABBER SCHOOL OF HAIR DESIGN           ,MO,63011-0000,Proprietary  ,5,13,18,45,63,108
02599700,VATTEROTT COLLEGE                       ,MO,63134-2900,Proprietary  ,34,218,252,224,1293,1517
02599701,VATTEROTT COLLEGE - KANSAS CITY         ,MO,64129-1692,Proprietary  ,16,134,150,241,1111,1352
02599702,VATTEROTT COLLEGE - SPRINGFIELD LOCATION,MO,65807-5340,Proprietary  ,16,105,121,120,582,702
02599703,VATTEROTT COLLEGE - JOPLIN              ,MO,64801-5033,Proprietary  ,15,68,83,90,416,506
02599705,VATTEROTT COLLEGE - SUNSET HILLS        ,MO,63127-1516,Proprietary  ,19,74,93,235,712,947
02599712,VATTEROTT COLLEGE - O'FALLON            ,MO,63366-2748,Proprietary  ,14,40,54,103,346,449
02608000,NEOSHO BEAUTY COLLEGE                   ,MO,64850-1525,Proprietary  ,1,7,8,6,27,33
02608001,NEOSHO BEAUTY COLLEGE - CLASS ACT I COSM,MO,64801-2314,Proprietary  ,1,1,2,9,26,35
02609202,VATTEROTT COLLEGE-ST JOSEPH             ,MO,64501-2911,Proprietary  ,11,58,69,107,384,491
02609203,VATTEROTT COLLEGE - L'ECOLE CULINAIRE   ,MO,63124-1103,Proprietary  ,11,52,63,199,577,776
02611001,HERITAGE COLLEGE                        ,MO,64151-0000,Proprietary  ,0,0,0,131,483,614
02611004,HERITAGE COLLEGE-KANSAS CITY            ,MO,64131-4203,Proprietary  ,40,155,195,50,174,224
03036100,AERO MECHANICS SCHOOL                   ,MO,64152-0000,Proprietary  ,0,0,0,0,2,2
03042400,LEBANON TECHNOLOGY & CAREER CENTER      ,MO,65536-3296,Public       ,1,10,11,21,101,122
03066300,BRYAN CAREER COLLEGE                    ,MO,65806-2507,Proprietary  ,4,25,29,58,228,286
03066301,BRYAN CAREER COLLEGE                    ,MO,64138-0000,Proprietary  ,0,0,0,0,2,2
03068600,NORTH COUNTY TECH SPECIAL SCH DIST      ,MO,63033-6498,Public       ,4,48,52,36,331,367
03070200,CENTRAL COLLEGE OF COSMETOLOGY          ,MO,65583-0000,Proprietary  ,2,18,20,30,92,122
03070900,SE MO HOSP CLG NURSING & HEALTH SCI     ,MO,63703-4507,Private      ,1,7,8,64,206,270
03077200,COSMETOLOGY CONCEPTS INSTITUTE          ,MO,65202-1972,Proprietary  ,3,12,15,25,52,77
03083000,OZARKS TECHNICAL COMMUNITY COLLEGE      ,MO,65802-3601,Public       ,157,264,421,4959,5504,10463
03092600,MESSENGER COLLEGE                       ,MO,64804-4909,Private      ,1,4,5,57,44,101
03097600,ST LOUIS HAIR ACADEMY                   ,MO,63107-1737,Proprietary  ,0,8,8,9,51,60
03101000,NEW DIMENSION SCHOOL OF HAIR DESIGN     ,MO,64801-5017,Proprietary  ,3,9,12,24,39,63
03106000,MISSOURI STATE UNIVERSITY - WEST PLAINS ,MO,65775-2715,Public       ,35,60,95,922,899,1821
03110900,HOUSE OF HEAVILIN BEAUTY COLLEGE        ,MO,64030-1154,Proprietary  ,3,13,16,18,55,73
03166300,MOBERLY AREA TECHNICAL CENTER           ,MO,65270-1904,Public       ,0,1,1,14,12,26
03174300,HERNDON CAREER CENTER                   ,MO,64138-2695,Public       ,0,0,0,14,8,22
03519300,MISSOURI COLLEGE OF COSMETOLOGY NORTH   ,MO,65803-1235,Proprietary  ,8,34,42,88,244,332
03528300,MIDWEST UNIVERSITY                      ,MO,63385-2905,Private      ,1,3,4,4,23,27
03579300,TEXAS COUNTY TECHNICAL INSTITUTE        ,MO,65483-2700,Private      ,1,26,27,35,293,328
03616300,AVIATION INSTITUTE OF MAINTENANCE       ,MO,64129-1811,Proprietary  ,9,45,54,69,291,360
03663400,UNIVERSITY OF COSMETOLOGY               ,MO,63080-1910,Proprietary  ,3,11,14,16,42,58
03817300,ST. CHARLES SCHOOL OF MASSAGE THERAPY   ,MO,63303-5607,Proprietary  ,0,3,3,9,29,38
03878300,PROFESSIONAL MASSAGE TRAINING CENTER    ,MO,65803-2939,Proprietary  ,2,13,15,34,75,109
03916300,ECLIPS SCHOOL OF COSMETOLOGY AND BARBERI,MO,63703-5809,Proprietary  ,3,12,15,25,55,80
03924300,HAIR ACADEMY 110 (THE)                  ,MO,63501-2915,Proprietary  ,1,3,4,13,25,38
03970400,MTTI-WELLSPRING CENTER FOR NATURAL HEALT,MO,64114-3313,Proprietary  ,6,27,33,37,172,209
04037500,ACADEMY OF HAIR DESIGN                  ,MO,65804-2303,Proprietary  ,6,15,21,28,62,90
04048300,DIVAS UNLIMITED ACADEMY                 ,MO,63114-2625,Proprietary  ,0,1,1,3,19,22
04117800,CAREER ALTERNATIVES LEARNING CENTER     ,MO,63044-4079,Proprietary  ,0,0,0,0,13,13
04133300,TREND SETTERS SCHOOL OF COSMETOLOGY     ,MO,63702-7607,Proprietary  ,5,10,15,5,10,15
00163201,AQUINAS INSTITUTE OF THEOLOGY - MINISTRY,OK,73123-0380,Private      ,0,0,0,2,4,6
00314600,WESTERN OKLAHOMA STATE COLLEGE          ,OK,73521-1397,Public       ,24,64,88,468,830,1298
00314700,BACONE COLLEGE                          ,OK,74403-1597,Private      ,31,37,68,695,669,1364
00314900,SOUTHERN NAZARENE UNIVERSITY            ,OK,73008-2694,Private      ,26,216,242,1213,1520,2733
00315000,CAMERON UNIVERSITY                      ,OK,73505-6377,Public       ,65,157,222,1646,3154,4800
00315100,OKLAHOMA WESLEYAN UNIVERSITY            ,OK,74006-6299,Private      ,6,86,92,532,838,1370
00315200,UNIV OF CENTRAL OKLAHOMA                ,OK,73034-5209,Public       ,143,209,352,7056,6004,13060
00315300,CONNORS STATE COLLEGE                   ,OK,74469-9700,Public       ,33,54,87,868,1112,1980
00315400,EAST CENTRAL UNIVERSITY                 ,OK,74820-6999,Public       ,57,89,146,2096,2473,4569
00315500,EASTERN OKLAHOMA STATE COLLEGE          ,OK,74578-4999,Public       ,20,54,74,812,1008,1820
00315600,REDLANDS COMMUNITY COLLEGE              ,OK,73036-5304,Public       ,22,86,108,604,1045,1649
00315700,LANGSTON UNIVERSITY                     ,OK,73050-0000,Public       ,72,67,139,2017,1893,3910
00315800,MURRAY STATE COLLEGE                    ,OK,73460-3137,Public       ,27,109,136,1015,1644,2659
00316000,NORTHEASTERN OKLAHOMA A & M COLLEGE     ,OK,74354-6497,Public       ,37,55,92,1264,850,2114
00316100,NORTHEASTERN STATE UNIVERSITY           ,OK,74464-2399,Public       ,68,136,204,4425,5439,9864
00316200,NORTHERN OKLAHOMA COLLEGE               ,OK,74653-0310,Public       ,54,66,120,1690,1886,3576
00316300,NORTHWESTERN OKLAHOMA STATE UNIV        ,OK,73717-2799,Public       ,25,22,47,953,833,1786
00316400,OKLAHOMA BAPTIST UNIVERSITY             ,OK,74801-2590,Private      ,14,11,25,1407,260,1667
00316500,OKLAHOMA CHRISTIAN UNIVERSITY           ,OK,73131-0000,Private      ,15,27,42,2053,590,2643
00316600,OKLAHOMA CITY UNIVERSITY                ,OK,73106-1493,Private      ,22,45,67,1779,2044,3823
00316700,UNIV OF SCIENCE & ARTS OF OKLAHOMA      ,OK,73018-5322,Public       ,14,14,28,745,526,1271
00316800,ROGERS STATE UNIVERSITY                 ,OK,74017-3252,Public       ,38,90,128,1923,2207,4130
00317000,OKLAHOMA STATE UNIVERSITY               ,OK,74078-1015,Public       ,216,194,410,12484,6384,18868
00317200,OKLAHOMA STATE UNIVERSITY-OKMULGEE      ,OK,74447-3901,Public       ,44,71,115,1315,1159,2474
00317400,OKLAHOMA PANHANDLE STATE UNIVERSITY     ,OK,73939-0000,Public       ,23,19,42,652,381,1033
00317600,CARL ALBERT STATE COLLEGE               ,OK,74953-5208,Public       ,37,91,128,1028,1821,2849
00317800,SEMINOLE STATE COLLEGE                  ,OK,74818-1902,Public       ,22,84,106,705,1085,1790
00317900,SOUTHEASTERN OKLAHOMA STATE UNIV        ,OK,74701-0609,Public       ,60,84,144,2256,1993,4249
00318000,SOUTHWESTERN CHRISTIAN UNIVERSITY       ,OK,73008-2335,Private      ,3,9,12,144,190,334
00318100,SOUTHWESTERN OKLAHOMA STATE UNIV        ,OK,73096-3098,Public       ,42,92,134,2631,1741,4372
00318101,SOUTHWESTERN OK STATE UNIV AT SAYRE     ,OK,73662-0000,Public       ,3,8,11,125,247,372
00318300,ST GREGORY'S UNIVERSITY                 ,OK,74804-2499,Private      ,3,62,65,287,493,780
00318308,SAINT GREGORY'S UNIVERSITY - IPD TULSA  ,OK,74135-2499,Private      ,0,8,8,9,149,158
00318400,UNIVERSITY OF OKLAHOMA                  ,OK,73019-4078,Public       ,197,238,435,13212,8153,21365
00318401,UNIVERSITY OF OKLAHOMA-HLTH SCI CTR     ,OK,73190-0000,Public       ,7,82,89,428,3004,3432
00318500,UNIVERSITY OF TULSA                     ,OK,74104-3189,Private      ,36,38,74,2490,1671,4161
00398500,ORAL ROBERTS UNIVERSITY                 ,OK,74171-0001,Private      ,20,54,74,2698,1454,4152
00531100,TULSA COUNTY AREA VOC TECH SCHOOL       ,OK,74145-0000,Public       ,8,39,47,143,595,738
00531200,RED RIVER TECHNOLOGY CENTER             ,OK,73533-2700,Public       ,2,8,10,21,123,144
00533900,METRO TECHNOLOGY CENTERS SCH DIST22     ,OK,73111-0000,Public       ,9,81,90,163,926,1089
00533903,METRO TECHNOLOGY CENTERS SCH DIST22     ,OK,73129-0000,Public       ,4,14,18,54,211,265
00694200,MID-AMERICA CHRISTIAN UNIVERSITY        ,OK,73170-4504,Private      ,9,77,86,427,851,1278
00767800,SPARTAN COLLEGE OF AERONAUTICS AND TECHN,OK,74115-5800,Proprietary  ,72,78,150,920,793,1713
00791100,VIRGILS BEAUTY COLLEGE                  ,OK,74401-6802,Proprietary  ,5,3,8,19,41,60
00834300,AUTRY TECHNOLOGY CENTER                 ,OK,73703-2598,Public       ,4,4,8,61,196,257
00861900,TRI COUNTY TECHNOLOGY CENTER            ,OK,74006-6029,Public       ,0,3,3,65,138,203
00918500,ROSE STATE COLLEGE                      ,OK,73110-2799,Public       ,73,283,356,1760,4235,5995
00920400,KIAMICHI AREA VOC TECH SCHOOL           ,OK,74578-0548,Public       ,23,61,84,285,997,1282
00920408,KIAMICHI AREA VOC TECH SCHOOL           ,OK,74953-0000,Public       ,0,5,5,25,93,118
00961800,TULSA WELDING SCHOOL                    ,OK,74104-0000,Proprietary  ,96,290,386,675,1157,1832
00964700,"OKLAHOMA STATE UNIV, OKLA CITY          ",OK,73107-6159,Public       ,69,230,299,1593,3903,5496
00970800,EVES COLLEGE OF HAIRSTYLING             ,OK,73501-4359,Proprietary  ,0,19,19,27,106,133
00976300,TULSA COMMUNITY COLLEGE                 ,OK,74135-6198,Public       ,163,479,642,5415,8542,13957
00996300,CADDO KIOWA VOC TECH CENTER             ,OK,73038-0000,Public       ,10,61,71,74,315,389
00996400,CENTRAL OKLAHOMA AREA VOC TECH SCH      ,OK,74030-9613,Public       ,2,15,17,47,195,242
00996500,CANADIAN VALLEY TECHNOLOGY CENTER       ,OK,73036-9117,Public       ,5,31,36,60,315,375
00996800,GORDON COOPER TECHNOLOGY CENTER         ,OK,74804-9913,Public       ,5,26,31,93,343,436
01005300,INDIAN CAPITAL TECHNOLGY CENTER #4      ,OK,74403-9907,Public       ,7,20,27,128,546,674
01026600,HILLSDALE FREE WILL BAPTIST COLLEGE     ,OK,73153-0000,Private      ,6,5,11,206,66,272
01034200,SOUTHERN OKLAHOMA TECHNOLOGY CENTER     ,OK,73401-2100,Public       ,2,16,18,79,205,284
01039100,OKLAHOMA CITY COMMUNITY COLLEGE         ,OK,73159-4444,Public       ,138,354,492,3170,5856,9026
01071700,GREAT PLAINS TECHNOLOGY CENTER SCHOOL DI,OK,73505-8399,Public       ,4,14,18,89,394,483
01076200,WESTERN OK AREA VOC TECH SCH DIST12     ,OK,73624-1469,Public       ,2,3,5,48,113,161
01120600,PIONEER TECHNOLOGY CENTER               ,OK,74601-1106,Public       ,0,9,9,16,132,148
01128200,OKLAHOMA STATE UNV CLG OSTEOPTHC MD     ,OK,74107-0000,Public       ,1,7,8,39,473,512
01153700,MID-AMERICA TECHNOLOGY CENTER           ,OK,73095-0210,Public       ,2,3,5,24,66,90
01227200,MOORE-NORMAN TECHNOLOGY CENTER          ,OK,73069-8399,Public       ,6,44,50,129,536,665
02052700,NORTHEAST TECHNOLOGY CENTER             ,OK,74361-0487,Public       ,2,21,23,84,312,396
02060800,MERIDIAN TECHNOLOGY CENTER              ,OK,74074-0000,Public       ,2,13,15,84,248,332
02126500,ENID BEAUTY COLLEGE                     ,OK,73701-0000,Proprietary  ,1,3,4,20,41,61
02177900,STATE BARBER AND HAIR DESIGN CLG        ,OK,73108-0000,Proprietary  ,4,26,30,18,76,94
02184400,SAND SPRINGS BEAUTY COLLEGE             ,OK,74063-0000,Proprietary  ,2,9,11,33,130,163
02197300,HOLLYWOOD COSMETOLOGY CENTER            ,OK,73189-0000,Proprietary  ,0,4,4,8,32,40
02222700,FRANCIS TUTTLE TECHNOLOGY CENTER        ,OK,73142-0000,Public       ,10,80,90,189,1009,1198
02238500,CENTRAL STATE BEAUTY ACADEMY            ,OK,73162-6007,Proprietary  ,2,35,37,53,190,243
02250900,E OK COUNTY AREA VO-TECH                ,OK,73020-0000,Public       ,0,6,6,16,62,78
02256200,"BROKEN ARROW BEAUTY COLLEGE, INC        ",OK,74012-0000,Proprietary  ,4,15,19,49,112,161
02282100,HIGH PLAINS AREA VOC-TECH               ,OK,73801-0000,Public       ,1,9,10,24,97,121
02306800,PLATT COLLEGE                           ,OK,74145-0000,Proprietary  ,52,341,393,299,2000,2299
02510300,BEAUTY TECHNICAL COLLEGE                ,OK,74465-0000,Proprietary  ,0,12,12,8,43,51
02531200,WOODWARD BEAUTY COLLEGE                 ,OK,73801-0000,Proprietary  ,1,6,7,11,31,42
02554300,AMERICAN BEAUTY INSTITUTE               ,OK,74501-0000,Proprietary  ,0,2,2,14,35,49
02556500,YUKON BEAUTY COLLEGE                    ,OK,73099-4108,Proprietary  ,0,7,7,8,36,44
02560200,PHILLIPS THEOLOGICAL SEMINARY -         ,OK,74116-5612,Private      ,0,3,3,1,104,105
02571500,CITY COLLEGE                            ,OK,73160-0000,Proprietary  ,0,0,0,2,8,10
02581100,CLAREMORE BEAUTY COLLEGE                ,OK,74017-7034,Proprietary  ,0,1,1,13,12,25
02581200,CC'S COSMETOLOGY COLLEGE                ,OK,74129-0000,Proprietary  ,3,44,47,30,226,256
02591101,CAREER POINT INSTITUTE                  ,OK,74146-0000,Proprietary  ,1,1,2,17,41,58
02596501,ATI-CAREER TRAINING CENTER - OKLAHOMA CI,OK,73107-2442,Proprietary  ,0,1,1,2,12,14
02597400,PONTOTOC TECHNOLOGY CENTER SCHOOL       ,OK,74820-8621,Public       ,3,21,24,55,180,235
02599706,VATTEROTT COLLEGE - TULSA               ,OK,74146-2205,Proprietary  ,0,33,33,57,274,331
02600000,NORTHWEST TECHNOLOG CTR SCH DIST 10     ,OK,73717-9600,Public       ,3,2,5,24,49,73
02600500,WES WATKINS TECHNOLOGY CENTER           ,OK,74883-9660,Public       ,3,11,14,40,184,224
02609205,VATTEROTT COLLEGE - OKLAHOMA CITY       ,OK,73127-2103,Proprietary  ,9,70,79,79,645,724
03008700,SOUTHWEST TECHNOLOGY CENTER             ,OK,73521-1527,Public       ,2,14,16,28,94,122
03010300,POTEAU BEAUTY COLLEGE                   ,OK,74953-5400,Proprietary  ,9,19,28,30,82,112
03024700,STILLWATER BEAUTY ACADEMY               ,OK,74075-3467,Proprietary  ,3,6,9,17,40,57
03030700,OKLAHOMA SCHOOL OF PHOTOGRAPHY          ,OK,73160-3320,Proprietary  ,3,2,5,23,55,78
03030800,AMERICAN BROADCASTING SCHOOL            ,OK,73115-3334,Proprietary  ,5,44,49,71,264,335
03051100,CHISHOLM TRAIL TECHNOLOGY CENTER        ,OK,73764-9720,Public       ,1,8,9,9,42,51
03078500,TECH INST OF COSMETOLOGY ARTS & SCI     ,OK,74120-3610,Proprietary  ,1,10,11,6,40,46
03089400,SCHOOL OF HAIR DESIGN                   ,OK,74745-3447,Proprietary  ,4,9,13,26,74,100
03103800,SOUTHERN SCHOOL OF BEAUTY               ,OK,74701-5008,Proprietary  ,1,9,10,26,76,102
03109800,PONCA CITY BEAUTY COLLEGE               ,OK,74601-4201,Proprietary  ,0,2,2,2,16,18
03109801,BARTLESVILLE BEAUTY COLLEGE             ,OK,74003-2835,Proprietary  ,1,5,6,3,22,25
03115100,HERITAGE COLLEGE                        ,OK,73119-0000,Proprietary  ,32,156,188,233,1017,1250
03124800,PLATT COLLEGE                           ,OK,73501-3808,Proprietary  ,5,28,33,39,180,219
03126200,GREEN COUNTRY AREA VOC TECH SCHOOL      ,OK,74447-1217,Public       ,1,8,9,24,79,103
03198400,MID-DEL AREA VOCATIONAL & TECH SCH      ,OK,73110-4825,Public       ,1,7,8,11,66,77
03329400,PRYOR BEAUTY COLLEGE                    ,OK,74361-0000,Proprietary  ,0,5,5,3,34,37
03329401,PRYOR BEAUTY COLLEGE - GROVE BEAUTY COLL,OK,74345-0009,Proprietary  ,0,2,2,4,24,28
03329402,PRYOR BEAUTY COLLEGE - NORTH EAST OKLAHO,OK,74338-0000,Proprietary  ,0,6,6,1,49,50
03367400,COMMUNITY CARE COLLEGE                  ,OK,74145-6420,Proprietary  ,46,140,186,263,1058,1321
03396300,OKLAHOMA HEALTH ACADEMY                 ,OK,74105-6220,Proprietary  ,9,29,38,53,194,247
03396400,OKLAHOMA HEALTH ACADEMY                 ,OK,73160-3667,Proprietary  ,8,55,63,59,257,316
03453400,SHAWNEE BEAUTY COLLEGE                  ,OK,74801-7014,Proprietary  ,1,7,8,11,37,48
03676300,FAMILY OF FAITH COLLEGE                 ,OK,74802-1805,Private      ,0,1,1,6,22,28
03831300,INSTITUTE OF HAIR DESIGN                ,OK,74804-0000,Proprietary  ,2,6,8,15,36,51
03928300,CENTRAL STATE MASSAGE ACADEMY           ,OK,73162-6007,Proprietary  ,3,10,13,21,77,98
04027300,4-STATES ACADEMY OF COSMETOLOGY         ,OK,74354-0000,Proprietary  ,2,4,6,9,40,49
04060300,AMERICAN INSTITUTE OF MEDICAL TECHNOLOGY,OK,74146-5201,Proprietary  ,1,7,8,22,78,100
04062300,OKLAHOMA TECHNOLOGY INSTITUTE           ,OK,73114-6318,Proprietary  ,0,17,17,13,76,89
04121300,4-STATES OKMULGEE ACADEMY OF COSMETOLOGY,OK,74447-0000,Proprietary  ,0,4,4,0,4,4
00163700,BETHANY THEOLOGICAL SEMINARY            ,IN,47374-0000,Private      ,0,1,1,1,26,27
00178400,ANCILLA COLLEGE-FINANCIAL AID OFFC      ,IN,46513-0001,Private      ,10,22,32,429,430,859
00178500,ANDERSON UNIVERSITY                     ,IN,46012-3495,Private      ,17,52,69,2551,936,3487
00178600,BALL STATE UNIVERSITY                   ,IN,47306-0880,Public       ,148,198,346,16691,7343,24034
00178700,BETHEL COLLEGE INC                      ,IN,46545-5591,Private      ,11,61,72,1442,1170,2612
00178800,BUTLER UNIVERSITY                       ,IN,46208-3487,Private      ,23,40,63,5054,1112,6166
00178900,CHRISTIAN THEOLOGICAL SEMINARY          ,IN,46208-0000,Private      ,0,4,4,0,238,238
00179200,DEPAUW UNIVERSITY                       ,IN,46135-0037,Private      ,17,0,17,2580,31,2611
00179300,EARLHAM COLLEGE                         ,IN,47374-4095,Private      ,6,2,8,1350,111,1461
00179301,EARLHAM SCHOOL OF RELIGION              ,IN,47374-0000,Private      ,0,1,1,12,54,66
00179500,UNIVERSITY OF EVANSVILLE                ,IN,47722-0002,Private      ,8,22,30,3385,461,3846
00179800,FRANKLIN COLLEGE OF INDIANA             ,IN,46131-2623,Private      ,8,5,13,1629,127,1756
00179900,GOSHEN COLLEGE                          ,IN,46526-4794,Private      ,3,17,20,984,279,1263
00180000,GRACE COLLEGE & THEO SEMINARY           ,IN,46590-1224,Private      ,4,8,12,1215,623,1838
00180100,HANOVER COLLEGE                         ,IN,47243-0108,Private      ,4,3,7,1414,44,1458
00180300,HUNTINGTON UNIVERSITY                   ,IN,46750-1299,Private      ,13,12,25,1140,223,1363
00180400,UNIVERSITY OF INDIANAPOLIS              ,IN,46227-3697,Private      ,40,103,143,4176,2538,6714
00180500,INDIANA INSTITUTE OF TECHNOLOGY         ,IN,46803-1297,Private      ,11,164,175,1266,2197,3463
00180700,INDIANA STATE UNIVERSITY                ,IN,47809-2501,Public       ,98,154,252,7851,5169,13020
00180800,UNIVERSITY OF SOUTHERN INDIANA          ,IN,47712-3596,Public       ,64,97,161,7669,2818,10487
00180900,INDIANA UNIVERSITY-BLOOMINGTON          ,IN,47405-1223,Public       ,210,219,429,24519,9271,33790
00181100,INDIANA UNIV-EAST                       ,IN,47374-1289,Public       ,23,81,104,1021,1607,2628
00181300,INDIANA UNIV-PURDUE UNIV INDPLS         ,IN,46202-5145,Public       ,208,570,778,12544,17349,29893
00181301,INDIANA UNIVERSITY - PURDUE UNIVERSITY I,IN,47203-1769,Public       ,18,40,58,970,989,1959
00181400,INDIANA UNIV KOKOMO                     ,IN,46902-3557,Public       ,20,56,76,1300,1548,2848
00181500,INDIANA UNIV-NORTHWEST                  ,IN,46408-1197,Public       ,54,153,207,2165,3570,5735
00181600,INDIANA UNIVERSITY - SOUTH BEND         ,IN,46615-0000,Public       ,55,139,194,3479,4063,7542
00181700,INDIANA UNIVERSITY-SOUTHEAST            ,IN,47150-6405,Public       ,74,124,198,2791,3201,5992
00182000,MANCHESTER COLLEGE                      ,IN,46962-1276,Private      ,11,3,14,1696,103,1799
00182100,MARIAN UNIVERSITY                       ,IN,46222-1997,Private      ,24,61,85,1473,1557,3030
00182200,INDIANA WESLEYAN UNIVERSITY             ,IN,46953-4974,Private      ,50,1588,1638,3568,11989,15557
00182300,ASSOCIATED MENNONITE BIBLICAL SEM       ,IN,46517-1999,Private      ,0,4,4,3,71,74
00182400,OAKLAND CITY UNIVERSITY                 ,IN,47660-1099,Private      ,6,28,34,671,1712,2383
00182500,PURDUE UNIVERSITY                       ,IN,47907-2050,Public       ,195,140,335,27655,6296,33951
00182600,PURDUE UNIV NORTH CENTRAL CAMPUS        ,IN,46391-9528,Public       ,30,52,82,2010,2249,4259
00182700,PURDUE UNIV CALUMET                     ,IN,46323-2094,Public       ,100,206,306,4279,4533,8812
00182800,INDIANA UNIV-PURDUE UNIV FORT WAYNE     ,IN,46805-1499,Public       ,83,226,309,6717,5978,12695
00183000,ROSE HULMAN INSTITUTE OF TECHNOLOGY     ,IN,47803-3999,Private      ,13,3,16,2663,83,2746
00183200,UNIVERSITY OF SAINT FRANCIS             ,IN,46808-3994,Private      ,11,52,63,1918,1418,3336
00183300,ST JOSEPH'S COLLEGE                     ,IN,47978-0000,Private      ,8,2,10,1214,118,1332
00183400,CALUMET COLLEGE OF SAINT JOSEPH         ,IN,46394-2195,Private      ,13,62,75,388,864,1252
00183500,SAINT MARY-OF-THE-WOODS COLLEGE         ,IN,47876-0067,Private      ,2,109,111,359,1259,1618
00183600,ST MARY'S COLLEGE                       ,IN,46556-5007,Private      ,8,2,10,1622,48,1670
00183800,TAYLOR UNIVERSITY                       ,IN,46989-1001,Private      ,12,6,18,2148,147,2295
00183801,TAYLOR UNIVERSITY - FORT WAYNE          ,IN,46807-0000,Private      ,7,9,16,520,284,804
00183900,TRINE UNIVERSITY                        ,IN,46703-1764,Private      ,16,31,47,2095,645,2740
00184000,UNIVERSITY OF NOTRE DAME                ,IN,46556-5602,Private      ,41,42,83,11188,2916,14104
00184200,VALPARAISO UNIVERSITY                   ,IN,46383-6493,Private      ,15,43,58,3975,1789,5764
00184300,VINCENNES UNIVERSITY                    ,IN,47591-1523,Public       ,77,105,182,4915,2803,7718
00184302,VINCENNES UNIV - FORT HARRISON CNTR     ,IN,46256-0000,Public       ,0,0,0,65,92,157
00184400,WABASH COLLEGE                          ,IN,47933-0352,Private      ,6,0,6,1168,38,1206
00224905,DAVENPORT UNIVERSITY-MERRILLVILLE       ,IN,46410-0000,Private      ,3,22,25,111,726,837
00420300,GOOD SAMARITAN HOSP RADIOGRAPHY PRG     ,IN,47591-0000,Public       ,0,0,0,5,12,17
00457900,INTERNATIONAL BUSINESS COLLEGE          ,IN,46804-0000,Proprietary  ,11,14,25,688,285,973
00457901,INTERNATIONAL BUSINESS COLLEGE          ,IN,46256-0000,Proprietary  ,11,4,15,439,133,572
00458300,BROWN MACKIE COLLEGE-SOUTH BEND         ,IN,46635-1776,Proprietary  ,76,399,475,637,3402,4039
00512730,BROWN MACKIE COLLEGE-MERRILLVILLE       ,IN,46410-0000,Proprietary  ,49,210,259,401,2377,2778
00625700,SAINT ELIZABETH SCHOOL OF NURSING       ,IN,47904-2198,Private      ,0,2,2,110,191,301
00726300,HOLY CROSS COLLEGE                      ,IN,46556-0308,Private      ,9,0,9,536,70,606
00727600,SAINT MEINRAD SCHOOL OF THEOLOGY        ,IN,47577-1002,Private      ,0,7,7,6,94,100
00732700,ITT TECHNICAL INSTITUTE                 ,IN,47630-7430,Proprietary  ,354,649,1003,2202,3818,6020
00732900,ITT TECHNICAL INSTITUTE                 ,IN,46268-1119,Proprietary  ,347,996,1343,2308,6149,8457
00736200,MEDTECH COLLEGE                         ,IN,46250-3970,Proprietary  ,18,182,200,105,990,1095
00736201,STUART SCHOOL OF BUSINESS ADMINISTRATION,IN,46250-2876,Proprietary  ,0,3,3,0,3,3
00793800,LINCOLN COLLEGE OF TECHNOLOGY           ,IN,46202-0000,Proprietary  ,242,144,386,2232,1091,3323
00832900,ITT TECHNICAL INSTITUTE                 ,IN,46825-2393,Proprietary  ,235,526,761,1632,2910,4542
00842300,IVY TECH COMMUNITY COLLEGE OF INDIANA - ,IN,46601-3892,Public       ,84,351,435,1754,4854,6608
00854600,NOT FOR STUDENT USE                     ,IN,46208-4700,Public       ,68,192,260,2447,4211,6658
00854700,IVY TECH COMMUNITY COLLEGE OF INDIANA - ,IN,47802-4898,Public       ,65,250,315,1690,3961,5651
00951500,J MICHAEL HARROLD BEAUTY ACADEMY        ,IN,47807-3390,Proprietary  ,2,9,11,39,36,75
00961200,"APEX SCHOOL OF BEAUTY CULTURE, INC      ",IN,46016-0000,Proprietary  ,0,2,2,6,27,33
00961300,MERRILLVILLE BEAUTY COLLEGE             ,IN,46410-3401,Proprietary  ,3,18,21,35,129,164
00967300,RUDAE'S SCHOOL OF BEAUTY CULTURE        ,IN,46825-5444,Proprietary  ,13,21,34,70,138,208
00967301,RUDAE'S SCHOOL OF BEAUTY CULTURE - FORT ,IN,46825-5444,Proprietary  ,0,1,1,21,21,42
00977700,KAPLAN COLLEGE                          ,IN,46278-1736,Proprietary  ,53,251,304,366,1278,1644
00977701,KAPLAN COLLEGE - ADDITIONAL CLASSROOM   ,IN,46278-1734,Proprietary  ,0,5,5,2,9,11
00977702,KAPLAN COLLEGE - TEMPORARY FACILITY EXPA,IN,46268-4111,Proprietary  ,0,2,2,0,7,7
00991700,IVY TECH COMMUNITY COLLEGE OF INDIANA - ,IN,46208-1763,Public       ,190,603,793,3310,7976,11286
00992300,IVY TECH COMMUNITY COLLEGE OF INDIANA - ,IN,47250-1881,Public       ,20,116,136,682,1665,2347
00992400,IVY TECH COMMUNITY COLLEGE OF INDIANA - ,IN,47302-9448,Public       ,80,297,377,2285,5069,7354
00992500,IVY TECH COMMUNITY COLLEGE OF INDIANA - ,IN,47710-3398,Public       ,56,181,237,1663,3447,5110
00992600,IVY TECH COMMUNITY COLLEGE OF INDIANA- R,IN,46805-1489,Public       ,129,439,568,2937,6137,9074
01003700,IVY TECH STATE COLLEGE - REGION 9       ,IN,47374-1220,Public       ,27,166,193,675,2370,3045
01003800,IVY TECH COMMUNITY COLLEGE OF INDIANA - ,IN,47203-1868,Public       ,39,185,224,890,2380,3270
01003900,IVY TECH COMMUNITY COLLEGE OF INDIANA - ,IN,47903-6299,Public       ,70,182,252,2144,3289,5433
01004000,IVY TECH COMMUNITY COLLEGE OF INDIANA - ,IN,46409-1303,Public       ,125,415,540,1570,4935,6505
01004100,IVY TECH STATE COLLEGE - REGION 5       ,IN,46903-1373,Public       ,39,245,284,1001,3137,4138
01010900,IVY TECH COMMUNITY COLLEGE OF INDIANA - ,IN,47172-1897,Public       ,50,144,194,908,2347,3255
01015100,VINCENNES BEAUTY COLLEGE                ,IN,47591-1297,Proprietary  ,4,0,4,26,42,68
01040900,LAFAYETTE BEAUTY ACADEMY                ,IN,47901-1149,Proprietary  ,3,7,10,25,56,81
01061800,MID-AMERICA CLG FUNERAL SERVICE         ,IN,47130-9990,Private      ,2,6,8,38,82,120
01150500,CREATIVE HAIR STYLING ACADEMY           ,IN,46322-1554,Proprietary  ,4,6,10,38,54,92
02084800,RAVENSCROFT BEAUTY COLLEGE              ,IN,46815-0000,Proprietary  ,8,31,39,54,218,272
02087600,CONCORDIA THEOLOGICAL SEMINARY          ,IN,46825-0000,Private      ,0,10,10,2,277,279
02100402,EVEREST INSTITUTE - EVEREST COLLEGE     ,IN,46410-5683,Proprietary  ,51,208,259,59,253,312
02118900,EVANSVILLE TRI STATE BEAUTY COLLEGE     ,IN,47715-0000,Proprietary  ,1,5,6,41,62,103
02140800,MARTIN UNIVERSITY                       ,IN,46218-0000,Private      ,17,139,156,114,1184,1298
02158400,HARRISON COLLEGE                        ,IN,46204-2611,Proprietary  ,46,292,338,529,2355,2884
02158401,HARRISON COLLEGE - COLUMBUS             ,IN,47203-1843,Proprietary  ,5,25,30,107,414,521
02158402,HARRISON COLLEGE - LAFAYETTE            ,IN,47905-4859,Proprietary  ,9,50,59,119,498,617
02158404,HARRISON COLLEGE - MARION               ,IN,46952-0000,Proprietary  ,6,28,34,53,227,280
02158405,HARRISON COLLEGE - TERRE HAUTE          ,IN,47802-0000,Proprietary  ,4,46,50,81,431,512
02158407,HARRISON COLLEGE - ANDERSON             ,IN,46013-0000,Proprietary  ,6,39,45,102,366,468
02158409,HARRISON COLLEGE - EVANSVILLE           ,IN,47715-3901,Proprietary  ,6,41,47,129,491,620
02158410,HARRISON COLLEGE - EAST                 ,IN,46239-8903,Proprietary  ,15,61,76,195,815,1010
02158412,HARRISON COLLEGE - FORT WAYNE           ,IN,46825-0000,Proprietary  ,11,64,75,216,737,953
02158413,HARRISON COLLEGE - NORTHWEST            ,IN,46278-0000,Proprietary  ,25,37,62,114,390,504
02158800,DON ROBERTS BEAUTY SCHOOLS              ,IN,46383-0000,Proprietary  ,0,1,1,19,28,47
02164300,DON ROBERTS SCHOOL OF HAIR DESIGN       ,IN,46375-9999,Proprietary  ,3,12,15,23,62,85
02201800,KAPLAN COLLEGE                          ,IN,46410-0000,Proprietary  ,11,91,102,133,651,784
02201802,KAPLAN COLLEGE - HAMMOND                ,IN,46324-3347,Proprietary  ,24,138,162,207,919,1126
02241700,PJ'S COLLEGE OF COSMETOLOGY             ,IN,47129-0000,Proprietary  ,3,19,22,28,138,166
02302700,J EVERETT LIGHT CAREER CENTER           ,IN,46240-0000,Public       ,2,10,12,39,195,234
02304800,PJ'S COLLEGE OF COSMETOLOGY             ,IN,47374-0000,Proprietary  ,1,1,2,15,33,48
02308900,MASTER'S OF COSMETOLOGY COLLEGE         ,IN,46809-0000,Proprietary  ,5,8,13,46,76,122
02339600,ROGER'S ACADEMY OF HAIR DESIGN          ,IN,47712-0000,Proprietary  ,4,25,29,75,145,220
02345200,EMPIRE BEAUTY SCHOOL                    ,IN,46237-0000,Proprietary  ,8,42,50,86,227,313
02347600,BALL MEMORIAL HOSPITAL SCH RAD TECH     ,IN,47303-0000,Private      ,0,0,0,22,21,43
02351300,KNOX BEAUTY COLLEGE                     ,IN,46534-0000,Proprietary  ,0,2,2,18,27,45
02490500,HAIR FASHIONS BY KAYE BEAUTY CLG        ,IN,46250-0000,Proprietary  ,0,4,4,23,53,76
02490800,HAIR FASHIONS BY KAYE BEAUTY CLG        ,IN,46060-0000,Proprietary  ,6,40,46,73,243,316
02607000,HAIR ARTS ACADEMY                       ,IN,47404-3581,Proprietary  ,2,10,12,16,47,63
02615800,COLLEGE OF COURT REPORTING              ,IN,46342-5969,Proprietary  ,4,25,29,22,295,317
02616203,BROWN MACKIE COLLEGE-FINDLAY - INDIANAPO,IN,46204-1017,Proprietary  ,7,67,74,7,67,74
03009700,HARRISON COLLEGE                        ,IN,47303-6413,Proprietary  ,12,40,52,150,475,625
03009701,HARRISON COLLEGE - MUNCIE - ELKHART     ,IN,46516-9795,Proprietary  ,8,34,42,22,104,126
03084601,THE ART INSTITUTE OF INDIANAPOLIS       ,IN,46268-1170,Proprietary  ,46,92,138,655,660,1315
03100600,MARION COMM TUCKER AREA VOC SCHOOL      ,IN,46952-3831,Public       ,1,6,7,20,70,90
03176300,AMERICAN TRANS AIR AVIATION ACADEMY     ,IN,46241-1445,Proprietary  ,4,38,42,56,268,324
03262300,DAVID DEMUTH INSTITUTE OF COSM          ,IN,47374-4101,Proprietary  ,6,4,10,26,44,70
03456700,CROSSROADS BIBLE COLLEGE                ,IN,46219-4912,Private      ,3,19,22,57,229,286
03521300,IVY TECH COMMUNITY COLLEGE OF INDIANA - ,IN,47404-9772,Public       ,80,219,299,2083,3139,5222
03538300,ALEXANDRIA SCH OF SCIENTIFIC THERAP     ,IN,46001-0287,Proprietary  ,1,2,3,30,55,85
04038700,IDEAL BEAUTY ACADEMY                    ,IN,47130-4215,Proprietary  ,2,8,10,16,47,63
04100300,SUCCESS SCHOOLS                         ,IN,46410-5310,Proprietary  ,5,18,23,19,83,102
04119700,MOLER HAIRSTYLING COLLEGE               ,IN,46406-1745,Proprietary  ,0,9,9,6,49,55
04130900,HONORS BEAUTY COLLEGE                   ,IN,46256-3317,Proprietary  ,6,29,35,8,38,46
00190100,ALLEN COUNTY COMMUNITY COLLEGE          ,KS,66749-1607,Public       ,30,55,85,836,945,1781
00190200,COWLEY COUNTY COMMUNITY COLLEGE & AREA V,KS,67005-2662,Public       ,53,160,213,1397,2070,3467
00190300,BAKER UNIVERSITY                        ,KS,66006-0065,Private      ,29,354,383,1382,2656,4038
00190400,BETHANY COLLEGE                         ,KS,67456-1897,Private      ,9,3,12,674,85,759
00190500,BETHEL COLLEGE                          ,KS,67117-0531,Private      ,3,1,4,534,152,686
00190600,BUTLER COUNTY COMMUNITY COLLEGE         ,KS,67042-3280,Public       ,106,190,296,2766,3562,6328
00190700,CENTRAL BAPTIST THEOLOGY SEMINARY       ,KS,66226-3513,Private      ,0,2,2,0,32,32
00190800,CENTRAL CHRISTIAN COLLEGE OF KANSAS     ,KS,67460-5799,Private      ,4,0,4,397,81,478
00190900,CLOUD COUNTY COMMUNITY COLLEGE          ,KS,66901-1002,Public       ,19,52,71,690,760,1450
00191000,COFFEYVILLE COMMUNITY COLLEGE           ,KS,67337-5064,Public       ,48,17,65,835,308,1143
00191100,COLBY COMMUNITY COLLEGE                 ,KS,67701-4099,Public       ,14,14,28,538,351,889
00191300,DODGE CITY COMMUNITY COLLEGE            ,KS,67801-2399,Public       ,24,40,64,563,379,942
00191400,DONNELLY COLLEGE                        ,KS,66102-4298,Private      ,12,88,100,191,552,743
00191500,FORT HAYS STATE UNIVERSITY              ,KS,67601-4099,Public       ,32,114,146,3239,3066,6305
00191600,FORT SCOTT COMMUNITY COLLEGE            ,KS,66701-3199,Public       ,43,41,84,1027,643,1670
00191700,BARCLAY COLLEGE                         ,KS,67059-0288,Private      ,0,1,1,97,40,137
00191800,FRIENDS UNIVERSITY                      ,KS,67213-3397,Private      ,12,199,211,1218,2542,3760
00191900,GARDEN CITY COMMUNITY COLLEGE           ,KS,67846-6398,Public       ,41,45,86,717,529,1246
00192000,HESSTON COLLEGE                         ,KS,67062-2093,Private      ,3,7,10,424,142,566
00192100,HIGHLAND COMMUNITY COLLEGE              ,KS,66035-4062,Public       ,30,41,71,952,718,1670
00192114,HIGHLAND COMMUNITY COLLEGE - NOTHEAST KA,KS,66002-1513,Public       ,1,5,6,101,129,230
00192300,HUTCHINSON COMMUNITY COLLEGE            ,KS,67501-5894,Public       ,52,113,165,1603,1661,3264
00192400,INDEPENDENCE COMMUNITY COLLEGE          ,KS,67301-0000,Public       ,27,23,50,493,286,779
00192500,KANSAS CITY KANSAS COMMUNITY CLG        ,KS,66112-9978,Public       ,74,198,272,1310,2886,4196
00192502,"KANSAS CITY KS AREA TECH SCHOOL, KS     ",KS,66104-0000,Public       ,14,42,56,141,372,513
00192600,PITTSBURG STATE UNIVERSITY              ,KS,66762-7500,Public       ,81,93,174,4116,2240,6356
00192700,EMPORIA STATE UNIVERSITY                ,KS,66801-5087,Public       ,44,66,110,3296,2324,5620
00192800,KANSAS STATE UNIVERSITY                 ,KS,66506-1104,Public       ,165,184,349,13698,5351,19049
00192900,KANSAS WESLEYAN UNIVERSITY              ,KS,67401-6196,Private      ,12,7,19,902,368,1270
00193000,LABETTE COMMUNITY COLLEGE               ,KS,67357-4299,Public       ,27,57,84,489,638,1127
00193100,MANHATTAN CHRISTIAN COLLEGE             ,KS,66502-4081,Private      ,9,6,15,346,135,481
00193300,MCPHERSON COLLEGE                       ,KS,67460-3899,Private      ,14,10,24,741,158,899
00193600,NEOSHO COUNTY COMMUNITY COLLEGE         ,KS,66720-2699,Public       ,20,36,56,541,677,1218
00193700,OTTAWA UNIVERSITY                       ,KS,66067-3399,Private      ,19,231,250,844,2144,2988
00193800,PRATT COMMUNITY COLLEGE                 ,KS,67124-8432,Public       ,9,26,35,553,355,908
00193900,NEWMAN UNIVERSITY                       ,KS,67213-2084,Private      ,12,31,43,808,1145,1953
00194000,SOUTHWESTERN COLLEGE                    ,KS,67156-2499,Private      ,4,58,62,717,1057,1774
00194300,UNIVERSITY OF ST MARY                   ,KS,66048-5023,Private      ,6,39,45,450,469,919
00194500,STERLING COLLEGE                        ,KS,67579-1533,Private      ,2,6,8,801,133,934
00194600,TABOR COLLEGE                           ,KS,67063-1799,Private      ,6,13,19,548,161,709
00194800,UNIVERSITY OF KANSAS                    ,KS,66045-7535,Public       ,206,202,408,13679,7393,21072
00194802,UNIVERSITY OF KANSAS MED CENTER         ,KS,66160-0000,Public       ,0,0,0,158,925,1083
00194900,WASHBURN UNIVERSITY                     ,KS,66621-1110,Public       ,64,126,190,3145,3964,7109
00195000,WICHITA STATE UNIVERSITY                ,KS,67208-0001,Public       ,119,232,351,5512,6237,11749
00460800,BARTON COUNTY COMMUNITY COLLEGE         ,KS,67530-9283,Public       ,19,97,116,694,1152,1846
00526400,FLINT HILLS TECHNICAL COLLEGE           ,KS,66801-5999,Public       ,1,13,14,171,296,467
00526500,NORTH CENTRAL KANSAS TECH COLG          ,KS,67420-0000,Public       ,3,5,8,330,185,515
00526700,NORTHWEST KANSAS TECHNICAL SCHOOL       ,KS,67735-3441,Public       ,2,2,4,197,102,299
00549800,WICHITA AREA TECHNICAL COLLEGE          ,KS,67211-2099,Public       ,15,47,62,228,830,1058
00549900,SALINA AREA TECHNICAL COLLEGE           ,KS,67401-8195,Public       ,1,3,4,162,82,244
00550000,MANHATTAN AREA TECHNICAL COLLEGE        ,KS,66503-2499,Public       ,10,14,24,286,326,612
00675500,BROWN MACKIE COLLEGE (THE)              ,KS,67401-7307,Proprietary  ,36,147,183,261,1187,1448
00703200,MID AMERICA NAZARENE UNIVERSITY         ,KS,66062-1899,Private      ,12,56,68,1021,859,1880
00817200,SOUTHWEST KANSAS TECHNICAL SCHOOL       ,KS,67905-2013,Public       ,3,2,5,83,34,117
00822800,SEWARD CO COMM CO/AREA TECHNICAL SCHOOL ,KS,67905-0000,Public       ,16,17,33,380,349,729
00824400,JOHNSON COUNTY COMMUNITY COLLEGE        ,KS,66210-1299,Public       ,136,244,380,4027,4760,8787
00833200,B-STREET DESIGN SCHOOL OF INTERNATIONAL ,KS,66502-6082,Proprietary  ,2,7,9,31,70,101
00868200,ACADEMY OF HAIR DESIGN                  ,KS,67401-2803,Proprietary  ,1,8,9,30,54,84
01025600,BENEDICTINE COLLEGE                     ,KS,66002-1499,Private      ,15,3,18,1537,156,1693
01043800,HASKELL INDIAN NATIONS UNIVERSITY       ,KS,66046-4800,Public       ,29,25,54,772,539,1311
01050300,WICHITA TECHNICAL INSTITUTE             ,KS,67213-1927,Proprietary  ,52,304,356,312,1919,2231
01068900,KAW AREA TECHNICAL SCHOOL               ,KS,66604-2199,Public       ,3,13,16,121,344,465
02090700,CLEVELAND CHIROPRACTIC COLLEGE          ,KS,66210-1613,Private      ,1,12,13,49,555,604
02134800,OLD TOWN BARBER AND BEAUTY COLLEGE      ,KS,67211-0000,Proprietary  ,2,17,19,25,102,127
02196400,CAPITOL CITY HAIR DESIGN COLLEGE        ,KS,66102-0000,Proprietary  ,8,32,40,50,203,253
02204900,AMERICAN ACADEMY OF HAIR DESIGN         ,KS,66611-0000,Proprietary  ,0,0,0,17,25,42
02257700,HAYS ACADEMY OF HAIR DESIGN             ,KS,67601-0000,Proprietary  ,6,9,15,43,52,95
02303500,AMERICAN INSTITUTE OF BAKING            ,KS,66502-0000,Private      ,0,3,3,2,10,12
02340700,LABARON HAIRDRESSING ACADEMY            ,KS,66204-0000,Proprietary  ,2,10,12,7,53,60
02590900,WRIGHT CAREER COLLEGE                   ,KS,66212-0000,Private      ,38,341,379,202,1772,1974
02599709,VATTEROTT COLLEGE - WICHITA             ,KS,67226-1304,Proprietary  ,11,53,64,67,413,480
02603100,XENON INTERNATIONAL ACADEMY             ,KS,67203-5428,Proprietary  ,15,28,43,145,168,313
02606300,PAUL MITCHELL THE SCHOOL WICHITA        ,KS,67226-2803,Proprietary  ,4,12,16,30,68,98
02611005,HERITAGE COLLEGE - WICHITA              ,KS,67210-1879,Proprietary  ,29,114,143,31,129,160
02613000,PINNACLE CAREER INSTITUTE               ,KS,66046-2703,Proprietary  ,8,32,40,83,263,346
03031300,XENON INTERNATIONAL ACADEMY IV          ,KS,66061-3765,Proprietary  ,9,17,26,27,51,78
03066200,BRYAN COLLEGE                           ,KS,66604-2496,Proprietary  ,11,40,51,55,349,404
03450300,B-STREET DESIGN SCHOOL OF INTERNATIONAL ,KS,66611-2373,Proprietary  ,5,11,16,31,103,134
03450301,B-STREET DESIGN SCHOOL OF INTERNATIONAL ,KS,67207-5148,Proprietary  ,4,12,16,38,63,101
03450302,B-STREET DESIGN SCHOOL OF INTERNATIONAL ,KS,66212-5451,Proprietary  ,9,17,26,46,85,131
03529300,SIDNEY'S HAIRDRESSING COLLEGE           ,KS,67501-7094,Proprietary  ,4,9,13,29,49,78
03862300,BMSI INSTITUTE                          ,KS,66212-3388,Proprietary  ,0,1,1,7,16,23
00203300,UNIVERSITY OF MAINE-PRESQUE ISLE        ,ME,04769-2888,Public       ,16,16,32,757,452,1209
00203500,BANGOR THEOLOGICAL SEMINARY             ,ME,04402-0411,Private      ,0,3,3,1,96,97
00203600,BATES COLLEGE                           ,ME,04240-6028,Private      ,10,0,10,2135,29,2164
00203800,BOWDOIN COLLEGE                         ,ME,04011-8451,Private      ,12,1,13,2815,34,2849
00203900,COLBY COLLEGE                           ,ME,04901-8841,Private      ,12,0,12,2347,28,2375
00204000,UNIVERSITY OF MAINE-FARMINGTON          ,ME,04938-1990,Public       ,30,8,38,2691,376,3067
00204100,UNIVERSITY OF MAINE-FORT KENT           ,ME,04743-1292,Public       ,8,15,23,503,258,761
00204300,HUSSON UNIVERSITY                       ,ME,04401-2999,Private      ,23,36,59,1965,871,2836
00204400,MAINE MARITIME ACADEMY                  ,ME,04420-0001,Public       ,3,0,3,862,116,978
00205000,UNIVERSITY OF NEW ENGLAND               ,ME,04005-9599,Private      ,13,66,79,3124,1841,4965
00205100,SAINT JOSEPH'S COLLEGE                  ,ME,04084-5263,Private      ,14,36,50,1588,429,2017
00205200,THOMAS COLLEGE                          ,ME,04901-5097,Private      ,4,5,9,847,156,1003
00205300,UNIVERSITY OF MAINE                     ,ME,04469-0001,Public       ,84,80,164,9709,2808,12517
00205400,UNIVERSITY OF SOUTHERN MAINE            ,ME,04104-0000,Public       ,57,79,136,5753,4391,10144
00205500,UNIVERSITY OF MAINE-MACHIAS             ,ME,04654-1397,Public       ,6,9,15,551,254,805
00520400,BEAL COLLEGE                            ,ME,04401-6896,Proprietary  ,10,39,49,219,525,744
00527600,CENTRAL MAINE COMMUNITY COLLEGE         ,ME,04210-6498,Public       ,22,27,49,1142,977,2119
00527700,EASTERN MAINE COMMUNITY COLLEGE         ,ME,04401-4280,Public       ,31,21,52,1321,996,2317
00552500,SOUTHERN MAINE COMMUNITY  COLLEGE       ,ME,04106-1698,Public       ,61,83,144,2325,2006,4331
00576000,NORTHERN MAINE COMMUNITY COLLEGE        ,ME,04769-2016,Public       ,12,35,47,479,481,960
00577600,MERCY HOSP SCH OF RADIOLOGIC TECH       ,ME,04101-3795,Private      ,0,0,0,9,34,43
00630501,CENTRAL MAINE MEDICAL CENTER - COLLEGE O,ME,04240-4500,Private      ,2,0,2,35,147,182
00676000,UNIVERSITY OF MAINE-AUGUSTA             ,ME,04330-9410,Public       ,31,88,119,1544,4258,5802
00685800,UNITY COLLEGE                           ,ME,04988-9502,Private      ,6,0,6,780,81,861
00903800,MR BERNARD'S SCH HAIR FASHION INC       ,ME,04243-1163,Proprietary  ,2,11,13,34,81,115
00923100,WASHINGTON COUNTY COMMUNITY COLLEGE     ,ME,04619-9704,Public       ,5,14,19,290,194,484
00929200,ANDOVER COLLEGE                         ,ME,04106-2415,Proprietary  ,27,77,104,187,743,930
00929201,ANDOVER COLLEGE -                       ,ME,04240-0000,Proprietary  ,30,133,163,192,879,1071
00945900,EMPIRE BEAUTY SCHOOL                    ,ME,04101-3348,Proprietary  ,29,57,86,223,344,567
00982600,KENNEBEC VALLEY  COMMUNITY  COLLEGE     ,ME,04937-1367,Public       ,12,24,36,600,1160,1760
01138500,COLLEGE OF THE ATLANTIC                 ,ME,04609-1105,Private      ,2,4,6,408,54,462
01167300,MAINE COLLEGE OF ART                    ,ME,04101-3987,Private      ,5,2,7,504,155,659
02104400,SPA TECH INSTITUTE                      ,ME,04102-0000,Proprietary  ,19,83,102,158,375,533
02347100,NEW ENGLAND SCHOOL OF COMMUNICATIONS    ,ME,04401-0000,Private      ,5,1,6,448,78,526
02361300,LANDING SCHOOL OF BOATBUILDING & DESIGN ,ME,04046-1490,Private      ,0,1,1,23,36,59
03122900,YORK COUNTY COMMUNITY COLLEGE           ,ME,04090-0529,Public       ,12,20,32,340,366,706
03429300,SEACOAST CAREER SCHOOLS                 ,ME,04073-0000,Proprietary  ,27,126,153,126,675,801
03612300,BIRTHWISE MIDWIFERY SCHOOL              ,ME,04009-1110,Proprietary  ,0,0,0,5,24,29
03990300,FULLER CIRCLES SCHOOL FOR MASSAGE THERAP,ME,04963-5230,Proprietary  ,0,0,0,1,3,4
00209300,ST JOHN'S COLLEGE                       ,NM,87505-4599,Private      ,6,12,18,481,204,685
00264900,COLLEGE OF SANTA FE                     ,NM,87505-7634,Private      ,10,46,56,700,769,1469
00265000,UNIVERSITY OF THE SOUTHWEST             ,NM,88240-9129,Private      ,7,26,33,296,424,720
00265100,EASTERN NEW MEXICO UNIV PORTALES        ,NM,88130-6000,Public       ,50,108,158,2399,2064,4463
00265101,EASTERN NEW MEXICO UNIV-ROSWELL CAM     ,NM,88202-0000,Public       ,47,72,119,905,1309,2214
00265300,NEW MEXICO HIGHLANDS UNIVERSITY         ,NM,87701-4436,Public       ,38,72,110,1418,1827,3245
00265400,NEW MEXICO INST OF MINING & TECH        ,NM,87801-4796,Public       ,19,10,29,924,271,1195
00265500,NEW MEXICO JUNIOR COLLEGE               ,NM,88240-9123,Public       ,24,59,83,616,775,1391
00265600,NEW MEXICO MILITARY INSTITUTE           ,NM,88201-5173,Public       ,5,1,6,260,11,271
00265700,NEW MEXICO STATE UNIVERSITY             ,NM,88003-8001,Public       ,202,281,483,9009,6923,15932
00265701,NEW MEXICO STATE UNIV-ALAMOGORDO        ,NM,88311-0000,Public       ,21,62,83,398,877,1275
00265702,NEW MEXICO STATE UNIV.-DONA ANA CLG     ,NM,88003-0000,Public       ,73,159,232,1556,2573,4129
00265703,NEW MEXICO STATE UNIV-CARLSBAD          ,NM,88220-0000,Public       ,10,44,54,266,636,902
00265704,NEW MEXICO STATE UNIV-GRANTS            ,NM,87020-0000,Public       ,11,31,42,148,336,484
00266000,SAN JUAN COLLEGE                        ,NM,87402-4699,Public       ,83,184,267,1249,2384,3633
00266300,THE UNIVERSITY OF NEW MEXICO            ,NM,87131-0001,Public       ,392,562,954,10994,12286,23280
00266301,UNIV OF NEW MEXICO - GALLUP BRANCH      ,NM,87301-5697,Public       ,16,24,40,432,797,1229
00266302,UNIV OF NEW MEXICO - VALENCIA BRANCH    ,NM,87031-0000,Public       ,20,27,47,339,561,900
00266303,UNIV OF NEW MEXICO - LOS ALAMOS         ,NM,87544-0000,Public       ,3,8,11,61,105,166
00266400,WESTERN NEW MEXICO UNIVERSITY           ,NM,88061-5417,Public       ,26,74,100,836,1429,2265
00405701,NATIONAL AMERICAN UNIVERSITY            ,NM,87110-0000,Proprietary  ,1,26,27,23,299,322
00474200,CENTRAL NEW MEXICO COMMUNITY COLLEGE    ,NM,87106-4096,Public       ,244,848,1092,4825,10405,15230
00474300,CLOVIS COMMUNITY COLLEGE                ,NM,88101-8381,Public       ,49,138,187,540,1414,1954
00996200,LUNA COMMUNITY COLLEGE                  ,NM,87701-0000,Public       ,20,27,47,315,483,798
01063200,DEWOLFF CLG HAIRSTYLING/COSMETOLOGY     ,NM,87112-4113,Proprietary  ,6,21,27,49,126,175
01300500,OLYMPIAN UNIVERSITY OF COSMETOLOGY      ,NM,88310-5051,Proprietary  ,49,149,198,355,927,1282
02083900,NORTHERN NEW MEXICO COLLEGE             ,NM,87530-0000,Public       ,29,76,105,533,940,1473
02146400,INSTITUTE OF AMERICAN INDIAN ARTS       ,NM,87508-0000,Public       ,2,9,11,139,157,296
02278100,SANTA FE COMMUNITY COLLEGE              ,NM,87507-0000,Public       ,39,79,118,575,1086,1661
02357600,CROWNPOINT INSTITUTE OF TECHNOLOGY      ,NM,87313-0000,Public       ,10,12,22,195,319,514
02491501,THE ART CENTER DESIGN COLLEGE- ALBQ     ,NM,87110-0000,Proprietary  ,3,5,8,91,81,172
02511000,SOUTHWESTERN INDIAN POLYTECH INST       ,NM,87184-0000,Public       ,23,42,65,273,356,629
02532900,BUSINESS SKILLS INSTITUTE               ,NM,88001-0000,Proprietary  ,0,0,0,7,20,27
02622000,SOUTHWEST ACUPUNCTURE COLLEGE           ,NM,87505-0000,Proprietary  ,0,8,8,3,302,305
03076100,SOUTHWESTERN COLLEGE                    ,NM,87507-0000,Private      ,0,6,6,3,158,161
03128200,KAPLAN CAREER INSTITUTE                 ,NM,87109-2072,Proprietary  ,2,9,11,78,274,352
03128201,KAPLAN CAREER INSTITUTE                 ,NM,87109-0000,Proprietary  ,0,1,1,1,5,6
03206300,MESALANDS COMMUNITY COLLEGE             ,NM,88401-3352,Public       ,15,31,46,125,235,360
03430300,UNIVERSAL THERAPEUTIC MASSAGE INSTITUTE ,NM,87107-4403,Proprietary  ,3,20,23,33,104,137
03678300,PIMA MEDICAL INSTITUTE                  ,NM,87110-4127,Proprietary  ,1,7,8,35,94,129
03944300,MASSAGE THERAPY TRAINING INSTITUTE      ,NM,88007-0000,Proprietary  ,3,4,7,24,43,67
00223400,ADRIAN COLLEGE                          ,MI,49221-2575,Private      ,14,0,14,2166,162,2328
00223500,ALBION COLLEGE                          ,MI,49224-1831,Private      ,16,4,20,2288,59,2347
00223600,ALMA COLLEGE                            ,MI,48801-1599,Private      ,10,1,11,1994,69,2063
00223700,ALPENA COMMUNITY COLLEGE                ,MI,49707-1495,Public       ,44,60,104,944,1027,1971
00223800,ANDREWS UNIVERSITY                      ,MI,49104-0750,Private      ,19,46,65,1419,1165,2584
00223900,AQUINAS COLLEGE                         ,MI,49506-1799,Private      ,12,29,41,1971,634,2605
00224000,BAY DE NOC COMMUNITY COLLEGE            ,MI,49829-2524,Public       ,37,65,102,1027,1159,2186
00224100,CALVIN COLLEGE                          ,MI,49546-4388,Private      ,19,9,28,3922,286,4208
00224200,CALVIN THEOLOGICAL SEMINARY             ,MI,49546-4387,Private      ,0,4,4,4,168,172
00224300,CENTRAL MICHIGAN UNIVERSITY             ,MI,48859-0001,Public       ,202,422,624,17559,8639,26198
00224600,CLEARY UNIVERSITY                       ,MI,48105-2659,Private      ,11,60,71,177,704,881
00224700,CONCORDIA UNIVERSITY-ANN ARBOR          ,MI,48105-2797,Private      ,4,63,67,558,657,1215
00224800,CRANBROOK ACADEMY OF ART                ,MI,48303-0000,Private      ,0,1,1,6,218,224
00224900,DAVENPORT UNIVERSITY                    ,MI,49503-0000,Private      ,110,818,928,2992,12969,15961
00225100,DELTA COLLEGE                           ,MI,48710-0001,Public       ,129,421,550,4958,6248,11206
00225400,MICHIGAN STATE UNIVERSITY COLLEGE OF LAW,MI,48824-1300,Private      ,7,13,20,302,1377,1679
00225900,EASTERN MICHIGAN UNIVERSITY             ,MI,48197-2214,Public       ,247,410,657,12901,10095,22996
00226000,FERRIS STATE UNIVERSITY                 ,MI,49307-2251,Public       ,139,143,282,10752,5202,15954
00226100,CHARLES STEWART MOTT COMMUNITY CLG      ,MI,48503-2089,Public       ,201,698,899,4253,8070,12323
00226200,KETTERING UNIVERSITY                    ,MI,48504-4898,Private      ,23,19,42,2089,279,2368
00226300,GLEN OAKS COMMUNITY COLLEGE             ,MI,49032-9784,Public       ,13,47,60,451,749,1200
00226400,GOGEBIC COMMUNITY COLLEGE               ,MI,49938-1365,Public       ,10,23,33,495,449,944
00226500,GRACE BIBLE COLLEGE                     ,MI,49509-1998,Private      ,6,1,7,188,56,244
00226600,CORNERSTONE UNIVERSITY                  ,MI,49525-5897,Private      ,16,92,108,1528,1527,3055
00226700,GRAND RAPIDS COMMUNITY COLLEGE          ,MI,49503-3295,Public       ,172,503,675,7646,7470,15116
00226800,GRAND VALLEY STATE UNIVERSITY           ,MI,49401-9403,Public       ,154,219,373,18860,6462,25322
00226900,GREAT LAKES CHRISTIAN COLLEGE           ,MI,48917-1299,Private      ,4,3,7,181,129,310
00227000,HENRY FORD COMMUNITY COLLEGE            ,MI,48128-1495,Public       ,202,495,697,6604,9657,16261
00227300,HOPE COLLEGE                            ,MI,49423-3607,Private      ,19,1,20,3627,112,3739
00227400,JACKSON COMMUNITY COLLEGE               ,MI,49201-8399,Public       ,97,290,387,2619,4201,6820
00227500,KALAMAZOO COLLEGE                       ,MI,49006-3295,Private      ,10,6,16,1649,80,1729
00227600,KELLOGG COMMUNITY COLLEGE               ,MI,49017-3397,Public       ,64,232,296,1866,3699,5565
00227700,LAKE MICHIGAN COLLEGE                   ,MI,49022-1899,Public       ,36,140,176,1209,2002,3211
00227800,LANSING COMMUNITY COLLEGE               ,MI,48933-1293,Public       ,258,616,874,6295,9536,15831
00227900,LAWRENCE TECHNOLOGICAL UNIVERSITY       ,MI,48075-1058,Private      ,34,63,97,1728,1290,3018
00228200,MADONNA UNIVERSITY                      ,MI,48150-1173,Private      ,26,99,125,1203,2454,3657
00228400,MARYGROVE COLLEGE                       ,MI,48221-2599,Private      ,20,189,209,602,2805,3407
00228800,ROCHESTER COLLEGE                       ,MI,48307-2764,Private      ,4,32,36,568,685,1253
00229000,MICHIGAN STATE UNIVERSITY               ,MI,48824-1113,Public       ,367,324,691,29800,9993,39793
00229200,MICHIGAN TECHNOLOGICAL UNIV             ,MI,49931-1295,Public       ,39,17,56,5294,819,6113
00229300,LAKE SUPERIOR STATE UNIVERSITY          ,MI,49783-1691,Public       ,21,31,52,2223,858,3081
00229400,MONROE COUNTY COMMUNITY CLG             ,MI,48161-9746,Public       ,24,115,139,1188,1555,2743
00229500,MONTCALM COMMUNITY COLLEGE              ,MI,48885-9723,Public       ,32,107,139,835,1961,2796
00229700,MUSKEGON COMMUNITY COLLEGE              ,MI,49442-1432,Public       ,49,191,240,2285,2523,4808
00229900,NORTH CENTRAL MICHIGAN COLLEGE          ,MI,49770-8740,Public       ,19,46,65,859,1393,2252
00230100,NORTHERN MICHIGAN UNIVERSITY            ,MI,49855-5316,Public       ,91,66,157,7021,2511,9532
00230200,NORTHWESTERN MICHIGAN COLLEGE           ,MI,49686-3061,Public       ,58,87,145,2244,2285,4529
00230300,OAKLAND COMMUNITY COLLEGE               ,MI,48304-2266,Public       ,7,28,35,248,401,649
00230301,OAKLAND COMMUNITY COLLEGE - ORCHARD RIDG,MI,48334-4579,Public       ,55,126,181,1488,2150,3638
00230302,OAKLAND COMMUNITY COLLEGE - ROYAL OAK CA,MI,48067-3898,Public       ,68,304,372,2275,4604,6879
00230304,OAKLAND COMMUNITY COLLEGE - AUBURN HILLS,MI,48323-2845,Public       ,64,201,265,1990,2927,4917
00230305,OAKLAND COMMUNITY COLLEGE - HIGHLAND LAK,MI,48327-4187,Public       ,44,124,168,1037,1823,2860
00230700,OAKLAND UNIVERSITY                      ,MI,48309-4401,Public       ,186,288,474,9314,6461,15775
00230800,OLIVET COLLEGE                          ,MI,49076-9902,Private      ,19,11,30,1178,254,1432
00231000,ST. CLAIR COUNTY COMMUNITY COLLEGE      ,MI,48061-0000,Public       ,64,157,221,1670,2543,4213
00231100,KUYPER COLLEGE                          ,MI,49525-9749,Private      ,3,3,6,292,98,390
00231300,SACRED HEART MAJOR SEMINARY             ,MI,48206-1799,Private      ,0,3,3,15,160,175
00231400,SAGINAW VALLEY STATE UNIV               ,MI,48710-0001,Public       ,72,144,216,7044,3407,10451
00231500,SCHOOLCRAFT COLLEGE                     ,MI,48152-2696,Public       ,117,344,461,3615,5414,9029
00231600,SIENA HEIGHTS UNIVERSITY                ,MI,49221-1796,Private      ,15,71,86,991,1376,2367
00231700,SOUTHWESTERN MICHIGAN COLLEGE           ,MI,49047-9793,Public       ,38,123,161,976,1641,2617
00231800,SPRING ARBOR UNIVERSITY                 ,MI,49283-9984,Private      ,23,226,249,1933,3403,5336
00232200,FINLANDIA UNIVERSITY                    ,MI,49930-1882,Private      ,6,5,11,544,272,816
00232300,UNIVERSITY OF DETROIT MERCY             ,MI,48221-3038,Private      ,35,129,164,2777,3437,6214
00232301,UNIVERSITY OF DETROIT MERCY- DENTAL SCH ,MI,48219-3580,Private      ,1,1,2,88,452,540
00232303,UNIV OF DETROIT MERCY - LAW SCHOOL      ,MI,48226-0000,Private      ,1,9,10,24,942,966
00232330,UNIV OF DETROIT MERCY - DENTAL SCHOOL   ,MI,48208-2576,Private      ,0,1,1,0,1,1
00232500,UNIVERSITY OF MICHIGAN - ANN ARBOR      ,MI,48109-1316,Public       ,249,209,458,22645,9632,32277
00232501,UNIVERSITY OF MICHIGAN-MEDICAL SCH      ,MI,48109-0000,Public       ,5,1,6,98,998,1096
00232503,UNIVERSITY OF MICHIGAN LAW SCHOOL       ,MI,48109-0000,Public       ,2,8,10,26,2428,2454
00232600,UNIVERSITY OF MICHIGAN-DEARBORN         ,MI,48128-2406,Public       ,95,159,254,4104,3811,7915
00232700,UNIVERSITY OF MICHIGAN-FLINT            ,MI,48502-1950,Public       ,82,215,297,2955,4591,7546
00232800,WASHTENAW COMMUNITY COLLEGE             ,MI,48106-0000,Public       ,121,429,550,3230,5775,9005
00232900,WAYNE STATE UNIVERSITY                  ,MI,48202-0000,Public       ,352,730,1082,14166,17971,32137
00232901,WAYNE STATE UNIV SCH OF MEDICINE        ,MI,48201-3359,Public       ,8,10,18,172,1436,1608
00232902,WAYNE STATE UNIVERSITY - LAW SCHOOL     ,MI,48202-3424,Public       ,3,16,19,108,1151,1259
00233000,WESTERN MICHIGAN UNIVERSITY             ,MI,49008-3899,Public       ,218,232,450,16157,6895,23052
00233100,WESTERN THEOLOGICAL SEMINARY            ,MI,49423-0000,Private      ,0,9,9,1,121,122
00407100,WALSH COLLEGE OF ACCT & BUS ADMN        ,MI,48007-7006,Private      ,7,153,160,233,1997,2230
00407200,NORTHWOOD UNIVERSITY                    ,MI,48640-2398,Private      ,23,77,100,2180,1519,3699
00467300,BAKER COLLEGE - FLINT                   ,MI,48507-5508,Private      ,122,637,759,2155,6384,8539
00467301,BAKER COLLEGE OF CADILLAC               ,MI,49601-0000,Private      ,32,168,200,469,1767,2236
00467302,BAKER COLLEGE OF CLINTON TOWNSHIP       ,MI,48035-0000,Private      ,141,376,517,2297,5237,7534
00467303,BAKER COLLEGE OF MUSKEGON               ,MI,49442-0000,Private      ,118,457,575,2637,4510,7147
00467304,BAKER COLLEGE OF OWOSSO                 ,MI,48867-0000,Private      ,73,207,280,1555,2157,3712
00467305,BAKER COLLEGE OF AUBURN HILLS           ,MI,48326-0000,Private      ,83,311,394,1194,3453,4647
00467306,BAKER COLLEGE OF PORT HURON             ,MI,48060-0000,Private      ,37,164,201,616,1571,2187
00467309,BAKER COLLEGE OF JACKSON                ,MI,49202-0000,Private      ,49,182,231,629,1889,2518
00467311,BAKER COLLEGE-CASS CITY                 ,MI,48726-0000,Private      ,9,55,64,203,481,684
00467313,BAKER COLLEGE - GRADUATE ON-LINE        ,MI,48507-0000,Private      ,26,346,372,266,4660,4926
00467317,BAKER COLLEGE-ALLEN PARK                ,MI,48101-0000,Private      ,65,207,272,854,2252,3106
00469200,DORSEY SCHOOL OF BUSINESS               ,MI,48195-2334,Proprietary  ,12,59,71,73,311,384
00469201,DORSEY SCHOOL OF BUSINESS               ,MI,48184-0000,Proprietary  ,10,63,73,60,270,330
00469202,DORSEY SCHOOL OF BUSINESS               ,MI,48071-0000,Proprietary  ,22,50,72,81,287,368
00469204,DORSEY SCHOOL OF BUSINESS               ,MI,48066-0000,Proprietary  ,35,147,182,118,654,772
00469205,DORSEY BUSINESS SCHOOL - FARMINGTON HILL,MI,48334-3385,Proprietary  ,1,18,19,1,18,19
00676800,MID MICHIGAN COMMUNITY COLLEGE          ,MI,48625-9447,Public       ,61,147,208,1915,2424,4339
00677100,COLLEGE FOR CREATIVE STUDIES            ,MI,48202-4034,Private      ,24,8,32,1301,454,1755
00694900,KALAMAZOO VALLEY COMMUNITY COLLEGE      ,MI,49003-4070,Public       ,128,280,408,4130,5018,9148
00717100,KIRTLAND COMMUNITY COLLEGE              ,MI,48653-0000,Public       ,18,88,106,849,1514,2363
00761700,CARNEGIE INSTITUTE                      ,MI,48083-1159,Proprietary  ,16,50,66,80,491,571
00795000,WEST SHORE COMMUNITY COLLEGE            ,MI,49454-0000,Public       ,15,33,48,464,732,1196
00817800,EMPIRE BEAUTY SCHOOL                    ,MI,49525-2440,Proprietary  ,50,64,114,341,372,713
00890600,MACOMB COMMUNITY COLLEGE                ,MI,48088-3896,Public       ,241,596,837,6507,8186,14693
00894600,PORT HURON COSMETOLOGY COLLEGE          ,MI,48329-1618,Proprietary  ,5,10,15,38,87,125
00923000,WAYNE COUNTY COMMUNITY CLG-DISTRICT     ,MI,48226-3095,Public       ,387,1372,1759,6595,18504,25099
00973200,VIRGINIA FARRELL BEAUTY SCHOOL          ,MI,48080-1448,Proprietary  ,6,15,21,48,95,143
00973400,VIRGINIA FARRELL BEAUTY SCHOOL          ,MI,48220-1739,Proprietary  ,9,31,40,79,258,337
00982800,EVEREST INSTITUTE                       ,MI,48033-4400,Proprietary  ,73,296,369,1103,4655,5758
00982801,EVEREST INSTITUTE- DEARBORN             ,MI,48124-1927,Proprietary  ,91,286,377,109,335,444
00982803,EVEREST INSTITUTE - DETROIT             ,MI,48207-4291,Proprietary  ,39,165,204,52,213,265
01047000,KALAMAZOO BEAUTY ACADEMY                ,MI,49002-5220,Proprietary  ,1,3,4,26,24,50
01062700,ITT TECHNICAL INSTITUTE                 ,MI,49519-0000,Proprietary  ,167,374,541,1350,2460,3810
01082700,DAVID PRESSLEY PROF SCH OF COSMTLGY     ,MI,48067-3219,Proprietary  ,26,18,44,132,113,245
01109800,FLINT INSTITUTE OF BARBERING            ,MI,48504-4395,Proprietary  ,2,9,11,20,99,119
01164600,VIRGINIA FARRELL BEAUTY SCHOOL          ,MI,48185-3091,Proprietary  ,7,22,29,47,129,176
01229100,WRIGHT BEAUTY ACADEMY                   ,MI,49015-2696,Proprietary  ,0,7,7,25,84,109
01239900,LEWIS COLLEGE OF BUSINESS               ,MI,48235-0000,Private      ,0,0,0,102,199,301
01262700,THOMAS M. COOLEY LAW SCHOOL             ,MI,48901-1586,Private      ,1,162,163,11,4789,4800
01321800,M J MURPHY BTY CLG MT PLEASANT          ,MI,48858-2502,Proprietary  ,0,9,9,48,64,112
02060300,MICHIGAN INSTITUTE OF AERONAUTICS       ,MI,48111-0000,Proprietary  ,33,88,121,354,458,812
02068700,ADRIAN BEAUTY ACADEMY                   ,MI,49221-0000,Proprietary  ,2,6,8,17,35,52
02099700,ROSS MEDICAL EDUCATION CENTER           ,MI,48532-0000,Proprietary  ,28,213,241,167,1013,1180
02100400,EVEREST INSTITUTE                       ,MI,49525-2301,Proprietary  ,45,244,289,550,2720,3270
02100401,EVEREST INSTITUTE - KALAMAZOO           ,MI,49009-3307,Proprietary  ,31,172,203,43,213,256
02100403,EVEREST INSTITUTE - SOUTHFIELD          ,MI,48076-4492,Proprietary  ,3,33,36,8,50,58
02125600,MICHIGAN COLLEGE OF BEAUTY              ,MI,48083-0000,Proprietary  ,27,41,68,183,316,499
02135000,MARQUETTE GEN HOSP SCH RAD TECH         ,MI,49855-0000,Private      ,0,0,0,18,10,28
02158600,MR BELA'S SCHOOL OF COSMETOLOGY         ,MI,48092-4637,Proprietary  ,5,11,16,26,83,109
02160303,INTERNATIONAL ACADEMY OF DESIGN AND TECH,MI,48083-2160,Proprietary  ,61,96,157,804,893,1697
02180100,ROSS MEDICAL EDUCATION CENTER           ,MI,48092-0000,Proprietary  ,13,112,125,80,444,524
02198900,MICHIGAN SCHOOL OF PROFESSIONAL PSYCHOLO,MI,48334-4512,Private      ,0,1,1,3,120,123
02209200,TAYLORTOWN SCHOOL OF BEAUTY             ,MI,48180-0000,Proprietary  ,4,10,14,31,97,128
02237800,SPECS HOWARD SCHOOL OF MEDIA ARTS       ,MI,48075-0000,Proprietary  ,31,74,105,427,464,891
02285700,BAYSHIRE BEAUTY ACADEMY                 ,MI,48708-5614,Proprietary  ,3,17,20,39,73,112
02289801,KAPLAN INSTITUTE - DETROIT CAMPUS       ,MI,48202-0000,Proprietary  ,34,208,242,215,948,1163
02324500,MICHIGAN COLLEGE OF BEAUTY              ,MI,48161-0000,Proprietary  ,10,22,32,66,122,188
02339700,ROSS MEDICAL EDUCATION CENTER           ,MI,48116-0000,Proprietary  ,23,111,134,116,503,619
02361500,MICHIGAN BARBER COLLEGE                 ,MI,48204-2244,Private      ,9,36,45,91,226,317
02363800,YESHIVA GEDOLAH OF GREATER DETROIT      ,MI,48237-0000,Private      ,2,1,3,19,3,22
02491000,WEST MI COLG OF BARBERING & BEAUTY      ,MI,49008-0000,Proprietary  ,7,15,22,31,97,128
02495800,FOCUS:HOPE                              ,MI,48238-0000,Private      ,0,10,10,93,227,320
02498300,VIRGINIA FARRELL BEAUTY SCHOOL          ,MI,48154-0000,Proprietary  ,6,25,31,62,146,208
02533600,ROSS MEDICAL EDUCATION CENTER           ,MI,48917-2108,Proprietary  ,19,116,135,119,577,696
02587900,HIGH-TECH LEARNING                      ,MI,48091-0000,Proprietary  ,0,0,0,0,1,1
02588200,DOUGLAS J AVEDA INSTITUTE               ,MI,48823-4351,Proprietary  ,27,32,59,309,269,578
02588201,DOUGLAS J AVEDA INSTITUTE - ANN ARBOR   ,MI,48104-2211,Proprietary  ,8,6,14,52,69,121
02594600,HOWELL COLLEGE OF COSMETOLOGY           ,MI,48843-8584,Proprietary  ,0,0,0,1,2,3
02595700,HILLSDALE BEAUTY COLLEGE                ,MI,49242-0000,Proprietary  ,2,3,5,33,31,64
02618400,MICHIGAN CAREER & TECHNICAL INST        ,MI,49080-9254,Public       ,22,20,42,208,119,327
03005700,DETROIT BUSINESS INST. DOWNRIVER        ,MI,48193-6761,Proprietary  ,16,48,64,92,305,397
03028500,LAWTON SCHOOL                           ,MI,48075-5406,Proprietary  ,15,55,70,68,245,313
03066600,BAY MILLS COMMUNITY COLLEGE             ,MI,49715-9750,Public       ,8,36,44,101,331,432
03075200,TWIN CITY BEAUTY COLLEGE                ,MI,49085-3305,Proprietary  ,6,35,41,66,216,282
03075201,TWIN CITY BEAUTY COLLEGE - TRAVERSE CITY,MI,49686-5119,Proprietary  ,0,0,0,11,22,33
03090000,SHARP'S ACADEMY OF HAIRSTYLING INC.     ,MI,48433-0000,Proprietary  ,1,13,14,17,57,74
03109700,HOUGHTON LAKE INST OF COSMETOLOGY       ,MI,48629-0669,Proprietary  ,0,1,1,10,17,27
03110300,THE SCHOOL OF CREATIVE HAIR DESIGN      ,MI,49036-1139,Proprietary  ,4,9,13,23,46,69
03124000,NORTHWESTERN TECHNOLOGICAL INST         ,MI,48075-2412,Proprietary  ,21,102,123,126,530,656
03135300,MICHIGAN THEOLOGICAL SEMINARY           ,MI,48170-4399,Private      ,0,8,8,6,104,110
03284300,MICHIGAN JEWISH INSTITUTE               ,MI,48237-0000,Private      ,60,13,73,352,39,391
03340300,WARREN WOODS VOCATIONAL ADULT EDUC      ,MI,48088-3699,Public       ,0,0,0,2,7,9
03474300,AVE MARIA COLLEGE                       ,MI,48197-2451,Private      ,0,0,0,2,10,12
03490300,PAUL MITCHELL THE SCHOOL ESCANABA       ,MI,49829-0000,Proprietary  ,0,1,1,9,18,27
03588300,IRENE'S MYOMASSOLOGY INSTITUTE          ,MI,48033-2404,Proprietary  ,9,78,87,64,343,407
03704300,BLUE WATER COLLEGE OF COSMETOLOGY       ,MI,48040-0000,Proprietary  ,3,6,9,25,45,70
03772300,SAGINAW CHIPPEWA TRIBAL COLLEGE         ,MI,48858-0000,Public       ,0,0,0,11,31,42
03815300,IN SESSION-ARTS OF COSMETOLOGY BEAU     ,MI,48609-0000,Proprietary  ,10,23,33,57,103,160
03907300,PAUL MITCHELL THE SCHOOL GREAT LAKES    ,MI,48060-0000,Proprietary  ,7,11,18,54,60,114
03915300,CAREER QUEST LEARNING CENTER            ,MI,48910-4732,Proprietary  ,3,91,94,25,372,397
03968300,LAKEWOOD SCHOOL OF THERAPEUTIC MASSAGE  ,MI,48060-0000,Proprietary  ,0,2,2,5,19,24
03976500,ANN ARBOR INSTITUTE OF MASSAGE THERAPY  ,MI,48103-0000,Proprietary  ,6,8,14,34,85,119
04002400,ECUMENICAL THEOLOGICAL SEMINARY         ,MI,48201-3035,Private      ,0,7,7,0,78,78
04006300,NUVO COLLEGE OF COSMETOLOGY             ,MI,49441-3822,Proprietary  ,4,8,12,17,74,91
04014300,P&A SCHOLARS BEAUTY SCHOOL              ,MI,48204-0000,Proprietary  ,13,43,56,91,171,262
04055300,CREATIVE HAIR SCHOOL OF COSMETOLOGY     ,MI,48504-1234,Proprietary  ,1,9,10,16,55,71
04094300,ROBERT B. MILLER COLLEGE (THE)          ,MI,49017-3306,Private      ,1,8,9,31,193,224
04121100,GALLERY COLLEGE OF BEAUTY (THE)         ,MI,48036-3591,Proprietary  ,6,28,34,11,37,48
00233200,ANOKA-RAMSEY CC-CAMBRIDGE/COONRAPID     ,MN,55433-3499,Public       ,99,131,230,2581,2728,5309
00233400,AUGSBURG COLLEGE                        ,MN,55454-1351,Private      ,18,114,132,2132,1904,4036
00233500,RIVERLAND COMMUNITY COLLEGE             ,MN,55912-1473,Public       ,29,96,125,956,1404,2360
00233600,BEMIDJI STATE UNIVERSITY                ,MN,56601-2699,Public       ,40,102,142,2850,1557,4407
00233700,BETHANY LUTHERAN COLLEGE INC            ,MN,56001-6163,Private      ,1,0,1,599,55,654
00233900,CENTRAL LAKES COLG-BRAINERD/STAPLES     ,MN,56401-3900,Public       ,43,95,138,1370,1445,2815
00234000,CARLETON COLLEGE                        ,MN,55057-4001,Private      ,13,0,13,2511,23,2534
00234100,COLLEGE OF ST BENEDICT                  ,MN,56374-2099,Private      ,6,0,6,1933,23,1956
00234200,ST. CATHERINE UNIVERSITY                ,MN,55105-1789,Private      ,17,89,106,2164,3127,5291
00234300,COLLEGE OF ST SCHOLASTICA               ,MN,55811-4199,Private      ,15,96,111,1994,1402,3396
00234500,UNIVERSITY OF ST THOMAS                 ,MN,55105-1096,Private      ,50,206,256,5616,3465,9081
00234600,CONCORDIA COLLEGE-MOORHEAD              ,MN,56562-0001,Private      ,10,8,18,3064,145,3209
00234700,"CONCORDIA UNIVERSITY, ST PAUL, MN       ",MN,55104-5494,Private      ,13,149,162,1080,1534,2614
00235000,VERMILION COMMUNITY COLLEGE             ,MN,55731-1996,Public       ,7,3,10,494,131,625
00235300,GUSTAVUS ADOLPHUS COLLEGE               ,MN,56082-1498,Private      ,6,2,8,3047,47,3094
00235400,HAMLINE UNIVERSITY                      ,MN,55104-1284,Private      ,12,125,137,2335,2699,5034
00235500,HIBBING COMMUNITY COLLEGE               ,MN,55746-3300,Public       ,27,57,84,636,863,1499
00235600,ITASCA COMMUNITY COLLEGE                ,MN,55744-3397,Public       ,14,53,67,688,494,1182
00235700,LUTHER SEMINARY                         ,MN,55108-0000,Private      ,0,7,7,1,429,430
00235800,MACALESTER COLLEGE                      ,MN,55105-1899,Private      ,16,1,17,2860,61,2921
00236000,"MINNESOTA STATE UNIVERSITY, MANKATO     ",MN,56002-0000,Public       ,79,135,214,9756,3409,13165
00236100,MARTIN LUTHER COLLEGE                   ,MN,56073-3965,Private      ,0,6,6,628,77,705
00236200,MINNEAPOLIS COMM AND TECH COLLEGE       ,MN,55403-1779,Public       ,132,364,496,3381,7102,10483
00236500,MINNEAPOLIS COLLEGE OF ART & DESIGN     ,MN,55404-4343,Private      ,6,2,8,878,358,1236
00236600,CROSSROADS COLLEGE                      ,MN,55902-2382,Private      ,0,3,3,124,80,204
00236700,MINNESOTA STATE UNIVERSITY MOORHEAD     ,MN,56563-0001,Public       ,55,79,134,5277,1973,7250
00236900,NORTH CENTRAL UNIVERSITY                ,MN,55404-1391,Private      ,10,13,23,1116,295,1411
00237000,NORTH HENNEPIN COMMUNITY COLLEGE        ,MN,55445-2299,Public       ,74,190,264,2114,3272,5386
00237100,NORTHWESTERN COLLEGE                    ,MN,55113-1598,Private      ,19,51,70,2283,802,3085
00237300,ROCHESTER COMMUNITY/TECH COLLEGE        ,MN,55904-4999,Public       ,43,113,156,2483,2449,4932
00237500,SOUTHWEST MINNESOTA STATE UNIVERSITY    ,MN,56258-1598,Public       ,20,28,48,1895,937,2832
00237700,ST CLOUD STATE UNIVERSITY               ,MN,56301-4498,Public       ,133,163,296,9162,3851,13013
00237900,SAINT JOHNS UNIVERSITY                  ,MN,56321-0000,Private      ,13,1,14,1745,86,1831
00238000,SAINT MARY'S UNIVERSITY                 ,MN,55987-1399,Private      ,12,165,177,1479,2680,4159
00238200,ST OLAF COLLEGE                         ,MN,55057-1098,Private      ,7,4,11,3507,61,3568
00238300,CROWN COLLEGE                           ,MN,55375-9001,Private      ,5,38,43,737,674,1411
00238500,NORTHLAND COMMUNITY & TECHNICAL CLG     ,MN,56701-2598,Public       ,39,92,131,1557,1898,3455
00238600,UNITED THEOLGCL SEMINRY TWIN CITIES     ,MN,55112-0000,Private      ,0,5,5,4,101,105
00238800,"UNIVERSITY OF MINNESOTA, DULUTH         ",MN,55812-2496,Public       ,94,46,140,8402,1801,10203
00238900,"UNIVERSITY OF MINNESOTA, MORRIS         ",MN,56267-2113,Public       ,12,5,17,1552,212,1764
00239100,WILLIAM MITCHELL COLLEGE OF LAW         ,MN,55105-0000,Private      ,0,6,6,1,1295,1296
00239300,MINNESOTA STATE COLLEGE-SE TECH         ,MN,55987-0409,Public       ,23,60,83,772,1137,1909
00239400,WINONA STATE UNIVERSITY                 ,MN,55987-5838,Public       ,67,45,112,6018,1308,7326
00396900,UNIVERSITY OF MINNESOTA-TWIN CITIES     ,MN,55455-0422,Public       ,302,515,817,23900,15524,39424
00400900,MESABI RANGE CMNTY & TECH COLLEGE       ,MN,55792-0000,Public       ,21,36,57,514,582,1096
00405708,NATIONAL AMERICAN UNIVERSITY            ,MN,55113-0000,Proprietary  ,3,13,16,28,229,257
00405715,NATIONAL AMERICAN UNIVERSITY - BLOOMINGT,MN,55425-5550,Proprietary  ,0,18,18,19,204,223
00406900,UNIVERSITY OF MINNESOTA-CROOKSTON       ,MN,56716-5001,Public       ,14,10,24,855,322,1177
00438600,VETERAN'S MEDICAL CTR- SCH RAD TECH     ,MN,55417-2399,Public       ,0,0,0,1,8,9
00464100,DUNWOODY COLLEGE OF TECHNOLOGY          ,MN,55403-1192,Private      ,46,81,127,1010,1050,2060
00464200,GLOBE UNIVERSITY                        ,MN,55125-5408,Proprietary  ,33,107,140,396,910,1306
00464500,MINNEAPOLIS BUSINESS COLLEGE            ,MN,55113-4036,Proprietary  ,3,1,4,457,103,560
00464600,MINNESOTA SCHOOL OF BUSINESS            ,MN,55423-0000,Proprietary  ,210,612,822,2479,5197,7676
00464800,RASMUSSEN COLLEGE - EAGAN               ,MN,55122-1346,Proprietary  ,23,129,152,187,841,1028
00484602,RASMUSSEN COLLEGE - MOORHEAD            ,MN,56560-4513,Proprietary  ,0,1,1,0,1,1
00525200,RIDGEWATER COLLEGE                      ,MN,56201-2098,Public       ,44,85,129,1992,1685,3677
00526300,MINNESOTA WEST CMNTY & TECH COLG        ,MN,56241-1096,Public       ,16,71,87,961,1186,2147
00553300,"SAINT PAUL COLLEGE, COMMUNITY/TECHNICAL ",MN,55102-1800,Public       ,72,199,271,1642,3657,5299
00553400,ST CLOUD TECHNICAL COLLEGE              ,MN,56303-1240,Public       ,52,69,121,2119,1489,3608
00553500,PINE TECHNICAL COLLEGE                  ,MN,55063-2198,Public       ,6,27,33,167,463,630
00553700,SOUTH CENTRAL COLLEGE                   ,MN,56003-0000,Public       ,42,75,117,1404,1452,2856
00554100,MINNESOTA STATE COMMUNITY AND TECHNICAL ,MN,56573-1405,Public       ,72,119,191,2413,2743,5156
00554400,ALEXANDRIA TECHNICAL COLLEGE            ,MN,56308-3799,Public       ,12,25,37,1295,640,1935
00575700,LAKE SUPERIOR COLLEGE                   ,MN,55811-3399,Public       ,60,116,176,1867,2114,3981
00575900,NORTHWEST TECHNICAL COLLEGE - BEMIDJI   ,MN,56601-4907,Public       ,20,57,77,457,779,1236
00677500,RAINY RIVER COMMUNITY COLLEGE           ,MN,56649-2187,Public       ,6,9,15,177,139,316
00735000,ANOKA-HENNEPIN TECHNICAL COLLEGE        ,MN,55303-1590,Public       ,30,64,94,662,1251,1913
00735100,BROWN COLLEGE                           ,MN,55120-1004,Proprietary  ,59,114,173,1291,1276,2567
00746200,COLLEGE OF VISUAL ARTS                  ,MN,55102-2199,Private      ,2,2,4,190,57,247
00795400,NORMANDALE COMMUNITY COLLEGE            ,MN,55431-4399,Public       ,118,159,277,3461,3525,6986
00826700,NORTHWEST TECHNICAL INSTITUTE           ,MN,55121-5001,Proprietary  ,3,2,5,110,34,144
00869400,RASMUSSEN COLLEGE                       ,MN,56301-3713,Proprietary  ,21,140,161,275,983,1258
00869401,RASMUSSEN COLLEGE - BROOKLYN PARK       ,MN,55445-1512,Proprietary  ,19,151,170,248,1147,1395
00905800,BETHEL UNIVERSITY                       ,MN,55112-6999,Private      ,31,115,146,2782,1678,4460
00960000,COSMETOLOGY CAREERS UNLTD-DULUTH        ,MN,55802-2031,Proprietary  ,2,6,8,36,43,79
00972200,EMPIRE BEAUTY SCHOOL                    ,MN,55119-7003,Proprietary  ,10,35,45,109,207,316
00974000,INVER HILLS COMMUNITY COLLEGE           ,MN,55076-3224,Public       ,85,133,218,1672,2200,3872
00983100,MODEL COLLEGE OF HAIR DESIGN            ,MN,56301-4280,Proprietary  ,1,5,6,78,46,124
00987000,EMPIRE BEAUTY SCHOOL                    ,MN,55420-2919,Proprietary  ,18,29,47,116,219,335
00989200,"DULUTH BUSINESS UNIV, INC.              ",MN,55807-0000,Proprietary  ,17,65,82,178,419,597
00999200,OAK HILLS CHRISTIAN COLLEGE             ,MN,56601-0000,Private      ,2,2,4,131,87,218
01024800,ART INSTITUTES INTL MINNESOTA           ,MN,55402-3137,Proprietary  ,63,88,151,1506,1029,2535
01035602,EVEREST INSTITUTE - EAGAN               ,MN,55121-1696,Proprietary  ,43,196,239,52,224,276
01037400,METROPOLITAN STATE UNIVERSITY           ,MN,55106-5000,Public       ,21,155,176,1334,4858,6192
01040200,DAKOTA COUNTY TECHNICAL COLLEGE         ,MN,55068-2999,Public       ,43,83,126,1028,1353,2381
01049000,REGENCY BEAUTY INSTITUTE                ,MN,55428-0000,Proprietary  ,253,392,645,1463,1813,3276
01049100,HENNEPIN TECHNICAL COLLEGE              ,MN,55445-2399,Public       ,52,148,200,1443,2920,4363
01054600,CENTURY COMMUNITY AND TECHNICAL CLG     ,MN,55110-1894,Public       ,191,245,436,3462,4099,7561
01101700,HERZING COLLEGE                         ,MN,55428-3548,Proprietary  ,4,14,18,147,285,432
01168600,RASMUSSEN COLLEGE - EDEN PRAIRIE        ,MN,55344-7220,Proprietary  ,16,205,221,155,1406,1561
01173200,"MAYO CLINIC, COLLEGE OF MEDICINE        ",MN,55905-0000,Private      ,3,4,7,26,259,285
01173201,MAYO SCHOOL OF HEALTH-RELATED SCIEN     ,MN,55905-0000,Private      ,0,1,1,40,130,170
01173206,MAYO GRAD SCHOOL                        ,MN,55901-0000,Private      ,0,1,1,1,25,26
01173207,MAYO MEDICAL SCHOOL                     ,MN,55901-0000,Private      ,0,2,2,4,156,160
01232800,NORTHWESTERN HEALTH SCIENCES UNIV       ,MN,55431-1599,Private      ,3,18,21,66,944,1010
02050300,ACADEMY COLLEGE                         ,MN,55420-1554,Proprietary  ,9,28,37,64,206,270
02096002,REGIONS HOSPITAL -DIETETIC INTRNSHP     ,MN,55101-0000,Private      ,0,0,0,2,0,2
02123200,AVEDA INSTITUTE                         ,MN,55414-0000,Proprietary  ,36,38,74,378,318,696
02159800,COSMETOLOGY CAREERS UNLTD - HIBBING     ,MN,55746-0000,Proprietary  ,1,2,3,21,18,39
02160901,"SALON PROFESSIONAL ACADEMY, THE - THE SA",MN,55428-4928,Proprietary  ,5,9,14,43,57,100
02238100,MINNESOTA SCHOOL OF COSMETOLOGY         ,MN,55125-0000,Proprietary  ,11,27,38,85,164,249
02260500,SUMMIT ACAD OPPORTUNITIES IND CTR       ,MN,55405-0000,Private      ,8,88,96,24,213,237
02263102,HIGH-TECH INSTITUTE - MINNEAPOLIS       ,MN,55416-2467,Proprietary  ,1,2,3,2,2,4
02284500,PILLSBURY BAPTIST BIBLE COLLEGE         ,MN,55060-0000,Private      ,4,1,5,145,33,178
02503300,RASMUSSEN COLLEGE - MANKATO             ,MN,56001-8658,Proprietary  ,12,90,102,236,805,1041
02503302,RASMUSSEN COLLEGE - MANKATO -  LAKE ELMO,MN,55042-8624,Proprietary  ,19,83,102,85,409,494
02504200,WALDEN UNIVERSITY                       ,MN,55401-2511,Proprietary  ,3,3245,3248,39,28201,28240
02514100,AMERICAN INDIAN OPPORTUNITIES CTR       ,MN,55404-0000,Private      ,0,22,22,1,106,107
02543600,INGENUE                                 ,MN,56560-0000,Proprietary  ,2,0,2,14,10,24
02551200,EAST METRO OIC                          ,MN,55104-3435,Private      ,5,33,38,30,151,181
03001200,MCNALLY SMITH COLLEGE OF MUSIC          ,MN,55101-2220,Proprietary  ,19,9,28,506,189,695
03051900,ALFRED ADLER GRADUATE SCHOOL            ,MN,55305-0000,Private      ,0,13,13,2,187,189
03096400,LEECH LAKE TRIBAL COLLEGE               ,MN,56633-0000,Public       ,7,23,30,61,291,352
03129100,FOND DU LAC TRIBAL & COMMUNITY CLG      ,MN,55720-2984,Public       ,28,55,83,450,797,1247
03267300,CAPELLA UNIVERSITY                      ,MN,55402-3389,Proprietary  ,10,2395,2405,61,29212,29273
03473400,MINNEAPOLIS SCHOOL OF MASSAGE AND B     ,MN,55418-3343,Private      ,0,0,0,4,19,23
03833300,AMERICAN ACADEMY OF ACUPUNCTURE AND ORIE,MN,55113-0000,Proprietary  ,0,6,6,1,78,79
03921400,WHITE EARTH TRIBAL AND COMMUNITY COLLEGE,MN,56557-0478,Private      ,3,17,20,18,128,146
04044300,HAZELDEN GRADUATE SCHOOL OF ADDICTION ST,MN,55012-0000,Private      ,0,4,4,0,72,72
00239600,ALCORN STATE UNIVERSITY                 ,MS,39096-7500,Public       ,90,116,206,3146,2600,5746
00239700,BELHAVEN COLLEGE                        ,MS,39202-1789,Private      ,23,218,241,1146,2821,3967
00239800,BLUE MOUNTAIN COLLEGE                   ,MS,38610-9370,Private      ,7,12,19,300,298,598
00240100,COAHOMA COMMUNITY COLLEGE               ,MS,38614-9799,Public       ,72,168,240,1152,2096,3248
00240200,COPIAH-LINCOLN COMMUNITY COLLEGE        ,MS,39191-0649,Public       ,97,121,218,1805,2047,3852
00240300,DELTA STATE UNIVERSITY                  ,MS,38733-0000,Public       ,66,105,171,2844,2899,5743
00240400,EAST CENTRAL COMMUNITY COLLEGE          ,MS,39327-0129,Public       ,52,102,154,1404,1584,2988
00240500,EAST MISSISSIPPI COMM COLLEGE           ,MS,39358-0000,Public       ,131,232,363,2052,3253,5305
00240700,HINDS COMMUNITY COLLEGE                 ,MS,39154-9799,Public       ,243,378,621,5633,7485,13118
00240800,HOLMES COMMUNITY COLLEGE                ,MS,39079-0000,Public       ,113,266,379,2499,4245,6744
00240900,ITAWAMBA COMMUNITY COLLEGE              ,MS,38843-1099,Public       ,124,313,437,2874,4532,7406
00241000,JACKSON STATE UNIVERSITY                ,MS,39217-0001,Public       ,157,255,412,7605,8040,15645
00241100,JONES COUNTY JUNIOR COLLEGE             ,MS,39437-3999,Public       ,115,144,259,2988,2407,5395
00241300,MERIDIAN COMMUNITY COLLEGE              ,MS,39307-5890,Public       ,70,125,195,1958,2251,4209
00241400,MILLSAPS COLLEGE                        ,MS,39201-0000,Private      ,12,15,27,1210,388,1598
00241500,MISSISSIPPI COLLEGE                     ,MS,39058-0001,Private      ,35,97,132,2118,2661,4779
00241501,MISSISSIPPI COLLEGE - SCHOOL OF LAW     ,MS,39201-1391,Private      ,0,7,7,24,713,737
00241502,MISSISSIPPI COLLEGE - RANKIN CAMPUS     ,MS,39042-0000,Private      ,0,2,2,0,8,8
00241600,MISSISSIPPI DELTA CMTY COLLEGE          ,MS,38761-0000,Public       ,71,159,230,1780,2244,4024
00241700,MISSISSIPPI GULF CST CLG-PERKINSTON     ,MS,39573-0000,Public       ,46,39,85,1121,648,1769
00241701,MISSISSIPPI GULF CST CLG-JEFF DAVIS     ,MS,39507-0000,Public       ,73,112,185,1214,2191,3405
00241702,MISSISSIPPI GULF CST CLG-JACKSON CN     ,MS,39553-0000,Public       ,55,137,192,1264,1794,3058
00242200,MISSISSIPPI UNIV FOR WOMEN              ,MS,39701-5818,Public       ,32,48,80,1436,1621,3057
00242300,MISSISSIPPI STATE UNIVERSITY            ,MS,39762-9698,Public       ,189,200,389,9610,5559,15169
00242400,MISSISSIPPI VALLEY STATE UNIVERSITY     ,MS,38941-1400,Public       ,69,159,228,2767,3518,6285
00242600,NORTHEAST MS CMNTY COLLEGE              ,MS,38829-1731,Public       ,69,87,156,2165,1835,4000
00242700,NORTHWEST MISSISSIPPI COMMUNITY CLG     ,MS,38668-1703,Public       ,127,189,316,3941,3783,7724
00243000,PEARL RIVER COMMUNITY COLLEGE           ,MS,39470-2201,Public       ,124,145,269,2361,2797,5158
00243300,RUST COLLEGE                            ,MS,38635-2328,Private      ,21,10,31,1097,382,1479
00243500,SOUTHEASTERN BAPTIST COLLEGE            ,MS,39440-0000,Private      ,0,3,3,30,64,94
00243600,SOUTHWEST MISSISSIPPI CMNTY CLG         ,MS,39666-8099,Public       ,21,32,53,1139,1169,2308
00243900,TOUGALOO COLLEGE                        ,MS,39174-9799,Private      ,31,29,60,1310,450,1760
00244000,UNIVERSITY OF MISSISSIPPI               ,MS,38677-1848,Public       ,163,179,342,8257,5084,13341
00244001,UNIVERSITY OF MISSISSIPPI - MED CTR     ,MS,39216-0000,Public       ,8,21,29,378,1404,1782
00244100,UNIVERSITY OF SOUTHERN MISSISSIPPI      ,MS,39406-0001,Public       ,249,329,578,9106,7779,16885
00244700,WILLIAM CAREY UNIVERSITY                ,MS,39401-5499,Private      ,53,169,222,1141,2519,3660
01146100,WESLEY COLLEGE                          ,MS,39073-1070,Private      ,1,2,3,57,69,126
01289101,ANTONELLI COLLEGE - JACKSON             ,MS,39208-4526,Proprietary  ,29,99,128,59,199,258
01289102,ANTONELLI COLLEGE - HATTIESBURG         ,MS,39401-3056,Proprietary  ,29,117,146,58,174,232
02074900,CHRIS' BEAUTY COLLEGE                   ,MS,39501-0000,Proprietary  ,4,13,17,31,99,130
02160500,NORTH MISSISSIPPI MED CTR MED TECH      ,MS,38801-0000,Private      ,1,2,3,11,36,47
02235900,ACADEMY OF HAIR DESIGN #4               ,MS,39208-0000,Proprietary  ,2,15,17,30,90,120
02244300,ACADEMY OF HAIR DESIGN #1               ,MS,38901-0000,Proprietary  ,12,45,57,67,244,311
02249900,DELTA BEAUTY COLLEGE                    ,MS,38701-0000,Proprietary  ,3,9,12,29,96,125
02251600,ACADEMY OF HAIR DESIGN #6               ,MS,39401-7581,Proprietary  ,1,13,14,37,111,148
02251700,FOSTER'S COSMETOLOGY COLLEGE            ,MS,38663-0000,Proprietary  ,1,9,10,13,46,59
02302800,MISSISSIPPI COLLEGE OF BEAUTY CULT      ,MS,39440-0000,Proprietary  ,6,16,22,30,70,100
02320800,MAGNOLIA COLLEGE OF COSMETOLOGY         ,MS,39206-0000,Proprietary  ,9,36,45,62,192,254
02361200,MAGNOLIA BIBLE COLLEGE                  ,MS,39090-0000,Private      ,0,1,1,11,30,41
02490200,"ICS, THE WRIGHT BEAUTY COLLEGE          ",MS,38834-0000,Proprietary  ,1,4,5,7,27,34
02502100,CREATIONS COLLEGE OF COSMETOLOGY        ,MS,38803-0000,Proprietary  ,1,14,15,27,87,114
02516200,WESLEY BIBLICAL SEMINARY                ,MS,39206-0000,Private      ,0,5,5,2,103,105
02554600,GIBSON'S BARBER AND BEAUTY COLLEGE      ,MS,39773-0000,Proprietary  ,3,7,10,27,67,94
02586000,J & J HAIR DESIGN COLLEGE               ,MS,39051-3716,Proprietary  ,5,24,29,29,159,188
03004000,FINAL TOUCH BEAUTY SCHOOL               ,MS,39307-2934,Proprietary  ,1,15,16,20,77,97
03010401,CRESCENT CITY BARTENDING SCHOOL         ,MS,39501-0000,Proprietary  ,1,1,2,3,24,27
03010404,CRESCENT CITY SCHOOL OF GAMING & BARTEND,MS,38664-1903,Proprietary  ,1,1,2,2,3,5
03010603,VIRGINIA COLLEGE - JACKSON              ,MS,39206-5602,Proprietary  ,2,14,16,34,196,230
03010610,VIRGINIA COLLEGE - BILOXI               ,MS,39532-2124,Proprietary  ,2,5,7,12,102,114
03263300,TRAXLER'S SCHOOL OF HAIR                ,MS,39212-2529,Proprietary  ,2,6,8,16,74,90
03464300,ACADEMY OF HAIR DESIGN                  ,MS,39562-0000,Proprietary  ,1,8,9,9,69,78
03525300,BLUE CLIFF COLLEGE                      ,MS,39507-0000,Proprietary  ,15,38,53,70,241,311
03848300,DAY SPA CAREER COLLEGE                  ,MS,39564-0000,Proprietary  ,2,12,14,26,70,96
03963300,HEALING TOUCH SCHOOL OF MASSAGE THERAPY ,MS,39402-1300,Proprietary  ,0,12,12,15,56,71
04131300,CORINTH ACADEMY OF COSMETOLOGY          ,MS,38834-4813,Proprietary  ,4,6,10,4,6,10
00252600,CARROLL COLLEGE                         ,MT,59625-0002,Private      ,10,8,18,1474,203,1677
00252700,UNIVERSITY OF GREAT FALLS               ,MT,59405-4996,Private      ,6,17,23,441,506,947
00252800,MILES COMMUNITY COLLEGE                 ,MT,59301-4799,Public       ,11,17,28,274,247,521
00252900,DAWSON COMMUNITY COLLEGE                ,MT,59330-1405,Public       ,6,2,8,208,111,319
00253000,MONTANA STATE UNIVERSITY - BILLINGS     ,MT,59101-0298,Public       ,50,138,188,2423,2992,5415
00253100,MONTANA TECH OF THE UNIV OF MONTANA     ,MT,59701-8997,Public       ,25,24,49,1296,958,2254
00253200,MONTANA STATE UNIVERSITY - BOZEMAN      ,MT,59717-0001,Public       ,132,138,270,7604,3410,11014
00253300,MONTANA STATE UNIVERSITY-NORTHERN       ,MT,59501-3148,Public       ,20,53,73,700,809,1509
00253400,ROCKY MOUNTAIN COLLEGE                  ,MT,59102-1796,Private      ,11,7,18,810,346,1156
00253600,UNIVERSITY OF MONTANA (THE)             ,MT,59812-0001,Public       ,151,179,330,7234,6151,13385
00253700,UNIVERSITY OF MONTANA WESTERN (THE)     ,MT,59725-3598,Public       ,21,15,36,935,442,1377
00442500,BENEFIS HEALTHCARE SCH RAD TECH         ,MT,59405-4324,Private      ,0,0,0,9,5,14
00677700,FLATHEAD VALLEY COMMUNITY COLLEGE       ,MT,59901-2699,Public       ,39,79,118,521,722,1243
00757000,HELENA COLLEGE OF TECHNOLOGY            ,MT,59601-3098,Public       ,11,39,50,368,596,964
00790000,BUTTE ACADEMY OF BEAUTY CULTURE         ,MT,59701-9197,Proprietary  ,2,6,8,24,24,48
00894700,"DAHL'S COLLEGE OF BEAUTY,INC            ",MT,59401-3731,Proprietary  ,0,4,4,13,32,45
00931400,MSU COLLEGE OF TECH-GREAT FALLS         ,MT,59405-4907,Public       ,18,64,82,501,1178,1679
00946800,COLLEGE OF COIFFURE ART LTD             ,MT,59102-5333,Proprietary  ,0,0,0,14,15,29
02143400,SALISH KOOTENAI COLLEGE                 ,MT,59855-0000,Public       ,14,63,77,247,754,1001
02286600,LITTLE BIG HORN COLLEGE                 ,MT,59022-0000,Public       ,9,48,57,100,202,302
02343000,FT PECK COMMUNITY COLLEGE               ,MT,59255-0000,Public       ,14,43,57,73,277,350
02510600,BLACKFEET COMMUNITY COLLEGE             ,MT,59417-0000,Private      ,32,74,106,164,466,630
02517500,FORT BELKNAP COLLEGE                    ,MT,59526-0000,Public       ,5,25,30,63,129,192
02545200,CHIEF DULL KNIFE COLLEGE                ,MT,59043-0098,Public       ,9,29,38,66,152,218
02610900,STONE CHILD COLLEGE                     ,MT,59521-9796,Public       ,17,67,84,78,231,309
02621300,ACADEMY OF COSMETOLOGY                  ,MT,59715-3544,Proprietary  ,2,1,3,29,23,52
03205300,MODERN BEAUTY SCHOOL                    ,MT,59801-8386,Proprietary  ,0,1,1,32,34,66
03763400,"ACADEMY OF NAIL, SKIN & HAIR            ",MT,59101-0000,Proprietary  ,3,7,10,70,70,140
03778300,HEALTH WORKS INSTITUTE                  ,MT,59715-0000,Proprietary  ,2,1,3,22,32,54
00253900,CHADRON STATE COLLEGE                   ,NE,69337-2690,Public       ,15,39,54,1468,826,2294
00254000,COLLEGE OF ST MARY                      ,NE,68106-2606,Private      ,3,33,36,413,938,1351
00254100,CONCORDIA UNIVERSITY                    ,NE,68434-1594,Private      ,5,13,18,1266,186,1452
00254200,CREIGHTON UNIVERSITY                    ,NE,68178-0001,Private      ,37,31,68,4306,4002,8308
00254300,DANA COLLEGE                            ,NE,68008-9905,Private      ,4,5,9,891,74,965
00254400,DOANE COLLEGE                           ,NE,68333-2421,Private      ,17,70,87,1313,840,2153
00254700,GRACE UNIVERSITY                        ,NE,68108-3629,Private      ,6,10,16,299,216,515
00254800,HASTINGS COLLEGE                        ,NE,68901-7621,Private      ,13,2,15,1528,129,1657
00255100,UNIVERSITY OF NEBRASKA AT KEARNEY       ,NE,68849-0001,Public       ,47,58,105,3928,1429,5357
00255300,MIDLAND LUTHERAN COLLEGE                ,NE,68025-4254,Private      ,11,9,20,953,176,1129
00255400,UNIVERSITY OF NEBRASKA-OMAHA            ,NE,68182-0001,Public       ,120,181,301,7115,5003,12118
00255500,NEBRASKA WESLEYAN UNIVERSITY            ,NE,68504-2796,Private      ,13,25,38,1915,444,2359
00255700,MID-PLAINS COMM COLLEGE - NORTH PLATTE  ,NE,69101-9420,Public       ,18,57,75,406,514,920
00255701,MID-PLAINS COMMUNITY COLLEGE - MCCOOK   ,NE,69001-2631,Public       ,8,12,20,232,149,381
00255900,PERU STATE COLLEGE                      ,NE,68421-0010,Public       ,7,65,72,868,901,1769
00256000,WESTERN NEBRASKA COMMUNITY COLLEGE      ,NE,69361-1815,Public       ,17,72,89,634,761,1395
00256300,UNION COLLEGE                           ,NE,68506-4387,Private      ,8,3,11,727,266,993
00256500,UNIVERSITY OF NEBRASKA-LINCOLN          ,NE,68588-0419,Public       ,128,133,261,13422,4576,17998
00256596,UNIVERSITY OF NEBRASKA - CURTIS         ,NE,69025-9522,Public       ,5,0,5,229,26,255
00256600,WAYNE STATE COLLEGE                     ,NE,68787-1172,Public       ,21,22,43,2476,815,3291
00256700,YORK COLLEGE                            ,NE,68467-2699,Private      ,3,3,6,432,84,516
00443100,MARY LANNING MEM HOSP SCH RAD TECH      ,NE,68901-4497,Private      ,0,0,0,11,6,17
00443600,REGNL WST MEDCL CTR SCHL RAD            ,NE,69361-0000,Private      ,0,0,0,11,11,22
00458608,KAPLAN UNIVERSITY - OMAHA               ,NE,68134-1002,Proprietary  ,34,163,197,212,1135,1347
00458609,KAPLAN UNIVERSITY - LINCOLN             ,NE,68508-2668,Proprietary  ,30,135,165,213,838,1051
00639900,BRYANLGH COLLEGE OF HEALTH SCIENCES     ,NE,68506-1398,Private      ,1,6,7,243,216,459
00640400,NEBR METHODIST CLG OF NURS ALLD HLTH    ,NE,68114-2852,Private      ,6,11,17,383,468,851
00689500,UNIVERSITY OF NEBRASKA-MED CTR          ,NE,68198-4265,Public       ,5,21,26,538,1984,2522
00750100,VATTEROTT COLLEGE                       ,NE,68137-1237,Proprietary  ,21,116,137,228,977,1205
00849200,ALEGENT HEALTH SCHOOLS                  ,NE,68114-2767,Private      ,0,0,0,39,69,108
00952300,BAHNER COLLEGE OF HAIRSTYLING           ,NE,68025-3297,Proprietary  ,4,2,6,61,27,88
00961700,CAPITOL BEAUTY SCHOOL                   ,NE,68144-3873,Proprietary  ,10,11,21,109,78,187
00974300,BELLEVUE UNIVERSITY                     ,NE,68005-0000,Private      ,43,785,828,722,5849,6571
00986200,CLARKSON COLLEGE                        ,NE,68131-2739,Private      ,4,20,24,436,565,1001
01151900,JOSEPH'S COLLEGE OF BEAUTY/ALL CAMPUSES ,NE,68510-2226,Proprietary  ,11,32,43,201,316,517
01166700,NORTHEAST COMMUNITY COLLEGE             ,NE,68702-0000,Public       ,30,49,79,1460,1002,2462
01258600,METROPOLITAN COMMUNITY COLLEGE          ,NE,68103-0000,Public       ,148,519,667,3201,6873,10074
01297600,NEBRASKA CHRISTIAN COLLEGE              ,NE,68046-4256,Private      ,1,2,3,154,34,188
02079700,COLLEGE OF HAIR DESIGN                  ,NE,68508-0000,Proprietary  ,11,14,25,151,141,292
02099500,CENTRAL COMMUNITY COLLEGE- GI           ,NE,68801-0000,Public       ,24,77,101,518,1002,1520
02099501,CENTRAL COMMUNITY COLLEGE - HASTINGS    ,NE,68902-0000,Public       ,20,41,61,827,554,1381
02099502,CENTRAL COMMUNITY COLLEGE - COLUMBUS    ,NE,68602-0000,Public       ,11,23,34,397,406,803
02508300,SOUTHEAST COMM. COLLEGE-ALL CAMPUSES    ,NE,68520-0000,Public       ,149,276,425,4309,3891,8200
02550800,NEBRASKA INDIAN COMMUNITY COLLEGE       ,NE,68039-0000,Public       ,4,41,45,16,112,128
02610500,XENON INTERNATIONAL ACADEMY II          ,NE,68127-3522,Proprietary  ,17,20,37,216,132,348
03023300,VATTEROTT COLLEGE                       ,NE,68137-1237,Proprietary  ,0,0,0,4,9,13
03127300,OMAHA SCHOOL OF MASSAGE THERAPY         ,NE,68127-5002,Proprietary  ,6,16,22,65,101,166
03164300,THE CREATIVE CENTER                     ,NE,68164-2911,Proprietary  ,2,1,3,125,26,151
03279300,MYOTHERAPY INSTITUTE                    ,NE,68516-3641,Proprietary  ,1,0,1,38,38,76
03323300,LITTLE PRIEST TRIBAL COLLEGE            ,NE,68071-0000,Private      ,9,16,25,22,99,121
03821400,UNIVERSAL COLLEGE OF HEALING ARTS       ,NE,68112-1810,Proprietary  ,2,7,9,11,41,52
00256800,UNIVERSITY OF NEVADA RENO               ,NV,89557-0002,Public       ,177,149,326,5902,3489,9391
00256900,UNIVERSITY OF NEVADA-LAS VEGAS          ,NV,89154-1001,Public       ,314,449,763,9183,10375,19558
00697700,GREAT BASIN COLLEGE                     ,NV,89801-3348,Public       ,20,67,87,410,782,1192
00736700,MARINELLO SCHOOLS OF BEAUTY             ,NV,89110-3563,Proprietary  ,22,70,92,116,340,456
00737100,MARINELLO SCHOOL OF BEAUTY              ,NV,89502-5982,Proprietary  ,12,22,34,32,78,110
00919200,SIERRA NEVADA COLLEGE                   ,NV,89451-0000,Private      ,7,71,78,216,455,671
01036200,COLLEGE OF SOUTHERN NEVADA              ,NV,89146-1139,Public       ,288,650,938,4532,9605,14137
01036300,WESTERN NEVADA COLLEGE                  ,NV,89703-0000,Public       ,37,110,147,571,1307,1878
01323200,ACADEMY OF HAIR DESIGN                  ,NV,89102-0000,Proprietary  ,13,29,42,112,184,296
02097100,SOUTHERN NEVADA UNIV OF COSMETOLOGY     ,NV,89121-0000,Proprietary  ,0,0,0,5,8,13
02107700,TRUCKEE MEADOWS COMMUNITY CLG           ,NV,89512-0000,Public       ,110,238,348,1799,3209,5008
02237500,EVEREST COLLEGE                         ,NV,89103-0000,Proprietary  ,57,119,176,325,821,1146
02338509,NEVADA CAREER INSTITUTE                 ,NV,89121-0000,Proprietary  ,3,4,7,83,338,421
02361001,ITT TECHNICAL INSTITUTE                 ,NV,89014-0000,Proprietary  ,92,154,246,410,822,1232
02616703,SCOTTSDALE CULINARY INSTITUTE - LE CORDO,NV,89144-7047,Proprietary  ,2,14,16,81,164,245
02621500,CAREER COLLEGE OF NORTHERN NEVADA       ,NV,89434-7905,Proprietary  ,31,88,119,119,467,586
03030603,UTAH CLG OF MASSAGE THERAPY-NSMT        ,NV,89123-0000,Proprietary  ,32,77,109,157,433,590
03031405,INTERNATIONAL ACADEMY OF DESIGN AND TECH,NV,89074-7750,Proprietary  ,36,56,92,196,284,480
03043200,KAPLAN COLLEGE                          ,NV,89102-8618,Proprietary  ,27,117,144,176,606,782
03076404,HIGH-TECH INSTITUTE - LAS VEGAS         ,NV,89102-4514,Proprietary  ,5,3,8,10,7,17
03084600,THE ART INSTITUTE OF LAS VEGAS          ,NV,89074-7737,Proprietary  ,81,156,237,1043,1259,2302
03088200,CARSON CITY BEAUTY ACADEMY              ,NV,89706-0000,Proprietary  ,3,14,17,27,99,126
03110000,ACADEMY OF HEALING ARTS                 ,NV,89106-4031,Proprietary  ,31,153,184,151,558,709
03232305,COMPUTER-ED INSTITUTE -                 ,NV,89014-6398,Proprietary  ,0,0,0,25,41,66
03232306,EUPHORIA INSTITUTE - SUMMERLIN          ,NV,89117-8803,Proprietary  ,21,33,54,114,178,292
03232307,EUPHORIA INSTITUTE - GREEN VALLEY       ,NV,89052-4964,Proprietary  ,15,31,46,89,175,264
03787300,EXPERTISE SCHOOL OF BEAUTY              ,NV,89106-2516,Private      ,5,34,39,32,146,178
03838500,NORTHWEST HEALTH CAREERS                ,NV,89128-0000,Proprietary  ,1,27,28,30,137,167
03975300,INSTITUTE OF PROFESSIONAL CAREERS       ,NV,89119-7825,Proprietary  ,0,7,7,24,55,79
04065300,UNIVERSITY OF SOUTHERN NEVADA           ,NV,89014-2333,Private      ,3,8,11,114,971,1085
04114300,NEVADA STATE COLLEGE                    ,NV,89002-9455,Public       ,26,50,76,479,860,1339
00257200,COLBY-SAWYER COLLEGE                    ,NH,03257-4648,Private      ,10,1,11,1518,45,1563
00257300,DARTMOUTH COLLEGE                       ,NH,03755-3529,Private      ,51,19,70,6703,1677,8380
00257500,FRANKLIN PIERCE UNIVERSITY              ,NH,03461-0060,Private      ,23,50,73,2842,862,3704
00257900,NEW ENGLAND COLLEGE                     ,NH,03242-3293,Private      ,16,42,58,1341,500,1841
00258000,SOUTHERN NEW HAMPSHIRE UNIVERSITY       ,NH,03106-1045,Private      ,45,267,312,3288,3206,6494
00258100,NHTI  - CONCORD'S COMMUNITY COLLEGE     ,NH,03301-7412,Public       ,52,56,108,1778,1125,2903
00258200,MANCHESTER COMMUNITY COLLEGE            ,NH,03102-8518,Public       ,28,50,78,721,780,1501
00258202,NEW HAMPSHIRE COMMUNITY TECHNICAL COLLEG,NH,03038-0000,Public       ,0,0,0,5,4,9
00258204,HEW HAMPSHIRE COMMUNITY TECHNICAL COLLEG,NH,03803-2807,Public       ,0,0,0,6,7,13
00258300,GREAT BAY COMMUNITY COLLEGE             ,NH,03885-0000,Public       ,17,39,56,508,602,1110
00258600,RIVIER COLLEGE                          ,NH,03060-5086,Private      ,13,34,47,1267,744,2011
00258700,SAINT ANSELM COLLEGE                    ,NH,03102-1310,Private      ,17,0,17,3301,53,3354
00258900,UNIVERSITY OF NEW HAMPSHIRE             ,NH,03824-2511,Public       ,106,62,168,15884,2664,18548
00259000,KEENE STATE COLLEGE                     ,NH,03431-0000,Public       ,45,12,57,5803,511,6314
00259100,PLYMOUTH STATE UNIVERSITY               ,NH,03264-1595,Public       ,31,38,69,5559,785,6344
00301004,ANTIOCH UNIVERSITY                      ,NH,03431-0000,Private      ,0,5,5,2,810,812
00472900,HESSER COLLEGE                          ,NH,03103-7230,Proprietary  ,65,153,218,911,1075,1986
00472901,HESSER COLLEGE - NASHUA CAMPUS          ,NH,03063-1286,Proprietary  ,27,85,112,187,523,710
00472904,HESSER COLLEGE - PORTSMOUTH CAMPUS      ,NH,03801-3245,Proprietary  ,21,64,85,181,516,697
00472905,HESSER COLLEGE - SALEM CAMPUS           ,NH,03079-2842,Proprietary  ,42,88,130,276,627,903
00472906,HESSER COLLEGE - CONCORD CAMPUS         ,NH,03301-3415,Proprietary  ,17,77,94,103,425,528
00473000,MCINTOSH COLLEGE INC                    ,NH,03820-3990,Proprietary  ,14,21,35,851,641,1492
00473100,DANIEL WEBSTER COLLEGE                  ,NH,03063-1300,Proprietary  ,7,20,27,1113,230,1343
00473300,CHESTER COLLEGE OF NEW ENGLAND          ,NH,03036-4331,Private      ,5,1,6,261,36,297
00529100,WHITE MOUNTAINS COMMUNITY COLLEGE       ,NH,03570-3799,Public       ,13,32,45,257,472,729
00529101,N.H.COMM TECH COLLEGE - LACONIA         ,NH,03246-0000,Public       ,0,0,0,7,5,12
00702500,LEBANON COLLEGE                         ,NH,03766-0000,Private      ,2,0,2,22,32,54
00755500,LAKES REGION COMMUNITY COLLEGE          ,NH,03246-1326,Public       ,15,12,27,455,368,823
00756000,RIVER VALLEY COMMUNITY COLLEGE          ,NH,03743-9707,Public       ,4,29,33,227,499,726
00849300,CONTINENTAL ACADEMIE OF HAIR DESIGN     ,NH,03103-4901,Proprietary  ,2,1,3,21,12,33
00864500,EMPIRE BEAUTY SCHOOL                    ,NH,03220-0000,Proprietary  ,21,30,51,132,127,259
00923600,NASHUA COMMUNITY COLLEGE                ,NH,03063-2052,Public       ,25,24,49,594,509,1103
01318900,CONTINENTAL ACADEMIE OF HAIR DESIGN     ,NH,03051-3754,Proprietary  ,3,1,4,41,13,54
02097900,FRANKLIN PIERCE LAW CENTER              ,NH,03301-0000,Private      ,1,3,4,14,651,665
02140400,ST JOSEPH SCH OF PRAC NRSG              ,NH,03060-0000,Private      ,0,4,4,39,105,144
02174800,MICHAEL'S SCHOOL OF HAIR DESIGN & ESTHET,NH,03110-0000,Proprietary  ,12,18,30,78,61,139
02179600,EMPIRE BEAUTY SCHOOL                    ,NH,03878-0000,Proprietary  ,20,29,49,120,152,272
02211600,PORTSMOUTH BTY SCH OF HAIR DESIGN       ,NH,03801-4084,Proprietary  ,1,3,4,19,18,37
02245400,KEENE BEAUTY ACADEMY                    ,NH,03431-0000,Proprietary  ,5,1,6,36,30,66
02247000,NEW ENGLAND SCHOOL OF HAIR DESIGN       ,NH,03784-0000,Proprietary  ,7,11,18,37,39,76
02300200,CONCORD ACADEMY OF HAIR DESIGN          ,NH,03301-0000,Proprietary  ,0,1,1,7,11,18
03043100,THOMAS MORE COLLEGE OF LIBERAL ARTS     ,NH,03054-4818,Private      ,0,0,0,105,6,111
03101300,GRANITE STATE COLLEGE                   ,NH,03301-6400,Public       ,9,91,100,169,1182,1351
03182300,NEW HAMPSHIRE INSTITUTE OF ART          ,NH,03104-4858,Private      ,5,3,8,355,53,408
03305300,SECOND START                            ,NH,03301-5706,Private      ,0,0,0,2,6,8
03437300,UPPER VALLEY TEACHER TRANING PROGRAM    ,NH,03766-1358,Private      ,0,0,0,2,30,32
03729300,NH INSTITUTE FOR THERAPEUTIC ARTS       ,NH,03051-4906,Proprietary  ,0,0,0,11,42,53
00267000,BAPTIST BIBLE COLG OF PENNSYLVANIA      ,PA,18411-1297,Private      ,6,8,14,738,157,895
00322800,BRYN ATHYN COLLEGE OF THE NEW CHURCH    ,PA,19009-0717,Private      ,2,1,3,80,5,85
00322900,ALBRIGHT COLLEGE                        ,PA,19612-5234,Private      ,21,57,78,2953,778,3731
00323000,ALLEGHENY COLLEGE                       ,PA,16335-3902,Private      ,8,0,8,3274,65,3339
00323100,COMM CLG OF ALLEGHENY-ALLEGHENY CMP     ,PA,15212-0000,Public       ,71,232,303,2097,3737,5834
00323101,"COMM CLG OF ALLEGHENY, BOYCE CAMPUS     ",PA,15146-0000,Public       ,23,73,96,1173,1671,2844
00323102,"COMM CLG OF ALLEGHENY, NORTH CAMPUS     ",PA,15237-0000,Public       ,29,64,93,964,938,1902
00323103,"COMM CLG OF ALLEGHENY, SOUTH CAMPUS     ",PA,15122-0000,Public       ,34,90,124,1441,1855,3296
00323300,ALVERNIA UNIVERSITY                     ,PA,19607-1799,Private      ,16,68,84,1681,1270,2951
00323500,ARCADIA UNIVERSITY                      ,PA,19038-3295,Private      ,22,45,67,3459,1468,4927
00323700,BRYN MAWR COLLEGE                       ,PA,19010-2899,Private      ,4,4,8,1316,484,1800
00323800,BUCKNELL UNIVERSITY                     ,PA,17837-2122,Private      ,19,4,23,4805,131,4936
00323900,BUCKS COUNTY COMMUNITY COLLEGE          ,PA,18940-1320,Public       ,95,98,193,2582,2077,4659
00324000,BUTLER COUNTY COMMUNITY COLLEGE         ,PA,16001-0000,Public       ,30,63,93,1419,1456,2875
00324100,CABRINI COLLEGE                         ,PA,19087-3698,Private      ,25,78,103,2667,989,3656
00324200,CARNEGIE MELLON UNIVERSITY              ,PA,15213-3890,Private      ,44,23,67,8136,911,9047
00324201,CARNEGIE MELLON UNIV- THE HEINZ SCH     ,PA,15213-0000,Private      ,3,17,20,441,463,904
00324202,CARNEGIE MELLON- TEPPER SCHOOL OF BUSINE,PA,15213-0000,Private      ,4,5,9,14,593,607
00324300,CEDAR CREST COLLEGE                     ,PA,18104-6196,Private      ,7,34,41,1294,1036,2330
00324400,CHATHAM UNIVERSITY                      ,PA,15232-2826,Private      ,5,30,35,659,1124,1783
00324500,CHESTNUT HILL COLLEGE                   ,PA,19118-2693,Private      ,14,44,58,1325,1262,2587
00324700,MISERICORDIA  UNIVERSITY                ,PA,18612-1008,Private      ,6,32,38,1784,826,2610
00324900,COMMUNITY COLLEGE OF PHILADELPHIA       ,PA,19130-3991,Public       ,220,561,781,9085,14076,23161
00325100,CURTIS INSTITUTE OF MUSIC               ,PA,19103-6187,Private      ,1,1,2,224,84,308
00325200,DELAWARE VALLEY COLLEGE                 ,PA,18901-2697,Private      ,16,28,44,2116,291,2407
00325300,DICKINSON COLLEGE                       ,PA,17013-2896,Private      ,10,1,11,2951,43,2994
00325400,DICKINSON SCHOOL OF LAW                 ,PA,17013-2899,Private      ,1,2,3,34,1456,1490
00325600,DREXEL UNIVERSITY                       ,PA,19104-2875,Private      ,155,397,552,16048,10980,27028
00325800,DUQUESNE UNIVERSITY                     ,PA,15282-0001,Private      ,30,91,121,6538,3798,10336
00325900,EASTERN UNIVERSITY                      ,PA,19087-3696,Private      ,16,107,123,2121,2084,4205
00325908,EASTERN BAPTIST THEOLGCL SEMINARY       ,PA,19096-0000,Private      ,0,4,4,1,101,102
00326200,ELIZABETHTOWN COLLEGE                   ,PA,17022-2298,Private      ,13,12,25,2769,318,3087
00326300,EVANGELICAL SCHOOL OF THEOLOGY          ,PA,17067-0000,Private      ,0,6,6,0,96,96
00326500,FRANKLIN & MARSHALL COLLEGE             ,PA,17604-0000,Private      ,14,1,15,2457,53,2510
00326600,GANNON UNIVERSITY                       ,PA,16541-0001,Private      ,11,36,47,3264,1257,4521
00326700,GENEVA COLLEGE                          ,PA,15010-3599,Private      ,8,67,75,1744,893,2637
00326800,GETTYSBURG COLLEGE                      ,PA,17325-1486,Private      ,14,0,14,3833,55,3888
00326900,GROVE CITY COLLEGE                      ,PA,16127-0000,Private      ,4,0,4,1786,30,1816
00327000,GWYNEDD-MERCY COLLEGE                   ,PA,19437-0901,Private      ,13,63,76,1564,1129,2693
00327200,HARCUM COLLEGE                          ,PA,19010-3476,Private      ,10,27,37,534,761,1295
00327300,HARRISBURG AREA COMMUNITY COLLEGE       ,PA,17110-2999,Public       ,174,450,624,6705,9801,16506
00327400,HAVERFORD COLLEGE                       ,PA,19041-1392,Private      ,15,0,15,1760,15,1775
00327500,HOLY FAMILY UNIVERSITY                  ,PA,19114-2094,Private      ,18,44,62,1734,1808,3542
00327600,IMMACULATA UNIVERSITY                   ,PA,19345-0647,Private      ,12,102,114,1273,1401,2674
00327700,INDIANA UNIVERSITY OF PENNSYLVANIA      ,PA,15705-1097,Public       ,122,87,209,11612,3335,14947
00327900,JUNIATA COLLEGE                         ,PA,16652-2196,Private      ,8,2,10,1920,80,2000
00328000,KEYSTONE COLLEGE                        ,PA,18440-0200,Private      ,19,21,40,1610,742,2352
00328200,KINGS COLLEGE                           ,PA,18711-0801,Private      ,28,20,48,2684,413,3097
00328300,LACKAWANNA COLLEGE                      ,PA,18509-9961,Private      ,32,35,67,1303,733,2036
00328400,LAFAYETTE COLLEGE                       ,PA,18042-1768,Private      ,17,1,18,3205,47,3252
00328500,LANCASTER BIBLE COLLEGE                 ,PA,17601-5036,Private      ,4,10,14,569,288,857
00328600,LANCASTER THEOLOGICAL SEMINARY          ,PA,17603-0000,Private      ,0,2,2,1,110,111
00328700,LASALLE UNIVERSITY                      ,PA,19141-1199,Private      ,29,86,115,4791,2585,7376
00328800,LEBANON VALLEY COLLEGE                  ,PA,17003-1400,Private      ,3,6,9,2380,181,2561
00328900,LEHIGH UNIVERSITY                       ,PA,18015-1588,Private      ,37,16,53,7259,585,7844
00329000,LINCOLN UNIVERSITY                      ,PA,19352-0999,Public       ,51,28,79,3343,1041,4384
00329100,LUTHERAN THEOLOG SEMINARY-GETTYSBRG     ,PA,17325-0000,Private      ,0,2,2,0,150,150
00329200,LUTHERAN THEOLOGICAL SEMINARY           ,PA,19119-0000,Private      ,0,5,5,0,208,208
00329300,LYCOMING COLLEGE                        ,PA,17701-5192,Private      ,4,1,5,1915,83,1998
00329400,MANOR COLLEGE                           ,PA,19046-3399,Private      ,12,18,30,526,479,1005
00329600,MARYWOOD UNIVERSITY                     ,PA,18509-1598,Private      ,20,52,72,2297,1529,3826
00329700,MERCYHURST COLLEGE                      ,PA,16546-0001,Private      ,33,102,135,4200,1432,5632
00329800,MESSIAH COLLEGE                         ,PA,17027-0800,Private      ,21,1,22,3217,120,3337
00330000,MOORE COLLEGE OF ART & DESIGN           ,PA,19103-1179,Private      ,6,5,11,660,195,855
00330100,MORAVIAN COLLEGE                        ,PA,18018-6650,Private      ,16,8,24,2068,218,2286
00330101,MORAVIAN THEOLOGICAL SEMINARY           ,PA,18018-0000,Private      ,0,1,1,12,68,80
00330200,MOUNT ALOYSIUS COLLEGE                  ,PA,16630-1999,Private      ,16,21,37,1202,827,2029
00330300,CARLOW COLLEGE                          ,PA,15213-3165,Private      ,11,59,70,1222,1623,2845
00330400,MUHLENBERG COLLEGE                      ,PA,18104-5586,Private      ,17,16,33,2794,230,3024
00330600,VALLEY FORGE CHRISTIAN COLLEGE          ,PA,19460-2399,Private      ,3,4,7,825,206,1031
00330900,PEIRCE COLLEGE                          ,PA,19102-4699,Private      ,17,120,137,282,2155,2437
00331100,PENNSYLVANIA COLLEGE OF OPTOMETRY       ,PA,19027-1598,Private      ,0,3,3,18,817,835
00331300,WIDENER UNIVERSITY                      ,PA,19013-5792,Private      ,33,45,78,3818,2031,5849
00331302,WIDENER UNIV SCH OF LAW- HARRISBURG     ,PA,17106-9381,Private      ,0,4,4,7,730,737
00331500,BLOOMSBURG UNIVERSITY OF PA             ,PA,17815-1301,Public       ,119,46,165,9218,1609,10827
00331600,CALIFORNIA UNIV OF PENNSYLVANIA         ,PA,15419-1394,Public       ,49,110,159,5911,3667,9578
00331700,CHEYNEY UNIVERSITY OF PENNSYLVANIA      ,PA,19319-0200,Public       ,31,47,78,2005,776,2781
00331800,CLARION UNIVERSITY OF PENNSYLVANIA      ,PA,16214-1232,Public       ,44,53,97,5334,1919,7253
00332000,EAST STROUDSBURG UNIVERSITY             ,PA,18301-2999,Public       ,52,42,94,6765,1364,8129
00332100,EDINBORO UNIVERSITY OF PENNSYLVANIA     ,PA,16444-0001,Public       ,66,78,144,5563,2927,8490
00332200,KUTZTOWN UNIVERSITY OF PENNSYLVANIA     ,PA,19530-9339,Public       ,100,46,146,9499,1602,11101
00332300,LOCK HAVEN UNIV OF PENNSYLVANIA         ,PA,17745-2439,Public       ,62,34,96,5430,1108,6538
00332400,MANSFIELD UNIVERSITY                    ,PA,16933-1123,Public       ,26,51,77,2809,1052,3861
00332500,MILLERSVILLE UNIVERSITY OF PA           ,PA,17551-1800,Public       ,43,31,74,7451,1752,9203
00332600,SHIPPENSBURG UNIVERSITY                 ,PA,17257-2299,Public       ,68,44,112,6856,1283,8139
00332700,SLIPPERY ROCK UNIVERSITY                ,PA,16057-1326,Public       ,58,67,125,7380,1856,9236
00332800,WEST CHESTER UNIVERSITY                 ,PA,19383-0001,Public       ,117,67,184,12058,2861,14919
00332900,PENN STATE UNIVERSITY                   ,PA,16802-1503,Public       ,974,566,1540,62893,15454,78347
00332901,PENN STATE UNIV-HERSHEY MEDCL CTR       ,PA,17033-0000,Public       ,3,5,8,53,1046,1099
00335000,UNIVERSITY OF THE ARTS (THE)            ,PA,19102-9493,Private      ,26,15,41,3004,532,3536
00335100,PHILADELPHIA BIBLICAL UNIVERSITY        ,PA,19047-2942,Private      ,3,23,26,865,514,1379
00335200,PHILADELPHIA CLG OSTEOPATHIC MED        ,PA,19131-0000,Private      ,0,11,11,7,2441,2448
00335300,UNIVERSITY OF THE SCIENCES IN PHILADELPH,PA,19104-4495,Private      ,18,19,37,3239,787,4026
00335400,PHILADELPHIA UNIVERSITY                 ,PA,19144-5497,Private      ,27,24,51,3666,808,4474
00335600,PITTSBURGH THEOLOGICAL SEMINARY         ,PA,15206-0000,Private      ,0,3,3,4,213,217
00335700,POINT PARK UNIVERSITY                   ,PA,15222-1912,Private      ,22,65,87,2705,2096,4801
00335800,REFORMED PRESBYTERIAN THEOL SEMINAR     ,PA,15208-0000,Private      ,0,0,0,0,24,24
00335900,ROBERT MORRIS UNIVERSITY                ,PA,15108-1189,Private      ,28,68,96,3535,1923,5458
00336000,ROSEMONT COLLEGE                        ,PA,19010-1699,Private      ,5,33,38,408,475,883
00336200,SETON HILL UNIVERSITY                   ,PA,15601-1599,Private      ,10,29,39,1657,791,2448
00336400,ST. CHARLES BORROMEO SEMINARY           ,PA,19096-0000,Private      ,2,5,7,32,51,83
00336600,SAINT FRANCIS UNIVERSITY                ,PA,15940-0600,Private      ,6,19,25,1770,538,2308
00336700,SAINT JOSEPH'S UNIVERSITY               ,PA,19131-1395,Private      ,41,87,128,5736,1668,7404
00336800,ST VINCENT COLLEGE                      ,PA,15650-2690,Private      ,11,4,15,2050,294,2344
00336900,SUSQUEHANNA UNIVERSITY                  ,PA,17870-1001,Private      ,6,2,8,2490,80,2570
00337000,SWARTHMORE COLLEGE                      ,PA,19081-1397,Private      ,11,0,11,2633,33,2666
00337100,TEMPLE UNIV - MAIN CAMPUS               ,PA,19122-6003,Private      ,243,187,430,24685,6740,31425
00337101,TEMPLE UNIV - SCHOOL OF LAW             ,PA,19122-0000,Private      ,3,18,21,59,2290,2349
00337102,TEMPLE UNIV - SCHOOL OF MEDICINE        ,PA,19140-0000,Private      ,2,10,12,85,1157,1242
00337103,TEMPLE UNIV - SCHOOL OF DENTISTRY       ,PA,19140-0000,Private      ,0,2,2,13,579,592
00337104,TEMPLE UNIV - AMBLER CAMPUS             ,PA,19002-0000,Private      ,12,15,27,792,587,1379
00337105,TEMPLE UNIV - SCH OF ALLIED HEALTH      ,PA,19140-0000,Private      ,2,2,4,342,405,747
00337106,TEMPLE UNIV - SCHOOL OF PHARMACY        ,PA,19140-0000,Private      ,1,7,8,290,652,942
00337107,TEMPLE UNIV - TYLER SCHOOL OF ART       ,PA,19122-0000,Private      ,10,3,13,756,268,1024
00337108,TEMPLE UNIV - GRAD DIV HEALTH SCI       ,PA,19140-0000,Private      ,0,4,4,40,378,418
00337109,TEMPLE UNIV - GRADUATE DIVISION         ,PA,19122-0000,Private      ,2,76,78,119,2610,2729
00337111,TEMPLE UNIV-SCH OF PODIATRIC MED        ,PA,19107-0000,Private      ,0,3,3,14,324,338
00337600,THIEL COLLEGE                           ,PA,16125-2181,Private      ,16,7,23,1497,137,1634
00337800,UNIVERSITY OF PENNSYLVANIA              ,PA,19104-6216,Private      ,91,180,271,12414,10563,22977
00337900,UNIVERSITY OF PITTSBURGH                ,PA,15260-0000,Public       ,158,281,439,23230,9358,32588
00337906,UNIVERSITY OF PITTSBURGH - SCHOOL OF MED,PA,15261-0001,Public       ,0,10,10,38,899,937
00337907,UNIVERSITY OF PITTSBURGH - SCHOOL OF DEN,PA,15261-2523,Public       ,1,0,1,21,353,374
00338400,UNIVERSITY OF SCRANTON                  ,PA,18510-4622,Private      ,40,97,137,5935,1632,7567
00338500,URSINUS COLLEGE                         ,PA,19426-2562,Private      ,9,1,10,2797,80,2877
00338600,VALLEY FORGE MILITARY COLLEGE           ,PA,19087-3695,Private      ,3,1,4,178,13,191
00338800,VILLANOVA UNIVERSITY                    ,PA,19085-1699,Private      ,59,60,119,9859,1646,11505
00338801,VILLANOVA UNIV SCH OF LAW               ,PA,19085-0000,Private      ,1,3,4,26,1293,1319
00338900,WASHINGTON & JEFFERSON COLLEGE          ,PA,15301-4801,Private      ,12,1,13,2525,44,2569
00339100,WAYNESBURG UNIVERSITY                   ,PA,15370-1222,Private      ,12,56,68,1872,828,2700
00339200,WESTMINSTER COLLEGE                     ,PA,16172-0002,Private      ,9,1,10,1709,113,1822
00339300,WESTMINSTER THEOLOGICAL SEMINARY        ,PA,19038-0000,Private      ,0,7,7,4,273,277
00339400,WILKES UNIVERSITY                       ,PA,18766-0998,Private      ,21,47,68,3072,822,3894
00339500,PENNSYLVANIA COLLEGE OF TECHNOLOGY      ,PA,17701-5779,Public       ,27,30,57,5473,2068,7541
00339600,WILSON COLLEGE                          ,PA,17201-1285,Private      ,4,16,20,364,367,731
00339900,YORK COLLEGE OF PENNSYLVANIA            ,PA,17405-7199,Private      ,48,31,79,5730,984,6714
00398600,DESALES UNIVERSITY                      ,PA,18034-9568,Private      ,16,58,74,2088,969,3057
00398700,LA ROCHE COLLEGE                        ,PA,15237-5898,Private      ,13,5,18,1090,392,1482
00398800,NEUMANN COLLEGE                         ,PA,19014-1298,Private      ,22,59,81,2633,946,3579
00405800,GRATZ COLLEGE                           ,PA,19027-3097,Private      ,1,16,17,3,120,123
00445200,MONTGOMERY COUNTY COMMUNITY COLLEGE     ,PA,19422-6300,Public       ,104,187,291,2818,3040,5858
00488700,BRANDYWINE SCHOOL OF NURSING            ,PA,19320-1536,Proprietary  ,1,2,3,36,76,112
00488900,CAMBRIA-ROWE BUSINESS COLLEGE           ,PA,15902-2494,Proprietary  ,17,32,49,191,312,503
00489000,CENTRAL PENNSYLVANIA COLLEGE            ,PA,17093-0309,Proprietary  ,13,49,62,970,762,1732
00489300,DU BOIS BUSINESS COLLEGE                ,PA,15801-2401,Proprietary  ,6,15,21,216,284,500
00489400,ERIE BUSINESS CENTER                    ,PA,16501-1305,Proprietary  ,6,38,44,108,492,600
00489401,ERIE BUSINESS CENTER SOUTH              ,PA,16101-0000,Proprietary  ,0,5,5,30,105,135
00489800,MCCANN SCHOOL OF BUSINESS & TECHNOL     ,PA,17901-1335,Proprietary  ,83,259,342,890,2054,2944
00489900,MERCY HOSP SCH OF NURSING               ,PA,15219-5166,Private      ,0,4,4,90,83,173
00490100,NEWPORT BUSINESS INSTITUTE              ,PA,15068-3929,Proprietary  ,2,9,11,36,75,111
00490200,PENN COMMERCIAL BUSINESS/TECHNICAL SCHL ,PA,15301-2871,Proprietary  ,18,83,101,282,457,739
00491000,KAPLAN CAREER INSTITUTE                 ,PA,17111-3571,Proprietary  ,14,101,115,205,512,717
00491001,THOMPSON INSTITUTE-PHILADEPHIA CAMPUS   ,PA,19104-3386,Proprietary  ,66,228,294,335,1020,1355
00491400,NEWPORT BUSINESS INSTITUTE              ,PA,17701-5855,Proprietary  ,6,14,20,59,133,192
00500701,WEST VIRGINIA CAREER INSTITUTE          ,PA,15456-0000,Proprietary  ,10,11,21,84,178,262
00531000,PITTSBURGH INST OF AERONAUTICS          ,PA,15236-0000,Private      ,1,7,8,232,125,357
00533000,FAYETTE CNTY AREA VOC TECH PRC NRSG     ,PA,15401-0000,Public       ,1,2,3,27,114,141
00533500,CENTRAL PENN INST OF SCI & TECH PNP     ,PA,16823-0000,Public       ,1,6,7,34,95,129
00534100,UPPER BUCKS CO AREA VOC-TECH SCHOOL     ,PA,18944-0000,Public       ,0,0,0,3,6,9
00536500,YORK CO AREA VOC-TECH SCH-PRAC NSG      ,PA,17402-0000,Public       ,1,20,21,20,136,156
00594200,UPMC PRESBYTERIAN SCH OF RADIOLOGIC     ,PA,15213-2582,Private      ,0,0,0,30,36,66
00594600,SCHOOL OF RADIOLOGIC TECHNOLOGY AT ST. C,PA,19134-1995,Proprietary  ,1,1,2,21,48,69
00653400,CITIZENS SCHOOL OF NURSING              ,PA,15068-6591,Private      ,0,1,1,58,120,178
00653700,CONEMAUGH VLY MEM HOSP SCH NRSNG        ,PA,15905-4398,Private      ,0,0,0,99,129,228
00653702,CONEMAUGH HOSP- SCH HISTOTECHNOLOGY     ,PA,15905-0000,Private      ,0,0,0,5,5,10
00653704,CONEMAUGH VLY MEM HOSP SCH RAD TECH     ,PA,15905-0000,Private      ,0,0,0,29,22,51
00653706,CONEMAUGH VLY MEM HOSP SCH  MED TECH    ,PA,15905-4398,Private      ,0,0,0,8,9,17
00653900,EPISCOPAL HOSPITAL SCHL OF NURSING      ,PA,19125-1000,Private      ,0,0,0,22,191,213
00655100,ST MARGARET SCHL OF NURSING             ,PA,15238-3205,Private      ,6,12,18,75,156,231
00656000,OHIO VALLEY HOSP SCH OF NURSING         ,PA,15136-1694,Private      ,0,0,0,28,45,73
00656500,READING HOSPITAL SCHOOL OF HEALTH SCIENC,PA,19611-1744,Private      ,0,6,6,171,307,478
00657400,"ST LUKE'S HOSPITAL OF BETHLEHEM, PA     ",PA,18015-1065,Private      ,0,0,0,65,133,198
00657600,SEWICKLEY VALLEY HOSP SCH NRSNG         ,PA,15143-1498,Private      ,0,0,0,44,63,107
00657602,HVHS SCHOOL OF RADIOLOGIC TECHNOLOGY    ,PA,15143-0000,Private      ,0,0,0,6,1,7
00657700,UPMC SHADYSIDE SCHOOL OF NURSING        ,PA,15232-1381,Private      ,10,63,73,124,351,475
00657800,SHARON REGIONAL SCHOOL OF NURSING       ,PA,16146-3395,Private      ,1,1,2,16,80,96
00658200,WASHINGTON HOSP SCH OF NURSING          ,PA,15301-3398,Private      ,1,1,2,69,136,205
00658202,WASHINGTON HOSP SCH OF RAD TECH         ,PA,15301-3398,Private      ,1,0,1,17,10,27
00658300,WESTERN PENN HOSP-SCH OF NURSING        ,PA,15224-1790,Private      ,1,3,4,110,137,247
00680700,COMMUNITY COLLEGE OF BEAVER COUNTY      ,PA,15061-2588,Public       ,31,60,91,1087,1178,2265
00681000,LEHIGH CARBON COMMUNITY COLLEGE         ,PA,18078-2598,Public       ,65,144,209,2464,2401,4865
00681100,LUZERNE COUNTY COMMUNITY COLLEGE        ,PA,18634-3899,Public       ,85,113,198,2766,2571,5337
00708700,ABINGTON MEM HOSP SCHL OF NURSING       ,PA,19090-1284,Private      ,1,2,3,92,195,287
00709000,METHODIST HOSPITAL SCH OF NURSING       ,PA,19148-3594,Private      ,0,1,1,7,29,36
00709100,EVEREST INSTITUTE                       ,PA,15222-1320,Proprietary  ,16,114,130,180,856,1036
00711000,DELAWARE COUNTY COMMUNITY COLLEGE       ,PA,19063-1094,Public       ,97,184,281,3185,3708,6893
00719100,NORTHAMPTON COMMUNITY COLLEGE           ,PA,18020-7599,Public       ,104,172,276,3827,3323,7150
00739802,KATHERINE GIBBS-PHILADELPHIA            ,PA,19403-2422,Proprietary  ,30,37,67,117,192,309
00743000,ANTONELLI INST OF ART & PHOTOGRAPHY     ,PA,19038-8242,Proprietary  ,3,0,3,248,24,272
00743600,KAPLAN CAREER INSTITUTE - ICM CAMPUS    ,PA,15222-1977,Proprietary  ,48,129,177,448,1198,1646
00743700,PITTSBURGH TECHNICAL INSTITUTE          ,PA,15071-3205,Proprietary  ,26,46,72,2318,861,3179
00746900,"HUSSIAN SCHOOL OF ART, INC.             ",PA,19106-0000,Proprietary  ,3,2,5,138,18,156
00747000,"ART INSTITUTE OF PITTSBURGH, THE        ",PA,15219-1328,Proprietary  ,461,2963,3424,5695,16467,22162
00752900,CTR ART TCH BRDYWN CMPS PRC NRS PRG     ,PA,19320-2459,Public       ,1,5,6,27,137,164
00775900,LINCOLN TECHNICAL INSTITUTE             ,PA,18104-3298,Proprietary  ,41,86,127,391,565,956
00777900,LANSDALE SCHOOL OF BUSINESS             ,PA,19454-4148,Proprietary  ,18,69,87,113,349,462
00778000,NEW CASTLE SCHOOL OF TRADES             ,PA,16143-9721,Proprietary  ,27,89,116,264,521,785
00778100,CHI INSTITUTE/RETS CAMPUS               ,PA,19008-3516,Proprietary  ,28,115,143,322,768,1090
00782600,BEREAN INSTITUTE                        ,PA,19130-1526,Private      ,0,0,0,145,151,296
00783200,LINCOLN TECH INSTITUTE                  ,PA,19136-1595,Proprietary  ,73,59,132,538,435,973
00783900,TRIANGLE TECH                           ,PA,15214-3897,Proprietary  ,16,30,46,253,295,548
00791200,THADDEUS STEVENS CLG OF TECHNOLOGY      ,PA,17602-0000,Public       ,11,2,13,920,239,1159
00791600,FRANKLIN CNTY CAREER & TECH CTR-PNP     ,PA,17201-0000,Public       ,3,2,5,21,36,57
00820000,JAMESON MEMORIAL HOSP SCH NURSING       ,PA,16105-2595,Private      ,1,0,1,42,95,137
00826301,AWARD BEAUTY SCHOOL - CHAMBERSBURG BEAUT,PA,17201-2435,Proprietary  ,0,0,0,0,5,5
00835000,ART INSTITUTE OF PHILADELPHIA           ,PA,19103-5198,Proprietary  ,110,140,250,3744,1957,5701
00844100,ANTHEM INSTITUTE                        ,PA,19064-1243,Proprietary  ,88,170,258,547,966,1513
00856800,VET TECH INSTITUTE                      ,PA,15222-3400,Proprietary  ,2,1,3,329,132,461
00865300,JEFFERSON CO DUBOIS VOC TECH-PR NSG     ,PA,15851-0000,Public       ,0,1,1,17,57,74
00888900,LEHIGH VALLEY COLLEGE                   ,PA,18034-8447,Proprietary  ,10,26,36,628,584,1212
00895500,PRUONTOS HAIR DESIGN INSTITUTE & BEAUTY ,PA,16602-0000,Proprietary  ,2,5,7,24,35,59
00915705,WYOMING TECHNICAL INSTITUTE - BLAIRSVILL,PA,15717-8060,Proprietary  ,0,0,0,20,10,30
00918600,DEAN INSTITUTE OF TECHNOLOGY            ,PA,15226-1197,Proprietary  ,3,17,20,35,102,137
00944900,PENNCO TECH                             ,PA,19007-0000,Proprietary  ,43,86,129,364,467,831
00966400,EMPIRE BEAUTY SCHOOL                    ,PA,18052-5730,Proprietary  ,24,38,62,169,262,431
00966500,EMPIRE BEAUTY SCHOOL                    ,PA,17109-2210,Proprietary  ,13,29,42,84,211,295
00966600,EMPIRE BEAUTY SCHOOL                    ,PA,19605-2803,Proprietary  ,14,33,47,115,209,324
00972100,BRADFORD SCHOOL                         ,PA,15219-2602,Proprietary  ,1,1,2,575,107,682
00972300,FRANKFORD HOSP SCH OF NURSING           ,PA,19124-2696,Private      ,3,2,5,195,279,474
00973700,UPHS PRESBYTERIAN MC SCH PRACTL NRS     ,PA,19104-2692,Private      ,0,0,0,1,2,3
00978300,GORDON PHILLIPS SCH OF BEAUTY CULT      ,PA,19135-0000,Proprietary  ,37,35,72,257,357,614
00986300,LANCASTER GENERAL COLLEGE OF NURSING AND,PA,17602-4955,Private      ,1,5,6,310,443,753
01000600,GREATER JOHNSTOWN AREA VOC TECH SCH     ,PA,15904-0000,Public       ,5,21,26,64,246,310
01005500,CRAWFORD CNTY AREA VO-TECH PRAC NUR     ,PA,16335-0000,Public       ,0,0,0,9,27,36
01017600,WESTMORELAND COUNTY COMMUNITY CLG       ,PA,15697-1895,Public       ,75,191,266,2144,2695,4839
01038800,READING AREA COMMUNITY COLLEGE          ,PA,19603-1706,Public       ,89,281,370,1518,2886,4404
01054100,EMPIRE BEAUTY SCHOOL                    ,PA,15146-2229,Proprietary  ,21,30,51,178,286,464
01054200,EMPIRE BEAUTY SCHOOL                    ,PA,18701-0000,Proprietary  ,27,37,64,192,209,401
01054300,EMPIRE BEAUTY SCHOOL                    ,PA,17701-3914,Proprietary  ,10,24,34,122,171,293
01081400,PITTSBURGH INST MORTUARY SCIENCE        ,PA,15206-3706,Private      ,4,8,12,72,139,211
01086000,GREATER ALTOONA CAREER/TECH CENTER      ,PA,16602-0000,Public       ,0,2,2,60,151,211
01096300,GREENE COUNTY VOC-TECH SCHOOL           ,PA,15370-0000,Public       ,0,0,0,8,30,38
01097000,EMPIRE BEAUTY SCHOOL                    ,PA,17042-5209,Proprietary  ,1,2,3,22,32,54
01099800,PENNSYLVANIA INSTITUTE OF TECH          ,PA,19063-4098,Private      ,44,109,153,489,904,1393
01102000,EMPIRE BEAUTY SCHOOL                    ,PA,17604-4335,Proprietary  ,6,17,23,50,97,147
01102100,EMPIRE BEAUTY SCHOOL                    ,PA,17402-2862,Proprietary  ,24,68,92,162,400,562
01162100,AUTOMOTIVE TRAINING CENTER              ,PA,19341-1310,Proprietary  ,64,26,90,627,192,819
01162200,WELDER TRAINING & TESTING INST          ,PA,18109-3253,Proprietary  ,8,10,18,25,49,74
01163800,EMPIRE BEAUTY SCHOOL                    ,PA,17876-0000,Proprietary  ,7,11,18,49,65,114
01171500,POTTSVILLE HOSPITAL SCHOOL OF NURSING   ,PA,17901-3692,Private      ,0,1,1,45,47,92
01191900,BEAVER FALLS BEAUTY ACADEMY             ,PA,15010-4208,Proprietary  ,0,12,12,24,40,64
01205000,ROSEDALE TECHNICAL INSTITUTE            ,PA,15205-9791,Private      ,24,27,51,185,155,340
01239300,THOMAS JEFF UNIV-CLG ALLIED HEALTH      ,PA,19107-0000,Private      ,7,16,23,356,808,1164
01239301,JEFFERSON MED CLG-T. JEFFERSON UNIV     ,PA,19107-5587,Private      ,0,5,5,113,1227,1340
01239303,THOMAS JEFFERSON UNIV-GRADUATE COLG     ,PA,19107-0000,Private      ,1,17,18,135,723,858
01246104,LINCOLN TECHNICAL INSTITUTE             ,PA,19104-0202,Proprietary  ,49,134,183,335,766,1101
01246105,LINCOLN TECHNICAL INSTITUTE             ,PA,19116-4202,Proprietary  ,35,60,95,206,379,585
01246106,THE CITTONE INSTITUTE                   ,PA,19462-1326,Proprietary  ,0,0,0,73,133,206
01252300,TALMUDICAL YESHIVA OF PHILA             ,PA,19131-1296,Private      ,4,0,4,27,0,27
01260500,EMPIRE BEAUTY SCHOOL                    ,PA,17331-2405,Proprietary  ,6,10,16,62,67,129
01260600,EMPIRE BEAUTY SCHOOL                    ,PA,17901-2505,Proprietary  ,8,49,57,113,305,418
01260700,EMPIRE BEAUTY SCHOOL                    ,PA,16801-5218,Proprietary  ,3,5,8,18,33,51
01292900,SOUTH HILLS BEAUTY ACADEMY              ,PA,15216-2335,Proprietary  ,3,12,15,37,67,104
01301500,GORDON PHILLIPS SCH BEAUTY CULTURE      ,PA,19102-2701,Proprietary  ,23,79,102,244,479,723
01313400,YESHIVATH BETH MOSHE                    ,PA,18505-2196,Private      ,0,0,0,33,0,33
01321400,ROXBOROUGH MEM HOSP SCH OF NURSING      ,PA,19128-0000,Proprietary  ,2,5,7,49,183,232
01326300,SOUTH HILLS SCH OF BUS & TECHNOLOGY     ,PA,16801-4516,Proprietary  ,2,1,3,492,398,890
01326304,SOUTH HILLS SCHOOL OF BUSINESS & TECHNOL,PA,16602-1188,Proprietary  ,0,1,1,25,24,49
02061000,VENUS BEAUTY ACADEMY                    ,PA,19079-0000,Proprietary  ,5,17,22,68,67,135
02068300,DOUGLAS SCHOOL OF BUSINESS              ,PA,15062-0000,Proprietary  ,18,24,42,250,255,505
02090200,TRIANGLE TECH                           ,PA,16502-0000,Proprietary  ,13,24,37,128,186,314
02092500,LAUREL TECHNICAL INSTITUTE              ,PA,16146-0000,Proprietary  ,3,27,30,35,144,179
02092502,BUSINESS INSTITUTE OF PENNSYLVANIA      ,PA,16335-0000,Proprietary  ,0,0,0,10,82,92
02107300,PENNSYLVANIA ACADEMY OF FINE ARTS       ,PA,19102-1424,Private      ,1,1,2,191,195,386
02112200,GREAT LAKES INSTITUTE OF TECHNOLOGY     ,PA,16509-0000,Proprietary  ,19,69,88,264,469,733
02114200,JOHNSON COLLEGE                         ,PA,18508-0000,Private      ,3,1,4,356,150,506
02116001,SANFORD-BROWN INSTITUTE - TREVOSE       ,PA,19053-4700,Proprietary  ,54,181,235,396,1209,1605
02118000,LEVITTOWN BEAUTY ACADEMY LLC            ,PA,19054-1713,Proprietary  ,3,7,10,40,44,84
02119300,PA ACAD OF COSMETOLOGY ARTS & SCI       ,PA,15904-0000,Proprietary  ,4,15,19,47,75,122
02119301,PA ACAD OF COSMTLGY ARTS & SCI          ,PA,15801-0000,Proprietary  ,0,0,0,6,1,7
02120800,"YORKTOWNE BUSINESS INSTITUTE, INC.      ",PA,17404-0000,Proprietary  ,6,21,27,90,205,295
02127400,YORK TECHNICAL INSTITUTE                ,PA,17402-0000,Proprietary  ,75,86,161,1174,1099,2273
02129000,TRIANGLE TECH                           ,PA,15601-0000,Proprietary  ,30,38,68,321,331,652
02129001,TRIANGLE TECH - BUSINESS CAREERS INSTITU,PA,15601-3304,Proprietary  ,0,0,0,6,5,11
02144000,"VISION ACADEMY, THE                     ",PA,18103-0000,Proprietary  ,6,14,20,80,110,190
02147800,SCHUYLKILL INST BUSINESS & TECHNLGY     ,PA,17901-0000,Proprietary  ,0,0,0,16,22,38
02149000,EMPIRE BEAUTY SCHOOL                    ,PA,19341-2804,Proprietary  ,13,22,35,106,145,251
02151500,CENTRAL SUSQUEHANNA LPN CENTER          ,PA,17847-0000,Public       ,0,1,1,39,132,171
02153500,OAKBRIDGE ACADEMY OF ARTS               ,PA,15068-0000,Proprietary  ,1,1,2,61,14,75
02158300,JUNIATA-MIFFLIN CO AREA VOC TECH        ,PA,17044-0000,Public       ,1,17,18,22,67,89
02161400,NORTHEASTERN HOSP SCH OF NRSG           ,PA,19134-0000,Private      ,2,7,9,53,126,179
02169600,CLEARFIELD CTY CAREER AND TECH CNTR     ,PA,16830-0000,Public       ,2,4,6,31,99,130
02174400,TRIANGLE TECH                           ,PA,15801-0000,Proprietary  ,25,18,43,342,195,537
02178900,ACADEMY OF HAIR DESIGN                  ,PA,18202-1465,Proprietary  ,2,5,7,6,30,36
02183000,ORLEANS TECHNICAL INSTITUTE             ,PA,19111-0000,Private      ,28,176,204,191,708,899
02192800,WALNUT HILL COLLEGE                     ,PA,19104-0000,Proprietary  ,20,24,44,498,243,741
02202300,SANFORD-BROWN INSTITUTE                 ,PA,15219-1907,Proprietary  ,31,102,133,363,859,1222
02202301,SANFORD-BROWN INSTITUTE                 ,PA,15146-2141,Proprietary  ,22,84,106,261,570,831
02203900,ERIE INSTITUTE OF TECHNOLOGY            ,PA,16565-1002,Proprietary  ,8,26,34,118,188,306
02206200,AMBLER BEAUTY ACADEMY                   ,PA,19002-0000,Proprietary  ,4,12,16,19,58,77
02206300,STROUDSBURG SCHOOL OF COSMETOLOGY       ,PA,18360-0000,Proprietary  ,1,1,2,17,25,42
02212700,LANCASTER SCHOOL OF COSMETOLOGY         ,PA,17602-0000,Proprietary  ,6,26,32,47,130,177
02213400,PROFESSIONAL SKILLS CAREER ACADEMY      ,PA,16148-0000,Proprietary  ,2,1,3,18,21,39
02234200,ACADEMY OF MEDICAL ARTS & BUSINESS      ,PA,17112-0000,Proprietary  ,11,25,36,118,231,349
02251200,SCHUYLKILL COUNTY AREA VOC TECH SCH     ,PA,17931-0000,Public       ,5,8,13,46,128,174
02251202,SCHUYLKILL COUNTY AREA VOC TECH SCH     ,PA,17931-0000,Public       ,0,4,4,20,38,58
02253900,BERKS TECHNICAL INSTITUTE               ,PA,19610-0000,Proprietary  ,36,58,94,485,650,1135
02255200,PENNSYLVANIA SCHOOL OF BUSINESS         ,PA,18101-1604,Proprietary  ,22,77,99,211,603,814
02269900,PENNSYLVANIA COLLEGE OF ART & DESIGN    ,PA,17603-3528,Private      ,1,2,3,296,49,345
02270500,BUCKS COUNTY SCHOOL OF BEAUTY CULT      ,PA,19053-0000,Proprietary  ,7,6,13,29,40,69
02273400,RECONSTRUCTIONIST RABBINICAL COLLEG     ,PA,19095-0000,Private      ,0,1,1,0,38,38
02276600,HANOVER PUBLIC SCH DIST PRAC NURSG      ,PA,17331-0000,Public       ,3,2,5,14,47,61
02282500,LENAPE SCHOOL OF PRACTICAL NURSING      ,PA,16226-0000,Public       ,1,13,14,32,154,186
02288800,EMPIRE BEAUTY SCHOOL                    ,PA,18974-4508,Proprietary  ,4,7,11,44,59,103
02289500,PACE INSTITUTE                          ,PA,19601-0000,Proprietary  ,11,43,54,53,323,376
02289600,CONSOLIDATED SCHOOL OF BUSINESS         ,PA,17404-0000,Proprietary  ,3,18,21,60,140,200
02289700,ACADEMY OF CREATIVE HAIR DESIGN         ,PA,18702-0000,Proprietary  ,5,5,10,42,47,89
02289800,CHI INSTITUTE - FRANKLIN MILLS          ,PA,19154-0000,Proprietary  ,61,195,256,375,900,1275
02290400,"ALTOONA BEAUTY SCHOOL, INC              ",PA,16602-0000,Proprietary  ,4,14,18,29,53,82
02292700,LANSDALE SCHOOL OF COSMETOLOGY          ,PA,19446-0000,Proprietary  ,4,2,6,22,37,59
02299300,TRINITY EPISCOPAL SCHOOL MINISTRY       ,PA,15003-0000,Private      ,0,3,3,2,49,51
02301300,PJA SCHOOL (THE)                        ,PA,19082-1917,Proprietary  ,14,43,57,87,349,436
02304400,YTI CAREER INSTITUTE - MECHANICSBURG    ,PA,17055-0000,Proprietary  ,11,29,40,150,310,460
02306200,VENANGO COUNTY AREA VOC TECH SCHOOL     ,PA,16301-0000,Public       ,0,1,1,5,32,37
02310800,LANCASTER COUNTY CAREER & TECH CTR      ,PA,17584-0000,Public       ,8,45,53,129,411,540
02330300,LEBANON CO CAREER & TECHNOLOGY CTR      ,PA,17042-0000,Public       ,2,1,3,31,101,132
02330600,PENNSYLVANIA GUNSMITH SCHOOL            ,PA,15202-0000,Proprietary  ,2,5,7,26,33,59
02350100,WESTERN AREA CAREER & TECHNOLOGY CT     ,PA,15317-0000,Public       ,0,1,1,11,67,78
02350200,INDIANA COUNTY TECH CTR SCH PR NSG      ,PA,15701-1465,Public       ,1,6,7,14,35,49
02353100,NORTHERN TIER CAREER CENTER             ,PA,18848-0000,Public       ,0,0,0,15,43,58
02361002,ITT TECHNICAL INSTITUTE                 ,PA,19406-0000,Proprietary  ,32,52,84,346,407,753
02362300,MERCER COUNTY AREA VOC TECH SCHOOL      ,PA,16137-0000,Public       ,0,6,6,15,75,90
02492500,DELAWARE VLY ACAD MED DNTL ASSTS        ,PA,19114-0000,Proprietary  ,5,22,27,46,166,212
02492600,EASTERN CTR ARTS AND TECH PR NSG        ,PA,19090-0000,Public       ,1,25,26,18,144,162
02495500,ALL-STATE CAREER SCHOOL                 ,PA,19029-0000,Proprietary  ,31,202,233,184,961,1145
02529800,WILKES BARRE AREA CAREER AND TECHNICAL C,PA,18705-0000,Public       ,10,33,43,49,188,237
02536600,COMMONWEALTH TECH INSTIT @ HIRAM G      ,PA,15905-0000,Public       ,24,15,39,244,142,386
02539900,STAR TECHNICAL INSTITUTE                ,PA,19082-0000,Proprietary  ,8,29,37,50,221,271
02544300,BUTLER BEAUTY SCHOOL                    ,PA,16001-0000,Proprietary  ,6,29,35,51,99,150
02545000,LAWRENCE COUNTY CAREER AND TECHNICAL CEN,PA,16101-0000,Public       ,0,6,6,12,68,80
02546200,LAUREL BUSINESS INSTITUTE               ,PA,15401-0877,Proprietary  ,16,21,37,203,334,537
02550000,CLARION CO AREA VOC-TECH PRAC NRSG      ,PA,16254-0000,Public       ,0,1,1,13,59,72
02554500,HAZLETON AREA CAREER CENTER PRACTICAL NU,PA,18201-0000,Public       ,1,1,2,22,69,91
02557800,ART INSTITUTE OF YORK (THE) - PENNSYLVAN,PA,17402-9012,Proprietary  ,37,27,64,699,248,947
02558701,PRISM CAREER INSTITUTE - PHL CAMPUS     ,PA,19152-0000,Proprietary  ,0,0,0,0,1,1
02566400,ALBERT EINSTEIN MED CTR DEPT DNTL       ,PA,19141-3098,Private      ,1,0,1,2,9,11
02574800,PENNSYLVANIA INSTITUTE OF TAXIDERMY     ,PA,15931-0000,Proprietary  ,0,4,4,10,27,37
02609500,CAREER TRAINING ACADEMY                 ,PA,15068-6308,Proprietary  ,6,24,30,79,223,302
02609501,CAREER TRAINING ACADEMY                 ,PA,15146-0000,Proprietary  ,0,0,0,4,13,17
02615400,STAR TECHNICAL INSTITUTE                ,PA,19114-2204,Proprietary  ,22,75,97,139,494,633
02616100,JEAN MADELINE ED CTR FOR COSM           ,PA,19147-1542,Proprietary  ,22,17,39,326,237,563
03006800,PENNSYLVANIA CULINARY INSTITUTE         ,PA,15222-3511,Proprietary  ,134,331,465,1456,1928,3384
03010800,TRI-STATE BUSINESS INSTITUTE            ,PA,16506-1013,Proprietary  ,61,258,319,557,1826,2383
03011500,ALLIED MEDICAL AND TECHNICAL INSTITUTE  ,PA,18702-0000,Proprietary  ,18,74,92,163,327,490
03011600,ALLIED MEDICAL AND TECHNICAL INSTITUTE  ,PA,18509-2903,Proprietary  ,14,61,75,183,315,498
03029900,CONSOLIDATED SCHOOL OF BUSINESS         ,PA,17603-2389,Proprietary  ,7,20,27,81,191,272
03031600,DPT BUSINESS SCHOOL                     ,PA,19116-3961,Proprietary  ,24,104,128,113,733,846
03031601,DPT BUSINESS SCHOOL                     ,PA,19106-0000,Proprietary  ,16,62,78,104,382,486
03067000,ANTONELLI MEDICAL & PROF INST           ,PA,19464-9244,Proprietary  ,5,14,19,13,57,70
03072400,ALL-STATE CAREER SCHOOL                 ,PA,15122-1000,Proprietary  ,2,38,40,18,173,191
03072600,DCI CAREER INSTITUTE                    ,PA,15061-2307,Proprietary  ,3,45,48,33,201,234
03081900,YTI CAREER INSTITUTE - ALTOONA          ,PA,16602-4457,Proprietary  ,16,51,67,119,299,418
03085200,HARRISON CAREER INSTITUTE               ,PA,19103-5402,Proprietary  ,0,0,0,0,3,3
03090800,LAKE ERIE COLL OF OSTEOPATHIC MED       ,PA,16509-0000,Private      ,0,9,9,154,2439,2593
03098600,CAREER TECH CTR OF LACKAWANNA CNTY      ,PA,18508-0000,Public       ,6,22,28,27,126,153
03101500,BIDWELL TRAINING CENTER                 ,PA,15233-2233,Private      ,4,7,11,15,47,62
03103300,JNA INSTITUTE OF CULINARY ARTS          ,PA,19146-3119,Proprietary  ,1,23,24,42,113,155
03109100,METROPOLITAN CAREER CENTER              ,PA,19144-0000,Private      ,6,21,27,29,157,186
03110700,AVIATION INSTITUTE OF MAINTENANCE       ,PA,19114-1017,Proprietary  ,11,35,46,120,312,432
03120400,REGIONAL CAREER & TECHNICAL CENTER      ,PA,16509-4699,Public       ,0,0,0,2,5,7
03126000,CENTER FOR INNOVATIVE TRAINING & ED     ,PA,19106-4414,Proprietary  ,0,0,0,2,7,9
03128400,DELAWARE COUNTY TECHNICAL SCHOOL        ,PA,19032-1998,Public       ,0,16,16,17,158,175
03128800,GECAC TRAINING INSTITUTE                ,PA,16502-1137,Private      ,0,0,0,5,22,27
03180400,PENNSYLVANIA HIGHLANDS COMMUNITY COLLEGE,PA,15904-2927,Public       ,19,47,66,522,643,1165
03236400,LT INTERNATIONAL BEAUTY SCHOOL          ,PA,19130-2235,Proprietary  ,7,30,37,24,132,156
03353300,ACADEMY OF VOCAL ARTS                   ,PA,19103-6685,Private      ,0,1,1,4,30,34
03439400,NAWCC SCHOOL OF HOROLOGY                ,PA,17512-2130,Private      ,0,1,1,0,2,2
03471400,NORTH CENTRAL INDUSTRIAL TECHNICAL      ,PA,15853-9708,Private      ,0,0,0,3,5,8
03503300,WINNER INSTITUTE OF ARTS & SCIENCES     ,PA,16154-1811,Private      ,3,3,6,28,45,73
03535300,HUNTINGDON COUNTY CAREER AND TECHNO     ,PA,17060-0905,Public       ,0,1,1,6,34,40
03561400,SUSQUEHANNA COUNTY CAREER & TECHNOL     ,PA,18816-0100,Public       ,0,2,2,10,13,23
03766300,PENNSYLVANIA SCHOOL OF MUSCLE THERAPY   ,PA,19406-3101,Proprietary  ,3,16,19,31,70,101
03899300,CALVARY BAPTIST THEOLOGICAL SEMINARY    ,PA,19446-4718,Private      ,0,2,2,0,14,14
03923300,PRECISION MANUFACTURING INSTITUTE       ,PA,16335-8380,Private      ,1,7,8,12,34,46
03948300,HARRISBURG UNIVERSITY OF SCIENCE AND TEC,PA,17101-2116,Private      ,2,4,6,150,116,266
03949300,WON INSTITUTE OF GRADUATE STUDIES       ,PA,19038-4535,Private      ,0,1,1,0,30,30
03950500,NORTHWEST REGIONAL TECHNOLOGY INSTITUTE ,PA,16508-2820,Proprietary  ,0,24,24,4,91,95
03952300,NATIONAL MASSAGE THERAPY INSTITUTE      ,PA,19116-3965,Proprietary  ,27,129,156,139,507,646
04119900,PENNSYLVANIA MYOTHERAPY INSTITUTE       ,PA,17350-8426,Proprietary  ,0,0,0,6,22,28
04127500,CAREER DEVELOPMENT & EMPLOYMENT         ,PA,18702-5253,Proprietary  ,0,14,14,0,14,14
00267813,BRYANT & STRATTON COLLEGE - MIL DOWNTOWN,WI,53203-2608,Proprietary  ,35,167,202,458,1635,2093
00383200,ALVERNO COLLEGE                         ,WI,53234-3922,Private      ,23,76,99,1396,2039,3435
00383500,BELOIT COLLEGE                          ,WI,53511-5595,Private      ,9,0,9,1726,90,1816
00383700,CARDINAL STRITCH UNIVERSITY             ,WI,53217-9884,Private      ,27,515,542,871,4511,5382
00383800,CARROLL UNIVERSITY                      ,WI,53186-5593,Private      ,16,10,26,2941,706,3647
00383900,CARTHAGE COLLEGE                        ,WI,53141-0000,Private      ,24,36,60,3345,485,3830
00384000,WESTERN TECHNICAL COLLEGE               ,WI,54601-0908,Public       ,64,89,153,1607,2061,3668
00384200,CONCORDIA UNIVERSITY WISCONSIN          ,WI,53097-2402,Private      ,17,264,281,1917,2600,4517
00384800,EDGEWOOD COLLEGE                        ,WI,53711-1958,Private      ,19,28,47,1450,953,2403
00385000,SILVER LAKE COLLEGE                     ,WI,54220-9319,Private      ,3,9,12,159,386,545
00385400,LAKELAND COLLEGE                        ,WI,53082-0000,Private      ,13,99,112,1100,1565,2665
00385600,LAWRENCE UNIVERSITY                     ,WI,54912-0599,Private      ,6,3,9,1959,55,2014
00386100,MARIAN UNIVERSITY                       ,WI,54935-4699,Private      ,8,91,99,1177,1201,2378
00386300,MARQUETTE UNIVERSITY                    ,WI,53201-0000,Private      ,65,65,130,9626,3469,13095
00386600,MILWAUKEE AREA TECH COLLEGE             ,WI,53233-1443,Public       ,265,670,935,4608,11193,15801
00386800,MILWAUKEE SCHOOL OF ENGINEERING         ,WI,53202-3109,Private      ,21,21,42,2351,552,2903
00386900,MOUNT MARY COLLEGE                      ,WI,53222-4597,Private      ,12,45,57,756,1139,1895
00387400,NASHOTAH HOUSE                          ,WI,53058-0000,Private      ,0,0,0,0,39,39
00387500,NORTHLAND COLLEGE                       ,WI,54806-3999,Private      ,5,5,10,890,158,1048
00388400,RIPON COLLEGE                           ,WI,54971-0248,Private      ,4,3,7,1189,53,1242
00389200,ST. NORBERT COLLEGE                     ,WI,54115-2002,Private      ,13,3,16,2083,99,2182
00389500,UNIVERSITY OF WISCONSIN-MADISON         ,WI,53715-1382,Public       ,212,174,386,19421,9884,29305
00389600,UNIVERSITY OF WISCONSIN-MILWAUKEE       ,WI,53201-3165,Public       ,289,291,580,15868,9459,25327
00389700,UNIVERSITY OF WISCONSIN COLLEGES        ,WI,53708-8680,Public       ,60,71,131,1352,1077,2429
00389701,UNIVERSITY OF WISCONSIN-BARABOO         ,WI,53913-1098,Public       ,6,8,14,262,134,396
00389702,UNIVERSITY OF WISCONSIN-BARRON          ,WI,54868-2497,Public       ,13,3,16,248,122,370
00389703,UNIVERSITY OF WISCONSIN-FOND DU LAC     ,WI,54935-2998,Public       ,13,6,19,373,200,573
00389704,UNIVERSITY OF WISCONSIN-FOX VALLEY      ,WI,54952-1297,Public       ,20,24,44,793,398,1191
00389705,UNIVERSITY OF WISCONSIN-MANITOWOC       ,WI,54220-6699,Public       ,10,3,13,278,106,384
00389706,UNIVERSITY OF WISCONSIN-MARATHON        ,WI,54401-5396,Public       ,24,12,36,692,297,989
00389707,UNIVERSITY OF WISCONSIN-MARINETTE       ,WI,54143-4299,Public       ,6,12,18,227,123,350
00389708,UNIVERSITY OF WISCONSIN-MARSHFIELD      ,WI,54449-3310,Public       ,8,4,12,287,133,420
00389709,UNIVERSITY OF WISCONSIN-RICHLAND        ,WI,53581-1399,Public       ,3,1,4,218,68,286
00389710,UNIVERSITY OF WISCONSIN COLLEGES - ROCK ,WI,53546-5699,Public       ,15,9,24,420,277,697
00389711,UNIVERSITY OF WISCONSIN-SHEBOYGAN       ,WI,53081-4789,Public       ,16,7,23,336,164,500
00389712,UNIVERSITY OF WISCONSIN-WASHINGTON      ,WI,53095-3699,Public       ,12,10,22,402,157,559
00389713,UNIVERSITY OF WISCONSIN-WAUKESHA        ,WI,53188-2799,Public       ,28,13,41,841,321,1162
00389900,UNIVERSITY OF WISCONSIN-GREEN BAY       ,WI,54311-7001,Public       ,37,48,85,3867,1432,5299
00391100,VITERBO UNIVERSITY                      ,WI,54601-4777,Private      ,8,45,53,1458,914,2372
00391500,UNIVERSITY OF WISCONSIN-STOUT           ,WI,54751-0790,Public       ,80,80,160,5399,1797,7196
00391700,UNIVERSITY OF WISCONSIN-EAU CLAIRE      ,WI,54702-4004,Public       ,105,56,161,7426,1522,8948
00391900,UNIVERSITY OF WISCONSIN-LA CROSSE       ,WI,54601-3742,Public       ,66,58,124,6488,1695,8183
00392000,UNIVERSITY OF WISCONSIN-OSHKOSH         ,WI,54901-8604,Public       ,82,101,183,6539,2748,9287
00392100,UNIVERSITY OF WISCONSIN-PLATTEVILLE     ,WI,53818-3099,Public       ,49,75,124,4720,1443,6163
00392300,UNIVERSITY OF WISCONSIN-RIVER FALLS     ,WI,54022-5013,Public       ,73,66,139,4437,1118,5555
00392400,UNIVERSITY OF WISCONSIN-STEVENS POINT   ,WI,54481-3871,Public       ,87,39,126,6298,1540,7838
00392500,UNIVERSITY OF WISCONSIN-SUPERIOR        ,WI,54880-2898,Public       ,26,50,76,1553,1247,2800
00392600,UNIVERSITY OF WISCONSIN-WHITEWATER      ,WI,53190-1792,Public       ,82,77,159,6810,2034,8844
00400700,MADISON AREA TECHNICAL COLLEGE          ,WI,53704-2599,Public       ,121,205,326,3646,4611,8257
00501500,UNIVERSITY OF WISCONSIN-PARKSIDE        ,WI,53141-2000,Public       ,66,70,136,2956,1724,4680
00529400,WAUKESHA COUNTY TECHNICAL COLLEGE       ,WI,53072-4696,Public       ,44,71,115,1110,1642,2752
00530100,NORTHEAST WISCONSIN TECHNICAL COLLEGE   ,WI,54307-9042,Public       ,65,159,224,1932,3439,5371
00530400,CHIPPEWA VALLEY TECHNICAL COLLEGE       ,WI,54701-6162,Public       ,50,81,131,2061,2949,5010
00538000,MID-STATE TECHNICAL COLLEGE             ,WI,54494-5512,Public       ,40,90,130,793,1380,2173
00538400,NICOLET AREA TECHNICAL COLLEGE          ,WI,54501-0000,Public       ,17,37,54,407,612,1019
00538700,NORTHCENTRAL TECHNICAL COLLEGE          ,WI,54401-1899,Public       ,41,96,137,784,1636,2420
00538900,GATEWAY TECHNICAL COLLEGE               ,WI,53144-1690,Public       ,49,186,235,1320,4196,5516
00539000,BLACKHAWK TECHNICAL COLLEGE             ,WI,53547-5009,Public       ,27,76,103,665,1597,2262
00610800,BELLIN HOSP SCH OF RAD TECH             ,WI,54305-3505,Private      ,0,1,1,12,7,19
00611500,MERCY MED CTR SCH OF RAD TECH           ,WI,54904-3370,Private      ,0,0,0,6,5,11
00612601,ST LUKE'S MEDCL CTR SCHL RAD TECH       ,WI,53215-4330,Private      ,0,0,0,3,21,24
00612603,ST LUKE'S MED CTR SCH OF SONOGRAPHY     ,WI,53215-0000,Private      ,0,1,1,1,8,9
00613100,THEDA CLARK REG MED CTR SCH RAD TEC     ,WI,54957-0000,Private      ,1,1,2,4,9,13
00663900,BELLIN COLLEGE                          ,WI,54305-0000,Private      ,0,6,6,204,153,357
00766900,SOUTHWEST WISCONSIN TECH COLLEGE        ,WI,53809-0000,Public       ,13,28,41,603,718,1321
00777400,SCIENTIFIC COLLEGE OF BEAUTY/BARBER     ,WI,54601-0000,Proprietary  ,4,8,12,25,60,85
00821700,WISCONSIN COLLEGE OF COSMETOLOGY        ,WI,54304-0000,Proprietary  ,2,4,6,52,45,97
00919400,LAKESHORE TECHNICAL COLLEGE             ,WI,53015-1412,Public       ,14,38,52,473,1213,1686
00925600,MORAINE PARK TECHNICAL COLLEGE          ,WI,54936-0000,Public       ,17,67,84,708,1717,2425
00941900,STATE CLG OF BEAUTY CULT-WAUSAU         ,WI,54403-4667,Proprietary  ,2,7,9,42,48,90
00962100,HERZING COLLEGE                         ,WI,53718-4236,Proprietary  ,39,267,306,570,2336,2906
00974400,FOX VALLEY TECHNICAL COLLEGE            ,WI,54913-0000,Public       ,56,126,182,1945,2898,4843
01091300,MADISON MEDIA INSTITUTE                 ,WI,53718-6787,Proprietary  ,9,7,16,310,163,473
01148400,ADVANCED INSTITUTE OF HAIR DESIGN       ,WI,53225-0000,Proprietary  ,21,18,39,130,106,236
01182400,WISCONSIN INDIANHEAD TECH CLG WITC      ,WI,54871-9300,Public       ,28,100,128,959,1859,2818
01290600,MADISON COSMETOLOGY COLLEGE             ,WI,53711-1030,Proprietary  ,4,10,14,45,72,117
02077100,MILWAUKEE INST OF ART & DESIGN          ,WI,53202-0000,Private      ,8,3,11,679,138,817
02078000,SACRED HEART SCHOOL OF THEOLOGY         ,WI,53130-0000,Private      ,0,1,1,0,12,12
02136600,WISCONSIN LUTHERAN COLLEGE              ,WI,53226-0000,Private      ,3,4,7,739,77,816
02201803,KAPLAN COLLEGE - MILWAUKEE              ,WI,53212-3939,Proprietary  ,37,200,237,244,1072,1316
02239204,HIGH-TECH INSTITUTE - MILWAUKEE         ,WI,53005-4207,Proprietary  ,1,2,3,1,4,5
02271300,WI SCH OF PROFESSIONAL PSYCHOLOGY       ,WI,53225-0000,Private      ,0,3,3,1,81,82
02317200,MARANATHA BAPTIST BIBLE COLLEGE         ,WI,53094-0000,Private      ,21,2,23,745,98,843
02324700,EMPIRE BEAUTY SCHOOL                    ,WI,53717-0000,Proprietary  ,25,25,50,90,164,254
02332100,EMPIRE BEAUTY SCHOOL                    ,WI,54220-0000,Proprietary  ,13,12,25,81,141,222
02453500,MEDICAL COLLEGE OF WISCONSIN            ,WI,53226-0000,Private      ,2,3,5,17,1099,1116
02494300,GILL-TECH ACADEMY OF HAIR DESIGN        ,WI,54911-0000,Proprietary  ,6,4,10,84,39,123
02503303,RASMUSSEN COLLEGE - MANKATO - GREEN BAY ,WI,54303-2349,Proprietary  ,18,97,115,29,193,222
02532200,LAC COURTE OREILLES OJIBWA CMTY CLG     ,WI,54843-0000,Public       ,21,76,97,77,458,535
03007400,LAKESIDE SCHOOL OF MASSAGE THERAPY      ,WI,53719-1103,Private      ,8,24,32,50,121,171
03061200,MIDWEST COLLEGE OF ORIENTAL MEDICINE    ,WI,53403-9747,Proprietary  ,1,11,12,7,230,237
03077600,EMPIRE BEAUTY SCHOOL                    ,WI,54304-4838,Proprietary  ,27,64,91,165,300,465
03087500,ITT TECHNICAL INSTITUTE                 ,WI,53220-4612,Proprietary  ,262,436,698,1287,2243,3530
03125100,COLLEGE OF MENOMINEE NATION             ,WI,54135-0000,Private      ,12,47,59,116,436,552
03125102,COLLEGE OF  THE MENOMINEE NATION - GREEN,WI,54304-4964,Private      ,0,11,11,10,49,59
03220300,"SALON PROFESSIONAL ACADEMY, THE         ",WI,54701-7633,Proprietary  ,4,6,10,67,63,130
03309300,MONTESSORI INSTITUTE OF MILWAUKEE       ,WI,53207-0000,Private      ,0,0,0,0,11,11
03808300,INSTITUTE OF BEAUTY AND WELLNESS (THE)  ,WI,53202-5715,Proprietary  ,4,8,12,28,57,85
03822300,FOUR SEASONS SALON AND COSMETOLOGY SCHOO,WI,53566-0000,Proprietary  ,1,4,5,8,22,30
03872500,NORTHLAND INTERNATIONAL UNIVERSITY      ,WI,54119-9285,Private      ,25,4,29,429,41,470
03925300,BLUE SKY SCHOOL OF PROFESSIONAL MASSAGE ,WI,53024-9699,Private      ,6,16,22,50,124,174
04117400,MILWAUKEE CAREER COLLEGE                ,WI,53222-4305,Proprietary  ,9,50,59,47,265,312
04118600,ACADEMY OF COSMETOLOGY                  ,WI,53548-3307,Proprietary  ,4,3,7,20,35,55
00290500,NORTH CAROLINA A&T STATE UNIV           ,NC,27411-0001,Public       ,154,98,252,12158,4027,16185
00290600,APPALACHIAN STATE UNIVERSITY            ,NC,28608-2059,Public       ,135,76,211,11493,2882,14375
00290700,UNIVERSITY OF NC AT ASHEVILLE           ,NC,28804-3299,Public       ,29,24,53,2581,1033,3614
00290800,BARTON COLLEGE                          ,NC,27893-3104,Private      ,16,20,36,1072,610,1682
00291000,BELMONT ABBEY COLLEGE                   ,NC,28012-1802,Private      ,10,26,36,923,921,1844
00291100,BENNETT COLLEGE                         ,NC,27401-3239,Private      ,8,5,13,1012,236,1248
00291200,BREVARD COLLEGE                         ,NC,28712-3306,Private      ,11,4,15,806,119,925
00291300,CAMPBELL UNIVERSITY                     ,NC,27506-0036,Private      ,43,84,127,3621,2740,6361
00291400,CATAWBA COLLEGE                         ,NC,28144-2488,Private      ,15,20,35,1246,480,1726
00291500,CENTRAL PIEDMONT COMMUNITY COLLEGE      ,NC,28204-2297,Public       ,175,531,706,4554,8817,13371
00291600,CHOWAN UNIVERSITY                       ,NC,27855-1850,Private      ,15,9,24,1407,229,1636
00291700,COLLEGE OF THE ALBEMARLE                ,NC,27909-2327,Public       ,25,61,86,540,1154,1694
00291800,DAVIDSON COLLEGE                        ,NC,28035-7157,Private      ,13,3,16,1997,50,2047
00291900,DAVIDSON COUNTY COMMUNITY COLLEGE       ,NC,27293-0000,Public       ,43,99,142,780,2113,2893
00292000,DUKE UNIVERSITY                         ,NC,27708-0397,Private      ,86,18,104,9603,954,10557
00292001,DUKE UNIV - SCHOOL OF MEDICINE          ,NC,27710-0000,Private      ,2,7,9,69,981,1050
00292002,DUKE UNIV - SCHOOL OF LAW               ,NC,27708-0000,Private      ,3,14,17,33,2105,2138
00292003,DUKE UNIV - GRAD SCH ARTS & SCIENCE     ,NC,27708-0000,Private      ,1,17,18,35,678,713
00292004,DUKE UNIV - FUQUA SCH OF BUSINESS       ,NC,27708-0000,Private      ,0,36,36,31,1093,1124
00292005,DUKE UNIV/NICHOLAS SCH OF ENVIRON.      ,NC,27708-0000,Private      ,0,0,0,10,270,280
00292006,DUKE UNIV - DIVINITY SCHOOL             ,NC,27708-0000,Private      ,0,3,3,33,615,648
00292007,DUKE UNIV - SCHOOL OF NURSING           ,NC,27710-0000,Private      ,2,7,9,43,411,454
00292300,EAST CAROLINA UNIVERSITY                ,NC,27858-1818,Public       ,207,252,459,15616,8624,24240
00292600,ELIZABETH CITY STATE UNIVERSITY         ,NC,27909-7806,Public       ,37,37,74,3181,1213,4394
00292700,ELON UNIVERSITY                         ,NC,27244-2010,Private      ,37,22,59,5251,682,5933
00292800,FAYETTEVILLE STATE UNIVERSITY           ,NC,28301-4298,Public       ,70,167,237,5006,5137,10143
00292900,GARDNER-WEBB UNIVERSITY                 ,NC,28017-0000,Private      ,33,62,95,1997,2147,4144
00293000,GREENSBORO COLLEGE                      ,NC,27401-1875,Private      ,13,42,55,1229,657,1886
00293100,GUILFORD COLLEGE                        ,NC,27410-4171,Private      ,21,86,107,2101,1947,4048
00293300,HIGH POINT UNIVERSITY                   ,NC,27262-4221,Private      ,30,44,74,2369,1478,3847
00293400,ISOTHERMAL COMMUNITY COLLEGE            ,NC,28160-0804,Public       ,20,71,91,562,1145,1707
00293500,JOHN WESLEY COLLEGE                     ,NC,27265-0000,Private      ,3,6,9,33,149,182
00293600,JOHNSON C SMITH UNIVERSITY              ,NC,28216-5398,Private      ,42,20,62,2998,597,3595
00293700,KING'S COLLEGE-CHARLOTTE                ,NC,28204-2435,Proprietary  ,24,32,56,645,296,941
00293900,LEES MCRAE COLLEGE                      ,NC,28604-0000,Private      ,9,7,16,801,271,1072
00294000,LENOIR COMMUNITY COLLEGE                ,NC,28502-0188,Public       ,17,81,98,667,1773,2440
00294100,LENOIR-RHYNE UNIVERSITY                 ,NC,28603-0000,Private      ,15,13,28,1802,509,2311
00294200,LIVINGSTONE COLLEGE                     ,NC,28144-5298,Private      ,15,8,23,1163,361,1524
00294300,LOUISBURG COLLEGE                       ,NC,27549-2398,Private      ,18,3,21,1035,108,1143
00294400,MARS HILL COLLEGE                       ,NC,28754-0000,Private      ,12,20,32,1233,395,1628
00294500,MEREDITH COLLEGE                        ,NC,27607-5298,Private      ,14,26,40,1719,754,2473
00294600,METHODIST UNIVERSITY                    ,NC,28311-1420,Private      ,13,42,55,1990,1082,3072
00294700,MITCHELL COMMUNITY COLLEGE              ,NC,28677-5264,Public       ,24,61,85,568,1366,1934
00294800,MONTREAT COLLEGE                        ,NC,28757-1267,Private      ,5,120,125,570,845,1415
00294900,MOUNT OLIVE COLLEGE                     ,NC,28365-1299,Private      ,17,167,184,919,3075,3994
00295000,NORTH CAROLINA CENTRAL UNIVERSITY       ,NC,27707-3198,Public       ,92,135,227,7078,6133,13211
00295100,NORTH CAROLINA WESLEYAN COLLEGE         ,NC,27804-8699,Private      ,24,51,75,1169,1034,2203
00295300,PEACE COLLEGE                           ,NC,27604-1194,Private      ,7,10,17,783,204,987
00295400,UNIV OF NORTH CAROLINA AT PEMBROKE      ,NC,28372-1510,Public       ,73,114,187,4559,3037,7596
00295500,PFEIFFER UNIVERSITY                     ,NC,28109-0000,Private      ,5,99,104,829,1217,2046
00295600,PIEDMONT BAPTIST COLLEGE AND GRADUATE SC,NC,27101-5025,Private      ,4,10,14,201,164,365
00295700,QUEENS UNIVERSITY OF CHARLOTTE          ,NC,28274-0001,Private      ,15,73,88,1316,1397,2713
00295800,ROCKINGHAM COMMUNITY COLLEGE            ,NC,27375-0000,Public       ,9,57,66,588,1033,1621
00296000,SALEM COLLEGE                           ,NC,27108-0000,Private      ,7,33,40,498,552,1050
00296100,SANDHILLS COMMUNITY COLLEGE             ,NC,28374-8283,Public       ,45,107,152,1061,2190,3251
00296200,SHAW UNIVERSITY                         ,NC,27601-2393,Private      ,30,58,88,2619,2420,5039
00296300,SOUTHEASTERN BAPTIST THEOL SEMINARY     ,NC,27588-0000,Private      ,1,1,2,38,72,110
00296400,SOUTHEASTERN COMMUNITY COLLEGE          ,NC,28472-5422,Public       ,29,82,111,654,1326,1980
00296700,ST ANDREWS PRESBYTERIAN COLLEGE         ,NC,28352-9979,Private      ,8,3,11,893,127,1020
00296800,ST AUGUSTINES COLLEGE                   ,NC,27610-2298,Private      ,25,31,56,1755,561,2316
00297000,SURRY COMMUNITY COLLEGE                 ,NC,27017-0304,Public       ,14,59,73,893,1177,2070
00297200,NORTH CAROLINA STATE UNIV-RALEIGH       ,NC,27695-1751,Public       ,192,168,360,17637,6391,24028
00297300,GASTON COLLEGE                          ,NC,28034-1499,Public       ,36,152,188,1193,2722,3915
00297400,UNIVERSITY OF N C-CHAPEL HILL           ,NC,27514-0000,Public       ,142,250,392,15628,9919,25547
00297500,UNIVERSITY OF NC AT CHARLOTTE           ,NC,28223-0001,Public       ,164,247,411,12688,7901,20589
00297600,UNIVERSITY OF N C - GREENSBORO          ,NC,27412-0001,Public       ,102,166,268,11880,6844,18724
00297800,WAKE FOREST UNIV - UNDERGRADUATE        ,NC,27109-7246,Private      ,37,7,44,3934,170,4104
00297801,WAKE FOREST UNIV - SCH OF MEDICINE      ,NC,27157-1090,Private      ,1,5,6,27,824,851
00297803,WAKE FOREST UNIVERSITY - SCHOOLS OF BUSI,NC,27109-7659,Private      ,0,9,9,6,459,465
00297805,WAKE FOREST UNIV - SCH OF LAW           ,NC,27109-7206,Private      ,1,6,7,14,929,943
00297806,WAKE FOREST UNIV - GRAD A&S/DIVINITY    ,NC,27109-7246,Private      ,0,8,8,25,379,404
00297900,WARREN WILSON COLLEGE                   ,NC,28815-0000,Private      ,8,5,13,938,286,1224
00298000,WAYNE COMMUNITY COLLEGE                 ,NC,27533-0000,Public       ,38,108,146,1029,2064,3093
00298100,WESTERN CAROLINA UNIVERSITY             ,NC,28723-9731,Public       ,101,91,192,5659,2446,8105
00298200,WESTERN PIEDMONT COMMUNITY COLLEGE      ,NC,28655-4504,Public       ,26,94,120,735,1632,2367
00298300,WILKES COMMUNITY COLLEGE                ,NC,28697-2100,Public       ,26,77,103,749,1050,1799
00298400,UNIVERSITY OF N C-WILMINGTON            ,NC,28403-3297,Public       ,87,115,202,8979,3141,12120
00298500,WINGATE UNIVERSITY                      ,NC,28174-0159,Private      ,22,29,51,1774,670,2444
00298600,WINSTON-SALEM STATE UNIVERSITY          ,NC,27102-0000,Public       ,87,99,186,6243,3461,9704
00398100,UNC SCHOOL OF THE ARTS                  ,NC,27127-2188,Public       ,15,0,15,1084,254,1338
00403300,ASHEVILLE BUNCOMBE TECH CMTY CLG        ,NC,28801-4897,Public       ,58,148,206,1067,2233,3300
00406200,PITT COMMUNITY COLLEGE                  ,NC,28590-0000,Public       ,59,187,246,2108,3447,5555
00483500,CALDWELL COMMUNITY CLG & TECH INST      ,NC,28638-2626,Public       ,28,106,134,944,1744,2688
00483800,GUILFORD TECHNICAL COMMUNITY CLG        ,NC,27282-0309,Public       ,80,224,304,3314,6206,9520
00484400,WAKE TECHNICAL COMMUNITY COLLEGE        ,NC,27603-5696,Public       ,107,305,412,2890,5384,8274
00484500,WILSON COMMUNITY COLLEGE                ,NC,27893-3310,Public       ,15,91,106,450,1477,1927
00499201,MILLER-MOTTE TECHNICAL COLLEGE - MILLER-,NC,27511-9209,Proprietary  ,20,150,170,132,834,966
00531600,COASTAL CAROLINA COMMUNITY COLLEGE      ,NC,28546-6816,Public       ,40,177,217,850,2657,3507
00531700,FORSYTH TECHNICAL COMMUNITY COLLEGE     ,NC,27103-5197,Public       ,47,226,273,1569,4279,5848
00531800,CATAWBA VALLEY COMMUNITY COLLEGE        ,NC,28602-8302,Public       ,36,122,158,1203,2345,3548
00532000,CAPE FEAR COMMUNITY COLLEGE             ,NC,28401-3910,Public       ,73,156,229,2202,2743,4945
00544700,RANDOLPH COMMUNITY COLLEGE              ,NC,27204-1009,Public       ,16,54,70,513,1182,1695
00544800,DURHAM TECHNICAL CMNTY COLLEGE          ,NC,27703-5023,Public       ,33,148,181,838,2865,3703
00544900,CENTRAL CAROLINA COMMUNITY COLLEGE      ,NC,27330-9000,Public       ,29,112,141,878,2275,3153
00546300,ALAMANCE COMMUNITY COLLEGE              ,NC,27253-0000,Public       ,41,103,144,859,2096,2955
00546400,RICHMOND COMMUNITY COLLEGE              ,NC,28345-4522,Public       ,16,58,74,511,1549,2060
00575400,ROWAN-CABARRUS COMMUNITY COLLEGE        ,NC,28145-1595,Public       ,41,159,200,1273,3057,4330
00647700,CABARRUS COLLEGE OF HEALTH SCIENCES     ,NC,28025-0000,Private      ,5,21,26,241,353,594
00647800,MERCY HOSP SCH OF NURSING               ,NC,28207-0000,Public       ,2,13,15,87,285,372
00648300,WATTS SCHOOL OF NURSING                 ,NC,27704-0000,Private      ,2,3,5,71,156,227
00679900,CRAVEN COMMUNITY COLLEGE                ,NC,28562-0000,Public       ,25,90,115,521,1768,2289
00703100,PAMLICO COMMUNITY COLLEGE               ,NC,28529-0000,Public       ,0,10,10,56,217,273
00764000,FAYETTEVILLE TECHNICAL CMTY COLLEGE     ,NC,28303-0236,Public       ,83,367,450,2236,8166,10402
00768700,JAMES SPRUNT COMMUNITY COLLEGE          ,NC,28349-0398,Public       ,12,22,34,290,783,1073
00781400,BROOKSTONE COLLEGE OF BUSINESS          ,NC,28262-0000,Proprietary  ,12,42,54,70,327,397
00781401,BROOKSTONE COLLEGE OF BUSINESS          ,NC,27409-0000,Proprietary  ,7,51,58,50,335,385
00789200,SAMPSON COMMUNITY COLLEGE               ,NC,28328-0000,Public       ,6,28,34,402,1054,1456
00798500,SOUTH PIEDMONT COMMUNITY COLLEGE        ,NC,28135-9703,Public       ,18,54,72,451,1393,1844
00798600,HALIFAX COMMUNITY COLLEGE               ,NC,27890-0089,Public       ,13,47,60,397,1032,1429
00798700,BLADEN COMMUNITY COLLEGE                ,NC,28332-0266,Public       ,19,79,98,364,1242,1606
00798800,MARTIN COMMUNITY COLLEGE                ,NC,27892-8307,Public       ,5,28,33,199,602,801
00808100,CARTERET COMMUNITY COLLEGE              ,NC,28557-2989,Public       ,25,73,98,406,971,1377
00808200,CLEVELAND COMMUNITY COLLEGE             ,NC,28150-0000,Public       ,29,91,120,559,1762,2321
00808300,HAYWOOD COMMUNITY COLLEGE               ,NC,28721-0000,Public       ,20,61,81,394,781,1175
00808500,MCDOWELL TECHNICAL COMMUNITY CLG        ,NC,28752-8728,Public       ,14,42,56,223,604,827
00808700,MONTGOMERY COMMUNITY COLLEGE            ,NC,27371-0787,Public       ,7,24,31,211,615,826
00846600,SOUTHWESTERN COMMUNITY COLLEGE          ,NC,28779-8581,Public       ,16,48,64,517,914,1431
00855700,NASH COMMUNITY COLLEGE                  ,NC,27804-0488,Public       ,22,54,76,697,1279,1976
00855800,BEAUFORT COUNTY COMMUNITY COLLEGE       ,NC,27889-7889,Public       ,12,40,52,394,1020,1414
00861200,ROBESON COMMUNITY COLLEGE               ,NC,28359-2151,Public       ,21,90,111,768,2481,3249
00861300,ROANOKE-CHOWAN COMMUNITY COLLEGE        ,NC,27910-9522,Public       ,9,29,38,268,634,902
00885500,EDGECOMBE COMMUNITY COLLEGE             ,NC,27886-9399,Public       ,11,102,113,379,1428,1807
00885501,EDGECOMBE COMMUNITY COLLEGE             ,NC,27801-0000,Public       ,7,22,29,135,555,690
00902500,SOUTH EASTERN CLG OF BEAUTY CULTURE     ,NC,28204-0000,Proprietary  ,24,52,76,145,346,491
00933600,JOHNSTON COMMUNITY COLLEGE              ,NC,27577-0000,Public       ,20,50,70,735,1612,2347
00943000,TRI-COUNTY COMMUNITY COLLEGE            ,NC,28906-7919,Public       ,17,30,47,251,510,761
00964600,PIEDMONT COMMUNITY COLLEGE              ,NC,27573-1197,Public       ,16,67,83,344,1037,1381
00968400,BLUE RIDGE COMMUNITY COLLEGE            ,NC,28731-9624,Public       ,24,45,69,366,633,999
00974701,GORDON-CONWELL THEO SEM - CHARLOTTE     ,NC,28273-0000,Private      ,0,3,3,1,156,157
00990300,VANCE-GRANVILLE CMTY COLLEGE            ,NC,27536-0917,Public       ,36,125,161,971,2438,3409
01026400,SOUTH COLLEGE                           ,NC,28803-3152,Proprietary  ,11,58,69,56,293,349
01119400,STANLY COMMUNITY COLLEGE                ,NC,28001-7458,Public       ,19,77,96,410,1182,1592
01119700,MAYLAND COMMUNITY COLLEGE               ,NC,28777-2777,Public       ,7,35,42,253,453,706
01179900,PAUL MITCHELL THE SCHOOL FAYETTEVILLE   ,NC,28303-5364,Proprietary  ,1,11,12,13,79,92
01192600,LEON'S BEAUTY SCHOOL                    ,NC,27403-2812,Proprietary  ,7,11,18,74,143,217
02056500,MITCHELL'S HAIR STYLING ACADEMY         ,NC,27893-0000,Proprietary  ,11,20,31,69,132,201
02056501,MITCHELL'S HAIR STYLING ACADEMY - MITCHE,NC,27606-3326,Proprietary  ,0,0,0,15,30,45
02110500,ART INSTITUTE OF CHARLOTTE (THE)        ,NC,28217-0000,Proprietary  ,74,191,265,1328,1302,2630
02170700,BRUNSWICK COMMUNITY COLLEGE             ,NC,28422-0000,Public       ,15,33,48,380,583,963
02205000,COLLEGE OF WILMINGTON                   ,NC,28403-0000,Proprietary  ,4,12,16,11,46,57
02210400,FAYETTEVILLE BEAUTY COLLEGE             ,NC,28303-0000,Proprietary  ,2,14,16,28,92,120
02227800,MITCHELL'S HAIR STYLING ACADEMY         ,NC,27534-0000,Proprietary  ,0,1,1,2,11,13
02227900,MITCHELL'S HAIR STYLING ACADEMY         ,NC,27858-0000,Proprietary  ,0,2,2,9,26,35
02238700,HAIRSTYLING INSTITUTE OF CHARLOTTE      ,NC,28204-0000,Proprietary  ,9,9,18,51,94,145
02280900,ROANOKE BIBLE COLLEGE                   ,NC,27909-0000,Private      ,4,2,6,111,71,182
02286300,CAROLINA BEAUTY COLLEGE                 ,NC,27262-0000,Proprietary  ,20,118,138,178,942,1120
02558900,CHEVEUX SCHOOL OF HAIR DESIGN           ,NC,28540-0000,Proprietary  ,0,0,0,3,18,21
02560600,PINNACLE INSTITUTE OF COSMETOLOGY       ,NC,28115-8020,Proprietary  ,3,5,8,31,30,61
02614201,MILLER-MOTTE BUSINESS COLLEGE           ,NC,28403-0000,Proprietary  ,35,166,201,240,1078,1318
03009500,WINSTON-SALEM BARBER SCHOOL             ,NC,27107-0000,Proprietary  ,3,14,17,34,90,124
03064400,REGENCY BEAUTY INSTITUTE                ,NC,27127-0000,Proprietary  ,4,16,20,46,116,162
03089300,HERITAGE BIBLE COLLEGE                  ,NC,28335-0000,Private      ,0,2,2,19,83,102
03104200,CAROLINAS COLLEGE OF HEALTH SCIENCE     ,NC,28232-2861,Public       ,8,14,22,182,444,626
03104201,CHS NURSE ANESTHESIA PROGRAM / UNCC     ,NC,28232-2861,Public       ,2,5,7,138,147,285
03109000,SCHOOL OF COMMUNICATION ARTS OF NORTH CA,NC,27614-7076,Proprietary  ,30,24,54,387,226,613
03237300,ANSON COLLEGE OF COSMETOLOGY            ,NC,28170-2147,Proprietary  ,0,0,0,1,5,6
03361300,MEDICAL ARTS MASSAGE SCHOOL             ,NC,27616-6453,Proprietary  ,6,27,33,33,190,223
03513400,APEX SCHOOL OF THEOLOGY                 ,NC,27703-8024,Private      ,0,22,22,1,184,185
03555300,SOUTHEASTERN INSTITUTE                  ,NC,28217-0000,Proprietary  ,7,45,52,16,109,125
03555300,SOUTHEASTERN SCHL NEUROMUSCULAR MASSAGE ,NC,28217-0000,Proprietary  ,0,0,0,0,1,1
03555400,SOUTHEASTERN SCHOOL OF NEUROMUSCULAR  MA,NC,29406-0000,Proprietary  ,0,11,11,23,68,91
03570300,CAROLINA CHRISTIAN COLLEGE              ,NC,27105-3241,Private      ,0,2,2,10,36,46
03663300,HOOD THEOLOGICAL SEMINARY               ,NC,28144-5768,Private      ,0,11,11,0,209,209
03748500,LA SHE'S BEAUTY ACADEMY                 ,NC,27707-3569,Proprietary  ,6,17,23,26,113,139
03777300,CAROLINA ACAD OF COSMETIC ART & SCI     ,NC,28054-0460,Proprietary  ,9,45,54,90,217,307
03827300,NEW LIFE THEOLOGICAL SEMINARY           ,NC,28205-1648,Private      ,0,2,2,2,57,59
04101300,CAROLINA SCHOOL OF BROADCASTING         ,NC,28214-8085,Proprietary  ,4,10,14,20,47,67
04115700,REGINA'S COLLEGE OF BEAUTY              ,NC,28110-2831,Proprietary  ,1,4,5,6,35,41
04120300,"FILA ACADEMY, THE                       ",NC,27265-3114,Proprietary  ,0,13,13,1,18,19
00298800,BISMARCK STATE COLLEGE                  ,ND,58501-1299,Public       ,45,87,132,1848,1284,3132
00298900,DICKINSON STATE UNIVERSITY              ,ND,58601-4896,Public       ,14,28,42,1326,697,2023
00299000,JAMESTOWN COLLEGE                       ,ND,58405-3401,Private      ,13,6,19,1013,178,1191
00299100,LAKE REGION STATE COLLEGE               ,ND,58301-1598,Public       ,6,23,29,317,347,664
00299200,UNIVERSITY OF MARY                      ,ND,58504-9652,Private      ,13,80,93,1622,1327,2949
00299300,MAYVILLE STATE UNIVERSITY               ,ND,58257-1299,Public       ,6,7,13,499,191,690
00299400,MINOT STATE UNIVERSITY                  ,ND,58707-0002,Public       ,29,50,79,1573,1491,3064
00299500,MINOT STATE UNIV-BOTTINEAU CAMPUS       ,ND,58318-1159,Public       ,5,19,24,225,217,442
00299600,NORTH DAKOTA STATE CLG OF SCIENCE       ,ND,58076-0002,Public       ,31,40,71,1546,679,2225
00299700,NORTH DAKOTA STATE UNIVERSITY           ,ND,58108-6050,Public       ,79,56,135,8008,2411,10419
00300500,UNIVERSITY OF NORTH DAKOTA              ,ND,58202-8193,Public       ,73,130,203,7175,3806,10981
00300700,WILLISTON STATE COLLEGE                 ,ND,58802-1326,Public       ,5,19,24,285,409,694
00300800,VALLEY CITY STATE UNIVERSITY            ,ND,58072-0000,Public       ,5,8,13,629,190,819
00484600,RASMUSSEN COLLEGE                       ,ND,58103-7196,Proprietary  ,42,168,210,439,1476,1915
00484601,RASMUSSEN COLLEGE - BISMARCK            ,ND,58503-0000,Proprietary  ,0,1,1,0,1,1
00775600,JOSEF'S SCHOOL OF HAIR DESIGN INC       ,ND,58102-4977,Proprietary  ,1,9,10,64,52,116
00935400,MEDCENTER ONE COLLEGE OF NURSING        ,ND,58501-4494,Private      ,1,2,3,56,55,111
01040600,JOSEF'S SCHOOL OF HAIR DESIGN           ,ND,58201-6394,Proprietary  ,3,2,5,56,48,104
01205900,TRINITY BIBLE COLLEGE                   ,ND,58436-7150,Private      ,3,7,10,232,131,363
01229500,R D HAIRSTYLING COLLEGE                 ,ND,58501-4001,Proprietary  ,5,3,8,29,23,52
02188200,SITTING BULL COLLEGE                    ,ND,58538-9721,Public       ,6,40,46,58,361,419
02236500,LITTLE HOOP COMMUNITY COLLEGE           ,ND,58335-0000,Public       ,7,31,38,51,178,229
02242900,UNITED TRIBES TECHNICAL COLLEGE         ,ND,58504-0000,Private      ,15,57,72,253,826,1079
02298200,HEADQUARTERS ACADEMY OF HAIR DESIGN     ,ND,58701-0000,Proprietary  ,4,11,15,28,65,93
02301100,TURTLE MTN CMNTY COLG-FIN AID OFC       ,ND,58316-0000,Private      ,11,30,41,156,391,547
02553700,FORT BERTHOLD COMMUNITY COLLEGE         ,ND,58763-0000,Public       ,8,42,50,55,185,240
03087200,MOLER BARBER CLG OF HAIRSTYLING         ,ND,58103-0000,Proprietary  ,0,2,2,1,11,12
04031300,SALON PROFESSIONAL ACADEMY (THE)        ,ND,58103-3337,Proprietary  ,3,4,7,90,44,134
00301005,ANTIOCH UNIV/SEATTLE                    ,WA,98121-0000,Private      ,0,65,65,20,1057,1077
00376900,BELLEVUE COMMUNITY COLLEGE              ,WA,98007-6484,Public       ,114,275,389,2469,3511,5980
00377000,BIG BEND COMMUNITY COLLEGE              ,WA,98837-3299,Public       ,52,131,183,798,1152,1950
00377100,"CENTRAL WASHINGTON UNIV., FIN AID       ",WA,98926-7495,Public       ,141,132,273,7734,3665,11399
00377200,CENTRALIA COLLEGE                       ,WA,98531-4099,Public       ,38,122,160,848,1230,2078
00377300,CLARK COLLEGE                           ,WA,98663-3598,Public       ,153,511,664,2880,5186,8066
00377400,COLUMBIA BASIN COLLEGE                  ,WA,99301-3379,Public       ,120,306,426,1976,3138,5114
00377500,EASTERN WASHINGTON UNIVERSITY           ,WA,99004-2447,Public       ,134,183,317,7429,5291,12720
00377600,EVERETT COMMUNITY COLLEGE               ,WA,98201-1352,Public       ,77,363,440,1448,3559,5007
00377700,HERITAGE UNIVERSITY                     ,WA,98948-9562,Private      ,8,52,60,350,1377,1727
00377800,GONZAGA UNIVERSITY                      ,WA,99258-0083,Private      ,52,121,173,6147,3053,9200
00377900,GRAYS HARBOR COLLEGE                    ,WA,98520-7599,Public       ,34,110,144,531,1052,1583
00378000,GREEN RIVER COMMUNITY COLLEGE           ,WA,98092-3622,Public       ,100,277,377,1836,2692,4528
00378100,HIGHLINE COMMUNITY COLLEGE              ,WA,98198-9800,Public       ,102,320,422,1844,3335,5179
00378200,LOWER COLUMBIA COLLEGE                  ,WA,98632-0310,Public       ,56,242,298,814,2035,2849
00378300,NORTHWEST UNIVERSITY                    ,WA,98083-0000,Private      ,12,15,27,959,609,1568
00378400,OLYMPIC COLLEGE                         ,WA,98337-1600,Public       ,71,269,340,1193,3030,4223
00378500,PACIFIC LUTHERAN UNIVERSITY             ,WA,98447-0003,Private      ,43,36,79,3838,1443,5281
00378600,PENINSULA COLLEGE                       ,WA,98362-6660,Public       ,17,122,139,410,1085,1495
00378700,SEATTLE CENTRAL COMMUNITY COLLEGE       ,WA,98122-2413,Public       ,104,322,426,2002,4117,6119
00378703,SEATTLE VOCATIONAL INSTITUTE            ,WA,98144-0000,Public       ,17,84,101,88,424,512
00378800,SEATTLE PACIFIC UNIVERSITY              ,WA,98119-1997,Private      ,54,54,108,3991,1410,5401
00379000,SEATTLE UNIVERSITY                      ,WA,98122-1090,Private      ,78,141,219,6182,5585,11767
00379100,SHORELINE COMMUNITY COLLEGE             ,WA,98133-5696,Public       ,66,176,242,1428,2551,3979
00379200,SKAGIT VALLEY COLLEGE                   ,WA,98273-5899,Public       ,58,200,258,1014,2086,3100
00379300,SPOKANE COMMUNITY COLLEGE               ,WA,99207-5399,Public       ,146,640,786,2796,6826,9622
00379400,ST MARTIN'S UNIVERSITY                  ,WA,98503-7500,Private      ,10,26,36,1238,884,2122
00379600,TACOMA COMMUNITY COLLEGE                ,WA,98466-6100,Public       ,102,449,551,2013,5074,7087
00379700,UNIVERSITY OF PUGET SOUND               ,WA,98416-1039,Private      ,29,22,51,3897,783,4680
00379800,UNIVERSITY OF WASHINGTON                ,WA,98195-5880,Public       ,416,506,922,22891,19976,42867
00379900,WALLA WALLA UNIVERSITY                  ,WA,99324-1198,Private      ,22,19,41,1388,635,2023
00380000,WASHINGTON STATE UNIVERSITY             ,WA,99164-1035,Public       ,271,271,542,15809,9397,25206
00380100,WENATCHEE VALLEY COLLEGE                ,WA,98801-1799,Public       ,67,199,266,1058,1996,3054
00380200,WESTERN WASHINGTON UNIVERSITY           ,WA,98225-5946,Public       ,202,121,323,12143,3742,15885
00380300,WHITMAN COLLEGE                         ,WA,99362-2067,Private      ,20,2,22,2195,56,2251
00380400,WHITWORTH UNIVERSITY                    ,WA,99251-0001,Private      ,28,34,62,3124,904,4028
00380500,YAKIMA VALLEY COMMUNITY COLLEGE         ,WA,98907-2520,Public       ,102,272,374,1974,3785,5759
00499800,PUGET SOUND CHRISTIAN COLLEGE           ,WA,98201-3516,Private      ,0,0,0,44,27,71
00499900,BELLINGHAM TECHNICAL COLLEGE            ,WA,98225-0000,Public       ,31,102,133,441,1069,1510
00500000,PIERCE COLLEGE                          ,WA,98498-1919,Public       ,98,406,504,1878,4473,6351
00500100,EDMONDS COMMUNITY COLLEGE               ,WA,98036-5999,Public       ,97,259,356,1446,2736,4182
00500600,WALLA WALLA COMMUNITY COLLEGE           ,WA,99362-9267,Public       ,44,167,211,1164,1954,3118
00530600,BATES TECHNICAL COLLEGE                 ,WA,98405-0000,Public       ,33,224,257,439,1800,2239
00537200,SOUTH PUGET SOUND COMMUNITY COLLEGE     ,WA,98512-6292,Public       ,89,254,343,1383,2718,4101
00537300,LAKE WASHINGTON TECHNICAL COLLEGE       ,WA,98034-8505,Public       ,30,126,156,419,1349,1768
00575200,CLOVER PARK TECHNICAL COLLEGE           ,WA,98499-0000,Public       ,79,378,457,853,3039,3892
00815500,EVERGREEN STATE COLLEGE (THE)           ,WA,98505-0002,Public       ,60,107,167,2976,2925,5901
00844300,ITT TECHNICAL INSTITUTE                 ,WA,98168-3334,Proprietary  ,75,172,247,577,1266,1843
00907901,EVEREST COLLEGE                         ,WA,98684-6950,Proprietary  ,5,58,63,33,153,186
00938700,PERRY TECHNICAL INSTITUTE               ,WA,98903-1239,Private      ,30,62,92,378,503,881
00954400,SPOKANE FALLS COMMUNITY COLLEGE         ,WA,99224-5204,Public       ,132,388,520,2947,4455,7402
00970400,NORTH SEATTLE COMMUNITY COLLEGE         ,WA,98103-3599,Public       ,53,200,253,1102,2542,3644
00970600,SOUTH SEATTLE COMMUNITY COLLEGE         ,WA,98106-1499,Public       ,50,199,249,1188,2052,3240
00973900,GLEN DOW ACAD OF HAIR DESIGN            ,WA,99201-0209,Proprietary  ,15,14,29,111,154,265
01036400,WHATCOM COMMUNITY COLLEGE               ,WA,98226-8003,Public       ,54,137,191,1274,1637,2911
01043400,RENTON TECHNICAL COLLEGE                ,WA,98056-0000,Public       ,35,130,165,467,1587,2054
01148100,DIVERS INSTITUTE OF TECHNOLOGY          ,WA,98107-0667,Proprietary  ,17,52,69,113,360,473
01231500,CORNISH COLLEGE OF THE ARTS             ,WA,98121-4604,Private      ,13,5,18,962,278,1240
01249600,GREENWOOD BEAUTY SCHOOL                 ,WA,98103-0000,Proprietary  ,4,19,23,18,79,97
01302200,CITY UNIVERSITY OF SEATTLE              ,WA,98005-3030,Private      ,9,187,196,105,2367,2472
01309400,BELLINGHAM BEAUTY SCHOOL                ,WA,98225-0000,Proprietary  ,1,5,6,29,64,93
02091701,KAPLAN COLLEGE - SEATTLE                ,WA,98055-4910,Proprietary  ,10,38,48,44,188,232
02105300,BELLEVUE BEAUTY SCHOOL                  ,WA,98007-0000,Proprietary  ,0,3,3,10,24,34
02106700,TRINITY LUTHERAN COLLEGE                ,WA,98201-3569,Private      ,1,0,1,81,37,118
02180000,NORTHWEST INDIAN COLLEGE                ,WA,98226-9278,Public       ,22,83,105,119,468,587
02184200,PAROBA COLLEGE OF COSMETOLOGY           ,WA,98208-0000,Proprietary  ,8,13,21,60,131,191
02202200,STYLEMASTERS COLLEGE OF HAIR DESIGN     ,WA,98632-0000,Proprietary  ,5,12,17,33,80,113
02203300,GENE JUAREZ ACADEMY OF BEAUTY           ,WA,98125-0000,Proprietary  ,47,63,110,365,393,758
02203301,GENE JUAREZ ACADEMY OF BEAUTY           ,WA,98003-0000,Proprietary  ,5,3,8,43,41,84
02222900,INTERNATIONAL AIR & HOSPITALITY ACADEMY ,WA,98661-4835,Proprietary  ,35,30,65,275,209,484
02231100,CROWN COLLEGE                           ,WA,98444-0000,Proprietary  ,0,0,0,13,97,110
02236800,PROFESSIONAL BEAUTY SCHOOL              ,WA,98902-0000,Proprietary  ,10,13,23,31,67,98
02242500,BASTYR UNIVERSITY                       ,WA,98028-0000,Private      ,2,20,22,82,1135,1217
02263107,CAMBRIDGE COLLEGE-BELLEVUE              ,WA,98007-0000,Proprietary  ,0,1,1,0,4,4
02291300,ART INSTITUTE OF SEATTLE                ,WA,98121-1622,Proprietary  ,102,123,225,1942,1602,3544
02300100,EVEREST COLLEGE                         ,WA,98367-1835,Proprietary  ,18,64,82,382,1685,2067
02300103,EVEREST COLLEGE - EVERETT               ,WA,98208-2610,Proprietary  ,27,87,114,36,112,148
02300104,EVEREST COLLEGE - TACOMA                ,WA,98402-3004,Proprietary  ,31,115,146,35,136,171
02326500,INTERFACE COLLEGE                       ,WA,99201-3209,Proprietary  ,4,45,49,28,228,256
02331400,NORTHWEST HAIR ACADEMY                  ,WA,98273-0000,Proprietary  ,16,16,32,84,114,198
02331402,NORTHWEST HAIR ACADEMY - EVERETT        ,WA,98204-0000,Proprietary  ,1,5,6,16,24,40
02345100,PHAGAN'S ORCHARDS BEAUTY SCHOOL         ,WA,98662-0000,Proprietary  ,0,2,2,29,28,57
02504900,ACADEMY OF HAIR DESIGN (THE)            ,WA,98801-0000,Proprietary  ,1,11,12,23,65,88
02541900,BJ'S BEAUTY AND BARBER COLLEGE          ,WA,98409-0000,Proprietary  ,5,14,19,25,100,125
02602100,NORTHWEST COLLEGE OF ART                ,WA,98370-8625,Proprietary  ,0,0,0,135,27,162
02606200,EVEREST COLLEGE                         ,WA,98055-2990,Proprietary  ,33,122,155,436,1591,2027
02617500,EVEREST COLLEGE                         ,WA,98133-9018,Proprietary  ,14,29,43,408,982,1390
02617501,EVEREST COLLEGE - FIFE                  ,WA,98424-2647,Proprietary  ,15,47,62,19,60,79
02617503,EVEREST COLLEGE - VANCOUVER             ,WA,98684-6951,Proprietary  ,9,38,47,15,48,63
02617505,ASHMEAD COLLEGE - NEW EVERETT CAMPUS    ,WA,98201-4022,Proprietary  ,0,0,0,0,2,2
03031406,INTERNATIONAL ACADEMY OF DESIGN AND TECH,WA,98188-3319,Proprietary  ,17,17,34,178,181,359
03065000,CLARE'S BEAUTY COLLEGE                  ,WA,99301-5505,Proprietary  ,2,7,9,26,56,82
03071800,ITT TECHNICAL INSTITUTE                 ,WA,99216-1589,Proprietary  ,63,185,248,469,1031,1500
03099000,CORTIVA INSTITUTE - SEATTLE             ,WA,98109-5474,Proprietary  ,12,32,44,56,218,274
03139500,MONTESSORI SCHOOLS OF WASHINGTON        ,WA,98203-6600,Private      ,0,0,0,0,2,2
03280300,SEATTLE INST OF ORIENTAL MEDICINE       ,WA,98115-0000,Proprietary  ,0,1,1,1,47,48
03283300,NORTHWEST HVAC/R ASSOCIATION & TRAINING ,WA,99202-2125,Private      ,0,2,2,4,40,44
03361600,SEATTLE MIDWIFERY SCHOOL                ,WA,98144-0000,Private      ,0,1,1,7,54,61
03466400,MARS HILL GRADUATE SCHOOL               ,WA,98121-0000,Private      ,0,4,4,0,267,267
03483500,CASCADIA COMMUNITY COLLEGE              ,WA,98011-9510,Public       ,36,52,88,498,674,1172
03490400,EMIL FRIES PIANO HOSPITAL & TRAININ     ,WA,98661-4323,Private      ,0,0,0,1,7,8
03631500,CORTIVA INSTITUTE - BRIAN UTTING SCHOOL ,WA,98109-5211,Proprietary  ,0,1,1,11,50,61
03689400,FAITH EVANGELICAL SEMINARY              ,WA,98407-2607,Private      ,0,13,13,4,155,159
03707500,CHETTA'S ACADEMY OF HAIR AND NAILS      ,WA,98362-4310,Proprietary  ,3,1,4,6,13,19
03724300,DIGIPEN INSTITUTE OF TECHNOLOGY         ,WA,98052-5170,Proprietary  ,5,3,8,648,209,857
03917300,EVERGREEN BEAUTY AND BARBER COLLEGE     ,WA,98208-3759,Proprietary  ,6,18,24,34,126,160
03932500,TOTAL COSMETOLOGY TRAINING CENTER       ,WA,99217-6231,Proprietary  ,4,16,20,39,98,137
03953300,YAKIMA BEAUTY SCHOOL;BEAUTYWORKS        ,WA,98901-2202,Proprietary  ,5,12,17,14,62,76
04043400,ALPINE COLLEGE                          ,WA,99206-5097,Proprietary  ,1,13,14,13,109,122
04120000,SUNNYSIDE BEAUTY ACADEMY                ,WA,98944-8711,Proprietary  ,3,3,6,8,14,22
04127200,VICTORIA'S ACADEMY OF COSMETOLOGY       ,WA,99336-3826,Proprietary  ,11,11,22,26,42,68
04130800,CASCADE BEAUTY COLLEGE                  ,WA,98002-5504,Proprietary  ,2,5,7,2,5,7
00340100,BROWN UNIVERSITY                        ,RI,02912-9127,Private      ,42,2,44,10822,272,11094
00340101,BROWN UNIVERSITY - GRADUATE SCHOOL      ,RI,02912-1827,Private      ,2,39,41,37,1435,1472
00340102,BROWN MEDICAL SCHOOL                    ,RI,02912-0000,Private      ,0,1,1,13,374,387
00340200,BRYANT UNIVERSITY                       ,RI,02917-1284,Private      ,37,12,49,4928,313,5241
00340400,JOHNSON & WALES UNIVERSITY              ,RI,02903-3703,Private      ,229,134,363,16643,3446,20089
00340600,PROVIDENCE COLLEGE                      ,RI,02918-0001,Private      ,28,12,40,6916,477,7393
00340700,RHODE ISLAND COLLEGE                    ,RI,02908-1991,Public       ,74,57,131,5976,2869,8845
00340800,COMMUNITY COLLEGE OF RI - WARWICK       ,RI,02906-0000,Public       ,151,192,343,3624,4168,7792
00340801,COMMUNITY COLLEGE OF RI - LINCOLN       ,RI,02865-4585,Public       ,42,54,96,1462,1571,3033
00340802,COMMUNITY COLLEGE OF RI- PROVIDENCE     ,RI,02905-2313,Public       ,41,64,105,1379,1970,3349
00340900,RHODE ISLAND SCHOOL OF DESIGN           ,RI,02903-2784,Private      ,21,12,33,2230,1067,3297
00341000,ROGER WILLIAMS UNIVERSITY               ,RI,02809-2921,Private      ,48,11,59,6161,1304,7465
00341100,SALVE REGINA UNIVERSITY                 ,RI,02840-4192,Private      ,21,14,35,4063,302,4365
00341400,UNIVERSITY OF RHODE ISLAND              ,RI,02881-0000,Public       ,139,109,248,14658,3140,17798
00659100,ST. JOSEPH HOSP SCH OF NURSING          ,RI,02904-5199,Private      ,0,3,3,42,128,170
00784400,GIBBS COLLEGE                           ,RI,02920-7807,Proprietary  ,28,51,79,506,780,1286
00784500,NEW ENGLAND INSTITUTE OF TECHNOLOGY     ,RI,02886-2266,Private      ,121,196,317,2509,1885,4394
01115900,"SAWYER SCHOOL,THE                       ",RI,02860-4117,Proprietary  ,21,121,142,184,830,1014
02071900,ARTHUR ANGELO SCH COSMET&HAIR DSGN      ,RI,02903-0000,Proprietary  ,19,38,57,123,163,286
02176900,WARWICK ACADEMY OF BEAUTY CULTURE       ,RI,02886-1534,Proprietary  ,11,27,38,88,125,213
02584400,NEW ENGLAND TRACTOR TRAILER TRAINING SCH,RI,02860-1752,Proprietary  ,37,214,251,116,909,1025
03080000,NEWPORT SCHOOL OF HAIRDRESSING          ,RI,02860-4038,Proprietary  ,0,17,17,14,84,98
03115200,MOTORING TECHNICAL TRAINING INST        ,RI,02914-0000,Proprietary  ,19,39,58,99,222,321
03232300,LINCOLN TECHNICAL INSTITUTE             ,RI,02865-4211,Proprietary  ,54,123,177,387,767,1154
03570500,ZION BIBLE COLLEGE                      ,RI,02806-1246,Private      ,2,6,8,142,110,252
03732300,INTERNATIONAL YACHT RESTORATION SCH     ,RI,02840-6720,Private      ,0,0,0,8,26,34
00341700,ALLEN UNIVERSITY                        ,SC,29204-1085,Private      ,22,21,43,710,366,1076
00341800,ANDERSON UNIVERSITY                     ,SC,29621-4035,Private      ,18,23,41,1662,575,2237
00341900,CHARLESTON SOUTHERN UNIVERSITY          ,SC,29406-2160,Private      ,46,48,94,3360,1654,5014
00342000,BENEDICT COLLEGE                        ,SC,29204-1086,Private      ,66,47,113,3275,1311,4586
00342100,BOB JONES UNIVERSITY                    ,SC,29614-1000,Proprietary  ,50,16,66,2153,259,2412
00342200,SOUTHERN WESLEYAN UNIVERSITY            ,SC,29630-1020,Private      ,12,246,258,718,2431,3149
00342300,THE CITADEL                             ,SC,29409-0002,Public       ,32,46,78,2043,849,2892
00342400,CLAFLIN UNIVERSITY                      ,SC,29115-4498,Private      ,54,43,97,2185,915,3100
00342500,CLEMSON UNIVERSITY                      ,SC,29634-0001,Public       ,111,75,186,12085,2718,14803
00342600,UNIV OF SC AT SUMTER                    ,SC,29150-2498,Public       ,12,25,37,665,644,1309
00342700,COKER COLLEGE                           ,SC,29550-3797,Private      ,12,40,52,852,937,1789
00342800,COLLEGE OF CHARLESTON                   ,SC,29424-0100,Public       ,87,43,130,7596,2028,9624
00342900,COLUMBIA INTERNATIONAL UNIVERSITY       ,SC,29203-1599,Private      ,8,17,25,491,637,1128
00343000,COLUMBIA COLLEGE                        ,SC,29203-5998,Private      ,13,36,49,1294,1030,2324
00343100,CONVERSE COLLEGE                        ,SC,29302-0006,Private      ,10,19,29,721,620,1341
00343200,ERSKINE COLLEGE                         ,SC,29639-0000,Private      ,2,1,3,708,24,732
00343201,ERSKINE THEOLOGICAL SEMINARY            ,SC,29639-0000,Private      ,0,4,4,2,167,169
00343400,FURMAN UNIVERSITY                       ,SC,29613-5253,Private      ,14,18,32,2601,276,2877
00343500,LANDER UNIVERSITY                       ,SC,29649-2099,Public       ,26,20,46,2470,776,3246
00343600,LIMESTONE COLLEGE                       ,SC,29340-3799,Private      ,13,132,145,1033,3026,4059
00343700,LUTHERAN THEOLOGICAL SOUTHERN SEM       ,SC,29203-5898,Private      ,0,3,3,1,114,115
00343800,MEDICAL UNIV OF SOUTH CAROLINA - FA     ,SC,29425-1760,Public       ,7,52,59,222,2737,2959
00343900,MORRIS COLLEGE                          ,SC,29150-3599,Private      ,25,14,39,1259,494,1753
00344000,NEWBERRY COLLEGE                        ,SC,29108-2197,Private      ,12,2,14,1368,143,1511
00344100,NORTH GREENVILLE COLLEGE                ,SC,29688-1892,Private      ,11,13,24,2029,295,2324
00344500,PRESBYTERIAN COLLEGE                    ,SC,29325-2503,Private      ,19,1,20,1198,29,1227
00344600,SOUTH CAROLINA STATE UNIVERSITY         ,SC,29117-4427,Public       ,89,84,173,6248,2505,8753
00344700,SPARTANBURG METHODIST COLLEGE           ,SC,29301-5899,Private      ,11,5,16,1160,140,1300
00344800,UNIVERSITY OF SOUTH CAROLINA            ,SC,29208-3999,Public       ,188,243,431,16373,9607,25980
00344900,UNIVERSITY OF SOUTH CAROLINA AIKEN      ,SC,29801-6399,Public       ,23,41,64,2649,1136,3785
00345000,UNIV OF SC AT BEAUFORT                  ,SC,29902-4602,Public       ,16,28,44,732,743,1475
00345100,COASTAL CAROLINA UNIVERSITY             ,SC,29528-0000,Public       ,100,40,140,7666,1598,9264
00345300,UNIV OF SC AT LANCASTER                 ,SC,29721-0889,Public       ,13,29,42,695,665,1360
00345400,UNIV OF SC SYSTEM SALKEHATCHIE          ,SC,29810-0617,Public       ,18,20,38,516,463,979
00345500,VOORHEES COLLEGE                        ,SC,29042-0000,Private      ,18,25,43,587,461,1048
00345600,WINTHROP UNIVERSITY                     ,SC,29733-0001,Public       ,64,53,117,5100,1727,6827
00345700,WOFFORD COLLEGE                         ,SC,29303-3663,Private      ,4,3,7,1476,82,1558
00399000,FLORENCE-DARLINGTON TECH COLLEGE        ,SC,29501-0548,Public       ,87,220,307,2470,3715,6185
00399100,GREENVILLE TECHNICAL COLLEGE            ,SC,29607-2439,Public       ,222,540,762,6636,10300,16936
00399200,PIEDMONT TECHNICAL COLLEGE              ,SC,29648-1467,Public       ,86,252,338,1975,4166,6141
00399300,MIDLANDS TECHNICAL COLLEGE              ,SC,29202-0000,Public       ,214,509,723,6095,9254,15349
00399400,SPARTANBURG COMMUNITY COLLEGE           ,SC,29305-4386,Public       ,107,238,345,2664,3884,6548
00399500,CENTRAL CAROLINA TECHNICAL COLLEGE      ,SC,29150-2499,Public       ,76,258,334,1200,3193,4393
00399600,YORK TECHNICAL COLLEGE                  ,SC,29730-3395,Public       ,105,405,510,2353,4710,7063
00492000,TRIDENT TECHNICAL COLLEGE               ,SC,29423-8067,Public       ,208,544,752,5843,9049,14892
00492300,CLINTON JR COLLEGE                      ,SC,29730-5152,Private      ,4,2,6,99,54,153
00492400,FORREST JUNIOR COLLEGE                  ,SC,29624-2405,Proprietary  ,0,23,23,26,192,218
00492500,HORRY-GEORGETOWN TECH COLLEGE           ,SC,29526-9521,Public       ,122,312,434,2676,4516,7192
00492600,TRI-COUNTY TECHNICAL COLLEGE            ,SC,29670-9133,Public       ,94,178,272,2877,3284,6161
00492700,UNIV OF SC AT UNION                     ,SC,29379-0729,Public       ,10,16,26,187,160,347
00536300,DENMARK TECHNICAL COLLEGE               ,SC,29042-0000,Public       ,109,101,210,895,831,1726
00681500,ORANGEBURG-CALHOUN TECHNICAL COLG       ,SC,29118-8299,Public       ,50,125,175,1279,2232,3511
00695100,UNIVERSITY OF SOUTH CAROLINA UPSTATE    ,SC,29303-9972,Public       ,45,68,113,4274,2223,6497
00760200,NORTHEASTERN TECHNICAL COLLEGE          ,SC,29520-7015,Public       ,13,47,60,497,1068,1565
00922600,FRANCIS MARION UNIVERSITY               ,SC,29501-0000,Public       ,41,35,76,3890,1264,5154
00932200,WILLIAMSBURG TECHNICAL COLLEGE          ,SC,29556-4197,Public       ,23,51,74,331,693,1024
00991000,TECHNICAL COLLEGE OF THE LOWCOUNTRY     ,SC,29902-5441,Public       ,52,141,193,762,1924,2686
00991100,UNIV OF SC-REGIONAL CAMPUSES ADMIN      ,SC,29208-0001,Public       ,1,5,6,107,75,182
01005600,AIKEN TECHNICAL COLLEGE                 ,SC,29802-0696,Public       ,51,171,222,1541,2762,4303
01209200,KENNETH SHULER SCHOOL OF COSMETOLOGY    ,SC,29732-2169,Proprietary  ,0,15,15,12,62,74
01303907,SOUTH UNIVERSITY                        ,SC,29203-6400,Proprietary  ,28,147,175,251,1443,1694
02063700,SHERMAN CLG STRAIGHT CHIROPRACTIC       ,SC,29316-0000,Private      ,0,3,3,8,349,357
02189800,NO AMER INST OF AVIATION OF SO CAR      ,SC,29527-0000,Proprietary  ,0,0,0,1,6,7
02338600,CHARZANNE BEAUTY COLLEGE                ,SC,29649-0000,Proprietary  ,4,12,16,26,93,119
02341100,KENNETH SHULER SCHOOL OF COSMETOLOGY & N,SC,29210-0000,Proprietary  ,25,64,89,156,408,564
02356600,CHARLESTON COSMETOLOGY INSTITUTE        ,SC,29420-0000,Proprietary  ,15,25,40,85,135,220
02552400,ACADEMY OF HAIR TECHNOLOGY              ,SC,29615-2363,Proprietary  ,7,14,21,55,117,172
02567600,SUMTER BEAUTY COLLEGE                   ,SC,29150-0000,Proprietary  ,1,13,14,25,87,112
02614202,MILLER - MOTTE TECHNICAL COLLEGE - NORTH,SC,29406-9239,Proprietary  ,40,218,258,274,1086,1360
03010614,VIRGINIA COLLEGE - GOLF ACADEMY OF AMERI,SC,29579-0000,Proprietary  ,12,15,27,212,215,427
03052300,KENNETH SHULER SCH COSM & HAIR DESG     ,SC,29841-2013,Proprietary  ,5,19,24,41,106,147
03088300,ACADEMY OF COSMETOLOGY                  ,SC,29418-5667,Proprietary  ,3,22,25,24,113,137
03258300,SOUTHERN METHODIST COLLEGE              ,SC,29116-1027,Private      ,1,0,1,10,35,45
03293300,STRAND COLLEGE OF HAIR DESIGN           ,SC,29572-4310,Proprietary  ,3,6,9,25,73,98
03304300,CENTURA COLLEGE                         ,SC,29406-9235,Proprietary  ,37,104,141,193,746,939
03513300,LACY COSMETOLOGY SCHOOL                 ,SC,29803-9084,Proprietary  ,5,10,15,26,60,86
03513301,LACY COSMETOLOGY SCHOOL -               ,SC,29072-0000,Proprietary  ,2,8,10,11,52,63
03513302,LACY COSMETOLOGY SCHOOL -               ,SC,29445-0000,Proprietary  ,2,2,4,3,19,22
03595300,CHARLESTON SCHOOL OF MASSAGE            ,SC,29412-8270,Proprietary  ,1,5,6,14,37,51
03746300,LEGRAND INSTITUTE OF COSMETOLOGY        ,SC,29020-0000,Proprietary  ,2,6,8,22,47,69
03746400,SOUTHEASTERN INSTITUTE                  ,SC,29210-0000,Proprietary  ,4,22,26,58,163,221
03768400,STYLETRENDS BARBER AND HAIRSTYLING ACADE,SC,29730-4511,Proprietary  ,2,10,12,11,55,66
03842300,PLATINUM SHEAR SCHOOL OF COSMETOLOGY    ,SC,29115-0000,Proprietary  ,0,0,0,6,33,39
03856400,W. L. BONNER COLLEGE                    ,SC,29203-0000,Private      ,0,2,2,7,75,82
03892300,HARLEY'S BEAUTY & BARBER CAREER INST.   ,SC,29204-1919,Proprietary  ,1,6,7,14,85,99
04096300,CHARLESTON SCHOOL OF LAW                ,SC,29402-0535,Proprietary  ,0,38,38,0,255,255
00345800,AUGUSTANA COLLEGE                       ,SD,57197-0001,Private      ,8,7,15,1679,198,1877
00345900,BLACK HILLS STATE UNIVERSITY            ,SD,57799-9670,Public       ,32,40,72,2129,1493,3622
00346100,DAKOTA WESLEYAN UNIVERSITY              ,SD,57301-4398,Private      ,3,5,8,606,321,927
00346300,DAKOTA STATE UNIVERSITY                 ,SD,57042-1799,Public       ,12,14,26,1107,538,1645
00346500,MOUNT MARTY COLLEGE                     ,SD,57078-3724,Private      ,6,11,17,574,546,1120
00346600,NORTHERN STATE UNIVERSITY               ,SD,57401-7198,Public       ,14,19,33,1385,629,2014
00346700,PRESENTATION COLLEGE                    ,SD,57401-1299,Private      ,2,30,32,359,545,904
00346900,UNIVERSITY OF SIOUX FALLS               ,SD,57105-1699,Private      ,18,26,44,1237,518,1755
00347000,SOUTH DAKOTA SCH OF MINES & TECH        ,SD,57701-3995,Public       ,14,16,30,1214,508,1722
00347100,SOUTH DAKOTA STATE UNIVERSITY           ,SD,57007-2298,Public       ,63,75,138,7403,2684,10087
00347400,UNIVERSITY OF SOUTH DAKOTA              ,SD,57069-2390,Public       ,61,98,159,4523,3911,8434
00405600,SIOUX FALLS SEMINARY                    ,SD,57105-2729,Private      ,0,5,5,1,96,97
00405700,NATIONAL AMERICAN UNIVERSITY            ,SD,57701-3692,Proprietary  ,70,555,625,564,4778,5342
00405707,NATIONAL AMERICAN UNIVERSITY            ,SD,57105-0000,Proprietary  ,8,11,19,69,269,338
00492900,MCKENNAN HOSP-RADOLOGICAL TECH          ,SD,57101-0000,Private      ,0,0,0,28,8,36
00530900,LAKE AREA TECHNICAL INSTITUTE           ,SD,57201-2869,Public       ,14,12,26,770,358,1128
00598700,AVERA SACRED HEART HOSPITAL SCHOOL OF RA,SD,57078-3899,Private      ,0,0,0,8,5,13
00776400,SOUTHEAST TECHNICAL INST                ,SD,57107-0000,Public       ,28,49,77,1360,964,2324
00828400,MITCHELL TECHNICAL INSTITUTE            ,SD,57301-2002,Public       ,3,6,9,463,296,759
01013800,STEWART SCHOOL                          ,SD,57104-0000,Proprietary  ,6,6,12,117,54,171
01014804,COLORADO TECHNICAL UNIVERSITY           ,SD,57108-2272,Proprietary  ,12,79,91,347,986,1333
01017000,WESTERN DAKOTA TECHNICAL INSTITUTE      ,SD,57701-4018,Public       ,8,19,27,520,756,1276
01147701,SIOUX VALLEY HOSP-MEDICAL TECH          ,SD,57117-5039,Private      ,0,0,0,23,9,32
01465900,OGLALA LAKOTA COLLEGE                   ,SD,57752-0490,Public       ,47,183,230,315,1313,1628
02137100,BLACK HILLS BEAUTY COLLEGE              ,SD,57701-0000,Proprietary  ,5,5,10,67,63,130
02143700,SINTE GLESKA UNIVERSITY                 ,SD,57570-0000,Public       ,21,116,137,135,658,793
02144600,KILIAN COMMUNITY COLLEGE                ,SD,57103-7020,Private      ,15,38,53,129,500,629
02277300,SISSETON WAHPETON COLLEGE               ,SD,57262-0000,Public       ,9,31,40,37,187,224
02297800,HEADLINES ACADEMY                       ,SD,57701-0000,Proprietary  ,3,11,14,43,89,132
00347700,AQUINAS COLLEGE                         ,TN,37205-2086,Private      ,1,5,6,243,675,918
00347701,AQUINAS COLLEGE -  PRIMETIME PROGRAM    ,TN,37214-3644,Private      ,2,32,34,8,320,328
00347800,AUSTIN PEAY STATE UNIVERSITY            ,TN,37044-0002,Public       ,88,290,378,5503,6287,11790
00347900,BELMONT UNIVERSITY                      ,TN,37212-3757,Private      ,45,63,108,4206,1919,6125
00348000,BETHEL COLLEGE                          ,TN,38201-1705,Private      ,15,201,216,1127,2033,3160
00348001,BETHEL COLLEGE - SUCCESS                ,TN,37040-6034,Private      ,0,0,0,0,2,2
00348100,CARSON-NEWMAN COLLEGE                   ,TN,37760-2204,Private      ,30,24,54,2666,528,3194
00348200,CHRISTIAN BROTHERS UNIVERSITY           ,TN,38104-5581,Private      ,20,45,65,1804,1349,3153
00348300,COLUMBIA STATE COMMUNITY COLLEGE        ,TN,38401-5653,Public       ,48,115,163,2155,2389,4544
00348500,CUMBERLAND UNIVERSITY                   ,TN,37087-3554,Private      ,16,36,52,1233,702,1935
00348600,LIPSCOMB UNIVERSITY                     ,TN,37204-3951,Private      ,24,56,80,2450,804,3254
00348700,EAST TENNESSEE STATE UNIV - MAIN CAMPUS ,TN,37614-2857,Public       ,104,176,280,7769,5289,13058
00348701,EAST TENNESSEE STATE UNIV - MEDICINE    ,TN,37614-1708,Public       ,3,2,5,79,350,429
00348709,EAST TENNESSEE STATE UNIV - PHARMACY    ,TN,37614-1704,Public       ,2,1,3,1251,668,1919
00349000,FISK UNIVERSITY                         ,TN,37208-3045,Private      ,21,16,37,1436,392,1828
00349200,FREED-HARDEMAN UNIVERSITY               ,TN,38340-2399,Private      ,21,43,64,1599,821,2420
00349400,HIWASSEE COLLEGE                        ,TN,37354-4001,Private      ,4,4,8,452,112,564
00349500,JOHNSON BIBLE COLLEGE                   ,TN,37998-9775,Private      ,5,8,13,585,260,845
00349600,KING COLLEGE                            ,TN,37620-2699,Private      ,8,27,35,1073,856,1929
00349800,LAMBUTH UNIVERSITY                      ,TN,38301-5296,Private      ,14,16,30,1082,307,1389
00349900,LANE COLLEGE                            ,TN,38301-4598,Private      ,46,61,107,2265,845,3110
00350000,LEE UNIVERSITY                          ,TN,37320-0000,Private      ,48,52,100,3132,1150,4282
00350100,LEMOYNE-OWEN COLLEGE                    ,TN,38126-6510,Private      ,17,28,45,648,827,1475
00350200,LINCOLN MEMORIAL UNIVERSITY             ,TN,37752-7920,Private      ,20,47,67,1268,2609,3877
00350400,MARTIN METHODIST COLLEGE                ,TN,38478-2799,Private      ,7,18,25,738,433,1171
00350500,MARYVILLE COLLEGE                       ,TN,37804-5907,Private      ,20,4,24,1834,171,2005
00350600,MEHARRY MEDICAL COLLEGE                 ,TN,37208-0000,Private      ,0,6,6,42,1155,1197
00350700,MEMPHIS COLLEGE OF ART                  ,TN,38104-2764,Private      ,8,2,10,501,162,663
00350900,UNIVERSITY OF MEMPHIS (THE)             ,TN,38152-4611,Public       ,234,389,623,13246,13363,26609
00351000,MIDDLE TENNESSEE STATE UNIV             ,TN,37130-0000,Public       ,265,293,558,18219,8598,26817
00351100,MILLIGAN COLLEGE                        ,TN,37682-4001,Private      ,6,26,32,901,471,1372
00351700,SOUTHERN COLLEGE OF OPTOMETRY           ,TN,38104-2222,Private      ,0,2,2,10,557,567
00351800,SOUTHERN ADVENTIST UNIVERSITY           ,TN,37315-0370,Private      ,26,14,40,1993,569,2562
00351900,RHODES COLLEGE                          ,TN,38112-1690,Private      ,17,12,29,2121,189,2310
00352200,TENNESSEE STATE UNIVERSITY              ,TN,37209-1561,Public       ,155,209,364,9563,7111,16674
00352300,TENNESSEE TECHNOLOGICAL UNIV            ,TN,38505-0001,Public       ,63,139,202,7336,3265,10601
00352400,TENNESSEE TEMPLE UNIVERSITY             ,TN,37404-3587,Private      ,4,16,20,565,231,796
00352500,TENNESSEE WESLEYAN COLLEGE              ,TN,37371-0040,Private      ,5,8,13,880,389,1269
00352600,TREVECCA NAZARENE UNIVERSITY            ,TN,37210-2877,Private      ,8,126,134,1061,1790,2851
00352700,TUSCULUM COLLEGE                        ,TN,37743-0001,Private      ,37,96,133,1719,2010,3729
00352800,UNION UNIVERSITY                        ,TN,38305-3697,Private      ,20,124,144,2014,1810,3824
00352900,UNIVERSITY OF TENNESSEE-CHATTANOOGA     ,TN,37403-2598,Public       ,115,123,238,8975,3295,12270
00353000,UNIVERSITY OF TENNESSEE-KNOXVILLE       ,TN,37996-0150,Public       ,289,183,472,22766,7974,30740
00353006,UNIVERSITY OF TENNESSEE-HEALTH SCI CTR  ,TN,38103-0000,Public       ,3,27,30,311,2812,3123
00353100,UNIVERSITY OF TENNESSEE-MARTIN          ,TN,38238-0002,Public       ,80,109,189,6382,2546,8928
00353400,UNIVERSITY OF THE SOUTH                 ,TN,37383-1000,Private      ,12,5,17,1413,59,1472
00353500,VANDERBILT UNIVERSITY                   ,TN,37240-0001,Private      ,71,76,147,7748,4579,12327
00353501,VANDERBILT UNIV MED CTR ALLIEDHEAL      ,TN,37232-5510,Private      ,0,1,1,22,151,173
00353502,VANDERBILT UNIV - SCH OF MED            ,TN,37232-0000,Private      ,4,3,7,58,849,907
00353600,BRYAN COLLEGE                           ,TN,37321-7000,Private      ,8,35,43,942,416,1358
00399800,CHATTANOOGA STATE COMMUNITY COLLEGE     ,TN,37406-1097,Public       ,116,318,434,3489,5223,8712
00399900,CLEVELAND STATE COMMUNITY COLLEGE       ,TN,37312-2858,Public       ,29,92,121,1278,1724,3002
00402500,TN TECHNOLOGY CTR AT KNOXVILLE          ,TN,37919-2327,Public       ,27,120,147,362,926,1288
00402600,TENNESSEE TECH. CNTR AT CROSSVILLE      ,TN,38555-4142,Public       ,17,76,93,237,446,683
00461700,NATIONAL COLLEGE OF BUSINESS & TECH     ,TN,37211-6605,Proprietary  ,27,297,324,206,1737,1943
00493400,DRAUGHONS JR CLG OF BUSINESS            ,TN,37217-1056,Proprietary  ,71,327,398,492,2615,3107
00493700,JACKSON STATE COMMUNITY COLLEGE         ,TN,38301-3797,Public       ,65,149,214,2351,2909,5260
00493800,SOUTH COLLEGE                           ,TN,37909-3323,Proprietary  ,33,165,198,358,1509,1867
00494700,WEST TENNESSEE BUSINESS COLLEGE         ,TN,38301-3256,Proprietary  ,12,76,88,90,528,618
00528000,TN TECHNOLOGY CTR AT COVINGTON          ,TN,38019-0249,Public       ,10,23,33,110,232,342
00528100,TN TECHNOLOGY CTR AT ELIZABETHTON       ,TN,37643-0789,Public       ,22,62,84,209,774,983
00528200,TN TECHNOLOGY CTR AT HARTSVILLE         ,TN,37074-0000,Public       ,3,10,13,140,291,431
00528300,TN TECHNOLOGY CTR AT NEWBERN            ,TN,38059-1198,Public       ,7,29,36,121,404,525
00530700,TN TECHNOLOGY CTR AT MCMINNVILLE        ,TN,37110-1322,Public       ,9,14,23,121,380,501
00535100,TENNESSEE TECHNOLOGY CENTER AT MORRISTOW,TN,37813-2094,Public       ,14,54,68,373,851,1224
00535200,TN TECHNOLOGY CENTER AT MCKENZIE        ,TN,38201-1620,Public       ,9,30,39,145,340,485
00535300,TN TECHNOLOGY CENTER AT LIVINGSTON      ,TN,38570-0219,Public       ,14,49,63,244,486,730
00535400,TN TECHNOLOGY CTR AT JACKSON            ,TN,38301-0000,Public       ,9,18,27,348,832,1180
00535600,TENNESSEE TECHNOLOGY CENTER AT HOHENWALD,TN,38462-0000,Public       ,8,58,66,206,484,690
00535700,TENNESSEE TECHNOLOGY CENTER AT CRUMP    ,TN,38327-3402,Public       ,7,30,37,164,419,583
00535800,TN TECHNOLOGY CENTER AT ATHENS          ,TN,37371-0848,Public       ,4,13,17,160,303,463
00535900,TENNESSEE TECHNOLOGY CENTER AT NASHVILLE,TN,37209-0000,Public       ,22,97,119,401,1108,1509
00536000,TENNESSEE TECHNOLOGY CENTER AT MEMPHIS  ,TN,38105-3604,Public       ,33,111,144,667,1705,2372
00537800,NORTHEAST STATE TECH CMNTY COLG         ,TN,37617-0246,Public       ,67,143,210,2392,3118,5510
00537900,TN TECHNOLOGY CTR AT SHELBYVILLE        ,TN,37160-3697,Public       ,4,28,32,323,719,1042
00683500,DYERSBURG STATE COMMUNITY COLLEGE       ,TN,38024-0000,Public       ,46,81,127,1285,1842,3127
00683600,MOTLOW STATE COMMUNITY COLLEGE          ,TN,37388-7972,Public       ,77,128,205,1944,2124,4068
00743900,FOUNTAINHEAD COLLEGE OF TECHNOLOGY      ,TN,37918-2583,Proprietary  ,6,14,20,96,182,278
00744000,NASHVILLE AUTO DIESEL COLLEGE           ,TN,37206-3298,Proprietary  ,308,101,409,2510,832,3342
00778200,TENNESSEE TECHNOLOGY CENTER AT DICKSON  ,TN,37055-0000,Public       ,26,92,118,263,663,926
00778300,MIDDLE TENNESSEE SCH OF ANESTHESIA      ,TN,37116-0417,Private      ,0,1,1,7,152,159
00814500,NASHVILLE STATE TECH CMNTY COLLEGE      ,TN,37209-0000,Public       ,82,212,294,2224,4506,6730
00865500,GENESIS CAREER COLLEGE OF COOKEVILLE    ,TN,38501-1959,Proprietary  ,6,22,28,45,123,168
00885900,JOHN A GUPTON COLLEGE                   ,TN,37203-2934,Private      ,3,5,8,64,109,173
00886300,WALTERS STATE COMMUNITY COLLEGE         ,TN,37813-6899,Public       ,65,175,240,2979,3143,6122
00946400,TN TECHNOLOGY CTR AT PULASKI            ,TN,38478-4541,Public       ,6,39,45,108,383,491
00956700,TENNESSEE SCHOOL OF BEAUTY              ,TN,37921-3303,Proprietary  ,10,24,34,105,191,296
00971000,TENNESSEE TECHNOLOGY CENTER AT ONEIDA/HU,TN,37756-4149,Public       ,8,25,33,73,233,306
00991200,VOLUNTEER STATE COMMUNITY COLLEGE       ,TN,37066-3188,Public       ,72,190,262,2825,3428,6253
00991400,ROANE STATE COMMUNITY COLLEGE           ,TN,37748-8664,Public       ,64,124,188,2679,3043,5722
00998200,CRICHTON COLLEGE                        ,TN,38111-4745,Private      ,11,78,89,600,1323,1923
01021700,INTERNATIONAL ACADEMY OF DESIGN & TECH  ,TN,37212-0000,Proprietary  ,32,57,89,715,864,1579
01032600,TN TECHNOLOGY CTR AT HARRIMAN           ,TN,37748-1109,Public       ,10,45,55,133,263,396
01043900,SOUTHWEST TENNESSEE COMMUNITY COLLG     ,TN,38104-3322,Public       ,175,440,615,5209,9769,14978
01044700,"PLAZA BEAUTY SCHOOL, INC.               ",TN,38117-4822,Proprietary  ,6,20,26,59,134,193
01046000,AMERICAN BAPTIST THEOLOGICAL SEMINA     ,TN,37207-4994,Private      ,0,4,4,20,98,118
01052900,MEMPHIS THEOLOGICAL SEMINARY            ,TN,38104-0000,Private      ,0,12,12,5,197,202
01070000,TN TECHNOLOGY CENTER AT JACKSBORO       ,TN,37757-2461,Public       ,2,8,10,92,194,286
01155300,WM R MOORE COLLEGE OF TECHNOLOGY        ,TN,38104-0000,Private      ,3,10,13,65,90,155
01216400,TENNESSEE TECHNICAL CNTR AT RIPLEY      ,TN,38063-7359,Public       ,6,37,43,60,256,316
01254700,EMMANUEL SCHOOL OF RELIGION             ,TN,37601-0000,Private      ,0,3,3,1,54,55
01269300,PELLISSIPPI STATE COMMUNITY COLLEGE     ,TN,37933-0990,Public       ,147,214,361,3874,3491,7365
02092800,TENNESSEE TECHNOLOGY CENTER AT WHITEVILL,TN,38075-0000,Public       ,5,30,35,116,240,356
02103500,TN TECHNOLOGY CTR AT MURFREESBORO       ,TN,37129-0000,Public       ,7,18,25,208,399,607
02106400,O'MORE COLLEGE OF DESIGN                ,TN,37064-0000,Private      ,3,3,6,207,71,278
02125300,NASHVILLE CLG OF MEDICAL CAREERS        ,TN,37115-0000,Proprietary  ,5,61,66,44,287,331
02153100,JON NAVE UNIVERSITY OF COSMETOLOGY      ,TN,37013-3347,Proprietary  ,16,30,46,111,164,275
02157100,CONCORDE CAREER COLLEGE                 ,TN,38137-0000,Proprietary  ,30,228,258,304,1611,1915
02188300,PENTECOSTAL THEOLOGICAL SEMINARY        ,TN,37320-0000,Private      ,0,8,8,3,229,232
02204200,"CHATTANOOGA COLLEGE - MEDICAL, DENTAL AN",TN,37411-0000,Proprietary  ,5,49,54,35,323,358
02237900,TN TECHNOLOGY CENTER AT PARIS           ,TN,38242-0000,Public       ,5,23,28,150,602,752
02257400,ARNOLD'S BEAUTY SCHOOL                  ,TN,38358-0000,Proprietary  ,8,14,22,32,74,106
02263104,HIGH-TECH INSTITUTE - NASHVILLE         ,TN,37214-2531,Proprietary  ,2,7,9,3,15,18
02275500,REUBEN-ALLEN COLLEGE                    ,TN,37922-0000,Proprietary  ,1,2,3,26,29,55
02278700,MR WAYNES SCH OF UNISEX HAIR DESIGN     ,TN,38501-0000,Proprietary  ,2,10,12,7,37,44
02293900,VOLUNTEER BEAUTY ACADEMY-NASHVILLE      ,TN,37115-2112,Proprietary  ,6,13,19,33,89,122
02294000,VOLUNTEER BEAUTY ACADEMY-DYERSBURG      ,TN,38024-1622,Proprietary  ,2,10,12,39,94,133
02326200,KAPLAN CAREER INSTITUTE                 ,TN,37217-1342,Proprietary  ,16,143,159,76,568,644
02326202,KAPLAN CAREER INSTITUTE - THOMPSON LANE ,TN,37204-3692,Proprietary  ,0,4,4,0,12,12
02326300,MEDVANCE INSTITUTE                      ,TN,38501-4305,Proprietary  ,70,229,299,410,1431,1841
02335900,VOLUNTEER BEAUTY ACADEMY-NASHVILLE      ,TN,37209-3033,Proprietary  ,1,6,7,27,67,94
02359800,ITT TECHNICAL INSTITUTE                 ,TN,37214-3717,Proprietary  ,202,459,661,1299,2649,3948
02498000,NEW WAVE HAIR ACADEMY                   ,TN,38128-0000,Proprietary  ,3,23,26,57,194,251
02539800,QUEEN CITY COLLEGE                      ,TN,37042-0000,Proprietary  ,1,38,39,37,205,242
02540000,TENNESSEE ACADEMY OF COSMETOLOGY        ,TN,38133-0000,Proprietary  ,9,23,32,64,145,209
02578200,NOSSI COLLEGE OF ART                    ,TN,37072-0000,Proprietary  ,8,26,34,256,355,611
02595000,FAYETTEVILLE BEAUTY SCHOOL              ,TN,37334-2909,Proprietary  ,1,11,12,40,79,119
02597600,NEW WAVE HAIR ACADEMY                   ,TN,38301-3812,Proprietary  ,6,27,33,56,232,288
02599710,VATTEROTT COLLEGE - MEMPHIS             ,TN,38132-1714,Proprietary  ,16,130,146,151,899,1050
02605501,REMINGTON COLLEGE - MEMPHIS CAMPUS      ,TN,38132-0000,Proprietary  ,25,208,233,357,1552,1909
02614200,MILLER MOTTE BUSINESS COLLEGE           ,TN,37040-6023,Proprietary  ,23,133,156,190,878,1068
02614203,MILLER - MOTTE TECHNICAL COLLEGE - CHATT,TN,37421-7220,Proprietary  ,31,161,192,271,1054,1325
02614204,MILLER - MOTTE TECHNICAL COLLEGE - GOODL,TN,37072-1870,Proprietary  ,6,46,52,56,324,380
03001800,FREE WILL BAPTIST BIBLE COLLEGE         ,TN,37205-2498,Private      ,7,4,11,239,108,347
03008800,FRANKLIN ACADEMY                        ,TN,37312-3939,Private      ,1,9,10,22,54,76
03010606,VIRGINIA COLLEGE - SCH OF BUSNSS & HLTH ,TN,37411-5600,Proprietary  ,0,7,7,13,87,100
03012500,NEW WAVE HAIR ACADEMY                   ,TN,38111-4253,Proprietary  ,23,67,90,119,446,565
03024900,TENNESSEE ACADEMY OF COSMETOLOGY        ,TN,38125-3442,Proprietary  ,3,18,21,40,151,191
03061100,GENESIS CAREER COLLEGE OF LEBANON       ,TN,37087-2718,Proprietary  ,11,60,71,69,291,360
03073400,ITT TECHNICAL INSTITUTE                 ,TN,37932-3343,Proprietary  ,247,461,708,1541,2595,4136
03076405,HIGH-TECH INSTITUTE - MEMPHIS           ,TN,38134-7345,Proprietary  ,4,6,10,10,23,33
03079100,NORTH CENTRAL INSTITUTE                 ,TN,37042-3116,Proprietary  ,3,2,5,16,62,78
03088800,WATKINS INSTITUTE COLLEGE OF ART & DESIG,TN,37228-1306,Private      ,11,1,12,339,225,564
03126900,STYLES & PROFILES BEAUTY COLLEGE        ,TN,38375-2109,Proprietary  ,2,5,7,7,25,32
03149300,NEW DIRECTIONS HAIR ACADEMY             ,TN,37209-0000,Proprietary  ,6,62,68,113,355,468
03355400,RICHMONT GRADUATE UNIVERSITY            ,TN,37404-0000,Private      ,0,1,1,5,104,109
03440300,BAPTIST MEMORIAL COLLEGE OF HEALTH      ,TN,38104-3104,Private      ,8,20,28,612,1155,1767
03454300,TENNESSEE CAREER COLLEGE                ,TN,37214-2945,Proprietary  ,0,6,6,22,143,165
03480303,MEDVANCE INSTITUTE - NASHVILLE          ,TN,37203-1536,Proprietary  ,0,2,2,0,2,2
03487300,TEMPLE BAPTIST SEMINARY                 ,TN,37404-0000,Private      ,0,0,0,8,25,33
03513500,WILLIAMSON CHRISTIAN COLLEGE            ,TN,37067-8237,Private      ,1,15,16,6,71,77
03647300,NEW CONCEPTS SCHOOL OF COSMETOLOGY      ,TN,37311-7373,Proprietary  ,6,7,13,14,51,65
03683300,INTERNATIONAL BARBER & STYLE COLLEGE    ,TN,37209-0000,Proprietary  ,1,28,29,35,234,269
03774300,PYRAMID BEAUTY SCHOOL                   ,TN,38104-2324,Proprietary  ,0,0,0,9,23,32
03774400,SHEAR ACADEMY                           ,TN,38555-4177,Proprietary  ,3,6,9,14,29,43
03830300,SAE INSTITUTE OF TECHNOLOGY             ,TN,37203-4310,Proprietary  ,17,24,41,178,195,373
03841300,CAREER BEAUTY COLLEGE                   ,TN,38464-3634,Proprietary  ,1,11,12,11,39,50
03920300,INSTITUTE OF HAIR DESIGN                ,TN,38310-1801,Proprietary  ,1,7,8,21,64,85
03930300,BUCHANAN BEAUTY COLLEGE                 ,TN,37160-2741,Proprietary  ,1,8,9,9,39,48
03982300,VISIBLE SCHOOL - MUSIC AND WORSHIPS ARTS,TN,38104-5814,Private      ,0,1,1,45,33,78
04025300,LAST MINUTE CUTS SCHOOL OF BARBERING AND,TN,38109-7709,Proprietary  ,3,14,17,22,94,116
04035300,NAVE COSMETOLOGY ACADEMY                ,TN,38401-6335,Proprietary  ,8,19,27,41,169,210
04037400,MASON ACADEMY OF COSMETOLOGY            ,TN,38049-7048,Proprietary  ,0,0,0,1,5,6
04124100,ELITE COLLEGE OF COSMETOLOGY            ,TN,38351-1431,Proprietary  ,1,9,10,11,36,47
00353700,ABILENE CHRISTIAN UNIVERSITY            ,TX,79699-3701,Private      ,48,64,112,3911,1198,5109
00353900,ALVIN COMMUNITY COLLEGE                 ,TX,77511-4807,Public       ,33,94,127,791,1569,2360
00354000,AMARILLO COLLEGE                        ,TX,79109-2446,Public       ,83,250,333,2488,4871,7359
00354100,ANGELO STATE UNIVERSITY                 ,TX,76909-5069,Public       ,75,61,136,4908,2068,6976
00354300,AUSTIN COLLEGE                          ,TX,75090-4440,Private      ,15,2,17,1565,118,1683
00354400,AUSTIN PRESBYTERIAN THEOLOGICAL SEM     ,TX,78705-5797,Private      ,0,0,0,1,124,125
00354500,BAYLOR UNIVERSITY                       ,TX,76798-1458,Private      ,224,84,308,13846,3339,17185
00354600,COASTAL BEND COLLEGE                    ,TX,78102-2197,Public       ,59,120,179,1289,1860,3149
00354900,BLINN COLLEGE                           ,TX,77833-4098,Public       ,173,132,305,7308,3205,10513
00355300,CISCO JUNIOR COLLEGE                    ,TX,76437-9803,Public       ,57,75,132,1550,1778,3328
00355400,CLARENDON COLLEGE                       ,TX,79226-0000,Public       ,22,27,49,388,320,708
00355600,COMMONWEALTH INST OF FUNERAL SVC        ,TX,77090-5918,Private      ,7,14,21,47,153,200
00355700,CONCORDIA UNIVERSITY TEXAS              ,TX,78726-4141,Private      ,6,111,117,998,1590,2588
00355800,NORTH CENTRAL TEXAS COLLEGE             ,TX,76240-4699,Public       ,58,119,177,1744,2249,3993
00356000,DALLAS BAPTIST UNIVERSITY               ,TX,75211-9299,Private      ,39,192,231,2177,3283,5460
00356100,CEDAR VALLEY COLLEGE                    ,TX,75134-0000,Public       ,59,170,229,1498,2609,4107
00356200,DALLAS THEOLOGICAL SEM                  ,TX,75204-0000,Private      ,0,22,22,9,558,567
00356300,DEL MAR COLLEGE                         ,TX,78404-3897,Public       ,111,277,388,3927,5693,9620
00356400,EAST TEXAS BAPTIST UNIVERSITY           ,TX,75670-1423,Private      ,12,2,14,1506,332,1838
00356500,TEXAS A&M UNIVERSITY - COMMERCE         ,TX,75429-3011,Public       ,75,173,248,3546,5018,8564
00356600,EPISCOPAL THEOL SEM OF THE STHWST       ,TX,78768-0000,Private      ,0,1,1,0,6,6
00356800,FRANK PHILLIPS COLLEGE                  ,TX,79008-0000,Public       ,16,46,62,355,507,862
00357000,GRAYSON COUNTY COLLEGE                  ,TX,75020-8299,Public       ,27,99,126,1145,2051,3196
00357100,HARDIN-SIMMONS UNIVERSITY               ,TX,79698-6050,Private      ,25,15,40,2035,934,2969
00357200,TRINITY VALLEY COMMUNITY COLLEGE        ,TX,75751-2734,Public       ,69,156,225,1574,2704,4278
00357300,HILL COLLEGE                            ,TX,76645-2711,Public       ,14,33,47,572,608,1180
00357301,HILL COLLEGE                            ,TX,76031-0000,Public       ,28,56,84,487,1036,1523
00357400,HOWARD COLLEGE                          ,TX,79720-0213,Public       ,29,65,94,1002,1610,2612
00357500,HOWARD PAYNE UNIVERSITY                 ,TX,76801-2715,Private      ,19,16,35,1339,384,1723
00357600,HOUSTON BAPTIST UNIVERSITY              ,TX,77074-3298,Private      ,53,62,115,2328,1759,4087
00357700,HUSTON - TILLOTSON UNIVERSITY           ,TX,78702-2795,Private      ,20,24,44,777,461,1238
00357800,UNIVERSITY OF THE INCARNATE WORD        ,TX,78209-6398,Private      ,75,172,247,3655,3846,7501
00357900,JACKSONVILLE COLLEGE                    ,TX,75766-4759,Private      ,7,16,23,208,140,348
00358000,KILGORE COLLEGE                         ,TX,75662-3299,Public       ,54,106,160,2235,2955,5190
00358100,LAMAR UNIVERSITY-BEAUMONT               ,TX,77710-0042,Public       ,158,251,409,5880,4375,10255
00358200,LAREDO COMMUNITY COLLEGE                ,TX,78040-4395,Public       ,103,118,221,4085,3318,7403
00358300,LEE COLLEGE                             ,TX,77520-4796,Public       ,43,159,202,1181,2910,4091
00358400,LETOURNEAU UNIVERSITY                   ,TX,75607-0000,Private      ,21,284,305,1474,3429,4903
00358500,LON MORRIS COLLEGE                      ,TX,75766-2900,Private      ,8,6,14,356,104,460
00358600,LUBBOCK CHRISTIAN UNIVERSITY            ,TX,79407-2099,Private      ,13,42,55,1421,1083,2504
00358800,UNIVERSITY OF MARY HARDIN-BAYLOR        ,TX,76513-2599,Private      ,34,27,61,2309,1255,3564
00359000,MCLENNAN COMMUNITY COLLEGE              ,TX,76708-1498,Public       ,81,155,236,3250,5171,8421
00359100,MCMURRY UNIVERSITY                      ,TX,79697-0001,Private      ,22,22,44,1599,624,2223
00359200,MIDWESTERN STATE UNIVERSITY             ,TX,76308-2099,Public       ,76,82,158,3391,2471,5862
00359300,NAVARRO COLLEGE                         ,TX,75110-4818,Public       ,113,194,307,2707,3489,6196
00359400,UNIVERSITY OF NORTH TEXAS               ,TX,76203-1370,Public       ,365,478,843,21254,14462,35716
00359500,OBLATE SCHOOL OF THEOLOGY               ,TX,78216-0000,Private      ,0,4,4,0,12,12
00359600,ODESSA COLLEGE                          ,TX,79764-7127,Public       ,35,80,115,1246,2100,3346
00359800,OUR LADY OF THE LAKE UNIVERSITY         ,TX,78207-4689,Private      ,36,87,123,2056,2377,4433
00359900,UNIVERSITY OF TEXAS - PAN AMERICAN      ,TX,78541-2999,Public       ,305,263,568,12783,8334,21117
00360000,PANOLA COLLEGE                          ,TX,75633-2397,Public       ,22,49,71,774,984,1758
00360100,PARIS JR COLLEGE                        ,TX,75460-6298,Public       ,77,165,242,1454,2167,3621
00360200,PAUL QUINN COLLEGE                      ,TX,75241-4398,Private      ,10,25,35,564,864,1428
00360300,RANGER COLLEGE                          ,TX,76470-3298,Public       ,15,8,23,463,261,724
00360400,RICE UNIVERSITY                         ,TX,77251-1892,Private      ,58,35,93,5289,1573,6862
00360600,SAM HOUSTON STATE UNIVERSITY            ,TX,77340-0000,Public       ,195,191,386,11913,5564,17477
00360700,ALAMO CMTY CLG DISTRICT PROGRAM         ,TX,78207-0000,Public       ,6,25,31,191,258,449
00360800,ST PHILLIPS COLLEGE                     ,TX,78203-2098,Public       ,146,460,606,4007,7952,11959
00360900,SAN JACINTO CLG-CENTRAL-NORTH-SOUTH     ,TX,77501-0000,Public       ,238,454,692,5400,7713,13113
00361000,SCHREINER UNIVERSITY                    ,TX,78028-5697,Private      ,11,11,22,1034,426,1460
00361100,SOUTH PLAINS COLLEGE                    ,TX,79336-6504,Public       ,96,132,228,4131,4107,8238
00361200,UNIV OF HOUSTON-DOWNTOWN                ,TX,77002-1001,Public       ,155,289,444,5256,7796,13052
00361300,SOUTHERN METHODIST UNIVERSITY           ,TX,75275-0181,Private      ,60,95,155,4846,4489,9335
00361400,SOUTHWEST TEXAS JR COLLEGE              ,TX,78801-6221,Public       ,76,113,189,1918,2400,4318
00361500,TEXAS STATE UNIVERSITY--SAN MARCOS      ,TX,78666-4602,Public       ,378,364,742,19222,10367,29589
00361600,SOUTHWESTERN ASSEMBLIES OF GOD UNIV     ,TX,75165-2397,Private      ,29,40,69,1252,936,2188
00361700,SOUTHWESTERN BAPTIST THEOL SEMINARY     ,TX,76122-0000,Private      ,0,14,14,31,177,208
00361800,SOUTHWESTERN CHRISTIAN COLLEGE          ,TX,75160-3400,Private      ,7,3,10,230,78,308
00361900,SOUTHWESTERN ADVENTIST UNIVERSITY       ,TX,76059-1922,Private      ,15,16,31,617,439,1056
00362000,SOUTHWESTERN UNIVERSITY                 ,TX,78626-6111,Private      ,20,7,27,1647,142,1789
00362100,ST EDWARDS UNIVERSITY                   ,TX,78704-0000,Private      ,42,70,112,3790,2440,6230
00362300,ST MARY'S UNIV OF SAN ANTONIO           ,TX,78228-8500,Private      ,46,46,92,3199,2567,5766
00362400,STEPHEN F AUSTIN STATE UNIVERSITY       ,TX,75962-0001,Public       ,187,131,318,9582,3798,13380
00362500,SUL ROSS STATE UNIVERSITY               ,TX,79832-0113,Public       ,47,78,125,1325,1776,3101
00362600,TARRANT COUNTY COLLEGE                  ,TX,76102-6599,Public       ,326,769,1095,9272,14319,23591
00362700,TEMPLE COLLEGE                          ,TX,76504-7435,Public       ,46,160,206,1579,2950,4529
00362800,TEXARKANA COLLEGE                       ,TX,75599-0001,Public       ,43,118,161,1463,2086,3549
00363000,PRAIRIE VIEW A&M UNIVERSITY             ,TX,77446-2967,Public       ,177,197,374,8458,5063,13521
00363100,TARLETON STATE UNIVERSITY               ,TX,76402-0000,Public       ,84,160,244,5070,4371,9441
00363200,TEXAS A&M UNIVERSITY                    ,TX,77842-0000,Public       ,542,184,726,28068,7069,35137
00363400,TEXAS STATE TECHNICAL CLG AT WACO       ,TX,76705-1695,Public       ,81,165,246,2397,2777,5174
00363500,TEXAS CHIROPRACTIC COLLEGE              ,TX,77505-1699,Private      ,0,11,11,18,430,448
00363600,TEXAS CHRISTIAN UNIVERSITY              ,TX,76129-0001,Private      ,97,64,161,7361,2430,9791
00363700,JARVIS CHRISTIAN COLLEGE                ,TX,75765-1470,Private      ,14,7,21,650,235,885
00363800,TEXAS COLLEGE                           ,TX,75702-4500,Private      ,18,33,51,778,604,1382
00363900,TEXAS A&M UNIVERSITY-KINGSVILLE         ,TX,78363-8203,Public       ,109,137,246,4543,3709,8252
00364100,TEXAS LUTHERAN UNIVERSITY               ,TX,78155-5999,Private      ,18,13,31,1653,245,1898
00364200,TEXAS SOUTHERN UNIVERSITY               ,TX,77004-4598,Public       ,187,271,458,9032,9361,18393
00364300,TEXAS SOUTHMOST COLLEGE                 ,TX,78520-4992,Public       ,7,11,18,219,358,577
00364400,TEXAS TECH UNIVERSITY                   ,TX,79409-0000,Public       ,278,172,450,17473,8008,25481
00364500,TEXAS WESLEYAN UNIVERSITY               ,TX,76105-1536,Private      ,21,61,82,1045,3178,4223
00364600,TEXAS WOMAN'S UNIVERSITY                ,TX,76204-5587,Public       ,60,231,291,4547,8392,12939
00364700,TRINITY UNIVERSITY                      ,TX,78212-7200,Private      ,17,9,26,2817,388,3205
00364800,TYLER JUNIOR COLLEGE                    ,TX,75701-3436,Public       ,108,205,313,4760,4346,9106
00365100,UNIVERSITY OF DALLAS                    ,TX,75062-4799,Private      ,17,46,63,1576,1160,2736
00365200,UNIVERSITY OF HOUSTON                   ,TX,77204-2010,Public       ,432,482,914,22488,17994,40482
00365400,UNIVERSITY OF ST THOMAS                 ,TX,77006-4626,Private      ,18,47,65,1328,1184,2512
00365600,UNIVERSITY OF TEXAS-ARLINGTON           ,TX,76019-0000,Public       ,194,345,539,13719,14553,28272
00365800,UNIVERSITY OF TEXAS-AUSTIN              ,TX,78713-7758,Public       ,398,272,670,33293,15543,48836
00365900,UT HEALTH CENTER-SAN ANTONIO            ,TX,78229-3900,Public       ,10,39,49,543,2749,3292
00366100,UNIVERSITY OF TEXAS-EL PASO             ,TX,79968-0629,Public       ,208,303,511,10851,9494,20345
00366200,VICTORIA COLLEGE (THE)                  ,TX,77901-4494,Public       ,38,82,120,1148,1942,3090
00366300,WAYLAND BAPTIST UNIVERSITY              ,TX,79072-6998,Private      ,14,233,247,1010,3016,4026
00366400,WEATHERFORD COLLEGE                     ,TX,76086-5699,Public       ,40,72,112,1484,1678,3162
00366500,WEST TEXAS A&M UNIVERSITY               ,TX,79016-0000,Public       ,73,108,181,3802,3308,7110
00366800,WHARTON COUNTY JR COLLEGE               ,TX,77488-3298,Public       ,56,96,152,1918,1951,3869
00366900,WILEY COLLEGE                           ,TX,75670-5199,Private      ,28,30,58,685,581,1266
00400300,CENTRAL TEXAS COLLEGE                   ,TX,76540-4199,Public       ,81,733,814,1772,8492,10264
00407221,NORTHWOOD UNIVERSITY                    ,TX,75104-0000,Private      ,8,43,51,659,729,1388
00445300,EL CENTRO COLLEGE                       ,TX,75202-0000,Public       ,92,300,392,2169,4993,7162
00481102,EVEREST INSTITUTE - EVEREST COLLEGE     ,TX,76011-6750,Proprietary  ,47,194,241,54,220,274
00494800,TEXAS A&M UNIV SYSTEM HEALTH SCI CT     ,TX,77840-7896,Public       ,3,10,13,85,785,870
00494801,TEXAS A&M UNIV SYSTEMS-HSC              ,TX,77843-1114,Public       ,7,3,10,210,501,711
00494900,BAYLOR COLLEGE OF MEDICINE              ,TX,77030-0000,Private      ,4,16,20,160,1175,1335
00495100,UNIV OF TEXAS HEALTH SCIENCE CENTER     ,TX,77225-0000,Public       ,4,37,41,327,2424,2751
00495200,UNIV OF TEXAS MEDICAL BRANCH            ,TX,77550-0000,Public       ,9,44,53,308,1937,2245
00497200,GALVESTON COLLEGE                       ,TX,77550-7447,Public       ,48,82,130,772,1346,2118
00497700,SOUTH TEXAS COLLEGE OF LAW              ,TX,77002-0000,Private      ,0,17,17,29,1858,1887
00520307,REMINGTON COLLEGE - DALLAS CAMPUS       ,TX,75041-9935,Proprietary  ,0,5,5,52,114,166
00661200,COVENANT SCH OF NSG & ALLIED HEALTH     ,TX,79410-0000,Private      ,1,5,6,115,266,381
00666100,ANGELINA COLLEGE                        ,TX,75902-0000,Public       ,64,118,182,1723,2530,4253
00694100,DALLAS CHRISTIAN COLLEGE                ,TX,75234-7229,Private      ,2,10,12,261,266,527
00709600,COLLEGE OF THE MAINLAND                 ,TX,77591-2499,Public       ,43,114,157,843,1844,2687
00728700,BRAZOSPORT COLLEGE                      ,TX,77566-3199,Public       ,23,42,65,630,953,1583
00732907,ITT TECHNICAL INSTITUTE                 ,TX,77063-3751,Proprietary  ,3,12,15,124,224,348
00754805,WESTWOOD COLLEGE OF TECHNOLOGY          ,TX,77074-0000,Proprietary  ,36,94,130,289,543,832
00758602,REMINGTON COLLEGE - FORT WORTH CAMPUS   ,TX,76112-1280,Proprietary  ,39,133,172,245,849,1094
00835300,LINCOLN COLLEGE OF TECHNOLOGY           ,TX,75052-0000,Proprietary  ,245,204,449,1211,1154,2365
00849800,MIMS CLASSIC BEAUTY COLLEGE             ,TX,78216-0000,Proprietary  ,2,9,11,18,58,76
00850300,MOUNTAIN VIEW COLLEGE                   ,TX,75211-6599,Public       ,83,203,286,2073,3331,5404
00850400,RICHLAND COLLEGE                        ,TX,75243-2199,Public       ,114,228,342,2881,4242,7123
00851000,EASTFIELD COLLEGE                       ,TX,75150-2099,Public       ,95,249,344,2481,4319,6800
00907905,EVEREST COLLEGE                         ,TX,75206-5209,Proprietary  ,59,217,276,77,276,353
00908200,INTERNATIONAL BUSINESS COLLEGE          ,TX,79903-0000,Proprietary  ,36,115,151,156,675,831
00916300,SAN ANTONIO COLLEGE                     ,TX,78212-4299,Public       ,326,711,1037,9249,13328,22577
00916302,SAN ANTONIO COLLEGE FT SAM HOUSTON      ,TX,78234-0000,Public       ,0,0,0,35,11,46
00922500,TEXAS STATE TECHNICAL COLLEGE  HARLINGEN,TX,78550-3697,Public       ,128,174,302,2986,3103,6089
00946600,KAPLAN CAREER INSTITUTE                 ,TX,78216-1899,Proprietary  ,59,267,326,396,1346,1742
00946607,SAN ANT COL OF MED & DENTAL - MCALLEN   ,TX,78503-1622,Proprietary  ,74,179,253,460,1036,1496
00946609,CAREER CENTERS OF TX - CORPUS CHRISTI   ,TX,78416-9900,Proprietary  ,43,191,234,207,968,1175
00946610,KAPLAN CAREER INSTITUTE - CAREER CENTERS,TX,76103-2310,Proprietary  ,34,186,220,211,975,1186
00954900,WESTERN TEXAS COLLEGE                   ,TX,79549-9501,Public       ,9,20,29,450,289,739
00965100,TEXAS A&M INTERNATIONAL UNIVERSITY      ,TX,78041-1900,Public       ,73,101,174,3418,2730,6148
00974100,UNIVERSITY OF TEXAS AT DALLAS           ,TX,75083-0000,Public       ,96,206,302,5745,6638,12383
00976800,UNIVERSITY OF NORTH TEXAS HEALTH SCIENCE,TX,76107-2699,Public       ,0,14,14,85,1161,1246
00979700,MIDLAND COLLEGE                         ,TX,79705-6397,Public       ,34,70,104,1387,1998,3385
00982802,EVEREST INSTITUTE- AUSTIN               ,TX,78754-0000,Proprietary  ,95,332,427,103,378,481
00993000,UNIVERSITY OF TEXAS-PERMIAN BASIN       ,TX,79762-0001,Public       ,24,71,95,1525,1953,3478
00993200,TEXAS STATE TECH CLG-WEST TEXAS         ,TX,79556-4108,Public       ,15,65,80,402,843,1245
00993201,TEXAS STATE TECH COLLEGE-ABILENE        ,TX,79601-0000,Public       ,4,23,27,152,351,503
00993204,TEXAS STATE TECH CLG-BRECKENRIDGE       ,TX,76424-0000,Public       ,2,8,10,50,157,207
00993205,TEXAS STATE TECH COLLEGE-BROWNWOOD      ,TX,76801-0000,Public       ,7,20,27,109,288,397
01001900,UNIV OF TEXAS SOUTHWESTERN MED CTR      ,TX,75390-9096,Public       ,2,17,19,134,1504,1638
01005700,AMERICAN COMMERCIAL COLLEGE             ,TX,79602-1399,Proprietary  ,7,65,72,44,337,381
01005900,AMERICAN COMMERCIAL COLLEGE             ,TX,79761-0000,Proprietary  ,13,95,108,76,398,474
01005901,AMERICAN COMMERCIAL COLLEGE - AMERICAN C,TX,76310-2303,Proprietary  ,6,54,60,45,292,337
01006000,VERNON COLLEGE                          ,TX,76384-4092,Public       ,18,70,88,860,1702,2562
01011500,UNIVERSITY OF TEXAS-SAN ANTONIO         ,TX,78249-0600,Public       ,349,397,746,21779,14126,35905
01013000,WADE COLLEGE                            ,TX,75207-3199,Proprietary  ,19,22,41,217,194,411
01038700,EL PASO COMMUNITY COLLEGE               ,TX,79998-0000,Public       ,346,508,854,10560,12072,22632
01050900,HALLMARK COLLEGE OF AERONAUTICS         ,TX,78214-0000,Proprietary  ,56,180,236,274,961,1235
01062400,CENTRAL TEXAS COMMERCIAL COLLEGE        ,TX,75231-5033,Proprietary  ,5,4,9,59,54,113
01063300,HOUSTON COMMUNITY COLLEGE               ,TX,77002-0000,Public       ,97,284,381,1389,2610,3999
01063303,HOUSTON COMMUNITY COLLEGE - CENTRAL     ,TX,77004-0000,Public       ,127,424,551,2847,6537,9384
01063304,HOUSTON COMMUNITY COLLEGE - RICE AVIATIO,TX,77061-5001,Public       ,75,226,301,1611,3452,5063
01063305,HOUSTON COMMUNITY COLLEGE - NORTHEAST CO,TX,77066-5221,Public       ,83,263,346,2126,3908,6034
01063306,HOUSTON COMMUNITY COLLEGE - CENTRAL COLL,TX,77088-6372,Public       ,75,186,261,1551,2828,4379
01063339,HOUSTON COMMUNITY COLLEGE - STAFFORD    ,TX,77477-0000,Public       ,64,116,180,1559,1978,3537
01063347,HOUSTON COMMUNITY COLLEGE - SOUTHWEST   ,TX,77081-7849,Public       ,130,271,401,2605,4591,7196
01063348,HOUSTON COMMUNITY COLLEGE - COLEMAN     ,TX,77030-0000,Public       ,19,105,124,425,2053,2478
01067400,TEXAS TECH U HEALTH SCIENCES CENTER     ,TX,79430-0000,Public       ,12,38,50,472,2316,2788
01076100,DALLAS INSTITUTE OF FUNERAL SERVICE     ,TX,75227-4314,Private      ,6,29,35,67,195,262
01114500,LONE STAR COLLEGE SYSTEM                ,TX,77073-3499,Public       ,139,298,437,3804,6382,10186
01114501,LONE STAR COLLEGE-KINGWOOD              ,TX,77339-0000,Public       ,52,148,200,1192,2253,3445
01114502,LONE STAR COLLEGE-TOMBALL               ,TX,77375-0000,Public       ,42,104,146,1051,1711,2762
01114503,LONE STAR COLLEGE-MONTGOMERY            ,TX,77384-0000,Public       ,60,159,219,1395,2673,4068
01114504,LONE STAR COLLEGE-CY-FAIR               ,TX,77433-1383,Public       ,91,136,227,1862,2384,4246
01116100,TEXAS A&M UNIV CORPUS CHRISTI           ,TX,78412-5599,Public       ,106,99,205,6413,4014,10427
01116300,UNIVERSITY OF TEXAS AT TYLER            ,TX,75799-6699,Public       ,52,101,153,3530,3571,7101
01171100,UNIVERSITY OF HOUSTON-CLEAR LAKE        ,TX,77058-1002,Public       ,31,182,213,1443,5606,7049
01201500,AUSTIN COMMUNITY COLLEGE                ,TX,78752-4390,Public       ,328,816,1144,9204,13574,22778
01202000,VICTORIA BEAUTY COLLEGE                 ,TX,77901-6233,Proprietary  ,3,12,15,34,111,145
01226800,BALDWIN BEAUTY SCHOOL #5                ,TX,78704-4785,Proprietary  ,13,24,37,67,117,184
01229700,LAREDO BEAUTY COLLEGE                   ,TX,78040-1051,Proprietary  ,2,47,49,51,283,334
01248200,ATI TECHNICAL TRAINING CENTER           ,TX,75235-4622,Proprietary  ,120,417,537,482,1574,2056
01248300,COSMETOLOGY CAREER CENTER               ,TX,75006-2566,Proprietary  ,22,40,62,105,230,335
01248800,INTERNATIONAL BEAUTY COLLEGE NO 3       ,TX,75040-0000,Proprietary  ,2,18,20,21,87,108
01276400,METROPLEX BEAUTY SCHOOL                 ,TX,75149-0000,Proprietary  ,4,14,18,40,122,162
01293000,CHARLES & SUE'S SCH OF HAIR DESIGN      ,TX,77801-0000,Proprietary  ,3,12,15,45,97,142
01293100,VELMA B'S BEAUTY ACADEMY                ,TX,75216-1511,Proprietary  ,2,8,10,24,69,93
01293200,TINT SCHOOL OF MAKEUP & COSMETOLOGY     ,TX,75061-4235,Proprietary  ,4,21,25,16,70,86
01298200,BORDER INSTITUTE OF TECHNOLOGY          ,TX,79925-6709,Proprietary  ,0,0,0,8,19,27
01300300,NEILSON BEAUTY COLLEGE                  ,TX,75208-4637,Proprietary  ,0,12,12,17,74,91
01301600,OGLE SCHOOL HAIR SKIN NAILS             ,TX,76013-7400,Proprietary  ,11,25,36,173,218,391
01323100,UNIVERSITY OF HOUSTON-VICTORIA          ,TX,77901-5731,Public       ,10,96,106,336,1904,2240
02058600,CONLEE'S COLLEGE OF COSMETOLOGY         ,TX,78028-0000,Proprietary  ,1,6,7,9,40,49
02069302,VATTEROTT COLLEGE - VATTEROTT EDUCATION ,TX,75220-5441,Proprietary  ,0,1,1,0,1,1
02074100,CAPITOL CITY TRADE & TECHNICAL SCH      ,TX,78704-0000,Proprietary  ,31,128,159,208,603,811
02077400,NORTH LAKE COLLEGE                      ,TX,75038-0000,Public       ,43,132,175,1495,2465,3960
02078100,STEPHENVILLE BEAUTY COLLEGE             ,TX,76401-0000,Proprietary  ,3,7,10,17,35,52
02081400,ARLINGTON BAPTIST COLLEGE               ,TX,76012-0000,Private      ,4,10,14,98,117,215
02093600,SOUTHWEST SCHOOL OF ELECTRONIC          ,TX,78735-0000,Proprietary  ,1,8,9,17,52,69
02098300,WESTERN TECHNICAL COLLEGE               ,TX,79927-2105,Proprietary  ,160,271,431,899,1296,2195
02100200,BROOKHAVEN COLLEGE                      ,TX,75244-0000,Public       ,63,190,253,1566,3060,4626
02113610,AMERICAN INTERCONTINENTAL UNIV - HOUSTON,TX,77042-4516,Proprietary  ,15,70,85,271,684,955
02116008,SANFORD-BROWN COLLEGE - HOUSTON         ,TX,77036-8507,Proprietary  ,40,150,190,229,805,1034
02116012,SANFORD-BROWN INSTITUTE - HOUSTON NORTH ,TX,77008-1058,Proprietary  ,20,82,102,127,521,648
02117100,ART INSTITUTE OF HOUSTON                ,TX,77056-0000,Proprietary  ,115,184,299,1662,1469,3131
02119200,COURT REPORTING INSTITUTE OF DALLAS     ,TX,75247-6913,Proprietary  ,17,160,177,210,1261,1471
02119202,COURT REPORTING INSTIUTE OF HOUSTON     ,TX,77040-6315,Proprietary  ,0,1,1,0,1,1
02128302,INSTITUTE FOR BUSINESS & TECHNOLOGY - LA,TX,78230-2520,Proprietary  ,17,33,50,34,104,138
02136800,AMERICAN COMMERCIAL COLLEGE             ,TX,76904-0000,Proprietary  ,4,42,46,41,233,274
02144800,VET TECH INSTITUTE OF HOUSTON           ,TX,77027-9881,Proprietary  ,13,23,36,130,124,254
02176100,PIPO ACADEMY OF HAIR DESIGN             ,TX,79903-0000,Proprietary  ,3,13,16,19,76,95
02188600,AUSTIN BUSINESS COLLEGE                 ,TX,78741-0000,Proprietary  ,0,1,1,47,96,143
02200800,AMERICAN COMMERCIAL COLLEGE             ,TX,79411-0000,Proprietary  ,4,46,50,48,261,309
02218300,SOUTHWEST SCHOOL OF BUSINESS & TECHNICAL,TX,78221-0000,Proprietary  ,36,179,215,134,534,668
02218305,SOUTHWEST SCHOOL OF BUSINESS AND TECHNIC,TX,78501-6053,Proprietary  ,12,69,81,18,115,133
02224600,TRI-STATE BEAUTY SCHOOL #1              ,TX,79915-0000,Proprietary  ,34,57,91,136,404,540
02228400,TEXAS AERO TECHNOLOGY                   ,TX,75209-0000,Proprietary  ,0,0,0,0,1,1
02230500,OGLE SCHOOL HAIR SKIN NAILS             ,TX,76132-3638,Proprietary  ,31,55,86,213,313,526
02230600,OGLE SCHOOL HAIR SKIN NAILS             ,TX,76053-4650,Proprietary  ,19,32,51,104,135,239
02239100,CENTRAL TEXAS BEAUTY COLLEGE #2         ,TX,78664-4204,Proprietary  ,5,36,41,39,199,238
02245200,MTI COLLEGE OF BUS. & TECHNOLOGY        ,TX,77036-0000,Proprietary  ,0,0,0,56,115,171
02248200,MILAN INSTITUTE OF COSMETOLOGY          ,TX,79103-0000,Proprietary  ,74,214,288,309,927,1236
02254800,TEXAS VOCATIONAL SCHOOLS                ,TX,77901-0000,Proprietary  ,7,22,29,58,147,205
02259400,AMBERTON UNIVERSITY                     ,TX,75041-0000,Private      ,0,13,13,11,180,191
02261300,EVEREST INSTITUTE                       ,TX,78213-3841,Proprietary  ,50,256,306,749,3486,4235
02261302,EVEREST INSTITUTE - HOUSTON GREENSPOINT ,TX,77060-3249,Proprietary  ,71,296,367,82,360,442
02261303,EVEREST INSTITUTE - HOUSTON HOBBY       ,TX,77087-2737,Proprietary  ,53,264,317,63,313,376
02267100,EXPOSITO SCHOOL OF HAIR DESIGN          ,TX,79109-0000,Proprietary  ,1,11,12,26,80,106
02276000,FRANKLIN BEAUTY SCHOOL #2               ,TX,77021-0000,Proprietary  ,4,23,27,31,153,184
02285900,UNIVERSITY OF COSMETOLOGY ARTS&SCI      ,TX,78504-0000,Proprietary  ,25,80,105,179,547,726
02294800,CAPITOL CITY CAREERS                    ,TX,78745-0000,Proprietary  ,4,40,44,35,194,229
02298501,EVEREST COLLEGE- FORT WORTH             ,TX,76137-2472,Proprietary  ,33,150,183,40,190,230
02305300,PARKER COLLEGE OF CHIROPRACTIC          ,TX,75229-0000,Private      ,1,21,22,44,1279,1323
02306700,FORT WORTH BEAUTY SCHOOL                ,TX,76116-3299,Proprietary  ,9,44,53,49,207,256
02312200,TEXAS SCHOOL OF BUSINESS                ,TX,77073-6032,Proprietary  ,59,171,230,300,776,1076
02312201,TEXAS SCHOOL OF BUSINESS - SOUTHWEST CAM,TX,77057-0000,Proprietary  ,41,117,158,224,776,1000
02312202,TEXAS SCHOOL OF BUSINESS - FRIENDSWOOD C,TX,77546-8938,Proprietary  ,11,110,121,77,460,537
02312203,TEXAS SCHOOL OF BUSINESS - EAST CAMPUS  ,TX,77029-1916,Proprietary  ,43,165,208,194,805,999
02313901,WESTWOOD COLLEGE - DALLAS               ,TX,75243-0000,Proprietary  ,43,93,136,421,772,1193
02315400,NORTHEAST TEXAS COMMUNITY COLLEGE       ,TX,75456-0000,Public       ,32,80,112,877,1205,2082
02318200,"KD STUDIO, ACTOR'S CONSERVATORY         ",TX,75207-2111,Proprietary  ,6,14,20,82,92,174
02320200,HOUSTON GRADUATE SCHOOL OF THEOLOGY     ,TX,77004-0000,Private      ,0,7,7,0,139,139
02326000,SAN ANTONIO BEAUTY COLLEGE NO 3         ,TX,78217-0000,Proprietary  ,7,13,20,42,135,177
02328600,ITT TECHNICAL INSTITUTE                 ,TX,76011-0000,Proprietary  ,119,175,294,589,1021,1610
02331200,BAPTIST MISSIONARY ASSN THEOL SEM       ,TX,75766-0000,Private      ,0,5,5,5,38,43
02331300,INTERACTIVE LEARNING SYSTEMS            ,TX,77502-1201,Proprietary  ,3,30,33,18,247,265
02331301,INTERACTIVE LEARNING SYSTEMS            ,TX,77081-0000,Proprietary  ,5,68,73,45,376,421
02331303,INTERACTIVE LEARNING SYSTEMS            ,TX,77502-0000,Proprietary  ,6,68,74,24,304,328
02331304,INTERACTIVE LEARNING SYSTEMS            ,TX,77060-0000,Proprietary  ,5,37,42,18,195,213
02341300,PALO ALTO COLLEGE                       ,TX,78224-0000,Public       ,131,285,416,3878,5021,8899
02348500,LAMAR STATE COLLEGE-PORT ARTHUR         ,TX,77640-0000,Public       ,22,61,83,760,1298,2058
02357700,ACADEMY OF HAIR DESIGN                  ,TX,77090-0000,Proprietary  ,14,21,35,55,83,138
02358200,LAMAR STATE COLLEGE-ORANGE              ,TX,77630-0000,Public       ,38,104,142,619,1516,2135
02361400,COLLIN COUNTY COMMUNITY COLLEGE         ,TX,75071-0000,Public       ,134,278,412,3391,4664,8055
02362000,UNIVERSAL TECHNICAL INSTITUTE           ,TX,77073-0000,Proprietary  ,231,202,433,5502,2285,7787
02362800,AUSTIN GRADUATE SCHOOL OF THEOLOGY      ,TX,78752-1333,Private      ,0,3,3,7,54,61
02521200,ARLINGTON CAREER INSTITUTE              ,TX,75050-0000,Proprietary  ,4,54,58,57,483,540
02521800,SEGUIN BEAUTY SCHOOL                    ,TX,78155-0000,Proprietary  ,9,10,19,47,77,124
02527500,HOUSTON TRAINING SCHOOLS                ,TX,77020-0000,Proprietary  ,15,124,139,130,724,854
02530700,SEBRING CAREER SCHOOLS                  ,TX,77083-1510,Proprietary  ,3,24,27,32,119,151
02539600,ART INSTITUTE OF DALLAS                 ,TX,75231-5993,Proprietary  ,100,127,227,1717,1399,3116
02548800,SOUTH TEXAS VO-TECH INSTITUTE           ,TX,78596-0000,Proprietary  ,73,207,280,367,960,1327
02548802,SOUTH TEXAS VOCATIONAL TECHNICAL INSTITU,TX,78520-8710,Proprietary  ,0,3,3,2,9,11
02549400,SOUTH TEXAS VO-TECH INSTITUTE           ,TX,78501-0000,Proprietary  ,61,186,247,247,748,995
02555400,UNIV OF TX MD ANDERSON CANCER CTR       ,TX,77030-0000,Public       ,1,4,5,40,171,211
02557400,STAR COLLEGE OF COSMETOLOGY             ,TX,75961-0000,Proprietary  ,3,14,17,10,29,39
02568100,TEXAS BARBER COLLEGES & HAIRSTYLING     ,TX,75208-0000,Proprietary  ,45,180,225,273,1014,1287
02569300,TEXAS CULINARY ACADEMY                  ,TX,78758-3403,Proprietary  ,125,248,373,1029,1517,2546
02572000,COMPUTER CAREER CENTER                  ,TX,79925-2021,Proprietary  ,16,118,134,120,496,616
02572100,"CAREER ACADEMY, INC.                    ",TX,75501-0000,Proprietary  ,2,8,10,11,62,73
02572200,INSTITUTE OF COSMETOLOGY & ESTHETICS    ,TX,77036-0000,Proprietary  ,0,0,0,7,23,30
02580100,IVERSON BUSINESS SCH & COURT REPORT     ,TX,76011-1344,Proprietary  ,24,89,113,109,706,815
02591100,CAREER POINT INSTITUTE                  ,TX,78201-2027,Proprietary  ,77,562,639,483,2814,3297
02591900,CAREER CENTERS OF TEXAS - EL PASO       ,TX,79907-1525,Proprietary  ,94,256,350,598,1451,2049
02591905,CAREER CENTERS OF TEXAS-BROWNSVILLE     ,TX,78521-9905,Proprietary  ,55,123,178,307,785,1092
02596400,REDSTONE COLLEGE - LOS ANGELES          ,TX,77061-0000,Proprietary  ,37,60,97,446,418,864
02596412,WESTWOOD COLLEGE OF AVIATION TECHNOLOGY ,TX,77061-5114,Proprietary  ,2,1,3,18,28,46
02596500,ATI CAREER TRAINING CENTER              ,TX,76180-1599,Proprietary  ,107,285,392,474,1295,1769
02596600,ATI-CAREER TRAINING CENTER              ,TX,75220-4443,Proprietary  ,132,381,513,578,1932,2510
02596601,ATI CAREER TRAINING CENTER - RICHARDSON ,TX,75081-6745,Proprietary  ,0,4,4,0,13,13
02600200,OCEAN CORPORATION (THE)                 ,TX,77099-3479,Proprietary  ,25,112,137,169,739,908
02604700,CENTER FOR ADVANCED LEGAL STUDIES       ,TX,77098-4151,Proprietary  ,7,47,54,25,293,318
02606202,EVEREST COLLEGE - EVEREST INSTITUTE - BI,TX,77036-8014,Proprietary  ,97,322,419,107,375,482
02615000,SANFORD-BROWN INSTITUTE                 ,TX,75247-6931,Proprietary  ,92,310,402,449,1871,2320
03009400,SW SCH BUS & TECH CAREERS               ,TX,78212-2840,Proprietary  ,4,16,20,26,76,102
03010000,VANGUARD INSTITUTE OF TECHNOLOGY        ,TX,78539-0000,Proprietary  ,11,48,59,179,825,1004
03010604,VIRGINIA COLLEGE - VIRGINIA COLLEGE AT A,TX,78723-0000,Proprietary  ,1,6,7,5,28,33
03011800,UNIVERSITY OF COSMETOLOGY ARTS & SCIENCE,TX,78226-1160,Proprietary  ,1,19,20,16,102,118
03019800,PCI HEALTH TRAINING CENTER              ,TX,75247-4720,Proprietary  ,77,160,237,337,816,1153
03021500,SW SCH BUS & TECH CAREERS               ,TX,78852-4859,Proprietary  ,5,4,9,53,76,129
03023800,AIMS ACADEMY                            ,TX,75050-0000,Proprietary  ,2,9,11,4,35,39
03025000,TEXAS COLLEGE OF COSMETOLOGY            ,TX,79605-2001,Proprietary  ,5,28,33,74,205,279
03026500,REMINGTON COLLEGE - HOUSTON CAMPUS      ,TX,77082-1849,Proprietary  ,51,241,292,490,1579,2069
03026501,REMINGTON COLLEGE - NORTH HOUSTON CAMPUS,TX,77067-1849,Proprietary  ,0,8,8,33,97,130
03028800,CIRCLE J BEAUTY SCHOOL                  ,TX,77587-3714,Proprietary  ,8,36,44,30,194,224
03031408,INTERNATIONAL ACADEMY OF DESIGN AND TECH,TX,78229-2263,Proprietary  ,24,58,82,196,358,554
03032300,SCHOOL OF AUTOMOTIVE MACHINISTS         ,TX,77055-1803,Proprietary  ,3,16,19,77,122,199
03035200,TINT SCHOOL OF MAKEUP & COSMETOLOGY     ,TX,75229-3734,Proprietary  ,6,17,23,34,138,172
03035300,SOUTHERN CAREERS INSTITUTE              ,TX,78704-5252,Proprietary  ,72,217,289,478,1294,1772
03035301,SOUTHERN CAREERS INSTITUTE              ,TX,78577-0000,Proprietary  ,39,105,144,285,658,943
03035302,SOUTHERN CAREERS INSTITUTE - CORPUS CHRI,TX,78414-2904,Proprietary  ,3,4,7,132,421,553
03035303,SOUTHERN CAREERS INSTITUTE - #1         ,TX,78221-4351,Proprietary  ,5,89,94,80,479,559
03035304,SOUTHERN CAREERS INSTITUTE-LAREDO       ,TX,78041-0000,Proprietary  ,4,11,15,54,98,152
03061800,STAR COLLEGE OF COSMETOLOGY             ,TX,75702-8214,Proprietary  ,5,31,36,69,183,252
03064600,UNIVERSITY OF TEXAS AT BROWNSVILLE      ,TX,78520-4993,Public       ,196,254,450,6692,7078,13770
03071400,ITT TECHNICAL INSTITUTE                 ,TX,78249-3303,Proprietary  ,73,84,157,461,723,1184
03075400,ICC TECHNICAL INSTITUTE                 ,TX,77004-2930,Private      ,1,19,20,13,65,78
03076403,HIGH-TECH INSTITUTE - DALLAS            ,TX,75038-4201,Proprietary  ,1,3,4,4,9,13
03079201,WESTWOOD COLLEGE OF TECHNOLOGY          ,TX,76180-0000,Proprietary  ,27,55,82,297,417,714
03091200,CAREERS UNLIMITED                       ,TX,75702-7110,Proprietary  ,4,13,17,34,98,132
03103400,SOUTH TEXAS COLLEGE                     ,TX,78501-6699,Public       ,433,585,1018,8878,9796,18674
03104700,TEXAS COLLEGE OF COSMETOLOGY            ,TX,76903-4708,Proprietary  ,4,25,29,66,190,256
03105900,CAREERS UNLIMITED                       ,TX,77055-4002,Proprietary  ,0,0,0,0,3,3
03108700,ROYAL BEAUTY CAREERS                    ,TX,77069-4611,Proprietary  ,21,70,91,96,360,456
03111000,MID-CITIES BARBER COLLEGE               ,TX,75051-4810,Proprietary  ,7,21,28,43,132,175
03115800,TEXAS CAREERS                           ,TX,78238-4203,Proprietary  ,34,236,270,246,1492,1738
03115802,TEXAS CAREERS - LAREDO                  ,TX,78041-6181,Proprietary  ,32,84,116,163,396,559
03115803,TEXAS CAREERS - BEAUMONT                ,TX,77701-3706,Proprietary  ,25,106,131,149,590,739
03115804,TEXAS CAREERS - LUBBOCK                 ,TX,79401-2601,Proprietary  ,34,139,173,184,803,987
03128100,ACADEMY OF HEALTH CARE PROFESSIONS      ,TX,77092-8108,Proprietary  ,60,197,257,342,1185,1527
03144300,NATIONAL BEAUTY COLLEGE                 ,TX,75043-4046,Proprietary  ,4,20,24,13,75,88
03153300,AMER COLL OF ACUPUNCTURE & O.M.         ,TX,77063-4104,Proprietary  ,0,4,4,0,83,83
03156400,ACADEMY OF ORIENTAL MEDICINE AT AUSTIN  ,TX,78757-1132,Proprietary  ,0,5,5,8,221,229
03159300,ARLINGTON MEDICAL INSTITUTE             ,TX,76011-2645,Proprietary  ,5,12,17,39,127,166
03170300,TEXAS A&M UNIVERSITY-TEXARKANA          ,TX,75501-0000,Public       ,10,42,52,303,1103,1406
03179500,TEXAS COLG TRADITIONAL CHINESE MED      ,TX,78704-6748,Proprietary  ,0,5,5,1,106,107
03189400,COLLEGE OF SAINT THOMAS MORE            ,TX,76109-2323,Private      ,1,1,2,16,17,33
03237400,FARIS COMPUTER SCHOOL                   ,TX,77627-3829,Proprietary  ,0,7,7,4,39,43
03272300,SOUTHEASTERN CAREER INSTITUTE           ,TX,75234-7288,Proprietary  ,10,79,89,80,401,481
03272301,SOUTHEASTERN CAREER INSTITUTE - MIDLAND ,TX,79703-5531,Proprietary  ,26,107,133,137,496,633
03275300,TOUCH OF CLASS SCHOOL OF COSM           ,TX,75402-6314,Proprietary  ,6,20,26,44,117,161
03276300,ACADEMY OF HAIR DESIGN                  ,TX,75901-4900,Proprietary  ,3,26,29,40,143,183
03277300,ACADEMY OF HAIR DESIGN                  ,TX,77701-4650,Proprietary  ,3,20,23,22,105,127
03303300,NORTHWEST EDUCATIONAL CENTER            ,TX,77092-7055,Proprietary  ,0,0,0,37,314,351
03371300,TONI&GUY HAIRDRESSING ACADEMY           ,TX,75006-2351,Proprietary  ,11,14,25,107,104,211
03372300,NORTHWEST VISTA COLLEGE                 ,TX,78251-4217,Public       ,166,270,436,4343,4898,9241
03396500,TEXAS STATE TECHNICAL COLG/MARSHALL     ,TX,75672-7402,Public       ,13,23,36,340,354,694
03400300,CAREER QUEST                            ,TX,78229-3539,Proprietary  ,9,70,79,52,294,346
03412300,ADVANCED BARBER COLLEGE & HAIR DESI     ,TX,78596-0000,Proprietary  ,1,24,25,27,108,135
03416500,DALLAS NURSING INSTITUTE                ,TX,75243-5502,Proprietary  ,10,93,103,114,745,859
03422300,MILAN INSTITUTE                         ,TX,78238-3327,Proprietary  ,56,100,156,368,636,1004
03422400,COLLEGE OF BIBLICAL STUDIES-HOUSTON     ,TX,77036-3211,Private      ,2,42,44,56,599,655
03424400,MEDVANCE INSTITUTE                      ,TX,77057-7386,Proprietary  ,38,134,172,161,734,895
03426300,CAREER ADVANCEMENT CENTER               ,TX,78752-1470,Proprietary  ,13,51,64,66,276,342
03486300,SYLVIA'S INTERNATIONAL SCHOOL OF BE     ,TX,77091-3203,Proprietary  ,0,0,0,8,33,41
03509400,CORYELL COSMETOLOGY COLLEGE             ,TX,76528-2036,Proprietary  ,0,2,2,7,20,27
03520300,LUBBOCK HAIR ACADEMY                    ,TX,79410-3524,Proprietary  ,4,15,19,18,81,99
03541300,BEHOLD! BEAUTY ACADEMY                  ,TX,77016-3725,Proprietary  ,0,3,3,7,41,48
03542300,CONCORDE CAREER INSTITUTE               ,TX,76011-4016,Proprietary  ,32,204,236,232,1407,1639
03551400,STATE BEAUTY ACADEMY                    ,TX,75116-3501,Proprietary  ,4,9,13,25,45,70
03556400,KUSSAD INSTITUTE OF COURT REPORTING     ,TX,78704-5712,Proprietary  ,0,2,2,7,37,44
03563300,ACADEMY OF COSEMTOLOGY                  ,TX,78745-2858,Proprietary  ,0,13,13,21,94,115
03573300,AVIATION INSTITUTE OF MAINTENANCE       ,TX,75209-3017,Proprietary  ,25,79,104,184,578,762
03610300,MJ'S BEAUTY ACADEMY INC                 ,TX,75224-4409,Proprietary  ,4,11,15,26,61,87
03612400,VALLEY GRANDE INSTITUTE FOR ACADEMI     ,TX,78596-0000,Private      ,7,46,53,101,472,573
03627300,LAMAR INSTITUTE OF TECHNOLOGY           ,TX,77705-4142,Public       ,54,82,136,1105,1785,2890
03676400,HEALTHY HAIR ACADEMY                    ,TX,75227-0000,Proprietary  ,5,17,22,25,82,107
03680300,JAY'S TECHNICAL INSTITUTE               ,TX,77031-3509,Proprietary  ,6,26,32,34,153,187
03682400,DALLAS BARBER & STYLIST COLLEGE         ,TX,75231-0000,Proprietary  ,6,41,47,47,218,265
03714300,TREND BARBER COLLEGE                    ,TX,77071-2104,Proprietary  ,7,39,46,54,181,235
03723300,CULINARY INST ALAIN & MARIE LENOTRE     ,TX,77022-4322,Proprietary  ,13,20,33,85,183,268
03727600,CULINARY ACADEMY OF AUSTIN              ,TX,78752-0000,Proprietary  ,5,11,16,59,81,140
03733300,BAPTIST UNIVERSITY OF THE AMERICAS      ,TX,78224-1336,Private      ,4,12,16,51,160,211
03756300,ANAMARC EDUCATIONAL INSTITUTE           ,TX,79930-6230,Proprietary  ,11,106,117,120,690,810
03885400,COMPUTER LABS                           ,TX,79906-5924,Proprietary  ,0,2,2,3,9,12
03885700,HOUSTON'S TRAINING AND EDUCATION CENTER ,TX,77036-2021,Proprietary  ,0,21,21,14,139,153
03922300,SOUTH TEXAS BARBER COLLEGE              ,TX,78415-3463,Proprietary  ,2,7,9,15,62,77
03926300,AMESED                                  ,TX,75081-0000,Proprietary  ,2,17,19,13,54,67
03944400,PROFESSIONAL CAREERS INSTITUTE          ,TX,77036-2252,Proprietary  ,6,33,39,17,133,150
03984300,ALLIED CAREER CENTER                    ,TX,75007-0000,Proprietary  ,0,3,3,3,39,42
03987300,TEXAS HEALTH SCHOOL                     ,TX,77079-2106,Proprietary  ,7,24,31,47,154,201
04036300,SOUTHEAST TEXAS CAREER INSTITUTE        ,TX,77656-8601,Proprietary  ,3,14,17,18,73,91
04045300,NORTHWEST BEAUTY SCHOOL                 ,TX,77091-1208,Proprietary  ,0,23,23,23,105,128
04045400,MAI-TRIX BEAUTY COLLEGE                 ,TX,77040-0000,Proprietary  ,0,5,5,23,100,123
04089400,CCI TRAINING CENTER                     ,TX,76011-4857,Proprietary  ,8,67,75,36,329,365
04117900,CHAMPION BEAUTY COLLEGE                 ,TX,77069-4611,Proprietary  ,5,12,17,24,89,113
04122100,BENCHMARK CAREER INSTITUTE              ,TX,75080-7426,Proprietary  ,0,1,1,0,1,1
04125400,ACADEMY AT AUSTIN (THE)                 ,TX,78660-3287,Proprietary  ,8,29,37,14,40,54
04125500,MANUEL AND THERESA'S SCHOOL OF HAIR DESI,TX,77803-3236,Proprietary  ,3,6,9,4,12,16
04131700,SOUTHWEST CAREER COLLEGE                ,TX,79925-6230,Proprietary  ,12,35,47,12,35,47
00367000,BRIGHAM YOUNG UNIVERSITY                ,UT,84602-8406,Private      ,478,717,1195,9152,11589,20741
00367100,DIXIE STATE COLLEGE OF UTAH             ,UT,84770-3876,Public       ,76,157,233,1820,2062,3882
00367200,LDS BUSINESS COLLEGE                    ,UT,84101-3500,Private      ,22,32,54,462,432,894
00367400,STEVENS HENAGER COLLEGE                 ,UT,84401-1420,Proprietary  ,124,653,777,553,2753,3306
00367500,UNIVERSITY OF UTAH                      ,UT,84112-9055,Public       ,235,470,705,7147,12601,19748
00367600,COLLEGE OF EASTERN UTAH                 ,UT,84501-2699,Public       ,34,64,98,585,624,1209
00367700,UTAH STATE UNIVERSITY                   ,UT,84322-1400,Public       ,161,308,469,5502,7812,13314
00367800,SOUTHERN UTAH UNIVERSITY                ,UT,84720-2470,Public       ,101,107,208,2828,2480,5308
00367900,SNOW COLLEGE                            ,UT,84627-1299,Public       ,73,33,106,1477,558,2035
00368000,WEBER STATE UNIVERSITY                  ,UT,84408-1136,Public       ,159,322,481,3691,8280,11971
00368100,WESTMINSTER COLLEGE                     ,UT,84105-3697,Private      ,26,68,94,1522,1345,2867
00402700,UTAH VALLEY UNIVERSITY                  ,UT,84058-5999,Public       ,316,638,954,5331,10700,16031
00522000,SALT LAKE COMMUNITY COLLEGE             ,UT,84123-0000,Public       ,318,634,952,4453,9641,14094
00943300,SHERMAN KENDALL'S ACADEMY OF BEAUTY     ,UT,84106-1836,Proprietary  ,1,3,4,16,45,61
01009800,NEUMONT UNIVERSITY                      ,UT,84095-0000,Proprietary  ,9,10,19,373,264,637
01116500,UINTAH BASIN APPLIED TECHNOLOGY CLG     ,UT,84066-0000,Public       ,2,6,8,8,50,58
01116600,UTAH CAREER COLLEGE                     ,UT,84088-4021,Proprietary  ,48,129,177,334,1012,1346
02078800,SHERMAN KENDALL'S ACADEMY OF BEAUTY     ,UT,84047-0000,Proprietary  ,0,2,2,14,25,39
02115400,BRIDGERLAND APPLIED TECHNOLOGY COLLEGE  ,UT,84321-0000,Public       ,4,42,46,116,417,533
02156600,DAVIS APPLIED TECHNOLOGY COLLEGE        ,UT,84037-0000,Public       ,33,72,105,154,630,784
02178500,EAGLE GATE COLLEGE                      ,UT,84123-0000,Proprietary  ,31,100,131,263,1025,1288
02270800,AMERITECH COLLEGE                       ,UT,84604-6927,Proprietary  ,13,45,58,84,451,535
02270802,AMERITECH COLLEGE - DRAPER              ,UT,84020-6545,Proprietary  ,0,5,5,3,10,13
02298500,EVEREST COLLEGE                         ,UT,84119-2668,Proprietary  ,22,148,170,228,1191,1419
02346500,OGDEN-WEBER APPLIED TECHNOLOGY COLG     ,UT,84404-0000,Public       ,14,119,133,136,773,909
02360800,PROVO COLLEGE                           ,UT,84601-0000,Proprietary  ,35,83,118,191,590,781
02361000,ITT TECHNICAL INSTITUTE                 ,UT,84123-0000,Proprietary  ,17,86,103,220,792,1012
02504000,MARINELLO SCHOOL OF BEAUTY              ,UT,84041-0000,Proprietary  ,9,18,27,53,101,154
02516100,MARINELLO SCHOOL OF BEAUTY              ,UT,84405-1501,Proprietary  ,8,21,29,37,91,128
02531800,VON CURTIS ACADEMY OF HAIR DESIGN       ,UT,84606-0000,Proprietary  ,129,158,287,694,680,1374
02556800,HAIRITAGE COLLEGE OF BEAUTY             ,UT,84117-7204,Proprietary  ,25,13,38,129,107,236
02557700,PREMIER HAIR ACADEMY                    ,UT,84120-3603,Proprietary  ,1,6,7,8,33,41
02572700,EVANS HAIRSTYLING COLLEGE               ,UT,84770-0000,Proprietary  ,1,1,2,19,21,40
02572800,VISTA COLLEGE                           ,UT,84015-0000,Proprietary  ,4,12,16,25,120,145
02572801,CERTIFIED CAREERS INSTITUTE             ,UT,84015-0000,Proprietary  ,2,31,33,32,155,187
02573100,EVANS HAIRSTYLING COLLEGE               ,UT,84720-0000,Proprietary  ,1,2,3,30,22,52
02612200,MARINELLO SCHOOL OF BEAUTY              ,UT,84604-1585,Proprietary  ,8,13,21,84,83,167
03030600,UTAH COLLEGE OF MASSAGE THERAPY         ,UT,84111-1606,Proprietary  ,61,116,177,405,566,971
03030601,UTAH CLG OF MASSAGE THER-PROVO CMPS     ,UT,84042-0000,Proprietary  ,24,36,60,129,203,332
03082100,MYOTHERAPY COLLEGE OF UTAH              ,UT,84115-2522,Proprietary  ,2,15,17,13,90,103
03108200,ECHELON EDGE ACADEMY OF HAIR SKIN & NAIL,UT,84070-2004,Proprietary  ,8,25,33,15,51,66
03110400,HAIRITAGE HAIR ACADEMY                  ,UT,84770-5233,Proprietary  ,0,3,3,17,28,45
03339400,WESTERN GOVERNORS UNIVERSITY            ,UT,84107-2533,Private      ,30,1733,1763,265,11948,12213
03413300,MOUNTAINLAND APPLIED TECHNOLOGY COLLEGE ,UT,84058-5857,Public       ,3,19,22,46,99,145
03463300,CAREERS UNLIMITED                       ,UT,84058-0000,Proprietary  ,0,3,3,24,59,83
03617300,HEALING MOUNTAIN MASSAGE SCHOOL         ,UT,84111-3232,Proprietary  ,0,5,5,20,47,67
03829500,SKINWORKS SCHOOL OF ADVANCED SKINCARE   ,UT,84115-0000,Proprietary  ,3,14,17,19,74,93
03838300,OGDEN INSTITUTE OF MASSAGE THERAPY      ,UT,84403-0000,Proprietary  ,1,12,13,16,63,79
03902300,RENAISSANCE SCHOOL OF THERAPEUTIC MASSAG,UT,84010-2835,Proprietary  ,0,1,1,5,20,25
03909300,MAXIMUM STYLE TEC SCHOOL OF COSMETOLOGY ,UT,84323-4679,Proprietary  ,1,4,5,19,36,55
03921300,CAMEO COLLEGE OF ESSENTIAL BEAUTY       ,UT,84115-0000,Proprietary  ,10,25,35,84,175,259
04054300,SOUTHWEST APPLIED TECHNOLOGY COLLEGE    ,UT,84720-6608,Public       ,3,7,10,12,38,50
04072300,DALLAS ROBERTS ACADEMY OF HAIR DESIGN & ,UT,84604-1008,Proprietary  ,5,11,16,12,15,27
04118100,IMAGEWORKS ACADEMY OF HAIR DESIGN       ,UT,84660-1210,Proprietary  ,3,14,17,15,27,42
04121700,DIXIE APPLIED TECHNOLOGY COLLEGE        ,UT,84770-3025,Public       ,4,11,15,9,18,27
00368200,BENNINGTON COLLEGE                      ,VT,05201-6001,Private      ,5,8,13,834,258,1092
00368300,CASTLETON STATE COLLEGE                 ,VT,05735-0000,Public       ,24,7,31,2370,348,2718
00368400,CHAMPLAIN COLLEGE                       ,VT,05401-3950,Private      ,23,32,55,2858,712,3570
00368402,WOODBURY COLLEGE                        ,VT,05602-0000,Private      ,0,14,14,9,155,164
00368500,COLLEGE OF ST JOSEPH                    ,VT,05701-3899,Private      ,4,7,11,177,204,381
00368600,GODDARD COLLEGE                         ,VT,05667-0000,Private      ,6,39,45,72,847,919
00368700,GREEN MOUNTAIN COLLEGE                  ,VT,05764-1199,Private      ,10,6,16,1051,133,1184
00368800,JOHNSON STATE COLLEGE                   ,VT,05656-9898,Public       ,13,37,50,1352,896,2248
00368900,LYNDON STATE COLLEGE                    ,VT,05851-0919,Public       ,23,10,33,1499,344,1843
00369000,MARLBORO COLLEGE                        ,VT,05344-0300,Private      ,9,5,14,422,81,503
00369100,MIDDLEBURY COLLEGE                      ,VT,05753-0000,Private      ,12,8,20,3031,586,3617
00369200,NORWICH UNIVERSITY                      ,VT,05663-1035,Private      ,24,146,170,2459,1959,4418
00369300,SOUTHERN VERMONT COLLEGE                ,VT,05201-6002,Private      ,6,3,9,424,136,560
00369400,ST MICHAELS COLLEGE                     ,VT,05439-0001,Private      ,8,8,16,3063,225,3288
00369600,UNIVERSITY OF VERMONT                   ,VT,05405-0160,Public       ,72,48,120,12415,2395,14810
00369800,VERMONT TECHNICAL COLLEGE               ,VT,05061-0000,Public       ,20,13,33,1014,604,1618
00857500,SALON PROFESSIONAL ACADEMY (THE)        ,VT,05495-4001,Proprietary  ,4,12,16,65,84,149
00865800,O'BRIENS AVEDA INSTITUTE                ,VT,05403-7747,Proprietary  ,3,4,7,19,34,53
00886000,SIT                                     ,VT,05301-4801,Private      ,0,5,5,16,514,530
01116700,COMMUNITY COLLEGE OF VERMONT            ,VT,05676-1552,Public       ,81,201,282,1412,3332,4744
01193400,VERMONT LAW SCHOOL                      ,VT,05068-0000,Private      ,0,4,4,1,936,937
01218300,BURLINGTON COLLEGE                      ,VT,05401-8477,Private      ,6,5,11,129,120,249
02143500,STERLING COLLEGE                        ,VT,05827-0000,Private      ,1,0,1,129,24,153
02254000,NEW ENGLAND CULINARY INSTITUTE          ,VT,05602-0000,Proprietary  ,17,23,40,581,320,901
02532600,LANDMARK COLLEGE                        ,VT,05346-0000,Private      ,15,1,16,340,54,394
03708300,BURLINGTON TECHNICAL CENTER             ,VT,05401-2721,Public       ,0,0,0,8,6,14
00392800,CASPER COLLEGE                          ,WY,82601-4612,Public       ,50,63,113,1060,1127,2187
00392900,EASTERN WYOMING COLLEGE                 ,WY,82240-1603,Public       ,7,28,35,301,259,560
00393000,SHERIDAN COLLEGE                        ,WY,82801-9133,Public       ,21,43,64,607,658,1265
00393100,NORTHWEST COLLEGE                       ,WY,82435-1895,Public       ,19,26,45,791,535,1326
00393200,UNIVERSITY OF WYOMING                   ,WY,82071-3663,Public       ,99,136,235,5653,3853,9506
00393300,WESTERN WYOMING COMMUNITY COLLEGE       ,WY,82902-0000,Public       ,25,40,65,642,645,1287
00728900,CENTRAL WYOMING COLLEGE                 ,WY,82501-0000,Public       ,24,47,71,385,631,1016
00915700,WYOMING TECHNICAL INSTITUTE             ,WY,82072-9519,Proprietary  ,273,268,541,4744,1991,6735
00925900,LARAMIE COUNTY COMMUNITY CLG            ,WY,82007-3299,Public       ,34,82,116,925,1395,2320
02211900,CHEEKS INTERNATIONAL ACDMY              ,WY,82001-0000,Proprietary  ,15,26,41,64,172,236
03291300,BUSINESS SKILLS INSTITUTE A DEPARTMENT O,WY,82930-0000,Public       ,0,0,0,4,12,16
00393500,UNIV OF GUAM                            ,GU,96923-0000,Public       ,86,94,180,1619,1301,2920
01536100,GUAM COMMUNITY COLLEGE                  ,GU,96921-0000,Public       ,59,70,129,768,1089,1857
03438300,PACIFIC ISLANDS BIBLE COLLEGE           ,GU,96913-2619,Private      ,17,12,29,141,89,230
00393600,PONTIFICAL CATHOLIC UNIV OF PR          ,PR,00717-0777,Private      ,85,233,318,5229,4833,10062
00393700,UNIVERSITY OF THE SACRED HEART          ,PR,00914-0383,Private      ,61,133,194,3050,1955,5005
00393800,INTER-AMER UNIV PR-CNTRL ADMN           ,PR,00936-0000,Private      ,148,464,612,2712,5054,7766
00393801,INTER-AMER UNIV PR SCHL LAW             ,PR,00936-8351,Private      ,0,5,5,8,315,323
00393802,INTER AMERICAN UNIVERSITY OF PUERTO RICO,PR,00926-0000,Private      ,0,0,0,1013,1702,2715
00393803,INTER AMERICAN UNIVERSITY OF PR         ,PR,00683-0000,Private      ,86,140,226,3771,2249,6020
00393804,INTER-AMER UNIV PR-RECINTO AGUADILA     ,PR,00605-2000,Private      ,112,206,318,2644,2353,4997
00393805,INTER-AMER UNIV PR-ARECIBO CAMPUS       ,PR,00614-4050,Private      ,60,160,220,2826,2374,5200
00393806,INTER-AMER UNIV PR-BARRANQUITAS REG     ,PR,00794-0517,Private      ,50,134,184,1499,1163,2662
00393807,INTER-AMER UNIV PR-FAJARDO REGIONAL     ,PR,00738-0000,Private      ,38,101,139,1271,1279,2550
00393808,INTER-AMER UNIV PR - GUAYAMA CAMPUS     ,PR,00785-4004,Private      ,24,100,124,1140,1454,2594
00393809,INTER-AMER UNIV PR-PONCE REGIONAL       ,PR,00715-0000,Private      ,66,213,279,3284,3228,6512
00393810,INTER-AMER UNIV PR - SCH OF OPTOMETRY   ,PR,00918-0000,Private      ,0,0,0,6,63,69
00393811,INTER-AMER UNIV PR-BAYAMON REG CLG      ,PR,00959-0000,Private      ,99,137,236,4066,1890,5956
00394100,COLEGIO UNIVERSITARIO DEL ESTE          ,PR,00983-0000,Private      ,187,780,967,5128,8180,13308
00394200,UNIVERSITY OF PR-CENTRAL ADMINISTRATION ,PR,00936-4984,Public       ,3,27,30,602,376,978
00394201,UNIVERSITY OF PR-RIO PIEDRAS CAMPUS     ,PR,00931-3300,Public       ,119,126,245,8425,2580,11005
00394202,UNIV OF PUERTO RICO-MAYAGUEZ CAMPUS     ,PR,00681-5000,Public       ,115,64,179,8398,1585,9983
00394203,"UNIVERSITY OF PR, MED. SCIENCES CAMPUS  ",PR,00936-5067,Public       ,0,31,31,385,1256,1641
00394204,"UNIVERSITY OF PUERTO RICO, CAYEY CAMPUS ",PR,00736-0000,Public       ,16,17,33,2830,568,3398
00394205,"UNIVERSITY OF PR, HUMACAO CAMPUS        ",PR,00791-4057,Public       ,28,29,57,3304,610,3914
00394206,UNIVERSITY OF PR-AGUADILLA CAMPUS       ,PR,00604-6150,Public       ,27,15,42,2558,462,3020
00394207,UNIVERSITY OF PUERTO RICO-ARECIBO CAMPUS,PR,00614-0000,Public       ,36,24,60,3528,553,4081
00394208,UNIVERSITY OF PUERTO RICO-BAYAMON CAMPUS,PR,00959-0000,Public       ,33,23,56,3528,581,4109
00394209,UNIVERSITY OF PUERTO RICO-CAROLINA      ,PR,00984-4800,Public       ,30,26,56,2905,527,3432
00394210,UNIVERSITY OF PUERTO RICO-PONCE         ,PR,00732-0000,Public       ,13,13,26,2860,431,3291
00394211,"UNIVERSITY OF PR, UTUADO CAMPUS         ",PR,00641-0000,Public       ,8,11,19,1377,268,1645
00501900,UNIV ADVENTISTA DE LAS ANTILLAS         ,PR,00681-0118,Private      ,21,26,47,561,362,923
00502200,BAYAMON CENTRAL UNIVERSITY              ,PR,00960-0000,Private      ,34,113,147,992,1414,2406
00890200,COLUMBIA CENTRO UNIVERSITARIO           ,PR,00726-0000,Proprietary  ,38,108,146,573,1173,1746
01056700,COLEGIO TECNOLOGICO DE SAN JUAN         ,PR,00918-2973,Public       ,40,90,130,405,604,1009
01072400,CARLOS ALBIZU UNIVERSITY                ,PR,00902-3711,Private      ,4,11,15,93,718,811
01081900,CONSERVATORIO DE MUSICA DE PUERTO RICO  ,PR,00907-3373,Public       ,5,7,12,242,64,306
01120300,RYDER MEMORIAL HOSP SCH OF NURSING      ,PR,00792-0000,Private      ,0,0,0,9,8,17
01171900,UNIVERSIDAD DEL TURABO                  ,PR,00778-0000,Private      ,190,907,1097,6774,10603,17377
01194000,ICPR JUNIOR COLLEGE                     ,PR,00919-0000,Proprietary  ,131,196,327,851,1123,1974
01194100,AMERICAN UNIVERSITY OF PUERTO RICO      ,PR,00960-2037,Private      ,43,66,109,888,853,1741
01194101,AMERICAN UNIVERSITY OF PUERTO RICO      ,PR,00674-0000,Private      ,53,61,114,863,843,1706
01252500,CARIBBEAN UNIVERSITY                    ,PR,00960-0493,Private      ,96,328,424,2049,3384,5433
01314800,RAMIREZ COLLEGE OF BUS & TECH           ,PR,00918-0000,Proprietary  ,57,112,169,274,605,879
02063100,MBTI BUSINESS TRNG INSTITUTE            ,PR,00907-3917,Proprietary  ,27,76,103,306,590,896
02100000,POLYTECHNIC UNIVERSITY OF PR            ,PR,00917-0000,Private      ,67,133,200,2884,2183,5067
02163300,UNIVERSIDAD CENTRAL DEL CARIBE          ,PR,00960-0000,Private      ,2,17,19,106,387,493
02165100,EDP COLLEGE OF PUERTO RICO              ,PR,00919-0000,Private      ,53,146,199,703,1420,2123
02166400,INSTITUTO DE BANCA Y COMERCIO           ,PR,00925-0000,Proprietary  ,919,1594,2513,8576,10853,19429
02170300,INST EDUC TECNIA OCUP LA REINA          ,PR,00674-0000,Proprietary  ,50,95,145,307,394,701
02170301,INST EDUC TECNICA OCUPLA LA REINA       ,PR,00603-0000,Proprietary  ,0,0,0,4,1,5
02189100,CENTRO DE ESTUDIOS MULTIDISCIPLIN       ,PR,00926-0000,Private      ,89,210,299,940,1488,2428
02189300,EMMA'S BEAUTY ACADEMY                   ,PR,00680-0000,Proprietary  ,25,29,54,262,252,514
02195400,MODERN HAIRSTYLING INSTITUTE            ,PR,00960-0000,Proprietary  ,74,120,194,572,587,1159
02195500,MODERN HAIRSTYLING INSTITUTE            ,PR,00612-0000,Proprietary  ,0,0,0,1,1,2
02195800,LICEO E ARTE Y TECNOLGIA                ,PR,00919-0000,Private      ,51,85,136,798,637,1435
02195900,MODERN HAIRSTYLING INSTITUTE            ,PR,00980-0000,Proprietary  ,0,3,3,5,6,11
02234900,ANTILLES SCHOOL OF TECH CAREERS         ,PR,00909-0000,Proprietary  ,12,35,47,115,236,351
02241901,COMMONWEALTH OF PR DEPT OF EDUC - CARLOS,PR,00986-0000,Public       ,2,3,5,20,50,70
02241902,COMMONWEALTH OF PR DEPT OF EDUC - TOMAS ,PR,00613-0000,Public       ,2,1,3,16,16,32
02241904,COMMONWEALTH OF PR DEPT OF EDUC - ITPR R,PR,00655-0000,Public       ,13,12,25,498,232,730
02241905,COMMONWEALTH OF PR DEPT OF EDUC - JOSE A,PR,00674-0000,Public       ,4,1,5,803,204,1007
02241907,COMMONWEALTH OF PR DEPT OF EDUC - ITPR R,PR,00928-0000,Public       ,20,9,29,449,190,639
02241908,COMMONWEALTH OF PR DEPT OF EDUC - ITPR R,PR,00732-0000,Public       ,3,6,9,564,270,834
02241909,COMMONWEALTH OF PR DEPT OF EDUC - TROQUE,PR,00959-0000,Public       ,0,0,0,31,3,34
02260600,NATIONAL COLLEGE OF BUSINESS & TECH     ,PR,00960-2036,Proprietary  ,194,478,672,3300,4234,7534
02260601,NATIONAL COLLEGE OF BUSINESS & TECHNOLOG,PR,00612-0000,Proprietary  ,0,1,1,50,20,70
02260602,NATIONAL COLLEGE OF BUSINESS & TECHNOLOG,PR,00745-9903,Proprietary  ,0,1,1,12,11,23
02260800,HUERTAS JUNIOR COLLEGE                  ,PR,00726-0000,Proprietary  ,79,173,252,1011,1197,2208
02297700,AUTOMECA TECHNICAL COLLEGE              ,PR,00957-0000,Proprietary  ,77,79,156,1107,726,1833
02303800,AMERICAN EDUCATIONAL COLLEGE            ,PR,00961-0000,Proprietary  ,65,102,167,543,711,1254
02335500,COLEGIO BIBLICO PENTECOSTAL DE PR       ,PR,00978-0000,Private      ,2,12,14,19,121,140
02340600,HUMACAO COMMUNITY COLLEGE               ,PR,00792-0000,Private      ,19,73,92,328,444,772
02343600,INSTITUTE OF BEAUTY CAREERS             ,PR,00613-0000,Proprietary  ,33,75,108,412,551,963
02482400,PONCE SCHOOL OF MEDICINE                ,PR,00716-2347,Private      ,0,24,24,7,594,601
02502400,SERBIA'S SCHOOL OF BEAUTY CULTURE       ,PR,00785-0000,Proprietary  ,17,46,63,213,336,549
02504500,INSTITUCION CHAVIANO DE MAYAGUEZ        ,PR,00708-0000,Proprietary  ,6,27,33,22,133,155
02505400,ATLANTIC COLLEGE                        ,PR,00970-0000,Private      ,43,38,81,818,431,1249
02534900,PONCE PARAMEDICAL COLLEGE (POPAC)       ,PR,00731-0000,Proprietary  ,128,219,347,2011,1767,3778
02549700,ACADEMIA MAISON D'ESTHETIQUE            ,PR,00907-0000,Proprietary  ,22,46,68,146,289,435
02552300,COLEGIO MAYOR DE TECHNOLOGIA            ,PR,00714-0000,Proprietary  ,39,77,116,300,410,710
02562500,INTERNATIONAL TECHNICAL COLLEGE         ,PR,00918-0000,Proprietary  ,10,33,43,90,126,216
02563500,ROGIES SCHOOL OF BEAUTY CULTURE         ,PR,00910-0000,Proprietary  ,21,26,47,141,166,307
02566800,PUERTO RICO TECH JUNIOR COLLEGE         ,PR,00917-0000,Proprietary  ,0,4,4,50,48,98
02569400,ESCUELA DE ARTES PLASTICAS              ,PR,00902-1112,Public       ,2,4,6,317,143,460
02570400,EDUCATIONAL TECHNICAL COLLEGE           ,PR,00925-3404,Proprietary  ,65,162,227,429,914,1343
02576100,ESCUELA TECNICA DE ELECTRICIDAD         ,PR,00731-0000,Proprietary  ,29,74,103,359,472,831
02587500,UNIVERSIDAD METROPOLITANA               ,PR,00928-0000,Private      ,139,865,1004,4677,8345,13022
02588600,SEMINARIO EVANGELICO DE PUERTO RICO     ,PR,00925-0000,Private      ,0,5,5,2,32,34
02593700,HISPANIC AMERICAN COLLEGE               ,PR,00725-0000,Proprietary  ,20,49,69,168,207,375
02611100,INSTITUTO MERLIX                        ,PR,00961-0000,Proprietary  ,9,46,55,98,254,352
03021900,EDIC COLLEGE                            ,PR,00726-0000,Proprietary  ,44,112,156,570,792,1362
03025500,MECH TECH COLLEGE                       ,PR,00725-6118,Proprietary  ,158,171,329,2577,1148,3725
03025900,"LICEO DE ARTE, DISENOS Y COMERCIO       ",PR,00726-0000,Proprietary  ,30,64,94,365,513,878
03029700,"UNIVERSAL TECHNOLOGY CLG OF PR, INC     ",PR,00605-1955,Private      ,90,204,294,767,1603,2370
03061900,COLEGIO TECHNOLOGICO Y COMERCIAL        ,PR,00602-0000,Proprietary  ,1,9,10,32,76,108
03068400,STAR BEAUTY ACADEMY                     ,PR,00961-6312,Proprietary  ,5,12,17,51,79,130
03070500,D'MART INSTITUTE                        ,PR,00794-3517,Proprietary  ,134,225,359,1070,1348,2418
03075600,EMMA'S BEAUTY ACADEMY                   ,PR,00795-0000,Proprietary  ,23,37,60,310,298,608
03076000,PUERTO RICO BARBER COLLEGE              ,PR,00738-4632,Proprietary  ,6,13,19,37,93,130
03085700,PROFESSIONAL TECHNICAL INSTITUTION      ,PR,00960-7061,Proprietary  ,27,24,51,268,234,502
03104400,PROFESSIONAL ELECTRIC SCHOOL            ,PR,00674-1797,Proprietary  ,1,15,16,79,91,170
03106900,ESCUELA DE PERITOS ELECTRICITAS         ,PR,00662-0457,Proprietary  ,3,8,11,33,63,96
03112100,JOHN DEWEY COLLEGE                      ,PR,00915-9538,Private      ,369,780,1149,2147,4431,6578
03112101,JOHN DEWEY COLLEGE                      ,PR,00986-0000,Private      ,79,134,213,541,762,1303
03112102,JOHN DEWEY COLLEGE-BAYAMON CAMPUS       ,PR,00959-0000,Private      ,61,153,214,348,673,1021
03112104,JOHN DEWEY COLLEGE - YABUCOA LRNING SITE,PR,00767-0767,Private      ,33,40,73,129,249,378
03112105,JOHN DEWEY COLLEGE - FAJARDO BRANCH     ,PR,00738-0738,Private      ,24,24,48,206,262,468
03112106,JOHN DEWEY COLLEGE - ARROYO BRANCH      ,PR,00714-0714,Private      ,15,42,57,131,315,446
03112107,JOHN DEWEY COLLEGE - JUANA DIAZ BRANCH  ,PR,00795-0000,Private      ,42,89,131,313,498,811
03115900,TRINITY COLLEGE OF PUERTO RICO          ,PR,00734-0000,Private      ,14,28,42,86,179,265
03122500,ACADEMIA SERRANT INC.                   ,PR,00717-1568,Proprietary  ,15,52,67,127,301,428
03123100,GLOBELLE TECHNICAL INSTITUTE            ,PR,00693-4218,Proprietary  ,2,19,21,42,116,158
03124200,NOVA COLLEGE DE PUERTO RICO             ,PR,00960-4016,Proprietary  ,18,55,73,88,248,336
03142300,ACADEMIA VOCATIONAL DEL TURABO          ,PR,00725-3657,Proprietary  ,0,0,0,24,59,83
03157600,"COLEGIO DE CINEMATOGRAFIA, ARTES Y TELEV",PR,00961-6345,Proprietary  ,27,19,46,296,136,432
03177300,SAN JUAN BAUTISTA SCH OF MEDICINE       ,PR,00726-0000,Private      ,0,3,3,0,255,255
03326300,UNIVERSAL CAREER COMMUNITY COLLEGE      ,PR,00907-0000,Proprietary  ,41,124,165,421,629,1050
03336300,CENTURY COLLEGE                         ,PR,00603-4802,Proprietary  ,10,33,43,98,173,271
03414300,MONTECLARO                              ,PR,00745-9612,Private      ,0,0,0,8,0,8
03452300,INSTITUTO PRE-VOCACIONAL E INDUSTRI     ,PR,00613-1800,Private      ,3,20,23,54,128,182
03461400,POLITEC INSTITUTE                       ,PR,00732-0000,Proprietary  ,0,0,0,9,2,11
03469300,IVAEM COLLEGE                           ,PR,00725-0000,Proprietary  ,7,8,15,123,53,176
03531300,COLEGIO PENTECOSTAL MIZPA               ,PR,00928-0966,Private      ,0,15,15,14,204,218
03544300,ATENAS COLLEGE                          ,PR,00674-0000,Private      ,32,145,177,605,1236,1841
03552300,LESTON COLLEGE                          ,PR,00961-6309,Proprietary  ,6,15,21,45,103,148
03585300,CENTRO DE CAPACITACION Y ASESORAMIE     ,PR,00612-0000,Proprietary  ,0,0,0,3,11,14
03600300,AMERICAN TECHNOLOGICAL COLLEGE          ,PR,00928-3713,Proprietary  ,0,0,0,1,2,3
03608300,CARIBBEAN FORENSIC & TECHNICAL COLL     ,PR,00926-0000,Proprietary  ,14,23,37,51,114,165
03735400,"CHARLIES GUARD,DETECTIVE BUREAU&ACA     ",PR,00605-0000,Proprietary  ,12,28,40,70,165,235
03751300,ESCUELA HOTELERA DE SAN JUAN            ,PR,00917-0091,Proprietary  ,22,18,40,363,249,612
03758300,BAYAMON COMMUNITY COLLEGE               ,PR,00960-0000,Proprietary  ,13,43,56,69,233,302
03781400,INDUSTRIAL TECHNICAL COLLEGE            ,PR,00792-0000,Proprietary  ,10,22,32,83,153,236
03785300,J.G. GUAYNABO TECHNICAL COLLEGE         ,PR,00960-0000,Proprietary  ,1,8,9,33,107,140
03800300,COLEGIO TECNICO DE ELECTRICIDAD GALLOSA ,PR,00602-0000,Proprietary  ,4,13,17,34,71,105
03800400,INSTITUTE OF BEAUTY OCCUPATIONS AND TECH,PR,00676-5071,Proprietary  ,17,36,53,67,132,199
03843300,ADVANCED TECH COLLEGE                   ,PR,00961-6321,Proprietary  ,3,11,14,20,88,108
03849300,AGUADILLA TECHNICAL COLLEGE             ,PR,00603-0000,Proprietary  ,4,17,21,13,43,56
03965400,MYRANGEL BEAUTY INSTITUTE               ,PR,00754-3917,Proprietary  ,6,17,23,36,98,134
04030300,ASPIRA  DE PUERTO RICO                  ,PR,00987-0000,Private      ,1,0,1,2,6,8
04107300,CARIB TECHNOLOGICAL INSTITUTE           ,PR,00960-0000,Proprietary  ,11,23,34,25,69,94
00394600,UNIVERSITY OF THE VIRGIN ISLANDS        ,VI,00802-6000,Public       ,17,16,33,839,577,1416
00394601,UNIV OF THE VIRGIN ISLANDS-ST CROIX     ,VI,00850-0000,Public       ,15,11,26,357,414,771
00667700,MCGILL UNIVERSITY                       ,CN,00000-0000,Public       ,22,9,31,1367,366,1733
00667900,QUEEN'S UNIVERSITY AT KINGSTON          ,CN,00000-0000,Public       ,3,1,4,104,30,134
00668100,ST FRANCIS XAVIER UNIVERSITY            ,CN,00000-0000,Public       ,0,0,0,32,10,42
00668200,ST THOMAS UNIVERSITY                    ,CN,00000-0000,Public       ,1,1,2,18,6,24
00668300,UNIVERSITY OF GUELPH                    ,CN,00000-0000,Public       ,0,1,1,32,32,64
00668400,UNIVERSITY OF MANITOBA                  ,CN,00000-0000,Public       ,0,1,1,29,22,51
00668500,UNIVERSITY OF NEW BRUNSWICK (THE)       ,CN,00000-0000,Public       ,1,0,1,14,14,28
00668600,UNIVERSITY OF OTTAWA                    ,CN,00000-0000,Public       ,0,0,0,35,32,67
00668800,UNIVERSITY OF TORONTO                   ,CN,00000-0000,Public       ,1,4,5,220,338,558
00668900,UNIVERSITY OF WINDSOR                   ,CN,00000-0000,Public       ,1,1,2,23,41,64
00683700,UNIVERSITE LAVAL                        ,CN,00000-0000,Public       ,0,2,2,2,12,14
00683800,DALHOUSIE UNIVERSITY                    ,CN,00000-0000,Public       ,3,0,3,93,65,158
00685200,BISHOP'S UNIVERSITY                     ,CN,00000-0000,Private      ,0,0,0,26,6,32
00685300,MCMASTER UNIVERSITY                     ,CN,00000-0000,Public       ,0,2,2,22,23,45
00767900,YORK UNIVERSITY                         ,CN,00000-0000,Public       ,2,6,8,110,100,210
00787400,UNIVERSITY AT CALGARY (THE)             ,CN,00000-0000,Public       ,0,1,1,15,44,59
00814800,UNIVERSITY OF WINNIPEG                  ,CN,00000-0000,Public       ,0,0,0,4,5,9
00836200,UNIVERSITY OF ALBERTA (THE)             ,CN,00000-0000,Public       ,0,0,0,16,44,60
00836300,MOUNT SAINT VINCENT UNIVERSITY          ,CN,00000-0000,Private      ,0,0,0,4,6,10
00836400,SAINT MARY'S UNIVERSITY                 ,CN,00000-0000,Public       ,0,0,0,25,8,33
00836500,CONCORDIA UNIVERSITY - SIR GEORGE W     ,CN,00000-0000,Public       ,5,4,9,201,154,355
00836600,UNIVERSITE DE MONTREAL                  ,CN,00000-0000,Public       ,0,2,2,13,30,43
00836800,CARLETON UNIVERSITY                     ,CN,00000-0000,Public       ,0,2,2,36,25,61
00836900,UNIVERSITY OF BRITISH COLUMBIA          ,CN,00000-0000,Public       ,6,10,16,509,399,908
00837000,"SAFA, UNIVERSITY OF VICTORIA            ",CN,00000-0000,Public       ,2,1,3,75,53,128
00844400,SIMON FRASER UNIVERSITY                 ,CN,00000-0000,Public       ,2,3,5,65,75,140
00844600,UNIVERSITY OF WESTERN ONTARIO (THE)     ,CN,00000-0000,Public       ,1,0,1,24,38,62
00844800,UNIVERSITY OF REGINA                    ,CN,00000-0000,Public       ,0,0,0,5,8,13
00844900,ACADIA UNIVERSITY                       ,CN,00000-0000,Public       ,0,0,0,59,8,67
00852600,UNIVERSITY OF WATERLOO                  ,CN,00000-0000,Public       ,0,0,0,27,19,46
00858200,WILFRID LAURIER UNIVERSITY              ,CN,00000-0000,Public       ,0,0,0,8,4,12
00874200,UNIVERSITE DE SHERBROOKE                ,CN,00000-0000,Private      ,0,0,0,2,1,3
00891300,LAKEHEAD UNIVERSITY                     ,CN,00000-0000,Public       ,0,0,0,2,4,6
00911900,UNIVERSITE DE MONCTON                   ,CN,00000-0000,Public       ,0,0,0,0,2,2
00918000,LAURENTIAN UNIVERSITY OF SUDBURY        ,CN,00000-0000,Public       ,0,0,0,3,3,6
00925200,BROCK UNIVERSITY                        ,CN,00000-0000,Public       ,0,0,0,11,16,27
00936700,UNIVERSITY OF PRINCE EDWARD ISLAND      ,CN,00000-0000,Public       ,1,0,1,11,103,114
00942100,BRANDON UNIVERSITY                      ,CN,00000-0000,Public       ,0,0,0,2,4,6
00948600,TRINITY WESTERN UNIVERSITY              ,CN,00000-0000,Private      ,4,2,6,281,67,348
00950000,MEMORIAL UNIVERSITY OF NEWFOUNDLAND     ,CN,00000-0000,Public       ,0,0,0,11,22,33
00950100,UNIVERSITY OF KING'S COLLEGE            ,CN,00000-0000,Public       ,1,0,1,19,2,21
00950300,MOUNT ALLISON UNIVERSITY                ,CN,00000-0000,Public       ,0,0,0,42,1,43
00950500,TRENT UNIVERSITY                        ,CN,00000-0000,Public       ,0,0,0,11,6,17
00969700,LETHBRIDGE COLLEGE                      ,CN,00000-0000,Public       ,0,0,0,3,1,4
00969800,MEDICINE HAT COLLEGE                    ,CN,00000-0000,Public       ,0,0,0,1,1,2
00970100,SENECA COLG OF APPLIED ARTS & TECH      ,CN,00000-0000,Public       ,0,0,0,6,7,13
01012300,NOVA SCOTIA COLLEGE OF ART & DESIGN     ,CN,00000-0000,Public       ,0,0,0,11,12,23
01022100,SAINT PAUL UNIVERSITY                   ,CN,00000-0000,Public       ,0,0,0,3,7,10
01045800,SHERIDAN COLLEGE OF APPLIED ARTS AN     ,CN,00000-0000,Public       ,0,1,1,9,14,23
01067500,REGENT COLLEGE                          ,CN,00000-0000,Private      ,0,2,2,4,134,138
01070300,UNIVERSITY OF LETHBRIDGE                ,CN,00000-0000,Public       ,0,0,0,8,3,11
01072000,RYERSON UNIVERSITY                      ,CN,00000-0000,Public       ,1,1,2,33,45,78
01172200,BRIERCREST BIBLE COLLEGE                ,CN,00000-0000,Private      ,2,3,5,28,19,47
01221100,ALGONQUIN CLG OF APPLIED ARTS &TECH     ,CN,00000-0000,Public       ,0,0,0,5,6,11
01222800,HUMBER COLLEGE                          ,CN,00000-0000,Public       ,0,0,0,6,14,20
01227400,PROVIDENCE COLLEGE                      ,CN,00000-0000,Private      ,0,0,0,26,12,38
02081600,SAULT COLLG OF APPLIED ARTS & TECH      ,CN,00000-0000,Public       ,0,0,0,1,0,1
02102100,BETHANY BIBLE COLLEGE                   ,CN,00000-0000,Private      ,2,0,2,77,31,108
02116600,CANADIAN MEMORIAL CHIROPRACTIC COLL     ,CN,00000-0000,Private      ,0,0,0,0,2,2
02167000,PRAIRIE BIBLE INST                      ,CN,00000-0000,Private      ,0,0,0,39,19,58
02184600,INSTITUTE FOR CHRISTIAN STUDIES         ,CN,00000-0000,Private      ,0,0,0,0,5,5
02195600,LASALLE COLLEGE                         ,CN,00000-0000,Private      ,0,0,0,2,3,5
02195700,TAYLOR UNIVERSITY COLLEGE AND SEMINARY  ,CN,00000-0000,Private      ,0,0,0,11,2,13
02201100,COLUMBIA BIBLE COLLEGE                  ,CN,00000-0000,Private      ,1,0,1,18,3,21
02209700,UNIVERSITE DU QUEBEC (UNIVERSITY OF     ,CN,00000-0000,Public       ,0,1,1,5,11,16
02216400,TYNDALE COLLEGE & SEMINARY              ,CN,00000-0000,Private      ,0,2,2,1,9,10
02219000,ST. LAWRENCE COLLEGE                    ,CN,00000-0000,Public       ,0,0,0,8,2,10
02219200,UNIVERSITY OF SASKATCHEWAN              ,CN,00000-0000,Public       ,0,1,1,6,16,22
02338800,EMILY CARR UNIVERSITY OF ART AND DESIGN ,CN,00000-0000,Public       ,1,2,3,44,26,70
02354700,RED DEER COLLEGE                        ,CN,00000-0000,Public       ,0,1,1,1,2,3
02529200,AUGUSTANA UNIVERSITY COLLEGE            ,CN,00000-0000,Private      ,0,0,0,1,0,1
02577200,SALVATION ARMY WM & CATHERINE BOOTH     ,CN,00000-0000,Private      ,0,0,0,1,0,1
02592600,NEW BRUNSWICK COMMUNITY COLLEGE         ,CN,00000-0000,Public       ,0,0,0,2,2,4
02593800,CONCORDIA UNIVERSITY COLLEGE            ,CN,00000-0000,Private      ,0,0,0,2,1,3
02611400,"GARDNER COLLEGE, A CENTRE FOR CHRIS     ",CN,00000-0000,Private      ,0,0,0,1,1,2
02611900,THE KING'S UNIVERSITY COLLEGE           ,CN,00000-0000,Private      ,0,0,0,0,3,3
03018300,ROCKY MOUNTAIN COLLEGE: CENTRE FOR      ,CN,00000-0000,Private      ,0,0,0,3,1,4
03033800,UNIVERSITY COLLEGE OF CAPE BRETON       ,CN,00000-0000,Public       ,0,0,0,5,5,10
03076200,COVENANT BIBLE COLLEGE                  ,CN,00000-0000,Private      ,0,0,0,2,0,2
03078300,VANCOUVER SCHOOL OF THEOLOGY            ,CN,00000-0000,Private      ,0,0,0,0,5,5
03273300,CANADIAN COLLEGE OF NATUROPATHIC ME     ,CN,00000-0000,Private      ,0,0,0,0,30,30
03298300,ALBERTA COLLEGE OF ART & DESIGN         ,CN,00000-0000,Public       ,0,0,0,20,7,27
03332500,KWANTLEN UNIVERSITY COLLEGE             ,CN,00000-0000,Public       ,0,1,1,2,3,5
03335400,CANADIAN UNIVERSITY COLLEGE             ,CN,00000-0000,Private      ,0,0,0,22,1,23
03339300,ST. STEPHENS UNIVERSITY                 ,CN,00000-0000,Private      ,0,0,0,0,4,4
03348500,REDEEMER UNIVERSITY COLLEGE             ,CN,00000-0000,Private      ,1,0,1,9,0,9
03408300,CANDIAN NAZARENE UNIVERSITY COLLEGE     ,CN,00000-0000,Private      ,0,0,0,1,1,2
03420300,HOLLAND COLLEGE                         ,CN,00000-0000,Public       ,0,0,0,1,2,3
03421300,LOYALIST COLLEGE OF APPLIED ARTS &      ,CN,00000-0000,Public       ,0,0,0,1,0,1
03465300,NIPISSING UNIVERSITY                    ,CN,00000-0000,Public       ,0,0,0,0,1,1
03511300,CN CLG ACUPUNCTURE & ORIENTAL MED       ,CN,00000-0000,Private      ,0,0,0,0,9,9
03551300,INTERNATIONAL BIBLE COLLEGE             ,CN,00000-0000,Private      ,0,0,0,3,6,9
03560400,NIAGARA COLLEGE-WELLAND CAMPUS          ,CN,00000-0000,Public       ,0,0,0,3,8,11
03613300,UNIV OF NORTHERN BRITISH COLUMBIA       ,CN,00000-0000,Public       ,0,0,0,4,5,9
03644400,CANADIAN MENNONITE UNIVERSITY           ,CN,00000-0000,Private      ,2,0,2,2,0,2
03674400,CANADIAN SOUTHERN BAPTIST SEMINARY      ,CN,00000-0000,Private      ,0,0,0,0,3,3
03711300,CAPILANO UNIVERSITY                     ,CN,00000-0000,Public       ,0,0,0,8,3,11
03745300,BRITISH COLUMBIA INSTITUTE OF TECHNOLOGY,CN,00000-0000,Public       ,0,0,0,0,1,1
03846300,PACIFIC LIFE BIBLE COLLEGE              ,CN,00000-0000,Private      ,1,1,2,10,3,13
03847300,ATLANTIC BAPTIST UNIVERSITY             ,CN,00000-0000,Private      ,0,0,0,1,1,2
00814700,UNIVERSIDAD AUTONOMA DE GUADALAJARA     ,MX,00000-0000,Private      ,3,29,32,32,1210,1242
01041800,INST TEC Y DE ESTSUPER DE MONTERRE      ,MX,00000-0000,Private      ,0,1,1,30,53,83
01067600,UNIVERSIDAD DE MONTERREY                ,MX,00000-0000,Private      ,1,1,2,15,23,38
01093800,UNIVERSIDAD DE GUANAJUATO               ,MX,00000-0000,Public       ,0,0,0,11,12,23
01097600,INSTITUTO ALLENDE                       ,MX,00000-0000,Private      ,0,0,0,2,6,8
02053300,CENTRO DE ESTUDIOS UNIVERSITARIOS D     ,MX,00000-0000,Private      ,10,9,19,126,198,324
02283100,UNIVERSIDAD TECNOLOGICA DE MEXICO       ,MX,00000-0000,Proprietary  ,0,0,0,17,16,33
01001000,AMERICAN SAMOA CMNTY COLLEGE            ,AS,96799-2609,Public       ,109,59,168,1398,318,1716
01034300,COLLEGE OF MICRONESIA - FSM             ,FM,96941-0159,Public       ,139,92,231,2141,698,2839
01100900,PALAU COMMUNITY COLLEGE                 ,PW,96940-0009,Public       ,93,20,113,824,343,1167
03022400,COLLEGE OF THE MARSHALL ISLANDS         ,MH,96960-1258,Public       ,82,57,139,558,325,883
03033000,NORTHERN MARIANAS COLLEGE               ,MP,96950-0000,Public       ,56,30,86,433,313,746
