OPE ID,School,State,Zip Code,School Type,20082009Qtr2_Dependent Students,20082009Qtr2_Independent Students,Quarterly Total,YTD_20082009Qtr2_Dependent Students,YTD_20082009Qtr2_Independent Students,Award Year To Date Total
00100200,ALABAMA AGRCLTL & MECHL UNIV            ,AL,35762-1357,Public       ,1711,877,2588,4088,1668,5756
00100300,FAULKNER UNIVERSITY                     ,AL,36109-3398,Private      ,516,1209,1725,968,1961,2929
00100400,UNIVERSITY OF MONTEVALLO                ,AL,35115-6000,Public       ,665,373,1038,1384,674,2058
00100500,ALABAMA STATE UNIVERSITY                ,AL,36101-0000,Public       ,2667,1384,4051,5958,2399,8357
00100700,CENTRAL ALABAMA COMMUNITY COLLEGE       ,AL,35011-0000,Public       ,265,429,694,533,683,1216
00100800,ATHENS STATE UNIVERSITY                 ,AL,35611-1999,Public       ,221,976,1197,374,1578,1952
00100900,AUBURN UNIVERSITY                       ,AL,36849-5113,Public       ,3248,1670,4918,11125,3447,14572
00101200,BIRMINGHAM SOUTHERN COLLEGE             ,AL,35254-0002,Private      ,400,98,498,1347,161,1508
00101300,CALHOUN COMMUNITY COLLEGE               ,AL,35609-2216,Public       ,1089,1769,2858,2125,2966,5091
00101500,ENTERPRISE-OZARK COMMUNITY COLLEGE      ,AL,36331-1300,Public       ,335,405,740,580,663,1243
00101600,UNIVERSITY OF NORTH ALABAMA             ,AL,35632-0001,Public       ,1294,759,2053,2723,1267,3990
00101700,GADSDEN STATE COMMUNITY COLLEGE         ,AL,35903-2269,Public       ,767,1122,1889,1395,1877,3272
00101800,GEORGE C WALLACE COMMUNITY COLLEGE      ,AL,36303-0943,Public       ,456,914,1370,761,1433,2194
00101900,HUNTINGDON COLLEGE                      ,AL,36106-2148,Private      ,335,129,464,843,231,1074
00102000,JACKSONVILLE STATE UNIVERSITY           ,AL,36265-1602,Public       ,1945,1459,3404,4134,2625,6759
00102100,JEFFERSON DAVIS COMMUNITY COLLEGE       ,AL,36427-2790,Public       ,138,233,371,238,350,588
00102200,JEFFERSON STATE COMMUNITY COLLEGE       ,AL,35215-3098,Public       ,1080,1825,2905,1772,2952,4724
00102300,JUDSON COLLEGE                          ,AL,36756-2504,Private      ,125,32,157,257,63,320
00102400,UNIVERSITY OF WEST ALABAMA              ,AL,35470-0000,Public       ,553,1207,1760,1210,2152,3362
00102600,MARION MILITARY INSTITUTE               ,AL,36756-3214,Public       ,176,8,184,278,16,294
00102800,MILES COLLEGE                           ,AL,35064-2697,Private      ,836,380,1216,1509,640,2149
00102900,UNIVERSITY OF MOBILE                    ,AL,36663-0220,Private      ,423,512,935,1026,868,1894
00103000,BISHOP STATE COMMUNITY COLLEGE          ,AL,36603-5898,Public       ,517,965,1482,747,1473,2220
00103001,BISHOP STATE COMM COLG-CARVER CMPS      ,AL,36617-0000,Public       ,36,79,115,53,118,171
00103002,BISHOP STAT COMM CLG-SW CMPS            ,AL,36605-0000,Public       ,28,44,72,44,69,113
00103100,NORTHEAST ALABAMA STATE CMNTY COLG      ,AL,35986-0159,Public       ,356,476,832,563,669,1232
00103300,OAKWOOD COLLEGE                         ,AL,35896-0001,Private      ,628,215,843,1226,401,1627
00103400,ALABAMA SOUTHERN COMMUNITY COLLEGE      ,AL,36460-5698,Public       ,268,259,527,456,411,867
00103600,SAMFORD UNIVERSITY                      ,AL,35229-7000,Private      ,418,671,1089,2344,1849,4193
00103800,SNEAD STATE COMMUNITY COLLEGE           ,AL,35957-0734,Public       ,317,473,790,598,800,1398
00104000,SOUTHERN UNION STATE COMMUNITY CLG      ,AL,36276-0000,Public       ,848,758,1606,1439,1209,2648
00104100,SPRING HILL COLLEGE                     ,AL,36608-1791,Private      ,400,148,548,1496,318,1814
00104400,STILLMAN COLLEGE                        ,AL,35403-1430,Private      ,639,128,767,1698,266,1964
00104600,TALLADEGA COLLEGE                       ,AL,35160-2354,Private      ,227,84,311,361,132,493
00104700,TROY STATE UNIVERSITY                   ,AL,36082-0001,Public       ,2442,7172,9614,4860,11894,16754
00105000,TUSKEGEE UNIVERSITY                     ,AL,36088-1645,Private      ,1212,332,1544,4089,796,4885
00105100,UNIVERSITY OF ALABAMA (THE)             ,AL,35487-0120,Public       ,4134,2472,6606,11520,4977,16497
00105200,UNIVERSITY OF ALABAMA AT BIRMINGHAM     ,AL,35294-1150,Public       ,2140,3056,5196,5271,5664,10935
00105500,UNIVERSITY OF ALABAMA IN HUNTSVILLE     ,AL,35899-0001,Public       ,1193,1033,2226,2808,1838,4646
00105700,UNIVERSITY OF SOUTH ALABAMA             ,AL,36688-0002,Public       ,2358,2953,5311,4264,4863,9127
00105900,LAWSON STATE COMMUNITY COLLEGE          ,AL,35221-1798,Public       ,536,829,1365,862,1365,2227
00105901,LAWSON STATE COMMUNITY COLLEGE - BESSEME,AL,35021-0308,Public       ,107,222,329,181,349,530
00106000,FAULKNER STATE COMMUNITY COLLEGE        ,AL,36507-2698,Public       ,752,730,1482,1177,1141,2318
00526000,J.F. DRAKE STATE TECH COLLEGE           ,AL,35811-1584,Public       ,108,269,377,169,459,628
00569100,SHELTON STATE COMMUNITY CLG             ,AL,35405-4017,Public       ,969,793,1762,1665,1261,2926
00569200,REID STATE TECHNICAL COLLEGE            ,AL,36401-0000,Public       ,69,125,194,98,174,272
00569700,NORTHWEST- SHOALS COMMUNITY COLLEGE     ,AL,35661-0000,Public       ,529,620,1149,912,946,1858
00569702,NORTHWEST-SHOALS C.C.-PHIL CAMPBELL     ,AL,35581-0000,Public       ,63,61,124,132,95,227
00569900,GEORGE C WALLACE STATE CMTY COLLEGE     ,AL,36703-0000,Public       ,297,353,650,456,597,1053
00573300,BEVILL STATE CMTY COLLEGE-WALKER        ,AL,35148-0000,Public       ,335,518,853,592,827,1419
00573301,BEVILL STATE COMMUNITY COLLEGE - FAYETTE,AL,35555-0000,Public       ,134,163,297,274,288,562
00573302,BEVILL STATE CMTY CLG-HAMILTON CAMP     ,AL,35570-0000,Public       ,48,89,137,92,134,226
00573305,BEVILL STATE CMTY CLG-WALKER CLG        ,AL,35501-0000,Public       ,108,101,209,191,198,389
00573400,H. COUNCILL TRENHOLM STATE TECH COLLEGE ,AL,36108-0020,Public       ,138,358,496,191,521,712
00573401,H. C. TRENHOLM ST TECH COL-PATTERSON CAM,AL,36116-2612,Public       ,72,148,220,114,226,340
00787100,GEORGE C WALLACE STATE CMTY CLG         ,AL,35077-2000,Public       ,836,1094,1930,1396,1677,3073
00831000,AUBURN UNIVERSITY-MONTGOMERY            ,AL,36124-0000,Public       ,1000,1279,2279,1973,2145,4118
00898800,LURLEEN B WALLACE COMMUNITY COLLEGE     ,AL,36420-0418,Public       ,212,289,501,372,457,829
01019300,HERZING COLLEGE                         ,AL,35209-4816,Proprietary  ,48,221,269,73,387,460
01055400,CONCORDIA COLLEGE                       ,AL,36701-3323,Private      ,231,170,401,323,219,542
01218200,CHATTAHOOCHEE VALLEY CMTY CLG           ,AL,36869-7917,Public       ,253,444,697,371,683,1054
01303906,SOUTH UNIVERSITY - MONTGOMERY           ,AL,36116-1120,Proprietary  ,72,245,317,106,416,522
02170600,UNITED STATES SPORTS ACADEMY            ,AL,36526-7055,Private      ,11,189,200,22,335,357
02199700,HERITAGE CHRISTIAN UNIVERSITY           ,AL,35630-0000,Private      ,4,20,24,8,26,34
02270400,SOUTHEASTERN BIBLE COLLEGE              ,AL,35244-2083,Private      ,30,53,83,62,82,144
02296000,PRINCE INSTITUTE OF PROFESSIONAL STUDIES,AL,36117-0000,Proprietary  ,11,43,54,13,60,73
02341000,FORTIS COLLEGE                          ,AL,36609-0000,Proprietary  ,157,415,572,167,441,608
02341002,CAPPS COLLEGE - MONTGOMERY              ,AL,36109-3624,Proprietary  ,12,28,40,15,62,77
02341004,FORTIS COLLEGE - SCHOOL OF COSMETOLOGY  ,AL,36609-1981,Proprietary  ,4,17,21,4,19,23
02503400,AMRIDGE UNIVERSITY                      ,AL,36124-0000,Private      ,0,229,229,8,365,373
02605500,REMINGTON COLLEGE - MOBILE CAMPUS       ,AL,36609-5593,Proprietary  ,122,528,650,154,781,935
03010600,VIRGINIA COLLEGE                        ,AL,35209-5154,Proprietary  ,539,5006,5545,707,7419,8126
03010602,VIRGINIA COLLEGE - HUNTSVILLE           ,AL,35805-0000,Proprietary  ,49,148,197,67,216,283
03010605,VA COLG TECHNICAL AT PELHAM             ,AL,35124-0000,Proprietary  ,0,0,0,2,7,9
03010607,VIRGINIA COLLEGE - MOBILE               ,AL,36606-4748,Proprietary  ,18,145,163,25,177,202
03010616,VIRGINIA COLLEGE - MONTGOMERY           ,AL,36117-2802,Proprietary  ,35,168,203,35,168,203
03032500,ALABAMA STATE CLG BARBER STYLING        ,AL,35215-8308,Proprietary  ,9,16,25,17,23,40
03361400,FORTIS COLLEGE                          ,AL,36535-3547,Proprietary  ,20,121,141,23,125,148
03459300,SOUTHEASTERN SCHOOL OF COSMETOLOGY      ,AL,35228-0000,Private      ,6,38,44,9,49,58
03783300,BLUE CLIFF CAREER COLLEGE               ,AL,63306-4749,Proprietary  ,11,49,60,18,73,91
03894300,HUNTSVILLE BIBLE COLLEGE                ,AL,35811-0000,Private      ,3,11,14,6,25,31
04067300,SELMA UNIVERSITY                        ,AL,36701-0000,Private      ,6,25,31,12,32,44
04116500,MIMI'S BEAUTY ACADEMY OF COSMETOLOGY    ,AL,35810-3453,Proprietary  ,8,10,18,9,19,28
04121500,COLUMBIA SOUTHERN UNIVERSITY            ,AL,36561-3815,Proprietary  ,13,402,415,16,464,480
04125200,TONI LOVE'S COSMETOLOGY TRAINING CENTER ,AL,35474-0005,Proprietary  ,2,13,15,2,17,19
00111100,ALLAN HANCOCK COLLEGE                   ,CA,93454-6399,Public       ,598,970,1568,1923,1923,3846
00111300,ANTELOPE VALLEY COLLEGE                 ,CA,93536-5426,Public       ,606,1520,2126,2386,3346,5732
00111600,ART CENTER COLLEGE OF DESIGN            ,CA,91103-1999,Private      ,108,190,298,990,970,1960
00111700,AZUSA PACIFIC UNIVERSITY                ,CA,91702-7000,Private      ,531,1334,1865,5331,3346,8677
00111800,BAKERSFIELD COLLEGE                     ,CA,93305-1299,Public       ,1236,1974,3210,5269,4714,9983
00111900,BARSTOW COMMUNITY COLLEGE               ,CA,92311-6608,Public       ,100,538,638,188,864,1052
00112000,AMER BAPT SEM OF THE WEST-BERKELEY      ,CA,94704-0000,Private      ,0,9,9,2,31,33
00112100,BETHANY UNIVERSITY /  ASSEMBLIES OF GOD ,CA,95066-2896,Private      ,93,102,195,378,229,607
00112200,BIOLA UNIVERSITY                        ,CA,90639-0001,Private      ,536,491,1027,4311,1404,5715
00112300,BROOKS INSTITUTE                        ,CA,93103-1809,Proprietary  ,277,197,474,1002,512,1514
00112400,CABRILLO COLLEGE                        ,CA,95003-3194,Public       ,443,743,1186,2031,2242,4273
00112500,CALIFORNIA BAPTIST UNIVERSITY           ,CA,92504-3297,Private      ,382,570,952,2926,1507,4433
00112700,CALIFORNIA COLLEGE OF THE ARTS          ,CA,94107-2206,Private      ,257,300,557,1422,1196,2618
00113100,CALIFORNIA INSTITUTE OF TECHNOLOGY      ,CA,91125-0001,Private      ,138,35,173,2399,307,2706
00113200,CALIFORNIA INSTITUTE OF THE ARTS        ,CA,91355-2397,Private      ,84,73,157,1383,1142,2525
00113300,CALIFORNIA LUTHERAN UNIVERSITY          ,CA,91360-2787,Private      ,288,346,634,2474,873,3347
00113400,CALIFORNIA MARITIME ACADEMY             ,CA,94590-8181,Public       ,60,31,91,545,173,718
00113700,CALIF STATE UNIV-FULLERTON              ,CA,92831-3599,Public       ,1916,2682,4598,28242,10936,39178
00113800,"CALIFORNIA STATE UNIVERSITY, EAST BAY   ",CA,94542-3000,Public       ,574,1605,2179,6934,6451,13385
00113900,CALIF STATE UNIV-LONG BEACH             ,CA,90840-0006,Public       ,2127,2826,4953,34005,13663,47668
00114000,CALIF STATE UNIV-LOS ANGELES            ,CA,90032-4226,Public       ,1153,2764,3917,18734,11967,30701
00114100,"CALIF STATE UNIV, DOMINGUEZ HILLS       ",CA,90747-0001,Public       ,670,1972,2642,8740,6702,15442
00114200,CALIF STATE UNIV SAN BERNARDINO         ,CA,92407-2397,Public       ,1048,2347,3395,11772,8113,19885
00114300,CAL POLY STATE UNIVERSITY               ,CA,93407-0001,Public       ,1175,528,1703,23455,2686,26141
00114400,CALIF STATE POLYTECHNIC UNIV POMONA     ,CA,91768-2500,Public       ,1098,1195,2293,19120,5571,24691
00114600,CALIF STATE UNIV - CHICO                ,CA,95929-0001,Public       ,1228,1277,2505,12426,4371,16797
00114700,CALIF STATE UNIV - FRESNO               ,CA,93740-8026,Public       ,1384,2043,3427,15708,7734,23442
00114900,HUMBOLDT STATE UNIVERSITY               ,CA,95521-8299,Public       ,652,754,1406,7688,3095,10783
00115000,CALIF STATE UNIV-SACRAMENTO             ,CA,95819-6044,Public       ,1883,3152,5035,18432,11708,30140
00115100,SAN DIEGO STATE UNIVERSITY              ,CA,92182-1690,Public       ,3084,3559,6643,34222,11825,46047
00115300,CALIF STATE UNIV-NORTHRIDGE             ,CA,91330-8307,Public       ,2058,2990,5048,24709,12583,37292
00115400,SAN FRANCISCO STATE UNIVERSITY          ,CA,94132-1740,Public       ,1619,2428,4047,24066,13236,37302
00115500,SAN JOSE STATE UNIVERSITY               ,CA,95192-0036,Public       ,1825,2932,4757,20754,10739,31493
00115600,SONOMA STATE UNIVERSITY                 ,CA,94928-3609,Public       ,530,516,1046,7492,2435,9927
00115700,CALIF STATE UNIV-STANISLAUS             ,CA,95382-0299,Public       ,391,943,1334,5789,3828,9617
00115800,UNITED STATES INTERNATIONAL UNIV        ,CA,92131-1799,Private      ,0,0,0,5,135,140
00116100,CERRITOS COLLEGE                        ,CA,90650-6296,Public       ,1336,1660,2996,6146,3951,10097
00116200,CHABOT COLLEGE                          ,CA,94545-2400,Public       ,592,1192,1784,2351,2561,4912
00116300,CHAFFEY COLLEGE                         ,CA,91737-9400,Public       ,1379,2523,3902,4839,5418,10257
00116400,CHAPMAN UNIVERSITY                      ,CA,92866-1099,Private      ,486,1911,2397,5317,5065,10382
00116453,CHAPMAN UNIVERSITY SCHOOL OF LAW        ,CA,92866-0000,Private      ,13,206,219,110,1744,1854
00116500,CHURCH DIV SCH OF THE PACIFIC           ,CA,94709-0000,Private      ,0,8,8,0,66,66
00116600,CITRUS COLLEGE                          ,CA,91741-1899,Public       ,567,729,1296,3245,2066,5311
00116900,CLAREMONT GRADUATE UNIVERSITY           ,CA,91711-0000,Private      ,1,393,394,11,1289,1300
00117000,CLAREMONT MCKENNA COLLEGE               ,CA,91711-6400,Private      ,76,8,84,2551,66,2617
00117100,HARVEY MUDD COLLEGE                     ,CA,91711-5990,Private      ,48,1,49,1757,17,1774
00117200,PITZER COLLEGE                          ,CA,91711-6101,Private      ,39,26,65,2522,105,2627
00117300,POMONA COLLEGE                          ,CA,91711-6301,Private      ,384,13,397,3837,58,3895
00117400,SCRIPPS COLLEGE                         ,CA,91711-3948,Private      ,99,8,107,1428,37,1465
00117600,WEST HILLS COMMUNITY COLLEGE            ,CA,93210-1399,Public       ,155,306,461,842,644,1486
00117700,COGSWELL POLYTECHNICAL COLLEGE          ,CA,94089-1210,Private      ,19,11,30,116,36,152
00117800,COLLEGE OF MARIN                        ,CA,94904-2590,Public       ,79,249,328,381,748,1129
00117801,COLG OF MARIN-INDIAN VALLEY CMPS        ,CA,94949-0000,Public       ,0,13,13,11,33,44
00117900,NOTRE DAME DE NAMUR UNIVERSITY          ,CA,94002-1997,Private      ,116,228,344,673,487,1160
00118100,COLLEGE OF SAN MATEO                    ,CA,94402-3784,Public       ,222,375,597,1068,914,1982
00118200,COLLEGE OF THE DESERT                   ,CA,92260-9305,Public       ,612,900,1512,2041,1712,3753
00118300,HOLY NAMES UNIVERSITY                   ,CA,94619-1699,Private      ,107,182,289,521,421,942
00118500,COLLEGE OF THE REDWOODS                 ,CA,95501-9300,Public       ,472,856,1328,1524,1990,3514
00118600,COLLEGE OF THE SEQUOIAS                 ,CA,93277-2234,Public       ,857,1568,2425,3372,3320,6692
00118700,COLLEGE OF THE SISKIYOUS                ,CA,96094-2899,Public       ,175,232,407,607,515,1122
00118701,COLLEGE OF THE SISKIYOUS - YREKA CENTER ,CA,96097-9538,Public       ,7,18,25,24,33,57
00119000,CONTRA COSTA COLLEGE                    ,CA,94806-3195,Public       ,269,595,864,921,1229,2150
00119100,DIABLO VALLEY COLLEGE                   ,CA,94523-1544,Public       ,429,718,1147,2233,1826,4059
00119200,CUESTA COLLEGE                          ,CA,93403-8106,Public       ,415,598,1013,2077,1385,3462
00119300,CYPRESS COLLEGE                         ,CA,90630-5897,Public       ,534,1063,1597,2897,2457,5354
00119600,DOMINICAN UNIVERSITY OF CALIFORNIA      ,CA,94901-2298,Private      ,124,283,407,2000,829,2829
00119700,EL CAMINO COLLEGE                       ,CA,90506-0002,Public       ,1089,1555,2644,4926,3879,8805
00119701,COMPTON COMMUNITY COLLEGE               ,CA,90221-5393,Public       ,128,424,552,500,982,1482
00119900,FOOTHILL COLLEGE                        ,CA,94022-4597,Public       ,229,504,733,960,1203,2163
00120000,FULLER THEOLOGICAL SEMINARY             ,CA,91182-0000,Private      ,0,386,386,3,1704,1707
00120100,FULLERTON COLLEGE                       ,CA,92832-2095,Public       ,968,1052,2020,4560,2464,7024
00120200,GAVILAN COLLEGE                         ,CA,95020-9599,Public       ,200,428,628,723,748,1471
00120300,GLENDALE COMMUNITY COLLEGE              ,CA,91208-2894,Public       ,941,1412,2353,3664,2896,6560
00120400,GOLDEN GATE BAPT THEOL SEMINARY         ,CA,94941-0000,Private      ,1,15,16,1,39,40
00120500,GOLDEN GATE UNIVERSITY                  ,CA,94105-2967,Private      ,9,672,681,50,2540,2590
00120600,GOLDEN WEST COLLEGE                     ,CA,92647-2748,Public       ,673,1075,1748,3310,2438,5748
00120700,GRADUATE THEOLOGICAL UNION              ,CA,94709-0000,Private      ,0,31,31,1,320,321
00120800,GROSSMONT COLLEGE                       ,CA,92020-1798,Public       ,756,1079,1835,3208,2731,5939
00120900,HARTNELL COMMUNITY COLLEGE              ,CA,93901-1697,Public       ,374,484,858,1186,959,2145
00121200,HUMPHREYS COLLEGE                       ,CA,95207-3896,Private      ,34,239,273,129,546,675
00121400,IMPERIAL VALLEY COLLEGE                 ,CA,92251-9787,Public       ,817,867,1684,2261,1386,3647
00121500,LA SIERRA UNIVERSITY                    ,CA,92515-3332,Private      ,223,200,423,1295,464,1759
00121600,UNIVERSITY OF LA VERNE                  ,CA,91750-4443,Private      ,208,1160,1368,2124,4057,6181
00121700,LASSEN COLLEGE                          ,CA,96130-3000,Public       ,103,168,271,220,294,514
00121800,LOMA LINDA UNIVERSITY                   ,CA,92350-0001,Private      ,133,1148,1281,591,3819,4410
00121900,LONG BEACH CITY COLLEGE                 ,CA,90808-1780,Public       ,1418,2525,3943,6047,5717,11764
00122000,MASTER'S COLLEGE & SEMINARY (THE)       ,CA,91321-1200,Private      ,94,77,171,958,235,1193
00122300,LOS ANGELES CITY COLLEGE                ,CA,90029-3588,Public       ,713,1560,2273,2840,4275,7115
00122400,LOS ANGELES HARBOR COLLEGE              ,CA,90744-2397,Public       ,330,705,1035,1412,1721,3133
00122600,LOS ANGELES PIERCE COLLEGE              ,CA,91371-0001,Public       ,826,1049,1875,4158,2764,6922
00122700,LOS ANGELES TRADE TECH COLLEGE          ,CA,90015-4181,Public       ,441,1149,1590,1881,3028,4909
00122800,LOS ANGELES VALLEY COLLEGE              ,CA,91401-4096,Public       ,574,1031,1605,3003,3006,6009
00122900,SO CA UNIV  HEALTH SCIENCES             ,CA,90604-4051,Private      ,2,243,245,10,423,433
00123000,SOUTHERN CA COLLEGE OF OPTOMETRY        ,CA,92831-1699,Private      ,1,248,249,11,451,462
00123200,AMERICAN RIVER COLLEGE                  ,CA,95841-4286,Public       ,1389,3469,4858,5269,7882,13151
00123300,SACRAMENTO CITY COLLEGE                 ,CA,95822-1386,Public       ,1150,2299,3449,5928,5920,11848
00123600,MENLO COLLEGE                           ,CA,94027-4301,Private      ,170,38,208,682,88,770
00123700,MERCED COMMUNITY COLLEGE                ,CA,95348-2898,Public       ,597,1126,1723,3206,2634,5840
00123800,MILLS COLLEGE                           ,CA,94613-1301,Private      ,81,189,270,1298,1082,2380
00123900,MIRACOSTA COLLEGE                       ,CA,92056-3899,Public       ,321,671,992,1199,1450,2649
00124000,MODESTO JUNIOR COLLEGE                  ,CA,95350-5800,Public       ,1026,1927,2953,5096,5030,10126
00124200,MONTEREY PENINSULA COLLEGE              ,CA,93940-4799,Public       ,239,376,615,882,868,1750
00124300,MOUNT ST MARYS COLLEGE                  ,CA,90049-1599,Private      ,161,301,462,1846,1170,3016
00124500,MT. SAN ANTONIO COLLEGE                 ,CA,91789-1399,Public       ,1373,1661,3034,7353,4438,11791
00124600,MT SAN JACINTO COLLEGE                  ,CA,92583-2399,Public       ,855,1719,2574,2754,3573,6327
00124700,NAPA VALLEY COLLEGE                     ,CA,94558-6236,Public       ,172,364,536,909,931,1840
00124900,OCCIDENTAL COLLEGE                      ,CA,90041-3314,Private      ,114,19,133,3967,128,4095
00125000,ORANGE COAST COLLEGE - FIN AID OFF      ,CA,92628-5005,Public       ,1093,1338,2431,5843,3149,8992
00125100,OTIS COLLEGE OF ART AND DESIGN          ,CA,90045-3505,Private      ,207,116,323,1334,475,1809
00125200,HOPE INTERNATIONAL UNIVERSITY           ,CA,92631-0000,Private      ,83,152,235,446,369,815
00125300,FRESNO PACIFIC UNIVERSITY               ,CA,93702-4798,Private      ,166,358,524,1270,1086,2356
00125302,FRESNO PACIFIC UNIVERSITY - VISALIA CENT,CA,93277-8341,Private      ,1,33,34,20,134,154
00125303,FRESNO PACIFIC UNIVERSITY - BAKERSFIELD ,CA,93301-4533,Private      ,8,54,62,27,119,146
00125400,PACIFIC LUTHERAN THEOLOGICAL SEM        ,CA,94708-0000,Private      ,0,10,10,2,85,87
00125500,PACIFIC OAKS COLLEGE                    ,CA,91103-3592,Private      ,4,255,259,12,569,581
00125600,PACIFIC SCHOOL OF RELIGION              ,CA,94709-0000,Private      ,0,25,25,1,154,155
00125800,PACIFIC UNION COLLEGE                   ,CA,94508-9797,Private      ,245,87,332,938,233,1171
00125900,PALO VERDE COLLEGE                      ,CA,92225-0000,Public       ,31,107,138,101,152,253
00126000,PALOMAR COLLEGE                         ,CA,92069-1486,Public       ,905,1282,2187,3458,2706,6164
00126100,PASADENA CITY COLLEGE                   ,CA,91106-2003,Public       ,1865,1720,3585,8220,4118,12338
00126200,POINT LOMA NAZARENE UNIVERSITY          ,CA,92106-2899,Private      ,324,254,578,2891,642,3533
00126600,LANEY COLLEGE                           ,CA,94607-4893,Public       ,433,1200,1633,1782,2884,4666
00126700,MERRITT COLLEGE                         ,CA,94619-3196,Public       ,167,718,885,756,1616,2372
00126800,PORTERVILLE COLLEGE                     ,CA,93257-6059,Public       ,262,519,781,1076,1118,2194
00126900,RIO HONDO COLLEGE                       ,CA,90601-1699,Public       ,762,1005,1767,3741,2300,6041
00127000,RIVERSIDE COMMUNITY COLLEGE             ,CA,92506-1299,Public       ,2149,3568,5717,8899,8644,17543
00127200,SAN BERNARDINO VALLEY COLLEGE           ,CA,92410-2798,Public       ,685,1916,2601,2668,4158,6826
00127300,SAN DIEGO CITY COLLEGE                  ,CA,92101-4787,Public       ,758,2006,2764,3328,4500,7828
00127500,SAN DIEGO MESA COLLEGE                  ,CA,92111-4996,Public       ,865,1401,2266,3874,3358,7232
00127800,SAN FRANCISCO CONSERVATORY OF MUSIC     ,CA,94122-4498,Private      ,41,47,88,229,305,534
00127900,SAN FRANCISCO THEOLOGICAL SEMINARY      ,CA,94960-0000,Private      ,0,30,30,0,58,58
00128000,SAN JOAQUIN DELTA COLLEGE               ,CA,95207-6370,Public       ,1042,2140,3182,4861,5136,9997
00128100,WILLIAM JESSUP UNIVERSITY               ,CA,95765-3707,Private      ,57,62,119,398,174,572
00128200,SAN JOSE CITY COLLEGE                   ,CA,95128-2797,Public       ,463,1054,1517,1748,2162,3910
00128400,SANTA ANA COLLEGE                       ,CA,92706-3398,Public       ,437,789,1226,3075,2114,5189
00128500,SANTA BARBARA CITY COLLEGE              ,CA,93109-2394,Public       ,764,835,1599,3204,1854,5058
00128600,SANTA MONICA COLLEGE                    ,CA,90405-1644,Public       ,1533,1405,2938,7055,3537,10592
00128700,SANTA ROSA JUNIOR COLLEGE               ,CA,95401-4395,Public       ,397,940,1337,2736,2685,5421
00128800,CLAREMONT SCHOOL OF THEOLOGY            ,CA,91711-0000,Private      ,0,46,46,5,131,136
00128900,SHASTA COLLEGE                          ,CA,96049-7692,Public       ,465,1154,1619,2343,2502,4845
00129000,SIERRA COLLEGE                          ,CA,95677-3397,Public       ,731,1378,2109,3268,3476,6744
00129100,SIMPSON UNIVERSITY                      ,CA,96003-8606,Private      ,135,185,320,1029,571,1600
00129200,SOLANO COMMUNITY COLLEGE                ,CA,94534-3197,Public       ,349,953,1302,1504,2389,3893
00129300,VANGUARD UNIVERSITY OF SOUTHERN CA      ,CA,92626-6597,Private      ,203,150,353,1743,559,2302
00129400,SOUTHWESTERN COLLEGE                    ,CA,91910-7299,Public       ,1026,1101,2127,4538,2820,7358
00129500,SOUTHWESTERN LAW SCHOOL                 ,CA,90010-1106,Private      ,2,331,333,15,2409,2424
00129600,DOMINICAN SCH PHILOSOPHY & THEOLOGY     ,CA,94709-0000,Private      ,1,4,5,3,18,21
00129900,ST JOHN'S SEMINARY COLLEGE              ,CA,93010-0000,Private      ,0,1,1,0,2,2
00130200,SAINT MARY'S COLLEGE OF CALIFORNIA      ,CA,94556-2744,Private      ,241,279,520,3343,883,4226
00130500,STANFORD UNIVERSITY                     ,CA,94305-6106,Private      ,1501,461,1962,16094,2634,18728
00130501,STANFORD UNIV SCHOOL OF MEDICINE        ,CA,94305-5404,Private      ,14,172,186,78,614,692
00130502,STANFORD UNIV GRAD SCH OF BUS           ,CA,94305-5015,Private      ,9,266,275,51,895,946
00130503,STANFORD UNIV LAW SCHOOL                ,CA,94305-8610,Private      ,5,272,277,39,2055,2094
00130700,FRESNO CITY COLLEGE                     ,CA,93741-0002,Public       ,2126,3624,5750,9117,7487,16604
00130800,REEDLEY COLLEGE                         ,CA,93654-2099,Public       ,944,1181,2125,3408,2400,5808
00130900,TAFT COLLEGE                            ,CA,93268-2317,Public       ,122,214,336,451,394,845
00131200,UNIVERSITY OF CALIFORNIA-BERKELEY       ,CA,94720-1520,Public       ,1639,2222,3861,42794,15487,58281
00131300,UNIVERSITY OF CALIFORNIA-DAVIS          ,CA,95616-8558,Public       ,1406,1440,2846,38577,10761,49338
00131400,UNIVERSITY OF CALIFORNIA-IRVINE         ,CA,92697-2825,Public       ,951,1064,2015,40161,7345,47506
00131500,UNIVERSITY OF CALIFORNIA (UCLA)         ,CA,90095-9000,Public       ,1746,3147,4893,51500,19879,71379
00131502,UNIV OF CALIFORNIA LOS ANG SCH MED      ,CA,90095-0000,Public       ,13,113,126,150,744,894
00131503,UNIV OF CALIFORNIA LOS ANG DENTAL       ,CA,90095-0000,Public       ,5,36,41,24,113,137
00131600,UNIVERSITY OF CALIFORNIA-RIVERSIDE      ,CA,92521-0209,Public       ,846,892,1738,24083,4312,28395
00131700,UNIVERSITY OF CALIFORNIA-SAN DIEGO      ,CA,92093-0013,Public       ,907,980,1887,38055,6777,44832
00131900,UNIVERSITY OF CALIFORNIA-SFRANCISCO     ,CA,94143-0246,Public       ,46,334,380,536,2822,3358
00132000,UNIVERSITY OF CALIFORNIA-SANTA BARB     ,CA,93106-3180,Public       ,990,545,1535,37940,5039,42979
00132100,UNIVERSITY OF CALIFORNIA-SANTA CRUZ     ,CA,95064-0001,Public       ,756,354,1110,23886,2925,26811
00132200,UNIVERSITY OF REDLANDS                  ,CA,92373-0999,Private      ,247,479,726,3679,1329,5008
00132500,UNIVERSITY OF SAN FRANCISCO             ,CA,94117-1080,Private      ,366,1140,1506,6983,5584,12567
00132600,SANTA CLARA UNIVERSITY                  ,CA,95053-4956,Private      ,520,617,1137,7051,3420,10471
00132800,UNIVERSITY OF SOUTHERN CALIFORNIA       ,CA,90089-0914,Private      ,1003,2835,3838,25670,16714,42384
00132900,UNIVERSITY OF THE PACIFIC               ,CA,95211-0197,Private      ,387,345,732,5088,2295,7383
00132901,UNIV OF THE PACIFIC MCGEORGE LAW        ,CA,95817-0000,Private      ,0,253,253,9,2162,2171
00132902,UNIV OF THE PACIFIC SCH OF DENT         ,CA,94115-0000,Private      ,1,138,139,17,512,529
00133400,VENTURA COLLEGE                         ,CA,93003-3899,Public       ,839,747,1586,2541,1712,4253
00133500,VICTOR VALLEY COLLEGE                   ,CA,92395-5849,Public       ,698,1645,2343,2181,3491,5672
00133800,WEST VALLEY COLLEGE                     ,CA,95070-5697,Public       ,299,443,742,1039,961,2000
00134100,WESTMONT COLLEGE                        ,CA,93108-1099,Private      ,161,1,162,1965,40,2005
00134200,WHITTIER COLLEGE                        ,CA,90601-4413,Private      ,182,39,221,1916,205,2121
00134201,WHITTIER LAW SCHOOL                     ,CA,92626-0000,Private      ,0,287,287,3,1067,1070
00134300,WOODBURY UNIVERSITY                     ,CA,91510-7846,Private      ,97,163,260,895,522,1417
00134400,YUBA COLLEGE                            ,CA,95901-7699,Public       ,548,1250,1798,2132,2852,4984
00177212,TRINITY INTERNATIONAL UNIV-CA           ,CA,92705-0000,Private      ,1,55,56,3,122,125
00274100,AMERICAN JEWISH UNIVERSITY              ,CA,90077-1599,Private      ,16,26,42,74,112,186
00301002,ANTIOCH UNIV/LOS ANGELES                ,CA,90230-7615,Private      ,5,224,229,17,600,617
00301003,ANTIOCH  UNIV/SANTA BARBARA             ,CA,93101-0000,Private      ,8,130,138,323,312,635
00369110,MONTEREY INST OF INTERNATL STUDIES      ,CA,93940-2691,Private      ,4,237,241,23,721,744
00394700,UC-HASTINGS COLLEGE OF THE LAW          ,CA,94102-0000,Public       ,1,201,202,11,3796,3807
00394800,SAN FRANCISCO ART INSTITUTE             ,CA,94133-2299,Private      ,131,183,314,891,718,1609
00405500,HEBREW UNION COLLEGE - JEWISH INSTITUTE ,CA,90007-3796,Private      ,0,46,46,0,84,84
00408000,STARR KING SCHOOL FOR THE MINISTRY      ,CA,94709-1299,Private      ,0,17,17,1,60,61
00448000,DE ANZA COLLEGE                         ,CA,95014-5793,Public       ,787,891,1678,3374,2209,5583
00448100,OHLONE COLLEGE                          ,CA,94539-5847,Public       ,287,385,672,1205,923,2128
00448400,JOHN F. KENNEDY UNIVERSITY              ,CA,94523-4817,Private      ,5,418,423,13,1126,1139
00449000,PATTEN UNIVERSITY                       ,CA,94601-2699,Private      ,57,77,134,156,188,344
00449400,EVEREST COLLEGE                         ,CA,92408-3752,Proprietary  ,84,284,368,131,352,483
00450200,CITY COLLEGE OF SAN FRANCISCO           ,CA,94112-0000,Public       ,1098,1971,3069,4641,4855,9496
00563800,DOWNEY ADULT SCHOOL                     ,CA,90241-5610,Public       ,10,27,37,17,43,60
00565500,HACIENDA LA PUENTE ADULT EDUC CTR       ,CA,91746-0000,Public       ,11,93,104,46,132,178
00616500,LA CNTY CLG OF NURSING & ALLD HLTH      ,CA,90033-1018,Public       ,13,76,89,79,226,305
00672000,COLLEGE OF ALAMEDA                      ,CA,94501-2109,Public       ,218,400,618,948,1012,1960
00673100,CASA LOMA COLLEGE                       ,CA,91405-4523,Private      ,42,92,134,81,205,286
00686300,VENTURA COUNTY CMTY CLG DISTRICT        ,CA,93010-8552,Public       ,6,7,13,19,10,29
00697300,CANADA COLLEGE                          ,CA,94061-1099,Public       ,73,232,305,335,517,852
00697500,LINCOLN UNIVERSITY                      ,CA,94612-2801,Private      ,2,11,13,5,26,31
00701200,SAMUEL MERRITT COLLEGE                  ,CA,94609-3108,Private      ,44,383,427,221,1607,1828
00704700,LOS ANGELES SOUTHWEST COLLEGE           ,CA,90047-4810,Public       ,279,1034,1313,1000,2352,3352
00705000,BAY VISTA COLLEGE OF BEAUTY             ,CA,91950-3616,Proprietary  ,14,33,47,18,37,55
00711500,MOORPARK COLLEGE                        ,CA,93021-1695,Public       ,459,509,968,1713,1119,2832
00713000,NEWBERRY SCHOOLS OF BEAUTY              ,CA,91344-7404,Proprietary  ,8,15,23,13,23,36
00714200,LYLE'S COLLEGE OF BEAUTY                ,CA,93710-3948,Proprietary  ,6,14,20,28,22,50
00714201,LYLE'S CLG OF BTY BAKERSFIELD           ,CA,93301-0000,Proprietary  ,8,7,15,32,19,51
00716400,BRYAN COLLEGE                           ,CA,90057-0000,Proprietary  ,17,126,143,43,242,285
00717801,WESTERN SEMINARY - BAY AREA CENTER      ,CA,95032-0000,Private      ,1,4,5,1,8,9
00717804,WESTERN SEMINARY - SACRAMENTO           ,CA,95821-3939,Private      ,1,15,16,7,28,35
00718700,NORTH ADRIAN'S COLLEGE OF BEAUTY        ,CA,95350-2381,Proprietary  ,3,12,15,32,28,60
00719000,WYOTECH                                 ,CA,94539-7663,Proprietary  ,156,308,464,351,538,889
00719001,WYOTECH - SIERRA CAMPUS                 ,CA,94621-4523,Proprietary  ,15,32,47,54,54,108
00720300,SALON SUCCESS ACADEMY                   ,CA,91786-4060,Proprietary  ,17,23,40,24,31,55
00720400,MODERN BEAUTY ACADEMY                   ,CA,93030-7016,Proprietary  ,0,4,4,5,6,11
00722900,WESTERN BEAUTY INSTITUTE                ,CA,91402-3104,Proprietary  ,74,244,318,89,289,378
00723400,HEALD COLLEGE                           ,CA,94105-2206,Proprietary  ,85,206,291,181,469,650
00723600,ART INST OF CALIFORNIA-LOS ANGELES      ,CA,90405-3035,Proprietary  ,819,661,1480,3980,2595,6575
00725300,FEDERICO BEAUTY INSTITUTE               ,CA,95834-1905,Proprietary  ,17,46,63,62,82,144
00729600,COLEMAN COLLEGE                         ,CA,92123-0000,Private      ,37,160,197,84,303,387
00745600,MARINELLO SCH BTY BUENA PRK             ,CA,90620-0000,Proprietary  ,0,0,0,2,2,4
00746501,AMERICAN ACADEMY OF DRAMATIC ARTS - HOLL,CA,90028-7504,Private      ,37,19,56,146,63,209
00747600,MARINELLO SCHOOLS OF BEAUTY             ,CA,90023-2666,Proprietary  ,284,596,880,346,807,1153
00747602,MARINELLO SCHOOLS OF BEAUTY - SPA ACADEM,CA,90048-5101,Proprietary  ,6,4,10,31,13,44
00747603,MARINELLO SCHOOLS OF BEAUTY - INGLEWOOD ,CA,90301-2306,Proprietary  ,1,4,5,13,17,30
00747604,MARINELLO SCHOOLS OF BEAUTY - RESEDA    ,CA,91335-4218,Proprietary  ,1,2,3,7,4,11
00747605,MARINELLO SCHOOLS OF BEAUTY - NORTH HOLL,CA,91606-3210,Proprietary  ,0,4,4,11,12,23
00747606,MARINELLO SCHOOLS OF BEAUTY - WEST COVIN,CA,91790-2805,Proprietary  ,2,4,6,12,8,20
00747607,MARINELLO SCHOOLS OF BEAUTY - SAN BERNAR,CA,92410-3261,Proprietary  ,5,10,15,23,28,51
00747608,MARINELLO SCHOOLS OF BEAUTY - ONTARIO   ,CA,91762-2113,Proprietary  ,5,8,13,19,26,45
00747609,MARINELLO SCHOOLS OF BEAUTY - WHITTIER  ,CA,90601-4107,Proprietary  ,1,3,4,16,4,20
00747611,MARINELLO SCHOOLS OF BEAUTY - SAN DIEGO ,CA,92126-4217,Proprietary  ,9,12,21,24,26,50
00747700,"HEALD COLLEGE,SCHOOLS OF BUS & TECH     ",CA,95670-6005,Proprietary  ,80,255,335,169,591,760
00753100,ACADEMY OF ART UNIVERSITY               ,CA,94105-3410,Proprietary  ,1127,2261,3388,4016,5164,9180
00753600,COSUMNES RIVER COLLEGE                  ,CA,95823-5799,Public       ,683,1236,1919,3229,2819,6048
00754802,WESTWOOD COLLEGE OF TECHNOLOGY          ,CA,92801-0000,Proprietary  ,141,104,245,625,354,979
00754803,WESTWOOD COLLEGE OF TECHNOLOGY          ,CA,91786-0000,Proprietary  ,172,170,342,709,521,1230
00760600,EVEREST COLLEGE                         ,CA,90010-2221,Proprietary  ,89,170,259,143,284,427
00760700,CONCORDE CAREER INSTITUTE               ,CA,91606-3134,Proprietary  ,73,158,231,122,255,377
00770700,COLUMBIA COLLEGE                        ,CA,95370-8580,Public       ,95,153,248,525,449,974
00771300,SKYLINE COLLEGE                         ,CA,94066-1698,Public       ,284,431,715,1153,938,2091
00793000,CONCORDE CAREER INSTITUTE               ,CA,92108-0000,Proprietary  ,72,252,324,129,429,558
00799300,CALIF STATE UNIV BAKERSFIELD            ,CA,93311-1022,Public       ,440,1074,1514,4993,3705,8698
00807100,CONCORDE CAREER INSTITUTE               ,CA,92840-9201,Proprietary  ,62,166,228,128,350,478
00807300,BUTTE COMMUNITY COLLEGE                 ,CA,95965-0000,Public       ,806,1541,2347,3217,3253,6470
00809000,EVEREST COLLEGE                         ,CA,91803-1310,Proprietary  ,81,138,219,169,279,448
00809300,HEALD COLLEGE                           ,CA,93704-1706,Proprietary  ,128,349,477,457,829,1286
00853200,HEALD COLLEGE                           ,CA,94545-2352,Proprietary  ,138,328,466,307,688,995
00853700,CONCORDE CAREER INSTITUTE               ,CA,92401-0000,Proprietary  ,90,265,355,208,554,762
00859600,WEST LOS ANGELES COLLEGE                ,CA,90230-3500,Public       ,280,829,1109,1071,2104,3175
00859700,FEATHER RIVER COLLEGE                   ,CA,95971-9124,Public       ,196,97,293,466,224,690
00884400,CALIFORNIA CHRISTIAN COLLEGE            ,CA,93703-3599,Private      ,5,11,16,26,19,45
00884600,WRIGHT INSTITUTE                        ,CA,94704-0000,Private      ,0,182,182,0,386,386
00890300,COLLEGE OF THE CANYONS                  ,CA,91355-1899,Public       ,416,509,925,1682,1180,2862
00891800,SADDLEBACK COLLEGE                      ,CA,92692-3699,Public       ,352,641,993,1411,1408,2819
00902200,ASSOCIATED TECHNICAL COLLEGE            ,CA,90017-0000,Proprietary  ,27,188,215,40,234,274
00903200,EMPIRE COLLEGE                          ,CA,95403-2122,Proprietary  ,18,107,125,44,193,237
00915706,WYOMING TECHNICAL INSTITUTE - WEST SACRA,CA,95605-1507,Proprietary  ,18,20,38,18,20,38
00927200,CRAFTON HILLS COLLEGE                   ,CA,92399-1799,Public       ,292,509,801,1258,1171,2429
00932500,ABRAM FRIEDMAN OCCUP CTR                ,CA,90015-3507,Public       ,4,14,18,25,28,53
00950900,SKILLS & BUSINESS EDUCATION CENTER      ,CA,95824-1529,Public       ,50,417,467,85,592,677
00974800,WESTERN CAREER COLLEGE                  ,CA,95826-3203,Proprietary  ,218,587,805,668,1678,2346
00974801,WESTERN CAREER COLLEGE - SAN LEANDRO CAM,CA,94578-3711,Proprietary  ,84,221,305,137,300,437
00974802,WESTERN CAREER COLLEGE - PLEASANT HILL C,CA,94523-1984,Proprietary  ,62,135,197,95,219,314
00974803,WESTERN CAREER COLLEGE - STOCKTON       ,CA,95207-5509,Proprietary  ,68,116,184,111,153,264
00974804,WESTERN CAREER COLLEGE - CITRUS HEIGHTS ,CA,95621-5577,Proprietary  ,62,188,250,90,253,343
00974806,WESTERN CAREER COLLEGE -  ANTIOCH/WALNUT,CA,94531-1604,Proprietary  ,62,159,221,101,208,309
00974807,WESTERN CAREER COLLEGE - SAN JOSE       ,CA,95119-1325,Proprietary  ,108,210,318,162,266,428
00974808,WESTERN CAREER COLLEGE - EMERYVILLE     ,CA,94608-3006,Proprietary  ,3,16,19,17,28,45
00974809,WESTERN CAREER COLLEGE -  EMERYVILLE SHE,CA,94608-3006,Proprietary  ,10,46,56,22,52,74
00974810,WESTERN CAREER COLLEGE - CONCORD        ,CA,94520-5671,Proprietary  ,3,5,8,13,12,25
00998900,SANTA BARBARA BUSINESS COLLEGE          ,CA,93111-0000,Proprietary  ,38,115,153,132,257,389
01011100,CERRO-COSO COMMUNITY COLLEGE            ,CA,93555-9571,Public       ,112,359,471,295,659,954
01014225,TOURO CLG OSEOPATHIC MEDICINE           ,CA,94592-1115,Private      ,0,45,45,10,416,426
01014900,PEPPERDINE UNIVERSITY                   ,CA,90263-0000,Private      ,420,1430,1850,5673,4829,10502
01033300,JESUIT SCHOOL OF THEOLOGY - BERKELEY    ,CA,94709-1193,Private      ,0,5,5,0,43,43
01034000,LOS MEDANOS COLLEGE                     ,CA,94565-5197,Public       ,300,588,888,1043,1409,2452
01036500,CHARLES R DREW UNIV OF MED & SCI        ,CA,90059-0000,Private      ,4,87,91,44,334,378
01036800,MENNONITE BRETHREN BIBLICAL SEM         ,CA,93727-0000,Private      ,0,21,21,0,34,34
01037500,HARBOR OCCUPATIONAL CENTER              ,CA,90731-0000,Public       ,2,4,6,19,16,35
01039500,UNIVERSITY OF SAN DIEGO                 ,CA,92110-2492,Private      ,543,699,1242,11214,2711,13925
01039501,UNIVERSITY OF SAN DIEGO - SCHOOL OF LAW ,CA,92110-2492,Private      ,8,348,356,90,3018,3108
01044100,PARDEE RAND GRADUATE SCHOOL             ,CA,90407-2138,Private      ,0,5,5,0,20,20
01047400,MARYMOUNT COLLEGE OF PALOS VERDES       ,CA,90275-0000,Private      ,75,8,83,524,49,573
01057900,WEST VALLEY OCCUPATIONAL CTR            ,CA,91367-0000,Public       ,8,18,26,43,36,79
01083100,NEW COLLEGE OF CALIFORNIA               ,CA,94102-0000,Private      ,0,0,0,13,146,159
01083200,WESTERN STATE UNIV COLLEGE OF LAW       ,CA,92831-3014,Proprietary  ,0,162,162,4,897,901
01085400,THOMAS JEFFERSON SCHOOL OF LAW          ,CA,92110-0000,Private      ,2,598,600,11,1672,1683
01102400,EVEREST COLLEGE                         ,CA,94103-2091,Proprietary  ,79,168,247,104,219,323
01110700,EVEREST  COLLEGE                        ,CA,92801-5231,Proprietary  ,60,240,300,108,314,422
01110900,EVEREST COLLEGE                         ,CA,91335-4631,Proprietary  ,71,128,199,115,181,296
01111200,FIDM-FASHION INSTITUTE OF DESIGN        ,CA,90015-1421,Proprietary  ,1073,506,1579,4616,1285,5901
01111700,ALLIANT INTERNATIONAL UNIVERSITY        ,CA,92131-1799,Private      ,9,472,481,52,1828,1880
01111705,ALLIANT INTERNATIONAL UNIVERSITY - LOS A,CA,91803-1360,Private      ,0,81,81,5,525,530
01111706,ALLIANT INTERNATIONAL UNIVERSITY - SAN F,CA,94133-1221,Private      ,2,116,118,4,510,514
01111707,ALLIANT INTERNATIONAL UNIVERSITY - FRESN,CA,93727-2014,Private      ,3,71,74,20,311,331
01112100,EVEREST COLLEGE                         ,CA,94541-4007,Proprietary  ,39,147,186,62,215,277
01112300,EVEREST COLLEGE                         ,CA,90247-4163,Proprietary  ,68,208,276,110,348,458
01146000,NATIONAL UNIVERSITY                     ,CA,92037-1011,Private      ,74,3188,3262,199,6782,6981
01162600,PRACTICAL SCHOOLS                       ,CA,92805-0000,Proprietary  ,65,100,165,329,495,824
01164900,LOYOLA MARYMOUNT UNIVERSITY             ,CA,90045-0000,Private      ,410,717,1127,8706,2256,10962
01164901,LOYOLA LAW SCHOOL                       ,CA,90015-0000,Private      ,2,391,393,23,3381,3404
01167200,MENDOCINO COMMUNITY COLLEGE             ,CA,95482-3000,Public       ,136,295,431,611,642,1253
01169600,NATIONAL POLYTECHNIC COLLEGE OF SCIENCE ,CA,90744-6399,Private      ,19,75,94,31,136,167
01170700,NORTH-WEST COLLEGE                      ,CA,91790-2097,Proprietary  ,41,127,168,64,155,219
01179200,FRANCISCAN SCHOOL OF THEOLOGY           ,CA,94709-0000,Private      ,0,12,12,1,25,26
01182000,SAN DIEGO MIRAMAR COLLEGE               ,CA,92126-0000,Public       ,344,720,1064,1468,1665,3133
01186500,CALIFORNIA HAIR DESIGN ACADEMY          ,CA,92115-0000,Proprietary  ,10,12,22,29,24,53
01202600,JE BOUTIQUE COLLEGE OF BEAUTY           ,CA,92021-6247,Proprietary  ,9,32,41,15,35,50
01202700,GALEN COLLEGE OF CALIFORNIA             ,CA,93728-2381,Proprietary  ,9,28,37,30,40,70
01203100,SAN DIEGO CHRISTIAN COLLEGE             ,CA,92019-1157,Private      ,96,49,145,381,109,490
01206100,EVEREST COLLEGE                         ,CA,95128-3908,Proprietary  ,30,100,130,55,147,202
01215400,CALIFORNIA INST OF INTEGRAL STUDIES     ,CA,94103-2557,Private      ,2,426,428,4,861,865
01231600,MANCHESTER BEAUTY COLLEGE               ,CA,93726-5306,Proprietary  ,13,36,49,38,48,86
01231700,TULARE BEAUTY COLLEGE                   ,CA,93274-3432,Proprietary  ,0,11,11,6,13,19
01244600,UNIVERSAL COLLEGE OF BEAUTY             ,CA,90044-0044,Proprietary  ,3,3,6,18,9,27
01245200,EVERGREEN VALLEY COLLEGE                ,CA,95135-1598,Public       ,640,854,1494,2158,1748,3906
01255000,LOS ANGELES MISSION COLLEGE             ,CA,91342-3200,Public       ,286,531,817,1466,1577,3043
01265000,MARINELLO SCHOOL OF BEAUTY              ,CA,91502-2828,Proprietary  ,30,92,122,50,114,164
01265100,MARINELLO SCHOOL OF BEAUTY              ,CA,91748-1674,Proprietary  ,7,26,33,8,27,35
01284200,OXNARD COLLEGE                          ,CA,93030-0000,Public       ,411,664,1075,1186,1228,2414
01287200,NORTH-WEST COLLEGE                      ,CA,91768-3199,Proprietary  ,32,148,180,49,175,224
01287300,WYOTECH                                 ,CA,90810-3800,Proprietary  ,205,442,647,432,703,1135
01287301,WYOTECH - EVEREST  COLLEGE              ,CA,90034-3158,Proprietary  ,34,213,247,65,293,358
01287302,WYOTECH - EVEREST  COLLEGE              ,CA,91746-3412,Proprietary  ,104,257,361,175,408,583
01290700,LAKE TAHOE COMMUNITY COLLEGE            ,CA,96150-4524,Public       ,56,110,166,245,236,481
01291100,MARINELLO SCHOOL OF BEAUTY              ,CA,92646-2552,Proprietary  ,25,40,65,35,45,80
01291200,MTI COLLEGE                             ,CA,95841-0000,Proprietary  ,50,162,212,249,664,913
01294200,ROSEMEAD BEAUTY SCHOOL                  ,CA,91770-1639,Proprietary  ,4,38,42,6,39,45
01298400,PROFESSIONAL INSTITUTE OF BEAUTY        ,CA,91731-2613,Proprietary  ,7,34,41,7,34,41
01298500,HAIR CALIFORNIA BEAUTY ACADEMY          ,CA,92867-7127,Proprietary  ,0,4,4,4,8,12
01298900,OCEANSIDE COLLEGE OF BEAUTY             ,CA,92054-5393,Proprietary  ,8,21,29,20,34,54
01301000,LANCASTER BEAUTY SCHOOL                 ,CA,93534-3098,Proprietary  ,16,44,60,32,52,84
01307400,AMERICAN BEAUTY COLLEGE                 ,CA,90706-5417,Proprietary  ,2,21,23,11,26,37
01309500,SALON SUCCESS ACADEMY                   ,CA,92879-6561,Proprietary  ,33,47,80,41,57,98
01310300,CALIFORNIA WESTERN SCHOOL OF LAW        ,CA,92101-0000,Private      ,4,372,376,14,1971,1985
01324000,LYTLE'S REDWOOD EMPIRE BEAUTY CLG       ,CA,95403-0000,Proprietary  ,14,40,54,35,53,88
02054900,MARINELLO SCHOOL OF BEAUTY              ,CA,92630-0000,Proprietary  ,6,33,39,11,37,48
02059800,PARIS BEAUTY COLLEGE                    ,CA,94520-2611,Proprietary  ,4,13,17,16,29,45
02063500,COASTLINE COMMUNITY COLLEGE             ,CA,92708-0000,Public       ,140,850,990,555,1727,2282
02064300,SIERRA COLLEGE OF BEAUTY                ,CA,95340-0000,Proprietary  ,3,8,11,34,20,54
02065500,BROOKS COLLEGE                          ,CA,90804-3289,Proprietary  ,16,14,30,73,38,111
02065501,BROOKS COLLEGE - SUNNYVALE              ,CA,94086-5303,Proprietary  ,5,6,11,18,9,27
02065700,CALIFORNIA BEAUTY COLLEGE               ,CA,95354-0000,Proprietary  ,7,19,26,51,37,88
02070500,CONCORDIA UNIVERSITY                    ,CA,92612-0000,Private      ,220,364,584,1611,704,2315
02075800,SOUTHERN CA INST OF ARCHITECTURE        ,CA,90013-0000,Private      ,21,129,150,133,428,561
02086400,MARINELLO SCHOOL OF BEAUTY              ,CA,95050-0000,Proprietary  ,7,22,29,12,25,37
02091200,ELEGANCE INTERNATIONAL                  ,CA,90028-0000,Proprietary  ,19,35,54,28,51,79
02091700,KAPLAN COLLEGE                          ,CA,92123-1509,Proprietary  ,130,373,503,325,776,1101
02096100,FIELDING INSTITUTE                      ,CA,93105-0000,Private      ,0,390,390,3,649,652
02099200,AMERICAN CONSERVATORY THEATER           ,CA,94108-0000,Private      ,3,23,26,13,168,181
02110200,COLUMBIA COLLEGE                        ,CA,91356-0000,Private      ,63,35,98,228,109,337
02110800,CALIFORNIA COLLEGE SAN DIEGO            ,CA,92108-3821,Proprietary  ,76,438,514,231,510,741
02111300,CUYAMACA COLLEGE                        ,CA,92019-0000,Public       ,264,466,730,1238,1240,2478
02113601,AMERICAN INTERCONTINENTAL UNIV - LOS ANG,CA,90066-7008,Proprietary  ,49,121,170,263,407,670
02119100,MISSION COLLEGE                         ,CA,95054-1897,Public       ,307,695,1002,1091,1707,2798
02120600,SAYBROOK GRADUATE SCHOOL                ,CA,94111-1920,Private      ,1,246,247,1,364,365
02120700,SAN JOAQUIN VALLEY COLLEGE              ,CA,93291-0000,Proprietary  ,416,1189,1605,1328,2399,3727
02120900,ITT TECHNICAL INSTITUTE                 ,CA,95670-6034,Proprietary  ,81,208,289,234,439,673
02125000,CAREER ACADEMY OF BEAUTY                ,CA,92845-0000,Proprietary  ,3,19,22,6,24,30
02128200,"VICTOR VALLEY BEAUTY COLLEGE, INC       ",CA,92392-0000,Proprietary  ,57,55,112,75,68,143
02128300,INSTITUTE FOR BUSINESS & TECHNOLOGY     ,CA,95050-0000,Proprietary  ,31,142,173,49,211,260
02128301,INSTITUTE FOR BUSINESS & TECHNOLOGY     ,CA,95610-0000,Proprietary  ,28,141,169,34,183,217
02138300,PACIFIC GRADUATE SCHOOL OF PSYCHOLO     ,CA,94303-4232,Private      ,3,178,181,7,441,448
02147400,CLEVELAND CHIROPRACTIC COLLEGE          ,CA,90004-0000,Private      ,7,116,123,24,228,252
02161800,MUSICIANS INSTITUTE                     ,CA,90028-6157,Proprietary  ,230,217,447,715,485,1200
02167800,ESTES INSTITUTE OF COSMETOLOGY          ,CA,93291-0000,Proprietary  ,15,15,30,68,32,100
02174600,MARINELLO SCHOOL OF BEAUTY              ,CA,90201-0000,Proprietary  ,18,35,53,33,89,122
02180600,BRIDGES  ACADEMY OF BEAUTY              ,CA,92311-2327,Proprietary  ,4,6,10,6,8,14
02184900,PALMER COLLEGE OF CHIROPRACTIC WEST     ,CA,95134-0000,Private      ,4,69,73,8,282,290
02185800,MOLER BARBER COLLEGE                    ,CA,94611-0000,Proprietary  ,4,12,16,9,15,24
02187500,"HEALD COLLEGE, SCH OF BUS & TECH        ",CA,94520-0000,Proprietary  ,129,292,421,254,570,824
02188400,SIERRA VALLEY COLLEGE OF COURT REPORTING,CA,93726-0000,Proprietary  ,22,70,92,49,121,170
02208600,MADERA BEAUTY COLLEGE                   ,CA,93637-3519,Proprietary  ,13,10,23,39,16,55
02211000,HAIRMASTERS UNIVERSITY OF BEAUTY        ,CA,92405-0000,Proprietary  ,3,22,25,16,28,44
02220000,COLLEEN O'HARA BEAUTY ACADEMY           ,CA,92701-0000,Proprietary  ,20,71,91,24,80,104
02220200,CALIFORNIA CULINARY ACADEMY             ,CA,94102-3336,Proprietary  ,135,234,369,491,435,926
02221300,MARINELLO SCHOOL OF BEAUTY              ,CA,92553-0000,Proprietary  ,31,97,128,43,113,156
02222000,AMERICAN FILM INSTITUTE                 ,CA,90027-0000,Private      ,20,167,187,89,440,529
02226000,EAST LOS ANGELES COLLEGE                ,CA,91754-0000,Public       ,1007,1434,2441,5092,3933,9025
02228500,LIFE CHIROPRACTIC COLLEGE-WEST          ,CA,94545-0000,Private      ,5,240,245,7,369,376
02230900,FREDRICK & CHARLES BEAUTY COLLEGE       ,CA,95501-0000,Proprietary  ,10,25,35,28,33,61
02231900,GEMOLOGICAL INSTITUTE OF AMERICA        ,CA,92008-4698,Private      ,16,59,75,30,116,146
02234300,FASHION CAREERS OF CALIFORNIA           ,CA,92110-0000,Proprietary  ,21,25,46,89,69,158
02236400,"THANH LE COLG, SCH OF COSMETOLOGY       ",CA,92840-0000,Proprietary  ,0,0,0,1,1,2
02237200,PHILLIPS GRADUATE INSTITUTE             ,CA,91316-0000,Private      ,0,144,144,1,273,274
02241600,SAN DIEGO CONTINUING EDUCATION          ,CA,92113-0000,Public       ,8,109,117,46,173,219
02241800,AMERICAN CAREER COLLEGE                 ,CA,90004-0000,Proprietary  ,432,945,1377,803,1829,2632
02242700,BERKELEY CITY COLLEGE                   ,CA,94704-0000,Public       ,193,522,715,771,1124,1895
02250602,EVEREST COLLEGE                         ,CA,91761-8525,Proprietary  ,60,214,274,167,488,655
02255400,INTERNATIONAL SCHOOL OF COSMETOLOGY     ,CA,90250-0000,Proprietary  ,4,9,13,9,10,19
02255600,MARINELLO SCHOOL OF BEAUTY              ,CA,90723-0000,Proprietary  ,35,57,92,54,101,155
02258600,ALAMEDA BEAUTY COLLEGE                  ,CA,94501-0000,Proprietary  ,9,11,20,25,21,46
02262400,YESHIVA OHR ELCHONON CHABAD             ,CA,90046-0000,Private      ,0,1,1,22,1,23
02263101,ANTHEM COLLEGE - HIGH-TECH INSTITUTE - S,CA,95827-0000,Proprietary  ,5,17,22,65,54,119
02267600,INSTITUTE OF TRANSPERSONAL PSYCHLGY     ,CA,94303-4624,Private      ,0,198,198,1,350,351
02270600,LIFE PACIFIC COLLEGE                    ,CA,91773-0000,Private      ,96,42,138,215,98,313
02276800,WESTMINSTER SEMINARY CALIFORNIA         ,CA,92027-0000,Private      ,0,32,32,3,111,114
02277400,SOUTH COAST COLLEGE                     ,CA,92868-2616,Proprietary  ,23,114,137,60,170,230
02282300,ALHAMBRA BEAUTY COLLEGE                 ,CA,91802-0000,Proprietary  ,0,1,1,6,4,10
02285100,HILLTOP BEAUTY SCHOOL                   ,CA,94014-0000,Proprietary  ,5,54,59,7,60,67
02291500,ITT TECHNICAL INSTITUTE                 ,CA,91773-0000,Proprietary  ,144,253,397,377,561,938
02291600,ITT TECHNICAL INSTITUTE                 ,CA,92123-0000,Proprietary  ,143,378,521,449,950,1399
02298000,DESIGN INSTITUTE OF SAN DIEGO           ,CA,92121-0000,Proprietary  ,30,81,111,111,190,301
02304300,"PLATT COLLEGE, SAN DIEGO                ",CA,92115-0000,Proprietary  ,36,54,90,125,145,270
02306300,KAPLAN COLLEGE                          ,CA,95368-0000,Proprietary  ,109,259,368,218,480,698
02306302,KAPLAN COLLEGE - FRESNO                 ,CA,93612-3802,Proprietary  ,59,151,210,137,283,420
02309500,CLOVIS ADULT EDUC                       ,CA,93611-0000,Public       ,3,96,99,28,130,158
02312400,LA COLLEGE INTERNATIONAL                ,CA,90010-0000,Proprietary  ,10,146,156,27,212,239
02321800,ITT TECHNICAL INSTITUTE                 ,CA,91342-3664,Proprietary  ,134,276,410,391,562,953
02321900,ITT TECHNICAL INSTITUTE                 ,CA,92801-0000,Proprietary  ,46,111,157,200,265,465
02327600,ART INST OF CALIFORNIA-SAN DIEGO        ,CA,92108-4401,Proprietary  ,700,583,1283,2162,1569,3731
02330500,LAGUNA COLLEGE OF ART AND DESIGN        ,CA,92651-0000,Private      ,49,40,89,305,92,397
02332800,CENTER FOR EMPLOYMENT TRAINING          ,CA,95110-0000,Private      ,77,521,598,92,594,686
02338500,GLENDALE CAREER COLLEGE                 ,CA,91201-0000,Proprietary  ,16,49,65,36,79,115
02338700,MARINELLO SCHOOL OF BEAUTY              ,CA,94103-0000,Proprietary  ,6,30,36,15,51,66
02342400,ACADEMY OF RADIO BROADCASTING           ,CA,92647-3809,Proprietary  ,5,25,30,14,51,65
02343400,"BELLUS ACADEMY, THE ACADEMY OF BEAUTY AN",CA,92064-4633,Proprietary  ,15,28,43,35,36,71
02345800,MONTEBELLO BEAUTY COLLEGE               ,CA,90640-0000,Proprietary  ,8,23,31,12,23,35
02351900,KAPLAN COLLEGE                          ,CA,95660-5512,Proprietary  ,40,141,181,92,271,363
02351901,KAPLAN COLLEGE - BAKERSFIELD            ,CA,93304-0000,Proprietary  ,66,195,261,142,393,535
02358000,THOMAS AQUINAS COLLEGE                  ,CA,93060-9622,Private      ,26,2,28,310,17,327
02359300,SHASTA BIBLE COLLEGE                    ,CA,96002-0000,Private      ,13,12,25,31,28,59
02482700,WESTERN UNIVERSITY OF HEALTH S          ,CA,91766-1854,Private      ,9,509,518,42,3261,3303
02494800,LOLA BEAUTY COLLEGE                     ,CA,92641-0000,Proprietary  ,0,10,10,0,10,10
02497300,TRINITY COLLEGE                         ,CA,93277-0000,Proprietary  ,45,188,233,94,327,421
02500000,SAN JOAQUIN COLLEGE OF LAW              ,CA,93612-0000,Private      ,1,115,116,10,228,238
02518400,THE NATIONAL HISPANIC UNIVERSITY        ,CA,95127-0000,Private      ,27,65,92,107,151,258
02519800,AVANCE BEAUTY COLLEGE                   ,CA,92154-0000,Proprietary  ,13,7,20,23,15,38
02520200,CALIFORNIA CAREER SCHOOLS               ,CA,92805-0000,Proprietary  ,3,9,12,16,13,29
02520300,INTERIOR DESIGNERS INSTITUTE            ,CA,92660-0000,Proprietary  ,4,7,11,15,21,36
02520400,ADRIAN'S BEAUTY COLLEGE OF TURLOCK      ,CA,95382-0000,Proprietary  ,28,39,67,30,46,76
02537200,PALOMAR INSTITUTE OF COSMETOLOGY        ,CA,92069-0000,Proprietary  ,17,65,82,44,74,118
02539100,KAPLAN COLLEGE                          ,CA,91606-3231,Proprietary  ,91,273,364,199,511,710
02539102,KAPLAN COLLEGE -  RIVERSIDE             ,CA,92507-4223,Proprietary  ,90,211,301,168,393,561
02539500,IRVINE VALLEY COLLEGE                   ,CA,92620-0000,Public       ,275,470,745,1334,1053,2387
02542300,NATIONAL HOLISTIC INSTITUTE             ,CA,94608-0000,Proprietary  ,31,111,142,72,209,281
02543400,BROWNSON TECHNICAL SCHOOL               ,CA,92805-0000,Proprietary  ,5,25,30,12,26,38
02545900,HYPNOSIS MOTIVATION INSTITUTE           ,CA,91356-0000,Private      ,1,18,19,3,25,28
02546400,MTI BUSINESS COLLEGE INC                ,CA,95207-0000,Proprietary  ,9,54,63,15,68,83
02549000,KAPLAN COLLEGE                          ,CA,92083-7736,Proprietary  ,106,255,361,210,456,666
02549005,KAPLAN COLLEGE -  PALM SPRINGS          ,CA,92262-7011,Proprietary  ,65,158,223,125,237,362
02553500,ASSOCIATED TECHNICAL COLLEGE            ,CA,92101-0000,Proprietary  ,20,72,92,30,77,107
02553600,DIVERSIFIED LANGUAGE INSTITUTE          ,CA,90017-0000,Proprietary  ,0,265,265,2,325,327
02559300,UNITED EDUCATION INSTITUTE              ,CA,90020-0000,Proprietary  ,397,917,1314,573,1346,1919
02559400,INTERCOAST COLLEGES                     ,CA,92868-1656,Proprietary  ,15,233,248,19,251,270
02565400,KAPLAN COLLEGE                          ,CA,95207-6216,Proprietary  ,65,159,224,132,316,448
02570300,LOS ANGELES ORT TECHNICAL INSTITUTE     ,CA,90048-0000,Private      ,17,153,170,38,224,262
02577900,SANTA BARBARA BUSINESS COLLEGE          ,CA,93309-1664,Proprietary  ,107,206,313,170,358,528
02578000,SANTA BARBARA BUSINESS COLLEGE          ,CA,93454-6943,Proprietary  ,24,101,125,64,214,278
02584200,NEWBRIDGE COLLEGE                       ,CA,92701-0000,Proprietary  ,59,279,338,75,340,415
02591600,NORTH-WEST COLLEGE                      ,CA,91101-1744,Proprietary  ,8,45,53,11,49,60
02593100,HEALD COLLEGE                           ,CA,95678-5303,Proprietary  ,63,211,274,167,575,742
02593200,HEALD COLLEGE                           ,CA,95035-8008,Proprietary  ,121,321,442,224,570,794
02593300,HEALD COLLEGE                           ,CA,95210-5667,Proprietary  ,179,348,527,402,788,1190
02595600,ASIAN AMERICAN INTERNATIONAL BTY CG     ,CA,92683-4043,Proprietary  ,0,18,18,1,21,22
02597300,SOUTH BAYLO UNIVERSITY                  ,CA,92801-1701,Private      ,0,28,28,3,47,50
02602300,CENTRAL COAST COLLEGE                   ,CA,93901-3301,Proprietary  ,23,52,75,56,91,147
02608900,PINNACLE COLLEGE                        ,CA,91803-8842,Proprietary  ,12,35,47,27,56,83
02609000,EMPERORS COLG OF TRAD ORIENTAL MED      ,CA,90403-5609,Proprietary  ,0,52,52,4,72,76
02612800,LOS ANGELES RECORDING SCHOOL            ,CA,90028-3112,Proprietary  ,182,184,366,432,418,850
02619300,SAMRA UNIV OF ORIENTAL MEDICINE         ,CA,90015-1019,Private      ,1,13,14,2,32,34
02620300,PLATT COLLEGE                           ,CA,92647-3017,Proprietary  ,2,4,6,9,11,20
03010611,VIRGINIA COLLEGE - GOLF ACADEMY OF AMERI,CA,92008-6512,Proprietary  ,36,41,77,72,86,158
03011300,"CALIF STATE UNIV, SAN MARCOS            ",CA,92096-0001,Public       ,655,1035,1690,7045,3355,10400
03019900,ADELANTE CAREER INSTITUTE               ,CA,91402-4924,Proprietary  ,0,2,2,2,6,8
03025600,DELL'ARTE SCH OF PHYSICAL THEATRE       ,CA,95525-0816,Private      ,2,15,17,4,31,35
03027700,PACIFIC COLLEGE OF ORIENTAL MED         ,CA,92108-4408,Proprietary  ,0,99,99,6,195,201
03029600,POMONA ADULT SCHOOL                     ,CA,91766-0000,Public       ,8,38,46,17,51,68
03031409,INTERNATIONAL ACADEMY OF DESIGN AND TECH,CA,95834-9664,Proprietary  ,11,15,26,72,61,133
03034000,HEALD COLLEGE                           ,CA,93906-5100,Proprietary  ,95,204,299,280,493,773
03035700,LAS POSITAS COLLEGE                     ,CA,94551-6750,Public       ,232,387,619,835,721,1556
03039900,FREMONT COLLEGE                         ,CA,90703-5342,Proprietary  ,15,47,62,44,90,134
03043900,NEWSCHOOL OF ARCHITECTURE & DESIGN      ,CA,92101-6634,Proprietary  ,60,144,204,201,326,527
03044500,KAPLAN COLLEGE                          ,CA,91402-4222,Proprietary  ,32,81,113,53,148,201
03054100,ROYALE COLLEGE OF BEAUTY                ,CA,92590-2525,Proprietary  ,9,28,37,16,33,49
03062300,WESTECH COLLEGE                         ,CA,91764-4988,Proprietary  ,27,157,184,51,217,268
03062400,MT DIABLO ADULT EDUC LOMA VISTA CTR     ,CA,94518-1122,Public       ,6,39,45,27,53,80
03062700,PLATT COLLEGE                           ,CA,90041-0000,Proprietary  ,34,33,67,86,84,170
03062701,PLATT COLLEGE                           ,CA,91764-0000,Proprietary  ,37,54,91,92,130,222
03063400,MODERN TECHNOLOGY SCHOOL                ,CA,92708-9821,Proprietary  ,15,57,72,28,92,120
03067400,BALDWIN PARK ADULT SCHOOL               ,CA,91706-4897,Public       ,4,57,61,15,75,90
03067500,INSTITUTE OF TECHNOLOGY                 ,CA,93612-3217,Proprietary  ,167,540,707,351,939,1290
03069500,SAGE COLLEGE                            ,CA,92557-6720,Proprietary  ,13,114,127,39,209,248
03070400,ITT TECHNICAL INSTITUTE                 ,CA,92408-3519,Proprietary  ,221,331,552,578,769,1347
03072300,EVEREST COLLEGE                         ,CA,91761-3222,Proprietary  ,88,209,297,147,328,475
03072700,WESTWOOD COLLEGE - LOS ANGELES          ,CA,90010-1577,Proprietary  ,163,160,323,744,537,1281
03074900,MARTINEZ ADULT CENTER                   ,CA,94553-3298,Public       ,2,11,13,4,15,19
03078200,AMERICAN CLG TRADITIONAL CHINESE MD     ,CA,94107-2813,Private      ,0,101,101,5,190,195
03084700,VENTURA ADULT\CONTINUING EDUCATION      ,CA,93003-7313,Public       ,6,41,47,10,54,64
03087400,ITT TECHNICAL INSTITUTE                 ,CA,90502-1356,Proprietary  ,211,474,685,314,585,899
03094400,ELITE PROGRESSIVE SCHOOL OF COSM        ,CA,95841-2909,Proprietary  ,39,64,103,132,143,275
03097700,CENTRAL CALIF SCH CONTINUING EDUC       ,CA,93401-6739,Proprietary  ,10,64,74,15,73,88
03098200,YO SAN UNIV TRADITIONAL CHINESE MED     ,CA,90066-1103,Private      ,0,35,35,0,66,66
03105700,MONTEREY PARK COLLEGE                   ,CA,91754-2416,Proprietary  ,1,1,2,25,14,39
03108100,SUMMIT CAREER COLLEGE                   ,CA,92324-3956,Proprietary  ,56,251,307,116,419,535
03109500,DONGGUK ROYAL UNIVERSITY                ,CA,90020-1765,Private      ,0,57,57,2,72,74
03113300,MCED CAREER COLLEGE                     ,CA,93727-1620,Proprietary  ,16,477,493,45,783,828
03113600,SOUTHERN CALIFORNIA INST OF TECHNOL     ,CA,92805-3758,Proprietary  ,18,203,221,48,509,557
03115400,LYLE'S FRESNO COLLEGE OF BEAUTY         ,CA,93710-0000,Proprietary  ,1,2,3,23,7,30
03116600,EAST SAN GABRIEL VLY REG OCCUP PROG     ,CA,91790-2105,Public       ,2,22,24,10,29,39
03125300,JOHN WESLEY INTER. BARBER & BTY CLG     ,CA,90813-4321,Proprietary  ,10,38,48,11,44,55
03125400,ART INSTITUTE OF CALIFORNIA-HOLLYWOOD (T,CA,90010-1014,Proprietary  ,266,256,522,770,618,1388
03125800,PREMIERE CAREER COLLEGE                 ,CA,91706-3746,Proprietary  ,16,73,89,18,80,98
03126800,PACIFICA GRADUATE INSTITUTE             ,CA,93013-0000,Proprietary  ,0,380,380,1,585,586
03128700,MT SIERRA COLLEGE                       ,CA,91016-3414,Proprietary  ,57,93,150,153,213,366
03131300,FIVE BRANCHES UNIVERSITY                ,CA,95062-4669,Private      ,4,131,135,14,218,232
03144400,AMERICAN CLG OF HEALTH PROFESSIONS      ,CA,92374-0000,Proprietary  ,2,4,6,9,13,22
03150500,VIRGINIA SEWING MACHINES & SCH CTR      ,CA,90015-3535,Proprietary  ,0,42,42,1,42,43
03162300,FOUR-D SUCCESS ACADEMY                  ,CA,92324-4218,Proprietary  ,34,177,211,60,368,428
03163300,PACIFIC STATES UNIVERSITY               ,CA,90006-4298,Private      ,2,7,9,15,22,37
03195400,EVEREST COLLEGE                         ,CA,90501-2867,Proprietary  ,12,42,54,21,60,81
03210300,CALIFORNIA SCHOOL OF CULINARY ARTS      ,CA,91101-5221,Proprietary  ,240,370,610,837,728,1565
03225300,AMERICAN UNIVERSITY OF HEALTH SCIENCES  ,CA,90755-3612,Proprietary  ,5,13,18,34,55,89
03242300,CAREER NETWORK INSTITUTE                ,CA,92868-4710,Proprietary  ,37,126,163,44,160,204
03250300,COMMUNITY BASED EDUCATION AND DEVEL     ,CA,90036-1137,Private      ,3,47,50,8,58,66
03260300,CALIFORNIA STATE U-MONTEREY BAY         ,CA,93955-8001,Public       ,389,414,803,5289,1418,6707
03266300,BETHESDA CHRISTIAN UNIVERSITY           ,CA,92801-4132,Private      ,0,0,0,2,8,10
03278300,CLARITA CAREER COLLEGE                  ,CA,91351-5432,Proprietary  ,87,259,346,126,397,523
03282300,KIM ANH ACADEMY OF BEAUTY               ,CA,92683-4605,Proprietary  ,0,1,1,0,2,2
03288300,ACAD CHINESE CULTURE & HEALTH SCIS      ,CA,94512-0000,Private      ,1,25,26,3,46,49
03299300,PACIFIC COLLEGE                         ,CA,92626-3160,Proprietary  ,17,72,89,32,122,154
03308300,KENSINGTON COLLEGE                      ,CA,92705-8708,Proprietary  ,1,15,16,1,20,21
03321300,SCRIPPS RESEARCH INSTITUTE (THE)        ,CA,92037-0000,Private      ,1,5,6,6,40,46
03327400,ACUPUNCTURE AND INTEGRATIVE MEDICINE COL,CA,94704-2724,Private      ,0,34,34,1,111,112
03332300,SOUTHERN CA BIBLE CLG & SEMINARY        ,CA,92019-1109,Private      ,2,43,45,4,78,82
03359300,ST. FRANCIS CAREER COLLEGE              ,CA,90262-2659,Private      ,6,55,61,34,201,235
03367300,PROFESSIONAL GOLFERS CAREER COLLEGE     ,CA,92591-6013,Proprietary  ,60,73,133,113,151,264
03394300,REMINGTON COLLEGE - SAN DIEGO CAMPUS    ,CA,92108-3002,Proprietary  ,112,247,359,177,386,563
03395300,INTERNATIONAL CAREER DEVELOPMENT        ,CA,90027-5794,Proprietary  ,135,450,585,165,566,731
03399300,NORTHWESTERN TECHNICAL COLLEGE          ,CA,95670-4443,Proprietary  ,26,108,134,47,211,258
03403300,TRINITY LIFE BIBLE COLLEGE              ,CA,95842-3546,Private      ,7,22,29,54,116,170
03413400,ENGLISH CENTER  (THE)                   ,CA,94607-3734,Private      ,2,31,33,7,70,77
03427400,CAREER COLLEGES OF AMERICA              ,CA,90280-7420,Proprietary  ,113,544,657,165,844,1009
03427500,ANTELOPE VALLEY MEDICAL COLLEGE         ,CA,93534-3324,Proprietary  ,50,177,227,98,245,343
03440400,MARIAN HEALTH CAREERS CENTER            ,CA,90010-1728,Proprietary  ,6,16,22,15,25,40
03441400,VALLEY CAREER COLLEGE                   ,CA,92020-3057,Proprietary  ,32,129,161,64,216,280
03455900,VALLECITOS CENTER FOR EMPLOYMENT TR     ,CA,94541-5027,Private      ,0,5,5,1,8,9
03458300,MY LE'S BEAUTY COLLEGE                  ,CA,95824-3039,Proprietary  ,11,68,79,26,78,104
03467300,MARINELLO SCHOOL OF BEAUTY              ,CA,92545-3661,Proprietary  ,22,53,75,28,70,98
03467301,CALIFORNIA BEAUTY COLLEGE - DESERT HOT S,CA,92240-1307,Proprietary  ,1,2,3,5,3,8
03474700,OPPORTUNITIES INDUSTRIALIZATION CEN     ,CA,94025-1413,Private      ,0,0,0,1,1,2
03479300,PROFESSIONAL CAREER INSTITUTE           ,CA,90703-2522,Proprietary  ,10,101,111,30,113,143
03479400,DONALD VOCATIONAL SCHOOL                ,CA,90010-1718,Proprietary  ,0,0,0,3,1,4
03485400,JAMES ALBERT SCHOOL OF COSMETOLOGY      ,CA,92627-3831,Proprietary  ,2,10,12,9,16,25
03485401,JAMES ALBERT SCHOOL OF COSMETOLOGY - ANA,CA,92804-5384,Proprietary  ,0,0,0,4,5,9
03516300,THE KING'S COLLEGE AND SEMINARY         ,CA,91405-2233,Private      ,5,77,82,22,126,148
03532400,ADVANCED TRAINING ASSOCIATES            ,CA,92020-1236,Proprietary  ,3,14,17,3,14,17
03542400,COPPER MOUNTAIN COLLEGE                 ,CA,92252-6102,Public       ,116,431,547,293,780,1073
03577300,COBA ACADEMY                            ,CA,92866-1407,Proprietary  ,8,9,17,12,14,26
03590400,NTMA TRAINING CENTERS OF SOUTHERN C     ,CA,90650-6099,Private      ,26,132,158,29,141,170
03592400,CITY OF HOPE GRADUATE SCHOOL            ,CA,91010-0000,Private      ,0,2,2,1,12,13
03598300,AVALON BEAUTY COLLEGE                   ,CA,93103-3137,Proprietary  ,10,7,17,23,11,34
03614300,UNITED BEAUTY COLLEGE                   ,CA,91733-0000,Proprietary  ,3,17,20,4,17,21
03621300,LIBERTY TRAINING INSTITUTE              ,CA,90057-3202,Proprietary  ,6,23,29,7,23,30
03639300,WEST COAST ULTRASOUND INSTITUTE         ,CA,90211-3312,Proprietary  ,53,258,311,78,332,410
03646300,DESIGN'S SCHOOL OF COSMETOLOGY          ,CA,93446-1471,Proprietary  ,11,30,41,21,36,57
03681300,CALIFORNIA HEALING ARTS COLLEGE         ,CA,90025-2589,Proprietary  ,6,26,32,15,38,53
03695300,COMMUNITY ENHANCEMENT SERVICES          ,CA,91205-2395,Private      ,0,10,10,0,10,10
03695400,SALVATION ARMY CRESTMONT COLLEGE (THE)  ,CA,90275-5301,Private      ,1,0,1,2,1,3
03695700,SANTIAGO CANYON COLLEGE                 ,CA,92869-4512,Public       ,177,214,391,926,544,1470
03696300,UNIVERSITY OF THE WEST                  ,CA,91770-3709,Private      ,0,16,16,1,28,29
03698300,WEST COAST UNIVERSITY                   ,CA,90004-6818,Proprietary  ,36,353,389,72,714,786
03698400,CA COLLEGE OF VOCATIONAL CAREER         ,CA,93301-1800,Proprietary  ,3,16,19,18,39,57
03736300,ADVANCE BEAUTY COLLEGE                  ,CA,92843-4752,Proprietary  ,9,63,72,13,68,81
03740400,ATI COLLEGE                             ,CA,90650-0000,Proprietary  ,8,37,45,11,44,55
03759300,COMPUTER TUTOR BUSINESS & TECH INST     ,CA,95356-0000,Proprietary  ,4,27,31,8,40,48
03786300,ADVANCED COLLEGE                        ,CA,90280-5255,Proprietary  ,15,65,80,20,94,114
03797400,CAREER CARE INSTITUTE                   ,CA,93534-0000,Proprietary  ,40,146,186,59,203,262
03806300,LAKE COLLEGE                            ,CA,96002-0926,Proprietary  ,3,83,86,18,130,148
03810300,SILICON VALLEY UNIVERSITY               ,CA,95131-1868,Private      ,2,10,12,14,23,37
03814400,SOKA UNIVERSITY OF AMERICA              ,CA,92656-8081,Private      ,13,4,17,299,25,324
03838400,WALTER JAY M.D. INSTITUTE AN EDUCATIONAL,CA,90057-0000,Proprietary  ,2,54,56,5,78,83
03852500,CIT COLLEGE OF INFOMEDICAL TECHNOLOGY   ,CA,92831-3703,Proprietary  ,8,91,99,13,128,141
03853300,KECK GRADUATE INSTITUTE OF APPLIED LIFE ,CA,91711-4817,Private      ,0,28,28,0,54,54
03853400,LADERA CAREER PATHS TRAINING CENTERS    ,CA,90045-1931,Proprietary  ,0,0,0,1,3,4
03868300,WORLD MISSION UNIVERSITY                ,CA,90020-1789,Private      ,0,14,14,2,34,36
03868400,LOS ANGELES MUSIC ACADEMY               ,CA,91105-2540,Proprietary  ,17,22,39,40,38,78
03871300,FOLSOM LAKE COLLEGE                     ,CA,95630-6798,Public       ,268,522,790,965,1117,2082
03874300,CAMBRIDGE JUNIOR COLLEGE                ,CA,95993-0000,Proprietary  ,15,60,75,23,88,111
03874400,COMMMUNITY CHRISTIAN COLLEGE            ,CA,92373-4465,Private      ,6,15,21,22,53,75
03889300,STANBRIDGE COLLEGE                      ,CA,92612-0000,Proprietary  ,27,94,121,40,121,161
03901300,PACIFIC COAST TRADE SCHOOL              ,CA,93033-2441,Proprietary  ,6,22,28,10,25,35
03910400,NATIONAL POLYTECHNIC COLLEGE            ,CA,90040-3066,Proprietary  ,5,41,46,10,53,63
03933300,MUELLER COLLEGE OF HOLISTIC STUDIES     ,CA,92116-2630,Proprietary  ,5,22,27,12,32,44
03962300,AMERICAN INSTITUTE OF MASSAGE THERAPY   ,CA,92705-5463,Proprietary  ,2,6,8,7,11,18
03964400,INTERNATIONAL SCHOOL OF BEAUTY          ,CA,92260-2740,Proprietary  ,7,30,37,21,48,69
03969600,AMERICAN AUTO INSTITUTE                 ,CA,90703-2637,Proprietary  ,3,9,12,18,10,28
03971300,AMERICAN CAREER COLLEGE                 ,CA,91764-4906,Proprietary  ,102,268,370,155,410,565
03973300,EX'PRESSION COLLEGE FOR DIGITAL ARTS    ,CA,94608-1021,Proprietary  ,135,114,249,405,324,729
03974500,CALIFORNIA CAREER COLLEGE               ,CA,91303-2006,Proprietary  ,1,4,5,8,8,16
03976400,CALIFORNIA INSTITUTE OF THE HEALING ARTS,CA,95825-8551,Proprietary  ,0,4,4,10,22,32
03980300,CALIFORNIA STATE UNIVERSITY CHANNEL ISLA,CA,93012-8599,Public       ,320,481,801,3524,1377,4901
03995300,UNIVERSITY OF EAST-WEST MEDICINE        ,CA,94087-6106,Proprietary  ,2,13,15,6,31,37
03999300,BEAUMONT ADULT SCHOOL                   ,CA,92223-1927,Public       ,8,40,48,12,61,73
04001300,PALACE BEAUTY COLLEGE                   ,CA,90006-4233,Proprietary  ,5,5,10,17,9,26
04001400,MOJAVE BARBER COLLEGE                   ,CA,92395-3201,Proprietary  ,8,38,46,9,44,53
04003300,CSI CAREER COLLEGE                      ,CA,95687-3100,Proprietary  ,59,155,214,71,213,284
04004300,THUY PRINCESS BEAUTY COLLEGE            ,CA,91766-0000,Proprietary  ,0,4,4,3,8,11
04005300,INTERAMERICAN COLLEGE                   ,CA,91950-4437,Private      ,1,16,17,2,32,34
04014400,PALLADIUM TECHNICAL ACADEMY             ,CA,91731-2429,Proprietary  ,0,1,1,2,4,6
04023400,PROTEUS                                 ,CA,93291-3014,Private      ,0,2,2,0,2,2
04037300,LOS ANGELES FILM SCHOOL (THE)           ,CA,90028-7300,Proprietary  ,176,159,335,389,324,713
04049300,MAXINE WATERS EMPLOYMENT PREPARATION CEN,CA,90059-1023,Public       ,6,7,13,10,18,28
04056300,CAREER COLLEGE OF CALIFORNIA            ,CA,92705-5805,Proprietary  ,0,8,8,7,12,19
04057300,TECHSKILLS OF SACRAMENTO                ,CA,95815-4025,Proprietary  ,13,135,148,37,160,197
04071300,AMERICAN PACIFIC COLLEGE                ,CA,91405-6232,Proprietary  ,5,5,10,7,11,18
04076400,GNOMON SCHOOL OF VISUAL EFFECTS         ,CA,90038-2616,Proprietary  ,5,31,36,17,53,70
04092300,COASTLINE BEAUTY COLLEGE                ,CA,92708-3847,Proprietary  ,0,3,3,2,6,8
04092400,MAKE-UP DESIGNORY                       ,CA,91502-1322,Proprietary  ,41,34,75,105,76,181
04109300,ACADEMY OF BARBERING ARTS (THE)         ,CA,91324-3406,Proprietary  ,3,17,20,9,20,29
04111300,WEST HILLS COLLEGE LEMOORE              ,CA,93245-9248,Public       ,163,546,709,776,1105,1881
04114500,VALLEY COLLEGE OF MEDICAL CAREERS       ,CA,91304-2354,Proprietary  ,12,44,56,14,56,70
04115300,COACHELLA VALLEY BEAUTY COLLEGE         ,CA,92253-2051,Proprietary  ,7,20,27,11,30,41
04115800,MERIDIAN INSTITUTE                      ,CA,90010-3606,Proprietary  ,0,5,5,0,5,5
04116000,VIDEO SYMPHONY ENTERTRAINING            ,CA,91502-3253,Proprietary  ,19,63,82,31,113,144
04119200,CAREER COLLEGE CONSULTANTS              ,CA,90041-2088,Proprietary  ,2,1,3,3,2,5
04126500,COAST CAREER INSTITUTE                  ,CA,90015-3040,Proprietary  ,0,2,2,0,2,2
04127100,"UNIVERSITY OF CALIFORNIA, MERCED        ",CA,95343-5001,Public       ,191,78,269,6935,605,7540
04127800,HEALTHY HAIR ACADEMY                    ,CA,90303-3137,Proprietary  ,2,7,9,4,11,15
04127900,TUI UNIVERSITY                          ,CA,90630-5023,Proprietary  ,7,512,519,12,927,939
04132700,INFOTECH CAREER COLLEGE                 ,CA,90706-5579,Proprietary  ,0,4,4,0,4,4
04134500,CAREER COLLEGE OF SAN DIEGO             ,CA,92102-3348,Proprietary  ,3,26,29,3,26,29
00184600,BRIAR CLIFF UNIVERSITY                  ,IA,51104-2100,Private      ,252,144,396,1084,306,1390
00184700,BUENA VISTA UNIVERSITY                  ,IA,50588-9987,Private      ,525,608,1133,1581,1083,2664
00184800,SOUTHEASTERN COMMUNITY COLLEGE          ,IA,52655-0000,Public       ,319,543,862,673,924,1597
00185000,CENTRAL COLLEGE                         ,IA,50219-1999,Private      ,459,22,481,2026,58,2084
00185200,CLARKE COLLEGE                          ,IA,52001-3198,Private      ,306,165,471,906,326,1232
00185400,COE COLLEGE                             ,IA,52402-5092,Private      ,286,51,337,1704,115,1819
00185500,DES MOINES UNIV-OSTEOPATHIC MED CTR     ,IA,50312-0000,Private      ,2,859,861,14,1477,1491
00185600,CORNELL COLLEGE                         ,IA,52314-1098,Private      ,184,20,204,1669,67,1736
00185700,SOUTHWESTERN COMMUNITY COLLEGE          ,IA,50801-1098,Public       ,170,190,360,379,329,708
00185800,DIVINE WORD COLLEGE                     ,IA,52045-0380,Private      ,0,3,3,1,8,9
00185900,DORDT COLLEGE                           ,IA,51250-1697,Private      ,391,46,437,1342,63,1405
00186000,DRAKE UNIVERSITY                        ,IA,50311-4505,Private      ,465,655,1120,3947,1914,5861
00186200,ELLSWORTH COMMUNITY COLLEGE             ,IA,50126-1199,Public       ,200,89,289,489,150,639
00186400,IOWA LAKES COMMUNITY COLLEGE            ,IA,51334-2234,Public       ,360,305,665,896,511,1407
00186500,IOWA CENTRAL COMMUNITY COLLEGE          ,IA,50501-0000,Public       ,710,568,1278,1890,1036,2926
00186600,GRACELAND UNIVERSITY                    ,IA,50140-1699,Private      ,384,400,784,791,617,1408
00186700,GRAND VIEW UNIVERSITY                   ,IA,50316-1599,Private      ,479,305,784,1401,680,2081
00186800,GRINNELL COLLEGE                        ,IA,50112-1690,Private      ,162,6,168,2252,30,2282
00186900,IOWA STATE UNIV SCIENCE & TECHNOLOG     ,IA,50011-2028,Public       ,2721,1053,3774,17641,3906,21547
00187100,IOWA WESLEYAN COLLEGE                   ,IA,52641-1398,Private      ,277,140,417,630,271,901
00187300,LORAS COLLEGE                           ,IA,52004-0178,Private      ,517,58,575,1709,120,1829
00187400,LUTHER COLLEGE                          ,IA,52101-1045,Private      ,539,28,567,2694,60,2754
00187500,MARSHALLTOWN COMMUNITY COLLEGE          ,IA,50158-4760,Public       ,182,235,417,447,399,846
00187700,NORTH IOWA AREA COMMUNITY COLLEGE       ,IA,50401-7299,Public       ,491,290,781,1274,539,1813
00187900,MORNINGSIDE COLLEGE                     ,IA,51106-1751,Private      ,246,122,368,1427,266,1693
00188000,MOUNT MERCY COLLEGE                     ,IA,52402-4797,Private      ,180,164,344,912,490,1402
00188100,ASHFORD UNIVERSITY                      ,IA,52732-3997,Proprietary  ,456,8097,8553,846,13225,14071
00188300,NORTHWESTERN COLLEGE                    ,IA,51041-1996,Private      ,454,56,510,1410,80,1490
00188700,SIMPSON COLLEGE                         ,IA,50125-1297,Private      ,523,172,695,1987,327,2314
00188900,ST AMBROSE UNIVERSITY                   ,IA,52803-2898,Private      ,711,440,1151,2366,866,3232
00189000,UNIVERSITY OF NORTHERN IOWA             ,IA,50614-0705,Public       ,2708,941,3649,8703,1932,10635
00189100,UNIVERSITY OF DUBUQUE                   ,IA,52001-5099,Private      ,520,191,711,1443,374,1817
00189200,UNIVERSITY OF IOWA                      ,IA,52242-1316,Public       ,3834,2563,6397,15028,7216,22244
00189300,UPPER IOWA UNIVERSITY                   ,IA,52142-9206,Private      ,400,1327,1727,1093,2365,3458
00189400,VENNARD COLLEGE                         ,IA,52595-0029,Private      ,26,7,33,42,11,53
00189500,WALDORF COLLEGE                         ,IA,50436-1700,Private      ,199,30,229,563,61,624
00189600,WARTBURG COLLEGE                        ,IA,50677-2200,Private      ,330,21,351,2349,51,2400
00189700,WARTBURG THEOLOGICAL SEMINARY           ,IA,52004-5004,Private      ,2,76,78,5,131,136
00190000,WILLIAM PENN UNIVERSITY                 ,IA,52577-1799,Private      ,397,536,933,854,948,1802
00396300,AIB COLLEGE OF BUSINESS                 ,IA,50321-1799,Private      ,199,204,403,565,464,1029
00407500,ESTRN IOWA COMMUNITY COLLEGE DIST       ,IA,52801-1221,Public       ,14,24,38,33,40,73
00407501,CLINTON COMMUNITY COLLEGE               ,IA,52732-0000,Public       ,140,177,317,254,302,556
00407502,MUSCATINE COMMUNITY COLLEGE             ,IA,52761-0000,Public       ,145,136,281,318,233,551
00407503,SCOTT COMMUNITY COLLEGE                 ,IA,52722-0000,Public       ,430,795,1225,722,1316,2038
00407600,KIRKWOOD COMMUNITY COLLEGE              ,IA,52406-2068,Public       ,2428,1793,4221,4802,3112,7914
00423300,MERCY/ST. LUKE'S SCH RAD TECH           ,IA,52402-0000,Private      ,2,4,6,6,7,13
00458600,KAPLAN UNIVERSITY                       ,IA,52807-2095,Proprietary  ,1567,32256,33823,2003,45221,47224
00458604,KAPLAN UNIVERSITY - CEDAR RAPIDS        ,IA,52404-2998,Proprietary  ,89,395,484,123,613,736
00458605,KAPLAN UNIVERSITY - DES MOINES          ,IA,50323-5702,Proprietary  ,142,583,725,178,799,977
00458606,KAPLAN UNIVERSITY - MASON CITY          ,IA,50401-4665,Proprietary  ,56,252,308,74,367,441
00458607,KAPLAN UNIVERSITY - CEDAR FALLS         ,IA,50613-6309,Proprietary  ,69,317,386,101,522,623
00458610,KAPLAN UNIVERSITY - COUNCIL BLUFFS      ,IA,51503-5289,Proprietary  ,24,161,185,31,287,318
00458700,NORTHEAST IOWA COMMUNITY COLLEGE        ,IA,52132-0400,Public       ,242,229,471,518,413,931
00458701,NORTHEAST IOWA COMMUNITY COLLEGE        ,IA,52068-0000,Public       ,359,289,648,675,534,1209
00459500,HAWKEYE COMMUNITY COLLEGE               ,IA,50701-0000,Public       ,1015,652,1667,2099,1091,3190
00459800,IOWA WESTERN CMTY CLG-COUNCIL BLUFF     ,IA,51502-0000,Public       ,868,783,1651,1710,1226,2936
00460000,NORTHWEST IOWA COMMUNITY COLLEGE        ,IA,51201-1046,Public       ,174,105,279,373,180,553
00626700,IOWA METHODIST MEDICAL CENTER SCHOOLS   ,IA,50309-1499,Private      ,6,8,14,13,25,38
00627300,MERCY COLLEGE OF HEALTH SCIENCES        ,IA,50309-1239,Private      ,134,273,407,308,434,742
00712000,DES MOINES AREA CMTY COLLEGE            ,IA,50021-0000,Public       ,1679,2060,3739,3704,4009,7713
00712100,FAITH BAPTIST BIBLE CLG & THEOL SEM     ,IA,50021-0000,Private      ,133,23,156,254,38,292
00729100,ST LUKE'S COLLEGE                       ,IA,51104-0263,Private      ,25,29,54,93,72,165
00731600,WESTERN IOWA TECH COMMUNITY COLLEGE     ,IA,51106-0000,Public       ,442,686,1128,889,1195,2084
00758800,CAPRI COLLEGE                           ,IA,52004-0873,Proprietary  ,76,77,153,94,87,181
00761100,EQ SCHOOL OF HAIR DESIGN                ,IA,51503-0813,Proprietary  ,20,31,51,22,35,57
00765600,AMERICAN COLLEGE OF HARISTYLING -CR     ,IA,52402-0000,Proprietary  ,1,13,14,1,15,16
00765800,AMER COLL OF HAIRSTYLING-DES MOINES     ,IA,50309-5446,Proprietary  ,1,9,10,2,15,17
00765900,LA JAMES COLLEGE OF HAIRSTYLING         ,IA,50401-3308,Proprietary  ,37,14,51,62,22,84
00771700,CAPRI COLLEGE                           ,IA,52807-2622,Proprietary  ,15,12,27,26,19,45
00794100,COLLEGE OF HAIR DESIGN                  ,IA,50703-1834,Proprietary  ,9,12,21,11,16,27
00811600,DAYTON'S SCHOOL OF HAIR DESIGN          ,IA,52601-0000,Proprietary  ,0,4,4,0,6,6
00826000,IOWA SCHOOL OF BEAUTY INC               ,IA,50322-0000,Proprietary  ,19,31,50,27,47,74
00840300,INDIAN HILLS COMMUNITY COLLEGE          ,IA,52501-1398,Public       ,504,480,984,1124,971,2095
00840301,INDIAN HILLS COMMUNITY COLLEGE          ,IA,52544-0000,Public       ,55,70,125,142,147,289
00842400,LA JAMES INTERNATIONAL COLLEGE          ,IA,50501-5577,Proprietary  ,45,18,63,63,29,92
00959300,LA'JAMES COLLEGE OF HAIRSTYLING         ,IA,52240-0000,Proprietary  ,30,20,50,43,27,70
01111300,MAHARISHI UNIV OF MANAGEMENT            ,IA,52557-0001,Private      ,70,108,178,105,166,271
01206400,HAMILTON TECHNICAL COLLEGE              ,IA,52807-2653,Proprietary  ,38,82,120,56,111,167
01230000,PALMER COLLEGE OF CHIROPRACTIC          ,IA,52803-5287,Private      ,16,546,562,63,2201,2264
01300600,LA' JAMES INTERNATIONAL COLLEGE-CF      ,IA,50613-5242,Proprietary  ,28,16,44,48,24,72
02090300,CAPRI COLLEGE                           ,IA,52404-0000,Proprietary  ,12,23,35,28,27,55
02134500,LA JAMES INTERNATIONAL COLLEGE - DAV    ,IA,52806-3952,Proprietary  ,10,20,30,19,24,43
02160900,"SALON PROFESSIONAL ACADEMY, THE         ",IA,50010-0000,Proprietary  ,40,10,50,73,22,95
02262500,FAUST INSTITUTE OF COSMETOLOGY          ,IA,50588-0000,Proprietary  ,12,10,22,19,11,30
02274100,LA' JAMES INTERNATIONAL COLLEGE - DM    ,IA,50131-0000,Proprietary  ,41,24,65,67,41,108
02289000,AMERICAN HAIR ACADEMY                   ,IA,52627-4530,Proprietary  ,4,13,17,8,16,24
02306900,IOWA SCHOOL OF BEAUTY                   ,IA,52501-0000,Proprietary  ,8,15,23,11,17,28
02328900,EMMAUS BIBLE COLLEGE                    ,IA,52001-0000,Private      ,83,11,94,167,19,186
02330900,IOWA SCHOOL OF BEAUTY                   ,IA,50158-0000,Proprietary  ,4,9,13,5,12,17
02333200,DAYTON'S SCHOOL OF HAIR DESIGN          ,IA,52632-0000,Proprietary  ,2,2,4,2,3,5
02609200,VATTEROTT COLLEGE                       ,IA,50321-4704,Proprietary  ,61,164,225,73,233,306
03069100,ALLEN COLLEGE                           ,IA,50703-1916,Private      ,57,86,143,235,189,424
03441300,IOWA SCHOOL OF BEAUTY                   ,IA,51106-5111,Proprietary  ,15,11,26,19,18,37
03607400,TOTAL LOOK SCHOOL OF COSMETOLOGY AND MAS,IA,52136-1053,Proprietary  ,5,6,11,6,7,13
03720300,CARLSON COLLEGE OF MASSAGE THERAPY      ,IA,52205-7519,Proprietary  ,8,8,16,15,15,30
04089300,BIO-CHI INSTITUTE OF MASSAGE THERAPY    ,IA,51103-2138,Proprietary  ,1,5,6,1,8,9
00259600,ATLANTIC COMMUNITY COLLEGE              ,NJ,08330-2699,Public       ,1601,1307,2908,2278,1869,4147
00259700,BLOOMFIELD COLLEGE                      ,NJ,07003-3425,Private      ,773,427,1200,1996,842,2838
00259800,CALDWELL COLLEGE                        ,NJ,07006-6195,Private      ,410,272,682,1248,543,1791
00259900,CENTENARY COLLEGE                       ,NJ,07840-2184,Private      ,520,392,912,1390,619,2009
00260000,COLLEGE OF SAINT ELIZABETH              ,NJ,07960-6989,Private      ,232,244,476,625,408,1033
00260100,CUMBERLAND COUNTY COLLEGE               ,NJ,08362-0517,Public       ,1018,1035,2053,1480,1405,2885
00260300,DREW UNIVERSITY                         ,NJ,07940-4063,Private      ,444,166,610,3170,384,3554
00260700,FAIRLEIGH DICKINSON UNIV-TEANECK        ,NJ,07666-1996,Private      ,512,607,1119,2363,1199,3562
00260701,FAIRLEIGH DICKINSON UNIV-FLORHAM        ,NJ,07940-0000,Private      ,252,136,388,2011,333,2344
00260702,FAIRLEIGH DICKINSON UNIV-ED WMS CLG     ,NJ,07601-0000,Private      ,32,29,61,113,62,175
00260703,FAIRLEIGH DICKINSON UNIVERSITY          ,NJ,07940-0000,Private      ,252,192,444,1439,415,1854
00260800,GEORGIAN COURT UNIVERSITY               ,NJ,08701-2697,Private      ,575,614,1189,1159,968,2127
00260900,ROWAN UNIVERSITY                        ,NJ,08028-1702,Public       ,2956,1241,4197,9488,2229,11717
00261000,FELICIAN COLLEGE                        ,NJ,07644-2198,Private      ,648,440,1088,1444,635,2079
00261300,NEW JERSEY CITY UNIVERSITY              ,NJ,07305-1597,Public       ,1985,2014,3999,3664,3002,6666
00261500,MIDDLESEX COUNTY COLLEGE                ,NJ,08818-3050,Public       ,2457,1452,3909,3850,2136,5986
00261600,MONMOUTH UNIVERSITY                     ,NJ,07764-1898,Private      ,1701,877,2578,6227,1376,7603
00261700,MONTCLAIR STATE UNIVERSITY              ,NJ,07043-9987,Public       ,3827,1863,5690,12759,3685,16444
00261900,NEW BRUNSWICK THEOLOGICAL SEMINARY      ,NJ,08901-0000,Private      ,4,48,52,20,71,91
00262100,NEW JERSEY INST OF TECHNOLOGY           ,NJ,07102-1982,Public       ,1397,757,2154,3869,1229,5098
00262200,KEAN UNIVERSITY                         ,NJ,07083-7131,Public       ,3289,2215,5504,7956,4063,12019
00262400,OCEAN COUNTY COLLEGE                    ,NJ,08754-2001,Public       ,2123,1020,3143,3257,1504,4761
00262500,WILLIAM PATERSON UNIVERSITY             ,NJ,07470-2152,Public       ,3084,1240,4324,7940,2226,10166
00262600,PRINCETON THEOLOGICAL SEMINARY          ,NJ,08542-0000,Private      ,2,257,259,8,538,546
00262700,PRINCETON UNIVERSITY                    ,NJ,08544-0001,Private      ,1465,122,1587,12339,1102,13441
00262800,RIDER UNIVERSITY                        ,NJ,08648-3099,Private      ,1029,392,1421,5832,983,6815
00262900,"RUTGERS, THE STATE UNIVERSITY OF NJ     ",NJ,08901-1281,Public       ,8202,4904,13106,35447,13806,49253
00263200,SETON HALL UNIVERSITY                   ,NJ,07079-2697,Private      ,1341,869,2210,8534,2143,10677
00263201,SETON HALL UNIVERSITY - SCHOOL OF LAW   ,NJ,07079-5210,Private      ,31,581,612,167,1872,2039
00263800,ST PETER'S COLLEGE                      ,NJ,07306-5997,Private      ,1247,414,1661,2950,617,3567
00263900,STEVENS INSTITUTE OF TECHNOLOGY         ,NJ,07030-5370,Private      ,816,151,967,2850,253,3103
00264200,COLLEGE OF NEW JERSEY (THE)             ,NJ,08628-0718,Public       ,1417,313,1730,8952,673,9625
00264300,UNION COUNTY COLLEGE                    ,NJ,07016-1598,Public       ,1797,2171,3968,2534,2962,5496
00473600,BERGEN COMMUNITY COLLEGE                ,NJ,07652-1595,Public       ,2625,1476,4101,4010,2035,6045
00474000,MERCER COUNTY COMMUNITY COLLEGE         ,NJ,08690-0000,Public       ,1145,1280,2425,1809,1950,3759
00539900,MONMOUTH COUNTY VOCATIONAL SCH DIST     ,NJ,07728-5033,Public       ,7,24,31,20,31,51
00545200,TETERBORO SCH OF AERONAUTICS            ,NJ,07608-1083,Proprietary  ,25,21,46,26,35,61
00546000,SOMERSET COUNTY TECHNICAL INSTITUTE     ,NJ,08807-0350,Public       ,17,46,63,22,61,83
00546100,SALEM COMMUNITY COLLEGE                 ,NJ,08069-2799,Public       ,247,270,517,348,358,706
00641000,C E GREGORY SCHOOL OF NURSING           ,NJ,08857-0000,Private      ,11,15,26,20,26,46
00641700,HOLY NAME HOSPITAL SCH OF NURSING       ,NJ,07666-4254,Private      ,37,63,100,71,92,163
00642000,MOUNTAINSIDE HOSP SCH NRSG              ,NJ,07042-4898,Proprietary  ,15,64,79,29,96,125
00642100,MUHLENBERG SNYDER SCHOOLS               ,NJ,07061-3399,Private      ,50,219,269,90,311,401
00642900,ST FRANCIS MEDICAL CTR SCH NURSING      ,NJ,08629-1986,Private      ,6,15,21,20,33,53
00642902,ST FRANCIS MED CTR RAD TECH             ,NJ,08629-0000,Private      ,1,4,5,5,7,12
00686500,CAMDEN COUNTY COLLEGE                   ,NJ,08012-3240,Public       ,2683,2534,5217,4176,3853,8029
00690100,GLOUCESTER COUNTY COLLEGE               ,NJ,08080-4249,Public       ,1137,703,1840,1945,1045,2990
00710700,ESSEX COUNTY COLLEGE                    ,NJ,07102-1798,Public       ,1913,2260,4173,2874,3612,6486
00736203,STUART SCHOOL OF BUSINESS ADMINISTRATION,NJ,07719-3970,Proprietary  ,6,55,61,6,55,61
00750200,BERKELEY COLLEGE                        ,NJ,07424-3367,Proprietary  ,782,609,1391,1295,956,2251
00750201,BERKELEY COLLEGE                        ,NJ,07095-0000,Proprietary  ,316,228,544,477,313,790
00750202,BERKELEY COLLEGE - PARAMUS              ,NJ,07652-2931,Proprietary  ,209,139,348,362,212,574
00750600,LINCOLN TECHNICAL INSTITUTE             ,NJ,07083-5032,Proprietary  ,243,193,436,302,231,533
00750601,LINCOLN TECHNICAL INSTITUTE             ,NJ,07430-0000,Proprietary  ,224,148,372,306,198,504
00750700,GIBBS COLLEGE                           ,NJ,07039-1611,Proprietary  ,195,187,382,319,463,782
00750701,KATHARINE GIBBS - PISCATAWAY            ,NJ,08854-0000,Proprietary  ,52,60,112,85,121,206
00759300,PARISIAN BEAUTY ACADEMY                 ,NJ,07601-5509,Proprietary  ,19,24,43,28,29,57
00772900,COUNTY COLLEGE OF MORRIS                ,NJ,07869-0000,Public       ,1100,510,1610,1916,735,2651
00773000,BURLINGTON COUNTY COLLEGE               ,NJ,08068-1599,Public       ,1352,967,2319,2275,1633,3908
00773100,RARITAN VALLEY COMMUNITY COLLEGE        ,NJ,08876-1265,Public       ,761,517,1278,1246,730,1976
00794700,BETH MEDRASH GOVOHA OF AMERICA          ,NJ,08701-0000,Private      ,53,576,629,54,579,633
00840400,BROOKDALE COMMUNITY COLLEGE             ,NJ,07738-1597,Public       ,2084,1157,3241,3315,1774,5089
00844101,ANTHEM INSTITUTE                        ,NJ,08002-0000,Proprietary  ,5,16,21,9,27,36
00849400,HO HO KUS SCHL OF TRADE & TECH SCIENCES ,NJ,07513-1402,Proprietary  ,15,43,58,21,49,70
00860900,RABBINICAL COLLEGE OF AMERICA           ,NJ,07960-3600,Private      ,4,1,5,5,1,6
00907800,CAPRI INSTITUTE OF HAIR DESIGN          ,NJ,07011-2111,Proprietary  ,22,38,60,25,41,66
00934400,RAMAPO COLLEGE OF NEW JERSEY            ,NJ,07430-1680,Public       ,1431,320,1751,5182,597,5779
00934500,RICHARD STOCKTON COLLEGE OF NJ          ,NJ,08240-0195,Public       ,1822,808,2630,5935,1701,7636
00982804,EVEREST INSTITUTE - SOUTH PLAINFIELD    ,NJ,07080-1125,Proprietary  ,33,107,140,33,127,160
00999400,PASSAIC COUNTY COMMUNITY COLLEGE        ,NJ,07505-1179,Public       ,1173,1227,2400,1638,1651,3289
01039400,UNIV OF MEDICINE & DENTISTRY OF NJ      ,NJ,07107-0000,Public       ,70,2070,2140,155,3563,3718
01062900,P B COSMETOLOGY EDUCATION CENTRE        ,NJ,08030-1750,Proprietary  ,32,21,53,48,28,76
01085100,ANTHEM INSTITUTE                        ,NJ,07054-3409,Proprietary  ,238,394,632,310,579,889
01085101,ANTHEM INSTITUTE                        ,NJ,07306-0000,Proprietary  ,19,22,41,33,31,64
01085102,ANTHEM INSTITUTE                        ,NJ,08902-0000,Proprietary  ,16,19,35,23,31,54
01090300,RIZZIERI INSTITUTE                      ,NJ,08053-1800,Proprietary  ,46,24,70,60,36,96
01152300,MORRIS COUNTY SCHOOL OF TECHNOLOGY      ,NJ,07834-0000,Public       ,18,9,27,29,13,42
01170800,NATURAL MOTION INST OF HAIR DESIGN      ,NJ,07306-5496,Proprietary  ,22,34,56,25,40,65
01198900,TALMUDICAL ACADEMY                      ,NJ,07710-0000,Private      ,6,1,7,7,1,8
01209000,REIGNBOW BEAUTY ACADEMY                 ,NJ,08861-4118,Proprietary  ,4,42,46,6,43,49
01234600,DOVER BUSINESS COLLEGE                  ,NJ,07652-0000,Proprietary  ,71,166,237,91,242,333
01234602,DOVER BUSINESS COLLEGE                  ,NJ,07801-4643,Proprietary  ,35,93,128,43,116,159
01246100,LINCOLN TECHNICAL INSTITUTE             ,NJ,08820-2896,Proprietary  ,128,188,316,198,272,470
01246102,LINCOLN TECHNICAL INSTITUTE             ,NJ,08054-0000,Proprietary  ,69,260,329,81,311,392
01246103,LINCOLN TECHNICAL INSTITUTE             ,NJ,07652-2106,Proprietary  ,71,129,200,104,139,243
01246200,HOHOKUS - HACKENSACK SCHOOL OF BUSINESS ,NJ,07601-7197,Proprietary  ,61,230,291,83,332,415
01295400,HUDSON COUNTY COMMUNITY COLLEGE         ,NJ,07306-4012,Public       ,1650,1979,3629,2148,2559,4707
02053700,EASTWICK COLLEGE                        ,NJ,07446-0000,Proprietary  ,52,172,224,64,223,287
02061800,ROMAN ACADEMY OF BEAUTY CULTURE         ,NJ,07506-0000,Proprietary  ,2,1,3,3,2,5
02092300,HOHOKUS SCHOOL - RETS/NUTLEY            ,NJ,07110-0000,Proprietary  ,71,106,177,87,150,237
02103700,CAPRI INSTITUTE OF HAIR DESIGN          ,NJ,07652-0000,Proprietary  ,7,15,22,11,17,28
02104000,HARRIS SCHOOL OF BUSINESS               ,NJ,08002-2983,Proprietary  ,51,327,378,58,370,428
02106601,FOX INSTITUTE OF BUSINESS - CLIFTON     ,NJ,07011-2345,Proprietary  ,0,1,1,0,1,1
02131100,DU CRET SCHOOL OF THE ARTS              ,NJ,07060-0000,Private      ,9,2,11,12,4,16
02131600,PENNCO TECH                             ,NJ,08012-0000,Proprietary  ,92,134,226,106,142,248
02132300,BERDAN INSTITUTE                        ,NJ,07512-0000,Proprietary  ,63,77,140,73,82,155
02146800,JOE KUBERT SCH OF CARTOON & GRAPHIC     ,NJ,07801-0000,Proprietary  ,30,22,52,55,32,87
02149800,EMPIRE BEAUTY SCHOOL                    ,NJ,08021-0000,Proprietary  ,40,125,165,45,165,210
02149801,EMPIRE BEAUTY SCHOOL - BORDENTOWN       ,NJ,08505-1513,Proprietary  ,2,2,4,3,4,7
02154000,DIVERS ACAD OF EASTERN SEABOARD         ,NJ,08081-1139,Proprietary  ,14,33,47,16,42,58
02183600,CAPRI INSTITUTE OF HAIR DESIGN          ,NJ,07033-0000,Proprietary  ,7,13,20,7,14,21
02192200,THOMAS EDISON STATE COLLEGE             ,NJ,08608-0000,Public       ,91,1429,1520,170,2302,2472
02219600,OMEGA INSTITUTE                         ,NJ,08109-0000,Proprietary  ,16,33,49,20,51,71
02223700,NEW HORIZON INST OF COSMETOLOGY         ,NJ,07093-0000,Proprietary  ,2,13,15,2,14,16
02223900,DRAKE COLLEGE OF BUSINESS               ,NJ,07201-0000,Proprietary  ,62,436,498,65,458,523
02232500,UNION COUNTY VOCATIONAL TECH INST       ,NJ,07076-0000,Public       ,22,15,37,33,30,63
02234600,SHORE BEAUTY SCHOOL                     ,NJ,08232-0000,Proprietary  ,8,12,20,11,17,28
02246000,ROSS UNIVERSITY - MEDICAL SCHOOL        ,NJ,08837-0000,Proprietary  ,3,953,956,13,3180,3193
02248600,COOPER HEALTH SYS-CTR ALLIED HEALTH     ,NJ,08103-0000,Private      ,11,20,31,13,37,50
02252700,CONCORDE SCHOOL OF HAIR DESIGN          ,NJ,07712-0000,Proprietary  ,19,41,60,23,59,82
02252701,CONCORDE SCHOOL OF HAIR DESIGN - BLOOMFI,NJ,07003-2517,Proprietary  ,0,5,5,0,5,5
02261800,EUROPEAN ACADEMY OF COSMETOLOGY         ,NJ,07083-0000,Proprietary  ,15,35,50,18,55,73
02265500,CAPRI INSTITUTE OF HAIR DESIGN          ,NJ,08724-0000,Proprietary  ,16,21,37,19,25,44
02277900,ROSS UNIV - SCH OF VETERINARY MED       ,NJ,08837-0000,Proprietary  ,0,149,149,1,812,813
02291000,ENGINE CITY TECHNICAL INSTITUTE         ,NJ,07080-2424,Proprietary  ,58,40,98,63,41,104
02312000,BERGEN COUNTY TECHNICAL SCHOOLS         ,NJ,07601-6110,Public       ,11,25,36,20,26,46
02344200,EMPIRE BEAUTY SCHOOL                    ,NJ,08002-0000,Proprietary  ,37,83,120,52,115,167
02503900,WARREN COUNTY COMMUNITY COLLEGE         ,NJ,07882-0000,Public       ,211,159,370,351,234,585
02523700,OCEAN COUNTY VOCATIONAL-TECH SCHOOL     ,NJ,08753-0000,Public       ,54,103,157,79,121,200
02525900,ARTISTIC ACADEMY OF HAIR DESIGN         ,NJ,07950-1409,Proprietary  ,38,13,51,48,18,66
02528200,REIGNBOW BEAUTY ACADEMY                 ,NJ,07060-0000,Proprietary  ,8,21,29,8,22,30
02539903,STAR TECHNICAL INSTITUTE-EGG HARBOR     ,NJ,08234-0000,Proprietary  ,13,95,108,18,97,115
02558700,PRISM CAREER INSTITUTE                  ,NJ,08037-0000,Proprietary  ,50,302,352,53,317,370
02568800,SUSSEX COUNTY COMMUNITY COLLEGE         ,NJ,07860-1149,Public       ,534,252,786,863,369,1232
02586900,HARRIS SCHOOL OF BUSINESS               ,NJ,08084-1520,Proprietary  ,14,101,115,16,108,124
02586901,STAR TECHNICAL INSTITUTE - LAKEWOOD     ,NJ,08701-0000,Proprietary  ,16,62,78,22,110,132
02615401,STAR TECHNICAL INSTITUTE -              ,NJ,07102-4599,Proprietary  ,20,124,144,28,212,240
02616402,SANFORD-BROWN INSTITUTE - ISELIN        ,NJ,08830-0000,Proprietary  ,119,288,407,180,547,727
03077500,RABBI JACOB JOSEPH SCHOOL               ,NJ,08817-4494,Private      ,7,0,7,7,0,7
03122600,EASTERN INTERNATIONAL COLLEGE           ,NJ,07306-3906,Proprietary  ,14,46,60,18,52,70
03187300,STENOTECH CAREER INSTITUTE              ,NJ,07004-3490,Proprietary  ,10,22,32,14,22,36
03197300,INSTITUTE FOR HEALTH EDUCATION(THE)     ,NJ,07306-2929,Proprietary  ,1,15,16,2,17,19
03324300,CENTRAL CAREER SCHOOL                   ,NJ,07080-2408,Proprietary  ,1,11,12,1,13,14
03389300,ACADEMY OF MASSAGE THERAPY              ,NJ,07631-0000,Proprietary  ,6,54,60,10,56,66
03424500,NEW COMMUNITY WORKFORCE DEVELOPMENT     ,NJ,07103-2402,Private      ,6,180,186,8,187,195
03530300,"KEY SKILLS LEARNING, INC.               ",NJ,07013-1900,Proprietary  ,0,5,5,1,8,9
03536300,INSTITUTE FOR THERAPEUTIC MASSAGE       ,NJ,07420-1452,Proprietary  ,6,47,53,9,58,67
03574400,CORTIVA INSTITUTE - SOMERSET SCHOOL OF M,NJ,08854-3908,Proprietary  ,6,14,20,7,18,25
03625300,PERFORMANCE TRAINING INSTITUTE          ,NJ,08753-0000,Proprietary  ,1,0,1,2,1,3
03629300,HELMA INSTITUTE OF MASSAGE THERAPY      ,NJ,07663-6200,Proprietary  ,0,0,0,0,2,2
03637300,METRO AUTO ELECTRONICS TRAINING INSTITUT,NJ,07033-1798,Proprietary  ,7,3,10,9,4,13
03650600,PC AGE                                  ,NJ,07306-3936,Proprietary  ,0,12,12,1,13,14
03650603,PC AGE                                  ,NJ,08817-2842,Proprietary  ,4,16,20,5,16,21
03666300,SOMERSET CHRISTIAN COLLEGE              ,NJ,08890-9035,Private      ,27,53,80,39,74,113
03769300,PC TECH LEARNING CENTER                 ,NJ,07306-9900,Proprietary  ,1,17,18,1,20,21
03803300,HEALTHCARE TRAINING INSTITUTE           ,NJ,07083-3504,Proprietary  ,13,53,66,13,69,82
03811300,EASTERN SCHOOL OF ACUPUNCTURE AND TRADIT,NJ,07042-3562,Proprietary  ,1,13,14,3,27,30
04081300,BAIS MEDRASH TORAS CHESED               ,NJ,08701-0000,Private      ,1,1,2,1,1,2
04123400,YESHIVAS BE'ER YITZCHOK                 ,NJ,07208-2380,Private      ,1,0,1,1,0,1
04125000,GENTLE HEALING SCHOOL OF MASSAGE        ,NJ,08512-3600,Proprietary  ,1,3,4,1,5,6
04131100,YESHIVA TORAS CHAIM                     ,NJ,08701-2120,Private      ,10,0,10,10,0,10
04134100,CENTER FOR ALLIED HEALTH & NURSING EDUCA,NJ,07601-5801,Proprietary  ,7,39,46,7,39,46
        ,BROOKLYN LAW SCHOOL                     ,NY,11201-0000,Private      ,8,981,989,27,3057,3084
00266500,VAUGHN COLLEGE OF AERONAUTICS AND TECHNO,NY,11369-9997,Private      ,338,188,526,559,278,837
00266600,ADELPHI UNIVERSITY                      ,NY,11530-4299,Private      ,1153,1294,2447,6120,3093,9213
00266700,DOWLING COLLEGE                         ,NY,11769-1999,Private      ,802,882,1684,2124,1330,3454
00266800,ALFRED UNIVERSITY                       ,NY,14802-1205,Private      ,470,145,615,2880,380,3260
00266900,BANK STREET COLLEGE OF EDUCATION        ,NY,10025-0000,Private      ,2,405,407,5,668,673
00267100,BARD COLLEGE                            ,NY,12504-5000,Private      ,260,47,307,2715,508,3223
00267800,BRYANT & STRATTON COLLEGE               ,NY,14203-1713,Proprietary  ,535,1774,2309,852,3424,4276
00267803,BRYANT & STRATTON COLLEGE - GREECE      ,NY,14606-4227,Proprietary  ,86,281,367,131,564,695
00267805,BRYANT & STRATTON COLLEGE - SYRACUSE    ,NY,13203-2502,Proprietary  ,210,407,617,356,935,1291
00267807,BRYANT & STRATTON COLLEGE - ALBANY      ,NY,12205-5230,Proprietary  ,97,228,325,151,475,626
00268100,CANISIUS COLLEGE                        ,NY,14208-1098,Private      ,1050,618,1668,4013,1034,5047
00268500,CAZENOVIA COLLEGE                       ,NY,13035-1085,Private      ,201,26,227,1614,63,1677
00268700,CUNY-BROOKLYN COLLEGE                   ,NY,11210-2814,Public       ,4713,3343,8056,11493,5803,17296
00268800,CITY COLLEGE-CUNY                       ,NY,10031-9198,Public       ,4376,2458,6834,12577,4374,16951
00268900,CUNY-HUNTER COLLEGE                     ,NY,10021-5024,Public       ,6122,3758,9880,18640,7344,25984
00269000,QUEENS COLLEGE-CUNY                     ,NY,11367-1597,Public       ,4046,2476,6522,10295,4056,14351
00269100,CUNY- BOROUGH OF MANHATTAN CMTY CLG     ,NY,10007-1047,Public       ,5541,3924,9465,9746,6083,15829
00269200,CUNY BRONX COMMUNITY COLLEGE            ,NY,10453-3102,Public       ,2876,2653,5529,4498,3762,8260
00269300,CUNY-JOHN JAY CLG CRIMINAL JUSTICE      ,NY,10019-1093,Public       ,5225,2430,7655,9903,3812,13715
00269400,KINGSBOROUGH COMMUNITY COLLEGE          ,NY,11235-2398,Public       ,2936,1637,4573,5018,2376,7394
00269600,NY CITY COLLEGE OF TECHNOLOGY-CUNY      ,NY,11201-2983,Public       ,4671,2587,7258,8292,3816,12108
00269700,QUEENSBOROUGH COMMUNITY COLLEGE         ,NY,11364-1497,Public       ,2942,1479,4421,4657,1983,6640
00269800,CUNY THE COLLEGE OF STATEN ISLAND       ,NY,10314-6600,Public       ,3451,1450,4901,6812,2337,9149
00269900,CLARKSON UNIVERSITY                     ,NY,13699-5615,Private      ,740,103,843,3657,226,3883
00270000,COLGATE ROCHESTER CROZER DIVINITY S     ,NY,14620-0000,Private      ,0,29,29,7,46,53
00270100,COLGATE UNIVERSITY                      ,NY,13346-1386,Private      ,359,16,375,4518,46,4564
00270300,COLLEGE OF MOUNT SAINT VINCENT          ,NY,10471-1093,Private      ,650,115,765,1985,208,2193
00270400,COLLEGE OF NEW ROCHELLE                 ,NY,10805-2339,Private      ,385,2624,3009,1050,2886,3936
00270500,COLLEGE OF SAINT ROSE                   ,NY,12203-1490,Private      ,843,791,1634,3534,1470,5004
00270700,COLUMBIA UNIVERSITY                     ,NY,10027-0000,Private      ,394,691,1085,3631,2505,6136
00270701,COLUMBIA UNIV ARCHITECTURE              ,NY,10027-0000,Private      ,7,128,135,34,655,689
00270702,COLUMBIA UNIV SCHOOL OF THE ARTS        ,NY,10027-0000,Private      ,20,151,171,77,1188,1265
00270703,COLUMBIA UNIV BUSINESS GRAD             ,NY,10027-0000,Private      ,10,466,476,26,1267,1293
00270704,COLUMBIA UNIV SCHOOL ENGIN-UNDERGRA     ,NY,10027-0000,Private      ,352,20,372,1793,48,1841
00270705,COLUMBIA UNIV SCHOOL GENERAL STUDIE     ,NY,10027-0000,Private      ,80,482,562,324,850,1174
00270706,COLUMBIA UNIV GRAD SCHL ARTS & SCI      ,NY,10027-0000,Private      ,4,273,277,26,1278,1304
00270707,COLUMBIA UNIV SCH INTL PUB AFFAIRS      ,NY,10027-0000,Private      ,1,178,179,12,1174,1186
00270708,COLUMBIA UNIV JOURNALISM GRAD           ,NY,10027-0000,Private      ,2,91,93,13,409,422
00270710,COLUMBIA UNIV COLUMBIA COLLEGE          ,NY,10027-0000,Private      ,1031,65,1096,7878,219,8097
00270711,COLUMBIA UNIV SCHOOL OF LAW             ,NY,10027-0000,Private      ,6,429,435,21,3916,3937
00270712,COLUMBIA UNIV SOCIAL WORK               ,NY,10025-0000,Private      ,3,118,121,12,797,809
00270713,COLUMBIA UNIV SCHL DENT & ORAL SURG     ,NY,10032-0000,Private      ,0,48,48,3,314,317
00270714,COLUMBIA UNIV INST HUMAN NUTRITION      ,NY,10032-0000,Private      ,1,20,21,1,40,41
00270715,COLUMBIA UNIV NURSING                   ,NY,10032-0000,Private      ,19,119,138,94,637,731
00270716,COLUMBIA UNIV COLL PHYS & SURGEONS      ,NY,10032-0000,Private      ,5,119,124,16,1069,1085
00270717,COLUMBIA UNIV PHYSICAL THERAPY          ,NY,10032-0000,Private      ,2,59,61,5,109,114
00270718,COLUMBIA UNIV OCCUPATIONAL THERAPY      ,NY,10032-0000,Private      ,2,40,42,3,93,96
00270719,COLUMBIA UNIV PUBLIC HEALTH             ,NY,10032-0000,Private      ,0,132,132,4,930,934
00270720,COLUMBIA UNIV - ENGINEERING (GRAD)      ,NY,10027-0000,Private      ,12,74,86,44,250,294
00270721,COLUMBIA UNIV-CONT ED & SP PROGMS       ,NY,10027-0000,Private      ,2,58,60,10,111,121
00270800,BARNARD COLLEGE-COLUMBIA UNIV           ,NY,10027-6598,Private      ,611,33,644,3320,86,3406
00270900,CONCORDIA COLLEGE                       ,NY,10708-1998,Private      ,230,66,296,714,98,812
00271000,COOPER UNION                            ,NY,10003-7120,Private      ,154,39,193,1477,108,1585
00271100,CORNELL UNIVERSITY                      ,NY,14853-2801,Private      ,3340,1061,4401,22288,4853,27141
00271200,D'YOUVILLE COLLEGE                      ,NY,14201-1084,Private      ,449,583,1032,1326,1089,2415
00271300,DOMINICAN COLLEGE                       ,NY,10962-1299,Private      ,620,283,903,1384,485,1869
00271800,ELMIRA COLLEGE                          ,NY,14901-2099,Private      ,306,183,489,1854,325,2179
00272200,FORDHAM UNIVERSITY                      ,NY,10458-5157,Private      ,2741,2237,4978,17448,6890,24338
00272600,GENERAL THEOLOGICAL SEMINARY            ,NY,10011-0000,Private      ,0,46,46,0,93,93
00272800,HAMILTON COLLEGE                        ,NY,13323-1218,Private      ,401,8,409,2588,27,2615
00272900,HARTWICK COLLEGE                        ,NY,13820-4020,Private      ,559,29,588,2414,50,2464
00273100,HOBART & WILLIAM SMITH COLLEGES         ,NY,14456-3397,Private      ,565,17,582,3068,42,3110
00273200,HOFSTRA UNIVERSITY                      ,NY,11549-1010,Private      ,2082,1320,3402,13666,4458,18124
00273400,HOUGHTON COLLEGE                        ,NY,14744-0128,Private      ,391,97,488,1409,152,1561
00273500,HILBERT COLLEGE                         ,NY,14075-1597,Private      ,297,119,416,829,220,1049
00273700,IONA COLLEGE                            ,NY,10801-1890,Private      ,1641,466,2107,5927,868,6795
00273900,ITHACA COLLEGE                          ,NY,14850-7130,Private      ,1106,194,1300,11716,617,12333
00274000,JEWISH THEOLOGICAL SEMINARY OF AMER     ,NY,10027-4649,Private      ,16,37,53,113,157,270
00274200,THE JUILLIARD SCHOOL                    ,NY,10023-6588,Private      ,134,72,206,1081,536,1617
00274400,KEUKA COLLEGE                           ,NY,14478-0000,Private      ,315,324,639,1263,636,1899
00274800,LEMOYNE COLLEGE                         ,NY,13214-1399,Private      ,582,363,945,3686,660,4346
00274900,NEW YORK COLLEGE OF PODIATRIC MED       ,NY,10035-0000,Private      ,21,177,198,52,331,383
00275100,LONG ISLAND UNIVERSITY                  ,NY,11548-1326,Private      ,2923,3011,5934,8697,5147,13844
00275101,LONG ISLAND UNIVERSITY - BRENTWOOD CAMPU,NY,11717-5326,Private      ,0,0,0,12,41,53
00275102,LONG ISLAND UNIVERSITY - ROCKLAND CAMPUS,NY,10962-0000,Private      ,0,0,0,5,21,26
00275104,LONG ISLAND UNIVERSITY - NEW YORK UNIVER,NY,10011-0000,Private      ,0,0,0,114,52,166
00275105,LONG ISLAND UNIVERSITY - WEST POINT CAMP,NY,10966-0000,Private      ,0,0,0,59,4,63
00275106,LONG ISLAND UNIVERSITY - JEWISH BOARD OF,NY,10019-0000,Private      ,0,0,0,8,2,10
00275107,LONG ISLAND UNIVERSITY - QUEENS DISTRICT,NY,11364-0000,Private      ,0,0,0,8,3,11
00275108,LONG ISLAND UNIVERSITY - FREEPORT PUBLIC,NY,11520-3144,Private      ,0,0,0,5,1,6
00275109,LONG ISLAND UNIVERSITY - LOCUST VALLEY H,NY,11560-1105,Private      ,0,0,0,1,1,2
00275110,LONG ISLAND UNIVERSITY - WESTBURY SENIOR,NY,11568-1619,Private      ,0,0,0,119,24,143
00275111,LONG ISLAND UNIVERSITY - BABYLON SENIOR ,NY,11702-2222,Private      ,0,0,0,5,0,5
00275112,LONG ISLAND UNIVERSITY - HARBORFIELDS HI,NY,11740-1432,Private      ,0,0,0,1,0,1
00275113,LONG ISLAND UNIVERSITY - SOUTH SIDE HIGH,NY,11570-2248,Private      ,0,0,0,0,2,2
00275115,LONG ISLAND UNIVERSITY - SOUTHAMPTON COL,NY,11548-1326,Private      ,0,0,0,182,33,215
00275116,LONG ISLAND UNIV-BROOKLYN CAMPUS        ,NY,11548-1326,Private      ,0,0,0,645,138,783
00275800,MANHATTAN COLLEGE                       ,NY,10471-4098,Private      ,912,101,1013,4786,220,5006
00275900,MANHATTAN SCHOOL OF MUSIC               ,NY,10027-4698,Private      ,85,138,223,616,701,1317
00276000,MANHATTANVILLE COLLEGE                  ,NY,10577-2132,Private      ,431,330,761,2687,584,3271
00276300,MARIA COLLEGE                           ,NY,12208-1798,Private      ,67,292,359,138,450,588
00276500,MARIST COLLEGE                          ,NY,12601-1387,Private      ,1214,309,1523,7857,569,8426
00276900,MARYMOUNT MANHATTAN COLLEGE             ,NY,10021-4597,Private      ,412,70,482,2635,181,2816
00277200,MERCY COLLEGE                           ,NY,10522-1189,Private      ,780,1632,2412,1667,3291,4958
00277500,MOLLOY COLLEGE                          ,NY,11570-1100,Private      ,939,604,1543,2203,1054,3257
00277700,MEDAILLE COLLEGE                        ,NY,14214-2695,Private      ,414,476,890,1259,828,2087
00277800,MOUNT SAINT MARY COLLEGE                ,NY,12550-3494,Private      ,598,397,995,2026,662,2688
00277900,NAZARETH COLLEGE OF ROCHESTER           ,NY,14618-3790,Private      ,632,636,1268,2725,1111,3836
00278200,NEW YORK INSTITUTE OF TECHNOLOGY        ,NY,11568-8000,Private      ,1501,1496,2997,3815,2433,6248
00278202,NY INSTITUTE OF TECHNOLOGY-OSTEOPATHIC M,NY,11568-0000,Private      ,3,602,605,8,1023,1031
00278300,NEW YORK LAW SCHOOL                     ,NY,10013-0000,Private      ,10,784,794,18,3032,3050
00278400,NEW YORK MEDICAL COLLEGE                ,NY,10595-0000,Private      ,3,935,938,12,1711,1723
00278500,NEW YORK UNIVERSITY                     ,NY,10012-1091,Private      ,2579,4876,7455,30689,19966,50655
00278800,NIAGARA UNIVERSITY                      ,NY,14109-2010,Private      ,791,258,1049,3410,519,3929
00279000,NYACK COLLEGE                           ,NY,10960-3698,Private      ,443,695,1138,1032,1006,2038
00279100,PACE UNIVERSITY - NEW YORK              ,NY,10038-1598,Private      ,1041,724,1765,6732,1968,8700
00279101,PACE UNIVERSITY-PLEASANTVILLE           ,NY,10570-0000,Private      ,440,251,691,2964,679,3643
00279102,PACE UNIVERSITY - WHITE PLAINS          ,NY,10603-0000,Private      ,36,423,459,233,1753,1986
00279500,PAUL SMITHS CLG OF ARTS & SCIENCES      ,NY,12970-0000,Private      ,345,59,404,1011,98,1109
00279600,POLYTECHNIC INTSTITUTE OF NEW YORK UNIV ,NY,11201-3840,Private      ,347,197,544,1642,352,1994
00279800,PRATT INSTITUTE                         ,NY,11205-3899,Private      ,639,498,1137,3942,1830,5772
00280300,RENSSELAER POLYTECHNIC INSTITUTE        ,NY,12180-3590,Private      ,1192,150,1342,8873,391,9264
00280500,ROBERTS WESLEYAN COLLEGE                ,NY,14624-1997,Private      ,374,419,793,1377,679,2056
00280600,ROCHESTER INSTITUTE OF TECHNOLOGY       ,NY,14623-5608,Private      ,3087,945,4032,12370,1995,14365
00280700,ROCKEFELLER UNIVERSITY                  ,NY,10021-0000,Private      ,3,4,7,12,11,23
00280800,DAEMEN COLLEGE                          ,NY,14226-3592,Private      ,532,279,811,1636,491,2127
00281000,THE SAGE COLLEGES                       ,NY,12180-4199,Private      ,375,544,919,1071,1079,2150
00281200,TROCAIRE COLLEGE                        ,NY,14220-2094,Private      ,223,449,672,410,776,1186
00281300,SARAH LAWRENCE COLLEGE                  ,NY,10708-5999,Private      ,159,89,248,2116,598,2714
00281400,SKIDMORE COLLEGE                        ,NY,12866-1632,Private      ,571,33,604,4123,73,4196
00281401,SKIDMORE COLL-UNIV WITHOUT WALLS        ,NY,12866-0000,Private      ,4,8,12,21,24,45
00281500,ST BERNARDS SCH THEOLOGY & MINISTRY     ,NY,14618-3822,Private      ,0,16,16,1,33,34
00281600,SIENA COLLEGE                           ,NY,12211-1462,Private      ,1055,81,1136,5028,145,5173
00281700,ST BONAVENTURE UNIVERSITY               ,NY,14778-2284,Private      ,484,196,680,2183,349,2532
00282000,ST FRANCIS COLLEGE                      ,NY,11201-4398,Private      ,570,134,704,1500,201,1701
00282100,ST JOHN FISHER COLLEGE                  ,NY,14618-3597,Private      ,445,405,850,4025,1197,5222
00282200,CHRIST THE KING SEMINARY                ,NY,14052-0607,Private      ,0,4,4,0,5,5
00282300,ST JOHN'S UNIVERSITY                    ,NY,11439-1343,Private      ,4851,2015,6866,20115,4663,24778
00282500,ST JOSEPH'S COLLEGE                     ,NY,11205-3688,Private      ,264,202,466,787,316,1103
00282501,ST JOSEPH'S COLLEGE-SUFFOLK CAMPUS      ,NY,11772-0000,Private      ,1020,473,1493,2370,716,3086
00282900,ST LAWRENCE UNIVERSITY                  ,NY,13617-1455,Private      ,597,36,633,2921,74,2995
00283200,ST THOMAS AQUINAS COLLEGE               ,NY,10976-1050,Private      ,551,121,672,1585,211,1796
00283300,ST VLADIMIR ORTHODOX THEOL SEM          ,NY,10707-0000,Private      ,0,26,26,0,63,63
00283400,EXCELSIOR COLLEGE                       ,NY,12203-5159,Private      ,38,1360,1398,62,2237,2299
00283500,SUNY AT ALBANY                          ,NY,12222-0001,Public       ,4249,1697,5946,17985,3612,21597
00283600,BINGHAMTON UNIVERSITY (SUNY)            ,NY,13902-6000,Public       ,2616,751,3367,19969,1961,21930
00283700,SUNY AT BUFFALO                         ,NY,14260-0001,Public       ,4100,2976,7076,18130,7568,25698
00283800,SUNY AT STONY BROOK                     ,NY,11794-0001,Public       ,3936,2094,6030,18728,4725,23453
00283900,SUNY-DOWNSTATE MEDICAL CENTER           ,NY,11203-2098,Public       ,34,539,573,101,1605,1706
00284000,SUNY UPSTATE MEDICAL UNIVERSITY         ,NY,13210-2375,Public       ,33,293,326,167,1074,1241
00284100,SUNY BROCKPORT - FIN AID OFF            ,NY,14420-2914,Public       ,1952,932,2884,7482,1725,9207
00284200,BUFFALO STATE COLLEGE - SUNY            ,NY,14222-1095,Public       ,2918,1684,4602,8799,3026,11825
00284300,SUNY COLLEGE-CORTLAND                   ,NY,13045-0900,Public       ,1742,541,2283,9734,1239,10973
00284400,SUNY AT FREDONIA                        ,NY,14063-1145,Public       ,1372,324,1696,6210,734,6944
00284500,SUNY GENESEO                            ,NY,14454-1401,Public       ,1238,150,1388,8537,437,8974
00284600,SUNY COLLEGE-NEW PALTZ                  ,NY,12561-2499,Public       ,1836,693,2529,9710,1499,11209
00284700,SUNY COLLEGE-ONEONTA                    ,NY,13820-4015,Public       ,1842,211,2053,8873,496,9369
00284800,SUNY OSWEGO                             ,NY,13126-3599,Public       ,2096,690,2786,8504,1450,9954
00284900,SUNY COLLEGE AT PLATTSBURGH             ,NY,12901-2681,Public       ,1374,473,1847,5838,966,6804
00285000,SUNY COLLEGE-POTSDAM                    ,NY,13676-2294,Public       ,960,397,1357,3876,731,4607
00285100,SUNY COLLEGE OF ENVIRONMENT SCIENCE AND ,NY,13210-2778,Public       ,265,115,380,1754,397,2151
00285300,SUNY MARITIME COLLEGE                   ,NY,10465-4198,Public       ,397,97,494,1094,172,1266
00285400,SUNY COLLEGE OF TECHNOLOGY-ALFRED       ,NY,14802-9951,Public       ,1035,228,1263,3025,481,3506
00285500,SUNY CANTON COLG OF TECHNOLOGY          ,NY,13617-1098,Public       ,659,298,957,2157,730,2887
00285600,SUNY AG & TECH COLLEGE-COBLESKILL       ,NY,12043-9986,Public       ,884,140,1024,2430,244,2674
00285700,SUNY DELHI                              ,NY,13753-1190,Public       ,1024,242,1266,2867,427,3294
00285800,SUNY FARMINGDALE                        ,NY,11735-1021,Public       ,1383,609,1992,3874,1024,4898
00285900,SUNY COLLEGE OF AG & TECH AT MORRISVILLE,NY,13408-0901,Public       ,1118,303,1421,2860,560,3420
00286000,ADIRONDACK COMMUNITY COLLEGE            ,NY,12804-2004,Public       ,579,395,974,1109,630,1739
00286100,CAYUGA COMMUNITY COLLEGE                ,NY,13021-3099,Public       ,562,501,1063,962,827,1789
00286200,BROOME COMMUNITY COLLEGE                ,NY,13902-1398,Public       ,980,647,1627,2425,1301,3726
00286300,CORNING COMMUNITY COLLEGE               ,NY,14830-3297,Public       ,590,578,1168,1014,862,1876
00286400,DUTCHESS COMMUNITY COLLEGE              ,NY,12601-1595,Public       ,736,499,1235,1380,766,2146
00286600,FASHION INSTITUTE OF TECHNOLOGY         ,NY,10001-5992,Public       ,1327,637,1964,5832,1701,7533
00286700,SUNY FULTON MONTGOMERY COMM CLG         ,NY,12095-3790,Public       ,375,254,629,684,407,1091
00286800,HUDSON VALLEY COMMUNITY COLLEGE         ,NY,12180-6096,Public       ,2226,1192,3418,4002,1805,5807
00286900,JAMESTOWN COMMUNITY COLLEGE             ,NY,14701-1999,Public       ,626,458,1084,1579,968,2547
00287000,JEFFERSON COMMUNITY COLLEGE             ,NY,13601-1897,Public       ,389,510,899,802,792,1594
00287100,"SUNY, MOHAWK VALLEY COMMUNITY CLG       ",NY,13501-5394,Public       ,1338,721,2059,2496,1146,3642
00287200,MONROE COMMUNITY COLLEGE                ,NY,14623-5780,Public       ,2771,2234,5005,5644,3712,9356
00287300,NASSAU COMMUNITY COLLEGE                ,NY,11530-6793,Public       ,2630,1286,3916,4991,1983,6974
00287400,NIAGARA COUNTY COMMUNITY COLLEGE        ,NY,14132-9460,Public       ,1291,934,2225,2392,1750,4142
00287500,ONONDAGA COMMUNITY COLLEGE              ,NY,13215-4585,Public       ,1836,1090,2926,3730,1731,5461
00287600,ORANGE COUNTY COMMUNITY COLLEGE         ,NY,10940-6441,Public       ,881,599,1480,1406,898,2304
00287700,ROCKLAND COMMUNITY COLLEGE              ,NY,10901-3611,Public       ,567,479,1046,976,649,1625
00287800,SUFFOLK COMMUNITY COLLEGE               ,NY,11784-2899,Public       ,1940,933,2873,3373,1397,4770
00287801,SUFFOLK COMMUNITY CLG-W. CAMPUS         ,NY,11717-0000,Public       ,890,701,1591,1472,973,2445
00287803,SUFFOLK COMMUNITY CLG-EASTRN CAMPUS     ,NY,11901-0000,Public       ,320,268,588,490,347,837
00287900,SULLIVAN COUNTY COMMUNITY COLLEGE       ,NY,12759-5151,Public       ,452,216,668,886,329,1215
00288000,ULSTER COUNTY COMMUNITY COLLEGE         ,NY,12484-0557,Public       ,366,261,627,668,377,1045
00288100,SUNY WESTCHESTER COMMUNITY COLLEGE      ,NY,10595-1698,Public       ,1389,1108,2497,2246,1629,3875
00288200,SYRACUSE UNIVERSITY                     ,NY,13244-2130,Private      ,2638,1128,3766,18711,4282,22993
00288300,UTICA COLLEGE OF SYRACUSE UNIV          ,NY,13502-4892,Private      ,868,454,1322,2729,853,3582
00288500,ALBANY COLLEGE OF PHARMACY AND HEALTH SC,NY,12208-3492,Private      ,80,78,158,1588,688,2276
00288600,ALBANY LAW SCHOOL                       ,NY,12208-0000,Private      ,4,471,475,17,1364,1381
00288700,ALBANY MEDICAL COLLEGE                  ,NY,12208-0000,Private      ,5,259,264,34,891,925
00288900,UNION COLLEGE                           ,NY,12308-2311,Private      ,217,13,230,3134,56,3190
00289000,UNION THEOLOGICAL SEMINARY              ,NY,10027-0000,Private      ,0,70,70,1,261,262
00289200,UNITED STATES MERCHANT MARINE ACADEMY   ,NY,11024-1699,Public       ,140,2,142,362,7,369
00289400,UNIVERSITY OF ROCHESTER                 ,NY,14627-9000,Private      ,1214,508,1722,7208,1150,8358
00289401,EASTMAN SCH OF MUSIC/UNIV ROCHESTER     ,NY,14604-0000,Private      ,130,108,238,739,320,1059
00289402,UNIV OF ROCHESTER SCHL OF MEDICINE      ,NY,14642-0000,Private      ,4,276,280,40,656,696
00289500,VASSAR COLLEGE                          ,NY,12604-0008,Private      ,596,21,617,4405,56,4461
00289600,VILLA MARIA COLLEGE-BUFFALO             ,NY,14225-3999,Private      ,163,101,264,316,144,460
00289900,WAGNER COLLEGE                          ,NY,10301-4495,Private      ,523,117,640,2603,203,2806
00290000,WEBB INSTITUTE                          ,NY,11542-1398,Private      ,7,0,7,44,0,44
00290100,WELLS COLLEGE                           ,NY,13026-0500,Private      ,178,29,207,894,54,948
00290300,YESHIVA UNIVERSITY                      ,NY,10033-3201,Private      ,668,919,1587,1613,2691,4304
00290302,YESHIVA UNIVERSITY - BRONX CAMPUS       ,NY,10461-1975,Private      ,6,385,391,13,908,921
00397400,MESIVTHA TIFERETH JERUSALEM OF AMER     ,NY,10002-6382,Private      ,0,0,0,2,0,2
00397600,RABBINICAL ACAD MESIVTA RABBI CHAIM     ,NY,11230-4715,Private      ,1,0,1,1,0,1
00397800,RABBINICAL SEMINARY OF AMERICA          ,NY,11375-0000,Private      ,2,1,3,3,2,5
00397900,COLUMBIA UNIV TEACHERS COLLEGE          ,NY,10027-0000,Private      ,7,995,1002,25,3251,3276
00405400,HEBREW UNION COL-JEWISH INST OF REL     ,NY,10012-0000,Private      ,0,54,54,0,89,89
00455301,ITT TECHNICAL INSTITUTE                 ,NY,12205-0000,Proprietary  ,54,102,156,82,127,209
00475900,"CUNY, YORK COLLEGE                      ",NY,11451-0001,Public       ,2389,1415,3804,5150,2211,7361
00476200,WEILL CORNELL MEDICAL COLLEGE AND GRADUA,NY,10021-0000,Private      ,0,266,266,11,743,754
00476500,CUNY GRADUATE SCH & UNIV CTR            ,NY,10016-4309,Public       ,18,689,707,32,1583,1615
00477600,CENTRAL YESHIVA TOMCHEI TMIMIM LUBA     ,NY,11230-2798,Private      ,3,1,4,12,2,14
00478800,HERKIMER COUNTY COMMUNITY COLLEGE       ,NY,13350-1598,Public       ,768,324,1092,1660,564,2224
00479800,MIRRER YESHIVA CENTRAL INST             ,NY,11223-2010,Private      ,0,1,1,0,1,1
00479900,MONROE COLLEGE                          ,NY,10468-4305,Proprietary  ,1074,1782,2856,1930,3233,5163
00479901,MONROE COLLEGE                          ,NY,10801-0000,Proprietary  ,58,28,86,58,28,86
00481100,EVEREST INSTITUTE                       ,NY,14621-3007,Proprietary  ,127,568,695,168,1012,1180
00506401,ST JAMES MERCY HOSP SCH OF RAD          ,NY,14843-2197,Private      ,7,10,17,13,14,27
00506600,FAXTON ST. LUKE'S SCHOOL OF RADIOGRAPHY ,NY,13502-4856,Private      ,6,11,17,14,15,29
00520800,THE COLLEGE OF WESTCHESTER              ,NY,10602-0000,Proprietary  ,406,256,662,638,359,997
00587700,ROBERT J HOCHSTIM SCHOOL OF RADIOG      ,NY,11572-1151,Private      ,0,2,2,0,2,2
00643501,ARNOT OGDEN MEDICAL CENTER              ,NY,14905-1676,Private      ,14,20,34,18,29,47
00643800,PHILLIPS BETH ISRAEL SCH OF NURSING     ,NY,10001-6354,Private      ,49,149,198,74,223,297
00644300,COCHRAN SCH NSG-ST JOHN RVSDE HOSP      ,NY,10701-1399,Private      ,27,185,212,44,277,321
00644500,CROUSE HOSP SCH OF NURSING              ,NY,13210-1690,Private      ,57,95,152,114,149,263
00644800,ELLIS HOSPITAL SCHOOL OF NURSING        ,NY,12308-0000,Private      ,20,39,59,34,62,96
00646101,ST ELIZABETH COLLEGE OF NURSING         ,NY,13501-2998,Private      ,45,84,129,95,141,236
00646102,ST ELIZABETH SCH OF RADIOGRAPHY         ,NY,13501-0000,Private      ,4,8,12,7,10,17
00646700,SAINT JOSEPH'S COLLEGE OF NURSING       ,NY,13203-1806,Private      ,61,79,140,155,200,355
00678200,GENESEE COMMUNITY COLLEGE               ,NY,14020-9704,Public       ,836,579,1415,1659,1001,2660
00678500,SCHENECTADY COUNTY COMMUNITY CLG        ,NY,12305-2294,Public       ,602,541,1143,1014,804,1818
00678700,CLINTON COMMUNITY COLLEGE               ,NY,12901-5690,Public       ,398,176,574,809,334,1143
00678800,TOMPKINS CORTLAND COMMUNITY COLLEGE     ,NY,13053-8504,Public       ,760,424,1184,1632,673,2305
00678900,COLUMBIA-GREENE COMMUNITY COLLEGE       ,NY,12534-9543,Public       ,335,167,502,607,368,975
00679100,SUNY AT PURCHASE                        ,NY,10577-1400,Public       ,1107,271,1378,5887,622,6509
00702200,CUNY-LEHMAN COLLEGE                     ,NY,10468-1589,Public       ,3236,2629,5865,8308,4411,12719
00702600,"MT SINAI SCH OF MEDICINE, NY UNIV       ",NY,10029-0000,Private      ,1,355,356,4,1015,1019
00710900,SUNY COLLEGE-OLD WESTBURY               ,NY,11568-0210,Public       ,1302,540,1842,3777,957,4734
00711100,NORTH COUNTRY COMMUNITY COLLEGE         ,NY,12983-2046,Public       ,245,182,427,475,272,747
00726400,MESIFTA TORAH VODAATH RABBINCAL SEM     ,NY,11218-5209,Private      ,0,0,0,0,1,1
00727300,CUNY-BERNARD BARUCH COLLEGE             ,NY,10010-5518,Public       ,4323,2443,6766,12823,4132,16955
00730400,CULINARY INSTITUTE OF AMERICA           ,NY,12538-1499,Private      ,933,398,1331,2371,842,3213
00737200,AUSTIN'S SCHOOL OF SPA TECHNOLOGY       ,NY,12206-1513,Proprietary  ,32,42,74,34,46,80
00737500,ISLAND DRAFTING & TECHNICAL INST        ,NY,11701-2704,Proprietary  ,46,42,88,56,53,109
00738700,LONG ISLAND BEAUTY SCHOOL               ,NY,11788-4346,Proprietary  ,19,15,34,22,16,38
00738800,LONG ISLAND BEAUTY SCHOOL               ,NY,11550-3704,Proprietary  ,7,26,33,8,29,37
00739100,BEAUTY SCHOOL OF MIDDLETOWN             ,NY,10940-6574,Proprietary  ,13,17,30,15,20,35
00739400,BERKELEY COLLEGE                        ,NY,10017-0000,Proprietary  ,1023,894,1917,1670,1195,2865
00739402,BERKELEY COLLEGE-WESTCHESTER CAMPUS     ,NY,10601-1533,Proprietary  ,326,115,441,528,164,692
00739800,KATHARINE GIBBS SCHOOL                  ,NY,10018-2602,Proprietary  ,155,273,428,304,528,832
00740100,MANDL SCHOOL                            ,NY,10019-5516,Proprietary  ,66,364,430,67,370,437
00740500,WOOD TOBE-COBURN SCHOOL                 ,NY,10016-0102,Proprietary  ,243,42,285,398,76,474
00746500,AMERICAN ACADEMY OF DRAMATIC ARTS       ,NY,10016-7089,Private      ,62,28,90,230,65,295
00746600,LABORATORY INST. OF MERCHANDISING       ,NY,10022-5268,Proprietary  ,477,44,521,1214,82,1296
00746800,SCHOOL OF VISUAL ARTS                   ,NY,10010-3994,Proprietary  ,709,280,989,3205,975,4180
00750602,LINCOLN TECHNICAL INSTITUTE             ,NY,11357-6092,Proprietary  ,156,80,236,253,110,363
00751800,APEX TECHNICAL SCHOOL                   ,NY,10011-2008,Proprietary  ,201,481,682,250,601,851
00752200,CONTINENTAL SCH OF BEAUTY CULTURE       ,NY,14623-3231,Proprietary  ,24,60,84,28,65,93
00753200,FINGER LAKES COMMUNITY COLLEGE          ,NY,14424-8395,Public       ,988,535,1523,2084,948,3032
00757200,AMERICAN MUSICAL AND DRAMATIC ACAD      ,NY,10023-2106,Private      ,564,93,657,1371,236,1607
00757300,LEARNING INSTITUTE FOR BEAUTY SCIENCES  ,NY,11103-4028,Proprietary  ,11,35,46,13,51,64
00780400,CAREER ACADEMY OF NEW YORK              ,NY,10011-7307,Proprietary  ,65,197,262,99,289,388
00818900,CONTINENTAL SCH OF BEAUTY CULTURE       ,NY,14223-0000,Proprietary  ,2,3,5,3,6,9
00818902,CONTINENTAL SCHOOL OF BEAUTY CULTURE  - ,NY,14224-3402,Proprietary  ,2,5,7,3,5,8
00843500,INTERBORO INSTITUTE                     ,NY,10019-3604,Proprietary  ,0,0,0,0,1,1
00843700,CHAMPLAIN VALLEY - TEC/PRN              ,NY,12901-0000,Public       ,3,19,22,9,22,31
00849500,JAMESTOWN BUSINESS COLLEGE              ,NY,14702-0429,Proprietary  ,47,114,161,88,160,248
00861100,"CUNY, HOSTOS CMTY COLLEGE               ",NY,10451-1499,Public       ,1290,1521,2811,2137,2235,4372
00878800,SUNY-STUDENT LOAN SERVICE CENTER        ,NY,12144-3440,Public       ,5,2,7,20,4,24
00900300,OLEAN BUSINESS INSTITUTE INC            ,NY,14760-2691,Proprietary  ,14,23,37,18,38,56
00902900,NEIGHBORHOOD PLAYHOUSE                  ,NY,10022-5017,Private      ,8,3,11,16,13,29
00904300,ELMIRA BUSINESS INSTITUTE               ,NY,14901-2731,Proprietary  ,64,393,457,70,402,472
00907700,UTICA SCHOOL OF COMMERCE                ,NY,13501-2280,Proprietary  ,73,161,234,107,184,291
00924800,SAMARITAN HOSPITAL SCH NURSING          ,NY,12180-2475,Private      ,20,63,83,42,127,169
00928300,MIDWAY-PARIS BEAUTY SCHOOL              ,NY,11385-3453,Proprietary  ,3,14,17,3,14,17
00928400,LEARNING INST FOR BEAUTY SCIENCES       ,NY,11756-1345,Proprietary  ,13,31,44,13,33,46
00933500,MESIVTA EASTERN PKWY RABBINICAL CLG     ,NY,11218-5559,Private      ,0,0,0,0,1,1
00947900,SAINT VINCENTS CMC SI NURSING SCHOOL    ,NY,10304-3850,Private      ,22,50,72,31,71,102
00976900,METROPOLITAN COLLEGE OF NEW YORK        ,NY,10013-1919,Private      ,54,437,491,87,913,1000
00992900,SUNY COLLEGE OF OPTOMETRY               ,NY,10036-8003,Public       ,4,127,131,15,319,334
01005100,LA GUARDIA CMTY COLLEGE - CUNY          ,NY,11101-3083,Public       ,2776,2076,4852,4860,3352,8212
01005200,JEFFERSON-LEWIS BOCES PRAC NRSGPRG      ,NY,13601-9509,Public       ,5,25,30,8,31,39
01009700,CUNY-MEDGAR W EVERS COLLEGE             ,NY,11225-2010,Public       ,1231,1608,2839,2384,2490,4874
01014200,TOURO COLLEGE                           ,NY,10010-4202,Private      ,966,3815,4781,1358,6480,7838
01014700,WESTERN SUFFOLK BOCES                   ,NY,11768-3499,Public       ,16,88,104,24,143,167
01015300,HELENE FULD COL OF NRSNG/N GEN HOSP     ,NY,10035-0000,Private      ,6,86,92,10,125,135
01028600,EMPIRE STATE COLLEGE                    ,NY,12866-4391,Public       ,221,3086,3307,386,6648,7034
01054900,KEHILATH YAKOV RABBINICAL SEMINARY      ,NY,10562-1001,Private      ,0,1,1,0,1,1
01055100,NEW YORK SCH MED & DENTAL ASSISTANT     ,NY,11101-2327,Proprietary  ,50,87,137,76,152,228
01064100,SOUTHERN WESTCHESTER BOCES              ,NY,10543-0000,Public       ,1,24,25,1,42,43
01068400,ERIE COMMUNITY COLLEGE-ALL CAMPUSES     ,NY,14203-2698,Public       ,2582,2146,4728,4266,3179,7445
01081300,AMERICAN ACAD MCALLISTER INST           ,NY,10019-3604,Private      ,33,77,110,45,158,203
01083700,SIMMONS INST OF FUNERAL SERVICE         ,NY,13207-2098,Proprietary  ,14,10,24,19,23,42
01093000,SUBURBAN TECHNICAL SCHOOL               ,NY,11550-3771,Proprietary  ,20,95,115,22,114,136
01095200,PNW BOCES LPN PROGRAM                   ,NY,10598-0000,Public       ,1,18,19,1,23,24
01103100,TECHNICAL CAREER INSTITUTE              ,NY,10001-2789,Proprietary  ,909,1847,2756,1048,2208,3256
01118900,UNITED TALMUDICAL SEMINARY              ,NY,11211-7984,Private      ,51,0,51,51,0,51
01161400,CHAMPLAIN VALLEY HOSP SCH RAD TECH      ,NY,12901-1490,Private      ,6,6,12,15,8,23
01161700,NEW YORK METHODIST HOSPITAL             ,NY,11229-9023,Private      ,11,14,25,11,14,25
01164700,SBI CAMPUS - AN AFFILIATE OF SANFORD-BRO,NY,11747-3785,Proprietary  ,129,187,316,228,328,556
01167700,MEMORIAL SLOAN KETTERING CANCER CTR     ,NY,10021-6094,Private      ,1,3,4,1,7,8
01167800,SUNY INST OF TECHNOLOGY UTICA ROME      ,NY,13504-3050,Public       ,496,396,892,1344,652,1996
01183000,BERK TRADE AND BUSINESS SCHOOL          ,NY,11101-0000,Proprietary  ,15,32,47,17,32,49
01185900,WORD OF LIFE BIBLE INSTITUTE            ,NY,12860-0129,Private      ,202,17,219,365,42,407
01186000,MERCY MED CNTR SCHL OF RADIOGRAPHY      ,NY,11570-1098,Private      ,0,2,2,0,2,2
01192100,WESTCHESTER SCH OF BEAUTY CULTURE       ,NY,10550-2295,Proprietary  ,0,11,11,1,11,12
01198400,OHR HAMEIR THEOLOGICAL SEMINARY         ,NY,10566-0990,Private      ,0,2,2,0,2,2
01201100,TALMUDICAL SEM OHOLEI TORAH             ,NY,11213-3310,Private      ,3,0,3,8,0,8
01207200,PHILLIPS HAIRSTYLING INSTITUTE          ,NY,13210-1509,Proprietary  ,6,32,38,9,42,51
01210700,INSTITUTE OF DESIGN & CONSTRUCTION      ,NY,11201-5380,Private      ,7,18,25,13,30,43
01220300,MEMORIAL HOSPITAL SCH OF NURSING        ,NY,12204-1083,Private      ,17,54,71,32,94,126
01227700,NEW YORK CHIROPRACTIC COLLEGE           ,NY,13148-0800,Private      ,5,220,225,10,584,594
01229300,VEEB NASSAU CNTY SCHL OF PRACT NURS     ,NY,11553-3037,Public       ,17,93,110,24,113,137
01235800,PLAZA COLLEGE                           ,NY,11372-6300,Proprietary  ,172,407,579,202,526,728
01236400,SAINT VINCENTS CATHOLIC MEDICAL CENTERS ,NY,11365-1535,Private      ,18,57,75,30,78,108
01240700,SCHUYLER-CHEMUNG-TIOGA BOCES            ,NY,14903-1089,Public       ,10,57,67,13,88,101
01240701,STEUBEN SCHUYLER CHEMUNG TIOGA ALLEGANY ,NY,14870-9518,Public       ,0,1,1,0,2,2
01256100,FIVE TOWNS COLLEGE                      ,NY,11746-5871,Proprietary  ,446,100,546,1138,162,1300
01258900,ERIE 1 BOCES                            ,NY,14224-0000,Public       ,10,60,70,13,68,81
01265200,ONONDAGA CORTLAND MADISON BOCES         ,NY,13090-4500,Public       ,30,116,146,52,186,238
01278300,OSWEGO COUNTY BOCES ADULT CAREERS       ,NY,13114-4498,Public       ,6,16,22,19,40,59
01292700,CENTRAL TECH NURSING PROGRAM            ,NY,13202-3092,Public       ,4,29,33,7,35,42
01302600,MACHZIKEI HADATH RABBINICAL COLLEGE     ,NY,11204-1805,Private      ,0,1,1,0,1,1
01302900,BORICUA COLLEGE                         ,NY,10032-1599,Private      ,120,362,482,167,577,744
02056400,CAPRI COSMETOLOGY LEARNING CENTER       ,NY,10954-0000,Proprietary  ,21,29,50,23,37,60
02066200,THE NEW SCHOOL                          ,NY,10011-0000,Private      ,847,1353,2200,4235,3870,8105
02069000,NEW YORK SCHOOL OF INTERIOR DESIGN      ,NY,10021-0000,Private      ,54,101,155,119,153,272
02075700,BRIARCLIFFE COLLEGE                     ,NY,11714-0000,Proprietary  ,382,188,570,843,496,1339
02075702,BRIARCLIFFE COLLEGE - PATCHOGUE         ,NY,11772-3019,Proprietary  ,225,127,352,564,339,903
02092400,RIDLEY-LOWELL SCHOOL OF BUSINESS        ,NY,13905-0000,Proprietary  ,5,48,53,9,55,64
02093700,LONG ISLAND BUSINESS INSTITUTE          ,NY,11725-0000,Proprietary  ,160,522,682,196,665,861
02098400,HERKIMER COUNTY BOCES                   ,NY,13350-0000,Public       ,15,24,39,25,27,52
02104300,OTSEGO AREA SCHOOL OF PRAC NURSING      ,NY,13820-0000,Public       ,2,7,9,2,8,10
02105900,HAIR DESIGN INSTITUTE AT FIFTH AVE      ,NY,11220-0000,Proprietary  ,3,14,17,4,18,22
02106800,BRAMSON ORT COLLEGE                     ,NY,11375-0000,Private      ,113,232,345,119,236,355
02110900,CATTARAUGUS/ALLEGANY BOCES              ,NY,14760-0000,Public       ,13,45,58,14,50,64
02116011,SANFORD-BROWN INSTITUTE - NEW YORK      ,NY,10003-2103,Proprietary  ,179,510,689,244,803,1047
02118700,LONG ISLAND COLLEGE HOSPITAL - SCHOOL OF,NY,11201-6001,Private      ,54,123,177,99,179,278
02118702,LONG ISLAND COLLEGE HOSPITAL - SCHOOL OF,NY,11201-6001,Private      ,14,20,34,39,30,69
02124000,ORANGE ULSTER BOCES SCH OF PRAC NRS     ,NY,10924-9401,Public       ,12,54,66,14,66,80
02125500,CIRCLE IN THE SQUARE THEATRE SCHOOL     ,NY,10019-0000,Private      ,14,22,36,38,51,89
02126300,MADISON-ONEIDA BOCES PRAC NRS           ,NY,13478-0000,Public       ,7,53,60,9,61,70
02138500,BOCES RENSSELAER SCH OF PRAC NRSG       ,NY,12033-3221,Public       ,2,22,24,4,22,26
02145800,CAYUGA ONONDAGA BOCES                   ,NY,13021-9430,Public       ,8,33,41,11,44,55
02146000,WAYNE-FINGER LAKES BOCES                ,NY,14513-0000,Public       ,13,79,92,18,88,106
02152000,YESHIVA SHAAR HATORAH ITRI TORAH        ,NY,11418-0000,Private      ,2,0,2,2,0,2
02153600,BROOME-TIOGA BOCES PN PROG              ,NY,13905-0000,Public       ,7,33,40,12,44,56
02157900,ROCHESTER GENERAL HOSPITAL              ,NY,14621-3001,Private      ,11,64,75,14,103,117
02158200,WSHNGTN-SARTGA-WARN-HMLTN-ESX BOCES     ,NY,12839-1051,Public       ,17,94,111,17,110,127
02160100,GENEVA GENERAL HOSPITAL                 ,NY,14456-0000,Private      ,12,35,47,19,47,66
02163400,NEW YORK CAREER INSTITUTE               ,NY,10007-2801,Proprietary  ,97,264,361,120,349,469
02169100,DAVIS COLLEGE                           ,NY,13790-0000,Private      ,88,56,144,151,68,219
02170000,SWEDISH INSTITUTE                       ,NY,10001-0000,Proprietary  ,26,166,192,37,302,339
02170200,ALBANY SCHOHARIE SCHENECTADY            ,NY,12205-0000,Public       ,6,23,29,11,24,35
02171900,AILEY SCHOOL (THE)                      ,NY,10019-4402,Private      ,29,5,34,57,10,67
02172100,HAMILTON-FULTON-MONTGOMERY BOCES        ,NY,12095-0000,Public       ,6,4,10,12,9,21
02172800,DUTCHESS COUNTY BOCES SCH PRAC NURS     ,NY,12601-0000,Public       ,11,39,50,14,54,68
02173200,EMPIRE BEAUTY SCHOOL                    ,NY,10001-0000,Proprietary  ,106,267,373,138,356,494
02173900,ULSTER COUNTY BOCES PRACTICAL NRSG      ,NY,12466-0000,Public       ,6,22,28,7,33,40
02176000,CHERYL FELL'S SCHOOL OF BUSINESS        ,NY,14304-0000,Proprietary  ,5,13,18,6,13,19
02179400,EASTERN SUFFOLK BOCES                   ,NY,11713-0000,Public       ,73,331,404,80,355,435
02182200,NEW SCHOOL OF RADIO & TELEVISION        ,NY,12206-1106,Proprietary  ,8,3,11,13,4,17
02187300,DARKEI NOAM RABBINICAL COLLEGE          ,NY,11210-0000,Private      ,0,1,1,0,1,1
02192500,BELLEVUE HOSP CTR SCH RAD TECH          ,NY,10016-0000,Public       ,2,10,12,5,18,23
02193700,SAINT LAWRENCE LEWIS COUNTY BOCES       ,NY,13617-0000,Public       ,8,13,21,62,13,75
02193701,SAINT LAWRENCE LEWIS COUNTY BOCES - NORT,NY,13669-0798,Public       ,1,1,2,1,1,2
02193702,SAINT LAWRENCE LEWIS COUNTY BOCES - SOUT,NY,13642-0342,Public       ,1,0,1,2,0,2
02193703,SAINT LAWRENCE LEWIS COUNTY BOCES - ADUL,NY,13668-3238,Public       ,0,2,2,1,3,4
02199300,ORLEANS-NIAGARA BOCES                   ,NY,14132-0000,Public       ,6,22,28,8,36,44
02206000,HUNTER BUSINESS SCHOOL                  ,NY,11756-0000,Proprietary  ,23,167,190,38,183,221
02206001,HUNTER BUSINESS SCHOOL -                ,NY,11763-0000,Proprietary  ,6,2,8,17,3,20
02217800,D.HOPFER SCH NURSING AT MT.VRN HOSP     ,NY,10550-0000,Private      ,9,138,147,12,171,183
02219500,MILDRED ELLEY                           ,NY,12206-1513,Proprietary  ,69,354,423,90,431,521
02235600,ERIE 2-CHAUTAUQUA-CATTARAUGUS BOCES     ,NY,14006-0000,Public       ,2,63,65,2,70,72
02265100,YESHIVA DERECH CHAIM                    ,NY,11218-0000,Private      ,2,1,3,2,1,3
02265200,GLOBAL BUSINESS INSTITUTE               ,NY,11691-0000,Private      ,139,371,510,139,371,510
02272900,ROCKLAND COUNTY BOCES PRAC NRSG SCH     ,NY,10994-0000,Public       ,6,44,50,8,47,55
02275900,"MODERN WELDING SCHOOL, INC.             ",NY,12304-0000,Proprietary  ,14,11,25,17,13,30
02287800,NATIONAL TRACTOR TRAILER SCHOOL         ,NY,13088-2505,Proprietary  ,3,74,77,3,77,80
02294900,INSTITUTE OF AUDIO RESEARCH             ,NY,10003-0000,Proprietary  ,107,103,210,159,157,316
02306500,PROFESSIONAL BUSINESS INSTITUTE         ,NY,10002-0000,Private      ,212,350,562,227,381,608
02314200,NORTHERN WESTCHESTER SCH COSMETOL       ,NY,10566-0000,Proprietary  ,3,2,5,4,3,7
02320100,OHR SOMAYACH TANENBAUM EDUCATIONAL CENTE,NY,10952-0000,Private      ,0,0,0,2,0,2
02325600,NEW YORK INSTITUTE OF ENGLISH & BUS     ,NY,10001-0000,Private      ,29,119,148,41,144,185
02350600,YESHIVA AND KOLLEL HARBOTZAS TORAH      ,NY,11230-0000,Private      ,0,1,1,0,1,1
02454300,NEW YORK UNIVERSITY SCHOOL OF MEDICINE  ,NY,10016-6497,Private      ,27,303,330,184,1175,1359
02491400,SPANISH AMERICAN INSTITUTE              ,NY,10036-0000,Private      ,0,0,0,1,3,4
02505900,SH-OR YOSHUV RABBINICAL COLLEGE         ,NY,11691-0000,Private      ,4,1,5,5,1,6
02506000,ASSOCIATED BETH RIVKAH SCHOOLS          ,NY,11225-0000,Private      ,5,0,5,5,0,5
02506100,CITY UNIV OF NEW YORK-CENTRAL           ,NY,10021-0000,Public       ,126,78,204,490,229,719
02506200,MERCE CUNNINGHAM STUDIO                 ,NY,10014-0000,Private      ,0,0,0,0,1,1
02506800,YESHIVAT MIKDASH MELECH                 ,NY,11230-0000,Private      ,2,0,2,3,0,3
02511500,JOFFREY BALLET SCHOOL                   ,NY,10011-0000,Proprietary  ,13,2,15,24,3,27
02513500,MAR JON SCHOOL OF BEAUTY CULTURE        ,NY,14150-0000,Proprietary  ,9,19,28,9,19,28
02525600,ART INSTITUTE OF NEW YORK CITY(THE)     ,NY,10013-1917,Proprietary  ,679,378,1057,1367,741,2108
02540800,"GLOBE INSTITUTE OF TECHNOLOGY, INC.     ",NY,10007-0000,Proprietary  ,152,238,390,182,246,428
02546000,TRI-STATE COLLEGE OF ACUPUNCTURE        ,NY,10011-0000,Proprietary  ,1,96,97,3,111,114
02550600,TALMUDICAL INST OF UPSTATE NY           ,NY,14607-0000,Private      ,1,0,1,1,0,1
02556700,SEMINAR L'MOROS BAIS YAAKOV             ,NY,11219-0000,Private      ,0,0,0,1,0,1
02572900,BUSINESS INFORMATICS CENTER             ,NY,11580-0000,Proprietary  ,4,9,13,8,11,19
02575400,FRENCH CULINARY INSTITUTE               ,NY,10013-2618,Proprietary  ,70,139,209,145,256,401
02587600,ORLO SCH HAIR DESIGN & COSMETOLOGY      ,NY,12206-1723,Proprietary  ,21,23,44,31,25,56
02599400,NEW YORK COLLEGE OF HEALTH PROFESSIONS  ,NY,11791-4413,Private      ,52,154,206,106,423,529
02600100,NEW YORK ACADEMY OF ART (THE)           ,NY,10013-2911,Private      ,16,58,74,47,115,162
02614900,SANFORD-BROWN INSTITUTE                 ,NY,10604-2910,Proprietary  ,66,191,257,86,280,366
02615001,SANFORD-BROWN INSTITUTE - GARDEN CITY   ,NY,11530-4734,Proprietary  ,9,9,18,13,19,32
02616600,SHEAR EGO INTL SCH OF HAIR DESIGN       ,NY,14617-3501,Proprietary  ,13,20,33,16,27,43
02617000,CONTINENTAL SCH OF BEAUTY CULTURE       ,NY,14020-1908,Proprietary  ,9,12,21,9,12,21
02617001,CONTINENTAL SCHOOL OF BEAUTY CULTURE - O,NY,14760-2618,Proprietary  ,0,2,2,1,2,3
03007200,DANCE THEATRE OF HARLEM                 ,NY,10031-0000,Private      ,4,0,4,10,0,10
03027701,PACIFIC COLLEGE OF ORIENTAL MEDICINE - N,NY,10010-7108,Proprietary  ,4,76,80,6,110,116
03081600,DELAWARE CHENANGO MADISON OT. BOCES     ,NY,13815-9554,Public       ,3,5,8,5,9,14
03088500,NEW YORK INTERNATIONAL BEAUTY SCH       ,NY,10019-0000,Proprietary  ,16,58,74,21,60,81
03089700,COMPUTER CAREER CENTER                  ,NY,11530-3334,Proprietary  ,65,303,368,81,403,484
03095500,ASA INST BUSINESS & COMPUTER TECH       ,NY,11201-5208,Proprietary  ,442,1806,2248,465,1906,2371
03096200,CHARLES STUART SCHOOL                   ,NY,11229-2004,Proprietary  ,1,8,9,2,8,10
03097801,CARSTEN INSTITUTE                       ,NY,10003-1901,Proprietary  ,2,3,5,2,7,9
03099100,SUNBRIDGE COLLEGE                       ,NY,10977-0000,Private      ,0,27,27,2,43,45
03103700,ADIRONDACK BEAUTY SCHOOL                ,NY,12801-3158,Proprietary  ,6,6,12,8,9,17
03104900,SULLIVAN COUNTY BOCES                   ,NY,12754-2116,Public       ,5,21,26,7,23,30
03111100,NEW YORK PARALEGAL SCHOOL               ,NY,10007-1901,Proprietary  ,7,18,25,7,28,35
03115300,GENESEE VALLEY BOCES                    ,NY,14020-1099,Public       ,7,40,47,13,51,64
03120700,NEW YORK CONSERVATORY FOR DRAMATIC ARTS ,NY,10011-4225,Proprietary  ,109,36,145,295,66,361
03127100,YESHIVAS NOVOMINSK                      ,NY,11219-0000,Private      ,0,0,0,2,1,3
03169300,STUDIO JEWELERS                         ,NY,10016-4112,Proprietary  ,1,3,4,1,4,5
03172400,CALIBER TRAINING INSTITUTE              ,NY,10018-6504,Proprietary  ,19,44,63,21,66,87
03181400,MERKAZ BNOS                             ,NY,11204-0000,Private      ,4,112,116,4,112,116
03191300,CUNY SCHOOL OF LAW @ QUEENS COLLEGE     ,NY,11367-0000,Public       ,41,386,427,152,1054,1206
03193300,MANHATTAN SCHOOL OF COMPUTER TECH       ,NY,11230-1617,Private      ,16,61,77,19,62,81
03203300,NEW YORK INSTITUTE OF MASSAGE           ,NY,14221-6021,Proprietary  ,14,53,67,20,76,96
03216300,UNIFICATION THEOLOGICAL SEMINARY        ,NY,12507-5021,Private      ,1,4,5,1,8,9
03315300,HARLEM SCHOOL OF TECHNOLOGY             ,NY,10027-4426,Proprietary  ,2,2,4,4,7,11
03328300,FRANKLIN CAREER INSTITUTE               ,NY,11550-3003,Private      ,65,138,203,103,232,335
03342400,AMERICAN BARBER INSTITUTE               ,NY,10001-5271,Proprietary  ,17,39,56,19,44,63
03358300,ALLEN SCHOOL                            ,NY,11432-4901,Proprietary  ,101,373,474,120,476,596
03361500,WILLSEY INSTITUTE                       ,NY,10301-1989,Proprietary  ,3,9,12,5,10,15
03380300,CULINARY ACADEMY OF LONG ISLAND         ,NY,11791-5311,Proprietary  ,20,53,73,37,68,105
03419400,NORTHEASTERN SEMINARY                   ,NY,14624-1997,Private      ,1,42,43,2,58,60
03426400,ANTHEM INSTITUTE                        ,NY,10018-0000,Proprietary  ,129,180,309,221,310,531
03433500,LIA SCHORR INSTITUTE OF COSMETIC SK     ,NY,10022-2614,Proprietary  ,1,19,20,2,21,23
03443300,NEW YORK COLLEGE OF TRADITIONAL CHINESE ,NY,11501-0000,Private      ,0,18,18,0,30,30
03537300,NEW YORK AUTOMOTIVE & DIESEL INSTIT     ,NY,11101-0000,Proprietary  ,0,3,3,17,40,57
03568300,LEON STUDIO ONE SCHOOL OF HAIR DESI     ,NY,14221-5323,Proprietary  ,9,16,25,15,19,34
03651300,SAINT JOSEPH'S MEDICAL CENTER SCHOO     ,NY,10701-4080,Private      ,1,2,3,5,4,9
03652300,METROPOLITAN LEARNING INSTITUTE         ,NY,11375-0000,Private      ,5,185,190,5,186,191
03691300,USA BEAUTY SCHOOL INTERNATIONAL         ,NY,10013-3530,Proprietary  ,1,64,65,4,66,70
03713300,BEIS MEDRASH HEICHAL DOVID              ,NY,11691-4433,Private      ,1,1,2,1,1,2
03773300,CENTER FOR NATURAL WELLNESS SCHOOL OF MA,NY,12205-1601,Proprietary  ,9,26,35,10,31,41
03809400,MICROPOWER CAREER INSTITUTE             ,NY,10001-2812,Proprietary  ,0,3,3,0,4,4
03819400,HUDSON VALLEY SCHOOL OF ADVANCED AESTHET,NY,12561-1401,Proprietary  ,5,6,11,11,7,18
03839300,AVEDA INSTITUTE NEW YORK                ,NY,10013-1522,Proprietary  ,29,45,74,53,90,143
03881300,UNION GRADUATE COLLEGE                  ,NY,12308-3103,Private      ,2,54,56,25,97,122
03903400,AMERICAN BEAUTY SCHOOL                  ,NY,10462-8003,Proprietary  ,10,32,42,13,38,51
03941400,ELITE ACADEMY OF BEAUTY ARTS            ,NY,11223-1630,Proprietary  ,0,10,10,2,13,15
03983300,"SCHOOL OF PROFESSIONAL HORTICULTURE, AT ",NY,10458-5126,Private      ,0,5,5,0,6,6
04043300,ACE COMPUTER TRAINING CENTER            ,NY,11375-5337,Proprietary  ,0,8,8,0,9,9
04095300,KING'S COLLEGE (THE)                    ,NY,10018-0110,Private      ,107,10,117,268,14,282
04102300,NEW AGE TRAINING                        ,NY,10018-0000,Proprietary  ,1,4,5,1,4,5
04115500,TALMUDICAL SEMINARY OF BOBOV            ,NY,11219-3826,Private      ,0,1,1,0,1,1
04117700,"MONROE 2-ORLEANS BOCES, CENTER FOR WORK ",NY,14624-1119,Public       ,2,8,10,2,8,10
04123200,INSTITUTE OF ALLIED MEDICAL PROFESSIONS ,NY,11373-5541,Private      ,6,26,32,6,27,33
04123300,HUDSON VALLEY SCHOOL OF MASSAGE THERAPY ,NY,12528-1426,Proprietary  ,3,6,9,4,6,10
00267808,BRYANT & STRATTON COLLEGE - PARMA       ,OH,44130-0000,Proprietary  ,210,970,1180,347,1858,2205
00301000,ANTIOCH UNIVERSITY                      ,OH,45387-1608,Private      ,30,13,43,95,31,126
00301001,ANTIOCH UNIVERSITY MCGREGOR             ,OH,45387-0000,Private      ,5,242,247,8,374,382
00301010,ANTIOCH UNIVERSITY                      ,OH,45387-0000,Private      ,3,63,66,10,101,111
00301100,ART ACADEMY OF CINCINNATI               ,OH,45202-7106,Private      ,80,26,106,225,51,276
00301200,ASHLAND UNIVERSITY                      ,OH,44805-3799,Private      ,626,868,1494,2996,1671,4667
00301300,ATHENAEUM OF OHIO                       ,OH,45230-2000,Private      ,1,2,3,1,4,5
00301400,BALDWIN-WALLACE COLLEGE                 ,OH,44017-2088,Private      ,912,482,1394,3920,978,4898
00301600,BLUFFTON UNIVERSITY                     ,OH,45817-2104,Private      ,340,105,445,1301,197,1498
00301800,BOWLING GREEN STATE UNIVERSITY          ,OH,43403-0001,Public       ,3319,1555,4874,14297,3695,17992
00302300,CAPITAL UNIVERSITY                      ,OH,43209-2394,Private      ,663,872,1535,3271,1987,5258
00302400,CASE WESTERN RESERVE UNIV               ,OH,44106-0000,Private      ,1247,336,1583,5834,779,6613
00302401,CASE WESTERN RESERVE UNIV - MED         ,OH,44106-0000,Private      ,4,355,359,38,1001,1039
00302402,CASE WESTERN RESERVE UNIV - DENTAL      ,OH,44106-0000,Private      ,1,140,141,15,280,295
00302403,CASE WESTERN RESERVE UNIV - LAW         ,OH,44106-0000,Private      ,3,369,372,8,1226,1234
00302404,CASE WESTERN RESERVE UNIV - UG          ,OH,44106-0000,Private      ,119,21,140,496,49,545
00302405,CASE WESTERN RESERVE UNIV - MSASS       ,OH,44106-0000,Private      ,1,158,159,5,382,387
00302406,CASE WESTERN RESERVE UNIV - NURS UG     ,OH,44106-0000,Private      ,58,44,102,198,95,293
00302407,CASE WESTERN RESERVE UNIV - WSOM        ,OH,44106-0000,Private      ,4,132,136,10,214,224
00302408,CASE WESTERN RESERVE UNIV -A&S GRAD     ,OH,44106-0000,Private      ,3,136,139,9,259,268
00302409,CASE WESTERN RESERVE UNIV -ENG GRAD     ,OH,44106-0000,Private      ,3,28,31,21,69,90
00302410,CASE WESTERN RESERVE UNIV -NURS GRD     ,OH,44106-0000,Private      ,1,133,134,5,266,271
00302500,CEDARVILLE UNIVERSITY                   ,OH,45314-8564,Private      ,724,60,784,3327,115,3442
00302600,CENTRAL STATE UNIVERSITY                ,OH,45384-1004,Public       ,929,383,1312,2955,878,3833
00302900,CINCINNATI CHRISTIAN UNIVERSITY         ,OH,45204-3200,Private      ,130,196,326,387,340,727
00303000,OHIO CHRISTIAN UNIVERSITY               ,OH,43113-9487,Private      ,107,209,316,202,331,533
00303100,CLEVELAND INSTITUTE OF MUSIC            ,OH,44106-1776,Private      ,30,24,54,431,323,754
00303200,CLEVELAND STATE UNIVERSITY              ,OH,44115-2214,Public       ,1795,3574,5369,5718,8230,13948
00303300,COLLEGE OF MT ST JOSEPH                 ,OH,45233-1670,Private      ,320,310,630,1369,750,2119
00303500,OHIO DOMINICAN UNIVERSITY               ,OH,43219-2099,Private      ,583,817,1400,2201,1499,3700
00303600,FRANCISCAN UNIV OF STEUBENVILLE         ,OH,43952-1763,Private      ,714,283,997,1909,481,2390
00303700,COLLEGE OF WOOSTER                      ,OH,44691-2363,Private      ,471,16,487,2721,47,2768
00303900,COLUMBUS COLLEGE OF ART AND DESIGN      ,OH,43215-1758,Private      ,382,95,477,1583,274,1857
00304000,CUYAHOGA COMMUNITY COLLEGE              ,OH,44115-2878,Public       ,1860,5064,6924,3420,9033,12453
00304001,CUYAHOGA COMMUNITY CLG-EASTERN CAM      ,OH,44122-6195,Public       ,162,368,530,337,663,1000
00304002,CUYAHOGA COMMUNITY CLG-METRO CAMPUS     ,OH,44115-0000,Public       ,269,683,952,588,1241,1829
00304003,CUYAHOGA COMMUNITY CLG-WESTERN CMPS     ,OH,44130-0000,Public       ,463,472,935,934,918,1852
00304100,"DEFIANCE COLLEGE, THE                   ",OH,43512-1695,Private      ,244,100,344,1114,247,1361
00304200,DENISON UNIVERSITY                      ,OH,43023-1329,Private      ,389,8,397,2681,27,2708
00304300,CHANCELLOR UNIVERSITY                   ,OH,44114-1096,Private      ,10,111,121,22,204,226
00304400,TRINITY LUTHERAN SEMINARY               ,OH,43209-0000,Private      ,0,71,71,0,120,120
00304500,UNIVERSITY OF FINDLAY                   ,OH,45840-3695,Private      ,734,452,1186,2708,905,3613
00304600,FRANKLIN UNIVERSITY                     ,OH,43215-5399,Private      ,302,2139,2441,620,5564,6184
00304606,FRANKLIN UNIVERSITY - NORTHWEST         ,OH,43019-5331,Private      ,1,8,9,3,20,23
00304608,FRANKLIN UNIVERSITY - NORTHEAST         ,OH,43081-1111,Private      ,3,12,15,8,27,35
00304700,HEBREW UNION COLLEGE MAIN CAMPUS        ,OH,45220-0000,Private      ,0,56,56,0,109,109
00304800,HEIDELBERG UNIVERSITY                   ,OH,44883-2462,Private      ,426,110,536,1770,209,1979
00304900,HIRAM COLLEGE                           ,OH,44234-1808,Private      ,451,100,551,1630,181,1811
00305000,JOHN CARROLL UNIVERSITY                 ,OH,44118-4581,Private      ,756,266,1022,3800,605,4405
00305100,KENT STATE UNIV - KENT CAMPUS           ,OH,44242-0001,Public       ,4553,3012,7565,15729,6304,22033
00305101,KENT STATE UNIV - GEAUGA CAMPUS         ,OH,44021-0000,Public       ,90,126,216,225,262,487
00305102,KENT STATE UNIV - STARK CAMPUS          ,OH,44720-0000,Public       ,604,639,1243,1478,1182,2660
00305103,KENT STATE UNIV - TUSCARAWAS CAMPUS     ,OH,44663-0000,Public       ,248,328,576,639,698,1337
00305104,KENT STATE UNIV - TRUMBULL CAMPUS       ,OH,44483-0000,Public       ,183,321,504,593,881,1474
00305105,KENT STATE UNIV - ASHTABULA CAMPUS      ,OH,44004-0000,Public       ,237,377,614,486,758,1244
00305106,KENT STATE UNIV -E.LIVERPOOL CAMPUS     ,OH,43920-0000,Public       ,106,153,259,249,387,636
00305107,KENT STATE UNIV - SALEM CAMPUS          ,OH,44460-0000,Public       ,176,231,407,512,540,1052
00306500,KENYON COLLEGE                          ,OH,43022-9623,Private      ,223,4,227,2459,30,2489
00306600,LAKE ERIE COLLEGE                       ,OH,44077-3389,Private      ,290,125,415,1028,232,1260
00306800,LORAIN COUNTY COMMUNITY COLLEGE         ,OH,44035-1691,Public       ,908,1875,2783,1784,3320,5104
00306900,LOURDES COLLEGE                         ,OH,43560-2898,Private      ,193,568,761,461,1118,1579
00307200,MALONE UNIVERSITY                       ,OH,44709-3897,Private      ,338,410,748,1915,835,2750
00307300,MARIETTA COLLEGE                        ,OH,45750-4033,Private      ,327,51,378,2316,209,2525
00307500,METHODIST THEOLOGICAL SCH IN OHIO       ,OH,43015-0000,Private      ,0,78,78,0,178,178
00307600,MIAMI-JACOBS COLLEGE                    ,OH,45401-0000,Proprietary  ,66,483,549,87,839,926
00307602,MIAMI - JACOBS CAREER COLLEGE - SPRINGBO,OH,45066-1115,Proprietary  ,52,219,271,64,327,391
00307603,MIAMI - JACOBS CAREER COLLEGE - TROY    ,OH,45373-3837,Proprietary  ,47,190,237,86,426,512
00307700,MIAMI UNIVERSITY                        ,OH,45056-1831,Public       ,1889,1060,2949,15123,4020,19143
00307800,WRIGHT STATE UNIVERSITY                 ,OH,45435-0002,Public       ,2039,2183,4222,10085,6447,16532
00308300,MOUNT UNION COLLEGE                     ,OH,44601-3993,Private      ,706,61,767,2900,119,3019
00308400,MUSKINGUM COLLEGE                       ,OH,43762-1199,Private      ,556,221,777,2067,347,2414
00308500,NOTRE DAME COLLEGE OF OHIO              ,OH,44121-4293,Private      ,406,412,818,1094,698,1792
00308600,OBERLIN COLLEGE                         ,OH,44074-1090,Private      ,740,36,776,4476,105,4581
00308800,OHIO COLLEGE OF PODIATRIC MEDICINE      ,OH,44131-7304,Private      ,1,178,179,5,399,404
00308900,OHIO NORTHERN UNIVERSITY                ,OH,45810-1555,Private      ,772,373,1145,3582,1060,4642
00309000,OHIO STATE UNIVERSITY-ALL CAMPUSES      ,OH,43210-1358,Public       ,5284,4442,9726,38028,19573,57601
00310000,OHIO UNIVERSITY                         ,OH,45701-2979,Public       ,2902,1310,4212,16357,3624,19981
00310002,"OHIO UNIVERSITY, ZANESVILLE CAMPUS      ",OH,43701-0000,Public       ,175,241,416,832,833,1665
00310003,"OHIO UNIVERSITY, LANCASTER CAMPUS       ",OH,43130-0000,Public       ,211,297,508,670,681,1351
00310004,"OHIO UNIVERSITY, SOUTHERN CAMPUS        ",OH,45638-0000,Public       ,164,320,484,550,827,1377
00310005,"OHIO UNIVERSITY, CHILLICOTHE CAMPUS     ",OH,45601-0000,Public       ,189,389,578,586,973,1559
00310006,"OHIO UNIVERSITY, EASTERN CAMPUS         ",OH,43950-0000,Public       ,92,72,164,348,159,507
00310008,OHIO UNIV COLL OF OSTEOPATHIC MED       ,OH,45701-0000,Public       ,1,285,286,8,448,456
00310900,OHIO WESLEYAN UNIVERSITY                ,OH,43015-2398,Private      ,150,23,173,2633,86,2719
00311000,OTTERBEIN COLLEGE                       ,OH,43081-2006,Private      ,729,291,1020,3483,679,4162
00311300,PONTIFICAL COLLEGE JOSEPHINUM           ,OH,43235-1498,Private      ,6,8,14,18,18,36
00311401,FIRELANDS REGIONAL MEDICAL CENTER       ,OH,44870-4788,Private      ,20,36,56,54,99,153
00311500,RABBINICAL COLLEGE OF TELSHE            ,OH,44092-2584,Private      ,1,0,1,1,0,1
00311600,UNIV OF RIO GRANDE                      ,OH,45674-3131,Private      ,317,393,710,1451,940,2391
00311900,SINCLAIR COMMUNITY COLLEGE              ,OH,45402-1460,Public       ,2076,4394,6470,4163,7710,11873
00312100,TIFFIN UNIVERSITY                       ,OH,44883-2161,Private      ,424,509,933,1559,1111,2670
00312200,UNITED THEOLOGICAL SEMINARY             ,OH,45406-0000,Private      ,0,75,75,0,117,117
00312300,UNIVERSITY OF AKRON                     ,OH,44325-6211,Public       ,4351,3982,8333,14951,9072,24023
00312500,UNIVERSITY OF CINCINNATI                ,OH,45221-0125,Public       ,4587,4667,9254,16451,11199,27650
00312504,UNIV OF CINCINNATI-CLG MEDICINE         ,OH,45267-0552,Public       ,26,393,419,94,781,875
00312700,UNIVERSITY OF DAYTON                    ,OH,45469-0002,Private      ,1067,1039,2106,9195,2627,11822
00313100,UNIVERSITY OF TOLEDO                    ,OH,43606-3390,Public       ,3975,2552,6527,13646,5501,19147
00313101,UNIVERSITY OF TOLEDO - HEALTH SCIENCE CA,OH,43614-2598,Public       ,92,639,731,450,1354,1804
00313300,URBANA UNIVERSITY                       ,OH,43078-2091,Private      ,330,192,522,839,358,1197
00313400,URSULINE COLLEGE                        ,OH,44124-4398,Private      ,209,380,589,715,812,1527
00313500,WALSH UNIVERSITY                        ,OH,44720-3396,Private      ,346,275,621,2260,746,3006
00314100,WILBERFORCE UNIVERSITY                  ,OH,45384-1001,Private      ,277,149,426,1113,401,1514
00314200,WILMINGTON COLLEGE                      ,OH,45177-2499,Private      ,458,141,599,1748,333,2081
00314300,WITTENBERG UNIVERSITY                   ,OH,45501-2199,Private      ,293,50,343,2756,153,2909
00314400,XAVIER UNIVERSITY                       ,OH,45207-1035,Private      ,643,907,1550,4549,1905,6454
00314500,YOUNGSTOWN STATE UNIVERSITY             ,OH,44555-0001,Public       ,1991,1952,3943,7074,4564,11638
00398200,CLEVELAND INSTITUTE OF ART              ,OH,44106-1700,Private      ,164,48,212,680,119,799
00406000,WINEBRENNER THEOLOGICAL SEMINARY        ,OH,45840-0000,Private      ,0,23,23,0,31,31
00485200,CLARK STATE COMMUNITY COLLEGE           ,OH,45505-4795,Public       ,384,1024,1408,785,2253,3038
00485300,BRADFORD SCHOOL                         ,OH,43219-0000,Proprietary  ,297,205,502,402,318,720
00485500,DAVIS COLLEGE                           ,OH,43623-4307,Proprietary  ,44,257,301,65,413,478
00486100,UNIVERSITY OF NORTHWESTERN OHIO         ,OH,45805-1498,Private      ,1036,351,1387,3117,645,3762
00486600,STAUTZENBERGER COLLEGE                  ,OH,43537-4007,Proprietary  ,111,510,621,159,715,874
00510200,SCH OF DIAGNOSTIC IMAGING-CLEVELAND     ,OH,44119-0000,Private      ,3,17,20,6,25,31
00512700,BROWN MACKIE COLLEGE-CINCINNATI         ,OH,45215-1107,Proprietary  ,460,2076,2536,643,2892,3535
00512728,BROWN MACKIE COLLEGE-CINCINNATI - LANDMA,OH,45215-1231,Proprietary  ,5,16,21,5,16,21
00521000,CLEVELAND INSTITUTE OF ELECTRONICS      ,OH,44114-0000,Proprietary  ,4,63,67,5,84,89
00531300,NORTH CENTRAL STATE COLLEGE             ,OH,44901-0000,Public       ,336,838,1174,738,1474,2212
00575300,OWENS STATE COMMUNITY COLLEGE           ,OH,43699-0000,Public       ,1536,3191,4727,3156,5610,8766
00648700,AULTMAN COLLEGE OF NURSING AND HEALTH SC,OH,44710-1799,Private      ,36,103,139,93,197,290
00648900,CHRIST HOSP SCH OF NURSING              ,OH,45219-2989,Private      ,0,0,0,30,30,60
00649400,GOOD SAMARITAN COLG-NURSING/HEALTH      ,OH,45220-2489,Private      ,63,128,191,146,230,376
00649800,MERIDIA HURON SCHOOL OF NURSING         ,OH,44112-4308,Private      ,19,145,164,37,265,302
00650700,TRINIT HEALTH SYSTEM SCH OF NURSING     ,OH,43952-2667,Private      ,16,34,50,45,80,125
00680400,LAKELAND COMMUNITY COLLEGE              ,OH,44094-5198,Public       ,811,1674,2485,1668,3179,4847
00686700,COLUMBUS STATE COMMUNITY COLLEGE        ,OH,43215-1786,Public       ,3121,6452,9573,6620,12470,19090
00703500,KETTERING COLLEGE OF MEDICAL ARTS       ,OH,45429-1299,Private      ,126,208,334,355,486,841
00708500,MOUNT VERNON NAZARENE UNIVERSITY        ,OH,43050-9500,Private      ,404,186,590,1428,353,1781
00708501,MOUNT VERNON NAZARENE UNIV - AGS        ,OH,43050-0000,Private      ,14,332,346,36,505,541
00727500,JEFFERSON COMMUNITY COLLEGE             ,OH,43952-3598,Public       ,290,360,650,513,643,1156
00747300,CHOFFIN CAREER & TECHNICAL CENTER       ,OH,44503-1628,Public       ,21,87,108,33,153,186
00759800,HOCKING TECHNICAL COLLEGE               ,OH,45764-9582,Public       ,1102,995,2097,2511,2024,4535
00777700,REMINGTON COLLEGE - CLEVELAND CAMPUS    ,OH,44125-1957,Proprietary  ,99,412,511,125,565,690
00777704,REMINGTON COLLEGE-CLEVELAND WEST CAMPUS ,OH,44070-3129,Proprietary  ,53,175,228,62,229,291
00812900,ADULT AND COMMUNITY EDUCATION @ HUDSON  ,OH,43211-2017,Public       ,4,108,112,7,192,199
00813200,TOLEDO SCHOOL OF PRACTICAL NURSING      ,OH,43613-5110,Public       ,28,139,167,53,224,277
00813300,ZANE STATE COLLEGE                      ,OH,43701-2626,Public       ,323,575,898,737,1223,1960
00819400,AKRON SCHOOL OF PRACTICAL NRSG          ,OH,44311-0000,Public       ,23,93,116,48,132,180
00827800,TERRA COMMUNITY COLLEGE                 ,OH,43420-9670,Public       ,227,465,692,440,800,1240
00867700,NORTHWEST STATE COMMUNITY COLLEGE       ,OH,43502-9542,Public       ,352,745,1097,678,1315,1993
00888600,PORTAGE LAKES CAREER CENTER             ,OH,44232-0000,Public       ,4,37,41,13,74,87
00908800,ITT TECHNICAL INSTITUTE                 ,OH,45414-3456,Proprietary  ,264,597,861,341,727,1068
00915600,WAYNE COUNTY SCHOOLS CAREER CENTER      ,OH,44677-9672,Public       ,17,72,89,24,118,142
00917200,SPRINGFIELD REGIONAL SCHOOL OF NURSING  ,OH,45501-1228,Private      ,22,67,89,42,115,157
00941200,NATIONAL INSTITUTE OF TECHNOLOGY        ,OH,44221-2998,Proprietary  ,131,320,451,184,419,603
00945101,BROWN MACKIE COLLEGE-NORTH CANTON       ,OH,44720-0000,Proprietary  ,87,477,564,130,790,920
00953000,GERBER AKRON BEAUTY SCHOOL              ,OH,44333-3714,Proprietary  ,2,19,21,3,34,37
00953100,SPA SCHOOL (THE)                        ,OH,43214-1524,Proprietary  ,7,22,29,13,48,61
00966000,TIFFIN ACADEMY OF HAIR DESIGN           ,OH,44883-2833,Proprietary  ,16,26,42,21,42,63
00983700,ITT TECHNICAL INSTITUTE                 ,OH,44509-4098,Proprietary  ,420,780,1200,535,984,1519
00994100,BELMONT TECHNICAL COLLEGE               ,OH,43950-9766,Public       ,240,446,686,632,788,1420
00994200,SHAWNEE STATE UNIVERSITY                ,OH,45662-4344,Public       ,787,605,1392,2891,1213,4104
01001700,PAYNE THEOLOGICAL SEMINARY              ,OH,45384-0474,Private      ,0,43,43,0,57,57
01002700,JAMES A. RHODES STATE COLLEGE           ,OH,45804-3597,Public       ,402,932,1334,1064,1649,2713
01016800,NATIONWIDE BEAUTY ACADEMY               ,OH,43228-1000,Proprietary  ,72,130,202,106,210,316
01028000,OHIO STATE BEAUTY ACADEMY               ,OH,45801-4950,Proprietary  ,28,49,77,47,57,104
01032300,HANNAH E MULLINS SCH-PRAC NRSG          ,OH,44460-2906,Public       ,5,36,41,8,68,76
01034500,CINCINNATI STATE TECH & COMM CLG        ,OH,45223-2690,Public       ,996,2397,3393,2398,4682,7080
01045300,WASHINGTON STATE CMTY COLLEGE           ,OH,45750-9225,Public       ,211,382,593,586,724,1310
01063000,NORTHERN INSTITUTE OF COSMETOLOGY       ,OH,44052-1803,Proprietary  ,2,16,18,4,21,25
01073600,MARION TECHNICAL COLLEGE                ,OH,43302-5694,Public       ,204,466,670,448,904,1352
01088000,CHATFIELD COLLEGE                       ,OH,45118-9705,Private      ,17,61,78,35,96,131
01088100,STARK STATE COLLEGE OF TECHNOLOGY       ,OH,44720-7299,Public       ,960,2254,3214,1877,4162,6039
01090600,CINCINNATI CLG OF MORTUARY SCIENCE      ,OH,45224-1428,Private      ,22,44,66,55,88,143
01092300,UNION INSTITUTE & UNIVERSITY            ,OH,45206-1925,Private      ,11,560,571,21,1063,1084
01096200,MOORE UNIV OF HAIR DESIGN               ,OH,45213-0000,Proprietary  ,1,9,10,1,11,12
01099300,HOBART INSTITUTE OF WELDING TECHNOLOGY  ,OH,45373-2400,Private      ,55,44,99,131,72,203
01100500,KAPLAN COLLEGE                          ,OH,43232-4827,Proprietary  ,56,268,324,99,497,596
01104600,CENTRAL OHIO TECHNICAL COLLEGE          ,OH,43055-1767,Public       ,282,907,1189,949,3002,3951
01170300,PENTA COUNTY JOINT VOCATIONAL SCH       ,OH,43551-0000,Public       ,8,23,31,14,36,50
01174400,NATIONAL BEAUTY COLLEGE                 ,OH,44720-0000,Proprietary  ,9,38,47,16,61,77
01174500,OHIO TECHNICAL COLLEGE                  ,OH,44103-1228,Proprietary  ,382,108,490,922,206,1128
01182500,OHIO STATE SCHOOL OF COSMETOLOGY        ,OH,43224-1107,Proprietary  ,14,27,41,31,49,80
01212800,SOUTHWESTERN COLLEGE                    ,OH,45402-3003,Proprietary  ,65,460,525,90,652,742
01212802,SOUTHWESTERN COLLEGE                    ,OH,45005-2267,Proprietary  ,14,165,179,16,203,219
01212803,SOUTHWESTERN COLLEGE                    ,OH,45202-4304,Proprietary  ,49,373,422,62,539,601
01212804,SOUTHWESTERN COLLEGE                    ,OH,45246-3121,Proprietary  ,74,593,667,96,821,917
01216600,CAROUSEL BEAUTY COLLEGE                 ,OH,45402-8935,Proprietary  ,8,33,41,11,49,60
01224800,CENTRAL SCHOOL OF PRACTICAL NURSING     ,OH,44103-4371,Private      ,18,111,129,24,168,192
01267200,CAROUSEL BEAUTY COLLEGE                 ,OH,45044-5113,Proprietary  ,2,10,12,6,13,19
01267400,CAROUSEL OF MIAMI VALLEY BEAUTY CLG     ,OH,45424-2063,Proprietary  ,0,2,2,0,3,3
01275000,EDISON COMMUNITY COLLEGE                ,OH,45356-9239,Public       ,311,554,865,641,1196,1837
01283800,LAURA AND ALVIN SIEGAL COLLEGE OF JUDAIC,OH,44122-7197,Private      ,0,1,1,0,5,5
01284800,MOLER-HOLLYWOOD BEAUTY COLLEGE          ,OH,45202-2577,Proprietary  ,5,22,27,8,29,37
01287000,SOUTHERN STATE COMMUNITY COLLEGE        ,OH,45133-9406,Public       ,251,619,870,550,1140,1690
01289100,ANTONELLI COLLEGE                       ,OH,45202-2592,Proprietary  ,92,352,444,132,472,604
01289600,VIRGINIA MARTI COLLEGE OF ART AND DESIGN,OH,44107-0778,Proprietary  ,80,62,142,148,102,250
01313200,INTERNATIONAL CLG OF BROADCASTING       ,OH,45431-1898,Proprietary  ,18,47,65,37,73,110
02052000,OHIO INST OF PHOTOGRAPHY & TECHNOLOGY   ,OH,45439-1984,Proprietary  ,123,287,410,229,478,707
02054300,TRUMBULL BUSINESS COLLEGE               ,OH,44484-0000,Proprietary  ,39,193,232,53,259,312
02056800,DAYMAR COLLEGE                          ,OH,45601-1038,Proprietary  ,25,226,251,25,245,270
02056802,DAYMAR COLLEGE - LANCASTER              ,OH,43130-0000,Proprietary  ,1,4,5,2,9,11
02056803,DAYMAR COLLEGE - NEW BOSTON             ,OH,45662-4900,Proprietary  ,0,2,2,0,4,4
02056804,DAYMAR COLLEGE - JACKSON                ,OH,45640-1728,Proprietary  ,0,5,5,1,7,8
02066100,OHIO STATE COLLEGE/BARBER STYLING       ,OH,43213-0000,Proprietary  ,10,38,48,27,63,90
02069500,AKRON INSTITUTE                         ,OH,44306-0000,Proprietary  ,73,414,487,111,643,754
02073300,GALLIA-JACKSON-VINTON SCH ADULT ED      ,OH,45674-0000,Public       ,8,62,70,26,117,143
02077800,CENTURY SCHOOL OF COSMETOLOGY           ,OH,43952-0000,Proprietary  ,0,0,0,1,2,3
02110700,CLEVELAND INST OF DENTAL-MED ASST       ,OH,44115-2285,Proprietary  ,38,201,239,53,303,356
02116009,SANFORD-BROWN COLLEGE - MIDDLEBURG HEIGH,OH,44130-8362,Proprietary  ,108,444,552,170,744,914
02116900,UPPER VALLEY JVS                        ,OH,45356-0000,Public       ,11,97,108,12,150,162
02117300,GREAT OAKS INSTITUTE OF TECHNOLOGY      ,OH,45241-1581,Public       ,60,323,383,110,552,662
02128600,THE ART INSTITUTE OF CINCINNATI         ,OH,45246-0000,Proprietary  ,70,37,107,174,58,232
02140700,COMMUNITY EDUCATIONAL SERVICES          ,OH,44702-1710,Public       ,13,91,104,21,132,153
02152100,ACADEMY OF COURT REPORTING              ,OH,44115-0000,Proprietary  ,107,969,1076,121,1270,1391
02158500,OHIO BUSINESS COLLEGE                   ,OH,44055-0000,Proprietary  ,16,178,194,25,223,248
02158501,OHIO BUSINESS COLLEGE                   ,OH,44870-9953,Proprietary  ,28,130,158,40,191,231
02163900,BEATRICE ACADEMY OF BEAUTY              ,OH,44106-0000,Proprietary  ,6,10,16,9,25,34
02168100,TRI-COUNTY JOINT VOCATIONAL SCHOOL      ,OH,45764-0000,Public       ,7,26,33,8,42,50
02187900,ASHTABULA CO JOINT VOC SCH ADULT ED     ,OH,44047-0000,Public       ,11,56,67,16,86,102
02189000,ADULT CENTER FOR EDUCATION              ,OH,43701-0000,Public       ,13,75,88,25,106,131
02190700,RETS TECH CENTER                        ,OH,45459-0000,Proprietary  ,96,467,563,158,896,1054
02192100,BUTLER TECHNOLOGY AND CAREER DEVELOPMENT,OH,45011-0000,Public       ,35,134,169,76,224,300
02196300,COLLINS CAREER CENTER                   ,OH,45619-0000,Public       ,36,132,168,94,239,333
02210800,MEDINA COUNTY CAREER CENTER             ,OH,44256-0000,Public       ,10,31,41,13,53,66
02215400,OHIO STATE SCHOOL OF COSMETOLOGY        ,OH,43207-0000,Proprietary  ,12,25,37,34,51,85
02220500,GOD'S BIBLE SCHOOL & COLLEGE            ,OH,45210-0000,Private      ,73,18,91,118,23,141
02220800,CAREER & TECHNOLOGY EDUCATION CENTERS OF,OH,43055-0000,Public       ,6,34,40,13,73,86
02239800,PIONEER CAREER & TECHNOLOGY CENTER      ,OH,44875-0000,Public       ,0,9,9,2,10,12
02245600,WARREN COUNTY CAREER CENTER             ,OH,45036-0000,Public       ,3,30,33,6,43,49
02246300,INSTITUTE OF MEDICAL-DENTAL TECH        ,OH,45246-3317,Proprietary  ,23,57,80,28,63,91
02263700,MIAMI VALLEY CAREER TECHNOLOGY CTR      ,OH,45315-0000,Public       ,24,127,151,41,198,239
02269400,EASTERN HILLS ACAD OF HAIR DESIGN       ,OH,45255-0000,Proprietary  ,9,28,37,10,39,49
02269500,WESTERN HILLS SCHOOL OF BEAUTY & HAIR DE,OH,45211-0000,Proprietary  ,20,60,80,28,124,152
02270100,OHIO HI-POINT CAREER CENTER             ,OH,43311-0000,Public       ,17,85,102,24,131,155
02272700,COLUMBIANA COUNTY CAREER CENTER         ,OH,44432-0000,Public       ,10,56,66,16,82,98
02287900,RAPHAEL'S SCHOOL OF BEAUTY CULTURE      ,OH,44446-0000,Proprietary  ,16,40,56,22,48,70
02289802,KAPLAN COLLEGE                          ,OH,45203-0000,Proprietary  ,1,12,13,1,12,13
02301400,OHIO VALLEY COLLEGE OF TECHNOLOGY       ,OH,43920-0000,Proprietary  ,23,68,91,33,97,130
02303600,BOHECKER'S BUSINESS COLLEGE             ,OH,44266-0000,Proprietary  ,98,238,336,147,421,568
02304700,TRI-RIVERS CAREER CENTER                ,OH,43302-0000,Public       ,13,78,91,24,137,161
02311200,AMERICAN SCHOOL OF TECHNOLOGY           ,OH,43229-0000,Proprietary  ,11,81,92,15,103,118
02315500,TOLEDO ACADEMY OF BEAUTY CULTURE - EAST ,OH,43612-0000,Proprietary  ,17,53,70,21,69,90
02328500,MOLER-PICKENS BEAUTY COLLEGE            ,OH,45014-0000,Proprietary  ,0,7,7,2,9,11
02334300,INTERNATIONAL ACAD OF HAIR DESIGN       ,OH,45239-0000,Proprietary  ,20,14,34,30,23,53
02336300,KNOX COUNTY CAREER CENTER               ,OH,43050-4298,Public       ,20,92,112,32,160,192
02336700,CUYAHOGA VALLEY CAREER CENTER           ,OH,44141-1296,Public       ,20,73,93,33,140,173
02337700,PROFESSIONAL SKILLS INSTITUTE           ,OH,43607-0000,Proprietary  ,36,276,312,69,495,564
02351500,WILLOUGHBY EASTLAKE SCH OF PRAC NSG     ,OH,44094-0000,Public       ,7,65,72,9,85,94
02352800,POLARIS CAREER CENTER-ADULT ED DEPT     ,OH,44130-0000,Public       ,7,57,64,15,70,85
02354200,SCIOTO COUNTY JOINT VOCATIONAL SCH      ,OH,45648-0000,Public       ,26,125,151,35,163,198
02454400,NORTHEASTERN OHIO UNIVS COL OF MED      ,OH,44272-0000,Public       ,7,334,341,91,650,741
02497800,GREENE COUNTY CAREER CENTER             ,OH,45385-0000,Public       ,6,29,35,11,48,59
02512600,ADULT VOCATIONAL SERVICES               ,OH,44308-0000,Public       ,1,16,17,2,22,24
02519300,OHIO STATE SCH COSMETOLOGY              ,OH,43068-0000,Proprietary  ,4,9,13,5,20,25
02522700,EASTLAND-FAIRFIELD CAREER AND TECHNICAL ,OH,43125-0000,Public       ,19,83,102,25,116,141
02528300,TDDS TECHNICAL INSTITUTE                ,OH,44429-0000,Proprietary  ,14,105,119,26,151,177
02529500,HAMRICK SCHOOL                          ,OH,44256-0000,Proprietary  ,4,37,41,6,41,47
02541400,TOLEDO ACADEMY OF BEAUTY CULTURE-SO     ,OH,43614-0000,Proprietary  ,12,44,56,17,61,78
02545800,INNER STATE BEAUTY SCHOOLS              ,OH,44124-0000,Proprietary  ,18,66,84,26,116,142
02553000,SCHOOL OF ADVERTISING ART               ,OH,45440-0000,Proprietary  ,117,12,129,195,16,211
02560000,CASAL AVEDA INSTITUTE                   ,OH,44515-0000,Proprietary  ,28,21,49,42,28,70
02560700,PICKAWAY ROSS CO JOINT VOC TECH SCH     ,OH,45601-0000,Public       ,15,84,99,26,149,175
02562300,APOLLO CAREER CENTER-ADULT EDUC         ,OH,45806-0000,Public       ,26,135,161,45,239,284
02563000,RAPHAELS SCHOOL OF BEAUTY CULTURE       ,OH,44601-2847,Proprietary  ,12,25,37,16,30,46
02568600,MAHONING COUNTY CAREER & TECH CENTR     ,OH,44406-0000,Public       ,0,17,17,3,29,32
02582900,KAPLAN CAREER INSTITUTE                 ,OH,44129-6810,Proprietary  ,62,243,305,80,344,424
02586400,TRUMBULL CAREER & TECH CENTER-ADULT     ,OH,44483-1997,Public       ,24,110,134,32,173,205
02588500,OHIO STATE SCHOOL OF COSMETOLOGY        ,OH,43081-0000,Proprietary  ,22,35,57,44,47,91
02599711,VATTEROTT COLLEGE - CLEVELAND           ,OH,44147-3502,Proprietary  ,10,139,149,16,162,178
02603800,LORAIN COUNTY JVS ADULT CAREER CTR      ,OH,44074-9799,Public       ,5,16,21,5,23,28
02616200,BROWN MACKIE COLLEGE-FINDLAY            ,OH,45840-6848,Proprietary  ,219,687,906,378,959,1337
02616201,BROWN MACKIE COLLEGE-FINDLAY - ART INSTI,OH,45249-3317,Proprietary  ,1,3,4,27,12,39
02620000,SANDUSKY CAREER CENTER                  ,OH,44870-4786,Public       ,7,42,49,17,82,99
03007900,GALLIPOLIS CAREER COLLEGE               ,OH,45631-2600,Proprietary  ,6,96,102,8,133,141
03015100,ALLIANCE HIGH SCH-CMTY SERVICES DIV     ,OH,44601-2899,Public       ,6,39,45,10,45,55
03015300,EHOVE CAREER CENTER                     ,OH,44846-9500,Public       ,19,116,135,33,212,245
03023700,MADISON ADULT CAREER CENTER             ,OH,44905-2718,Public       ,1,38,39,6,52,58
03024300,VALLEY BEAUTY SCHOOL                    ,OH,43725-2332,Proprietary  ,4,7,11,10,10,20
03027100,FAIRVIEW ACADEMY                        ,OH,44126-2214,Proprietary  ,3,19,22,5,23,28
03034200,WASHINGTON COUNTY CAREER CENTER ADULT TE,OH,45750-9290,Public       ,9,55,64,30,93,123
03051400,AUBURN CAREER CENTER                    ,OH,44077-9723,Public       ,10,59,69,22,101,123
03051500,US GRANT JOINT VOCATIONAL SCHOOL        ,OH,45106-9502,Public       ,1,8,9,1,11,12
03065800,OHIO INSTITUTE OF HEALTH CAREERS        ,OH,44035-2394,Proprietary  ,31,145,176,45,170,215
03065900,BUCKEYE CAREER CENTER                   ,OH,44663-9437,Public       ,27,82,109,42,144,186
03067600,RAPHAEL'S SCHOOL OF BEAUTY CULTURE      ,OH,44512-2222,Proprietary  ,6,12,18,6,14,20
03068200,OHIO CENTER FOR BROADCASTING            ,OH,44125-4220,Proprietary  ,51,153,204,73,181,254
03071900,MOUNT CARMEL COLLEGE OF NURSING         ,OH,43222-1598,Private      ,137,210,347,493,484,977
03072303,EVEREST INSTITUTE - COLUMBUS            ,OH,43230-6653,Proprietary  ,27,230,257,40,299,339
03078000,OHIO CENTER FOR BROADCASTING            ,OH,45227-1509,Proprietary  ,6,30,36,14,38,52
03079000,ETI TECHNICAL COLLEGE                   ,OH,44446-4398,Proprietary  ,44,117,161,58,151,209
03084800,DELAWARE AREA CAREER CENTER             ,OH,43015-8969,Public       ,0,3,3,2,7,9
03084801,DELAWARE AREA CAREER CENTER -           ,OH,43015-9001,Public       ,2,4,6,3,8,11
03095600,VANTAGE CAREER CENTER                   ,OH,45891-1378,Public       ,6,34,40,6,73,79
03097000,MERCY COLLEGE OF NORTHWEST OHIO         ,OH,43604-1132,Private      ,139,229,368,356,463,819
03100100,PARAMOUNT BEAUTY ACADEMY                ,OH,45662-4136,Proprietary  ,10,24,34,15,34,49
03105400,CLEVELAND EXTENSION HIGH SCH-WEST       ,OH,44102-2298,Public       ,8,57,65,11,89,100
03116200,DAYTON BARBER COLLEGE                   ,OH,45402-2310,Proprietary  ,12,52,64,16,58,74
03116300,OHIO COLLEGE OF MASSOTHERAPY            ,OH,44321-1363,Private      ,15,74,89,32,101,133
03116400,VANGUARD-SENTINELL VOC SCH DISTRICT     ,OH,43420-1197,Public       ,1,12,13,3,17,20
03117000,ASHLAND COUNTY-W HOLMES CAREER CTR      ,OH,44805-0000,Public       ,3,32,35,8,53,61
03319300,CREATIVE IMAGES-A CERTIFIED MATRIX      ,OH,45414-2557,Proprietary  ,30,85,115,36,110,146
03319301,CREATIVE IMAGES-A CERTIFIED MATRIX      ,OH,45459-0000,Proprietary  ,29,61,90,34,87,121
03416400,VALLEY BEAUTY SCHOOL                    ,OH,43701-3624,Proprietary  ,3,8,11,6,13,19
03425300,ROSEDALE BIBLE COLLEGE                  ,OH,43029-9517,Private      ,24,1,25,50,4,54
03457300,ALLEGHENY WESLEYAN COLLEGE              ,OH,44460-9598,Private      ,11,2,13,20,6,26
03468400,NATIONAL INSTITUTE OF MASSOTHERAPY      ,OH,44319-2100,Proprietary  ,10,42,52,10,51,61
03468500,ATS INSTITUTE OF TECHNOLOGY             ,OH,44143-2216,Proprietary  ,17,240,257,26,348,374
03475400,TRI-STATE BIBLE COLLEGE                 ,OH,45680-8402,Private      ,3,5,8,8,6,14
03534400,AMERICAN INST OF ALTERNATIVE MEDICI     ,OH,43229-1113,Proprietary  ,7,57,64,7,89,96
03578300,TRI-STATE COLLEGE                       ,OH,44452-8535,Proprietary  ,7,15,22,13,29,42
03586400,MED CENTRAL COLLEGE OF NURSING          ,OH,44903-2265,Private      ,88,71,159,264,191,455
03626300,BROWN AVEDA INSTITUTE                   ,OH,44060-6212,Proprietary  ,54,53,107,84,96,180
03693300,CARNEGIE INST OF INTEGRATIVE MED/MASSOTH,OH,44260-9608,Private      ,3,16,19,3,18,21
03700300,REGENCY BEAUTY INSTITUTE - CLEVELAND    ,OH,44094-0000,Proprietary  ,11,32,43,17,47,64
03726300,TEMPLE BAPTIST COLLEGE                  ,OH,45240-0000,Private      ,2,4,6,2,5,7
03747300,BEXLEY HALL SEMINARY                    ,OH,43209-2325,Private      ,0,4,4,0,4,4
03776400,HEALING ARTS INSTITUTE                  ,OH,43551-3138,Proprietary  ,0,11,11,6,27,33
03837300,AVEDA FREDRIC'S INSTITUTE               ,OH,45208-1304,Proprietary  ,30,17,47,48,27,75
03882300,OREGON CAREER CENTER                    ,OH,43616-2631,Public       ,0,3,3,2,9,11
04074300,HONDROS COLLEGE                         ,OH,43081-3855,Proprietary  ,12,114,126,20,187,207
04116700,NEWLIFE TECHNICAL INSTITUTE             ,OH,43920-2920,Private      ,1,2,3,1,2,3
04117300,DAYTON SCHOOL OF MEDICAL MASSAGE        ,OH,45429-1111,Proprietary  ,60,181,241,73,250,323
04118300,NORTHCOAST MEDICAL TRAINING ACADEMY     ,OH,44240-4174,Proprietary  ,39,55,94,48,71,119
04124500,TECHSKILLS                              ,OH,43231-0000,Proprietary  ,0,18,18,0,18,18
04125700,CUT BEAUTY SCHOOL (THE)                 ,OH,44118-2918,Proprietary  ,7,13,20,8,24,32
        ,INVALID SCHOOL CODE                     ,  ,00000-0000,,2731,2931,5662,5085,5122,10207
00134500,ADAMS STATE COLLEGE                     ,CO,81102-2373,Public       ,478,521,999,1564,943,2507
00134600,ARAPAHOE COMMUNITY COLLEGE              ,CO,80160-9002,Public       ,433,1172,1605,870,1900,2770
00134700,COLORADO COLLEGE                        ,CO,80903-3294,Private      ,147,66,213,2561,191,2752
00134800,COLORADO SCHOOL OF MINES                ,CO,80401-1887,Public       ,384,180,564,3576,497,4073
00134900,UNIVERSITY OF NORTHERN COLORADO         ,CO,80639-0001,Public       ,1345,796,2141,7223,2459,9682
00135000,COLORADO STATE UNIVERSITY               ,CO,80523-0100,Public       ,3052,1867,4919,14579,5166,19745
00135200,DENVER  SEMINARY                        ,CO,80120-2192,Private      ,0,179,179,1,466,467
00135300,FORT LEWIS COLLEGE                      ,CO,81301-3999,Public       ,841,303,1144,2733,744,3477
00135400,ILIFF SCHOOL OF THEOLOGY                ,CO,80210-0000,Private      ,0,46,46,1,140,141
00135500,LAMAR COMMUNITY COLLEGE                 ,CO,81052-3999,Public       ,100,96,196,237,151,388
00135800,MESA STATE COLLEGE                      ,CO,81501-7682,Public       ,915,691,1606,2720,1364,4084
00135900,COLORADO NORTHWESTERN COMMUNITY COLLEGE ,CO,81648-3598,Public       ,108,83,191,202,141,343
00136000,METROPOLITAN STATE CLG OF DENVER        ,CO,80204-0000,Public       ,2414,3471,5885,6004,6903,12907
00136100,NORTHEASTERN JUNIOR COLLEGE             ,CO,80751-2399,Public       ,195,109,304,771,227,998
00136200,OTERO JUNIOR COLLEGE                    ,CO,81050-3346,Public       ,135,164,299,338,253,591
00136300,REGIS UNIVERSITY                        ,CO,80221-1099,Private      ,310,2096,2406,1947,5574,7521
00136500,COLORADO STATE UNIVERSITY-PUEBLO        ,CO,81001-4901,Public       ,595,503,1098,2953,1681,4634
00136800,TRINIDAD STATE JR COLLEGE               ,CO,81082-2396,Public       ,167,217,384,330,328,658
00137000,UNIVERSITY OF COLORADO-BOULDER          ,CO,80309-0077,Public       ,3762,1890,5652,17058,6153,23211
00137100,UNIVERSITY OF DENVER                    ,CO,80208-2000,Private      ,685,1744,2429,4985,6880,11865
00137200,WESTERN STATE COLLEGE                   ,CO,81231-0000,Public       ,534,131,665,1724,274,1998
00163202,AQUINAS INSTITUTE OF THEOLOGY - AQUINAS ,CO,80903-1498,Private      ,1,3,4,2,5,7
00405702,NATIONAL AMERICAN UNIVERSITY            ,CO,80918-0000,Proprietary  ,6,66,72,13,101,114
00405703,NATIONAL AMERICAN UNIVERSITY            ,CO,80222-0000,Proprietary  ,4,69,73,7,107,114
00450300,EVEREST COLLEGE                         ,CO,80916-3548,Proprietary  ,19,197,216,26,233,259
00450600,COLORADO MOUNTAIN COLLEGE               ,CO,81602-0000,Public       ,303,184,487,787,405,1192
00450700,EVEREST COLLEGE                         ,CO,80229-4339,Proprietary  ,43,288,331,51,352,403
00450701,"EVEREST COLLEGE- EVEREST COLLEGE, AURORA",CO,80012-5692,Proprietary  ,31,185,216,37,228,265
00450800,UNIVERSITY OF CO ANSCHUTZ MED CAMPUS    ,CO,80045-0000,Public       ,48,878,926,306,2505,2811
00450824,UNIVERSITY OF COLORADO DENVER - AURARIA ,CO,80217-3364,Public       ,1393,2642,4035,4078,6126,10204
00450900,UNIV OF COLORADO AT COLO SPRINGS        ,CO,80918-3735,Public       ,963,1276,2239,3985,2977,6962
00559600,EMILY GRIFFITH OPPORTUNITY SCH          ,CO,80204-2197,Public       ,70,244,314,170,415,585
00729700,REDSTONE COLLEGE                        ,CO,80020-9988,Proprietary  ,110,176,286,174,285,459
00754700,LINCOLN COLLEGE OF TECHNOLOGY           ,CO,80223-2013,Proprietary  ,346,258,604,494,315,809
00754800,WESTWOOD COLLEGE - DENVER NORTH         ,CO,80221-3653,Proprietary  ,740,3205,3945,982,4140,5122
00754801,WESTWOOD COLLEGE - DENVER SOUTH         ,CO,80227-3653,Proprietary  ,82,262,344,123,432,555
00758200,AIMS COMMUNITY COLLEGE                  ,CO,80632-0000,Public       ,365,601,966,921,1374,2295
00764900,ROCKY MOUNTAIN COLG OF ART & DESIGN     ,CO,80214-0000,Proprietary  ,126,38,164,571,150,721
00793300,FRONT RANGE COMMUNITY COLLEGE           ,CO,80031-2199,Public       ,1325,2183,3508,2739,4562,7301
00863500,INTELLITEC MEDICAL INSTITUTE            ,CO,80909-1570,Proprietary  ,19,75,94,27,91,118
00887100,CONCORDE CAREER INSTITUTE               ,CO,80203-0000,Proprietary  ,54,286,340,79,407,486
00889600,PIKES PEAK COMMUNITY COLLEGE            ,CO,80906-5498,Public       ,940,2067,3007,1893,3788,5681
00940100,COLORADO CHRISTIAN UNIVERSITY           ,CO,80226-7449,Private      ,309,610,919,1034,1087,2121
00954200,COMMUNITY COLLEGE OF DENVER             ,CO,80217-2026,Public       ,762,1622,2384,1801,3314,5115
00954300,RED ROCKS COMMUNITY COLLEGE             ,CO,80228-1255,Public       ,496,943,1439,1013,1644,2657
00985500,YESHIVA TORAS CHAIM TALMUDICAL SEM      ,CO,80204-0067,Private      ,0,1,1,1,2,3
00998100,MORGAN COMMUNITY COLLEGE                ,CO,80701-4399,Public       ,73,220,293,148,356,504
01014800,COLORADO TECHNICAL UNIVERSITY           ,CO,80907-3896,Proprietary  ,151,1912,2063,249,3121,3370
01014802,COLORADO TECHNICAL UNIV - DENVER        ,CO,80111-3201,Proprietary  ,65,254,319,96,447,543
01014805,COLORADO TECH UNIV - ON LINE            ,CO,80907-0000,Proprietary  ,521,9713,10234,651,13151,13802
01014806,COLORADO TECH UNIV - FED EXPRESS        ,CO,80921-3800,Proprietary  ,5,13,18,9,23,32
01014807,COLORADO TECH UNIV - MCI WORLD COM      ,CO,80919-3172,Proprietary  ,2,5,7,2,8,10
01014808,COLORADO TECH UNIV - USAA               ,CO,80920-1005,Proprietary  ,1,1,2,5,3,8
01014810,COLORADO TECH UNIV - PETERSON AFB       ,CO,80914-1586,Proprietary  ,1,1,2,1,2,3
01014811,COLORADO TECH UNIV-HEWLETT PACKARD      ,CO,80919-2303,Proprietary  ,0,4,4,1,6,7
01014812,COLORADO TECHNICAL UNIVERSITY - WESTMINS,CO,80021-3498,Proprietary  ,67,265,332,98,441,539
01014813,COLORADO TECH UNIV - ORACLE             ,CO,80921-3660,Proprietary  ,0,3,3,0,5,5
01014815,COLORADO TECHNCL UNIV PUEBLO            ,CO,81003-2315,Proprietary  ,26,163,189,37,262,299
01070900,ARTISTIC BEAUTY COLLEGES-LAKEWOOD       ,CO,80215-0000,Proprietary  ,12,41,53,12,45,57
01073200,SAN JUAN BASINTECHNICAL COLLEGE         ,CO,81328-9196,Public       ,15,30,45,22,47,69
01157200,COLORADO SCHOOL OF TRADES               ,CO,80215-2996,Proprietary  ,21,53,74,40,81,121
01267000,BEL-REA INST OF ANIMAL TECH             ,CO,80247-3048,Proprietary  ,140,213,353,251,414,665
01285000,INTERNATIONAL SALON AND SPA ACADEMY     ,CO,80918-3684,Proprietary  ,31,64,95,34,70,104
01287500,PICKENS TECHNICAL COLLEGE               ,CO,80011-9307,Public       ,62,160,222,95,245,340
01300700,NAZARENE BIBLE COLLEGE                  ,CO,80910-3717,Private      ,14,214,228,29,401,430
02072200,ARTISTIC BEAUTY COLLEGES-DENVER         ,CO,80212-0000,Proprietary  ,15,42,57,19,49,68
02078900,ART INSTITUTE OF COLORADO (THE)         ,CO,80203-2983,Proprietary  ,534,511,1045,1260,1070,2330
02116300,PUEBLO COMMUNITY COLLEGE                ,CO,81004-0000,Public       ,371,1205,1576,721,2102,2823
02117500,NAROPA UNIVERSITY                       ,CO,80302-0000,Private      ,81,257,338,297,991,1288
02133100,COLORADO CENTER FOR MEDICAL LABORATORY S,CO,80218-0000,Private      ,0,18,18,10,32,42
02141100,ARTISTIC BEAUTY COLGS-WESTMINSTER       ,CO,80030-0000,Proprietary  ,30,75,105,32,80,112
02141102,ARTISTIC BEAUTY COLLEGES-LITTLETON      ,CO,80123-3480,Proprietary  ,9,15,24,12,21,33
02141103,ARTISTIC BEAUTY COLLEGES-AURORA         ,CO,80017-3194,Proprietary  ,5,13,18,6,18,24
02156200,DELTA - MONTROSE TECHNICAL COLLEGE      ,CO,81416-0000,Public       ,14,50,64,32,75,107
02160600,EMPIRE BEAUTY SCHOOL -THORNTON          ,CO,80241-1659,Proprietary  ,27,48,75,32,56,88
02165200,SALON PROFESSIONAL ACADEMY (THE)        ,CO,81504-5309,Proprietary  ,9,30,39,16,35,51
02167600,KAPLAN COLLEGE                          ,CO,80229-5309,Proprietary  ,32,150,182,37,194,231
02188700,DENVER ACAD OF COURT REPORTING          ,CO,80030-0000,Proprietary  ,5,24,29,7,26,33
02211901,CHEEKS INTERNATIONAL ACADEMY OF BEAUTY C,CO,80525-3053,Proprietary  ,2,2,4,4,7,11
02211902,CHEEKS INTERNATIONAL ACDMY BTY CULT     ,CO,80631-0000,Proprietary  ,1,1,2,2,2,4
02253700,INTELLITEC COLLEGE                      ,CO,80909-0000,Proprietary  ,29,98,127,36,127,163
02267500,GLENWOOD BEAUTY ACADEMY                 ,CO,81601-0000,Proprietary  ,6,10,16,7,10,17
02276900,COMMUNITY COLLEGE OF AURORA             ,CO,80011-9036,Public       ,406,1025,1431,807,1664,2471
02321700,ITT TECHNICAL INSTITUTE                 ,CO,80229-5338,Proprietary  ,96,257,353,120,293,413
02518500,HAIR DYNAMICS EDUCATION CENTER          ,CO,80525-0000,Proprietary  ,21,36,57,27,45,72
02594300,COLLEGE AMERICA - DENVER                ,CO,80222-3380,Proprietary  ,127,840,967,134,872,1006
02611000,HERITAGE COLLEGE                        ,CO,80212-7413,Proprietary  ,88,194,282,120,311,431
03006300,INST OF BUSINESS & MEDICAL CAREERS      ,CO,80525-3044,Proprietary  ,66,298,364,95,464,559
03012100,REMINGTON COLLEGE - COLORADO SPRINGS CAM,CO,80215-0000,Proprietary  ,15,78,93,24,121,145
03013100,BOULDER COLLEGE OF MASSAGE THERAPY      ,CO,80301-3295,Private      ,23,86,109,50,135,185
03014900,PLATT COLLEGE                           ,CO,80014-3141,Proprietary  ,15,72,87,19,96,115
03027400,XENON INTERNATIONAL ACADEMY III         ,CO,80014-1193,Proprietary  ,9,15,24,14,18,32
03030606,UTAH COLLEGE OF MASSAGE THERAPY - DENVER,CO,80031-2921,Proprietary  ,42,89,131,58,109,167
03030607,UTAH COLLEGE OF MASSAGE THERAPY - DENVER,CO,80012-2523,Proprietary  ,37,86,123,39,95,134
03031603,DPT BUSINESS SCHOOL                     ,CO,80223-0000,Proprietary  ,2,5,7,4,8,12
03066900,INTELLITEC COLLEGE                      ,CO,81506-3994,Proprietary  ,35,116,151,44,126,170
03068201,OHIO CENTER FOR BROADCASTING - COLORADO ,CO,80214-4129,Proprietary  ,11,28,39,13,41,54
03076401,BRYMAN SCHOOL OF ARIZONA (THE) - ANTHEM ,CO,80014-2622,Proprietary  ,3,18,21,11,37,48
03289300,TEIKYO LORETTO HEIGHTS UNIVERSITY       ,CO,80236-2711,Private      ,1,37,38,5,49,54
03306300,MONTESSORI EDUC CRT OF THE ROCKIES      ,CO,80301-2587,Private      ,0,16,16,2,31,33
03534300,JONES INTERNATIONAL UNIVERSITY          ,CO,80112-3446,Proprietary  ,12,707,719,15,1131,1146
03545300,UNIVERSITY OF THE ROCKIES               ,CO,80903-3612,Proprietary  ,7,47,54,16,86,102
03584400,COLORADO SCHOOL OF HEALING ARTS         ,CO,80226-4332,Proprietary  ,13,100,113,25,138,163
03670300,TONI & GUY HAIRDRESSING ACADEMY         ,CO,80911-1713,Proprietary  ,13,30,43,22,40,62
03686300,COLORADO SCHOOL OF TRADITIONAL CHINESE M,CO,80206-2127,Proprietary  ,2,26,28,2,46,48
03972300,CUTTIN' UP BEAUTY ACADEMY               ,CO,80220-0000,Proprietary  ,2,5,7,4,13,17
03976300,MASSAGE THERAPY INSTITUTE OF COLORADO   ,CO,80206-2127,Proprietary  ,5,25,30,14,44,58
04093300,ACADEMY OF NATURAL THERAPY              ,CO,80631-3425,Proprietary  ,4,15,19,9,23,32
04125100,MONTESSORI CENTRE INTERNATIONAL DENVER  ,CO,80111-5263,Private      ,0,2,2,1,4,5
00267811,BRYANT & STRATTON COLLEGE - VIRGINIA BEA,VA,23462-4417,Proprietary  ,91,399,490,188,956,1144
00370200,AVERETT UNIVERSITY                      ,VA,24541-3692,Private      ,353,468,821,1203,783,1986
00370300,BLUEFIELD COLLEGE                       ,VA,24605-1799,Private      ,150,185,335,459,308,767
00370400,BRIDGEWATER COLLEGE                     ,VA,22812-1599,Private      ,231,27,258,2495,82,2577
00370500,COLLEGE OF WILLIAM & MARY               ,VA,23187-8795,Public       ,573,474,1047,8077,3415,11492
00370600,CHRISTOPHER NEWPORT UNIVERSITY          ,VA,23606-2998,Public       ,723,174,897,5743,538,6281
00370700,RICHARD BLAND COLLEGE                   ,VA,23805-7100,Public       ,294,122,416,600,202,802
00370800,EASTERN MENNONITE UNIVERSITY            ,VA,22802-2462,Private      ,273,108,381,876,237,1113
00370900,EMORY & HENRY COLLEGE                   ,VA,24327-0010,Private      ,298,38,336,1230,72,1302
00371100,FERRUM COLLEGE                          ,VA,24088-2612,Private      ,521,62,583,2216,154,2370
00371200,TIDEWATER COMMUNITY COLLEGE             ,VA,23510-1910,Public       ,2274,4206,6480,4929,8418,13347
00371300,HAMPDEN-SYDNEY COLLEGE                  ,VA,23943-0128,Private      ,245,5,250,942,19,961
00371400,HAMPTON UNIVERSITY                      ,VA,23668-0099,Private      ,1514,677,2191,8839,1858,10697
00371500,HOLLINS UNIVERSITY                      ,VA,24020-0000,Private      ,159,172,331,816,422,1238
00371900,LONGWOOD UNIVERSITY                     ,VA,23909-1899,Public       ,764,169,933,3951,438,4389
00372000,LYNCHBURG COLLEGE                       ,VA,24501-3199,Private      ,654,227,881,2678,388,3066
00372100,JAMES MADISON UNIVERSITY                ,VA,22807-3780,Public       ,2132,466,2598,16139,1596,17735
00372300,MARY BALDWIN COLLEGE                    ,VA,24401-3610,Private      ,347,230,577,1094,476,1570
00372400,MARYMOUNT UNIVERSITY                    ,VA,22207-4224,Private      ,410,520,930,1911,1312,3223
00372600,NATIONAL COLLEGE                        ,VA,24153-4524,Proprietary  ,246,2000,2246,330,2997,3327
00372700,NORTHERN VA CMTY CLG                    ,VA,22003-3743,Public       ,2804,3435,6239,5038,5752,10790
00372800,OLD DOMINION UNIVERSITY                 ,VA,23529-0052,Public       ,2969,3132,6101,12785,7598,20383
00373200,RADFORD UNIVERSITY                      ,VA,24142-6905,Public       ,1519,530,2049,7020,1462,8482
00373300,RANDOLPH-MACON COLLEGE                  ,VA,23005-5505,Private      ,393,29,422,1956,73,2029
00373400,RANDOLPH COLLEGE                        ,VA,24503-1526,Private      ,187,33,220,996,74,1070
00373500,VIRGINIA COMMONWEALTH UNIVERSITY        ,VA,23284-9004,Public       ,4164,3666,7830,16560,8844,25404
00373600,ROANOKE COLLEGE                         ,VA,24153-3794,Private      ,410,49,459,2376,118,2494
00373700,SHENANDOAH UNIVERSITY                   ,VA,22601-5195,Private      ,500,578,1078,2008,1359,3367
00373800,SOUTHERN VIRGINIA UNIVERSITY            ,VA,24416-3038,Private      ,253,54,307,603,109,712
00373900,ST PAULS COLLEGE                        ,VA,23868-1299,Private      ,229,125,354,505,232,737
00374200,SWEET BRIAR COLLEGE                     ,VA,24595-9998,Private      ,218,18,236,692,40,732
00374300,UNION THEO SEMINARY & PRESBYTRN SCH     ,VA,23227-0000,Private      ,1,35,36,2,69,71
00374400,UNIVERSITY OF RICHMOND                  ,VA,23173-0001,Private      ,649,521,1170,4452,1922,6374
00374500,UNIVERSITY OF VIRGINIA - SFS            ,VA,22903-0000,Public       ,1639,1910,3549,14641,7963,22604
00374600,UNIVERSITY OF MARY WASHINGTON           ,VA,22401-5358,Public       ,499,189,688,3829,595,4424
00374700,UNIV OF VIRGINIA'S COLLEGE AT WISE      ,VA,24293-4412,Public       ,361,123,484,1572,296,1868
00374800,EASTERN SHORE COMMUNITY COLLEGE         ,VA,23410-3000,Public       ,116,163,279,219,328,547
00374900,GEORGE MASON UNIVERSITY                 ,VA,22030-4444,Public       ,2409,2921,5330,11772,8291,20063
00375100,PATRICK HENRY COMMUNITY COLLEGE         ,VA,24112-5311,Public       ,302,577,879,608,1021,1629
00375200,VIRGINIA INTERMONT COLLEGE              ,VA,24201-4298,Private      ,179,94,273,456,186,642
00375300,VIRGINIA MILITARY INSTITUTE             ,VA,24450-2138,Public       ,300,15,315,1276,37,1313
00375400,VIRGINIA POLYTECH INST & STATE UNIV     ,VA,24061-2000,Public       ,1899,718,2617,21122,3321,24443
00375800,DANVILLE COMMUNITY COLLEGE              ,VA,24541-4004,Public       ,391,710,1101,726,1150,1876
00375900,J. SARGEANT REYNOLDS COMMUNITY CLG      ,VA,23285-0000,Public       ,1233,2214,3447,2275,3995,6270
00376000,VIRGINIA WESTERN CMTY COLLEGE           ,VA,24038-0000,Public       ,559,882,1441,1129,1608,2737
00376100,WYTHEVILLE COMMUNITY COLLEGE            ,VA,24382-3308,Public       ,390,468,858,792,947,1739
00376200,VIRGINIA UNIVERSITY OF LYNCHBURG        ,VA,24501-6400,Private      ,22,67,89,51,93,144
00376400,VIRGINIA STATE UNIVERSITY               ,VA,23806-0001,Public       ,2287,685,2972,7730,1528,9258
00376500,NORFOLK STATE UNIVERSITY                ,VA,23504-8000,Public       ,2175,1517,3692,7062,3444,10506
00376600,VIRGINIA UNION UNIVERSITY               ,VA,23220-1711,Private      ,682,249,931,2001,511,2512
00376700,VIRGINIA WESLEYAN COLLEGE               ,VA,23502-5599,Private      ,359,131,490,1712,338,2050
00376800,WASHINGTON & LEE UNIVERSITY             ,VA,24450-0303,Private      ,359,162,521,2008,1217,3225
00400400,JOHN TYLER COMMUNITY COLLEGE            ,VA,23831-5316,Public       ,694,1222,1916,1322,2089,3411
00450301,"EVEREST COLLEGE- EVEREST COLLEGE, MCLEAN",VA,22102-3000,Proprietary  ,26,95,121,30,117,147
00450702,"EVEREST COLLEGE- EVEREST COLLEGE, ARLING",VA,22203-1905,Proprietary  ,102,349,451,118,409,527
00498800,CENTRAL VIRGINIA COMMUNITY COLLEGE      ,VA,24502-2498,Public       ,388,497,885,791,827,1618
00499200,MILLER-MOTTE TECHNICAL COLLEGE          ,VA,24505-0000,Proprietary  ,30,114,144,32,121,153
00499600,DABNEY S LANCASTER COMMUNITY CLG        ,VA,24422-1000,Public       ,105,116,221,345,270,615
00522300,NEW RIVER COMMUNITY COLLEGE             ,VA,24084-1127,Public       ,433,561,994,897,1024,1921
00607500,ROANOKE MEM HOSP SCH RAD ONCOLOGY       ,VA,24033-0000,Private      ,0,0,0,2,2,4
00607501,ROANOKE MEM HOSP SCH RAD TECH           ,VA,24014-1850,Private      ,0,2,2,3,5,8
00662200,COLLEGE OF HEALTH SCIENCES - CHRV       ,VA,24031-0000,Private      ,138,254,392,382,670,1052
00681900,BLUE RIDGE COMMUNITY COLLEGE            ,VA,24486-0080,Public       ,314,353,667,1069,970,2039
00687100,THOMAS NELSON COMMUNITY COLLEGE         ,VA,23670-0000,Public       ,815,1712,2527,1568,3025,4593
00709900,VIRGINIA HIGHLANDS COMMUNITY CLG        ,VA,24210-4210,Public       ,396,432,828,833,785,1618
00726000,SOUTHWEST VIRGINIA COMMUNITY CLG        ,VA,24641-1510,Public       ,391,534,925,776,866,1642
00859200,LOUISE OBICI SCHOOL OF NURSING          ,VA,23434-8038,Private      ,1,6,7,5,15,20
00859202,SUFFOLK PUB SCH-LOUISE OBICI SCH PN     ,VA,23434-0000,Private      ,0,1,1,0,4,4
00865900,LORD FAIRFAX COMMUNITY COLLEGE          ,VA,22645-0047,Public       ,381,527,908,837,936,1773
00866000,GERMANNA COMMUNITY COLLEGE              ,VA,22508-0339,Public       ,408,583,991,740,1041,1781
00866100,SOUTHSIDE VIRGINIA CMTY CLG             ,VA,23821-2930,Public       ,459,709,1168,735,1044,1779
00915900,PAUL D CAMP COMMUNITY COLLEGE           ,VA,23851-0737,Public       ,98,261,359,212,483,695
00916000,RAPPAHANNOCK COMMUNITY COLLEGE          ,VA,23149-2616,Public       ,175,242,417,358,422,780
00926700,EVEREST COLLEGE                         ,VA,23606-4203,Proprietary  ,32,216,248,41,287,328
00926701,EVEREST COLLEGE - CHESAPEAKE            ,VA,23320-2637,Proprietary  ,42,263,305,63,378,441
00942000,SANFORD-BROWN COLLEGE                   ,VA,22182-3913,Proprietary  ,123,176,299,227,337,564
00953500,STAUNTON SCHOOL OF COSMETOLOGY          ,VA,24401-4323,Proprietary  ,6,9,15,8,10,18
00953700,VIRGINIA SCH OF HAIR DESIGN             ,VA,23669-0000,Proprietary  ,9,56,65,9,66,75
00962900,MOUNTAIN EMPIRE COMMUNITY COLLEGE       ,VA,24219-0700,Public       ,343,623,966,733,888,1621
00992800,PIEDMONT VIRGINIA COMMUNITY COLLEGE     ,VA,22902-7589,Public       ,346,433,779,773,890,1663
01004300,BON SECOURS MEMORIAL SCH OF NURSING     ,VA,23227-4612,Private      ,37,149,186,83,296,379
01019800,ECPI COLLEGE OF TECHNOLOGY              ,VA,23462-6542,Proprietary  ,733,2386,3119,1067,3618,4685
01033800,EASTERN VIRGINIA MEDICAL SCHOOL         ,VA,23501-1980,Private      ,3,308,311,14,1042,1056
01159600,RALPH'S VIRGINIA SCH OF COSMETOLOGY     ,VA,24501-2652,Proprietary  ,1,5,6,1,7,8
01162601,WESTWOOD COLLEGE - SOUTH BAY - ARLINGTON,VA,22203-4167,Proprietary  ,79,107,186,112,147,259
01162602,WESTWOOD COLLEGE - SOUTH BAY - ANNANDALE,VA,22003-2602,Proprietary  ,61,128,189,96,202,298
01274401,SOUTHSIDE REGIONAL MED CTR              ,VA,23803-5133,Proprietary  ,16,83,99,37,181,218
01274402,SOUTHSIDE REG MED CTR SCH RAD TECH      ,VA,23803-0000,Proprietary  ,4,9,13,8,14,22
02053000,LIBERTY UNIVERSITY                      ,VA,24502-0000,Private      ,4316,8115,12431,12826,13691,26517
02108800,WARDS CORNER BEAUTY ACADEMY             ,VA,23505-0000,Proprietary  ,8,57,65,11,65,76
02111600,DANVILLE REGIONAL MEDICAL CENTER SCHOOL ,VA,24541-0000,Proprietary  ,18,45,63,31,63,94
02128700,CENTRAL SCHOOL OF PRACTICAL NURSING     ,VA,23502-2230,Public       ,4,24,28,14,40,54
02140000,RIVERSIDE SCHOOL OF HEALTH CAREERS      ,VA,23608-3802,Private      ,43,159,202,75,287,362
02175800,LYNCHBURG GENERAL HOSP SCH OF NURSG     ,VA,24501-0000,Private      ,32,60,92,66,96,162
02197600,WOODROW WILSON REHABILITATION CTR       ,VA,22939-0000,Public       ,2,2,4,4,3,7
02223100,HERITAGE INSTITUTE                      ,VA,22046-4400,Proprietary  ,0,3,3,4,4,8
02242400,HENRICO CTY ST MARYS HOSP PRAC NRSG     ,VA,23075-0000,Public       ,6,9,15,12,19,31
02247200,MEDSPA CAREERS INSTITUTE                ,VA,23606-0000,Proprietary  ,102,279,381,147,493,640
02304500,HERITAGE INSTITUTE                      ,VA,20111-0000,Proprietary  ,23,96,119,31,120,151
02320900,TIDEWATER TECH                          ,VA,23517-0000,Proprietary  ,31,102,133,43,174,217
02334400,CENTURA COLLEGE                         ,VA,23452-0000,Proprietary  ,167,1193,1360,264,2076,2340
02340000,COLONIAL HEIGHTS BEAUTY ACADEMY         ,VA,23834-0000,Proprietary  ,3,14,17,4,19,23
02342700,FORTIS COLLEGE                          ,VA,23502-4101,Proprietary  ,49,106,155,68,164,232
02342701,FORTIS COLLEGE - RICHMOND CAMPUS        ,VA,23236-3472,Proprietary  ,40,71,111,50,131,181
02535400,ECPI TECHNICAL COLLEGE                  ,VA,23236-0000,Proprietary  ,118,158,276,178,248,426
02538800,SUFFOLK BEAUTY ACADEMY                  ,VA,23434-0000,Proprietary  ,2,11,13,6,17,23
02541200,STRATFORD UNIVERSITY                    ,VA,22043-0000,Proprietary  ,27,200,227,45,269,314
02541201,STRATFORD UNIVERSITY-WOODBRIDGE         ,VA,22192-0000,Proprietary  ,8,42,50,16,72,88
02605900,TESST COLLEGE OF TECHNOLOGY             ,VA,22312-6342,Proprietary  ,2,14,16,10,29,39
02610100,WASHINGTON COUNTY ADULT SKILL CTR       ,VA,24210-2346,Public       ,10,43,53,11,49,60
03002400,GRAHAM WEBB INTERNATIONAL ACAD HAIR     ,VA,22209-2129,Proprietary  ,6,11,17,8,13,21
03010700,BAR PALMA BEAUTY CAREERS  ACADEMY       ,VA,24014-2255,Proprietary  ,5,10,15,10,13,23
03042800,"VIRGINIA BEACH CITY SCHOOLS, SCH.-PR.NSG",VA,23456-0038,Public       ,4,13,17,8,24,32
03091100,ACT COLLEGE                             ,VA,22209-2297,Proprietary  ,24,90,114,33,99,132
03091300,REGENT UNIVERSITY                       ,VA,23464-9800,Private      ,157,1829,1986,413,3489,3902
03092700,ECPI TECHNICAL COLLEGE-ROANOKE          ,VA,24012-1603,Proprietary  ,37,119,156,54,169,223
03096500,SPRINGFIELD BEAUTY ACADEMY              ,VA,22003-3016,Proprietary  ,3,13,16,4,13,17
03106500,SENTARA NORFOLK GENERAL HOSPITAL        ,VA,23320-2843,Private      ,49,153,202,89,354,443
03116900,BAPTIST THEOLOGICAL SEM.-RICHMOND       ,VA,23227-0000,Private      ,0,12,12,2,24,26
03126300,TIDEWATER TECH AVIATION                 ,VA,23320-5987,Proprietary  ,23,125,148,42,194,236
03126400,CENTURA COLLEGE                         ,VA,23235-5230,Proprietary  ,40,187,227,57,258,315
03126401,CENTURA COLLEGE - WEST                  ,VA,23294-0000,Proprietary  ,3,10,13,4,28,32
03127500,ADVANCED TECHNOLOGY INSTITUTE           ,VA,23462-2409,Proprietary  ,135,116,251,247,180,427
03280400,VIRGINIA SCHOOL OF MASSAGE              ,VA,22903-0000,Proprietary  ,22,55,77,43,77,120
03409500,RICHMOND SCHOOL OF HEALTH AND TECH      ,VA,23227-0000,Proprietary  ,54,242,296,82,459,541
03455300,CRESCENT COSMETOLOGY UNIVERSITY         ,VA,23666-3115,Proprietary  ,2,1,3,2,6,8
03559300,APPALACHIAN SCHOOL OF LAW               ,VA,24614-0000,Private      ,0,262,262,3,757,760
03638400,TAP THIS VALLEY WORKS CTR FOR EMPLO     ,VA,24016-1901,Private      ,0,3,3,0,4,4
03645400,RUDY & KELLY ACADEMY OF HAIR AND NA     ,VA,23464-6857,Proprietary  ,9,33,42,23,49,72
03654300,CAREER TRAINING SOLUTIONS               ,VA,22406-1014,Proprietary  ,15,97,112,23,136,159
03709300,EDWARD VIA VIRGINIA CLG OSTEOPATHIC MED ,VA,24060-6360,Private      ,2,432,434,11,635,646
03872400,INSTITUTE FOR THE PSYCHOLOGICAL SCIENCES,VA,22202-3609,Private      ,0,7,7,0,65,65
03876300,CULPEPER COSMETOLOGY TRAINING CENTER    ,VA,22701-3155,Public       ,5,7,12,5,17,22
03883400,AVIATION INSTITUTE OF MAINTENANCE       ,VA,20110-4156,Proprietary  ,14,59,73,18,72,90
04038400,AVI CAREER INSTITUTE                    ,VA,22066-1839,Proprietary  ,0,9,9,1,13,14
04124000,DOMINION SCHOOL OF HAIR DESIGN          ,VA,23062-2221,Proprietary  ,5,8,13,6,9,15
04133400,CENTURA COLLEGE                         ,VA,22312-2670,Proprietary  ,3,26,29,3,38,41
04133800,SOUTHEAST CULINARY & HOSPITALITY COLLEGE,VA,24201-4159,Proprietary  ,6,7,13,6,7,13
00107000,THUNDERBIRD SCHOOL OF GLOBAL MANAGEMENT ,AZ,85306-6000,Private      ,0,263,263,2,481,483
00107100,ARIZONA WESTERN COLLEGE                 ,AZ,85366-0000,Public       ,1421,1410,2831,2224,1973,4197
00107200,COCHISE COLLEGE                         ,AZ,85607-6190,Public       ,405,696,1101,624,1018,1642
00107300,EASTERN ARIZONA COLLEGE                 ,AZ,85552-0769,Public       ,361,298,659,736,454,1190
00107400,GRAND CANYON UNIVERSITY                 ,AZ,85017-3030,Proprietary  ,545,11053,11598,1126,15947,17073
00107600,GLENDALE COMMUNITY COLLEGE              ,AZ,85302-3090,Public       ,2007,2516,4523,3389,3882,7271
00107700,MESA COMMUNITY COLLEGE                  ,AZ,85202-4866,Public       ,2291,3263,5554,3820,5190,9010
00107800,PHOENIX COLLEGE                         ,AZ,85013-4234,Public       ,1077,1924,3001,1783,3029,4812
00107900,YAVAPAI COLLEGE                         ,AZ,86301-3297,Public       ,492,736,1228,963,1215,2178
00108100,ARIZONA STATE UNIV (ALL CAMPUSES)       ,AZ,85287-0412,Public       ,8623,8219,16842,26440,17429,43869
00108200,NORTHERN ARIZONA UNIVERSITY             ,AZ,86011-0001,Public       ,3417,3202,6619,12722,6832,19554
00108300,UNIVERSITY OF ARIZONA                   ,AZ,85721-0066,Public       ,4914,3304,8218,17976,9626,27602
00165701,MIDWESTERN UNIVERSITY                   ,AZ,85308-0000,Private      ,21,631,652,54,2213,2267
00446700,TUCSON COLLEGE                          ,AZ,85710-0000,Proprietary  ,45,206,251,57,251,308
00711300,SOUTHWESTERN COLLEGE                    ,AZ,85032-7097,Private      ,109,71,180,216,107,323
00726600,PIMA COUNTY COMMUNITY COLLEGE           ,AZ,85709-5000,Public       ,2530,3433,5963,4320,5628,9948
00728300,CENTRAL ARIZONA COLLEGE                 ,AZ,85228-9779,Public       ,560,842,1402,881,1220,2101
00822100,UNIVERSAL TECHNICAL INSTITUTE           ,AZ,85323-7946,Proprietary  ,3315,1586,4901,6203,2646,8849
00824600,DINè COLLEGE                            ,AZ,86556-0126,Public       ,235,305,540,314,431,745
00830300,GATEWAY COMMUNITY COLLEGE               ,AZ,85034-1795,Public       ,353,1143,1496,614,1888,2502
00830302,MARICOPA SKILL CENTER                   ,AZ,85034-0000,Public       ,100,294,394,129,494,623
00830400,SCOTTSDALE COMMUNITY COLLEGE            ,AZ,85250-0000,Public       ,859,1034,1893,1455,1606,3061
00886400,ARIZONA ACADEMY OF BEAUTY               ,AZ,85712-5021,Proprietary  ,16,11,27,20,17,37
00886500,ARTISTIC BEAUTY COLLEGES-TUCSON         ,AZ,85716-3999,Proprietary  ,70,113,183,78,126,204
00886501,ARTISTIC BEAUTY COLLEGES - TUCSON  - NOR,AZ,85705-1665,Proprietary  ,8,3,11,12,4,16
00945100,BROWN MACKIE COLLEGE                    ,AZ,85712-5300,Proprietary  ,129,695,824,145,802,947
01084700,ARIZONA AUTOMOTIVE INSTITUTE            ,AZ,85301-3503,Proprietary  ,179,391,570,221,502,723
01085800,EARLS ACADEMY OF BEAUTY                 ,AZ,85210-4010,Proprietary  ,27,48,75,35,68,103
01157000,PIMA MEDICAL INSTITUTE-MESA             ,AZ,85202-2950,Proprietary  ,27,119,146,60,206,266
01168900,REFRIGERATION SCHOOL                    ,AZ,85034-0000,Proprietary  ,20,215,235,23,246,269
01180200,ARIZONA ACADEMY OF BEAUTY-NORTH         ,AZ,85705-2720,Proprietary  ,11,20,31,16,29,45
01180800,ARTISTIC BEAUTY COLLEGES-FLAGSTAFF      ,AZ,86004-5119,Proprietary  ,63,113,176,71,145,216
01180801,CLG OF BEAUTY ARTS & SCI/CHANDLER       ,AZ,85224-0000,Proprietary  ,20,62,82,22,82,104
01180802,CLG OF BEAUTY ARTS & SCI/PRESCOTT       ,AZ,86303-0000,Proprietary  ,10,14,24,15,21,36
01186200,NORTHLAND PIONEER COLLEGE               ,AZ,86025-2996,Public       ,144,408,552,212,609,821
01186400,MOHAVE COMMUNITY COLLEGE                ,AZ,86409-1238,Public       ,245,1098,1343,359,1580,1939
01218400,INTERNATIONAL ACAD OF HAIR DESIGN       ,AZ,85225-7198,Proprietary  ,17,46,63,22,63,85
01234300,ARTISTIC BEAUTY COLLEGES-PHOENIX        ,AZ,85304-0000,Proprietary  ,59,105,164,72,142,214
01234301,EMPIRE BEAUTY SCHOOL - AVONDALE         ,AZ,85323-2352,Proprietary  ,12,13,25,21,26,47
01293700,ARTISTIC BEAUTY COLLEGES - PARADISE VALL,AZ,85257-0000,Proprietary  ,22,29,51,25,36,61
02065200,ITT TECHNICAL INSTITUTE                 ,AZ,85282-0000,Proprietary  ,299,871,1170,353,964,1317
02065300,PRESCOTT COLLEGE                        ,AZ,86301-0000,Private      ,98,294,392,353,626,979
02071200,KAPLAN COLLEGE                          ,AZ,85029-4349,Proprietary  ,68,357,425,94,540,634
02098800,UNIVERSITY OF PHOENIX                   ,AZ,85040-0000,Proprietary  ,3170,63675,66845,5244,103622,108866
02100500,UNIVERSAL TECHNICAL INSTITUTE           ,AZ,85027-0000,Proprietary  ,2456,2230,4686,4623,3838,8461
02100600,APOLLO COLLEGE                          ,AZ,85015-0000,Proprietary  ,557,1699,2256,714,2229,2943
02113800,ROBERTO-VENN SCH OF LUTHIERY            ,AZ,85040-0000,Proprietary  ,14,16,30,25,30,55
02146600,SOUTH MOUNTAIN COMMUNITY COLLEGE        ,AZ,85040-0000,Public       ,423,637,1060,650,970,1620
02171500,WESTERN INTERNATIONAL UNIVERSITY        ,AZ,85021-0000,Proprietary  ,17,416,433,28,747,775
02174900,COLLINS COLLEGE                         ,AZ,85040-4000,Proprietary  ,517,402,919,1062,733,1795
02177500,RIO SALADO COMMUNITY COLLEGE            ,AZ,85281-0000,Public       ,252,2106,2358,427,3467,3894
02192300,MARICOPA BEAUTY COLLEGE                 ,AZ,85323-0000,Proprietary  ,14,17,31,20,27,47
02199900,AMERICAN INDIAN CLG-ASSEMBLIES GOD      ,AZ,85021-0000,Private      ,25,24,49,34,41,75
02217100,PIMA MEDICAL INSTITUTE                  ,AZ,85716-0000,Proprietary  ,403,1464,1867,594,2294,2888
02218800,IIA COLLEGE                             ,AZ,85019-1600,Proprietary  ,116,652,768,133,820,953
02220300,ARTISTIC BEAUTY COLLEGES-GLENDALE       ,AZ,85051-0000,Proprietary  ,41,95,136,44,111,155
02263100,ANTHEM COLLEGE                          ,AZ,85014-0000,Proprietary  ,253,771,1024,529,1938,2467
02280500,CHARLES OF ITALY BEAUTY COLLEGE         ,AZ,86403-0000,Proprietary  ,10,33,43,11,38,49
02295000,EVEREST COLLEGE                         ,AZ,85021-1610,Proprietary  ,146,1678,1824,195,2227,2422
02295002,EVEREST COLLEGE - MESA                  ,AZ,85206-4704,Proprietary  ,27,143,170,33,184,217
02317800,AMERICAN INSTITUTE OF TECHNOLOGY        ,AZ,85043-0000,Proprietary  ,9,193,202,19,216,235
02361100,ITT TECHNICAL INSTITUTE                 ,AZ,85704-0000,Proprietary  ,143,345,488,176,422,598
02491500,THE ART CENTER DESIGN COLLEGE           ,AZ,85716-0000,Proprietary  ,108,259,367,137,281,418
02521500,LAMSON COLLEGE                          ,AZ,85284-1141,Proprietary  ,20,172,192,29,221,250
02559000,UNIVERSITY OF ADVANCING TECHNOLOGY      ,AZ,85283-0000,Proprietary  ,296,156,452,767,353,1120
02561900,TONI AND GUY HAIRDRESSING ACADEMY       ,AZ,85251-3301,Proprietary  ,31,35,66,44,56,100
02582700,CORTIVA INSTITUTE - TUCSON              ,AZ,85710-3503,Proprietary  ,16,51,67,21,76,97
02616700,SCOTTSDALE CULINARY INSTITUTE           ,AZ,85251-2729,Proprietary  ,307,539,846,581,873,1454
02623600,PARADISE VALLEY COMMUNITY COLLEGE       ,AZ,85032-1210,Public       ,635,914,1549,1033,1368,2401
02623800,CORTIVA INSTITUTE - SCOTTSDALE          ,AZ,85257-4218,Proprietary  ,14,44,58,19,59,78
03005000,SAFFORD COLLEGE OF BEAUTY CULTURE       ,AZ,85546-3309,Proprietary  ,0,0,0,1,2,3
03010613,VIRGINIA COLLEGE - GOLF ACADEMY OF ARIZO,AZ,85225-6742,Proprietary  ,28,59,87,51,85,136
03030604,UTAH COLLEGE OF MASSAGE THERAPY - ARIZON,AZ,85282-0000,Proprietary  ,64,118,182,93,152,245
03030605,UTAH COLLEGE OF MASSAGE THERAPY - ARIZON,AZ,85051-3470,Proprietary  ,52,100,152,73,149,222
03034400,CONSERVATORY RECORDING ARTS & SCIS      ,AZ,85282-1707,Proprietary  ,209,195,404,319,353,672
03072200,CHANDLER-GILBERT COMMUNITY COLLEGE      ,AZ,85225-2499,Public       ,914,1096,2010,1527,1771,3298
03076400,BRYMAN SCHOOL OF ARIZONA                ,AZ,85029-4919,Proprietary  ,368,808,1176,648,1600,2248
03076406,BRYMAN SCHOOL OF ARIZONA (THE) - TEMPE  ,AZ,85284-0000,Proprietary  ,2,2,4,7,9,16
03097800,CARSTEN INSTITUTE OF HAIR & BEAUTY      ,AZ,85282-5404,Proprietary  ,27,25,52,35,34,69
03100400,COCONINO COUNTY COMMUNITY COLLEGE       ,AZ,86001-2701,Public       ,320,423,743,542,705,1247
03107000,SOUTHWEST CLG OF NATUROPATHIC MED       ,AZ,85282-0000,Private      ,3,229,232,3,342,345
03115000,ARIZONA COLLEGE OF ALLIED HEALTH        ,AZ,85302-3843,Proprietary  ,41,156,197,54,212,266
03120300,COLLEGE AMERICA                         ,AZ,86004-3936,Proprietary  ,28,120,148,47,128,175
03156300,ESTRELLA MOUNTAIN COMMUNITY COLLEGE     ,AZ,85392-1010,Public       ,546,752,1298,853,1165,2018
03156301,ESTRELLA MOUNTAIN COMMUNITY COLLEGE - SO,AZ,85392-1010,Public       ,137,247,384,224,411,635
03347300,INTERNATIONAL BAPTIST COLLEGE           ,AZ,85282-7504,Private      ,14,8,22,20,10,30
03445300,HDS TRUCK DRIVING INSTITUTE             ,AZ,85731-0000,Proprietary  ,0,3,3,2,4,6
03478400,PHOENIX SEMINARY                        ,AZ,85018-7611,Private      ,0,23,23,0,37,37
03572300,EAST VALLEY INSTITUTE OF TECHNOLOGY     ,AZ,85201-6910,Public       ,30,35,65,44,50,94
03593300,SOUTHWEST INSTITUTE OF HEALING ARTS     ,AZ,85281-3658,Proprietary  ,31,141,172,37,227,264
03617500,PHOENIX INSTITUTE OF HERBAL MEDICINE & A,AZ,85012-0000,Proprietary  ,1,56,57,4,75,79
03695500,ARIZONA SCHOOL OF ACUPUNCTURE AND ORIENT,AZ,85712-1100,Proprietary  ,0,21,21,3,34,37
03740500,ART INSTITUTE OF TUCSON (THE)           ,AZ,85712-2732,Proprietary  ,66,85,151,102,125,227
03784400,TOHONO O'ODHAM COMMUNITY COLLEGE        ,AZ,85634-3129,Public       ,6,13,19,6,20,26
03814300,TURNING POINT BEAUTY COLLEGE            ,AZ,85222-4229,Proprietary  ,2,5,7,2,7,9
04051300,ART INSTITUTE OF PHOENIX (THE)          ,AZ,85021-2859,Proprietary  ,307,265,572,772,638,1410
04059300,TUCSON COLLEGE OF BEAUTY                ,AZ,85705-2451,Proprietary  ,17,19,36,23,27,50
04120900,ARIZONA CULINARY INSTITUTE              ,AZ,85259-4939,Proprietary  ,41,70,111,85,110,195
04131400,PHOENIX SCHOOL OF LAW                   ,AZ,85012-3330,Proprietary  ,2,249,251,2,249,251
00142800,DELAWARE STATE UNIVERSITY               ,DE,19901-2277,Public       ,1530,487,2017,5368,1091,6459
00142900,GOLDEY BEACOM COLLEGE                   ,DE,19808-1993,Private      ,159,115,274,344,184,528
00143100,UNIVERSITY OF DELAWARE                  ,DE,19716-0099,Public       ,3791,762,4553,19603,1799,21402
00143300,WESLEY COLLEGE                          ,DE,19901-3875,Private      ,570,131,701,1672,244,1916
00143301,WESLEY COLLEGE-CTR FOR ADULT STUDIE     ,DE,19720-0000,Private      ,14,131,145,25,229,254
00331301,WIDENER UNIV SCHOOL OF LAW - DE         ,DE,19803-0000,Private      ,14,537,551,32,1501,1533
00705300,DELAWARE TECH & CMTY COLLEGE-OWENS      ,DE,19947-0000,Public       ,677,727,1404,1213,1210,2423
00794800,WILMINGTON UNIVERSITY                   ,DE,19720-6491,Private      ,636,1632,2268,1258,2791,4049
01172700,DELAWARE TECH & CMTY CLG-TERRY          ,DE,19901-8736,Public       ,641,698,1339,1093,1062,2155
01195002,DELAWARE COLLEGE OF ART & DESIGN        ,DE,19801-0000,Private      ,69,20,89,265,44,309
02125200,BEEBE SCHOOL OF NURSING                 ,DE,19958-1462,Private      ,11,13,24,22,28,50
02144900,DELAWARE TECH & CMTY CLG-STANTN/WLM     ,DE,19801-0000,Public       ,1106,1096,2202,1908,1706,3614
02190400,SCHILLING DOUGLAS SCH OF HAIR DSGN      ,DE,19711-0000,Proprietary  ,19,61,80,24,63,87
02586902,STAR TECHNICAL INSTITUTE -              ,DE,19901-4615,Proprietary  ,12,81,93,19,149,168
03025800,DAWN TRAINING CENTRE                    ,DE,19805-1511,Proprietary  ,10,99,109,15,182,197
03543300,HARRIS SCHOOL OF BUSINESS               ,DE,19803-5341,Proprietary  ,22,73,95,28,79,107
03702300,DELAWARE LEARNING INSTITUTE OF COSMETOLO,DE,19939-9759,Proprietary  ,7,27,34,15,37,52
04130700,ACADEMY OF MASSAGE AND BODYWORK         ,DE,19701-1321,Proprietary  ,1,7,8,1,7,8
        ,FEDERAL STUDENT AID USE ONLY            ,DC,20202-0000,,1,84,85,11,1740,1751
00143400,AMERICAN UNIVERSITY                     ,DC,20016-8020,Private      ,391,1400,1791,11037,8539,19576
00143700,CATHOLIC UNIVERSITY OF AMERICA          ,DC,20064-0002,Private      ,693,645,1338,4393,1690,6083
00143711,"CATHOLIC UNIV AMERICA, LAW SCHOOL       ",DC,20064-0000,Private      ,3,421,424,26,1487,1513
00144100,UNIV OF THE DISTRICT OF COLUMBIA        ,DC,20008-0000,Public       ,686,1336,2022,1331,2439,3770
00144102,UNIV OF DIST OF COLUMBIA LAW SCH        ,DC,20008-0000,Public       ,16,153,169,29,597,626
00144300,GALLAUDET UNIVERSITY                    ,DC,20002-3695,Private      ,281,281,562,591,536,1127
00144400,GEORGE WASHINGTON UNIVERSITY            ,DC,20052-2353,Private      ,2019,2583,4602,10678,6877,17555
00144402,GEORGE WASHINGTON UNIV LAW SCHL         ,DC,20052-0000,Private      ,4,779,783,22,4311,4333
00144403,GEORGE WASHINGTON UNIV SCH MED          ,DC,20052-0000,Private      ,5,478,483,25,1171,1196
00144500,GEORGETOWN UNIVERSITY                   ,DC,20057-1252,Private      ,1281,1398,2679,11584,4338,15922
00144501,"GEORGETOWN UNIV, SCH OF MEDICINE        ",DC,20007-0000,Private      ,4,422,426,23,1124,1147
00144503,GEORGETOWN UNIV LAW CENTER              ,DC,20001-0000,Private      ,3,792,795,25,5205,5230
00144800,HOWARD UNIVERSITY                       ,DC,20059-0001,Private      ,2235,2124,4359,12134,6525,18659
00145600,SOUTHEASTERN UNIVERSITY                 ,DC,20024-2788,Private      ,66,314,380,131,550,681
00145900,STRAYER UNIVERSITY                      ,DC,20005-2603,Proprietary  ,419,12339,12758,538,16628,17166
00146000,TRINITY UNIVERSITY                      ,DC,20017-1004,Private      ,272,562,834,863,1069,1932
00146400,WESLEY THEOLOGICAL SEMINARY             ,DC,20016-0000,Private      ,0,90,90,1,182,183
00207701,JOHNS HOPKINS UNIV SCH ADV INTL STU     ,DC,20036-0000,Private      ,3,163,166,50,1145,1195
01006500,WASHINGTON THEOLOGICAL UNION            ,DC,20012-0000,Private      ,0,6,6,0,16,16
01195000,THE CORCORAN COLLEGE OF ART & DESIG     ,DC,20006-4804,Private      ,81,87,168,374,215,589
01266500,HARRISON CTR FOR CAREER EDUCATION       ,DC,20001-5303,Private      ,2,4,6,2,8,10
01280300,DOMINICAN HOUSE OF STUDIES              ,DC,20017-1584,Private      ,1,3,4,1,8,9
02132800,NAT'L CONSERVATORY DRAMATIC ARTS        ,DC,20007-2758,Private      ,2,9,11,4,11,15
02279200,DUDLEY BEAUTY COLG-WASHINGTON           ,DC,20018-0000,Proprietary  ,17,33,50,23,46,69
02588900,SANZ SCHOOL                             ,DC,20006-0000,Proprietary  ,84,314,398,97,359,456
03104300,CAREER BLAZERS LEARNING CENTER OF WASHIN,DC,20037-1881,Proprietary  ,21,232,253,24,243,267
03218300,POTOMAC COLLEGE                         ,DC,20016-1860,Proprietary  ,9,104,113,13,159,172
03409600,BENNETT CAREER INSTITUTE                ,DC,20017-1754,Proprietary  ,23,62,85,33,105,138
03750300,TECHNICAL LEARNING CENTERS              ,DC,20005-3415,Proprietary  ,5,68,73,11,137,148
00154100,ABRAHAM BALDWIN AGRICULTURAL CLG        ,GA,31794-0000,Public       ,1495,601,2096,2395,957,3352
00154200,AGNES SCOTT COLLEGE                     ,GA,30030-3797,Private      ,276,104,380,1089,215,1304
00154300,DARTON COLLEGE                          ,GA,31707-3098,Public       ,1075,1587,2662,1616,2488,4104
00154400,ALBANY STATE UNIVERSITY                 ,GA,31705-2796,Public       ,2613,1427,4040,5549,2266,7815
00154500,ANDREW COLLEGE                          ,GA,39840-1313,Private      ,200,17,217,372,30,402
00154600,ARMSTRONG ATLANTIC STATE UNIVERSITY     ,GA,31419-1997,Public       ,1442,1753,3195,3083,3349,6432
00154700,ATLANTA CHRISTIAN COLLEGE               ,GA,30344-1999,Private      ,202,110,312,301,151,452
00155200,AUGUSTA STATE UNIVERSITY                ,GA,30904-2200,Public       ,1664,1679,3343,3480,3210,6690
00155400,BERRY COLLEGE                           ,GA,30149-5007,Private      ,648,83,731,2117,145,2262
00155500,THOMAS UNIVERSITY                       ,GA,31792-7499,Private      ,128,344,472,207,527,734
00155600,BRENAU UNIVERSITY                       ,GA,30501-3668,Private      ,346,931,1277,880,1609,2489
00155700,BREWTON PARKER COLLEGE                  ,GA,30445-0000,Private      ,309,242,551,520,382,902
00155800,COASTAL GEORGIA COMMUNITY COLLEGE       ,GA,31520-3644,Public       ,526,795,1321,799,1330,2129
00155900,CLARK ATLANTA UNIVERSITY                ,GA,30314-4385,Private      ,3048,1293,4341,11644,2959,14603
00156000,COLUMBIA THEOLOGICAL SEMINARY           ,GA,30031-0000,Private      ,0,96,96,4,157,161
00156100,COLUMBUS STATE UNIVERSITY               ,GA,31907-5645,Public       ,2281,1819,4100,4148,2935,7083
00156200,GEORGIA PERIMETER COLLEGE               ,GA,30021-0000,Public       ,4821,5496,10317,7621,9367,16988
00156300,EMMANUEL COLLEGE                        ,GA,30639-0000,Private      ,306,65,371,570,137,707
00156400,EMORY UNIVERSITY                        ,GA,30322-1960,Private      ,1075,1989,3064,9877,7200,17077
00156600,FORT VALLEY STATE UNIVERSITY            ,GA,31030-3298,Public       ,2054,583,2637,4030,968,4998
00156700,GAINESVILLE STATE COLLEGE               ,GA,30503-0000,Public       ,2301,926,3227,3597,1569,5166
00156800,INTERDENOMINATIONAL THEOLOGY CENTER     ,GA,30314-0000,Private      ,1,264,265,2,368,370
00156900,GEORGIA INSTITUTE OF TECHNOLOGY         ,GA,30332-0002,Public       ,3858,1385,5243,11971,2696,14667
00157000,SOUTHERN POLYTECHNIC STATE UNIV         ,GA,30060-2896,Public       ,953,706,1659,2068,1261,3329
00157100,GEORGIA MILITARY COLLEGE                ,GA,31061-3398,Public       ,990,1154,2144,1575,1896,3471
00157200,GEORGIA SOUTHERN UNIVERSITY             ,GA,30460-8065,Public       ,7046,2188,9234,13905,3505,17410
00157300,GEORGIA SOUTHWESTERN STATE UNIV         ,GA,31709-4693,Public       ,812,672,1484,1555,1058,2613
00157400,GEORGIA STATE UNIVERSITY                ,GA,30303-3010,Public       ,7406,7423,14829,17008,15293,32301
00157500,GORDON COLLEGE                          ,GA,30204-1762,Public       ,1562,812,2374,2633,1361,3994
00157700,KENNESAW STATE UNIVERSITY               ,GA,30144-5591,Public       ,4853,4110,8963,9415,7466,16881
00157800,LAGRANGE COLLEGE                        ,GA,30240-2999,Private      ,368,217,585,1014,378,1392
00157900,MEDICAL COLLEGE OF GEORGIA              ,GA,30912-0004,Public       ,240,1078,1318,435,1889,2324
00158000,MERCER UNIVERSITY                       ,GA,31207-0003,Private      ,1034,2819,3853,3366,5051,8417
00158100,MIDDLE GEORGIA COLLEGE                  ,GA,31014-1599,Public       ,1484,627,2111,2553,1111,3664
00158200,MOREHOUSE COLLEGE                       ,GA,30314-3773,Private      ,1272,267,1539,4042,574,4616
00158500,NORTH GEORGIA COLLEGE & STATE UNIV      ,GA,30597-0001,Public       ,1294,607,1901,2731,1100,3831
00158600,OGLETHORPE UNIVERSITY                   ,GA,30319-2737,Private      ,371,156,527,1443,313,1756
00158700,PAINE COLLEGE                           ,GA,30901-3182,Private      ,445,160,605,1361,336,1697
00158800,PIEDMONT COLLEGE                        ,GA,30535-5644,Private      ,305,842,1147,631,1213,1844
00158900,REINHARDT COLLEGE                       ,GA,30183-2981,Private      ,377,134,511,734,193,927
00159000,SAVANNAH STATE UNIVERSITY               ,GA,31404-5298,Public       ,2009,769,2778,4280,1365,5645
00159100,SHORTER COLLEGE                         ,GA,30165-4298,Private      ,500,992,1492,1196,1676,2872
00159200,SOUTH GEORGIA COLLEGE                   ,GA,31533-8104,Public       ,694,412,1106,1021,650,1671
00159400,SPELMAN COLLEGE                         ,GA,30314-4399,Private      ,965,265,1230,5281,749,6030
00159600,TOCCOA FALLS COLLEGE                    ,GA,30598-0001,Private      ,413,90,503,835,148,983
00159700,TRUETT MCCONNELL COLLEGE                ,GA,30528-1264,Private      ,176,23,199,340,35,375
00159800,UNIVERSITY OF GEORGIA                   ,GA,30602-6114,Public       ,5987,3498,9485,16784,7196,23980
00159900,VALDOSTA STATE UNIVERSITY               ,GA,31698-0001,Public       ,4745,1999,6744,9044,3218,12262
00160000,WESLEYAN COLLEGE                        ,GA,31210-4407,Private      ,143,169,312,326,258,584
00160100,UNIV OF WEST GEORGIA                    ,GA,30118-0002,Public       ,3747,1795,5542,7389,3070,10459
00160200,GEORGIA COLLEGE & STATE UNIVERSITY      ,GA,31061-0490,Public       ,1739,688,2427,4192,1211,5403
00160400,YOUNG HARRIS COLLEGE                    ,GA,30582-4137,Private      ,315,16,331,711,34,745
00348400,COVENANT COLLEGE                        ,GA,30750-4164,Private      ,263,135,398,1111,240,1351
00395600,DALTON STATE COLLEGE                    ,GA,30720-3797,Public       ,1221,1146,2367,1878,1745,3623
00402300,APPALACHIAN TECHNICAL COLLEGE           ,GA,30143-0000,Public       ,107,286,393,157,389,546
00402400,COOSA VALLEY TECHNICAL COLLEGE          ,GA,30161-6757,Public       ,404,1184,1588,524,1493,2017
00402403,NORTHWESTERN TECHNICAL COLLEGE          ,GA,30739-0569,Public       ,317,1146,1463,461,1667,2128
00411700,GRADY HEALTH SYSTEM                     ,GA,30303-3050,Public       ,27,99,126,55,165,220
00525400,LANIER TECHNICAL COLLEGE                ,GA,30566-3499,Public       ,330,896,1226,450,1336,1786
00525500,MOULTRIE TECHNICAL COLLEGE              ,GA,31768-0000,Public       ,239,753,992,327,1164,1491
00525600,VALDOSTA TECHNICAL COLLEGE              ,GA,31603-0000,Public       ,324,925,1249,453,1362,1815
00551100,OKEFENOKEE TECHNICAL COLLEGE            ,GA,31501-4016,Public       ,178,604,782,216,800,1016
00559900,AUGUSTA TECHNICAL COLLEGE               ,GA,30906-3399,Public       ,697,2013,2710,1023,3079,4102
00560000,ATHENS TECHNICAL COLLEGE                ,GA,30601-1579,Public       ,722,1524,2246,1081,2295,3376
00560100,ALBANY TECHNICAL COLLEGE                ,GA,31701-2648,Public       ,478,1610,2088,633,2174,2807
00561300,FLINT RIVER TECHNICAL INSTITUTE         ,GA,30286-0014,Public       ,81,367,448,115,557,672
00561500,SOUTHWEST GEORGIA TECHNICAL COLLEGE     ,GA,31792-2622,Public       ,258,726,984,335,1036,1371
00561600,SWAINSBORO TECHNICAL COLLEGE            ,GA,30401-5700,Public       ,76,315,391,108,407,515
00561700,SOUTH GEORGIA TECHNICAL COLLEGE         ,GA,31709-8167,Public       ,343,672,1015,479,915,1394
00561800,SAVANNAH TECHNICAL COLLEGE              ,GA,31405-5594,Public       ,700,2728,3428,982,3742,4724
00561900,NORTH GEORGIA TECHNICAL COLLEGE         ,GA,30523-0000,Public       ,294,544,838,442,814,1256
00562000,CHATTAHOOCHEE TECHNICAL COLLEGE         ,GA,30060-3398,Public       ,863,1764,2627,1238,2721,3959
00562100,GRIFFIN TECHNICAL COLLEGE               ,GA,30223-2097,Public       ,424,1305,1729,650,2086,2736
00562200,DEKALB TECHNICAL COLLEGE                ,GA,30021-0000,Public       ,567,2416,2983,807,3601,4408
00562400,COLUMBUS TECHNICAL COLLEGE              ,GA,31904-6572,Public       ,453,1584,2037,674,2170,2844
00576300,CENTRAL GEORGIA TECHNICAL COLLEGE       ,GA,31206-3628,Public       ,561,2046,2607,924,3650,4574
00772800,MACON STATE COLLEGE                     ,GA,31206-5145,Public       ,1360,1921,3281,2202,3086,5288
00854300,ATLANTA TECHNICAL COLLEGE               ,GA,30310-4499,Public       ,594,1942,2536,902,2944,3846
00897600,CLAYTON STATE UNIVERSITY                ,GA,30260-0285,Public       ,1901,2828,4729,3584,4768,8352
00918300,EAST CENTRAL TECHNICAL COLLEGE          ,GA,31750-0000,Public       ,127,456,583,155,606,761
00927000,ART INSTITUTE OF ATLANTA                ,GA,30328-1649,Proprietary  ,2602,1626,4228,4861,2830,7691
00950700,GEORGIA HIGHLANDS COLLEGE               ,GA,30162-0000,Public       ,1186,887,2073,1737,1494,3231
01031903,MEDIX SCHOOL                            ,GA,30080-7630,Proprietary  ,66,284,350,84,333,417
01035601,EVEREST INSTITUTE - DEKALB              ,GA,30035-3420,Proprietary  ,38,158,196,53,200,253
01048700,WEST GEORGIA TECHNICAL COLLEGE          ,GA,30182-6476,Public       ,527,1259,1786,767,2025,2792
01048704,WEST GEORGIA TECHNICAL COLLEGE          ,GA,30240-5957,Public       ,190,489,679,352,780,1132
01077100,GUPTON JONES COLLEGE                    ,GA,30035-4022,Private      ,43,92,135,65,129,194
01099700,EAST GEORGIA COLLEGE                    ,GA,30401-2699,Public       ,918,361,1279,1340,542,1882
01107400,BAINBRIDGE COLLEGE                      ,GA,39819-8400,Public       ,361,828,1189,512,1230,1742
01110901,EVEREST COLLEGE - EVEREST INSTITUTE     ,GA,30067-8340,Proprietary  ,29,140,169,37,168,205
01112301,EVEREST COLLEGE - EVEREST INSTITUTE- NOR,GA,30093-2813,Proprietary  ,68,354,422,85,444,529
01157400,BAUDER COLLEGE                          ,GA,30313-2439,Proprietary  ,250,360,610,402,543,945
01205100,PRO WAY HAIR SCHOOL                     ,GA,30083-2884,Proprietary  ,18,82,100,25,116,141
01216500,ATLANTA METROPOLITAN COLLEGE            ,GA,30310-4498,Public       ,756,1151,1907,1171,1865,3036
01303900,SOUTH UNIVERSITY                        ,GA,31406-4881,Proprietary  ,342,4131,4473,537,6175,6712
02055000,WAYCROSS COLLEGE                        ,GA,31503-0000,Public       ,251,256,507,351,393,744
02060900,BROWN CLG OF COURT REPORTING & M.T.     ,GA,30318-2570,Proprietary  ,4,109,113,13,182,195
02074800,LIFE UNIVERSITY                         ,GA,30060-0000,Private      ,71,339,410,191,1767,1958
02089700,HERZING COLLEGE                         ,GA,30326-1332,Proprietary  ,87,308,395,111,397,508
02110501,ART INSTITUTE OF CHARLOTTE (THE) - BROWN,GA,30328-1635,Proprietary  ,19,14,33,42,30,72
02113604,AMERICAN INTERCONTINENTAL UNIV - DUNWOOD,GA,30328-1649,Proprietary  ,232,638,870,405,1146,1551
02116000,SANFORD-BROWN COLLEGE                   ,GA,30328-4803,Proprietary  ,115,539,654,158,916,1074
02141500,SAVANNAH COLLEGE OF ART & DESIGN        ,GA,31402-3146,Private      ,2516,1244,3760,6828,2482,9310
02202800,AUGUSTA AREA DIET INTERN UNIV HOSP      ,GA,30901-0000,Private      ,0,14,14,0,21,21
02205300,SAVANNAH RIVER COLLEGE                  ,GA,30909-0000,Proprietary  ,26,245,271,34,284,318
02217200,PORTFOLIO CENTER                        ,GA,30309-0000,Proprietary  ,6,43,49,9,70,79
02263105,ANTHEM COLLEGE - HIGH-TECH INSTITUTE - M,GA,30324-3398,Proprietary  ,6,12,18,22,24,46
02266200,AMERICAN PROFESSIONAL INSTITUTE         ,GA,31201-0000,Proprietary  ,39,285,324,45,406,451
02279500,HEART OF GEORGIA TECHNICAL COLLEGE      ,GA,31021-0000,Public       ,155,498,653,223,738,961
02284300,INTERACTIVE COLLEGE OF TECHNOLOGY       ,GA,30341-0000,Proprietary  ,61,490,551,74,602,676
02284308,INTERACTIVE LEARNING SYSTEMS            ,GA,30260-0000,Proprietary  ,16,82,98,20,94,114
02284309,INTERACTIVE COLLEGE OF TECHNOLOGY       ,GA,30501-0000,Proprietary  ,3,10,13,6,18,24
02285500,"CREATIVE CIRCUS, THE                    ",GA,30324-0000,Proprietary  ,32,106,138,42,147,189
02288400,GWINNETT TECHNICAL INSTITUTE            ,GA,30043-5702,Public       ,984,2204,3188,1395,3388,4783
02313902,WESTWOOD COLLEGE - O'HARE AIRPORT - ATLA,GA,30345-2807,Proprietary  ,95,162,257,147,252,399
02318600,GEORGIA MEDICAL INSTITUTE               ,GA,30303-0000,Proprietary  ,25,58,83,59,119,178
02321400,ROFFLER-MOLER HAIRSTYLING COLLEGE       ,GA,30062-0000,Proprietary  ,10,36,46,14,45,59
02354500,SOUTHEASTERN BEAUTY SCHOOLS             ,GA,31906-0000,Proprietary  ,6,64,70,7,74,81
02482100,MOREHOUSE SCHOOL OF MEDICINE            ,GA,30310-0000,Private      ,37,273,310,97,550,647
02502700,ADVANCED CAREER TRAINING                ,GA,30329-0000,Proprietary  ,12,91,103,22,141,163
02502701,ADVANCED CAREER TRAINING-RIVERDALE      ,GA,30274-0000,Proprietary  ,29,147,176,35,196,231
02508600,MIDDLE GEORGIA TECHNICAL COLLEGE        ,GA,31088-0000,Public       ,300,835,1135,407,1113,1520
02520000,INTERNATIONAL SCH SKIN & NAILCARE       ,GA,30342-0000,Proprietary  ,15,86,101,21,102,123
02577000,ARNOLD / PADRICKS  UNIV OF COSM         ,GA,30297-0000,Proprietary  ,20,63,83,23,75,98
02577700,BEAUTY COLLEGE OF AMERICA               ,GA,30297-0000,Proprietary  ,6,16,22,15,27,42
02578300,INTERNATIONAL CITY BEAUTY COLLEGE       ,GA,31093-3631,Proprietary  ,1,8,9,4,8,12
02580200,ATLANTA SCHOOL OF MASSAGE               ,GA,30338-0000,Proprietary  ,27,78,105,40,119,159
02583000,GWINNETT COLLEGE OF BUSINESS            ,GA,30047-3447,Proprietary  ,45,252,297,75,360,435
02607600,CAPELLI LEARNING CTR FOR COSM           ,GA,30324-0000,Proprietary  ,35,95,130,41,108,149
03005400,ARTISTIC BEAUTY COLLEGE                 ,GA,30013-2076,Proprietary  ,57,198,255,72,261,333
03022601,WESTERN CULINARY INSTITUTE - LE CORDON B,GA,30084-5893,Proprietary  ,29,51,80,78,94,172
03029000,NORTH METRO TECHNICAL COLLEGE           ,GA,30102-3129,Public       ,553,1036,1589,728,1417,2145
03030000,OGEECHEE TECHNICAL COLLEGE              ,GA,30458-8049,Public       ,445,934,1379,591,1244,1835
03032100,ALTAMAHA TECHNICAL COLLEGE              ,GA,31545-4465,Public       ,131,391,522,162,514,676
03042700,LAURUSTECHNICAL INSTITUTE               ,GA,30030-1506,Proprietary  ,24,146,170,35,206,241
03066500,SOUTHEASTERN TECHNICAL COLLEGE          ,GA,30474-8817,Public       ,153,513,666,204,711,915
03072304,EVEREST COLLEGE - EVEREST INSTITUTE     ,GA,30236-0000,Proprietary  ,81,328,409,92,359,451
03076300,BEULAH HEIGHTS BIBLE COLLEGE            ,GA,30316-1873,Private      ,14,189,203,20,309,329
03079202,WESTWOOD COLLEGE - ATLANTA MIDTOWN      ,GA,30309-2848,Proprietary  ,228,275,503,343,443,786
03081500,SOUTHEASTERN BEAUTY SCHOOL              ,GA,31917-0000,Proprietary  ,7,61,68,9,74,83
03089100,GEORGIA INSTITUTE OF COSMETOLOGY        ,GA,30606-3152,Proprietary  ,13,70,83,28,85,113
03090600,COBB BEAUTY COLLEGE                     ,GA,30144-2828,Proprietary  ,5,8,13,9,12,21
03100900,LUTHER RICE UNIVERSITY                  ,GA,30038-2454,Private      ,4,256,260,7,397,404
03102000,RIVERTOWN SCHOOL OF BEAUTY              ,GA,31904-4747,Proprietary  ,10,21,31,12,32,44
03104500,ATLANTA INSTITUTE OF MUSIC              ,GA,30096-4988,Proprietary  ,37,47,84,58,66,124
03116100,VOGUE BEAUTY SCHOOL                     ,GA,30141-2226,Proprietary  ,11,42,53,11,46,57
03155500,SANDERSVILLE REGIONAL TECH INST         ,GA,31082-6179,Public       ,63,227,290,84,301,385
03173300,ATLANTA'S JOHN MARSHALL LAW SCHOOL      ,GA,30309-0000,Proprietary  ,6,353,359,11,824,835
03232304,LINCOLN COLLEGE OF TECHNOLOGY           ,GA,30067-8638,Proprietary  ,37,212,249,62,344,406
03251300,BEACON UNIVERSITY                       ,GA,31909-4663,Private      ,12,100,112,21,174,195
03355402,PSYCHOLOGICAL STUDIES INSTITUTE -       ,GA,30327-2921,Private      ,4,93,97,11,139,150
03391300,ROSS MEDICAL EDUCATION CENTER           ,GA,30033-3105,Proprietary  ,4,15,19,6,29,35
03418300,GWINNETT COLLEGE-SANDY SPRINGS          ,GA,30328-3161,Proprietary  ,8,41,49,9,61,70
03445500,FAYETTE BEAUTY ACADEMY                  ,GA,30214-1191,Proprietary  ,4,28,32,5,33,38
03522300,POWDER SPRINGS BEAUTY COLLEGE           ,GA,30127-2926,Proprietary  ,2,9,11,2,13,15
03523300,AVIATION INSTITUTE OF MAINTENANCE       ,GA,30045-6716,Proprietary  ,34,136,170,49,197,246
03753400,MICHAEL'S SCHOOL OF BEAUTY              ,GA,31211-1493,Proprietary  ,9,46,55,13,55,68
03804400,JAVELIN TECHNICAL TRAINING CENTER       ,GA,30339-6040,Proprietary  ,89,440,529,115,593,708
03804401,JAVELIN TECHNICAL TRAINING CENTER -     ,GA,30260-1756,Proprietary  ,5,13,18,6,24,30
03804402,JAVELIN TECHNICAL TRAINING CENTER -     ,GA,30084-5252,Proprietary  ,3,13,16,5,17,22
03812300,OMNITECH INSTITUTE                      ,GA,30035-1206,Proprietary  ,48,138,186,68,212,280
04021300,AUGUSTA SCHOOL OF MASSAGE               ,GA,30809-0000,Proprietary  ,6,17,23,9,26,35
04091300,SAVANNAH SCHOOL OF MASSAGE THERAPY      ,GA,31406-2711,Proprietary  ,6,25,31,14,46,60
04105300,NIGHTINGALE MEDICAL INSTITUTE           ,GA,30084-4036,Proprietary  ,1,3,4,5,10,15
04126800,ACADEMY OF SOMATIC HEALING ARTS (ASHA)  ,GA,30071-1024,Proprietary  ,12,32,44,13,46,59
04128500,SOUTHERN CATHOLIC COLLEGE               ,GA,30534-3111,Private      ,79,3,82,147,6,153
        ,CHICAGO THEOLOGICAL SEMINARY            ,IL,60637-0000,Private      ,3,28,31,3,111,114
00162800,AMERICAN ACADEMY OF ART                 ,IL,60604-4302,Proprietary  ,210,49,259,385,84,469
00163300,AUGUSTANA COLLEGE                       ,IL,61201-2296,Private      ,693,53,746,3180,102,3282
00163400,AURORA UNIVERSITY                       ,IL,60506-4892,Private      ,704,818,1522,1931,1470,3401
00163600,SOUTHWESTERN ILLINOIS COLLEGE           ,IL,62221-5899,Public       ,1078,1688,2766,1905,2822,4727
00163800,BLACK HAWK COLLEGE                      ,IL,61265-5899,Public       ,699,923,1622,1211,1465,2676
00163900,BLACKBURN COLLEGE                       ,IL,62626-1498,Private      ,326,55,381,761,90,851
00164000,PRAIRIE STATE COLLEGE                   ,IL,60411-8226,Public       ,601,1066,1667,1131,1952,3083
00164100,BRADLEY UNIVERSITY                      ,IL,61625-0002,Private      ,554,227,781,5809,796,6605
00164300,SPOON RIVER COLLEGE                     ,IL,61520-8907,Public       ,215,238,453,483,424,907
00164700,CITY COLLEGES OF CHICAGO                ,IL,60606-6998,Public       ,149,181,330,304,363,667
00164800,TRUMAN COLLEGE                          ,IL,60640-5691,Public       ,728,1136,1864,1397,2088,3485
00164900,RICHARD J DALEY COLLEGE                 ,IL,60652-1299,Public       ,587,919,1506,1183,1774,2957
00165000,CITY COLLEGES OF CHICAGO-MALCOLM X      ,IL,60612-3197,Public       ,692,1332,2024,1363,2694,4057
00165200,HAROLD WASHINGTON COLLEGE               ,IL,60601-2403,Public       ,1259,1458,2717,2343,2741,5084
00165400,KENNEDY KING COLLEGE                    ,IL,60621-3798,Public       ,969,1942,2911,1783,3674,5457
00165500,WRIGHT COLLEGE                          ,IL,60634-1591,Public       ,1326,1235,2561,2511,2166,4677
00165700,MIDWESTERN UNIVERSITY                   ,IL,60515-1200,Private      ,27,749,776,113,2423,2536
00165900,ROSALIND FRANKLIN UNIVERSITY OF MEDICINE,IL,60064-3095,Private      ,5,367,372,15,1866,1881
00166300,SPERTUS COLLEGE                         ,IL,60605-1995,Private      ,0,17,17,0,37,37
00166400,UNIVERSITY OF ST FRANCIS                ,IL,60435-6188,Private      ,416,447,863,1244,1064,2308
00166500,COLUMBIA COLLEGE                        ,IL,60605-1996,Private      ,3500,1440,4940,9080,3113,12193
00166600,CONCORDIA UNIVERSITY                    ,IL,60305-1499,Private      ,395,1133,1528,1281,1899,3180
00166900,DANVILLE AREA COMMUNITY COLLEGE         ,IL,61832-5199,Public       ,207,348,555,495,660,1155
00167100,DEPAUL UNIVERSITY                       ,IL,60604-2287,Private      ,2619,3184,5803,13747,9929,23676
00167400,EASTERN ILLINOIS UNIVERSITY             ,IL,61920-3099,Public       ,2455,974,3429,7998,2154,10152
00167500,ELGIN COMMUNITY COLLEGE                 ,IL,60123-7193,Public       ,921,883,1804,1548,1557,3105
00167600,ELMHURST COLLEGE                        ,IL,60126-3296,Private      ,858,384,1242,2907,746,3653
00167800,EUREKA COLLEGE                          ,IL,61530-9976,Private      ,254,87,341,818,180,998
00168100,HIGHLAND COMMUNITY COLLEGE              ,IL,61032-9341,Public       ,251,272,523,487,466,953
00168200,GARRETT-EVANGELICAL THEOLOGICAL SEM     ,IL,60201-0000,Private      ,0,63,63,1,119,120
00168400,GREENVILLE COLLEGE                      ,IL,62246-1199,Private      ,523,239,762,1396,410,1806
00168500,HEBREW THEOLOGICAL COLLEGE              ,IL,60077-3263,Private      ,162,5,167,265,7,272
00168800,ILLINOIS COLLEGE                        ,IL,62650-2299,Private      ,261,30,291,1207,63,1270
00168900,ILLINOIS COLLEGE OF OPTOMETRY           ,IL,60616-3878,Private      ,4,199,203,13,645,658
00169100,ILLINOIS INSTITUTE OF TECHNOLOGY        ,IL,60616-0000,Private      ,599,626,1225,2230,1431,3661
00169103,CHICAGO KENT COLLEGE OF LAW             ,IL,60661-0000,Private      ,4,385,389,15,1769,1784
00169200,ILLINOIS STATE UNIVERSITY               ,IL,61790-1000,Public       ,3158,994,4152,15332,3289,18621
00169300,NORTHEASTERN ILLINOIS UNIV              ,IL,60625-4699,Public       ,1620,1925,3545,4047,4261,8308
00169400,CHICAGO STATE UNIVERSITY                ,IL,60628-1598,Public       ,1761,2923,4684,4449,6163,10612
00169600,ILLINOIS WESLEYAN UNIVERSITY            ,IL,61701-0000,Private      ,511,20,531,2644,54,2698
00169800,JOHN MARSHALL LAW SCHOOL                ,IL,60604-0000,Private      ,2,873,875,14,2030,2044
00169900,JOLIET JUNIOR COLLEGE                   ,IL,60431-8938,Public       ,1592,1462,3054,3038,2656,5694
00170000,JUDSON UNIVERSITY                       ,IL,60123-1498,Private      ,280,237,517,676,404,1080
00170100,KASKASKIA COLLEGE                       ,IL,62801-7878,Public       ,384,545,929,778,1011,1789
00170300,KENDALL COLLEGE                         ,IL,60622-4278,Proprietary  ,356,620,976,788,1127,1915
00170400,KNOX COLLEGE                            ,IL,61401-4999,Private      ,467,22,489,2220,60,2280
00170500,ILLINOIS VALLEY COMMUNITY COLLEGE       ,IL,61348-9692,Public       ,405,434,839,759,739,1498
00170600,LAKE FOREST COLLEGE                     ,IL,60045-2399,Private      ,474,31,505,1613,81,1694
00170700,LEWIS UNIVERSITY                        ,IL,60446-2200,Private      ,1169,879,2048,3131,1612,4743
00170800,LINCOLN CHRISTIAN COLLEGE               ,IL,62656-2167,Private      ,168,190,358,395,367,762
00170900,LINCOLN COLLEGE                         ,IL,62656-1699,Private      ,441,140,581,940,279,1219
00171000,LOYOLA UNIVERSITY CHICAGO               ,IL,60626-0000,Private      ,1546,2056,3602,14230,7073,21303
00171002,LOYOLA STRITCH SCHOOL OF MEDICINE       ,IL,60153-0000,Private      ,3,105,108,9,1056,1065
00171200,LUTHERAN SCHOOL OF THEOL AT CHICAGO     ,IL,60615-0000,Private      ,0,53,53,0,98,98
00171600,MACCORMAC COLLEGE                       ,IL,60602-4405,Private      ,22,60,82,33,74,107
00171700,MACMURRAY COLLEGE                       ,IL,62650-2590,Private      ,210,71,281,566,141,707
00172100,MCCORMICK THEOLOGICAL SEMINARY          ,IL,60615-5108,Private      ,0,52,52,1,94,95
00172200,MCKENDREE UNIVERSITY                    ,IL,62254-1299,Private      ,551,477,1028,1414,925,2339
00172300,MEADVILLE LOMBARD THEOLOGICAL SCHOOL    ,IL,60637-1602,Private      ,0,4,4,0,52,52
00172400,MILLIKIN UNIVERSITY                     ,IL,62522-2084,Private      ,723,306,1029,2370,537,2907
00172500,MONMOUTH COLLEGE                        ,IL,61462-1963,Private      ,504,25,529,1690,54,1744
00172800,MORTON COLLEGE                          ,IL,60804-4398,Public       ,449,540,989,769,840,1609
00173200,NATIONAL UNIV OF HEALTH SCIENCES        ,IL,60148-4583,Private      ,19,233,252,34,465,499
00173300,NATIONAL-LOUIS UNIVERSITY               ,IL,60603-3032,Private      ,79,2187,2266,182,3808,3990
00173400,NORTH CENTRAL COLLEGE                   ,IL,60540-4690,Private      ,744,221,965,2623,447,3070
00173500,NORTH PARK UNIVERSITY                   ,IL,60625-4895,Private      ,658,452,1110,1920,815,2735
00173600,NORTHERN BAPTIST THEOL SEMINARY         ,IL,60148-0000,Private      ,0,0,0,1,6,7
00173700,NORTHERN ILLINOIS UNIVERSITY            ,IL,60115-2854,Public       ,4523,2391,6914,15739,6083,21822
00173900,NORTHWESTERN UNIV                       ,IL,60208-0001,Private      ,1972,2447,4419,14830,8044,22874
00174100,OLIVET NAZARENE UNIVERSITY              ,IL,60914-2271,Private      ,622,529,1151,2500,983,3483
00174200,IL EASTERN COMM COLGS-OLNEY CENTRAL     ,IL,62450-1099,Public       ,207,194,401,417,357,774
00174500,QUINCY UNIVERSITY                       ,IL,62301-2699,Private      ,440,286,726,1235,457,1692
00174600,ROBERT MORRIS UNIVERSITY ILLINOIS       ,IL,60605-1225,Private      ,1425,1432,2857,3643,3489,7132
00174700,ROCK VALLEY COLLEGE                     ,IL,61114-5699,Public       ,995,1277,2272,1736,2352,4088
00174800,ROCKFORD COLLEGE                        ,IL,61108-2393,Private      ,286,274,560,762,577,1339
00174900,ROOSEVELT UNIVERSITY                    ,IL,60605-1394,Private      ,1004,2125,3129,2894,4650,7544
00175000,DOMINICAN UNIVERSITY                    ,IL,60305-1066,Private      ,571,528,1099,1918,946,2864
00175200,SAUK VALLEY COMMUNITY COLLEGE           ,IL,61021-9112,Public       ,337,340,677,663,638,1301
00175300,SCHOOL OF ART INSTITUTE OF CHICAGO      ,IL,60603-3017,Private      ,450,325,775,2538,1694,4232
00175400,SEABURY-WESTERN THEO SEMINARY           ,IL,60201-0000,Private      ,0,15,15,0,24,24
00175600,SHIMER COLLEGE                          ,IL,60616-3893,Private      ,31,17,48,94,35,129
00175700,SOUTHEASTERN ILLINOIS COLLEGE           ,IL,62946-4925,Public       ,198,238,436,399,415,814
00175800,SOUTHERN ILL UNIV-CARBONDALE            ,IL,62901-0000,Public       ,4330,2738,7068,12039,5703,17742
00175900,SOUTHERN ILL UNIV-EDWARDSVILLE          ,IL,62026-1060,Public       ,2529,1593,4122,8287,3717,12004
00175924,SO IL UNIV-SCHL OF DENTAL MEDICINE      ,IL,62002-0000,Public       ,2,70,72,4,196,200
00176100,SPRINGFIELD COLLEGE IN ILLINOIS         ,IL,62702-2694,Private      ,165,207,372,300,354,654
00176500,UNIVERSITY OF ST MARY OF THE LAKE       ,IL,60060-0000,Private      ,0,3,3,0,9,9
00176700,BENEDICTINE UNIVERSITY                  ,IL,60532-0900,Private      ,681,1133,1814,1909,1948,3857
00176800,ST XAVIER UNIVERSITY                    ,IL,60655-3199,Private      ,778,883,1661,3260,2335,5595
00176900,SOUTH SUBURBAN COLLEGE                  ,IL,60473-9978,Public       ,660,1498,2158,1185,2698,3883
00177100,TRINITY CHRISTIAN COLLEGE               ,IL,60463-0929,Private      ,303,277,580,1035,498,1533
00177200,TRINITY INTERNATIONAL UNIVERSITY        ,IL,60015-1283,Private      ,251,387,638,722,775,1497
00177300,TRITON COLLEGE                          ,IL,60171-1995,Public       ,868,1066,1934,1640,1898,3538
00177400,UNIVERSITY OF CHICAGO                   ,IL,60637-1476,Private      ,1614,537,2151,9302,1739,11041
00177401,UNIV OF CHICAGO PRITZKER SCH OF MED     ,IL,60637-0000,Private      ,7,235,242,28,640,668
00177403,"UNIV OF CHICAGO, GRAD SCH OF BUS        ",IL,60637-0000,Private      ,8,498,506,23,772,795
00177405,UNIVERSITY OF CHICAGO GRADUATE          ,IL,60637-0000,Private      ,18,1159,1177,84,4827,4911
00177500,UNIV OF ILLINOIS @ URBANA-CHAMPAIGN     ,IL,61820-5796,Public       ,4495,1928,6423,22366,6336,28702
00177600,UNIV OF ILLINOIS AT CHICAGO             ,IL,60607-7163,Public       ,3828,3296,7124,14820,10082,24902
00177800,VANDERCOOK COLLEGE OF MUSIC             ,IL,60616-3731,Private      ,53,32,85,136,61,197
00177900,IL EASTERN COMM COLGS-WABASH VALLEY     ,IL,62863-2699,Public       ,104,100,204,297,204,501
00178000,WESTERN ILLINOIS UNIVERSITY             ,IL,61455-1390,Public       ,2915,1150,4065,8140,2380,10520
00178100,WHEATON COLLEGE                         ,IL,60187-5535,Private      ,493,207,700,2318,463,2781
00178300,WORSHAM COLLEGE OF MORTUARY SCIENCE     ,IL,60090-2646,Proprietary  ,15,27,42,32,69,101
00396100,HARPER COLLEGE                          ,IL,60067-7398,Public       ,1161,974,2135,2465,1692,4157
00418100,ADVOCATE TRINITY HOSPITAL SCHOOL OF RADI,IL,60617-3982,Private      ,12,28,40,21,60,81
00456000,GEM CITY COLLEGE                        ,IL,62301-4949,Proprietary  ,2,8,10,2,11,13
00456800,MIDSTATE COLLEGE                        ,IL,61614-3558,Proprietary  ,25,254,279,41,485,526
00457100,SPARKS COLLEGE                          ,IL,62565-2241,Proprietary  ,1,3,4,1,3,4
00512732,BROWN MACKIE COLLEGE-MERRILLVILLE - BROW,IL,61265-7062,Proprietary  ,2,8,10,2,8,10
00621400,BLESSING RIEMAN COLLEGE OF NURSING      ,IL,62301-0000,Private      ,23,25,48,55,49,104
00621401,BLESSING HOSP SCH MED LAB TECH          ,IL,62301-0000,Private      ,0,4,4,0,4,4
00621402,BLESSING HOSP SCH OF RAD TECH           ,IL,62301-2852,Private      ,8,3,11,8,9,17
00621403,BLESSING HOSPITAL - COLLEGE OF NURSING  ,IL,62305-7005,Private      ,3,3,6,11,10,21
00622501,TRINITY COLLEGE OF NURSING & HEALTH SCIE,IL,61201-5317,Private      ,33,67,100,67,139,206
00622800,METHODIST MED CTR OF ILL SCH NRSNG      ,IL,61636-0000,Private      ,31,69,100,57,122,179
00624000,ST FRANCIS MED CLG OF NRSG              ,IL,61603-3783,Private      ,56,99,155,139,240,379
00665600,COLLEGE OF DUPAGE                       ,IL,60137-6599,Public       ,2030,1879,3909,3850,3244,7094
00675300,ILLINOIS CENTRAL COLLEGE                ,IL,61635-0001,Public       ,1218,1462,2680,2322,2536,4858
00693100,WAUBONSEE COMMUNITY COLLEGE             ,IL,60554-0000,Public       ,494,594,1088,950,1119,2069
00711800,PARKLAND COLLEGE                        ,IL,61821-1899,Public       ,1169,965,2134,2395,1668,4063
00711900,REND LAKE COLLEGE                       ,IL,62846-9801,Public       ,466,541,1007,809,861,1670
00717000,LINCOLN LAND COMMUNITY COLLEGE          ,IL,62794-9256,Public       ,715,1061,1776,1374,1799,3173
00726500,CARL SANDBURG COLLEGE                   ,IL,61401-9576,Public       ,324,481,805,634,844,1478
00754900,COYNE AMERICAN INSTITUTE                ,IL,60607-1300,Proprietary  ,128,297,425,204,566,770
00764400,LAKE LAND COLLEGE                       ,IL,61938-9366,Public       ,630,566,1196,1442,1013,2455
00768400,KISHWAUKEE COLLEGE                      ,IL,60150-9699,Public       ,444,398,842,879,776,1655
00769000,KANKAKEE COMMUNITY COLLEGE              ,IL,60901-6505,Public       ,367,596,963,742,1087,1829
00769100,MCHENRY COUNTY COLLEGE                  ,IL,60012-2761,Public       ,487,394,881,827,716,1543
00769200,MORAINE VALLEY COMMUNITY COLLEGE        ,IL,60465-0937,Public       ,1344,1150,2494,2565,2066,4631
00769300,SHAWNEE COMMUNITY COLLEGE               ,IL,62992-9725,Public       ,212,410,622,421,619,1040
00769400,COLLEGE OF LAKE COUNTY                  ,IL,60030-1198,Public       ,721,1003,1724,1511,1779,3290
00793700,MS ROBERTS ACADEMY OF BEAUTY CULT       ,IL,60181-2930,Proprietary  ,4,20,24,4,23,27
00807600,JOHN A LOGAN COLLEGE                    ,IL,62918-2500,Public       ,700,891,1591,1148,1359,2507
00814604,EVEREST UNIVERSITY - EVEREST  COLLEGE   ,IL,60803-4517,Proprietary  ,62,332,394,65,363,428
00825900,EDUCATORS OF BEAUTY                     ,IL,61081-3611,Proprietary  ,9,46,55,17,71,88
00825901,EDUCATORS OF BEAUTY                     ,IL,61104-0000,Proprietary  ,11,55,66,19,85,104
00832800,ALVAREITA'S COLLEGE OF COSMETOLOGY      ,IL,62025-2041,Proprietary  ,9,23,32,13,34,47
00854500,ROCKFORD BUSINESS COLLEGE               ,IL,61103-0000,Proprietary  ,47,350,397,65,453,518
00869402,RASMUSSEN COLLEGE - SAINT CLOUD - ROCKFO,IL,61108-2513,Proprietary  ,74,241,315,102,483,585
00869403,RASMUSSEN COLLEGE - SAINT CLOUD - AURORA,IL,60506-0000,Proprietary  ,0,1,1,0,1,1
00888000,MORRISON INSTITUTE OF TECHNOLOGY        ,IL,61270-2959,Private      ,61,8,69,114,11,125
00893800,GRAHAM HOSPITAL SCH OF NURSING          ,IL,61520-2497,Private      ,11,27,38,23,49,72
00893900,CANNELLA SCHOOL OF HAIR DESIGN          ,IL,60406-2130,Proprietary  ,3,9,12,8,16,24
00914500,GOVERNORS STATE UNIVERSITY              ,IL,60466-0975,Public       ,222,1609,1831,471,3144,3615
00923200,CATHOLIC THEOLOGICAL UNION              ,IL,60615-0000,Private      ,0,15,15,0,33,33
00933300,UNIV OF ILLINOIS AT SPRINGFIELD         ,IL,62703-5407,Public       ,501,839,1340,1357,1657,3014
00947500,EDUCATORS OF BEAUTY                     ,IL,61301-2404,Proprietary  ,4,14,18,10,19,29
00959500,CANNELLA SCHOOL OF HAIR DESIGN          ,IL,60617-4303,Proprietary  ,5,9,14,10,21,31
00976700,OLIVE-HARVEY COLLEGE                    ,IL,60628-1696,Public       ,333,809,1142,595,1579,2174
00978600,IL EASTERN COMM COLGS-LINCOLN TRAIL     ,IL,62454-5708,Public       ,99,109,208,219,209,428
00980000,RUSH UNIVERSITY                         ,IL,60612-3806,Private      ,60,766,826,143,1714,1857
00989600,OAKTON COMMUNITY COLLEGE                ,IL,60016-1268,Public       ,856,689,1545,1697,1217,2914
00998700,SAINT ANTHONY COLLEGE OF NURSING        ,IL,61108-2468,Private      ,44,72,116,76,157,233
01002000,LEWIS AND CLARK COMMUNITY COLLEGE       ,IL,62035-2466,Public       ,581,715,1296,1075,1287,2362
01031600,LINCOLN COLLEGE OF TECHNOLOGY           ,IL,60160-1605,Proprietary  ,324,390,714,487,495,982
01050100,LAKEVIEW  COLLEGE OF NURSING            ,IL,61832-3781,Private      ,53,85,138,104,143,247
01069500,TRI-COUNTY BEAUTY ACADEMY               ,IL,62056-2036,Proprietary  ,1,6,7,3,10,13
01071000,CAPITAL AREA SCH OF PRAC NRSG           ,IL,62707-0000,Public       ,13,141,154,26,230,256
01072700,DEVRY UNIVERSITY                        ,IL,60618-5994,Proprietary  ,8719,24833,33552,15506,40631,56137
01073700,ADVOCATE IL MASONIC SCH OF RAD TECH     ,IL,60657-5193,Private      ,3,8,11,6,23,29
01083600,PIVOT POINT INTNL CSMTLGY RSRCH CTR     ,IL,60626-0000,Proprietary  ,108,136,244,168,233,401
01087900,RICHLAND COMMUNITY COLLEGE              ,IL,62521-8513,Public       ,245,460,705,464,733,1197
01102401,EVEREST COLLEGE - CHICAGO               ,IL,60604-2052,Proprietary  ,158,593,751,223,722,945
01151002,EVEREST INSTITUTE - EVEREST COLLEGE     ,IL,60542-1610,Proprietary  ,32,126,158,41,176,217
01181000,TAYLOR BUSINESS INSTITUTE               ,IL,60606-5111,Proprietary  ,5,55,60,11,72,83
01185800,EVEREST COLLEGE                         ,IL,60077-1074,Proprietary  ,71,305,376,87,377,464
01185802,EVEREST COLLEGE - BURR RIDGE            ,IL,60527-7826,Proprietary  ,28,143,171,36,154,190
01236200,NORTHWESTERN COLLEGE                    ,IL,60630-2298,Proprietary  ,273,687,960,638,1323,1961
01238500,BLOOMINGTON-NORMAL SCH RADIOGRAPHY      ,IL,61761-4604,Private      ,1,4,5,10,9,19
01258400,ILLINOIS INSTITUTE OF ART (THE)         ,IL,60654-1593,Proprietary  ,1576,1008,2584,3123,1620,4743
01258401,ILLINOIS INSTITUTE OF ART (THE) - THE IL,IL,60173-4913,Proprietary  ,88,45,133,88,45,133
01281300,JOHN WOOD COMMUNITY COLLEGE             ,IL,62305-0401,Public       ,398,399,797,702,674,1376
01308700,CAPRI GARFIELD RIDGE SCH OF BTY CLR     ,IL,60629-1613,Proprietary  ,18,74,92,21,92,113
01308800,CAPRI OAK FOREST COLLEGE OF BEAUTY      ,IL,60452-2798,Proprietary  ,53,57,110,72,84,156
02055200,HARRINGTON COLLEGE OF DESIGN            ,IL,60606-3433,Proprietary  ,306,439,745,629,669,1298
02068100,ADLER SCH OF PROFESSIONAL PSYCHLGY      ,IL,60601-0000,Private      ,5,218,223,9,654,663
02069300,VATTEROTT COLLEGE                       ,IL,62305-5938,Proprietary  ,54,170,224,69,233,302
02073200,TELSHE YESHIVA-CHICAGO                  ,IL,60625-0000,Private      ,10,2,12,10,2,12
02074400,IL EASTERN COMM COLGS-FRONTIER          ,IL,62837-0000,Public       ,76,125,201,123,207,330
02075400,KELLER GRADUATE SCHOOL OF MGMT.         ,IL,60181-0000,Proprietary  ,8,7003,7011,16,9651,9667
02113600,AMERICAN INTERCONTINENTAL UNIVERSITY    ,IL,60192-3713,Proprietary  ,1096,11571,12667,1700,16390,18090
02117400,BECK AREA CAREER CENTER                 ,IL,62278-0000,Public       ,7,39,46,12,70,82
02124400,UNIVERSITY OF SPA & COSMETOLOGY ART     ,IL,62704-0000,Proprietary  ,43,38,81,60,73,133
02150600,COSMETOLOGY AND SPA INSTITUTE (THE)     ,IL,60014-4003,Proprietary  ,12,33,45,18,41,59
02155300,THE CHICAGO SCHOOL OF PROF PSYCHOLOGY   ,IL,60610-4705,Private      ,3,932,935,14,2065,2079
02160300,INTERNATIONAL ACAD OF DESIGN & TECH     ,IL,60602-3319,Proprietary  ,445,443,888,1131,989,2120
02160304,INTERNATIONAL ACADEMY OF DESIGN AND TECH,IL,60173-5160,Proprietary  ,56,62,118,104,127,231
02168600,EAST WEST UNIVERSITY                    ,IL,60605-0000,Private      ,253,1093,1346,432,1356,1788
02179900,ARGOSY UNIVERSITY                       ,IL,60601-7757,Proprietary  ,417,7602,8019,702,16097,16799
02185400,ST AUGUSTINE COLLEGE                    ,IL,60640-0000,Private      ,140,632,772,186,820,1006
02192400,MR JOHNS SCHOOL OF COSMETOLOGY          ,IL,62521-0000,Proprietary  ,4,37,41,5,46,51
02202600,CANNELLA SCHOOL OF HAIR DESIGN          ,IL,60181-1321,Proprietary  ,2,10,12,2,10,12
02214100,WEST SUBURBAN COLLEGE OF NURSING        ,IL,60302-2519,Private      ,44,134,178,93,254,347
02228100,MAC DANIEL'S BEAUTY SCHOOL              ,IL,60640-0000,Proprietary  ,3,15,18,10,21,31
02261200,HAIR PROFESSIONALS ACAD COSMETOLOGY     ,IL,60118-0000,Proprietary  ,17,23,40,19,26,45
02261201,HAIR PROFESSIONALS ACADEMY OF COSMETOLOG,IL,60118-9333,Proprietary  ,1,2,3,2,4,6
02262100,HAIR PROFESSIONALS SCH COSMETOLOGY      ,IL,60543-0000,Proprietary  ,7,5,12,10,9,19
02291200,CANNELLA SCHOOL OF HAIR DESIGN          ,IL,60639-0000,Proprietary  ,5,12,17,10,19,29
02295500,CANNELLA SCHOOL OF HAIR DESIGN          ,IL,60120-0000,Proprietary  ,4,9,13,6,12,18
02297500,OEHRLEIN SCHOOL OF COSMETOLOGY          ,IL,61611-0000,Proprietary  ,8,18,26,16,31,47
02312300,LA' JAMES COLLEGE HAIRSTYLING           ,IL,61244-0000,Proprietary  ,6,13,19,8,21,29
02313900,WESTWOOD COLLEGE - O'HARE AIRPORT       ,IL,60631-2801,Proprietary  ,143,198,341,264,329,593
02317300,CONCEPT COLLEGE OF COSMETOLOGY          ,IL,61832-0000,Proprietary  ,10,30,40,12,32,44
02319200,LAKE FOREST GRAD SCHL OF MGMT           ,IL,60045-4824,Private      ,1,54,55,1,78,79
02323300,PROFESSIONAL'S CHOICE HAIR DSN ACAD     ,IL,60435-0000,Proprietary  ,4,11,15,10,20,30
02332200,HAIR PROFESSIONALS CAREER COLLEGE       ,IL,60178-0000,Proprietary  ,5,12,17,7,18,25
02337800,THE COLLEGE OF OFFICE TECHNOLOGY        ,IL,60622-0000,Proprietary  ,13,126,139,19,150,169
02349400,ALVAREITA'S COLLEGE OF COSMETOLOGY      ,IL,62035-0000,Proprietary  ,4,5,9,10,8,18
02349500,CANNELLA SCHOOL OF HAIR DESIGN          ,IL,60632-0000,Proprietary  ,6,17,23,10,20,30
02352200,COOKING & HOSPITALITY INSTITUTE         ,IL,60610-3050,Proprietary  ,217,359,576,504,660,1164
02498200,HAIR PROFESSIONALS ACAD COSMETOLOGY     ,IL,60187-0000,Proprietary  ,6,7,13,8,10,18
02498201,HAIR PROFESSIONALS ACADEMY OF COSMETOLOG,IL,60563-0000,Proprietary  ,8,3,11,9,8,17
02522800,FOX COLLEGE                             ,IL,60453-0000,Proprietary  ,86,53,139,144,76,220
02527600,LEXINGTON COLLEGE                       ,IL,60607-0000,Private      ,20,11,31,56,24,80
02536700,BELL MAR BEAUTY COLLEGE                 ,IL,60650-0000,Proprietary  ,2,6,8,4,11,15
02538100,REGENCY BEAUTY INSTITUTE                ,IL,61820-0000,Proprietary  ,0,0,0,2,5,7
02556100,ENVIRONMENTAL TECHNICAL INSTITUTE       ,IL,60143-0000,Proprietary  ,48,72,120,57,80,137
02556600,NILES SCHOOL OF COSMETOLOGY             ,IL,60714-0000,Proprietary  ,6,14,20,7,20,27
02573700,INSTITUTE FOR CLINICAL SOCIAL WORK      ,IL,60601-0000,Private      ,3,34,37,6,61,67
02579200,INGALLS MEMORIAL HOSPITAL               ,IL,60426-0000,Private      ,3,10,13,4,15,19
02584900,"FIRST INSTITUTE, INC.                   ",IL,60014-7489,Proprietary  ,6,39,45,8,45,53
02587700,HAIR PROFESSIONALS CAREER COLLEGE       ,IL,60465-1929,Proprietary  ,14,24,38,15,29,44
02599500,HANOVER PARK COLLEGE OF BEAUTY CULT     ,IL,60133-5421,Proprietary  ,21,19,40,25,22,47
02622700,KNOWLEDGE SYSTEMS INSTITUTE             ,IL,60076-0000,Private      ,0,0,0,0,1,1
03002000,HAIRMASTERS INST OF COSMETOLOGY         ,IL,61701-5547,Proprietary  ,7,22,29,13,30,43
03027702,PACIFIC COLLEGE OF ORIENTAL MED         ,IL,60613-0000,Proprietary  ,0,39,39,3,68,71
03065300,TREND SETTERS COLL OF COSMETOLOGY       ,IL,60915-2101,Proprietary  ,44,33,77,48,38,86
03072701,WESTWOOD COLLEGE OF TECHNOLOGY          ,IL,60409-0000,Proprietary  ,117,293,410,185,525,710
03072702,WESTWOOD COLLEGE OF TECHNOLOGY          ,IL,60602-0000,Proprietary  ,182,356,538,323,536,859
03078400,CAMEO BEAUTY ACADEMY                    ,IL,60453-3196,Proprietary  ,15,27,42,21,29,50
03079200,WESTWOOD COLLEGE - DUPAGE               ,IL,60517-2321,Proprietary  ,187,173,360,323,288,611
03082900,ROSEL SCHOOL OF COSMETOLOGY             ,IL,60659-1913,Proprietary  ,5,32,37,7,35,42
03083800,HEARTLAND COMMUNITY COLLEGE             ,IL,61761-9446,Public       ,529,643,1172,1085,1127,2212
03098000,ST JOHN'S COLLEGE OF NURSING            ,IL,62702-5321,Private      ,19,27,46,38,40,78
03098002,ST JOHN'S HOSP SCH MED TECH             ,IL,62769-5324,Private      ,2,2,4,3,6,9
03099700,CAIN'S BARBER COLLEGE                   ,IL,60615-3510,Proprietary  ,22,93,115,31,110,141
03099800,ILLINOIS SCHOOL OF HEALTH CAREERS       ,IL,60604-0000,Proprietary  ,112,322,434,148,420,568
03101800,ILLINOIS CENTER FOR BROADCASTING        ,IL,60148-7015,Proprietary  ,23,56,79,30,84,114
03128300,PYRAMID CAREER INSTITUTE                ,IL,60657-4207,Proprietary  ,0,1,1,2,1,3
03128500,NATIONAL LATINO EDUCATION INSTITUTE     ,IL,60609-2205,Private      ,8,20,28,11,30,41
03199300,CHRISTIAN LIFE COLLEGE                  ,IL,60056-2522,Private      ,4,2,6,9,6,15
03368300,MIDWEST TECHNICAL INSTITUTE             ,IL,62707-8805,Proprietary  ,95,325,420,138,545,683
03416300,COMPUTER SYSTEMS INSTITUTE              ,IL,60077-0000,Proprietary  ,26,124,150,28,138,166
03448300,BIR TRAINING CENTER                     ,IL,60659-1298,Proprietary  ,10,163,173,11,178,189
03455700,CORTIVA INSTITUTE - CHICAGO             ,IL,60602-3315,Proprietary  ,50,97,147,84,176,260
03472300,CHICAGO URBAN LEAGUE COMPUTER TRAIN     ,IL,60604-2198,Private      ,0,0,0,1,2,3
03510300,ERIKSON INSTITUTE                       ,IL,60654-4510,Private      ,1,62,63,1,254,255
03623300,VEE'S SCHOOL OF BEAUTY CULTURE          ,IL,62205-2326,Proprietary  ,0,3,3,0,4,4
03643300,MR. JOHN'S SCHOOL OF COSMETOLOGY &      ,IL,62650-3488,Proprietary  ,2,5,7,3,6,9
03684300,NORTHSHORE UNIVERSITY HEALTHSYSTEM SCHOO,IL,60201-9872,Private      ,0,8,8,2,22,24
03721400,AMERICAN CAREER COLLEGE                 ,IL,60402-0000,Proprietary  ,2,11,13,5,21,26
03881400,EUROPEAN MASSAGE THERAPY SCHOOL         ,IL,60077-2269,Proprietary  ,4,20,24,5,24,29
03891300,SOMA INSTITUTE - THE NATIONAL SCHOOL OF ,IL,60604-4466,Proprietary  ,32,51,83,50,70,120
03914300,"CALC, INSTITUTE OF TECHNOLOGY           ",IL,62002-5931,Proprietary  ,7,81,88,9,99,108
03955400,MIDWEST INSTITUTE OF MASSAGE THERAPY    ,IL,62223-0000,Proprietary  ,0,8,8,1,13,14
04117500,SOLEX MEDICAL ACADEMY                   ,IL,60090-3104,Proprietary  ,3,7,10,5,9,14
        ,ASBURY THEOLOGICAL SEMINARY             ,KY,40390-0000,Private      ,7,155,162,16,1129,1145
00195100,ALICE LLOYD COLLEGE                     ,KY,41844-9703,Private      ,173,32,205,846,88,934
00195200,ASBURY COLLEGE                          ,KY,40390-1198,Private      ,278,100,378,1362,240,1602
00195400,BELLARMINE UNIVERSITY                   ,KY,40205-1877,Private      ,242,272,514,2721,807,3528
00195500,BEREA COLLEGE                           ,KY,40403-0000,Private      ,437,116,553,2430,401,2831
00195800,BRESCIA UNIVERSITY                      ,KY,42301-3023,Private      ,134,83,217,497,191,688
00195900,CAMPBELLSVILLE UNIVERSITY               ,KY,42718-2799,Private      ,310,274,584,1919,760,2679
00196000,SPALDING UNIVERSITY                     ,KY,40203-2188,Private      ,133,534,667,524,1495,2019
00196100,CENTRE COLLEGE                          ,KY,40422-1394,Private      ,127,12,139,1852,39,1891
00196200,UNIVERSITY OF THE CUMBERLANDS           ,KY,40769-1372,Private      ,326,217,543,1955,556,2511
00196300,EASTERN KENTUCKY UNIVERSITY             ,KY,40475-3102,Public       ,2206,2036,4242,8705,5118,13823
00196400,GEORGETOWN COLLEGE                      ,KY,40324-1628,Private      ,253,169,422,1861,342,2203
00196500,KENTUCKY CHRISTIAN UNIVERSITY           ,KY,41143-2205,Private      ,134,45,179,658,135,793
00196800,KENTUCKY STATE UNIVERSITY               ,KY,40601-2355,Public       ,742,390,1132,2675,966,3641
00196900,KENTUCKY WESLEYAN COLLEGE               ,KY,42302-1039,Private      ,219,59,278,1076,162,1238
00197000,LEES COLLEGE                            ,KY,41339-0000,Private      ,1,1,2,2,3,5
00197100,LEXINGTON THEOLOGICAL SEMINARY          ,KY,40508-0000,Private      ,1,18,19,2,43,45
00197200,LINDSEY WILSON COLLEGE                  ,KY,42728-1223,Private      ,201,319,520,1553,1085,2638
00197400,LOUISVILLE PRESBYTERIAN THEOL SEM       ,KY,40205-0000,Private      ,2,70,72,5,113,118
00197500,MIDWAY COLLEGE                          ,KY,40347-1120,Private      ,98,286,384,435,869,1304
00197600,MOREHEAD STATE UNIVERSITY               ,KY,40351-1689,Public       ,1178,1400,2578,5010,3152,8162
00197700,MURRAY STATE UNIVERSITY                 ,KY,42071-0009,Public       ,1434,1097,2531,5178,2432,7610
00197900,WEST KENTUCKY CMNTY & TECHNICAL COLG    ,KY,42002-7380,Public       ,342,833,1175,948,1705,2653
00198000,PIKEVILLE COLLEGE                       ,KY,41501-1194,Private      ,191,99,290,1010,295,1305
00198001,PIKEVILLE CLG-SCH OSTEOPATHIC MEDIC     ,KY,41501-0000,Private      ,0,129,129,8,278,286
00198200,SOUTHERN BAPTIST THEOL SEMINARY         ,KY,40280-0000,Private      ,15,54,69,44,143,187
00198300,ST. CATHARINE COLLEGE                   ,KY,40061-9499,Private      ,129,84,213,517,258,775
00198700,TRANSYLVANIA UNIVERSITY                 ,KY,40508-1797,Private      ,253,28,281,1588,70,1658
00198800,UNION COLLEGE                           ,KY,40906-1499,Private      ,176,226,402,1078,563,1641
00198900,UNIVERSITY OF KENTUCKY                  ,KY,40506-0054,Public       ,2862,2269,5131,13116,5844,18960
00198901,UNIV OF KY-COLLEGE OF DENTISTRY         ,KY,40536-0000,Public       ,3,127,130,9,196,205
00198902,UNIV OF KY-COLLEGE OF MEDICINE          ,KY,40536-0000,Public       ,2,161,163,21,374,395
00199000,ASHLAND COMMUNITY AND TECHNICAL COLLEGE ,KY,41101-3683,Public       ,261,536,797,916,1373,2289
00199100,ELIZABETHTOWN COMMUNITY  AND TECHNICAL C,KY,42701-3081,Public       ,434,956,1390,1368,2268,3636
00199300,HENDERSON COMMUNITY COLLEGE             ,KY,42420-4699,Public       ,143,291,434,324,715,1039
00199400,HOPKINSVILLE COMMUNITY COLLEGE          ,KY,42241-2621,Public       ,262,840,1102,707,1890,2597
00199600,BIG SANDY COMMUNITY AND TECHNICAL COLG  ,KY,41653-1815,Public       ,352,442,794,1201,1173,2374
00199700,SOMERSET COMMUNITY COLLEGE              ,KY,42501-2973,Public       ,589,1229,1818,1726,3220,4946
00199800,SOUTHEAST KENTUCKY COMMUNITY AND TECHNIC,KY,40823-1099,Public       ,262,347,609,738,784,1522
00199802,CUMBERLAND VLY TEC CLG MIDDLESBORO      ,KY,40965-2265,Public       ,6,7,13,27,18,45
00199804,SOUTHEAST COMMUNITY COLLEGE             ,KY,40831-1796,Public       ,21,33,54,78,87,165
00199900,UNIVERSITY OF LOUISVILLE                ,KY,40292-0000,Public       ,1857,2506,4363,10495,8197,18692
00200100,THOMAS MORE COLLEGE                     ,KY,41017-3495,Private      ,205,194,399,1169,491,1660
00200200,WESTERN KENTUCKY UNIVERSITY             ,KY,42101-3576,Public       ,3364,2599,5963,10633,5435,16068
00461800,SPENCERIAN COLLEGE                      ,KY,40216-2605,Proprietary  ,217,577,794,509,1249,1758
00461900,SULLIVAN UNIVERSITY                     ,KY,40205-3000,Proprietary  ,466,1146,1612,1375,2910,4285
00512729,BROWN MACKIE COLLEGE-CINCINNATI - 279 BU,KY,41017-2136,Proprietary  ,7,10,17,7,10,17
00524400,BLUEGRASS COMMUNITY & TECHNICAL COLLEGE ,KY,40506-0235,Public       ,1028,1905,2933,2645,4461,7106
00527100,BOWLING GREEN TECHNICAL COLLEGE         ,KY,42101-3601,Public       ,201,407,608,457,891,1348
00527300,GATEWAY COMMUNITY & TECHNOLOGY COLL     ,KY,41011-0000,Public       ,227,595,822,590,1494,2084
00696000,MAYSVILLE CMNTY & TECHNCL COLG          ,KY,41056-8910,Public       ,225,506,731,554,1241,1795
00696100,JEFFERSON COMMUNITY AND TECHNICAL COLLEG,KY,40202-2005,Public       ,1195,2138,3333,3391,5805,9196
00696200,HAZARD COMMUNITY COLLEGE                ,KY,41701-2402,Public       ,245,351,596,983,1026,2009
00696203,KY TECH-KNOTT CO. TECHNOLOGY CTR        ,KY,41822-0000,Public       ,0,2,2,2,3,5
00696204,KY TECH-LESLIE COUNTY AREA TECH CTR     ,KY,41749-0000,Public       ,2,0,2,2,1,3
00696205,KY TECH-LEE COUNTY AREA TECH CTR        ,KY,41311-0000,Public       ,0,1,1,1,1,2
00696206,KY TECH-LETCHER CNTY AREA TECH CTR      ,KY,41858-0000,Public       ,1,3,4,13,8,21
00696207,KY TECH-BREATHITT COUNTY VOC ED CTR     ,KY,41339-0000,Public       ,2,3,5,5,10,15
00842500,DAYMAR COLLEGE                          ,KY,42001-0000,Proprietary  ,19,165,184,43,279,322
00901000,MADISONVILLE COMMUNITY COLLEGE          ,KY,42431-9199,Public       ,252,606,858,738,1397,2135
00927500,NORTHERN KENTUCKY UNIVERSITY            ,KY,41099-0001,Public       ,1913,2093,4006,6576,4602,11178
00931300,DAYMAR COLLEGE                          ,KY,42301-5830,Proprietary  ,67,548,615,103,906,1009
00931302,DAYMAR COLLEGE - LOUISVILLE CAMPUS      ,KY,40219-1973,Proprietary  ,5,33,38,26,83,109
01042400,SALON PROFESSIONAL ACADEMY THE          ,KY,40502-1776,Proprietary  ,15,24,39,32,61,93
01048900,NATIONAL COLLEGE                        ,KY,40508-0000,Proprietary  ,113,1010,1123,233,2354,2587
01172500,COLLINS SCHOOL OF COSMETOLOGY           ,KY,40965-2809,Proprietary  ,8,14,22,12,20,32
01208800,SULLIVAN COLLEGE OF TECHNOLOGY AND DESIG,KY,40218-4528,Proprietary  ,122,122,244,338,282,620
01208801,LOUISVILLE TECHNICAL INSTITUTE -        ,KY,40218-4528,Proprietary  ,17,20,37,43,33,76
01212801,SOUTHWESTERN COLLEGE                    ,KY,41042-1466,Proprietary  ,28,187,215,38,224,262
01240400,LEXINGTON BEAUTY COLLEGE                ,KY,40503-1819,Proprietary  ,6,18,24,14,33,47
01272300,KY TECH-WAYNE COUNTY AREA TECH CTR      ,KY,42633-1088,Public       ,0,2,2,1,2,3
01291400,HAIR DESIGN SCHOOL (THE)                ,KY,40218-0000,Proprietary  ,67,98,165,92,150,242
01291500,HAIR DESIGN SCHOOL (THE)                ,KY,41042-5113,Proprietary  ,30,59,89,34,82,116
01291600,HAIR DESIGN SCHOOL (THE)                ,KY,40216-4212,Proprietary  ,11,48,59,17,74,91
01291700,HAIR DESIGN SCHOOL (THE)                ,KY,40160-0000,Proprietary  ,29,74,103,42,112,154
01296800,HAIR DESIGN SCHOOL (THE)                ,KY,40207-2695,Proprietary  ,34,34,68,42,49,91
02159100,"APPALACHIAN BEAUTY SCHOOL, INC.         ",KY,41503-0000,Proprietary  ,8,7,15,13,19,32
02177100,HAIR DESIGN SCHOOL (THE)                ,KY,40204-0000,Proprietary  ,36,52,88,45,68,113
02251500,TREND SETTERS ACAD OF BEAUTY CULT       ,KY,40258-0000,Proprietary  ,14,31,45,16,41,57
02275000,JENNY LEA ACADEMY OF COSMETOLOGY        ,KY,40831-0000,Proprietary  ,18,45,63,22,68,90
02279800,ELIZABETHTOWN BEAUTY SCHOOL             ,KY,42701-0000,Proprietary  ,3,12,15,14,19,33
02284306,INTERACTIVE LEARNING SYSTEMS            ,KY,41042-0000,Proprietary  ,4,52,56,4,55,59
02323700,PAT WILSON'S BEAUTY COLLEGE             ,KY,42420-0000,Proprietary  ,1,22,23,3,28,31
02337200,PJ'S COLLEGE OF COSMETOLOGY             ,KY,42101-0000,Proprietary  ,30,140,170,39,175,214
02340800,PAUL MITCHELL THE SCHOOL LEXINGTON      ,KY,40601-0000,Proprietary  ,1,15,16,4,21,25
02351700,DONTA SCHOOL OF BEAUTY CULTURE          ,KY,40203-0000,Proprietary  ,8,11,19,9,17,26
02491100,BECKFIELD COLLEGE                       ,KY,41042-0000,Proprietary  ,66,295,361,111,555,666
02518900,BARRETT & COMPANY SCH HAIR DESIGN       ,KY,40356-0000,Proprietary  ,17,26,43,24,51,75
02526100,JENNY LEA ACADEMY OF COSMETOLOGY        ,KY,41858-0000,Proprietary  ,7,12,19,8,12,20
02535600,CLEAR CREEK BAPTIST BIBLE COLLEGE       ,KY,40977-0000,Private      ,11,57,68,21,90,111
02551100,PJ'S COLLEGE OF COSMETOLOGY             ,KY,42121-0000,Proprietary  ,9,29,38,11,38,49
02560800,SOUTHEAST SCHOOL OF COSMETOLOGY         ,KY,40962-0000,Proprietary  ,10,20,30,15,27,42
02576200,MID-CONTINENT UNIVERSITY                ,KY,42066-9007,Private      ,89,675,764,215,1549,1764
02616204,BROWN MACKIE COLLEGE-FINDLAY - BROWN MAC,KY,40219-1916,Proprietary  ,78,238,316,208,905,1113
02616205,BROWN MACKIE COLLEGE-LOUISVILLE - BROWN ,KY,42240-3579,Proprietary  ,3,24,27,3,24,27
03002100,KENTUCKY MOUNTAIN BIBLE COLLEGE         ,KY,41385-0010,Private      ,17,6,23,33,12,45
03007000,FRONTIER SCH OF MIDWIFERY&FAMILY NU     ,KY,41749-0000,Private      ,0,211,211,1,358,359
03026200,HEAD'S WEST KENTUCKY BEAUTY COLLEGE     ,KY,42431-0000,Proprietary  ,3,16,19,5,21,26
03029200,NU-TEK ACADEMY OF BEAUTY                ,KY,40353-9767,Proprietary  ,3,9,12,9,15,24
03034500,OWENSBORO COMMUNITY & TECHNICAL COLLEGE ,KY,42303-1899,Public       ,327,571,898,954,1480,2434
03083700,GALEN HEALTH INSTITUTES                 ,KY,40207-1047,Proprietary  ,176,899,1075,286,1498,1784
03103500,MR JIM'S BEAUTY COLLEGE                 ,KY,42301-2646,Proprietary  ,3,7,10,8,11,19
03106700,MOTIF BEAUTY ACADEMY                    ,KY,40391-1958,Proprietary  ,0,0,0,3,8,11
03516500,EZELL'S COSMETOLOGY SCHOOL              ,KY,42071-2530,Proprietary  ,4,13,17,9,15,24
03611300,BRIGHTON CENTER'S CENTER FOR EMPLOY     ,KY,41071-1968,Private      ,0,0,0,1,2,3
03804300,BELLEFONTE ACADEMY OF BEAUTY            ,KY,41169-2015,Proprietary  ,5,22,27,6,30,36
03885300,EMPLOYMENT SOLUTIONS                    ,KY,40517-3260,Private      ,2,17,19,4,20,24
03886300,REGENCY SCHOOL OF HAIR DESIGN           ,KY,41653-1278,Proprietary  ,2,4,6,2,6,8
04038300,ATA CAREER EDUCATION                    ,KY,40223-3832,Proprietary  ,39,219,258,73,385,458
04123900,LEXINGTON HEALING ARTS ACADEMY          ,KY,40503-1932,Proprietary  ,3,23,26,9,45,54
00200300,CENTENARY COLLEGE OF LOUISIANA          ,LA,71104-3396,Private      ,446,68,514,984,116,1100
00200400,DILLARD UNIVERSITY                      ,LA,70122-3097,Private      ,592,209,801,1227,371,1598
00200500,NICHOLLS STATE UNIVERSITY               ,LA,70310-0001,Public       ,2559,1012,3571,4140,1632,5772
00200600,GRAMBLING STATE UNIVERSITY              ,LA,71245-2215,Public       ,2679,1111,3790,5743,1992,7735
00200700,LOUISIANA COLLEGE                       ,LA,71359-0000,Private      ,458,139,597,744,200,944
00200800,LOUISIANA TECH UNIVERSITY               ,LA,71272-0001,Public       ,3064,1075,4139,5136,1708,6844
00201000,LOUISIANA STATE UNIV & A&M COLG         ,LA,70803-5710,Public       ,9484,2745,12229,16696,4872,21568
00201100,LOUISIANA STATE UNIV-ALEXANDRIA         ,LA,71302-9121,Public       ,608,848,1456,957,1269,2226
00201200,LOUISIANA STATE UNIV-EUNICE             ,LA,70535-6726,Public       ,841,610,1451,1301,1028,2329
00201300,LOUISIANA STATE UNIV-SHREVEPORT         ,LA,71115-2399,Public       ,1206,1097,2303,1842,1742,3584
00201400,LA STATE UNIV HEALTH SCIENCES CTR       ,LA,70112-2223,Public       ,249,967,1216,336,1544,1880
00201500,UNIVERSITY OF NEW ORLEANS               ,LA,70148-0001,Public       ,2744,2239,4983,4490,3731,8221
00201600,LOYOLA UNIVERSITY NEW ORLEANS           ,LA,70118-6195,Private      ,840,816,1656,2343,1609,3952
00201700,MCNEESE STATE UNIVERSITY                ,LA,70609-4510,Public       ,2440,1331,3771,3884,2106,5990
00201900,NEW ORLEANS BAPTIST THEOL SEMINARY      ,LA,70126-0000,Private      ,13,32,45,17,62,79
00202000,UNIVERSITY OF LOUISIANA AT MONROE       ,LA,71209-9001,Public       ,2974,1810,4784,4922,2823,7745
00202100,NORTHWESTERN STATE UNIVERSITY           ,LA,71497-0001,Public       ,2848,1924,4772,4731,3061,7792
00202200,NOTRE DAME SEMINARY                     ,LA,70118-0000,Private      ,0,1,1,1,4,5
00202300,OUR LADY OF HOLY CROSS COLLEGE          ,LA,70131-7399,Private      ,262,397,659,395,600,995
00202400,SOUTHEASTERN LOUISIANA UNIV             ,LA,70402-0001,Public       ,5172,2115,7287,7836,3171,11007
00202500,SOUTHERN UNIVERSITY A & M COLLEGE       ,LA,70813-9374,Public       ,3609,2499,6108,6302,4151,10453
00202600,SOUTHERN UNIV NEW ORLEANS               ,LA,70126-0002,Public       ,517,1253,1770,794,1845,2639
00202700,ST JOSEPH SEMINARY COLLEGE              ,LA,70457-9990,Private      ,8,4,12,15,6,21
00202900,TULANE UNIVERSITY                       ,LA,70118-5698,Private      ,1350,1730,3080,8424,4548,12972
00203100,UNIV OF LOUISIANA AT LAFAYETTE          ,LA,70504-0001,Public       ,5580,1896,7476,8895,3082,11977
00203200,XAVIER UNIVERSITY OF LOUISIANA          ,LA,70125-1098,Private      ,1468,659,2127,3512,1117,4629
00462100,AYERS CAREER COLLEGE                    ,LA,71108-5845,Proprietary  ,24,132,156,30,190,220
00462500,DELGADO COMMUNITY COLLEGE               ,LA,70119-0000,Public       ,2330,3793,6123,3275,5845,9120
00520300,REMINGTON COLLEGE - LAFAYETTE CAMPUS    ,LA,70508-5760,Proprietary  ,164,535,699,193,670,863
00520306,REMINGTON COLLEGE - BATON ROUGE CAMPUS  ,LA,70816-4040,Proprietary  ,66,226,292,86,279,365
00546700,SOWELA TECHNICAL COMMUNITY COLLEGE      ,LA,70616-6950,Public       ,284,340,624,393,500,893
00548800,LOUISIANA TECH COLG-BATON ROUGE         ,LA,70807-0000,Public       ,93,208,301,144,290,434
00548802,LOUISIANA TECH COLG-ACADIAN CMPS        ,LA,70526-0000,Public       ,34,54,88,42,72,114
00548803,LOUISIANA TECH COLG-ALEXANDRIA CMPS     ,LA,71302-3137,Public       ,62,180,242,87,253,340
00548804,LOUISIANA TECH COLG-ASCENSION CMPS      ,LA,70778-3007,Public       ,26,34,60,37,47,84
00548805,LA TECH COLLEGE-AVOYELLES CAMPUS        ,LA,71327-0000,Public       ,13,26,39,23,34,57
00548806,LA TECHNICAL COLG-BASTROP CMPS          ,LA,71221-0000,Public       ,7,33,40,14,55,69
00548808,LA TECH COLG CHARLES B COREILCMPS       ,LA,70586-0000,Public       ,37,55,92,50,82,132
00548809,LA TECHNICAL COLG-DELTA-OUACHITA        ,LA,71292-9064,Public       ,59,96,155,99,168,267
00548810,EVANGELINE TECHNICAL INST               ,LA,70582-3104,Public       ,13,42,55,20,50,70
00548811,LA TECHN COLLEGE - FLORIDA PARISHES     ,LA,70441-0000,Public       ,9,32,41,16,48,64
00548812,LOUISIANA TECH COLG-FOLKES CAMPUS       ,LA,70748-0000,Public       ,5,16,21,8,24,32
00548813,LA TECHNICAL INST-GULF AREA CMPS        ,LA,70510-0878,Public       ,34,69,103,49,94,143
00548814,LOUISIANA TECH COLG-HAMMOND CMPS        ,LA,70404-0000,Public       ,46,98,144,70,147,217
00548815,LA TECH COLG-HUEY P. LONG CAMPUS        ,LA,71483-0000,Public       ,15,21,36,22,30,52
00548816,LA TECH COLLEGE-JEFFERSON CAMPUS        ,LA,70001-5605,Public       ,20,50,70,21,70,91
00548817,LOUISIANA TEC CLG-JUMONVILLE MEM CP     ,LA,70760-0000,Public       ,5,27,32,7,30,37
00548818,LA TECH COLLEGE-LAFAYETTE CAMPUS        ,LA,70506-0000,Public       ,131,218,349,191,332,523
00548819,LOUISIANA TECHNICAL COLLEGE-LAFOURC     ,LA,70301-4336,Public       ,30,54,84,39,89,128
00548820,LOUISIANA TEC CLG-LAMAR SALTER CMPS     ,LA,71446-0000,Public       ,18,37,55,27,56,83
00548822,LOUISIANA TECHNICAL CLG-MANSFIELD       ,LA,71052-1236,Public       ,9,45,54,13,60,73
00548823,LA. TECH COLG.-MORGAN SMITH CAMPUS      ,LA,70546-0000,Public       ,3,20,23,6,28,34
00548824,LOUISIANA TEC CLG-NATCHITOCHES CMPS     ,LA,71458-0000,Public       ,19,54,73,31,80,111
00548825,LOUISIANA TECH COLG-NORTH CTRL CMPS     ,LA,71241-0000,Public       ,12,24,36,18,49,67
00548826,LOUISIANA TECH CLG-NORTHEAST LA CMP     ,LA,71295-2999,Public       ,13,39,52,16,57,73
00548827,LOUISIANA TEC CLG-NW LOUISIANA CMPS     ,LA,71058-0000,Public       ,47,95,142,67,136,203
00548828,LA TECHNICAL COLG-OAKDALE CMPS          ,LA,71463-0000,Public       ,16,25,41,25,38,63
00548829,LTC-RIVER PARISHES CAMPUS               ,LA,70084-0000,Public       ,61,114,175,95,157,252
00548830,LOUISIANA TECHNICAL COLLEGE-RUSTON      ,LA,71273-0000,Public       ,87,71,158,170,105,275
00548831,LTC - SABINE VALLEY CAMPUS              ,LA,71449-3839,Public       ,12,28,40,16,35,51
00548832,LOUISIANA TECH COLG-SHELBY JACKSON      ,LA,71334-0000,Public       ,10,73,83,12,98,110
00548833,LA TECH COLG SHREVEPORT-BOSSIER         ,LA,71137-0000,Public       ,75,264,339,118,399,517
00548837,LOUISIANA TECH COLG-SULLIVAN CAMPUS     ,LA,70427-5866,Public       ,43,102,145,59,143,202
00548838,LOUISIANA TECHNICAL COLG - TALLULAH     ,LA,71284-0000,Public       ,7,24,31,12,46,58
00548839,LA TECH COLG-TECHE AREA CAMPUS          ,LA,70562-0000,Public       ,71,71,142,100,101,201
00548840,LOUISIANA TECH COLG-T.H.HARRIS CMPS     ,LA,70570-6113,Public       ,116,108,224,155,166,321
00548841,LOUISIANA TECH COLG W JEFFERSON CMP     ,LA,70058-0000,Public       ,11,35,46,12,53,65
00548842,LOUISIANA TECHNICAL COLLEGE - WESTSIDE C,LA,70765-0733,Public       ,4,36,40,8,50,58
00548843,LTC-YOUNG MEMORIAL CAMPUS               ,LA,70381-0000,Public       ,32,60,92,38,89,127
00576100,L. E. FLETCHER TECHNICAL COMMUNITY COLLE,LA,70360-2863,Public       ,218,231,449,299,355,654
00768600,SOUTHERN UNIV AT SHREVEPORT/BOSSIER     ,LA,71107-4795,Public       ,439,806,1245,634,1229,1863
00806700,LSU HEALTH SCIENCES CENTR-SHREVEPOR     ,LA,71130-3932,Public       ,84,441,525,178,741,919
00989800,DEMMON SCHOOL OF BEAUTY                 ,LA,70607-2128,Proprietary  ,2,26,28,5,26,31
01005701,AMERICAN COMMERCIAL COLLEGE             ,LA,71105-2502,Proprietary  ,11,62,73,14,92,106
01109700,CLOYD'S BEAUTY SCHOOL #1                ,LA,71291-3131,Proprietary  ,5,23,28,6,28,34
01163100,"D-JAY'S SCHL OF BEAUTY, ARTS & SCI      ",LA,70806-0000,Proprietary  ,9,24,33,14,36,50
01184100,JOHN JAY BEAUTY COLLEGE                 ,LA,70124-2592,Proprietary  ,5,8,13,13,12,25
01261100,RONNIE & DORMANS SCHOOL HAIR DESIGN     ,LA,70501-0000,Proprietary  ,3,21,24,6,21,27
01282300,PAT GOINS RUSTON BEAUTY SCHOOL          ,LA,71270-4301,Proprietary  ,8,14,22,9,18,27
01287900,PAT GOINS BENTON ROAD BEAUTY SCHOOL     ,LA,71111-4838,Proprietary  ,1,9,10,6,12,18
01288000,PAT GOINS BEAUTY SCHOOL                 ,LA,71201-5167,Proprietary  ,6,10,16,9,14,23
02055400,BOSSIER PARISH COMMUNITY COLLEGE        ,LA,71111-0000,Public       ,968,1126,2094,1336,1642,2978
02055500,DELTA SCH OF BUSINESS & TECHNOLOGY      ,LA,70601-0000,Proprietary  ,53,115,168,66,184,250
02089711,HERZING COLLEGE                         ,LA,70062-8727,Proprietary  ,31,110,141,35,173,208
02117800,AVEDA INSTITUTE LAFAYETTE               ,LA,70503-3246,Proprietary  ,34,37,71,53,50,103
02166100,NUNEZ COMMUNITY COLLEGE                 ,LA,70043-0000,Public       ,112,225,337,137,315,452
02166200,ITI TECHNICAL COLLEGE                   ,LA,70817-0000,Proprietary  ,115,184,299,144,250,394
02197500,BATON ROUGE SCHOOL OF COMPUTERS         ,LA,70816-0000,Proprietary  ,11,26,37,17,27,44
02234000,CAMERON COLLEGE                         ,LA,70119-0000,Proprietary  ,8,18,26,13,28,41
02258400,AVEDA INSTITUTE BATON ROUGE             ,LA,70816-2246,Proprietary  ,38,41,79,50,57,107
02260200,DIESEL DRIVING ACADEMY                  ,LA,71109-5617,Proprietary  ,13,77,90,13,82,95
02263600,BASTROP BEAUTY SCHOOL #1                ,LA,71220-0000,Proprietary  ,1,0,1,1,2,3
02265600,JOHN JAY KENNER ACADEMY                 ,LA,70062-0000,Proprietary  ,22,33,55,24,36,60
02269300,STEVENSON'S ACADEMY OF HAIR DESIGN      ,LA,70116-0000,Proprietary  ,23,29,52,28,32,60
02323100,PAT GOINS SHREVEPORT BEAUTY SCHOOL      ,LA,71108-4354,Proprietary  ,0,0,0,2,1,3
02327800,PINEVILLE BEAUTY SCHOOL                 ,LA,71360-0000,Proprietary  ,8,21,29,11,35,46
02335701,BATON ROUGE GEN MED CTR SCH NSG         ,LA,70821-0000,Private      ,28,54,82,48,99,147
02335702,BATON ROUGE GEN MED CTR-RAD TECH        ,LA,70806-0000,Private      ,9,16,25,19,25,44
02338000,"CLOYD'S BEAUTY SCHOOL #2, INC           ",LA,71202-3539,Proprietary  ,6,23,29,6,28,34
02352500,"CLOYD'S BEAUTY SCHOOL #3, INC           ",LA,71201-3211,Proprietary  ,5,25,30,6,30,36
02358600,"STAGE ONE THE HAIR SCHOOL, INC.         ",LA,70605-0000,Proprietary  ,31,42,73,35,48,83
02493400,ALEXANDRIA ACADEMY OF BEAUTY CULT       ,LA,71301-0000,Proprietary  ,3,8,11,6,10,16
02518300,SOUTH LOUISIANA BEAUTY COLLEGE          ,LA,70363-0000,Proprietary  ,8,11,19,12,14,26
02536400,LOUISIANA ACADEMY OF BEAUTY             ,LA,70535-0000,Proprietary  ,5,14,19,5,16,21
02538300,DELTA COLLEGE OF ARTS & TECH INC        ,LA,70806-1529,Proprietary  ,43,200,243,54,260,314
02538301,DELTA COLLEGE OF ARTS & TECHNOLOGY - LAF,LA,70508-6831,Proprietary  ,14,41,55,24,83,107
02548500,COSMETOLOGY TRAINING CENTER             ,LA,70503-0000,Proprietary  ,8,13,21,14,14,28
02554800,VANGUARD COLLEGE OF COSMETOLOGY         ,LA,70458-8823,Proprietary  ,24,47,71,30,49,79
02582200,"GUY'S ACADEMY HAIR, SKIN & NAILS        ",LA,71105-2404,Proprietary  ,16,41,57,20,50,70
02600900,AVEDA INSTITUTE                         ,LA,70433-2922,Proprietary  ,168,241,409,210,331,541
02601000,AMERICAN SCHOOL OF BUSINESS             ,LA,71105-5646,Proprietary  ,1,20,21,3,23,26
02601100,OPELOUSAS SCHOOL OF COSMETOLOGY         ,LA,70570-6156,Proprietary  ,12,7,19,12,11,23
02606800,CAREER TRAINING SPECIALISTS             ,LA,71201-6046,Proprietary  ,126,278,404,150,383,533
02606801,CAREER TECHNICAL COLLEGE - SHREVEPORT   ,LA,71105-2405,Proprietary  ,33,231,264,39,243,282
02617100,BATON ROUGE COLLEGE                     ,LA,70816-2246,Proprietary  ,10,23,33,19,35,54
02619200,DENHAM SPRINGS BEAUTY COLLEGE           ,LA,70726-3829,Proprietary  ,9,15,24,9,28,37
03010400,CRESCENT CITY SCH GAMING & BARTENDG     ,LA,70119-5507,Proprietary  ,5,105,110,6,109,115
03023500,CAMELOT CAREER COLLEGE                  ,LA,70805-7539,Proprietary  ,23,55,78,25,63,88
03030900,DIESEL DRIVING ACADEMY                  ,LA,70815-8109,Proprietary  ,11,122,133,11,128,139
03061400,ASCENSION COLLEGE                       ,LA,70737-2912,Proprietary  ,31,71,102,36,85,121
03095100,GRETNA CAREER COLLEGE                   ,LA,70053-2436,Proprietary  ,12,40,52,13,47,60
03106200,OUR LADY OF THE LAKE COLLEGE            ,LA,70808-4398,Private      ,369,628,997,645,1214,1859
03253300,JONESVILLE BEAUTY SCHOOL                ,LA,71343-0000,Proprietary  ,3,11,14,4,12,16
03294300,BLUE CLIFF SCH THERAPEUTIC MASSAGE      ,LA,70002-3458,Proprietary  ,62,192,254,72,232,304
03332600,DELTA COLLEGE                           ,LA,70433-9042,Proprietary  ,27,104,131,35,154,189
03332601,DELTA COLLEGE - SLIDELL                 ,LA,70460-2624,Proprietary  ,18,68,86,25,94,119
03356300,MEDICAL TRAINING COLLEGE                ,LA,70816-5820,Proprietary  ,24,76,100,36,104,140
03422500,BLUE CLIFF COLLEGE                      ,LA,71107-6520,Proprietary  ,63,166,229,74,194,268
03422600,BLUE CLIFF COLLEGE                      ,LA,70508-3858,Proprietary  ,48,146,194,64,223,287
03480300,MEDVANCE INSTITUTE                      ,LA,70809-1908,Proprietary  ,109,443,552,150,677,827
03498400,OMEGA INSTITUTE OF COSMETOLOGY          ,LA,70360-0000,Proprietary  ,18,22,40,23,27,50
03727500,BLUE CLIFF COLLEGE-BATON ROUGE          ,LA,70808-4191,Proprietary  ,9,25,34,10,32,42
03730300,BATON ROUGE COMMUNITY COLLEGE           ,LA,78806-4129,Public       ,1706,1455,3161,2276,2272,4548
03752400,SCHOOL OF URBAN MISSIONS                ,LA,70053-0000,Private      ,14,16,30,20,30,50
03789300,UNITECH TRAINING ACADEMY                ,LA,70503-5132,Proprietary  ,30,94,124,33,113,146
03789400,RIVER PARISHES COMMUNITY COLLEGE        ,LA,70778-0310,Public       ,138,145,283,195,209,404
03810500,COURT REPORTING INSTITUTE OF LOUISI     ,LA,70816-0000,Proprietary  ,2,16,18,4,23,27
03858300,RAY'S FAITH ACADEMY OF BEAUTY EDUCATION ,LA,70737-0000,Proprietary  ,0,5,5,0,7,7
03956300,SOUTH LOUISIANA COMMUNITY COLLEGE       ,LA,70506-0000,Public       ,496,445,941,637,628,1265
04040300,COMPASS CAREER COLLEGE                  ,LA,70403-0653,Proprietary  ,9,61,70,12,90,102
04112300,LOUISIANA CULINARY INSTITUTE            ,LA,70816-4109,Proprietary  ,34,20,54,48,32,80
04120700,ALDEN'S SCHOOL OF COSMETOLOGY           ,LA,70714-1502,Proprietary  ,1,11,12,1,11,12
04130100,LOUISIANA DELTA COMMUNITY COLLEGE       ,LA,71203-3618,Public       ,317,298,615,359,378,737
00143600,CAPITOL COLLEGE                         ,MD,20708-9759,Private      ,33,64,97,220,159,379
00146200,WASHINGTON BIBLE COLLEGE                ,MD,20706-3599,Private      ,21,78,99,57,154,211
00205700,ALLEGANY COLLEGE OF MARYLAND            ,MD,21502-2596,Public       ,492,407,899,1654,1017,2671
00205800,ANNE ARUNDEL COMMUNITY COLLEGE          ,MD,21012-1895,Public       ,552,1028,1580,2123,2589,4712
00206000,BALTIMORE HEBREW UNIVERSITY             ,MD,21215-3996,Private      ,2,8,10,5,26,31
00206100,BALTIMORE CITY COMMUNITY COLLEGE        ,MD,21215-7893,Public       ,420,1390,1810,1796,3874,5670
00206200,BOWIE STATE UNIVERSITY                  ,MD,20715-9465,Public       ,1042,861,1903,6185,2707,8892
00206300,COMMUNITY COLLEGE OF BALTIMORE COUNTY   ,MD,21228-5381,Public       ,993,2157,3150,3841,5651,9492
00206400,COLLEGE OF SOUTHERN MARYLAND            ,MD,20646-0910,Public       ,426,628,1054,1687,1722,3409
00206500,CLG NOTRE DAME OF MARYLAND              ,MD,21210-2476,Private      ,44,214,258,637,860,1497
00206700,COLUMBIA UNION COLLEGE                  ,MD,20912-7796,Private      ,193,164,357,630,465,1095
00206800,COPPIN STATE UNIVERSITY                 ,MD,21216-3698,Public       ,665,762,1427,3247,2537,5784
00207100,FREDERICK COMMUNITY COLLEGE             ,MD,21702-9745,Public       ,275,377,652,942,1028,1970
00207200,FROSTBURG STATE UNIVERSITY              ,MD,21532-1099,Public       ,586,213,799,5357,845,6202
00207300,GOUCHER COLLEGE                         ,MD,21204-2794,Private      ,131,95,226,2950,342,3292
00207400,HAGERSTOWN COMMUNITY COLLEGE            ,MD,21742-6590,Public       ,276,401,677,982,986,1968
00207500,HARFORD COMMUNITY COLLEGE               ,MD,21015-1696,Public       ,334,417,751,1050,996,2046
00207600,HOOD COLLEGE                            ,MD,21701-8575,Private      ,218,229,447,1909,607,2516
00207700,JOHNS HOPKINS UNIVERSITY                ,MD,21218-2693,Private      ,411,294,705,6478,951,7429
00207702,JOHNS HOPKINS UNIV SCH ARTS/SCI/ENG     ,MD,21218-0000,Private      ,648,431,1079,3911,1104,5015
00207703,JOHNS HOPKINS UNIV SCH OF BUS/ED        ,MD,21046-0000,Private      ,5,480,485,22,1014,1036
00207705,JOHNS HOPKINS BLOOMBERG SCH OF PH       ,MD,21205-0000,Private      ,3,294,297,16,1037,1053
00207706,JOHNS HOPKINS UNIV SCH OF MEDICINE      ,MD,21205-0000,Private      ,10,159,169,68,991,1059
00207707,JOHNS HOPKINS UNIV SCH OF NURSING       ,MD,21205-0000,Private      ,29,129,158,182,639,821
00207708,JOHNS HOPKINS UNIV PEABODY CONSERV      ,MD,21202-2397,Private      ,32,40,72,538,393,931
00207800,LOYOLA UNIVERSITY MARYLAND              ,MD,21210-2699,Private      ,435,461,896,5557,1237,6794
00208000,MARYLAND INST COLLEGE OF ART            ,MD,21217-4191,Private      ,337,98,435,2274,484,2758
00208300,MORGAN STATE UNIVERSITY                 ,MD,21251-0002,Public       ,1838,880,2718,8956,2930,11886
00208600,MOUNT SAINT MARY'S UNIVERSITY           ,MD,21727-7799,Private      ,159,71,230,2513,200,2713
00208700,NER ISRAEL RABBINICAL COLLEGE           ,MD,21208-1198,Private      ,7,7,14,61,32,93
00208900,PRINCE GEORGES COMMUNITY COLLEGE        ,MD,20774-2199,Public       ,954,1726,2680,2730,3776,6506
00209100,SALISBURY UNIVERSITY                    ,MD,21801-6862,Public       ,912,292,1204,7937,1097,9034
00209200,ST JOHN'S COLLEGE                       ,MD,21404-0000,Private      ,73,40,113,629,116,745
00209500,ST. MARY'S COLLEGE OF MARYLAND          ,MD,20686-3001,Public       ,132,25,157,2651,131,2782
00209600,ST MARY'S SEMINARY & UNIV               ,MD,21210-1994,Private      ,2,8,10,31,16,47
00209900,TOWSON UNIVERSITY                       ,MD,21252-0002,Public       ,1675,1081,2756,16896,4235,21131
00210200,UNIVERSITY OF BALTIMORE                 ,MD,21201-5779,Public       ,195,1149,1344,993,4236,5229
00210300,"UNIVERSITY OF MARYLAND, COLLEGE PARK    ",MD,20742-5145,Public       ,2668,2419,5087,25955,8413,34368
00210400,"UNIVERSITY OF MARYLAND, BALTIMORE       ",MD,21201-1691,Public       ,238,1281,1519,1907,7277,9184
00210500,UMBC                                    ,MD,21250-0002,Public       ,676,595,1271,7113,2654,9767
00210600,UNIVERSITY MARYLAND EASTERN SHORE       ,MD,21853-4053,Public       ,777,232,1009,4291,975,5266
00210700,STEVENSON UNIVERSITY                    ,MD,21153-0641,Private      ,246,163,409,3679,766,4445
00210800,WASHINGTON COLLEGE                      ,MD,21620-1197,Private      ,103,9,112,2278,52,2330
00210900,MCDANIEL COLLEGE                        ,MD,21157-4390,Private      ,146,148,294,2686,399,3085
00465000,CHESAPEAKE COLLEGE                      ,MD,21679-0008,Public       ,186,278,464,714,651,1365
00691100,MONTGOMERY COLLEGE                      ,MD,20850-1195,Public       ,1515,1633,3148,5758,4658,10416
00734100,INTERNATIONAL BEAUTY SCHOOL             ,MD,21502-2370,Proprietary  ,2,18,20,10,19,29
00744700,DEL-MAR-VA BEAUTY ACADEMY               ,MD,21804-0000,Proprietary  ,11,28,39,18,40,58
00749100,TESST COLLEGE OF TECHNOLOGY             ,MD,21227-1063,Proprietary  ,132,427,559,208,583,791
00793600,LINCOLN TECHNICAL INSTITUTE             ,MD,21046-1544,Proprietary  ,201,189,390,380,271,651
00794600,KAPLAN COLLEGE                          ,MD,21742-2797,Proprietary  ,115,255,370,245,525,770
00794601,KAPLAN COLLEGE -  CAREER TECHNOLOGY CENT,MD,21742-2797,Proprietary  ,2,4,6,13,12,25
00794602,KAPLAN COLLEGE - FREDERICK              ,MD,21704-8307,Proprietary  ,18,70,88,26,102,128
00817500,HOWARD COMMUNITY COLLEGE                ,MD,21044-3197,Public       ,417,578,995,1650,1575,3225
00826300,AWARD BEAUTY SCHOOL                     ,MD,21740-5624,Proprietary  ,7,49,56,8,52,60
00830800,CECIL COLLEGE                           ,MD,21901-1999,Public       ,185,229,414,513,473,986
00907906,EVEREST COLLEGE- EVEREST INSTITUTE      ,MD,20910-3737,Proprietary  ,34,63,97,43,93,136
01001400,GARRETT COMMUNITY COLLEGE               ,MD,21541-1265,Public       ,104,56,160,441,138,579
01031900,MEDIX SCHOOL                            ,MD,21204-2538,Proprietary  ,152,609,761,226,858,1084
01041000,TESST COLLEGE OF TECHNOLOGY             ,MD,21286-2201,Proprietary  ,31,77,108,65,115,180
01164400,UNIV OF MARYLAND UNIVERSITY COLLEGE     ,MD,20783-8078,Public       ,425,6468,6893,1209,11764,12973
01164402,U OF MD UNIVERSITY COLLEGE - EUROPE     ,MD,20832-0000,Public       ,72,545,617,212,1011,1223
01164404,U OF MD UNIVERSITY COLLEGE - ASIA       ,MD,31207-0000,Public       ,30,282,312,66,501,567
02073900,WOR-WIC COMMUNITY COLLEGE               ,MD,21804-0000,Public       ,188,413,601,803,1284,2087
02083600,TESST COLLEGE OF TECHNOLOGY             ,MD,20705-2698,Proprietary  ,40,56,96,89,100,189
02116005,SANFORD-BROWN INSTITUTE - LANDOVER      ,MD,20785-2287,Proprietary  ,32,228,260,60,414,474
02127900,SOJOURNER DOUGLASS COLLEGE              ,MD,21205-0000,Private      ,25,444,469,85,1490,1575
02155100,MARYLAND COLLEGE OF ART AND DESIGN      ,MD,20902-0000,Private      ,6,9,15,70,21,91
02269700,INTERNATIONAL BEAUTY SCHOOL             ,MD,21014-0000,Proprietary  ,16,27,43,20,35,55
02314800,BALTIMORE INTERNATIONAL COLLEGE         ,MD,21202-0000,Private      ,110,89,199,479,287,766
02331000,MARYLAND BEAUTY ACADEMY OF ESSEX        ,MD,21221-0000,Proprietary  ,6,18,24,16,32,48
02333000,HAIR ACADEMY                            ,MD,20784-0000,Proprietary  ,23,56,79,31,67,98
02343800,MONTGOMERY BEAUTY SCHOOL                ,MD,20901-0000,Proprietary  ,3,8,11,9,15,24
02494700,BALTIMORE STUDIO OF HAIR DESIGN         ,MD,21201-0000,Proprietary  ,8,37,45,20,52,72
02495000,ROBERT PAUL ACAD COSMTGY ARTS & SCI     ,MD,21093-0000,Proprietary  ,19,17,36,33,29,62
02495100,MARYLAND BEAUTY ACADEMY                 ,MD,21136-0000,Proprietary  ,2,6,8,4,12,16
02545400,NORTH AMERICAN TRADE SCHOOLS            ,MD,21244-0069,Proprietary  ,77,291,368,86,332,418
02573800,"L' ACADEMIE DE CUISINE, INC.            ",MD,20877-0000,Proprietary  ,7,34,41,20,63,83
02578400,TAI SOPHIA INSTITUTE                    ,MD,20723-6010,Private      ,1,70,71,2,130,132
03027200,BLADES SCHOOL OF HAIR DESIGN            ,MD,20619-0226,Proprietary  ,2,18,20,8,23,31
03064900,AARON'S ACADEMY OF BEAUTY               ,MD,20602-2715,Proprietary  ,10,26,36,13,33,46
03097200,AESTHETICS INSTITUTE OF COSMETOLOGY     ,MD,20877-1305,Proprietary  ,0,7,7,0,8,8
03100700,CARROLL COMMUNITY COLLEGE               ,MD,21157-6913,Public       ,135,172,307,619,475,1094
03148300,AMERICAN BEAUTY ACADEMY                 ,MD,20902-1911,Proprietary  ,40,94,134,49,98,147
03296300,BALTIMORE SCHOOL OF MASSAGE             ,MD,21090-2261,Proprietary  ,51,167,218,62,192,254
03327300,NEW CREATIONS ACADEMY OF HAIR DSN       ,MD,20746-2960,Proprietary  ,0,6,6,3,8,11
03493300,ALL-STATE CAREER SCHOOL                 ,MD,21224-6658,Proprietary  ,125,554,679,146,642,788
03771300,AMERICAN CAREER INSTITUTE               ,MD,20902-4637,Proprietary  ,1,8,9,2,19,21
03822400,MAPLE SPRINGS BAPTIST BIBLE COLLEGE & SE,MD,20743-5711,Private      ,0,11,11,0,23,23
03965500,HAIR EXPRESSIONS ACADEMY                ,MD,20852-1729,Proprietary  ,5,24,29,10,28,38
04121600,FILA ACADEMY (THE)                      ,MD,21061-1634,Proprietary  ,13,28,41,26,52,78
        ,MGH INSTITUTE OF HEALTH PROFESSION      ,MA,02129-0000,Private      ,2,144,146,30,817,847
00211400,AMERICAN INTERNATIONAL COLLEGE          ,MA,01109-3189,Private      ,569,618,1187,1865,1123,2988
00211500,AMHERST COLLEGE                         ,MA,01002-5000,Private      ,508,26,534,4482,108,4590
00211600,ANDOVER NEWTON THEOLOGICAL SCHOOL       ,MA,02459-0000,Private      ,0,94,94,0,161,161
00211700,ANNA MARIA COLLEGE                      ,MA,01612-1198,Private      ,287,113,400,1176,235,1411
00211800,ASSUMPTION COLLEGE                      ,MA,01615-1294,Private      ,411,152,563,3951,365,4316
00211900,ATLANTIC UNION COLLEGE                  ,MA,01561-1000,Private      ,98,102,200,191,165,356
00212000,MERRIMACK COLLEGE                       ,MA,01845-5800,Private      ,492,46,538,3592,122,3714
00212100,BABSON COLLEGE                          ,MA,02457-0310,Private      ,333,271,604,2221,559,2780
00212200,BAY PATH COLLEGE                        ,MA,01106-2212,Private      ,199,495,694,691,900,1591
00212300,BECKER COLLEGE-WORCESTER                ,MA,01615-0071,Private      ,520,278,798,1855,606,2461
00212400,BENTLEY UNIVERSITY                      ,MA,02452-4705,Private      ,753,220,973,5758,536,6294
00212600,BERKLEE COLLEGE OF MUSIC                ,MA,02215-3693,Private      ,799,287,1086,3029,608,3637
00212800,BOSTON COLLEGE                          ,MA,02467-3800,Private      ,1666,995,2661,17815,5951,23766
00212900,BOSTON CONSERVATORY OF MUSIC            ,MA,02215-9830,Private      ,150,85,235,923,249,1172
00213000,BOSTON UNIVERSITY                       ,MA,02215-1789,Private      ,3671,3753,7424,28156,12992,41148
00213300,BRANDEIS UNIVERSITY                     ,MA,02453-2700,Private      ,772,278,1050,4674,862,5536
00213900,CLARK UNIVERSITY                        ,MA,01610-1473,Private      ,594,180,774,4091,425,4516
00214000,ELMS COLLEGE                            ,MA,01013-2839,Private      ,261,172,433,988,344,1332
00214100,COLLEGE OF THE HOLY CROSS               ,MA,01610-2395,Private      ,624,10,634,5404,59,5463
00214300,CURRY COLLEGE                           ,MA,02186-2395,Private      ,607,265,872,3558,588,4146
00214400,DEAN COLLEGE                            ,MA,02038-1994,Private      ,354,33,387,1457,78,1535
00214500,EASTERN NAZARENE COLLEGE                ,MA,02170-2999,Private      ,234,128,362,693,226,919
00214507,EASTERN NAZARENE CLG - LEAD PROGRAM     ,MA,02170-0000,Private      ,3,27,30,9,53,62
00214600,EMERSON COLLEGE                         ,MA,02116-4624,Private      ,757,293,1050,6162,1220,7382
00214700,EMMANUEL COLLEGE                        ,MA,02115-5798,Private      ,300,90,390,4065,268,4333
00214800,ENDICOTT COLLEGE                        ,MA,01915-2098,Private      ,244,73,317,3834,178,4012
00214900,EPISCOPAL DIVINITY SCHOOL               ,MA,02138-0000,Private      ,0,29,29,0,49,49
00215000,FISHER COLLEGE                          ,MA,02116-1500,Private      ,378,244,622,1065,508,1573
00215100,BENJAMIN FRANKLIN INSTITUTE OF TECH     ,MA,02116-6296,Public       ,215,98,313,499,163,662
00215300,GORDON COLLEGE                          ,MA,01984-1899,Private      ,458,31,489,1827,64,1891
00215400,HELLENIC COLLEGE                        ,MA,02445-7496,Private      ,9,31,40,27,61,88
00215500,HARVARD UNIVERSITY                      ,MA,02138-3800,Private      ,267,146,413,5679,748,6427
00215501,AMRCN REPERTORY THTR INST ADV THTR      ,MA,02138-0000,Private      ,0,7,7,2,98,100
00215502,HARVARD BUSINESS SCHOOL                 ,MA,02163-0000,Private      ,22,666,688,189,1585,1774
00215503,HARVARD EXTENSION SCHOOL                ,MA,02138-0000,Private      ,40,272,312,72,559,631
00215504,HARVARD SCH OF DENTAL MEDICINE          ,MA,02115-0000,Private      ,1,72,73,9,155,164
00215505,HARVARD UNIV GRAD SCH DESIGN            ,MA,02138-0000,Private      ,3,172,175,5,815,820
00215506,HARVARD DIVINITY SCHOOL                 ,MA,02138-0000,Private      ,2,34,36,9,628,637
00215507,HARVARD UNIV GRAD SCH ED                ,MA,02138-0000,Private      ,0,150,150,13,1087,1100
00215508,HARVARD UNIV GRAD S OF ARTS & SCIEN     ,MA,02138-0000,Private      ,13,67,80,99,728,827
00215509,HARVARD JOHN F KENNEDY SCHL OF GOVT     ,MA,02138-0000,Private      ,4,89,93,16,1152,1168
00215510,HARVARD LAW SCHOOL                      ,MA,02138-0000,Private      ,12,963,975,66,3971,4037
00215511,HARVARD UNIV MEDICAL SCHOOL             ,MA,02115-0000,Private      ,15,353,368,86,1084,1170
00215512,HARVARD UNIV SCH PUBLIC HEALTH          ,MA,02115-0000,Private      ,10,70,80,42,623,665
00215513,HARVARD UNIVERSITY-HARVARD COLLEGE      ,MA,02138-0000,Private      ,1320,66,1386,13047,284,13331
00215700,HEBREW COLLEGE                          ,MA,02459-2237,Private      ,1,45,46,1,63,64
00215800,LASELL COLLEGE                          ,MA,02466-2716,Private      ,483,46,529,2385,97,2482
00216000,LESLEY UNIVERSITY                       ,MA,02138-2790,Private      ,380,1836,2216,2128,3350,5478
00216100,UMASS LOWELL                            ,MA,01854-3089,Public       ,1587,1010,2597,7490,2337,9827
00216400,NEW ENGLAND COLLEGE OF OPTOMETRY        ,MA,02115-1129,Private      ,1,121,122,5,403,408
00216500,MASS. COLLEGE OF PHARMACY  & HEALTH SCIE,MA,02115-5804,Private      ,259,328,587,3545,1815,5360
00216700,BERKSHIRE COMMUNITY COLLEGE             ,MA,01201-5786,Public       ,331,354,685,567,545,1112
00216800,CAPE COD COMMUNITY COLLEGE              ,MA,02668-1599,Public       ,479,529,1008,982,887,1869
00216900,GREENFIELD COMMUNITY COLLEGE            ,MA,01301-9739,Public       ,229,406,635,434,679,1113
00217000,HOLYOKE COMMUNITY COLLEGE               ,MA,01040-1099,Public       ,1359,1324,2683,2355,2194,4549
00217100,MASSACHUSETTS BAY COMMUNITY COLLEGE     ,MA,02181-0000,Public       ,651,706,1357,1297,1185,2482
00217200,MOUNT WACHUSETT COMMUNITY COLLEGE       ,MA,01440-1000,Public       ,614,817,1431,1181,1571,2752
00217300,NORTH SHORE COMMUNITY COLLEGE           ,MA,01923-4093,Public       ,1019,1154,2173,1772,1847,3619
00217400,NORTHERN ESSEX COMMUNITY COLLEGE        ,MA,01830-2399,Public       ,907,1254,2161,1470,1812,3282
00217500,QUINSIGAMOND COMMUNITY COLLEGE          ,MA,01606-2092,Public       ,1084,1056,2140,2129,2026,4155
00217600,BRISTOL COMMUNITY COLLEGE               ,MA,02720-7399,Public       ,1143,1158,2301,2220,2074,4294
00217700,MASSASOIT COMMUNITY COLLEGE             ,MA,02302-3996,Public       ,972,1016,1988,1985,1776,3761
00217800,MASSACHUSETTS INST OF TECHNOLOGY        ,MA,02139-4307,Private      ,878,618,1496,8776,2114,10890
00218000,MASSACHUSETTS COLLEGE OF ART AND DESIGN ,MA,02115-5803,Public       ,276,114,390,1936,561,2497
00218100,MASSACHUSETTS MARITIME ACADEMY          ,MA,02532-3400,Public       ,326,20,346,1010,56,1066
00218300,BRIDGEWATER STATE COLLEGE               ,MA,02325-0001,Public       ,1608,656,2264,9143,1801,10944
00218400,FITCHBURG STATE COLLEGE                 ,MA,01420-2697,Public       ,646,297,943,4545,901,5446
00218500,FRAMINGHAM STATE COLLEGE                ,MA,01702-2471,Public       ,764,269,1033,4503,675,5178
00218700,MASSACHUSETTS CLG OF LIBERAL ARTS       ,MA,01247-4100,Public       ,351,137,488,1526,301,1827
00218800,SALEM STATE COLLEGE                     ,MA,01970-5353,Public       ,1747,903,2650,7352,1951,9303
00218900,WESTFIELD STATE COLLEGE                 ,MA,01086-1630,Public       ,897,273,1170,5999,702,6701
00219000,WORCESTER STATE COLLEGE                 ,MA,01602-2597,Public       ,781,483,1264,4480,1247,5727
00219200,MOUNT HOLYOKE COLLEGE                   ,MA,01075-1492,Private      ,541,69,610,2350,232,2582
00219300,MOUNT IDA COLLEGE                       ,MA,02459-3323,Private      ,502,104,606,2108,246,2354
00219400,NEW ENGLAND CONSERVATORY OF MUSIC       ,MA,02115-5018,Private      ,42,65,107,623,447,1070
00219700,NICHOLS COLLEGE                         ,MA,01571-6346,Private      ,330,75,405,1910,175,2085
00219900,NORTHEASTERN UNIVERSITY                 ,MA,02115-5000,Private      ,1994,1631,3625,28787,6487,35274
00220100,PINE MANOR COLLEGE                      ,MA,02167-0000,Private      ,167,44,211,560,113,673
00220500,QUINCY COLLEGE                          ,MA,02169-4501,Public       ,349,751,1100,716,1322,2038
00220600,REGIS COLLEGE                           ,MA,02193-0000,Private      ,295,180,475,1564,403,1967
00220800,SIMMONS COLLEGE                         ,MA,02115-5898,Private      ,261,706,967,2870,2425,5295
00220900,SMITH COLLEGE                           ,MA,01063-2936,Private      ,292,97,389,3248,848,4096
00221000,UNIV OF MASSACHUSETTS-DARTMOUTH         ,MA,02747-2300,Public       ,1413,402,1815,9520,1421,10941
00221100,SPRINGFIELD COLLEGE                     ,MA,01109-3797,Private      ,651,1140,1791,3453,2381,5834
00221400,ST JOHN'S SEMINARY                      ,MA,02135-8839,Private      ,1,8,9,2,11,13
00221700,STONEHILL COLLEGE                       ,MA,02357-6110,Private      ,311,24,335,5786,85,5871
00221800,SUFFOLK UNIVERSITY                      ,MA,02108-2770,Private      ,685,568,1253,8395,1784,10179
00221802,SUFFOLK UNIVERSITY LAW SCHOOL           ,MA,02108-0000,Private      ,17,459,476,133,2825,2958
00221900,TUFTS UNIVERSITY                        ,MA,02155-5808,Private      ,918,489,1407,9012,2026,11038
00221901,TUFTS UNIV SCH OF DENTAL MEDICINE       ,MA,02111-0000,Private      ,4,256,260,13,752,765
00221902,TUFTS UNIVERSITY - CUMMINGS SCHOOL OF VE,MA,01536-0000,Private      ,6,82,88,32,396,428
00221904,TUFTS UNIV SCHOOL OF MEDICINE           ,MA,02111-0000,Private      ,8,238,246,36,1463,1499
00222100,UNIV OF MASSACHUSETTS-AMHERST           ,MA,01003-0000,Public       ,3604,1573,5177,28487,4513,33000
00222200,UNIV OF MASSACHUSETTS-BOSTON            ,MA,02125-3393,Public       ,1924,2448,4372,7213,5449,12662
00222400,WELLESLEY COLLEGE                       ,MA,02481-8203,Private      ,590,35,625,3107,131,3238
00222500,WENTWORTH INSTITUTE OF TECHNOLOGY       ,MA,02115-5998,Private      ,808,133,941,3807,334,4141
00222600,WESTERN NEW ENGLAND COLLEGE             ,MA,01119-2654,Private      ,719,425,1144,4696,1350,6046
00222700,WHEATON COLLEGE                         ,MA,02766-2322,Private      ,301,8,309,2582,26,2608
00222800,WHEELOCK COLLEGE                        ,MA,02215-4176,Private      ,199,180,379,1250,442,1692
00222900,WILLIAMS COLLEGE                        ,MA,01267-2600,Private      ,572,17,589,3889,77,3966
00223300,WORCESTER POLYTECHNIC INSTITUTE         ,MA,01609-2280,Private      ,738,102,840,4989,262,5251
00396500,BAY STATE COLLEGE                       ,MA,02116-2901,Proprietary  ,263,117,380,1033,290,1323
00396600,BOSTON ARCHITECTURAL COLLEGE            ,MA,02115-2795,Private      ,166,456,622,438,732,1170
00466100,HAMPSHIRE COLLEGE                       ,MA,01002-3359,Private      ,471,25,496,2281,71,2352
00466600,SALTER COLLEGE                          ,MA,01583-1700,Proprietary  ,187,770,957,208,908,1116
00466700,SCHOOL OF MUSEUM OF FINE ARTS           ,MA,02115-5534,Private      ,165,61,226,848,255,1103
00466900,UPPER CAPE COD REGIONAL VOC TECH        ,MA,02532-3310,Public       ,4,30,34,8,54,62
00527900,GREATER LOWELL REGNL VOC TECH SCH       ,MA,01879-0000,Public       ,8,45,53,15,59,74
00551900,DIMAN REGIONAL VOC TECH INST            ,MA,02723-3519,Public       ,7,39,46,14,54,68
00552300,BLUE HILLS REGIONAL VOC TECH            ,MA,02021-1398,Public       ,10,56,66,23,89,112
00555700,MCCANN TECHNICAL SCHOOL                 ,MA,01247-0000,Public       ,8,22,30,12,31,43
00613600,NATIONAL AVIATION ACADEMY - NEW ENGLAND ,MA,01730-2620,Proprietary  ,44,33,77,70,58,128
00632200,BROCKTON HOSPITAL SCH OF NURSING        ,MA,02302-0000,Private      ,33,95,128,120,314,434
00632400,LABOURE COLLEGE                         ,MA,02124-5698,Private      ,47,223,270,116,457,573
00633100,LAWRENCE MEM HOSPITAL SCH OF NRSNG      ,MA,02155-1643,Private      ,26,169,195,48,285,333
00687300,MARIAN COURT COLLEGE                    ,MA,01907-2896,Private      ,91,25,116,165,54,219
00748100,GIBBS COLLEGE                           ,MA,02116-2904,Proprietary  ,57,98,155,97,190,287
00748400,NEWBURY COLLEGE                         ,MA,02445-5796,Private      ,332,65,397,1461,158,1619
00748600,THE NEW ENGLAND INSTITUTE OF ART        ,MA,02445-7295,Proprietary  ,496,165,661,1600,431,2031
00748800,KAPLAN CAREER INSTITUTE                 ,MA,02129-1644,Proprietary  ,53,159,212,77,252,329
00807800,SPRINGFIELD TECHNICAL COMMUNITY CLG     ,MA,01105-0000,Public       ,799,1323,2122,1519,2313,3832
00809002,EVEREST COLLEGE - EVEREST INSTITUTE     ,MA,02150-2333,Proprietary  ,48,105,153,54,114,168
00891600,NEW ENGLAND SCHOOL OF LAW               ,MA,02116-0000,Private      ,3,497,500,11,2147,2158
00964500,BARD COLLEGE AT SIMON'S ROCK            ,MA,01230-9702,Private      ,193,4,197,399,7,406
00974700,GORDON-CONWELL THEOLOGICAL SEMINARY     ,MA,01982-0000,Private      ,1,213,214,5,463,468
00975600,UNIVERSITY OF MASS MEDICAL CENTER       ,MA,01655-0000,Public       ,5,329,334,21,637,658
00987700,HENRI'S SCHOOL OF HAIR DESIGN           ,MA,01420-5675,Proprietary  ,11,11,22,12,14,26
00989900,LOWELL ACADEMY HAIRSTYLING INST         ,MA,01852-1909,Proprietary  ,13,10,23,15,14,29
00993600,MIDDLESEX COMMUNITY COLLEGE             ,MA,01730-1197,Public       ,510,373,883,895,564,1459
00993602,"MIDDLESEX COMMUNITY COLLEGE, LOWELL     ",MA,01852-0000,Public       ,867,695,1562,1465,1000,2465
01121000,BUNKER HILL COMMUNITY COLLEGE           ,MA,02129-2991,Public       ,1270,1934,3204,2432,3271,5703
01151000,EVEREST INSTITUTE                       ,MA,02135-7638,Proprietary  ,69,194,263,74,203,277
01193000,ROXBURY COMMUNITY COLLEGE               ,MA,02120-3400,Public       ,276,806,1082,540,1322,1862
01204200,MANSFIELD BEAUTY SCHOOLS                ,MA,02169-5061,Proprietary  ,12,32,44,15,44,59
01206800,MANSFIELD BEAUTY SCHOOL                 ,MA,01103-1410,Proprietary  ,2,15,17,3,18,21
01238600,SOUTHEASTERN TECHNICAL INSTITUTE        ,MA,02375-1780,Public       ,12,55,67,28,98,126
01288100,MONTACHUSETT REG VOC TECH SCH           ,MA,01420-4649,Public       ,3,28,31,7,44,51
01292100,"BLAINE, THE BEAUTY CAREER SCHOOLS       ",MA,02215-0000,Proprietary  ,70,88,158,94,127,221
01292101,"BLAINE, THE BEAUTY CAREER SCHOOLS - HYAN",MA,02601-2022,Proprietary  ,0,1,1,0,1,1
01294800,ROB ROY ACADEMY                         ,MA,02721-5330,Proprietary  ,12,22,34,12,24,36
02063000,MONTSERRAT COLLEGE OF ART               ,MA,01915-0000,Private      ,68,16,84,469,42,511
02063800,BUTERA SCHOOL OF ART                    ,MA,02116-0000,Proprietary  ,19,3,22,46,7,53
02076700,"BLAINE, THE BEAUTY CAREER SCHOOL        ",MA,02148-0000,Proprietary  ,25,51,76,37,67,104
02079400,BLAINE THE BEAUTY CAREER SCHOOL         ,MA,02453-0000,Proprietary  ,20,52,72,32,67,99
02092100,MASSACHUSETTS SCHOOL OF BARBERING       ,MA,02169-0000,Proprietary  ,5,27,32,8,35,43
02092200,BLAINE THE BEAUTY CAREER SCHOOLS        ,MA,01852-0000,Proprietary  ,21,45,66,25,65,90
02122000,NEW ENGLAND HAIR ACADEMY                ,MA,02148-0000,Proprietary  ,19,16,35,25,23,48
02137000,ROB ROY ACADEMY                         ,MA,02780-0000,Proprietary  ,4,13,17,8,14,22
02137200,MASS GEN HOSP DIETETIC INTERNSHIP       ,MA,02114-0000,Private      ,0,8,8,0,11,11
02143000,LONGY SCHOOL OF MUSIC                   ,MA,02138-3599,Private      ,12,25,37,35,109,144
02161300,WESTON JESUIT SCHOOL OF THEOLOGY        ,MA,02138-0000,Private      ,0,2,2,0,19,19
02163500,NEW ENGLAND SCHOOL OF PHOTOGRAPHY       ,MA,02215-0000,Proprietary  ,50,34,84,99,78,177
02163600,MASS SCH OF PROFESSIONAL PSYCHOLOGY     ,MA,02132-0000,Private      ,1,108,109,3,479,482
02169900,ASSABET VALLEY REGIONAL VOC SCHOOL      ,MA,01752-0000,Public       ,4,15,19,8,41,49
02181600,ROB ROY ACADEMY                         ,MA,01609-0000,Proprietary  ,23,41,64,28,44,72
02182900,CAMBRIDGE COLLEGE                       ,MA,02138-5304,Private      ,63,1294,1357,122,2042,2164
02197900,NORTH BENNET STREET SCHOOL              ,MA,02113-0000,Private      ,8,40,48,20,64,84
02215100,HALLMARK INSTITUTE OF PHOTOGRAPHY       ,MA,01376-0000,Proprietary  ,62,50,112,160,122,282
02219501,MILDRED ELLEY                           ,MA,01201-0000,Proprietary  ,3,6,9,3,10,13
02220400,CATHERINE HINDS INST OF ESTHETICS       ,MA,01801-0000,Proprietary  ,17,31,48,23,43,66
02237100,JOSEPH P KEEFE TECHNICAL SCHOOL         ,MA,01701-5698,Public       ,0,0,0,2,0,2
02274300,CONWAY SCHOOL OF LANDSCAPE DESIGN       ,MA,01341-0179,Private      ,0,13,13,0,21,21
02325700,LABARON HAIRDRESSING ACADEMY            ,MA,02740-0000,Proprietary  ,5,12,17,6,17,23
02325800,LABARON HAIRDRESSING ACAD-BROCKTON      ,MA,02301-0000,Proprietary  ,9,8,17,10,13,23
02337400,BANCROFT SCHOOL OF MASSAGE THERAPY      ,MA,01604-4614,Proprietary  ,3,10,13,8,20,28
02338200,BAY STATE SCHOOL OF TECHNOLOGY          ,MA,02021-0000,Proprietary  ,18,52,70,27,62,89
02339400,ROB ROY ACADEMY                         ,MA,02746-0000,Proprietary  ,5,10,15,5,10,15
02491700,CORTIVA INSTITUTE -  BOSTON             ,MA,02472-2577,Proprietary  ,7,97,104,14,104,118
02523900,ELIZABETH GRADY SCHOOL OF ESTHETICS     ,MA,02155-0000,Proprietary  ,6,19,25,16,29,45
02579800,NEW ENGLAND SCHOOL OF ACUPUNCTURE       ,MA,02458-0000,Private      ,0,82,82,0,117,117
03006802,PENNSYLVANIA CULINARY INSTITUTE - LE COR,MA,02142-1221,Proprietary  ,22,46,68,22,46,68
03066700,AILANO SCHOOL OF COSMETOLOGY            ,MA,02303-4740,Proprietary  ,6,10,16,9,16,25
03104000,SHAWSHEEN ADULT TECHNICAL INSTITUTE     ,MA,01821-5499,Public       ,6,26,32,8,32,40
03120800,KAY HARVEY HAIRDRESSING ACADEMY         ,MA,01089-2701,Proprietary  ,3,2,5,4,7,11
03127700,SOUTHERN NEW ENGLAND SCHOOL OF LAW      ,MA,02747-1252,Private      ,1,125,126,3,251,254
03130500,URBAN COLLEGE OF BOSTON                 ,MA,02111-1093,Private      ,6,216,222,16,379,395
03194300,BOSTON GRAD SCH OF PSYCHOANALYSIS       ,MA,02446-4602,Private      ,1,31,32,2,45,47
03196300,LINCOLN TECHNICAL INSTITUTE             ,MA,02145-1102,Proprietary  ,95,166,261,161,273,434
03196302,LINCOLN TECHNICAL INSTITUTE             ,MA,01852-5119,Proprietary  ,64,88,152,94,150,244
03205400,JOLIE HAIR & BEAUTY ACADEMY             ,MA,01056-2769,Proprietary  ,6,11,17,6,11,17
03232302,LINCOLN TECHNICAL INSTITUTE             ,MA,02401-1818,Proprietary  ,36,73,109,52,107,159
03235300,MASSACHUSETTS SCHOOL OF LAW             ,MA,01810-1094,Private      ,0,307,307,2,457,459
03240300,HAIR IN MOTION BEAUTY ACADEMY           ,MA,01604-2213,Proprietary  ,2,7,9,3,8,11
03248300,BOSTON BAPTIST COLLEGE                  ,MA,02136-4000,Private      ,15,11,26,44,24,68
03316400,FUNERAL INSTITUTE OF THE NORTHEAST      ,MA,02062-4766,Proprietary  ,7,43,50,11,63,74
03504300,NATL GRAD SCH OF QUALITY SYSTM MGMT     ,MA,02540-0000,Private      ,0,2,2,0,4,4
03763300,MEDICAL PROFESSIONAL INSTITUTE          ,MA,02148-8143,Proprietary  ,4,49,53,8,72,80
03859300,E.I.N.E.                                ,MA,01876-4709,Proprietary  ,3,6,9,4,7,11
03946300,FRANKLIN W. OLIN COLLEGE OF ENGINEERING ,MA,02492-1200,Private      ,29,2,31,398,5,403
04039300,SULLIVAN AND COGLIANO TRAINING CENTER   ,MA,02301-1822,Proprietary  ,10,173,183,10,177,187
04116900,DIGRIGOLI SCHOOL OF COSMETOLOGY         ,MA,01089-4623,Proprietary  ,9,8,17,11,12,23
04128000,MILLENNIUM TRAINING INSTITUTE           ,MA,01801-6386,Proprietary  ,1,3,4,1,6,7
04128900,CENTRAL MASS SCHOOL OF MASSAGE AND THERA,MA,01562-1712,Proprietary  ,3,2,5,5,2,7
00324204,CARNEGIE MELLON UNIVERSITY - QATAR      ,FC,00000-0000,Private      ,1,0,1,3,1,4
00324206,CARNEGIE MELLON UNIVERSITY  - THE HEINZ ,FC,00000-0000,Private      ,0,2,2,0,2,2
00401000,INSTITUT INTERNAT'L D'ETUDES FRANCA     ,FC,00000-0000,Public       ,1,2,3,1,3,4
00401200,HEBREW UNIVERSITY OF JERUSALEM (THE)    ,FC,00000-0000,Public       ,24,45,69,57,97,154
00403000,UNIVERSITY OF CAMBRIDGE                 ,FC,00000-0000,Public       ,1,19,20,2,45,47
00503400,AMERICAN UNIVERSITY OF CAIRO            ,FC,00000-0000,Private      ,28,85,113,62,162,224
00667100,KATHOLIEKE UNIVERSITEIT LEUVEN          ,FC,00000-0000,Private      ,0,11,11,1,24,25
00669000,UNIVERSITY OF COPENHAGEN                ,FC,00000-0000,Public       ,0,0,0,1,3,4
00669100,UNIVERSITY OF CAMBRIDGE - PEMBROKE      ,FC,00000-0000,Public       ,1,2,3,1,11,12
00669200,UNIVERSITY OF LEEDS                     ,FC,00000-0000,Public       ,2,35,37,9,69,78
00669300,UNIV OF LONDON-LONDON SCHOOL ECON       ,FC,00000-0000,Public       ,5,182,187,13,371,384
00669400,SCH OF ORIENTAL & AFRICAN STUDIES       ,FC,00000-0000,Public       ,3,49,52,5,105,110
00669500,UNIV OF LONDON-UNIVERSITY COLLEGE       ,FC,00000-0000,Public       ,5,92,97,13,210,223
00669600,UNIV OF LONDON-SCH ADVANCED STUDY       ,FC,00000-0000,Public       ,0,1,1,0,14,14
00669700,"QUEEN MARY, UNIVERSITY OF LONDON        ",FC,00000-0000,Public       ,4,33,37,17,79,96
00669900,UNIVERSITY OF SUSSEX                    ,FC,00000-0000,Public       ,1,32,33,7,62,69
00670000,"UNIVERSITY OF YORK, THE                 ",FC,00000-0000,Public       ,3,32,35,10,72,82
00670400,UNIVERSITY COLLEGE CORK                 ,FC,00000-0000,Public       ,2,18,20,7,43,50
00671300,UPPSALA UNIVERSITY                      ,FC,00000-0000,Public       ,0,11,11,0,19,19
00671500,UNIVERSITY OF GENEVA                    ,FC,00000-0000,Public       ,2,23,25,5,44,49
00683900,UNIVERSITY OF EDINBURGH                 ,FC,00000-0000,Public       ,23,182,205,90,395,485
00684200,UNIVERSITY OF DUBLIN TRINITY COLLEG     ,FC,00000-0000,Public       ,10,46,56,36,101,137
00685000,UNIVERSITY OF CAMBRIDGE - DOWNING C     ,FC,00000-0000,Public       ,0,2,2,0,5,5
00685100,INTERNATIONAL CHRISTIAN UNIVERSITY      ,FC,00000-0000,Private      ,0,0,0,10,7,17
00763200,UNIVERSITY OF BRISTOL                   ,FC,00000-0000,Public       ,1,33,34,9,62,71
00768100,COLLEGE OF EUROPE                       ,FC,00000-0000,Private      ,0,3,3,0,5,5
00770500,ROYAL COLLEGE OF SURGEONS IN IRELAN     ,FC,00000-0000,Private      ,1,40,41,3,49,52
00788100,AMERICAN UNIVERSITY OF PARIS            ,FC,00000-0000,Private      ,72,58,130,244,138,382
00837100,AMERICAN UNIVERSITY OF BEIRUT           ,FC,00000-0000,Private      ,10,15,25,43,52,95
00837300,TEL-AVIV UNIVERSITY                     ,FC,00000-0000,Public       ,5,36,41,12,50,62
00837700,UNIVERSITEIT VAN AMSTERDAM(UNIVERSI     ,FC,00000-0000,Public       ,3,43,46,8,96,104
00838000,UNIVERSITY OF WARWICK                   ,FC,00000-0000,Public       ,1,19,20,8,47,55
00838300,UNIVERSITY OF GLASGOW                   ,FC,00000-0000,Public       ,11,148,159,21,271,292
00838600,UNIVERSITY OF HELSINKI                  ,FC,00000-0000,Public       ,0,0,0,2,5,7
00839300,UNIVERSITY OF OSLO                      ,FC,00000-0000,Public       ,1,5,6,3,12,15
00839400,UNIVERSITY OF OXFORD                    ,FC,00000-0000,Public       ,2,60,62,12,128,140
00839800,UNIVERSITY OF SHEFFIELD (THE)           ,FC,00000-0000,Public       ,1,22,23,8,56,64
00839900,UNIVERSITY OF SOUTHAMPTON               ,FC,00000-0000,Public       ,2,18,20,3,28,31
00845000,KASTURBA MEDICAL COLLEGE (A CONSTITENT I,FC,00000-0000,Private      ,5,23,28,20,50,70
00845200,ABERYSTWYTH UNIVERSITY                  ,FC,00000-0000,Public       ,3,9,12,6,19,25
00846000,UNIVERSITY OF NEWCASTLE UPON TYNE       ,FC,00000-0000,Public       ,0,18,18,6,44,50
00846100,UNIVERSITY OF SAINT ANDREWS             ,FC,00000-0000,Public       ,34,50,84,102,97,199
00846200,UNIVERSIDAD DE SALAMANCA                ,FC,00000-0000,Public       ,2,21,23,3,35,38
00850500,UNIVERSITY OF MELBOURNE                 ,FC,00000-0000,Public       ,4,32,36,9,80,89
00858600,SWANSEA UNIVERSITY                      ,FC,00000-0000,Public       ,4,16,20,10,30,40
00858700,UNIVERSITY OF DURHAM                    ,FC,00000-0000,Public       ,3,37,40,7,76,83
00866500,UNIVERSITY OF KENT AT CANTERBURY (THE)  ,FC,00000-0000,Public       ,4,58,62,10,115,125
00866600,UNIVERSITY OF HONG KONG                 ,FC,00000-0000,Public       ,4,13,17,12,35,47
00867000,UNIVERSITY OF NEW SOUTH WALES           ,FC,00000-0000,Public       ,1,32,33,7,60,67
00868700,UNIVERSITY OF ESSEX                     ,FC,00000-0000,Public       ,5,23,28,6,43,49
00869200,LEIDEN UNIVERSITY                       ,FC,00000-0000,Public       ,0,0,0,0,8,8
00869300,CITY UNIVERSITY                         ,FC,00000-0000,Public       ,2,44,46,4,87,91
00890800,THE UNIVERSITY OF BIRMINGHAM            ,FC,00000-0000,Public       ,2,43,45,5,76,81
00891000,UNIVERSITY OF HULL                      ,FC,00000-0000,Public       ,2,10,12,6,13,19
00892000,UNIVERSITY OF NOTTINGHAM                ,FC,00000-0000,Public       ,6,32,38,14,76,90
00900600,UNIVERSITY OF SALFORD (THE)             ,FC,00000-0000,Public       ,0,7,7,0,9,9
00908400,"UNIV OF LONDON, BIRKBECK                ",FC,00000-0000,Public       ,0,26,26,2,46,48
00908500,UNIV OF LONDON KING'S COLLEGE           ,FC,00000-0000,Public       ,5,74,79,17,160,177
00908600,UNIVERSITY OF LONDON - ROYAL HOLLOWAY   ,FC,00000-0000,Public       ,2,17,19,7,35,42
00914300,BAR-ILAN UNIVERSITY                     ,FC,00000-0000,Private      ,4,5,9,6,9,15
00924700,ARCHITECTURAL ASSOC SCH OF ARCHITEC     ,FC,00000-0000,Private      ,0,6,6,4,24,28
00924900,UNIVERSITY OF LIVERPOOL                 ,FC,00000-0000,Public       ,4,12,16,9,38,47
00936800,UNIVERSITY OF ABERDEEN                  ,FC,00000-0000,Public       ,9,53,62,32,104,136
00942300,ROYAL COLLEGE OF ART                    ,FC,00000-0000,Public       ,0,5,5,3,23,26
00942400,ROYAL ACADEMY OF DRAMATIC ART           ,FC,00000-0000,Private      ,0,0,0,9,3,12
00942800,TECHNION-ISRAEL INST OF TECHLGY         ,FC,00000-0000,Public       ,0,31,31,0,45,45
00944200,UNIVERSITY OF EXETER                    ,FC,00000-0000,Public       ,2,33,35,4,72,76
00944400,UNIVERSITY OF LANCASTER                 ,FC,00000-0000,Public       ,1,9,10,2,28,30
00963400,UNIVERSITY OF OXFORD ST CATHERINE'S     ,FC,00000-0000,Public       ,1,6,7,2,10,12
00980800,UNIVERSITY OF STRATHCLYDE               ,FC,00000-0000,Public       ,0,18,18,2,27,29
00981700,UNIVERSITY OF SANTO TOMAS               ,FC,00000-0000,Private      ,0,0,0,2,3,5
00986000,UNIVERSITY OF SURREY                    ,FC,00000-0000,Public       ,4,7,11,5,15,20
00990600,PONTIFICAL NORTH AMERICAN COLLEGE       ,FC,00000-0000,Private      ,0,2,2,1,5,6
00992700,UNIVERSITY OF CAMBRIDGE - FITZWILLI     ,FC,00000-0000,Public       ,0,5,5,1,7,8
01006700,LUND UNIVERSITY                         ,FC,00000-0000,Public       ,2,28,30,3,52,55
01008400,UNIVERSITY OF CAPE TOWN                 ,FC,00000-0000,Private      ,2,7,9,8,25,33
01008700,UNIVERSITY OF OXFORD ST PETER'S COL     ,FC,00000-0000,Public       ,0,1,1,1,4,5
01008800,UNIVERSITY OF OXFORD - CORPUS CHRIS     ,FC,00000-0000,Public       ,0,4,4,0,7,7
01008900,CENTRAL SCHOOL OF SPEECH AND DRAMA      ,FC,00000-0000,Private      ,3,15,18,7,35,42
01009000,UNIVERSITY OF OXFORD - BALLIOL COLL     ,FC,00000-0000,Public       ,0,7,7,1,19,20
01014300,UNIVERSITY OF READING                   ,FC,00000-0000,Public       ,3,12,15,7,28,35
01015700,CARDIFF UNIVERSITY                      ,FC,00000-0000,Public       ,3,21,24,6,41,47
01015900,PONTIFICIA UNIVERSITA GREGORIANA        ,FC,00000-0000,Private      ,0,1,1,0,4,4
01018800,UNIVERSITY COLLEGE DUBLIN               ,FC,00000-0000,Public       ,5,66,71,16,112,128
01019000,UNIVERSITY OF CAMBRIDGE CHURCHILL C     ,FC,00000-0000,Public       ,2,3,5,2,8,10
01022800,UNIVERSITY OF STIRLING                  ,FC,00000-0000,Public       ,5,9,14,11,19,30
01033200,UNIVERSITY OF CAMBRIDGE - CLARE COL     ,FC,00000-0000,Public       ,0,4,4,0,8,8
01045600,UNIVERSITY OF HAIFA                     ,FC,00000-0000,Public       ,4,5,9,10,11,21
01047200,INST EUROPEEN OPEEN D'ADMINISTRATIO     ,FC,00000-0000,Private      ,0,36,36,0,63,63
01049300,CRANFIELD UNIVERSITY                    ,FC,00000-0000,Public       ,0,2,2,0,8,8
01052000,TRINITY LABAN                           ,FC,00000-0000,Public       ,1,3,4,1,3,4
01052001,LABAN CENTER FOR MOVEMENT & DANCE       ,FC,00000-0000,Public       ,0,1,1,0,5,5
01052500,UNIVERSITY OF HERTFORDSHIRE             ,FC,00000-0000,Public       ,1,0,1,4,4,8
01057400,LONDON INTRNTL FILM SCHOOL              ,FC,00000-0000,Private      ,1,12,13,5,26,31
01058400,VRIJE UNIVERSITEIT BRUSSELS             ,FC,00000-0000,Private      ,0,0,0,1,1,2
01058600,INSTITUTE OF SOCIAL STUDIES             ,FC,00000-0000,Private      ,0,4,4,0,12,12
01058800,AUSTRALIAN NATIONAL UNIVERSITY          ,FC,00000-0000,Public       ,0,18,18,6,36,42
01058900,BANGOR UNIVERSITY                       ,FC,00000-0000,Public       ,5,11,16,9,22,31
01059400,"RICHMOND, THE AMERICAN INT UNI IN LONDON",FC,00000-0000,Private      ,78,14,92,305,30,335
01059900,INST D'ETUDES POLITIQUES DE PARIS       ,FC,00000-0000,Public       ,0,11,11,7,30,37
01068100,MACQUARIE UNIVERSITY                    ,FC,00000-0000,Public       ,6,18,24,17,60,77
01069200,UNIVERSITY OF QUEENSLAND (THE)          ,FC,00000-0000,Public       ,7,33,40,14,62,76
01070400,SILLIMAN UNIVERSITY                     ,FC,00000-0000,Private      ,0,0,0,2,5,7
01078900,UNIVERSITY OF OXFORD - WORCESTER CO     ,FC,00000-0000,Public       ,0,3,3,0,5,5
01079200,CITY AND GUILDS OF LONDON INSTITUTE     ,FC,00000-0000,Private      ,0,0,0,0,1,1
01079700,"NATIONAL UNIVERSITY OF IRELAND, MAY     ",FC,00000-0000,Public       ,0,0,0,2,4,6
01080300,SEMMELWEIS UNIVERSITY OF BUDAPEST       ,FC,00000-0000,Public       ,2,15,17,3,26,29
01081600,KINGSTON UNIVERSITY                     ,FC,00000-0000,Public       ,9,12,21,23,30,53
01083800,UNIVERSITITY OF BERGEN (UOB)            ,FC,00000-0000,Public       ,0,1,1,0,2,2
01086400,UNIV OF DUNDEE                          ,FC,00000-0000,Public       ,2,11,13,2,21,23
01086600,UNIVERSITY OF OXFORD - MAGDALEN COLLEGE ,FC,00000-0000,Public       ,0,4,4,0,10,10
01086700,UNIVERSITY OF OXFORD ST JOHN'S COLL     ,FC,00000-0000,Public       ,0,2,2,3,4,7
01091400,MONASH UNIVERSITY                       ,FC,00000-0000,Public       ,2,4,6,3,20,23
01091500,UNIV OF EAST ANGLIA                     ,FC,00000-0000,Public       ,1,18,19,3,46,49
01094200,UNIVERSITY OF OXFORD - ST HUGH'S CO     ,FC,00000-0000,Public       ,0,3,3,0,5,5
01097700,UNIVERSIDAD CENTRAL DEL ESTE            ,FC,00000-0000,Private      ,20,126,146,37,488,525
01098000,SOMERVILLE COLLEGE                      ,FC,00000-0000,Public       ,0,0,0,0,1,1
01099900,UNIV OF OXFORD - WADHAM COLLEGE         ,FC,00000-0000,Public       ,0,0,0,1,1,2
01104400,PONTIFICIA UNIVERSITA SAN TOMMASO       ,FC,00000-0000,Private      ,0,3,3,0,6,6
01105300,UNIVERSITY OF OXFORD - ST HILDA'S C     ,FC,00000-0000,Public       ,0,4,4,2,6,8
01105400,UNIVERSITY OF OXFORD - ST ANNE'S CO     ,FC,00000-0000,Public       ,0,6,6,1,8,9
01105500,UNIV OF OXFORD - LADY MARGARET HALL     ,FC,00000-0000,Public       ,0,3,3,1,8,9
01105600,UNIVERSITY OF OXFORD - UNIVERSITY C     ,FC,00000-0000,Public       ,0,3,3,2,11,13
01105700,UNIVERSITY OF OXFORD - TRINITY COLL     ,FC,00000-0000,Public       ,1,2,3,1,11,12
01105800,UNIVERSITY OF OXFORD-ST EDMUND HALL     ,FC,00000-0000,Public       ,0,4,4,1,9,10
01105900,UNIVERSITY OF OXFORD ST ANTONY'S CO     ,FC,00000-0000,Public       ,0,10,10,0,19,19
01106000,UNIVERSITY OF OXFORD - QUEEN'S COLL     ,FC,00000-0000,Public       ,0,0,0,0,1,1
01106100,UNIVERSITY OF OXFORD - PEMBROKE COL     ,FC,00000-0000,Public       ,0,1,1,0,3,3
01106200,UNIVERSITY OF OXFORD - ORIEL COLLEG     ,FC,00000-0000,Public       ,0,1,1,0,2,2
01106300,UNIVERSITY OF OXFORD - NUFFIELD COL     ,FC,00000-0000,Public       ,0,3,3,0,9,9
01106400,UNIVERSITY OF OXFORD - NEW COLLEGE      ,FC,00000-0000,Public       ,0,2,2,1,6,7
01106500,UNIVERSITY OF OXFORD MERTON COLLEGE     ,FC,00000-0000,Public       ,0,4,4,1,7,8
01106600,UNIVERSITY OF OXFORD - LINCOLN COLL     ,FC,00000-0000,Public       ,0,4,4,1,7,8
01106700,UNIVERSITY OF OXFORD - KEBLE COLLEG     ,FC,00000-0000,Public       ,0,1,1,0,5,5
01106800,UNIVERSITY OF OXFORD - JESUS COLLEG     ,FC,00000-0000,Public       ,0,2,2,1,4,5
01106900,UNIVERSITY OF OXFORD - HERTFORD COL     ,FC,00000-0000,Public       ,0,1,1,0,5,5
01107000,UNIVERSITY OF OXFORD EXETER COLLEGE     ,FC,00000-0000,Public       ,0,6,6,1,18,19
01107100,UNIV OF OXFORD - CHRIST CHURCH          ,FC,00000-0000,Public       ,0,5,5,1,13,14
01107200,UNIVERSITY OF OXFORD - BRASENOSE CO     ,FC,00000-0000,Public       ,0,1,1,0,3,3
01109100,FLINDERS UNIVERSITY OF S AUSTRALIA      ,FC,00000-0000,Public       ,0,2,2,4,10,14
01109400,UNIVERSITY OF WESTERN AUSTRALIA (THE)   ,FC,00000-0000,Public       ,1,0,1,2,8,10
01156700,"IMPERIAL COLLEGE OF SCIENCE, TECHNOLOGY ",FC,00000-0000,Public       ,2,23,25,3,40,43
01167900,UNIVERSITY OF BATH                      ,FC,00000-0000,Public       ,0,10,10,2,18,20
01168300,FRANKLIN COLLEGE  SWITZERLAND           ,FC,00000-0000,Private      ,43,5,48,352,12,364
01175800,UNIV OF CAMBRIDGE - PETERHOUSE          ,FC,00000-0000,Public       ,0,6,6,0,7,7
01176400,ROYAL ACADEMY OF MUSIC                  ,FC,00000-0000,Public       ,6,3,9,10,11,21
01176500,GOLDSMITHS' COLLEGE-UNIV OF LONDON      ,FC,00000-0000,Public       ,4,46,50,15,99,114
01176600,UNIV OF LONDON - INST OF EDUC           ,FC,00000-0000,Public       ,0,5,5,0,14,14
01177900,STOCKHOLM SCHOOL OF ECONOMICS           ,FC,00000-0000,Private      ,0,2,2,0,5,5
01178000,BRUNEL UNIVERSITY                       ,FC,00000-0000,Public       ,0,0,0,0,4,4
01178400,UNIVERSITY OF WARSAW                    ,FC,00000-0000,Public       ,1,5,6,3,8,11
01207500,UNIVERSITY CAMBRIDGE - TRINITY COLL     ,FC,00000-0000,Public       ,0,3,3,0,14,14
01207800,VICTORIA UNIV OF WELLINGTON             ,FC,00000-0000,Public       ,4,8,12,13,23,36
01210100,UNIVERSITY OF CAMBRIDGE - GIRTON CO     ,FC,00000-0000,Public       ,0,0,0,1,2,3
01213600,VICTORIA UNIV OF MANCHESTER (THE)       ,FC,00000-0000,Public       ,0,16,16,12,46,58
01219800,UNIVERSITY OF BRADFORD                  ,FC,00000-0000,Public       ,0,8,8,2,23,25
01220100,UNIVERSITY OF OXFORD - REGENT'S PAR     ,FC,00000-0000,Public       ,0,3,3,1,3,4
01220600,JAMES COOK UNIVERSITY                   ,FC,00000-0000,Public       ,7,20,27,17,42,59
01221300,PONTIFICIA BOLIVARIANA UNIVERSITY       ,FC,00000-0000,Private      ,2,1,3,4,2,6
01221500,BIRMINGHAM CITY UNIVERSITY              ,FC,00000-0000,Public       ,2,7,9,3,10,13
01222300,JAGIELLONIAN UNIVERSITY COLLEGIUM M     ,FC,00000-0000,Public       ,1,31,32,2,47,49
01222500,UNIVERSITY OF SZEGED FACULTY OF MEDICINE,FC,00000-0000,Public       ,0,7,7,0,8,8
01223400,KOREA UNIVERSITY                        ,FC,00000-0000,Private      ,0,0,0,2,5,7
01225800,ASTON UNIVERSITY                        ,FC,00000-0000,Public       ,0,5,5,1,8,9
01227500,UNIVERSITY OF OXFORD - WOLFSON COLL     ,FC,00000-0000,Public       ,0,6,6,0,10,10
01230200,GONVILLE & CAIUS COLLEGE                ,FC,00000-0000,Public       ,1,2,3,1,4,5
01233300,UNIV OF THE ARTS LONDON- CAMBERWELL COLL,FC,00000-0000,Public       ,5,10,15,9,18,27
01233500,ROYAL COLLEGE OF MUSIC                  ,FC,00000-0000,Public       ,2,3,5,3,10,13
01233700,WROCLAW UNIVERSITY OF MEDICINE          ,FC,00000-0000,Public       ,1,3,4,2,4,6
01234100,UNIVERSITY OF WALES - ST DAVID'S UN     ,FC,00000-0000,Public       ,0,7,7,1,23,24
01236000,EDINBURGH COLLEGE OF ART                ,FC,00000-0000,Public       ,0,3,3,0,3,3
01242100,UNIV OF AUCKLAND                        ,FC,00000-0000,Public       ,3,12,15,17,42,59
01253900,UNIVERSITY OF THE ARTS LONDON IDO - CENT,FC,00000-0000,Public       ,17,16,33,45,38,83
01254000,UNIVERSIDAD DE NAVARRA                  ,FC,00000-0000,Private      ,1,11,12,6,18,24
01276500,UNIVERSITY OF OXFORD - LINACRE COLL     ,FC,00000-0000,Public       ,0,5,5,0,11,11
01276600,"NATIONAL UNIVERSITY IRELAND, GALWAY     ",FC,00000-0000,Public       ,3,23,26,12,59,71
01280200,PONTIFICIA UNIV CATOLICA MAD Y MAES     ,FC,00000-0000,Private      ,9,28,37,13,41,54
01281100,INST TECNOLOGICO DE SANTO DOMINGO       ,FC,00000-0000,Private      ,3,29,32,7,46,53
01283900,UNIVERSITY OF CAMBRIDGE - SAINT JOH     ,FC,00000-0000,Public       ,0,10,10,0,12,12
01286200,MOUNTVIEW ACADEMY OF THEATRE ARTS       ,FC,00000-0000,Private      ,0,2,2,2,5,7
01297800,UNIVERSITY OF HUDDERSFIELD (THE)        ,FC,00000-0000,Public       ,0,1,1,1,2,3
01315300,MASSEY UNIVERSITY                       ,FC,00000-0000,Public       ,2,17,19,6,52,58
01322500,COLLEGE OF LAW                          ,FC,00000-0000,Private      ,1,8,9,1,12,13
02052400,DARWIN COLLEGE                          ,FC,00000-0000,Public       ,0,4,4,0,14,14
02082400,UNIVERSITY OF CAMBRIDGE - QUEEN'S C     ,FC,00000-0000,Public       ,0,7,7,0,13,13
02083400,UNIVERSITY OF CAMBRIDGE - WOLFSON C     ,FC,00000-0000,Public       ,0,7,7,0,11,11
02087400,UNIVERSITY OF CAMBRIDGE - NEWNHAM C     ,FC,00000-0000,Public       ,0,2,2,0,2,2
02087900,OXFORD BROOKES UNIVERSITY               ,FC,00000-0000,Public       ,2,17,19,4,35,39
02094100,BEN-GURION UNIV                         ,FC,00000-0000,Public       ,1,60,61,2,144,146
02094400,UNIV OF CAMBRIDGE - ST EDMUND'S HOU     ,FC,00000-0000,Public       ,0,4,4,1,6,7
02095500,LONDON BUS SCHOOL                       ,FC,00000-0000,Private      ,2,61,63,2,125,127
02098700,FATIMA COLLEGE OF MEDICINE              ,FC,00000-0000,Private      ,0,13,13,5,32,37
02101900,ROEHAMPTON UNIVERSITY                   ,FC,00000-0000,Public       ,1,20,21,10,47,57
02108600,LONDON ACADEMY OF MUSIC & DRAMATIC      ,FC,00000-0000,Private      ,4,8,12,10,10,20
02115900,UNIVERSITY OF PORTSMOUTH                ,FC,00000-0000,Public       ,1,3,4,5,5,10
02116700,UNIVERSITY OF CAMBRIDGE - LUCY CAVE     ,FC,00000-0000,Public       ,0,2,2,0,4,4
02120000,UNIV OF LONDON - COURTALD INST OF A     ,FC,00000-0000,Public       ,0,10,10,0,18,18
02133400,UNIVERSITY OF CAMBRIDGE - SIDNEY SU     ,FC,00000-0000,Public       ,0,3,3,0,6,6
02142000,UNIVERSITY OF CAMBRIDGE - HOMERTON      ,FC,00000-0000,Public       ,0,3,3,0,6,6
02149700,UNIVERSITY OF WINCHESTER (THE)          ,FC,00000-0000,Public       ,3,2,5,4,4,8
02156800,UNIV OF OTAGO                           ,FC,00000-0000,Public       ,2,4,6,5,15,20
02162300,"IESE BUSINESS SCH, UNIV OF NAVARRA      ",FC,00000-0000,Private      ,0,26,26,1,51,52
02167400,UNIVERSITY OF CAMBRIDGE - CORPUS CH     ,FC,00000-0000,Public       ,0,2,2,0,5,5
02175700,OHR SOMAYACH INSTITUTIONS               ,FC,00000-0000,Private      ,2,0,2,5,0,5
02177700,KING'S COLLEGE- UNIV OF CAMBRIDGE       ,FC,00000-0000,Public       ,0,12,12,1,27,28
02180500,MIDDLESEX UNIVERSITY                    ,FC,00000-0000,Public       ,3,11,14,7,25,32
02181000,UNIVERSITY OF SOUTH AUSTRALIA           ,FC,00000-0000,Public       ,3,6,9,3,13,16
02183500,UNIV OF OXFORD - WYCLIFFE HALL          ,FC,00000-0000,Public       ,0,4,4,0,7,7
02186000,UNIVERSITY OF CAMBRIDGE - MAGDALENE     ,FC,00000-0000,Public       ,0,2,2,0,7,7
02186100,UNIVERSITY OF CAMBRIDGE - EMMANUEL      ,FC,00000-0000,Public       ,0,4,4,0,5,5
02189600,UNIVERSITY OF GRONINGEN                 ,FC,00000-0000,Public       ,1,1,2,2,5,7
02194800,UNIVERSITY OF THE WEST OF ENGLAND -     ,FC,00000-0000,Public       ,5,3,8,6,8,14
02195100,UNIV OF WESTMINSTER                     ,FC,00000-0000,Public       ,9,37,46,20,84,104
02196700,GUILDHALL SCHOOL OF MUSIC & DRAMA       ,FC,00000-0000,Public       ,0,6,6,7,13,20
02197000,INT'L GRAD PROGRAMME STOCKHOLM UNIV     ,FC,00000-0000,Public       ,0,8,8,0,17,17
02207300,UNIVERSITY OF CAMBRIDGE - CHRIST'S      ,FC,00000-0000,Public       ,0,1,1,1,3,4
02209500,UNIVERSITEIT UTRECHT                    ,FC,00000-0000,Public       ,1,13,14,10,34,44
02210000,UNIV OF LONDON - LONDON SCHOOL OF H     ,FC,00000-0000,Public       ,0,11,11,0,37,37
02216300,UNIVERSIDAD DE CHILE                    ,FC,00000-0000,Public       ,0,0,0,1,4,5
02225300,UNIV OF CANTERBURY                      ,FC,00000-0000,Public       ,4,10,14,5,20,25
02229100,UNIVERSITY OF LEICESTER                 ,FC,00000-0000,Public       ,2,12,14,4,36,40
02229600,SACKLER SCHOOL OF MEDICINE              ,FC,00000-0000,Public       ,0,133,133,0,169,169
02232100,UNIVERSITY OF CAMBRIDGE                 ,FC,00000-0000,Public       ,2,2,4,2,7,9
02233300,"ST GEORGE'S UNIV, SCH OF MEDICINE       ",FC,00000-0000,Proprietary  ,5,769,774,17,1514,1531
02235300,LONDON METROPOLITAN UNIVERSITY          ,FC,00000-0000,Public       ,10,50,60,25,103,128
02240900,AISH HATORAH CLG OF JEWISH STUDIES      ,FC,00000-0000,Private      ,1,1,2,3,1,4
02244400,AMERICAN UNIV OF THE CARIBBEAN          ,FC,00000-0000,Proprietary  ,0,291,291,4,750,754
02257100,COVENTRY UNIVERSITY                     ,FC,00000-0000,Public       ,3,5,8,5,6,11
02266600,UNIVERSITY OF LONDON - SAINT GEORGE     ,FC,00000-0000,Public       ,0,3,3,0,3,3
02271700,UNIVERSITY OF CAMBRIDGE - CLARE HAL     ,FC,00000-0000,Public       ,0,3,3,0,6,6
02271900,UNIVERSITY OF OXFORD - BLACKFRIARS      ,FC,00000-0000,Public       ,0,0,0,1,1,2
02272100,UNIV OF OXFORD - GREYFRIARS             ,FC,00000-0000,Public       ,0,0,0,0,1,1
02272200,UNIV OF CAMBRIDGE - NEW HALL            ,FC,00000-0000,Public       ,0,5,5,2,7,9
02273600,QUEEN'S UNIV OF BELFAST (THE)           ,FC,00000-0000,Public       ,0,0,0,0,7,7
02273900,HERIOT WATT UNIVERSITY                  ,FC,00000-0000,Public       ,3,4,7,4,12,16
02276700,NYENRODE BUSINESS UNIVERSITEIT          ,FC,00000-0000,Private      ,0,0,0,0,2,2
02279700,UNIVERSITY OF MANCHESTER - INSTITUT     ,FC,00000-0000,Public       ,6,30,36,11,78,89
02293400,ECOLE DES HAUTES ETUDES COMERCIALS      ,FC,00000-0000,Public       ,0,22,22,0,37,37
02296300,UNIVERSITY OF CAMBRIDGE - JESUS COL     ,FC,00000-0000,Public       ,0,5,5,0,6,6
02310500,DE MONTFORT UNIVERSITY                  ,FC,00000-0000,Public       ,2,4,6,3,6,9
02320500,ROYAL NORTHERN COLLEGE OF MUSIC         ,FC,00000-0000,Public       ,1,2,3,1,3,4
02335100,UNIV OF CAMBRIDGE - TRINITY HALL        ,FC,00000-0000,Public       ,1,4,5,1,12,13
02338900,UNIVERSITY  FOR THE CREATIVE ARTS       ,FC,00000-0000,Public       ,0,2,2,3,2,5
02338903,KENT INSTITUTE OF ART & DESIGN          ,FC,00000-0000,Public       ,0,0,0,2,0,2
02339300,ERASMUS UNIV ROTTERDAM                  ,FC,00000-0000,Public       ,0,1,1,1,13,14
02347300,ESCUELA AUTONOMA DE CIENCIAS MEDICA     ,FC,00000-0000,Private      ,6,9,15,7,21,28
02351800,UNIVERSIDAD IBEROAMERICANA (UNIBE       ,FC,00000-0000,Private      ,32,329,361,60,651,711
02352100,UNIVERSITY OF PLYMOUTH                  ,FC,00000-0000,Public       ,0,0,0,1,0,1
02355200,ECOLE SUPERIEURE DE CUISINE FRANCAISE-FE,FC,00000-0000,Public       ,2,7,9,3,11,14
02363000,GSA CONSERVATOIRE                       ,FC,00000-0000,Private      ,3,0,3,4,3,7
02493000,ESCUELA SUPERIOR ADMINISTRACION Y D     ,FC,00000-0000,Private      ,0,0,0,2,15,17
02496600,UNIVERSITY OF STELLENBOSCH              ,FC,00000-0000,Public       ,0,4,4,4,8,12
02502600,PECSI ORVOSTUDOMANYI EGYETEM (PECS      ,FC,00000-0000,Public       ,0,3,3,0,10,10
02545700,GLASGOW SCHOOL OF ART                   ,FC,00000-0000,Public       ,3,7,10,6,23,29
02579600,MURDOCH UNIVERSITY                      ,FC,00000-0000,Public       ,1,23,24,5,39,44
02588000,UNIVERSITY OF ULSTER                    ,FC,00000-0000,Public       ,1,7,8,3,12,15
02591800,CURTIN UNIVERSITY OF TECHNOLOGY         ,FC,00000-0000,Public       ,0,7,7,1,13,14
02592300,MILLTOWN INST OF THEOLOGY & PHILOSO     ,FC,00000-0000,Private      ,0,1,1,0,2,2
02604300,AALBORG UNIVERSITY                      ,FC,00000-0000,Public       ,0,5,5,0,10,10
02611500,HELSINKI SCH OF ECONOMICS & BUS ADM     ,FC,00000-0000,Public       ,0,1,1,0,1,1
02611600,ECOL NATIONAL DES PONTS ET CHAUSSEE     ,FC,00000-0000,Public       ,0,2,2,0,4,4
02611700,DUBLIN CITY UNIVERSITY                  ,FC,00000-0000,Public       ,5,9,14,15,26,41
02622500,DENMARKS TEKNISKE UNIVERSITET           ,FC,00000-0000,Public       ,0,2,2,0,4,4
02623200,UNIVERSITY OF NEWCASTLE (THE)           ,FC,00000-0000,Public       ,4,9,13,6,19,25
03012700,UNIVERSITY OF BUCKINGHAM                ,FC,00000-0000,Private      ,1,5,6,1,10,11
03029400,KEELE UNIVERSITY                        ,FC,00000-0000,Public       ,1,2,3,1,5,6
03029500,NORTHUMBRIA UNIVERSITY                  ,FC,00000-0000,Public       ,2,10,12,2,15,17
03029800,NORGES HANDELSHOYSKOLE                  ,FC,00000-0000,Public       ,0,1,1,0,4,4
03033300,MANCHESTER METROPOLITAN UNIV            ,FC,00000-0000,Public       ,3,8,11,12,18,30
03045000,UNIVERSITY OF EAST LONDON               ,FC,00000-0000,Public       ,4,13,17,7,27,34
03050100,STUDIO ART CENTERS INTERNATIONAL        ,FC,00000-0000,Private      ,3,10,13,16,52,68
03066800,PONTIFICIO ATENEO DELLA SANTA CROCE     ,FC,00000-0000,Private      ,0,2,2,0,4,4
03067200,UNIVERSITY OF SYDNEY                    ,FC,00000-0000,Public       ,9,56,65,24,123,147
03073800,UNIV OF DEBRECEN MED & HEALTH SCI       ,FC,00000-0000,Public       ,0,3,3,2,9,11
03078700,UNIVERSITA COMMERCIALE L BOCCONI        ,FC,00000-0000,Public       ,1,8,9,5,23,28
03080300,SHEFFIELD HALLAM UNIVERSITY             ,FC,00000-0000,Public       ,3,0,3,3,3,6
03084300,UNIVERSITY OF LIMERICK                  ,FC,00000-0000,Public       ,7,8,15,17,21,38
03086900,AMERN GRAD SCHL OF BUS THE INST OF      ,FC,00000-0000,Private      ,0,0,0,0,2,2
03088700,ROYAL SCOTTISH ACAD MUSIC & DRAMA       ,FC,00000-0000,Public       ,3,11,14,12,13,25
03091400,UNIVERSITY OF WOLLONGONG                ,FC,00000-0000,Public       ,4,3,7,8,7,15
03091500,UNIVERSITY OF CANBERRA                  ,FC,00000-0000,Public       ,0,2,2,1,5,6
03091700,KAROL MARCINKOWSKI UNIV OF MED SCI      ,FC,00000-0000,Public       ,5,74,79,5,113,118
03092500,NOTTINGHAM TRENT UNIVERSITY             ,FC,00000-0000,Public       ,2,9,11,3,17,20
03095000,RMIT UNIVERSITY                         ,FC,00000-0000,Public       ,1,10,11,5,20,25
03095400,BOND UNIVERSITY                         ,FC,00000-0000,Private      ,13,17,30,34,41,75
03095900,ESSEC BUSINESS SCHOOL                   ,FC,00000-0000,Private      ,0,9,9,0,14,14
03096100,LA TROBE UNIVERSITY                     ,FC,00000-0000,Public       ,1,10,11,7,27,34
03096900,DEAKIN UNIVERSITY                       ,FC,00000-0000,Public       ,2,3,5,4,5,9
03097100,UNIVERSITY OF WESTERN SYDNEY            ,FC,00000-0000,Public       ,1,2,3,4,5,9
03097300,VICTORIA UNIVERSITY OF TECHNOLOGY       ,FC,00000-0000,Public       ,0,3,3,1,5,6
03097500,CENTRAL QUEENSLAND UNIVERSITY           ,FC,00000-0000,Public       ,0,2,2,2,5,7
03100000,UNIVERSITY OF ADELAIDE (THE)            ,FC,00000-0000,Public       ,1,9,10,2,19,21
03101600,ASIAN INSTITUTE OF MANAGEMENT           ,FC,00000-0000,Private      ,0,1,1,1,2,3
03102500,AMERICAN UNIVERSITY OF ROME             ,FC,00000-0000,Private      ,32,16,48,102,44,146
03102800,ROBERT GORDON UNIVERSITY (THE)          ,FC,00000-0000,Public       ,0,4,4,3,15,18
03104800,GRIFFITH UNIVERSITY                     ,FC,00000-0000,Public       ,4,9,13,13,16,29
03106100,ROSKILDE UNIV ROSKILDE UNIVERSITY C     ,FC,00000-0000,Public       ,1,0,1,2,0,2
03123500,HOGESCHOOL VAN AMSTERDAM                ,FC,00000-0000,Private      ,0,0,0,3,9,12
03136300,AUSTRALIAN CATHOLIC UNIVERSITY          ,FC,00000-0000,Public       ,0,3,3,1,5,6
03137400,CHARLES STURT UNIVERSITY                ,FC,00000-0000,Public       ,0,0,0,0,1,1
03140300,EDITH COWAN UNIVERSITY                  ,FC,00000-0000,Public       ,1,5,6,2,11,13
03140400,NORTHERN TERRITORY UNIVERSITY           ,FC,00000-0000,Public       ,0,2,2,0,2,2
03140500,QUEENSLAND UNIVERSITY OF TECHNOLOGY     ,FC,00000-0000,Public       ,2,10,12,5,23,28
03140600,SOUTHERN CROSS UNIVERSITY               ,FC,00000-0000,Public       ,2,6,8,3,10,13
03140700,SWINBURNE UNIVERSITY OF TECHNOLOGY      ,FC,00000-0000,Public       ,0,4,4,0,5,5
03150300,UNIVERSITY OF TASMANIA                  ,FC,00000-0000,Public       ,1,2,3,5,7,12
03274300,"KUNGLIGA TEKNISKA HOGSKOLAN, KTH        ",FC,00000-0000,Public       ,0,9,9,1,12,13
03287300,LIVERPOOL INSTITUTE FOR PERFORMING ARTS ,FC,00000-0000,Public       ,7,8,15,10,10,20
03300300,"2ND SCHOOL OF MEDICINE, CHARLES UNI     ",FC,00000-0000,Public       ,3,3,6,3,5,8
03300400,"FIRST FACULTY OF MEDICINE, CHARLES UNIV.",FC,00000-0000,Public       ,1,11,12,1,16,17
03329300,JOHN CABOT UNIVERSITY                   ,FC,00000-0000,Private      ,24,6,30,81,15,96
03332400,AGRICULTURE UNIVERSITY OF WROCLAW       ,FC,00000-0000,Public       ,0,0,0,0,2,2
03333300,MEDICAL UNIVERSITY SCHOOL OF LUBLIN     ,FC,00000-0000,Public       ,5,41,46,11,73,84
03334300,UNIVERSIDAD NORDESTANA                  ,FC,00000-0000,Private      ,1,7,8,1,15,16
03335300,MEDICAL UNIVERSITY OF SILESIA           ,FC,00000-0000,Public       ,2,25,27,4,46,50
03349400,"QUEEN MARGARET UNIVERSITY COLLEGE, EDINB",FC,00000-0000,Public       ,0,4,4,2,9,11
03350300,BOURNEMOUTH UNIVERSITY                  ,FC,00000-0000,Public       ,3,8,11,5,17,22
03352300,LONDON SOUTH BANK UNIVERSITY            ,FC,00000-0000,Private      ,3,11,14,5,20,25
03363300,THE ARTS EDUCATIONAL SCHOOLS LONDON     ,FC,00000-0000,Private      ,1,0,1,1,0,1
03364300,"FACULTY OF MEDICINE, PALACKY UNIVER     ",FC,00000-0000,Public       ,0,1,1,0,3,3
03365400,AUCKLAND INSTITUTE OF TECHNOLOGY        ,FC,00000-0000,Public       ,3,1,4,5,9,14
03377300,"UNIVERSITY OF WALES INSTITUTE, CARD     ",FC,00000-0000,Public       ,1,3,4,1,3,4
03378300,"THE 3RD FACULTY OF MEDICINE, CHARLE     ",FC,00000-0000,Public       ,0,3,3,1,6,7
03386300,CHARLES UNIVERSITY-MEDICAL FACULTY      ,FC,00000-0000,Public       ,0,6,6,0,12,12
03406300,"THE SCHOOL OF PHARMACY, UNIVERSITY      ",FC,00000-0000,Public       ,0,2,2,1,4,5
03418400,NAPIER UNIVERSITY                       ,FC,00000-0000,Public       ,7,4,11,8,10,18
03435300,ANGLIA POLYTECHNIC UNIVERSITY HIGHE     ,FC,00000-0000,Public       ,0,1,1,1,3,4
03456600,ANGELES UNIVERSITY FOUNDATION           ,FC,00000-0000,Private      ,0,0,0,2,0,2
03460300,INTERNATIONALES THEOLOGISCHES INSTI     ,FC,00000-0000,Private      ,0,4,4,2,11,13
03462400,UNIV OF ARTS LONDON - LON COLL OF COMMUN,FC,00000-0000,Public       ,9,12,21,19,21,40
03466300,INSTITUTO CENTROAMERICANO DE ADMINI     ,FC,00000-0000,Private      ,0,4,4,0,5,5
03473300,UNIV OF ARTS LONDON - LON COLL FASHION  ,FC,00000-0000,Public       ,17,25,42,35,43,78
03475300,UNIV OF THE ARTS  LONDON - CHELSEA COLL ,FC,00000-0000,Public       ,1,5,6,4,11,15
03478300,WELSH COLLEGE OF MUSIC AND DRAMA        ,FC,00000-0000,Public       ,0,3,3,0,3,3
03492400,UNIV OF CAMBRIDGE-ST CATHERINE'S CG     ,FC,00000-0000,Public       ,0,2,2,0,4,4
03494400,UNIV OF CAMBRIDGE-SELWYN COLLEGE        ,FC,00000-0000,Public       ,0,4,4,0,5,5
03494600,UNIV OF OXFORD-HARRIS MANCHESTER        ,FC,00000-0000,Public       ,0,1,1,1,2,3
03500300,WIMBLEDON COLLEGE OF ART                ,FC,00000-0000,Public       ,5,1,6,8,6,14
03501400,LEEDS METROPOLITAN UNIVERSITY           ,FC,00000-0000,Public       ,2,4,6,4,8,12
03507300,UNIVERSITY OF SUNDERLAND                ,FC,00000-0000,Public       ,0,4,4,1,12,13
03515300,UNIVERSITY OF CENTRAL LANCASHIRE        ,FC,00000-0000,Public       ,0,5,5,1,10,11
03517300,UNIVERSITY OF BRIGHTON                  ,FC,00000-0000,Public       ,1,8,9,5,17,22
03518300,EUROPEAN GRADUATE SCHOOL                ,FC,00000-0000,Private      ,0,14,14,0,36,36
03526300,INST CENTROAMERICANO DE ADM DE EMP      ,FC,00000-0000,Private      ,0,1,1,1,2,3
03527300,SOFIA UNIVERSITY ST. KLIMENT OHRIDSKI   ,FC,00000-0000,Public       ,0,0,0,2,0,2
03533300,BATH SPA UNIVERSITY                     ,FC,00000-0000,Public       ,1,13,14,5,19,24
03547300,UNIVERSITY OF GLAMORGAN                 ,FC,00000-0000,Public       ,0,3,3,1,6,7
03580300,LIVERPOOL JOHN MOORES UNIVERSITY        ,FC,00000-0000,Public       ,2,5,7,3,7,10
03594300,GROUP ESC GRENOBLE GRAD SCH OF BUS.     ,FC,00000-0000,Private      ,0,8,8,1,18,19
03597300,JAGIELLONIAN UNIVERSITY                 ,FC,00000-0000,Public       ,1,15,16,2,23,25
03601300,UNIVERSITAT JAUME I DE CASTELLO/UJI     ,FC,00000-0000,Public       ,0,2,2,0,5,5
03603300,LEEDS COLLEGE OF MUSIC                  ,FC,00000-0000,Public       ,0,1,1,1,1,2
03619300,UNIVERSITY OF GREENWICH                 ,FC,00000-0000,Public       ,3,11,14,13,20,33
03653400,UNIVERSIDAD DE IBEROAMERICA - UNIBE     ,FC,00000-0000,Private      ,0,8,8,1,17,18
03674300,UNIVERSITY OF ABERTAY DUNDEE            ,FC,00000-0000,Public       ,1,1,2,2,5,7
03684400,UNIVERSITY OF LINCOLN                   ,FC,00000-0000,Public       ,1,2,3,1,6,7
03684500,MEDICAL UNIVERSITY OF GDANSK            ,FC,00000-0000,Public       ,0,5,5,1,12,13
03684600,POMERANIAN MEDICAL UNIVERSITY           ,FC,00000-0000,Public       ,0,1,1,0,1,1
03697300,NATIONAL FILM & TELEVISION SCHOOL       ,FC,00000-0000,Private      ,0,0,0,0,1,1
03716300,"UNIVERSITY OF WALES, NEWPORT            ",FC,00000-0000,Public       ,0,2,2,1,5,6
03721300,WRITTLE COLLEGE                         ,FC,00000-0000,Public       ,0,0,0,1,1,2
03727400,UNIVERSITY OF WAIKATO (THE)             ,FC,00000-0000,Public       ,2,1,3,6,8,14
03770300,NAZARENE THEOLOGICAL COLLEGE            ,FC,00000-0000,Private      ,0,0,0,1,3,4
03816400,AMERICAN GRAD SCH OF INTERNTL REL & DIPL,FC,00000-0000,Private      ,1,15,16,3,43,46
03818300,LEIPZIG GRADUATE SCHOOL OF MANAGEMENT   ,FC,00000-0000,Private      ,0,1,1,0,4,4
03824300,"ROYAL VETERINARY COLLEGE (THE), UNIVERSI",FC,00000-0000,Public       ,1,49,50,1,85,86
03850500,MEDICAL UNIVERSITY OF LODZ              ,FC,00000-0000,Public       ,1,22,23,3,31,34
03859400,UNIVERSITY COLLEGE FALMOUTH             ,FC,00000-0000,Public       ,3,5,8,5,6,11
03897400,INTERNATIONAL SPACE UNIVERSITY          ,FC,00000-0000,Private      ,0,2,2,0,4,4
03926400,NATIONAL COLLEGE OF ART AND DESIGN      ,FC,00000-0000,Public       ,1,0,1,4,2,6
03941301,AVE MARIA UNIVERSITY - LATIN AMERICA    ,FC,00000-0000,Private      ,87,17,104,116,26,142
04021400,"AMERICAN COLLEGE, DUBLIN LIMITED (THE)  ",FC,00000-0000,Private      ,1,1,2,2,4,6
04021500,CENTRAL EUROPEAN UNIVERSITY             ,FC,00000-0000,Private      ,0,10,10,0,10,10
04070300,"RAPHAEL RECANATI INTERNATIONAL SCHOOL, T",FC,00000-0000,Private      ,11,8,19,28,15,43
04085400,NEW ZEALAND COLLEGE OF CHIROPRACTIC     ,FC,00000-0000,Private      ,0,3,3,0,5,5
00380600,ALDERSON-BROADDUS COLLEGE               ,WV,26416-1051,Private      ,56,40,96,778,298,1076
00380700,MOUNTAIN STATE UNIVERSITY               ,WV,25801-5624,Private      ,162,1266,1428,920,3093,4013
00380800,BETHANY COLLEGE                         ,WV,26032-0417,Private      ,294,24,318,1242,50,1292
00380900,BLUEFIELD STATE COLLEGE                 ,WV,24701-2198,Public       ,151,274,425,1050,1003,2053
00381000,CONCORD UNIVERSITY                      ,WV,24712-0000,Public       ,229,132,361,2699,696,3395
00381100,DAVIS & ELKINS COLLEGE                  ,WV,26241-3996,Private      ,96,50,146,533,214,747
00381200,FAIRMONT STATE UNIVERSITY               ,WV,26554-2470,Public       ,409,589,998,4211,2302,6513
00381300,GLENVILLE STATE COLLEGE                 ,WV,26351-1292,Public       ,128,56,184,1187,315,1502
00381500,MARSHALL UNIVERSITY                     ,WV,25755-3300,Public       ,899,1499,2398,7157,4205,11362
00381600,SOUTHERN WV COMMUNITY COLLEGE           ,WV,25637-2900,Public       ,175,289,464,884,686,1570
00381800,UNIVERSITY OF CHARLESTON                ,WV,25304-1099,Private      ,106,153,259,1484,584,2068
00381900,OHIO VALLEY COLLEGE                     ,WV,26105-8000,Private      ,95,40,135,365,106,471
00382000,SALEM INTERNATIONAL UNIVERSITY          ,WV,26426-0500,Proprietary  ,53,101,154,185,180,365
00382200,SHEPHERD UNIVERSITY                     ,WV,25443-3210,Public       ,448,273,721,2774,820,3594
00382300,WEST LIBERTY STATE COLLEGE              ,WV,26074-0295,Public       ,315,117,432,2271,489,2760
00382600,WEST VIRGINIA STATE UNIVERSITY          ,WV,25112-0000,Public       ,378,572,950,2037,1767,3804
00382700,WEST VIRGINIA UNIVERSITY                ,WV,26506-6201,Public       ,1878,1176,3054,21425,6523,27948
00382711,WEST VIRGINIA UNIVERSITY - POTOMAC STATE,WV,26726-3000,Public       ,196,64,260,1311,231,1542
00382721,WEST VIRGINIA UNIV INST OF TECH         ,WV,25136-2436,Public       ,122,78,200,1163,347,1510
00382800,WEST VIRGINIA UNIV AT PARKERSBURG       ,WV,26101-9577,Public       ,163,516,679,1172,1389,2561
00383000,WEST VIRGINIA WESLEYAN COLLEGE          ,WV,26201-2600,Private      ,185,27,212,1593,128,1721
00383100,WHEELING JESUIT UNIVERSITY              ,WV,26003-6243,Private      ,234,166,400,1065,379,1444
00500700,WEST VIRGINIA JUNIOR COLLEGE            ,WV,26505-5596,Proprietary  ,14,29,43,89,113,202
00500800,MOUNTAIN STATE COLLEGE                  ,WV,26101-3993,Proprietary  ,4,37,41,23,102,125
00754400,APPALACHIAN BIBLE COLLEGE               ,WV,25818-1353,Private      ,51,14,65,200,53,253
00757800,HUNTINGTON SCHOOL OF BEAUTY CULTURE     ,WV,25705-2030,Proprietary  ,4,16,20,9,23,32
00760000,INTERNATIONAL BEAUTY SCHOOL             ,WV,25401-3231,Proprietary  ,2,5,7,7,7,14
00835500,JAMES RUMSEY TECHNICAL INSTITUTE        ,WV,25403-0259,Public       ,17,42,59,42,88,130
00895900,CLARKSBURG BEAUTY ACADEMY               ,WV,26301-2903,Proprietary  ,7,10,17,22,17,39
00904700,HUNTINGTON JUNIOR COLLEGE               ,WV,25701-2004,Proprietary  ,26,196,222,108,663,771
00905400,WEST VIRGINIA NORTHERN CMTY COLLEGE     ,WV,26003-0000,Public       ,169,486,655,671,1092,1763
01014000,MINERAL COUNTY VOCATIONAL TECH CTR      ,WV,26726-0000,Public       ,1,10,11,8,18,26
01035600,EVEREST INSTITUTE                       ,WV,25313-1304,Proprietary  ,28,153,181,68,238,306
01057300,WEST VIRGINIA JUNIOR COLLEGE            ,WV,25322-0000,Proprietary  ,31,67,98,106,174,280
01057302,WEST VIRGINIA JUNIOR COLLEGE            ,WV,26330-0000,Proprietary  ,16,35,51,91,150,241
01086100,WEST VIRGINIA BUSINESS COLLEGE          ,WV,26301-0000,Proprietary  ,5,37,42,17,70,87
01124500,WEST VIRGINIA SCH OSTEOPATHIC MED       ,WV,24901-1128,Public       ,1,247,248,9,749,758
01174900,WOOD COUNTY SCH OF PRAC NURSING         ,WV,26101-6424,Public       ,5,8,13,11,33,44
01235900,B M SPURR SCHOOL OF PRAC NURSING        ,WV,26038-1660,Private      ,3,11,14,8,16,24
01257300,WEST VIRGINIA UNIV-HOSP-RAD TECH        ,WV,26506-8062,Private      ,11,7,18,60,30,90
01274300,BENJAMIN FRANKLIN CAREER&TECH           ,WV,25064-0000,Public       ,14,47,61,41,68,109
01290400,MONONGALIA CNTY TECH ED CTR             ,WV,26501-6841,Public       ,9,35,44,33,53,86
01290500,ACADEMY OF CAREERS AND TECHNOLOGY       ,WV,25801-0000,Public       ,11,48,59,40,102,142
02057400,ROANE-JACKSON TECHNICAL CENTER          ,WV,25252-0000,Public       ,2,9,11,13,37,50
02068000,UNITED TECHNICAL CENTER                 ,WV,26301-0000,Public       ,2,11,13,32,70,102
02070100,BECKLEY BEAUTY ACADEMY                  ,WV,25801-0000,Proprietary  ,6,16,22,26,30,56
02073400,CARVER CAREER TECH ED CTR               ,WV,25306-6397,Public       ,20,55,75,73,111,184
02145100,SCOTT COLLEGE OF COSMETOLOGY            ,WV,26003-0000,Proprietary  ,5,6,11,17,10,27
02178200,CHARLESTON SCHOOL OF BEAUTY CULTURE     ,WV,25301-0000,Proprietary  ,3,9,12,11,14,25
02218200,GARNET CAREER CENTER                    ,WV,25301-0000,Public       ,18,68,86,49,111,160
02275300,CABELL COUNTY CAREER TECHNOLOGY CTR     ,WV,25705-0000,Public       ,12,34,46,27,67,94
02524500,RALPH R WILLIS VOCATIONAL CENTER        ,WV,25601-0000,Public       ,2,3,5,10,20,30
02534800,FRED W EBERLE TECHNICAL CENTER          ,WV,26201-0000,Public       ,7,13,20,23,33,56
02535500,MERCER COUNTY TECH EDUC CNTR            ,WV,24740-0000,Public       ,8,30,38,28,58,86
02579900,NORTH CENTRAL OPPORTUNITIES IND CTR     ,WV,26554-2936,Private      ,4,11,15,11,21,32
02609400,VALLEY COLLEGE                          ,WV,25404-5711,Proprietary  ,4,36,40,9,67,76
03052000,MEREDITH MANOR EQUESTRIAN CENTRE        ,WV,26184-9707,Proprietary  ,34,19,53,83,34,117
03076500,FAYETTE INSTITUTE OF TECHNOLOGY         ,WV,25901-2174,Public       ,2,6,8,13,24,37
03084200,VALLEY COLLEGE                          ,WV,24740-3141,Proprietary  ,1,13,14,3,28,31
03084400,VALLEY COLLEGE                          ,WV,25801-2643,Proprietary  ,4,16,20,13,41,54
03098300,PUTNAM CAREER & TECHNICAL CENTER        ,WV,25070-0000,Public       ,4,19,23,16,38,54
03099200,"MOUNTAINEER BEAUTY COLLEGE, INC         ",WV,25177-2917,Proprietary  ,0,13,13,5,19,24
03102100,MORGANTOWN BEAUTY COLLEGE               ,WV,26505-5430,Proprietary  ,15,20,35,38,38,76
03123200,STANLEY TECHNICAL INSTITUTE             ,WV,26505-3751,Private      ,2,18,20,5,24,29
03327500,SOUTH BRANCH VOCATIONAL TECH CENTER     ,WV,26847-1698,Public       ,1,0,1,2,0,2
03734300,JOHN D. ROCKEFELLER IV CAREER CENTER    ,WV,26047-9424,Public       ,0,3,3,2,5,7
03819300,AMERICAN PUBLIC UNIVERSITY SYSTEM       ,WV,25414-1621,Proprietary  ,48,1935,1983,83,3538,3621
03957300,BLUE RIDGE COMMUNITY AND TECHNICAL COLLE,WV,25401-3244,Public       ,84,207,291,273,492,765
03960300,NEW RIVER COMMUNITY AND TECHNICAL COLLEG,WV,25801-2636,Public       ,88,287,375,610,972,1582
04028300,MOUNTAIN STATE SCHOOL OF MASSAGE        ,WV,25304-2025,Proprietary  ,4,11,15,12,16,28
04038500,PIERPONT COMMUNITY & TECHNICAL COLLEGE  ,WV,26554-2451,Public       ,74,98,172,435,327,762
04038600,WEST VIRGINIA STATE COMMUNITY AND TECHNI,WV,25112-1000,Public       ,94,225,319,363,638,1001
04041400,MARSHALL COMMUNITY AND TECHNICAL COLLEGE,WV,25755-3300,Public       ,106,202,308,524,521,1045
04047300,COMM AND TECH COLLEGE AT WVU TECH       ,WV,25136-2437,Public       ,19,26,45,237,147,384
00106100,ALASKA PACIFIC UNIVERSITY               ,AK,99508-4672,Private      ,139,207,346,547,377,924
00106300,UNIVERSITY OF ALASKA FAIRBANKS          ,AK,99775-7500,Public       ,600,693,1293,1642,1603,3245
00106500,UNIVERSITY OF ALASKA SOUTHEAST          ,AK,99801-8680,Public       ,99,219,318,364,548,912
00884300,ALASKA BIBLE COLLEGE                    ,AK,99588-0000,Private      ,2,1,3,13,7,20
01146200,UNIVERSITY OF ALASKA  ANCHORAGE         ,AK,99514-1608,Public       ,1416,1865,3281,3243,3966,7209
02541000,CAREER ACADEMY                          ,AK,99507-0000,Proprietary  ,19,102,121,29,171,200
02576900,CHARTER COLLEGE                         ,AK,99508-0000,Proprietary  ,69,559,628,83,636,719
03160300,ALASKA VOCATIONAL TECHNICAL CENTER      ,AK,99664-0889,Public       ,48,69,117,96,124,220
03461300,ILISAGVIK COLLEGE                       ,AK,99723-0749,Public       ,2,5,7,3,9,12
00108500,UNIV ARKANSAS MONTICELLO                ,AR,71656-0000,Public       ,771,646,1417,1306,1051,2357
00108501,GREAT RIVERS TECHNICAL INSTITUTE        ,AR,71654-0000,Public       ,0,0,0,2,9,11
00108502,FOREST ECHOES TECHNICAL INSTITUTE       ,AR,71635-0000,Public       ,0,0,0,5,8,13
00108600,UNIV OF ARKANSAS AT PINE BLUFF          ,AR,71601-2790,Public       ,1344,641,1985,2785,1061,3846
00108700,ARKANSAS BAPTIST COLLEGE                ,AR,72202-6099,Private      ,216,209,425,311,311,622
00108800,LYON COLLEGE                            ,AR,72501-3699,Private      ,172,32,204,568,62,630
00108900,ARKANSAS TECH UNIVERSITY                ,AR,72801-2222,Public       ,1775,1310,3085,3397,2073,5470
00109000,ARKANSAS STATE UNIVERSITY               ,AR,72467-0000,Public       ,2529,2730,5259,5085,4556,9641
00109006,DELTA TECHNICAL INSTITUTE               ,AR,72365-9558,Public       ,15,29,44,30,47,77
00109100,ARKANSAS STATE UNIVERSITY - BEEBE       ,AR,72012-1000,Public       ,647,878,1525,1058,1508,2566
00109200,UNIVERSITY OF CENTRAL ARKANSAS          ,AR,72035-0001,Public       ,3060,1747,4807,5794,2789,8583
00109300,CENTRAL BAPTIST COLLEGE                 ,AR,72034-6470,Private      ,141,109,250,268,161,429
00109400,UNIVERSITY OF THE OZARKS                ,AR,72830-2880,Private      ,216,40,256,516,72,588
00109500,CROWLEYS RIDGE COLLEGE                  ,AR,72450-9775,Private      ,46,16,62,83,29,112
00109700,HARDING UNIVERSITY                      ,AR,72149-0001,Private      ,1185,541,1726,2474,847,3321
00109800,HENDERSON STATE UNIVERSITY              ,AR,71999-0001,Public       ,1155,592,1747,2210,915,3125
00109900,HENDRIX COLLEGE                         ,AR,72032-3080,Private      ,173,28,201,1794,63,1857
00110000,JOHN BROWN UNIVERSITY                   ,AR,72761-2747,Private      ,296,351,647,1106,654,1760
00110100,UNIV ARKANSAS LITTLE ROCK               ,AR,72204-1099,Public       ,1426,3090,4516,2863,5837,8700
00110200,OUACHITA BAPTIST UNIVERSITY             ,AR,71998-0001,Private      ,487,63,550,1194,100,1294
00110300,PHILANDER SMITH COLLEGE                 ,AR,72202-3718,Private      ,200,173,373,542,328,870
00110400,PHILLIPS COUNTY COMMUNITY COLLEGE       ,AR,72342-0000,Public       ,141,298,439,224,425,649
00110401,RICE BELT TECH INST                     ,AR,72042-0000,Public       ,2,1,3,3,2,5
00110600,WILLIAMS BAPTIST COLLEGE                ,AR,72476-4661,Private      ,184,70,254,445,116,561
00110700,SOUTHERN ARKANSAS UNIVERSITY            ,AR,71754-0000,Public       ,848,631,1479,1518,968,2486
00110800,UNIV ARKANSAS FAYETTEVILLE              ,AR,72701-0000,Public       ,2774,1851,4625,7216,3444,10660
00110900,UNIV OF ARKANSAS FOR MEDCL SCIENCES     ,AR,72205-7102,Public       ,199,758,957,347,1331,1678
00110901,UNIV OF ARKANSAS COLG OF MEDICINE       ,AR,72205-0000,Public       ,16,260,276,34,565,599
00111000,UNIVERSITY OF ARKANSAS-FORT SMITH       ,AR,72904-7397,Public       ,1195,1355,2550,2340,2284,4624
00524500,U OF A COMM COLLEGE AT MORRILTON        ,AR,72110-9601,Public       ,410,537,947,647,835,1482
00570700,SEARK COLLEGE                           ,AR,71603-0000,Public       ,281,716,997,374,1040,1414
00573200,UNIV AR COMMUNITY COLLEGE AT HOPE       ,AR,71801-0000,Public       ,143,277,420,240,436,676
00704400,CROWLEYS RIDGE TECHNICAL INSTITUTE      ,AR,72336-0000,Public       ,22,88,110,29,142,171
00773800,SOUTHERN ARKANSAS UNIVERSITY TECH       ,AR,71701-1900,Public       ,159,207,366,255,338,593
00792100,FAYETTEVILLE BEAUTY COLLEGE             ,AR,72701-0000,Proprietary  ,14,22,36,21,31,52
00997600,OUACHITA TECHNICAL COLLEGE              ,AR,72104-0816,Public       ,101,289,390,174,425,599
01074100,MELLIE'S BEAUTY COLLEGE                 ,AR,72901-3886,Proprietary  ,18,41,59,23,50,73
01210500,NATIONAL PARK COMMUNITY COLLEGE         ,AR,71913-9174,Public       ,345,677,1022,533,1024,1557
01226000,EAST ARKANSAS COMMUNITY COLLEGE         ,AR,72335-2204,Public       ,130,201,331,220,320,540
01226100,NORTH ARKANSAS COLLEGE                  ,AR,72601-5508,Public       ,343,518,861,615,965,1580
01286000,ARKANSAS NORTHEASTERN COLLEGE           ,AR,72316-1109,Public       ,216,372,588,432,632,1064
02052200,BLACK RIVER TECHNICAL COLLEGE           ,AR,72455-0000,Public       ,208,450,658,350,697,1047
02073500,UNIV OF AR CMNTY CLG-BATESVILLE         ,AR,72503-0000,Public       ,140,370,510,250,551,801
02073700,NORTHWEST TECHNICAL INSTITUTE           ,AR,72765-0000,Public       ,39,82,121,73,146,219
02074600,SOUTH ARKANSAS COMMUNITY COLLEGE        ,AR,71731-0000,Public       ,157,446,603,255,671,926
02075300,PULASKI TECHNICAL COLLEGE               ,AR,72118-0000,Public       ,973,3528,4501,1404,5370,6774
02087000,OZARKA COLLEGE                          ,AR,72556-0000,Public       ,96,303,399,164,450,614
02111100,RICH MOUNTAIN COMMUNITY COLLEGE         ,AR,71953-0000,Public       ,101,132,233,245,237,482
02202400,PROFESSIONAL COSMETOLOGY EDUC CTR       ,AR,71730-5828,Proprietary  ,5,13,18,8,18,26
02220900,COSSATOT COMMUNITY COLLEGE              ,AR,71832-0000,Public       ,195,328,523,295,529,824
02260400,BEE JAY'S HAIRSTYLING ACADEMY           ,AR,72212-0000,Proprietary  ,5,17,22,7,22,29
02260401,BEE JAY'S HAIRSTYLING ACADEMY - BATESVIL,AR,72501-6709,Proprietary  ,0,3,3,0,3,3
02272400,EASTERN COLLEGE OF HEALTH VOCATIONS     ,AR,72209-0000,Proprietary  ,41,176,217,55,273,328
02284200,NEW TYLER BARBER COLLEGE INC            ,AR,72114-0000,Proprietary  ,2,11,13,6,16,22
02287400,MARSHA KAY BEAUTY COLLEGE               ,AR,72653-0000,Proprietary  ,2,13,15,4,16,20
02321701,ITT TECHNICAL INSTITUTE                 ,AR,72204-9925,Proprietary  ,90,212,302,127,265,392
02330800,JEFFERSON SCHOOL OF NURSING             ,AR,71603-0000,Private      ,18,44,62,26,67,93
02339800,SOUTHERN INSTITUTE OF COSMETOLOGY       ,AR,72301-0000,Proprietary  ,2,3,5,3,4,7
02341700,CAREER ACADEMY OF HAIR DESIGN           ,AR,72764-4304,Proprietary  ,26,36,62,38,50,88
02348200,MID-SOUTH COMMUNITY COLLEGE             ,AR,72301-0000,Public       ,133,413,546,329,673,1002
02363500,ARTHUR'S BEAUTY COLLEGE                 ,AR,72901-0000,Proprietary  ,10,25,35,11,37,48
02525800,LEE'S SCHOOL OF COSMETOLOGY             ,AR,72114-0000,Proprietary  ,6,18,24,14,26,40
02538500,ARTHUR'S BEAUTY COLLEGE                 ,AR,72076-0000,Proprietary  ,27,68,95,31,82,113
02569600,SEARCY BEAUTY COLLEGE                   ,AR,72143-0000,Proprietary  ,7,12,19,10,16,26
03005100,ARKANSAS BEAUTY SCHOOL                  ,AR,72209-5116,Proprietary  ,6,33,39,14,43,57
03007100,HOT SPRINGS BEAUTY COLLEGE              ,AR,71901-5432,Proprietary  ,16,34,50,21,37,58
03007600,ARKANSAS BEAUTY SCHOOL-CONWAY           ,AR,72032-4354,Proprietary  ,7,19,26,16,26,42
03023400,ARKANSAS COLLEGE OF BARBERING           ,AR,72114-5615,Proprietary  ,1,12,13,1,16,17
03030903,DIESEL DRIVING ACADEMY - LITTLE ROCK    ,AR,72117-9624,Proprietary  ,0,0,0,1,4,5
03063300,NORTHWEST ARKANSAS COMMUNITY COLLEG     ,AR,72712-5190,Public       ,707,1262,1969,1170,2110,3280
03065100,ABC BEAUTY COLLEGE                      ,AR,71923-4206,Proprietary  ,6,7,13,9,12,21
03066302,BRYAN COLLEGE -                         ,AR,72756-1825,Proprietary  ,24,62,86,28,122,150
03105200,BAPTIST HEALTH SCHOOLS LITTLE ROCK      ,AR,72210-0000,Private      ,161,528,689,242,877,1119
03116800,"DELUXE BEAUTY SCHOOL, L.L.C.            ",AR,71603-0000,Proprietary  ,6,4,10,7,10,17
03124900,IMAGINE -  PAUL MITCHELL PARTNER SCHOOL ,AR,72117-2516,Proprietary  ,19,29,48,25,35,60
03127200,ASKINS VO-TECH                          ,AR,72908-8028,Proprietary  ,0,9,9,0,13,13
03212300,BLYTHEVILLE ACADEMY OF COSMETOLOGY      ,AR,72315-3424,Proprietary  ,2,8,10,2,11,13
03214300,VELVATEX COLLEGE OF BEAUTY CULTURE      ,AR,72202-5452,Proprietary  ,1,11,12,2,13,15
03254300,MARGARET'S HAIR ACADEMY                 ,AR,71655-4905,Proprietary  ,4,7,11,5,12,17
03519400,LYNNDALE FUNDAMENTALS OF BEAUTY SCH     ,AR,71730-4804,Proprietary  ,9,11,20,9,20,29
03855300,ECCLESIA COLLEGE                        ,AR,72762-8159,Private      ,27,5,32,43,7,50
03912300,CROSSETT SCHOOL OF COSMETOLOGY          ,AR,71635-0000,Proprietary  ,4,4,8,8,11,19
03997300,ARKANSAS BEAUTY COLLEGE                 ,AR,72801-3741,Proprietary  ,6,9,15,10,13,23
00133900,CORBAN COLLEGE                          ,OR,97301-9392,Private      ,100,106,206,1010,278,1288
00316505,CASCADE COLLEGE                         ,OR,97216-0000,Private      ,112,39,151,256,82,338
00318600,BLUE MOUNTAIN COMMUNITY COLLEGE         ,OR,97801-0000,Public       ,146,343,489,640,829,1469
00318800,CENTRAL OREGON COMMUNITY COLLEGE        ,OR,97701-5998,Public       ,516,906,1422,1431,1871,3302
00318900,CLATSOP COMMUNITY COLLEGE               ,OR,97103-3698,Public       ,99,121,220,251,306,557
00319100,CONCORDIA UNIVERSITY                    ,OR,97211-6099,Private      ,247,427,674,948,994,1942
00319300,EASTERN OREGON UNIVERSITY               ,OR,97850-2899,Public       ,298,555,853,1617,1637,3254
00319400,GEORGE FOX UNIVERSITY                   ,OR,97132-2697,Private      ,349,597,946,2137,1263,3400
00319600,LANE COMMUNITY COLLEGE                  ,OR,97405-0640,Public       ,917,1721,2638,3331,5277,8608
00319700,LEWIS & CLARK COLLEGE                   ,OR,97219-7899,Private      ,182,343,525,4186,2888,7074
00319800,LINFIELD COLLEGE                        ,OR,97128-6894,Private      ,197,141,338,2655,441,3096
00319801,LINFIELD COLLEGE - PORTLAND CAMPUS      ,OR,97210-0000,Private      ,34,98,132,274,570,844
00319900,MARYLHURST UNIVERSITY                   ,OR,97036-7036,Private      ,27,380,407,113,961,1074
00320300,MOUNT ANGEL SEMINARY                    ,OR,97373-0505,Private      ,4,7,11,7,12,19
00320400,MOUNT HOOD COMMUNITY COLLEGE            ,OR,97030-3300,Public       ,676,1194,1870,2196,2951,5147
00320600,MULTNOMAH BIBLE COLLEGE/SEMINARY        ,OR,97220-5898,Private      ,148,160,308,462,467,929
00320700,PACIFIC NORTHWEST COLLEGE OF ART        ,OR,97209-3023,Private      ,109,89,198,509,328,837
00320800,NORTHWEST CHRISTIAN UNIVERSITY          ,OR,97401-3727,Private      ,73,123,196,521,396,917
00320900,WESTERN OREGON UNIVERSITY               ,OR,97361-1394,Public       ,576,382,958,4553,1465,6018
00321000,OREGON STATE UNIVERSITY                 ,OR,97331-8507,Public       ,1678,1344,3022,14523,5841,20364
00321100,OREGON INSTITUTE OF TECHNOLOGY          ,OR,97601-8801,Public       ,235,320,555,1654,1185,2839
00321200,PACIFIC UNIVERSITY                      ,OR,97116-1797,Private      ,229,450,679,2348,2351,4699
00321300,PORTLAND COMMUNITY COLLEGE              ,OR,97219-7198,Public       ,1770,3985,5755,5316,10707,16023
00321600,PORTLAND STATE UNIVERSITY               ,OR,97207-0000,Public       ,1936,4088,6024,9080,12131,21211
00321700,REED COLLEGE                            ,OR,97202-8199,Private      ,321,64,385,2624,233,2857
00321800,CHEMEKETA COMMUNITY COLLEGE             ,OR,97309-1500,Public       ,854,2134,2988,2548,4836,7384
00321900,SOUTHERN OREGON UNIVERSITY              ,OR,97520-5010,Public       ,499,500,999,3724,1779,5503
00322000,SOUTHWESTERN OREGON COMMUNITY CLG       ,OR,97420-2956,Public       ,283,304,587,1056,806,1862
00322100,TREASURE VALLEY COMMUNITY COLLEGE       ,OR,97914-3423,Public       ,265,486,751,828,989,1817
00322200,UMPQUA COMMUNITY COLLEGE                ,OR,97470-0226,Public       ,184,529,713,728,1290,2018
00322300,UNIVERSITY OF OREGON                    ,OR,97403-1226,Public       ,2108,1480,3588,15976,7200,23176
00322400,UNIVERSITY OF PORTLAND                  ,OR,97203-5798,Private      ,334,279,613,6187,1174,7361
00322500,WARNER PACIFIC COLLEGE                  ,OR,97215-4099,Private      ,133,320,453,499,649,1148
00322700,WILLAMETTE UNIVERSITY                   ,OR,97301-3930,Private      ,142,328,470,3352,1278,4630
00487800,CLACKAMAS COMMUNITY COLLEGE             ,OR,97045-7998,Public       ,453,761,1214,1564,1884,3448
00488200,OREGON HEALTH & SCIENCE UNIVERSITY      ,OR,97239-0000,Public       ,64,462,526,321,2620,2941
00488230,OREGON GRAD INST OF SCIENCE & TECH      ,OR,97006-0000,Public       ,2,6,8,7,21,28
00693800,LINN BENTON COMMUNITY COLLEGE           ,OR,97321-3774,Public       ,588,878,1466,2001,2118,4119
00717800,WESTERN SEMINARY                        ,OR,97215-0000,Private      ,0,95,95,2,164,166
00723402,HEALD COLLEGE - PORTLAND                ,OR,97205-3432,Proprietary  ,43,189,232,75,321,396
00781900,ART INSTITUTE OF PORTLAND (THE)         ,OR,97209-2911,Proprietary  ,492,452,944,1309,1059,2368
00888700,CONCORDE CAREER INSTITUTE               ,OR,97232-2242,Proprietary  ,67,229,296,125,486,611
00907900,EVEREST COLLEGE                         ,OR,97204-2296,Proprietary  ,54,318,372,100,492,592
00958100,SPRINGFIELD COLLEGE OF BEAUTY           ,OR,97477-5474,Proprietary  ,16,51,67,38,80,118
01012200,PHAGANS' MEDFORD BEAUTY SCHOOL          ,OR,97504-5297,Proprietary  ,17,28,45,38,53,91
01018200,ROGUE COMMUNITY COLLEGE                 ,OR,97527-0000,Public       ,384,1040,1424,1231,2348,3579
01050700,ACADEMY OF HAIR DESIGN                  ,OR,97301-3526,Proprietary  ,10,20,30,25,37,62
01185200,ITT TECHNICAL INSTITUTE                 ,OR,97220-0000,Proprietary  ,162,353,515,284,457,741
01230900,WESTERN STATES CHIROPRACTIC COLLEGE     ,OR,97230-3099,Private      ,6,237,243,15,418,433
01234700,PHAGANS CENTRAL OREGON BEAUTY CLG       ,OR,97701-5175,Proprietary  ,14,48,62,26,73,99
01234800,PHAGANS BEAUTY COLLEGE                  ,OR,97333-4716,Proprietary  ,18,19,37,35,28,63
01235000,PHAGANS SCHOOL OF HAIR DESIGN           ,OR,97267-4808,Proprietary  ,16,25,41,21,44,65
01235100,PHAGANS SCHOOL OF BEAUTY                ,OR,97301-4732,Proprietary  ,7,19,26,22,42,64
01300800,PHAGANS TIGARD BEAUTY SCHOOL            ,OR,97223-0000,Proprietary  ,13,19,32,17,37,54
02101000,NORTHWEST COLLEGE OF HAIR DESIGN        ,OR,97086-7702,Proprietary  ,25,48,73,41,72,113
02101002,NORTHWEST COLLEGE                       ,OR,97007-3954,Proprietary  ,2,5,7,4,6,10
02104900,COLLEGE OF LEGAL ARTS                   ,OR,97219-9998,Proprietary  ,11,66,77,22,88,110
02106100,COLLEGE OF COSMETOLOGY                  ,OR,97601-0000,Proprietary  ,11,28,39,17,40,57
02154400,BEAU MONDE CLG OF HAIR DESIGN           ,OR,97205-0000,Proprietary  ,17,49,66,48,83,131
02159700,EUGENE BIBLE COLLEGE                    ,OR,97405-0000,Private      ,24,29,53,60,63,123
02201900,PHAGANS' SCHOOL OF HAIR DESIGN          ,OR,97232-0000,Proprietary  ,25,72,97,61,139,200
02239203,ALLIED COLLEGE - ANTHEM COLLEGE         ,OR,97005-0000,Proprietary  ,16,19,35,30,42,72
02330100,PIONEER PACIFIC COLLEGE                 ,OR,97070-0000,Proprietary  ,109,346,455,160,529,689
02330102,PIONEER PACIFIC COLLEGE                 ,OR,97403-0000,Proprietary  ,25,237,262,57,377,434
02337900,COLLEGE OF HAIR DESIGN CAREERS          ,OR,97301-0000,Proprietary  ,18,27,45,29,36,65
02344100,ROSEBURG BEAUTY COLLEGE                 ,OR,97470-0000,Proprietary  ,8,26,34,20,48,68
02534000,NATIONAL COLLEGE OF NATURAL MEDICINE    ,OR,97201-0000,Private      ,4,306,310,8,522,530
02578800,NORTHWEST NANNIES INSTITUTE             ,OR,97035-0000,Proprietary  ,7,3,10,11,8,19
02603700,OREGON COL OF ORIENTAL MEDICINE         ,OR,97216-0000,Private      ,1,147,148,5,286,291
02617506,EVEREST COLLEGE - EVEREST INSTITUTE     ,OR,97223-6581,Proprietary  ,19,62,81,27,79,106
03007300,OREGON COLLEGE OF ART & CRAFT           ,OR,97225-6399,Private      ,20,28,48,83,165,248
03022600,WESTERN CULINARY INSTITUTE              ,OR,97205-2793,Proprietary  ,499,557,1056,1148,1007,2155
03042500,APOLLO COLLEGE                          ,OR,97232-1302,Proprietary  ,98,361,459,147,583,730
03074400,PHAGANS NEWPORT ACAD CSMTLGY CAREER     ,OR,97365-4963,Proprietary  ,5,11,16,9,14,23
03074500,EAST-WEST COLLEGE OF THE HEALING ARTS   ,OR,97232-2765,Proprietary  ,29,121,150,50,198,248
03185300,PHAGANS GRANTS PASS COLLEGE OF BTY      ,OR,97527-3039,Proprietary  ,10,16,26,18,28,46
03428300,KLAMATH COMMUNITY COLLEGE               ,OR,97603-7121,Public       ,68,234,302,216,522,738
03642300,VALLEY MEDICAL COLLEGE                  ,OR,97305-1373,Proprietary  ,9,60,69,16,89,105
03668300,BIRTHINGWAY COLLEGE OF MIDWIFERY        ,OR,97266-4042,Private      ,3,26,29,8,64,72
03783400,ABDILL CAREER COLLEGE                   ,OR,97504-7137,Proprietary  ,4,33,37,14,76,90
00137400,ALBERTUS MAGNUS COLLEGE                 ,CT,06511-1189,Private      ,115,229,344,729,583,1312
00137403,ALBERTUS MAGNUS CLG-NEW DIMENSIONS      ,CT,06511-0000,Private      ,15,230,245,37,409,446
00137800,CENTRAL CONNECTICUT STATE UNIV          ,CT,06050-2490,Public       ,1854,1239,3093,7665,2672,10337
00137900,CONNECTICUT COLLEGE                     ,CT,06320-4196,Private      ,326,15,341,2517,51,2568
00138000,WESTERN CONNECTICUT STATE UNIV          ,CT,06810-6826,Public       ,767,313,1080,4478,941,5419
00138500,FAIRFIELD UNIVERSITY                    ,CT,06430-0000,Private      ,234,214,448,6054,478,6532
00138700,HARTFORD SEMINARY                       ,CT,06105-0000,Private      ,0,5,5,9,16,25
00138900,HOLY APOSTLES COLLEGE & SEMINARY        ,CT,06416-2005,Private      ,1,15,16,4,28,32
00139200,MANCHESTER COMMUNITY COLLEGE            ,CT,06045-1046,Public       ,916,821,1737,1779,1404,3183
00139300,MITCHELL COLLEGE                        ,CT,06320-4498,Private      ,221,52,273,887,124,1011
00139700,UNIVERSITY OF NEW HAVEN                 ,CT,06516-1999,Private      ,498,345,843,5123,1062,6185
00139800,NORTHWESTERN CT COMMUNITY COLLEGE       ,CT,06098-1747,Public       ,143,159,302,286,267,553
00139900,NORWALK COMMUNITY TECHNICAL COLLEGE     ,CT,06854-1655,Public       ,452,565,1017,805,963,1768
00140100,POST UNIVERSITY                         ,CT,06723-3240,Proprietary  ,282,320,602,806,569,1375
00140200,QUINNIPIAC UNIVERSITY                   ,CT,06518-1908,Private      ,900,399,1299,11917,1052,12969
00140201,QUINNIPIAC UNIVERSITY SCHOOL OF LAW     ,CT,06518-0000,Private      ,9,233,242,121,1027,1148
00140300,SACRED HEART UNIVERSITY                 ,CT,06825-1000,Private      ,1237,431,1668,6521,887,7408
00140600,SOUTHERN CONNECTICUT STATE UNIV         ,CT,06515-1355,Public       ,1166,973,2139,8047,3386,11433
00140900,SAINT JOSEPH COLLEGE                    ,CT,06117-2791,Private      ,247,320,567,1074,649,1723
00141400,TRINITY COLLEGE                         ,CT,06106-3100,Private      ,174,68,242,2654,170,2824
00141600,UNIVERSITY OF BRIDGEPORT                ,CT,06601-5650,Private      ,555,800,1355,1835,1489,3324
00141700,UNIVERSITY OF CONNECTICUT-STORRS        ,CT,06269-2151,Public       ,1780,932,2712,22613,3995,26608
00141702,UNIV CONN STAMFORD                      ,CT,06901-0000,Public       ,64,57,121,355,152,507
00141703,UNIV OF CONNECTICUT - TORINGTON         ,CT,06790-0000,Public       ,22,16,38,146,43,189
00141706,UNIV OF CONNECTICUT SCH LAW             ,CT,06105-0000,Public       ,7,259,266,26,1107,1133
00141707,UNIV OF CT - SCH OF SOCIAL WORK         ,CT,06117-0000,Public       ,9,69,78,62,426,488
00141708,UNIVERSITY OF CONNECTICUT - SCHOOL OF ME,CT,06030-1920,Public       ,4,189,193,10,456,466
00141709,UNIVERSITY OF CONNECTICUT - SCHOOL OF DE,CT,06030-1920,Public       ,1,99,100,5,172,177
00142200,UNIVERSITY OF HARTFORD                  ,CT,06117-1599,Private      ,808,403,1211,8954,1170,10124
00142400,WESLEYAN UNIVERSITY                     ,CT,06459-3208,Private      ,665,32,697,4269,114,4383
00142500,EASTERN CONNECTICUT STATE UNIV          ,CT,06226-2295,Public       ,634,244,878,4544,869,5413
00142600,YALE UNIVERSITY                         ,CT,06520-8288,Private      ,1260,921,2181,13254,6046,19300
00142601,YALE UNIV PHYSICIANS ASSOC PROG         ,CT,06510-0000,Private      ,1,35,36,3,84,87
00142602,YALE UNIV EPIDEMIOLOGY & PUB HLTH       ,CT,06510-0000,Private      ,0,24,24,6,269,275
00142603,YALE UNIV SCHOOL MEDICINE               ,CT,06510-0000,Private      ,6,224,230,29,785,814
00280301,RENSSELAER POLYTECHNIC INSTITUTE-RENSSEL,CT,06120-2991,Private      ,1,22,23,13,39,52
00451300,HOUSATONIC COMMUNITY COLLEGE            ,CT,06604-4704,Public       ,685,1069,1754,1209,1713,2922
00618100,BRIDGEPORT HOSP SCHL OF NURSING         ,CT,06610-2896,Private      ,26,81,107,62,192,254
00619100,ST. VINCENT'S COLLEGE                   ,CT,06606-9966,Private      ,72,188,260,174,336,510
00698200,NAUGATUCK VALLEY COMM-TECH COLG         ,CT,06708-3089,Public       ,667,727,1394,1335,1283,2618
00730000,ELI WHITNEY TECHNICAL HIGH SCHOOL       ,CT,06514-0000,Public       ,10,27,37,15,40,55
00730300,LINCOLN TECHNICAL INSTITUTE             ,CT,06051-0000,Proprietary  ,316,546,862,455,632,1087
00730500,PORTER AND CHESTER INSTITUTE OF BRANFORD,CT,06405-4022,Proprietary  ,92,103,195,126,138,264
00731100,WINDHAM TECHNICAL HIGH SCHOOL           ,CT,06226-2100,Public       ,2,16,18,3,20,23
00745900,PAIER COLLEGE OF ART                    ,CT,06514-3902,Proprietary  ,46,24,70,124,38,162
00763500,CAPITAL COMMUNITY COLLEGE               ,CT,06103-1207,Public       ,528,1292,1820,940,2008,2948
00803700,GATEWAY COMMUNITY-TECHNICAL COLLEGE     ,CT,06511-0000,Public       ,684,1087,1771,1376,1805,3181
00803800,MIDDLESEX COMMUNITY CLG                 ,CT,06457-4889,Public       ,279,327,606,585,616,1201
00887200,RENASCI ACADEMY OF HAIR                 ,CT,06460-4160,Proprietary  ,2,14,16,3,16,19
00887300,PAUL MITCHELL THE SCHOOL                ,CT,06810-6716,Proprietary  ,18,18,36,29,22,51
00887400,BRIO ACADEMY OF COSMETOLOGY             ,CT,06450-4836,Proprietary  ,26,57,83,31,62,93
00887403,BRIO ACADEMY OF COSMETOLOGY - WILLIMANTI,CT,06226-1940,Proprietary  ,4,4,8,6,4,10
00906500,THE HARTFORD CONSERVATORY               ,CT,06105-2891,Private      ,15,12,27,35,16,51
00927700,E C GOODWIN TECHNICAL HIGH SCHOOL       ,CT,06053-0000,Public       ,9,16,25,10,24,34
00929100,J M WRIGHT TECHNICAL HIGH SCHOOL        ,CT,06904-0000,Public       ,1,9,10,3,11,14
00940700,BRIARWOOD COLLEGE                       ,CT,06489-1057,Proprietary  ,181,143,324,423,239,662
00976400,TUNXIS COMMUNITY COLLEGE                ,CT,06032-3187,Public       ,391,483,874,803,872,1675
00976500,THREE RIVERS COMMUNITY TECH COLLEGE     ,CT,06360-0000,Public       ,342,580,922,738,1036,1774
00982200,ALBERT I PRINCE TECHNICAL HIGH SCHOOL   ,CT,06106-3799,Public       ,1,15,16,2,24,26
01041700,BRIO ACADEMY OF EAST HARTFORD           ,CT,06108-2220,Proprietary  ,19,28,47,24,36,60
01053000,QUINEBAUG VALLEY COMMUNITY COLLEGE      ,CT,06239-1440,Public       ,234,342,576,401,588,989
01077900,PORTER AND CHESTER INSTITUTE-ALLCAMPUSES,CT,06615-7158,Proprietary  ,509,730,1239,607,929,1536
01115000,ASNUNTUCK COMMUNITY COLLEGE             ,CT,06082-3800,Public       ,151,170,321,242,268,510
01149600,BULLARD HAVENS VOC TECH SCHOOL          ,CT,06610-3499,Public       ,3,19,22,5,38,43
01169700,VINAL REGIONAL VOC TECH SCHOOL          ,CT,06457-4918,Public       ,5,15,20,10,21,31
01184300,NORWICH TECHNICAL HIGH SCHOOL           ,CT,06360-7097,Public       ,1,21,22,6,25,31
01218500,H C WILCOX TECHNICAL HIGH SCHOOL        ,CT,06450-0000,Public       ,1,4,5,5,5,10
01242500,STONE ACADEMY                           ,CT,06514-4125,Proprietary  ,71,403,474,94,487,581
01242503,STONE ACADEMY -WATERBURY                ,CT,06705-3823,Proprietary  ,3,6,9,8,13,21
01287700,GIBBS COLLEGE                           ,CT,06855-1436,Proprietary  ,88,144,232,162,233,395
01291300,LEON INSTITUTE OF HAIR DESIGN           ,CT,06604-4226,Proprietary  ,4,13,17,7,23,30
01326400,HENRY ABBOTT TECHNICAL HIGH SCHOOL      ,CT,06811-4881,Public       ,2,4,6,3,16,19
02058900,HARVARD H ELLIS TECHNICAL HIGH SCHOOL   ,CT,06239-0000,Public       ,3,5,8,12,6,18
02074000,BRANFORD HALL CAREER INSTITUTE          ,CT,06405-0000,Proprietary  ,231,1048,1279,284,1290,1574
02106600,FOX INSTITUTE OF BUSINESS               ,CT,06110-0000,Proprietary  ,21,65,86,22,77,99
02112300,RIDLEY LOWELL BUSINESS & TECH INST      ,CT,06320-0000,Proprietary  ,18,168,186,21,175,196
02112700,NORTH HAVEN ACADEMY                     ,CT,06473-3108,Proprietary  ,32,22,54,58,34,92
02115100,BUTLER BUSINESS SCHOOL                  ,CT,06604-0000,Proprietary  ,23,112,135,23,116,139
02148700,CONNECTICUT INST OF HAIR DESIGN         ,CT,06716-0000,Proprietary  ,10,8,18,17,15,32
02202500,NEW ENGLAND TRACTOR TRAILER SCH         ,CT,06071-2036,Proprietary  ,22,173,195,23,192,215
02213000,ELLA T GRASSO SOUTHEASTERN TECHNICAL HIG,CT,06340-0000,Public       ,1,2,3,3,4,7
02228800,BARAN INSTITUTE OF TECHNOLOGY           ,CT,06088-9631,Proprietary  ,354,160,514,638,276,914
02244900,GOODWIN COLLEGE                         ,CT,06118-9980,Private      ,101,453,554,304,1226,1530
02245300,HOWELL CHENEY TECHNICAL HIGH SCHOOL     ,CT,06040-0000,Public       ,2,5,7,2,6,8
02265900,WINDHAM COMMUNITY MEM HOSP-RAD TECH     ,CT,06226-0000,Private      ,3,3,6,6,5,11
02296100,YALE-NEW HAVEN HOSP DIETETIC INTERN     ,CT,06510-8900,Private      ,1,2,3,9,4,13
02300000,W F KAYNOR TECHNICAL HIGH SCHOOL        ,CT,06708-0000,Public       ,2,14,16,5,24,29
02316600,CONNECTICUT CTR FOR MASSAGE THERAPY     ,CT,06111-3975,Proprietary  ,20,102,122,26,144,170
02316601,CONNECTICUT CENTER FOR MASSAGE THERAPY -,CT,06880-4619,Proprietary  ,14,61,75,16,80,96
02316603,CONNECTICUT CENTER FOR MASSAGE THERAPY -,CT,06340-4619,Proprietary  ,13,60,73,19,74,93
02562400,EMMETT O BRIEN REG VOC TECH SCHOOL      ,CT,06401-2500,Public       ,0,1,1,0,1,1
02565000,PLATT TECHNICAL HIGH SCHOOL             ,CT,06460-2105,Public       ,2,7,9,2,10,12
03079400,LYME ACADEMY COLLEGE OF FINE ARTS       ,CT,06371-2333,Private      ,18,13,31,63,20,83
03094800,INDUSTRIAL MANAGEMENT & TRAINING        ,CT,06706-1211,Proprietary  ,9,49,58,14,70,84
03231400,OLIVER WOLCOTT TECHNICAL HIGH SCHOOL    ,CT,06790-3859,Public       ,1,1,2,5,1,6
03234300,CHARTER OAK STATE COLLEGE               ,CT,06053-2150,Public       ,21,290,311,37,485,522
03316300,CONNECTICUT CULINARY INSTITUTE          ,CT,06105-3630,Proprietary  ,164,94,258,334,173,507
03381300,CONNECTICUT TRAINING CENTER             ,CT,06108-2705,Private      ,6,32,38,7,35,42
03927300,ALBERT SCHOOL (THE)                     ,CT,06357-2447,Proprietary  ,12,17,29,13,18,31
04053300,CLEMENS COLLEGE                         ,CT,06078-0000,Proprietary  ,25,3,28,84,7,91
04104300,ACADEMY DI CAPELLI - SCHOOL OF COSMETOLO,CT,06492-0000,Proprietary  ,7,12,19,11,17,28
04128800,BRANFORD ACADEMY OF HAIR & COSMETOLOGY  ,CT,06405-0000,Proprietary  ,2,10,12,4,15,19
00146600,BARRY UNIVERSITY                        ,FL,33161-6695,Private      ,1404,2874,4278,3268,5149,8417
00146601,BARRY UNIVERSITY SCHOOL OF LAW          ,FL,32807-0000,Private      ,15,470,485,34,1166,1200
00146700,BETHUNE COOKMAN UNIVERSITY              ,FL,32114-3099,Private      ,2382,410,2792,5838,879,6717
00146800,ST THOMAS UNIVERSITY                    ,FL,33054-0000,Private      ,438,715,1153,910,1662,2572
00146900,FLORIDA INSTITUTE OF TECHNOLOGY         ,FL,32901-6988,Private      ,555,1074,1629,2823,1719,4542
00147000,BREVARD COMMUNITY COLLEGE               ,FL,32922-6503,Public       ,1559,2050,3609,2420,3294,5714
00147100,CENTRAL FLORIDA COMMUNITY COLLEGE       ,FL,34478-1388,Public       ,1326,1591,2917,2168,2733,4901
00147200,CHIPOLA  COLLEGE                        ,FL,32446-2053,Public       ,360,314,674,544,522,1066
00147300,CLEARWATER CHRISTIAN COLLEGE            ,FL,33759-0000,Private      ,208,22,230,691,62,753
00147500,DAYTONA STATE COLLEGE                   ,FL,32114-2800,Public       ,2096,3245,5341,3257,5156,8413
00147700,EDISON COLLEGE                          ,FL,33906-6210,Public       ,2071,2151,4222,3133,3340,6473
00147800,EDWARD WATERS COLLEGE                   ,FL,32209-6199,Private      ,476,237,713,929,394,1323
00147900,EMBRY-RIDDLE AERONAUTICAL UNIV          ,FL,32114-3900,Private      ,1327,1332,2659,5624,2591,8215
00148000,FLORIDA A & M UNIVERSITY                ,FL,32307-3100,Public       ,3863,2093,5956,11473,5007,16480
00148100,FLORIDA ATLANTIC UNIVERSITY             ,FL,33431-6498,Public       ,4303,3592,7895,11033,7137,18170
00148101,FLORIDA ATLANTIC UNIVERSITY/DAVIE       ,FL,33314-0000,Public       ,276,765,1041,641,1610,2251
00148103,FLORIDA ATLANTIC UNIV-JUPITER/PSL       ,FL,33458-0000,Public       ,108,170,278,339,365,704
00148200,FLORIDA COLLEGE                         ,FL,33617-5578,Private      ,181,11,192,322,20,342
00148400,FLORIDA COMMUNITY COLLEGE AT JAX        ,FL,32202-4030,Public       ,3324,5407,8731,5328,9251,14579
00148500,FLORIDA KEYS COMMUNITY COLLEGE          ,FL,33040-4397,Public       ,104,198,302,162,293,455
00148600,FLORIDA MEMORIAL UNIVERSITY             ,FL,33054-6199,Private      ,871,471,1342,1684,802,2486
00148700,ECKERD COLLEGE                          ,FL,33711-4744,Private      ,440,226,666,2303,446,2749
00148800,FLORIDA SOUTHERN COLLEGE                ,FL,33801-5698,Private      ,618,262,880,1874,447,2321
00148900,FLORIDA STATE UNIVERSITY                ,FL,32306-2430,Public       ,6708,3868,10576,23745,10786,34531
00149000,GULF COAST COMMUNITY COLLEGE            ,FL,32401-1058,Public       ,590,982,1572,993,1664,2657
00149300,INDIAN RIVER STATE COLLEGE              ,FL,34981-5596,Public       ,1496,2044,3540,2400,3388,5788
00149500,JACKSONVILLE UNIVERSITY                 ,FL,32211-3394,Private      ,1093,951,2044,2941,1701,4642
00149700,JONES COLLEGE                           ,FL,32211-5588,Private      ,21,244,265,35,434,469
00149900,EVEREST UNIVERSITY                      ,FL,32810-5601,Proprietary  ,300,3195,3495,403,4486,4889
00149901,EVEREST UNIVERSITY - ORLANDO SOUTH      ,FL,32819-7666,Proprietary  ,238,906,1144,313,1307,1620
00149902,EVEREST UNIVERSITY - MELBOURNE          ,FL,32905-6609,Proprietary  ,67,548,615,93,747,840
00150000,BROWARD COLLEGE- DOWNTOWN CTR           ,FL,33301-2208,Public       ,1997,2964,4961,3026,4654,7680
00150001,BROWARD COLLEGE - DAVIE CAMPUS          ,FL,33314-0000,Public       ,2473,2333,4806,4146,3912,8058
00150002,BROWARD COLLEGE- NORTH CAMPUS           ,FL,33066-0000,Public       ,592,536,1128,1057,967,2024
00150003,BROWARD COLLEGE- SOUTH CAMPUS           ,FL,33024-0000,Public       ,634,580,1214,1113,1030,2143
00150100,LAKE CITY COMMUNITY COLLEGE             ,FL,32025-2007,Public       ,356,669,1025,571,1129,1700
00150200,LAKE SUMTER COMMUNITY COLLEGE           ,FL,34788-8751,Public       ,587,678,1265,939,1193,2132
00150400,MANATEE COMMUNITY COLLEGE               ,FL,34207-3596,Public       ,1513,2042,3555,2601,3504,6105
00150500,LYNN UNIVERSITY                         ,FL,33431-5598,Private      ,370,195,565,1213,366,1579
00150600,MIAMI DADE COLLEGE ADMINISTRATION ONLY  ,FL,33176-3393,Public       ,240,217,457,394,367,761
00150601,MIAMI DADE COLLEGE - NORTH CAMPUS       ,FL,33167-3495,Public       ,3234,3513,6747,5571,6288,11859
00150602,MIAMI DADE COLLEGE - KENDALL CAMPUS     ,FL,33176-3393,Public       ,4543,2971,7514,7430,5090,12520
00150603,MIAMI DADE COLLEGE - WOLFSON CAMPUS     ,FL,33132-2297,Public       ,1763,1654,3417,3232,3165,6397
00150604,MIAMI DADE COLLEGE - MEDICAL CAMPUS     ,FL,33127-4693,Public       ,434,1037,1471,830,1890,2720
00150605,MIAMI DADE COLLEGE - HOMESTEAD CAMPUS   ,FL,33030-6009,Public       ,426,534,960,724,946,1670
00150606,MIAMI DADE COLLEGE -INTERAMERICAN CAMPUS,FL,33135-0000,Public       ,905,1481,2386,1510,2633,4143
00150607,MIAMI DADE COLLEGE - HIALEAH CAMPUS     ,FL,33012-2918,Public       ,650,678,1328,985,1096,2081
00150800,NORTH FLORIDA COMMUNITY COLLEGE         ,FL,32340-1699,Public       ,149,210,359,278,377,655
00150900,NOVA SOUTHEASTERN UNIVERSITY            ,FL,33314-7796,Private      ,1318,10070,11388,3356,19334,22690
00151000,NORTHWEST FLORIDA STATE COLLEGE         ,FL,32578-1295,Public       ,568,1049,1617,976,1797,2773
00151200,PALM BEACH COMMUNITY COLLEGE            ,FL,33461-4796,Public       ,3142,3028,6170,4825,4899,9724
00151300,PENSACOLA JR COLLEGE                    ,FL,32504-8998,Public       ,1305,1892,3197,2094,3231,5325
00151400,POLK COMMUNITY COLLEGE                  ,FL,33881-4299,Public       ,1002,1304,2306,1712,2303,4015
00151500,ROLLINS COLLEGE                         ,FL,32789-4499,Private      ,515,410,925,1989,771,2760
00151900,SANTA FE COLLEGE                        ,FL,32606-6200,Public       ,2578,1614,4192,4909,3211,8120
00152000,SEMINOLE COMMUNITY COLLEGE              ,FL,32773-6199,Public       ,1753,2350,4103,2751,3960,6711
00152100,SOUTHEASTERN UNIVERSITY                 ,FL,33801-6099,Private      ,993,496,1489,2259,839,3098
00152200,SOUTH FLORIDA COMMUNITY COLLEGE         ,FL,33825-9399,Public       ,432,521,953,688,839,1527
00152300,ST JOHNS RIVER COMMUNITY COLLEGE        ,FL,32177-3897,Public       ,553,807,1360,946,1542,2488
00152600,SAINT LEO UNIVERSITY                    ,FL,33574-6665,Private      ,813,3182,3995,2285,6290,8575
00152800,ST. PETERSBURG COLLEGE                  ,FL,33760-3768,Public       ,2270,4608,6878,3707,8018,11725
00153100,STETSON UNIVERSITY                      ,FL,32723-3761,Private      ,734,225,959,2335,442,2777
00153101,STETSON UNIVERSITY - COLLEGE OF LAW     ,FL,33707-3299,Private      ,11,567,578,34,1628,1662
00153300,TALLAHASSEE COMMUNITY COLLEGE           ,FL,32304-2895,Public       ,2818,2147,4965,4977,3865,8842
00153400,EVEREST UNIVERSITY                      ,FL,33614-5801,Proprietary  ,332,3590,3922,447,5729,6176
00153408,EVEREST UNIVERSITY - TAMPA BRANDON CAMPU,FL,33619-1354,Proprietary  ,79,686,765,104,996,1100
00153409,EVEREST UNIVERSITY - ORANGE PARK        ,FL,32073-1111,Proprietary  ,123,662,785,148,901,1049
00153500,UNIVERSITY OF FLORIDA                   ,FL,32611-3150,Public       ,6184,4682,10866,25230,12678,37908
00153600,UNIVERSITY OF MIAMI                     ,FL,33146-6531,Private      ,1678,1178,2856,12782,3753,16535
00153601,UNIV OF MIAMI SCHOOL OF LAW             ,FL,33124-0000,Private      ,18,301,319,53,1555,1608
00153602,UNIV OF MIAMI-SCH OF MEDICINE           ,FL,33136-0000,Private      ,107,508,615,419,1038,1457
00153700,UNIVERSITY OF SOUTH FLORIDA             ,FL,33620-6960,Public       ,6057,5164,11221,21920,13511,35431
00153701,UNIV OF SOUTH FLORIDA-ST PETERSBURG     ,FL,33701-0000,Public       ,181,215,396,555,540,1095
00153702,UNIV OF SOUTH FLORIDA-SARASOTA          ,FL,34243-0000,Public       ,87,191,278,185,411,596
00153705,UNIV OF SOUTH FLORIDA                   ,FL,33803-0000,Public       ,126,144,270,416,337,753
00153706,UNIV OF SOUTH FLORIDA- MEDICINE         ,FL,33612-0000,Public       ,187,184,371,608,887,1495
00153800,UNIVERSITY OF TAMPA                     ,FL,33606-1490,Private      ,1505,558,2063,5689,1184,6873
00154000,WEBBER INTERNATIONAL UNIVERSITY         ,FL,33827-0096,Private      ,277,69,346,543,125,668
00173308,NATIONAL-LOUIS UNIVERSITY               ,FL,33609-0000,Private      ,0,24,24,2,35,37
00177201,TRINITY INTERNATIONAL UNIVERSITY - SOUTH,FL,33324-4611,Private      ,10,124,134,20,210,230
00395400,UNIV OF CENTRAL FLORIDA                 ,FL,32816-0001,Public       ,10183,5085,15268,29967,12002,41969
00395500,UNIVERSITY OF WEST FLORIDA              ,FL,32514-5750,Public       ,1711,1547,3258,4143,3219,7362
00407215,NORTHWOOD UNIVERSITY                    ,FL,33409-0000,Private      ,174,101,275,446,179,625
00558500,LIVELY TECHNICAL CENTER                 ,FL,32304-0000,Public       ,75,290,365,123,477,600
00558501,LIVELY TECHNICAL CENTER - AVIATION SCHOO,FL,32304-8723,Public       ,8,17,25,8,31,39
00558600,LINDSEY HOPKINS TECHNICAL ED CENTER     ,FL,33127-4692,Public       ,57,189,246,80,301,381
00559400,D G ERWIN TECHNICAL CENTER              ,FL,33610-8255,Public       ,161,622,783,247,892,1139
00560500,PINELLAS TECH ED CTR-CLEARWATER         ,FL,33760-2194,Public       ,59,196,255,82,293,375
00560700,SARASOTA COUNTY TECHNICAL INSTITUTE     ,FL,34233-0000,Public       ,55,188,243,90,316,406
00560800,TRAVISS TECHNICAL CENTER                ,FL,33803-0000,Public       ,69,249,318,94,421,515
00561200,MANATEE TECHNICAL INSTITUTE             ,FL,34210-0000,Public       ,87,230,317,105,320,425
00561201,MANATEE TECHNICAL INSTITUTE-EAST        ,FL,34211-0000,Public       ,54,203,257,72,299,371
00675000,VALENCIA COMMUNITY COLLEGE              ,FL,32802-3028,Public       ,6589,4975,11564,10911,8577,19488
00752500,SUWANNEE-HAMILTON AREA VOC TECH CTR     ,FL,32060-0000,Public       ,25,77,102,33,120,153
00752600,WASHINGTON HOLMES TECHNICAL CENTER      ,FL,32428-1699,Public       ,45,140,185,51,164,215
00755800,LEE COUNTY HIGH TECH CENTER CENTRAL     ,FL,33916-2299,Public       ,77,175,252,109,271,380
00758600,REMINGTON COLLEGE - TAMPA CAMPUS        ,FL,33612-8410,Proprietary  ,46,202,248,63,290,353
00758604,REMINGTON COLLEGE-LARGO CAMPUS          ,FL,33771-0000,Proprietary  ,4,16,20,5,22,27
00758605,REMINGTON COLLEGE-JACKSONVILLE CAMPUS   ,FL,32256-6932,Proprietary  ,1,7,8,7,13,20
00787000,HILLSBOROUGH COMMUNITY COLLEGE          ,FL,33606-3572,Public       ,3889,4492,8381,6467,7492,13959
00789300,FLAGLER COLLEGE                         ,FL,32085-1027,Private      ,876,160,1036,2390,327,2717
00789301,FLAGLER COLLEGE - TALLAHASSEE COMMUNITY ,FL,32304-2895,Private      ,45,140,185,75,215,290
00807500,ST JOHN VIANNEY COLLEGE SEMINARY        ,FL,33165-3244,Private      ,11,2,13,14,2,16
00814600,EVEREST UNIVERSITY - POMPANO BEACH      ,FL,33062-2522,Proprietary  ,165,862,1027,197,1072,1269
00822300,ST VINCENT DE PAUL REGIONL SEMINARY     ,FL,33436-0000,Private      ,0,2,2,0,5,5
00841700,STENOTYPE INST OF JACKSONVILLE          ,FL,32207-0000,Proprietary  ,9,67,76,12,87,99
00850100,RASMUSSEN COLLEGE                       ,FL,34471-7051,Proprietary  ,110,452,562,192,844,1036
00850103,RASMUSSEN COLLEGE-HOLIDAY               ,FL,34690-0000,Proprietary  ,53,227,280,83,425,508
00850106,RASMUSSEN COLLEGE - FORT MYERS          ,FL,33905-7805,Proprietary  ,17,55,72,17,55,72
00884800,WARNER SOUTHERN COLLEGE                 ,FL,33859-8725,Private      ,249,243,492,430,398,828
00884900,PALM BEACH ATLANTIC UNIVERSITY          ,FL,33401-6505,Private      ,767,656,1423,1986,1193,3179
00887800,MIAMI INTERNATIONAL UNIV ART&DESIGN     ,FL,33132-1418,Proprietary  ,1085,776,1861,1920,1295,3215
00910400,RIVERSIDE HAIRSTYLING ACADEMY           ,FL,32207-3810,Proprietary  ,7,20,27,11,32,43
00963500,FLORIDA INTERNATIONAL UNIVERSITY        ,FL,33199-0001,Public       ,6587,6174,12761,17937,14210,32147
00984100,UNIVERSITY OF NORTH FLORIDA             ,FL,32224-2645,Public       ,3151,2315,5466,7674,4722,12396
00990200,SHERIDAN TECHNICAL CENTER               ,FL,33021-3399,Public       ,131,374,505,208,613,821
01016100,"LORAINE'S ACADEMY, INC                  ",FL,33710-0000,Proprietary  ,9,46,55,11,63,74
01019500,ART INSTITUTE OF FT LAUDERDALE          ,FL,33316-3000,Proprietary  ,1201,1038,2239,1712,1383,3095
01065200,PASCO-HERNANDO COMMUNITY CLG            ,FL,34654-5199,Public       ,1125,1655,2780,1888,2836,4724
01072401,CARLOS ALBIZU UNIVERSITY                ,FL,33172-0000,Private      ,28,410,438,55,630,685
01082600,TOM P. HANEY TECHNICAL CENTER           ,FL,32405-5099,Public       ,32,153,185,49,222,271
01112700,GOODING INST OF NUR ANES BAY MED CT     ,FL,32401-0000,Public       ,1,24,25,3,51,54
01226300,ATLANTIC TECHNICAL CENTER               ,FL,33063-3902,Public       ,109,321,430,174,505,679
01254400,FIRST COAST TECHNICAL COLLEGE           ,FL,32084-1921,Public       ,57,189,246,70,279,349
01254401,FIRST COAST TECHNICAL INSTITUTE - PUTNAM,FL,32077-6830,Public       ,14,22,36,22,40,62
01257400,RINGLING SCHOOL OF ART AND DESIGN       ,FL,34234-5895,Private      ,286,78,364,1281,226,1507
01303904,SOUTH UNIVERSITY                        ,FL,33409-5149,Proprietary  ,106,455,561,174,743,917
01323400,LORENZO WALKER INST OF TECHNOLOGY       ,FL,34104-4405,Public       ,91,158,249,122,227,349
02052002,FLORIDA EDUCATION CENTER - LAUDERHILL   ,FL,33313-5857,Proprietary  ,30,99,129,48,175,223
02089600,CONCORDE CAREER INSTITUTE               ,FL,32211-0000,Proprietary  ,46,280,326,78,481,559
02089709,HERZING COLLEGE                         ,FL,32792-5509,Proprietary  ,15,20,35,18,44,62
02113609,AMERICAN INTERCONTINENTAL UNIV - WESTON ,FL,33326-3233,Proprietary  ,172,296,468,372,593,965
02115300,PINELLAS TECHNICAL EDUCATION CENTERS - S,FL,33711-0000,Public       ,49,214,263,63,305,368
02116006,SANFORD-BROWN INSTITUTE - FT. LAUDERDALE,FL,33309-1906,Proprietary  ,99,289,388,148,531,679
02121800,EVEREST INSTITUTE                       ,FL,33169-4759,Proprietary  ,96,291,387,109,326,435
02121801,EVEREST INSTITUTE  - HIALEAH            ,FL,33012-7193,Proprietary  ,157,311,468,177,354,531
02148200,FASHION FOCUS HAIR ACADEMY              ,FL,34231-0000,Proprietary  ,4,19,23,6,21,27
02148300,MANHATTAN BEAUTY SCHOOL                 ,FL,33611-0000,Proprietary  ,26,107,133,32,118,150
02149900,PAUL MITCHELL THE SCHOOL-JACKSONVILLE   ,FL,32205-0000,Proprietary  ,26,55,81,36,64,100
02151100,ATI COLLEGE OF HEALTH                   ,FL,33169-0000,Proprietary  ,120,841,961,127,868,995
02151900,KEISER  UNIVERSITY                      ,FL,33309-0000,Proprietary  ,1335,4368,5703,1747,6445,8192
02156700,FLORIDA CHRISTIAN COLLEGE               ,FL,34744-0000,Private      ,97,45,142,145,74,219
02159600,BAPTIST COLLEGE OF FLORIDA (THE)        ,FL,32440-0000,Private      ,110,100,210,193,163,356
02172700,CONCORDE CAREER INSTITUTE               ,FL,33607-0000,Proprietary  ,51,217,268,72,314,386
02188900,HOBE SOUND BIBLE COLLEGE                ,FL,33475-0000,Private      ,12,7,19,24,18,42
02200100,BRADENTON BEAUTY & BARBER ACADEMY       ,FL,34209-0000,Proprietary  ,11,44,55,13,50,63
02215900,ATI CAREER TRAINING CENTER              ,FL,33309-1785,Proprietary  ,50,207,257,52,221,273
02218700,FLORIDA TECHNICAL COLLEGE               ,FL,32826-2707,Proprietary  ,112,426,538,165,607,772
02218707,FLORIDA TECHNICAL COLLEGE - LAKELAND    ,FL,33813-2101,Proprietary  ,5,26,31,8,38,46
02218709,FLORIDA TECHNICAL COLLEGE - DELAND      ,FL,32720-7415,Proprietary  ,4,16,20,11,37,48
02228300,LAKE TECHNICAL CENTER                   ,FL,32726-0000,Public       ,59,241,300,89,338,427
02245500,CENTRAL FLORIDA COLLEGE                 ,FL,32789-4679,Proprietary  ,54,247,301,111,445,556
02257900,INTERNATIONAL ACADEMY                   ,FL,32119-3541,Proprietary  ,12,41,53,17,51,68
02275100,CONCORDE CAREER INSTITUTE               ,FL,33025-0000,Proprietary  ,24,147,171,31,215,246
02278800,SOUTHWEST FLORIDA COLLEGE               ,FL,33907-0000,Private      ,179,453,632,234,655,889
02278801,SOUTHWEST FLORIDA COLLEGE - TAMPA       ,FL,33619-1344,Private      ,74,193,267,113,251,364
02279600,CORTIVA INSTITUTE - FLORIDA             ,FL,33781-0000,Proprietary  ,7,62,69,13,77,90
02280800,NEW ENGLAND INST TECH-PALM BEACH        ,FL,33407-0000,Proprietary  ,264,555,819,355,814,1169
02283800,BEAUTY SCHOOLS OF AMERICA               ,FL,33012-3322,Proprietary  ,114,535,649,116,545,661
02286500,ITT TECHNICAL INSTITUTE                 ,FL,33634-7515,Proprietary  ,363,763,1126,436,860,1296
02287100,LA BELLE BEAUTY SCHOOL                  ,FL,33012-0000,Proprietary  ,9,68,77,10,70,80
02293200,ATI CAREER TRAINING CENTER              ,FL,33309-0000,Proprietary  ,211,706,917,220,719,939
02293201,ATI CAREER TRAINING CENTER - MIAMI      ,FL,33122-0000,Proprietary  ,11,24,35,17,33,50
02293600,ADVANCED TECHNICAL CENTERS              ,FL,33266-1597,Private      ,0,9,9,2,11,13
02297000,CHARLOTTE TECHNICAL CENTER              ,FL,33948-0000,Public       ,51,123,174,77,186,263
02300900,WITHLACOOCHEE TECHNICAL INSTITUTE       ,FL,34450-0000,Public       ,93,179,272,117,276,393
02305700,GULF COAST COLLEGE                      ,FL,33619-0000,Proprietary  ,16,65,81,35,133,168
02305800,FLORIDA CAREER COLLEGE                  ,FL,33012-7028,Proprietary  ,462,847,1309,557,1184,1741
02307400,GEORGE STONE AREA VOCATIONAL TECHNICAL  ,FL,32526-0000,Public       ,41,141,182,54,214,268
02314100,SCHILLER INTERNATIONAL UNIVERSITY       ,FL,33770-3716,Proprietary  ,23,30,53,56,65,121
02316200,MIAMI LAKES TECHNICAL EDUCATION CTR     ,FL,33014-0000,Public       ,71,187,258,112,299,411
02321200,ORANGE TECH EDUC CTR- WESTSIDE TECH     ,FL,34787-0000,Public       ,66,107,173,86,161,247
02325100,KEY COLLEGE                             ,FL,33004-3046,Proprietary  ,9,36,45,11,67,78
02326303,MEDVANCE INSTITUTE - WEST PALM          ,FL,33461-2171,Proprietary  ,90,193,283,121,254,375
02326306,MEDVANCE INSTITUTE - MIAMI              ,FL,33173-3431,Proprietary  ,39,172,211,44,199,243
02326800,RESORT & SPA SCHOOLS INTERNATIONAL      ,FL,34233-0000,Proprietary  ,3,20,23,4,23,27
02326900,SUNSTATE ACADEMY OF HAIR DESIGN         ,FL,33907-1415,Proprietary  ,24,36,60,28,38,66
02329900,FLORIDA INSTITUTE OF ULTRASOUND         ,FL,32514-0000,Proprietary  ,11,38,49,27,78,105
02337000,SUNCOAST II THE TAMPA BAY SCHOOL OF MASS,FL,33607-3802,Proprietary  ,2,3,5,4,8,12
02338400,FT PIERCE BEAUTY ACADEMY                ,FL,34982-0000,Proprietary  ,20,79,99,28,98,126
02341001,FORTIS COLLEGE - DBA FORTIS INSTITUTE   ,FL,32504-7322,Proprietary  ,9,29,38,13,51,64
02346200,WYOTECH                                 ,FL,32174-1010,Proprietary  ,164,190,354,293,300,593
02362100,FULL SAIL UNIVERSITY                    ,FL,32792-0000,Proprietary  ,2690,1750,4440,5240,3020,8260
02499000,ACADEMY OF COSMETOLOGY                  ,FL,32953-3311,Proprietary  ,9,46,55,10,52,62
02501500,"O*TEC, MID-FLORIDA TECH                 ",FL,32809-0000,Public       ,119,124,243,164,187,351
02502702,ADVANCED CAREER TRAINING-JACKSONVIL     ,FL,32256-0000,Proprietary  ,37,226,263,51,278,329
02504600,WINTER PARK TECH                        ,FL,32789-0000,Public       ,48,131,179,65,200,265
02508900,TALMUDIC COLLEGE OF FLORIDA             ,FL,33139-0000,Private      ,0,2,2,1,4,5
02511700,RIDGE TECHNICAL CENTER                  ,FL,33881-0000,Public       ,44,133,177,64,222,286
02513200,ORLANDO TECHNICAL CENTER                ,FL,32801-0000,Public       ,77,240,317,118,388,506
02515400,CITY COLLEGE                            ,FL,33309-3073,Private      ,94,403,497,115,559,674
02517100,SARASOTA SCHOOL OF MASSAGE THERAPY      ,FL,34243-6130,Proprietary  ,17,19,36,26,42,68
02524000,SUNSTATE ACADEMY OF HAIR DESIGN         ,FL,34624-0000,Proprietary  ,7,17,24,8,23,31
02524200,ROBERT MORGAN EDUCATIONAL CENTER        ,FL,33177-0000,Public       ,95,150,245,145,239,384
02547600,FLORIDA NATIONAL COLLEGE                ,FL,33012-0000,Proprietary  ,469,1461,1930,487,1511,1998
02554200,RADFORD LOCKLIN TECH CENTER             ,FL,32570-0000,Public       ,5,23,28,9,37,46
02573200,LA BELLE BEAUTY ACADEMY                 ,FL,33135-0000,Proprietary  ,7,15,22,9,19,28
02586200,FLORIDA CAREER COLLEGE                  ,FL,33759-3924,Proprietary  ,88,271,359,122,405,527
02586201,FLORIDA CAREER COLLEGE -                ,FL,33569-2553,Proprietary  ,5,5,10,6,10,16
02597100,HERITAGE INSTITUTE                      ,FL,33912-7132,Proprietary  ,76,293,369,86,340,426
02598200,FLORIDA TECHNICAL CLG JACKSONVILLE      ,FL,32211-5123,Proprietary  ,23,85,108,36,126,162
02599800,EVEREST UNIVERSITY                      ,FL,33759-1359,Proprietary  ,63,494,557,83,705,788
02599801,EVEREST UNIVERSITY - TAMPA LAKELAND CAMP,FL,33801-3801,Proprietary  ,62,509,571,76,615,691
02599805,EVEREST UNIVERSITY - JACKSONVILLE       ,FL,32256-0000,Proprietary  ,131,656,787,173,911,1084
02601600,HENRY W BREWSTER TECHNICAL CENTER       ,FL,33602-0000,Public       ,22,88,110,33,144,177
02612700,DARLYNE MCGEE'S ACAD OF COSMETOLOGY     ,FL,32905-2805,Proprietary  ,6,25,31,7,31,38
02616400,SANFORD-BROWN INSTITUTE                 ,FL,32256-3520,Proprietary  ,161,668,829,203,966,1169
02616401,SANFORD-BROWN INSTITUTE - TAMPA         ,FL,33610-8304,Proprietary  ,59,310,369,81,506,587
03003200,EVEREST INSTITUTE                       ,FL,33186-1410,Proprietary  ,91,252,343,103,310,413
03003201,EVEREST INSTITUTE - FT. LAUDERDALE      ,FL,33304-2522,Proprietary  ,49,144,193,55,174,229
03003600,MCFATTER TECHNICAL CENTER               ,FL,33317-7499,Public       ,70,187,257,117,308,425
03006801,PENNSYLVANIA CULINARY INSTITUTE - LE COR,FL,33025-3929,Proprietary  ,61,151,212,61,151,212
03008600,FLORIDA COLLEGE OF NATURAL HEALTH       ,FL,33064-1342,Proprietary  ,117,319,436,141,414,555
03010608,VIRGINIA COLLEGE - PENSACOLA            ,FL,32501-5650,Proprietary  ,32,159,191,44,279,323
03010612,VIRGINIA COLLEGE - GOLF ACADEMY OF AMERI,FL,32701-0000,Proprietary  ,39,53,92,62,82,144
03012300,ASM BEAUTY WORLD ACADEMY                ,FL,33021-0000,Proprietary  ,12,61,73,14,65,79
03018500,BENE'S INTERNATIONAL SCHOOL OF BEAUTY   ,FL,34652-1637,Proprietary  ,16,58,74,21,84,105
03028200,TRINITY COLLEGE OF FLORIDA              ,FL,34655-4401,Private      ,46,30,76,90,65,155
03031400,INTERNATIONAL ACAD OF DESIGN & TECH     ,FL,33634-6313,Proprietary  ,1018,1447,2465,1775,2298,4073
03031402,INTERNATIONAL ACADEMY OF DESIGN AND TECH,FL,32809-4633,Proprietary  ,256,243,499,452,430,882
03031403,IADT - ORLANDO CULINARY ACADEMY         ,FL,32819-0000,Proprietary  ,106,81,187,210,169,379
03035800,HERITAGE INSTITUTE                      ,FL,32216-0948,Proprietary  ,20,83,103,28,107,135
03035900,NATIONAL AVIATION ACADEMY               ,FL,33760-3931,Proprietary  ,86,183,269,110,268,378
03037500,HODGES UNIVERSITY                       ,FL,34119-7932,Private      ,139,662,801,194,1052,1246
03054200,TECHNICAL CAREER INSTITUTE              ,FL,33144-2373,Proprietary  ,225,184,409,238,194,432
03071600,COLLEGE OF BUSINESS & TECHNOLOGY        ,FL,33176-1412,Proprietary  ,36,264,300,56,385,441
03071601,COLLEGE OF BUSINESS & TECHNOLOGY -      ,FL,33144-2072,Proprietary  ,6,7,13,16,13,29
03071602,COLLEGE OF BUSINESS & TECHNOLOGY -      ,FL,33012-3436,Proprietary  ,0,2,2,2,4,6
03076402,HIGH-TECH INSTITUTE - ORLANDO           ,FL,32803-3509,Proprietary  ,48,68,116,74,133,207
03079800,GEORGE T BAKER AVIATION                 ,FL,33142-5687,Public       ,47,48,95,62,75,137
03079900,CITY COLLEGE                            ,FL,32707-5342,Private      ,15,125,140,16,133,149
03087600,ITT TECHNICAL INSTITUTE                 ,FL,32746-1607,Proprietary  ,406,948,1354,443,1010,1453
03089200,NOUVELLE INSTITUTE                      ,FL,33125-4141,Proprietary  ,4,117,121,4,117,121
03096300,FLORIDA CAREER INSTITUTE                ,FL,33860-0000,Proprietary  ,17,92,109,20,106,126
03099600,MERCY HOSPITAL SCHOOL OF PRACTICAL NSG  ,FL,33133-4237,Private      ,17,45,62,27,79,106
03100800,TAYLOR TECHNICAL INSTITUTE              ,FL,32348-0894,Public       ,21,37,58,24,52,76
03101900,TRINITY BAPTIST COLLEGE                 ,FL,32221-1398,Private      ,80,29,109,122,48,170
03103900,MARION COUNTY COMMUNITY TECH & ADUL     ,FL,34474-3172,Public       ,72,189,261,103,289,392
03108500,EVERGLADES UNIVERSITY                   ,FL,33431-0000,Private      ,40,355,395,71,527,598
03108600,COM-PU-MED VOCATIONAL CAREERS           ,FL,33012-4861,Proprietary  ,15,147,162,15,149,164
03113400,ACADEMY OF HEALING ARTS                 ,FL,33463-2113,Proprietary  ,6,22,28,6,27,33
03114700,PRAXIS INSTITUTE                        ,FL,33135-2657,Proprietary  ,8,108,116,9,112,121
03115500,FLORIDA HOSPITAL COLG OF HEALTH SCI     ,FL,32803-1237,Private      ,272,583,855,508,1086,1594
03123900,KEISER CAREER INSTITUTE                 ,FL,33413-0000,Proprietary  ,125,478,603,157,627,784
03125600,MIAMI AD SCHOOL                         ,FL,33139-5203,Proprietary  ,21,98,119,31,160,191
03127900,TECHNICAL EDUCATION CTR OSCEOLA         ,FL,34744-4459,Public       ,52,124,176,79,189,268
03139600,DELTA CONNECTION ACADEMY                ,FL,32773-9683,Proprietary  ,13,29,42,27,53,80
03158300,LEE COUNTY HIGH TECH CENTER NORTH       ,FL,33993-2479,Public       ,31,80,111,39,127,166
03178400,CORAL RIDGE NURSES ASST TRAINING        ,FL,33306-0000,Proprietary  ,2,4,6,5,11,16
03224300,NEW PROFESSIONS TECHNICAL INSTITUTE     ,FL,33134-1640,Proprietary  ,13,147,160,16,178,194
03230300,OKALOOSA APPLIED TECHNOLOGY CENTER      ,FL,32547-1299,Public       ,29,114,143,40,208,248
03238300,FLORIDA COLLEGE OF INTEGRATIVE MED      ,FL,32809-5721,Proprietary  ,6,54,60,20,106,126
03255300,FLORIDA GULF COAST UNIVERSITY           ,FL,33965-6565,Public       ,2081,976,3057,5814,2153,7967
03256300,YESHIVA GEDOLAH RABBINICAL COLLEGE      ,FL,33139-4708,Private      ,0,1,1,1,1,2
03346300,ACAD FOR PRAC NURSING & HEALTH OCCP     ,FL,33417-4574,Private      ,43,282,325,54,314,368
03348400,PROFESSIONAL TRAINING CENTERS           ,FL,33184-0000,Proprietary  ,35,160,195,51,221,272
03370300,AUDIO RECORDING TECHNOLOGY INSTITUTE    ,FL,32811-0000,Proprietary  ,27,33,60,55,52,107
03373300,BEACON COLLEGE                          ,FL,34748-5224,Private      ,32,10,42,65,18,83
03374300,FLORIDA COASTAL SCHOOL OF LAW           ,FL,32256-0000,Proprietary  ,4,948,952,16,2410,2426
03382300,BRADFORD-UNION AREA CAREERTECHNICAL CENT,FL,32091-2434,Public       ,9,49,58,15,93,108
03390300,AMERICARE SCHOOL OF NURSING             ,FL,32730-2351,Proprietary  ,27,189,216,32,220,252
03390301,AMERICARE SCHOOL OF NURSING - ST. PETERS,FL,33709-3142,Proprietary  ,0,0,0,8,15,23
03411400,INTERNATIONAL TRAINING CAREERS          ,FL,33155-1462,Private      ,3,65,68,3,68,71
03414500,SOUTHEAST INSTITUTE OF ORIENTAL MED     ,FL,33176-1509,Proprietary  ,1,52,53,3,72,75
03425400,CENTRAL FLORIDA INSTITUTE               ,FL,34684-4436,Proprietary  ,64,237,301,87,356,443
03429600,ATLANTIC INST OF ORIENTAL MEDICINE      ,FL,33316-0000,Private      ,3,34,37,3,44,47
03429700,EAST WEST COLLG OF NATURAL MEDICINE     ,FL,34236-4959,Proprietary  ,1,51,52,3,81,84
03433400,NEW CONCEPT MASSAGE AND BEAUTY SCHO     ,FL,33135-0000,Proprietary  ,3,11,14,3,14,17
03434300,NORTH FLORIDA INSTITUTE                 ,FL,32073-2999,Proprietary  ,38,248,286,44,289,333
03459400,SAINT PETERSBURG THEOLOGICAL SEMINA     ,FL,33708-3116,Private      ,1,17,18,5,27,32
03480301,MEDVANCE INSTITUTE - FORT LAUDERDALE    ,FL,33313-7261,Proprietary  ,58,218,276,61,222,283
03480302,MEDVANCE INSTITUTE - STUART             ,FL,34994-3000,Proprietary  ,33,169,202,41,232,273
03491400,AMERICAN ADVANCED TECHNICIANS INST      ,FL,33014-4430,Proprietary  ,5,3,8,5,5,10
03549300,ULTIMATE MEDICAL ACADEMY                ,FL,33756-5802,Proprietary  ,89,497,586,101,566,667
03553300,KEISER CAREER COLLEGE                   ,FL,32216-0000,Proprietary  ,4,33,37,5,35,40
03557300,NORTH FLORIDA COSMETOLOGY INSTITUTE     ,FL,32312-0000,Proprietary  ,14,47,61,23,69,92
03564300,SUPERIOR CAREER INSTITUTE               ,FL,33311-1141,Proprietary  ,4,20,24,4,25,29
03570400,ENGLISH CENTER (THE)                    ,FL,33133-2703,Public       ,9,67,76,11,80,91
03595400,ANGLEY COLLEGE                          ,FL,32720-4257,Proprietary  ,3,42,45,13,50,63
03611400,FLORIDA BARBER ACADEMY                  ,FL,33441-0000,Proprietary  ,5,9,14,5,12,17
03618300,FLORIDA INSTITUTE OF ANIMAL ARTS        ,FL,32792-1740,Proprietary  ,21,63,84,29,72,101
03627400,JACKSONVILLE BEAUTY INSTITUTE           ,FL,32208-1885,Proprietary  ,5,52,57,10,60,70
03627600,FLORIDA EDUCATION INSTITUTE             ,FL,33144-5036,Proprietary  ,4,17,21,10,23,33
03661400,SOUTH FLORIDA INSTITUTE OF TECHNOLO     ,FL,33135-0000,Proprietary  ,6,22,28,10,29,39
03696400,SABER                                   ,FL,33134-1604,Private      ,2,48,50,2,54,56
03706300,AMERICAN INSTITUTE                      ,FL,33319-5613,Proprietary  ,20,125,145,25,143,168
03757300,ADVANCE SCIENCE INSTITUTE               ,FL,33012-0000,Proprietary  ,1,2,3,2,2,4
03801400,BEAUTY INSTITUTE (THE)                  ,FL,33409-2972,Proprietary  ,4,24,28,7,32,39
03801401,BEAUTY INSTITUTE (THE) - MARGATE        ,FL,33068-5704,Proprietary  ,2,4,6,5,8,13
03816300,ARTISTIC NAILS & BEAUTY ACADEMY         ,FL,33605-5919,Proprietary  ,5,50,55,9,61,70
03823300,FLORIDA ACADEMY OF HEALTH & BEAUTY      ,FL,33311-0000,Proprietary  ,1,3,4,4,9,13
03832300,DADE MEDICAL COLLEGE                    ,FL,33125-4013,Proprietary  ,17,55,72,24,64,88
03842500,CAMBRIDGE INSTITUTE OF ALLIED HEALTH    ,FL,32750-0000,Proprietary  ,5,52,57,6,63,69
03856300,UNIVERSAL BEAUTY SCHOOL                 ,FL,33174-4406,Proprietary  ,3,41,44,3,42,45
03866300,GALIANO CAREER ACADEMY                  ,FL,32701-0000,Proprietary  ,11,74,85,14,84,98
03875300,MEDICAL CAREER INSTITUTE OF SOUTH FLORID,FL,33407-2103,Proprietary  ,10,64,74,14,74,88
03888300,DRAGON RISES COLLEGE OF ORIENTAL MEDICIN,FL,32601-5089,Proprietary  ,4,26,30,6,32,38
03903500,SOUTHERN TECHNICAL COLLEGE              ,FL,32809-0000,Proprietary  ,38,139,177,44,153,197
03906300,CAREER INSTITUTE OF FLORIDA             ,FL,33773-3434,Proprietary  ,11,96,107,14,113,127
03911300,TOTAL INTERNATIONAL CAREER INSTITUTE    ,FL,33012-0000,Proprietary  ,3,11,14,3,11,14
03939300,WOLFORD COLLEGE                         ,FL,34108-1931,Private      ,5,105,110,6,126,132
03939400,CENTURA INSTITUTE                       ,FL,32807-3566,Proprietary  ,10,34,44,16,59,75
03939600,DAYTONA COLLEGE                         ,FL,32174-8445,Proprietary  ,14,27,41,25,30,55
03941300,AVE MARIA UNIVERSITY                    ,FL,34142-9505,Private      ,164,36,200,457,96,553
03957400,NEW COLLEGE OF FLORIDA                  ,FL,34243-2109,Public       ,149,43,192,1051,102,1153
03985300,COMMERCIAL DIVING ACADEMY               ,FL,32208-0000,Proprietary  ,43,139,182,56,210,266
03985400,SPACE COAST HEALTH INSTITUTE            ,FL,32904-8771,Proprietary  ,5,24,29,9,37,46
03986300,ARI BEN AVIATOR                         ,FL,34946-0000,Proprietary  ,5,13,18,12,22,34
04016500,AMERICAN INSTITUTE OF BEAUTY            ,FL,33773-0000,Proprietary  ,14,48,62,15,54,69
04029300,TRENDSETTERS OF FLORIDA SCHOOL OF BEAUTY,FL,32205-0000,Proprietary  ,7,20,27,8,22,30
04058300,HEALTH OPPORTUNITY TECHNICAL CENTER     ,FL,33169-4517,Proprietary  ,3,70,73,6,92,98
04105400,PENSACOLA SCHOOL OF MASSAGE THERAPY & HE,FL,32504-7337,Proprietary  ,9,25,34,16,40,56
04106300,PALM BEACH ACADEMY OF HEALTH & BEAUTY   ,FL,33403-2130,Proprietary  ,6,25,31,8,38,46
04116600,PROFESSIONAL HEALTH TRAINING ACADEMY    ,FL,34480-8714,Proprietary  ,8,67,75,9,98,107
04119400,AVEDA INSTITUTE - SAINT PETERSBURG      ,FL,33701-4242,Proprietary  ,63,61,124,82,83,165
04120400,HI-TECH SCHOOL OF COSMETOLOGY           ,FL,33174-0000,Proprietary  ,11,21,32,15,27,42
04120500,ACADEMY OF PROFESSIONAL CAREERS         ,FL,32792-4433,Proprietary  ,6,15,21,11,18,29
04126900,ACADEMY OF CAREER TRAINING              ,FL,34741-4644,Proprietary  ,14,48,62,24,63,87
04127400,DIGITAL MEDIA ARTS COLLEGE              ,FL,33431-5919,Proprietary  ,119,75,194,194,123,317
04128400,MANAGEMENT RESOURCES INSTITUTE          ,FL,33134-1586,Proprietary  ,2,25,27,2,25,27
04129900,FLORIDA SCHOOL OF MASSAGE               ,FL,32608-5419,Proprietary  ,3,19,22,3,19,22
04130400,SHEAR EXCELLENCE INTERNATIONAL HAIR ACAD,FL,33614-2783,Private      ,0,4,4,1,7,8
04131900,FASTTRAIN OF MIAMI                      ,FL,33134-1065,Proprietary  ,16,82,98,16,83,99
04132000,FASTTRAIN OF FORT LAUDERDALE            ,FL,33311-1506,Proprietary  ,0,3,3,0,3,3
04132100,FASTTRAIN OF TAMPA                      ,FL,33607-4153,Proprietary  ,0,5,5,0,5,5
04132200,FASTTRAIN OF JACKSONVILLE               ,FL,32256-4843,Proprietary  ,4,38,42,4,38,42
04133500,ACADEMY FOR FIVE ELEMENT ACUPUNCTURE    ,FL,32601-6811,Private      ,0,22,22,4,37,41
04134800,AVEDA INSTITUTE - TALLAHASSEE           ,FL,32304-3186,Proprietary  ,21,26,47,21,26,47
00160500,CHAMINADE UNIV OF HONOLULU              ,HI,96816-1578,Private      ,298,460,758,1146,959,2105
00160600,BRIGHAM YOUNG UNIV-HAWAII CAMPUS        ,HI,96762-1294,Private      ,210,200,410,612,394,1006
00161000,UNIVERSITY OF HAWAII AT MANOA           ,HI,96822-2399,Public       ,1844,1861,3705,8739,5554,14293
00161100,UNIVERSITY OF HAWAII AT HILO            ,HI,96720-4091,Public       ,542,480,1022,2519,1537,4056
00161200,HONOLULU COMMUNITY COLLEGE              ,HI,96817-4598,Public       ,400,391,791,888,796,1684
00161300,KAPIOLANI COMMUNITY COLLEGE             ,HI,96816-4421,Public       ,651,687,1338,1518,1335,2853
00161400,KAUAI COMMUNITY COLLEGE                 ,HI,96766-9591,Public       ,82,116,198,185,215,400
00161500,MAUI COMMUNITY COLLEGE                  ,HI,96732-1644,Public       ,283,435,718,685,920,1605
00454900,LEEWARD COMMUNITY COLLEGE               ,HI,96782-3393,Public       ,543,615,1158,1183,1215,2398
00525800,HAWAII COMMUNITY COLLEGE                ,HI,96720-4075,Public       ,332,440,772,814,934,1748
00723401,HEALD COLLEGE - HONOLULU                ,HI,96814-0000,Proprietary  ,213,243,456,326,344,670
00727900,HAWAII PACIFIC UNIVERSITY               ,HI,96813-2882,Private      ,659,816,1475,3159,2142,5301
00777500,HOLLYWOOD BEAUTY COLLEGE                ,HI,96701-4100,Proprietary  ,3,4,7,4,10,14
01122000,WINDWARD COMMUNITY COLLEGE              ,HI,96744-0000,Public       ,163,248,411,359,503,862
02100300,MED-ASSIST SCHOOL OF HAWAII             ,HI,96813-0000,Proprietary  ,18,36,54,24,57,81
02107800,UNIVERSITY OF HAWAII - WEST OAHU        ,HI,96782-0000,Public       ,125,245,370,453,617,1070
02139500,HAWAII INSTITUTE OF HAIR DESIGN         ,HI,96817-5195,Proprietary  ,9,27,36,10,36,46
02208704,SAN DIEGO GOLF ACADEMY - THE GOLF ACADEM,HI,96744-3724,Proprietary  ,1,1,2,4,3,7
02321300,HAWAI'I THEOLOGICAL SEMINARY            ,HI,96817-0000,Private      ,0,0,0,2,7,9
03017800,TRAVEL INSTITUTE OF THE PACIFIC         ,HI,96814-1946,Proprietary  ,16,41,57,22,57,79
03020800,NEW YORK TECHNICAL INST OF HAWAII       ,HI,96817-4415,Proprietary  ,7,5,12,12,17,29
03072500,WORLD MEDICINE INSTITUTE                ,HI,96826-0000,Private      ,3,15,18,7,36,43
03649300,HAWAII TECHNOLOGY INSTITUTE             ,HI,96813-3036,Private      ,6,10,16,15,24,39
03735300,INST OF CLINICAL ACUPUNCTURE & ORIENT MD,HI,96813-2307,Proprietary  ,1,17,18,1,24,25
03999400,TRADITIONAL CHINESE MEDICAL COLLEGE OF H,HI,96743-8324,Private      ,0,11,11,1,23,24
00161600,BOISE STATE UNIVERSITY                  ,ID,83725-1000,Public       ,1408,2383,3791,7902,7848,15750
00161700,"COLLEGE OF IDAHO, THE                   ",ID,83605-4432,Private      ,155,51,206,1063,147,1210
00161900,COLLEGE OF SOUTHERN IDAHO               ,ID,83301-0000,Public       ,557,929,1486,1557,1633,3190
00162000,IDAHO STATE UNIVERSITY                  ,ID,83209-5377,Public       ,1033,2377,3410,3312,5154,8466
00162100,LEWIS-CLARK STATE COLLEGE               ,ID,83501-2698,Public       ,228,403,631,1606,1263,2869
00162300,NORTH IDAHO COLLEGE                     ,ID,83814-2199,Public       ,453,638,1091,1588,1603,3191
00162400,NORTHWEST NAZARENE UNIVERSITY           ,ID,83686-5897,Private      ,202,253,455,1145,615,1760
00162500,BRIGHAM YOUNG UNIVERSITY-IDAHO          ,ID,83460-1650,Private      ,1875,1680,3555,4607,2745,7352
00162600,UNIVERSITY OF IDAHO                     ,ID,83844-4291,Public       ,795,634,1429,6921,2976,9897
00455300,ITT TECHNICAL INSTITUTE                 ,ID,83713-1529,Proprietary  ,230,572,802,293,654,947
00987300,MR JUAN'S CLG OF HAIR DESIGN            ,ID,83301-4154,Proprietary  ,5,7,12,10,17,27
01113300,EASTERN IDAHO TECHNICAL COLLEGE         ,ID,83404-5788,Public       ,86,280,366,155,543,698
02210700,CAREER BEAUTY COLLEGE                   ,ID,83440-0000,Proprietary  ,6,15,21,15,20,35
02218000,APOLLO COLLEGE                          ,ID,83704-0000,Proprietary  ,93,343,436,159,518,677
02234500,BOISE BIBLE COLLEGE                     ,ID,83714-1220,Private      ,52,18,70,118,33,151
02275800,MR LEONS SCHOOL OF HAIR DESIGN          ,ID,83843-8384,Proprietary  ,16,20,36,22,24,46
02314000,SCHOOL OF HAIRSTYLING (THE)             ,ID,83202-0000,Proprietary  ,14,23,37,26,37,63
02319800,HEADMASTERS SCHOOL OF HAIR DESIGN       ,ID,83814-0000,Proprietary  ,29,65,94,46,77,123
02349200,HEADMASTERS SCHOOL OF HAIR DESIGN       ,ID,83501-0000,Proprietary  ,6,4,10,18,7,25
02559500,RAZZLE DAZZLE CLG OF HAIR DESIGN        ,ID,83686-5104,Proprietary  ,12,33,45,25,69,94
02607100,SCOT LEWIS SCHOOLS                      ,ID,83709-1662,Proprietary  ,29,33,62,54,45,99
03098700,ACADEMY OF COURT REPORTING              ,ID,83704-8320,Proprietary  ,79,231,310,114,357,471
03832400,COSMETOLOGY SCHOOL OF ARTS & SCIENCES   ,ID,83318-1327,Proprietary  ,7,17,24,11,27,38
00163200,AQUINAS INSTITUTE OF THEOLOGY           ,MO,63108-3323,Private      ,0,25,25,0,54,54
00244900,AVILA COLLEGE                           ,MO,64145-1698,Private      ,302,395,697,852,742,1594
00245000,CALVARY BIBLE COLLEGE                   ,MO,64147-1341,Private      ,40,55,95,145,97,242
00245200,CENTRAL BIBLE COLLEGE                   ,MO,65803-1096,Private      ,171,93,264,366,185,551
00245300,CENTRAL METHODIST UNIVERSITY            ,MO,65248-1198,Private      ,333,173,506,1134,366,1500
00245301,CENTRAL METHODIST UNIVERSITY            ,MO,63601-0000,Private      ,21,54,75,42,119,161
00245302,CENTRAL METHODIST UNIVERSITY- UNION     ,MO,63084-0000,Private      ,11,14,25,24,29,53
00245400,UNIVERSITY OF CENTRAL MISSOURI          ,MO,64093-5178,Public       ,2409,1287,3696,6221,2742,8963
00245600,COLUMBIA COLLEGE                        ,MO,65216-4581,Private      ,745,3346,4091,1970,8537,10507
00245700,CONCORDIA SEMINARY                      ,MO,63105-3199,Private      ,0,160,160,2,530,532
00245800,COTTEY COLLEGE                          ,MO,64772-2790,Private      ,67,9,76,328,20,348
00245900,CROWDER COLLEGE                         ,MO,64850-9165,Public       ,569,644,1213,1128,1231,2359
00246000,CULVER STOCKTON COLLEGE                 ,MO,63435-1299,Private      ,329,63,392,1052,113,1165
00246100,DRURY UNIVERSITY                        ,MO,65802-3791,Private      ,608,1005,1613,1741,2126,3867
00246200,EDEN THEOLOGICAL SEMINARY               ,MO,63119-0000,Private      ,1,54,55,2,83,85
00246300,EVANGEL UNIVERSITY                      ,MO,65802-2125,Private      ,541,249,790,1501,428,1929
00246400,FONTBONNE UNIVERSITY                    ,MO,63105-3098,Private      ,344,864,1208,1080,1768,2848
00246600,HARRIS-STOWE STATE COLLEGE              ,MO,63103-2199,Public       ,503,553,1056,1091,1046,2137
00246700,CONCEPTION SEMINARY COLLEGE             ,MO,64433-0000,Private      ,16,6,22,29,10,39
00246800,JEFFERSON COLLEGE                       ,MO,63050-2441,Public       ,856,703,1559,1619,1153,2772
00247100,ST LOUIS COMMUNITY COLLEGE              ,MO,63102-0000,Public       ,2584,3743,6327,4777,6025,10802
00247104,SAINT LOUIS COMMUNITY COLLEGE - WILDWOOD,MO,63040-1168,Public       ,0,0,0,24,44,68
00247300,KANSAS CITY ART INSTITUTE               ,MO,64111-1874,Private      ,227,68,295,834,157,991
00247400,KANSAS CITY UNIV OF MED & BIOSCIENCES   ,MO,64106-0000,Private      ,12,630,642,30,1105,1135
00247600,KENRICK-GLENNON SEMINARY                ,MO,63119-0000,Private      ,3,1,4,5,2,7
00247700,A.T. STILL UNIV OF HEALTH SCIENCES      ,MO,63501-0000,Private      ,0,963,963,2,1849,1851
00247900,LINCOLN UNIVERSITY                      ,MO,65101-3500,Public       ,779,462,1241,2104,976,3080
00248000,LINDENWOOD UNIVERSITY                   ,MO,63301-1695,Private      ,1300,1715,3015,3695,3528,7223
00248200,MARYVILLE UNIVERSITY                    ,MO,63141-7299,Private      ,388,535,923,1940,1310,3250
00248400,METROPOLITAN COMMUNITY COLLEGE          ,MO,64111-2408,Public       ,3141,3824,6965,5403,6289,11692
00248500,MIDWESTERN BAPTIST THEOL SEMINARY       ,MO,64118-4697,Private      ,24,67,91,40,111,151
00248600,MINERAL AREA COLLEGE                    ,MO,63601-1000,Public       ,612,529,1141,1101,973,2074
00248800,MISSOURI SOUTHERN STATE UNIVERSITY      ,MO,64801-1595,Public       ,1140,987,2127,2909,2361,5270
00248900,MISSOURI VALLEY COLLEGE                 ,MO,65340-3197,Private      ,429,103,532,1309,239,1548
00249000,MISSOURI WESTERN STATE UNIVERSITY       ,MO,64507-2294,Public       ,785,423,1208,3444,1508,4952
00249100,MOBERLY AREA COMMUNITY COLLEGE          ,MO,65270-1304,Public       ,836,718,1554,1650,1356,3006
00249400,NAZARENE THEOLOGICAL SEMINARY           ,MO,64131-1246,Private      ,0,43,43,3,79,82
00249500,TRUMAN STATE UNIVERSITY                 ,MO,63501-4221,Public       ,1026,137,1163,4723,322,5045
00249600,NORTHWEST MISSOURI STATE UNIV           ,MO,64468-6001,Public       ,1685,378,2063,5444,800,6244
00249800,PARK UNIVERSITY                         ,MO,64152-3795,Private      ,427,2204,2631,928,4320,5248
00249900,ROCKHURST UNIVERSITY                    ,MO,64110-2561,Private      ,320,385,705,1686,826,2512
00250000,COLLEGE OF THE OZARKS                   ,MO,65726-2502,Private      ,291,57,348,2583,245,2828
00250100,SOUTHEAST MISSOURI STATE UNIV           ,MO,63701-4799,Public       ,1592,979,2571,5921,2377,8298
00250200,SOUTHWEST BAPTIST UNIVERSITY            ,MO,65613-2597,Private      ,430,407,837,1669,906,2575
00250300,MISSOURI STATE UNIVERSITY               ,MO,65897-0094,Public       ,3765,2206,5971,10561,4302,14863
00250400,ST LOUIS COLLEGE OF PHARMACY            ,MO,63110-1088,Private      ,117,173,290,704,445,1149
00250600,SAINT LOUIS UNIVERSITY                  ,MO,63103-2097,Private      ,994,1591,2585,7362,5277,12639
00250900,SAINT PAUL SCHOOL OF THEOLOGY           ,MO,64127-2499,Private      ,1,21,22,3,129,132
00251200,STEPHENS COLLEGE                        ,MO,65215-0001,Private      ,179,143,322,845,298,1143
00251400,NORTH CENTRAL MISSOURI COLLEGE          ,MO,64683-1824,Public       ,240,220,460,550,444,994
00251600,UNIVERSITY OF MISSOURI-COLUMBIA         ,MO,65211-1600,Public       ,3573,1586,5159,17810,5461,23271
00251700,MISSOURI UNIVERSITY OF SCIENCE & TECHNOL,MO,65409-0250,Public       ,780,257,1037,3849,724,4573
00251800,UNIVERSITY OF MISSOURI-KANSAS CITY      ,MO,64110-2497,Public       ,1436,2440,3876,4886,5634,10520
00251900,UNIVERSITY OF MISSOURI-ST LOUIS         ,MO,63121-4499,Public       ,1588,2608,4196,3955,5233,9188
00252000,WASHINGTON UNIVERSITY                   ,MO,63130-4899,Private      ,553,1151,1704,11387,4388,15775
00252001,WASHINGTON UNIV-SCHOOL OF MEDICINE      ,MO,63110-0000,Private      ,3,443,446,54,1211,1265
00252100,WEBSTER UNIVERSITY                      ,MO,63119-3194,Private      ,700,4624,5324,2815,9020,11835
00252200,WENTWORTH MILITARY ACADEMY              ,MO,64067-1799,Private      ,45,48,93,74,91,165
00252300,WESTMINSTER COLLEGE                     ,MO,65251-1299,Private      ,162,22,184,980,57,1037
00252400,WILLIAM JEWELL COLLEGE                  ,MO,64068-1896,Private      ,230,75,305,1288,158,1446
00252500,WILLIAM WOODS UNIVERSITY                ,MO,65251-2388,Private      ,246,631,877,808,1082,1890
00405704,NATIONAL AMERICAN UNIVERSITY            ,MO,64057-1791,Proprietary  ,18,106,124,25,188,213
00441300,ST JOHNS HOSP SCH RAD TECH              ,MO,65802-0000,Private      ,15,18,33,32,35,67
00470300,LOGAN COLLEGE OF CHIROPRACTIC           ,MO,63006-1065,Private      ,13,229,242,47,1037,1084
00470700,COVENANT THEOLOGICAL SEMINARY           ,MO,63141-8697,Private      ,1,249,250,3,397,400
00471100,LINN STATE TECHNICAL COLLEGE            ,MO,65051-9607,Public       ,346,84,430,829,193,1022
00471300,THREE RIVERS COMMUNITY COLLEGE          ,MO,63901-2393,Public       ,539,711,1250,1134,1338,2472
00528800,KIRKSVILLE AREA TECHNICAL CENTER        ,MO,63501-0000,Public       ,10,30,40,18,46,64
00528900,WAYNESVILLE TECHNICAL ACADEMY           ,MO,65583-0000,Public       ,8,41,49,13,68,81
00542400,SOUTH CENTRAL CAREER CENTER             ,MO,65775-3334,Public       ,10,33,43,16,54,70
00542600,SIKESTON CAREER AND TECHNOLOGY CTR      ,MO,63801-0000,Public       ,8,38,46,21,89,110
00542900,ROLLA TECHNICAL INSTITUTE               ,MO,65401-3601,Public       ,82,119,201,189,203,392
00543000,POPLAR BLUFF TECHNICAL CAREER CNTR      ,MO,63901-0000,Public       ,11,26,37,24,76,100
00543800,SALINE COUNTY CAREER CENTER             ,MO,65340-0000,Public       ,4,16,20,11,55,66
00544500,TRUMAN MEDICAL CENTER SCHOOL OF NURSE AN,MO,64108-2677,Private      ,9,25,34,24,55,79
00553100,GRAND RIVER TECHNICAL SCHOOL            ,MO,64601-1299,Public       ,27,14,41,48,22,70
00553200,CAPE GIRARDEAU CAREER & TECHNOLOGY CENTE,MO,63703-7511,Public       ,26,85,111,53,174,227
00638500,CHAMBERLAIN COLLEGE OF NURSING          ,MO,63139-3297,Proprietary  ,233,1449,1682,402,2077,2479
00638900,BARNES JEWISH COLLEGE OF NURSING AND ALL,MO,63110-1091,Private      ,75,246,321,201,473,674
00639200,RESEARCH COLLEGE OF NURSING             ,MO,64132-1199,Proprietary  ,22,71,93,28,96,124
00639201,RESEARCH MEDICAL CENTER - COLLEGE OF NUR,MO,64132-1199,Proprietary  ,4,8,12,4,9,13
00666600,LUTHERAN  SCHOOL OF NURSING             ,MO,63118-3909,Proprietary  ,23,115,138,50,202,252
00754000,MISSOURI BAPTIST UNIVERSITY             ,MO,63141-8698,Private      ,309,489,798,1016,1050,2066
00755700,ITT TECHNICAL INSTITUTE                 ,MO,63045-1122,Proprietary  ,481,1033,1514,587,1143,1730
00808000,STATE FAIR COMMUNITY COLLEGE            ,MO,65301-0000,Public       ,639,646,1285,1259,1135,2394
00826900,HILLYARD TECHNICAL CENTER               ,MO,64506-0000,Public       ,34,52,86,68,99,167
00855200,PATRICIA STEVENS COLLEGE                ,MO,63102-2334,Proprietary  ,24,47,71,41,57,98
00860600,TRI-COUNTY TECHNICAL SCHOOL             ,MO,65026-0000,Public       ,8,6,14,10,21,31
00886200,EAST CENTRAL COLLEGE                    ,MO,63084-0529,Public       ,488,408,896,1177,866,2043
00908900,HANNIBAL-LAGRANGE COLLEGE               ,MO,63401-1999,Private      ,231,175,406,674,329,1003
00952000,NATIONAL ACADEMY OF BEAUTY ARTS         ,MO,63128-1307,Proprietary  ,47,91,138,68,132,200
00959000,INDEPENDENCE COLLEGE OF COSMETOLOGY     ,MO,64055-1105,Proprietary  ,10,9,19,14,21,35
00960700,HOUSE OF HEAVILIN BEAUTY COLLEGE        ,MO,64110-2826,Proprietary  ,12,29,41,12,36,48
00978200,SAINT LUKE'S COLLEGE                    ,MO,64114-3237,Private      ,19,38,57,64,122,186
00979500,MISSOURI COLLEGE                        ,MO,63144-2901,Proprietary  ,96,230,326,143,348,491
01014814,COLORADO TECHNL UNIV NORTH KANSAS CITY  ,MO,64116-3614,Proprietary  ,75,312,387,130,609,739
01027900,HICKEY COLLEGE                          ,MO,63146-0000,Proprietary  ,128,59,187,163,73,236
01040500,PINNACLE CAREER INSTITUTE               ,MO,64131-3367,Proprietary  ,90,496,586,123,767,890
01040501,PINNACLE CAREER INSTITUTE - NORTH KANSAS,MO,64153-1151,Proprietary  ,1,11,12,1,11,12
01102600,WARRENSBURG AREA VOC TECH SCH           ,MO,64093-0000,Public       ,16,21,37,23,49,72
01173500,PIKE/LINCOLN TECHNICAL CENTER           ,MO,63344-0000,Public       ,14,25,39,21,49,70
01212000,ASSEMBLIES OF GOD THEO. SEMINARY        ,MO,65802-0000,Private      ,3,102,105,5,175,180
01250000,RANKEN TECHNICAL COLLEGE                ,MO,63113-2811,Private      ,476,318,794,798,518,1316
01258000,ST LOUIS CHRISTIAN COLLEGE              ,MO,63033-6499,Private      ,48,97,145,84,126,210
01320800,BAPTIST BIBLE COLLEGE                   ,MO,65803-3498,Private      ,136,72,208,237,116,353
02056100,FOUR RIVERS CAREER CENTER               ,MO,63090-0000,Public       ,3,25,28,8,27,35
02066900,NICHOLS CAREER CENTER                   ,MO,65101-2814,Public       ,28,35,63,53,77,130
02068200,COX HEALTH - COX COLLEGE                ,MO,65802-0000,Private      ,69,189,258,147,363,510
02068202,COX HEALTH - RADIOLOGIC TECHNOLOGY      ,MO,65802-0000,Private      ,8,18,26,22,35,57
02068204,COX HEALTH - MEDICAL TECHNOLOGY         ,MO,65807-0000,Private      ,0,3,3,2,9,11
02073600,KENNETT CAREER & TECHNOLOGY CENTER      ,MO,63857-0000,Public       ,3,21,24,9,36,45
02090400,BOONSLICK TECHNICAL EDUCATION CTR       ,MO,65233-0000,Public       ,7,18,25,9,36,45
02121100,MIDWEST INSTITUTE                       ,MO,63122-0000,Proprietary  ,12,63,75,17,83,100
02124500,FRANKLIN TECHNOLOGY CENTER              ,MO,64801-0000,Public       ,31,101,132,55,186,241
02142200,LEX LA RAY TECHNICAL CENTER             ,MO,64067-0000,Public       ,16,29,45,22,63,85
02151000,HANNIBAL CAREER AND TECHNICAL CENTE     ,MO,63401-2285,Public       ,8,26,34,18,62,80
02164200,FOREST INST PROFESSIONAL PSYCHOLOGY     ,MO,65807-0000,Private      ,0,78,78,0,173,173
02165900,CHILLICOTHE BEAUTY ACADEMY              ,MO,64601-0000,Proprietary  ,3,4,7,6,9,15
02180200,METRO BUSINESS COLLEGE                  ,MO,63701-0000,Proprietary  ,56,230,286,82,345,427
02188100,NORTHLAND CAREER CENTER                 ,MO,64079-8333,Public       ,10,26,36,15,43,58
02202700,OZARK CHRISTIAN COLLEGE                 ,MO,64801-0000,Private      ,142,41,183,380,101,481
02203400,NEVADA REGIONAL TECHNICAL CENTER        ,MO,64772-0000,Public       ,9,27,36,14,44,58
02205200,SANFORD-BROWN COLLEGE                   ,MO,63026-7305,Proprietary  ,270,995,1265,344,1620,1964
02205203,SANFORD BROWN COLLEGE-ST. PETERS        ,MO,63301-4042,Proprietary  ,64,335,399,114,617,731
02205205,SANFORD BROWN COLLEGE-HAZELWOOD         ,MO,63042-2708,Proprietary  ,51,373,424,74,541,615
02214500,SALEM COLLEGE OF HAIRSTYLING            ,MO,65401-0000,Proprietary  ,2,5,7,2,9,11
02239200,ALLIED COLLEGE - NORTH                  ,MO,63043-0000,Proprietary  ,200,415,615,291,724,1015
02239202,ALLIED COLLEGE - METRO SOUTH            ,MO,63026-0000,Proprietary  ,11,12,23,30,24,54
02242800,GIBSON TECHNICAL CENTER                 ,MO,65737-0169,Public       ,2,24,26,2,46,48
02250600,EVEREST COLLEGE                         ,MO,65807-2446,Proprietary  ,47,282,329,98,594,692
02263106,HIGH-TECH INSTITUTE - KANSAS CITY       ,MO,64114-0000,Proprietary  ,6,13,19,15,21,36
02263400,LAKE CAREER AND TECHNICAL CENTER        ,MO,65020-0000,Public       ,2,7,9,10,9,19
02266400,CENTRAL CHRISTIAN CLG OF THE BIBLE      ,MO,65270-0000,Private      ,126,97,223,209,130,339
02277500,HOUSE OF HEAVILIN OF BLUE SPRINGS       ,MO,64014-3953,Proprietary  ,12,39,51,15,48,63
02289200,COLUMBIA AREA CAREER CENTER             ,MO,65203-0000,Public       ,19,45,64,33,109,142
02295700,MISSOURI BEAUTY ACADEMY                 ,MO,63640-1827,Proprietary  ,16,44,60,27,59,86
02300105,EVEREST COLLEGE - EARTH CITY            ,MO,63045-1100,Proprietary  ,52,341,393,63,437,500
02304000,MISSOURI TECH                           ,MO,63132-0000,Proprietary  ,14,36,50,26,53,79
02309100,AMERICAN COLLEGE OF HAIR DESIGN         ,MO,65301-2144,Proprietary  ,8,15,23,11,21,32
02311100,ABBOTT ACADEMY OF COSMETIC ARTS/SCI     ,MO,63376-0000,Proprietary  ,2,1,3,5,3,8
02313000,CASS CAREER CENTER                      ,MO,64701-0000,Public       ,5,18,23,8,39,47
02340500,ST LOUIS COLLEGE OF HEALTH CAREERS      ,MO,63110-0000,Proprietary  ,36,197,233,50,275,325
02340501,ST LOUIS COLLEGE OF HEALTH              ,MO,63129-0000,Proprietary  ,1,11,12,6,19,25
02342100,CAREER & TECHNOLOGY CTR AT FT OSAGE     ,MO,64058-0000,Public       ,2,2,4,5,6,11
02361600,CONCORDE CAREER COLLEGE                 ,MO,64111-0000,Proprietary  ,43,291,334,65,471,536
02497500,CLINTON TECHNICAL SCHOOL                ,MO,64735-2966,Public       ,0,1,1,1,3,4
02520800,MERRELL UNIV OF BTY ARTS & SCIENCES     ,MO,65109-0000,Proprietary  ,19,36,55,39,64,103
02530600,SAINT CHARLES COMMUNITY COLLEGE         ,MO,63376-0975,Public       ,1211,723,1934,2164,1235,3399
02543800,PARIS II EDUCATIONAL CENTER (THE)       ,MO,64118-0000,Proprietary  ,4,20,24,6,24,30
02555300,PATSY AND ROB'S ACADEMY OF BEAUTY       ,MO,63074-0000,Proprietary  ,15,30,45,18,36,54
02564700,ELAINE STEVEN BEAUTY COLLEGE            ,MO,63136-0000,Proprietary  ,14,28,42,19,36,55
02564701,ELAINE STEVEN BEAUTY COLLEGE - ADVANCE B,MO,63383-2006,Proprietary  ,0,2,2,0,4,4
02564702,ELAINE STEVEN BEAUTY COLLEGE - ADVANCE B,MO,63401-2269,Proprietary  ,2,0,2,2,1,3
02568500,GRABBER SCHOOL OF HAIR DESIGN           ,MO,63011-0000,Proprietary  ,14,25,39,26,31,57
02599700,VATTEROTT COLLEGE                       ,MO,63134-2900,Proprietary  ,64,396,460,98,601,699
02599701,VATTEROTT COLLEGE - KANSAS CITY         ,MO,64129-1692,Proprietary  ,77,413,490,94,473,567
02599702,VATTEROTT COLLEGE - SPRINGFIELD LOCATION,MO,65807-5340,Proprietary  ,58,274,332,79,406,485
02599703,VATTEROTT COLLEGE - JOPLIN              ,MO,64801-5033,Proprietary  ,38,210,248,55,295,350
02599705,VATTEROTT COLLEGE - SUNSET HILLS        ,MO,63127-1516,Proprietary  ,92,354,446,118,452,570
02599712,VATTEROTT COLLEGE - O'FALLON            ,MO,63366-2748,Proprietary  ,43,123,166,57,168,225
02608000,NEOSHO BEAUTY COLLEGE                   ,MO,64850-1525,Proprietary  ,5,15,20,6,20,26
02608001,NEOSHO BEAUTY COLLEGE - CLASS ACT I COSM,MO,64801-2314,Proprietary  ,0,1,1,3,4,7
02609202,VATTEROTT COLLEGE-ST JOSEPH             ,MO,64501-2911,Proprietary  ,46,123,169,64,221,285
02609203,VATTEROTT COLLEGE - L'ECOLE CULINAIRE   ,MO,63124-1103,Proprietary  ,84,240,324,124,346,470
02611004,HERITAGE COLLEGE-KANSAS CITY            ,MO,64131-4203,Proprietary  ,60,158,218,88,249,337
03042400,LEBANON TECHNOLOGY & CAREER CENTER      ,MO,65536-3296,Public       ,19,42,61,22,62,84
03066300,BRYAN CAREER COLLEGE                    ,MO,65806-2507,Proprietary  ,22,55,77,33,133,166
03068600,NORTH COUNTY TECH SPECIAL SCH DIST      ,MO,63033-6498,Public       ,15,172,187,32,257,289
03070200,CENTRAL COLLEGE OF COSMETOLOGY          ,MO,65583-0000,Proprietary  ,3,16,19,7,24,31
03070900,SE MO HOSP CLG NURSING & HEALTH SCI     ,MO,63703-4507,Private      ,22,61,83,54,175,229
03077200,COSMETOLOGY CONCEPTS INSTITUTE          ,MO,65202-1972,Proprietary  ,11,13,24,22,29,51
03083000,OZARKS TECHNICAL COMMUNITY COLLEGE      ,MO,65802-3601,Public       ,2314,2432,4746,3897,3828,7725
03092600,MESSENGER COLLEGE                       ,MO,64804-4909,Private      ,14,12,26,19,17,36
03097600,ST LOUIS HAIR ACADEMY                   ,MO,63107-1737,Proprietary  ,4,12,16,8,20,28
03101000,NEW DIMENSION SCHOOL OF HAIR DESIGN     ,MO,64801-5017,Proprietary  ,5,16,21,10,22,32
03106000,MISSOURI STATE UNIVERSITY - WEST PLAINS ,MO,65775-2715,Public       ,357,334,691,747,597,1344
03110900,HOUSE OF HEAVILIN BEAUTY COLLEGE        ,MO,64030-1154,Proprietary  ,11,33,44,13,37,50
03166300,MOBERLY AREA TECHNICAL CENTER           ,MO,65270-1904,Public       ,4,4,8,10,6,16
03174300,HERNDON CAREER CENTER                   ,MO,64138-2695,Public       ,10,3,13,14,8,22
03519300,MISSOURI COLLEGE OF COSMETOLOGY NORTH   ,MO,65803-1235,Proprietary  ,37,61,98,59,104,163
03528300,MIDWEST UNIVERSITY                      ,MO,63385-2905,Private      ,1,10,11,2,20,22
03579300,TEXAS COUNTY TECHNICAL INSTITUTE        ,MO,65483-2700,Private      ,12,87,99,27,186,213
03616300,AVIATION INSTITUTE OF MAINTENANCE       ,MO,64129-1811,Proprietary  ,17,69,86,30,158,188
03663400,UNIVERSITY OF COSMETOLOGY               ,MO,63080-1910,Proprietary  ,1,6,7,3,9,12
03817300,ST. CHARLES SCHOOL OF MASSAGE THERAPY   ,MO,63303-5607,Proprietary  ,4,5,9,6,15,21
03878300,PROFESSIONAL MASSAGE TRAINING CENTER    ,MO,65803-2939,Proprietary  ,14,16,30,20,24,44
03916300,ECLIPS SCHOOL OF COSMETOLOGY AND BARBERI,MO,63703-5809,Proprietary  ,2,5,7,9,7,16
03924300,HAIR ACADEMY 110 (THE)                  ,MO,63501-2915,Proprietary  ,6,12,18,8,17,25
03970400,MTTI-WELLSPRING CENTER FOR NATURAL HEALT,MO,64114-3313,Proprietary  ,10,29,39,15,40,55
04037500,ACADEMY OF HAIR DESIGN                  ,MO,65804-2303,Proprietary  ,26,42,68,44,61,105
04048300,DIVAS UNLIMITED ACADEMY                 ,MO,63114-2625,Proprietary  ,3,5,8,6,13,19
04127000,PEMISCOT COUNTY SPECIAL SCHOOL DISTRICT ,MO,63851-1666,Public       ,4,12,16,4,12,16
04133300,TREND SETTERS SCHOOL OF COSMETOLOGY     ,MO,63702-7607,Proprietary  ,17,18,35,29,33,62
00163201,AQUINAS INSTITUTE OF THEOLOGY - MINISTRY,OK,73123-0380,Private      ,0,2,2,0,4,4
00314600,WESTERN OKLAHOMA STATE COLLEGE          ,OK,73521-1397,Public       ,184,293,477,320,460,780
00314700,BACONE COLLEGE                          ,OK,74403-1597,Private      ,356,291,647,541,456,997
00314900,SOUTHERN NAZARENE UNIVERSITY            ,OK,73008-2694,Private      ,436,360,796,909,589,1498
00315000,CAMERON UNIVERSITY                      ,OK,73505-6377,Public       ,633,1045,1678,1272,1864,3136
00315100,OKLAHOMA WESLEYAN UNIVERSITY            ,OK,74006-6299,Private      ,184,257,441,446,517,963
00315200,UNIV OF CENTRAL OKLAHOMA                ,OK,73034-5209,Public       ,2714,2404,5118,5346,4019,9365
00315300,CONNORS STATE COLLEGE                   ,OK,74469-9700,Public       ,346,365,711,646,715,1361
00315400,EAST CENTRAL UNIVERSITY                 ,OK,74820-6999,Public       ,796,889,1685,1659,1596,3255
00315500,EASTERN OKLAHOMA STATE COLLEGE          ,OK,74578-4999,Public       ,286,366,652,547,605,1152
00315600,REDLANDS COMMUNITY COLLEGE              ,OK,73036-5304,Public       ,205,325,530,390,516,906
00315700,LANGSTON UNIVERSITY                     ,OK,73050-0000,Public       ,677,649,1326,1461,1269,2730
00315800,MURRAY STATE COLLEGE                    ,OK,73460-3137,Public       ,390,551,941,742,915,1657
00316000,NORTHEASTERN OKLAHOMA A & M COLLEGE     ,OK,74354-6497,Public       ,478,288,766,894,502,1396
00316100,NORTHEASTERN STATE UNIVERSITY           ,OK,74464-2399,Public       ,1705,1842,3547,3555,3830,7385
00316200,NORTHERN OKLAHOMA COLLEGE               ,OK,74653-0310,Public       ,591,636,1227,1030,1081,2111
00316300,NORTHWESTERN OKLAHOMA STATE UNIV        ,OK,73717-2799,Public       ,393,306,699,754,532,1286
00316400,OKLAHOMA BAPTIST UNIVERSITY             ,OK,74801-2590,Private      ,494,108,602,1412,198,1610
00316500,OKLAHOMA CHRISTIAN UNIVERSITY           ,OK,73131-0000,Private      ,695,205,900,1590,367,1957
00316600,OKLAHOMA CITY UNIVERSITY                ,OK,73106-1493,Private      ,542,759,1301,1693,1678,3371
00316700,UNIV OF SCIENCE & ARTS OF OKLAHOMA      ,OK,73018-5322,Public       ,293,154,447,582,309,891
00316800,ROGERS STATE UNIVERSITY                 ,OK,74017-3252,Public       ,835,873,1708,1571,1605,3176
00317000,OKLAHOMA STATE UNIVERSITY               ,OK,74078-1015,Public       ,4176,2215,6391,9783,4382,14165
00317200,OKLAHOMA STATE UNIVERSITY-OKMULGEE      ,OK,74447-3901,Public       ,515,390,905,1006,725,1731
00317400,OKLAHOMA PANHANDLE STATE UNIVERSITY     ,OK,73939-0000,Public       ,251,122,373,516,210,726
00317600,CARL ALBERT STATE COLLEGE               ,OK,74953-5208,Public       ,442,575,1017,858,1084,1942
00317800,SEMINOLE STATE COLLEGE                  ,OK,74818-1902,Public       ,305,340,645,567,586,1153
00317900,SOUTHEASTERN OKLAHOMA STATE UNIV        ,OK,74701-0609,Public       ,790,687,1477,1618,1172,2790
00318000,SOUTHWESTERN CHRISTIAN UNIVERSITY       ,OK,73008-2335,Private      ,72,81,153,106,119,225
00318100,SOUTHWESTERN OKLAHOMA STATE UNIV        ,OK,73096-3098,Public       ,932,572,1504,1922,1023,2945
00318101,SOUTHWESTERN OK STATE UNIV AT SAYRE     ,OK,73662-0000,Public       ,38,59,97,73,102,175
00318300,ST GREGORY'S UNIVERSITY                 ,OK,74804-2499,Private      ,130,123,253,255,216,471
00318308,SAINT GREGORY'S UNIVERSITY - IPD TULSA  ,OK,74135-2499,Private      ,10,58,68,23,99,122
00318400,UNIVERSITY OF OKLAHOMA                  ,OK,73019-4078,Public       ,3962,2997,6959,11803,6190,17993
00318401,UNIVERSITY OF OKLAHOMA-HLTH SCI CTR     ,OK,73190-0000,Public       ,167,1379,1546,325,2611,2936
00318500,UNIVERSITY OF TULSA                     ,OK,74104-3189,Private      ,710,598,1308,2350,1342,3692
00398500,ORAL ROBERTS UNIVERSITY                 ,OK,74171-0001,Private      ,843,464,1307,2044,864,2908
00531100,TULSA COUNTY AREA VOC TECH SCHOOL       ,OK,74145-0000,Public       ,70,208,278,106,385,491
00531200,RED RIVER TECHNOLOGY CENTER             ,OK,73533-2700,Public       ,10,71,81,15,87,102
00533900,METRO TECHNOLOGY CENTERS SCH DIST22     ,OK,73111-0000,Public       ,56,265,321,88,500,588
00533903,METRO TECHNOLOGY CENTERS SCH DIST22     ,OK,73129-0000,Public       ,19,63,82,34,123,157
00694200,MID-AMERICA CHRISTIAN UNIVERSITY        ,OK,73170-4504,Private      ,170,250,420,328,448,776
00767800,SPARTAN COLLEGE OF AERONAUTICS AND TECHN,OK,74115-5800,Proprietary  ,449,345,794,772,536,1308
00791100,VIRGILS BEAUTY COLLEGE                  ,OK,74401-6802,Proprietary  ,1,6,7,2,9,11
00834300,AUTRY TECHNOLOGY CENTER                 ,OK,73703-2598,Public       ,17,91,108,31,157,188
00861900,TRI COUNTY TECHNOLOGY CENTER            ,OK,74006-6029,Public       ,51,56,107,85,92,177
00918500,ROSE STATE COLLEGE                      ,OK,73110-2799,Public       ,692,1381,2073,1211,2418,3629
00920400,KIAMICHI AREA VOC TECH SCHOOL           ,OK,74578-0548,Public       ,92,320,412,135,564,699
00920408,KIAMICHI AREA VOC TECH SCHOOL           ,OK,74953-0000,Public       ,8,35,43,22,69,91
00961800,TULSA WELDING SCHOOL                    ,OK,74104-0000,Proprietary  ,265,326,591,377,393,770
00964700,"OKLAHOMA STATE UNIV, OKLA CITY          ",OK,73107-6159,Public       ,554,1322,1876,1029,2307,3336
00970800,EVES COLLEGE OF HAIRSTYLING             ,OK,73501-4359,Proprietary  ,10,20,30,11,25,36
00976300,TULSA COMMUNITY COLLEGE                 ,OK,74135-6198,Public       ,2987,3042,6029,4715,5259,9974
00996300,CADDO KIOWA VOC TECH CENTER             ,OK,73038-0000,Public       ,13,73,86,21,131,152
00996400,CENTRAL OKLAHOMA AREA VOC TECH SCH      ,OK,74030-9613,Public       ,13,60,73,23,110,133
00996500,CANADIAN VALLEY TECHNOLOGY CENTER       ,OK,73036-9117,Public       ,16,81,97,28,150,178
00996800,GORDON COOPER TECHNOLOGY CENTER         ,OK,74804-9913,Public       ,25,101,126,40,183,223
01005300,INDIAN CAPITAL TECHNOLGY CENTER #4      ,OK,74403-9907,Public       ,52,179,231,87,324,411
01026600,HILLSDALE FREE WILL BAPTIST COLLEGE     ,OK,73153-0000,Private      ,69,17,86,140,28,168
01034200,SOUTHERN OKLAHOMA TECHNOLOGY CENTER     ,OK,73401-2100,Public       ,30,64,94,52,109,161
01039100,OKLAHOMA CITY COMMUNITY COLLEGE         ,OK,73159-4444,Public       ,1250,2120,3370,2102,3577,5679
01071700,GREAT PLAINS TECHNOLOGY CENTER SCHOOL DI,OK,73505-8399,Public       ,33,114,147,52,215,267
01076200,WESTERN OK AREA VOC TECH SCH DIST12     ,OK,73624-1469,Public       ,16,32,48,20,51,71
01120600,PIONEER TECHNOLOGY CENTER               ,OK,74601-1106,Public       ,10,53,63,11,75,86
01128200,OKLAHOMA STATE UNV CLG OSTEOPTHC MD     ,OK,74107-0000,Public       ,17,212,229,31,445,476
01153700,MID-AMERICA TECHNOLOGY CENTER           ,OK,73095-0210,Public       ,9,21,30,11,32,43
01227200,MOORE-NORMAN TECHNOLOGY CENTER          ,OK,73069-8399,Public       ,50,178,228,80,328,408
02052700,NORTHEAST TECHNOLOGY CENTER             ,OK,74361-0487,Public       ,24,97,121,33,176,209
02060800,MERIDIAN TECHNOLOGY CENTER              ,OK,74074-0000,Public       ,39,71,110,63,132,195
02069301,VATTEROTT COLLEGE                       ,OK,73127-2103,Proprietary  ,25,206,231,32,317,349
02126500,ENID BEAUTY COLLEGE                     ,OK,73701-0000,Proprietary  ,6,21,27,8,23,31
02177900,STATE BARBER AND HAIR DESIGN CLG        ,OK,73108-0000,Proprietary  ,2,6,8,3,10,13
02184400,SAND SPRINGS BEAUTY COLLEGE             ,OK,74063-0000,Proprietary  ,13,38,51,14,44,58
02197300,HOLLYWOOD COSMETOLOGY CENTER            ,OK,73189-0000,Proprietary  ,3,8,11,3,10,13
02222700,FRANCIS TUTTLE TECHNOLOGY CENTER        ,OK,73142-0000,Public       ,78,316,394,131,541,672
02238500,CENTRAL STATE BEAUTY ACADEMY            ,OK,73162-6007,Proprietary  ,23,67,90,26,93,119
02250900,E OK COUNTY AREA VO-TECH                ,OK,73020-0000,Public       ,9,24,33,14,32,46
02256200,"BROKEN ARROW BEAUTY COLLEGE, INC        ",OK,74012-0000,Proprietary  ,28,47,75,32,58,90
02282100,HIGH PLAINS AREA VOC-TECH               ,OK,73801-0000,Public       ,8,20,28,12,39,51
02306800,PLATT COLLEGE                           ,OK,74145-0000,Proprietary  ,107,809,916,123,890,1013
02510300,BEAUTY TECHNICAL COLLEGE                ,OK,74465-0000,Proprietary  ,1,4,5,1,4,5
02531200,WOODWARD BEAUTY COLLEGE                 ,OK,73801-0000,Proprietary  ,1,7,8,2,7,9
02554300,AMERICAN BEAUTY INSTITUTE               ,OK,74501-0000,Proprietary  ,5,9,14,7,14,21
02556500,YUKON BEAUTY COLLEGE                    ,OK,73099-4108,Proprietary  ,1,2,3,1,6,7
02560200,PHILLIPS THEOLOGICAL SEMINARY -         ,OK,74116-5612,Private      ,0,49,49,2,72,74
02581100,CLAREMORE BEAUTY COLLEGE                ,OK,74017-7034,Proprietary  ,2,2,4,2,3,5
02581200,CC'S COSMETOLOGY COLLEGE                ,OK,74129-0000,Proprietary  ,2,66,68,2,88,90
02591101,CAREER POINT INSTITUTE                  ,OK,74146-0000,Proprietary  ,6,23,29,9,35,44
02596501,ATI-CAREER TRAINING CENTER - OKLAHOMA CI,OK,73107-2442,Proprietary  ,1,5,6,3,12,15
02597400,PONTOTOC TECHNOLOGY CENTER SCHOOL       ,OK,74820-8621,Public       ,12,65,77,18,97,115
02599706,VATTEROTT COLLEGE - TULSA               ,OK,74146-2205,Proprietary  ,27,119,146,29,172,201
02600000,NORTHWEST TECHNOLOG CTR SCH DIST 10     ,OK,73717-9600,Public       ,3,6,9,7,9,16
02600500,WES WATKINS TECHNOLOGY CENTER           ,OK,74883-9660,Public       ,17,42,59,28,98,126
03008700,SOUTHWEST TECHNOLOGY CENTER             ,OK,73521-1527,Public       ,6,34,40,11,51,62
03010300,POTEAU BEAUTY COLLEGE                   ,OK,74953-5400,Proprietary  ,6,15,21,8,23,31
03024700,STILLWATER BEAUTY ACADEMY               ,OK,74075-3467,Proprietary  ,7,2,9,8,3,11
03030700,OKLAHOMA SCHOOL OF PHOTOGRAPHY          ,OK,73160-3320,Proprietary  ,5,12,17,6,19,25
03030800,AMERICAN BROADCASTING SCHOOL            ,OK,73115-3334,Proprietary  ,17,81,98,23,108,131
03051100,CHISHOLM TRAIL TECHNOLOGY CENTER        ,OK,73764-9720,Public       ,4,12,16,6,24,30
03078500,TECH INST OF COSMETOLOGY ARTS & SCI     ,OK,74120-3610,Proprietary  ,3,20,23,5,28,33
03089400,SCHOOL OF HAIR DESIGN                   ,OK,74745-3447,Proprietary  ,4,12,16,5,19,24
03103800,SOUTHERN SCHOOL OF BEAUTY               ,OK,74701-5008,Proprietary  ,5,18,23,7,23,30
03109801,BARTLESVILLE BEAUTY COLLEGE             ,OK,74003-2835,Proprietary  ,0,3,3,1,5,6
03115100,HERITAGE COLLEGE                        ,OK,73119-0000,Proprietary  ,71,244,315,93,382,475
03124800,PLATT COLLEGE                           ,OK,73501-3808,Proprietary  ,21,64,85,26,99,125
03126200,GREEN COUNTRY AREA VOC TECH SCHOOL      ,OK,74447-1217,Public       ,10,27,37,18,43,61
03198400,MID-DEL AREA VOCATIONAL & TECH SCH      ,OK,73110-4825,Public       ,5,20,25,10,35,45
03329400,PRYOR BEAUTY COLLEGE                    ,OK,74361-0000,Proprietary  ,0,1,1,0,1,1
03329401,PRYOR BEAUTY COLLEGE - GROVE BEAUTY COLL,OK,74345-0009,Proprietary  ,0,0,0,0,2,2
03329402,PRYOR BEAUTY COLLEGE - NORTH EAST OKLAHO,OK,74338-0000,Proprietary  ,0,1,1,0,2,2
03367400,COMMUNITY CARE COLLEGE                  ,OK,74145-6420,Proprietary  ,121,394,515,159,548,707
03396300,OKLAHOMA HEALTH ACADEMY                 ,OK,74105-6220,Proprietary  ,15,58,73,16,72,88
03396400,OKLAHOMA HEALTH ACADEMY                 ,OK,73160-3667,Proprietary  ,10,68,78,12,83,95
03453400,SHAWNEE BEAUTY COLLEGE                  ,OK,74801-7014,Proprietary  ,4,7,11,4,7,11
03676300,FAMILY OF FAITH COLLEGE                 ,OK,74802-1805,Private      ,1,3,4,1,3,4
03831300,INSTITUTE OF HAIR DESIGN                ,OK,74804-0000,Proprietary  ,4,11,15,4,11,15
03928300,CENTRAL STATE MASSAGE ACADEMY           ,OK,73162-6007,Proprietary  ,5,31,36,7,37,44
04027300,4-STATES ACADEMY OF COSMETOLOGY         ,OK,74354-0000,Proprietary  ,1,7,8,4,9,13
04060300,AMERICAN INSTITUTE OF MEDICAL TECHNOLOGY,OK,74136-5700,Proprietary  ,5,20,25,5,35,40
04062300,OKLAHOMA TECHNOLOGY INSTITUTE           ,OK,73114-6318,Proprietary  ,11,19,30,13,28,41
04121300,4-STATES OKMULGEE ACADEMY OF COSMETOLOGY,OK,74447-0000,Proprietary  ,2,1,3,2,5,7
00163700,BETHANY THEOLOGICAL SEMINARY            ,IN,47374-0000,Private      ,0,6,6,1,17,18
00178400,ANCILLA COLLEGE-FINANCIAL AID OFFC      ,IN,46513-0001,Private      ,27,45,72,400,330,730
00178500,ANDERSON UNIVERSITY                     ,IN,46012-3495,Private      ,244,132,376,2532,573,3105
00178600,BALL STATE UNIVERSITY                   ,IN,47306-0880,Public       ,1124,926,2050,17304,6407,23711
00178700,BETHEL COLLEGE INC                      ,IN,46545-5591,Private      ,85,180,265,1370,890,2260
00178800,BUTLER UNIVERSITY                       ,IN,46208-3487,Private      ,258,165,423,5448,1024,6472
00178900,CHRISTIAN THEOLOGICAL SEMINARY          ,IN,46208-0000,Private      ,0,59,59,2,172,174
00179200,DEPAUW UNIVERSITY                       ,IN,46135-0037,Private      ,101,7,108,2718,50,2768
00179300,EARLHAM COLLEGE                         ,IN,47374-4095,Private      ,239,51,290,1477,109,1586
00179301,EARLHAM SCHOOL OF RELIGION              ,IN,47374-0000,Private      ,4,31,35,20,50,70
00179500,UNIVERSITY OF EVANSVILLE                ,IN,47722-0002,Private      ,201,76,277,3394,435,3829
00179800,FRANKLIN COLLEGE OF INDIANA             ,IN,46131-2623,Private      ,52,9,61,1675,105,1780
00179900,GOSHEN COLLEGE                          ,IN,46526-4794,Private      ,125,41,166,924,218,1142
00180000,GRACE COLLEGE & THEO SEMINARY           ,IN,46590-1224,Private      ,129,43,172,1366,623,1989
00180100,HANOVER COLLEGE                         ,IN,47243-0108,Private      ,62,4,66,1559,42,1601
00180300,HUNTINGTON UNIVERSITY                   ,IN,46750-1299,Private      ,91,45,136,1195,197,1392
00180400,UNIVERSITY OF INDIANAPOLIS              ,IN,46227-3697,Private      ,149,364,513,4337,2173,6510
00180500,INDIANA INSTITUTE OF TECHNOLOGY         ,IN,46803-1297,Private      ,129,295,424,1305,1809,3114
00180700,INDIANA STATE UNIVERSITY                ,IN,47809-2501,Public       ,608,858,1466,7674,4282,11956
00180800,UNIVERSITY OF SOUTHERN INDIANA          ,IN,47712-3596,Public       ,487,426,913,7368,2203,9571
00180900,INDIANA UNIVERSITY-BLOOMINGTON          ,IN,47405-1223,Public       ,1995,1601,3596,26246,8507,34753
00181100,INDIANA UNIV-EAST                       ,IN,47374-1289,Public       ,83,246,329,896,1148,2044
00181300,INDIANA UNIV-PURDUE UNIV INDPLS         ,IN,46202-5145,Public       ,1008,2828,3836,12779,14118,26897
00181301,INDIANA UNIVERSITY - PURDUE UNIVERSITY I,IN,47203-1769,Public       ,58,170,228,931,879,1810
00181400,INDIANA UNIV KOKOMO                     ,IN,46902-3557,Public       ,86,194,280,1244,1226,2470
00181500,INDIANA UNIV-NORTHWEST                  ,IN,46408-1197,Public       ,215,575,790,1978,2684,4662
00181600,INDIANA UNIVERSITY - SOUTH BEND         ,IN,46615-0000,Public       ,337,752,1089,3233,3177,6410
00181700,INDIANA UNIVERSITY-SOUTHEAST            ,IN,47150-6405,Public       ,378,647,1025,2855,2336,5191
00182000,MANCHESTER COLLEGE                      ,IN,46962-1276,Private      ,60,8,68,2020,96,2116
00182100,MARIAN COLLEGE  (INDIANAPOLIS)          ,IN,46222-1997,Private      ,90,217,307,1720,1265,2985
00182200,INDIANA WESLEYAN UNIVERSITY             ,IN,46953-4974,Private      ,212,2502,2714,3673,7025,10698
00182300,ASSOCIATED MENNONITE BIBLICAL SEM       ,IN,46517-1999,Private      ,0,31,31,0,78,78
00182400,OAKLAND CITY UNIVERSITY                 ,IN,47660-1099,Private      ,39,137,176,657,1770,2427
00182500,PURDUE UNIVERSITY                       ,IN,47907-2050,Public       ,1858,916,2774,28222,5350,33572
00182600,PURDUE UNIV NORTH CENTRAL CAMPUS        ,IN,46391-9528,Public       ,169,307,476,1848,1899,3747
00182700,PURDUE UNIV CALUMET                     ,IN,46323-2094,Public       ,628,818,1446,4261,3475,7736
00182800,INDIANA UNIV-PURDUE UNIV FORT WAYNE     ,IN,46805-1499,Public       ,539,898,1437,6779,4985,11764
00183000,ROSE HULMAN INSTITUTE OF TECHNOLOGY     ,IN,47803-3999,Private      ,192,10,202,2745,65,2810
00183200,UNIVERSITY OF SAINT FRANCIS             ,IN,46808-3994,Private      ,97,227,324,1971,1208,3179
00183300,ST JOSEPH'S COLLEGE                     ,IN,47978-0000,Private      ,90,9,99,1239,104,1343
00183400,CALUMET COLLEGE OF SAINT JOSEPH         ,IN,46394-2195,Private      ,51,144,195,358,547,905
00183500,SAINT MARY-OF-THE-WOODS COLLEGE         ,IN,47876-0067,Private      ,24,185,209,405,952,1357
00183600,ST MARY'S COLLEGE                       ,IN,46556-5007,Private      ,107,6,113,1707,46,1753
00183800,TAYLOR UNIVERSITY                       ,IN,46989-1001,Private      ,79,26,105,2157,131,2288
00183801,TAYLOR UNIVERSITY - FORT WAYNE          ,IN,46807-0000,Private      ,40,38,78,517,222,739
00183900,TRINE UNIVERSITY                        ,IN,46703-1764,Private      ,97,59,156,2150,516,2666
00184000,UNIVERSITY OF NOTRE DAME                ,IN,46556-5602,Private      ,368,337,705,11123,2768,13891
00184200,VALPARAISO UNIVERSITY                   ,IN,46383-6493,Private      ,209,369,578,3800,1682,5482
00184300,VINCENNES UNIVERSITY                    ,IN,47591-1523,Public       ,427,519,946,4635,2144,6779
00184400,WABASH COLLEGE                          ,IN,47933-0352,Private      ,32,1,33,1126,27,1153
00224905,DAVENPORT UNIVERSITY-MERRILLVILLE       ,IN,46410-0000,Private      ,6,83,89,57,364,421
00420300,GOOD SAMARITAN HOSP RADIOGRAPHY PRG     ,IN,47591-0000,Public       ,1,3,4,8,6,14
00457900,INTERNATIONAL BUSINESS COLLEGE          ,IN,46804-0000,Proprietary  ,92,59,151,588,188,776
00457901,INTERNATIONAL BUSINESS COLLEGE          ,IN,46256-0000,Proprietary  ,64,16,80,396,92,488
00458300,BROWN MACKIE COLLEGE-SOUTH BEND         ,IN,46617-3123,Proprietary  ,143,702,845,412,2166,2578
00512730,BROWN MACKIE COLLEGE-MERRILLVILLE       ,IN,46410-0000,Proprietary  ,79,415,494,219,1165,1384
00512731,BROWN MACKIE COLLEGE-CINCINNATI - BROWN ,IN,46360-4362,Proprietary  ,1,10,11,1,10,11
00625700,SAINT ELIZABETH SCHOOL OF NURSING       ,IN,47904-2198,Private      ,7,23,30,124,183,307
00726300,HOLY CROSS COLLEGE                      ,IN,46556-0308,Private      ,58,9,67,518,68,586
00727600,SAINT MEINRAD SCHOOL OF THEOLOGY        ,IN,47577-1002,Private      ,0,28,28,5,54,59
00732700,ITT TECHNICAL INSTITUTE                 ,IN,47630-7430,Proprietary  ,471,902,1373,713,1195,1908
00732900,ITT TECHNICAL INSTITUTE                 ,IN,46268-1119,Proprietary  ,573,2051,2624,949,2798,3747
00736200,MEDTECH COLLEGE                         ,IN,46250-3970,Proprietary  ,19,243,262,31,430,461
00736201,STUART SCHOOL OF BUSINESS ADMINISTRATION,IN,46250-2876,Proprietary  ,0,0,0,7,83,90
00736202,MEDTECH COLLEGE - STUART SCHOOL OF BUSIN,IN,46143-6478,Proprietary  ,14,155,169,17,164,181
00793800,LINCOLN COLLEGE OF TECHNOLOGY           ,IN,46202-0000,Proprietary  ,519,204,723,1426,442,1868
00832900,ITT TECHNICAL INSTITUTE                 ,IN,46825-2393,Proprietary  ,330,887,1217,693,1272,1965
00842300,IVY TECH COMMUNITY COLLEGE OF INDIANA - ,IN,46601-3892,Public       ,201,883,1084,1476,3648,5124
00854600,NOT FOR STUDENT USE                     ,IN,46208-4700,Public       ,143,310,453,1066,1609,2675
00854700,IVY TECH COMMUNITY COLLEGE OF INDIANA - ,IN,47802-4898,Public       ,161,583,744,1434,2861,4295
00951500,J MICHAEL HARROLD BEAUTY ACADEMY        ,IN,47807-3390,Proprietary  ,3,4,7,10,17,27
00961200,"APEX SCHOOL OF BEAUTY CULTURE, INC      ",IN,46016-0000,Proprietary  ,4,6,10,9,12,21
00961300,MERRILLVILLE BEAUTY COLLEGE             ,IN,46410-3401,Proprietary  ,1,5,6,14,25,39
00967300,RUDAE'S SCHOOL OF BEAUTY CULTURE        ,IN,46825-5444,Proprietary  ,3,26,29,21,45,66
00967301,RUDAE'S SCHOOL OF BEAUTY CULTURE - FORT ,IN,46825-5444,Proprietary  ,2,4,6,22,21,43
00977700,KAPLAN COLLEGE                          ,IN,46278-1736,Proprietary  ,109,406,515,231,672,903
00977701,KAPLAN COLLEGE - ADDITIONAL CLASSROOM   ,IN,46278-1734,Proprietary  ,1,16,17,5,29,34
00977702,KAPLAN COLLEGE - TEMPORARY FACILITY EXPA,IN,46268-4111,Proprietary  ,0,6,6,1,12,13
00991700,IVY TECH COMMUNITY COLLEGE OF INDIANA - ,IN,46208-1763,Public       ,625,1804,2429,4239,7494,11733
00992300,IVY TECH COMMUNITY COLLEGE OF INDIANA - ,IN,47250-1881,Public       ,83,273,356,560,1093,1653
00992400,IVY TECH COMMUNITY COLLEGE OF INDIANA - ,IN,47302-9448,Public       ,216,715,931,2080,3639,5719
00992500,IVY TECH COMMUNITY COLLEGE OF INDIANA - ,IN,47710-3398,Public       ,150,590,740,1374,2298,3672
00992600,IVY TECH COMMUNITY COLLEGE OF INDIANA- R,IN,46805-1489,Public       ,296,955,1251,2549,4742,7291
01003700,IVY TECH STATE COLLEGE - REGION 9       ,IN,47374-1220,Public       ,63,371,434,602,1673,2275
01003800,IVY TECH COMMUNITY COLLEGE OF INDIANA - ,IN,47203-1868,Public       ,99,387,486,841,1743,2584
01003900,IVY TECH COMMUNITY COLLEGE OF INDIANA - ,IN,47903-6299,Public       ,226,636,862,2017,2676,4693
01004000,IVY TECH COMMUNITY COLLEGE OF INDIANA - ,IN,46409-1303,Public       ,176,674,850,1265,3256,4521
01004100,IVY TECH STATE COLLEGE - REGION 5       ,IN,46903-1373,Public       ,108,573,681,924,2286,3210
01010900,IVY TECH COMMUNITY COLLEGE OF INDIANA - ,IN,47172-1897,Public       ,124,405,529,768,1726,2494
01015100,VINCENNES BEAUTY COLLEGE                ,IN,47591-1297,Proprietary  ,10,14,24,21,23,44
01040900,LAFAYETTE BEAUTY ACADEMY                ,IN,47901-1149,Proprietary  ,7,12,19,31,32,63
01061800,MID-AMERICA CLG FUNERAL SERVICE         ,IN,47130-9990,Private      ,9,20,29,19,49,68
01150500,CREATIVE HAIR STYLING ACADEMY           ,IN,46322-1554,Proprietary  ,11,18,29,29,36,65
02084800,RAVENSCROFT BEAUTY COLLEGE              ,IN,46815-0000,Proprietary  ,1,5,6,16,24,40
02087600,CONCORDIA THEOLOGICAL SEMINARY          ,IN,46825-0000,Private      ,1,130,131,2,240,242
02100402,EVEREST INSTITUTE - EVEREST COLLEGE     ,IN,46410-5683,Proprietary  ,76,381,457,118,597,715
02118900,EVANSVILLE TRI STATE BEAUTY COLLEGE     ,IN,47715-0000,Proprietary  ,0,3,3,15,16,31
02140800,MARTIN UNIVERSITY                       ,IN,46218-0000,Private      ,13,136,149,107,836,943
02158400,HARRISON COLLEGE                        ,IN,46204-2611,Proprietary  ,103,538,641,386,1371,1757
02158401,HARRISON COLLEGE - COLUMBUS             ,IN,47203-1843,Proprietary  ,6,67,73,63,255,318
02158402,HARRISON COLLEGE - LAFAYETTE            ,IN,47905-4859,Proprietary  ,18,84,102,91,276,367
02158404,HARRISON COLLEGE - MARION               ,IN,46952-0000,Proprietary  ,7,28,35,31,122,153
02158405,HARRISON COLLEGE - TERRE HAUTE          ,IN,47802-0000,Proprietary  ,15,66,81,62,288,350
02158407,HARRISON COLLEGE - ANDERSON             ,IN,46013-0000,Proprietary  ,18,47,65,71,233,304
02158409,HARRISON COLLEGE - EVANSVILLE           ,IN,47715-3901,Proprietary  ,17,113,130,85,273,358
02158410,HARRISON COLLEGE - EAST                 ,IN,46239-8903,Proprietary  ,16,132,148,142,528,670
02158412,HARRISON COLLEGE - FORT WAYNE           ,IN,46825-0000,Proprietary  ,32,127,159,180,535,715
02158413,HARRISON COLLEGE - NORTHWEST            ,IN,46278-0000,Proprietary  ,28,78,106,129,267,396
02158800,DON ROBERTS BEAUTY SCHOOLS              ,IN,46383-0000,Proprietary  ,3,7,10,10,15,25
02164300,DON ROBERTS SCHOOL OF HAIR DESIGN       ,IN,46375-9999,Proprietary  ,3,24,27,11,31,42
02201800,KAPLAN COLLEGE                          ,IN,46410-0000,Proprietary  ,16,125,141,90,405,495
02201802,KAPLAN COLLEGE - HAMMOND                ,IN,46324-3347,Proprietary  ,38,183,221,119,515,634
02241700,PJ'S COLLEGE OF COSMETOLOGY             ,IN,47129-0000,Proprietary  ,11,36,47,15,39,54
02302700,J EVERETT LIGHT CAREER CENTER           ,IN,46240-0000,Public       ,7,40,47,24,113,137
02304800,PJ'S COLLEGE OF COSMETOLOGY             ,IN,47374-0000,Proprietary  ,4,12,16,12,22,34
02308900,MASTER'S OF COSMETOLOGY COLLEGE         ,IN,46809-0000,Proprietary  ,9,11,20,41,29,70
02339600,ROGER'S ACADEMY OF HAIR DESIGN          ,IN,47712-0000,Proprietary  ,10,36,46,29,49,78
02345200,EMPIRE BEAUTY SCHOOL                    ,IN,46237-0000,Proprietary  ,16,78,94,52,133,185
02351300,KNOX BEAUTY COLLEGE                     ,IN,46534-0000,Proprietary  ,2,6,8,4,12,16
02490500,HAIR FASHIONS BY KAYE BEAUTY CLG        ,IN,46250-0000,Proprietary  ,2,14,16,22,43,65
02490800,HAIR FASHIONS BY KAYE BEAUTY CLG        ,IN,46060-0000,Proprietary  ,11,94,105,19,103,122
02607000,HAIR ARTS ACADEMY                       ,IN,47404-3581,Proprietary  ,6,14,20,13,22,35
02615800,COLLEGE OF COURT REPORTING              ,IN,46342-5969,Proprietary  ,6,131,137,13,191,204
02616203,BROWN MACKIE COLLEGE-FINDLAY - INDIANAPO,IN,46204-1017,Proprietary  ,22,195,217,65,421,486
03009700,HARRISON COLLEGE                        ,IN,47303-6413,Proprietary  ,16,71,87,82,253,335
03009701,HARRISON COLLEGE - MUNCIE - ELKHART     ,IN,46516-9795,Proprietary  ,6,56,62,46,166,212
03084601,THE ART INSTITUTE OF INDIANAPOLIS       ,IN,46268-1170,Proprietary  ,123,153,276,720,548,1268
03100600,MARION COMM TUCKER AREA VOC SCHOOL      ,IN,46952-3831,Public       ,9,21,30,41,92,133
03176300,AMERICAN TRANS AIR AVIATION ACADEMY     ,IN,46241-1445,Proprietary  ,13,43,56,33,115,148
03262300,DAVID DEMUTH INSTITUTE OF COSM          ,IN,47374-4101,Proprietary  ,7,13,20,17,22,39
03456700,CROSSROADS BIBLE COLLEGE                ,IN,46219-4912,Private      ,9,27,36,48,126,174
03521300,IVY TECH COMMUNITY COLLEGE OF INDIANA - ,IN,47404-9772,Public       ,266,527,793,2061,2323,4384
03538300,ALEXANDRIA SCH OF SCIENTIFIC THERAP     ,IN,46001-0287,Proprietary  ,6,16,22,20,36,56
04038700,IDEAL BEAUTY ACADEMY                    ,IN,47130-4215,Proprietary  ,3,14,17,5,25,30
04100300,SUCCESS SCHOOLS                         ,IN,46410-5310,Proprietary  ,6,28,34,12,52,64
04119700,MOLER HAIRSTYLING COLLEGE               ,IN,46406-1745,Proprietary  ,0,9,9,2,18,20
04121000,TECHSKILLS - INDIANAPOLIS               ,IN,46240-4302,Proprietary  ,6,39,45,6,39,45
04130900,HONORS BEAUTY COLLEGE                   ,IN,46256-3317,Proprietary  ,15,50,65,37,88,125
00163203,AQUINAS INSTITUTE OF THEOLOGY - MINISTRY,KS,66109-3718,Private      ,0,0,0,0,1,1
00190100,ALLEN COUNTY COMMUNITY COLLEGE          ,KS,66749-1607,Public       ,236,291,527,543,468,1011
00190200,COWLEY COUNTY COMMUNITY COLLEGE & AREA V,KS,67005-2662,Public       ,459,608,1067,903,1041,1944
00190300,BAKER UNIVERSITY                        ,KS,66006-0065,Private      ,231,780,1011,1337,1365,2702
00190400,BETHANY COLLEGE                         ,KS,67456-1897,Private      ,173,23,196,720,75,795
00190500,BETHEL COLLEGE                          ,KS,67117-0531,Private      ,158,50,208,468,102,570
00190600,BUTLER COUNTY COMMUNITY COLLEGE         ,KS,67042-3280,Public       ,981,1101,2082,2005,1874,3879
00190700,CENTRAL BAPTIST THEOLOGY SEMINARY       ,KS,66226-3513,Private      ,0,15,15,0,17,17
00190800,CENTRAL CHRISTIAN COLLEGE OF KANSAS     ,KS,67460-5799,Private      ,136,20,156,413,48,461
00190900,CLOUD COUNTY COMMUNITY COLLEGE          ,KS,66901-1002,Public       ,198,211,409,528,394,922
00191000,COFFEYVILLE COMMUNITY COLLEGE           ,KS,67337-5064,Public       ,365,123,488,665,186,851
00191100,COLBY COMMUNITY COLLEGE                 ,KS,67701-4099,Public       ,199,88,287,449,168,617
00191300,DODGE CITY COMMUNITY COLLEGE            ,KS,67801-2399,Public       ,148,111,259,299,189,488
00191400,DONNELLY COLLEGE                        ,KS,66102-4298,Private      ,59,136,195,107,207,314
00191500,FORT HAYS STATE UNIVERSITY              ,KS,67601-4099,Public       ,914,1056,1970,2768,2250,5018
00191600,FORT SCOTT COMMUNITY COLLEGE            ,KS,66701-3199,Public       ,417,212,629,822,359,1181
00191700,BARCLAY COLLEGE                         ,KS,67059-0288,Private      ,37,12,49,74,26,100
00191800,FRIENDS UNIVERSITY                      ,KS,67213-3397,Private      ,276,1014,1290,1048,1639,2687
00191900,GARDEN CITY COMMUNITY COLLEGE           ,KS,67846-6398,Public       ,263,165,428,561,268,829
00192000,HESSTON COLLEGE                         ,KS,67062-2093,Private      ,109,46,155,405,133,538
00192100,HIGHLAND COMMUNITY COLLEGE              ,KS,66035-4062,Public       ,316,232,548,766,425,1191
00192114,HIGHLAND COMMUNITY COLLEGE - NOTHEAST KA,KS,66002-1513,Public       ,9,40,49,33,60,93
00192300,HUTCHINSON COMMUNITY COLLEGE            ,KS,67501-5894,Public       ,512,506,1018,1295,935,2230
00192400,INDEPENDENCE COMMUNITY COLLEGE          ,KS,67301-0000,Public       ,134,47,181,261,93,354
00192500,KANSAS CITY KANSAS COMMUNITY CLG        ,KS,66112-9978,Public       ,359,881,1240,760,1526,2286
00192502,"KANSAS CITY KS AREA TECH SCHOOL, KS     ",KS,66104-0000,Public       ,51,105,156,89,186,275
00192600,PITTSBURG STATE UNIVERSITY              ,KS,66762-7500,Public       ,1313,804,2117,3419,1549,4968
00192700,EMPORIA STATE UNIVERSITY                ,KS,66801-5087,Public       ,933,811,1744,2785,1864,4649
00192800,KANSAS STATE UNIVERSITY                 ,KS,66506-1104,Public       ,2940,1432,4372,12330,3861,16191
00192900,KANSAS WESLEYAN UNIVERSITY              ,KS,67401-6196,Private      ,158,79,237,768,286,1054
00193000,LABETTE COMMUNITY COLLEGE               ,KS,67357-4299,Public       ,173,197,370,342,327,669
00193100,MANHATTAN CHRISTIAN COLLEGE             ,KS,66502-4081,Private      ,106,48,154,299,73,372
00193300,MCPHERSON COLLEGE                       ,KS,67460-3899,Private      ,112,40,152,618,104,722
00193600,NEOSHO COUNTY COMMUNITY COLLEGE         ,KS,66720-2699,Public       ,231,218,449,411,384,795
00193700,OTTAWA UNIVERSITY                       ,KS,66067-3399,Private      ,201,672,873,923,1055,1978
00193800,PRATT COMMUNITY COLLEGE                 ,KS,67124-8432,Public       ,166,134,300,364,227,591
00193900,NEWMAN UNIVERSITY                       ,KS,67213-2084,Private      ,192,367,559,758,892,1650
00194000,SOUTHWESTERN COLLEGE                    ,KS,67156-2499,Private      ,186,364,550,607,682,1289
00194300,UNIVERSITY OF ST MARY                   ,KS,66048-5023,Private      ,150,155,305,454,299,753
00194500,STERLING COLLEGE                        ,KS,67579-1533,Private      ,227,57,284,742,112,854
00194600,TABOR COLLEGE                           ,KS,67063-1799,Private      ,132,40,172,602,80,682
00194800,UNIVERSITY OF KANSAS                    ,KS,66045-7535,Public       ,3270,2255,5525,12931,7077,20008
00194900,WASHBURN UNIVERSITY                     ,KS,66621-1110,Public       ,579,1032,1611,2487,2967,5454
00195000,WICHITA STATE UNIVERSITY                ,KS,67208-0001,Public       ,1694,2087,3781,4749,4605,9354
00460800,BARTON COUNTY COMMUNITY COLLEGE         ,KS,67530-9283,Public       ,247,311,558,537,567,1104
00526400,FLINT HILLS TECHNICAL COLLEGE           ,KS,66801-5999,Public       ,72,150,222,124,221,345
00526500,NORTH CENTRAL KANSAS TECH COLG          ,KS,67420-0000,Public       ,111,74,185,241,124,365
00526700,NORTHWEST KANSAS TECHNICAL SCHOOL       ,KS,67735-3441,Public       ,83,34,117,150,60,210
00549800,WICHITA AREA TECHNICAL COLLEGE          ,KS,67211-2099,Public       ,114,442,556,176,650,826
00549900,SALINA AREA TECHNICAL COLLEGE           ,KS,67401-8195,Public       ,52,36,88,93,62,155
00550000,MANHATTAN AREA TECHNICAL COLLEGE        ,KS,66503-2499,Public       ,82,86,168,181,170,351
00675500,BROWN MACKIE COLLEGE (THE)              ,KS,67401-7307,Proprietary  ,90,391,481,118,581,699
00703200,MID AMERICA NAZARENE UNIVERSITY         ,KS,66062-1899,Private      ,145,276,421,925,581,1506
00817200,SOUTHWEST KANSAS TECHNICAL SCHOOL       ,KS,67905-2013,Public       ,19,8,27,26,13,39
00822800,SEWARD CO COMM CO/AREA TECHNICAL SCHOOL ,KS,67905-0000,Public       ,125,120,245,226,172,398
00824400,JOHNSON COUNTY COMMUNITY COLLEGE        ,KS,66210-1299,Public       ,1288,1658,2946,2977,3078,6055
00833200,B-STREET DESIGN SCHOOL OF INTERNATIONAL ,KS,66502-6082,Proprietary  ,5,25,30,11,29,40
00868200,ACADEMY OF HAIR DESIGN                  ,KS,67401-2803,Proprietary  ,7,11,18,10,12,22
01025600,BENEDICTINE COLLEGE                     ,KS,66002-1499,Private      ,267,46,313,1593,103,1696
01043800,HASKELL INDIAN NATIONS UNIVERSITY       ,KS,66046-4800,Public       ,307,241,548,536,372,908
01050300,WICHITA TECHNICAL INSTITUTE             ,KS,67213-1927,Proprietary  ,114,612,726,160,985,1145
01068900,KAW AREA TECHNICAL SCHOOL               ,KS,66604-2199,Public       ,51,138,189,112,216,328
02090700,CLEVELAND CHIROPRACTIC COLLEGE          ,KS,66210-1613,Private      ,21,226,247,37,455,492
02134800,OLD TOWN BARBER AND BEAUTY COLLEGE      ,KS,67211-0000,Proprietary  ,5,22,27,7,37,44
02196400,CAPITOL CITY HAIR DESIGN COLLEGE        ,KS,66102-0000,Proprietary  ,3,39,42,3,39,42
02257700,HAYS ACADEMY OF HAIR DESIGN             ,KS,67601-0000,Proprietary  ,13,21,34,19,25,44
02303500,AMERICAN INSTITUTE OF BAKING            ,KS,66502-0000,Private      ,3,6,9,6,9,15
02340700,LABARON HAIRDRESSING ACADEMY            ,KS,66204-0000,Proprietary  ,7,5,12,9,7,16
02590900,WRIGHT CAREER COLLEGE                   ,KS,66212-0000,Private      ,54,546,600,56,607,663
02599709,VATTEROTT COLLEGE - WICHITA             ,KS,67226-1304,Proprietary  ,24,146,170,30,214,244
02603100,XENON INTERNATIONAL ACADEMY             ,KS,67203-5428,Proprietary  ,48,46,94,74,69,143
02606300,VERNON'S KANSAS SCHOOL OF COSMETOLOGY   ,KS,67217-2803,Proprietary  ,8,16,24,9,31,40
02611005,HERITAGE COLLEGE - WICHITA              ,KS,67210-1879,Proprietary  ,42,124,166,50,187,237
02613000,PINNACLE CAREER INSTITUTE               ,KS,66046-2703,Proprietary  ,21,81,102,34,121,155
03031300,XENON INTERNATIONAL ACADEMY IV          ,KS,66061-3765,Proprietary  ,11,23,34,16,27,43
03066200,BRYAN COLLEGE                           ,KS,66604-2496,Proprietary  ,17,58,75,32,158,190
03450300,B-STREET DESIGN SCHOOL OF INTERNATIONAL ,KS,66611-2373,Proprietary  ,5,16,21,11,19,30
03450301,B-STREET DESIGN SCHOOL OF INTERNATIONAL ,KS,67207-5148,Proprietary  ,6,22,28,11,25,36
03450302,B-STREET DESIGN SCHOOL OF INTERNATIONAL ,KS,66212-5451,Proprietary  ,24,41,65,29,56,85
03529300,SIDNEY'S HAIRDRESSING COLLEGE           ,KS,67501-7094,Proprietary  ,13,20,33,18,27,45
03862300,BMSI INSTITUTE                          ,KS,66212-3388,Proprietary  ,0,3,3,1,6,7
04132900,Z HAIR ACADEMY                          ,KS,66046-4040,Proprietary  ,6,16,22,6,16,22
00203300,UNIVERSITY OF MAINE-PRESQUE ISLE        ,ME,04769-2888,Public       ,175,137,312,619,309,928
00203500,BANGOR THEOLOGICAL SEMINARY             ,ME,04402-0411,Private      ,1,40,41,1,61,62
00203600,BATES COLLEGE                           ,ME,04240-6028,Private      ,325,8,333,2665,33,2698
00203800,BOWDOIN COLLEGE                         ,ME,04011-8451,Private      ,352,13,365,3347,44,3391
00203900,COLBY COLLEGE                           ,ME,04901-8841,Private      ,159,8,167,2629,33,2662
00204000,UNIVERSITY OF MAINE-FARMINGTON          ,ME,04938-1990,Public       ,238,74,312,2544,333,2877
00204100,UNIVERSITY OF MAINE-FORT KENT           ,ME,04743-1292,Public       ,99,77,176,413,203,616
00204300,HUSSON UNIVERSITY                       ,ME,04401-2999,Private      ,515,253,768,2026,670,2696
00204400,MAINE MARITIME ACADEMY                  ,ME,04420-0001,Public       ,245,33,278,837,88,925
00205000,UNIVERSITY OF NEW ENGLAND               ,ME,04005-9599,Private      ,575,762,1337,3439,1794,5233
00205100,SAINT JOSEPH'S COLLEGE                  ,ME,04084-5263,Private      ,213,100,313,1575,210,1785
00205200,THOMAS COLLEGE                          ,ME,04901-5097,Private      ,156,41,197,822,101,923
00205300,UNIVERSITY OF MAINE                     ,ME,04469-0001,Public       ,988,500,1488,10026,2335,12361
00205400,UNIVERSITY OF SOUTHERN MAINE            ,ME,04104-0000,Public       ,967,845,1812,5572,3597,9169
00205500,UNIVERSITY OF MAINE-MACHIAS             ,ME,04654-1397,Public       ,124,71,195,483,179,662
00520400,BEAL COLLEGE                            ,ME,04401-6896,Proprietary  ,61,126,187,137,301,438
00527600,CENTRAL MAINE COMMUNITY COLLEGE         ,ME,04210-6498,Public       ,466,364,830,1127,814,1941
00527700,EASTERN MAINE COMMUNITY COLLEGE         ,ME,04401-4280,Public       ,473,342,815,1182,700,1882
00552500,SOUTHERN MAINE COMMUNITY  COLLEGE       ,ME,04106-1698,Public       ,846,698,1544,2045,1485,3530
00576000,NORTHERN MAINE COMMUNITY COLLEGE        ,ME,04769-2016,Public       ,172,220,392,366,363,729
00577600,MERCY HOSP SCH OF RADIOLOGIC TECH       ,ME,04101-3795,Private      ,3,6,9,6,26,32
00630501,CENTRAL MAINE MEDICAL CENTER - COLLEGE O,ME,04240-4500,Private      ,10,68,78,29,162,191
00676000,UNIVERSITY OF MAINE-AUGUSTA             ,ME,04330-9410,Public       ,450,1143,1593,1291,3154,4445
00685800,UNITY COLLEGE                           ,ME,04988-9502,Private      ,175,21,196,800,61,861
00903800,MR BERNARD'S SCH HAIR FASHION INC       ,ME,04243-1163,Proprietary  ,15,44,59,21,59,80
00923100,WASHINGTON COUNTY COMMUNITY COLLEGE     ,ME,04619-9704,Public       ,88,67,155,202,137,339
00929200,ANDOVER COLLEGE                         ,ME,04106-2415,Proprietary  ,74,250,324,98,364,462
00929201,ANDOVER COLLEGE -                       ,ME,04240-0000,Proprietary  ,58,294,352,85,475,560
00945900,PIERRE'S SCHOOL OF COSMETOLOGY          ,ME,04101-3348,Proprietary  ,76,101,177,123,134,257
00945901,PIERRE'S SCHOOL OF COSMETOLOGY - SANFORD,ME,04073-3564,Proprietary  ,0,1,1,0,1,1
00945902,PIERRE'S SCHOOL OF COSMETOLOGY - CARIBOU,ME,04736-2020,Proprietary  ,3,2,5,3,2,5
00945903,PIERRE'S SCHOOL OF COSMETOLOGY - BANGOR ,ME,04401-6534,Proprietary  ,9,6,15,9,6,15
00982600,KENNEBEC VALLEY  COMMUNITY  COLLEGE     ,ME,04937-1367,Public       ,223,480,703,522,915,1437
01138500,COLLEGE OF THE ATLANTIC                 ,ME,04609-1105,Private      ,42,10,52,430,53,483
01167300,MAINE COLLEGE OF ART                    ,ME,04101-3987,Private      ,94,39,133,500,131,631
02104400,SPA TECH INSTITUTE                      ,ME,04102-0000,Proprietary  ,73,122,195,99,162,261
02347100,NEW ENGLAND SCHOOL OF COMMUNICATIONS    ,ME,04401-0000,Private      ,146,32,178,444,65,509
02361300,LANDING SCHOOL OF BOATBUILDING & DESIGN ,ME,04046-1490,Private      ,8,12,20,24,24,48
03122900,YORK COUNTY COMMUNITY COLLEGE           ,ME,04090-0529,Public       ,135,137,272,289,275,564
03429300,SEACOAST CAREER SCHOOLS                 ,ME,04073-0000,Proprietary  ,22,101,123,26,112,138
03612300,BIRTHWISE MIDWIFERY SCHOOL              ,ME,04009-1110,Proprietary  ,2,17,19,5,37,42
00209300,ST JOHN'S COLLEGE                       ,NM,87505-4599,Private      ,44,54,98,451,140,591
00264900,COLLEGE OF SANTA FE                     ,NM,87505-7634,Private      ,209,242,451,680,420,1100
00265000,UNIVERSITY OF THE SOUTHWEST             ,NM,88240-9129,Private      ,129,151,280,226,221,447
00265100,EASTERN NEW MEXICO UNIV PORTALES        ,NM,88130-6000,Public       ,738,697,1435,1753,1198,2951
00265101,EASTERN NEW MEXICO UNIV-ROSWELL CAM     ,NM,88202-0000,Public       ,339,452,791,612,711,1323
00265300,NEW MEXICO HIGHLANDS UNIVERSITY         ,NM,87701-4436,Public       ,448,723,1171,1151,1294,2445
00265400,NEW MEXICO INST OF MINING & TECH        ,NM,87801-4796,Public       ,281,94,375,773,183,956
00265500,NEW MEXICO JUNIOR COLLEGE               ,NM,88240-9123,Public       ,221,206,427,386,299,685
00265600,NEW MEXICO MILITARY INSTITUTE           ,NM,88201-5173,Public       ,116,8,124,215,15,230
00265700,NEW MEXICO STATE UNIVERSITY             ,NM,88003-8001,Public       ,2638,2584,5222,7586,5038,12624
00265701,NEW MEXICO STATE UNIV-ALAMOGORDO        ,NM,88311-0000,Public       ,121,316,437,226,533,759
00265702,NEW MEXICO STATE UNIV.-DONA ANA CLG     ,NM,88003-0000,Public       ,531,874,1405,1149,1568,2717
00265703,NEW MEXICO STATE UNIV-CARLSBAD          ,NM,88220-0000,Public       ,84,212,296,140,302,442
00265704,NEW MEXICO STATE UNIV-GRANTS            ,NM,87020-0000,Public       ,53,106,159,95,165,260
00266000,SAN JUAN COLLEGE                        ,NM,87402-4699,Public       ,493,776,1269,771,1205,1976
00266300,THE UNIVERSITY OF NEW MEXICO            ,NM,87131-0001,Public       ,3239,3949,7188,8989,8771,17760
00266301,UNIV OF NEW MEXICO - GALLUP BRANCH      ,NM,87301-5697,Public       ,129,245,374,223,395,618
00266302,UNIV OF NEW MEXICO - VALENCIA BRANCH    ,NM,87031-0000,Public       ,80,94,174,175,212,387
00266303,UNIV OF NEW MEXICO - LOS ALAMOS         ,NM,87544-0000,Public       ,24,28,52,68,49,117
00266400,WESTERN NEW MEXICO UNIVERSITY           ,NM,88061-5417,Public       ,313,523,836,649,805,1454
00405701,NATIONAL AMERICAN UNIVERSITY            ,NM,87110-0000,Proprietary  ,8,140,148,15,217,232
00474200,CENTRAL NEW MEXICO COMMUNITY COLLEGE    ,NM,87106-4096,Public       ,1539,3169,4708,2600,5278,7878
00474300,CLOVIS COMMUNITY COLLEGE                ,NM,88101-8381,Public       ,142,380,522,242,527,769
00996200,LUNA COMMUNITY COLLEGE                  ,NM,87701-0000,Public       ,115,146,261,200,212,412
01063200,DEWOLFF CLG HAIRSTYLING/COSMETOLOGY     ,NM,87112-4113,Proprietary  ,12,42,54,16,49,65
01300500,OLYMPIAN UNIVERSITY OF COSMETOLOGY      ,NM,88310-5051,Proprietary  ,94,322,416,110,376,486
02083900,NORTHERN NEW MEXICO COLLEGE             ,NM,87530-0000,Public       ,162,269,431,307,473,780
02146400,INSTITUTE OF AMERICAN INDIAN ARTS       ,NM,87508-0000,Public       ,57,73,130,100,137,237
02151102,ATI COLLEGE OF HEALTH - ATI CAREER TRAIN,NM,87109-2016,Proprietary  ,4,10,14,7,23,30
02278100,SANTA FE COMMUNITY COLLEGE              ,NM,87507-0000,Public       ,191,418,609,282,588,870
02357600,CROWNPOINT INSTITUTE OF TECHNOLOGY      ,NM,87313-0000,Public       ,49,116,165,68,146,214
02491501,THE ART CENTER DESIGN COLLEGE- ALBQ     ,NM,87110-0000,Proprietary  ,7,7,14,42,22,64
02511000,SOUTHWESTERN INDIAN POLYTECH INST       ,NM,87184-0000,Public       ,75,113,188,125,155,280
02622000,SOUTHWEST ACUPUNCTURE COLLEGE           ,NM,87505-0000,Proprietary  ,3,158,161,4,244,248
03076100,SOUTHWESTERN COLLEGE                    ,NM,87507-0000,Private      ,0,65,65,2,108,110
03128200,KAPLAN CAREER INSTITUTE                 ,NM,87109-2072,Proprietary  ,4,11,15,10,22,32
03128201,KAPLAN CAREER INSTITUTE                 ,NM,87109-0000,Proprietary  ,0,2,2,2,6,8
03206300,MESALANDS COMMUNITY COLLEGE             ,NM,88401-3352,Public       ,32,59,91,66,84,150
03430300,UNIVERSAL THERAPEUTIC MASSAGE INSTITUTE ,NM,87107-4403,Proprietary  ,12,34,46,21,44,65
03678300,PIMA MEDICAL INSTITUTE                  ,NM,87110-4127,Proprietary  ,13,23,36,30,35,65
03944300,MASSAGE THERAPY TRAINING INSTITUTE      ,NM,88007-0000,Proprietary  ,4,14,18,10,19,29
00223400,ADRIAN COLLEGE                          ,MI,49221-2575,Private      ,312,55,367,2386,158,2544
00223500,ALBION COLLEGE                          ,MI,49224-1831,Private      ,223,17,240,2173,52,2225
00223600,ALMA COLLEGE                            ,MI,48801-1599,Private      ,153,23,176,2081,79,2160
00223700,ALPENA COMMUNITY COLLEGE                ,MI,49707-1495,Public       ,231,286,517,733,557,1290
00223800,ANDREWS UNIVERSITY                      ,MI,49104-0750,Private      ,503,361,864,1290,760,2050
00223900,AQUINAS COLLEGE                         ,MI,49506-1799,Private      ,345,163,508,2057,421,2478
00224000,BAY DE NOC COMMUNITY COLLEGE            ,MI,49829-2524,Public       ,243,337,580,820,660,1480
00224100,CALVIN COLLEGE                          ,MI,49546-4388,Private      ,483,71,554,3776,197,3973
00224200,CALVIN THEOLOGICAL SEMINARY             ,MI,49546-4387,Private      ,3,22,25,12,153,165
00224300,CENTRAL MICHIGAN UNIVERSITY             ,MI,48859-0001,Public       ,3124,2499,5623,17275,5730,23005
00224600,CLEARY UNIVERSITY                       ,MI,48105-2659,Private      ,52,217,269,129,443,572
00224700,CONCORDIA UNIVERSITY-ANN ARBOR          ,MI,48105-2797,Private      ,116,120,236,469,247,716
00224800,CRANBROOK ACADEMY OF ART                ,MI,48303-0000,Private      ,2,14,16,15,212,227
00224900,DAVENPORT UNIVERSITY                    ,MI,49503-0000,Private      ,812,3979,4791,2456,8164,10620
00225100,DELTA COLLEGE                           ,MI,48710-0001,Public       ,1374,2058,3432,4184,4178,8362
00225400,MICHIGAN STATE UNIVERSITY COLLEGE OF LAW,MI,48824-1300,Private      ,46,404,450,290,1357,1647
00225900,EASTERN MICHIGAN UNIVERSITY             ,MI,48197-2214,Public       ,2653,2892,5545,10890,6633,17523
00226000,FERRIS STATE UNIVERSITY                 ,MI,49307-2251,Public       ,1685,1271,2956,10543,4201,14744
00226100,CHARLES STEWART MOTT COMMUNITY CLG      ,MI,48503-2089,Public       ,1160,2564,3724,2814,4505,7319
00226200,KETTERING UNIVERSITY                    ,MI,48504-4898,Private      ,345,93,438,2077,194,2271
00226300,GLEN OAKS COMMUNITY COLLEGE             ,MI,49032-9784,Public       ,114,237,351,386,469,855
00226400,GOGEBIC COMMUNITY COLLEGE               ,MI,49938-1365,Public       ,147,160,307,434,299,733
00226500,GRACE BIBLE COLLEGE                     ,MI,49509-1998,Private      ,35,11,46,200,35,235
00226600,CORNERSTONE UNIVERSITY                  ,MI,49525-5897,Private      ,263,502,765,1341,1095,2436
00226700,GRAND RAPIDS COMMUNITY COLLEGE          ,MI,49503-3295,Public       ,1693,2176,3869,6268,4739,11007
00226800,GRAND VALLEY STATE UNIVERSITY           ,MI,49401-9403,Public       ,2071,1411,3482,18100,4934,23034
00226900,GREAT LAKES CHRISTIAN COLLEGE           ,MI,48917-1299,Private      ,58,56,114,147,95,242
00227000,HENRY FORD COMMUNITY COLLEGE            ,MI,48128-1495,Public       ,2209,3363,5572,5051,6901,11952
00227300,HOPE COLLEGE                            ,MI,49423-3607,Private      ,313,34,347,3717,121,3838
00227400,JACKSON COMMUNITY COLLEGE               ,MI,49201-8399,Public       ,725,1177,1902,2309,2600,4909
00227500,KALAMAZOO COLLEGE                       ,MI,49006-3295,Private      ,85,22,107,1709,59,1768
00227600,KELLOGG COMMUNITY COLLEGE               ,MI,49017-3397,Public       ,465,1115,1580,1476,2320,3796
00227700,LAKE MICHIGAN COLLEGE                   ,MI,49022-1899,Public       ,325,656,981,1033,1243,2276
00227800,LANSING COMMUNITY COLLEGE               ,MI,48933-1293,Public       ,1613,2950,4563,4328,4968,9296
00227900,LAWRENCE TECHNOLOGICAL UNIVERSITY       ,MI,48075-1058,Private      ,319,359,678,1490,817,2307
00228200,MADONNA UNIVERSITY                      ,MI,48150-1173,Private      ,409,933,1342,1142,1818,2960
00228400,MARYGROVE COLLEGE                       ,MI,48221-2599,Private      ,172,852,1024,488,1676,2164
00228800,ROCHESTER COLLEGE                       ,MI,48307-2764,Private      ,219,220,439,520,438,958
00229000,MICHIGAN STATE UNIVERSITY               ,MI,48824-1113,Public       ,5284,2948,8232,28756,8193,36949
00229200,MICHIGAN TECHNOLOGICAL UNIV             ,MI,49931-1295,Public       ,609,207,816,5383,638,6021
00229300,LAKE SUPERIOR STATE UNIVERSITY          ,MI,49783-1691,Public       ,327,204,531,2046,553,2599
00229400,MONROE COUNTY COMMUNITY CLG             ,MI,48161-9746,Public       ,318,513,831,838,928,1766
00229500,MONTCALM COMMUNITY COLLEGE              ,MI,48885-9723,Public       ,202,491,693,603,1008,1611
00229700,MUSKEGON COMMUNITY COLLEGE              ,MI,49442-1432,Public       ,497,712,1209,1921,1726,3647
00229900,NORTH CENTRAL MICHIGAN COLLEGE          ,MI,49770-8740,Public       ,238,451,689,717,927,1644
00230100,NORTHERN MICHIGAN UNIVERSITY            ,MI,49855-5316,Public       ,1227,673,1900,6412,1861,8273
00230200,NORTHWESTERN MICHIGAN COLLEGE           ,MI,49686-3061,Public       ,485,696,1181,1786,1556,3342
00230300,OAKLAND COMMUNITY COLLEGE               ,MI,48304-2266,Public       ,72,126,198,231,279,510
00230301,OAKLAND COMMUNITY COLLEGE - ORCHARD RIDG,MI,48334-4579,Public       ,397,616,1013,1109,1368,2477
00230302,OAKLAND COMMUNITY COLLEGE - ROYAL OAK CA,MI,48067-3898,Public       ,581,1129,1710,1568,2604,4172
00230303,OAKLAND COMMUNITY COLLEGE - SOUTHFIELD C,MI,48075-4793,Public       ,137,315,452,137,315,452
00230304,OAKLAND COMMUNITY COLLEGE - AUBURN HILLS,MI,48323-2845,Public       ,464,787,1251,1503,1704,3207
00230305,OAKLAND COMMUNITY COLLEGE - HIGHLAND LAK,MI,48327-4187,Public       ,253,568,821,756,1170,1926
00230700,OAKLAND UNIVERSITY                      ,MI,48309-4401,Public       ,1951,1819,3770,9116,4663,13779
00230800,OLIVET COLLEGE                          ,MI,49076-9902,Private      ,381,105,486,1323,220,1543
00231000,ST. CLAIR COUNTY COMMUNITY COLLEGE      ,MI,48061-0000,Public       ,437,771,1208,1287,1513,2800
00231100,KUYPER COLLEGE                          ,MI,49525-9749,Private      ,49,30,79,296,86,382
00231300,SACRED HEART MAJOR SEMINARY             ,MI,48206-1799,Private      ,4,50,54,10,114,124
00231400,SAGINAW VALLEY STATE UNIV               ,MI,48710-0001,Public       ,1243,1030,2273,7081,2472,9553
00231500,SCHOOLCRAFT COLLEGE                     ,MI,48152-2696,Public       ,1087,1700,2787,2914,3422,6336
00231600,SIENA HEIGHTS UNIVERSITY                ,MI,49221-1796,Private      ,225,424,649,841,880,1721
00231700,SOUTHWESTERN MICHIGAN COLLEGE           ,MI,49047-9793,Public       ,213,420,633,804,928,1732
00231800,SPRING ARBOR UNIVERSITY                 ,MI,49283-9984,Private      ,301,1025,1326,1920,2069,3989
00232200,FINLANDIA UNIVERSITY                    ,MI,49930-1882,Private      ,97,67,164,434,199,633
00232300,UNIVERSITY OF DETROIT MERCY             ,MI,48221-3038,Private      ,589,1061,1650,2666,2531,5197
00232301,UNIVERSITY OF DETROIT MERCY- DENTAL SCH ,MI,48219-3580,Private      ,0,0,0,41,172,213
00232303,UNIV OF DETROIT MERCY - LAW SCHOOL      ,MI,48226-0000,Private      ,4,286,290,21,819,840
00232330,UNIV OF DETROIT MERCY - DENTAL SCHOOL   ,MI,48208-2576,Private      ,12,152,164,24,242,266
00232500,UNIVERSITY OF MICHIGAN - ANN ARBOR      ,MI,48109-1316,Public       ,2081,1869,3950,24127,8761,32888
00232501,UNIVERSITY OF MICHIGAN-MEDICAL SCH      ,MI,48109-0000,Public       ,24,256,280,130,989,1119
00232503,UNIVERSITY OF MICHIGAN LAW SCHOOL       ,MI,48109-0000,Public       ,3,462,465,32,2874,2906
00232600,UNIVERSITY OF MICHIGAN-DEARBORN         ,MI,48128-2406,Public       ,846,1133,1979,3818,2690,6508
00232700,UNIVERSITY OF MICHIGAN-FLINT            ,MI,48502-1950,Public       ,588,1262,1850,2812,3208,6020
00232800,WASHTENAW COMMUNITY COLLEGE             ,MI,48106-0000,Public       ,837,1540,2377,2134,2876,5010
00232900,WAYNE STATE UNIVERSITY                  ,MI,48202-0000,Public       ,3090,4884,7974,12375,12301,24676
00232901,WAYNE STATE UNIV SCH OF MEDICINE        ,MI,48201-3359,Public       ,42,475,517,169,1298,1467
00232902,WAYNE STATE UNIVERSITY - LAW SCHOOL     ,MI,48202-3424,Public       ,34,329,363,111,1180,1291
00233000,WESTERN MICHIGAN UNIVERSITY             ,MI,49008-3899,Public       ,3175,2314,5489,14666,5531,20197
00233100,WESTERN THEOLOGICAL SEMINARY            ,MI,49423-0000,Private      ,0,34,34,0,86,86
00407100,WALSH COLLEGE OF ACCT & BUS ADMN        ,MI,48007-7006,Private      ,57,500,557,169,1032,1201
00407200,NORTHWOOD UNIVERSITY                    ,MI,48640-2398,Private      ,462,478,940,2143,1039,3182
00467300,BAKER COLLEGE - FLINT                   ,MI,48507-5508,Private      ,509,1607,2116,1452,3612,5064
00467301,BAKER COLLEGE OF CADILLAC               ,MI,49601-0000,Private      ,120,470,590,316,939,1255
00467302,BAKER COLLEGE OF CLINTON TOWNSHIP       ,MI,48035-0000,Private      ,614,1426,2040,1428,3119,4547
00467303,BAKER COLLEGE OF MUSKEGON               ,MI,49442-0000,Private      ,705,1265,1970,1882,2529,4411
00467304,BAKER COLLEGE OF OWOSSO                 ,MI,48867-0000,Private      ,444,633,1077,1199,1203,2402
00467305,BAKER COLLEGE OF AUBURN HILLS           ,MI,48326-0000,Private      ,325,937,1262,762,1912,2674
00467306,BAKER COLLEGE OF PORT HURON             ,MI,48060-0000,Private      ,163,362,525,388,877,1265
00467309,BAKER COLLEGE OF JACKSON                ,MI,49202-0000,Private      ,167,514,681,407,1033,1440
00467311,BAKER COLLEGE-CASS CITY                 ,MI,48726-0000,Private      ,39,88,127,115,229,344
00467313,BAKER COLLEGE - GRADUATE ON-LINE        ,MI,48507-0000,Private      ,90,1486,1576,198,3146,3344
00467317,BAKER COLLEGE-ALLEN PARK                ,MI,48101-0000,Private      ,229,629,858,518,1541,2059
00469200,DORSEY SCHOOL OF BUSINESS               ,MI,48195-2334,Proprietary  ,11,72,83,19,88,107
00469201,DORSEY SCHOOL OF BUSINESS               ,MI,48184-0000,Proprietary  ,9,87,96,13,96,109
00469202,DORSEY SCHOOL OF BUSINESS               ,MI,48071-0000,Proprietary  ,23,80,103,31,92,123
00469204,DORSEY SCHOOL OF BUSINESS               ,MI,48066-0000,Proprietary  ,30,162,192,43,205,248
00469205,DORSEY BUSINESS SCHOOL - FARMINGTON HILL,MI,48334-3385,Proprietary  ,6,28,34,7,31,38
00676800,MID MICHIGAN COMMUNITY COLLEGE          ,MI,48625-9447,Public       ,578,819,1397,1547,1558,3105
00677100,COLLEGE FOR CREATIVE STUDIES            ,MI,48202-4034,Private      ,324,139,463,1279,348,1627
00694900,KALAMAZOO VALLEY COMMUNITY COLLEGE      ,MI,49003-4070,Public       ,1071,1480,2551,3146,2778,5924
00717100,KIRTLAND COMMUNITY COLLEGE              ,MI,48653-0000,Public       ,243,490,733,602,909,1511
00761700,CARNEGIE INSTITUTE                      ,MI,48083-1159,Proprietary  ,23,174,197,34,278,312
00795000,WEST SHORE COMMUNITY COLLEGE            ,MI,49454-0000,Public       ,112,189,301,363,452,815
00817800,CHIC UNIVERSITY OF COSMETOLOGY          ,MI,49525-2440,Proprietary  ,84,147,231,131,188,319
00817801,CHIC UNIVERSITY OF COSMETOLOGY - KALAMAZ,MI,49024-2694,Proprietary  ,5,7,12,5,7,12
00890600,MACOMB COMMUNITY COLLEGE                ,MI,48088-3896,Public       ,1912,2646,4558,4916,5176,10092
00894600,PORT HURON COSMETOLOGY COLLEGE          ,MI,48329-1618,Proprietary  ,3,26,29,4,39,43
00923000,WAYNE COUNTY COMMUNITY CLG-DISTRICT     ,MI,48226-3095,Public       ,1874,5696,7570,4021,11454,15475
00973200,VIRGINIA FARRELL BEAUTY SCHOOL          ,MI,48080-1448,Proprietary  ,9,17,26,12,26,38
00973400,VIRGINIA FARRELL BEAUTY SCHOOL          ,MI,48220-1739,Proprietary  ,34,60,94,41,100,141
00982800,EVEREST INSTITUTE                       ,MI,48033-4400,Proprietary  ,127,543,670,166,690,856
00982801,EVEREST INSTITUTE- DEARBORN             ,MI,48124-1927,Proprietary  ,133,501,634,160,592,752
00982803,EVEREST INSTITUTE - DETROIT             ,MI,48207-4291,Proprietary  ,55,150,205,87,239,326
01047000,KALAMAZOO BEAUTY ACADEMY                ,MI,49002-5220,Proprietary  ,5,6,11,9,7,16
01062700,ITT TECHNICAL INSTITUTE                 ,MI,49519-0000,Proprietary  ,390,828,1218,582,998,1580
01082700,DAVID PRESSLEY PROF SCH OF COSMTLGY     ,MI,48067-3219,Proprietary  ,17,23,40,33,42,75
01109800,FLINT INSTITUTE OF BARBERING            ,MI,48504-4395,Proprietary  ,6,40,46,10,56,66
01164600,VIRGINIA FARRELL BEAUTY SCHOOL          ,MI,48185-3091,Proprietary  ,14,41,55,21,62,83
01229100,WRIGHT BEAUTY ACADEMY                   ,MI,49015-2696,Proprietary  ,6,5,11,13,12,25
01262700,THOMAS M. COOLEY LAW SCHOOL             ,MI,48901-1586,Private      ,3,1431,1434,10,3703,3713
01321800,M J MURPHY BTY CLG MT PLEASANT          ,MI,48858-2502,Proprietary  ,12,20,32,23,28,51
02060300,MICHIGAN INSTITUTE OF AERONAUTICS       ,MI,48111-0000,Proprietary  ,137,163,300,203,229,432
02068700,ADRIAN BEAUTY ACADEMY                   ,MI,49221-0000,Proprietary  ,1,18,19,8,23,31
02099700,ROSS MEDICAL EDUCATION CENTER           ,MI,48532-0000,Proprietary  ,58,333,391,75,453,528
02099701,ROSS MEDICAL EDUCATION CENTER-SAGINAW   ,MI,48603-5227,Proprietary  ,0,14,14,0,14,14
02099702,ROSS MEDICAL EDUCATION CENTER-PORT HURON,MI,48060-1958,Proprietary  ,2,5,7,2,5,7
02099703,ROSS MEDICAL EDUCATION CENTER-ROOSEVELT ,MI,49441-4156,Proprietary  ,1,3,4,1,3,4
02100400,EVEREST INSTITUTE                       ,MI,49525-2301,Proprietary  ,96,466,562,128,660,788
02100401,EVEREST INSTITUTE - KALAMAZOO           ,MI,49009-3307,Proprietary  ,40,204,244,55,229,284
02100403,EVEREST INSTITUTE - SOUTHFIELD          ,MI,48076-4492,Proprietary  ,11,53,64,20,105,125
02125600,MICHIGAN COLLEGE OF BEAUTY              ,MI,48083-0000,Proprietary  ,51,114,165,72,145,217
02158600,MR BELA'S SCHOOL OF COSMETOLOGY         ,MI,48092-4637,Proprietary  ,2,4,6,5,8,13
02160303,INTERNATIONAL ACADEMY OF DESIGN AND TECH,MI,48083-2160,Proprietary  ,310,310,620,583,553,1136
02180100,ROSS MEDICAL EDUCATION CENTER           ,MI,48092-0000,Proprietary  ,29,174,203,41,214,255
02180105,ROSS MEDICAL EDUCATION CENTER-REDFORD   ,MI,48239-1260,Proprietary  ,2,7,9,2,7,9
02198900,MICHIGAN SCHOOL OF PROFESSIONAL PSYCHOLO,MI,48334-4512,Private      ,0,43,43,3,126,129
02209200,TAYLORTOWN SCHOOL OF BEAUTY             ,MI,48180-0000,Proprietary  ,7,28,35,15,52,67
02237800,SPECS HOWARD SCHL OF BROADCAST ARTS     ,MI,48075-0000,Proprietary  ,154,187,341,268,286,554
02285700,BAYSHIRE BEAUTY ACADEMY                 ,MI,48708-5614,Proprietary  ,4,19,23,9,36,45
02289801,KAPLAN INSTITUTE - DETROIT CAMPUS       ,MI,48202-0000,Proprietary  ,50,257,307,85,432,517
02324500,MICHIGAN COLLEGE OF BEAUTY              ,MI,48161-0000,Proprietary  ,21,39,60,33,56,89
02339700,ROSS MEDICAL EDUCATION CENTER           ,MI,48116-0000,Proprietary  ,31,216,247,35,241,276
02339701,ROSS MEDICAL EDUCATION CENTER-ANN ARBOR ,MI,48108-1411,Proprietary  ,1,7,8,1,7,8
02361500,MICHIGAN BARBER COLLEGE                 ,MI,48204-2244,Private      ,31,59,90,44,83,127
02363800,YESHIVA GEDOLAH OF GREATER DETROIT      ,MI,48237-0000,Private      ,0,0,0,0,1,1
02491000,WEST MI COLG OF BARBERING & BEAUTY      ,MI,49008-0000,Proprietary  ,1,16,17,4,22,26
02495800,FOCUS:HOPE                              ,MI,48238-0000,Private      ,0,0,0,1,3,4
02498300,VIRGINIA FARRELL BEAUTY SCHOOL          ,MI,48154-0000,Proprietary  ,19,46,65,32,75,107
02533600,ROSS MEDICAL EDUCATION CENTER           ,MI,48917-2108,Proprietary  ,50,203,253,62,241,303
02533601,ROSS MEDICAL EDUCATION CENTER - GRAND RA,MI,49546-2430,Proprietary  ,1,12,13,1,12,13
02588200,DOUGLAS J AVEDA INSTITUTE               ,MI,48823-4351,Proprietary  ,97,123,220,198,213,411
02588201,DOUGLAS J AVEDA INSTITUTE - ANN ARBOR   ,MI,48104-2211,Proprietary  ,23,43,66,46,68,114
02595700,HILLSDALE BEAUTY COLLEGE                ,MI,49242-0000,Proprietary  ,6,4,10,21,4,25
02618400,MICHIGAN CAREER & TECHNICAL INST        ,MI,49080-9254,Public       ,26,10,36,68,21,89
03005700,DETROIT BUSINESS INST. DOWNRIVER        ,MI,48193-6761,Proprietary  ,16,107,123,19,127,146
03028500,LAWTON SCHOOL                           ,MI,48075-5406,Proprietary  ,15,58,73,20,65,85
03066600,BAY MILLS COMMUNITY COLLEGE             ,MI,49715-9750,Public       ,23,55,78,82,133,215
03075200,TWIN CITY BEAUTY COLLEGE                ,MI,49085-3305,Proprietary  ,13,52,65,22,58,80
03075201,TWIN CITY BEAUTY COLLEGE - TRAVERSE CITY,MI,49686-5119,Proprietary  ,2,2,4,5,9,14
03090000,SHARP'S ACADEMY OF HAIRSTYLING INC.     ,MI,48433-0000,Proprietary  ,9,20,29,12,23,35
03109700,HOUGHTON LAKE INST OF COSMETOLOGY       ,MI,48629-9702,Proprietary  ,6,2,8,10,6,16
03110300,THE SCHOOL OF CREATIVE HAIR DESIGN      ,MI,49036-1139,Proprietary  ,7,13,20,9,16,25
03124000,NORTHWESTERN TECHNOLOGICAL INST         ,MI,48075-2412,Proprietary  ,35,145,180,43,164,207
03135300,MICHIGAN THEOLOGICAL SEMINARY           ,MI,48170-4399,Private      ,0,36,36,1,58,59
03284300,MICHIGAN JEWISH INSTITUTE               ,MI,48237-0000,Private      ,78,1,79,127,10,137
03490300,PAUL MITCHELL THE SCHOOL ESCANABA       ,MI,49829-0000,Proprietary  ,2,6,8,4,7,11
03588300,IRENE'S MYOMASSOLOGY INSTITUTE          ,MI,48033-2404,Proprietary  ,22,113,135,35,163,198
03691400,AVE MARIA SCHOOL OF LAW                 ,MI,48105-0000,Private      ,0,193,193,1,533,534
03704300,BLUE WATER COLLEGE OF COSMETOLOGY       ,MI,48040-0000,Proprietary  ,8,7,15,16,9,25
03772300,SAGINAW CHIPPEWA TRIBAL COLLEGE         ,MI,48858-0000,Public       ,3,10,13,5,16,21
03815300,IN SESSION-ARTS OF COSMETOLOGY BEAU     ,MI,48609-0000,Proprietary  ,8,22,30,23,55,78
03907300,PAUL MITCHELL THE SCHOOL GREAT LAKES    ,MI,48060-0000,Proprietary  ,12,14,26,24,14,38
03915300,CAREER QUEST LEARNING CENTER            ,MI,48910-4732,Proprietary  ,12,194,206,16,211,227
03968300,LAKEWOOD SCHOOL OF THERAPEUTIC MASSAGE  ,MI,48060-0000,Proprietary  ,4,9,13,6,16,22
03976500,ANN ARBOR INSTITUTE OF MASSAGE THERAPY  ,MI,48103-0000,Proprietary  ,6,15,21,19,29,48
04002400,ECUMENICAL THEOLOGICAL SEMINARY         ,MI,48201-3035,Private      ,1,28,29,3,49,52
04006300,NUVO COLLEGE OF COSMETOLOGY             ,MI,49441-3822,Proprietary  ,3,17,20,6,25,31
04014300,P&A SCHOLARS BEAUTY SCHOOL              ,MI,48204-0000,Proprietary  ,15,39,54,25,70,95
04055300,CREATIVE HAIR SCHOOL OF COSMETOLOGY     ,MI,48504-1234,Proprietary  ,2,20,22,8,27,35
04094300,ROBERT B. MILLER COLLEGE (THE)          ,MI,49017-3306,Private      ,10,74,84,27,155,182
04121100,GALLERY COLLEGE OF BEAUTY (THE)         ,MI,48036-3591,Proprietary  ,10,27,37,15,35,50
04138400,SCHOOL OF DESIGNING ARTS                ,MI,49037-7995,Proprietary  ,3,12,15,3,12,15
04140900,INTERNATIONAL COSMETOLOGY ACADEMY       ,MI,49508-1308,Proprietary  ,0,7,7,0,7,7
00233200,ANOKA-RAMSEY CC-CAMBRIDGE/COONRAPID     ,MN,55433-3499,Public       ,883,1012,1895,1373,1485,2858
00233400,AUGSBURG COLLEGE                        ,MN,55454-1351,Private      ,980,797,1777,2223,1175,3398
00233500,RIVERLAND COMMUNITY COLLEGE             ,MN,55912-1473,Public       ,350,427,777,566,671,1237
00233600,BEMIDJI STATE UNIVERSITY                ,MN,56601-2699,Public       ,1096,521,1617,2372,854,3226
00233700,BETHANY LUTHERAN COLLEGE INC            ,MN,56001-6163,Private      ,250,17,267,583,29,612
00233900,CENTRAL LAKES COLG-BRAINERD/STAPLES     ,MN,56401-3900,Public       ,564,522,1086,856,785,1641
00234000,CARLETON COLLEGE                        ,MN,55057-4001,Private      ,302,8,310,2915,22,2937
00234100,COLLEGE OF ST BENEDICT                  ,MN,56374-2099,Private      ,652,17,669,1903,30,1933
00234200,COLLEGE OF ST CATHERINE                 ,MN,55105-1789,Private      ,863,1332,2195,1926,2060,3986
00234300,COLLEGE OF ST SCHOLASTICA               ,MN,55811-4199,Private      ,606,511,1117,1986,886,2872
00234500,UNIVERSITY OF ST THOMAS                 ,MN,55105-1096,Private      ,1497,1321,2818,5432,2495,7927
00234600,CONCORDIA COLLEGE-MOORHEAD              ,MN,56562-0001,Private      ,1013,44,1057,2930,105,3035
00234700,"CONCORDIA UNIVERSITY, ST PAUL, MN       ",MN,55104-5494,Private      ,431,457,888,1031,727,1758
00235000,VERMILION COMMUNITY COLLEGE             ,MN,55731-1996,Public       ,184,52,236,336,76,412
00235300,GUSTAVUS ADOLPHUS COLLEGE               ,MN,56082-1498,Private      ,612,9,621,2947,26,2973
00235400,HAMLINE UNIVERSITY                      ,MN,55104-1284,Private      ,791,1144,1935,2222,2173,4395
00235500,HIBBING COMMUNITY COLLEGE               ,MN,55746-3300,Public       ,232,291,523,390,428,818
00235600,ITASCA COMMUNITY COLLEGE                ,MN,55744-3397,Public       ,228,154,382,506,264,770
00235700,LUTHER SEMINARY                         ,MN,55108-0000,Private      ,1,161,162,2,349,351
00235800,MACALESTER COLLEGE                      ,MN,55105-1899,Private      ,676,24,700,3217,61,3278
00236000,"MINNESOTA STATE UNIVERSITY, MANKATO     ",MN,56002-0000,Public       ,3182,1144,4326,8039,2292,10331
00236100,MARTIN LUTHER COLLEGE                   ,MN,56073-3965,Private      ,289,30,319,633,49,682
00236200,MINNEAPOLIS COMM AND TECH COLLEGE       ,MN,55403-1779,Public       ,1428,2523,3951,2149,3819,5968
00236500,MINNEAPOLIS COLLEGE OF ART & DESIGN     ,MN,55404-4343,Private      ,88,52,140,829,255,1084
00236600,CROSSROADS COLLEGE                      ,MN,55902-2382,Private      ,59,36,95,96,45,141
00236700,MINNESOTA STATE UNIVERSITY MOORHEAD     ,MN,56563-0001,Public       ,1517,616,2133,4014,1217,5231
00236900,NORTH CENTRAL UNIVERSITY                ,MN,55404-1391,Private      ,541,152,693,958,234,1192
00237000,NORTH HENNEPIN COMMUNITY COLLEGE        ,MN,55445-2299,Public       ,796,1194,1990,1178,1786,2964
00237100,NORTHWESTERN COLLEGE                    ,MN,55113-1598,Private      ,826,270,1096,2010,404,2414
00237300,ROCHESTER COMMUNITY/TECH COLLEGE        ,MN,55904-4999,Public       ,996,847,1843,1614,1326,2940
00237500,SOUTHWEST MINNESOTA STATE UNIVERSITY    ,MN,56258-1598,Public       ,443,306,749,1751,592,2343
00237700,ST CLOUD STATE UNIVERSITY               ,MN,56301-4498,Public       ,3480,1349,4829,6991,2269,9260
00237900,SAINT JOHNS UNIVERSITY                  ,MN,56321-0000,Private      ,521,44,565,1644,77,1721
00238000,SAINT MARY'S UNIVERSITY                 ,MN,55987-1399,Private      ,354,878,1232,1417,1443,2860
00238200,ST OLAF COLLEGE                         ,MN,55057-1098,Private      ,923,24,947,3623,44,3667
00238300,CROWN COLLEGE                           ,MN,55375-9001,Private      ,265,191,456,596,291,887
00238500,NORTHLAND COMMUNITY & TECHNICAL CLG     ,MN,56701-2598,Public       ,494,604,1098,848,934,1782
00238600,UNITED THEOLGCL SEMINRY TWIN CITIES     ,MN,55112-0000,Private      ,0,41,41,1,69,70
00238800,"UNIVERSITY OF MINNESOTA, DULUTH         ",MN,55812-2496,Public       ,2787,629,3416,7099,1157,8256
00238900,"UNIVERSITY OF MINNESOTA, MORRIS         ",MN,56267-2113,Public       ,323,65,388,1521,151,1672
00239100,WILLIAM MITCHELL COLLEGE OF LAW         ,MN,55105-0000,Private      ,2,380,382,6,1121,1127
00239300,MINNESOTA STATE COLLEGE-SE TECH         ,MN,55987-0409,Public       ,257,406,663,395,566,961
00239400,WINONA STATE UNIVERSITY                 ,MN,55987-5838,Public       ,2139,445,2584,5244,681,5925
00396900,UNIVERSITY OF MINNESOTA-TWIN CITIES     ,MN,55455-0422,Public       ,6849,5364,12213,22043,11769,33812
00400900,MESABI RANGE CMNTY & TECH COLLEGE       ,MN,55792-0000,Public       ,193,175,368,327,273,600
00405708,NATIONAL AMERICAN UNIVERSITY            ,MN,55113-0000,Proprietary  ,14,91,105,23,139,162
00405715,NATIONAL AMERICAN UNIVERSITY - BLOOMINGT,MN,55425-5550,Proprietary  ,6,67,73,10,107,117
00406900,UNIVERSITY OF MINNESOTA-CROOKSTON       ,MN,56716-5001,Public       ,260,92,352,767,193,960
00438600,VETERAN'S MEDICAL CTR- SCH RAD TECH     ,MN,55417-2399,Public       ,1,2,3,3,6,9
00464100,DUNWOODY COLLEGE OF TECHNOLOGY          ,MN,55403-1192,Private      ,377,388,765,585,599,1184
00464200,GLOBE UNIVERSITY                        ,MN,55128-0000,Proprietary  ,271,497,768,325,624,949
00464500,MINNEAPOLIS BUSINESS COLLEGE            ,MN,55113-4036,Proprietary  ,218,49,267,404,80,484
00464600,MINNESOTA SCHOOL OF BUSINESS            ,MN,55423-0000,Proprietary  ,1121,2489,3610,1445,3295,4740
00464800,RASMUSSEN COLLEGE - EAGAN               ,MN,55122-1346,Proprietary  ,97,301,398,135,586,721
00484602,RASMUSSEN COLLEGE - MOORHEAD            ,MN,56560-4513,Proprietary  ,0,0,0,0,1,1
00525200,RIDGEWATER COLLEGE                      ,MN,56201-2098,Public       ,740,531,1271,1257,862,2119
00526300,MINNESOTA WEST CMNTY & TECH COLG        ,MN,56241-1096,Public       ,339,410,749,632,621,1253
00553300,"SAINT PAUL COLLEGE, COMMUNITY/TECHNICAL ",MN,55102-1800,Public       ,865,1448,2313,1262,2074,3336
00553400,ST CLOUD TECHNICAL COLLEGE              ,MN,56303-1240,Public       ,838,499,1337,1308,795,2103
00553500,PINE TECHNICAL COLLEGE                  ,MN,55063-2198,Public       ,60,155,215,90,257,347
00553700,SOUTH CENTRAL COLLEGE                   ,MN,56003-0000,Public       ,545,544,1089,908,866,1774
00554100,MINNESOTA STATE COMMUNITY AND TECHNICAL ,MN,56573-1405,Public       ,847,956,1803,1446,1454,2900
00554400,ALEXANDRIA TECHNICAL COLLEGE            ,MN,56308-3799,Public       ,507,239,746,903,376,1279
00575700,LAKE SUPERIOR COLLEGE                   ,MN,55811-3399,Public       ,667,705,1372,1049,1146,2195
00575900,NORTHWEST TECHNICAL COLLEGE - BEMIDJI   ,MN,56601-4907,Public       ,180,309,489,257,476,733
00677500,RAINY RIVER COMMUNITY COLLEGE           ,MN,56649-2187,Public       ,37,40,77,58,54,112
00735000,ANOKA-HENNEPIN TECHNICAL COLLEGE        ,MN,55303-1590,Public       ,239,475,714,351,681,1032
00735100,BROWN COLLEGE                           ,MN,55120-1004,Proprietary  ,394,350,744,850,696,1546
00746200,COLLEGE OF VISUAL ARTS                  ,MN,55102-2199,Private      ,62,20,82,164,38,202
00795400,NORMANDALE COMMUNITY COLLEGE            ,MN,55431-4399,Public       ,1250,1175,2425,2162,2093,4255
00826700,NORTHWEST TECHNICAL INSTITUTE           ,MN,55121-5001,Proprietary  ,56,12,68,92,17,109
00869400,RASMUSSEN COLLEGE ST. CLOUD             ,MN,56301-3713,Proprietary  ,137,373,510,202,723,925
00869401,RASMUSSEN COLLEGE - SAINT CLOUD - BROOKL,MN,55445-1512,Proprietary  ,104,457,561,140,740,880
00905800,BETHEL UNIVERSITY                       ,MN,55112-6999,Private      ,1046,635,1681,2615,997,3612
00960000,COSMETOLOGY CAREERS UNLTD-DULUTH        ,MN,55802-2031,Proprietary  ,6,12,18,6,17,23
00972200,EMPIRE BEAUTY SCHOOL                    ,MN,55119-7003,Proprietary  ,31,60,91,36,74,110
00974000,INVER HILLS COMMUNITY COLLEGE           ,MN,55076-3224,Public       ,548,715,1263,900,1097,1997
00983100,MODEL COLLEGE OF HAIR DESIGN            ,MN,56301-4280,Proprietary  ,31,16,47,50,21,71
00987000,SCOT LEWIS SCHOOL - BLOOMINGTON         ,MN,55420-2919,Proprietary  ,56,86,142,67,95,162
00989200,"DULUTH BUSINESS UNIV, INC.              ",MN,55807-0000,Proprietary  ,55,170,225,73,193,266
00999200,OAK HILLS CHRISTIAN COLLEGE             ,MN,56601-0000,Private      ,47,30,77,81,38,119
01024800,ART INSTITUTES INTL MINNESOTA           ,MN,55402-3137,Proprietary  ,699,410,1109,1224,590,1814
01035602,EVEREST INSTITUTE - EAGAN               ,MN,55121-1696,Proprietary  ,47,333,380,57,393,450
01037400,METROPOLITAN STATE UNIVERSITY           ,MN,55106-5000,Public       ,618,1856,2474,1081,3029,4110
01040200,DAKOTA COUNTY TECHNICAL COLLEGE         ,MN,55068-2999,Public       ,340,459,799,537,700,1237
01049000,REGENCY BEAUTY INSTITUTE                ,MN,55428-0000,Proprietary  ,729,985,1714,1117,1632,2749
01049100,HENNEPIN TECHNICAL COLLEGE              ,MN,55445-2399,Public       ,551,1159,1710,793,1657,2450
01054600,CENTURY COMMUNITY AND TECHNICAL CLG     ,MN,55110-1894,Public       ,1286,1580,2866,2025,2355,4380
01101700,HERZING COLLEGE                         ,MN,55428-3548,Proprietary  ,54,96,150,100,169,269
01168600,RASMUSSEN COLLEGE - EDEN PRAIRIE        ,MN,55344-7220,Proprietary  ,63,408,471,122,872,994
01173200,"MAYO CLINIC, COLLEGE OF MEDICINE        ",MN,55905-0000,Private      ,17,114,131,30,284,314
01173201,MAYO SCHOOL OF HEALTH-RELATED SCIEN     ,MN,55905-0000,Private      ,15,52,67,35,106,141
01173206,MAYO GRAD SCHOOL                        ,MN,55901-0000,Private      ,0,11,11,0,28,28
01173207,MAYO MEDICAL SCHOOL                     ,MN,55901-0000,Private      ,0,40,40,1,151,152
01232800,NORTHWESTERN HEALTH SCIENCES UNIV       ,MN,55431-1599,Private      ,17,371,388,30,642,672
02050300,ACADEMY COLLEGE                         ,MN,55420-1554,Proprietary  ,26,86,112,31,94,125
02123200,AVEDA INSTITUTE                         ,MN,55414-0000,Proprietary  ,117,82,199,219,139,358
02159800,COSMETOLOGY CAREERS UNLTD - HIBBING     ,MN,55746-0000,Proprietary  ,3,3,6,7,6,13
02160901,"SALON PROFESSIONAL ACADEMY, THE - THE SA",MN,55428-4928,Proprietary  ,19,20,39,25,24,49
02179901,ARGOSY UNIVERSITY - TWIN CITIES         ,MN,55121-1756,Proprietary  ,47,133,180,47,133,180
02238100,MINNESOTA SCHOOL OF COSMETOLOGY         ,MN,55125-0000,Proprietary  ,34,62,96,37,80,117
02260500,SUMMIT ACAD OPPORTUNITIES IND CTR       ,MN,55405-0000,Private      ,3,19,22,4,25,29
02263102,HIGH-TECH INSTITUTE - MINNEAPOLIS       ,MN,55416-2467,Proprietary  ,4,14,18,10,22,32
02284500,PILLSBURY BAPTIST BIBLE COLLEGE         ,MN,55060-0000,Private      ,36,6,42,100,15,115
02503300,RASMUSSEN COLLEGE - MANKATO             ,MN,56001-8658,Proprietary  ,98,245,343,178,547,725
02503302,RASMUSSEN COLLEGE - MANKATO -  LAKE ELMO,MN,55042-8624,Proprietary  ,57,220,277,83,385,468
02504200,WALDEN UNIVERSITY                       ,MN,55401-2511,Proprietary  ,27,10260,10287,38,16640,16678
02514100,AMERICAN INDIAN OPPORTUNITIES CTR       ,MN,55404-0000,Private      ,1,35,36,3,40,43
02543600,INGENUE                                 ,MN,56560-0000,Proprietary  ,8,2,10,8,2,10
02551200,EAST METRO OIC                          ,MN,55104-3435,Private      ,8,15,23,11,27,38
03001200,MCNALLY SMITH COLLEGE OF MUSIC          ,MN,55101-2220,Proprietary  ,199,57,256,436,121,557
03051900,ALFRED ADLER GRADUATE SCHOOL            ,MN,55305-0000,Private      ,0,88,88,0,124,124
03096400,LEECH LAKE TRIBAL COLLEGE               ,MN,56633-0000,Public       ,15,66,81,20,92,112
03129100,FOND DU LAC TRIBAL & COMMUNITY CLG      ,MN,55720-2984,Public       ,129,192,321,183,291,474
03267300,CAPELLA UNIVERSITY                      ,MN,55402-3389,Proprietary  ,26,15705,15731,36,22645,22681
03833300,AMERICAN ACADEMY OF ACUPUNCTURE AND ORIE,MN,55113-0000,Proprietary  ,0,22,22,1,34,35
03921400,WHITE EARTH TRIBAL AND COMMUNITY COLLEGE,MN,56557-0478,Private      ,5,25,30,7,33,40
04044300,HAZELDEN GRADUATE SCHOOL OF ADDICTION ST,MN,55012-0000,Private      ,0,25,25,0,49,49
00239600,ALCORN STATE UNIVERSITY                 ,MS,39096-7500,Public       ,1141,981,2122,2501,1660,4161
00239700,BELHAVEN COLLEGE                        ,MS,39202-1789,Private      ,302,920,1222,1088,1702,2790
00239800,BLUE MOUNTAIN COLLEGE                   ,MS,38610-9370,Private      ,119,87,206,261,181,442
00240100,COAHOMA COMMUNITY COLLEGE               ,MS,38614-9799,Public       ,407,534,941,686,776,1462
00240200,COPIAH-LINCOLN COMMUNITY COLLEGE        ,MS,39191-0649,Public       ,665,728,1393,1084,1085,2169
00240300,DELTA STATE UNIVERSITY                  ,MS,38733-0000,Public       ,1029,1049,2078,2203,1797,4000
00240400,EAST CENTRAL COMMUNITY COLLEGE          ,MS,39327-0129,Public       ,566,537,1103,954,867,1821
00240500,EAST MISSISSIPPI COMM COLLEGE           ,MS,39358-0000,Public       ,676,816,1492,1140,1234,2374
00240700,HINDS COMMUNITY COLLEGE                 ,MS,39154-9799,Public       ,2091,2547,4638,3460,4131,7591
00240800,HOLMES COMMUNITY COLLEGE                ,MS,39079-0000,Public       ,1087,1521,2608,1789,2432,4221
00240900,ITAWAMBA COMMUNITY COLLEGE              ,MS,38843-1099,Public       ,1224,1537,2761,2066,2346,4412
00241000,JACKSON STATE UNIVERSITY                ,MS,39217-0001,Public       ,2852,2992,5844,6198,4854,11052
00241100,JONES COUNTY JUNIOR COLLEGE             ,MS,39437-3999,Public       ,1375,844,2219,2187,1329,3516
00241300,MERIDIAN COMMUNITY COLLEGE              ,MS,39307-5890,Public       ,737,700,1437,1165,1110,2275
00241400,MILLSAPS COLLEGE                        ,MS,39201-0000,Private      ,371,121,492,1178,227,1405
00241500,MISSISSIPPI COLLEGE                     ,MS,39058-0001,Private      ,851,1137,1988,1748,1916,3664
00241501,MISSISSIPPI COLLEGE SCHOOL OF LAW       ,MS,39201-0000,Private      ,6,364,370,23,699,722
00241502,MISSISSIPPI COLLEGE - RANKIN CAMPUS     ,MS,39042-0000,Private      ,8,15,23,10,29,39
00241600,MISSISSIPPI DELTA CMTY COLLEGE          ,MS,38761-0000,Public       ,647,681,1328,1076,1038,2114
00241700,MISSISSIPPI GULF CST CLG-PERKINSTON     ,MS,39573-0000,Public       ,542,247,789,846,375,1221
00241701,MISSISSIPPI GULF CST CLG-JEFF DAVIS     ,MS,39507-0000,Public       ,484,833,1317,726,1212,1938
00241702,MISSISSIPPI GULF CST CLG-JACKSON CN     ,MS,39553-0000,Public       ,438,588,1026,682,825,1507
00242200,MISSISSIPPI UNIV FOR WOMEN              ,MS,39701-5818,Public       ,518,592,1110,1078,982,2060
00242300,MISSISSIPPI STATE UNIVERSITY            ,MS,39762-9698,Public       ,3703,2091,5794,8287,3609,11896
00242400,MISSISSIPPI VALLEY STATE UNIVERSITY     ,MS,38941-1400,Public       ,976,1162,2138,2040,1837,3877
00242600,NORTHEAST MS CMNTY COLLEGE              ,MS,38829-1731,Public       ,791,648,1439,1420,1035,2455
00242700,NORTHWEST MISSISSIPPI COMMUNITY CLG     ,MS,38668-1703,Public       ,1498,1312,2810,2606,2160,4766
00243000,PEARL RIVER COMMUNITY COLLEGE           ,MS,39470-2201,Public       ,926,918,1844,1504,1447,2951
00243300,RUST COLLEGE                            ,MS,38635-2328,Private      ,435,153,588,1061,270,1331
00243500,SOUTHEASTERN BAPTIST COLLEGE            ,MS,39440-0000,Private      ,12,24,36,14,29,43
00243600,SOUTHWEST MISSISSIPPI CMNTY CLG         ,MS,39666-8099,Public       ,514,469,983,785,677,1462
00243900,TOUGALOO COLLEGE                        ,MS,39174-9799,Private      ,543,176,719,1252,304,1556
00244000,UNIVERSITY OF MISSISSIPPI               ,MS,38677-1848,Public       ,2638,1778,4416,6400,3500,9900
00244001,UNIVERSITY OF MISSISSIPPI - MED CTR     ,MS,39216-0000,Public       ,135,404,539,298,1297,1595
00244100,UNIVERSITY OF SOUTHERN MISSISSIPPI      ,MS,39406-0001,Public       ,3208,2521,5729,7172,4813,11985
00244700,WILLIAM CAREY UNIVERSITY                ,MS,39401-5499,Private      ,414,983,1397,739,1584,2323
01146100,WESLEY COLLEGE                          ,MS,39073-1070,Private      ,19,25,44,27,42,69
01289101,ANTONELLI COLLEGE - JACKSON             ,MS,39208-4526,Proprietary  ,54,149,203,71,175,246
01289102,ANTONELLI COLLEGE - HATTIESBURG         ,MS,39401-3056,Proprietary  ,37,221,258,65,370,435
02074900,CHRIS' BEAUTY COLLEGE                   ,MS,39501-0000,Proprietary  ,17,44,61,18,49,67
02160500,NORTH MISSISSIPPI MED CTR MED TECH      ,MS,38801-0000,Private      ,2,17,19,4,23,27
02235900,ACADEMY OF HAIR DESIGN #4               ,MS,39208-0000,Proprietary  ,13,39,52,17,55,72
02244300,ACADEMY OF HAIR DESIGN #1               ,MS,38901-0000,Proprietary  ,29,76,105,31,107,138
02249900,DELTA BEAUTY COLLEGE                    ,MS,38701-0000,Proprietary  ,16,30,46,20,44,64
02251600,ACADEMY OF HAIR DESIGN #6               ,MS,39401-7581,Proprietary  ,11,59,70,13,74,87
02251700,FOSTER'S COSMETOLOGY COLLEGE            ,MS,38663-0000,Proprietary  ,1,5,6,3,10,13
02302800,MISSISSIPPI COLLEGE OF BEAUTY CULT      ,MS,39440-0000,Proprietary  ,3,3,6,3,4,7
02320800,MAGNOLIA COLLEGE OF COSMETOLOGY         ,MS,39206-0000,Proprietary  ,17,43,60,22,70,92
02361200,MAGNOLIA BIBLE COLLEGE                  ,MS,39090-0000,Private      ,9,12,21,9,16,25
02490200,"ICS, THE WRIGHT BEAUTY COLLEGE          ",MS,38834-0000,Proprietary  ,3,13,16,4,17,21
02502100,CREATIONS COLLEGE OF COSMETOLOGY        ,MS,38803-0000,Proprietary  ,9,35,44,11,57,68
02516200,WESLEY BIBLICAL SEMINARY                ,MS,39206-0000,Private      ,0,38,38,0,56,56
02554600,GIBSON'S BARBER AND BEAUTY COLLEGE      ,MS,39773-0000,Proprietary  ,4,8,12,5,13,18
02586000,J & J HAIR DESIGN COLLEGE               ,MS,39051-3716,Proprietary  ,11,40,51,13,41,54
03004000,FINAL TOUCH BEAUTY SCHOOL               ,MS,39307-2934,Proprietary  ,9,19,28,10,21,31
03010401,CRESCENT CITY BARTENDING SCHOOL         ,MS,39501-0000,Proprietary  ,2,7,9,2,11,13
03010404,CRESCENT CITY SCHOOL OF GAMING & BARTEND,MS,38664-1903,Proprietary  ,1,0,1,1,2,3
03010603,VIRGINIA COLLEGE - JACKSON              ,MS,39206-5602,Proprietary  ,28,102,130,35,158,193
03010610,VIRGINIA COLLEGE - BILOXI               ,MS,39532-2124,Proprietary  ,18,93,111,21,110,131
03263300,TRAXLER'S SCHOOL OF HAIR                ,MS,39212-2529,Proprietary  ,2,7,9,2,13,15
03464300,ACADEMY OF HAIR DESIGN                  ,MS,39562-0000,Proprietary  ,3,22,25,3,27,30
03525300,BLUE CLIFF COLLEGE                      ,MS,39507-0000,Proprietary  ,28,105,133,34,135,169
03848300,DAY SPA CAREER COLLEGE                  ,MS,39564-0000,Proprietary  ,8,24,32,9,30,39
03963300,HEALING TOUCH SCHOOL OF MASSAGE THERAPY ,MS,39402-1300,Proprietary  ,3,14,17,5,23,28
04131300,CORINTH ACADEMY OF COSMETOLOGY          ,MS,38834-4813,Proprietary  ,5,13,18,7,17,24
00252600,CARROLL COLLEGE                         ,MT,59625-0002,Private      ,220,45,265,1399,152,1551
00252700,UNIVERSITY OF GREAT FALLS               ,MT,59405-4996,Private      ,133,130,263,378,294,672
00252800,MILES COMMUNITY COLLEGE                 ,MT,59301-4799,Public       ,68,45,113,199,131,330
00252900,DAWSON COMMUNITY COLLEGE                ,MT,59330-1405,Public       ,62,32,94,163,54,217
00253000,MONTANA STATE UNIVERSITY - BILLINGS     ,MT,59101-0298,Public       ,521,789,1310,1878,1915,3793
00253100,MONTANA TECH OF THE UNIV OF MONTANA     ,MT,59701-8997,Public       ,265,298,563,1145,655,1800
00253200,MONTANA STATE UNIVERSITY - BOZEMAN      ,MT,59717-0001,Public       ,1293,946,2239,6561,2476,9037
00253300,MONTANA STATE UNIVERSITY-NORTHERN       ,MT,59501-3148,Public       ,135,235,370,519,476,995
00253400,ROCKY MOUNTAIN COLLEGE                  ,MT,59102-1796,Private      ,209,106,315,750,235,985
00253600,UNIVERSITY OF MONTANA (THE)             ,MT,59812-0001,Public       ,1386,1610,2996,6490,4673,11163
00253700,UNIVERSITY OF MONTANA WESTERN (THE)     ,MT,59725-3598,Public       ,233,156,389,811,347,1158
00442500,BENEFIS HEALTHCARE SCH RAD TECH         ,MT,59405-4324,Private      ,1,0,1,7,9,16
00677700,FLATHEAD VALLEY COMMUNITY COLLEGE       ,MT,59901-2699,Public       ,134,225,359,408,515,923
00757000,HELENA COLLEGE OF TECHNOLOGY            ,MT,59601-3098,Public       ,94,182,276,262,413,675
00790000,BUTTE ACADEMY OF BEAUTY CULTURE         ,MT,59701-9197,Proprietary  ,10,10,20,14,12,26
00894700,"DAHL'S COLLEGE OF BEAUTY,INC            ",MT,59401-3731,Proprietary  ,8,11,19,13,19,32
00931400,MSU COLLEGE OF TECH-GREAT FALLS         ,MT,59405-4907,Public       ,126,357,483,391,719,1110
02143400,SALISH KOOTENAI COLLEGE                 ,MT,59855-0000,Public       ,54,162,216,171,375,546
02286600,LITTLE BIG HORN COLLEGE                 ,MT,59022-0000,Public       ,11,29,40,37,73,110
02343000,FT PECK COMMUNITY COLLEGE               ,MT,59255-0000,Public       ,12,30,42,20,55,75
02510600,BLACKFEET COMMUNITY COLLEGE             ,MT,59417-0000,Private      ,11,44,55,77,148,225
02517500,FORT BELKNAP COLLEGE                    ,MT,59526-0000,Public       ,12,27,39,25,46,71
02545200,CHIEF DULL KNIFE COLLEGE                ,MT,59043-0098,Public       ,4,12,16,43,53,96
02610900,STONE CHILD COLLEGE                     ,MT,59521-9796,Public       ,3,13,16,35,53,88
02621300,ACADEMY OF COSMETOLOGY                  ,MT,59715-3544,Proprietary  ,8,11,19,15,21,36
03205300,MODERN BEAUTY SCHOOL                    ,MT,59801-8386,Proprietary  ,11,11,22,27,25,52
03763400,"ACADEMY OF NAIL, SKIN & HAIR            ",MT,59101-0000,Proprietary  ,11,30,41,31,42,73
03778300,HEALTH WORKS INSTITUTE                  ,MT,59715-0000,Proprietary  ,0,2,2,2,7,9
00253900,CHADRON STATE COLLEGE                   ,NE,69337-2690,Public       ,534,355,889,1350,588,1938
00254000,COLLEGE OF ST MARY                      ,NE,68106-2606,Private      ,135,288,423,322,609,931
00254100,CONCORDIA UNIVERSITY                    ,NE,68434-1594,Private      ,432,71,503,1191,108,1299
00254200,CREIGHTON UNIVERSITY                    ,NE,68178-0001,Private      ,892,1343,2235,4261,3764,8025
00254300,DANA COLLEGE                            ,NE,68008-9905,Private      ,265,26,291,782,61,843
00254400,DOANE COLLEGE                           ,NE,68333-2421,Private      ,298,235,533,1188,439,1627
00254700,GRACE UNIVERSITY                        ,NE,68108-3629,Private      ,75,83,158,280,171,451
00254800,HASTINGS COLLEGE                        ,NE,68901-7621,Private      ,382,40,422,1356,72,1428
00255100,UNIVERSITY OF NEBRASKA AT KEARNEY       ,NE,68849-0001,Public       ,1042,479,1521,3281,925,4206
00255300,MIDLAND LUTHERAN COLLEGE                ,NE,68025-4254,Private      ,278,70,348,739,129,868
00255400,UNIVERSITY OF NEBRASKA-OMAHA            ,NE,68182-0001,Public       ,2042,1632,3674,5797,3307,9104
00255500,NEBRASKA WESLEYAN UNIVERSITY            ,NE,68504-2796,Private      ,545,195,740,1659,322,1981
00255700,MID-PLAINS COMM COLLEGE - NORTH PLATTE  ,NE,69101-9420,Public       ,122,146,268,285,252,537
00255701,MID-PLAINS COMMUNITY COLLEGE - MCCOOK   ,NE,69001-2631,Public       ,56,57,113,178,84,262
00255900,PERU STATE COLLEGE                      ,NE,68421-0010,Public       ,250,300,550,767,620,1387
00256000,WESTERN NEBRASKA COMMUNITY COLLEGE      ,NE,69361-1815,Public       ,139,223,362,484,434,918
00256300,UNION COLLEGE                           ,NE,68506-4387,Private      ,260,96,356,599,203,802
00256500,UNIVERSITY OF NEBRASKA-LINCOLN          ,NE,68588-0419,Public       ,3982,1402,5384,12302,3447,15749
00256596,UNIVERSITY OF NEBRASKA - CURTIS         ,NE,69025-9522,Public       ,78,10,88,184,18,202
00256600,WAYNE STATE COLLEGE                     ,NE,68787-1172,Public       ,691,285,976,2190,508,2698
00256700,YORK COLLEGE                            ,NE,68467-2699,Private      ,136,32,168,290,39,329
00443100,MARY LANNING MEM HOSP SCH RAD TECH      ,NE,68901-4497,Private      ,1,0,1,9,2,11
00443600,REGNL WST MEDCL CTR SCHL RAD            ,NE,69361-0000,Private      ,3,0,3,9,4,13
00458608,KAPLAN UNIVERSITY - OMAHA               ,NE,68134-1002,Proprietary  ,76,430,506,101,656,757
00458609,KAPLAN UNIVERSITY - LINCOLN             ,NE,68508-2668,Proprietary  ,52,323,375,95,497,592
00639900,BRYANLGH COLLEGE OF HEALTH SCIENCES     ,NE,68506-1398,Private      ,116,90,206,244,176,420
00640400,NEBR METHODIST CLG OF NURS ALLD HLTH    ,NE,68114-2852,Private      ,113,176,289,297,356,653
00689500,UNIVERSITY OF NEBRASKA-MED CTR          ,NE,68198-4265,Public       ,185,573,758,486,1800,2286
00750100,VATTEROTT COLLEGE                       ,NE,68137-1237,Proprietary  ,69,337,406,97,447,544
00849200,ALEGENT HEALTH SCHOOLS                  ,NE,68114-2767,Private      ,9,18,27,17,39,56
00952300,BAHNER COLLEGE OF HAIRSTYLING           ,NE,68025-3297,Proprietary  ,19,5,24,31,13,44
00961700,CAPITOL BEAUTY SCHOOL                   ,NE,68144-3873,Proprietary  ,48,28,76,66,40,106
00974300,BELLEVUE UNIVERSITY                     ,NE,68005-0000,Private      ,249,1752,2001,467,2962,3429
00986200,CLARKSON COLLEGE                        ,NE,68131-2739,Private      ,97,136,233,339,429,768
01151900,JOSEPH'S COLLEGE OF BEAUTY/ALL CAMPUSES ,NE,68510-2226,Proprietary  ,77,92,169,113,142,255
01151909,JOSEPH'S COLLEGE OF BEAUTY - OMAHA      ,NE,68131-0000,Proprietary  ,4,3,7,4,4,8
01166700,NORTHEAST COMMUNITY COLLEGE             ,NE,68702-0000,Public       ,497,334,831,1105,555,1660
01258600,METROPOLITAN COMMUNITY COLLEGE          ,NE,68103-0000,Public       ,1137,2182,3319,2139,4275,6414
01297600,NEBRASKA CHRISTIAN COLLEGE              ,NE,68046-4256,Private      ,34,11,45,82,14,96
02079700,COLLEGE OF HAIR DESIGN                  ,NE,68508-0000,Proprietary  ,87,49,136,123,55,178
02099500,CENTRAL COMMUNITY COLLEGE- GI           ,NE,68801-0000,Public       ,157,288,445,354,540,894
02099501,CENTRAL COMMUNITY COLLEGE - HASTINGS    ,NE,68902-0000,Public       ,271,174,445,677,310,987
02099502,CENTRAL COMMUNITY COLLEGE - COLUMBUS    ,NE,68602-0000,Public       ,114,116,230,294,201,495
02508300,SOUTHEAST COMM. COLLEGE-ALL CAMPUSES    ,NE,68520-0000,Public       ,1510,1365,2875,3112,2710,5822
02550800,NEBRASKA INDIAN COMMUNITY COLLEGE       ,NE,68039-0000,Private      ,0,8,8,2,12,14
02610500,XENON INTERNATIONAL ACADEMY II          ,NE,68127-3522,Proprietary  ,63,26,89,124,50,174
03127300,OMAHA SCHOOL OF MASSAGE THERAPY         ,NE,68127-5002,Proprietary  ,24,32,56,36,45,81
03164300,THE CREATIVE CENTER                     ,NE,68164-2911,Proprietary  ,71,12,83,119,16,135
03279300,MYOTHERAPY INSTITUTE                    ,NE,68516-3641,Proprietary  ,16,10,26,23,17,40
03323300,LITTLE PRIEST TRIBAL COLLEGE            ,NE,68071-0000,Private      ,4,9,13,8,13,21
03821400,UNIVERSAL COLLEGE OF HEALING ARTS       ,NE,68112-1810,Proprietary  ,5,16,21,6,25,31
00256800,UNIVERSITY OF NEVADA RENO               ,NV,89557-0002,Public       ,1511,1265,2776,5315,2866,8181
00256900,UNIVERSITY OF NEVADA-LAS VEGAS          ,NV,89154-1001,Public       ,2559,3628,6187,8509,8511,17020
00697700,GREAT BASIN COLLEGE                     ,NV,89801-3348,Public       ,113,237,350,244,406,650
00736700,MARINELLO SCHOOLS OF BEAUTY             ,NV,89110-3563,Proprietary  ,32,142,174,40,161,201
00737100,MARINELLO SCHOOL OF BEAUTY              ,NV,89502-5982,Proprietary  ,19,47,66,26,50,76
00919200,SIERRA NEVADA COLLEGE                   ,NV,89451-0000,Private      ,74,102,176,201,204,405
01036200,COLLEGE OF SOUTHERN NEVADA              ,NV,89030-4296,Public       ,2009,4250,6259,3500,6908,10408
01036300,WESTERN NEVADA COLLEGE                  ,NV,89703-0000,Public       ,205,459,664,436,871,1307
01323200,ACADEMY OF HAIR DESIGN                  ,NV,89102-0000,Proprietary  ,24,39,63,33,63,96
02107700,TRUCKEE MEADOWS COMMUNITY CLG           ,NV,89512-0000,Public       ,652,1330,1982,1245,2279,3524
02237500,LAS VEGAS COLLEGE                       ,NV,89103-0000,Proprietary  ,93,310,403,177,435,612
02338509,NEVADA CAREER INSTITUTE                 ,NV,89121-0000,Proprietary  ,1,24,25,12,39,51
02361001,ITT TECHNICAL INSTITUTE                 ,NV,89014-0000,Proprietary  ,106,245,351,135,293,428
02616703,SCOTTSDALE CULINARY INSTITUTE - LE CORDO,NV,89144-7047,Proprietary  ,30,55,85,69,108,177
02621500,CAREER COLLEGE OF NORTHERN NEVADA       ,NV,89502-2331,Proprietary  ,21,140,161,33,168,201
03030603,UTAH CLG OF MASSAGE THERAPY-NSMT        ,NV,89123-0000,Proprietary  ,37,94,131,53,139,192
03031405,INTERNATIONAL ACADEMY OF DESIGN AND TECH,NV,89074-7750,Proprietary  ,102,131,233,148,209,357
03043200,KAPLAN COLLEGE                          ,NV,89102-8618,Proprietary  ,45,238,283,66,315,381
03076404,HIGH-TECH INSTITUTE - LAS VEGAS         ,NV,89102-4514,Proprietary  ,4,25,29,20,55,75
03084600,THE ART INSTITUTE OF LAS VEGAS          ,NV,89074-7737,Proprietary  ,380,330,710,836,861,1697
03088200,CARSON CITY BEAUTY ACADEMY              ,NV,89706-0000,Proprietary  ,5,42,47,9,53,62
03110000,ACADEMY OF HEALING ARTS                 ,NV,89106-4031,Proprietary  ,38,175,213,67,298,365
03232306,EUPHORIA INSTITUTE - SUMMERLIN          ,NV,89117-8803,Proprietary  ,55,71,126,67,104,171
03232307,EUPHORIA INSTITUTE - GREEN VALLEY       ,NV,89052-4964,Proprietary  ,30,75,105,38,100,138
03787300,EXPERTISE SCHOOL OF BEAUTY              ,NV,89106-2516,Private      ,4,33,37,7,46,53
03838500,NORTHWEST HEALTH CAREERS                ,NV,89128-0000,Proprietary  ,6,19,25,14,38,52
03975300,INSTITUTE OF PROFESSIONAL CAREERS       ,NV,89119-7825,Proprietary  ,4,21,25,10,35,45
04065300,UNIVERSITY OF SOUTHERN NEVADA           ,NV,89014-2333,Private      ,28,345,373,102,1034,1136
04114300,NEVADA STATE COLLEGE                    ,NV,89002-9455,Public       ,192,381,573,480,738,1218
00257200,COLBY-SAWYER COLLEGE                    ,NH,03257-4648,Private      ,249,15,264,1816,33,1849
00257300,DARTMOUTH COLLEGE                       ,NH,03755-3529,Private      ,467,507,974,8826,1680,10506
00257500,FRANKLIN PIERCE COLLEGE                 ,NH,03461-0060,Private      ,425,385,810,2925,638,3563
00257900,NEW ENGLAND COLLEGE                     ,NH,03242-3293,Private      ,309,219,528,1359,367,1726
00258000,SOUTHERN NEW HAMPSHIRE UNIVERSITY       ,NH,03106-1045,Private      ,448,859,1307,3617,2228,5845
00258100,NHTI  - CONCORD'S COMMUNITY COLLEGE     ,NH,03301-7412,Public       ,617,408,1025,1503,748,2251
00258200,MANCHESTER COMMUNITY COLLEGE            ,NH,03102-8518,Public       ,308,328,636,592,548,1140
00258202,NEW HAMPSHIRE COMMUNITY TECHNICAL COLLEG,NH,03038-0000,Public       ,16,3,19,29,6,35
00258300,GREAT BAY COMMUNITY COLLEGE             ,NH,03885-0000,Public       ,175,235,410,452,448,900
00258600,RIVIER COLLEGE                          ,NH,03060-5086,Private      ,253,227,480,1226,532,1758
00258700,SAINT ANSELM COLLEGE                    ,NH,03102-1310,Private      ,458,21,479,3673,53,3726
00258900,UNIVERSITY OF NEW HAMPSHIRE             ,NH,03824-2511,Public       ,850,401,1251,17642,2441,20083
00259000,KEENE STATE COLLEGE                     ,NH,03431-0000,Public       ,751,81,832,6419,433,6852
00259100,PLYMOUTH STATE UNIVERSITY               ,NH,03264-1595,Public       ,510,189,699,5707,632,6339
00301004,ANTIOCH UNIVERSITY                      ,NH,03431-0000,Private      ,0,212,212,2,698,700
00472900,HESSER COLLEGE                          ,NH,03103-7230,Proprietary  ,329,408,737,509,565,1074
00472901,HESSER COLLEGE - NASHUA CAMPUS          ,NH,03063-1286,Proprietary  ,50,154,204,83,229,312
00472904,HESSER COLLEGE - PORTSMOUTH CAMPUS      ,NH,03801-3245,Proprietary  ,44,167,211,62,222,284
00472905,HESSER COLLEGE - SALEM CAMPUS           ,NH,03079-2842,Proprietary  ,83,210,293,117,295,412
00472906,HESSER COLLEGE - CONCORD CAMPUS         ,NH,03301-3415,Proprietary  ,37,189,226,52,232,284
00473000,MCINTOSH COLLEGE INC                    ,NH,03820-3990,Proprietary  ,32,39,71,251,187,438
00473100,DANIEL WEBSTER COLLEGE                  ,NH,03063-1300,Private      ,155,88,243,1023,169,1192
00473300,CHESTER COLLEGE OF NEW ENGLAND          ,NH,03036-4331,Private      ,46,6,52,263,19,282
00529100,WHITE MOUNTAINS COMMUNITY COLLEGE       ,NH,03570-3799,Public       ,92,154,246,195,302,497
00702500,LEBANON COLLEGE                         ,NH,03766-0000,Private      ,13,20,33,29,32,61
00755500,LAKES REGION COMMUNITY COLLEGE          ,NH,03246-1326,Public       ,171,123,294,352,234,586
00756000,RIVER VALLEY COMMUNITY COLLEGE          ,NH,03743-9707,Public       ,77,195,272,159,346,505
00849300,CONTINENTAL ACADEMIE OF HAIR DESIGN     ,NH,03103-4901,Proprietary  ,5,3,8,8,5,13
00864500,EMPIRE BEAUTY SCHOOL                    ,NH,03220-0000,Proprietary  ,34,22,56,43,25,68
00923600,NASHUA COMMUNITY COLLEGE                ,NH,03063-2052,Public       ,241,219,460,430,368,798
01318900,CONTINENTAL ACADEMIE OF HAIR DESIGN     ,NH,03051-3754,Proprietary  ,2,3,5,8,4,12
02097900,FRANKLIN PIERCE LAW CENTER              ,NH,03301-0000,Private      ,5,232,237,12,717,729
02140400,ST JOSEPH SCH OF PRAC NRSG              ,NH,03060-0000,Private      ,13,40,53,30,58,88
02174800,MICHAEL'S SCHOOL OF HAIR DESIGN & ESTHET,NH,03110-0000,Proprietary  ,24,18,42,31,18,49
02179600,EMPIRE BEAUTY SCHOOL                    ,NH,03878-0000,Proprietary  ,31,53,84,36,55,91
02211600,PORTSMOUTH BTY SCH OF HAIR DESIGN       ,NH,03801-4084,Proprietary  ,10,3,13,14,5,19
02245400,KEENE BEAUTY ACADEMY                    ,NH,03431-0000,Proprietary  ,11,12,23,17,13,30
02247000,NEW ENGLAND SCHOOL OF HAIR DESIGN       ,NH,03784-0000,Proprietary  ,10,14,24,14,19,33
02300200,CONCORD ACADEMY OF HAIR DESIGN          ,NH,03301-0000,Proprietary  ,2,5,7,3,5,8
03043100,THOMAS MORE COLLEGE OF LIBERAL ARTS     ,NH,03054-4818,Private      ,49,3,52,88,8,96
03101300,GRANITE STATE COLLEGE                   ,NH,03301-6400,Public       ,64,439,503,147,804,951
03182300,NEW HAMPSHIRE INSTITUTE OF ART          ,NH,03104-4858,Private      ,152,38,190,429,63,492
03305300,SECOND START                            ,NH,03301-5706,Private      ,0,0,0,0,1,1
03437300,UPPER VALLEY TEACHER INSTITUTE          ,NH,03766-1358,Private      ,2,21,23,4,30,34
03729300,NH INSTITUTE FOR THERAPEUTIC ARTS       ,NH,03051-4906,Proprietary  ,3,9,12,4,12,16
00267000,BAPTIST BIBLE COLG OF PENNSYLVANIA      ,PA,18411-1297,Private      ,262,42,304,561,77,638
00322800,BRYN ATHYN COLLEGE OF THE NEW CHURCH    ,PA,19009-0717,Private      ,41,6,47,57,10,67
00322900,ALBRIGHT COLLEGE                        ,PA,19612-5234,Private      ,668,324,992,3098,606,3704
00323000,ALLEGHENY COLLEGE                       ,PA,16335-3902,Private      ,329,12,341,3379,44,3423
00323100,COMM CLG OF ALLEGHENY-ALLEGHENY CMP     ,PA,15212-0000,Public       ,1117,1686,2803,1642,2607,4249
00323101,"COMM CLG OF ALLEGHENY, BOYCE CAMPUS     ",PA,15146-0000,Public       ,583,768,1351,839,1130,1969
00323102,"COMM CLG OF ALLEGHENY, NORTH CAMPUS     ",PA,15237-0000,Public       ,501,408,909,731,619,1350
00323103,"COMM CLG OF ALLEGHENY, SOUTH CAMPUS     ",PA,15122-0000,Public       ,786,812,1598,1166,1269,2435
00323300,ALVERNIA UNIVERSITY                     ,PA,19607-1799,Private      ,592,523,1115,1789,1018,2807
00323500,ARCADIA UNIVERSITY                      ,PA,19038-3295,Private      ,851,536,1387,3811,1242,5053
00323700,BRYN MAWR COLLEGE                       ,PA,19010-2899,Private      ,362,131,493,1473,423,1896
00323800,BUCKNELL UNIVERSITY                     ,PA,17837-2122,Private      ,816,35,851,4971,102,5073
00323900,BUCKS COUNTY COMMUNITY COLLEGE          ,PA,18940-1320,Public       ,1268,880,2148,2206,1537,3743
00324000,BUTLER COUNTY COMMUNITY COLLEGE         ,PA,16001-0000,Public       ,737,606,1343,1182,952,2134
00324100,CABRINI COLLEGE                         ,PA,19087-3698,Private      ,692,331,1023,2873,545,3418
00324200,CARNEGIE MELLON UNIVERSITY              ,PA,15213-3890,Private      ,1257,304,1561,9157,959,10116
00324201,CARNEGIE MELLON UNIV- THE HEINZ SCH     ,PA,15213-0000,Private      ,47,104,151,293,406,699
00324202,CARNEGIE MELLON- TEPPER SCHOOL OF BUSINE,PA,15213-0000,Private      ,37,229,266,263,434,697
00324300,CEDAR CREST COLLEGE                     ,PA,18104-6196,Private      ,485,498,983,1335,831,2166
00324400,CHATHAM UNIVERSITY                      ,PA,15232-2826,Private      ,146,382,528,723,986,1709
00324500,CHESTNUT HILL COLLEGE                   ,PA,19118-2693,Private      ,407,501,908,1337,995,2332
00324700,MISERICORDIA  UNIVERSITY                ,PA,18612-1008,Private      ,597,370,967,1854,686,2540
00324900,COMMUNITY COLLEGE OF PHILADELPHIA       ,PA,19130-3991,Public       ,3665,4693,8358,6707,9261,15968
00325100,CURTIS INSTITUTE OF MUSIC               ,PA,19103-6187,Private      ,35,17,52,245,55,300
00325200,DELAWARE VALLEY COLLEGE                 ,PA,18901-2697,Private      ,580,110,690,2137,202,2339
00325300,DICKINSON COLLEGE                       ,PA,17013-2896,Private      ,472,18,490,2967,53,3020
00325400,DICKINSON SCHOOL OF LAW                 ,PA,17013-2899,Private      ,5,209,214,23,1531,1554
00325600,DREXEL UNIVERSITY                       ,PA,19104-2875,Private      ,4154,4451,8605,18657,9490,28147
00325800,DUQUESNE UNIVERSITY                     ,PA,15282-0001,Private      ,2191,1559,3750,6767,3066,9833
00325900,EASTERN UNIVERSITY                      ,PA,19087-3696,Private      ,662,821,1483,1948,1586,3534
00325908,EASTERN BAPTIST THEOLGCL SEMINARY       ,PA,19096-0000,Private      ,1,25,26,2,54,56
00326200,ELIZABETHTOWN COLLEGE                   ,PA,17022-2298,Private      ,473,149,622,2855,303,3158
00326300,EVANGELICAL SCHOOL OF THEOLOGY          ,PA,17067-0000,Private      ,0,56,56,0,88,88
00326500,FRANKLIN & MARSHALL COLLEGE             ,PA,17604-0000,Private      ,407,14,421,2934,52,2986
00326600,GANNON UNIVERSITY                       ,PA,16541-0001,Private      ,665,411,1076,3355,1032,4387
00326700,GENEVA COLLEGE                          ,PA,15010-3599,Private      ,319,335,654,1792,656,2448
00326800,GETTYSBURG COLLEGE                      ,PA,17325-1486,Private      ,654,15,669,3942,50,3992
00326900,GROVE CITY COLLEGE                      ,PA,16127-0000,Private      ,367,11,378,1764,28,1792
00327000,GWYNEDD-MERCY COLLEGE                   ,PA,19437-0901,Private      ,457,382,839,1626,736,2362
00327200,HARCUM COLLEGE                          ,PA,19010-3476,Private      ,219,371,590,409,673,1082
00327300,HARRISBURG AREA COMMUNITY COLLEGE       ,PA,17110-2999,Public       ,2658,3309,5967,5267,7039,12306
00327400,HAVERFORD COLLEGE                       ,PA,19041-1392,Private      ,255,5,260,1983,19,2002
00327500,HOLY FAMILY UNIVERSITY                  ,PA,19114-2094,Private      ,599,575,1174,1889,1330,3219
00327600,IMMACULATA UNIVERSITY                   ,PA,19345-0647,Private      ,477,501,978,1354,835,2189
00327700,INDIANA UNIVERSITY OF PENNSYLVANIA      ,PA,15705-1097,Public       ,5069,1504,6573,12052,2721,14773
00327900,JUNIATA COLLEGE                         ,PA,16652-2196,Private      ,353,26,379,2311,59,2370
00328000,KEYSTONE COLLEGE                        ,PA,18440-0200,Private      ,669,349,1018,1509,580,2089
00328200,KINGS COLLEGE                           ,PA,18711-0801,Private      ,548,159,707,2724,344,3068
00328300,LACKAWANNA COLLEGE                      ,PA,18509-9961,Private      ,697,358,1055,1086,523,1609
00328400,LAFAYETTE COLLEGE                       ,PA,18042-1768,Private      ,360,21,381,3608,44,3652
00328500,LANCASTER BIBLE COLLEGE                 ,PA,17601-5036,Private      ,246,138,384,507,215,722
00328600,LANCASTER THEOLOGICAL SEMINARY          ,PA,17603-0000,Private      ,0,69,69,0,98,98
00328700,LASALLE UNIVERSITY                      ,PA,19141-1199,Private      ,1247,1063,2310,5065,2121,7186
00328800,LEBANON VALLEY COLLEGE                  ,PA,17003-1400,Private      ,450,70,520,2301,171,2472
00328900,LEHIGH UNIVERSITY                       ,PA,18015-1588,Private      ,1027,194,1221,8127,477,8604
00329000,LINCOLN UNIVERSITY                      ,PA,19352-0999,Public       ,1022,356,1378,3457,758,4215
00329100,LUTHERAN THEOLOG SEMINARY-GETTYSBRG     ,PA,17325-0000,Private      ,0,64,64,0,126,126
00329200,LUTHERAN THEOLOGICAL SEMINARY           ,PA,19119-0000,Private      ,0,94,94,0,146,146
00329300,LYCOMING COLLEGE                        ,PA,17701-5192,Private      ,277,26,303,1770,65,1835
00329400,MANOR COLLEGE                           ,PA,19046-3399,Private      ,215,179,394,495,366,861
00329600,MARYWOOD UNIVERSITY                     ,PA,18509-1598,Private      ,735,590,1325,2450,1254,3704
00329700,MERCYHURST COLLEGE                      ,PA,16546-0001,Private      ,896,458,1354,3742,1086,4828
00329800,MESSIAH COLLEGE                         ,PA,17027-0800,Private      ,413,35,448,3264,100,3364
00330000,MOORE COLLEGE OF ART & DESIGN           ,PA,19103-1179,Private      ,133,55,188,649,161,810
00330100,MORAVIAN COLLEGE                        ,PA,18018-6650,Private      ,330,76,406,2074,170,2244
00330101,MORAVIAN THEOLOGICAL SEMINARY           ,PA,18018-0000,Private      ,1,25,26,10,48,58
00330200,MOUNT ALOYSIUS COLLEGE                  ,PA,16630-1999,Private      ,395,347,742,1164,697,1861
00330300,CARLOW COLLEGE                          ,PA,15213-3165,Private      ,452,602,1054,1121,1161,2282
00330400,MUHLENBERG COLLEGE                      ,PA,18104-5586,Private      ,454,71,525,3245,145,3390
00330600,VALLEY FORGE CHRISTIAN COLLEGE          ,PA,19460-2399,Private      ,351,96,447,740,157,897
00330900,PEIRCE COLLEGE                          ,PA,19102-4699,Private      ,122,940,1062,211,1599,1810
00331100,PENNSYLVANIA COLLEGE OF OPTOMETRY       ,PA,19027-1598,Private      ,2,374,376,10,814,824
00331300,WIDENER UNIVERSITY                      ,PA,19013-5792,Private      ,860,598,1458,3878,1623,5501
00331302,WIDENER UNIV SCH OF LAW- HARRISBURG     ,PA,17106-9381,Private      ,1,241,242,3,778,781
00331500,BLOOMSBURG UNIVERSITY OF PA             ,PA,17815-1301,Public       ,3062,709,3771,9681,1339,11020
00331600,CALIFORNIA UNIV OF PENNSYLVANIA         ,PA,15419-1394,Public       ,2808,1725,4533,6064,2865,8929
00331700,CHEYNEY UNIVERSITY OF PENNSYLVANIA      ,PA,19319-0200,Public       ,801,269,1070,1953,598,2551
00331800,CLARION UNIVERSITY OF PENNSYLVANIA      ,PA,16214-1232,Public       ,2340,926,3266,4983,1595,6578
00332000,EAST STROUDSBURG UNIVERSITY             ,PA,18301-2999,Public       ,2060,580,2640,6925,1115,8040
00332100,EDINBORO UNIVERSITY OF PENNSYLVANIA     ,PA,16444-0001,Public       ,1537,891,2428,5232,2320,7552
00332200,KUTZTOWN UNIVERSITY OF PENNSYLVANIA     ,PA,19530-9339,Public       ,2139,482,2621,9135,1308,10443
00332300,LOCK HAVEN UNIV OF PENNSYLVANIA         ,PA,17745-2439,Public       ,1468,314,1782,5215,913,6128
00332400,MANSFIELD UNIVERSITY                    ,PA,16933-1123,Public       ,973,387,1360,2769,754,3523
00332500,MILLERSVILLE UNIVERSITY OF PA           ,PA,17551-1800,Public       ,1821,575,2396,7371,1422,8793
00332600,SHIPPENSBURG UNIVERSITY                 ,PA,17257-2299,Public       ,2073,455,2528,6750,963,7713
00332700,SLIPPERY ROCK UNIVERSITY                ,PA,16057-1326,Public       ,3077,903,3980,7414,1584,8998
00332800,WEST CHESTER UNIVERSITY                 ,PA,19383-0001,Public       ,2756,935,3691,12437,2407,14844
00332900,PENN STATE UNIVERSITY                   ,PA,16802-1503,Public       ,18453,5670,24123,62147,12620,74767
00332901,PENN STATE UNIV-HERSHEY MEDCL CTR       ,PA,17033-0000,Public       ,16,385,401,58,1025,1083
00335000,UNIVERSITY OF THE ARTS (THE)            ,PA,19102-9493,Private      ,617,154,771,3005,485,3490
00335100,PHILADELPHIA BIBLICAL UNIVERSITY        ,PA,19047-2942,Private      ,364,199,563,840,332,1172
00335200,PHILADELPHIA CLG OSTEOPATHIC MED        ,PA,19131-0000,Private      ,5,1007,1012,14,2363,2377
00335300,UNIVERSITY OF THE SCIENCES IN PHILADELPH,PA,19104-4495,Private      ,634,281,915,3181,722,3903
00335400,PHILADELPHIA UNIVERSITY                 ,PA,19144-5497,Private      ,961,365,1326,3684,718,4402
00335600,PITTSBURGH THEOLOGICAL SEMINARY         ,PA,15206-0000,Private      ,1,62,63,1,155,156
00335700,POINT PARK UNIVERSITY                   ,PA,15222-1912,Private      ,1082,924,2006,2816,1480,4296
00335800,REFORMED PRESBYTERIAN THEOL SEMINAR     ,PA,15208-0000,Private      ,0,8,8,0,19,19
00335900,ROBERT MORRIS UNIVERSITY                ,PA,15108-1189,Private      ,1507,850,2357,3587,1375,4962
00336000,ROSEMONT COLLEGE                        ,PA,19010-1699,Private      ,139,155,294,497,298,795
00336200,SETON HILL UNIVERSITY                   ,PA,15601-1599,Private      ,667,369,1036,1693,618,2311
00336400,ST. CHARLES BORROMEO SEMINARY           ,PA,19096-0000,Private      ,8,7,15,20,18,38
00336600,SAINT FRANCIS UNIVERSITY                ,PA,15940-0600,Private      ,574,220,794,1817,409,2226
00336700,SAINT JOSEPH'S UNIVERSITY               ,PA,19131-1395,Private      ,1103,633,1736,5510,1118,6628
00336800,ST VINCENT COLLEGE                      ,PA,15650-2690,Private      ,691,145,836,2042,244,2286
00336900,SUSQUEHANNA UNIVERSITY                  ,PA,17870-1001,Private      ,321,31,352,2680,82,2762
00337000,SWARTHMORE COLLEGE                      ,PA,19081-1397,Private      ,411,10,421,3499,33,3532
00337100,TEMPLE UNIV - MAIN CAMPUS               ,PA,19122-6003,Private      ,4240,1699,5939,24441,5552,29993
00337101,TEMPLE UNIV - SCHOOL OF LAW             ,PA,19122-0000,Private      ,11,310,321,42,2510,2552
00337102,TEMPLE UNIV - SCHOOL OF MEDICINE        ,PA,19140-0000,Private      ,23,308,331,99,1208,1307
00337103,TEMPLE UNIV - SCHOOL OF DENTISTRY       ,PA,19140-0000,Private      ,5,73,78,25,547,572
00337104,TEMPLE UNIV - AMBLER CAMPUS             ,PA,19002-0000,Private      ,184,155,339,709,490,1199
00337105,TEMPLE UNIV - SCH OF ALLIED HEALTH      ,PA,19140-0000,Private      ,58,123,181,300,341,641
00337106,TEMPLE UNIV - SCHOOL OF PHARMACY        ,PA,19140-0000,Private      ,30,217,247,201,597,798
00337107,TEMPLE UNIV - TYLER SCHOOL OF ART       ,PA,19122-0000,Private      ,110,25,135,684,211,895
00337108,TEMPLE UNIV - GRAD DIV HEALTH SCI       ,PA,19140-0000,Private      ,13,141,154,76,372,448
00337109,TEMPLE UNIV - GRADUATE DIVISION         ,PA,19122-0000,Private      ,30,786,816,158,2037,2195
00337111,TEMPLE UNIV-SCH OF PODIATRIC MED        ,PA,19107-0000,Private      ,1,148,149,9,337,346
00337600,THIEL COLLEGE                           ,PA,16125-2181,Private      ,490,48,538,1398,99,1497
00337800,UNIVERSITY OF PENNSYLVANIA              ,PA,19104-6216,Private      ,2279,2976,5255,14356,10257,24613
00337900,UNIVERSITY OF PITTSBURGH                ,PA,15260-0000,Public       ,6381,3278,9659,23570,7795,31365
00337906,UNIV OF PITTSBURGH-SCH OF MEDICINE      ,PA,15261-0000,Public       ,6,313,319,48,855,903
00337907,UNIV OF PITTSBURGH-DENTAL MEDICINE      ,PA,15261-0000,Public       ,10,188,198,24,333,357
00338400,UNIVERSITY OF SCRANTON                  ,PA,18510-4622,Private      ,1351,511,1862,6392,924,7316
00338500,URSINUS COLLEGE                         ,PA,19426-2562,Private      ,506,26,532,3666,65,3731
00338600,VALLEY FORGE MILITARY COLLEGE           ,PA,19087-3695,Private      ,90,4,94,184,8,192
00338800,VILLANOVA UNIVERSITY                    ,PA,19085-1699,Private      ,1591,651,2242,11067,1333,12400
00338801,VILLANOVA UNIV SCH OF LAW               ,PA,19085-0000,Private      ,1,340,341,19,1609,1628
00338900,WASHINGTON & JEFFERSON COLLEGE          ,PA,15301-4801,Private      ,489,18,507,2513,41,2554
00339100,WAYNESBURG UNIVERSITY                   ,PA,15370-1222,Private      ,660,332,992,1838,555,2393
00339200,WESTMINSTER COLLEGE                     ,PA,16172-0002,Private      ,655,43,698,2138,79,2217
00339300,WESTMINSTER THEOLOGICAL SEMINARY        ,PA,19038-0000,Private      ,0,107,107,3,217,220
00339400,WILKES UNIVERSITY                       ,PA,18766-0998,Private      ,920,358,1278,2999,642,3641
00339500,PENNSYLVANIA COLLEGE OF TECHNOLOGY      ,PA,17701-5779,Public       ,2351,952,3303,5115,1709,6824
00339600,WILSON COLLEGE                          ,PA,17201-1285,Private      ,125,159,284,374,280,654
00339900,YORK COLLEGE OF PENNSYLVANIA            ,PA,17405-7199,Private      ,1447,403,1850,5641,766,6407
00398600,DESALES UNIVERSITY                      ,PA,18034-9568,Private      ,496,361,857,2079,702,2781
00398700,LA ROCHE COLLEGE                        ,PA,15237-5898,Private      ,487,170,657,983,271,1254
00398800,NEUMANN COLLEGE                         ,PA,19014-1298,Private      ,818,323,1141,2441,622,3063
00405800,GRATZ COLLEGE                           ,PA,19027-3097,Private      ,0,35,35,0,53,53
00445200,MONTGOMERY COUNTY COMMUNITY COLLEGE     ,PA,19422-6300,Public       ,1583,1392,2975,2574,2290,4864
00488700,BRANDYWINE SCHOOL OF NURSING            ,PA,19320-1536,Proprietary  ,21,40,61,36,71,107
00488900,CAMBRIA-ROWE BUSINESS COLLEGE           ,PA,15902-2494,Proprietary  ,86,92,178,143,179,322
00489000,CENTRAL PENNSYLVANIA COLLEGE            ,PA,17093-0309,Proprietary  ,199,204,403,712,623,1335
00489300,DU BOIS BUSINESS COLLEGE                ,PA,15801-2401,Proprietary  ,95,96,191,156,184,340
00489400,ERIE BUSINESS CENTER                    ,PA,16501-1305,Proprietary  ,25,106,131,40,146,186
00489401,ERIE BUSINESS CENTER SOUTH              ,PA,16101-0000,Proprietary  ,7,34,41,11,48,59
00489800,MCCANN SCHOOL OF BUSINESS & TECHNOL     ,PA,17901-1335,Proprietary  ,462,890,1352,625,1379,2004
00489900,MERCY HOSP SCH OF NURSING               ,PA,15219-5166,Private      ,48,31,79,89,57,146
00490100,NEWPORT BUSINESS INSTITUTE              ,PA,15068-3929,Proprietary  ,27,18,45,35,37,72
00490200,PENN COMMERCIAL BUSINESS/TECHNICAL SCHL ,PA,15301-2871,Proprietary  ,125,163,288,179,264,443
00491000,KAPLAN CAREER INSTITUTE                 ,PA,17111-3571,Proprietary  ,125,200,325,164,293,457
00491001,THOMPSON INSTITUTE-PHILADEPHIA CAMPUS   ,PA,19104-3386,Proprietary  ,56,186,242,79,204,283
00491400,NEWPORT BUSINESS INSTITUTE              ,PA,17701-5855,Proprietary  ,28,44,72,42,62,104
00500701,WEST VIRGINIA CAREER INSTITUTE          ,PA,15456-0000,Proprietary  ,28,41,69,43,85,128
00531000,PITTSBURGH INST OF AERONAUTICS          ,PA,15236-0000,Private      ,121,53,174,212,81,293
00533000,FAYETTE CNTY AREA VOC TECH PRC NRSG     ,PA,15401-0000,Public       ,9,39,48,17,79,96
00533500,CENTRAL PENN INST OF SCI & TECH PNP     ,PA,16823-0000,Public       ,17,43,60,30,77,107
00534100,UPPER BUCKS CO AREA VOC-TECH SCHOOL     ,PA,18944-0000,Public       ,0,2,2,1,2,3
00536500,YORK CO AREA VOC-TECH SCH-PRAC NSG      ,PA,17402-0000,Public       ,6,42,48,7,59,66
00594200,UPMC PRESBYTERIAN SCH OF RADIOLOGIC     ,PA,15213-2582,Private      ,8,12,20,22,23,45
00594600,SCHOOL OF RADIOLOGIC TECHNOLOGY AT ST. C,PA,19134-1995,Proprietary  ,11,20,31,19,36,55
00653400,CITIZENS SCHOOL OF NURSING              ,PA,15068-6591,Private      ,49,74,123,78,126,204
00653700,CONEMAUGH VLY MEM HOSP SCH NRSNG        ,PA,15905-4398,Private      ,48,66,114,85,119,204
00653702,CONEMAUGH HOSP- SCH HISTOTECHNOLOGY     ,PA,15905-0000,Private      ,4,2,6,4,3,7
00653704,CONEMAUGH VLY MEM HOSP SCH RAD TECH     ,PA,15905-0000,Private      ,14,5,19,22,10,32
00653706,CONEMAUGH VLY MEM HOSP SCH  MED TECH    ,PA,15905-4398,Private      ,4,1,5,8,2,10
00653900,EPISCOPAL HOSPITAL SCHL OF NURSING      ,PA,19125-1000,Private      ,6,44,50,11,85,96
00655100,ST MARGARET SCHL OF NURSING             ,PA,15238-3205,Private      ,30,50,80,53,115,168
00656000,OHIO VALLEY HOSP SCH OF NURSING         ,PA,15136-1694,Private      ,21,31,52,31,44,75
00656500,READING HOSPITAL SCHOOL OF HEALTH SCIENC,PA,19611-1744,Private      ,81,137,218,184,268,452
00657400,"ST LUKE'S HOSPITAL OF BETHLEHEM, PA     ",PA,18015-1065,Private      ,47,80,127,79,132,211
00657600,SEWICKLEY VALLEY HOSP SCH NRSNG         ,PA,15143-1498,Private      ,29,34,63,53,62,115
00657700,UPMC SHADYSIDE SCHOOL OF NURSING        ,PA,15232-1381,Private      ,46,88,134,94,179,273
00657800,SHARON REGIONAL SCHOOL OF NURSING       ,PA,16146-3395,Private      ,9,14,23,18,38,56
00658200,WASHINGTON HOSP SCH OF NURSING          ,PA,15301-3398,Private      ,33,72,105,51,130,181
00658202,WASHINGTON HOSP SCH OF RAD TECH         ,PA,15301-3398,Private      ,6,7,13,12,11,23
00658300,WESTERN PENN HOSP-SCH OF NURSING        ,PA,15224-1790,Private      ,61,63,124,100,112,212
00680700,COMMUNITY COLLEGE OF BEAVER COUNTY      ,PA,15061-2588,Public       ,592,520,1112,928,838,1766
00681000,LEHIGH CARBON COMMUNITY COLLEGE         ,PA,18078-2598,Public       ,1206,1030,2236,1989,1730,3719
00681100,LUZERNE COUNTY COMMUNITY COLLEGE        ,PA,18634-3899,Public       ,1483,1113,2596,2337,1867,4204
00708700,ABINGTON MEM HOSP SCHL OF NURSING       ,PA,19090-1284,Private      ,48,138,186,89,236,325
00709000,METHODIST HOSPITAL SCH OF NURSING       ,PA,19148-3594,Private      ,4,8,12,4,17,21
00709100,EVEREST INSTITUTE                       ,PA,15222-1320,Proprietary  ,51,320,371,59,358,417
00711000,DELAWARE COUNTY COMMUNITY COLLEGE       ,PA,19063-1094,Public       ,1543,1632,3175,2602,2772,5374
00719100,NORTHAMPTON COMMUNITY COLLEGE           ,PA,18020-7599,Public       ,1762,1267,3029,3547,2649,6196
00739802,KATHERINE GIBBS-PHILADELPHIA            ,PA,19403-2422,Proprietary  ,60,80,140,165,281,446
00743000,ANTONELLI INST OF ART & PHOTOGRAPHY     ,PA,19038-8242,Proprietary  ,106,11,117,209,15,224
00743600,KAPLAN CAREER INSTITUTE - ICM CAMPUS    ,PA,15222-1977,Proprietary  ,213,406,619,328,661,989
00743700,PITTSBURGH TECHNICAL INSTITUTE          ,PA,15071-3205,Proprietary  ,836,214,1050,2096,601,2697
00746900,"HUSSIAN SCHOOL OF ART, INC.             ",PA,19106-0000,Proprietary  ,77,13,90,117,21,138
00747000,"ART INSTITUTE OF PITTSBURGH, THE        ",PA,15219-1328,Proprietary  ,2125,4686,6811,3927,6883,10810
00752900,CTR ART TCH BRDYWN CMPS PRC NRS PRG     ,PA,19320-2459,Public       ,15,68,83,18,101,119
00775900,LINCOLN TECHNICAL INSTITUTE             ,PA,18104-3298,Proprietary  ,142,200,342,250,297,547
00777900,LANSDALE SCHOOL OF BUSINESS             ,PA,19454-4148,Proprietary  ,41,146,187,47,183,230
00778000,NEW CASTLE SCHOOL OF TRADES             ,PA,16143-9721,Proprietary  ,122,218,340,144,245,389
00778100,CHI INSTITUTE/RETS CAMPUS               ,PA,19008-3516,Proprietary  ,97,188,285,133,310,443
00783200,LINCOLN TECH INSTITUTE                  ,PA,19136-1595,Proprietary  ,186,151,337,275,217,492
00783900,TRIANGLE TECH                           ,PA,15214-3897,Proprietary  ,105,73,178,124,87,211
00791200,THADDEUS STEVENS CLG OF TECHNOLOGY      ,PA,17602-0000,Public       ,421,111,532,834,224,1058
00791600,FRANKLIN CNTY CAREER & TECH CTR-PNP     ,PA,17201-0000,Public       ,7,15,22,7,18,25
00820000,JAMESON MEMORIAL HOSP SCH NURSING       ,PA,16105-2595,Private      ,18,44,62,32,91,123
00826301,AWARD BEAUTY SCHOOL - CHAMBERSBURG BEAUT,PA,17201-2435,Proprietary  ,2,1,3,2,3,5
00835000,ART INSTITUTE OF PHILADELPHIA           ,PA,19103-5198,Proprietary  ,1231,663,1894,2968,1406,4374
00844100,ANTHEM INSTITUTE                        ,PA,19064-1243,Proprietary  ,138,233,371,199,362,561
00856800,MEDIAN SCHOOL                           ,PA,15222-3400,Proprietary  ,113,40,153,247,96,343
00865300,JEFFERSON CO DUBOIS VOC TECH-PR NSG     ,PA,15851-0000,Public       ,11,30,41,16,53,69
00888900,LEHIGH VALLEY COLLEGE                   ,PA,18034-8447,Proprietary  ,27,30,57,207,216,423
00895500,PRUONTOS HAIR DESIGN INSTITUTE & BEAUTY ,PA,16602-0000,Proprietary  ,5,11,16,10,14,24
00915705,WYOMING TECHNICAL INSTITUTE - BLAIRSVILL,PA,15717-8060,Proprietary  ,61,20,81,61,20,81
00918600,DEAN INSTITUTE OF TECHNOLOGY            ,PA,15226-1197,Proprietary  ,14,49,63,20,64,84
00944900,PENNCO TECH                             ,PA,19007-0000,Proprietary  ,134,161,295,145,167,312
00966400,EMPIRE BEAUTY SCHOOL                    ,PA,18052-5730,Proprietary  ,54,89,143,61,105,166
00966500,EMPIRE BEAUTY SCHOOL                    ,PA,17109-2210,Proprietary  ,23,81,104,29,112,141
00966600,EMPIRE BEAUTY SCHOOL                    ,PA,19605-2803,Proprietary  ,41,84,125,64,113,177
00972100,BRADFORD SCHOOL                         ,PA,15219-2602,Proprietary  ,325,59,384,619,110,729
00972300,FRANKFORD HOSP SCH OF NURSING           ,PA,19124-2696,Private      ,90,122,212,181,223,404
00978300,GORDON PHILLIPS SCH OF BEAUTY CULT      ,PA,19135-0000,Proprietary  ,107,113,220,125,144,269
00986301,LANCASTER INSTITUTE FOR HEALTH EDUC     ,PA,17602-4955,Private      ,104,176,280,247,376,623
01000600,GREATER JOHNSTOWN AREA VOC TECH SCH     ,PA,15904-0000,Public       ,24,89,113,37,152,189
01005500,CRAWFORD CNTY AREA VO-TECH PRAC NUR     ,PA,16335-0000,Public       ,7,21,28,8,26,34
01017600,WESTMORELAND COUNTY COMMUNITY CLG       ,PA,15697-1895,Public       ,1179,999,2178,1782,1769,3551
01038800,READING AREA COMMUNITY COLLEGE          ,PA,19603-1706,Public       ,651,1121,1772,1120,1794,2914
01054100,EMPIRE BEAUTY SCHOOL                    ,PA,15146-2229,Proprietary  ,67,100,167,75,129,204
01054200,EMPIRE BEAUTY SCHOOL                    ,PA,18701-0000,Proprietary  ,77,72,149,105,118,223
01054300,EMPIRE BEAUTY SCHOOL                    ,PA,17701-3914,Proprietary  ,51,57,108,63,83,146
01081400,PITTSBURGH INST MORTUARY SCIENCE        ,PA,15206-3706,Private      ,22,56,78,55,108,163
01086000,GREATER ALTOONA CAREER/TECH CENTER      ,PA,16602-0000,Public       ,34,96,130,45,135,180
01096300,GREENE COUNTY VOC-TECH SCHOOL           ,PA,15370-0000,Public       ,5,21,26,5,22,27
01097000,EMPIRE BEAUTY SCHOOL                    ,PA,17042-5209,Proprietary  ,14,16,30,16,18,34
01099800,PENNSYLVANIA INSTITUTE OF TECH          ,PA,19063-4098,Private      ,256,346,602,332,452,784
01102000,EMPIRE BEAUTY SCHOOL                    ,PA,17604-4335,Proprietary  ,19,21,40,27,37,64
01102100,EMPIRE BEAUTY SCHOOL                    ,PA,17402-2862,Proprietary  ,67,141,208,78,208,286
01162100,AUTOMOTIVE TRAINING CENTER              ,PA,19341-1310,Proprietary  ,280,80,360,383,111,494
01162200,WELDER TRAINING & TESTING INST          ,PA,18109-3253,Proprietary  ,14,11,25,16,13,29
01163800,EMPIRE BEAUTY SCHOOL                    ,PA,17876-0000,Proprietary  ,16,19,35,21,28,49
01171500,POTTSVILLE HOSPITAL SCHOOL OF NURSING   ,PA,17901-3692,Private      ,17,24,41,49,45,94
01191900,BEAVER FALLS BEAUTY ACADEMY             ,PA,15010-4208,Proprietary  ,6,14,20,6,23,29
01205000,ROSEDALE TECHNICAL INSTITUTE            ,PA,15205-9791,Private      ,96,68,164,126,98,224
01239300,THOMAS JEFF UNIV-CLG ALLIED HEALTH      ,PA,19107-0000,Private      ,103,256,359,350,759,1109
01239301,JEFFERSON MED CLG-T. JEFFERSON UNIV     ,PA,19107-5587,Private      ,43,425,468,126,1353,1479
01239303,THOMAS JEFFERSON UNIV-GRADUATE COLG     ,PA,19107-0000,Private      ,50,281,331,165,811,976
01246104,LINCOLN TECHNICAL INSTITUTE             ,PA,19104-0202,Proprietary  ,59,115,174,86,135,221
01246105,LINCOLN TECHNICAL INSTITUTE             ,PA,19116-4202,Proprietary  ,72,100,172,101,139,240
01252300,TALMUDICAL YESHIVA OF PHILA             ,PA,19131-1296,Private      ,0,0,0,1,1,2
01260500,EMPIRE BEAUTY SCHOOL                    ,PA,17331-2405,Proprietary  ,21,31,52,29,40,69
01260600,EMPIRE BEAUTY SCHOOL                    ,PA,17901-2505,Proprietary  ,52,115,167,65,174,239
01260700,EMPIRE BEAUTY SCHOOL                    ,PA,16801-5218,Proprietary  ,13,12,25,14,14,28
01292900,SOUTH HILLS BEAUTY ACADEMY              ,PA,15216-2335,Proprietary  ,8,8,16,11,12,23
01301500,GORDON PHILLIPS SCH BEAUTY CULTURE      ,PA,19102-2701,Proprietary  ,70,147,217,91,215,306
01313400,YESHIVATH BETH MOSHE                    ,PA,18505-2196,Private      ,0,1,1,1,1,2
01321400,ROXBOROUGH MEM HOSP SCH OF NURSING      ,PA,19128-0000,Proprietary  ,22,96,118,58,184,242
01326300,SOUTH HILLS SCH OF BUS & TECHNOLOGY     ,PA,16801-4516,Proprietary  ,283,177,460,427,318,745
01326304,SOUTH HILLS SCHOOL OF BUSINESS & TECHNOL,PA,16602-1188,Proprietary  ,17,11,28,30,21,51
02061000,VENUS BEAUTY ACADEMY                    ,PA,19079-0000,Proprietary  ,22,7,29,25,8,33
02068300,DOUGLAS SCHOOL OF BUSINESS              ,PA,15062-0000,Proprietary  ,90,97,187,153,151,304
02068301,DOUGLAS EDUCATION CENTER - DOUGLAS SCHOO,PA,15062-9901,Proprietary  ,22,24,46,22,24,46
02090200,TRIANGLE TECH                           ,PA,16502-0000,Proprietary  ,75,77,152,99,105,204
02092500,LAUREL TECHNICAL INSTITUTE              ,PA,16146-0000,Proprietary  ,27,73,100,30,118,148
02092502,BUSINESS INSTITUTE OF PENNSYLVANIA      ,PA,16335-0000,Proprietary  ,3,5,8,3,18,21
02107300,PENNSYLVANIA ACADEMY OF FINE ARTS       ,PA,19102-1424,Private      ,49,36,85,189,221,410
02112200,GREAT LAKES INSTITUTE OF TECHNOLOGY     ,PA,16509-0000,Proprietary  ,121,152,273,166,199,365
02114200,JOHNSON COLLEGE                         ,PA,18508-0000,Private      ,223,88,311,363,119,482
02116001,SANFORD-BROWN INSTITUTE - TREVOSE       ,PA,19053-4700,Proprietary  ,166,346,512,260,723,983
02118000,LEVITTOWN BEAUTY ACADEMY LLC            ,PA,19054-1713,Proprietary  ,1,5,6,3,5,8
02119300,PA ACAD OF COSMETOLOGY ARTS & SCI       ,PA,15904-0000,Proprietary  ,31,31,62,39,42,81
02119301,PA ACAD OF COSMTLGY ARTS & SCI          ,PA,15801-0000,Proprietary  ,1,0,1,1,0,1
02120800,"YORKTOWNE BUSINESS INSTITUTE, INC.      ",PA,17404-0000,Proprietary  ,66,107,173,80,128,208
02127400,YORK TECHNICAL INSTITUTE                ,PA,17402-0000,Proprietary  ,512,361,873,796,673,1469
02129000,TRIANGLE TECH                           ,PA,15601-0000,Proprietary  ,166,157,323,200,180,380
02129001,TRIANGLE TECH - BUSINESS CAREERS INSTITU,PA,15601-3304,Proprietary  ,1,2,3,2,2,4
02144000,"VISION ACADEMY, THE                     ",PA,18103-0000,Proprietary  ,20,18,38,29,23,52
02147800,SCHUYLKILL INST BUSINESS & TECHNLGY     ,PA,17901-0000,Proprietary  ,0,0,0,0,1,1
02149000,EMPIRE BEAUTY SCHOOL                    ,PA,19341-2804,Proprietary  ,25,33,58,32,55,87
02151500,CENTRAL SUSQUEHANNA LPN CENTER          ,PA,17847-0000,Public       ,12,50,62,20,124,144
02153500,OAKBRIDGE ACADEMY OF ARTS               ,PA,15068-0000,Proprietary  ,41,6,47,64,12,76
02158300,JUNIATA-MIFFLIN CO AREA VOC TECH        ,PA,17044-0000,Public       ,4,23,27,9,40,49
02161400,NORTHEASTERN HOSP SCH OF NRSG           ,PA,19134-0000,Private      ,29,59,88,50,121,171
02169600,CLEARFIELD CTY CAREER AND TECH CNTR     ,PA,16830-0000,Public       ,21,38,59,27,63,90
02174400,TRIANGLE TECH                           ,PA,15801-0000,Proprietary  ,205,132,337,254,156,410
02178900,ACADEMY OF HAIR DESIGN                  ,PA,18202-1465,Proprietary  ,7,7,14,8,8,16
02183000,ORLEANS TECHNICAL INSTITUTE             ,PA,19111-0000,Private      ,35,121,156,50,159,209
02192800,WALNUT HILL COLLEGE                     ,PA,19104-0000,Proprietary  ,189,80,269,379,142,521
02202300,SANFORD-BROWN INSTITUTE                 ,PA,15219-1907,Proprietary  ,153,279,432,236,563,799
02202301,SANFORD-BROWN INSTITUTE                 ,PA,15146-2141,Proprietary  ,104,217,321,130,349,479
02203900,ERIE INSTITUTE OF TECHNOLOGY            ,PA,16565-1002,Proprietary  ,51,109,160,86,142,228
02206200,AMBLER BEAUTY ACADEMY                   ,PA,19002-0000,Proprietary  ,4,10,14,6,12,18
02206300,STROUDSBURG SCHOOL OF COSMETOLOGY       ,PA,18360-0000,Proprietary  ,3,5,8,4,6,10
02212700,LANCASTER SCHOOL OF COSMETOLOGY         ,PA,17602-0000,Proprietary  ,15,17,32,19,24,43
02213400,PROFESSIONAL SKILLS CAREER ACADEMY      ,PA,16148-0000,Proprietary  ,2,3,5,5,7,12
02234200,ACADEMY OF MEDICAL ARTS & BUSINESS      ,PA,17112-0000,Proprietary  ,58,93,151,61,97,158
02251200,SCHUYLKILL COUNTY AREA VOC TECH SCH     ,PA,17931-0000,Public       ,11,39,50,18,53,71
02251202,SCHUYLKILL COUNTY AREA VOC TECH SCH     ,PA,17931-0000,Public       ,6,10,16,7,12,19
02253900,BERKS TECHNICAL INSTITUTE               ,PA,19610-0000,Proprietary  ,175,156,331,322,405,727
02255200,PENNSYLVANIA SCHOOL OF BUSINESS         ,PA,18101-1604,Proprietary  ,35,172,207,52,263,315
02269900,PENNSYLVANIA COLLEGE OF ART & DESIGN    ,PA,17603-3528,Private      ,134,28,162,309,50,359
02270500,BUCKS COUNTY SCHOOL OF BEAUTY CULT      ,PA,19053-0000,Proprietary  ,10,8,18,11,12,23
02273400,RECONSTRUCTIONIST RABBINICAL COLLEG     ,PA,19095-0000,Private      ,0,10,10,0,13,13
02276600,HANOVER PUBLIC SCH DIST PRAC NURSG      ,PA,17331-0000,Public       ,5,12,17,8,18,26
02282500,LENAPE SCHOOL OF PRACTICAL NURSING      ,PA,16226-0000,Public       ,11,52,63,15,108,123
02288800,EMPIRE BEAUTY SCHOOL                    ,PA,18974-4508,Proprietary  ,24,20,44,25,25,50
02289500,PACE INSTITUTE                          ,PA,19601-0000,Proprietary  ,21,156,177,29,203,232
02289600,CONSOLIDATED SCHOOL OF BUSINESS         ,PA,17404-0000,Proprietary  ,29,48,77,35,87,122
02289700,ACADEMY OF CREATIVE HAIR DESIGN         ,PA,18702-0000,Proprietary  ,11,7,18,12,13,25
02289800,CHI INSTITUTE - FRANKLIN MILLS          ,PA,19154-0000,Proprietary  ,192,482,674,251,665,916
02290400,"ALTOONA BEAUTY SCHOOL, INC              ",PA,16602-0000,Proprietary  ,15,27,42,26,31,57
02292700,LANSDALE SCHOOL OF COSMETOLOGY          ,PA,19446-0000,Proprietary  ,7,11,18,9,13,22
02299300,TRINITY EPISCOPAL SCHOOL MINISTRY       ,PA,15003-0000,Private      ,0,26,26,1,39,40
02301300,PJA SCHOOL (THE)                        ,PA,19082-1917,Proprietary  ,39,121,160,51,206,257
02304400,YTI CAREER INSTITUTE - MECHANICSBURG    ,PA,17055-0000,Proprietary  ,69,56,125,125,154,279
02306200,VENANGO COUNTY AREA VOC TECH SCHOOL     ,PA,16301-0000,Public       ,3,18,21,6,23,29
02310800,LANCASTER COUNTY CAREER & TECH CTR      ,PA,17584-0000,Public       ,53,187,240,78,305,383
02330300,LEBANON CO CAREER & TECHNOLOGY CTR      ,PA,17042-0000,Public       ,14,60,74,16,81,97
02330600,PENNSYLVANIA GUNSMITH SCHOOL            ,PA,15202-0000,Proprietary  ,15,16,31,25,25,50
02350100,WESTERN AREA CAREER & TECHNOLOGY CT     ,PA,15317-0000,Public       ,10,29,39,17,48,65
02350200,INDIANA COUNTY TECH CTR SCH PR NSG      ,PA,15701-1465,Public       ,9,11,20,17,17,34
02353100,NORTHERN TIER CAREER CENTER             ,PA,18848-0000,Public       ,9,21,30,17,45,62
02361002,ITT TECHNICAL INSTITUTE                 ,PA,19406-0000,Proprietary  ,121,134,255,174,177,351
02362300,MERCER COUNTY AREA VOC TECH SCHOOL      ,PA,16137-0000,Public       ,12,21,33,13,37,50
02492500,DELAWARE VLY ACAD MED DNTL ASSTS        ,PA,19114-0000,Proprietary  ,11,28,39,13,38,51
02492600,EASTERN CTR ARTS AND TECH PR NSG        ,PA,19090-0000,Public       ,7,63,70,10,100,110
02495500,ALL-STATE CAREER SCHOOL                 ,PA,19029-0000,Proprietary  ,78,266,344,82,271,353
02529800,WILKES BARRE AREA CAREER AND TECHNICAL C,PA,18705-0000,Public       ,16,68,84,28,97,125
02536600,COMMONWEALTH TECH INSTIT @ HIRAM G      ,PA,15905-0000,Public       ,84,44,128,119,74,193
02539900,STAR TECHNICAL INSTITUTE                ,PA,19082-0000,Proprietary  ,13,64,77,20,93,113
02544300,BUTLER BEAUTY SCHOOL                    ,PA,16001-0000,Proprietary  ,22,24,46,28,38,66
02545000,LAWRENCE COUNTY CAREER AND TECHNICAL CEN,PA,16101-0000,Public       ,6,39,45,8,51,59
02546200,LAUREL BUSINESS INSTITUTE               ,PA,15401-0877,Proprietary  ,91,151,242,143,212,355
02550000,CLARION CO AREA VOC-TECH PRAC NRSG      ,PA,16254-0000,Public       ,3,21,24,7,25,32
02554500,HAZLETON AREA VOC TECH SCH PR NSG       ,PA,18201-1597,Public       ,1,17,18,5,22,27
02557800,ART INSTITUTE OF YORK (THE) - PENNSYLVAN,PA,17402-9012,Proprietary  ,294,71,365,596,141,737
02566400,ALBERT EINSTEIN MED CTR DEPT DNTL       ,PA,19141-3098,Private      ,4,9,13,5,17,22
02574800,PENNSYLVANIA INSTITUTE OF TAXIDERMY     ,PA,15931-0000,Proprietary  ,1,2,3,4,5,9
02609500,CAREER TRAINING ACADEMY                 ,PA,15068-6308,Proprietary  ,24,47,71,36,99,135
02609501,CAREER TRAINING ACADEMY                 ,PA,15146-0000,Proprietary  ,2,1,3,3,2,5
02615400,STAR TECHNICAL INSTITUTE                ,PA,19114-2204,Proprietary  ,39,167,206,47,233,280
02616100,JEAN MADELINE ED CTR FOR COSM           ,PA,19147-1542,Proprietary  ,119,73,192,209,139,348
03006800,PENNSYLVANIA CULINARY INSTITUTE         ,PA,15222-3511,Proprietary  ,388,440,828,787,785,1572
03010800,TRI-STATE BUSINESS INSTITUTE            ,PA,16506-1013,Proprietary  ,348,768,1116,466,1195,1661
03011500,ALLIED MEDICAL AND TECHNICAL INSTITUTE  ,PA,18702-0000,Proprietary  ,107,138,245,116,151,267
03011600,ALLIED MEDICAL AND TECHNICAL INSTITUTE  ,PA,18509-2903,Proprietary  ,104,93,197,124,140,264
03029900,CONSOLIDATED SCHOOL OF BUSINESS         ,PA,17603-2389,Proprietary  ,30,83,113,38,114,152
03031600,DPT BUSINESS SCHOOL                     ,PA,19116-3961,Proprietary  ,18,97,115,19,104,123
03031601,DPT BUSINESS SCHOOL                     ,PA,19106-0000,Proprietary  ,15,64,79,15,65,80
03067000,ANTONELLI MEDICAL & PROF INST           ,PA,19464-9244,Proprietary  ,4,4,8,6,7,13
03072400,ALL-STATE CAREER SCHOOL                 ,PA,15122-1000,Proprietary  ,3,34,37,3,34,37
03072600,DCI CAREER INSTITUTE                    ,PA,15061-2307,Proprietary  ,9,51,60,15,69,84
03081900,YTI CAREER INSTITUTE - ALTOONA          ,PA,16602-4457,Proprietary  ,54,73,127,80,182,262
03090800,LAKE ERIE COLL OF OSTEOPATHIC MED       ,PA,16509-0000,Private      ,26,910,936,78,2410,2488
03098600,CAREER TECH CTR OF LACKAWANNA CNTY      ,PA,18508-0000,Public       ,16,28,44,19,53,72
03101500,BIDWELL TRAINING CENTER                 ,PA,15233-2233,Private      ,6,6,12,15,12,27
03103300,JNA INSTITUTE OF CULINARY ARTS          ,PA,19146-3119,Proprietary  ,27,43,70,52,75,127
03109100,METROPOLITAN CAREER CENTER              ,PA,19144-0000,Private      ,16,67,83,18,94,112
03110700,AVIATION INSTITUTE OF MAINTENANCE       ,PA,19114-1017,Proprietary  ,49,128,177,56,149,205
03120400,REGIONAL CAREER & TECHNICAL CENTER      ,PA,16509-4699,Public       ,1,4,5,3,4,7
03126000,CENTER FOR INNOVATIVE TRAINING & ED     ,PA,19106-4414,Proprietary  ,0,1,1,1,2,3
03128400,DELAWARE COUNTY TECHNICAL SCHOOL        ,PA,19032-1998,Public       ,8,62,70,18,106,124
03180400,PENNSYLVANIA HIGHLANDS COMMUNITY COLLEGE,PA,15904-2927,Public       ,265,231,496,461,437,898
03236400,LT INTERNATIONAL BEAUTY SCHOOL          ,PA,19130-2235,Proprietary  ,0,7,7,2,7,9
03353300,ACADEMY OF VOCAL ARTS                   ,PA,19103-6685,Private      ,1,4,5,3,18,21
03439400,NAWCC SCHOOL OF HOROLOGY                ,PA,17512-2130,Private      ,0,0,0,0,3,3
03503300,WINNER INSTITUTE OF ARTS & SCIENCES     ,PA,16154-1811,Private      ,5,2,7,9,3,12
03535300,HUNTINGDON COUNTY CAREER AND TECHNO     ,PA,17060-0905,Public       ,3,2,5,7,22,29
03561400,SUSQUEHANNA COUNTY CAREER & TECHNOL     ,PA,18816-0100,Public       ,1,3,4,3,4,7
03766300,PENNSYLVANIA SCHOOL OF MUSCLE THERAPY   ,PA,19406-3101,Proprietary  ,13,21,34,18,31,49
03899300,CALVARY BAPTIST THEOLOGICAL SEMINARY    ,PA,19446-4718,Private      ,0,3,3,0,5,5
03923300,PRECISION MANUFACTURING INSTITUTE       ,PA,16335-8380,Private      ,6,15,21,11,23,34
03948300,HARRISBURG UNIVERSITY OF SCIENCE AND TEC,PA,17101-2116,Private      ,54,50,104,134,93,227
03949300,WON INSTITUTE OF GRADUATE STUDIES       ,PA,19038-4535,Private      ,0,14,14,0,19,19
03950500,NORTHWEST REGIONAL TECHNOLOGY INSTITUTE ,PA,16508-2820,Proprietary  ,1,3,4,2,3,5
03952300,NATIONAL MASSAGE THERAPY INSTITUTE      ,PA,19116-3965,Proprietary  ,39,112,151,44,135,179
04119900,PENNSYLVANIA MYOTHERAPY INSTITUTE       ,PA,17350-8426,Proprietary  ,1,3,4,2,10,12
04127500,CAREER DEVELOPMENT & EMPLOYMENT         ,PA,18702-5253,Proprietary  ,1,5,6,2,10,12
00267813,BRYANT & STRATTON COLLEGE - MIL DOWNTOWN,WI,53203-2608,Proprietary  ,201,551,752,319,1176,1495
00383200,ALVERNO COLLEGE                         ,WI,53234-3922,Private      ,369,558,927,1202,1521,2723
00383500,BELOIT COLLEGE                          ,WI,53511-5595,Private      ,280,23,303,1878,59,1937
00383700,CARDINAL STRITCH UNIVERSITY             ,WI,53217-9884,Private      ,305,1155,1460,793,2085,2878
00383800,CARROLL UNIVERSITY                      ,WI,53186-5593,Private      ,735,207,942,2834,492,3326
00383900,CARTHAGE COLLEGE                        ,WI,53141-0000,Private      ,773,184,957,3531,338,3869
00384000,WESTERN TECHNICAL COLLEGE               ,WI,54601-0908,Public       ,601,712,1313,1035,1085,2120
00384200,CONCORDIA UNIVERSITY WISCONSIN          ,WI,53097-2402,Private      ,643,906,1549,1816,1587,3403
00384800,EDGEWOOD COLLEGE                        ,WI,53711-1958,Private      ,389,293,682,1360,609,1969
00385000,SILVER LAKE COLLEGE                     ,WI,54220-9319,Private      ,59,120,179,159,246,405
00385400,LAKELAND COLLEGE                        ,WI,53082-0000,Private      ,289,571,860,1037,1046,2083
00385600,LAWRENCE UNIVERSITY                     ,WI,54912-0599,Private      ,345,15,360,2149,48,2197
00386100,MARIAN UNIVERSITY                       ,WI,54935-4699,Private      ,296,309,605,1104,740,1844
00386300,MARQUETTE UNIVERSITY                    ,WI,53201-0000,Private      ,598,717,1315,10463,3362,13825
00386600,MILWAUKEE AREA TECH COLLEGE             ,WI,53233-1443,Public       ,1544,3964,5508,2671,6780,9451
00386800,MILWAUKEE SCHOOL OF ENGINEERING         ,WI,53202-3109,Private      ,289,155,444,2369,407,2776
00386900,MOUNT MARY COLLEGE                      ,WI,53222-4597,Private      ,199,407,606,663,928,1591
00387400,NASHOTAH HOUSE                          ,WI,53058-0000,Private      ,0,14,14,0,29,29
00387500,NORTHLAND COLLEGE                       ,WI,54806-3999,Private      ,153,37,190,713,90,803
00388400,RIPON COLLEGE                           ,WI,54971-0248,Private      ,197,11,208,1151,39,1190
00389200,ST. NORBERT COLLEGE                     ,WI,54115-2002,Private      ,496,41,537,2082,77,2159
00389500,UNIVERSITY OF WISCONSIN-MADISON         ,WI,53715-1382,Public       ,4889,2926,7815,18629,8424,27053
00389600,UNIVERSITY OF WISCONSIN-MILWAUKEE       ,WI,53201-3165,Public       ,4458,2863,7321,13004,6972,19976
00389700,UNIVERSITY OF WISCONSIN COLLEGES        ,WI,53708-8680,Public       ,464,377,841,1147,729,1876
00389701,UNIVERSITY OF WISCONSIN-BARABOO         ,WI,53913-1098,Public       ,84,54,138,190,103,293
00389702,UNIVERSITY OF WISCONSIN-BARRON          ,WI,54868-2497,Public       ,90,43,133,160,74,234
00389703,UNIVERSITY OF WISCONSIN-FOND DU LAC     ,WI,54935-2998,Public       ,152,72,224,317,118,435
00389704,UNIVERSITY OF WISCONSIN-FOX VALLEY      ,WI,54952-1297,Public       ,249,136,385,553,256,809
00389705,UNIVERSITY OF WISCONSIN-MANITOWOC       ,WI,54220-6699,Public       ,88,48,136,187,80,267
00389706,UNIVERSITY OF WISCONSIN-MARATHON        ,WI,54401-5396,Public       ,292,106,398,533,170,703
00389707,UNIVERSITY OF WISCONSIN-MARINETTE       ,WI,54143-4299,Public       ,78,30,108,184,54,238
00389708,UNIVERSITY OF WISCONSIN-MARSHFIELD      ,WI,54449-3310,Public       ,86,52,138,199,93,292
00389709,UNIVERSITY OF WISCONSIN-RICHLAND        ,WI,53581-1399,Public       ,104,22,126,201,44,245
00389710,UNIVERSITY OF WISCONSIN COLLEGES - ROCK ,WI,53546-5699,Public       ,178,91,269,342,168,510
00389711,UNIVERSITY OF WISCONSIN-SHEBOYGAN       ,WI,53081-4789,Public       ,90,65,155,230,124,354
00389712,UNIVERSITY OF WISCONSIN-WASHINGTON      ,WI,53095-3699,Public       ,124,46,170,298,89,387
00389713,UNIVERSITY OF WISCONSIN-WAUKESHA        ,WI,53188-2799,Public       ,282,114,396,583,214,797
00389900,UNIVERSITY OF WISCONSIN-GREEN BAY       ,WI,54311-7001,Public       ,1366,549,1915,3561,1112,4673
00391100,VITERBO UNIVERSITY                      ,WI,54601-4777,Private      ,179,267,446,1415,702,2117
00391500,UNIVERSITY OF WISCONSIN-STOUT           ,WI,54751-0790,Public       ,1758,636,2394,4623,1144,5767
00391700,UNIVERSITY OF WISCONSIN-EAU CLAIRE      ,WI,54702-4004,Public       ,2502,539,3041,6827,1040,7867
00391900,UNIVERSITY OF WISCONSIN-LA CROSSE       ,WI,54601-3742,Public       ,1566,500,2066,5933,1042,6975
00392000,UNIVERSITY OF WISCONSIN-OSHKOSH         ,WI,54901-8604,Public       ,1858,876,2734,5618,1927,7545
00392100,UNIVERSITY OF WISCONSIN-PLATTEVILLE     ,WI,53818-3099,Public       ,1453,467,1920,4225,862,5087
00392300,UNIVERSITY OF WISCONSIN-RIVER FALLS     ,WI,54022-5013,Public       ,1528,387,1915,3669,652,4321
00392400,UNIVERSITY OF WISCONSIN-STEVENS POINT   ,WI,54481-3871,Public       ,2173,674,2847,5408,1165,6573
00392500,UNIVERSITY OF WISCONSIN-SUPERIOR        ,WI,54880-2898,Public       ,518,417,935,1123,741,1864
00392600,UNIVERSITY OF WISCONSIN-WHITEWATER      ,WI,53190-1792,Public       ,1859,594,2453,6401,1378,7779
00400700,MADISON AREA TECHNICAL COLLEGE          ,WI,53704-2599,Public       ,1356,1739,3095,2277,2729,5006
00501500,UNIVERSITY OF WISCONSIN-PARKSIDE        ,WI,53141-2000,Public       ,990,672,1662,2313,1166,3479
00529400,WAUKESHA COUNTY TECHNICAL COLLEGE       ,WI,53072-4696,Public       ,434,723,1157,726,1131,1857
00530100,NORTHEAST WISCONSIN TECHNICAL COLLEGE   ,WI,54307-9042,Public       ,776,1189,1965,1324,2016,3340
00530400,CHIPPEWA VALLEY TECHNICAL COLLEGE       ,WI,54701-6162,Public       ,869,1031,1900,1441,1741,3182
00538000,MID-STATE TECHNICAL COLLEGE             ,WI,54494-5512,Public       ,268,578,846,436,893,1329
00538400,NICOLET AREA TECHNICAL COLLEGE          ,WI,54501-0000,Public       ,164,214,378,301,346,647
00538700,NORTHCENTRAL TECHNICAL COLLEGE          ,WI,54401-1899,Public       ,317,580,897,508,936,1444
00538900,GATEWAY TECHNICAL COLLEGE               ,WI,53144-1690,Public       ,580,1763,2343,862,3022,3884
00539000,BLACKHAWK TECHNICAL COLLEGE             ,WI,53547-5009,Public       ,363,775,1138,542,1158,1700
00610800,BELLIN HOSP SCH OF RAD TECH             ,WI,54305-3505,Private      ,5,0,5,9,1,10
00611500,MERCY MED CTR SCH OF RAD TECH           ,WI,54904-3370,Private      ,3,1,4,11,5,16
00612601,ST LUKE'S MEDCL CTR SCHL RAD TECH       ,WI,53215-4330,Private      ,1,2,3,1,9,10
00612603,ST LUKE'S MED CTR SCH OF SONOGRAPHY     ,WI,53215-0000,Private      ,0,4,4,1,6,7
00613100,THEDA CLARK REG MED CTR SCH RAD TEC     ,WI,54957-0000,Private      ,0,2,2,1,5,6
00663900,BELLIN COLLEGE                          ,WI,54305-3400,Private      ,74,45,119,195,104,299
00766900,SOUTHWEST WISCONSIN TECH COLLEGE        ,WI,53809-0000,Public       ,272,275,547,464,412,876
00777400,SCIENTIFIC COLLEGE OF BEAUTY/BARBER     ,WI,54601-0000,Proprietary  ,6,18,24,13,26,39
00821700,WISCONSIN COLLEGE OF COSMETOLOGY        ,WI,54304-5531,Proprietary  ,24,13,37,32,23,55
00919400,LAKESHORE TECHNICAL COLLEGE             ,WI,53015-1412,Public       ,194,484,678,325,829,1154
00925600,MORAINE PARK TECHNICAL COLLEGE          ,WI,54936-0000,Public       ,318,656,974,523,1106,1629
00941900,STATE CLG OF BEAUTY CULT-WAUSAU         ,WI,54403-4667,Proprietary  ,10,18,28,17,19,36
00962100,HERZING COLLEGE                         ,WI,53718-4236,Proprietary  ,243,852,1095,397,1629,2026
00974400,FOX VALLEY TECHNICAL COLLEGE            ,WI,54913-0000,Public       ,854,1165,2019,1478,1964,3442
01091300,MADISON MEDIA INSTITUTE                 ,WI,53718-6787,Proprietary  ,122,63,185,190,98,288
01148400,ADVANCED INSTITUTE OF HAIR DESIGN       ,WI,53225-0000,Proprietary  ,34,31,65,57,45,102
01182400,WISCONSIN INDIANHEAD TECH CLG WITC      ,WI,54871-9300,Public       ,389,665,1054,637,1079,1716
01290600,MADISON COSMETOLOGY COLLEGE             ,WI,53711-1030,Proprietary  ,6,8,14,8,19,27
02077100,MILWAUKEE INST OF ART & DESIGN          ,WI,53202-0000,Private      ,112,32,144,686,121,807
02078000,SACRED HEART SCHOOL OF THEOLOGY         ,WI,53130-0000,Private      ,0,0,0,0,1,1
02136600,WISCONSIN LUTHERAN COLLEGE              ,WI,53226-0000,Private      ,200,16,216,737,46,783
02201803,KAPLAN COLLEGE - MILWAUKEE              ,WI,53212-3939,Proprietary  ,34,173,207,40,215,255
02239204,HIGH-TECH INSTITUTE - MILWAUKEE         ,WI,53005-4207,Proprietary  ,5,10,15,11,13,24
02271300,WI SCH OF PROFESSIONAL PSYCHOLOGY       ,WI,53225-0000,Private      ,0,35,35,3,52,55
02317200,MARANATHA BAPTIST BIBLE COLLEGE         ,WI,53094-0000,Private      ,231,32,263,463,45,508
02324700,MARTIN'S COLLEGE OF COSMETOLOGY         ,WI,53717-0000,Proprietary  ,38,58,96,48,79,127
02332100,MARTIN'S SCH HAIR DESIGN MANITOWOC      ,WI,54220-0000,Proprietary  ,45,53,98,56,64,120
02332101,MARTIN'S COLLEGE OF COSMETOLOGY -       ,WI,54914-4644,Proprietary  ,1,2,3,1,2,3
02453500,MEDICAL COLLEGE OF WISCONSIN            ,WI,53226-0000,Private      ,6,125,131,12,1096,1108
02494300,GILL-TECH ACADEMY OF HAIR DESIGN        ,WI,54911-0000,Proprietary  ,25,17,42,32,23,55
02503303,RASMUSSEN COLLEGE - MANKATO - GREEN BAY ,WI,54303-2349,Proprietary  ,45,153,198,72,267,339
02532200,LAC COURTE OREILLES OJIBWA CMTY CLG     ,WI,54843-0000,Public       ,22,71,93,30,139,169
03007400,LAKESIDE SCHOOL OF MASSAGE THERAPY      ,WI,53719-1103,Private      ,13,37,50,22,58,80
03061200,MIDWEST COLLEGE OF ORIENTAL MEDICINE    ,WI,53403-9747,Proprietary  ,2,65,67,5,79,84
03077600,MARTIN'S COLLEGE OF COSMETOLOGY         ,WI,54304-4838,Proprietary  ,55,110,165,74,135,209
03087500,ITT TECHNICAL INSTITUTE                 ,WI,53220-4612,Proprietary  ,414,828,1242,490,943,1433
03125100,COLLEGE OF MENOMINEE NATION             ,WI,54135-0000,Private      ,46,138,184,64,215,279
03125102,COLLEGE OF  THE MENOMINEE NATION - GREEN,WI,54304-4964,Private      ,6,24,30,12,37,49
03220300,PROFESSIONAL HAIR DESIGN ACADEMY        ,WI,54701-7633,Proprietary  ,34,31,65,43,41,84
03309300,MONTESSORI INSTITUTE OF MILWAUKEE       ,WI,53207-0000,Private      ,1,4,5,2,6,8
03808300,INSTITUTE OF BEAUTY AND WELLNESS (THE)  ,WI,53202-5715,Proprietary  ,20,27,47,37,50,87
03822300,FOUR SEASONS SALON & DAY SPA            ,WI,53566-0000,Proprietary  ,7,6,13,10,15,25
03872500,NORTHLAND INTERNATIONAL UNIVERSITY      ,WI,54119-9285,Private      ,136,13,149,254,20,274
03925300,BLUE SKY SCHOOL OF PROFESSIONAL MASSAGE ,WI,53024-2624,Private      ,10,28,38,23,48,71
04117400,MILWAUKEE CAREER COLLEGE                ,WI,53222-4305,Proprietary  ,11,85,96,19,116,135
04118600,ACADEMY OF COSMETOLOGY                  ,WI,53548-3307,Proprietary  ,10,24,34,13,28,41
04132600,WISCONSIN ACADEMY (THE)                 ,WI,54157-1726,Proprietary  ,4,10,14,4,10,14
00290500,NORTH CAROLINA A&T STATE UNIV           ,NC,27411-0001,Public       ,2548,1212,3760,11036,3068,14104
00290600,APPALACHIAN STATE UNIVERSITY            ,NC,28608-2059,Public       ,2066,831,2897,12350,2566,14916
00290700,UNIVERSITY OF NC AT ASHEVILLE           ,NC,28804-3299,Public       ,447,328,775,2668,942,3610
00290800,BARTON COLLEGE                          ,NC,27893-3104,Private      ,345,212,557,1292,445,1737
00291000,BELMONT ABBEY COLLEGE                   ,NC,28012-1802,Private      ,302,372,674,951,638,1589
00291100,BENNETT COLLEGE                         ,NC,27401-3239,Private      ,225,73,298,970,186,1156
00291200,BREVARD COLLEGE                         ,NC,28712-3306,Private      ,274,42,316,819,78,897
00291300,CAMPBELL UNIVERSITY                     ,NC,27506-0036,Private      ,696,740,1436,3573,2181,5754
00291400,CATAWBA COLLEGE                         ,NC,28144-2488,Private      ,223,157,380,1263,375,1638
00291500,CENTRAL PIEDMONT COMMUNITY COLLEGE      ,NC,28204-2297,Public       ,1670,3444,5114,3368,6201,9569
00291600,CHOWAN UNIVERSITY                       ,NC,27855-1850,Private      ,392,82,474,1396,164,1560
00291700,COLLEGE OF THE ALBEMARLE                ,NC,27909-2327,Public       ,176,360,536,394,743,1137
00291800,DAVIDSON COLLEGE                        ,NC,28035-7157,Private      ,355,18,373,2579,48,2627
00291900,DAVIDSON COUNTY COMMUNITY COLLEGE       ,NC,27293-0000,Public       ,267,702,969,646,1634,2280
00292000,DUKE UNIVERSITY                         ,NC,27708-0397,Private      ,1470,321,1791,11701,1014,12715
00292001,DUKE UNIV - SCHOOL OF MEDICINE          ,NC,27710-0000,Private      ,8,373,381,67,1176,1243
00292002,DUKE UNIV - SCHOOL OF LAW               ,NC,27708-0000,Private      ,6,196,202,30,2761,2791
00292003,DUKE UNIV - GRAD SCH ARTS & SCIENCE     ,NC,27708-0000,Private      ,8,208,216,55,622,677
00292004,DUKE UNIV - FUQUA SCH OF BUSINESS       ,NC,27708-0000,Private      ,6,377,383,36,1006,1042
00292005,DUKE UNIV/NICHOLAS SCH OF ENVIRON.      ,NC,27708-0000,Private      ,3,75,78,11,261,272
00292006,DUKE UNIV - DIVINITY SCHOOL             ,NC,27708-0000,Private      ,16,236,252,76,593,669
00292007,DUKE UNIV - SCHOOL OF NURSING           ,NC,27710-0000,Private      ,14,138,152,50,350,400
00292300,EAST CAROLINA UNIVERSITY                ,NC,27858-1818,Public       ,3781,3230,7011,15645,7190,22835
00292600,ELIZABETH CITY STATE UNIVERSITY         ,NC,27909-7806,Public       ,795,332,1127,3130,925,4055
00292700,ELON UNIVERSITY                         ,NC,27244-2010,Private      ,543,256,799,5512,655,6167
00292800,FAYETTEVILLE STATE UNIVERSITY           ,NC,28301-4298,Public       ,1188,1818,3006,4505,3938,8443
00292900,GARDNER-WEBB UNIVERSITY                 ,NC,28017-0000,Private      ,432,631,1063,1867,1286,3153
00293000,GREENSBORO COLLEGE                      ,NC,27401-1875,Private      ,375,242,617,1143,477,1620
00293100,GUILFORD COLLEGE                        ,NC,27410-4171,Private      ,511,707,1218,2243,1388,3631
00293300,HIGH POINT UNIVERSITY                   ,NC,27262-4221,Private      ,494,454,948,2866,958,3824
00293400,ISOTHERMAL COMMUNITY COLLEGE            ,NC,28160-0804,Public       ,227,410,637,476,673,1149
00293500,JOHN WESLEY COLLEGE                     ,NC,27265-0000,Private      ,12,32,44,30,71,101
00293600,JOHNSON C SMITH UNIVERSITY              ,NC,28216-5398,Private      ,898,234,1132,3061,546,3607
00293700,KING'S COLLEGE-CHARLOTTE                ,NC,28204-2435,Proprietary  ,280,99,379,465,172,637
00293900,LEES MCRAE COLLEGE                      ,NC,28604-0000,Private      ,227,81,308,845,192,1037
00294000,LENOIR COMMUNITY COLLEGE                ,NC,28502-0188,Public       ,256,629,885,473,1077,1550
00294100,LENOIR-RHYNE COLLEGE                    ,NC,28603-0000,Private      ,395,155,550,1775,362,2137
00294200,LIVINGSTONE COLLEGE                     ,NC,28144-5298,Private      ,384,127,511,939,239,1178
00294300,LOUISBURG COLLEGE                       ,NC,27549-2398,Private      ,274,28,302,713,65,778
00294400,MARS HILL COLLEGE                       ,NC,28754-0000,Private      ,363,135,498,1245,296,1541
00294500,MEREDITH COLLEGE                        ,NC,27607-5298,Private      ,203,224,427,1739,607,2346
00294600,METHODIST UNIVERSITY                    ,NC,28311-1420,Private      ,552,361,913,1850,719,2569
00294700,MITCHELL COMMUNITY COLLEGE              ,NC,28677-5264,Public       ,250,573,823,501,1181,1682
00294800,MONTREAT COLLEGE                        ,NC,28757-1267,Private      ,148,252,400,550,446,996
00294900,MOUNT OLIVE COLLEGE                     ,NC,28365-1299,Private      ,308,906,1214,830,2008,2838
00295000,NORTH CAROLINA CENTRAL UNIVERSITY       ,NC,27707-3198,Public       ,1475,1962,3437,6769,5210,11979
00295100,NORTH CAROLINA WESLEYAN COLLEGE         ,NC,27804-8699,Private      ,269,326,595,937,605,1542
00295300,PEACE COLLEGE                           ,NC,27604-1194,Private      ,207,72,279,751,170,921
00295400,UNIV OF NORTH CAROLINA AT PEMBROKE      ,NC,28372-1510,Public       ,1160,1077,2237,4223,2348,6571
00295500,PFEIFFER UNIVERSITY                     ,NC,28109-0000,Private      ,249,294,543,804,582,1386
00295600,PIEDMONT BAPTIST COLLEGE AND GRADUATE SC,NC,27101-5025,Private      ,91,63,154,171,101,272
00295700,QUEENS UNIVERSITY OF CHARLOTTE          ,NC,28274-0001,Private      ,357,458,815,1381,942,2323
00295800,ROCKINGHAM COMMUNITY COLLEGE            ,NC,27375-0000,Public       ,129,328,457,431,707,1138
00296000,SALEM COLLEGE                           ,NC,27108-0000,Private      ,99,171,270,428,361,789
00296100,SANDHILLS COMMUNITY COLLEGE             ,NC,28374-8283,Public       ,353,713,1066,725,1342,2067
00296200,SHAW UNIVERSITY                         ,NC,27601-2393,Private      ,722,659,1381,2446,1604,4050
00296300,SOUTHEASTERN BAPTIST THEOL SEMINARY     ,NC,27588-0000,Private      ,11,38,49,25,74,99
00296400,SOUTHEASTERN COMMUNITY COLLEGE          ,NC,28472-5422,Public       ,162,366,528,317,640,957
00296700,ST ANDREWS PRESBYTERIAN COLLEGE         ,NC,28352-9979,Private      ,209,37,246,688,81,769
00296800,ST AUGUSTINES COLLEGE                   ,NC,27610-2298,Private      ,573,172,745,1543,381,1924
00297000,SURRY COMMUNITY COLLEGE                 ,NC,27017-0304,Public       ,343,501,844,762,851,1613
00297200,NORTH CAROLINA STATE UNIV-RALEIGH       ,NC,27695-1751,Public       ,2398,1628,4026,17894,5276,23170
00297300,GASTON COLLEGE                          ,NC,28034-1499,Public       ,410,1035,1445,856,1748,2604
00297400,UNIVERSITY OF N C-CHAPEL HILL           ,NC,27514-0000,Public       ,1067,1739,2806,16650,9307,25957
00297500,UNIVERSITY OF NC AT CHARLOTTE           ,NC,28223-0001,Public       ,2832,2748,5580,12350,6532,18882
00297600,UNIVERSITY OF N C - GREENSBORO          ,NC,27412-0001,Public       ,2065,1778,3843,11842,5897,17739
00297800,WAKE FOREST UNIV - UNDERGRADUATE        ,NC,27109-7246,Private      ,396,44,440,4975,160,5135
00297801,WAKE FOREST UNIV - SCH OF MEDICINE      ,NC,27157-1090,Private      ,6,264,270,21,888,909
00297803,WAKE FOREST UNIV - MBA                  ,NC,27109-7659,Private      ,5,216,221,12,384,396
00297805,WAKE FOREST UNIV - SCH OF LAW           ,NC,27109-7206,Private      ,2,210,212,10,1181,1191
00297806,WAKE FOREST UNIV - GRAD A&S/DIVINITY    ,NC,27109-7246,Private      ,7,102,109,40,305,345
00297900,WARREN WILSON COLLEGE                   ,NC,28815-0000,Private      ,213,47,260,1036,226,1262
00298000,WAYNE COMMUNITY COLLEGE                 ,NC,27533-0000,Public       ,254,602,856,614,1098,1712
00298100,WESTERN CAROLINA UNIVERSITY             ,NC,28723-9731,Public       ,1452,913,2365,5534,2087,7621
00298200,WESTERN PIEDMONT COMMUNITY COLLEGE      ,NC,28655-4504,Public       ,217,424,641,573,1049,1622
00298300,WILKES COMMUNITY COLLEGE                ,NC,28697-2100,Public       ,200,322,522,489,640,1129
00298400,UNIVERSITY OF N C-WILMINGTON            ,NC,28403-3297,Public       ,1929,1029,2958,8866,2501,11367
00298500,WINGATE UNIVERSITY                      ,NC,28174-0159,Private      ,391,226,617,1811,544,2355
00298600,WINSTON-SALEM STATE UNIVERSITY          ,NC,27102-0000,Public       ,1210,962,2172,6395,2815,9210
00398100,NORTH CAROLINA SCHOOL OF THE ARTS       ,NC,27127-2188,Public       ,198,57,255,979,212,1191
00403300,ASHEVILLE BUNCOMBE TECH CMTY CLG        ,NC,28801-4897,Public       ,347,811,1158,842,1445,2287
00406200,PITT COMMUNITY COLLEGE                  ,NC,28590-0000,Public       ,937,1419,2356,1747,2324,4071
00483500,CALDWELL COMMUNITY CLG & TECH INST      ,NC,28638-2626,Public       ,338,616,954,722,1120,1842
00483800,GUILFORD TECHNICAL COMMUNITY CLG        ,NC,27282-0309,Public       ,1217,2093,3310,2834,4590,7424
00484400,WAKE TECHNICAL COMMUNITY COLLEGE        ,NC,27603-5696,Public       ,1041,1994,3035,2379,3910,6289
00484500,WILSON COMMUNITY COLLEGE                ,NC,27893-3310,Public       ,106,398,504,203,670,873
00499201,MILLER-MOTTE TECHNICAL COLLEGE - CARY   ,NC,27511-9209,Proprietary  ,36,272,308,44,392,436
00499202,MILLER-MOTTE TECHNICAL COLLEGE - MILLER-,NC,27604-6072,Proprietary  ,4,11,15,4,11,15
00531600,COASTAL CAROLINA COMMUNITY COLLEGE      ,NC,28546-6816,Public       ,277,809,1086,611,1454,2065
00531700,FORSYTH TECHNICAL COMMUNITY COLLEGE     ,NC,27103-5197,Public       ,581,1510,2091,1280,3032,4312
00531800,CATAWBA VALLEY COMMUNITY COLLEGE        ,NC,28602-8302,Public       ,381,800,1181,992,1605,2597
00532000,CAPE FEAR COMMUNITY COLLEGE             ,NC,28401-3910,Public       ,726,937,1663,1512,1634,3146
00544700,RANDOLPH COMMUNITY COLLEGE              ,NC,27204-1009,Public       ,145,390,535,394,786,1180
00544800,DURHAM TECHNICAL CMNTY COLLEGE          ,NC,27703-5023,Public       ,270,981,1251,513,1741,2254
00544900,CENTRAL CAROLINA COMMUNITY COLLEGE      ,NC,27330-9000,Public       ,261,718,979,555,1298,1853
00546300,ALAMANCE COMMUNITY COLLEGE              ,NC,27253-0000,Public       ,314,737,1051,613,1294,1907
00546400,RICHMOND COMMUNITY COLLEGE              ,NC,28345-4522,Public       ,153,436,589,305,861,1166
00575400,ROWAN-CABARRUS COMMUNITY COLLEGE        ,NC,28145-1595,Public       ,424,982,1406,852,1792,2644
00647700,CABARRUS COLLEGE OF HEALTH SCIENCES     ,NC,28025-0000,Private      ,61,128,189,232,273,505
00647800,MERCY HOSP SCH OF NURSING               ,NC,28207-0000,Public       ,25,107,132,80,239,319
00648300,WATTS SCHOOL OF NURSING                 ,NC,27704-0000,Private      ,16,60,76,43,130,173
00679900,CRAVEN COMMUNITY COLLEGE                ,NC,28562-0000,Public       ,176,541,717,394,1144,1538
00703100,PAMLICO COMMUNITY COLLEGE               ,NC,28529-0000,Public       ,16,39,55,39,126,165
00764000,FAYETTEVILLE TECHNICAL CMTY COLLEGE     ,NC,28303-0236,Public       ,808,3094,3902,1615,5618,7233
00768700,JAMES SPRUNT COMMUNITY COLLEGE          ,NC,28349-0398,Public       ,86,250,336,199,483,682
00781400,BROOKSTONE COLLEGE OF BUSINESS          ,NC,28262-0000,Proprietary  ,14,73,87,25,101,126
00781401,BROOKSTONE COLLEGE OF BUSINESS          ,NC,27409-0000,Proprietary  ,8,57,65,20,79,99
00789200,SAMPSON COMMUNITY COLLEGE               ,NC,28328-0000,Public       ,116,304,420,303,686,989
00798500,SOUTH PIEDMONT COMMUNITY COLLEGE        ,NC,28135-9703,Public       ,172,464,636,374,835,1209
00798600,HALIFAX COMMUNITY COLLEGE               ,NC,27890-0089,Public       ,120,314,434,247,521,768
00798700,BLADEN COMMUNITY COLLEGE                ,NC,28332-0266,Public       ,86,336,422,196,725,921
00798800,MARTIN COMMUNITY COLLEGE                ,NC,27892-8307,Public       ,58,191,249,126,308,434
00808100,CARTERET COMMUNITY COLLEGE              ,NC,28557-2989,Public       ,115,342,457,238,576,814
00808200,CLEVELAND COMMUNITY COLLEGE             ,NC,28150-0000,Public       ,171,588,759,390,978,1368
00808300,HAYWOOD COMMUNITY COLLEGE               ,NC,28721-0000,Public       ,121,256,377,251,438,689
00808500,MCDOWELL TECHNICAL COMMUNITY CLG        ,NC,28752-8728,Public       ,39,136,175,118,233,351
00808700,MONTGOMERY COMMUNITY COLLEGE            ,NC,27371-0787,Public       ,51,191,242,145,363,508
00846600,SOUTHWESTERN COMMUNITY COLLEGE          ,NC,28779-8581,Public       ,215,410,625,450,708,1158
00855700,NASH COMMUNITY COLLEGE                  ,NC,27804-0488,Public       ,185,434,619,394,667,1061
00855800,BEAUFORT COUNTY COMMUNITY COLLEGE       ,NC,27889-7889,Public       ,135,407,542,290,748,1038
00861200,ROBESON COMMUNITY COLLEGE               ,NC,28359-2151,Public       ,225,737,962,444,1387,1831
00861300,ROANOKE-CHOWAN COMMUNITY COLLEGE        ,NC,27910-9522,Public       ,90,166,256,156,318,474
00885500,EDGECOMBE COMMUNITY COLLEGE             ,NC,27886-9399,Public       ,102,461,563,193,767,960
00885501,EDGECOMBE COMMUNITY COLLEGE             ,NC,27801-0000,Public       ,27,158,185,59,248,307
00902500,SOUTH EASTERN CLG OF BEAUTY CULTURE     ,NC,28204-0000,Proprietary  ,41,109,150,58,146,204
00933600,JOHNSTON COMMUNITY COLLEGE              ,NC,27577-0000,Public       ,252,592,844,565,1094,1659
00943000,TRI-COUNTY COMMUNITY COLLEGE            ,NC,28906-7919,Public       ,66,156,222,139,255,394
00964600,PIEDMONT COMMUNITY COLLEGE              ,NC,27573-1197,Public       ,81,281,362,193,513,706
00968400,BLUE RIDGE COMMUNITY COLLEGE            ,NC,28731-9624,Public       ,165,233,398,336,419,755
00974701,GORDON-CONWELL THEO SEM - CHARLOTTE     ,NC,28273-0000,Private      ,2,52,54,2,104,106
00990300,VANCE-GRANVILLE CMTY COLLEGE            ,NC,27536-0917,Public       ,186,584,770,481,1199,1680
01026400,SOUTH COLLEGE                           ,NC,28803-3152,Proprietary  ,17,97,114,25,126,151
01119400,STANLY COMMUNITY COLLEGE                ,NC,28001-7458,Public       ,115,442,557,314,804,1118
01119700,MAYLAND COMMUNITY COLLEGE               ,NC,28777-2777,Public       ,64,92,156,171,255,426
01179900,PAUL MITCHELL THE SCHOOL FAYETTEVILLE   ,NC,28303-5364,Proprietary  ,2,28,30,5,47,52
01192600,LEON'S BEAUTY SCHOOL                    ,NC,27403-2812,Proprietary  ,31,45,76,42,84,126
02056500,MITCHELL'S HAIR STYLING ACADEMY         ,NC,27893-0000,Proprietary  ,15,39,54,21,56,77
02056501,MITCHELL'S HAIR STYLING ACADEMY - MITCHE,NC,27606-3326,Proprietary  ,2,13,15,12,23,35
02110500,ART INSTITUTE OF CHARLOTTE (THE)        ,NC,28217-0000,Proprietary  ,481,473,954,1192,813,2005
02170700,BRUNSWICK COMMUNITY COLLEGE             ,NC,28422-0000,Public       ,145,213,358,259,357,616
02205000,COLLEGE OF WILMINGTON                   ,NC,28403-0000,Proprietary  ,9,43,52,10,44,54
02210400,FAYETTEVILLE BEAUTY COLLEGE             ,NC,28303-0000,Proprietary  ,9,22,31,20,45,65
02227800,MITCHELL'S HAIR STYLING ACADEMY         ,NC,27534-0000,Proprietary  ,0,4,4,1,9,10
02227900,MITCHELL'S HAIR STYLING ACADEMY         ,NC,27858-0000,Proprietary  ,3,6,9,5,12,17
02238700,HAIRSTYLING INSTITUTE OF CHARLOTTE      ,NC,28204-0000,Proprietary  ,11,26,37,25,49,74
02280900,ROANOKE BIBLE COLLEGE                   ,NC,27909-0000,Private      ,35,27,62,80,52,132
02286300,CAROLINA BEAUTY COLLEGE                 ,NC,27262-0000,Proprietary  ,50,317,367,60,368,428
02560600,PINNACLE INSTITUTE OF COSMETOLOGY       ,NC,28115-8020,Proprietary  ,5,14,19,11,24,35
02614201,MILLER-MOTTE BUSINESS COLLEGE           ,NC,28403-0000,Proprietary  ,56,311,367,69,342,411
03009500,WINSTON-SALEM BARBER SCHOOL             ,NC,27107-0000,Proprietary  ,13,19,32,33,46,79
03064400,COSM INST OF BEAUTY ARTS & SCIENCES     ,NC,27127-7150,Proprietary  ,20,61,81,24,66,90
03089300,HERITAGE BIBLE COLLEGE                  ,NC,28335-0000,Private      ,11,43,54,16,71,87
03104200,CAROLINAS COLLEGE OF HEALTH SCIENCE     ,NC,28232-2861,Public       ,68,165,233,192,339,531
03104201,CHS NURSE ANESTHESIA PROGRAM / UNCC     ,NC,28232-2861,Public       ,62,71,133,245,157,402
03109000,SCHOOL OF COMMUNICATION ARTS            ,NC,27614-7076,Proprietary  ,176,88,264,268,124,392
03361300,MEDICAL ARTS MASSAGE SCHOOL             ,NC,27616-6453,Proprietary  ,5,43,48,11,61,72
03513400,APEX SCHOOL OF THEOLOGY                 ,NC,27703-8024,Private      ,0,73,73,1,102,103
03555300,SOUTHEASTERN INSTITUTE                  ,NC,28217-0000,Proprietary  ,15,80,95,16,94,110
03555400,SOUTHEASTERN SCHOOL OF NEUROMUSCULAR  MA,NC,29406-0000,Proprietary  ,10,28,38,13,31,44
03570300,CAROLINA CHRISTIAN COLLEGE              ,NC,27105-3241,Private      ,2,16,18,3,29,32
03663300,HOOD THEOLOGICAL SEMINARY               ,NC,28144-5768,Private      ,1,62,63,1,96,97
03748500,LA SHE'S BEAUTY ACADEMY                 ,NC,27707-3569,Proprietary  ,5,11,16,10,14,24
03777300,CAROLINA ACAD OF COSMETIC ART & SCI     ,NC,28054-0460,Proprietary  ,18,48,66,27,72,99
03827300,NEW LIFE THEOLOGICAL SEMINARY           ,NC,28205-1648,Private      ,1,28,29,2,45,47
04101300,CAROLINA SCHOOL OF BROADCASTING         ,NC,28214-8085,Proprietary  ,13,19,32,17,41,58
04115700,REGINA'S COLLEGE OF BEAUTY              ,NC,28110-2831,Proprietary  ,1,6,7,4,7,11
04120300,ASHEBORO BEAUTY SCHOOL OF RANDOLPH      ,NC,27203-6406,Proprietary  ,3,12,15,4,18,22
00298800,BISMARCK STATE COLLEGE                  ,ND,58501-1299,Public       ,370,338,708,1469,810,2279
00298900,DICKINSON STATE UNIVERSITY              ,ND,58601-4896,Public       ,264,177,441,1049,475,1524
00299000,JAMESTOWN COLLEGE                       ,ND,58405-3401,Private      ,227,45,272,823,101,924
00299100,LAKE REGION STATE COLLEGE               ,ND,58301-1598,Public       ,60,88,148,230,174,404
00299200,UNIVERSITY OF MARY                      ,ND,58504-9652,Private      ,297,350,647,1387,811,2198
00299300,MAYVILLE STATE UNIVERSITY               ,ND,58257-1299,Public       ,107,53,160,348,131,479
00299400,MINOT STATE UNIVERSITY                  ,ND,58707-0002,Public       ,315,390,705,1161,938,2099
00299500,MINOT STATE UNIV-BOTTINEAU CAMPUS       ,ND,58318-1159,Public       ,55,70,125,172,136,308
00299600,NORTH DAKOTA STATE CLG OF SCIENCE       ,ND,58076-0002,Public       ,352,190,542,1052,370,1422
00299700,NORTH DAKOTA STATE UNIVERSITY           ,ND,58108-6050,Public       ,2021,689,2710,7138,1559,8697
00300500,UNIVERSITY OF NORTH DAKOTA              ,ND,58202-8193,Public       ,1785,1168,2953,5994,2713,8707
00300700,WILLISTON STATE COLLEGE                 ,ND,58802-1326,Public       ,66,93,159,197,204,401
00300800,VALLEY CITY STATE UNIVERSITY            ,ND,58072-0000,Public       ,159,73,232,483,150,633
00484600,RASMUSSEN COLLEGE                       ,ND,58103-7196,Proprietary  ,129,403,532,244,961,1205
00484601,RASMUSSEN COLLEGE - BISMARCK            ,ND,58503-0000,Proprietary  ,27,69,96,32,70,102
00775600,JOSEF'S SCHOOL OF HAIR DESIGN INC       ,ND,58102-4977,Proprietary  ,19,19,38,49,27,76
00935400,MEDCENTER ONE COLLEGE OF NURSING        ,ND,58501-4494,Private      ,15,11,26,48,48,96
01040600,JOSEF'S SCHOOL OF HAIR DESIGN           ,ND,58201-6394,Proprietary  ,10,26,36,22,43,65
01205900,TRINITY BIBLE COLLEGE                   ,ND,58436-7150,Private      ,51,40,91,148,69,217
01229500,R D HAIRSTYLING COLLEGE                 ,ND,58501-4001,Proprietary  ,13,9,22,30,16,46
02188200,SITTING BULL COLLEGE                    ,ND,58538-9721,Public       ,31,133,164,40,165,205
02236500,LITTLE HOOP COMMUNITY COLLEGE           ,ND,58335-0000,Public       ,2,13,15,5,23,28
02242900,UNITED TRIBES TECHNICAL COLLEGE         ,ND,58504-0000,Private      ,56,227,283,90,341,431
02298200,HEADQUARTERS ACADEMY OF HAIR DESIGN     ,ND,58701-0000,Proprietary  ,5,6,11,12,8,20
02301100,TURTLE MTN CMNTY COLG-FIN AID OFC       ,ND,58316-0000,Private      ,27,80,107,78,165,243
02553700,FORT BERTHOLD COMMUNITY COLLEGE         ,ND,58763-0000,Public       ,4,7,11,12,22,34
03087200,MOLER BARBER CLG OF HAIRSTYLING         ,ND,58103-0000,Proprietary  ,0,1,1,0,3,3
04031300,SALON PROFESSIONAL ACADEMY (THE)        ,ND,58103-3337,Proprietary  ,17,11,28,41,18,59
00301005,ANTIOCH UNIV/SEATTLE                    ,WA,98121-0000,Private      ,11,394,405,27,805,832
00376900,BELLEVUE COMMUNITY COLLEGE              ,WA,98007-6484,Public       ,751,1089,1840,1912,2422,4334
00377000,BIG BEND COMMUNITY COLLEGE              ,WA,98837-3299,Public       ,193,299,492,633,677,1310
00377100,"CENTRAL WASHINGTON UNIV., FIN AID       ",WA,98926-7495,Public       ,1511,969,2480,6809,2772,9581
00377200,CENTRALIA COLLEGE                       ,WA,98531-4099,Public       ,211,347,558,641,695,1336
00377300,CLARK COLLEGE                           ,WA,98663-3598,Public       ,1020,1808,2828,2188,3662,5850
00377400,COLUMBIA BASIN COLLEGE                  ,WA,99301-3379,Public       ,545,900,1445,1529,1939,3468
00377500,EASTERN WASHINGTON UNIVERSITY           ,WA,99004-2447,Public       ,1178,1145,2323,6760,4067,10827
00377600,EVERETT COMMUNITY COLLEGE               ,WA,98201-1352,Public       ,476,1122,1598,1010,2228,3238
00377700,HERITAGE UNIVERSITY                     ,WA,98948-9562,Private      ,92,416,508,328,1046,1374
00377800,GONZAGA UNIVERSITY                      ,WA,99258-0083,Private      ,324,619,943,5935,2611,8546
00377900,GRAYS HARBOR COLLEGE                    ,WA,98520-7599,Public       ,152,288,440,391,617,1008
00378000,GREEN RIVER COMMUNITY COLLEGE           ,WA,98092-3622,Public       ,666,946,1612,1375,1852,3227
00378100,HIGHLINE COMMUNITY COLLEGE              ,WA,98198-9800,Public       ,718,1266,1984,1453,2332,3785
00378200,LOWER COLUMBIA COLLEGE                  ,WA,98632-0310,Public       ,250,737,987,481,1197,1678
00378300,NORTHWEST UNIVERSITY                    ,WA,98083-0000,Private      ,190,160,350,885,404,1289
00378400,OLYMPIC COLLEGE                         ,WA,98337-1600,Public       ,362,864,1226,853,1996,2849
00378500,PACIFIC LUTHERAN UNIVERSITY             ,WA,98447-0003,Private      ,660,360,1020,3751,1182,4933
00378600,PENINSULA COLLEGE                       ,WA,98362-6660,Public       ,125,294,419,264,595,859
00378700,SEATTLE CENTRAL COMMUNITY COLLEGE       ,WA,98122-2413,Public       ,618,1302,1920,1439,2809,4248
00378703,SEATTLE VOCATIONAL INSTITUTE            ,WA,98144-0000,Public       ,11,47,58,20,79,99
00378800,SEATTLE PACIFIC UNIVERSITY              ,WA,98119-1997,Private      ,669,440,1109,3956,1196,5152
00379000,SEATTLE UNIVERSITY                      ,WA,98122-1090,Private      ,657,1090,1747,5725,5038,10763
00379100,SHORELINE COMMUNITY COLLEGE             ,WA,98133-5696,Public       ,426,802,1228,1008,1708,2716
00379200,SKAGIT VALLEY COLLEGE                   ,WA,98273-5899,Public       ,277,645,922,632,1325,1957
00379300,SPOKANE COMMUNITY COLLEGE               ,WA,99207-5399,Public       ,949,2383,3332,2084,4633,6717
00379400,ST MARTIN'S UNIVERSITY                  ,WA,98503-7500,Private      ,129,178,307,1143,738,1881
00379600,TACOMA COMMUNITY COLLEGE                ,WA,98466-6100,Public       ,569,1479,2048,1554,3598,5152
00379700,UNIVERSITY OF PUGET SOUND               ,WA,98416-1039,Private      ,450,180,630,4373,768,5141
00379800,UNIVERSITY OF WASHINGTON                ,WA,98195-5880,Public       ,2565,3549,6114,22790,18261,41051
00379900,WALLA WALLA UNIVERSITY                  ,WA,99324-1198,Private      ,517,229,746,1101,471,1572
00380000,WASHINGTON STATE UNIVERSITY             ,WA,99164-1035,Public       ,2516,2360,4876,15330,7798,23128
00380100,WENATCHEE VALLEY COLLEGE                ,WA,98801-1799,Public       ,221,440,661,793,1232,2025
00380200,WESTERN WASHINGTON UNIVERSITY           ,WA,98225-5946,Public       ,1643,782,2425,11710,2926,14636
00380300,WHITMAN COLLEGE                         ,WA,99362-2067,Private      ,344,9,353,2527,47,2574
00380400,WHITWORTH UNIVERSITY                    ,WA,99251-0001,Private      ,507,297,804,3255,671,3926
00380500,YAKIMA VALLEY COMMUNITY COLLEGE         ,WA,98907-2520,Public       ,544,1078,1622,1616,2610,4226
00499900,BELLINGHAM TECHNICAL COLLEGE            ,WA,98225-0000,Public       ,138,388,526,296,721,1017
00500000,PIERCE COLLEGE                          ,WA,98498-1919,Public       ,672,1472,2144,1484,3041,4525
00500100,EDMONDS COMMUNITY COLLEGE               ,WA,98036-5999,Public       ,506,982,1488,958,1809,2767
00500600,WALLA WALLA COMMUNITY COLLEGE           ,WA,99362-9267,Public       ,285,468,753,992,1321,2313
00530600,BATES TECHNICAL COLLEGE                 ,WA,98405-0000,Public       ,151,619,770,310,1128,1438
00537200,SOUTH PUGET SOUND COMMUNITY COLLEGE     ,WA,98512-6292,Public       ,517,979,1496,1098,1944,3042
00537300,LAKE WASHINGTON TECHNICAL COLLEGE       ,WA,98034-8505,Public       ,119,429,548,250,799,1049
00575200,CLOVER PARK TECHNICAL COLLEGE           ,WA,98499-0000,Public       ,247,942,1189,509,1731,2240
00815500,EVERGREEN STATE COLLEGE (THE)           ,WA,98505-0002,Public       ,473,680,1153,3010,2475,5485
00844300,ITT TECHNICAL INSTITUTE                 ,WA,98168-3334,Proprietary  ,137,347,484,226,441,667
00907901,EVEREST COLLEGE                         ,WA,98684-6950,Proprietary  ,27,149,176,35,189,224
00938700,PERRY TECHNICAL INSTITUTE               ,WA,98903-1239,Private      ,120,191,311,256,376,632
00954400,SPOKANE FALLS COMMUNITY COLLEGE         ,WA,99224-5204,Public       ,918,1358,2276,2216,2912,5128
00970400,NORTH SEATTLE COMMUNITY COLLEGE         ,WA,98103-3599,Public       ,312,809,1121,723,1676,2399
00970600,SOUTH SEATTLE COMMUNITY COLLEGE         ,WA,98106-1499,Public       ,334,673,1007,875,1379,2254
00973900,GLEN DOW ACAD OF HAIR DESIGN            ,WA,99201-0209,Proprietary  ,34,38,72,55,60,115
01036400,WHATCOM COMMUNITY COLLEGE               ,WA,98226-8003,Public       ,335,397,732,956,1031,1987
01043400,RENTON TECHNICAL COLLEGE                ,WA,98056-0000,Public       ,163,479,642,319,869,1188
01148100,DIVERS INSTITUTE OF TECHNOLOGY          ,WA,98107-0667,Proprietary  ,29,102,131,48,164,212
01231500,CORNISH COLLEGE OF THE ARTS             ,WA,98121-4604,Private      ,134,57,191,957,229,1186
01249600,GREENWOOD BEAUTY SCHOOL                 ,WA,98103-0000,Proprietary  ,3,22,25,10,38,48
01302200,CITY UNIVERSITY OF SEATTLE              ,WA,98005-3030,Private      ,30,770,800,75,1447,1522
01309400,BELLINGHAM BEAUTY SCHOOL                ,WA,98225-0000,Proprietary  ,8,10,18,13,23,36
02091701,KAPLAN COLLEGE - SEATTLE                ,WA,98055-4910,Proprietary  ,17,77,94,24,113,137
02105300,BELLEVUE BEAUTY SCHOOL                  ,WA,98007-0000,Proprietary  ,4,11,15,9,19,28
02106700,TRINITY LUTHERAN COLLEGE                ,WA,98201-3569,Private      ,26,15,41,77,29,106
02180000,NORTHWEST INDIAN COLLEGE                ,WA,98226-9278,Public       ,27,123,150,41,197,238
02184200,PAROBA COLLEGE OF COSMETOLOGY           ,WA,98208-0000,Proprietary  ,8,20,28,11,26,37
02202200,STYLEMASTERS COLLEGE OF HAIR DESIGN     ,WA,98632-0000,Proprietary  ,8,19,27,9,25,34
02203300,GENE JUAREZ ACADEMY OF BEAUTY           ,WA,98125-0000,Proprietary  ,148,194,342,190,232,422
02203301,GENE JUAREZ ACADEMY OF BEAUTY           ,WA,98003-0000,Proprietary  ,23,20,43,40,38,78
02222900,INTERNATIONAL AIR & HOSPITALITY ACADEMY ,WA,98661-4835,Proprietary  ,70,56,126,109,74,183
02236800,PROFESSIONAL BEAUTY SCHOOL              ,WA,98902-0000,Proprietary  ,24,24,48,30,30,60
02242500,BASTYR UNIVERSITY                       ,WA,98028-0000,Private      ,38,436,474,87,847,934
02263107,CAMBRIDGE COLLEGE-BELLEVUE              ,WA,98007-0000,Proprietary  ,0,3,3,3,8,11
02291300,ART INSTITUTE OF SEATTLE                ,WA,98121-1622,Proprietary  ,475,388,863,1486,1047,2533
02300100,EVEREST COLLEGE                         ,WA,98367-1835,Proprietary  ,26,105,131,34,151,185
02300103,EVEREST COLLEGE - EVERETT               ,WA,98208-2610,Proprietary  ,35,136,171,41,160,201
02300104,EVEREST COLLEGE - TACOMA                ,WA,98402-3004,Proprietary  ,20,168,188,33,224,257
02326500,INTERFACE COLLEGE                       ,WA,99201-3209,Proprietary  ,0,57,57,2,95,97
02331400,NORTHWEST HAIR ACADEMY                  ,WA,98273-0000,Proprietary  ,22,21,43,32,29,61
02331402,NORTHWEST HAIR ACADEMY - EVERETT        ,WA,98204-0000,Proprietary  ,5,4,9,8,7,15
02345100,PHAGAN'S ORCHARDS BEAUTY SCHOOL         ,WA,98662-0000,Proprietary  ,3,12,15,6,19,25
02504900,ACADEMY OF HAIR DESIGN (THE)            ,WA,98801-0000,Proprietary  ,9,18,27,12,23,35
02541900,BJ'S BEAUTY AND BARBER COLLEGE          ,WA,98409-0000,Proprietary  ,7,28,35,10,42,52
02602100,NORTHWEST COLLEGE OF ART                ,WA,98370-8625,Proprietary  ,34,8,42,101,24,125
02606200,EVEREST COLLEGE                         ,WA,98055-2990,Proprietary  ,28,140,168,37,172,209
02617500,EVEREST COLLEGE                         ,WA,98133-9018,Proprietary  ,21,62,83,28,79,107
02617501,EVEREST COLLEGE - FIFE                  ,WA,98424-2647,Proprietary  ,43,114,157,55,169,224
02617503,EVEREST COLLEGE - VANCOUVER             ,WA,98684-6951,Proprietary  ,24,109,133,37,155,192
02617505,ASHMEAD COLLEGE - NEW EVERETT CAMPUS    ,WA,98201-4022,Proprietary  ,0,0,0,2,6,8
03031406,INTERNATIONAL ACADEMY OF DESIGN AND TECH,WA,98188-3319,Proprietary  ,99,123,222,166,194,360
03065000,CLARE'S BEAUTY COLLEGE                  ,WA,99301-5505,Proprietary  ,6,22,28,12,25,37
03071800,ITT TECHNICAL INSTITUTE                 ,WA,99216-1589,Proprietary  ,157,504,661,205,562,767
03099000,CORTIVA INSTITUTE - SEATTLE             ,WA,98109-5474,Proprietary  ,42,114,156,59,155,214
03280300,SEATTLE INST OF ORIENTAL MEDICINE       ,WA,98115-0000,Proprietary  ,1,14,15,3,31,34
03283300,NORTHWEST HVAC/R ASSOCIATION & TRAINING ,WA,99202-2125,Private      ,1,16,17,3,22,25
03361600,SEATTLE MIDWIFERY SCHOOL                ,WA,98144-0000,Private      ,1,20,21,6,40,46
03466400,MARS HILL GRADUATE SCHOOL               ,WA,98121-0000,Private      ,1,166,167,2,225,227
03483500,CASCADIA COMMUNITY COLLEGE              ,WA,98011-9510,Public       ,181,242,423,386,461,847
03490400,EMIL FRIES PIANO HOSPITAL & TRAININ     ,WA,98661-4323,Private      ,2,5,7,3,7,10
03631500,CORTIVA INSTITUTE - BRIAN UTTING SCHOOL ,WA,98109-5211,Proprietary  ,5,4,9,9,12,21
03689400,FAITH EVANGELICAL SEMINARY              ,WA,98407-2607,Private      ,2,54,56,4,84,88
03707500,CHETTA'S ACADEMY OF HAIR AND NAILS      ,WA,98362-4310,Proprietary  ,2,1,3,4,3,7
03724300,DIGIPEN INSTITUTE OF TECHNOLOGY         ,WA,98052-5170,Proprietary  ,183,82,265,579,203,782
03917300,EVERGREEN BEAUTY AND BARBER COLLEGE     ,WA,98208-3759,Proprietary  ,11,38,49,19,47,66
03932500,TOTAL COSMETOLOGY TRAINING CENTER       ,WA,99217-6231,Proprietary  ,10,33,43,18,52,70
03953300,YAKIMA BEAUTY SCHOOL;BEAUTYWORKS        ,WA,98901-2202,Proprietary  ,9,16,25,15,27,42
04043400,ALPINE COLLEGE                          ,WA,99206-5097,Proprietary  ,10,31,41,14,56,70
04120000,SUNNYSIDE BEAUTY ACADEMY                ,WA,98944-8711,Proprietary  ,2,2,4,8,7,15
04127200,VICTORIA'S ACADEMY OF COSMETOLOGY       ,WA,99336-3826,Proprietary  ,9,21,30,22,36,58
04130800,CASCADE BEAUTY COLLEGE                  ,WA,98002-5504,Proprietary  ,2,6,8,6,10,16
04132800,INLAND MASSAGE INSTITUTE                ,WA,99208-5923,Proprietary  ,0,1,1,0,1,1
00340100,BROWN UNIVERSITY                        ,RI,02912-9127,Private      ,730,44,774,12746,266,13012
00340101,BROWN UNIVERSITY - GRADUATE SCHOOL      ,RI,02912-1827,Private      ,4,125,129,39,1264,1303
00340102,BROWN MEDICAL SCHOOL                    ,RI,02912-0000,Private      ,4,148,152,21,398,419
00340200,BRYANT UNIVERSITY                       ,RI,02917-1284,Private      ,280,61,341,5683,269,5952
00340400,JOHNSON & WALES UNIVERSITY              ,RI,02903-3703,Private      ,4278,983,5261,16174,2524,18698
00340600,PROVIDENCE COLLEGE                      ,RI,02918-0001,Private      ,749,103,852,7154,359,7513
00340700,RHODE ISLAND COLLEGE                    ,RI,02908-1991,Public       ,595,531,1126,6309,2450,8759
00340800,COMMUNITY COLLEGE OF RI - WARWICK       ,RI,02906-0000,Public       ,671,1000,1671,3033,3343,6376
00340801,COMMUNITY COLLEGE OF RI - LINCOLN       ,RI,02865-4585,Public       ,272,349,621,1240,1300,2540
00340802,COMMUNITY COLLEGE OF RI- PROVIDENCE     ,RI,02905-2313,Public       ,215,374,589,1080,1344,2424
00340900,RHODE ISLAND SCHOOL OF DESIGN           ,RI,02903-2784,Private      ,192,115,307,2546,1054,3600
00341000,ROGER WILLIAMS UNIVERSITY               ,RI,02809-2921,Private      ,263,221,484,7216,1229,8445
00341100,SALVE REGINA UNIVERSITY                 ,RI,02840-4192,Private      ,218,67,285,4655,224,4879
00341400,UNIVERSITY OF RHODE ISLAND              ,RI,02881-0000,Public       ,1644,599,2243,16094,2559,18653
00659100,ST. JOSEPH HOSP SCH OF NURSING          ,RI,02904-5199,Private      ,3,27,30,38,120,158
00784400,GIBBS COLLEGE                           ,RI,02920-7807,Proprietary  ,24,30,54,239,372,611
00784500,NEW ENGLAND INSTITUTE OF TECHNOLOGY     ,RI,02886-2266,Private      ,657,400,1057,1997,1306,3303
01115900,"SAWYER SCHOOL,THE                       ",RI,02860-4117,Proprietary  ,70,334,404,109,538,647
02071900,ARTHUR ANGELO SCH COSMET&HAIR DSGN      ,RI,02903-0000,Proprietary  ,35,55,90,80,119,199
02176900,WARWICK ACADEMY OF BEAUTY CULTURE       ,RI,02886-1534,Proprietary  ,25,47,72,45,87,132
02584400,NEW ENGLAND TRACTOR TRAILER TRAINING SCH,RI,02860-1752,Proprietary  ,23,185,208,24,192,216
03080000,NEWPORT SCHOOL OF HAIRDRESSING          ,RI,02860-4038,Proprietary  ,1,5,6,8,47,55
03115200,MOTORING TECHNICAL TRAINING INST        ,RI,02914-5022,Proprietary  ,25,65,90,63,97,160
03232300,LINCOLN TECHNICAL INSTITUTE             ,RI,02865-4211,Proprietary  ,110,192,302,210,353,563
03570500,ZION BIBLE COLLEGE                      ,RI,02806-1246,Private      ,45,30,75,99,77,176
03732300,INTERNATIONAL YACHT RESTORATION SCH     ,RI,02840-6720,Private      ,1,10,11,7,16,23
00341700,ALLEN UNIVERSITY                        ,SC,29204-1085,Private      ,426,175,601,705,271,976
00341800,ANDERSON UNIVERSITY                     ,SC,29621-4035,Private      ,574,263,837,1549,427,1976
00341900,CHARLESTON SOUTHERN UNIVERSITY          ,SC,29406-2160,Private      ,1305,695,2000,3059,1183,4242
00342000,BENEDICT COLLEGE                        ,SC,29204-1086,Private      ,1562,482,2044,2955,865,3820
00342100,BOB JONES UNIVERSITY                    ,SC,29614-1000,Proprietary  ,1248,104,1352,2272,186,2458
00342200,SOUTHERN WESLEYAN UNIVERSITY            ,SC,29630-1020,Private      ,265,1089,1354,843,1529,2372
00342300,THE CITADEL                             ,SC,29409-0002,Public       ,559,291,850,1817,519,2336
00342400,CLAFLIN UNIVERSITY                      ,SC,29115-4498,Private      ,1027,419,1446,2066,670,2736
00342500,CLEMSON UNIVERSITY                      ,SC,29634-0001,Public       ,3135,988,4123,12367,2102,14469
00342600,UNIV OF SC AT SUMTER                    ,SC,29150-2498,Public       ,284,216,500,510,362,872
00342700,COKER COLLEGE                           ,SC,29550-3797,Private      ,334,391,725,803,662,1465
00342800,COLLEGE OF CHARLESTON                   ,SC,29424-0100,Public       ,2195,750,2945,7291,1454,8745
00342900,COLUMBIA INTERNATIONAL UNIVERSITY       ,SC,29203-1599,Private      ,112,163,275,444,483,927
00343000,COLUMBIA COLLEGE                        ,SC,29203-5998,Private      ,546,409,955,1193,701,1894
00343100,CONVERSE COLLEGE                        ,SC,29302-0006,Private      ,241,265,506,681,445,1126
00343200,ERSKINE COLLEGE                         ,SC,29639-0000,Private      ,248,9,257,684,25,709
00343201,ERSKINE THEOLOGICAL SEMINARY            ,SC,29639-0000,Private      ,1,69,70,7,87,94
00343400,FURMAN UNIVERSITY                       ,SC,29613-5253,Private      ,591,131,722,2929,227,3156
00343500,LANDER UNIVERSITY                       ,SC,29649-2099,Public       ,926,285,1211,2317,560,2877
00343600,LIMESTONE COLLEGE                       ,SC,29340-3799,Private      ,399,1152,1551,843,2026,2869
00343700,LUTHERAN THEOLOGICAL SOUTHERN SEM       ,SC,29203-5898,Private      ,0,37,37,0,113,113
00343800,MEDICAL UNIV OF SOUTH CAROLINA - FA     ,SC,29425-1760,Public       ,65,642,707,176,2374,2550
00343900,MORRIS COLLEGE                          ,SC,29150-3599,Private      ,563,178,741,1092,308,1400
00344000,NEWBERRY COLLEGE                        ,SC,29108-2197,Private      ,326,60,386,1431,142,1573
00344100,NORTH GREENVILLE COLLEGE                ,SC,29688-1892,Private      ,893,128,1021,1799,198,1997
00344500,PRESBYTERIAN COLLEGE                    ,SC,29325-2503,Private      ,372,12,384,1293,21,1314
00344600,SOUTH CAROLINA STATE UNIVERSITY         ,SC,29117-4427,Public       ,3022,1225,4247,6121,1889,8010
00344700,SPARTANBURG METHODIST COLLEGE           ,SC,29301-5899,Private      ,475,49,524,961,89,1050
00344800,UNIVERSITY OF SOUTH CAROLINA            ,SC,29208-3999,Public       ,5287,3728,9015,15177,7804,22981
00344900,UNIVERSITY OF SOUTH CAROLINA AIKEN      ,SC,29801-6399,Public       ,958,475,1433,2298,865,3163
00345000,UNIV OF SC AT BEAUFORT                  ,SC,29902-4602,Public       ,363,285,648,753,484,1237
00345100,COASTAL CAROLINA UNIVERSITY             ,SC,29528-0000,Public       ,2270,602,2872,7752,1255,9007
00345300,UNIV OF SC AT LANCASTER                 ,SC,29721-0889,Public       ,324,202,526,562,378,940
00345400,UNIV OF SC SYSTEM SALKEHATCHIE          ,SC,29810-0617,Public       ,202,170,372,312,278,590
00345500,VOORHEES COLLEGE                        ,SC,29042-0000,Private      ,316,154,470,459,229,688
00345600,WINTHROP UNIVERSITY                     ,SC,29733-0001,Public       ,1699,723,2422,4837,1381,6218
00345700,WOFFORD COLLEGE                         ,SC,29303-3663,Private      ,189,28,217,1530,67,1597
00399000,FLORENCE-DARLINGTON TECH COLLEGE        ,SC,29501-0548,Public       ,891,1356,2247,1446,2218,3664
00399100,GREENVILLE TECHNICAL COLLEGE            ,SC,29607-2439,Public       ,2406,3653,6059,3963,6061,10024
00399200,PIEDMONT TECHNICAL COLLEGE              ,SC,29648-1467,Public       ,713,1439,2152,1066,2199,3265
00399300,MIDLANDS TECHNICAL COLLEGE              ,SC,29202-0000,Public       ,2438,3328,5766,3780,5635,9415
00399400,SPARTANBURG COMMUNITY COLLEGE           ,SC,29305-4386,Public       ,1002,1351,2353,1655,2432,4087
00399500,CENTRAL CAROLINA TECHNICAL COLLEGE      ,SC,29150-2499,Public       ,402,962,1364,621,1652,2273
00399600,YORK TECHNICAL COLLEGE                  ,SC,29730-3395,Public       ,915,1509,2424,1372,2394,3766
00492000,TRIDENT TECHNICAL COLLEGE               ,SC,29423-8067,Public       ,2033,3071,5104,3101,5196,8297
00492300,CLINTON JR COLLEGE                      ,SC,29730-5152,Private      ,28,12,40,59,22,81
00492400,FORREST JUNIOR COLLEGE                  ,SC,29624-2405,Proprietary  ,10,57,67,16,63,79
00492500,HORRY-GEORGETOWN TECH COLLEGE           ,SC,29526-9521,Public       ,918,1537,2455,1411,2638,4049
00492600,TRI-COUNTY TECHNICAL COLLEGE            ,SC,29670-9133,Public       ,1136,1154,2290,1875,1983,3858
00492700,UNIV OF SC AT UNION                     ,SC,29379-0729,Public       ,78,58,136,161,108,269
00536300,DENMARK TECHNICAL COLLEGE               ,SC,29042-0000,Public       ,234,172,406,321,242,563
00681500,ORANGEBURG-CALHOUN TECHNICAL COLG       ,SC,29118-8299,Public       ,472,781,1253,723,1184,1907
00695100,UNIVERSITY OF SOUTH CAROLINA UPSTATE    ,SC,29303-9972,Public       ,1538,856,2394,3636,1621,5257
00760200,NORTHEASTERN TECHNICAL COLLEGE          ,SC,29520-7015,Public       ,190,397,587,282,566,848
00922600,FRANCIS MARION UNIVERSITY               ,SC,29501-0000,Public       ,1492,555,2047,3439,1004,4443
00932200,WILLIAMSBURG TECHNICAL COLLEGE          ,SC,29556-4197,Public       ,93,180,273,146,316,462
00991000,TECHNICAL COLLEGE OF THE LOWCOUNTRY     ,SC,29902-5441,Public       ,222,645,867,340,964,1304
00991100,UNIV OF SC-REGIONAL CAMPUSES ADMIN      ,SC,29208-0001,Public       ,61,37,98,129,66,195
01005600,AIKEN TECHNICAL COLLEGE                 ,SC,29802-0696,Public       ,652,1061,1713,1017,1786,2803
01209200,KENNETH SHULER SCHOOL OF COSMETOLOGY    ,SC,29730-3552,Proprietary  ,11,35,46,12,48,60
01303907,SOUTH UNIVERSITY                        ,SC,29203-6400,Proprietary  ,95,508,603,147,777,924
02063700,SHERMAN CLG STRAIGHT CHIROPRACTIC       ,SC,29316-0000,Private      ,4,169,173,7,242,249
02189800,NO AMER INST OF AVIATION OF SO CAR      ,SC,29527-0000,Proprietary  ,2,2,4,4,3,7
02329600,BETTY STEVENS COSMETOLOGY INSTITUTE     ,SC,29501-0000,Proprietary  ,0,0,0,1,0,1
02338600,CHARZANNE BEAUTY COLLEGE                ,SC,29649-0000,Proprietary  ,7,26,33,11,36,47
02341100,KENNETH SHULER SCHOOL OF COSMETOLOGY & N,SC,29210-0000,Proprietary  ,61,159,220,77,202,279
02356600,CHARLESTON COSMETOLOGY INSTITUTE        ,SC,29420-0000,Proprietary  ,17,28,45,25,39,64
02552400,ACADEMY OF HAIR TECHNOLOGY              ,SC,29615-2363,Proprietary  ,17,49,66,23,59,82
02567600,SUMTER BEAUTY COLLEGE                   ,SC,29150-0000,Proprietary  ,13,30,43,18,51,69
02614202,MILLER-MOTTE TECHNICAL COLLEGE          ,SC,29406-0000,Proprietary  ,129,469,598,144,530,674
03010614,VIRGINIA COLLEGE - GOLF ACADEMY OF AMERI,SC,29579-0000,Proprietary  ,78,95,173,145,144,289
03052300,KENNETH SHULER SCH COSM & HAIR DESG     ,SC,29841-2013,Proprietary  ,21,39,60,22,56,78
03088300,ACADEMY OF COSMETOLOGY                  ,SC,29418-5667,Proprietary  ,10,29,39,16,35,51
03258300,SOUTHERN METHODIST COLLEGE              ,SC,29116-1027,Private      ,1,13,14,4,16,20
03293300,STRAND COLLEGE OF HAIR DESIGN           ,SC,29572-4310,Proprietary  ,9,27,36,10,31,41
03304300,CENTURA COLLEGE                         ,SC,29406-9235,Proprietary  ,26,127,153,36,205,241
03513300,LACY COSMETOLOGY SCHOOL                 ,SC,29803-9084,Proprietary  ,6,20,26,7,26,33
03513301,LACY COSMETOLOGY SCHOOL -               ,SC,29072-0000,Proprietary  ,2,10,12,3,20,23
03513302,LACY COSMETOLOGY SCHOOL -               ,SC,29445-0000,Proprietary  ,6,7,13,8,11,19
03595300,CHARLESTON SCHOOL OF MASSAGE            ,SC,29412-8270,Proprietary  ,1,15,16,3,21,24
03746300,LEGRAND INSTITUTE OF COSMETOLOGY        ,SC,29020-0000,Proprietary  ,5,16,21,9,27,36
03746400,SOUTHEASTERN INSTITUTE                  ,SC,29210-0000,Proprietary  ,28,73,101,45,103,148
03768400,STYLETRENDS BARBER AND HAIRSTYLING ACADE,SC,29730-4511,Proprietary  ,3,14,17,3,22,25
03856400,W. L. BONNER COLLEGE                    ,SC,29203-0000,Private      ,2,19,21,2,35,37
03892300,HARLEY'S BEAUTY & BARBER CAREER INST.   ,SC,29204-1919,Proprietary  ,5,8,13,7,24,31
04096300,CHARLESTON SCHOOL OF LAW                ,SC,29402-0535,Proprietary  ,3,264,267,7,711,718
00345800,AUGUSTANA COLLEGE                       ,SD,57197-0001,Private      ,440,76,516,1481,124,1605
00345900,BLACK HILLS STATE UNIVERSITY            ,SD,57799-9670,Public       ,567,461,1028,1636,967,2603
00346100,DAKOTA WESLEYAN UNIVERSITY              ,SD,57301-4398,Private      ,196,115,311,532,225,757
00346300,DAKOTA STATE UNIVERSITY                 ,SD,57042-1799,Public       ,349,184,533,955,372,1327
00346500,MOUNT MARTY COLLEGE                     ,SD,57078-3724,Private      ,149,177,326,482,322,804
00346600,NORTHERN STATE UNIVERSITY               ,SD,57401-7198,Public       ,269,176,445,1329,457,1786
00346700,PRESENTATION COLLEGE                    ,SD,57401-1299,Private      ,97,159,256,321,387,708
00346900,UNIVERSITY OF SIOUX FALLS               ,SD,57105-1699,Private      ,198,126,324,1229,291,1520
00347000,SOUTH DAKOTA SCH OF MINES & TECH        ,SD,57701-3995,Public       ,290,162,452,1137,330,1467
00347100,SOUTH DAKOTA STATE UNIVERSITY           ,SD,57007-2298,Public       ,1913,989,2902,6298,1844,8142
00347400,UNIVERSITY OF SOUTH DAKOTA              ,SD,57069-2390,Public       ,1220,1352,2572,3744,2868,6612
00405600,SIOUX FALLS SEMINARY                    ,SD,57105-0000,Private      ,0,36,36,0,53,53
00405700,NATIONAL AMERICAN UNIVERSITY            ,SD,57701-3692,Proprietary  ,166,1911,2077,245,2534,2779
00405707,NATIONAL AMERICAN UNIVERSITY            ,SD,57105-0000,Proprietary  ,16,97,113,39,186,225
00492900,MCKENNAN HOSP-RADOLOGICAL TECH          ,SD,57101-0000,Private      ,5,3,8,16,7,23
00530900,LAKE AREA TECHNICAL INSTITUTE           ,SD,57201-2869,Public       ,269,116,385,602,230,832
00598700,AVERA SACRED HEART HOSPITAL SCHOOL OF RA,SD,57078-3899,Private      ,1,1,2,8,2,10
00776400,SOUTHEAST TECHNICAL INST                ,SD,57107-0000,Public       ,409,316,725,911,549,1460
00828400,MITCHELL TECHNICAL INSTITUTE            ,SD,57301-2002,Public       ,184,94,278,385,161,546
01013800,STEWART SCHOOL                          ,SD,57104-0000,Proprietary  ,31,21,52,54,26,80
01014804,COLORADO TECHNICAL UNIVERSITY           ,SD,57108-2272,Proprietary  ,86,242,328,229,686,915
01017000,WESTERN DAKOTA TECHNICAL INSTITUTE      ,SD,57701-4018,Public       ,159,266,425,290,476,766
01147701,SIOUX VALLEY HOSP-MEDICAL TECH          ,SD,57117-5039,Private      ,4,3,7,17,10,27
01465900,OGLALA LAKOTA COLLEGE                   ,SD,57752-0490,Public       ,63,382,445,108,539,647
02137100,BLACK HILLS BEAUTY COLLEGE              ,SD,57701-0000,Proprietary  ,19,24,43,33,33,66
02143700,SINTE GLESKA UNIVERSITY                 ,SD,57570-0000,Public       ,25,107,132,48,232,280
02144600,KILIAN COMMUNITY COLLEGE                ,SD,57103-7020,Private      ,41,158,199,51,212,263
02277300,SISSETON WAHPETON COLLEGE               ,SD,57262-0000,Public       ,3,26,29,9,47,56
02297800,HEADLINES ACADEMY                       ,SD,57701-0000,Proprietary  ,12,21,33,19,41,60
00347700,AQUINAS COLLEGE                         ,TN,37205-2086,Private      ,61,215,276,210,504,714
00347701,AQUINAS COLLEGE -  PRIMETIME PROGRAM    ,TN,37214-3644,Private      ,2,75,77,6,143,149
00347800,AUSTIN PEAY STATE UNIVERSITY            ,TN,37044-0002,Public       ,1600,1999,3599,5064,4274,9338
00347900,BELMONT UNIVERSITY                      ,TN,37212-3757,Private      ,692,585,1277,4319,1593,5912
00348000,BETHEL COLLEGE                          ,TN,38201-1705,Private      ,247,615,862,1080,1535,2615
00348100,CARSON-NEWMAN COLLEGE                   ,TN,37760-2204,Private      ,459,159,618,2571,413,2984
00348200,CHRISTIAN BROTHERS UNIVERSITY           ,TN,38104-5581,Private      ,287,341,628,1781,929,2710
00348300,COLUMBIA STATE COMMUNITY COLLEGE        ,TN,38401-5653,Public       ,732,754,1486,1754,1488,3242
00348500,CUMBERLAND UNIVERSITY                   ,TN,37087-3554,Private      ,273,199,472,1115,466,1581
00348600,LIPSCOMB UNIVERSITY                     ,TN,37204-3951,Private      ,627,303,930,2399,705,3104
00348700,EAST TENNESSEE STATE UNIV - MAIN CAMPUS ,TN,37614-2857,Public       ,2426,1631,4057,8232,4364,12596
00348701,EAST TENNESSEE STATE UNIV - MEDICINE    ,TN,37614-1708,Public       ,30,151,181,120,324,444
00348709,EAST TENNESSEE STATE UNIV - PHARMACY    ,TN,37614-1704,Public       ,20,104,124,77,244,321
00349000,FISK UNIVERSITY                         ,TN,37208-3045,Private      ,289,88,377,1250,230,1480
00349200,FREED-HARDEMAN UNIVERSITY               ,TN,38340-2399,Private      ,334,331,665,1490,594,2084
00349400,HIWASSEE COLLEGE                        ,TN,37354-4001,Private      ,33,10,43,309,68,377
00349500,JOHNSON BIBLE COLLEGE                   ,TN,37998-9775,Private      ,151,87,238,444,194,638
00349600,KING COLLEGE                            ,TN,37620-2699,Private      ,269,300,569,1061,596,1657
00349800,LAMBUTH UNIVERSITY                      ,TN,38301-5296,Private      ,215,70,285,1098,240,1338
00349900,LANE COLLEGE                            ,TN,38301-4598,Private      ,733,224,957,2467,697,3164
00350000,LEE UNIVERSITY                          ,TN,37320-0000,Private      ,776,325,1101,2864,770,3634
00350100,LEMOYNE-OWEN COLLEGE                    ,TN,38126-6510,Private      ,183,238,421,604,631,1235
00350200,LINCOLN MEMORIAL UNIVERSITY             ,TN,37752-7920,Private      ,328,1022,1350,1188,2051,3239
00350400,MARTIN METHODIST COLLEGE                ,TN,38478-2799,Private      ,187,91,278,745,286,1031
00350500,MARYVILLE COLLEGE                       ,TN,37804-5907,Private      ,366,52,418,1740,149,1889
00350600,MEHARRY MEDICAL COLLEGE                 ,TN,37208-0000,Private      ,8,471,479,29,1082,1111
00350700,MEMPHIS COLLEGE OF ART                  ,TN,38104-2764,Private      ,140,50,190,455,135,590
00350900,UNIVERSITY OF MEMPHIS (THE)             ,TN,38152-4611,Public       ,3599,3966,7565,11496,10078,21574
00351000,MIDDLE TENNESSEE STATE UNIV             ,TN,37130-0000,Public       ,6258,3195,9453,16416,6450,22866
00351100,MILLIGAN COLLEGE                        ,TN,37682-4001,Private      ,157,124,281,922,356,1278
00351700,SOUTHERN COLLEGE OF OPTOMETRY           ,TN,38104-2222,Private      ,6,77,83,12,563,575
00351800,SOUTHERN ADVENTIST UNIVERSITY           ,TN,37315-0370,Private      ,677,176,853,1761,419,2180
00351900,RHODES COLLEGE                          ,TN,38112-1690,Private      ,322,57,379,2165,161,2326
00352200,TENNESSEE STATE UNIVERSITY              ,TN,37209-1561,Public       ,2376,2200,4576,8721,5124,13845
00352201,TENNESSEE STATE UNIVERSITY - AVON WILLIA,TN,37203-3401,Public       ,1,15,16,1,15,16
00352300,TENNESSEE TECHNOLOGICAL UNIV            ,TN,38505-0001,Public       ,2127,1141,3268,6819,2354,9173
00352400,TENNESSEE TEMPLE UNIVERSITY             ,TN,37404-3587,Private      ,121,80,201,401,207,608
00352500,TENNESSEE WESLEYAN COLLEGE              ,TN,37371-0040,Private      ,211,110,321,926,334,1260
00352600,TREVECCA NAZARENE UNIVERSITY            ,TN,37210-2877,Private      ,313,658,971,965,1254,2219
00352700,TUSCULUM COLLEGE                        ,TN,37743-0001,Private      ,274,417,691,1699,1461,3160
00352800,UNION UNIVERSITY                        ,TN,38305-3697,Private      ,491,674,1165,1982,1277,3259
00352900,UNIVERSITY OF TENNESSEE-CHATTANOOGA     ,TN,37403-2598,Public       ,2609,1096,3705,8590,2519,11109
00353000,UNIVERSITY OF TENNESSEE-KNOXVILLE       ,TN,37996-0150,Public       ,5566,2522,8088,20745,6475,27220
00353006,UNIVERSITY OF TENNESSEE-HEALTH SCI CTR  ,TN,38103-0000,Public       ,84,892,976,289,2648,2937
00353100,UNIVERSITY OF TENNESSEE-MARTIN          ,TN,38238-0002,Public       ,1311,727,2038,5959,1888,7847
00353400,UNIVERSITY OF THE SOUTH                 ,TN,37383-1000,Private      ,143,13,156,1499,45,1544
00353500,VANDERBILT UNIVERSITY                   ,TN,37240-0001,Private      ,1387,1204,2591,10083,4601,14684
00353501,VANDERBILT UNIV MED CTR ALLIEDHEAL      ,TN,37232-5510,Private      ,5,74,79,29,165,194
00353502,VANDERBILT UNIV - SCH OF MED            ,TN,37232-0000,Private      ,14,195,209,59,836,895
00353600,BRYAN COLLEGE                           ,TN,37321-7000,Private      ,206,124,330,894,268,1162
00399800,CHATTANOOGA STATE TECH CMTY CLG         ,TN,37406-1097,Public       ,1078,1725,2803,2727,3430,6157
00399900,CLEVELAND STATE COMMUNITY COLLEGE       ,TN,37312-2858,Public       ,389,594,983,1052,1244,2296
00402500,TN TECHNOLOGY CTR AT KNOXVILLE          ,TN,37919-2327,Public       ,127,284,411,250,557,807
00402600,TENNESSEE TECH. CNTR AT CROSSVILLE      ,TN,38555-4142,Public       ,57,163,220,148,322,470
00461700,NATIONAL COLLEGE OF BUSINESS & TECH     ,TN,37211-6605,Proprietary  ,106,628,734,141,1099,1240
00493400,DRAUGHONS JR CLG OF BUSINESS            ,TN,37217-1056,Proprietary  ,135,719,854,208,1314,1522
00493700,JACKSON STATE COMMUNITY COLLEGE         ,TN,38301-3797,Public       ,529,766,1295,1961,1975,3936
00493800,SOUTH COLLEGE                           ,TN,37909-3323,Proprietary  ,75,363,438,211,780,991
00494700,WEST TENNESSEE BUSINESS COLLEGE         ,TN,38301-3256,Proprietary  ,31,137,168,71,267,338
00528000,TN TECHNOLOGY CTR AT COVINGTON          ,TN,38019-0249,Public       ,38,99,137,68,181,249
00528100,TN TECHNOLOGY CTR AT ELIZABETHTON       ,TN,37643-0789,Public       ,76,245,321,144,496,640
00528200,TN TECHNOLOGY CTR AT HARTSVILLE         ,TN,37074-0000,Public       ,49,76,125,111,171,282
00528300,TN TECHNOLOGY CTR AT NEWBERN            ,TN,38059-1198,Public       ,31,81,112,81,215,296
00530700,TN TECHNOLOGY CTR AT MCMINNVILLE        ,TN,37110-1322,Public       ,50,102,152,94,215,309
00535100,TENNESSEE TECHNOLOGY CENTER AT MORRISTOW,TN,37813-2094,Public       ,143,286,429,294,597,891
00535200,TN TECHNOLOGY CENTER AT MCKENZIE        ,TN,38201-1620,Public       ,46,77,123,129,215,344
00535300,TN TECHNOLOGY CENTER AT LIVINGSTON      ,TN,38570-0219,Public       ,72,128,200,149,253,402
00535400,TN TECHNOLOGY CTR AT JACKSON            ,TN,38301-0000,Public       ,108,218,326,304,621,925
00535600,TENNESSEE TECHNOLOGY CENTER AT HOHENWALD,TN,38462-0000,Public       ,70,104,174,161,198,359
00535700,TENNESSEE TECHNOLOGY CENTER AT CRUMP    ,TN,38327-3402,Public       ,48,101,149,138,250,388
00535800,TN TECHNOLOGY CENTER AT ATHENS          ,TN,37371-0848,Public       ,51,119,170,150,299,449
00535900,TENNESSEE TECHNOLOGY CENTER AT NASHVILLE,TN,37209-0000,Public       ,124,348,472,237,579,816
00536000,TENNESSEE TECHNOLOGY CENTER AT MEMPHIS  ,TN,38105-3604,Public       ,221,542,763,475,1127,1602
00537800,NORTHEAST STATE TECH CMNTY COLG         ,TN,37617-0246,Public       ,670,915,1585,1878,2073,3951
00537900,TN TECHNOLOGY CTR AT SHELBYVILLE        ,TN,37160-3697,Public       ,128,233,361,293,496,789
00683500,DYERSBURG STATE COMMUNITY COLLEGE       ,TN,38024-0000,Public       ,313,539,852,1009,1214,2223
00683600,MOTLOW STATE COMMUNITY COLLEGE          ,TN,37388-7972,Public       ,644,741,1385,1588,1391,2979
00743900,FOUNTAINHEAD COLLEGE OF TECHNOLOGY      ,TN,37918-2583,Proprietary  ,18,69,87,41,139,180
00744000,NASHVILLE AUTO DIESEL COLLEGE           ,TN,37206-3298,Proprietary  ,742,241,983,1726,469,2195
00778200,TENNESSEE TECHNOLOGY CENTER AT DICKSON  ,TN,37055-0000,Public       ,82,209,291,179,417,596
00778300,MIDDLE TENNESSEE SCH OF ANESTHESIA      ,TN,37116-0417,Private      ,4,67,71,11,148,159
00814500,NASHVILLE STATE TECH CMNTY COLLEGE      ,TN,37209-0000,Public       ,744,1456,2200,1557,2740,4297
00865500,GENESIS CAREER COLLEGE OF COOKEVILLE    ,TN,38501-1959,Proprietary  ,10,47,57,17,56,73
00885900,JOHN A GUPTON COLLEGE                   ,TN,37203-2934,Private      ,17,38,55,54,86,140
00886300,WALTERS STATE COMMUNITY COLLEGE         ,TN,37813-6899,Public       ,948,1131,2079,2614,2204,4818
00946400,TN TECHNOLOGY CTR AT PULASKI            ,TN,38478-4541,Public       ,34,79,113,80,178,258
00956700,TENNESSEE SCHOOL OF BEAUTY              ,TN,37921-3303,Proprietary  ,34,67,101,66,118,184
00971000,TENNESSEE TECHNOLOGY CENTER AT ONEIDA/HU,TN,37756-4149,Public       ,25,92,117,45,142,187
00991200,VOLUNTEER STATE COMMUNITY COLLEGE       ,TN,37066-3188,Public       ,935,1120,2055,2161,2134,4295
00991400,ROANE STATE COMMUNITY COLLEGE           ,TN,37748-8664,Public       ,863,989,1852,2145,2017,4162
00998200,CRICHTON COLLEGE                        ,TN,38111-4745,Private      ,136,317,453,426,814,1240
01021700,INTERNATIONAL ACADEMY OF DESIGN & TECH  ,TN,37212-0000,Proprietary  ,184,237,421,330,418,748
01032600,TN TECHNOLOGY CTR AT HARRIMAN           ,TN,37748-1109,Public       ,34,69,103,80,152,232
01043900,SOUTHWEST TENNESSEE COMMUNITY COLLG     ,TN,38104-3322,Public       ,1593,2955,4548,3628,6263,9891
01044700,"PLAZA BEAUTY SCHOOL, INC.               ",TN,38117-4822,Proprietary  ,14,45,59,22,68,90
01046000,AMERICAN BAPTIST THEOLOGICAL SEMINA     ,TN,37207-4994,Private      ,4,30,34,16,66,82
01052900,MEMPHIS THEOLOGICAL SEMINARY            ,TN,38104-0000,Private      ,0,73,73,0,126,126
01070000,TN TECHNOLOGY CENTER AT JACKSBORO       ,TN,37757-2461,Public       ,48,65,113,83,135,218
01155300,WM R MOORE COLLEGE OF TECHNOLOGY        ,TN,38104-0000,Private      ,17,41,58,35,70,105
01216400,TENNESSEE TECHNICAL CNTR AT RIPLEY      ,TN,38063-7359,Public       ,16,60,76,27,130,157
01254700,EMMANUEL SCHOOL OF RELIGION             ,TN,37601-0000,Private      ,0,14,14,1,28,29
01269300,PELLISSIPPI STATE COMMUNITY COLLEGE     ,TN,37933-0990,Public       ,1279,1108,2387,2906,2243,5149
02092800,TENNESSEE TECHNOLOGY CENTER AT WHITEVILL,TN,38075-0000,Public       ,51,93,144,80,167,247
02103500,TN TECHNOLOGY CTR AT MURFREESBORO       ,TN,37129-0000,Public       ,71,136,207,142,237,379
02106400,O'MORE COLLEGE OF DESIGN                ,TN,37064-0000,Private      ,44,28,72,153,48,201
02125300,NASHVILLE CLG OF MEDICAL CAREERS        ,TN,37115-0000,Proprietary  ,10,73,83,20,121,141
02153100,JON NAVE UNIVERSITY OF COSMETOLOGY      ,TN,37013-3347,Proprietary  ,41,75,116,55,85,140
02157100,CONCORDE CAREER COLLEGE                 ,TN,38137-0000,Proprietary  ,81,491,572,159,889,1048
02188300,CHURCH OF GOD THEOLOGICAL SEMINARY      ,TN,37320-0000,Private      ,0,83,83,1,133,134
02204200,"CHATTANOOGA COLLEGE - MEDICAL, DENTAL AN",TN,37411-0000,Proprietary  ,17,118,135,41,215,256
02237900,TN TECHNOLOGY CENTER AT PARIS           ,TN,38242-0000,Public       ,50,149,199,124,354,478
02257400,ARNOLD'S BEAUTY SCHOOL                  ,TN,38358-0000,Proprietary  ,5,13,18,19,20,39
02263104,HIGH-TECH INSTITUTE - NASHVILLE         ,TN,37214-2531,Proprietary  ,19,17,36,62,46,108
02275500,REUBEN-ALLEN COLLEGE                    ,TN,37922-0000,Proprietary  ,10,13,23,16,25,41
02278700,MR WAYNES SCH OF UNISEX HAIR DESIGN     ,TN,38501-0000,Proprietary  ,3,11,14,6,17,23
02293900,VOLUNTEER BEAUTY ACADEMY-NASHVILLE      ,TN,37115-2112,Proprietary  ,6,18,24,6,26,32
02294000,VOLUNTEER BEAUTY ACADEMY-DYERSBURG      ,TN,38024-1622,Proprietary  ,7,21,28,10,28,38
02326200,KAPLAN CAREER INSTITUTE                 ,TN,37217-1342,Proprietary  ,44,217,261,76,401,477
02326202,KAPLAN CAREER INSTITUTE - THOMPSON LANE ,TN,37204-3692,Proprietary  ,4,22,26,6,32,38
02326300,MEDVANCE INSTITUTE                      ,TN,38501-4305,Proprietary  ,112,384,496,174,612,786
02335900,VOLUNTEER BEAUTY ACADEMY-NASHVILLE      ,TN,37209-3033,Proprietary  ,7,19,26,11,26,37
02359800,ITT TECHNICAL INSTITUTE                 ,TN,37214-3717,Proprietary  ,338,754,1092,496,964,1460
02498000,NEW WAVE HAIR ACADEMY                   ,TN,38128-0000,Proprietary  ,23,85,108,34,109,143
02539800,QUEEN CITY COLLEGE                      ,TN,37042-0000,Proprietary  ,19,70,89,28,113,141
02540000,TENNESSEE ACADEMY OF COSMETOLOGY        ,TN,38133-0000,Proprietary  ,1,9,10,6,21,27
02578200,NOSSI COLLEGE OF ART                    ,TN,37072-0000,Proprietary  ,100,96,196,196,219,415
02595000,FAYETTEVILLE BEAUTY SCHOOL              ,TN,37334-2909,Proprietary  ,4,15,19,5,18,23
02597600,NEW WAVE HAIR ACADEMY                   ,TN,38301-3812,Proprietary  ,13,79,92,21,128,149
02599710,VATTEROTT COLLEGE - MEMPHIS             ,TN,38132-1714,Proprietary  ,47,315,362,60,447,507
02605501,REMINGTON COLLEGE - MEMPHIS CAMPUS      ,TN,38132-0000,Proprietary  ,97,391,488,167,701,868
02614200,MILLER MOTTE BUSINESS COLLEGE           ,TN,37040-6023,Proprietary  ,93,307,400,125,502,627
02614203,MILLER-MOTTE TECHNICAL COLLEGE          ,TN,37421-0000,Proprietary  ,76,239,315,161,576,737
02614204,MILLER - MOTTE TECHNICAL COLLEGE - GOODL,TN,37072-1870,Proprietary  ,12,96,108,23,172,195
03001800,FREE WILL BAPTIST BIBLE COLLEGE         ,TN,37205-2498,Private      ,80,28,108,174,57,231
03008800,FRANKLIN ACADEMY                        ,TN,37312-3939,Private      ,5,24,29,8,26,34
03010606,VIRGINIA COLLEGE - SCH OF BUSNSS & HLTH ,TN,37411-5600,Proprietary  ,16,34,50,34,70,104
03012500,NEW WAVE HAIR ACADEMY                   ,TN,38111-4253,Proprietary  ,44,151,195,69,216,285
03024900,TENNESSEE ACADEMY OF COSMETOLOGY        ,TN,38125-3442,Proprietary  ,5,4,9,16,25,41
03061100,GENESIS CAREER COLLEGE OF LEBANON       ,TN,37087-2718,Proprietary  ,12,57,69,15,62,77
03073400,ITT TECHNICAL INSTITUTE                 ,TN,37932-3343,Proprietary  ,344,696,1040,470,850,1320
03076405,HIGH-TECH INSTITUTE - MEMPHIS           ,TN,38134-7345,Proprietary  ,25,49,74,54,123,177
03079100,NORTH CENTRAL INSTITUTE                 ,TN,37042-3116,Proprietary  ,5,19,24,9,23,32
03088800,WATKINS INSTITUTE COLLEGE OF ART & DESIG,TN,37228-1306,Private      ,107,86,193,304,168,472
03126900,STYLES & PROFILES BEAUTY COLLEGE        ,TN,38375-2109,Proprietary  ,3,8,11,6,8,14
03149300,NEW DIRECTIONS HAIR ACADEMY             ,TN,37209-0000,Proprietary  ,29,85,114,33,121,154
03355400,RICHMONT GRADUATE UNIVERSITY            ,TN,37404-0000,Private      ,1,40,41,8,68,76
03440300,BAPTIST MEMORIAL COLLEGE OF HEALTH      ,TN,38104-3104,Private      ,167,345,512,563,997,1560
03454300,TENNESSEE CAREER COLLEGE                ,TN,37214-2945,Proprietary  ,0,0,0,4,7,11
03480303,MEDVANCE INSTITUTE - NASHVILLE          ,TN,37203-1536,Proprietary  ,33,136,169,41,172,213
03513500,WILLIAMSON CHRISTIAN COLLEGE            ,TN,37067-8237,Private      ,7,17,24,10,25,35
03647300,NEW CONCEPTS SCHOOL OF COSMETOLOGY      ,TN,37311-7373,Proprietary  ,1,6,7,2,8,10
03683300,INTERNATIONAL BARBER & STYLE COLLEGE    ,TN,37218-2205,Proprietary  ,7,9,16,12,16,28
03701300,MEMPHIS INSTITUTE OF BARBERING          ,TN,38107-4334,Proprietary  ,8,32,40,8,32,40
03774400,SHEAR ACADEMY                           ,TN,38555-4177,Proprietary  ,3,5,8,7,15,22
03830300,SAE INSTITUTE OF TECHNOLOGY             ,TN,37203-4310,Proprietary  ,51,69,120,99,125,224
03841300,CAREER BEAUTY COLLEGE                   ,TN,38464-3634,Proprietary  ,2,9,11,5,13,18
03920300,INSTITUTE OF HAIR DESIGN                ,TN,38310-1801,Proprietary  ,4,17,21,7,25,32
03930300,BUCHANAN BEAUTY COLLEGE                 ,TN,37160-2741,Proprietary  ,2,4,6,4,10,14
03982300,VISIBLE SCHOOL - MUSIC AND WORSHIPS ARTS,TN,38002-9755,Private      ,30,20,50,52,28,80
04025300,LAST MINUTE CUTS SCHOOL OF BARBERING AND,TN,38109-7709,Proprietary  ,7,9,16,14,22,36
04035300,NAVE COSMETOLOGY ACADEMY                ,TN,38401-6335,Proprietary  ,15,40,55,23,50,73
04037400,MASON ACADEMY OF COSMETOLOGY            ,TN,38049-7048,Proprietary  ,0,0,0,0,2,2
04124100,ELITE COLLEGE OF COSMETOLOGY            ,TN,38351-1431,Proprietary  ,5,14,19,7,24,31
00353700,ABILENE CHRISTIAN UNIVERSITY            ,TX,79699-3701,Private      ,1264,533,1797,3300,888,4188
00353900,ALVIN COMMUNITY COLLEGE                 ,TX,77511-4807,Public       ,328,567,895,504,883,1387
00354000,AMARILLO COLLEGE                        ,TX,79109-2446,Public       ,958,1721,2679,1745,2855,4600
00354100,ANGELO STATE UNIVERSITY                 ,TX,76909-5069,Public       ,1684,706,2390,4620,1461,6081
00354300,AUSTIN COLLEGE                          ,TX,75090-4440,Private      ,522,61,583,1578,103,1681
00354400,AUSTIN PRESBYTERIAN THEOLOGICAL SEM     ,TX,78705-5797,Private      ,1,74,75,1,117,118
00354500,BAYLOR UNIVERSITY                       ,TX,76798-1458,Private      ,3146,1031,4177,13508,2998,16506
00354600,COASTAL BEND COLLEGE                    ,TX,78102-2197,Public       ,537,673,1210,947,1139,2086
00354900,BLINN COLLEGE                           ,TX,77833-4098,Public       ,3160,1186,4346,5684,2020,7704
00355300,CISCO JUNIOR COLLEGE                    ,TX,76437-9803,Public       ,578,642,1220,1018,1024,2042
00355400,CLARENDON COLLEGE                       ,TX,79226-0000,Public       ,144,91,235,268,127,395
00355600,COMMONWEALTH INST OF FUNERAL SVC        ,TX,77090-5918,Private      ,19,48,67,33,87,120
00355700,CONCORDIA UNIVERSITY TEXAS              ,TX,78726-4141,Private      ,405,667,1072,917,1035,1952
00355800,NORTH CENTRAL TEXAS COLLEGE             ,TX,76240-4699,Public       ,788,895,1683,1284,1561,2845
00356000,DALLAS BAPTIST UNIVERSITY               ,TX,75211-9299,Private      ,800,1186,1986,1773,2009,3782
00356100,CEDAR VALLEY COLLEGE                    ,TX,75134-0000,Public       ,526,867,1393,899,1440,2339
00356200,DALLAS THEOLOGICAL SEM                  ,TX,75204-0000,Private      ,7,237,244,10,407,417
00356300,DEL MAR COLLEGE                         ,TX,78404-3897,Public       ,1737,2230,3967,2975,3562,6537
00356400,EAST TEXAS BAPTIST UNIVERSITY           ,TX,75670-1423,Private      ,629,121,750,1312,219,1531
00356500,TEXAS A&M UNIVERSITY - COMMERCE         ,TX,75429-3011,Public       ,1283,1832,3115,2824,3372,6196
00356600,EPISCOPAL THEOL SEM OF THE STHWST       ,TX,78768-0000,Private      ,0,2,2,0,9,9
00356800,FRANK PHILLIPS COLLEGE                  ,TX,79008-0000,Public       ,125,127,252,189,208,397
00357000,GRAYSON COUNTY COLLEGE                  ,TX,75020-8299,Public       ,517,800,1317,879,1288,2167
00357100,HARDIN-SIMMONS UNIVERSITY               ,TX,79698-6050,Private      ,819,391,1210,1838,652,2490
00357200,TRINITY VALLEY COMMUNITY COLLEGE        ,TX,75751-2734,Public       ,621,1004,1625,1070,1594,2664
00357300,HILL COLLEGE                            ,TX,76645-2711,Public       ,247,231,478,412,373,785
00357301,HILL COLLEGE                            ,TX,76031-0000,Public       ,202,377,579,314,615,929
00357400,HOWARD COLLEGE                          ,TX,79720-0213,Public       ,368,629,997,674,973,1647
00357500,HOWARD PAYNE UNIVERSITY                 ,TX,76801-2794,Private      ,434,145,579,1165,281,1446
00357600,HOUSTON BAPTIST UNIVERSITY              ,TX,77074-3298,Private      ,823,635,1458,2834,1319,4153
00357700,HUSTON - TILLOTSON UNIVERSITY           ,TX,78702-2795,Private      ,336,218,554,619,350,969
00357800,UNIVERSITY OF THE INCARNATE WORD        ,TX,78209-6398,Private      ,1397,1624,3021,3699,2940,6639
00357900,JACKSONVILLE COLLEGE                    ,TX,75766-4759,Private      ,92,43,135,141,64,205
00358000,KILGORE COLLEGE                         ,TX,75662-3299,Public       ,942,1122,2064,1634,1753,3387
00358100,LAMAR UNIVERSITY-BEAUMONT               ,TX,77710-0042,Public       ,2302,1767,4069,4907,2960,7867
00358200,LAREDO COMMUNITY COLLEGE                ,TX,78040-4395,Public       ,1547,1122,2669,2858,1850,4708
00358300,LEE COLLEGE                             ,TX,77520-4796,Public       ,485,1052,1537,704,1694,2398
00358400,LETOURNEAU UNIVERSITY                   ,TX,75607-0000,Private      ,439,940,1379,1334,1623,2957
00358500,LON MORRIS COLLEGE                      ,TX,75766-2900,Private      ,140,31,171,259,47,306
00358600,LUBBOCK CHRISTIAN UNIVERSITY            ,TX,79407-2099,Private      ,513,413,926,1032,666,1698
00358800,UNIVERSITY OF MARY HARDIN-BAYLOR        ,TX,76513-2599,Private      ,641,408,1049,2421,934,3355
00359000,MCLENNAN COMMUNITY COLLEGE              ,TX,76708-1498,Public       ,1314,2075,3389,2259,3288,5547
00359100,MCMURRY UNIVERSITY                      ,TX,79697-0001,Private      ,539,221,760,1443,453,1896
00359200,MIDWESTERN STATE UNIVERSITY             ,TX,76308-2099,Public       ,1223,954,2177,2714,1738,4452
00359300,NAVARRO COLLEGE                         ,TX,75110-4818,Public       ,1121,1262,2383,1925,1981,3906
00359400,UNIVERSITY OF NORTH TEXAS               ,TX,76203-1370,Public       ,8237,6032,14269,18694,11082,29776
00359500,OBLATE SCHOOL OF THEOLOGY               ,TX,78216-0000,Private      ,0,4,4,0,5,5
00359600,ODESSA COLLEGE                          ,TX,79764-7127,Public       ,504,677,1181,829,1155,1984
00359800,OUR LADY OF THE LAKE UNIVERSITY         ,TX,78207-4689,Private      ,703,982,1685,1869,1691,3560
00359900,UNIVERSITY OF TEXAS - PAN AMERICAN      ,TX,78541-2999,Public       ,3915,3016,6931,11123,5906,17029
00360000,PANOLA COLLEGE                          ,TX,75633-2397,Public       ,307,374,681,494,567,1061
00360100,PARIS JR COLLEGE                        ,TX,75460-6298,Public       ,447,730,1177,823,1167,1990
00360200,PAUL QUINN COLLEGE                      ,TX,75241-4398,Private      ,201,270,471,349,424,773
00360300,RANGER COLLEGE                          ,TX,76470-3298,Public       ,170,103,273,273,173,446
00360400,RICE UNIVERSITY                         ,TX,77251-1892,Private      ,824,553,1377,6117,1356,7473
00360600,SAM HOUSTON STATE UNIVERSITY            ,TX,77340-0000,Public       ,4594,2200,6794,10480,4049,14529
00360700,ALAMO CMTY CLG DISTRICT PROGRAM         ,TX,78207-0000,Public       ,113,140,253,198,245,443
00360800,ST PHILLIPS COLLEGE                     ,TX,78203-2098,Public       ,1593,2612,4205,2523,4249,6772
00360900,SAN JACINTO CLG-CENTRAL-NORTH-SOUTH     ,TX,77501-0000,Public       ,2276,2948,5224,3573,4647,8220
00361000,SCHREINER UNIVERSITY                    ,TX,78028-5697,Private      ,435,147,582,1114,301,1415
00361100,SOUTH PLAINS COLLEGE                    ,TX,79336-6504,Public       ,1554,1511,3065,2902,2509,5411
00361200,UNIV OF HOUSTON-DOWNTOWN                ,TX,77002-1001,Public       ,2203,2999,5202,4471,5720,10191
00361300,SOUTHERN METHODIST UNIVERSITY           ,TX,75275-0181,Private      ,1131,1644,2775,4651,3457,8108
00361400,SOUTHWEST TEXAS JR COLLEGE              ,TX,78801-6221,Public       ,764,827,1591,1359,1295,2654
00361500,TEXAS STATE UNIVERSITY--SAN MARCOS      ,TX,78666-4602,Public       ,6997,4156,11153,17908,8521,26429
00361600,SOUTHWESTERN ASSEMBLIES OF GOD UNIV     ,TX,75165-2397,Private      ,473,325,798,975,559,1534
00361700,SOUTHWESTERN BAPTIST THEOL SEMINARY     ,TX,76122-0000,Private      ,16,64,80,36,123,159
00361800,SOUTHWESTERN CHRISTIAN COLLEGE          ,TX,75160-3400,Private      ,65,25,90,107,37,144
00361900,SOUTHWESTERN ADVENTIST UNIVERSITY       ,TX,76059-1922,Private      ,264,135,399,471,249,720
00362000,SOUTHWESTERN UNIVERSITY                 ,TX,78626-6111,Private      ,206,48,254,1703,108,1811
00362100,ST EDWARDS UNIVERSITY                   ,TX,78704-0000,Private      ,1251,958,2209,3856,1900,5756
00362300,ST MARY'S UNIV OF SAN ANTONIO           ,TX,78228-8500,Private      ,816,899,1715,3121,2232,5353
00362400,STEPHEN F AUSTIN STATE UNIVERSITY       ,TX,75962-0001,Public       ,3597,1553,5150,8551,2573,11124
00362500,SUL ROSS STATE UNIVERSITY               ,TX,79832-0113,Public       ,482,556,1038,1017,994,2011
00362600,TARRANT COUNTY COLLEGE                  ,TX,76102-6599,Public       ,3965,5255,9220,6578,9178,15756
00362700,TEMPLE COLLEGE                          ,TX,76504-7435,Public       ,635,1137,1772,1145,2050,3195
00362800,TEXARKANA COLLEGE                       ,TX,75599-0001,Public       ,607,751,1358,1077,1208,2285
00363000,PRAIRIE VIEW A&M UNIVERSITY             ,TX,77446-2967,Public       ,3177,1841,5018,7226,3159,10385
00363100,TARLETON STATE UNIVERSITY               ,TX,76402-0000,Public       ,1944,1664,3608,4245,3023,7268
00363200,TEXAS A&M UNIVERSITY                    ,TX,77842-0000,Public       ,8311,2459,10770,26284,5317,31601
00363400,TEXAS STATE TECHNICAL CLG AT WACO       ,TX,76705-1695,Public       ,974,928,1902,1616,1465,3081
00363500,TEXAS CHIROPRACTIC COLLEGE              ,TX,77505-1699,Private      ,7,178,185,15,325,340
00363600,TEXAS CHRISTIAN UNIVERSITY              ,TX,76129-0001,Private      ,1864,974,2838,7024,1943,8967
00363700,JARVIS CHRISTIAN COLLEGE                ,TX,75765-1470,Private      ,265,85,350,419,118,537
00363800,TEXAS COLLEGE                           ,TX,75702-4500,Private      ,304,207,511,522,343,865
00363900,TEXAS A&M UNIVERSITY-KINGSVILLE         ,TX,78363-8203,Public       ,1784,1586,3370,4252,2651,6903
00364100,TEXAS LUTHERAN UNIVERSITY               ,TX,78155-5999,Private      ,608,100,708,1590,177,1767
00364200,TEXAS SOUTHERN UNIVERSITY               ,TX,77004-4598,Public       ,3243,3509,6752,6742,6675,13417
00364300,TEXAS SOUTHMOST COLLEGE                 ,TX,78520-4992,Public       ,60,123,183,142,213,355
00364400,TEXAS TECH UNIVERSITY                   ,TX,79409-0000,Public       ,5912,3010,8922,15339,6080,21419
00364500,TEXAS WESLEYAN UNIVERSITY               ,TX,76105-1536,Private      ,426,1392,1818,863,2859,3722
00364600,TEXAS WOMAN'S UNIVERSITY                ,TX,76204-5587,Public       ,1667,2737,4404,4227,6661,10888
00364700,TRINITY UNIVERSITY                      ,TX,78212-7200,Private      ,535,195,730,2662,377,3039
00364800,TYLER JUNIOR COLLEGE                    ,TX,75701-3436,Public       ,2195,1715,3910,3802,2735,6537
00365100,UNIVERSITY OF DALLAS                    ,TX,75062-4799,Private      ,341,416,757,1603,815,2418
00365200,UNIVERSITY OF HOUSTON                   ,TX,77204-2010,Public       ,8233,7102,15335,20093,14252,34345
00365400,UNIVERSITY OF ST THOMAS                 ,TX,77006-4626,Private      ,375,375,750,1171,756,1927
00365600,UNIVERSITY OF TEXAS-ARLINGTON           ,TX,76019-0000,Public       ,5196,5793,10989,11512,10864,22376
00365800,UNIVERSITY OF TEXAS-AUSTIN              ,TX,78713-7758,Public       ,8641,4929,13570,32405,14199,46604
00365900,UT HEALTH CENTER-SAN ANTONIO            ,TX,78229-3900,Public       ,161,1037,1198,406,2414,2820
00366100,UNIVERSITY OF TEXAS-EL PASO             ,TX,79968-0629,Public       ,3337,3095,6432,9407,7120,16527
00366200,VICTORIA COLLEGE (THE)                  ,TX,77901-4494,Public       ,486,657,1143,764,1174,1938
00366300,WAYLAND BAPTIST UNIVERSITY              ,TX,79072-6998,Private      ,409,1078,1487,756,1803,2559
00366400,WEATHERFORD COLLEGE                     ,TX,76086-5699,Public       ,642,680,1322,1082,1113,2195
00366500,WEST TEXAS A&M UNIVERSITY               ,TX,79016-0000,Public       ,1641,1281,2922,3589,2219,5808
00366800,WHARTON COUNTY JR COLLEGE               ,TX,77488-3298,Public       ,743,694,1437,1270,1149,2419
00366900,WILEY COLLEGE                           ,TX,75670-5199,Private      ,320,229,549,551,361,912
00400300,CENTRAL TEXAS COLLEGE                   ,TX,76540-4199,Public       ,655,2597,3252,1277,4865,6142
00407221,NORTHWOOD UNIVERSITY                    ,TX,75104-0000,Private      ,235,237,472,482,414,896
00445300,EL CENTRO COLLEGE                       ,TX,75202-0000,Public       ,887,1725,2612,1554,2888,4442
00481102,EVEREST INSTITUTE - EVEREST COLLEGE     ,TX,76011-6750,Proprietary  ,52,329,381,69,399,468
00494800,TEXAS A&M UNIV SYSTEM HEALTH SCI CT     ,TX,77840-7896,Public       ,69,418,487,117,949,1066
00494801,TEXAS A&M UNIV SYSTEMS-HSC              ,TX,77843-1114,Public       ,75,93,168,287,341,628
00494900,BAYLOR COLLEGE OF MEDICINE              ,TX,77030-0000,Private      ,41,400,441,151,1168,1319
00495100,UNIV OF TEXAS HEALTH SCIENCE CENTER     ,TX,77225-0000,Public       ,127,986,1113,281,2156,2437
00495200,UNIV OF TEXAS MEDICAL BRANCH            ,TX,77550-0000,Public       ,98,781,879,225,1690,1915
00497200,GALVESTON COLLEGE                       ,TX,77550-7447,Public       ,280,459,739,504,740,1244
00497700,SOUTH TEXAS COLLEGE OF LAW              ,TX,77002-0000,Private      ,8,783,791,19,1832,1851
00520307,REMINGTON COLLEGE - DALLAS CAMPUS       ,TX,75041-9935,Proprietary  ,22,32,54,33,56,89
00661200,COVENANT SCH OF NSG & ALLIED HEALTH     ,TX,79410-0000,Private      ,41,138,179,77,198,275
00666100,ANGELINA COLLEGE                        ,TX,75902-0000,Public       ,654,906,1560,1159,1400,2559
00694100,DALLAS CHRISTIAN COLLEGE                ,TX,75234-7229,Private      ,85,102,187,155,160,315
00709600,COLLEGE OF THE MAINLAND                 ,TX,77591-2499,Public       ,271,655,926,423,1021,1444
00728700,BRAZOSPORT COLLEGE                      ,TX,77566-3199,Public       ,231,380,611,404,572,976
00732907,ITT TECHNICAL INSTITUTE                 ,TX,77063-3751,Proprietary  ,47,72,119,94,142,236
00754805,WESTWOOD COLLEGE OF TECHNOLOGY          ,TX,77074-0000,Proprietary  ,123,179,302,185,242,427
00758602,REMINGTON COLLEGE - FORT WORTH CAMPUS   ,TX,76112-1280,Proprietary  ,82,259,341,114,370,484
00835300,LINCOLN COLLEGE OF TECHNOLOGY           ,TX,75052-0000,Proprietary  ,337,395,732,394,469,863
00849800,MIMS CLASSIC BEAUTY COLLEGE             ,TX,78216-0000,Proprietary  ,10,25,35,18,34,52
00850300,MOUNTAIN VIEW COLLEGE                   ,TX,75211-6599,Public       ,827,1175,2002,1473,1991,3464
00850400,RICHLAND COLLEGE                        ,TX,75243-2199,Public       ,1175,1478,2653,1966,2407,4373
00851000,EASTFIELD COLLEGE                       ,TX,75150-2099,Public       ,1059,1556,2615,1655,2580,4235
00907905,EVEREST COLLEGE                         ,TX,75206-5209,Proprietary  ,87,419,506,123,531,654
00908200,INTERNATIONAL BUSINESS COLLEGE          ,TX,79903-0000,Proprietary  ,29,140,169,43,153,196
00916300,SAN ANTONIO COLLEGE                     ,TX,78212-4299,Public       ,3849,5021,8870,6285,8248,14533
00922500,TEXAS STATE TECHNICAL COLLEGE  HARLINGEN,TX,78550-3697,Public       ,977,1115,2092,1990,1761,3751
00946600,KAPLAN CAREER INSTITUTE                 ,TX,78216-1899,Proprietary  ,132,533,665,177,798,975
00946607,SAN ANT COL OF MED & DENTAL - MCALLEN   ,TX,78503-1622,Proprietary  ,122,345,467,160,446,606
00946609,CAREER CENTERS OF TX - CORPUS CHRISTI   ,TX,78416-9900,Proprietary  ,57,303,360,90,480,570
00946610,KAPLAN CAREER INSTITUTE - CAREER CENTERS,TX,76103-2310,Proprietary  ,43,203,246,58,307,365
00954900,WESTERN TEXAS COLLEGE                   ,TX,79549-9501,Public       ,184,108,292,330,165,495
00965100,TEXAS A&M INTERNATIONAL UNIVERSITY      ,TX,78041-1900,Public       ,1239,1022,2261,3078,1787,4865
00974100,UNIVERSITY OF TEXAS AT DALLAS           ,TX,75083-0000,Public       ,2018,2669,4687,5085,4812,9897
00976800,UNIVERSITY OF NORTH TEXAS HEALTH SCIENCE,TX,76107-2699,Public       ,31,473,504,64,1160,1224
00979700,MIDLAND COLLEGE                         ,TX,79705-6397,Public       ,547,721,1268,983,1195,2178
00982802,EVEREST INSTITUTE- AUSTIN               ,TX,78754-0000,Proprietary  ,69,309,378,81,364,445
00993000,UNIVERSITY OF TEXAS-PERMIAN BASIN       ,TX,79762-0001,Public       ,599,741,1340,1098,1232,2330
00993200,TEXAS STATE TECH CLG-WEST TEXAS         ,TX,79556-4108,Public       ,168,281,449,287,428,715
00993201,TEXAS STATE TECH COLLEGE-ABILENE        ,TX,79601-0000,Public       ,59,127,186,111,202,313
00993204,TEXAS STATE TECH CLG-BRECKENRIDGE       ,TX,76424-0000,Public       ,6,55,61,10,86,96
00993205,TEXAS STATE TECH COLLEGE-BROWNWOOD      ,TX,76801-0000,Public       ,30,102,132,63,161,224
01001900,UNIV OF TEXAS SOUTHWESTERN MED CTR      ,TX,75390-9096,Public       ,46,565,611,102,1416,1518
01005700,AMERICAN COMMERCIAL COLLEGE             ,TX,79602-1399,Proprietary  ,13,76,89,19,94,113
01005900,AMERICAN COMMERCIAL COLLEGE             ,TX,79761-0000,Proprietary  ,16,92,108,19,120,139
01005901,AMERICAN COMMERCIAL COLLEGE - AMERICAN C,TX,76310-2303,Proprietary  ,13,58,71,14,89,103
01006000,VERNON COLLEGE                          ,TX,76384-4092,Public       ,351,633,984,623,1174,1797
01011500,UNIVERSITY OF TEXAS-SAN ANTONIO         ,TX,78249-0600,Public       ,7427,5257,12684,19399,10397,29796
01013000,WADE COLLEGE                            ,TX,75207-3199,Proprietary  ,97,79,176,136,131,267
01038700,EL PASO COMMUNITY COLLEGE               ,TX,79998-0000,Public       ,3807,3589,7396,7888,7558,15446
01050900,HALLMARK COLLEGE OF AERONAUTICS         ,TX,78214-0000,Proprietary  ,73,265,338,101,349,450
01062400,CENTRAL TEXAS COMMERCIAL COLLEGE        ,TX,75231-5033,Proprietary  ,5,7,12,10,25,35
01063300,HOUSTON COMMUNITY COLLEGE               ,TX,77002-0000,Public       ,3088,5786,8874,3904,7121,11025
01063303,HOUSTON COMMUNITY COLLEGE - CENTRAL     ,TX,77004-0000,Public       ,493,850,1343,1221,2683,3904
01063304,HOUSTON COMMUNITY COLLEGE - RICE AVIATIO,TX,77061-5001,Public       ,299,371,670,666,1176,1842
01063305,HOUSTON COMMUNITY COLLEGE - NORTHEAST CO,TX,77066-5221,Public       ,339,451,790,870,1446,2316
01063306,HOUSTON COMMUNITY COLLEGE - CENTRAL COLL,TX,77088-6372,Public       ,258,340,598,646,967,1613
01063339,HOUSTON COMMUNITY COLLEGE - STAFFORD    ,TX,77477-0000,Public       ,264,309,573,675,783,1458
01063347,HOUSTON COMMUNITY COLLEGE - SOUTHWEST   ,TX,77081-7849,Public       ,518,661,1179,1312,1894,3206
01063348,HOUSTON COMMUNITY COLLEGE - COLEMAN     ,TX,77030-0000,Public       ,81,304,385,219,927,1146
01067400,TEXAS TECH U HEALTH SCIENCES CENTER     ,TX,79430-0000,Public       ,194,1073,1267,478,2065,2543
01076100,DALLAS INSTITUTE OF FUNERAL SERVICE     ,TX,75227-4314,Private      ,18,43,61,27,72,99
01114500,LONE STAR COLLEGE SYSTEM DISTRICT       ,TX,77073-3499,Public       ,1705,2342,4047,2820,4098,6918
01114501,LONE STAR COLLEGE-KINGWOOD              ,TX,77339-0000,Public       ,435,805,1240,675,1290,1965
01114502,LONE STAR COLLEGE-TOMBALL               ,TX,77375-0000,Public       ,365,597,962,590,1030,1620
01114503,LONE STAR COLLEGE-MONTGOMERY            ,TX,77384-0000,Public       ,562,975,1537,952,1683,2635
01114504,LONE STAR COLLEGE-CY-FAIR               ,TX,77433-1383,Public       ,674,828,1502,1200,1572,2772
01116100,TEXAS A&M UNIV CORPUS CHRISTI           ,TX,78412-5599,Public       ,2367,1586,3953,5975,2915,8890
01116300,UNIVERSITY OF TEXAS AT TYLER            ,TX,75799-6699,Public       ,1332,1399,2731,2801,2421,5222
01171100,UNIVERSITY OF HOUSTON-CLEAR LAKE        ,TX,77058-1002,Public       ,596,2063,2659,1183,3868,5051
01201500,AUSTIN COMMUNITY COLLEGE                ,TX,78752-4390,Public       ,3653,4950,8603,6993,9415,16408
01202000,VICTORIA BEAUTY COLLEGE                 ,TX,77901-6233,Proprietary  ,9,40,49,14,48,62
01226800,BALDWIN BEAUTY SCHOOL #5                ,TX,78704-4785,Proprietary  ,14,43,57,22,62,84
01229700,LAREDO BEAUTY COLLEGE                   ,TX,78040-1051,Proprietary  ,28,107,135,30,137,167
01248200,ATI TECHNICAL TRAINING CENTER           ,TX,75235-4622,Proprietary  ,274,819,1093,291,871,1162
01248209,ATI CAREER TRAINING CENTER - GARLAND    ,TX,75041-2497,Proprietary  ,5,6,11,6,9,15
01248300,COSMETOLOGY CAREER CENTER               ,TX,75006-2566,Proprietary  ,35,114,149,48,149,197
01248800,INTERNATIONAL BEAUTY COLLEGE NO 3       ,TX,75040-0000,Proprietary  ,12,41,53,14,43,57
01276400,METROPLEX BEAUTY SCHOOL                 ,TX,75149-0000,Proprietary  ,12,23,35,17,35,52
01293000,CHARLES & SUE'S SCH OF HAIR DESIGN      ,TX,77801-0000,Proprietary  ,13,22,35,15,34,49
01293100,VELMA B'S BEAUTY ACADEMY                ,TX,75216-1511,Proprietary  ,4,20,24,7,26,33
01293200,INTERNATIONAL BEAUTY COLLEGE            ,TX,75061-4235,Proprietary  ,6,32,38,7,34,41
01300300,NEILSON BEAUTY COLLEGE                  ,TX,75208-4637,Proprietary  ,4,17,21,6,29,35
01301600,OGLE SCHOOL HAIR SKIN NAILS             ,TX,76013-7401,Proprietary  ,58,60,118,69,99,168
01323100,UNIVERSITY OF HOUSTON-VICTORIA          ,TX,77901-5731,Public       ,156,809,965,254,1376,1630
02058600,CONLEE'S COLLEGE OF COSMETOLOGY         ,TX,78028-0000,Proprietary  ,2,10,12,3,15,18
02069302,VATTEROTT COLLEGE - VATTEROTT EDUCATION ,TX,75220-5441,Proprietary  ,39,107,146,50,160,210
02074100,CAPITOL CITY TRADE & TECHNICAL SCH      ,TX,78704-0000,Proprietary  ,66,201,267,73,222,295
02077400,NORTH LAKE COLLEGE                      ,TX,75038-0000,Public       ,628,880,1508,1038,1479,2517
02078100,STEPHENVILLE BEAUTY COLLEGE             ,TX,76401-0000,Proprietary  ,4,8,12,6,12,18
02081400,ARLINGTON BAPTIST COLLEGE               ,TX,76012-0000,Private      ,40,37,77,58,61,119
02093600,SOUTHWEST SCHOOL OF ELECTRONIC          ,TX,78735-0000,Proprietary  ,4,10,14,7,16,23
02098300,WESTERN TECHNICAL COLLEGE               ,TX,79927-2105,Proprietary  ,111,121,232,169,151,320
02100200,BROOKHAVEN COLLEGE                      ,TX,75244-0000,Public       ,674,1196,1870,1079,1908,2987
02113610,AMERICAN INTERCONTINENTAL UNIV - HOUSTON,TX,77042-4516,Proprietary  ,44,196,240,108,393,501
02116008,SANFORD-BROWN COLLEGE - HOUSTON         ,TX,77036-8507,Proprietary  ,63,233,296,90,393,483
02116012,SANFORD-BROWN INSTITUTE - HOUSTON NORTH ,TX,77008-1058,Proprietary  ,35,136,171,54,236,290
02117100,ART INSTITUTE OF HOUSTON                ,TX,77056-0000,Proprietary  ,720,570,1290,1538,1209,2747
02119200,COURT REPORTING INSTITUTE OF DALLAS     ,TX,75247-6913,Proprietary  ,59,397,456,97,770,867
02119202,COURT REPORTING INSTIUTE OF HOUSTON     ,TX,77040-6315,Proprietary  ,7,38,45,7,39,46
02128302,INSTITUTE FOR BUSINESS & TECHNOLOGY - LA,TX,78230-2520,Proprietary  ,22,77,99,30,92,122
02136800,AMERICAN COMMERCIAL COLLEGE             ,TX,76904-0000,Proprietary  ,6,58,64,14,69,83
02144800,BRADFORD SCHOOL OF BUSINESS             ,TX,77027-9881,Proprietary  ,49,54,103,76,85,161
02176100,PIPO ACADEMY OF HAIR DESIGN             ,TX,79903-0000,Proprietary  ,9,19,28,12,21,33
02188600,AUSTIN BUSINESS COLLEGE                 ,TX,78741-0000,Proprietary  ,0,0,0,8,21,29
02200800,AMERICAN COMMERCIAL COLLEGE             ,TX,79411-0000,Proprietary  ,3,56,59,8,70,78
02218300,SOUTHWEST SCHOOL OF BUSINESS & TECHNICAL,TX,78221-0000,Proprietary  ,33,109,142,50,204,254
02218305,SOUTHWEST SCHOOL OF BUSINESS AND TECHNIC,TX,78501-6053,Proprietary  ,0,8,8,2,14,16
02218306,SOUTHWEST SCHOOL OF BUSINESS AND TECHNIC,TX,78413-2045,Proprietary  ,4,18,22,5,23,28
02224600,TRI-STATE BEAUTY SCHOOL #1              ,TX,79915-0000,Proprietary  ,43,124,167,49,132,181
02230500,OGLE SCHOOL HAIR SKIN NAILS             ,TX,76132-3638,Proprietary  ,72,122,194,93,156,249
02230600,OGLE SCHOOL HAIR SKIN NAILS             ,TX,76053-0000,Proprietary  ,27,48,75,34,75,109
02239100,CENTRAL TEXAS BEAUTY COLLEGE #2         ,TX,78664-0000,Proprietary  ,8,26,34,10,30,40
02248200,MILAN INSTITUTE OF COSMETOLOGY          ,TX,79103-0000,Proprietary  ,138,350,488,179,470,649
02254800,TEXAS VOCATIONAL SCHOOLS                ,TX,77901-0000,Proprietary  ,5,14,19,8,19,27
02259400,AMBERTON UNIVERSITY                     ,TX,75041-0000,Private      ,10,63,73,16,110,126
02261300,EVEREST INSTITUTE                       ,TX,78213-3841,Proprietary  ,58,386,444,65,412,477
02261302,EVEREST INSTITUTE - HOUSTON GREENSPOINT ,TX,77060-3249,Proprietary  ,88,408,496,104,494,598
02261303,EVEREST INSTITUTE - HOUSTON HOBBY       ,TX,77087-2737,Proprietary  ,90,409,499,97,440,537
02267100,EXPOSITO SCHOOL OF HAIR DESIGN          ,TX,79109-0000,Proprietary  ,7,27,34,10,41,51
02276000,FRANKLIN BEAUTY SCHOOL #2               ,TX,77021-0000,Proprietary  ,11,22,33,18,37,55
02285900,UNIVERSITY OF COSMETOLOGY ARTS&SCI      ,TX,78504-0000,Proprietary  ,33,109,142,49,167,216
02294800,CAPITOL CITY CAREERS                    ,TX,78745-0000,Proprietary  ,8,65,73,10,81,91
02298501,EVEREST COLLEGE- FORT WORTH             ,TX,76137-2472,Proprietary  ,36,230,266,47,268,315
02305300,PARKER COLLEGE OF CHIROPRACTIC          ,TX,75229-0000,Private      ,23,393,416,39,978,1017
02306700,FORT WORTH BEAUTY SCHOOL                ,TX,76116-3299,Proprietary  ,14,76,90,18,83,101
02312200,TEXAS SCHOOL OF BUSINESS                ,TX,77073-6032,Proprietary  ,38,149,187,50,179,229
02312201,TEXAS SCHOOL OF BUSINESS - SOUTHWEST CAM,TX,77057-0000,Proprietary  ,69,229,298,84,281,365
02312202,TEXAS SCHOOL OF BUSINESS - FRIENDSWOOD C,TX,77546-8938,Proprietary  ,32,206,238,34,214,248
02312203,TEXAS SCHOOL OF BUSINESS - EAST CAMPUS  ,TX,77029-1916,Proprietary  ,25,103,128,32,128,160
02313901,WESTWOOD COLLEGE - DALLAS               ,TX,75243-0000,Proprietary  ,126,234,360,215,358,573
02315400,NORTHEAST TEXAS COMMUNITY COLLEGE       ,TX,75456-0000,Public       ,413,443,856,670,703,1373
02318200,"KD STUDIO, ACTOR'S CONSERVATORY         ",TX,75207-2111,Proprietary  ,23,47,70,43,68,111
02320200,HOUSTON GRADUATE SCHOOL OF THEOLOGY     ,TX,77004-0000,Private      ,0,45,45,0,77,77
02326000,SAN ANTONIO BEAUTY COLLEGE NO 3         ,TX,78217-0000,Proprietary  ,15,23,38,17,35,52
02328600,ITT TECHNICAL INSTITUTE                 ,TX,76011-0000,Proprietary  ,110,239,349,161,282,443
02331200,BAPTIST MISSIONARY ASSN THEOL SEM       ,TX,75766-0000,Private      ,1,7,8,2,11,13
02331300,INTERACTIVE LEARNING SYSTEMS            ,TX,75247-0000,Proprietary  ,0,29,29,0,29,29
02331301,INTERACTIVE LEARNING SYSTEMS            ,TX,77081-0000,Proprietary  ,11,96,107,13,113,126
02331303,INTERACTIVE LEARNING SYSTEMS            ,TX,77502-0000,Proprietary  ,9,63,72,11,77,88
02331304,INTERACTIVE LEARNING SYSTEMS            ,TX,77060-0000,Proprietary  ,4,59,63,6,60,66
02341300,PALO ALTO COLLEGE                       ,TX,78224-0000,Public       ,1716,2000,3716,2660,3025,5685
02348500,LAMAR STATE COLLEGE-PORT ARTHUR         ,TX,77640-0000,Public       ,271,454,725,477,697,1174
02357700,ACADEMY OF HAIR DESIGN                  ,TX,77090-0000,Proprietary  ,30,45,75,43,58,101
02358200,LAMAR STATE COLLEGE-ORANGE              ,TX,77630-0000,Public       ,195,522,717,349,795,1144
02361400,COLLIN COUNTY COMMUNITY COLLEGE         ,TX,75071-0000,Public       ,1453,1705,3158,2433,2813,5246
02362000,UNIVERSAL TECHNICAL INSTITUTE           ,TX,77073-0000,Proprietary  ,1819,710,2529,2893,1143,4036
02362800,AUSTIN GRADUATE SCHOOL OF THEOLOGY      ,TX,78752-1333,Private      ,1,20,21,4,27,31
02521200,ARLINGTON CAREER INSTITUTE              ,TX,75050-0000,Proprietary  ,14,135,149,20,169,189
02521800,SEGUIN BEAUTY SCHOOL                    ,TX,78155-0000,Proprietary  ,9,21,30,10,23,33
02527500,HOUSTON TRAINING SCHOOLS                ,TX,77020-0000,Proprietary  ,22,115,137,23,127,150
02530700,SEBRING CAREER SCHOOLS                  ,TX,77083-1510,Proprietary  ,6,11,17,7,13,20
02539600,ART INSTITUTE OF DALLAS                 ,TX,75231-5993,Proprietary  ,785,610,1395,1282,865,2147
02548800,SOUTH TEXAS VO-TECH INSTITUTE           ,TX,78596-0000,Proprietary  ,141,431,572,153,451,604
02548802,SOUTH TEXAS VOCATIONAL TECHNICAL INSTITU,TX,78520-8710,Proprietary  ,5,5,10,11,13,24
02549400,SOUTH TEXAS VO-TECH INSTITUTE           ,TX,78501-0000,Proprietary  ,132,221,353,161,239,400
02555400,UNIV OF TX MD ANDERSON CANCER CTR       ,TX,77030-0000,Public       ,24,83,107,54,156,210
02557400,STAR COLLEGE OF COSMETOLOGY             ,TX,75961-0000,Proprietary  ,2,2,4,2,5,7
02568100,TEXAS BARBER COLLEGES & HAIRSTYLING     ,TX,75208-0000,Proprietary  ,76,296,372,96,399,495
02569300,TEXAS CULINARY ACADEMY                  ,TX,78758-3403,Proprietary  ,329,542,871,614,877,1491
02572000,COMPUTER CAREER CENTER                  ,TX,79925-2021,Proprietary  ,11,76,87,17,87,104
02572100,"CAREER ACADEMY, INC.                    ",TX,75501-0000,Proprietary  ,1,9,10,4,16,20
02580100,IVERSON BUSINESS SCH & COURT REPORT     ,TX,76011-1344,Proprietary  ,40,126,166,48,216,264
02591100,CAREER POINT INSTITUTE                  ,TX,78201-2027,Proprietary  ,89,678,767,126,888,1014
02591900,CAREER CENTERS OF TEXAS - EL PASO       ,TX,79907-1525,Proprietary  ,149,394,543,188,541,729
02591905,CAREER CENTERS OF TEXAS-BROWNSVILLE     ,TX,78521-9905,Proprietary  ,84,184,268,109,280,389
02596400,REDSTONE COLLEGE - LOS ANGELES          ,TX,77061-0000,Proprietary  ,50,69,119,181,194,375
02596412,WESTWOOD COLLEGE OF AVIATION TECHNOLOGY ,TX,77061-5114,Proprietary  ,5,14,19,15,19,34
02596500,ATI CAREER TRAINING CENTER              ,TX,76180-1599,Proprietary  ,239,684,923,268,788,1056
02596600,ATI-CAREER TRAINING CENTER              ,TX,75220-4443,Proprietary  ,277,1071,1348,322,1265,1587
02596601,ATI CAREER TRAINING CENTER - RICHARDSON ,TX,75081-6745,Proprietary  ,9,5,14,11,6,17
02600200,OCEAN CORPORATION (THE)                 ,TX,77099-3479,Proprietary  ,45,171,216,62,252,314
02604700,CENTER FOR ADVANCED LEGAL STUDIES       ,TX,77098-4151,Proprietary  ,8,72,80,11,114,125
02606202,EVEREST COLLEGE - EVEREST INSTITUTE - BI,TX,77036-8014,Proprietary  ,108,383,491,117,413,530
02615000,SANFORD-BROWN INSTITUTE                 ,TX,75247-6931,Proprietary  ,142,545,687,222,875,1097
03009400,SW SCH BUS & TECH CAREERS               ,TX,78212-2840,Proprietary  ,2,13,15,2,15,17
03010000,VANGUARD INSTITUTE OF TECHNOLOGY        ,TX,78539-0000,Proprietary  ,0,0,0,2,1,3
03010604,VIRGINIA COLLEGE - VIRGINIA COLLEGE AT A,TX,78723-0000,Proprietary  ,66,262,328,83,332,415
03011800,SAN ANTONIO BEAUTY COLLEGE #4           ,TX,78226-1160,Proprietary  ,17,32,49,20,51,71
03019800,PCI HEALTH TRAINING CENTER              ,TX,75247-4720,Proprietary  ,79,197,276,106,263,369
03021500,SW SCH BUS & TECH CAREERS               ,TX,78852-4859,Proprietary  ,11,33,44,20,47,67
03023800,AIMS ACADEMY                            ,TX,75050-0000,Proprietary  ,4,9,13,7,12,19
03025000,TEXAS COLLEGE OF COSMETOLOGY            ,TX,79605-2001,Proprietary  ,19,45,64,24,51,75
03026500,REMINGTON COLLEGE - HOUSTON CAMPUS      ,TX,77082-1849,Proprietary  ,149,497,646,193,726,919
03026501,REMINGTON COLLEGE - NORTH HOUSTON CAMPUS,TX,77067-1849,Proprietary  ,17,39,56,29,73,102
03028800,CIRCLE J BEAUTY SCHOOL                  ,TX,77587-3714,Proprietary  ,13,70,83,16,74,90
03031408,INTERNATIONAL ACADEMY OF DESIGN AND TECH,TX,78229-2263,Proprietary  ,104,153,257,158,241,399
03032300,SCHOOL OF AUTOMOTIVE MACHINISTS         ,TX,77055-1803,Proprietary  ,28,34,62,48,60,108
03035200,JONES BEAUTY COLLEGE                    ,TX,75229-3734,Proprietary  ,8,23,31,10,37,47
03035300,SOUTHERN CAREERS INSTITUTE              ,TX,78704-5252,Proprietary  ,84,228,312,110,319,429
03035301,SOUTHERN CAREERS INSTITUTE              ,TX,78577-0000,Proprietary  ,58,120,178,78,175,253
03035302,SOUTHERN CAREERS INSTITUTE - CORPUS CHRI,TX,78414-2904,Proprietary  ,28,80,108,36,93,129
03035303,SOUTHERN CAREERS INSTITUTE - #1         ,TX,78221-4351,Proprietary  ,25,117,142,28,170,198
03035304,SOUTHERN CAREERS INSTITUTE-LAREDO       ,TX,78041-0000,Proprietary  ,7,11,18,8,15,23
03061800,STAR COLLEGE OF COSMETOLOGY             ,TX,75702-8214,Proprietary  ,17,43,60,25,70,95
03064600,UNIVERSITY OF TEXAS AT BROWNSVILLE      ,TX,78520-4993,Public       ,2277,2642,4919,5162,4613,9775
03071400,ITT TECHNICAL INSTITUTE                 ,TX,78249-3303,Proprietary  ,128,249,377,179,310,489
03075400,ICC TECHNICAL INSTITUTE                 ,TX,77004-2930,Private      ,6,9,15,9,21,30
03076403,HIGH-TECH INSTITUTE - DALLAS            ,TX,75038-4201,Proprietary  ,14,25,39,38,41,79
03079201,WESTWOOD COLLEGE OF TECHNOLOGY          ,TX,76180-0000,Proprietary  ,126,166,292,160,207,367
03091200,CAREERS UNLIMITED                       ,TX,75702-7110,Proprietary  ,3,12,15,5,20,25
03103400,SOUTH TEXAS COLLEGE                     ,TX,78501-6699,Public       ,3046,3563,6609,6522,5821,12343
03104700,TEXAS COLLEGE OF COSMETOLOGY            ,TX,76903-4708,Proprietary  ,12,35,47,17,38,55
03108700,ROYAL BEAUTY CAREERS                    ,TX,77069-4611,Proprietary  ,49,173,222,55,179,234
03111000,MID-CITIES BARBER COLLEGE               ,TX,75051-4810,Proprietary  ,12,19,31,14,30,44
03115800,TEXAS CAREERS                           ,TX,78213-3792,Proprietary  ,41,421,462,53,483,536
03115802,TEXAS CAREERS - LAREDO                  ,TX,78041-6181,Proprietary  ,28,106,134,33,117,150
03115803,TEXAS CAREERS - BEAUMONT                ,TX,77701-3706,Proprietary  ,34,160,194,53,245,298
03115804,TEXAS CAREERS - LUBBOCK                 ,TX,79401-2601,Proprietary  ,38,172,210,59,232,291
03128100,ACADEMY OF HEALTH CARE PROFESSIONS      ,TX,77092-8108,Proprietary  ,66,244,310,80,284,364
03144300,NATIONAL BEAUTY COLLEGE                 ,TX,75041-3433,Proprietary  ,3,10,13,3,12,15
03153300,AMER COLL OF ACUPUNCTURE & O.M.         ,TX,77063-4104,Proprietary  ,2,27,29,4,39,43
03156400,ACADEMY OF ORIENTAL MEDICINE AT AUSTIN  ,TX,78757-1132,Proprietary  ,1,127,128,5,178,183
03159300,ARLINGTON MEDICAL INSTITUTE             ,TX,76011-2645,Proprietary  ,18,43,61,38,71,109
03170300,TEXAS A&M UNIVERSITY-TEXARKANA          ,TX,75501-0000,Public       ,118,426,544,221,743,964
03179500,TEXAS COLG TRADITIONAL CHINESE MED      ,TX,78704-6748,Proprietary  ,1,43,44,4,72,76
03189400,COLLEGE OF SAINT THOMAS MORE            ,TX,76109-2323,Private      ,9,3,12,21,4,25
03237400,FARIS COMPUTER SCHOOL                   ,TX,77627-3829,Proprietary  ,0,10,10,0,13,13
03272300,SOUTHEASTERN CAREER INSTITUTE           ,TX,75234-7288,Proprietary  ,23,145,168,34,199,233
03272301,SOUTHEASTERN CAREER INSTITUTE - MIDLAND ,TX,79703-5531,Proprietary  ,5,46,51,8,62,70
03275300,TOUCH OF CLASS SCHOOL OF COSM           ,TX,75402-6314,Proprietary  ,12,41,53,14,43,57
03276300,ACADEMY OF HAIR DESIGN                  ,TX,75901-4900,Proprietary  ,6,23,29,10,28,38
03277300,ACADEMY OF HAIR DESIGN                  ,TX,77701-4650,Proprietary  ,5,13,18,7,16,23
03303300,NORTHWEST EDUCATIONAL CENTER            ,TX,77092-7055,Proprietary  ,7,60,67,7,60,67
03371300,TONI&GUY HAIRDRESSING ACADEMY           ,TX,75006-2351,Proprietary  ,34,37,71,51,62,113
03372300,NORTHWEST VISTA COLLEGE                 ,TX,78251-4217,Public       ,2091,1973,4064,3466,3267,6733
03396500,TEXAS STATE TECHNICAL COLG/MARSHALL     ,TX,75672-7402,Public       ,125,124,249,235,221,456
03400300,CAREER QUEST                            ,TX,78229-3539,Proprietary  ,3,14,17,3,26,29
03412300,ADVANCED BARBER COLLEGE & HAIR DESI     ,TX,78596-0000,Proprietary  ,15,43,58,16,45,61
03416500,DALLAS NURSING INSTITUTE                ,TX,75243-5502,Proprietary  ,44,314,358,76,537,613
03422300,MILAN INSTITUTE                         ,TX,78238-3327,Proprietary  ,117,181,298,164,236,400
03422400,COLLEGE OF BIBLICAL STUDIES-HOUSTON     ,TX,77036-3211,Private      ,20,209,229,28,333,361
03424400,MEDVANCE INSTITUTE                      ,TX,77057-7386,Proprietary  ,39,191,230,49,261,310
03424401,MEDVANCE INSTITUTE -                    ,TX,77060-3551,Proprietary  ,7,38,45,7,39,46
03426300,CAREER ADVANCEMENT CENTER               ,TX,78752-1470,Proprietary  ,13,87,100,17,133,150
03509400,CORYELL COSMETOLOGY COLLEGE             ,TX,76528-2036,Proprietary  ,2,3,5,2,5,7
03520300,LUBBOCK HAIR ACADEMY                    ,TX,79410-3524,Proprietary  ,2,24,26,10,32,42
03541300,BEHOLD! BEAUTY ACADEMY                  ,TX,77016-3725,Proprietary  ,0,0,0,3,8,11
03542300,CONCORDE CAREER INSTITUTE               ,TX,76011-4016,Proprietary  ,54,342,396,89,633,722
03551400,STATE BEAUTY ACADEMY                    ,TX,75116-3501,Proprietary  ,9,33,42,11,38,49
03556400,KUSSAD INSTITUTE OF COURT REPORTING     ,TX,78704-5712,Proprietary  ,2,12,14,3,23,26
03563300,ACADEMY OF COSEMTOLOGY                  ,TX,78745-2858,Proprietary  ,11,32,43,17,47,64
03573300,AVIATION INSTITUTE OF MAINTENANCE       ,TX,75209-3017,Proprietary  ,47,170,217,69,252,321
03610300,MJ'S BEAUTY ACADEMY INC                 ,TX,75224-4409,Proprietary  ,4,11,15,6,21,27
03612400,VALLEY GRANDE INSTITUTE FOR ACADEMI     ,TX,78596-0000,Private      ,29,103,132,38,138,176
03627300,LAMAR INSTITUTE OF TECHNOLOGY           ,TX,77705-4142,Public       ,454,649,1103,756,1105,1861
03676400,HEALTHY HAIR ACADEMY                    ,TX,75227-0000,Proprietary  ,6,31,37,8,34,42
03680300,JAY'S TECHNICAL INSTITUTE               ,TX,77031-3509,Proprietary  ,2,12,14,5,18,23
03682400,DALLAS BARBER & STYLIST COLLEGE         ,TX,75231-0000,Proprietary  ,12,27,39,16,50,66
03714300,TREND BARBER COLLEGE                    ,TX,77071-2104,Proprietary  ,8,54,62,16,69,85
03723300,CULINARY INST ALAIN & MARIE LENOTRE     ,TX,77022-4322,Proprietary  ,37,70,107,59,103,162
03727600,CULINARY ACADEMY OF AUSTIN              ,TX,78752-0000,Proprietary  ,33,32,65,62,63,125
03733300,BAPTIST UNIVERSITY OF THE AMERICAS      ,TX,78224-1336,Private      ,23,75,98,39,112,151
03756300,ANAMARC EDUCATIONAL INSTITUTE           ,TX,79930-6230,Proprietary  ,16,109,125,33,129,162
03885400,COMPUTER LABS                           ,TX,79906-5924,Proprietary  ,1,5,6,1,7,8
03885700,HOUSTON'S TRAINING AND EDUCATION CENTER ,TX,77036-2021,Proprietary  ,2,18,20,3,30,33
03922300,SOUTH TEXAS BARBER COLLEGE              ,TX,78415-3463,Proprietary  ,3,12,15,8,16,24
03926300,AMESED                                  ,TX,75081-0000,Proprietary  ,9,12,21,9,13,22
03944400,PROFESSIONAL CAREERS INSTITUTE          ,TX,77036-2252,Proprietary  ,5,34,39,9,47,56
03984300,ALLIED CAREER CENTER                    ,TX,75007-0000,Proprietary  ,0,2,2,1,6,7
03987300,TEXAS HEALTH SCHOOL                     ,TX,77079-2106,Proprietary  ,16,53,69,22,69,91
04036300,SOUTHEAST TEXAS CAREER INSTITUTE        ,TX,77656-8601,Proprietary  ,5,32,37,5,37,42
04045300,NORTHWEST BEAUTY SCHOOL                 ,TX,77091-1208,Proprietary  ,1,6,7,3,12,15
04045400,MAI-TRIX BEAUTY COLLEGE                 ,TX,77040-0000,Proprietary  ,1,3,4,5,7,12
04089400,CCI TRAINING CENTER                     ,TX,76011-4857,Proprietary  ,5,27,32,11,38,49
04117900,CHAMPION BEAUTY COLLEGE                 ,TX,77069-4611,Proprietary  ,8,15,23,15,33,48
04122100,BENCHMARK CAREER INSTITUTE              ,TX,75080-7426,Proprietary  ,0,0,0,0,2,2
04125400,ACADEMY AT AUSTIN (THE)                 ,TX,78660-3287,Proprietary  ,24,39,63,36,52,88
04125500,MANUEL AND THERESA'S SCHOOL OF HAIR DESI,TX,77803-3236,Proprietary  ,5,12,17,6,15,21
04131700,SOUTHWEST CAREER INSTITUTE              ,TX,79925-6230,Proprietary  ,26,58,84,26,59,85
00367000,BRIGHAM YOUNG UNIVERSITY                ,UT,84602-8406,Private      ,2876,4021,6897,6879,6475,13354
00367100,DIXIE STATE COLLEGE OF UTAH             ,UT,84770-3876,Public       ,612,772,1384,1050,1139,2189
00367200,LDS BUSINESS COLLEGE                    ,UT,84101-3500,Private      ,119,135,254,252,223,475
00367400,STEVENS HENAGER COLLEGE                 ,UT,84401-1420,Proprietary  ,218,1459,1677,231,1544,1775
00367500,UNIVERSITY OF UTAH                      ,UT,84112-9055,Public       ,1680,3552,5232,5637,8977,14614
00367600,COLLEGE OF EASTERN UTAH                 ,UT,84501-2699,Public       ,207,183,390,387,286,673
00367700,UTAH STATE UNIVERSITY                   ,UT,84322-1400,Public       ,1731,2851,4582,4126,5140,9266
00367800,SOUTHERN UTAH UNIVERSITY                ,UT,84720-2470,Public       ,940,864,1804,2067,1356,3423
00367900,SNOW COLLEGE                            ,UT,84627-1299,Public       ,557,184,741,1026,281,1307
00368000,WEBER STATE UNIVERSITY                  ,UT,84408-1136,Public       ,1068,2665,3733,2478,5266,7744
00368100,WESTMINSTER COLLEGE                     ,UT,84105-3697,Private      ,567,539,1106,1431,976,2407
00402700,UTAH VALLEY UNIVERSITY                  ,UT,84058-5999,Public       ,1781,3838,5619,3263,6386,9649
00522000,SALT LAKE COMMUNITY COLLEGE             ,UT,84123-0000,Public       ,1389,3050,4439,2362,5052,7414
00943300,SHERMAN KENDALL'S ACADEMY OF BEAUTY     ,UT,84106-1836,Proprietary  ,1,17,18,5,24,29
01009800,NEUMONT UNIVERSITY                      ,UT,84095-0000,Proprietary  ,105,71,176,248,103,351
01116500,UINTAH BASIN APPLIED TECHNOLOGY CLG     ,UT,84066-0000,Public       ,0,18,18,1,27,28
01116600,UTAH CAREER COLLEGE                     ,UT,84088-4021,Proprietary  ,142,547,689,159,614,773
02078800,SHERMAN KENDALL'S ACADEMY OF BEAUTY     ,UT,84047-0000,Proprietary  ,1,7,8,1,10,11
02115400,BRIDGERLAND APPLIED TECHNOLOGY COLLEGE  ,UT,84321-0000,Public       ,38,137,175,67,230,297
02156600,DAVIS APPLIED TECHNOLOGY COLLEGE        ,UT,84037-0000,Public       ,51,207,258,79,366,445
02178500,EAGLE GATE COLLEGE                      ,UT,84123-0000,Proprietary  ,72,356,428,80,479,559
02270800,AMERITECH COLLEGE                       ,UT,84604-6927,Proprietary  ,13,88,101,21,139,160
02270802,AMERITECH COLLEGE - DRAPER              ,UT,84020-6545,Proprietary  ,3,33,36,4,65,69
02298500,EVEREST COLLEGE                         ,UT,84119-2668,Proprietary  ,12,55,67,17,79,96
02346500,OGDEN-WEBER APPLIED TECHNOLOGY COLG     ,UT,84404-0000,Public       ,39,296,335,68,427,495
02360800,PROVO COLLEGE                           ,UT,84601-0000,Proprietary  ,80,187,267,102,245,347
02361000,ITT TECHNICAL INSTITUTE                 ,UT,84123-0000,Proprietary  ,60,356,416,72,384,456
02504000,MARINELLO SCHOOL OF BEAUTY              ,UT,84041-0000,Proprietary  ,6,26,32,8,37,45
02516100,STACEY'S HANDS OF CHAMPIONS BTY CLG     ,UT,84405-0000,Proprietary  ,8,9,17,13,16,29
02531800,VON CURTIS ACADEMY OF HAIR DESIGN       ,UT,84606-0000,Proprietary  ,127,184,311,192,217,409
02556800,HAIRITAGE COLLEGE OF BEAUTY             ,UT,84117-7204,Proprietary  ,20,17,37,25,25,50
02557700,PREMIER HAIR ACADEMY                    ,UT,84120-3603,Proprietary  ,4,12,16,5,22,27
02572700,EVANS HAIRSTYLING COLLEGE               ,UT,84770-0000,Proprietary  ,7,11,18,8,15,23
02572800,VISTA COLLEGE                           ,UT,84015-0000,Proprietary  ,2,20,22,5,26,31
02572801,CERTIFIED CAREERS INSTITUTE             ,UT,84015-0000,Proprietary  ,6,28,34,7,38,45
02573100,EVANS HAIRSTYLING COLLEGE               ,UT,84720-0000,Proprietary  ,9,11,20,13,17,30
02612200,MARINELLO SCHOOL OF BEAUTY              ,UT,84604-1585,Proprietary  ,25,22,47,41,33,74
03030600,UTAH COLLEGE OF MASSAGE THERAPY         ,UT,84111-1606,Proprietary  ,155,188,343,194,270,464
03030601,UTAH CLG OF MASSAGE THER-PROVO CMPS     ,UT,84042-0000,Proprietary  ,51,83,134,54,84,138
03082100,MYOTHERAPY COLLEGE OF UTAH              ,UT,84115-2522,Proprietary  ,4,17,21,7,26,33
03108200,ECHELON EDGE ACADEMY OF HAIR SKIN & NAIL,UT,84070-2004,Proprietary  ,0,2,2,0,6,6
03110400,HAIRITAGE HAIR ACADEMY                  ,UT,84770-5233,Proprietary  ,10,8,18,11,14,25
03339400,WESTERN GOVERNORS UNIVERSITY            ,UT,84107-2533,Private      ,87,3479,3566,133,5730,5863
03413300,MOUNTAINLAND APPLIED TECHNOLOGY COLLEGE ,UT,84058-5857,Public       ,19,48,67,25,71,96
03463300,CAREERS UNLIMITED                       ,UT,84058-0000,Proprietary  ,19,34,53,27,66,93
03617300,HEALING MOUNTAIN MASSAGE SCHOOL         ,UT,84111-3232,Proprietary  ,10,11,21,12,23,35
03829500,SKINWORKS SCHOOL OF ADVANCED SKINCARE   ,UT,84115-0000,Proprietary  ,3,21,24,6,29,35
03838300,OGDEN INSTITUTE OF MASSAGE THERAPY      ,UT,84403-0000,Proprietary  ,2,17,19,5,19,24
03902300,RENAISSANCE SCHOOL OF THERAPEUTIC MASSAG,UT,84010-2835,Proprietary  ,0,3,3,1,4,5
03909300,MAXIMUM STYLE TEC SCHOOL OF COSMETOLOGY ,UT,84323-4679,Proprietary  ,5,12,17,7,17,24
03921300,CAMEO COLLEGE OF ESSENTIAL BEAUTY       ,UT,84115-0000,Proprietary  ,23,61,84,39,79,118
04054300,SOUTHWEST APPLIED TECHNOLOGY COLLEGE    ,UT,84720-6608,Public       ,3,8,11,3,15,18
04072300,DALLAS ROBERTS ACADEMY OF HAIR DESIGN & ,UT,84604-1008,Proprietary  ,14,14,28,20,23,43
04118100,IMAGEWORKS ACADEMY OF HAIR DESIGN       ,UT,84660-1210,Proprietary  ,4,6,10,6,12,18
04121700,DIXIE APPLIED TECHNOLOGY COLLEGE        ,UT,84770-3025,Public       ,47,46,93,109,77,186
00368200,BENNINGTON COLLEGE                      ,VT,05201-6001,Private      ,168,73,241,917,241,1158
00368300,CASTLETON STATE COLLEGE                 ,VT,05735-0000,Public       ,491,130,621,2458,295,2753
00368400,CHAMPLAIN COLLEGE                       ,VT,05401-3950,Private      ,414,209,623,3022,512,3534
00368402,WOODBURY COLLEGE                        ,VT,05602-0000,Private      ,2,68,70,9,122,131
00368500,COLLEGE OF ST JOSEPH                    ,VT,05701-3899,Private      ,42,74,116,158,141,299
00368600,GODDARD COLLEGE                         ,VT,05667-0000,Private      ,20,377,397,50,666,716
00368700,GREEN MOUNTAIN COLLEGE                  ,VT,05764-1199,Private      ,286,64,350,1138,124,1262
00368800,JOHNSON STATE COLLEGE                   ,VT,05656-9898,Public       ,306,306,612,1285,661,1946
00368900,LYNDON STATE COLLEGE                    ,VT,05851-0919,Public       ,212,64,276,1431,228,1659
00369000,MARLBORO COLLEGE                        ,VT,05344-0300,Private      ,95,26,121,446,62,508
00369100,MIDDLEBURY COLLEGE                      ,VT,05753-0000,Private      ,545,152,697,3443,444,3887
00369200,NORWICH UNIVERSITY                      ,VT,05663-1035,Private      ,416,598,1014,2403,1124,3527
00369300,SOUTHERN VERMONT COLLEGE                ,VT,05201-6002,Private      ,88,52,140,539,125,664
00369400,ST MICHAELS COLLEGE                     ,VT,05439-0001,Private      ,473,50,523,3285,129,3414
00369600,UNIVERSITY OF VERMONT                   ,VT,05405-0160,Public       ,957,441,1398,15333,2272,17605
00369800,VERMONT TECHNICAL COLLEGE               ,VT,05061-0000,Public       ,227,179,406,1013,450,1463
00857500,SALON PROFESSIONAL ACADEMY (THE)        ,VT,05495-4001,Proprietary  ,19,15,34,45,36,81
00865800,O'BRIEN'S TRAINING CENTER               ,VT,05403-7747,Proprietary  ,3,7,10,11,13,24
00886000,SIT                                     ,VT,05301-4801,Private      ,6,141,147,15,436,451
01116700,COMMUNITY COLLEGE OF VERMONT            ,VT,05676-1552,Public       ,438,1339,1777,786,1968,2754
01193400,VERMONT LAW SCHOOL                      ,VT,05068-0000,Private      ,0,180,180,1,1002,1003
01218300,BURLINGTON COLLEGE                      ,VT,05401-8477,Private      ,34,32,66,109,77,186
02143500,STERLING COLLEGE                        ,VT,05827-0000,Private      ,34,6,40,123,17,140
02254000,NEW ENGLAND CULINARY INSTITUTE          ,VT,05602-0000,Proprietary  ,161,107,268,435,237,672
02532600,LANDMARK COLLEGE                        ,VT,05346-0000,Private      ,114,19,133,290,33,323
03708300,BURLINGTON TECHNICAL CENTER             ,VT,05401-2721,Public       ,2,6,8,5,7,12
00392800,CASPER COLLEGE                          ,WY,82601-4612,Public       ,375,363,738,804,613,1417
00392900,EASTERN WYOMING COLLEGE                 ,WY,82240-1603,Public       ,106,87,193,276,142,418
00393000,SHERIDAN COLLEGE                        ,WY,82801-9133,Public       ,196,199,395,505,363,868
00393100,NORTHWEST COLLEGE                       ,WY,82435-1895,Public       ,207,158,365,586,285,871
00393200,UNIVERSITY OF WYOMING                   ,WY,82071-3663,Public       ,1329,1125,2454,4821,2814,7635
00393300,WESTERN WYOMING COMMUNITY COLLEGE       ,WY,82902-0000,Public       ,255,250,505,475,419,894
00728900,CENTRAL WYOMING COLLEGE                 ,WY,82501-0000,Public       ,121,191,312,320,342,662
00915700,WYOMING TECHNICAL INSTITUTE             ,WY,82072-9519,Proprietary  ,1798,819,2617,3049,1211,4260
00925900,LARAMIE COUNTY COMMUNITY CLG            ,WY,82007-3299,Public       ,367,473,840,803,928,1731
02211900,CHEEKS INTERNATIONAL ACDMY              ,WY,82001-0000,Proprietary  ,12,46,58,18,59,77
03291300,BUSINESS SKILLS INSTITUTE A DEPARTMENT O,WY,82930-0000,Public       ,0,0,0,2,2,4
00393500,UNIV OF GUAM                            ,GU,96923-0000,Public       ,598,431,1029,921,731,1652
01536100,GUAM COMMUNITY COLLEGE                  ,GU,96921-0000,Public       ,260,369,629,361,547,908
03438300,PACIFIC ISLANDS BIBLE COLLEGE           ,GU,96913-2619,Private      ,16,15,31,21,20,41
00393600,PONTIFICAL CATHOLIC UNIV OF PR          ,PR,00717-0777,Private      ,2950,1706,4656,3865,2305,6170
00393700,UNIVERSITY OF THE SACRED HEART          ,PR,00914-0383,Private      ,1863,773,2636,2238,975,3213
00393800,INTER-AMER UNIV PR-CNTRL ADMN           ,PR,00936-0000,Private      ,2284,3336,5620,2470,3764,6234
00393801,INTER-AMER UNIV PR SCHL LAW             ,PR,00936-8351,Private      ,12,178,190,13,249,262
00393803,INTER AMERICAN UNIVERSITY OF PR         ,PR,00683-0000,Private      ,2393,940,3333,2783,1181,3964
00393804,INTER-AMER UNIV PR-RECINTO AGUADILA     ,PR,00605-2000,Private      ,1466,1041,2507,1649,1247,2896
00393805,INTER-AMER UNIV PR-ARECIBO CAMPUS       ,PR,00614-4050,Private      ,1943,1226,3169,2242,1501,3743
00393806,INTER-AMER UNIV PR-BARRANQUITAS REG     ,PR,00794-0517,Private      ,1012,525,1537,1188,610,1798
00393807,INTER-AMER UNIV PR-FAJARDO REGIONAL     ,PR,00738-0000,Private      ,800,522,1322,867,604,1471
00393808,INTER-AMER UNIV PR - GUAYAMA CAMPUS     ,PR,00785-4004,Private      ,679,600,1279,784,744,1528
00393809,INTER-AMER UNIV PR-PONCE REGIONAL       ,PR,00715-0000,Private      ,2400,1618,4018,2841,2082,4923
00393810,INTER-AMER UNIV PR - SCH OF OPTOMETRY   ,PR,00918-0000,Private      ,4,30,34,5,59,64
00393811,INTER-AMER UNIV PR-BAYAMON REG CLG      ,PR,00959-0000,Private      ,2620,826,3446,2921,965,3886
00394100,COLEGIO UNIVERSITARIO DEL ESTE          ,PR,00983-0000,Private      ,3121,3384,6505,3323,3866,7189
00394200,UNIVERSITY OF PR-CENTRAL ADMINISTRATION ,PR,00936-4984,Public       ,533,180,713,670,259,929
00394201,UNIVERSITY OF PR-RIO PIEDRAS CAMPUS     ,PR,00931-3300,Public       ,6709,1570,8279,7914,2008,9922
00394202,UNIV OF PUERTO RICO-MAYAGUEZ CAMPUS     ,PR,00681-5000,Public       ,6718,828,7546,8135,1200,9335
00394203,"UNIVERSITY OF PR, MED. SCIENCES CAMPUS  ",PR,00936-5067,Public       ,382,985,1367,459,1093,1552
00394204,"UNIVERSITY OF PUERTO RICO, CAYEY CAMPUS ",PR,00736-0000,Public       ,2195,277,2472,2862,473,3335
00394205,"UNIVERSITY OF PR, HUMACAO CAMPUS        ",PR,00791-4057,Public       ,2959,412,3371,3145,453,3598
00394206,UNIVERSITY OF PR-AGUADILLA CAMPUS       ,PR,00604-6150,Public       ,2184,354,2538,2366,412,2778
00394207,UNIVERSITY OF PUERTO RICO-ARECIBO CAMPUS,PR,00614-0000,Public       ,2821,320,3141,3447,418,3865
00394208,UNIVERSITY OF PUERTO RICO-BAYAMON CAMPUS,PR,00959-0000,Public       ,2943,328,3271,3568,426,3994
00394209,UNIVERSITY OF PUERTO RICO-CAROLINA      ,PR,00984-4800,Public       ,2422,305,2727,2727,367,3094
00394210,UNIVERSITY OF PUERTO RICO-PONCE         ,PR,00732-0000,Public       ,2454,282,2736,2882,353,3235
00394211,"UNIVERSITY OF PR, UTUADO CAMPUS         ",PR,00641-0000,Public       ,1231,191,1422,1316,220,1536
00501900,UNIV ADVENTISTA DE LAS ANTILLAS         ,PR,00681-0118,Private      ,236,105,341,268,127,395
00502200,BAYAMON CENTRAL UNIVERSITY              ,PR,00960-0000,Private      ,594,598,1192,640,649,1289
00890200,COLUMBIA CENTRO UNIVERSITARIO           ,PR,00726-0000,Proprietary  ,260,405,665,271,426,697
01056700,COLEGIO TECNOLOGICO DE SAN JUAN         ,PR,00918-2973,Public       ,244,276,520,266,305,571
01072400,CARLOS ALBIZU UNIVERSITY                ,PR,00902-3711,Private      ,65,468,533,71,549,620
01081900,CONSERVATORIO DE MUSICA DE PUERTO RICO  ,PR,00907-3373,Public       ,185,46,231,207,51,258
01120300,RYDER MEMORIAL HOSP SCH OF NURSING      ,PR,00792-0000,Private      ,4,4,8,4,5,9
01171900,UNIVERSIDAD DEL TURABO                  ,PR,00778-0000,Private      ,3878,3675,7553,4707,5032,9739
01194000,ICPR JUNIOR COLLEGE                     ,PR,00919-0000,Proprietary  ,183,218,401,191,228,419
01194100,AMERICAN UNIVERSITY OF PUERTO RICO      ,PR,00960-2037,Private      ,394,298,692,443,357,800
01194101,AMERICAN UNIVERSITY OF PUERTO RICO      ,PR,00674-0000,Private      ,330,212,542,382,280,662
01252500,CARIBBEAN UNIVERSITY                    ,PR,00960-0493,Private      ,1243,1352,2595,1297,1441,2738
01314800,RAMIREZ COLLEGE OF BUS & TECH           ,PR,00918-0000,Proprietary  ,67,168,235,81,226,307
02063100,MBTI BUSINESS TRNG INSTITUTE            ,PR,00907-3917,Proprietary  ,100,168,268,110,185,295
02100000,POLYTECHNIC UNIVERSITY OF PR            ,PR,00917-0000,Private      ,2016,986,3002,2321,1192,3513
02163300,UNIVERSIDAD CENTRAL DEL CARIBE          ,PR,00960-0000,Private      ,86,257,343,94,318,412
02165100,EDP COLLEGE OF PUERTO RICO              ,PR,00919-0000,Proprietary  ,238,334,572,263,422,685
02166400,INSTITUTO DE BANCA Y COMERCIO           ,PR,00925-0000,Proprietary  ,3072,3102,6174,3811,4298,8109
02170300,INST EDUC TECNIA OCUP LA REINA          ,PR,00674-0000,Proprietary  ,161,180,341,161,181,342
02170301,INST EDUC TECNICA OCUPLA LA REINA       ,PR,00603-0000,Proprietary  ,1,0,1,1,0,1
02189100,CENTRO DE ESTUDIOS MULTIDISCIPLIN       ,PR,00926-0000,Private      ,146,200,346,147,204,351
02189300,EMMA'S BEAUTY ACADEMY                   ,PR,00680-0000,Proprietary  ,135,122,257,137,124,261
02195400,MODERN HAIRSTYLING INSTITUTE            ,PR,00960-0000,Proprietary  ,81,47,128,82,47,129
02195500,MODERN HAIRSTYLING INSTITUTE            ,PR,00612-0000,Proprietary  ,4,0,4,4,0,4
02195800,LICEO E ARTE Y TECNOLGIA                ,PR,00919-0000,Private      ,432,284,716,469,325,794
02195900,MODERN HAIRSTYLING INSTITUTE            ,PR,00980-0000,Proprietary  ,6,2,8,6,2,8
02234900,ANTILLES SCHOOL OF TECH CAREERS         ,PR,00909-0000,Proprietary  ,32,35,67,32,35,67
02241901,COMMONWEALTH OF PR DEPT OF EDUC - CARLOS,PR,00986-0000,Public       ,3,0,3,3,0,3
02241902,COMMONWEALTH OF PR DEPT OF EDUC - TOMAS ,PR,00613-0000,Public       ,1,4,5,1,4,5
02241904,COMMONWEALTH OF PR DEPT OF EDUC - ITPR R,PR,00655-0000,Public       ,357,162,519,363,167,530
02241905,COMMONWEALTH OF PR DEPT OF EDUC - JOSE A,PR,00674-0000,Public       ,433,79,512,493,96,589
02241907,COMMONWEALTH OF PR DEPT OF EDUC - ITPR R,PR,00928-0000,Public       ,308,129,437,312,138,450
02241908,COMMONWEALTH OF PR DEPT OF EDUC - ITPR R,PR,00732-0000,Public       ,382,152,534,413,172,585
02241909,COMMONWEALTH OF PR DEPT OF EDUC - TROQUE,PR,00959-0000,Public       ,33,4,37,34,4,38
02241910,COMMONWEALTH OF PR DEPT OF EDUC - ITPR R,PR,00701-1091,Public       ,335,84,419,335,84,419
02260600,NATIONAL COLLEGE OF BUSINESS & TECH     ,PR,00960-2036,Proprietary  ,1700,1690,3390,2255,2521,4776
02260601,NATIONAL COLLEGE OF BUSINESS & TECHNOLOG,PR,00612-0000,Proprietary  ,44,15,59,47,22,69
02260602,NATIONAL COLLEGE OF BUSINESS & TECHNOLOG,PR,00745-9903,Proprietary  ,11,4,15,14,10,24
02260800,HUERTAS JUNIOR COLLEGE                  ,PR,00726-0000,Proprietary  ,542,518,1060,561,523,1084
02297700,AUTOMECA TECHNICAL COLLEGE              ,PR,00957-0000,Proprietary  ,518,229,747,555,263,818
02303800,AMERICAN EDUCATIONAL COLLEGE            ,PR,00961-0000,Proprietary  ,196,270,466,196,272,468
02335500,COLEGIO BIBLICO PENTECOSTAL DE PR       ,PR,00978-0000,Private      ,4,37,41,5,39,44
02340600,HUMACAO COMMUNITY COLLEGE               ,PR,00792-0000,Private      ,46,18,64,52,23,75
02343600,INSTITUTE OF BEAUTY CAREERS             ,PR,00613-0000,Proprietary  ,160,226,386,190,252,442
02482400,PONCE SCHOOL OF MEDICINE                ,PR,00716-2347,Private      ,13,383,396,15,510,525
02502400,SERBIA'S SCHOOL OF BEAUTY CULTURE       ,PR,00785-0000,Proprietary  ,84,64,148,89,67,156
02504500,INSTITUCION CHAVIANO DE MAYAGUEZ        ,PR,00708-0000,Proprietary  ,1,2,3,1,2,3
02505400,ATLANTIC COLLEGE                        ,PR,00970-0000,Private      ,428,195,623,443,199,642
02534900,PONCE PARAMEDICAL COLLEGE (POPAC)       ,PR,00731-0000,Proprietary  ,789,545,1334,856,622,1478
02549700,ACADEMIA MAISON D'ESTHETIQUE            ,PR,00907-0000,Proprietary  ,71,111,182,73,123,196
02552300,COLEGIO MAYOR DE TECHNOLOGIA            ,PR,00714-0000,Proprietary  ,99,108,207,113,146,259
02562500,INTERNATIONAL TECHNICAL COLLEGE         ,PR,00918-0000,Proprietary  ,30,56,86,31,57,88
02563500,ROGIES SCHOOL OF BEAUTY CULTURE         ,PR,00910-0000,Proprietary  ,31,22,53,31,23,54
02566800,PUERTO RICO TECH JUNIOR COLLEGE         ,PR,00917-0000,Proprietary  ,3,2,5,4,2,6
02569400,ESCUELA DE ARTES PLASTICAS              ,PR,00902-1112,Public       ,224,74,298,272,107,379
02570400,EDUCATIONAL TECHNICAL COLLEGE           ,PR,00925-3404,Proprietary  ,158,253,411,176,281,457
02576100,ESCUELA TECNICA DE ELECTRICIDAD         ,PR,00731-0000,Proprietary  ,179,138,317,210,189,399
02587500,UNIVERSIDAD METROPOLITANA               ,PR,00928-1150,Private      ,2322,2651,4973,2639,3166,5805
02588600,SEMINARIO EVANGELICO DE PUERTO RICO     ,PR,00925-0000,Private      ,1,13,14,1,16,17
02593700,HISPANIC AMERICAN COLLEGE               ,PR,00725-0000,Proprietary  ,60,59,119,60,59,119
02611100,INSTITUTO MERLIX                        ,PR,00961-0000,Proprietary  ,3,3,6,3,3,6
03021900,EDIC COLLEGE                            ,PR,00726-0000,Proprietary  ,374,430,804,387,440,827
03025500,MECH TECH COLLEGE                       ,PR,00725-6118,Proprietary  ,1056,296,1352,1322,398,1720
03025900,"LICEO DE ARTE, DISENOS Y COMERCIO       ",PR,00726-0000,Proprietary  ,147,174,321,173,194,367
03029700,"UNIVERSAL TECHNOLOGY CLG OF PR, INC     ",PR,00605-1955,Private      ,310,585,895,384,728,1112
03068400,STAR BEAUTY ACADEMY                     ,PR,00961-6312,Proprietary  ,2,0,2,2,0,2
03070500,D'MART INSTITUTE                        ,PR,00794-3517,Proprietary  ,348,315,663,461,496,957
03075600,EMMA'S BEAUTY ACADEMY                   ,PR,00795-0000,Proprietary  ,145,92,237,145,92,237
03076000,PUERTO RICO BARBER COLLEGE              ,PR,00738-4632,Proprietary  ,9,10,19,9,10,19
03085700,PROFESSIONAL TECHNICAL INSTITUTION      ,PR,00960-7061,Proprietary  ,74,41,115,75,41,116
03104400,PROFESSIONAL ELECTRIC SCHOOL            ,PR,00674-1797,Proprietary  ,28,16,44,29,21,50
03106900,ESCUELA DE PERITOS ELECTRICITAS         ,PR,00662-0457,Proprietary  ,10,23,33,10,31,41
03112100,JOHN DEWEY COLLEGE                      ,PR,00915-9538,Private      ,407,700,1107,485,885,1370
03112101,JOHN DEWEY COLLEGE                      ,PR,00986-0000,Private      ,141,156,297,144,161,305
03112102,JOHN DEWEY COLLEGE-BAYAMON CAMPUS       ,PR,00959-0000,Private      ,51,59,110,51,59,110
03112104,JOHN DEWEY COLLEGE - YABUCOA LRNING SITE,PR,00767-0767,Private      ,36,81,117,37,82,119
03112105,JOHN DEWEY COLLEGE - FAJARDO BRANCH     ,PR,00738-0738,Private      ,48,48,96,48,48,96
03112106,JOHN DEWEY COLLEGE - ARROYO BRANCH      ,PR,00714-0714,Private      ,52,118,170,55,134,189
03112107,JOHN DEWEY COLLEGE - JUANA DIAZ BRANCH  ,PR,00795-0000,Private      ,37,62,99,106,196,302
03115900,TRINITY COLLEGE OF PUERTO RICO          ,PR,00734-0000,Private      ,6,9,15,7,10,17
03122500,ACADEMIA SERRANT INC.                   ,PR,00717-1568,Proprietary  ,35,55,90,42,76,118
03123100,GLOBELLE TECHNICAL INSTITUTE            ,PR,00693-4218,Proprietary  ,33,38,71,38,43,81
03124200,NOVA COLLEGE DE PUERTO RICO             ,PR,00960-4016,Proprietary  ,35,86,121,35,86,121
03157600,"COLEGIO DE CINEMATOGRAFIA, ARTES Y TELEV",PR,00961-6345,Proprietary  ,70,21,91,70,23,93
03177300,SAN JUAN BAUTISTA SCH OF MEDICINE       ,PR,00726-0000,Private      ,1,176,177,2,252,254
03326300,UNIVERSAL CAREER COMMUNITY COLLEGE      ,PR,00907-0000,Proprietary  ,115,148,263,116,154,270
03336300,CENTURY COLLEGE                         ,PR,00603-4802,Proprietary  ,45,44,89,46,46,92
03414300,MONTECLARO                              ,PR,00745-9612,Private      ,2,0,2,2,0,2
03452300,INSTITUTO PRE-VOCACIONAL E INDUSTRI     ,PR,00613-1800,Private      ,6,17,23,7,17,24
03469300,IVAEM COLLEGE                           ,PR,00725-0000,Proprietary  ,79,31,110,81,31,112
03531300,COLEGIO PENTECOSTAL MIZPA               ,PR,00928-0966,Private      ,4,103,107,5,103,108
03544300,ATENAS COLLEGE                          ,PR,00674-0000,Private      ,210,288,498,213,293,506
03552300,LESTON COLLEGE                          ,PR,00961-6309,Proprietary  ,14,37,51,14,37,51
03608300,CARIBBEAN FORENSIC & TECHNICAL COLL     ,PR,00926-0000,Proprietary  ,12,22,34,13,25,38
03735400,"CHARLIES GUARD,DETECTIVE BUREAU&ACA     ",PR,00605-0000,Proprietary  ,23,56,79,24,56,80
03751300,ESCUELA HOTELERA DE SAN JUAN            ,PR,00917-0091,Proprietary  ,208,114,322,216,119,335
03758300,BAYAMON COMMUNITY COLLEGE               ,PR,00960-0000,Proprietary  ,15,22,37,15,22,37
03781400,INDUSTRIAL TECHNICAL COLLEGE            ,PR,00792-0000,Proprietary  ,27,44,71,30,49,79
03785300,J.G. GUAYNABO TECHNICAL COLLEGE         ,PR,00960-0000,Proprietary  ,1,7,8,1,7,8
03800300,COLEGIO TECNICO DE ELECTRICIDAD GALLOSA ,PR,00602-0000,Proprietary  ,0,4,4,0,4,4
03800400,INSTITUTE OF BEAUTY OCCUPATIONS AND TECH,PR,00676-5071,Proprietary  ,18,46,64,18,53,71
03843300,ADVANCED TECH COLLEGE                   ,PR,00961-6321,Proprietary  ,2,21,23,3,21,24
03849300,AGUADILLA TECHNICAL COLLEGE             ,PR,00603-0000,Proprietary  ,3,5,8,4,6,10
04030300,ASPIRA  DE PUERTO RICO                  ,PR,00987-0000,Private      ,0,5,5,0,6,6
04107300,CARIB TECHNOLOGICAL INSTITUTE           ,PR,00960-0000,Proprietary  ,3,0,3,3,0,3
04117200,INSTITUTO EDUCATIVO PREMIER             ,PR,00731-0000,Proprietary  ,7,11,18,7,11,18
00394600,UNIVERSITY OF THE VIRGIN ISLANDS        ,VI,00802-6000,Public       ,267,215,482,752,488,1240
00394601,UNIV OF THE VIRGIN ISLANDS-ST CROIX     ,VI,00850-0000,Public       ,145,141,286,309,259,568
00667400,CANADIAN THEOLOGICAL SEMINARY           ,CN,00000-0000,Private      ,0,0,0,2,0,2
00667700,MCGILL UNIVERSITY                       ,CN,00000-0000,Public       ,211,98,309,1593,294,1887
00667900,QUEEN'S UNIVERSITY AT KINGSTON          ,CN,00000-0000,Public       ,27,6,33,105,17,122
00668100,ST FRANCIS XAVIER UNIVERSITY            ,CN,00000-0000,Public       ,9,2,11,31,4,35
00668200,ST THOMAS UNIVERSITY                    ,CN,00000-0000,Public       ,2,1,3,10,2,12
00668300,UNIVERSITY OF GUELPH                    ,CN,00000-0000,Public       ,7,19,26,32,42,74
00668400,UNIVERSITY OF MANITOBA                  ,CN,00000-0000,Public       ,2,5,7,11,12,23
00668500,UNIVERSITY OF NEW BRUNSWICK (THE)       ,CN,00000-0000,Public       ,3,6,9,12,16,28
00668600,UNIVERSITY OF OTTAWA                    ,CN,00000-0000,Public       ,8,9,17,31,17,48
00668800,UNIVERSITY OF TORONTO                   ,CN,00000-0000,Public       ,54,96,150,225,316,541
00668900,UNIVERSITY OF WINDSOR                   ,CN,00000-0000,Public       ,5,17,22,15,46,61
00683700,UNIVERSITE LAVAL                        ,CN,00000-0000,Public       ,1,5,6,5,14,19
00683800,DALHOUSIE UNIVERSITY                    ,CN,00000-0000,Public       ,18,18,36,113,43,156
00685200,BISHOP'S UNIVERSITY                     ,CN,00000-0000,Private      ,6,1,7,23,1,24
00685300,MCMASTER UNIVERSITY                     ,CN,00000-0000,Public       ,1,1,2,10,16,26
00767900,YORK UNIVERSITY                         ,CN,00000-0000,Public       ,19,20,39,78,69,147
00787400,UNIVERSITY AT CALGARY (THE)             ,CN,00000-0000,Public       ,3,15,18,14,31,45
00814800,UNIVERSITY OF WINNIPEG                  ,CN,00000-0000,Public       ,4,3,7,4,4,8
00836200,UNIVERSITY OF ALBERTA (THE)             ,CN,00000-0000,Public       ,5,12,17,23,34,57
00836300,MOUNT SAINT VINCENT UNIVERSITY          ,CN,00000-0000,Private      ,0,0,0,2,2,4
00836400,SAINT MARY'S UNIVERSITY                 ,CN,00000-0000,Public       ,4,2,6,20,4,24
00836500,CONCORDIA UNIVERSITY - SIR GEORGE W     ,CN,00000-0000,Public       ,52,45,97,203,118,321
00836600,UNIVERSITE DE MONTREAL                  ,CN,00000-0000,Public       ,3,10,13,10,28,38
00836800,CARLETON UNIVERSITY                     ,CN,00000-0000,Public       ,13,10,23,43,28,71
00836900,UNIVERSITY OF BRITISH COLUMBIA          ,CN,00000-0000,Public       ,92,110,202,586,367,953
00837000,"SAFA, UNIVERSITY OF VICTORIA            ",CN,00000-0000,Public       ,11,9,20,84,40,124
00844400,SIMON FRASER UNIVERSITY                 ,CN,00000-0000,Public       ,12,14,26,58,66,124
00844600,UNIVERSITY OF WESTERN ONTARIO (THE)     ,CN,00000-0000,Public       ,11,10,21,32,34,66
00844800,UNIVERSITY OF REGINA                    ,CN,00000-0000,Public       ,1,4,5,5,8,13
00844900,ACADIA UNIVERSITY                       ,CN,00000-0000,Public       ,11,7,18,48,8,56
00852600,UNIVERSITY OF WATERLOO                  ,CN,00000-0000,Public       ,4,6,10,31,11,42
00858200,WILFRID LAURIER UNIVERSITY              ,CN,00000-0000,Public       ,2,1,3,8,2,10
00891300,LAKEHEAD UNIVERSITY                     ,CN,00000-0000,Public       ,0,1,1,1,2,3
00911900,UNIVERSITE DE MONCTON                   ,CN,00000-0000,Public       ,0,1,1,0,1,1
00918000,LAURENTIAN UNIVERSITY OF SUDBURY        ,CN,00000-0000,Public       ,0,0,0,0,2,2
00925200,BROCK UNIVERSITY                        ,CN,00000-0000,Public       ,1,4,5,8,9,17
00936700,UNIVERSITY OF PRINCE EDWARD ISLAND      ,CN,00000-0000,Public       ,1,33,34,7,77,84
00942100,BRANDON UNIVERSITY                      ,CN,00000-0000,Public       ,1,1,2,4,3,7
00948600,TRINITY WESTERN UNIVERSITY              ,CN,00000-0000,Private      ,49,16,65,296,32,328
00950000,MEMORIAL UNIVERSITY OF NEWFOUNDLAND     ,CN,00000-0000,Public       ,0,0,0,4,4,8
00950100,UNIVERSITY OF KING'S COLLEGE            ,CN,00000-0000,Public       ,5,1,6,18,1,19
00950300,MOUNT ALLISON UNIVERSITY                ,CN,00000-0000,Public       ,7,1,8,26,1,27
00950500,TRENT UNIVERSITY                        ,CN,00000-0000,Public       ,2,2,4,10,3,13
00969700,LETHBRIDGE COLLEGE                      ,CN,00000-0000,Public       ,1,0,1,5,1,6
00969800,MEDICINE HAT COLLEGE                    ,CN,00000-0000,Public       ,0,2,2,1,3,4
00970100,SENECA COLG OF APPLIED ARTS & TECH      ,CN,00000-0000,Public       ,6,2,8,13,6,19
01012300,NOVA SCOTIA COLLEGE OF ART & DESIGN     ,CN,00000-0000,Public       ,2,3,5,8,14,22
01022100,SAINT PAUL UNIVERSITY                   ,CN,00000-0000,Public       ,1,2,3,1,3,4
01045800,SHERIDAN COLLEGE OF APPLIED ARTS AN     ,CN,00000-0000,Public       ,4,3,7,14,7,21
01067500,REGENT COLLEGE                          ,CN,00000-0000,Private      ,0,37,37,2,84,86
01070300,UNIVERSITY OF LETHBRIDGE                ,CN,00000-0000,Public       ,1,0,1,6,1,7
01072000,RYERSON UNIVERSITY                      ,CN,00000-0000,Public       ,11,30,41,47,51,98
01172200,BRIERCREST BIBLE COLLEGE                ,CN,00000-0000,Private      ,7,6,13,12,6,18
01221100,ALGONQUIN CLG OF APPLIED ARTS &TECH     ,CN,00000-0000,Public       ,4,2,6,5,5,10
01222800,HUMBER COLLEGE                          ,CN,00000-0000,Public       ,4,7,11,10,11,21
01227400,PROVIDENCE COLLEGE                      ,CN,00000-0000,Private      ,8,4,12,11,4,15
02102100,BETHANY BIBLE COLLEGE                   ,CN,00000-0000,Private      ,21,13,34,56,15,71
02167000,PRAIRIE BIBLE INST                      ,CN,00000-0000,Private      ,11,3,14,19,9,28
02184600,INSTITUTE FOR CHRISTIAN STUDIES         ,CN,00000-0000,Private      ,0,2,2,0,3,3
02195600,LASALLE COLLEGE                         ,CN,00000-0000,Private      ,5,8,13,5,11,16
02195700,TAYLOR UNIVERSITY COLLEGE AND SEMINARY  ,CN,00000-0000,Private      ,3,1,4,6,1,7
02201100,COLUMBIA BIBLE COLLEGE                  ,CN,00000-0000,Private      ,8,1,9,19,4,23
02209700,UNIVERSITE DU QUEBEC (UNIVERSITY OF     ,CN,00000-0000,Public       ,0,1,1,1,6,7
02216400,TYNDALE COLLEGE & SEMINARY              ,CN,00000-0000,Private      ,1,3,4,3,5,8
02219000,ST. LAWRENCE COLLEGE                    ,CN,00000-0000,Public       ,2,0,2,4,0,4
02219200,UNIVERSITY OF SASKATCHEWAN              ,CN,00000-0000,Public       ,1,5,6,4,10,14
02338800,EMILY CARR UNIVERSITY OF ART AND DESIGN ,CN,00000-0000,Public       ,11,9,20,52,21,73
02354700,RED DEER COLLEGE                        ,CN,00000-0000,Public       ,1,0,1,1,1,2
02577200,SALVATION ARMY WM & CATHERINE BOOTH     ,CN,00000-0000,Private      ,0,1,1,0,1,1
02592600,NEW BRUNSWICK COMMUNITY COLLEGE         ,CN,00000-0000,Public       ,0,0,0,2,0,2
02593800,CONCORDIA UNIVERSITY COLLEGE            ,CN,00000-0000,Private      ,0,1,1,4,1,5
02611900,THE KING'S UNIVERSITY COLLEGE           ,CN,00000-0000,Private      ,1,0,1,2,0,2
03018300,ROCKY MOUNTAIN COLLEGE: CENTRE FOR      ,CN,00000-0000,Private      ,0,0,0,2,0,2
03033200,SAINT PHILIP'S SEMINARY                 ,CN,00000-0000,Private      ,0,0,0,0,1,1
03033800,UNIVERSITY COLLEGE OF CAPE BRETON       ,CN,00000-0000,Public       ,1,1,2,3,2,5
03078300,VANCOUVER SCHOOL OF THEOLOGY            ,CN,00000-0000,Private      ,0,1,1,1,3,4
03273300,CANADIAN COLLEGE OF NATUROPATHIC ME     ,CN,00000-0000,Private      ,0,10,10,1,21,22
03298300,ALBERTA COLLEGE OF ART & DESIGN         ,CN,00000-0000,Public       ,6,2,8,15,6,21
03332500,KWANTLEN UNIVERSITY COLLEGE             ,CN,00000-0000,Public       ,3,2,5,4,5,9
03335400,CANADIAN UNIVERSITY COLLEGE             ,CN,00000-0000,Private      ,8,1,9,24,1,25
03339300,ST. STEPHENS UNIVERSITY                 ,CN,00000-0000,Private      ,2,1,3,5,2,7
03348500,REDEEMER UNIVERSITY COLLEGE             ,CN,00000-0000,Private      ,4,2,6,9,2,11
03408300,CANDIAN NAZARENE UNIVERSITY COLLEGE     ,CN,00000-0000,Private      ,1,1,2,4,1,5
03420300,HOLLAND COLLEGE                         ,CN,00000-0000,Public       ,1,0,1,1,0,1
03421300,LOYALIST COLLEGE OF APPLIED ARTS &      ,CN,00000-0000,Public       ,0,0,0,3,0,3
03435400,ROYAL ROADS UNIVERSITY                  ,CN,00000-0000,Public       ,0,0,0,1,1,2
03465300,NIPISSING UNIVERSITY                    ,CN,00000-0000,Public       ,1,0,1,1,0,1
03511300,CN CLG ACUPUNCTURE & ORIENTAL MED       ,CN,00000-0000,Private      ,0,5,5,0,8,8
03551300,INTERNATIONAL BIBLE COLLEGE             ,CN,00000-0000,Private      ,2,1,3,2,1,3
03560400,NIAGARA COLLEGE-WELLAND CAMPUS          ,CN,00000-0000,Public       ,1,3,4,4,4,8
03613300,UNIV OF NORTHERN BRITISH COLUMBIA       ,CN,00000-0000,Public       ,3,1,4,8,2,10
03644400,CANADIAN MENNONITE UNIVERSITY           ,CN,00000-0000,Private      ,6,1,7,9,1,10
03674400,CANADIAN SOUTHERN BAPTIST SEMINARY      ,CN,00000-0000,Private      ,0,1,1,0,2,2
03711300,CAPILANO UNIVERSITY                     ,CN,00000-0000,Public       ,4,4,8,5,6,11
03745300,BRITISH COLUMBIA INSTITUTE OF TECHNOLOGY,CN,00000-0000,Public       ,1,1,2,3,4,7
03846300,PACIFIC LIFE BIBLE COLLEGE              ,CN,00000-0000,Private      ,3,0,3,6,1,7
03847300,ATLANTIC BAPTIST UNIVERSITY             ,CN,00000-0000,Private      ,2,0,2,6,1,7
00814700,UNIVERSIDAD AUTONOMA DE GUADALAJARA     ,MX,00000-0000,Private      ,9,226,235,44,768,812
01041800,INST TEC Y DE ESTSUPER DE MONTERRE      ,MX,00000-0000,Private      ,24,18,42,61,35,96
01067600,UNIVERSIDAD DE MONTERREY                ,MX,00000-0000,Private      ,3,12,15,15,21,36
01093800,UNIVERSIDAD DE GUANAJUATO               ,MX,00000-0000,Public       ,1,6,7,12,14,26
01097600,INSTITUTO ALLENDE                       ,MX,00000-0000,Private      ,1,2,3,2,5,7
02053300,CENTRO DE ESTUDIOS UNIVERSITARIOS D     ,MX,00000-0000,Private      ,54,82,136,72,119,191
02283100,UNIVERSIDAD TECNOLOGICA DE MEXICO       ,MX,00000-0000,Proprietary  ,2,10,12,15,23,38
01001000,AMERICAN SAMOA CMNTY COLLEGE            ,AS,96799-2609,Public       ,375,79,454,531,138,669
01034300,COLLEGE OF MICRONESIA - FSM             ,FM,96941-0159,Public       ,442,94,536,733,127,860
01100900,PALAU COMMUNITY COLLEGE                 ,PW,96940-0009,Public       ,257,129,386,522,189,711
03022400,COLLEGE OF THE MARSHALL ISLANDS         ,MH,96960-1258,Public       ,114,81,195,127,97,224
03033000,NORTHERN MARIANAS COLLEGE               ,MP,96950-0000,Public       ,95,82,177,111,100,211
