OPE ID,School,State,Zip Code,School Type,20082009Qtr4_Dependent Students,20082009Qtr4_Independent Students,Quarterly Total,YTD_20082009Qtr4_Dependent Students,YTD_20082009Qtr4_Independent Students,Award Year To Date Total
00100200,ALABAMA AGRCLTL & MECHL UNIV            ,AL,35762-1357,Public       ,133,180,313,5240,2732,7972
00100300,FAULKNER UNIVERSITY                     ,AL,36109-3398,Private      ,67,254,321,1333,3209,4542
00100400,UNIVERSITY OF MONTEVALLO                ,AL,35115-6000,Public       ,83,106,189,1794,1069,2863
00100500,ALABAMA STATE UNIVERSITY                ,AL,36101-0000,Public       ,247,371,618,7505,4009,11514
00100700,CENTRAL ALABAMA COMMUNITY COLLEGE       ,AL,35011-0000,Public       ,102,273,375,1008,1623,2631
00100800,ATHENS STATE UNIVERSITY                 ,AL,35611-1999,Public       ,28,221,249,548,2542,3090
00100900,AUBURN UNIVERSITY                       ,AL,36849-5113,Public       ,498,261,759,13167,4671,17838
00101200,BIRMINGHAM SOUTHERN COLLEGE             ,AL,35254-0002,Private      ,59,31,90,1562,261,1823
00101300,CALHOUN COMMUNITY COLLEGE               ,AL,35609-2216,Public       ,343,842,1185,3438,5329,8767
00101500,ENTERPRISE-OZARK COMMUNITY COLLEGE      ,AL,36331-1300,Public       ,88,252,340,973,1374,2347
00101600,UNIVERSITY OF NORTH ALABAMA             ,AL,35632-0001,Public       ,157,190,347,3550,2106,5656
00101700,GADSDEN STATE COMMUNITY COLLEGE         ,AL,35903-2269,Public       ,203,683,886,2318,3983,6301
00101800,GEORGE C WALLACE COMMUNITY COLLEGE      ,AL,36303-0943,Public       ,129,462,591,1432,2879,4311
00101900,HUNTINGDON COLLEGE                      ,AL,36106-2148,Private      ,30,52,82,1033,420,1453
00102000,JACKSONVILLE STATE UNIVERSITY           ,AL,36265-1602,Public       ,230,390,620,5481,4411,9892
00102100,JEFFERSON DAVIS COMMUNITY COLLEGE       ,AL,36427-2790,Public       ,37,113,150,427,735,1162
00102200,JEFFERSON STATE COMMUNITY COLLEGE       ,AL,35215-3098,Public       ,323,980,1303,2935,5346,8281
00102300,JUDSON COLLEGE                          ,AL,36756-2504,Private      ,6,8,14,298,108,406
00102400,UNIVERSITY OF WEST ALABAMA              ,AL,35470-0000,Public       ,62,404,466,1657,3993,5650
00102600,MARION MILITARY INSTITUTE               ,AL,36756-3214,Public       ,21,7,28,451,41,492
00102800,MILES COLLEGE                           ,AL,35064-2697,Private      ,61,104,165,2236,1202,3438
00102900,UNIVERSITY OF MOBILE                    ,AL,36663-0220,Private      ,55,127,182,1252,1418,2670
00103000,BISHOP STATE COMMUNITY COLLEGE          ,AL,36603-5898,Public       ,138,548,686,1346,3128,4474
00103001,BISHOP STATE COMM COLG-CARVER CMPS      ,AL,36617-0000,Public       ,19,40,59,113,248,361
00103002,BISHOP STAT COMM CLG-SW CMPS            ,AL,36605-0000,Public       ,7,26,33,68,138,206
00103100,NORTHEAST ALABAMA STATE CMNTY COLG      ,AL,35986-0159,Public       ,94,249,343,1014,1578,2592
00103300,OAKWOOD COLLEGE                         ,AL,35896-0001,Private      ,50,31,81,1713,620,2333
00103400,ALABAMA SOUTHERN COMMUNITY COLLEGE      ,AL,36460-5698,Public       ,73,190,263,809,951,1760
00103600,SAMFORD UNIVERSITY                      ,AL,35229-7000,Private      ,78,111,189,2607,2263,4870
00103700,SELMA UNIVERSITY                        ,AL,36701-0000,Private      ,0,0,0,0,1,1
00103800,SNEAD STATE COMMUNITY COLLEGE           ,AL,35957-0734,Public       ,80,230,310,879,1442,2321
00104000,SOUTHERN UNION STATE COMMUNITY CLG      ,AL,36276-0000,Public       ,182,341,523,2319,2344,4663
00104100,SPRING HILL COLLEGE                     ,AL,36608-1791,Private      ,41,37,78,1634,478,2112
00104400,STILLMAN COLLEGE                        ,AL,35403-1430,Private      ,44,36,80,1987,400,2387
00104600,TALLADEGA COLLEGE                       ,AL,35160-2354,Private      ,15,21,36,531,243,774
00104700,TROY STATE UNIVERSITY                   ,AL,36082-0001,Public       ,354,2191,2545,6571,20291,26862
00105000,TUSKEGEE UNIVERSITY                     ,AL,36088-1645,Private      ,100,41,141,4564,991,5555
00105100,UNIVERSITY OF ALABAMA (THE)             ,AL,35487-0120,Public       ,581,510,1091,13982,6986,20968
00105200,UNIVERSITY OF ALABAMA AT BIRMINGHAM     ,AL,35294-1150,Public       ,324,684,1008,6688,8180,14868
00105500,UNIVERSITY OF ALABAMA IN HUNTSVILLE     ,AL,35899-0001,Public       ,158,277,435,3594,2946,6540
00105700,UNIVERSITY OF SOUTH ALABAMA             ,AL,36688-0002,Public       ,347,717,1064,5927,7547,13474
00105900,LAWSON STATE COMMUNITY COLLEGE          ,AL,35221-1798,Public       ,117,423,540,1860,2983,4843
00105901,LAWSON STATE COMMUNITY COLLEGE - BESSEME,AL,35021-0308,Public       ,28,97,125,333,681,1014
00106000,FAULKNER STATE COMMUNITY COLLEGE        ,AL,36507-2698,Public       ,150,367,517,1907,2226,4133
00526000,J.F. DRAKE STATE TECH COLLEGE           ,AL,35811-1584,Public       ,37,181,218,331,1070,1401
00569100,SHELTON STATE COMMUNITY CLG             ,AL,35405-4017,Public       ,281,488,769,2906,2753,5659
00569200,REID STATE TECHNICAL COLLEGE            ,AL,36401-0000,Public       ,23,96,119,265,548,813
00569700,NORTHWEST- SHOALS COMMUNITY COLLEGE     ,AL,35661-0000,Public       ,154,349,503,1608,1949,3557
00569702,NORTHWEST-SHOALS C.C.-PHIL CAMPBELL     ,AL,35581-0000,Public       ,6,26,32,182,174,356
00569900,GEORGE C WALLACE STATE CMTY COLLEGE     ,AL,36703-0000,Public       ,93,262,355,976,1548,2524
00573300,BEVILL STATE CMTY COLLEGE-WALKER        ,AL,35148-0000,Public       ,80,342,422,1078,1858,2936
00573301,BEVILL STATE COMMUNITY COLLEGE - FAYETTE,AL,35555-0000,Public       ,18,78,96,394,543,937
00573302,BEVILL STATE CMTY CLG-HAMILTON CAMP     ,AL,35570-0000,Public       ,12,55,67,149,268,417
00573305,BEVILL STATE CMTY CLG-WALKER CLG        ,AL,35501-0000,Public       ,20,63,83,297,405,702
00573400,H. COUNCILL TRENHOLM STATE TECH COLLEGE ,AL,36108-0020,Public       ,68,280,348,518,1378,1896
00573401,H. C. TRENHOLM ST TECH COL-PATTERSON CAM,AL,36116-2612,Public       ,21,82,103,234,483,717
00787100,GEORGE C WALLACE STATE CMTY CLG         ,AL,35077-2000,Public       ,202,470,672,2348,3356,5704
00831000,AUBURN UNIVERSITY-MONTGOMERY            ,AL,36124-0000,Public       ,139,347,486,2700,3578,6278
00898800,LURLEEN B WALLACE COMMUNITY COLLEGE     ,AL,36420-0418,Public       ,51,157,208,671,1015,1686
01019300,HERZING COLLEGE                         ,AL,35209-4816,Proprietary  ,11,139,150,126,763,889
01055400,CONCORDIA COLLEGE                       ,AL,36701-3323,Private      ,19,51,70,493,395,888
01218200,CHATTAHOOCHEE VALLEY CMTY CLG           ,AL,36869-7917,Public       ,50,204,254,665,1439,2104
01303906,SOUTH UNIVERSITY - MONTGOMERY           ,AL,36116-1120,Proprietary  ,57,210,267,239,931,1170
02170600,UNITED STATES SPORTS ACADEMY            ,AL,36526-7055,Private      ,1,154,155,29,727,756
02199700,HERITAGE CHRISTIAN UNIVERSITY           ,AL,35630-0000,Private      ,1,9,10,13,62,75
02270400,SOUTHEASTERN BIBLE COLLEGE              ,AL,35244-2083,Private      ,5,11,16,99,149,248
02296000,PRINCE INSTITUTE OF PROFESSIONAL STUDIES,AL,36117-0000,Proprietary  ,3,27,30,22,129,151
02341000,FORTIS COLLEGE                          ,AL,36609-0000,Proprietary  ,56,194,250,325,903,1228
02341002,CAPPS COLLEGE - MONTGOMERY              ,AL,36109-3624,Proprietary  ,4,28,32,27,120,147
02341004,FORTIS COLLEGE - SCHOOL OF COSMETOLOGY  ,AL,36609-1981,Proprietary  ,0,6,6,17,41,58
02503400,AMRIDGE UNIVERSITY                      ,AL,36124-0000,Private      ,4,60,64,25,764,789
02605500,REMINGTON COLLEGE - MOBILE CAMPUS       ,AL,36609-5593,Proprietary  ,84,359,443,405,1724,2129
03010600,VIRGINIA COLLEGE                        ,AL,35209-5154,Proprietary  ,390,3044,3434,1706,15200,16906
03010602,VIRGINIA COLLEGE - HUNTSVILLE           ,AL,35805-0000,Proprietary  ,41,169,210,129,522,651
03010605,VA COLG TECHNICAL AT PELHAM             ,AL,35124-0000,Proprietary  ,0,0,0,2,7,9
03010607,VIRGINIA COLLEGE - MOBILE               ,AL,36606-4748,Proprietary  ,3,44,47,52,304,356
03010616,VIRGINIA COLLEGE - MONTGOMERY           ,AL,36117-2802,Proprietary  ,23,92,115,103,468,571
03032500,ALABAMA STATE CLG BARBER STYLING        ,AL,35215-8308,Proprietary  ,0,8,8,20,42,62
03361400,FORTIS COLLEGE                          ,AL,36535-3547,Proprietary  ,11,57,68,49,270,319
03459300,SOUTHEASTERN SCHOOL OF COSMETOLOGY      ,AL,35228-0000,Private      ,6,43,49,28,147,175
03783300,BLUE CLIFF CAREER COLLEGE               ,AL,63306-4749,Proprietary  ,11,40,51,58,204,262
03894300,HUNTSVILLE BIBLE COLLEGE                ,AL,35811-0000,Private      ,0,5,5,6,49,55
04067300,SELMA UNIVERSITY                        ,AL,36701-0000,Private      ,4,20,24,18,99,117
04116500,MIMI'S BEAUTY ACADEMY OF COSMETOLOGY    ,AL,35810-3453,Proprietary  ,2,7,9,12,42,54
04121500,COLUMBIA SOUTHERN UNIVERSITY            ,AL,36561-3815,Proprietary  ,18,550,568,73,1946,2019
04125200,TONI LOVE'S COSMETOLOGY TRAINING CENTER ,AL,35474-0005,Proprietary  ,0,0,0,2,18,20
00111100,ALLAN HANCOCK COLLEGE                   ,CA,93454-6399,Public       ,157,439,596,2661,3229,5890
00111300,ANTELOPE VALLEY COLLEGE                 ,CA,93536-5426,Public       ,332,956,1288,3947,6610,10557
00111600,ART CENTER COLLEGE OF DESIGN            ,CA,91103-1999,Private      ,73,61,134,1176,1182,2358
00111700,AZUSA PACIFIC UNIVERSITY                ,CA,91702-7000,Private      ,162,578,740,5833,5422,11255
00111800,BAKERSFIELD COLLEGE                     ,CA,93305-1299,Public       ,419,1048,1467,6665,7563,14228
00111900,BARSTOW COMMUNITY COLLEGE               ,CA,92311-6608,Public       ,71,458,529,498,2332,2830
00112000,AMER BAPT SEM OF THE WEST-BERKELEY      ,CA,94704-0000,Private      ,0,7,7,2,51,53
00112100,BETHANY UNIVERSITY /  ASSEMBLIES OF GOD ,CA,95066-2896,Private      ,12,20,32,425,334,759
00112200,BIOLA UNIVERSITY                        ,CA,90639-0001,Private      ,93,136,229,4638,1916,6554
00112300,BROOKS INSTITUTE                        ,CA,93103-1809,Proprietary  ,155,71,226,1364,707,2071
00112400,CABRILLO COLLEGE                        ,CA,95003-3194,Public       ,186,445,631,2815,3656,6471
00112500,CALIFORNIA BAPTIST UNIVERSITY           ,CA,92504-3297,Private      ,74,155,229,3193,2364,5557
00112700,CALIFORNIA COLLEGE OF THE ARTS          ,CA,94107-2206,Private      ,38,40,78,1533,1326,2859
00113100,CALIFORNIA INSTITUTE OF TECHNOLOGY      ,CA,91125-0001,Private      ,48,22,70,2503,360,2863
00113200,CALIFORNIA INSTITUTE OF THE ARTS        ,CA,91355-2397,Private      ,30,19,49,1453,1201,2654
00113300,CALIFORNIA LUTHERAN UNIVERSITY          ,CA,91360-2787,Private      ,58,116,174,2657,1328,3985
00113400,CALIFORNIA MARITIME ACADEMY             ,CA,94590-8181,Public       ,17,9,26,604,207,811
00113700,CALIF STATE UNIV-FULLERTON              ,CA,92831-3599,Public       ,827,882,1709,30508,14017,44525
00113800,"CALIFORNIA STATE UNIVERSITY, EAST BAY   ",CA,94542-3000,Public       ,263,597,860,7682,8359,16041
00113900,CALIF STATE UNIV-LONG BEACH             ,CA,90840-0006,Public       ,790,757,1547,35796,16089,51885
00114000,CALIF STATE UNIV-LOS ANGELES            ,CA,90032-4226,Public       ,508,922,1430,20025,14772,34797
00114100,"CALIF STATE UNIV, DOMINGUEZ HILLS       ",CA,90747-0001,Public       ,250,631,881,9476,9149,18625
00114200,CALIF STATE UNIV SAN BERNARDINO         ,CA,92407-2397,Public       ,347,740,1087,13048,10921,23969
00114300,CAL POLY STATE UNIVERSITY               ,CA,93407-0001,Public       ,478,193,671,24785,3352,28137
00114400,CALIF STATE POLYTECHNIC UNIV POMONA     ,CA,91768-2500,Public       ,450,380,830,20473,6936,27409
00114600,CALIF STATE UNIV - CHICO                ,CA,95929-0001,Public       ,314,264,578,13571,5482,19053
00114700,CALIF STATE UNIV - FRESNO               ,CA,93740-8026,Public       ,402,563,965,17004,9807,26811
00114900,HUMBOLDT STATE UNIVERSITY               ,CA,95521-8299,Public       ,189,163,352,8251,3734,11985
00115000,CALIF STATE UNIV-SACRAMENTO             ,CA,95819-6044,Public       ,580,916,1496,19880,14339,34219
00115100,SAN DIEGO STATE UNIVERSITY              ,CA,92182-1690,Public       ,924,743,1667,37016,14562,51578
00115300,CALIF STATE UNIV-NORTHRIDGE             ,CA,91330-8307,Public       ,598,784,1382,26585,15477,42062
00115400,SAN FRANCISCO STATE UNIVERSITY          ,CA,94132-1740,Public       ,635,830,1465,25632,15704,41336
00115500,SAN JOSE STATE UNIVERSITY               ,CA,95192-0036,Public       ,550,855,1405,22289,13322,35611
00115600,SONOMA STATE UNIVERSITY                 ,CA,94928-3609,Public       ,139,164,303,7909,2959,10868
00115700,CALIF STATE UNIV-STANISLAUS             ,CA,95382-0299,Public       ,141,245,386,6272,4833,11105
00115800,UNITED STATES INTERNATIONAL UNIV        ,CA,92131-1799,Private      ,0,0,0,5,135,140
00116100,CERRITOS COLLEGE                        ,CA,90650-6296,Public       ,586,978,1564,8698,7058,15756
00116200,CHABOT COLLEGE                          ,CA,94545-2400,Public       ,226,606,832,3330,4298,7628
00116300,CHAFFEY COLLEGE                         ,CA,91737-9400,Public       ,623,1302,1925,6889,8771,15660
00116400,CHAPMAN UNIVERSITY                      ,CA,92866-1099,Private      ,114,776,890,5782,8110,13892
00116453,CHAPMAN UNIVERSITY SCHOOL OF LAW        ,CA,92866-0000,Private      ,5,21,26,118,1866,1984
00116500,CHURCH DIV SCH OF THE PACIFIC           ,CA,94709-0000,Private      ,0,2,2,0,72,72
00116600,CITRUS COLLEGE                          ,CA,91741-1899,Public       ,275,446,721,4648,3654,8302
00116900,CLAREMONT GRADUATE UNIVERSITY           ,CA,91711-0000,Private      ,2,103,105,13,1675,1688
00117000,CLAREMONT MCKENNA COLLEGE               ,CA,91711-6400,Private      ,34,9,43,2612,85,2697
00117100,HARVEY MUDD COLLEGE                     ,CA,91711-5990,Private      ,17,4,21,1783,24,1807
00117200,PITZER COLLEGE                          ,CA,91711-6101,Private      ,30,11,41,2570,128,2698
00117300,POMONA COLLEGE                          ,CA,91711-6301,Private      ,50,8,58,3935,76,4011
00117400,SCRIPPS COLLEGE                         ,CA,91711-3948,Private      ,21,2,23,1485,41,1526
00117600,WEST HILLS COMMUNITY COLLEGE            ,CA,93210-1399,Public       ,63,173,236,1093,1153,2246
00117700,COGSWELL POLYTECHNICAL COLLEGE          ,CA,94089-1210,Private      ,7,5,12,135,54,189
00117800,COLLEGE OF MARIN                        ,CA,94904-2590,Public       ,28,184,212,578,1335,1913
00117801,COLG OF MARIN-INDIAN VALLEY CMPS        ,CA,94949-0000,Public       ,0,10,10,15,60,75
00117900,NOTRE DAME DE NAMUR UNIVERSITY          ,CA,94002-1997,Private      ,21,67,88,776,746,1522
00118100,COLLEGE OF SAN MATEO                    ,CA,94402-3784,Public       ,112,230,342,1468,1584,3052
00118200,COLLEGE OF THE DESERT                   ,CA,92260-9305,Public       ,166,393,559,2875,3029,5904
00118300,HOLY NAMES UNIVERSITY                   ,CA,94619-1699,Private      ,13,54,67,588,645,1233
00118500,COLLEGE OF THE REDWOODS                 ,CA,95501-9300,Public       ,156,451,607,2120,3409,5529
00118600,COLLEGE OF THE SEQUOIAS                 ,CA,93277-2234,Public       ,268,758,1026,4396,5469,9865
00118700,COLLEGE OF THE SISKIYOUS                ,CA,96094-2899,Public       ,53,152,205,834,956,1790
00118701,COLLEGE OF THE SISKIYOUS - YREKA CENTER ,CA,96097-9538,Public       ,5,23,28,37,82,119
00119000,CONTRA COSTA COLLEGE                    ,CA,94806-3195,Public       ,113,360,473,1372,2255,3627
00119100,DIABLO VALLEY COLLEGE                   ,CA,94523-1544,Public       ,204,393,597,3092,3087,6179
00119200,CUESTA COLLEGE                          ,CA,93403-8106,Public       ,196,411,607,2755,2533,5288
00119300,CYPRESS COLLEGE                         ,CA,90630-5897,Public       ,261,614,875,4029,4381,8410
00119600,DOMINICAN UNIVERSITY OF CALIFORNIA      ,CA,94901-2298,Private      ,41,90,131,2110,1110,3220
00119700,EL CAMINO COLLEGE                       ,CA,90506-0002,Public       ,424,762,1186,6889,6454,13343
00119701,COMPTON COMMUNITY COLLEGE               ,CA,90221-5393,Public       ,89,273,362,964,2236,3200
00119900,FOOTHILL COLLEGE                        ,CA,94022-4597,Public       ,78,243,321,1313,2002,3315
00120000,FULLER THEOLOGICAL SEMINARY             ,CA,91182-0000,Private      ,2,79,81,7,1989,1996
00120100,FULLERTON COLLEGE                       ,CA,92832-2095,Public       ,457,607,1064,6255,4434,10689
00120200,GAVILAN COLLEGE                         ,CA,95020-9599,Public       ,84,189,273,1122,1434,2556
00120300,GLENDALE COMMUNITY COLLEGE              ,CA,91208-2894,Public       ,287,504,791,5294,4926,10220
00120400,GOLDEN GATE BAPT THEOL SEMINARY         ,CA,94941-0000,Private      ,0,3,3,1,54,55
00120500,GOLDEN GATE UNIVERSITY                  ,CA,94105-2967,Private      ,6,245,251,68,3273,3341
00120600,GOLDEN WEST COLLEGE                     ,CA,92647-2748,Public       ,229,454,683,4357,4002,8359
00120700,GRADUATE THEOLOGICAL UNION              ,CA,94709-0000,Private      ,0,7,7,1,350,351
00120800,GROSSMONT COLLEGE                       ,CA,92020-1798,Public       ,349,674,1023,4809,5140,9949
00120900,HARTNELL COMMUNITY COLLEGE              ,CA,93901-1697,Public       ,167,265,432,2085,2007,4092
00121200,HUMPHREYS COLLEGE                       ,CA,95207-3896,Private      ,15,95,110,172,832,1004
00121400,IMPERIAL VALLEY COLLEGE                 ,CA,92251-9787,Public       ,215,359,574,3601,3046,6647
00121500,LA SIERRA UNIVERSITY                    ,CA,92515-3332,Private      ,89,59,148,1620,724,2344
00121600,UNIVERSITY OF LA VERNE                  ,CA,91750-4443,Private      ,76,445,521,2341,5833,8174
00121700,LASSEN COLLEGE                          ,CA,96130-3000,Public       ,25,99,124,357,604,961
00121800,LOMA LINDA UNIVERSITY                   ,CA,92350-0001,Private      ,36,126,162,708,4408,5116
00121900,LONG BEACH CITY COLLEGE                 ,CA,90808-1780,Public       ,641,1398,2039,8504,10181,18685
00122000,MASTER'S COLLEGE & SEMINARY (THE)       ,CA,91321-1200,Private      ,18,25,43,1026,319,1345
00122300,LOS ANGELES CITY COLLEGE                ,CA,90029-3588,Public       ,282,786,1068,4101,7095,11196
00122400,LOS ANGELES HARBOR COLLEGE              ,CA,90744-2397,Public       ,103,271,374,2088,2811,4899
00122600,LOS ANGELES PIERCE COLLEGE              ,CA,91371-0001,Public       ,281,521,802,5556,4485,10041
00122700,LOS ANGELES TRADE TECH COLLEGE          ,CA,90015-4181,Public       ,214,713,927,2782,5642,8424
00122800,LOS ANGELES VALLEY COLLEGE              ,CA,91401-4096,Public       ,246,470,716,4177,4834,9011
00122900,SO CA UNIV  HEALTH SCIENCES             ,CA,90604-4051,Private      ,4,29,33,18,500,518
00123000,SOUTHERN CA COLLEGE OF OPTOMETRY        ,CA,92831-1699,Private      ,1,4,5,13,459,472
00123200,AMERICAN RIVER COLLEGE                  ,CA,95841-4286,Public       ,576,1608,2184,7167,12603,19770
00123300,SACRAMENTO CITY COLLEGE                 ,CA,95822-1386,Public       ,464,1246,1710,7581,9598,17179
00123600,MENLO COLLEGE                           ,CA,94027-4301,Private      ,18,17,35,738,144,882
00123700,MERCED COMMUNITY COLLEGE                ,CA,95348-2898,Public       ,294,645,939,4252,4341,8593
00123800,MILLS COLLEGE                           ,CA,94613-1301,Private      ,32,68,100,1369,1256,2625
00123900,MIRACOSTA COLLEGE                       ,CA,92056-3899,Public       ,165,404,569,1804,2630,4434
00124000,MODESTO JUNIOR COLLEGE                  ,CA,95350-5800,Public       ,392,1095,1487,6588,7956,14544
00124200,MONTEREY PENINSULA COLLEGE              ,CA,93940-4799,Public       ,93,205,298,1264,1519,2783
00124300,MOUNT ST MARYS COLLEGE                  ,CA,90049-1599,Private      ,35,128,163,1928,1559,3487
00124500,MT. SAN ANTONIO COLLEGE                 ,CA,91789-1399,Public       ,544,914,1458,10016,7629,17645
00124600,MT SAN JACINTO COLLEGE                  ,CA,92583-2399,Public       ,374,1039,1413,4280,6483,10763
00124700,NAPA VALLEY COLLEGE                     ,CA,94558-6236,Public       ,88,255,343,1281,1679,2960
00124900,OCCIDENTAL COLLEGE                      ,CA,90041-3314,Private      ,55,17,72,4049,174,4223
00125000,ORANGE COAST COLLEGE - FIN AID OFF      ,CA,92628-5005,Public       ,402,679,1081,7513,5345,12858
00125100,OTIS COLLEGE OF ART AND DESIGN          ,CA,90045-3505,Private      ,36,22,58,1437,555,1992
00125200,HOPE INTERNATIONAL UNIVERSITY           ,CA,92631-0000,Private      ,18,75,93,543,578,1121
00125300,FRESNO PACIFIC UNIVERSITY               ,CA,93702-4798,Private      ,44,170,214,1429,1690,3119
00125302,FRESNO PACIFIC UNIVERSITY - VISALIA CENT,CA,93277-8341,Private      ,4,21,25,28,194,222
00125303,FRESNO PACIFIC UNIVERSITY - BAKERSFIELD ,CA,93301-4533,Private      ,3,16,19,36,183,219
00125400,PACIFIC LUTHERAN THEOLOGICAL SEM        ,CA,94708-0000,Private      ,0,3,3,2,93,95
00125500,PACIFIC OAKS COLLEGE                    ,CA,91103-3592,Private      ,1,40,41,15,699,714
00125600,PACIFIC SCHOOL OF RELIGION              ,CA,94709-0000,Private      ,0,8,8,1,178,179
00125800,PACIFIC UNION COLLEGE                   ,CA,94508-9797,Private      ,42,45,87,1269,398,1667
00125900,PALO VERDE COLLEGE                      ,CA,92225-0000,Public       ,11,59,70,181,417,598
00126000,PALOMAR COLLEGE                         ,CA,92069-1486,Public       ,303,689,992,4825,4831,9656
00126100,PASADENA CITY COLLEGE                   ,CA,91106-2003,Public       ,540,744,1284,10758,6636,17394
00126200,POINT LOMA NAZARENE UNIVERSITY          ,CA,92106-2899,Private      ,71,141,212,3100,1190,4290
00126600,LANEY COLLEGE                           ,CA,94607-4893,Public       ,163,634,797,2521,4952,7473
00126700,MERRITT COLLEGE                         ,CA,94619-3196,Public       ,94,331,425,1160,2819,3979
00126800,PORTERVILLE COLLEGE                     ,CA,93257-6059,Public       ,87,300,387,1409,1940,3349
00126900,RIO HONDO COLLEGE                       ,CA,90601-1699,Public       ,371,545,916,5143,4043,9186
00127000,RIVERSIDE COMMUNITY COLLEGE             ,CA,92506-1299,Public       ,824,1811,2635,13096,15163,28259
00127200,SAN BERNARDINO VALLEY COLLEGE           ,CA,92410-2798,Public       ,355,1169,1524,4001,7665,11666
00127300,SAN DIEGO CITY COLLEGE                  ,CA,92101-4787,Public       ,339,1187,1526,4870,8421,13291
00127500,SAN DIEGO MESA COLLEGE                  ,CA,92111-4996,Public       ,383,759,1142,5613,6229,11842
00127800,SAN FRANCISCO CONSERVATORY OF MUSIC     ,CA,94122-4498,Private      ,7,7,14,246,324,570
00127900,SAN FRANCISCO THEOLOGICAL SEMINARY      ,CA,94960-0000,Private      ,0,2,2,0,77,77
00128000,SAN JOAQUIN DELTA COLLEGE               ,CA,95207-6370,Public       ,508,1470,1978,6798,9118,15916
00128100,WILLIAM JESSUP UNIVERSITY               ,CA,95765-3707,Private      ,8,24,32,453,263,716
00128200,SAN JOSE CITY COLLEGE                   ,CA,95128-2797,Public       ,173,487,660,2471,3773,6244
00128400,SANTA ANA COLLEGE                       ,CA,92706-3398,Public       ,231,444,675,4186,3944,8130
00128500,SANTA BARBARA CITY COLLEGE              ,CA,93109-2394,Public       ,255,389,644,4297,3064,7361
00128600,SANTA MONICA COLLEGE                    ,CA,90405-1644,Public       ,506,699,1205,9270,5800,15070
00128700,SANTA ROSA JUNIOR COLLEGE               ,CA,95401-4395,Public       ,214,740,954,3574,4680,8254
00128800,CLAREMONT SCHOOL OF THEOLOGY            ,CA,91711-0000,Private      ,0,5,5,5,161,166
00128900,SHASTA COLLEGE                          ,CA,96049-7692,Public       ,192,681,873,3089,4360,7449
00129000,SIERRA COLLEGE                          ,CA,95677-3397,Public       ,392,814,1206,4562,5663,10225
00129100,SIMPSON UNIVERSITY                      ,CA,96003-8606,Private      ,19,71,90,1111,786,1897
00129200,SOLANO COMMUNITY COLLEGE                ,CA,94534-3197,Public       ,140,565,705,2187,4084,6271
00129300,VANGUARD UNIVERSITY OF SOUTHERN CA      ,CA,92626-6597,Private      ,46,80,126,1929,831,2760
00129400,SOUTHWESTERN COLLEGE                    ,CA,91910-7299,Public       ,464,671,1135,6250,4835,11085
00129500,SOUTHWESTERN LAW SCHOOL                 ,CA,90010-1106,Private      ,2,34,36,21,2566,2587
00129600,DOMINICAN SCH PHILOSOPHY & THEOLOGY     ,CA,94709-0000,Private      ,0,6,6,3,33,36
00129900,ST JOHN'S SEMINARY COLLEGE              ,CA,93010-0000,Private      ,0,0,0,0,2,2
00130200,SAINT MARY'S COLLEGE OF CALIFORNIA      ,CA,94556-2744,Private      ,41,117,158,3509,1243,4752
00130500,STANFORD UNIVERSITY                     ,CA,94305-6106,Private      ,332,153,485,16767,3074,19841
00130501,STANFORD UNIV SCHOOL OF MEDICINE        ,CA,94305-5404,Private      ,11,10,21,99,699,798
00130502,STANFORD UNIV GRAD SCH OF BUS           ,CA,94305-5015,Private      ,4,31,35,56,1030,1086
00130503,STANFORD UNIV LAW SCHOOL                ,CA,94305-8610,Private      ,3,14,17,45,2119,2164
00130700,FRESNO CITY COLLEGE                     ,CA,93741-0002,Public       ,717,1979,2696,11336,12493,23829
00130800,REEDLEY COLLEGE                         ,CA,93654-2099,Public       ,344,613,957,4458,4199,8657
00130900,TAFT COLLEGE                            ,CA,93268-2317,Public       ,46,135,181,673,788,1461
00131200,UNIVERSITY OF CALIFORNIA-BERKELEY       ,CA,94720-1520,Public       ,512,484,996,44063,17043,61106
00131300,UNIVERSITY OF CALIFORNIA-DAVIS          ,CA,95616-8558,Public       ,502,263,765,39905,11781,51686
00131400,UNIVERSITY OF CALIFORNIA-IRVINE         ,CA,92697-2825,Public       ,492,308,800,41325,8348,49673
00131500,UNIVERSITY OF CALIFORNIA (UCLA)         ,CA,90095-9000,Public       ,724,833,1557,53222,22780,76002
00131502,UNIV OF CALIFORNIA LOS ANG SCH MED      ,CA,90095-0000,Public       ,11,9,20,176,779,955
00131503,UNIV OF CALIFORNIA LOS ANG DENTAL       ,CA,90095-0000,Public       ,3,2,5,29,120,149
00131600,UNIVERSITY OF CALIFORNIA-RIVERSIDE      ,CA,92521-0209,Public       ,305,309,614,25025,5684,30709
00131700,UNIVERSITY OF CALIFORNIA-SAN DIEGO      ,CA,92093-0013,Public       ,417,253,670,39021,7542,46563
00131900,UNIVERSITY OF CALIFORNIA-SFRANCISCO     ,CA,94143-0246,Public       ,41,72,113,612,3138,3750
00132000,UNIVERSITY OF CALIFORNIA-SANTA BARB     ,CA,93106-3180,Public       ,385,131,516,38878,5495,44373
00132100,UNIVERSITY OF CALIFORNIA-SANTA CRUZ     ,CA,95064-0001,Public       ,325,148,473,24649,3332,27981
00132200,UNIVERSITY OF REDLANDS                  ,CA,92373-0999,Private      ,58,268,326,3858,2168,6026
00132500,UNIVERSITY OF SAN FRANCISCO             ,CA,94117-1080,Private      ,140,298,438,7309,6545,13854
00132600,SANTA CLARA UNIVERSITY                  ,CA,95053-4956,Private      ,113,126,239,7374,3980,11354
00132800,UNIVERSITY OF SOUTHERN CALIFORNIA       ,CA,90089-0914,Private      ,504,468,972,26771,18355,45126
00132900,UNIVERSITY OF THE PACIFIC               ,CA,95211-0197,Private      ,122,79,201,5455,2556,8011
00132901,UNIV OF THE PACIFIC MCGEORGE LAW        ,CA,95817-0000,Private      ,1,20,21,12,2262,2274
00132902,UNIV OF THE PACIFIC SCH OF DENT         ,CA,94115-0000,Private      ,3,19,22,21,545,566
00133400,VENTURA COLLEGE                         ,CA,93003-3899,Public       ,193,417,610,3719,2932,6651
00133500,VICTOR VALLEY COLLEGE                   ,CA,92395-5849,Public       ,319,1008,1327,3858,7259,11117
00133800,WEST VALLEY COLLEGE                     ,CA,95070-5697,Public       ,110,267,377,1509,1750,3259
00134100,WESTMONT COLLEGE                        ,CA,93108-1099,Private      ,27,0,27,2064,52,2116
00134200,WHITTIER COLLEGE                        ,CA,90601-4413,Private      ,42,20,62,2090,303,2393
00134201,WHITTIER LAW SCHOOL                     ,CA,92626-0000,Private      ,1,17,18,6,1159,1165
00134300,WOODBURY UNIVERSITY                     ,CA,91510-7846,Private      ,30,79,109,1041,813,1854
00134400,YUBA COLLEGE                            ,CA,95901-7699,Public       ,211,653,864,3003,4740,7743
00177212,TRINITY INTERNATIONAL UNIV-CA           ,CA,92705-0000,Private      ,1,12,13,5,193,198
00274100,AMERICAN JEWISH UNIVERSITY              ,CA,90077-1599,Private      ,2,6,8,82,132,214
00301002,ANTIOCH UNIV/LOS ANGELES                ,CA,90230-7615,Private      ,6,84,90,25,851,876
00301003,ANTIOCH  UNIV/SANTA BARBARA             ,CA,93101-0000,Private      ,12,48,60,351,452,803
00369110,MONTEREY INST OF INTERNATL STUDIES      ,CA,93940-2691,Private      ,0,44,44,25,855,880
00394700,UC-HASTINGS COLLEGE OF THE LAW          ,CA,94102-0000,Public       ,1,17,18,12,3856,3868
00394800,SAN FRANCISCO ART INSTITUTE             ,CA,94133-2299,Private      ,53,55,108,1023,855,1878
00405500,HEBREW UNION COLLEGE - JEWISH INSTITUTE ,CA,90007-3796,Private      ,0,1,1,0,87,87
00408000,STARR KING SCHOOL FOR THE MINISTRY      ,CA,94709-1299,Private      ,0,1,1,1,66,67
00448000,DE ANZA COLLEGE                         ,CA,95014-5793,Public       ,348,463,811,4754,3619,8373
00448100,OHLONE COLLEGE                          ,CA,94539-5847,Public       ,113,216,329,1766,1620,3386
00448400,JOHN F. KENNEDY UNIVERSITY              ,CA,94523-4817,Private      ,2,102,104,19,1562,1581
00449000,PATTEN UNIVERSITY                       ,CA,94601-2699,Private      ,12,54,66,229,392,621
00449400,EVEREST COLLEGE                         ,CA,92408-3752,Proprietary  ,80,232,312,304,851,1155
00450200,CITY COLLEGE OF SAN FRANCISCO           ,CA,94112-0000,Public       ,509,1330,1839,6516,8805,15321
00563800,DOWNEY ADULT SCHOOL                     ,CA,90241-5610,Public       ,4,18,22,28,70,98
00565500,HACIENDA LA PUENTE ADULT EDUC CTR       ,CA,91746-0000,Public       ,18,89,107,84,383,467
00616500,LA CNTY CLG OF NURSING & ALLD HLTH      ,CA,90033-1018,Public       ,3,34,37,88,328,416
00672000,COLLEGE OF ALAMEDA                      ,CA,94501-2109,Public       ,85,228,313,1362,1761,3123
00673100,CASA LOMA COLLEGE                       ,CA,91405-4523,Private      ,57,71,128,203,415,618
00686300,VENTURA COUNTY CMTY CLG DISTRICT        ,CA,93010-8552,Public       ,1,4,5,25,17,42
00697300,CANADA COLLEGE                          ,CA,94061-1099,Public       ,32,140,172,479,970,1449
00697500,LINCOLN UNIVERSITY                      ,CA,94612-2801,Private      ,4,5,9,11,46,57
00701200,SAMUEL MERRITT COLLEGE                  ,CA,94609-3108,Private      ,15,141,156,262,1922,2184
00704700,LOS ANGELES SOUTHWEST COLLEGE           ,CA,90047-4810,Public       ,138,485,623,1717,4391,6108
00705000,BAY VISTA COLLEGE OF BEAUTY             ,CA,91950-3616,Proprietary  ,21,45,66,69,138,207
00711500,MOORPARK COLLEGE                        ,CA,93021-1695,Public       ,158,234,392,2381,1885,4266
00713000,NEWBERRY SCHOOLS OF BEAUTY              ,CA,91344-7404,Proprietary  ,10,18,28,57,79,136
00714200,LYLE'S COLLEGE OF BEAUTY                ,CA,93710-3948,Proprietary  ,12,38,50,63,144,207
00714201,LYLE'S CLG OF BTY BAKERSFIELD           ,CA,93301-0000,Proprietary  ,2,8,10,40,35,75
00716400,BRYAN COLLEGE                           ,CA,90057-0000,Proprietary  ,11,141,152,83,583,666
00717801,WESTERN SEMINARY - BAY AREA CENTER      ,CA,95032-0000,Private      ,0,1,1,1,13,14
00717804,WESTERN SEMINARY - SACRAMENTO           ,CA,95821-3939,Private      ,0,10,10,9,45,54
00718700,NORTH ADRIAN'S COLLEGE OF BEAUTY        ,CA,95350-2381,Proprietary  ,23,54,77,99,152,251
00719000,WYOTECH                                 ,CA,94539-7663,Proprietary  ,159,289,448,746,1183,1929
00719001,WYOTECH - SIERRA CAMPUS                 ,CA,94621-4523,Proprietary  ,5,2,7,71,74,145
00720300,SALON SUCCESS ACADEMY                   ,CA,91786-4060,Proprietary  ,11,20,31,55,73,128
00720400,MODERN BEAUTY ACADEMY                   ,CA,93030-7016,Proprietary  ,13,12,25,30,43,73
00722900,WESTERN BEAUTY INSTITUTE                ,CA,91402-3104,Proprietary  ,31,78,109,186,583,769
00723400,HEALD COLLEGE                           ,CA,94105-2206,Proprietary  ,56,204,260,335,894,1229
00723600,ART INST OF CALIFORNIA-LOS ANGELES      ,CA,90405-3035,Proprietary  ,320,385,705,4889,3526,8415
00725300,FEDERICO BEAUTY INSTITUTE               ,CA,95834-1905,Proprietary  ,26,42,68,139,183,322
00729600,COLEMAN COLLEGE                         ,CA,92123-0000,Private      ,17,72,89,145,518,663
00745600,MARINELLO SCH BTY BUENA PRK             ,CA,90620-0000,Proprietary  ,0,0,0,3,2,5
00746501,AMERICAN ACADEMY OF DRAMATIC ARTS - HOLL,CA,90028-7504,Private      ,18,7,25,183,77,260
00747600,MARINELLO SCHOOLS OF BEAUTY             ,CA,90023-2666,Proprietary  ,125,271,396,734,1498,2232
00747602,MARINELLO SCHOOLS OF BEAUTY - SPA ACADEM,CA,90048-5101,Proprietary  ,0,3,3,37,27,64
00747603,MARINELLO SCHOOLS OF BEAUTY - INGLEWOOD ,CA,90301-2306,Proprietary  ,1,2,3,17,21,38
00747604,MARINELLO SCHOOLS OF BEAUTY - RESEDA    ,CA,91335-4218,Proprietary  ,0,0,0,8,5,13
00747605,MARINELLO SCHOOLS OF BEAUTY - NORTH HOLL,CA,91606-3210,Proprietary  ,0,1,1,14,16,30
00747606,MARINELLO SCHOOLS OF BEAUTY - WEST COVIN,CA,91790-2805,Proprietary  ,0,2,2,16,14,30
00747607,MARINELLO SCHOOLS OF BEAUTY - SAN BERNAR,CA,92410-3261,Proprietary  ,0,2,2,26,36,62
00747608,MARINELLO SCHOOLS OF BEAUTY - ONTARIO   ,CA,91762-2113,Proprietary  ,5,13,18,27,51,78
00747609,MARINELLO SCHOOLS OF BEAUTY - WHITTIER  ,CA,90601-4107,Proprietary  ,0,2,2,16,8,24
00747611,MARINELLO SCHOOLS OF BEAUTY - SAN DIEGO ,CA,92126-4217,Proprietary  ,1,7,8,28,48,76
00747700,"HEALD COLLEGE,SCHOOLS OF BUS & TECH     ",CA,95670-6005,Proprietary  ,31,205,236,303,1056,1359
00753100,ACADEMY OF ART UNIVERSITY               ,CA,94105-3410,Proprietary  ,471,1032,1503,5550,8629,14179
00753600,COSUMNES RIVER COLLEGE                  ,CA,95823-5799,Public       ,231,622,853,4141,4566,8707
00754802,WESTWOOD COLLEGE OF TECHNOLOGY          ,CA,92801-0000,Proprietary  ,159,82,241,990,580,1570
00754803,WESTWOOD COLLEGE OF TECHNOLOGY          ,CA,91786-0000,Proprietary  ,100,100,200,976,772,1748
00760600,EVEREST COLLEGE                         ,CA,90010-2221,Proprietary  ,63,128,191,273,614,887
00760700,CONCORDE CAREER INSTITUTE               ,CA,91606-3134,Proprietary  ,88,167,255,315,573,888
00770700,COLUMBIA COLLEGE                        ,CA,95370-8580,Public       ,57,147,204,730,863,1593
00771300,SKYLINE COLLEGE                         ,CA,94066-1698,Public       ,118,197,315,1688,1633,3321
00793000,CONCORDE CAREER INSTITUTE               ,CA,92108-0000,Proprietary  ,34,148,182,262,781,1043
00799300,CALIF STATE UNIV BAKERSFIELD            ,CA,93311-1022,Public       ,140,327,467,5511,4954,10465
00807100,CONCORDE CAREER INSTITUTE               ,CA,92840-9201,Proprietary  ,69,136,205,298,718,1016
00807300,BUTTE COMMUNITY COLLEGE                 ,CA,95965-0000,Public       ,316,693,1009,4423,5502,9925
00809000,EVEREST COLLEGE                         ,CA,91803-1310,Proprietary  ,43,106,149,279,555,834
00809300,HEALD COLLEGE                           ,CA,93704-1706,Proprietary  ,67,235,302,638,1423,2061
00853200,HEALD COLLEGE                           ,CA,94545-2352,Proprietary  ,114,227,341,599,1299,1898
00853700,CONCORDE CAREER INSTITUTE               ,CA,92401-0000,Proprietary  ,52,128,180,374,981,1355
00859600,WEST LOS ANGELES COLLEGE                ,CA,90230-3500,Public       ,136,397,533,1770,3654,5424
00859700,FEATHER RIVER COLLEGE                   ,CA,95971-9124,Public       ,29,45,74,604,364,968
00884400,CALIFORNIA CHRISTIAN COLLEGE            ,CA,93703-3599,Private      ,3,3,6,31,34,65
00884600,WRIGHT INSTITUTE                        ,CA,94704-0000,Private      ,0,9,9,0,435,435
00890300,COLLEGE OF THE CANYONS                  ,CA,91355-1899,Public       ,197,309,506,2644,2299,4943
00891800,SADDLEBACK COLLEGE                      ,CA,92692-3699,Public       ,218,492,710,2235,2860,5095
00902200,ASSOCIATED TECHNICAL COLLEGE            ,CA,90017-0000,Proprietary  ,38,141,179,116,565,681
00903200,EMPIRE COLLEGE                          ,CA,95403-2122,Proprietary  ,29,75,104,105,393,498
00915706,WYOMING TECHNICAL INSTITUTE - WEST SACRA,CA,95605-1507,Proprietary  ,95,209,304,250,413,663
00927200,CRAFTON HILLS COLLEGE                   ,CA,92399-1799,Public       ,169,318,487,1882,2149,4031
00932500,ABRAM FRIEDMAN OCCUP CTR                ,CA,90015-3507,Public       ,2,11,13,31,57,88
00950900,SKILLS & BUSINESS EDUCATION CENTER      ,CA,95824-1529,Public       ,27,285,312,165,1207,1372
00974800,WESTERN CAREER COLLEGE                  ,CA,95826-3203,Proprietary  ,104,330,434,956,2434,3390
00974801,WESTERN CAREER COLLEGE - SAN LEANDRO CAM,CA,94578-3711,Proprietary  ,61,145,206,309,695,1004
00974802,WESTERN CAREER COLLEGE - PLEASANT HILL C,CA,94523-1984,Proprietary  ,45,111,156,206,494,700
00974803,WESTERN CAREER COLLEGE - STOCKTON       ,CA,95207-5509,Proprietary  ,45,85,130,232,383,615
00974804,WESTERN CAREER COLLEGE - CITRUS HEIGHTS ,CA,95621-5577,Proprietary  ,72,167,239,266,671,937
00974806,WESTERN CAREER COLLEGE -  ANTIOCH/WALNUT,CA,94531-1604,Proprietary  ,52,101,153,246,522,768
00974807,WESTERN CAREER COLLEGE - SAN JOSE       ,CA,95119-1325,Proprietary  ,78,185,263,359,674,1033
00974808,WESTERN CAREER COLLEGE - EMERYVILLE     ,CA,94608-3006,Proprietary  ,0,2,2,17,33,50
00974809,WESTERN CAREER COLLEGE -  EMERYVILLE SHE,CA,94608-3006,Proprietary  ,24,64,88,92,249,341
00974810,WESTERN CAREER COLLEGE - CONCORD        ,CA,94520-5671,Proprietary  ,0,3,3,14,19,33
00998900,SANTA BARBARA BUSINESS COLLEGE          ,CA,93111-0000,Proprietary  ,35,80,115,208,468,676
01011100,CERRO-COSO COMMUNITY COLLEGE            ,CA,93555-9571,Public       ,39,178,217,534,1367,1901
01014225,TOURO CLG OSEOPATHIC MEDICINE           ,CA,94592-1115,Private      ,0,11,11,11,445,456
01014900,PEPPERDINE UNIVERSITY                   ,CA,90263-0000,Private      ,151,347,498,6059,6135,12194
01033300,JESUIT SCHOOL OF THEOLOGY - BERKELEY    ,CA,94709-1193,Private      ,0,2,2,0,47,47
01034000,LOS MEDANOS COLLEGE                     ,CA,94565-5197,Public       ,167,403,570,1690,2569,4259
01036500,CHARLES R DREW UNIV OF MED & SCI        ,CA,90059-0000,Private      ,4,21,25,57,446,503
01036800,MENNONITE BRETHREN BIBLICAL SEM         ,CA,93727-0000,Private      ,0,6,6,1,56,57
01037500,HARBOR OCCUPATIONAL CENTER              ,CA,90731-0000,Public       ,1,6,7,24,35,59
01039500,UNIVERSITY OF SAN DIEGO                 ,CA,92110-2492,Private      ,263,179,442,11725,3255,14980
01039501,UNIVERSITY OF SAN DIEGO - SCHOOL OF LAW ,CA,92110-2492,Private      ,7,40,47,105,3200,3305
01044100,PARDEE RAND GRADUATE SCHOOL             ,CA,90407-2138,Private      ,0,6,6,0,34,34
01047400,MARYMOUNT COLLEGE OF PALOS VERDES       ,CA,90275-0000,Private      ,12,7,19,570,64,634
01057900,WEST VALLEY OCCUPATIONAL CTR            ,CA,91367-0000,Public       ,3,16,19,49,71,120
01083100,NEW COLLEGE OF CALIFORNIA               ,CA,94102-0000,Private      ,0,0,0,13,146,159
01083200,WESTERN STATE UNIV COLLEGE OF LAW       ,CA,92831-3014,Proprietary  ,0,34,34,6,998,1004
01085400,THOMAS JEFFERSON SCHOOL OF LAW          ,CA,92110-0000,Private      ,0,87,87,13,1915,1928
01102400,EVEREST COLLEGE                         ,CA,94103-2091,Proprietary  ,53,131,184,235,511,746
01110700,EVEREST  COLLEGE                        ,CA,92801-5231,Proprietary  ,90,169,259,280,665,945
01110900,EVEREST COLLEGE                         ,CA,91335-4631,Proprietary  ,79,134,213,357,549,906
01111200,FIDM-FASHION INSTITUTE OF DESIGN        ,CA,90015-1421,Proprietary  ,383,240,623,5784,1903,7687
01111700,ALLIANT INTERNATIONAL UNIVERSITY        ,CA,92131-1799,Private      ,11,121,132,77,2307,2384
01111705,ALLIANT INTERNATIONAL UNIVERSITY - LOS A,CA,91803-1360,Private      ,0,12,12,5,609,614
01111706,ALLIANT INTERNATIONAL UNIVERSITY - SAN F,CA,94133-1221,Private      ,0,33,33,6,643,649
01111707,ALLIANT INTERNATIONAL UNIVERSITY - FRESN,CA,93727-2014,Private      ,2,17,19,24,377,401
01112100,EVEREST COLLEGE                         ,CA,94541-4007,Proprietary  ,38,165,203,168,610,778
01112300,EVEREST COLLEGE                         ,CA,90247-4163,Proprietary  ,80,180,260,267,729,996
01146000,NATIONAL UNIVERSITY                     ,CA,92037-1011,Private      ,61,2245,2306,328,12738,13066
01162600,PRACTICAL SCHOOLS                       ,CA,92805-0000,Proprietary  ,33,92,125,433,689,1122
01164900,LOYOLA MARYMOUNT UNIVERSITY             ,CA,90045-0000,Private      ,187,165,352,9122,2895,12017
01164901,LOYOLA LAW SCHOOL                       ,CA,90015-0000,Private      ,4,28,32,30,3514,3544
01167200,MENDOCINO COMMUNITY COLLEGE             ,CA,95482-3000,Public       ,52,148,200,850,1154,2004
01169600,NATIONAL POLYTECHNIC COLLEGE OF SCIENCE ,CA,90744-6399,Private      ,18,72,90,72,301,373
01170700,NORTH-WEST COLLEGE                      ,CA,91790-2097,Proprietary  ,59,183,242,181,408,589
01179200,FRANCISCAN SCHOOL OF THEOLOGY           ,CA,94709-0000,Private      ,0,3,3,1,30,31
01182000,SAN DIEGO MIRAMAR COLLEGE               ,CA,92126-0000,Public       ,143,382,525,2175,3066,5241
01186500,CALIFORNIA HAIR DESIGN ACADEMY          ,CA,92115-0000,Proprietary  ,10,21,31,55,82,137
01202600,JE BOUTIQUE COLLEGE OF BEAUTY           ,CA,92021-6247,Proprietary  ,5,27,32,38,93,131
01202700,GALEN COLLEGE OF CALIFORNIA             ,CA,93728-2381,Proprietary  ,5,30,35,54,109,163
01203100,SAN DIEGO CHRISTIAN COLLEGE             ,CA,92019-1157,Private      ,23,24,47,456,170,626
01206100,EVEREST COLLEGE                         ,CA,95128-3908,Proprietary  ,38,127,165,143,394,537
01215400,CALIFORNIA INST OF INTEGRAL STUDIES     ,CA,94103-2557,Private      ,0,82,82,6,1164,1170
01231600,MANCHESTER BEAUTY COLLEGE               ,CA,93726-5306,Proprietary  ,8,33,41,76,169,245
01231700,TULARE BEAUTY COLLEGE                   ,CA,93274-3432,Proprietary  ,1,6,7,10,25,35
01244600,UNIVERSAL COLLEGE OF BEAUTY             ,CA,90044-0044,Proprietary  ,6,17,23,37,81,118
01245200,EVERGREEN VALLEY COLLEGE                ,CA,95135-1598,Public       ,152,330,482,2892,2781,5673
01255000,LOS ANGELES MISSION COLLEGE             ,CA,91342-3200,Public       ,105,260,365,2106,2595,4701
01265000,MARINELLO SCHOOL OF BEAUTY              ,CA,91502-2828,Proprietary  ,8,29,37,86,190,276
01265100,MARINELLO SCHOOL OF BEAUTY              ,CA,91748-1674,Proprietary  ,2,29,31,33,121,154
01284200,OXNARD COLLEGE                          ,CA,93030-0000,Public       ,121,327,448,1865,2315,4180
01287200,NORTH-WEST COLLEGE                      ,CA,91768-3199,Proprietary  ,22,66,88,139,403,542
01287300,WYOTECH                                 ,CA,90810-3800,Proprietary  ,174,437,611,937,1675,2612
01287301,WYOTECH - EVEREST  COLLEGE              ,CA,90034-3158,Proprietary  ,56,158,214,186,640,826
01287302,WYOTECH - EVEREST  COLLEGE              ,CA,91746-3412,Proprietary  ,79,197,276,400,847,1247
01290700,LAKE TAHOE COMMUNITY COLLEGE            ,CA,96150-4524,Public       ,48,93,141,401,520,921
01291100,MARINELLO SCHOOL OF BEAUTY              ,CA,92646-2552,Proprietary  ,3,18,21,51,87,138
01291200,MTI COLLEGE                             ,CA,95841-0000,Proprietary  ,42,134,176,365,1006,1371
01294200,ROSEMEAD BEAUTY SCHOOL                  ,CA,91770-1639,Proprietary  ,8,33,41,32,156,188
01298400,PROFESSIONAL INSTITUTE OF BEAUTY        ,CA,91731-2613,Proprietary  ,2,23,25,16,80,96
01298500,HAIR CALIFORNIA BEAUTY ACADEMY          ,CA,92867-7127,Proprietary  ,1,4,5,6,14,20
01298900,OCEANSIDE COLLEGE OF BEAUTY             ,CA,92054-5393,Proprietary  ,1,9,10,29,51,80
01301000,LANCASTER BEAUTY SCHOOL                 ,CA,93534-3098,Proprietary  ,6,22,28,73,119,192
01307400,AMERICAN BEAUTY COLLEGE                 ,CA,90706-5417,Proprietary  ,2,20,22,24,79,103
01309500,SALON SUCCESS ACADEMY                   ,CA,92879-6561,Proprietary  ,22,32,54,104,130,234
01310300,CALIFORNIA WESTERN SCHOOL OF LAW        ,CA,92101-0000,Private      ,1,67,68,18,2130,2148
01324000,LYTLE'S REDWOOD EMPIRE BEAUTY CLG       ,CA,95403-0000,Proprietary  ,8,21,29,70,104,174
02054900,MARINELLO SCHOOL OF BEAUTY              ,CA,92630-0000,Proprietary  ,10,13,23,41,80,121
02059800,PARIS BEAUTY COLLEGE                    ,CA,94520-2611,Proprietary  ,9,26,35,42,103,145
02063500,COASTLINE COMMUNITY COLLEGE             ,CA,92708-0000,Public       ,34,352,386,707,2951,3658
02064300,SIERRA COLLEGE OF BEAUTY                ,CA,95340-0000,Proprietary  ,10,13,23,67,70,137
02065500,BROOKS COLLEGE                          ,CA,90804-3289,Proprietary  ,0,8,8,84,57,141
02065501,BROOKS COLLEGE - SUNNYVALE              ,CA,94086-5303,Proprietary  ,0,0,0,19,11,30
02065700,CALIFORNIA BEAUTY COLLEGE               ,CA,95354-0000,Proprietary  ,7,10,17,69,65,134
02070500,CONCORDIA UNIVERSITY                    ,CA,92612-0000,Private      ,37,93,130,1733,1031,2764
02075800,SOUTHERN CA INST OF ARCHITECTURE        ,CA,90013-0000,Private      ,6,14,20,157,507,664
02086400,MARINELLO SCHOOL OF BEAUTY              ,CA,95050-0000,Proprietary  ,16,24,40,56,107,163
02091200,ELEGANCE INTERNATIONAL                  ,CA,90028-0000,Proprietary  ,14,13,27,67,97,164
02091700,KAPLAN COLLEGE                          ,CA,92123-1509,Proprietary  ,58,240,298,507,1379,1886
02096100,FIELDING INSTITUTE                      ,CA,93105-0000,Private      ,0,229,229,3,1190,1193
02099200,AMERICAN CONSERVATORY THEATER           ,CA,94108-0000,Private      ,1,8,9,15,178,193
02110200,COLUMBIA COLLEGE                        ,CA,91356-0000,Private      ,12,12,24,294,151,445
02110800,CALIFORNIA COLLEGE SAN DIEGO            ,CA,92108-3821,Proprietary  ,33,158,191,344,939,1283
02111300,CUYAMACA COLLEGE                        ,CA,92019-0000,Public       ,172,397,569,2001,2524,4525
02113601,AMERICAN INTERCONTINENTAL UNIV - LOS ANG,CA,90066-7008,Proprietary  ,4,43,47,285,521,806
02119100,MISSION COLLEGE                         ,CA,95054-1897,Public       ,98,320,418,1520,2701,4221
02120600,SAYBROOK GRADUATE SCHOOL                ,CA,94111-1920,Private      ,0,46,46,1,524,525
02120700,SAN JOAQUIN VALLEY COLLEGE              ,CA,93291-0000,Proprietary  ,222,766,988,1918,4286,6204
02120900,ITT TECHNICAL INSTITUTE                 ,CA,95670-6034,Proprietary  ,129,264,393,561,1090,1651
02125000,CAREER ACADEMY OF BEAUTY                ,CA,92845-0000,Proprietary  ,14,20,34,40,116,156
02128200,"VICTOR VALLEY BEAUTY COLLEGE, INC       ",CA,92392-0000,Proprietary  ,21,21,42,117,122,239
02128300,INSTITUTE FOR BUSINESS & TECHNOLOGY     ,CA,95050-0000,Proprietary  ,68,198,266,208,619,827
02128301,INSTITUTE FOR BUSINESS & TECHNOLOGY     ,CA,95610-0000,Proprietary  ,24,110,134,100,429,529
02138300,PACIFIC GRADUATE SCHOOL OF PSYCHOLO     ,CA,94303-4232,Private      ,1,4,5,10,507,517
02147400,CLEVELAND CHIROPRACTIC COLLEGE          ,CA,90004-0000,Private      ,1,42,43,33,378,411
02161800,MUSICIANS INSTITUTE                     ,CA,90028-6157,Proprietary  ,109,120,229,1084,792,1876
02167800,ESTES INSTITUTE OF COSMETOLOGY          ,CA,93291-0000,Proprietary  ,13,11,24,102,66,168
02174600,MARINELLO SCHOOL OF BEAUTY              ,CA,90201-0000,Proprietary  ,3,21,24,46,129,175
02180600,BRIDGES  ACADEMY OF BEAUTY              ,CA,92311-2327,Proprietary  ,3,2,5,9,11,20
02184900,PALMER COLLEGE OF CHIROPRACTIC WEST     ,CA,95134-0000,Private      ,0,16,16,9,324,333
02185800,MOLER BARBER COLLEGE                    ,CA,94611-0000,Proprietary  ,2,5,7,15,29,44
02187500,"HEALD COLLEGE, SCH OF BUS & TECH        ",CA,94520-0000,Proprietary  ,98,260,358,526,1160,1686
02188400,SIERRA VALLEY COLLEGE OF COURT REPORTING,CA,93726-0000,Proprietary  ,10,29,39,79,195,274
02208600,MADERA BEAUTY COLLEGE                   ,CA,93637-3519,Proprietary  ,1,3,4,42,24,66
02211000,HAIRMASTERS UNIVERSITY OF BEAUTY        ,CA,92405-0000,Proprietary  ,16,16,32,38,52,90
02220000,COLLEEN O'HARA BEAUTY ACADEMY           ,CA,92701-0000,Proprietary  ,27,42,69,90,214,304
02220200,CALIFORNIA CULINARY ACADEMY             ,CA,94102-3336,Proprietary  ,85,142,227,681,757,1438
02221300,MARINELLO SCHOOL OF BEAUTY              ,CA,92553-0000,Proprietary  ,25,59,84,114,240,354
02222000,AMERICAN FILM INSTITUTE                 ,CA,90027-0000,Private      ,8,14,22,106,497,603
02226000,EAST LOS ANGELES COLLEGE                ,CA,91754-0000,Public       ,377,623,1000,6943,6216,13159
02228500,LIFE CHIROPRACTIC COLLEGE-WEST          ,CA,94545-0000,Private      ,0,23,23,7,433,440
02230900,FREDRICK & CHARLES BEAUTY COLLEGE       ,CA,95501-0000,Proprietary  ,7,6,13,45,55,100
02231900,GEMOLOGICAL INSTITUTE OF AMERICA        ,CA,92008-4698,Private      ,5,26,31,43,203,246
02234300,FASHION CAREERS OF CALIFORNIA           ,CA,92110-0000,Proprietary  ,20,11,31,123,108,231
02236400,"THANH LE COLG, SCH OF COSMETOLOGY       ",CA,92840-0000,Proprietary  ,3,17,20,7,59,66
02237200,PHILLIPS GRADUATE INSTITUTE             ,CA,91316-0000,Private      ,0,31,31,2,374,376
02241600,SAN DIEGO CONTINUING EDUCATION          ,CA,92113-0000,Public       ,8,61,69,67,346,413
02241800,AMERICAN CAREER COLLEGE                 ,CA,90004-0000,Proprietary  ,292,716,1008,1643,3524,5167
02242700,BERKELEY CITY COLLEGE                   ,CA,94704-0000,Public       ,82,249,331,1153,2080,3233
02250602,EVEREST COLLEGE                         ,CA,91761-8525,Proprietary  ,71,160,231,321,875,1196
02255400,INTERNATIONAL SCHOOL OF COSMETOLOGY     ,CA,90250-0000,Proprietary  ,7,13,20,25,35,60
02255600,MARINELLO SCHOOL OF BEAUTY              ,CA,90723-0000,Proprietary  ,15,28,43,90,177,267
02258600,ALAMEDA BEAUTY COLLEGE                  ,CA,94501-0000,Proprietary  ,23,47,70,76,130,206
02262400,YESHIVA OHR ELCHONON CHABAD             ,CA,90046-0000,Private      ,29,0,29,51,1,52
02263101,ANTHEM COLLEGE - HIGH-TECH INSTITUTE - S,CA,95827-0000,Proprietary  ,3,15,18,77,76,153
02267600,INSTITUTE OF TRANSPERSONAL PSYCHLGY     ,CA,94303-4624,Private      ,0,21,21,2,444,446
02270600,LIFE PACIFIC COLLEGE                    ,CA,91773-0000,Private      ,19,22,41,316,159,475
02276800,WESTMINSTER SEMINARY CALIFORNIA         ,CA,92027-0000,Private      ,0,6,6,3,133,136
02277400,SOUTH COAST COLLEGE                     ,CA,92868-2616,Proprietary  ,12,51,63,108,331,439
02282300,ALHAMBRA BEAUTY COLLEGE                 ,CA,91802-0000,Proprietary  ,9,35,44,22,101,123
02285100,HILLTOP BEAUTY SCHOOL                   ,CA,94014-0000,Proprietary  ,6,16,22,19,126,145
02291500,ITT TECHNICAL INSTITUTE                 ,CA,91773-0000,Proprietary  ,179,237,416,793,1155,1948
02291600,ITT TECHNICAL INSTITUTE                 ,CA,92123-0000,Proprietary  ,111,258,369,742,1581,2323
02298000,DESIGN INSTITUTE OF SAN DIEGO           ,CA,92121-0000,Proprietary  ,8,24,32,154,267,421
02304300,"PLATT COLLEGE, SAN DIEGO                ",CA,92115-0000,Proprietary  ,23,39,62,174,263,437
02306300,KAPLAN COLLEGE                          ,CA,95368-0000,Proprietary  ,69,138,207,423,868,1291
02306302,KAPLAN COLLEGE - FRESNO                 ,CA,93612-3802,Proprietary  ,41,80,121,229,495,724
02309500,CLOVIS ADULT EDUC                       ,CA,93611-0000,Public       ,3,43,46,38,230,268
02312400,LA COLLEGE INTERNATIONAL                ,CA,90010-0000,Proprietary  ,10,88,98,46,467,513
02321800,ITT TECHNICAL INSTITUTE                 ,CA,91342-3664,Proprietary  ,143,240,383,749,1204,1953
02321900,ITT TECHNICAL INSTITUTE                 ,CA,92801-0000,Proprietary  ,135,255,390,532,858,1390
02327600,ART INST OF CALIFORNIA-SAN DIEGO        ,CA,92108-4401,Proprietary  ,181,270,451,2680,2166,4846
02330500,LAGUNA COLLEGE OF ART AND DESIGN        ,CA,92651-0000,Private      ,18,13,31,370,148,518
02332800,CENTER FOR EMPLOYMENT TRAINING          ,CA,95110-0000,Private      ,143,686,829,381,2106,2487
02338500,GLENDALE CAREER COLLEGE                 ,CA,91201-0000,Proprietary  ,29,41,70,101,180,281
02338700,MARINELLO SCHOOL OF BEAUTY              ,CA,94103-0000,Proprietary  ,7,15,22,37,104,141
02342400,ACADEMY OF RADIO BROADCASTING           ,CA,92647-3809,Proprietary  ,6,31,37,29,132,161
02343400,"BELLUS ACADEMY, THE ACADEMY OF BEAUTY AN",CA,92064-4633,Proprietary  ,21,59,80,85,164,249
02345800,MONTEBELLO BEAUTY COLLEGE               ,CA,90640-0000,Proprietary  ,9,16,25,33,63,96
02351900,KAPLAN COLLEGE                          ,CA,95660-5512,Proprietary  ,54,153,207,206,674,880
02351901,KAPLAN COLLEGE - BAKERSFIELD            ,CA,93304-0000,Proprietary  ,51,148,199,284,742,1026
02358000,THOMAS AQUINAS COLLEGE                  ,CA,93060-9622,Private      ,1,1,2,319,19,338
02359300,SHASTA BIBLE COLLEGE                    ,CA,96002-0000,Private      ,2,8,10,36,44,80
02482700,WESTERN UNIVERSITY OF HEALTH S          ,CA,91766-1854,Private      ,2,37,39,47,3398,3445
02494800,LOLA BEAUTY COLLEGE                     ,CA,92641-0000,Proprietary  ,1,1,2,1,27,28
02497300,TRINITY COLLEGE                         ,CA,93277-0000,Proprietary  ,41,176,217,198,705,903
02500000,SAN JOAQUIN COLLEGE OF LAW              ,CA,93612-0000,Private      ,0,6,6,10,276,286
02518400,THE NATIONAL HISPANIC UNIVERSITY        ,CA,95127-0000,Private      ,12,37,49,187,340,527
02519800,AVANCE BEAUTY COLLEGE                   ,CA,92154-0000,Proprietary  ,4,11,15,46,71,117
02520200,CALIFORNIA CAREER SCHOOLS               ,CA,92805-0000,Proprietary  ,6,8,14,22,42,64
02520300,INTERIOR DESIGNERS INSTITUTE            ,CA,92660-0000,Proprietary  ,15,50,65,44,134,178
02520400,ADRIAN'S BEAUTY COLLEGE OF TURLOCK      ,CA,95382-0000,Proprietary  ,19,32,51,82,129,211
02537200,PALOMAR INSTITUTE OF COSMETOLOGY        ,CA,92069-0000,Proprietary  ,19,32,51,112,148,260
02539100,KAPLAN COLLEGE                          ,CA,91606-3231,Proprietary  ,104,222,326,479,1064,1543
02539102,KAPLAN COLLEGE -  RIVERSIDE             ,CA,92507-4223,Proprietary  ,48,143,191,313,747,1060
02539500,IRVINE VALLEY COLLEGE                   ,CA,92620-0000,Public       ,144,288,432,1941,2009,3950
02542300,NATIONAL HOLISTIC INSTITUTE             ,CA,94608-0000,Proprietary  ,33,101,134,155,442,597
02543400,BROWNSON TECHNICAL SCHOOL               ,CA,92805-0000,Proprietary  ,7,40,47,34,120,154
02545900,HYPNOSIS MOTIVATION INSTITUTE           ,CA,91356-0000,Private      ,1,47,48,5,133,138
02546400,MTI BUSINESS COLLEGE INC                ,CA,95207-0000,Proprietary  ,4,53,57,30,211,241
02549000,KAPLAN COLLEGE                          ,CA,92083-7736,Proprietary  ,90,201,291,411,907,1318
02549005,KAPLAN COLLEGE -  PALM SPRINGS          ,CA,92262-7011,Proprietary  ,39,120,159,230,518,748
02553500,ASSOCIATED TECHNICAL COLLEGE            ,CA,92101-0000,Proprietary  ,8,75,83,51,204,255
02553600,DIVERSIFIED LANGUAGE INSTITUTE          ,CA,90017-0000,Proprietary  ,5,211,216,8,833,841
02559300,UNITED EDUCATION INSTITUTE              ,CA,90020-0000,Proprietary  ,501,1090,1591,1718,3731,5449
02559400,INTERCOAST COLLEGES                     ,CA,92868-1656,Proprietary  ,37,426,463,93,1050,1143
02565400,KAPLAN COLLEGE                          ,CA,95207-6216,Proprietary  ,33,115,148,235,596,831
02570300,LOS ANGELES ORT TECHNICAL INSTITUTE     ,CA,90048-0000,Private      ,27,170,197,113,598,711
02577900,SANTA BARBARA BUSINESS COLLEGE          ,CA,93309-1664,Proprietary  ,72,169,241,329,720,1049
02578000,SANTA BARBARA BUSINESS COLLEGE          ,CA,93454-6943,Proprietary  ,20,54,74,106,319,425
02584200,NEWBRIDGE COLLEGE                       ,CA,92701-0000,Proprietary  ,43,149,192,193,719,912
02591600,NORTH-WEST COLLEGE                      ,CA,91101-1744,Proprietary  ,10,14,24,33,86,119
02593100,HEALD COLLEGE                           ,CA,95678-5303,Proprietary  ,54,218,272,288,1028,1316
02593200,HEALD COLLEGE                           ,CA,95035-8008,Proprietary  ,69,165,234,415,1008,1423
02593300,HEALD COLLEGE                           ,CA,95210-5667,Proprietary  ,80,242,322,653,1349,2002
02595600,ASIAN AMERICAN INTERNATIONAL BTY CG     ,CA,92683-4043,Proprietary  ,2,7,9,8,55,63
02597300,SOUTH BAYLO UNIVERSITY                  ,CA,92801-1701,Private      ,2,55,57,7,162,169
02602300,CENTRAL COAST COLLEGE                   ,CA,93901-3301,Proprietary  ,18,40,58,121,207,328
02608900,PINNACLE COLLEGE                        ,CA,91803-8842,Proprietary  ,13,15,28,60,106,166
02608901,PINNACLE COLLEGE - SACRAMENTO           ,CA,95826-2581,Proprietary  ,3,6,9,3,6,9
02609000,EMPERORS COLG OF TRAD ORIENTAL MED      ,CA,90403-5609,Proprietary  ,0,36,36,4,153,157
02612800,LOS ANGELES RECORDING SCHOOL            ,CA,90028-3112,Proprietary  ,89,94,183,676,680,1356
02619300,SAMRA UNIV OF ORIENTAL MEDICINE         ,CA,90015-1019,Private      ,0,13,13,2,65,67
02620300,PLATT COLLEGE                           ,CA,92647-3017,Proprietary  ,0,0,0,12,12,24
03010611,VIRGINIA COLLEGE - GOLF ACADEMY OF AMERI,CA,92008-6512,Proprietary  ,19,32,51,117,161,278
03011300,"CALIF STATE UNIV, SAN MARCOS            ",CA,92096-0001,Public       ,187,224,411,7625,4244,11869
03019900,ADELANTE CAREER INSTITUTE               ,CA,91402-4924,Proprietary  ,4,36,40,17,93,110
03025600,DELL'ARTE SCH OF PHYSICAL THEATRE       ,CA,95525-0816,Private      ,0,1,1,4,41,45
03027700,PACIFIC COLLEGE OF ORIENTAL MED         ,CA,92108-4408,Proprietary  ,3,123,126,15,474,489
03029600,POMONA ADULT SCHOOL                     ,CA,91766-0000,Public       ,23,54,77,83,203,286
03031409,INTERNATIONAL ACADEMY OF DESIGN AND TECH,CA,95834-9664,Proprietary  ,6,12,18,90,97,187
03034000,HEALD COLLEGE                           ,CA,93906-5100,Proprietary  ,72,160,232,457,874,1331
03035700,LAS POSITAS COLLEGE                     ,CA,94551-6750,Public       ,112,200,312,1230,1262,2492
03039900,FREMONT COLLEGE                         ,CA,90703-5342,Proprietary  ,16,41,57,86,181,267
03043900,NEWSCHOOL OF ARCHITECTURE & DESIGN      ,CA,92101-6634,Proprietary  ,15,50,65,244,424,668
03044500,KAPLAN COLLEGE                          ,CA,91402-4222,Proprietary  ,18,64,82,103,282,385
03054100,ROYALE COLLEGE OF BEAUTY                ,CA,92590-2525,Proprietary  ,7,11,18,35,68,103
03062300,WESTECH COLLEGE                         ,CA,91764-4988,Proprietary  ,36,143,179,144,559,703
03062400,MT DIABLO ADULT EDUC LOMA VISTA CTR     ,CA,94518-1122,Public       ,5,28,33,40,126,166
03062700,PLATT COLLEGE                           ,CA,90041-0000,Proprietary  ,20,33,53,122,144,266
03062701,PLATT COLLEGE                           ,CA,91764-0000,Proprietary  ,33,53,86,173,251,424
03063400,MODERN TECHNOLOGY SCHOOL                ,CA,92708-9821,Proprietary  ,4,23,27,48,162,210
03067400,BALDWIN PARK ADULT SCHOOL               ,CA,91706-4897,Public       ,16,38,54,57,180,237
03067500,INSTITUTE OF TECHNOLOGY                 ,CA,93612-3217,Proprietary  ,176,567,743,745,2120,2865
03069500,SAGE COLLEGE                            ,CA,92557-6720,Proprietary  ,26,88,114,105,455,560
03070400,ITT TECHNICAL INSTITUTE                 ,CA,92408-3519,Proprietary  ,126,227,353,929,1355,2284
03072300,EVEREST COLLEGE                         ,CA,91761-3222,Proprietary  ,75,188,263,324,739,1063
03072700,WESTWOOD COLLEGE - LOS ANGELES          ,CA,90010-1577,Proprietary  ,73,85,158,962,779,1741
03074900,MARTINEZ ADULT CENTER                   ,CA,94553-3298,Public       ,1,9,10,6,39,45
03078200,AMERICAN CLG TRADITIONAL CHINESE MD     ,CA,94107-2813,Private      ,0,31,31,6,271,277
03084700,VENTURA ADULT\CONTINUING EDUCATION      ,CA,93003-7313,Public       ,13,48,61,29,136,165
03087400,ITT TECHNICAL INSTITUTE                 ,CA,90502-1356,Proprietary  ,192,443,635,863,1779,2642
03094400,ELITE PROGRESSIVE SCHOOL OF COSM        ,CA,95841-2909,Proprietary  ,23,28,51,212,239,451
03097700,CENTRAL CALIF SCH CONTINUING EDUC       ,CA,93401-6739,Proprietary  ,4,40,44,37,179,216
03098200,YO SAN UNIV TRADITIONAL CHINESE MED     ,CA,90066-1103,Private      ,0,34,34,1,142,143
03105700,MONTEREY PARK COLLEGE                   ,CA,91754-2416,Proprietary  ,0,0,0,27,17,44
03108100,SUMMIT CAREER COLLEGE                   ,CA,92324-3956,Proprietary  ,70,334,404,290,1167,1457
03109500,DONGGUK ROYAL UNIVERSITY                ,CA,90020-1765,Private      ,0,6,6,2,93,95
03113300,MCED CAREER COLLEGE                     ,CA,93727-1620,Proprietary  ,9,73,82,80,1384,1464
03113600,SOUTHERN CALIFORNIA INST OF TECHNOL     ,CA,92805-3758,Proprietary  ,15,165,180,92,897,989
03115400,LYLE'S FRESNO COLLEGE OF BEAUTY         ,CA,93710-0000,Proprietary  ,0,0,0,23,7,30
03116600,EAST SAN GABRIEL VLY REG OCCUP PROG     ,CA,91790-2105,Public       ,12,108,120,33,198,231
03125300,JOHN WESLEY INTER. BARBER & BTY CLG     ,CA,90813-4321,Proprietary  ,5,11,16,23,67,90
03125400,ART INSTITUTE OF CALIFORNIA-HOLLYWOOD (T,CA,90010-1014,Proprietary  ,137,144,281,1108,997,2105
03125800,PREMIERE CAREER COLLEGE                 ,CA,91706-3746,Proprietary  ,39,105,144,111,302,413
03126800,PACIFICA GRADUATE INSTITUTE             ,CA,93013-0000,Proprietary  ,0,55,55,1,868,869
03128700,MT SIERRA COLLEGE                       ,CA,91016-3414,Proprietary  ,27,40,67,226,340,566
03131300,FIVE BRANCHES UNIVERSITY                ,CA,95062-4669,Private      ,0,34,34,15,324,339
03144400,AMERICAN CLG OF HEALTH PROFESSIONS      ,CA,92374-0000,Proprietary  ,0,6,6,10,23,33
03150500,VIRGINIA SEWING MACHINES & SCH CTR      ,CA,90015-3535,Proprietary  ,0,10,10,1,63,64
03162300,FOUR-D SUCCESS ACADEMY                  ,CA,92324-4218,Proprietary  ,27,107,134,141,691,832
03163300,PACIFIC STATES UNIVERSITY               ,CA,90006-4298,Private      ,0,4,4,15,27,42
03195400,EVEREST COLLEGE                         ,CA,90501-2867,Proprietary  ,15,31,46,63,134,197
03210300,CALIFORNIA SCHOOL OF CULINARY ARTS      ,CA,91101-5221,Proprietary  ,238,444,682,1370,1702,3072
03225300,AMERICAN UNIVERSITY OF HEALTH SCIENCES  ,CA,90755-3612,Proprietary  ,6,10,16,49,90,139
03242300,CAREER NETWORK INSTITUTE                ,CA,92868-4710,Proprietary  ,34,139,173,144,521,665
03250300,COMMUNITY BASED EDUCATION AND DEVEL     ,CA,90036-1137,Private      ,9,73,82,33,279,312
03260300,CALIFORNIA STATE U-MONTEREY BAY         ,CA,93955-8001,Public       ,134,125,259,5754,1950,7704
03266300,BETHESDA CHRISTIAN UNIVERSITY           ,CA,92801-4132,Private      ,3,7,10,6,30,36
03278300,CLARITA CAREER COLLEGE                  ,CA,91351-5432,Proprietary  ,61,213,274,309,910,1219
03282300,KIM ANH ACADEMY OF BEAUTY               ,CA,92683-4605,Proprietary  ,4,35,39,4,148,152
03288300,ACAD CHINESE CULTURE & HEALTH SCIS      ,CA,94512-0000,Private      ,1,7,8,7,85,92
03299300,PACIFIC COLLEGE                         ,CA,92626-3160,Proprietary  ,15,52,67,63,285,348
03308300,KENSINGTON COLLEGE                      ,CA,92705-8708,Proprietary  ,1,20,21,2,54,56
03321300,SCRIPPS RESEARCH INSTITUTE (THE)        ,CA,92037-0000,Private      ,1,1,2,9,42,51
03327400,ACUPUNCTURE AND INTEGRATIVE MEDICINE COL,CA,94704-2724,Private      ,1,27,28,3,187,190
03332300,SOUTHERN CA BIBLE CLG & SEMINARY        ,CA,92019-1109,Private      ,1,22,23,9,146,155
03359300,ST. FRANCIS CAREER COLLEGE              ,CA,90262-2659,Private      ,14,33,47,68,280,348
03367300,PROFESSIONAL GOLFERS CAREER COLLEGE     ,CA,92591-6013,Proprietary  ,29,36,65,183,252,435
03383300,CALIFORNIA RECORDING INSTITUTE          ,CA,94103-3921,Proprietary  ,0,1,1,0,1,1
03394300,REMINGTON COLLEGE - SAN DIEGO CAMPUS    ,CA,92108-3002,Proprietary  ,33,66,99,313,639,952
03395300,INTERNATIONAL CAREER DEVELOPMENT        ,CA,90027-5794,Proprietary  ,199,504,703,573,1531,2104
03399300,NORTHWESTERN TECHNICAL COLLEGE          ,CA,95670-4443,Proprietary  ,39,84,123,116,390,506
03403300,TRINITY LIFE BIBLE COLLEGE              ,CA,95842-3546,Private      ,8,40,48,85,220,305
03413400,ENGLISH CENTER  (THE)                   ,CA,94607-3734,Private      ,6,34,40,17,144,161
03427400,CAREER COLLEGES OF AMERICA              ,CA,90280-7420,Proprietary  ,89,292,381,383,1691,2074
03427500,ANTELOPE VALLEY MEDICAL COLLEGE         ,CA,93534-3324,Proprietary  ,65,162,227,271,608,879
03440400,MARIAN HEALTH CAREERS CENTER            ,CA,90010-1728,Proprietary  ,11,43,54,51,132,183
03441400,VALLEY CAREER COLLEGE                   ,CA,92020-3057,Proprietary  ,22,99,121,127,437,564
03455900,VALLECITOS CENTER FOR EMPLOYMENT TR     ,CA,94541-5027,Private      ,1,13,14,3,30,33
03458300,MY LE'S BEAUTY COLLEGE                  ,CA,95824-3039,Proprietary  ,5,27,32,40,160,200
03467300,MARINELLO SCHOOL OF BEAUTY              ,CA,92545-3661,Proprietary  ,11,45,56,76,160,236
03467301,CALIFORNIA BEAUTY COLLEGE - DESERT HOT S,CA,92240-1307,Proprietary  ,0,0,0,6,7,13
03474700,OPPORTUNITIES INDUSTRIALIZATION CEN     ,CA,94025-1413,Private      ,0,0,0,2,1,3
03479300,PROFESSIONAL CAREER INSTITUTE           ,CA,90703-2522,Proprietary  ,3,27,30,42,196,238
03479400,DONALD VOCATIONAL SCHOOL                ,CA,90010-1718,Proprietary  ,0,0,0,3,1,4
03485400,JAMES ALBERT SCHOOL OF COSMETOLOGY      ,CA,92627-3831,Proprietary  ,22,37,59,55,83,138
03485401,JAMES ALBERT SCHOOL OF COSMETOLOGY - ANA,CA,92804-5384,Proprietary  ,1,4,5,5,10,15
03516300,THE KING'S COLLEGE AND SEMINARY         ,CA,91405-2233,Private      ,9,38,47,49,282,331
03532400,ADVANCED TRAINING ASSOCIATES            ,CA,92020-1236,Proprietary  ,0,11,11,5,34,39
03542400,COPPER MOUNTAIN COLLEGE                 ,CA,92252-6102,Public       ,32,187,219,457,1392,1849
03577300,COBA ACADEMY                            ,CA,92866-1407,Proprietary  ,8,16,24,32,53,85
03590400,NTMA TRAINING CENTERS OF SOUTHERN C     ,CA,90650-6099,Private      ,25,109,134,78,389,467
03592400,CITY OF HOPE GRADUATE SCHOOL            ,CA,91010-0000,Private      ,0,1,1,1,14,15
03598300,AVALON BEAUTY COLLEGE                   ,CA,93103-3137,Proprietary  ,13,9,22,69,36,105
03614300,UNITED BEAUTY COLLEGE                   ,CA,91733-0000,Proprietary  ,1,20,21,8,62,70
03621300,LIBERTY TRAINING INSTITUTE              ,CA,90057-3202,Proprietary  ,11,41,52,43,136,179
03636300,HEARTWOOD INSTITUTE                     ,CA,95542-9446,Proprietary  ,1,0,1,1,1,2
03639300,WEST COAST ULTRASOUND INSTITUTE         ,CA,90211-3312,Proprietary  ,38,141,179,163,653,816
03646300,DESIGN'S SCHOOL OF COSMETOLOGY          ,CA,93446-1471,Proprietary  ,11,31,42,57,131,188
03681300,CALIFORNIA HEALING ARTS COLLEGE         ,CA,90025-2589,Proprietary  ,10,24,34,37,97,134
03695300,COMMUNITY ENHANCEMENT SERVICES          ,CA,91205-2395,Private      ,2,34,36,2,84,86
03695400,SALVATION ARMY CRESTMONT COLLEGE (THE)  ,CA,90275-5301,Private      ,0,0,0,2,1,3
03695700,SANTIAGO CANYON COLLEGE                 ,CA,92869-4512,Public       ,96,131,227,1397,1070,2467
03696300,UNIVERSITY OF THE WEST                  ,CA,91770-3709,Private      ,0,8,8,10,45,55
03698300,WEST COAST UNIVERSITY                   ,CA,90004-6818,Proprietary  ,76,422,498,218,1565,1783
03698400,CA COLLEGE OF VOCATIONAL CAREER         ,CA,93301-1800,Proprietary  ,4,20,24,31,92,123
03736300,ADVANCE BEAUTY COLLEGE                  ,CA,92843-4752,Proprietary  ,5,91,96,30,266,296
03740400,ATI COLLEGE                             ,CA,90650-0000,Proprietary  ,13,51,64,55,206,261
03759300,COMPUTER TUTOR BUSINESS & TECH INST     ,CA,95356-0000,Proprietary  ,4,26,30,23,96,119
03786300,ADVANCED COLLEGE                        ,CA,90280-5255,Proprietary  ,8,22,30,45,199,244
03797400,CAREER CARE INSTITUTE                   ,CA,93534-0000,Proprietary  ,35,119,154,137,547,684
03806300,LAKE COLLEGE                            ,CA,96002-0926,Proprietary  ,2,66,68,31,292,323
03810300,SILICON VALLEY UNIVERSITY               ,CA,95131-1868,Private      ,0,4,4,15,32,47
03814400,SOKA UNIVERSITY OF AMERICA              ,CA,92656-8081,Private      ,14,0,14,318,31,349
03838400,WALTER JAY M.D. INSTITUTE AN EDUCATIONAL,CA,90057-0000,Proprietary  ,1,3,4,8,96,104
03852500,CIT COLLEGE OF INFOMEDICAL TECHNOLOGY   ,CA,92831-3703,Proprietary  ,12,88,100,36,293,329
03853300,KECK GRADUATE INSTITUTE OF APPLIED LIFE ,CA,91711-4817,Private      ,0,3,3,0,75,75
03853400,LADERA CAREER PATHS TRAINING CENTERS    ,CA,90045-1931,Proprietary  ,0,3,3,4,12,16
03868300,WORLD MISSION UNIVERSITY                ,CA,90020-1789,Private      ,0,3,3,2,53,55
03868400,LOS ANGELES MUSIC ACADEMY               ,CA,91105-2540,Proprietary  ,3,5,8,50,59,109
03871300,FOLSOM LAKE COLLEGE                     ,CA,95630-6798,Public       ,97,261,358,1308,1869,3177
03874300,CAMBRIDGE JUNIOR COLLEGE                ,CA,95993-0000,Proprietary  ,10,39,49,52,182,234
03874400,COMMMUNITY CHRISTIAN COLLEGE            ,CA,92373-4465,Private      ,6,7,13,41,86,127
03889300,STANBRIDGE COLLEGE                      ,CA,92612-0000,Proprietary  ,28,115,143,85,382,467
03901300,PACIFIC COAST TRADE SCHOOL              ,CA,93033-2441,Proprietary  ,3,49,52,30,121,151
03910400,NATIONAL POLYTECHNIC COLLEGE            ,CA,90040-3066,Proprietary  ,11,41,52,36,146,182
03933300,MUELLER COLLEGE OF HOLISTIC STUDIES     ,CA,92116-2630,Proprietary  ,3,41,44,35,136,171
03962300,AMERICAN INSTITUTE OF MASSAGE THERAPY   ,CA,92705-5463,Proprietary  ,4,5,9,14,25,39
03964400,INTERNATIONAL SCHOOL OF BEAUTY          ,CA,92260-2740,Proprietary  ,7,20,27,43,105,148
03969600,AMERICAN AUTO INSTITUTE                 ,CA,90703-2637,Proprietary  ,13,31,44,42,76,118
03971300,AMERICAN CAREER COLLEGE                 ,CA,91764-4906,Proprietary  ,128,265,393,444,1001,1445
03973300,EX'PRESSION COLLEGE FOR DIGITAL ARTS    ,CA,94608-1021,Proprietary  ,75,57,132,690,574,1264
03974500,CALIFORNIA CAREER COLLEGE               ,CA,91303-2006,Proprietary  ,7,22,29,24,79,103
03976400,CALIFORNIA INSTITUTE OF THE HEALING ARTS,CA,95825-8551,Proprietary  ,0,0,0,10,22,32
03980300,CALIFORNIA STATE UNIVERSITY CHANNEL ISLA,CA,93012-8599,Public       ,89,114,203,3773,1743,5516
03995300,UNIVERSITY OF EAST-WEST MEDICINE        ,CA,94087-6106,Proprietary  ,1,7,8,7,50,57
03999300,BEAUMONT ADULT SCHOOL                   ,CA,92223-1927,Public       ,2,4,6,24,101,125
04001300,PALACE BEAUTY COLLEGE                   ,CA,90006-4233,Proprietary  ,4,20,24,29,73,102
04001400,MOJAVE BARBER COLLEGE                   ,CA,92395-3201,Proprietary  ,2,11,13,12,77,89
04003300,CSI CAREER COLLEGE                      ,CA,95687-3100,Proprietary  ,25,82,107,142,414,556
04004300,THUY PRINCESS BEAUTY COLLEGE            ,CA,91766-0000,Proprietary  ,0,14,14,4,43,47
04005300,INTERAMERICAN COLLEGE                   ,CA,91950-4437,Private      ,3,19,22,9,84,93
04014400,PALLADIUM TECHNICAL ACADEMY             ,CA,91731-2429,Proprietary  ,12,22,34,21,43,64
04023400,PROTEUS                                 ,CA,93291-3014,Private      ,1,4,5,1,16,17
04037300,LOS ANGELES FILM SCHOOL (THE)           ,CA,90028-7300,Proprietary  ,57,80,137,554,534,1088
04049300,MAXINE WATERS EMPLOYMENT PREPARATION CEN,CA,90059-1023,Public       ,2,7,9,18,54,72
04056300,CAREER COLLEGE OF CALIFORNIA            ,CA,92705-5805,Proprietary  ,0,4,4,8,19,27
04057300,TECHSKILLS OF SACRAMENTO                ,CA,95815-4025,Proprietary  ,9,59,68,58,301,359
04071300,AMERICAN PACIFIC COLLEGE                ,CA,91405-6232,Proprietary  ,1,18,19,13,48,61
04076400,GNOMON SCHOOL OF VISUAL EFFECTS         ,CA,90038-2616,Proprietary  ,3,15,18,22,77,99
04092300,COASTLINE BEAUTY COLLEGE                ,CA,92708-3847,Proprietary  ,4,31,35,11,113,124
04092400,MAKE-UP DESIGNORY                       ,CA,91502-1322,Proprietary  ,31,19,50,174,133,307
04100400,TAFT UNIVERSITY SYSTEM (THE)            ,CA,92704-6954,Proprietary  ,0,2,2,0,4,4
04109300,ACADEMY OF BARBERING ARTS (THE)         ,CA,91324-3406,Proprietary  ,7,23,30,41,75,116
04111300,WEST HILLS COLLEGE LEMOORE              ,CA,93245-9248,Public       ,62,259,321,1076,1890,2966
04114500,VALLEY COLLEGE OF MEDICAL CAREERS       ,CA,91304-2354,Proprietary  ,11,16,27,40,128,168
04115300,COACHELLA VALLEY BEAUTY COLLEGE         ,CA,92253-2051,Proprietary  ,3,8,11,25,52,77
04115600,MAYFIELD COLLEGE                        ,CA,92234-7014,Proprietary  ,10,31,41,10,31,41
04115800,MERIDIAN INSTITUTE                      ,CA,90010-3606,Proprietary  ,1,3,4,1,14,15
04116000,VIDEO SYMPHONY ENTERTRAINING            ,CA,91502-3253,Proprietary  ,5,35,40,51,201,252
04119200,CAREER COLLEGE CONSULTANTS              ,CA,90041-2088,Proprietary  ,0,14,14,6,38,44
04126400,CHAMPION INSTITUTE OF COSMETOLOGY       ,CA,92264-7458,Proprietary  ,2,7,9,2,7,9
04126500,COAST CAREER INSTITUTE                  ,CA,90015-3040,Proprietary  ,0,10,10,1,15,16
04127100,"UNIVERSITY OF CALIFORNIA, MERCED        ",CA,95343-5001,Public       ,72,16,88,7111,670,7781
04127800,HEALTHY HAIR ACADEMY                    ,CA,90303-3137,Proprietary  ,16,48,64,34,120,154
04127900,TUI UNIVERSITY                          ,CA,90630-5023,Proprietary  ,10,221,231,27,1490,1517
04132300,INSTITUTE OF MEDICAL EDUCATION          ,CA,95113-2207,Proprietary  ,20,108,128,20,108,128
04132400,ACADEMY OF ESTHETICS AND COSMETOLOGY    ,CA,91342-3373,Proprietary  ,1,4,5,1,4,5
04132700,INFOTECH CAREER COLLEGE                 ,CA,90706-5579,Proprietary  ,6,22,28,13,51,64
04133000,BIOHEALTH COLLEGE                       ,CA,95134-2033,Proprietary  ,7,32,39,7,32,39
04134500,CAREER COLLEGE OF SAN DIEGO             ,CA,92102-3348,Proprietary  ,3,17,20,12,73,85
04137200,BORNER'S BARBER COLLEGE                 ,CA,90047-3856,Proprietary  ,1,7,8,2,20,22
04138700,CAO INSTITUTE OF AESTHETICS (THE)       ,CA,91801-3903,Proprietary  ,5,16,21,20,44,64
04141400,LAURUS COLLEGE                          ,CA,93401-5405,Proprietary  ,2,30,32,2,30,32
00184600,BRIAR CLIFF UNIVERSITY                  ,IA,51104-2100,Private      ,18,25,43,1176,439,1615
00184700,BUENA VISTA UNIVERSITY                  ,IA,50588-9987,Private      ,22,119,141,1733,1581,3314
00184800,SOUTHEASTERN COMMUNITY COLLEGE          ,IA,52655-0000,Public       ,66,241,307,1046,1770,2816
00185000,CENTRAL COLLEGE                         ,IA,50219-1999,Private      ,15,3,18,2139,77,2216
00185200,CLARKE COLLEGE                          ,IA,52001-3198,Private      ,12,23,35,984,451,1435
00185400,COE COLLEGE                             ,IA,52402-5092,Private      ,11,7,18,1776,148,1924
00185500,DES MOINES UNIV-OSTEOPATHIC MED CTR     ,IA,50312-0000,Private      ,2,34,36,19,1666,1685
00185600,CORNELL COLLEGE                         ,IA,52314-1098,Private      ,17,0,17,1720,75,1795
00185700,SOUTHWESTERN COMMUNITY COLLEGE          ,IA,50801-1098,Public       ,18,78,96,509,583,1092
00185800,DIVINE WORD COLLEGE                     ,IA,52045-0380,Private      ,8,8,16,10,19,29
00185900,DORDT COLLEGE                           ,IA,51250-1697,Private      ,5,2,7,1396,87,1483
00186000,DRAKE UNIVERSITY                        ,IA,50311-4505,Private      ,46,92,138,4131,2268,6399
00186200,ELLSWORTH COMMUNITY COLLEGE             ,IA,50126-1199,Public       ,16,28,44,635,292,927
00186400,IOWA LAKES COMMUNITY COLLEGE            ,IA,51334-2234,Public       ,45,112,157,1178,1008,2186
00186500,IOWA CENTRAL COMMUNITY COLLEGE          ,IA,50501-0000,Public       ,77,222,299,2381,1866,4247
00186600,GRACELAND UNIVERSITY                    ,IA,50140-1699,Private      ,19,106,125,981,1050,2031
00186700,GRAND VIEW UNIVERSITY                   ,IA,50316-1599,Private      ,36,70,106,1622,956,2578
00186800,GRINNELL COLLEGE                        ,IA,50112-1690,Private      ,24,2,26,2305,35,2340
00186900,IOWA STATE UNIV SCIENCE & TECHNOLOG     ,IA,50011-2028,Public       ,232,207,439,18956,4856,23812
00187100,IOWA WESLEYAN COLLEGE                   ,IA,52641-1398,Private      ,19,28,47,739,404,1143
00187300,LORAS COLLEGE                           ,IA,52004-0178,Private      ,24,10,34,1819,155,1974
00187400,LUTHER COLLEGE                          ,IA,52101-1045,Private      ,10,2,12,2767,75,2842
00187500,MARSHALLTOWN COMMUNITY COLLEGE          ,IA,50158-4760,Public       ,43,106,149,616,737,1353
00187700,NORTH IOWA AREA COMMUNITY COLLEGE       ,IA,50401-7299,Public       ,69,131,200,1662,969,2631
00187900,MORNINGSIDE COLLEGE                     ,IA,51106-1751,Private      ,11,48,59,1507,421,1928
00188000,MOUNT MERCY COLLEGE                     ,IA,52402-4797,Private      ,15,50,65,1003,679,1682
00188100,ASHFORD UNIVERSITY                      ,IA,52732-3997,Proprietary  ,434,9133,9567,1916,36721,38637
00188300,NORTHWESTERN COLLEGE                    ,IA,51041-1996,Private      ,12,4,16,1502,104,1606
00188700,SIMPSON COLLEGE                         ,IA,50125-1297,Private      ,16,34,50,2129,489,2618
00188900,ST AMBROSE UNIVERSITY                   ,IA,52803-2898,Private      ,39,67,106,2667,1203,3870
00189000,UNIVERSITY OF NORTHERN IOWA             ,IA,50614-0705,Public       ,171,182,353,9961,2808,12769
00189100,UNIVERSITY OF DUBUQUE                   ,IA,52001-5099,Private      ,23,30,53,1603,500,2103
00189200,UNIVERSITY OF IOWA                      ,IA,52242-1316,Public       ,251,317,568,16656,8797,25453
00189300,UPPER IOWA UNIVERSITY                   ,IA,52142-9206,Private      ,48,559,607,1336,4210,5546
00189400,VENNARD COLLEGE                         ,IA,52595-0029,Private      ,1,2,3,61,20,81
00189500,WALDORF COLLEGE                         ,IA,50436-1700,Private      ,11,6,17,649,83,732
00189600,WARTBURG COLLEGE                        ,IA,50677-2200,Private      ,12,4,16,2408,71,2479
00189700,WARTBURG THEOLOGICAL SEMINARY           ,IA,52004-5004,Private      ,0,0,0,5,146,151
00190000,WILLIAM PENN UNIVERSITY                 ,IA,52577-1799,Private      ,21,122,143,1020,1326,2346
00396300,AIB COLLEGE OF BUSINESS                 ,IA,50321-1799,Private      ,18,47,65,650,623,1273
00407500,ESTRN IOWA COMMUNITY COLLEGE DIST       ,IA,52801-1221,Public       ,4,16,20,47,77,124
00407501,CLINTON COMMUNITY COLLEGE               ,IA,52732-0000,Public       ,32,58,90,407,526,933
00407502,MUSCATINE COMMUNITY COLLEGE             ,IA,52761-0000,Public       ,24,77,101,432,461,893
00407503,SCOTT COMMUNITY COLLEGE                 ,IA,52722-0000,Public       ,123,312,435,1189,2313,3502
00407600,KIRKWOOD COMMUNITY COLLEGE              ,IA,52406-2068,Public       ,235,696,931,6489,5567,12056
00423300,MERCY/ST. LUKE'S SCH RAD TECH           ,IA,52402-0000,Private      ,0,1,1,6,9,15
00458600,KAPLAN UNIVERSITY                       ,IA,52807-2095,Proprietary  ,1279,17214,18493,5206,87007,92213
00458604,KAPLAN UNIVERSITY - CEDAR RAPIDS        ,IA,52404-2998,Proprietary  ,20,115,135,185,931,1116
00458605,KAPLAN UNIVERSITY - DES MOINES          ,IA,50323-5702,Proprietary  ,37,159,196,288,1230,1518
00458606,KAPLAN UNIVERSITY - MASON CITY          ,IA,50401-4665,Proprietary  ,16,79,95,120,579,699
00458607,KAPLAN UNIVERSITY - CEDAR FALLS         ,IA,50613-6309,Proprietary  ,22,113,135,179,892,1071
00458610,KAPLAN UNIVERSITY - COUNCIL BLUFFS      ,IA,51503-5289,Proprietary  ,10,68,78,56,451,507
00458700,NORTHEAST IOWA COMMUNITY COLLEGE        ,IA,52132-0400,Public       ,31,79,110,698,689,1387
00458701,NORTHEAST IOWA COMMUNITY COLLEGE        ,IA,52068-0000,Public       ,52,147,199,1023,1045,2068
00459500,HAWKEYE COMMUNITY COLLEGE               ,IA,50701-0000,Public       ,126,340,466,2953,2205,5158
00459800,IOWA WESTERN CMTY CLG-COUNCIL BLUFF     ,IA,51502-0000,Public       ,118,252,370,2377,1958,4335
00460000,NORTHWEST IOWA COMMUNITY COLLEGE        ,IA,51201-1046,Public       ,7,25,32,454,294,748
00626700,IOWA METHODIST MEDICAL CENTER SCHOOLS   ,IA,50309-1499,Private      ,1,2,3,15,33,48
00627300,MERCY COLLEGE OF HEALTH SCIENCES        ,IA,50309-1239,Private      ,15,70,85,397,649,1046
00712000,DES MOINES AREA CMTY COLLEGE            ,IA,50021-0000,Public       ,356,969,1325,5350,6905,12255
00712100,FAITH BAPTIST BIBLE CLG & THEOL SEM     ,IA,50021-0000,Private      ,5,4,9,316,76,392
00729100,ST LUKE'S COLLEGE                       ,IA,51104-0263,Private      ,2,6,8,101,96,197
00731600,WESTERN IOWA TECH COMMUNITY COLLEGE     ,IA,51106-0000,Public       ,85,300,385,1399,2272,3671
00758800,CAPRI COLLEGE                           ,IA,52004-0873,Proprietary  ,16,33,49,171,181,352
00761100,EQ SCHOOL OF HAIR DESIGN                ,IA,51503-0813,Proprietary  ,1,2,3,38,44,82
00765600,AMERICAN COLLEGE OF HARISTYLING -CR     ,IA,52402-0000,Proprietary  ,2,2,4,5,25,30
00765800,AMER COLL OF HAIRSTYLING-DES MOINES     ,IA,50309-5446,Proprietary  ,1,7,8,9,33,42
00765900,LA JAMES COLLEGE OF HAIRSTYLING         ,IA,50401-3308,Proprietary  ,9,17,26,96,65,161
00771700,CAPRI COLLEGE                           ,IA,52807-2622,Proprietary  ,7,13,20,41,42,83
00794100,COLLEGE OF HAIR DESIGN                  ,IA,50703-1834,Proprietary  ,4,11,15,19,45,64
00811600,DAYTON'S SCHOOL OF HAIR DESIGN          ,IA,52601-0000,Proprietary  ,0,8,8,5,24,29
00826000,IOWA SCHOOL OF BEAUTY INC               ,IA,50322-0000,Proprietary  ,10,25,35,59,116,175
00840300,INDIAN HILLS COMMUNITY COLLEGE          ,IA,52501-1398,Public       ,118,297,415,1626,1815,3441
00840301,INDIAN HILLS COMMUNITY COLLEGE          ,IA,52544-0000,Public       ,14,34,48,204,253,457
00842400,LA JAMES INTERNATIONAL COLLEGE          ,IA,50501-5577,Proprietary  ,9,16,25,86,56,142
00959300,LA'JAMES COLLEGE OF HAIRSTYLING         ,IA,52240-0000,Proprietary  ,6,11,17,83,56,139
01111300,MAHARISHI UNIV OF MANAGEMENT            ,IA,52557-0001,Private      ,11,29,40,141,237,378
01206400,HAMILTON TECHNICAL COLLEGE              ,IA,52807-2653,Proprietary  ,17,39,56,102,242,344
01230000,PALMER COLLEGE OF CHIROPRACTIC          ,IA,52803-5287,Private      ,5,60,65,81,2425,2506
01300600,LA' JAMES INTERNATIONAL COLLEGE-CF      ,IA,50613-5242,Proprietary  ,5,12,17,83,59,142
02090300,CAPRI COLLEGE                           ,IA,52404-0000,Proprietary  ,11,10,21,50,53,103
02134500,LA JAMES INTERNATIONAL COLLEGE - DAV    ,IA,52806-3952,Proprietary  ,5,12,17,42,49,91
02160900,"SALON PROFESSIONAL ACADEMY, THE         ",IA,50010-0000,Proprietary  ,7,3,10,127,35,162
02262500,FAUST INSTITUTE OF COSMETOLOGY          ,IA,50588-0000,Proprietary  ,3,8,11,36,33,69
02274100,LA' JAMES INTERNATIONAL COLLEGE - DM    ,IA,50131-0000,Proprietary  ,19,36,55,134,115,249
02289000,AMERICAN HAIR ACADEMY                   ,IA,52627-4530,Proprietary  ,2,3,5,17,20,37
02306900,IOWA SCHOOL OF BEAUTY                   ,IA,52501-0000,Proprietary  ,3,10,13,24,38,62
02328900,EMMAUS BIBLE COLLEGE                    ,IA,52001-0000,Private      ,2,0,2,211,26,237
02330900,IOWA SCHOOL OF BEAUTY                   ,IA,50158-0000,Proprietary  ,4,4,8,15,20,35
02333200,DAYTON'S SCHOOL OF HAIR DESIGN          ,IA,52632-0000,Proprietary  ,0,4,4,3,13,16
02609200,VATTEROTT COLLEGE                       ,IA,50321-4704,Proprietary  ,15,97,112,112,443,555
03069100,ALLEN COLLEGE                           ,IA,50703-1916,Private      ,6,24,30,260,258,518
03441300,IOWA SCHOOL OF BEAUTY                   ,IA,51106-5111,Proprietary  ,5,9,14,30,34,64
03607400,TOTAL LOOK SCHOOL OF COSMETOLOGY AND MAS,IA,52136-1053,Proprietary  ,1,0,1,7,8,15
03720300,CARLSON COLLEGE OF MASSAGE THERAPY      ,IA,52205-7519,Proprietary  ,1,4,5,23,33,56
04089300,BIO-CHI INSTITUTE OF MASSAGE THERAPY    ,IA,51103-2138,Proprietary  ,1,10,11,3,24,27
00259600,ATLANTIC COMMUNITY COLLEGE              ,NJ,08330-2699,Public       ,279,519,798,3280,3278,6558
00259700,BLOOMFIELD COLLEGE                      ,NJ,07003-3425,Private      ,58,93,151,2271,1181,3452
00259800,CALDWELL COLLEGE                        ,NJ,07006-6195,Private      ,33,83,116,1371,862,2233
00259900,CENTENARY COLLEGE                       ,NJ,07840-2184,Private      ,32,108,140,1568,936,2504
00260000,COLLEGE OF SAINT ELIZABETH              ,NJ,07960-6989,Private      ,13,61,74,690,616,1306
00260100,CUMBERLAND COUNTY COLLEGE               ,NJ,08362-0517,Public       ,172,343,515,1969,2202,4171
00260300,DREW UNIVERSITY                         ,NJ,07940-4063,Private      ,52,41,93,3311,511,3822
00260700,FAIRLEIGH DICKINSON UNIV-TEANECK        ,NJ,07666-1996,Private      ,65,178,243,2623,1910,4533
00260701,FAIRLEIGH DICKINSON UNIV-FLORHAM        ,NJ,07940-0000,Private      ,35,41,76,2165,485,2650
00260702,FAIRLEIGH DICKINSON UNIV-ED WMS CLG     ,NJ,07601-0000,Private      ,6,14,20,130,98,228
00260703,FAIRLEIGH DICKINSON UNIVERSITY          ,NJ,07940-0000,Private      ,30,55,85,1550,615,2165
00260800,GEORGIAN COURT UNIVERSITY               ,NJ,08701-2697,Private      ,44,110,154,1366,1503,2869
00260900,ROWAN UNIVERSITY                        ,NJ,08028-1702,Public       ,280,275,555,10735,3108,13843
00261000,FELICIAN COLLEGE                        ,NJ,07644-2198,Private      ,41,104,145,1628,1015,2643
00261300,NEW JERSEY CITY UNIVERSITY              ,NJ,07305-1597,Public       ,152,382,534,4328,4380,8708
00261500,MIDDLESEX COUNTY COLLEGE                ,NJ,08818-3050,Public       ,415,414,829,5345,3349,8694
00261600,MONMOUTH UNIVERSITY                     ,NJ,07764-1898,Private      ,126,135,261,6837,1914,8751
00261700,MONTCLAIR STATE UNIVERSITY              ,NJ,07043-9987,Public       ,366,444,810,14397,5225,19622
00261900,NEW BRUNSWICK THEOLOGICAL SEMINARY      ,NJ,08901-0000,Private      ,1,8,9,23,102,125
00262100,NEW JERSEY INST OF TECHNOLOGY           ,NJ,07102-1982,Public       ,143,159,302,4364,1833,6197
00262200,KEAN UNIVERSITY                         ,NJ,07083-7131,Public       ,301,479,780,9228,5816,15044
00262400,OCEAN COUNTY COLLEGE                    ,NJ,08754-2001,Public       ,271,411,682,4384,2585,6969
00262500,WILLIAM PATERSON UNIVERSITY             ,NJ,07470-2152,Public       ,217,225,442,8998,3077,12075
00262600,PRINCETON THEOLOGICAL SEMINARY          ,NJ,08542-0000,Private      ,0,4,4,8,573,581
00262700,PRINCETON UNIVERSITY                    ,NJ,08544-0001,Private      ,183,56,239,12687,1240,13927
00262800,RIDER UNIVERSITY                        ,NJ,08648-3099,Private      ,114,103,217,6302,1363,7665
00262900,"RUTGERS, THE STATE UNIVERSITY OF NJ     ",NJ,08901-1281,Public       ,826,903,1729,38977,16913,55890
00263200,SETON HALL UNIVERSITY                   ,NJ,07079-2697,Private      ,145,242,387,9070,3013,12083
00263201,SETON HALL UNIVERSITY - SCHOOL OF LAW   ,NJ,07079-5210,Private      ,6,26,32,180,2101,2281
00263800,ST PETER'S COLLEGE                      ,NJ,07306-5997,Private      ,49,84,133,3175,939,4114
00263900,STEVENS INSTITUTE OF TECHNOLOGY         ,NJ,07030-5370,Private      ,47,50,97,2982,425,3407
00264200,COLLEGE OF NEW JERSEY (THE)             ,NJ,08628-0718,Public       ,122,79,201,9520,928,10448
00264300,UNION COUNTY COLLEGE                    ,NJ,07016-1598,Public       ,336,700,1036,4065,5169,9234
00473600,BERGEN COMMUNITY COLLEGE                ,NJ,07652-1595,Public       ,464,454,918,5892,3468,9360
00474000,MERCER COUNTY COMMUNITY COLLEGE         ,NJ,08690-0000,Public       ,196,426,622,2696,3361,6057
00539900,MONMOUTH COUNTY VOCATIONAL SCH DIST     ,NJ,07728-5033,Public       ,3,7,10,38,60,98
00545200,TETERBORO SCH OF AERONAUTICS            ,NJ,07608-1083,Proprietary  ,17,9,26,72,73,145
00546000,SOMERSET COUNTY TECHNICAL INSTITUTE     ,NJ,08807-0350,Public       ,3,17,20,42,125,167
00546100,SALEM COMMUNITY COLLEGE                 ,NJ,08069-2799,Public       ,38,71,109,529,605,1134
00641000,C E GREGORY SCHOOL OF NURSING           ,NJ,08857-0000,Private      ,1,0,1,22,30,52
00641700,HOLY NAME HOSPITAL SCH OF NURSING       ,NJ,07666-4254,Private      ,2,9,11,85,140,225
00642000,MOUNTAINSIDE HOSP SCH NRSG              ,NJ,07042-4898,Proprietary  ,0,6,6,39,140,179
00642100,MUHLENBERG SNYDER SCHOOLS               ,NJ,07061-3399,Private      ,8,30,38,124,428,552
00642900,ST FRANCIS MEDICAL CTR SCH NURSING      ,NJ,08629-1986,Private      ,1,7,8,22,48,70
00642902,ST FRANCIS MED CTR RAD TECH             ,NJ,08629-0000,Private      ,0,1,1,5,9,14
00686500,CAMDEN COUNTY COLLEGE                   ,NJ,08012-3240,Public       ,411,895,1306,5747,6400,12147
00690100,GLOUCESTER COUNTY COLLEGE               ,NJ,08080-4249,Public       ,150,285,435,2647,1882,4529
00710700,ESSEX COUNTY COLLEGE                    ,NJ,07102-1798,Public       ,432,871,1303,4566,6235,10801
00736203,STUART SCHOOL OF BUSINESS ADMINISTRATION,NJ,07719-3970,Proprietary  ,0,1,1,7,59,66
00750200,BERKELEY COLLEGE                        ,NJ,07424-3367,Proprietary  ,97,167,264,1683,1460,3143
00750201,BERKELEY COLLEGE                        ,NJ,07095-0000,Proprietary  ,37,51,88,628,479,1107
00750202,BERKELEY COLLEGE - PARAMUS              ,NJ,07652-2931,Proprietary  ,25,33,58,468,332,800
00750600,LINCOLN TECHNICAL INSTITUTE             ,NJ,07083-5032,Proprietary  ,192,304,496,796,926,1722
00750601,LINCOLN TECHNICAL INSTITUTE             ,NJ,07430-0000,Proprietary  ,94,78,172,551,372,923
00750700,GIBBS COLLEGE                           ,NJ,07039-1611,Proprietary  ,1,10,11,336,492,828
00750701,KATHARINE GIBBS - PISCATAWAY            ,NJ,08854-0000,Proprietary  ,1,1,2,94,132,226
00759300,PARISIAN BEAUTY ACADEMY                 ,NJ,07601-5509,Proprietary  ,26,34,60,100,115,215
00772900,COUNTY COLLEGE OF MORRIS                ,NJ,07869-0000,Public       ,187,145,332,2750,1238,3988
00773000,BURLINGTON COUNTY COLLEGE               ,NJ,08068-1599,Public       ,226,442,668,3114,2779,5893
00773100,RARITAN VALLEY COMMUNITY COLLEGE        ,NJ,08876-1265,Public       ,106,152,258,1751,1246,2997
00780401,CAREER ACADEMY OF NEW YORK - STAR LAKEWO,NJ,08701-5900,Proprietary  ,10,32,42,10,32,42
00780402,CAREER ACADEMY OF NEW YORK - STAR EGG HA,NJ,08234-4863,Proprietary  ,9,41,50,9,41,50
00794700,BETH MEDRASH GOVOHA OF AMERICA          ,NJ,08701-0000,Private      ,117,256,373,238,1316,1554
00840400,BROOKDALE COMMUNITY COLLEGE             ,NJ,07738-1597,Public       ,308,361,669,5010,3106,8116
00844101,ANTHEM INSTITUTE                        ,NJ,08002-0000,Proprietary  ,2,4,6,14,44,58
00849400,HO HO KUS SCHL OF TRADE & TECH SCIENCES ,NJ,07513-1402,Proprietary  ,20,46,66,66,147,213
00860900,RABBINICAL COLLEGE OF AMERICA           ,NJ,07960-3600,Private      ,16,1,17,66,7,73
00907800,CAPRI INSTITUTE OF HAIR DESIGN          ,NJ,07011-2111,Proprietary  ,16,36,52,67,114,181
00934400,RAMAPO COLLEGE OF NEW JERSEY            ,NJ,07430-1680,Public       ,153,64,217,5761,817,6578
00934500,RICHARD STOCKTON COLLEGE OF NJ          ,NJ,08240-0195,Public       ,159,170,329,6675,2246,8921
00982804,EVEREST INSTITUTE - SOUTH PLAINFIELD    ,NJ,07080-1125,Proprietary  ,24,103,127,108,353,461
00999400,PASSAIC COUNTY COMMUNITY COLLEGE        ,NJ,07505-1179,Public       ,253,454,707,2800,3281,6081
01039400,UNIV OF MEDICINE & DENTISTRY OF NJ      ,NJ,07107-0000,Public       ,22,194,216,199,4283,4482
01062900,P B COSMETOLOGY EDUCATION CENTRE        ,NJ,08030-1750,Proprietary  ,30,40,70,111,101,212
01085100,ANTHEM INSTITUTE                        ,NJ,07054-3409,Proprietary  ,143,284,427,684,1223,1907
01085101,ANTHEM INSTITUTE                        ,NJ,07306-0000,Proprietary  ,5,10,15,46,53,99
01085102,ANTHEM INSTITUTE                        ,NJ,08902-0000,Proprietary  ,1,6,7,33,51,84
01090300,RIZZIERI INSTITUTE                      ,NJ,08053-1800,Proprietary  ,16,23,39,96,91,187
01152300,MORRIS COUNTY SCHOOL OF TECHNOLOGY      ,NJ,07834-0000,Public       ,2,8,10,42,34,76
01170800,NATURAL MOTION INST OF HAIR DESIGN      ,NJ,07306-5496,Proprietary  ,10,27,37,48,100,148
01198900,TALMUDICAL ACADEMY                      ,NJ,07710-0000,Private      ,5,0,5,36,1,37
01209000,REIGNBOW BEAUTY ACADEMY                 ,NJ,08861-4118,Proprietary  ,16,26,42,42,139,181
01234600,DOVER BUSINESS COLLEGE                  ,NJ,07652-0000,Proprietary  ,50,149,199,260,642,902
01234602,DOVER BUSINESS COLLEGE                  ,NJ,07801-4643,Proprietary  ,29,79,108,107,309,416
01246100,LINCOLN TECHNICAL INSTITUTE             ,NJ,08820-2896,Proprietary  ,78,152,230,399,631,1030
01246102,LINCOLN TECHNICAL INSTITUTE             ,NJ,08054-0000,Proprietary  ,46,154,200,226,712,938
01246103,LINCOLN TECHNICAL INSTITUTE             ,NJ,07652-2106,Proprietary  ,75,199,274,304,581,885
01246200,HOHOKUS - HACKENSACK SCHOOL OF BUSINESS ,NJ,07601-7197,Proprietary  ,27,159,186,158,697,855
01295400,HUDSON COUNTY COMMUNITY COLLEGE         ,NJ,07306-4012,Public       ,274,561,835,3535,4442,7977
02053700,EASTWICK COLLEGE                        ,NJ,07446-0000,Proprietary  ,85,200,285,245,700,945
02061800,ROMAN ACADEMY OF BEAUTY CULTURE         ,NJ,07506-0000,Proprietary  ,8,9,17,24,26,50
02092300,HOHOKUS SCHOOL - RETS/NUTLEY            ,NJ,07110-0000,Proprietary  ,39,110,149,200,377,577
02103700,CAPRI INSTITUTE OF HAIR DESIGN          ,NJ,07652-0000,Proprietary  ,6,22,28,46,62,108
02104000,HARRIS SCHOOL OF BUSINESS               ,NJ,08002-2983,Proprietary  ,71,367,438,231,1171,1402
02106601,FOX INSTITUTE OF BUSINESS - CLIFTON     ,NJ,07011-2345,Proprietary  ,30,84,114,57,156,213
02131100,DU CRET SCHOOL OF THE ARTS              ,NJ,07060-0000,Private      ,3,3,6,23,12,35
02131600,PENNCO TECH                             ,NJ,08012-0000,Proprietary  ,77,167,244,381,572,953
02132300,BERDAN INSTITUTE                        ,NJ,07512-0000,Proprietary  ,39,90,129,227,390,617
02146800,JOE KUBERT SCH OF CARTOON & GRAPHIC     ,NJ,07801-0000,Proprietary  ,0,1,1,61,37,98
02149800,EMPIRE BEAUTY SCHOOL                    ,NJ,08021-0000,Proprietary  ,32,76,108,128,347,475
02149801,EMPIRE BEAUTY SCHOOL - BORDENTOWN       ,NJ,08505-1513,Proprietary  ,2,1,3,5,7,12
02154000,DIVERS ACAD OF EASTERN SEABOARD         ,NJ,08081-1139,Proprietary  ,11,41,52,52,134,186
02183600,CAPRI INSTITUTE OF HAIR DESIGN          ,NJ,07033-0000,Proprietary  ,14,24,38,47,82,129
02192200,THOMAS EDISON STATE COLLEGE             ,NJ,08608-0000,Public       ,25,544,569,257,3908,4165
02219600,OMEGA INSTITUTE                         ,NJ,08109-0000,Proprietary  ,7,35,42,50,128,178
02223700,NEW HORIZON INST OF COSMETOLOGY         ,NJ,07093-0000,Proprietary  ,6,37,43,19,145,164
02223900,DRAKE COLLEGE OF BUSINESS               ,NJ,07201-0000,Proprietary  ,119,989,1108,320,2405,2725
02232500,UNION COUNTY VOCATIONAL TECH INST       ,NJ,07076-0000,Public       ,10,21,31,64,69,133
02234600,SHORE BEAUTY SCHOOL                     ,NJ,08232-0000,Proprietary  ,15,30,45,47,67,114
02246000,ROSS UNIVERSITY - MEDICAL SCHOOL        ,NJ,08837-0000,Proprietary  ,5,223,228,19,3920,3939
02248600,COOPER HEALTH SYS-CTR ALLIED HEALTH     ,NJ,08103-0000,Private      ,1,6,7,17,61,78
02252700,CONCORDE SCHOOL OF HAIR DESIGN          ,NJ,07712-0000,Proprietary  ,25,64,89,98,214,312
02252701,CONCORDE SCHOOL OF HAIR DESIGN - BLOOMFI,NJ,07003-2517,Proprietary  ,0,1,1,1,14,15
02261800,EUROPEAN ACADEMY OF COSMETOLOGY         ,NJ,07083-0000,Proprietary  ,9,28,37,50,126,176
02265500,CAPRI INSTITUTE OF HAIR DESIGN          ,NJ,08724-0000,Proprietary  ,25,31,56,76,102,178
02277900,ROSS UNIV - SCH OF VETERINARY MED       ,NJ,08837-0000,Proprietary  ,0,31,31,2,943,945
02291000,ENGINE CITY TECHNICAL INSTITUTE         ,NJ,07080-2424,Proprietary  ,22,13,35,117,76,193
02312000,BERGEN COUNTY TECHNICAL SCHOOLS         ,NJ,07601-6110,Public       ,11,17,28,41,64,105
02344200,EMPIRE BEAUTY SCHOOL                    ,NJ,08002-0000,Proprietary  ,24,49,73,126,229,355
02503900,WARREN COUNTY COMMUNITY COLLEGE         ,NJ,07882-0000,Public       ,37,48,85,560,411,971
02523700,OCEAN COUNTY VOCATIONAL-TECH SCHOOL     ,NJ,08753-0000,Public       ,3,10,13,114,173,287
02525900,ARTISTIC ACADEMY OF HAIR DESIGN         ,NJ,07950-1409,Proprietary  ,9,12,21,97,55,152
02528200,REIGNBOW BEAUTY ACADEMY                 ,NJ,07060-0000,Proprietary  ,6,18,24,26,70,96
02539903,STAR TECHNICAL INSTITUTE-EGG HARBOR     ,NJ,08234-0000,Proprietary  ,1,0,1,34,158,192
02558700,PRISM CAREER INSTITUTE                  ,NJ,08037-0000,Proprietary  ,52,222,274,183,838,1021
02568800,SUSSEX COUNTY COMMUNITY COLLEGE         ,NJ,07860-1149,Public       ,66,64,130,1319,688,2007
02586900,HARRIS SCHOOL OF BUSINESS               ,NJ,08084-1520,Proprietary  ,3,9,12,30,154,184
02586901,STAR TECHNICAL INSTITUTE - LAKEWOOD     ,NJ,08701-0000,Proprietary  ,1,2,3,56,179,235
02615401,STAR TECHNICAL INSTITUTE -              ,NJ,07102-4599,Proprietary  ,11,64,75,58,427,485
02616402,SANFORD-BROWN INSTITUTE - ISELIN        ,NJ,08830-0000,Proprietary  ,62,189,251,395,1019,1414
03077500,RABBI JACOB JOSEPH SCHOOL               ,NJ,08817-4494,Private      ,2,0,2,12,0,12
03122600,EASTERN INTERNATIONAL COLLEGE           ,NJ,07306-3906,Proprietary  ,51,124,175,109,278,387
03187300,STENOTECH CAREER INSTITUTE              ,NJ,07004-3490,Proprietary  ,5,20,25,30,61,91
03197300,INSTITUTE FOR HEALTH EDUCATION(THE)     ,NJ,07306-2929,Proprietary  ,6,30,36,19,102,121
03324300,CENTRAL CAREER SCHOOL                   ,NJ,07080-2408,Proprietary  ,1,15,16,4,42,46
03380302,CULINARY ACADEMY OF LONG ISLAND - STAR N,NJ,07102-4510,Proprietary  ,11,29,40,11,29,40
03389300,ACADEMY OF MASSAGE THERAPY              ,NJ,07631-0000,Proprietary  ,7,20,27,29,131,160
03424500,NEW COMMUNITY WORKFORCE DEVELOPMENT     ,NJ,07103-2402,Private      ,9,42,51,27,337,364
03530300,"KEY SKILLS LEARNING, INC.               ",NJ,07013-1900,Proprietary  ,0,9,9,5,34,39
03536300,INSTITUTE FOR THERAPEUTIC MASSAGE       ,NJ,07420-1452,Proprietary  ,5,36,41,28,142,170
03574400,CORTIVA INSTITUTE - SOMERSET SCHOOL OF M,NJ,08854-3908,Proprietary  ,9,30,39,25,105,130
03625300,PERFORMANCE TRAINING INSTITUTE          ,NJ,08753-0000,Proprietary  ,0,2,2,3,6,9
03629300,HELMA INSTITUTE OF MASSAGE THERAPY      ,NJ,07663-6200,Proprietary  ,0,0,0,0,2,2
03637300,METRO AUTO ELECTRONICS TRAINING INSTITUT,NJ,07033-1798,Proprietary  ,6,13,19,34,35,69
03650600,PC AGE                                  ,NJ,07306-3936,Proprietary  ,2,20,22,15,78,93
03650603,PC AGE                                  ,NJ,08817-2842,Proprietary  ,0,1,1,6,22,28
03666300,SOMERSET CHRISTIAN COLLEGE              ,NJ,08890-9035,Private      ,3,54,57,49,197,246
03769300,PC TECH LEARNING CENTER                 ,NJ,07306-9900,Proprietary  ,13,88,101,34,188,222
03803300,HEALTHCARE TRAINING INSTITUTE           ,NJ,07083-3504,Proprietary  ,9,52,61,36,199,235
03811300,EASTERN SCHOOL OF ACUPUNCTURE AND TRADIT,NJ,07042-3562,Proprietary  ,0,10,10,3,43,46
04081300,BAIS MEDRASH TORAS CHESED               ,NJ,08701-0000,Private      ,5,0,5,11,2,13
04123400,YESHIVAS BE'ER YITZCHOK                 ,NJ,07208-2380,Private      ,0,1,1,1,2,3
04125000,GENTLE HEALING SCHOOL OF MASSAGE        ,NJ,08512-3600,Proprietary  ,2,5,7,4,24,28
04131100,YESHIVA TORAS CHAIM                     ,NJ,08701-2120,Private      ,12,0,12,26,0,26
04134100,CENTER FOR ALLIED HEALTH & NURSING EDUCA,NJ,07601-5801,Proprietary  ,13,50,63,38,218,256
04136400,AMERICAN INSTITUTE OF MEDICAL SCIENCES &,NJ,07080-1183,Proprietary  ,2,10,12,2,10,12
        ,BROOKLYN LAW SCHOOL                     ,NY,11201-0000,Private      ,3,27,30,41,3245,3286
00266500,VAUGHN COLLEGE OF AERONAUTICS AND TECHNO,NY,11369-9997,Private      ,48,45,93,808,494,1302
00266600,ADELPHI UNIVERSITY                      ,NY,11530-4299,Private      ,159,324,483,6656,4311,10967
00266700,DOWLING COLLEGE                         ,NY,11769-1999,Private      ,59,185,244,2546,2096,4642
00266800,ALFRED UNIVERSITY                       ,NY,14802-1205,Private      ,39,18,57,3046,526,3572
00266900,BANK STREET COLLEGE OF EDUCATION        ,NY,10025-0000,Private      ,0,36,36,6,803,809
00267100,BARD COLLEGE                            ,NY,12504-5000,Private      ,36,8,44,2775,545,3320
00267800,BRYANT & STRATTON COLLEGE               ,NY,14203-1713,Proprietary  ,223,973,1196,1610,6004,7614
00267803,BRYANT & STRATTON COLLEGE - GREECE      ,NY,14606-4227,Proprietary  ,32,109,141,250,891,1141
00267805,BRYANT & STRATTON COLLEGE - SYRACUSE    ,NY,13203-2502,Proprietary  ,59,151,210,584,1457,2041
00267807,BRYANT & STRATTON COLLEGE - ALBANY      ,NY,12205-5230,Proprietary  ,17,77,94,255,748,1003
00268100,CANISIUS COLLEGE                        ,NY,14208-1098,Private      ,68,117,185,4331,1448,5779
00268500,CAZENOVIA COLLEGE                       ,NY,13035-1085,Private      ,15,19,34,1695,112,1807
00268700,CUNY-BROOKLYN COLLEGE                   ,NY,11210-2814,Public       ,536,648,1184,13334,8063,21397
00268800,CITY COLLEGE-CUNY                       ,NY,10031-9198,Public       ,514,610,1124,14457,6458,20915
00268900,CUNY-HUNTER COLLEGE                     ,NY,10021-5024,Public       ,765,948,1713,20909,10055,30964
00269000,QUEENS COLLEGE-CUNY                     ,NY,11367-1597,Public       ,526,605,1131,12340,6273,18613
00269100,CUNY- BOROUGH OF MANHATTAN CMTY CLG     ,NY,10007-1047,Public       ,1291,1234,2525,15396,10533,25929
00269200,CUNY BRONX COMMUNITY COLLEGE            ,NY,10453-3102,Public       ,641,726,1367,7053,6249,13302
00269300,CUNY-JOHN JAY CLG CRIMINAL JUSTICE      ,NY,10019-1093,Public       ,453,504,957,11915,5485,17400
00269400,KINGSBOROUGH COMMUNITY COLLEGE          ,NY,11235-2398,Public       ,526,462,988,8250,4503,12753
00269600,NY CITY COLLEGE OF TECHNOLOGY-CUNY      ,NY,11201-2983,Public       ,579,595,1174,11021,5956,16977
00269700,QUEENSBOROUGH COMMUNITY COLLEGE         ,NY,11364-1497,Public       ,533,444,977,7251,3522,10773
00269800,CUNY THE COLLEGE OF STATEN ISLAND       ,NY,10314-6600,Public       ,365,358,723,8536,3565,12101
00269900,CLARKSON UNIVERSITY                     ,NY,13699-5615,Private      ,47,10,57,3853,266,4119
00270000,COLGATE ROCHESTER CROZER DIVINITY S     ,NY,14620-0000,Private      ,0,9,9,7,82,89
00270100,COLGATE UNIVERSITY                      ,NY,13346-1386,Private      ,43,4,47,4629,57,4686
00270300,COLLEGE OF MOUNT SAINT VINCENT          ,NY,10471-1093,Private      ,24,30,54,2187,316,2503
00270400,COLLEGE OF NEW ROCHELLE                 ,NY,10805-2339,Private      ,38,492,530,1212,5006,6218
00270500,COLLEGE OF SAINT ROSE                   ,NY,12203-1490,Private      ,67,151,218,3999,2028,6027
00270700,COLUMBIA UNIVERSITY                     ,NY,10027-0000,Private      ,132,200,332,3879,3091,6970
00270701,COLUMBIA UNIV ARCHITECTURE              ,NY,10027-0000,Private      ,6,13,19,40,710,750
00270702,COLUMBIA UNIV SCHOOL OF THE ARTS        ,NY,10027-0000,Private      ,6,16,22,94,1266,1360
00270703,COLUMBIA UNIV BUSINESS GRAD             ,NY,10027-0000,Private      ,4,113,117,34,1511,1545
00270704,COLUMBIA UNIV SCHOOL ENGIN-UNDERGRA     ,NY,10027-0000,Private      ,17,4,21,1842,57,1899
00270705,COLUMBIA UNIV SCHOOL GENERAL STUDIE     ,NY,10027-0000,Private      ,29,84,113,400,1102,1502
00270706,COLUMBIA UNIV GRAD SCHL ARTS & SCI      ,NY,10027-0000,Private      ,5,55,60,31,1472,1503
00270707,COLUMBIA UNIV SCH INTL PUB AFFAIRS      ,NY,10027-0000,Private      ,0,59,59,13,1313,1326
00270708,COLUMBIA UNIV JOURNALISM GRAD           ,NY,10027-0000,Private      ,1,13,14,18,444,462
00270710,COLUMBIA UNIV COLUMBIA COLLEGE          ,NY,10027-0000,Private      ,111,18,129,8123,284,8407
00270711,COLUMBIA UNIV SCHOOL OF LAW             ,NY,10027-0000,Private      ,3,30,33,28,4119,4147
00270712,COLUMBIA UNIV SOCIAL WORK               ,NY,10025-0000,Private      ,1,40,41,14,896,910
00270713,COLUMBIA UNIV SCHL DENT & ORAL SURG     ,NY,10032-0000,Private      ,0,1,1,4,323,327
00270714,COLUMBIA UNIV INST HUMAN NUTRITION      ,NY,10032-0000,Private      ,1,2,3,3,55,58
00270715,COLUMBIA UNIV NURSING                   ,NY,10032-0000,Private      ,7,22,29,107,706,813
00270716,COLUMBIA UNIV COLL PHYS & SURGEONS      ,NY,10032-0000,Private      ,4,5,9,21,1096,1117
00270717,COLUMBIA UNIV PHYSICAL THERAPY          ,NY,10032-0000,Private      ,0,1,1,5,120,125
00270718,COLUMBIA UNIV OCCUPATIONAL THERAPY      ,NY,10032-0000,Private      ,0,2,2,3,105,108
00270719,COLUMBIA UNIV PUBLIC HEALTH             ,NY,10032-0000,Private      ,1,16,17,6,995,1001
00270720,COLUMBIA UNIV - ENGINEERING (GRAD)      ,NY,10027-0000,Private      ,2,23,25,47,312,359
00270721,COLUMBIA UNIV-CONT ED & SP PROGMS       ,NY,10027-0000,Private      ,1,53,54,14,274,288
00270800,BARNARD COLLEGE-COLUMBIA UNIV           ,NY,10027-6598,Private      ,44,8,52,3409,108,3517
00270900,CONCORDIA COLLEGE                       ,NY,10708-1998,Private      ,8,34,42,804,205,1009
00271000,COOPER UNION                            ,NY,10003-7120,Private      ,27,9,36,1572,139,1711
00271100,CORNELL UNIVERSITY                      ,NY,14853-2801,Private      ,401,120,521,23194,5308,28502
00271200,D'YOUVILLE COLLEGE                      ,NY,14201-1084,Private      ,23,78,101,1452,1431,2883
00271300,DOMINICAN COLLEGE                       ,NY,10962-1299,Private      ,21,80,101,1514,757,2271
00271800,ELMIRA COLLEGE                          ,NY,14901-2099,Private      ,36,59,95,2001,528,2529
00272200,FORDHAM UNIVERSITY                      ,NY,10458-5157,Private      ,342,448,790,18378,8635,27013
00272600,GENERAL THEOLOGICAL SEMINARY            ,NY,10011-0000,Private      ,0,3,3,0,117,117
00272800,HAMILTON COLLEGE                        ,NY,13323-1218,Private      ,28,1,29,2680,31,2711
00272900,HARTWICK COLLEGE                        ,NY,13820-4020,Private      ,17,2,19,2491,61,2552
00273100,HOBART & WILLIAM SMITH COLLEGES         ,NY,14456-3397,Private      ,26,0,26,3140,47,3187
00273200,HOFSTRA UNIVERSITY                      ,NY,11549-1010,Private      ,305,272,577,14807,5627,20434
00273400,HOUGHTON COLLEGE                        ,NY,14744-0128,Private      ,17,16,33,1494,242,1736
00273500,HILBERT COLLEGE                         ,NY,14075-1597,Private      ,24,17,41,996,313,1309
00273700,IONA COLLEGE                            ,NY,10801-1890,Private      ,53,73,126,6100,1099,7199
00273900,ITHACA COLLEGE                          ,NY,14850-7130,Private      ,90,13,103,12064,676,12740
00274000,JEWISH THEOLOGICAL SEMINARY OF AMER     ,NY,10027-4649,Private      ,3,5,8,121,184,305
00274200,THE JUILLIARD SCHOOL                    ,NY,10023-6588,Private      ,36,14,50,1136,566,1702
00274400,KEUKA COLLEGE                           ,NY,14478-0000,Private      ,11,106,117,1309,950,2259
00274800,LEMOYNE COLLEGE                         ,NY,13214-1399,Private      ,51,68,119,3938,922,4860
00274900,NEW YORK COLLEGE OF PODIATRIC MED       ,NY,10035-0000,Private      ,1,14,15,55,380,435
00275100,LONG ISLAND UNIVERSITY                  ,NY,11548-1326,Private      ,386,924,1310,10690,9007,19697
00275101,LONG ISLAND UNIVERSITY - BRENTWOOD CAMPU,NY,11717-5326,Private      ,0,0,0,12,41,53
00275102,LONG ISLAND UNIVERSITY - ROCKLAND CAMPUS,NY,10962-0000,Private      ,0,0,0,5,21,26
00275104,LONG ISLAND UNIVERSITY - NEW YORK UNIVER,NY,10011-0000,Private      ,0,0,0,114,52,166
00275105,LONG ISLAND UNIVERSITY - WEST POINT CAMP,NY,10966-0000,Private      ,0,0,0,59,4,63
00275106,LONG ISLAND UNIVERSITY - JEWISH BOARD OF,NY,10019-0000,Private      ,0,0,0,8,2,10
00275107,LONG ISLAND UNIVERSITY - QUEENS DISTRICT,NY,11364-0000,Private      ,0,0,0,8,3,11
00275108,LONG ISLAND UNIVERSITY - FREEPORT PUBLIC,NY,11520-3144,Private      ,0,0,0,5,1,6
00275109,LONG ISLAND UNIVERSITY - LOCUST VALLEY H,NY,11560-1105,Private      ,0,0,0,1,1,2
00275110,LONG ISLAND UNIVERSITY - WESTBURY SENIOR,NY,11568-1619,Private      ,0,0,0,119,24,143
00275111,LONG ISLAND UNIVERSITY - BABYLON SENIOR ,NY,11702-2222,Private      ,0,0,0,5,0,5
00275112,LONG ISLAND UNIVERSITY - HARBORFIELDS HI,NY,11740-1432,Private      ,0,0,0,1,0,1
00275113,LONG ISLAND UNIVERSITY - SOUTH SIDE HIGH,NY,11570-2248,Private      ,0,0,0,0,2,2
00275115,LONG ISLAND UNIVERSITY - SOUTHAMPTON COL,NY,11548-1326,Private      ,0,0,0,182,33,215
00275116,LONG ISLAND UNIV-BROOKLYN CAMPUS        ,NY,11548-1326,Private      ,0,0,0,645,138,783
00275800,MANHATTAN COLLEGE                       ,NY,10471-4098,Private      ,96,32,128,5139,361,5500
00275900,MANHATTAN SCHOOL OF MUSIC               ,NY,10027-4698,Private      ,17,10,27,659,732,1391
00276000,MANHATTANVILLE COLLEGE                  ,NY,10577-2132,Private      ,45,79,124,2815,854,3669
00276300,MARIA COLLEGE                           ,NY,12208-1798,Private      ,21,66,87,217,673,890
00276500,MARIST COLLEGE                          ,NY,12601-1387,Private      ,133,98,231,8401,974,9375
00276900,MARYMOUNT MANHATTAN COLLEGE             ,NY,10021-4597,Private      ,82,31,113,2864,259,3123
00277200,MERCY COLLEGE                           ,NY,10522-1189,Private      ,230,718,948,2722,6366,9088
00277500,MOLLOY COLLEGE                          ,NY,11570-1100,Private      ,64,153,217,2465,1530,3995
00277700,MEDAILLE COLLEGE                        ,NY,14214-2695,Private      ,24,134,158,1485,1381,2866
00277800,MOUNT SAINT MARY COLLEGE                ,NY,12550-3494,Private      ,56,92,148,2286,963,3249
00277900,NAZARETH COLLEGE OF ROCHESTER           ,NY,14618-3790,Private      ,35,107,142,2986,1476,4462
00278200,NEW YORK INSTITUTE OF TECHNOLOGY        ,NY,11568-8000,Private      ,87,199,286,4631,3726,8357
00278202,NY INSTITUTE OF TECHNOLOGY-OSTEOPATHIC M,NY,11568-0000,Private      ,2,10,12,73,1206,1279
00278300,NEW YORK LAW SCHOOL                     ,NY,10013-0000,Private      ,3,37,40,22,3279,3301
00278400,NEW YORK MEDICAL COLLEGE                ,NY,10595-0000,Private      ,1,50,51,13,1907,1920
00278500,NEW YORK UNIVERSITY                     ,NY,10012-1091,Private      ,580,1334,1914,32250,24068,56318
00278800,NIAGARA UNIVERSITY                      ,NY,14109-2010,Private      ,54,60,114,3748,733,4481
00279000,NYACK COLLEGE                           ,NY,10960-3698,Private      ,33,261,294,1278,2022,3300
00279100,PACE UNIVERSITY - NEW YORK              ,NY,10038-1598,Private      ,148,216,364,7272,2672,9944
00279101,PACE UNIVERSITY-PLEASANTVILLE           ,NY,10570-0000,Private      ,58,91,149,3225,973,4198
00279102,PACE UNIVERSITY - WHITE PLAINS          ,NY,10603-0000,Private      ,10,74,84,264,2082,2346
00279500,PAUL SMITHS CLG OF ARTS & SCIENCES      ,NY,12970-0000,Private      ,10,4,14,1139,131,1270
00279600,POLYTECHNIC INTSTITUTE OF NEW YORK UNIV ,NY,11201-3840,Private      ,60,95,155,1863,673,2536
00279800,PRATT INSTITUTE                         ,NY,11205-3899,Private      ,106,123,229,4356,2251,6607
00280300,RENSSELAER POLYTECHNIC INSTITUTE        ,NY,12180-3590,Private      ,126,35,161,9346,546,9892
00280500,ROBERTS WESLEYAN COLLEGE                ,NY,14624-1997,Private      ,20,131,151,1525,1133,2658
00280600,ROCHESTER INSTITUTE OF TECHNOLOGY       ,NY,14623-5608,Private      ,237,161,398,13536,2667,16203
00280700,ROCKEFELLER UNIVERSITY                  ,NY,10021-0000,Private      ,0,2,2,19,16,35
00280800,DAEMEN COLLEGE                          ,NY,14226-3592,Private      ,25,78,103,1877,833,2710
00281000,THE SAGE COLLEGES                       ,NY,12180-4199,Private      ,26,105,131,1245,1519,2764
00281200,TROCAIRE COLLEGE                        ,NY,14220-2094,Private      ,25,110,135,530,1152,1682
00281300,SARAH LAWRENCE COLLEGE                  ,NY,10708-5999,Private      ,36,15,51,2185,651,2836
00281400,SKIDMORE COLLEGE                        ,NY,12866-1632,Private      ,44,7,51,4210,103,4313
00281401,SKIDMORE COLL-UNIV WITHOUT WALLS        ,NY,12866-0000,Private      ,0,2,2,22,39,61
00281500,ST BERNARDS SCH THEOLOGY & MINISTRY     ,NY,14618-3822,Private      ,0,9,9,1,48,49
00281600,SIENA COLLEGE                           ,NY,12211-1462,Private      ,71,10,81,5405,203,5608
00281700,ST BONAVENTURE UNIVERSITY               ,NY,14778-2284,Private      ,24,39,63,2330,505,2835
00282000,ST FRANCIS COLLEGE                      ,NY,11201-4398,Private      ,101,55,156,2003,428,2431
00282100,ST JOHN FISHER COLLEGE                  ,NY,14618-3597,Private      ,52,64,116,4250,1513,5763
00282200,CHRIST THE KING SEMINARY                ,NY,14052-0607,Private      ,0,1,1,0,10,10
00282300,ST JOHN'S UNIVERSITY                    ,NY,11439-1343,Private      ,250,263,513,21106,5821,26927
00282500,ST JOSEPH'S COLLEGE                     ,NY,11205-3688,Private      ,37,72,109,941,581,1522
00282501,ST JOSEPH'S COLLEGE-SUFFOLK CAMPUS      ,NY,11772-0000,Private      ,89,94,183,2950,1147,4097
00282900,ST LAWRENCE UNIVERSITY                  ,NY,13617-1455,Private      ,19,8,27,2980,98,3078
00283200,ST THOMAS AQUINAS COLLEGE               ,NY,10976-1050,Private      ,36,18,54,1749,289,2038
00283300,ST VLADIMIR ORTHODOX THEOL SEM          ,NY,10707-0000,Private      ,0,0,0,0,63,63
00283400,EXCELSIOR COLLEGE                       ,NY,12203-5159,Private      ,28,758,786,147,4457,4604
00283500,SUNY AT ALBANY                          ,NY,12222-0001,Public       ,411,262,673,19759,4866,24625
00283600,BINGHAMTON UNIVERSITY (SUNY)            ,NY,13902-6000,Public       ,290,130,420,21005,2540,23545
00283700,SUNY AT BUFFALO                         ,NY,14260-0001,Public       ,397,381,778,20338,9611,29949
00283800,SUNY AT STONY BROOK                     ,NY,11794-0001,Public       ,463,371,834,20903,6244,27147
00283900,SUNY-DOWNSTATE MEDICAL CENTER           ,NY,11203-2098,Public       ,7,39,46,119,1822,1941
00284000,SUNY UPSTATE MEDICAL UNIVERSITY         ,NY,13210-2375,Public       ,7,18,25,188,1167,1355
00284100,SUNY BROCKPORT - FIN AID OFF            ,NY,14420-2914,Public       ,174,194,368,8497,2574,11071
00284200,BUFFALO STATE COLLEGE - SUNY            ,NY,14222-1095,Public       ,306,370,676,10613,4664,15277
00284300,SUNY COLLEGE-CORTLAND                   ,NY,13045-0900,Public       ,125,88,213,10294,1571,11865
00284400,SUNY AT FREDONIA                        ,NY,14063-1145,Public       ,110,47,157,6875,922,7797
00284500,SUNY GENESEO                            ,NY,14454-1401,Public       ,140,24,164,9062,538,9600
00284600,SUNY COLLEGE-NEW PALTZ                  ,NY,12561-2499,Public       ,177,130,307,10371,1946,12317
00284700,SUNY COLLEGE-ONEONTA                    ,NY,13820-4015,Public       ,158,21,179,9726,643,10369
00284800,SUNY OSWEGO                             ,NY,13126-3599,Public       ,147,103,250,9490,1931,11421
00284900,SUNY COLLEGE AT PLATTSBURGH             ,NY,12901-2681,Public       ,109,95,204,6511,1336,7847
00285000,SUNY COLLEGE-POTSDAM                    ,NY,13676-2294,Public       ,77,65,142,4395,1002,5397
00285100,SUNY COLLEGE OF ENVIRONMENT SCIENCE AND ,NY,13210-2778,Public       ,15,26,41,1857,500,2357
00285300,SUNY MARITIME COLLEGE                   ,NY,10465-4198,Public       ,31,17,48,1269,236,1505
00285400,SUNY COLLEGE OF TECHNOLOGY-ALFRED       ,NY,14802-9951,Public       ,77,61,138,3479,704,4183
00285500,SUNY CANTON COLG OF TECHNOLOGY          ,NY,13617-1098,Public       ,61,90,151,2540,1052,3592
00285600,SUNY AG & TECH COLLEGE-COBLESKILL       ,NY,12043-9986,Public       ,73,29,102,2939,379,3318
00285700,SUNY DELHI                              ,NY,13753-1190,Public       ,96,53,149,3317,623,3940
00285800,SUNY FARMINGDALE                        ,NY,11735-1021,Public       ,184,156,340,4825,1634,6459
00285900,SUNY COLLEGE OF AG & TECH AT MORRISVILLE,NY,13408-0901,Public       ,77,74,151,3416,877,4293
00286000,ADIRONDACK COMMUNITY COLLEGE            ,NY,12804-2004,Public       ,120,179,299,1705,1182,2887
00286100,CAYUGA COMMUNITY COLLEGE                ,NY,13021-3099,Public       ,111,247,358,1590,1578,3168
00286200,BROOME COMMUNITY COLLEGE                ,NY,13902-1398,Public       ,185,312,497,3411,2250,5661
00286300,CORNING COMMUNITY COLLEGE               ,NY,14830-3297,Public       ,169,316,485,1754,1785,3539
00286400,DUTCHESS COMMUNITY COLLEGE              ,NY,12601-1595,Public       ,186,249,435,2519,1594,4113
00286600,FASHION INSTITUTE OF TECHNOLOGY         ,NY,10001-5992,Public       ,250,214,464,6678,2309,8987
00286700,SUNY FULTON MONTGOMERY COMM CLG         ,NY,12095-3790,Public       ,66,110,176,1175,829,2004
00286800,HUDSON VALLEY COMMUNITY COLLEGE         ,NY,12180-6096,Public       ,437,493,930,6075,3404,9479
00286900,JAMESTOWN COMMUNITY COLLEGE             ,NY,14701-1999,Public       ,122,250,372,2225,1696,3921
00287000,JEFFERSON COMMUNITY COLLEGE             ,NY,13601-1897,Public       ,84,233,317,1275,1573,2848
00287100,"SUNY, MOHAWK VALLEY COMMUNITY CLG       ",NY,13501-5394,Public       ,217,336,553,3707,2144,5851
00287200,MONROE COMMUNITY COLLEGE                ,NY,14623-5780,Public       ,553,870,1423,8913,6924,15837
00287300,NASSAU COMMUNITY COLLEGE                ,NY,11530-6793,Public       ,711,598,1309,9319,4463,13782
00287400,NIAGARA COUNTY COMMUNITY COLLEGE        ,NY,14132-9460,Public       ,259,410,669,3445,2833,6278
00287500,ONONDAGA COMMUNITY COLLEGE              ,NY,13215-4585,Public       ,347,509,856,5387,3261,8648
00287600,ORANGE COUNTY COMMUNITY COLLEGE         ,NY,10940-6441,Public       ,229,257,486,2467,1735,4202
00287700,ROCKLAND COMMUNITY COLLEGE              ,NY,10901-3611,Public       ,205,193,398,2018,1434,3452
00287800,SUFFOLK COMMUNITY COLLEGE               ,NY,11784-2899,Public       ,471,368,839,5645,2601,8246
00287801,SUFFOLK COMMUNITY CLG-W. CAMPUS         ,NY,11717-0000,Public       ,265,311,576,2703,1932,4635
00287803,SUFFOLK COMMUNITY CLG-EASTRN CAMPUS     ,NY,11901-0000,Public       ,83,100,183,897,708,1605
00287900,SULLIVAN COUNTY COMMUNITY COLLEGE       ,NY,12759-5151,Public       ,73,82,155,1287,606,1893
00288000,ULSTER COUNTY COMMUNITY COLLEGE         ,NY,12484-0557,Public       ,89,135,224,1148,798,1946
00288100,SUNY WESTCHESTER COMMUNITY COLLEGE      ,NY,10595-1698,Public       ,361,501,862,4119,3266,7385
00288200,SYRACUSE UNIVERSITY                     ,NY,13244-2130,Private      ,230,211,441,19425,5056,24481
00288300,UTICA COLLEGE OF SYRACUSE UNIV          ,NY,13502-4892,Private      ,42,122,164,3073,1277,4350
00288500,ALBANY COLLEGE OF PHARMACY AND HEALTH SC,NY,12208-3492,Private      ,10,3,13,1611,704,2315
00288600,ALBANY LAW SCHOOL                       ,NY,12208-0000,Private      ,3,12,15,20,1440,1460
00288700,ALBANY MEDICAL COLLEGE                  ,NY,12208-0000,Private      ,3,20,23,42,969,1011
00288900,UNION COLLEGE                           ,NY,12308-2311,Private      ,34,4,38,3240,76,3316
00289000,UNION THEOLOGICAL SEMINARY              ,NY,10027-0000,Private      ,0,5,5,1,302,303
00289200,UNITED STATES MERCHANT MARINE ACADEMY   ,NY,11024-1699,Public       ,10,0,10,400,10,410
00289400,UNIVERSITY OF ROCHESTER                 ,NY,14627-9000,Private      ,89,97,186,7428,1503,8931
00289401,EASTMAN SCH OF MUSIC/UNIV ROCHESTER     ,NY,14604-0000,Private      ,14,11,25,771,354,1125
00289402,UNIV OF ROCHESTER SCHL OF MEDICINE      ,NY,14642-0000,Private      ,1,10,11,44,716,760
00289500,VASSAR COLLEGE                          ,NY,12604-0008,Private      ,65,4,69,4524,69,4593
00289600,VILLA MARIA COLLEGE-BUFFALO             ,NY,14225-3999,Private      ,15,21,36,428,233,661
00289900,WAGNER COLLEGE                          ,NY,10301-4495,Private      ,66,28,94,2835,306,3141
00290000,WEBB INSTITUTE                          ,NY,11542-1398,Private      ,1,0,1,52,1,53
00290100,WELLS COLLEGE                           ,NY,13026-0500,Private      ,10,1,11,954,68,1022
00290300,YESHIVA UNIVERSITY                      ,NY,10033-3201,Private      ,60,84,144,1988,3082,5070
00290302,YESHIVA UNIVERSITY - BRONX CAMPUS       ,NY,10461-1975,Private      ,0,27,27,14,1140,1154
00397400,MESIVTHA TIFERETH JERUSALEM OF AMER     ,NY,10002-6382,Private      ,16,0,16,20,1,21
00397600,RABBINICAL ACAD MESIVTA RABBI CHAIM     ,NY,11230-4715,Private      ,7,0,7,8,0,8
00397700,RABBINICAL COLLEGE CH'SAN SOFER         ,NY,11204-1252,Private      ,13,5,18,13,5,18
00397800,RABBINICAL SEMINARY OF AMERICA          ,NY,11375-0000,Private      ,8,13,21,17,31,48
00397900,COLUMBIA UNIV TEACHERS COLLEGE          ,NY,10027-0000,Private      ,0,211,211,25,3942,3967
00405400,HEBREW UNION COL-JEWISH INST OF REL     ,NY,10012-0000,Private      ,0,0,0,0,91,91
00455301,ITT TECHNICAL INSTITUTE                 ,NY,12205-0000,Proprietary  ,21,92,113,175,351,526
00475900,"CUNY, YORK COLLEGE                      ",NY,11451-0001,Public       ,267,353,620,6289,3403,9692
00476200,WEILL CORNELL MEDICAL COLLEGE AND GRADUA,NY,10021-0000,Private      ,2,16,18,14,853,867
00476500,CUNY GRADUATE SCH & UNIV CTR            ,NY,10016-4309,Public       ,6,165,171,46,2220,2266
00477600,CENTRAL YESHIVA TOMCHEI TMIMIM LUBA     ,NY,11230-2798,Private      ,130,23,153,150,27,177
00478800,HERKIMER COUNTY COMMUNITY COLLEGE       ,NY,13350-1598,Public       ,107,119,226,2294,1019,3313
00479800,MIRRER YESHIVA CENTRAL INST             ,NY,11223-2010,Private      ,27,6,33,64,42,106
00479900,MONROE COLLEGE                          ,NY,10468-4305,Proprietary  ,202,502,704,3178,5744,8922
00479901,MONROE COLLEGE                          ,NY,10801-0000,Proprietary  ,0,0,0,58,28,86
00481100,EVEREST INSTITUTE                       ,NY,14621-3007,Proprietary  ,83,297,380,339,1663,2002
00506401,ST JAMES MERCY HOSP SCH OF RAD          ,NY,14843-2197,Private      ,0,0,0,13,14,27
00506600,FAXTON ST. LUKE'S SCHOOL OF RADIOGRAPHY ,NY,13502-4856,Private      ,0,0,0,15,19,34
00520800,THE COLLEGE OF WESTCHESTER              ,NY,10602-0000,Proprietary  ,79,126,205,890,756,1646
00587700,ROBERT J HOCHSTIM SCHOOL OF RADIOG      ,NY,11572-1151,Private      ,0,0,0,0,2,2
00643501,ARNOT OGDEN MEDICAL CENTER              ,NY,14905-1676,Private      ,1,4,5,28,49,77
00643800,PHILLIPS BETH ISRAEL SCH OF NURSING     ,NY,10001-6354,Private      ,4,12,16,100,289,389
00644300,COCHRAN SCH NSG-ST JOHN RVSDE HOSP      ,NY,10701-1399,Private      ,6,18,24,65,368,433
00644500,CROUSE HOSP SCH OF NURSING              ,NY,13210-1690,Private      ,3,25,28,139,242,381
00644800,ELLIS HOSPITAL SCHOOL OF NURSING        ,NY,12308-0000,Private      ,2,11,13,48,105,153
00646101,ST ELIZABETH COLLEGE OF NURSING         ,NY,13501-2998,Private      ,1,4,5,112,163,275
00646102,ST ELIZABETH SCH OF RADIOGRAPHY         ,NY,13501-0000,Private      ,0,2,2,8,17,25
00646700,SAINT JOSEPH'S COLLEGE OF NURSING       ,NY,13203-1806,Private      ,2,10,12,166,225,391
00678200,GENESEE COMMUNITY COLLEGE               ,NY,14020-9704,Public       ,124,256,380,2505,1929,4434
00678500,SCHENECTADY COUNTY COMMUNITY CLG        ,NY,12305-2294,Public       ,132,201,333,1800,1529,3329
00678700,CLINTON COMMUNITY COLLEGE               ,NY,12901-5690,Public       ,43,86,129,1123,581,1704
00678800,TOMPKINS CORTLAND COMMUNITY COLLEGE     ,NY,13053-8504,Public       ,130,167,297,2206,1220,3426
00678900,COLUMBIA-GREENE COMMUNITY COLLEGE       ,NY,12534-9543,Public       ,64,95,159,901,619,1520
00679100,SUNY AT PURCHASE                        ,NY,10577-1400,Public       ,135,53,188,6458,845,7303
00702200,CUNY-LEHMAN COLLEGE                     ,NY,10468-1589,Public       ,391,658,1049,9867,6821,16688
00702600,"MT SINAI SCH OF MEDICINE, NY UNIV       ",NY,10029-0000,Private      ,0,15,15,7,1099,1106
00710900,SUNY COLLEGE-OLD WESTBURY               ,NY,11568-0210,Public       ,136,122,258,4325,1393,5718
00711100,NORTH COUNTRY COMMUNITY COLLEGE         ,NY,12983-2046,Public       ,40,61,101,691,521,1212
00726400,MESIFTA TORAH VODAATH RABBINCAL SEM     ,NY,11218-5209,Private      ,12,11,23,19,28,47
00727300,CUNY-BERNARD BARUCH COLLEGE             ,NY,10010-5518,Public       ,526,611,1137,14632,6090,20722
00730400,CULINARY INSTITUTE OF AMERICA           ,NY,12538-1499,Private      ,215,164,379,2927,1225,4152
00737200,AUSTIN'S SCHOOL OF SPA TECHNOLOGY       ,NY,12206-1513,Proprietary  ,17,52,69,95,202,297
00737500,ISLAND DRAFTING & TECHNICAL INST        ,NY,11701-2704,Proprietary  ,1,5,6,74,76,150
00738700,LONG ISLAND BEAUTY SCHOOL               ,NY,11788-4346,Proprietary  ,12,30,42,77,89,166
00738800,LONG ISLAND BEAUTY SCHOOL               ,NY,11550-3704,Proprietary  ,10,24,34,42,108,150
00739100,BEAUTY SCHOOL OF MIDDLETOWN             ,NY,10940-6574,Proprietary  ,7,22,29,37,91,128
00739400,BERKELEY COLLEGE                        ,NY,10017-0000,Proprietary  ,180,275,455,2349,2007,4356
00739402,BERKELEY COLLEGE-WESTCHESTER CAMPUS     ,NY,10601-1533,Proprietary  ,51,43,94,736,287,1023
00739800,KATHARINE GIBBS SCHOOL                  ,NY,10018-2602,Proprietary  ,23,35,58,399,677,1076
00740100,MANDL SCHOOL                            ,NY,10019-5516,Proprietary  ,19,103,122,132,650,782
00740500,WOOD TOBE-COBURN SCHOOL                 ,NY,10016-0102,Proprietary  ,6,1,7,530,102,632
00746500,AMERICAN ACADEMY OF DRAMATIC ARTS       ,NY,10016-7089,Private      ,14,15,29,290,108,398
00746600,LABORATORY INST. OF MERCHANDISING       ,NY,10022-5268,Proprietary  ,48,11,59,1440,124,1564
00746800,SCHOOL OF VISUAL ARTS                   ,NY,10010-3994,Proprietary  ,77,54,131,3495,1152,4647
00750602,LINCOLN TECHNICAL INSTITUTE             ,NY,11357-6092,Proprietary  ,96,59,155,532,245,777
00751800,APEX TECHNICAL SCHOOL                   ,NY,10011-2008,Proprietary  ,235,492,727,740,1591,2331
00752200,CONTINENTAL SCH OF BEAUTY CULTURE       ,NY,14623-3231,Proprietary  ,40,121,161,146,404,550
00753200,FINGER LAKES COMMUNITY COLLEGE          ,NY,14424-8395,Public       ,125,236,361,2904,1734,4638
00757200,AMERICAN MUSICAL AND DRAMATIC ACAD      ,NY,10023-2106,Private      ,62,20,82,1602,289,1891
00757300,LEARNING INSTITUTE FOR BEAUTY SCIENCES  ,NY,11103-4028,Proprietary  ,16,58,74,53,189,242
00780400,CAREER ACADEMY OF NEW YORK              ,NY,10011-7307,Proprietary  ,68,165,233,238,658,896
00818900,CONTINENTAL SCH OF BEAUTY CULTURE       ,NY,14223-0000,Proprietary  ,0,2,2,5,12,17
00818902,CONTINENTAL SCHOOL OF BEAUTY CULTURE  - ,NY,14224-3402,Proprietary  ,1,1,2,5,7,12
00843500,INTERBORO INSTITUTE                     ,NY,10019-3604,Proprietary  ,0,0,0,0,1,1
00843700,CHAMPLAIN VALLEY - TEC/PRN              ,NY,12901-0000,Public       ,0,1,1,12,37,49
00849500,JAMESTOWN BUSINESS COLLEGE              ,NY,14702-0429,Proprietary  ,5,33,38,122,246,368
00861100,"CUNY, HOSTOS CMTY COLLEGE               ",NY,10451-1499,Public       ,351,558,909,3402,3983,7385
00861400,RABBINICAL CLG BOBOVER YESHIVA BNEI     ,NY,11219-3293,Private      ,74,11,85,98,11,109
00861700,RABBINICAL SEM MKOR CHAIM-YESHIVA       ,NY,11219-4300,Private      ,5,0,5,5,0,5
00878800,SUNY-STUDENT LOAN SERVICE CENTER        ,NY,12144-3440,Public       ,0,2,2,21,7,28
00900300,OLEAN BUSINESS INSTITUTE INC            ,NY,14760-2691,Proprietary  ,5,9,14,36,66,102
00902900,NEIGHBORHOOD PLAYHOUSE                  ,NY,10022-5017,Private      ,1,1,2,21,23,44
00904300,ELMIRA BUSINESS INSTITUTE               ,NY,14901-2731,Proprietary  ,16,96,112,112,635,747
00907700,UTICA SCHOOL OF COMMERCE                ,NY,13501-2280,Proprietary  ,11,51,62,149,353,502
00924800,SAMARITAN HOSPITAL SCH NURSING          ,NY,12180-2475,Private      ,1,5,6,47,161,208
00928300,MIDWAY-PARIS BEAUTY SCHOOL              ,NY,11385-3453,Proprietary  ,7,21,28,22,69,91
00928400,LEARNING INST FOR BEAUTY SCIENCES       ,NY,11756-1345,Proprietary  ,27,73,100,78,232,310
00933500,MESIVTA EASTERN PKWY RABBINICAL CLG     ,NY,11218-5559,Private      ,8,2,10,20,6,26
00947900,SAINT VINCENTS CMC SI NURSING SCHOOL    ,NY,10304-3850,Private      ,3,14,17,50,121,171
00976900,METROPOLITAN COLLEGE OF NEW YORK        ,NY,10013-1919,Private      ,20,157,177,149,1417,1566
00992900,SUNY COLLEGE OF OPTOMETRY               ,NY,10036-8003,Public       ,1,5,6,17,333,350
01005100,LA GUARDIA CMTY COLLEGE - CUNY          ,NY,11101-3083,Public       ,556,639,1195,7863,5999,13862
01005200,JEFFERSON-LEWIS BOCES PRAC NRSGPRG      ,NY,13601-9509,Public       ,2,22,24,16,92,108
01009700,CUNY-MEDGAR W EVERS COLLEGE             ,NY,11225-2010,Public       ,215,421,636,3544,4300,7844
01014200,TOURO COLLEGE                           ,NY,10010-4202,Private      ,271,791,1062,2808,10422,13230
01014700,WESTERN SUFFOLK BOCES                   ,NY,11768-3499,Public       ,6,32,38,53,257,310
01015300,HELENE FULD COL OF NRSNG/N GEN HOSP     ,NY,10035-0000,Private      ,5,114,119,28,383,411
01028600,EMPIRE STATE COLLEGE                    ,NY,12866-4391,Public       ,97,1095,1192,677,9862,10539
01037800,RABBINICAL COLLEGE OF LONG ISLAND       ,NY,11561-3244,Private      ,12,0,12,32,0,32
01054900,KEHILATH YAKOV RABBINICAL SEMINARY      ,NY,10562-1001,Private      ,22,2,24,22,3,25
01055100,NEW YORK SCH MED & DENTAL ASSISTANT     ,NY,11101-2327,Proprietary  ,23,62,85,173,329,502
01064100,SOUTHERN WESTCHESTER BOCES              ,NY,10543-0000,Public       ,0,9,9,10,120,130
01068400,ERIE COMMUNITY COLLEGE-ALL CAMPUSES     ,NY,14203-2698,Public       ,521,821,1342,7373,6096,13469
01081300,AMERICAN ACAD MCALLISTER INST           ,NY,10019-3604,Private      ,8,39,47,68,249,317
01083700,SIMMONS INST OF FUNERAL SERVICE         ,NY,13207-2098,Proprietary  ,0,2,2,26,26,52
01093000,SUBURBAN TECHNICAL SCHOOL               ,NY,11550-3771,Proprietary  ,22,110,132,80,354,434
01094300,RABBINICAL COLLEGE BETH SHRAGA          ,NY,10952-3033,Private      ,1,0,1,6,0,6
01095200,PNW BOCES LPN PROGRAM                   ,NY,10598-0000,Public       ,0,7,7,8,81,89
01103100,TECHNICAL CAREER INSTITUTE              ,NY,10001-2789,Proprietary  ,321,562,883,2313,4173,6486
01118900,UNITED TALMUDICAL SEMINARY              ,NY,11211-7984,Private      ,399,172,571,450,172,622
01161400,CHAMPLAIN VALLEY HOSP SCH RAD TECH      ,NY,12901-1490,Private      ,0,0,0,18,8,26
01161700,NEW YORK METHODIST HOSPITAL             ,NY,11229-9023,Private      ,2,13,15,30,80,110
01164700,SBI CAMPUS - AN AFFILIATE OF SANFORD-BRO,NY,11747-3785,Proprietary  ,52,95,147,377,543,920
01167000,YESHIVA OF NITRA RABBINICAL COLLEGE     ,NY,11211-7108,Private      ,5,1,6,5,1,6
01167700,MEMORIAL SLOAN KETTERING CANCER CTR     ,NY,10021-6094,Private      ,0,0,0,1,13,14
01167800,SUNY INST OF TECHNOLOGY UTICA ROME      ,NY,13504-3050,Public       ,30,88,118,1577,1036,2613
01182100,YESHIVATH ZICHRON MOSHE                 ,NY,12779-0580,Private      ,24,1,25,53,1,54
01183000,BERK TRADE AND BUSINESS SCHOOL          ,NY,11101-0000,Proprietary  ,11,28,39,36,75,111
01185900,WORD OF LIFE BIBLE INSTITUTE            ,NY,12860-0129,Private      ,17,4,21,500,70,570
01186000,MERCY MED CNTR SCHL OF RADIOGRAPHY      ,NY,11570-1098,Private      ,1,1,2,1,4,5
01192100,WESTCHESTER SCH OF BEAUTY CULTURE       ,NY,10550-2295,Proprietary  ,2,7,9,12,47,59
01198400,OHR HAMEIR THEOLOGICAL SEMINARY         ,NY,10566-0990,Private      ,46,0,46,46,2,48
01201100,TALMUDICAL SEM OHOLEI TORAH             ,NY,11213-3310,Private      ,66,0,66,122,0,122
01207200,PHILLIPS HAIRSTYLING INSTITUTE          ,NY,13210-1509,Proprietary  ,9,24,33,31,102,133
01210700,INSTITUTE OF DESIGN & CONSTRUCTION      ,NY,11201-5380,Private      ,5,19,24,30,93,123
01220300,MEMORIAL HOSPITAL SCH OF NURSING        ,NY,12204-1083,Private      ,0,10,10,41,117,158
01227700,NEW YORK CHIROPRACTIC COLLEGE           ,NY,13148-0800,Private      ,0,35,35,13,720,733
01229300,VEEB NASSAU CNTY SCHL OF PRACT NURS     ,NY,11553-3037,Public       ,1,7,8,40,198,238
01235800,PLAZA COLLEGE                           ,NY,11372-6300,Proprietary  ,128,166,294,513,951,1464
01236400,SAINT VINCENTS CATHOLIC MEDICAL CENTERS ,NY,11365-1535,Private      ,6,28,34,44,148,192
01240700,SCHUYLER-CHEMUNG-TIOGA BOCES            ,NY,14903-1089,Public       ,4,0,4,24,125,149
01240701,STEUBEN SCHUYLER CHEMUNG TIOGA ALLEGANY ,NY,14870-9518,Public       ,0,0,0,1,2,3
01256100,FIVE TOWNS COLLEGE                      ,NY,11746-5871,Proprietary  ,72,23,95,1380,251,1631
01258900,ERIE 1 BOCES                            ,NY,14224-0000,Public       ,4,26,30,46,206,252
01265200,ONONDAGA CORTLAND MADISON BOCES         ,NY,13090-4500,Public       ,29,102,131,148,503,651
01278300,OSWEGO COUNTY BOCES ADULT CAREERS       ,NY,13114-4498,Public       ,2,12,14,30,81,111
01292700,CENTRAL TECH NURSING PROGRAM            ,NY,13202-3092,Public       ,0,18,18,16,77,93
01302600,MACHZIKEI HADATH RABBINICAL COLLEGE     ,NY,11204-1805,Private      ,12,0,12,12,1,13
01302700,YESHIVATH VIZNITZ                       ,NY,10952-3021,Private      ,0,1,1,0,1,1
01302900,BORICUA COLLEGE                         ,NY,10032-1599,Private      ,34,98,132,325,1090,1415
02056400,CAPRI COSMETOLOGY LEARNING CENTER       ,NY,10954-0000,Proprietary  ,19,23,42,69,104,173
02066200,THE NEW SCHOOL                          ,NY,10011-0000,Private      ,207,415,622,4837,5157,9994
02069000,NEW YORK SCHOOL OF INTERIOR DESIGN      ,NY,10021-0000,Private      ,11,42,53,157,254,411
02075700,BRIARCLIFFE COLLEGE                     ,NY,11714-0000,Proprietary  ,56,59,115,1052,657,1709
02075702,BRIARCLIFFE COLLEGE - PATCHOGUE         ,NY,11772-3019,Proprietary  ,39,41,80,694,477,1171
02092400,RIDLEY-LOWELL SCHOOL OF BUSINESS        ,NY,13905-0000,Proprietary  ,11,58,69,38,187,225
02093700,LONG ISLAND BUSINESS INSTITUTE          ,NY,11725-0000,Proprietary  ,101,223,324,413,1171,1584
02098400,HERKIMER COUNTY BOCES                   ,NY,13350-0000,Public       ,0,4,4,42,87,129
02104300,OTSEGO AREA SCHOOL OF PRAC NURSING      ,NY,13820-0000,Public       ,2,0,2,10,31,41
02105900,HAIR DESIGN INSTITUTE AT FIFTH AVE      ,NY,11220-0000,Proprietary  ,4,13,17,18,56,74
02106800,BRAMSON ORT COLLEGE                     ,NY,11375-0000,Private      ,137,155,292,339,505,844
02110900,CATTARAUGUS/ALLEGANY BOCES              ,NY,14760-0000,Public       ,0,1,1,26,102,128
02116011,SANFORD-BROWN INSTITUTE - NEW YORK      ,NY,10003-2103,Proprietary  ,119,337,456,551,1628,2179
02118700,LONG ISLAND COLLEGE HOSPITAL - SCHOOL OF,NY,11201-6001,Private      ,2,21,23,117,286,403
02118702,LONG ISLAND COLLEGE HOSPITAL - SCHOOL OF,NY,11201-6001,Private      ,2,6,8,49,40,89
02124000,ORANGE ULSTER BOCES SCH OF PRAC NRS     ,NY,10924-9401,Public       ,0,3,3,18,98,116
02125500,CIRCLE IN THE SQUARE THEATRE SCHOOL     ,NY,10019-0000,Private      ,4,1,5,51,59,110
02126300,MADISON-ONEIDA BOCES PRAC NRS           ,NY,13478-0000,Public       ,5,22,27,24,144,168
02138500,BOCES RENSSELAER SCH OF PRAC NRSG       ,NY,12033-3221,Public       ,0,5,5,12,74,86
02145800,CAYUGA ONONDAGA BOCES                   ,NY,13021-9430,Public       ,0,1,1,15,60,75
02146000,WAYNE-FINGER LAKES BOCES                ,NY,14513-0000,Public       ,0,1,1,29,146,175
02152000,YESHIVA SHAAR HATORAH ITRI TORAH        ,NY,11418-0000,Private      ,0,0,0,2,0,2
02153600,BROOME-TIOGA BOCES PN PROG              ,NY,13905-0000,Public       ,4,3,7,22,77,99
02157900,ROCHESTER GENERAL HOSPITAL              ,NY,14621-3001,Private      ,1,3,4,17,116,133
02158200,WSHNGTN-SARTGA-WARN-HMLTN-ESX BOCES     ,NY,12839-1051,Public       ,0,2,2,25,118,143
02160100,GENEVA GENERAL HOSPITAL                 ,NY,14456-0000,Private      ,1,4,5,27,68,95
02163400,NEW YORK CAREER INSTITUTE               ,NY,10007-2801,Proprietary  ,20,78,98,186,561,747
02169100,DAVIS COLLEGE                           ,NY,13790-0000,Private      ,5,9,14,188,104,292
02170000,SWEDISH INSTITUTE                       ,NY,10001-0000,Proprietary  ,22,80,102,86,543,629
02170200,ALBANY SCHOHARIE SCHENECTADY            ,NY,12205-0000,Public       ,1,19,20,31,131,162
02171900,AILEY SCHOOL (THE)                      ,NY,10019-4402,Private      ,0,0,0,66,16,82
02172100,HAMILTON-FULTON-MONTGOMERY BOCES        ,NY,12095-0000,Public       ,4,0,4,29,49,78
02172800,DUTCHESS COUNTY BOCES SCH PRAC NURS     ,NY,12601-0000,Public       ,2,28,30,26,130,156
02173200,EMPIRE BEAUTY SCHOOL                    ,NY,10001-0000,Proprietary  ,65,136,201,377,698,1075
02173201,LEARNING INSTITUTES FOR BEAUTY SCIENCES-,NY,11214-4347,Proprietary  ,0,1,1,0,4,4
02173900,ULSTER COUNTY BOCES PRACTICAL NRSG      ,NY,12466-0000,Public       ,8,20,28,25,112,137
02176000,CHERYL FELL'S SCHOOL OF BUSINESS        ,NY,14304-0000,Proprietary  ,1,11,12,9,39,48
02179400,EASTERN SUFFOLK BOCES                   ,NY,11713-0000,Public       ,5,16,21,122,460,582
02182200,NEW SCHOOL OF RADIO & TELEVISION        ,NY,12206-1106,Proprietary  ,2,0,2,24,25,49
02187300,DARKEI NOAM RABBINICAL COLLEGE          ,NY,11210-0000,Private      ,0,0,0,0,1,1
02191600,TORAH TEMIMAH TALMUDICAL SEMINARY       ,NY,11218-0000,Private      ,18,0,18,23,0,23
02192500,BELLEVUE HOSP CTR SCH RAD TECH          ,NY,10016-0000,Public       ,0,3,3,5,29,34
02193700,SAINT LAWRENCE LEWIS COUNTY BOCES       ,NY,13617-0000,Public       ,1,0,1,67,23,90
02193701,SAINT LAWRENCE LEWIS COUNTY BOCES - NORT,NY,13669-0798,Public       ,1,0,1,2,2,4
02193702,SAINT LAWRENCE LEWIS COUNTY BOCES - SOUT,NY,13642-0342,Public       ,0,0,0,2,1,3
02193703,SAINT LAWRENCE LEWIS COUNTY BOCES - ADUL,NY,13668-3238,Public       ,0,0,0,1,4,5
02199300,ORLEANS-NIAGARA BOCES                   ,NY,14132-0000,Public       ,2,12,14,12,58,70
02206000,HUNTER BUSINESS SCHOOL                  ,NY,11756-0000,Proprietary  ,30,141,171,121,506,627
02206001,HUNTER BUSINESS SCHOOL -                ,NY,11763-0000,Proprietary  ,1,0,1,22,6,28
02217800,D.HOPFER SCH NURSING AT MT.VRN HOSP     ,NY,10550-0000,Private      ,1,34,35,14,257,271
02219500,MILDRED ELLEY                           ,NY,12206-1513,Proprietary  ,46,177,223,230,915,1145
02235600,ERIE 2-CHAUTAUQUA-CATTARAUGUS BOCES     ,NY,14006-0000,Public       ,8,24,32,23,129,152
02265100,YESHIVA DERECH CHAIM                    ,NY,11218-0000,Private      ,12,2,14,14,7,21
02265200,GLOBAL BUSINESS INSTITUTE               ,NY,11691-0000,Private      ,74,166,240,325,774,1099
02272900,ROCKLAND COUNTY BOCES PRAC NRSG SCH     ,NY,10994-0000,Public       ,0,2,2,18,75,93
02275900,"MODERN WELDING SCHOOL, INC.             ",NY,12304-0000,Proprietary  ,16,36,52,57,83,140
02287800,NATIONAL TRACTOR TRAILER SCHOOL         ,NY,13088-2505,Proprietary  ,8,132,140,22,321,343
02294900,INSTITUTE OF AUDIO RESEARCH             ,NY,10003-0000,Proprietary  ,118,87,205,420,366,786
02306500,PROFESSIONAL BUSINESS INSTITUTE         ,NY,10002-0000,Private      ,88,120,208,458,692,1150
02314200,NORTHERN WESTCHESTER SCH COSMETOL       ,NY,10566-0000,Proprietary  ,2,5,7,11,24,35
02320100,OHR SOMAYACH TANENBAUM EDUCATIONAL CENTE,NY,10952-0000,Private      ,0,0,0,3,0,3
02325600,NEW YORK INSTITUTE OF ENGLISH & BUS     ,NY,10001-0000,Private      ,6,44,50,71,279,350
02350600,YESHIVA AND KOLLEL HARBOTZAS TORAH      ,NY,11230-0000,Private      ,0,9,9,0,13,13
02454300,NEW YORK UNIVERSITY SCHOOL OF MEDICINE  ,NY,10016-6497,Private      ,20,21,41,215,1230,1445
02491400,SPANISH AMERICAN INSTITUTE              ,NY,10036-0000,Private      ,1,2,3,4,15,19
02505800,YESHIVA KARLIN STOLIN RAB INSTITUTE     ,NY,11204-0000,Private      ,6,17,23,6,17,23
02505900,SH-OR YOSHUV RABBINICAL COLLEGE         ,NY,11691-0000,Private      ,0,0,0,19,11,30
02506000,ASSOCIATED BETH RIVKAH SCHOOLS          ,NY,11225-0000,Private      ,23,4,27,58,6,64
02506100,CITY UNIV OF NEW YORK-CENTRAL           ,NY,10021-0000,Public       ,13,34,47,521,315,836
02506200,MERCE CUNNINGHAM STUDIO                 ,NY,10014-0000,Private      ,1,4,5,1,5,6
02506800,YESHIVAT MIKDASH MELECH                 ,NY,11230-0000,Private      ,1,2,3,10,2,12
02511500,JOFFREY BALLET SCHOOL                   ,NY,10011-0000,Proprietary  ,0,0,0,40,4,44
02513500,MAR JON SCHOOL OF BEAUTY CULTURE        ,NY,14150-0000,Proprietary  ,0,11,11,17,51,68
02525600,ART INSTITUTE OF NEW YORK CITY(THE)     ,NY,10013-1917,Proprietary  ,184,121,305,1855,1076,2931
02540800,"GLOBE INSTITUTE OF TECHNOLOGY, INC.     ",NY,10007-0000,Proprietary  ,52,47,99,358,409,767
02546000,TRI-STATE COLLEGE OF ACUPUNCTURE        ,NY,10011-0000,Proprietary  ,0,6,6,4,148,152
02546300,YESHIVA OF THE TELSHE ALUMNI            ,NY,10471-0000,Private      ,0,0,0,1,0,1
02550600,TALMUDICAL INST OF UPSTATE NY           ,NY,14607-0000,Private      ,1,1,2,2,2,4
02556700,SEMINAR L'MOROS BAIS YAAKOV             ,NY,11219-0000,Private      ,233,1,234,239,1,240
02572900,BUSINESS INFORMATICS CENTER             ,NY,11580-0000,Proprietary  ,14,23,37,44,96,140
02575400,FRENCH CULINARY INSTITUTE               ,NY,10013-2618,Proprietary  ,30,95,125,224,474,698
02587600,ORLO SCH HAIR DESIGN & COSMETOLOGY      ,NY,12206-1723,Proprietary  ,19,20,39,84,81,165
02599400,NEW YORK COLLEGE OF HEALTH PROFESSIONS  ,NY,11791-4413,Private      ,15,59,74,179,666,845
02600100,NEW YORK ACADEMY OF ART (THE)           ,NY,10013-2911,Private      ,2,5,7,59,135,194
02614900,SANFORD-BROWN INSTITUTE                 ,NY,10604-2910,Proprietary  ,31,77,108,166,514,680
02615001,SANFORD-BROWN INSTITUTE - GARDEN CITY   ,NY,11530-4734,Proprietary  ,1,6,7,15,31,46
02616600,SHEAR EGO INTL SCH OF HAIR DESIGN       ,NY,14617-3501,Proprietary  ,16,38,54,47,88,135
02617000,CONTINENTAL SCH OF BEAUTY CULTURE       ,NY,14020-1908,Proprietary  ,8,42,50,53,112,165
02617001,CONTINENTAL SCHOOL OF BEAUTY CULTURE - O,NY,14760-2618,Proprietary  ,0,0,0,1,4,5
02622900,BAIS MEDRASH ELYON                      ,NY,10952-3013,Private      ,6,0,6,10,1,11
03000100,YESHIVA GEDOLAH IMREI YOSEF DSPINKA     ,NY,11219-4696,Private      ,2,63,65,2,64,66
03007200,DANCE THEATRE OF HARLEM                 ,NY,10031-0000,Private      ,4,0,4,16,1,17
03027701,PACIFIC COLLEGE OF ORIENTAL MEDICINE - N,NY,10010-7108,Proprietary  ,2,55,57,10,300,310
03081600,DELAWARE CHENANGO MADISON OT. BOCES     ,NY,13815-9554,Public       ,2,14,16,10,49,59
03088500,NEW YORK INTERNATIONAL BEAUTY SCH       ,NY,10019-0000,Proprietary  ,15,29,44,50,148,198
03089700,COMPUTER CAREER CENTER                  ,NY,11530-3334,Proprietary  ,89,396,485,289,1203,1492
03095500,ASA INST BUSINESS & COMPUTER TECH       ,NY,11201-5208,Proprietary  ,366,709,1075,1246,3590,4836
03096200,CHARLES STUART SCHOOL                   ,NY,11229-2004,Proprietary  ,1,8,9,9,35,44
03097801,CARSTEN INSTITUTE                       ,NY,10003-1901,Proprietary  ,3,4,7,5,12,17
03099100,SUNBRIDGE COLLEGE                       ,NY,10977-0000,Private      ,0,0,0,2,50,52
03103700,ADIRONDACK BEAUTY SCHOOL                ,NY,12801-3158,Proprietary  ,4,3,7,20,23,43
03104900,SULLIVAN COUNTY BOCES                   ,NY,12754-2116,Public       ,3,1,4,19,49,68
03111100,NEW YORK PARALEGAL SCHOOL               ,NY,10007-1901,Proprietary  ,4,8,12,17,43,60
03115300,GENESEE VALLEY BOCES                    ,NY,14020-1099,Public       ,3,36,39,21,125,146
03120700,NEW YORK CONSERVATORY FOR DRAMATIC ARTS ,NY,10011-4225,Proprietary  ,19,5,24,376,89,465
03127100,YESHIVAS NOVOMINSK                      ,NY,11219-0000,Private      ,6,0,6,8,1,9
03129200,RABBINICAL CLG OHR SHIMAR YISROEL       ,NY,11211-8102,Private      ,44,31,75,44,31,75
03169300,STUDIO JEWELERS                         ,NY,10016-4112,Proprietary  ,0,2,2,1,11,12
03172400,CALIBER TRAINING INSTITUTE              ,NY,10018-6504,Proprietary  ,0,0,0,21,66,87
03181400,MERKAZ BNOS                             ,NY,11204-0000,Private      ,4,57,61,13,214,227
03191300,CUNY SCHOOL OF LAW @ QUEENS COLLEGE     ,NY,11367-0000,Public       ,10,17,27,176,1124,1300
03193300,MANHATTAN SCHOOL OF COMPUTER TECH       ,NY,11230-1617,Private      ,11,107,118,47,252,299
03203300,NEW YORK INSTITUTE OF MASSAGE           ,NY,14221-6021,Proprietary  ,9,24,33,52,129,181
03216300,UNIFICATION THEOLOGICAL SEMINARY        ,NY,12507-5021,Private      ,0,2,2,1,14,15
03315300,HARLEM SCHOOL OF TECHNOLOGY             ,NY,10027-4426,Proprietary  ,4,29,33,11,42,53
03328300,FRANKLIN CAREER INSTITUTE               ,NY,11550-3003,Private      ,54,109,163,229,490,719
03342400,AMERICAN BARBER INSTITUTE               ,NY,10001-5271,Proprietary  ,17,40,57,54,129,183
03358300,ALLEN SCHOOL                            ,NY,11432-4901,Proprietary  ,68,301,369,282,1164,1446
03361500,WILLSEY INSTITUTE                       ,NY,10301-1989,Proprietary  ,3,21,24,16,68,84
03380300,CULINARY ACADEMY OF LONG ISLAND         ,NY,11791-5311,Proprietary  ,13,62,75,89,192,281
03419400,NORTHEASTERN SEMINARY                   ,NY,14624-1997,Private      ,0,11,11,2,97,99
03426400,ANTHEM INSTITUTE                        ,NY,10018-0000,Proprietary  ,75,123,198,432,624,1056
03433500,LIA SCHORR INSTITUTE OF COSMETIC SK     ,NY,10022-2614,Proprietary  ,0,12,12,4,53,57
03443300,NEW YORK COLLEGE OF TRADITIONAL CHINESE ,NY,11501-0000,Private      ,1,9,10,1,56,57
03537300,NEW YORK AUTOMOTIVE & DIESEL INSTIT     ,NY,11101-0000,Proprietary  ,48,71,119,138,198,336
03568300,LEON STUDIO ONE SCHOOL OF HAIR DESI     ,NY,14221-5323,Proprietary  ,13,19,32,45,68,113
03651300,SAINT JOSEPH'S MEDICAL CENTER SCHOO     ,NY,10701-4080,Private      ,2,7,9,11,15,26
03652300,METROPOLITAN LEARNING INSTITUTE         ,NY,11375-0000,Private      ,4,179,183,17,531,548
03691300,USA BEAUTY SCHOOL INTERNATIONAL         ,NY,10013-3530,Proprietary  ,10,98,108,25,350,375
03713300,BEIS MEDRASH HEICHAL DOVID              ,NY,11691-4433,Private      ,0,0,0,2,1,3
03773300,CENTER FOR NATURAL WELLNESS SCHOOL OF MA,NY,12205-1601,Proprietary  ,7,18,25,24,103,127
03802300,UTA MESIVTA OF KIRYAS JOEL              ,NY,10950-2169,Private      ,178,106,284,178,106,284
03809400,MICROPOWER CAREER INSTITUTE             ,NY,10001-2812,Proprietary  ,4,49,53,8,95,103
03819400,HUDSON VALLEY SCHOOL OF ADVANCED AESTHET,NY,12561-1401,Proprietary  ,1,6,7,19,21,40
03839300,AVEDA INSTITUTE NEW YORK                ,NY,10013-1522,Proprietary  ,13,36,49,90,171,261
03881300,UNION GRADUATE COLLEGE                  ,NY,12308-3103,Private      ,1,17,18,29,162,191
03903400,AMERICAN BEAUTY SCHOOL                  ,NY,10462-8003,Proprietary  ,13,80,93,54,223,277
03941400,ELITE ACADEMY OF BEAUTY ARTS            ,NY,11223-1630,Proprietary  ,7,17,24,19,81,100
03983300,"SCHOOL OF PROFESSIONAL HORTICULTURE, AT ",NY,10458-5126,Private      ,0,4,4,0,11,11
04043300,ACE COMPUTER TRAINING CENTER            ,NY,11375-5337,Proprietary  ,2,8,10,8,33,41
04095300,KING'S COLLEGE (THE)                    ,NY,10018-0110,Private      ,11,1,12,290,20,310
04102300,NEW AGE TRAINING                        ,NY,10018-0000,Proprietary  ,4,18,22,11,56,67
04115500,TALMUDICAL SEMINARY OF BOBOV            ,NY,11219-3826,Private      ,12,0,12,12,1,13
04117700,"MONROE 2-ORLEANS BOCES, CENTER FOR WORK ",NY,14624-1119,Public       ,5,10,15,11,29,40
04123200,INSTITUTE OF ALLIED MEDICAL PROFESSIONS ,NY,11373-5541,Private      ,39,161,200,91,466,557
04123300,HUDSON VALLEY SCHOOL OF MASSAGE THERAPY ,NY,12528-1426,Proprietary  ,2,4,6,9,30,39
04125600,CAREER SCHOOL OF NY                     ,NY,10301-2416,Private      ,8,12,20,22,24,46
04134000,"JOHN PAUL'S HAIR, NAIL & SKIN CARE INSTI",NY,12020-1245,Proprietary  ,0,1,1,0,1,1
04137700,ANN MARIE'S WORLD OF BEAUTY SCHOOL      ,NY,13901-2308,Proprietary  ,2,4,6,2,4,6
00267808,BRYANT & STRATTON COLLEGE - PARMA       ,OH,44130-0000,Proprietary  ,56,329,385,584,2882,3466
00301000,ANTIOCH UNIVERSITY                      ,OH,45387-1608,Private      ,4,27,31,108,69,177
00301001,ANTIOCH UNIVERSITY MCGREGOR             ,OH,45387-0000,Private      ,0,52,52,12,673,685
00301010,ANTIOCH UNIVERSITY                      ,OH,45387-0000,Private      ,0,0,0,13,115,128
00301100,ART ACADEMY OF CINCINNATI               ,OH,45202-7106,Private      ,7,5,12,260,68,328
00301200,ASHLAND UNIVERSITY                      ,OH,44805-3799,Private      ,48,320,368,3231,2796,6027
00301300,ATHENAEUM OF OHIO                       ,OH,45230-2000,Private      ,0,1,1,2,7,9
00301400,BALDWIN-WALLACE COLLEGE                 ,OH,44017-2088,Private      ,60,114,174,4269,1376,5645
00301600,BLUFFTON UNIVERSITY                     ,OH,45817-2104,Private      ,16,17,33,1385,317,1702
00301800,BOWLING GREEN STATE UNIVERSITY          ,OH,43403-0001,Public       ,331,394,725,16186,5103,21289
00302300,CAPITAL UNIVERSITY                      ,OH,43209-2394,Private      ,78,127,205,3663,2467,6130
00302400,CASE WESTERN RESERVE UNIV               ,OH,44106-0000,Private      ,44,41,85,5965,940,6905
00302401,CASE WESTERN RESERVE UNIV - MED         ,OH,44106-0000,Private      ,1,9,10,43,1050,1093
00302402,CASE WESTERN RESERVE UNIV - DENTAL      ,OH,44106-0000,Private      ,0,3,3,15,295,310
00302403,CASE WESTERN RESERVE UNIV - LAW         ,OH,44106-0000,Private      ,0,7,7,8,1301,1309
00302404,CASE WESTERN RESERVE UNIV - UG          ,OH,44106-0000,Private      ,4,2,6,511,60,571
00302405,CASE WESTERN RESERVE UNIV - MSASS       ,OH,44106-0000,Private      ,0,9,9,6,423,429
00302406,CASE WESTERN RESERVE UNIV - NURS UG     ,OH,44106-0000,Private      ,1,4,5,209,122,331
00302407,CASE WESTERN RESERVE UNIV - WSOM        ,OH,44106-0000,Private      ,1,15,16,15,289,304
00302408,CASE WESTERN RESERVE UNIV -A&S GRAD     ,OH,44106-0000,Private      ,0,9,9,12,319,331
00302409,CASE WESTERN RESERVE UNIV -ENG GRAD     ,OH,44106-0000,Private      ,0,4,4,21,91,112
00302410,CASE WESTERN RESERVE UNIV -NURS GRD     ,OH,44106-0000,Private      ,1,14,15,6,307,313
00302500,CEDARVILLE UNIVERSITY                   ,OH,45314-8564,Private      ,65,12,77,3575,183,3758
00302600,CENTRAL STATE UNIVERSITY                ,OH,45384-1004,Public       ,114,78,192,3471,1185,4656
00302900,CINCINNATI CHRISTIAN UNIVERSITY         ,OH,45204-3200,Private      ,23,49,72,528,551,1079
00303000,OHIO CHRISTIAN UNIVERSITY               ,OH,43113-9487,Private      ,22,107,129,353,727,1080
00303100,CLEVELAND INSTITUTE OF MUSIC            ,OH,44106-1776,Private      ,3,4,7,441,333,774
00303200,CLEVELAND STATE UNIVERSITY              ,OH,44115-2214,Public       ,256,887,1143,7037,12096,19133
00303300,COLLEGE OF MT ST JOSEPH                 ,OH,45233-1670,Private      ,16,81,97,1536,998,2534
00303500,OHIO DOMINICAN UNIVERSITY               ,OH,43219-2099,Private      ,52,283,335,2401,2275,4676
00303600,FRANCISCAN UNIV OF STEUBENVILLE         ,OH,43952-1763,Private      ,41,49,90,2130,648,2778
00303700,COLLEGE OF WOOSTER                      ,OH,44691-2363,Private      ,27,1,28,2842,56,2898
00303900,COLUMBUS COLLEGE OF ART AND DESIGN      ,OH,43215-1758,Private      ,42,39,81,1722,372,2094
00304000,CUYAHOGA COMMUNITY COLLEGE              ,OH,44115-2878,Public       ,619,2515,3134,5697,15925,21622
00304001,CUYAHOGA COMMUNITY CLG-EASTERN CAM      ,OH,44122-6195,Public       ,32,113,145,514,1038,1552
00304002,CUYAHOGA COMMUNITY CLG-METRO CAMPUS     ,OH,44115-0000,Public       ,61,317,378,832,2095,2927
00304003,CUYAHOGA COMMUNITY CLG-WESTERN CMPS     ,OH,44130-0000,Public       ,90,165,255,1310,1384,2694
00304100,"DEFIANCE COLLEGE, THE                   ",OH,43512-1695,Private      ,8,28,36,1194,348,1542
00304200,DENISON UNIVERSITY                      ,OH,43023-1329,Private      ,31,1,32,2751,33,2784
00304300,CHANCELLOR UNIVERSITY                   ,OH,44114-1096,Private      ,10,84,94,51,521,572
00304400,TRINITY LUTHERAN SEMINARY               ,OH,43209-0000,Private      ,0,2,2,0,151,151
00304500,UNIVERSITY OF FINDLAY                   ,OH,45840-3695,Private      ,53,108,161,3107,1341,4448
00304600,FRANKLIN UNIVERSITY                     ,OH,43215-5399,Private      ,82,770,852,858,7865,8723
00304606,FRANKLIN UNIVERSITY - NORTHWEST         ,OH,43019-5331,Private      ,0,2,2,5,35,40
00304608,FRANKLIN UNIVERSITY - NORTHEAST         ,OH,43081-1111,Private      ,1,2,3,11,39,50
00304700,HEBREW UNION COLLEGE MAIN CAMPUS        ,OH,45220-0000,Private      ,0,0,0,0,114,114
00304800,HEIDELBERG UNIVERSITY                   ,OH,44883-2462,Private      ,24,28,52,1911,306,2217
00304900,HIRAM COLLEGE                           ,OH,44234-1808,Private      ,11,21,32,1697,290,1987
00305000,JOHN CARROLL UNIVERSITY                 ,OH,44118-4581,Private      ,45,67,112,4079,871,4950
00305100,KENT STATE UNIV - KENT CAMPUS           ,OH,44242-0001,Public       ,391,610,1001,18126,8546,26672
00305101,KENT STATE UNIV - GEAUGA CAMPUS         ,OH,44021-0000,Public       ,21,44,65,316,421,737
00305102,KENT STATE UNIV - STARK CAMPUS          ,OH,44720-0000,Public       ,87,164,251,1995,1839,3834
00305103,KENT STATE UNIV - TUSCARAWAS CAMPUS     ,OH,44663-0000,Public       ,35,111,146,854,1070,1924
00305104,KENT STATE UNIV - TRUMBULL CAMPUS       ,OH,44483-0000,Public       ,44,143,187,811,1283,2094
00305105,KENT STATE UNIV - ASHTABULA CAMPUS      ,OH,44004-0000,Public       ,35,155,190,667,1178,1845
00305106,KENT STATE UNIV -E.LIVERPOOL CAMPUS     ,OH,43920-0000,Public       ,14,55,69,349,563,912
00305107,KENT STATE UNIV - SALEM CAMPUS          ,OH,44460-0000,Public       ,25,92,117,653,801,1454
00306500,KENYON COLLEGE                          ,OH,43022-9623,Private      ,24,4,28,2523,37,2560
00306600,LAKE ERIE COLLEGE                       ,OH,44077-3389,Private      ,21,29,50,1146,372,1518
00306800,LORAIN COUNTY COMMUNITY COLLEGE         ,OH,44035-1691,Public       ,229,711,940,3024,5737,8761
00306900,LOURDES COLLEGE                         ,OH,43560-2898,Private      ,42,137,179,678,1713,2391
00307200,MALONE UNIVERSITY                       ,OH,44709-3897,Private      ,26,92,118,2018,1144,3162
00307300,MARIETTA COLLEGE                        ,OH,45750-4033,Private      ,29,13,42,2480,275,2755
00307500,METHODIST THEOLOGICAL SCH IN OHIO       ,OH,43015-0000,Private      ,0,8,8,0,218,218
00307600,MIAMI-JACOBS COLLEGE                    ,OH,45401-0000,Proprietary  ,17,192,209,132,1261,1393
00307602,MIAMI - JACOBS CAREER COLLEGE - SPRINGBO,OH,45066-1115,Proprietary  ,27,84,111,120,573,693
00307603,MIAMI - JACOBS CAREER COLLEGE - TROY    ,OH,45373-3837,Proprietary  ,17,106,123,141,647,788
00307700,MIAMI UNIVERSITY                        ,OH,45056-1831,Public       ,294,373,667,16601,5316,21917
00307800,WRIGHT STATE UNIVERSITY                 ,OH,45435-0002,Public       ,277,597,874,11658,8447,20105
00308300,MOUNT UNION COLLEGE                     ,OH,44601-3993,Private      ,47,6,53,3176,155,3331
00308400,MUSKINGUM COLLEGE                       ,OH,43762-1199,Private      ,21,37,58,2275,527,2802
00308500,NOTRE DAME COLLEGE OF OHIO              ,OH,44121-4293,Private      ,21,105,126,1239,1081,2320
00308600,OBERLIN COLLEGE                         ,OH,44074-1090,Private      ,52,5,57,4588,121,4709
00308800,OHIO COLLEGE OF PODIATRIC MEDICINE      ,OH,44131-7304,Private      ,1,2,3,6,423,429
00308900,OHIO NORTHERN UNIVERSITY                ,OH,45810-1555,Private      ,49,21,70,3976,1194,5170
00309000,OHIO STATE UNIVERSITY-ALL CAMPUSES      ,OH,43210-1358,Public       ,893,1015,1908,42202,23295,65497
00310000,OHIO UNIVERSITY                         ,OH,45701-2979,Public       ,347,303,650,18115,4713,22828
00310002,"OHIO UNIVERSITY, ZANESVILLE CAMPUS      ",OH,43701-0000,Public       ,38,106,144,994,1179,2173
00310003,"OHIO UNIVERSITY, LANCASTER CAMPUS       ",OH,43130-0000,Public       ,56,130,186,898,1050,1948
00310004,"OHIO UNIVERSITY, SOUTHERN CAMPUS        ",OH,45638-0000,Public       ,40,140,180,750,1334,2084
00310005,"OHIO UNIVERSITY, CHILLICOTHE CAMPUS     ",OH,45601-0000,Public       ,63,193,256,822,1536,2358
00310006,"OHIO UNIVERSITY, EASTERN CAMPUS         ",OH,43950-0000,Public       ,3,14,17,426,221,647
00310008,OHIO UNIV COLL OF OSTEOPATHIC MED       ,OH,45701-0000,Public       ,0,1,1,8,463,471
00310900,OHIO WESLEYAN UNIVERSITY                ,OH,43015-2398,Private      ,34,9,43,2713,110,2823
00311000,OTTERBEIN COLLEGE                       ,OH,43081-2006,Private      ,44,78,122,3816,950,4766
00311300,PONTIFICAL COLLEGE JOSEPHINUM           ,OH,43235-1498,Private      ,2,3,5,29,27,56
00311401,FIRELANDS REGIONAL MEDICAL CENTER       ,OH,44870-4788,Private      ,7,6,13,70,122,192
00311500,RABBINICAL COLLEGE OF TELSHE            ,OH,44092-2584,Private      ,5,0,5,6,14,20
00311600,UNIV OF RIO GRANDE                      ,OH,45674-3131,Private      ,41,131,172,1723,1453,3176
00311900,SINCLAIR COMMUNITY COLLEGE              ,OH,45402-1460,Public       ,620,1968,2588,6674,13229,19903
00312100,TIFFIN UNIVERSITY                       ,OH,44883-2161,Private      ,67,202,269,1887,1801,3688
00312200,UNITED THEOLOGICAL SEMINARY             ,OH,45406-0000,Private      ,0,11,11,0,169,169
00312300,UNIVERSITY OF AKRON                     ,OH,44325-6211,Public       ,511,965,1476,17613,12359,29972
00312500,UNIVERSITY OF CINCINNATI                ,OH,45221-0125,Public       ,724,1347,2071,20767,16726,37493
00312504,UNIV OF CINCINNATI-CLG MEDICINE         ,OH,45267-0552,Public       ,5,10,15,113,847,960
00312700,UNIVERSITY OF DAYTON                    ,OH,45469-0002,Private      ,107,208,315,9682,3508,13190
00313100,UNIVERSITY OF TOLEDO                    ,OH,43606-3390,Public       ,362,556,918,15765,7679,23444
00313101,UNIVERSITY OF TOLEDO - HEALTH SCIENCE CA,OH,43614-2598,Public       ,29,44,73,510,1593,2103
00313300,URBANA UNIVERSITY                       ,OH,43078-2091,Private      ,15,49,64,909,537,1446
00313400,URSULINE COLLEGE                        ,OH,44124-4398,Private      ,9,76,85,783,1128,1911
00313500,WALSH UNIVERSITY                        ,OH,44720-3396,Private      ,27,63,90,2412,969,3381
00314100,WILBERFORCE UNIVERSITY                  ,OH,45384-1001,Private      ,30,36,66,1258,548,1806
00314200,WILMINGTON COLLEGE                      ,OH,45177-2499,Private      ,22,44,66,1941,480,2421
00314300,WITTENBERG UNIVERSITY                   ,OH,45501-2199,Private      ,20,13,33,2879,214,3093
00314400,XAVIER UNIVERSITY                       ,OH,45207-1035,Private      ,71,248,319,4894,2639,7533
00314500,YOUNGSTOWN STATE UNIVERSITY             ,OH,44555-0001,Public       ,276,615,891,8578,6613,15191
00398200,CLEVELAND INSTITUTE OF ART              ,OH,44106-1700,Private      ,17,23,40,738,180,918
00406000,WINEBRENNER THEOLOGICAL SEMINARY        ,OH,45840-0000,Private      ,0,8,8,0,63,63
00485200,CLARK STATE COMMUNITY COLLEGE           ,OH,45505-4795,Public       ,115,437,552,1247,3477,4724
00485300,BRADFORD SCHOOL                         ,OH,43219-0000,Proprietary  ,38,51,89,611,472,1083
00485500,DAVIS COLLEGE                           ,OH,43623-4307,Proprietary  ,13,97,110,126,718,844
00486100,UNIVERSITY OF NORTHWESTERN OHIO         ,OH,45805-1498,Private      ,123,136,259,3703,1056,4759
00486600,STAUTZENBERGER COLLEGE                  ,OH,43537-4007,Proprietary  ,49,150,199,352,1225,1577
00510200,SCH OF DIAGNOSTIC IMAGING-CLEVELAND     ,OH,44119-0000,Private      ,0,1,1,7,37,44
00512700,BROWN MACKIE COLLEGE-CINCINNATI         ,OH,45215-1107,Proprietary  ,357,1110,1467,1529,5978,7507
00512728,BROWN MACKIE COLLEGE-CINCINNATI - LANDMA,OH,45215-1231,Proprietary  ,2,11,13,8,43,51
00521000,CLEVELAND INSTITUTE OF ELECTRONICS      ,OH,44114-0000,Proprietary  ,1,48,49,9,212,221
00531300,NORTH CENTRAL STATE COLLEGE             ,OH,44901-0000,Public       ,89,294,383,1157,2392,3549
00575300,OWENS STATE COMMUNITY COLLEGE           ,OH,43699-0000,Public       ,448,1481,1929,5459,10329,15788
00648700,AULTMAN COLLEGE OF NURSING AND HEALTH SC,OH,44710-1799,Private      ,11,27,38,135,282,417
00648900,CHRIST HOSP SCH OF NURSING              ,OH,45219-2989,Private      ,0,0,0,30,30,60
00649400,GOOD SAMARITAN COLG-NURSING/HEALTH      ,OH,45220-2489,Private      ,5,19,24,184,330,514
00649800,MERIDIA HURON SCHOOL OF NURSING         ,OH,44112-4308,Private      ,6,36,42,53,414,467
00650700,TRINIT HEALTH SYSTEM SCH OF NURSING     ,OH,43952-2667,Private      ,0,5,5,49,92,141
00680400,LAKELAND COMMUNITY COLLEGE              ,OH,44094-5198,Public       ,214,598,812,2627,5134,7761
00686700,COLUMBUS STATE COMMUNITY COLLEGE        ,OH,43215-1786,Public       ,1094,2510,3604,10663,19585,30248
00703500,KETTERING COLLEGE OF MEDICAL ARTS       ,OH,45429-1299,Private      ,16,66,82,427,685,1112
00708500,MOUNT VERNON NAZARENE UNIVERSITY        ,OH,43050-9500,Private      ,16,36,52,1618,529,2147
00708501,MOUNT VERNON NAZARENE UNIV - AGS        ,OH,43050-0000,Private      ,2,94,96,44,867,911
00727500,JEFFERSON COMMUNITY COLLEGE             ,OH,43952-3598,Public       ,29,119,148,786,1094,1880
00747300,CHOFFIN CAREER & TECHNICAL CENTER       ,OH,44503-1628,Public       ,4,13,17,44,208,252
00759800,HOCKING TECHNICAL COLLEGE               ,OH,45764-9582,Public       ,180,375,555,3384,3209,6593
00777700,REMINGTON COLLEGE - CLEVELAND CAMPUS    ,OH,44125-1957,Proprietary  ,55,263,318,248,1241,1489
00777704,REMINGTON COLLEGE-CLEVELAND WEST CAMPUS ,OH,44070-3129,Proprietary  ,25,82,107,136,429,565
00812900,ADULT AND COMMUNITY EDUCATION @ HUDSON  ,OH,43211-2017,Public       ,8,49,57,29,351,380
00813200,TOLEDO SCHOOL OF PRACTICAL NURSING      ,OH,43613-5110,Public       ,17,72,89,89,398,487
00813300,ZANE STATE COLLEGE                      ,OH,43701-2626,Public       ,68,251,319,1037,1976,3013
00819400,AKRON SCHOOL OF PRACTICAL NRSG          ,OH,44311-0000,Public       ,1,10,11,52,167,219
00827800,TERRA COMMUNITY COLLEGE                 ,OH,43420-9670,Public       ,76,300,376,718,1563,2281
00867700,NORTHWEST STATE COMMUNITY COLLEGE       ,OH,43502-9542,Public       ,62,287,349,1015,2175,3190
00888600,PORTAGE LAKES CAREER CENTER             ,OH,44232-0000,Public       ,3,12,15,30,124,154
00908800,ITT TECHNICAL INSTITUTE                 ,OH,45414-3456,Proprietary  ,94,300,394,654,1578,2232
00915600,WAYNE COUNTY SCHOOLS CAREER CENTER      ,OH,44677-9672,Public       ,5,42,47,41,213,254
00917200,SPRINGFIELD REGIONAL SCHOOL OF NURSING  ,OH,45501-1228,Private      ,6,20,26,64,184,248
00941200,NATIONAL INSTITUTE OF TECHNOLOGY        ,OH,44221-2998,Proprietary  ,34,104,138,276,673,949
00945101,BROWN MACKIE COLLEGE-NORTH CANTON       ,OH,44720-0000,Proprietary  ,8,26,34,150,890,1040
00953000,GERBER AKRON BEAUTY SCHOOL              ,OH,44333-3714,Proprietary  ,3,17,20,14,88,102
00953100,SPA SCHOOL (THE)                        ,OH,43214-1524,Proprietary  ,4,17,21,21,87,108
00966000,TIFFIN ACADEMY OF HAIR DESIGN           ,OH,44883-2833,Proprietary  ,3,14,17,34,77,111
00983700,ITT TECHNICAL INSTITUTE                 ,OH,44509-4098,Proprietary  ,76,246,322,769,1570,2339
00994100,BELMONT TECHNICAL COLLEGE               ,OH,43950-9766,Public       ,31,142,173,882,1372,2254
00994200,SHAWNEE STATE UNIVERSITY                ,OH,45662-4344,Public       ,101,189,290,3577,1900,5477
01001700,PAYNE THEOLOGICAL SEMINARY              ,OH,45384-0474,Private      ,0,16,16,1,123,124
01002700,JAMES A. RHODES STATE COLLEGE           ,OH,45804-3597,Public       ,93,342,435,1552,2743,4295
01016800,NATIONWIDE BEAUTY ACADEMY               ,OH,43228-1000,Proprietary  ,21,63,84,184,375,559
01028000,OHIO STATE BEAUTY ACADEMY               ,OH,45801-4950,Proprietary  ,14,24,38,90,127,217
01032300,HANNAH E MULLINS SCH-PRAC NRSG          ,OH,44460-2906,Public       ,1,20,21,13,108,121
01034500,CINCINNATI STATE TECH & COMM CLG        ,OH,45223-2690,Public       ,440,938,1378,3949,7414,11363
01045300,WASHINGTON STATE CMTY COLLEGE           ,OH,45750-9225,Public       ,42,185,227,889,1386,2275
01063000,NORTHERN INSTITUTE OF COSMETOLOGY       ,OH,44052-1803,Proprietary  ,5,7,12,12,50,62
01073600,MARION TECHNICAL COLLEGE                ,OH,43302-5694,Public       ,42,225,267,641,1567,2208
01088000,CHATFIELD COLLEGE                       ,OH,45118-9705,Private      ,4,21,25,48,191,239
01088100,STARK STATE COLLEGE OF TECHNOLOGY       ,OH,44720-7299,Public       ,236,819,1055,2968,6616,9584
01090600,CINCINNATI CLG OF MORTUARY SCIENCE      ,OH,45224-1428,Private      ,4,8,12,74,126,200
01092300,UNION INSTITUTE & UNIVERSITY            ,OH,45206-1925,Private      ,6,325,331,40,1901,1941
01096200,MOORE UNIV OF HAIR DESIGN               ,OH,45213-0000,Proprietary  ,2,6,8,4,28,32
01099300,HOBART INSTITUTE OF WELDING TECHNOLOGY  ,OH,45373-2400,Private      ,16,34,50,173,150,323
01100500,KAPLAN COLLEGE                          ,OH,43232-4827,Proprietary  ,39,139,178,200,838,1038
01104600,CENTRAL OHIO TECHNICAL COLLEGE          ,OH,43055-1767,Public       ,119,391,510,1368,4160,5528
01170300,PENTA COUNTY JOINT VOCATIONAL SCH       ,OH,43551-0000,Public       ,0,6,6,24,98,122
01174400,NATIONAL BEAUTY COLLEGE                 ,OH,44720-0000,Proprietary  ,10,19,29,43,117,160
01174500,OHIO TECHNICAL COLLEGE                  ,OH,44103-1228,Proprietary  ,45,81,126,1135,400,1535
01182500,OHIO STATE SCHOOL OF COSMETOLOGY        ,OH,43224-1107,Proprietary  ,6,13,19,44,101,145
01212800,SOUTHWESTERN COLLEGE                    ,OH,45402-3003,Proprietary  ,54,222,276,220,1206,1426
01212802,SOUTHWESTERN COLLEGE                    ,OH,45005-2267,Proprietary  ,15,83,98,55,444,499
01212803,SOUTHWESTERN COLLEGE                    ,OH,45202-4304,Proprietary  ,38,215,253,158,1057,1215
01212804,SOUTHWESTERN COLLEGE                    ,OH,45246-3121,Proprietary  ,40,248,288,248,1528,1776
01216600,CAROUSEL BEAUTY COLLEGE                 ,OH,45402-8935,Proprietary  ,5,32,37,50,156,206
01224800,CENTRAL SCHOOL OF PRACTICAL NURSING     ,OH,44103-4371,Private      ,4,42,46,45,269,314
01267200,CAROUSEL BEAUTY COLLEGE                 ,OH,45044-5113,Proprietary  ,1,5,6,21,34,55
01267400,CAROUSEL OF MIAMI VALLEY BEAUTY CLG     ,OH,45424-2063,Proprietary  ,0,1,1,0,6,6
01275000,EDISON COMMUNITY COLLEGE                ,OH,45356-9239,Public       ,70,282,352,904,1873,2777
01283800,LAURA AND ALVIN SIEGAL COLLEGE OF JUDAIC,OH,44122-7197,Private      ,0,0,0,0,7,7
01284800,MOLER-HOLLYWOOD BEAUTY COLLEGE          ,OH,45202-2577,Proprietary  ,7,23,30,19,110,129
01287000,SOUTHERN STATE COMMUNITY COLLEGE        ,OH,45133-9406,Public       ,59,269,328,892,1978,2870
01289100,ANTONELLI COLLEGE                       ,OH,45202-2592,Proprietary  ,29,51,80,225,650,875
01289600,VIRGINIA MARTI COLLEGE OF ART AND DESIGN,OH,44107-0778,Proprietary  ,19,32,51,228,184,412
01313200,INTERNATIONAL CLG OF BROADCASTING       ,OH,45431-1898,Proprietary  ,4,18,22,60,121,181
02052000,OHIO INST OF PHOTOGRAPHY & TECHNOLOGY   ,OH,45439-1984,Proprietary  ,49,188,237,365,925,1290
02054300,TRUMBULL BUSINESS COLLEGE               ,OH,44484-0000,Proprietary  ,15,65,80,96,432,528
02056800,DAYMAR COLLEGE                          ,OH,45601-1038,Proprietary  ,15,163,178,71,622,693
02056802,DAYMAR COLLEGE - LANCASTER              ,OH,43130-0000,Proprietary  ,0,5,5,5,23,28
02056803,DAYMAR COLLEGE - NEW BOSTON             ,OH,45662-4900,Proprietary  ,1,1,2,2,7,9
02056804,DAYMAR COLLEGE - JACKSON                ,OH,45640-1728,Proprietary  ,0,1,1,3,12,15
02066100,OHIO STATE COLLEGE/BARBER STYLING       ,OH,43213-0000,Proprietary  ,15,59,74,60,209,269
02069500,AKRON INSTITUTE                         ,OH,44306-0000,Proprietary  ,32,155,187,201,998,1199
02073300,GALLIA-JACKSON-VINTON SCH ADULT ED      ,OH,45674-0000,Public       ,4,13,17,44,185,229
02077800,CENTURY SCHOOL OF COSMETOLOGY           ,OH,43952-0000,Proprietary  ,0,0,0,1,2,3
02110700,CLEVELAND INST OF DENTAL-MED ASST       ,OH,44115-2285,Proprietary  ,36,120,156,147,592,739
02116009,SANFORD-BROWN COLLEGE - MIDDLEBURG HEIGH,OH,44130-8362,Proprietary  ,62,235,297,352,1367,1719
02116900,UPPER VALLEY JVS                        ,OH,45356-0000,Public       ,7,53,60,23,251,274
02117300,GREAT OAKS INSTITUTE OF TECHNOLOGY      ,OH,45241-1581,Public       ,25,107,132,194,899,1093
02128600,THE ART INSTITUTE OF CINCINNATI         ,OH,45246-0000,Proprietary  ,23,12,35,231,97,328
02140700,COMMUNITY EDUCATIONAL SERVICES          ,OH,44702-1710,Public       ,0,15,15,26,186,212
02152100,ACADEMY OF COURT REPORTING              ,OH,44115-0000,Proprietary  ,6,49,55,184,1656,1840
02152101,ACADEMY OF COURT REPORTING & TECHNOLOGY ,OH,43215-3902,Proprietary  ,6,42,48,12,69,81
02152102,ACADEMY OF COURT REPORTING - MIAMI-JACOB,OH,44313-3607,Proprietary  ,4,26,30,5,45,50
02152104,ACADEMY OF COURT REPORTING & TECHNOLOGY ,OH,45202-2123,Proprietary  ,6,39,45,8,55,63
02158500,OHIO BUSINESS COLLEGE                   ,OH,44055-0000,Proprietary  ,12,89,101,61,448,509
02158501,OHIO BUSINESS COLLEGE                   ,OH,44870-9953,Proprietary  ,13,63,76,79,350,429
02163900,BEATRICE ACADEMY OF BEAUTY              ,OH,44106-0000,Proprietary  ,0,0,0,14,40,54
02168100,TRI-COUNTY JOINT VOCATIONAL SCHOOL      ,OH,45764-0000,Public       ,2,9,11,19,98,117
02187900,ASHTABULA CO JOINT VOC SCH ADULT ED     ,OH,44047-0000,Public       ,3,17,20,29,180,209
02189000,ADULT CENTER FOR EDUCATION              ,OH,43701-0000,Public       ,8,52,60,53,238,291
02190700,RETS TECH CENTER                        ,OH,45459-0000,Proprietary  ,48,346,394,282,1607,1889
02192100,BUTLER TECHNOLOGY AND CAREER DEVELOPMENT,OH,45011-0000,Public       ,35,119,154,160,526,686
02196300,COLLINS CAREER CENTER                   ,OH,45619-0000,Public       ,16,64,80,176,476,652
02210800,MEDINA COUNTY CAREER CENTER             ,OH,44256-0000,Public       ,2,3,5,30,105,135
02215400,OHIO STATE SCHOOL OF COSMETOLOGY        ,OH,43207-0000,Proprietary  ,4,4,8,44,90,134
02220500,GOD'S BIBLE SCHOOL & COLLEGE            ,OH,45210-0000,Private      ,1,7,8,160,60,220
02220800,CAREER & TECHNOLOGY EDUCATION CENTERS OF,OH,43055-0000,Public       ,3,27,30,24,138,162
02239800,PIONEER CAREER & TECHNOLOGY CENTER      ,OH,44875-0000,Public       ,1,2,3,5,40,45
02245600,WARREN COUNTY CAREER CENTER             ,OH,45036-0000,Public       ,8,20,28,24,113,137
02246300,INSTITUTE OF MEDICAL-DENTAL TECH        ,OH,45246-3317,Proprietary  ,8,45,53,54,163,217
02263700,MIAMI VALLEY CAREER TECHNOLOGY CTR      ,OH,45315-0000,Public       ,10,56,66,70,347,417
02269400,EASTERN HILLS ACAD OF HAIR DESIGN       ,OH,45255-0000,Proprietary  ,4,14,18,24,79,103
02269500,WESTERN HILLS SCHOOL OF BEAUTY & HAIR DE,OH,45211-0000,Proprietary  ,9,69,78,50,299,349
02270100,OHIO HI-POINT CAREER CENTER             ,OH,43311-0000,Public       ,3,19,22,33,175,208
02272700,COLUMBIANA COUNTY CAREER CENTER         ,OH,44432-0000,Public       ,0,28,28,28,192,220
02287900,RAPHAEL'S SCHOOL OF BEAUTY CULTURE      ,OH,44446-0000,Proprietary  ,13,39,52,56,146,202
02289802,KAPLAN COLLEGE                          ,OH,45203-0000,Proprietary  ,22,147,169,41,312,353
02301400,OHIO VALLEY COLLEGE OF TECHNOLOGY       ,OH,43920-0000,Proprietary  ,4,34,38,58,200,258
02303600,BOHECKER'S BUSINESS COLLEGE             ,OH,44266-0000,Proprietary  ,23,90,113,213,616,829
02304700,TRI-RIVERS CAREER CENTER                ,OH,43302-0000,Public       ,0,18,18,31,214,245
02311200,AMERICAN SCHOOL OF TECHNOLOGY           ,OH,43229-0000,Proprietary  ,10,144,154,34,434,468
02315500,TOLEDO ACADEMY OF BEAUTY CULTURE - EAST ,OH,43612-0000,Proprietary  ,5,36,41,38,131,169
02328500,MOLER-PICKENS BEAUTY COLLEGE            ,OH,45014-0000,Proprietary  ,8,20,28,13,39,52
02334300,INTERNATIONAL ACAD OF HAIR DESIGN       ,OH,45239-0000,Proprietary  ,10,6,16,67,52,119
02336300,KNOX COUNTY CAREER CENTER               ,OH,43050-4298,Public       ,0,10,10,39,211,250
02336700,CUYAHOGA VALLEY CAREER CENTER           ,OH,44141-1296,Public       ,1,14,15,42,197,239
02337700,PROFESSIONAL SKILLS INSTITUTE           ,OH,43607-0000,Proprietary  ,6,40,46,99,675,774
02351500,WILLOUGHBY EASTLAKE SCH OF PRAC NSG     ,OH,44094-0000,Public       ,2,21,23,13,126,139
02352800,POLARIS CAREER CENTER-ADULT ED DEPT     ,OH,44130-0000,Public       ,3,14,17,43,179,222
02354200,SCIOTO COUNTY JOINT VOCATIONAL SCH      ,OH,45648-0000,Public       ,5,35,40,69,274,343
02454400,NORTHEASTERN OHIO UNIVS COL OF MED      ,OH,44272-0000,Public       ,2,1,3,94,697,791
02497800,GREENE COUNTY CAREER CENTER             ,OH,45385-0000,Public       ,6,31,37,24,146,170
02512600,ADULT VOCATIONAL SERVICES               ,OH,44308-0000,Public       ,0,3,3,4,42,46
02519300,OHIO STATE SCH COSMETOLOGY              ,OH,43068-0000,Proprietary  ,1,3,4,10,29,39
02522700,EASTLAND-FAIRFIELD CAREER AND TECHNICAL ,OH,43125-0000,Public       ,10,29,39,65,224,289
02528300,TDDS TECHNICAL INSTITUTE                ,OH,44429-0000,Proprietary  ,5,112,117,58,413,471
02529500,HAMRICK SCHOOL                          ,OH,44256-0000,Proprietary  ,9,60,69,21,154,175
02541400,TOLEDO ACADEMY OF BEAUTY CULTURE-SO     ,OH,43614-0000,Proprietary  ,1,42,43,42,163,205
02545800,INNER STATE BEAUTY SCHOOLS              ,OH,44124-0000,Proprietary  ,4,28,32,43,224,267
02553000,SCHOOL OF ADVERTISING ART               ,OH,45440-0000,Proprietary  ,3,0,3,237,25,262
02560000,CASAL AVEDA INSTITUTE                   ,OH,44515-0000,Proprietary  ,27,22,49,99,84,183
02560700,PICKAWAY ROSS CO JOINT VOC TECH SCH     ,OH,45601-0000,Public       ,5,34,39,55,302,357
02562300,APOLLO CAREER CENTER-ADULT EDUC         ,OH,45806-0000,Public       ,8,82,90,70,442,512
02563000,RAPHAELS SCHOOL OF BEAUTY CULTURE       ,OH,44601-2847,Proprietary  ,15,30,45,55,112,167
02568600,MAHONING COUNTY CAREER & TECH CENTR     ,OH,44406-0000,Public       ,2,8,10,11,66,77
02582900,KAPLAN CAREER INSTITUTE                 ,OH,44129-6810,Proprietary  ,46,189,235,182,763,945
02586400,TRUMBULL CAREER & TECH CENTER-ADULT     ,OH,44483-1997,Public       ,3,39,42,54,305,359
02588500,OHIO STATE SCHOOL OF COSMETOLOGY        ,OH,43081-0000,Proprietary  ,2,9,11,62,77,139
02599711,VATTEROTT COLLEGE - CLEVELAND           ,OH,44147-3502,Proprietary  ,13,99,112,47,384,431
02603800,LORAIN COUNTY JVS ADULT CAREER CTR      ,OH,44074-9799,Public       ,4,14,18,26,131,157
02616200,BROWN MACKIE COLLEGE-FINDLAY            ,OH,45840-6848,Proprietary  ,148,584,732,700,2288,2988
02616201,BROWN MACKIE COLLEGE-FINDLAY - ART INSTI,OH,45249-3317,Proprietary  ,0,0,0,27,12,39
02620000,SANDUSKY CAREER CENTER                  ,OH,44870-4786,Public       ,8,19,27,30,173,203
03007900,GALLIPOLIS CAREER COLLEGE               ,OH,45631-2600,Proprietary  ,1,37,38,22,209,231
03015100,ALLIANCE HIGH SCH-CMTY SERVICES DIV     ,OH,44601-2899,Public       ,4,31,35,38,169,207
03015300,EHOVE CAREER CENTER                     ,OH,44846-9500,Public       ,6,33,39,64,325,389
03023700,MADISON ADULT CAREER CENTER             ,OH,44905-2718,Public       ,6,24,30,17,115,132
03024300,VALLEY BEAUTY SCHOOL                    ,OH,43725-2332,Proprietary  ,7,20,27,27,57,84
03027100,FAIRVIEW ACADEMY                        ,OH,44126-2214,Proprietary  ,1,4,5,10,45,55
03034200,WASHINGTON COUNTY CAREER CENTER ADULT TE,OH,45750-9290,Public       ,8,33,41,51,208,259
03051400,AUBURN CAREER CENTER                    ,OH,44077-9723,Public       ,4,19,23,39,177,216
03051500,US GRANT JOINT VOCATIONAL SCHOOL        ,OH,45106-9502,Public       ,0,2,2,1,27,28
03065800,OHIO INSTITUTE OF HEALTH CAREERS        ,OH,44035-2394,Proprietary  ,19,68,87,115,365,480
03065900,BUCKEYE CAREER CENTER                   ,OH,44663-9437,Public       ,0,4,4,56,201,257
03067600,RAPHAEL'S SCHOOL OF BEAUTY CULTURE      ,OH,44512-2222,Proprietary  ,3,11,14,15,52,67
03068200,OHIO CENTER FOR BROADCASTING            ,OH,44125-4220,Proprietary  ,31,99,130,174,442,616
03068202,OHIO CENTER FOR BROADCASTING - COLUMBUS ,OH,43213-2571,Proprietary  ,0,3,3,0,3,3
03071900,MOUNT CARMEL COLLEGE OF NURSING         ,OH,43222-1598,Private      ,21,55,76,566,676,1242
03072303,EVEREST INSTITUTE - COLUMBUS            ,OH,43230-6653,Proprietary  ,42,256,298,133,874,1007
03078000,OHIO CENTER FOR BROADCASTING            ,OH,45227-1509,Proprietary  ,8,20,28,28,87,115
03079000,ETI TECHNICAL COLLEGE                   ,OH,44446-4398,Proprietary  ,5,61,66,93,288,381
03084800,DELAWARE AREA CAREER CENTER             ,OH,43015-8969,Public       ,2,2,4,5,18,23
03084801,DELAWARE AREA CAREER CENTER -           ,OH,43015-9001,Public       ,0,0,0,3,15,18
03095600,VANTAGE CAREER CENTER                   ,OH,45891-1378,Public       ,0,14,14,14,144,158
03097000,MERCY COLLEGE OF NORTHWEST OHIO         ,OH,43604-1132,Private      ,11,56,67,455,691,1146
03100100,PARAMOUNT BEAUTY ACADEMY                ,OH,45662-4136,Proprietary  ,5,16,21,37,78,115
03105400,CLEVELAND EXTENSION HIGH SCH-WEST       ,OH,44102-2298,Public       ,1,36,37,20,187,207
03116200,DAYTON BARBER COLLEGE                   ,OH,45402-2310,Proprietary  ,8,28,36,37,116,153
03116300,OHIO COLLEGE OF MASSOTHERAPY            ,OH,44321-1363,Private      ,9,22,31,69,178,247
03116400,VANGUARD-SENTINELL VOC SCH DISTRICT     ,OH,43420-1197,Public       ,0,2,2,5,35,40
03117000,ASHLAND COUNTY-W HOLMES CAREER CTR      ,OH,44805-0000,Public       ,1,18,19,15,112,127
03319300,CREATIVE IMAGES-A CERTIFIED MATRIX      ,OH,45414-2557,Proprietary  ,8,30,38,57,184,241
03319301,CREATIVE IMAGES-A CERTIFIED MATRIX      ,OH,45459-0000,Proprietary  ,8,17,25,55,142,197
03416400,VALLEY BEAUTY SCHOOL                    ,OH,43701-3624,Proprietary  ,7,7,14,18,42,60
03425300,ROSEDALE BIBLE COLLEGE                  ,OH,43029-9517,Private      ,6,2,8,69,8,77
03457300,ALLEGHENY WESLEYAN COLLEGE              ,OH,44460-9598,Private      ,4,0,4,35,11,46
03468400,NATIONAL INSTITUTE OF MASSOTHERAPY      ,OH,44319-2100,Proprietary  ,1,15,16,19,99,118
03468500,ATS INSTITUTE OF TECHNOLOGY             ,OH,44143-2216,Proprietary  ,7,101,108,48,627,675
03475400,TRI-STATE BIBLE COLLEGE                 ,OH,45680-8402,Private      ,0,3,3,9,17,26
03534400,AMERICAN INST OF ALTERNATIVE MEDICI     ,OH,43229-1113,Proprietary  ,7,26,33,29,183,212
03578300,TRI-STATE COLLEGE                       ,OH,44452-8535,Proprietary  ,2,6,8,21,53,74
03586400,MED CENTRAL COLLEGE OF NURSING          ,OH,44903-2265,Private      ,3,12,15,282,248,530
03626300,BROWN AVEDA INSTITUTE                   ,OH,44060-6212,Proprietary  ,27,40,67,151,188,339
03693300,CARNEGIE INST OF INTEGRATIVE MED/MASSOTH,OH,44260-9608,Private      ,1,18,19,8,77,85
03700300,REGENCY BEAUTY INSTITUTE - CLEVELAND    ,OH,44094-0000,Proprietary  ,5,33,38,41,107,148
03726300,TEMPLE BAPTIST COLLEGE                  ,OH,45240-0000,Private      ,0,3,3,4,16,20
03747300,BEXLEY HALL SEMINARY                    ,OH,43209-2325,Private      ,0,0,0,0,7,7
03776400,HEALING ARTS INSTITUTE                  ,OH,43551-3138,Proprietary  ,0,3,3,17,44,61
03837300,AVEDA FREDRIC'S INSTITUTE               ,OH,45208-1304,Proprietary  ,2,7,9,71,50,121
03882300,OREGON CAREER CENTER                    ,OH,43616-2631,Public       ,3,16,19,5,28,33
04050400,DESIGNER'S BEAUTY ACADEMY               ,OH,43920-0000,Proprietary  ,2,9,11,6,32,38
04074300,HONDROS COLLEGE                         ,OH,43081-3855,Proprietary  ,18,235,253,107,846,953
04116700,NEWLIFE TECHNICAL INSTITUTE             ,OH,43920-2920,Private      ,0,1,1,5,7,12
04117300,DAYTON SCHOOL OF MEDICAL MASSAGE        ,OH,45429-1111,Proprietary  ,28,139,167,190,603,793
04118300,NORTHCOAST MEDICAL TRAINING ACADEMY     ,OH,44240-4174,Proprietary  ,11,42,53,94,172,266
04124500,TECHSKILLS                              ,OH,43231-0000,Proprietary  ,6,70,76,13,175,188
04125700,CUT BEAUTY SCHOOL (THE)                 ,OH,44118-2918,Proprietary  ,4,51,55,24,130,154
04137800,AVEDA INSTITUTE COLUMBUS                ,OH,43201-2333,Proprietary  ,20,30,50,20,30,50
04138000,INSTITUTE OF THERAPEUTIC MASSAGE        ,OH,45875-0350,Proprietary  ,2,15,17,8,45,53
        ,INVALID SCHOOL CODE                     ,  ,00000-0000,,460,1611,2071,6692,9009,15701
00134500,ADAMS STATE COLLEGE                     ,CO,81102-2373,Public       ,59,159,218,2044,1670,3714
00134600,ARAPAHOE COMMUNITY COLLEGE              ,CO,80160-9002,Public       ,185,545,730,1544,3436,4980
00134700,COLORADO COLLEGE                        ,CO,80903-3294,Private      ,58,22,80,2679,261,2940
00134800,COLORADO SCHOOL OF MINES                ,CO,80401-1887,Public       ,86,52,138,3840,687,4527
00134900,UNIVERSITY OF NORTHERN COLORADO         ,CO,80639-0001,Public       ,217,212,429,8317,3282,11599
00135000,COLORADO STATE UNIVERSITY               ,CO,80523-0100,Public       ,547,479,1026,16982,6935,23917
00135200,DENVER  SEMINARY                        ,CO,80120-2192,Private      ,0,43,43,1,577,578
00135300,FORT LEWIS COLLEGE                      ,CO,81301-3999,Public       ,134,103,237,3297,1099,4396
00135400,ILIFF SCHOOL OF THEOLOGY                ,CO,80210-0000,Private      ,0,14,14,1,186,187
00135500,LAMAR COMMUNITY COLLEGE                 ,CO,81052-3999,Public       ,21,38,59,358,351,709
00135800,MESA STATE COLLEGE                      ,CO,81501-7682,Public       ,162,251,413,3627,2339,5966
00135900,COLORADO NORTHWESTERN COMMUNITY COLLEGE ,CO,81648-3598,Public       ,16,29,45,304,262,566
00136000,METROPOLITAN STATE CLG OF DENVER        ,CO,80204-0000,Public       ,588,1359,1947,8740,11438,20178
00136100,NORTHEASTERN JUNIOR COLLEGE             ,CO,80751-2399,Public       ,40,47,87,994,397,1391
00136200,OTERO JUNIOR COLLEGE                    ,CO,81050-3346,Public       ,34,99,133,560,714,1274
00136300,REGIS UNIVERSITY                        ,CO,80221-1099,Private      ,37,755,792,2115,7740,9855
00136500,COLORADO STATE UNIVERSITY-PUEBLO        ,CO,81001-4901,Public       ,122,178,300,3536,2382,5918
00136800,TRINIDAD STATE JR COLLEGE               ,CO,81082-2396,Public       ,58,177,235,611,966,1577
00137000,UNIVERSITY OF COLORADO-BOULDER          ,CO,80309-0077,Public       ,570,367,937,19741,7775,27516
00137100,UNIVERSITY OF DENVER                    ,CO,80208-2000,Private      ,164,426,590,5409,8409,13818
00137200,WESTERN STATE COLLEGE                   ,CO,81231-0000,Public       ,64,30,94,2010,395,2405
00163202,AQUINAS INSTITUTE OF THEOLOGY - AQUINAS ,CO,80903-1498,Private      ,0,0,0,2,6,8
00405702,NATIONAL AMERICAN UNIVERSITY            ,CO,80918-0000,Proprietary  ,3,23,26,20,157,177
00405703,NATIONAL AMERICAN UNIVERSITY            ,CO,80222-0000,Proprietary  ,7,20,27,23,177,200
00450300,EVEREST COLLEGE                         ,CO,80916-3548,Proprietary  ,34,275,309,111,764,875
00450600,COLORADO MOUNTAIN COLLEGE               ,CO,81602-0000,Public       ,72,89,161,1058,691,1749
00450700,EVEREST COLLEGE                         ,CO,80229-4339,Proprietary  ,36,268,304,155,919,1074
00450701,"EVEREST COLLEGE- EVEREST COLLEGE, AURORA",CO,80012-5692,Proprietary  ,33,156,189,110,587,697
00450800,UNIVERSITY OF CO ANSCHUTZ MED CAMPUS    ,CO,80045-0000,Public       ,4,65,69,324,2763,3087
00450824,UNIVERSITY OF COLORADO DENVER - AURARIA ,CO,80217-3364,Public       ,238,783,1021,4953,8236,13189
00450900,UNIV OF COLORADO AT COLO SPRINGS        ,CO,80918-3735,Public       ,174,287,461,4741,3973,8714
00559600,EMILY GRIFFITH OPPORTUNITY SCH          ,CO,80204-2197,Public       ,49,230,279,279,997,1276
00729700,REDSTONE COLLEGE                        ,CO,80020-9988,Proprietary  ,44,105,149,316,561,877
00754700,LINCOLN COLLEGE OF TECHNOLOGY           ,CO,80223-2013,Proprietary  ,152,104,256,830,549,1379
00754800,WESTWOOD COLLEGE - DENVER NORTH         ,CO,80221-3653,Proprietary  ,425,1918,2343,2051,8638,10689
00754801,WESTWOOD COLLEGE - DENVER SOUTH         ,CO,80227-3653,Proprietary  ,55,141,196,266,835,1101
00758200,AIMS COMMUNITY COLLEGE                  ,CO,80632-0000,Public       ,146,388,534,1452,2365,3817
00764900,ROCKY MOUNTAIN COLG OF ART & DESIGN     ,CO,80214-0000,Proprietary  ,20,21,41,662,199,861
00793300,FRONT RANGE COMMUNITY COLLEGE           ,CO,80031-2199,Public       ,505,1118,1623,4385,7398,11783
00863500,INTELLITEC MEDICAL INSTITUTE            ,CO,80909-1570,Proprietary  ,9,79,88,61,324,385
00887100,CONCORDE CAREER INSTITUTE               ,CO,80203-0000,Proprietary  ,41,204,245,201,885,1086
00889600,PIKES PEAK COMMUNITY COLLEGE            ,CO,80906-5498,Public       ,342,1066,1408,3318,7050,10368
00940100,COLORADO CHRISTIAN UNIVERSITY           ,CO,80226-7449,Private      ,46,186,232,1230,1777,3007
00954200,COMMUNITY COLLEGE OF DENVER             ,CO,80217-2026,Public       ,271,838,1109,2702,5450,8152
00954300,RED ROCKS COMMUNITY COLLEGE             ,CO,80228-1255,Public       ,197,502,699,1713,3054,4767
00985500,YESHIVA TORAS CHAIM TALMUDICAL SEM      ,CO,80204-0067,Private      ,0,0,0,1,3,4
00998100,MORGAN COMMUNITY COLLEGE                ,CO,80701-4399,Public       ,10,78,88,232,692,924
01014800,COLORADO TECHNICAL UNIVERSITY           ,CO,80907-3896,Proprietary  ,93,1275,1368,488,6328,6816
01014802,COLORADO TECHNICAL UNIV - DENVER        ,CO,80111-3201,Proprietary  ,25,135,160,152,776,928
01014805,COLORADO TECH UNIV - ON LINE            ,CO,80907-0000,Proprietary  ,325,6334,6659,1430,28634,30064
01014806,COLORADO TECH UNIV - FED EXPRESS        ,CO,80921-3800,Proprietary  ,1,11,12,11,54,65
01014807,COLORADO TECH UNIV - MCI WORLD COM      ,CO,80919-3172,Proprietary  ,0,0,0,6,21,27
01014808,COLORADO TECH UNIV - USAA               ,CO,80920-1005,Proprietary  ,1,2,3,7,9,16
01014809,COLORADO TECH UNIV - SCHRIEVER AFB      ,CO,80912-7298,Proprietary  ,0,0,0,0,2,2
01014810,COLORADO TECH UNIV - PETERSON AFB       ,CO,80914-1586,Proprietary  ,0,1,1,1,3,4
01014811,COLORADO TECH UNIV-HEWLETT PACKARD      ,CO,80919-2303,Proprietary  ,1,2,3,3,10,13
01014812,COLORADO TECHNICAL UNIVERSITY - WESTMINS,CO,80021-3498,Proprietary  ,25,181,206,163,892,1055
01014813,COLORADO TECH UNIV - ORACLE             ,CO,80921-3660,Proprietary  ,0,5,5,0,12,12
01014815,COLORADO TECHNCL UNIV PUEBLO            ,CO,81003-2315,Proprietary  ,10,81,91,70,470,540
01070900,ARTISTIC BEAUTY COLLEGES-LAKEWOOD       ,CO,80215-0000,Proprietary  ,11,39,50,35,109,144
01073200,SAN JUAN BASINTECHNICAL COLLEGE         ,CO,81328-9196,Public       ,5,15,20,41,103,144
01157200,COLORADO SCHOOL OF TRADES               ,CO,80215-2996,Proprietary  ,11,31,42,67,154,221
01267000,BEL-REA INST OF ANIMAL TECH             ,CO,80247-3048,Proprietary  ,47,66,113,387,590,977
01285000,INTERNATIONAL SALON AND SPA ACADEMY     ,CO,80918-3684,Proprietary  ,11,40,51,81,169,250
01287500,PICKENS TECHNICAL COLLEGE               ,CO,80011-9307,Public       ,24,110,134,200,505,705
01300700,NAZARENE BIBLE COLLEGE                  ,CO,80910-3717,Private      ,0,57,57,47,687,734
02072200,ARTISTIC BEAUTY COLLEGES-DENVER         ,CO,80212-0000,Proprietary  ,10,22,32,41,112,153
02078900,ART INSTITUTE OF COLORADO (THE)         ,CO,80203-2983,Proprietary  ,184,226,410,1765,1641,3406
02116300,PUEBLO COMMUNITY COLLEGE                ,CO,81004-0000,Public       ,154,656,810,1428,4387,5815
02117500,NAROPA UNIVERSITY                       ,CO,80302-0000,Private      ,17,57,74,339,1139,1478
02133100,COLORADO CENTER FOR MEDICAL LABORATORY S,CO,80218-0000,Private      ,3,3,6,15,40,55
02141100,ARTISTIC BEAUTY COLGS-WESTMINSTER       ,CO,80030-0000,Proprietary  ,21,26,47,83,143,226
02141102,ARTISTIC BEAUTY COLLEGES-LITTLETON      ,CO,80123-3480,Proprietary  ,0,1,1,13,23,36
02141103,ARTISTIC BEAUTY COLLEGES-AURORA         ,CO,80017-3194,Proprietary  ,9,22,31,30,66,96
02156200,DELTA - MONTROSE TECHNICAL COLLEGE      ,CO,81416-0000,Public       ,12,27,39,64,151,215
02160600,EMPIRE BEAUTY SCHOOL -THORNTON          ,CO,80241-1659,Proprietary  ,20,35,55,77,121,198
02165200,SALON PROFESSIONAL ACADEMY (THE)        ,CO,81504-5309,Proprietary  ,12,9,21,35,56,91
02167600,KAPLAN COLLEGE                          ,CO,80229-5309,Proprietary  ,20,88,108,99,467,566
02188700,DENVER ACAD OF COURT REPORTING          ,CO,80030-0000,Proprietary  ,4,17,21,14,87,101
02211901,CHEEKS INTERNATIONAL ACADEMY OF BEAUTY C,CO,80525-3053,Proprietary  ,3,3,6,8,15,23
02211902,CHEEKS INTERNATIONAL ACDMY BTY CULT     ,CO,80631-0000,Proprietary  ,1,1,2,4,7,11
02253700,INTELLITEC COLLEGE                      ,CO,80909-0000,Proprietary  ,34,146,180,114,455,569
02267500,GLENWOOD BEAUTY ACADEMY                 ,CO,81601-0000,Proprietary  ,3,7,10,21,35,56
02276900,COMMUNITY COLLEGE OF AURORA             ,CO,80011-9036,Public       ,147,580,727,1454,3405,4859
02321700,ITT TECHNICAL INSTITUTE                 ,CO,80229-5338,Proprietary  ,88,284,372,369,1001,1370
02518500,HAIR DYNAMICS EDUCATION CENTER          ,CO,80525-0000,Proprietary  ,17,30,47,66,116,182
02594300,COLLEGE AMERICA - DENVER                ,CO,80222-3380,Proprietary  ,77,379,456,321,1724,2045
02611000,HERITAGE COLLEGE                        ,CO,80212-7413,Proprietary  ,38,138,176,222,646,868
03006300,INST OF BUSINESS & MEDICAL CAREERS      ,CO,80525-3044,Proprietary  ,14,109,123,154,732,886
03012100,REMINGTON COLLEGE - COLORADO SPRINGS CAM,CO,80215-0000,Proprietary  ,8,49,57,40,231,271
03013100,BOULDER COLLEGE OF MASSAGE THERAPY      ,CO,80301-3295,Private      ,11,30,41,84,230,314
03014900,PLATT COLLEGE                           ,CO,80014-3141,Proprietary  ,13,29,42,46,171,217
03027400,XENON INTERNATIONAL ACADEMY III         ,CO,80014-1193,Proprietary  ,13,16,29,43,64,107
03030606,UTAH COLLEGE OF MASSAGE THERAPY - DENVER,CO,80031-2921,Proprietary  ,23,59,82,138,236,374
03030607,UTAH COLLEGE OF MASSAGE THERAPY - DENVER,CO,80012-2523,Proprietary  ,23,45,68,82,202,284
03031603,DPT BUSINESS SCHOOL                     ,CO,80223-0000,Proprietary  ,0,3,3,4,14,18
03066900,INTELLITEC COLLEGE                      ,CO,81506-3994,Proprietary  ,45,131,176,164,535,699
03068201,OHIO CENTER FOR BROADCASTING - COLORADO ,CO,80214-4129,Proprietary  ,12,40,52,37,111,148
03076401,BRYMAN SCHOOL OF ARIZONA (THE) - ANTHEM ,CO,80014-2622,Proprietary  ,2,4,6,16,56,72
03289300,TEIKYO LORETTO HEIGHTS UNIVERSITY       ,CO,80236-2711,Private      ,2,23,25,8,125,133
03306300,MONTESSORI EDUC CRT OF THE ROCKIES      ,CO,80301-2587,Private      ,0,1,1,3,37,40
03534300,JONES INTERNATIONAL UNIVERSITY          ,CO,80112-3446,Proprietary  ,12,522,534,47,2424,2471
03545300,UNIVERSITY OF THE ROCKIES               ,CO,80903-3612,Proprietary  ,0,105,105,19,235,254
03584400,COLORADO SCHOOL OF HEALING ARTS         ,CO,80226-4332,Proprietary  ,10,42,52,55,245,300
03670300,TONI & GUY HAIRDRESSING ACADEMY         ,CO,80911-1713,Proprietary  ,7,15,22,49,86,135
03686300,COLORADO SCHOOL OF TRADITIONAL CHINESE M,CO,80206-2127,Proprietary  ,0,20,20,3,97,100
03972300,CUTTIN' UP BEAUTY ACADEMY               ,CO,80220-0000,Proprietary  ,5,14,19,14,56,70
03976300,MASSAGE THERAPY INSTITUTE OF COLORADO   ,CO,80206-2127,Proprietary  ,7,15,22,25,75,100
04093300,ACADEMY OF NATURAL THERAPY              ,CO,80631-3425,Proprietary  ,1,8,9,14,52,66
04121200,INSTITUTE OF TAOIST EDUCATION AND ACUPUN,CO,80027-1028,Private      ,0,4,4,0,17,17
04125100,MONTESSORI CENTRE INTERNATIONAL DENVER  ,CO,80111-5263,Private      ,0,1,1,1,8,9
04139300,NATIONAL BEAUTY COLLEGE                 ,CO,80221-0000,Proprietary  ,1,23,24,13,64,77
00267811,BRYANT & STRATTON COLLEGE - VIRGINIA BEA,VA,23462-4417,Proprietary  ,49,202,251,352,1553,1905
00370200,AVERETT UNIVERSITY                      ,VA,24541-3692,Private      ,33,266,299,1351,1518,2869
00370300,BLUEFIELD COLLEGE                       ,VA,24605-1799,Private      ,8,56,64,509,562,1071
00370400,BRIDGEWATER COLLEGE                     ,VA,22812-1599,Private      ,32,4,36,2608,103,2711
00370500,COLLEGE OF WILLIAM & MARY               ,VA,23187-8795,Public       ,134,80,214,8455,3699,12154
00370600,CHRISTOPHER NEWPORT UNIVERSITY          ,VA,23606-2998,Public       ,97,87,184,6112,766,6878
00370700,RICHARD BLAND COLLEGE                   ,VA,23805-7100,Public       ,83,59,142,859,343,1202
00370800,EASTERN MENNONITE UNIVERSITY            ,VA,22802-2462,Private      ,19,42,61,965,361,1326
00370900,EMORY & HENRY COLLEGE                   ,VA,24327-0010,Private      ,11,5,16,1308,91,1399
00371100,FERRUM COLLEGE                          ,VA,24088-2612,Private      ,40,11,51,2353,188,2541
00371200,TIDEWATER COMMUNITY COLLEGE             ,VA,23510-1910,Public       ,708,2073,2781,7870,14530,22400
00371300,HAMPDEN-SYDNEY COLLEGE                  ,VA,23943-0128,Private      ,18,2,20,1043,25,1068
00371400,HAMPTON UNIVERSITY                      ,VA,23668-0099,Private      ,231,188,419,9671,2453,12124
00371500,HOLLINS UNIVERSITY                      ,VA,24020-0000,Private      ,18,31,49,899,542,1441
00371900,LONGWOOD UNIVERSITY                     ,VA,23909-1899,Public       ,86,54,140,4337,606,4943
00372000,LYNCHBURG COLLEGE                       ,VA,24501-3199,Private      ,38,43,81,2904,556,3460
00372100,JAMES MADISON UNIVERSITY                ,VA,22807-3780,Public       ,272,66,338,17340,1887,19227
00372300,MARY BALDWIN COLLEGE                    ,VA,24401-3610,Private      ,15,89,104,1233,814,2047
00372400,MARYMOUNT UNIVERSITY                    ,VA,22207-4224,Private      ,68,121,189,2179,1795,3974
00372600,NATIONAL COLLEGE                        ,VA,24153-4524,Proprietary  ,200,1149,1349,811,6013,6824
00372700,NORTHERN VA CMTY CLG                    ,VA,22003-3743,Public       ,801,1483,2284,8001,9707,17708
00372800,OLD DOMINION UNIVERSITY                 ,VA,23529-0052,Public       ,451,805,1256,14647,10419,25066
00373200,RADFORD UNIVERSITY                      ,VA,24142-6905,Public       ,166,93,259,7799,1818,9617
00373300,RANDOLPH-MACON COLLEGE                  ,VA,23005-5505,Private      ,30,4,34,2057,87,2144
00373400,RANDOLPH COLLEGE                        ,VA,24503-1526,Private      ,13,1,14,1030,93,1123
00373500,VIRGINIA COMMONWEALTH UNIVERSITY        ,VA,23284-9004,Public       ,542,546,1088,18935,11206,30141
00373600,ROANOKE COLLEGE                         ,VA,24153-3794,Private      ,33,13,46,2565,163,2728
00373700,SHENANDOAH UNIVERSITY                   ,VA,22601-5195,Private      ,31,70,101,2180,1683,3863
00373800,SOUTHERN VIRGINIA UNIVERSITY            ,VA,24416-3038,Private      ,31,5,36,788,184,972
00373900,ST PAULS COLLEGE                        ,VA,23868-1299,Private      ,15,12,27,679,381,1060
00374200,SWEET BRIAR COLLEGE                     ,VA,24595-9998,Private      ,13,4,17,737,51,788
00374300,UNION THEO SEMINARY & PRESBYTRN SCH     ,VA,23227-0000,Private      ,0,7,7,2,94,96
00374400,UNIVERSITY OF RICHMOND                  ,VA,23173-0001,Private      ,73,79,152,4578,2218,6796
00374500,UNIVERSITY OF VIRGINIA - SFS            ,VA,22903-0000,Public       ,316,170,486,15486,8683,24169
00374600,UNIVERSITY OF MARY WASHINGTON           ,VA,22401-5358,Public       ,81,79,160,4093,870,4963
00374700,UNIV OF VIRGINIA'S COLLEGE AT WISE      ,VA,24293-4412,Public       ,21,25,46,1725,400,2125
00374800,EASTERN SHORE COMMUNITY COLLEGE         ,VA,23410-3000,Public       ,37,95,132,339,549,888
00374900,GEORGE MASON UNIVERSITY                 ,VA,22030-4444,Public       ,437,730,1167,13385,10914,24299
00375100,PATRICK HENRY COMMUNITY COLLEGE         ,VA,24112-5311,Public       ,69,309,378,950,1921,2871
00375200,VIRGINIA INTERMONT COLLEGE              ,VA,24201-4298,Private      ,17,22,39,526,287,813
00375300,VIRGINIA MILITARY INSTITUTE             ,VA,24450-2138,Public       ,34,5,39,1365,48,1413
00375400,VIRGINIA POLYTECH INST & STATE UNIV     ,VA,24061-2000,Public       ,295,182,477,22309,4054,26363
00375800,DANVILLE COMMUNITY COLLEGE              ,VA,24541-4004,Public       ,125,456,581,1152,2212,3364
00375900,J. SARGEANT REYNOLDS COMMUNITY CLG      ,VA,23285-0000,Public       ,285,841,1126,3281,6272,9553
00376000,VIRGINIA WESTERN CMTY COLLEGE           ,VA,24038-0000,Public       ,201,493,694,1944,3128,5072
00376100,WYTHEVILLE COMMUNITY COLLEGE            ,VA,24382-3308,Public       ,50,222,272,1004,1467,2471
00376200,VIRGINIA UNIVERSITY OF LYNCHBURG        ,VA,24501-6400,Private      ,7,35,42,80,215,295
00376400,VIRGINIA STATE UNIVERSITY               ,VA,23806-0001,Public       ,231,158,389,8700,2140,10840
00376500,NORFOLK STATE UNIVERSITY                ,VA,23504-8000,Public       ,207,383,590,8086,4757,12843
00376600,VIRGINIA UNION UNIVERSITY               ,VA,23220-1711,Private      ,58,53,111,2310,821,3131
00376700,VIRGINIA WESLEYAN COLLEGE               ,VA,23502-5599,Private      ,27,45,72,1869,472,2341
00376800,WASHINGTON & LEE UNIVERSITY             ,VA,24450-0303,Private      ,38,2,40,2111,1245,3356
00400400,JOHN TYLER COMMUNITY COLLEGE            ,VA,23831-5316,Public       ,216,593,809,2183,3755,5938
00450301,"EVEREST COLLEGE- EVEREST COLLEGE, MCLEAN",VA,22102-3000,Proprietary  ,35,103,138,109,354,463
00450702,"EVEREST COLLEGE- EVEREST COLLEGE, ARLING",VA,22203-1905,Proprietary  ,85,267,352,313,998,1311
00498800,CENTRAL VIRGINIA COMMUNITY COLLEGE      ,VA,24502-2498,Public       ,97,258,355,1189,1572,2761
00499200,MILLER-MOTTE TECHNICAL COLLEGE          ,VA,24505-0000,Proprietary  ,20,68,88,128,371,499
00499600,DABNEY S LANCASTER COMMUNITY CLG        ,VA,24422-1000,Public       ,14,73,87,438,471,909
00522300,NEW RIVER COMMUNITY COLLEGE             ,VA,24084-1127,Public       ,90,221,311,1277,1587,2864
00607500,ROANOKE MEM HOSP SCH RAD ONCOLOGY       ,VA,24033-0000,Private      ,1,1,2,3,4,7
00607501,ROANOKE MEM HOSP SCH RAD TECH           ,VA,24014-1850,Private      ,0,1,1,6,8,14
00662200,COLLEGE OF HEALTH SCIENCES - CHRV       ,VA,24031-0000,Private      ,18,59,77,465,870,1335
00681900,BLUE RIDGE COMMUNITY COLLEGE            ,VA,24486-0080,Public       ,120,188,308,1451,1430,2881
00687100,THOMAS NELSON COMMUNITY COLLEGE         ,VA,23670-0000,Public       ,305,830,1135,2555,5186,7741
00709900,VIRGINIA HIGHLANDS COMMUNITY CLG        ,VA,24210-4210,Public       ,30,121,151,1077,1210,2287
00726000,SOUTHWEST VIRGINIA COMMUNITY CLG        ,VA,24641-1510,Public       ,45,158,203,1125,1509,2634
00859200,LOUISE OBICI SCHOOL OF NURSING          ,VA,23434-8038,Private      ,0,8,8,9,36,45
00859202,SUFFOLK PUB SCH-LOUISE OBICI SCH PN     ,VA,23434-0000,Private      ,1,0,1,3,8,11
00865900,LORD FAIRFAX COMMUNITY COLLEGE          ,VA,22645-0047,Public       ,137,326,463,1309,1682,2991
00866000,GERMANNA COMMUNITY COLLEGE              ,VA,22508-0339,Public       ,166,354,520,1286,1960,3246
00866100,SOUTHSIDE VIRGINIA CMTY CLG             ,VA,23821-2930,Public       ,119,518,637,1394,2541,3935
00915900,PAUL D CAMP COMMUNITY COLLEGE           ,VA,23851-0737,Public       ,43,153,196,382,943,1325
00916000,RAPPAHANNOCK COMMUNITY COLLEGE          ,VA,23149-2616,Public       ,67,147,214,611,840,1451
00926700,EVEREST COLLEGE                         ,VA,23606-4203,Proprietary  ,18,184,202,110,723,833
00926701,EVEREST COLLEGE - CHESAPEAKE            ,VA,23320-2637,Proprietary  ,32,256,288,147,944,1091
00942000,SANFORD-BROWN COLLEGE                   ,VA,22182-3913,Proprietary  ,66,116,182,415,599,1014
00953500,STAUNTON SCHOOL OF COSMETOLOGY          ,VA,24401-4323,Proprietary  ,4,6,10,21,25,46
00953700,VIRGINIA SCH OF HAIR DESIGN             ,VA,23669-0000,Proprietary  ,1,21,22,19,111,130
00962900,MOUNTAIN EMPIRE COMMUNITY COLLEGE       ,VA,24219-0700,Public       ,51,179,230,1077,1531,2608
00992800,PIEDMONT VIRGINIA COMMUNITY COLLEGE     ,VA,22902-7589,Public       ,62,195,257,1079,1488,2567
01004300,BON SECOURS MEMORIAL SCH OF NURSING     ,VA,23227-4612,Private      ,10,47,57,106,411,517
01019800,ECPI COLLEGE OF TECHNOLOGY              ,VA,23462-6542,Proprietary  ,593,1866,2459,2593,8232,10825
01033800,EASTERN VIRGINIA MEDICAL SCHOOL         ,VA,23501-1980,Private      ,3,21,24,19,1159,1178
01159600,RALPH'S VIRGINIA SCH OF COSMETOLOGY     ,VA,24501-2652,Proprietary  ,2,12,14,12,31,43
01162601,WESTWOOD COLLEGE - SOUTH BAY - ARLINGTON,VA,22203-4167,Proprietary  ,63,76,139,287,357,644
01162602,WESTWOOD COLLEGE - SOUTH BAY - ANNANDALE,VA,22003-2602,Proprietary  ,33,103,136,205,413,618
01274401,SOUTHSIDE REGIONAL MED CTR              ,VA,23803-5133,Proprietary  ,2,23,25,51,240,291
01274402,SOUTHSIDE REG MED CTR SCH RAD TECH      ,VA,23803-0000,Proprietary  ,0,3,3,8,20,28
02053000,LIBERTY UNIVERSITY                      ,VA,24502-0000,Private      ,466,2959,3425,14436,23096,37532
02108800,WARDS CORNER BEAUTY ACADEMY             ,VA,23505-0000,Proprietary  ,12,53,65,44,218,262
02111600,DANVILLE REGIONAL MEDICAL CENTER SCHOOL ,VA,24541-0000,Proprietary  ,1,6,7,37,73,110
02128700,CENTRAL SCHOOL OF PRACTICAL NURSING     ,VA,23502-2230,Public       ,3,7,10,24,72,96
02140000,RIVERSIDE SCHOOL OF HEALTH CAREERS      ,VA,23608-3802,Private      ,11,55,66,104,432,536
02175800,LYNCHBURG GENERAL HOSP SCH OF NURSG     ,VA,24501-0000,Private      ,1,10,11,84,141,225
02197600,WOODROW WILSON REHABILITATION CTR       ,VA,22939-0000,Public       ,7,7,14,31,30,61
02223100,HERITAGE INSTITUTE                      ,VA,22046-4400,Proprietary  ,0,0,0,4,4,8
02242400,HENRICO CTY ST MARYS HOSP PRAC NRSG     ,VA,23075-0000,Public       ,2,2,4,20,34,54
02247200,MEDSPA CAREERS INSTITUTE                ,VA,23606-0000,Proprietary  ,23,66,89,210,683,893
02304500,HERITAGE INSTITUTE                      ,VA,20111-0000,Proprietary  ,28,123,151,98,376,474
02320900,TIDEWATER TECH                          ,VA,23517-0000,Proprietary  ,28,111,139,98,426,524
02334400,CENTURA COLLEGE                         ,VA,23452-0000,Proprietary  ,111,786,897,490,3734,4224
02340000,COLONIAL HEIGHTS BEAUTY ACADEMY         ,VA,23834-0000,Proprietary  ,2,8,10,12,49,61
02342700,FORTIS COLLEGE                          ,VA,23502-4101,Proprietary  ,18,62,80,119,342,461
02342701,FORTIS COLLEGE - RICHMOND CAMPUS        ,VA,23236-3472,Proprietary  ,21,67,88,92,291,383
02535400,ECPI TECHNICAL COLLEGE                  ,VA,23236-0000,Proprietary  ,50,111,161,357,551,908
02538800,SUFFOLK BEAUTY ACADEMY                  ,VA,23434-0000,Proprietary  ,3,17,20,13,47,60
02541200,STRATFORD UNIVERSITY                    ,VA,22043-0000,Proprietary  ,36,78,114,113,481,594
02541201,STRATFORD UNIVERSITY-WOODBRIDGE         ,VA,22192-0000,Proprietary  ,8,26,34,35,133,168
02605900,TESST COLLEGE OF TECHNOLOGY             ,VA,22312-6342,Proprietary  ,0,0,0,13,41,54
02610100,WASHINGTON COUNTY ADULT SKILL CTR       ,VA,24210-2346,Public       ,2,17,19,21,110,131
03002400,GRAHAM WEBB INTERNATIONAL ACAD HAIR     ,VA,22209-2129,Proprietary  ,11,23,34,40,64,104
03010700,BAR PALMA BEAUTY CAREERS  ACADEMY       ,VA,24014-2255,Proprietary  ,4,14,18,28,67,95
03042800,"VIRGINIA BEACH CITY SCHOOLS, SCH.-PR.NSG",VA,23456-0038,Public       ,2,4,6,11,43,54
03091100,ACT COLLEGE                             ,VA,22209-2297,Proprietary  ,24,109,133,112,413,525
03091300,REGENT UNIVERSITY                       ,VA,23464-9800,Private      ,28,462,490,555,5142,5697
03092700,ECPI TECHNICAL COLLEGE-ROANOKE          ,VA,24012-1603,Proprietary  ,29,87,116,122,412,534
03096500,SPRINGFIELD BEAUTY ACADEMY              ,VA,22003-3016,Proprietary  ,2,30,32,10,89,99
03106500,SENTARA NORFOLK GENERAL HOSPITAL        ,VA,23320-2843,Private      ,15,73,88,139,543,682
03116900,BAPTIST THEOLOGICAL SEM.-RICHMOND       ,VA,23227-0000,Private      ,0,3,3,2,41,43
03126300,TIDEWATER TECH AVIATION                 ,VA,23320-5987,Proprietary  ,15,67,82,77,333,410
03126400,CENTURA COLLEGE                         ,VA,23235-5230,Proprietary  ,15,84,99,120,477,597
03126401,CENTURA COLLEGE - WEST                  ,VA,23294-0000,Proprietary  ,0,5,5,5,45,50
03127500,ADVANCED TECHNOLOGY INSTITUTE           ,VA,23462-2409,Proprietary  ,45,101,146,405,391,796
03280400,VIRGINIA SCHOOL OF MASSAGE              ,VA,22903-0000,Proprietary  ,4,35,39,62,152,214
03409500,RICHMOND SCHOOL OF HEALTH AND TECH      ,VA,23227-0000,Proprietary  ,21,89,110,133,700,833
03455300,CRESCENT COSMETOLOGY UNIVERSITY         ,VA,23666-3115,Proprietary  ,0,2,2,4,9,13
03559300,APPALACHIAN SCHOOL OF LAW               ,VA,24614-0000,Private      ,0,8,8,3,864,867
03638400,TAP THIS VALLEY WORKS CTR FOR EMPLO     ,VA,24016-1901,Private      ,0,3,3,0,13,13
03645400,RUDY & KELLY ACADEMY OF HAIR AND NA     ,VA,23464-6857,Proprietary  ,15,30,45,66,113,179
03654300,CAREER TRAINING SOLUTIONS               ,VA,22406-1014,Proprietary  ,5,54,59,48,268,316
03709300,EDWARD VIA VIRGINIA CLG OSTEOPATHIC MED ,VA,24060-6360,Private      ,0,7,7,11,668,679
03872400,INSTITUTE FOR THE PSYCHOLOGICAL SCIENCES,VA,22202-3609,Private      ,0,3,3,0,78,78
03876300,CULPEPER COSMETOLOGY TRAINING CENTER    ,VA,22701-3155,Public       ,2,8,10,11,43,54
03883400,AVIATION INSTITUTE OF MAINTENANCE       ,VA,20110-4156,Proprietary  ,11,60,71,53,217,270
04038400,AVI CAREER INSTITUTE                    ,VA,22066-1839,Proprietary  ,1,12,13,5,35,40
04124000,DOMINION SCHOOL OF HAIR DESIGN          ,VA,23062-2221,Proprietary  ,2,3,5,10,20,30
04133400,CENTURA COLLEGE                         ,VA,22312-2670,Proprietary  ,4,18,22,12,71,83
04133800,SOUTHEAST CULINARY & HOSPITALITY COLLEGE,VA,24201-4159,Proprietary  ,4,13,17,19,32,51
04140000,GLOBAL HEALTH NURSE TRAINING SERVICES   ,VA,22314-4585,Proprietary  ,0,11,11,0,11,11
00107000,THUNDERBIRD SCHOOL OF GLOBAL MANAGEMENT ,AZ,85306-6000,Private      ,0,80,80,2,754,756
00107100,ARIZONA WESTERN COLLEGE                 ,AZ,85366-0000,Public       ,274,510,784,3071,3365,6436
00107200,COCHISE COLLEGE                         ,AZ,85607-6190,Public       ,101,265,366,1099,1867,2966
00107300,EASTERN ARIZONA COLLEGE                 ,AZ,85552-0769,Public       ,84,168,252,1070,979,2049
00107400,GRAND CANYON UNIVERSITY                 ,AZ,85017-3030,Proprietary  ,260,6022,6282,1820,29042,30862
00107600,GLENDALE COMMUNITY COLLEGE              ,AZ,85302-3090,Public       ,593,1153,1746,5541,7116,12657
00107700,MESA COMMUNITY COLLEGE                  ,AZ,85202-4866,Public       ,681,1348,2029,6531,9529,16060
00107800,PHOENIX COLLEGE                         ,AZ,85013-4234,Public       ,319,1119,1438,3016,6140,9156
00107900,YAVAPAI COLLEGE                         ,AZ,86301-3297,Public       ,146,410,556,1424,2228,3652
00108100,ARIZONA STATE UNIV (ALL CAMPUSES)       ,AZ,85287-0412,Public       ,1336,1918,3254,32532,24748,57280
00108200,NORTHERN ARIZONA UNIVERSITY             ,AZ,86011-0001,Public       ,508,853,1361,14656,9988,24644
00108300,UNIVERSITY OF ARIZONA                   ,AZ,85721-0066,Public       ,547,634,1181,20797,11998,32795
00165701,MIDWESTERN UNIVERSITY                   ,AZ,85308-0000,Private      ,1,37,38,68,2383,2451
00446700,TUCSON COLLEGE                          ,AZ,85710-0000,Proprietary  ,19,135,154,122,553,675
00711300,SOUTHWESTERN COLLEGE                    ,AZ,85032-7097,Private      ,13,14,27,341,184,525
00726600,PIMA COUNTY COMMUNITY COLLEGE           ,AZ,85709-5000,Public       ,644,1648,2292,7232,10652,17884
00728300,CENTRAL ARIZONA COLLEGE                 ,AZ,85228-9779,Public       ,126,398,524,1484,2409,3893
00822100,UNIVERSAL TECHNICAL INSTITUTE           ,AZ,85323-7946,Proprietary  ,851,752,1603,8847,4494,13341
00824600,DINè COLLEGE                            ,AZ,86556-0126,Public       ,68,109,177,600,951,1551
00830300,GATEWAY COMMUNITY COLLEGE               ,AZ,85034-1795,Public       ,113,548,661,1014,3788,4802
00830302,MARICOPA SKILL CENTER                   ,AZ,85034-0000,Public       ,66,228,294,300,1033,1333
00830400,SCOTTSDALE COMMUNITY COLLEGE            ,AZ,85250-0000,Public       ,244,439,683,2377,2979,5356
00886400,ARIZONA ACADEMY OF BEAUTY               ,AZ,85712-5021,Proprietary  ,9,12,21,34,49,83
00886500,ARTISTIC BEAUTY COLLEGES-TUCSON         ,AZ,85716-3999,Proprietary  ,24,50,74,158,278,436
00886501,ARTISTIC BEAUTY COLLEGES - TUCSON  - NOR,AZ,85705-1665,Proprietary  ,0,3,3,16,8,24
00945100,BROWN MACKIE COLLEGE                    ,AZ,85712-5300,Proprietary  ,96,415,511,397,1929,2326
01084700,ARIZONA AUTOMOTIVE INSTITUTE            ,AZ,85301-3503,Proprietary  ,94,189,283,433,940,1373
01085800,EARLS ACADEMY OF BEAUTY                 ,AZ,85210-4010,Proprietary  ,26,50,76,104,196,300
01157000,PIMA MEDICAL INSTITUTE-MESA             ,AZ,85202-2950,Proprietary  ,0,0,0,84,308,392
01168900,REFRIGERATION SCHOOL                    ,AZ,85034-0000,Proprietary  ,38,147,185,101,588,689
01180200,ARIZONA ACADEMY OF BEAUTY-NORTH         ,AZ,85705-2720,Proprietary  ,4,21,25,26,68,94
01180800,ARTISTIC BEAUTY COLLEGES-FLAGSTAFF      ,AZ,86004-5119,Proprietary  ,30,84,114,153,317,470
01180801,CLG OF BEAUTY ARTS & SCI/CHANDLER       ,AZ,85224-0000,Proprietary  ,2,3,5,40,128,168
01180802,CLG OF BEAUTY ARTS & SCI/PRESCOTT       ,AZ,86303-0000,Proprietary  ,0,2,2,18,26,44
01186200,NORTHLAND PIONEER COLLEGE               ,AZ,86025-2996,Public       ,54,277,331,408,1312,1720
01186400,MOHAVE COMMUNITY COLLEGE                ,AZ,86409-1238,Public       ,166,727,893,1030,3981,5011
01218400,INTERNATIONAL ACAD OF HAIR DESIGN       ,AZ,85225-7198,Proprietary  ,11,27,38,76,162,238
01234300,ARTISTIC BEAUTY COLLEGES-PHOENIX        ,AZ,85304-0000,Proprietary  ,34,84,118,181,350,531
01234301,EMPIRE BEAUTY SCHOOL - AVONDALE         ,AZ,85323-2352,Proprietary  ,2,6,8,30,45,75
01293700,ARTISTIC BEAUTY COLLEGES - PARADISE VALL,AZ,85257-0000,Proprietary  ,13,7,20,57,76,133
02065200,ITT TECHNICAL INSTITUTE                 ,AZ,85282-0000,Proprietary  ,162,427,589,728,2080,2808
02065300,PRESCOTT COLLEGE                        ,AZ,86301-0000,Private      ,16,123,139,416,1006,1422
02071200,KAPLAN COLLEGE                          ,AZ,85029-4349,Proprietary  ,56,225,281,254,1154,1408
02098800,UNIVERSITY OF PHOENIX                   ,AZ,85040-0000,Proprietary  ,5593,99862,105455,19779,356223,376002
02100500,UNIVERSAL TECHNICAL INSTITUTE           ,AZ,85027-0000,Proprietary  ,797,1249,2046,7058,6698,13756
02100600,APOLLO COLLEGE                          ,AZ,85015-0000,Proprietary  ,337,1178,1515,1653,5271,6924
02113800,ROBERTO-VENN SCH OF LUTHIERY            ,AZ,85040-0000,Proprietary  ,9,9,18,41,51,92
02146600,SOUTH MOUNTAIN COMMUNITY COLLEGE        ,AZ,85040-0000,Public       ,97,333,430,1242,2144,3386
02171500,WESTERN INTERNATIONAL UNIVERSITY        ,AZ,85021-0000,Proprietary  ,12,412,424,56,1907,1963
02174900,COLLINS COLLEGE                         ,AZ,85040-4000,Proprietary  ,147,135,282,1446,1144,2590
02177500,RIO SALADO COMMUNITY COLLEGE            ,AZ,85281-0000,Public       ,165,1515,1680,1001,7968,8969
02192300,MARICOPA BEAUTY COLLEGE                 ,AZ,85323-0000,Proprietary  ,6,14,20,46,62,108
02199900,AMERICAN INDIAN CLG-ASSEMBLIES GOD      ,AZ,85021-0000,Private      ,6,11,17,54,66,120
02217100,PIMA MEDICAL INSTITUTE                  ,AZ,85716-0000,Proprietary  ,468,1469,1937,1708,5465,7173
02218800,IIA COLLEGE                             ,AZ,85019-1600,Proprietary  ,83,443,526,314,1812,2126
02220300,ARTISTIC BEAUTY COLLEGES-GLENDALE       ,AZ,85051-0000,Proprietary  ,20,51,71,88,251,339
02263100,ANTHEM COLLEGE                          ,AZ,85014-0000,Proprietary  ,168,409,577,947,3058,4005
02280500,CHARLES OF ITALY BEAUTY COLLEGE         ,AZ,86403-0000,Proprietary  ,6,16,22,27,72,99
02295000,EVEREST COLLEGE                         ,AZ,85021-1610,Proprietary  ,181,1433,1614,599,5207,5806
02295002,EVEREST COLLEGE - MESA                  ,AZ,85206-4704,Proprietary  ,33,167,200,128,581,709
02317800,AMERICAN INSTITUTE OF TECHNOLOGY        ,AZ,85043-0000,Proprietary  ,12,332,344,38,822,860
02361100,ITT TECHNICAL INSTITUTE                 ,AZ,85704-0000,Proprietary  ,188,332,520,604,1280,1884
02491500,THE ART CENTER DESIGN COLLEGE           ,AZ,85716-0000,Proprietary  ,23,28,51,254,434,688
02521500,LAMSON COLLEGE                          ,AZ,85284-1141,Proprietary  ,40,155,195,118,589,707
02559000,UNIVERSITY OF ADVANCING TECHNOLOGY      ,AZ,85283-0000,Proprietary  ,72,91,163,1012,607,1619
02561900,TONI AND GUY HAIRDRESSING ACADEMY       ,AZ,85251-3301,Proprietary  ,47,28,75,148,130,278
02582700,CORTIVA INSTITUTE - TUCSON              ,AZ,85710-3503,Proprietary  ,7,26,33,49,163,212
02616700,SCOTTSDALE CULINARY INSTITUTE           ,AZ,85251-2729,Proprietary  ,153,322,475,972,1640,2612
02623600,PARADISE VALLEY COMMUNITY COLLEGE       ,AZ,85032-1210,Public       ,245,486,731,1915,2648,4563
02623800,CORTIVA INSTITUTE - SCOTTSDALE          ,AZ,85257-4218,Proprietary  ,9,38,47,46,138,184
03005000,SAFFORD COLLEGE OF BEAUTY CULTURE       ,AZ,85546-3309,Proprietary  ,4,9,13,7,28,35
03010613,VIRGINIA COLLEGE - GOLF ACADEMY OF ARIZO,AZ,85225-6742,Proprietary  ,18,28,46,102,164,266
03030604,UTAH COLLEGE OF MASSAGE THERAPY - ARIZON,AZ,85282-0000,Proprietary  ,41,65,106,184,303,487
03030605,UTAH COLLEGE OF MASSAGE THERAPY - ARIZON,AZ,85051-3470,Proprietary  ,32,77,109,168,346,514
03034400,CONSERVATORY RECORDING ARTS & SCIS      ,AZ,85282-1707,Proprietary  ,70,85,155,525,566,1091
03072200,CHANDLER-GILBERT COMMUNITY COLLEGE      ,AZ,85225-2499,Public       ,267,467,734,2510,3163,5673
03076400,BRYMAN SCHOOL OF ARIZONA                ,AZ,85029-4919,Proprietary  ,237,656,893,1324,3292,4616
03076406,BRYMAN SCHOOL OF ARIZONA (THE) - TEMPE  ,AZ,85284-0000,Proprietary  ,0,0,0,7,9,16
03097800,CARSTEN INSTITUTE OF HAIR & BEAUTY      ,AZ,85282-5404,Proprietary  ,23,26,49,106,107,213
03100400,COCONINO COUNTY COMMUNITY COLLEGE       ,AZ,86001-2701,Public       ,88,231,319,905,1309,2214
03107000,SOUTHWEST CLG OF NATUROPATHIC MED       ,AZ,85282-0000,Private      ,1,21,22,4,444,448
03115000,ARIZONA COLLEGE OF ALLIED HEALTH        ,AZ,85302-3843,Proprietary  ,19,146,165,129,546,675
03120300,COLLEGE AMERICA                         ,AZ,86004-3936,Proprietary  ,30,97,127,125,394,519
03156300,ESTRELLA MOUNTAIN COMMUNITY COLLEGE     ,AZ,85392-1010,Public       ,183,386,569,1573,2369,3942
03156301,ESTRELLA MOUNTAIN COMMUNITY COLLEGE - SO,AZ,85392-1010,Public       ,54,138,192,432,813,1245
03347300,INTERNATIONAL BAPTIST COLLEGE           ,AZ,85282-7504,Private      ,0,3,3,44,20,64
03445300,HDS TRUCK DRIVING INSTITUTE             ,AZ,85731-0000,Proprietary  ,1,62,63,5,136,141
03478400,PHOENIX SEMINARY                        ,AZ,85018-7611,Private      ,0,13,13,1,71,72
03572300,EAST VALLEY INSTITUTE OF TECHNOLOGY     ,AZ,85201-6910,Public       ,7,20,27,82,102,184
03593300,SOUTHWEST INSTITUTE OF HEALING ARTS     ,AZ,85281-3658,Proprietary  ,11,95,106,73,479,552
03617500,PHOENIX INSTITUTE OF HERBAL MEDICINE & A,AZ,85012-0000,Proprietary  ,1,21,22,7,129,136
03695500,ARIZONA SCHOOL OF ACUPUNCTURE AND ORIENT,AZ,85712-1100,Proprietary  ,0,9,9,5,61,66
03740500,ART INSTITUTE OF TUCSON (THE)           ,AZ,85712-2732,Proprietary  ,29,54,83,180,244,424
03784400,TOHONO O'ODHAM COMMUNITY COLLEGE        ,AZ,85634-3129,Public       ,0,7,7,12,59,71
03814300,TURNING POINT BEAUTY COLLEGE            ,AZ,85222-4229,Proprietary  ,1,10,11,14,39,53
04051300,ART INSTITUTE OF PHOENIX (THE)          ,AZ,85021-2859,Proprietary  ,120,173,293,1096,1015,2111
04059300,TUCSON COLLEGE OF BEAUTY                ,AZ,85705-2451,Proprietary  ,7,12,19,61,55,116
04120900,ARIZONA CULINARY INSTITUTE              ,AZ,85259-4939,Proprietary  ,22,33,55,151,198,349
04131400,PHOENIX SCHOOL OF LAW                   ,AZ,85012-3330,Proprietary  ,2,56,58,7,422,429
04138800,MODERN TECHNIQUES BEAUTY COLLEGE        ,AZ,86403-2974,Proprietary  ,0,1,1,0,1,1
00142800,DELAWARE STATE UNIVERSITY               ,DE,19901-2277,Public       ,145,116,261,6062,1562,7624
00142900,GOLDEY BEACOM COLLEGE                   ,DE,19808-1993,Private      ,22,42,64,480,352,832
00143100,UNIVERSITY OF DELAWARE                  ,DE,19716-0099,Public       ,270,97,367,20599,2271,22870
00143300,WESLEY COLLEGE                          ,DE,19901-3875,Private      ,33,40,73,1909,374,2283
00143301,WESLEY COLLEGE-CTR FOR ADULT STUDIE     ,DE,19720-0000,Private      ,5,41,46,40,374,414
00331301,WIDENER UNIV SCHOOL OF LAW - DE         ,DE,19803-0000,Private      ,3,27,30,38,1672,1710
00705300,DELAWARE TECH & CMTY COLLEGE-OWENS      ,DE,19947-0000,Public       ,93,371,464,1631,2206,3837
00794800,WILMINGTON UNIVERSITY                   ,DE,19720-6491,Private      ,117,578,695,1757,4914,6671
01172700,DELAWARE TECH & CMTY CLG-TERRY          ,DE,19901-8736,Public       ,97,338,435,1501,1946,3447
01195002,DELAWARE COLLEGE OF ART & DESIGN        ,DE,19801-0000,Private      ,0,0,0,265,44,309
02125200,BEEBE SCHOOL OF NURSING                 ,DE,19958-1462,Private      ,2,3,5,29,45,74
02144900,DELAWARE TECH & CMTY CLG-STANTN/WLM     ,DE,19801-0000,Public       ,192,428,620,2617,2888,5505
02190400,SCHILLING DOUGLAS SCH OF HAIR DSGN      ,DE,19711-0000,Proprietary  ,10,19,29,60,127,187
02586902,STAR TECHNICAL INSTITUTE -              ,DE,19901-4615,Proprietary  ,1,6,7,28,212,240
03025800,DAWN TRAINING CENTRE                    ,DE,19805-1511,Proprietary  ,11,99,110,49,389,438
03543300,HARRIS SCHOOL OF BUSINESS               ,DE,19803-5341,Proprietary  ,31,123,154,110,389,499
03702300,DELAWARE LEARNING INSTITUTE OF COSMETOLO,DE,19939-9759,Proprietary  ,10,33,43,35,99,134
04130700,ACADEMY OF MASSAGE AND BODYWORK         ,DE,19701-1321,Proprietary  ,2,2,4,10,23,33
04139800,DELAWARE COLLEGE OF ART & DESIGN        ,DE,19801-3007,Private      ,20,9,29,48,25,73
        ,FEDERAL STUDENT AID USE ONLY            ,DC,20202-0000,,0,0,0,11,1740,1751
00143400,AMERICAN UNIVERSITY                     ,DC,20016-8020,Private      ,154,260,414,11332,9371,20703
00143700,CATHOLIC UNIVERSITY OF AMERICA          ,DC,20064-0002,Private      ,71,125,196,4689,2238,6927
00143711,"CATHOLIC UNIV AMERICA, LAW SCHOOL       ",DC,20064-0000,Private      ,0,11,11,30,1616,1646
00144100,UNIV OF THE DISTRICT OF COLUMBIA        ,DC,20008-0000,Public       ,109,440,549,1836,3879,5715
00144102,UNIV OF DIST OF COLUMBIA LAW SCH        ,DC,20008-0000,Public       ,2,17,19,38,661,699
00144300,GALLAUDET UNIVERSITY                    ,DC,20002-3695,Private      ,38,39,77,744,730,1474
00144400,GEORGE WASHINGTON UNIVERSITY            ,DC,20052-2353,Private      ,162,563,725,11124,8665,19789
00144402,GEORGE WASHINGTON UNIV LAW SCHL         ,DC,20052-0000,Private      ,3,31,34,26,4535,4561
00144403,GEORGE WASHINGTON UNIV SCH MED          ,DC,20052-0000,Private      ,3,17,20,33,1234,1267
00144500,GEORGETOWN UNIVERSITY                   ,DC,20057-1252,Private      ,176,287,463,12027,5358,17385
00144501,"GEORGETOWN UNIV, SCH OF MEDICINE        ",DC,20007-0000,Private      ,1,14,15,29,1191,1220
00144503,GEORGETOWN UNIV LAW CENTER              ,DC,20001-0000,Private      ,2,48,50,28,5473,5501
00144800,HOWARD UNIVERSITY                       ,DC,20059-0001,Private      ,352,334,686,13643,8029,21672
00145600,SOUTHEASTERN UNIVERSITY                 ,DC,20024-2788,Private      ,10,86,96,173,851,1024
00145900,STRAYER UNIVERSITY                      ,DC,20005-2603,Proprietary  ,411,8477,8888,1613,39225,40838
00146000,TRINITY UNIVERSITY                      ,DC,20017-1004,Private      ,25,140,165,975,1525,2500
00146400,WESLEY THEOLOGICAL SEMINARY             ,DC,20016-0000,Private      ,0,24,24,1,264,265
00207701,JOHNS HOPKINS UNIV SCH ADV INTL STU     ,DC,20036-0000,Private      ,4,45,49,58,1259,1317
01006500,WASHINGTON THEOLOGICAL UNION            ,DC,20012-0000,Private      ,0,1,1,0,38,38
01195000,THE CORCORAN COLLEGE OF ART & DESIG     ,DC,20006-4804,Private      ,14,20,34,418,284,702
01266500,HARRISON CTR FOR CAREER EDUCATION       ,DC,20001-5303,Private      ,0,0,0,4,14,18
01280300,DOMINICAN HOUSE OF STUDIES              ,DC,20017-1584,Private      ,0,0,0,1,12,13
02132800,NAT'L CONSERVATORY DRAMATIC ARTS        ,DC,20007-2758,Private      ,0,4,4,4,23,27
02279200,DUDLEY BEAUTY COLG-WASHINGTON           ,DC,20018-0000,Proprietary  ,3,27,30,51,124,175
02588900,SANZ SCHOOL                             ,DC,20006-0000,Proprietary  ,52,280,332,220,1016,1236
03104300,CAREER BLAZERS LEARNING CENTER OF WASHIN,DC,20037-1881,Proprietary  ,41,211,252,110,694,804
03218300,POTOMAC COLLEGE                         ,DC,20016-1860,Proprietary  ,15,167,182,49,507,556
03409600,BENNETT CAREER INSTITUTE                ,DC,20017-1754,Proprietary  ,6,53,59,65,232,297
03750300,TECHNICAL LEARNING CENTERS              ,DC,20005-3415,Proprietary  ,6,42,48,26,243,269
00154100,ABRAHAM BALDWIN AGRICULTURAL CLG        ,GA,31794-0000,Public       ,186,161,347,3329,1562,4891
00154200,AGNES SCOTT COLLEGE                     ,GA,30030-3797,Private      ,21,30,51,1170,296,1466
00154300,DARTON COLLEGE                          ,GA,31707-3098,Public       ,168,575,743,2428,4392,6820
00154400,ALBANY STATE UNIVERSITY                 ,GA,31705-2796,Public       ,227,279,506,6582,3469,10051
00154500,ANDREW COLLEGE                          ,GA,39840-1313,Private      ,11,2,13,436,46,482
00154600,ARMSTRONG ATLANTIC STATE UNIVERSITY     ,GA,31419-1997,Public       ,213,517,730,4014,5022,9036
00154700,ATLANTA CHRISTIAN COLLEGE               ,GA,30344-1999,Private      ,19,85,104,382,381,763
00155200,AUGUSTA STATE UNIVERSITY                ,GA,30904-2200,Public       ,214,410,624,4340,4518,8858
00155400,BERRY COLLEGE                           ,GA,30149-5007,Private      ,52,18,70,2281,218,2499
00155500,THOMAS UNIVERSITY                       ,GA,31792-7499,Private      ,22,125,147,315,1036,1351
00155600,BRENAU UNIVERSITY                       ,GA,30501-3668,Private      ,49,240,289,1042,2428,3470
00155700,BREWTON PARKER COLLEGE                  ,GA,30445-0000,Private      ,23,59,82,678,665,1343
00155800,COASTAL GEORGIA COMMUNITY COLLEGE       ,GA,31520-3644,Public       ,113,355,468,1302,2334,3636
00155900,CLARK ATLANTA UNIVERSITY                ,GA,30314-4385,Private      ,485,323,808,13362,4150,17512
00156000,COLUMBIA THEOLOGICAL SEMINARY           ,GA,30031-0000,Private      ,0,10,10,4,187,191
00156100,COLUMBUS STATE UNIVERSITY               ,GA,31907-5645,Public       ,213,449,662,5091,4451,9542
00156200,GEORGIA PERIMETER COLLEGE               ,GA,30021-0000,Public       ,1225,2277,3502,12071,15667,27738
00156300,EMMANUEL COLLEGE                        ,GA,30639-0000,Private      ,16,12,28,697,201,898
00156400,EMORY UNIVERSITY                        ,GA,30322-1960,Private      ,198,319,517,10392,8357,18749
00156600,FORT VALLEY STATE UNIVERSITY            ,GA,31030-3298,Public       ,211,159,370,4997,1566,6563
00156700,GAINESVILLE STATE COLLEGE               ,GA,30503-0000,Public       ,482,355,837,5107,2461,7568
00156800,INTERDENOMINATIONAL THEOLOGY CENTER     ,GA,30314-0000,Private      ,0,27,27,3,531,534
00156900,GEORGIA INSTITUTE OF TECHNOLOGY         ,GA,30332-0002,Public       ,340,269,609,13129,3598,16727
00157000,SOUTHERN POLYTECHNIC STATE UNIV         ,GA,30060-2896,Public       ,110,230,340,2640,2027,4667
00157100,GEORGIA MILITARY COLLEGE                ,GA,31061-3398,Public       ,309,476,785,3044,3778,6822
00157200,GEORGIA SOUTHERN UNIVERSITY             ,GA,30460-8065,Public       ,487,463,950,16162,5194,21356
00157300,GEORGIA SOUTHWESTERN STATE UNIV         ,GA,31709-4693,Public       ,64,125,189,1917,1627,3544
00157400,GEORGIA STATE UNIVERSITY                ,GA,30303-3010,Public       ,1009,1905,2914,20562,21008,41570
00157500,GORDON COLLEGE                          ,GA,30204-1762,Public       ,297,264,561,3605,2113,5718
00157700,KENNESAW STATE UNIVERSITY               ,GA,30144-5591,Public       ,709,1197,1906,12046,10904,22950
00157800,LAGRANGE COLLEGE                        ,GA,30240-2999,Private      ,25,34,59,1129,548,1677
00157900,MEDICAL COLLEGE OF GEORGIA              ,GA,30912-0004,Public       ,24,80,104,530,2386,2916
00158000,MERCER UNIVERSITY                       ,GA,31207-0003,Private      ,133,532,665,3932,7102,11034
00158100,MIDDLE GEORGIA COLLEGE                  ,GA,31014-1599,Public       ,173,213,386,3250,1737,4987
00158200,MOREHOUSE COLLEGE                       ,GA,30314-3773,Private      ,149,70,219,4926,885,5811
00158500,NORTH GEORGIA COLLEGE & STATE UNIV      ,GA,30597-0001,Public       ,176,201,377,3328,1656,4984
00158600,OGLETHORPE UNIVERSITY                   ,GA,30319-2737,Private      ,43,41,84,1603,434,2037
00158700,PAINE COLLEGE                           ,GA,30901-3182,Private      ,58,47,105,1586,489,2075
00158800,PIEDMONT COLLEGE                        ,GA,30535-5644,Private      ,23,316,339,798,2226,3024
00158900,REINHARDT COLLEGE                       ,GA,30183-2981,Private      ,43,55,98,931,335,1266
00159000,SAVANNAH STATE UNIVERSITY               ,GA,31404-5298,Public       ,222,242,464,5509,2148,7657
00159100,SHORTER COLLEGE                         ,GA,30165-4298,Private      ,60,374,434,1451,2737,4188
00159200,SOUTH GEORGIA COLLEGE                   ,GA,31533-8104,Public       ,95,118,213,1498,1055,2553
00159400,SPELMAN COLLEGE                         ,GA,30314-4399,Private      ,217,78,295,5953,1015,6968
00159600,TOCCOA FALLS COLLEGE                    ,GA,30598-0001,Private      ,20,15,35,940,214,1154
00159700,TRUETT MCCONNELL COLLEGE                ,GA,30528-1264,Private      ,20,11,31,473,73,546
00159800,UNIVERSITY OF GEORGIA                   ,GA,30602-6114,Public       ,679,596,1275,19881,9859,29740
00159900,VALDOSTA STATE UNIVERSITY               ,GA,31698-0001,Public       ,428,428,856,10678,4664,15342
00160000,WESLEYAN COLLEGE                        ,GA,31210-4407,Private      ,11,51,62,410,470,880
00160100,UNIV OF WEST GEORGIA                    ,GA,30118-0002,Public       ,280,464,744,8881,4475,13356
00160200,GEORGIA COLLEGE & STATE UNIVERSITY      ,GA,31061-0490,Public       ,156,178,334,5030,1863,6893
00160400,YOUNG HARRIS COLLEGE                    ,GA,30582-4137,Private      ,23,6,29,788,53,841
00348400,COVENANT COLLEGE                        ,GA,30750-4164,Private      ,44,40,84,1242,380,1622
00395600,DALTON STATE COLLEGE                    ,GA,30720-3797,Public       ,207,412,619,2618,2870,5488
00402300,APPALACHIAN TECHNICAL COLLEGE           ,GA,30143-0000,Public       ,45,144,189,280,748,1028
00402400,COOSA VALLEY TECHNICAL COLLEGE          ,GA,30161-6757,Public       ,117,453,570,1028,2777,3805
00402403,NORTHWESTERN TECHNICAL COLLEGE          ,GA,30739-0569,Public       ,111,439,550,896,2899,3795
00411700,GRADY HEALTH SYSTEM                     ,GA,30303-3050,Public       ,8,31,39,79,254,333
00525400,LANIER TECHNICAL COLLEGE                ,GA,30566-3499,Public       ,97,358,455,734,2298,3032
00525500,MOULTRIE TECHNICAL COLLEGE              ,GA,31768-0000,Public       ,100,315,415,635,2031,2666
00525600,VALDOSTA TECHNICAL COLLEGE              ,GA,31603-0000,Public       ,118,434,552,818,2521,3339
00551100,OKEFENOKEE TECHNICAL COLLEGE            ,GA,31501-4016,Public       ,49,200,249,385,1347,1732
00559900,AUGUSTA TECHNICAL COLLEGE               ,GA,30906-3399,Public       ,201,723,924,1859,5374,7233
00560000,ATHENS TECHNICAL COLLEGE                ,GA,30601-1579,Public       ,228,581,809,1951,3944,5895
00560100,ALBANY TECHNICAL COLLEGE                ,GA,31701-2648,Public       ,130,522,652,1144,3787,4931
00561300,FLINT RIVER TECHNICAL INSTITUTE         ,GA,30286-0014,Public       ,37,171,208,215,1010,1225
00561401,WEST GEORGIA TECHNICAL COLLEGE - ROOSEVE,GA,31830-0268,Public       ,1,0,1,1,0,1
00561500,SOUTHWEST GEORGIA TECHNICAL COLLEGE     ,GA,31792-2622,Public       ,64,278,342,581,1828,2409
00561600,SWAINSBORO TECHNICAL COLLEGE            ,GA,30401-5700,Public       ,23,79,102,209,673,882
00561700,SOUTH GEORGIA TECHNICAL COLLEGE         ,GA,31709-8167,Public       ,102,260,362,849,1570,2419
00561800,SAVANNAH TECHNICAL COLLEGE              ,GA,31405-5594,Public       ,318,1182,1500,2049,7022,9071
00561900,NORTH GEORGIA TECHNICAL COLLEGE         ,GA,30523-0000,Public       ,114,336,450,838,1824,2662
00562000,CHATTAHOOCHEE TECHNICAL COLLEGE         ,GA,30060-3398,Public       ,273,694,967,2157,4592,6749
00562100,GRIFFIN TECHNICAL COLLEGE               ,GA,30223-2097,Public       ,173,549,722,1223,3645,4868
00562200,DEKALB TECHNICAL COLLEGE                ,GA,30021-0000,Public       ,217,962,1179,1566,6300,7866
00562400,COLUMBUS TECHNICAL COLLEGE              ,GA,31904-6572,Public       ,131,505,636,1199,3780,4979
00576300,CENTRAL GEORGIA TECHNICAL COLLEGE       ,GA,31206-3628,Public       ,226,943,1169,1634,6320,7954
00772800,MACON STATE COLLEGE                     ,GA,31206-5145,Public       ,217,526,743,3251,5115,8366
00854300,ATLANTA TECHNICAL COLLEGE               ,GA,30310-4499,Public       ,240,899,1139,1687,5279,6966
00897600,CLAYTON STATE UNIVERSITY                ,GA,30260-0285,Public       ,258,784,1042,4640,7247,11887
00918300,EAST CENTRAL TECHNICAL COLLEGE          ,GA,31750-0000,Public       ,31,189,220,287,1091,1378
00927000,ART INSTITUTE OF ATLANTA                ,GA,30328-1649,Proprietary  ,702,790,1492,6998,4824,11822
00950700,GEORGIA HIGHLANDS COLLEGE               ,GA,30162-0000,Public       ,251,346,597,2732,2463,5195
01031903,MEDIX SCHOOL                            ,GA,30080-7630,Proprietary  ,41,230,271,204,859,1063
01035601,EVEREST INSTITUTE - DEKALB              ,GA,30035-3420,Proprietary  ,81,275,356,255,870,1125
01048700,WEST GEORGIA TECHNICAL COLLEGE          ,GA,30182-6476,Public       ,177,551,728,1396,3569,4965
01048704,WEST GEORGIA TECHNICAL COLLEGE          ,GA,30240-5957,Public       ,67,246,313,574,1530,2104
01077100,GUPTON JONES COLLEGE                    ,GA,30035-4022,Private      ,11,32,43,105,229,334
01099700,EAST GEORGIA COLLEGE                    ,GA,30401-2699,Public       ,140,133,273,2156,1060,3216
01107400,BAINBRIDGE COLLEGE                      ,GA,39819-8400,Public       ,90,472,562,1101,2947,4048
01110901,EVEREST COLLEGE - EVEREST INSTITUTE     ,GA,30067-8340,Proprietary  ,45,215,260,140,649,789
01112301,EVEREST COLLEGE - EVEREST INSTITUTE- NOR,GA,30093-2813,Proprietary  ,57,289,346,201,1082,1283
01157400,BAUDER COLLEGE                          ,GA,30313-2439,Proprietary  ,105,211,316,691,1109,1800
01205100,PRO WAY HAIR SCHOOL                     ,GA,30083-2884,Proprietary  ,12,60,72,66,294,360
01216500,ATLANTA METROPOLITAN COLLEGE            ,GA,30310-4498,Public       ,224,441,665,1983,3186,5169
01303900,SOUTH UNIVERSITY                        ,GA,31406-4881,Proprietary  ,335,3936,4271,1287,14915,16202
02055000,WAYCROSS COLLEGE                        ,GA,31503-0000,Public       ,25,96,121,508,685,1193
02060900,BROWN CLG OF COURT REPORTING & M.T.     ,GA,30318-2570,Proprietary  ,4,46,50,27,321,348
02074800,LIFE UNIVERSITY                         ,GA,30060-0000,Private      ,25,112,137,272,2122,2394
02089700,HERZING COLLEGE                         ,GA,30326-1332,Proprietary  ,37,194,231,239,917,1156
02110501,ART INSTITUTE OF CHARLOTTE (THE) - BROWN,GA,30328-1635,Proprietary  ,5,12,17,61,52,113
02113604,AMERICAN INTERCONTINENTAL UNIV - DUNWOOD,GA,30328-1649,Proprietary  ,69,256,325,618,1856,2474
02116000,SANFORD-BROWN COLLEGE                   ,GA,30328-4803,Proprietary  ,53,350,403,306,1711,2017
02141500,SAVANNAH COLLEGE OF ART & DESIGN        ,GA,31402-3146,Private      ,321,245,566,8200,3304,11504
02202800,AUGUSTA AREA DIET INTERN UNIV HOSP      ,GA,30901-0000,Private      ,0,2,2,2,26,28
02205300,SAVANNAH RIVER COLLEGE                  ,GA,30909-0000,Proprietary  ,3,23,26,53,393,446
02217200,PORTFOLIO CENTER                        ,GA,30309-0000,Proprietary  ,3,18,21,18,131,149
02263105,ANTHEM COLLEGE - HIGH-TECH INSTITUTE - M,GA,30324-3398,Proprietary  ,0,8,8,26,43,69
02266200,AMERICAN PROFESSIONAL INSTITUTE         ,GA,31201-0000,Proprietary  ,93,341,434,255,1252,1507
02279500,HEART OF GEORGIA TECHNICAL COLLEGE      ,GA,31021-0000,Public       ,49,160,209,392,1245,1637
02284300,INTERACTIVE COLLEGE OF TECHNOLOGY       ,GA,30341-0000,Proprietary  ,50,303,353,201,1452,1653
02284308,INTERACTIVE LEARNING SYSTEMS            ,GA,30260-0000,Proprietary  ,12,73,85,51,266,317
02284309,INTERACTIVE COLLEGE OF TECHNOLOGY       ,GA,30501-0000,Proprietary  ,12,109,121,34,214,248
02285500,"CREATIVE CIRCUS, THE                    ",GA,30324-0000,Proprietary  ,10,25,35,73,251,324
02288400,GWINNETT TECHNICAL INSTITUTE            ,GA,30043-5702,Public       ,297,908,1205,2362,5671,8033
02313902,WESTWOOD COLLEGE - O'HARE AIRPORT - ATLA,GA,30345-2807,Proprietary  ,51,85,136,285,462,747
02318600,GEORGIA MEDICAL INSTITUTE               ,GA,30303-0000,Proprietary  ,0,0,0,68,134,202
02321400,ROFFLER-MOLER HAIRSTYLING COLLEGE       ,GA,30062-0000,Proprietary  ,8,18,26,43,104,147
02354500,SOUTHEASTERN BEAUTY SCHOOLS             ,GA,31906-0000,Proprietary  ,3,17,20,20,121,141
02482100,MOREHOUSE SCHOOL OF MEDICINE            ,GA,30310-0000,Private      ,11,17,28,123,594,717
02502700,ADVANCED CAREER TRAINING                ,GA,30329-0000,Proprietary  ,45,248,293,132,817,949
02502701,ADVANCED CAREER TRAINING-RIVERDALE      ,GA,30274-0000,Proprietary  ,56,161,217,157,565,722
02508600,MIDDLE GEORGIA TECHNICAL COLLEGE        ,GA,31088-0000,Public       ,88,323,411,751,2147,2898
02520000,INTERNATIONAL SCH SKIN & NAILCARE       ,GA,30342-0000,Proprietary  ,9,71,80,42,232,274
02577000,ARNOLD / PADRICKS  UNIV OF COSM         ,GA,30297-0000,Proprietary  ,20,49,69,62,187,249
02577700,BEAUTY COLLEGE OF AMERICA               ,GA,30297-0000,Proprietary  ,3,20,23,34,99,133
02578300,INTERNATIONAL CITY BEAUTY COLLEGE       ,GA,31093-3631,Proprietary  ,1,8,9,9,28,37
02580200,ATLANTA SCHOOL OF MASSAGE               ,GA,30338-0000,Proprietary  ,4,70,74,66,283,349
02583000,GWINNETT COLLEGE OF BUSINESS            ,GA,30047-3447,Proprietary  ,14,103,117,135,687,822
02607600,CAPELLI LEARNING CTR FOR COSM           ,GA,30324-0000,Proprietary  ,7,53,60,64,218,282
03005400,ARTISTIC BEAUTY COLLEGE                 ,GA,30013-2076,Proprietary  ,56,178,234,213,632,845
03022601,WESTERN CULINARY INSTITUTE - LE CORDON B,GA,30084-5893,Proprietary  ,21,42,63,133,196,329
03029000,NORTH METRO TECHNICAL COLLEGE           ,GA,30102-3129,Public       ,195,375,570,1376,2490,3866
03030000,OGEECHEE TECHNICAL COLLEGE              ,GA,30458-8049,Public       ,159,370,529,1202,2265,3467
03032100,ALTAMAHA TECHNICAL COLLEGE              ,GA,31545-4465,Public       ,24,128,152,261,885,1146
03042700,LAURUSTECHNICAL INSTITUTE               ,GA,30030-1506,Proprietary  ,24,118,142,90,474,564
03066500,SOUTHEASTERN TECHNICAL COLLEGE          ,GA,30474-8817,Public       ,46,150,196,358,1164,1522
03072304,EVEREST COLLEGE - EVEREST INSTITUTE     ,GA,30236-0000,Proprietary  ,96,277,373,326,1109,1435
03076300,BEULAH HEIGHTS BIBLE COLLEGE            ,GA,30316-1873,Private      ,4,52,56,40,663,703
03079202,WESTWOOD COLLEGE - ATLANTA MIDTOWN      ,GA,30309-2848,Proprietary  ,82,179,261,575,845,1420
03081500,SOUTHEASTERN BEAUTY SCHOOL              ,GA,31917-0000,Proprietary  ,4,18,22,23,130,153
03089100,GEORGIA INSTITUTE OF COSMETOLOGY        ,GA,30606-3152,Proprietary  ,21,67,88,86,250,336
03090600,COBB BEAUTY COLLEGE                     ,GA,30144-2828,Proprietary  ,4,7,11,20,45,65
03100900,LUTHER RICE UNIVERSITY                  ,GA,30038-2454,Private      ,3,61,64,19,643,662
03102000,RIVERTOWN SCHOOL OF BEAUTY              ,GA,31904-4747,Proprietary  ,10,46,56,49,137,186
03104500,ATLANTA INSTITUTE OF MUSIC              ,GA,30096-4988,Proprietary  ,18,27,45,122,140,262
03116100,VOGUE BEAUTY SCHOOL                     ,GA,30141-2226,Proprietary  ,4,24,28,24,93,117
03155500,SANDERSVILLE REGIONAL TECH INST         ,GA,31082-6179,Public       ,52,118,170,198,581,779
03173300,ATLANTA'S JOHN MARSHALL LAW SCHOOL      ,GA,30309-0000,Proprietary  ,3,29,32,15,1101,1116
03232304,LINCOLN COLLEGE OF TECHNOLOGY           ,GA,30067-8638,Proprietary  ,53,104,157,182,631,813
03251300,BEACON UNIVERSITY                       ,GA,31909-4663,Private      ,3,11,14,32,229,261
03355402,PSYCHOLOGICAL STUDIES INSTITUTE -       ,GA,30327-2921,Private      ,0,0,0,13,161,174
03391300,ROSS MEDICAL EDUCATION CENTER           ,GA,30033-3105,Proprietary  ,0,2,2,10,38,48
03418300,GWINNETT COLLEGE-SANDY SPRINGS          ,GA,30328-3161,Proprietary  ,6,36,42,29,145,174
03445500,FAYETTE BEAUTY ACADEMY                  ,GA,30214-1191,Proprietary  ,1,11,12,12,61,73
03522300,POWDER SPRINGS BEAUTY COLLEGE           ,GA,30127-2926,Proprietary  ,0,11,11,4,28,32
03523300,AVIATION INSTITUTE OF MAINTENANCE       ,GA,30045-6716,Proprietary  ,52,140,192,160,549,709
03753400,MICHAEL'S SCHOOL OF BEAUTY              ,GA,31211-1493,Proprietary  ,4,24,28,33,141,174
03804400,JAVELIN TECHNICAL TRAINING CENTER       ,GA,30339-6040,Proprietary  ,78,348,426,309,1370,1679
03804401,JAVELIN TECHNICAL TRAINING CENTER -     ,GA,30260-1756,Proprietary  ,1,9,10,11,46,57
03804402,JAVELIN TECHNICAL TRAINING CENTER -     ,GA,30084-5252,Proprietary  ,0,13,13,8,45,53
03812300,OMNITECH INSTITUTE                      ,GA,30035-1206,Proprietary  ,30,73,103,141,404,545
04021300,AUGUSTA SCHOOL OF MASSAGE               ,GA,30809-0000,Proprietary  ,1,9,10,19,44,63
04091300,SAVANNAH SCHOOL OF MASSAGE THERAPY      ,GA,31406-2711,Proprietary  ,2,12,14,26,76,102
04105300,NIGHTINGALE MEDICAL INSTITUTE           ,GA,30084-4036,Proprietary  ,31,88,119,80,264,344
04126800,ACADEMY OF SOMATIC HEALING ARTS (ASHA)  ,GA,30071-1024,Proprietary  ,7,31,38,28,130,158
04128500,SOUTHERN CATHOLIC COLLEGE               ,GA,30534-3111,Private      ,2,1,3,196,20,216
04142900,GEORGIA GWINNETT COLLEGE                ,GA,30043-7409,Public       ,266,290,556,266,290,556
        ,CHICAGO THEOLOGICAL SEMINARY            ,IL,60637-0000,Private      ,0,7,7,3,141,144
00162800,AMERICAN ACADEMY OF ART                 ,IL,60604-4302,Proprietary  ,21,6,27,504,121,625
00163300,AUGUSTANA COLLEGE                       ,IL,61201-2296,Private      ,24,5,29,3388,139,3527
00163400,AURORA UNIVERSITY                       ,IL,60506-4892,Private      ,52,189,241,2248,2290,4538
00163600,SOUTHWESTERN ILLINOIS COLLEGE           ,IL,62221-5899,Public       ,354,933,1287,3323,5538,8861
00163800,BLACK HAWK COLLEGE                      ,IL,61265-5899,Public       ,143,345,488,1859,2520,4379
00163900,BLACKBURN COLLEGE                       ,IL,62626-1498,Private      ,9,8,17,868,122,990
00164000,PRAIRIE STATE COLLEGE                   ,IL,60411-8226,Public       ,125,440,565,1882,3418,5300
00164100,BRADLEY UNIVERSITY                      ,IL,61625-0002,Private      ,73,45,118,6071,961,7032
00164300,SPOON RIVER COLLEGE                     ,IL,61520-8907,Public       ,34,67,101,686,674,1360
00164700,CITY COLLEGES OF CHICAGO                ,IL,60606-6998,Public       ,11,63,74,362,564,926
00164800,TRUMAN COLLEGE                          ,IL,60640-5691,Public       ,145,446,591,2139,3681,5820
00164900,RICHARD J DALEY COLLEGE                 ,IL,60652-1299,Public       ,110,343,453,2068,3375,5443
00165000,CITY COLLEGES OF CHICAGO-MALCOLM X      ,IL,60612-3197,Public       ,103,536,639,2045,4889,6934
00165200,HAROLD WASHINGTON COLLEGE               ,IL,60601-2403,Public       ,305,672,977,4109,5264,9373
00165400,KENNEDY KING COLLEGE                    ,IL,60621-3798,Public       ,217,1022,1239,2960,7341,10301
00165500,WRIGHT COLLEGE                          ,IL,60634-1591,Public       ,232,516,748,3720,3937,7657
00165700,MIDWESTERN UNIVERSITY                   ,IL,60515-1200,Private      ,2,16,18,118,2606,2724
00165900,ROSALIND FRANKLIN UNIVERSITY OF MEDICINE,IL,60064-3095,Private      ,0,42,42,17,2019,2036
00166300,SPERTUS COLLEGE                         ,IL,60605-1995,Private      ,0,16,16,0,70,70
00166400,UNIVERSITY OF ST FRANCIS                ,IL,60435-6188,Private      ,27,178,205,1354,1584,2938
00166500,COLUMBIA COLLEGE                        ,IL,60605-1996,Private      ,466,297,763,11421,4351,15772
00166600,CONCORDIA UNIVERSITY                    ,IL,60305-1499,Private      ,17,400,417,1433,2878,4311
00166900,DANVILLE AREA COMMUNITY COLLEGE         ,IL,61832-5199,Public       ,35,215,250,752,1302,2054
00167100,DEPAUL UNIVERSITY                       ,IL,60604-2287,Private      ,315,980,1295,15051,13167,28218
00167400,EASTERN ILLINOIS UNIVERSITY             ,IL,61920-3099,Public       ,290,203,493,9470,3010,12480
00167500,ELGIN COMMUNITY COLLEGE                 ,IL,60123-7193,Public       ,217,422,639,2330,2601,4931
00167600,ELMHURST COLLEGE                        ,IL,60126-3296,Private      ,53,64,117,3289,1040,4329
00167800,EUREKA COLLEGE                          ,IL,61530-9976,Private      ,13,11,24,866,207,1073
00168100,HIGHLAND COMMUNITY COLLEGE              ,IL,61032-9341,Public       ,55,140,195,760,930,1690
00168200,GARRETT-EVANGELICAL THEOLOGICAL SEM     ,IL,60201-0000,Private      ,0,4,4,1,183,184
00168400,GREENVILLE COLLEGE                      ,IL,62246-1199,Private      ,14,50,64,1520,686,2206
00168500,HEBREW THEOLOGICAL COLLEGE              ,IL,60077-3263,Private      ,12,1,13,350,15,365
00168800,ILLINOIS COLLEGE                        ,IL,62650-2299,Private      ,11,1,12,1267,81,1348
00168900,ILLINOIS COLLEGE OF OPTOMETRY           ,IL,60616-3878,Private      ,0,4,4,16,668,684
00169100,ILLINOIS INSTITUTE OF TECHNOLOGY        ,IL,60616-0000,Private      ,66,108,174,2530,1992,4522
00169103,CHICAGO KENT COLLEGE OF LAW             ,IL,60661-0000,Private      ,0,20,20,16,1926,1942
00169200,ILLINOIS STATE UNIVERSITY               ,IL,61790-1000,Public       ,383,244,627,17033,4117,21150
00169300,NORTHEASTERN ILLINOIS UNIV              ,IL,60625-4699,Public       ,166,465,631,4987,5928,10915
00169400,CHICAGO STATE UNIVERSITY                ,IL,60628-1598,Public       ,213,681,894,5629,9325,14954
00169600,ILLINOIS WESLEYAN UNIVERSITY            ,IL,61701-0000,Private      ,39,10,49,2763,80,2843
00169800,JOHN MARSHALL LAW SCHOOL                ,IL,60604-0000,Private      ,1,110,111,18,2428,2446
00169900,JOLIET JUNIOR COLLEGE                   ,IL,60431-8938,Public       ,397,636,1033,4321,4279,8600
00170000,JUDSON UNIVERSITY                       ,IL,60123-1498,Private      ,16,73,89,821,707,1528
00170100,KASKASKIA COLLEGE                       ,IL,62801-7878,Public       ,86,316,402,1232,1942,3174
00170300,KENDALL COLLEGE                         ,IL,60622-4278,Proprietary  ,69,190,259,969,1754,2723
00170400,KNOX COLLEGE                            ,IL,61401-4999,Private      ,24,0,24,2297,72,2369
00170500,ILLINOIS VALLEY COMMUNITY COLLEGE       ,IL,61348-9692,Public       ,77,178,255,1086,1288,2374
00170600,LAKE FOREST COLLEGE                     ,IL,60045-2399,Private      ,21,5,26,1693,105,1798
00170700,LEWIS UNIVERSITY                        ,IL,60446-2200,Private      ,95,232,327,3605,2508,6113
00170800,LINCOLN CHRISTIAN COLLEGE               ,IL,62656-2167,Private      ,6,25,31,479,549,1028
00170900,LINCOLN COLLEGE                         ,IL,62656-1699,Private      ,51,61,112,1222,443,1665
00171000,LOYOLA UNIVERSITY CHICAGO               ,IL,60626-0000,Private      ,247,485,732,15090,8861,23951
00171002,LOYOLA STRITCH SCHOOL OF MEDICINE       ,IL,60153-0000,Private      ,1,7,8,11,1076,1087
00171200,LUTHERAN SCHOOL OF THEOL AT CHICAGO     ,IL,60615-0000,Private      ,0,4,4,0,140,140
00171600,MACCORMAC COLLEGE                       ,IL,60602-4405,Private      ,2,8,10,50,129,179
00171700,MACMURRAY COLLEGE                       ,IL,62650-2590,Private      ,8,8,16,698,226,924
00172100,MCCORMICK THEOLOGICAL SEMINARY          ,IL,60615-5108,Private      ,0,8,8,1,119,120
00172200,MCKENDREE UNIVERSITY                    ,IL,62254-1299,Private      ,41,104,145,1617,1433,3050
00172300,MEADVILLE LOMBARD THEOLOGICAL SCHOOL    ,IL,60637-1602,Private      ,0,4,4,0,59,59
00172400,MILLIKIN UNIVERSITY                     ,IL,62522-2084,Private      ,46,66,112,2638,756,3394
00172500,MONMOUTH COLLEGE                        ,IL,61462-1963,Private      ,13,9,22,1846,82,1928
00172800,MORTON COLLEGE                          ,IL,60804-4398,Public       ,102,217,319,1341,1726,3067
00173200,NATIONAL UNIV OF HEALTH SCIENCES        ,IL,60148-4583,Private      ,5,71,76,55,802,857
00173300,NATIONAL-LOUIS UNIVERSITY               ,IL,60603-3032,Private      ,21,858,879,269,6743,7012
00173400,NORTH CENTRAL COLLEGE                   ,IL,60540-4690,Private      ,51,61,112,2826,651,3477
00173500,NORTH PARK UNIVERSITY                   ,IL,60625-4895,Private      ,28,126,154,2266,1374,3640
00173600,NORTHERN BAPTIST THEOL SEMINARY         ,IL,60148-0000,Private      ,0,3,3,1,14,15
00173700,NORTHERN ILLINOIS UNIVERSITY            ,IL,60115-2854,Public       ,478,517,995,18258,8059,26317
00173900,NORTHWESTERN UNIV                       ,IL,60208-0001,Private      ,200,471,671,15334,9589,24923
00174100,OLIVET NAZARENE UNIVERSITY              ,IL,60914-2271,Private      ,36,293,329,2797,1822,4619
00174200,IL EASTERN COMM COLGS-OLNEY CENTRAL     ,IL,62450-1099,Public       ,33,101,134,577,642,1219
00174500,QUINCY UNIVERSITY                       ,IL,62301-2699,Private      ,29,74,103,1326,667,1993
00174600,ROBERT MORRIS UNIVERSITY ILLINOIS       ,IL,60605-1225,Private      ,178,480,658,4472,5167,9639
00174700,ROCK VALLEY COLLEGE                     ,IL,61114-5699,Public       ,224,650,874,2441,3952,6393
00174800,ROCKFORD COLLEGE                        ,IL,61108-2393,Private      ,33,127,160,936,1002,1938
00174900,ROOSEVELT UNIVERSITY                    ,IL,60605-1394,Private      ,136,516,652,3462,6829,10291
00175000,DOMINICAN UNIVERSITY                    ,IL,60305-1066,Private      ,28,124,152,2111,1409,3520
00175200,SAUK VALLEY COMMUNITY COLLEGE           ,IL,61021-9112,Public       ,57,133,190,940,1066,2006
00175300,SCHOOL OF ART INSTITUTE OF CHICAGO      ,IL,60603-3017,Private      ,96,87,183,2821,1961,4782
00175400,SEABURY-WESTERN THEO SEMINARY           ,IL,60201-0000,Private      ,0,0,0,0,27,27
00175600,SHIMER COLLEGE                          ,IL,60616-3893,Private      ,1,3,4,109,53,162
00175700,SOUTHEASTERN ILLINOIS COLLEGE           ,IL,62946-4925,Public       ,23,96,119,562,718,1280
00175800,SOUTHERN ILL UNIV-CARBONDALE            ,IL,62901-0000,Public       ,308,437,745,13945,7831,21776
00175900,SOUTHERN ILL UNIV-EDWARDSVILLE          ,IL,62026-1060,Public       ,287,318,605,9504,4921,14425
00175924,SO IL UNIV-SCHL OF DENTAL MEDICINE      ,IL,62002-0000,Public       ,1,1,2,6,201,207
00176100,SPRINGFIELD COLLEGE IN ILLINOIS         ,IL,62702-2694,Private      ,28,50,78,426,583,1009
00176500,UNIVERSITY OF ST MARY OF THE LAKE       ,IL,60060-0000,Private      ,0,0,0,0,12,12
00176700,BENEDICTINE UNIVERSITY                  ,IL,60532-0900,Private      ,53,341,394,2222,3005,5227
00176800,ST XAVIER UNIVERSITY                    ,IL,60655-3199,Private      ,68,231,299,3657,3307,6964
00176900,SOUTH SUBURBAN COLLEGE                  ,IL,60473-9978,Public       ,210,749,959,2298,5439,7737
00177100,TRINITY CHRISTIAN COLLEGE               ,IL,60463-0929,Private      ,22,66,88,1179,697,1876
00177200,TRINITY INTERNATIONAL UNIVERSITY        ,IL,60015-1283,Private      ,18,62,80,847,1112,1959
00177300,TRITON COLLEGE                          ,IL,60171-1995,Public       ,198,424,622,2759,3554,6313
00177400,UNIVERSITY OF CHICAGO                   ,IL,60637-1476,Private      ,158,127,285,9728,2175,11903
00177401,UNIV OF CHICAGO PRITZKER SCH OF MED     ,IL,60637-0000,Private      ,0,3,3,30,657,687
00177403,"UNIV OF CHICAGO, GRAD SCH OF BUS        ",IL,60637-0000,Private      ,0,117,117,23,1299,1322
00177405,UNIVERSITY OF CHICAGO GRADUATE          ,IL,60637-0000,Private      ,9,149,158,100,5348,5448
00177500,UNIV OF ILLINOIS @ URBANA-CHAMPAIGN     ,IL,61820-5796,Public       ,441,322,763,24671,7726,32397
00177600,UNIV OF ILLINOIS AT CHICAGO             ,IL,60607-7163,Public       ,462,713,1175,16851,12732,29583
00177800,VANDERCOOK COLLEGE OF MUSIC             ,IL,60616-3731,Private      ,2,7,9,146,86,232
00177900,IL EASTERN COMM COLGS-WABASH VALLEY     ,IL,62863-2699,Public       ,14,38,52,415,344,759
00178000,WESTERN ILLINOIS UNIVERSITY             ,IL,61455-1390,Public       ,239,206,445,9802,3396,13198
00178100,WHEATON COLLEGE                         ,IL,60187-5535,Private      ,29,32,61,2460,582,3042
00178300,WORSHAM COLLEGE OF MORTUARY SCIENCE     ,IL,60090-2646,Proprietary  ,1,10,11,52,110,162
00396100,HARPER COLLEGE                          ,IL,60067-7398,Public       ,273,403,676,3802,3047,6849
00418100,ADVOCATE TRINITY HOSPITAL SCHOOL OF RADI,IL,60617-3982,Private      ,2,6,8,24,89,113
00456000,GEM CITY COLLEGE                        ,IL,62301-4949,Proprietary  ,3,3,6,11,31,42
00456800,MIDSTATE COLLEGE                        ,IL,61614-3558,Proprietary  ,8,85,93,65,783,848
00457100,SPARKS COLLEGE                          ,IL,62565-2241,Proprietary  ,1,5,6,5,15,20
00512732,BROWN MACKIE COLLEGE-MERRILLVILLE - BROW,IL,61265-7062,Proprietary  ,0,5,5,5,21,26
00621400,BLESSING RIEMAN COLLEGE OF NURSING      ,IL,62301-0000,Private      ,1,8,9,63,74,137
00621401,BLESSING HOSP SCH MED LAB TECH          ,IL,62301-0000,Private      ,0,0,0,0,4,4
00621402,BLESSING HOSP SCH OF RAD TECH           ,IL,62301-2852,Private      ,0,0,0,8,12,20
00621403,BLESSING HOSPITAL - COLLEGE OF NURSING  ,IL,62305-7005,Private      ,0,1,1,13,16,29
00622501,TRINITY COLLEGE OF NURSING & HEALTH SCIE,IL,61201-5317,Private      ,1,16,17,79,198,277
00622800,METHODIST MED CTR OF ILL SCH NRSNG      ,IL,61636-0000,Private      ,4,10,14,75,152,227
00624000,ST FRANCIS MED CLG OF NRSG              ,IL,61603-3783,Private      ,6,18,24,161,301,462
00665600,COLLEGE OF DUPAGE                       ,IL,60137-6599,Public       ,482,817,1299,5923,5591,11514
00675300,ILLINOIS CENTRAL COLLEGE                ,IL,61635-0001,Public       ,189,530,719,3324,4258,7582
00693100,WAUBONSEE COMMUNITY COLLEGE             ,IL,60554-0000,Public       ,134,305,439,1481,2025,3506
00711800,PARKLAND COLLEGE                        ,IL,61821-1899,Public       ,239,416,655,3563,2926,6489
00711900,REND LAKE COLLEGE                       ,IL,62846-9801,Public       ,66,181,247,1159,1430,2589
00717000,LINCOLN LAND COMMUNITY COLLEGE          ,IL,62794-9256,Public       ,179,426,605,2068,3016,5084
00726500,CARL SANDBURG COLLEGE                   ,IL,61401-9576,Public       ,55,171,226,892,1343,2235
00754900,COYNE AMERICAN INSTITUTE                ,IL,60607-1300,Proprietary  ,59,215,274,395,1075,1470
00764400,LAKE LAND COLLEGE                       ,IL,61938-9366,Public       ,119,287,406,1999,1847,3846
00768400,KISHWAUKEE COLLEGE                      ,IL,60150-9699,Public       ,93,173,266,1378,1289,2667
00769000,KANKAKEE COMMUNITY COLLEGE              ,IL,60901-6505,Public       ,97,245,342,1090,1809,2899
00769100,MCHENRY COUNTY COLLEGE                  ,IL,60012-2761,Public       ,122,218,340,1259,1310,2569
00769200,MORAINE VALLEY COMMUNITY COLLEGE        ,IL,60465-0937,Public       ,330,423,753,3957,3552,7509
00769300,SHAWNEE COMMUNITY COLLEGE               ,IL,62992-9725,Public       ,22,139,161,649,1275,1924
00769400,COLLEGE OF LAKE COUNTY                  ,IL,60030-1198,Public       ,235,499,734,2641,3398,6039
00793700,MS ROBERTS ACADEMY OF BEAUTY CULT       ,IL,60181-2930,Proprietary  ,6,19,25,21,66,87
00807600,JOHN A LOGAN COLLEGE                    ,IL,62918-2500,Public       ,137,317,454,1892,2439,4331
00814604,EVEREST UNIVERSITY - EVEREST  COLLEGE   ,IL,60803-4517,Proprietary  ,52,264,316,177,1002,1179
00825900,EDUCATORS OF BEAUTY                     ,IL,61081-3611,Proprietary  ,11,26,37,47,142,189
00825901,EDUCATORS OF BEAUTY                     ,IL,61104-0000,Proprietary  ,1,6,7,37,135,172
00832800,ALVAREITA'S COLLEGE OF COSMETOLOGY      ,IL,62025-2041,Proprietary  ,4,8,12,31,64,95
00854500,ROCKFORD BUSINESS COLLEGE               ,IL,61103-0000,Proprietary  ,14,113,127,164,827,991
00869402,RASMUSSEN COLLEGE - SAINT CLOUD - ROCKFO,IL,61108-2513,Proprietary  ,33,146,179,198,819,1017
00869403,RASMUSSEN COLLEGE - SAINT CLOUD - AURORA,IL,60506-0000,Proprietary  ,15,56,71,26,88,114
00888000,MORRISON INSTITUTE OF TECHNOLOGY        ,IL,61270-2959,Private      ,3,2,5,136,18,154
00893800,GRAHAM HOSPITAL SCH OF NURSING          ,IL,61520-2497,Private      ,0,0,0,24,52,76
00893900,CANNELLA SCHOOL OF HAIR DESIGN          ,IL,60406-2130,Proprietary  ,2,16,18,27,96,123
00914500,GOVERNORS STATE UNIVERSITY              ,IL,60466-0975,Public       ,44,421,465,709,4954,5663
00923200,CATHOLIC THEOLOGICAL UNION              ,IL,60615-0000,Private      ,0,5,5,0,51,51
00933300,UNIV OF ILLINOIS AT SPRINGFIELD         ,IL,62703-5407,Public       ,46,218,264,1675,2475,4150
00947500,EDUCATORS OF BEAUTY                     ,IL,61301-2404,Proprietary  ,2,10,12,18,44,62
00959500,CANNELLA SCHOOL OF HAIR DESIGN          ,IL,60617-4303,Proprietary  ,1,10,11,30,93,123
00976700,OLIVE-HARVEY COLLEGE                    ,IL,60628-1696,Public       ,84,305,389,1077,3019,4096
00978600,IL EASTERN COMM COLGS-LINCOLN TRAIL     ,IL,62454-5708,Public       ,21,46,67,340,382,722
00980000,RUSH UNIVERSITY                         ,IL,60612-3806,Private      ,2,64,66,160,1961,2121
00989600,OAKTON COMMUNITY COLLEGE                ,IL,60016-1268,Public       ,166,262,428,2427,1983,4410
00998700,SAINT ANTHONY COLLEGE OF NURSING        ,IL,61108-2468,Private      ,9,22,31,99,211,310
01002000,LEWIS AND CLARK COMMUNITY COLLEGE       ,IL,62035-2466,Public       ,126,318,444,1773,2413,4186
01031600,LINCOLN COLLEGE OF TECHNOLOGY           ,IL,60160-1605,Proprietary  ,115,238,353,850,1020,1870
01050100,LAKEVIEW  COLLEGE OF NURSING            ,IL,61832-3781,Private      ,9,17,26,130,171,301
01069500,TRI-COUNTY BEAUTY ACADEMY               ,IL,62056-2036,Proprietary  ,4,14,18,10,34,44
01071000,CAPITAL AREA SCH OF PRAC NRSG           ,IL,62707-0000,Public       ,4,52,56,43,363,406
01072700,DEVRY UNIVERSITY                        ,IL,60618-5994,Proprietary  ,1917,8438,10355,21179,60817,81996
01073700,ADVOCATE IL MASONIC SCH OF RAD TECH     ,IL,60657-5193,Private      ,0,0,0,12,32,44
01083600,PIVOT POINT INTNL CSMTLGY RSRCH CTR     ,IL,60626-0000,Proprietary  ,59,55,114,333,410,743
01087900,RICHLAND COMMUNITY COLLEGE              ,IL,62521-8513,Public       ,69,229,298,760,1416,2176
01102401,EVEREST COLLEGE - CHICAGO               ,IL,60604-2052,Proprietary  ,139,510,649,565,1911,2476
01151002,EVEREST INSTITUTE - EVEREST COLLEGE     ,IL,60542-1610,Proprietary  ,33,109,142,129,443,572
01181000,TAYLOR BUSINESS INSTITUTE               ,IL,60606-5111,Proprietary  ,9,59,68,48,255,303
01185800,EVEREST COLLEGE                         ,IL,60077-1074,Proprietary  ,68,219,287,254,867,1121
01185802,EVEREST COLLEGE - BURR RIDGE            ,IL,60527-7826,Proprietary  ,65,229,294,167,574,741
01236200,NORTHWESTERN COLLEGE                    ,IL,60630-2298,Proprietary  ,114,385,499,1089,2695,3784
01238500,BLOOMINGTON-NORMAL SCH RADIOGRAPHY      ,IL,61761-4604,Private      ,0,1,1,10,10,20
01258400,ILLINOIS INSTITUTE OF ART (THE)         ,IL,60654-1593,Proprietary  ,397,398,795,4282,2718,7000
01258401,ILLINOIS INSTITUTE OF ART (THE) - THE IL,IL,60173-4913,Proprietary  ,0,0,0,88,45,133
01281300,JOHN WOOD COMMUNITY COLLEGE             ,IL,62305-0401,Public       ,56,206,262,1127,1300,2427
01308700,CAPRI GARFIELD RIDGE SCH OF BTY CLR     ,IL,60629-1613,Proprietary  ,1,27,28,52,199,251
01308800,CAPRI OAK FOREST COLLEGE OF BEAUTY      ,IL,60452-2798,Proprietary  ,20,24,44,138,156,294
02055200,HARRINGTON COLLEGE OF DESIGN            ,IL,60606-3433,Proprietary  ,43,97,140,748,928,1676
02068100,ADLER SCH OF PROFESSIONAL PSYCHLGY      ,IL,60601-0000,Private      ,1,31,32,12,808,820
02069300,VATTEROTT COLLEGE                       ,IL,62305-5938,Proprietary  ,20,93,113,141,496,637
02073200,TELSHE YESHIVA-CHICAGO                  ,IL,60625-0000,Private      ,2,1,3,27,8,35
02074400,IL EASTERN COMM COLGS-FRONTIER          ,IL,62837-0000,Public       ,15,47,62,179,336,515
02075400,KELLER GRADUATE SCHOOL OF MGMT.         ,IL,60181-0000,Proprietary  ,8,1577,1585,27,13931,13958
02113600,AMERICAN INTERCONTINENTAL UNIVERSITY    ,IL,60192-3713,Proprietary  ,557,6086,6643,3109,31944,35053
02117400,BECK AREA CAREER CENTER                 ,IL,62278-0000,Public       ,6,24,30,21,119,140
02124400,UNIVERSITY OF SPA & COSMETOLOGY ART     ,IL,62704-0000,Proprietary  ,15,34,49,98,150,248
02150600,COSMETOLOGY AND SPA INSTITUTE (THE)     ,IL,60014-4003,Proprietary  ,25,33,58,78,133,211
02155300,THE CHICAGO SCHOOL OF PROF PSYCHOLOGY   ,IL,60610-4705,Private      ,0,159,159,18,2497,2515
02160300,INTERNATIONAL ACAD OF DESIGN & TECH     ,IL,60602-3319,Proprietary  ,104,162,266,1491,1512,3003
02160304,INTERNATIONAL ACADEMY OF DESIGN AND TECH,IL,60173-5160,Proprietary  ,20,34,54,161,211,372
02168600,EAST WEST UNIVERSITY                    ,IL,60605-0000,Private      ,62,94,156,682,1713,2395
02179900,ARGOSY UNIVERSITY                       ,IL,60601-7757,Proprietary  ,183,2731,2914,1180,22906,24086
02185400,ST AUGUSTINE COLLEGE                    ,IL,60640-0000,Private      ,35,146,181,332,1412,1744
02192400,MR JOHNS SCHOOL OF COSMETOLOGY          ,IL,62521-0000,Proprietary  ,1,11,12,13,96,109
02202600,CANNELLA SCHOOL OF HAIR DESIGN          ,IL,60181-1321,Proprietary  ,0,8,8,7,46,53
02214100,WEST SUBURBAN COLLEGE OF NURSING        ,IL,60302-2519,Private      ,4,26,30,122,358,480
02228100,MAC DANIEL'S BEAUTY SCHOOL              ,IL,60640-0000,Proprietary  ,3,19,22,17,69,86
02261200,HAIR PROFESSIONALS ACAD COSMETOLOGY     ,IL,60118-0000,Proprietary  ,19,56,75,70,138,208
02261201,HAIR PROFESSIONALS ACADEMY OF COSMETOLOG,IL,60118-9333,Proprietary  ,1,1,2,3,6,9
02262100,HAIR PROFESSIONALS SCH COSMETOLOGY      ,IL,60543-0000,Proprietary  ,13,27,40,36,74,110
02291200,CANNELLA SCHOOL OF HAIR DESIGN          ,IL,60639-0000,Proprietary  ,9,19,28,38,102,140
02295500,CANNELLA SCHOOL OF HAIR DESIGN          ,IL,60120-0000,Proprietary  ,1,6,7,9,59,68
02297500,OEHRLEIN SCHOOL OF COSMETOLOGY          ,IL,61611-0000,Proprietary  ,9,17,26,53,73,126
02312300,LA' JAMES COLLEGE HAIRSTYLING           ,IL,61244-0000,Proprietary  ,2,3,5,16,30,46
02313900,WESTWOOD COLLEGE - O'HARE AIRPORT       ,IL,60631-2801,Proprietary  ,99,176,275,525,736,1261
02317300,CONCEPT COLLEGE OF COSMETOLOGY          ,IL,61832-0000,Proprietary  ,6,22,28,32,94,126
02319200,LAKE FOREST GRAD SCHL OF MGMT           ,IL,60045-4824,Private      ,0,34,34,1,264,265
02323300,PROFESSIONAL'S CHOICE HAIR DSN ACAD     ,IL,60435-0000,Proprietary  ,3,9,12,17,39,56
02332200,HAIR PROFESSIONALS CAREER COLLEGE       ,IL,60178-0000,Proprietary  ,14,18,32,38,54,92
02337800,THE COLLEGE OF OFFICE TECHNOLOGY        ,IL,60622-0000,Proprietary  ,37,135,172,101,546,647
02349400,ALVAREITA'S COLLEGE OF COSMETOLOGY      ,IL,62035-0000,Proprietary  ,2,10,12,33,28,61
02349500,CANNELLA SCHOOL OF HAIR DESIGN          ,IL,60632-0000,Proprietary  ,3,15,18,45,150,195
02352200,COOKING & HOSPITALITY INSTITUTE         ,IL,60610-3050,Proprietary  ,72,201,273,693,1151,1844
02498200,HAIR PROFESSIONALS ACAD COSMETOLOGY     ,IL,60187-0000,Proprietary  ,13,41,54,33,111,144
02498201,HAIR PROFESSIONALS ACADEMY OF COSMETOLOG,IL,60563-0000,Proprietary  ,2,4,6,14,16,30
02522800,FOX COLLEGE                             ,IL,60453-0000,Proprietary  ,18,10,28,269,146,415
02527600,LEXINGTON COLLEGE                       ,IL,60607-0000,Private      ,1,2,3,70,39,109
02536700,BELL MAR BEAUTY COLLEGE                 ,IL,60650-0000,Proprietary  ,2,14,16,10,51,61
02538100,REGENCY BEAUTY INSTITUTE                ,IL,61820-0000,Proprietary  ,3,1,4,17,28,45
02556100,ENVIRONMENTAL TECHNICAL INSTITUTE       ,IL,60143-0000,Proprietary  ,45,86,131,192,326,518
02556600,NILES SCHOOL OF COSMETOLOGY             ,IL,60714-0000,Proprietary  ,8,8,16,25,44,69
02570305,LOS ANGELES ORT TECHNICAL INSTITUTE -D/B,IL,60077-0000,Private      ,1,1,2,2,4,6
02573700,INSTITUTE FOR CLINICAL SOCIAL WORK      ,IL,60601-0000,Private      ,0,8,8,6,77,83
02579200,INGALLS MEMORIAL HOSPITAL               ,IL,60426-0000,Private      ,0,3,3,4,19,23
02584900,"FIRST INSTITUTE, INC.                   ",IL,60014-7489,Proprietary  ,12,39,51,42,137,179
02587700,HAIR PROFESSIONALS CAREER COLLEGE       ,IL,60465-1929,Proprietary  ,9,26,35,40,100,140
02599500,HANOVER PARK COLLEGE OF BEAUTY CULT     ,IL,60133-5421,Proprietary  ,13,21,34,68,75,143
02622700,KNOWLEDGE SYSTEMS INSTITUTE             ,IL,60076-0000,Private      ,0,0,0,0,3,3
03002000,HAIRMASTERS INST OF COSMETOLOGY         ,IL,61701-5547,Proprietary  ,2,15,17,24,66,90
03027702,PACIFIC COLLEGE OF ORIENTAL MED         ,IL,60613-0000,Proprietary  ,0,44,44,3,184,187
03065300,TREND SETTERS COLL OF COSMETOLOGY       ,IL,60915-2101,Proprietary  ,24,32,56,114,132,246
03072701,WESTWOOD COLLEGE OF TECHNOLOGY          ,IL,60409-0000,Proprietary  ,41,155,196,337,968,1305
03072702,WESTWOOD COLLEGE OF TECHNOLOGY          ,IL,60602-0000,Proprietary  ,86,166,252,630,1112,1742
03078400,CAMEO BEAUTY ACADEMY                    ,IL,60453-3196,Proprietary  ,6,18,24,47,72,119
03079200,WESTWOOD COLLEGE - DUPAGE               ,IL,60517-2321,Proprietary  ,56,87,143,480,523,1003
03082900,ROSEL SCHOOL OF COSMETOLOGY             ,IL,60659-1913,Proprietary  ,7,33,40,20,132,152
03083800,HEARTLAND COMMUNITY COLLEGE             ,IL,61761-9446,Public       ,115,277,392,1484,1859,3343
03098000,ST JOHN'S COLLEGE OF NURSING            ,IL,62702-5321,Private      ,1,7,8,46,58,104
03098002,ST JOHN'S HOSP SCH MED TECH             ,IL,62769-5324,Private      ,1,1,2,4,8,12
03099700,CAIN'S BARBER COLLEGE                   ,IL,60615-3510,Proprietary  ,14,44,58,60,234,294
03099800,ILLINOIS SCHOOL OF HEALTH CAREERS       ,IL,60604-0000,Proprietary  ,45,163,208,260,794,1054
03101800,ILLINOIS CENTER FOR BROADCASTING        ,IL,60148-7015,Proprietary  ,15,55,70,76,222,298
03128300,PYRAMID CAREER INSTITUTE                ,IL,60657-4207,Proprietary  ,0,2,2,2,4,6
03128500,NATIONAL LATINO EDUCATION INSTITUTE     ,IL,60609-2205,Private      ,13,17,30,47,90,137
03199300,CHRISTIAN LIFE COLLEGE                  ,IL,60056-2522,Private      ,3,2,5,22,18,40
03368300,MIDWEST TECHNICAL INSTITUTE             ,IL,62707-8805,Proprietary  ,38,181,219,285,1055,1340
03416300,COMPUTER SYSTEMS INSTITUTE              ,IL,60077-0000,Proprietary  ,50,201,251,128,573,701
03448300,BIR TRAINING CENTER                     ,IL,60659-1298,Proprietary  ,5,85,90,29,397,426
03455700,CORTIVA INSTITUTE - CHICAGO             ,IL,60602-3315,Proprietary  ,18,78,96,172,375,547
03472300,CHICAGO URBAN LEAGUE COMPUTER TRAIN     ,IL,60604-2198,Private      ,0,0,0,1,2,3
03510300,ERIKSON INSTITUTE                       ,IL,60654-4510,Private      ,0,6,6,1,281,282
03623300,VEE'S SCHOOL OF BEAUTY CULTURE          ,IL,62205-2326,Proprietary  ,0,5,5,3,22,25
03643300,MR. JOHN'S SCHOOL OF COSMETOLOGY &      ,IL,62650-3488,Proprietary  ,2,9,11,10,40,50
03684300,NORTHSHORE UNIVERSITY HEALTHSYSTEM SCHOO,IL,60201-9872,Private      ,0,1,1,2,25,27
03721400,AMERICAN CAREER COLLEGE                 ,IL,60402-0000,Proprietary  ,5,28,33,19,79,98
03881400,EUROPEAN MASSAGE THERAPY SCHOOL         ,IL,60077-2269,Proprietary  ,4,31,35,14,95,109
03891300,SOMA INSTITUTE - THE NATIONAL SCHOOL OF ,IL,60604-4466,Proprietary  ,14,54,68,90,211,301
03914300,"CALC, INSTITUTE OF TECHNOLOGY           ",IL,62002-5931,Proprietary  ,1,36,37,24,208,232
03955400,MIDWEST INSTITUTE OF MASSAGE THERAPY    ,IL,62223-0000,Proprietary  ,0,0,0,1,13,14
04117500,SOLEX MEDICAL ACADEMY                   ,IL,60090-3104,Proprietary  ,1,5,6,8,16,24
04136900,UNIVERSITY OF AESTHETICS (THE)          ,IL,60622-2151,Proprietary  ,1,13,14,1,14,15
04137000,UNIVERSITY OF AESTHETICS (THE)          ,IL,60515-5602,Proprietary  ,4,5,9,4,5,9
04137500,TRICOCI UNIVERSITY OF BEAUTY CULTURE    ,IL,60656-1805,Proprietary  ,1,3,4,1,3,4
04147300,TRICOCI UNIVERSITY OF BEAUTY CULTURE    ,IL,60139-3119,Proprietary  ,0,1,1,0,1,1
04147400,TRICOCI UNIVERSITY OF BEAUTY CULTURE    ,IL,61614-4831,Proprietary  ,0,1,1,0,1,1
        ,ASBURY THEOLOGICAL SEMINARY             ,KY,40390-0000,Private      ,1,53,54,17,1305,1322
00195100,ALICE LLOYD COLLEGE                     ,KY,41844-9703,Private      ,13,3,16,926,103,1029
00195200,ASBURY COLLEGE                          ,KY,40390-1198,Private      ,29,40,69,1500,380,1880
00195400,BELLARMINE UNIVERSITY                   ,KY,40205-1877,Private      ,47,83,130,2866,1125,3991
00195500,BEREA COLLEGE                           ,KY,40403-0000,Private      ,47,28,75,2535,456,2991
00195800,BRESCIA UNIVERSITY                      ,KY,42301-3023,Private      ,14,50,64,559,317,876
00195900,CAMPBELLSVILLE UNIVERSITY               ,KY,42718-2799,Private      ,30,119,149,2064,1102,3166
00196000,SPALDING UNIVERSITY                     ,KY,40203-2188,Private      ,20,148,168,602,1941,2543
00196100,CENTRE COLLEGE                          ,KY,40422-1394,Private      ,26,4,30,1915,49,1964
00196200,UNIVERSITY OF THE CUMBERLANDS           ,KY,40769-1372,Private      ,16,107,123,2071,973,3044
00196300,EASTERN KENTUCKY UNIVERSITY             ,KY,40475-3102,Public       ,341,606,947,10353,7246,17599
00196400,GEORGETOWN COLLEGE                      ,KY,40324-1628,Private      ,24,45,69,1975,584,2559
00196500,KENTUCKY CHRISTIAN UNIVERSITY           ,KY,41143-2205,Private      ,8,7,15,732,177,909
00196800,KENTUCKY STATE UNIVERSITY               ,KY,40601-2355,Public       ,82,100,182,3099,1363,4462
00196900,KENTUCKY WESLEYAN COLLEGE               ,KY,42302-1039,Private      ,20,18,38,1175,214,1389
00197000,LEES COLLEGE                            ,KY,41339-0000,Private      ,0,0,0,2,5,7
00197100,LEXINGTON THEOLOGICAL SEMINARY          ,KY,40508-0000,Private      ,0,6,6,2,61,63
00197200,LINDSEY WILSON COLLEGE                  ,KY,42728-1223,Private      ,18,87,105,1619,1351,2970
00197400,LOUISVILLE PRESBYTERIAN THEOL SEM       ,KY,40205-0000,Private      ,0,9,9,5,138,143
00197500,MIDWAY COLLEGE                          ,KY,40347-1120,Private      ,16,58,74,499,1130,1629
00197600,MOREHEAD STATE UNIVERSITY               ,KY,40351-1689,Public       ,180,450,630,5858,4611,10469
00197700,MURRAY STATE UNIVERSITY                 ,KY,42071-0009,Public       ,162,264,426,5922,3419,9341
00197900,WEST KENTUCKY CMNTY & TECHNICAL COLG    ,KY,42002-7380,Public       ,133,432,565,1407,2712,4119
00198000,PIKEVILLE COLLEGE                       ,KY,41501-1194,Private      ,10,14,24,1153,373,1526
00198001,PIKEVILLE CLG-SCH OSTEOPATHIC MEDIC     ,KY,41501-0000,Private      ,0,3,3,9,286,295
00198200,SOUTHERN BAPTIST THEOL SEMINARY         ,KY,40280-0000,Private      ,5,12,17,53,187,240
00198300,ST. CATHARINE COLLEGE                   ,KY,40061-9499,Private      ,12,21,33,590,344,934
00198700,TRANSYLVANIA UNIVERSITY                 ,KY,40508-1797,Private      ,16,7,23,1639,90,1729
00198800,UNION COLLEGE                           ,KY,40906-1499,Private      ,20,100,120,1165,1019,2184
00198900,UNIVERSITY OF KENTUCKY                  ,KY,40506-0054,Public       ,372,398,770,14903,7470,22373
00198901,UNIV OF KY-COLLEGE OF DENTISTRY         ,KY,40536-0000,Public       ,0,2,2,10,201,211
00198902,UNIV OF KY-COLLEGE OF MEDICINE          ,KY,40536-0000,Public       ,4,4,8,26,408,434
00199000,ASHLAND COMMUNITY AND TECHNICAL COLLEGE ,KY,41101-3683,Public       ,78,272,350,1292,2174,3466
00199100,ELIZABETHTOWN COMMUNITY  AND TECHNICAL C,KY,42701-3081,Public       ,124,499,623,1926,3667,5593
00199300,HENDERSON COMMUNITY COLLEGE             ,KY,42420-4699,Public       ,36,225,261,483,1197,1680
00199400,HOPKINSVILLE COMMUNITY COLLEGE          ,KY,42241-2621,Public       ,67,428,495,996,3134,4130
00199600,BIG SANDY COMMUNITY AND TECHNICAL COLG  ,KY,41653-1815,Public       ,59,182,241,1563,1859,3422
00199700,SOMERSET COMMUNITY COLLEGE              ,KY,42501-2973,Public       ,144,627,771,2337,4911,7248
00199800,SOUTHEAST KENTUCKY COMMUNITY AND TECHNIC,KY,40823-1099,Public       ,33,167,200,1039,1385,2424
00199802,CUMBERLAND VLY TEC CLG MIDDLESBORO      ,KY,40965-2265,Public       ,2,1,3,30,26,56
00199804,SOUTHEAST COMMUNITY COLLEGE             ,KY,40831-1796,Public       ,0,12,12,86,129,215
00199900,UNIVERSITY OF LOUISVILLE                ,KY,40292-0000,Public       ,323,574,897,11974,10310,22284
00200100,THOMAS MORE COLLEGE                     ,KY,41017-3495,Private      ,16,119,135,1254,816,2070
00200200,WESTERN KENTUCKY UNIVERSITY             ,KY,42101-3576,Public       ,362,618,980,12758,7625,20383
00461800,SPENCERIAN COLLEGE                      ,KY,40216-2605,Proprietary  ,60,215,275,751,2052,2803
00461900,SULLIVAN UNIVERSITY                     ,KY,40205-3000,Proprietary  ,223,615,838,1946,4565,6511
00512729,BROWN MACKIE COLLEGE-CINCINNATI - 279 BU,KY,41017-2136,Proprietary  ,2,8,10,12,42,54
00524400,BLUEGRASS COMMUNITY & TECHNICAL COLLEGE ,KY,40506-0235,Public       ,299,927,1226,3981,7165,11146
00527100,BOWLING GREEN TECHNICAL COLLEGE         ,KY,42101-3601,Public       ,75,220,295,720,1472,2192
00527300,GATEWAY COMMUNITY & TECHNOLOGY COLL     ,KY,41011-0000,Public       ,103,346,449,909,2454,3363
00696000,MAYSVILLE CMNTY & TECHNCL COLG          ,KY,41056-8910,Public       ,70,327,397,781,2024,2805
00696100,JEFFERSON COMMUNITY AND TECHNICAL COLLEG,KY,40202-2005,Public       ,410,1199,1609,4901,8607,13508
00696200,HAZARD COMMUNITY COLLEGE                ,KY,41701-2402,Public       ,42,178,220,1229,1576,2805
00696203,KY TECH-KNOTT CO. TECHNOLOGY CTR        ,KY,41822-0000,Public       ,1,1,2,3,4,7
00696204,KY TECH-LESLIE COUNTY AREA TECH CTR     ,KY,41749-0000,Public       ,0,0,0,2,2,4
00696205,KY TECH-LEE COUNTY AREA TECH CTR        ,KY,41311-0000,Public       ,0,1,1,1,4,5
00696206,KY TECH-LETCHER CNTY AREA TECH CTR      ,KY,41858-0000,Public       ,0,3,3,15,13,28
00696207,KY TECH-BREATHITT COUNTY VOC ED CTR     ,KY,41339-0000,Public       ,2,4,6,8,19,27
00842500,DAYMAR COLLEGE                          ,KY,42001-0000,Proprietary  ,10,95,105,77,528,605
00901000,MADISONVILLE COMMUNITY COLLEGE          ,KY,42431-9199,Public       ,58,269,327,1034,2184,3218
00927500,NORTHERN KENTUCKY UNIVERSITY            ,KY,41099-0001,Public       ,284,455,739,8051,6413,14464
00931300,DAYMAR COLLEGE                          ,KY,42301-5830,Proprietary  ,70,399,469,259,1810,2069
00931302,DAYMAR COLLEGE - LOUISVILLE CAMPUS      ,KY,40219-1973,Proprietary  ,2,16,18,32,128,160
01042400,SALON PROFESSIONAL ACADEMY THE          ,KY,40502-1776,Proprietary  ,9,18,27,59,107,166
01048900,NATIONAL COLLEGE                        ,KY,40508-0000,Proprietary  ,90,625,715,483,4030,4513
01172500,COLLINS SCHOOL OF COSMETOLOGY           ,KY,40965-2809,Proprietary  ,5,14,19,20,55,75
01208800,SULLIVAN COLLEGE OF TECHNOLOGY AND DESIG,KY,40218-4528,Proprietary  ,32,51,83,461,428,889
01208801,LOUISVILLE TECHNICAL INSTITUTE -        ,KY,40218-4528,Proprietary  ,0,0,0,45,33,78
01212801,SOUTHWESTERN COLLEGE                    ,KY,41042-1466,Proprietary  ,21,118,139,100,545,645
01240400,LEXINGTON BEAUTY COLLEGE                ,KY,40503-1819,Proprietary  ,5,6,11,24,62,86
01272300,KY TECH-WAYNE COUNTY AREA TECH CTR      ,KY,42633-1088,Public       ,0,0,0,1,2,3
01291400,HAIR DESIGN SCHOOL (THE)                ,KY,40218-0000,Proprietary  ,27,50,77,153,268,421
01291500,HAIR DESIGN SCHOOL (THE)                ,KY,41042-5113,Proprietary  ,25,29,54,93,163,256
01291600,HAIR DESIGN SCHOOL (THE)                ,KY,40216-4212,Proprietary  ,9,22,31,41,129,170
01291700,HAIR DESIGN SCHOOL (THE)                ,KY,40160-0000,Proprietary  ,12,43,55,80,208,288
01296800,HAIR DESIGN SCHOOL (THE)                ,KY,40207-2695,Proprietary  ,16,24,40,81,109,190
02159100,"APPALACHIAN BEAUTY SCHOOL, INC.         ",KY,41503-0000,Proprietary  ,0,3,3,15,28,43
02177100,HAIR DESIGN SCHOOL (THE)                ,KY,40204-0000,Proprietary  ,14,26,40,74,132,206
02251500,TREND SETTERS ACAD OF BEAUTY CULT       ,KY,40258-0000,Proprietary  ,11,24,35,37,133,170
02275000,JENNY LEA ACADEMY OF COSMETOLOGY        ,KY,40831-0000,Proprietary  ,11,29,40,55,139,194
02279800,ELIZABETHTOWN BEAUTY SCHOOL             ,KY,42701-0000,Proprietary  ,0,5,5,19,32,51
02284306,INTERACTIVE LEARNING SYSTEMS            ,KY,41042-0000,Proprietary  ,3,18,21,15,107,122
02323700,PAT WILSON'S BEAUTY COLLEGE             ,KY,42420-0000,Proprietary  ,2,7,9,8,48,56
02337200,PJ'S COLLEGE OF COSMETOLOGY             ,KY,42101-0000,Proprietary  ,13,88,101,84,393,477
02340800,PAUL MITCHELL THE SCHOOL LEXINGTON      ,KY,40601-0000,Proprietary  ,1,11,12,7,43,50
02351700,DONTA SCHOOL OF BEAUTY CULTURE          ,KY,40203-0000,Proprietary  ,2,15,17,19,62,81
02491100,BECKFIELD COLLEGE                       ,KY,41042-0000,Proprietary  ,36,157,193,201,929,1130
02518900,BARRETT & COMPANY SCH HAIR DESIGN       ,KY,40356-0000,Proprietary  ,7,21,28,44,104,148
02526100,JENNY LEA ACADEMY OF COSMETOLOGY        ,KY,41858-0000,Proprietary  ,1,3,4,13,19,32
02535600,CLEAR CREEK BAPTIST BIBLE COLLEGE       ,KY,40977-0000,Private      ,2,10,12,33,138,171
02551100,PJ'S COLLEGE OF COSMETOLOGY             ,KY,42121-0000,Proprietary  ,4,6,10,25,61,86
02560800,SOUTHEAST SCHOOL OF COSMETOLOGY         ,KY,40962-0000,Proprietary  ,1,10,11,20,59,79
02576200,MID-CONTINENT UNIVERSITY                ,KY,42066-9007,Private      ,12,256,268,267,2196,2463
02616204,BROWN MACKIE COLLEGE-FINDLAY - BROWN MAC,KY,40219-1916,Proprietary  ,12,40,52,245,1053,1298
02616205,BROWN MACKIE COLLEGE-LOUISVILLE - BROWN ,KY,42240-3579,Proprietary  ,1,11,12,6,43,49
03002100,KENTUCKY MOUNTAIN BIBLE COLLEGE         ,KY,41385-0010,Private      ,5,4,9,49,22,71
03007000,FRONTIER SCH OF MIDWIFERY&FAMILY NU     ,KY,41749-0000,Private      ,0,91,91,1,629,630
03026200,HEAD'S WEST KENTUCKY BEAUTY COLLEGE     ,KY,42431-0000,Proprietary  ,2,2,4,10,33,43
03029200,NU-TEK ACADEMY OF BEAUTY                ,KY,40353-9767,Proprietary  ,1,3,4,13,25,38
03034500,OWENSBORO COMMUNITY & TECHNICAL COLLEGE ,KY,42303-1899,Public       ,77,355,432,1327,2386,3713
03083700,GALEN HEALTH INSTITUTES                 ,KY,40207-1047,Proprietary  ,75,396,471,473,2477,2950
03103500,MR JIM'S BEAUTY COLLEGE                 ,KY,42301-2646,Proprietary  ,0,10,10,16,37,53
03106700,MOTIF BEAUTY ACADEMY                    ,KY,40391-1958,Proprietary  ,0,0,0,3,8,11
03516500,EZELL'S COSMETOLOGY SCHOOL              ,KY,42071-2530,Proprietary  ,1,4,5,21,32,53
03611300,BRIGHTON CENTER'S CENTER FOR EMPLOY     ,KY,41071-1968,Private      ,3,44,47,8,92,100
03804300,BELLEFONTE ACADEMY OF BEAUTY            ,KY,41169-2015,Proprietary  ,3,14,17,30,76,106
03885300,EMPLOYMENT SOLUTIONS                    ,KY,40517-3260,Private      ,3,28,31,10,97,107
03886300,REGENCY SCHOOL OF HAIR DESIGN           ,KY,41653-1278,Proprietary  ,0,8,8,8,30,38
04038300,ATA CAREER EDUCATION                    ,KY,40223-3832,Proprietary  ,18,159,177,111,736,847
04123900,LEXINGTON HEALING ARTS ACADEMY          ,KY,40503-1932,Proprietary  ,6,22,28,22,93,115
00200300,CENTENARY COLLEGE OF LOUISIANA          ,LA,71104-3396,Private      ,15,14,29,1092,175,1267
00200400,DILLARD UNIVERSITY                      ,LA,70122-3097,Private      ,51,47,98,1583,560,2143
00200500,NICHOLLS STATE UNIVERSITY               ,LA,70310-0001,Public       ,108,228,336,4966,2389,7355
00200600,GRAMBLING STATE UNIVERSITY              ,LA,71245-2215,Public       ,234,214,448,6784,2790,9574
00200700,LOUISIANA COLLEGE                       ,LA,71359-0000,Private      ,14,59,73,923,408,1331
00200800,LOUISIANA TECH UNIVERSITY               ,LA,71272-0001,Public       ,130,207,337,6223,2585,8808
00201000,LOUISIANA STATE UNIV & A&M COLG         ,LA,70803-5710,Public       ,362,335,697,20043,6490,26533
00201100,LOUISIANA STATE UNIV-ALEXANDRIA         ,LA,71302-9121,Public       ,73,176,249,1309,1964,3273
00201200,LOUISIANA STATE UNIV-EUNICE             ,LA,70535-6726,Public       ,96,171,267,1753,1512,3265
00201300,LOUISIANA STATE UNIV-SHREVEPORT         ,LA,71115-2399,Public       ,86,221,307,2342,2600,4942
00201400,LA STATE UNIV HEALTH SCIENCES CTR       ,LA,70112-2223,Public       ,15,53,68,421,1789,2210
00201500,UNIVERSITY OF NEW ORLEANS               ,LA,70148-0001,Public       ,196,578,774,5903,5930,11833
00201600,LOYOLA UNIVERSITY NEW ORLEANS           ,LA,70118-6195,Private      ,96,131,227,2762,2227,4989
00201700,MCNEESE STATE UNIVERSITY                ,LA,70609-4510,Public       ,147,318,465,4845,3142,7987
00201900,NEW ORLEANS BAPTIST THEOL SEMINARY      ,LA,70126-0000,Private      ,2,10,12,31,106,137
00202000,UNIVERSITY OF LOUISIANA AT MONROE       ,LA,71209-9001,Public       ,140,358,498,5866,4079,9945
00202100,NORTHWESTERN STATE UNIVERSITY           ,LA,71497-0001,Public       ,152,424,576,5601,4621,10222
00202200,NOTRE DAME SEMINARY                     ,LA,70118-0000,Private      ,0,1,1,1,6,7
00202300,OUR LADY OF HOLY CROSS COLLEGE          ,LA,70131-7399,Private      ,24,73,97,597,979,1576
00202400,SOUTHEASTERN LOUISIANA UNIV             ,LA,70402-0001,Public       ,263,498,761,10258,5051,15309
00202500,SOUTHERN UNIVERSITY A & M COLLEGE       ,LA,70813-9374,Public       ,154,330,484,7769,5868,13637
00202600,SOUTHERN UNIV NEW ORLEANS               ,LA,70126-0002,Public       ,96,279,375,1316,3176,4492
00202700,ST JOSEPH SEMINARY COLLEGE              ,LA,70457-9990,Private      ,0,0,0,24,19,43
00202900,TULANE UNIVERSITY                       ,LA,70118-5698,Private      ,224,269,493,9127,5567,14694
00203100,UNIV OF LOUISIANA AT LAFAYETTE          ,LA,70504-0001,Public       ,241,373,614,10848,4420,15268
00203200,XAVIER UNIVERSITY OF LOUISIANA          ,LA,70125-1098,Private      ,92,62,154,4152,1427,5579
00462100,AYERS CAREER COLLEGE                    ,LA,71108-5845,Proprietary  ,16,80,96,61,345,406
00462500,DELGADO COMMUNITY COLLEGE               ,LA,70119-0000,Public       ,493,1348,1841,5670,10240,15910
00520300,REMINGTON COLLEGE - LAFAYETTE CAMPUS    ,LA,70508-5760,Proprietary  ,105,319,424,599,1678,2277
00520306,REMINGTON COLLEGE - BATON ROUGE CAMPUS  ,LA,70816-4040,Proprietary  ,20,88,108,151,506,657
00546700,SOWELA TECHNICAL COMMUNITY COLLEGE      ,LA,70616-6950,Public       ,84,188,272,721,1029,1750
00548800,LOUISIANA TECH COLG-BATON ROUGE         ,LA,70807-0000,Public       ,37,96,133,341,701,1042
00548802,LOUISIANA TECH COLG-ACADIAN CMPS        ,LA,70526-0000,Public       ,9,26,35,80,154,234
00548803,LOUISIANA TECH COLG-ALEXANDRIA CMPS     ,LA,71302-3137,Public       ,18,81,99,164,482,646
00548804,LOUISIANA TECH COLG-ASCENSION CMPS      ,LA,70778-3007,Public       ,5,22,27,89,125,214
00548805,LA TECH COLLEGE-AVOYELLES CAMPUS        ,LA,71327-0000,Public       ,7,13,20,61,101,162
00548806,LA TECHNICAL COLG-BASTROP CMPS          ,LA,71221-0000,Public       ,6,17,23,37,125,162
00548808,LA TECH COLG CHARLES B COREILCMPS       ,LA,70586-0000,Public       ,5,16,21,87,170,257
00548809,LA TECHNICAL COLG-DELTA-OUACHITA        ,LA,71292-9064,Public       ,10,49,59,159,332,491
00548810,EVANGELINE TECHNICAL INST               ,LA,70582-3104,Public       ,5,20,25,49,120,169
00548811,LA TECHN COLLEGE - FLORIDA PARISHES     ,LA,70441-0000,Public       ,4,17,21,47,98,145
00548812,LOUISIANA TECH COLG-FOLKES CAMPUS       ,LA,70748-0000,Public       ,1,5,6,15,56,71
00548813,LA TECHNICAL INST-GULF AREA CMPS        ,LA,70510-0878,Public       ,10,31,41,136,211,347
00548814,LOUISIANA TECH COLG-HAMMOND CMPS        ,LA,70404-0000,Public       ,20,37,57,150,312,462
00548815,LA TECH COLG-HUEY P. LONG CAMPUS        ,LA,71483-0000,Public       ,10,23,33,65,133,198
00548816,LA TECH COLLEGE-JEFFERSON CAMPUS        ,LA,70001-5605,Public       ,8,45,53,56,194,250
00548817,LOUISIANA TEC CLG-JUMONVILLE MEM CP     ,LA,70760-0000,Public       ,5,7,12,31,97,128
00548818,LA TECH COLLEGE-LAFAYETTE CAMPUS        ,LA,70506-0000,Public       ,43,132,175,396,753,1149
00548819,LOUISIANA TECHNICAL COLLEGE-LAFOURC     ,LA,70301-4336,Public       ,10,29,39,89,191,280
00548820,LOUISIANA TEC CLG-LAMAR SALTER CMPS     ,LA,71446-0000,Public       ,6,20,26,55,141,196
00548822,LOUISIANA TECHNICAL CLG-MANSFIELD       ,LA,71052-1236,Public       ,3,11,14,45,119,164
00548823,LA. TECH COLG.-MORGAN SMITH CAMPUS      ,LA,70546-0000,Public       ,4,18,22,35,89,124
00548824,LOUISIANA TEC CLG-NATCHITOCHES CMPS     ,LA,71458-0000,Public       ,5,32,37,75,230,305
00548825,LOUISIANA TECH COLG-NORTH CTRL CMPS     ,LA,71241-0000,Public       ,3,8,11,43,106,149
00548826,LOUISIANA TECH CLG-NORTHEAST LA CMP     ,LA,71295-2999,Public       ,6,27,33,49,151,200
00548827,LOUISIANA TEC CLG-NW LOUISIANA CMPS     ,LA,71058-0000,Public       ,11,49,60,167,376,543
00548828,LA TECHNICAL COLG-OAKDALE CMPS          ,LA,71463-0000,Public       ,1,6,7,42,92,134
00548829,LTC-RIVER PARISHES CAMPUS               ,LA,70084-0000,Public       ,10,42,52,174,332,506
00548830,LOUISIANA TECHNICAL COLLEGE-RUSTON      ,LA,71273-0000,Public       ,15,38,53,224,219,443
00548831,LTC - SABINE VALLEY CAMPUS              ,LA,71449-3839,Public       ,5,7,12,43,101,144
00548832,LOUISIANA TECH COLG-SHELBY JACKSON      ,LA,71334-0000,Public       ,5,26,31,46,170,216
00548833,LA TECH COLG SHREVEPORT-BOSSIER         ,LA,71137-0000,Public       ,27,126,153,239,920,1159
00548837,LOUISIANA TECH COLG-SULLIVAN CAMPUS     ,LA,70427-5866,Public       ,8,48,56,130,347,477
00548838,LOUISIANA TECHNICAL COLG - TALLULAH     ,LA,71284-0000,Public       ,8,34,42,64,202,266
00548839,LA TECH COLG-TECHE AREA CAMPUS          ,LA,70562-0000,Public       ,16,30,46,200,256,456
00548840,LOUISIANA TECH COLG-T.H.HARRIS CMPS     ,LA,70570-6113,Public       ,30,39,69,304,331,635
00548841,LOUISIANA TECH COLG W JEFFERSON CMP     ,LA,70058-0000,Public       ,8,20,28,34,122,156
00548842,LOUISIANA TECHNICAL COLLEGE - WESTSIDE C,LA,70765-0733,Public       ,1,1,2,22,78,100
00548843,LTC-YOUNG MEMORIAL CAMPUS               ,LA,70381-0000,Public       ,18,42,60,100,241,341
00576100,L. E. FLETCHER TECHNICAL COMMUNITY COLLE,LA,70360-2863,Public       ,44,94,138,483,627,1110
00768600,SOUTHERN UNIV AT SHREVEPORT/BOSSIER     ,LA,71107-4795,Public       ,54,263,317,1087,2386,3473
00806700,LSU HEALTH SCIENCES CENTR-SHREVEPOR     ,LA,71130-3932,Public       ,13,37,50,214,874,1088
00989800,DEMMON SCHOOL OF BEAUTY                 ,LA,70607-2128,Proprietary  ,1,4,5,9,46,55
01005701,AMERICAN COMMERCIAL COLLEGE             ,LA,71105-2502,Proprietary  ,6,41,47,25,194,219
01109700,CLOYD'S BEAUTY SCHOOL #1                ,LA,71291-3131,Proprietary  ,9,33,42,40,117,157
01163100,"D-JAY'S SCHL OF BEAUTY, ARTS & SCI      ",LA,70806-0000,Proprietary  ,5,27,32,29,94,123
01184100,JOHN JAY BEAUTY COLLEGE                 ,LA,70124-2592,Proprietary  ,2,0,2,21,17,38
01261100,RONNIE & DORMANS SCHOOL HAIR DESIGN     ,LA,70501-0000,Proprietary  ,0,2,2,6,30,36
01282300,PAT GOINS RUSTON BEAUTY SCHOOL          ,LA,71270-4301,Proprietary  ,5,4,9,16,30,46
01287900,PAT GOINS BENTON ROAD BEAUTY SCHOOL     ,LA,71111-4838,Proprietary  ,2,10,12,18,53,71
01288000,PAT GOINS BEAUTY SCHOOL                 ,LA,71201-5167,Proprietary  ,0,4,4,10,24,34
02055400,BOSSIER PARISH COMMUNITY COLLEGE        ,LA,71111-0000,Public       ,145,361,506,2056,2852,4908
02055500,DELTA SCH OF BUSINESS & TECHNOLOGY      ,LA,70601-0000,Proprietary  ,10,74,84,99,368,467
02089711,HERZING COLLEGE                         ,LA,70062-8727,Proprietary  ,1,16,17,48,224,272
02117800,AVEDA INSTITUTE LAFAYETTE               ,LA,70503-3246,Proprietary  ,10,34,44,86,127,213
02166100,NUNEZ COMMUNITY COLLEGE                 ,LA,70043-0000,Public       ,31,133,164,420,901,1321
02166200,ITI TECHNICAL COLLEGE                   ,LA,70817-0000,Proprietary  ,69,103,172,281,483,764
02197500,BATON ROUGE SCHOOL OF COMPUTERS         ,LA,70816-0000,Proprietary  ,4,8,12,31,51,82
02234000,CAMERON COLLEGE                         ,LA,70119-0000,Proprietary  ,4,36,40,35,142,177
02258400,AVEDA INSTITUTE BATON ROUGE             ,LA,70816-2246,Proprietary  ,19,15,34,100,95,195
02260200,DIESEL DRIVING ACADEMY                  ,LA,71109-5617,Proprietary  ,17,102,119,34,309,343
02263600,BASTROP BEAUTY SCHOOL #1                ,LA,71220-0000,Proprietary  ,2,5,7,6,24,30
02265600,JOHN JAY KENNER ACADEMY                 ,LA,70062-0000,Proprietary  ,12,18,30,59,81,140
02269300,STEVENSON'S ACADEMY OF HAIR DESIGN      ,LA,70116-0000,Proprietary  ,11,17,28,60,93,153
02323100,PAT GOINS SHREVEPORT BEAUTY SCHOOL      ,LA,71108-4354,Proprietary  ,0,0,0,2,1,3
02327800,PINEVILLE BEAUTY SCHOOL                 ,LA,71360-0000,Proprietary  ,2,10,12,17,57,74
02335701,BATON ROUGE GEN MED CTR SCH NSG         ,LA,70821-0000,Private      ,5,14,19,66,151,217
02335702,BATON ROUGE GEN MED CTR-RAD TECH        ,LA,70806-0000,Private      ,0,6,6,27,46,73
02338000,"CLOYD'S BEAUTY SCHOOL #2, INC           ",LA,71202-3539,Proprietary  ,7,34,41,36,115,151
02352500,"CLOYD'S BEAUTY SCHOOL #3, INC           ",LA,71201-3211,Proprietary  ,8,36,44,41,119,160
02358600,"STAGE ONE THE HAIR SCHOOL, INC.         ",LA,70605-0000,Proprietary  ,9,15,24,63,91,154
02493400,ALEXANDRIA ACADEMY OF BEAUTY CULT       ,LA,71301-0000,Proprietary  ,0,0,0,11,22,33
02518300,SOUTH LOUISIANA BEAUTY COLLEGE          ,LA,70363-0000,Proprietary  ,4,16,20,26,55,81
02536400,LOUISIANA ACADEMY OF BEAUTY             ,LA,70535-0000,Proprietary  ,2,3,5,13,27,40
02538300,DELTA COLLEGE OF ARTS & TECH INC        ,LA,70806-1529,Proprietary  ,13,71,84,103,430,533
02538301,DELTA COLLEGE OF ARTS & TECHNOLOGY - LAF,LA,70508-6831,Proprietary  ,4,21,25,36,143,179
02548500,COSMETOLOGY TRAINING CENTER             ,LA,70503-0000,Proprietary  ,17,13,30,46,51,97
02554800,VANGUARD COLLEGE OF COSMETOLOGY         ,LA,70458-8823,Proprietary  ,26,36,62,83,123,206
02582200,"GUY'S ACADEMY HAIR, SKIN & NAILS        ",LA,71105-2404,Proprietary  ,8,25,33,45,125,170
02600900,AVEDA INSTITUTE                         ,LA,70433-2922,Proprietary  ,65,105,170,424,619,1043
02601000,AMERICAN SCHOOL OF BUSINESS             ,LA,71105-5646,Proprietary  ,1,19,20,8,80,88
02601100,OPELOUSAS SCHOOL OF COSMETOLOGY         ,LA,70570-6156,Proprietary  ,1,14,15,18,36,54
02606800,CAREER TRAINING SPECIALISTS             ,LA,71201-6046,Proprietary  ,59,181,240,285,844,1129
02606801,CAREER TECHNICAL COLLEGE - SHREVEPORT   ,LA,71105-2405,Proprietary  ,12,78,90,73,448,521
02617100,BATON ROUGE COLLEGE                     ,LA,70816-2246,Proprietary  ,9,12,21,31,65,96
02619200,DENHAM SPRINGS BEAUTY COLLEGE           ,LA,70726-3829,Proprietary  ,8,18,26,29,65,94
03010400,CRESCENT CITY SCH GAMING & BARTENDG     ,LA,70119-5507,Proprietary  ,16,227,243,36,624,660
03023500,CAMELOT CAREER COLLEGE                  ,LA,70805-7539,Proprietary  ,18,42,60,87,204,291
03030900,DIESEL DRIVING ACADEMY                  ,LA,70815-8109,Proprietary  ,13,155,168,37,433,470
03061400,ASCENSION COLLEGE                       ,LA,70737-2912,Proprietary  ,14,21,35,71,152,223
03095100,GRETNA CAREER COLLEGE                   ,LA,70053-2436,Proprietary  ,13,48,61,38,212,250
03106200,OUR LADY OF THE LAKE COLLEGE            ,LA,70808-4398,Private      ,37,182,219,839,1712,2551
03253300,JONESVILLE BEAUTY SCHOOL                ,LA,71343-0000,Proprietary  ,10,29,39,21,61,82
03294300,BLUE CLIFF SCH THERAPEUTIC MASSAGE      ,LA,70002-3458,Proprietary  ,47,136,183,173,494,667
03332600,DELTA COLLEGE                           ,LA,70433-9042,Proprietary  ,11,34,45,61,269,330
03332601,DELTA COLLEGE - SLIDELL                 ,LA,70460-2624,Proprietary  ,6,37,43,44,199,243
03356300,MEDICAL TRAINING COLLEGE                ,LA,70816-5820,Proprietary  ,23,58,81,96,233,329
03422500,BLUE CLIFF COLLEGE                      ,LA,71107-6520,Proprietary  ,18,83,101,121,362,483
03422600,BLUE CLIFF COLLEGE                      ,LA,70508-3858,Proprietary  ,30,104,134,134,449,583
03480300,MEDVANCE INSTITUTE                      ,LA,70809-1908,Proprietary  ,69,242,311,348,1191,1539
03498400,OMEGA INSTITUTE OF COSMETOLOGY          ,LA,70360-0000,Proprietary  ,8,8,16,43,52,95
03727500,BLUE CLIFF COLLEGE-BATON ROUGE          ,LA,70808-4191,Proprietary  ,5,4,9,21,62,83
03730300,BATON ROUGE COMMUNITY COLLEGE           ,LA,78806-4129,Public       ,241,488,729,3635,3817,7452
03752400,SCHOOL OF URBAN MISSIONS                ,LA,70053-0000,Private      ,4,7,11,50,73,123
03789300,UNITECH TRAINING ACADEMY                ,LA,70503-5132,Proprietary  ,23,137,160,109,484,593
03789400,RIVER PARISHES COMMUNITY COLLEGE        ,LA,70778-0310,Public       ,22,53,75,370,458,828
03810500,COURT REPORTING INSTITUTE OF LOUISI     ,LA,70816-0000,Proprietary  ,1,9,10,10,51,61
03858300,RAY'S FAITH ACADEMY OF BEAUTY EDUCATION ,LA,70737-0000,Proprietary  ,0,0,0,0,8,8
03956300,SOUTH LOUISIANA COMMUNITY COLLEGE       ,LA,70506-0000,Public       ,135,258,393,1115,1189,2304
04040300,COMPASS CAREER COLLEGE                  ,LA,70403-0653,Proprietary  ,6,33,39,28,173,201
04112300,LOUISIANA CULINARY INSTITUTE            ,LA,70816-4109,Proprietary  ,8,9,17,70,73,143
04120700,ALDEN'S SCHOOL OF COSMETOLOGY           ,LA,70714-1502,Proprietary  ,4,7,11,9,35,44
04130100,LOUISIANA DELTA COMMUNITY COLLEGE       ,LA,71203-3618,Public       ,84,135,219,616,719,1335
00143600,CAPITOL COLLEGE                         ,MD,20708-9759,Private      ,12,34,46,261,254,515
00146200,WASHINGTON BIBLE COLLEGE                ,MD,20706-3599,Private      ,6,42,48,90,288,378
00205700,ALLEGANY COLLEGE OF MARYLAND            ,MD,21502-2596,Public       ,90,144,234,2039,1487,3526
00205800,ANNE ARUNDEL COMMUNITY COLLEGE          ,MD,21012-1895,Public       ,224,499,723,3139,4314,7453
00206000,BALTIMORE HEBREW UNIVERSITY             ,MD,21215-3996,Private      ,0,4,4,5,38,43
00206100,BALTIMORE CITY COMMUNITY COLLEGE        ,MD,21215-7893,Public       ,132,734,866,2617,6612,9229
00206200,BOWIE STATE UNIVERSITY                  ,MD,20715-9465,Public       ,180,247,427,7007,3656,10663
00206300,COMMUNITY COLLEGE OF BALTIMORE COUNTY   ,MD,21228-5381,Public       ,339,960,1299,5676,9209,14885
00206400,COLLEGE OF SOUTHERN MARYLAND            ,MD,20646-0910,Public       ,135,361,496,2255,2752,5007
00206500,CLG NOTRE DAME OF MARYLAND              ,MD,21210-2476,Private      ,20,72,92,679,1125,1804
00206700,COLUMBIA UNION COLLEGE                  ,MD,20912-7796,Private      ,15,50,65,800,711,1511
00206800,COPPIN STATE UNIVERSITY                 ,MD,21216-3698,Public       ,100,232,332,3715,3520,7235
00207100,FREDERICK COMMUNITY COLLEGE             ,MD,21702-9745,Public       ,142,365,507,1301,1739,3040
00207200,FROSTBURG STATE UNIVERSITY              ,MD,21532-1099,Public       ,112,45,157,5802,1029,6831
00207300,GOUCHER COLLEGE                         ,MD,21204-2794,Private      ,40,22,62,3035,438,3473
00207400,HAGERSTOWN COMMUNITY COLLEGE            ,MD,21742-6590,Public       ,95,281,376,1342,1775,3117
00207500,HARFORD COMMUNITY COLLEGE               ,MD,21015-1696,Public       ,124,225,349,1506,1657,3163
00207600,HOOD COLLEGE                            ,MD,21701-8575,Private      ,31,62,93,1987,764,2751
00207700,JOHNS HOPKINS UNIVERSITY                ,MD,21218-2693,Private      ,111,100,211,6685,1255,7940
00207702,JOHNS HOPKINS UNIV SCH ARTS/SCI/ENG     ,MD,21218-0000,Private      ,29,189,218,4003,1556,5559
00207703,JOHNS HOPKINS UNIV SCH OF BUS/ED        ,MD,21046-0000,Private      ,5,152,157,27,1392,1419
00207705,JOHNS HOPKINS BLOOMBERG SCH OF PH       ,MD,21205-0000,Private      ,1,45,46,19,1192,1211
00207706,JOHNS HOPKINS UNIV SCH OF MEDICINE      ,MD,21205-0000,Private      ,7,22,29,82,1057,1139
00207707,JOHNS HOPKINS UNIV SCH OF NURSING       ,MD,21205-0000,Private      ,9,35,44,200,740,940
00207708,JOHNS HOPKINS UNIV PEABODY CONSERV      ,MD,21202-2397,Private      ,9,6,15,556,422,978
00207800,LOYOLA UNIVERSITY MARYLAND              ,MD,21210-2699,Private      ,63,125,188,5727,1627,7354
00208000,MARYLAND INST COLLEGE OF ART            ,MD,21217-4191,Private      ,27,15,42,2370,545,2915
00208300,MORGAN STATE UNIVERSITY                 ,MD,21251-0002,Public       ,288,243,531,10221,3981,14202
00208600,MOUNT SAINT MARY'S UNIVERSITY           ,MD,21727-7799,Private      ,17,23,40,2576,268,2844
00208700,NER ISRAEL RABBINICAL COLLEGE           ,MD,21208-1198,Private      ,2,6,8,84,47,131
00208900,PRINCE GEORGES COMMUNITY COLLEGE        ,MD,20774-2199,Public       ,304,816,1120,3947,6157,10104
00209100,SALISBURY UNIVERSITY                    ,MD,21801-6862,Public       ,160,88,248,8620,1405,10025
00209200,ST JOHN'S COLLEGE                       ,MD,21404-0000,Private      ,12,7,19,651,144,795
00209500,ST. MARY'S COLLEGE OF MARYLAND          ,MD,20686-3001,Public       ,28,8,36,2740,158,2898
00209600,ST MARY'S SEMINARY & UNIV               ,MD,21210-1994,Private      ,0,2,2,31,23,54
00209900,TOWSON UNIVERSITY                       ,MD,21252-0002,Public       ,402,332,734,18217,5349,23566
00210200,UNIVERSITY OF BALTIMORE                 ,MD,21201-5779,Public       ,47,265,312,1206,5464,6670
00210300,"UNIVERSITY OF MARYLAND, COLLEGE PARK    ",MD,20742-5145,Public       ,539,659,1198,27946,10727,38673
00210400,"UNIVERSITY OF MARYLAND, BALTIMORE       ",MD,21201-1691,Public       ,64,278,342,2084,8191,10275
00210500,UMBC                                    ,MD,21250-0002,Public       ,217,172,389,7754,3293,11047
00210600,UNIVERSITY MARYLAND EASTERN SHORE       ,MD,21853-4053,Public       ,126,57,183,4930,1243,6173
00210700,STEVENSON UNIVERSITY                    ,MD,21153-0641,Private      ,56,48,104,3859,940,4799
00210800,WASHINGTON COLLEGE                      ,MD,21620-1197,Private      ,22,4,26,2335,68,2403
00210900,MCDANIEL COLLEGE                        ,MD,21157-4390,Private      ,20,44,64,2764,541,3305
00465000,CHESAPEAKE COLLEGE                      ,MD,21679-0008,Public       ,58,213,271,891,1142,2033
00691100,MONTGOMERY COLLEGE                      ,MD,20850-1195,Public       ,421,755,1176,7572,6879,14451
00734100,INTERNATIONAL BEAUTY SCHOOL             ,MD,21502-2370,Proprietary  ,21,71,92,59,167,226
00744700,DEL-MAR-VA BEAUTY ACADEMY               ,MD,21804-0000,Proprietary  ,4,4,8,37,67,104
00749100,TESST COLLEGE OF TECHNOLOGY             ,MD,21227-1063,Proprietary  ,63,242,305,396,1271,1667
00793600,LINCOLN TECHNICAL INSTITUTE             ,MD,21046-1544,Proprietary  ,126,216,342,819,874,1693
00794600,KAPLAN COLLEGE                          ,MD,21742-2797,Proprietary  ,27,124,151,329,833,1162
00794601,KAPLAN COLLEGE -  CAREER TECHNOLOGY CENT,MD,21742-2797,Proprietary  ,1,8,9,15,31,46
00794602,KAPLAN COLLEGE - FREDERICK              ,MD,21704-8307,Proprietary  ,9,53,62,61,238,299
00817500,HOWARD COMMUNITY COLLEGE                ,MD,21044-3197,Public       ,142,256,398,2194,2368,4562
00826300,AWARD BEAUTY SCHOOL                     ,MD,21740-5624,Proprietary  ,23,74,97,78,249,327
00830800,CECIL COLLEGE                           ,MD,21901-1999,Public       ,58,113,171,736,774,1510
00907906,EVEREST COLLEGE- EVEREST INSTITUTE      ,MD,20910-3737,Proprietary  ,81,195,276,203,541,744
01001400,GARRETT COMMUNITY COLLEGE               ,MD,21541-1265,Public       ,38,38,76,605,261,866
01031900,MEDIX SCHOOL                            ,MD,21204-2538,Proprietary  ,95,349,444,463,1637,2100
01041000,TESST COLLEGE OF TECHNOLOGY             ,MD,21286-2201,Proprietary  ,33,106,139,162,404,566
01164400,UNIV OF MARYLAND UNIVERSITY COLLEGE     ,MD,20783-8078,Public       ,141,2101,2242,1734,19425,21159
01164402,U OF MD UNIVERSITY COLLEGE - EUROPE     ,MD,20832-0000,Public       ,22,235,257,305,1796,2101
01164404,U OF MD UNIVERSITY COLLEGE - ASIA       ,MD,31207-0000,Public       ,11,132,143,109,912,1021
02073900,WOR-WIC COMMUNITY COLLEGE               ,MD,21804-0000,Public       ,90,268,358,1192,2090,3282
02083600,TESST COLLEGE OF TECHNOLOGY             ,MD,20705-2698,Proprietary  ,81,150,231,328,525,853
02116005,SANFORD-BROWN INSTITUTE - LANDOVER      ,MD,20785-2287,Proprietary  ,36,162,198,149,835,984
02127900,SOJOURNER DOUGLASS COLLEGE              ,MD,21205-0000,Private      ,25,241,266,141,2180,2321
02155100,MARYLAND COLLEGE OF ART AND DESIGN      ,MD,20902-0000,Private      ,3,2,5,76,32,108
02269700,INTERNATIONAL BEAUTY SCHOOL             ,MD,21014-0000,Proprietary  ,7,6,13,29,58,87
02314800,BALTIMORE INTERNATIONAL COLLEGE         ,MD,21202-0000,Private      ,43,76,119,597,441,1038
02331000,MARYLAND BEAUTY ACADEMY OF ESSEX        ,MD,21221-0000,Proprietary  ,6,21,27,42,97,139
02333000,HAIR ACADEMY                            ,MD,20784-0000,Proprietary  ,50,110,160,132,341,473
02343800,MONTGOMERY BEAUTY SCHOOL                ,MD,20901-0000,Proprietary  ,9,47,56,49,145,194
02494700,BALTIMORE STUDIO OF HAIR DESIGN         ,MD,21201-0000,Proprietary  ,11,53,64,49,165,214
02495000,ROBERT PAUL ACAD COSMTGY ARTS & SCI     ,MD,21093-0000,Proprietary  ,9,7,16,53,52,105
02495100,MARYLAND BEAUTY ACADEMY                 ,MD,21136-0000,Proprietary  ,1,7,8,12,29,41
02545400,NORTH AMERICAN TRADE SCHOOLS            ,MD,21244-0069,Proprietary  ,42,191,233,194,798,992
02573800,"L' ACADEMIE DE CUISINE, INC.            ",MD,20877-0000,Proprietary  ,3,14,17,27,99,126
02578400,TAI SOPHIA INSTITUTE                    ,MD,20723-6010,Private      ,0,62,62,2,243,245
03027200,BLADES SCHOOL OF HAIR DESIGN            ,MD,20619-0226,Proprietary  ,6,16,22,24,59,83
03064900,AARON'S ACADEMY OF BEAUTY               ,MD,20602-2715,Proprietary  ,5,11,16,25,64,89
03097200,AESTHETICS INSTITUTE OF COSMETOLOGY     ,MD,20877-1305,Proprietary  ,1,19,20,3,44,47
03100700,CARROLL COMMUNITY COLLEGE               ,MD,21157-6913,Public       ,51,89,140,790,714,1504
03148300,AMERICAN BEAUTY ACADEMY                 ,MD,20902-1911,Proprietary  ,51,129,180,181,390,571
03296300,BALTIMORE SCHOOL OF MASSAGE             ,MD,21090-2261,Proprietary  ,23,132,155,138,480,618
03327300,NEW CREATIONS ACADEMY OF HAIR DSN       ,MD,20746-2960,Proprietary  ,3,13,16,8,39,47
03493300,ALL-STATE CAREER SCHOOL                 ,MD,21224-6658,Proprietary  ,84,457,541,358,1642,2000
03771300,AMERICAN CAREER INSTITUTE               ,MD,20902-4637,Proprietary  ,9,63,72,19,148,167
03822400,MAPLE SPRINGS BAPTIST BIBLE COLLEGE & SE,MD,20743-5711,Private      ,0,3,3,0,41,41
03965500,HAIR EXPRESSIONS ACADEMY                ,MD,20852-1729,Proprietary  ,6,12,18,26,65,91
04121600,FILA ACADEMY (THE)                      ,MD,21061-1634,Proprietary  ,7,30,37,49,121,170
        ,MGH INSTITUTE OF HEALTH PROFESSION      ,MA,02129-0000,Private      ,0,4,4,30,858,888
00211400,AMERICAN INTERNATIONAL COLLEGE          ,MA,01109-3189,Private      ,43,278,321,2061,1873,3934
00211500,AMHERST COLLEGE                         ,MA,01002-5000,Private      ,54,7,61,4598,135,4733
00211600,ANDOVER NEWTON THEOLOGICAL SCHOOL       ,MA,02459-0000,Private      ,0,9,9,0,200,200
00211700,ANNA MARIA COLLEGE                      ,MA,01612-1198,Private      ,13,25,38,1245,355,1600
00211800,ASSUMPTION COLLEGE                      ,MA,01615-1294,Private      ,41,20,61,4062,442,4504
00211900,ATLANTIC UNION COLLEGE                  ,MA,01561-1000,Private      ,8,21,29,266,227,493
00212000,MERRIMACK COLLEGE                       ,MA,01845-5800,Private      ,28,10,38,3690,152,3842
00212100,BABSON COLLEGE                          ,MA,02457-0310,Private      ,35,83,118,2323,789,3112
00212200,BAY PATH COLLEGE                        ,MA,01106-2212,Private      ,12,161,173,752,1469,2221
00212300,BECKER COLLEGE-WORCESTER                ,MA,01615-0071,Private      ,33,67,100,2033,841,2874
00212400,BENTLEY UNIVERSITY                      ,MA,02452-4705,Private      ,56,45,101,5931,707,6638
00212600,BERKLEE COLLEGE OF MUSIC                ,MA,02215-3693,Private      ,175,81,256,3531,837,4368
00212800,BOSTON COLLEGE                          ,MA,02467-3800,Private      ,194,144,338,18252,6375,24627
00212900,BOSTON CONSERVATORY OF MUSIC            ,MA,02215-9830,Private      ,9,7,16,954,269,1223
00213000,BOSTON UNIVERSITY                       ,MA,02215-1789,Private      ,402,605,1007,28968,15085,44053
00213300,BRANDEIS UNIVERSITY                     ,MA,02453-2700,Private      ,49,26,75,4801,989,5790
00213900,CLARK UNIVERSITY                        ,MA,01610-1473,Private      ,35,27,62,4170,506,4676
00214000,ELMS COLLEGE                            ,MA,01013-2839,Private      ,10,23,33,1025,442,1467
00214100,COLLEGE OF THE HOLY CROSS               ,MA,01610-2395,Private      ,57,0,57,5501,63,5564
00214300,CURRY COLLEGE                           ,MA,02186-2395,Private      ,48,77,125,3728,852,4580
00214400,DEAN COLLEGE                            ,MA,02038-1994,Private      ,22,9,31,1562,116,1678
00214500,EASTERN NAZARENE COLLEGE                ,MA,02170-2999,Private      ,14,58,72,820,416,1236
00214507,EASTERN NAZARENE CLG - LEAD PROGRAM     ,MA,02170-0000,Private      ,1,5,6,13,72,85
00214600,EMERSON COLLEGE                         ,MA,02116-4624,Private      ,66,32,98,6308,1318,7626
00214700,EMMANUEL COLLEGE                        ,MA,02115-5798,Private      ,46,30,76,4160,354,4514
00214800,ENDICOTT COLLEGE                        ,MA,01915-2098,Private      ,31,33,64,3925,271,4196
00214900,EPISCOPAL DIVINITY SCHOOL               ,MA,02138-0000,Private      ,0,5,5,0,71,71
00215000,FISHER COLLEGE                          ,MA,02116-1500,Private      ,33,128,161,1205,852,2057
00215100,BENJAMIN FRANKLIN INSTITUTE OF TECH     ,MA,02116-6296,Public       ,32,38,70,573,246,819
00215300,GORDON COLLEGE                          ,MA,01984-1899,Private      ,16,3,19,1926,91,2017
00215400,HELLENIC COLLEGE                        ,MA,02445-7496,Private      ,5,6,11,36,85,121
00215500,HARVARD UNIVERSITY                      ,MA,02138-3800,Private      ,128,47,175,5928,901,6829
00215501,AMRCN REPERTORY THTR INST ADV THTR      ,MA,02138-0000,Private      ,0,3,3,2,107,109
00215502,HARVARD BUSINESS SCHOOL                 ,MA,02163-0000,Private      ,9,32,41,214,1686,1900
00215503,HARVARD EXTENSION SCHOOL                ,MA,02138-0000,Private      ,9,134,143,121,933,1054
00215504,HARVARD SCH OF DENTAL MEDICINE          ,MA,02115-0000,Private      ,1,4,5,10,177,187
00215505,HARVARD UNIV GRAD SCH DESIGN            ,MA,02138-0000,Private      ,1,5,6,6,842,848
00215506,HARVARD DIVINITY SCHOOL                 ,MA,02138-0000,Private      ,0,6,6,12,660,672
00215507,HARVARD UNIV GRAD SCH ED                ,MA,02138-0000,Private      ,1,17,18,15,1132,1147
00215508,HARVARD UNIV GRAD S OF ARTS & SCIEN     ,MA,02138-0000,Private      ,8,29,37,109,828,937
00215509,HARVARD JOHN F KENNEDY SCHL OF GOVT     ,MA,02138-0000,Private      ,3,12,15,22,1193,1215
00215510,HARVARD LAW SCHOOL                      ,MA,02138-0000,Private      ,10,34,44,80,4080,4160
00215511,HARVARD UNIV MEDICAL SCHOOL             ,MA,02115-0000,Private      ,11,10,21,105,1125,1230
00215512,HARVARD UNIV SCH PUBLIC HEALTH          ,MA,02115-0000,Private      ,3,16,19,50,669,719
00215513,HARVARD UNIVERSITY-HARVARD COLLEGE      ,MA,02138-0000,Private      ,97,15,112,13367,338,13705
00215700,HEBREW COLLEGE                          ,MA,02459-2237,Private      ,0,0,0,1,74,75
00215800,LASELL COLLEGE                          ,MA,02466-2716,Private      ,24,9,33,2470,122,2592
00216000,LESLEY UNIVERSITY                       ,MA,02138-2790,Private      ,35,466,501,2269,4752,7021
00216100,UMASS LOWELL                            ,MA,01854-3089,Public       ,164,231,395,8409,3347,11756
00216400,NEW ENGLAND COLLEGE OF OPTOMETRY        ,MA,02115-1129,Private      ,0,5,5,5,422,427
00216500,MASS. COLLEGE OF PHARMACY  & HEALTH SCIE,MA,02115-5804,Private      ,31,84,115,3662,2039,5701
00216700,BERKSHIRE COMMUNITY COLLEGE             ,MA,01201-5786,Public       ,45,112,157,751,858,1609
00216800,CAPE COD COMMUNITY COLLEGE              ,MA,02668-1599,Public       ,94,215,309,1364,1479,2843
00216900,GREENFIELD COMMUNITY COLLEGE            ,MA,01301-9739,Public       ,55,124,179,716,1159,1875
00217000,HOLYOKE COMMUNITY COLLEGE               ,MA,01040-1099,Public       ,209,335,544,3105,3203,6308
00217100,MASSACHUSETTS BAY COMMUNITY COLLEGE     ,MA,02181-0000,Public       ,117,175,292,1690,1763,3453
00217200,MOUNT WACHUSETT COMMUNITY COLLEGE       ,MA,01440-1000,Public       ,102,242,344,1568,2319,3887
00217300,NORTH SHORE COMMUNITY COLLEGE           ,MA,01923-4093,Public       ,181,361,542,2693,3073,5766
00217400,NORTHERN ESSEX COMMUNITY COLLEGE        ,MA,01830-2399,Public       ,169,363,532,2359,3125,5484
00217500,QUINSIGAMOND COMMUNITY COLLEGE          ,MA,01606-2092,Public       ,210,357,567,3020,3108,6128
00217600,BRISTOL COMMUNITY COLLEGE               ,MA,02720-7399,Public       ,220,365,585,3136,3245,6381
00217700,MASSASOIT COMMUNITY COLLEGE             ,MA,02302-3996,Public       ,221,344,565,2671,2664,5335
00217800,MASSACHUSETTS INST OF TECHNOLOGY        ,MA,02139-4307,Private      ,115,131,246,8995,2458,11453
00218000,MASSACHUSETTS COLLEGE OF ART AND DESIGN ,MA,02115-5803,Public       ,50,34,84,2050,656,2706
00218100,MASSACHUSETTS MARITIME ACADEMY          ,MA,02532-3400,Public       ,19,3,22,1086,76,1162
00218300,BRIDGEWATER STATE COLLEGE               ,MA,02325-0001,Public       ,171,155,326,9890,2326,12216
00218400,FITCHBURG STATE COLLEGE                 ,MA,01420-2697,Public       ,57,86,143,4829,1165,5994
00218500,FRAMINGHAM STATE COLLEGE                ,MA,01702-2471,Public       ,71,85,156,4796,909,5705
00218700,MASSACHUSETTS CLG OF LIBERAL ARTS       ,MA,01247-4100,Public       ,32,36,68,1686,429,2115
00218800,SALEM STATE COLLEGE                     ,MA,01970-5353,Public       ,162,185,347,8071,2667,10738
00218900,WESTFIELD STATE COLLEGE                 ,MA,01086-1630,Public       ,90,81,171,6401,935,7336
00219000,WORCESTER STATE COLLEGE                 ,MA,01602-2597,Public       ,84,104,188,4817,1571,6388
00219200,MOUNT HOLYOKE COLLEGE                   ,MA,01075-1492,Private      ,22,6,28,2413,254,2667
00219300,MOUNT IDA COLLEGE                       ,MA,02459-3323,Private      ,27,17,44,2191,287,2478
00219400,NEW ENGLAND CONSERVATORY OF MUSIC       ,MA,02115-5018,Private      ,14,10,24,641,463,1104
00219700,NICHOLS COLLEGE                         ,MA,01571-6346,Private      ,25,27,52,1983,265,2248
00219900,NORTHEASTERN UNIVERSITY                 ,MA,02115-5000,Private      ,410,540,950,29789,8140,37929
00220100,PINE MANOR COLLEGE                      ,MA,02167-0000,Private      ,3,4,7,589,135,724
00220200,BLESSED JOHN XXIII NATIONAL SEMINARY    ,MA,02493-0000,Private      ,0,1,1,0,2,2
00220500,QUINCY COLLEGE                          ,MA,02169-4501,Public       ,95,226,321,1056,2060,3116
00220600,REGIS COLLEGE                           ,MA,02193-0000,Private      ,16,30,46,1619,516,2135
00220800,SIMMONS COLLEGE                         ,MA,02115-5898,Private      ,32,145,177,2961,2898,5859
00220900,SMITH COLLEGE                           ,MA,01063-2936,Private      ,29,15,44,3329,882,4211
00221000,UNIV OF MASSACHUSETTS-DARTMOUTH         ,MA,02747-2300,Public       ,147,93,240,10150,1772,11922
00221100,SPRINGFIELD COLLEGE                     ,MA,01109-3797,Private      ,55,385,440,3642,3670,7312
00221400,ST JOHN'S SEMINARY                      ,MA,02135-8839,Private      ,2,12,14,7,42,49
00221700,STONEHILL COLLEGE                       ,MA,02357-6110,Private      ,43,6,49,5873,100,5973
00221800,SUFFOLK UNIVERSITY                      ,MA,02108-2770,Private      ,114,147,261,8682,2193,10875
00221802,SUFFOLK UNIVERSITY LAW SCHOOL           ,MA,02108-0000,Private      ,5,21,26,140,2928,3068
00221900,TUFTS UNIVERSITY                        ,MA,02155-5808,Private      ,71,75,146,9167,2219,11386
00221901,TUFTS UNIV SCH OF DENTAL MEDICINE       ,MA,02111-0000,Private      ,0,13,13,13,780,793
00221902,TUFTS UNIVERSITY - CUMMINGS SCHOOL OF VE,MA,01536-0000,Private      ,1,3,4,33,405,438
00221904,TUFTS UNIV SCHOOL OF MEDICINE           ,MA,02111-0000,Private      ,4,23,27,40,1555,1595
00222100,UNIV OF MASSACHUSETTS-AMHERST           ,MA,01003-0000,Public       ,336,344,680,30321,5712,36033
00222200,UNIV OF MASSACHUSETTS-BOSTON            ,MA,02125-3393,Public       ,237,478,715,8222,7245,15467
00222400,WELLESLEY COLLEGE                       ,MA,02481-8203,Private      ,39,7,46,3203,157,3360
00222500,WENTWORTH INSTITUTE OF TECHNOLOGY       ,MA,02115-5998,Private      ,57,43,100,4065,483,4548
00222600,WESTERN NEW ENGLAND COLLEGE             ,MA,01119-2654,Private      ,46,54,100,4848,1526,6374
00222700,WHEATON COLLEGE                         ,MA,02766-2322,Private      ,27,1,28,2653,34,2687
00222800,WHEELOCK COLLEGE                        ,MA,02215-4176,Private      ,18,23,41,1306,535,1841
00222900,WILLIAMS COLLEGE                        ,MA,01267-2600,Private      ,31,0,31,3970,83,4053
00223300,WORCESTER POLYTECHNIC INSTITUTE         ,MA,01609-2280,Private      ,41,22,63,5110,338,5448
00396500,BAY STATE COLLEGE                       ,MA,02116-2901,Proprietary  ,51,51,102,1184,433,1617
00396600,BOSTON ARCHITECTURAL COLLEGE            ,MA,02115-2795,Private      ,13,79,92,491,989,1480
00466100,HAMPSHIRE COLLEGE                       ,MA,01002-3359,Private      ,45,13,58,2398,92,2490
00466600,SALTER COLLEGE                          ,MA,01583-1700,Proprietary  ,132,473,605,603,2248,2851
00466700,SCHOOL OF MUSEUM OF FINE ARTS           ,MA,02115-5534,Private      ,17,3,20,895,269,1164
00466900,UPPER CAPE COD REGIONAL VOC TECH        ,MA,02532-3310,Public       ,0,7,7,10,77,87
00527900,GREATER LOWELL REGNL VOC TECH SCH       ,MA,01879-0000,Public       ,0,0,0,19,73,92
00551900,DIMAN REGIONAL VOC TECH INST            ,MA,02723-3519,Public       ,0,5,5,15,67,82
00552300,BLUE HILLS REGIONAL VOC TECH            ,MA,02021-1398,Public       ,1,10,11,29,111,140
00555700,MCCANN TECHNICAL SCHOOL                 ,MA,01247-0000,Public       ,5,9,14,21,55,76
00613600,NATIONAL AVIATION ACADEMY - NEW ENGLAND ,MA,01730-2620,Proprietary  ,5,18,23,100,98,198
00632200,BROCKTON HOSPITAL SCH OF NURSING        ,MA,02302-0000,Private      ,2,11,13,128,354,482
00632400,LABOURE COLLEGE                         ,MA,02124-5698,Private      ,10,53,63,159,629,788
00633100,LAWRENCE MEM HOSPITAL SCH OF NRSNG      ,MA,02155-1643,Private      ,4,20,24,60,350,410
00687300,MARIAN COURT COLLEGE                    ,MA,01907-2896,Private      ,9,12,21,203,96,299
00748100,GIBBS COLLEGE                           ,MA,02116-2904,Proprietary  ,10,4,14,125,222,347
00748400,NEWBURY COLLEGE                         ,MA,02445-5796,Private      ,13,11,24,1544,210,1754
00748600,THE NEW ENGLAND INSTITUTE OF ART        ,MA,02445-7295,Proprietary  ,84,63,147,1934,609,2543
00748800,KAPLAN CAREER INSTITUTE                 ,MA,02129-1644,Proprietary  ,44,116,160,178,519,697
00807800,SPRINGFIELD TECHNICAL COMMUNITY CLG     ,MA,01105-0000,Public       ,187,484,671,2280,3836,6116
00809002,EVEREST COLLEGE - EVEREST INSTITUTE     ,MA,02150-2333,Proprietary  ,44,120,164,153,395,548
00891600,NEW ENGLAND SCHOOL OF LAW               ,MA,02116-0000,Private      ,1,20,21,12,2253,2265
00964500,BARD COLLEGE AT SIMON'S ROCK            ,MA,01230-9702,Private      ,21,1,22,437,9,446
00974700,GORDON-CONWELL THEOLOGICAL SEMINARY     ,MA,01982-0000,Private      ,0,40,40,5,598,603
00975600,UNIVERSITY OF MASS MEDICAL CENTER       ,MA,01655-0000,Public       ,0,22,22,22,703,725
00987700,HENRI'S SCHOOL OF HAIR DESIGN           ,MA,01420-5675,Proprietary  ,3,6,9,29,30,59
00989900,LOWELL ACADEMY HAIRSTYLING INST         ,MA,01852-1909,Proprietary  ,10,12,22,43,39,82
00993600,MIDDLESEX COMMUNITY COLLEGE             ,MA,01730-1197,Public       ,52,98,150,1194,913,2107
00993602,"MIDDLESEX COMMUNITY COLLEGE, LOWELL     ",MA,01852-0000,Public       ,115,132,247,2033,1579,3612
01121000,BUNKER HILL COMMUNITY COLLEGE           ,MA,02129-2991,Public       ,332,613,945,3446,5070,8516
01151000,EVEREST INSTITUTE                       ,MA,02135-7638,Proprietary  ,58,133,191,197,507,704
01193000,ROXBURY COMMUNITY COLLEGE               ,MA,02120-3400,Public       ,79,247,326,855,2199,3054
01204200,MANSFIELD BEAUTY SCHOOLS                ,MA,02169-5061,Proprietary  ,8,20,28,34,89,123
01206800,MANSFIELD BEAUTY SCHOOL                 ,MA,01103-1410,Proprietary  ,3,21,24,7,54,61
01238600,SOUTHEASTERN TECHNICAL INSTITUTE        ,MA,02375-1780,Public       ,3,16,19,45,156,201
01288100,MONTACHUSETT REG VOC TECH SCH           ,MA,01420-4649,Public       ,0,1,1,7,48,55
01292100,"BLAINE, THE BEAUTY CAREER SCHOOLS       ",MA,02215-0000,Proprietary  ,31,70,101,183,267,450
01292101,"BLAINE, THE BEAUTY CAREER SCHOOLS - HYAN",MA,02601-2022,Proprietary  ,3,3,6,9,10,19
01294800,ROB ROY ACADEMY                         ,MA,02721-5330,Proprietary  ,12,19,31,50,75,125
02063000,MONTSERRAT COLLEGE OF ART               ,MA,01915-0000,Private      ,7,3,10,490,50,540
02063800,BUTERA SCHOOL OF ART                    ,MA,02116-0000,Proprietary  ,1,1,2,53,12,65
02076700,"BLAINE, THE BEAUTY CAREER SCHOOL        ",MA,02148-0000,Proprietary  ,19,48,67,79,179,258
02079400,BLAINE THE BEAUTY CAREER SCHOOL         ,MA,02453-0000,Proprietary  ,15,26,41,69,165,234
02092100,MASSACHUSETTS SCHOOL OF BARBERING       ,MA,02169-0000,Proprietary  ,3,18,21,17,73,90
02092200,BLAINE THE BEAUTY CAREER SCHOOLS        ,MA,01852-0000,Proprietary  ,16,29,45,71,143,214
02122000,NEW ENGLAND HAIR ACADEMY                ,MA,02148-0000,Proprietary  ,11,21,32,50,77,127
02137000,ROB ROY ACADEMY                         ,MA,02780-0000,Proprietary  ,5,13,18,24,34,58
02137200,MASS GEN HOSP DIETETIC INTERNSHIP       ,MA,02114-0000,Private      ,0,0,0,1,12,13
02143000,LONGY SCHOOL OF MUSIC                   ,MA,02138-3599,Private      ,1,5,6,37,128,165
02161300,WESTON JESUIT SCHOOL OF THEOLOGY        ,MA,02138-0000,Private      ,0,0,0,0,19,19
02163500,NEW ENGLAND SCHOOL OF PHOTOGRAPHY       ,MA,02215-0000,Proprietary  ,12,15,27,129,105,234
02163600,MASS SCH OF PROFESSIONAL PSYCHOLOGY     ,MA,02132-0000,Private      ,1,7,8,5,514,519
02169900,ASSABET VALLEY REGIONAL VOC SCHOOL      ,MA,01752-0000,Public       ,2,4,6,13,49,62
02181600,ROB ROY ACADEMY                         ,MA,01609-0000,Proprietary  ,20,42,62,73,137,210
02182900,CAMBRIDGE COLLEGE                       ,MA,02138-5304,Private      ,37,566,603,245,4543,4788
02197900,NORTH BENNET STREET SCHOOL              ,MA,02113-0000,Private      ,0,12,12,24,92,116
02215100,HALLMARK INSTITUTE OF PHOTOGRAPHY       ,MA,01376-0000,Proprietary  ,2,3,5,181,150,331
02219501,MILDRED ELLEY                           ,MA,01201-0000,Proprietary  ,0,2,2,3,17,20
02220400,CATHERINE HINDS INST OF ESTHETICS       ,MA,01801-0000,Proprietary  ,3,18,21,39,117,156
02237100,JOSEPH P KEEFE TECHNICAL SCHOOL         ,MA,01701-5698,Public       ,0,0,0,2,0,2
02274300,CONWAY SCHOOL OF LANDSCAPE DESIGN       ,MA,01341-0179,Private      ,0,0,0,0,22,22
02325700,LABARON HAIRDRESSING ACADEMY            ,MA,02740-0000,Proprietary  ,2,7,9,14,40,54
02325800,LABARON HAIRDRESSING ACAD-BROCKTON      ,MA,02301-0000,Proprietary  ,5,9,14,19,37,56
02337400,BANCROFT SCHOOL OF MASSAGE THERAPY      ,MA,01604-4614,Proprietary  ,2,5,7,15,37,52
02338200,BAY STATE SCHOOL OF TECHNOLOGY          ,MA,02021-0000,Proprietary  ,8,38,46,60,178,238
02339400,ROB ROY ACADEMY                         ,MA,02746-0000,Proprietary  ,2,2,4,13,16,29
02491700,CORTIVA INSTITUTE -  BOSTON             ,MA,02472-2577,Proprietary  ,8,55,63,32,224,256
02523900,ELIZABETH GRADY SCHOOL OF ESTHETICS     ,MA,02155-0000,Proprietary  ,6,18,24,40,81,121
02579800,NEW ENGLAND SCHOOL OF ACUPUNCTURE       ,MA,02458-0000,Private      ,0,3,3,0,151,151
03006802,PENNSYLVANIA CULINARY INSTITUTE - LE COR,MA,02142-1221,Proprietary  ,25,88,113,92,232,324
03066700,AILANO SCHOOL OF COSMETOLOGY            ,MA,02303-4740,Proprietary  ,6,10,16,25,41,66
03104000,SHAWSHEEN ADULT TECHNICAL INSTITUTE     ,MA,01821-5499,Public       ,1,0,1,10,35,45
03120800,KAY HARVEY HAIRDRESSING ACADEMY         ,MA,01089-2701,Proprietary  ,5,20,25,19,56,75
03127700,SOUTHERN NEW ENGLAND SCHOOL OF LAW      ,MA,02747-1252,Private      ,0,6,6,3,277,280
03130500,URBAN COLLEGE OF BOSTON                 ,MA,02111-1093,Private      ,5,44,49,31,581,612
03194300,BOSTON GRAD SCH OF PSYCHOANALYSIS       ,MA,02446-4602,Private      ,0,4,4,2,69,71
03196300,LINCOLN TECHNICAL INSTITUTE             ,MA,02145-1102,Proprietary  ,49,125,174,283,593,876
03196302,LINCOLN TECHNICAL INSTITUTE             ,MA,01852-5119,Proprietary  ,52,95,147,231,382,613
03205400,JOLIE HAIR & BEAUTY ACADEMY             ,MA,01056-2769,Proprietary  ,7,18,25,19,57,76
03232302,LINCOLN TECHNICAL INSTITUTE             ,MA,02401-1818,Proprietary  ,50,108,158,155,346,501
03235300,MASSACHUSETTS SCHOOL OF LAW             ,MA,01810-1094,Private      ,0,46,46,2,621,623
03240300,HAIR IN MOTION BEAUTY ACADEMY           ,MA,01604-2213,Proprietary  ,3,2,5,12,15,27
03248300,BOSTON BAPTIST COLLEGE                  ,MA,02136-4000,Private      ,5,4,9,81,37,118
03316400,FUNERAL INSTITUTE OF THE NORTHEAST      ,MA,02062-4766,Proprietary  ,1,12,13,18,92,110
03504300,NATL GRAD SCH OF QUALITY SYSTM MGMT     ,MA,02540-0000,Private      ,0,4,4,0,15,15
03763300,MEDICAL PROFESSIONAL INSTITUTE          ,MA,02148-8143,Proprietary  ,4,27,31,21,121,142
03859300,E.I.N.E.                                ,MA,01876-4709,Proprietary  ,0,7,7,4,25,29
03946300,FRANKLIN W. OLIN COLLEGE OF ENGINEERING ,MA,02492-1200,Private      ,3,2,5,405,8,413
04039300,SULLIVAN AND COGLIANO TRAINING CENTER   ,MA,02301-1822,Proprietary  ,18,222,240,54,725,779
04116900,DIGRIGOLI SCHOOL OF COSMETOLOGY         ,MA,01089-4623,Proprietary  ,4,7,11,25,32,57
04128000,MILLENNIUM TRAINING INSTITUTE           ,MA,01801-6386,Proprietary  ,1,2,3,2,14,16
04128900,CENTRAL MASS SCHOOL OF MASSAGE AND THERA,MA,01562-1712,Proprietary  ,2,3,5,14,15,29
00324204,CARNEGIE MELLON UNIVERSITY - QATAR      ,FC,00000-0000,Private      ,0,0,0,3,2,5
00324206,CARNEGIE MELLON UNIVERSITY  - THE HEINZ ,FC,00000-0000,Private      ,0,0,0,0,3,3
00369102,MIDDLEBURY COLLEGE - GERMANY            ,FC,00000-0000,Private      ,0,1,1,0,1,1
00369104,MIDDLEBURY COLLEGE - SPAIN              ,FC,00000-0000,Private      ,0,1,1,0,1,1
00369105,MIDDLEBURY COLLEGE - RUSSIA             ,FC,00000-0000,Private      ,0,3,3,0,3,3
00401000,INSTITUT INTERNAT'L D'ETUDES FRANCA     ,FC,00000-0000,Public       ,0,0,0,1,3,4
00401200,HEBREW UNIVERSITY OF JERUSALEM (THE)    ,FC,00000-0000,Public       ,4,7,11,62,110,172
00403000,UNIVERSITY OF CAMBRIDGE                 ,FC,00000-0000,Public       ,0,3,3,2,59,61
00503400,AMERICAN UNIVERSITY OF CAIRO            ,FC,00000-0000,Private      ,4,6,10,78,213,291
00667100,KATHOLIEKE UNIVERSITEIT LEUVEN          ,FC,00000-0000,Private      ,0,4,4,1,34,35
00669000,UNIVERSITY OF COPENHAGEN                ,FC,00000-0000,Public       ,0,0,0,1,3,4
00669100,UNIVERSITY OF CAMBRIDGE - PEMBROKE      ,FC,00000-0000,Public       ,0,0,0,1,11,12
00669200,UNIVERSITY OF LEEDS                     ,FC,00000-0000,Public       ,0,0,0,14,83,97
00669300,UNIV OF LONDON-LONDON SCHOOL ECON       ,FC,00000-0000,Public       ,1,15,16,19,473,492
00669400,SCH OF ORIENTAL & AFRICAN STUDIES       ,FC,00000-0000,Public       ,1,6,7,7,145,152
00669500,UNIV OF LONDON-UNIVERSITY COLLEGE       ,FC,00000-0000,Public       ,1,7,8,16,270,286
00669600,UNIV OF LONDON-SCH ADVANCED STUDY       ,FC,00000-0000,Public       ,1,0,1,1,17,18
00669700,"QUEEN MARY, UNIVERSITY OF LONDON        ",FC,00000-0000,Public       ,1,3,4,19,103,122
00669900,UNIVERSITY OF SUSSEX                    ,FC,00000-0000,Public       ,0,0,0,14,69,83
00670000,"UNIVERSITY OF YORK, THE                 ",FC,00000-0000,Public       ,0,2,2,11,87,98
00670400,UNIVERSITY COLLEGE CORK                 ,FC,00000-0000,Public       ,1,0,1,9,55,64
00671300,UPPSALA UNIVERSITY                      ,FC,00000-0000,Public       ,0,0,0,0,20,20
00671500,UNIVERSITY OF GENEVA                    ,FC,00000-0000,Public       ,0,3,3,5,58,63
00683900,UNIVERSITY OF EDINBURGH                 ,FC,00000-0000,Public       ,2,16,18,112,489,601
00684200,UNIVERSITY OF DUBLIN TRINITY COLLEG     ,FC,00000-0000,Public       ,1,3,4,42,138,180
00685000,UNIVERSITY OF CAMBRIDGE - DOWNING C     ,FC,00000-0000,Public       ,0,0,0,0,5,5
00685100,INTERNATIONAL CHRISTIAN UNIVERSITY      ,FC,00000-0000,Private      ,0,0,0,10,7,17
00763200,UNIVERSITY OF BRISTOL                   ,FC,00000-0000,Public       ,0,2,2,9,71,80
00768100,COLLEGE OF EUROPE                       ,FC,00000-0000,Private      ,1,0,1,1,5,6
00770500,ROYAL COLLEGE OF SURGEONS IN IRELAN     ,FC,00000-0000,Private      ,1,0,1,7,62,69
00788100,AMERICAN UNIVERSITY OF PARIS            ,FC,00000-0000,Private      ,10,18,28,272,202,474
00837100,AMERICAN UNIVERSITY OF BEIRUT           ,FC,00000-0000,Private      ,9,8,17,66,76,142
00837300,TEL-AVIV UNIVERSITY                     ,FC,00000-0000,Public       ,3,5,8,16,63,79
00837600,VRIJE UNIVERSITEIT AMSTERDAM            ,FC,00000-0000,Public       ,0,3,3,0,3,3
00837700,UNIVERSITEIT VAN AMSTERDAM(UNIVERSI     ,FC,00000-0000,Public       ,0,1,1,9,112,121
00838000,UNIVERSITY OF WARWICK                   ,FC,00000-0000,Public       ,0,3,3,9,59,68
00838300,UNIVERSITY OF GLASGOW                   ,FC,00000-0000,Public       ,1,2,3,35,327,362
00838600,UNIVERSITY OF HELSINKI                  ,FC,00000-0000,Public       ,0,0,0,2,5,7
00839300,UNIVERSITY OF OSLO                      ,FC,00000-0000,Public       ,0,1,1,3,15,18
00839400,UNIVERSITY OF OXFORD                    ,FC,00000-0000,Public       ,1,7,8,13,162,175
00839800,UNIVERSITY OF SHEFFIELD (THE)           ,FC,00000-0000,Public       ,0,1,1,11,67,78
00839900,UNIVERSITY OF SOUTHAMPTON               ,FC,00000-0000,Public       ,1,0,1,5,38,43
00845000,KASTURBA MEDICAL COLLEGE (A CONSTITENT I,FC,00000-0000,Private      ,2,5,7,25,66,91
00845200,ABERYSTWYTH UNIVERSITY                  ,FC,00000-0000,Public       ,0,0,0,7,22,29
00846000,UNIVERSITY OF NEWCASTLE UPON TYNE       ,FC,00000-0000,Public       ,1,0,1,7,56,63
00846100,UNIVERSITY OF SAINT ANDREWS             ,FC,00000-0000,Public       ,6,4,10,138,133,271
00846200,UNIVERSIDAD DE SALAMANCA                ,FC,00000-0000,Public       ,0,0,0,3,38,41
00850500,UNIVERSITY OF MELBOURNE                 ,FC,00000-0000,Public       ,1,18,19,11,131,142
00858600,SWANSEA UNIVERSITY                      ,FC,00000-0000,Public       ,0,1,1,10,35,45
00858700,UNIVERSITY OF DURHAM                    ,FC,00000-0000,Public       ,0,6,6,9,107,116
00866500,UNIVERSITY OF KENT AT CANTERBURY (THE)  ,FC,00000-0000,Public       ,0,7,7,15,143,158
00866600,UNIVERSITY OF HONG KONG                 ,FC,00000-0000,Public       ,0,1,1,13,40,53
00867000,UNIVERSITY OF NEW SOUTH WALES           ,FC,00000-0000,Public       ,2,23,25,10,102,112
00868700,UNIVERSITY OF ESSEX                     ,FC,00000-0000,Public       ,0,4,4,7,58,65
00869200,LEIDEN UNIVERSITY                       ,FC,00000-0000,Public       ,0,0,0,0,8,8
00869300,CITY UNIVERSITY                         ,FC,00000-0000,Public       ,1,4,5,6,115,121
00890800,THE UNIVERSITY OF BIRMINGHAM            ,FC,00000-0000,Public       ,0,6,6,6,101,107
00891000,UNIVERSITY OF HULL                      ,FC,00000-0000,Public       ,0,0,0,7,16,23
00892000,UNIVERSITY OF NOTTINGHAM                ,FC,00000-0000,Public       ,0,4,4,17,95,112
00900600,UNIVERSITY OF SALFORD (THE)             ,FC,00000-0000,Public       ,0,0,0,0,11,11
00908400,"UNIV OF LONDON, BIRKBECK                ",FC,00000-0000,Public       ,0,6,6,2,77,79
00908500,UNIV OF LONDON KING'S COLLEGE           ,FC,00000-0000,Public       ,1,10,11,21,223,244
00908600,UNIVERSITY OF LONDON - ROYAL HOLLOWAY   ,FC,00000-0000,Public       ,0,2,2,9,56,65
00914300,BAR-ILAN UNIVERSITY                     ,FC,00000-0000,Private      ,1,2,3,9,11,20
00924700,ARCHITECTURAL ASSOC SCH OF ARCHITEC     ,FC,00000-0000,Private      ,0,0,0,4,25,29
00924900,UNIVERSITY OF LIVERPOOL                 ,FC,00000-0000,Public       ,2,7,9,14,66,80
00936800,UNIVERSITY OF ABERDEEN                  ,FC,00000-0000,Public       ,1,2,3,42,130,172
00942300,ROYAL COLLEGE OF ART                    ,FC,00000-0000,Public       ,0,2,2,4,29,33
00942400,ROYAL ACADEMY OF DRAMATIC ART           ,FC,00000-0000,Private      ,0,0,0,9,3,12
00942800,TECHNION-ISRAEL INST OF TECHLGY         ,FC,00000-0000,Public       ,0,9,9,0,73,73
00944200,UNIVERSITY OF EXETER                    ,FC,00000-0000,Public       ,1,3,4,6,87,93
00944400,UNIVERSITY OF LANCASTER                 ,FC,00000-0000,Public       ,0,2,2,2,37,39
00963400,UNIVERSITY OF OXFORD ST CATHERINE'S     ,FC,00000-0000,Public       ,0,2,2,2,13,15
00980800,UNIVERSITY OF STRATHCLYDE               ,FC,00000-0000,Public       ,1,0,1,3,31,34
00981700,UNIVERSITY OF SANTO TOMAS               ,FC,00000-0000,Private      ,0,0,0,2,3,5
00986000,UNIVERSITY OF SURREY                    ,FC,00000-0000,Public       ,0,1,1,5,17,22
00990600,PONTIFICAL NORTH AMERICAN COLLEGE       ,FC,00000-0000,Private      ,0,1,1,1,9,10
00992700,UNIVERSITY OF CAMBRIDGE - FITZWILLI     ,FC,00000-0000,Public       ,0,0,0,1,8,9
01006700,LUND UNIVERSITY                         ,FC,00000-0000,Public       ,0,5,5,4,65,69
01008400,UNIVERSITY OF CAPE TOWN                 ,FC,00000-0000,Private      ,0,21,21,8,53,61
01008700,UNIVERSITY OF OXFORD ST PETER'S COL     ,FC,00000-0000,Public       ,0,0,0,1,5,6
01008800,UNIVERSITY OF OXFORD - CORPUS CHRIS     ,FC,00000-0000,Public       ,0,1,1,0,9,9
01008900,CENTRAL SCHOOL OF SPEECH AND DRAMA      ,FC,00000-0000,Private      ,0,2,2,9,45,54
01009000,UNIVERSITY OF OXFORD - BALLIOL COLL     ,FC,00000-0000,Public       ,0,0,0,1,20,21
01014300,UNIVERSITY OF READING                   ,FC,00000-0000,Public       ,0,1,1,8,37,45
01015700,CARDIFF UNIVERSITY                      ,FC,00000-0000,Public       ,1,6,7,7,57,64
01015900,PONTIFICIA UNIVERSITA GREGORIANA        ,FC,00000-0000,Private      ,0,0,0,0,9,9
01018800,UNIVERSITY COLLEGE DUBLIN               ,FC,00000-0000,Public       ,1,3,4,18,148,166
01019000,UNIVERSITY OF CAMBRIDGE CHURCHILL C     ,FC,00000-0000,Public       ,0,0,0,2,9,11
01022800,UNIVERSITY OF STIRLING                  ,FC,00000-0000,Public       ,0,2,2,14,27,41
01033200,UNIVERSITY OF CAMBRIDGE - CLARE COL     ,FC,00000-0000,Public       ,0,0,0,0,12,12
01045600,UNIVERSITY OF HAIFA                     ,FC,00000-0000,Public       ,1,1,2,12,12,24
01047200,INST EUROPEEN OPEEN D'ADMINISTRATIO     ,FC,00000-0000,Private      ,0,10,10,0,100,100
01049300,CRANFIELD UNIVERSITY                    ,FC,00000-0000,Public       ,0,0,0,0,11,11
01052000,TRINITY LABAN                           ,FC,00000-0000,Public       ,0,2,2,2,6,8
01052001,LABAN CENTER FOR MOVEMENT & DANCE       ,FC,00000-0000,Public       ,0,0,0,0,6,6
01052500,UNIVERSITY OF HERTFORDSHIRE             ,FC,00000-0000,Public       ,1,2,3,5,9,14
01057400,LONDON INTRNTL FILM SCHOOL              ,FC,00000-0000,Private      ,0,3,3,5,36,41
01058400,VRIJE UNIVERSITEIT BRUSSELS             ,FC,00000-0000,Private      ,0,0,0,1,1,2
01058600,INSTITUTE OF SOCIAL STUDIES             ,FC,00000-0000,Private      ,0,0,0,0,14,14
01058800,AUSTRALIAN NATIONAL UNIVERSITY          ,FC,00000-0000,Public       ,1,11,12,7,53,60
01058900,BANGOR UNIVERSITY                       ,FC,00000-0000,Public       ,0,0,0,12,32,44
01059400,"RICHMOND, THE AMERICAN INT UNI IN LONDON",FC,00000-0000,Private      ,4,0,4,332,34,366
01059900,INST D'ETUDES POLITIQUES DE PARIS       ,FC,00000-0000,Public       ,0,0,0,7,37,44
01068100,MACQUARIE UNIVERSITY                    ,FC,00000-0000,Public       ,2,7,9,22,82,104
01069200,UNIVERSITY OF QUEENSLAND (THE)          ,FC,00000-0000,Public       ,2,30,32,18,109,127
01070400,SILLIMAN UNIVERSITY                     ,FC,00000-0000,Private      ,0,0,0,2,5,7
01078900,UNIVERSITY OF OXFORD - WORCESTER CO     ,FC,00000-0000,Public       ,0,0,0,0,5,5
01079200,CITY AND GUILDS OF LONDON INSTITUTE     ,FC,00000-0000,Private      ,0,0,0,0,1,1
01079700,"NATIONAL UNIVERSITY OF IRELAND, MAY     ",FC,00000-0000,Public       ,0,0,0,2,4,6
01080300,SEMMELWEIS UNIVERSITY OF BUDAPEST       ,FC,00000-0000,Public       ,0,0,0,3,38,41
01081600,KINGSTON UNIVERSITY                     ,FC,00000-0000,Public       ,0,0,0,27,37,64
01083800,UNIVERSITITY OF BERGEN (UOB)            ,FC,00000-0000,Public       ,0,0,0,0,2,2
01086400,UNIV OF DUNDEE                          ,FC,00000-0000,Public       ,0,4,4,3,33,36
01086600,UNIVERSITY OF OXFORD - MAGDALEN COLLEGE ,FC,00000-0000,Public       ,0,0,0,0,11,11
01086700,UNIVERSITY OF OXFORD ST JOHN'S COLL     ,FC,00000-0000,Public       ,0,0,0,3,4,7
01091400,MONASH UNIVERSITY                       ,FC,00000-0000,Public       ,1,7,8,5,33,38
01091500,UNIV OF EAST ANGLIA                     ,FC,00000-0000,Public       ,2,1,3,11,56,67
01094200,UNIVERSITY OF OXFORD - ST HUGH'S CO     ,FC,00000-0000,Public       ,0,1,1,0,6,6
01097700,UNIVERSIDAD CENTRAL DEL ESTE            ,FC,00000-0000,Private      ,8,57,65,74,715,789
01098000,SOMERVILLE COLLEGE                      ,FC,00000-0000,Public       ,0,1,1,0,3,3
01099900,UNIV OF OXFORD - WADHAM COLLEGE         ,FC,00000-0000,Public       ,0,0,0,1,1,2
01104400,PONTIFICIA UNIVERSITA SAN TOMMASO       ,FC,00000-0000,Private      ,0,3,3,0,15,15
01105300,UNIVERSITY OF OXFORD - ST HILDA'S C     ,FC,00000-0000,Public       ,0,0,0,2,10,12
01105400,UNIVERSITY OF OXFORD - ST ANNE'S CO     ,FC,00000-0000,Public       ,0,0,0,2,10,12
01105500,UNIV OF OXFORD - LADY MARGARET HALL     ,FC,00000-0000,Public       ,0,1,1,1,11,12
01105600,UNIVERSITY OF OXFORD - UNIVERSITY C     ,FC,00000-0000,Public       ,0,0,0,2,13,15
01105700,UNIVERSITY OF OXFORD - TRINITY COLL     ,FC,00000-0000,Public       ,0,0,0,1,12,13
01105800,UNIVERSITY OF OXFORD-ST EDMUND HALL     ,FC,00000-0000,Public       ,0,1,1,1,16,17
01105900,UNIVERSITY OF OXFORD ST ANTONY'S CO     ,FC,00000-0000,Public       ,0,5,5,0,35,35
01106000,UNIVERSITY OF OXFORD - QUEEN'S COLL     ,FC,00000-0000,Public       ,0,0,0,0,2,2
01106100,UNIVERSITY OF OXFORD - PEMBROKE COL     ,FC,00000-0000,Public       ,0,0,0,0,5,5
01106200,UNIVERSITY OF OXFORD - ORIEL COLLEG     ,FC,00000-0000,Public       ,0,1,1,1,5,6
01106300,UNIVERSITY OF OXFORD - NUFFIELD COL     ,FC,00000-0000,Public       ,0,0,0,0,9,9
01106400,UNIVERSITY OF OXFORD - NEW COLLEGE      ,FC,00000-0000,Public       ,0,0,0,1,9,10
01106500,UNIVERSITY OF OXFORD MERTON COLLEGE     ,FC,00000-0000,Public       ,0,0,0,1,8,9
01106600,UNIVERSITY OF OXFORD - LINCOLN COLL     ,FC,00000-0000,Public       ,0,1,1,2,10,12
01106700,UNIVERSITY OF OXFORD - KEBLE COLLEG     ,FC,00000-0000,Public       ,0,0,0,1,7,8
01106800,UNIVERSITY OF OXFORD - JESUS COLLEG     ,FC,00000-0000,Public       ,0,1,1,1,8,9
01106900,UNIVERSITY OF OXFORD - HERTFORD COL     ,FC,00000-0000,Public       ,0,2,2,0,9,9
01107000,UNIVERSITY OF OXFORD EXETER COLLEGE     ,FC,00000-0000,Public       ,0,0,0,1,22,23
01107100,UNIV OF OXFORD - CHRIST CHURCH          ,FC,00000-0000,Public       ,0,2,2,1,21,22
01107200,UNIVERSITY OF OXFORD - BRASENOSE CO     ,FC,00000-0000,Public       ,0,0,0,1,7,8
01109100,FLINDERS UNIVERSITY OF S AUSTRALIA      ,FC,00000-0000,Public       ,0,5,5,5,20,25
01109400,UNIVERSITY OF WESTERN AUSTRALIA (THE)   ,FC,00000-0000,Public       ,0,3,3,2,16,18
01156700,"IMPERIAL COLLEGE OF SCIENCE, TECHNOLOGY ",FC,00000-0000,Public       ,1,1,2,5,49,54
01167900,UNIVERSITY OF BATH                      ,FC,00000-0000,Public       ,0,0,0,2,21,23
01168300,FRANKLIN COLLEGE  SWITZERLAND           ,FC,00000-0000,Private      ,7,0,7,370,12,382
01175800,UNIV OF CAMBRIDGE - PETERHOUSE          ,FC,00000-0000,Public       ,0,0,0,0,8,8
01176400,ROYAL ACADEMY OF MUSIC                  ,FC,00000-0000,Public       ,0,1,1,11,13,24
01176500,GOLDSMITHS' COLLEGE-UNIV OF LONDON      ,FC,00000-0000,Public       ,1,4,5,22,124,146
01176600,UNIV OF LONDON - INST OF EDUC           ,FC,00000-0000,Public       ,0,1,1,0,17,17
01177900,STOCKHOLM SCHOOL OF ECONOMICS           ,FC,00000-0000,Private      ,0,0,0,0,5,5
01178000,BRUNEL UNIVERSITY                       ,FC,00000-0000,Public       ,0,0,0,0,4,4
01178400,UNIVERSITY OF WARSAW                    ,FC,00000-0000,Public       ,0,0,0,4,9,13
01207500,UNIVERSITY CAMBRIDGE - TRINITY COLL     ,FC,00000-0000,Public       ,0,0,0,0,15,15
01207800,VICTORIA UNIV OF WELLINGTON             ,FC,00000-0000,Public       ,2,10,12,15,39,54
01210100,UNIVERSITY OF CAMBRIDGE - GIRTON CO     ,FC,00000-0000,Public       ,0,0,0,1,2,3
01213600,VICTORIA UNIV OF MANCHESTER (THE)       ,FC,00000-0000,Public       ,0,4,4,13,61,74
01219800,UNIVERSITY OF BRADFORD                  ,FC,00000-0000,Public       ,0,0,0,2,26,28
01220100,UNIVERSITY OF OXFORD - REGENT'S PAR     ,FC,00000-0000,Public       ,0,0,0,2,5,7
01220600,JAMES COOK UNIVERSITY                   ,FC,00000-0000,Public       ,2,14,16,21,65,86
01221300,PONTIFICIA BOLIVARIANA UNIVERSITY       ,FC,00000-0000,Private      ,0,0,0,4,3,7
01221500,BIRMINGHAM CITY UNIVERSITY              ,FC,00000-0000,Public       ,1,0,1,4,11,15
01222300,JAGIELLONIAN UNIVERSITY COLLEGIUM M     ,FC,00000-0000,Public       ,0,0,0,2,63,65
01222500,UNIVERSITY OF SZEGED FACULTY OF MEDICINE,FC,00000-0000,Public       ,0,0,0,1,8,9
01223400,KOREA UNIVERSITY                        ,FC,00000-0000,Private      ,0,0,0,2,5,7
01225800,ASTON UNIVERSITY                        ,FC,00000-0000,Public       ,0,1,1,1,10,11
01227500,UNIVERSITY OF OXFORD - WOLFSON COLL     ,FC,00000-0000,Public       ,0,2,2,0,14,14
01230200,GONVILLE & CAIUS COLLEGE                ,FC,00000-0000,Public       ,0,0,0,1,4,5
01233300,UNIV OF THE ARTS LONDON- CAMBERWELL COLL,FC,00000-0000,Public       ,1,0,1,12,20,32
01233500,ROYAL COLLEGE OF MUSIC                  ,FC,00000-0000,Public       ,0,0,0,3,11,14
01233700,WROCLAW UNIVERSITY OF MEDICINE          ,FC,00000-0000,Public       ,0,0,0,3,7,10
01234100,UNIVERSITY OF WALES - ST DAVID'S UN     ,FC,00000-0000,Public       ,0,6,6,3,37,40
01236000,EDINBURGH COLLEGE OF ART                ,FC,00000-0000,Public       ,1,0,1,1,9,10
01242100,UNIV OF AUCKLAND                        ,FC,00000-0000,Public       ,4,16,20,23,73,96
01253900,UNIVERSITY OF THE ARTS LONDON IDO - CENT,FC,00000-0000,Public       ,3,0,3,56,56,112
01254000,UNIVERSIDAD DE NAVARRA                  ,FC,00000-0000,Private      ,1,1,2,10,25,35
01276500,UNIVERSITY OF OXFORD - LINACRE COLL     ,FC,00000-0000,Public       ,0,0,0,0,11,11
01276600,"NATIONAL UNIVERSITY IRELAND, GALWAY     ",FC,00000-0000,Public       ,1,2,3,14,71,85
01280200,PONTIFICIA UNIV CATOLICA MAD Y MAES     ,FC,00000-0000,Private      ,18,12,30,74,123,197
01281100,INST TECNOLOGICO DE SANTO DOMINGO       ,FC,00000-0000,Private      ,2,6,8,15,85,100
01283900,UNIVERSITY OF CAMBRIDGE - SAINT JOH     ,FC,00000-0000,Public       ,0,0,0,0,14,14
01286200,MOUNTVIEW ACADEMY OF THEATRE ARTS       ,FC,00000-0000,Private      ,0,0,0,2,5,7
01297800,UNIVERSITY OF HUDDERSFIELD (THE)        ,FC,00000-0000,Public       ,0,0,0,1,3,4
01315300,MASSEY UNIVERSITY                       ,FC,00000-0000,Public       ,4,37,41,12,102,114
01322500,COLLEGE OF LAW                          ,FC,00000-0000,Private      ,0,1,1,1,20,21
02052400,DARWIN COLLEGE                          ,FC,00000-0000,Public       ,0,1,1,0,18,18
02082400,UNIVERSITY OF CAMBRIDGE - QUEEN'S C     ,FC,00000-0000,Public       ,0,0,0,0,14,14
02083400,UNIVERSITY OF CAMBRIDGE - WOLFSON C     ,FC,00000-0000,Public       ,0,0,0,0,17,17
02087400,UNIVERSITY OF CAMBRIDGE - NEWNHAM C     ,FC,00000-0000,Public       ,0,0,0,0,3,3
02087900,OXFORD BROOKES UNIVERSITY               ,FC,00000-0000,Public       ,3,1,4,9,43,52
02094100,BEN-GURION UNIV                         ,FC,00000-0000,Public       ,0,3,3,2,157,159
02094400,UNIV OF CAMBRIDGE - ST EDMUND'S HOU     ,FC,00000-0000,Public       ,0,1,1,1,9,10
02095500,LONDON BUS SCHOOL                       ,FC,00000-0000,Private      ,0,17,17,2,162,164
02098700,FATIMA COLLEGE OF MEDICINE              ,FC,00000-0000,Private      ,0,5,5,6,50,56
02101900,ROEHAMPTON UNIVERSITY                   ,FC,00000-0000,Public       ,1,1,2,18,54,72
02108600,LONDON ACADEMY OF MUSIC & DRAMATIC      ,FC,00000-0000,Private      ,0,0,0,10,11,21
02115900,UNIVERSITY OF PORTSMOUTH                ,FC,00000-0000,Public       ,0,0,0,7,8,15
02116700,UNIVERSITY OF CAMBRIDGE - LUCY CAVE     ,FC,00000-0000,Public       ,0,1,1,0,9,9
02120000,UNIV OF LONDON - COURTALD INST OF A     ,FC,00000-0000,Public       ,0,1,1,0,21,21
02133400,UNIVERSITY OF CAMBRIDGE - SIDNEY SU     ,FC,00000-0000,Public       ,0,0,0,1,7,8
02142000,UNIVERSITY OF CAMBRIDGE - HOMERTON      ,FC,00000-0000,Public       ,0,0,0,0,7,7
02149700,UNIVERSITY OF WINCHESTER (THE)          ,FC,00000-0000,Public       ,0,0,0,6,5,11
02156800,UNIV OF OTAGO                           ,FC,00000-0000,Public       ,0,11,11,5,34,39
02162300,"IESE BUSINESS SCH, UNIV OF NAVARRA      ",FC,00000-0000,Private      ,1,3,4,2,73,75
02167400,UNIVERSITY OF CAMBRIDGE - CORPUS CH     ,FC,00000-0000,Public       ,0,1,1,0,7,7
02175700,OHR SOMAYACH INSTITUTIONS               ,FC,00000-0000,Private      ,1,2,3,6,7,13
02177700,KING'S COLLEGE- UNIV OF CAMBRIDGE       ,FC,00000-0000,Public       ,0,0,0,1,33,34
02180500,MIDDLESEX UNIVERSITY                    ,FC,00000-0000,Public       ,0,2,2,10,42,52
02181000,UNIVERSITY OF SOUTH AUSTRALIA           ,FC,00000-0000,Public       ,1,2,3,5,17,22
02183500,UNIV OF OXFORD - WYCLIFFE HALL          ,FC,00000-0000,Public       ,0,0,0,0,7,7
02186000,UNIVERSITY OF CAMBRIDGE - MAGDALENE     ,FC,00000-0000,Public       ,0,0,0,0,9,9
02186100,UNIVERSITY OF CAMBRIDGE - EMMANUEL      ,FC,00000-0000,Public       ,0,0,0,0,6,6
02189600,UNIVERSITY OF GRONINGEN                 ,FC,00000-0000,Public       ,1,0,1,4,6,10
02194800,UNIVERSITY OF THE WEST OF ENGLAND -     ,FC,00000-0000,Public       ,0,1,1,6,10,16
02195100,UNIV OF WESTMINSTER                     ,FC,00000-0000,Public       ,1,4,5,25,111,136
02196700,GUILDHALL SCHOOL OF MUSIC & DRAMA       ,FC,00000-0000,Public       ,0,0,0,7,16,23
02197000,INT'L GRAD PROGRAMME STOCKHOLM UNIV     ,FC,00000-0000,Public       ,0,0,0,0,19,19
02207300,UNIVERSITY OF CAMBRIDGE - CHRIST'S      ,FC,00000-0000,Public       ,0,0,0,1,4,5
02207400,CHINESE UNIVERSITY OF HONG KONG (THE)   ,FC,00000-0000,Public       ,0,2,2,3,2,5
02209500,UNIVERSITEIT UTRECHT                    ,FC,00000-0000,Public       ,0,4,4,10,43,53
02210000,UNIV OF LONDON - LONDON SCHOOL OF H     ,FC,00000-0000,Public       ,0,1,1,0,44,44
02212300,UNIVERSITY OF CAMBRIDGE - ROBINSON      ,FC,00000-0000,Public       ,0,0,0,0,1,1
02216300,UNIVERSIDAD DE CHILE                    ,FC,00000-0000,Public       ,0,0,0,1,4,5
02225300,UNIV OF CANTERBURY                      ,FC,00000-0000,Public       ,0,10,10,7,33,40
02229100,UNIVERSITY OF LEICESTER                 ,FC,00000-0000,Public       ,2,6,8,8,54,62
02229600,SACKLER SCHOOL OF MEDICINE              ,FC,00000-0000,Public       ,0,2,2,0,194,194
02232100,UNIVERSITY OF CAMBRIDGE                 ,FC,00000-0000,Public       ,0,1,1,2,11,13
02233300,"ST GEORGE'S UNIV, SCH OF MEDICINE       ",FC,00000-0000,Proprietary  ,1,546,547,20,2628,2648
02235300,LONDON METROPOLITAN UNIVERSITY          ,FC,00000-0000,Public       ,5,11,16,35,143,178
02240900,AISH HATORAH CLG OF JEWISH STUDIES      ,FC,00000-0000,Private      ,0,1,1,3,2,5
02244400,AMERICAN UNIV OF THE CARIBBEAN          ,FC,00000-0000,Proprietary  ,0,129,129,5,1129,1134
02257100,COVENTRY UNIVERSITY                     ,FC,00000-0000,Public       ,0,0,0,6,8,14
02266600,UNIVERSITY OF LONDON - SAINT GEORGE     ,FC,00000-0000,Public       ,0,0,0,0,6,6
02271700,UNIVERSITY OF CAMBRIDGE - CLARE HAL     ,FC,00000-0000,Public       ,0,0,0,0,9,9
02271800,UNIV OF OXFORD - CAMPION HALL           ,FC,00000-0000,Public       ,0,0,0,0,1,1
02271900,UNIVERSITY OF OXFORD - BLACKFRIARS      ,FC,00000-0000,Public       ,0,0,0,1,2,3
02272100,UNIV OF OXFORD - GREYFRIARS             ,FC,00000-0000,Public       ,0,0,0,0,1,1
02272200,UNIV OF CAMBRIDGE - NEW HALL            ,FC,00000-0000,Public       ,0,0,0,2,7,9
02273600,QUEEN'S UNIV OF BELFAST (THE)           ,FC,00000-0000,Public       ,2,2,4,3,17,20
02273900,HERIOT WATT UNIVERSITY                  ,FC,00000-0000,Public       ,0,4,4,4,24,28
02276700,NYENRODE BUSINESS UNIVERSITEIT          ,FC,00000-0000,Private      ,0,0,0,0,3,3
02279700,UNIVERSITY OF MANCHESTER - INSTITUT     ,FC,00000-0000,Public       ,0,2,2,14,100,114
02293400,ECOLE DES HAUTES ETUDES COMERCIALS      ,FC,00000-0000,Public       ,0,4,4,0,50,50
02296300,UNIVERSITY OF CAMBRIDGE - JESUS COL     ,FC,00000-0000,Public       ,0,0,0,0,7,7
02310500,DE MONTFORT UNIVERSITY                  ,FC,00000-0000,Public       ,0,1,1,4,12,16
02320500,ROYAL NORTHERN COLLEGE OF MUSIC         ,FC,00000-0000,Public       ,0,0,0,2,6,8
02335100,UNIV OF CAMBRIDGE - TRINITY HALL        ,FC,00000-0000,Public       ,0,0,0,1,13,14
02338900,UNIVERSITY  FOR THE CREATIVE ARTS       ,FC,00000-0000,Public       ,0,0,0,3,2,5
02338903,KENT INSTITUTE OF ART & DESIGN          ,FC,00000-0000,Public       ,0,0,0,2,0,2
02339300,ERASMUS UNIV ROTTERDAM                  ,FC,00000-0000,Public       ,0,0,0,1,13,14
02347300,ESCUELA AUTONOMA DE CIENCIAS MEDICA     ,FC,00000-0000,Private      ,1,1,2,10,26,36
02351800,UNIVERSIDAD IBEROAMERICANA (UNIBE       ,FC,00000-0000,Private      ,19,102,121,109,1010,1119
02352100,UNIVERSITY OF PLYMOUTH                  ,FC,00000-0000,Public       ,0,0,0,1,0,1
02355200,ECOLE SUPERIEURE DE CUISINE FRANCAISE-FE,FC,00000-0000,Public       ,0,5,5,4,18,22
02363000,GSA CONSERVATOIRE                       ,FC,00000-0000,Private      ,0,0,0,5,3,8
02493000,ESCUELA SUPERIOR ADMINISTRACION Y D     ,FC,00000-0000,Private      ,0,0,0,2,15,17
02496600,UNIVERSITY OF STELLENBOSCH              ,FC,00000-0000,Public       ,0,0,0,4,8,12
02502600,PECSI ORVOSTUDOMANYI EGYETEM (PECS      ,FC,00000-0000,Public       ,0,1,1,0,15,15
02545700,GLASGOW SCHOOL OF ART                   ,FC,00000-0000,Public       ,0,0,0,13,31,44
02579600,MURDOCH UNIVERSITY                      ,FC,00000-0000,Public       ,0,13,13,5,60,65
02588000,UNIVERSITY OF ULSTER                    ,FC,00000-0000,Public       ,0,3,3,6,18,24
02591800,CURTIN UNIVERSITY OF TECHNOLOGY         ,FC,00000-0000,Public       ,0,1,1,1,17,18
02592300,MILLTOWN INST OF THEOLOGY & PHILOSO     ,FC,00000-0000,Private      ,0,0,0,0,2,2
02604300,AALBORG UNIVERSITY                      ,FC,00000-0000,Public       ,0,1,1,0,17,17
02611500,HELSINKI SCH OF ECONOMICS & BUS ADM     ,FC,00000-0000,Public       ,0,1,1,0,2,2
02611600,ECOL NATIONAL DES PONTS ET CHAUSSEE     ,FC,00000-0000,Public       ,0,0,0,1,5,6
02611700,DUBLIN CITY UNIVERSITY                  ,FC,00000-0000,Public       ,0,1,1,18,32,50
02622500,DENMARKS TEKNISKE UNIVERSITET           ,FC,00000-0000,Public       ,0,0,0,0,5,5
02623200,UNIVERSITY OF NEWCASTLE (THE)           ,FC,00000-0000,Public       ,3,1,4,10,24,34
03012700,UNIVERSITY OF BUCKINGHAM                ,FC,00000-0000,Private      ,1,1,2,2,12,14
03029400,KEELE UNIVERSITY                        ,FC,00000-0000,Public       ,0,1,1,1,8,9
03029500,NORTHUMBRIA UNIVERSITY                  ,FC,00000-0000,Public       ,1,4,5,4,22,26
03029800,NORGES HANDELSHOYSKOLE                  ,FC,00000-0000,Public       ,0,0,0,0,5,5
03033300,MANCHESTER METROPOLITAN UNIV            ,FC,00000-0000,Public       ,0,0,0,17,26,43
03045000,UNIVERSITY OF EAST LONDON               ,FC,00000-0000,Public       ,1,0,1,13,32,45
03050100,STUDIO ART CENTERS INTERNATIONAL        ,FC,00000-0000,Private      ,1,1,2,20,58,78
03066800,PONTIFICIO ATENEO DELLA SANTA CROCE     ,FC,00000-0000,Private      ,0,2,2,0,9,9
03067200,UNIVERSITY OF SYDNEY                    ,FC,00000-0000,Public       ,3,44,47,31,209,240
03073800,UNIV OF DEBRECEN MED & HEALTH SCI       ,FC,00000-0000,Public       ,0,0,0,3,19,22
03078700,UNIVERSITA COMMERCIALE L BOCCONI        ,FC,00000-0000,Public       ,0,3,3,5,37,42
03080300,SHEFFIELD HALLAM UNIVERSITY             ,FC,00000-0000,Public       ,0,0,0,4,5,9
03084300,UNIVERSITY OF LIMERICK                  ,FC,00000-0000,Public       ,1,1,2,21,25,46
03086900,AMERN GRAD SCHL OF BUS THE INST OF      ,FC,00000-0000,Private      ,0,0,0,0,2,2
03088700,ROYAL SCOTTISH ACAD MUSIC & DRAMA       ,FC,00000-0000,Public       ,0,0,0,13,16,29
03091400,UNIVERSITY OF WOLLONGONG                ,FC,00000-0000,Public       ,0,4,4,9,15,24
03091500,UNIVERSITY OF CANBERRA                  ,FC,00000-0000,Public       ,1,0,1,2,5,7
03091700,KAROL MARCINKOWSKI UNIV OF MED SCI      ,FC,00000-0000,Public       ,0,6,6,8,182,190
03092500,NOTTINGHAM TRENT UNIVERSITY             ,FC,00000-0000,Public       ,0,1,1,5,25,30
03095000,RMIT UNIVERSITY                         ,FC,00000-0000,Public       ,0,8,8,7,33,40
03095400,BOND UNIVERSITY                         ,FC,00000-0000,Private      ,5,15,20,42,74,116
03095900,ESSEC BUSINESS SCHOOL                   ,FC,00000-0000,Private      ,0,0,0,0,17,17
03096100,LA TROBE UNIVERSITY                     ,FC,00000-0000,Public       ,2,1,3,11,35,46
03096900,DEAKIN UNIVERSITY                       ,FC,00000-0000,Public       ,1,4,5,5,9,14
03097100,UNIVERSITY OF WESTERN SYDNEY            ,FC,00000-0000,Public       ,0,1,1,5,7,12
03097300,VICTORIA UNIVERSITY OF TECHNOLOGY       ,FC,00000-0000,Public       ,0,0,0,1,7,8
03097500,CENTRAL QUEENSLAND UNIVERSITY           ,FC,00000-0000,Public       ,0,2,2,2,9,11
03100000,UNIVERSITY OF ADELAIDE (THE)            ,FC,00000-0000,Public       ,0,4,4,4,28,32
03101600,ASIAN INSTITUTE OF MANAGEMENT           ,FC,00000-0000,Private      ,0,0,0,1,4,5
03102500,AMERICAN UNIVERSITY OF ROME             ,FC,00000-0000,Private      ,4,2,6,117,55,172
03102800,ROBERT GORDON UNIVERSITY (THE)          ,FC,00000-0000,Public       ,0,2,2,3,21,24
03104800,GRIFFITH UNIVERSITY                     ,FC,00000-0000,Public       ,5,7,12,22,33,55
03106100,ROSKILDE UNIV ROSKILDE UNIVERSITY C     ,FC,00000-0000,Public       ,0,0,0,2,0,2
03123500,HOGESCHOOL VAN AMSTERDAM                ,FC,00000-0000,Private      ,0,0,0,3,9,12
03136300,AUSTRALIAN CATHOLIC UNIVERSITY          ,FC,00000-0000,Public       ,0,1,1,1,8,9
03137400,CHARLES STURT UNIVERSITY                ,FC,00000-0000,Public       ,0,0,0,0,1,1
03140300,EDITH COWAN UNIVERSITY                  ,FC,00000-0000,Public       ,1,2,3,4,16,20
03140400,NORTHERN TERRITORY UNIVERSITY           ,FC,00000-0000,Public       ,0,1,1,0,3,3
03140500,QUEENSLAND UNIVERSITY OF TECHNOLOGY     ,FC,00000-0000,Public       ,0,5,5,5,34,39
03140600,SOUTHERN CROSS UNIVERSITY               ,FC,00000-0000,Public       ,0,2,2,3,14,17
03140700,SWINBURNE UNIVERSITY OF TECHNOLOGY      ,FC,00000-0000,Public       ,1,2,3,1,9,10
03140900,UNIVERSITY OF BALLARAT                  ,FC,00000-0000,Public       ,0,0,0,0,1,1
03150300,UNIVERSITY OF TASMANIA                  ,FC,00000-0000,Public       ,1,4,5,6,11,17
03274300,"KUNGLIGA TEKNISKA HOGSKOLAN, KTH        ",FC,00000-0000,Public       ,0,1,1,1,16,17
03287300,LIVERPOOL INSTITUTE FOR PERFORMING ARTS ,FC,00000-0000,Public       ,0,0,0,11,12,23
03300300,"2ND SCHOOL OF MEDICINE, CHARLES UNI     ",FC,00000-0000,Public       ,0,0,0,3,8,11
03300400,"FIRST FACULTY OF MEDICINE, CHARLES UNIV.",FC,00000-0000,Public       ,0,3,3,2,38,40
03329300,JOHN CABOT UNIVERSITY                   ,FC,00000-0000,Private      ,5,1,6,97,19,116
03332400,AGRICULTURE UNIVERSITY OF WROCLAW       ,FC,00000-0000,Public       ,0,0,0,1,3,4
03333300,MEDICAL UNIVERSITY SCHOOL OF LUBLIN     ,FC,00000-0000,Public       ,0,25,25,24,181,205
03334300,UNIVERSIDAD NORDESTANA                  ,FC,00000-0000,Private      ,1,2,3,4,27,31
03335300,MEDICAL UNIVERSITY OF SILESIA           ,FC,00000-0000,Public       ,0,12,12,7,117,124
03349400,"QUEEN MARGARET UNIVERSITY COLLEGE, EDINB",FC,00000-0000,Public       ,0,0,0,2,9,11
03350300,BOURNEMOUTH UNIVERSITY                  ,FC,00000-0000,Public       ,0,0,0,6,22,28
03352300,LONDON SOUTH BANK UNIVERSITY            ,FC,00000-0000,Private      ,0,1,1,6,24,30
03363300,THE ARTS EDUCATIONAL SCHOOLS LONDON     ,FC,00000-0000,Private      ,0,0,0,1,0,1
03364300,"FACULTY OF MEDICINE, PALACKY UNIVER     ",FC,00000-0000,Public       ,0,0,0,0,3,3
03365400,AUCKLAND INSTITUTE OF TECHNOLOGY        ,FC,00000-0000,Public       ,1,2,3,7,16,23
03366300,TROPICAL AGRICULTURE RESEARCH AND H     ,FC,00000-0000,Private      ,0,0,0,0,1,1
03377300,"UNIVERSITY OF WALES INSTITUTE, CARD     ",FC,00000-0000,Public       ,1,0,1,4,4,8
03378300,"THE 3RD FACULTY OF MEDICINE, CHARLE     ",FC,00000-0000,Public       ,0,1,1,1,9,10
03386300,CHARLES UNIVERSITY-MEDICAL FACULTY      ,FC,00000-0000,Public       ,1,2,3,1,17,18
03406300,"THE SCHOOL OF PHARMACY, UNIVERSITY      ",FC,00000-0000,Public       ,0,0,0,1,4,5
03418400,NAPIER UNIVERSITY                       ,FC,00000-0000,Public       ,1,3,4,9,13,22
03435300,ANGLIA POLYTECHNIC UNIVERSITY HIGHE     ,FC,00000-0000,Public       ,0,0,0,1,4,5
03456600,ANGELES UNIVERSITY FOUNDATION           ,FC,00000-0000,Private      ,0,0,0,2,0,2
03460300,INTERNATIONALES THEOLOGISCHES INSTI     ,FC,00000-0000,Private      ,0,1,1,2,13,15
03462400,UNIV OF ARTS LONDON - LON COLL OF COMMUN,FC,00000-0000,Public       ,0,3,3,21,36,57
03466300,INSTITUTO CENTROAMERICANO DE ADMINI     ,FC,00000-0000,Private      ,0,0,0,0,7,7
03473300,UNIV OF ARTS LONDON - LON COLL FASHION  ,FC,00000-0000,Public       ,1,0,1,44,56,100
03475300,UNIV OF THE ARTS  LONDON - CHELSEA COLL ,FC,00000-0000,Public       ,1,1,2,8,14,22
03478300,WELSH COLLEGE OF MUSIC AND DRAMA        ,FC,00000-0000,Public       ,0,0,0,0,4,4
03492400,UNIV OF CAMBRIDGE-ST CATHERINE'S CG     ,FC,00000-0000,Public       ,1,0,1,1,4,5
03494400,UNIV OF CAMBRIDGE-SELWYN COLLEGE        ,FC,00000-0000,Public       ,0,1,1,0,6,6
03494600,UNIV OF OXFORD-HARRIS MANCHESTER        ,FC,00000-0000,Public       ,0,0,0,1,5,6
03500300,WIMBLEDON COLLEGE OF ART                ,FC,00000-0000,Public       ,1,0,1,11,7,18
03501400,LEEDS METROPOLITAN UNIVERSITY           ,FC,00000-0000,Public       ,0,2,2,5,16,21
03507300,UNIVERSITY OF SUNDERLAND                ,FC,00000-0000,Public       ,0,0,0,2,14,16
03515300,UNIVERSITY OF CENTRAL LANCASHIRE        ,FC,00000-0000,Public       ,0,1,1,1,14,15
03517300,UNIVERSITY OF BRIGHTON                  ,FC,00000-0000,Public       ,0,1,1,5,24,29
03518300,EUROPEAN GRADUATE SCHOOL                ,FC,00000-0000,Private      ,0,16,16,0,83,83
03526300,INST CENTROAMERICANO DE ADM DE EMP      ,FC,00000-0000,Private      ,0,0,0,1,5,6
03527300,SOFIA UNIVERSITY ST. KLIMENT OHRIDSKI   ,FC,00000-0000,Public       ,0,0,0,2,1,3
03533300,BATH SPA UNIVERSITY                     ,FC,00000-0000,Public       ,0,0,0,6,23,29
03547300,UNIVERSITY OF GLAMORGAN                 ,FC,00000-0000,Public       ,0,0,0,1,7,8
03580300,LIVERPOOL JOHN MOORES UNIVERSITY        ,FC,00000-0000,Public       ,1,1,2,6,9,15
03589400,THE ARTS INSTITUTE AT BOURNEMOUTH       ,FC,00000-0000,Public       ,0,0,0,2,1,3
03594300,GROUP ESC GRENOBLE GRAD SCH OF BUS.     ,FC,00000-0000,Private      ,0,4,4,1,33,34
03597300,JAGIELLONIAN UNIVERSITY                 ,FC,00000-0000,Public       ,0,0,0,2,33,35
03601300,UNIVERSITAT JAUME I DE CASTELLO/UJI     ,FC,00000-0000,Public       ,0,2,2,0,9,9
03603300,LEEDS COLLEGE OF MUSIC                  ,FC,00000-0000,Public       ,0,1,1,1,2,3
03619300,UNIVERSITY OF GREENWICH                 ,FC,00000-0000,Public       ,0,3,3,17,26,43
03653400,UNIVERSIDAD DE IBEROAMERICA - UNIBE     ,FC,00000-0000,Private      ,4,3,7,5,24,29
03674300,UNIVERSITY OF ABERTAY DUNDEE            ,FC,00000-0000,Public       ,1,1,2,3,8,11
03684400,UNIVERSITY OF LINCOLN                   ,FC,00000-0000,Public       ,1,0,1,2,7,9
03684500,MEDICAL UNIVERSITY OF GDANSK            ,FC,00000-0000,Public       ,0,1,1,1,16,17
03684600,POMERANIAN MEDICAL UNIVERSITY           ,FC,00000-0000,Public       ,0,0,0,0,1,1
03685300,UNIVERSITAT POMPEU FABRA                ,FC,00000-0000,Public       ,0,2,2,0,2,2
03697300,NATIONAL FILM & TELEVISION SCHOOL       ,FC,00000-0000,Private      ,0,0,0,0,1,1
03716300,"UNIVERSITY OF WALES, NEWPORT            ",FC,00000-0000,Public       ,0,3,3,2,9,11
03721300,WRITTLE COLLEGE                         ,FC,00000-0000,Public       ,0,0,0,1,1,2
03727400,UNIVERSITY OF WAIKATO (THE)             ,FC,00000-0000,Public       ,0,2,2,6,10,16
03770300,NAZARENE THEOLOGICAL COLLEGE            ,FC,00000-0000,Private      ,0,2,2,1,8,9
03816400,AMERICAN GRAD SCH OF INTERNTL REL & DIPL,FC,00000-0000,Private      ,2,5,7,5,55,60
03818300,LEIPZIG GRADUATE SCHOOL OF MANAGEMENT   ,FC,00000-0000,Private      ,0,1,1,0,8,8
03824300,"ROYAL VETERINARY COLLEGE (THE), UNIVERSI",FC,00000-0000,Public       ,0,0,0,1,98,99
03850500,MEDICAL UNIVERSITY OF LODZ              ,FC,00000-0000,Public       ,0,4,4,5,68,73
03859400,UNIVERSITY COLLEGE FALMOUTH             ,FC,00000-0000,Public       ,1,0,1,7,10,17
03897400,INTERNATIONAL SPACE UNIVERSITY          ,FC,00000-0000,Private      ,0,0,0,0,5,5
03926400,NATIONAL COLLEGE OF ART AND DESIGN      ,FC,00000-0000,Public       ,0,0,0,5,5,10
03941301,AVE MARIA UNIVERSITY - LATIN AMERICA    ,FC,00000-0000,Private      ,16,4,20,166,47,213
03978300,SPURGEON'S COLLEGE                      ,FC,00000-0000,Private      ,0,0,0,0,1,1
04021400,"AMERICAN COLLEGE, DUBLIN LIMITED (THE)  ",FC,00000-0000,Private      ,2,0,2,5,8,13
04021500,CENTRAL EUROPEAN UNIVERSITY             ,FC,00000-0000,Private      ,0,1,1,0,18,18
04070300,"RAPHAEL RECANATI INTERNATIONAL SCHOOL, T",FC,00000-0000,Private      ,5,6,11,52,27,79
04085400,NEW ZEALAND COLLEGE OF CHIROPRACTIC     ,FC,00000-0000,Private      ,0,1,1,0,6,6
04116300,EDHEC BUSINESS SCHOOL                   ,FC,00000-0000,Private      ,0,0,0,0,1,1
04121400,ISAPZURICH (INTERNATIONAL SCHOOL OF ANAL,FC,00000-0000,Private      ,0,3,3,0,3,3
00380600,ALDERSON-BROADDUS COLLEGE               ,WV,26416-1051,Private      ,7,12,19,805,339,1144
00380700,MOUNTAIN STATE UNIVERSITY               ,WV,25801-5624,Private      ,65,690,755,1166,5470,6636
00380800,BETHANY COLLEGE                         ,WV,26032-0417,Private      ,15,2,17,1340,63,1403
00380900,BLUEFIELD STATE COLLEGE                 ,WV,24701-2198,Public       ,39,126,165,1261,1455,2716
00381000,CONCORD UNIVERSITY                      ,WV,24712-0000,Public       ,46,65,111,2896,935,3831
00381100,DAVIS & ELKINS COLLEGE                  ,WV,26241-3996,Private      ,8,16,24,573,260,833
00381200,FAIRMONT STATE UNIVERSITY               ,WV,26554-2470,Public       ,87,215,302,4630,3069,7699
00381300,GLENVILLE STATE COLLEGE                 ,WV,26351-1292,Public       ,23,25,48,1306,430,1736
00381500,MARSHALL UNIVERSITY                     ,WV,25755-3300,Public       ,167,465,632,8047,5916,13963
00381600,SOUTHERN WV COMMUNITY COLLEGE           ,WV,25637-2900,Public       ,31,149,180,1125,1161,2286
00381800,UNIVERSITY OF CHARLESTON                ,WV,25304-1099,Private      ,19,40,59,1553,702,2255
00381900,OHIO VALLEY COLLEGE                     ,WV,26105-8000,Private      ,8,15,23,446,178,624
00382000,SALEM INTERNATIONAL UNIVERSITY          ,WV,26426-0500,Proprietary  ,12,108,120,253,454,707
00382200,SHEPHERD UNIVERSITY                     ,WV,25443-3210,Public       ,71,78,149,3123,1112,4235
00382300,WEST LIBERTY STATE COLLEGE              ,WV,26074-0295,Public       ,41,39,80,2522,628,3150
00382600,WEST VIRGINIA STATE UNIVERSITY          ,WV,25112-0000,Public       ,70,183,253,2420,2389,4809
00382700,WEST VIRGINIA UNIVERSITY                ,WV,26506-6201,Public       ,258,329,587,22553,7782,30335
00382711,WEST VIRGINIA UNIVERSITY - POTOMAC STATE,WV,26726-3000,Public       ,32,33,65,1466,338,1804
00382721,WEST VIRGINIA UNIV INST OF TECH         ,WV,25136-2436,Public       ,19,28,47,1282,456,1738
00382800,WEST VIRGINIA UNIV AT PARKERSBURG       ,WV,26101-9577,Public       ,58,297,355,1426,2195,3621
00383000,WEST VIRGINIA WESLEYAN COLLEGE          ,WV,26201-2600,Private      ,10,12,22,1690,161,1851
00383100,WHEELING JESUIT UNIVERSITY              ,WV,26003-6243,Private      ,18,52,70,1154,575,1729
00500700,WEST VIRGINIA JUNIOR COLLEGE            ,WV,26505-5596,Proprietary  ,9,23,32,118,181,299
00500800,MOUNTAIN STATE COLLEGE                  ,WV,26101-3993,Proprietary  ,4,29,33,35,197,232
00754400,APPALACHIAN BIBLE COLLEGE               ,WV,25818-1353,Private      ,2,5,7,232,70,302
00757800,HUNTINGTON SCHOOL OF BEAUTY CULTURE     ,WV,25705-2030,Proprietary  ,9,13,22,36,94,130
00760000,INTERNATIONAL BEAUTY SCHOOL             ,WV,25401-3231,Proprietary  ,4,16,20,25,54,79
00835500,JAMES RUMSEY TECHNICAL INSTITUTE        ,WV,25403-0259,Public       ,3,15,18,54,135,189
00895900,CLARKSBURG BEAUTY ACADEMY               ,WV,26301-2903,Proprietary  ,5,18,23,47,76,123
00904700,HUNTINGTON JUNIOR COLLEGE               ,WV,25701-2004,Proprietary  ,18,134,152,180,1089,1269
00905400,WEST VIRGINIA NORTHERN CMTY COLLEGE     ,WV,26003-0000,Public       ,59,236,295,914,1841,2755
01014000,MINERAL COUNTY VOCATIONAL TECH CTR      ,WV,26726-0000,Public       ,3,4,7,12,34,46
01035600,EVEREST INSTITUTE                       ,WV,25313-1304,Proprietary  ,18,132,150,136,525,661
01057300,WEST VIRGINIA JUNIOR COLLEGE            ,WV,25322-0000,Proprietary  ,16,39,55,150,290,440
01057302,WEST VIRGINIA JUNIOR COLLEGE            ,WV,26330-0000,Proprietary  ,14,34,48,124,235,359
01086100,WEST VIRGINIA BUSINESS COLLEGE          ,WV,26301-0000,Proprietary  ,2,17,19,25,133,158
01124500,WEST VIRGINIA SCH OSTEOPATHIC MED       ,WV,24901-1128,Public       ,0,7,7,9,775,784
01174900,WOOD COUNTY SCH OF PRAC NURSING         ,WV,26101-6424,Public       ,0,3,3,12,40,52
01235900,B M SPURR SCHOOL OF PRAC NURSING        ,WV,26038-1660,Private      ,0,1,1,9,17,26
01257300,WEST VIRGINIA UNIV-HOSP-RAD TECH        ,WV,26506-8062,Private      ,1,1,2,63,35,98
01274300,BENJAMIN FRANKLIN CAREER&TECH           ,WV,25064-0000,Public       ,1,8,9,54,103,157
01290400,MONONGALIA CNTY TECH ED CTR             ,WV,26501-6841,Public       ,0,4,4,36,76,112
01290500,ACADEMY OF CAREERS AND TECHNOLOGY       ,WV,25801-0000,Public       ,5,24,29,68,188,256
02057400,ROANE-JACKSON TECHNICAL CENTER          ,WV,25252-0000,Public       ,1,6,7,14,55,69
02068000,UNITED TECHNICAL CENTER                 ,WV,26301-0000,Public       ,2,12,14,36,99,135
02070100,BECKLEY BEAUTY ACADEMY                  ,WV,25801-0000,Proprietary  ,4,9,13,37,53,90
02073400,CARVER CAREER TECH ED CTR               ,WV,25306-6397,Public       ,7,22,29,107,190,297
02145100,SCOTT COLLEGE OF COSMETOLOGY            ,WV,26003-0000,Proprietary  ,10,10,20,41,38,79
02178200,CHARLESTON SCHOOL OF BEAUTY CULTURE     ,WV,25301-0000,Proprietary  ,3,28,31,24,82,106
02218200,GARNET CAREER CENTER                    ,WV,25301-0000,Public       ,3,36,39,64,229,293
02275300,CABELL COUNTY CAREER TECHNOLOGY CTR     ,WV,25705-0000,Public       ,1,5,6,38,97,135
02524500,RALPH R WILLIS VOCATIONAL CENTER        ,WV,25601-0000,Public       ,0,3,3,11,28,39
02534800,FRED W EBERLE TECHNICAL CENTER          ,WV,26201-0000,Public       ,7,28,35,41,80,121
02535500,MERCER COUNTY TECH EDUC CNTR            ,WV,24740-0000,Public       ,6,21,27,48,121,169
02579900,NORTH CENTRAL OPPORTUNITIES IND CTR     ,WV,26554-2936,Private      ,3,12,15,27,53,80
02609400,VALLEY COLLEGE                          ,WV,25404-5711,Proprietary  ,2,18,20,16,124,140
03052000,MEREDITH MANOR EQUESTRIAN CENTRE        ,WV,26184-9707,Proprietary  ,14,14,28,120,67,187
03076500,FAYETTE INSTITUTE OF TECHNOLOGY         ,WV,25901-2174,Public       ,2,8,10,15,38,53
03084200,VALLEY COLLEGE                          ,WV,24740-3141,Proprietary  ,2,10,12,10,51,61
03084400,VALLEY COLLEGE                          ,WV,25801-2643,Proprietary  ,4,17,21,20,78,98
03098300,PUTNAM CAREER & TECHNICAL CENTER        ,WV,25070-0000,Public       ,1,5,6,23,50,73
03099200,"MOUNTAINEER BEAUTY COLLEGE, INC         ",WV,25177-2917,Proprietary  ,3,11,14,15,50,65
03102100,MORGANTOWN BEAUTY COLLEGE               ,WV,26505-5430,Proprietary  ,6,14,20,50,70,120
03123200,STANLEY TECHNICAL INSTITUTE             ,WV,26505-3751,Private      ,0,11,11,9,51,60
03327500,SOUTH BRANCH VOCATIONAL TECH CENTER     ,WV,26847-1698,Public       ,3,0,3,9,15,24
03734300,JOHN D. ROCKEFELLER IV CAREER CENTER    ,WV,26047-9424,Public       ,2,12,14,6,24,30
03819300,AMERICAN PUBLIC UNIVERSITY SYSTEM       ,WV,25414-1621,Proprietary  ,29,1196,1225,166,6650,6816
03957300,BLUE RIDGE COMMUNITY AND TECHNICAL COLLE,WV,25401-3244,Public       ,33,119,152,430,806,1236
03960300,NEW RIVER COMMUNITY AND TECHNICAL COLLEG,WV,25801-2636,Public       ,66,222,288,817,1494,2311
04028300,MOUNTAIN STATE SCHOOL OF MASSAGE        ,WV,25304-2025,Proprietary  ,2,8,10,18,40,58
04038500,PIERPONT COMMUNITY & TECHNICAL COLLEGE  ,WV,26554-2451,Public       ,15,57,72,491,472,963
04038600,WEST VIRGINIA STATE COMMUNITY AND TECHNI,WV,25112-1000,Public       ,37,94,131,481,920,1401
04041400,MARSHALL COMMUNITY AND TECHNICAL COLLEGE,WV,25755-3300,Public       ,36,130,166,693,910,1603
04047300,COMM AND TECH COLLEGE AT WVU TECH       ,WV,25136-2437,Public       ,7,22,29,287,211,498
00106100,ALASKA PACIFIC UNIVERSITY               ,AK,99508-4672,Private      ,19,51,70,621,536,1157
00106300,UNIVERSITY OF ALASKA FAIRBANKS          ,AK,99775-7500,Public       ,119,277,396,2195,2567,4762
00106500,UNIVERSITY OF ALASKA SOUTHEAST          ,AK,99801-8680,Public       ,32,114,146,472,896,1368
00884300,ALASKA BIBLE COLLEGE                    ,AK,99588-0000,Private      ,2,3,5,17,15,32
01146200,UNIVERSITY OF ALASKA  ANCHORAGE         ,AK,99514-1608,Public       ,290,622,912,4471,5864,10335
02541000,CAREER ACADEMY                          ,AK,99507-0000,Proprietary  ,20,100,120,80,398,478
02576900,CHARTER COLLEGE                         ,AK,99508-0000,Proprietary  ,51,227,278,191,1123,1314
03160300,ALASKA VOCATIONAL TECHNICAL CENTER      ,AK,99664-0889,Public       ,20,34,54,152,205,357
03461300,ILISAGVIK COLLEGE                       ,AK,99723-0749,Public       ,1,13,14,9,44,53
04138600,ALASKA CHRISTIAN COLLEGE                ,AK,99669-9755,Private      ,13,2,15,13,2,15
00108500,UNIV ARKANSAS MONTICELLO                ,AR,71656-0000,Public       ,85,205,290,1830,1835,3665
00108501,GREAT RIVERS TECHNICAL INSTITUTE        ,AR,71654-0000,Public       ,0,0,0,2,9,11
00108502,FOREST ECHOES TECHNICAL INSTITUTE       ,AR,71635-0000,Public       ,0,0,0,5,8,13
00108600,UNIV OF ARKANSAS AT PINE BLUFF          ,AR,71601-2790,Public       ,111,108,219,3592,1718,5310
00108700,ARKANSAS BAPTIST COLLEGE                ,AR,72202-6099,Private      ,28,57,85,560,626,1186
00108800,LYON COLLEGE                            ,AR,72501-3699,Private      ,18,5,23,648,89,737
00108900,ARKANSAS TECH UNIVERSITY                ,AR,72801-2222,Public       ,160,295,455,4302,3078,7380
00109000,ARKANSAS STATE UNIVERSITY               ,AR,72467-0000,Public       ,342,749,1091,6858,7560,14418
00109006,DELTA TECHNICAL INSTITUTE               ,AR,72365-9558,Public       ,2,9,11,37,75,112
00109100,ARKANSAS STATE UNIVERSITY - BEEBE       ,AR,72012-1000,Public       ,108,313,421,1486,2444,3930
00109200,UNIVERSITY OF CENTRAL ARKANSAS          ,AR,72035-0001,Public       ,262,305,567,7384,4028,11412
00109300,CENTRAL BAPTIST COLLEGE                 ,AR,72034-6470,Private      ,7,15,22,364,261,625
00109400,UNIVERSITY OF THE OZARKS                ,AR,72830-2880,Private      ,16,11,27,610,113,723
00109500,CROWLEYS RIDGE COLLEGE                  ,AR,72450-9775,Private      ,13,4,17,137,50,187
00109700,HARDING UNIVERSITY                      ,AR,72149-0001,Private      ,81,106,187,3164,1435,4599
00109800,HENDERSON STATE UNIVERSITY              ,AR,71999-0001,Public       ,119,108,227,2893,1526,4419
00109900,HENDRIX COLLEGE                         ,AR,72032-3080,Private      ,25,4,29,1871,74,1945
00110000,JOHN BROWN UNIVERSITY                   ,AR,72761-2747,Private      ,29,90,119,1220,1001,2221
00110100,UNIV ARKANSAS LITTLE ROCK               ,AR,72204-1099,Public       ,212,708,920,3984,8707,12691
00110200,OUACHITA BAPTIST UNIVERSITY             ,AR,71998-0001,Private      ,34,12,46,1402,144,1546
00110300,PHILANDER SMITH COLLEGE                 ,AR,72202-3718,Private      ,15,58,73,666,547,1213
00110400,PHILLIPS COUNTY COMMUNITY COLLEGE       ,AR,72342-0000,Public       ,26,107,133,409,958,1367
00110401,RICE BELT TECH INST                     ,AR,72042-0000,Public       ,0,0,0,5,5,10
00110600,WILLIAMS BAPTIST COLLEGE                ,AR,72476-4661,Private      ,6,8,14,498,152,650
00110700,SOUTHERN ARKANSAS UNIVERSITY            ,AR,71754-0000,Public       ,52,110,162,1973,1501,3474
00110800,UNIV ARKANSAS FAYETTEVILLE              ,AR,72701-0000,Public       ,320,346,666,9193,5160,14353
00110900,UNIV OF ARKANSAS FOR MEDCL SCIENCES     ,AR,72205-7102,Public       ,4,84,88,399,1678,2077
00110901,UNIV OF ARKANSAS COLG OF MEDICINE       ,AR,72205-0000,Public       ,1,14,15,41,620,661
00111000,UNIVERSITY OF ARKANSAS-FORT SMITH       ,AR,72904-7397,Public       ,178,393,571,3139,3627,6766
00524500,U OF A COMM COLLEGE AT MORRILTON        ,AR,72110-9601,Public       ,77,243,320,931,1466,2397
00570700,SEARK COLLEGE                           ,AR,71603-0000,Public       ,49,224,273,627,1888,2515
00573200,UNIV AR COMMUNITY COLLEGE AT HOPE       ,AR,71801-0000,Public       ,20,129,149,396,925,1321
00704400,CROWLEYS RIDGE TECHNICAL INSTITUTE      ,AR,72336-0000,Public       ,11,17,28,92,246,338
00773800,SOUTHERN ARKANSAS UNIVERSITY TECH       ,AR,71701-1900,Public       ,14,80,94,357,607,964
00792100,FAYETTEVILLE BEAUTY COLLEGE             ,AR,72701-0000,Proprietary  ,7,18,25,40,79,119
00997600,OUACHITA TECHNICAL COLLEGE              ,AR,72104-0816,Public       ,32,127,159,314,818,1132
01074100,MELLIE'S BEAUTY COLLEGE                 ,AR,72901-3886,Proprietary  ,9,23,32,49,124,173
01210500,NATIONAL PARK COMMUNITY COLLEGE         ,AR,71913-9174,Public       ,99,327,426,884,2015,2899
01226000,EAST ARKANSAS COMMUNITY COLLEGE         ,AR,72335-2204,Public       ,20,90,110,463,772,1235
01226100,NORTH ARKANSAS COLLEGE                  ,AR,72601-5508,Public       ,66,245,311,839,1535,2374
01286000,ARKANSAS NORTHEASTERN COLLEGE           ,AR,72316-1109,Public       ,37,240,277,634,1404,2038
02052200,BLACK RIVER TECHNICAL COLLEGE           ,AR,72455-0000,Public       ,57,213,270,632,1449,2081
02073500,UNIV OF AR CMNTY CLG-BATESVILLE         ,AR,72503-0000,Public       ,24,136,160,406,1136,1542
02073700,NORTHWEST TECHNICAL INSTITUTE           ,AR,72765-0000,Public       ,13,55,68,118,289,407
02074600,SOUTH ARKANSAS COMMUNITY COLLEGE        ,AR,71731-0000,Public       ,46,212,258,443,1259,1702
02075300,PULASKI TECHNICAL COLLEGE               ,AR,72118-0000,Public       ,332,1406,1738,2516,9445,11961
02087000,OZARKA COLLEGE                          ,AR,72556-0000,Public       ,31,131,162,293,927,1220
02111100,RICH MOUNTAIN COMMUNITY COLLEGE         ,AR,71953-0000,Public       ,25,62,87,356,509,865
02202400,PROFESSIONAL COSMETOLOGY EDUC CTR       ,AR,71730-5828,Proprietary  ,2,5,7,19,45,64
02220900,COSSATOT COMMUNITY COLLEGE              ,AR,71832-0000,Public       ,28,148,176,379,890,1269
02260400,BEE JAY'S HAIRSTYLING ACADEMY           ,AR,72212-0000,Proprietary  ,2,14,16,14,48,62
02260401,BEE JAY'S HAIRSTYLING ACADEMY - BATESVIL,AR,72501-6709,Proprietary  ,0,4,4,1,9,10
02272400,EASTERN COLLEGE OF HEALTH VOCATIONS     ,AR,72209-0000,Proprietary  ,41,126,167,140,601,741
02284200,NEW TYLER BARBER COLLEGE INC            ,AR,72114-0000,Proprietary  ,8,34,42,21,81,102
02287400,MARSHA KAY BEAUTY COLLEGE               ,AR,72653-0000,Proprietary  ,1,5,6,7,25,32
02321701,ITT TECHNICAL INSTITUTE                 ,AR,72204-9925,Proprietary  ,37,147,184,277,695,972
02330800,JEFFERSON SCHOOL OF NURSING             ,AR,71603-0000,Private      ,2,9,11,30,89,119
02339800,SOUTHERN INSTITUTE OF COSMETOLOGY       ,AR,72301-0000,Proprietary  ,5,23,28,13,45,58
02341700,CAREER ACADEMY OF HAIR DESIGN           ,AR,72764-4304,Proprietary  ,7,27,34,66,144,210
02348200,MID-SOUTH COMMUNITY COLLEGE             ,AR,72301-0000,Public       ,47,211,258,568,1404,1972
02363500,ARTHUR'S BEAUTY COLLEGE                 ,AR,72901-0000,Proprietary  ,3,7,10,21,69,90
02525800,LEE'S SCHOOL OF COSMETOLOGY             ,AR,72114-0000,Proprietary  ,5,11,16,28,56,84
02538500,ARTHUR'S BEAUTY COLLEGE                 ,AR,72076-0000,Proprietary  ,15,33,48,77,186,263
02569600,SEARCY BEAUTY COLLEGE                   ,AR,72143-0000,Proprietary  ,0,12,12,22,52,74
03005100,ARKANSAS BEAUTY SCHOOL                  ,AR,72209-5116,Proprietary  ,7,14,21,32,87,119
03007100,HOT SPRINGS BEAUTY COLLEGE              ,AR,71901-5432,Proprietary  ,2,11,13,31,69,100
03007600,ARKANSAS BEAUTY SCHOOL-CONWAY           ,AR,72032-4354,Proprietary  ,0,16,16,25,58,83
03023400,ARKANSAS COLLEGE OF BARBERING           ,AR,72114-5615,Proprietary  ,6,41,47,35,135,170
03030903,DIESEL DRIVING ACADEMY - LITTLE ROCK    ,AR,72117-9624,Proprietary  ,0,0,0,1,4,5
03063300,NORTHWEST ARKANSAS COMMUNITY COLLEG     ,AR,72712-5190,Public       ,215,489,704,1821,3444,5265
03065100,ABC BEAUTY COLLEGE                      ,AR,71923-4206,Proprietary  ,3,12,15,22,55,77
03066302,BRYAN COLLEGE -                         ,AR,72756-1825,Proprietary  ,4,30,34,47,192,239
03105200,BAPTIST HEALTH SCHOOLS LITTLE ROCK      ,AR,72210-0000,Private      ,24,135,159,333,1197,1530
03116800,"DELUXE BEAUTY SCHOOL, L.L.C.            ",AR,71603-0000,Proprietary  ,2,2,4,15,22,37
03124900,IMAGINE -  PAUL MITCHELL PARTNER SCHOOL ,AR,72117-2516,Proprietary  ,13,18,31,59,87,146
03127200,ASKINS VO-TECH                          ,AR,72908-8028,Proprietary  ,1,4,5,1,24,25
03212300,BLYTHEVILLE ACADEMY OF COSMETOLOGY      ,AR,72315-3424,Proprietary  ,0,9,9,5,33,38
03214300,VELVATEX COLLEGE OF BEAUTY CULTURE      ,AR,72202-5452,Proprietary  ,0,6,6,6,37,43
03254300,MARGARET'S HAIR ACADEMY                 ,AR,71655-4905,Proprietary  ,3,15,18,17,53,70
03519400,LYNNDALE FUNDAMENTALS OF BEAUTY SCH     ,AR,71730-4804,Proprietary  ,0,4,4,11,39,50
03855300,ECCLESIA COLLEGE                        ,AR,72762-8159,Private      ,4,2,6,67,27,94
03912300,CROSSETT SCHOOL OF COSMETOLOGY          ,AR,71635-0000,Proprietary  ,1,4,5,18,21,39
03997300,ARKANSAS BEAUTY COLLEGE                 ,AR,72801-3741,Proprietary  ,1,12,13,13,45,58
00133900,CORBAN COLLEGE                          ,OR,97301-9392,Private      ,19,49,68,1084,415,1499
00316505,CASCADE COLLEGE                         ,OR,97216-0000,Private      ,9,14,23,336,132,468
00318600,BLUE MOUNTAIN COMMUNITY COLLEGE         ,OR,97801-0000,Public       ,44,203,247,826,1332,2158
00318800,CENTRAL OREGON COMMUNITY COLLEGE        ,OR,97701-5998,Public       ,189,602,791,2070,3328,5398
00318900,CLATSOP COMMUNITY COLLEGE               ,OR,97103-3698,Public       ,28,67,95,349,503,852
00319100,CONCORDIA UNIVERSITY                    ,OR,97211-6099,Private      ,36,83,119,1110,1328,2438
00319300,EASTERN OREGON UNIVERSITY               ,OR,97850-2899,Public       ,97,176,273,1896,2236,4132
00319400,GEORGE FOX UNIVERSITY                   ,OR,97132-2697,Private      ,41,161,202,2318,1803,4121
00319600,LANE COMMUNITY COLLEGE                  ,OR,97405-0640,Public       ,388,1066,1454,4582,8014,12596
00319700,LEWIS & CLARK COLLEGE                   ,OR,97219-7899,Private      ,39,73,112,4270,3081,7351
00319800,LINFIELD COLLEGE                        ,OR,97128-6894,Private      ,37,41,78,2770,561,3331
00319801,LINFIELD COLLEGE - PORTLAND CAMPUS      ,OR,97210-0000,Private      ,9,19,28,293,623,916
00319900,MARYLHURST UNIVERSITY                   ,OR,97036-7036,Private      ,11,179,190,160,1568,1728
00320300,MOUNT ANGEL SEMINARY                    ,OR,97373-0505,Private      ,3,2,5,15,19,34
00320400,MOUNT HOOD COMMUNITY COLLEGE            ,OR,97030-3300,Public       ,244,597,841,3028,4560,7588
00320600,MULTNOMAH BIBLE COLLEGE/SEMINARY        ,OR,97220-5898,Private      ,25,45,70,542,621,1163
00320700,PACIFIC NORTHWEST COLLEGE OF ART        ,OR,97209-3023,Private      ,21,39,60,588,437,1025
00320800,NORTHWEST CHRISTIAN UNIVERSITY          ,OR,97401-3727,Private      ,10,52,62,547,521,1068
00320900,WESTERN OREGON UNIVERSITY               ,OR,97361-1394,Public       ,122,133,255,4969,1904,6873
00321000,OREGON STATE UNIVERSITY                 ,OR,97331-8507,Public       ,454,460,914,15915,7228,23143
00321100,OREGON INSTITUTE OF TECHNOLOGY          ,OR,97601-8801,Public       ,42,113,155,1820,1534,3354
00321200,PACIFIC UNIVERSITY                      ,OR,97116-1797,Private      ,32,97,129,2452,2646,5098
00321300,PORTLAND COMMUNITY COLLEGE              ,OR,97219-7198,Public       ,733,2303,3036,7796,16938,24734
00321600,PORTLAND STATE UNIVERSITY               ,OR,97207-0000,Public       ,558,1282,1840,10961,16560,27521
00321700,REED COLLEGE                            ,OR,97202-8199,Private      ,23,23,46,2681,283,2964
00321800,CHEMEKETA COMMUNITY COLLEGE             ,OR,97309-1500,Public       ,347,1101,1448,3621,7622,11243
00321900,SOUTHERN OREGON UNIVERSITY              ,OR,97520-5010,Public       ,130,182,312,4142,2391,6533
00322000,SOUTHWESTERN OREGON COMMUNITY CLG       ,OR,97420-2956,Public       ,55,150,205,1288,1187,2475
00322100,TREASURE VALLEY COMMUNITY COLLEGE       ,OR,97914-3423,Public       ,112,296,408,1232,1822,3054
00322200,UMPQUA COMMUNITY COLLEGE                ,OR,97470-0226,Public       ,111,355,466,1026,2112,3138
00322300,UNIVERSITY OF OREGON                    ,OR,97403-1226,Public       ,486,426,912,17549,8539,26088
00322400,UNIVERSITY OF PORTLAND                  ,OR,97203-5798,Private      ,105,102,207,6440,1424,7864
00322500,WARNER PACIFIC COLLEGE                  ,OR,97215-4099,Private      ,18,172,190,573,1103,1676
00322700,WILLAMETTE UNIVERSITY                   ,OR,97301-3930,Private      ,38,63,101,3451,1465,4916
00487800,CLACKAMAS COMMUNITY COLLEGE             ,OR,97045-7998,Public       ,182,420,602,2186,2902,5088
00488200,OREGON HEALTH & SCIENCE UNIVERSITY      ,OR,97239-0000,Public       ,10,67,77,368,2877,3245
00488230,OREGON GRAD INST OF SCIENCE & TECH      ,OR,97006-0000,Public       ,0,4,4,8,31,39
00693800,LINN BENTON COMMUNITY COLLEGE           ,OR,97321-3774,Public       ,246,499,745,2804,3373,6177
00717800,WESTERN SEMINARY                        ,OR,97215-0000,Private      ,0,46,46,5,290,295
00723402,HEALD COLLEGE - PORTLAND                ,OR,97205-3432,Proprietary  ,36,115,151,201,662,863
00781900,ART INSTITUTE OF PORTLAND (THE)         ,OR,97209-2911,Proprietary  ,92,115,207,1588,1387,2975
00888700,CONCORDE CAREER INSTITUTE               ,OR,97232-2242,Proprietary  ,49,146,195,275,869,1144
00907900,EVEREST COLLEGE                         ,OR,97204-2296,Proprietary  ,42,158,200,205,840,1045
00958100,SPRINGFIELD COLLEGE OF BEAUTY           ,OR,97477-5474,Proprietary  ,12,19,31,63,129,192
01012200,PHAGANS' MEDFORD BEAUTY SCHOOL          ,OR,97504-5297,Proprietary  ,6,25,31,59,119,178
01018200,ROGUE COMMUNITY COLLEGE                 ,OR,97527-0000,Public       ,193,642,835,1806,3825,5631
01050700,ACADEMY OF HAIR DESIGN                  ,OR,97301-3526,Proprietary  ,8,22,30,44,85,129
01185200,ITT TECHNICAL INSTITUTE                 ,OR,97220-0000,Proprietary  ,132,285,417,607,1177,1784
01230900,WESTERN STATES CHIROPRACTIC COLLEGE     ,OR,97230-3099,Private      ,3,15,18,23,476,499
01234700,PHAGANS CENTRAL OREGON BEAUTY CLG       ,OR,97701-5175,Proprietary  ,7,42,49,54,166,220
01234800,PHAGANS BEAUTY COLLEGE                  ,OR,97333-4716,Proprietary  ,5,15,20,58,71,129
01235000,PHAGANS SCHOOL OF HAIR DESIGN           ,OR,97267-4808,Proprietary  ,9,10,19,42,80,122
01235100,PHAGANS SCHOOL OF BEAUTY                ,OR,97301-4732,Proprietary  ,6,24,30,46,105,151
01300800,PHAGANS TIGARD BEAUTY SCHOOL            ,OR,97223-0000,Proprietary  ,3,13,16,23,69,92
02101000,NORTHWEST COLLEGE OF HAIR DESIGN        ,OR,97086-7702,Proprietary  ,16,41,57,88,159,247
02101002,NORTHWEST COLLEGE                       ,OR,97007-3954,Proprietary  ,2,4,6,9,15,24
02104900,COLLEGE OF LEGAL ARTS                   ,OR,97219-9998,Proprietary  ,6,53,59,37,231,268
02106100,COLLEGE OF COSMETOLOGY                  ,OR,97601-0000,Proprietary  ,3,11,14,26,73,99
02154400,BEAU MONDE CLG OF HAIR DESIGN           ,OR,97205-0000,Proprietary  ,18,32,50,88,156,244
02159700,EUGENE BIBLE COLLEGE                    ,OR,97405-0000,Private      ,2,8,10,84,103,187
02201900,PHAGANS' SCHOOL OF HAIR DESIGN          ,OR,97232-0000,Proprietary  ,24,40,64,116,231,347
02239203,ALLIED COLLEGE - ANTHEM COLLEGE         ,OR,97005-0000,Proprietary  ,3,6,9,38,74,112
02330100,PIONEER PACIFIC COLLEGE                 ,OR,97070-0000,Proprietary  ,55,182,237,308,924,1232
02330102,PIONEER PACIFIC COLLEGE                 ,OR,97403-0000,Proprietary  ,32,127,159,122,659,781
02337900,COLLEGE OF HAIR DESIGN CAREERS          ,OR,97301-0000,Proprietary  ,6,11,17,61,68,129
02344100,ROSEBURG BEAUTY COLLEGE                 ,OR,97470-0000,Proprietary  ,6,14,20,30,75,105
02534000,NATIONAL COLLEGE OF NATURAL MEDICINE    ,OR,97201-0000,Private      ,2,17,19,11,601,612
02578800,NORTHWEST NANNIES INSTITUTE             ,OR,97035-0000,Proprietary  ,8,3,11,30,17,47
02603700,OREGON COL OF ORIENTAL MEDICINE         ,OR,97216-0000,Private      ,0,14,14,5,343,348
02617506,EVEREST COLLEGE - EVEREST INSTITUTE     ,OR,97223-6581,Proprietary  ,16,58,74,69,214,283
03007300,OREGON COLLEGE OF ART & CRAFT           ,OR,97225-6399,Private      ,4,19,23,100,220,320
03022600,WESTERN CULINARY INSTITUTE              ,OR,97205-2793,Proprietary  ,174,409,583,1643,1957,3600
03042500,APOLLO COLLEGE                          ,OR,97232-1302,Proprietary  ,106,390,496,412,1541,1953
03074400,PHAGANS NEWPORT ACAD CSMTLGY CAREER     ,OR,97365-4963,Proprietary  ,4,20,24,30,56,86
03074500,EAST-WEST COLLEGE OF THE HEALING ARTS   ,OR,97232-2765,Proprietary  ,8,62,70,93,351,444
03185300,PHAGANS GRANTS PASS COLLEGE OF BTY      ,OR,97527-3039,Proprietary  ,8,21,29,46,81,127
03428300,KLAMATH COMMUNITY COLLEGE               ,OR,97603-7121,Public       ,39,166,205,359,968,1327
03642300,VALLEY MEDICAL COLLEGE                  ,OR,97305-1373,Proprietary  ,6,40,46,34,175,209
03668300,BIRTHINGWAY COLLEGE OF MIDWIFERY        ,OR,97266-4042,Private      ,3,14,17,16,109,125
03783400,ABDILL CAREER COLLEGE                   ,OR,97504-7137,Proprietary  ,4,37,41,25,147,172
00137400,ALBERTUS MAGNUS COLLEGE                 ,CT,06511-1189,Private      ,12,124,136,791,1001,1792
00137403,ALBERTUS MAGNUS CLG-NEW DIMENSIONS      ,CT,06511-0000,Private      ,3,150,153,47,769,816
00137800,CENTRAL CONNECTICUT STATE UNIV          ,CT,06050-2490,Public       ,195,291,486,8460,3513,11973
00137900,CONNECTICUT COLLEGE                     ,CT,06320-4196,Private      ,31,6,37,2571,67,2638
00138000,WESTERN CONNECTICUT STATE UNIV          ,CT,06810-6826,Public       ,111,81,192,4910,1243,6153
00138500,FAIRFIELD UNIVERSITY                    ,CT,06430-0000,Private      ,63,85,148,6197,741,6938
00138700,HARTFORD SEMINARY                       ,CT,06105-0000,Private      ,1,2,3,10,24,34
00138900,HOLY APOSTLES COLLEGE & SEMINARY        ,CT,06416-2005,Private      ,1,4,5,9,48,57
00139200,MANCHESTER COMMUNITY COLLEGE            ,CT,06045-1046,Public       ,213,308,521,2622,2324,4946
00139300,MITCHELL COLLEGE                        ,CT,06320-4498,Private      ,24,15,39,996,185,1181
00139700,UNIVERSITY OF NEW HAVEN                 ,CT,06516-1999,Private      ,88,137,225,5351,1548,6899
00139800,NORTHWESTERN CT COMMUNITY COLLEGE       ,CT,06098-1747,Public       ,41,58,99,460,439,899
00139900,NORWALK COMMUNITY TECHNICAL COLLEGE     ,CT,06854-1655,Public       ,154,240,394,1504,1733,3237
00140100,POST UNIVERSITY                         ,CT,06723-3240,Proprietary  ,33,216,249,1006,1115,2121
00140200,QUINNIPIAC UNIVERSITY                   ,CT,06518-1908,Private      ,92,57,149,12138,1298,13436
00140201,QUINNIPIAC UNIVERSITY SCHOOL OF LAW     ,CT,06518-0000,Private      ,2,10,12,125,1089,1214
00140300,SACRED HEART UNIVERSITY                 ,CT,06825-1000,Private      ,79,100,179,6826,1277,8103
00140600,SOUTHERN CONNECTICUT STATE UNIV         ,CT,06515-1355,Public       ,183,290,473,8654,4286,12940
00140900,SAINT JOSEPH COLLEGE                    ,CT,06117-2791,Private      ,21,99,120,1145,941,2086
00141400,TRINITY COLLEGE                         ,CT,06106-3100,Private      ,42,11,53,2783,223,3006
00141600,UNIVERSITY OF BRIDGEPORT                ,CT,06601-5650,Private      ,69,207,276,2127,2217,4344
00141700,UNIVERSITY OF CONNECTICUT-STORRS        ,CT,06269-2151,Public       ,287,239,526,23672,4840,28512
00141702,UNIV CONN STAMFORD                      ,CT,06901-0000,Public       ,8,18,26,398,220,618
00141703,UNIV OF CONNECTICUT - TORINGTON         ,CT,06790-0000,Public       ,5,1,6,162,60,222
00141706,UNIV OF CONNECTICUT SCH LAW             ,CT,06105-0000,Public       ,1,7,8,28,1144,1172
00141707,UNIV OF CT - SCH OF SOCIAL WORK         ,CT,06117-0000,Public       ,0,10,10,65,469,534
00141708,UNIVERSITY OF CONNECTICUT - SCHOOL OF ME,CT,06030-1920,Public       ,1,2,3,12,476,488
00141709,UNIVERSITY OF CONNECTICUT - SCHOOL OF DE,CT,06030-1920,Public       ,0,0,0,5,182,187
00142200,UNIVERSITY OF HARTFORD                  ,CT,06117-1599,Private      ,116,86,202,9365,1482,10847
00142400,WESLEYAN UNIVERSITY                     ,CT,06459-3208,Private      ,39,13,52,4378,149,4527
00142500,EASTERN CONNECTICUT STATE UNIV          ,CT,06226-2295,Public       ,95,99,194,4894,1126,6020
00142600,YALE UNIVERSITY                         ,CT,06520-8288,Private      ,225,129,354,13711,6367,20078
00142601,YALE UNIV PHYSICIANS ASSOC PROG         ,CT,06510-0000,Private      ,0,1,1,3,87,90
00142602,YALE UNIV EPIDEMIOLOGY & PUB HLTH       ,CT,06510-0000,Private      ,0,5,5,6,278,284
00142603,YALE UNIV SCHOOL MEDICINE               ,CT,06510-0000,Private      ,3,5,8,34,804,838
00280301,RENSSELAER POLYTECHNIC INSTITUTE-RENSSEL,CT,06120-2991,Private      ,1,13,14,14,81,95
00451300,HOUSATONIC COMMUNITY COLLEGE            ,CT,06604-4704,Public       ,262,421,683,1974,2969,4943
00618100,BRIDGEPORT HOSP SCHL OF NURSING         ,CT,06610-2896,Private      ,1,16,17,72,250,322
00619100,ST. VINCENT'S COLLEGE                   ,CT,06606-9966,Private      ,15,55,70,212,471,683
00698200,NAUGATUCK VALLEY COMM-TECH COLG         ,CT,06708-3089,Public       ,200,310,510,2110,2203,4313
00730000,ELI WHITNEY TECHNICAL HIGH SCHOOL       ,CT,06514-0000,Public       ,1,5,6,19,77,96
00730300,LINCOLN TECHNICAL INSTITUTE             ,CT,06051-0000,Proprietary  ,148,379,527,897,1686,2583
00730500,PORTER AND CHESTER INSTITUTE OF BRANFORD,CT,06405-4022,Proprietary  ,34,55,89,213,245,458
00731100,WINDHAM TECHNICAL HIGH SCHOOL           ,CT,06226-2100,Public       ,0,0,0,10,32,42
00745900,PAIER COLLEGE OF ART                    ,CT,06514-3902,Proprietary  ,7,6,13,157,50,207
00763500,CAPITAL COMMUNITY COLLEGE               ,CT,06103-1207,Public       ,163,453,616,1482,3295,4777
00803700,GATEWAY COMMUNITY-TECHNICAL COLLEGE     ,CT,06511-0000,Public       ,181,442,623,2194,3204,5398
00803800,MIDDLESEX COMMUNITY CLG                 ,CT,06457-4889,Public       ,93,149,242,883,1029,1912
00887200,RENASCI ACADEMY OF HAIR                 ,CT,06460-4160,Proprietary  ,1,4,5,11,21,32
00887300,PAUL MITCHELL THE SCHOOL                ,CT,06810-6716,Proprietary  ,12,8,20,73,56,129
00887400,BRIO ACADEMY OF COSMETOLOGY             ,CT,06450-4836,Proprietary  ,27,78,105,127,263,390
00887403,BRIO ACADEMY OF COSMETOLOGY - WILLIMANTI,CT,06226-1940,Proprietary  ,0,4,4,8,9,17
00906500,THE HARTFORD CONSERVATORY               ,CT,06105-2891,Private      ,1,0,1,48,17,65
00927700,E C GOODWIN TECHNICAL HIGH SCHOOL       ,CT,06053-0000,Public       ,3,3,6,18,39,57
00929100,J M WRIGHT TECHNICAL HIGH SCHOOL        ,CT,06904-0000,Public       ,1,4,5,11,21,32
00940700,BRIARWOOD COLLEGE                       ,CT,06489-1057,Proprietary  ,29,39,68,568,399,967
00976400,TUNXIS COMMUNITY COLLEGE                ,CT,06032-3187,Public       ,118,192,310,1245,1466,2711
00976500,THREE RIVERS COMMUNITY TECH COLLEGE     ,CT,06360-0000,Public       ,84,279,363,1166,1805,2971
00982200,ALBERT I PRINCE TECHNICAL HIGH SCHOOL   ,CT,06106-3799,Public       ,0,1,1,14,49,63
01041700,BRIO ACADEMY OF EAST HARTFORD           ,CT,06108-2220,Proprietary  ,11,35,46,62,135,197
01053000,QUINEBAUG VALLEY COMMUNITY COLLEGE      ,CT,06239-1440,Public       ,66,152,218,650,999,1649
01077900,PORTER AND CHESTER INSTITUTE-ALLCAMPUSES,CT,06615-7158,Proprietary  ,240,365,605,1109,1656,2765
01115000,ASNUNTUCK COMMUNITY COLLEGE             ,CT,06082-3800,Public       ,24,84,108,391,517,908
01149600,BULLARD HAVENS VOC TECH SCHOOL          ,CT,06610-3499,Public       ,1,8,9,9,72,81
01169700,VINAL REGIONAL VOC TECH SCHOOL          ,CT,06457-4918,Public       ,1,2,3,15,39,54
01184300,NORWICH TECHNICAL HIGH SCHOOL           ,CT,06360-7097,Public       ,0,3,3,8,36,44
01218500,H C WILCOX TECHNICAL HIGH SCHOOL        ,CT,06450-0000,Public       ,3,2,5,9,12,21
01242500,STONE ACADEMY                           ,CT,06514-4125,Proprietary  ,32,253,285,218,1143,1361
01242503,STONE ACADEMY -WATERBURY                ,CT,06705-3823,Proprietary  ,5,13,18,15,33,48
01287700,GIBBS COLLEGE                           ,CT,06855-1436,Proprietary  ,28,45,73,218,325,543
01291300,LEON INSTITUTE OF HAIR DESIGN           ,CT,06604-4226,Proprietary  ,3,12,15,14,50,64
01326400,HENRY ABBOTT TECHNICAL HIGH SCHOOL      ,CT,06811-4881,Public       ,3,7,10,9,35,44
02058900,HARVARD H ELLIS TECHNICAL HIGH SCHOOL   ,CT,06239-0000,Public       ,1,1,2,14,12,26
02074000,BRANFORD HALL CAREER INSTITUTE          ,CT,06405-0000,Proprietary  ,202,896,1098,853,3574,4427
02106600,FOX INSTITUTE OF BUSINESS               ,CT,06110-0000,Proprietary  ,37,78,115,97,311,408
02112300,RIDLEY LOWELL BUSINESS & TECH INST      ,CT,06320-0000,Proprietary  ,31,157,188,93,534,627
02112700,NORTH HAVEN ACADEMY                     ,CT,06473-3108,Proprietary  ,25,14,39,123,72,195
02115100,BUTLER BUSINESS SCHOOL                  ,CT,06604-0000,Proprietary  ,12,59,71,59,298,357
02148700,CONNECTICUT INST OF HAIR DESIGN         ,CT,06716-0000,Proprietary  ,2,6,8,31,34,65
02202500,NEW ENGLAND TRACTOR TRAILER SCH         ,CT,06071-2036,Proprietary  ,22,274,296,71,699,770
02213000,ELLA T GRASSO SOUTHEASTERN TECHNICAL HIG,CT,06340-0000,Public       ,0,3,3,3,10,13
02228800,BARAN INSTITUTE OF TECHNOLOGY           ,CT,06088-9631,Proprietary  ,91,98,189,933,492,1425
02244900,GOODWIN COLLEGE                         ,CT,06118-9980,Private      ,45,246,291,499,2035,2534
02245300,HOWELL CHENEY TECHNICAL HIGH SCHOOL     ,CT,06040-0000,Public       ,0,1,1,4,19,23
02265900,WINDHAM COMMUNITY MEM HOSP-RAD TECH     ,CT,06226-0000,Private      ,1,0,1,9,13,22
02296100,YALE-NEW HAVEN HOSP DIETETIC INTERN     ,CT,06510-8900,Private      ,0,0,0,9,4,13
02300000,W F KAYNOR TECHNICAL HIGH SCHOOL        ,CT,06708-0000,Public       ,1,8,9,11,45,56
02316600,CONNECTICUT CTR FOR MASSAGE THERAPY     ,CT,06111-3975,Proprietary  ,5,41,46,48,256,304
02316601,CONNECTICUT CENTER FOR MASSAGE THERAPY -,CT,06880-4619,Proprietary  ,6,33,39,35,146,181
02316603,CONNECTICUT CENTER FOR MASSAGE THERAPY -,CT,06340-4619,Proprietary  ,4,18,22,36,120,156
02562400,EMMETT O BRIEN REG VOC TECH SCHOOL      ,CT,06401-2500,Public       ,0,1,1,0,2,2
02565000,PLATT TECHNICAL HIGH SCHOOL             ,CT,06460-2105,Public       ,0,3,3,8,19,27
03079400,LYME ACADEMY COLLEGE OF FINE ARTS       ,CT,06371-2333,Private      ,1,3,4,80,36,116
03094800,INDUSTRIAL MANAGEMENT & TRAINING        ,CT,06706-1211,Proprietary  ,5,23,28,42,147,189
03231400,OLIVER WOLCOTT TECHNICAL HIGH SCHOOL    ,CT,06790-3859,Public       ,0,0,0,5,2,7
03234300,CHARTER OAK STATE COLLEGE               ,CT,06053-2150,Public       ,8,90,98,69,828,897
03316300,CONNECTICUT CULINARY INSTITUTE          ,CT,06105-3630,Proprietary  ,37,52,89,461,336,797
03381300,CONNECTICUT TRAINING CENTER             ,CT,06108-2705,Private      ,6,69,75,41,248,289
03927300,ALBERT SCHOOL (THE)                     ,CT,06357-2447,Proprietary  ,18,20,38,59,87,146
04053300,CLEMENS COLLEGE                         ,CT,06078-0000,Proprietary  ,14,4,18,106,15,121
04104300,ACADEMY DI CAPELLI - SCHOOL OF COSMETOLO,CT,06492-0000,Proprietary  ,3,1,4,26,33,59
04128800,BRANFORD ACADEMY OF HAIR & COSMETOLOGY  ,CT,06405-0000,Proprietary  ,2,8,10,15,35,50
00146600,BARRY UNIVERSITY                        ,FL,33161-6695,Private      ,177,600,777,3976,7242,11218
00146601,BARRY UNIVERSITY SCHOOL OF LAW          ,FL,32807-0000,Private      ,3,34,37,47,1372,1419
00146700,BETHUNE COOKMAN UNIVERSITY              ,FL,32114-3099,Private      ,194,86,280,6847,1271,8118
00146800,ST THOMAS UNIVERSITY                    ,FL,33054-0000,Private      ,53,222,275,1151,2581,3732
00146900,FLORIDA INSTITUTE OF TECHNOLOGY         ,FL,32901-6988,Private      ,79,843,922,3195,3511,6706
00147000,BREVARD COMMUNITY COLLEGE               ,FL,32922-6503,Public       ,390,1023,1413,4068,6103,10171
00147100,CENTRAL FLORIDA COMMUNITY COLLEGE       ,FL,34478-1388,Public       ,334,822,1156,3377,4890,8267
00147200,CHIPOLA  COLLEGE                        ,FL,32446-2053,Public       ,55,136,191,820,946,1766
00147300,CLEARWATER CHRISTIAN COLLEGE            ,FL,33759-0000,Private      ,17,5,22,784,88,872
00147500,DAYTONA STATE COLLEGE                   ,FL,32114-2800,Public       ,580,1449,2029,5493,9153,14646
00147700,EDISON COLLEGE                          ,FL,33906-6210,Public       ,431,872,1303,4783,5761,10544
00147800,EDWARD WATERS COLLEGE                   ,FL,32209-6199,Private      ,46,52,98,1268,641,1909
00147900,EMBRY-RIDDLE AERONAUTICAL UNIV          ,FL,32114-3900,Private      ,167,585,752,6413,4334,10747
00148000,FLORIDA A & M UNIVERSITY                ,FL,32307-3100,Public       ,528,397,925,13670,6621,20291
00148100,FLORIDA ATLANTIC UNIVERSITY             ,FL,33431-6498,Public       ,537,896,1433,13273,10231,23504
00148101,FLORIDA ATLANTIC UNIVERSITY/DAVIE       ,FL,33314-0000,Public       ,52,176,228,797,2231,3028
00148103,FLORIDA ATLANTIC UNIV-JUPITER/PSL       ,FL,33458-0000,Public       ,17,47,64,418,526,944
00148200,FLORIDA COLLEGE                         ,FL,33617-5578,Private      ,19,5,24,424,32,456
00148400,FLORIDA COMMUNITY COLLEGE AT JAX        ,FL,32202-4030,Public       ,933,2690,3623,8784,16686,25470
00148500,FLORIDA KEYS COMMUNITY COLLEGE          ,FL,33040-4397,Public       ,32,114,146,327,633,960
00148600,FLORIDA MEMORIAL UNIVERSITY             ,FL,33054-6199,Private      ,91,86,177,2224,1254,3478
00148700,ECKERD COLLEGE                          ,FL,33711-4744,Private      ,44,98,142,2468,787,3255
00148800,FLORIDA SOUTHERN COLLEGE                ,FL,33801-5698,Private      ,71,84,155,2118,689,2807
00148900,FLORIDA STATE UNIVERSITY                ,FL,32306-2430,Public       ,1108,716,1824,28040,13868,41908
00149000,GULF COAST COMMUNITY COLLEGE            ,FL,32401-1058,Public       ,200,535,735,1757,3125,4882
00149300,INDIAN RIVER STATE COLLEGE              ,FL,34981-5596,Public       ,452,1161,1613,4185,6439,10624
00149500,JACKSONVILLE UNIVERSITY                 ,FL,32211-3394,Private      ,117,329,446,3299,2649,5948
00149700,JONES COLLEGE                           ,FL,32211-5588,Private      ,9,120,129,92,868,960
00149900,EVEREST UNIVERSITY                      ,FL,32810-5601,Proprietary  ,173,672,845,892,7538,8430
00149901,EVEREST UNIVERSITY - ORLANDO SOUTH      ,FL,32819-7666,Proprietary  ,240,1528,1768,892,4497,5389
00149902,EVEREST UNIVERSITY - MELBOURNE          ,FL,32905-6609,Proprietary  ,49,395,444,214,1569,1783
00150000,BROWARD COLLEGE- DOWNTOWN CTR           ,FL,33301-2208,Public       ,575,1290,1865,5483,8397,13880
00150001,BROWARD COLLEGE - DAVIE CAMPUS          ,FL,33314-0000,Public       ,449,584,1033,5921,5709,11630
00150002,BROWARD COLLEGE- NORTH CAMPUS           ,FL,33066-0000,Public       ,216,401,617,1762,1912,3674
00150003,BROWARD COLLEGE- SOUTH CAMPUS           ,FL,33024-0000,Public       ,282,484,766,1975,2087,4062
00150100,LAKE CITY COMMUNITY COLLEGE             ,FL,32025-2007,Public       ,119,305,424,886,1961,2847
00150200,LAKE SUMTER COMMUNITY COLLEGE           ,FL,34788-8751,Public       ,166,320,486,1485,2045,3530
00150400,MANATEE COMMUNITY COLLEGE               ,FL,34207-3596,Public       ,446,944,1390,4117,5984,10101
00150500,LYNN UNIVERSITY                         ,FL,33431-5598,Private      ,39,79,118,1412,585,1997
00150600,MIAMI DADE COLLEGE ADMINISTRATION ONLY  ,FL,33176-3393,Public       ,59,104,163,615,728,1343
00150601,MIAMI DADE COLLEGE - NORTH CAMPUS       ,FL,33167-3495,Public       ,682,1268,1950,8858,10738,19596
00150602,MIAMI DADE COLLEGE - KENDALL CAMPUS     ,FL,33176-3393,Public       ,1169,1449,2618,12201,9268,21469
00150603,MIAMI DADE COLLEGE - WOLFSON CAMPUS     ,FL,33132-2297,Public       ,409,751,1160,5250,5620,10870
00150604,MIAMI DADE COLLEGE - MEDICAL CAMPUS     ,FL,33127-4693,Public       ,97,446,543,1188,3203,4391
00150605,MIAMI DADE COLLEGE - HOMESTEAD CAMPUS   ,FL,33030-6009,Public       ,137,289,426,1350,1847,3197
00150606,MIAMI DADE COLLEGE -INTERAMERICAN CAMPUS,FL,33135-0000,Public       ,253,582,835,2589,4453,7042
00150607,MIAMI DADE COLLEGE - HIALEAH CAMPUS     ,FL,33012-2918,Public       ,184,407,591,1661,2079,3740
00150800,NORTH FLORIDA COMMUNITY COLLEGE         ,FL,32340-1699,Public       ,37,110,147,457,702,1159
00150900,NOVA SOUTHEASTERN UNIVERSITY            ,FL,33314-7796,Private      ,217,2543,2760,4221,28462,32683
00151000,NORTHWEST FLORIDA STATE COLLEGE         ,FL,32578-1295,Public       ,207,502,709,1607,3320,4927
00151200,PALM BEACH COMMUNITY COLLEGE            ,FL,33461-4796,Public       ,818,1588,2406,8315,9526,17841
00151300,PENSACOLA JR COLLEGE                    ,FL,32504-8998,Public       ,360,994,1354,3563,5978,9541
00151400,POLK COMMUNITY COLLEGE                  ,FL,33881-4299,Public       ,267,586,853,2674,3996,6670
00151500,ROLLINS COLLEGE                         ,FL,32789-4499,Private      ,55,144,199,2185,1205,3390
00151900,SANTA FE COLLEGE                        ,FL,32606-6200,Public       ,499,698,1197,6896,5391,12287
00152000,SEMINOLE COMMUNITY COLLEGE              ,FL,32773-6199,Public       ,452,1270,1722,4933,7732,12665
00152100,SOUTHEASTERN UNIVERSITY                 ,FL,33801-6099,Private      ,78,139,217,2640,1288,3928
00152200,SOUTH FLORIDA COMMUNITY COLLEGE         ,FL,33825-9399,Public       ,96,260,356,1060,1551,2611
00152300,ST JOHNS RIVER COMMUNITY COLLEGE        ,FL,32177-3897,Public       ,197,383,580,1741,2745,4486
00152600,SAINT LEO UNIVERSITY                    ,FL,33574-6665,Private      ,154,1016,1170,2853,9671,12524
00152800,ST. PETERSBURG COLLEGE                  ,FL,33760-3768,Public       ,638,1757,2395,6257,13535,19792
00153100,STETSON UNIVERSITY                      ,FL,32723-3761,Private      ,83,48,131,2644,642,3286
00153101,STETSON UNIVERSITY - COLLEGE OF LAW     ,FL,33707-3299,Private      ,4,66,70,44,1810,1854
00153300,TALLAHASSEE COMMUNITY COLLEGE           ,FL,32304-2895,Public       ,609,877,1486,7438,6619,14057
00153400,EVEREST UNIVERSITY                      ,FL,33614-5801,Proprietary  ,146,889,1035,809,8564,9373
00153408,EVEREST UNIVERSITY - TAMPA BRANDON CAMPU,FL,33619-1354,Proprietary  ,263,2358,2621,592,4729,5321
00153409,EVEREST UNIVERSITY - ORANGE PARK        ,FL,32073-1111,Proprietary  ,69,292,361,329,1639,1968
00153500,UNIVERSITY OF FLORIDA                   ,FL,32611-3150,Public       ,913,813,1726,28472,15893,44365
00153600,UNIVERSITY OF MIAMI                     ,FL,33146-6531,Private      ,405,271,676,13970,4721,18691
00153601,UNIV OF MIAMI SCHOOL OF LAW             ,FL,33124-0000,Private      ,6,25,31,61,1703,1764
00153602,UNIV OF MIAMI-SCH OF MEDICINE           ,FL,33136-0000,Private      ,38,32,70,491,1158,1649
00153700,UNIVERSITY OF SOUTH FLORIDA             ,FL,33620-6960,Public       ,1082,1417,2499,25834,18733,44567
00153701,UNIV OF SOUTH FLORIDA-ST PETERSBURG     ,FL,33701-0000,Public       ,39,56,95,672,775,1447
00153702,UNIV OF SOUTH FLORIDA-SARASOTA          ,FL,34243-0000,Public       ,12,45,57,231,576,807
00153705,UNIV OF SOUTH FLORIDA                   ,FL,33803-0000,Public       ,22,60,82,493,504,997
00153706,UNIV OF SOUTH FLORIDA- MEDICINE         ,FL,33612-0000,Public       ,42,31,73,727,996,1723
00153800,UNIVERSITY OF TAMPA                     ,FL,33606-1490,Private      ,179,143,322,6399,1714,8113
00154000,WEBBER INTERNATIONAL UNIVERSITY         ,FL,33827-0096,Private      ,20,8,28,632,177,809
00173308,NATIONAL-LOUIS UNIVERSITY               ,FL,33609-0000,Private      ,0,8,8,3,63,66
00177201,TRINITY INTERNATIONAL UNIVERSITY - SOUTH,FL,33324-4611,Private      ,4,29,33,28,355,383
00395400,UNIV OF CENTRAL FLORIDA                 ,FL,32816-0001,Public       ,1340,1317,2657,34875,16797,51672
00395500,UNIVERSITY OF WEST FLORIDA              ,FL,32514-5750,Public       ,233,432,665,5099,4742,9841
00407215,NORTHWOOD UNIVERSITY                    ,FL,33409-0000,Private      ,19,26,45,545,260,805
00558500,LIVELY TECHNICAL CENTER                 ,FL,32304-0000,Public       ,56,228,284,298,1035,1333
00558501,LIVELY TECHNICAL CENTER - AVIATION SCHOO,FL,32304-8723,Public       ,1,3,4,12,46,58
00558600,LINDSEY HOPKINS TECHNICAL ED CENTER     ,FL,33127-4692,Public       ,22,134,156,195,762,957
00559400,D G ERWIN TECHNICAL CENTER              ,FL,33610-8255,Public       ,62,258,320,449,1646,2095
00560500,PINELLAS TECH ED CTR-CLEARWATER         ,FL,33760-2194,Public       ,47,179,226,204,673,877
00560700,SARASOTA COUNTY TECHNICAL INSTITUTE     ,FL,34233-0000,Public       ,19,90,109,154,618,772
00560800,TRAVISS TECHNICAL CENTER                ,FL,33803-0000,Public       ,27,111,138,197,761,958
00561200,MANATEE TECHNICAL INSTITUTE             ,FL,34210-0000,Public       ,34,170,204,232,756,988
00561201,MANATEE TECHNICAL INSTITUTE-EAST        ,FL,34211-0000,Public       ,30,139,169,135,609,744
00675000,VALENCIA COMMUNITY COLLEGE              ,FL,32802-3028,Public       ,1661,2411,4072,17493,15429,32922
00752500,SUWANNEE-HAMILTON AREA VOC TECH CTR     ,FL,32060-0000,Public       ,4,36,40,48,211,259
00752600,WASHINGTON HOLMES TECHNICAL CENTER      ,FL,32428-1699,Public       ,13,71,84,116,414,530
00755800,LEE COUNTY HIGH TECH CENTER CENTRAL     ,FL,33916-2299,Public       ,32,142,174,258,662,920
00758600,REMINGTON COLLEGE - TAMPA CAMPUS        ,FL,33612-8410,Proprietary  ,40,78,118,148,570,718
00758604,REMINGTON COLLEGE-LARGO CAMPUS          ,FL,33771-0000,Proprietary  ,1,5,6,8,43,51
00758605,REMINGTON COLLEGE-JACKSONVILLE CAMPUS   ,FL,32256-6932,Proprietary  ,0,0,0,7,15,22
00787000,HILLSBOROUGH COMMUNITY COLLEGE          ,FL,33606-3572,Public       ,1091,1943,3034,10081,12731,22812
00789300,FLAGLER COLLEGE                         ,FL,32085-1027,Private      ,70,41,111,2677,465,3142
00789301,FLAGLER COLLEGE - TALLAHASSEE COMMUNITY ,FL,32304-2895,Private      ,7,19,26,110,319,429
00807500,ST JOHN VIANNEY COLLEGE SEMINARY        ,FL,33165-3244,Private      ,0,0,0,17,4,21
00814600,EVEREST UNIVERSITY - POMPANO BEACH      ,FL,33062-2522,Proprietary  ,110,550,660,500,2443,2943
00822300,ST VINCENT DE PAUL REGIONL SEMINARY     ,FL,33436-0000,Private      ,0,0,0,0,7,7
00841700,STENOTYPE INST OF JACKSONVILLE          ,FL,32207-0000,Proprietary  ,24,120,144,72,386,458
00850100,RASMUSSEN COLLEGE                       ,FL,34471-7051,Proprietary  ,60,314,374,327,1607,1934
00850103,RASMUSSEN COLLEGE-HOLIDAY               ,FL,34690-0000,Proprietary  ,27,127,154,150,734,884
00850106,RASMUSSEN COLLEGE - FORT MYERS          ,FL,33905-7805,Proprietary  ,21,86,107,62,258,320
00884800,WARNER SOUTHERN COLLEGE                 ,FL,33859-8725,Private      ,34,108,142,572,723,1295
00884900,PALM BEACH ATLANTIC UNIVERSITY          ,FL,33401-6505,Private      ,71,178,249,2362,1974,4336
00887800,MIAMI INTERNATIONAL UNIV ART&DESIGN     ,FL,33132-1418,Proprietary  ,275,293,568,2837,2124,4961
00910400,RIVERSIDE HAIRSTYLING ACADEMY           ,FL,32207-3810,Proprietary  ,2,18,20,20,79,99
00963500,FLORIDA INTERNATIONAL UNIVERSITY        ,FL,33199-0001,Public       ,795,1407,2202,21426,19446,40872
00984100,UNIVERSITY OF NORTH FLORIDA             ,FL,32224-2645,Public       ,422,514,936,9097,6445,15542
00990200,SHERIDAN TECHNICAL CENTER               ,FL,33021-3399,Public       ,68,293,361,449,1409,1858
01016100,"LORAINE'S ACADEMY, INC                  ",FL,33710-0000,Proprietary  ,7,31,38,38,156,194
01019500,ART INSTITUTE OF FT LAUDERDALE          ,FL,33316-3000,Proprietary  ,162,222,384,2237,1990,4227
01065200,PASCO-HERNANDO COMMUNITY CLG            ,FL,34654-5199,Public       ,404,765,1169,3156,4920,8076
01072401,CARLOS ALBIZU UNIVERSITY                ,FL,33172-0000,Private      ,20,127,147,108,1149,1257
01082600,TOM P. HANEY TECHNICAL CENTER           ,FL,32405-5099,Public       ,22,124,146,109,488,597
01112700,GOODING INST OF NUR ANES BAY MED CT     ,FL,32401-0000,Public       ,0,0,0,3,57,60
01226300,ATLANTIC TECHNICAL CENTER               ,FL,33063-3902,Public       ,58,179,237,389,1081,1470
01254400,FIRST COAST TECHNICAL COLLEGE           ,FL,32084-1921,Public       ,32,111,143,168,573,741
01254401,FIRST COAST TECHNICAL INSTITUTE - PUTNAM,FL,32077-6830,Public       ,7,16,23,42,95,137
01257400,RINGLING SCHOOL OF ART AND DESIGN       ,FL,34234-5895,Private      ,30,11,41,1457,275,1732
01303904,SOUTH UNIVERSITY                        ,FL,33409-5149,Proprietary  ,43,238,281,305,1333,1638
01323400,LORENZO WALKER INST OF TECHNOLOGY       ,FL,34104-4405,Public       ,36,99,135,219,490,709
02052002,FLORIDA EDUCATION CENTER - LAUDERHILL   ,FL,33313-5857,Proprietary  ,33,106,139,105,404,509
02089600,CONCORDE CAREER INSTITUTE               ,FL,32211-0000,Proprietary  ,26,190,216,156,934,1090
02089709,HERZING COLLEGE                         ,FL,32792-5509,Proprietary  ,2,19,21,24,80,104
02113609,AMERICAN INTERCONTINENTAL UNIV - WESTON ,FL,33326-3233,Proprietary  ,39,130,169,535,1009,1544
02115300,PINELLAS TECHNICAL EDUCATION CENTERS - S,FL,33711-0000,Public       ,39,190,229,162,733,895
02116006,SANFORD-BROWN INSTITUTE - FT. LAUDERDALE,FL,33309-1906,Proprietary  ,33,145,178,273,906,1179
02121800,EVEREST INSTITUTE                       ,FL,33169-4759,Proprietary  ,110,299,409,383,1141,1524
02121801,EVEREST INSTITUTE  - HIALEAH            ,FL,33012-7193,Proprietary  ,122,251,373,522,974,1496
02148200,FASHION FOCUS HAIR ACADEMY              ,FL,34231-0000,Proprietary  ,3,13,16,16,46,62
02148300,MANHATTAN BEAUTY SCHOOL                 ,FL,33611-0000,Proprietary  ,31,172,203,118,537,655
02149900,PAUL MITCHELL THE SCHOOL-JACKSONVILLE   ,FL,32205-0000,Proprietary  ,35,75,110,107,219,326
02151100,ATI COLLEGE OF HEALTH                   ,FL,33169-0000,Proprietary  ,81,342,423,325,1693,2018
02151900,KEISER  UNIVERSITY                      ,FL,33309-0000,Proprietary  ,650,2195,2845,3747,12633,16380
02156700,FLORIDA CHRISTIAN COLLEGE               ,FL,34744-0000,Private      ,15,19,34,196,136,332
02159600,BAPTIST COLLEGE OF FLORIDA (THE)        ,FL,32440-0000,Private      ,23,17,40,281,276,557
02172700,CONCORDE CAREER INSTITUTE               ,FL,33607-0000,Proprietary  ,27,140,167,161,659,820
02188900,HOBE SOUND BIBLE COLLEGE                ,FL,33475-0000,Private      ,5,3,8,88,47,135
02200100,BRADENTON BEAUTY & BARBER ACADEMY       ,FL,34209-0000,Proprietary  ,6,36,42,32,170,202
02215900,ATI CAREER TRAINING CENTER              ,FL,33309-1785,Proprietary  ,50,141,191,133,485,618
02218700,FLORIDA TECHNICAL COLLEGE               ,FL,32826-2707,Proprietary  ,69,356,425,362,1506,1868
02218707,FLORIDA TECHNICAL COLLEGE - LAKELAND    ,FL,33813-2101,Proprietary  ,1,29,30,10,93,103
02218709,FLORIDA TECHNICAL COLLEGE - DELAND      ,FL,32720-7415,Proprietary  ,4,13,17,20,69,89
02228300,LAKE TECHNICAL CENTER                   ,FL,32726-0000,Public       ,39,118,157,173,627,800
02245500,CENTRAL FLORIDA COLLEGE                 ,FL,32789-4679,Proprietary  ,32,127,159,182,802,984
02257900,INTERNATIONAL ACADEMY                   ,FL,32119-3541,Proprietary  ,25,64,89,78,221,299
02275100,CONCORDE CAREER INSTITUTE               ,FL,33025-0000,Proprietary  ,22,103,125,85,462,547
02278800,SOUTHWEST FLORIDA COLLEGE               ,FL,33907-0000,Private      ,75,270,345,467,1340,1807
02278801,SOUTHWEST FLORIDA COLLEGE - TAMPA       ,FL,33619-1344,Private      ,45,118,163,228,538,766
02279600,CORTIVA INSTITUTE - FLORIDA             ,FL,33781-0000,Proprietary  ,11,30,41,40,145,185
02280800,NEW ENGLAND INST TECH-PALM BEACH        ,FL,33407-0000,Proprietary  ,164,353,517,761,1647,2408
02283800,BEAUTY SCHOOLS OF AMERICA               ,FL,33012-3322,Proprietary  ,123,484,607,382,1694,2076
02286500,ITT TECHNICAL INSTITUTE                 ,FL,33634-7515,Proprietary  ,225,579,804,1121,2291,3412
02287100,LA BELLE BEAUTY SCHOOL                  ,FL,33012-0000,Proprietary  ,6,71,77,37,260,297
02293200,ATI CAREER TRAINING CENTER              ,FL,33309-0000,Proprietary  ,151,485,636,578,1737,2315
02293201,ATI CAREER TRAINING CENTER - MIAMI      ,FL,33122-0000,Proprietary  ,2,10,12,27,68,95
02293600,ADVANCED TECHNICAL CENTERS              ,FL,33266-1597,Private      ,0,3,3,3,24,27
02297000,CHARLOTTE TECHNICAL CENTER              ,FL,33948-0000,Public       ,17,91,108,133,412,545
02300900,WITHLACOOCHEE TECHNICAL INSTITUTE       ,FL,34450-0000,Public       ,28,91,119,184,485,669
02305700,GULF COAST COLLEGE                      ,FL,33619-0000,Proprietary  ,11,69,80,59,289,348
02305800,FLORIDA CAREER COLLEGE                  ,FL,33012-7028,Proprietary  ,472,953,1425,1616,3198,4814
02307400,GEORGE STONE AREA VOCATIONAL TECHNICAL  ,FL,32526-0000,Public       ,19,115,134,127,543,670
02314100,SCHILLER INTERNATIONAL UNIVERSITY       ,FL,33770-3716,Proprietary  ,2,13,15,69,111,180
02316200,MIAMI LAKES TECHNICAL EDUCATION CTR     ,FL,33014-0000,Public       ,36,125,161,246,633,879
02321200,ORANGE TECH EDUC CTR- WESTSIDE TECH     ,FL,34787-0000,Public       ,18,76,94,190,409,599
02325100,KEY COLLEGE                             ,FL,33004-3046,Proprietary  ,2,8,10,16,90,106
02326303,MEDVANCE INSTITUTE - WEST PALM          ,FL,33461-2171,Proprietary  ,70,193,263,280,656,936
02326306,MEDVANCE INSTITUTE - MIAMI              ,FL,33173-3431,Proprietary  ,24,75,99,108,369,477
02326800,RESORT & SPA SCHOOLS INTERNATIONAL      ,FL,34233-0000,Proprietary  ,13,90,103,44,195,239
02326900,SUNSTATE ACADEMY OF HAIR DESIGN         ,FL,33907-1415,Proprietary  ,44,78,122,121,221,342
02329900,FLORIDA INSTITUTE OF ULTRASOUND         ,FL,32514-0000,Proprietary  ,2,16,18,31,128,159
02337000,SUNCOAST II THE TAMPA BAY SCHOOL OF MASS,FL,33607-3802,Proprietary  ,0,0,0,4,8,12
02338400,FT PIERCE BEAUTY ACADEMY                ,FL,34982-0000,Proprietary  ,33,76,109,103,308,411
02341001,FORTIS COLLEGE - DBA FORTIS INSTITUTE   ,FL,32504-7322,Proprietary  ,1,16,17,15,86,101
02346200,WYOTECH                                 ,FL,32174-1010,Proprietary  ,74,150,224,521,664,1185
02362100,FULL SAIL UNIVERSITY                    ,FL,32792-0000,Proprietary  ,778,885,1663,7665,5225,12890
02499000,ACADEMY OF COSMETOLOGY                  ,FL,32953-3311,Proprietary  ,6,32,38,28,145,173
02501500,"O*TEC, MID-FLORIDA TECH                 ",FL,32809-0000,Public       ,38,158,196,300,581,881
02502702,ADVANCED CAREER TRAINING-JACKSONVIL     ,FL,32256-0000,Proprietary  ,0,0,0,51,278,329
02504600,WINTER PARK TECH                        ,FL,32789-0000,Public       ,16,100,116,131,484,615
02508900,TALMUDIC COLLEGE OF FLORIDA             ,FL,33139-0000,Private      ,2,0,2,10,7,17
02511700,RIDGE TECHNICAL CENTER                  ,FL,33881-0000,Public       ,29,126,155,145,496,641
02513200,ORLANDO TECHNICAL CENTER                ,FL,32801-0000,Public       ,28,174,202,240,853,1093
02515400,CITY COLLEGE                            ,FL,33309-3073,Private      ,87,267,354,318,1256,1574
02517100,SARASOTA SCHOOL OF MASSAGE THERAPY      ,FL,34243-6130,Proprietary  ,2,23,25,41,103,144
02524000,SUNSTATE ACADEMY OF HAIR DESIGN         ,FL,34624-0000,Proprietary  ,28,53,81,80,144,224
02524200,ROBERT MORGAN EDUCATIONAL CENTER        ,FL,33177-0000,Public       ,55,167,222,389,724,1113
02547600,FLORIDA NATIONAL COLLEGE                ,FL,33012-0000,Proprietary  ,177,562,739,870,2788,3658
02554200,RADFORD LOCKLIN TECH CENTER             ,FL,32570-0000,Public       ,5,27,32,24,120,144
02573200,LA BELLE BEAUTY ACADEMY                 ,FL,33135-0000,Proprietary  ,5,44,49,31,187,218
02586200,FLORIDA CAREER COLLEGE                  ,FL,33759-3924,Proprietary  ,56,147,203,288,794,1082
02586201,FLORIDA CAREER COLLEGE -                ,FL,33569-2553,Proprietary  ,0,3,3,8,21,29
02597100,HERITAGE INSTITUTE                      ,FL,33912-7132,Proprietary  ,59,255,314,236,861,1097
02598200,FLORIDA TECHNICAL CLG JACKSONVILLE      ,FL,32211-5123,Proprietary  ,17,76,93,82,317,399
02599800,EVEREST UNIVERSITY                      ,FL,33759-1359,Proprietary  ,66,324,390,247,1522,1769
02599801,EVEREST UNIVERSITY - TAMPA LAKELAND CAMP,FL,33801-3801,Proprietary  ,51,270,321,226,1416,1642
02599805,EVEREST UNIVERSITY - JACKSONVILLE       ,FL,32256-0000,Proprietary  ,92,382,474,397,1867,2264
02601600,HENRY W BREWSTER TECHNICAL CENTER       ,FL,33602-0000,Public       ,13,105,118,74,397,471
02612700,DARLYNE MCGEE'S ACAD OF COSMETOLOGY     ,FL,32905-2805,Proprietary  ,3,24,27,21,105,126
02616400,SANFORD-BROWN INSTITUTE                 ,FL,32256-3520,Proprietary  ,74,304,378,421,1777,2198
02616401,SANFORD-BROWN INSTITUTE - TAMPA         ,FL,33610-8304,Proprietary  ,47,236,283,204,1017,1221
03003200,EVEREST INSTITUTE                       ,FL,33186-1410,Proprietary  ,103,220,323,353,808,1161
03003201,EVEREST INSTITUTE - FT. LAUDERDALE      ,FL,33304-2522,Proprietary  ,47,153,200,194,523,717
03003600,MCFATTER TECHNICAL CENTER               ,FL,33317-7499,Public       ,43,166,209,255,721,976
03006801,PENNSYLVANIA CULINARY INSTITUTE - LE COR,FL,33025-3929,Proprietary  ,67,188,255,230,659,889
03008600,FLORIDA COLLEGE OF NATURAL HEALTH       ,FL,33064-1342,Proprietary  ,57,234,291,288,966,1254
03010608,VIRGINIA COLLEGE - PENSACOLA            ,FL,32501-5650,Proprietary  ,7,75,82,69,473,542
03010612,VIRGINIA COLLEGE - GOLF ACADEMY OF AMERI,FL,32701-0000,Proprietary  ,20,27,47,116,159,275
03012300,ASM BEAUTY WORLD ACADEMY                ,FL,33021-0000,Proprietary  ,2,30,32,18,137,155
03018500,BENE'S INTERNATIONAL SCHOOL OF BEAUTY   ,FL,34652-1637,Proprietary  ,20,51,71,83,211,294
03028200,TRINITY COLLEGE OF FLORIDA              ,FL,34655-4401,Private      ,9,17,26,131,115,246
03031400,INTERNATIONAL ACAD OF DESIGN & TECH     ,FL,33634-6313,Proprietary  ,339,782,1121,2750,4153,6903
03031402,INTERNATIONAL ACADEMY OF DESIGN AND TECH,FL,32809-4633,Proprietary  ,39,38,77,606,563,1169
03031403,IADT - ORLANDO CULINARY ACADEMY         ,FL,32819-0000,Proprietary  ,28,71,99,296,334,630
03035800,HERITAGE INSTITUTE                      ,FL,32216-0948,Proprietary  ,21,137,158,87,386,473
03035900,NATIONAL AVIATION ACADEMY               ,FL,33760-3931,Proprietary  ,19,71,90,177,438,615
03037500,HODGES UNIVERSITY                       ,FL,34119-7932,Private      ,44,268,312,447,2222,2669
03054200,TECHNICAL CAREER INSTITUTE              ,FL,33144-2373,Proprietary  ,58,123,181,460,510,970
03071600,COLLEGE OF BUSINESS & TECHNOLOGY        ,FL,33176-1412,Proprietary  ,30,231,261,127,923,1050
03071601,COLLEGE OF BUSINESS & TECHNOLOGY -      ,FL,33144-2072,Proprietary  ,3,5,8,21,21,42
03071602,COLLEGE OF BUSINESS & TECHNOLOGY -      ,FL,33012-3436,Proprietary  ,2,2,4,4,9,13
03076402,HIGH-TECH INSTITUTE - ORLANDO           ,FL,32803-3509,Proprietary  ,13,24,37,103,193,296
03079800,GEORGE T BAKER AVIATION                 ,FL,33142-5687,Public       ,19,29,48,171,172,343
03079900,CITY COLLEGE                            ,FL,32707-5342,Private      ,9,42,51,41,251,292
03087600,ITT TECHNICAL INSTITUTE                 ,FL,32746-1607,Proprietary  ,254,568,822,1141,2447,3588
03089200,NOUVELLE INSTITUTE                      ,FL,33125-4141,Proprietary  ,7,115,122,36,399,435
03096300,FLORIDA CAREER INSTITUTE                ,FL,33860-0000,Proprietary  ,5,41,46,46,212,258
03099600,MERCY HOSPITAL SCHOOL OF PRACTICAL NSG  ,FL,33133-4237,Private      ,2,17,19,38,119,157
03100800,TAYLOR TECHNICAL INSTITUTE              ,FL,32348-0894,Public       ,19,44,63,76,190,266
03101900,TRINITY BAPTIST COLLEGE                 ,FL,32221-1398,Private      ,18,20,38,192,109,301
03103900,MARION COUNTY COMMUNITY TECH & ADUL     ,FL,34474-3172,Public       ,23,108,131,151,498,649
03108500,EVERGLADES UNIVERSITY                   ,FL,33431-0000,Private      ,23,215,238,142,1117,1259
03108600,COM-PU-MED VOCATIONAL CAREERS           ,FL,33012-4861,Proprietary  ,23,138,161,65,460,525
03113400,ACADEMY OF HEALING ARTS                 ,FL,33463-2113,Proprietary  ,9,28,37,30,95,125
03114700,PRAXIS INSTITUTE                        ,FL,33135-2657,Proprietary  ,13,122,135,44,394,438
03115500,FLORIDA HOSPITAL COLG OF HEALTH SCI     ,FL,32803-1237,Private      ,49,295,344,721,1904,2625
03123900,KEISER CAREER INSTITUTE                 ,FL,33413-0000,Proprietary  ,61,217,278,365,1198,1563
03125600,MIAMI AD SCHOOL                         ,FL,33139-5203,Proprietary  ,9,47,56,62,279,341
03127900,TECHNICAL EDUCATION CTR OSCEOLA         ,FL,34744-4459,Public       ,23,135,158,175,492,667
03139600,DELTA CONNECTION ACADEMY                ,FL,32773-9683,Proprietary  ,4,15,19,42,89,131
03158300,LEE COUNTY HIGH TECH CENTER NORTH       ,FL,33993-2479,Public       ,21,105,126,105,356,461
03178400,CORAL RIDGE NURSES ASST TRAINING        ,FL,33306-0000,Proprietary  ,1,7,8,6,52,58
03224300,NEW PROFESSIONS TECHNICAL INSTITUTE     ,FL,33134-1640,Proprietary  ,19,168,187,58,538,596
03230300,OKALOOSA APPLIED TECHNOLOGY CENTER      ,FL,32547-1299,Public       ,13,79,92,84,439,523
03238300,FLORIDA COLLEGE OF INTEGRATIVE MED      ,FL,32809-5721,Proprietary  ,0,31,31,23,165,188
03255300,FLORIDA GULF COAST UNIVERSITY           ,FL,33965-6565,Public       ,265,270,535,6783,2957,9740
03256300,YESHIVA GEDOLAH RABBINICAL COLLEGE      ,FL,33139-4708,Private      ,8,1,9,9,2,11
03264300,SOUTH FLORIDA BIBLE COLLEGE AND THEOLOGI,FL,33441-5768,Private      ,1,9,10,1,15,16
03346300,ACAD FOR PRAC NURSING & HEALTH OCCP     ,FL,33417-4574,Private      ,12,220,232,103,759,862
03348400,PROFESSIONAL TRAINING CENTERS           ,FL,33184-0000,Proprietary  ,16,114,130,102,477,579
03370300,AUDIO RECORDING TECHNOLOGY INSTITUTE    ,FL,32811-0000,Proprietary  ,8,10,18,74,89,163
03373300,BEACON COLLEGE                          ,FL,34748-5224,Private      ,3,4,7,81,28,109
03374300,FLORIDA COASTAL SCHOOL OF LAW           ,FL,32256-0000,Proprietary  ,1,77,78,18,2737,2755
03382300,BRADFORD-UNION AREA CAREERTECHNICAL CENT,FL,32091-2434,Public       ,6,28,34,41,185,226
03390300,AMERICARE SCHOOL OF NURSING             ,FL,32730-2351,Proprietary  ,29,100,129,80,482,562
03390301,AMERICARE SCHOOL OF NURSING - ST. PETERS,FL,33709-3142,Proprietary  ,0,0,0,8,15,23
03411400,INTERNATIONAL TRAINING CAREERS          ,FL,33155-1462,Private      ,8,68,76,33,289,322
03414500,SOUTHEAST INSTITUTE OF ORIENTAL MED     ,FL,33176-1509,Proprietary  ,0,17,17,9,136,145
03425400,CENTRAL FLORIDA INSTITUTE               ,FL,34684-4436,Proprietary  ,38,128,166,186,711,897
03429600,ATLANTIC INST OF ORIENTAL MEDICINE      ,FL,33316-0000,Private      ,0,19,19,4,99,103
03429700,EAST WEST COLLG OF NATURAL MEDICINE     ,FL,34236-4959,Proprietary  ,3,6,9,6,130,136
03433400,NEW CONCEPT MASSAGE AND BEAUTY SCHO     ,FL,33135-0000,Proprietary  ,3,18,21,10,68,78
03434300,NORTH FLORIDA INSTITUTE                 ,FL,32073-2999,Proprietary  ,40,139,179,128,616,744
03459400,SAINT PETERSBURG THEOLOGICAL SEMINA     ,FL,33708-3116,Private      ,0,5,5,7,52,59
03480301,MEDVANCE INSTITUTE - FORT LAUDERDALE    ,FL,33313-7261,Proprietary  ,26,194,220,137,620,757
03480302,MEDVANCE INSTITUTE - STUART             ,FL,34994-3000,Proprietary  ,10,64,74,89,415,504
03491400,AMERICAN ADVANCED TECHNICIANS INST      ,FL,33014-4430,Proprietary  ,6,26,32,16,49,65
03549300,ULTIMATE MEDICAL ACADEMY                ,FL,33756-5802,Proprietary  ,84,483,567,299,1630,1929
03553300,KEISER CAREER COLLEGE                   ,FL,32216-0000,Proprietary  ,10,29,39,28,97,125
03557300,NORTH FLORIDA COSMETOLOGY INSTITUTE     ,FL,32312-0000,Proprietary  ,7,26,33,42,145,187
03564300,SUPERIOR CAREER INSTITUTE               ,FL,33311-1141,Proprietary  ,4,49,53,18,133,151
03570400,ENGLISH CENTER (THE)                    ,FL,33133-2703,Public       ,0,31,31,21,153,174
03595400,ANGLEY COLLEGE                          ,FL,32720-4257,Proprietary  ,11,100,111,32,253,285
03611400,FLORIDA BARBER ACADEMY                  ,FL,33441-0000,Proprietary  ,7,45,52,36,132,168
03618300,FLORIDA INSTITUTE OF ANIMAL ARTS        ,FL,32792-1740,Proprietary  ,9,31,40,69,167,236
03627400,JACKSONVILLE BEAUTY INSTITUTE           ,FL,32208-1885,Proprietary  ,1,58,59,26,224,250
03627600,FLORIDA EDUCATION INSTITUTE             ,FL,33144-5036,Proprietary  ,11,78,89,53,287,340
03661400,SOUTH FLORIDA INSTITUTE OF TECHNOLO     ,FL,33135-0000,Proprietary  ,21,221,242,61,539,600
03696400,SABER                                   ,FL,33134-1604,Private      ,5,91,96,9,288,297
03706300,AMERICAN INSTITUTE                      ,FL,33319-5613,Proprietary  ,17,117,134,98,431,529
03757300,ADVANCE SCIENCE INSTITUTE               ,FL,33012-0000,Proprietary  ,4,32,36,23,112,135
03801400,BEAUTY INSTITUTE (THE)                  ,FL,33409-2972,Proprietary  ,8,33,41,26,118,144
03801401,BEAUTY INSTITUTE (THE) - MARGATE        ,FL,33068-5704,Proprietary  ,0,6,6,5,17,22
03816300,ARTISTIC NAILS & BEAUTY ACADEMY         ,FL,33605-5919,Proprietary  ,16,65,81,52,223,275
03823300,FLORIDA ACADEMY OF HEALTH & BEAUTY      ,FL,33311-0000,Proprietary  ,1,20,21,8,52,60
03832300,DADE MEDICAL COLLEGE                    ,FL,33125-4013,Proprietary  ,47,148,195,156,539,695
03842500,CAMBRIDGE INSTITUTE OF ALLIED HEALTH    ,FL,32750-0000,Proprietary  ,10,20,30,19,120,139
03856300,UNIVERSAL BEAUTY SCHOOL                 ,FL,33174-4406,Proprietary  ,4,21,25,18,115,133
03866300,GALIANO CAREER ACADEMY                  ,FL,32701-0000,Proprietary  ,36,141,177,88,426,514
03875300,MEDICAL CAREER INSTITUTE OF SOUTH FLORID,FL,33407-2103,Proprietary  ,11,124,135,47,329,376
03888300,DRAGON RISES COLLEGE OF ORIENTAL MEDICIN,FL,32601-5089,Proprietary  ,1,3,4,7,51,58
03903500,SOUTHERN TECHNICAL COLLEGE              ,FL,32809-0000,Proprietary  ,37,149,186,122,537,659
03906300,CAREER INSTITUTE OF FLORIDA             ,FL,33773-3434,Proprietary  ,3,74,77,31,286,317
03911300,TOTAL INTERNATIONAL CAREER INSTITUTE    ,FL,33012-0000,Proprietary  ,0,11,11,3,31,34
03939300,WOLFORD COLLEGE                         ,FL,34108-1931,Private      ,0,27,27,6,247,253
03939400,CENTURA INSTITUTE                       ,FL,32807-3566,Proprietary  ,9,76,85,38,190,228
03939600,DAYTONA COLLEGE                         ,FL,32174-8445,Proprietary  ,3,17,20,41,84,125
03941300,AVE MARIA UNIVERSITY                    ,FL,34142-9505,Private      ,14,9,23,585,130,715
03957400,NEW COLLEGE OF FLORIDA                  ,FL,34243-2109,Public       ,31,11,42,1144,133,1277
03985300,COMMERCIAL DIVING ACADEMY               ,FL,32208-0000,Proprietary  ,31,96,127,130,430,560
03985400,SPACE COAST HEALTH INSTITUTE            ,FL,32904-8771,Proprietary  ,0,0,0,10,51,61
03986300,ARI BEN AVIATOR                         ,FL,34946-0000,Proprietary  ,2,7,9,18,33,51
04016500,AMERICAN INSTITUTE OF BEAUTY            ,FL,33773-0000,Proprietary  ,6,32,38,33,158,191
04029300,TRENDSETTERS OF FLORIDA SCHOOL OF BEAUTY,FL,32205-0000,Proprietary  ,2,24,26,14,54,68
04058300,HEALTH OPPORTUNITY TECHNICAL CENTER     ,FL,33169-4517,Proprietary  ,0,44,44,11,193,204
04105400,PENSACOLA SCHOOL OF MASSAGE THERAPY & HE,FL,32504-7337,Proprietary  ,4,28,32,33,109,142
04106300,PALM BEACH ACADEMY OF HEALTH & BEAUTY   ,FL,33403-2130,Proprietary  ,7,22,29,26,89,115
04116600,PROFESSIONAL HEALTH TRAINING ACADEMY    ,FL,34480-8714,Proprietary  ,2,35,37,18,197,215
04119400,AVEDA INSTITUTE - SAINT PETERSBURG      ,FL,33701-4242,Proprietary  ,32,44,76,157,176,333
04120400,HI-TECH SCHOOL OF COSMETOLOGY           ,FL,33174-0000,Proprietary  ,16,33,49,46,83,129
04120500,ACADEMY OF PROFESSIONAL CAREERS         ,FL,32792-4433,Proprietary  ,6,8,14,26,40,66
04126900,ACADEMY OF CAREER TRAINING              ,FL,34741-4644,Proprietary  ,13,41,54,61,147,208
04127400,DIGITAL MEDIA ARTS COLLEGE              ,FL,33431-5919,Proprietary  ,27,17,44,297,192,489
04128400,MANAGEMENT RESOURCES INSTITUTE          ,FL,33134-1586,Proprietary  ,3,38,41,5,113,118
04129900,FLORIDA SCHOOL OF MASSAGE               ,FL,32608-5419,Proprietary  ,10,48,58,36,138,174
04130400,SHEAR EXCELLENCE INTERNATIONAL HAIR ACAD,FL,33614-2783,Private      ,1,21,22,10,61,71
04131900,FASTTRAIN OF MIAMI                      ,FL,33134-1065,Proprietary  ,7,62,69,45,234,279
04132000,FASTTRAIN OF FORT LAUDERDALE            ,FL,33311-1506,Proprietary  ,6,32,38,12,82,94
04132100,FASTTRAIN OF TAMPA                      ,FL,33607-4153,Proprietary  ,9,52,61,18,112,130
04132200,FASTTRAIN OF JACKSONVILLE               ,FL,32256-4843,Proprietary  ,6,27,33,14,109,123
04133500,ACADEMY FOR FIVE ELEMENT ACUPUNCTURE    ,FL,32601-6811,Private      ,0,6,6,4,58,62
04134800,AVEDA INSTITUTE - TALLAHASSEE           ,FL,32304-3186,Proprietary  ,7,16,23,55,68,123
04134900,ORANGE PARK BEAUTY ACADEMY              ,FL,32073-5524,Proprietary  ,0,13,13,0,13,13
04135000,COZMO THE SCHOOL                        ,FL,34135-4810,Proprietary  ,4,18,22,19,51,70
04135900,ALLIED HEALTH INSTITUTE                 ,FL,33309-1900,Proprietary  ,4,64,68,5,102,107
04140800,NORTH FLORIDA ACADEMY                   ,FL,32065-7758,Proprietary  ,0,1,1,0,1,1
00160500,CHAMINADE UNIV OF HONOLULU              ,HI,96816-1578,Private      ,36,128,164,1321,1398,2719
00160600,BRIGHAM YOUNG UNIV-HAWAII CAMPUS        ,HI,96762-1294,Private      ,76,63,139,864,618,1482
00161000,UNIVERSITY OF HAWAII AT MANOA           ,HI,96822-2399,Public       ,274,359,633,9655,6684,16339
00161100,UNIVERSITY OF HAWAII AT HILO            ,HI,96720-4091,Public       ,73,114,187,2799,1876,4675
00161200,HONOLULU COMMUNITY COLLEGE              ,HI,96817-4598,Public       ,100,190,290,1177,1202,2379
00161300,KAPIOLANI COMMUNITY COLLEGE             ,HI,96816-4421,Public       ,158,278,436,1990,1997,3987
00161400,KAUAI COMMUNITY COLLEGE                 ,HI,96766-9591,Public       ,31,54,85,264,343,607
00161500,MAUI COMMUNITY COLLEGE                  ,HI,96732-1644,Public       ,133,334,467,1002,1560,2562
00454900,LEEWARD COMMUNITY COLLEGE               ,HI,96782-3393,Public       ,151,258,409,1638,1813,3451
00525800,HAWAII COMMUNITY COLLEGE                ,HI,96720-4075,Public       ,95,204,299,1099,1416,2515
00723401,HEALD COLLEGE - HONOLULU                ,HI,96814-0000,Proprietary  ,133,231,364,670,842,1512
00727900,HAWAII PACIFIC UNIVERSITY               ,HI,96813-2882,Private      ,111,236,347,3536,2866,6402
00777500,HOLLYWOOD BEAUTY COLLEGE                ,HI,96701-4100,Proprietary  ,0,0,0,4,10,14
01122000,WINDWARD COMMUNITY COLLEGE              ,HI,96744-0000,Public       ,60,100,160,553,769,1322
02100300,MED-ASSIST SCHOOL OF HAWAII             ,HI,96813-0000,Proprietary  ,11,16,27,51,100,151
02107800,UNIVERSITY OF HAWAII - WEST OAHU        ,HI,96782-0000,Public       ,25,80,105,525,822,1347
02139500,HAWAII INSTITUTE OF HAIR DESIGN         ,HI,96817-5195,Proprietary  ,4,27,31,23,96,119
02208704,SAN DIEGO GOLF ACADEMY - THE GOLF ACADEM,HI,96744-3724,Proprietary  ,0,1,1,4,4,8
02321300,HAWAI'I THEOLOGICAL SEMINARY            ,HI,96817-0000,Private      ,0,0,0,2,7,9
03017800,TRAVEL INSTITUTE OF THE PACIFIC         ,HI,96814-1946,Proprietary  ,11,34,45,48,140,188
03020800,NEW YORK TECHNICAL INST OF HAWAII       ,HI,96817-4415,Proprietary  ,2,2,4,14,22,36
03072500,WORLD MEDICINE INSTITUTE                ,HI,96826-0000,Private      ,3,6,9,12,62,74
03649300,HAWAII TECHNOLOGY INSTITUTE             ,HI,96813-3036,Private      ,5,9,14,23,50,73
03735300,INST OF CLINICAL ACUPUNCTURE & ORIENT MD,HI,96813-2307,Proprietary  ,0,5,5,1,36,37
03999400,TRADITIONAL CHINESE MEDICAL COLLEGE OF H,HI,96743-8324,Private      ,1,4,5,2,37,39
00161600,BOISE STATE UNIVERSITY                  ,ID,83725-1000,Public       ,424,1163,1587,9308,10802,20110
00161700,"COLLEGE OF IDAHO, THE                   ",ID,83605-4432,Private      ,28,40,68,1162,235,1397
00161900,COLLEGE OF SOUTHERN IDAHO               ,ID,83301-0000,Public       ,204,581,785,2294,3041,5335
00162000,IDAHO STATE UNIVERSITY                  ,ID,83209-5377,Public       ,283,744,1027,4326,7654,11980
00162100,LEWIS-CLARK STATE COLLEGE               ,ID,83501-2698,Public       ,73,195,268,1892,1812,3704
00162300,NORTH IDAHO COLLEGE                     ,ID,83814-2199,Public       ,178,386,564,2057,2450,4507
00162400,NORTHWEST NAZARENE UNIVERSITY           ,ID,83686-5897,Private      ,31,104,135,1293,1011,2304
00162500,BRIGHAM YOUNG UNIVERSITY-IDAHO          ,ID,83460-1650,Private      ,983,1029,2012,7091,5875,12966
00162600,UNIVERSITY OF IDAHO                     ,ID,83844-4291,Public       ,166,203,369,7619,3788,11407
00455300,ITT TECHNICAL INSTITUTE                 ,ID,83713-1529,Proprietary  ,143,367,510,701,1534,2235
00458304,BROWN MACKIE COLLEGE-SOUTH BEND - BROWN ,ID,83709-2746,Proprietary  ,18,88,106,21,99,120
00987300,MR JUAN'S CLG OF HAIR DESIGN            ,ID,83301-4154,Proprietary  ,2,6,8,17,34,51
01113300,EASTERN IDAHO TECHNICAL COLLEGE         ,ID,83404-5788,Public       ,34,148,182,244,899,1143
02210700,CAREER BEAUTY COLLEGE                   ,ID,83440-0000,Proprietary  ,5,4,9,33,38,71
02218000,APOLLO COLLEGE                          ,ID,83704-0000,Proprietary  ,50,223,273,323,1071,1394
02234500,BOISE BIBLE COLLEGE                     ,ID,83714-1220,Private      ,6,5,11,158,54,212
02275800,MR LEONS SCHOOL OF HAIR DESIGN          ,ID,83843-8384,Proprietary  ,3,5,8,38,48,86
02314000,SCHOOL OF HAIRSTYLING (THE)             ,ID,83202-0000,Proprietary  ,3,8,11,37,63,100
02319800,HEADMASTERS SCHOOL OF HAIR DESIGN       ,ID,83814-0000,Proprietary  ,18,22,40,94,139,233
02349200,HEADMASTERS SCHOOL OF HAIR DESIGN       ,ID,83501-0000,Proprietary  ,6,13,19,38,28,66
02559500,RAZZLE DAZZLE CLG OF HAIR DESIGN        ,ID,83686-5104,Proprietary  ,8,20,28,43,123,166
02607100,SCOT LEWIS SCHOOLS                      ,ID,83709-1662,Proprietary  ,26,33,59,107,133,240
03098700,ACADEMY OF COURT REPORTING              ,ID,83704-8320,Proprietary  ,47,205,252,258,847,1105
03832400,COSMETOLOGY SCHOOL OF ARTS & SCIENCES   ,ID,83318-1327,Proprietary  ,1,9,10,13,46,59
04134300,EVANS HAIRSTYLING COLLEGE               ,ID,83440-5277,Proprietary  ,13,12,25,13,12,25
04144500,HAIR ACDMY PAUL MITCHELL PARTNER SCHOOL ,ID,83440-2600,Proprietary  ,2,2,4,2,2,4
00163200,AQUINAS INSTITUTE OF THEOLOGY           ,MO,63108-3323,Private      ,0,7,7,0,73,73
00244900,AVILA COLLEGE                           ,MO,64145-1698,Private      ,18,93,111,1022,1207,2229
00245000,CALVARY BIBLE COLLEGE                   ,MO,64147-1341,Private      ,6,12,18,175,155,330
00245200,CENTRAL BIBLE COLLEGE                   ,MO,65803-1096,Private      ,17,24,41,493,278,771
00245300,CENTRAL METHODIST UNIVERSITY            ,MO,65248-1198,Private      ,34,58,92,1253,570,1823
00245301,CENTRAL METHODIST UNIVERSITY            ,MO,63601-0000,Private      ,1,13,14,55,203,258
00245302,CENTRAL METHODIST UNIVERSITY- UNION     ,MO,63084-0000,Private      ,0,1,1,29,43,72
00245400,UNIVERSITY OF CENTRAL MISSOURI          ,MO,64093-5178,Public       ,174,298,472,7023,3729,10752
00245600,COLUMBIA COLLEGE                        ,MO,65216-4581,Private      ,157,1358,1515,2586,12586,15172
00245700,CONCORDIA SEMINARY                      ,MO,63105-3199,Private      ,1,2,3,3,538,541
00245800,COTTEY COLLEGE                          ,MO,64772-2790,Private      ,4,1,5,348,28,376
00245900,CROWDER COLLEGE                         ,MO,64850-9165,Public       ,86,260,346,1570,1982,3552
00246000,CULVER STOCKTON COLLEGE                 ,MO,63435-1299,Private      ,13,7,20,1123,135,1258
00246100,DRURY UNIVERSITY                        ,MO,65802-3791,Private      ,100,320,420,2138,3284,5422
00246200,EDEN THEOLOGICAL SEMINARY               ,MO,63119-0000,Private      ,0,8,8,2,123,125
00246300,EVANGEL UNIVERSITY                      ,MO,65802-2125,Private      ,24,69,93,1752,662,2414
00246400,FONTBONNE UNIVERSITY                    ,MO,63105-3098,Private      ,36,303,339,1197,2628,3825
00246600,HARRIS-STOWE STATE COLLEGE              ,MO,63103-2199,Public       ,76,162,238,1561,1768,3329
00246700,CONCEPTION SEMINARY COLLEGE             ,MO,64433-0000,Private      ,2,2,4,43,17,60
00246800,JEFFERSON COLLEGE                       ,MO,63050-2441,Public       ,123,333,456,2266,2062,4328
00247100,ST LOUIS COMMUNITY COLLEGE              ,MO,63102-0000,Public       ,632,1710,2342,7900,11750,19650
00247104,SAINT LOUIS COMMUNITY COLLEGE - WILDWOOD,MO,63040-1168,Public       ,0,0,0,24,44,68
00247300,KANSAS CITY ART INSTITUTE               ,MO,64111-1874,Private      ,17,11,28,931,204,1135
00247400,KANSAS CITY UNIV OF MED & BIOSCIENCES   ,MO,64106-0000,Private      ,2,7,9,33,1163,1196
00247600,KENRICK-GLENNON SEMINARY                ,MO,63119-0000,Private      ,1,0,1,8,5,13
00247700,A.T. STILL UNIV OF HEALTH SCIENCES      ,MO,63501-0000,Private      ,2,110,112,4,2422,2426
00247900,LINCOLN UNIVERSITY                      ,MO,65101-3500,Public       ,63,132,195,2544,1459,4003
00248000,LINDENWOOD UNIVERSITY                   ,MO,63301-1695,Private      ,156,669,825,4262,5660,9922
00248200,MARYVILLE UNIVERSITY                    ,MO,63141-7299,Private      ,42,173,215,2114,1889,4003
00248400,METROPOLITAN COMMUNITY COLLEGE          ,MO,64111-2408,Public       ,716,1721,2437,7463,10358,17821
00248500,MIDWESTERN BAPTIST THEOL SEMINARY       ,MO,64118-4697,Private      ,4,12,16,60,207,267
00248600,MINERAL AREA COLLEGE                    ,MO,63601-1000,Public       ,103,256,359,1512,1788,3300
00248800,MISSOURI SOUTHERN STATE UNIVERSITY      ,MO,64801-1595,Public       ,104,251,355,3290,3063,6353
00248900,MISSOURI VALLEY COLLEGE                 ,MO,65340-3197,Private      ,17,23,40,1483,323,1806
00249000,MISSOURI WESTERN STATE UNIVERSITY       ,MO,64507-2294,Public       ,137,195,332,4010,2124,6134
00249100,MOBERLY AREA COMMUNITY COLLEGE          ,MO,65270-1304,Public       ,133,290,423,2152,2131,4283
00249400,NAZARENE THEOLOGICAL SEMINARY           ,MO,64131-1246,Private      ,0,12,12,4,144,148
00249500,TRUMAN STATE UNIVERSITY                 ,MO,63501-4221,Public       ,80,21,101,5134,413,5547
00249600,NORTHWEST MISSOURI STATE UNIV           ,MO,64468-6001,Public       ,98,77,175,5994,1119,7113
00249800,PARK UNIVERSITY                         ,MO,64152-3795,Private      ,66,710,776,1256,6770,8026
00249900,ROCKHURST UNIVERSITY                    ,MO,64110-2561,Private      ,25,115,140,1865,1203,3068
00250000,COLLEGE OF THE OZARKS                   ,MO,65726-2502,Private      ,53,23,76,2710,292,3002
00250100,SOUTHEAST MISSOURI STATE UNIV           ,MO,63701-4799,Public       ,195,296,491,6777,3367,10144
00250200,SOUTHWEST BAPTIST UNIVERSITY            ,MO,65613-2597,Private      ,50,137,187,1897,1467,3364
00250300,MISSOURI STATE UNIVERSITY               ,MO,65897-0094,Public       ,343,461,804,12092,6056,18148
00250400,ST LOUIS COLLEGE OF PHARMACY            ,MO,63110-1088,Private      ,13,10,23,744,486,1230
00250600,SAINT LOUIS UNIVERSITY                  ,MO,63103-2097,Private      ,107,230,337,7851,6406,14257
00250900,SAINT PAUL SCHOOL OF THEOLOGY           ,MO,64127-2499,Private      ,0,10,10,3,164,167
00251200,STEPHENS COLLEGE                        ,MO,65215-0001,Private      ,24,34,58,928,425,1353
00251400,NORTH CENTRAL MISSOURI COLLEGE          ,MO,64683-1824,Public       ,27,109,136,696,782,1478
00251600,UNIVERSITY OF MISSOURI-COLUMBIA         ,MO,65211-1600,Public       ,425,394,819,19606,6864,26470
00251700,MISSOURI UNIVERSITY OF SCIENCE & TECHNOL,MO,65409-0250,Public       ,90,63,153,4194,938,5132
00251800,UNIVERSITY OF MISSOURI-KANSAS CITY      ,MO,64110-2497,Public       ,184,460,644,5762,7688,13450
00251900,UNIVERSITY OF MISSOURI-ST LOUIS         ,MO,63121-4499,Public       ,198,554,752,5015,7637,12652
00252000,WASHINGTON UNIVERSITY                   ,MO,63130-4899,Private      ,167,144,311,11749,4965,16714
00252001,WASHINGTON UNIV-SCHOOL OF MEDICINE      ,MO,63110-0000,Private      ,2,11,13,61,1252,1313
00252100,WEBSTER UNIVERSITY                      ,MO,63119-3194,Private      ,80,1071,1151,3107,12354,15461
00252200,WENTWORTH MILITARY ACADEMY              ,MO,64067-1799,Private      ,20,22,42,136,172,308
00252300,WESTMINSTER COLLEGE                     ,MO,65251-1299,Private      ,24,9,33,1048,80,1128
00252400,WILLIAM JEWELL COLLEGE                  ,MO,64068-1896,Private      ,34,14,48,1399,217,1616
00252500,WILLIAM WOODS UNIVERSITY                ,MO,65251-2388,Private      ,20,326,346,915,2077,2992
00405704,NATIONAL AMERICAN UNIVERSITY            ,MO,64057-1791,Proprietary  ,1,39,40,33,294,327
00441300,ST JOHNS HOSP SCH RAD TECH              ,MO,65802-0000,Private      ,1,5,6,35,50,85
00470300,LOGAN COLLEGE OF CHIROPRACTIC           ,MO,63006-1065,Private      ,4,69,73,63,1207,1270
00470700,COVENANT THEOLOGICAL SEMINARY           ,MO,63141-8697,Private      ,0,22,22,4,495,499
00471100,LINN STATE TECHNICAL COLLEGE            ,MO,65051-9607,Public       ,23,23,46,957,289,1246
00471300,THREE RIVERS COMMUNITY COLLEGE          ,MO,63901-2393,Public       ,91,265,356,1526,2138,3664
00528800,KIRKSVILLE AREA TECHNICAL CENTER        ,MO,63501-0000,Public       ,2,2,4,23,62,85
00528900,WAYNESVILLE TECHNICAL ACADEMY           ,MO,65583-0000,Public       ,0,9,9,16,106,122
00542400,SOUTH CENTRAL CAREER CENTER             ,MO,65775-3334,Public       ,5,14,19,35,119,154
00542600,SIKESTON CAREER AND TECHNOLOGY CTR      ,MO,63801-0000,Public       ,1,15,16,26,125,151
00542900,ROLLA TECHNICAL INSTITUTE               ,MO,65401-3601,Public       ,7,36,43,225,295,520
00543000,POPLAR BLUFF TECHNICAL CAREER CNTR      ,MO,63901-0000,Public       ,4,8,12,32,91,123
00543800,SALINE COUNTY CAREER CENTER             ,MO,65340-0000,Public       ,1,2,3,14,73,87
00544500,TRUMAN MEDICAL CENTER SCHOOL OF NURSE AN,MO,64108-2677,Private      ,4,5,9,29,68,97
00553100,GRAND RIVER TECHNICAL SCHOOL            ,MO,64601-1299,Public       ,2,1,3,62,32,94
00553200,CAPE GIRARDEAU CAREER & TECHNOLOGY CENTE,MO,63703-7511,Public       ,7,25,32,78,267,345
00638500,CHAMBERLAIN COLLEGE OF NURSING          ,MO,63139-3297,Proprietary  ,55,655,710,577,3721,4298
00638900,BARNES JEWISH COLLEGE OF NURSING AND ALL,MO,63110-1091,Private      ,9,53,62,231,640,871
00639200,RESEARCH COLLEGE OF NURSING             ,MO,64132-1199,Proprietary  ,5,14,19,45,142,187
00639201,RESEARCH MEDICAL CENTER - COLLEGE OF NUR,MO,64132-1199,Proprietary  ,0,2,2,5,14,19
00639202,RESEARCH MED CTR SCHL OF RAD TECH       ,MO,64132-0000,Proprietary  ,0,4,4,0,4,4
00666600,LUTHERAN  SCHOOL OF NURSING             ,MO,63118-3909,Proprietary  ,12,28,40,72,291,363
00754000,MISSOURI BAPTIST UNIVERSITY             ,MO,63141-8698,Private      ,47,198,245,1209,1701,2910
00755700,ITT TECHNICAL INSTITUTE                 ,MO,63045-1122,Proprietary  ,357,821,1178,1467,3069,4536
00808000,STATE FAIR COMMUNITY COLLEGE            ,MO,65301-0000,Public       ,104,279,383,1736,1953,3689
00826900,HILLYARD TECHNICAL CENTER               ,MO,64506-0000,Public       ,5,7,12,86,147,233
00855200,PATRICIA STEVENS COLLEGE                ,MO,63102-2334,Proprietary  ,13,21,34,76,132,208
00860600,TRI-COUNTY TECHNICAL SCHOOL             ,MO,65026-0000,Public       ,3,15,18,16,51,67
00886200,EAST CENTRAL COLLEGE                    ,MO,63084-0529,Public       ,92,227,319,1599,1472,3071
00908900,HANNIBAL-LAGRANGE COLLEGE               ,MO,63401-1999,Private      ,11,35,46,782,477,1259
00952000,NATIONAL ACADEMY OF BEAUTY ARTS         ,MO,63128-1307,Proprietary  ,39,89,128,164,326,490
00959000,INDEPENDENCE COLLEGE OF COSMETOLOGY     ,MO,64055-1105,Proprietary  ,3,17,20,36,60,96
00960700,HOUSE OF HEAVILIN BEAUTY COLLEGE        ,MO,64110-2826,Proprietary  ,5,16,21,24,71,95
00978200,SAINT LUKE'S COLLEGE                    ,MO,64114-3237,Private      ,0,5,5,68,143,211
00979500,MISSOURI COLLEGE                        ,MO,63144-2901,Proprietary  ,54,170,224,302,755,1057
01014814,COLORADO TECHNL UNIV NORTH KANSAS CITY  ,MO,64116-3614,Proprietary  ,22,134,156,209,956,1165
01027900,HICKEY COLLEGE                          ,MO,63146-0000,Proprietary  ,33,25,58,347,163,510
01040500,PINNACLE CAREER INSTITUTE               ,MO,64131-3367,Proprietary  ,31,275,306,204,1344,1548
01040501,PINNACLE CAREER INSTITUTE - NORTH KANSAS,MO,64153-1151,Proprietary  ,6,42,48,22,114,136
01102600,WARRENSBURG AREA VOC TECH SCH           ,MO,64093-0000,Public       ,0,7,7,24,60,84
01173500,PIKE/LINCOLN TECHNICAL CENTER           ,MO,63344-0000,Public       ,1,4,5,29,65,94
01212000,ASSEMBLIES OF GOD THEO. SEMINARY        ,MO,65802-0000,Private      ,0,16,16,8,275,283
01250000,RANKEN TECHNICAL COLLEGE                ,MO,63113-2811,Private      ,106,190,296,1118,903,2021
01258000,ST LOUIS CHRISTIAN COLLEGE              ,MO,63033-6499,Private      ,4,22,26,130,207,337
01320800,BAPTIST BIBLE COLLEGE                   ,MO,65803-3498,Private      ,23,27,50,372,213,585
02056100,FOUR RIVERS CAREER CENTER               ,MO,63090-0000,Public       ,1,3,4,13,36,49
02066900,NICHOLS CAREER CENTER                   ,MO,65101-2814,Public       ,2,5,7,62,100,162
02068200,COX HEALTH - COX COLLEGE                ,MO,65802-0000,Private      ,10,47,57,185,517,702
02068202,COX HEALTH - RADIOLOGIC TECHNOLOGY      ,MO,65802-0000,Private      ,0,11,11,25,57,82
02068204,COX HEALTH - MEDICAL TECHNOLOGY         ,MO,65807-0000,Private      ,1,4,5,4,16,20
02073600,KENNETT CAREER & TECHNOLOGY CENTER      ,MO,63857-0000,Public       ,1,8,9,12,47,59
02090400,BOONSLICK TECHNICAL EDUCATION CTR       ,MO,65233-0000,Public       ,0,3,3,11,49,60
02121100,MIDWEST INSTITUTE                       ,MO,63122-0000,Proprietary  ,12,55,67,47,204,251
02124500,FRANKLIN TECHNOLOGY CENTER              ,MO,64801-0000,Public       ,1,19,20,82,289,371
02142200,LEX LA RAY TECHNICAL CENTER             ,MO,64067-0000,Public       ,0,5,5,23,72,95
02151000,HANNIBAL CAREER AND TECHNICAL CENTE     ,MO,63401-2285,Public       ,1,3,4,21,79,100
02164200,FOREST INST PROFESSIONAL PSYCHOLOGY     ,MO,65807-0000,Private      ,0,5,5,0,273,273
02165900,CHILLICOTHE BEAUTY ACADEMY              ,MO,64601-0000,Proprietary  ,0,3,3,10,22,32
02180200,METRO BUSINESS COLLEGE                  ,MO,63701-0000,Proprietary  ,31,117,148,191,672,863
02188100,NORTHLAND CAREER CENTER                 ,MO,64079-8333,Public       ,0,3,3,17,53,70
02202700,OZARK CHRISTIAN COLLEGE                 ,MO,64801-0000,Private      ,20,14,34,500,175,675
02203400,NEVADA REGIONAL TECHNICAL CENTER        ,MO,64772-0000,Public       ,2,6,8,17,60,77
02205200,SANFORD-BROWN COLLEGE                   ,MO,63026-7305,Proprietary  ,83,351,434,550,2389,2939
02205203,SANFORD BROWN COLLEGE-ST. PETERS        ,MO,63301-4042,Proprietary  ,43,174,217,218,1019,1237
02205205,SANFORD BROWN COLLEGE-HAZELWOOD         ,MO,63042-2708,Proprietary  ,17,140,157,138,963,1101
02214500,SALEM COLLEGE OF HAIRSTYLING            ,MO,65401-0000,Proprietary  ,1,9,10,15,40,55
02239200,ALLIED COLLEGE - NORTH                  ,MO,63043-0000,Proprietary  ,112,243,355,617,1407,2024
02239202,ALLIED COLLEGE - METRO SOUTH            ,MO,63026-0000,Proprietary  ,1,8,9,32,40,72
02242800,GIBSON TECHNICAL CENTER                 ,MO,65737-0169,Public       ,0,0,0,2,47,49
02250600,EVEREST COLLEGE                         ,MO,65807-2446,Proprietary  ,26,140,166,153,916,1069
02263106,HIGH-TECH INSTITUTE - KANSAS CITY       ,MO,64114-0000,Proprietary  ,0,4,4,21,38,59
02263400,LAKE CAREER AND TECHNICAL CENTER        ,MO,65020-0000,Public       ,3,6,9,14,18,32
02266400,CENTRAL CHRISTIAN CLG OF THE BIBLE      ,MO,65270-0000,Private      ,8,5,13,283,176,459
02277500,HOUSE OF HEAVILIN OF BLUE SPRINGS       ,MO,64014-3953,Proprietary  ,2,18,20,32,95,127
02289200,COLUMBIA AREA CAREER CENTER             ,MO,65203-0000,Public       ,1,16,17,42,148,190
02295700,MISSOURI BEAUTY ACADEMY                 ,MO,63640-1827,Proprietary  ,8,38,46,48,132,180
02300105,EVEREST COLLEGE - EARTH CITY            ,MO,63045-1100,Proprietary  ,42,273,315,160,1007,1167
02304000,MISSOURI TECH                           ,MO,63132-0000,Proprietary  ,14,31,45,49,113,162
02309100,AMERICAN COLLEGE OF HAIR DESIGN         ,MO,65301-2144,Proprietary  ,1,13,14,17,47,64
02311100,ABBOTT ACADEMY OF COSMETIC ARTS/SCI     ,MO,63376-0000,Proprietary  ,0,0,0,5,3,8
02313000,CASS CAREER CENTER                      ,MO,64701-0000,Public       ,1,6,7,9,51,60
02340500,ST LOUIS COLLEGE OF HEALTH CAREERS      ,MO,63110-0000,Proprietary  ,26,132,158,119,595,714
02340501,ST LOUIS COLLEGE OF HEALTH              ,MO,63129-0000,Proprietary  ,0,3,3,7,29,36
02342100,CAREER & TECHNOLOGY CTR AT FT OSAGE     ,MO,64058-0000,Public       ,0,3,3,9,13,22
02361600,CONCORDE CAREER COLLEGE                 ,MO,64111-0000,Proprietary  ,32,167,199,162,961,1123
02497500,CLINTON TECHNICAL SCHOOL                ,MO,64735-2966,Public       ,0,2,2,2,8,10
02520800,MERRELL UNIV OF BTY ARTS & SCIENCES     ,MO,65109-0000,Proprietary  ,8,21,29,70,136,206
02530600,SAINT CHARLES COMMUNITY COLLEGE         ,MO,63376-0975,Public       ,230,380,610,3064,2233,5297
02543800,PARIS II EDUCATIONAL CENTER (THE)       ,MO,64118-0000,Proprietary  ,9,24,33,34,89,123
02555300,PATSY AND ROB'S ACADEMY OF BEAUTY       ,MO,63074-0000,Proprietary  ,4,24,28,46,113,159
02564700,ELAINE STEVEN BEAUTY COLLEGE            ,MO,63136-0000,Proprietary  ,10,30,40,51,130,181
02564701,ELAINE STEVEN BEAUTY COLLEGE - ADVANCE B,MO,63383-2006,Proprietary  ,0,1,1,0,8,8
02564702,ELAINE STEVEN BEAUTY COLLEGE - ADVANCE B,MO,63401-2269,Proprietary  ,1,0,1,3,6,9
02568500,GRABBER SCHOOL OF HAIR DESIGN           ,MO,63011-0000,Proprietary  ,10,11,21,54,61,115
02599700,VATTEROTT COLLEGE                       ,MO,63134-2900,Proprietary  ,54,265,319,290,1369,1659
02599701,VATTEROTT COLLEGE - KANSAS CITY         ,MO,64129-1692,Proprietary  ,28,180,208,181,921,1102
02599702,VATTEROTT COLLEGE - SPRINGFIELD LOCATION,MO,65807-5340,Proprietary  ,14,103,117,134,639,773
02599703,VATTEROTT COLLEGE - JOPLIN              ,MO,64801-5033,Proprietary  ,18,93,111,94,498,592
02599705,VATTEROTT COLLEGE - SUNSET HILLS        ,MO,63127-1516,Proprietary  ,17,203,220,184,849,1033
02599712,VATTEROTT COLLEGE - O'FALLON            ,MO,63366-2748,Proprietary  ,21,64,85,105,313,418
02608000,NEOSHO BEAUTY COLLEGE                   ,MO,64850-1525,Proprietary  ,3,8,11,14,34,48
02608001,NEOSHO BEAUTY COLLEGE - CLASS ACT I COSM,MO,64801-2314,Proprietary  ,0,0,0,3,4,7
02609202,VATTEROTT COLLEGE-ST JOSEPH             ,MO,64501-2911,Proprietary  ,14,73,87,107,409,516
02609203,VATTEROTT COLLEGE - L'ECOLE CULINAIRE   ,MO,63124-1103,Proprietary  ,34,112,146,244,647,891
02611004,HERITAGE COLLEGE-KANSAS CITY            ,MO,64131-4203,Proprietary  ,43,163,206,176,579,755
03042400,LEBANON TECHNOLOGY & CAREER CENTER      ,MO,65536-3296,Public       ,3,15,18,31,113,144
03066300,BRYAN CAREER COLLEGE                    ,MO,65806-2507,Proprietary  ,4,30,34,55,213,268
03068600,NORTH COUNTY TECH SPECIAL SCH DIST      ,MO,63033-6498,Public       ,7,69,76,51,446,497
03070200,CENTRAL COLLEGE OF COSMETOLOGY          ,MO,65583-0000,Proprietary  ,3,18,21,24,85,109
03070900,SE MO HOSP CLG NURSING & HEALTH SCI     ,MO,63703-4507,Private      ,1,18,19,60,220,280
03077200,COSMETOLOGY CONCEPTS INSTITUTE          ,MO,65202-1972,Proprietary  ,10,11,21,37,54,91
03083000,OZARKS TECHNICAL COMMUNITY COLLEGE      ,MO,65802-3601,Public       ,423,1051,1474,5351,6550,11901
03092600,MESSENGER COLLEGE                       ,MO,64804-4909,Private      ,0,10,10,43,49,92
03097600,ST LOUIS HAIR ACADEMY                   ,MO,63107-1737,Proprietary  ,1,4,5,11,43,54
03101000,NEW DIMENSION SCHOOL OF HAIR DESIGN     ,MO,64801-5017,Proprietary  ,4,2,6,24,40,64
03106000,MISSOURI STATE UNIVERSITY - WEST PLAINS ,MO,65775-2715,Public       ,44,147,191,930,1011,1941
03110900,HOUSE OF HEAVILIN BEAUTY COLLEGE        ,MO,64030-1154,Proprietary  ,4,8,12,18,54,72
03166300,MOBERLY AREA TECHNICAL CENTER           ,MO,65270-1904,Public       ,1,5,6,13,14,27
03174300,HERNDON CAREER CENTER                   ,MO,64138-2695,Public       ,0,0,0,19,13,32
03519300,MISSOURI COLLEGE OF COSMETOLOGY NORTH   ,MO,65803-1235,Proprietary  ,8,29,37,92,196,288
03528300,MIDWEST UNIVERSITY                      ,MO,63385-2905,Private      ,1,4,5,3,35,38
03579300,TEXAS COUNTY TECHNICAL INSTITUTE        ,MO,65483-2700,Private      ,3,35,38,40,296,336
03616300,AVIATION INSTITUTE OF MAINTENANCE       ,MO,64129-1811,Proprietary  ,10,38,48,46,231,277
03663400,UNIVERSITY OF COSMETOLOGY               ,MO,63080-1910,Proprietary  ,2,6,8,16,27,43
03817300,ST. CHARLES SCHOOL OF MASSAGE THERAPY   ,MO,63303-5607,Proprietary  ,0,0,0,6,18,24
03878300,PROFESSIONAL MASSAGE TRAINING CENTER    ,MO,65803-2939,Proprietary  ,4,21,25,34,70,104
03916300,ECLIPS SCHOOL OF COSMETOLOGY AND BARBERI,MO,63703-5809,Proprietary  ,4,20,24,17,50,67
03924300,HAIR ACADEMY 110 (THE)                  ,MO,63501-2915,Proprietary  ,0,3,3,8,22,30
03970400,MTTI-WELLSPRING CENTER FOR NATURAL HEALT,MO,64114-3313,Proprietary  ,8,33,41,39,119,158
04037500,ACADEMY OF HAIR DESIGN                  ,MO,65804-2303,Proprietary  ,3,27,30,61,117,178
04048300,DIVAS UNLIMITED ACADEMY                 ,MO,63114-2625,Proprietary  ,1,6,7,12,27,39
04127000,PEMISCOT COUNTY SPECIAL SCHOOL DISTRICT ,MO,63851-1666,Public       ,0,2,2,7,23,30
04130600,HEALING ARTS CENTER                     ,MO,63143-2103,Proprietary  ,3,12,15,7,29,36
04133300,TREND SETTERS SCHOOL OF COSMETOLOGY     ,MO,63702-7607,Proprietary  ,4,14,18,39,59,98
00163201,AQUINAS INSTITUTE OF THEOLOGY - MINISTRY,OK,73123-0380,Private      ,0,0,0,0,6,6
00314600,WESTERN OKLAHOMA STATE COLLEGE          ,OK,73521-1397,Public       ,28,78,106,508,809,1317
00314700,BACONE COLLEGE                          ,OK,74403-1597,Private      ,22,45,67,745,695,1440
00314900,SOUTHERN NAZARENE UNIVERSITY            ,OK,73008-2694,Private      ,26,270,296,1173,1414,2587
00315000,CAMERON UNIVERSITY                      ,OK,73505-6377,Public       ,93,311,404,1746,2983,4729
00315100,OKLAHOMA WESLEYAN UNIVERSITY            ,OK,74006-6299,Private      ,10,80,90,512,760,1272
00315200,UNIV OF CENTRAL OKLAHOMA                ,OK,73034-5209,Public       ,301,455,756,7026,5967,12993
00315300,CONNORS STATE COLLEGE                   ,OK,74469-9700,Public       ,42,110,152,872,1112,1984
00315400,EAST CENTRAL UNIVERSITY                 ,OK,74820-6999,Public       ,82,205,287,2138,2414,4552
00315500,EASTERN OKLAHOMA STATE COLLEGE          ,OK,74578-4999,Public       ,46,116,162,770,1013,1783
00315600,REDLANDS COMMUNITY COLLEGE              ,OK,73036-5304,Public       ,30,109,139,602,986,1588
00315700,LANGSTON UNIVERSITY                     ,OK,73050-0000,Public       ,104,116,220,2049,1934,3983
00315800,MURRAY STATE COLLEGE                    ,OK,73460-3137,Public       ,63,193,256,1053,1554,2607
00316000,NORTHEASTERN OKLAHOMA A & M COLLEGE     ,OK,74354-6497,Public       ,49,107,156,1235,845,2080
00316100,NORTHEASTERN STATE UNIVERSITY           ,OK,74464-2399,Public       ,147,438,585,4314,5380,9694
00316200,NORTHERN OKLAHOMA COLLEGE               ,OK,74653-0310,Public       ,92,211,303,1631,1828,3459
00316300,NORTHWESTERN OKLAHOMA STATE UNIV        ,OK,73717-2799,Public       ,39,64,103,1019,839,1858
00316400,OKLAHOMA BAPTIST UNIVERSITY             ,OK,74801-2590,Private      ,51,23,74,1631,305,1936
00316500,OKLAHOMA CHRISTIAN UNIVERSITY           ,OK,73131-0000,Private      ,24,41,65,1893,583,2476
00316600,OKLAHOMA CITY UNIVERSITY                ,OK,73106-1493,Private      ,51,113,164,1938,2182,4120
00316700,UNIV OF SCIENCE & ARTS OF OKLAHOMA      ,OK,73018-5322,Public       ,24,27,51,740,457,1197
00316800,ROGERS STATE UNIVERSITY                 ,OK,74017-3252,Public       ,90,257,347,2001,2390,4391
00317000,OKLAHOMA STATE UNIVERSITY               ,OK,74078-1015,Public       ,493,428,921,12299,6266,18565
00317200,OKLAHOMA STATE UNIVERSITY-OKMULGEE      ,OK,74447-3901,Public       ,99,145,244,1387,1201,2588
00317400,OKLAHOMA PANHANDLE STATE UNIVERSITY     ,OK,73939-0000,Public       ,50,31,81,739,371,1110
00317600,CARL ALBERT STATE COLLEGE               ,OK,74953-5208,Public       ,36,211,247,1124,1703,2827
00317800,SEMINOLE STATE COLLEGE                  ,OK,74818-1902,Public       ,36,124,160,786,1045,1831
00317900,SOUTHEASTERN OKLAHOMA STATE UNIV        ,OK,74701-0609,Public       ,100,157,257,2212,1831,4043
00318000,SOUTHWESTERN CHRISTIAN UNIVERSITY       ,OK,73008-2335,Private      ,6,26,32,152,205,357
00318100,SOUTHWESTERN OKLAHOMA STATE UNIV        ,OK,73096-3098,Public       ,87,118,205,2508,1594,4102
00318101,SOUTHWESTERN OK STATE UNIV AT SAYRE     ,OK,73662-0000,Public       ,5,12,17,119,199,318
00318300,ST GREGORY'S UNIVERSITY                 ,OK,74804-2499,Private      ,11,74,85,326,409,735
00318308,SAINT GREGORY'S UNIVERSITY - IPD TULSA  ,OK,74135-2499,Private      ,0,17,17,28,152,180
00318400,UNIVERSITY OF OKLAHOMA                  ,OK,73019-4078,Public       ,464,628,1092,13846,8557,22403
00318401,UNIVERSITY OF OKLAHOMA-HLTH SCI CTR     ,OK,73190-0000,Public       ,15,129,144,399,3180,3579
00318500,UNIVERSITY OF TULSA                     ,OK,74104-3189,Private      ,81,90,171,2683,1744,4427
00398500,ORAL ROBERTS UNIVERSITY                 ,OK,74171-0001,Private      ,50,74,124,2453,1295,3748
00458305,BROWN MACKIE COLLEGE-SOUTH BEND - BROWN ,OK,74146-5234,Proprietary  ,8,52,60,8,54,62
00531100,TULSA COUNTY AREA VOC TECH SCHOOL       ,OK,74145-0000,Public       ,22,122,144,166,665,831
00531200,RED RIVER TECHNOLOGY CENTER             ,OK,73533-2700,Public       ,7,17,24,25,160,185
00533900,METRO TECHNOLOGY CENTERS SCH DIST22     ,OK,73111-0000,Public       ,15,114,129,160,891,1051
00533903,METRO TECHNOLOGY CENTERS SCH DIST22     ,OK,73129-0000,Public       ,4,39,43,50,226,276
00694200,MID-AMERICA CHRISTIAN UNIVERSITY        ,OK,73170-4504,Private      ,9,99,108,454,890,1344
00767800,SPARTAN COLLEGE OF AERONAUTICS AND TECHN,OK,74115-5800,Proprietary  ,100,114,214,1062,815,1877
00791100,VIRGILS BEAUTY COLLEGE                  ,OK,74401-6802,Proprietary  ,1,5,6,13,40,53
00834300,AUTRY TECHNOLOGY CENTER                 ,OK,73703-2598,Public       ,5,20,25,52,239,291
00861900,TRI COUNTY TECHNOLOGY CENTER            ,OK,74006-6029,Public       ,4,16,20,106,143,249
00918500,ROSE STATE COLLEGE                      ,OK,73110-2799,Public       ,135,430,565,1856,4111,5967
00920400,KIAMICHI AREA VOC TECH SCHOOL           ,OK,74578-0548,Public       ,24,122,146,260,965,1225
00920408,KIAMICHI AREA VOC TECH SCHOOL           ,OK,74953-0000,Public       ,5,4,9,33,96,129
00961800,TULSA WELDING SCHOOL                    ,OK,74104-0000,Proprietary  ,110,327,437,746,1092,1838
00964700,"OKLAHOMA STATE UNIV, OKLA CITY          ",OK,73107-6159,Public       ,137,553,690,1574,4036,5610
00970800,EVES COLLEGE OF HAIRSTYLING             ,OK,73501-4359,Proprietary  ,4,22,26,25,90,115
00976300,TULSA COMMUNITY COLLEGE                 ,OK,74135-6198,Public       ,441,1080,1521,6185,8643,14828
00996300,CADDO KIOWA VOC TECH CENTER             ,OK,73038-0000,Public       ,11,51,62,65,298,363
00996400,CENTRAL OKLAHOMA AREA VOC TECH SCH      ,OK,74030-9613,Public       ,8,19,27,53,191,244
00996500,CANADIAN VALLEY TECHNOLOGY CENTER       ,OK,73036-9117,Public       ,11,42,53,64,298,362
00996800,GORDON COOPER TECHNOLOGY CENTER         ,OK,74804-9913,Public       ,4,40,44,64,309,373
01005300,INDIAN CAPITAL TECHNOLGY CENTER #4      ,OK,74403-9907,Public       ,8,50,58,148,487,635
01026600,HILLSDALE FREE WILL BAPTIST COLLEGE     ,OK,73153-0000,Private      ,14,6,20,222,63,285
01034200,SOUTHERN OKLAHOMA TECHNOLOGY CENTER     ,OK,73401-2100,Public       ,2,37,39,76,203,279
01039100,OKLAHOMA CITY COMMUNITY COLLEGE         ,OK,73159-4444,Public       ,265,738,1003,3373,6097,9470
01071700,GREAT PLAINS TECHNOLOGY CENTER SCHOOL DI,OK,73505-8399,Public       ,6,51,57,76,350,426
01076200,WESTERN OK AREA VOC TECH SCH DIST12     ,OK,73624-1469,Public       ,1,5,6,37,91,128
01120600,PIONEER TECHNOLOGY CENTER               ,OK,74601-1106,Public       ,4,33,37,28,154,182
01128200,OKLAHOMA STATE UNV CLG OSTEOPTHC MD     ,OK,74107-0000,Public       ,2,17,19,37,510,547
01153700,MID-AMERICA TECHNOLOGY CENTER           ,OK,73095-0210,Public       ,2,4,6,25,55,80
01227200,MOORE-NORMAN TECHNOLOGY CENTER          ,OK,73069-8399,Public       ,15,75,90,134,568,702
02052700,NORTHEAST TECHNOLOGY CENTER             ,OK,74361-0487,Public       ,12,95,107,79,389,468
02060800,MERIDIAN TECHNOLOGY CENTER              ,OK,74074-0000,Public       ,13,42,55,102,230,332
02069301,VATTEROTT COLLEGE                       ,OK,73127-2103,Proprietary  ,1,83,84,41,485,526
02126500,ENID BEAUTY COLLEGE                     ,OK,73701-0000,Proprietary  ,1,13,14,15,51,66
02177900,STATE BARBER AND HAIR DESIGN CLG        ,OK,73108-0000,Proprietary  ,4,33,37,13,86,99
02184400,SAND SPRINGS BEAUTY COLLEGE             ,OK,74063-0000,Proprietary  ,7,25,32,35,115,150
02197300,HOLLYWOOD COSMETOLOGY CENTER            ,OK,73189-0000,Proprietary  ,0,6,6,6,29,35
02222700,FRANCIS TUTTLE TECHNOLOGY CENTER        ,OK,73142-0000,Public       ,21,138,159,213,939,1152
02238500,CENTRAL STATE BEAUTY ACADEMY            ,OK,73162-6007,Proprietary  ,8,28,36,50,191,241
02250900,E OK COUNTY AREA VO-TECH                ,OK,73020-0000,Public       ,2,15,17,24,69,93
02256200,"BROKEN ARROW BEAUTY COLLEGE, INC        ",OK,74012-0000,Proprietary  ,8,15,23,58,105,163
02282100,HIGH PLAINS AREA VOC-TECH               ,OK,73801-0000,Public       ,2,7,9,21,65,86
02306800,PLATT COLLEGE                           ,OK,74145-0000,Proprietary  ,64,342,406,298,1784,2082
02510300,BEAUTY TECHNICAL COLLEGE                ,OK,74465-0000,Proprietary  ,2,8,10,7,26,33
02531200,WOODWARD BEAUTY COLLEGE                 ,OK,73801-0000,Proprietary  ,0,0,0,13,16,29
02554300,AMERICAN BEAUTY INSTITUTE               ,OK,74501-0000,Proprietary  ,1,5,6,15,24,39
02556500,YUKON BEAUTY COLLEGE                    ,OK,73099-4108,Proprietary  ,1,7,8,9,25,34
02560200,PHILLIPS THEOLOGICAL SEMINARY -         ,OK,74116-5612,Private      ,0,7,7,2,93,95
02581100,CLAREMORE BEAUTY COLLEGE                ,OK,74017-7034,Proprietary  ,2,1,3,9,12,21
02581200,CC'S COSMETOLOGY COLLEGE                ,OK,74129-0000,Proprietary  ,0,34,34,5,173,178
02591101,CAREER POINT INSTITUTE                  ,OK,74146-0000,Proprietary  ,0,14,14,10,59,69
02596501,ATI-CAREER TRAINING CENTER - OKLAHOMA CI,OK,73107-2442,Proprietary  ,0,10,10,4,33,37
02597400,PONTOTOC TECHNOLOGY CENTER SCHOOL       ,OK,74820-8621,Public       ,7,21,28,42,161,203
02599706,VATTEROTT COLLEGE - TULSA               ,OK,74146-2205,Proprietary  ,7,64,71,49,308,357
02600000,NORTHWEST TECHNOLOG CTR SCH DIST 10     ,OK,73717-9600,Public       ,1,5,6,20,44,64
02600500,WES WATKINS TECHNOLOGY CENTER           ,OK,74883-9660,Public       ,3,27,30,40,162,202
03008700,SOUTHWEST TECHNOLOGY CENTER             ,OK,73521-1527,Public       ,1,14,15,26,105,131
03010300,POTEAU BEAUTY COLLEGE                   ,OK,74953-5400,Proprietary  ,1,20,21,31,95,126
03024700,STILLWATER BEAUTY ACADEMY               ,OK,74075-3467,Proprietary  ,2,7,9,16,27,43
03030700,OKLAHOMA SCHOOL OF PHOTOGRAPHY          ,OK,73160-3320,Proprietary  ,5,10,15,18,39,57
03030800,AMERICAN BROADCASTING SCHOOL            ,OK,73115-3334,Proprietary  ,10,51,61,50,211,261
03051100,CHISHOLM TRAIL TECHNOLOGY CENTER        ,OK,73764-9720,Public       ,1,14,15,11,54,65
03078500,TECH INST OF COSMETOLOGY ARTS & SCI     ,OK,74120-3610,Proprietary  ,2,8,10,10,45,55
03089400,SCHOOL OF HAIR DESIGN                   ,OK,74745-3447,Proprietary  ,0,0,0,5,19,24
03103800,SOUTHERN SCHOOL OF BEAUTY               ,OK,74701-5008,Proprietary  ,0,9,9,13,40,53
03109800,PONCA CITY BEAUTY COLLEGE               ,OK,74601-4201,Proprietary  ,0,2,2,0,14,14
03109801,BARTLESVILLE BEAUTY COLLEGE             ,OK,74003-2835,Proprietary  ,2,2,4,7,14,21
03115100,HERITAGE COLLEGE                        ,OK,73119-0000,Proprietary  ,49,201,250,206,858,1064
03124800,PLATT COLLEGE                           ,OK,73501-3808,Proprietary  ,8,43,51,48,207,255
03126200,GREEN COUNTRY AREA VOC TECH SCHOOL      ,OK,74447-1217,Public       ,2,11,13,30,80,110
03198400,MID-DEL AREA VOCATIONAL & TECH SCH      ,OK,73110-4825,Public       ,2,5,7,13,55,68
03329400,PRYOR BEAUTY COLLEGE                    ,OK,74361-0000,Proprietary  ,0,7,7,3,21,24
03329401,PRYOR BEAUTY COLLEGE - GROVE BEAUTY COLL,OK,74345-0009,Proprietary  ,1,2,3,9,19,28
03329402,PRYOR BEAUTY COLLEGE - NORTH EAST OKLAHO,OK,74338-0000,Proprietary  ,2,4,6,4,20,24
03367400,COMMUNITY CARE COLLEGE                  ,OK,74145-6420,Proprietary  ,54,254,308,297,1079,1376
03396300,OKLAHOMA HEALTH ACADEMY                 ,OK,74105-6220,Proprietary  ,7,35,42,33,153,186
03396400,OKLAHOMA HEALTH ACADEMY                 ,OK,73160-3667,Proprietary  ,6,45,51,32,194,226
03453400,SHAWNEE BEAUTY COLLEGE                  ,OK,74801-7014,Proprietary  ,0,9,9,11,34,45
03676300,FAMILY OF FAITH COLLEGE                 ,OK,74802-1805,Private      ,1,4,5,8,10,18
03831300,INSTITUTE OF HAIR DESIGN                ,OK,74804-0000,Proprietary  ,0,13,13,10,38,48
03928300,CENTRAL STATE MASSAGE ACADEMY           ,OK,73162-6007,Proprietary  ,3,19,22,16,105,121
04027300,4-STATES ACADEMY OF COSMETOLOGY         ,OK,74354-0000,Proprietary  ,1,10,11,9,38,47
04060300,AMERICAN INSTITUTE OF MEDICAL TECHNOLOGY,OK,74136-5700,Proprietary  ,2,16,18,16,71,87
04062300,OKLAHOMA TECHNOLOGY INSTITUTE           ,OK,73114-6318,Proprietary  ,0,9,9,19,62,81
04121300,4-STATES OKMULGEE ACADEMY OF COSMETOLOGY,OK,74447-0000,Proprietary  ,5,4,9,13,27,40
04133600,CUTTER'S EDGE SCHOOL OF COSMETOLOGY     ,OK,74023-2905,Proprietary  ,0,2,2,2,10,12
00163700,BETHANY THEOLOGICAL SEMINARY            ,IN,47374-0000,Private      ,0,3,3,1,26,27
00178400,ANCILLA COLLEGE-FINANCIAL AID OFFC      ,IN,46513-0001,Private      ,6,45,51,448,427,875
00178500,ANDERSON UNIVERSITY                     ,IN,46012-3495,Private      ,39,77,116,2729,888,3617
00178600,BALL STATE UNIVERSITY                   ,IN,47306-0880,Public       ,239,326,565,18325,7466,25791
00178700,BETHEL COLLEGE INC                      ,IN,46545-5591,Private      ,13,97,110,1432,1197,2629
00178800,BUTLER UNIVERSITY                       ,IN,46208-3487,Private      ,48,62,110,5560,1180,6740
00178900,CHRISTIAN THEOLOGICAL SEMINARY          ,IN,46208-0000,Private      ,0,16,16,5,223,228
00179200,DEPAUW UNIVERSITY                       ,IN,46135-0037,Private      ,45,2,47,2811,54,2865
00179300,EARLHAM COLLEGE                         ,IN,47374-4095,Private      ,18,6,24,1546,130,1676
00179301,EARLHAM SCHOOL OF RELIGION              ,IN,47374-0000,Private      ,0,3,3,20,56,76
00179500,UNIVERSITY OF EVANSVILLE                ,IN,47722-0002,Private      ,30,29,59,3477,509,3986
00179800,FRANKLIN COLLEGE OF INDIANA             ,IN,46131-2623,Private      ,18,6,24,1721,128,1849
00179900,GOSHEN COLLEGE                          ,IN,46526-4794,Private      ,10,38,48,960,321,1281
00180000,GRACE COLLEGE & THEO SEMINARY           ,IN,46590-1224,Private      ,10,15,25,1433,682,2115
00180100,HANOVER COLLEGE                         ,IN,47243-0108,Private      ,16,0,16,1597,44,1641
00180300,HUNTINGTON UNIVERSITY                   ,IN,46750-1299,Private      ,12,14,26,1255,270,1525
00180400,UNIVERSITY OF INDIANAPOLIS              ,IN,46227-3697,Private      ,56,163,219,4528,2682,7210
00180500,INDIANA INSTITUTE OF TECHNOLOGY         ,IN,46803-1297,Private      ,25,240,265,1401,2470,3871
00180700,INDIANA STATE UNIVERSITY                ,IN,47809-2501,Public       ,138,293,431,8204,5287,13491
00180800,UNIVERSITY OF SOUTHERN INDIANA          ,IN,47712-3596,Public       ,131,190,321,7890,2843,10733
00180900,INDIANA UNIVERSITY-BLOOMINGTON          ,IN,47405-1223,Public       ,369,379,748,27949,9929,37878
00181100,INDIANA UNIV-EAST                       ,IN,47374-1289,Public       ,44,147,191,1061,1671,2732
00181300,INDIANA UNIV-PURDUE UNIV INDPLS         ,IN,46202-5145,Public       ,358,1004,1362,14014,17428,31442
00181301,INDIANA UNIVERSITY - PURDUE UNIVERSITY I,IN,47203-1769,Public       ,29,103,132,1069,1161,2230
00181400,INDIANA UNIV KOKOMO                     ,IN,46902-3557,Public       ,41,134,175,1371,1620,2991
00181500,INDIANA UNIV-NORTHWEST                  ,IN,46408-1197,Public       ,82,262,344,2338,3568,5906
00181600,INDIANA UNIVERSITY - SOUTH BEND         ,IN,46615-0000,Public       ,134,359,493,3703,4210,7913
00181700,INDIANA UNIVERSITY-SOUTHEAST            ,IN,47150-6405,Public       ,113,286,399,3323,3216,6539
00182000,MANCHESTER COLLEGE                      ,IN,46962-1276,Private      ,18,7,25,2079,107,2186
00182100,MARIAN COLLEGE  (INDIANAPOLIS)          ,IN,46222-1997,Private      ,29,87,116,1794,1526,3320
00182200,INDIANA WESLEYAN UNIVERSITY             ,IN,46953-4974,Private      ,54,1560,1614,3869,11157,15026
00182300,ASSOCIATED MENNONITE BIBLICAL SEM       ,IN,46517-1999,Private      ,0,1,1,1,83,84
00182400,OAKLAND CITY UNIVERSITY                 ,IN,47660-1099,Private      ,4,41,45,694,1946,2640
00182500,PURDUE UNIVERSITY                       ,IN,47907-2050,Public       ,335,310,645,29665,6370,36035
00182600,PURDUE UNIV NORTH CENTRAL CAMPUS        ,IN,46391-9528,Public       ,77,161,238,2186,2394,4580
00182700,PURDUE UNIV CALUMET                     ,IN,46323-2094,Public       ,174,313,487,4993,4634,9627
00182800,INDIANA UNIV-PURDUE UNIV FORT WAYNE     ,IN,46805-1499,Public       ,182,461,643,7523,6371,13894
00183000,ROSE HULMAN INSTITUTE OF TECHNOLOGY     ,IN,47803-3999,Private      ,16,2,18,2817,75,2892
00183200,UNIVERSITY OF SAINT FRANCIS             ,IN,46808-3994,Private      ,24,96,120,2039,1458,3497
00183300,ST JOSEPH'S COLLEGE                     ,IN,47978-0000,Private      ,5,3,8,1267,118,1385
00183400,CALUMET COLLEGE OF SAINT JOSEPH         ,IN,46394-2195,Private      ,17,88,105,440,809,1249
00183500,SAINT MARY-OF-THE-WOODS COLLEGE         ,IN,47876-0067,Private      ,8,100,108,427,1266,1693
00183600,ST MARY'S COLLEGE                       ,IN,46556-5007,Private      ,13,1,14,1750,49,1799
00183800,TAYLOR UNIVERSITY                       ,IN,46989-1001,Private      ,20,6,26,2217,171,2388
00183801,TAYLOR UNIVERSITY - FORT WAYNE          ,IN,46807-0000,Private      ,9,14,23,551,281,832
00183900,TRINE UNIVERSITY                        ,IN,46703-1764,Private      ,13,36,49,2193,627,2820
00184000,UNIVERSITY OF NOTRE DAME                ,IN,46556-5602,Private      ,111,105,216,11388,3051,14439
00184200,VALPARAISO UNIVERSITY                   ,IN,46383-6493,Private      ,40,57,97,3948,1963,5911
00184300,VINCENNES UNIVERSITY                    ,IN,47591-1523,Public       ,154,296,450,5246,2972,8218
00184400,WABASH COLLEGE                          ,IN,47933-0352,Private      ,20,2,22,1156,34,1190
00224905,DAVENPORT UNIVERSITY-MERRILLVILLE       ,IN,46410-0000,Private      ,3,18,21,64,433,497
00420300,GOOD SAMARITAN HOSP RADIOGRAPHY PRG     ,IN,47591-0000,Public       ,1,1,2,10,8,18
00457900,INTERNATIONAL BUSINESS COLLEGE          ,IN,46804-0000,Proprietary  ,13,15,28,655,243,898
00457901,INTERNATIONAL BUSINESS COLLEGE          ,IN,46256-0000,Proprietary  ,4,11,15,423,132,555
00458300,BROWN MACKIE COLLEGE-SOUTH BEND         ,IN,46617-3123,Proprietary  ,127,630,757,705,3653,4358
00458301,BROWN MACKIE COLLEGE-SOUTH BEND - BROWN ,IN,46805-0000,Proprietary  ,2,24,26,5,31,36
00512730,BROWN MACKIE COLLEGE-MERRILLVILLE       ,IN,46410-0000,Proprietary  ,6,45,51,260,1364,1624
00512731,BROWN MACKIE COLLEGE-CINCINNATI - BROWN ,IN,46360-4362,Proprietary  ,0,3,3,1,13,14
00625700,SAINT ELIZABETH SCHOOL OF NURSING       ,IN,47904-2198,Private      ,5,9,14,135,207,342
00726300,HOLY CROSS COLLEGE                      ,IN,46556-0308,Private      ,8,9,17,556,83,639
00727600,SAINT MEINRAD SCHOOL OF THEOLOGY        ,IN,47577-1002,Private      ,0,12,12,5,112,117
00732700,ITT TECHNICAL INSTITUTE                 ,IN,47630-7430,Proprietary  ,467,1017,1484,1882,3612,5494
00732900,ITT TECHNICAL INSTITUTE                 ,IN,46268-1119,Proprietary  ,517,1974,2491,2194,7330,9524
00736200,MEDTECH COLLEGE                         ,IN,46250-3970,Proprietary  ,19,140,159,89,837,926
00736201,STUART SCHOOL OF BUSINESS ADMINISTRATION,IN,46250-2876,Proprietary  ,0,0,0,7,83,90
00736202,MEDTECH COLLEGE - STUART SCHOOL OF BUSIN,IN,46143-6478,Proprietary  ,15,88,103,59,420,479
00736204,MEDTECH COLLEGE - THE STUART SCHOOL     ,IN,46804-2209,Proprietary  ,3,36,39,8,74,82
00793800,LINCOLN COLLEGE OF TECHNOLOGY           ,IN,46202-0000,Proprietary  ,160,214,374,2009,935,2944
00832900,ITT TECHNICAL INSTITUTE                 ,IN,46825-2393,Proprietary  ,350,842,1192,1639,3311,4950
00842300,IVY TECH COMMUNITY COLLEGE OF INDIANA - ,IN,46601-3892,Public       ,156,965,1121,1937,5803,7740
00854600,NOT FOR STUDENT USE                     ,IN,46208-4700,Public       ,1,19,20,1085,1654,2739
00854700,IVY TECH COMMUNITY COLLEGE OF INDIANA - ,IN,47802-4898,Public       ,96,438,534,1808,4117,5925
00951500,J MICHAEL HARROLD BEAUTY ACADEMY        ,IN,47807-3390,Proprietary  ,5,7,12,22,39,61
00961200,"APEX SCHOOL OF BEAUTY CULTURE, INC      ",IN,46016-0000,Proprietary  ,1,6,7,14,22,36
00961300,MERRILLVILLE BEAUTY COLLEGE             ,IN,46410-3401,Proprietary  ,5,21,26,33,94,127
00967300,RUDAE'S SCHOOL OF BEAUTY CULTURE        ,IN,46825-5444,Proprietary  ,19,36,55,70,144,214
00967301,RUDAE'S SCHOOL OF BEAUTY CULTURE - FORT ,IN,46825-5444,Proprietary  ,0,5,5,24,31,55
00977700,KAPLAN COLLEGE                          ,IN,46278-1736,Proprietary  ,79,396,475,399,1496,1895
00977701,KAPLAN COLLEGE - ADDITIONAL CLASSROOM   ,IN,46278-1734,Proprietary  ,0,0,0,5,29,34
00977702,KAPLAN COLLEGE - TEMPORARY FACILITY EXPA,IN,46268-4111,Proprietary  ,2,13,15,3,36,39
00991700,IVY TECH COMMUNITY COLLEGE OF INDIANA - ,IN,46208-1763,Public       ,516,1762,2278,5812,11904,17716
00992300,IVY TECH COMMUNITY COLLEGE OF INDIANA - ,IN,47250-1881,Public       ,58,247,305,757,1773,2530
00992400,IVY TECH COMMUNITY COLLEGE OF INDIANA - ,IN,47302-9448,Public       ,167,761,928,2651,5513,8164
00992500,IVY TECH COMMUNITY COLLEGE OF INDIANA - ,IN,47710-3398,Public       ,134,527,661,1796,3712,5508
00992600,IVY TECH COMMUNITY COLLEGE OF INDIANA- R,IN,46805-1489,Public       ,203,983,1186,3294,7215,10509
01003700,IVY TECH STATE COLLEGE - REGION 9       ,IN,47374-1220,Public       ,54,408,462,810,2690,3500
01003800,IVY TECH COMMUNITY COLLEGE OF INDIANA - ,IN,47203-1868,Public       ,82,367,449,1118,2642,3760
01003900,IVY TECH COMMUNITY COLLEGE OF INDIANA - ,IN,47903-6299,Public       ,161,524,685,2541,3890,6431
01004000,IVY TECH COMMUNITY COLLEGE OF INDIANA - ,IN,46409-1303,Public       ,141,698,839,1869,5332,7201
01004100,IVY TECH STATE COLLEGE - REGION 5       ,IN,46903-1373,Public       ,77,557,634,1225,3740,4965
01010900,IVY TECH COMMUNITY COLLEGE OF INDIANA - ,IN,47172-1897,Public       ,81,321,402,1040,2507,3547
01015100,VINCENNES BEAUTY COLLEGE                ,IN,47591-1297,Proprietary  ,2,5,7,29,47,76
01040900,LAFAYETTE BEAUTY ACADEMY                ,IN,47901-1149,Proprietary  ,3,17,20,37,67,104
01061800,MID-AMERICA CLG FUNERAL SERVICE         ,IN,47130-9990,Private      ,2,9,11,43,77,120
01150500,CREATIVE HAIR STYLING ACADEMY           ,IN,46322-1554,Proprietary  ,6,7,13,46,68,114
02084800,RAVENSCROFT BEAUTY COLLEGE              ,IN,46815-0000,Proprietary  ,8,46,54,43,144,187
02087600,CONCORDIA THEOLOGICAL SEMINARY          ,IN,46825-0000,Private      ,1,7,8,3,263,266
02100402,EVEREST INSTITUTE - EVEREST COLLEGE     ,IN,46410-5683,Proprietary  ,43,176,219,229,1031,1260
02118900,EVANSVILLE TRI STATE BEAUTY COLLEGE     ,IN,47715-0000,Proprietary  ,0,0,0,15,16,31
02140800,MARTIN UNIVERSITY                       ,IN,46218-0000,Private      ,16,97,113,147,1169,1316
02158400,HARRISON COLLEGE                        ,IN,46204-2611,Proprietary  ,80,375,455,617,2563,3180
02158401,HARRISON COLLEGE - COLUMBUS             ,IN,47203-1843,Proprietary  ,8,39,47,88,364,452
02158402,HARRISON COLLEGE - LAFAYETTE            ,IN,47905-4859,Proprietary  ,11,43,54,128,429,557
02158404,HARRISON COLLEGE - MARION               ,IN,46952-0000,Proprietary  ,5,28,33,47,197,244
02158405,HARRISON COLLEGE - TERRE HAUTE          ,IN,47802-0000,Proprietary  ,8,61,69,78,424,502
02158407,HARRISON COLLEGE - ANDERSON             ,IN,46013-0000,Proprietary  ,10,43,53,93,350,443
02158409,HARRISON COLLEGE - EVANSVILLE           ,IN,47715-3901,Proprietary  ,4,33,37,112,413,525
02158410,HARRISON COLLEGE - EAST                 ,IN,46239-8903,Proprietary  ,11,137,148,184,860,1044
02158412,HARRISON COLLEGE - FORT WAYNE           ,IN,46825-0000,Proprietary  ,18,85,103,218,753,971
02158413,HARRISON COLLEGE - NORTHWEST            ,IN,46278-0000,Proprietary  ,11,41,52,164,375,539
02158800,DON ROBERTS BEAUTY SCHOOLS              ,IN,46383-0000,Proprietary  ,0,5,5,17,27,44
02164300,DON ROBERTS SCHOOL OF HAIR DESIGN       ,IN,46375-9999,Proprietary  ,1,7,8,22,64,86
02201800,KAPLAN COLLEGE                          ,IN,46410-0000,Proprietary  ,10,80,90,119,607,726
02201802,KAPLAN COLLEGE - HAMMOND                ,IN,46324-3347,Proprietary  ,26,148,174,184,854,1038
02241700,PJ'S COLLEGE OF COSMETOLOGY             ,IN,47129-0000,Proprietary  ,8,37,45,34,122,156
02302700,J EVERETT LIGHT CAREER CENTER           ,IN,46240-0000,Public       ,7,29,36,32,177,209
02304800,PJ'S COLLEGE OF COSMETOLOGY             ,IN,47374-0000,Proprietary  ,1,9,10,16,42,58
02308900,MASTER'S OF COSMETOLOGY COLLEGE         ,IN,46809-0000,Proprietary  ,6,11,17,52,54,106
02339600,ROGER'S ACADEMY OF HAIR DESIGN          ,IN,47712-0000,Proprietary  ,11,30,41,78,148,226
02345200,EMPIRE BEAUTY SCHOOL                    ,IN,46237-0000,Proprietary  ,14,52,66,98,243,341
02351300,KNOX BEAUTY COLLEGE                     ,IN,46534-0000,Proprietary  ,0,0,0,6,17,23
02490500,HAIR FASHIONS BY KAYE BEAUTY CLG        ,IN,46250-0000,Proprietary  ,1,6,7,24,57,81
02490800,HAIR FASHIONS BY KAYE BEAUTY CLG        ,IN,46060-0000,Proprietary  ,11,25,36,44,188,232
02607000,HAIR ARTS ACADEMY                       ,IN,47404-3581,Proprietary  ,4,8,12,22,49,71
02615800,COLLEGE OF COURT REPORTING              ,IN,46342-5969,Proprietary  ,1,28,29,20,326,346
02616203,BROWN MACKIE COLLEGE-FINDLAY - INDIANAPO,IN,46204-1017,Proprietary  ,19,191,210,121,815,936
03009700,HARRISON COLLEGE                        ,IN,47303-6413,Proprietary  ,6,36,42,101,386,487
03009701,HARRISON COLLEGE - MUNCIE - ELKHART     ,IN,46516-9795,Proprietary  ,16,57,73,82,300,382
03084601,THE ART INSTITUTE OF INDIANAPOLIS       ,IN,46268-1170,Proprietary  ,78,124,202,948,860,1808
03100600,MARION COMM TUCKER AREA VOC SCHOOL      ,IN,46952-3831,Public       ,3,8,11,50,110,160
03176300,AMERICAN TRANS AIR AVIATION ACADEMY     ,IN,46241-1445,Proprietary  ,2,39,41,44,218,262
03262300,DAVID DEMUTH INSTITUTE OF COSM          ,IN,47374-4101,Proprietary  ,0,8,8,23,36,59
03456700,CROSSROADS BIBLE COLLEGE                ,IN,46219-4912,Private      ,0,18,18,57,204,261
03521300,IVY TECH COMMUNITY COLLEGE OF INDIANA - ,IN,47404-9772,Public       ,147,407,554,2557,3496,6053
03538300,ALEXANDRIA SCH OF SCIENTIFIC THERAP     ,IN,46001-0287,Proprietary  ,1,2,3,24,52,76
04038700,IDEAL BEAUTY ACADEMY                    ,IN,47130-4215,Proprietary  ,2,12,14,12,52,64
04100300,SUCCESS SCHOOLS                         ,IN,46410-5310,Proprietary  ,5,24,29,24,101,125
04119700,MOLER HAIRSTYLING COLLEGE               ,IN,46406-1745,Proprietary  ,1,17,18,4,51,55
04121000,TECHSKILLS - INDIANAPOLIS               ,IN,46240-4302,Proprietary  ,3,41,44,11,141,152
04130900,HONORS BEAUTY COLLEGE                   ,IN,46256-3317,Proprietary  ,4,19,23,51,135,186
00163203,AQUINAS INSTITUTE OF THEOLOGY - MINISTRY,KS,66109-3718,Private      ,0,2,2,0,4,4
00190100,ALLEN COUNTY COMMUNITY COLLEGE          ,KS,66749-1607,Public       ,53,157,210,814,1020,1834
00190200,COWLEY COUNTY COMMUNITY COLLEGE & AREA V,KS,67005-2662,Public       ,83,222,305,1393,1926,3319
00190300,BAKER UNIVERSITY                        ,KS,66006-0065,Private      ,28,393,421,1461,2468,3929
00190400,BETHANY COLLEGE                         ,KS,67456-1897,Private      ,15,6,21,796,107,903
00190500,BETHEL COLLEGE                          ,KS,67117-0531,Private      ,6,6,12,506,136,642
00190600,BUTLER COUNTY COMMUNITY COLLEGE         ,KS,67042-3280,Public       ,179,459,638,2904,3421,6325
00190700,CENTRAL BAPTIST THEOLOGY SEMINARY       ,KS,66226-3513,Private      ,0,3,3,0,31,31
00190800,CENTRAL CHRISTIAN COLLEGE OF KANSAS     ,KS,67460-5799,Private      ,5,8,13,440,62,502
00190900,CLOUD COUNTY COMMUNITY COLLEGE          ,KS,66901-1002,Public       ,25,92,117,679,740,1419
00191000,COFFEYVILLE COMMUNITY COLLEGE           ,KS,67337-5064,Public       ,66,60,126,917,349,1266
00191100,COLBY COMMUNITY COLLEGE                 ,KS,67701-4099,Public       ,22,20,42,577,304,881
00191300,DODGE CITY COMMUNITY COLLEGE            ,KS,67801-2399,Public       ,41,52,93,480,359,839
00191400,DONNELLY COLLEGE                        ,KS,66102-4298,Private      ,20,108,128,200,617,817
00191500,FORT HAYS STATE UNIVERSITY              ,KS,67601-4099,Public       ,72,290,362,3231,3313,6544
00191600,FORT SCOTT COMMUNITY COLLEGE            ,KS,66701-3199,Public       ,53,111,164,1064,678,1742
00191700,BARCLAY COLLEGE                         ,KS,67059-0288,Private      ,3,3,6,106,57,163
00191800,FRIENDS UNIVERSITY                      ,KS,67213-3397,Private      ,23,197,220,1192,2454,3646
00191900,GARDEN CITY COMMUNITY COLLEGE           ,KS,67846-6398,Public       ,38,55,93,766,489,1255
00192000,HESSTON COLLEGE                         ,KS,67062-2093,Private      ,7,10,17,432,159,591
00192100,HIGHLAND COMMUNITY COLLEGE              ,KS,66035-4062,Public       ,60,124,184,1070,821,1891
00192114,HIGHLAND COMMUNITY COLLEGE - NOTHEAST KA,KS,66002-1513,Public       ,3,10,13,71,129,200
00192300,HUTCHINSON COMMUNITY COLLEGE            ,KS,67501-5894,Public       ,71,209,280,1672,1661,3333
00192400,INDEPENDENCE COMMUNITY COLLEGE          ,KS,67301-0000,Public       ,31,54,85,440,267,707
00192500,KANSAS CITY KANSAS COMMUNITY CLG        ,KS,66112-9978,Public       ,109,363,472,1368,2954,4322
00192502,"KANSAS CITY KS AREA TECH SCHOOL, KS     ",KS,66104-0000,Public       ,15,40,55,139,329,468
00192600,PITTSBURG STATE UNIVERSITY              ,KS,66762-7500,Public       ,97,192,289,4204,2339,6543
00192700,EMPORIA STATE UNIVERSITY                ,KS,66801-5087,Public       ,78,160,238,3247,2484,5731
00192800,KANSAS STATE UNIVERSITY                 ,KS,66506-1104,Public       ,268,306,574,13963,5209,19172
00192900,KANSAS WESLEYAN UNIVERSITY              ,KS,67401-6196,Private      ,18,20,38,839,364,1203
00193000,LABETTE COMMUNITY COLLEGE               ,KS,67357-4299,Public       ,32,85,117,530,661,1191
00193100,MANHATTAN CHRISTIAN COLLEGE             ,KS,66502-4081,Private      ,7,14,21,335,117,452
00193300,MCPHERSON COLLEGE                       ,KS,67460-3899,Private      ,8,13,21,654,136,790
00193600,NEOSHO COUNTY COMMUNITY COLLEGE         ,KS,66720-2699,Public       ,27,90,117,556,656,1212
00193700,OTTAWA UNIVERSITY                       ,KS,66067-3399,Private      ,32,363,395,1026,2122,3148
00193800,PRATT COMMUNITY COLLEGE                 ,KS,67124-8432,Public       ,18,55,73,507,403,910
00193900,NEWMAN UNIVERSITY                       ,KS,67213-2084,Private      ,27,68,95,865,1171,2036
00194000,SOUTHWESTERN COLLEGE                    ,KS,67156-2499,Private      ,11,109,120,666,1029,1695
00194300,UNIVERSITY OF ST MARY                   ,KS,66048-5023,Private      ,17,57,74,548,519,1067
00194500,STERLING COLLEGE                        ,KS,67579-1533,Private      ,14,19,33,816,156,972
00194600,TABOR COLLEGE                           ,KS,67063-1799,Private      ,16,29,45,663,153,816
00194800,UNIVERSITY OF KANSAS                    ,KS,66045-7535,Public       ,380,357,737,14738,8595,23333
00194900,WASHBURN UNIVERSITY                     ,KS,66621-1110,Public       ,94,258,352,2999,3981,6980
00195000,WICHITA STATE UNIVERSITY                ,KS,67208-0001,Public       ,190,504,694,5864,6523,12387
00460800,BARTON COUNTY COMMUNITY COLLEGE         ,KS,67530-9283,Public       ,36,120,156,709,1007,1716
00526400,FLINT HILLS TECHNICAL COLLEGE           ,KS,66801-5999,Public       ,10,29,39,181,311,492
00526500,NORTH CENTRAL KANSAS TECH COLG          ,KS,67420-0000,Public       ,16,17,33,323,188,511
00526700,NORTHWEST KANSAS TECHNICAL SCHOOL       ,KS,67735-3441,Public       ,9,7,16,198,92,290
00549800,WICHITA AREA TECHNICAL COLLEGE          ,KS,67211-2099,Public       ,57,225,282,391,1319,1710
00549900,SALINA AREA TECHNICAL COLLEGE           ,KS,67401-8195,Public       ,9,12,21,146,114,260
00550000,MANHATTAN AREA TECHNICAL COLLEGE        ,KS,66503-2499,Public       ,17,28,45,249,287,536
00675500,BROWN MACKIE COLLEGE (THE)              ,KS,67401-7307,Proprietary  ,45,209,254,264,1151,1415
00703200,MID AMERICA NAZARENE UNIVERSITY         ,KS,66062-1899,Private      ,16,76,92,1009,837,1846
00817200,SOUTHWEST KANSAS TECHNICAL SCHOOL       ,KS,67905-2013,Public       ,0,0,0,40,15,55
00822800,SEWARD CO COMM CO/AREA TECHNICAL SCHOOL ,KS,67905-0000,Public       ,29,40,69,369,331,700
00824400,JOHNSON COUNTY COMMUNITY COLLEGE        ,KS,66210-1299,Public       ,299,733,1032,4211,5072,9283
00833200,B-STREET DESIGN SCHOOL OF INTERNATIONAL ,KS,66502-6082,Proprietary  ,4,16,20,25,67,92
00868200,ACADEMY OF HAIR DESIGN                  ,KS,67401-2803,Proprietary  ,6,6,12,25,36,61
01025600,BENEDICTINE COLLEGE                     ,KS,66002-1499,Private      ,14,8,22,1737,137,1874
01043800,HASKELL INDIAN NATIONS UNIVERSITY       ,KS,66046-4800,Public       ,65,64,129,788,593,1381
01050300,WICHITA TECHNICAL INSTITUTE             ,KS,67213-1927,Proprietary  ,52,307,359,303,1811,2114
01068900,KAW AREA TECHNICAL SCHOOL               ,KS,66604-2199,Public       ,18,63,81,157,368,525
02090700,CLEVELAND CHIROPRACTIC COLLEGE          ,KS,66210-1613,Private      ,1,19,20,53,571,624
02134800,OLD TOWN BARBER AND BEAUTY COLLEGE      ,KS,67211-0000,Proprietary  ,2,16,18,17,78,95
02196400,CAPITOL CITY HAIR DESIGN COLLEGE        ,KS,66102-0000,Proprietary  ,2,36,38,28,161,189
02257700,HAYS ACADEMY OF HAIR DESIGN             ,KS,67601-0000,Proprietary  ,3,6,9,33,45,78
02303500,AMERICAN INSTITUTE OF BAKING            ,KS,66502-0000,Private      ,0,1,1,6,11,17
02340700,LABARON HAIRDRESSING ACADEMY            ,KS,66204-0000,Proprietary  ,0,15,15,14,53,67
02590900,WRIGHT CAREER COLLEGE                   ,KS,66212-0000,Private      ,70,402,472,204,1615,1819
02599709,VATTEROTT COLLEGE - WICHITA             ,KS,67226-1304,Proprietary  ,10,99,109,61,418,479
02603100,XENON INTERNATIONAL ACADEMY             ,KS,67203-5428,Proprietary  ,21,38,59,137,160,297
02606300,VERNON'S KANSAS SCHOOL OF COSMETOLOGY   ,KS,67217-2803,Proprietary  ,2,11,13,17,51,68
02611005,HERITAGE COLLEGE - WICHITA              ,KS,67210-1879,Proprietary  ,31,172,203,119,512,631
02613000,PINNACLE CAREER INSTITUTE               ,KS,66046-2703,Proprietary  ,6,51,57,54,239,293
03031300,XENON INTERNATIONAL ACADEMY IV          ,KS,66061-3765,Proprietary  ,3,6,9,34,64,98
03066200,BRYAN COLLEGE                           ,KS,66604-2496,Proprietary  ,8,38,46,50,253,303
03450300,B-STREET DESIGN SCHOOL OF INTERNATIONAL ,KS,66611-2373,Proprietary  ,9,21,30,36,87,123
03450301,B-STREET DESIGN SCHOOL OF INTERNATIONAL ,KS,67207-5148,Proprietary  ,2,17,19,28,65,93
03450302,B-STREET DESIGN SCHOOL OF INTERNATIONAL ,KS,66212-5451,Proprietary  ,6,13,19,53,96,149
03529300,SIDNEY'S HAIRDRESSING COLLEGE           ,KS,67501-7094,Proprietary  ,1,18,19,27,55,82
03862300,BMSI INSTITUTE                          ,KS,66212-3388,Proprietary  ,0,4,4,1,11,12
04132900,Z HAIR ACADEMY                          ,KS,66046-4040,Proprietary  ,3,9,12,13,29,42
00203300,UNIVERSITY OF MAINE-PRESQUE ISLE        ,ME,04769-2888,Public       ,22,36,58,704,428,1132
00203500,BANGOR THEOLOGICAL SEMINARY             ,ME,04402-0411,Private      ,0,9,9,1,87,88
00203600,BATES COLLEGE                           ,ME,04240-6028,Private      ,26,3,29,2721,42,2763
00203800,BOWDOIN COLLEGE                         ,ME,04011-8451,Private      ,52,2,54,3448,49,3497
00203900,COLBY COLLEGE                           ,ME,04901-8841,Private      ,31,4,35,2704,39,2743
00204000,UNIVERSITY OF MAINE-FARMINGTON          ,ME,04938-1990,Public       ,31,21,52,2637,405,3042
00204100,UNIVERSITY OF MAINE-FORT KENT           ,ME,04743-1292,Public       ,18,15,33,478,276,754
00204300,HUSSON UNIVERSITY                       ,ME,04401-2999,Private      ,43,56,99,2201,882,3083
00204400,MAINE MARITIME ACADEMY                  ,ME,04420-0001,Public       ,7,5,12,887,113,1000
00205000,UNIVERSITY OF NEW ENGLAND               ,ME,04005-9599,Private      ,33,101,134,3563,2132,5695
00205100,SAINT JOSEPH'S COLLEGE                  ,ME,04084-5263,Private      ,9,56,65,1628,375,2003
00205200,THOMAS COLLEGE                          ,ME,04901-5097,Private      ,14,9,23,914,143,1057
00205300,UNIVERSITY OF MAINE                     ,ME,04469-0001,Public       ,111,105,216,10515,2786,13301
00205400,UNIVERSITY OF SOUTHERN MAINE            ,ME,04104-0000,Public       ,117,235,352,6088,4328,10416
00205500,UNIVERSITY OF MAINE-MACHIAS             ,ME,04654-1397,Public       ,6,18,24,531,243,774
00520400,BEAL COLLEGE                            ,ME,04401-6896,Proprietary  ,18,56,74,191,461,652
00527600,CENTRAL MAINE COMMUNITY COLLEGE         ,ME,04210-6498,Public       ,60,166,226,1360,1238,2598
00527700,EASTERN MAINE COMMUNITY COLLEGE         ,ME,04401-4280,Public       ,50,117,167,1388,1009,2397
00552500,SOUTHERN MAINE COMMUNITY  COLLEGE       ,ME,04106-1698,Public       ,142,312,454,2664,2300,4964
00576000,NORTHERN MAINE COMMUNITY COLLEGE        ,ME,04769-2016,Public       ,33,60,93,489,547,1036
00577600,MERCY HOSP SCH OF RADIOLOGIC TECH       ,ME,04101-3795,Private      ,2,0,2,8,29,37
00630501,CENTRAL MAINE MEDICAL CENTER - COLLEGE O,ME,04240-4500,Private      ,1,9,10,31,188,219
00676000,UNIVERSITY OF MAINE-AUGUSTA             ,ME,04330-9410,Public       ,68,390,458,1601,4302,5903
00685800,UNITY COLLEGE                           ,ME,04988-9502,Private      ,12,2,14,846,75,921
00903800,MR BERNARD'S SCH HAIR FASHION INC       ,ME,04243-1163,Proprietary  ,4,22,26,35,105,140
00923100,WASHINGTON COUNTY COMMUNITY COLLEGE     ,ME,04619-9704,Public       ,8,23,31,230,212,442
00929200,ANDOVER COLLEGE                         ,ME,04106-2415,Proprietary  ,24,112,136,190,683,873
00929201,ANDOVER COLLEGE -                       ,ME,04240-0000,Proprietary  ,23,123,146,162,785,947
00945900,PIERRE'S SCHOOL OF COSMETOLOGY          ,ME,04101-3348,Proprietary  ,19,56,75,177,269,446
00945901,PIERRE'S SCHOOL OF COSMETOLOGY - SANFORD,ME,04073-3564,Proprietary  ,1,1,2,1,4,5
00945902,PIERRE'S SCHOOL OF COSMETOLOGY - CARIBOU,ME,04736-2020,Proprietary  ,1,1,2,7,3,10
00945903,PIERRE'S SCHOOL OF COSMETOLOGY - BANGOR ,ME,04401-6534,Proprietary  ,3,6,9,18,21,39
00982600,KENNEBEC VALLEY  COMMUNITY  COLLEGE     ,ME,04937-1367,Public       ,37,148,185,653,1300,1953
01138500,COLLEGE OF THE ATLANTIC                 ,ME,04609-1105,Private      ,9,2,11,444,59,503
01167300,MAINE COLLEGE OF ART                    ,ME,04101-3987,Private      ,7,8,15,539,153,692
02104400,SPA TECH INSTITUTE                      ,ME,04102-0000,Proprietary  ,24,79,103,164,397,561
02347100,NEW ENGLAND SCHOOL OF COMMUNICATIONS    ,ME,04401-0000,Private      ,8,8,16,490,87,577
02361300,LANDING SCHOOL OF BOATBUILDING & DESIGN ,ME,04046-1490,Private      ,1,2,3,30,35,65
03122900,YORK COUNTY COMMUNITY COLLEGE           ,ME,04090-0529,Public       ,27,64,91,414,433,847
03429300,SEACOAST CAREER SCHOOLS                 ,ME,04073-0000,Proprietary  ,33,174,207,126,561,687
03612300,BIRTHWISE MIDWIFERY SCHOOL              ,ME,04009-1110,Proprietary  ,0,0,0,6,40,46
00209300,ST JOHN'S COLLEGE                       ,NM,87505-4599,Private      ,18,15,33,484,189,673
00264900,COLLEGE OF SANTA FE                     ,NM,87505-7634,Private      ,23,70,93,763,669,1432
00265000,UNIVERSITY OF THE SOUTHWEST             ,NM,88240-9129,Private      ,5,31,36,317,386,703
00265100,EASTERN NEW MEXICO UNIV PORTALES        ,NM,88130-6000,Public       ,46,157,203,2351,2020,4371
00265101,EASTERN NEW MEXICO UNIV-ROSWELL CAM     ,NM,88202-0000,Public       ,42,159,201,908,1268,2176
00265300,NEW MEXICO HIGHLANDS UNIVERSITY         ,NM,87701-4436,Public       ,40,101,141,1474,1863,3337
00265400,NEW MEXICO INST OF MINING & TECH        ,NM,87801-4796,Public       ,22,20,42,948,288,1236
00265500,NEW MEXICO JUNIOR COLLEGE               ,NM,88240-9123,Public       ,39,95,134,649,694,1343
00265600,NEW MEXICO MILITARY INSTITUTE           ,NM,88201-5173,Public       ,10,0,10,291,22,313
00265700,NEW MEXICO STATE UNIVERSITY             ,NM,88003-8001,Public       ,322,495,817,9488,7370,16858
00265701,NEW MEXICO STATE UNIV-ALAMOGORDO        ,NM,88311-0000,Public       ,34,119,153,385,937,1322
00265702,NEW MEXICO STATE UNIV.-DONA ANA CLG     ,NM,88003-0000,Public       ,143,305,448,1710,2602,4312
00265703,NEW MEXICO STATE UNIV-CARLSBAD          ,NM,88220-0000,Public       ,17,62,79,276,590,866
00265704,NEW MEXICO STATE UNIV-GRANTS            ,NM,87020-0000,Public       ,6,46,52,169,348,517
00266000,SAN JUAN COLLEGE                        ,NM,87402-4699,Public       ,120,314,434,1274,2365,3639
00266300,THE UNIVERSITY OF NEW MEXICO            ,NM,87131-0001,Public       ,521,912,1433,11935,12750,24685
00266301,UNIV OF NEW MEXICO - GALLUP BRANCH      ,NM,87301-5697,Public       ,32,53,85,376,678,1054
00266302,UNIV OF NEW MEXICO - VALENCIA BRANCH    ,NM,87031-0000,Public       ,15,36,51,278,363,641
00266303,UNIV OF NEW MEXICO - LOS ALAMOS         ,NM,87544-0000,Public       ,4,8,12,92,90,182
00266304,UNIVERSITY OF NEW MEXICO                ,NM,87571-6401,Public       ,3,15,18,3,15,18
00266400,WESTERN NEW MEXICO UNIVERSITY           ,NM,88061-5417,Public       ,51,155,206,928,1426,2354
00369109,MIDDLEBURY COLLEGE - INSTITUTE OF AMERIC,NM,87505-0000,Private      ,1,0,1,1,0,1
00405701,NATIONAL AMERICAN UNIVERSITY            ,NM,87110-0000,Proprietary  ,2,39,41,23,327,350
00474200,CENTRAL NEW MEXICO COMMUNITY COLLEGE    ,NM,87106-4096,Public       ,501,1769,2270,5423,11419,16842
00474300,CLOVIS COMMUNITY COLLEGE                ,NM,88101-8381,Public       ,33,203,236,503,1313,1816
00996200,LUNA COMMUNITY COLLEGE                  ,NM,87701-0000,Public       ,22,45,67,360,440,800
01063200,DEWOLFF CLG HAIRSTYLING/COSMETOLOGY     ,NM,87112-4113,Proprietary  ,5,22,27,38,109,147
01300500,OLYMPIAN UNIVERSITY OF COSMETOLOGY      ,NM,88310-5051,Proprietary  ,48,137,185,331,784,1115
02083900,NORTHERN NEW MEXICO COLLEGE             ,NM,87530-0000,Public       ,31,83,114,517,864,1381
02146400,INSTITUTE OF AMERICAN INDIAN ARTS       ,NM,87508-0000,Public       ,13,18,31,172,201,373
02151102,ATI COLLEGE OF HEALTH - ATI CAREER TRAIN,NM,87109-2016,Proprietary  ,3,8,11,11,37,48
02278100,SANTA FE COMMUNITY COLLEGE              ,NM,87507-0000,Public       ,61,163,224,600,1207,1807
02357600,CROWNPOINT INSTITUTE OF TECHNOLOGY      ,NM,87313-0000,Public       ,31,67,98,209,416,625
02491501,THE ART CENTER DESIGN COLLEGE- ALBQ     ,NM,87110-0000,Proprietary  ,0,0,0,42,22,64
02511000,SOUTHWESTERN INDIAN POLYTECH INST       ,NM,87184-0000,Public       ,23,54,77,266,331,597
02572003,COMPUTER CAREER CENTER - LAS CRUCES CAMP,NM,88011-8220,Proprietary  ,1,15,16,1,15,16
02622000,SOUTHWEST ACUPUNCTURE COLLEGE           ,NM,87505-0000,Proprietary  ,0,19,19,5,295,300
03076100,SOUTHWESTERN COLLEGE                    ,NM,87507-0000,Private      ,0,6,6,2,148,150
03128200,KAPLAN CAREER INSTITUTE                 ,NM,87109-2072,Proprietary  ,0,0,0,10,37,47
03128201,KAPLAN CAREER INSTITUTE                 ,NM,87109-0000,Proprietary  ,0,0,0,2,10,12
03206300,MESALANDS COMMUNITY COLLEGE             ,NM,88401-3352,Public       ,11,19,30,140,211,351
03430300,UNIVERSAL THERAPEUTIC MASSAGE INSTITUTE ,NM,87107-4403,Proprietary  ,5,24,29,33,102,135
03678300,PIMA MEDICAL INSTITUTE                  ,NM,87110-4127,Proprietary  ,3,16,19,40,82,122
03944300,MASSAGE THERAPY TRAINING INSTITUTE      ,NM,88007-0000,Proprietary  ,2,6,8,25,35,60
00223400,ADRIAN COLLEGE                          ,MI,49221-2575,Private      ,28,19,47,2502,215,2717
00223500,ALBION COLLEGE                          ,MI,49224-1831,Private      ,22,4,26,2278,65,2343
00223600,ALMA COLLEGE                            ,MI,48801-1599,Private      ,18,7,25,2155,100,2255
00223700,ALPENA COMMUNITY COLLEGE                ,MI,49707-1495,Public       ,59,176,235,1035,1083,2118
00223800,ANDREWS UNIVERSITY                      ,MI,49104-0750,Private      ,30,60,90,1581,1136,2717
00223900,AQUINAS COLLEGE                         ,MI,49506-1799,Private      ,36,61,97,2191,639,2830
00224000,BAY DE NOC COMMUNITY COLLEGE            ,MI,49829-2524,Public       ,59,188,247,1117,1255,2372
00224100,CALVIN COLLEGE                          ,MI,49546-4388,Private      ,45,25,70,3972,268,4240
00224200,CALVIN THEOLOGICAL SEMINARY             ,MI,49546-4387,Private      ,1,4,5,14,177,191
00224300,CENTRAL MICHIGAN UNIVERSITY             ,MI,48859-0001,Public       ,380,756,1136,19229,8762,27991
00224600,CLEARY UNIVERSITY                       ,MI,48105-2659,Private      ,15,92,107,202,724,926
00224700,CONCORDIA UNIVERSITY-ANN ARBOR          ,MI,48105-2797,Private      ,5,54,59,543,473,1016
00224800,CRANBROOK ACADEMY OF ART                ,MI,48303-0000,Private      ,1,5,6,19,223,242
00224900,DAVENPORT UNIVERSITY                    ,MI,49503-0000,Private      ,179,1276,1455,3130,11944,15074
00225100,DELTA COLLEGE                           ,MI,48710-0001,Public       ,443,1025,1468,5528,6716,12244
00225400,MICHIGAN STATE UNIVERSITY COLLEGE OF LAW,MI,48824-1300,Private      ,8,33,41,328,1560,1888
00225900,EASTERN MICHIGAN UNIVERSITY             ,MI,48197-2214,Public       ,515,955,1470,13299,10389,23688
00226000,FERRIS STATE UNIVERSITY                 ,MI,49307-2251,Public       ,250,393,643,11763,5571,17334
00226100,CHARLES STEWART MOTT COMMUNITY CLG      ,MI,48503-2089,Public       ,519,1505,2024,4939,8872,13811
00226200,KETTERING UNIVERSITY                    ,MI,48504-4898,Private      ,53,46,99,2275,303,2578
00226300,GLEN OAKS COMMUNITY COLLEGE             ,MI,49032-9784,Public       ,42,162,204,506,907,1413
00226400,GOGEBIC COMMUNITY COLLEGE               ,MI,49938-1365,Public       ,21,59,80,537,528,1065
00226500,GRACE BIBLE COLLEGE                     ,MI,49509-1998,Private      ,5,5,10,223,59,282
00226600,CORNERSTONE UNIVERSITY                  ,MI,49525-5897,Private      ,21,198,219,1439,1594,3033
00226700,GRAND RAPIDS COMMUNITY COLLEGE          ,MI,49503-3295,Public       ,722,1534,2256,8651,8527,17178
00226800,GRAND VALLEY STATE UNIVERSITY           ,MI,49401-9403,Public       ,365,533,898,19692,6743,26435
00226900,GREAT LAKES CHRISTIAN COLLEGE           ,MI,48917-1299,Private      ,6,16,22,178,144,322
00227000,HENRY FORD COMMUNITY COLLEGE            ,MI,48128-1495,Public       ,742,1586,2328,8007,11151,19158
00227300,HOPE COLLEGE                            ,MI,49423-3607,Private      ,48,11,59,3848,150,3998
00227400,JACKSON COMMUNITY COLLEGE               ,MI,49201-8399,Public       ,201,838,1039,3277,4838,8115
00227500,KALAMAZOO COLLEGE                       ,MI,49006-3295,Private      ,11,8,19,1763,84,1847
00227600,KELLOGG COMMUNITY COLLEGE               ,MI,49017-3397,Public       ,171,679,850,2089,4071,6160
00227700,LAKE MICHIGAN COLLEGE                   ,MI,49022-1899,Public       ,109,437,546,1450,2380,3830
00227800,LANSING COMMUNITY COLLEGE               ,MI,48933-1293,Public       ,611,1704,2315,6865,10046,16911
00227900,LAWRENCE TECHNOLOGICAL UNIVERSITY       ,MI,48075-1058,Private      ,74,171,245,1776,1373,3149
00228200,MADONNA UNIVERSITY                      ,MI,48150-1173,Private      ,46,211,257,1368,2493,3861
00228400,MARYGROVE COLLEGE                       ,MI,48221-2599,Private      ,34,282,316,650,2748,3398
00228800,ROCHESTER COLLEGE                       ,MI,48307-2764,Private      ,25,61,86,621,639,1260
00228801,ROCHESTER COLLEGE - MACOMB COMMUNITY COL,MI,48038-1139,Private      ,54,111,165,54,111,165
00228802,ROCHESTER COLLEGE - MOTT COMMUNITY COLLE,MI,48503-2089,Private      ,11,42,53,11,42,53
00228803,ROCHESTER COLLEGE  - SPECS HOWARD       ,MI,48075-3953,Private      ,2,4,6,2,4,6
00229000,MICHIGAN STATE UNIVERSITY               ,MI,48824-1113,Public       ,677,525,1202,31997,10369,42366
00229200,MICHIGAN TECHNOLOGICAL UNIV             ,MI,49931-1295,Public       ,59,53,112,5738,840,6578
00229300,LAKE SUPERIOR STATE UNIVERSITY          ,MI,49783-1691,Public       ,47,92,139,2321,884,3205
00229400,MONROE COUNTY COMMUNITY CLG             ,MI,48161-9746,Public       ,148,293,441,1316,1758,3074
00229500,MONTCALM COMMUNITY COLLEGE              ,MI,48885-9723,Public       ,69,291,360,863,1784,2647
00229700,MUSKEGON COMMUNITY COLLEGE              ,MI,49442-1432,Public       ,236,583,819,2649,3054,5703
00229900,NORTH CENTRAL MICHIGAN COLLEGE          ,MI,49770-8740,Public       ,74,287,361,949,1631,2580
00230100,NORTHERN MICHIGAN UNIVERSITY            ,MI,49855-5316,Public       ,184,207,391,7279,2610,9889
00230200,NORTHWESTERN MICHIGAN COLLEGE           ,MI,49686-3061,Public       ,163,377,540,2277,2483,4760
00230300,OAKLAND COMMUNITY COLLEGE               ,MI,48304-2266,Public       ,19,53,72,305,417,722
00230301,OAKLAND COMMUNITY COLLEGE - ORCHARD RIDG,MI,48334-4579,Public       ,146,294,440,1662,2230,3892
00230302,OAKLAND COMMUNITY COLLEGE - ROYAL OAK CA,MI,48067-3898,Public       ,178,450,628,2316,4028,6344
00230303,OAKLAND COMMUNITY COLLEGE - SOUTHFIELD C,MI,48075-4793,Public       ,214,759,973,938,2339,3277
00230304,OAKLAND COMMUNITY COLLEGE - AUBURN HILLS,MI,48323-2845,Public       ,191,576,767,2239,3295,5534
00230305,OAKLAND COMMUNITY COLLEGE - HIGHLAND LAK,MI,48327-4187,Public       ,106,263,369,1176,1990,3166
00230700,OAKLAND UNIVERSITY                      ,MI,48309-4401,Public       ,401,720,1121,10758,6984,17742
00230800,OLIVET COLLEGE                          ,MI,49076-9902,Private      ,30,29,59,1445,300,1745
00231000,ST. CLAIR COUNTY COMMUNITY COLLEGE      ,MI,48061-0000,Public       ,197,502,699,1862,2736,4598
00231100,KUYPER COLLEGE                          ,MI,49525-9749,Private      ,10,13,23,335,122,457
00231300,SACRED HEART MAJOR SEMINARY             ,MI,48206-1799,Private      ,1,14,15,14,158,172
00231400,SAGINAW VALLEY STATE UNIV               ,MI,48710-0001,Public       ,188,296,484,7763,3386,11149
00231500,SCHOOLCRAFT COLLEGE                     ,MI,48152-2696,Public       ,401,873,1274,4451,5945,10396
00231600,SIENA HEIGHTS UNIVERSITY                ,MI,49221-1796,Private      ,38,147,185,1030,1429,2459
00231700,SOUTHWESTERN MICHIGAN COLLEGE           ,MI,49047-9793,Public       ,79,319,398,1148,1787,2935
00231800,SPRING ARBOR UNIVERSITY                 ,MI,49283-9984,Private      ,55,260,315,2121,3169,5290
00232200,FINLANDIA UNIVERSITY                    ,MI,49930-1882,Private      ,11,10,21,503,252,755
00232300,UNIVERSITY OF DETROIT MERCY             ,MI,48221-3038,Private      ,87,279,366,3030,3557,6587
00232301,UNIVERSITY OF DETROIT MERCY- DENTAL SCH ,MI,48219-3580,Private      ,0,0,0,41,172,213
00232303,UNIV OF DETROIT MERCY - LAW SCHOOL      ,MI,48226-0000,Private      ,0,14,14,24,926,950
00232330,UNIV OF DETROIT MERCY - DENTAL SCHOOL   ,MI,48208-2576,Private      ,2,12,14,34,279,313
00232500,UNIVERSITY OF MICHIGAN - ANN ARBOR      ,MI,48109-1316,Public       ,401,440,841,25268,10231,35499
00232501,UNIVERSITY OF MICHIGAN-MEDICAL SCH      ,MI,48109-0000,Public       ,10,14,24,155,1026,1181
00232503,UNIVERSITY OF MICHIGAN LAW SCHOOL       ,MI,48109-0000,Public       ,0,23,23,36,2964,3000
00232600,UNIVERSITY OF MICHIGAN-DEARBORN         ,MI,48128-2406,Public       ,183,370,553,4628,4095,8723
00232700,UNIVERSITY OF MICHIGAN-FLINT            ,MI,48502-1950,Public       ,154,402,556,3518,4859,8377
00232800,WASHTENAW COMMUNITY COLLEGE             ,MI,48106-0000,Public       ,429,1016,1445,3901,6045,9946
00232900,WAYNE STATE UNIVERSITY                  ,MI,48202-0000,Public       ,649,1556,2205,15396,18210,33606
00232901,WAYNE STATE UNIV SCH OF MEDICINE        ,MI,48201-3359,Public       ,9,26,35,200,1417,1617
00232902,WAYNE STATE UNIVERSITY - LAW SCHOOL     ,MI,48202-3424,Public       ,11,42,53,140,1354,1494
00233000,WESTERN MICHIGAN UNIVERSITY             ,MI,49008-3899,Public       ,492,550,1042,17288,7595,24883
00233100,WESTERN THEOLOGICAL SEMINARY            ,MI,49423-0000,Private      ,0,11,11,0,117,117
00407100,WALSH COLLEGE OF ACCT & BUS ADMN        ,MI,48007-7006,Private      ,19,248,267,245,2069,2314
00407200,NORTHWOOD UNIVERSITY                    ,MI,48640-2398,Private      ,59,141,200,2373,1588,3961
00467300,BAKER COLLEGE - FLINT                   ,MI,48507-5508,Private      ,173,889,1062,2157,6401,8558
00467301,BAKER COLLEGE OF CADILLAC               ,MI,49601-0000,Private      ,41,212,253,473,1693,2166
00467302,BAKER COLLEGE OF CLINTON TOWNSHIP       ,MI,48035-0000,Private      ,200,653,853,2179,5234,7413
00467303,BAKER COLLEGE OF MUSKEGON               ,MI,49442-0000,Private      ,191,622,813,2576,4457,7033
00467304,BAKER COLLEGE OF OWOSSO                 ,MI,48867-0000,Private      ,97,249,346,1616,2091,3707
00467305,BAKER COLLEGE OF AUBURN HILLS           ,MI,48326-0000,Private      ,113,498,611,1193,3485,4678
00467306,BAKER COLLEGE OF PORT HURON             ,MI,48060-0000,Private      ,56,258,314,593,1580,2173
00467309,BAKER COLLEGE OF JACKSON                ,MI,49202-0000,Private      ,59,307,366,631,1984,2615
00467311,BAKER COLLEGE-CASS CITY                 ,MI,48726-0000,Private      ,25,75,100,180,444,624
00467313,BAKER COLLEGE - GRADUATE ON-LINE        ,MI,48507-0000,Private      ,43,511,554,334,4862,5196
00467317,BAKER COLLEGE-ALLEN PARK                ,MI,48101-0000,Private      ,110,355,465,919,2608,3527
00469200,DORSEY SCHOOL OF BUSINESS               ,MI,48195-2334,Proprietary  ,20,83,103,63,273,336
00469201,DORSEY SCHOOL OF BUSINESS               ,MI,48184-0000,Proprietary  ,21,85,106,62,304,366
00469202,DORSEY SCHOOL OF BUSINESS               ,MI,48071-0000,Proprietary  ,23,70,93,69,252,321
00469204,DORSEY SCHOOL OF BUSINESS               ,MI,48066-0000,Proprietary  ,29,175,204,115,634,749
00469205,DORSEY BUSINESS SCHOOL - FARMINGTON HILL,MI,48334-3385,Proprietary  ,4,35,39,18,103,121
00469206,DORSEY BUSINESS SCHOOL - ROSEVILLE CULIN,MI,48066-4555,Proprietary  ,15,71,86,18,75,93
00676800,MID MICHIGAN COMMUNITY COLLEGE          ,MI,48625-9447,Public       ,210,433,643,2277,2678,4955
00677100,COLLEGE FOR CREATIVE STUDIES            ,MI,48202-4034,Private      ,54,33,87,1467,479,1946
00694900,KALAMAZOO VALLEY COMMUNITY COLLEGE      ,MI,49003-4070,Public       ,412,926,1338,4742,5318,10060
00717100,KIRTLAND COMMUNITY COLLEGE              ,MI,48653-0000,Public       ,73,246,319,825,1518,2343
00761700,CARNEGIE INSTITUTE                      ,MI,48083-1159,Proprietary  ,11,64,75,65,448,513
00795000,WEST SHORE COMMUNITY COLLEGE            ,MI,49454-0000,Public       ,37,112,149,510,755,1265
00817800,CHIC UNIVERSITY OF COSMETOLOGY          ,MI,49525-2440,Proprietary  ,46,104,150,266,440,706
00817801,CHIC UNIVERSITY OF COSMETOLOGY - KALAMAZ,MI,49024-2694,Proprietary  ,2,5,7,12,23,35
00890600,MACOMB COMMUNITY COLLEGE                ,MI,48088-3896,Public       ,935,1748,2683,8149,9985,18134
00894600,PORT HURON COSMETOLOGY COLLEGE          ,MI,48329-1618,Proprietary  ,6,18,24,19,70,89
00923000,WAYNE COUNTY COMMUNITY CLG-DISTRICT     ,MI,48226-3095,Public       ,1013,3511,4524,8008,21955,29963
00973200,VIRGINIA FARRELL BEAUTY SCHOOL          ,MI,48080-1448,Proprietary  ,5,8,13,29,57,86
00973400,VIRGINIA FARRELL BEAUTY SCHOOL          ,MI,48220-1739,Proprietary  ,21,33,54,94,186,280
00982800,EVEREST INSTITUTE                       ,MI,48033-4400,Proprietary  ,99,394,493,461,1683,2144
00982801,EVEREST INSTITUTE- DEARBORN             ,MI,48124-1927,Proprietary  ,93,332,425,426,1392,1818
00982803,EVEREST INSTITUTE - DETROIT             ,MI,48207-4291,Proprietary  ,97,274,371,311,923,1234
01047000,KALAMAZOO BEAUTY ACADEMY                ,MI,49002-5220,Proprietary  ,3,13,16,19,37,56
01062700,ITT TECHNICAL INSTITUTE                 ,MI,49519-0000,Proprietary  ,253,613,866,1210,2403,3613
01082700,DAVID PRESSLEY PROF SCH OF COSMTLGY     ,MI,48067-3219,Proprietary  ,38,29,67,104,108,212
01109800,FLINT INSTITUTE OF BARBERING            ,MI,48504-4395,Proprietary  ,3,24,27,21,105,126
01164600,VIRGINIA FARRELL BEAUTY SCHOOL          ,MI,48185-3091,Proprietary  ,10,26,36,49,123,172
01229100,WRIGHT BEAUTY ACADEMY                   ,MI,49015-2696,Proprietary  ,3,21,24,26,78,104
01262700,THOMAS M. COOLEY LAW SCHOOL             ,MI,48901-1586,Private      ,0,267,267,10,4806,4816
01321800,M J MURPHY BTY CLG MT PLEASANT          ,MI,48858-2502,Proprietary  ,5,10,15,40,67,107
02060300,MICHIGAN INSTITUTE OF AERONAUTICS       ,MI,48111-0000,Proprietary  ,82,192,274,418,668,1086
02068700,ADRIAN BEAUTY ACADEMY                   ,MI,49221-0000,Proprietary  ,1,10,11,20,48,68
02099700,ROSS MEDICAL EDUCATION CENTER           ,MI,48532-0000,Proprietary  ,48,286,334,212,1099,1311
02099701,ROSS MEDICAL EDUCATION CENTER-SAGINAW   ,MI,48603-5227,Proprietary  ,3,16,19,7,47,54
02099702,ROSS MEDICAL EDUCATION CENTER-PORT HURON,MI,48060-1958,Proprietary  ,0,9,9,3,26,29
02099703,ROSS MEDICAL EDUCATION CENTER-ROOSEVELT ,MI,49441-4156,Proprietary  ,0,2,2,1,9,10
02100400,EVEREST INSTITUTE                       ,MI,49525-2301,Proprietary  ,55,246,301,256,1227,1483
02100401,EVEREST INSTITUTE - KALAMAZOO           ,MI,49009-3307,Proprietary  ,40,232,272,155,797,952
02100403,EVEREST INSTITUTE - SOUTHFIELD          ,MI,48076-4492,Proprietary  ,0,0,0,31,147,178
02125600,MICHIGAN COLLEGE OF BEAUTY              ,MI,48083-0000,Proprietary  ,12,63,75,148,308,456
02152103,ACADEMY OF COURT REPORTING & TECHNOLOGY ,MI,48017-1495,Proprietary  ,4,31,35,8,50,58
02158600,MR BELA'S SCHOOL OF COSMETOLOGY         ,MI,48092-4637,Proprietary  ,7,17,24,28,58,86
02160303,INTERNATIONAL ACADEMY OF DESIGN AND TECH,MI,48083-2160,Proprietary  ,71,102,173,806,797,1603
02180100,ROSS MEDICAL EDUCATION CENTER           ,MI,48092-0000,Proprietary  ,27,116,143,112,492,604
02180105,ROSS MEDICAL EDUCATION CENTER-REDFORD   ,MI,48239-1260,Proprietary  ,2,11,13,6,29,35
02198900,MICHIGAN SCHOOL OF PROFESSIONAL PSYCHOLO,MI,48334-4512,Private      ,0,6,6,4,150,154
02209200,TAYLORTOWN SCHOOL OF BEAUTY             ,MI,48180-0000,Proprietary  ,3,16,19,27,99,126
02237800,SPECS HOWARD SCHL OF BROADCAST ARTS     ,MI,48075-0000,Proprietary  ,47,109,156,477,548,1025
02285700,BAYSHIRE BEAUTY ACADEMY                 ,MI,48708-5614,Proprietary  ,4,17,21,27,83,110
02289801,KAPLAN INSTITUTE - DETROIT CAMPUS       ,MI,48202-0000,Proprietary  ,43,214,257,198,946,1144
02324500,MICHIGAN COLLEGE OF BEAUTY              ,MI,48161-0000,Proprietary  ,11,34,45,72,134,206
02339700,ROSS MEDICAL EDUCATION CENTER           ,MI,48116-0000,Proprietary  ,42,276,318,116,761,877
02339701,ROSS MEDICAL EDUCATION CENTER-ANN ARBOR ,MI,48108-1411,Proprietary  ,1,8,9,7,27,34
02361500,MICHIGAN BARBER COLLEGE                 ,MI,48204-2244,Private      ,14,54,68,90,242,332
02363800,YESHIVA GEDOLAH OF GREATER DETROIT      ,MI,48237-0000,Private      ,6,0,6,14,3,17
02491000,WEST MI COLG OF BARBERING & BEAUTY      ,MI,49008-0000,Proprietary  ,4,20,24,17,86,103
02495800,FOCUS:HOPE                              ,MI,48238-0000,Private      ,0,0,0,1,3,4
02498300,VIRGINIA FARRELL BEAUTY SCHOOL          ,MI,48154-0000,Proprietary  ,9,22,31,67,131,198
02533600,ROSS MEDICAL EDUCATION CENTER           ,MI,48917-2108,Proprietary  ,25,157,182,129,578,707
02533601,ROSS MEDICAL EDUCATION CENTER - GRAND RA,MI,49546-2430,Proprietary  ,2,20,22,7,54,61
02588200,DOUGLAS J AVEDA INSTITUTE               ,MI,48823-4351,Proprietary  ,53,71,124,363,411,774
02588201,DOUGLAS J AVEDA INSTITUTE - ANN ARBOR   ,MI,48104-2211,Proprietary  ,7,13,20,72,97,169
02595700,HILLSDALE BEAUTY COLLEGE                ,MI,49242-0000,Proprietary  ,5,4,9,32,15,47
02618400,MICHIGAN CAREER & TECHNICAL INST        ,MI,49080-9254,Public       ,34,22,56,176,98,274
03005700,DETROIT BUSINESS INST. DOWNRIVER        ,MI,48193-6761,Proprietary  ,22,42,64,82,253,335
03028500,LAWTON SCHOOL                           ,MI,48075-5406,Proprietary  ,10,43,53,49,177,226
03066600,BAY MILLS COMMUNITY COLLEGE             ,MI,49715-9750,Public       ,16,58,74,141,320,461
03075200,TWIN CITY BEAUTY COLLEGE                ,MI,49085-3305,Proprietary  ,3,35,38,54,162,216
03075201,TWIN CITY BEAUTY COLLEGE - TRAVERSE CITY,MI,49686-5119,Proprietary  ,0,2,2,6,14,20
03090000,SHARP'S ACADEMY OF HAIRSTYLING INC.     ,MI,48433-0000,Proprietary  ,1,17,18,17,49,66
03109700,HOUGHTON LAKE INST OF COSMETOLOGY       ,MI,48629-9702,Proprietary  ,0,1,1,12,10,22
03110300,THE SCHOOL OF CREATIVE HAIR DESIGN      ,MI,49036-1139,Proprietary  ,1,13,14,15,55,70
03124000,NORTHWESTERN TECHNOLOGICAL INST         ,MI,48075-2412,Proprietary  ,31,94,125,96,387,483
03135300,MICHIGAN THEOLOGICAL SEMINARY           ,MI,48170-4399,Private      ,0,10,10,2,110,112
03284300,MICHIGAN JEWISH INSTITUTE               ,MI,48237-0000,Private      ,210,60,270,567,95,662
03490300,PAUL MITCHELL THE SCHOOL ESCANABA       ,MI,49829-0000,Proprietary  ,1,7,8,13,20,33
03588300,IRENE'S MYOMASSOLOGY INSTITUTE          ,MI,48033-2404,Proprietary  ,3,49,52,64,328,392
03691400,AVE MARIA SCHOOL OF LAW                 ,MI,48105-0000,Private      ,1,6,7,2,592,594
03704300,BLUE WATER COLLEGE OF COSMETOLOGY       ,MI,48040-0000,Proprietary  ,11,13,24,35,41,76
03772300,SAGINAW CHIPPEWA TRIBAL COLLEGE         ,MI,48858-0000,Public       ,1,5,6,9,37,46
03815300,IN SESSION-ARTS OF COSMETOLOGY BEAU     ,MI,48609-0000,Proprietary  ,4,15,19,37,103,140
03907300,PAUL MITCHELL THE SCHOOL GREAT LAKES    ,MI,48060-0000,Proprietary  ,4,15,19,65,66,131
03915300,CAREER QUEST LEARNING CENTER            ,MI,48910-4732,Proprietary  ,7,89,96,34,446,480
03968300,LAKEWOOD SCHOOL OF THERAPEUTIC MASSAGE  ,MI,48060-0000,Proprietary  ,0,5,5,13,36,49
03976500,ANN ARBOR INSTITUTE OF MASSAGE THERAPY  ,MI,48103-0000,Proprietary  ,3,17,20,28,70,98
04002400,ECUMENICAL THEOLOGICAL SEMINARY         ,MI,48201-3035,Private      ,0,10,10,3,90,93
04006300,NUVO COLLEGE OF COSMETOLOGY             ,MI,49441-3822,Proprietary  ,2,11,13,20,59,79
04014300,P&A SCHOLARS BEAUTY SCHOOL              ,MI,48204-0000,Proprietary  ,9,40,49,60,170,230
04055300,CREATIVE HAIR SCHOOL OF COSMETOLOGY     ,MI,48504-1234,Proprietary  ,2,12,14,26,57,83
04094300,ROBERT B. MILLER COLLEGE (THE)          ,MI,49017-3306,Private      ,1,17,18,34,248,282
04121100,GALLERY COLLEGE OF BEAUTY (THE)         ,MI,48036-3591,Proprietary  ,6,21,27,40,104,144
04136300,FOCUS:  HOPE INFORMATION TECHNOLOGIES CE,MI,48238-2949,Private      ,5,16,21,14,44,58
04138400,SCHOOL OF DESIGNING ARTS                ,MI,49037-7995,Proprietary  ,2,9,11,12,37,49
04139600,REGAL BEAUTY SCHOOL                     ,MI,48150-4013,Proprietary  ,0,9,9,0,9,9
04140900,INTERNATIONAL COSMETOLOGY ACADEMY       ,MI,49508-1308,Proprietary  ,1,21,22,5,62,67
04141100,FRENCH ACADEMY OF COSMETOLOGY           ,MI,49456-3207,Proprietary  ,7,16,23,7,16,23
00233200,ANOKA-RAMSEY CC-CAMBRIDGE/COONRAPID     ,MN,55433-3499,Public       ,230,424,654,2794,3036,5830
00233400,AUGSBURG COLLEGE                        ,MN,55454-1351,Private      ,51,171,222,2415,1932,4347
00233500,RIVERLAND COMMUNITY COLLEGE             ,MN,55912-1473,Public       ,71,191,262,984,1390,2374
00233600,BEMIDJI STATE UNIVERSITY                ,MN,56601-2699,Public       ,73,164,237,2986,1570,4556
00233700,BETHANY LUTHERAN COLLEGE INC            ,MN,56001-6163,Private      ,5,3,8,661,42,703
00233900,CENTRAL LAKES COLG-BRAINERD/STAPLES     ,MN,56401-3900,Public       ,99,246,345,1432,1629,3061
00234000,CARLETON COLLEGE                        ,MN,55057-4001,Private      ,26,5,31,2990,33,3023
00234100,COLLEGE OF ST BENEDICT                  ,MN,56374-2099,Private      ,13,4,17,2061,41,2102
00234200,COLLEGE OF ST CATHERINE                 ,MN,55105-1789,Private      ,51,229,280,2155,2947,5102
00234300,COLLEGE OF ST SCHOLASTICA               ,MN,55811-4199,Private      ,49,139,188,2316,1499,3815
00234500,UNIVERSITY OF ST THOMAS                 ,MN,55105-1096,Private      ,113,251,364,5959,3618,9577
00234600,CONCORDIA COLLEGE-MOORHEAD              ,MN,56562-0001,Private      ,38,4,42,3264,148,3412
00234700,"CONCORDIA UNIVERSITY, ST PAUL, MN       ",MN,55104-5494,Private      ,24,177,201,1246,1535,2781
00235000,VERMILION COMMUNITY COLLEGE             ,MN,55731-1996,Public       ,24,19,43,459,135,594
00235200,FERGUS FALLS COMMUNITY COLLEGE          ,MN,56537-1000,Public       ,0,0,0,41,39,80
00235300,GUSTAVUS ADOLPHUS COLLEGE               ,MN,56082-1498,Private      ,32,4,36,3079,40,3119
00235400,HAMLINE UNIVERSITY                      ,MN,55104-1284,Private      ,39,162,201,2565,2898,5463
00235500,HIBBING COMMUNITY COLLEGE               ,MN,55746-3300,Public       ,30,98,128,660,895,1555
00235600,ITASCA COMMUNITY COLLEGE                ,MN,55744-3397,Public       ,27,73,100,694,477,1171
00235700,LUTHER SEMINARY                         ,MN,55108-0000,Private      ,0,15,15,2,426,428
00235800,MACALESTER COLLEGE                      ,MN,55105-1899,Private      ,25,7,32,3308,82,3390
00236000,"MINNESOTA STATE UNIVERSITY, MANKATO     ",MN,56002-0000,Public       ,199,251,450,10012,3466,13478
00236100,MARTIN LUTHER COLLEGE                   ,MN,56073-3965,Private      ,5,3,8,656,59,715
00236200,MINNEAPOLIS COMM AND TECH COLLEGE       ,MN,55403-1779,Public       ,412,1221,1633,3791,7779,11570
00236500,MINNEAPOLIS COLLEGE OF ART & DESIGN     ,MN,55404-4343,Private      ,24,27,51,893,332,1225
00236600,CROSSROADS COLLEGE                      ,MN,55902-2382,Private      ,3,12,15,121,86,207
00236700,MINNESOTA STATE UNIVERSITY MOORHEAD     ,MN,56563-0001,Public       ,115,161,276,5141,2002,7143
00236900,NORTH CENTRAL UNIVERSITY                ,MN,55404-1391,Private      ,26,28,54,1097,343,1440
00237000,NORTH HENNEPIN COMMUNITY COLLEGE        ,MN,55445-2299,Public       ,213,505,718,2314,3660,5974
00237100,NORTHWESTERN COLLEGE                    ,MN,55113-1598,Private      ,40,77,117,2255,735,2990
00237300,ROCHESTER COMMUNITY/TECH COLLEGE        ,MN,55904-4999,Public       ,152,372,524,2590,2550,5140
00237500,SOUTHWEST MINNESOTA STATE UNIVERSITY    ,MN,56258-1598,Public       ,30,68,98,1998,927,2925
00237700,ST CLOUD STATE UNIVERSITY               ,MN,56301-4498,Public       ,284,368,652,9517,4018,13535
00237900,SAINT JOHNS UNIVERSITY                  ,MN,56321-0000,Private      ,22,2,24,1779,93,1872
00238000,SAINT MARY'S UNIVERSITY                 ,MN,55987-1399,Private      ,22,343,365,1550,2700,4250
00238200,ST OLAF COLLEGE                         ,MN,55057-1098,Private      ,31,4,35,3760,57,3817
00238300,CROWN COLLEGE                           ,MN,55375-9001,Private      ,17,69,86,746,588,1334
00238500,NORTHLAND COMMUNITY & TECHNICAL CLG     ,MN,56701-2598,Public       ,89,255,344,1508,1848,3356
00238600,UNITED THEOLGCL SEMINRY TWIN CITIES     ,MN,55112-0000,Private      ,0,8,8,1,102,103
00238800,"UNIVERSITY OF MINNESOTA, DULUTH         ",MN,55812-2496,Public       ,236,105,341,8794,1794,10588
00238900,"UNIVERSITY OF MINNESOTA, MORRIS         ",MN,56267-2113,Public       ,28,12,40,1675,206,1881
00239100,WILLIAM MITCHELL COLLEGE OF LAW         ,MN,55105-0000,Private      ,0,15,15,6,1293,1299
00239300,MINNESOTA STATE COLLEGE-SE TECH         ,MN,55987-0409,Public       ,60,158,218,778,1179,1957
00239400,WINONA STATE UNIVERSITY                 ,MN,55987-5838,Public       ,105,93,198,6504,1195,7699
00396900,UNIVERSITY OF MINNESOTA-TWIN CITIES     ,MN,55455-0422,Public       ,636,898,1534,25891,16219,42110
00396903,UNIVERSITY OF MINNESOTA - ROCHESTER     ,MN,55904-0000,Public       ,0,2,2,0,2,2
00400900,MESABI RANGE CMNTY & TECH COLLEGE       ,MN,55792-0000,Public       ,21,60,81,578,613,1191
00405708,NATIONAL AMERICAN UNIVERSITY            ,MN,55113-0000,Proprietary  ,6,35,41,51,282,333
00405715,NATIONAL AMERICAN UNIVERSITY - BLOOMINGT,MN,55425-5550,Proprietary  ,2,22,24,15,183,198
00406900,UNIVERSITY OF MINNESOTA-CROOKSTON       ,MN,56716-5001,Public       ,26,30,56,958,325,1283
00438600,VETERAN'S MEDICAL CTR- SCH RAD TECH     ,MN,55417-2399,Public       ,0,0,0,3,8,11
00464100,DUNWOODY COLLEGE OF TECHNOLOGY          ,MN,55403-1192,Private      ,72,169,241,971,1152,2123
00464200,GLOBE UNIVERSITY                        ,MN,55128-0000,Proprietary  ,103,351,454,684,1536,2220
00464500,MINNEAPOLIS BUSINESS COLLEGE            ,MN,55113-4036,Proprietary  ,5,7,12,462,119,581
00464600,MINNESOTA SCHOOL OF BUSINESS            ,MN,55423-0000,Proprietary  ,280,723,1003,2495,5498,7993
00464800,RASMUSSEN COLLEGE - EAGAN               ,MN,55122-1346,Proprietary  ,28,133,161,226,937,1163
00484602,RASMUSSEN COLLEGE - MOORHEAD            ,MN,56560-4513,Proprietary  ,0,0,0,0,1,1
00525200,RIDGEWATER COLLEGE                      ,MN,56201-2098,Public       ,84,223,307,1968,1658,3626
00526300,MINNESOTA WEST CMNTY & TECH COLG        ,MN,56241-1096,Public       ,24,182,206,952,1221,2173
00553300,"SAINT PAUL COLLEGE, COMMUNITY/TECHNICAL ",MN,55102-1800,Public       ,181,677,858,1986,4177,6163
00553400,ST CLOUD TECHNICAL COLLEGE              ,MN,56303-1240,Public       ,174,262,436,2254,1666,3920
00553500,PINE TECHNICAL COLLEGE                  ,MN,55063-2198,Public       ,13,84,97,189,515,704
00553700,SOUTH CENTRAL COLLEGE                   ,MN,56003-0000,Public       ,98,194,292,1516,1586,3102
00554100,MINNESOTA STATE COMMUNITY AND TECHNICAL ,MN,56573-1405,Public       ,146,382,528,2422,2849,5271
00554400,ALEXANDRIA TECHNICAL COLLEGE            ,MN,56308-3799,Public       ,36,90,126,1212,705,1917
00575700,LAKE SUPERIOR COLLEGE                   ,MN,55811-3399,Public       ,134,282,416,1877,2138,4015
00575900,NORTHWEST TECHNICAL COLLEGE - BEMIDJI   ,MN,56601-4907,Public       ,23,136,159,419,887,1306
00677500,RAINY RIVER COMMUNITY COLLEGE           ,MN,56649-2187,Public       ,4,11,15,112,116,228
00735000,ANOKA-HENNEPIN TECHNICAL COLLEGE        ,MN,55303-1590,Public       ,85,247,332,747,1486,2233
00735100,BROWN COLLEGE                           ,MN,55120-1004,Proprietary  ,88,144,232,1147,1121,2268
00746200,COLLEGE OF VISUAL ARTS                  ,MN,55102-2199,Private      ,3,5,8,205,59,264
00795400,NORMANDALE COMMUNITY COLLEGE            ,MN,55431-4399,Public       ,324,512,836,3651,3821,7472
00826700,NORTHWEST TECHNICAL INSTITUTE           ,MN,55121-5001,Proprietary  ,12,5,17,127,35,162
00869400,RASMUSSEN COLLEGE ST. CLOUD             ,MN,56301-3713,Proprietary  ,40,157,197,316,1122,1438
00869401,RASMUSSEN COLLEGE - SAINT CLOUD - BROOKL,MN,55445-1512,Proprietary  ,53,181,234,270,1212,1482
00905800,BETHEL UNIVERSITY                       ,MN,55112-6999,Private      ,56,211,267,2942,1800,4742
00960000,COSMETOLOGY CAREERS UNLTD-DULUTH        ,MN,55802-2031,Proprietary  ,6,5,11,22,37,59
00972200,EMPIRE BEAUTY SCHOOL                    ,MN,55119-7003,Proprietary  ,11,39,50,75,170,245
00974000,INVER HILLS COMMUNITY COLLEGE           ,MN,55076-3224,Public       ,166,367,533,1786,2408,4194
00983100,MODEL COLLEGE OF HAIR DESIGN            ,MN,56301-4280,Proprietary  ,6,11,17,76,45,121
00987000,SCOT LEWIS SCHOOL - BLOOMINGTON         ,MN,55420-2919,Proprietary  ,16,34,50,128,211,339
00989200,"DULUTH BUSINESS UNIV, INC.              ",MN,55807-0000,Proprietary  ,17,77,94,144,385,529
00999200,OAK HILLS CHRISTIAN COLLEGE             ,MN,56601-0000,Private      ,4,5,9,116,74,190
01024800,ART INSTITUTES INTL MINNESOTA           ,MN,55402-3137,Proprietary  ,114,131,245,1658,1011,2669
01035602,EVEREST INSTITUTE - EAGAN               ,MN,55121-1696,Proprietary  ,47,252,299,158,936,1094
01037400,METROPOLITAN STATE UNIVERSITY           ,MN,55106-5000,Public       ,82,615,697,1522,5221,6743
01040200,DAKOTA COUNTY TECHNICAL COLLEGE         ,MN,55068-2999,Public       ,103,208,311,1080,1451,2531
01049000,REGENCY BEAUTY INSTITUTE                ,MN,55428-0000,Proprietary  ,394,702,1096,2191,3382,5573
01049100,HENNEPIN TECHNICAL COLLEGE              ,MN,55445-2399,Public       ,174,569,743,1503,3346,4849
01054600,CENTURY COMMUNITY AND TECHNICAL CLG     ,MN,55110-1894,Public       ,344,750,1094,3791,4727,8518
01101700,HERZING COLLEGE                         ,MN,55428-3548,Proprietary  ,21,34,55,169,295,464
01168600,RASMUSSEN COLLEGE - EDEN PRAIRIE        ,MN,55344-7220,Proprietary  ,37,251,288,217,1545,1762
01173200,"MAYO CLINIC, COLLEGE OF MEDICINE        ",MN,55905-0000,Private      ,2,5,7,35,315,350
01173201,MAYO SCHOOL OF HEALTH-RELATED SCIEN     ,MN,55905-0000,Private      ,0,2,2,36,117,153
01173206,MAYO GRAD SCHOOL                        ,MN,55901-0000,Private      ,0,1,1,0,36,36
01173207,MAYO MEDICAL SCHOOL                     ,MN,55901-0000,Private      ,0,1,1,1,161,162
01232800,NORTHWESTERN HEALTH SCIENCES UNIV       ,MN,55431-1599,Private      ,8,44,52,53,876,929
02050300,ACADEMY COLLEGE                         ,MN,55420-1554,Proprietary  ,9,35,44,52,190,242
02123200,AVEDA INSTITUTE                         ,MN,55414-0000,Proprietary  ,39,64,103,352,276,628
02159800,COSMETOLOGY CAREERS UNLTD - HIBBING     ,MN,55746-0000,Proprietary  ,2,5,7,19,18,37
02160901,"SALON PROFESSIONAL ACADEMY, THE - THE SA",MN,55428-4928,Proprietary  ,7,16,23,52,62,114
02179901,ARGOSY UNIVERSITY - TWIN CITIES         ,MN,55121-1756,Proprietary  ,0,0,0,47,133,180
02238100,MINNESOTA SCHOOL OF COSMETOLOGY         ,MN,55125-0000,Proprietary  ,14,27,41,87,168,255
02260500,SUMMIT ACAD OPPORTUNITIES IND CTR       ,MN,55405-0000,Private      ,5,94,99,21,219,240
02263102,HIGH-TECH INSTITUTE - MINNEAPOLIS       ,MN,55416-2467,Proprietary  ,1,6,7,13,40,53
02284500,PILLSBURY BAPTIST BIBLE COLLEGE         ,MN,55060-0000,Private      ,3,2,5,132,20,152
02503300,RASMUSSEN COLLEGE - MANKATO             ,MN,56001-8658,Proprietary  ,29,128,157,263,838,1101
02503302,RASMUSSEN COLLEGE - MANKATO -  LAKE ELMO,MN,55042-8624,Proprietary  ,30,80,110,163,619,782
02504200,WALDEN UNIVERSITY                       ,MN,55401-2511,Proprietary  ,7,4752,4759,64,30705,30769
02514100,AMERICAN INDIAN OPPORTUNITIES CTR       ,MN,55404-0000,Private      ,0,17,17,4,105,109
02543600,INGENUE                                 ,MN,56560-0000,Proprietary  ,2,0,2,18,7,25
02551200,EAST METRO OIC                          ,MN,55104-3435,Private      ,4,55,59,24,153,177
03001200,MCNALLY SMITH COLLEGE OF MUSIC          ,MN,55101-2220,Proprietary  ,32,35,67,615,211,826
03051900,ALFRED ADLER GRADUATE SCHOOL            ,MN,55305-0000,Private      ,0,36,36,0,219,219
03096400,LEECH LAKE TRIBAL COLLEGE               ,MN,56633-0000,Public       ,2,19,21,44,229,273
03129100,FOND DU LAC TRIBAL & COMMUNITY CLG      ,MN,55720-2984,Public       ,29,105,134,417,774,1191
03267300,CAPELLA UNIVERSITY                      ,MN,55402-3389,Proprietary  ,7,3535,3542,68,32501,32569
03833300,AMERICAN ACADEMY OF ACUPUNCTURE AND ORIE,MN,55113-0000,Proprietary  ,0,14,14,4,82,86
03921400,WHITE EARTH TRIBAL AND COMMUNITY COLLEGE,MN,56557-0478,Private      ,3,9,12,18,77,95
04044300,HAZELDEN GRADUATE SCHOOL OF ADDICTION ST,MN,55012-0000,Private      ,0,11,11,0,83,83
04130200,INST. OF PRODUCTION AND RECORDING       ,MN,55401-1315,Proprietary  ,31,28,59,31,28,59
00239600,ALCORN STATE UNIVERSITY                 ,MS,39096-7500,Public       ,65,169,234,3135,2737,5872
00239700,BELHAVEN COLLEGE                        ,MS,39202-1789,Private      ,27,357,384,1242,2855,4097
00239800,BLUE MOUNTAIN COLLEGE                   ,MS,38610-9370,Private      ,3,33,36,331,300,631
00240100,COAHOMA COMMUNITY COLLEGE               ,MS,38614-9799,Public       ,46,176,222,1323,2117,3440
00240200,COPIAH-LINCOLN COMMUNITY COLLEGE        ,MS,39191-0649,Public       ,95,259,354,1838,2060,3898
00240300,DELTA STATE UNIVERSITY                  ,MS,38733-0000,Public       ,82,252,334,2804,2923,5727
00240400,EAST CENTRAL COMMUNITY COLLEGE          ,MS,39327-0129,Public       ,57,202,259,1425,1713,3138
00240500,EAST MISSISSIPPI COMM COLLEGE           ,MS,39358-0000,Public       ,119,327,446,2111,2901,5012
00240700,HINDS COMMUNITY COLLEGE                 ,MS,39154-9799,Public       ,373,962,1335,5827,7679,13506
00240800,HOLMES COMMUNITY COLLEGE                ,MS,39079-0000,Public       ,131,512,643,2887,4559,7446
00240900,ITAWAMBA COMMUNITY COLLEGE              ,MS,38843-1099,Public       ,142,647,789,3184,5019,8203
00241000,JACKSON STATE UNIVERSITY                ,MS,39217-0001,Public       ,190,602,792,7764,8081,15845
00241100,JONES COUNTY JUNIOR COLLEGE             ,MS,39437-3999,Public       ,155,258,413,3101,2340,5441
00241300,MERIDIAN COMMUNITY COLLEGE              ,MS,39307-5890,Public       ,89,278,367,1968,2321,4289
00241400,MILLSAPS COLLEGE                        ,MS,39201-0000,Private      ,19,36,55,1308,375,1683
00241500,MISSISSIPPI COLLEGE                     ,MS,39058-0001,Private      ,46,183,229,2206,2801,5007
00241501,MISSISSIPPI COLLEGE SCHOOL OF LAW       ,MS,39201-0000,Private      ,2,13,15,27,822,849
00241502,MISSISSIPPI COLLEGE - RANKIN CAMPUS     ,MS,39042-0000,Private      ,0,5,5,11,47,58
00241600,MISSISSIPPI DELTA CMTY COLLEGE          ,MS,38761-0000,Public       ,87,246,333,1839,2228,4067
00241700,MISSISSIPPI GULF CST CLG-PERKINSTON     ,MS,39573-0000,Public       ,86,84,170,1237,653,1890
00241701,MISSISSIPPI GULF CST CLG-JEFF DAVIS     ,MS,39507-0000,Public       ,128,366,494,1336,2344,3680
00241702,MISSISSIPPI GULF CST CLG-JACKSON CN     ,MS,39553-0000,Public       ,118,247,365,1216,1709,2925
00242200,MISSISSIPPI UNIV FOR WOMEN              ,MS,39701-5818,Public       ,28,109,137,1403,1583,2986
00242300,MISSISSIPPI STATE UNIVERSITY            ,MS,39762-9698,Public       ,323,355,678,10394,5694,16088
00242400,MISSISSIPPI VALLEY STATE UNIVERSITY     ,MS,38941-1400,Public       ,75,231,306,2800,3390,6190
00242600,NORTHEAST MS CMNTY COLLEGE              ,MS,38829-1731,Public       ,128,306,434,2141,1963,4104
00242700,NORTHWEST MISSISSIPPI COMMUNITY CLG     ,MS,38668-1703,Public       ,229,497,726,4175,4144,8319
00243000,PEARL RIVER COMMUNITY COLLEGE           ,MS,39470-2201,Public       ,147,360,507,2553,2833,5386
00243300,RUST COLLEGE                            ,MS,38635-2328,Private      ,41,37,78,1368,465,1833
00243500,SOUTHEASTERN BAPTIST COLLEGE            ,MS,39440-0000,Private      ,1,10,11,29,67,96
00243600,SOUTHWEST MISSISSIPPI CMNTY CLG         ,MS,39666-8099,Public       ,86,166,252,1284,1221,2505
00243900,TOUGALOO COLLEGE                        ,MS,39174-9799,Private      ,26,20,46,1497,460,1957
00244000,UNIVERSITY OF MISSISSIPPI               ,MS,38677-1848,Public       ,273,266,539,8257,5201,13458
00244001,UNIVERSITY OF MISSISSIPPI - MED CTR     ,MS,39216-0000,Public       ,18,51,69,361,1500,1861
00244100,UNIVERSITY OF SOUTHERN MISSISSIPPI      ,MS,39406-0001,Public       ,329,587,916,9418,7671,17089
00244700,WILLIAM CAREY UNIVERSITY                ,MS,39401-5499,Private      ,36,247,283,1075,2701,3776
01146100,WESLEY COLLEGE                          ,MS,39073-1070,Private      ,2,6,8,63,78,141
01289101,ANTONELLI COLLEGE - JACKSON             ,MS,39208-4526,Proprietary  ,11,85,96,120,452,572
01289102,ANTONELLI COLLEGE - HATTIESBURG         ,MS,39401-3056,Proprietary  ,9,82,91,118,610,728
02074900,CHRIS' BEAUTY COLLEGE                   ,MS,39501-0000,Proprietary  ,6,23,29,27,96,123
02160500,NORTH MISSISSIPPI MED CTR MED TECH      ,MS,38801-0000,Private      ,2,0,2,9,28,37
02235900,ACADEMY OF HAIR DESIGN #4               ,MS,39208-0000,Proprietary  ,0,11,11,25,94,119
02244300,ACADEMY OF HAIR DESIGN #1               ,MS,38901-0000,Proprietary  ,9,28,37,61,218,279
02249900,DELTA BEAUTY COLLEGE                    ,MS,38701-0000,Proprietary  ,1,9,10,31,77,108
02251600,ACADEMY OF HAIR DESIGN #6               ,MS,39401-7581,Proprietary  ,11,20,31,39,123,162
02251700,FOSTER'S COSMETOLOGY COLLEGE            ,MS,38663-0000,Proprietary  ,3,9,12,8,48,56
02302800,MISSISSIPPI COLLEGE OF BEAUTY CULT      ,MS,39440-0000,Proprietary  ,2,5,7,15,39,54
02320800,MAGNOLIA COLLEGE OF COSMETOLOGY         ,MS,39206-0000,Proprietary  ,4,36,40,57,182,239
02361200,MAGNOLIA BIBLE COLLEGE                  ,MS,39090-0000,Private      ,0,8,8,10,37,47
02490200,"ICS, THE WRIGHT BEAUTY COLLEGE          ",MS,38834-0000,Proprietary  ,0,7,7,7,34,41
02502100,CREATIONS COLLEGE OF COSMETOLOGY        ,MS,38803-0000,Proprietary  ,0,16,16,20,98,118
02516200,WESLEY BIBLICAL SEMINARY                ,MS,39206-0000,Private      ,0,10,10,0,103,103
02554600,GIBSON'S BARBER AND BEAUTY COLLEGE      ,MS,39773-0000,Proprietary  ,5,10,15,22,58,80
02586000,J & J HAIR DESIGN COLLEGE               ,MS,39051-3716,Proprietary  ,2,29,31,24,118,142
03004000,FINAL TOUCH BEAUTY SCHOOL               ,MS,39307-2934,Proprietary  ,2,25,27,21,69,90
03010401,CRESCENT CITY BARTENDING SCHOOL         ,MS,39501-0000,Proprietary  ,0,2,2,3,22,25
03010404,CRESCENT CITY SCHOOL OF GAMING & BARTEND,MS,38664-1903,Proprietary  ,0,1,1,2,6,8
03010603,VIRGINIA COLLEGE - JACKSON              ,MS,39206-5602,Proprietary  ,16,163,179,76,415,491
03010610,VIRGINIA COLLEGE - BILOXI               ,MS,39532-2124,Proprietary  ,2,25,27,27,191,218
03263300,TRAXLER'S SCHOOL OF HAIR                ,MS,39212-2529,Proprietary  ,5,21,26,12,57,69
03464300,ACADEMY OF HAIR DESIGN                  ,MS,39562-0000,Proprietary  ,3,16,19,13,59,72
03525300,BLUE CLIFF COLLEGE                      ,MS,39507-0000,Proprietary  ,23,50,73,79,247,326
03848300,DAY SPA CAREER COLLEGE                  ,MS,39564-0000,Proprietary  ,1,8,9,12,65,77
03963300,HEALING TOUCH SCHOOL OF MASSAGE THERAPY ,MS,39402-1300,Proprietary  ,4,7,11,9,37,46
04131300,CORINTH ACADEMY OF COSMETOLOGY          ,MS,38834-4813,Proprietary  ,1,10,11,13,50,63
00252600,CARROLL COLLEGE                         ,MT,59625-0002,Private      ,14,13,27,1478,214,1692
00252700,UNIVERSITY OF GREAT FALLS               ,MT,59405-4996,Private      ,8,48,56,461,489,950
00252800,MILES COMMUNITY COLLEGE                 ,MT,59301-4799,Public       ,13,17,30,287,216,503
00252900,DAWSON COMMUNITY COLLEGE                ,MT,59330-1405,Public       ,14,16,30,235,111,346
00253000,MONTANA STATE UNIVERSITY - BILLINGS     ,MT,59101-0298,Public       ,101,320,421,2373,2974,5347
00253100,MONTANA TECH OF THE UNIV OF MONTANA     ,MT,59701-8997,Public       ,42,117,159,1352,974,2326
00253200,MONTANA STATE UNIVERSITY - BOZEMAN      ,MT,59717-0001,Public       ,200,239,439,7628,3484,11112
00253300,MONTANA STATE UNIVERSITY-NORTHERN       ,MT,59501-3148,Public       ,18,33,51,662,726,1388
00253400,ROCKY MOUNTAIN COLLEGE                  ,MT,59102-1796,Private      ,9,18,27,838,324,1162
00253600,UNIVERSITY OF MONTANA (THE)             ,MT,59812-0001,Public       ,227,429,656,7611,6296,13907
00253700,UNIVERSITY OF MONTANA WESTERN (THE)     ,MT,59725-3598,Public       ,26,30,56,949,449,1398
00442500,BENEFIS HEALTHCARE SCH RAD TECH         ,MT,59405-4324,Private      ,0,0,0,8,12,20
00677700,FLATHEAD VALLEY COMMUNITY COLLEGE       ,MT,59901-2699,Public       ,75,153,228,619,917,1536
00757000,HELENA COLLEGE OF TECHNOLOGY            ,MT,59601-3098,Public       ,27,82,109,367,648,1015
00790000,BUTTE ACADEMY OF BEAUTY CULTURE         ,MT,59701-9197,Proprietary  ,0,9,9,21,34,55
00894700,"DAHL'S COLLEGE OF BEAUTY,INC            ",MT,59401-3731,Proprietary  ,5,6,11,19,31,50
00931400,MSU COLLEGE OF TECH-GREAT FALLS         ,MT,59405-4907,Public       ,40,160,200,580,1262,1842
02143400,SALISH KOOTENAI COLLEGE                 ,MT,59855-0000,Public       ,41,119,160,273,743,1016
02286600,LITTLE BIG HORN COLLEGE                 ,MT,59022-0000,Public       ,16,27,43,87,191,278
02343000,FT PECK COMMUNITY COLLEGE               ,MT,59255-0000,Public       ,18,45,63,67,231,298
02510600,BLACKFEET COMMUNITY COLLEGE             ,MT,59417-0000,Private      ,12,33,45,141,397,538
02517500,FORT BELKNAP COLLEGE                    ,MT,59526-0000,Public       ,3,11,14,51,110,161
02545200,CHIEF DULL KNIFE COLLEGE                ,MT,59043-0098,Public       ,3,10,13,58,122,180
02610900,STONE CHILD COLLEGE                     ,MT,59521-9796,Public       ,1,29,30,65,198,263
02621300,ACADEMY OF COSMETOLOGY                  ,MT,59715-3544,Proprietary  ,3,4,7,28,33,61
03205300,MODERN BEAUTY SCHOOL                    ,MT,59801-8386,Proprietary  ,9,7,16,47,38,85
03763400,"ACADEMY OF NAIL, SKIN & HAIR            ",MT,59101-0000,Proprietary  ,11,17,28,51,87,138
03778300,HEALTH WORKS INSTITUTE                  ,MT,59715-0000,Proprietary  ,1,2,3,13,20,33
00253900,CHADRON STATE COLLEGE                   ,NE,69337-2690,Public       ,32,69,101,1567,857,2424
00254000,COLLEGE OF ST MARY                      ,NE,68106-2606,Private      ,7,80,87,410,953,1363
00254100,CONCORDIA UNIVERSITY                    ,NE,68434-1594,Private      ,10,34,44,1299,198,1497
00254200,CREIGHTON UNIVERSITY                    ,NE,68178-0001,Private      ,74,135,209,4607,4295,8902
00254300,DANA COLLEGE                            ,NE,68008-9905,Private      ,7,6,13,842,81,923
00254400,DOANE COLLEGE                           ,NE,68333-2421,Private      ,20,105,125,1320,844,2164
00254700,GRACE UNIVERSITY                        ,NE,68108-3629,Private      ,11,13,24,327,255,582
00254800,HASTINGS COLLEGE                        ,NE,68901-7621,Private      ,21,10,31,1477,114,1591
00255100,UNIVERSITY OF NEBRASKA AT KEARNEY       ,NE,68849-0001,Public       ,84,113,197,3877,1431,5308
00255300,MIDLAND LUTHERAN COLLEGE                ,NE,68025-4254,Private      ,16,20,36,862,208,1070
00255400,UNIVERSITY OF NEBRASKA-OMAHA            ,NE,68182-0001,Public       ,244,444,688,7363,5015,12378
00255500,NEBRASKA WESLEYAN UNIVERSITY            ,NE,68504-2796,Private      ,31,39,70,1865,482,2347
00255700,MID-PLAINS COMM COLLEGE - NORTH PLATTE  ,NE,69101-9420,Public       ,24,70,94,416,532,948
00255701,MID-PLAINS COMMUNITY COLLEGE - MCCOOK   ,NE,69001-2631,Public       ,12,18,30,251,149,400
00255900,PERU STATE COLLEGE                      ,NE,68421-0010,Public       ,26,67,93,905,958,1863
00256000,WESTERN NEBRASKA COMMUNITY COLLEGE      ,NE,69361-1815,Public       ,27,128,155,668,834,1502
00256300,UNION COLLEGE                           ,NE,68506-4387,Private      ,13,9,22,766,277,1043
00256500,UNIVERSITY OF NEBRASKA-LINCOLN          ,NE,68588-0419,Public       ,313,252,565,14135,4553,18688
00256596,UNIVERSITY OF NEBRASKA - CURTIS         ,NE,69025-9522,Public       ,6,3,9,210,29,239
00256600,WAYNE STATE COLLEGE                     ,NE,68787-1172,Public       ,39,72,111,2574,799,3373
00256700,YORK COLLEGE                            ,NE,68467-2699,Private      ,9,9,18,434,90,524
00443100,MARY LANNING MEM HOSP SCH RAD TECH      ,NE,68901-4497,Private      ,1,2,3,11,4,15
00443600,REGNL WST MEDCL CTR SCHL RAD            ,NE,69361-0000,Private      ,0,1,1,11,7,18
00458608,KAPLAN UNIVERSITY - OMAHA               ,NE,68134-1002,Proprietary  ,34,212,246,201,1238,1439
00458609,KAPLAN UNIVERSITY - LINCOLN             ,NE,68508-2668,Proprietary  ,23,135,158,156,822,978
00639900,BRYANLGH COLLEGE OF HEALTH SCIENCES     ,NE,68506-1398,Private      ,5,16,21,278,231,509
00640400,NEBR METHODIST CLG OF NURS ALLD HLTH    ,NE,68114-2852,Private      ,8,35,43,352,493,845
00689500,UNIVERSITY OF NEBRASKA-MED CTR          ,NE,68198-4265,Public       ,21,71,92,531,2067,2598
00750100,VATTEROTT COLLEGE                       ,NE,68137-1237,Proprietary  ,28,127,155,172,739,911
00849200,ALEGENT HEALTH SCHOOLS                  ,NE,68114-2767,Private      ,0,6,6,22,63,85
00952300,BAHNER COLLEGE OF HAIRSTYLING           ,NE,68025-3297,Proprietary  ,5,5,10,42,25,67
00961700,CAPITOL BEAUTY SCHOOL                   ,NE,68144-3873,Proprietary  ,12,16,28,106,71,177
00974300,BELLEVUE UNIVERSITY                     ,NE,68005-0000,Private      ,65,860,925,776,5700,6476
00986200,CLARKSON COLLEGE                        ,NE,68131-2739,Private      ,16,63,79,405,623,1028
01151900,JOSEPH'S COLLEGE OF BEAUTY/ALL CAMPUSES ,NE,68510-2226,Proprietary  ,17,51,68,166,278,444
01151909,JOSEPH'S COLLEGE OF BEAUTY - OMAHA      ,NE,68131-0000,Proprietary  ,0,0,0,5,5,10
01166700,NORTHEAST COMMUNITY COLLEGE             ,NE,68702-0000,Public       ,56,135,191,1422,1004,2426
01181400,GATEWAY ELECTRONICS INST                ,NE,68114-0000,Proprietary  ,0,0,0,0,1,1
01258600,METROPOLITAN COMMUNITY COLLEGE          ,NE,68103-0000,Public       ,273,878,1151,3322,6782,10104
01297600,NEBRASKA CHRISTIAN COLLEGE              ,NE,68046-4256,Private      ,3,1,4,135,41,176
02079700,COLLEGE OF HAIR DESIGN                  ,NE,68508-0000,Proprietary  ,15,19,34,189,91,280
02099500,CENTRAL COMMUNITY COLLEGE- GI           ,NE,68801-0000,Public       ,45,129,174,568,1012,1580
02099501,CENTRAL COMMUNITY COLLEGE - HASTINGS    ,NE,68902-0000,Public       ,26,69,95,839,564,1403
02099502,CENTRAL COMMUNITY COLLEGE - COLUMBUS    ,NE,68602-0000,Public       ,23,33,56,399,353,752
02508300,SOUTHEAST COMM. COLLEGE-ALL CAMPUSES    ,NE,68520-0000,Public       ,350,542,892,4403,4157,8560
02550800,NEBRASKA INDIAN COMMUNITY COLLEGE       ,NE,68039-0000,Private      ,5,16,21,16,69,85
02610500,XENON INTERNATIONAL ACADEMY II          ,NE,68127-3522,Proprietary  ,24,26,50,191,139,330
03127300,OMAHA SCHOOL OF MASSAGE THERAPY         ,NE,68127-5002,Proprietary  ,7,34,41,66,106,172
03164300,THE CREATIVE CENTER                     ,NE,68164-2911,Proprietary  ,2,4,6,149,26,175
03279300,MYOTHERAPY INSTITUTE                    ,NE,68516-3641,Proprietary  ,3,8,11,31,31,62
03323300,LITTLE PRIEST TRIBAL COLLEGE            ,NE,68071-0000,Private      ,3,7,10,27,69,96
03821400,UNIVERSAL COLLEGE OF HEALING ARTS       ,NE,68112-1810,Proprietary  ,7,15,22,15,47,62
00256800,UNIVERSITY OF NEVADA RENO               ,NV,89557-0002,Public       ,282,321,603,6351,3903,10254
00256900,UNIVERSITY OF NEVADA-LAS VEGAS          ,NV,89154-1001,Public       ,515,989,1504,10323,11507,21830
00697700,GREAT BASIN COLLEGE                     ,NV,89801-3348,Public       ,23,105,128,399,816,1215
00736700,MARINELLO SCHOOLS OF BEAUTY             ,NV,89110-3563,Proprietary  ,21,59,80,99,336,435
00737100,MARINELLO SCHOOL OF BEAUTY              ,NV,89502-5982,Proprietary  ,9,14,23,54,111,165
00919200,SIERRA NEVADA COLLEGE                   ,NV,89451-0000,Private      ,12,77,89,258,448,706
01036200,COLLEGE OF SOUTHERN NEVADA              ,NV,89030-4296,Public       ,920,2401,3321,6258,12761,19019
01036300,WESTERN NEVADA COLLEGE                  ,NV,89703-0000,Public       ,79,247,326,711,1567,2278
01323200,ACADEMY OF HAIR DESIGN                  ,NV,89102-0000,Proprietary  ,15,40,55,97,159,256
02107700,TRUCKEE MEADOWS COMMUNITY CLG           ,NV,89512-0000,Public       ,289,607,896,2072,3790,5862
02237500,LAS VEGAS COLLEGE                       ,NV,89103-0000,Proprietary  ,80,198,278,343,875,1218
02338509,NEVADA CAREER INSTITUTE                 ,NV,89121-0000,Proprietary  ,17,64,81,31,129,160
02361001,ITT TECHNICAL INSTITUTE                 ,NV,89014-0000,Proprietary  ,100,216,316,378,864,1242
02616703,SCOTTSDALE CULINARY INSTITUTE - LE CORDO,NV,89144-7047,Proprietary  ,7,33,40,96,202,298
02621500,CAREER COLLEGE OF NORTHERN NEVADA       ,NV,89502-2331,Proprietary  ,22,94,116,111,442,553
03030603,UTAH CLG OF MASSAGE THERAPY-NSMT        ,NV,89123-0000,Proprietary  ,41,82,123,152,358,510
03031405,INTERNATIONAL ACADEMY OF DESIGN AND TECH,NV,89074-7750,Proprietary  ,43,73,116,266,384,650
03043200,KAPLAN COLLEGE                          ,NV,89102-8618,Proprietary  ,42,168,210,152,687,839
03076404,HIGH-TECH INSTITUTE - LAS VEGAS         ,NV,89102-4514,Proprietary  ,8,10,18,46,96,142
03084600,THE ART INSTITUTE OF LAS VEGAS          ,NV,89074-7737,Proprietary  ,107,160,267,1169,1312,2481
03088200,CARSON CITY BEAUTY ACADEMY              ,NV,89706-0000,Proprietary  ,8,23,31,22,107,129
03110000,ACADEMY OF HEALING ARTS                 ,NV,89106-4031,Proprietary  ,43,224,267,170,763,933
03232306,EUPHORIA INSTITUTE - SUMMERLIN          ,NV,89117-8803,Proprietary  ,11,39,50,123,193,316
03232307,EUPHORIA INSTITUTE - GREEN VALLEY       ,NV,89052-4964,Proprietary  ,19,32,51,113,194,307
03232308,EUPHORIA INSTITUTE - ALIANTE            ,NV,89131-1036,Proprietary  ,17,42,59,47,80,127
03787300,EXPERTISE SCHOOL OF BEAUTY              ,NV,89106-2516,Private      ,14,42,56,39,136,175
03838500,NORTHWEST HEALTH CAREERS                ,NV,89128-0000,Proprietary  ,4,30,34,38,149,187
03975300,INSTITUTE OF PROFESSIONAL CAREERS       ,NV,89119-7825,Proprietary  ,2,12,14,13,55,68
04065300,UNIVERSITY OF SOUTHERN NEVADA           ,NV,89014-2333,Private      ,5,29,34,125,1137,1262
04114300,NEVADA STATE COLLEGE                    ,NV,89002-9455,Public       ,48,130,178,656,1132,1788
00257200,COLBY-SAWYER COLLEGE                    ,NH,03257-4648,Private      ,16,4,20,1860,41,1901
00257300,DARTMOUTH COLLEGE                       ,NH,03755-3529,Private      ,100,31,131,9036,1790,10826
00257500,FRANKLIN PIERCE COLLEGE                 ,NH,03461-0060,Private      ,29,64,93,3068,884,3952
00257900,NEW ENGLAND COLLEGE                     ,NH,03242-3293,Private      ,26,87,113,1483,674,2157
00258000,SOUTHERN NEW HAMPSHIRE UNIVERSITY       ,NH,03106-1045,Private      ,72,348,420,3867,3339,7206
00258100,NHTI  - CONCORD'S COMMUNITY COLLEGE     ,NH,03301-7412,Public       ,93,138,231,1979,1175,3154
00258200,MANCHESTER COMMUNITY COLLEGE            ,NH,03102-8518,Public       ,58,104,162,856,881,1737
00258202,NEW HAMPSHIRE COMMUNITY TECHNICAL COLLEG,NH,03038-0000,Public       ,1,2,3,39,14,53
00258300,GREAT BAY COMMUNITY COLLEGE             ,NH,03885-0000,Public       ,34,64,98,626,636,1262
00258600,RIVIER COLLEGE                          ,NH,03060-5086,Private      ,21,76,97,1330,795,2125
00258700,SAINT ANSELM COLLEGE                    ,NH,03102-1310,Private      ,31,5,36,3729,67,3796
00258900,UNIVERSITY OF NEW HAMPSHIRE             ,NH,03824-2511,Public       ,154,111,265,18136,2790,20926
00259000,KEENE STATE COLLEGE                     ,NH,03431-0000,Public       ,75,25,100,6697,517,7214
00259100,PLYMOUTH STATE UNIVERSITY               ,NH,03264-1595,Public       ,63,65,128,5938,791,6729
00301004,ANTIOCH UNIVERSITY                      ,NH,03431-0000,Private      ,1,27,28,3,810,813
00472900,HESSER COLLEGE                          ,NH,03103-7230,Proprietary  ,68,191,259,822,1072,1894
00472901,HESSER COLLEGE - NASHUA CAMPUS          ,NH,03063-1286,Proprietary  ,32,72,104,186,480,666
00472904,HESSER COLLEGE - PORTSMOUTH CAMPUS      ,NH,03801-3245,Proprietary  ,26,88,114,143,444,587
00472905,HESSER COLLEGE - SALEM CAMPUS           ,NH,03079-2842,Proprietary  ,29,86,115,242,574,816
00472906,HESSER COLLEGE - CONCORD CAMPUS         ,NH,03301-3415,Proprietary  ,20,71,91,102,410,512
00473000,MCINTOSH COLLEGE INC                    ,NH,03820-3990,Proprietary  ,4,4,8,267,207,474
00473100,DANIEL WEBSTER COLLEGE                  ,NH,03063-1300,Private      ,16,20,36,1100,228,1328
00473300,CHESTER COLLEGE OF NEW ENGLAND          ,NH,03036-4331,Private      ,6,1,7,293,30,323
00529100,WHITE MOUNTAINS COMMUNITY COLLEGE       ,NH,03570-3799,Public       ,17,52,69,277,500,777
00702500,LEBANON COLLEGE                         ,NH,03766-0000,Private      ,1,12,13,34,58,92
00755500,LAKES REGION COMMUNITY COLLEGE          ,NH,03246-1326,Public       ,30,57,87,523,376,899
00756000,RIVER VALLEY COMMUNITY COLLEGE          ,NH,03743-9707,Public       ,18,47,65,222,526,748
00849300,CONTINENTAL ACADEMIE OF HAIR DESIGN     ,NH,03103-4901,Proprietary  ,3,4,7,13,12,25
00864500,EMPIRE BEAUTY SCHOOL                    ,NH,03220-0000,Proprietary  ,22,24,46,118,93,211
00923600,NASHUA COMMUNITY COLLEGE                ,NH,03063-2052,Public       ,46,78,124,660,609,1269
01318900,CONTINENTAL ACADEMIE OF HAIR DESIGN     ,NH,03051-3754,Proprietary  ,5,7,12,25,19,44
02097900,FRANKLIN PIERCE LAW CENTER              ,NH,03301-0000,Private      ,0,5,5,13,770,783
02140400,ST JOSEPH SCH OF PRAC NRSG              ,NH,03060-0000,Private      ,1,4,5,35,85,120
02174800,MICHAEL'S SCHOOL OF HAIR DESIGN & ESTHET,NH,03110-0000,Proprietary  ,4,14,18,67,59,126
02179600,EMPIRE BEAUTY SCHOOL                    ,NH,03878-0000,Proprietary  ,23,36,59,99,154,253
02211600,PORTSMOUTH BTY SCH OF HAIR DESIGN       ,NH,03801-4084,Proprietary  ,2,3,5,26,9,35
02223300,MAGDALEN COLLEGE                        ,NH,03278-4012,Private      ,3,2,5,3,2,5
02245400,KEENE BEAUTY ACADEMY                    ,NH,03431-0000,Proprietary  ,9,3,12,40,32,72
02247000,NEW ENGLAND SCHOOL OF HAIR DESIGN       ,NH,03784-0000,Proprietary  ,9,16,25,33,47,80
02300200,CONCORD ACADEMY OF HAIR DESIGN          ,NH,03301-0000,Proprietary  ,2,2,4,7,11,18
03043100,THOMAS MORE COLLEGE OF LIBERAL ARTS     ,NH,03054-4818,Private      ,0,2,2,100,11,111
03101300,GRANITE STATE COLLEGE                   ,NH,03301-6400,Public       ,11,94,105,214,1179,1393
03182300,NEW HAMPSHIRE INSTITUTE OF ART          ,NH,03104-4858,Private      ,7,6,13,465,87,552
03305300,SECOND START                            ,NH,03301-5706,Private      ,0,0,0,0,1,1
03437300,UPPER VALLEY TEACHER INSTITUTE          ,NH,03766-1358,Private      ,0,1,1,5,41,46
03729300,NH INSTITUTE FOR THERAPEUTIC ARTS       ,NH,03051-4906,Proprietary  ,3,6,9,9,39,48
00267000,BAPTIST BIBLE COLG OF PENNSYLVANIA      ,PA,18411-1297,Private      ,11,25,36,648,148,796
00322800,BRYN ATHYN COLLEGE OF THE NEW CHURCH    ,PA,19009-0717,Private      ,5,1,6,78,13,91
00322900,ALBRIGHT COLLEGE                        ,PA,19612-5234,Private      ,44,69,113,3256,774,4030
00323000,ALLEGHENY COLLEGE                       ,PA,16335-3902,Private      ,24,6,30,3441,59,3500
00323100,COMM CLG OF ALLEGHENY-ALLEGHENY CMP     ,PA,15212-0000,Public       ,178,571,749,2241,4034,6275
00323101,"COMM CLG OF ALLEGHENY, BOYCE CAMPUS     ",PA,15146-0000,Public       ,90,234,324,1175,1709,2884
00323102,"COMM CLG OF ALLEGHENY, NORTH CAMPUS     ",PA,15237-0000,Public       ,67,148,215,1010,1005,2015
00323103,"COMM CLG OF ALLEGHENY, SOUTH CAMPUS     ",PA,15122-0000,Public       ,110,229,339,1583,1847,3430
00323300,ALVERNIA UNIVERSITY                     ,PA,19607-1799,Private      ,26,89,115,1887,1294,3181
00323500,ARCADIA UNIVERSITY                      ,PA,19038-3295,Private      ,35,104,139,3924,1527,5451
00323700,BRYN MAWR COLLEGE                       ,PA,19010-2899,Private      ,14,9,23,1514,468,1982
00323800,BUCKNELL UNIVERSITY                     ,PA,17837-2122,Private      ,69,7,76,5092,125,5217
00323900,BUCKS COUNTY COMMUNITY COLLEGE          ,PA,18940-1320,Public       ,205,315,520,2995,2391,5386
00324000,BUTLER COUNTY COMMUNITY COLLEGE         ,PA,16001-0000,Public       ,108,202,310,1591,1478,3069
00324100,CABRINI COLLEGE                         ,PA,19087-3698,Private      ,26,164,190,3019,1167,4186
00324200,CARNEGIE MELLON UNIVERSITY              ,PA,15213-3890,Private      ,134,48,182,9446,1147,10593
00324201,CARNEGIE MELLON UNIV- THE HEINZ SCH     ,PA,15213-0000,Private      ,5,18,23,303,467,770
00324202,CARNEGIE MELLON- TEPPER SCHOOL OF BUSINE,PA,15213-0000,Private      ,2,22,24,270,534,804
00324300,CEDAR CREST COLLEGE                     ,PA,18104-6196,Private      ,15,63,78,1385,1039,2424
00324400,CHATHAM UNIVERSITY                      ,PA,15232-2826,Private      ,7,95,102,754,1321,2075
00324500,CHESTNUT HILL COLLEGE                   ,PA,19118-2693,Private      ,35,126,161,1475,1395,2870
00324700,MISERICORDIA  UNIVERSITY                ,PA,18612-1008,Private      ,19,76,95,1937,891,2828
00324900,COMMUNITY COLLEGE OF PHILADELPHIA       ,PA,19130-3991,Public       ,933,2119,3052,9538,14877,24415
00325100,CURTIS INSTITUTE OF MUSIC               ,PA,19103-6187,Private      ,9,2,11,258,60,318
00325200,DELAWARE VALLEY COLLEGE                 ,PA,18901-2697,Private      ,20,27,47,2233,292,2525
00325300,DICKINSON COLLEGE                       ,PA,17013-2896,Private      ,32,2,34,3071,63,3134
00325400,DICKINSON SCHOOL OF LAW                 ,PA,17013-2899,Private      ,0,0,0,25,1586,1611
00325600,DREXEL UNIVERSITY                       ,PA,19104-2875,Private      ,280,689,969,19461,11961,31422
00325800,DUQUESNE UNIVERSITY                     ,PA,15282-0001,Private      ,54,203,257,7088,3862,10950
00325900,EASTERN UNIVERSITY                      ,PA,19087-3696,Private      ,28,182,210,2132,2193,4325
00325908,EASTERN BAPTIST THEOLGCL SEMINARY       ,PA,19096-0000,Private      ,0,1,1,2,73,75
00326200,ELIZABETHTOWN COLLEGE                   ,PA,17022-2298,Private      ,26,22,48,2908,376,3284
00326300,EVANGELICAL SCHOOL OF THEOLOGY          ,PA,17067-0000,Private      ,0,9,9,0,107,107
00326500,FRANKLIN & MARSHALL COLLEGE             ,PA,17604-0000,Private      ,34,6,40,3017,68,3085
00326600,GANNON UNIVERSITY                       ,PA,16541-0001,Private      ,26,67,93,3446,1294,4740
00326700,GENEVA COLLEGE                          ,PA,15010-3599,Private      ,16,73,89,1862,853,2715
00326800,GETTYSBURG COLLEGE                      ,PA,17325-1486,Private      ,34,6,40,4020,61,4081
00326900,GROVE CITY COLLEGE                      ,PA,16127-0000,Private      ,19,1,20,1800,33,1833
00327000,GWYNEDD-MERCY COLLEGE                   ,PA,19437-0901,Private      ,25,116,141,1733,1059,2792
00327200,HARCUM COLLEGE                          ,PA,19010-3476,Private      ,15,49,64,491,834,1325
00327300,HARRISBURG AREA COMMUNITY COLLEGE       ,PA,17110-2999,Public       ,578,1363,1941,7198,10483,17681
00327400,HAVERFORD COLLEGE                       ,PA,19041-1392,Private      ,13,2,15,2046,28,2074
00327500,HOLY FAMILY UNIVERSITY                  ,PA,19114-2094,Private      ,32,149,181,2003,1720,3723
00327600,IMMACULATA UNIVERSITY                   ,PA,19345-0647,Private      ,18,131,149,1466,1400,2866
00327700,INDIANA UNIVERSITY OF PENNSYLVANIA      ,PA,15705-1097,Public       ,181,175,356,12758,3314,16072
00327900,JUNIATA COLLEGE                         ,PA,16652-2196,Private      ,18,3,21,2356,68,2424
00328000,KEYSTONE COLLEGE                        ,PA,18440-0200,Private      ,28,35,63,1632,702,2334
00328200,KINGS COLLEGE                           ,PA,18711-0801,Private      ,32,31,63,2845,433,3278
00328300,LACKAWANNA COLLEGE                      ,PA,18509-9961,Private      ,57,82,139,1363,767,2130
00328400,LAFAYETTE COLLEGE                       ,PA,18042-1768,Private      ,52,4,56,3694,59,3753
00328500,LANCASTER BIBLE COLLEGE                 ,PA,17601-5036,Private      ,14,21,35,562,301,863
00328600,LANCASTER THEOLOGICAL SEMINARY          ,PA,17603-0000,Private      ,0,5,5,0,108,108
00328700,LASALLE UNIVERSITY                      ,PA,19141-1199,Private      ,61,201,262,5345,2779,8124
00328800,LEBANON VALLEY COLLEGE                  ,PA,17003-1400,Private      ,21,6,27,2351,190,2541
00328900,LEHIGH UNIVERSITY                       ,PA,18015-1588,Private      ,95,39,134,8330,619,8949
00329000,LINCOLN UNIVERSITY                      ,PA,19352-0999,Public       ,97,48,145,3857,1066,4923
00329100,LUTHERAN THEOLOG SEMINARY-GETTYSBRG     ,PA,17325-0000,Private      ,0,2,2,0,143,143
00329200,LUTHERAN THEOLOGICAL SEMINARY           ,PA,19119-0000,Private      ,0,7,7,0,172,172
00329300,LYCOMING COLLEGE                        ,PA,17701-5192,Private      ,5,7,12,1818,79,1897
00329400,MANOR COLLEGE                           ,PA,19046-3399,Private      ,16,55,71,575,513,1088
00329600,MARYWOOD UNIVERSITY                     ,PA,18509-1598,Private      ,30,97,127,2549,1522,4071
00329700,MERCYHURST COLLEGE                      ,PA,16546-0001,Private      ,83,124,207,4080,1472,5552
00329800,MESSIAH COLLEGE                         ,PA,17027-0800,Private      ,29,6,35,3414,121,3535
00330000,MOORE COLLEGE OF ART & DESIGN           ,PA,19103-1179,Private      ,18,16,34,713,207,920
00330100,MORAVIAN COLLEGE                        ,PA,18018-6650,Private      ,23,9,32,2152,212,2364
00330101,MORAVIAN THEOLOGICAL SEMINARY           ,PA,18018-0000,Private      ,0,4,4,11,58,69
00330200,MOUNT ALOYSIUS COLLEGE                  ,PA,16630-1999,Private      ,17,56,73,1233,838,2071
00330300,CARLOW COLLEGE                          ,PA,15213-3165,Private      ,10,136,146,1175,1580,2755
00330400,MUHLENBERG COLLEGE                      ,PA,18104-5586,Private      ,44,18,62,3359,205,3564
00330600,VALLEY FORGE CHRISTIAN COLLEGE          ,PA,19460-2399,Private      ,18,14,32,832,209,1041
00330900,PEIRCE COLLEGE                          ,PA,19102-4699,Private      ,18,170,188,292,2133,2425
00331100,PENNSYLVANIA COLLEGE OF OPTOMETRY       ,PA,19027-1598,Private      ,0,3,3,10,847,857
00331300,WIDENER UNIVERSITY                      ,PA,19013-5792,Private      ,60,103,163,4152,1996,6148
00331302,WIDENER UNIV SCH OF LAW- HARRISBURG     ,PA,17106-9381,Private      ,0,6,6,3,844,847
00331500,BLOOMSBURG UNIVERSITY OF PA             ,PA,17815-1301,Public       ,164,84,248,10281,1607,11888
00331600,CALIFORNIA UNIV OF PENNSYLVANIA         ,PA,15419-1394,Public       ,97,322,419,6515,3763,10278
00331700,CHEYNEY UNIVERSITY OF PENNSYLVANIA      ,PA,19319-0200,Public       ,53,56,109,2243,831,3074
00331800,CLARION UNIVERSITY OF PENNSYLVANIA      ,PA,16214-1232,Public       ,84,161,245,5340,2028,7368
00332000,EAST STROUDSBURG UNIVERSITY             ,PA,18301-2999,Public       ,142,112,254,7430,1445,8875
00332100,EDINBORO UNIVERSITY OF PENNSYLVANIA     ,PA,16444-0001,Public       ,105,194,299,5780,2986,8766
00332200,KUTZTOWN UNIVERSITY OF PENNSYLVANIA     ,PA,19530-9339,Public       ,193,149,342,9896,1661,11557
00332300,LOCK HAVEN UNIV OF PENNSYLVANIA         ,PA,17745-2439,Public       ,83,68,151,5501,1099,6600
00332400,MANSFIELD UNIVERSITY                    ,PA,16933-1123,Public       ,56,79,135,3018,1012,4030
00332500,MILLERSVILLE UNIVERSITY OF PA           ,PA,17551-1800,Public       ,146,110,256,7879,1742,9621
00332600,SHIPPENSBURG UNIVERSITY                 ,PA,17257-2299,Public       ,138,90,228,7363,1270,8633
00332700,SLIPPERY ROCK UNIVERSITY                ,PA,16057-1326,Public       ,113,115,228,7949,1936,9885
00332800,WEST CHESTER UNIVERSITY                 ,PA,19383-0001,Public       ,205,214,419,13303,3042,16345
00332900,PENN STATE UNIVERSITY                   ,PA,16802-1503,Public       ,939,1236,2175,66557,16316,82873
00332901,PENN STATE UNIV-HERSHEY MEDCL CTR       ,PA,17033-0000,Public       ,13,6,19,77,1054,1131
00335000,UNIVERSITY OF THE ARTS (THE)            ,PA,19102-9493,Private      ,61,25,86,3267,583,3850
00335100,PHILADELPHIA BIBLICAL UNIVERSITY        ,PA,19047-2942,Private      ,13,34,47,934,532,1466
00335200,PHILADELPHIA CLG OSTEOPATHIC MED        ,PA,19131-0000,Private      ,0,33,33,15,2594,2609
00335300,UNIVERSITY OF THE SCIENCES IN PHILADELPH,PA,19104-4495,Private      ,47,31,78,3342,834,4176
00335400,PHILADELPHIA UNIVERSITY                 ,PA,19144-5497,Private      ,56,77,133,3879,945,4824
00335600,PITTSBURGH THEOLOGICAL SEMINARY         ,PA,15206-0000,Private      ,0,14,14,1,202,203
00335700,POINT PARK UNIVERSITY                   ,PA,15222-1912,Private      ,48,176,224,3026,2066,5092
00335800,REFORMED PRESBYTERIAN THEOL SEMINAR     ,PA,15208-0000,Private      ,0,2,2,0,26,26
00335900,ROBERT MORRIS UNIVERSITY                ,PA,15108-1189,Private      ,61,130,191,3822,1878,5700
00336000,ROSEMONT COLLEGE                        ,PA,19010-1699,Private      ,5,58,63,517,472,989
00336200,SETON HILL UNIVERSITY                   ,PA,15601-1599,Private      ,21,59,80,1773,778,2551
00336400,ST. CHARLES BORROMEO SEMINARY           ,PA,19096-0000,Private      ,1,7,8,26,53,79
00336600,SAINT FRANCIS UNIVERSITY                ,PA,15940-0600,Private      ,21,27,48,1926,510,2436
00336700,SAINT JOSEPH'S UNIVERSITY               ,PA,19131-1395,Private      ,83,210,293,5906,1874,7780
00336800,ST VINCENT COLLEGE                      ,PA,15650-2690,Private      ,16,21,37,2114,308,2422
00336900,SUSQUEHANNA UNIVERSITY                  ,PA,17870-1001,Private      ,19,3,22,2754,94,2848
00337000,SWARTHMORE COLLEGE                      ,PA,19081-1397,Private      ,33,2,35,3589,43,3632
00337100,TEMPLE UNIV - MAIN CAMPUS               ,PA,19122-6003,Private      ,456,417,873,26165,6925,33090
00337101,TEMPLE UNIV - SCHOOL OF LAW             ,PA,19122-0000,Private      ,4,22,26,50,2595,2645
00337102,TEMPLE UNIV - SCHOOL OF MEDICINE        ,PA,19140-0000,Private      ,11,13,24,121,1249,1370
00337103,TEMPLE UNIV - SCHOOL OF DENTISTRY       ,PA,19140-0000,Private      ,1,5,6,27,575,602
00337104,TEMPLE UNIV - AMBLER CAMPUS             ,PA,19002-0000,Private      ,27,37,64,805,613,1418
00337105,TEMPLE UNIV - SCH OF ALLIED HEALTH      ,PA,19140-0000,Private      ,7,16,23,322,405,727
00337106,TEMPLE UNIV - SCHOOL OF PHARMACY        ,PA,19140-0000,Private      ,4,14,18,211,668,879
00337107,TEMPLE UNIV - TYLER SCHOOL OF ART       ,PA,19122-0000,Private      ,10,9,19,719,239,958
00337108,TEMPLE UNIV - GRAD DIV HEALTH SCI       ,PA,19140-0000,Private      ,3,15,18,83,449,532
00337109,TEMPLE UNIV - GRADUATE DIVISION         ,PA,19122-0000,Private      ,9,129,138,184,2653,2837
00337111,TEMPLE UNIV-SCH OF PODIATRIC MED        ,PA,19107-0000,Private      ,0,3,3,9,365,374
00337600,THIEL COLLEGE                           ,PA,16125-2181,Private      ,23,10,33,1529,138,1667
00337800,UNIVERSITY OF PENNSYLVANIA              ,PA,19104-6216,Private      ,235,309,544,14919,11647,26566
00337900,UNIVERSITY OF PITTSBURGH                ,PA,15260-0000,Public       ,386,544,930,25187,9685,34872
00337906,UNIV OF PITTSBURGH-SCH OF MEDICINE      ,PA,15261-0000,Public       ,0,7,7,52,884,936
00337907,UNIV OF PITTSBURGH-DENTAL MEDICINE      ,PA,15261-0000,Public       ,1,1,2,25,337,362
00338400,UNIVERSITY OF SCRANTON                  ,PA,18510-4622,Private      ,51,161,212,6605,1494,8099
00338500,URSINUS COLLEGE                         ,PA,19426-2562,Private      ,26,5,31,3744,84,3828
00338600,VALLEY FORGE MILITARY COLLEGE           ,PA,19087-3695,Private      ,8,2,10,233,12,245
00338800,VILLANOVA UNIVERSITY                    ,PA,19085-1699,Private      ,107,127,234,11343,1741,13084
00338801,VILLANOVA UNIV SCH OF LAW               ,PA,19085-0000,Private      ,0,13,13,20,1682,1702
00338900,WASHINGTON & JEFFERSON COLLEGE          ,PA,15301-4801,Private      ,15,0,15,2589,43,2632
00339100,WAYNESBURG UNIVERSITY                   ,PA,15370-1222,Private      ,23,105,128,1917,860,2777
00339200,WESTMINSTER COLLEGE                     ,PA,16172-0002,Private      ,17,13,30,2180,100,2280
00339300,WESTMINSTER THEOLOGICAL SEMINARY        ,PA,19038-0000,Private      ,0,6,6,3,273,276
00339400,WILKES UNIVERSITY                       ,PA,18766-0998,Private      ,41,74,115,3211,903,4114
00339500,PENNSYLVANIA COLLEGE OF TECHNOLOGY      ,PA,17701-5779,Public       ,121,176,297,5510,2122,7632
00339600,WILSON COLLEGE                          ,PA,17201-1285,Private      ,9,44,53,396,380,776
00339900,YORK COLLEGE OF PENNSYLVANIA            ,PA,17405-7199,Private      ,92,83,175,6039,1016,7055
00398600,DESALES UNIVERSITY                      ,PA,18034-9568,Private      ,26,113,139,2236,984,3220
00398700,LA ROCHE COLLEGE                        ,PA,15237-5898,Private      ,14,29,43,1067,359,1426
00398800,NEUMANN COLLEGE                         ,PA,19014-1298,Private      ,45,66,111,2677,912,3589
00405800,GRATZ COLLEGE                           ,PA,19027-3097,Private      ,1,23,24,1,121,122
00445200,MONTGOMERY COUNTY COMMUNITY COLLEGE     ,PA,19422-6300,Public       ,206,451,657,3356,3480,6836
00488700,BRANDYWINE SCHOOL OF NURSING            ,PA,19320-1536,Proprietary  ,1,4,5,42,87,129
00488900,CAMBRIA-ROWE BUSINESS COLLEGE           ,PA,15902-2494,Proprietary  ,12,39,51,185,279,464
00489000,CENTRAL PENNSYLVANIA COLLEGE            ,PA,17093-0309,Proprietary  ,38,68,106,824,807,1631
00489300,DU BOIS BUSINESS COLLEGE                ,PA,15801-2401,Proprietary  ,11,49,60,202,288,490
00489400,ERIE BUSINESS CENTER                    ,PA,16501-1305,Proprietary  ,10,61,71,93,387,480
00489401,ERIE BUSINESS CENTER SOUTH              ,PA,16101-0000,Proprietary  ,5,14,19,23,79,102
00489800,MCCANN SCHOOL OF BUSINESS & TECHNOL     ,PA,17901-1335,Proprietary  ,110,246,356,917,1989,2906
00489900,MERCY HOSP SCH OF NURSING               ,PA,15219-5166,Private      ,0,5,5,95,68,163
00490100,NEWPORT BUSINESS INSTITUTE              ,PA,15068-3929,Proprietary  ,0,12,12,46,59,105
00490200,PENN COMMERCIAL BUSINESS/TECHNICAL SCHL ,PA,15301-2871,Proprietary  ,26,75,101,262,430,692
00491000,KAPLAN CAREER INSTITUTE                 ,PA,17111-3571,Proprietary  ,22,127,149,246,579,825
00491001,THOMPSON INSTITUTE-PHILADEPHIA CAMPUS   ,PA,19104-3386,Proprietary  ,65,281,346,246,901,1147
00491400,NEWPORT BUSINESS INSTITUTE              ,PA,17701-5855,Proprietary  ,0,32,32,46,115,161
00500701,WEST VIRGINIA CAREER INSTITUTE          ,PA,15456-0000,Proprietary  ,7,19,26,57,126,183
00531000,PITTSBURGH INST OF AERONAUTICS          ,PA,15236-0000,Private      ,13,20,33,252,117,369
00533000,FAYETTE CNTY AREA VOC TECH PRC NRSG     ,PA,15401-0000,Public       ,6,19,25,27,119,146
00533500,CENTRAL PENN INST OF SCI & TECH PNP     ,PA,16823-0000,Public       ,3,12,15,40,108,148
00534100,UPPER BUCKS CO AREA VOC-TECH SCHOOL     ,PA,18944-0000,Public       ,0,0,0,1,3,4
00536500,YORK CO AREA VOC-TECH SCH-PRAC NSG      ,PA,17402-0000,Public       ,6,27,33,20,124,144
00594200,UPMC PRESBYTERIAN SCH OF RADIOLOGIC     ,PA,15213-2582,Private      ,1,2,3,25,35,60
00594600,SCHOOL OF RADIOLOGIC TECHNOLOGY AT ST. C,PA,19134-1995,Proprietary  ,0,5,5,23,43,66
00653400,CITIZENS SCHOOL OF NURSING              ,PA,15068-6591,Private      ,2,7,9,82,140,222
00653700,CONEMAUGH VLY MEM HOSP SCH NRSNG        ,PA,15905-4398,Private      ,1,3,4,91,131,222
00653702,CONEMAUGH HOSP- SCH HISTOTECHNOLOGY     ,PA,15905-0000,Private      ,1,3,4,5,6,11
00653704,CONEMAUGH VLY MEM HOSP SCH RAD TECH     ,PA,15905-0000,Private      ,1,1,2,23,11,34
00653706,CONEMAUGH VLY MEM HOSP SCH  MED TECH    ,PA,15905-4398,Private      ,0,1,1,8,3,11
00653900,EPISCOPAL HOSPITAL SCHL OF NURSING      ,PA,19125-1000,Private      ,1,7,8,12,102,114
00655100,ST MARGARET SCHL OF NURSING             ,PA,15238-3205,Private      ,5,15,20,67,152,219
00656000,OHIO VALLEY HOSP SCH OF NURSING         ,PA,15136-1694,Private      ,0,1,1,46,61,107
00656500,READING HOSPITAL SCHOOL OF HEALTH SCIENC,PA,19611-1744,Private      ,7,14,21,204,327,531
00657400,"ST LUKE'S HOSPITAL OF BETHLEHEM, PA     ",PA,18015-1065,Private      ,1,1,2,81,136,217
00657600,SEWICKLEY VALLEY HOSP SCH NRSNG         ,PA,15143-1498,Private      ,0,2,2,54,69,123
00657700,UPMC SHADYSIDE SCHOOL OF NURSING        ,PA,15232-1381,Private      ,7,53,60,110,288,398
00657800,SHARON REGIONAL SCHOOL OF NURSING       ,PA,16146-3395,Private      ,0,3,3,19,54,73
00658200,WASHINGTON HOSP SCH OF NURSING          ,PA,15301-3398,Private      ,0,4,4,60,143,203
00658202,WASHINGTON HOSP SCH OF RAD TECH         ,PA,15301-3398,Private      ,0,2,2,18,18,36
00658300,WESTERN PENN HOSP-SCH OF NURSING        ,PA,15224-1790,Private      ,0,7,7,106,131,237
00680700,COMMUNITY COLLEGE OF BEAVER COUNTY      ,PA,15061-2588,Public       ,60,168,228,1157,1248,2405
00681000,LEHIGH CARBON COMMUNITY COLLEGE         ,PA,18078-2598,Public       ,181,370,551,2579,2617,5196
00681100,LUZERNE COUNTY COMMUNITY COLLEGE        ,PA,18634-3899,Public       ,179,299,478,2971,2672,5643
00708700,ABINGTON MEM HOSP SCHL OF NURSING       ,PA,19090-1284,Private      ,1,8,9,94,260,354
00709000,METHODIST HOSPITAL SCH OF NURSING       ,PA,19148-3594,Private      ,0,0,0,4,17,21
00709100,EVEREST INSTITUTE                       ,PA,15222-1320,Proprietary  ,57,172,229,185,809,994
00711000,DELAWARE COUNTY COMMUNITY COLLEGE       ,PA,19063-1094,Public       ,311,572,883,3658,4297,7955
00719100,NORTHAMPTON COMMUNITY COLLEGE           ,PA,18020-7599,Public       ,309,488,797,4407,3779,8186
00739802,KATHERINE GIBBS-PHILADELPHIA            ,PA,19403-2422,Proprietary  ,0,2,2,169,291,460
00743000,ANTONELLI INST OF ART & PHOTOGRAPHY     ,PA,19038-8242,Proprietary  ,3,1,4,245,19,264
00743600,KAPLAN CAREER INSTITUTE - ICM CAMPUS    ,PA,15222-1977,Proprietary  ,61,158,219,489,1022,1511
00743700,PITTSBURGH TECHNICAL INSTITUTE          ,PA,15071-3205,Proprietary  ,66,86,152,2348,813,3161
00746900,"HUSSIAN SCHOOL OF ART, INC.             ",PA,19106-0000,Proprietary  ,2,1,3,140,26,166
00747000,"ART INSTITUTE OF PITTSBURGH, THE        ",PA,15219-1328,Proprietary  ,832,4523,5355,5878,16766,22644
00752900,CTR ART TCH BRDYWN CMPS PRC NRS PRG     ,PA,19320-2459,Public       ,7,20,27,26,132,158
00775900,LINCOLN TECHNICAL INSTITUTE             ,PA,18104-3298,Proprietary  ,57,119,176,395,585,980
00777900,LANSDALE SCHOOL OF BUSINESS             ,PA,19454-4148,Proprietary  ,27,107,134,111,389,500
00778000,NEW CASTLE SCHOOL OF TRADES             ,PA,16143-9721,Proprietary  ,45,147,192,253,523,776
00778100,CHI INSTITUTE/RETS CAMPUS               ,PA,19008-3516,Proprietary  ,43,154,197,277,663,940
00783200,LINCOLN TECH INSTITUTE                  ,PA,19136-1595,Proprietary  ,66,68,134,464,381,845
00783900,TRIANGLE TECH                           ,PA,15214-3897,Proprietary  ,13,27,40,161,153,314
00791200,THADDEUS STEVENS CLG OF TECHNOLOGY      ,PA,17602-0000,Public       ,17,18,35,926,277,1203
00791600,FRANKLIN CNTY CAREER & TECH CTR-PNP     ,PA,17201-0000,Public       ,3,14,17,14,36,50
00820000,JAMESON MEMORIAL HOSP SCH NURSING       ,PA,16105-2595,Private      ,0,2,2,33,100,133
00826301,AWARD BEAUTY SCHOOL - CHAMBERSBURG BEAUT,PA,17201-2435,Proprietary  ,0,0,0,2,3,5
00835000,ART INSTITUTE OF PHILADELPHIA           ,PA,19103-5198,Proprietary  ,276,238,514,3817,2077,5894
00844100,ANTHEM INSTITUTE                        ,PA,19064-1243,Proprietary  ,83,157,240,423,726,1149
00856800,MEDIAN SCHOOL                           ,PA,15222-3400,Proprietary  ,22,12,34,304,126,430
00865300,JEFFERSON CO DUBOIS VOC TECH-PR NSG     ,PA,15851-0000,Public       ,1,2,3,20,59,79
00888900,LEHIGH VALLEY COLLEGE                   ,PA,18034-8447,Proprietary  ,3,4,7,215,229,444
00895500,PRUONTOS HAIR DESIGN INSTITUTE & BEAUTY ,PA,16602-0000,Proprietary  ,1,7,8,16,29,45
00915705,WYOMING TECHNICAL INSTITUTE - BLAIRSVILL,PA,15717-8060,Proprietary  ,94,50,144,245,106,351
00918600,DEAN INSTITUTE OF TECHNOLOGY            ,PA,15226-1197,Proprietary  ,7,21,28,42,110,152
00944900,PENNCO TECH                             ,PA,19007-0000,Proprietary  ,59,95,154,274,398,672
00966400,EMPIRE BEAUTY SCHOOL                    ,PA,18052-5730,Proprietary  ,29,55,84,141,246,387
00966500,EMPIRE BEAUTY SCHOOL                    ,PA,17109-2210,Proprietary  ,8,46,54,53,221,274
00966600,EMPIRE BEAUTY SCHOOL                    ,PA,19605-2803,Proprietary  ,18,30,48,121,210,331
00972100,BRADFORD SCHOOL                         ,PA,15219-2602,Proprietary  ,1,0,1,660,134,794
00972300,FRANKFORD HOSP SCH OF NURSING           ,PA,19124-2696,Private      ,8,23,31,207,283,490
00978300,GORDON PHILLIPS SCH OF BEAUTY CULT      ,PA,19135-0000,Proprietary  ,29,64,93,221,292,513
00986301,LANCASTER INSTITUTE FOR HEALTH EDUC     ,PA,17602-4955,Private      ,11,42,53,280,493,773
01000600,GREATER JOHNSTOWN AREA VOC TECH SCH     ,PA,15904-0000,Public       ,2,13,15,57,228,285
01005500,CRAWFORD CNTY AREA VO-TECH PRAC NUR     ,PA,16335-0000,Public       ,0,0,0,8,26,34
01017600,WESTMORELAND COUNTY COMMUNITY CLG       ,PA,15697-1895,Public       ,147,313,460,2371,2718,5089
01038800,READING AREA COMMUNITY COLLEGE          ,PA,19603-1706,Public       ,134,390,524,1714,3006,4720
01054100,EMPIRE BEAUTY SCHOOL                    ,PA,15146-2229,Proprietary  ,26,48,74,147,247,394
01054200,EMPIRE BEAUTY SCHOOL                    ,PA,18701-0000,Proprietary  ,25,36,61,164,213,377
01054300,EMPIRE BEAUTY SCHOOL                    ,PA,17701-3914,Proprietary  ,10,35,45,100,167,267
01081400,PITTSBURGH INST MORTUARY SCIENCE        ,PA,15206-3706,Private      ,3,33,36,70,181,251
01086000,GREATER ALTOONA CAREER/TECH CENTER      ,PA,16602-0000,Public       ,0,2,2,62,165,227
01096300,GREENE COUNTY VOC-TECH SCHOOL           ,PA,15370-0000,Public       ,0,0,0,8,26,34
01097000,EMPIRE BEAUTY SCHOOL                    ,PA,17042-5209,Proprietary  ,2,7,9,28,36,64
01099800,PENNSYLVANIA INSTITUTE OF TECH          ,PA,19063-4098,Private      ,68,153,221,549,910,1459
01102000,EMPIRE BEAUTY SCHOOL                    ,PA,17604-4335,Proprietary  ,7,18,25,58,79,137
01102100,EMPIRE BEAUTY SCHOOL                    ,PA,17402-2862,Proprietary  ,15,81,96,150,381,531
01162100,AUTOMOTIVE TRAINING CENTER              ,PA,19341-1310,Proprietary  ,48,29,77,510,185,695
01162200,WELDER TRAINING & TESTING INST          ,PA,18109-3253,Proprietary  ,5,17,22,27,42,69
01163800,EMPIRE BEAUTY SCHOOL                    ,PA,17876-0000,Proprietary  ,3,16,19,37,59,96
01171500,POTTSVILLE HOSPITAL SCHOOL OF NURSING   ,PA,17901-3692,Private      ,0,4,4,49,50,99
01191900,BEAVER FALLS BEAUTY ACADEMY             ,PA,15010-4208,Proprietary  ,2,3,5,17,39,56
01205000,ROSEDALE TECHNICAL INSTITUTE            ,PA,15205-9791,Private      ,11,20,31,166,145,311
01239300,THOMAS JEFF UNIV-CLG ALLIED HEALTH      ,PA,19107-0000,Private      ,2,26,28,360,871,1231
01239301,JEFFERSON MED CLG-T. JEFFERSON UNIV     ,PA,19107-5587,Private      ,3,20,23,137,1432,1569
01239303,THOMAS JEFFERSON UNIV-GRADUATE COLG     ,PA,19107-0000,Private      ,3,32,35,182,939,1121
01246104,LINCOLN TECHNICAL INSTITUTE             ,PA,19104-0202,Proprietary  ,97,220,317,338,700,1038
01246105,LINCOLN TECHNICAL INSTITUTE             ,PA,19116-4202,Proprietary  ,32,76,108,199,318,517
01252300,TALMUDICAL YESHIVA OF PHILA             ,PA,19131-1296,Private      ,18,1,19,23,2,25
01260500,EMPIRE BEAUTY SCHOOL                    ,PA,17331-2405,Proprietary  ,7,12,19,46,78,124
01260600,EMPIRE BEAUTY SCHOOL                    ,PA,17901-2505,Proprietary  ,28,70,98,132,341,473
01260700,EMPIRE BEAUTY SCHOOL                    ,PA,16801-5218,Proprietary  ,4,3,7,18,25,43
01292900,SOUTH HILLS BEAUTY ACADEMY              ,PA,15216-2335,Proprietary  ,9,20,29,40,66,106
01301500,GORDON PHILLIPS SCH BEAUTY CULTURE      ,PA,19102-2701,Proprietary  ,38,88,126,199,437,636
01313400,YESHIVATH BETH MOSHE                    ,PA,18505-2196,Private      ,17,0,17,43,1,44
01321400,ROXBOROUGH MEM HOSP SCH OF NURSING      ,PA,19128-0000,Proprietary  ,0,3,3,60,207,267
01326300,SOUTH HILLS SCH OF BUS & TECHNOLOGY     ,PA,16801-4516,Proprietary  ,9,12,21,491,424,915
01326304,SOUTH HILLS SCHOOL OF BUSINESS & TECHNOL,PA,16602-1188,Proprietary  ,0,1,1,32,26,58
02061000,VENUS BEAUTY ACADEMY                    ,PA,19079-0000,Proprietary  ,9,15,24,69,51,120
02068300,DOUGLAS SCHOOL OF BUSINESS              ,PA,15062-0000,Proprietary  ,22,28,50,216,225,441
02068301,DOUGLAS EDUCATION CENTER - DOUGLAS SCHOO,PA,15062-9901,Proprietary  ,0,0,0,22,24,46
02090200,TRIANGLE TECH                           ,PA,16502-0000,Proprietary  ,4,15,19,123,153,276
02092500,LAUREL TECHNICAL INSTITUTE              ,PA,16146-0000,Proprietary  ,3,26,29,43,209,252
02092502,BUSINESS INSTITUTE OF PENNSYLVANIA      ,PA,16335-0000,Proprietary  ,1,1,2,5,19,24
02107300,PENNSYLVANIA ACADEMY OF FINE ARTS       ,PA,19102-1424,Private      ,5,11,16,205,244,449
02112200,GREAT LAKES INSTITUTE OF TECHNOLOGY     ,PA,16509-0000,Proprietary  ,44,102,146,272,424,696
02114200,JOHNSON COLLEGE                         ,PA,18508-0000,Private      ,5,8,13,414,152,566
02116001,SANFORD-BROWN INSTITUTE - TREVOSE       ,PA,19053-4700,Proprietary  ,58,183,241,450,1154,1604
02118000,LEVITTOWN BEAUTY ACADEMY LLC            ,PA,19054-1713,Proprietary  ,3,7,10,23,33,56
02119300,PA ACAD OF COSMETOLOGY ARTS & SCI       ,PA,15904-0000,Proprietary  ,8,16,24,64,87,151
02119301,PA ACAD OF COSMTLGY ARTS & SCI          ,PA,15801-0000,Proprietary  ,0,0,0,1,0,1
02120800,"YORKTOWNE BUSINESS INSTITUTE, INC.      ",PA,17404-0000,Proprietary  ,11,30,41,113,188,301
02127400,YORK TECHNICAL INSTITUTE                ,PA,17402-0000,Proprietary  ,119,189,308,1070,1101,2171
02129000,TRIANGLE TECH                           ,PA,15601-0000,Proprietary  ,26,22,48,263,238,501
02129001,TRIANGLE TECH - BUSINESS CAREERS INSTITU,PA,15601-3304,Proprietary  ,0,0,0,2,3,5
02144000,"VISION ACADEMY, THE                     ",PA,18103-0000,Proprietary  ,16,39,55,63,87,150
02147800,SCHUYLKILL INST BUSINESS & TECHNLGY     ,PA,17901-0000,Proprietary  ,0,0,0,0,1,1
02149000,EMPIRE BEAUTY SCHOOL                    ,PA,19341-2804,Proprietary  ,10,33,43,76,114,190
02151500,CENTRAL SUSQUEHANNA LPN CENTER          ,PA,17847-0000,Public       ,4,11,15,27,148,175
02152105,ACADEMY OF COURT REPORTING & TECHNOLOGY ,PA,15222-1710,Proprietary  ,8,31,39,13,42,55
02153500,OAKBRIDGE ACADEMY OF ARTS               ,PA,15068-0000,Proprietary  ,2,1,3,71,17,88
02158300,JUNIATA-MIFFLIN CO AREA VOC TECH        ,PA,17044-0000,Public       ,0,4,4,15,59,74
02161400,NORTHEASTERN HOSP SCH OF NRSG           ,PA,19134-0000,Private      ,1,8,9,55,142,197
02169600,CLEARFIELD CTY CAREER AND TECH CNTR     ,PA,16830-0000,Public       ,3,32,35,43,113,156
02174400,TRIANGLE TECH                           ,PA,15801-0000,Proprietary  ,18,37,55,315,231,546
02178900,ACADEMY OF HAIR DESIGN                  ,PA,18202-1465,Proprietary  ,3,8,11,15,28,43
02183000,ORLEANS TECHNICAL INSTITUTE             ,PA,19111-0000,Private      ,53,157,210,180,587,767
02192800,WALNUT HILL COLLEGE                     ,PA,19104-0000,Proprietary  ,26,30,56,446,202,648
02202300,SANFORD-BROWN INSTITUTE                 ,PA,15219-1907,Proprietary  ,53,123,176,373,878,1251
02202301,SANFORD-BROWN INSTITUTE                 ,PA,15146-2141,Proprietary  ,19,88,107,185,564,749
02203900,ERIE INSTITUTE OF TECHNOLOGY            ,PA,16565-1002,Proprietary  ,11,30,41,117,208,325
02206200,AMBLER BEAUTY ACADEMY                   ,PA,19002-0000,Proprietary  ,8,17,25,19,54,73
02206300,STROUDSBURG SCHOOL OF COSMETOLOGY       ,PA,18360-0000,Proprietary  ,2,1,3,15,19,34
02212700,LANCASTER SCHOOL OF COSMETOLOGY         ,PA,17602-0000,Proprietary  ,4,18,22,38,97,135
02213400,PROFESSIONAL SKILLS CAREER ACADEMY      ,PA,16148-0000,Proprietary  ,0,0,0,5,7,12
02234200,ACADEMY OF MEDICAL ARTS & BUSINESS      ,PA,17112-0000,Proprietary  ,5,32,37,85,181,266
02251200,SCHUYLKILL COUNTY AREA VOC TECH SCH     ,PA,17931-0000,Public       ,3,16,19,26,85,111
02251202,SCHUYLKILL COUNTY AREA VOC TECH SCH     ,PA,17931-0000,Public       ,3,9,12,15,26,41
02253900,BERKS TECHNICAL INSTITUTE               ,PA,19610-0000,Proprietary  ,45,113,158,427,617,1044
02255200,PENNSYLVANIA SCHOOL OF BUSINESS         ,PA,18101-1604,Proprietary  ,31,53,84,146,498,644
02269900,PENNSYLVANIA COLLEGE OF ART & DESIGN    ,PA,17603-3528,Private      ,11,3,14,347,64,411
02270500,BUCKS COUNTY SCHOOL OF BEAUTY CULT      ,PA,19053-0000,Proprietary  ,14,12,26,42,32,74
02273400,RECONSTRUCTIONIST RABBINICAL COLLEG     ,PA,19095-0000,Private      ,0,1,1,0,28,28
02276600,HANOVER PUBLIC SCH DIST PRAC NURSG      ,PA,17331-0000,Public       ,2,13,15,10,37,47
02282500,LENAPE SCHOOL OF PRACTICAL NURSING      ,PA,16226-0000,Public       ,7,32,39,32,156,188
02288800,EMPIRE BEAUTY SCHOOL                    ,PA,18974-4508,Proprietary  ,10,18,28,49,61,110
02289500,PACE INSTITUTE                          ,PA,19601-0000,Proprietary  ,23,56,79,72,327,399
02289600,CONSOLIDATED SCHOOL OF BUSINESS         ,PA,17404-0000,Proprietary  ,5,25,30,47,149,196
02289700,ACADEMY OF CREATIVE HAIR DESIGN         ,PA,18702-0000,Proprietary  ,11,25,36,38,52,90
02289800,CHI INSTITUTE - FRANKLIN MILLS          ,PA,19154-0000,Proprietary  ,70,186,256,437,1158,1595
02290400,"ALTOONA BEAUTY SCHOOL, INC              ",PA,16602-0000,Proprietary  ,5,11,16,38,56,94
02292700,LANSDALE SCHOOL OF COSMETOLOGY          ,PA,19446-0000,Proprietary  ,7,2,9,26,27,53
02299300,TRINITY EPISCOPAL SCHOOL MINISTRY       ,PA,15003-0000,Private      ,0,8,8,1,65,66
02301300,PJA SCHOOL (THE)                        ,PA,19082-1917,Proprietary  ,21,51,72,103,339,442
02304400,YTI CAREER INSTITUTE - MECHANICSBURG    ,PA,17055-0000,Proprietary  ,12,46,58,164,232,396
02306200,VENANGO COUNTY AREA VOC TECH SCHOOL     ,PA,16301-0000,Public       ,0,0,0,8,32,40
02310800,LANCASTER COUNTY CAREER & TECH CTR      ,PA,17584-0000,Public       ,23,64,87,137,511,648
02330300,LEBANON CO CAREER & TECHNOLOGY CTR      ,PA,17042-0000,Public       ,2,4,6,18,98,116
02330600,PENNSYLVANIA GUNSMITH SCHOOL            ,PA,15202-0000,Proprietary  ,3,6,9,35,38,73
02350100,WESTERN AREA CAREER & TECHNOLOGY CT     ,PA,15317-0000,Public       ,0,2,2,17,53,70
02350200,INDIANA COUNTY TECH CTR SCH PR NSG      ,PA,15701-1465,Public       ,2,10,12,22,44,66
02353100,NORTHERN TIER CAREER CENTER             ,PA,18848-0000,Public       ,0,2,2,18,48,66
02361002,ITT TECHNICAL INSTITUTE                 ,PA,19406-0000,Proprietary  ,58,101,159,313,399,712
02362300,MERCER COUNTY AREA VOC TECH SCHOOL      ,PA,16137-0000,Public       ,2,30,32,16,79,95
02492500,DELAWARE VLY ACAD MED DNTL ASSTS        ,PA,19114-0000,Proprietary  ,14,20,34,42,101,143
02492600,EASTERN CTR ARTS AND TECH PR NSG        ,PA,19090-0000,Public       ,0,21,21,15,154,169
02495500,ALL-STATE CAREER SCHOOL                 ,PA,19029-0000,Proprietary  ,46,259,305,216,851,1067
02529800,WILKES BARRE AREA CAREER AND TECHNICAL C,PA,18705-0000,Public       ,3,22,25,52,178,230
02536600,COMMONWEALTH TECH INSTIT @ HIRAM G      ,PA,15905-0000,Public       ,41,8,49,213,111,324
02539900,STAR TECHNICAL INSTITUTE                ,PA,19082-0000,Proprietary  ,1,3,4,26,123,149
02544300,BUTLER BEAUTY SCHOOL                    ,PA,16001-0000,Proprietary  ,3,20,23,47,99,146
02545000,LAWRENCE COUNTY CAREER AND TECHNICAL CEN,PA,16101-0000,Public       ,1,8,9,10,68,78
02546200,LAUREL BUSINESS INSTITUTE               ,PA,15401-0877,Proprietary  ,7,21,28,180,274,454
02550000,CLARION CO AREA VOC-TECH PRAC NRSG      ,PA,16254-0000,Public       ,0,0,0,12,44,56
02554500,HAZLETON AREA VOC TECH SCH PR NSG       ,PA,18201-1597,Public       ,1,2,3,15,39,54
02557800,ART INSTITUTE OF YORK (THE) - PENNSYLVAN,PA,17402-9012,Proprietary  ,48,35,83,747,237,984
02566400,ALBERT EINSTEIN MED CTR DEPT DNTL       ,PA,19141-3098,Private      ,0,1,1,6,20,26
02574800,PENNSYLVANIA INSTITUTE OF TAXIDERMY     ,PA,15931-0000,Proprietary  ,3,10,13,8,20,28
02609500,CAREER TRAINING ACADEMY                 ,PA,15068-6308,Proprietary  ,12,49,61,59,202,261
02609501,CAREER TRAINING ACADEMY                 ,PA,15146-0000,Proprietary  ,0,1,1,3,4,7
02615400,STAR TECHNICAL INSTITUTE                ,PA,19114-2204,Proprietary  ,10,53,63,83,393,476
02616100,JEAN MADELINE ED CTR FOR COSM           ,PA,19147-1542,Proprietary  ,22,31,53,296,230,526
03006800,PENNSYLVANIA CULINARY INSTITUTE         ,PA,15222-3511,Proprietary  ,99,116,215,1011,1027,2038
03010800,TRI-STATE BUSINESS INSTITUTE            ,PA,16506-1013,Proprietary  ,86,348,434,699,1958,2657
03011500,ALLIED MEDICAL AND TECHNICAL INSTITUTE  ,PA,18702-0000,Proprietary  ,24,72,96,170,316,486
03011600,ALLIED MEDICAL AND TECHNICAL INSTITUTE  ,PA,18509-2903,Proprietary  ,26,69,95,199,325,524
03029900,CONSOLIDATED SCHOOL OF BUSINESS         ,PA,17603-2389,Proprietary  ,4,22,26,50,171,221
03031600,DPT BUSINESS SCHOOL                     ,PA,19116-3961,Proprietary  ,16,135,151,70,416,486
03031601,DPT BUSINESS SCHOOL                     ,PA,19106-0000,Proprietary  ,8,67,75,49,230,279
03067000,ANTONELLI MEDICAL & PROF INST           ,PA,19464-9244,Proprietary  ,2,15,17,9,36,45
03072400,ALL-STATE CAREER SCHOOL                 ,PA,15122-1000,Proprietary  ,4,51,55,13,131,144
03072600,DCI CAREER INSTITUTE                    ,PA,15061-2307,Proprietary  ,8,31,39,38,159,197
03081900,YTI CAREER INSTITUTE - ALTOONA          ,PA,16602-4457,Proprietary  ,18,47,65,133,289,422
03090800,LAKE ERIE COLL OF OSTEOPATHIC MED       ,PA,16509-0000,Private      ,0,11,11,81,2526,2607
03098600,CAREER TECH CTR OF LACKAWANNA CNTY      ,PA,18508-0000,Public       ,6,32,38,32,113,145
03101500,BIDWELL TRAINING CENTER                 ,PA,15233-2233,Private      ,0,10,10,15,28,43
03103300,JNA INSTITUTE OF CULINARY ARTS          ,PA,19146-3119,Proprietary  ,7,20,27,66,114,180
03109100,METROPOLITAN CAREER CENTER              ,PA,19144-0000,Private      ,10,44,54,38,187,225
03110700,AVIATION INSTITUTE OF MAINTENANCE       ,PA,19114-1017,Proprietary  ,21,51,72,126,305,431
03120400,REGIONAL CAREER & TECHNICAL CENTER      ,PA,16509-4699,Public       ,1,0,1,4,6,10
03126000,CENTER FOR INNOVATIVE TRAINING & ED     ,PA,19106-4414,Proprietary  ,0,1,1,1,4,5
03128400,DELAWARE COUNTY TECHNICAL SCHOOL        ,PA,19032-1998,Public       ,2,10,12,22,167,189
03180400,PENNSYLVANIA HIGHLANDS COMMUNITY COLLEGE,PA,15904-2927,Public       ,32,98,130,576,670,1246
03236400,LT INTERNATIONAL BEAUTY SCHOOL          ,PA,19130-2235,Proprietary  ,7,31,38,18,85,103
03353300,ACADEMY OF VOCAL ARTS                   ,PA,19103-6685,Private      ,0,1,1,4,33,37
03380301,CULINARY ACADEMY OF LONG ISLAND - STAR P,PA,19114-2204,Proprietary  ,7,26,33,7,26,33
03439400,NAWCC SCHOOL OF HOROLOGY                ,PA,17512-2130,Private      ,1,1,2,2,6,8
03503300,WINNER INSTITUTE OF ARTS & SCIENCES     ,PA,16154-1811,Private      ,0,0,0,9,4,13
03535300,HUNTINGDON COUNTY CAREER AND TECHNO     ,PA,17060-0905,Public       ,0,1,1,10,34,44
03561400,SUSQUEHANNA COUNTY CAREER & TECHNOL     ,PA,18816-0100,Public       ,0,1,1,6,11,17
03766300,PENNSYLVANIA SCHOOL OF MUSCLE THERAPY   ,PA,19406-3101,Proprietary  ,8,20,28,38,93,131
03899300,CALVARY BAPTIST THEOLOGICAL SEMINARY    ,PA,19446-4718,Private      ,0,1,1,0,10,10
03923300,PRECISION MANUFACTURING INSTITUTE       ,PA,16335-8380,Private      ,1,11,12,13,43,56
03948300,HARRISBURG UNIVERSITY OF SCIENCE AND TEC,PA,17101-2116,Private      ,7,13,20,159,129,288
03949300,WON INSTITUTE OF GRADUATE STUDIES       ,PA,19038-4535,Private      ,0,0,0,0,35,35
03950500,NORTHWEST REGIONAL TECHNOLOGY INSTITUTE ,PA,16508-2820,Proprietary  ,2,20,22,6,44,50
03952300,NATIONAL MASSAGE THERAPY INSTITUTE      ,PA,19116-3965,Proprietary  ,41,184,225,141,491,632
04119900,PENNSYLVANIA MYOTHERAPY INSTITUTE       ,PA,17350-8426,Proprietary  ,0,0,0,4,15,19
04127500,CAREER DEVELOPMENT & EMPLOYMENT         ,PA,18702-5253,Proprietary  ,0,8,8,2,26,28
04138300,INTERNATIONAL BEAUTY ACADEMY            ,PA,19149-2710,Proprietary  ,1,3,4,1,3,4
00267813,BRYANT & STRATTON COLLEGE - MIL DOWNTOWN,WI,53203-2608,Proprietary  ,64,252,316,558,1912,2470
00383200,ALVERNO COLLEGE                         ,WI,53234-3922,Private      ,46,159,205,1448,2076,3524
00383500,BELOIT COLLEGE                          ,WI,53511-5595,Private      ,11,6,17,1925,76,2001
00383700,CARDINAL STRITCH UNIVERSITY             ,WI,53217-9884,Private      ,40,726,766,930,4052,4982
00383800,CARROLL UNIVERSITY                      ,WI,53186-5593,Private      ,43,49,92,3079,654,3733
00383900,CARTHAGE COLLEGE                        ,WI,53141-0000,Private      ,45,63,108,3772,546,4318
00384000,WESTERN TECHNICAL COLLEGE               ,WI,54601-0908,Public       ,127,261,388,1693,2031,3724
00384200,CONCORDIA UNIVERSITY WISCONSIN          ,WI,53097-2402,Private      ,42,371,413,2024,2909,4933
00384800,EDGEWOOD COLLEGE                        ,WI,53711-1958,Private      ,32,73,105,1559,886,2445
00385000,SILVER LAKE COLLEGE                     ,WI,54220-9319,Private      ,10,39,49,192,382,574
00385400,LAKELAND COLLEGE                        ,WI,53082-0000,Private      ,28,216,244,1159,1778,2937
00385600,LAWRENCE UNIVERSITY                     ,WI,54912-0599,Private      ,16,3,19,2226,60,2286
00386100,MARIAN UNIVERSITY                       ,WI,54935-4699,Private      ,25,134,159,1233,1152,2385
00386300,MARQUETTE UNIVERSITY                    ,WI,53201-0000,Private      ,93,138,231,10796,3851,14647
00386600,MILWAUKEE AREA TECH COLLEGE             ,WI,53233-1443,Public       ,545,1772,2317,4849,11974,16823
00386800,MILWAUKEE SCHOOL OF ENGINEERING         ,WI,53202-3109,Private      ,31,37,68,2573,563,3136
00386900,MOUNT MARY COLLEGE                      ,WI,53222-4597,Private      ,31,71,102,776,1224,2000
00387400,NASHOTAH HOUSE                          ,WI,53058-0000,Private      ,0,2,2,0,42,42
00387500,NORTHLAND COLLEGE                       ,WI,54806-3999,Private      ,14,9,23,792,138,930
00388400,RIPON COLLEGE                           ,WI,54971-0248,Private      ,11,2,13,1266,53,1319
00389200,ST. NORBERT COLLEGE                     ,WI,54115-2002,Private      ,25,4,29,2229,100,2329
00389500,UNIVERSITY OF WISCONSIN-MADISON         ,WI,53715-1382,Public       ,342,291,633,21023,9940,30963
00389600,UNIVERSITY OF WISCONSIN-MILWAUKEE       ,WI,53201-3165,Public       ,576,682,1258,16162,9575,25737
00389700,UNIVERSITY OF WISCONSIN COLLEGES        ,WI,53708-8680,Public       ,108,132,240,1593,1173,2766
00389701,UNIVERSITY OF WISCONSIN-BARABOO         ,WI,53913-1098,Public       ,11,17,28,277,155,432
00389702,UNIVERSITY OF WISCONSIN-BARRON          ,WI,54868-2497,Public       ,8,20,28,211,126,337
00389703,UNIVERSITY OF WISCONSIN-FOND DU LAC     ,WI,54935-2998,Public       ,15,15,30,427,175,602
00389704,UNIVERSITY OF WISCONSIN-FOX VALLEY      ,WI,54952-1297,Public       ,38,41,79,745,374,1119
00389705,UNIVERSITY OF WISCONSIN-MANITOWOC       ,WI,54220-6699,Public       ,15,10,25,266,110,376
00389706,UNIVERSITY OF WISCONSIN-MARATHON        ,WI,54401-5396,Public       ,33,35,68,724,297,1021
00389707,UNIVERSITY OF WISCONSIN-MARINETTE       ,WI,54143-4299,Public       ,11,15,26,231,105,336
00389708,UNIVERSITY OF WISCONSIN-MARSHFIELD      ,WI,54449-3310,Public       ,12,13,25,269,148,417
00389709,UNIVERSITY OF WISCONSIN-RICHLAND        ,WI,53581-1399,Public       ,4,6,10,247,68,315
00389710,UNIVERSITY OF WISCONSIN COLLEGES - ROCK ,WI,53546-5699,Public       ,25,40,65,466,294,760
00389711,UNIVERSITY OF WISCONSIN-SHEBOYGAN       ,WI,53081-4789,Public       ,14,21,35,318,204,522
00389712,UNIVERSITY OF WISCONSIN-WASHINGTON      ,WI,53095-3699,Public       ,29,20,49,427,163,590
00389713,UNIVERSITY OF WISCONSIN-WAUKESHA        ,WI,53188-2799,Public       ,51,40,91,872,327,1199
00389900,UNIVERSITY OF WISCONSIN-GREEN BAY       ,WI,54311-7001,Public       ,77,131,208,4122,1571,5693
00391100,VITERBO UNIVERSITY                      ,WI,54601-4777,Private      ,19,78,97,1532,996,2528
00391500,UNIVERSITY OF WISCONSIN-STOUT           ,WI,54751-0790,Public       ,135,146,281,5681,1727,7408
00391700,UNIVERSITY OF WISCONSIN-EAU CLAIRE      ,WI,54702-4004,Public       ,189,142,331,7951,1538,9489
00391900,UNIVERSITY OF WISCONSIN-LA CROSSE       ,WI,54601-3742,Public       ,176,102,278,6839,1515,8354
00392000,UNIVERSITY OF WISCONSIN-OSHKOSH         ,WI,54901-8604,Public       ,162,178,340,6870,2746,9616
00392100,UNIVERSITY OF WISCONSIN-PLATTEVILLE     ,WI,53818-3099,Public       ,109,166,275,5039,1409,6448
00392300,UNIVERSITY OF WISCONSIN-RIVER FALLS     ,WI,54022-5013,Public       ,138,98,236,4729,1093,5822
00392400,UNIVERSITY OF WISCONSIN-STEVENS POINT   ,WI,54481-3871,Public       ,171,98,269,6482,1606,8088
00392500,UNIVERSITY OF WISCONSIN-SUPERIOR        ,WI,54880-2898,Public       ,51,93,144,1497,1200,2697
00392600,UNIVERSITY OF WISCONSIN-WHITEWATER      ,WI,53190-1792,Public       ,188,164,352,7532,2022,9554
00400700,MADISON AREA TECHNICAL COLLEGE          ,WI,53704-2599,Public       ,363,669,1032,3705,4800,8505
00501500,UNIVERSITY OF WISCONSIN-PARKSIDE        ,WI,53141-2000,Public       ,111,141,252,3143,1811,4954
00529400,WAUKESHA COUNTY TECHNICAL COLLEGE       ,WI,53072-4696,Public       ,109,261,370,1197,1910,3107
00530100,NORTHEAST WISCONSIN TECHNICAL COLLEGE   ,WI,54307-9042,Public       ,163,477,640,2037,3460,5497
00530400,CHIPPEWA VALLEY TECHNICAL COLLEGE       ,WI,54701-6162,Public       ,161,396,557,2195,2853,5048
00538000,MID-STATE TECHNICAL COLLEGE             ,WI,54494-5512,Public       ,89,203,292,783,1516,2299
00538400,NICOLET AREA TECHNICAL COLLEGE          ,WI,54501-0000,Public       ,32,106,138,433,657,1090
00538700,NORTHCENTRAL TECHNICAL COLLEGE          ,WI,54401-1899,Public       ,86,262,348,854,1743,2597
00538900,GATEWAY TECHNICAL COLLEGE               ,WI,53144-1690,Public       ,227,730,957,1524,4757,6281
00539000,BLACKHAWK TECHNICAL COLLEGE             ,WI,53547-5009,Public       ,65,394,459,772,2080,2852
00610800,BELLIN HOSP SCH OF RAD TECH             ,WI,54305-3505,Private      ,0,1,1,11,2,13
00611500,MERCY MED CTR SCH OF RAD TECH           ,WI,54904-3370,Private      ,1,2,3,13,8,21
00612601,ST LUKE'S MEDCL CTR SCHL RAD TECH       ,WI,53215-4330,Private      ,1,1,2,3,15,18
00612603,ST LUKE'S MED CTR SCH OF SONOGRAPHY     ,WI,53215-0000,Private      ,1,0,1,3,9,12
00613100,THEDA CLARK REG MED CTR SCH RAD TEC     ,WI,54957-0000,Private      ,1,5,6,3,12,15
00663900,BELLIN COLLEGE                          ,WI,54305-3400,Private      ,3,7,10,210,126,336
00766900,SOUTHWEST WISCONSIN TECH COLLEGE        ,WI,53809-0000,Public       ,33,78,111,653,685,1338
00777400,SCIENTIFIC COLLEGE OF BEAUTY/BARBER     ,WI,54601-0000,Proprietary  ,0,0,0,13,26,39
00821700,WISCONSIN COLLEGE OF COSMETOLOGY        ,WI,54304-5531,Proprietary  ,5,5,10,49,37,86
00919400,LAKESHORE TECHNICAL COLLEGE             ,WI,53015-1412,Public       ,49,193,242,497,1345,1842
00925600,MORAINE PARK TECHNICAL COLLEGE          ,WI,54936-0000,Public       ,77,296,373,777,1799,2576
00941900,STATE CLG OF BEAUTY CULT-WAUSAU         ,WI,54403-4667,Proprietary  ,14,7,21,43,43,86
00962100,HERZING COLLEGE                         ,WI,53718-4236,Proprietary  ,56,401,457,587,2695,3282
00974400,FOX VALLEY TECHNICAL COLLEGE            ,WI,54913-0000,Public       ,205,521,726,2234,3298,5532
01091300,MADISON MEDIA INSTITUTE                 ,WI,53718-6787,Proprietary  ,41,20,61,323,165,488
01148400,ADVANCED INSTITUTE OF HAIR DESIGN       ,WI,53225-0000,Proprietary  ,30,37,67,142,137,279
01182400,WISCONSIN INDIANHEAD TECH CLG WITC      ,WI,54871-9300,Public       ,75,236,311,1024,1858,2882
01290600,MADISON COSMETOLOGY COLLEGE             ,WI,53711-1030,Proprietary  ,0,0,0,8,19,27
02077100,MILWAUKEE INST OF ART & DESIGN          ,WI,53202-0000,Private      ,21,13,34,754,154,908
02078000,SACRED HEART SCHOOL OF THEOLOGY         ,WI,53130-0000,Private      ,0,1,1,0,7,7
02136600,WISCONSIN LUTHERAN COLLEGE              ,WI,53226-0000,Private      ,11,7,18,815,73,888
02201803,KAPLAN COLLEGE - MILWAUKEE              ,WI,53212-3939,Proprietary  ,29,179,208,155,697,852
02239204,HIGH-TECH INSTITUTE - MILWAUKEE         ,WI,53005-4207,Proprietary  ,0,6,6,11,28,39
02271300,WI SCH OF PROFESSIONAL PSYCHOLOGY       ,WI,53225-0000,Private      ,0,2,2,4,63,67
02317200,MARANATHA BAPTIST BIBLE COLLEGE         ,WI,53094-0000,Private      ,43,11,54,688,101,789
02324700,MARTIN'S COLLEGE OF COSMETOLOGY         ,WI,53717-0000,Proprietary  ,9,23,32,90,148,238
02332100,MARTIN'S SCH HAIR DESIGN MANITOWOC      ,WI,54220-0000,Proprietary  ,8,14,22,92,110,202
02332101,MARTIN'S COLLEGE OF COSMETOLOGY -       ,WI,54914-4644,Proprietary  ,2,1,3,7,9,16
02453500,MEDICAL COLLEGE OF WISCONSIN            ,WI,53226-0000,Private      ,2,5,7,15,1124,1139
02494300,GILL-TECH ACADEMY OF HAIR DESIGN        ,WI,54911-0000,Proprietary  ,10,6,16,61,43,104
02503303,RASMUSSEN COLLEGE - MANKATO - GREEN BAY ,WI,54303-2349,Proprietary  ,22,123,145,144,536,680
02532200,LAC COURTE OREILLES OJIBWA CMTY CLG     ,WI,54843-0000,Public       ,3,40,43,76,347,423
03007400,LAKESIDE SCHOOL OF MASSAGE THERAPY      ,WI,53719-1103,Private      ,0,15,15,41,114,155
03061200,MIDWEST COLLEGE OF ORIENTAL MEDICINE    ,WI,53403-9747,Proprietary  ,1,66,67,8,221,229
03077600,MARTIN'S COLLEGE OF COSMETOLOGY         ,WI,54304-4838,Proprietary  ,37,65,102,178,302,480
03087500,ITT TECHNICAL INSTITUTE                 ,WI,53220-4612,Proprietary  ,320,628,948,1262,2442,3704
03125100,COLLEGE OF MENOMINEE NATION             ,WI,54135-0000,Private      ,19,42,61,116,411,527
03125102,COLLEGE OF  THE MENOMINEE NATION - GREEN,WI,54304-4964,Private      ,0,11,11,15,77,92
03220300,PROFESSIONAL HAIR DESIGN ACADEMY        ,WI,54701-7633,Proprietary  ,12,8,20,78,75,153
03309300,MONTESSORI INSTITUTE OF MILWAUKEE       ,WI,53207-0000,Private      ,0,2,2,2,12,14
03808300,INSTITUTE OF BEAUTY AND WELLNESS (THE)  ,WI,53202-5715,Proprietary  ,4,8,12,63,76,139
03822300,FOUR SEASONS SALON & DAY SPA            ,WI,53566-0000,Proprietary  ,0,2,2,12,22,34
03872500,NORTHLAND INTERNATIONAL UNIVERSITY      ,WI,54119-9285,Private      ,27,7,34,392,49,441
03925300,BLUE SKY SCHOOL OF PROFESSIONAL MASSAGE ,WI,53024-2624,Private      ,2,10,12,42,94,136
04117400,MILWAUKEE CAREER COLLEGE                ,WI,53222-4305,Proprietary  ,27,164,191,71,406,477
04118600,ACADEMY OF COSMETOLOGY                  ,WI,53548-3307,Proprietary  ,5,6,11,31,55,86
04124800,VISIONS IN HAIR DESIGN INSTITUTE OF COSM,WI,53210-1120,Proprietary  ,1,1,2,1,1,2
04132600,WISCONSIN ACADEMY (THE)                 ,WI,54157-1726,Proprietary  ,4,6,10,20,31,51
04138200,SALON PROFESSIONAL ACADEMY (THE)        ,WI,54914-3921,Proprietary  ,9,7,16,16,18,34
00290500,NORTH CAROLINA A&T STATE UNIV           ,NC,27411-0001,Public       ,313,371,684,12396,4280,16676
00290600,APPALACHIAN STATE UNIVERSITY            ,NC,28608-2059,Public       ,409,210,619,13633,3322,16955
00290700,UNIVERSITY OF NC AT ASHEVILLE           ,NC,28804-3299,Public       ,75,110,185,2924,1224,4148
00290800,BARTON COLLEGE                          ,NC,27893-3104,Private      ,27,57,84,1426,650,2076
00291000,BELMONT ABBEY COLLEGE                   ,NC,28012-1802,Private      ,35,105,140,1079,1013,2092
00291100,BENNETT COLLEGE                         ,NC,27401-3239,Private      ,20,18,38,1077,258,1335
00291200,BREVARD COLLEGE                         ,NC,28712-3306,Private      ,29,7,36,916,112,1028
00291300,CAMPBELL UNIVERSITY                     ,NC,27506-0036,Private      ,85,146,231,3971,2798,6769
00291400,CATAWBA COLLEGE                         ,NC,28144-2488,Private      ,38,46,84,1401,527,1928
00291500,CENTRAL PIEDMONT COMMUNITY COLLEGE      ,NC,28204-2297,Public       ,685,1960,2645,5477,10961,16438
00291600,CHOWAN UNIVERSITY                       ,NC,27855-1850,Private      ,30,17,47,1548,249,1797
00291700,COLLEGE OF THE ALBEMARLE                ,NC,27909-2327,Public       ,77,243,320,615,1336,1951
00291800,DAVIDSON COLLEGE                        ,NC,28035-7157,Private      ,56,7,63,2708,68,2776
00291900,DAVIDSON COUNTY COMMUNITY COLLEGE       ,NC,27293-0000,Public       ,114,370,484,986,2599,3585
00292000,DUKE UNIVERSITY                         ,NC,27708-0397,Private      ,213,62,275,12152,1189,13341
00292001,DUKE UNIV - SCHOOL OF MEDICINE          ,NC,27710-0000,Private      ,8,9,17,85,1223,1308
00292002,DUKE UNIV - SCHOOL OF LAW               ,NC,27708-0000,Private      ,5,13,18,39,2837,2876
00292003,DUKE UNIV - GRAD SCH ARTS & SCIENCE     ,NC,27708-0000,Private      ,3,37,40,64,739,803
00292004,DUKE UNIV - FUQUA SCH OF BUSINESS       ,NC,27708-0000,Private      ,8,34,42,51,1094,1145
00292005,DUKE UNIV/NICHOLAS SCH OF ENVIRON.      ,NC,27708-0000,Private      ,2,6,8,13,285,298
00292006,DUKE UNIV - DIVINITY SCHOOL             ,NC,27708-0000,Private      ,0,4,4,79,627,706
00292007,DUKE UNIV - SCHOOL OF NURSING           ,NC,27710-0000,Private      ,3,27,30,58,467,525
00292300,EAST CAROLINA UNIVERSITY                ,NC,27858-1818,Public       ,460,682,1142,17751,9631,27382
00292600,ELIZABETH CITY STATE UNIVERSITY         ,NC,27909-7806,Public       ,89,79,168,3556,1248,4804
00292700,ELON UNIVERSITY                         ,NC,27244-2010,Private      ,82,31,113,5811,778,6589
00292800,FAYETTEVILLE STATE UNIVERSITY           ,NC,28301-4298,Public       ,162,419,581,5276,5488,10764
00292900,GARDNER-WEBB UNIVERSITY                 ,NC,28017-0000,Private      ,60,184,244,2130,2046,4176
00293000,GREENSBORO COLLEGE                      ,NC,27401-1875,Private      ,30,77,107,1278,693,1971
00293100,GUILFORD COLLEGE                        ,NC,27410-4171,Private      ,45,248,293,2418,2089,4507
00293300,HIGH POINT UNIVERSITY                   ,NC,27262-4221,Private      ,47,97,144,3065,1399,4464
00293400,ISOTHERMAL COMMUNITY COLLEGE            ,NC,28160-0804,Public       ,93,399,492,775,1490,2265
00293500,JOHN WESLEY COLLEGE                     ,NC,27265-0000,Private      ,6,16,22,41,120,161
00293600,JOHNSON C SMITH UNIVERSITY              ,NC,28216-5398,Private      ,82,82,164,3450,774,4224
00293700,KING'S COLLEGE-CHARLOTTE                ,NC,28204-2435,Proprietary  ,16,25,41,647,299,946
00293900,LEES MCRAE COLLEGE                      ,NC,28604-0000,Private      ,20,19,39,959,286,1245
00294000,LENOIR COMMUNITY COLLEGE                ,NC,28502-0188,Public       ,67,356,423,772,2120,2892
00294100,LENOIR-RHYNE COLLEGE                    ,NC,28603-0000,Private      ,45,32,77,1966,478,2444
00294200,LIVINGSTONE COLLEGE                     ,NC,28144-5298,Private      ,40,14,54,1279,369,1648
00294300,LOUISBURG COLLEGE                       ,NC,27549-2398,Private      ,31,11,42,953,97,1050
00294400,MARS HILL COLLEGE                       ,NC,28754-0000,Private      ,28,35,63,1387,421,1808
00294500,MEREDITH COLLEGE                        ,NC,27607-5298,Private      ,46,50,96,1881,826,2707
00294600,METHODIST UNIVERSITY                    ,NC,28311-1420,Private      ,36,120,156,2086,1168,3254
00294700,MITCHELL COMMUNITY COLLEGE              ,NC,28677-5264,Public       ,97,334,431,769,1981,2750
00294800,MONTREAT COLLEGE                        ,NC,28757-1267,Private      ,13,143,156,624,883,1507
00294900,MOUNT OLIVE COLLEGE                     ,NC,28365-1299,Private      ,39,364,403,999,3116,4115
00295000,NORTH CAROLINA CENTRAL UNIVERSITY       ,NC,27707-3198,Public       ,155,387,542,7559,6612,14171
00295100,NORTH CAROLINA WESLEYAN COLLEGE         ,NC,27804-8699,Private      ,17,77,94,1093,923,2016
00295300,PEACE COLLEGE                           ,NC,27604-1194,Private      ,24,19,43,845,232,1077
00295400,UNIV OF NORTH CAROLINA AT PEMBROKE      ,NC,28372-1510,Public       ,131,245,376,4859,3337,8196
00295500,PFEIFFER UNIVERSITY                     ,NC,28109-0000,Private      ,28,128,156,966,1186,2152
00295600,PIEDMONT BAPTIST COLLEGE AND GRADUATE SC,NC,27101-5025,Private      ,11,23,34,203,174,377
00295700,QUEENS UNIVERSITY OF CHARLOTTE          ,NC,28274-0001,Private      ,51,182,233,1580,1526,3106
00295800,ROCKINGHAM COMMUNITY COLLEGE            ,NC,27375-0000,Public       ,68,220,288,651,1246,1897
00296000,SALEM COLLEGE                           ,NC,27108-0000,Private      ,18,51,69,496,563,1059
00296100,SANDHILLS COMMUNITY COLLEGE             ,NC,28374-8283,Public       ,131,399,530,1222,2507,3729
00296200,SHAW UNIVERSITY                         ,NC,27601-2393,Private      ,106,182,288,2993,2360,5353
00296300,SOUTHEASTERN BAPTIST THEOL SEMINARY     ,NC,27588-0000,Private      ,0,7,7,27,105,132
00296400,SOUTHEASTERN COMMUNITY COLLEGE          ,NC,28472-5422,Public       ,43,224,267,650,1379,2029
00296700,ST ANDREWS PRESBYTERIAN COLLEGE         ,NC,28352-9979,Private      ,22,4,26,784,112,896
00296800,ST AUGUSTINES COLLEGE                   ,NC,27610-2298,Private      ,57,53,110,1883,591,2474
00297000,SURRY COMMUNITY COLLEGE                 ,NC,27017-0304,Public       ,85,172,257,1028,1291,2319
00297200,NORTH CAROLINA STATE UNIV-RALEIGH       ,NC,27695-1751,Public       ,442,495,937,19500,6854,26354
00297300,GASTON COLLEGE                          ,NC,28034-1499,Public       ,224,761,985,1391,3250,4641
00297400,UNIVERSITY OF N C-CHAPEL HILL           ,NC,27514-0000,Public       ,331,368,699,17565,10497,28062
00297500,UNIVERSITY OF NC AT CHARLOTTE           ,NC,28223-0001,Public       ,401,783,1184,14241,9024,23265
00297600,UNIVERSITY OF N C - GREENSBORO          ,NC,27412-0001,Public       ,331,469,800,12979,7413,20392
00297800,WAKE FOREST UNIV - UNDERGRADUATE        ,NC,27109-7246,Private      ,80,19,99,5201,206,5407
00297801,WAKE FOREST UNIV - SCH OF MEDICINE      ,NC,27157-1090,Private      ,3,8,11,32,927,959
00297803,WAKE FOREST UNIV - MBA                  ,NC,27109-7659,Private      ,2,22,24,18,498,516
00297805,WAKE FOREST UNIV - SCH OF LAW           ,NC,27109-7206,Private      ,3,12,15,16,1291,1307
00297806,WAKE FOREST UNIV - GRAD A&S/DIVINITY    ,NC,27109-7246,Private      ,4,18,22,48,381,429
00297900,WARREN WILSON COLLEGE                   ,NC,28815-0000,Private      ,33,9,42,1121,297,1418
00298000,WAYNE COMMUNITY COLLEGE                 ,NC,27533-0000,Public       ,107,371,478,1052,2188,3240
00298100,WESTERN CAROLINA UNIVERSITY             ,NC,28723-9731,Public       ,157,213,370,6108,2794,8902
00298200,WESTERN PIEDMONT COMMUNITY COLLEGE      ,NC,28655-4504,Public       ,90,256,346,897,1772,2669
00298300,WILKES COMMUNITY COLLEGE                ,NC,28697-2100,Public       ,74,234,308,836,1260,2096
00298400,UNIVERSITY OF N C-WILMINGTON            ,NC,28403-3297,Public       ,239,238,477,9893,3351,13244
00298500,WINGATE UNIVERSITY                      ,NC,28174-0159,Private      ,58,65,123,2093,762,2855
00298600,WINSTON-SALEM STATE UNIVERSITY          ,NC,27102-0000,Public       ,151,336,487,7033,3720,10753
00398100,NORTH CAROLINA SCHOOL OF THE ARTS       ,NC,27127-2188,Public       ,22,14,36,1085,260,1345
00403300,ASHEVILLE BUNCOMBE TECH CMTY CLG        ,NC,28801-4897,Public       ,148,436,584,1292,2590,3882
00406200,PITT COMMUNITY COLLEGE                  ,NC,28590-0000,Public       ,237,641,878,2606,3974,6580
00483500,CALDWELL COMMUNITY CLG & TECH INST      ,NC,28638-2626,Public       ,113,303,416,1120,1899,3019
00483800,GUILFORD TECHNICAL COMMUNITY CLG        ,NC,27282-0309,Public       ,396,1146,1542,4144,7382,11526
00484400,WAKE TECHNICAL COMMUNITY COLLEGE        ,NC,27603-5696,Public       ,465,1178,1643,3593,6550,10143
00484500,WILSON COMMUNITY COLLEGE                ,NC,27893-3310,Public       ,55,269,324,443,1524,1967
00499201,MILLER-MOTTE TECHNICAL COLLEGE - CARY   ,NC,27511-9209,Proprietary  ,31,159,190,131,863,994
00499202,MILLER-MOTTE TECHNICAL COLLEGE - MILLER-,NC,27604-6072,Proprietary  ,16,84,100,43,181,224
00531600,COASTAL CAROLINA COMMUNITY COLLEGE      ,NC,28546-6816,Public       ,108,494,602,1014,2929,3943
00531700,FORSYTH TECHNICAL COMMUNITY COLLEGE     ,NC,27103-5197,Public       ,256,840,1096,1974,4979,6953
00531800,CATAWBA VALLEY COMMUNITY COLLEGE        ,NC,28602-8302,Public       ,166,490,656,1449,2689,4138
00532000,CAPE FEAR COMMUNITY COLLEGE             ,NC,28401-3910,Public       ,275,678,953,2517,3305,5822
00544700,RANDOLPH COMMUNITY COLLEGE              ,NC,27204-1009,Public       ,66,214,280,651,1370,2021
00544800,DURHAM TECHNICAL CMNTY COLLEGE          ,NC,27703-5023,Public       ,148,592,740,948,3308,4256
00544900,CENTRAL CAROLINA COMMUNITY COLLEGE      ,NC,27330-9000,Public       ,123,465,588,954,2583,3537
00546300,ALAMANCE COMMUNITY COLLEGE              ,NC,27253-0000,Public       ,142,541,683,1007,2495,3502
00546400,RICHMOND COMMUNITY COLLEGE              ,NC,28345-4522,Public       ,58,246,304,533,1544,2077
00575400,ROWAN-CABARRUS COMMUNITY COLLEGE        ,NC,28145-1595,Public       ,188,657,845,1547,3475,5022
00647700,CABARRUS COLLEGE OF HEALTH SCIENCES     ,NC,28025-0000,Private      ,17,58,75,276,422,698
00647800,MERCY HOSP SCH OF NURSING               ,NC,28207-0000,Public       ,8,50,58,109,358,467
00648300,WATTS SCHOOL OF NURSING                 ,NC,27704-0000,Private      ,6,21,27,58,178,236
00679900,CRAVEN COMMUNITY COLLEGE                ,NC,28562-0000,Public       ,99,394,493,638,2053,2691
00703100,PAMLICO COMMUNITY COLLEGE               ,NC,28529-0000,Public       ,8,44,52,78,269,347
00764000,FAYETTEVILLE TECHNICAL CMTY COLLEGE     ,NC,28303-0236,Public       ,285,1317,1602,2627,9351,11978
00768700,JAMES SPRUNT COMMUNITY COLLEGE          ,NC,28349-0398,Public       ,30,141,171,319,855,1174
00781400,BROOKSTONE COLLEGE OF BUSINESS          ,NC,28262-0000,Proprietary  ,9,60,69,65,299,364
00781401,BROOKSTONE COLLEGE OF BUSINESS          ,NC,27409-0000,Proprietary  ,9,85,94,44,324,368
00789200,SAMPSON COMMUNITY COLLEGE               ,NC,28328-0000,Public       ,44,129,173,463,1112,1575
00798500,SOUTH PIEDMONT COMMUNITY COLLEGE        ,NC,28135-9703,Public       ,81,347,428,620,1638,2258
00798600,HALIFAX COMMUNITY COLLEGE               ,NC,27890-0089,Public       ,65,189,254,500,1156,1656
00798700,BLADEN COMMUNITY COLLEGE                ,NC,28332-0266,Public       ,28,150,178,392,1309,1701
00798800,MARTIN COMMUNITY COLLEGE                ,NC,27892-8307,Public       ,29,101,130,198,573,771
00808100,CARTERET COMMUNITY COLLEGE              ,NC,28557-2989,Public       ,53,184,237,446,1057,1503
00808200,CLEVELAND COMMUNITY COLLEGE             ,NC,28150-0000,Public       ,87,365,452,734,2031,2765
00808300,HAYWOOD COMMUNITY COLLEGE               ,NC,28721-0000,Public       ,65,151,216,477,876,1353
00808500,MCDOWELL TECHNICAL COMMUNITY CLG        ,NC,28752-8728,Public       ,30,171,201,261,720,981
00808700,MONTGOMERY COMMUNITY COLLEGE            ,NC,27371-0787,Public       ,16,81,97,225,621,846
00846600,SOUTHWESTERN COMMUNITY COLLEGE          ,NC,28779-8581,Public       ,59,182,241,629,1122,1751
00855700,NASH COMMUNITY COLLEGE                  ,NC,27804-0488,Public       ,74,282,356,723,1574,2297
00855800,BEAUFORT COUNTY COMMUNITY COLLEGE       ,NC,27889-7889,Public       ,51,188,239,454,1222,1676
00861200,ROBESON COMMUNITY COLLEGE               ,NC,28359-2151,Public       ,107,389,496,853,2517,3370
00861300,ROANOKE-CHOWAN COMMUNITY COLLEGE        ,NC,27910-9522,Public       ,16,97,113,264,604,868
00885500,EDGECOMBE COMMUNITY COLLEGE             ,NC,27886-9399,Public       ,66,322,388,453,1747,2200
00885501,EDGECOMBE COMMUNITY COLLEGE             ,NC,27801-0000,Public       ,1,3,4,108,484,592
00902500,SOUTH EASTERN CLG OF BEAUTY CULTURE     ,NC,28204-0000,Proprietary  ,22,69,91,130,356,486
00933600,JOHNSTON COMMUNITY COLLEGE              ,NC,27577-0000,Public       ,103,346,449,893,1957,2850
00943000,TRI-COUNTY COMMUNITY COLLEGE            ,NC,28906-7919,Public       ,26,131,157,260,641,901
00964600,PIEDMONT COMMUNITY COLLEGE              ,NC,27573-1197,Public       ,50,154,204,425,1094,1519
00968400,BLUE RIDGE COMMUNITY COLLEGE            ,NC,28731-9624,Public       ,47,139,186,491,794,1285
00974701,GORDON-CONWELL THEO SEM - CHARLOTTE     ,NC,28273-0000,Private      ,0,16,16,2,155,157
00990300,VANCE-GRANVILLE CMTY COLLEGE            ,NC,27536-0917,Public       ,148,442,590,1026,2536,3562
01026400,SOUTH COLLEGE                           ,NC,28803-3152,Proprietary  ,21,116,137,60,398,458
01119400,STANLY COMMUNITY COLLEGE                ,NC,28001-7458,Public       ,45,223,268,508,1443,1951
01119700,MAYLAND COMMUNITY COLLEGE               ,NC,28777-2777,Public       ,27,82,109,269,463,732
01179900,PAUL MITCHELL THE SCHOOL FAYETTEVILLE   ,NC,28303-5364,Proprietary  ,0,4,4,10,65,75
01192600,LEON'S BEAUTY SCHOOL                    ,NC,27403-2812,Proprietary  ,14,21,35,89,154,243
02056500,MITCHELL'S HAIR STYLING ACADEMY         ,NC,27893-0000,Proprietary  ,13,18,31,61,106,167
02056501,MITCHELL'S HAIR STYLING ACADEMY - MITCHE,NC,27606-3326,Proprietary  ,3,7,10,19,36,55
02110500,ART INSTITUTE OF CHARLOTTE (THE)        ,NC,28217-0000,Proprietary  ,199,383,582,1696,1726,3422
02170700,BRUNSWICK COMMUNITY COLLEGE             ,NC,28422-0000,Public       ,41,126,167,466,666,1132
02205000,COLLEGE OF WILMINGTON                   ,NC,28403-0000,Proprietary  ,5,37,42,28,148,176
02210400,FAYETTEVILLE BEAUTY COLLEGE             ,NC,28303-0000,Proprietary  ,3,27,30,31,115,146
02227800,MITCHELL'S HAIR STYLING ACADEMY         ,NC,27534-0000,Proprietary  ,0,1,1,1,10,11
02227900,MITCHELL'S HAIR STYLING ACADEMY         ,NC,27858-0000,Proprietary  ,2,3,5,11,24,35
02238700,HAIRSTYLING INSTITUTE OF CHARLOTTE      ,NC,28204-0000,Proprietary  ,13,39,52,49,119,168
02280900,ROANOKE BIBLE COLLEGE                   ,NC,27909-0000,Private      ,3,12,15,106,94,200
02286300,CAROLINA BEAUTY COLLEGE                 ,NC,27262-0000,Proprietary  ,20,134,154,127,705,832
02560600,PINNACLE INSTITUTE OF COSMETOLOGY       ,NC,28115-8020,Proprietary  ,6,12,18,27,46,73
02614201,MILLER-MOTTE BUSINESS COLLEGE           ,NC,28403-0000,Proprietary  ,53,210,263,249,962,1211
03009500,WINSTON-SALEM BARBER SCHOOL             ,NC,27107-0000,Proprietary  ,2,10,12,44,79,123
03064400,COSM INST OF BEAUTY ARTS & SCIENCES     ,NC,27127-7150,Proprietary  ,5,14,19,31,109,140
03089300,HERITAGE BIBLE COLLEGE                  ,NC,28335-0000,Private      ,2,7,9,23,98,121
03104200,CAROLINAS COLLEGE OF HEALTH SCIENCE     ,NC,28232-2861,Public       ,20,89,109,252,535,787
03104201,CHS NURSE ANESTHESIA PROGRAM / UNCC     ,NC,28232-2861,Public       ,10,27,37,305,248,553
03109000,SCHOOL OF COMMUNICATION ARTS            ,NC,27614-7076,Proprietary  ,39,46,85,428,244,672
03361300,MEDICAL ARTS MASSAGE SCHOOL             ,NC,27616-6453,Proprietary  ,7,25,32,27,159,186
03513400,APEX SCHOOL OF THEOLOGY                 ,NC,27703-8024,Private      ,0,20,20,6,226,232
03555300,SOUTHEASTERN INSTITUTE                  ,NC,28217-0000,Proprietary  ,13,73,86,59,248,307
03555400,SOUTHEASTERN SCHOOL OF NEUROMUSCULAR  MA,NC,29406-0000,Proprietary  ,5,29,34,26,107,133
03570300,CAROLINA CHRISTIAN COLLEGE              ,NC,27105-3241,Private      ,1,6,7,6,43,49
03663300,HOOD THEOLOGICAL SEMINARY               ,NC,28144-5768,Private      ,0,20,20,2,212,214
03748500,LA SHE'S BEAUTY ACADEMY                 ,NC,27707-3569,Proprietary  ,6,26,32,25,100,125
03777300,CAROLINA ACAD OF COSMETIC ART & SCI     ,NC,28054-0460,Proprietary  ,12,39,51,71,192,263
03827300,NEW LIFE THEOLOGICAL SEMINARY           ,NC,28205-1648,Private      ,0,9,9,4,76,80
04098300,TECHSKILLS - CHARLOTTE                  ,NC,28217-0000,Proprietary  ,6,42,48,8,58,66
04101300,CAROLINA SCHOOL OF BROADCASTING         ,NC,28214-8085,Proprietary  ,7,35,42,32,103,135
04115700,REGINA'S COLLEGE OF BEAUTY              ,NC,28110-2831,Proprietary  ,4,11,15,12,31,43
04120300,ASHEBORO BEAUTY SCHOOL OF RANDOLPH      ,NC,27203-6406,Proprietary  ,2,6,8,11,31,42
04140700,AVEDA INSTITUTE CHAPEL HILL             ,NC,27516-2559,Proprietary  ,26,32,58,26,32,58
00298800,BISMARCK STATE COLLEGE                  ,ND,58501-1299,Public       ,68,124,192,1950,1362,3312
00298900,DICKINSON STATE UNIVERSITY              ,ND,58601-4896,Public       ,34,43,77,1267,695,1962
00299000,JAMESTOWN COLLEGE                       ,ND,58405-3401,Private      ,11,7,18,944,137,1081
00299100,LAKE REGION STATE COLLEGE               ,ND,58301-1598,Public       ,15,41,56,324,333,657
00299200,UNIVERSITY OF MARY                      ,ND,58504-9652,Private      ,15,140,155,1573,1323,2896
00299300,MAYVILLE STATE UNIVERSITY               ,ND,58257-1299,Public       ,8,20,28,428,195,623
00299400,MINOT STATE UNIVERSITY                  ,ND,58707-0002,Public       ,25,88,113,1485,1408,2893
00299500,MINOT STATE UNIV-BOTTINEAU CAMPUS       ,ND,58318-1159,Public       ,18,15,33,242,233,475
00299600,NORTH DAKOTA STATE CLG OF SCIENCE       ,ND,58076-0002,Public       ,35,45,80,1388,652,2040
00299700,NORTH DAKOTA STATE UNIVERSITY           ,ND,58108-6050,Public       ,172,153,325,8647,2365,11012
00300500,UNIVERSITY OF NORTH DAKOTA              ,ND,58202-8193,Public       ,129,216,345,7222,3822,11044
00300700,WILLISTON STATE COLLEGE                 ,ND,58802-1326,Public       ,4,26,30,256,352,608
00300800,VALLEY CITY STATE UNIVERSITY            ,ND,58072-0000,Public       ,11,24,35,570,242,812
00484600,RASMUSSEN COLLEGE                       ,ND,58103-7196,Proprietary  ,46,174,220,396,1400,1796
00484601,RASMUSSEN COLLEGE - BISMARCK            ,ND,58503-0000,Proprietary  ,22,70,92,93,195,288
00775600,JOSEF'S SCHOOL OF HAIR DESIGN INC       ,ND,58102-4977,Proprietary  ,8,12,20,74,57,131
00935400,MEDCENTER ONE COLLEGE OF NURSING        ,ND,58501-4494,Private      ,1,1,2,60,65,125
01040600,JOSEF'S SCHOOL OF HAIR DESIGN           ,ND,58201-6394,Proprietary  ,4,12,16,43,65,108
01205900,TRINITY BIBLE COLLEGE                   ,ND,58436-7150,Private      ,10,7,17,228,124,352
01229500,R D HAIRSTYLING COLLEGE                 ,ND,58501-4001,Proprietary  ,2,5,7,43,29,72
02188200,SITTING BULL COLLEGE                    ,ND,58538-9721,Public       ,3,37,40,67,337,404
02236500,LITTLE HOOP COMMUNITY COLLEGE           ,ND,58335-0000,Public       ,5,17,22,23,155,178
02242900,UNITED TRIBES TECHNICAL COLLEGE         ,ND,58504-0000,Private      ,14,72,86,170,645,815
02298200,HEADQUARTERS ACADEMY OF HAIR DESIGN     ,ND,58701-0000,Proprietary  ,4,18,22,19,39,58
02301100,TURTLE MTN CMNTY COLG-FIN AID OFC       ,ND,58316-0000,Private      ,12,21,33,175,407,582
02553700,FORT BERTHOLD COMMUNITY COLLEGE         ,ND,58763-0000,Public       ,8,10,18,39,79,118
03087200,MOLER BARBER CLG OF HAIRSTYLING         ,ND,58103-0000,Proprietary  ,0,1,1,4,7,11
04031300,SALON PROFESSIONAL ACADEMY (THE)        ,ND,58103-3337,Proprietary  ,11,8,19,70,45,115
04139400,HAIR ACADEMY (THE)                      ,ND,58501-4929,Proprietary  ,6,4,10,17,16,33
00301005,ANTIOCH UNIV/SEATTLE                    ,WA,98121-0000,Private      ,1,83,84,35,1071,1106
00376900,BELLEVUE COMMUNITY COLLEGE              ,WA,98007-6484,Public       ,240,565,805,2691,3792,6483
00377000,BIG BEND COMMUNITY COLLEGE              ,WA,98837-3299,Public       ,85,246,331,904,1215,2119
00377100,"CENTRAL WASHINGTON UNIV., FIN AID       ",WA,98926-7495,Public       ,302,190,492,8035,3686,11721
00377200,CENTRALIA COLLEGE                       ,WA,98531-4099,Public       ,80,231,311,872,1253,2125
00377300,CLARK COLLEGE                           ,WA,98663-3598,Public       ,387,915,1302,3361,5859,9220
00377400,COLUMBIA BASIN COLLEGE                  ,WA,99301-3379,Public       ,173,477,650,2089,3200,5289
00377500,EASTERN WASHINGTON UNIVERSITY           ,WA,99004-2447,Public       ,258,324,582,7658,5255,12913
00377600,EVERETT COMMUNITY COLLEGE               ,WA,98201-1352,Public       ,194,690,884,1586,3793,5379
00377700,HERITAGE UNIVERSITY                     ,WA,98948-9562,Private      ,12,83,95,378,1387,1765
00377800,GONZAGA UNIVERSITY                      ,WA,99258-0083,Private      ,84,202,286,6133,3180,9313
00377900,GRAYS HARBOR COLLEGE                    ,WA,98520-7599,Public       ,65,222,287,630,1157,1787
00378000,GREEN RIVER COMMUNITY COLLEGE           ,WA,98092-3622,Public       ,228,549,777,1997,3128,5125
00378100,HIGHLINE COMMUNITY COLLEGE              ,WA,98198-9800,Public       ,234,552,786,2069,3660,5729
00378200,LOWER COLUMBIA COLLEGE                  ,WA,98632-0310,Public       ,91,427,518,855,2293,3148
00378300,NORTHWEST UNIVERSITY                    ,WA,98083-0000,Private      ,30,61,91,1042,647,1689
00378400,OLYMPIC COLLEGE                         ,WA,98337-1600,Public       ,150,507,657,1354,3315,4669
00378500,PACIFIC LUTHERAN UNIVERSITY             ,WA,98447-0003,Private      ,72,63,135,3983,1380,5363
00378600,PENINSULA COLLEGE                       ,WA,98362-6660,Public       ,69,244,313,475,1212,1687
00378700,SEATTLE CENTRAL COMMUNITY COLLEGE       ,WA,98122-2413,Public       ,247,627,874,2095,4397,6492
00378703,SEATTLE VOCATIONAL INSTITUTE            ,WA,98144-0000,Public       ,10,106,116,61,345,406
00378800,SEATTLE PACIFIC UNIVERSITY              ,WA,98119-1997,Private      ,102,126,228,4230,1604,5834
00379000,SEATTLE UNIVERSITY                      ,WA,98122-1090,Private      ,207,249,456,6282,5785,12067
00379100,SHORELINE COMMUNITY COLLEGE             ,WA,98133-5696,Public       ,123,355,478,1436,2613,4049
00379200,SKAGIT VALLEY COLLEGE                   ,WA,98273-5899,Public       ,125,375,500,1009,2304,3313
00379300,SPOKANE COMMUNITY COLLEGE               ,WA,99207-5399,Public       ,343,1152,1495,2918,7308,10226
00379400,ST MARTIN'S UNIVERSITY                  ,WA,98503-7500,Private      ,12,54,66,1198,892,2090
00379600,TACOMA COMMUNITY COLLEGE                ,WA,98466-6100,Public       ,229,807,1036,2172,5481,7653
00379700,UNIVERSITY OF PUGET SOUND               ,WA,98416-1039,Private      ,71,31,102,4538,865,5403
00379800,UNIVERSITY OF WASHINGTON                ,WA,98195-5880,Public       ,757,957,1714,24966,21233,46199
00379900,WALLA WALLA UNIVERSITY                  ,WA,99324-1198,Private      ,36,31,67,1365,643,2008
00380000,WASHINGTON STATE UNIVERSITY             ,WA,99164-1035,Public       ,473,597,1070,17103,9783,26886
00380100,WENATCHEE VALLEY COLLEGE                ,WA,98801-1799,Public       ,103,326,429,1166,2141,3307
00380200,WESTERN WASHINGTON UNIVERSITY           ,WA,98225-5946,Public       ,373,206,579,12981,3646,16627
00380300,WHITMAN COLLEGE                         ,WA,99362-2067,Private      ,41,3,44,2605,57,2662
00380400,WHITWORTH UNIVERSITY                    ,WA,99251-0001,Private      ,70,69,139,3434,917,4351
00380500,YAKIMA VALLEY COMMUNITY COLLEGE         ,WA,98907-2520,Public       ,147,474,621,2089,3826,5915
00499900,BELLINGHAM TECHNICAL COLLEGE            ,WA,98225-0000,Public       ,74,269,343,529,1370,1899
00500000,PIERCE COLLEGE                          ,WA,98498-1919,Public       ,239,750,989,2169,4857,7026
00500100,EDMONDS COMMUNITY COLLEGE               ,WA,98036-5999,Public       ,186,453,639,1491,2931,4422
00500600,WALLA WALLA COMMUNITY COLLEGE           ,WA,99362-9267,Public       ,82,263,345,1305,1993,3298
00530600,BATES TECHNICAL COLLEGE                 ,WA,98405-0000,Public       ,81,380,461,514,2034,2548
00537200,SOUTH PUGET SOUND COMMUNITY COLLEGE     ,WA,98512-6292,Public       ,228,486,714,1603,3023,4626
00537300,LAKE WASHINGTON TECHNICAL COLLEGE       ,WA,98034-8505,Public       ,57,234,291,425,1414,1839
00575200,CLOVER PARK TECHNICAL COLLEGE           ,WA,98499-0000,Public       ,132,586,718,917,3326,4243
00815500,EVERGREEN STATE COLLEGE (THE)           ,WA,98505-0002,Public       ,126,204,330,3376,3085,6461
00844300,ITT TECHNICAL INSTITUTE                 ,WA,98168-3334,Proprietary  ,106,298,404,473,1177,1650
00907901,EVEREST COLLEGE                         ,WA,98684-6950,Proprietary  ,19,83,102,90,445,535
00938700,PERRY TECHNICAL INSTITUTE               ,WA,98903-1239,Private      ,62,99,161,394,587,981
00954400,SPOKANE FALLS COMMUNITY COLLEGE         ,WA,99224-5204,Public       ,282,660,942,3123,4690,7813
00970400,NORTH SEATTLE COMMUNITY COLLEGE         ,WA,98103-3599,Public       ,109,399,508,1036,2668,3704
00970600,SOUTH SEATTLE COMMUNITY COLLEGE         ,WA,98106-1499,Public       ,145,352,497,1245,2317,3562
00973900,GLEN DOW ACAD OF HAIR DESIGN            ,WA,99201-0209,Proprietary  ,19,23,42,109,129,238
01036400,WHATCOM COMMUNITY COLLEGE               ,WA,98226-8003,Public       ,135,251,386,1336,1619,2955
01043400,RENTON TECHNICAL COLLEGE                ,WA,98056-0000,Public       ,79,306,385,535,1665,2200
01148100,DIVERS INSTITUTE OF TECHNOLOGY          ,WA,98107-0667,Proprietary  ,13,67,80,97,321,418
01231500,CORNISH COLLEGE OF THE ARTS             ,WA,98121-4604,Private      ,25,9,34,1047,264,1311
01249600,GREENWOOD BEAUTY SCHOOL                 ,WA,98103-0000,Proprietary  ,5,17,22,29,83,112
01302200,CITY UNIVERSITY OF SEATTLE              ,WA,98005-3030,Private      ,10,226,236,111,2291,2402
01309400,BELLINGHAM BEAUTY SCHOOL                ,WA,98225-0000,Proprietary  ,3,6,9,23,42,65
02091701,KAPLAN COLLEGE - SEATTLE                ,WA,98055-4910,Proprietary  ,13,37,50,63,238,301
02105300,BELLEVUE BEAUTY SCHOOL                  ,WA,98007-0000,Proprietary  ,3,9,12,18,30,48
02106700,TRINITY LUTHERAN COLLEGE                ,WA,98201-3569,Private      ,5,6,11,99,44,143
02180000,NORTHWEST INDIAN COLLEGE                ,WA,98226-9278,Public       ,23,85,108,106,469,575
02184200,PAROBA COLLEGE OF COSMETOLOGY           ,WA,98208-0000,Proprietary  ,4,16,20,32,73,105
02202200,STYLEMASTERS COLLEGE OF HAIR DESIGN     ,WA,98632-0000,Proprietary  ,8,14,22,29,66,95
02203300,GENE JUAREZ ACADEMY OF BEAUTY           ,WA,98125-0000,Proprietary  ,54,87,141,336,439,775
02203301,GENE JUAREZ ACADEMY OF BEAUTY           ,WA,98003-0000,Proprietary  ,7,8,15,58,65,123
02222900,INTERNATIONAL AIR & HOSPITALITY ACADEMY ,WA,98661-4835,Proprietary  ,35,48,83,249,199,448
02236800,PROFESSIONAL BEAUTY SCHOOL              ,WA,98902-0000,Proprietary  ,3,6,9,47,50,97
02242500,BASTYR UNIVERSITY                       ,WA,98028-0000,Private      ,6,60,66,109,1090,1199
02263107,CAMBRIDGE COLLEGE-BELLEVUE              ,WA,98007-0000,Proprietary  ,0,3,3,4,16,20
02291300,ART INSTITUTE OF SEATTLE                ,WA,98121-1622,Proprietary  ,180,179,359,2011,1528,3539
02300100,EVEREST COLLEGE                         ,WA,98367-1835,Proprietary  ,23,79,102,84,346,430
02300103,EVEREST COLLEGE - EVERETT               ,WA,98208-2610,Proprietary  ,45,120,165,132,415,547
02300104,EVEREST COLLEGE - TACOMA                ,WA,98402-3004,Proprietary  ,31,138,169,114,592,706
02326500,INTERFACE COLLEGE                       ,WA,99201-3209,Proprietary  ,4,86,90,8,226,234
02331400,NORTHWEST HAIR ACADEMY                  ,WA,98273-0000,Proprietary  ,23,35,58,82,109,191
02331402,NORTHWEST HAIR ACADEMY - EVERETT        ,WA,98204-0000,Proprietary  ,4,2,6,17,16,33
02345100,PHAGAN'S ORCHARDS BEAUTY SCHOOL         ,WA,98662-0000,Proprietary  ,0,0,0,6,19,25
02504900,ACADEMY OF HAIR DESIGN (THE)            ,WA,98801-0000,Proprietary  ,7,6,13,28,49,77
02541900,BJ'S BEAUTY AND BARBER COLLEGE          ,WA,98409-0000,Proprietary  ,5,22,27,24,115,139
02602100,NORTHWEST COLLEGE OF ART                ,WA,98370-8625,Proprietary  ,4,0,4,122,28,150
02606200,EVEREST COLLEGE                         ,WA,98055-2990,Proprietary  ,50,161,211,142,522,664
02617500,EVEREST COLLEGE                         ,WA,98133-9018,Proprietary  ,11,37,48,65,161,226
02617501,EVEREST COLLEGE - FIFE                  ,WA,98424-2647,Proprietary  ,18,50,68,98,281,379
02617503,EVEREST COLLEGE - VANCOUVER             ,WA,98684-6951,Proprietary  ,14,37,51,87,261,348
02617505,ASHMEAD COLLEGE - NEW EVERETT CAMPUS    ,WA,98201-4022,Proprietary  ,0,0,0,2,6,8
03031406,INTERNATIONAL ACADEMY OF DESIGN AND TECH,WA,98188-3319,Proprietary  ,23,39,62,237,291,528
03065000,CLARE'S BEAUTY COLLEGE                  ,WA,99301-5505,Proprietary  ,1,7,8,18,52,70
03071800,ITT TECHNICAL INSTITUTE                 ,WA,99216-1589,Proprietary  ,84,302,386,450,1238,1688
03099000,CORTIVA INSTITUTE - SEATTLE             ,WA,98109-5474,Proprietary  ,15,37,52,99,237,336
03139500,MONTESSORI SCHOOLS OF WASHINGTON        ,WA,98203-6600,Private      ,0,0,0,0,1,1
03280300,SEATTLE INST OF ORIENTAL MEDICINE       ,WA,98115-0000,Proprietary  ,0,5,5,4,48,52
03283300,NORTHWEST HVAC/R ASSOCIATION & TRAINING ,WA,99202-2125,Private      ,1,4,5,6,51,57
03361600,SEATTLE MIDWIFERY SCHOOL                ,WA,98144-0000,Private      ,0,5,5,6,55,61
03466400,MARS HILL GRADUATE SCHOOL               ,WA,98121-0000,Private      ,0,2,2,2,255,257
03483500,CASCADIA COMMUNITY COLLEGE              ,WA,98011-9510,Public       ,67,134,201,595,765,1360
03490400,EMIL FRIES PIANO HOSPITAL & TRAININ     ,WA,98661-4323,Private      ,0,2,2,3,10,13
03631500,CORTIVA INSTITUTE - BRIAN UTTING SCHOOL ,WA,98109-5211,Proprietary  ,0,0,0,9,13,22
03689400,FAITH EVANGELICAL SEMINARY              ,WA,98407-2607,Private      ,1,29,30,5,175,180
03707500,CHETTA'S ACADEMY OF HAIR AND NAILS      ,WA,98362-4310,Proprietary  ,0,4,4,6,12,18
03724300,DIGIPEN INSTITUTE OF TECHNOLOGY         ,WA,98052-5170,Proprietary  ,23,2,25,652,238,890
03917300,EVERGREEN BEAUTY AND BARBER COLLEGE     ,WA,98208-3759,Proprietary  ,17,30,47,49,133,182
03932500,TOTAL COSMETOLOGY TRAINING CENTER       ,WA,99217-6231,Proprietary  ,3,20,23,29,98,127
03953300,YAKIMA BEAUTY SCHOOL;BEAUTYWORKS        ,WA,98901-2202,Proprietary  ,2,4,6,28,48,76
04043400,ALPINE COLLEGE                          ,WA,99206-5097,Proprietary  ,5,42,47,25,134,159
04120000,SUNNYSIDE BEAUTY ACADEMY                ,WA,98944-8711,Proprietary  ,1,0,1,10,12,22
04127200,VICTORIA'S ACADEMY OF COSMETOLOGY       ,WA,99336-3826,Proprietary  ,8,18,26,38,80,118
04130500,PACIFIC NORTHWEST UNIV OF HEALTH SCIENCE,WA,98901-1471,Private      ,0,0,0,0,1,1
04130800,CASCADE BEAUTY COLLEGE                  ,WA,98002-5504,Proprietary  ,3,3,6,15,22,37
04132800,INLAND MASSAGE INSTITUTE                ,WA,99208-5923,Proprietary  ,1,5,6,7,24,31
00340100,BROWN UNIVERSITY                        ,RI,02912-9127,Private      ,159,19,178,12996,314,13310
00340101,BROWN UNIVERSITY - GRADUATE SCHOOL      ,RI,02912-1827,Private      ,5,44,49,45,1368,1413
00340102,BROWN MEDICAL SCHOOL                    ,RI,02912-0000,Private      ,0,2,2,24,408,432
00340200,BRYANT UNIVERSITY                       ,RI,02917-1284,Private      ,62,25,87,5830,327,6157
00340400,JOHNSON & WALES UNIVERSITY              ,RI,02903-3703,Private      ,328,226,554,17809,3351,21160
00340600,PROVIDENCE COLLEGE                      ,RI,02918-0001,Private      ,69,48,117,7312,494,7806
00340700,RHODE ISLAND COLLEGE                    ,RI,02908-1991,Public       ,109,157,266,6688,2936,9624
00340800,COMMUNITY COLLEGE OF RI - WARWICK       ,RI,02906-0000,Public       ,310,545,855,4076,4734,8810
00340801,COMMUNITY COLLEGE OF RI - LINCOLN       ,RI,02865-4585,Public       ,110,187,297,1598,1771,3369
00340802,COMMUNITY COLLEGE OF RI- PROVIDENCE     ,RI,02905-2313,Public       ,117,246,363,1373,1897,3270
00340900,RHODE ISLAND SCHOOL OF DESIGN           ,RI,02903-2784,Private      ,51,24,75,2667,1133,3800
00341000,ROGER WILLIAMS UNIVERSITY               ,RI,02809-2921,Private      ,42,32,74,7334,1341,8675
00341100,SALVE REGINA UNIVERSITY                 ,RI,02840-4192,Private      ,26,30,56,4752,312,5064
00341400,UNIVERSITY OF RHODE ISLAND              ,RI,02881-0000,Public       ,247,198,445,17120,3251,20371
00659100,ST. JOSEPH HOSP SCH OF NURSING          ,RI,02904-5199,Private      ,0,5,5,40,140,180
00784400,GIBBS COLLEGE                           ,RI,02920-7807,Proprietary  ,1,4,5,244,384,628
00784500,NEW ENGLAND INSTITUTE OF TECHNOLOGY     ,RI,02886-2266,Private      ,157,241,398,2559,1906,4465
01115900,"SAWYER SCHOOL,THE                       ",RI,02860-4117,Proprietary  ,76,335,411,261,1244,1505
02071900,ARTHUR ANGELO SCH COSMET&HAIR DSGN      ,RI,02903-0000,Proprietary  ,12,31,43,113,193,306
02176900,WARWICK ACADEMY OF BEAUTY CULTURE       ,RI,02886-1534,Proprietary  ,15,18,33,84,135,219
02584400,NEW ENGLAND TRACTOR TRAILER TRAINING SCH,RI,02860-1752,Proprietary  ,23,155,178,65,573,638
03080000,NEWPORT SCHOOL OF HAIRDRESSING          ,RI,02860-4038,Proprietary  ,4,13,17,15,75,90
03115200,MOTORING TECHNICAL TRAINING INST        ,RI,02914-5022,Proprietary  ,23,33,56,132,213,345
03232300,LINCOLN TECHNICAL INSTITUTE             ,RI,02865-4211,Proprietary  ,58,149,207,424,739,1163
03570500,ZION BIBLE COLLEGE                      ,RI,02806-1246,Private      ,3,7,10,139,102,241
03732300,INTERNATIONAL YACHT RESTORATION SCH     ,RI,02840-6720,Private      ,0,1,1,9,22,31
00341700,ALLEN UNIVERSITY                        ,SC,29204-1085,Private      ,32,37,69,995,423,1418
00341800,ANDERSON UNIVERSITY                     ,SC,29621-4035,Private      ,22,67,89,1710,659,2369
00341900,CHARLESTON SOUTHERN UNIVERSITY          ,SC,29406-2160,Private      ,68,134,202,3452,1667,5119
00342000,BENEDICT COLLEGE                        ,SC,29204-1086,Private      ,101,82,183,3755,1258,5013
00342100,BOB JONES UNIVERSITY                    ,SC,29614-1000,Proprietary  ,87,29,116,2925,305,3230
00342200,SOUTHERN WESLEYAN UNIVERSITY            ,SC,29630-1020,Private      ,19,224,243,920,2231,3151
00342300,THE CITADEL                             ,SC,29409-0002,Public       ,48,74,122,2095,831,2926
00342400,CLAFLIN UNIVERSITY                      ,SC,29115-4498,Private      ,52,50,102,2416,956,3372
00342500,CLEMSON UNIVERSITY                      ,SC,29634-0001,Public       ,288,218,506,13665,2881,16546
00342600,UNIV OF SC AT SUMTER                    ,SC,29150-2498,Public       ,30,54,84,726,557,1283
00342700,COKER COLLEGE                           ,SC,29550-3797,Private      ,16,83,99,923,927,1850
00342800,COLLEGE OF CHARLESTON                   ,SC,29424-0100,Public       ,214,155,369,8305,2038,10343
00342900,COLUMBIA INTERNATIONAL UNIVERSITY       ,SC,29203-1599,Private      ,15,36,51,505,629,1134
00343000,COLUMBIA COLLEGE                        ,SC,29203-5998,Private      ,27,86,113,1338,1070,2408
00343100,CONVERSE COLLEGE                        ,SC,29302-0006,Private      ,8,41,49,740,610,1350
00343200,ERSKINE COLLEGE                         ,SC,29639-0000,Private      ,12,4,16,738,34,772
00343201,ERSKINE THEOLOGICAL SEMINARY            ,SC,29639-0000,Private      ,0,12,12,7,157,164
00343400,FURMAN UNIVERSITY                       ,SC,29613-5253,Private      ,42,29,71,3082,312,3394
00343500,LANDER UNIVERSITY                       ,SC,29649-2099,Public       ,62,51,113,2641,787,3428
00343600,LIMESTONE COLLEGE                       ,SC,29340-3799,Private      ,27,215,242,1065,2930,3995
00343700,LUTHERAN THEOLOGICAL SOUTHERN SEM       ,SC,29203-5898,Private      ,0,5,5,0,132,132
00343800,MEDICAL UNIV OF SOUTH CAROLINA - FA     ,SC,29425-1760,Public       ,19,87,106,223,2685,2908
00343900,MORRIS COLLEGE                          ,SC,29150-3599,Private      ,49,46,95,1412,491,1903
00344000,NEWBERRY COLLEGE                        ,SC,29108-2197,Private      ,26,6,32,1537,177,1714
00344100,NORTH GREENVILLE COLLEGE                ,SC,29688-1892,Private      ,41,23,64,2085,298,2383
00344500,PRESBYTERIAN COLLEGE                    ,SC,29325-2503,Private      ,17,1,18,1391,27,1418
00344600,SOUTH CAROLINA STATE UNIVERSITY         ,SC,29117-4427,Public       ,158,181,339,6999,2646,9645
00344700,SPARTANBURG METHODIST COLLEGE           ,SC,29301-5899,Private      ,33,15,48,1142,134,1276
00344800,UNIVERSITY OF SOUTH CAROLINA            ,SC,29208-3999,Public       ,398,556,954,17718,10247,27965
00344900,UNIVERSITY OF SOUTH CAROLINA AIKEN      ,SC,29801-6399,Public       ,65,83,148,2712,1188,3900
00345000,UNIV OF SC AT BEAUFORT                  ,SC,29902-4602,Public       ,45,107,152,955,817,1772
00345100,COASTAL CAROLINA UNIVERSITY             ,SC,29528-0000,Public       ,203,144,347,8907,1788,10695
00345300,UNIV OF SC AT LANCASTER                 ,SC,29721-0889,Public       ,40,62,102,791,605,1396
00345400,UNIV OF SC SYSTEM SALKEHATCHIE          ,SC,29810-0617,Public       ,26,61,87,476,494,970
00345500,VOORHEES COLLEGE                        ,SC,29042-0000,Private      ,20,23,43,630,376,1006
00345600,WINTHROP UNIVERSITY                     ,SC,29733-0001,Public       ,92,142,234,5492,1945,7437
00345700,WOFFORD COLLEGE                         ,SC,29303-3663,Private      ,23,2,25,1608,90,1698
00399000,FLORENCE-DARLINGTON TECH COLLEGE        ,SC,29501-0548,Public       ,214,619,833,2511,4129,6640
00399100,GREENVILLE TECHNICAL COLLEGE            ,SC,29607-2439,Public       ,493,1468,1961,6888,11099,17987
00399200,PIEDMONT TECHNICAL COLLEGE              ,SC,29648-1467,Public       ,174,584,758,2043,4368,6411
00399300,MIDLANDS TECHNICAL COLLEGE              ,SC,29202-0000,Public       ,529,1338,1867,6418,9862,16280
00399400,SPARTANBURG COMMUNITY COLLEGE           ,SC,29305-4386,Public       ,210,633,843,2677,4217,6894
00399500,CENTRAL CAROLINA TECHNICAL COLLEGE      ,SC,29150-2499,Public       ,124,438,562,1228,3267,4495
00399600,YORK TECHNICAL COLLEGE                  ,SC,29730-3395,Public       ,291,840,1131,2415,4616,7031
00492000,TRIDENT TECHNICAL COLLEGE               ,SC,29423-8067,Public       ,625,1450,2075,6036,9663,15699
00492300,CLINTON JR COLLEGE                      ,SC,29730-5152,Private      ,6,5,11,111,43,154
00492400,FORREST JUNIOR COLLEGE                  ,SC,29624-2405,Proprietary  ,4,20,24,26,149,175
00492500,HORRY-GEORGETOWN TECH COLLEGE           ,SC,29526-9521,Public       ,317,833,1150,2794,5073,7867
00492600,TRI-COUNTY TECHNICAL COLLEGE            ,SC,29670-9133,Public       ,206,520,726,3034,3559,6593
00492700,UNIV OF SC AT UNION                     ,SC,29379-0729,Public       ,6,25,31,225,184,409
00536300,DENMARK TECHNICAL COLLEGE               ,SC,29042-0000,Public       ,59,84,143,831,814,1645
00681500,ORANGEBURG-CALHOUN TECHNICAL COLG       ,SC,29118-8299,Public       ,95,320,415,1289,2292,3581
00695100,UNIVERSITY OF SOUTH CAROLINA UPSTATE    ,SC,29303-9972,Public       ,95,207,302,4363,2375,6738
00760200,NORTHEASTERN TECHNICAL COLLEGE          ,SC,29520-7015,Public       ,37,149,186,488,1074,1562
00922600,FRANCIS MARION UNIVERSITY               ,SC,29501-0000,Public       ,116,127,243,3957,1427,5384
00932200,WILLIAMSBURG TECHNICAL COLLEGE          ,SC,29556-4197,Public       ,29,78,107,302,666,968
00991000,TECHNICAL COLLEGE OF THE LOWCOUNTRY     ,SC,29902-5441,Public       ,116,367,483,791,2068,2859
00991100,UNIV OF SC-REGIONAL CAMPUSES ADMIN      ,SC,29208-0001,Public       ,2,6,8,149,91,240
01005600,AIKEN TECHNICAL COLLEGE                 ,SC,29802-0696,Public       ,153,451,604,1643,3061,4704
01209200,KENNETH SHULER SCHOOL OF COSMETOLOGY    ,SC,29730-3552,Proprietary  ,0,5,5,16,71,87
01303907,SOUTH UNIVERSITY                        ,SC,29203-6400,Proprietary  ,56,350,406,315,1707,2022
02063700,SHERMAN CLG STRAIGHT CHIROPRACTIC       ,SC,29316-0000,Private      ,0,20,20,9,291,300
02189800,NO AMER INST OF AVIATION OF SO CAR      ,SC,29527-0000,Proprietary  ,0,2,2,4,8,12
02329600,BETTY STEVENS COSMETOLOGY INSTITUTE     ,SC,29501-0000,Proprietary  ,0,0,0,1,0,1
02338600,CHARZANNE BEAUTY COLLEGE                ,SC,29649-0000,Proprietary  ,3,7,10,21,74,95
02341100,KENNETH SHULER SCHOOL OF COSMETOLOGY & N,SC,29210-0000,Proprietary  ,27,101,128,179,521,700
02356600,CHARLESTON COSMETOLOGY INSTITUTE        ,SC,29420-0000,Proprietary  ,8,30,38,60,98,158
02552400,ACADEMY OF HAIR TECHNOLOGY              ,SC,29615-2363,Proprietary  ,9,13,22,56,112,168
02567600,SUMTER BEAUTY COLLEGE                   ,SC,29150-0000,Proprietary  ,4,17,21,33,96,129
02614202,MILLER-MOTTE TECHNICAL COLLEGE          ,SC,29406-0000,Proprietary  ,52,168,220,299,990,1289
03010614,VIRGINIA COLLEGE - GOLF ACADEMY OF AMERI,SC,29579-0000,Proprietary  ,17,54,71,214,242,456
03052300,KENNETH SHULER SCH COSM & HAIR DESG     ,SC,29841-2013,Proprietary  ,6,27,33,39,129,168
03088300,ACADEMY OF COSMETOLOGY                  ,SC,29418-5667,Proprietary  ,5,21,26,37,89,126
03258300,SOUTHERN METHODIST COLLEGE              ,SC,29116-1027,Private      ,1,1,2,8,24,32
03293300,STRAND COLLEGE OF HAIR DESIGN           ,SC,29572-4310,Proprietary  ,5,12,17,19,75,94
03304300,CENTURA COLLEGE                         ,SC,29406-9235,Proprietary  ,15,135,150,86,488,574
03513300,LACY COSMETOLOGY SCHOOL                 ,SC,29803-9084,Proprietary  ,2,5,7,13,53,66
03513301,LACY COSMETOLOGY SCHOOL -               ,SC,29072-0000,Proprietary  ,1,15,16,9,52,61
03513302,LACY COSMETOLOGY SCHOOL -               ,SC,29445-0000,Proprietary  ,0,12,12,11,41,52
03595300,CHARLESTON SCHOOL OF MASSAGE            ,SC,29412-8270,Proprietary  ,1,7,8,6,37,43
03746300,LEGRAND INSTITUTE OF COSMETOLOGY        ,SC,29020-0000,Proprietary  ,1,7,8,17,41,58
03746400,SOUTHEASTERN INSTITUTE                  ,SC,29210-0000,Proprietary  ,7,41,48,77,221,298
03768400,STYLETRENDS BARBER AND HAIRSTYLING ACADE,SC,29730-4511,Proprietary  ,0,16,16,6,52,58
03856400,W. L. BONNER COLLEGE                    ,SC,29203-0000,Private      ,0,6,6,4,67,71
03892300,HARLEY'S BEAUTY & BARBER CAREER INST.   ,SC,29204-1919,Proprietary  ,2,15,17,13,63,76
04096300,CHARLESTON SCHOOL OF LAW                ,SC,29402-0535,Proprietary  ,0,20,20,10,954,964
00345800,AUGUSTANA COLLEGE                       ,SD,57197-0001,Private      ,20,17,37,1697,196,1893
00345900,BLACK HILLS STATE UNIVERSITY            ,SD,57799-9670,Public       ,68,115,183,2070,1492,3562
00346100,DAKOTA WESLEYAN UNIVERSITY              ,SD,57301-4398,Private      ,8,22,30,604,291,895
00346300,DAKOTA STATE UNIVERSITY                 ,SD,57042-1799,Public       ,22,63,85,1159,577,1736
00346500,MOUNT MARTY COLLEGE                     ,SD,57078-3724,Private      ,15,21,36,553,477,1030
00346600,NORTHERN STATE UNIVERSITY               ,SD,57401-7198,Public       ,14,37,51,1489,620,2109
00346700,PRESENTATION COLLEGE                    ,SD,57401-1299,Private      ,7,34,41,366,533,899
00346900,UNIVERSITY OF SIOUX FALLS               ,SD,57105-1699,Private      ,14,39,53,1330,432,1762
00347000,SOUTH DAKOTA SCH OF MINES & TECH        ,SD,57701-3995,Public       ,17,35,52,1298,505,1803
00347100,SOUTH DAKOTA STATE UNIVERSITY           ,SD,57007-2298,Public       ,123,200,323,7520,2752,10272
00347400,UNIVERSITY OF SOUTH DAKOTA              ,SD,57069-2390,Public       ,72,226,298,4472,3917,8389
00405600,SIOUX FALLS SEMINARY                    ,SD,57105-0000,Private      ,0,4,4,1,89,90
00405700,NATIONAL AMERICAN UNIVERSITY            ,SD,57701-3692,Proprietary  ,98,853,951,550,5136,5686
00405707,NATIONAL AMERICAN UNIVERSITY            ,SD,57105-0000,Proprietary  ,4,28,32,55,261,316
00492900,MCKENNAN HOSP-RADOLOGICAL TECH          ,SD,57101-0000,Private      ,0,0,0,19,8,27
00530900,LAKE AREA TECHNICAL INSTITUTE           ,SD,57201-2869,Public       ,20,48,68,756,387,1143
00598700,AVERA SACRED HEART HOSPITAL SCHOOL OF RA,SD,57078-3899,Private      ,0,1,1,8,3,11
00776400,SOUTHEAST TECHNICAL INST                ,SD,57107-0000,Public       ,66,143,209,1342,1014,2356
00828400,MITCHELL TECHNICAL INSTITUTE            ,SD,57301-2002,Public       ,17,15,32,494,243,737
01013800,STEWART SCHOOL                          ,SD,57104-0000,Proprietary  ,10,7,17,91,50,141
01014804,COLORADO TECHNICAL UNIVERSITY           ,SD,57108-2272,Proprietary  ,19,129,148,298,997,1295
01017000,WESTERN DAKOTA TECHNICAL INSTITUTE      ,SD,57701-4018,Public       ,39,118,157,455,822,1277
01147701,SIOUX VALLEY HOSP-MEDICAL TECH          ,SD,57117-5039,Private      ,0,2,2,17,12,29
01465900,OGLALA LAKOTA COLLEGE                   ,SD,57752-0490,Public       ,20,128,148,251,1193,1444
02137100,BLACK HILLS BEAUTY COLLEGE              ,SD,57701-0000,Proprietary  ,6,10,16,59,60,119
02143700,SINTE GLESKA UNIVERSITY                 ,SD,57570-0000,Public       ,4,45,49,124,583,707
02144600,KILIAN COMMUNITY COLLEGE                ,SD,57103-7020,Private      ,6,46,52,89,361,450
02277300,SISSETON WAHPETON COLLEGE               ,SD,57262-0000,Public       ,4,20,24,42,162,204
02297800,HEADLINES ACADEMY                       ,SD,57701-0000,Proprietary  ,2,14,16,36,75,111
00347700,AQUINAS COLLEGE                         ,TN,37205-2086,Private      ,16,71,87,259,698,957
00347701,AQUINAS COLLEGE -  PRIMETIME PROGRAM    ,TN,37214-3644,Private      ,2,43,45,10,263,273
00347800,AUSTIN PEAY STATE UNIVERSITY            ,TN,37044-0002,Public       ,181,491,672,6086,6215,12301
00347900,BELMONT UNIVERSITY                      ,TN,37212-3757,Private      ,113,149,262,4743,2097,6840
00348000,BETHEL COLLEGE                          ,TN,38201-1705,Private      ,30,378,408,1198,2557,3755
00348100,CARSON-NEWMAN COLLEGE                   ,TN,37760-2204,Private      ,47,31,78,2805,543,3348
00348200,CHRISTIAN BROTHERS UNIVERSITY           ,TN,38104-5581,Private      ,25,106,131,1958,1352,3310
00348300,COLUMBIA STATE COMMUNITY COLLEGE        ,TN,38401-5653,Public       ,111,310,421,2363,2519,4882
00348500,CUMBERLAND UNIVERSITY                   ,TN,37087-3554,Private      ,32,59,91,1287,747,2034
00348600,LIPSCOMB UNIVERSITY                     ,TN,37204-3951,Private      ,41,135,176,2709,1139,3848
00348700,EAST TENNESSEE STATE UNIV - MAIN CAMPUS ,TN,37614-2857,Public       ,202,463,665,9565,5996,15561
00348701,EAST TENNESSEE STATE UNIV - MEDICINE    ,TN,37614-1708,Public       ,3,10,13,138,361,499
00348709,EAST TENNESSEE STATE UNIV - PHARMACY    ,TN,37614-1704,Public       ,3,5,8,85,274,359
00349000,FISK UNIVERSITY                         ,TN,37208-3045,Private      ,29,29,58,1446,341,1787
00349200,FREED-HARDEMAN UNIVERSITY               ,TN,38340-2399,Private      ,27,63,90,1696,844,2540
00349400,HIWASSEE COLLEGE                        ,TN,37354-4001,Private      ,0,0,0,309,68,377
00349500,JOHNSON BIBLE COLLEGE                   ,TN,37998-9775,Private      ,16,19,35,559,288,847
00349600,KING COLLEGE                            ,TN,37620-2699,Private      ,17,81,98,1157,904,2061
00349800,LAMBUTH UNIVERSITY                      ,TN,38301-5296,Private      ,22,28,50,1215,331,1546
00349900,LANE COLLEGE                            ,TN,38301-4598,Private      ,79,69,148,2921,963,3884
00350000,LEE UNIVERSITY                          ,TN,37320-0000,Private      ,81,82,163,3325,1102,4427
00350100,LEMOYNE-OWEN COLLEGE                    ,TN,38126-6510,Private      ,26,87,113,759,961,1720
00350200,LINCOLN MEMORIAL UNIVERSITY             ,TN,37752-7920,Private      ,36,139,175,1344,2733,4077
00350400,MARTIN METHODIST COLLEGE                ,TN,38478-2799,Private      ,13,37,50,847,398,1245
00350500,MARYVILLE COLLEGE                       ,TN,37804-5907,Private      ,21,12,33,1812,188,2000
00350600,MEHARRY MEDICAL COLLEGE                 ,TN,37208-0000,Private      ,5,18,23,38,1180,1218
00350700,MEMPHIS COLLEGE OF ART                  ,TN,38104-2764,Private      ,16,21,37,545,188,733
00350900,UNIVERSITY OF MEMPHIS (THE)             ,TN,38152-4611,Public       ,398,970,1368,13873,14064,27937
00351000,MIDDLE TENNESSEE STATE UNIV             ,TN,37130-0000,Public       ,540,827,1367,19656,9326,28982
00351100,MILLIGAN COLLEGE                        ,TN,37682-4001,Private      ,8,26,34,992,449,1441
00351700,SOUTHERN COLLEGE OF OPTOMETRY           ,TN,38104-2222,Private      ,0,5,5,14,578,592
00351800,SOUTHERN ADVENTIST UNIVERSITY           ,TN,37315-0370,Private      ,61,42,103,2127,589,2716
00351900,RHODES COLLEGE                          ,TN,38112-1690,Private      ,45,19,64,2345,218,2563
00352200,TENNESSEE STATE UNIVERSITY              ,TN,37209-1561,Public       ,230,525,755,9959,6975,16934
00352201,TENNESSEE STATE UNIVERSITY - AVON WILLIA,TN,37203-3401,Public       ,20,60,80,74,267,341
00352300,TENNESSEE TECHNOLOGICAL UNIV            ,TN,38505-0001,Public       ,182,253,435,7961,3425,11386
00352400,TENNESSEE TEMPLE UNIVERSITY             ,TN,37404-3587,Private      ,20,39,59,511,337,848
00352500,TENNESSEE WESLEYAN COLLEGE              ,TN,37371-0040,Private      ,23,21,44,1019,427,1446
00352600,TREVECCA NAZARENE UNIVERSITY            ,TN,37210-2877,Private      ,22,158,180,1130,1830,2960
00352700,TUSCULUM COLLEGE                        ,TN,37743-0001,Private      ,48,148,196,1821,1887,3708
00352800,UNION UNIVERSITY                        ,TN,38305-3697,Private      ,50,209,259,2262,2085,4347
00352900,UNIVERSITY OF TENNESSEE-CHATTANOOGA     ,TN,37403-2598,Public       ,237,291,528,9880,3557,13437
00353000,UNIVERSITY OF TENNESSEE-KNOXVILLE       ,TN,37996-0150,Public       ,447,407,854,24139,8404,32543
00353006,UNIVERSITY OF TENNESSEE-HEALTH SCI CTR  ,TN,38103-0000,Public       ,6,71,77,323,2913,3236
00353100,UNIVERSITY OF TENNESSEE-MARTIN          ,TN,38238-0002,Public       ,117,226,343,6787,2760,9547
00353400,UNIVERSITY OF THE SOUTH                 ,TN,37383-1000,Private      ,16,10,26,1570,67,1637
00353500,VANDERBILT UNIVERSITY                   ,TN,37240-0001,Private      ,213,152,365,10611,5276,15887
00353501,VANDERBILT UNIV MED CTR ALLIEDHEAL      ,TN,37232-5510,Private      ,3,10,13,35,194,229
00353502,VANDERBILT UNIV - SCH OF MED            ,TN,37232-0000,Private      ,4,11,15,72,872,944
00353600,BRYAN COLLEGE                           ,TN,37321-7000,Private      ,20,63,83,994,454,1448
00399800,CHATTANOOGA STATE TECH CMTY CLG         ,TN,37406-1097,Public       ,304,899,1203,4114,6206,10320
00399900,CLEVELAND STATE COMMUNITY COLLEGE       ,TN,37312-2858,Public       ,90,271,361,1438,2002,3440
00402500,TN TECHNOLOGY CTR AT KNOXVILLE          ,TN,37919-2327,Public       ,50,231,281,387,1083,1470
00402600,TENNESSEE TECH. CNTR AT CROSSVILLE      ,TN,38555-4142,Public       ,23,55,78,222,495,717
00461700,NATIONAL COLLEGE OF BUSINESS & TECH     ,TN,37211-6605,Proprietary  ,63,363,426,282,1956,2238
00493400,DRAUGHONS JR CLG OF BUSINESS            ,TN,37217-1056,Proprietary  ,89,422,511,469,2537,3006
00493700,JACKSON STATE COMMUNITY COLLEGE         ,TN,38301-3797,Public       ,125,434,559,2446,3080,5526
00493800,SOUTH COLLEGE                           ,TN,37909-3323,Proprietary  ,60,234,294,362,1488,1850
00494700,WEST TENNESSEE BUSINESS COLLEGE         ,TN,38301-3256,Proprietary  ,13,111,124,107,531,638
00528000,TN TECHNOLOGY CTR AT COVINGTON          ,TN,38019-0249,Public       ,13,37,50,125,317,442
00528100,TN TECHNOLOGY CTR AT ELIZABETHTON       ,TN,37643-0789,Public       ,23,127,150,223,773,996
00528200,TN TECHNOLOGY CTR AT HARTSVILLE         ,TN,37074-0000,Public       ,13,58,71,166,320,486
00528300,TN TECHNOLOGY CTR AT NEWBERN            ,TN,38059-1198,Public       ,10,62,72,120,379,499
00530700,TN TECHNOLOGY CTR AT MCMINNVILLE        ,TN,37110-1322,Public       ,18,48,66,137,348,485
00535100,TENNESSEE TECHNOLOGY CENTER AT MORRISTOW,TN,37813-2094,Public       ,31,135,166,392,953,1345
00535200,TN TECHNOLOGY CENTER AT MCKENZIE        ,TN,38201-1620,Public       ,4,74,78,158,380,538
00535300,TN TECHNOLOGY CENTER AT LIVINGSTON      ,TN,38570-0219,Public       ,26,61,87,213,402,615
00535400,TN TECHNOLOGY CTR AT JACKSON            ,TN,38301-0000,Public       ,28,149,177,406,947,1353
00535600,TENNESSEE TECHNOLOGY CENTER AT HOHENWALD,TN,38462-0000,Public       ,12,82,94,225,437,662
00535700,TENNESSEE TECHNOLOGY CENTER AT CRUMP    ,TN,38327-3402,Public       ,17,70,87,184,392,576
00535800,TN TECHNOLOGY CENTER AT ATHENS          ,TN,37371-0848,Public       ,16,37,53,198,405,603
00535900,TENNESSEE TECHNOLOGY CENTER AT NASHVILLE,TN,37209-0000,Public       ,50,156,206,401,1112,1513
00536000,TENNESSEE TECHNOLOGY CENTER AT MEMPHIS  ,TN,38105-3604,Public       ,61,261,322,755,1825,2580
00537800,NORTHEAST STATE TECH CMNTY COLG         ,TN,37617-0246,Public       ,134,448,582,2633,3414,6047
00537900,TN TECHNOLOGY CTR AT SHELBYVILLE        ,TN,37160-3697,Public       ,18,79,97,364,722,1086
00683500,DYERSBURG STATE COMMUNITY COLLEGE       ,TN,38024-0000,Public       ,69,273,342,1363,1999,3362
00683600,MOTLOW STATE COMMUNITY COLLEGE          ,TN,37388-7972,Public       ,137,376,513,2271,2470,4741
00743900,FOUNTAINHEAD COLLEGE OF TECHNOLOGY      ,TN,37918-2583,Proprietary  ,8,40,48,82,242,324
00744000,NASHVILLE AUTO DIESEL COLLEGE           ,TN,37206-3298,Proprietary  ,293,142,435,2436,830,3266
00778200,TENNESSEE TECHNOLOGY CENTER AT DICKSON  ,TN,37055-0000,Public       ,33,91,124,289,685,974
00778300,MIDDLE TENNESSEE SCH OF ANESTHESIA      ,TN,37116-0417,Private      ,0,3,3,16,154,170
00814500,NASHVILLE STATE TECH CMNTY COLLEGE      ,TN,37209-0000,Public       ,224,743,967,2563,5012,7575
00865500,GENESIS CAREER COLLEGE OF COOKEVILLE    ,TN,38501-1959,Proprietary  ,5,34,39,32,128,160
00885900,JOHN A GUPTON COLLEGE                   ,TN,37203-2934,Private      ,4,15,19,65,122,187
00886300,WALTERS STATE COMMUNITY COLLEGE         ,TN,37813-6899,Public       ,192,510,702,3367,3553,6920
00946400,TN TECHNOLOGY CTR AT PULASKI            ,TN,38478-4541,Public       ,14,44,58,137,291,428
00956700,TENNESSEE SCHOOL OF BEAUTY              ,TN,37921-3303,Proprietary  ,17,47,64,105,251,356
00971000,TENNESSEE TECHNOLOGY CENTER AT ONEIDA/HU,TN,37756-4149,Public       ,6,41,47,71,255,326
00991200,VOLUNTEER STATE COMMUNITY COLLEGE       ,TN,37066-3188,Public       ,174,505,679,3071,3661,6732
00991400,ROANE STATE COMMUNITY COLLEGE           ,TN,37748-8664,Public       ,153,402,555,2907,3334,6241
00998200,CRICHTON COLLEGE                        ,TN,38111-4745,Private      ,21,129,150,565,1438,2003
01021700,INTERNATIONAL ACADEMY OF DESIGN & TECH  ,TN,37212-0000,Proprietary  ,68,92,160,504,628,1132
01032600,TN TECHNOLOGY CTR AT HARRIMAN           ,TN,37748-1109,Public       ,15,35,50,148,306,454
01043900,SOUTHWEST TENNESSEE COMMUNITY COLLG     ,TN,38104-3322,Public       ,442,1491,1933,5621,10769,16390
01044700,"PLAZA BEAUTY SCHOOL, INC.               ",TN,38117-4822,Proprietary  ,3,23,26,39,135,174
01046000,AMERICAN BAPTIST THEOLOGICAL SEMINA     ,TN,37207-4994,Private      ,2,5,7,24,103,127
01052900,MEMPHIS THEOLOGICAL SEMINARY            ,TN,38104-0000,Private      ,1,14,15,2,193,195
01070000,TN TECHNOLOGY CENTER AT JACKSBORO       ,TN,37757-2461,Public       ,16,38,54,131,213,344
01155300,WM R MOORE COLLEGE OF TECHNOLOGY        ,TN,38104-0000,Private      ,3,21,24,57,123,180
01216400,TENNESSEE TECHNICAL CNTR AT RIPLEY      ,TN,38063-7359,Public       ,8,62,70,56,269,325
01254700,EMMANUEL SCHOOL OF RELIGION             ,TN,37601-0000,Private      ,0,4,4,1,55,56
01269300,PELLISSIPPI STATE COMMUNITY COLLEGE     ,TN,37933-0990,Public       ,242,510,752,4302,3969,8271
02092800,TENNESSEE TECHNOLOGY CENTER AT WHITEVILL,TN,38075-0000,Public       ,17,33,50,137,278,415
02103500,TN TECHNOLOGY CTR AT MURFREESBORO       ,TN,37129-0000,Public       ,13,55,68,224,438,662
02106400,O'MORE COLLEGE OF DESIGN                ,TN,37064-0000,Private      ,7,5,12,190,74,264
02125300,NASHVILLE CLG OF MEDICAL CAREERS        ,TN,37115-0000,Proprietary  ,6,53,59,43,245,288
02153100,JON NAVE UNIVERSITY OF COSMETOLOGY      ,TN,37013-3347,Proprietary  ,35,39,74,140,205,345
02157100,CONCORDE CAREER COLLEGE                 ,TN,38137-0000,Proprietary  ,59,284,343,314,1633,1947
02188300,CHURCH OF GOD THEOLOGICAL SEMINARY      ,TN,37320-0000,Private      ,0,22,22,2,203,205
02204200,"CHATTANOOGA COLLEGE - MEDICAL, DENTAL AN",TN,37411-0000,Proprietary  ,8,70,78,72,366,438
02237900,TN TECHNOLOGY CENTER AT PARIS           ,TN,38242-0000,Public       ,20,72,92,182,601,783
02257400,ARNOLD'S BEAUTY SCHOOL                  ,TN,38358-0000,Proprietary  ,4,13,17,40,50,90
02263104,HIGH-TECH INSTITUTE - NASHVILLE         ,TN,37214-2531,Proprietary  ,6,13,19,81,100,181
02275500,REUBEN-ALLEN COLLEGE                    ,TN,37922-0000,Proprietary  ,3,4,7,27,39,66
02278700,MR WAYNES SCH OF UNISEX HAIR DESIGN     ,TN,38501-0000,Proprietary  ,5,3,8,15,30,45
02293900,VOLUNTEER BEAUTY ACADEMY-NASHVILLE      ,TN,37115-2112,Proprietary  ,6,23,29,19,86,105
02294000,VOLUNTEER BEAUTY ACADEMY-DYERSBURG      ,TN,38024-1622,Proprietary  ,7,12,19,31,85,116
02326200,KAPLAN CAREER INSTITUTE                 ,TN,37217-1342,Proprietary  ,36,204,240,165,841,1006
02326202,KAPLAN CAREER INSTITUTE - THOMPSON LANE ,TN,37204-3692,Proprietary  ,0,15,15,11,62,73
02326300,MEDVANCE INSTITUTE                      ,TN,38501-4305,Proprietary  ,16,98,114,230,859,1089
02335900,VOLUNTEER BEAUTY ACADEMY-NASHVILLE      ,TN,37209-3033,Proprietary  ,2,9,11,20,64,84
02359800,ITT TECHNICAL INSTITUTE                 ,TN,37214-3717,Proprietary  ,244,584,828,1125,2436,3561
02498000,NEW WAVE HAIR ACADEMY                   ,TN,38128-0000,Proprietary  ,3,36,39,49,185,234
02539800,QUEEN CITY COLLEGE                      ,TN,37042-0000,Proprietary  ,1,26,27,35,186,221
02540000,TENNESSEE ACADEMY OF COSMETOLOGY        ,TN,38133-0000,Proprietary  ,3,23,26,26,100,126
02578200,NOSSI COLLEGE OF ART                    ,TN,37072-0000,Proprietary  ,22,34,56,270,326,596
02595000,FAYETTEVILLE BEAUTY SCHOOL              ,TN,37334-2909,Proprietary  ,8,11,19,27,64,91
02597600,NEW WAVE HAIR ACADEMY                   ,TN,38301-3812,Proprietary  ,7,32,39,40,196,236
02599710,VATTEROTT COLLEGE - MEMPHIS             ,TN,38132-1714,Proprietary  ,35,162,197,140,866,1006
02605501,REMINGTON COLLEGE - MEMPHIS CAMPUS      ,TN,38132-0000,Proprietary  ,51,224,275,298,1319,1617
02614200,MILLER MOTTE BUSINESS COLLEGE           ,TN,37040-6023,Proprietary  ,25,123,148,206,808,1014
02614203,MILLER-MOTTE TECHNICAL COLLEGE          ,TN,37421-0000,Proprietary  ,35,126,161,258,903,1161
02614204,MILLER - MOTTE TECHNICAL COLLEGE - GOODL,TN,37072-1870,Proprietary  ,18,72,90,53,331,384
03001800,FREE WILL BAPTIST BIBLE COLLEGE         ,TN,37205-2498,Private      ,18,16,34,235,126,361
03008800,FRANKLIN ACADEMY                        ,TN,37312-3939,Private      ,4,10,14,21,54,75
03010606,VIRGINIA COLLEGE - SCH OF BUSNSS & HLTH ,TN,37411-5600,Proprietary  ,13,60,73,61,172,233
03012500,NEW WAVE HAIR ACADEMY                   ,TN,38111-4253,Proprietary  ,12,59,71,124,374,498
03024900,TENNESSEE ACADEMY OF COSMETOLOGY        ,TN,38125-3442,Proprietary  ,8,27,35,40,120,160
03061100,GENESIS CAREER COLLEGE OF LEBANON       ,TN,37087-2718,Proprietary  ,17,65,82,73,284,357
03073400,ITT TECHNICAL INSTITUTE                 ,TN,37932-3343,Proprietary  ,345,792,1137,1380,2642,4022
03076405,HIGH-TECH INSTITUTE - MEMPHIS           ,TN,38134-7345,Proprietary  ,5,21,26,72,180,252
03079100,NORTH CENTRAL INSTITUTE                 ,TN,37042-3116,Proprietary  ,1,11,12,13,55,68
03088800,WATKINS INSTITUTE COLLEGE OF ART & DESIG,TN,37228-1306,Private      ,16,25,41,366,242,608
03126900,STYLES & PROFILES BEAUTY COLLEGE        ,TN,38375-2109,Proprietary  ,1,8,9,12,24,36
03149300,NEW DIRECTIONS HAIR ACADEMY             ,TN,37209-0000,Proprietary  ,12,55,67,92,289,381
03355400,RICHMONT GRADUATE UNIVERSITY            ,TN,37404-0000,Private      ,1,14,15,12,124,136
03440300,BAPTIST MEMORIAL COLLEGE OF HEALTH      ,TN,38104-3104,Private      ,21,84,105,656,1283,1939
03454300,TENNESSEE CAREER COLLEGE                ,TN,37214-2945,Proprietary  ,0,0,0,4,7,11
03480303,MEDVANCE INSTITUTE - NASHVILLE          ,TN,37203-1536,Proprietary  ,29,134,163,113,486,599
03513500,WILLIAMSON CHRISTIAN COLLEGE            ,TN,37067-8237,Private      ,1,4,5,14,50,64
03647300,NEW CONCEPTS SCHOOL OF COSMETOLOGY      ,TN,37311-7373,Proprietary  ,1,5,6,9,28,37
03683300,INTERNATIONAL BARBER & STYLE COLLEGE    ,TN,37218-2205,Proprietary  ,7,47,54,29,118,147
03701300,MEMPHIS INSTITUTE OF BARBERING          ,TN,38107-4334,Proprietary  ,7,13,20,22,79,101
03774400,SHEAR ACADEMY                           ,TN,38555-4177,Proprietary  ,1,5,6,11,26,37
03830300,SAE INSTITUTE OF TECHNOLOGY             ,TN,37203-4310,Proprietary  ,23,40,63,161,215,376
03841300,CAREER BEAUTY COLLEGE                   ,TN,38464-3634,Proprietary  ,1,4,5,12,30,42
03920300,INSTITUTE OF HAIR DESIGN                ,TN,38310-1801,Proprietary  ,4,7,11,18,48,66
03930300,BUCHANAN BEAUTY COLLEGE                 ,TN,37160-2741,Proprietary  ,0,6,6,5,28,33
03982300,VISIBLE SCHOOL - MUSIC AND WORSHIPS ARTS,TN,38002-9755,Private      ,3,1,4,74,37,111
04025300,LAST MINUTE CUTS SCHOOL OF BARBERING AND,TN,38109-7709,Proprietary  ,5,26,31,22,93,115
04035300,NAVE COSMETOLOGY ACADEMY                ,TN,38401-6335,Proprietary  ,2,22,24,46,119,165
04037400,MASON ACADEMY OF COSMETOLOGY            ,TN,38049-7048,Proprietary  ,0,0,0,0,2,2
04124100,ELITE COLLEGE OF COSMETOLOGY            ,TN,38351-1431,Proprietary  ,2,21,23,18,68,86
00353700,ABILENE CHRISTIAN UNIVERSITY            ,TX,79699-3701,Private      ,133,123,256,4056,1384,5440
00353900,ALVIN COMMUNITY COLLEGE                 ,TX,77511-4807,Public       ,54,222,276,790,1533,2323
00354000,AMARILLO COLLEGE                        ,TX,79109-2446,Public       ,245,798,1043,2603,4999,7602
00354100,ANGELO STATE UNIVERSITY                 ,TX,76909-5069,Public       ,160,144,304,5397,2030,7427
00354300,AUSTIN COLLEGE                          ,TX,75090-4440,Private      ,37,13,50,1685,138,1823
00354400,AUSTIN PRESBYTERIAN THEOLOGICAL SEM     ,TX,78705-5797,Private      ,0,6,6,2,134,136
00354500,BAYLOR UNIVERSITY                       ,TX,76798-1458,Private      ,549,212,761,14970,3658,18628
00354600,COASTAL BEND COLLEGE                    ,TX,78102-2197,Public       ,85,216,301,1394,2055,3449
00354900,BLINN COLLEGE                           ,TX,77833-4098,Public       ,523,424,947,7677,3198,10875
00355300,CISCO JUNIOR COLLEGE                    ,TX,76437-9803,Public       ,102,266,368,1568,1916,3484
00355400,CLARENDON COLLEGE                       ,TX,79226-0000,Public       ,23,55,78,438,326,764
00355600,COMMONWEALTH INST OF FUNERAL SVC        ,TX,77090-5918,Private      ,3,16,19,49,129,178
00355700,CONCORDIA UNIVERSITY TEXAS              ,TX,78726-4141,Private      ,22,237,259,1080,1839,2919
00355800,NORTH CENTRAL TEXAS COLLEGE             ,TX,76240-4699,Public       ,194,402,596,2053,2654,4707
00356000,DALLAS BAPTIST UNIVERSITY               ,TX,75211-9299,Private      ,124,351,475,2329,3361,5690
00356100,CEDAR VALLEY COLLEGE                    ,TX,75134-0000,Public       ,99,344,443,1520,2853,4373
00356200,DALLAS THEOLOGICAL SEM                  ,TX,75204-0000,Private      ,2,65,67,14,559,573
00356300,DEL MAR COLLEGE                         ,TX,78404-3897,Public       ,358,781,1139,4282,5864,10146
00356400,EAST TEXAS BAPTIST UNIVERSITY           ,TX,75670-1423,Private      ,31,15,46,1456,297,1753
00356500,TEXAS A&M UNIVERSITY - COMMERCE         ,TX,75429-3011,Public       ,159,396,555,3586,5035,8621
00356600,EPISCOPAL THEOL SEM OF THE STHWST       ,TX,78768-0000,Private      ,0,1,1,0,13,13
00356800,FRANK PHILLIPS COLLEGE                  ,TX,79008-0000,Public       ,32,74,106,350,449,799
00357000,GRAYSON COUNTY COLLEGE                  ,TX,75020-8299,Public       ,98,367,465,1331,2285,3616
00357100,HARDIN-SIMMONS UNIVERSITY               ,TX,79698-6050,Private      ,35,57,92,2083,873,2956
00357200,TRINITY VALLEY COMMUNITY COLLEGE        ,TX,75751-2734,Public       ,123,410,533,1660,2784,4444
00357300,HILL COLLEGE                            ,TX,76645-2711,Public       ,44,118,162,638,723,1361
00357301,HILL COLLEGE                            ,TX,76031-0000,Public       ,59,174,233,534,1086,1620
00357400,HOWARD COLLEGE                          ,TX,79720-0213,Public       ,85,195,280,1004,1621,2625
00357500,HOWARD PAYNE UNIVERSITY                 ,TX,76801-2794,Private      ,27,21,48,1335,367,1702
00357600,HOUSTON BAPTIST UNIVERSITY              ,TX,77074-3298,Private      ,108,139,247,3224,1799,5023
00357700,HUSTON - TILLOTSON UNIVERSITY           ,TX,78702-2795,Private      ,22,48,70,816,537,1353
00357800,UNIVERSITY OF THE INCARNATE WORD        ,TX,78209-6398,Private      ,157,285,442,4325,4047,8372
00357900,JACKSONVILLE COLLEGE                    ,TX,75766-4759,Private      ,9,12,21,206,116,322
00358000,KILGORE COLLEGE                         ,TX,75662-3299,Public       ,161,489,650,2371,3083,5454
00358100,LAMAR UNIVERSITY-BEAUMONT               ,TX,77710-0042,Public       ,295,429,724,6383,4601,10984
00358200,LAREDO COMMUNITY COLLEGE                ,TX,78040-4395,Public       ,440,516,956,4563,3516,8079
00358300,LEE COLLEGE                             ,TX,77520-4796,Public       ,83,338,421,1139,2784,3923
00358400,LETOURNEAU UNIVERSITY                   ,TX,75607-0000,Private      ,42,401,443,1482,2820,4302
00358500,LON MORRIS COLLEGE                      ,TX,75766-2900,Private      ,14,10,24,340,88,428
00358600,LUBBOCK CHRISTIAN UNIVERSITY            ,TX,79407-2099,Private      ,58,106,164,1362,1030,2392
00358800,UNIVERSITY OF MARY HARDIN-BAYLOR        ,TX,76513-2599,Private      ,61,84,145,2671,1264,3935
00359000,MCLENNAN COMMUNITY COLLEGE              ,TX,76708-1498,Public       ,228,750,978,3188,5358,8546
00359100,MCMURRY UNIVERSITY                      ,TX,79697-0001,Private      ,36,38,74,1682,637,2319
00359200,MIDWESTERN STATE UNIVERSITY             ,TX,76308-2099,Public       ,150,203,353,3428,2509,5937
00359300,NAVARRO COLLEGE                         ,TX,75110-4818,Public       ,174,450,624,3005,3697,6702
00359400,UNIVERSITY OF NORTH TEXAS               ,TX,76203-1370,Public       ,912,1162,2074,22442,15222,37664
00359500,OBLATE SCHOOL OF THEOLOGY               ,TX,78216-0000,Private      ,0,0,0,0,9,9
00359600,ODESSA COLLEGE                          ,TX,79764-7127,Public       ,89,255,344,1251,1979,3230
00359800,OUR LADY OF THE LAKE UNIVERSITY         ,TX,78207-4689,Private      ,52,170,222,2081,2515,4596
00359900,UNIVERSITY OF TEXAS - PAN AMERICAN      ,TX,78541-2999,Public       ,547,575,1122,13084,8519,21603
00360000,PANOLA COLLEGE                          ,TX,75633-2397,Public       ,50,132,182,759,1019,1778
00360100,PARIS JR COLLEGE                        ,TX,75460-6298,Public       ,115,378,493,1413,2293,3706
00360200,PAUL QUINN COLLEGE                      ,TX,75241-4398,Private      ,23,76,99,508,757,1265
00360300,RANGER COLLEGE                          ,TX,76470-3298,Public       ,15,24,39,431,281,712
00360400,RICE UNIVERSITY                         ,TX,77251-1892,Private      ,257,105,362,6605,1775,8380
00360600,SAM HOUSTON STATE UNIVERSITY            ,TX,77340-0000,Public       ,471,356,827,12531,5525,18056
00360700,ALAMO CMTY CLG DISTRICT PROGRAM         ,TX,78207-0000,Public       ,28,71,99,297,460,757
00360800,ST PHILLIPS COLLEGE                     ,TX,78203-2098,Public       ,380,1144,1524,3999,7954,11953
00360900,SAN JACINTO CLG-CENTRAL-NORTH-SOUTH     ,TX,77501-0000,Public       ,486,1049,1535,5730,7871,13601
00361000,SCHREINER UNIVERSITY                    ,TX,78028-5697,Private      ,24,35,59,1219,382,1601
00361100,SOUTH PLAINS COLLEGE                    ,TX,79336-6504,Public       ,309,538,847,4164,4181,8345
00361200,UNIV OF HOUSTON-DOWNTOWN                ,TX,77002-1001,Public       ,241,623,864,5663,8210,13873
00361300,SOUTHERN METHODIST UNIVERSITY           ,TX,75275-0181,Private      ,171,302,473,5200,4528,9728
00361400,SOUTHWEST TEXAS JR COLLEGE              ,TX,78801-6221,Public       ,164,404,568,2115,2567,4682
00361500,TEXAS STATE UNIVERSITY--SAN MARCOS      ,TX,78666-4602,Public       ,910,737,1647,21115,11084,32199
00361600,SOUTHWESTERN ASSEMBLIES OF GOD UNIV     ,TX,75165-2397,Private      ,52,91,143,1371,967,2338
00361700,SOUTHWESTERN BAPTIST THEOL SEMINARY     ,TX,76122-0000,Private      ,1,8,9,43,173,216
00361800,SOUTHWESTERN CHRISTIAN COLLEGE          ,TX,75160-3400,Private      ,5,7,12,204,81,285
00361900,SOUTHWESTERN ADVENTIST UNIVERSITY       ,TX,76059-1922,Private      ,19,25,44,648,361,1009
00362000,SOUTHWESTERN UNIVERSITY                 ,TX,78626-6111,Private      ,47,15,62,1808,147,1955
00362100,ST EDWARDS UNIVERSITY                   ,TX,78704-0000,Private      ,126,190,316,4195,2477,6672
00362300,ST MARY'S UNIV OF SAN ANTONIO           ,TX,78228-8500,Private      ,78,101,179,3389,2671,6060
00362400,STEPHEN F AUSTIN STATE UNIVERSITY       ,TX,75962-0001,Public       ,366,238,604,10276,3814,14090
00362500,SUL ROSS STATE UNIVERSITY               ,TX,79832-0113,Public       ,55,132,187,1331,1730,3061
00362600,TARRANT COUNTY COLLEGE                  ,TX,76102-6599,Public       ,903,2219,3122,10330,15634,25964
00362700,TEMPLE COLLEGE                          ,TX,76504-7435,Public       ,139,484,623,1793,3502,5295
00362800,TEXARKANA COLLEGE                       ,TX,75599-0001,Public       ,79,264,343,1502,2046,3548
00363000,PRAIRIE VIEW A&M UNIVERSITY             ,TX,77446-2967,Public       ,341,386,727,9022,4927,13949
00363100,TARLETON STATE UNIVERSITY               ,TX,76402-0000,Public       ,251,377,628,5407,4507,9914
00363200,TEXAS A&M UNIVERSITY                    ,TX,77842-0000,Public       ,1248,404,1652,30764,7137,37901
00363400,TEXAS STATE TECHNICAL CLG AT WACO       ,TX,76705-1695,Public       ,204,382,586,2466,2732,5198
00363500,TEXAS CHIROPRACTIC COLLEGE              ,TX,77505-1699,Private      ,2,21,23,21,422,443
00363600,TEXAS CHRISTIAN UNIVERSITY              ,TX,76129-0001,Private      ,268,180,448,7776,2472,10248
00363700,JARVIS CHRISTIAN COLLEGE                ,TX,75765-1470,Private      ,48,19,67,744,244,988
00363800,TEXAS COLLEGE                           ,TX,75702-4500,Private      ,34,50,84,738,553,1291
00363900,TEXAS A&M UNIVERSITY-KINGSVILLE         ,TX,78363-8203,Public       ,219,293,512,5138,4097,9235
00364100,TEXAS LUTHERAN UNIVERSITY               ,TX,78155-5999,Private      ,39,26,65,1812,255,2067
00364200,TEXAS SOUTHERN UNIVERSITY               ,TX,77004-4598,Public       ,373,579,952,8882,9519,18401
00364300,TEXAS SOUTHMOST COLLEGE                 ,TX,78520-4992,Public       ,5,31,36,176,327,503
00364400,TEXAS TECH UNIVERSITY                   ,TX,79409-0000,Public       ,744,505,1249,18531,8285,26816
00364500,TEXAS WESLEYAN UNIVERSITY               ,TX,76105-1536,Private      ,50,151,201,1117,3471,4588
00364600,TEXAS WOMAN'S UNIVERSITY                ,TX,76204-5587,Public       ,172,591,763,4942,8548,13490
00364700,TRINITY UNIVERSITY                      ,TX,78212-7200,Private      ,67,25,92,2878,479,3357
00364800,TYLER JUNIOR COLLEGE                    ,TX,75701-3436,Public       ,363,639,1002,5410,4723,10133
00365100,UNIVERSITY OF DALLAS                    ,TX,75062-4799,Private      ,34,89,123,1767,1184,2951
00365200,UNIVERSITY OF HOUSTON                   ,TX,77204-2010,Public       ,890,1321,2211,23961,19004,42965
00365400,UNIVERSITY OF ST THOMAS                 ,TX,77006-4626,Private      ,47,83,130,1378,1133,2511
00365600,UNIVERSITY OF TEXAS-ARLINGTON           ,TX,76019-0000,Public       ,643,1358,2001,13829,14750,28579
00365800,UNIVERSITY OF TEXAS-AUSTIN              ,TX,78713-7758,Public       ,1276,778,2054,35701,16596,52297
00365900,UT HEALTH CENTER-SAN ANTONIO            ,TX,78229-3900,Public       ,35,123,158,520,2829,3349
00366100,UNIVERSITY OF TEXAS-EL PASO             ,TX,79968-0629,Public       ,401,651,1052,11231,9753,20984
00366200,VICTORIA COLLEGE (THE)                  ,TX,77901-4494,Public       ,91,286,377,1126,1961,3087
00366300,WAYLAND BAPTIST UNIVERSITY              ,TX,79072-6998,Private      ,33,315,348,1017,2966,3983
00366400,WEATHERFORD COLLEGE                     ,TX,76086-5699,Public       ,143,270,413,1556,1847,3403
00366500,WEST TEXAS A&M UNIVERSITY               ,TX,79016-0000,Public       ,180,253,433,4372,3260,7632
00366800,WHARTON COUNTY JR COLLEGE               ,TX,77488-3298,Public       ,154,268,422,1890,1928,3818
00366900,WILEY COLLEGE                           ,TX,75670-5199,Private      ,49,67,116,796,631,1427
00400300,CENTRAL TEXAS COLLEGE                   ,TX,76540-4199,Public       ,171,1287,1458,1946,8739,10685
00407221,NORTHWOOD UNIVERSITY                    ,TX,75104-0000,Private      ,14,49,63,618,680,1298
00445300,EL CENTRO COLLEGE                       ,TX,75202-0000,Public       ,237,859,1096,2419,5451,7870
00481102,EVEREST INSTITUTE - EVEREST COLLEGE     ,TX,76011-6750,Proprietary  ,50,189,239,206,851,1057
00494800,TEXAS A&M UNIV SYSTEM HEALTH SCI CT     ,TX,77840-7896,Public       ,27,29,56,175,1102,1277
00494801,TEXAS A&M UNIV SYSTEMS-HSC              ,TX,77843-1114,Public       ,0,0,0,287,341,628
00494900,BAYLOR COLLEGE OF MEDICINE              ,TX,77030-0000,Private      ,25,38,63,203,1278,1481
00495100,UNIV OF TEXAS HEALTH SCIENCE CENTER     ,TX,77225-0000,Public       ,17,96,113,341,2531,2872
00495200,UNIV OF TEXAS MEDICAL BRANCH            ,TX,77550-0000,Public       ,6,61,67,270,1980,2250
00497200,GALVESTON COLLEGE                       ,TX,77550-7447,Public       ,32,107,139,836,1222,2058
00497700,SOUTH TEXAS COLLEGE OF LAW              ,TX,77002-0000,Private      ,4,77,81,27,1998,2025
00520307,REMINGTON COLLEGE - DALLAS CAMPUS       ,TX,75041-9935,Proprietary  ,3,32,35,47,140,187
00660600,BAPTIST HS SCHOOL OF HEALTH PROFESSIONS ,TX,78229-3234,Proprietary  ,44,250,294,44,250,294
00661200,COVENANT SCH OF NSG & ALLIED HEALTH     ,TX,79410-0000,Private      ,7,31,38,97,271,368
00666100,ANGELINA COLLEGE                        ,TX,75902-0000,Public       ,125,357,482,1782,2592,4374
00694100,DALLAS CHRISTIAN COLLEGE                ,TX,75234-7229,Private      ,16,27,43,213,287,500
00709600,COLLEGE OF THE MAINLAND                 ,TX,77591-2499,Public       ,71,279,350,790,1893,2683
00728700,BRAZOSPORT COLLEGE                      ,TX,77566-3199,Public       ,89,142,231,731,1055,1786
00732907,ITT TECHNICAL INSTITUTE                 ,TX,77063-3751,Proprietary  ,10,44,54,127,259,386
00754805,WESTWOOD COLLEGE OF TECHNOLOGY          ,TX,77074-0000,Proprietary  ,63,115,178,326,489,815
00758602,REMINGTON COLLEGE - FORT WORTH CAMPUS   ,TX,76112-1280,Proprietary  ,48,148,196,241,772,1013
00835300,LINCOLN COLLEGE OF TECHNOLOGY           ,TX,75052-0000,Proprietary  ,229,251,480,999,1116,2115
00849800,MIMS CLASSIC BEAUTY COLLEGE             ,TX,78216-0000,Proprietary  ,3,15,18,33,69,102
00850300,MOUNTAIN VIEW COLLEGE                   ,TX,75211-6599,Public       ,171,410,581,2294,3700,5994
00850400,RICHLAND COLLEGE                        ,TX,75243-2199,Public       ,238,615,853,3132,4510,7642
00851000,EASTFIELD COLLEGE                       ,TX,75150-2099,Public       ,231,610,841,2658,4635,7293
00907905,EVEREST COLLEGE                         ,TX,75206-5209,Proprietary  ,94,347,441,381,1397,1778
00908200,INTERNATIONAL BUSINESS COLLEGE          ,TX,79903-0000,Proprietary  ,43,156,199,163,567,730
00916300,SAN ANTONIO COLLEGE                     ,TX,78212-4299,Public       ,757,1954,2711,9497,14087,23584
00922500,TEXAS STATE TECHNICAL COLLEGE  HARLINGEN,TX,78550-3697,Public       ,221,454,675,2915,3154,6069
00946600,KAPLAN CAREER INSTITUTE                 ,TX,78216-1899,Proprietary  ,42,214,256,312,1322,1634
00946607,SAN ANT COL OF MED & DENTAL - MCALLEN   ,TX,78503-1622,Proprietary  ,87,252,339,397,991,1388
00946609,CAREER CENTERS OF TX - CORPUS CHRISTI   ,TX,78416-9900,Proprietary  ,46,179,225,200,976,1176
00946610,KAPLAN CAREER INSTITUTE - CAREER CENTERS,TX,76103-2310,Proprietary  ,45,133,178,190,663,853
00954900,WESTERN TEXAS COLLEGE                   ,TX,79549-9501,Public       ,20,40,60,470,309,779
00965100,TEXAS A&M INTERNATIONAL UNIVERSITY      ,TX,78041-1900,Public       ,273,183,456,3910,2746,6656
00974100,UNIVERSITY OF TEXAS AT DALLAS           ,TX,75083-0000,Public       ,268,603,871,6135,7025,13160
00976800,UNIVERSITY OF NORTH TEXAS HEALTH SCIENCE,TX,76107-2699,Public       ,7,43,50,78,1319,1397
00979700,MIDLAND COLLEGE                         ,TX,79705-6397,Public       ,69,217,286,1333,1981,3314
00982802,EVEREST INSTITUTE- AUSTIN               ,TX,78754-0000,Proprietary  ,78,369,447,278,1198,1476
00993000,UNIVERSITY OF TEXAS-PERMIAN BASIN       ,TX,79762-0001,Public       ,59,125,184,1493,1902,3395
00993200,TEXAS STATE TECH CLG-WEST TEXAS         ,TX,79556-4108,Public       ,30,125,155,452,820,1272
00993201,TEXAS STATE TECH COLLEGE-ABILENE        ,TX,79601-0000,Public       ,11,48,59,163,363,526
00993204,TEXAS STATE TECH CLG-BRECKENRIDGE       ,TX,76424-0000,Public       ,5,24,29,31,170,201
00993205,TEXAS STATE TECH COLLEGE-BROWNWOOD      ,TX,76801-0000,Public       ,16,52,68,130,326,456
01001900,UNIV OF TEXAS SOUTHWESTERN MED CTR      ,TX,75390-9096,Public       ,12,53,65,134,1590,1724
01005700,AMERICAN COMMERCIAL COLLEGE             ,TX,79602-1399,Proprietary  ,13,72,85,64,330,394
01005900,AMERICAN COMMERCIAL COLLEGE             ,TX,79761-0000,Proprietary  ,9,82,91,52,324,376
01005901,AMERICAN COMMERCIAL COLLEGE - AMERICAN C,TX,76310-2303,Proprietary  ,16,61,77,43,256,299
01006000,VERNON COLLEGE                          ,TX,76384-4092,Public       ,69,207,276,873,1810,2683
01011500,UNIVERSITY OF TEXAS-SAN ANTONIO         ,TX,78249-0600,Public       ,887,1011,1898,22732,13972,36704
01013000,WADE COLLEGE                            ,TX,75207-3199,Proprietary  ,18,18,36,201,197,398
01038700,EL PASO COMMUNITY COLLEGE               ,TX,79998-0000,Public       ,852,1384,2236,11273,11767,23040
01050900,HALLMARK COLLEGE OF AERONAUTICS         ,TX,78214-0000,Proprietary  ,62,216,278,269,835,1104
01062400,CENTRAL TEXAS COMMERCIAL COLLEGE        ,TX,75231-5033,Proprietary  ,10,12,22,28,48,76
01063300,HOUSTON COMMUNITY COLLEGE               ,TX,77002-0000,Public       ,981,2950,3931,8540,16827,25367
01063303,HOUSTON COMMUNITY COLLEGE - CENTRAL     ,TX,77004-0000,Public       ,0,0,0,1221,2683,3904
01063304,HOUSTON COMMUNITY COLLEGE - RICE AVIATIO,TX,77061-5001,Public       ,0,0,0,666,1176,1842
01063305,HOUSTON COMMUNITY COLLEGE - NORTHEAST CO,TX,77066-5221,Public       ,0,0,0,870,1446,2316
01063306,HOUSTON COMMUNITY COLLEGE - CENTRAL COLL,TX,77088-6372,Public       ,0,0,0,646,967,1613
01063339,HOUSTON COMMUNITY COLLEGE - STAFFORD    ,TX,77477-0000,Public       ,0,0,0,675,783,1458
01063347,HOUSTON COMMUNITY COLLEGE - SOUTHWEST   ,TX,77081-7849,Public       ,0,0,0,1312,1894,3206
01063348,HOUSTON COMMUNITY COLLEGE - COLEMAN     ,TX,77030-0000,Public       ,0,0,0,219,927,1146
01067400,TEXAS TECH U HEALTH SCIENCES CENTER     ,TX,79430-0000,Public       ,24,110,134,569,2509,3078
01076100,DALLAS INSTITUTE OF FUNERAL SERVICE     ,TX,75227-4314,Private      ,8,39,47,57,160,217
01114500,LONE STAR COLLEGE SYSTEM DISTRICT       ,TX,77073-3499,Public       ,363,938,1301,4113,6717,10830
01114501,LONE STAR COLLEGE-KINGWOOD              ,TX,77339-0000,Public       ,136,326,462,1241,2298,3539
01114502,LONE STAR COLLEGE-TOMBALL               ,TX,77375-0000,Public       ,103,250,353,961,1696,2657
01114503,LONE STAR COLLEGE-MONTGOMERY            ,TX,77384-0000,Public       ,135,390,525,1510,2738,4248
01114504,LONE STAR COLLEGE-CY-FAIR               ,TX,77433-1383,Public       ,174,310,484,1843,2474,4317
01116100,TEXAS A&M UNIV CORPUS CHRISTI           ,TX,78412-5599,Public       ,270,293,563,7005,4096,11101
01116300,UNIVERSITY OF TEXAS AT TYLER            ,TX,75799-6699,Public       ,146,244,390,3472,3439,6911
01171100,UNIVERSITY OF HOUSTON-CLEAR LAKE        ,TX,77058-1002,Public       ,88,412,500,1549,5566,7115
01201500,AUSTIN COMMUNITY COLLEGE                ,TX,78752-4390,Public       ,876,2236,3112,10218,15297,25515
01202000,VICTORIA BEAUTY COLLEGE                 ,TX,77901-6233,Proprietary  ,2,21,23,32,115,147
01226800,BALDWIN BEAUTY SCHOOL #5                ,TX,78704-4785,Proprietary  ,6,23,29,45,119,164
01229700,LAREDO BEAUTY COLLEGE                   ,TX,78040-1051,Proprietary  ,9,39,48,55,255,310
01248200,ATI TECHNICAL TRAINING CENTER           ,TX,75235-4622,Proprietary  ,144,487,631,581,1842,2423
01248209,ATI CAREER TRAINING CENTER - GARLAND    ,TX,75041-2497,Proprietary  ,0,5,5,8,23,31
01248300,COSMETOLOGY CAREER CENTER               ,TX,75006-2566,Proprietary  ,49,95,144,173,346,519
01248800,INTERNATIONAL BEAUTY COLLEGE NO 3       ,TX,75040-0000,Proprietary  ,2,12,14,21,75,96
01276400,METROPLEX BEAUTY SCHOOL                 ,TX,75149-0000,Proprietary  ,5,31,36,31,97,128
01293000,CHARLES & SUE'S SCH OF HAIR DESIGN      ,TX,77801-0000,Proprietary  ,4,10,14,35,65,100
01293100,VELMA B'S BEAUTY ACADEMY                ,TX,75216-1511,Proprietary  ,0,9,9,11,52,63
01293200,INTERNATIONAL BEAUTY COLLEGE            ,TX,75061-4235,Proprietary  ,2,10,12,14,68,82
01300300,NEILSON BEAUTY COLLEGE                  ,TX,75208-4637,Proprietary  ,2,11,13,13,56,69
01301600,OGLE SCHOOL HAIR SKIN NAILS             ,TX,76013-7401,Proprietary  ,28,59,87,151,241,392
01323100,UNIVERSITY OF HOUSTON-VICTORIA          ,TX,77901-5731,Public       ,16,209,225,361,2157,2518
02058600,CONLEE'S COLLEGE OF COSMETOLOGY         ,TX,78028-0000,Proprietary  ,3,9,12,7,26,33
02069302,VATTEROTT COLLEGE - VATTEROTT EDUCATION ,TX,75220-5441,Proprietary  ,18,71,89,95,303,398
02074100,CAPITOL CITY TRADE & TECHNICAL SCH      ,TX,78704-0000,Proprietary  ,54,136,190,196,558,754
02077400,NORTH LAKE COLLEGE                      ,TX,75038-0000,Public       ,142,324,466,1685,2648,4333
02078100,STEPHENVILLE BEAUTY COLLEGE             ,TX,76401-0000,Proprietary  ,1,4,5,16,33,49
02081400,ARLINGTON BAPTIST COLLEGE               ,TX,76012-0000,Private      ,7,18,25,88,132,220
02093600,SOUTHWEST SCHOOL OF ELECTRONIC          ,TX,78735-0000,Proprietary  ,2,3,5,13,39,52
02098300,WESTERN TECHNICAL COLLEGE               ,TX,79927-2105,Proprietary  ,171,262,433,712,927,1639
02100200,BROOKHAVEN COLLEGE                      ,TX,75244-0000,Public       ,155,432,587,1674,3322,4996
02113610,AMERICAN INTERCONTINENTAL UNIV - HOUSTON,TX,77042-4516,Proprietary  ,24,98,122,160,655,815
02116008,SANFORD-BROWN COLLEGE - HOUSTON         ,TX,77036-8507,Proprietary  ,75,238,313,255,920,1175
02116012,SANFORD-BROWN INSTITUTE - HOUSTON NORTH ,TX,77008-1058,Proprietary  ,20,120,140,111,490,601
02117100,ART INSTITUTE OF HOUSTON                ,TX,77056-0000,Proprietary  ,258,262,520,2237,1874,4111
02119200,COURT REPORTING INSTITUTE OF DALLAS     ,TX,75247-6913,Proprietary  ,16,120,136,156,1128,1284
02119202,COURT REPORTING INSTIUTE OF HOUSTON     ,TX,77040-6315,Proprietary  ,7,67,74,31,184,215
02128302,INSTITUTE FOR BUSINESS & TECHNOLOGY - LA,TX,78230-2520,Proprietary  ,17,86,103,66,250,316
02136800,AMERICAN COMMERCIAL COLLEGE             ,TX,76904-0000,Proprietary  ,2,36,38,27,175,202
02144800,BRADFORD SCHOOL OF BUSINESS             ,TX,77027-9881,Proprietary  ,20,17,37,138,146,284
02176100,PIPO ACADEMY OF HAIR DESIGN             ,TX,79903-0000,Proprietary  ,1,7,8,21,59,80
02188600,AUSTIN BUSINESS COLLEGE                 ,TX,78741-0000,Proprietary  ,0,0,0,8,21,29
02200800,AMERICAN COMMERCIAL COLLEGE             ,TX,79411-0000,Proprietary  ,23,119,142,49,316,365
02218300,SOUTHWEST SCHOOL OF BUSINESS & TECHNICAL,TX,78221-0000,Proprietary  ,34,126,160,152,589,741
02218305,SOUTHWEST SCHOOL OF BUSINESS AND TECHNIC,TX,78501-6053,Proprietary  ,17,42,59,59,176,235
02218306,SOUTHWEST SCHOOL OF BUSINESS AND TECHNIC,TX,78413-2045,Proprietary  ,6,44,50,17,114,131
02224600,TRI-STATE BEAUTY SCHOOL #1              ,TX,79915-0000,Proprietary  ,12,54,66,119,319,438
02230500,OGLE SCHOOL HAIR SKIN NAILS             ,TX,76132-3638,Proprietary  ,47,92,139,210,381,591
02230600,OGLE SCHOOL HAIR SKIN NAILS             ,TX,76053-0000,Proprietary  ,15,23,38,82,138,220
02239100,CENTRAL TEXAS BEAUTY COLLEGE #2         ,TX,78664-0000,Proprietary  ,15,70,85,36,163,199
02248200,MILAN INSTITUTE OF COSMETOLOGY          ,TX,79103-0000,Proprietary  ,109,320,429,445,1240,1685
02254800,TEXAS VOCATIONAL SCHOOLS                ,TX,77901-0000,Proprietary  ,16,35,51,40,118,158
02259400,AMBERTON UNIVERSITY                     ,TX,75041-0000,Private      ,1,33,34,21,192,213
02261300,EVEREST INSTITUTE                       ,TX,78213-3841,Proprietary  ,74,360,434,241,1207,1448
02261302,EVEREST INSTITUTE - HOUSTON GREENSPOINT ,TX,77060-3249,Proprietary  ,79,347,426,291,1213,1504
02261303,EVEREST INSTITUTE - HOUSTON HOBBY       ,TX,77087-2737,Proprietary  ,39,211,250,190,964,1154
02267100,EXPOSITO SCHOOL OF HAIR DESIGN          ,TX,79109-0000,Proprietary  ,6,14,20,28,72,100
02276000,FRANKLIN BEAUTY SCHOOL #2               ,TX,77021-0000,Proprietary  ,9,24,33,43,129,172
02285900,UNIVERSITY OF COSMETOLOGY ARTS&SCI      ,TX,78504-0000,Proprietary  ,44,125,169,142,409,551
02294800,CAPITOL CITY CAREERS                    ,TX,78745-0000,Proprietary  ,4,18,22,22,166,188
02298501,EVEREST COLLEGE- FORT WORTH             ,TX,76137-2472,Proprietary  ,41,220,261,170,747,917
02305300,PARKER COLLEGE OF CHIROPRACTIC          ,TX,75229-0000,Private      ,10,45,55,67,1197,1264
02306700,FORT WORTH BEAUTY SCHOOL                ,TX,76116-3299,Proprietary  ,4,50,54,40,210,250
02312200,TEXAS SCHOOL OF BUSINESS                ,TX,77073-6032,Proprietary  ,65,180,245,246,698,944
02312201,TEXAS SCHOOL OF BUSINESS - SOUTHWEST CAM,TX,77057-0000,Proprietary  ,34,169,203,188,651,839
02312202,TEXAS SCHOOL OF BUSINESS - FRIENDSWOOD C,TX,77546-8938,Proprietary  ,17,109,126,74,459,533
02312203,TEXAS SCHOOL OF BUSINESS - EAST CAMPUS  ,TX,77029-1916,Proprietary  ,43,155,198,167,593,760
02313901,WESTWOOD COLLEGE - DALLAS               ,TX,75243-0000,Proprietary  ,90,170,260,448,749,1197
02315400,NORTHEAST TEXAS COMMUNITY COLLEGE       ,TX,75456-0000,Public       ,43,175,218,1002,1301,2303
02318200,"KD STUDIO, ACTOR'S CONSERVATORY         ",TX,75207-2111,Proprietary  ,15,11,26,107,125,232
02320200,HOUSTON GRADUATE SCHOOL OF THEOLOGY     ,TX,77004-0000,Private      ,0,18,18,0,145,145
02326000,SAN ANTONIO BEAUTY COLLEGE NO 3         ,TX,78217-0000,Proprietary  ,9,20,29,49,100,149
02328600,ITT TECHNICAL INSTITUTE                 ,TX,76011-0000,Proprietary  ,156,267,423,500,900,1400
02331200,BAPTIST MISSIONARY ASSN THEOL SEM       ,TX,75766-0000,Private      ,0,3,3,3,25,28
02331300,INTERACTIVE LEARNING SYSTEMS            ,TX,75247-0000,Proprietary  ,0,0,0,1,73,74
02331301,INTERACTIVE LEARNING SYSTEMS            ,TX,77081-0000,Proprietary  ,10,58,68,38,268,306
02331303,INTERACTIVE LEARNING SYSTEMS            ,TX,77502-0000,Proprietary  ,3,65,68,21,221,242
02331304,INTERACTIVE LEARNING SYSTEMS            ,TX,77060-0000,Proprietary  ,2,38,40,12,165,177
02341300,PALO ALTO COLLEGE                       ,TX,78224-0000,Public       ,283,685,968,3888,5206,9094
02348500,LAMAR STATE COLLEGE-PORT ARTHUR         ,TX,77640-0000,Public       ,32,138,170,709,1148,1857
02357700,ACADEMY OF HAIR DESIGN                  ,TX,77090-0000,Proprietary  ,29,25,54,111,136,247
02358200,LAMAR STATE COLLEGE-ORANGE              ,TX,77630-0000,Public       ,36,139,175,611,1444,2055
02361400,COLLIN COUNTY COMMUNITY COLLEGE         ,TX,75071-0000,Public       ,353,830,1183,3883,5095,8978
02362000,UNIVERSAL TECHNICAL INSTITUTE           ,TX,77073-0000,Proprietary  ,391,324,715,4307,1952,6259
02362800,AUSTIN GRADUATE SCHOOL OF THEOLOGY      ,TX,78752-1333,Private      ,1,9,10,5,56,61
02521200,ARLINGTON CAREER INSTITUTE              ,TX,75050-0000,Proprietary  ,11,80,91,69,398,467
02521800,SEGUIN BEAUTY SCHOOL                    ,TX,78155-0000,Proprietary  ,9,15,24,35,72,107
02527500,HOUSTON TRAINING SCHOOLS                ,TX,77020-0000,Proprietary  ,18,120,138,120,659,779
02530700,SEBRING CAREER SCHOOLS                  ,TX,77083-1510,Proprietary  ,7,24,31,25,83,108
02539600,ART INSTITUTE OF DALLAS                 ,TX,75231-5993,Proprietary  ,191,197,388,1930,1434,3364
02548800,SOUTH TEXAS VO-TECH INSTITUTE           ,TX,78596-0000,Proprietary  ,99,343,442,411,1264,1675
02548802,SOUTH TEXAS VOCATIONAL TECHNICAL INSTITU,TX,78520-8710,Proprietary  ,3,10,13,18,29,47
02549400,SOUTH TEXAS VO-TECH INSTITUTE           ,TX,78501-0000,Proprietary  ,104,252,356,387,879,1266
02555400,UNIV OF TX MD ANDERSON CANCER CTR       ,TX,77030-0000,Public       ,1,17,18,69,227,296
02557400,STAR COLLEGE OF COSMETOLOGY             ,TX,75961-0000,Proprietary  ,0,0,0,2,5,7
02568100,TEXAS BARBER COLLEGES & HAIRSTYLING     ,TX,75208-0000,Proprietary  ,54,232,286,228,877,1105
02569300,TEXAS CULINARY ACADEMY                  ,TX,78758-3403,Proprietary  ,216,534,750,1139,2007,3146
02572000,COMPUTER CAREER CENTER                  ,TX,79925-2021,Proprietary  ,34,206,240,138,667,805
02572004,COMPUTER CAREER CENTER - AMARILLO CAMPUS,TX,79101-2404,Proprietary  ,2,10,12,2,10,12
02572100,"CAREER ACADEMY, INC.                    ",TX,75501-0000,Proprietary  ,3,8,11,10,41,51
02580100,IVERSON BUSINESS SCH & COURT REPORT     ,TX,76011-1344,Proprietary  ,19,95,114,98,463,561
02591100,CAREER POINT INSTITUTE                  ,TX,78201-2027,Proprietary  ,87,654,741,348,2354,2702
02591900,CAREER CENTERS OF TEXAS - EL PASO       ,TX,79907-1525,Proprietary  ,110,285,395,469,1285,1754
02591905,CAREER CENTERS OF TEXAS-BROWNSVILLE     ,TX,78521-9905,Proprietary  ,49,141,190,239,652,891
02596400,REDSTONE COLLEGE - LOS ANGELES          ,TX,77061-0000,Proprietary  ,30,32,62,247,275,522
02596412,WESTWOOD COLLEGE OF AVIATION TECHNOLOGY ,TX,77061-5114,Proprietary  ,3,4,7,23,33,56
02596500,ATI CAREER TRAINING CENTER              ,TX,76180-1599,Proprietary  ,148,367,515,581,1516,2097
02596600,ATI-CAREER TRAINING CENTER              ,TX,75220-4443,Proprietary  ,138,531,669,638,2305,2943
02596601,ATI CAREER TRAINING CENTER - RICHARDSON ,TX,75081-6745,Proprietary  ,2,11,13,17,32,49
02600200,OCEAN CORPORATION (THE)                 ,TX,77099-3479,Proprietary  ,21,126,147,126,527,653
02604700,CENTER FOR ADVANCED LEGAL STUDIES       ,TX,77098-4151,Proprietary  ,4,42,46,21,227,248
02606202,EVEREST COLLEGE - EVEREST INSTITUTE - BI,TX,77036-8014,Proprietary  ,125,391,516,367,1212,1579
02615000,SANFORD-BROWN INSTITUTE                 ,TX,75247-6931,Proprietary  ,94,341,435,466,1745,2211
03009400,SW SCH BUS & TECH CAREERS               ,TX,78212-2840,Proprietary  ,2,27,29,19,91,110
03010000,VANGUARD INSTITUTE OF TECHNOLOGY        ,TX,78539-0000,Proprietary  ,0,0,0,2,1,3
03010604,VIRGINIA COLLEGE - VIRGINIA COLLEGE AT A,TX,78723-0000,Proprietary  ,34,170,204,170,742,912
03011800,SAN ANTONIO BEAUTY COLLEGE #4           ,TX,78226-1160,Proprietary  ,4,15,19,36,86,122
03019800,PCI HEALTH TRAINING CENTER              ,TX,75247-4720,Proprietary  ,96,189,285,351,705,1056
03021500,SW SCH BUS & TECH CAREERS               ,TX,78852-4859,Proprietary  ,10,24,34,44,109,153
03023800,AIMS ACADEMY                            ,TX,75050-0000,Proprietary  ,0,7,7,9,27,36
03025000,TEXAS COLLEGE OF COSMETOLOGY            ,TX,79605-2001,Proprietary  ,6,28,34,49,146,195
03026500,REMINGTON COLLEGE - HOUSTON CAMPUS      ,TX,77082-1849,Proprietary  ,115,346,461,505,1573,2078
03026501,REMINGTON COLLEGE - NORTH HOUSTON CAMPUS,TX,77067-1849,Proprietary  ,3,24,27,37,133,170
03028800,CIRCLE J BEAUTY SCHOOL                  ,TX,77587-3714,Proprietary  ,11,40,51,47,177,224
03031408,INTERNATIONAL ACADEMY OF DESIGN AND TECH,TX,78229-2263,Proprietary  ,57,81,138,285,448,733
03032300,SCHOOL OF AUTOMOTIVE MACHINISTS         ,TX,77055-1803,Proprietary  ,6,13,19,71,102,173
03035200,JONES BEAUTY COLLEGE                    ,TX,75229-3734,Proprietary  ,3,24,27,19,102,121
03035300,SOUTHERN CAREERS INSTITUTE              ,TX,78704-5252,Proprietary  ,149,485,634,426,1305,1731
03035301,SOUTHERN CAREERS INSTITUTE              ,TX,78577-0000,Proprietary  ,54,136,190,188,448,636
03035302,SOUTHERN CAREERS INSTITUTE - CORPUS CHRI,TX,78414-2904,Proprietary  ,36,98,134,129,338,467
03035303,SOUTHERN CAREERS INSTITUTE - #1         ,TX,78221-4351,Proprietary  ,58,268,326,149,705,854
03035304,SOUTHERN CAREERS INSTITUTE-LAREDO       ,TX,78041-0000,Proprietary  ,0,1,1,9,20,29
03061800,STAR COLLEGE OF COSMETOLOGY             ,TX,75702-8214,Proprietary  ,11,16,27,59,122,181
03064600,UNIVERSITY OF TEXAS AT BROWNSVILLE      ,TX,78520-4993,Public       ,410,731,1141,6589,6939,13528
03071400,ITT TECHNICAL INSTITUTE                 ,TX,78249-3303,Proprietary  ,76,167,243,383,689,1072
03075400,ICC TECHNICAL INSTITUTE                 ,TX,77004-2930,Private      ,2,15,17,16,64,80
03076403,HIGH-TECH INSTITUTE - DALLAS            ,TX,75038-4201,Proprietary  ,9,15,24,53,73,126
03079201,WESTWOOD COLLEGE OF TECHNOLOGY          ,TX,76180-0000,Proprietary  ,39,80,119,266,397,663
03091200,CAREERS UNLIMITED                       ,TX,75702-7110,Proprietary  ,0,0,0,6,28,34
03103400,SOUTH TEXAS COLLEGE                     ,TX,78501-6699,Public       ,752,1198,1950,9392,10246,19638
03104700,TEXAS COLLEGE OF COSMETOLOGY            ,TX,76903-4708,Proprietary  ,6,26,32,37,113,150
03108700,ROYAL BEAUTY CAREERS                    ,TX,77069-4611,Proprietary  ,16,61,77,110,334,444
03111000,MID-CITIES BARBER COLLEGE               ,TX,75051-4810,Proprietary  ,8,27,35,44,123,167
03115800,TEXAS CAREERS                           ,TX,78213-3792,Proprietary  ,25,181,206,148,1068,1216
03115802,TEXAS CAREERS - LAREDO                  ,TX,78041-6181,Proprietary  ,24,62,86,111,305,416
03115803,TEXAS CAREERS - BEAUMONT                ,TX,77701-3706,Proprietary  ,35,115,150,138,492,630
03115804,TEXAS CAREERS - LUBBOCK                 ,TX,79401-2601,Proprietary  ,42,175,217,148,600,748
03128100,ACADEMY OF HEALTH CARE PROFESSIONS      ,TX,77092-8108,Proprietary  ,75,269,344,276,956,1232
03144300,NATIONAL BEAUTY COLLEGE                 ,TX,75041-3433,Proprietary  ,5,9,14,13,47,60
03153300,AMER COLL OF ACUPUNCTURE & O.M.         ,TX,77063-4104,Proprietary  ,0,18,18,4,92,96
03156400,ACADEMY OF ORIENTAL MEDICINE AT AUSTIN  ,TX,78757-1132,Proprietary  ,2,17,19,7,232,239
03159300,ARLINGTON MEDICAL INSTITUTE             ,TX,76011-2645,Proprietary  ,4,33,37,60,143,203
03170300,TEXAS A&M UNIVERSITY-TEXARKANA          ,TX,75501-0000,Public       ,15,99,114,300,1102,1402
03179500,TEXAS COLG TRADITIONAL CHINESE MED      ,TX,78704-6748,Proprietary  ,0,13,13,4,109,113
03189400,COLLEGE OF SAINT THOMAS MORE            ,TX,76109-2323,Private      ,0,2,2,23,12,35
03237400,FARIS COMPUTER SCHOOL                   ,TX,77627-3829,Proprietary  ,2,10,12,5,37,42
03272300,SOUTHEASTERN CAREER INSTITUTE           ,TX,75234-7288,Proprietary  ,17,73,90,81,375,456
03272301,SOUTHEASTERN CAREER INSTITUTE - MIDLAND ,TX,79703-5531,Proprietary  ,31,123,154,95,369,464
03275300,TOUCH OF CLASS SCHOOL OF COSM           ,TX,75402-6314,Proprietary  ,4,17,21,24,74,98
03276300,ACADEMY OF HAIR DESIGN                  ,TX,75901-4900,Proprietary  ,6,25,31,38,109,147
03277300,ACADEMY OF HAIR DESIGN                  ,TX,77701-4650,Proprietary  ,2,11,13,18,70,88
03303300,NORTHWEST EDUCATIONAL CENTER            ,TX,77092-7055,Proprietary  ,8,105,113,24,279,303
03371300,TONI&GUY HAIRDRESSING ACADEMY           ,TX,75006-2351,Proprietary  ,16,23,39,111,119,230
03372300,NORTHWEST VISTA COLLEGE                 ,TX,78251-4217,Public       ,495,762,1257,5353,5639,10992
03396500,TEXAS STATE TECHNICAL COLG/MARSHALL     ,TX,75672-7402,Public       ,25,65,90,352,410,762
03400300,CAREER QUEST                            ,TX,78229-3539,Proprietary  ,11,159,170,28,335,363
03412300,ADVANCED BARBER COLLEGE & HAIR DESI     ,TX,78596-0000,Proprietary  ,8,28,36,31,105,136
03416500,DALLAS NURSING INSTITUTE                ,TX,75243-5502,Proprietary  ,17,157,174,118,924,1042
03422300,MILAN INSTITUTE                         ,TX,78238-3327,Proprietary  ,64,145,209,347,597,944
03422400,COLLEGE OF BIBLICAL STUDIES-HOUSTON     ,TX,77036-3211,Private      ,4,54,58,43,513,556
03424400,MEDVANCE INSTITUTE                      ,TX,77057-7386,Proprietary  ,46,175,221,154,640,794
03424401,MEDVANCE INSTITUTE -                    ,TX,77060-3551,Proprietary  ,16,47,63,45,155,200
03426300,CAREER ADVANCEMENT CENTER               ,TX,78752-1470,Proprietary  ,8,74,82,49,285,334
03480304,MEDVANCE INSTITUTE OF BATON ROUGE - GRAN,TX,75050-2342,Proprietary  ,25,135,160,26,135,161
03509400,CORYELL COSMETOLOGY COLLEGE             ,TX,76528-2036,Proprietary  ,2,3,5,5,19,24
03520300,LUBBOCK HAIR ACADEMY                    ,TX,79410-3524,Proprietary  ,4,14,18,29,74,103
03541300,BEHOLD! BEAUTY ACADEMY                  ,TX,77016-3725,Proprietary  ,0,0,0,3,8,11
03542300,CONCORDE CAREER INSTITUTE               ,TX,76011-4016,Proprietary  ,45,294,339,209,1323,1532
03551400,STATE BEAUTY ACADEMY                    ,TX,75116-3501,Proprietary  ,2,6,8,21,62,83
03556400,KUSSAD INSTITUTE OF COURT REPORTING     ,TX,78704-5712,Proprietary  ,2,6,8,8,37,45
03563300,ACADEMY OF COSEMTOLOGY                  ,TX,78745-2858,Proprietary  ,0,0,0,19,71,90
03573300,AVIATION INSTITUTE OF MAINTENANCE       ,TX,75209-3017,Proprietary  ,30,109,139,130,483,613
03610300,MJ'S BEAUTY ACADEMY INC                 ,TX,75224-4409,Proprietary  ,2,15,17,19,54,73
03612400,VALLEY GRANDE INSTITUTE FOR ACADEMI     ,TX,78596-0000,Private      ,39,103,142,122,466,588
03627300,LAMAR INSTITUTE OF TECHNOLOGY           ,TX,77705-4142,Public       ,97,199,296,1224,1770,2994
03676400,HEALTHY HAIR ACADEMY                    ,TX,75227-0000,Proprietary  ,9,64,73,31,149,180
03680300,JAY'S TECHNICAL INSTITUTE               ,TX,77031-3509,Proprietary  ,8,35,43,28,112,140
03682400,DALLAS BARBER & STYLIST COLLEGE         ,TX,75231-0000,Proprietary  ,6,42,48,44,178,222
03714300,TREND BARBER COLLEGE                    ,TX,77071-2104,Proprietary  ,19,47,66,53,181,234
03723300,CULINARY INST ALAIN & MARIE LENOTRE     ,TX,77022-4322,Proprietary  ,13,22,35,93,175,268
03727600,CULINARY ACADEMY OF AUSTIN              ,TX,78752-0000,Proprietary  ,6,17,23,76,107,183
03733300,BAPTIST UNIVERSITY OF THE AMERICAS      ,TX,78224-1336,Private      ,6,14,20,65,181,246
03756300,ANAMARC EDUCATIONAL INSTITUTE           ,TX,79930-6230,Proprietary  ,20,149,169,105,656,761
03885400,COMPUTER LABS                           ,TX,79906-5924,Proprietary  ,0,0,0,2,7,9
03885700,HOUSTON'S TRAINING AND EDUCATION CENTER ,TX,77036-2021,Proprietary  ,1,12,13,6,82,88
03922300,SOUTH TEXAS BARBER COLLEGE              ,TX,78415-3463,Proprietary  ,4,10,14,19,48,67
03926300,AMESED                                  ,TX,75081-0000,Proprietary  ,0,0,0,11,26,37
03944400,PROFESSIONAL CAREERS INSTITUTE          ,TX,77036-2252,Proprietary  ,2,24,26,21,101,122
03984300,ALLIED CAREER CENTER                    ,TX,75007-0000,Proprietary  ,0,0,0,1,6,7
03987300,TEXAS HEALTH SCHOOL                     ,TX,77079-2106,Proprietary  ,8,33,41,47,156,203
04036300,SOUTHEAST TEXAS CAREER INSTITUTE        ,TX,77656-8601,Proprietary  ,9,13,22,26,78,104
04045300,NORTHWEST BEAUTY SCHOOL                 ,TX,77091-1208,Proprietary  ,2,17,19,12,53,65
04045400,MAI-TRIX BEAUTY COLLEGE                 ,TX,77040-0000,Proprietary  ,3,12,15,20,64,84
04089400,CCI TRAINING CENTER                     ,TX,76011-4857,Proprietary  ,5,70,75,23,208,231
04117900,CHAMPION BEAUTY COLLEGE                 ,TX,77069-4611,Proprietary  ,4,14,18,24,76,100
04122100,BENCHMARK CAREER INSTITUTE              ,TX,75080-7426,Proprietary  ,0,0,0,0,2,2
04125400,ACADEMY AT AUSTIN (THE)                 ,TX,78660-3287,Proprietary  ,15,35,50,76,133,209
04125500,MANUEL AND THERESA'S SCHOOL OF HAIR DESI,TX,77803-3236,Proprietary  ,5,5,10,19,30,49
04129800,MEDIATECH INSTITUTE DALLAS              ,TX,75039-3105,Proprietary  ,28,47,75,64,73,137
04129801,MEDIATECH INSTITUTE AUSTIN              ,TX,78704-8933,Proprietary  ,17,22,39,17,22,39
04129802,MEDIATECH INSTITUTE HOUSTON             ,TX,77042-4712,Proprietary  ,14,20,34,14,20,34
04131700,SOUTHWEST CAREER INSTITUTE              ,TX,79925-6230,Proprietary  ,45,76,121,121,239,360
04136500,PCCENTER                                ,TX,75115-4214,Proprietary  ,1,9,10,1,15,16
04142300,AVEDA INSTITUTE SAN ANTONIO             ,TX,78215-1260,Proprietary  ,10,23,33,10,23,33
00367000,BRIGHAM YOUNG UNIVERSITY                ,UT,84602-8406,Private      ,848,964,1812,9405,11249,20654
00367100,DIXIE STATE COLLEGE OF UTAH             ,UT,84770-3876,Public       ,198,372,570,1901,2450,4351
00367200,LDS BUSINESS COLLEGE                    ,UT,84101-3500,Private      ,64,61,125,459,455,914
00367400,STEVENS HENAGER COLLEGE                 ,UT,84401-1420,Proprietary  ,142,725,867,623,3244,3867
00367500,UNIVERSITY OF UTAH                      ,UT,84112-9055,Public       ,518,915,1433,7494,12610,20104
00367600,COLLEGE OF EASTERN UTAH                 ,UT,84501-2699,Public       ,53,92,145,628,626,1254
00367700,UTAH STATE UNIVERSITY                   ,UT,84322-1400,Public       ,601,786,1387,6021,8117,14138
00367800,SOUTHERN UTAH UNIVERSITY                ,UT,84720-2470,Public       ,245,297,542,3003,2462,5465
00367900,SNOW COLLEGE                            ,UT,84627-1299,Public       ,135,99,234,1499,603,2102
00368000,WEBER STATE UNIVERSITY                  ,UT,84408-1136,Public       ,477,1069,1546,3993,8601,12594
00368100,WESTMINSTER COLLEGE                     ,UT,84105-3697,Private      ,67,136,203,1619,1401,3020
00402700,UTAH VALLEY UNIVERSITY                  ,UT,84058-5999,Public       ,817,1365,2182,5956,11443,17399
00522000,SALT LAKE COMMUNITY COLLEGE             ,UT,84123-0000,Public       ,742,1678,2420,4964,10241,15205
00943300,SHERMAN KENDALL'S ACADEMY OF BEAUTY     ,UT,84106-1836,Proprietary  ,2,9,11,23,50,73
01009800,NEUMONT UNIVERSITY                      ,UT,84095-0000,Proprietary  ,14,37,51,308,203,511
01116500,UINTAH BASIN APPLIED TECHNOLOGY CLG     ,UT,84066-0000,Public       ,2,10,12,3,50,53
01116600,UTAH CAREER COLLEGE                     ,UT,84088-4021,Proprietary  ,72,198,270,360,1123,1483
02078800,SHERMAN KENDALL'S ACADEMY OF BEAUTY     ,UT,84047-0000,Proprietary  ,2,6,8,10,25,35
02115400,BRIDGERLAND APPLIED TECHNOLOGY COLLEGE  ,UT,84321-0000,Public       ,19,103,122,129,507,636
02156600,DAVIS APPLIED TECHNOLOGY COLLEGE        ,UT,84037-0000,Public       ,40,158,198,179,752,931
02178500,EAGLE GATE COLLEGE                      ,UT,84123-0000,Proprietary  ,54,227,281,258,1039,1297
02270800,AMERITECH COLLEGE                       ,UT,84604-6927,Proprietary  ,9,62,71,50,324,374
02270802,AMERITECH COLLEGE - DRAPER              ,UT,84020-6545,Proprietary  ,3,20,23,11,110,121
02298500,EVEREST COLLEGE                         ,UT,84119-2668,Proprietary  ,42,230,272,122,601,723
02346500,OGDEN-WEBER APPLIED TECHNOLOGY COLG     ,UT,84404-0000,Public       ,36,170,206,161,877,1038
02360800,PROVO COLLEGE                           ,UT,84601-0000,Proprietary  ,45,111,156,237,550,787
02361000,ITT TECHNICAL INSTITUTE                 ,UT,84123-0000,Proprietary  ,41,127,168,184,723,907
02504000,MARINELLO SCHOOL OF BEAUTY              ,UT,84041-0000,Proprietary  ,6,19,25,39,94,133
02516100,STACEY'S HANDS OF CHAMPIONS BTY CLG     ,UT,84405-0000,Proprietary  ,9,28,37,36,103,139
02531800,VON CURTIS ACADEMY OF HAIR DESIGN       ,UT,84606-0000,Proprietary  ,179,178,357,698,705,1403
02556800,HAIRITAGE COLLEGE OF BEAUTY             ,UT,84117-7204,Proprietary  ,24,34,58,81,99,180
02557700,PREMIER HAIR ACADEMY                    ,UT,84120-3603,Proprietary  ,2,8,10,9,39,48
02572700,EVANS HAIRSTYLING COLLEGE               ,UT,84770-0000,Proprietary  ,2,7,9,16,25,41
02572800,VISTA COLLEGE                           ,UT,84015-0000,Proprietary  ,4,15,19,16,79,95
02572801,CERTIFIED CAREERS INSTITUTE             ,UT,84015-0000,Proprietary  ,6,50,56,20,118,138
02573100,EVANS HAIRSTYLING COLLEGE               ,UT,84720-0000,Proprietary  ,3,7,10,27,30,57
02612200,MARINELLO SCHOOL OF BEAUTY              ,UT,84604-1585,Proprietary  ,13,17,30,79,68,147
03030600,UTAH COLLEGE OF MASSAGE THERAPY         ,UT,84111-1606,Proprietary  ,50,86,136,365,512,877
03030601,UTAH CLG OF MASSAGE THER-PROVO CMPS     ,UT,84042-0000,Proprietary  ,19,26,45,108,155,263
03082100,MYOTHERAPY COLLEGE OF UTAH              ,UT,84115-2522,Proprietary  ,3,24,27,15,74,89
03108200,ECHELON EDGE ACADEMY OF HAIR SKIN & NAIL,UT,84070-2004,Proprietary  ,4,23,27,17,41,58
03110400,HAIRITAGE HAIR ACADEMY                  ,UT,84770-5233,Proprietary  ,2,10,12,17,30,47
03339400,WESTERN GOVERNORS UNIVERSITY            ,UT,84107-2533,Private      ,64,2781,2845,291,13041,13332
03413300,MOUNTAINLAND APPLIED TECHNOLOGY COLLEGE ,UT,84058-5857,Public       ,10,36,46,52,153,205
03463300,CAREERS UNLIMITED                       ,UT,84058-0000,Proprietary  ,4,1,5,39,84,123
03617300,HEALING MOUNTAIN MASSAGE SCHOOL         ,UT,84111-3232,Proprietary  ,2,13,15,18,48,66
03829500,SKINWORKS SCHOOL OF ADVANCED SKINCARE   ,UT,84115-0000,Proprietary  ,6,12,18,19,61,80
03838300,OGDEN INSTITUTE OF MASSAGE THERAPY      ,UT,84403-0000,Proprietary  ,0,4,4,12,39,51
03902300,RENAISSANCE SCHOOL OF THERAPEUTIC MASSAG,UT,84010-2835,Proprietary  ,0,1,1,3,9,12
03909300,MAXIMUM STYLE TEC SCHOOL OF COSMETOLOGY ,UT,84323-4679,Proprietary  ,2,11,13,14,41,55
03921300,CAMEO COLLEGE OF ESSENTIAL BEAUTY       ,UT,84115-0000,Proprietary  ,11,39,50,80,191,271
04054300,SOUTHWEST APPLIED TECHNOLOGY COLLEGE    ,UT,84720-6608,Public       ,1,21,22,14,63,77
04072300,DALLAS ROBERTS ACADEMY OF HAIR DESIGN & ,UT,84604-1008,Proprietary  ,6,10,16,46,49,95
04118100,IMAGEWORKS ACADEMY OF HAIR DESIGN       ,UT,84660-1210,Proprietary  ,5,9,14,19,35,54
04121700,DIXIE APPLIED TECHNOLOGY COLLEGE        ,UT,84770-3025,Public       ,18,23,41,166,146,312
00368200,BENNINGTON COLLEGE                      ,VT,05201-6001,Private      ,21,10,31,958,288,1246
00368300,CASTLETON STATE COLLEGE                 ,VT,05735-0000,Public       ,44,19,63,2673,369,3042
00368400,CHAMPLAIN COLLEGE                       ,VT,05401-3950,Private      ,70,76,146,3167,756,3923
00368402,WOODBURY COLLEGE                        ,VT,05602-0000,Private      ,0,12,12,9,181,190
00368500,COLLEGE OF ST JOSEPH                    ,VT,05701-3899,Private      ,2,13,15,183,218,401
00368600,GODDARD COLLEGE                         ,VT,05667-0000,Private      ,5,83,88,83,909,992
00368700,GREEN MOUNTAIN COLLEGE                  ,VT,05764-1199,Private      ,17,9,26,1227,167,1394
00368800,JOHNSON STATE COLLEGE                   ,VT,05656-9898,Public       ,25,51,76,1429,902,2331
00368900,LYNDON STATE COLLEGE                    ,VT,05851-0919,Public       ,53,17,70,1609,298,1907
00369000,MARLBORO COLLEGE                        ,VT,05344-0300,Private      ,16,12,28,475,90,565
00369100,MIDDLEBURY COLLEGE                      ,VT,05753-0000,Private      ,29,6,35,3534,465,3999
00369106,MIDDLEBURY COLLEGE - BREAD LOAF SCHOOL O,VT,05753-0000,Private      ,0,1,1,0,1,1
00369200,NORWICH UNIVERSITY                      ,VT,05663-1035,Private      ,45,180,225,2569,1668,4237
00369300,SOUTHERN VERMONT COLLEGE                ,VT,05201-6002,Private      ,4,9,13,577,157,734
00369400,ST MICHAELS COLLEGE                     ,VT,05439-0001,Private      ,29,23,52,3373,189,3562
00369600,UNIVERSITY OF VERMONT                   ,VT,05405-0160,Public       ,144,102,246,15802,2603,18405
00369800,VERMONT TECHNICAL COLLEGE               ,VT,05061-0000,Public       ,30,37,67,1163,601,1764
00857500,SALON PROFESSIONAL ACADEMY (THE)        ,VT,05495-4001,Proprietary  ,5,6,11,61,55,116
00865800,O'BRIEN'S TRAINING CENTER               ,VT,05403-7747,Proprietary  ,0,8,8,23,35,58
00886000,SIT                                     ,VT,05301-4801,Private      ,1,25,26,18,549,567
01116700,COMMUNITY COLLEGE OF VERMONT            ,VT,05676-1552,Public       ,141,413,554,1451,3351,4802
01193400,VERMONT LAW SCHOOL                      ,VT,05068-0000,Private      ,0,8,8,1,1052,1053
01218300,BURLINGTON COLLEGE                      ,VT,05401-8477,Private      ,6,13,19,134,126,260
02143500,STERLING COLLEGE                        ,VT,05827-0000,Private      ,4,4,8,140,27,167
02254000,NEW ENGLAND CULINARY INSTITUTE          ,VT,05602-0000,Proprietary  ,20,37,57,516,339,855
02532600,LANDMARK COLLEGE                        ,VT,05346-0000,Private      ,22,1,23,362,39,401
03708300,BURLINGTON TECHNICAL CENTER             ,VT,05401-2721,Public       ,0,0,0,7,9,16
00392800,CASPER COLLEGE                          ,WY,82601-4612,Public       ,58,134,192,1109,1100,2209
00392900,EASTERN WYOMING COLLEGE                 ,WY,82240-1603,Public       ,19,38,57,373,281,654
00393000,SHERIDAN COLLEGE                        ,WY,82801-9133,Public       ,38,104,142,697,691,1388
00393100,NORTHWEST COLLEGE                       ,WY,82435-1895,Public       ,41,72,113,768,504,1272
00393200,UNIVERSITY OF WYOMING                   ,WY,82071-3663,Public       ,167,236,403,5813,3920,9733
00393300,WESTERN WYOMING COMMUNITY COLLEGE       ,WY,82902-0000,Public       ,51,129,180,688,740,1428
00728900,CENTRAL WYOMING COLLEGE                 ,WY,82501-0000,Public       ,31,101,132,447,604,1051
00915700,WYOMING TECHNICAL INSTITUTE             ,WY,82072-9519,Proprietary  ,221,165,386,3891,1633,5524
00925900,LARAMIE COUNTY COMMUNITY CLG            ,WY,82007-3299,Public       ,76,248,324,1078,1604,2682
02211900,CHEEKS INTERNATIONAL ACDMY              ,WY,82001-0000,Proprietary  ,10,22,32,57,135,192
03291300,BUSINESS SKILLS INSTITUTE A DEPARTMENT O,WY,82930-0000,Public       ,0,0,0,3,5,8
00393500,UNIV OF GUAM                            ,GU,96923-0000,Public       ,135,155,290,1664,1263,2927
01536100,GUAM COMMUNITY COLLEGE                  ,GU,96921-0000,Public       ,85,145,230,778,993,1771
03438300,PACIFIC ISLANDS BIBLE COLLEGE           ,GU,96913-2619,Private      ,38,13,51,115,65,180
00393600,PONTIFICAL CATHOLIC UNIV OF PR          ,PR,00717-0777,Private      ,73,259,332,5083,4592,9675
00393700,UNIVERSITY OF THE SACRED HEART          ,PR,00914-0383,Private      ,66,93,159,3163,1923,5086
00393800,INTER-AMER UNIV PR-CNTRL ADMN           ,PR,00936-0000,Private      ,114,441,555,3563,6441,10004
00393801,INTER-AMER UNIV PR SCHL LAW             ,PR,00936-8351,Private      ,1,4,5,17,343,360
00393802,INTER AMERICAN UNIVERSITY OF PUERTO RICO,PR,00926-0000,Private      ,14,87,101,55,182,237
00393803,INTER AMERICAN UNIVERSITY OF PR         ,PR,00683-0000,Private      ,59,126,185,3747,2087,5834
00393804,INTER-AMER UNIV PR-RECINTO AGUADILA     ,PR,00605-2000,Private      ,92,150,242,2490,2360,4850
00393805,INTER-AMER UNIV PR-ARECIBO CAMPUS       ,PR,00614-4050,Private      ,67,171,238,2852,2458,5310
00393806,INTER-AMER UNIV PR-BARRANQUITAS REG     ,PR,00794-0517,Private      ,31,103,134,1473,1093,2566
00393807,INTER-AMER UNIV PR-FAJARDO REGIONAL     ,PR,00738-0000,Private      ,27,92,119,1244,1151,2395
00393808,INTER-AMER UNIV PR - GUAYAMA CAMPUS     ,PR,00785-4004,Private      ,32,112,144,1135,1370,2505
00393809,INTER-AMER UNIV PR-PONCE REGIONAL       ,PR,00715-0000,Private      ,73,219,292,3458,3331,6789
00393810,INTER-AMER UNIV PR - SCH OF OPTOMETRY   ,PR,00918-0000,Private      ,0,0,0,5,59,64
00393811,INTER-AMER UNIV PR-BAYAMON REG CLG      ,PR,00959-0000,Private      ,73,115,188,4159,1860,6019
00394100,COLEGIO UNIVERSITARIO DEL ESTE          ,PR,00983-0000,Private      ,163,605,768,5533,7946,13479
00394200,UNIVERSITY OF PR-CENTRAL ADMINISTRATION ,PR,00936-4984,Public       ,6,25,31,736,371,1107
00394201,UNIVERSITY OF PR-RIO PIEDRAS CAMPUS     ,PR,00931-3300,Public       ,168,139,307,8746,2566,11312
00394202,UNIV OF PUERTO RICO-MAYAGUEZ CAMPUS     ,PR,00681-5000,Public       ,123,117,240,9006,1572,10578
00394203,"UNIVERSITY OF PR, MED. SCIENCES CAMPUS  ",PR,00936-5067,Public       ,5,46,51,493,1331,1824
00394204,"UNIVERSITY OF PUERTO RICO, CAYEY CAMPUS ",PR,00736-0000,Public       ,17,16,33,2989,550,3539
00394205,"UNIVERSITY OF PR, HUMACAO CAMPUS        ",PR,00791-4057,Public       ,38,36,74,3495,606,4101
00394206,UNIVERSITY OF PR-AGUADILLA CAMPUS       ,PR,00604-6150,Public       ,30,18,48,2564,513,3077
00394207,UNIVERSITY OF PUERTO RICO-ARECIBO CAMPUS,PR,00614-0000,Public       ,39,29,68,3666,519,4185
00394208,UNIVERSITY OF PUERTO RICO-BAYAMON CAMPUS,PR,00959-0000,Public       ,35,23,58,3809,547,4356
00394209,UNIVERSITY OF PUERTO RICO-CAROLINA      ,PR,00984-4800,Public       ,60,43,103,3174,511,3685
00394210,UNIVERSITY OF PUERTO RICO-PONCE         ,PR,00732-0000,Public       ,22,19,41,3032,428,3460
00394211,"UNIVERSITY OF PR, UTUADO CAMPUS         ",PR,00641-0000,Public       ,12,10,22,1478,261,1739
00501900,UNIV ADVENTISTA DE LAS ANTILLAS         ,PR,00681-0118,Private      ,12,19,31,535,336,871
00502200,BAYAMON CENTRAL UNIVERSITY              ,PR,00960-0000,Private      ,20,122,142,939,1196,2135
00890200,COLUMBIA CENTRO UNIVERSITARIO           ,PR,00726-0000,Proprietary  ,74,155,229,608,1082,1690
01056700,COLEGIO TECNOLOGICO DE SAN JUAN         ,PR,00918-2973,Public       ,39,63,102,568,738,1306
01072400,CARLOS ALBIZU UNIVERSITY                ,PR,00902-3711,Private      ,1,18,19,88,710,798
01081900,CONSERVATORIO DE MUSICA DE PUERTO RICO  ,PR,00907-3373,Public       ,4,4,8,267,84,351
01120300,RYDER MEMORIAL HOSP SCH OF NURSING      ,PR,00792-0000,Private      ,0,3,3,14,22,36
01171900,UNIVERSIDAD DEL TURABO                  ,PR,00778-0000,Private      ,129,702,831,6991,10121,17112
01194000,ICPR JUNIOR COLLEGE                     ,PR,00919-0000,Proprietary  ,71,136,207,775,989,1764
01194100,AMERICAN UNIVERSITY OF PUERTO RICO      ,PR,00960-2037,Private      ,88,112,200,899,743,1642
01194101,AMERICAN UNIVERSITY OF PUERTO RICO      ,PR,00674-0000,Private      ,81,122,203,710,690,1400
01252500,CARIBBEAN UNIVERSITY                    ,PR,00960-0493,Private      ,67,255,322,2187,3193,5380
01314800,RAMIREZ COLLEGE OF BUS & TECH           ,PR,00918-0000,Proprietary  ,31,73,104,229,473,702
02063100,MBTI BUSINESS TRNG INSTITUTE            ,PR,00907-3917,Proprietary  ,43,119,162,272,564,836
02100000,POLYTECHNIC UNIVERSITY OF PR            ,PR,00917-0000,Private      ,105,179,284,3068,2114,5182
02163300,UNIVERSIDAD CENTRAL DEL CARIBE          ,PR,00960-0000,Private      ,4,24,28,136,442,578
02165100,EDP COLLEGE OF PUERTO RICO              ,PR,00919-0000,Proprietary  ,42,183,225,757,1385,2142
02166400,INSTITUTO DE BANCA Y COMERCIO           ,PR,00925-0000,Proprietary  ,1087,1770,2857,8224,9857,18081
02170300,INST EDUC TECNIA OCUP LA REINA          ,PR,00674-0000,Proprietary  ,24,21,45,280,322,602
02170301,INST EDUC TECNICA OCUPLA LA REINA       ,PR,00603-0000,Proprietary  ,0,0,0,2,0,2
02189100,CENTRO DE ESTUDIOS MULTIDISCIPLIN       ,PR,00926-0000,Private      ,189,207,396,1060,1390,2450
02189300,EMMA'S BEAUTY ACADEMY                   ,PR,00680-0000,Proprietary  ,5,12,17,217,214,431
02195400,MODERN HAIRSTYLING INSTITUTE            ,PR,00960-0000,Proprietary  ,97,150,247,480,410,890
02195500,MODERN HAIRSTYLING INSTITUTE            ,PR,00612-0000,Proprietary  ,1,0,1,6,0,6
02195800,LICEO E ARTE Y TECNOLGIA                ,PR,00919-0000,Private      ,67,94,161,728,554,1282
02195900,MODERN HAIRSTYLING INSTITUTE            ,PR,00980-0000,Proprietary  ,0,1,1,6,5,11
02234900,ANTILLES SCHOOL OF TECH CAREERS         ,PR,00909-0000,Proprietary  ,14,48,62,117,182,299
02241901,COMMONWEALTH OF PR DEPT OF EDUC - CARLOS,PR,00986-0000,Public       ,4,6,10,35,40,75
02241902,COMMONWEALTH OF PR DEPT OF EDUC - TOMAS ,PR,00613-0000,Public       ,4,3,7,12,17,29
02241904,COMMONWEALTH OF PR DEPT OF EDUC - ITPR R,PR,00655-0000,Public       ,40,35,75,523,255,778
02241905,COMMONWEALTH OF PR DEPT OF EDUC - JOSE A,PR,00674-0000,Public       ,4,2,6,568,137,705
02241907,COMMONWEALTH OF PR DEPT OF EDUC - ITPR R,PR,00928-0000,Public       ,17,16,33,490,199,689
02241908,COMMONWEALTH OF PR DEPT OF EDUC - ITPR R,PR,00732-0000,Public       ,3,3,6,547,243,790
02241909,COMMONWEALTH OF PR DEPT OF EDUC - TROQUE,PR,00959-0000,Public       ,2,0,2,36,5,41
02241910,COMMONWEALTH OF PR DEPT OF EDUC - ITPR R,PR,00701-1091,Public       ,4,8,12,420,134,554
02260600,NATIONAL COLLEGE OF BUSINESS & TECH     ,PR,00960-2036,Proprietary  ,230,511,741,3478,4270,7748
02260601,NATIONAL COLLEGE OF BUSINESS & TECHNOLOG,PR,00612-0000,Proprietary  ,0,0,0,51,25,76
02260602,NATIONAL COLLEGE OF BUSINESS & TECHNOLOG,PR,00745-9903,Proprietary  ,0,2,2,19,13,32
02260800,HUERTAS JUNIOR COLLEGE                  ,PR,00726-0000,Proprietary  ,68,103,171,1051,1266,2317
02297700,AUTOMECA TECHNICAL COLLEGE              ,PR,00957-0000,Proprietary  ,88,81,169,1090,639,1729
02303800,AMERICAN EDUCATIONAL COLLEGE            ,PR,00961-0000,Proprietary  ,50,77,127,469,714,1183
02335500,COLEGIO BIBLICO PENTECOSTAL DE PR       ,PR,00978-0000,Private      ,0,8,8,16,138,154
02340600,HUMACAO COMMUNITY COLLEGE               ,PR,00792-0000,Private      ,46,70,116,364,431,795
02343600,INSTITUTE OF BEAUTY CAREERS             ,PR,00613-0000,Proprietary  ,17,35,52,320,423,743
02482400,PONCE SCHOOL OF MEDICINE                ,PR,00716-2347,Private      ,0,8,8,17,612,629
02502400,SERBIA'S SCHOOL OF BEAUTY CULTURE       ,PR,00785-0000,Proprietary  ,17,39,56,189,205,394
02504500,INSTITUCION CHAVIANO DE MAYAGUEZ        ,PR,00708-0000,Proprietary  ,4,44,48,19,144,163
02505400,ATLANTIC COLLEGE                        ,PR,00970-0000,Private      ,51,36,87,881,455,1336
02534900,PONCE PARAMEDICAL COLLEGE (POPAC)       ,PR,00731-0000,Proprietary  ,191,187,378,1926,1477,3403
02549700,ACADEMIA MAISON D'ESTHETIQUE            ,PR,00907-0000,Proprietary  ,11,37,48,134,273,407
02552300,COLEGIO MAYOR DE TECHNOLOGIA            ,PR,00714-0000,Proprietary  ,25,36,61,252,302,554
02562500,INTERNATIONAL TECHNICAL COLLEGE         ,PR,00918-0000,Proprietary  ,7,27,34,49,106,155
02563500,ROGIES SCHOOL OF BEAUTY CULTURE         ,PR,00910-0000,Proprietary  ,28,60,88,115,135,250
02566800,PUERTO RICO TECH JUNIOR COLLEGE         ,PR,00917-0000,Proprietary  ,0,0,0,4,2,6
02569400,ESCUELA DE ARTES PLASTICAS              ,PR,00902-1112,Public       ,4,9,13,328,155,483
02570400,EDUCATIONAL TECHNICAL COLLEGE           ,PR,00925-3404,Proprietary  ,61,127,188,460,760,1220
02576100,ESCUELA TECNICA DE ELECTRICIDAD         ,PR,00731-0000,Proprietary  ,34,56,90,349,353,702
02587500,UNIVERSIDAD METROPOLITANA               ,PR,00928-1150,Private      ,123,715,838,4780,8068,12848
02588600,SEMINARIO EVANGELICO DE PUERTO RICO     ,PR,00925-0000,Private      ,0,10,10,1,35,36
02593700,HISPANIC AMERICAN COLLEGE               ,PR,00725-0000,Proprietary  ,21,38,59,129,157,286
02611100,INSTITUTO MERLIX                        ,PR,00961-0000,Proprietary  ,6,31,37,56,153,209
03021900,EDIC COLLEGE                            ,PR,00726-0000,Proprietary  ,21,48,69,610,826,1436
03025500,MECH TECH COLLEGE                       ,PR,00725-6118,Proprietary  ,120,129,249,2315,990,3305
03025900,"LICEO DE ARTE, DISENOS Y COMERCIO       ",PR,00726-0000,Proprietary  ,36,85,121,322,459,781
03029700,"UNIVERSAL TECHNOLOGY CLG OF PR, INC     ",PR,00605-1955,Private      ,68,151,219,726,1297,2023
03061900,COLEGIO TECHNOLOGICO Y COMERCIAL        ,PR,00602-0000,Proprietary  ,4,8,12,23,59,82
03068400,STAR BEAUTY ACADEMY                     ,PR,00961-6312,Proprietary  ,10,14,24,43,66,109
03070500,D'MART INSTITUTE                        ,PR,00794-3517,Proprietary  ,81,126,207,841,918,1759
03075600,EMMA'S BEAUTY ACADEMY                   ,PR,00795-0000,Proprietary  ,23,32,55,267,220,487
03076000,PUERTO RICO BARBER COLLEGE              ,PR,00738-4632,Proprietary  ,2,18,20,22,54,76
03085700,PROFESSIONAL TECHNICAL INSTITUTION      ,PR,00960-7061,Proprietary  ,22,29,51,266,183,449
03104400,PROFESSIONAL ELECTRIC SCHOOL            ,PR,00674-1797,Proprietary  ,9,11,20,72,72,144
03106900,ESCUELA DE PERITOS ELECTRICITAS         ,PR,00662-0457,Proprietary  ,3,8,11,29,59,88
03112100,JOHN DEWEY COLLEGE                      ,PR,00915-9538,Private      ,425,868,1293,2036,3798,5834
03112101,JOHN DEWEY COLLEGE                      ,PR,00986-0000,Private      ,88,146,234,550,675,1225
03112102,JOHN DEWEY COLLEGE-BAYAMON CAMPUS       ,PR,00959-0000,Private      ,103,217,320,322,496,818
03112104,JOHN DEWEY COLLEGE - YABUCOA LRNING SITE,PR,00767-0767,Private      ,15,38,53,102,229,331
03112105,JOHN DEWEY COLLEGE - FAJARDO BRANCH     ,PR,00738-0738,Private      ,31,66,97,142,196,338
03112106,JOHN DEWEY COLLEGE - ARROYO BRANCH      ,PR,00714-0714,Private      ,28,39,67,135,245,380
03112107,JOHN DEWEY COLLEGE - JUANA DIAZ BRANCH  ,PR,00795-0000,Private      ,35,42,77,237,346,583
03115900,TRINITY COLLEGE OF PUERTO RICO          ,PR,00734-0000,Private      ,5,8,13,90,152,242
03122500,ACADEMIA SERRANT INC.                   ,PR,00717-1568,Proprietary  ,22,30,52,99,205,304
03123100,GLOBELLE TECHNICAL INSTITUTE            ,PR,00693-4218,Proprietary  ,0,2,2,51,63,114
03124200,NOVA COLLEGE DE PUERTO RICO             ,PR,00960-4016,Proprietary  ,19,97,116,81,282,363
03157600,"COLEGIO DE CINEMATOGRAFIA, ARTES Y TELEV",PR,00961-6345,Proprietary  ,39,23,62,308,138,446
03177300,SAN JUAN BAUTISTA SCH OF MEDICINE       ,PR,00726-0000,Private      ,0,3,3,2,284,286
03326300,UNIVERSAL CAREER COMMUNITY COLLEGE      ,PR,00907-0000,Proprietary  ,45,116,161,385,571,956
03336300,CENTURY COLLEGE                         ,PR,00603-4802,Proprietary  ,8,28,36,98,137,235
03414300,MONTECLARO                              ,PR,00745-9612,Private      ,0,0,0,7,0,7
03452300,INSTITUTO PRE-VOCACIONAL E INDUSTRI     ,PR,00613-1800,Private      ,7,13,20,41,103,144
03469300,IVAEM COLLEGE                           ,PR,00725-0000,Proprietary  ,3,5,8,126,69,195
03531300,COLEGIO PENTECOSTAL MIZPA               ,PR,00928-0966,Private      ,0,20,20,13,207,220
03544300,ATENAS COLLEGE                          ,PR,00674-0000,Private      ,81,222,303,649,996,1645
03552300,LESTON COLLEGE                          ,PR,00961-6309,Proprietary  ,18,32,50,56,128,184
03608300,CARIBBEAN FORENSIC & TECHNICAL COLL     ,PR,00926-0000,Proprietary  ,7,21,28,45,84,129
03638300,ROSSLYN TRAINING ACADEMY OF COSMETOLOGY ,PR,00602-3225,Proprietary  ,2,8,10,5,16,21
03735400,"CHARLIES GUARD,DETECTIVE BUREAU&ACA     ",PR,00605-0000,Proprietary  ,5,14,19,67,131,198
03751300,ESCUELA HOTELERA DE SAN JUAN            ,PR,00917-0091,Proprietary  ,26,47,73,383,231,614
03758300,BAYAMON COMMUNITY COLLEGE               ,PR,00960-0000,Proprietary  ,18,45,63,65,179,244
03781400,INDUSTRIAL TECHNICAL COLLEGE            ,PR,00792-0000,Proprietary  ,19,39,58,102,151,253
03785300,J.G. GUAYNABO TECHNICAL COLLEGE         ,PR,00960-0000,Proprietary  ,5,10,15,14,38,52
03800300,COLEGIO TECNICO DE ELECTRICIDAD GALLOSA ,PR,00602-0000,Proprietary  ,1,5,6,26,46,72
03800400,INSTITUTE OF BEAUTY OCCUPATIONS AND TECH,PR,00676-5071,Proprietary  ,10,15,25,48,94,142
03843300,ADVANCED TECH COLLEGE                   ,PR,00961-6321,Proprietary  ,2,24,26,20,120,140
03849300,AGUADILLA TECHNICAL COLLEGE             ,PR,00603-0000,Proprietary  ,1,3,4,16,37,53
03965400,MYRANGEL BEAUTY INSTITUTE               ,PR,00754-3917,Proprietary  ,15,25,40,46,89,135
04030300,ASPIRA  DE PUERTO RICO                  ,PR,00987-0000,Private      ,0,4,4,1,16,17
04107300,CARIB TECHNOLOGICAL INSTITUTE           ,PR,00960-0000,Proprietary  ,15,17,32,37,66,103
04117200,INSTITUTO EDUCATIVO PREMIER             ,PR,00731-0000,Proprietary  ,9,20,29,29,79,108
00394600,UNIVERSITY OF THE VIRGIN ISLANDS        ,VI,00802-6000,Public       ,41,44,85,911,671,1582
00394601,UNIV OF THE VIRGIN ISLANDS-ST CROIX     ,VI,00850-0000,Public       ,29,55,84,406,418,824
00667400,CANADIAN THEOLOGICAL SEMINARY           ,CN,00000-0000,Private      ,0,0,0,2,0,2
00667700,MCGILL UNIVERSITY                       ,CN,00000-0000,Public       ,31,20,51,1733,361,2094
00667900,QUEEN'S UNIVERSITY AT KINGSTON          ,CN,00000-0000,Public       ,0,1,1,113,27,140
00668100,ST FRANCIS XAVIER UNIVERSITY            ,CN,00000-0000,Public       ,0,0,0,35,9,44
00668200,ST THOMAS UNIVERSITY                    ,CN,00000-0000,Public       ,0,0,0,14,2,16
00668300,UNIVERSITY OF GUELPH                    ,CN,00000-0000,Public       ,1,2,3,35,50,85
00668400,UNIVERSITY OF MANITOBA                  ,CN,00000-0000,Public       ,2,2,4,18,21,39
00668500,UNIVERSITY OF NEW BRUNSWICK (THE)       ,CN,00000-0000,Public       ,0,1,1,14,20,34
00668600,UNIVERSITY OF OTTAWA                    ,CN,00000-0000,Public       ,2,1,3,37,25,62
00668800,UNIVERSITY OF TORONTO                   ,CN,00000-0000,Public       ,7,15,22,263,383,646
00668900,UNIVERSITY OF WINDSOR                   ,CN,00000-0000,Public       ,1,1,2,19,57,76
00683700,UNIVERSITE LAVAL                        ,CN,00000-0000,Public       ,0,0,0,5,16,21
00683800,DALHOUSIE UNIVERSITY                    ,CN,00000-0000,Public       ,2,2,4,120,62,182
00685200,BISHOP'S UNIVERSITY                     ,CN,00000-0000,Private      ,0,0,0,27,1,28
00685300,MCMASTER UNIVERSITY                     ,CN,00000-0000,Public       ,1,2,3,14,23,37
00767900,YORK UNIVERSITY                         ,CN,00000-0000,Public       ,2,8,10,94,102,196
00787400,UNIVERSITY AT CALGARY (THE)             ,CN,00000-0000,Public       ,1,2,3,16,44,60
00814800,UNIVERSITY OF WINNIPEG                  ,CN,00000-0000,Public       ,0,0,0,6,5,11
00836200,UNIVERSITY OF ALBERTA (THE)             ,CN,00000-0000,Public       ,0,1,1,23,42,65
00836300,MOUNT SAINT VINCENT UNIVERSITY          ,CN,00000-0000,Private      ,1,0,1,5,5,10
00836400,SAINT MARY'S UNIVERSITY                 ,CN,00000-0000,Public       ,0,0,0,29,8,37
00836500,CONCORDIA UNIVERSITY - SIR GEORGE W     ,CN,00000-0000,Public       ,10,7,17,243,141,384
00836600,UNIVERSITE DE MONTREAL                  ,CN,00000-0000,Public       ,0,1,1,10,36,46
00836800,CARLETON UNIVERSITY                     ,CN,00000-0000,Public       ,2,1,3,46,33,79
00836900,UNIVERSITY OF BRITISH COLUMBIA          ,CN,00000-0000,Public       ,21,16,37,665,432,1097
00837000,"SAFA, UNIVERSITY OF VICTORIA            ",CN,00000-0000,Public       ,3,4,7,95,56,151
00844400,SIMON FRASER UNIVERSITY                 ,CN,00000-0000,Public       ,7,8,15,70,101,171
00844600,UNIVERSITY OF WESTERN ONTARIO (THE)     ,CN,00000-0000,Public       ,2,3,5,37,42,79
00844800,UNIVERSITY OF REGINA                    ,CN,00000-0000,Public       ,0,0,0,5,11,16
00844900,ACADIA UNIVERSITY                       ,CN,00000-0000,Public       ,1,0,1,56,8,64
00852600,UNIVERSITY OF WATERLOO                  ,CN,00000-0000,Public       ,1,1,2,37,15,52
00858200,WILFRID LAURIER UNIVERSITY              ,CN,00000-0000,Public       ,0,0,0,9,6,15
00891300,LAKEHEAD UNIVERSITY                     ,CN,00000-0000,Public       ,1,0,1,3,3,6
00911900,UNIVERSITE DE MONCTON                   ,CN,00000-0000,Public       ,0,0,0,0,1,1
00918000,LAURENTIAN UNIVERSITY OF SUDBURY        ,CN,00000-0000,Public       ,0,0,0,0,2,2
00925200,BROCK UNIVERSITY                        ,CN,00000-0000,Public       ,0,0,0,14,11,25
00936700,UNIVERSITY OF PRINCE EDWARD ISLAND      ,CN,00000-0000,Public       ,2,0,2,11,97,108
00942100,BRANDON UNIVERSITY                      ,CN,00000-0000,Public       ,1,0,1,5,6,11
00948600,TRINITY WESTERN UNIVERSITY              ,CN,00000-0000,Private      ,4,6,10,320,50,370
00950000,MEMORIAL UNIVERSITY OF NEWFOUNDLAND     ,CN,00000-0000,Public       ,0,0,0,4,4,8
00950100,UNIVERSITY OF KING'S COLLEGE            ,CN,00000-0000,Public       ,0,0,0,21,1,22
00950300,MOUNT ALLISON UNIVERSITY                ,CN,00000-0000,Public       ,2,0,2,33,2,35
00950500,TRENT UNIVERSITY                        ,CN,00000-0000,Public       ,1,2,3,12,6,18
00969700,LETHBRIDGE COLLEGE                      ,CN,00000-0000,Public       ,1,1,2,8,2,10
00969800,MEDICINE HAT COLLEGE                    ,CN,00000-0000,Public       ,0,0,0,1,5,6
00970100,SENECA COLG OF APPLIED ARTS & TECH      ,CN,00000-0000,Public       ,1,1,2,17,10,27
01012300,NOVA SCOTIA COLLEGE OF ART & DESIGN     ,CN,00000-0000,Public       ,1,3,4,10,17,27
01022100,SAINT PAUL UNIVERSITY                   ,CN,00000-0000,Public       ,0,0,0,2,3,5
01045800,SHERIDAN COLLEGE OF APPLIED ARTS AN     ,CN,00000-0000,Public       ,0,1,1,15,11,26
01067500,REGENT COLLEGE                          ,CN,00000-0000,Private      ,0,10,10,2,116,118
01070300,UNIVERSITY OF LETHBRIDGE                ,CN,00000-0000,Public       ,0,2,2,6,3,9
01072000,RYERSON UNIVERSITY                      ,CN,00000-0000,Public       ,2,2,4,52,59,111
01172200,BRIERCREST BIBLE COLLEGE                ,CN,00000-0000,Private      ,1,0,1,17,11,28
01221100,ALGONQUIN CLG OF APPLIED ARTS &TECH     ,CN,00000-0000,Public       ,0,1,1,5,8,13
01222800,HUMBER COLLEGE                          ,CN,00000-0000,Public       ,0,0,0,10,15,25
01227400,PROVIDENCE COLLEGE                      ,CN,00000-0000,Private      ,0,0,0,14,5,19
02102100,BETHANY BIBLE COLLEGE                   ,CN,00000-0000,Private      ,4,2,6,72,26,98
02167000,PRAIRIE BIBLE INST                      ,CN,00000-0000,Private      ,2,0,2,30,14,44
02184600,INSTITUTE FOR CHRISTIAN STUDIES         ,CN,00000-0000,Private      ,0,0,0,0,5,5
02195600,LASALLE COLLEGE                         ,CN,00000-0000,Private      ,3,1,4,8,19,27
02195700,TAYLOR UNIVERSITY COLLEGE AND SEMINARY  ,CN,00000-0000,Private      ,0,0,0,6,1,7
02201100,COLUMBIA BIBLE COLLEGE                  ,CN,00000-0000,Private      ,1,0,1,24,4,28
02209700,UNIVERSITE DU QUEBEC (UNIVERSITY OF     ,CN,00000-0000,Public       ,0,0,0,1,6,7
02216400,TYNDALE COLLEGE & SEMINARY              ,CN,00000-0000,Private      ,0,0,0,3,8,11
02219000,ST. LAWRENCE COLLEGE                    ,CN,00000-0000,Public       ,0,0,0,5,2,7
02219200,UNIVERSITY OF SASKATCHEWAN              ,CN,00000-0000,Public       ,1,0,1,7,13,20
02338800,EMILY CARR UNIVERSITY OF ART AND DESIGN ,CN,00000-0000,Public       ,0,1,1,59,27,86
02354700,RED DEER COLLEGE                        ,CN,00000-0000,Public       ,1,0,1,2,1,3
02577200,SALVATION ARMY WM & CATHERINE BOOTH     ,CN,00000-0000,Private      ,0,0,0,1,1,2
02592600,NEW BRUNSWICK COMMUNITY COLLEGE         ,CN,00000-0000,Public       ,0,0,0,2,0,2
02593800,CONCORDIA UNIVERSITY COLLEGE            ,CN,00000-0000,Private      ,0,0,0,4,3,7
02611900,THE KING'S UNIVERSITY COLLEGE           ,CN,00000-0000,Private      ,0,1,1,3,1,4
03018300,ROCKY MOUNTAIN COLLEGE: CENTRE FOR      ,CN,00000-0000,Private      ,0,0,0,3,0,3
03033200,SAINT PHILIP'S SEMINARY                 ,CN,00000-0000,Private      ,0,0,0,0,1,1
03033800,UNIVERSITY COLLEGE OF CAPE BRETON       ,CN,00000-0000,Public       ,1,1,2,4,3,7
03078300,VANCOUVER SCHOOL OF THEOLOGY            ,CN,00000-0000,Private      ,0,0,0,1,4,5
03273300,CANADIAN COLLEGE OF NATUROPATHIC ME     ,CN,00000-0000,Private      ,0,2,2,1,24,25
03298300,ALBERTA COLLEGE OF ART & DESIGN         ,CN,00000-0000,Public       ,1,0,1,22,10,32
03332500,KWANTLEN UNIVERSITY COLLEGE             ,CN,00000-0000,Public       ,0,0,0,4,7,11
03335400,CANADIAN UNIVERSITY COLLEGE             ,CN,00000-0000,Private      ,3,0,3,35,2,37
03339300,ST. STEPHENS UNIVERSITY                 ,CN,00000-0000,Private      ,0,0,0,6,2,8
03348500,REDEEMER UNIVERSITY COLLEGE             ,CN,00000-0000,Private      ,0,0,0,10,2,12
03408300,CANDIAN NAZARENE UNIVERSITY COLLEGE     ,CN,00000-0000,Private      ,0,1,1,4,3,7
03420300,HOLLAND COLLEGE                         ,CN,00000-0000,Public       ,0,0,0,1,1,2
03421300,LOYALIST COLLEGE OF APPLIED ARTS &      ,CN,00000-0000,Public       ,0,0,0,4,0,4
03435400,ROYAL ROADS UNIVERSITY                  ,CN,00000-0000,Public       ,0,0,0,1,1,2
03465300,NIPISSING UNIVERSITY                    ,CN,00000-0000,Public       ,0,0,0,1,1,2
03511300,CN CLG ACUPUNCTURE & ORIENTAL MED       ,CN,00000-0000,Private      ,0,0,0,0,9,9
03551300,INTERNATIONAL BIBLE COLLEGE             ,CN,00000-0000,Private      ,0,0,0,2,2,4
03560400,NIAGARA COLLEGE-WELLAND CAMPUS          ,CN,00000-0000,Public       ,0,1,1,5,5,10
03613300,UNIV OF NORTHERN BRITISH COLUMBIA       ,CN,00000-0000,Public       ,0,0,0,8,2,10
03644400,CANADIAN MENNONITE UNIVERSITY           ,CN,00000-0000,Private      ,0,0,0,10,2,12
03674400,CANADIAN SOUTHERN BAPTIST SEMINARY      ,CN,00000-0000,Private      ,0,0,0,0,2,2
03711300,CAPILANO UNIVERSITY                     ,CN,00000-0000,Public       ,1,1,2,8,11,19
03745300,BRITISH COLUMBIA INSTITUTE OF TECHNOLOGY,CN,00000-0000,Public       ,1,1,2,4,7,11
03846300,PACIFIC LIFE BIBLE COLLEGE              ,CN,00000-0000,Private      ,0,2,2,7,3,10
03847300,ATLANTIC BAPTIST UNIVERSITY             ,CN,00000-0000,Private      ,0,0,0,7,1,8
00814700,UNIVERSIDAD AUTONOMA DE GUADALAJARA     ,MX,00000-0000,Private      ,4,180,184,52,1098,1150
01041800,INST TEC Y DE ESTSUPER DE MONTERRE      ,MX,00000-0000,Private      ,4,4,8,73,50,123
01067600,UNIVERSIDAD DE MONTERREY                ,MX,00000-0000,Private      ,2,2,4,19,31,50
01093800,UNIVERSIDAD DE GUANAJUATO               ,MX,00000-0000,Public       ,0,0,0,13,16,29
01097600,INSTITUTO ALLENDE                       ,MX,00000-0000,Private      ,1,1,2,4,6,10
02053300,CENTRO DE ESTUDIOS UNIVERSITARIOS D     ,MX,00000-0000,Private      ,21,43,64,149,206,355
02283100,UNIVERSIDAD TECNOLOGICA DE MEXICO       ,MX,00000-0000,Proprietary  ,0,0,0,17,27,44
01001000,AMERICAN SAMOA CMNTY COLLEGE            ,AS,96799-2609,Public       ,29,21,50,1359,287,1646
01034300,COLLEGE OF MICRONESIA - FSM             ,FM,96941-0159,Public       ,303,113,416,1995,598,2593
01100900,PALAU COMMUNITY COLLEGE                 ,PW,96940-0009,Public       ,26,28,54,703,291,994
03022400,COLLEGE OF THE MARSHALL ISLANDS         ,MH,96960-1258,Public       ,60,25,85,609,294,903
03033000,NORTHERN MARIANAS COLLEGE               ,MP,96950-0000,Public       ,39,45,84,336,268,604
