OPE ID,School,State,Zip Code,School Type,20082009Qtr3_Dependent Students,20082009Qtr3_Independent Students,Quarterly Total,YTD_20082009Qtr3_Dependent Students,YTD_20082009Qtr3_Independent Students,Award Year To Date Total
00100200,ALABAMA AGRCLTL & MECHL UNIV            ,AL,35762-1357,Public       ,1019,884,1903,5107,2552,7659
00100300,FAULKNER UNIVERSITY                     ,AL,36109-3398,Private      ,298,994,1292,1266,2955,4221
00100400,UNIVERSITY OF MONTEVALLO                ,AL,35115-6000,Public       ,327,289,616,1711,963,2674
00100500,ALABAMA STATE UNIVERSITY                ,AL,36101-0000,Public       ,1300,1239,2539,7258,3638,10896
00100700,CENTRAL ALABAMA COMMUNITY COLLEGE       ,AL,35011-0000,Public       ,373,667,1040,906,1350,2256
00100800,ATHENS STATE UNIVERSITY                 ,AL,35611-1999,Public       ,146,743,889,520,2321,2841
00100900,AUBURN UNIVERSITY                       ,AL,36849-5113,Public       ,1544,963,2507,12669,4410,17079
00101200,BIRMINGHAM SOUTHERN COLLEGE             ,AL,35254-0002,Private      ,156,69,225,1503,230,1733
00101300,CALHOUN COMMUNITY COLLEGE               ,AL,35609-2216,Public       ,970,1521,2491,3095,4487,7582
00101500,ENTERPRISE-OZARK COMMUNITY COLLEGE      ,AL,36331-1300,Public       ,305,459,764,885,1122,2007
00101600,UNIVERSITY OF NORTH ALABAMA             ,AL,35632-0001,Public       ,670,649,1319,3393,1916,5309
00101700,GADSDEN STATE COMMUNITY COLLEGE         ,AL,35903-2269,Public       ,720,1423,2143,2115,3300,5415
00101800,GEORGE C WALLACE COMMUNITY COLLEGE      ,AL,36303-0943,Public       ,542,984,1526,1303,2417,3720
00101900,HUNTINGDON COLLEGE                      ,AL,36106-2148,Private      ,160,137,297,1003,368,1371
00102000,JACKSONVILLE STATE UNIVERSITY           ,AL,36265-1602,Public       ,1117,1396,2513,5251,4021,9272
00102100,JEFFERSON DAVIS COMMUNITY COLLEGE       ,AL,36427-2790,Public       ,152,272,424,390,622,1012
00102200,JEFFERSON STATE COMMUNITY COLLEGE       ,AL,35215-3098,Public       ,840,1414,2254,2612,4366,6978
00102300,JUDSON COLLEGE                          ,AL,36756-2504,Private      ,35,37,72,292,100,392
00102400,UNIVERSITY OF WEST ALABAMA              ,AL,35470-0000,Public       ,385,1437,1822,1595,3589,5184
00102600,MARION MILITARY INSTITUTE               ,AL,36756-3214,Public       ,152,18,170,430,34,464
00102800,MILES COLLEGE                           ,AL,35064-2697,Private      ,666,458,1124,2175,1098,3273
00102900,UNIVERSITY OF MOBILE                    ,AL,36663-0220,Private      ,171,423,594,1197,1291,2488
00103000,BISHOP STATE COMMUNITY COLLEGE          ,AL,36603-5898,Public       ,461,1107,1568,1208,2580,3788
00103001,BISHOP STATE COMM COLG-CARVER CMPS      ,AL,36617-0000,Public       ,41,90,131,94,208,302
00103002,BISHOP STAT COMM CLG-SW CMPS            ,AL,36605-0000,Public       ,17,43,60,61,112,173
00103100,NORTHEAST ALABAMA STATE CMNTY COLG      ,AL,35986-0159,Public       ,357,660,1017,920,1329,2249
00103300,OAKWOOD COLLEGE                         ,AL,35896-0001,Private      ,437,188,625,1663,589,2252
00103400,ALABAMA SOUTHERN COMMUNITY COLLEGE      ,AL,36460-5698,Public       ,280,350,630,736,761,1497
00103600,SAMFORD UNIVERSITY                      ,AL,35229-7000,Private      ,185,303,488,2529,2152,4681
00103700,SELMA UNIVERSITY                        ,AL,36701-0000,Private      ,0,1,1,0,1,1
00103800,SNEAD STATE COMMUNITY COLLEGE           ,AL,35957-0734,Public       ,201,412,613,799,1212,2011
00104000,SOUTHERN UNION STATE COMMUNITY CLG      ,AL,36276-0000,Public       ,698,794,1492,2137,2003,4140
00104100,SPRING HILL COLLEGE                     ,AL,36608-1791,Private      ,97,123,220,1593,441,2034
00104400,STILLMAN COLLEGE                        ,AL,35403-1430,Private      ,245,98,343,1943,364,2307
00104600,TALLADEGA COLLEGE                       ,AL,35160-2354,Private      ,155,90,245,516,222,738
00104700,TROY STATE UNIVERSITY                   ,AL,36082-0001,Public       ,1357,6206,7563,6217,18100,24317
00105000,TUSKEGEE UNIVERSITY                     ,AL,36088-1645,Private      ,375,154,529,4464,950,5414
00105100,UNIVERSITY OF ALABAMA (THE)             ,AL,35487-0120,Public       ,1881,1499,3380,13401,6476,19877
00105200,UNIVERSITY OF ALABAMA AT BIRMINGHAM     ,AL,35294-1150,Public       ,1093,1832,2925,6364,7496,13860
00105500,UNIVERSITY OF ALABAMA IN HUNTSVILLE     ,AL,35899-0001,Public       ,628,831,1459,3436,2669,6105
00105700,UNIVERSITY OF SOUTH ALABAMA             ,AL,36688-0002,Public       ,1316,1967,3283,5580,6830,12410
00105900,LAWSON STATE COMMUNITY COLLEGE          ,AL,35221-1798,Public       ,881,1195,2076,1743,2560,4303
00105901,LAWSON STATE COMMUNITY COLLEGE - BESSEME,AL,35021-0308,Public       ,124,235,359,305,584,889
00106000,FAULKNER STATE COMMUNITY COLLEGE        ,AL,36507-2698,Public       ,580,718,1298,1757,1859,3616
00526000,J.F. DRAKE STATE TECH COLLEGE           ,AL,35811-1584,Public       ,125,430,555,294,889,1183
00569100,SHELTON STATE COMMUNITY CLG             ,AL,35405-4017,Public       ,960,1004,1964,2625,2265,4890
00569200,REID STATE TECHNICAL COLLEGE            ,AL,36401-0000,Public       ,144,278,422,242,452,694
00569700,NORTHWEST- SHOALS COMMUNITY COLLEGE     ,AL,35661-0000,Public       ,542,654,1196,1454,1600,3054
00569702,NORTHWEST-SHOALS C.C.-PHIL CAMPBELL     ,AL,35581-0000,Public       ,44,53,97,176,148,324
00569900,GEORGE C WALLACE STATE CMTY COLLEGE     ,AL,36703-0000,Public       ,427,689,1116,883,1286,2169
00573300,BEVILL STATE CMTY COLLEGE-WALKER        ,AL,35148-0000,Public       ,406,689,1095,998,1516,2514
00573301,BEVILL STATE COMMUNITY COLLEGE - FAYETTE,AL,35555-0000,Public       ,102,177,279,376,465,841
00573302,BEVILL STATE CMTY CLG-HAMILTON CAMP     ,AL,35570-0000,Public       ,45,79,124,137,213,350
00573305,BEVILL STATE CMTY CLG-WALKER CLG        ,AL,35501-0000,Public       ,86,144,230,277,342,619
00573400,H. COUNCILL TRENHOLM STATE TECH COLLEGE ,AL,36108-0020,Public       ,259,577,836,450,1098,1548
00573401,H. C. TRENHOLM ST TECH COL-PATTERSON CAM,AL,36116-2612,Public       ,99,175,274,213,401,614
00787100,GEORGE C WALLACE STATE CMTY CLG         ,AL,35077-2000,Public       ,750,1209,1959,2146,2886,5032
00831000,AUBURN UNIVERSITY-MONTGOMERY            ,AL,36124-0000,Public       ,588,1086,1674,2561,3231,5792
00898800,LURLEEN B WALLACE COMMUNITY COLLEGE     ,AL,36420-0418,Public       ,248,401,649,620,858,1478
01019300,HERZING COLLEGE                         ,AL,35209-4816,Proprietary  ,42,237,279,115,624,739
01055400,CONCORDIA COLLEGE                       ,AL,36701-3323,Private      ,151,125,276,474,344,818
01218200,CHATTAHOOCHEE VALLEY CMTY CLG           ,AL,36869-7917,Public       ,244,552,796,615,1235,1850
01303906,SOUTH UNIVERSITY - MONTGOMERY           ,AL,36116-1120,Proprietary  ,76,305,381,182,721,903
02170600,UNITED STATES SPORTS ACADEMY            ,AL,36526-7055,Private      ,6,238,244,28,573,601
02199700,HERITAGE CHRISTIAN UNIVERSITY           ,AL,35630-0000,Private      ,4,27,31,12,53,65
02270400,SOUTHEASTERN BIBLE COLLEGE              ,AL,35244-2083,Private      ,32,56,88,94,138,232
02296000,PRINCE INSTITUTE OF PROFESSIONAL STUDIES,AL,36117-0000,Proprietary  ,6,42,48,19,102,121
02341000,FORTIS COLLEGE                          ,AL,36609-0000,Proprietary  ,102,268,370,269,709,978
02341002,CAPPS COLLEGE - MONTGOMERY              ,AL,36109-3624,Proprietary  ,8,30,38,23,92,115
02341004,FORTIS COLLEGE - SCHOOL OF COSMETOLOGY  ,AL,36609-1981,Proprietary  ,13,16,29,17,35,52
02503400,AMRIDGE UNIVERSITY                      ,AL,36124-0000,Private      ,13,339,352,21,704,725
02605500,REMINGTON COLLEGE - MOBILE CAMPUS       ,AL,36609-5593,Proprietary  ,167,584,751,321,1365,1686
03010600,VIRGINIA COLLEGE                        ,AL,35209-5154,Proprietary  ,609,4737,5346,1316,12156,13472
03010602,VIRGINIA COLLEGE - HUNTSVILLE           ,AL,35805-0000,Proprietary  ,21,137,158,88,353,441
03010605,VA COLG TECHNICAL AT PELHAM             ,AL,35124-0000,Proprietary  ,0,0,0,2,7,9
03010607,VIRGINIA COLLEGE - MOBILE               ,AL,36606-4748,Proprietary  ,24,83,107,49,260,309
03010616,VIRGINIA COLLEGE - MONTGOMERY           ,AL,36117-2802,Proprietary  ,45,208,253,80,376,456
03032500,ALABAMA STATE CLG BARBER STYLING        ,AL,35215-8308,Proprietary  ,3,11,14,20,34,54
03361400,FORTIS COLLEGE                          ,AL,36535-3547,Proprietary  ,15,88,103,38,213,251
03459300,SOUTHEASTERN SCHOOL OF COSMETOLOGY      ,AL,35228-0000,Private      ,13,55,68,22,104,126
03783300,BLUE CLIFF CAREER COLLEGE               ,AL,63306-4749,Proprietary  ,29,91,120,47,164,211
03894300,HUNTSVILLE BIBLE COLLEGE                ,AL,35811-0000,Private      ,0,19,19,6,44,50
04067300,SELMA UNIVERSITY                        ,AL,36701-0000,Private      ,2,47,49,14,79,93
04116500,MIMI'S BEAUTY ACADEMY OF COSMETOLOGY    ,AL,35810-3453,Proprietary  ,1,16,17,10,35,45
04121500,COLUMBIA SOUTHERN UNIVERSITY            ,AL,36561-3815,Proprietary  ,39,932,971,55,1396,1451
04125200,TONI LOVE'S COSMETOLOGY TRAINING CENTER ,AL,35474-0005,Proprietary  ,0,1,1,2,18,20
00111100,ALLAN HANCOCK COLLEGE                   ,CA,93454-6399,Public       ,581,867,1448,2504,2790,5294
00111300,ANTELOPE VALLEY COLLEGE                 ,CA,93536-5426,Public       ,1229,2308,3537,3615,5654,9269
00111600,ART CENTER COLLEGE OF DESIGN            ,CA,91103-1999,Private      ,113,151,264,1103,1121,2224
00111700,AZUSA PACIFIC UNIVERSITY                ,CA,91702-7000,Private      ,340,1498,1838,5671,4844,10515
00111800,BAKERSFIELD COLLEGE                     ,CA,93305-1299,Public       ,977,1801,2778,6246,6515,12761
00111900,BARSTOW COMMUNITY COLLEGE               ,CA,92311-6608,Public       ,239,1010,1249,427,1874,2301
00112000,AMER BAPT SEM OF THE WEST-BERKELEY      ,CA,94704-0000,Private      ,0,13,13,2,44,46
00112100,BETHANY UNIVERSITY /  ASSEMBLIES OF GOD ,CA,95066-2896,Private      ,35,85,120,413,314,727
00112200,BIOLA UNIVERSITY                        ,CA,90639-0001,Private      ,234,376,610,4545,1780,6325
00112300,BROOKS INSTITUTE                        ,CA,93103-1809,Proprietary  ,207,124,331,1209,636,1845
00112400,CABRILLO COLLEGE                        ,CA,95003-3194,Public       ,598,969,1567,2629,3211,5840
00112500,CALIFORNIA BAPTIST UNIVERSITY           ,CA,92504-3297,Private      ,193,702,895,3119,2209,5328
00112700,CALIFORNIA COLLEGE OF THE ARTS          ,CA,94107-2206,Private      ,73,90,163,1495,1286,2781
00113100,CALIFORNIA INSTITUTE OF TECHNOLOGY      ,CA,91125-0001,Private      ,56,31,87,2455,338,2793
00113200,CALIFORNIA INSTITUTE OF THE ARTS        ,CA,91355-2397,Private      ,40,40,80,1423,1182,2605
00113300,CALIFORNIA LUTHERAN UNIVERSITY          ,CA,91360-2787,Private      ,125,339,464,2599,1212,3811
00113400,CALIFORNIA MARITIME ACADEMY             ,CA,94590-8181,Public       ,42,25,67,587,198,785
00113700,CALIF STATE UNIV-FULLERTON              ,CA,92831-3599,Public       ,1439,2199,3638,29681,13135,42816
00113800,"CALIFORNIA STATE UNIVERSITY, EAST BAY   ",CA,94542-3000,Public       ,485,1311,1796,7419,7762,15181
00113900,CALIF STATE UNIV-LONG BEACH             ,CA,90840-0006,Public       ,1001,1669,2670,35006,15332,50338
00114000,CALIF STATE UNIV-LOS ANGELES            ,CA,90032-4226,Public       ,783,1883,2666,19517,13850,33367
00114100,"CALIF STATE UNIV, DOMINGUEZ HILLS       ",CA,90747-0001,Public       ,486,1816,2302,9226,8518,17744
00114200,CALIF STATE UNIV SAN BERNARDINO         ,CA,92407-2397,Public       ,929,2068,2997,12701,10181,22882
00114300,CAL POLY STATE UNIVERSITY               ,CA,93407-0001,Public       ,852,473,1325,24307,3159,27466
00114400,CALIF STATE POLYTECHNIC UNIV POMONA     ,CA,91768-2500,Public       ,903,985,1888,20023,6556,26579
00114600,CALIF STATE UNIV - CHICO                ,CA,95929-0001,Public       ,831,847,1678,13257,5218,18475
00114700,CALIF STATE UNIV - FRESNO               ,CA,93740-8026,Public       ,894,1510,2404,16602,9244,25846
00114900,HUMBOLDT STATE UNIVERSITY               ,CA,95521-8299,Public       ,374,476,850,8062,3571,11633
00115000,CALIF STATE UNIV-SACRAMENTO             ,CA,95819-6044,Public       ,868,1715,2583,19300,13423,32723
00115100,SAN DIEGO STATE UNIVERSITY              ,CA,92182-1690,Public       ,1870,1994,3864,36092,13819,49911
00115300,CALIF STATE UNIV-NORTHRIDGE             ,CA,91330-8307,Public       ,1278,2110,3388,25987,14693,40680
00115400,SAN FRANCISCO STATE UNIVERSITY          ,CA,94132-1740,Public       ,931,1638,2569,24997,14874,39871
00115500,SAN JOSE STATE UNIVERSITY               ,CA,95192-0036,Public       ,985,1728,2713,21739,12467,34206
00115600,SONOMA STATE UNIVERSITY                 ,CA,94928-3609,Public       ,278,360,638,7770,2795,10565
00115700,CALIF STATE UNIV-STANISLAUS             ,CA,95382-0299,Public       ,342,760,1102,6131,4588,10719
00115800,UNITED STATES INTERNATIONAL UNIV        ,CA,92131-1799,Private      ,0,0,0,5,135,140
00116100,CERRITOS COLLEGE                        ,CA,90650-6296,Public       ,1966,2129,4095,8112,6080,14192
00116200,CHABOT COLLEGE                          ,CA,94545-2400,Public       ,753,1131,1884,3104,3692,6796
00116300,CHAFFEY COLLEGE                         ,CA,91737-9400,Public       ,1427,2051,3478,6266,7469,13735
00116400,CHAPMAN UNIVERSITY                      ,CA,92866-1099,Private      ,351,2269,2620,5668,7334,13002
00116453,CHAPMAN UNIVERSITY SCHOOL OF LAW        ,CA,92866-0000,Private      ,3,101,104,113,1845,1958
00116500,CHURCH DIV SCH OF THE PACIFIC           ,CA,94709-0000,Private      ,0,4,4,0,70,70
00116600,CITRUS COLLEGE                          ,CA,91741-1899,Public       ,1128,1142,2270,4373,3208,7581
00116900,CLAREMONT GRADUATE UNIVERSITY           ,CA,91711-0000,Private      ,0,283,283,11,1572,1583
00117000,CLAREMONT MCKENNA COLLEGE               ,CA,91711-6400,Private      ,27,10,37,2578,76,2654
00117100,HARVEY MUDD COLLEGE                     ,CA,91711-5990,Private      ,9,3,12,1766,20,1786
00117200,PITZER COLLEGE                          ,CA,91711-6101,Private      ,18,12,30,2540,117,2657
00117300,POMONA COLLEGE                          ,CA,91711-6301,Private      ,48,10,58,3885,68,3953
00117400,SCRIPPS COLLEGE                         ,CA,91711-3948,Private      ,36,2,38,1464,39,1503
00117600,WEST HILLS COMMUNITY COLLEGE            ,CA,93210-1399,Public       ,188,336,524,1030,980,2010
00117700,COGSWELL POLYTECHNICAL COLLEGE          ,CA,94089-1210,Private      ,12,13,25,128,49,177
00117800,COLLEGE OF MARIN                        ,CA,94904-2590,Public       ,169,403,572,550,1151,1701
00117801,COLG OF MARIN-INDIAN VALLEY CMPS        ,CA,94949-0000,Public       ,4,17,21,15,50,65
00117900,NOTRE DAME DE NAMUR UNIVERSITY          ,CA,94002-1997,Private      ,82,192,274,755,679,1434
00118100,COLLEGE OF SAN MATEO                    ,CA,94402-3784,Public       ,288,440,728,1356,1354,2710
00118200,COLLEGE OF THE DESERT                   ,CA,92260-9305,Public       ,668,924,1592,2709,2636,5345
00118300,HOLY NAMES UNIVERSITY                   ,CA,94619-1699,Private      ,54,170,224,575,591,1166
00118500,COLLEGE OF THE REDWOODS                 ,CA,95501-9300,Public       ,440,968,1408,1964,2958,4922
00118600,COLLEGE OF THE SEQUOIAS                 ,CA,93277-2234,Public       ,756,1391,2147,4128,4711,8839
00118700,COLLEGE OF THE SISKIYOUS                ,CA,96094-2899,Public       ,174,289,463,781,804,1585
00118701,COLLEGE OF THE SISKIYOUS - YREKA CENTER ,CA,96097-9538,Public       ,8,26,34,32,59,91
00119000,CONTRA COSTA COLLEGE                    ,CA,94806-3195,Public       ,338,666,1004,1259,1895,3154
00119100,DIABLO VALLEY COLLEGE                   ,CA,94523-1544,Public       ,655,868,1523,2888,2694,5582
00119200,CUESTA COLLEGE                          ,CA,93403-8106,Public       ,482,737,1219,2559,2122,4681
00119300,CYPRESS COLLEGE                         ,CA,90630-5897,Public       ,871,1310,2181,3768,3767,7535
00119600,DOMINICAN UNIVERSITY OF CALIFORNIA      ,CA,94901-2298,Private      ,69,191,260,2069,1020,3089
00119700,EL CAMINO COLLEGE                       ,CA,90506-0002,Public       ,1539,1813,3352,6465,5692,12157
00119701,COMPTON COMMUNITY COLLEGE               ,CA,90221-5393,Public       ,375,981,1356,875,1963,2838
00119900,FOOTHILL COLLEGE                        ,CA,94022-4597,Public       ,275,556,831,1235,1759,2994
00120000,FULLER THEOLOGICAL SEMINARY             ,CA,91182-0000,Private      ,2,206,208,5,1910,1915
00120100,FULLERTON COLLEGE                       ,CA,92832-2095,Public       ,1238,1363,2601,5798,3827,9625
00120200,GAVILAN COLLEGE                         ,CA,95020-9599,Public       ,315,497,812,1038,1245,2283
00120300,GLENDALE COMMUNITY COLLEGE              ,CA,91208-2894,Public       ,1343,1526,2869,5007,4422,9429
00120400,GOLDEN GATE BAPT THEOL SEMINARY         ,CA,94941-0000,Private      ,0,12,12,1,51,52
00120500,GOLDEN GATE UNIVERSITY                  ,CA,94105-2967,Private      ,12,488,500,62,3028,3090
00120600,GOLDEN WEST COLLEGE                     ,CA,92647-2748,Public       ,818,1110,1928,4128,3548,7676
00120700,GRADUATE THEOLOGICAL UNION              ,CA,94709-0000,Private      ,0,23,23,1,343,344
00120800,GROSSMONT COLLEGE                       ,CA,92020-1798,Public       ,1252,1735,2987,4460,4466,8926
00120900,HARTNELL COMMUNITY COLLEGE              ,CA,93901-1697,Public       ,732,783,1515,1918,1742,3660
00121200,HUMPHREYS COLLEGE                       ,CA,95207-3896,Private      ,28,191,219,157,737,894
00121400,IMPERIAL VALLEY COLLEGE                 ,CA,92251-9787,Public       ,1125,1301,2426,3386,2687,6073
00121500,LA SIERRA UNIVERSITY                    ,CA,92515-3332,Private      ,236,201,437,1531,665,2196
00121600,UNIVERSITY OF LA VERNE                  ,CA,91750-4443,Private      ,141,1331,1472,2265,5388,7653
00121700,LASSEN COLLEGE                          ,CA,96130-3000,Public       ,112,211,323,332,505,837
00121800,LOMA LINDA UNIVERSITY                   ,CA,92350-0001,Private      ,81,463,544,672,4282,4954
00121900,LONG BEACH CITY COLLEGE                 ,CA,90808-1780,Public       ,1816,3066,4882,7863,8783,16646
00122000,MASTER'S COLLEGE & SEMINARY (THE)       ,CA,91321-1200,Private      ,50,59,109,1008,294,1302
00122300,LOS ANGELES CITY COLLEGE                ,CA,90029-3588,Public       ,979,2034,3013,3819,6309,10128
00122400,LOS ANGELES HARBOR COLLEGE              ,CA,90744-2397,Public       ,573,819,1392,1985,2540,4525
00122600,LOS ANGELES PIERCE COLLEGE              ,CA,91371-0001,Public       ,1117,1200,2317,5275,3964,9239
00122700,LOS ANGELES TRADE TECH COLLEGE          ,CA,90015-4181,Public       ,687,1901,2588,2568,4929,7497
00122800,LOS ANGELES VALLEY COLLEGE              ,CA,91401-4096,Public       ,928,1358,2286,3931,4364,8295
00122900,SO CA UNIV  HEALTH SCIENCES             ,CA,90604-4051,Private      ,4,48,52,14,471,485
00123000,SOUTHERN CA COLLEGE OF OPTOMETRY        ,CA,92831-1699,Private      ,1,4,5,12,455,467
00123200,AMERICAN RIVER COLLEGE                  ,CA,95841-4286,Public       ,1322,3113,4435,6591,10995,17586
00123300,SACRAMENTO CITY COLLEGE                 ,CA,95822-1386,Public       ,1189,2432,3621,7117,8352,15469
00123600,MENLO COLLEGE                           ,CA,94027-4301,Private      ,38,39,77,720,127,847
00123700,MERCED COMMUNITY COLLEGE                ,CA,95348-2898,Public       ,752,1062,1814,3958,3696,7654
00123800,MILLS COLLEGE                           ,CA,94613-1301,Private      ,39,106,145,1337,1188,2525
00123900,MIRACOSTA COLLEGE                       ,CA,92056-3899,Public       ,440,776,1216,1639,2226,3865
00124000,MODESTO JUNIOR COLLEGE                  ,CA,95350-5800,Public       ,1100,1831,2931,6196,6861,13057
00124200,MONTEREY PENINSULA COLLEGE              ,CA,93940-4799,Public       ,289,446,735,1171,1314,2485
00124300,MOUNT ST MARYS COLLEGE                  ,CA,90049-1599,Private      ,47,261,308,1893,1431,3324
00124500,MT. SAN ANTONIO COLLEGE                 ,CA,91789-1399,Public       ,2119,2277,4396,9472,6715,16187
00124600,MT SAN JACINTO COLLEGE                  ,CA,92583-2399,Public       ,1152,1871,3023,3906,5444,9350
00124700,NAPA VALLEY COLLEGE                     ,CA,94558-6236,Public       ,284,493,777,1193,1424,2617
00124900,OCCIDENTAL COLLEGE                      ,CA,90041-3314,Private      ,27,29,56,3994,157,4151
00125000,ORANGE COAST COLLEGE - FIN AID OFF      ,CA,92628-5005,Public       ,1268,1517,2785,7111,4666,11777
00125100,OTIS COLLEGE OF ART AND DESIGN          ,CA,90045-3505,Private      ,67,58,125,1401,533,1934
00125200,HOPE INTERNATIONAL UNIVERSITY           ,CA,92631-0000,Private      ,79,134,213,525,503,1028
00125300,FRESNO PACIFIC UNIVERSITY               ,CA,93702-4798,Private      ,115,434,549,1385,1520,2905
00125302,FRESNO PACIFIC UNIVERSITY - VISALIA CENT,CA,93277-8341,Private      ,4,39,43,24,173,197
00125303,FRESNO PACIFIC UNIVERSITY - BAKERSFIELD ,CA,93301-4533,Private      ,6,48,54,33,167,200
00125400,PACIFIC LUTHERAN THEOLOGICAL SEM        ,CA,94708-0000,Private      ,0,5,5,2,90,92
00125500,PACIFIC OAKS COLLEGE                    ,CA,91103-3592,Private      ,2,90,92,14,659,673
00125600,PACIFIC SCHOOL OF RELIGION              ,CA,94709-0000,Private      ,0,16,16,1,170,171
00125800,PACIFIC UNION COLLEGE                   ,CA,94508-9797,Private      ,289,120,409,1227,353,1580
00125900,PALO VERDE COLLEGE                      ,CA,92225-0000,Public       ,69,206,275,170,358,528
00126000,PALOMAR COLLEGE                         ,CA,92069-1486,Public       ,1064,1436,2500,4522,4142,8664
00126100,PASADENA CITY COLLEGE                   ,CA,91106-2003,Public       ,1998,1774,3772,10218,5892,16110
00126200,POINT LOMA NAZARENE UNIVERSITY          ,CA,92106-2899,Private      ,138,407,545,3029,1049,4078
00126600,LANEY COLLEGE                           ,CA,94607-4893,Public       ,576,1434,2010,2358,4318,6676
00126700,MERRITT COLLEGE                         ,CA,94619-3196,Public       ,310,872,1182,1066,2488,3554
00126800,PORTERVILLE COLLEGE                     ,CA,93257-6059,Public       ,246,522,768,1322,1640,2962
00126900,RIO HONDO COLLEGE                       ,CA,90601-1699,Public       ,1031,1198,2229,4772,3498,8270
00127000,RIVERSIDE COMMUNITY COLLEGE             ,CA,92506-1299,Public       ,3373,4708,8081,12272,13352,25624
00127200,SAN BERNARDINO VALLEY COLLEGE           ,CA,92410-2798,Public       ,978,2338,3316,3646,6496,10142
00127300,SAN DIEGO CITY COLLEGE                  ,CA,92101-4787,Public       ,1203,2734,3937,4531,7234,11765
00127500,SAN DIEGO MESA COLLEGE                  ,CA,92111-4996,Public       ,1356,2112,3468,5230,5470,10700
00127800,SAN FRANCISCO CONSERVATORY OF MUSIC     ,CA,94122-4498,Private      ,10,12,22,239,317,556
00127900,SAN FRANCISCO THEOLOGICAL SEMINARY      ,CA,94960-0000,Private      ,0,17,17,0,75,75
00128000,SAN JOAQUIN DELTA COLLEGE               ,CA,95207-6370,Public       ,1429,2512,3941,6290,7648,13938
00128100,WILLIAM JESSUP UNIVERSITY               ,CA,95765-3707,Private      ,47,65,112,445,239,684
00128200,SAN JOSE CITY COLLEGE                   ,CA,95128-2797,Public       ,550,1124,1674,2298,3286,5584
00128400,SANTA ANA COLLEGE                       ,CA,92706-3398,Public       ,880,1386,2266,3955,3500,7455
00128500,SANTA BARBARA CITY COLLEGE              ,CA,93109-2394,Public       ,838,821,1659,4042,2675,6717
00128600,SANTA MONICA COLLEGE                    ,CA,90405-1644,Public       ,1709,1564,3273,8764,5101,13865
00128700,SANTA ROSA JUNIOR COLLEGE               ,CA,95401-4395,Public       ,624,1255,1879,3360,3940,7300
00128800,CLAREMONT SCHOOL OF THEOLOGY            ,CA,91711-0000,Private      ,0,25,25,5,156,161
00128900,SHASTA COLLEGE                          ,CA,96049-7692,Public       ,554,1177,1731,2897,3679,6576
00129000,SIERRA COLLEGE                          ,CA,95677-3397,Public       ,902,1373,2275,4170,4849,9019
00129100,SIMPSON UNIVERSITY                      ,CA,96003-8606,Private      ,63,144,207,1092,715,1807
00129200,SOLANO COMMUNITY COLLEGE                ,CA,94534-3197,Public       ,543,1130,1673,2047,3519,5566
00129300,VANGUARD UNIVERSITY OF SOUTHERN CA      ,CA,92626-6597,Private      ,140,192,332,1883,751,2634
00129400,SOUTHWESTERN COLLEGE                    ,CA,91910-7299,Public       ,1248,1344,2592,5786,4164,9950
00129500,SOUTHWESTERN LAW SCHOOL                 ,CA,90010-1106,Private      ,4,123,127,19,2532,2551
00129600,DOMINICAN SCH PHILOSOPHY & THEOLOGY     ,CA,94709-0000,Private      ,0,9,9,3,27,30
00129900,ST JOHN'S SEMINARY COLLEGE              ,CA,93010-0000,Private      ,0,0,0,0,2,2
00130200,SAINT MARY'S COLLEGE OF CALIFORNIA      ,CA,94556-2744,Private      ,125,243,368,3468,1126,4594
00130500,STANFORD UNIVERSITY                     ,CA,94305-6106,Private      ,341,287,628,16435,2921,19356
00130501,STANFORD UNIV SCHOOL OF MEDICINE        ,CA,94305-5404,Private      ,10,75,85,88,689,777
00130502,STANFORD UNIV GRAD SCH OF BUS           ,CA,94305-5015,Private      ,1,104,105,52,999,1051
00130503,STANFORD UNIV LAW SCHOOL                ,CA,94305-8610,Private      ,3,50,53,42,2105,2147
00130700,FRESNO CITY COLLEGE                     ,CA,93741-0002,Public       ,1502,3027,4529,10619,10514,21133
00130800,REEDLEY COLLEGE                         ,CA,93654-2099,Public       ,706,1186,1892,4114,3586,7700
00130900,TAFT COLLEGE                            ,CA,93268-2317,Public       ,176,259,435,627,653,1280
00131200,UNIVERSITY OF CALIFORNIA-BERKELEY       ,CA,94720-1520,Public       ,757,1072,1829,43551,16559,60110
00131300,UNIVERSITY OF CALIFORNIA-DAVIS          ,CA,95616-8558,Public       ,826,757,1583,39403,11518,50921
00131400,UNIVERSITY OF CALIFORNIA-IRVINE         ,CA,92697-2825,Public       ,672,695,1367,40833,8040,48873
00131500,UNIVERSITY OF CALIFORNIA (UCLA)         ,CA,90095-9000,Public       ,998,2068,3066,52498,21947,74445
00131502,UNIV OF CALIFORNIA LOS ANG SCH MED      ,CA,90095-0000,Public       ,15,26,41,165,770,935
00131503,UNIV OF CALIFORNIA LOS ANG DENTAL       ,CA,90095-0000,Public       ,2,5,7,26,118,144
00131600,UNIVERSITY OF CALIFORNIA-RIVERSIDE      ,CA,92521-0209,Public       ,637,1063,1700,24720,5375,30095
00131700,UNIVERSITY OF CALIFORNIA-SAN DIEGO      ,CA,92093-0013,Public       ,549,512,1061,38604,7289,45893
00131900,UNIVERSITY OF CALIFORNIA-SFRANCISCO     ,CA,94143-0246,Public       ,35,244,279,571,3066,3637
00132000,UNIVERSITY OF CALIFORNIA-SANTA BARB     ,CA,93106-3180,Public       ,553,325,878,38493,5364,43857
00132100,UNIVERSITY OF CALIFORNIA-SANTA CRUZ     ,CA,95064-0001,Public       ,438,259,697,24324,3184,27508
00132200,UNIVERSITY OF REDLANDS                  ,CA,92373-0999,Private      ,121,571,692,3800,1900,5700
00132500,UNIVERSITY OF SAN FRANCISCO             ,CA,94117-1080,Private      ,186,663,849,7169,6247,13416
00132600,SANTA CLARA UNIVERSITY                  ,CA,95053-4956,Private      ,210,434,644,7261,3854,11115
00132800,UNIVERSITY OF SOUTHERN CALIFORNIA       ,CA,90089-0914,Private      ,597,1173,1770,26267,17887,44154
00132900,UNIVERSITY OF THE PACIFIC               ,CA,95211-0197,Private      ,245,182,427,5333,2477,7810
00132901,UNIV OF THE PACIFIC MCGEORGE LAW        ,CA,95817-0000,Private      ,2,80,82,11,2242,2253
00132902,UNIV OF THE PACIFIC SCH OF DENT         ,CA,94115-0000,Private      ,1,14,15,18,526,544
00133400,VENTURA COLLEGE                         ,CA,93003-3899,Public       ,985,803,1788,3526,2515,6041
00133500,VICTOR VALLEY COLLEGE                   ,CA,92395-5849,Public       ,1358,2760,4118,3539,6251,9790
00133800,WEST VALLEY COLLEGE                     ,CA,95070-5697,Public       ,360,522,882,1399,1483,2882
00134100,WESTMONT COLLEGE                        ,CA,93108-1099,Private      ,72,12,84,2037,52,2089
00134200,WHITTIER COLLEGE                        ,CA,90601-4413,Private      ,132,78,210,2048,283,2331
00134201,WHITTIER LAW SCHOOL                     ,CA,92626-0000,Private      ,2,75,77,5,1142,1147
00134300,WOODBURY UNIVERSITY                     ,CA,91510-7846,Private      ,116,212,328,1011,734,1745
00134400,YUBA COLLEGE                            ,CA,95901-7699,Public       ,660,1235,1895,2792,4087,6879
00177212,TRINITY INTERNATIONAL UNIV-CA           ,CA,92705-0000,Private      ,1,59,60,4,181,185
00274100,AMERICAN JEWISH UNIVERSITY              ,CA,90077-1599,Private      ,6,14,20,80,126,206
00301002,ANTIOCH UNIV/LOS ANGELES                ,CA,90230-7615,Private      ,2,167,169,19,767,786
00301003,ANTIOCH  UNIV/SANTA BARBARA             ,CA,93101-0000,Private      ,16,92,108,339,404,743
00369110,MONTEREY INST OF INTERNATL STUDIES      ,CA,93940-2691,Private      ,2,90,92,25,811,836
00394700,UC-HASTINGS COLLEGE OF THE LAW          ,CA,94102-0000,Public       ,0,43,43,11,3839,3850
00394800,SAN FRANCISCO ART INSTITUTE             ,CA,94133-2299,Private      ,79,82,161,970,800,1770
00405500,HEBREW UNION COLLEGE - JEWISH INSTITUTE ,CA,90007-3796,Private      ,0,2,2,0,86,86
00408000,STARR KING SCHOOL FOR THE MINISTRY      ,CA,94709-1299,Private      ,0,5,5,1,65,66
00448000,DE ANZA COLLEGE                         ,CA,95014-5793,Public       ,1032,947,1979,4406,3156,7562
00448100,OHLONE COLLEGE                          ,CA,94539-5847,Public       ,448,481,929,1653,1404,3057
00448400,JOHN F. KENNEDY UNIVERSITY              ,CA,94523-4817,Private      ,4,334,338,17,1460,1477
00449000,PATTEN UNIVERSITY                       ,CA,94601-2699,Private      ,61,150,211,217,338,555
00449400,EVEREST COLLEGE                         ,CA,92408-3752,Proprietary  ,93,267,360,224,619,843
00450200,CITY COLLEGE OF SAN FRANCISCO           ,CA,94112-0000,Public       ,1366,2620,3986,6007,7475,13482
00563800,DOWNEY ADULT SCHOOL                     ,CA,90241-5610,Public       ,7,9,16,24,52,76
00565500,HACIENDA LA PUENTE ADULT EDUC CTR       ,CA,91746-0000,Public       ,20,162,182,66,294,360
00616500,LA CNTY CLG OF NURSING & ALLD HLTH      ,CA,90033-1018,Public       ,6,68,74,85,294,379
00672000,COLLEGE OF ALAMEDA                      ,CA,94501-2109,Public       ,329,521,850,1277,1533,2810
00673100,CASA LOMA COLLEGE                       ,CA,91405-4523,Private      ,65,139,204,146,344,490
00686300,VENTURA COUNTY CMTY CLG DISTRICT        ,CA,93010-8552,Public       ,5,3,8,24,13,37
00697300,CANADA COLLEGE                          ,CA,94061-1099,Public       ,112,313,425,447,830,1277
00697500,LINCOLN UNIVERSITY                      ,CA,94612-2801,Private      ,2,15,17,7,41,48
00701200,SAMUEL MERRITT COLLEGE                  ,CA,94609-3108,Private      ,26,174,200,247,1781,2028
00704700,LOS ANGELES SOUTHWEST COLLEGE           ,CA,90047-4810,Public       ,579,1554,2133,1579,3906,5485
00705000,BAY VISTA COLLEGE OF BEAUTY             ,CA,91950-3616,Proprietary  ,30,56,86,48,93,141
00711500,MOORPARK COLLEGE                        ,CA,93021-1695,Public       ,510,532,1042,2223,1651,3874
00713000,NEWBERRY SCHOOLS OF BEAUTY              ,CA,91344-7404,Proprietary  ,34,38,72,47,61,108
00714200,LYLE'S COLLEGE OF BEAUTY                ,CA,93710-3948,Proprietary  ,23,84,107,51,106,157
00714201,LYLE'S CLG OF BTY BAKERSFIELD           ,CA,93301-0000,Proprietary  ,6,8,14,38,27,65
00716400,BRYAN COLLEGE                           ,CA,90057-0000,Proprietary  ,29,200,229,72,442,514
00717801,WESTERN SEMINARY - BAY AREA CENTER      ,CA,95032-0000,Private      ,0,4,4,1,12,13
00717804,WESTERN SEMINARY - SACRAMENTO           ,CA,95821-3939,Private      ,2,7,9,9,35,44
00718700,NORTH ADRIAN'S COLLEGE OF BEAUTY        ,CA,95350-2381,Proprietary  ,44,70,114,76,98,174
00719000,WYOTECH                                 ,CA,94539-7663,Proprietary  ,236,356,592,587,894,1481
00719001,WYOTECH - SIERRA CAMPUS                 ,CA,94621-4523,Proprietary  ,12,18,30,66,72,138
00720300,SALON SUCCESS ACADEMY                   ,CA,91786-4060,Proprietary  ,20,22,42,44,53,97
00720400,MODERN BEAUTY ACADEMY                   ,CA,93030-7016,Proprietary  ,12,25,37,17,31,48
00722900,WESTERN BEAUTY INSTITUTE                ,CA,91402-3104,Proprietary  ,66,216,282,155,505,660
00723400,HEALD COLLEGE                           ,CA,94105-2206,Proprietary  ,98,221,319,279,690,969
00723600,ART INST OF CALIFORNIA-LOS ANGELES      ,CA,90405-3035,Proprietary  ,589,546,1135,4569,3141,7710
00725300,FEDERICO BEAUTY INSTITUTE               ,CA,95834-1905,Proprietary  ,51,59,110,113,141,254
00729600,COLEMAN COLLEGE                         ,CA,92123-0000,Private      ,44,143,187,128,446,574
00745600,MARINELLO SCH BTY BUENA PRK             ,CA,90620-0000,Proprietary  ,1,0,1,3,2,5
00746501,AMERICAN ACADEMY OF DRAMATIC ARTS - HOLL,CA,90028-7504,Private      ,19,7,26,165,70,235
00747600,MARINELLO SCHOOLS OF BEAUTY             ,CA,90023-2666,Proprietary  ,263,420,683,609,1227,1836
00747602,MARINELLO SCHOOLS OF BEAUTY - SPA ACADEM,CA,90048-5101,Proprietary  ,6,11,17,37,24,61
00747603,MARINELLO SCHOOLS OF BEAUTY - INGLEWOOD ,CA,90301-2306,Proprietary  ,3,2,5,16,19,35
00747604,MARINELLO SCHOOLS OF BEAUTY - RESEDA    ,CA,91335-4218,Proprietary  ,1,1,2,8,5,13
00747605,MARINELLO SCHOOLS OF BEAUTY - NORTH HOLL,CA,91606-3210,Proprietary  ,3,3,6,14,15,29
00747606,MARINELLO SCHOOLS OF BEAUTY - WEST COVIN,CA,91790-2805,Proprietary  ,4,4,8,16,12,28
00747607,MARINELLO SCHOOLS OF BEAUTY - SAN BERNAR,CA,92410-3261,Proprietary  ,3,6,9,26,34,60
00747608,MARINELLO SCHOOLS OF BEAUTY - ONTARIO   ,CA,91762-2113,Proprietary  ,3,12,15,22,38,60
00747609,MARINELLO SCHOOLS OF BEAUTY - WHITTIER  ,CA,90601-4107,Proprietary  ,0,2,2,16,6,22
00747611,MARINELLO SCHOOLS OF BEAUTY - SAN DIEGO ,CA,92126-4217,Proprietary  ,3,15,18,27,41,68
00747700,"HEALD COLLEGE,SCHOOLS OF BUS & TECH     ",CA,95670-6005,Proprietary  ,103,260,363,272,851,1123
00753100,ACADEMY OF ART UNIVERSITY               ,CA,94105-3410,Proprietary  ,1063,2433,3496,5079,7597,12676
00753600,COSUMNES RIVER COLLEGE                  ,CA,95823-5799,Public       ,681,1125,1806,3910,3944,7854
00754802,WESTWOOD COLLEGE OF TECHNOLOGY          ,CA,92801-0000,Proprietary  ,206,144,350,831,498,1329
00754803,WESTWOOD COLLEGE OF TECHNOLOGY          ,CA,91786-0000,Proprietary  ,167,151,318,876,672,1548
00760600,EVEREST COLLEGE                         ,CA,90010-2221,Proprietary  ,67,202,269,210,486,696
00760700,CONCORDE CAREER INSTITUTE               ,CA,91606-3134,Proprietary  ,105,151,256,227,406,633
00770700,COLUMBIA COLLEGE                        ,CA,95370-8580,Public       ,148,267,415,673,716,1389
00771300,SKYLINE COLLEGE                         ,CA,94066-1698,Public       ,417,498,915,1570,1436,3006
00793000,CONCORDE CAREER INSTITUTE               ,CA,92108-0000,Proprietary  ,99,204,303,228,633,861
00799300,CALIF STATE UNIV BAKERSFIELD            ,CA,93311-1022,Public       ,378,922,1300,5371,4627,9998
00807100,CONCORDE CAREER INSTITUTE               ,CA,92840-9201,Proprietary  ,101,232,333,229,582,811
00807300,BUTTE COMMUNITY COLLEGE                 ,CA,95965-0000,Public       ,890,1556,2446,4107,4809,8916
00809000,EVEREST COLLEGE                         ,CA,91803-1310,Proprietary  ,67,170,237,236,449,685
00809300,HEALD COLLEGE                           ,CA,93704-1706,Proprietary  ,114,359,473,571,1188,1759
00853200,HEALD COLLEGE                           ,CA,94545-2352,Proprietary  ,178,384,562,485,1072,1557
00853700,CONCORDE CAREER INSTITUTE               ,CA,92401-0000,Proprietary  ,114,299,413,322,853,1175
00859600,WEST LOS ANGELES COLLEGE                ,CA,90230-3500,Public       ,563,1153,1716,1634,3257,4891
00859700,FEATHER RIVER COLLEGE                   ,CA,95971-9124,Public       ,109,95,204,575,319,894
00884400,CALIFORNIA CHRISTIAN COLLEGE            ,CA,93703-3599,Private      ,2,12,14,28,31,59
00884600,WRIGHT INSTITUTE                        ,CA,94704-0000,Private      ,0,40,40,0,426,426
00890300,COLLEGE OF THE CANYONS                  ,CA,91355-1899,Public       ,765,810,1575,2447,1990,4437
00891800,SADDLEBACK COLLEGE                      ,CA,92692-3699,Public       ,606,960,1566,2017,2368,4385
00902200,ASSOCIATED TECHNICAL COLLEGE            ,CA,90017-0000,Proprietary  ,38,190,228,78,424,502
00903200,EMPIRE COLLEGE                          ,CA,95403-2122,Proprietary  ,32,125,157,76,318,394
00915706,WYOMING TECHNICAL INSTITUTE - WEST SACRA,CA,95605-1507,Proprietary  ,137,184,321,155,204,359
00927200,CRAFTON HILLS COLLEGE                   ,CA,92399-1799,Public       ,455,660,1115,1713,1831,3544
00932500,ABRAM FRIEDMAN OCCUP CTR                ,CA,90015-3507,Public       ,4,18,22,29,46,75
00950900,SKILLS & BUSINESS EDUCATION CENTER      ,CA,95824-1529,Public       ,53,330,383,138,922,1060
00974800,WESTERN CAREER COLLEGE                  ,CA,95826-3203,Proprietary  ,184,426,610,852,2104,2956
00974801,WESTERN CAREER COLLEGE - SAN LEANDRO CAM,CA,94578-3711,Proprietary  ,111,250,361,248,550,798
00974802,WESTERN CAREER COLLEGE - PLEASANT HILL C,CA,94523-1984,Proprietary  ,66,164,230,161,383,544
00974803,WESTERN CAREER COLLEGE - STOCKTON       ,CA,95207-5509,Proprietary  ,76,145,221,187,298,485
00974804,WESTERN CAREER COLLEGE - CITRUS HEIGHTS ,CA,95621-5577,Proprietary  ,104,251,355,194,504,698
00974806,WESTERN CAREER COLLEGE -  ANTIOCH/WALNUT,CA,94531-1604,Proprietary  ,93,213,306,194,421,615
00974807,WESTERN CAREER COLLEGE - SAN JOSE       ,CA,95119-1325,Proprietary  ,119,223,342,281,489,770
00974808,WESTERN CAREER COLLEGE - EMERYVILLE     ,CA,94608-3006,Proprietary  ,0,3,3,17,31,48
00974809,WESTERN CAREER COLLEGE -  EMERYVILLE SHE,CA,94608-3006,Proprietary  ,46,133,179,68,185,253
00974810,WESTERN CAREER COLLEGE - CONCORD        ,CA,94520-5671,Proprietary  ,1,4,5,14,16,30
00998900,SANTA BARBARA BUSINESS COLLEGE          ,CA,93111-0000,Proprietary  ,41,131,172,173,388,561
01011100,CERRO-COSO COMMUNITY COLLEGE            ,CA,93555-9571,Public       ,200,530,730,495,1189,1684
01014225,TOURO CLG OSEOPATHIC MEDICINE           ,CA,94592-1115,Private      ,1,18,19,11,434,445
01014900,PEPPERDINE UNIVERSITY                   ,CA,90263-0000,Private      ,235,959,1194,5908,5788,11696
01033300,JESUIT SCHOOL OF THEOLOGY - BERKELEY    ,CA,94709-1193,Private      ,0,2,2,0,45,45
01034000,LOS MEDANOS COLLEGE                     ,CA,94565-5197,Public       ,480,757,1237,1523,2166,3689
01036500,CHARLES R DREW UNIV OF MED & SCI        ,CA,90059-0000,Private      ,9,91,100,53,425,478
01036800,MENNONITE BRETHREN BIBLICAL SEM         ,CA,93727-0000,Private      ,1,16,17,1,50,51
01037500,HARBOR OCCUPATIONAL CENTER              ,CA,90731-0000,Public       ,4,13,17,23,29,52
01039500,UNIVERSITY OF SAN DIEGO                 ,CA,92110-2492,Private      ,248,365,613,11462,3076,14538
01039501,UNIVERSITY OF SAN DIEGO - SCHOOL OF LAW ,CA,92110-2492,Private      ,8,142,150,98,3160,3258
01044100,PARDEE RAND GRADUATE SCHOOL             ,CA,90407-2138,Private      ,0,8,8,0,28,28
01047400,MARYMOUNT COLLEGE OF PALOS VERDES       ,CA,90275-0000,Private      ,34,8,42,558,57,615
01057900,WEST VALLEY OCCUPATIONAL CTR            ,CA,91367-0000,Public       ,3,19,22,46,55,101
01083100,NEW COLLEGE OF CALIFORNIA               ,CA,94102-0000,Private      ,0,0,0,13,146,159
01083200,WESTERN STATE UNIV COLLEGE OF LAW       ,CA,92831-3014,Proprietary  ,2,67,69,6,964,970
01085400,THOMAS JEFFERSON SCHOOL OF LAW          ,CA,92110-0000,Private      ,2,156,158,13,1828,1841
01102400,EVEREST COLLEGE                         ,CA,94103-2091,Proprietary  ,78,161,239,182,380,562
01110700,EVEREST  COLLEGE                        ,CA,92801-5231,Proprietary  ,82,182,264,190,496,686
01110900,EVEREST COLLEGE                         ,CA,91335-4631,Proprietary  ,163,234,397,278,415,693
01111200,FIDM-FASHION INSTITUTE OF DESIGN        ,CA,90015-1421,Proprietary  ,785,378,1163,5401,1663,7064
01111700,ALLIANT INTERNATIONAL UNIVERSITY        ,CA,92131-1799,Private      ,14,358,372,66,2186,2252
01111705,ALLIANT INTERNATIONAL UNIVERSITY - LOS A,CA,91803-1360,Private      ,0,72,72,5,597,602
01111706,ALLIANT INTERNATIONAL UNIVERSITY - SAN F,CA,94133-1221,Private      ,2,100,102,6,610,616
01111707,ALLIANT INTERNATIONAL UNIVERSITY - FRESN,CA,93727-2014,Private      ,2,49,51,22,360,382
01112100,EVEREST COLLEGE                         ,CA,94541-4007,Proprietary  ,68,230,298,130,445,575
01112300,EVEREST COLLEGE                         ,CA,90247-4163,Proprietary  ,77,201,278,187,549,736
01146000,NATIONAL UNIVERSITY                     ,CA,92037-1011,Private      ,68,3711,3779,267,10493,10760
01162600,PRACTICAL SCHOOLS                       ,CA,92805-0000,Proprietary  ,71,102,173,400,597,997
01164900,LOYOLA MARYMOUNT UNIVERSITY             ,CA,90045-0000,Private      ,229,474,703,8935,2730,11665
01164901,LOYOLA LAW SCHOOL                       ,CA,90015-0000,Private      ,3,105,108,26,3486,3512
01167200,MENDOCINO COMMUNITY COLLEGE             ,CA,95482-3000,Public       ,187,364,551,798,1006,1804
01169600,NATIONAL POLYTECHNIC COLLEGE OF SCIENCE ,CA,90744-6399,Private      ,23,93,116,54,229,283
01170700,NORTH-WEST COLLEGE                      ,CA,91790-2097,Proprietary  ,58,70,128,122,225,347
01179200,FRANCISCAN SCHOOL OF THEOLOGY           ,CA,94709-0000,Private      ,0,2,2,1,27,28
01182000,SAN DIEGO MIRAMAR COLLEGE               ,CA,92126-0000,Public       ,564,1019,1583,2032,2684,4716
01186500,CALIFORNIA HAIR DESIGN ACADEMY          ,CA,92115-0000,Proprietary  ,16,37,53,45,61,106
01202600,JE BOUTIQUE COLLEGE OF BEAUTY           ,CA,92021-6247,Proprietary  ,18,31,49,33,66,99
01202700,GALEN COLLEGE OF CALIFORNIA             ,CA,93728-2381,Proprietary  ,19,39,58,49,79,128
01203100,SAN DIEGO CHRISTIAN COLLEGE             ,CA,92019-1157,Private      ,52,37,89,433,146,579
01206100,EVEREST COLLEGE                         ,CA,95128-3908,Proprietary  ,50,120,170,105,267,372
01215400,CALIFORNIA INST OF INTEGRAL STUDIES     ,CA,94103-2557,Private      ,2,221,223,6,1082,1088
01231600,MANCHESTER BEAUTY COLLEGE               ,CA,93726-5306,Proprietary  ,30,88,118,68,136,204
01231700,TULARE BEAUTY COLLEGE                   ,CA,93274-3432,Proprietary  ,3,6,9,9,19,28
01244600,UNIVERSAL COLLEGE OF BEAUTY             ,CA,90044-0044,Proprietary  ,13,55,68,31,64,95
01245200,EVERGREEN VALLEY COLLEGE                ,CA,95135-1598,Public       ,582,703,1285,2740,2451,5191
01255000,LOS ANGELES MISSION COLLEGE             ,CA,91342-3200,Public       ,535,758,1293,2001,2335,4336
01265000,MARINELLO SCHOOL OF BEAUTY              ,CA,91502-2828,Proprietary  ,28,47,75,78,161,239
01265100,MARINELLO SCHOOL OF BEAUTY              ,CA,91748-1674,Proprietary  ,23,65,88,31,92,123
01284200,OXNARD COLLEGE                          ,CA,93030-0000,Public       ,558,760,1318,1744,1988,3732
01287200,NORTH-WEST COLLEGE                      ,CA,91768-3199,Proprietary  ,68,162,230,117,337,454
01287300,WYOTECH                                 ,CA,90810-3800,Proprietary  ,331,535,866,763,1238,2001
01287301,WYOTECH - EVEREST  COLLEGE              ,CA,90034-3158,Proprietary  ,65,189,254,130,482,612
01287302,WYOTECH - EVEREST  COLLEGE              ,CA,91746-3412,Proprietary  ,146,242,388,321,650,971
01290700,LAKE TAHOE COMMUNITY COLLEGE            ,CA,96150-4524,Public       ,108,191,299,353,427,780
01291100,MARINELLO SCHOOL OF BEAUTY              ,CA,92646-2552,Proprietary  ,13,24,37,48,69,117
01291200,MTI COLLEGE                             ,CA,95841-0000,Proprietary  ,74,208,282,323,872,1195
01294200,ROSEMEAD BEAUTY SCHOOL                  ,CA,91770-1639,Proprietary  ,18,84,102,24,123,147
01298400,PROFESSIONAL INSTITUTE OF BEAUTY        ,CA,91731-2613,Proprietary  ,7,23,30,14,57,71
01298500,HAIR CALIFORNIA BEAUTY ACADEMY          ,CA,92867-7127,Proprietary  ,1,2,3,5,10,15
01298900,OCEANSIDE COLLEGE OF BEAUTY             ,CA,92054-5393,Proprietary  ,8,8,16,28,42,70
01301000,LANCASTER BEAUTY SCHOOL                 ,CA,93534-3098,Proprietary  ,35,45,80,67,97,164
01307400,AMERICAN BEAUTY COLLEGE                 ,CA,90706-5417,Proprietary  ,11,33,44,22,59,81
01309500,SALON SUCCESS ACADEMY                   ,CA,92879-6561,Proprietary  ,41,41,82,82,98,180
01310300,CALIFORNIA WESTERN SCHOOL OF LAW        ,CA,92101-0000,Private      ,3,92,95,17,2063,2080
01324000,LYTLE'S REDWOOD EMPIRE BEAUTY CLG       ,CA,95403-0000,Proprietary  ,27,30,57,62,83,145
02054900,MARINELLO SCHOOL OF BEAUTY              ,CA,92630-0000,Proprietary  ,20,30,50,31,67,98
02059800,PARIS BEAUTY COLLEGE                    ,CA,94520-2611,Proprietary  ,17,48,65,33,77,110
02063500,COASTLINE COMMUNITY COLLEGE             ,CA,92708-0000,Public       ,118,872,990,673,2599,3272
02064300,SIERRA COLLEGE OF BEAUTY                ,CA,95340-0000,Proprietary  ,23,37,60,57,57,114
02065500,BROOKS COLLEGE                          ,CA,90804-3289,Proprietary  ,11,11,22,84,49,133
02065501,BROOKS COLLEGE - SUNNYVALE              ,CA,94086-5303,Proprietary  ,1,2,3,19,11,30
02065700,CALIFORNIA BEAUTY COLLEGE               ,CA,95354-0000,Proprietary  ,11,18,29,62,55,117
02070500,CONCORDIA UNIVERSITY                    ,CA,92612-0000,Private      ,85,234,319,1696,938,2634
02075800,SOUTHERN CA INST OF ARCHITECTURE        ,CA,90013-0000,Private      ,18,65,83,151,493,644
02086400,MARINELLO SCHOOL OF BEAUTY              ,CA,95050-0000,Proprietary  ,28,58,86,40,83,123
02091200,ELEGANCE INTERNATIONAL                  ,CA,90028-0000,Proprietary  ,25,33,58,53,84,137
02091700,KAPLAN COLLEGE                          ,CA,92123-1509,Proprietary  ,124,363,487,449,1139,1588
02096100,FIELDING INSTITUTE                      ,CA,93105-0000,Private      ,0,312,312,3,961,964
02099200,AMERICAN CONSERVATORY THEATER           ,CA,94108-0000,Private      ,1,2,3,14,170,184
02110200,COLUMBIA COLLEGE                        ,CA,91356-0000,Private      ,54,30,84,282,139,421
02110800,CALIFORNIA COLLEGE SAN DIEGO            ,CA,92108-3821,Proprietary  ,80,271,351,311,781,1092
02111300,CUYAMACA COLLEGE                        ,CA,92019-0000,Public       ,591,887,1478,1829,2127,3956
02113601,AMERICAN INTERCONTINENTAL UNIV - LOS ANG,CA,90066-7008,Proprietary  ,18,71,89,281,478,759
02119100,MISSION COLLEGE                         ,CA,95054-1897,Public       ,331,674,1005,1422,2381,3803
02120600,SAYBROOK GRADUATE SCHOOL                ,CA,94111-1920,Private      ,0,114,114,1,478,479
02120700,SAN JOAQUIN VALLEY COLLEGE              ,CA,93291-0000,Proprietary  ,368,1121,1489,1696,3520,5216
02120900,ITT TECHNICAL INSTITUTE                 ,CA,95670-6034,Proprietary  ,198,387,585,432,826,1258
02125000,CAREER ACADEMY OF BEAUTY                ,CA,92845-0000,Proprietary  ,20,72,92,26,96,122
02128200,"VICTOR VALLEY BEAUTY COLLEGE, INC       ",CA,92392-0000,Proprietary  ,21,33,54,96,101,197
02128300,INSTITUTE FOR BUSINESS & TECHNOLOGY     ,CA,95050-0000,Proprietary  ,91,210,301,140,421,561
02128301,INSTITUTE FOR BUSINESS & TECHNOLOGY     ,CA,95610-0000,Proprietary  ,42,136,178,76,319,395
02138300,PACIFIC GRADUATE SCHOOL OF PSYCHOLO     ,CA,94303-4232,Private      ,2,62,64,9,503,512
02147400,CLEVELAND CHIROPRACTIC COLLEGE          ,CA,90004-0000,Private      ,8,108,116,32,336,368
02161800,MUSICIANS INSTITUTE                     ,CA,90028-6157,Proprietary  ,260,187,447,975,672,1647
02167800,ESTES INSTITUTE OF COSMETOLOGY          ,CA,93291-0000,Proprietary  ,21,23,44,89,55,144
02174600,MARINELLO SCHOOL OF BEAUTY              ,CA,90201-0000,Proprietary  ,10,19,29,43,108,151
02180600,BRIDGES  ACADEMY OF BEAUTY              ,CA,92311-2327,Proprietary  ,0,1,1,6,9,15
02184900,PALMER COLLEGE OF CHIROPRACTIC WEST     ,CA,95134-0000,Private      ,1,26,27,9,308,317
02185800,MOLER BARBER COLLEGE                    ,CA,94611-0000,Proprietary  ,4,9,13,13,24,37
02187500,"HEALD COLLEGE, SCH OF BUS & TECH        ",CA,94520-0000,Proprietary  ,174,330,504,428,900,1328
02188400,SIERRA VALLEY COLLEGE OF COURT REPORTING,CA,93726-0000,Proprietary  ,20,45,65,69,166,235
02208600,MADERA BEAUTY COLLEGE                   ,CA,93637-3519,Proprietary  ,2,5,7,41,21,62
02211000,HAIRMASTERS UNIVERSITY OF BEAUTY        ,CA,92405-0000,Proprietary  ,6,8,14,22,36,58
02220000,COLLEEN O'HARA BEAUTY ACADEMY           ,CA,92701-0000,Proprietary  ,39,92,131,63,172,235
02220200,CALIFORNIA CULINARY ACADEMY             ,CA,94102-3336,Proprietary  ,105,180,285,596,615,1211
02221300,MARINELLO SCHOOL OF BEAUTY              ,CA,92553-0000,Proprietary  ,46,68,114,89,181,270
02222000,AMERICAN FILM INSTITUTE                 ,CA,90027-0000,Private      ,9,43,52,98,483,581
02226000,EAST LOS ANGELES COLLEGE                ,CA,91754-0000,Public       ,1474,1660,3134,6566,5593,12159
02228500,LIFE CHIROPRACTIC COLLEGE-WEST          ,CA,94545-0000,Private      ,0,41,41,7,410,417
02230900,FREDRICK & CHARLES BEAUTY COLLEGE       ,CA,95501-0000,Proprietary  ,10,16,26,38,49,87
02231900,GEMOLOGICAL INSTITUTE OF AMERICA        ,CA,92008-4698,Private      ,8,61,69,38,177,215
02234300,FASHION CAREERS OF CALIFORNIA           ,CA,92110-0000,Proprietary  ,14,28,42,103,97,200
02236400,"THANH LE COLG, SCH OF COSMETOLOGY       ",CA,92840-0000,Proprietary  ,3,41,44,4,42,46
02237200,PHILLIPS GRADUATE INSTITUTE             ,CA,91316-0000,Private      ,1,70,71,2,343,345
02241600,SAN DIEGO CONTINUING EDUCATION          ,CA,92113-0000,Public       ,13,112,125,59,285,344
02241800,AMERICAN CAREER COLLEGE                 ,CA,90004-0000,Proprietary  ,548,979,1527,1351,2808,4159
02242700,BERKELEY CITY COLLEGE                   ,CA,94704-0000,Public       ,300,707,1007,1071,1831,2902
02250602,EVEREST COLLEGE                         ,CA,91761-8525,Proprietary  ,83,227,310,250,715,965
02255400,INTERNATIONAL SCHOOL OF COSMETOLOGY     ,CA,90250-0000,Proprietary  ,9,12,21,18,22,40
02255600,MARINELLO SCHOOL OF BEAUTY              ,CA,90723-0000,Proprietary  ,21,48,69,75,149,224
02258600,ALAMEDA BEAUTY COLLEGE                  ,CA,94501-0000,Proprietary  ,28,62,90,53,83,136
02262400,YESHIVA OHR ELCHONON CHABAD             ,CA,90046-0000,Private      ,0,0,0,22,1,23
02263101,ANTHEM COLLEGE - HIGH-TECH INSTITUTE - S,CA,95827-0000,Proprietary  ,9,7,16,74,61,135
02267600,INSTITUTE OF TRANSPERSONAL PSYCHLGY     ,CA,94303-4624,Private      ,1,73,74,2,423,425
02270600,LIFE PACIFIC COLLEGE                    ,CA,91773-0000,Private      ,82,39,121,297,137,434
02276800,WESTMINSTER SEMINARY CALIFORNIA         ,CA,92027-0000,Private      ,0,16,16,3,127,130
02277400,SOUTH COAST COLLEGE                     ,CA,92868-2616,Proprietary  ,36,110,146,96,280,376
02282300,ALHAMBRA BEAUTY COLLEGE                 ,CA,91802-0000,Proprietary  ,7,62,69,13,66,79
02285100,HILLTOP BEAUTY SCHOOL                   ,CA,94014-0000,Proprietary  ,6,50,56,13,110,123
02291500,ITT TECHNICAL INSTITUTE                 ,CA,91773-0000,Proprietary  ,237,357,594,614,918,1532
02291600,ITT TECHNICAL INSTITUTE                 ,CA,92123-0000,Proprietary  ,182,373,555,631,1323,1954
02298000,DESIGN INSTITUTE OF SAN DIEGO           ,CA,92121-0000,Proprietary  ,35,53,88,146,243,389
02304300,"PLATT COLLEGE, SAN DIEGO                ",CA,92115-0000,Proprietary  ,26,79,105,151,224,375
02306300,KAPLAN COLLEGE                          ,CA,95368-0000,Proprietary  ,136,250,386,354,730,1084
02306302,KAPLAN COLLEGE - FRESNO                 ,CA,93612-3802,Proprietary  ,51,132,183,188,415,603
02309500,CLOVIS ADULT EDUC                       ,CA,93611-0000,Public       ,7,57,64,35,187,222
02312400,LA COLLEGE INTERNATIONAL                ,CA,90010-0000,Proprietary  ,9,167,176,36,379,415
02321800,ITT TECHNICAL INSTITUTE                 ,CA,91342-3664,Proprietary  ,215,402,617,606,964,1570
02321900,ITT TECHNICAL INSTITUTE                 ,CA,92801-0000,Proprietary  ,197,338,535,397,603,1000
02327600,ART INST OF CALIFORNIA-SAN DIEGO        ,CA,92108-4401,Proprietary  ,337,327,664,2499,1896,4395
02330500,LAGUNA COLLEGE OF ART AND DESIGN        ,CA,92651-0000,Private      ,47,43,90,352,135,487
02332800,CENTER FOR EMPLOYMENT TRAINING          ,CA,95110-0000,Private      ,146,826,972,238,1420,1658
02338500,GLENDALE CAREER COLLEGE                 ,CA,91201-0000,Proprietary  ,36,60,96,72,139,211
02338700,MARINELLO SCHOOL OF BEAUTY              ,CA,94103-0000,Proprietary  ,15,38,53,30,89,119
02342400,ACADEMY OF RADIO BROADCASTING           ,CA,92647-3809,Proprietary  ,9,50,59,23,101,124
02343400,"BELLUS ACADEMY, THE ACADEMY OF BEAUTY AN",CA,92064-4633,Proprietary  ,29,69,98,64,105,169
02345800,MONTEBELLO BEAUTY COLLEGE               ,CA,90640-0000,Proprietary  ,12,24,36,24,47,71
02351900,KAPLAN COLLEGE                          ,CA,95660-5512,Proprietary  ,60,250,310,152,521,673
02351901,KAPLAN COLLEGE - BAKERSFIELD            ,CA,93304-0000,Proprietary  ,91,201,292,233,594,827
02358000,THOMAS AQUINAS COLLEGE                  ,CA,93060-9622,Private      ,8,1,9,318,18,336
02359300,SHASTA BIBLE COLLEGE                    ,CA,96002-0000,Private      ,3,8,11,34,36,70
02482700,WESTERN UNIVERSITY OF HEALTH S          ,CA,91766-1854,Private      ,3,100,103,45,3361,3406
02494800,LOLA BEAUTY COLLEGE                     ,CA,92641-0000,Proprietary  ,0,16,16,0,26,26
02497300,TRINITY COLLEGE                         ,CA,93277-0000,Proprietary  ,63,202,265,157,529,686
02500000,SAN JOAQUIN COLLEGE OF LAW              ,CA,93612-0000,Private      ,0,42,42,10,270,280
02518400,THE NATIONAL HISPANIC UNIVERSITY        ,CA,95127-0000,Private      ,68,152,220,175,303,478
02519800,AVANCE BEAUTY COLLEGE                   ,CA,92154-0000,Proprietary  ,19,45,64,42,60,102
02520200,CALIFORNIA CAREER SCHOOLS               ,CA,92805-0000,Proprietary  ,0,21,21,16,34,50
02520300,INTERIOR DESIGNERS INSTITUTE            ,CA,92660-0000,Proprietary  ,14,63,77,29,84,113
02520400,ADRIAN'S BEAUTY COLLEGE OF TURLOCK      ,CA,95382-0000,Proprietary  ,33,51,84,63,97,160
02537200,PALOMAR INSTITUTE OF COSMETOLOGY        ,CA,92069-0000,Proprietary  ,49,42,91,93,116,209
02539100,KAPLAN COLLEGE                          ,CA,91606-3231,Proprietary  ,176,331,507,375,842,1217
02539102,KAPLAN COLLEGE -  RIVERSIDE             ,CA,92507-4223,Proprietary  ,97,211,308,265,604,869
02539500,IRVINE VALLEY COLLEGE                   ,CA,92620-0000,Public       ,463,668,1131,1797,1721,3518
02542300,NATIONAL HOLISTIC INSTITUTE             ,CA,94608-0000,Proprietary  ,50,132,182,122,341,463
02543400,BROWNSON TECHNICAL SCHOOL               ,CA,92805-0000,Proprietary  ,15,54,69,27,80,107
02545900,HYPNOSIS MOTIVATION INSTITUTE           ,CA,91356-0000,Private      ,1,61,62,4,86,90
02546400,MTI BUSINESS COLLEGE INC                ,CA,95207-0000,Proprietary  ,11,90,101,26,158,184
02549000,KAPLAN COLLEGE                          ,CA,92083-7736,Proprietary  ,111,250,361,321,706,1027
02549005,KAPLAN COLLEGE -  PALM SPRINGS          ,CA,92262-7011,Proprietary  ,66,161,227,191,398,589
02553500,ASSOCIATED TECHNICAL COLLEGE            ,CA,92101-0000,Proprietary  ,13,52,65,43,129,172
02553600,DIVERSIFIED LANGUAGE INSTITUTE          ,CA,90017-0000,Proprietary  ,1,297,298,3,622,625
02559300,UNITED EDUCATION INSTITUTE              ,CA,90020-0000,Proprietary  ,644,1295,1939,1217,2641,3858
02559400,INTERCOAST COLLEGES                     ,CA,92868-1656,Proprietary  ,37,373,410,56,624,680
02565400,KAPLAN COLLEGE                          ,CA,95207-6216,Proprietary  ,70,165,235,202,481,683
02570300,LOS ANGELES ORT TECHNICAL INSTITUTE     ,CA,90048-0000,Private      ,48,204,252,86,428,514
02577900,SANTA BARBARA BUSINESS COLLEGE          ,CA,93309-1664,Proprietary  ,87,193,280,257,551,808
02578000,SANTA BARBARA BUSINESS COLLEGE          ,CA,93454-6943,Proprietary  ,22,51,73,86,265,351
02584200,NEWBRIDGE COLLEGE                       ,CA,92701-0000,Proprietary  ,75,230,305,150,570,720
02591600,NORTH-WEST COLLEGE                      ,CA,91101-1744,Proprietary  ,12,23,35,23,72,95
02593100,HEALD COLLEGE                           ,CA,95678-5303,Proprietary  ,67,235,302,234,810,1044
02593200,HEALD COLLEGE                           ,CA,95035-8008,Proprietary  ,122,273,395,346,843,1189
02593300,HEALD COLLEGE                           ,CA,95210-5667,Proprietary  ,171,319,490,573,1107,1680
02595600,ASIAN AMERICAN INTERNATIONAL BTY CG     ,CA,92683-4043,Proprietary  ,5,27,32,6,48,54
02597300,SOUTH BAYLO UNIVERSITY                  ,CA,92801-1701,Private      ,2,60,62,5,107,112
02602300,CENTRAL COAST COLLEGE                   ,CA,93901-3301,Proprietary  ,47,76,123,103,167,270
02608900,PINNACLE COLLEGE                        ,CA,91803-8842,Proprietary  ,20,35,55,47,91,138
02609000,EMPERORS COLG OF TRAD ORIENTAL MED      ,CA,90403-5609,Proprietary  ,0,45,45,4,117,121
02612800,LOS ANGELES RECORDING SCHOOL            ,CA,90028-3112,Proprietary  ,155,168,323,587,586,1173
02619300,SAMRA UNIV OF ORIENTAL MEDICINE         ,CA,90015-1019,Private      ,0,20,20,2,52,54
02620300,PLATT COLLEGE                           ,CA,92647-3017,Proprietary  ,3,1,4,12,12,24
03010611,VIRGINIA COLLEGE - GOLF ACADEMY OF AMERI,CA,92008-6512,Proprietary  ,26,43,69,98,129,227
03011300,"CALIF STATE UNIV, SAN MARCOS            ",CA,92096-0001,Public       ,393,665,1058,7438,4020,11458
03019900,ADELANTE CAREER INSTITUTE               ,CA,91402-4924,Proprietary  ,11,51,62,13,57,70
03025600,DELL'ARTE SCH OF PHYSICAL THEATRE       ,CA,95525-0816,Private      ,0,9,9,4,40,44
03027700,PACIFIC COLLEGE OF ORIENTAL MED         ,CA,92108-4408,Proprietary  ,6,156,162,12,351,363
03029600,POMONA ADULT SCHOOL                     ,CA,91766-0000,Public       ,43,98,141,60,149,209
03031409,INTERNATIONAL ACADEMY OF DESIGN AND TECH,CA,95834-9664,Proprietary  ,12,24,36,84,85,169
03034000,HEALD COLLEGE                           ,CA,93906-5100,Proprietary  ,105,221,326,385,714,1099
03035700,LAS POSITAS COLLEGE                     ,CA,94551-6750,Public       ,283,341,624,1118,1062,2180
03039900,FREMONT COLLEGE                         ,CA,90703-5342,Proprietary  ,26,50,76,70,140,210
03043900,NEWSCHOOL OF ARCHITECTURE & DESIGN      ,CA,92101-6634,Proprietary  ,28,48,76,229,374,603
03044500,KAPLAN COLLEGE                          ,CA,91402-4222,Proprietary  ,32,70,102,85,218,303
03054100,ROYALE COLLEGE OF BEAUTY                ,CA,92590-2525,Proprietary  ,12,24,36,28,57,85
03062300,WESTECH COLLEGE                         ,CA,91764-4988,Proprietary  ,57,199,256,108,416,524
03062400,MT DIABLO ADULT EDUC LOMA VISTA CTR     ,CA,94518-1122,Public       ,8,45,53,35,98,133
03062700,PLATT COLLEGE                           ,CA,90041-0000,Proprietary  ,16,27,43,102,111,213
03062701,PLATT COLLEGE                           ,CA,91764-0000,Proprietary  ,48,68,116,140,198,338
03063400,MODERN TECHNOLOGY SCHOOL                ,CA,92708-9821,Proprietary  ,16,47,63,44,139,183
03067400,BALDWIN PARK ADULT SCHOOL               ,CA,91706-4897,Public       ,26,67,93,41,142,183
03067500,INSTITUTE OF TECHNOLOGY                 ,CA,93612-3217,Proprietary  ,218,614,832,569,1553,2122
03069500,SAGE COLLEGE                            ,CA,92557-6720,Proprietary  ,40,158,198,79,367,446
03070400,ITT TECHNICAL INSTITUTE                 ,CA,92408-3519,Proprietary  ,225,359,584,803,1128,1931
03072300,EVEREST COLLEGE                         ,CA,91761-3222,Proprietary  ,102,223,325,249,551,800
03072700,WESTWOOD COLLEGE - LOS ANGELES          ,CA,90010-1577,Proprietary  ,145,157,302,889,694,1583
03074900,MARTINEZ ADULT CENTER                   ,CA,94553-3298,Public       ,1,15,16,5,30,35
03078200,AMERICAN CLG TRADITIONAL CHINESE MD     ,CA,94107-2813,Private      ,1,50,51,6,240,246
03084700,VENTURA ADULT\CONTINUING EDUCATION      ,CA,93003-7313,Public       ,6,34,40,16,88,104
03087400,ITT TECHNICAL INSTITUTE                 ,CA,90502-1356,Proprietary  ,357,751,1108,671,1336,2007
03094400,ELITE PROGRESSIVE SCHOOL OF COSM        ,CA,95841-2909,Proprietary  ,57,68,125,189,211,400
03097700,CENTRAL CALIF SCH CONTINUING EDUC       ,CA,93401-6739,Proprietary  ,18,66,84,33,139,172
03098200,YO SAN UNIV TRADITIONAL CHINESE MED     ,CA,90066-1103,Private      ,1,42,43,1,108,109
03105700,MONTEREY PARK COLLEGE                   ,CA,91754-2416,Proprietary  ,2,3,5,27,17,44
03108100,SUMMIT CAREER COLLEGE                   ,CA,92324-3956,Proprietary  ,104,414,518,220,833,1053
03109500,DONGGUK ROYAL UNIVERSITY                ,CA,90020-1765,Private      ,0,15,15,2,87,89
03113300,MCED CAREER COLLEGE                     ,CA,93727-1620,Proprietary  ,26,528,554,71,1311,1382
03113600,SOUTHERN CALIFORNIA INST OF TECHNOL     ,CA,92805-3758,Proprietary  ,29,223,252,77,732,809
03115400,LYLE'S FRESNO COLLEGE OF BEAUTY         ,CA,93710-0000,Proprietary  ,0,0,0,23,7,30
03116600,EAST SAN GABRIEL VLY REG OCCUP PROG     ,CA,91790-2105,Public       ,11,61,72,21,90,111
03125300,JOHN WESLEY INTER. BARBER & BTY CLG     ,CA,90813-4321,Proprietary  ,7,12,19,18,56,74
03125400,ART INSTITUTE OF CALIFORNIA-HOLLYWOOD (T,CA,90010-1014,Proprietary  ,201,235,436,971,853,1824
03125800,PREMIERE CAREER COLLEGE                 ,CA,91706-3746,Proprietary  ,54,117,171,72,197,269
03126800,PACIFICA GRADUATE INSTITUTE             ,CA,93013-0000,Proprietary  ,0,228,228,1,813,814
03128700,MT SIERRA COLLEGE                       ,CA,91016-3414,Proprietary  ,46,87,133,199,300,499
03131300,FIVE BRANCHES UNIVERSITY                ,CA,95062-4669,Private      ,1,72,73,15,290,305
03144400,AMERICAN CLG OF HEALTH PROFESSIONS      ,CA,92374-0000,Proprietary  ,1,4,5,10,17,27
03150500,VIRGINIA SEWING MACHINES & SCH CTR      ,CA,90015-3535,Proprietary  ,0,11,11,1,53,54
03162300,FOUR-D SUCCESS ACADEMY                  ,CA,92324-4218,Proprietary  ,54,216,270,114,584,698
03163300,PACIFIC STATES UNIVERSITY               ,CA,90006-4298,Private      ,0,1,1,15,23,38
03195400,EVEREST COLLEGE                         ,CA,90501-2867,Proprietary  ,27,43,70,48,103,151
03210300,CALIFORNIA SCHOOL OF CULINARY ARTS      ,CA,91101-5221,Proprietary  ,295,530,825,1132,1258,2390
03225300,AMERICAN UNIVERSITY OF HEALTH SCIENCES  ,CA,90755-3612,Proprietary  ,9,25,34,43,80,123
03242300,CAREER NETWORK INSTITUTE                ,CA,92868-4710,Proprietary  ,66,222,288,110,382,492
03250300,COMMUNITY BASED EDUCATION AND DEVEL     ,CA,90036-1137,Private      ,16,148,164,24,206,230
03260300,CALIFORNIA STATE U-MONTEREY BAY         ,CA,93955-8001,Public       ,331,407,738,5620,1825,7445
03266300,BETHESDA CHRISTIAN UNIVERSITY           ,CA,92801-4132,Private      ,1,15,16,3,23,26
03278300,CLARITA CAREER COLLEGE                  ,CA,91351-5432,Proprietary  ,122,300,422,248,697,945
03282300,KIM ANH ACADEMY OF BEAUTY               ,CA,92683-4605,Proprietary  ,0,111,111,0,113,113
03288300,ACAD CHINESE CULTURE & HEALTH SCIS      ,CA,94512-0000,Private      ,3,32,35,6,78,84
03299300,PACIFIC COLLEGE                         ,CA,92626-3160,Proprietary  ,16,111,127,48,233,281
03308300,KENSINGTON COLLEGE                      ,CA,92705-8708,Proprietary  ,0,14,14,1,34,35
03321300,SCRIPPS RESEARCH INSTITUTE (THE)        ,CA,92037-0000,Private      ,2,1,3,8,41,49
03327400,ACUPUNCTURE AND INTEGRATIVE MEDICINE COL,CA,94704-2724,Private      ,1,49,50,2,160,162
03332300,SOUTHERN CA BIBLE CLG & SEMINARY        ,CA,92019-1109,Private      ,4,46,50,8,124,132
03359300,ST. FRANCIS CAREER COLLEGE              ,CA,90262-2659,Private      ,20,46,66,54,247,301
03367300,PROFESSIONAL GOLFERS CAREER COLLEGE     ,CA,92591-6013,Proprietary  ,41,65,106,154,216,370
03394300,REMINGTON COLLEGE - SAN DIEGO CAMPUS    ,CA,92108-3002,Proprietary  ,103,187,290,280,573,853
03395300,INTERNATIONAL CAREER DEVELOPMENT        ,CA,90027-5794,Proprietary  ,209,461,670,374,1027,1401
03399300,NORTHWESTERN TECHNICAL COLLEGE          ,CA,95670-4443,Proprietary  ,30,95,125,77,306,383
03403300,TRINITY LIFE BIBLE COLLEGE              ,CA,95842-3546,Private      ,23,64,87,77,180,257
03413400,ENGLISH CENTER  (THE)                   ,CA,94607-3734,Private      ,4,40,44,11,110,121
03427400,CAREER COLLEGES OF AMERICA              ,CA,90280-7420,Proprietary  ,129,555,684,294,1399,1693
03427500,ANTELOPE VALLEY MEDICAL COLLEGE         ,CA,93534-3324,Proprietary  ,108,201,309,206,446,652
03440400,MARIAN HEALTH CAREERS CENTER            ,CA,90010-1728,Proprietary  ,25,64,89,40,89,129
03441400,VALLEY CAREER COLLEGE                   ,CA,92020-3057,Proprietary  ,41,122,163,105,338,443
03455900,VALLECITOS CENTER FOR EMPLOYMENT TR     ,CA,94541-5027,Private      ,1,9,10,2,17,19
03458300,MY LE'S BEAUTY COLLEGE                  ,CA,95824-3039,Proprietary  ,9,55,64,35,133,168
03467300,MARINELLO SCHOOL OF BEAUTY              ,CA,92545-3661,Proprietary  ,37,45,82,65,115,180
03467301,CALIFORNIA BEAUTY COLLEGE - DESERT HOT S,CA,92240-1307,Proprietary  ,1,4,5,6,7,13
03474700,OPPORTUNITIES INDUSTRIALIZATION CEN     ,CA,94025-1413,Private      ,1,0,1,2,1,3
03479300,PROFESSIONAL CAREER INSTITUTE           ,CA,90703-2522,Proprietary  ,9,56,65,39,169,208
03479400,DONALD VOCATIONAL SCHOOL                ,CA,90010-1718,Proprietary  ,0,0,0,3,1,4
03485400,JAMES ALBERT SCHOOL OF COSMETOLOGY      ,CA,92627-3831,Proprietary  ,24,30,54,33,46,79
03485401,JAMES ALBERT SCHOOL OF COSMETOLOGY - ANA,CA,92804-5384,Proprietary  ,0,1,1,4,6,10
03516300,THE KING'S COLLEGE AND SEMINARY         ,CA,91405-2233,Private      ,18,118,136,40,244,284
03532400,ADVANCED TRAINING ASSOCIATES            ,CA,92020-1236,Proprietary  ,2,9,11,5,23,28
03542400,COPPER MOUNTAIN COLLEGE                 ,CA,92252-6102,Public       ,132,425,557,425,1205,1630
03577300,COBA ACADEMY                            ,CA,92866-1407,Proprietary  ,12,23,35,24,37,61
03590400,NTMA TRAINING CENTERS OF SOUTHERN C     ,CA,90650-6099,Private      ,24,139,163,53,280,333
03592400,CITY OF HOPE GRADUATE SCHOOL            ,CA,91010-0000,Private      ,0,1,1,1,13,14
03598300,AVALON BEAUTY COLLEGE                   ,CA,93103-3137,Proprietary  ,33,16,49,56,27,83
03614300,UNITED BEAUTY COLLEGE                   ,CA,91733-0000,Proprietary  ,3,25,28,7,42,49
03621300,LIBERTY TRAINING INSTITUTE              ,CA,90057-3202,Proprietary  ,25,72,97,32,95,127
03636300,HEARTWOOD INSTITUTE                     ,CA,95542-9446,Proprietary  ,0,1,1,0,1,1
03639300,WEST COAST ULTRASOUND INSTITUTE         ,CA,90211-3312,Proprietary  ,47,180,227,125,512,637
03646300,DESIGN'S SCHOOL OF COSMETOLOGY          ,CA,93446-1471,Proprietary  ,25,64,89,46,100,146
03681300,CALIFORNIA HEALING ARTS COLLEGE         ,CA,90025-2589,Proprietary  ,12,35,47,27,73,100
03695300,COMMUNITY ENHANCEMENT SERVICES          ,CA,91205-2395,Private      ,0,40,40,0,50,50
03695400,SALVATION ARMY CRESTMONT COLLEGE (THE)  ,CA,90275-5301,Private      ,0,0,0,2,1,3
03695700,SANTIAGO CANYON COLLEGE                 ,CA,92869-4512,Public       ,375,395,770,1301,939,2240
03696300,UNIVERSITY OF THE WEST                  ,CA,91770-3709,Private      ,9,9,18,10,37,47
03698300,WEST COAST UNIVERSITY                   ,CA,90004-6818,Proprietary  ,70,429,499,142,1143,1285
03698400,CA COLLEGE OF VOCATIONAL CAREER         ,CA,93301-1800,Proprietary  ,9,33,42,27,72,99
03736300,ADVANCE BEAUTY COLLEGE                  ,CA,92843-4752,Proprietary  ,12,107,119,25,175,200
03740400,ATI COLLEGE                             ,CA,90650-0000,Proprietary  ,31,111,142,42,155,197
03759300,COMPUTER TUTOR BUSINESS & TECH INST     ,CA,95356-0000,Proprietary  ,11,30,41,19,70,89
03786300,ADVANCED COLLEGE                        ,CA,90280-5255,Proprietary  ,17,83,100,37,177,214
03797400,CAREER CARE INSTITUTE                   ,CA,93534-0000,Proprietary  ,43,225,268,102,428,530
03806300,LAKE COLLEGE                            ,CA,96002-0926,Proprietary  ,11,96,107,29,226,255
03810300,SILICON VALLEY UNIVERSITY               ,CA,95131-1868,Private      ,1,5,6,15,28,43
03814400,SOKA UNIVERSITY OF AMERICA              ,CA,92656-8081,Private      ,5,6,11,304,31,335
03838400,WALTER JAY M.D. INSTITUTE AN EDUCATIONAL,CA,90057-0000,Proprietary  ,2,15,17,7,93,100
03852500,CIT COLLEGE OF INFOMEDICAL TECHNOLOGY   ,CA,92831-3703,Proprietary  ,11,77,88,24,205,229
03853300,KECK GRADUATE INSTITUTE OF APPLIED LIFE ,CA,91711-4817,Private      ,0,18,18,0,72,72
03853400,LADERA CAREER PATHS TRAINING CENTERS    ,CA,90045-1931,Proprietary  ,3,6,9,4,9,13
03868300,WORLD MISSION UNIVERSITY                ,CA,90020-1789,Private      ,0,16,16,2,50,52
03868400,LOS ANGELES MUSIC ACADEMY               ,CA,91105-2540,Proprietary  ,7,16,23,47,54,101
03871300,FOLSOM LAKE COLLEGE                     ,CA,95630-6798,Public       ,246,491,737,1211,1608,2819
03874300,CAMBRIDGE JUNIOR COLLEGE                ,CA,95993-0000,Proprietary  ,19,55,74,42,143,185
03874400,COMMMUNITY CHRISTIAN COLLEGE            ,CA,92373-4465,Private      ,13,26,39,35,79,114
03889300,STANBRIDGE COLLEGE                      ,CA,92612-0000,Proprietary  ,17,146,163,57,267,324
03901300,PACIFIC COAST TRADE SCHOOL              ,CA,93033-2441,Proprietary  ,17,47,64,27,72,99
03910400,NATIONAL POLYTECHNIC COLLEGE            ,CA,90040-3066,Proprietary  ,15,52,67,25,105,130
03933300,MUELLER COLLEGE OF HOLISTIC STUDIES     ,CA,92116-2630,Proprietary  ,20,63,83,32,95,127
03962300,AMERICAN INSTITUTE OF MASSAGE THERAPY   ,CA,92705-5463,Proprietary  ,3,9,12,10,20,30
03964400,INTERNATIONAL SCHOOL OF BEAUTY          ,CA,92260-2740,Proprietary  ,15,37,52,36,85,121
03969600,AMERICAN AUTO INSTITUTE                 ,CA,90703-2637,Proprietary  ,11,35,46,29,45,74
03971300,AMERICAN CAREER COLLEGE                 ,CA,91764-4906,Proprietary  ,161,326,487,316,736,1052
03973300,EX'PRESSION COLLEGE FOR DIGITAL ARTS    ,CA,94608-1021,Proprietary  ,210,193,403,615,517,1132
03974500,CALIFORNIA CAREER COLLEGE               ,CA,91303-2006,Proprietary  ,9,49,58,17,57,74
03976400,CALIFORNIA INSTITUTE OF THE HEALING ARTS,CA,95825-8551,Proprietary  ,0,0,0,10,22,32
03980300,CALIFORNIA STATE UNIVERSITY CHANNEL ISLA,CA,93012-8599,Public       ,160,252,412,3684,1629,5313
03995300,UNIVERSITY OF EAST-WEST MEDICINE        ,CA,94087-6106,Proprietary  ,0,12,12,6,43,49
03999300,BEAUMONT ADULT SCHOOL                   ,CA,92223-1927,Public       ,10,36,46,22,97,119
04001300,PALACE BEAUTY COLLEGE                   ,CA,90006-4233,Proprietary  ,8,44,52,25,53,78
04001400,MOJAVE BARBER COLLEGE                   ,CA,92395-3201,Proprietary  ,1,22,23,10,66,76
04003300,CSI CAREER COLLEGE                      ,CA,95687-3100,Proprietary  ,46,119,165,117,332,449
04004300,THUY PRINCESS BEAUTY COLLEGE            ,CA,91766-0000,Proprietary  ,1,21,22,4,29,33
04005300,INTERAMERICAN COLLEGE                   ,CA,91950-4437,Private      ,4,33,37,6,65,71
04014400,PALLADIUM TECHNICAL ACADEMY             ,CA,91731-2429,Proprietary  ,7,17,24,9,21,30
04023400,PROTEUS                                 ,CA,93291-3014,Private      ,0,10,10,0,12,12
04037300,LOS ANGELES FILM SCHOOL (THE)           ,CA,90028-7300,Proprietary  ,108,130,238,497,454,951
04049300,MAXINE WATERS EMPLOYMENT PREPARATION CEN,CA,90059-1023,Public       ,6,29,35,16,47,63
04056300,CAREER COLLEGE OF CALIFORNIA            ,CA,92705-5805,Proprietary  ,1,3,4,8,15,23
04057300,TECHSKILLS OF SACRAMENTO                ,CA,95815-4025,Proprietary  ,12,82,94,49,242,291
04071300,AMERICAN PACIFIC COLLEGE                ,CA,91405-6232,Proprietary  ,5,19,24,12,30,42
04076400,GNOMON SCHOOL OF VISUAL EFFECTS         ,CA,90038-2616,Proprietary  ,2,9,11,19,62,81
04092300,COASTLINE BEAUTY COLLEGE                ,CA,92708-3847,Proprietary  ,5,76,81,7,82,89
04092400,MAKE-UP DESIGNORY                       ,CA,91502-1322,Proprietary  ,38,38,76,143,114,257
04100400,TAFT UNIVERSITY SYSTEM (THE)            ,CA,92704-6954,Proprietary  ,0,2,2,0,2,2
04109300,ACADEMY OF BARBERING ARTS (THE)         ,CA,91324-3406,Proprietary  ,25,32,57,34,52,86
04111300,WEST HILLS COLLEGE LEMOORE              ,CA,93245-9248,Public       ,238,526,764,1014,1631,2645
04114500,VALLEY COLLEGE OF MEDICAL CAREERS       ,CA,91304-2354,Proprietary  ,15,56,71,29,112,141
04115300,COACHELLA VALLEY BEAUTY COLLEGE         ,CA,92253-2051,Proprietary  ,11,14,25,22,44,66
04115800,MERIDIAN INSTITUTE                      ,CA,90010-3606,Proprietary  ,0,6,6,0,11,11
04116000,VIDEO SYMPHONY ENTERTRAINING            ,CA,91502-3253,Proprietary  ,15,53,68,46,166,212
04119200,CAREER COLLEGE CONSULTANTS              ,CA,90041-2088,Proprietary  ,3,22,25,6,24,30
04126500,COAST CAREER INSTITUTE                  ,CA,90015-3040,Proprietary  ,1,3,4,1,5,6
04127100,"UNIVERSITY OF CALIFORNIA, MERCED        ",CA,95343-5001,Public       ,104,49,153,7039,654,7693
04127800,HEALTHY HAIR ACADEMY                    ,CA,90303-3137,Proprietary  ,14,61,75,18,72,90
04127900,TUI UNIVERSITY                          ,CA,90630-5023,Proprietary  ,5,342,347,17,1269,1286
04132700,INFOTECH CAREER COLLEGE                 ,CA,90706-5579,Proprietary  ,7,25,32,7,29,36
04134500,CAREER COLLEGE OF SAN DIEGO             ,CA,92102-3348,Proprietary  ,6,30,36,9,56,65
04137200,BORNER'S BARBER COLLEGE                 ,CA,90047-3856,Proprietary  ,1,13,14,1,13,14
04138700,CAO INSTITUTE OF AESTHETICS (THE)       ,CA,91801-3903,Proprietary  ,15,28,43,15,28,43
00184600,BRIAR CLIFF UNIVERSITY                  ,IA,51104-2100,Private      ,74,108,182,1158,414,1572
00184700,BUENA VISTA UNIVERSITY                  ,IA,50588-9987,Private      ,130,379,509,1711,1462,3173
00184800,SOUTHEASTERN COMMUNITY COLLEGE          ,IA,52655-0000,Public       ,307,605,912,980,1529,2509
00185000,CENTRAL COLLEGE                         ,IA,50219-1999,Private      ,98,16,114,2124,74,2198
00185200,CLARKE COLLEGE                          ,IA,52001-3198,Private      ,66,102,168,972,428,1400
00185400,COE COLLEGE                             ,IA,52402-5092,Private      ,61,26,87,1765,141,1906
00185500,DES MOINES UNIV-OSTEOPATHIC MED CTR     ,IA,50312-0000,Private      ,3,155,158,17,1632,1649
00185600,CORNELL COLLEGE                         ,IA,52314-1098,Private      ,34,8,42,1703,75,1778
00185700,SOUTHWESTERN COMMUNITY COLLEGE          ,IA,50801-1098,Public       ,112,176,288,491,505,996
00185800,DIVINE WORD COLLEGE                     ,IA,52045-0380,Private      ,1,3,4,2,11,13
00185900,DORDT COLLEGE                           ,IA,51250-1697,Private      ,49,22,71,1391,85,1476
00186000,DRAKE UNIVERSITY                        ,IA,50311-4505,Private      ,138,262,400,4085,2176,6261
00186200,ELLSWORTH COMMUNITY COLLEGE             ,IA,50126-1199,Public       ,130,114,244,619,264,883
00186400,IOWA LAKES COMMUNITY COLLEGE            ,IA,51334-2234,Public       ,237,385,622,1133,896,2029
00186500,IOWA CENTRAL COMMUNITY COLLEGE          ,IA,50501-0000,Public       ,414,608,1022,2304,1644,3948
00186600,GRACELAND UNIVERSITY                    ,IA,50140-1699,Private      ,171,327,498,962,944,1906
00186700,GRAND VIEW UNIVERSITY                   ,IA,50316-1599,Private      ,185,206,391,1586,886,2472
00186800,GRINNELL COLLEGE                        ,IA,50112-1690,Private      ,29,3,32,2281,33,2314
00186900,IOWA STATE UNIV SCIENCE & TECHNOLOG     ,IA,50011-2028,Public       ,1083,743,1826,18724,4649,23373
00187100,IOWA WESLEYAN COLLEGE                   ,IA,52641-1398,Private      ,90,105,195,720,376,1096
00187300,LORAS COLLEGE                           ,IA,52004-0178,Private      ,86,25,111,1795,145,1940
00187400,LUTHER COLLEGE                          ,IA,52101-1045,Private      ,63,13,76,2757,73,2830
00187500,MARSHALLTOWN COMMUNITY COLLEGE          ,IA,50158-4760,Public       ,126,232,358,573,631,1204
00187700,NORTH IOWA AREA COMMUNITY COLLEGE       ,IA,50401-7299,Public       ,319,299,618,1593,838,2431
00187900,MORNINGSIDE COLLEGE                     ,IA,51106-1751,Private      ,69,107,176,1496,373,1869
00188000,MOUNT MERCY COLLEGE                     ,IA,52402-4797,Private      ,76,139,215,988,629,1617
00188100,ASHFORD UNIVERSITY                      ,IA,52732-3997,Proprietary  ,636,14363,14999,1482,27588,29070
00188300,NORTHWESTERN COLLEGE                    ,IA,51041-1996,Private      ,80,20,100,1490,100,1590
00188700,SIMPSON COLLEGE                         ,IA,50125-1297,Private      ,126,128,254,2113,455,2568
00188900,ST AMBROSE UNIVERSITY                   ,IA,52803-2898,Private      ,262,270,532,2628,1136,3764
00189000,UNIVERSITY OF NORTHERN IOWA             ,IA,50614-0705,Public       ,1087,694,1781,9790,2626,12416
00189100,UNIVERSITY OF DUBUQUE                   ,IA,52001-5099,Private      ,137,96,233,1580,470,2050
00189200,UNIVERSITY OF IOWA                      ,IA,52242-1316,Public       ,1377,1264,2641,16405,8480,24885
00189300,UPPER IOWA UNIVERSITY                   ,IA,52142-9206,Private      ,195,1286,1481,1288,3651,4939
00189400,VENNARD COLLEGE                         ,IA,52595-0029,Private      ,18,7,25,60,18,78
00189500,WALDORF COLLEGE                         ,IA,50436-1700,Private      ,75,16,91,638,77,715
00189600,WARTBURG COLLEGE                        ,IA,50677-2200,Private      ,47,16,63,2396,67,2463
00189700,WARTBURG THEOLOGICAL SEMINARY           ,IA,52004-5004,Private      ,0,15,15,5,146,151
00190000,WILLIAM PENN UNIVERSITY                 ,IA,52577-1799,Private      ,145,256,401,999,1204,2203
00396300,AIB COLLEGE OF BUSINESS                 ,IA,50321-1799,Private      ,67,112,179,632,576,1208
00407500,ESTRN IOWA COMMUNITY COLLEGE DIST       ,IA,52801-1221,Public       ,10,21,31,43,61,104
00407501,CLINTON COMMUNITY COLLEGE               ,IA,52732-0000,Public       ,121,166,287,375,468,843
00407502,MUSCATINE COMMUNITY COLLEGE             ,IA,52761-0000,Public       ,90,151,241,408,384,792
00407503,SCOTT COMMUNITY COLLEGE                 ,IA,52722-0000,Public       ,344,685,1029,1066,2001,3067
00407600,KIRKWOOD COMMUNITY COLLEGE              ,IA,52406-2068,Public       ,1452,1759,3211,6254,4871,11125
00423300,MERCY/ST. LUKE'S SCH RAD TECH           ,IA,52402-0000,Private      ,0,1,1,6,8,14
00458600,KAPLAN UNIVERSITY                       ,IA,52807-2095,Proprietary  ,1924,24572,26496,3927,69793,73720
00458604,KAPLAN UNIVERSITY - CEDAR RAPIDS        ,IA,52404-2998,Proprietary  ,42,203,245,165,816,981
00458605,KAPLAN UNIVERSITY - DES MOINES          ,IA,50323-5702,Proprietary  ,73,272,345,251,1071,1322
00458606,KAPLAN UNIVERSITY - MASON CITY          ,IA,50401-4665,Proprietary  ,30,133,163,104,500,604
00458607,KAPLAN UNIVERSITY - CEDAR FALLS         ,IA,50613-6309,Proprietary  ,56,257,313,157,779,936
00458610,KAPLAN UNIVERSITY - COUNCIL BLUFFS      ,IA,51503-5289,Proprietary  ,15,96,111,46,383,429
00458700,NORTHEAST IOWA COMMUNITY COLLEGE        ,IA,52132-0400,Public       ,149,197,346,667,610,1277
00458701,NORTHEAST IOWA COMMUNITY COLLEGE        ,IA,52068-0000,Public       ,296,364,660,971,898,1869
00459500,HAWKEYE COMMUNITY COLLEGE               ,IA,50701-0000,Public       ,728,774,1502,2827,1865,4692
00459800,IOWA WESTERN CMTY CLG-COUNCIL BLUFF     ,IA,51502-0000,Public       ,549,480,1029,2259,1706,3965
00460000,NORTHWEST IOWA COMMUNITY COLLEGE        ,IA,51201-1046,Public       ,74,89,163,447,269,716
00626700,IOWA METHODIST MEDICAL CENTER SCHOOLS   ,IA,50309-1499,Private      ,1,6,7,14,31,45
00627300,MERCY COLLEGE OF HEALTH SCIENCES        ,IA,50309-1239,Private      ,74,145,219,382,579,961
00712000,DES MOINES AREA CMTY COLLEGE            ,IA,50021-0000,Public       ,1290,1927,3217,4994,5936,10930
00712100,FAITH BAPTIST BIBLE CLG & THEOL SEM     ,IA,50021-0000,Private      ,57,34,91,311,72,383
00729100,ST LUKE'S COLLEGE                       ,IA,51104-0263,Private      ,6,18,24,99,90,189
00731600,WESTERN IOWA TECH COMMUNITY COLLEGE     ,IA,51106-0000,Public       ,425,777,1202,1314,1972,3286
00758800,CAPRI COLLEGE                           ,IA,52004-0873,Proprietary  ,61,61,122,155,148,303
00761100,EQ SCHOOL OF HAIR DESIGN                ,IA,51503-0813,Proprietary  ,15,7,22,37,42,79
00765600,AMERICAN COLLEGE OF HARISTYLING -CR     ,IA,52402-0000,Proprietary  ,2,8,10,3,23,26
00765800,AMER COLL OF HAIRSTYLING-DES MOINES     ,IA,50309-5446,Proprietary  ,6,11,17,8,26,34
00765900,LA JAMES COLLEGE OF HAIRSTYLING         ,IA,50401-3308,Proprietary  ,25,26,51,87,48,135
00771700,CAPRI COLLEGE                           ,IA,52807-2622,Proprietary  ,8,10,18,34,29,63
00794100,COLLEGE OF HAIR DESIGN                  ,IA,50703-1834,Proprietary  ,4,18,22,15,34,49
00811600,DAYTON'S SCHOOL OF HAIR DESIGN          ,IA,52601-0000,Proprietary  ,5,10,15,5,16,21
00826000,IOWA SCHOOL OF BEAUTY INC               ,IA,50322-0000,Proprietary  ,22,44,66,49,91,140
00840300,INDIAN HILLS COMMUNITY COLLEGE          ,IA,52501-1398,Public       ,384,547,931,1508,1518,3026
00840301,INDIAN HILLS COMMUNITY COLLEGE          ,IA,52544-0000,Public       ,48,72,120,190,219,409
00842400,LA JAMES INTERNATIONAL COLLEGE          ,IA,50501-5577,Proprietary  ,14,11,25,77,40,117
00959300,LA'JAMES COLLEGE OF HAIRSTYLING         ,IA,52240-0000,Proprietary  ,34,18,52,77,45,122
01111300,MAHARISHI UNIV OF MANAGEMENT            ,IA,52557-0001,Private      ,25,42,67,130,208,338
01206400,HAMILTON TECHNICAL COLLEGE              ,IA,52807-2653,Proprietary  ,29,92,121,85,203,288
01230000,PALMER COLLEGE OF CHIROPRACTIC          ,IA,52803-5287,Private      ,13,164,177,76,2365,2441
01300600,LA' JAMES INTERNATIONAL COLLEGE-CF      ,IA,50613-5242,Proprietary  ,30,23,53,78,47,125
02090300,CAPRI COLLEGE                           ,IA,52404-0000,Proprietary  ,11,16,27,39,43,82
02134500,LA JAMES INTERNATIONAL COLLEGE - DAV    ,IA,52806-3952,Proprietary  ,18,13,31,37,37,74
02160900,"SALON PROFESSIONAL ACADEMY, THE         ",IA,50010-0000,Proprietary  ,47,10,57,120,32,152
02262500,FAUST INSTITUTE OF COSMETOLOGY          ,IA,50588-0000,Proprietary  ,14,14,28,33,25,58
02274100,LA' JAMES INTERNATIONAL COLLEGE - DM    ,IA,50131-0000,Proprietary  ,48,38,86,115,79,194
02289000,AMERICAN HAIR ACADEMY                   ,IA,52627-4530,Proprietary  ,7,1,8,15,17,32
02306900,IOWA SCHOOL OF BEAUTY                   ,IA,52501-0000,Proprietary  ,10,11,21,21,28,49
02328900,EMMAUS BIBLE COLLEGE                    ,IA,52001-0000,Private      ,42,7,49,209,26,235
02330900,IOWA SCHOOL OF BEAUTY                   ,IA,50158-0000,Proprietary  ,6,4,10,11,16,27
02333200,DAYTON'S SCHOOL OF HAIR DESIGN          ,IA,52632-0000,Proprietary  ,1,6,7,3,9,12
02609200,VATTEROTT COLLEGE                       ,IA,50321-4704,Proprietary  ,24,113,137,97,346,443
03069100,ALLEN COLLEGE                           ,IA,50703-1916,Private      ,19,45,64,254,234,488
03441300,IOWA SCHOOL OF BEAUTY                   ,IA,51106-5111,Proprietary  ,6,7,13,25,25,50
03607400,TOTAL LOOK SCHOOL OF COSMETOLOGY AND MAS,IA,52136-1053,Proprietary  ,0,1,1,6,8,14
03720300,CARLSON COLLEGE OF MASSAGE THERAPY      ,IA,52205-7519,Proprietary  ,7,14,21,22,29,51
04089300,BIO-CHI INSTITUTE OF MASSAGE THERAPY    ,IA,51103-2138,Proprietary  ,1,6,7,2,14,16
00259600,ATLANTIC COMMUNITY COLLEGE              ,NJ,08330-2699,Public       ,723,890,1613,3001,2759,5760
00259700,BLOOMFIELD COLLEGE                      ,NJ,07003-3425,Private      ,217,246,463,2213,1088,3301
00259800,CALDWELL COLLEGE                        ,NJ,07006-6195,Private      ,90,236,326,1338,779,2117
00259900,CENTENARY COLLEGE                       ,NJ,07840-2184,Private      ,146,209,355,1536,828,2364
00260000,COLLEGE OF SAINT ELIZABETH              ,NJ,07960-6989,Private      ,52,147,199,677,555,1232
00260100,CUMBERLAND COUNTY COLLEGE               ,NJ,08362-0517,Public       ,317,454,771,1797,1859,3656
00260300,DREW UNIVERSITY                         ,NJ,07940-4063,Private      ,89,86,175,3259,470,3729
00260700,FAIRLEIGH DICKINSON UNIV-TEANECK        ,NJ,07666-1996,Private      ,195,533,728,2558,1732,4290
00260701,FAIRLEIGH DICKINSON UNIV-FLORHAM        ,NJ,07940-0000,Private      ,119,111,230,2130,444,2574
00260702,FAIRLEIGH DICKINSON UNIV-ED WMS CLG     ,NJ,07601-0000,Private      ,11,22,33,124,84,208
00260703,FAIRLEIGH DICKINSON UNIVERSITY          ,NJ,07940-0000,Private      ,81,145,226,1520,560,2080
00260800,GEORGIAN COURT UNIVERSITY               ,NJ,08701-2697,Private      ,163,425,588,1322,1393,2715
00260900,ROWAN UNIVERSITY                        ,NJ,08028-1702,Public       ,967,604,1571,10455,2833,13288
00261000,FELICIAN COLLEGE                        ,NJ,07644-2198,Private      ,143,276,419,1587,911,2498
00261300,NEW JERSEY CITY UNIVERSITY              ,NJ,07305-1597,Public       ,512,996,1508,4176,3998,8174
00261500,MIDDLESEX COUNTY COLLEGE                ,NJ,08818-3050,Public       ,1080,799,1879,4930,2935,7865
00261600,MONMOUTH UNIVERSITY                     ,NJ,07764-1898,Private      ,484,403,887,6711,1779,8490
00261700,MONTCLAIR STATE UNIVERSITY              ,NJ,07043-9987,Public       ,1272,1096,2368,14031,4781,18812
00261900,NEW BRUNSWICK THEOLOGICAL SEMINARY      ,NJ,08901-0000,Private      ,2,23,25,22,94,116
00262100,NEW JERSEY INST OF TECHNOLOGY           ,NJ,07102-1982,Public       ,352,445,797,4221,1674,5895
00262200,KEAN UNIVERSITY                         ,NJ,07083-7131,Public       ,971,1274,2245,8927,5337,14264
00262400,OCEAN COUNTY COLLEGE                    ,NJ,08754-2001,Public       ,856,670,1526,4113,2174,6287
00262500,WILLIAM PATERSON UNIVERSITY             ,NJ,07470-2152,Public       ,841,626,1467,8781,2852,11633
00262600,PRINCETON THEOLOGICAL SEMINARY          ,NJ,08542-0000,Private      ,0,31,31,8,569,577
00262700,PRINCETON UNIVERSITY                    ,NJ,08544-0001,Private      ,165,82,247,12504,1184,13688
00262800,RIDER UNIVERSITY                        ,NJ,08648-3099,Private      ,356,277,633,6188,1260,7448
00262900,"RUTGERS, THE STATE UNIVERSITY OF NJ     ",NJ,08901-1281,Public       ,2704,2204,4908,38151,16010,54161
00263200,SETON HALL UNIVERSITY                   ,NJ,07079-2697,Private      ,391,628,1019,8925,2771,11696
00263201,SETON HALL UNIVERSITY - SCHOOL OF LAW   ,NJ,07079-5210,Private      ,7,203,210,174,2075,2249
00263800,ST PETER'S COLLEGE                      ,NJ,07306-5997,Private      ,176,238,414,3126,855,3981
00263900,STEVENS INSTITUTE OF TECHNOLOGY         ,NJ,07030-5370,Private      ,85,122,207,2935,375,3310
00264200,COLLEGE OF NEW JERSEY (THE)             ,NJ,08628-0718,Public       ,446,176,622,9398,849,10247
00264300,UNION COUNTY COLLEGE                    ,NJ,07016-1598,Public       ,1195,1507,2702,3729,4469,8198
00473600,BERGEN COMMUNITY COLLEGE                ,NJ,07652-1595,Public       ,1418,979,2397,5428,3014,8442
00474000,MERCER COUNTY COMMUNITY COLLEGE         ,NJ,08690-0000,Public       ,691,985,1676,2500,2935,5435
00539900,MONMOUTH COUNTY VOCATIONAL SCH DIST     ,NJ,07728-5033,Public       ,15,22,37,35,53,88
00545200,TETERBORO SCH OF AERONAUTICS            ,NJ,07608-1083,Proprietary  ,29,29,58,55,64,119
00546000,SOMERSET COUNTY TECHNICAL INSTITUTE     ,NJ,08807-0350,Public       ,17,47,64,39,108,147
00546100,SALEM COMMUNITY COLLEGE                 ,NJ,08069-2799,Public       ,143,176,319,491,534,1025
00641000,C E GREGORY SCHOOL OF NURSING           ,NJ,08857-0000,Private      ,1,4,5,21,30,51
00641700,HOLY NAME HOSPITAL SCH OF NURSING       ,NJ,07666-4254,Private      ,12,39,51,83,131,214
00642000,MOUNTAINSIDE HOSP SCH NRSG              ,NJ,07042-4898,Proprietary  ,10,38,48,39,134,173
00642100,MUHLENBERG SNYDER SCHOOLS               ,NJ,07061-3399,Private      ,26,87,113,116,398,514
00642900,ST FRANCIS MEDICAL CTR SCH NURSING      ,NJ,08629-1986,Private      ,1,8,9,21,41,62
00642902,ST FRANCIS MED CTR RAD TECH             ,NJ,08629-0000,Private      ,0,1,1,5,8,13
00686500,CAMDEN COUNTY COLLEGE                   ,NJ,08012-3240,Public       ,1160,1652,2812,5336,5505,10841
00690100,GLOUCESTER COUNTY COLLEGE               ,NJ,08080-4249,Public       ,552,552,1104,2497,1597,4094
00710700,ESSEX COUNTY COLLEGE                    ,NJ,07102-1798,Public       ,1260,1752,3012,4134,5364,9498
00736203,STUART SCHOOL OF BUSINESS ADMINISTRATION,NJ,07719-3970,Proprietary  ,1,3,4,7,58,65
00750200,BERKELEY COLLEGE                        ,NJ,07424-3367,Proprietary  ,291,337,628,1586,1293,2879
00750201,BERKELEY COLLEGE                        ,NJ,07095-0000,Proprietary  ,114,115,229,591,428,1019
00750202,BERKELEY COLLEGE - PARAMUS              ,NJ,07652-2931,Proprietary  ,81,87,168,443,299,742
00750600,LINCOLN TECHNICAL INSTITUTE             ,NJ,07083-5032,Proprietary  ,302,391,693,604,622,1226
00750601,LINCOLN TECHNICAL INSTITUTE             ,NJ,07430-0000,Proprietary  ,151,96,247,457,294,751
00750700,GIBBS COLLEGE                           ,NJ,07039-1611,Proprietary  ,16,19,35,335,482,817
00750701,KATHARINE GIBBS - PISCATAWAY            ,NJ,08854-0000,Proprietary  ,8,10,18,93,131,224
00759300,PARISIAN BEAUTY ACADEMY                 ,NJ,07601-5509,Proprietary  ,46,52,98,74,81,155
00772900,COUNTY COLLEGE OF MORRIS                ,NJ,07869-0000,Public       ,647,358,1005,2563,1093,3656
00773000,BURLINGTON COUNTY COLLEGE               ,NJ,08068-1599,Public       ,613,704,1317,2888,2337,5225
00773100,RARITAN VALLEY COMMUNITY COLLEGE        ,NJ,08876-1265,Public       ,399,364,763,1645,1094,2739
00794700,BETH MEDRASH GOVOHA OF AMERICA          ,NJ,08701-0000,Private      ,67,481,548,121,1060,1181
00840400,BROOKDALE COMMUNITY COLLEGE             ,NJ,07738-1597,Public       ,1387,971,2358,4702,2745,7447
00844101,ANTHEM INSTITUTE                        ,NJ,08002-0000,Proprietary  ,3,13,16,12,40,52
00849400,HO HO KUS SCHL OF TRADE & TECH SCIENCES ,NJ,07513-1402,Proprietary  ,25,52,77,46,101,147
00860900,RABBINICAL COLLEGE OF AMERICA           ,NJ,07960-3600,Private      ,45,5,50,50,6,56
00907800,CAPRI INSTITUTE OF HAIR DESIGN          ,NJ,07011-2111,Proprietary  ,26,37,63,51,78,129
00934400,RAMAPO COLLEGE OF NEW JERSEY            ,NJ,07430-1680,Public       ,426,156,582,5608,753,6361
00934500,RICHARD STOCKTON COLLEGE OF NJ          ,NJ,08240-0195,Public       ,581,375,956,6516,2076,8592
00982804,EVEREST INSTITUTE - SOUTH PLAINFIELD    ,NJ,07080-1125,Proprietary  ,51,123,174,84,250,334
00999400,PASSAIC COUNTY COMMUNITY COLLEGE        ,NJ,07505-1179,Public       ,909,1176,2085,2547,2827,5374
01039400,UNIV OF MEDICINE & DENTISTRY OF NJ      ,NJ,07107-0000,Public       ,22,526,548,177,4089,4266
01062900,P B COSMETOLOGY EDUCATION CENTRE        ,NJ,08030-1750,Proprietary  ,33,33,66,81,61,142
01085100,ANTHEM INSTITUTE                        ,NJ,07054-3409,Proprietary  ,231,360,591,541,939,1480
01085101,ANTHEM INSTITUTE                        ,NJ,07306-0000,Proprietary  ,8,12,20,41,43,84
01085102,ANTHEM INSTITUTE                        ,NJ,08902-0000,Proprietary  ,9,14,23,32,45,77
01090300,RIZZIERI INSTITUTE                      ,NJ,08053-1800,Proprietary  ,20,32,52,80,68,148
01152300,MORRIS COUNTY SCHOOL OF TECHNOLOGY      ,NJ,07834-0000,Public       ,11,13,24,40,26,66
01170800,NATURAL MOTION INST OF HAIR DESIGN      ,NJ,07306-5496,Proprietary  ,13,33,46,38,73,111
01198900,TALMUDICAL ACADEMY                      ,NJ,07710-0000,Private      ,24,0,24,31,1,32
01209000,REIGNBOW BEAUTY ACADEMY                 ,NJ,08861-4118,Proprietary  ,20,70,90,26,113,139
01234600,DOVER BUSINESS COLLEGE                  ,NJ,07652-0000,Proprietary  ,119,251,370,210,493,703
01234602,DOVER BUSINESS COLLEGE                  ,NJ,07801-4643,Proprietary  ,35,114,149,78,230,308
01246100,LINCOLN TECHNICAL INSTITUTE             ,NJ,08820-2896,Proprietary  ,123,207,330,321,479,800
01246102,LINCOLN TECHNICAL INSTITUTE             ,NJ,08054-0000,Proprietary  ,99,247,346,180,558,738
01246103,LINCOLN TECHNICAL INSTITUTE             ,NJ,07652-2106,Proprietary  ,125,243,368,229,382,611
01246200,HOHOKUS - HACKENSACK SCHOOL OF BUSINESS ,NJ,07601-7197,Proprietary  ,48,206,254,131,538,669
01295400,HUDSON COUNTY COMMUNITY COLLEGE         ,NJ,07306-4012,Public       ,1113,1322,2435,3261,3881,7142
02053700,EASTWICK COLLEGE                        ,NJ,07446-0000,Proprietary  ,96,277,373,160,500,660
02061800,ROMAN ACADEMY OF BEAUTY CULTURE         ,NJ,07506-0000,Proprietary  ,13,15,28,16,17,33
02092300,HOHOKUS SCHOOL - RETS/NUTLEY            ,NJ,07110-0000,Proprietary  ,74,117,191,161,267,428
02103700,CAPRI INSTITUTE OF HAIR DESIGN          ,NJ,07652-0000,Proprietary  ,29,23,52,40,40,80
02104000,HARRIS SCHOOL OF BUSINESS               ,NJ,08002-2983,Proprietary  ,102,434,536,160,804,964
02106601,FOX INSTITUTE OF BUSINESS - CLIFTON     ,NJ,07011-2345,Proprietary  ,27,71,98,27,72,99
02131100,DU CRET SCHOOL OF THE ARTS              ,NJ,07060-0000,Private      ,8,5,13,20,9,29
02131600,PENNCO TECH                             ,NJ,08012-0000,Proprietary  ,198,263,461,304,405,709
02132300,BERDAN INSTITUTE                        ,NJ,07512-0000,Proprietary  ,115,218,333,188,300,488
02146800,JOE KUBERT SCH OF CARTOON & GRAPHIC     ,NJ,07801-0000,Proprietary  ,6,4,10,61,36,97
02149800,EMPIRE BEAUTY SCHOOL                    ,NJ,08021-0000,Proprietary  ,51,106,157,96,271,367
02149801,EMPIRE BEAUTY SCHOOL - BORDENTOWN       ,NJ,08505-1513,Proprietary  ,0,2,2,3,6,9
02154000,DIVERS ACAD OF EASTERN SEABOARD         ,NJ,08081-1139,Proprietary  ,25,51,76,41,93,134
02183600,CAPRI INSTITUTE OF HAIR DESIGN          ,NJ,07033-0000,Proprietary  ,26,44,70,33,58,91
02192200,THOMAS EDISON STATE COLLEGE             ,NJ,08608-0000,Public       ,62,1062,1124,232,3364,3596
02219600,OMEGA INSTITUTE                         ,NJ,08109-0000,Proprietary  ,23,42,65,43,93,136
02223700,NEW HORIZON INST OF COSMETOLOGY         ,NJ,07093-0000,Proprietary  ,11,94,105,13,108,121
02223900,DRAKE COLLEGE OF BUSINESS               ,NJ,07201-0000,Proprietary  ,136,958,1094,201,1416,1617
02232500,UNION COUNTY VOCATIONAL TECH INST       ,NJ,07076-0000,Public       ,21,18,39,54,48,102
02234600,SHORE BEAUTY SCHOOL                     ,NJ,08232-0000,Proprietary  ,21,20,41,32,37,69
02246000,ROSS UNIVERSITY - MEDICAL SCHOOL        ,NJ,08837-0000,Proprietary  ,1,517,518,14,3697,3711
02248600,COOPER HEALTH SYS-CTR ALLIED HEALTH     ,NJ,08103-0000,Private      ,3,18,21,16,55,71
02252700,CONCORDE SCHOOL OF HAIR DESIGN          ,NJ,07712-0000,Proprietary  ,50,91,141,73,150,223
02252701,CONCORDE SCHOOL OF HAIR DESIGN - BLOOMFI,NJ,07003-2517,Proprietary  ,1,8,9,1,13,14
02261800,EUROPEAN ACADEMY OF COSMETOLOGY         ,NJ,07083-0000,Proprietary  ,23,43,66,41,98,139
02265500,CAPRI INSTITUTE OF HAIR DESIGN          ,NJ,08724-0000,Proprietary  ,32,46,78,51,71,122
02277900,ROSS UNIV - SCH OF VETERINARY MED       ,NJ,08837-0000,Proprietary  ,1,100,101,2,912,914
02291000,ENGINE CITY TECHNICAL INSTITUTE         ,NJ,07080-2424,Proprietary  ,32,22,54,95,63,158
02312000,BERGEN COUNTY TECHNICAL SCHOOLS         ,NJ,07601-6110,Public       ,10,21,31,30,47,77
02344200,EMPIRE BEAUTY SCHOOL                    ,NJ,08002-0000,Proprietary  ,50,65,115,102,180,282
02503900,WARREN COUNTY COMMUNITY COLLEGE         ,NJ,07882-0000,Public       ,172,129,301,523,363,886
02523700,OCEAN COUNTY VOCATIONAL-TECH SCHOOL     ,NJ,08753-0000,Public       ,32,42,74,111,163,274
02525900,ARTISTIC ACADEMY OF HAIR DESIGN         ,NJ,07950-1409,Proprietary  ,40,25,65,88,43,131
02528200,REIGNBOW BEAUTY ACADEMY                 ,NJ,07060-0000,Proprietary  ,12,30,42,20,52,72
02539903,STAR TECHNICAL INSTITUTE-EGG HARBOR     ,NJ,08234-0000,Proprietary  ,15,61,76,33,158,191
02558700,PRISM CAREER INSTITUTE                  ,NJ,08037-0000,Proprietary  ,78,299,377,131,616,747
02568800,SUSSEX COUNTY COMMUNITY COLLEGE         ,NJ,07860-1149,Public       ,390,255,645,1253,624,1877
02586900,HARRIS SCHOOL OF BUSINESS               ,NJ,08084-1520,Proprietary  ,11,37,48,27,145,172
02586901,STAR TECHNICAL INSTITUTE - LAKEWOOD     ,NJ,08701-0000,Proprietary  ,33,67,100,55,177,232
02615401,STAR TECHNICAL INSTITUTE -              ,NJ,07102-4599,Proprietary  ,19,151,170,47,363,410
02616402,SANFORD-BROWN INSTITUTE - ISELIN        ,NJ,08830-0000,Proprietary  ,153,283,436,333,830,1163
03077500,RABBI JACOB JOSEPH SCHOOL               ,NJ,08817-4494,Private      ,3,0,3,10,0,10
03122600,EASTERN INTERNATIONAL COLLEGE           ,NJ,07306-3906,Proprietary  ,40,102,142,58,154,212
03187300,STENOTECH CAREER INSTITUTE              ,NJ,07004-3490,Proprietary  ,11,19,30,25,41,66
03197300,INSTITUTE FOR HEALTH EDUCATION(THE)     ,NJ,07306-2929,Proprietary  ,11,55,66,13,72,85
03324300,CENTRAL CAREER SCHOOL                   ,NJ,07080-2408,Proprietary  ,2,14,16,3,27,30
03389300,ACADEMY OF MASSAGE THERAPY              ,NJ,07631-0000,Proprietary  ,12,55,67,22,111,133
03424500,NEW COMMUNITY WORKFORCE DEVELOPMENT     ,NJ,07103-2402,Private      ,10,108,118,18,295,313
03530300,"KEY SKILLS LEARNING, INC.               ",NJ,07013-1900,Proprietary  ,4,17,21,5,25,30
03536300,INSTITUTE FOR THERAPEUTIC MASSAGE       ,NJ,07420-1452,Proprietary  ,14,48,62,23,106,129
03574400,CORTIVA INSTITUTE - SOMERSET SCHOOL OF M,NJ,08854-3908,Proprietary  ,9,57,66,16,75,91
03625300,PERFORMANCE TRAINING INSTITUTE          ,NJ,08753-0000,Proprietary  ,1,3,4,3,4,7
03629300,HELMA INSTITUTE OF MASSAGE THERAPY      ,NJ,07663-6200,Proprietary  ,0,0,0,0,2,2
03637300,METRO AUTO ELECTRONICS TRAINING INSTITUT,NJ,07033-1798,Proprietary  ,19,18,37,28,22,50
03650600,PC AGE                                  ,NJ,07306-3936,Proprietary  ,12,45,57,13,58,71
03650603,PC AGE                                  ,NJ,08817-2842,Proprietary  ,1,5,6,6,21,27
03666300,SOMERSET CHRISTIAN COLLEGE              ,NJ,08890-9035,Private      ,7,69,76,46,143,189
03769300,PC TECH LEARNING CENTER                 ,NJ,07306-9900,Proprietary  ,20,80,100,21,100,121
03803300,HEALTHCARE TRAINING INSTITUTE           ,NJ,07083-3504,Proprietary  ,14,78,92,27,147,174
03811300,EASTERN SCHOOL OF ACUPUNCTURE AND TRADIT,NJ,07042-3562,Proprietary  ,0,6,6,3,33,36
04081300,BAIS MEDRASH TORAS CHESED               ,NJ,08701-0000,Private      ,5,1,6,6,2,8
04123400,YESHIVAS BE'ER YITZCHOK                 ,NJ,07208-2380,Private      ,0,1,1,1,1,2
04125000,GENTLE HEALING SCHOOL OF MASSAGE        ,NJ,08512-3600,Proprietary  ,1,14,15,2,19,21
04131100,YESHIVA TORAS CHAIM                     ,NJ,08701-2120,Private      ,4,0,4,14,0,14
04134100,CENTER FOR ALLIED HEALTH & NURSING EDUCA,NJ,07601-5801,Proprietary  ,18,129,147,25,168,193
        ,BROOKLYN LAW SCHOOL                     ,NY,11201-0000,Private      ,11,161,172,38,3218,3256
00266500,VAUGHN COLLEGE OF AERONAUTICS AND TECHNO,NY,11369-9997,Private      ,201,171,372,760,449,1209
00266600,ADELPHI UNIVERSITY                      ,NY,11530-4299,Private      ,377,894,1271,6497,3987,10484
00266700,DOWLING COLLEGE                         ,NY,11769-1999,Private      ,363,581,944,2487,1911,4398
00266800,ALFRED UNIVERSITY                       ,NY,14802-1205,Private      ,127,128,255,3007,508,3515
00266900,BANK STREET COLLEGE OF EDUCATION        ,NY,10025-0000,Private      ,1,99,100,6,767,773
00267100,BARD COLLEGE                            ,NY,12504-5000,Private      ,24,29,53,2739,537,3276
00267800,BRYANT & STRATTON COLLEGE               ,NY,14203-1713,Proprietary  ,535,1607,2142,1387,5031,6418
00267803,BRYANT & STRATTON COLLEGE - GREECE      ,NY,14606-4227,Proprietary  ,87,218,305,218,782,1000
00267805,BRYANT & STRATTON COLLEGE - SYRACUSE    ,NY,13203-2502,Proprietary  ,169,371,540,525,1306,1831
00267807,BRYANT & STRATTON COLLEGE - ALBANY      ,NY,12205-5230,Proprietary  ,87,196,283,238,671,909
00268100,CANISIUS COLLEGE                        ,NY,14208-1098,Private      ,250,297,547,4263,1331,5594
00268500,CAZENOVIA COLLEGE                       ,NY,13035-1085,Private      ,66,30,96,1680,93,1773
00268700,CUNY-BROOKLYN COLLEGE                   ,NY,11210-2814,Public       ,1305,1612,2917,12798,7415,20213
00268800,CITY COLLEGE-CUNY                       ,NY,10031-9198,Public       ,1366,1474,2840,13943,5848,19791
00268900,CUNY-HUNTER COLLEGE                     ,NY,10021-5024,Public       ,1504,1763,3267,20144,9107,29251
00269000,QUEENS COLLEGE-CUNY                     ,NY,11367-1597,Public       ,1519,1612,3131,11814,5668,17482
00269100,CUNY- BOROUGH OF MANHATTAN CMTY CLG     ,NY,10007-1047,Public       ,4359,3216,7575,14105,9299,23404
00269200,CUNY BRONX COMMUNITY COLLEGE            ,NY,10453-3102,Public       ,1914,1761,3675,6412,5523,11935
00269300,CUNY-JOHN JAY CLG CRIMINAL JUSTICE      ,NY,10019-1093,Public       ,1559,1169,2728,11462,4981,16443
00269400,KINGSBOROUGH COMMUNITY COLLEGE          ,NY,11235-2398,Public       ,2706,1665,4371,7724,4041,11765
00269600,NY CITY COLLEGE OF TECHNOLOGY-CUNY      ,NY,11201-2983,Public       ,2150,1545,3695,10442,5361,15803
00269700,QUEENSBOROUGH COMMUNITY COLLEGE         ,NY,11364-1497,Public       ,2061,1095,3156,6718,3078,9796
00269800,CUNY THE COLLEGE OF STATEN ISLAND       ,NY,10314-6600,Public       ,1359,870,2229,8171,3207,11378
00269900,CLARKSON UNIVERSITY                     ,NY,13699-5615,Private      ,149,30,179,3806,256,4062
00270000,COLGATE ROCHESTER CROZER DIVINITY S     ,NY,14620-0000,Private      ,0,27,27,7,73,80
00270100,COLGATE UNIVERSITY                      ,NY,13346-1386,Private      ,68,7,75,4586,53,4639
00270300,COLLEGE OF MOUNT SAINT VINCENT          ,NY,10471-1093,Private      ,178,78,256,2163,286,2449
00270400,COLLEGE OF NEW ROCHELLE                 ,NY,10805-2339,Private      ,124,1628,1752,1174,4514,5688
00270500,COLLEGE OF SAINT ROSE                   ,NY,12203-1490,Private      ,398,407,805,3932,1877,5809
00270700,COLUMBIA UNIVERSITY                     ,NY,10027-0000,Private      ,116,386,502,3747,2891,6638
00270701,COLUMBIA UNIV ARCHITECTURE              ,NY,10027-0000,Private      ,0,42,42,34,697,731
00270702,COLUMBIA UNIV SCHOOL OF THE ARTS        ,NY,10027-0000,Private      ,11,62,73,88,1250,1338
00270703,COLUMBIA UNIV BUSINESS GRAD             ,NY,10027-0000,Private      ,4,131,135,30,1398,1428
00270704,COLUMBIA UNIV SCHOOL ENGIN-UNDERGRA     ,NY,10027-0000,Private      ,32,5,37,1825,53,1878
00270705,COLUMBIA UNIV SCHOOL GENERAL STUDIE     ,NY,10027-0000,Private      ,47,168,215,371,1018,1389
00270706,COLUMBIA UNIV GRAD SCHL ARTS & SCI      ,NY,10027-0000,Private      ,0,139,139,26,1417,1443
00270707,COLUMBIA UNIV SCH INTL PUB AFFAIRS      ,NY,10027-0000,Private      ,1,80,81,13,1254,1267
00270708,COLUMBIA UNIV JOURNALISM GRAD           ,NY,10027-0000,Private      ,4,22,26,17,431,448
00270710,COLUMBIA UNIV COLUMBIA COLLEGE          ,NY,10027-0000,Private      ,134,47,181,8012,266,8278
00270711,COLUMBIA UNIV SCHOOL OF LAW             ,NY,10027-0000,Private      ,4,173,177,25,4089,4114
00270712,COLUMBIA UNIV SOCIAL WORK               ,NY,10025-0000,Private      ,1,59,60,13,856,869
00270713,COLUMBIA UNIV SCHL DENT & ORAL SURG     ,NY,10032-0000,Private      ,1,8,9,4,322,326
00270714,COLUMBIA UNIV INST HUMAN NUTRITION      ,NY,10032-0000,Private      ,1,13,14,2,53,55
00270715,COLUMBIA UNIV NURSING                   ,NY,10032-0000,Private      ,6,47,53,100,684,784
00270716,COLUMBIA UNIV COLL PHYS & SURGEONS      ,NY,10032-0000,Private      ,1,22,23,17,1091,1108
00270717,COLUMBIA UNIV PHYSICAL THERAPY          ,NY,10032-0000,Private      ,0,10,10,5,119,124
00270718,COLUMBIA UNIV OCCUPATIONAL THERAPY      ,NY,10032-0000,Private      ,0,10,10,3,103,106
00270719,COLUMBIA UNIV PUBLIC HEALTH             ,NY,10032-0000,Private      ,1,49,50,5,979,984
00270720,COLUMBIA UNIV - ENGINEERING (GRAD)      ,NY,10027-0000,Private      ,1,39,40,45,289,334
00270721,COLUMBIA UNIV-CONT ED & SP PROGMS       ,NY,10027-0000,Private      ,3,110,113,13,221,234
00270800,BARNARD COLLEGE-COLUMBIA UNIV           ,NY,10027-6598,Private      ,45,14,59,3365,100,3465
00270900,CONCORDIA COLLEGE                       ,NY,10708-1998,Private      ,82,73,155,796,171,967
00271000,COOPER UNION                            ,NY,10003-7120,Private      ,68,22,90,1545,130,1675
00271100,CORNELL UNIVERSITY                      ,NY,14853-2801,Private      ,505,335,840,22793,5188,27981
00271200,D'YOUVILLE COLLEGE                      ,NY,14201-1084,Private      ,103,264,367,1429,1353,2782
00271300,DOMINICAN COLLEGE                       ,NY,10962-1299,Private      ,109,192,301,1493,677,2170
00271800,ELMIRA COLLEGE                          ,NY,14901-2099,Private      ,111,144,255,1965,469,2434
00272200,FORDHAM UNIVERSITY                      ,NY,10458-5157,Private      ,588,1297,1885,18036,8187,26223
00272600,GENERAL THEOLOGICAL SEMINARY            ,NY,10011-0000,Private      ,0,21,21,0,114,114
00272800,HAMILTON COLLEGE                        ,NY,13323-1218,Private      ,64,3,67,2652,30,2682
00272900,HARTWICK COLLEGE                        ,NY,13820-4020,Private      ,60,9,69,2474,59,2533
00273100,HOBART & WILLIAM SMITH COLLEGES         ,NY,14456-3397,Private      ,46,5,51,3114,47,3161
00273200,HOFSTRA UNIVERSITY                      ,NY,11549-1010,Private      ,836,897,1733,14502,5355,19857
00273400,HOUGHTON COLLEGE                        ,NY,14744-0128,Private      ,68,74,142,1477,226,1703
00273500,HILBERT COLLEGE                         ,NY,14075-1597,Private      ,143,76,219,972,296,1268
00273700,IONA COLLEGE                            ,NY,10801-1890,Private      ,120,158,278,6047,1026,7073
00273900,ITHACA COLLEGE                          ,NY,14850-7130,Private      ,258,46,304,11974,663,12637
00274000,JEWISH THEOLOGICAL SEMINARY OF AMER     ,NY,10027-4649,Private      ,5,22,27,118,179,297
00274200,THE JUILLIARD SCHOOL                    ,NY,10023-6588,Private      ,19,16,35,1100,552,1652
00274400,KEUKA COLLEGE                           ,NY,14478-0000,Private      ,35,208,243,1298,844,2142
00274800,LEMOYNE COLLEGE                         ,NY,13214-1399,Private      ,201,194,395,3887,854,4741
00274900,NEW YORK COLLEGE OF PODIATRIC MED       ,NY,10035-0000,Private      ,2,35,37,54,366,420
00275100,LONG ISLAND UNIVERSITY                  ,NY,11548-1326,Private      ,1607,2936,4543,10304,8083,18387
00275101,LONG ISLAND UNIVERSITY - BRENTWOOD CAMPU,NY,11717-5326,Private      ,0,0,0,12,41,53
00275102,LONG ISLAND UNIVERSITY - ROCKLAND CAMPUS,NY,10962-0000,Private      ,0,0,0,5,21,26
00275104,LONG ISLAND UNIVERSITY - NEW YORK UNIVER,NY,10011-0000,Private      ,0,0,0,114,52,166
00275105,LONG ISLAND UNIVERSITY - WEST POINT CAMP,NY,10966-0000,Private      ,0,0,0,59,4,63
00275106,LONG ISLAND UNIVERSITY - JEWISH BOARD OF,NY,10019-0000,Private      ,0,0,0,8,2,10
00275107,LONG ISLAND UNIVERSITY - QUEENS DISTRICT,NY,11364-0000,Private      ,0,0,0,8,3,11
00275108,LONG ISLAND UNIVERSITY - FREEPORT PUBLIC,NY,11520-3144,Private      ,0,0,0,5,1,6
00275109,LONG ISLAND UNIVERSITY - LOCUST VALLEY H,NY,11560-1105,Private      ,0,0,0,1,1,2
00275110,LONG ISLAND UNIVERSITY - WESTBURY SENIOR,NY,11568-1619,Private      ,0,0,0,119,24,143
00275111,LONG ISLAND UNIVERSITY - BABYLON SENIOR ,NY,11702-2222,Private      ,0,0,0,5,0,5
00275112,LONG ISLAND UNIVERSITY - HARBORFIELDS HI,NY,11740-1432,Private      ,0,0,0,1,0,1
00275113,LONG ISLAND UNIVERSITY - SOUTH SIDE HIGH,NY,11570-2248,Private      ,0,0,0,0,2,2
00275115,LONG ISLAND UNIVERSITY - SOUTHAMPTON COL,NY,11548-1326,Private      ,0,0,0,182,33,215
00275116,LONG ISLAND UNIV-BROOKLYN CAMPUS        ,NY,11548-1326,Private      ,0,0,0,645,138,783
00275800,MANHATTAN COLLEGE                       ,NY,10471-4098,Private      ,257,109,366,5043,329,5372
00275900,MANHATTAN SCHOOL OF MUSIC               ,NY,10027-4698,Private      ,26,21,47,642,722,1364
00276000,MANHATTANVILLE COLLEGE                  ,NY,10577-2132,Private      ,83,191,274,2770,775,3545
00276300,MARIA COLLEGE                           ,NY,12208-1798,Private      ,58,157,215,196,607,803
00276500,MARIST COLLEGE                          ,NY,12601-1387,Private      ,411,307,718,8268,876,9144
00276900,MARYMOUNT MANHATTAN COLLEGE             ,NY,10021-4597,Private      ,147,47,194,2782,228,3010
00277200,MERCY COLLEGE                           ,NY,10522-1189,Private      ,825,2357,3182,2492,5648,8140
00277500,MOLLOY COLLEGE                          ,NY,11570-1100,Private      ,198,323,521,2401,1377,3778
00277700,MEDAILLE COLLEGE                        ,NY,14214-2695,Private      ,202,419,621,1461,1247,2708
00277800,MOUNT SAINT MARY COLLEGE                ,NY,12550-3494,Private      ,204,209,413,2230,871,3101
00277900,NAZARETH COLLEGE OF ROCHESTER           ,NY,14618-3790,Private      ,226,258,484,2951,1369,4320
00278200,NEW YORK INSTITUTE OF TECHNOLOGY        ,NY,11568-8000,Private      ,729,1094,1823,4544,3527,8071
00278202,NY INSTITUTE OF TECHNOLOGY-OSTEOPATHIC M,NY,11568-0000,Private      ,63,173,236,71,1196,1267
00278300,NEW YORK LAW SCHOOL                     ,NY,10013-0000,Private      ,1,210,211,19,3242,3261
00278400,NEW YORK MEDICAL COLLEGE                ,NY,10595-0000,Private      ,0,146,146,12,1857,1869
00278500,NEW YORK UNIVERSITY                     ,NY,10012-1091,Private      ,981,2768,3749,31670,22734,54404
00278800,NIAGARA UNIVERSITY                      ,NY,14109-2010,Private      ,284,154,438,3694,673,4367
00279000,NYACK COLLEGE                           ,NY,10960-3698,Private      ,213,755,968,1245,1761,3006
00279100,PACE UNIVERSITY - NEW YORK              ,NY,10038-1598,Private      ,392,488,880,7124,2456,9580
00279101,PACE UNIVERSITY-PLEASANTVILLE           ,NY,10570-0000,Private      ,203,203,406,3167,882,4049
00279102,PACE UNIVERSITY - WHITE PLAINS          ,NY,10603-0000,Private      ,21,255,276,254,2008,2262
00279500,PAUL SMITHS CLG OF ARTS & SCIENCES      ,NY,12970-0000,Private      ,118,29,147,1129,127,1256
00279600,POLYTECHNIC INTSTITUTE OF NEW YORK UNIV ,NY,11201-3840,Private      ,161,226,387,1803,578,2381
00279800,PRATT INSTITUTE                         ,NY,11205-3899,Private      ,308,298,606,4250,2128,6378
00280300,RENSSELAER POLYTECHNIC INSTITUTE        ,NY,12180-3590,Private      ,347,120,467,9220,511,9731
00280500,ROBERTS WESLEYAN COLLEGE                ,NY,14624-1997,Private      ,128,323,451,1505,1002,2507
00280600,ROCHESTER INSTITUTE OF TECHNOLOGY       ,NY,14623-5608,Private      ,929,511,1440,13299,2506,15805
00280700,ROCKEFELLER UNIVERSITY                  ,NY,10021-0000,Private      ,7,3,10,19,14,33
00280800,DAEMEN COLLEGE                          ,NY,14226-3592,Private      ,216,264,480,1852,755,2607
00281000,THE SAGE COLLEGES                       ,NY,12180-4199,Private      ,148,335,483,1219,1414,2633
00281200,TROCAIRE COLLEGE                        ,NY,14220-2094,Private      ,95,266,361,505,1042,1547
00281300,SARAH LAWRENCE COLLEGE                  ,NY,10708-5999,Private      ,33,38,71,2149,636,2785
00281400,SKIDMORE COLLEGE                        ,NY,12866-1632,Private      ,43,23,66,4166,96,4262
00281401,SKIDMORE COLL-UNIV WITHOUT WALLS        ,NY,12866-0000,Private      ,1,13,14,22,37,59
00281500,ST BERNARDS SCH THEOLOGY & MINISTRY     ,NY,14618-3822,Private      ,0,6,6,1,39,40
00281600,SIENA COLLEGE                           ,NY,12211-1462,Private      ,306,48,354,5334,193,5527
00281700,ST BONAVENTURE UNIVERSITY               ,NY,14778-2284,Private      ,123,117,240,2306,466,2772
00282000,ST FRANCIS COLLEGE                      ,NY,11201-4398,Private      ,402,172,574,1902,373,2275
00282100,ST JOHN FISHER COLLEGE                  ,NY,14618-3597,Private      ,173,252,425,4198,1449,5647
00282200,CHRIST THE KING SEMINARY                ,NY,14052-0607,Private      ,0,4,4,0,9,9
00282300,ST JOHN'S UNIVERSITY                    ,NY,11439-1343,Private      ,741,895,1636,20856,5558,26414
00282500,ST JOSEPH'S COLLEGE                     ,NY,11205-3688,Private      ,117,193,310,904,509,1413
00282501,ST JOSEPH'S COLLEGE-SUFFOLK CAMPUS      ,NY,11772-0000,Private      ,491,337,828,2861,1053,3914
00282900,ST LAWRENCE UNIVERSITY                  ,NY,13617-1455,Private      ,40,16,56,2961,90,3051
00283200,ST THOMAS AQUINAS COLLEGE               ,NY,10976-1050,Private      ,128,60,188,1713,271,1984
00283300,ST VLADIMIR ORTHODOX THEOL SEM          ,NY,10707-0000,Private      ,0,0,0,0,63,63
00283400,EXCELSIOR COLLEGE                       ,NY,12203-5159,Private      ,57,1462,1519,119,3699,3818
00283500,SUNY AT ALBANY                          ,NY,12222-0001,Public       ,1363,992,2355,19348,4604,23952
00283600,BINGHAMTON UNIVERSITY (SUNY)            ,NY,13902-6000,Public       ,746,449,1195,20715,2410,23125
00283700,SUNY AT BUFFALO                         ,NY,14260-0001,Public       ,1811,1662,3473,19941,9230,29171
00283800,SUNY AT STONY BROOK                     ,NY,11794-0001,Public       ,1712,1148,2860,20440,5873,26313
00283900,SUNY-DOWNSTATE MEDICAL CENTER           ,NY,11203-2098,Public       ,11,178,189,112,1783,1895
00284000,SUNY UPSTATE MEDICAL UNIVERSITY         ,NY,13210-2375,Public       ,14,75,89,181,1149,1330
00284100,SUNY BROCKPORT - FIN AID OFF            ,NY,14420-2914,Public       ,841,655,1496,8323,2380,10703
00284200,BUFFALO STATE COLLEGE - SUNY            ,NY,14222-1095,Public       ,1508,1268,2776,10307,4294,14601
00284300,SUNY COLLEGE-CORTLAND                   ,NY,13045-0900,Public       ,435,244,679,10169,1483,11652
00284400,SUNY AT FREDONIA                        ,NY,14063-1145,Public       ,555,141,696,6765,875,7640
00284500,SUNY GENESEO                            ,NY,14454-1401,Public       ,385,77,462,8922,514,9436
00284600,SUNY COLLEGE-NEW PALTZ                  ,NY,12561-2499,Public       ,484,317,801,10194,1816,12010
00284700,SUNY COLLEGE-ONEONTA                    ,NY,13820-4015,Public       ,695,126,821,9568,622,10190
00284800,SUNY OSWEGO                             ,NY,13126-3599,Public       ,839,378,1217,9343,1828,11171
00284900,SUNY COLLEGE AT PLATTSBURGH             ,NY,12901-2681,Public       ,564,275,839,6402,1241,7643
00285000,SUNY COLLEGE-POTSDAM                    ,NY,13676-2294,Public       ,442,206,648,4318,937,5255
00285100,SUNY COLLEGE OF ENVIRONMENT SCIENCE AND ,NY,13210-2778,Public       ,88,77,165,1842,474,2316
00285300,SUNY MARITIME COLLEGE                   ,NY,10465-4198,Public       ,144,47,191,1238,219,1457
00285400,SUNY COLLEGE OF TECHNOLOGY-ALFRED       ,NY,14802-9951,Public       ,377,162,539,3402,643,4045
00285500,SUNY CANTON COLG OF TECHNOLOGY          ,NY,13617-1098,Public       ,322,232,554,2479,962,3441
00285600,SUNY AG & TECH COLLEGE-COBLESKILL       ,NY,12043-9986,Public       ,436,106,542,2866,350,3216
00285700,SUNY DELHI                              ,NY,13753-1190,Public       ,354,143,497,3221,570,3791
00285800,SUNY FARMINGDALE                        ,NY,11735-1021,Public       ,767,454,1221,4641,1478,6119
00285900,SUNY COLLEGE OF AG & TECH AT MORRISVILLE,NY,13408-0901,Public       ,479,243,722,3339,803,4142
00286000,ADIRONDACK COMMUNITY COLLEGE            ,NY,12804-2004,Public       ,476,373,849,1585,1003,2588
00286100,CAYUGA COMMUNITY COLLEGE                ,NY,13021-3099,Public       ,517,504,1021,1479,1331,2810
00286200,BROOME COMMUNITY COLLEGE                ,NY,13902-1398,Public       ,801,637,1438,3226,1938,5164
00286300,CORNING COMMUNITY COLLEGE               ,NY,14830-3297,Public       ,571,607,1178,1585,1469,3054
00286400,DUTCHESS COMMUNITY COLLEGE              ,NY,12601-1595,Public       ,953,579,1532,2333,1345,3678
00286600,FASHION INSTITUTE OF TECHNOLOGY         ,NY,10001-5992,Public       ,596,394,990,6428,2095,8523
00286700,SUNY FULTON MONTGOMERY COMM CLG         ,NY,12095-3790,Public       ,425,312,737,1109,719,1828
00286800,HUDSON VALLEY COMMUNITY COLLEGE         ,NY,12180-6096,Public       ,1636,1106,2742,5638,2911,8549
00286900,JAMESTOWN COMMUNITY COLLEGE             ,NY,14701-1999,Public       ,524,478,1002,2103,1446,3549
00287000,JEFFERSON COMMUNITY COLLEGE             ,NY,13601-1897,Public       ,389,548,937,1191,1340,2531
00287100,"SUNY, MOHAWK VALLEY COMMUNITY CLG       ",NY,13501-5394,Public       ,994,662,1656,3490,1808,5298
00287200,MONROE COMMUNITY COLLEGE                ,NY,14623-5780,Public       ,2716,2342,5058,8360,6054,14414
00287300,NASSAU COMMUNITY COLLEGE                ,NY,11530-6793,Public       ,3617,1882,5499,8608,3865,12473
00287400,NIAGARA COUNTY COMMUNITY COLLEGE        ,NY,14132-9460,Public       ,794,673,1467,3186,2423,5609
00287500,ONONDAGA COMMUNITY COLLEGE              ,NY,13215-4585,Public       ,1310,1021,2331,5040,2752,7792
00287600,ORANGE COUNTY COMMUNITY COLLEGE         ,NY,10940-6441,Public       ,832,580,1412,2238,1478,3716
00287700,ROCKLAND COMMUNITY COLLEGE              ,NY,10901-3611,Public       ,837,592,1429,1813,1241,3054
00287800,SUFFOLK COMMUNITY COLLEGE               ,NY,11784-2899,Public       ,1801,836,2637,5174,2233,7407
00287801,SUFFOLK COMMUNITY CLG-W. CAMPUS         ,NY,11717-0000,Public       ,966,648,1614,2438,1621,4059
00287803,SUFFOLK COMMUNITY CLG-EASTRN CAMPUS     ,NY,11901-0000,Public       ,324,261,585,814,608,1422
00287900,SULLIVAN COUNTY COMMUNITY COLLEGE       ,NY,12759-5151,Public       ,328,195,523,1214,524,1738
00288000,ULSTER COUNTY COMMUNITY COLLEGE         ,NY,12484-0557,Public       ,391,286,677,1059,663,1722
00288100,SUNY WESTCHESTER COMMUNITY COLLEGE      ,NY,10595-1698,Public       ,1512,1136,2648,3758,2765,6523
00288200,SYRACUSE UNIVERSITY                     ,NY,13244-2130,Private      ,484,563,1047,19195,4845,24040
00288300,UTICA COLLEGE OF SYRACUSE UNIV          ,NY,13502-4892,Private      ,302,302,604,3031,1155,4186
00288500,ALBANY COLLEGE OF PHARMACY AND HEALTH SC,NY,12208-3492,Private      ,13,13,26,1601,701,2302
00288600,ALBANY LAW SCHOOL                       ,NY,12208-0000,Private      ,0,64,64,17,1428,1445
00288700,ALBANY MEDICAL COLLEGE                  ,NY,12208-0000,Private      ,5,58,63,39,949,988
00288900,UNION COLLEGE                           ,NY,12308-2311,Private      ,72,16,88,3206,72,3278
00289000,UNION THEOLOGICAL SEMINARY              ,NY,10027-0000,Private      ,0,36,36,1,297,298
00289200,UNITED STATES MERCHANT MARINE ACADEMY   ,NY,11024-1699,Public       ,28,3,31,390,10,400
00289400,UNIVERSITY OF ROCHESTER                 ,NY,14627-9000,Private      ,131,256,387,7339,1406,8745
00289401,EASTMAN SCH OF MUSIC/UNIV ROCHESTER     ,NY,14604-0000,Private      ,18,23,41,757,343,1100
00289402,UNIV OF ROCHESTER SCHL OF MEDICINE      ,NY,14642-0000,Private      ,3,50,53,43,706,749
00289500,VASSAR COLLEGE                          ,NY,12604-0008,Private      ,54,9,63,4459,65,4524
00289600,VILLA MARIA COLLEGE-BUFFALO             ,NY,14225-3999,Private      ,97,68,165,413,212,625
00289900,WAGNER COLLEGE                          ,NY,10301-4495,Private      ,166,75,241,2769,278,3047
00290000,WEBB INSTITUTE                          ,NY,11542-1398,Private      ,7,1,8,51,1,52
00290100,WELLS COLLEGE                           ,NY,13026-0500,Private      ,50,13,63,944,67,1011
00290300,YESHIVA UNIVERSITY                      ,NY,10033-3201,Private      ,315,307,622,1928,2998,4926
00290302,YESHIVA UNIVERSITY - BRONX CAMPUS       ,NY,10461-1975,Private      ,1,205,206,14,1113,1127
00397400,MESIVTHA TIFERETH JERUSALEM OF AMER     ,NY,10002-6382,Private      ,2,1,3,4,1,5
00397600,RABBINICAL ACAD MESIVTA RABBI CHAIM     ,NY,11230-4715,Private      ,0,0,0,1,0,1
00397800,RABBINICAL SEMINARY OF AMERICA          ,NY,11375-0000,Private      ,6,16,22,9,18,27
00397900,COLUMBIA UNIV TEACHERS COLLEGE          ,NY,10027-0000,Private      ,0,480,480,25,3731,3756
00405400,HEBREW UNION COL-JEWISH INST OF REL     ,NY,10012-0000,Private      ,0,2,2,0,91,91
00455301,ITT TECHNICAL INSTITUTE                 ,NY,12205-0000,Proprietary  ,72,132,204,154,259,413
00475900,"CUNY, YORK COLLEGE                      ",NY,11451-0001,Public       ,872,839,1711,6022,3050,9072
00476200,WEILL CORNELL MEDICAL COLLEGE AND GRADUA,NY,10021-0000,Private      ,1,94,95,12,837,849
00476500,CUNY GRADUATE SCH & UNIV CTR            ,NY,10016-4309,Public       ,8,472,480,40,2055,2095
00477600,CENTRAL YESHIVA TOMCHEI TMIMIM LUBA     ,NY,11230-2798,Private      ,8,2,10,20,4,24
00478800,HERKIMER COUNTY COMMUNITY COLLEGE       ,NY,13350-1598,Public       ,527,336,863,2187,900,3087
00479800,MIRRER YESHIVA CENTRAL INST             ,NY,11223-2010,Private      ,37,35,72,37,36,73
00479900,MONROE COLLEGE                          ,NY,10468-4305,Proprietary  ,1046,2009,3055,2976,5242,8218
00479901,MONROE COLLEGE                          ,NY,10801-0000,Proprietary  ,0,0,0,58,28,86
00481100,EVEREST INSTITUTE                       ,NY,14621-3007,Proprietary  ,88,354,442,256,1366,1622
00506401,ST JAMES MERCY HOSP SCH OF RAD          ,NY,14843-2197,Private      ,0,0,0,13,14,27
00506600,FAXTON ST. LUKE'S SCHOOL OF RADIOGRAPHY ,NY,13502-4856,Private      ,1,4,5,15,19,34
00520800,THE COLLEGE OF WESTCHESTER              ,NY,10602-0000,Proprietary  ,173,271,444,811,630,1441
00587700,ROBERT J HOCHSTIM SCHOOL OF RADIOG      ,NY,11572-1151,Private      ,0,0,0,0,2,2
00643501,ARNOT OGDEN MEDICAL CENTER              ,NY,14905-1676,Private      ,9,16,25,27,45,72
00643800,PHILLIPS BETH ISRAEL SCH OF NURSING     ,NY,10001-6354,Private      ,22,54,76,96,277,373
00644300,COCHRAN SCH NSG-ST JOHN RVSDE HOSP      ,NY,10701-1399,Private      ,15,73,88,59,350,409
00644500,CROUSE HOSP SCH OF NURSING              ,NY,13210-1690,Private      ,22,68,90,136,217,353
00644800,ELLIS HOSPITAL SCHOOL OF NURSING        ,NY,12308-0000,Private      ,12,32,44,46,94,140
00646101,ST ELIZABETH COLLEGE OF NURSING         ,NY,13501-2998,Private      ,16,18,34,111,159,270
00646102,ST ELIZABETH SCH OF RADIOGRAPHY         ,NY,13501-0000,Private      ,1,5,6,8,15,23
00646700,SAINT JOSEPH'S COLLEGE OF NURSING       ,NY,13203-1806,Private      ,9,15,24,164,215,379
00678200,GENESEE COMMUNITY COLLEGE               ,NY,14020-9704,Public       ,722,672,1394,2381,1673,4054
00678500,SCHENECTADY COUNTY COMMUNITY CLG        ,NY,12305-2294,Public       ,654,524,1178,1668,1328,2996
00678700,CLINTON COMMUNITY COLLEGE               ,NY,12901-5690,Public       ,271,161,432,1080,495,1575
00678800,TOMPKINS CORTLAND COMMUNITY COLLEGE     ,NY,13053-8504,Public       ,444,380,824,2076,1053,3129
00678900,COLUMBIA-GREENE COMMUNITY COLLEGE       ,NY,12534-9543,Public       ,230,156,386,837,524,1361
00679100,SUNY AT PURCHASE                        ,NY,10577-1400,Public       ,436,170,606,6323,792,7115
00702200,CUNY-LEHMAN COLLEGE                     ,NY,10468-1589,Public       ,1168,1752,2920,9476,6163,15639
00702600,"MT SINAI SCH OF MEDICINE, NY UNIV       ",NY,10029-0000,Private      ,3,69,72,7,1084,1091
00710900,SUNY COLLEGE-OLD WESTBURY               ,NY,11568-0210,Public       ,412,314,726,4189,1271,5460
00711100,NORTH COUNTRY COMMUNITY COLLEGE         ,NY,12983-2046,Public       ,176,188,364,651,460,1111
00726400,MESIFTA TORAH VODAATH RABBINCAL SEM     ,NY,11218-5209,Private      ,7,16,23,7,17,24
00727300,CUNY-BERNARD BARUCH COLLEGE             ,NY,10010-5518,Public       ,1283,1347,2630,14106,5479,19585
00730400,CULINARY INSTITUTE OF AMERICA           ,NY,12538-1499,Private      ,341,219,560,2712,1061,3773
00737200,AUSTIN'S SCHOOL OF SPA TECHNOLOGY       ,NY,12206-1513,Proprietary  ,44,104,148,78,150,228
00737500,ISLAND DRAFTING & TECHNICAL INST        ,NY,11701-2704,Proprietary  ,17,18,35,73,71,144
00738700,LONG ISLAND BEAUTY SCHOOL               ,NY,11788-4346,Proprietary  ,43,43,86,65,59,124
00738800,LONG ISLAND BEAUTY SCHOOL               ,NY,11550-3704,Proprietary  ,24,55,79,32,84,116
00739100,BEAUTY SCHOOL OF MIDDLETOWN             ,NY,10940-6574,Proprietary  ,15,49,64,30,69,99
00739400,BERKELEY COLLEGE                        ,NY,10017-0000,Proprietary  ,499,537,1036,2169,1732,3901
00739402,BERKELEY COLLEGE-WESTCHESTER CAMPUS     ,NY,10601-1533,Proprietary  ,157,80,237,685,244,929
00739800,KATHARINE GIBBS SCHOOL                  ,NY,10018-2602,Proprietary  ,72,114,186,376,642,1018
00740100,MANDL SCHOOL                            ,NY,10019-5516,Proprietary  ,46,177,223,113,547,660
00740500,WOOD TOBE-COBURN SCHOOL                 ,NY,10016-0102,Proprietary  ,126,25,151,524,101,625
00746500,AMERICAN ACADEMY OF DRAMATIC ARTS       ,NY,10016-7089,Private      ,46,28,74,276,93,369
00746600,LABORATORY INST. OF MERCHANDISING       ,NY,10022-5268,Proprietary  ,178,31,209,1392,113,1505
00746800,SCHOOL OF VISUAL ARTS                   ,NY,10010-3994,Proprietary  ,213,123,336,3418,1098,4516
00750602,LINCOLN TECHNICAL INSTITUTE             ,NY,11357-6092,Proprietary  ,183,76,259,436,186,622
00751800,APEX TECHNICAL SCHOOL                   ,NY,10011-2008,Proprietary  ,255,498,753,505,1099,1604
00752200,CONTINENTAL SCH OF BEAUTY CULTURE       ,NY,14623-3231,Proprietary  ,78,218,296,106,283,389
00753200,FINGER LAKES COMMUNITY COLLEGE          ,NY,14424-8395,Public       ,695,550,1245,2779,1498,4277
00757200,AMERICAN MUSICAL AND DRAMATIC ACAD      ,NY,10023-2106,Private      ,169,33,202,1540,269,1809
00757300,LEARNING INSTITUTE FOR BEAUTY SCIENCES  ,NY,11103-4028,Proprietary  ,24,80,104,37,131,168
00780400,CAREER ACADEMY OF NEW YORK              ,NY,10011-7307,Proprietary  ,71,204,275,170,493,663
00818900,CONTINENTAL SCH OF BEAUTY CULTURE       ,NY,14223-0000,Proprietary  ,2,4,6,5,10,15
00818902,CONTINENTAL SCHOOL OF BEAUTY CULTURE  - ,NY,14224-3402,Proprietary  ,1,1,2,4,6,10
00843500,INTERBORO INSTITUTE                     ,NY,10019-3604,Proprietary  ,0,0,0,0,1,1
00843700,CHAMPLAIN VALLEY - TEC/PRN              ,NY,12901-0000,Public       ,3,14,17,12,36,48
00849500,JAMESTOWN BUSINESS COLLEGE              ,NY,14702-0429,Proprietary  ,29,53,82,117,213,330
00861100,"CUNY, HOSTOS CMTY COLLEGE               ",NY,10451-1499,Public       ,914,1190,2104,3051,3425,6476
00861400,RABBINICAL CLG BOBOVER YESHIVA BNEI     ,NY,11219-3293,Private      ,24,0,24,24,0,24
00878800,SUNY-STUDENT LOAN SERVICE CENTER        ,NY,12144-3440,Public       ,1,1,2,21,5,26
00900300,OLEAN BUSINESS INSTITUTE INC            ,NY,14760-2691,Proprietary  ,13,19,32,31,57,88
00902900,NEIGHBORHOOD PLAYHOUSE                  ,NY,10022-5017,Private      ,4,9,13,20,22,42
00904300,ELMIRA BUSINESS INSTITUTE               ,NY,14901-2731,Proprietary  ,26,137,163,96,539,635
00907700,UTICA SCHOOL OF COMMERCE                ,NY,13501-2280,Proprietary  ,31,118,149,138,302,440
00924800,SAMARITAN HOSPITAL SCH NURSING          ,NY,12180-2475,Private      ,4,29,33,46,156,202
00928300,MIDWAY-PARIS BEAUTY SCHOOL              ,NY,11385-3453,Proprietary  ,12,34,46,15,48,63
00928400,LEARNING INST FOR BEAUTY SCIENCES       ,NY,11756-1345,Proprietary  ,38,126,164,51,159,210
00933500,MESIVTA EASTERN PKWY RABBINICAL CLG     ,NY,11218-5559,Private      ,12,3,15,12,4,16
00947900,SAINT VINCENTS CMC SI NURSING SCHOOL    ,NY,10304-3850,Private      ,16,36,52,47,107,154
00976900,METROPOLITAN COLLEGE OF NEW YORK        ,NY,10013-1919,Private      ,42,347,389,129,1260,1389
00992900,SUNY COLLEGE OF OPTOMETRY               ,NY,10036-8003,Public       ,1,9,10,16,328,344
01005100,LA GUARDIA CMTY COLLEGE - CUNY          ,NY,11101-3083,Public       ,2447,2008,4455,7307,5360,12667
01005200,JEFFERSON-LEWIS BOCES PRAC NRSGPRG      ,NY,13601-9509,Public       ,6,39,45,14,70,84
01009700,CUNY-MEDGAR W EVERS COLLEGE             ,NY,11225-2010,Public       ,945,1389,2334,3329,3879,7208
01014200,TOURO COLLEGE                           ,NY,10010-4202,Private      ,1179,3151,4330,2537,9631,12168
01014700,WESTERN SUFFOLK BOCES                   ,NY,11768-3499,Public       ,23,82,105,47,225,272
01015300,HELENE FULD COL OF NRSNG/N GEN HOSP     ,NY,10035-0000,Private      ,13,144,157,23,269,292
01028600,EMPIRE STATE COLLEGE                    ,NY,12866-4391,Public       ,194,2119,2313,580,8767,9347
01037800,RABBINICAL COLLEGE OF LONG ISLAND       ,NY,11561-3244,Private      ,20,0,20,20,0,20
01054900,KEHILATH YAKOV RABBINICAL SEMINARY      ,NY,10562-1001,Private      ,0,0,0,0,1,1
01055100,NEW YORK SCH MED & DENTAL ASSISTANT     ,NY,11101-2327,Proprietary  ,74,115,189,150,267,417
01064100,SOUTHERN WESTCHESTER BOCES              ,NY,10543-0000,Public       ,9,69,78,10,111,121
01068400,ERIE COMMUNITY COLLEGE-ALL CAMPUSES     ,NY,14203-2698,Public       ,2586,2096,4682,6852,5275,12127
01081300,AMERICAN ACAD MCALLISTER INST           ,NY,10019-3604,Private      ,15,52,67,60,210,270
01083700,SIMMONS INST OF FUNERAL SERVICE         ,NY,13207-2098,Proprietary  ,7,1,8,26,24,50
01093000,SUBURBAN TECHNICAL SCHOOL               ,NY,11550-3771,Proprietary  ,36,130,166,58,244,302
01094300,RABBINICAL COLLEGE BETH SHRAGA          ,NY,10952-3033,Private      ,5,0,5,5,0,5
01095200,PNW BOCES LPN PROGRAM                   ,NY,10598-0000,Public       ,7,51,58,8,74,82
01103100,TECHNICAL CAREER INSTITUTE              ,NY,10001-2789,Proprietary  ,944,1403,2347,1992,3611,5603
01118900,UNITED TALMUDICAL SEMINARY              ,NY,11211-7984,Private      ,0,0,0,51,0,51
01161400,CHAMPLAIN VALLEY HOSP SCH RAD TECH      ,NY,12901-1490,Private      ,3,0,3,18,8,26
01161700,NEW YORK METHODIST HOSPITAL             ,NY,11229-9023,Private      ,17,53,70,28,67,95
01164700,SBI CAMPUS - AN AFFILIATE OF SANFORD-BRO,NY,11747-3785,Proprietary  ,97,120,217,325,448,773
01167700,MEMORIAL SLOAN KETTERING CANCER CTR     ,NY,10021-6094,Private      ,0,6,6,1,13,14
01167800,SUNY INST OF TECHNOLOGY UTICA ROME      ,NY,13504-3050,Public       ,203,296,499,1547,948,2495
01182100,YESHIVATH ZICHRON MOSHE                 ,NY,12779-0580,Private      ,29,0,29,29,0,29
01183000,BERK TRADE AND BUSINESS SCHOOL          ,NY,11101-0000,Proprietary  ,8,15,23,25,47,72
01185900,WORD OF LIFE BIBLE INSTITUTE            ,NY,12860-0129,Private      ,118,24,142,483,66,549
01186000,MERCY MED CNTR SCHL OF RADIOGRAPHY      ,NY,11570-1098,Private      ,0,1,1,0,3,3
01192100,WESTCHESTER SCH OF BEAUTY CULTURE       ,NY,10550-2295,Proprietary  ,9,29,38,10,40,50
01198400,OHR HAMEIR THEOLOGICAL SEMINARY         ,NY,10566-0990,Private      ,0,0,0,0,2,2
01201100,TALMUDICAL SEM OHOLEI TORAH             ,NY,11213-3310,Private      ,48,0,48,56,0,56
01207200,PHILLIPS HAIRSTYLING INSTITUTE          ,NY,13210-1509,Proprietary  ,13,36,49,22,78,100
01210700,INSTITUTE OF DESIGN & CONSTRUCTION      ,NY,11201-5380,Private      ,12,44,56,25,74,99
01220300,MEMORIAL HOSPITAL SCH OF NURSING        ,NY,12204-1083,Private      ,9,13,22,41,107,148
01227700,NEW YORK CHIROPRACTIC COLLEGE           ,NY,13148-0800,Private      ,3,101,104,13,685,698
01229300,VEEB NASSAU CNTY SCHL OF PRACT NURS     ,NY,11553-3037,Public       ,15,78,93,39,191,230
01235800,PLAZA COLLEGE                           ,NY,11372-6300,Proprietary  ,183,259,442,385,785,1170
01236400,SAINT VINCENTS CATHOLIC MEDICAL CENTERS ,NY,11365-1535,Private      ,8,42,50,38,120,158
01240700,SCHUYLER-CHEMUNG-TIOGA BOCES            ,NY,14903-1089,Public       ,7,37,44,20,125,145
01240701,STEUBEN SCHUYLER CHEMUNG TIOGA ALLEGANY ,NY,14870-9518,Public       ,1,0,1,1,2,3
01256100,FIVE TOWNS COLLEGE                      ,NY,11746-5871,Proprietary  ,170,66,236,1308,228,1536
01258900,ERIE 1 BOCES                            ,NY,14224-0000,Public       ,29,112,141,42,180,222
01265200,ONONDAGA CORTLAND MADISON BOCES         ,NY,13090-4500,Public       ,67,215,282,119,401,520
01278300,OSWEGO COUNTY BOCES ADULT CAREERS       ,NY,13114-4498,Public       ,9,29,38,28,69,97
01292700,CENTRAL TECH NURSING PROGRAM            ,NY,13202-3092,Public       ,9,24,33,16,59,75
01302600,MACHZIKEI HADATH RABBINICAL COLLEGE     ,NY,11204-1805,Private      ,0,0,0,0,1,1
01302900,BORICUA COLLEGE                         ,NY,10032-1599,Private      ,124,415,539,291,992,1283
02056400,CAPRI COSMETOLOGY LEARNING CENTER       ,NY,10954-0000,Proprietary  ,27,44,71,50,81,131
02066200,THE NEW SCHOOL                          ,NY,10011-0000,Private      ,395,872,1267,4630,4742,9372
02069000,NEW YORK SCHOOL OF INTERIOR DESIGN      ,NY,10021-0000,Private      ,27,59,86,146,212,358
02075700,BRIARCLIFFE COLLEGE                     ,NY,11714-0000,Proprietary  ,153,102,255,996,598,1594
02075702,BRIARCLIFFE COLLEGE - PATCHOGUE         ,NY,11772-3019,Proprietary  ,91,97,188,655,436,1091
02092400,RIDLEY-LOWELL SCHOOL OF BUSINESS        ,NY,13905-0000,Proprietary  ,18,74,92,27,129,156
02093700,LONG ISLAND BUSINESS INSTITUTE          ,NY,11725-0000,Proprietary  ,116,283,399,312,948,1260
02098400,HERKIMER COUNTY BOCES                   ,NY,13350-0000,Public       ,17,56,73,42,83,125
02104300,OTSEGO AREA SCHOOL OF PRAC NURSING      ,NY,13820-0000,Public       ,6,23,29,8,31,39
02105900,HAIR DESIGN INSTITUTE AT FIFTH AVE      ,NY,11220-0000,Proprietary  ,10,25,35,14,43,57
02106800,BRAMSON ORT COLLEGE                     ,NY,11375-0000,Private      ,83,114,197,202,350,552
02110900,CATTARAUGUS/ALLEGANY BOCES              ,NY,14760-0000,Public       ,12,51,63,26,101,127
02116011,SANFORD-BROWN INSTITUTE - NEW YORK      ,NY,10003-2103,Proprietary  ,188,488,676,432,1291,1723
02118700,LONG ISLAND COLLEGE HOSPITAL - SCHOOL OF,NY,11201-6001,Private      ,16,86,102,115,265,380
02118702,LONG ISLAND COLLEGE HOSPITAL - SCHOOL OF,NY,11201-6001,Private      ,8,4,12,47,34,81
02124000,ORANGE ULSTER BOCES SCH OF PRAC NRS     ,NY,10924-9401,Public       ,4,29,33,18,95,113
02125500,CIRCLE IN THE SQUARE THEATRE SCHOOL     ,NY,10019-0000,Private      ,9,7,16,47,58,105
02126300,MADISON-ONEIDA BOCES PRAC NRS           ,NY,13478-0000,Public       ,10,61,71,19,122,141
02138500,BOCES RENSSELAER SCH OF PRAC NRSG       ,NY,12033-3221,Public       ,8,47,55,12,69,81
02145800,CAYUGA ONONDAGA BOCES                   ,NY,13021-9430,Public       ,4,15,19,15,59,74
02146000,WAYNE-FINGER LAKES BOCES                ,NY,14513-0000,Public       ,11,57,68,29,145,174
02152000,YESHIVA SHAAR HATORAH ITRI TORAH        ,NY,11418-0000,Private      ,0,0,0,2,0,2
02153600,BROOME-TIOGA BOCES PN PROG              ,NY,13905-0000,Public       ,6,30,36,18,74,92
02157900,ROCHESTER GENERAL HOSPITAL              ,NY,14621-3001,Private      ,2,10,12,16,113,129
02158200,WSHNGTN-SARTGA-WARN-HMLTN-ESX BOCES     ,NY,12839-1051,Public       ,8,6,14,25,116,141
02160100,GENEVA GENERAL HOSPITAL                 ,NY,14456-0000,Private      ,7,17,24,26,64,90
02163400,NEW YORK CAREER INSTITUTE               ,NY,10007-2801,Proprietary  ,46,134,180,166,483,649
02169100,DAVIS COLLEGE                           ,NY,13790-0000,Private      ,32,27,59,183,95,278
02170000,SWEDISH INSTITUTE                       ,NY,10001-0000,Proprietary  ,27,161,188,64,463,527
02170200,ALBANY SCHOHARIE SCHENECTADY            ,NY,12205-0000,Public       ,19,88,107,30,112,142
02171900,AILEY SCHOOL (THE)                      ,NY,10019-4402,Private      ,9,6,15,66,16,82
02172100,HAMILTON-FULTON-MONTGOMERY BOCES        ,NY,12095-0000,Public       ,13,40,53,25,49,74
02172800,DUTCHESS COUNTY BOCES SCH PRAC NURS     ,NY,12601-0000,Public       ,10,48,58,24,102,126
02173200,EMPIRE BEAUTY SCHOOL                    ,NY,10001-0000,Proprietary  ,174,206,380,312,562,874
02173201,LEARNING INSTITUTES FOR BEAUTY SCIENCES-,NY,11214-4347,Proprietary  ,0,3,3,0,3,3
02173900,ULSTER COUNTY BOCES PRACTICAL NRSG      ,NY,12466-0000,Public       ,10,59,69,17,92,109
02176000,CHERYL FELL'S SCHOOL OF BUSINESS        ,NY,14304-0000,Proprietary  ,2,15,17,8,28,36
02179400,EASTERN SUFFOLK BOCES                   ,NY,11713-0000,Public       ,37,89,126,117,444,561
02182200,NEW SCHOOL OF RADIO & TELEVISION        ,NY,12206-1106,Proprietary  ,9,21,30,22,25,47
02187300,DARKEI NOAM RABBINICAL COLLEGE          ,NY,11210-0000,Private      ,0,0,0,0,1,1
02191600,TORAH TEMIMAH TALMUDICAL SEMINARY       ,NY,11218-0000,Private      ,5,0,5,5,0,5
02192500,BELLEVUE HOSP CTR SCH RAD TECH          ,NY,10016-0000,Public       ,0,8,8,5,26,31
02193700,SAINT LAWRENCE LEWIS COUNTY BOCES       ,NY,13617-0000,Public       ,4,10,14,66,23,89
02193701,SAINT LAWRENCE LEWIS COUNTY BOCES - NORT,NY,13669-0798,Public       ,0,1,1,1,2,3
02193702,SAINT LAWRENCE LEWIS COUNTY BOCES - SOUT,NY,13642-0342,Public       ,0,1,1,2,1,3
02193703,SAINT LAWRENCE LEWIS COUNTY BOCES - ADUL,NY,13668-3238,Public       ,0,1,1,1,4,5
02199300,ORLEANS-NIAGARA BOCES                   ,NY,14132-0000,Public       ,2,10,12,10,46,56
02206000,HUNTER BUSINESS SCHOOL                  ,NY,11756-0000,Proprietary  ,53,182,235,91,365,456
02206001,HUNTER BUSINESS SCHOOL -                ,NY,11763-0000,Proprietary  ,4,3,7,21,6,27
02217800,D.HOPFER SCH NURSING AT MT.VRN HOSP     ,NY,10550-0000,Private      ,1,52,53,13,223,236
02219500,MILDRED ELLEY                           ,NY,12206-1513,Proprietary  ,94,307,401,184,738,922
02235600,ERIE 2-CHAUTAUQUA-CATTARAUGUS BOCES     ,NY,14006-0000,Public       ,13,35,48,15,105,120
02265100,YESHIVA DERECH CHAIM                    ,NY,11218-0000,Private      ,0,4,4,2,5,7
02265200,GLOBAL BUSINESS INSTITUTE               ,NY,11691-0000,Private      ,112,237,349,251,608,859
02272900,ROCKLAND COUNTY BOCES PRAC NRSG SCH     ,NY,10994-0000,Public       ,10,26,36,18,73,91
02275900,"MODERN WELDING SCHOOL, INC.             ",NY,12304-0000,Proprietary  ,24,34,58,41,47,88
02287800,NATIONAL TRACTOR TRAILER SCHOOL         ,NY,13088-2505,Proprietary  ,11,112,123,14,189,203
02294900,INSTITUTE OF AUDIO RESEARCH             ,NY,10003-0000,Proprietary  ,143,122,265,302,279,581
02306500,PROFESSIONAL BUSINESS INSTITUTE         ,NY,10002-0000,Private      ,143,191,334,370,572,942
02314200,NORTHERN WESTCHESTER SCH COSMETOL       ,NY,10566-0000,Proprietary  ,5,16,21,9,19,28
02320100,OHR SOMAYACH TANENBAUM EDUCATIONAL CENTE,NY,10952-0000,Private      ,1,0,1,3,0,3
02325600,NEW YORK INSTITUTE OF ENGLISH & BUS     ,NY,10001-0000,Private      ,24,91,115,65,235,300
02350600,YESHIVA AND KOLLEL HARBOTZAS TORAH      ,NY,11230-0000,Private      ,0,3,3,0,4,4
02454300,NEW YORK UNIVERSITY SCHOOL OF MEDICINE  ,NY,10016-6497,Private      ,11,34,45,195,1209,1404
02491400,SPANISH AMERICAN INSTITUTE              ,NY,10036-0000,Private      ,2,10,12,3,13,16
02505900,SH-OR YOSHUV RABBINICAL COLLEGE         ,NY,11691-0000,Private      ,14,10,24,19,11,30
02506000,ASSOCIATED BETH RIVKAH SCHOOLS          ,NY,11225-0000,Private      ,30,2,32,35,2,37
02506100,CITY UNIV OF NEW YORK-CENTRAL           ,NY,10021-0000,Public       ,18,52,70,508,281,789
02506200,MERCE CUNNINGHAM STUDIO                 ,NY,10014-0000,Private      ,0,0,0,0,1,1
02506800,YESHIVAT MIKDASH MELECH                 ,NY,11230-0000,Private      ,6,0,6,9,0,9
02511500,JOFFREY BALLET SCHOOL                   ,NY,10011-0000,Proprietary  ,16,1,17,40,4,44
02513500,MAR JON SCHOOL OF BEAUTY CULTURE        ,NY,14150-0000,Proprietary  ,8,21,29,17,40,57
02525600,ART INSTITUTE OF NEW YORK CITY(THE)     ,NY,10013-1917,Proprietary  ,304,214,518,1671,955,2626
02540800,"GLOBE INSTITUTE OF TECHNOLOGY, INC.     ",NY,10007-0000,Proprietary  ,124,116,240,306,362,668
02546000,TRI-STATE COLLEGE OF ACUPUNCTURE        ,NY,10011-0000,Proprietary  ,1,31,32,4,142,146
02546300,YESHIVA OF THE TELSHE ALUMNI            ,NY,10471-0000,Private      ,1,0,1,1,0,1
02550600,TALMUDICAL INST OF UPSTATE NY           ,NY,14607-0000,Private      ,0,1,1,1,1,2
02556700,SEMINAR L'MOROS BAIS YAAKOV             ,NY,11219-0000,Private      ,5,0,5,6,0,6
02572900,BUSINESS INFORMATICS CENTER             ,NY,11580-0000,Proprietary  ,22,62,84,30,73,103
02575400,FRENCH CULINARY INSTITUTE               ,NY,10013-2618,Proprietary  ,49,123,172,194,379,573
02587600,ORLO SCH HAIR DESIGN & COSMETOLOGY      ,NY,12206-1723,Proprietary  ,34,36,70,65,61,126
02599400,NEW YORK COLLEGE OF HEALTH PROFESSIONS  ,NY,11791-4413,Private      ,58,184,242,164,607,771
02600100,NEW YORK ACADEMY OF ART (THE)           ,NY,10013-2911,Private      ,10,15,25,57,130,187
02614900,SANFORD-BROWN INSTITUTE                 ,NY,10604-2910,Proprietary  ,49,157,206,135,437,572
02615001,SANFORD-BROWN INSTITUTE - GARDEN CITY   ,NY,11530-4734,Proprietary  ,1,6,7,14,25,39
02616600,SHEAR EGO INTL SCH OF HAIR DESIGN       ,NY,14617-3501,Proprietary  ,15,23,38,31,50,81
02617000,CONTINENTAL SCH OF BEAUTY CULTURE       ,NY,14020-1908,Proprietary  ,36,58,94,45,70,115
02617001,CONTINENTAL SCHOOL OF BEAUTY CULTURE - O,NY,14760-2618,Proprietary  ,0,2,2,1,4,5
02622900,BAIS MEDRASH ELYON                      ,NY,10952-3013,Private      ,4,1,5,4,1,5
03000100,YESHIVA GEDOLAH IMREI YOSEF DSPINKA     ,NY,11219-4696,Private      ,0,1,1,0,1,1
03007200,DANCE THEATRE OF HARLEM                 ,NY,10031-0000,Private      ,2,1,3,12,1,13
03027701,PACIFIC COLLEGE OF ORIENTAL MEDICINE - N,NY,10010-7108,Proprietary  ,2,135,137,8,245,253
03081600,DELAWARE CHENANGO MADISON OT. BOCES     ,NY,13815-9554,Public       ,3,26,29,8,35,43
03088500,NEW YORK INTERNATIONAL BEAUTY SCH       ,NY,10019-0000,Proprietary  ,14,59,73,35,119,154
03089700,COMPUTER CAREER CENTER                  ,NY,11530-3334,Proprietary  ,119,404,523,200,807,1007
03095500,ASA INST BUSINESS & COMPUTER TECH       ,NY,11201-5208,Proprietary  ,415,975,1390,880,2881,3761
03096200,CHARLES STUART SCHOOL                   ,NY,11229-2004,Proprietary  ,6,19,25,8,27,35
03097801,CARSTEN INSTITUTE                       ,NY,10003-1901,Proprietary  ,0,1,1,2,8,10
03099100,SUNBRIDGE COLLEGE                       ,NY,10977-0000,Private      ,0,7,7,2,50,52
03103700,ADIRONDACK BEAUTY SCHOOL                ,NY,12801-3158,Proprietary  ,8,11,19,16,20,36
03104900,SULLIVAN COUNTY BOCES                   ,NY,12754-2116,Public       ,9,25,34,16,48,64
03111100,NEW YORK PARALEGAL SCHOOL               ,NY,10007-1901,Proprietary  ,6,7,13,13,35,48
03115300,GENESEE VALLEY BOCES                    ,NY,14020-1099,Public       ,5,38,43,18,89,107
03120700,NEW YORK CONSERVATORY FOR DRAMATIC ARTS ,NY,10011-4225,Proprietary  ,62,18,80,357,84,441
03127100,YESHIVAS NOVOMINSK                      ,NY,11219-0000,Private      ,0,0,0,2,1,3
03169300,STUDIO JEWELERS                         ,NY,10016-4112,Proprietary  ,0,5,5,1,9,10
03172400,CALIBER TRAINING INSTITUTE              ,NY,10018-6504,Proprietary  ,0,0,0,21,66,87
03181400,MERKAZ BNOS                             ,NY,11204-0000,Private      ,5,45,50,9,157,166
03191300,CUNY SCHOOL OF LAW @ QUEENS COLLEGE     ,NY,11367-0000,Public       ,14,53,67,166,1107,1273
03193300,MANHATTAN SCHOOL OF COMPUTER TECH       ,NY,11230-1617,Private      ,17,83,100,36,145,181
03203300,NEW YORK INSTITUTE OF MASSAGE           ,NY,14221-6021,Proprietary  ,23,29,52,43,105,148
03216300,UNIFICATION THEOLOGICAL SEMINARY        ,NY,12507-5021,Private      ,0,4,4,1,12,13
03315300,HARLEM SCHOOL OF TECHNOLOGY             ,NY,10027-4426,Proprietary  ,3,6,9,7,13,20
03328300,FRANKLIN CAREER INSTITUTE               ,NY,11550-3003,Private      ,72,149,221,175,381,556
03342400,AMERICAN BARBER INSTITUTE               ,NY,10001-5271,Proprietary  ,18,45,63,37,89,126
03358300,ALLEN SCHOOL                            ,NY,11432-4901,Proprietary  ,94,387,481,214,863,1077
03361500,WILLSEY INSTITUTE                       ,NY,10301-1989,Proprietary  ,8,37,45,13,47,60
03380300,CULINARY ACADEMY OF LONG ISLAND         ,NY,11791-5311,Proprietary  ,39,62,101,76,130,206
03419400,NORTHEASTERN SEMINARY                   ,NY,14624-1997,Private      ,0,28,28,2,86,88
03426400,ANTHEM INSTITUTE                        ,NY,10018-0000,Proprietary  ,136,191,327,357,501,858
03433500,LIA SCHORR INSTITUTE OF COSMETIC SK     ,NY,10022-2614,Proprietary  ,2,20,22,4,41,45
03443300,NEW YORK COLLEGE OF TRADITIONAL CHINESE ,NY,11501-0000,Private      ,0,17,17,0,47,47
03537300,NEW YORK AUTOMOTIVE & DIESEL INSTIT     ,NY,11101-0000,Proprietary  ,73,87,160,90,127,217
03568300,LEON STUDIO ONE SCHOOL OF HAIR DESI     ,NY,14221-5323,Proprietary  ,17,30,47,32,49,81
03651300,SAINT JOSEPH'S MEDICAL CENTER SCHOO     ,NY,10701-4080,Private      ,4,4,8,9,8,17
03652300,METROPOLITAN LEARNING INSTITUTE         ,NY,11375-0000,Private      ,8,166,174,13,352,365
03691300,USA BEAUTY SCHOOL INTERNATIONAL         ,NY,10013-3530,Proprietary  ,11,186,197,15,252,267
03713300,BEIS MEDRASH HEICHAL DOVID              ,NY,11691-4433,Private      ,1,0,1,2,1,3
03773300,CENTER FOR NATURAL WELLNESS SCHOOL OF MA,NY,12205-1601,Proprietary  ,7,54,61,17,85,102
03809400,MICROPOWER CAREER INSTITUTE             ,NY,10001-2812,Proprietary  ,4,42,46,4,46,50
03819400,HUDSON VALLEY SCHOOL OF ADVANCED AESTHET,NY,12561-1401,Proprietary  ,7,8,15,18,15,33
03839300,AVEDA INSTITUTE NEW YORK                ,NY,10013-1522,Proprietary  ,24,45,69,77,135,212
03881300,UNION GRADUATE COLLEGE                  ,NY,12308-3103,Private      ,3,48,51,28,145,173
03903400,AMERICAN BEAUTY SCHOOL                  ,NY,10462-8003,Proprietary  ,28,105,133,41,143,184
03941400,ELITE ACADEMY OF BEAUTY ARTS            ,NY,11223-1630,Proprietary  ,10,51,61,12,64,76
03983300,"SCHOOL OF PROFESSIONAL HORTICULTURE, AT ",NY,10458-5126,Private      ,0,1,1,0,7,7
04043300,ACE COMPUTER TRAINING CENTER            ,NY,11375-5337,Proprietary  ,6,16,22,6,25,31
04095300,KING'S COLLEGE (THE)                    ,NY,10018-0110,Private      ,11,5,16,279,19,298
04102300,NEW AGE TRAINING                        ,NY,10018-0000,Proprietary  ,6,34,40,7,38,45
04115500,TALMUDICAL SEMINARY OF BOBOV            ,NY,11219-3826,Private      ,0,0,0,0,1,1
04117700,"MONROE 2-ORLEANS BOCES, CENTER FOR WORK ",NY,14624-1119,Public       ,4,11,15,6,19,25
04123200,INSTITUTE OF ALLIED MEDICAL PROFESSIONS ,NY,11373-5541,Private      ,46,278,324,52,305,357
04123300,HUDSON VALLEY SCHOOL OF MASSAGE THERAPY ,NY,12528-1426,Proprietary  ,3,20,23,7,26,33
04125600,CAREER SCHOOL OF NY                     ,NY,10301-2416,Private      ,14,12,26,14,12,26
00267808,BRYANT & STRATTON COLLEGE - PARMA       ,OH,44130-0000,Proprietary  ,181,695,876,528,2553,3081
00301000,ANTIOCH UNIVERSITY                      ,OH,45387-1608,Private      ,9,11,20,104,42,146
00301001,ANTIOCH UNIVERSITY MCGREGOR             ,OH,45387-0000,Private      ,4,247,251,12,621,633
00301010,ANTIOCH UNIVERSITY                      ,OH,45387-0000,Private      ,3,14,17,13,115,128
00301100,ART ACADEMY OF CINCINNATI               ,OH,45202-7106,Private      ,28,12,40,253,63,316
00301200,ASHLAND UNIVERSITY                      ,OH,44805-3799,Private      ,187,805,992,3183,2476,5659
00301300,ATHENAEUM OF OHIO                       ,OH,45230-2000,Private      ,1,2,3,2,6,8
00301400,BALDWIN-WALLACE COLLEGE                 ,OH,44017-2088,Private      ,289,284,573,4209,1262,5471
00301600,BLUFFTON UNIVERSITY                     ,OH,45817-2104,Private      ,68,103,171,1369,300,1669
00301800,BOWLING GREEN STATE UNIVERSITY          ,OH,43403-0001,Public       ,1558,1014,2572,15855,4709,20564
00302300,CAPITAL UNIVERSITY                      ,OH,43209-2394,Private      ,314,353,667,3585,2340,5925
00302400,CASE WESTERN RESERVE UNIV               ,OH,44106-0000,Private      ,87,120,207,5921,899,6820
00302401,CASE WESTERN RESERVE UNIV - MED         ,OH,44106-0000,Private      ,4,40,44,42,1041,1083
00302402,CASE WESTERN RESERVE UNIV - DENTAL      ,OH,44106-0000,Private      ,0,12,12,15,292,307
00302403,CASE WESTERN RESERVE UNIV - LAW         ,OH,44106-0000,Private      ,0,68,68,8,1294,1302
00302404,CASE WESTERN RESERVE UNIV - UG          ,OH,44106-0000,Private      ,11,9,20,507,58,565
00302405,CASE WESTERN RESERVE UNIV - MSASS       ,OH,44106-0000,Private      ,1,32,33,6,414,420
00302406,CASE WESTERN RESERVE UNIV - NURS UG     ,OH,44106-0000,Private      ,10,23,33,208,118,326
00302407,CASE WESTERN RESERVE UNIV - WSOM        ,OH,44106-0000,Private      ,4,60,64,14,274,288
00302408,CASE WESTERN RESERVE UNIV -A&S GRAD     ,OH,44106-0000,Private      ,3,51,54,12,310,322
00302409,CASE WESTERN RESERVE UNIV -ENG GRAD     ,OH,44106-0000,Private      ,0,18,18,21,87,108
00302410,CASE WESTERN RESERVE UNIV -NURS GRD     ,OH,44106-0000,Private      ,0,27,27,5,293,298
00302500,CEDARVILLE UNIVERSITY                   ,OH,45314-8564,Private      ,183,56,239,3510,171,3681
00302600,CENTRAL STATE UNIVERSITY                ,OH,45384-1004,Public       ,402,229,631,3357,1107,4464
00302900,CINCINNATI CHRISTIAN UNIVERSITY         ,OH,45204-3200,Private      ,118,162,280,505,502,1007
00303000,OHIO CHRISTIAN UNIVERSITY               ,OH,43113-9487,Private      ,129,289,418,331,620,951
00303100,CLEVELAND INSTITUTE OF MUSIC            ,OH,44106-1776,Private      ,7,6,13,438,329,767
00303200,CLEVELAND STATE UNIVERSITY              ,OH,44115-2214,Public       ,1063,2979,4042,6781,11209,17990
00303300,COLLEGE OF MT ST JOSEPH                 ,OH,45233-1670,Private      ,151,167,318,1520,917,2437
00303500,OHIO DOMINICAN UNIVERSITY               ,OH,43219-2099,Private      ,148,493,641,2349,1992,4341
00303600,FRANCISCAN UNIV OF STEUBENVILLE         ,OH,43952-1763,Private      ,180,118,298,2089,599,2688
00303700,COLLEGE OF WOOSTER                      ,OH,44691-2363,Private      ,94,8,102,2815,55,2870
00303900,COLUMBUS COLLEGE OF ART AND DESIGN      ,OH,43215-1758,Private      ,97,59,156,1680,333,2013
00304000,CUYAHOGA COMMUNITY COLLEGE              ,OH,44115-2878,Public       ,1658,4377,6035,5078,13410,18488
00304001,CUYAHOGA COMMUNITY CLG-EASTERN CAM      ,OH,44122-6195,Public       ,145,262,407,482,925,1407
00304002,CUYAHOGA COMMUNITY CLG-METRO CAMPUS     ,OH,44115-0000,Public       ,183,537,720,771,1778,2549
00304003,CUYAHOGA COMMUNITY CLG-WESTERN CMPS     ,OH,44130-0000,Public       ,286,301,587,1220,1219,2439
00304100,"DEFIANCE COLLEGE, THE                   ",OH,43512-1695,Private      ,72,73,145,1186,320,1506
00304200,DENISON UNIVERSITY                      ,OH,43023-1329,Private      ,39,5,44,2720,32,2752
00304300,CHANCELLOR UNIVERSITY                   ,OH,44114-1096,Private      ,19,233,252,41,437,478
00304400,TRINITY LUTHERAN SEMINARY               ,OH,43209-0000,Private      ,0,29,29,0,149,149
00304500,UNIVERSITY OF FINDLAY                   ,OH,45840-3695,Private      ,346,328,674,3054,1233,4287
00304600,FRANKLIN UNIVERSITY                     ,OH,43215-5399,Private      ,156,1531,1687,776,7095,7871
00304606,FRANKLIN UNIVERSITY - NORTHWEST         ,OH,43019-5331,Private      ,2,13,15,5,33,38
00304608,FRANKLIN UNIVERSITY - NORTHEAST         ,OH,43081-1111,Private      ,2,10,12,10,37,47
00304700,HEBREW UNION COLLEGE MAIN CAMPUS        ,OH,45220-0000,Private      ,0,5,5,0,114,114
00304800,HEIDELBERG UNIVERSITY                   ,OH,44883-2462,Private      ,117,69,186,1887,278,2165
00304900,HIRAM COLLEGE                           ,OH,44234-1808,Private      ,56,88,144,1686,269,1955
00305000,JOHN CARROLL UNIVERSITY                 ,OH,44118-4581,Private      ,234,199,433,4034,804,4838
00305100,KENT STATE UNIV - KENT CAMPUS           ,OH,44242-0001,Public       ,2006,1632,3638,17735,7936,25671
00305101,KENT STATE UNIV - GEAUGA CAMPUS         ,OH,44021-0000,Public       ,70,115,185,295,377,672
00305102,KENT STATE UNIV - STARK CAMPUS          ,OH,44720-0000,Public       ,430,493,923,1908,1675,3583
00305103,KENT STATE UNIV - TUSCARAWAS CAMPUS     ,OH,44663-0000,Public       ,180,261,441,819,959,1778
00305104,KENT STATE UNIV - TRUMBULL CAMPUS       ,OH,44483-0000,Public       ,174,259,433,767,1140,1907
00305105,KENT STATE UNIV - ASHTABULA CAMPUS      ,OH,44004-0000,Public       ,146,265,411,632,1023,1655
00305106,KENT STATE UNIV -E.LIVERPOOL CAMPUS     ,OH,43920-0000,Public       ,86,121,207,335,508,843
00305107,KENT STATE UNIV - SALEM CAMPUS          ,OH,44460-0000,Public       ,116,169,285,628,709,1337
00306500,KENYON COLLEGE                          ,OH,43022-9623,Private      ,40,3,43,2499,33,2532
00306600,LAKE ERIE COLLEGE                       ,OH,44077-3389,Private      ,97,111,208,1125,343,1468
00306800,LORAIN COUNTY COMMUNITY COLLEGE         ,OH,44035-1691,Public       ,1011,1706,2717,2795,5026,7821
00306900,LOURDES COLLEGE                         ,OH,43560-2898,Private      ,175,458,633,636,1576,2212
00307200,MALONE UNIVERSITY                       ,OH,44709-3897,Private      ,77,217,294,1992,1052,3044
00307300,MARIETTA COLLEGE                        ,OH,45750-4033,Private      ,135,53,188,2451,262,2713
00307500,METHODIST THEOLOGICAL SCH IN OHIO       ,OH,43015-0000,Private      ,0,32,32,0,210,210
00307600,MIAMI-JACOBS COLLEGE                    ,OH,45401-0000,Proprietary  ,28,230,258,115,1069,1184
00307602,MIAMI - JACOBS CAREER COLLEGE - SPRINGBO,OH,45066-1115,Proprietary  ,29,162,191,93,489,582
00307603,MIAMI - JACOBS CAREER COLLEGE - TROY    ,OH,45373-3837,Proprietary  ,38,115,153,124,541,665
00307700,MIAMI UNIVERSITY                        ,OH,45056-1831,Public       ,1184,923,2107,16307,4943,21250
00307800,WRIGHT STATE UNIVERSITY                 ,OH,45435-0002,Public       ,1296,1403,2699,11381,7850,19231
00308300,MOUNT UNION COLLEGE                     ,OH,44601-3993,Private      ,229,30,259,3129,149,3278
00308400,MUSKINGUM COLLEGE                       ,OH,43762-1199,Private      ,187,143,330,2254,490,2744
00308500,NOTRE DAME COLLEGE OF OHIO              ,OH,44121-4293,Private      ,124,278,402,1218,976,2194
00308600,OBERLIN COLLEGE                         ,OH,44074-1090,Private      ,60,11,71,4536,116,4652
00308800,OHIO COLLEGE OF PODIATRIC MEDICINE      ,OH,44131-7304,Private      ,0,22,22,5,421,426
00308900,OHIO NORTHERN UNIVERSITY                ,OH,45810-1555,Private      ,345,113,458,3927,1173,5100
00309000,OHIO STATE UNIVERSITY-ALL CAMPUSES      ,OH,43210-1358,Public       ,3281,2707,5988,41309,22280,63589
00310000,OHIO UNIVERSITY                         ,OH,45701-2979,Public       ,1411,786,2197,17768,4410,22178
00310002,"OHIO UNIVERSITY, ZANESVILLE CAMPUS      ",OH,43701-0000,Public       ,124,240,364,956,1073,2029
00310003,"OHIO UNIVERSITY, LANCASTER CAMPUS       ",OH,43130-0000,Public       ,172,239,411,842,920,1762
00310004,"OHIO UNIVERSITY, SOUTHERN CAMPUS        ",OH,45638-0000,Public       ,160,367,527,710,1194,1904
00310005,"OHIO UNIVERSITY, CHILLICOTHE CAMPUS     ",OH,45601-0000,Public       ,173,370,543,759,1343,2102
00310006,"OHIO UNIVERSITY, EASTERN CAMPUS         ",OH,43950-0000,Public       ,75,48,123,423,207,630
00310008,OHIO UNIV COLL OF OSTEOPATHIC MED       ,OH,45701-0000,Public       ,0,14,14,8,462,470
00310900,OHIO WESLEYAN UNIVERSITY                ,OH,43015-2398,Private      ,46,15,61,2679,101,2780
00311000,OTTERBEIN COLLEGE                       ,OH,43081-2006,Private      ,289,193,482,3772,872,4644
00311300,PONTIFICAL COLLEGE JOSEPHINUM           ,OH,43235-1498,Private      ,9,6,15,27,24,51
00311401,FIRELANDS REGIONAL MEDICAL CENTER       ,OH,44870-4788,Private      ,9,17,26,63,116,179
00311500,RABBINICAL COLLEGE OF TELSHE            ,OH,44092-2584,Private      ,0,14,14,1,14,15
00311600,UNIV OF RIO GRANDE                      ,OH,45674-3131,Private      ,231,382,613,1682,1322,3004
00311900,SINCLAIR COMMUNITY COLLEGE              ,OH,45402-1460,Public       ,1891,3551,5442,6054,11261,17315
00312100,TIFFIN UNIVERSITY                       ,OH,44883-2161,Private      ,261,488,749,1820,1599,3419
00312200,UNITED THEOLOGICAL SEMINARY             ,OH,45406-0000,Private      ,0,41,41,0,158,158
00312300,UNIVERSITY OF AKRON                     ,OH,44325-6211,Public       ,2151,2322,4473,17102,11394,28496
00312500,UNIVERSITY OF CINCINNATI                ,OH,45221-0125,Public       ,3592,4180,7772,20043,15379,35422
00312504,UNIV OF CINCINNATI-CLG MEDICINE         ,OH,45267-0552,Public       ,14,56,70,108,837,945
00312700,UNIVERSITY OF DAYTON                    ,OH,45469-0002,Private      ,380,673,1053,9575,3300,12875
00313100,UNIVERSITY OF TOLEDO                    ,OH,43606-3390,Public       ,1757,1622,3379,15403,7123,22526
00313101,UNIVERSITY OF TOLEDO - HEALTH SCIENCE CA,OH,43614-2598,Public       ,31,195,226,481,1549,2030
00313300,URBANA UNIVERSITY                       ,OH,43078-2091,Private      ,55,130,185,894,488,1382
00313400,URSULINE COLLEGE                        ,OH,44124-4398,Private      ,59,240,299,774,1052,1826
00313500,WALSH UNIVERSITY                        ,OH,44720-3396,Private      ,125,160,285,2385,906,3291
00314100,WILBERFORCE UNIVERSITY                  ,OH,45384-1001,Private      ,115,111,226,1228,512,1740
00314200,WILMINGTON COLLEGE                      ,OH,45177-2499,Private      ,171,103,274,1919,436,2355
00314300,WITTENBERG UNIVERSITY                   ,OH,45501-2199,Private      ,103,48,151,2859,201,3060
00314400,XAVIER UNIVERSITY                       ,OH,45207-1035,Private      ,274,486,760,4823,2391,7214
00314500,YOUNGSTOWN STATE UNIVERSITY             ,OH,44555-0001,Public       ,1228,1434,2662,8302,5998,14300
00398200,CLEVELAND INSTITUTE OF ART              ,OH,44106-1700,Private      ,41,38,79,721,157,878
00406000,WINEBRENNER THEOLOGICAL SEMINARY        ,OH,45840-0000,Private      ,0,24,24,0,55,55
00485200,CLARK STATE COMMUNITY COLLEGE           ,OH,45505-4795,Public       ,347,787,1134,1132,3040,4172
00485300,BRADFORD SCHOOL                         ,OH,43219-0000,Proprietary  ,171,103,274,573,421,994
00485500,DAVIS COLLEGE                           ,OH,43623-4307,Proprietary  ,48,208,256,113,621,734
00486100,UNIVERSITY OF NORTHWESTERN OHIO         ,OH,45805-1498,Private      ,463,275,738,3580,920,4500
00486600,STAUTZENBERGER COLLEGE                  ,OH,43537-4007,Proprietary  ,144,360,504,303,1075,1378
00510200,SCH OF DIAGNOSTIC IMAGING-CLEVELAND     ,OH,44119-0000,Private      ,1,11,12,7,36,43
00512700,BROWN MACKIE COLLEGE-CINCINNATI         ,OH,45215-1107,Proprietary  ,529,1976,2505,1172,4868,6040
00512728,BROWN MACKIE COLLEGE-CINCINNATI - LANDMA,OH,45215-1231,Proprietary  ,1,16,17,6,32,38
00521000,CLEVELAND INSTITUTE OF ELECTRONICS      ,OH,44114-0000,Proprietary  ,3,80,83,8,164,172
00531300,NORTH CENTRAL STATE COLLEGE             ,OH,44901-0000,Public       ,330,624,954,1068,2098,3166
00575300,OWENS STATE COMMUNITY COLLEGE           ,OH,43699-0000,Public       ,1855,3238,5093,5011,8848,13859
00648700,AULTMAN COLLEGE OF NURSING AND HEALTH SC,OH,44710-1799,Private      ,31,58,89,124,255,379
00648900,CHRIST HOSP SCH OF NURSING              ,OH,45219-2989,Private      ,0,0,0,30,30,60
00649400,GOOD SAMARITAN COLG-NURSING/HEALTH      ,OH,45220-2489,Private      ,33,81,114,179,311,490
00649800,MERIDIA HURON SCHOOL OF NURSING         ,OH,44112-4308,Private      ,10,113,123,47,378,425
00650700,TRINIT HEALTH SYSTEM SCH OF NURSING     ,OH,43952-2667,Private      ,4,7,11,49,87,136
00680400,LAKELAND COMMUNITY COLLEGE              ,OH,44094-5198,Public       ,745,1357,2102,2413,4536,6949
00686700,COLUMBUS STATE COMMUNITY COLLEGE        ,OH,43215-1786,Public       ,2949,4605,7554,9569,17075,26644
00703500,KETTERING COLLEGE OF MEDICAL ARTS       ,OH,45429-1299,Private      ,56,133,189,411,619,1030
00708500,MOUNT VERNON NAZARENE UNIVERSITY        ,OH,43050-9500,Private      ,174,140,314,1602,493,2095
00708501,MOUNT VERNON NAZARENE UNIV - AGS        ,OH,43050-0000,Private      ,6,268,274,42,773,815
00727500,JEFFERSON COMMUNITY COLLEGE             ,OH,43952-3598,Public       ,244,332,576,757,975,1732
00747300,CHOFFIN CAREER & TECHNICAL CENTER       ,OH,44503-1628,Public       ,7,42,49,40,195,235
00759800,HOCKING TECHNICAL COLLEGE               ,OH,45764-9582,Public       ,693,810,1503,3204,2834,6038
00777700,REMINGTON COLLEGE - CLEVELAND CAMPUS    ,OH,44125-1957,Proprietary  ,68,413,481,193,978,1171
00777704,REMINGTON COLLEGE-CLEVELAND WEST CAMPUS ,OH,44070-3129,Proprietary  ,49,118,167,111,347,458
00812900,ADULT AND COMMUNITY EDUCATION @ HUDSON  ,OH,43211-2017,Public       ,14,110,124,21,302,323
00813200,TOLEDO SCHOOL OF PRACTICAL NURSING      ,OH,43613-5110,Public       ,19,102,121,72,326,398
00813300,ZANE STATE COLLEGE                      ,OH,43701-2626,Public       ,232,502,734,969,1725,2694
00819400,AKRON SCHOOL OF PRACTICAL NRSG          ,OH,44311-0000,Public       ,3,25,28,51,157,208
00827800,TERRA COMMUNITY COLLEGE                 ,OH,43420-9670,Public       ,202,463,665,642,1263,1905
00867700,NORTHWEST STATE COMMUNITY COLLEGE       ,OH,43502-9542,Public       ,275,573,848,953,1888,2841
00888600,PORTAGE LAKES CAREER CENTER             ,OH,44232-0000,Public       ,14,38,52,27,112,139
00908800,ITT TECHNICAL INSTITUTE                 ,OH,45414-3456,Proprietary  ,219,551,770,560,1278,1838
00915600,WAYNE COUNTY SCHOOLS CAREER CENTER      ,OH,44677-9672,Public       ,12,53,65,36,171,207
00917200,SPRINGFIELD REGIONAL SCHOOL OF NURSING  ,OH,45501-1228,Private      ,16,49,65,58,164,222
00941200,NATIONAL INSTITUTE OF TECHNOLOGY        ,OH,44221-2998,Proprietary  ,58,150,208,242,569,811
00945101,BROWN MACKIE COLLEGE-NORTH CANTON       ,OH,44720-0000,Proprietary  ,12,74,86,142,864,1006
00953000,GERBER AKRON BEAUTY SCHOOL              ,OH,44333-3714,Proprietary  ,8,37,45,11,71,82
00953100,SPA SCHOOL (THE)                        ,OH,43214-1524,Proprietary  ,4,22,26,17,70,87
00966000,TIFFIN ACADEMY OF HAIR DESIGN           ,OH,44883-2833,Proprietary  ,10,21,31,31,63,94
00983700,ITT TECHNICAL INSTITUTE                 ,OH,44509-4098,Proprietary  ,158,340,498,693,1324,2017
00994100,BELMONT TECHNICAL COLLEGE               ,OH,43950-9766,Public       ,219,442,661,851,1230,2081
00994200,SHAWNEE STATE UNIVERSITY                ,OH,45662-4344,Public       ,585,498,1083,3476,1711,5187
01001700,PAYNE THEOLOGICAL SEMINARY              ,OH,45384-0474,Private      ,1,50,51,1,107,108
01002700,JAMES A. RHODES STATE COLLEGE           ,OH,45804-3597,Public       ,395,752,1147,1459,2401,3860
01016800,NATIONWIDE BEAUTY ACADEMY               ,OH,43228-1000,Proprietary  ,57,102,159,163,312,475
01028000,OHIO STATE BEAUTY ACADEMY               ,OH,45801-4950,Proprietary  ,29,46,75,76,103,179
01032300,HANNAH E MULLINS SCH-PRAC NRSG          ,OH,44460-2906,Public       ,4,20,24,12,88,100
01034500,CINCINNATI STATE TECH & COMM CLG        ,OH,45223-2690,Public       ,1111,1794,2905,3509,6476,9985
01045300,WASHINGTON STATE CMTY COLLEGE           ,OH,45750-9225,Public       ,261,477,738,847,1201,2048
01063000,NORTHERN INSTITUTE OF COSMETOLOGY       ,OH,44052-1803,Proprietary  ,3,22,25,7,43,50
01073600,MARION TECHNICAL COLLEGE                ,OH,43302-5694,Public       ,151,438,589,599,1342,1941
01088000,CHATFIELD COLLEGE                       ,OH,45118-9705,Private      ,9,74,83,44,170,214
01088100,STARK STATE COLLEGE OF TECHNOLOGY       ,OH,44720-7299,Public       ,855,1635,2490,2732,5797,8529
01090600,CINCINNATI CLG OF MORTUARY SCIENCE      ,OH,45224-1428,Private      ,15,30,45,70,118,188
01092300,UNION INSTITUTE & UNIVERSITY            ,OH,45206-1925,Private      ,13,513,526,34,1576,1610
01096200,MOORE UNIV OF HAIR DESIGN               ,OH,45213-0000,Proprietary  ,1,11,12,2,22,24
01099300,HOBART INSTITUTE OF WELDING TECHNOLOGY  ,OH,45373-2400,Private      ,26,44,70,157,116,273
01100500,KAPLAN COLLEGE                          ,OH,43232-4827,Proprietary  ,62,202,264,161,699,860
01104600,CENTRAL OHIO TECHNICAL COLLEGE          ,OH,43055-1767,Public       ,300,767,1067,1249,3769,5018
01170300,PENTA COUNTY JOINT VOCATIONAL SCH       ,OH,43551-0000,Public       ,10,56,66,24,92,116
01174400,NATIONAL BEAUTY COLLEGE                 ,OH,44720-0000,Proprietary  ,17,37,54,33,98,131
01174500,OHIO TECHNICAL COLLEGE                  ,OH,44103-1228,Proprietary  ,168,113,281,1090,319,1409
01182500,OHIO STATE SCHOOL OF COSMETOLOGY        ,OH,43224-1107,Proprietary  ,7,39,46,38,88,126
01212800,SOUTHWESTERN COLLEGE                    ,OH,45402-3003,Proprietary  ,76,332,408,166,984,1150
01212802,SOUTHWESTERN COLLEGE                    ,OH,45005-2267,Proprietary  ,24,158,182,40,361,401
01212803,SOUTHWESTERN COLLEGE                    ,OH,45202-4304,Proprietary  ,58,303,361,120,842,962
01212804,SOUTHWESTERN COLLEGE                    ,OH,45246-3121,Proprietary  ,112,459,571,208,1280,1488
01216600,CAROUSEL BEAUTY COLLEGE                 ,OH,45402-8935,Proprietary  ,34,75,109,45,124,169
01224800,CENTRAL SCHOOL OF PRACTICAL NURSING     ,OH,44103-4371,Private      ,17,59,76,41,227,268
01267200,CAROUSEL BEAUTY COLLEGE                 ,OH,45044-5113,Proprietary  ,14,16,30,20,29,49
01267400,CAROUSEL OF MIAMI VALLEY BEAUTY CLG     ,OH,45424-2063,Proprietary  ,0,2,2,0,5,5
01275000,EDISON COMMUNITY COLLEGE                ,OH,45356-9239,Public       ,193,395,588,834,1591,2425
01283800,LAURA AND ALVIN SIEGAL COLLEGE OF JUDAIC,OH,44122-7197,Private      ,0,2,2,0,7,7
01284800,MOLER-HOLLYWOOD BEAUTY COLLEGE          ,OH,45202-2577,Proprietary  ,4,58,62,12,87,99
01287000,SOUTHERN STATE COMMUNITY COLLEGE        ,OH,45133-9406,Public       ,283,569,852,833,1709,2542
01289100,ANTONELLI COLLEGE                       ,OH,45202-2592,Proprietary  ,64,127,191,196,599,795
01289600,VIRGINIA MARTI COLLEGE OF ART AND DESIGN,OH,44107-0778,Proprietary  ,61,50,111,209,152,361
01313200,INTERNATIONAL CLG OF BROADCASTING       ,OH,45431-1898,Proprietary  ,19,30,49,56,103,159
02052000,OHIO INST OF PHOTOGRAPHY & TECHNOLOGY   ,OH,45439-1984,Proprietary  ,87,259,346,316,737,1053
02054300,TRUMBULL BUSINESS COLLEGE               ,OH,44484-0000,Proprietary  ,28,108,136,81,367,448
02056800,DAYMAR COLLEGE                          ,OH,45601-1038,Proprietary  ,31,214,245,56,459,515
02056802,DAYMAR COLLEGE - LANCASTER              ,OH,43130-0000,Proprietary  ,3,9,12,5,18,23
02056803,DAYMAR COLLEGE - NEW BOSTON             ,OH,45662-4900,Proprietary  ,1,2,3,1,6,7
02056804,DAYMAR COLLEGE - JACKSON                ,OH,45640-1728,Proprietary  ,2,4,6,3,11,14
02066100,OHIO STATE COLLEGE/BARBER STYLING       ,OH,43213-0000,Proprietary  ,18,87,105,45,150,195
02069500,AKRON INSTITUTE                         ,OH,44306-0000,Proprietary  ,58,200,258,169,843,1012
02073300,GALLIA-JACKSON-VINTON SCH ADULT ED      ,OH,45674-0000,Public       ,14,55,69,40,172,212
02077800,CENTURY SCHOOL OF COSMETOLOGY           ,OH,43952-0000,Proprietary  ,0,0,0,1,2,3
02110700,CLEVELAND INST OF DENTAL-MED ASST       ,OH,44115-2285,Proprietary  ,58,169,227,111,472,583
02116009,SANFORD-BROWN COLLEGE - MIDDLEBURG HEIGH,OH,44130-8362,Proprietary  ,120,388,508,290,1132,1422
02116900,UPPER VALLEY JVS                        ,OH,45356-0000,Public       ,4,48,52,16,198,214
02117300,GREAT OAKS INSTITUTE OF TECHNOLOGY      ,OH,45241-1581,Public       ,59,240,299,169,792,961
02128600,THE ART INSTITUTE OF CINCINNATI         ,OH,45246-0000,Proprietary  ,34,27,61,208,85,293
02140700,COMMUNITY EDUCATIONAL SERVICES          ,OH,44702-1710,Public       ,5,39,44,26,171,197
02152100,ACADEMY OF COURT REPORTING              ,OH,44115-0000,Proprietary  ,57,337,394,178,1607,1785
02152101,ACADEMY OF COURT REPORTING & TECHNOLOGY ,OH,43215-3902,Proprietary  ,6,27,33,6,27,33
02152102,ACADEMY OF COURT REPORTING - MIAMI-JACOB,OH,44313-3607,Proprietary  ,1,19,20,1,19,20
02152104,ACADEMY OF COURT REPORTING & TECHNOLOGY ,OH,45202-2123,Proprietary  ,2,16,18,2,16,18
02158500,OHIO BUSINESS COLLEGE                   ,OH,44055-0000,Proprietary  ,24,136,160,49,359,408
02158501,OHIO BUSINESS COLLEGE                   ,OH,44870-9953,Proprietary  ,26,96,122,66,287,353
02163900,BEATRICE ACADEMY OF BEAUTY              ,OH,44106-0000,Proprietary  ,5,15,20,14,40,54
02168100,TRI-COUNTY JOINT VOCATIONAL SCHOOL      ,OH,45764-0000,Public       ,9,47,56,17,89,106
02187900,ASHTABULA CO JOINT VOC SCH ADULT ED     ,OH,44047-0000,Public       ,10,77,87,26,163,189
02189000,ADULT CENTER FOR EDUCATION              ,OH,43701-0000,Public       ,20,80,100,45,186,231
02190700,RETS TECH CENTER                        ,OH,45459-0000,Proprietary  ,76,365,441,234,1261,1495
02192100,BUTLER TECHNOLOGY AND CAREER DEVELOPMENT,OH,45011-0000,Public       ,49,183,232,125,407,532
02196300,COLLINS CAREER CENTER                   ,OH,45619-0000,Public       ,66,173,239,160,412,572
02210800,MEDINA COUNTY CAREER CENTER             ,OH,44256-0000,Public       ,15,49,64,28,102,130
02215400,OHIO STATE SCHOOL OF COSMETOLOGY        ,OH,43207-0000,Proprietary  ,6,35,41,40,86,126
02220500,GOD'S BIBLE SCHOOL & COLLEGE            ,OH,45210-0000,Private      ,41,30,71,159,53,212
02220800,CAREER & TECHNOLOGY EDUCATION CENTERS OF,OH,43055-0000,Public       ,8,38,46,21,111,132
02239800,PIONEER CAREER & TECHNOLOGY CENTER      ,OH,44875-0000,Public       ,2,28,30,4,38,42
02245600,WARREN COUNTY CAREER CENTER             ,OH,45036-0000,Public       ,10,50,60,16,93,109
02246300,INSTITUTE OF MEDICAL-DENTAL TECH        ,OH,45246-3317,Proprietary  ,18,55,73,46,118,164
02263700,MIAMI VALLEY CAREER TECHNOLOGY CTR      ,OH,45315-0000,Public       ,19,93,112,60,291,351
02269400,EASTERN HILLS ACAD OF HAIR DESIGN       ,OH,45255-0000,Proprietary  ,10,26,36,20,65,85
02269500,WESTERN HILLS SCHOOL OF BEAUTY & HAIR DE,OH,45211-0000,Proprietary  ,13,106,119,41,230,271
02270100,OHIO HI-POINT CAREER CENTER             ,OH,43311-0000,Public       ,6,25,31,30,156,186
02272700,COLUMBIANA COUNTY CAREER CENTER         ,OH,44432-0000,Public       ,12,82,94,28,164,192
02287900,RAPHAEL'S SCHOOL OF BEAUTY CULTURE      ,OH,44446-0000,Proprietary  ,21,59,80,43,107,150
02289802,KAPLAN COLLEGE                          ,OH,45203-0000,Proprietary  ,18,153,171,19,165,184
02301400,OHIO VALLEY COLLEGE OF TECHNOLOGY       ,OH,43920-0000,Proprietary  ,21,69,90,54,166,220
02303600,BOHECKER'S BUSINESS COLLEGE             ,OH,44266-0000,Proprietary  ,43,105,148,190,526,716
02304700,TRI-RIVERS CAREER CENTER                ,OH,43302-0000,Public       ,7,59,66,31,196,227
02311200,AMERICAN SCHOOL OF TECHNOLOGY           ,OH,43229-0000,Proprietary  ,9,187,196,24,290,314
02315500,TOLEDO ACADEMY OF BEAUTY CULTURE - EAST ,OH,43612-0000,Proprietary  ,12,26,38,33,95,128
02328500,MOLER-PICKENS BEAUTY COLLEGE            ,OH,45014-0000,Proprietary  ,3,10,13,5,19,24
02334300,INTERNATIONAL ACAD OF HAIR DESIGN       ,OH,45239-0000,Proprietary  ,27,23,50,57,46,103
02336300,KNOX COUNTY CAREER CENTER               ,OH,43050-4298,Public       ,7,41,48,39,201,240
02336700,CUYAHOGA VALLEY CAREER CENTER           ,OH,44141-1296,Public       ,8,43,51,41,183,224
02337700,PROFESSIONAL SKILLS INSTITUTE           ,OH,43607-0000,Proprietary  ,24,140,164,93,635,728
02351500,WILLOUGHBY EASTLAKE SCH OF PRAC NSG     ,OH,44094-0000,Public       ,2,20,22,11,105,116
02352800,POLARIS CAREER CENTER-ADULT ED DEPT     ,OH,44130-0000,Public       ,25,95,120,40,165,205
02354200,SCIOTO COUNTY JOINT VOCATIONAL SCH      ,OH,45648-0000,Public       ,29,76,105,64,239,303
02454400,NORTHEASTERN OHIO UNIVS COL OF MED      ,OH,44272-0000,Public       ,1,46,47,92,696,788
02497800,GREENE COUNTY CAREER CENTER             ,OH,45385-0000,Public       ,7,67,74,18,115,133
02512600,ADULT VOCATIONAL SERVICES               ,OH,44308-0000,Public       ,2,17,19,4,39,43
02519300,OHIO STATE SCH COSMETOLOGY              ,OH,43068-0000,Proprietary  ,4,6,10,9,26,35
02522700,EASTLAND-FAIRFIELD CAREER AND TECHNICAL ,OH,43125-0000,Public       ,30,79,109,55,195,250
02528300,TDDS TECHNICAL INSTITUTE                ,OH,44429-0000,Proprietary  ,27,150,177,53,301,354
02529500,HAMRICK SCHOOL                          ,OH,44256-0000,Proprietary  ,6,53,59,12,94,106
02541400,TOLEDO ACADEMY OF BEAUTY CULTURE-SO     ,OH,43614-0000,Proprietary  ,24,60,84,41,121,162
02545800,INNER STATE BEAUTY SCHOOLS              ,OH,44124-0000,Proprietary  ,13,80,93,39,196,235
02553000,SCHOOL OF ADVERTISING ART               ,OH,45440-0000,Proprietary  ,39,9,48,234,25,259
02560000,CASAL AVEDA INSTITUTE                   ,OH,44515-0000,Proprietary  ,30,34,64,72,62,134
02560700,PICKAWAY ROSS CO JOINT VOC TECH SCH     ,OH,45601-0000,Public       ,24,119,143,50,268,318
02562300,APOLLO CAREER CENTER-ADULT EDUC         ,OH,45806-0000,Public       ,17,121,138,62,360,422
02563000,RAPHAELS SCHOOL OF BEAUTY CULTURE       ,OH,44601-2847,Proprietary  ,24,52,76,40,82,122
02568600,MAHONING COUNTY CAREER & TECH CENTR     ,OH,44406-0000,Public       ,6,29,35,9,58,67
02582900,KAPLAN CAREER INSTITUTE                 ,OH,44129-6810,Proprietary  ,56,230,286,136,574,710
02586400,TRUMBULL CAREER & TECH CENTER-ADULT     ,OH,44483-1997,Public       ,19,93,112,51,266,317
02588500,OHIO STATE SCHOOL OF COSMETOLOGY        ,OH,43081-0000,Proprietary  ,16,21,37,60,68,128
02599711,VATTEROTT COLLEGE - CLEVELAND           ,OH,44147-3502,Proprietary  ,18,123,141,34,285,319
02603800,LORAIN COUNTY JVS ADULT CAREER CTR      ,OH,44074-9799,Public       ,17,94,111,22,117,139
02616200,BROWN MACKIE COLLEGE-FINDLAY            ,OH,45840-6848,Proprietary  ,174,745,919,552,1704,2256
02616201,BROWN MACKIE COLLEGE-FINDLAY - ART INSTI,OH,45249-3317,Proprietary  ,0,0,0,27,12,39
02620000,SANDUSKY CAREER CENTER                  ,OH,44870-4786,Public       ,5,72,77,22,154,176
03007900,GALLIPOLIS CAREER COLLEGE               ,OH,45631-2600,Proprietary  ,13,39,52,21,172,193
03015100,ALLIANCE HIGH SCH-CMTY SERVICES DIV     ,OH,44601-2899,Public       ,24,93,117,34,138,172
03015300,EHOVE CAREER CENTER                     ,OH,44846-9500,Public       ,25,80,105,58,292,350
03023700,MADISON ADULT CAREER CENTER             ,OH,44905-2718,Public       ,5,39,44,11,91,102
03024300,VALLEY BEAUTY SCHOOL                    ,OH,43725-2332,Proprietary  ,10,27,37,20,37,57
03027100,FAIRVIEW ACADEMY                        ,OH,44126-2214,Proprietary  ,4,18,22,9,41,50
03034200,WASHINGTON COUNTY CAREER CENTER ADULT TE,OH,45750-9290,Public       ,13,82,95,43,175,218
03051400,AUBURN CAREER CENTER                    ,OH,44077-9723,Public       ,13,57,70,35,158,193
03051500,US GRANT JOINT VOCATIONAL SCHOOL        ,OH,45106-9502,Public       ,0,14,14,1,25,26
03065800,OHIO INSTITUTE OF HEALTH CAREERS        ,OH,44035-2394,Proprietary  ,51,127,178,96,297,393
03065900,BUCKEYE CAREER CENTER                   ,OH,44663-9437,Public       ,14,53,67,56,197,253
03067600,RAPHAEL'S SCHOOL OF BEAUTY CULTURE      ,OH,44512-2222,Proprietary  ,6,27,33,12,41,53
03068200,OHIO CENTER FOR BROADCASTING            ,OH,44125-4220,Proprietary  ,70,162,232,143,343,486
03071900,MOUNT CARMEL COLLEGE OF NURSING         ,OH,43222-1598,Private      ,52,137,189,545,621,1166
03072303,EVEREST INSTITUTE - COLUMBUS            ,OH,43230-6653,Proprietary  ,51,319,370,91,618,709
03078000,OHIO CENTER FOR BROADCASTING            ,OH,45227-1509,Proprietary  ,6,29,35,20,67,87
03079000,ETI TECHNICAL COLLEGE                   ,OH,44446-4398,Proprietary  ,30,76,106,88,227,315
03084800,DELAWARE AREA CAREER CENTER             ,OH,43015-8969,Public       ,1,9,10,3,16,19
03084801,DELAWARE AREA CAREER CENTER -           ,OH,43015-9001,Public       ,0,7,7,3,15,18
03095600,VANTAGE CAREER CENTER                   ,OH,45891-1378,Public       ,8,57,65,14,130,144
03097000,MERCY COLLEGE OF NORTHWEST OHIO         ,OH,43604-1132,Private      ,88,172,260,444,635,1079
03100100,PARAMOUNT BEAUTY ACADEMY                ,OH,45662-4136,Proprietary  ,17,28,45,32,62,94
03105400,CLEVELAND EXTENSION HIGH SCH-WEST       ,OH,44102-2298,Public       ,8,62,70,19,151,170
03116200,DAYTON BARBER COLLEGE                   ,OH,45402-2310,Proprietary  ,13,30,43,29,88,117
03116300,OHIO COLLEGE OF MASSOTHERAPY            ,OH,44321-1363,Private      ,28,55,83,60,156,216
03116400,VANGUARD-SENTINELL VOC SCH DISTRICT     ,OH,43420-1197,Public       ,2,16,18,5,33,38
03117000,ASHLAND COUNTY-W HOLMES CAREER CTR      ,OH,44805-0000,Public       ,6,41,47,14,94,108
03319300,CREATIVE IMAGES-A CERTIFIED MATRIX      ,OH,45414-2557,Proprietary  ,13,44,57,49,154,203
03319301,CREATIVE IMAGES-A CERTIFIED MATRIX      ,OH,45459-0000,Proprietary  ,13,38,51,47,125,172
03416400,VALLEY BEAUTY SCHOOL                    ,OH,43701-3624,Proprietary  ,5,22,27,11,35,46
03425300,ROSEDALE BIBLE COLLEGE                  ,OH,43029-9517,Private      ,13,2,15,63,6,69
03457300,ALLEGHENY WESLEYAN COLLEGE              ,OH,44460-9598,Private      ,11,5,16,31,11,42
03468400,NATIONAL INSTITUTE OF MASSOTHERAPY      ,OH,44319-2100,Proprietary  ,8,33,41,18,84,102
03468500,ATS INSTITUTE OF TECHNOLOGY             ,OH,44143-2216,Proprietary  ,15,178,193,41,526,567
03475400,TRI-STATE BIBLE COLLEGE                 ,OH,45680-8402,Private      ,1,8,9,9,14,23
03534400,AMERICAN INST OF ALTERNATIVE MEDICI     ,OH,43229-1113,Proprietary  ,15,68,83,22,157,179
03578300,TRI-STATE COLLEGE                       ,OH,44452-8535,Proprietary  ,6,18,24,19,47,66
03586400,MED CENTRAL COLLEGE OF NURSING          ,OH,44903-2265,Private      ,15,45,60,279,236,515
03626300,BROWN AVEDA INSTITUTE                   ,OH,44060-6212,Proprietary  ,40,52,92,124,148,272
03693300,CARNEGIE INST OF INTEGRATIVE MED/MASSOTH,OH,44260-9608,Private      ,4,41,45,7,59,66
03700300,REGENCY BEAUTY INSTITUTE - CLEVELAND    ,OH,44094-0000,Proprietary  ,19,27,46,36,74,110
03726300,TEMPLE BAPTIST COLLEGE                  ,OH,45240-0000,Private      ,2,8,10,4,13,17
03747300,BEXLEY HALL SEMINARY                    ,OH,43209-2325,Private      ,0,3,3,0,7,7
03776400,HEALING ARTS INSTITUTE                  ,OH,43551-3138,Proprietary  ,11,14,25,17,41,58
03837300,AVEDA FREDRIC'S INSTITUTE               ,OH,45208-1304,Proprietary  ,21,16,37,69,43,112
03882300,OREGON CAREER CENTER                    ,OH,43616-2631,Public       ,0,3,3,2,12,14
04050400,DESIGNER'S BEAUTY ACADEMY               ,OH,43920-0000,Proprietary  ,4,23,27,4,23,27
04074300,HONDROS COLLEGE                         ,OH,43081-3855,Proprietary  ,69,424,493,89,611,700
04116700,NEWLIFE TECHNICAL INSTITUTE             ,OH,43920-2920,Private      ,4,4,8,5,6,11
04117300,DAYTON SCHOOL OF MEDICAL MASSAGE        ,OH,45429-1111,Proprietary  ,89,214,303,162,464,626
04118300,NORTHCOAST MEDICAL TRAINING ACADEMY     ,OH,44240-4174,Proprietary  ,35,59,94,83,130,213
04124500,TECHSKILLS                              ,OH,43231-0000,Proprietary  ,7,87,94,7,105,112
04125700,CUT BEAUTY SCHOOL (THE)                 ,OH,44118-2918,Proprietary  ,12,55,67,20,79,99
04138000,INSTITUTE OF THERAPEUTIC MASSAGE        ,OH,45875-0350,Proprietary  ,6,30,36,6,30,36
        ,INVALID SCHOOL CODE                     ,  ,00000-0000,,1147,2276,3423,6232,7398,13630
00134500,ADAMS STATE COLLEGE                     ,CO,81102-2373,Public       ,421,568,989,1985,1511,3496
00134600,ARAPAHOE COMMUNITY COLLEGE              ,CO,80160-9002,Public       ,489,991,1480,1359,2891,4250
00134700,COLORADO COLLEGE                        ,CO,80903-3294,Private      ,60,48,108,2621,239,2860
00134800,COLORADO SCHOOL OF MINES                ,CO,80401-1887,Public       ,178,138,316,3754,635,4389
00134900,UNIVERSITY OF NORTHERN COLORADO         ,CO,80639-0001,Public       ,877,611,1488,8100,3070,11170
00135000,COLORADO STATE UNIVERSITY               ,CO,80523-0100,Public       ,1856,1290,3146,16435,6456,22891
00135200,DENVER  SEMINARY                        ,CO,80120-2192,Private      ,0,68,68,1,534,535
00135300,FORT LEWIS COLLEGE                      ,CO,81301-3999,Public       ,430,252,682,3163,996,4159
00135400,ILIFF SCHOOL OF THEOLOGY                ,CO,80210-0000,Private      ,0,32,32,1,172,173
00135500,LAMAR COMMUNITY COLLEGE                 ,CO,81052-3999,Public       ,100,162,262,337,313,650
00135800,MESA STATE COLLEGE                      ,CO,81501-7682,Public       ,745,724,1469,3465,2088,5553
00135900,COLORADO NORTHWESTERN COMMUNITY COLLEGE ,CO,81648-3598,Public       ,86,92,178,288,233,521
00136000,METROPOLITAN STATE CLG OF DENVER        ,CO,80204-0000,Public       ,2148,3176,5324,8152,10079,18231
00136100,NORTHEASTERN JUNIOR COLLEGE             ,CO,80751-2399,Public       ,183,123,306,954,350,1304
00136200,OTERO JUNIOR COLLEGE                    ,CO,81050-3346,Public       ,188,362,550,526,615,1141
00136300,REGIS UNIVERSITY                        ,CO,80221-1099,Private      ,131,1411,1542,2078,6985,9063
00136500,COLORADO STATE UNIVERSITY-PUEBLO        ,CO,81001-4901,Public       ,461,523,984,3414,2204,5618
00136800,TRINIDAD STATE JR COLLEGE               ,CO,81082-2396,Public       ,223,461,684,553,789,1342
00137000,UNIVERSITY OF COLORADO-BOULDER          ,CO,80309-0077,Public       ,2113,1255,3368,19171,7408,26579
00137100,UNIVERSITY OF DENVER                    ,CO,80208-2000,Private      ,260,1103,1363,5245,7983,13228
00137200,WESTERN STATE COLLEGE                   ,CO,81231-0000,Public       ,222,91,313,1946,365,2311
00163202,AQUINAS INSTITUTE OF THEOLOGY - AQUINAS ,CO,80903-1498,Private      ,0,1,1,2,6,8
00405702,NATIONAL AMERICAN UNIVERSITY            ,CO,80918-0000,Proprietary  ,4,33,37,17,134,151
00405703,NATIONAL AMERICAN UNIVERSITY            ,CO,80222-0000,Proprietary  ,9,50,59,16,157,173
00450300,EVEREST COLLEGE                         ,CO,80916-3548,Proprietary  ,51,256,307,77,489,566
00450600,COLORADO MOUNTAIN COLLEGE               ,CO,81602-0000,Public       ,199,197,396,986,602,1588
00450700,EVEREST COLLEGE                         ,CO,80229-4339,Proprietary  ,68,299,367,119,651,770
00450701,"EVEREST COLLEGE- EVEREST COLLEGE, AURORA",CO,80012-5692,Proprietary  ,40,203,243,77,431,508
00450800,UNIVERSITY OF CO ANSCHUTZ MED CAMPUS    ,CO,80045-0000,Public       ,14,193,207,320,2698,3018
00450824,UNIVERSITY OF COLORADO DENVER - AURARIA ,CO,80217-3364,Public       ,637,1327,1964,4715,7453,12168
00450900,UNIV OF COLORADO AT COLO SPRINGS        ,CO,80918-3735,Public       ,582,709,1291,4567,3686,8253
00559600,EMILY GRIFFITH OPPORTUNITY SCH          ,CO,80204-2197,Public       ,60,352,412,230,767,997
00729700,REDSTONE COLLEGE                        ,CO,80020-9988,Proprietary  ,98,171,269,272,456,728
00754700,LINCOLN COLLEGE OF TECHNOLOGY           ,CO,80223-2013,Proprietary  ,184,130,314,678,445,1123
00754800,WESTWOOD COLLEGE - DENVER NORTH         ,CO,80221-3653,Proprietary  ,644,2580,3224,1626,6720,8346
00754801,WESTWOOD COLLEGE - DENVER SOUTH         ,CO,80227-3653,Proprietary  ,88,262,350,211,694,905
00758200,AIMS COMMUNITY COLLEGE                  ,CO,80632-0000,Public       ,385,603,988,1306,1977,3283
00764900,ROCKY MOUNTAIN COLG OF ART & DESIGN     ,CO,80214-0000,Proprietary  ,71,28,99,642,178,820
00793300,FRONT RANGE COMMUNITY COLLEGE           ,CO,80031-2199,Public       ,1141,1718,2859,3880,6280,10160
00863500,INTELLITEC MEDICAL INSTITUTE            ,CO,80909-1570,Proprietary  ,25,154,179,52,245,297
00887100,CONCORDE CAREER INSTITUTE               ,CO,80203-0000,Proprietary  ,81,274,355,160,681,841
00889600,PIKES PEAK COMMUNITY COLLEGE            ,CO,80906-5498,Public       ,1083,2196,3279,2976,5984,8960
00940100,COLORADO CHRISTIAN UNIVERSITY           ,CO,80226-7449,Private      ,150,504,654,1184,1591,2775
00954200,COMMUNITY COLLEGE OF DENVER             ,CO,80217-2026,Public       ,630,1298,1928,2431,4612,7043
00954300,RED ROCKS COMMUNITY COLLEGE             ,CO,80228-1255,Public       ,503,908,1411,1516,2552,4068
00985500,YESHIVA TORAS CHAIM TALMUDICAL SEM      ,CO,80204-0067,Private      ,0,1,1,1,3,4
00998100,MORGAN COMMUNITY COLLEGE                ,CO,80701-4399,Public       ,74,258,332,222,614,836
01014800,COLORADO TECHNICAL UNIVERSITY           ,CO,80907-3896,Proprietary  ,146,1932,2078,395,5053,5448
01014802,COLORADO TECHNICAL UNIV - DENVER        ,CO,80111-3201,Proprietary  ,31,194,225,127,641,768
01014805,COLORADO TECH UNIV - ON LINE            ,CO,80907-0000,Proprietary  ,454,9149,9603,1105,22300,23405
01014806,COLORADO TECH UNIV - FED EXPRESS        ,CO,80921-3800,Proprietary  ,1,20,21,10,43,53
01014807,COLORADO TECH UNIV - MCI WORLD COM      ,CO,80919-3172,Proprietary  ,4,13,17,6,21,27
01014808,COLORADO TECH UNIV - USAA               ,CO,80920-1005,Proprietary  ,1,4,5,6,7,13
01014809,COLORADO TECH UNIV - SCHRIEVER AFB      ,CO,80912-7298,Proprietary  ,0,2,2,0,2,2
01014810,COLORADO TECH UNIV - PETERSON AFB       ,CO,80914-1586,Proprietary  ,0,0,0,1,2,3
01014811,COLORADO TECH UNIV-HEWLETT PACKARD      ,CO,80919-2303,Proprietary  ,1,2,3,2,8,10
01014812,COLORADO TECHNICAL UNIVERSITY - WESTMINS,CO,80021-3498,Proprietary  ,40,270,310,138,711,849
01014813,COLORADO TECH UNIV - ORACLE             ,CO,80921-3660,Proprietary  ,0,2,2,0,7,7
01014815,COLORADO TECHNCL UNIV PUEBLO            ,CO,81003-2315,Proprietary  ,23,127,150,60,389,449
01070900,ARTISTIC BEAUTY COLLEGES-LAKEWOOD       ,CO,80215-0000,Proprietary  ,12,25,37,24,70,94
01073200,SAN JUAN BASINTECHNICAL COLLEGE         ,CO,81328-9196,Public       ,14,41,55,36,88,124
01157200,COLORADO SCHOOL OF TRADES               ,CO,80215-2996,Proprietary  ,16,42,58,56,123,179
01267000,BEL-REA INST OF ANIMAL TECH             ,CO,80247-3048,Proprietary  ,89,110,199,340,524,864
01285000,INTERNATIONAL SALON AND SPA ACADEMY     ,CO,80918-3684,Proprietary  ,36,59,95,70,129,199
01287500,PICKENS TECHNICAL COLLEGE               ,CO,80011-9307,Public       ,81,150,231,176,395,571
01300700,NAZARENE BIBLE COLLEGE                  ,CO,80910-3717,Private      ,18,229,247,47,630,677
02072200,ARTISTIC BEAUTY COLLEGES-DENVER         ,CO,80212-0000,Proprietary  ,12,41,53,31,90,121
02078900,ART INSTITUTE OF COLORADO (THE)         ,CO,80203-2983,Proprietary  ,321,345,666,1581,1415,2996
02116300,PUEBLO COMMUNITY COLLEGE                ,CO,81004-0000,Public       ,553,1629,2182,1274,3731,5005
02117500,NAROPA UNIVERSITY                       ,CO,80302-0000,Private      ,25,91,116,322,1082,1404
02133100,COLORADO CENTER FOR MEDICAL LABORATORY S,CO,80218-0000,Private      ,2,5,7,12,37,49
02141100,ARTISTIC BEAUTY COLGS-WESTMINSTER       ,CO,80030-0000,Proprietary  ,30,37,67,62,117,179
02141102,ARTISTIC BEAUTY COLLEGES-LITTLETON      ,CO,80123-3480,Proprietary  ,1,1,2,13,22,35
02141103,ARTISTIC BEAUTY COLLEGES-AURORA         ,CO,80017-3194,Proprietary  ,15,26,41,21,44,65
02156200,DELTA - MONTROSE TECHNICAL COLLEGE      ,CO,81416-0000,Public       ,20,49,69,52,124,176
02160600,EMPIRE BEAUTY SCHOOL -THORNTON          ,CO,80241-1659,Proprietary  ,25,30,55,57,86,143
02165200,SALON PROFESSIONAL ACADEMY (THE)        ,CO,81504-5309,Proprietary  ,7,12,19,23,47,70
02167600,KAPLAN COLLEGE                          ,CO,80229-5309,Proprietary  ,42,185,227,79,379,458
02188700,DENVER ACAD OF COURT REPORTING          ,CO,80030-0000,Proprietary  ,3,44,47,10,70,80
02211901,CHEEKS INTERNATIONAL ACADEMY OF BEAUTY C,CO,80525-3053,Proprietary  ,1,5,6,5,12,17
02211902,CHEEKS INTERNATIONAL ACDMY BTY CULT     ,CO,80631-0000,Proprietary  ,1,4,5,3,6,9
02253700,INTELLITEC COLLEGE                      ,CO,80909-0000,Proprietary  ,44,182,226,80,309,389
02267500,GLENWOOD BEAUTY ACADEMY                 ,CO,81601-0000,Proprietary  ,11,18,29,18,28,46
02276900,COMMUNITY COLLEGE OF AURORA             ,CO,80011-9036,Public       ,500,1161,1661,1307,2825,4132
02321700,ITT TECHNICAL INSTITUTE                 ,CO,80229-5338,Proprietary  ,161,424,585,281,717,998
02518500,HAIR DYNAMICS EDUCATION CENTER          ,CO,80525-0000,Proprietary  ,22,41,63,49,86,135
02594300,COLLEGE AMERICA - DENVER                ,CO,80222-3380,Proprietary  ,110,473,583,244,1345,1589
02611000,HERITAGE COLLEGE                        ,CO,80212-7413,Proprietary  ,64,197,261,184,508,692
03006300,INST OF BUSINESS & MEDICAL CAREERS      ,CO,80525-3044,Proprietary  ,45,159,204,140,623,763
03012100,REMINGTON COLLEGE - COLORADO SPRINGS CAM,CO,80215-0000,Proprietary  ,8,61,69,32,182,214
03013100,BOULDER COLLEGE OF MASSAGE THERAPY      ,CO,80301-3295,Private      ,23,65,88,73,200,273
03014900,PLATT COLLEGE                           ,CO,80014-3141,Proprietary  ,14,46,60,33,142,175
03027400,XENON INTERNATIONAL ACADEMY III         ,CO,80014-1193,Proprietary  ,16,30,46,30,48,78
03030606,UTAH COLLEGE OF MASSAGE THERAPY - DENVER,CO,80031-2921,Proprietary  ,57,68,125,115,177,292
03030607,UTAH COLLEGE OF MASSAGE THERAPY - DENVER,CO,80012-2523,Proprietary  ,20,62,82,59,157,216
03031603,DPT BUSINESS SCHOOL                     ,CO,80223-0000,Proprietary  ,0,3,3,4,11,15
03066900,INTELLITEC COLLEGE                      ,CO,81506-3994,Proprietary  ,75,278,353,119,404,523
03068201,OHIO CENTER FOR BROADCASTING - COLORADO ,CO,80214-4129,Proprietary  ,12,30,42,25,71,96
03076401,BRYMAN SCHOOL OF ARIZONA (THE) - ANTHEM ,CO,80014-2622,Proprietary  ,3,15,18,14,52,66
03289300,TEIKYO LORETTO HEIGHTS UNIVERSITY       ,CO,80236-2711,Private      ,1,53,54,6,102,108
03306300,MONTESSORI EDUC CRT OF THE ROCKIES      ,CO,80301-2587,Private      ,1,5,6,3,36,39
03534300,JONES INTERNATIONAL UNIVERSITY          ,CO,80112-3446,Proprietary  ,20,771,791,35,1902,1937
03545300,UNIVERSITY OF THE ROCKIES               ,CO,80903-3612,Proprietary  ,3,44,47,19,130,149
03584400,COLORADO SCHOOL OF HEALING ARTS         ,CO,80226-4332,Proprietary  ,20,65,85,45,203,248
03670300,TONI & GUY HAIRDRESSING ACADEMY         ,CO,80911-1713,Proprietary  ,20,31,51,42,71,113
03686300,COLORADO SCHOOL OF TRADITIONAL CHINESE M,CO,80206-2127,Proprietary  ,1,31,32,3,77,80
03972300,CUTTIN' UP BEAUTY ACADEMY               ,CO,80220-0000,Proprietary  ,5,29,34,9,42,51
03976300,MASSAGE THERAPY INSTITUTE OF COLORADO   ,CO,80206-2127,Proprietary  ,4,16,20,18,60,78
04093300,ACADEMY OF NATURAL THERAPY              ,CO,80631-3425,Proprietary  ,4,21,25,13,44,57
04121200,INSTITUTE OF TAOIST EDUCATION AND ACUPUN,CO,80027-1028,Private      ,0,13,13,0,13,13
04125100,MONTESSORI CENTRE INTERNATIONAL DENVER  ,CO,80111-5263,Private      ,0,3,3,1,7,8
04139300,NATIONAL BEAUTY COLLEGE                 ,CO,80221-0000,Proprietary  ,12,41,53,12,41,53
00267811,BRYANT & STRATTON COLLEGE - VIRGINIA BEA,VA,23462-4417,Proprietary  ,115,395,510,303,1351,1654
00370200,AVERETT UNIVERSITY                      ,VA,24541-3692,Private      ,115,469,584,1318,1252,2570
00370300,BLUEFIELD COLLEGE                       ,VA,24605-1799,Private      ,42,198,240,501,506,1007
00370400,BRIDGEWATER COLLEGE                     ,VA,22812-1599,Private      ,81,17,98,2576,99,2675
00370500,COLLEGE OF WILLIAM & MARY               ,VA,23187-8795,Public       ,244,204,448,8321,3619,11940
00370600,CHRISTOPHER NEWPORT UNIVERSITY          ,VA,23606-2998,Public       ,272,141,413,6015,679,6694
00370700,RICHARD BLAND COLLEGE                   ,VA,23805-7100,Public       ,176,82,258,776,284,1060
00370800,EASTERN MENNONITE UNIVERSITY            ,VA,22802-2462,Private      ,70,82,152,946,319,1265
00370900,EMORY & HENRY COLLEGE                   ,VA,24327-0010,Private      ,67,14,81,1297,86,1383
00371100,FERRUM COLLEGE                          ,VA,24088-2612,Private      ,97,23,120,2313,177,2490
00371200,TIDEWATER COMMUNITY COLLEGE             ,VA,23510-1910,Public       ,2233,4039,6272,7162,12457,19619
00371300,HAMPDEN-SYDNEY COLLEGE                  ,VA,23943-0128,Private      ,83,4,87,1025,23,1048
00371400,HAMPTON UNIVERSITY                      ,VA,23668-0099,Private      ,601,407,1008,9440,2265,11705
00371500,HOLLINS UNIVERSITY                      ,VA,24020-0000,Private      ,65,89,154,881,511,1392
00371900,LONGWOOD UNIVERSITY                     ,VA,23909-1899,Public       ,300,114,414,4251,552,4803
00372000,LYNCHBURG COLLEGE                       ,VA,24501-3199,Private      ,188,125,313,2866,513,3379
00372100,JAMES MADISON UNIVERSITY                ,VA,22807-3780,Public       ,929,225,1154,17068,1821,18889
00372300,MARY BALDWIN COLLEGE                    ,VA,24401-3610,Private      ,124,249,373,1218,725,1943
00372400,MARYMOUNT UNIVERSITY                    ,VA,22207-4224,Private      ,200,362,562,2111,1674,3785
00372600,NATIONAL COLLEGE                        ,VA,24153-4524,Proprietary  ,281,1867,2148,611,4864,5475
00372700,NORTHERN VA CMTY CLG                    ,VA,22003-3743,Public       ,2162,2472,4634,7200,8224,15424
00372800,OLD DOMINION UNIVERSITY                 ,VA,23529-0052,Public       ,1411,2016,3427,14196,9614,23810
00373200,RADFORD UNIVERSITY                      ,VA,24142-6905,Public       ,613,263,876,7633,1725,9358
00373300,RANDOLPH-MACON COLLEGE                  ,VA,23005-5505,Private      ,71,10,81,2027,83,2110
00373400,RANDOLPH COLLEGE                        ,VA,24503-1526,Private      ,21,18,39,1017,92,1109
00373500,VIRGINIA COMMONWEALTH UNIVERSITY        ,VA,23284-9004,Public       ,1833,1816,3649,18393,10660,29053
00373600,ROANOKE COLLEGE                         ,VA,24153-3794,Private      ,156,32,188,2532,150,2682
00373700,SHENANDOAH UNIVERSITY                   ,VA,22601-5195,Private      ,141,254,395,2149,1613,3762
00373800,SOUTHERN VIRGINIA UNIVERSITY            ,VA,24416-3038,Private      ,154,70,224,757,179,936
00373900,ST PAULS COLLEGE                        ,VA,23868-1299,Private      ,159,137,296,664,369,1033
00374200,SWEET BRIAR COLLEGE                     ,VA,24595-9998,Private      ,32,7,39,724,47,771
00374300,UNION THEO SEMINARY & PRESBYTRN SCH     ,VA,23227-0000,Private      ,0,18,18,2,87,89
00374400,UNIVERSITY OF RICHMOND                  ,VA,23173-0001,Private      ,53,217,270,4505,2139,6644
00374500,UNIVERSITY OF VIRGINIA - SFS            ,VA,22903-0000,Public       ,529,550,1079,15170,8513,23683
00374600,UNIVERSITY OF MARY WASHINGTON           ,VA,22401-5358,Public       ,183,196,379,4012,791,4803
00374700,UNIV OF VIRGINIA'S COLLEGE AT WISE      ,VA,24293-4412,Public       ,132,79,211,1704,375,2079
00374800,EASTERN SHORE COMMUNITY COLLEGE         ,VA,23410-3000,Public       ,83,126,209,302,454,756
00374900,GEORGE MASON UNIVERSITY                 ,VA,22030-4444,Public       ,1176,1893,3069,12948,10184,23132
00375100,PATRICK HENRY COMMUNITY COLLEGE         ,VA,24112-5311,Public       ,273,591,864,881,1612,2493
00375200,VIRGINIA INTERMONT COLLEGE              ,VA,24201-4298,Private      ,53,79,132,509,265,774
00375300,VIRGINIA MILITARY INSTITUTE             ,VA,24450-2138,Public       ,55,6,61,1331,43,1374
00375400,VIRGINIA POLYTECH INST & STATE UNIV     ,VA,24061-2000,Public       ,892,551,1443,22014,3872,25886
00375800,DANVILLE COMMUNITY COLLEGE              ,VA,24541-4004,Public       ,301,606,907,1027,1756,2783
00375900,J. SARGEANT REYNOLDS COMMUNITY CLG      ,VA,23285-0000,Public       ,721,1436,2157,2996,5431,8427
00376000,VIRGINIA WESTERN CMTY COLLEGE           ,VA,24038-0000,Public       ,614,1027,1641,1743,2635,4378
00376100,WYTHEVILLE COMMUNITY COLLEGE            ,VA,24382-3308,Public       ,162,298,460,954,1245,2199
00376200,VIRGINIA UNIVERSITY OF LYNCHBURG        ,VA,24501-6400,Private      ,22,87,109,73,180,253
00376400,VIRGINIA STATE UNIVERSITY               ,VA,23806-0001,Public       ,739,454,1193,8469,1982,10451
00376500,NORFOLK STATE UNIVERSITY                ,VA,23504-8000,Public       ,817,930,1747,7879,4374,12253
00376600,VIRGINIA UNION UNIVERSITY               ,VA,23220-1711,Private      ,251,257,508,2252,768,3020
00376700,VIRGINIA WESLEYAN COLLEGE               ,VA,23502-5599,Private      ,130,89,219,1842,427,2269
00376800,WASHINGTON & LEE UNIVERSITY             ,VA,24450-0303,Private      ,65,26,91,2073,1243,3316
00400400,JOHN TYLER COMMUNITY COLLEGE            ,VA,23831-5316,Public       ,645,1073,1718,1967,3162,5129
00450301,"EVEREST COLLEGE- EVEREST COLLEGE, MCLEAN",VA,22102-3000,Proprietary  ,44,134,178,74,251,325
00450702,"EVEREST COLLEGE- EVEREST COLLEGE, ARLING",VA,22203-1905,Proprietary  ,110,322,432,228,731,959
00498800,CENTRAL VIRGINIA COMMUNITY COLLEGE      ,VA,24502-2498,Public       ,301,487,788,1092,1314,2406
00499200,MILLER-MOTTE TECHNICAL COLLEGE          ,VA,24505-0000,Proprietary  ,76,182,258,108,303,411
00499600,DABNEY S LANCASTER COMMUNITY CLG        ,VA,24422-1000,Public       ,79,128,207,424,398,822
00522300,NEW RIVER COMMUNITY COLLEGE             ,VA,24084-1127,Public       ,290,342,632,1187,1366,2553
00607500,ROANOKE MEM HOSP SCH RAD ONCOLOGY       ,VA,24033-0000,Private      ,0,1,1,2,3,5
00607501,ROANOKE MEM HOSP SCH RAD TECH           ,VA,24014-1850,Private      ,3,2,5,6,7,13
00662200,COLLEGE OF HEALTH SCIENCES - CHRV       ,VA,24031-0000,Private      ,65,141,206,447,811,1258
00681900,BLUE RIDGE COMMUNITY COLLEGE            ,VA,24486-0080,Public       ,262,272,534,1331,1242,2573
00687100,THOMAS NELSON COMMUNITY COLLEGE         ,VA,23670-0000,Public       ,682,1331,2013,2250,4356,6606
00709900,VIRGINIA HIGHLANDS COMMUNITY CLG        ,VA,24210-4210,Public       ,214,304,518,1047,1089,2136
00726000,SOUTHWEST VIRGINIA COMMUNITY CLG        ,VA,24641-1510,Public       ,304,485,789,1080,1351,2431
00859200,LOUISE OBICI SCHOOL OF NURSING          ,VA,23434-8038,Private      ,4,13,17,9,28,37
00859202,SUFFOLK PUB SCH-LOUISE OBICI SCH PN     ,VA,23434-0000,Private      ,2,4,6,2,8,10
00865900,LORD FAIRFAX COMMUNITY COLLEGE          ,VA,22645-0047,Public       ,335,420,755,1172,1356,2528
00866000,GERMANNA COMMUNITY COLLEGE              ,VA,22508-0339,Public       ,380,565,945,1120,1606,2726
00866100,SOUTHSIDE VIRGINIA CMTY CLG             ,VA,23821-2930,Public       ,540,979,1519,1275,2023,3298
00915900,PAUL D CAMP COMMUNITY COLLEGE           ,VA,23851-0737,Public       ,127,307,434,339,790,1129
00916000,RAPPAHANNOCK COMMUNITY COLLEGE          ,VA,23149-2616,Public       ,186,271,457,544,693,1237
00926700,EVEREST COLLEGE                         ,VA,23606-4203,Proprietary  ,51,252,303,92,539,631
00926701,EVEREST COLLEGE - CHESAPEAKE            ,VA,23320-2637,Proprietary  ,52,310,362,115,688,803
00942000,SANFORD-BROWN COLLEGE                   ,VA,22182-3913,Proprietary  ,122,146,268,349,483,832
00953500,STAUNTON SCHOOL OF COSMETOLOGY          ,VA,24401-4323,Proprietary  ,9,9,18,17,19,36
00953700,VIRGINIA SCH OF HAIR DESIGN             ,VA,23669-0000,Proprietary  ,9,24,33,18,90,108
00962900,MOUNTAIN EMPIRE COMMUNITY COLLEGE       ,VA,24219-0700,Public       ,293,464,757,1026,1352,2378
00992800,PIEDMONT VIRGINIA COMMUNITY COLLEGE     ,VA,22902-7589,Public       ,244,403,647,1017,1293,2310
01004300,BON SECOURS MEMORIAL SCH OF NURSING     ,VA,23227-4612,Private      ,13,68,81,96,364,460
01019800,ECPI COLLEGE OF TECHNOLOGY              ,VA,23462-6542,Proprietary  ,933,2748,3681,2000,6366,8366
01033800,EASTERN VIRGINIA MEDICAL SCHOOL         ,VA,23501-1980,Private      ,2,96,98,16,1138,1154
01159600,RALPH'S VIRGINIA SCH OF COSMETOLOGY     ,VA,24501-2652,Proprietary  ,9,12,21,10,19,29
01162601,WESTWOOD COLLEGE - SOUTH BAY - ARLINGTON,VA,22203-4167,Proprietary  ,112,134,246,224,281,505
01162602,WESTWOOD COLLEGE - SOUTH BAY - ANNANDALE,VA,22003-2602,Proprietary  ,76,108,184,172,310,482
01274401,SOUTHSIDE REGIONAL MED CTR              ,VA,23803-5133,Proprietary  ,12,36,48,49,217,266
01274402,SOUTHSIDE REG MED CTR SCH RAD TECH      ,VA,23803-0000,Proprietary  ,0,3,3,8,17,25
02053000,LIBERTY UNIVERSITY                      ,VA,24502-0000,Private      ,1144,6446,7590,13970,20137,34107
02108800,WARDS CORNER BEAUTY ACADEMY             ,VA,23505-0000,Proprietary  ,21,100,121,32,165,197
02111600,DANVILLE REGIONAL MEDICAL CENTER SCHOOL ,VA,24541-0000,Proprietary  ,5,4,9,36,67,103
02128700,CENTRAL SCHOOL OF PRACTICAL NURSING     ,VA,23502-2230,Public       ,7,25,32,21,65,86
02140000,RIVERSIDE SCHOOL OF HEALTH CAREERS      ,VA,23608-3802,Private      ,18,90,108,93,377,470
02175800,LYNCHBURG GENERAL HOSP SCH OF NURSG     ,VA,24501-0000,Private      ,17,35,52,83,131,214
02197600,WOODROW WILSON REHABILITATION CTR       ,VA,22939-0000,Public       ,20,20,40,24,23,47
02223100,HERITAGE INSTITUTE                      ,VA,22046-4400,Proprietary  ,0,0,0,4,4,8
02242400,HENRICO CTY ST MARYS HOSP PRAC NRSG     ,VA,23075-0000,Public       ,6,13,19,18,32,50
02247200,MEDSPA CAREERS INSTITUTE                ,VA,23606-0000,Proprietary  ,40,124,164,187,617,804
02304500,HERITAGE INSTITUTE                      ,VA,20111-0000,Proprietary  ,39,133,172,70,253,323
02320900,TIDEWATER TECH                          ,VA,23517-0000,Proprietary  ,27,141,168,70,315,385
02334400,CENTURA COLLEGE                         ,VA,23452-0000,Proprietary  ,115,872,987,379,2948,3327
02340000,COLONIAL HEIGHTS BEAUTY ACADEMY         ,VA,23834-0000,Proprietary  ,6,22,28,10,41,51
02342700,FORTIS COLLEGE                          ,VA,23502-4101,Proprietary  ,33,116,149,101,280,381
02342701,FORTIS COLLEGE - RICHMOND CAMPUS        ,VA,23236-3472,Proprietary  ,21,93,114,71,224,295
02535400,ECPI TECHNICAL COLLEGE                  ,VA,23236-0000,Proprietary  ,129,192,321,307,440,747
02538800,SUFFOLK BEAUTY ACADEMY                  ,VA,23434-0000,Proprietary  ,4,13,17,10,30,40
02541200,STRATFORD UNIVERSITY                    ,VA,22043-0000,Proprietary  ,32,134,166,77,403,480
02541201,STRATFORD UNIVERSITY-WOODBRIDGE         ,VA,22192-0000,Proprietary  ,11,35,46,27,107,134
02605900,TESST COLLEGE OF TECHNOLOGY             ,VA,22312-6342,Proprietary  ,3,12,15,13,41,54
02610100,WASHINGTON COUNTY ADULT SKILL CTR       ,VA,24210-2346,Public       ,8,44,52,19,93,112
03002400,GRAHAM WEBB INTERNATIONAL ACAD HAIR     ,VA,22209-2129,Proprietary  ,21,28,49,29,41,70
03010700,BAR PALMA BEAUTY CAREERS  ACADEMY       ,VA,24014-2255,Proprietary  ,14,40,54,24,53,77
03042800,"VIRGINIA BEACH CITY SCHOOLS, SCH.-PR.NSG",VA,23456-0038,Public       ,1,15,16,9,39,48
03091100,ACT COLLEGE                             ,VA,22209-2297,Proprietary  ,55,205,260,88,304,392
03091300,REGENT UNIVERSITY                       ,VA,23464-9800,Private      ,114,1191,1305,527,4680,5207
03092700,ECPI TECHNICAL COLLEGE-ROANOKE          ,VA,24012-1603,Proprietary  ,39,156,195,93,325,418
03096500,SPRINGFIELD BEAUTY ACADEMY              ,VA,22003-3016,Proprietary  ,4,46,50,8,59,67
03106500,SENTARA NORFOLK GENERAL HOSPITAL        ,VA,23320-2843,Private      ,35,116,151,124,470,594
03116900,BAPTIST THEOLOGICAL SEM.-RICHMOND       ,VA,23227-0000,Private      ,0,14,14,2,38,40
03126300,TIDEWATER TECH AVIATION                 ,VA,23320-5987,Proprietary  ,20,72,92,62,266,328
03126400,CENTURA COLLEGE                         ,VA,23235-5230,Proprietary  ,48,135,183,105,393,498
03126401,CENTURA COLLEGE - WEST                  ,VA,23294-0000,Proprietary  ,1,12,13,5,40,45
03127500,ADVANCED TECHNOLOGY INSTITUTE           ,VA,23462-2409,Proprietary  ,113,110,223,360,290,650
03280400,VIRGINIA SCHOOL OF MASSAGE              ,VA,22903-0000,Proprietary  ,15,40,55,58,117,175
03409500,RICHMOND SCHOOL OF HEALTH AND TECH      ,VA,23227-0000,Proprietary  ,30,152,182,112,611,723
03455300,CRESCENT COSMETOLOGY UNIVERSITY         ,VA,23666-3115,Proprietary  ,2,1,3,4,7,11
03559300,APPALACHIAN SCHOOL OF LAW               ,VA,24614-0000,Private      ,0,99,99,3,856,859
03638400,TAP THIS VALLEY WORKS CTR FOR EMPLO     ,VA,24016-1901,Private      ,0,6,6,0,10,10
03645400,RUDY & KELLY ACADEMY OF HAIR AND NA     ,VA,23464-6857,Proprietary  ,28,34,62,51,83,134
03654300,CAREER TRAINING SOLUTIONS               ,VA,22406-1014,Proprietary  ,20,78,98,43,214,257
03709300,EDWARD VIA VIRGINIA CLG OSTEOPATHIC MED ,VA,24060-6360,Private      ,0,26,26,11,661,672
03872400,INSTITUTE FOR THE PSYCHOLOGICAL SCIENCES,VA,22202-3609,Private      ,0,10,10,0,75,75
03876300,CULPEPER COSMETOLOGY TRAINING CENTER    ,VA,22701-3155,Public       ,4,18,22,9,35,44
03883400,AVIATION INSTITUTE OF MAINTENANCE       ,VA,20110-4156,Proprietary  ,24,85,109,42,157,199
04038400,AVI CAREER INSTITUTE                    ,VA,22066-1839,Proprietary  ,3,10,13,4,23,27
04124000,DOMINION SCHOOL OF HAIR DESIGN          ,VA,23062-2221,Proprietary  ,2,8,10,8,17,25
04133400,CENTURA COLLEGE                         ,VA,22312-2670,Proprietary  ,5,15,20,8,53,61
04133800,SOUTHEAST CULINARY & HOSPITALITY COLLEGE,VA,24201-4159,Proprietary  ,9,12,21,15,19,34
00107000,THUNDERBIRD SCHOOL OF GLOBAL MANAGEMENT ,AZ,85306-6000,Private      ,0,193,193,2,674,676
00107100,ARIZONA WESTERN COLLEGE                 ,AZ,85366-0000,Public       ,573,882,1455,2797,2855,5652
00107200,COCHISE COLLEGE                         ,AZ,85607-6190,Public       ,374,584,958,998,1602,2600
00107300,EASTERN ARIZONA COLLEGE                 ,AZ,85552-0769,Public       ,250,357,607,986,811,1797
00107400,GRAND CANYON UNIVERSITY                 ,AZ,85017-3030,Proprietary  ,434,7073,7507,1560,23020,24580
00107600,GLENDALE COMMUNITY COLLEGE              ,AZ,85302-3090,Public       ,1559,2081,3640,4948,5963,10911
00107700,MESA COMMUNITY COLLEGE                  ,AZ,85202-4866,Public       ,2030,2991,5021,5850,8181,14031
00107800,PHOENIX COLLEGE                         ,AZ,85013-4234,Public       ,914,1992,2906,2697,5021,7718
00107900,YAVAPAI COLLEGE                         ,AZ,86301-3297,Public       ,315,603,918,1278,1818,3096
00108100,ARIZONA STATE UNIV (ALL CAMPUSES)       ,AZ,85287-0412,Public       ,4756,5401,10157,31196,22830,54026
00108200,NORTHERN ARIZONA UNIVERSITY             ,AZ,86011-0001,Public       ,1426,2303,3729,14148,9135,23283
00108300,UNIVERSITY OF ARIZONA                   ,AZ,85721-0066,Public       ,2274,1738,4012,20250,11364,31614
00165701,MIDWESTERN UNIVERSITY                   ,AZ,85308-0000,Private      ,13,133,146,67,2346,2413
00446700,TUCSON COLLEGE                          ,AZ,85710-0000,Proprietary  ,46,167,213,103,418,521
00711300,SOUTHWESTERN COLLEGE                    ,AZ,85032-7097,Private      ,112,63,175,328,170,498
00726600,PIMA COUNTY COMMUNITY COLLEGE           ,AZ,85709-5000,Public       ,2268,3376,5644,6588,9004,15592
00728300,CENTRAL ARIZONA COLLEGE                 ,AZ,85228-9779,Public       ,477,791,1268,1358,2011,3369
00822100,UNIVERSAL TECHNICAL INSTITUTE           ,AZ,85323-7946,Proprietary  ,1793,1096,2889,7996,3742,11738
00824600,DINè COLLEGE                            ,AZ,86556-0126,Public       ,218,411,629,532,842,1374
00830300,GATEWAY COMMUNITY COLLEGE               ,AZ,85034-1795,Public       ,287,1352,1639,901,3240,4141
00830302,MARICOPA SKILL CENTER                   ,AZ,85034-0000,Public       ,105,311,416,234,805,1039
00830400,SCOTTSDALE COMMUNITY COLLEGE            ,AZ,85250-0000,Public       ,678,934,1612,2133,2540,4673
00886400,ARIZONA ACADEMY OF BEAUTY               ,AZ,85712-5021,Proprietary  ,5,20,25,25,37,62
00886500,ARTISTIC BEAUTY COLLEGES-TUCSON         ,AZ,85716-3999,Proprietary  ,56,102,158,134,228,362
00886501,ARTISTIC BEAUTY COLLEGES - TUCSON  - NOR,AZ,85705-1665,Proprietary  ,4,1,5,16,5,21
00945100,BROWN MACKIE COLLEGE                    ,AZ,85712-5300,Proprietary  ,156,712,868,301,1514,1815
01084700,ARIZONA AUTOMOTIVE INSTITUTE            ,AZ,85301-3503,Proprietary  ,118,249,367,339,751,1090
01085800,EARLS ACADEMY OF BEAUTY                 ,AZ,85210-4010,Proprietary  ,43,78,121,78,146,224
01157000,PIMA MEDICAL INSTITUTE-MESA             ,AZ,85202-2950,Proprietary  ,24,102,126,84,308,392
01168900,REFRIGERATION SCHOOL                    ,AZ,85034-0000,Proprietary  ,40,195,235,63,441,504
01180200,ARIZONA ACADEMY OF BEAUTY-NORTH         ,AZ,85705-2720,Proprietary  ,6,18,24,22,47,69
01180800,ARTISTIC BEAUTY COLLEGES-FLAGSTAFF      ,AZ,86004-5119,Proprietary  ,52,88,140,123,233,356
01180801,CLG OF BEAUTY ARTS & SCI/CHANDLER       ,AZ,85224-0000,Proprietary  ,16,43,59,38,125,163
01180802,CLG OF BEAUTY ARTS & SCI/PRESCOTT       ,AZ,86303-0000,Proprietary  ,3,3,6,18,24,42
01186200,NORTHLAND PIONEER COLLEGE               ,AZ,86025-2996,Public       ,142,426,568,354,1035,1389
01186400,MOHAVE COMMUNITY COLLEGE                ,AZ,86409-1238,Public       ,505,1674,2179,864,3254,4118
01218400,INTERNATIONAL ACAD OF HAIR DESIGN       ,AZ,85225-7198,Proprietary  ,43,72,115,65,135,200
01234300,ARTISTIC BEAUTY COLLEGES-PHOENIX        ,AZ,85304-0000,Proprietary  ,75,124,199,147,266,413
01234301,EMPIRE BEAUTY SCHOOL - AVONDALE         ,AZ,85323-2352,Proprietary  ,7,13,20,28,39,67
01293700,ARTISTIC BEAUTY COLLEGES - PARADISE VALL,AZ,85257-0000,Proprietary  ,19,33,52,44,69,113
02065200,ITT TECHNICAL INSTITUTE                 ,AZ,85282-0000,Proprietary  ,213,689,902,566,1653,2219
02065300,PRESCOTT COLLEGE                        ,AZ,86301-0000,Private      ,47,257,304,400,883,1283
02071200,KAPLAN COLLEGE                          ,AZ,85029-4349,Proprietary  ,104,389,493,198,929,1127
02098800,UNIVERSITY OF PHOENIX                   ,AZ,85040-0000,Proprietary  ,8942,152739,161681,14186,256361,270547
02100500,UNIVERSAL TECHNICAL INSTITUTE           ,AZ,85027-0000,Proprietary  ,1638,1611,3249,6261,5449,11710
02100600,APOLLO COLLEGE                          ,AZ,85015-0000,Proprietary  ,602,1864,2466,1316,4093,5409
02113800,ROBERTO-VENN SCH OF LUTHIERY            ,AZ,85040-0000,Proprietary  ,7,12,19,32,42,74
02146600,SOUTH MOUNTAIN COMMUNITY COLLEGE        ,AZ,85040-0000,Public       ,495,841,1336,1145,1811,2956
02171500,WESTERN INTERNATIONAL UNIVERSITY        ,AZ,85021-0000,Proprietary  ,16,748,764,44,1495,1539
02174900,COLLINS COLLEGE                         ,AZ,85040-4000,Proprietary  ,237,276,513,1299,1009,2308
02177500,RIO SALADO COMMUNITY COLLEGE            ,AZ,85281-0000,Public       ,409,2986,3395,836,6453,7289
02192300,MARICOPA BEAUTY COLLEGE                 ,AZ,85323-0000,Proprietary  ,20,21,41,40,48,88
02199900,AMERICAN INDIAN CLG-ASSEMBLIES GOD      ,AZ,85021-0000,Private      ,14,14,28,48,55,103
02217100,PIMA MEDICAL INSTITUTE                  ,AZ,85716-0000,Proprietary  ,646,1702,2348,1240,3996,5236
02218800,IIA COLLEGE                             ,AZ,85019-1600,Proprietary  ,98,549,647,231,1369,1600
02220300,ARTISTIC BEAUTY COLLEGES-GLENDALE       ,AZ,85051-0000,Proprietary  ,24,89,113,68,200,268
02263100,ANTHEM COLLEGE                          ,AZ,85014-0000,Proprietary  ,250,711,961,779,2649,3428
02280500,CHARLES OF ITALY BEAUTY COLLEGE         ,AZ,86403-0000,Proprietary  ,10,18,28,21,56,77
02295000,EVEREST COLLEGE                         ,AZ,85021-1610,Proprietary  ,223,1547,1770,418,3774,4192
02295002,EVEREST COLLEGE - MESA                  ,AZ,85206-4704,Proprietary  ,62,230,292,95,414,509
02317800,AMERICAN INSTITUTE OF TECHNOLOGY        ,AZ,85043-0000,Proprietary  ,7,274,281,26,490,516
02361100,ITT TECHNICAL INSTITUTE                 ,AZ,85704-0000,Proprietary  ,240,526,766,416,948,1364
02491500,THE ART CENTER DESIGN COLLEGE           ,AZ,85716-0000,Proprietary  ,94,125,219,231,406,637
02521500,LAMSON COLLEGE                          ,AZ,85284-1141,Proprietary  ,49,213,262,78,434,512
02559000,UNIVERSITY OF ADVANCING TECHNOLOGY      ,AZ,85283-0000,Proprietary  ,173,163,336,940,516,1456
02561900,TONI AND GUY HAIRDRESSING ACADEMY       ,AZ,85251-3301,Proprietary  ,57,46,103,101,102,203
02582700,CORTIVA INSTITUTE - TUCSON              ,AZ,85710-3503,Proprietary  ,21,61,82,42,137,179
02616700,SCOTTSDALE CULINARY INSTITUTE           ,AZ,85251-2729,Proprietary  ,238,445,683,819,1318,2137
02623600,PARADISE VALLEY COMMUNITY COLLEGE       ,AZ,85032-1210,Public       ,637,794,1431,1670,2162,3832
02623800,CORTIVA INSTITUTE - SCOTTSDALE          ,AZ,85257-4218,Proprietary  ,18,41,59,37,100,137
03005000,SAFFORD COLLEGE OF BEAUTY CULTURE       ,AZ,85546-3309,Proprietary  ,2,17,19,3,19,22
03010613,VIRGINIA COLLEGE - GOLF ACADEMY OF ARIZO,AZ,85225-6742,Proprietary  ,33,51,84,84,136,220
03030604,UTAH COLLEGE OF MASSAGE THERAPY - ARIZON,AZ,85282-0000,Proprietary  ,50,86,136,143,238,381
03030605,UTAH COLLEGE OF MASSAGE THERAPY - ARIZON,AZ,85051-3470,Proprietary  ,63,120,183,136,269,405
03034400,CONSERVATORY RECORDING ARTS & SCIS      ,AZ,85282-1707,Proprietary  ,136,128,264,455,481,936
03072200,CHANDLER-GILBERT COMMUNITY COLLEGE      ,AZ,85225-2499,Public       ,716,925,1641,2243,2696,4939
03076400,BRYMAN SCHOOL OF ARIZONA                ,AZ,85029-4919,Proprietary  ,439,1036,1475,1087,2636,3723
03076406,BRYMAN SCHOOL OF ARIZONA (THE) - TEMPE  ,AZ,85284-0000,Proprietary  ,0,0,0,7,9,16
03097800,CARSTEN INSTITUTE OF HAIR & BEAUTY      ,AZ,85282-5404,Proprietary  ,48,47,95,83,81,164
03100400,COCONINO COUNTY COMMUNITY COLLEGE       ,AZ,86001-2701,Public       ,275,373,648,817,1078,1895
03107000,SOUTHWEST CLG OF NATUROPATHIC MED       ,AZ,85282-0000,Private      ,0,81,81,3,423,426
03115000,ARIZONA COLLEGE OF ALLIED HEALTH        ,AZ,85302-3843,Proprietary  ,56,188,244,110,400,510
03120300,COLLEGE AMERICA                         ,AZ,86004-3936,Proprietary  ,48,169,217,95,297,392
03156300,ESTRELLA MOUNTAIN COMMUNITY COLLEGE     ,AZ,85392-1010,Public       ,537,818,1355,1390,1983,3373
03156301,ESTRELLA MOUNTAIN COMMUNITY COLLEGE - SO,AZ,85392-1010,Public       ,154,264,418,378,675,1053
03347300,INTERNATIONAL BAPTIST COLLEGE           ,AZ,85282-7504,Private      ,24,7,31,44,17,61
03445300,HDS TRUCK DRIVING INSTITUTE             ,AZ,85731-0000,Proprietary  ,2,70,72,4,74,78
03478400,PHOENIX SEMINARY                        ,AZ,85018-7611,Private      ,1,21,22,1,58,59
03572300,EAST VALLEY INSTITUTE OF TECHNOLOGY     ,AZ,85201-6910,Public       ,31,32,63,75,82,157
03593300,SOUTHWEST INSTITUTE OF HEALING ARTS     ,AZ,85281-3658,Proprietary  ,25,157,182,62,384,446
03617500,PHOENIX INSTITUTE OF HERBAL MEDICINE & A,AZ,85012-0000,Proprietary  ,2,33,35,6,108,114
03695500,ARIZONA SCHOOL OF ACUPUNCTURE AND ORIENT,AZ,85712-1100,Proprietary  ,2,18,20,5,52,57
03740500,ART INSTITUTE OF TUCSON (THE)           ,AZ,85712-2732,Proprietary  ,49,65,114,151,190,341
03784400,TOHONO O'ODHAM COMMUNITY COLLEGE        ,AZ,85634-3129,Public       ,6,32,38,12,52,64
03814300,TURNING POINT BEAUTY COLLEGE            ,AZ,85222-4229,Proprietary  ,11,22,33,13,29,42
04051300,ART INSTITUTE OF PHOENIX (THE)          ,AZ,85021-2859,Proprietary  ,204,204,408,976,842,1818
04059300,TUCSON COLLEGE OF BEAUTY                ,AZ,85705-2451,Proprietary  ,31,16,47,54,43,97
04120900,ARIZONA CULINARY INSTITUTE              ,AZ,85259-4939,Proprietary  ,44,55,99,129,165,294
04131400,PHOENIX SCHOOL OF LAW                   ,AZ,85012-3330,Proprietary  ,3,117,120,5,366,371
00142800,DELAWARE STATE UNIVERSITY               ,DE,19901-2277,Public       ,549,355,904,5917,1446,7363
00142900,GOLDEY BEACOM COLLEGE                   ,DE,19808-1993,Private      ,114,126,240,458,310,768
00143100,UNIVERSITY OF DELAWARE                  ,DE,19716-0099,Public       ,726,375,1101,20329,2174,22503
00143300,WESLEY COLLEGE                          ,DE,19901-3875,Private      ,204,90,294,1876,334,2210
00143301,WESLEY COLLEGE-CTR FOR ADULT STUDIE     ,DE,19720-0000,Private      ,10,104,114,35,333,368
00331301,WIDENER UNIV SCHOOL OF LAW - DE         ,DE,19803-0000,Private      ,3,144,147,35,1645,1680
00705300,DELAWARE TECH & CMTY COLLEGE-OWENS      ,DE,19947-0000,Public       ,325,625,950,1538,1835,3373
00794800,WILMINGTON UNIVERSITY                   ,DE,19720-6491,Private      ,382,1545,1927,1640,4336,5976
01172700,DELAWARE TECH & CMTY CLG-TERRY          ,DE,19901-8736,Public       ,311,546,857,1404,1608,3012
01195002,DELAWARE COLLEGE OF ART & DESIGN        ,DE,19801-0000,Private      ,0,0,0,265,44,309
02125200,BEEBE SCHOOL OF NURSING                 ,DE,19958-1462,Private      ,5,14,19,27,42,69
02144900,DELAWARE TECH & CMTY CLG-STANTN/WLM     ,DE,19801-0000,Public       ,517,754,1271,2425,2460,4885
02190400,SCHILLING DOUGLAS SCH OF HAIR DSGN      ,DE,19711-0000,Proprietary  ,26,45,71,50,108,158
02586902,STAR TECHNICAL INSTITUTE -              ,DE,19901-4615,Proprietary  ,8,57,65,27,206,233
03025800,DAWN TRAINING CENTRE                    ,DE,19805-1511,Proprietary  ,23,108,131,38,290,328
03543300,HARRIS SCHOOL OF BUSINESS               ,DE,19803-5341,Proprietary  ,51,187,238,79,266,345
03702300,DELAWARE LEARNING INSTITUTE OF COSMETOLO,DE,19939-9759,Proprietary  ,10,29,39,25,66,91
04130700,ACADEMY OF MASSAGE AND BODYWORK         ,DE,19701-1321,Proprietary  ,7,14,21,8,21,29
04139800,DELAWARE COLLEGE OF ART & DESIGN        ,DE,19801-3007,Private      ,28,16,44,28,16,44
        ,FEDERAL STUDENT AID USE ONLY            ,DC,20202-0000,,0,0,0,11,1740,1751
00143400,AMERICAN UNIVERSITY                     ,DC,20016-8020,Private      ,141,572,713,11178,9111,20289
00143700,CATHOLIC UNIVERSITY OF AMERICA          ,DC,20064-0002,Private      ,225,423,648,4618,2113,6731
00143711,"CATHOLIC UNIV AMERICA, LAW SCHOOL       ",DC,20064-0000,Private      ,4,118,122,30,1605,1635
00144100,UNIV OF THE DISTRICT OF COLUMBIA        ,DC,20008-0000,Public       ,396,1000,1396,1727,3439,5166
00144102,UNIV OF DIST OF COLUMBIA LAW SCH        ,DC,20008-0000,Public       ,7,47,54,36,644,680
00144300,GALLAUDET UNIVERSITY                    ,DC,20002-3695,Private      ,115,155,270,706,691,1397
00144400,GEORGE WASHINGTON UNIVERSITY            ,DC,20052-2353,Private      ,284,1225,1509,10962,8102,19064
00144402,GEORGE WASHINGTON UNIV LAW SCHL         ,DC,20052-0000,Private      ,1,193,194,23,4504,4527
00144403,GEORGE WASHINGTON UNIV SCH MED          ,DC,20052-0000,Private      ,5,46,51,30,1217,1247
00144500,GEORGETOWN UNIVERSITY                   ,DC,20057-1252,Private      ,267,733,1000,11851,5071,16922
00144501,"GEORGETOWN UNIV, SCH OF MEDICINE        ",DC,20007-0000,Private      ,5,53,58,28,1177,1205
00144503,GEORGETOWN UNIV LAW CENTER              ,DC,20001-0000,Private      ,1,220,221,26,5425,5451
00144800,HOWARD UNIVERSITY                       ,DC,20059-0001,Private      ,1157,1170,2327,13291,7695,20986
00145600,SOUTHEASTERN UNIVERSITY                 ,DC,20024-2788,Private      ,32,215,247,163,765,928
00145900,STRAYER UNIVERSITY                      ,DC,20005-2603,Proprietary  ,664,14120,14784,1202,30748,31950
00146000,TRINITY UNIVERSITY                      ,DC,20017-1004,Private      ,87,316,403,950,1385,2335
00146400,WESLEY THEOLOGICAL SEMINARY             ,DC,20016-0000,Private      ,0,58,58,1,240,241
00207701,JOHNS HOPKINS UNIV SCH ADV INTL STU     ,DC,20036-0000,Private      ,4,69,73,54,1214,1268
01006500,WASHINGTON THEOLOGICAL UNION            ,DC,20012-0000,Private      ,0,21,21,0,37,37
01195000,THE CORCORAN COLLEGE OF ART & DESIG     ,DC,20006-4804,Private      ,30,49,79,404,264,668
01266500,HARRISON CTR FOR CAREER EDUCATION       ,DC,20001-5303,Private      ,2,6,8,4,14,18
01280300,DOMINICAN HOUSE OF STUDIES              ,DC,20017-1584,Private      ,0,4,4,1,12,13
02132800,NAT'L CONSERVATORY DRAMATIC ARTS        ,DC,20007-2758,Private      ,0,8,8,4,19,23
02279200,DUDLEY BEAUTY COLG-WASHINGTON           ,DC,20018-0000,Proprietary  ,25,51,76,48,97,145
02588900,SANZ SCHOOL                             ,DC,20006-0000,Proprietary  ,71,377,448,168,736,904
03104300,CAREER BLAZERS LEARNING CENTER OF WASHIN,DC,20037-1881,Proprietary  ,45,240,285,69,483,552
03218300,POTOMAC COLLEGE                         ,DC,20016-1860,Proprietary  ,21,181,202,34,340,374
03409600,BENNETT CAREER INSTITUTE                ,DC,20017-1754,Proprietary  ,26,74,100,59,179,238
03750300,TECHNICAL LEARNING CENTERS              ,DC,20005-3415,Proprietary  ,9,64,73,20,201,221
00154100,ABRAHAM BALDWIN AGRICULTURAL CLG        ,GA,31794-0000,Public       ,748,444,1192,3143,1401,4544
00154200,AGNES SCOTT COLLEGE                     ,GA,30030-3797,Private      ,60,51,111,1149,266,1415
00154300,DARTON COLLEGE                          ,GA,31707-3098,Public       ,644,1329,1973,2260,3817,6077
00154400,ALBANY STATE UNIVERSITY                 ,GA,31705-2796,Public       ,806,924,1730,6355,3190,9545
00154500,ANDREW COLLEGE                          ,GA,39840-1313,Private      ,53,14,67,425,44,469
00154600,ARMSTRONG ATLANTIC STATE UNIVERSITY     ,GA,31419-1997,Public       ,718,1156,1874,3801,4505,8306
00154700,ATLANTA CHRISTIAN COLLEGE               ,GA,30344-1999,Private      ,62,145,207,363,296,659
00155200,AUGUSTA STATE UNIVERSITY                ,GA,30904-2200,Public       ,646,898,1544,4126,4108,8234
00155400,BERRY COLLEGE                           ,GA,30149-5007,Private      ,112,55,167,2229,200,2429
00155500,THOMAS UNIVERSITY                       ,GA,31792-7499,Private      ,86,384,470,293,911,1204
00155600,BRENAU UNIVERSITY                       ,GA,30501-3668,Private      ,113,579,692,993,2188,3181
00155700,BREWTON PARKER COLLEGE                  ,GA,30445-0000,Private      ,135,224,359,655,606,1261
00155800,COASTAL GEORGIA COMMUNITY COLLEGE       ,GA,31520-3644,Public       ,390,649,1039,1189,1979,3168
00155900,CLARK ATLANTA UNIVERSITY                ,GA,30314-4385,Private      ,1233,868,2101,12877,3827,16704
00156000,COLUMBIA THEOLOGICAL SEMINARY           ,GA,30031-0000,Private      ,0,20,20,4,177,181
00156100,COLUMBUS STATE UNIVERSITY               ,GA,31907-5645,Public       ,730,1067,1797,4878,4002,8880
00156200,GEORGIA PERIMETER COLLEGE               ,GA,30021-0000,Public       ,3225,4023,7248,10846,13390,24236
00156300,EMMANUEL COLLEGE                        ,GA,30639-0000,Private      ,111,52,163,681,189,870
00156400,EMORY UNIVERSITY                        ,GA,30322-1960,Private      ,317,838,1155,10194,8038,18232
00156600,FORT VALLEY STATE UNIVERSITY            ,GA,31030-3298,Public       ,756,439,1195,4786,1407,6193
00156700,GAINESVILLE STATE COLLEGE               ,GA,30503-0000,Public       ,1028,537,1565,4625,2106,6731
00156800,INTERDENOMINATIONAL THEOLOGY CENTER     ,GA,30314-0000,Private      ,1,136,137,3,504,507
00156900,GEORGIA INSTITUTE OF TECHNOLOGY         ,GA,30332-0002,Public       ,818,633,1451,12789,3329,16118
00157000,SOUTHERN POLYTECHNIC STATE UNIV         ,GA,30060-2896,Public       ,462,536,998,2530,1797,4327
00157100,GEORGIA MILITARY COLLEGE                ,GA,31061-3398,Public       ,1160,1406,2566,2735,3302,6037
00157200,GEORGIA SOUTHERN UNIVERSITY             ,GA,30460-8065,Public       ,1770,1226,2996,15675,4731,20406
00157300,GEORGIA SOUTHWESTERN STATE UNIV         ,GA,31709-4693,Public       ,298,444,742,1853,1502,3355
00157400,GEORGIA STATE UNIVERSITY                ,GA,30303-3010,Public       ,2545,3810,6355,19553,19103,38656
00157500,GORDON COLLEGE                          ,GA,30204-1762,Public       ,675,488,1163,3308,1849,5157
00157700,KENNESAW STATE UNIVERSITY               ,GA,30144-5591,Public       ,1922,2241,4163,11337,9707,21044
00157800,LAGRANGE COLLEGE                        ,GA,30240-2999,Private      ,90,136,226,1104,514,1618
00157900,MEDICAL COLLEGE OF GEORGIA              ,GA,30912-0004,Public       ,71,417,488,506,2306,2812
00158000,MERCER UNIVERSITY                       ,GA,31207-0003,Private      ,433,1519,1952,3799,6570,10369
00158100,MIDDLE GEORGIA COLLEGE                  ,GA,31014-1599,Public       ,524,413,937,3077,1524,4601
00158200,MOREHOUSE COLLEGE                       ,GA,30314-3773,Private      ,735,241,976,4777,815,5592
00158500,NORTH GEORGIA COLLEGE & STATE UNIV      ,GA,30597-0001,Public       ,421,355,776,3152,1455,4607
00158600,OGLETHORPE UNIVERSITY                   ,GA,30319-2737,Private      ,117,80,197,1560,393,1953
00158700,PAINE COLLEGE                           ,GA,30901-3182,Private      ,167,106,273,1528,442,1970
00158800,PIEDMONT COLLEGE                        ,GA,30535-5644,Private      ,144,697,841,775,1910,2685
00158900,REINHARDT COLLEGE                       ,GA,30183-2981,Private      ,154,87,241,888,280,1168
00159000,SAVANNAH STATE UNIVERSITY               ,GA,31404-5298,Public       ,1007,541,1548,5287,1906,7193
00159100,SHORTER COLLEGE                         ,GA,30165-4298,Private      ,195,687,882,1391,2363,3754
00159200,SOUTH GEORGIA COLLEGE                   ,GA,31533-8104,Public       ,382,287,669,1403,937,2340
00159400,SPELMAN COLLEGE                         ,GA,30314-4399,Private      ,455,188,643,5736,937,6673
00159600,TOCCOA FALLS COLLEGE                    ,GA,30598-0001,Private      ,85,51,136,920,199,1119
00159700,TRUETT MCCONNELL COLLEGE                ,GA,30528-1264,Private      ,113,27,140,453,62,515
00159800,UNIVERSITY OF GEORGIA                   ,GA,30602-6114,Public       ,2418,2067,4485,19202,9263,28465
00159900,VALDOSTA STATE UNIVERSITY               ,GA,31698-0001,Public       ,1206,1018,2224,10250,4236,14486
00160000,WESLEYAN COLLEGE                        ,GA,31210-4407,Private      ,73,161,234,399,419,818
00160100,UNIV OF WEST GEORGIA                    ,GA,30118-0002,Public       ,1212,941,2153,8601,4011,12612
00160200,GEORGIA COLLEGE & STATE UNIVERSITY      ,GA,31061-0490,Public       ,682,474,1156,4874,1685,6559
00160400,YOUNG HARRIS COLLEGE                    ,GA,30582-4137,Private      ,54,13,67,765,47,812
00348400,COVENANT COLLEGE                        ,GA,30750-4164,Private      ,87,100,187,1198,340,1538
00395600,DALTON STATE COLLEGE                    ,GA,30720-3797,Public       ,533,713,1246,2411,2458,4869
00402300,APPALACHIAN TECHNICAL COLLEGE           ,GA,30143-0000,Public       ,78,215,293,235,604,839
00402400,COOSA VALLEY TECHNICAL COLLEGE          ,GA,30161-6757,Public       ,387,831,1218,911,2324,3235
00402403,NORTHWESTERN TECHNICAL COLLEGE          ,GA,30739-0569,Public       ,324,793,1117,785,2460,3245
00411700,GRADY HEALTH SYSTEM                     ,GA,30303-3050,Public       ,16,58,74,71,223,294
00525400,LANIER TECHNICAL COLLEGE                ,GA,30566-3499,Public       ,187,604,791,637,1940,2577
00525500,MOULTRIE TECHNICAL COLLEGE              ,GA,31768-0000,Public       ,208,552,760,535,1716,2251
00525600,VALDOSTA TECHNICAL COLLEGE              ,GA,31603-0000,Public       ,247,725,972,700,2087,2787
00551100,OKEFENOKEE TECHNICAL COLLEGE            ,GA,31501-4016,Public       ,120,347,467,336,1147,1483
00559900,AUGUSTA TECHNICAL COLLEGE               ,GA,30906-3399,Public       ,635,1572,2207,1658,4651,6309
00560000,ATHENS TECHNICAL COLLEGE                ,GA,30601-1579,Public       ,642,1068,1710,1723,3363,5086
00560100,ALBANY TECHNICAL COLLEGE                ,GA,31701-2648,Public       ,381,1091,1472,1014,3265,4279
00561300,FLINT RIVER TECHNICAL INSTITUTE         ,GA,30286-0014,Public       ,63,282,345,178,839,1017
00561500,SOUTHWEST GEORGIA TECHNICAL COLLEGE     ,GA,31792-2622,Public       ,182,514,696,517,1550,2067
00561600,SWAINSBORO TECHNICAL COLLEGE            ,GA,30401-5700,Public       ,78,187,265,186,594,780
00561700,SOUTH GEORGIA TECHNICAL COLLEGE         ,GA,31709-8167,Public       ,268,395,663,747,1310,2057
00561800,SAVANNAH TECHNICAL COLLEGE              ,GA,31405-5594,Public       ,749,2098,2847,1731,5840,7571
00561900,NORTH GEORGIA TECHNICAL COLLEGE         ,GA,30523-0000,Public       ,282,674,956,724,1488,2212
00562000,CHATTAHOOCHEE TECHNICAL COLLEGE         ,GA,30060-3398,Public       ,646,1177,1823,1884,3898,5782
00562100,GRIFFIN TECHNICAL COLLEGE               ,GA,30223-2097,Public       ,400,1010,1410,1050,3096,4146
00562200,DEKALB TECHNICAL COLLEGE                ,GA,30021-0000,Public       ,542,1737,2279,1349,5338,6687
00562400,COLUMBUS TECHNICAL COLLEGE              ,GA,31904-6572,Public       ,394,1105,1499,1068,3275,4343
00576300,CENTRAL GEORGIA TECHNICAL COLLEGE       ,GA,31206-3628,Public       ,484,1727,2211,1408,5377,6785
00772800,MACON STATE COLLEGE                     ,GA,31206-5145,Public       ,832,1503,2335,3034,4589,7623
00854300,ATLANTA TECHNICAL COLLEGE               ,GA,30310-4499,Public       ,545,1436,1981,1447,4380,5827
00897600,CLAYTON STATE UNIVERSITY                ,GA,30260-0285,Public       ,798,1695,2493,4382,6463,10845
00918300,EAST CENTRAL TECHNICAL COLLEGE          ,GA,31750-0000,Public       ,101,296,397,256,902,1158
00927000,ART INSTITUTE OF ATLANTA                ,GA,30328-1649,Proprietary  ,1435,1204,2639,6296,4034,10330
00950700,GEORGIA HIGHLANDS COLLEGE               ,GA,30162-0000,Public       ,744,623,1367,2481,2117,4598
01031903,MEDIX SCHOOL                            ,GA,30080-7630,Proprietary  ,79,296,375,163,629,792
01035601,EVEREST INSTITUTE - DEKALB              ,GA,30035-3420,Proprietary  ,121,395,516,174,595,769
01048700,WEST GEORGIA TECHNICAL COLLEGE          ,GA,30182-6476,Public       ,452,993,1445,1219,3018,4237
01048704,WEST GEORGIA TECHNICAL COLLEGE          ,GA,30240-5957,Public       ,155,504,659,507,1284,1791
01077100,GUPTON JONES COLLEGE                    ,GA,30035-4022,Private      ,29,68,97,94,197,291
01099700,EAST GEORGIA COLLEGE                    ,GA,30401-2699,Public       ,676,385,1061,2016,927,2943
01107400,BAINBRIDGE COLLEGE                      ,GA,39819-8400,Public       ,499,1245,1744,1011,2475,3486
01110901,EVEREST COLLEGE - EVEREST INSTITUTE     ,GA,30067-8340,Proprietary  ,58,266,324,95,434,529
01112301,EVEREST COLLEGE - EVEREST INSTITUTE- NOR,GA,30093-2813,Proprietary  ,59,349,408,144,793,937
01157400,BAUDER COLLEGE                          ,GA,30313-2439,Proprietary  ,184,355,539,586,898,1484
01205100,PRO WAY HAIR SCHOOL                     ,GA,30083-2884,Proprietary  ,29,118,147,54,234,288
01216500,ATLANTA METROPOLITAN COLLEGE            ,GA,30310-4498,Public       ,588,880,1468,1759,2745,4504
01303900,SOUTH UNIVERSITY                        ,GA,31406-4881,Proprietary  ,415,4804,5219,952,10979,11931
02055000,WAYCROSS COLLEGE                        ,GA,31503-0000,Public       ,132,196,328,483,589,1072
02060900,BROWN CLG OF COURT REPORTING & M.T.     ,GA,30318-2570,Proprietary  ,10,93,103,23,275,298
02074800,LIFE UNIVERSITY                         ,GA,30060-0000,Private      ,56,243,299,247,2010,2257
02089700,HERZING COLLEGE                         ,GA,30326-1332,Proprietary  ,91,326,417,202,723,925
02110501,ART INSTITUTE OF CHARLOTTE (THE) - BROWN,GA,30328-1635,Proprietary  ,14,10,24,56,40,96
02113604,AMERICAN INTERCONTINENTAL UNIV - DUNWOOD,GA,30328-1649,Proprietary  ,144,454,598,549,1600,2149
02116000,SANFORD-BROWN COLLEGE                   ,GA,30328-4803,Proprietary  ,95,445,540,253,1361,1614
02141500,SAVANNAH COLLEGE OF ART & DESIGN        ,GA,31402-3146,Private      ,1051,577,1628,7879,3059,10938
02202800,AUGUSTA AREA DIET INTERN UNIV HOSP      ,GA,30901-0000,Private      ,2,3,5,2,24,26
02205300,SAVANNAH RIVER COLLEGE                  ,GA,30909-0000,Proprietary  ,16,86,102,50,370,420
02217200,PORTFOLIO CENTER                        ,GA,30309-0000,Proprietary  ,6,43,49,15,113,128
02263105,ANTHEM COLLEGE - HIGH-TECH INSTITUTE - M,GA,30324-3398,Proprietary  ,4,11,15,26,35,61
02266200,AMERICAN PROFESSIONAL INSTITUTE         ,GA,31201-0000,Proprietary  ,117,505,622,162,911,1073
02279500,HEART OF GEORGIA TECHNICAL COLLEGE      ,GA,31021-0000,Public       ,120,347,467,343,1085,1428
02284300,INTERACTIVE COLLEGE OF TECHNOLOGY       ,GA,30341-0000,Proprietary  ,77,547,624,151,1149,1300
02284308,INTERACTIVE LEARNING SYSTEMS            ,GA,30260-0000,Proprietary  ,19,99,118,39,193,232
02284309,INTERACTIVE COLLEGE OF TECHNOLOGY       ,GA,30501-0000,Proprietary  ,16,87,103,22,105,127
02285500,"CREATIVE CIRCUS, THE                    ",GA,30324-0000,Proprietary  ,21,79,100,63,226,289
02288400,GWINNETT TECHNICAL INSTITUTE            ,GA,30043-5702,Public       ,670,1375,2045,2065,4763,6828
02313902,WESTWOOD COLLEGE - O'HARE AIRPORT - ATLA,GA,30345-2807,Proprietary  ,87,125,212,234,377,611
02318600,GEORGIA MEDICAL INSTITUTE               ,GA,30303-0000,Proprietary  ,9,15,24,68,134,202
02321400,ROFFLER-MOLER HAIRSTYLING COLLEGE       ,GA,30062-0000,Proprietary  ,21,41,62,35,86,121
02354500,SOUTHEASTERN BEAUTY SCHOOLS             ,GA,31906-0000,Proprietary  ,10,30,40,17,104,121
02482100,MOREHOUSE SCHOOL OF MEDICINE            ,GA,30310-0000,Private      ,15,27,42,112,577,689
02502700,ADVANCED CAREER TRAINING                ,GA,30329-0000,Proprietary  ,65,428,493,87,569,656
02502701,ADVANCED CAREER TRAINING-RIVERDALE      ,GA,30274-0000,Proprietary  ,66,208,274,101,404,505
02508600,MIDDLE GEORGIA TECHNICAL COLLEGE        ,GA,31088-0000,Public       ,256,711,967,663,1824,2487
02520000,INTERNATIONAL SCH SKIN & NAILCARE       ,GA,30342-0000,Proprietary  ,12,59,71,33,161,194
02577000,ARNOLD / PADRICKS  UNIV OF COSM         ,GA,30297-0000,Proprietary  ,19,63,82,42,138,180
02577700,BEAUTY COLLEGE OF AMERICA               ,GA,30297-0000,Proprietary  ,16,52,68,31,79,110
02578300,INTERNATIONAL CITY BEAUTY COLLEGE       ,GA,31093-3631,Proprietary  ,4,12,16,8,20,28
02580200,ATLANTA SCHOOL OF MASSAGE               ,GA,30338-0000,Proprietary  ,22,94,116,62,213,275
02583000,GWINNETT COLLEGE OF BUSINESS            ,GA,30047-3447,Proprietary  ,46,224,270,121,584,705
02607600,CAPELLI LEARNING CTR FOR COSM           ,GA,30324-0000,Proprietary  ,16,57,73,57,165,222
03005400,ARTISTIC BEAUTY COLLEGE                 ,GA,30013-2076,Proprietary  ,85,193,278,157,454,611
03022601,WESTERN CULINARY INSTITUTE - LE CORDON B,GA,30084-5893,Proprietary  ,34,60,94,112,154,266
03029000,NORTH METRO TECHNICAL COLLEGE           ,GA,30102-3129,Public       ,453,698,1151,1181,2115,3296
03030000,OGEECHEE TECHNICAL COLLEGE              ,GA,30458-8049,Public       ,452,651,1103,1043,1895,2938
03032100,ALTAMAHA TECHNICAL COLLEGE              ,GA,31545-4465,Public       ,75,243,318,237,757,994
03042700,LAURUSTECHNICAL INSTITUTE               ,GA,30030-1506,Proprietary  ,31,150,181,66,356,422
03066500,SOUTHEASTERN TECHNICAL COLLEGE          ,GA,30474-8817,Public       ,108,303,411,312,1014,1326
03072304,EVEREST COLLEGE - EVEREST INSTITUTE     ,GA,30236-0000,Proprietary  ,138,473,611,230,832,1062
03076300,BEULAH HEIGHTS BIBLE COLLEGE            ,GA,30316-1873,Private      ,16,302,318,36,611,647
03079202,WESTWOOD COLLEGE - ATLANTA MIDTOWN      ,GA,30309-2848,Proprietary  ,150,223,373,493,666,1159
03081500,SOUTHEASTERN BEAUTY SCHOOL              ,GA,31917-0000,Proprietary  ,10,38,48,19,112,131
03089100,GEORGIA INSTITUTE OF COSMETOLOGY        ,GA,30606-3152,Proprietary  ,37,98,135,65,183,248
03090600,COBB BEAUTY COLLEGE                     ,GA,30144-2828,Proprietary  ,7,26,33,16,38,54
03100900,LUTHER RICE UNIVERSITY                  ,GA,30038-2454,Private      ,9,185,194,16,582,598
03102000,RIVERTOWN SCHOOL OF BEAUTY              ,GA,31904-4747,Proprietary  ,27,59,86,39,91,130
03104500,ATLANTA INSTITUTE OF MUSIC              ,GA,30096-4988,Proprietary  ,46,47,93,104,113,217
03116100,VOGUE BEAUTY SCHOOL                     ,GA,30141-2226,Proprietary  ,9,23,32,20,69,89
03155500,SANDERSVILLE REGIONAL TECH INST         ,GA,31082-6179,Public       ,62,162,224,146,463,609
03173300,ATLANTA'S JOHN MARSHALL LAW SCHOOL      ,GA,30309-0000,Proprietary  ,1,248,249,12,1072,1084
03232304,LINCOLN COLLEGE OF TECHNOLOGY           ,GA,30067-8638,Proprietary  ,67,183,250,129,527,656
03251300,BEACON UNIVERSITY                       ,GA,31909-4663,Private      ,8,44,52,29,218,247
03355402,PSYCHOLOGICAL STUDIES INSTITUTE -       ,GA,30327-2921,Private      ,2,22,24,13,161,174
03391300,ROSS MEDICAL EDUCATION CENTER           ,GA,30033-3105,Proprietary  ,4,7,11,10,36,46
03418300,GWINNETT COLLEGE-SANDY SPRINGS          ,GA,30328-3161,Proprietary  ,14,48,62,23,109,132
03445500,FAYETTE BEAUTY ACADEMY                  ,GA,30214-1191,Proprietary  ,6,17,23,11,50,61
03522300,POWDER SPRINGS BEAUTY COLLEGE           ,GA,30127-2926,Proprietary  ,2,4,6,4,17,21
03523300,AVIATION INSTITUTE OF MAINTENANCE       ,GA,30045-6716,Proprietary  ,59,212,271,108,409,517
03753400,MICHAEL'S SCHOOL OF BEAUTY              ,GA,31211-1493,Proprietary  ,16,62,78,29,117,146
03804400,JAVELIN TECHNICAL TRAINING CENTER       ,GA,30339-6040,Proprietary  ,116,429,545,231,1022,1253
03804401,JAVELIN TECHNICAL TRAINING CENTER -     ,GA,30260-1756,Proprietary  ,4,13,17,10,37,47
03804402,JAVELIN TECHNICAL TRAINING CENTER -     ,GA,30084-5252,Proprietary  ,3,15,18,8,32,40
03812300,OMNITECH INSTITUTE                      ,GA,30035-1206,Proprietary  ,43,119,162,111,331,442
04021300,AUGUSTA SCHOOL OF MASSAGE               ,GA,30809-0000,Proprietary  ,9,9,18,18,35,53
04091300,SAVANNAH SCHOOL OF MASSAGE THERAPY      ,GA,31406-2711,Proprietary  ,10,18,28,24,64,88
04105300,NIGHTINGALE MEDICAL INSTITUTE           ,GA,30084-4036,Proprietary  ,44,166,210,49,176,225
04126800,ACADEMY OF SOMATIC HEALING ARTS (ASHA)  ,GA,30071-1024,Proprietary  ,8,53,61,21,99,120
04128500,SOUTHERN CATHOLIC COLLEGE               ,GA,30534-3111,Private      ,47,13,60,194,19,213
        ,CHICAGO THEOLOGICAL SEMINARY            ,IL,60637-0000,Private      ,0,23,23,3,134,137
00162800,AMERICAN ACADEMY OF ART                 ,IL,60604-4302,Proprietary  ,98,31,129,483,115,598
00163300,AUGUSTANA COLLEGE                       ,IL,61201-2296,Private      ,184,32,216,3364,134,3498
00163400,AURORA UNIVERSITY                       ,IL,60506-4892,Private      ,265,631,896,2196,2101,4297
00163600,SOUTHWESTERN ILLINOIS COLLEGE           ,IL,62221-5899,Public       ,1064,1783,2847,2969,4605,7574
00163800,BLACK HAWK COLLEGE                      ,IL,61265-5899,Public       ,505,710,1215,1716,2175,3891
00163900,BLACKBURN COLLEGE                       ,IL,62626-1498,Private      ,98,24,122,859,114,973
00164000,PRAIRIE STATE COLLEGE                   ,IL,60411-8226,Public       ,626,1026,1652,1757,2978,4735
00164100,BRADLEY UNIVERSITY                      ,IL,61625-0002,Private      ,189,120,309,5998,916,6914
00164300,SPOON RIVER COLLEGE                     ,IL,61520-8907,Public       ,169,183,352,652,607,1259
00164700,CITY COLLEGES OF CHICAGO                ,IL,60606-6998,Public       ,47,138,185,351,501,852
00164800,TRUMAN COLLEGE                          ,IL,60640-5691,Public       ,597,1147,1744,1994,3235,5229
00164900,RICHARD J DALEY COLLEGE                 ,IL,60652-1299,Public       ,775,1258,2033,1958,3032,4990
00165000,CITY COLLEGES OF CHICAGO-MALCOLM X      ,IL,60612-3197,Public       ,579,1659,2238,1942,4353,6295
00165200,HAROLD WASHINGTON COLLEGE               ,IL,60601-2403,Public       ,1461,1851,3312,3804,4592,8396
00165400,KENNEDY KING COLLEGE                    ,IL,60621-3798,Public       ,960,2645,3605,2743,6319,9062
00165500,WRIGHT COLLEGE                          ,IL,60634-1591,Public       ,977,1255,2232,3488,3421,6909
00165700,MIDWESTERN UNIVERSITY                   ,IL,60515-1200,Private      ,3,167,170,116,2590,2706
00165900,ROSALIND FRANKLIN UNIVERSITY OF MEDICINE,IL,60064-3095,Private      ,2,111,113,17,1977,1994
00166300,SPERTUS COLLEGE                         ,IL,60605-1995,Private      ,0,17,17,0,54,54
00166400,UNIVERSITY OF ST FRANCIS                ,IL,60435-6188,Private      ,83,342,425,1327,1406,2733
00166500,COLUMBIA COLLEGE                        ,IL,60605-1996,Private      ,1875,941,2816,10955,4054,15009
00166600,CONCORDIA UNIVERSITY                    ,IL,60305-1499,Private      ,135,579,714,1416,2478,3894
00166900,DANVILLE AREA COMMUNITY COLLEGE         ,IL,61832-5199,Public       ,222,427,649,717,1087,1804
00167100,DEPAUL UNIVERSITY                       ,IL,60604-2287,Private      ,989,2258,3247,14736,12187,26923
00167400,EASTERN ILLINOIS UNIVERSITY             ,IL,61920-3099,Public       ,1182,653,1835,9180,2807,11987
00167500,ELGIN COMMUNITY COLLEGE                 ,IL,60123-7193,Public       ,565,622,1187,2113,2179,4292
00167600,ELMHURST COLLEGE                        ,IL,60126-3296,Private      ,329,230,559,3236,976,4212
00167800,EUREKA COLLEGE                          ,IL,61530-9976,Private      ,35,16,51,853,196,1049
00168100,HIGHLAND COMMUNITY COLLEGE              ,IL,61032-9341,Public       ,218,324,542,705,790,1495
00168200,GARRETT-EVANGELICAL THEOLOGICAL SEM     ,IL,60201-0000,Private      ,0,60,60,1,179,180
00168400,GREENVILLE COLLEGE                      ,IL,62246-1199,Private      ,110,226,336,1506,636,2142
00168500,HEBREW THEOLOGICAL COLLEGE              ,IL,60077-3263,Private      ,73,7,80,338,14,352
00168800,ILLINOIS COLLEGE                        ,IL,62650-2299,Private      ,49,17,66,1256,80,1336
00168900,ILLINOIS COLLEGE OF OPTOMETRY           ,IL,60616-3878,Private      ,3,19,22,16,664,680
00169100,ILLINOIS INSTITUTE OF TECHNOLOGY        ,IL,60616-0000,Private      ,234,453,687,2464,1884,4348
00169103,CHICAGO KENT COLLEGE OF LAW             ,IL,60661-0000,Private      ,1,137,138,16,1906,1922
00169200,ILLINOIS STATE UNIVERSITY               ,IL,61790-1000,Public       ,1318,584,1902,16650,3873,20523
00169300,NORTHEASTERN ILLINOIS UNIV              ,IL,60625-4699,Public       ,774,1202,1976,4821,5463,10284
00169400,CHICAGO STATE UNIVERSITY                ,IL,60628-1598,Public       ,967,2481,3448,5416,8644,14060
00169600,ILLINOIS WESLEYAN UNIVERSITY            ,IL,61701-0000,Private      ,80,16,96,2724,70,2794
00169800,JOHN MARSHALL LAW SCHOOL                ,IL,60604-0000,Private      ,3,288,291,17,2318,2335
00169900,JOLIET JUNIOR COLLEGE                   ,IL,60431-8938,Public       ,886,987,1873,3924,3643,7567
00170000,JUDSON UNIVERSITY                       ,IL,60123-1498,Private      ,129,230,359,805,634,1439
00170100,KASKASKIA COLLEGE                       ,IL,62801-7878,Public       ,368,615,983,1146,1626,2772
00170300,KENDALL COLLEGE                         ,IL,60622-4278,Proprietary  ,112,437,549,900,1564,2464
00170400,KNOX COLLEGE                            ,IL,61401-4999,Private      ,53,12,65,2273,72,2345
00170500,ILLINOIS VALLEY COMMUNITY COLLEGE       ,IL,61348-9692,Public       ,250,371,621,1009,1110,2119
00170600,LAKE FOREST COLLEGE                     ,IL,60045-2399,Private      ,59,19,78,1672,100,1772
00170700,LEWIS UNIVERSITY                        ,IL,60446-2200,Private      ,379,664,1043,3510,2276,5786
00170800,LINCOLN CHRISTIAN COLLEGE               ,IL,62656-2167,Private      ,78,157,235,473,524,997
00170900,LINCOLN COLLEGE                         ,IL,62656-1699,Private      ,231,103,334,1171,382,1553
00171000,LOYOLA UNIVERSITY CHICAGO               ,IL,60626-0000,Private      ,613,1303,1916,14843,8376,23219
00171002,LOYOLA STRITCH SCHOOL OF MEDICINE       ,IL,60153-0000,Private      ,1,13,14,10,1069,1079
00171200,LUTHERAN SCHOOL OF THEOL AT CHICAGO     ,IL,60615-0000,Private      ,0,38,38,0,136,136
00171600,MACCORMAC COLLEGE                       ,IL,60602-4405,Private      ,15,47,62,48,121,169
00171700,MACMURRAY COLLEGE                       ,IL,62650-2590,Private      ,124,77,201,690,218,908
00172100,MCCORMICK THEOLOGICAL SEMINARY          ,IL,60615-5108,Private      ,0,17,17,1,111,112
00172200,MCKENDREE UNIVERSITY                    ,IL,62254-1299,Private      ,162,404,566,1576,1329,2905
00172300,MEADVILLE LOMBARD THEOLOGICAL SCHOOL    ,IL,60637-1602,Private      ,0,3,3,0,55,55
00172400,MILLIKIN UNIVERSITY                     ,IL,62522-2084,Private      ,222,153,375,2592,690,3282
00172500,MONMOUTH COLLEGE                        ,IL,61462-1963,Private      ,143,19,162,1833,73,1906
00172800,MORTON COLLEGE                          ,IL,60804-4398,Public       ,470,669,1139,1239,1509,2748
00173200,NATIONAL UNIV OF HEALTH SCIENCES        ,IL,60148-4583,Private      ,16,266,282,50,731,781
00173300,NATIONAL-LOUIS UNIVERSITY               ,IL,60603-3032,Private      ,66,2077,2143,248,5885,6133
00173400,NORTH CENTRAL COLLEGE                   ,IL,60540-4690,Private      ,152,143,295,2775,590,3365
00173500,NORTH PARK UNIVERSITY                   ,IL,60625-4895,Private      ,318,433,751,2238,1248,3486
00173600,NORTHERN BAPTIST THEOL SEMINARY         ,IL,60148-0000,Private      ,0,5,5,1,11,12
00173700,NORTHERN ILLINOIS UNIVERSITY            ,IL,60115-2854,Public       ,2041,1459,3500,17780,7542,25322
00173900,NORTHWESTERN UNIV                       ,IL,60208-0001,Private      ,304,1074,1378,15134,9118,24252
00174100,OLIVET NAZARENE UNIVERSITY              ,IL,60914-2271,Private      ,261,546,807,2761,1529,4290
00174200,IL EASTERN COMM COLGS-OLNEY CENTRAL     ,IL,62450-1099,Public       ,127,184,311,544,541,1085
00174500,QUINCY UNIVERSITY                       ,IL,62301-2699,Private      ,62,136,198,1297,593,1890
00174600,ROBERT MORRIS UNIVERSITY ILLINOIS       ,IL,60605-1225,Private      ,651,1198,1849,4294,4687,8981
00174700,ROCK VALLEY COLLEGE                     ,IL,61114-5699,Public       ,481,950,1431,2217,3302,5519
00174800,ROCKFORD COLLEGE                        ,IL,61108-2393,Private      ,141,298,439,903,875,1778
00174900,ROOSEVELT UNIVERSITY                    ,IL,60605-1394,Private      ,432,1663,2095,3326,6313,9639
00175000,DOMINICAN UNIVERSITY                    ,IL,60305-1066,Private      ,165,339,504,2083,1285,3368
00175200,SAUK VALLEY COMMUNITY COLLEGE           ,IL,61021-9112,Public       ,220,295,515,883,933,1816
00175300,SCHOOL OF ART INSTITUTE OF CHICAGO      ,IL,60603-3017,Private      ,187,180,367,2725,1874,4599
00175400,SEABURY-WESTERN THEO SEMINARY           ,IL,60201-0000,Private      ,0,3,3,0,27,27
00175600,SHIMER COLLEGE                          ,IL,60616-3893,Private      ,14,15,29,108,50,158
00175700,SOUTHEASTERN ILLINOIS COLLEGE           ,IL,62946-4925,Public       ,140,207,347,539,622,1161
00175800,SOUTHERN ILL UNIV-CARBONDALE            ,IL,62901-0000,Public       ,1598,1691,3289,13637,7394,21031
00175900,SOUTHERN ILL UNIV-EDWARDSVILLE          ,IL,62026-1060,Public       ,930,886,1816,9217,4603,13820
00175924,SO IL UNIV-SCHL OF DENTAL MEDICINE      ,IL,62002-0000,Public       ,1,4,5,5,200,205
00176100,SPRINGFIELD COLLEGE IN ILLINOIS         ,IL,62702-2694,Private      ,98,179,277,398,533,931
00176500,UNIVERSITY OF ST MARY OF THE LAKE       ,IL,60060-0000,Private      ,0,3,3,0,12,12
00176700,BENEDICTINE UNIVERSITY                  ,IL,60532-0900,Private      ,260,716,976,2169,2664,4833
00176800,ST XAVIER UNIVERSITY                    ,IL,60655-3199,Private      ,329,741,1070,3589,3076,6665
00176900,SOUTH SUBURBAN COLLEGE                  ,IL,60473-9978,Public       ,903,1992,2895,2088,4690,6778
00177100,TRINITY CHRISTIAN COLLEGE               ,IL,60463-0929,Private      ,122,133,255,1157,631,1788
00177200,TRINITY INTERNATIONAL UNIVERSITY        ,IL,60015-1283,Private      ,107,275,382,829,1050,1879
00177300,TRITON COLLEGE                          ,IL,60171-1995,Public       ,921,1232,2153,2561,3130,5691
00177400,UNIVERSITY OF CHICAGO                   ,IL,60637-1476,Private      ,268,309,577,9570,2048,11618
00177401,UNIV OF CHICAGO PRITZKER SCH OF MED     ,IL,60637-0000,Private      ,2,14,16,30,654,684
00177403,"UNIV OF CHICAGO, GRAD SCH OF BUS        ",IL,60637-0000,Private      ,0,410,410,23,1182,1205
00177405,UNIVERSITY OF CHICAGO GRADUATE          ,IL,60637-0000,Private      ,7,372,379,91,5199,5290
00177500,UNIV OF ILLINOIS @ URBANA-CHAMPAIGN     ,IL,61820-5796,Public       ,1864,1068,2932,24230,7404,31634
00177600,UNIV OF ILLINOIS AT CHICAGO             ,IL,60607-7163,Public       ,1569,1937,3506,16389,12019,28408
00177800,VANDERCOOK COLLEGE OF MUSIC             ,IL,60616-3731,Private      ,8,18,26,144,79,223
00177900,IL EASTERN COMM COLGS-WABASH VALLEY     ,IL,62863-2699,Public       ,104,102,206,401,306,707
00178000,WESTERN ILLINOIS UNIVERSITY             ,IL,61455-1390,Public       ,1423,810,2233,9563,3190,12753
00178100,WHEATON COLLEGE                         ,IL,60187-5535,Private      ,113,87,200,2431,550,2981
00178300,WORSHAM COLLEGE OF MORTUARY SCIENCE     ,IL,60090-2646,Proprietary  ,19,31,50,51,100,151
00396100,HARPER COLLEGE                          ,IL,60067-7398,Public       ,1064,952,2016,3529,2644,6173
00418100,ADVOCATE TRINITY HOSPITAL SCHOOL OF RADI,IL,60617-3982,Private      ,1,23,24,22,83,105
00456000,GEM CITY COLLEGE                        ,IL,62301-4949,Proprietary  ,6,17,23,8,28,36
00456800,MIDSTATE COLLEGE                        ,IL,61614-3558,Proprietary  ,16,213,229,57,698,755
00457100,SPARKS COLLEGE                          ,IL,62565-2241,Proprietary  ,3,7,10,4,10,14
00512732,BROWN MACKIE COLLEGE-MERRILLVILLE - BROW,IL,61265-7062,Proprietary  ,3,8,11,5,16,21
00621400,BLESSING RIEMAN COLLEGE OF NURSING      ,IL,62301-0000,Private      ,7,17,24,62,66,128
00621401,BLESSING HOSP SCH MED LAB TECH          ,IL,62301-0000,Private      ,0,0,0,0,4,4
00621402,BLESSING HOSP SCH OF RAD TECH           ,IL,62301-2852,Private      ,0,3,3,8,12,20
00621403,BLESSING HOSPITAL - COLLEGE OF NURSING  ,IL,62305-7005,Private      ,2,5,7,13,15,28
00622501,TRINITY COLLEGE OF NURSING & HEALTH SCIE,IL,61201-5317,Private      ,11,43,54,78,182,260
00622800,METHODIST MED CTR OF ILL SCH NRSNG      ,IL,61636-0000,Private      ,14,20,34,71,142,213
00624000,ST FRANCIS MED CLG OF NRSG              ,IL,61603-3783,Private      ,16,43,59,155,283,438
00665600,COLLEGE OF DUPAGE                       ,IL,60137-6599,Public       ,1591,1530,3121,5441,4774,10215
00675300,ILLINOIS CENTRAL COLLEGE                ,IL,61635-0001,Public       ,813,1192,2005,3135,3728,6863
00693100,WAUBONSEE COMMUNITY COLLEGE             ,IL,60554-0000,Public       ,397,601,998,1347,1720,3067
00711800,PARKLAND COLLEGE                        ,IL,61821-1899,Public       ,929,842,1771,3324,2510,5834
00711900,REND LAKE COLLEGE                       ,IL,62846-9801,Public       ,284,388,672,1093,1249,2342
00717000,LINCOLN LAND COMMUNITY COLLEGE          ,IL,62794-9256,Public       ,515,791,1306,1889,2590,4479
00726500,CARL SANDBURG COLLEGE                   ,IL,61401-9576,Public       ,203,328,531,837,1172,2009
00754900,COYNE AMERICAN INSTITUTE                ,IL,60607-1300,Proprietary  ,132,294,426,336,860,1196
00764400,LAKE LAND COLLEGE                       ,IL,61938-9366,Public       ,438,547,985,1880,1560,3440
00768400,KISHWAUKEE COLLEGE                      ,IL,60150-9699,Public       ,406,340,746,1285,1116,2401
00769000,KANKAKEE COMMUNITY COLLEGE              ,IL,60901-6505,Public       ,251,477,728,993,1564,2557
00769100,MCHENRY COUNTY COLLEGE                  ,IL,60012-2761,Public       ,310,376,686,1137,1092,2229
00769200,MORAINE VALLEY COMMUNITY COLLEGE        ,IL,60465-0937,Public       ,1062,1063,2125,3627,3129,6756
00769300,SHAWNEE COMMUNITY COLLEGE               ,IL,62992-9725,Public       ,206,517,723,627,1136,1763
00769400,COLLEGE OF LAKE COUNTY                  ,IL,60030-1198,Public       ,895,1120,2015,2406,2899,5305
00793700,MS ROBERTS ACADEMY OF BEAUTY CULT       ,IL,60181-2930,Proprietary  ,11,24,35,15,47,62
00807600,JOHN A LOGAN COLLEGE                    ,IL,62918-2500,Public       ,607,763,1370,1755,2122,3877
00814604,EVEREST UNIVERSITY - EVEREST  COLLEGE   ,IL,60803-4517,Proprietary  ,60,375,435,125,738,863
00825900,EDUCATORS OF BEAUTY                     ,IL,61081-3611,Proprietary  ,19,45,64,36,116,152
00825901,EDUCATORS OF BEAUTY                     ,IL,61104-0000,Proprietary  ,17,44,61,36,129,165
00832800,ALVAREITA'S COLLEGE OF COSMETOLOGY      ,IL,62025-2041,Proprietary  ,14,22,36,27,56,83
00854500,ROCKFORD BUSINESS COLLEGE               ,IL,61103-0000,Proprietary  ,85,261,346,150,714,864
00869402,RASMUSSEN COLLEGE - SAINT CLOUD - ROCKFO,IL,61108-2513,Proprietary  ,63,190,253,165,673,838
00869403,RASMUSSEN COLLEGE - SAINT CLOUD - AURORA,IL,60506-0000,Proprietary  ,11,31,42,11,32,43
00888000,MORRISON INSTITUTE OF TECHNOLOGY        ,IL,61270-2959,Private      ,19,5,24,133,16,149
00893800,GRAHAM HOSPITAL SCH OF NURSING          ,IL,61520-2497,Private      ,1,3,4,24,52,76
00893900,CANNELLA SCHOOL OF HAIR DESIGN          ,IL,60406-2130,Proprietary  ,17,64,81,25,80,105
00914500,GOVERNORS STATE UNIVERSITY              ,IL,60466-0975,Public       ,194,1389,1583,665,4533,5198
00923200,CATHOLIC THEOLOGICAL UNION              ,IL,60615-0000,Private      ,0,13,13,0,46,46
00933300,UNIV OF ILLINOIS AT SPRINGFIELD         ,IL,62703-5407,Public       ,272,600,872,1629,2257,3886
00947500,EDUCATORS OF BEAUTY                     ,IL,61301-2404,Proprietary  ,6,15,21,16,34,50
00959500,CANNELLA SCHOOL OF HAIR DESIGN          ,IL,60617-4303,Proprietary  ,19,62,81,29,83,112
00976700,OLIVE-HARVEY COLLEGE                    ,IL,60628-1696,Public       ,398,1135,1533,993,2714,3707
00978600,IL EASTERN COMM COLGS-LINCOLN TRAIL     ,IL,62454-5708,Public       ,100,127,227,319,336,655
00980000,RUSH UNIVERSITY                         ,IL,60612-3806,Private      ,15,183,198,158,1897,2055
00989600,OAKTON COMMUNITY COLLEGE                ,IL,60016-1268,Public       ,564,504,1068,2261,1721,3982
00998700,SAINT ANTHONY COLLEGE OF NURSING        ,IL,61108-2468,Private      ,14,32,46,90,189,279
01002000,LEWIS AND CLARK COMMUNITY COLLEGE       ,IL,62035-2466,Public       ,572,808,1380,1647,2095,3742
01031600,LINCOLN COLLEGE OF TECHNOLOGY           ,IL,60160-1605,Proprietary  ,248,287,535,735,782,1517
01050100,LAKEVIEW  COLLEGE OF NURSING            ,IL,61832-3781,Private      ,17,11,28,121,154,275
01069500,TRI-COUNTY BEAUTY ACADEMY               ,IL,62056-2036,Proprietary  ,3,10,13,6,20,26
01071000,CAPITAL AREA SCH OF PRAC NRSG           ,IL,62707-0000,Public       ,13,81,94,39,311,350
01072700,DEVRY UNIVERSITY                        ,IL,60618-5994,Proprietary  ,3756,11748,15504,19262,52379,71641
01073700,ADVOCATE IL MASONIC SCH OF RAD TECH     ,IL,60657-5193,Private      ,6,9,15,12,32,44
01083600,PIVOT POINT INTNL CSMTLGY RSRCH CTR     ,IL,60626-0000,Proprietary  ,106,122,228,274,355,629
01087900,RICHLAND COMMUNITY COLLEGE              ,IL,62521-8513,Public       ,227,454,681,691,1187,1878
01102401,EVEREST COLLEGE - CHICAGO               ,IL,60604-2052,Proprietary  ,203,679,882,426,1401,1827
01151002,EVEREST INSTITUTE - EVEREST COLLEGE     ,IL,60542-1610,Proprietary  ,55,158,213,96,334,430
01181000,TAYLOR BUSINESS INSTITUTE               ,IL,60606-5111,Proprietary  ,28,124,152,39,196,235
01185800,EVEREST COLLEGE                         ,IL,60077-1074,Proprietary  ,99,271,370,186,648,834
01185802,EVEREST COLLEGE - BURR RIDGE            ,IL,60527-7826,Proprietary  ,66,191,257,102,345,447
01236200,NORTHWESTERN COLLEGE                    ,IL,60630-2298,Proprietary  ,337,987,1324,975,2310,3285
01238500,BLOOMINGTON-NORMAL SCH RADIOGRAPHY      ,IL,61761-4604,Private      ,0,0,0,10,9,19
01258400,ILLINOIS INSTITUTE OF ART (THE)         ,IL,60654-1593,Proprietary  ,762,700,1462,3885,2320,6205
01258401,ILLINOIS INSTITUTE OF ART (THE) - THE IL,IL,60173-4913,Proprietary  ,0,0,0,88,45,133
01281300,JOHN WOOD COMMUNITY COLLEGE             ,IL,62305-0401,Public       ,369,420,789,1071,1094,2165
01308700,CAPRI GARFIELD RIDGE SCH OF BTY CLR     ,IL,60629-1613,Proprietary  ,30,80,110,51,172,223
01308800,CAPRI OAK FOREST COLLEGE OF BEAUTY      ,IL,60452-2798,Proprietary  ,46,48,94,118,132,250
02055200,HARRINGTON COLLEGE OF DESIGN            ,IL,60606-3433,Proprietary  ,76,162,238,705,831,1536
02068100,ADLER SCH OF PROFESSIONAL PSYCHLGY      ,IL,60601-0000,Private      ,2,123,125,11,777,788
02069300,VATTEROTT COLLEGE                       ,IL,62305-5938,Proprietary  ,52,170,222,121,403,524
02073200,TELSHE YESHIVA-CHICAGO                  ,IL,60625-0000,Private      ,15,5,20,25,7,32
02074400,IL EASTERN COMM COLGS-FRONTIER          ,IL,62837-0000,Public       ,41,82,123,164,289,453
02075400,KELLER GRADUATE SCHOOL OF MGMT.         ,IL,60181-0000,Proprietary  ,3,2703,2706,19,12354,12373
02113600,AMERICAN INTERCONTINENTAL UNIVERSITY    ,IL,60192-3713,Proprietary  ,852,9468,10320,2552,25858,28410
02117400,BECK AREA CAREER CENTER                 ,IL,62278-0000,Public       ,3,25,28,15,95,110
02124400,UNIVERSITY OF SPA & COSMETOLOGY ART     ,IL,62704-0000,Proprietary  ,23,43,66,83,116,199
02150600,COSMETOLOGY AND SPA INSTITUTE (THE)     ,IL,60014-4003,Proprietary  ,35,59,94,53,100,153
02155300,THE CHICAGO SCHOOL OF PROF PSYCHOLOGY   ,IL,60610-4705,Private      ,4,273,277,18,2338,2356
02160300,INTERNATIONAL ACAD OF DESIGN & TECH     ,IL,60602-3319,Proprietary  ,256,361,617,1387,1350,2737
02160304,INTERNATIONAL ACADEMY OF DESIGN AND TECH,IL,60173-5160,Proprietary  ,37,50,87,141,177,318
02168600,EAST WEST UNIVERSITY                    ,IL,60605-0000,Private      ,188,263,451,620,1619,2239
02179900,ARGOSY UNIVERSITY                       ,IL,60601-7757,Proprietary  ,295,4078,4373,997,20175,21172
02185400,ST AUGUSTINE COLLEGE                    ,IL,60640-0000,Private      ,111,446,557,297,1266,1563
02192400,MR JOHNS SCHOOL OF COSMETOLOGY          ,IL,62521-0000,Proprietary  ,7,39,46,12,85,97
02202600,CANNELLA SCHOOL OF HAIR DESIGN          ,IL,60181-1321,Proprietary  ,5,28,33,7,38,45
02214100,WEST SUBURBAN COLLEGE OF NURSING        ,IL,60302-2519,Private      ,25,78,103,118,332,450
02228100,MAC DANIEL'S BEAUTY SCHOOL              ,IL,60640-0000,Proprietary  ,4,29,33,14,50,64
02261200,HAIR PROFESSIONALS ACAD COSMETOLOGY     ,IL,60118-0000,Proprietary  ,32,56,88,51,82,133
02261201,HAIR PROFESSIONALS ACADEMY OF COSMETOLOG,IL,60118-9333,Proprietary  ,0,1,1,2,5,7
02262100,HAIR PROFESSIONALS SCH COSMETOLOGY      ,IL,60543-0000,Proprietary  ,13,38,51,23,47,70
02291200,CANNELLA SCHOOL OF HAIR DESIGN          ,IL,60639-0000,Proprietary  ,19,64,83,29,83,112
02295500,CANNELLA SCHOOL OF HAIR DESIGN          ,IL,60120-0000,Proprietary  ,2,41,43,8,53,61
02297500,OEHRLEIN SCHOOL OF COSMETOLOGY          ,IL,61611-0000,Proprietary  ,28,25,53,44,56,100
02312300,LA' JAMES COLLEGE HAIRSTYLING           ,IL,61244-0000,Proprietary  ,6,6,12,14,27,41
02313900,WESTWOOD COLLEGE - O'HARE AIRPORT       ,IL,60631-2801,Proprietary  ,162,231,393,426,560,986
02317300,CONCEPT COLLEGE OF COSMETOLOGY          ,IL,61832-0000,Proprietary  ,14,40,54,26,72,98
02319200,LAKE FOREST GRAD SCHL OF MGMT           ,IL,60045-4824,Private      ,0,152,152,1,230,231
02323300,PROFESSIONAL'S CHOICE HAIR DSN ACAD     ,IL,60435-0000,Proprietary  ,4,10,14,14,30,44
02332200,HAIR PROFESSIONALS CAREER COLLEGE       ,IL,60178-0000,Proprietary  ,17,18,35,24,36,60
02337800,THE COLLEGE OF OFFICE TECHNOLOGY        ,IL,60622-0000,Proprietary  ,45,261,306,64,411,475
02349400,ALVAREITA'S COLLEGE OF COSMETOLOGY      ,IL,62035-0000,Proprietary  ,21,10,31,31,18,49
02349500,CANNELLA SCHOOL OF HAIR DESIGN          ,IL,60632-0000,Proprietary  ,32,115,147,42,135,177
02352200,COOKING & HOSPITALITY INSTITUTE         ,IL,60610-3050,Proprietary  ,117,290,407,621,950,1571
02498200,HAIR PROFESSIONALS ACAD COSMETOLOGY     ,IL,60187-0000,Proprietary  ,12,60,72,20,70,90
02498201,HAIR PROFESSIONALS ACADEMY OF COSMETOLOG,IL,60563-0000,Proprietary  ,3,4,7,12,12,24
02522800,FOX COLLEGE                             ,IL,60453-0000,Proprietary  ,107,60,167,251,136,387
02527600,LEXINGTON COLLEGE                       ,IL,60607-0000,Private      ,13,13,26,69,37,106
02536700,BELL MAR BEAUTY COLLEGE                 ,IL,60650-0000,Proprietary  ,4,26,30,8,37,45
02538100,REGENCY BEAUTY INSTITUTE                ,IL,61820-0000,Proprietary  ,12,22,34,14,27,41
02556100,ENVIRONMENTAL TECHNICAL INSTITUTE       ,IL,60143-0000,Proprietary  ,90,160,250,147,240,387
02556600,NILES SCHOOL OF COSMETOLOGY             ,IL,60714-0000,Proprietary  ,10,16,26,17,36,53
02570305,LOS ANGELES ORT TECHNICAL INSTITUTE -D/B,IL,60077-0000,Private      ,1,3,4,1,3,4
02573700,INSTITUTE FOR CLINICAL SOCIAL WORK      ,IL,60601-0000,Private      ,0,8,8,6,69,75
02579200,INGALLS MEMORIAL HOSPITAL               ,IL,60426-0000,Private      ,0,1,1,4,16,20
02584900,"FIRST INSTITUTE, INC.                   ",IL,60014-7489,Proprietary  ,22,53,75,30,98,128
02587700,HAIR PROFESSIONALS CAREER COLLEGE       ,IL,60465-1929,Proprietary  ,16,45,61,31,74,105
02599500,HANOVER PARK COLLEGE OF BEAUTY CULT     ,IL,60133-5421,Proprietary  ,30,32,62,55,54,109
02622700,KNOWLEDGE SYSTEMS INSTITUTE             ,IL,60076-0000,Private      ,0,2,2,0,3,3
03002000,HAIRMASTERS INST OF COSMETOLOGY         ,IL,61701-5547,Proprietary  ,9,21,30,22,51,73
03027702,PACIFIC COLLEGE OF ORIENTAL MED         ,IL,60613-0000,Proprietary  ,0,72,72,3,140,143
03065300,TREND SETTERS COLL OF COSMETOLOGY       ,IL,60915-2101,Proprietary  ,42,62,104,90,100,190
03072701,WESTWOOD COLLEGE OF TECHNOLOGY          ,IL,60409-0000,Proprietary  ,111,288,399,296,813,1109
03072702,WESTWOOD COLLEGE OF TECHNOLOGY          ,IL,60602-0000,Proprietary  ,221,410,631,544,946,1490
03078400,CAMEO BEAUTY ACADEMY                    ,IL,60453-3196,Proprietary  ,20,25,45,41,54,95
03079200,WESTWOOD COLLEGE - DUPAGE               ,IL,60517-2321,Proprietary  ,101,148,249,424,436,860
03082900,ROSEL SCHOOL OF COSMETOLOGY             ,IL,60659-1913,Proprietary  ,6,64,70,13,99,112
03083800,HEARTLAND COMMUNITY COLLEGE             ,IL,61761-9446,Public       ,284,455,739,1369,1582,2951
03098000,ST JOHN'S COLLEGE OF NURSING            ,IL,62702-5321,Private      ,7,11,18,45,51,96
03098002,ST JOHN'S HOSP SCH MED TECH             ,IL,62769-5324,Private      ,0,1,1,3,7,10
03099700,CAIN'S BARBER COLLEGE                   ,IL,60615-3510,Proprietary  ,15,80,95,46,190,236
03099800,ILLINOIS SCHOOL OF HEALTH CAREERS       ,IL,60604-0000,Proprietary  ,67,211,278,215,631,846
03101800,ILLINOIS CENTER FOR BROADCASTING        ,IL,60148-7015,Proprietary  ,31,83,114,61,167,228
03128300,PYRAMID CAREER INSTITUTE                ,IL,60657-4207,Proprietary  ,0,1,1,2,2,4
03128500,NATIONAL LATINO EDUCATION INSTITUTE     ,IL,60609-2205,Private      ,23,43,66,34,73,107
03199300,CHRISTIAN LIFE COLLEGE                  ,IL,60056-2522,Private      ,10,10,20,19,16,35
03368300,MIDWEST TECHNICAL INSTITUTE             ,IL,62707-8805,Proprietary  ,109,329,438,247,874,1121
03416300,COMPUTER SYSTEMS INSTITUTE              ,IL,60077-0000,Proprietary  ,50,234,284,78,372,450
03448300,BIR TRAINING CENTER                     ,IL,60659-1298,Proprietary  ,13,134,147,24,312,336
03455700,CORTIVA INSTITUTE - CHICAGO             ,IL,60602-3315,Proprietary  ,70,121,191,154,297,451
03472300,CHICAGO URBAN LEAGUE COMPUTER TRAIN     ,IL,60604-2198,Private      ,0,0,0,1,2,3
03510300,ERIKSON INSTITUTE                       ,IL,60654-4510,Private      ,0,21,21,1,275,276
03623300,VEE'S SCHOOL OF BEAUTY CULTURE          ,IL,62205-2326,Proprietary  ,3,13,16,3,17,20
03643300,MR. JOHN'S SCHOOL OF COSMETOLOGY &      ,IL,62650-3488,Proprietary  ,5,25,30,8,31,39
03684300,NORTHSHORE UNIVERSITY HEALTHSYSTEM SCHOO,IL,60201-9872,Private      ,0,2,2,2,24,26
03721400,AMERICAN CAREER COLLEGE                 ,IL,60402-0000,Proprietary  ,9,30,39,14,51,65
03881400,EUROPEAN MASSAGE THERAPY SCHOOL         ,IL,60077-2269,Proprietary  ,5,40,45,10,64,74
03891300,SOMA INSTITUTE - THE NATIONAL SCHOOL OF ,IL,60604-4466,Proprietary  ,26,87,113,76,157,233
03914300,"CALC, INSTITUTE OF TECHNOLOGY           ",IL,62002-5931,Proprietary  ,14,73,87,23,172,195
03955400,MIDWEST INSTITUTE OF MASSAGE THERAPY    ,IL,62223-0000,Proprietary  ,0,0,0,1,13,14
04117500,SOLEX MEDICAL ACADEMY                   ,IL,60090-3104,Proprietary  ,2,2,4,7,11,18
04136900,UNIVERSITY OF AESTHETICS (THE)          ,IL,60622-2151,Proprietary  ,0,1,1,0,1,1
        ,ASBURY THEOLOGICAL SEMINARY             ,KY,40390-0000,Private      ,0,123,123,16,1252,1268
00195100,ALICE LLOYD COLLEGE                     ,KY,41844-9703,Private      ,67,12,79,913,100,1013
00195200,ASBURY COLLEGE                          ,KY,40390-1198,Private      ,109,100,209,1471,340,1811
00195400,BELLARMINE UNIVERSITY                   ,KY,40205-1877,Private      ,98,235,333,2819,1042,3861
00195500,BEREA COLLEGE                           ,KY,40403-0000,Private      ,58,27,85,2488,428,2916
00195800,BRESCIA UNIVERSITY                      ,KY,42301-3023,Private      ,48,76,124,545,267,812
00195900,CAMPBELLSVILLE UNIVERSITY               ,KY,42718-2799,Private      ,115,223,338,2034,983,3017
00196000,SPALDING UNIVERSITY                     ,KY,40203-2188,Private      ,58,298,356,582,1793,2375
00196100,CENTRE COLLEGE                          ,KY,40422-1394,Private      ,37,6,43,1889,45,1934
00196200,UNIVERSITY OF THE CUMBERLANDS           ,KY,40769-1372,Private      ,100,310,410,2055,866,2921
00196300,EASTERN KENTUCKY UNIVERSITY             ,KY,40475-3102,Public       ,1307,1522,2829,10012,6640,16652
00196400,GEORGETOWN COLLEGE                      ,KY,40324-1628,Private      ,90,197,287,1951,539,2490
00196500,KENTUCKY CHRISTIAN UNIVERSITY           ,KY,41143-2205,Private      ,66,35,101,724,170,894
00196800,KENTUCKY STATE UNIVERSITY               ,KY,40601-2355,Public       ,342,297,639,3017,1263,4280
00196900,KENTUCKY WESLEYAN COLLEGE               ,KY,42302-1039,Private      ,79,34,113,1155,196,1351
00197000,LEES COLLEGE                            ,KY,41339-0000,Private      ,0,2,2,2,5,7
00197100,LEXINGTON THEOLOGICAL SEMINARY          ,KY,40508-0000,Private      ,0,12,12,2,55,57
00197200,LINDSEY WILSON COLLEGE                  ,KY,42728-1223,Private      ,48,179,227,1601,1264,2865
00197400,LOUISVILLE PRESBYTERIAN THEOL SEM       ,KY,40205-0000,Private      ,0,16,16,5,129,134
00197500,MIDWAY COLLEGE                          ,KY,40347-1120,Private      ,48,203,251,483,1072,1555
00197600,MOREHEAD STATE UNIVERSITY               ,KY,40351-1689,Public       ,668,1009,1677,5678,4161,9839
00197700,MURRAY STATE UNIVERSITY                 ,KY,42071-0009,Public       ,582,723,1305,5760,3155,8915
00197900,WEST KENTUCKY CMNTY & TECHNICAL COLG    ,KY,42002-7380,Public       ,326,575,901,1274,2280,3554
00198000,PIKEVILLE COLLEGE                       ,KY,41501-1194,Private      ,133,64,197,1143,359,1502
00198001,PIKEVILLE CLG-SCH OSTEOPATHIC MEDIC     ,KY,41501-0000,Private      ,1,5,6,9,283,292
00198200,SOUTHERN BAPTIST THEOL SEMINARY         ,KY,40280-0000,Private      ,4,32,36,48,175,223
00198300,ST. CATHARINE COLLEGE                   ,KY,40061-9499,Private      ,61,65,126,578,323,901
00198700,TRANSYLVANIA UNIVERSITY                 ,KY,40508-1797,Private      ,35,13,48,1623,83,1706
00198800,UNION COLLEGE                           ,KY,40906-1499,Private      ,67,356,423,1145,919,2064
00198900,UNIVERSITY OF KENTUCKY                  ,KY,40506-0054,Public       ,1415,1228,2643,14531,7072,21603
00198901,UNIV OF KY-COLLEGE OF DENTISTRY         ,KY,40536-0000,Public       ,1,3,4,10,199,209
00198902,UNIV OF KY-COLLEGE OF MEDICINE          ,KY,40536-0000,Public       ,1,30,31,22,404,426
00199000,ASHLAND COMMUNITY AND TECHNICAL COLLEGE ,KY,41101-3683,Public       ,298,529,827,1214,1902,3116
00199100,ELIZABETHTOWN COMMUNITY  AND TECHNICAL C,KY,42701-3081,Public       ,434,900,1334,1802,3168,4970
00199300,HENDERSON COMMUNITY COLLEGE             ,KY,42420-4699,Public       ,123,257,380,447,972,1419
00199400,HOPKINSVILLE COMMUNITY COLLEGE          ,KY,42241-2621,Public       ,222,816,1038,929,2706,3635
00199600,BIG SANDY COMMUNITY AND TECHNICAL COLG  ,KY,41653-1815,Public       ,303,504,807,1504,1677,3181
00199700,SOMERSET COMMUNITY COLLEGE              ,KY,42501-2973,Public       ,467,1064,1531,2193,4284,6477
00199800,SOUTHEAST KENTUCKY COMMUNITY AND TECHNIC,KY,40823-1099,Public       ,268,434,702,1006,1218,2224
00199802,CUMBERLAND VLY TEC CLG MIDDLESBORO      ,KY,40965-2265,Public       ,1,7,8,28,25,53
00199804,SOUTHEAST COMMUNITY COLLEGE             ,KY,40831-1796,Public       ,8,30,38,86,117,203
00199900,UNIVERSITY OF LOUISVILLE                ,KY,40292-0000,Public       ,1156,1539,2695,11651,9736,21387
00200100,THOMAS MORE COLLEGE                     ,KY,41017-3495,Private      ,69,206,275,1238,697,1935
00200200,WESTERN KENTUCKY UNIVERSITY             ,KY,42101-3576,Public       ,1763,1572,3335,12396,7007,19403
00461800,SPENCERIAN COLLEGE                      ,KY,40216-2605,Proprietary  ,182,588,770,691,1837,2528
00461900,SULLIVAN UNIVERSITY                     ,KY,40205-3000,Proprietary  ,348,1040,1388,1723,3950,5673
00512729,BROWN MACKIE COLLEGE-CINCINNATI - 279 BU,KY,41017-2136,Proprietary  ,3,24,27,10,34,44
00524400,BLUEGRASS COMMUNITY & TECHNICAL COLLEGE ,KY,40506-0235,Public       ,1037,1777,2814,3682,6238,9920
00527100,BOWLING GREEN TECHNICAL COLLEGE         ,KY,42101-3601,Public       ,188,361,549,645,1252,1897
00527300,GATEWAY COMMUNITY & TECHNOLOGY COLL     ,KY,41011-0000,Public       ,216,614,830,806,2108,2914
00696000,MAYSVILLE CMNTY & TECHNCL COLG          ,KY,41056-8910,Public       ,157,456,613,711,1697,2408
00696100,JEFFERSON COMMUNITY AND TECHNICAL COLLEG,KY,40202-2005,Public       ,1100,1603,2703,4491,7408,11899
00696200,HAZARD COMMUNITY COLLEGE                ,KY,41701-2402,Public       ,204,372,576,1187,1398,2585
00696203,KY TECH-KNOTT CO. TECHNOLOGY CTR        ,KY,41822-0000,Public       ,0,0,0,2,3,5
00696204,KY TECH-LESLIE COUNTY AREA TECH CTR     ,KY,41749-0000,Public       ,0,1,1,2,2,4
00696205,KY TECH-LEE COUNTY AREA TECH CTR        ,KY,41311-0000,Public       ,0,2,2,1,3,4
00696206,KY TECH-LETCHER CNTY AREA TECH CTR      ,KY,41858-0000,Public       ,2,2,4,15,10,25
00696207,KY TECH-BREATHITT COUNTY VOC ED CTR     ,KY,41339-0000,Public       ,1,5,6,6,15,21
00842500,DAYMAR COLLEGE                          ,KY,42001-0000,Proprietary  ,24,154,178,67,433,500
00901000,MADISONVILLE COMMUNITY COLLEGE          ,KY,42431-9199,Public       ,238,518,756,976,1915,2891
00927500,NORTHERN KENTUCKY UNIVERSITY            ,KY,41099-0001,Public       ,1191,1356,2547,7767,5958,13725
00931300,DAYMAR COLLEGE                          ,KY,42301-5830,Proprietary  ,86,505,591,189,1411,1600
00931302,DAYMAR COLLEGE - LOUISVILLE CAMPUS      ,KY,40219-1973,Proprietary  ,4,29,33,30,112,142
01042400,SALON PROFESSIONAL ACADEMY THE          ,KY,40502-1776,Proprietary  ,18,28,46,50,89,139
01048900,NATIONAL COLLEGE                        ,KY,40508-0000,Proprietary  ,160,1051,1211,393,3405,3798
01172500,COLLINS SCHOOL OF COSMETOLOGY           ,KY,40965-2809,Proprietary  ,3,21,24,15,41,56
01208800,SULLIVAN COLLEGE OF TECHNOLOGY AND DESIG,KY,40218-4528,Proprietary  ,91,95,186,429,377,806
01208801,LOUISVILLE TECHNICAL INSTITUTE -        ,KY,40218-4528,Proprietary  ,2,0,2,45,33,78
01212801,SOUTHWESTERN COLLEGE                    ,KY,41042-1466,Proprietary  ,41,203,244,79,427,506
01240400,LEXINGTON BEAUTY COLLEGE                ,KY,40503-1819,Proprietary  ,5,23,28,19,56,75
01272300,KY TECH-WAYNE COUNTY AREA TECH CTR      ,KY,42633-1088,Public       ,0,0,0,1,2,3
01291400,HAIR DESIGN SCHOOL (THE)                ,KY,40218-0000,Proprietary  ,34,68,102,126,218,344
01291500,HAIR DESIGN SCHOOL (THE)                ,KY,41042-5113,Proprietary  ,34,52,86,68,134,202
01291600,HAIR DESIGN SCHOOL (THE)                ,KY,40216-4212,Proprietary  ,15,33,48,32,107,139
01291700,HAIR DESIGN SCHOOL (THE)                ,KY,40160-0000,Proprietary  ,26,53,79,68,165,233
01296800,HAIR DESIGN SCHOOL (THE)                ,KY,40207-2695,Proprietary  ,23,36,59,65,85,150
02159100,"APPALACHIAN BEAUTY SCHOOL, INC.         ",KY,41503-0000,Proprietary  ,2,6,8,15,25,40
02177100,HAIR DESIGN SCHOOL (THE)                ,KY,40204-0000,Proprietary  ,15,38,53,60,106,166
02251500,TREND SETTERS ACAD OF BEAUTY CULT       ,KY,40258-0000,Proprietary  ,10,68,78,26,109,135
02275000,JENNY LEA ACADEMY OF COSMETOLOGY        ,KY,40831-0000,Proprietary  ,22,42,64,44,110,154
02279800,ELIZABETHTOWN BEAUTY SCHOOL             ,KY,42701-0000,Proprietary  ,5,8,13,19,27,46
02284306,INTERACTIVE LEARNING SYSTEMS            ,KY,41042-0000,Proprietary  ,8,34,42,12,89,101
02323700,PAT WILSON'S BEAUTY COLLEGE             ,KY,42420-0000,Proprietary  ,3,13,16,6,41,47
02337200,PJ'S COLLEGE OF COSMETOLOGY             ,KY,42101-0000,Proprietary  ,32,130,162,71,305,376
02340800,PAUL MITCHELL THE SCHOOL LEXINGTON      ,KY,40601-0000,Proprietary  ,2,11,13,6,32,38
02351700,DONTA SCHOOL OF BEAUTY CULTURE          ,KY,40203-0000,Proprietary  ,8,30,38,17,47,64
02491100,BECKFIELD COLLEGE                       ,KY,41042-0000,Proprietary  ,54,217,271,165,772,937
02518900,BARRETT & COMPANY SCH HAIR DESIGN       ,KY,40356-0000,Proprietary  ,13,32,45,37,83,120
02526100,JENNY LEA ACADEMY OF COSMETOLOGY        ,KY,41858-0000,Proprietary  ,4,4,8,12,16,28
02535600,CLEAR CREEK BAPTIST BIBLE COLLEGE       ,KY,40977-0000,Private      ,10,38,48,31,128,159
02551100,PJ'S COLLEGE OF COSMETOLOGY             ,KY,42121-0000,Proprietary  ,10,17,27,21,55,76
02560800,SOUTHEAST SCHOOL OF COSMETOLOGY         ,KY,40962-0000,Proprietary  ,4,22,26,19,49,68
02576200,MID-CONTINENT UNIVERSITY                ,KY,42066-9007,Private      ,40,391,431,255,1940,2195
02616204,BROWN MACKIE COLLEGE-FINDLAY - BROWN MAC,KY,40219-1916,Proprietary  ,25,108,133,233,1013,1246
02616205,BROWN MACKIE COLLEGE-LOUISVILLE - BROWN ,KY,42240-3579,Proprietary  ,2,8,10,5,32,37
03002100,KENTUCKY MOUNTAIN BIBLE COLLEGE         ,KY,41385-0010,Private      ,11,6,17,44,18,62
03007000,FRONTIER SCH OF MIDWIFERY&FAMILY NU     ,KY,41749-0000,Private      ,0,180,180,1,538,539
03026200,HEAD'S WEST KENTUCKY BEAUTY COLLEGE     ,KY,42431-0000,Proprietary  ,3,10,13,8,31,39
03029200,NU-TEK ACADEMY OF BEAUTY                ,KY,40353-9767,Proprietary  ,3,7,10,12,22,34
03034500,OWENSBORO COMMUNITY & TECHNICAL COLLEGE ,KY,42303-1899,Public       ,296,551,847,1250,2031,3281
03083700,GALEN HEALTH INSTITUTES                 ,KY,40207-1047,Proprietary  ,112,583,695,398,2081,2479
03103500,MR JIM'S BEAUTY COLLEGE                 ,KY,42301-2646,Proprietary  ,8,16,24,16,27,43
03106700,MOTIF BEAUTY ACADEMY                    ,KY,40391-1958,Proprietary  ,0,0,0,3,8,11
03516500,EZELL'S COSMETOLOGY SCHOOL              ,KY,42071-2530,Proprietary  ,11,13,24,20,28,48
03611300,BRIGHTON CENTER'S CENTER FOR EMPLOY     ,KY,41071-1968,Private      ,4,46,50,5,48,53
03804300,BELLEFONTE ACADEMY OF BEAUTY            ,KY,41169-2015,Proprietary  ,21,32,53,27,62,89
03885300,EMPLOYMENT SOLUTIONS                    ,KY,40517-3260,Private      ,3,49,52,7,69,76
03886300,REGENCY SCHOOL OF HAIR DESIGN           ,KY,41653-1278,Proprietary  ,6,16,22,8,22,30
04038300,ATA CAREER EDUCATION                    ,KY,40223-3832,Proprietary  ,20,192,212,93,577,670
04123900,LEXINGTON HEALING ARTS ACADEMY          ,KY,40503-1932,Proprietary  ,7,26,33,16,71,87
00200300,CENTENARY COLLEGE OF LOUISIANA          ,LA,71104-3396,Private      ,93,45,138,1077,161,1238
00200400,DILLARD UNIVERSITY                      ,LA,70122-3097,Private      ,305,142,447,1532,513,2045
00200500,NICHOLLS STATE UNIVERSITY               ,LA,70310-0001,Public       ,718,529,1247,4858,2161,7019
00200600,GRAMBLING STATE UNIVERSITY              ,LA,71245-2215,Public       ,807,584,1391,6550,2576,9126
00200700,LOUISIANA COLLEGE                       ,LA,71359-0000,Private      ,165,149,314,909,349,1258
00200800,LOUISIANA TECH UNIVERSITY               ,LA,71272-0001,Public       ,957,670,1627,6093,2378,8471
00201000,LOUISIANA STATE UNIV & A&M COLG         ,LA,70803-5710,Public       ,2985,1283,4268,19681,6155,25836
00201100,LOUISIANA STATE UNIV-ALEXANDRIA         ,LA,71302-9121,Public       ,279,519,798,1236,1788,3024
00201200,LOUISIANA STATE UNIV-EUNICE             ,LA,70535-6726,Public       ,356,313,669,1657,1341,2998
00201300,LOUISIANA STATE UNIV-SHREVEPORT         ,LA,71115-2399,Public       ,414,637,1051,2256,2379,4635
00201400,LA STATE UNIV HEALTH SCIENCES CTR       ,LA,70112-2223,Public       ,70,192,262,406,1736,2142
00201500,UNIVERSITY OF NEW ORLEANS               ,LA,70148-0001,Public       ,1217,1621,2838,5707,5352,11059
00201600,LOYOLA UNIVERSITY NEW ORLEANS           ,LA,70118-6195,Private      ,323,487,810,2666,2096,4762
00201700,MCNEESE STATE UNIVERSITY                ,LA,70609-4510,Public       ,814,718,1532,4698,2824,7522
00201900,NEW ORLEANS BAPTIST THEOL SEMINARY      ,LA,70126-0000,Private      ,12,34,46,29,96,125
00202000,UNIVERSITY OF LOUISIANA AT MONROE       ,LA,71209-9001,Public       ,804,898,1702,5726,3721,9447
00202100,NORTHWESTERN STATE UNIVERSITY           ,LA,71497-0001,Public       ,718,1136,1854,5449,4197,9646
00202200,NOTRE DAME SEMINARY                     ,LA,70118-0000,Private      ,0,1,1,1,5,6
00202300,OUR LADY OF HOLY CROSS COLLEGE          ,LA,70131-7399,Private      ,178,306,484,573,906,1479
00202400,SOUTHEASTERN LOUISIANA UNIV             ,LA,70402-0001,Public       ,2159,1382,3541,9995,4553,14548
00202500,SOUTHERN UNIVERSITY A & M COLLEGE       ,LA,70813-9374,Public       ,1313,1387,2700,7615,5538,13153
00202600,SOUTHERN UNIV NEW ORLEANS               ,LA,70126-0002,Public       ,426,1052,1478,1220,2897,4117
00202700,ST JOSEPH SEMINARY COLLEGE              ,LA,70457-9990,Private      ,9,13,22,24,19,43
00202900,TULANE UNIVERSITY                       ,LA,70118-5698,Private      ,479,750,1229,8903,5298,14201
00203100,UNIV OF LOUISIANA AT LAFAYETTE          ,LA,70504-0001,Public       ,1712,965,2677,10607,4047,14654
00203200,XAVIER UNIVERSITY OF LOUISIANA          ,LA,70125-1098,Private      ,548,248,796,4060,1365,5425
00462100,AYERS CAREER COLLEGE                    ,LA,71108-5845,Proprietary  ,15,75,90,45,265,310
00462500,DELGADO COMMUNITY COLLEGE               ,LA,70119-0000,Public       ,1902,3047,4949,5177,8892,14069
00520300,REMINGTON COLLEGE - LAFAYETTE CAMPUS    ,LA,70508-5760,Proprietary  ,301,689,990,494,1359,1853
00520306,REMINGTON COLLEGE - BATON ROUGE CAMPUS  ,LA,70816-4040,Proprietary  ,45,139,184,131,418,549
00546700,SOWELA TECHNICAL COMMUNITY COLLEGE      ,LA,70616-6950,Public       ,244,341,585,637,841,1478
00548800,LOUISIANA TECH COLG-BATON ROUGE         ,LA,70807-0000,Public       ,160,315,475,304,605,909
00548802,LOUISIANA TECH COLG-ACADIAN CMPS        ,LA,70526-0000,Public       ,29,56,85,71,128,199
00548803,LOUISIANA TECH COLG-ALEXANDRIA CMPS     ,LA,71302-3137,Public       ,59,148,207,146,401,547
00548804,LOUISIANA TECH COLG-ASCENSION CMPS      ,LA,70778-3007,Public       ,47,56,103,84,103,187
00548805,LA TECH COLLEGE-AVOYELLES CAMPUS        ,LA,71327-0000,Public       ,31,54,85,54,88,142
00548806,LA TECHNICAL COLG-BASTROP CMPS          ,LA,71221-0000,Public       ,17,53,70,31,108,139
00548808,LA TECH COLG CHARLES B COREILCMPS       ,LA,70586-0000,Public       ,32,72,104,82,154,236
00548809,LA TECHNICAL COLG-DELTA-OUACHITA        ,LA,71292-9064,Public       ,50,115,165,149,283,432
00548810,EVANGELINE TECHNICAL INST               ,LA,70582-3104,Public       ,24,50,74,44,100,144
00548811,LA TECHN COLLEGE - FLORIDA PARISHES     ,LA,70441-0000,Public       ,27,33,60,43,81,124
00548812,LOUISIANA TECH COLG-FOLKES CAMPUS       ,LA,70748-0000,Public       ,6,27,33,14,51,65
00548813,LA TECHNICAL INST-GULF AREA CMPS        ,LA,70510-0878,Public       ,77,86,163,126,180,306
00548814,LOUISIANA TECH COLG-HAMMOND CMPS        ,LA,70404-0000,Public       ,60,128,188,130,275,405
00548815,LA TECH COLG-HUEY P. LONG CAMPUS        ,LA,71483-0000,Public       ,33,80,113,55,110,165
00548816,LA TECH COLLEGE-JEFFERSON CAMPUS        ,LA,70001-5605,Public       ,27,79,106,48,149,197
00548817,LOUISIANA TEC CLG-JUMONVILLE MEM CP     ,LA,70760-0000,Public       ,19,60,79,26,90,116
00548818,LA TECH COLLEGE-LAFAYETTE CAMPUS        ,LA,70506-0000,Public       ,162,289,451,353,621,974
00548819,LOUISIANA TECHNICAL COLLEGE-LAFOURC     ,LA,70301-4336,Public       ,40,73,113,79,162,241
00548820,LOUISIANA TEC CLG-LAMAR SALTER CMPS     ,LA,71446-0000,Public       ,22,65,87,49,121,170
00548822,LOUISIANA TECHNICAL CLG-MANSFIELD       ,LA,71052-1236,Public       ,29,48,77,42,108,150
00548823,LA. TECH COLG.-MORGAN SMITH CAMPUS      ,LA,70546-0000,Public       ,25,43,68,31,71,102
00548824,LOUISIANA TEC CLG-NATCHITOCHES CMPS     ,LA,71458-0000,Public       ,39,118,157,70,198,268
00548825,LOUISIANA TECH COLG-NORTH CTRL CMPS     ,LA,71241-0000,Public       ,22,49,71,40,98,138
00548826,LOUISIANA TECH CLG-NORTHEAST LA CMP     ,LA,71295-2999,Public       ,27,67,94,43,124,167
00548827,LOUISIANA TEC CLG-NW LOUISIANA CMPS     ,LA,71058-0000,Public       ,89,191,280,156,327,483
00548828,LA TECHNICAL COLG-OAKDALE CMPS          ,LA,71463-0000,Public       ,16,48,64,41,86,127
00548829,LTC-RIVER PARISHES CAMPUS               ,LA,70084-0000,Public       ,69,133,202,164,290,454
00548830,LOUISIANA TECHNICAL COLLEGE-RUSTON      ,LA,71273-0000,Public       ,39,76,115,209,181,390
00548831,LTC - SABINE VALLEY CAMPUS              ,LA,71449-3839,Public       ,22,59,81,38,94,132
00548832,LOUISIANA TECH COLG-SHELBY JACKSON      ,LA,71334-0000,Public       ,29,46,75,41,144,185
00548833,LA TECH COLG SHREVEPORT-BOSSIER         ,LA,71137-0000,Public       ,94,395,489,212,794,1006
00548837,LOUISIANA TECH COLG-SULLIVAN CAMPUS     ,LA,70427-5866,Public       ,63,156,219,122,299,421
00548838,LOUISIANA TECHNICAL COLG - TALLULAH     ,LA,71284-0000,Public       ,44,122,166,56,168,224
00548839,LA TECH COLG-TECHE AREA CAMPUS          ,LA,70562-0000,Public       ,84,125,209,184,226,410
00548840,LOUISIANA TECH COLG-T.H.HARRIS CMPS     ,LA,70570-6113,Public       ,119,126,245,274,292,566
00548841,LOUISIANA TECH COLG W JEFFERSON CMP     ,LA,70058-0000,Public       ,14,49,63,26,102,128
00548842,LOUISIANA TECHNICAL COLLEGE - WESTSIDE C,LA,70765-0733,Public       ,13,27,40,21,77,98
00548843,LTC-YOUNG MEMORIAL CAMPUS               ,LA,70381-0000,Public       ,44,110,154,82,199,281
00576100,L. E. FLETCHER TECHNICAL COMMUNITY COLLE,LA,70360-2863,Public       ,140,178,318,439,533,972
00768600,SOUTHERN UNIV AT SHREVEPORT/BOSSIER     ,LA,71107-4795,Public       ,399,894,1293,1033,2123,3156
00806700,LSU HEALTH SCIENCES CENTR-SHREVEPOR     ,LA,71130-3932,Public       ,23,96,119,201,837,1038
00989800,DEMMON SCHOOL OF BEAUTY                 ,LA,70607-2128,Proprietary  ,3,16,19,8,42,50
01005701,AMERICAN COMMERCIAL COLLEGE             ,LA,71105-2502,Proprietary  ,5,61,66,19,153,172
01109700,CLOYD'S BEAUTY SCHOOL #1                ,LA,71291-3131,Proprietary  ,25,56,81,31,84,115
01163100,"D-JAY'S SCHL OF BEAUTY, ARTS & SCI      ",LA,70806-0000,Proprietary  ,10,31,41,24,67,91
01184100,JOHN JAY BEAUTY COLLEGE                 ,LA,70124-2592,Proprietary  ,6,5,11,19,17,36
01261100,RONNIE & DORMANS SCHOOL HAIR DESIGN     ,LA,70501-0000,Proprietary  ,0,7,7,6,28,34
01282300,PAT GOINS RUSTON BEAUTY SCHOOL          ,LA,71270-4301,Proprietary  ,2,8,10,11,26,37
01287900,PAT GOINS BENTON ROAD BEAUTY SCHOOL     ,LA,71111-4838,Proprietary  ,10,31,41,16,43,59
01288000,PAT GOINS BEAUTY SCHOOL                 ,LA,71201-5167,Proprietary  ,1,6,7,10,20,30
02055400,BOSSIER PARISH COMMUNITY COLLEGE        ,LA,71111-0000,Public       ,575,849,1424,1911,2491,4402
02055500,DELTA SCH OF BUSINESS & TECHNOLOGY      ,LA,70601-0000,Proprietary  ,23,110,133,89,294,383
02089711,HERZING COLLEGE                         ,LA,70062-8727,Proprietary  ,12,35,47,47,208,255
02117800,AVEDA INSTITUTE LAFAYETTE               ,LA,70503-3246,Proprietary  ,23,43,66,76,93,169
02166100,NUNEZ COMMUNITY COLLEGE                 ,LA,70043-0000,Public       ,252,453,705,389,768,1157
02166200,ITI TECHNICAL COLLEGE                   ,LA,70817-0000,Proprietary  ,68,130,198,212,380,592
02197500,BATON ROUGE SCHOOL OF COMPUTERS         ,LA,70816-0000,Proprietary  ,10,16,26,27,43,70
02234000,CAMERON COLLEGE                         ,LA,70119-0000,Proprietary  ,18,78,96,31,106,137
02258400,AVEDA INSTITUTE BATON ROUGE             ,LA,70816-2246,Proprietary  ,31,23,54,81,80,161
02260200,DIESEL DRIVING ACADEMY                  ,LA,71109-5617,Proprietary  ,4,125,129,17,207,224
02263600,BASTROP BEAUTY SCHOOL #1                ,LA,71220-0000,Proprietary  ,3,17,20,4,19,23
02265600,JOHN JAY KENNER ACADEMY                 ,LA,70062-0000,Proprietary  ,23,27,50,47,63,110
02269300,STEVENSON'S ACADEMY OF HAIR DESIGN      ,LA,70116-0000,Proprietary  ,21,44,65,49,76,125
02323100,PAT GOINS SHREVEPORT BEAUTY SCHOOL      ,LA,71108-4354,Proprietary  ,0,0,0,2,1,3
02327800,PINEVILLE BEAUTY SCHOOL                 ,LA,71360-0000,Proprietary  ,4,12,16,15,47,62
02335701,BATON ROUGE GEN MED CTR SCH NSG         ,LA,70821-0000,Private      ,13,38,51,61,137,198
02335702,BATON ROUGE GEN MED CTR-RAD TECH        ,LA,70806-0000,Private      ,8,15,23,27,40,67
02338000,"CLOYD'S BEAUTY SCHOOL #2, INC           ",LA,71202-3539,Proprietary  ,23,53,76,29,81,110
02352500,"CLOYD'S BEAUTY SCHOOL #3, INC           ",LA,71201-3211,Proprietary  ,27,53,80,33,83,116
02358600,"STAGE ONE THE HAIR SCHOOL, INC.         ",LA,70605-0000,Proprietary  ,19,28,47,54,76,130
02493400,ALEXANDRIA ACADEMY OF BEAUTY CULT       ,LA,71301-0000,Proprietary  ,5,12,17,11,22,33
02518300,SOUTH LOUISIANA BEAUTY COLLEGE          ,LA,70363-0000,Proprietary  ,10,25,35,22,39,61
02536400,LOUISIANA ACADEMY OF BEAUTY             ,LA,70535-0000,Proprietary  ,6,8,14,11,24,35
02538300,DELTA COLLEGE OF ARTS & TECH INC        ,LA,70806-1529,Proprietary  ,36,99,135,90,359,449
02538301,DELTA COLLEGE OF ARTS & TECHNOLOGY - LAF,LA,70508-6831,Proprietary  ,8,39,47,32,122,154
02548500,COSMETOLOGY TRAINING CENTER             ,LA,70503-0000,Proprietary  ,15,24,39,29,38,67
02554800,VANGUARD COLLEGE OF COSMETOLOGY         ,LA,70458-8823,Proprietary  ,27,38,65,57,87,144
02582200,"GUY'S ACADEMY HAIR, SKIN & NAILS        ",LA,71105-2404,Proprietary  ,17,50,67,37,100,137
02600900,AVEDA INSTITUTE                         ,LA,70433-2922,Proprietary  ,149,183,332,359,514,873
02601000,AMERICAN SCHOOL OF BUSINESS             ,LA,71105-5646,Proprietary  ,4,38,42,7,61,68
02601100,OPELOUSAS SCHOOL OF COSMETOLOGY         ,LA,70570-6156,Proprietary  ,5,11,16,17,22,39
02606800,CAREER TRAINING SPECIALISTS             ,LA,71201-6046,Proprietary  ,76,280,356,226,663,889
02606801,CAREER TECHNICAL COLLEGE - SHREVEPORT   ,LA,71105-2405,Proprietary  ,22,127,149,61,370,431
02617100,BATON ROUGE COLLEGE                     ,LA,70816-2246,Proprietary  ,3,18,21,22,53,75
02619200,DENHAM SPRINGS BEAUTY COLLEGE           ,LA,70726-3829,Proprietary  ,12,19,31,21,47,68
03010400,CRESCENT CITY SCH GAMING & BARTENDG     ,LA,70119-5507,Proprietary  ,14,288,302,20,397,417
03023500,CAMELOT CAREER COLLEGE                  ,LA,70805-7539,Proprietary  ,44,99,143,69,162,231
03030900,DIESEL DRIVING ACADEMY                  ,LA,70815-8109,Proprietary  ,13,150,163,24,278,302
03061400,ASCENSION COLLEGE                       ,LA,70737-2912,Proprietary  ,21,46,67,57,131,188
03095100,GRETNA CAREER COLLEGE                   ,LA,70053-2436,Proprietary  ,12,117,129,25,164,189
03106200,OUR LADY OF THE LAKE COLLEGE            ,LA,70808-4398,Private      ,157,316,473,802,1530,2332
03253300,JONESVILLE BEAUTY SCHOOL                ,LA,71343-0000,Proprietary  ,7,20,27,11,32,43
03294300,BLUE CLIFF SCH THERAPEUTIC MASSAGE      ,LA,70002-3458,Proprietary  ,54,126,180,126,358,484
03332600,DELTA COLLEGE                           ,LA,70433-9042,Proprietary  ,15,81,96,50,235,285
03332601,DELTA COLLEGE - SLIDELL                 ,LA,70460-2624,Proprietary  ,13,68,81,38,162,200
03356300,MEDICAL TRAINING COLLEGE                ,LA,70816-5820,Proprietary  ,37,71,108,73,175,248
03422500,BLUE CLIFF COLLEGE                      ,LA,71107-6520,Proprietary  ,29,85,114,103,279,382
03422600,BLUE CLIFF COLLEGE                      ,LA,70508-3858,Proprietary  ,40,122,162,104,345,449
03480300,MEDVANCE INSTITUTE                      ,LA,70809-1908,Proprietary  ,129,272,401,279,949,1228
03498400,OMEGA INSTITUTE OF COSMETOLOGY          ,LA,70360-0000,Proprietary  ,12,17,29,35,44,79
03727500,BLUE CLIFF COLLEGE-BATON ROUGE          ,LA,70808-4191,Proprietary  ,6,26,32,16,58,74
03730300,BATON ROUGE COMMUNITY COLLEGE           ,LA,78806-4129,Public       ,1118,1057,2175,3394,3329,6723
03752400,SCHOOL OF URBAN MISSIONS                ,LA,70053-0000,Private      ,26,36,62,46,66,112
03789300,UNITECH TRAINING ACADEMY                ,LA,70503-5132,Proprietary  ,53,234,287,86,347,433
03789400,RIVER PARISHES COMMUNITY COLLEGE        ,LA,70778-0310,Public       ,153,196,349,348,405,753
03810500,COURT REPORTING INSTITUTE OF LOUISI     ,LA,70816-0000,Proprietary  ,5,19,24,9,42,51
03858300,RAY'S FAITH ACADEMY OF BEAUTY EDUCATION ,LA,70737-0000,Proprietary  ,0,1,1,0,8,8
03956300,SOUTH LOUISIANA COMMUNITY COLLEGE       ,LA,70506-0000,Public       ,343,303,646,980,931,1911
04040300,COMPASS CAREER COLLEGE                  ,LA,70403-0653,Proprietary  ,10,50,60,22,140,162
04112300,LOUISIANA CULINARY INSTITUTE            ,LA,70816-4109,Proprietary  ,14,32,46,62,64,126
04120700,ALDEN'S SCHOOL OF COSMETOLOGY           ,LA,70714-1502,Proprietary  ,4,17,21,5,28,33
04130100,LOUISIANA DELTA COMMUNITY COLLEGE       ,LA,71203-3618,Public       ,173,206,379,532,584,1116
00143600,CAPITOL COLLEGE                         ,MD,20708-9759,Private      ,29,61,90,249,220,469
00146200,WASHINGTON BIBLE COLLEGE                ,MD,20706-3599,Private      ,27,92,119,84,246,330
00205700,ALLEGANY COLLEGE OF MARYLAND            ,MD,21502-2596,Public       ,295,326,621,1949,1343,3292
00205800,ANNE ARUNDEL COMMUNITY COLLEGE          ,MD,21012-1895,Public       ,792,1226,2018,2915,3815,6730
00206000,BALTIMORE HEBREW UNIVERSITY             ,MD,21215-3996,Private      ,0,8,8,5,34,39
00206100,BALTIMORE CITY COMMUNITY COLLEGE        ,MD,21215-7893,Public       ,689,2004,2693,2485,5878,8363
00206200,BOWIE STATE UNIVERSITY                  ,MD,20715-9465,Public       ,642,702,1344,6827,3409,10236
00206300,COMMUNITY COLLEGE OF BALTIMORE COUNTY   ,MD,21228-5381,Public       ,1496,2598,4094,5337,8249,13586
00206400,COLLEGE OF SOUTHERN MARYLAND            ,MD,20646-0910,Public       ,433,669,1102,2120,2391,4511
00206500,CLG NOTRE DAME OF MARYLAND              ,MD,21210-2476,Private      ,22,193,215,659,1053,1712
00206700,COLUMBIA UNION COLLEGE                  ,MD,20912-7796,Private      ,155,196,351,785,661,1446
00206800,COPPIN STATE UNIVERSITY                 ,MD,21216-3698,Public       ,368,751,1119,3615,3288,6903
00207100,FREDERICK COMMUNITY COLLEGE             ,MD,21702-9745,Public       ,217,346,563,1159,1374,2533
00207200,FROSTBURG STATE UNIVERSITY              ,MD,21532-1099,Public       ,333,139,472,5690,984,6674
00207300,GOUCHER COLLEGE                         ,MD,21204-2794,Private      ,45,74,119,2995,416,3411
00207400,HAGERSTOWN COMMUNITY COLLEGE            ,MD,21742-6590,Public       ,265,508,773,1247,1494,2741
00207500,HARFORD COMMUNITY COLLEGE               ,MD,21015-1696,Public       ,332,436,768,1382,1432,2814
00207600,HOOD COLLEGE                            ,MD,21701-8575,Private      ,47,95,142,1956,702,2658
00207700,JOHNS HOPKINS UNIVERSITY                ,MD,21218-2693,Private      ,96,204,300,6574,1155,7729
00207702,JOHNS HOPKINS UNIV SCH ARTS/SCI/ENG     ,MD,21218-0000,Private      ,63,263,326,3974,1367,5341
00207703,JOHNS HOPKINS UNIV SCH OF BUS/ED        ,MD,21046-0000,Private      ,0,226,226,22,1240,1262
00207705,JOHNS HOPKINS BLOOMBERG SCH OF PH       ,MD,21205-0000,Private      ,2,110,112,18,1147,1165
00207706,JOHNS HOPKINS UNIV SCH OF MEDICINE      ,MD,21205-0000,Private      ,7,44,51,75,1035,1110
00207707,JOHNS HOPKINS UNIV SCH OF NURSING       ,MD,21205-0000,Private      ,9,66,75,191,705,896
00207708,JOHNS HOPKINS UNIV PEABODY CONSERV      ,MD,21202-2397,Private      ,9,23,32,547,416,963
00207800,LOYOLA UNIVERSITY MARYLAND              ,MD,21210-2699,Private      ,107,265,372,5664,1502,7166
00208000,MARYLAND INST COLLEGE OF ART            ,MD,21217-4191,Private      ,69,46,115,2343,530,2873
00208300,MORGAN STATE UNIVERSITY                 ,MD,21251-0002,Public       ,977,808,1785,9933,3738,13671
00208600,MOUNT SAINT MARY'S UNIVERSITY           ,MD,21727-7799,Private      ,46,45,91,2559,245,2804
00208700,NER ISRAEL RABBINICAL COLLEGE           ,MD,21208-1198,Private      ,21,9,30,82,41,123
00208900,PRINCE GEORGES COMMUNITY COLLEGE        ,MD,20774-2199,Public       ,913,1565,2478,3643,5341,8984
00209100,SALISBURY UNIVERSITY                    ,MD,21801-6862,Public       ,523,220,743,8460,1317,9777
00209200,ST JOHN'S COLLEGE                       ,MD,21404-0000,Private      ,10,21,31,639,137,776
00209500,ST. MARY'S COLLEGE OF MARYLAND          ,MD,20686-3001,Public       ,61,19,80,2712,150,2862
00209600,ST MARY'S SEMINARY & UNIV               ,MD,21210-1994,Private      ,0,5,5,31,21,52
00209900,TOWSON UNIVERSITY                       ,MD,21252-0002,Public       ,919,782,1701,17815,5017,22832
00210200,UNIVERSITY OF BALTIMORE                 ,MD,21201-5779,Public       ,166,963,1129,1159,5199,6358
00210300,"UNIVERSITY OF MARYLAND, COLLEGE PARK    ",MD,20742-5145,Public       ,1452,1655,3107,27407,10068,37475
00210400,"UNIVERSITY OF MARYLAND, BALTIMORE       ",MD,21201-1691,Public       ,113,636,749,2020,7913,9933
00210500,UMBC                                    ,MD,21250-0002,Public       ,424,467,891,7537,3121,10658
00210600,UNIVERSITY MARYLAND EASTERN SHORE       ,MD,21853-4053,Public       ,513,211,724,4804,1186,5990
00210700,STEVENSON UNIVERSITY                    ,MD,21153-0641,Private      ,124,126,250,3803,892,4695
00210800,WASHINGTON COLLEGE                      ,MD,21620-1197,Private      ,35,12,47,2313,64,2377
00210900,MCDANIEL COLLEGE                        ,MD,21157-4390,Private      ,58,98,156,2744,497,3241
00465000,CHESAPEAKE COLLEGE                      ,MD,21679-0008,Public       ,119,278,397,833,929,1762
00691100,MONTGOMERY COLLEGE                      ,MD,20850-1195,Public       ,1393,1466,2859,7151,6124,13275
00734100,INTERNATIONAL BEAUTY SCHOOL             ,MD,21502-2370,Proprietary  ,28,77,105,38,96,134
00744700,DEL-MAR-VA BEAUTY ACADEMY               ,MD,21804-0000,Proprietary  ,15,23,38,33,63,96
00749100,TESST COLLEGE OF TECHNOLOGY             ,MD,21227-1063,Proprietary  ,125,446,571,333,1029,1362
00793600,LINCOLN TECHNICAL INSTITUTE             ,MD,21046-1544,Proprietary  ,313,387,700,693,658,1351
00794600,KAPLAN COLLEGE                          ,MD,21742-2797,Proprietary  ,57,184,241,302,709,1011
00794601,KAPLAN COLLEGE -  CAREER TECHNOLOGY CENT,MD,21742-2797,Proprietary  ,1,11,12,14,23,37
00794602,KAPLAN COLLEGE - FREDERICK              ,MD,21704-8307,Proprietary  ,26,83,109,52,185,237
00817500,HOWARD COMMUNITY COLLEGE                ,MD,21044-3197,Public       ,402,537,939,2052,2112,4164
00826300,AWARD BEAUTY SCHOOL                     ,MD,21740-5624,Proprietary  ,47,123,170,55,175,230
00830800,CECIL COLLEGE                           ,MD,21901-1999,Public       ,165,188,353,678,661,1339
00907906,EVEREST COLLEGE- EVEREST INSTITUTE      ,MD,20910-3737,Proprietary  ,79,253,332,122,346,468
01001400,GARRETT COMMUNITY COLLEGE               ,MD,21541-1265,Public       ,126,85,211,567,223,790
01031900,MEDIX SCHOOL                            ,MD,21204-2538,Proprietary  ,142,430,572,368,1288,1656
01041000,TESST COLLEGE OF TECHNOLOGY             ,MD,21286-2201,Proprietary  ,64,183,247,129,298,427
01164400,UNIV OF MARYLAND UNIVERSITY COLLEGE     ,MD,20783-8078,Public       ,384,5560,5944,1593,17324,18917
01164402,U OF MD UNIVERSITY COLLEGE - EUROPE     ,MD,20832-0000,Public       ,71,550,621,283,1561,1844
01164404,U OF MD UNIVERSITY COLLEGE - ASIA       ,MD,31207-0000,Public       ,32,279,311,98,780,878
02073900,WOR-WIC COMMUNITY COLLEGE               ,MD,21804-0000,Public       ,299,538,837,1102,1822,2924
02083600,TESST COLLEGE OF TECHNOLOGY             ,MD,20705-2698,Proprietary  ,158,275,433,247,375,622
02116005,SANFORD-BROWN INSTITUTE - LANDOVER      ,MD,20785-2287,Proprietary  ,53,259,312,113,673,786
02127900,SOJOURNER DOUGLASS COLLEGE              ,MD,21205-0000,Private      ,31,449,480,116,1939,2055
02155100,MARYLAND COLLEGE OF ART AND DESIGN      ,MD,20902-0000,Private      ,3,9,12,73,30,103
02269700,INTERNATIONAL BEAUTY SCHOOL             ,MD,21014-0000,Proprietary  ,2,17,19,22,52,74
02314800,BALTIMORE INTERNATIONAL COLLEGE         ,MD,21202-0000,Private      ,75,78,153,554,365,919
02331000,MARYLAND BEAUTY ACADEMY OF ESSEX        ,MD,21221-0000,Proprietary  ,20,44,64,36,76,112
02333000,HAIR ACADEMY                            ,MD,20784-0000,Proprietary  ,51,164,215,82,231,313
02343800,MONTGOMERY BEAUTY SCHOOL                ,MD,20901-0000,Proprietary  ,31,83,114,40,98,138
02494700,BALTIMORE STUDIO OF HAIR DESIGN         ,MD,21201-0000,Proprietary  ,18,60,78,38,112,150
02495000,ROBERT PAUL ACAD COSMTGY ARTS & SCI     ,MD,21093-0000,Proprietary  ,11,16,27,44,45,89
02495100,MARYLAND BEAUTY ACADEMY                 ,MD,21136-0000,Proprietary  ,7,10,17,11,22,33
02545400,NORTH AMERICAN TRADE SCHOOLS            ,MD,21244-0069,Proprietary  ,66,275,341,152,607,759
02573800,"L' ACADEMIE DE CUISINE, INC.            ",MD,20877-0000,Proprietary  ,4,22,26,24,85,109
02578400,TAI SOPHIA INSTITUTE                    ,MD,20723-6010,Private      ,0,51,51,2,181,183
03027200,BLADES SCHOOL OF HAIR DESIGN            ,MD,20619-0226,Proprietary  ,10,20,30,18,43,61
03064900,AARON'S ACADEMY OF BEAUTY               ,MD,20602-2715,Proprietary  ,7,20,27,20,53,73
03097200,AESTHETICS INSTITUTE OF COSMETOLOGY     ,MD,20877-1305,Proprietary  ,2,17,19,2,25,27
03100700,CARROLL COMMUNITY COLLEGE               ,MD,21157-6913,Public       ,120,150,270,739,625,1364
03148300,AMERICAN BEAUTY ACADEMY                 ,MD,20902-1911,Proprietary  ,81,163,244,130,261,391
03296300,BALTIMORE SCHOOL OF MASSAGE             ,MD,21090-2261,Proprietary  ,53,156,209,115,348,463
03327300,NEW CREATIONS ACADEMY OF HAIR DSN       ,MD,20746-2960,Proprietary  ,2,18,20,5,26,31
03493300,ALL-STATE CAREER SCHOOL                 ,MD,21224-6658,Proprietary  ,128,543,671,274,1185,1459
03771300,AMERICAN CAREER INSTITUTE               ,MD,20902-4637,Proprietary  ,8,66,74,10,85,95
03822400,MAPLE SPRINGS BAPTIST BIBLE COLLEGE & SE,MD,20743-5711,Private      ,0,15,15,0,38,38
03965500,HAIR EXPRESSIONS ACADEMY                ,MD,20852-1729,Proprietary  ,10,25,35,20,53,73
04121600,FILA ACADEMY (THE)                      ,MD,21061-1634,Proprietary  ,16,39,55,42,91,133
        ,MGH INSTITUTE OF HEALTH PROFESSION      ,MA,02129-0000,Private      ,0,37,37,30,854,884
00211400,AMERICAN INTERNATIONAL COLLEGE          ,MA,01109-3189,Private      ,153,472,625,2018,1595,3613
00211500,AMHERST COLLEGE                         ,MA,01002-5000,Private      ,62,20,82,4544,128,4672
00211600,ANDOVER NEWTON THEOLOGICAL SCHOOL       ,MA,02459-0000,Private      ,0,30,30,0,191,191
00211700,ANNA MARIA COLLEGE                      ,MA,01612-1198,Private      ,56,95,151,1232,330,1562
00211800,ASSUMPTION COLLEGE                      ,MA,01615-1294,Private      ,70,57,127,4021,422,4443
00211900,ATLANTIC UNION COLLEGE                  ,MA,01561-1000,Private      ,67,41,108,258,206,464
00212000,MERRIMACK COLLEGE                       ,MA,01845-5800,Private      ,70,20,90,3662,142,3804
00212100,BABSON COLLEGE                          ,MA,02457-0310,Private      ,67,147,214,2288,706,2994
00212200,BAY PATH COLLEGE                        ,MA,01106-2212,Private      ,49,408,457,740,1308,2048
00212300,BECKER COLLEGE-WORCESTER                ,MA,01615-0071,Private      ,145,168,313,2000,774,2774
00212400,BENTLEY UNIVERSITY                      ,MA,02452-4705,Private      ,117,126,243,5875,662,6537
00212600,BERKLEE COLLEGE OF MUSIC                ,MA,02215-3693,Private      ,327,148,475,3356,756,4112
00212800,BOSTON COLLEGE                          ,MA,02467-3800,Private      ,243,280,523,18058,6231,24289
00212900,BOSTON CONSERVATORY OF MUSIC            ,MA,02215-9830,Private      ,22,13,35,945,262,1207
00213000,BOSTON UNIVERSITY                       ,MA,02215-1789,Private      ,410,1488,1898,28566,14480,43046
00213300,BRANDEIS UNIVERSITY                     ,MA,02453-2700,Private      ,78,101,179,4752,963,5715
00213900,CLARK UNIVERSITY                        ,MA,01610-1473,Private      ,44,54,98,4135,479,4614
00214000,ELMS COLLEGE                            ,MA,01013-2839,Private      ,27,75,102,1015,419,1434
00214100,COLLEGE OF THE HOLY CROSS               ,MA,01610-2395,Private      ,40,4,44,5444,63,5507
00214300,CURRY COLLEGE                           ,MA,02186-2395,Private      ,122,187,309,3680,775,4455
00214400,DEAN COLLEGE                            ,MA,02038-1994,Private      ,83,29,112,1540,107,1647
00214500,EASTERN NAZARENE COLLEGE                ,MA,02170-2999,Private      ,113,132,245,806,358,1164
00214507,EASTERN NAZARENE CLG - LEAD PROGRAM     ,MA,02170-0000,Private      ,3,14,17,12,67,79
00214600,EMERSON COLLEGE                         ,MA,02116-4624,Private      ,80,66,146,6242,1286,7528
00214700,EMMANUEL COLLEGE                        ,MA,02115-5798,Private      ,49,56,105,4114,324,4438
00214800,ENDICOTT COLLEGE                        ,MA,01915-2098,Private      ,60,60,120,3894,238,4132
00214900,EPISCOPAL DIVINITY SCHOOL               ,MA,02138-0000,Private      ,0,17,17,0,66,66
00215000,FISHER COLLEGE                          ,MA,02116-1500,Private      ,107,216,323,1172,724,1896
00215100,BENJAMIN FRANKLIN INSTITUTE OF TECH     ,MA,02116-6296,Public       ,42,45,87,541,208,749
00215300,GORDON COLLEGE                          ,MA,01984-1899,Private      ,83,24,107,1910,88,1998
00215400,HELLENIC COLLEGE                        ,MA,02445-7496,Private      ,4,18,22,31,79,110
00215500,HARVARD UNIVERSITY                      ,MA,02138-3800,Private      ,121,106,227,5800,854,6654
00215501,AMRCN REPERTORY THTR INST ADV THTR      ,MA,02138-0000,Private      ,0,6,6,2,104,106
00215502,HARVARD BUSINESS SCHOOL                 ,MA,02163-0000,Private      ,16,69,85,205,1654,1859
00215503,HARVARD EXTENSION SCHOOL                ,MA,02138-0000,Private      ,40,240,280,112,799,911
00215504,HARVARD SCH OF DENTAL MEDICINE          ,MA,02115-0000,Private      ,0,18,18,9,173,182
00215505,HARVARD UNIV GRAD SCH DESIGN            ,MA,02138-0000,Private      ,0,22,22,5,837,842
00215506,HARVARD DIVINITY SCHOOL                 ,MA,02138-0000,Private      ,3,26,29,12,654,666
00215507,HARVARD UNIV GRAD SCH ED                ,MA,02138-0000,Private      ,1,28,29,14,1115,1129
00215508,HARVARD UNIV GRAD S OF ARTS & SCIEN     ,MA,02138-0000,Private      ,2,71,73,101,799,900
00215509,HARVARD JOHN F KENNEDY SCHL OF GOVT     ,MA,02138-0000,Private      ,3,29,32,19,1181,1200
00215510,HARVARD LAW SCHOOL                      ,MA,02138-0000,Private      ,4,75,79,70,4046,4116
00215511,HARVARD UNIV MEDICAL SCHOOL             ,MA,02115-0000,Private      ,8,31,39,94,1115,1209
00215512,HARVARD UNIV SCH PUBLIC HEALTH          ,MA,02115-0000,Private      ,5,30,35,47,653,700
00215513,HARVARD UNIVERSITY-HARVARD COLLEGE      ,MA,02138-0000,Private      ,223,39,262,13270,323,13593
00215700,HEBREW COLLEGE                          ,MA,02459-2237,Private      ,0,11,11,1,74,75
00215800,LASELL COLLEGE                          ,MA,02466-2716,Private      ,61,16,77,2446,113,2559
00216000,LESLEY UNIVERSITY                       ,MA,02138-2790,Private      ,106,936,1042,2234,4286,6520
00216100,UMASS LOWELL                            ,MA,01854-3089,Public       ,755,779,1534,8245,3116,11361
00216400,NEW ENGLAND COLLEGE OF OPTOMETRY        ,MA,02115-1129,Private      ,0,14,14,5,417,422
00216500,MASS. COLLEGE OF PHARMACY  & HEALTH SCIE,MA,02115-5804,Private      ,86,140,226,3631,1955,5586
00216700,BERKSHIRE COMMUNITY COLLEGE             ,MA,01201-5786,Public       ,139,201,340,706,746,1452
00216800,CAPE COD COMMUNITY COLLEGE              ,MA,02668-1599,Public       ,288,377,665,1270,1264,2534
00216900,GREENFIELD COMMUNITY COLLEGE            ,MA,01301-9739,Public       ,227,356,583,661,1035,1696
00217000,HOLYOKE COMMUNITY COLLEGE               ,MA,01040-1099,Public       ,541,674,1215,2896,2868,5764
00217100,MASSACHUSETTS BAY COMMUNITY COLLEGE     ,MA,02181-0000,Public       ,276,403,679,1573,1588,3161
00217200,MOUNT WACHUSETT COMMUNITY COLLEGE       ,MA,01440-1000,Public       ,285,506,791,1466,2077,3543
00217300,NORTH SHORE COMMUNITY COLLEGE           ,MA,01923-4093,Public       ,740,865,1605,2512,2712,5224
00217400,NORTHERN ESSEX COMMUNITY COLLEGE        ,MA,01830-2399,Public       ,720,950,1670,2190,2762,4952
00217500,QUINSIGAMOND COMMUNITY COLLEGE          ,MA,01606-2092,Public       ,681,725,1406,2810,2751,5561
00217600,BRISTOL COMMUNITY COLLEGE               ,MA,02720-7399,Public       ,696,806,1502,2916,2880,5796
00217700,MASSASOIT COMMUNITY COLLEGE             ,MA,02302-3996,Public       ,465,544,1009,2450,2320,4770
00217800,MASSACHUSETTS INST OF TECHNOLOGY        ,MA,02139-4307,Private      ,104,213,317,8880,2327,11207
00218000,MASSACHUSETTS COLLEGE OF ART AND DESIGN ,MA,02115-5803,Public       ,64,61,125,2000,622,2622
00218100,MASSACHUSETTS MARITIME ACADEMY          ,MA,02532-3400,Public       ,57,17,74,1067,73,1140
00218300,BRIDGEWATER STATE COLLEGE               ,MA,02325-0001,Public       ,576,370,946,9719,2171,11890
00218400,FITCHBURG STATE COLLEGE                 ,MA,01420-2697,Public       ,227,178,405,4772,1079,5851
00218500,FRAMINGHAM STATE COLLEGE                ,MA,01702-2471,Public       ,222,149,371,4725,824,5549
00218700,MASSACHUSETTS CLG OF LIBERAL ARTS       ,MA,01247-4100,Public       ,128,92,220,1654,393,2047
00218800,SALEM STATE COLLEGE                     ,MA,01970-5353,Public       ,557,531,1088,7909,2482,10391
00218900,WESTFIELD STATE COLLEGE                 ,MA,01086-1630,Public       ,312,152,464,6311,854,7165
00219000,WORCESTER STATE COLLEGE                 ,MA,01602-2597,Public       ,253,220,473,4733,1467,6200
00219200,MOUNT HOLYOKE COLLEGE                   ,MA,01075-1492,Private      ,41,16,57,2391,248,2639
00219300,MOUNT IDA COLLEGE                       ,MA,02459-3323,Private      ,56,24,80,2164,270,2434
00219400,NEW ENGLAND CONSERVATORY OF MUSIC       ,MA,02115-5018,Private      ,4,6,10,627,453,1080
00219700,NICHOLS COLLEGE                         ,MA,01571-6346,Private      ,48,63,111,1958,238,2196
00219900,NORTHEASTERN UNIVERSITY                 ,MA,02115-5000,Private      ,592,1113,1705,29379,7600,36979
00220100,PINE MANOR COLLEGE                      ,MA,02167-0000,Private      ,26,18,44,586,131,717
00220200,BLESSED JOHN XXIII NATIONAL SEMINARY    ,MA,02493-0000,Private      ,0,1,1,0,1,1
00220500,QUINCY COLLEGE                          ,MA,02169-4501,Public       ,245,512,757,961,1834,2795
00220600,REGIS COLLEGE                           ,MA,02193-0000,Private      ,39,83,122,1603,486,2089
00220800,SIMMONS COLLEGE                         ,MA,02115-5898,Private      ,59,328,387,2929,2753,5682
00220900,SMITH COLLEGE                           ,MA,01063-2936,Private      ,52,19,71,3300,867,4167
00221000,UNIV OF MASSACHUSETTS-DARTMOUTH         ,MA,02747-2300,Public       ,483,258,741,10003,1679,11682
00221100,SPRINGFIELD COLLEGE                     ,MA,01109-3797,Private      ,134,904,1038,3587,3285,6872
00221400,ST JOHN'S SEMINARY                      ,MA,02135-8839,Private      ,3,19,22,5,30,35
00221700,STONEHILL COLLEGE                       ,MA,02357-6110,Private      ,44,9,53,5830,94,5924
00221800,SUFFOLK UNIVERSITY                      ,MA,02108-2770,Private      ,173,262,435,8568,2046,10614
00221802,SUFFOLK UNIVERSITY LAW SCHOOL           ,MA,02108-0000,Private      ,2,82,84,135,2907,3042
00221900,TUFTS UNIVERSITY                        ,MA,02155-5808,Private      ,84,118,202,9096,2144,11240
00221901,TUFTS UNIV SCH OF DENTAL MEDICINE       ,MA,02111-0000,Private      ,0,15,15,13,767,780
00221902,TUFTS UNIVERSITY - CUMMINGS SCHOOL OF VE,MA,01536-0000,Private      ,0,6,6,32,402,434
00221904,TUFTS UNIV SCHOOL OF MEDICINE           ,MA,02111-0000,Private      ,0,69,69,36,1532,1568
00222100,UNIV OF MASSACHUSETTS-AMHERST           ,MA,01003-0000,Public       ,1498,855,2353,29985,5368,35353
00222200,UNIV OF MASSACHUSETTS-BOSTON            ,MA,02125-3393,Public       ,772,1318,2090,7985,6767,14752
00222400,WELLESLEY COLLEGE                       ,MA,02481-8203,Private      ,57,19,76,3164,150,3314
00222500,WENTWORTH INSTITUTE OF TECHNOLOGY       ,MA,02115-5998,Private      ,201,106,307,4008,440,4448
00222600,WESTERN NEW ENGLAND COLLEGE             ,MA,01119-2654,Private      ,106,122,228,4802,1472,6274
00222700,WHEATON COLLEGE                         ,MA,02766-2322,Private      ,44,7,51,2626,33,2659
00222800,WHEELOCK COLLEGE                        ,MA,02215-4176,Private      ,38,70,108,1288,512,1800
00222900,WILLIAMS COLLEGE                        ,MA,01267-2600,Private      ,50,6,56,3939,83,4022
00223300,WORCESTER POLYTECHNIC INSTITUTE         ,MA,01609-2280,Private      ,80,54,134,5069,316,5385
00396500,BAY STATE COLLEGE                       ,MA,02116-2901,Proprietary  ,100,92,192,1133,382,1515
00396600,BOSTON ARCHITECTURAL COLLEGE            ,MA,02115-2795,Private      ,40,178,218,478,910,1388
00466100,HAMPSHIRE COLLEGE                       ,MA,01002-3359,Private      ,72,8,80,2353,79,2432
00466600,SALTER COLLEGE                          ,MA,01583-1700,Proprietary  ,263,867,1130,471,1775,2246
00466700,SCHOOL OF MUSEUM OF FINE ARTS           ,MA,02115-5534,Private      ,30,11,41,878,266,1144
00466900,UPPER CAPE COD REGIONAL VOC TECH        ,MA,02532-3310,Public       ,2,16,18,10,70,80
00527900,GREATER LOWELL REGNL VOC TECH SCH       ,MA,01879-0000,Public       ,4,14,18,19,73,92
00551900,DIMAN REGIONAL VOC TECH INST            ,MA,02723-3519,Public       ,1,8,9,15,62,77
00552300,BLUE HILLS REGIONAL VOC TECH            ,MA,02021-1398,Public       ,5,12,17,28,101,129
00555700,MCCANN TECHNICAL SCHOOL                 ,MA,01247-0000,Public       ,4,15,19,16,46,62
00613600,NATIONAL AVIATION ACADEMY - NEW ENGLAND ,MA,01730-2620,Proprietary  ,25,22,47,95,80,175
00632200,BROCKTON HOSPITAL SCH OF NURSING        ,MA,02302-0000,Private      ,6,29,35,126,343,469
00632400,LABOURE COLLEGE                         ,MA,02124-5698,Private      ,33,119,152,149,576,725
00633100,LAWRENCE MEM HOSPITAL SCH OF NRSNG      ,MA,02155-1643,Private      ,8,45,53,56,330,386
00687300,MARIAN COURT COLLEGE                    ,MA,01907-2896,Private      ,29,30,59,194,84,278
00748100,GIBBS COLLEGE                           ,MA,02116-2904,Proprietary  ,18,28,46,115,218,333
00748400,NEWBURY COLLEGE                         ,MA,02445-5796,Private      ,70,41,111,1531,199,1730
00748600,THE NEW ENGLAND INSTITUTE OF ART        ,MA,02445-7295,Proprietary  ,250,115,365,1850,546,2396
00748800,KAPLAN CAREER INSTITUTE                 ,MA,02129-1644,Proprietary  ,57,151,208,134,403,537
00807800,SPRINGFIELD TECHNICAL COMMUNITY CLG     ,MA,01105-0000,Public       ,574,1039,1613,2093,3352,5445
00809002,EVEREST COLLEGE - EVEREST INSTITUTE     ,MA,02150-2333,Proprietary  ,55,161,216,109,275,384
00891600,NEW ENGLAND SCHOOL OF LAW               ,MA,02116-0000,Private      ,0,86,86,11,2233,2244
00964500,BARD COLLEGE AT SIMON'S ROCK            ,MA,01230-9702,Private      ,17,1,18,416,8,424
00974700,GORDON-CONWELL THEOLOGICAL SEMINARY     ,MA,01982-0000,Private      ,0,95,95,5,558,563
00975600,UNIVERSITY OF MASS MEDICAL CENTER       ,MA,01655-0000,Public       ,1,44,45,22,681,703
00987700,HENRI'S SCHOOL OF HAIR DESIGN           ,MA,01420-5675,Proprietary  ,14,10,24,26,24,50
00989900,LOWELL ACADEMY HAIRSTYLING INST         ,MA,01852-1909,Proprietary  ,18,13,31,33,27,60
00993600,MIDDLESEX COMMUNITY COLLEGE             ,MA,01730-1197,Public       ,247,251,498,1142,815,1957
00993602,"MIDDLESEX COMMUNITY COLLEGE, LOWELL     ",MA,01852-0000,Public       ,453,447,900,1918,1447,3365
01121000,BUNKER HILL COMMUNITY COLLEGE           ,MA,02129-2991,Public       ,682,1186,1868,3114,4457,7571
01151000,EVEREST INSTITUTE                       ,MA,02135-7638,Proprietary  ,65,171,236,139,374,513
01193000,ROXBURY COMMUNITY COLLEGE               ,MA,02120-3400,Public       ,236,630,866,776,1952,2728
01204200,MANSFIELD BEAUTY SCHOOLS                ,MA,02169-5061,Proprietary  ,11,25,36,26,69,95
01206800,MANSFIELD BEAUTY SCHOOL                 ,MA,01103-1410,Proprietary  ,1,15,16,4,33,37
01238600,SOUTHEASTERN TECHNICAL INSTITUTE        ,MA,02375-1780,Public       ,14,42,56,42,140,182
01288100,MONTACHUSETT REG VOC TECH SCH           ,MA,01420-4649,Public       ,0,3,3,7,47,54
01292100,"BLAINE, THE BEAUTY CAREER SCHOOLS       ",MA,02215-0000,Proprietary  ,58,70,128,152,197,349
01292101,"BLAINE, THE BEAUTY CAREER SCHOOLS - HYAN",MA,02601-2022,Proprietary  ,6,6,12,6,7,13
01294800,ROB ROY ACADEMY                         ,MA,02721-5330,Proprietary  ,26,32,58,38,56,94
02063000,MONTSERRAT COLLEGE OF ART               ,MA,01915-0000,Private      ,14,5,19,483,47,530
02063800,BUTERA SCHOOL OF ART                    ,MA,02116-0000,Proprietary  ,6,4,10,52,11,63
02076700,"BLAINE, THE BEAUTY CAREER SCHOOL        ",MA,02148-0000,Proprietary  ,23,64,87,60,131,191
02079400,BLAINE THE BEAUTY CAREER SCHOOL         ,MA,02453-0000,Proprietary  ,22,72,94,54,139,193
02092100,MASSACHUSETTS SCHOOL OF BARBERING       ,MA,02169-0000,Proprietary  ,6,20,26,14,55,69
02092200,BLAINE THE BEAUTY CAREER SCHOOLS        ,MA,01852-0000,Proprietary  ,30,49,79,55,114,169
02122000,NEW ENGLAND HAIR ACADEMY                ,MA,02148-0000,Proprietary  ,14,33,47,39,56,95
02137000,ROB ROY ACADEMY                         ,MA,02780-0000,Proprietary  ,11,7,18,19,21,40
02137200,MASS GEN HOSP DIETETIC INTERNSHIP       ,MA,02114-0000,Private      ,1,1,2,1,12,13
02143000,LONGY SCHOOL OF MUSIC                   ,MA,02138-3599,Private      ,1,14,15,36,123,159
02161300,WESTON JESUIT SCHOOL OF THEOLOGY        ,MA,02138-0000,Private      ,0,0,0,0,19,19
02163500,NEW ENGLAND SCHOOL OF PHOTOGRAPHY       ,MA,02215-0000,Proprietary  ,18,12,30,117,90,207
02163600,MASS SCH OF PROFESSIONAL PSYCHOLOGY     ,MA,02132-0000,Private      ,1,28,29,4,507,511
02169900,ASSABET VALLEY REGIONAL VOC SCHOOL      ,MA,01752-0000,Public       ,3,4,7,11,45,56
02181600,ROB ROY ACADEMY                         ,MA,01609-0000,Proprietary  ,25,51,76,53,95,148
02182900,CAMBRIDGE COLLEGE                       ,MA,02138-5304,Private      ,86,1935,2021,208,3977,4185
02197900,NORTH BENNET STREET SCHOOL              ,MA,02113-0000,Private      ,4,16,20,24,80,104
02215100,HALLMARK INSTITUTE OF PHOTOGRAPHY       ,MA,01376-0000,Proprietary  ,19,25,44,179,147,326
02219501,MILDRED ELLEY                           ,MA,01201-0000,Proprietary  ,0,5,5,3,15,18
02220400,CATHERINE HINDS INST OF ESTHETICS       ,MA,01801-0000,Proprietary  ,13,56,69,36,99,135
02237100,JOSEPH P KEEFE TECHNICAL SCHOOL         ,MA,01701-5698,Public       ,0,0,0,2,0,2
02274300,CONWAY SCHOOL OF LANDSCAPE DESIGN       ,MA,01341-0179,Private      ,0,1,1,0,22,22
02325700,LABARON HAIRDRESSING ACADEMY            ,MA,02740-0000,Proprietary  ,6,16,22,12,33,45
02325800,LABARON HAIRDRESSING ACAD-BROCKTON      ,MA,02301-0000,Proprietary  ,4,15,19,14,28,42
02337400,BANCROFT SCHOOL OF MASSAGE THERAPY      ,MA,01604-4614,Proprietary  ,5,12,17,13,32,45
02338200,BAY STATE SCHOOL OF TECHNOLOGY          ,MA,02021-0000,Proprietary  ,25,78,103,52,140,192
02339400,ROB ROY ACADEMY                         ,MA,02746-0000,Proprietary  ,6,4,10,11,14,25
02491700,CORTIVA INSTITUTE -  BOSTON             ,MA,02472-2577,Proprietary  ,10,65,75,24,169,193
02523900,ELIZABETH GRADY SCHOOL OF ESTHETICS     ,MA,02155-0000,Proprietary  ,18,34,52,34,63,97
02579800,NEW ENGLAND SCHOOL OF ACUPUNCTURE       ,MA,02458-0000,Private      ,0,31,31,0,148,148
03006802,PENNSYLVANIA CULINARY INSTITUTE - LE COR,MA,02142-1221,Proprietary  ,45,98,143,67,144,211
03066700,AILANO SCHOOL OF COSMETOLOGY            ,MA,02303-4740,Proprietary  ,10,15,25,19,31,50
03104000,SHAWSHEEN ADULT TECHNICAL INSTITUTE     ,MA,01821-5499,Public       ,1,3,4,9,35,44
03120800,KAY HARVEY HAIRDRESSING ACADEMY         ,MA,01089-2701,Proprietary  ,10,29,39,14,36,50
03127700,SOUTHERN NEW ENGLAND SCHOOL OF LAW      ,MA,02747-1252,Private      ,0,20,20,3,271,274
03130500,URBAN COLLEGE OF BOSTON                 ,MA,02111-1093,Private      ,10,158,168,26,537,563
03194300,BOSTON GRAD SCH OF PSYCHOANALYSIS       ,MA,02446-4602,Private      ,0,20,20,2,65,67
03196300,LINCOLN TECHNICAL INSTITUTE             ,MA,02145-1102,Proprietary  ,73,195,268,234,468,702
03196302,LINCOLN TECHNICAL INSTITUTE             ,MA,01852-5119,Proprietary  ,85,137,222,179,287,466
03205400,JOLIE HAIR & BEAUTY ACADEMY             ,MA,01056-2769,Proprietary  ,6,28,34,12,39,51
03232302,LINCOLN TECHNICAL INSTITUTE             ,MA,02401-1818,Proprietary  ,53,131,184,105,238,343
03235300,MASSACHUSETTS SCHOOL OF LAW             ,MA,01810-1094,Private      ,0,118,118,2,575,577
03240300,HAIR IN MOTION BEAUTY ACADEMY           ,MA,01604-2213,Proprietary  ,6,5,11,9,13,22
03248300,BOSTON BAPTIST COLLEGE                  ,MA,02136-4000,Private      ,32,9,41,76,33,109
03316400,FUNERAL INSTITUTE OF THE NORTHEAST      ,MA,02062-4766,Proprietary  ,6,17,23,17,80,97
03504300,NATL GRAD SCH OF QUALITY SYSTM MGMT     ,MA,02540-0000,Private      ,0,7,7,0,11,11
03763300,MEDICAL PROFESSIONAL INSTITUTE          ,MA,02148-8143,Proprietary  ,9,22,31,17,94,111
03859300,E.I.N.E.                                ,MA,01876-4709,Proprietary  ,0,11,11,4,18,22
03946300,FRANKLIN W. OLIN COLLEGE OF ENGINEERING ,MA,02492-1200,Private      ,4,1,5,402,6,408
04039300,SULLIVAN AND COGLIANO TRAINING CENTER   ,MA,02301-1822,Proprietary  ,26,326,352,36,503,539
04116900,DIGRIGOLI SCHOOL OF COSMETOLOGY         ,MA,01089-4623,Proprietary  ,10,13,23,21,25,46
04128000,MILLENNIUM TRAINING INSTITUTE           ,MA,01801-6386,Proprietary  ,0,6,6,1,12,13
04128900,CENTRAL MASS SCHOOL OF MASSAGE AND THERA,MA,01562-1712,Proprietary  ,7,10,17,12,12,24
00324204,CARNEGIE MELLON UNIVERSITY - QATAR      ,FC,00000-0000,Private      ,0,1,1,3,2,5
00324206,CARNEGIE MELLON UNIVERSITY  - THE HEINZ ,FC,00000-0000,Private      ,0,1,1,0,3,3
00401000,INSTITUT INTERNAT'L D'ETUDES FRANCA     ,FC,00000-0000,Public       ,0,0,0,1,3,4
00401200,HEBREW UNIVERSITY OF JERUSALEM (THE)    ,FC,00000-0000,Public       ,1,6,7,58,103,161
00403000,UNIVERSITY OF CAMBRIDGE                 ,FC,00000-0000,Public       ,0,11,11,2,56,58
00503400,AMERICAN UNIVERSITY OF CAIRO            ,FC,00000-0000,Private      ,12,45,57,74,207,281
00667100,KATHOLIEKE UNIVERSITEIT LEUVEN          ,FC,00000-0000,Private      ,0,6,6,1,30,31
00669000,UNIVERSITY OF COPENHAGEN                ,FC,00000-0000,Public       ,0,0,0,1,3,4
00669100,UNIVERSITY OF CAMBRIDGE - PEMBROKE      ,FC,00000-0000,Public       ,0,0,0,1,11,12
00669200,UNIVERSITY OF LEEDS                     ,FC,00000-0000,Public       ,5,14,19,14,83,97
00669300,UNIV OF LONDON-LONDON SCHOOL ECON       ,FC,00000-0000,Public       ,5,87,92,18,458,476
00669400,SCH OF ORIENTAL & AFRICAN STUDIES       ,FC,00000-0000,Public       ,1,34,35,6,139,145
00669500,UNIV OF LONDON-UNIVERSITY COLLEGE       ,FC,00000-0000,Public       ,2,53,55,15,263,278
00669600,UNIV OF LONDON-SCH ADVANCED STUDY       ,FC,00000-0000,Public       ,0,3,3,0,17,17
00669700,"QUEEN MARY, UNIVERSITY OF LONDON        ",FC,00000-0000,Public       ,1,21,22,18,100,118
00669900,UNIVERSITY OF SUSSEX                    ,FC,00000-0000,Public       ,7,7,14,14,69,83
00670000,"UNIVERSITY OF YORK, THE                 ",FC,00000-0000,Public       ,1,13,14,11,85,96
00670400,UNIVERSITY COLLEGE CORK                 ,FC,00000-0000,Public       ,1,12,13,8,55,63
00671300,UPPSALA UNIVERSITY                      ,FC,00000-0000,Public       ,0,1,1,0,20,20
00671500,UNIVERSITY OF GENEVA                    ,FC,00000-0000,Public       ,0,11,11,5,55,60
00683900,UNIVERSITY OF EDINBURGH                 ,FC,00000-0000,Public       ,20,78,98,110,473,583
00684200,UNIVERSITY OF DUBLIN TRINITY COLLEG     ,FC,00000-0000,Public       ,5,34,39,41,135,176
00685000,UNIVERSITY OF CAMBRIDGE - DOWNING C     ,FC,00000-0000,Public       ,0,0,0,0,5,5
00685100,INTERNATIONAL CHRISTIAN UNIVERSITY      ,FC,00000-0000,Private      ,0,0,0,10,7,17
00763200,UNIVERSITY OF BRISTOL                   ,FC,00000-0000,Public       ,0,7,7,9,69,78
00768100,COLLEGE OF EUROPE                       ,FC,00000-0000,Private      ,0,0,0,0,5,5
00770500,ROYAL COLLEGE OF SURGEONS IN IRELAN     ,FC,00000-0000,Private      ,3,13,16,6,62,68
00788100,AMERICAN UNIVERSITY OF PARIS            ,FC,00000-0000,Private      ,18,46,64,262,184,446
00837100,AMERICAN UNIVERSITY OF BEIRUT           ,FC,00000-0000,Private      ,14,16,30,57,68,125
00837300,TEL-AVIV UNIVERSITY                     ,FC,00000-0000,Public       ,1,8,9,13,58,71
00837700,UNIVERSITEIT VAN AMSTERDAM(UNIVERSI     ,FC,00000-0000,Public       ,1,15,16,9,111,120
00838000,UNIVERSITY OF WARWICK                   ,FC,00000-0000,Public       ,1,9,10,9,56,65
00838300,UNIVERSITY OF GLASGOW                   ,FC,00000-0000,Public       ,13,54,67,34,325,359
00838600,UNIVERSITY OF HELSINKI                  ,FC,00000-0000,Public       ,0,0,0,2,5,7
00839300,UNIVERSITY OF OSLO                      ,FC,00000-0000,Public       ,0,2,2,3,14,17
00839400,UNIVERSITY OF OXFORD                    ,FC,00000-0000,Public       ,0,27,27,12,155,167
00839800,UNIVERSITY OF SHEFFIELD (THE)           ,FC,00000-0000,Public       ,3,10,13,11,66,77
00839900,UNIVERSITY OF SOUTHAMPTON               ,FC,00000-0000,Public       ,1,10,11,4,38,42
00845000,KASTURBA MEDICAL COLLEGE (A CONSTITENT I,FC,00000-0000,Private      ,3,11,14,23,61,84
00845200,ABERYSTWYTH UNIVERSITY                  ,FC,00000-0000,Public       ,1,3,4,7,22,29
00846000,UNIVERSITY OF NEWCASTLE UPON TYNE       ,FC,00000-0000,Public       ,0,12,12,6,56,62
00846100,UNIVERSITY OF SAINT ANDREWS             ,FC,00000-0000,Public       ,30,32,62,132,129,261
00846200,UNIVERSIDAD DE SALAMANCA                ,FC,00000-0000,Public       ,0,3,3,3,38,41
00850500,UNIVERSITY OF MELBOURNE                 ,FC,00000-0000,Public       ,1,33,34,10,113,123
00858600,SWANSEA UNIVERSITY                      ,FC,00000-0000,Public       ,0,4,4,10,34,44
00858700,UNIVERSITY OF DURHAM                    ,FC,00000-0000,Public       ,2,25,27,9,101,110
00866500,UNIVERSITY OF KENT AT CANTERBURY (THE)  ,FC,00000-0000,Public       ,5,21,26,15,136,151
00866600,UNIVERSITY OF HONG KONG                 ,FC,00000-0000,Public       ,1,4,5,13,39,52
00867000,UNIVERSITY OF NEW SOUTH WALES           ,FC,00000-0000,Public       ,1,19,20,8,79,87
00868700,UNIVERSITY OF ESSEX                     ,FC,00000-0000,Public       ,1,11,12,7,54,61
00869200,LEIDEN UNIVERSITY                       ,FC,00000-0000,Public       ,0,0,0,0,8,8
00869300,CITY UNIVERSITY                         ,FC,00000-0000,Public       ,1,24,25,5,111,116
00890800,THE UNIVERSITY OF BIRMINGHAM            ,FC,00000-0000,Public       ,1,19,20,6,95,101
00891000,UNIVERSITY OF HULL                      ,FC,00000-0000,Public       ,1,3,4,7,16,23
00892000,UNIVERSITY OF NOTTINGHAM                ,FC,00000-0000,Public       ,3,15,18,17,91,108
00900600,UNIVERSITY OF SALFORD (THE)             ,FC,00000-0000,Public       ,0,2,2,0,11,11
00908400,"UNIV OF LONDON, BIRKBECK                ",FC,00000-0000,Public       ,0,25,25,2,71,73
00908500,UNIV OF LONDON KING'S COLLEGE           ,FC,00000-0000,Public       ,3,53,56,20,213,233
00908600,UNIVERSITY OF LONDON - ROYAL HOLLOWAY   ,FC,00000-0000,Public       ,2,19,21,9,54,63
00914300,BAR-ILAN UNIVERSITY                     ,FC,00000-0000,Private      ,2,0,2,8,9,17
00924700,ARCHITECTURAL ASSOC SCH OF ARCHITEC     ,FC,00000-0000,Private      ,0,1,1,4,25,29
00924900,UNIVERSITY OF LIVERPOOL                 ,FC,00000-0000,Public       ,3,21,24,12,59,71
00936800,UNIVERSITY OF ABERDEEN                  ,FC,00000-0000,Public       ,9,24,33,41,128,169
00942300,ROYAL COLLEGE OF ART                    ,FC,00000-0000,Public       ,1,4,5,4,27,31
00942400,ROYAL ACADEMY OF DRAMATIC ART           ,FC,00000-0000,Private      ,0,0,0,9,3,12
00942800,TECHNION-ISRAEL INST OF TECHLGY         ,FC,00000-0000,Public       ,0,19,19,0,64,64
00944200,UNIVERSITY OF EXETER                    ,FC,00000-0000,Public       ,1,12,13,5,84,89
00944400,UNIVERSITY OF LANCASTER                 ,FC,00000-0000,Public       ,0,7,7,2,35,37
00963400,UNIVERSITY OF OXFORD ST CATHERINE'S     ,FC,00000-0000,Public       ,0,1,1,2,11,13
00980800,UNIVERSITY OF STRATHCLYDE               ,FC,00000-0000,Public       ,0,4,4,2,31,33
00981700,UNIVERSITY OF SANTO TOMAS               ,FC,00000-0000,Private      ,0,0,0,2,3,5
00986000,UNIVERSITY OF SURREY                    ,FC,00000-0000,Public       ,0,1,1,5,16,21
00990600,PONTIFICAL NORTH AMERICAN COLLEGE       ,FC,00000-0000,Private      ,0,3,3,1,8,9
00992700,UNIVERSITY OF CAMBRIDGE - FITZWILLI     ,FC,00000-0000,Public       ,0,1,1,1,8,9
01006700,LUND UNIVERSITY                         ,FC,00000-0000,Public       ,1,8,9,4,60,64
01008400,UNIVERSITY OF CAPE TOWN                 ,FC,00000-0000,Private      ,0,7,7,8,32,40
01008700,UNIVERSITY OF OXFORD ST PETER'S COL     ,FC,00000-0000,Public       ,0,1,1,1,5,6
01008800,UNIVERSITY OF OXFORD - CORPUS CHRIS     ,FC,00000-0000,Public       ,0,1,1,0,8,8
01008900,CENTRAL SCHOOL OF SPEECH AND DRAMA      ,FC,00000-0000,Private      ,2,8,10,9,43,52
01009000,UNIVERSITY OF OXFORD - BALLIOL COLL     ,FC,00000-0000,Public       ,0,1,1,1,20,21
01014300,UNIVERSITY OF READING                   ,FC,00000-0000,Public       ,1,8,9,8,36,44
01015700,CARDIFF UNIVERSITY                      ,FC,00000-0000,Public       ,0,10,10,6,51,57
01015900,PONTIFICIA UNIVERSITA GREGORIANA        ,FC,00000-0000,Private      ,0,5,5,0,9,9
01018800,UNIVERSITY COLLEGE DUBLIN               ,FC,00000-0000,Public       ,1,33,34,17,145,162
01019000,UNIVERSITY OF CAMBRIDGE CHURCHILL C     ,FC,00000-0000,Public       ,0,1,1,2,9,11
01022800,UNIVERSITY OF STIRLING                  ,FC,00000-0000,Public       ,3,6,9,14,25,39
01033200,UNIVERSITY OF CAMBRIDGE - CLARE COL     ,FC,00000-0000,Public       ,0,4,4,0,12,12
01045600,UNIVERSITY OF HAIFA                     ,FC,00000-0000,Public       ,1,0,1,11,11,22
01047200,INST EUROPEEN OPEEN D'ADMINISTRATIO     ,FC,00000-0000,Private      ,0,27,27,0,90,90
01049300,CRANFIELD UNIVERSITY                    ,FC,00000-0000,Public       ,0,3,3,0,11,11
01052000,TRINITY LABAN                           ,FC,00000-0000,Public       ,1,1,2,2,4,6
01052001,LABAN CENTER FOR MOVEMENT & DANCE       ,FC,00000-0000,Public       ,0,1,1,0,6,6
01052500,UNIVERSITY OF HERTFORDSHIRE             ,FC,00000-0000,Public       ,0,3,3,4,7,11
01057400,LONDON INTRNTL FILM SCHOOL              ,FC,00000-0000,Private      ,0,7,7,5,33,38
01058400,VRIJE UNIVERSITEIT BRUSSELS             ,FC,00000-0000,Private      ,0,0,0,1,1,2
01058600,INSTITUTE OF SOCIAL STUDIES             ,FC,00000-0000,Private      ,0,2,2,0,14,14
01058800,AUSTRALIAN NATIONAL UNIVERSITY          ,FC,00000-0000,Public       ,0,6,6,6,42,48
01058900,BANGOR UNIVERSITY                       ,FC,00000-0000,Public       ,3,10,13,12,32,44
01059400,"RICHMOND, THE AMERICAN INT UNI IN LONDON",FC,00000-0000,Private      ,23,4,27,328,34,362
01059900,INST D'ETUDES POLITIQUES DE PARIS       ,FC,00000-0000,Public       ,0,7,7,7,37,44
01068100,MACQUARIE UNIVERSITY                    ,FC,00000-0000,Public       ,3,15,18,20,75,95
01069200,UNIVERSITY OF QUEENSLAND (THE)          ,FC,00000-0000,Public       ,2,17,19,16,79,95
01070400,SILLIMAN UNIVERSITY                     ,FC,00000-0000,Private      ,0,0,0,2,5,7
01078900,UNIVERSITY OF OXFORD - WORCESTER CO     ,FC,00000-0000,Public       ,0,0,0,0,5,5
01079200,CITY AND GUILDS OF LONDON INSTITUTE     ,FC,00000-0000,Private      ,0,0,0,0,1,1
01079700,"NATIONAL UNIVERSITY OF IRELAND, MAY     ",FC,00000-0000,Public       ,0,0,0,2,4,6
01080300,SEMMELWEIS UNIVERSITY OF BUDAPEST       ,FC,00000-0000,Public       ,0,12,12,3,38,41
01081600,KINGSTON UNIVERSITY                     ,FC,00000-0000,Public       ,4,7,11,27,37,64
01083800,UNIVERSITITY OF BERGEN (UOB)            ,FC,00000-0000,Public       ,0,0,0,0,2,2
01086400,UNIV OF DUNDEE                          ,FC,00000-0000,Public       ,1,8,9,3,29,32
01086600,UNIVERSITY OF OXFORD - MAGDALEN COLLEGE ,FC,00000-0000,Public       ,0,1,1,0,11,11
01086700,UNIVERSITY OF OXFORD ST JOHN'S COLL     ,FC,00000-0000,Public       ,0,0,0,3,4,7
01091400,MONASH UNIVERSITY                       ,FC,00000-0000,Public       ,1,6,7,4,26,30
01091500,UNIV OF EAST ANGLIA                     ,FC,00000-0000,Public       ,6,9,15,9,55,64
01094200,UNIVERSITY OF OXFORD - ST HUGH'S CO     ,FC,00000-0000,Public       ,0,0,0,0,5,5
01097700,UNIVERSIDAD CENTRAL DEL ESTE            ,FC,00000-0000,Private      ,29,170,199,66,658,724
01098000,SOMERVILLE COLLEGE                      ,FC,00000-0000,Public       ,0,1,1,0,2,2
01099900,UNIV OF OXFORD - WADHAM COLLEGE         ,FC,00000-0000,Public       ,0,0,0,1,1,2
01104400,PONTIFICIA UNIVERSITA SAN TOMMASO       ,FC,00000-0000,Private      ,0,6,6,0,12,12
01105300,UNIVERSITY OF OXFORD - ST HILDA'S C     ,FC,00000-0000,Public       ,0,4,4,2,10,12
01105400,UNIVERSITY OF OXFORD - ST ANNE'S CO     ,FC,00000-0000,Public       ,1,2,3,2,10,12
01105500,UNIV OF OXFORD - LADY MARGARET HALL     ,FC,00000-0000,Public       ,0,2,2,1,10,11
01105600,UNIVERSITY OF OXFORD - UNIVERSITY C     ,FC,00000-0000,Public       ,0,2,2,2,13,15
01105700,UNIVERSITY OF OXFORD - TRINITY COLL     ,FC,00000-0000,Public       ,0,1,1,1,12,13
01105800,UNIVERSITY OF OXFORD-ST EDMUND HALL     ,FC,00000-0000,Public       ,0,6,6,1,15,16
01105900,UNIVERSITY OF OXFORD ST ANTONY'S CO     ,FC,00000-0000,Public       ,0,11,11,0,30,30
01106000,UNIVERSITY OF OXFORD - QUEEN'S COLL     ,FC,00000-0000,Public       ,0,1,1,0,2,2
01106100,UNIVERSITY OF OXFORD - PEMBROKE COL     ,FC,00000-0000,Public       ,0,2,2,0,5,5
01106200,UNIVERSITY OF OXFORD - ORIEL COLLEG     ,FC,00000-0000,Public       ,1,2,3,1,4,5
01106300,UNIVERSITY OF OXFORD - NUFFIELD COL     ,FC,00000-0000,Public       ,0,0,0,0,9,9
01106400,UNIVERSITY OF OXFORD - NEW COLLEGE      ,FC,00000-0000,Public       ,0,3,3,1,9,10
01106500,UNIVERSITY OF OXFORD MERTON COLLEGE     ,FC,00000-0000,Public       ,0,1,1,1,8,9
01106600,UNIVERSITY OF OXFORD - LINCOLN COLL     ,FC,00000-0000,Public       ,1,2,3,2,9,11
01106700,UNIVERSITY OF OXFORD - KEBLE COLLEG     ,FC,00000-0000,Public       ,1,2,3,1,7,8
01106800,UNIVERSITY OF OXFORD - JESUS COLLEG     ,FC,00000-0000,Public       ,0,3,3,1,7,8
01106900,UNIVERSITY OF OXFORD - HERTFORD COL     ,FC,00000-0000,Public       ,0,2,2,0,7,7
01107000,UNIVERSITY OF OXFORD EXETER COLLEGE     ,FC,00000-0000,Public       ,0,4,4,1,22,23
01107100,UNIV OF OXFORD - CHRIST CHURCH          ,FC,00000-0000,Public       ,0,6,6,1,19,20
01107200,UNIVERSITY OF OXFORD - BRASENOSE CO     ,FC,00000-0000,Public       ,1,4,5,1,7,8
01109100,FLINDERS UNIVERSITY OF S AUSTRALIA      ,FC,00000-0000,Public       ,1,5,6,5,15,20
01109400,UNIVERSITY OF WESTERN AUSTRALIA (THE)   ,FC,00000-0000,Public       ,0,5,5,2,13,15
01156700,"IMPERIAL COLLEGE OF SCIENCE, TECHNOLOGY ",FC,00000-0000,Public       ,1,8,9,4,48,52
01167900,UNIVERSITY OF BATH                      ,FC,00000-0000,Public       ,0,3,3,2,21,23
01168300,FRANKLIN COLLEGE  SWITZERLAND           ,FC,00000-0000,Private      ,11,0,11,363,12,375
01175800,UNIV OF CAMBRIDGE - PETERHOUSE          ,FC,00000-0000,Public       ,0,1,1,0,8,8
01176400,ROYAL ACADEMY OF MUSIC                  ,FC,00000-0000,Public       ,1,1,2,11,12,23
01176500,GOLDSMITHS' COLLEGE-UNIV OF LONDON      ,FC,00000-0000,Public       ,6,21,27,21,120,141
01176600,UNIV OF LONDON - INST OF EDUC           ,FC,00000-0000,Public       ,0,2,2,0,16,16
01177900,STOCKHOLM SCHOOL OF ECONOMICS           ,FC,00000-0000,Private      ,0,0,0,0,5,5
01178000,BRUNEL UNIVERSITY                       ,FC,00000-0000,Public       ,0,0,0,0,4,4
01178400,UNIVERSITY OF WARSAW                    ,FC,00000-0000,Public       ,1,1,2,4,9,13
01207500,UNIVERSITY CAMBRIDGE - TRINITY COLL     ,FC,00000-0000,Public       ,0,1,1,0,15,15
01207800,VICTORIA UNIV OF WELLINGTON             ,FC,00000-0000,Public       ,0,6,6,13,29,42
01210100,UNIVERSITY OF CAMBRIDGE - GIRTON CO     ,FC,00000-0000,Public       ,0,0,0,1,2,3
01213600,VICTORIA UNIV OF MANCHESTER (THE)       ,FC,00000-0000,Public       ,1,11,12,13,57,70
01219800,UNIVERSITY OF BRADFORD                  ,FC,00000-0000,Public       ,0,3,3,2,26,28
01220100,UNIVERSITY OF OXFORD - REGENT'S PAR     ,FC,00000-0000,Public       ,1,2,3,2,5,7
01220600,JAMES COOK UNIVERSITY                   ,FC,00000-0000,Public       ,2,9,11,19,51,70
01221300,PONTIFICIA BOLIVARIANA UNIVERSITY       ,FC,00000-0000,Private      ,0,1,1,4,3,7
01221500,BIRMINGHAM CITY UNIVERSITY              ,FC,00000-0000,Public       ,0,1,1,3,11,14
01222300,JAGIELLONIAN UNIVERSITY COLLEGIUM M     ,FC,00000-0000,Public       ,0,16,16,2,63,65
01222500,UNIVERSITY OF SZEGED FACULTY OF MEDICINE,FC,00000-0000,Public       ,1,0,1,1,8,9
01223400,KOREA UNIVERSITY                        ,FC,00000-0000,Private      ,0,0,0,2,5,7
01225800,ASTON UNIVERSITY                        ,FC,00000-0000,Public       ,0,1,1,1,9,10
01227500,UNIVERSITY OF OXFORD - WOLFSON COLL     ,FC,00000-0000,Public       ,0,2,2,0,12,12
01230200,GONVILLE & CAIUS COLLEGE                ,FC,00000-0000,Public       ,0,0,0,1,4,5
01233300,UNIV OF THE ARTS LONDON- CAMBERWELL COLL,FC,00000-0000,Public       ,2,2,4,11,20,31
01233500,ROYAL COLLEGE OF MUSIC                  ,FC,00000-0000,Public       ,0,1,1,3,11,14
01233700,WROCLAW UNIVERSITY OF MEDICINE          ,FC,00000-0000,Public       ,1,3,4,3,7,10
01234100,UNIVERSITY OF WALES - ST DAVID'S UN     ,FC,00000-0000,Public       ,2,8,10,3,31,34
01236000,EDINBURGH COLLEGE OF ART                ,FC,00000-0000,Public       ,0,6,6,0,9,9
01242100,UNIV OF AUCKLAND                        ,FC,00000-0000,Public       ,2,15,17,19,57,76
01253900,UNIVERSITY OF THE ARTS LONDON IDO - CENT,FC,00000-0000,Public       ,8,18,26,53,56,109
01254000,UNIVERSIDAD DE NAVARRA                  ,FC,00000-0000,Private      ,3,6,9,9,24,33
01276500,UNIVERSITY OF OXFORD - LINACRE COLL     ,FC,00000-0000,Public       ,0,0,0,0,11,11
01276600,"NATIONAL UNIVERSITY IRELAND, GALWAY     ",FC,00000-0000,Public       ,1,10,11,13,69,82
01280200,PONTIFICIA UNIV CATOLICA MAD Y MAES     ,FC,00000-0000,Private      ,43,70,113,56,111,167
01281100,INST TECNOLOGICO DE SANTO DOMINGO       ,FC,00000-0000,Private      ,6,33,39,13,79,92
01283900,UNIVERSITY OF CAMBRIDGE - SAINT JOH     ,FC,00000-0000,Public       ,0,2,2,0,14,14
01286200,MOUNTVIEW ACADEMY OF THEATRE ARTS       ,FC,00000-0000,Private      ,0,0,0,2,5,7
01297800,UNIVERSITY OF HUDDERSFIELD (THE)        ,FC,00000-0000,Public       ,0,1,1,1,3,4
01315300,MASSEY UNIVERSITY                       ,FC,00000-0000,Public       ,2,13,15,8,65,73
01322500,COLLEGE OF LAW                          ,FC,00000-0000,Private      ,0,7,7,1,19,20
02052400,DARWIN COLLEGE                          ,FC,00000-0000,Public       ,0,3,3,0,17,17
02082400,UNIVERSITY OF CAMBRIDGE - QUEEN'S C     ,FC,00000-0000,Public       ,0,1,1,0,14,14
02083400,UNIVERSITY OF CAMBRIDGE - WOLFSON C     ,FC,00000-0000,Public       ,0,6,6,0,17,17
02087400,UNIVERSITY OF CAMBRIDGE - NEWNHAM C     ,FC,00000-0000,Public       ,0,1,1,0,3,3
02087900,OXFORD BROOKES UNIVERSITY               ,FC,00000-0000,Public       ,2,7,9,6,42,48
02094100,BEN-GURION UNIV                         ,FC,00000-0000,Public       ,0,10,10,2,154,156
02094400,UNIV OF CAMBRIDGE - ST EDMUND'S HOU     ,FC,00000-0000,Public       ,0,2,2,1,8,9
02095500,LONDON BUS SCHOOL                       ,FC,00000-0000,Private      ,0,20,20,2,145,147
02098700,FATIMA COLLEGE OF MEDICINE              ,FC,00000-0000,Private      ,1,13,14,6,45,51
02101900,ROEHAMPTON UNIVERSITY                   ,FC,00000-0000,Public       ,7,6,13,17,53,70
02108600,LONDON ACADEMY OF MUSIC & DRAMATIC      ,FC,00000-0000,Private      ,0,1,1,10,11,21
02115900,UNIVERSITY OF PORTSMOUTH                ,FC,00000-0000,Public       ,2,3,5,7,8,15
02116700,UNIVERSITY OF CAMBRIDGE - LUCY CAVE     ,FC,00000-0000,Public       ,0,4,4,0,8,8
02120000,UNIV OF LONDON - COURTALD INST OF A     ,FC,00000-0000,Public       ,0,2,2,0,20,20
02133400,UNIVERSITY OF CAMBRIDGE - SIDNEY SU     ,FC,00000-0000,Public       ,1,1,2,1,7,8
02142000,UNIVERSITY OF CAMBRIDGE - HOMERTON      ,FC,00000-0000,Public       ,0,1,1,0,7,7
02149700,UNIVERSITY OF WINCHESTER (THE)          ,FC,00000-0000,Public       ,2,1,3,6,5,11
02156800,UNIV OF OTAGO                           ,FC,00000-0000,Public       ,0,8,8,5,23,28
02162300,"IESE BUSINESS SCH, UNIV OF NAVARRA      ",FC,00000-0000,Private      ,0,19,19,1,70,71
02167400,UNIVERSITY OF CAMBRIDGE - CORPUS CH     ,FC,00000-0000,Public       ,0,1,1,0,6,6
02175700,OHR SOMAYACH INSTITUTIONS               ,FC,00000-0000,Private      ,0,5,5,5,5,10
02177700,KING'S COLLEGE- UNIV OF CAMBRIDGE       ,FC,00000-0000,Public       ,0,6,6,1,33,34
02180500,MIDDLESEX UNIVERSITY                    ,FC,00000-0000,Public       ,3,15,18,10,40,50
02181000,UNIVERSITY OF SOUTH AUSTRALIA           ,FC,00000-0000,Public       ,1,2,3,4,15,19
02183500,UNIV OF OXFORD - WYCLIFFE HALL          ,FC,00000-0000,Public       ,0,0,0,0,7,7
02186000,UNIVERSITY OF CAMBRIDGE - MAGDALENE     ,FC,00000-0000,Public       ,0,2,2,0,9,9
02186100,UNIVERSITY OF CAMBRIDGE - EMMANUEL      ,FC,00000-0000,Public       ,0,1,1,0,6,6
02189600,UNIVERSITY OF GRONINGEN                 ,FC,00000-0000,Public       ,1,1,2,3,6,9
02194800,UNIVERSITY OF THE WEST OF ENGLAND -     ,FC,00000-0000,Public       ,0,1,1,6,9,15
02195100,UNIV OF WESTMINSTER                     ,FC,00000-0000,Public       ,4,23,27,24,107,131
02196700,GUILDHALL SCHOOL OF MUSIC & DRAMA       ,FC,00000-0000,Public       ,0,3,3,7,16,23
02197000,INT'L GRAD PROGRAMME STOCKHOLM UNIV     ,FC,00000-0000,Public       ,0,2,2,0,19,19
02207300,UNIVERSITY OF CAMBRIDGE - CHRIST'S      ,FC,00000-0000,Public       ,0,1,1,1,4,5
02207400,CHINESE UNIVERSITY OF HONG KONG (THE)   ,FC,00000-0000,Public       ,3,0,3,3,0,3
02209500,UNIVERSITEIT UTRECHT                    ,FC,00000-0000,Public       ,0,5,5,10,39,49
02210000,UNIV OF LONDON - LONDON SCHOOL OF H     ,FC,00000-0000,Public       ,0,6,6,0,43,43
02212300,UNIVERSITY OF CAMBRIDGE - ROBINSON      ,FC,00000-0000,Public       ,0,1,1,0,1,1
02216300,UNIVERSIDAD DE CHILE                    ,FC,00000-0000,Public       ,0,0,0,1,4,5
02225300,UNIV OF CANTERBURY                      ,FC,00000-0000,Public       ,2,3,5,7,23,30
02229100,UNIVERSITY OF LEICESTER                 ,FC,00000-0000,Public       ,2,12,14,6,48,54
02229600,SACKLER SCHOOL OF MEDICINE              ,FC,00000-0000,Public       ,0,23,23,0,192,192
02232100,UNIVERSITY OF CAMBRIDGE                 ,FC,00000-0000,Public       ,0,3,3,2,10,12
02233300,"ST GEORGE'S UNIV, SCH OF MEDICINE       ",FC,00000-0000,Proprietary  ,2,568,570,19,2082,2101
02235300,LONDON METROPOLITAN UNIVERSITY          ,FC,00000-0000,Public       ,5,29,34,30,132,162
02240900,AISH HATORAH CLG OF JEWISH STUDIES      ,FC,00000-0000,Private      ,0,0,0,3,1,4
02244400,AMERICAN UNIV OF THE CARIBBEAN          ,FC,00000-0000,Proprietary  ,1,250,251,5,1000,1005
02257100,COVENTRY UNIVERSITY                     ,FC,00000-0000,Public       ,1,2,3,6,8,14
02266600,UNIVERSITY OF LONDON - SAINT GEORGE     ,FC,00000-0000,Public       ,0,3,3,0,6,6
02271700,UNIVERSITY OF CAMBRIDGE - CLARE HAL     ,FC,00000-0000,Public       ,0,3,3,0,9,9
02271800,UNIV OF OXFORD - CAMPION HALL           ,FC,00000-0000,Public       ,0,1,1,0,1,1
02271900,UNIVERSITY OF OXFORD - BLACKFRIARS      ,FC,00000-0000,Public       ,0,1,1,1,2,3
02272100,UNIV OF OXFORD - GREYFRIARS             ,FC,00000-0000,Public       ,0,0,0,0,1,1
02272200,UNIV OF CAMBRIDGE - NEW HALL            ,FC,00000-0000,Public       ,0,0,0,2,7,9
02273600,QUEEN'S UNIV OF BELFAST (THE)           ,FC,00000-0000,Public       ,1,8,9,1,15,16
02273900,HERIOT WATT UNIVERSITY                  ,FC,00000-0000,Public       ,0,8,8,4,20,24
02276700,NYENRODE BUSINESS UNIVERSITEIT          ,FC,00000-0000,Private      ,0,1,1,0,3,3
02279700,UNIVERSITY OF MANCHESTER - INSTITUT     ,FC,00000-0000,Public       ,3,20,23,14,98,112
02293400,ECOLE DES HAUTES ETUDES COMERCIALS      ,FC,00000-0000,Public       ,0,9,9,0,46,46
02296300,UNIVERSITY OF CAMBRIDGE - JESUS COL     ,FC,00000-0000,Public       ,0,1,1,0,7,7
02310500,DE MONTFORT UNIVERSITY                  ,FC,00000-0000,Public       ,1,5,6,4,11,15
02320500,ROYAL NORTHERN COLLEGE OF MUSIC         ,FC,00000-0000,Public       ,1,3,4,2,6,8
02335100,UNIV OF CAMBRIDGE - TRINITY HALL        ,FC,00000-0000,Public       ,0,1,1,1,13,14
02338900,UNIVERSITY  FOR THE CREATIVE ARTS       ,FC,00000-0000,Public       ,0,0,0,3,2,5
02338903,KENT INSTITUTE OF ART & DESIGN          ,FC,00000-0000,Public       ,0,0,0,2,0,2
02339300,ERASMUS UNIV ROTTERDAM                  ,FC,00000-0000,Public       ,0,0,0,1,13,14
02347300,ESCUELA AUTONOMA DE CIENCIAS MEDICA     ,FC,00000-0000,Private      ,2,4,6,9,25,34
02351800,UNIVERSIDAD IBEROAMERICANA (UNIBE       ,FC,00000-0000,Private      ,30,257,287,90,908,998
02352100,UNIVERSITY OF PLYMOUTH                  ,FC,00000-0000,Public       ,0,0,0,1,0,1
02355200,ECOLE SUPERIEURE DE CUISINE FRANCAISE-FE,FC,00000-0000,Public       ,1,2,3,4,13,17
02363000,GSA CONSERVATOIRE                       ,FC,00000-0000,Private      ,1,0,1,5,3,8
02493000,ESCUELA SUPERIOR ADMINISTRACION Y D     ,FC,00000-0000,Private      ,0,0,0,2,15,17
02496600,UNIVERSITY OF STELLENBOSCH              ,FC,00000-0000,Public       ,0,0,0,4,8,12
02502600,PECSI ORVOSTUDOMANYI EGYETEM (PECS      ,FC,00000-0000,Public       ,0,4,4,0,14,14
02545700,GLASGOW SCHOOL OF ART                   ,FC,00000-0000,Public       ,7,8,15,13,31,44
02579600,MURDOCH UNIVERSITY                      ,FC,00000-0000,Public       ,0,8,8,5,47,52
02588000,UNIVERSITY OF ULSTER                    ,FC,00000-0000,Public       ,3,3,6,6,15,21
02591800,CURTIN UNIVERSITY OF TECHNOLOGY         ,FC,00000-0000,Public       ,0,3,3,1,16,17
02592300,MILLTOWN INST OF THEOLOGY & PHILOSO     ,FC,00000-0000,Private      ,0,0,0,0,2,2
02604300,AALBORG UNIVERSITY                      ,FC,00000-0000,Public       ,0,6,6,0,16,16
02611500,HELSINKI SCH OF ECONOMICS & BUS ADM     ,FC,00000-0000,Public       ,0,0,0,0,1,1
02611600,ECOL NATIONAL DES PONTS ET CHAUSSEE     ,FC,00000-0000,Public       ,1,1,2,1,5,6
02611700,DUBLIN CITY UNIVERSITY                  ,FC,00000-0000,Public       ,3,5,8,18,31,49
02622500,DENMARKS TEKNISKE UNIVERSITET           ,FC,00000-0000,Public       ,0,1,1,0,5,5
02623200,UNIVERSITY OF NEWCASTLE (THE)           ,FC,00000-0000,Public       ,1,4,5,7,23,30
03012700,UNIVERSITY OF BUCKINGHAM                ,FC,00000-0000,Private      ,0,1,1,1,11,12
03029400,KEELE UNIVERSITY                        ,FC,00000-0000,Public       ,0,2,2,1,7,8
03029500,NORTHUMBRIA UNIVERSITY                  ,FC,00000-0000,Public       ,1,3,4,3,18,21
03029800,NORGES HANDELSHOYSKOLE                  ,FC,00000-0000,Public       ,0,1,1,0,5,5
03033300,MANCHESTER METROPOLITAN UNIV            ,FC,00000-0000,Public       ,5,8,13,17,26,43
03045000,UNIVERSITY OF EAST LONDON               ,FC,00000-0000,Public       ,5,5,10,12,32,44
03050100,STUDIO ART CENTERS INTERNATIONAL        ,FC,00000-0000,Private      ,3,5,8,19,57,76
03066800,PONTIFICIO ATENEO DELLA SANTA CROCE     ,FC,00000-0000,Private      ,0,3,3,0,7,7
03067200,UNIVERSITY OF SYDNEY                    ,FC,00000-0000,Public       ,4,42,46,28,165,193
03073800,UNIV OF DEBRECEN MED & HEALTH SCI       ,FC,00000-0000,Public       ,1,10,11,3,19,22
03078700,UNIVERSITA COMMERCIALE L BOCCONI        ,FC,00000-0000,Public       ,0,11,11,5,34,39
03080300,SHEFFIELD HALLAM UNIVERSITY             ,FC,00000-0000,Public       ,1,2,3,4,5,9
03084300,UNIVERSITY OF LIMERICK                  ,FC,00000-0000,Public       ,3,3,6,20,24,44
03086900,AMERN GRAD SCHL OF BUS THE INST OF      ,FC,00000-0000,Private      ,0,0,0,0,2,2
03088700,ROYAL SCOTTISH ACAD MUSIC & DRAMA       ,FC,00000-0000,Public       ,1,3,4,13,16,29
03091400,UNIVERSITY OF WOLLONGONG                ,FC,00000-0000,Public       ,1,4,5,9,11,20
03091500,UNIVERSITY OF CANBERRA                  ,FC,00000-0000,Public       ,0,0,0,1,5,6
03091700,KAROL MARCINKOWSKI UNIV OF MED SCI      ,FC,00000-0000,Public       ,3,63,66,8,176,184
03092500,NOTTINGHAM TRENT UNIVERSITY             ,FC,00000-0000,Public       ,2,7,9,5,24,29
03095000,RMIT UNIVERSITY                         ,FC,00000-0000,Public       ,2,5,7,7,25,32
03095400,BOND UNIVERSITY                         ,FC,00000-0000,Private      ,3,18,21,37,59,96
03095900,ESSEC BUSINESS SCHOOL                   ,FC,00000-0000,Private      ,0,3,3,0,17,17
03096100,LA TROBE UNIVERSITY                     ,FC,00000-0000,Public       ,2,7,9,9,34,43
03096900,DEAKIN UNIVERSITY                       ,FC,00000-0000,Public       ,0,0,0,4,5,9
03097100,UNIVERSITY OF WESTERN SYDNEY            ,FC,00000-0000,Public       ,1,1,2,5,6,11
03097300,VICTORIA UNIVERSITY OF TECHNOLOGY       ,FC,00000-0000,Public       ,0,2,2,1,7,8
03097500,CENTRAL QUEENSLAND UNIVERSITY           ,FC,00000-0000,Public       ,0,2,2,2,7,9
03100000,UNIVERSITY OF ADELAIDE (THE)            ,FC,00000-0000,Public       ,2,5,7,4,24,28
03101600,ASIAN INSTITUTE OF MANAGEMENT           ,FC,00000-0000,Private      ,0,2,2,1,4,5
03102500,AMERICAN UNIVERSITY OF ROME             ,FC,00000-0000,Private      ,11,9,20,113,53,166
03102800,ROBERT GORDON UNIVERSITY (THE)          ,FC,00000-0000,Public       ,0,4,4,3,19,22
03104800,GRIFFITH UNIVERSITY                     ,FC,00000-0000,Public       ,4,10,14,17,26,43
03106100,ROSKILDE UNIV ROSKILDE UNIVERSITY C     ,FC,00000-0000,Public       ,0,0,0,2,0,2
03123500,HOGESCHOOL VAN AMSTERDAM                ,FC,00000-0000,Private      ,0,0,0,3,9,12
03136300,AUSTRALIAN CATHOLIC UNIVERSITY          ,FC,00000-0000,Public       ,0,2,2,1,7,8
03137400,CHARLES STURT UNIVERSITY                ,FC,00000-0000,Public       ,0,0,0,0,1,1
03140300,EDITH COWAN UNIVERSITY                  ,FC,00000-0000,Public       ,1,3,4,3,14,17
03140400,NORTHERN TERRITORY UNIVERSITY           ,FC,00000-0000,Public       ,0,0,0,0,2,2
03140500,QUEENSLAND UNIVERSITY OF TECHNOLOGY     ,FC,00000-0000,Public       ,0,6,6,5,29,34
03140600,SOUTHERN CROSS UNIVERSITY               ,FC,00000-0000,Public       ,0,2,2,3,12,15
03140700,SWINBURNE UNIVERSITY OF TECHNOLOGY      ,FC,00000-0000,Public       ,0,2,2,0,7,7
03140900,UNIVERSITY OF BALLARAT                  ,FC,00000-0000,Public       ,0,1,1,0,1,1
03150300,UNIVERSITY OF TASMANIA                  ,FC,00000-0000,Public       ,0,0,0,5,7,12
03274300,"KUNGLIGA TEKNISKA HOGSKOLAN, KTH        ",FC,00000-0000,Public       ,0,3,3,1,15,16
03287300,LIVERPOOL INSTITUTE FOR PERFORMING ARTS ,FC,00000-0000,Public       ,1,2,3,11,12,23
03300300,"2ND SCHOOL OF MEDICINE, CHARLES UNI     ",FC,00000-0000,Public       ,0,3,3,3,8,11
03300400,"FIRST FACULTY OF MEDICINE, CHARLES UNIV.",FC,00000-0000,Public       ,1,19,20,2,35,37
03329300,JOHN CABOT UNIVERSITY                   ,FC,00000-0000,Private      ,11,3,14,92,18,110
03332400,AGRICULTURE UNIVERSITY OF WROCLAW       ,FC,00000-0000,Public       ,1,1,2,1,3,4
03333300,MEDICAL UNIVERSITY SCHOOL OF LUBLIN     ,FC,00000-0000,Public       ,13,83,96,24,156,180
03334300,UNIVERSIDAD NORDESTANA                  ,FC,00000-0000,Private      ,2,10,12,3,25,28
03335300,MEDICAL UNIVERSITY OF SILESIA           ,FC,00000-0000,Public       ,3,59,62,7,105,112
03349400,"QUEEN MARGARET UNIVERSITY COLLEGE, EDINB",FC,00000-0000,Public       ,0,0,0,2,9,11
03350300,BOURNEMOUTH UNIVERSITY                  ,FC,00000-0000,Public       ,1,5,6,6,22,28
03352300,LONDON SOUTH BANK UNIVERSITY            ,FC,00000-0000,Private      ,1,3,4,6,23,29
03363300,THE ARTS EDUCATIONAL SCHOOLS LONDON     ,FC,00000-0000,Private      ,0,0,0,1,0,1
03364300,"FACULTY OF MEDICINE, PALACKY UNIVER     ",FC,00000-0000,Public       ,0,0,0,0,3,3
03365400,AUCKLAND INSTITUTE OF TECHNOLOGY        ,FC,00000-0000,Public       ,1,5,6,6,14,20
03366300,TROPICAL AGRICULTURE RESEARCH AND H     ,FC,00000-0000,Private      ,0,1,1,0,1,1
03377300,"UNIVERSITY OF WALES INSTITUTE, CARD     ",FC,00000-0000,Public       ,2,1,3,3,4,7
03378300,"THE 3RD FACULTY OF MEDICINE, CHARLE     ",FC,00000-0000,Public       ,0,2,2,1,8,9
03386300,CHARLES UNIVERSITY-MEDICAL FACULTY      ,FC,00000-0000,Public       ,0,3,3,0,15,15
03406300,"THE SCHOOL OF PHARMACY, UNIVERSITY      ",FC,00000-0000,Public       ,0,0,0,1,4,5
03418400,NAPIER UNIVERSITY                       ,FC,00000-0000,Public       ,0,0,0,8,10,18
03435300,ANGLIA POLYTECHNIC UNIVERSITY HIGHE     ,FC,00000-0000,Public       ,0,1,1,1,4,5
03456600,ANGELES UNIVERSITY FOUNDATION           ,FC,00000-0000,Private      ,0,0,0,2,0,2
03460300,INTERNATIONALES THEOLOGISCHES INSTI     ,FC,00000-0000,Private      ,0,1,1,2,12,14
03462400,UNIV OF ARTS LONDON - LON COLL OF COMMUN,FC,00000-0000,Public       ,2,12,14,21,33,54
03466300,INSTITUTO CENTROAMERICANO DE ADMINI     ,FC,00000-0000,Private      ,0,2,2,0,7,7
03473300,UNIV OF ARTS LONDON - LON COLL FASHION  ,FC,00000-0000,Public       ,8,13,21,43,56,99
03475300,UNIV OF THE ARTS  LONDON - CHELSEA COLL ,FC,00000-0000,Public       ,3,2,5,7,13,20
03478300,WELSH COLLEGE OF MUSIC AND DRAMA        ,FC,00000-0000,Public       ,0,1,1,0,4,4
03492400,UNIV OF CAMBRIDGE-ST CATHERINE'S CG     ,FC,00000-0000,Public       ,0,0,0,0,4,4
03494400,UNIV OF CAMBRIDGE-SELWYN COLLEGE        ,FC,00000-0000,Public       ,0,0,0,0,5,5
03494600,UNIV OF OXFORD-HARRIS MANCHESTER        ,FC,00000-0000,Public       ,0,3,3,1,5,6
03500300,WIMBLEDON COLLEGE OF ART                ,FC,00000-0000,Public       ,2,1,3,10,7,17
03501400,LEEDS METROPOLITAN UNIVERSITY           ,FC,00000-0000,Public       ,1,6,7,5,14,19
03507300,UNIVERSITY OF SUNDERLAND                ,FC,00000-0000,Public       ,1,2,3,2,14,16
03515300,UNIVERSITY OF CENTRAL LANCASHIRE        ,FC,00000-0000,Public       ,0,3,3,1,13,14
03517300,UNIVERSITY OF BRIGHTON                  ,FC,00000-0000,Public       ,0,6,6,5,23,28
03518300,EUROPEAN GRADUATE SCHOOL                ,FC,00000-0000,Private      ,0,31,31,0,67,67
03526300,INST CENTROAMERICANO DE ADM DE EMP      ,FC,00000-0000,Private      ,0,3,3,1,5,6
03527300,SOFIA UNIVERSITY ST. KLIMENT OHRIDSKI   ,FC,00000-0000,Public       ,0,1,1,2,1,3
03533300,BATH SPA UNIVERSITY                     ,FC,00000-0000,Public       ,1,4,5,6,23,29
03547300,UNIVERSITY OF GLAMORGAN                 ,FC,00000-0000,Public       ,0,1,1,1,7,8
03580300,LIVERPOOL JOHN MOORES UNIVERSITY        ,FC,00000-0000,Public       ,2,1,3,5,8,13
03589400,THE ARTS INSTITUTE AT BOURNEMOUTH       ,FC,00000-0000,Public       ,2,1,3,2,1,3
03594300,GROUP ESC GRENOBLE GRAD SCH OF BUS.     ,FC,00000-0000,Private      ,0,11,11,1,29,30
03597300,JAGIELLONIAN UNIVERSITY                 ,FC,00000-0000,Public       ,0,10,10,2,33,35
03601300,UNIVERSITAT JAUME I DE CASTELLO/UJI     ,FC,00000-0000,Public       ,0,2,2,0,7,7
03603300,LEEDS COLLEGE OF MUSIC                  ,FC,00000-0000,Public       ,0,0,0,1,1,2
03619300,UNIVERSITY OF GREENWICH                 ,FC,00000-0000,Public       ,4,3,7,17,23,40
03653400,UNIVERSIDAD DE IBEROAMERICA - UNIBE     ,FC,00000-0000,Private      ,0,4,4,1,21,22
03674300,UNIVERSITY OF ABERTAY DUNDEE            ,FC,00000-0000,Public       ,0,2,2,2,7,9
03684400,UNIVERSITY OF LINCOLN                   ,FC,00000-0000,Public       ,0,1,1,1,7,8
03684500,MEDICAL UNIVERSITY OF GDANSK            ,FC,00000-0000,Public       ,0,3,3,1,15,16
03684600,POMERANIAN MEDICAL UNIVERSITY           ,FC,00000-0000,Public       ,0,0,0,0,1,1
03697300,NATIONAL FILM & TELEVISION SCHOOL       ,FC,00000-0000,Private      ,0,0,0,0,1,1
03716300,"UNIVERSITY OF WALES, NEWPORT            ",FC,00000-0000,Public       ,1,1,2,2,6,8
03721300,WRITTLE COLLEGE                         ,FC,00000-0000,Public       ,0,0,0,1,1,2
03727400,UNIVERSITY OF WAIKATO (THE)             ,FC,00000-0000,Public       ,0,0,0,6,8,14
03770300,NAZARENE THEOLOGICAL COLLEGE            ,FC,00000-0000,Private      ,0,3,3,1,6,7
03816400,AMERICAN GRAD SCH OF INTERNTL REL & DIPL,FC,00000-0000,Private      ,0,7,7,3,50,53
03818300,LEIPZIG GRADUATE SCHOOL OF MANAGEMENT   ,FC,00000-0000,Private      ,0,3,3,0,7,7
03824300,"ROYAL VETERINARY COLLEGE (THE), UNIVERSI",FC,00000-0000,Public       ,0,13,13,1,98,99
03850500,MEDICAL UNIVERSITY OF LODZ              ,FC,00000-0000,Public       ,2,33,35,5,64,69
03859400,UNIVERSITY COLLEGE FALMOUTH             ,FC,00000-0000,Public       ,1,4,5,6,10,16
03897400,INTERNATIONAL SPACE UNIVERSITY          ,FC,00000-0000,Private      ,0,1,1,0,5,5
03926400,NATIONAL COLLEGE OF ART AND DESIGN      ,FC,00000-0000,Public       ,1,3,4,5,5,10
03941301,AVE MARIA UNIVERSITY - LATIN AMERICA    ,FC,00000-0000,Private      ,34,17,51,150,43,193
03978300,SPURGEON'S COLLEGE                      ,FC,00000-0000,Private      ,0,1,1,0,1,1
04021400,"AMERICAN COLLEGE, DUBLIN LIMITED (THE)  ",FC,00000-0000,Private      ,1,4,5,3,8,11
04021500,CENTRAL EUROPEAN UNIVERSITY             ,FC,00000-0000,Private      ,0,7,7,0,17,17
04070300,"RAPHAEL RECANATI INTERNATIONAL SCHOOL, T",FC,00000-0000,Private      ,19,6,25,47,21,68
04085400,NEW ZEALAND COLLEGE OF CHIROPRACTIC     ,FC,00000-0000,Private      ,0,0,0,0,5,5
04116300,EDHEC BUSINESS SCHOOL                   ,FC,00000-0000,Private      ,0,1,1,0,1,1
00380600,ALDERSON-BROADDUS COLLEGE               ,WV,26416-1051,Private      ,20,29,49,798,327,1125
00380700,MOUNTAIN STATE UNIVERSITY               ,WV,25801-5624,Private      ,181,1687,1868,1101,4780,5881
00380800,BETHANY COLLEGE                         ,WV,26032-0417,Private      ,83,11,94,1325,61,1386
00380900,BLUEFIELD STATE COLLEGE                 ,WV,24701-2198,Public       ,172,326,498,1222,1329,2551
00381000,CONCORD UNIVERSITY                      ,WV,24712-0000,Public       ,151,174,325,2850,870,3720
00381100,DAVIS & ELKINS COLLEGE                  ,WV,26241-3996,Private      ,32,30,62,565,244,809
00381200,FAIRMONT STATE UNIVERSITY               ,WV,26554-2470,Public       ,332,552,884,4543,2854,7397
00381300,GLENVILLE STATE COLLEGE                 ,WV,26351-1292,Public       ,96,90,186,1283,405,1688
00381500,MARSHALL UNIVERSITY                     ,WV,25755-3300,Public       ,723,1246,1969,7880,5451,13331
00381600,SOUTHERN WV COMMUNITY COLLEGE           ,WV,25637-2900,Public       ,210,326,536,1094,1012,2106
00381800,UNIVERSITY OF CHARLESTON                ,WV,25304-1099,Private      ,50,78,128,1534,662,2196
00381900,OHIO VALLEY COLLEGE                     ,WV,26105-8000,Private      ,73,57,130,438,163,601
00382000,SALEM INTERNATIONAL UNIVERSITY          ,WV,26426-0500,Proprietary  ,56,166,222,241,346,587
00382200,SHEPHERD UNIVERSITY                     ,WV,25443-3210,Public       ,278,214,492,3052,1034,4086
00382300,WEST LIBERTY STATE COLLEGE              ,WV,26074-0295,Public       ,210,100,310,2481,589,3070
00382600,WEST VIRGINIA STATE UNIVERSITY          ,WV,25112-0000,Public       ,313,439,752,2350,2206,4556
00382700,WEST VIRGINIA UNIVERSITY                ,WV,26506-6201,Public       ,870,930,1800,22295,7453,29748
00382711,WEST VIRGINIA UNIVERSITY - POTOMAC STATE,WV,26726-3000,Public       ,123,74,197,1434,305,1739
00382721,WEST VIRGINIA UNIV INST OF TECH         ,WV,25136-2436,Public       ,100,81,181,1263,428,1691
00382800,WEST VIRGINIA UNIV AT PARKERSBURG       ,WV,26101-9577,Public       ,196,509,705,1368,1898,3266
00383000,WEST VIRGINIA WESLEYAN COLLEGE          ,WV,26201-2600,Private      ,87,21,108,1680,149,1829
00383100,WHEELING JESUIT UNIVERSITY              ,WV,26003-6243,Private      ,71,144,215,1136,523,1659
00500700,WEST VIRGINIA JUNIOR COLLEGE            ,WV,26505-5596,Proprietary  ,20,45,65,109,158,267
00500800,MOUNTAIN STATE COLLEGE                  ,WV,26101-3993,Proprietary  ,8,66,74,31,168,199
00754400,APPALACHIAN BIBLE COLLEGE               ,WV,25818-1353,Private      ,30,12,42,230,65,295
00757800,HUNTINGTON SCHOOL OF BEAUTY CULTURE     ,WV,25705-2030,Proprietary  ,18,58,76,27,81,108
00760000,INTERNATIONAL BEAUTY SCHOOL             ,WV,25401-3231,Proprietary  ,14,31,45,21,38,59
00835500,JAMES RUMSEY TECHNICAL INSTITUTE        ,WV,25403-0259,Public       ,9,32,41,51,120,171
00895900,CLARKSBURG BEAUTY ACADEMY               ,WV,26301-2903,Proprietary  ,20,41,61,42,58,100
00904700,HUNTINGTON JUNIOR COLLEGE               ,WV,25701-2004,Proprietary  ,54,292,346,162,955,1117
00905400,WEST VIRGINIA NORTHERN CMTY COLLEGE     ,WV,26003-0000,Public       ,184,513,697,855,1605,2460
01014000,MINERAL COUNTY VOCATIONAL TECH CTR      ,WV,26726-0000,Public       ,1,12,13,9,30,39
01035600,EVEREST INSTITUTE                       ,WV,25313-1304,Proprietary  ,50,155,205,118,393,511
01057300,WEST VIRGINIA JUNIOR COLLEGE            ,WV,25322-0000,Proprietary  ,28,77,105,134,251,385
01057302,WEST VIRGINIA JUNIOR COLLEGE            ,WV,26330-0000,Proprietary  ,19,51,70,110,201,311
01086100,WEST VIRGINIA BUSINESS COLLEGE          ,WV,26301-0000,Proprietary  ,6,46,52,23,116,139
01124500,WEST VIRGINIA SCH OSTEOPATHIC MED       ,WV,24901-1128,Public       ,0,19,19,9,768,777
01174900,WOOD COUNTY SCH OF PRAC NURSING         ,WV,26101-6424,Public       ,1,4,5,12,37,49
01235900,B M SPURR SCHOOL OF PRAC NURSING        ,WV,26038-1660,Private      ,1,0,1,9,16,25
01257300,WEST VIRGINIA UNIV-HOSP-RAD TECH        ,WV,26506-8062,Private      ,2,4,6,62,34,96
01274300,BENJAMIN FRANKLIN CAREER&TECH           ,WV,25064-0000,Public       ,12,27,39,53,95,148
01290400,MONONGALIA CNTY TECH ED CTR             ,WV,26501-6841,Public       ,3,19,22,36,72,108
01290500,ACADEMY OF CAREERS AND TECHNOLOGY       ,WV,25801-0000,Public       ,23,62,85,63,164,227
02057400,ROANE-JACKSON TECHNICAL CENTER          ,WV,25252-0000,Public       ,0,12,12,13,49,62
02068000,UNITED TECHNICAL CENTER                 ,WV,26301-0000,Public       ,2,17,19,34,87,121
02070100,BECKLEY BEAUTY ACADEMY                  ,WV,25801-0000,Proprietary  ,7,14,21,33,44,77
02073400,CARVER CAREER TECH ED CTR               ,WV,25306-6397,Public       ,27,57,84,100,168,268
02145100,SCOTT COLLEGE OF COSMETOLOGY            ,WV,26003-0000,Proprietary  ,14,18,32,31,28,59
02178200,CHARLESTON SCHOOL OF BEAUTY CULTURE     ,WV,25301-0000,Proprietary  ,10,40,50,21,54,75
02218200,GARNET CAREER CENTER                    ,WV,25301-0000,Public       ,12,82,94,61,193,254
02275300,CABELL COUNTY CAREER TECHNOLOGY CTR     ,WV,25705-0000,Public       ,10,25,35,37,92,129
02524500,RALPH R WILLIS VOCATIONAL CENTER        ,WV,25601-0000,Public       ,1,5,6,11,25,36
02534800,FRED W EBERLE TECHNICAL CENTER          ,WV,26201-0000,Public       ,11,19,30,34,52,86
02535500,MERCER COUNTY TECH EDUC CNTR            ,WV,24740-0000,Public       ,14,42,56,42,100,142
02579900,NORTH CENTRAL OPPORTUNITIES IND CTR     ,WV,26554-2936,Private      ,13,20,33,24,41,65
02609400,VALLEY COLLEGE                          ,WV,25404-5711,Proprietary  ,5,39,44,14,106,120
03052000,MEREDITH MANOR EQUESTRIAN CENTRE        ,WV,26184-9707,Proprietary  ,23,19,42,106,53,159
03076500,FAYETTE INSTITUTE OF TECHNOLOGY         ,WV,25901-2174,Public       ,0,6,6,13,30,43
03084200,VALLEY COLLEGE                          ,WV,24740-3141,Proprietary  ,5,13,18,8,41,49
03084400,VALLEY COLLEGE                          ,WV,25801-2643,Proprietary  ,3,20,23,16,61,77
03098300,PUTNAM CAREER & TECHNICAL CENTER        ,WV,25070-0000,Public       ,6,7,13,22,45,67
03099200,"MOUNTAINEER BEAUTY COLLEGE, INC         ",WV,25177-2917,Proprietary  ,7,20,27,12,39,51
03102100,MORGANTOWN BEAUTY COLLEGE               ,WV,26505-5430,Proprietary  ,6,18,24,44,56,100
03123200,STANLEY TECHNICAL INSTITUTE             ,WV,26505-3751,Private      ,4,16,20,9,40,49
03327500,SOUTH BRANCH VOCATIONAL TECH CENTER     ,WV,26847-1698,Public       ,4,15,19,6,15,21
03734300,JOHN D. ROCKEFELLER IV CAREER CENTER    ,WV,26047-9424,Public       ,2,7,9,4,12,16
03819300,AMERICAN PUBLIC UNIVERSITY SYSTEM       ,WV,25414-1621,Proprietary  ,54,1916,1970,137,5454,5591
03957300,BLUE RIDGE COMMUNITY AND TECHNICAL COLLE,WV,25401-3244,Public       ,124,195,319,397,687,1084
03960300,NEW RIVER COMMUNITY AND TECHNICAL COLLEG,WV,25801-2636,Public       ,141,300,441,751,1272,2023
04028300,MOUNTAIN STATE SCHOOL OF MASSAGE        ,WV,25304-2025,Proprietary  ,4,16,20,16,32,48
04038500,PIERPONT COMMUNITY & TECHNICAL COLLEGE  ,WV,26554-2451,Public       ,41,88,129,476,415,891
04038600,WEST VIRGINIA STATE COMMUNITY AND TECHNI,WV,25112-1000,Public       ,81,188,269,444,826,1270
04041400,MARSHALL COMMUNITY AND TECHNICAL COLLEGE,WV,25755-3300,Public       ,133,259,392,657,780,1437
04047300,COMM AND TECH COLLEGE AT WVU TECH       ,WV,25136-2437,Public       ,43,42,85,280,189,469
00106100,ALASKA PACIFIC UNIVERSITY               ,AK,99508-4672,Private      ,55,108,163,602,485,1087
00106300,UNIVERSITY OF ALASKA FAIRBANKS          ,AK,99775-7500,Public       ,434,687,1121,2076,2290,4366
00106500,UNIVERSITY OF ALASKA SOUTHEAST          ,AK,99801-8680,Public       ,76,234,310,440,782,1222
00884300,ALASKA BIBLE COLLEGE                    ,AK,99588-0000,Private      ,2,5,7,15,12,27
01146200,UNIVERSITY OF ALASKA  ANCHORAGE         ,AK,99514-1608,Public       ,938,1276,2214,4181,5242,9423
02541000,CAREER ACADEMY                          ,AK,99507-0000,Proprietary  ,31,127,158,60,298,358
02576900,CHARTER COLLEGE                         ,AK,99508-0000,Proprietary  ,57,260,317,140,896,1036
03160300,ALASKA VOCATIONAL TECHNICAL CENTER      ,AK,99664-0889,Public       ,36,47,83,132,171,303
03461300,ILISAGVIK COLLEGE                       ,AK,99723-0749,Public       ,5,22,27,8,31,39
00108500,UNIV ARKANSAS MONTICELLO                ,AR,71656-0000,Public       ,439,579,1018,1745,1630,3375
00108501,GREAT RIVERS TECHNICAL INSTITUTE        ,AR,71654-0000,Public       ,0,0,0,2,9,11
00108502,FOREST ECHOES TECHNICAL INSTITUTE       ,AR,71635-0000,Public       ,0,0,0,5,8,13
00108600,UNIV OF ARKANSAS AT PINE BLUFF          ,AR,71601-2790,Public       ,696,549,1245,3481,1610,5091
00108700,ARKANSAS BAPTIST COLLEGE                ,AR,72202-6099,Private      ,221,258,479,532,569,1101
00108800,LYON COLLEGE                            ,AR,72501-3699,Private      ,62,22,84,630,84,714
00108900,ARKANSAS TECH UNIVERSITY                ,AR,72801-2222,Public       ,745,710,1455,4142,2783,6925
00109000,ARKANSAS STATE UNIVERSITY               ,AR,72467-0000,Public       ,1431,2255,3686,6516,6811,13327
00109006,DELTA TECHNICAL INSTITUTE               ,AR,72365-9558,Public       ,5,19,24,35,66,101
00109100,ARKANSAS STATE UNIVERSITY - BEEBE       ,AR,72012-1000,Public       ,320,623,943,1378,2131,3509
00109200,UNIVERSITY OF CENTRAL ARKANSAS          ,AR,72035-0001,Public       ,1328,934,2262,7122,3723,10845
00109300,CENTRAL BAPTIST COLLEGE                 ,AR,72034-6470,Private      ,89,85,174,357,246,603
00109400,UNIVERSITY OF THE OZARKS                ,AR,72830-2880,Private      ,78,30,108,594,102,696
00109500,CROWLEYS RIDGE COLLEGE                  ,AR,72450-9775,Private      ,41,17,58,124,46,170
00109700,HARDING UNIVERSITY                      ,AR,72149-0001,Private      ,609,482,1091,3083,1329,4412
00109800,HENDERSON STATE UNIVERSITY              ,AR,71999-0001,Public       ,564,503,1067,2774,1418,4192
00109900,HENDRIX COLLEGE                         ,AR,72032-3080,Private      ,52,7,59,1846,70,1916
00110000,JOHN BROWN UNIVERSITY                   ,AR,72761-2747,Private      ,85,257,342,1191,911,2102
00110100,UNIV ARKANSAS LITTLE ROCK               ,AR,72204-1099,Public       ,909,2162,3071,3772,7999,11771
00110200,OUACHITA BAPTIST UNIVERSITY             ,AR,71998-0001,Private      ,174,32,206,1368,132,1500
00110300,PHILANDER SMITH COLLEGE                 ,AR,72202-3718,Private      ,109,161,270,651,489,1140
00110400,PHILLIPS COUNTY COMMUNITY COLLEGE       ,AR,72342-0000,Public       ,159,426,585,383,851,1234
00110401,RICE BELT TECH INST                     ,AR,72042-0000,Public       ,2,3,5,5,5,10
00110600,WILLIAMS BAPTIST COLLEGE                ,AR,72476-4661,Private      ,47,28,75,492,144,636
00110700,SOUTHERN ARKANSAS UNIVERSITY            ,AR,71754-0000,Public       ,403,423,826,1921,1391,3312
00110800,UNIV ARKANSAS FAYETTEVILLE              ,AR,72701-0000,Public       ,1657,1370,3027,8873,4814,13687
00110900,UNIV OF ARKANSAS FOR MEDCL SCIENCES     ,AR,72205-7102,Public       ,48,263,311,395,1594,1989
00110901,UNIV OF ARKANSAS COLG OF MEDICINE       ,AR,72205-0000,Public       ,6,41,47,40,606,646
00111000,UNIVERSITY OF ARKANSAS-FORT SMITH       ,AR,72904-7397,Public       ,621,950,1571,2961,3234,6195
00524500,U OF A COMM COLLEGE AT MORRILTON        ,AR,72110-9601,Public       ,207,388,595,854,1223,2077
00570700,SEARK COLLEGE                           ,AR,71603-0000,Public       ,204,624,828,578,1664,2242
00573200,UNIV AR COMMUNITY COLLEGE AT HOPE       ,AR,71801-0000,Public       ,136,360,496,376,796,1172
00704400,CROWLEYS RIDGE TECHNICAL INSTITUTE      ,AR,72336-0000,Public       ,52,87,139,81,229,310
00773800,SOUTHERN ARKANSAS UNIVERSITY TECH       ,AR,71701-1900,Public       ,88,189,277,343,527,870
00792100,FAYETTEVILLE BEAUTY COLLEGE             ,AR,72701-0000,Proprietary  ,12,30,42,33,61,94
00997600,OUACHITA TECHNICAL COLLEGE              ,AR,72104-0816,Public       ,108,266,374,282,691,973
01074100,MELLIE'S BEAUTY COLLEGE                 ,AR,72901-3886,Proprietary  ,17,51,68,40,101,141
01210500,NATIONAL PARK COMMUNITY COLLEGE         ,AR,71913-9174,Public       ,252,664,916,785,1688,2473
01226000,EAST ARKANSAS COMMUNITY COLLEGE         ,AR,72335-2204,Public       ,223,362,585,443,682,1125
01226100,NORTH ARKANSAS COLLEGE                  ,AR,72601-5508,Public       ,158,325,483,773,1290,2063
01286000,ARKANSAS NORTHEASTERN COLLEGE           ,AR,72316-1109,Public       ,165,532,697,597,1164,1761
02052200,BLACK RIVER TECHNICAL COLLEGE           ,AR,72455-0000,Public       ,225,539,764,575,1236,1811
02073500,UNIV OF AR CMNTY CLG-BATESVILLE         ,AR,72503-0000,Public       ,132,449,581,382,1000,1382
02073700,NORTHWEST TECHNICAL INSTITUTE           ,AR,72765-0000,Public       ,32,88,120,105,234,339
02074600,SOUTH ARKANSAS COMMUNITY COLLEGE        ,AR,71731-0000,Public       ,142,376,518,397,1047,1444
02075300,PULASKI TECHNICAL COLLEGE               ,AR,72118-0000,Public       ,780,2669,3449,2184,8039,10223
02087000,OZARKA COLLEGE                          ,AR,72556-0000,Public       ,98,346,444,262,796,1058
02111100,RICH MOUNTAIN COMMUNITY COLLEGE         ,AR,71953-0000,Public       ,86,210,296,331,447,778
02202400,PROFESSIONAL COSMETOLOGY EDUC CTR       ,AR,71730-5828,Proprietary  ,9,22,31,17,40,57
02220900,COSSATOT COMMUNITY COLLEGE              ,AR,71832-0000,Public       ,56,213,269,351,742,1093
02260400,BEE JAY'S HAIRSTYLING ACADEMY           ,AR,72212-0000,Proprietary  ,5,12,17,12,34,46
02260401,BEE JAY'S HAIRSTYLING ACADEMY - BATESVIL,AR,72501-6709,Proprietary  ,1,2,3,1,5,6
02272400,EASTERN COLLEGE OF HEALTH VOCATIONS     ,AR,72209-0000,Proprietary  ,44,202,246,99,475,574
02284200,NEW TYLER BARBER COLLEGE INC            ,AR,72114-0000,Proprietary  ,7,31,38,13,47,60
02287400,MARSHA KAY BEAUTY COLLEGE               ,AR,72653-0000,Proprietary  ,2,4,6,6,20,26
02321701,ITT TECHNICAL INSTITUTE                 ,AR,72204-9925,Proprietary  ,113,283,396,240,548,788
02330800,JEFFERSON SCHOOL OF NURSING             ,AR,71603-0000,Private      ,2,13,15,28,80,108
02339800,SOUTHERN INSTITUTE OF COSMETOLOGY       ,AR,72301-0000,Proprietary  ,5,18,23,8,22,30
02341700,CAREER ACADEMY OF HAIR DESIGN           ,AR,72764-4304,Proprietary  ,21,67,88,59,117,176
02348200,MID-SOUTH COMMUNITY COLLEGE             ,AR,72301-0000,Public       ,192,520,712,521,1193,1714
02363500,ARTHUR'S BEAUTY COLLEGE                 ,AR,72901-0000,Proprietary  ,7,25,32,18,62,80
02525800,LEE'S SCHOOL OF COSMETOLOGY             ,AR,72114-0000,Proprietary  ,9,19,28,23,45,68
02538500,ARTHUR'S BEAUTY COLLEGE                 ,AR,72076-0000,Proprietary  ,31,71,102,62,153,215
02569600,SEARCY BEAUTY COLLEGE                   ,AR,72143-0000,Proprietary  ,12,24,36,22,40,62
03005100,ARKANSAS BEAUTY SCHOOL                  ,AR,72209-5116,Proprietary  ,11,30,41,25,73,98
03007100,HOT SPRINGS BEAUTY COLLEGE              ,AR,71901-5432,Proprietary  ,8,21,29,29,58,87
03007600,ARKANSAS BEAUTY SCHOOL-CONWAY           ,AR,72032-4354,Proprietary  ,9,16,25,25,42,67
03023400,ARKANSAS COLLEGE OF BARBERING           ,AR,72114-5615,Proprietary  ,28,78,106,29,94,123
03030903,DIESEL DRIVING ACADEMY - LITTLE ROCK    ,AR,72117-9624,Proprietary  ,0,0,0,1,4,5
03063300,NORTHWEST ARKANSAS COMMUNITY COLLEG     ,AR,72712-5190,Public       ,436,845,1281,1606,2955,4561
03065100,ABC BEAUTY COLLEGE                      ,AR,71923-4206,Proprietary  ,10,31,41,19,43,62
03066302,BRYAN COLLEGE -                         ,AR,72756-1825,Proprietary  ,15,40,55,43,162,205
03105200,BAPTIST HEALTH SCHOOLS LITTLE ROCK      ,AR,72210-0000,Private      ,67,185,252,309,1062,1371
03116800,"DELUXE BEAUTY SCHOOL, L.L.C.            ",AR,71603-0000,Proprietary  ,6,10,16,13,20,33
03124900,IMAGINE -  PAUL MITCHELL PARTNER SCHOOL ,AR,72117-2516,Proprietary  ,21,34,55,46,69,115
03127200,ASKINS VO-TECH                          ,AR,72908-8028,Proprietary  ,0,7,7,0,20,20
03212300,BLYTHEVILLE ACADEMY OF COSMETOLOGY      ,AR,72315-3424,Proprietary  ,3,13,16,5,24,29
03214300,VELVATEX COLLEGE OF BEAUTY CULTURE      ,AR,72202-5452,Proprietary  ,4,18,22,6,31,37
03254300,MARGARET'S HAIR ACADEMY                 ,AR,71655-4905,Proprietary  ,9,26,35,14,38,52
03519400,LYNNDALE FUNDAMENTALS OF BEAUTY SCH     ,AR,71730-4804,Proprietary  ,2,15,17,11,35,46
03855300,ECCLESIA COLLEGE                        ,AR,72762-8159,Private      ,20,18,38,63,25,88
03912300,CROSSETT SCHOOL OF COSMETOLOGY          ,AR,71635-0000,Proprietary  ,9,6,15,17,17,34
03997300,ARKANSAS BEAUTY COLLEGE                 ,AR,72801-3741,Proprietary  ,2,20,22,12,33,45
00133900,CORBAN COLLEGE                          ,OR,97301-9392,Private      ,55,88,143,1065,366,1431
00316505,CASCADE COLLEGE                         ,OR,97216-0000,Private      ,71,36,107,327,118,445
00318600,BLUE MOUNTAIN COMMUNITY COLLEGE         ,OR,97801-0000,Public       ,142,300,442,782,1129,1911
00318800,CENTRAL OREGON COMMUNITY COLLEGE        ,OR,97701-5998,Public       ,450,855,1305,1881,2726,4607
00318900,CLATSOP COMMUNITY COLLEGE               ,OR,97103-3698,Public       ,70,130,200,321,436,757
00319100,CONCORDIA UNIVERSITY                    ,OR,97211-6099,Private      ,126,251,377,1074,1245,2319
00319300,EASTERN OREGON UNIVERSITY               ,OR,97850-2899,Public       ,182,423,605,1799,2060,3859
00319400,GEORGE FOX UNIVERSITY                   ,OR,97132-2697,Private      ,140,379,519,2277,1642,3919
00319600,LANE COMMUNITY COLLEGE                  ,OR,97405-0640,Public       ,863,1671,2534,4194,6948,11142
00319700,LEWIS & CLARK COLLEGE                   ,OR,97219-7899,Private      ,45,120,165,4231,3008,7239
00319800,LINFIELD COLLEGE                        ,OR,97128-6894,Private      ,78,79,157,2733,520,3253
00319801,LINFIELD COLLEGE - PORTLAND CAMPUS      ,OR,97210-0000,Private      ,10,34,44,284,604,888
00319900,MARYLHURST UNIVERSITY                   ,OR,97036-7036,Private      ,36,428,464,149,1389,1538
00320300,MOUNT ANGEL SEMINARY                    ,OR,97373-0505,Private      ,5,5,10,12,17,29
00320400,MOUNT HOOD COMMUNITY COLLEGE            ,OR,97030-3300,Public       ,588,1012,1600,2784,3963,6747
00320600,MULTNOMAH BIBLE COLLEGE/SEMINARY        ,OR,97220-5898,Private      ,55,109,164,517,576,1093
00320700,PACIFIC NORTHWEST COLLEGE OF ART        ,OR,97209-3023,Private      ,58,70,128,567,398,965
00320800,NORTHWEST CHRISTIAN UNIVERSITY          ,OR,97401-3727,Private      ,16,73,89,537,469,1006
00320900,WESTERN OREGON UNIVERSITY               ,OR,97361-1394,Public       ,294,306,600,4847,1771,6618
00321000,OREGON STATE UNIVERSITY                 ,OR,97331-8507,Public       ,938,927,1865,15461,6768,22229
00321100,OREGON INSTITUTE OF TECHNOLOGY          ,OR,97601-8801,Public       ,124,236,360,1778,1421,3199
00321200,PACIFIC UNIVERSITY                      ,OR,97116-1797,Private      ,72,198,270,2420,2549,4969
00321300,PORTLAND COMMUNITY COLLEGE              ,OR,97219-7198,Public       ,1747,3928,5675,7063,14635,21698
00321600,PORTLAND STATE UNIVERSITY               ,OR,97207-0000,Public       ,1323,3147,4470,10403,15278,25681
00321700,REED COLLEGE                            ,OR,97202-8199,Private      ,34,27,61,2658,260,2918
00321800,CHEMEKETA COMMUNITY COLLEGE             ,OR,97309-1500,Public       ,726,1685,2411,3274,6521,9795
00321900,SOUTHERN OREGON UNIVERSITY              ,OR,97520-5010,Public       ,288,430,718,4012,2209,6221
00322000,SOUTHWESTERN OREGON COMMUNITY CLG       ,OR,97420-2956,Public       ,177,231,408,1233,1037,2270
00322100,TREASURE VALLEY COMMUNITY COLLEGE       ,OR,97914-3423,Public       ,292,537,829,1120,1526,2646
00322200,UMPQUA COMMUNITY COLLEGE                ,OR,97470-0226,Public       ,187,467,654,915,1757,2672
00322300,UNIVERSITY OF OREGON                    ,OR,97403-1226,Public       ,1087,913,2000,17063,8113,25176
00322400,UNIVERSITY OF PORTLAND                  ,OR,97203-5798,Private      ,148,148,296,6335,1322,7657
00322500,WARNER PACIFIC COLLEGE                  ,OR,97215-4099,Private      ,56,282,338,555,931,1486
00322700,WILLAMETTE UNIVERSITY                   ,OR,97301-3930,Private      ,61,124,185,3413,1402,4815
00487800,CLACKAMAS COMMUNITY COLLEGE             ,OR,97045-7998,Public       ,440,598,1038,2004,2482,4486
00488200,OREGON HEALTH & SCIENCE UNIVERSITY      ,OR,97239-0000,Public       ,37,190,227,358,2810,3168
00488230,OREGON GRAD INST OF SCIENCE & TECH      ,OR,97006-0000,Public       ,1,6,7,8,27,35
00693800,LINN BENTON COMMUNITY COLLEGE           ,OR,97321-3774,Public       ,557,756,1313,2558,2874,5432
00717800,WESTERN SEMINARY                        ,OR,97215-0000,Private      ,3,80,83,5,244,249
00723402,HEALD COLLEGE - PORTLAND                ,OR,97205-3432,Proprietary  ,90,226,316,165,547,712
00781900,ART INSTITUTE OF PORTLAND (THE)         ,OR,97209-2911,Proprietary  ,187,213,400,1496,1272,2768
00888700,CONCORDE CAREER INSTITUTE               ,OR,97232-2242,Proprietary  ,101,237,338,226,723,949
00907900,EVEREST COLLEGE                         ,OR,97204-2296,Proprietary  ,63,190,253,163,682,845
00958100,SPRINGFIELD COLLEGE OF BEAUTY           ,OR,97477-5474,Proprietary  ,13,30,43,51,110,161
01012200,PHAGANS' MEDFORD BEAUTY SCHOOL          ,OR,97504-5297,Proprietary  ,15,41,56,53,94,147
01018200,ROGUE COMMUNITY COLLEGE                 ,OR,97527-0000,Public       ,382,835,1217,1613,3183,4796
01050700,ACADEMY OF HAIR DESIGN                  ,OR,97301-3526,Proprietary  ,11,26,37,36,63,99
01185200,ITT TECHNICAL INSTITUTE                 ,OR,97220-0000,Proprietary  ,191,435,626,475,892,1367
01230900,WESTERN STATES CHIROPRACTIC COLLEGE     ,OR,97230-3099,Private      ,5,43,48,20,461,481
01234700,PHAGANS CENTRAL OREGON BEAUTY CLG       ,OR,97701-5175,Proprietary  ,21,51,72,47,124,171
01234800,PHAGANS BEAUTY COLLEGE                  ,OR,97333-4716,Proprietary  ,18,28,46,53,56,109
01235000,PHAGANS SCHOOL OF HAIR DESIGN           ,OR,97267-4808,Proprietary  ,12,26,38,33,70,103
01235100,PHAGANS SCHOOL OF BEAUTY                ,OR,97301-4732,Proprietary  ,18,39,57,40,81,121
01300800,PHAGANS TIGARD BEAUTY SCHOOL            ,OR,97223-0000,Proprietary  ,3,19,22,20,56,76
02101000,NORTHWEST COLLEGE OF HAIR DESIGN        ,OR,97086-7702,Proprietary  ,31,46,77,72,118,190
02101002,NORTHWEST COLLEGE                       ,OR,97007-3954,Proprietary  ,3,5,8,7,11,18
02104900,COLLEGE OF LEGAL ARTS                   ,OR,97219-9998,Proprietary  ,9,90,99,31,178,209
02106100,COLLEGE OF COSMETOLOGY                  ,OR,97601-0000,Proprietary  ,6,22,28,23,62,85
02154400,BEAU MONDE CLG OF HAIR DESIGN           ,OR,97205-0000,Proprietary  ,22,41,63,70,124,194
02159700,EUGENE BIBLE COLLEGE                    ,OR,97405-0000,Private      ,22,32,54,82,95,177
02201900,PHAGANS' SCHOOL OF HAIR DESIGN          ,OR,97232-0000,Proprietary  ,31,52,83,92,191,283
02239203,ALLIED COLLEGE - ANTHEM COLLEGE         ,OR,97005-0000,Proprietary  ,5,26,31,35,68,103
02330100,PIONEER PACIFIC COLLEGE                 ,OR,97070-0000,Proprietary  ,93,213,306,253,742,995
02330102,PIONEER PACIFIC COLLEGE                 ,OR,97403-0000,Proprietary  ,33,155,188,90,532,622
02337900,COLLEGE OF HAIR DESIGN CAREERS          ,OR,97301-0000,Proprietary  ,26,21,47,55,57,112
02344100,ROSEBURG BEAUTY COLLEGE                 ,OR,97470-0000,Proprietary  ,4,13,17,24,61,85
02534000,NATIONAL COLLEGE OF NATURAL MEDICINE    ,OR,97201-0000,Private      ,1,62,63,9,584,593
02578800,NORTHWEST NANNIES INSTITUTE             ,OR,97035-0000,Proprietary  ,11,6,17,22,14,36
02603700,OREGON COL OF ORIENTAL MEDICINE         ,OR,97216-0000,Private      ,0,43,43,5,329,334
02617506,EVEREST COLLEGE - EVEREST INSTITUTE     ,OR,97223-6581,Proprietary  ,26,77,103,53,156,209
03007300,OREGON COLLEGE OF ART & CRAFT           ,OR,97225-6399,Private      ,13,36,49,96,201,297
03022600,WESTERN CULINARY INSTITUTE              ,OR,97205-2793,Proprietary  ,321,541,862,1469,1548,3017
03042500,APOLLO COLLEGE                          ,OR,97232-1302,Proprietary  ,159,568,727,306,1151,1457
03074400,PHAGANS NEWPORT ACAD CSMTLGY CAREER     ,OR,97365-4963,Proprietary  ,17,22,39,26,36,62
03074500,EAST-WEST COLLEGE OF THE HEALING ARTS   ,OR,97232-2765,Proprietary  ,35,91,126,85,289,374
03185300,PHAGANS GRANTS PASS COLLEGE OF BTY      ,OR,97527-3039,Proprietary  ,20,32,52,38,60,98
03428300,KLAMATH COMMUNITY COLLEGE               ,OR,97603-7121,Public       ,104,280,384,320,802,1122
03642300,VALLEY MEDICAL COLLEGE                  ,OR,97305-1373,Proprietary  ,12,46,58,28,135,163
03668300,BIRTHINGWAY COLLEGE OF MIDWIFERY        ,OR,97266-4042,Private      ,5,31,36,13,95,108
03783400,ABDILL CAREER COLLEGE                   ,OR,97504-7137,Proprietary  ,7,34,41,21,110,131
00137400,ALBERTUS MAGNUS COLLEGE                 ,CT,06511-1189,Private      ,50,294,344,779,877,1656
00137403,ALBERTUS MAGNUS CLG-NEW DIMENSIONS      ,CT,06511-0000,Private      ,7,210,217,44,619,663
00137800,CENTRAL CONNECTICUT STATE UNIV          ,CT,06050-2490,Public       ,600,550,1150,8265,3222,11487
00137900,CONNECTICUT COLLEGE                     ,CT,06320-4196,Private      ,23,10,33,2540,61,2601
00138000,WESTERN CONNECTICUT STATE UNIV          ,CT,06810-6826,Public       ,321,221,542,4799,1162,5961
00138500,FAIRFIELD UNIVERSITY                    ,CT,06430-0000,Private      ,80,178,258,6134,656,6790
00138700,HARTFORD SEMINARY                       ,CT,06105-0000,Private      ,0,6,6,9,22,31
00138900,HOLY APOSTLES COLLEGE & SEMINARY        ,CT,06416-2005,Private      ,4,16,20,8,44,52
00139200,MANCHESTER COMMUNITY COLLEGE            ,CT,06045-1046,Public       ,630,612,1242,2409,2016,4425
00139300,MITCHELL COLLEGE                        ,CT,06320-4498,Private      ,85,46,131,972,170,1142
00139700,UNIVERSITY OF NEW HAVEN                 ,CT,06516-1999,Private      ,140,349,489,5263,1411,6674
00139800,NORTHWESTERN CT COMMUNITY COLLEGE       ,CT,06098-1747,Public       ,133,114,247,419,381,800
00139900,NORWALK COMMUNITY TECHNICAL COLLEGE     ,CT,06854-1655,Public       ,545,530,1075,1350,1493,2843
00140100,POST UNIVERSITY                         ,CT,06723-3240,Proprietary  ,167,330,497,973,899,1872
00140200,QUINNIPIAC UNIVERSITY                   ,CT,06518-1908,Private      ,129,189,318,12046,1241,13287
00140201,QUINNIPIAC UNIVERSITY SCHOOL OF LAW     ,CT,06518-0000,Private      ,2,52,54,123,1079,1202
00140300,SACRED HEART UNIVERSITY                 ,CT,06825-1000,Private      ,226,290,516,6747,1177,7924
00140600,SOUTHERN CONNECTICUT STATE UNIV         ,CT,06515-1355,Public       ,424,610,1034,8471,3996,12467
00140900,SAINT JOSEPH COLLEGE                    ,CT,06117-2791,Private      ,50,193,243,1124,842,1966
00141400,TRINITY COLLEGE                         ,CT,06106-3100,Private      ,87,42,129,2741,212,2953
00141600,UNIVERSITY OF BRIDGEPORT                ,CT,06601-5650,Private      ,223,521,744,2058,2010,4068
00141700,UNIVERSITY OF CONNECTICUT-STORRS        ,CT,06269-2151,Public       ,772,606,1378,23385,4601,27986
00141702,UNIV CONN STAMFORD                      ,CT,06901-0000,Public       ,35,50,85,390,202,592
00141703,UNIV OF CONNECTICUT - TORINGTON         ,CT,06790-0000,Public       ,11,16,27,157,59,216
00141706,UNIV OF CONNECTICUT SCH LAW             ,CT,06105-0000,Public       ,1,30,31,27,1137,1164
00141707,UNIV OF CT - SCH OF SOCIAL WORK         ,CT,06117-0000,Public       ,3,33,36,65,459,524
00141708,UNIVERSITY OF CONNECTICUT - SCHOOL OF ME,CT,06030-1920,Public       ,1,18,19,11,474,485
00141709,UNIVERSITY OF CONNECTICUT - SCHOOL OF DE,CT,06030-1920,Public       ,0,10,10,5,182,187
00142200,UNIVERSITY OF HARTFORD                  ,CT,06117-1599,Private      ,295,226,521,9249,1396,10645
00142400,WESLEYAN UNIVERSITY                     ,CT,06459-3208,Private      ,70,22,92,4339,136,4475
00142500,EASTERN CONNECTICUT STATE UNIV          ,CT,06226-2295,Public       ,255,158,413,4799,1027,5826
00142600,YALE UNIVERSITY                         ,CT,06520-8288,Private      ,232,192,424,13486,6238,19724
00142601,YALE UNIV PHYSICIANS ASSOC PROG         ,CT,06510-0000,Private      ,0,2,2,3,86,89
00142602,YALE UNIV EPIDEMIOLOGY & PUB HLTH       ,CT,06510-0000,Private      ,0,4,4,6,273,279
00142603,YALE UNIV SCHOOL MEDICINE               ,CT,06510-0000,Private      ,2,14,16,31,799,830
00280301,RENSSELAER POLYTECHNIC INSTITUTE-RENSSEL,CT,06120-2991,Private      ,0,29,29,13,68,81
00451300,HOUSATONIC COMMUNITY COLLEGE            ,CT,06604-4704,Public       ,503,835,1338,1712,2548,4260
00618100,BRIDGEPORT HOSP SCHL OF NURSING         ,CT,06610-2896,Private      ,9,42,51,71,234,305
00619100,ST. VINCENT'S COLLEGE                   ,CT,06606-9966,Private      ,23,80,103,197,416,613
00698200,NAUGATUCK VALLEY COMM-TECH COLG         ,CT,06708-3089,Public       ,575,610,1185,1910,1893,3803
00730000,ELI WHITNEY TECHNICAL HIGH SCHOOL       ,CT,06514-0000,Public       ,3,32,35,18,72,90
00730300,LINCOLN TECHNICAL INSTITUTE             ,CT,06051-0000,Proprietary  ,294,675,969,749,1307,2056
00730500,PORTER AND CHESTER INSTITUTE OF BRANFORD,CT,06405-4022,Proprietary  ,53,52,105,179,190,369
00731100,WINDHAM TECHNICAL HIGH SCHOOL           ,CT,06226-2100,Public       ,7,12,19,10,32,42
00745900,PAIER COLLEGE OF ART                    ,CT,06514-3902,Proprietary  ,26,6,32,150,44,194
00763500,CAPITAL COMMUNITY COLLEGE               ,CT,06103-1207,Public       ,379,834,1213,1319,2842,4161
00803700,GATEWAY COMMUNITY-TECHNICAL COLLEGE     ,CT,06511-0000,Public       ,637,957,1594,2013,2762,4775
00803800,MIDDLESEX COMMUNITY CLG                 ,CT,06457-4889,Public       ,205,264,469,790,880,1670
00887200,RENASCI ACADEMY OF HAIR                 ,CT,06460-4160,Proprietary  ,7,1,8,10,17,27
00887300,PAUL MITCHELL THE SCHOOL                ,CT,06810-6716,Proprietary  ,32,26,58,61,48,109
00887400,BRIO ACADEMY OF COSMETOLOGY             ,CT,06450-4836,Proprietary  ,69,123,192,100,185,285
00887403,BRIO ACADEMY OF COSMETOLOGY - WILLIMANTI,CT,06226-1940,Proprietary  ,2,1,3,8,5,13
00906500,THE HARTFORD CONSERVATORY               ,CT,06105-2891,Private      ,12,1,13,47,17,64
00927700,E C GOODWIN TECHNICAL HIGH SCHOOL       ,CT,06053-0000,Public       ,5,12,17,15,36,51
00929100,J M WRIGHT TECHNICAL HIGH SCHOOL        ,CT,06904-0000,Public       ,7,6,13,10,17,27
00940700,BRIARWOOD COLLEGE                       ,CT,06489-1057,Proprietary  ,116,121,237,539,360,899
00976400,TUNXIS COMMUNITY COLLEGE                ,CT,06032-3187,Public       ,324,402,726,1127,1274,2401
00976500,THREE RIVERS COMMUNITY TECH COLLEGE     ,CT,06360-0000,Public       ,344,490,834,1082,1526,2608
00982200,ALBERT I PRINCE TECHNICAL HIGH SCHOOL   ,CT,06106-3799,Public       ,12,24,36,14,48,62
01041700,BRIO ACADEMY OF EAST HARTFORD           ,CT,06108-2220,Proprietary  ,27,64,91,51,100,151
01053000,QUINEBAUG VALLEY COMMUNITY COLLEGE      ,CT,06239-1440,Public       ,183,259,442,584,847,1431
01077900,PORTER AND CHESTER INSTITUTE-ALLCAMPUSES,CT,06615-7158,Proprietary  ,262,362,624,869,1291,2160
01115000,ASNUNTUCK COMMUNITY COLLEGE             ,CT,06082-3800,Public       ,125,165,290,367,433,800
01149600,BULLARD HAVENS VOC TECH SCHOOL          ,CT,06610-3499,Public       ,3,26,29,8,64,72
01169700,VINAL REGIONAL VOC TECH SCHOOL          ,CT,06457-4918,Public       ,4,16,20,14,37,51
01184300,NORWICH TECHNICAL HIGH SCHOOL           ,CT,06360-7097,Public       ,2,8,10,8,33,41
01218500,H C WILCOX TECHNICAL HIGH SCHOOL        ,CT,06450-0000,Public       ,1,5,6,6,10,16
01242500,STONE ACADEMY                           ,CT,06514-4125,Proprietary  ,92,403,495,186,890,1076
01242503,STONE ACADEMY -WATERBURY                ,CT,06705-3823,Proprietary  ,2,7,9,10,20,30
01287700,GIBBS COLLEGE                           ,CT,06855-1436,Proprietary  ,28,47,75,190,280,470
01291300,LEON INSTITUTE OF HAIR DESIGN           ,CT,06604-4226,Proprietary  ,4,15,19,11,38,49
01326400,HENRY ABBOTT TECHNICAL HIGH SCHOOL      ,CT,06811-4881,Public       ,3,12,15,6,28,34
02058900,HARVARD H ELLIS TECHNICAL HIGH SCHOOL   ,CT,06239-0000,Public       ,1,5,6,13,11,24
02074000,BRANFORD HALL CAREER INSTITUTE          ,CT,06405-0000,Proprietary  ,367,1388,1755,651,2678,3329
02106600,FOX INSTITUTE OF BUSINESS               ,CT,06110-0000,Proprietary  ,38,156,194,60,233,293
02112300,RIDLEY LOWELL BUSINESS & TECH INST      ,CT,06320-0000,Proprietary  ,41,202,243,62,377,439
02112700,NORTH HAVEN ACADEMY                     ,CT,06473-3108,Proprietary  ,40,24,64,98,58,156
02115100,BUTLER BUSINESS SCHOOL                  ,CT,06604-0000,Proprietary  ,24,123,147,47,239,286
02148700,CONNECTICUT INST OF HAIR DESIGN         ,CT,06716-0000,Proprietary  ,12,13,25,29,28,57
02202500,NEW ENGLAND TRACTOR TRAILER SCH         ,CT,06071-2036,Proprietary  ,26,233,259,49,425,474
02213000,ELLA T GRASSO SOUTHEASTERN TECHNICAL HIG,CT,06340-0000,Public       ,0,3,3,3,7,10
02228800,BARAN INSTITUTE OF TECHNOLOGY           ,CT,06088-9631,Proprietary  ,204,118,322,842,394,1236
02244900,GOODWIN COLLEGE                         ,CT,06118-9980,Private      ,150,563,713,454,1789,2243
02245300,HOWELL CHENEY TECHNICAL HIGH SCHOOL     ,CT,06040-0000,Public       ,2,12,14,4,18,22
02265900,WINDHAM COMMUNITY MEM HOSP-RAD TECH     ,CT,06226-0000,Private      ,2,8,10,8,13,21
02296100,YALE-NEW HAVEN HOSP DIETETIC INTERN     ,CT,06510-8900,Private      ,0,0,0,9,4,13
02300000,W F KAYNOR TECHNICAL HIGH SCHOOL        ,CT,06708-0000,Public       ,5,13,18,10,37,47
02316600,CONNECTICUT CTR FOR MASSAGE THERAPY     ,CT,06111-3975,Proprietary  ,17,71,88,43,215,258
02316601,CONNECTICUT CENTER FOR MASSAGE THERAPY -,CT,06880-4619,Proprietary  ,13,33,46,29,113,142
02316603,CONNECTICUT CENTER FOR MASSAGE THERAPY -,CT,06340-4619,Proprietary  ,13,28,41,32,102,134
02562400,EMMETT O BRIEN REG VOC TECH SCHOOL      ,CT,06401-2500,Public       ,0,0,0,0,1,1
02565000,PLATT TECHNICAL HIGH SCHOOL             ,CT,06460-2105,Public       ,6,6,12,8,16,24
03079400,LYME ACADEMY COLLEGE OF FINE ARTS       ,CT,06371-2333,Private      ,16,13,29,79,33,112
03094800,INDUSTRIAL MANAGEMENT & TRAINING        ,CT,06706-1211,Proprietary  ,23,54,77,37,124,161
03231400,OLIVER WOLCOTT TECHNICAL HIGH SCHOOL    ,CT,06790-3859,Public       ,0,1,1,5,2,7
03234300,CHARTER OAK STATE COLLEGE               ,CT,06053-2150,Public       ,24,253,277,61,738,799
03316300,CONNECTICUT CULINARY INSTITUTE          ,CT,06105-3630,Proprietary  ,90,111,201,424,284,708
03381300,CONNECTICUT TRAINING CENTER             ,CT,06108-2705,Private      ,28,144,172,35,179,214
03927300,ALBERT SCHOOL (THE)                     ,CT,06357-2447,Proprietary  ,28,49,77,41,67,108
04053300,CLEMENS COLLEGE                         ,CT,06078-0000,Proprietary  ,8,4,12,92,11,103
04104300,ACADEMY DI CAPELLI - SCHOOL OF COSMETOLO,CT,06492-0000,Proprietary  ,12,15,27,23,32,55
04128800,BRANFORD ACADEMY OF HAIR & COSMETOLOGY  ,CT,06405-0000,Proprietary  ,9,12,21,13,27,40
00146600,BARRY UNIVERSITY                        ,FL,33161-6695,Private      ,531,1493,2024,3799,6642,10441
00146601,BARRY UNIVERSITY SCHOOL OF LAW          ,FL,32807-0000,Private      ,10,172,182,44,1338,1382
00146700,BETHUNE COOKMAN UNIVERSITY              ,FL,32114-3099,Private      ,815,306,1121,6653,1185,7838
00146800,ST THOMAS UNIVERSITY                    ,FL,33054-0000,Private      ,188,697,885,1098,2359,3457
00146900,FLORIDA INSTITUTE OF TECHNOLOGY         ,FL,32901-6988,Private      ,293,949,1242,3116,2668,5784
00147000,BREVARD COMMUNITY COLLEGE               ,FL,32922-6503,Public       ,1258,1786,3044,3678,5080,8758
00147100,CENTRAL FLORIDA COMMUNITY COLLEGE       ,FL,34478-1388,Public       ,875,1335,2210,3043,4068,7111
00147200,CHIPOLA  COLLEGE                        ,FL,32446-2053,Public       ,221,288,509,765,810,1575
00147300,CLEARWATER CHRISTIAN COLLEGE            ,FL,33759-0000,Private      ,76,21,97,767,83,850
00147500,DAYTONA STATE COLLEGE                   ,FL,32114-2800,Public       ,1656,2548,4204,4913,7704,12617
00147700,EDISON COLLEGE                          ,FL,33906-6210,Public       ,1219,1549,2768,4352,4889,9241
00147800,EDWARD WATERS COLLEGE                   ,FL,32209-6199,Private      ,293,195,488,1222,589,1811
00147900,EMBRY-RIDDLE AERONAUTICAL UNIV          ,FL,32114-3900,Private      ,622,1158,1780,6246,3749,9995
00148000,FLORIDA A & M UNIVERSITY                ,FL,32307-3100,Public       ,1669,1217,2886,13142,6224,19366
00148100,FLORIDA ATLANTIC UNIVERSITY             ,FL,33431-6498,Public       ,1703,2198,3901,12736,9335,22071
00148101,FLORIDA ATLANTIC UNIVERSITY/DAVIE       ,FL,33314-0000,Public       ,104,445,549,745,2055,2800
00148103,FLORIDA ATLANTIC UNIV-JUPITER/PSL       ,FL,33458-0000,Public       ,62,114,176,401,479,880
00148200,FLORIDA COLLEGE                         ,FL,33617-5578,Private      ,83,7,90,405,27,432
00148400,FLORIDA COMMUNITY COLLEGE AT JAX        ,FL,32202-4030,Public       ,2523,4745,7268,7851,13996,21847
00148500,FLORIDA KEYS COMMUNITY COLLEGE          ,FL,33040-4397,Public       ,133,226,359,295,519,814
00148600,FLORIDA MEMORIAL UNIVERSITY             ,FL,33054-6199,Private      ,449,366,815,2133,1168,3301
00148700,ECKERD COLLEGE                          ,FL,33711-4744,Private      ,121,243,364,2424,689,3113
00148800,FLORIDA SOUTHERN COLLEGE                ,FL,33801-5698,Private      ,173,158,331,2047,605,2652
00148900,FLORIDA STATE UNIVERSITY                ,FL,32306-2430,Public       ,3187,2366,5553,26932,13152,40084
00149000,GULF COAST COMMUNITY COLLEGE            ,FL,32401-1058,Public       ,564,926,1490,1557,2590,4147
00149300,INDIAN RIVER STATE COLLEGE              ,FL,34981-5596,Public       ,1333,1890,3223,3733,5278,9011
00149500,JACKSONVILLE UNIVERSITY                 ,FL,32211-3394,Private      ,241,619,860,3182,2320,5502
00149700,JONES COLLEGE                           ,FL,32211-5588,Private      ,48,314,362,83,748,831
00149900,EVEREST UNIVERSITY                      ,FL,32810-5601,Proprietary  ,316,2380,2696,719,6866,7585
00149901,EVEREST UNIVERSITY - ORLANDO SOUTH      ,FL,32819-7666,Proprietary  ,339,1662,2001,652,2969,3621
00149902,EVEREST UNIVERSITY - MELBOURNE          ,FL,32905-6609,Proprietary  ,72,427,499,165,1174,1339
00150000,BROWARD COLLEGE- DOWNTOWN CTR           ,FL,33301-2208,Public       ,1882,2453,4335,4908,7107,12015
00150001,BROWARD COLLEGE - DAVIE CAMPUS          ,FL,33314-0000,Public       ,1326,1213,2539,5472,5125,10597
00150002,BROWARD COLLEGE- NORTH CAMPUS           ,FL,33066-0000,Public       ,489,544,1033,1546,1511,3057
00150003,BROWARD COLLEGE- SOUTH CAMPUS           ,FL,33024-0000,Public       ,580,573,1153,1693,1603,3296
00150100,LAKE CITY COMMUNITY COLLEGE             ,FL,32025-2007,Public       ,196,527,723,767,1656,2423
00150200,LAKE SUMTER COMMUNITY COLLEGE           ,FL,34788-8751,Public       ,380,532,912,1319,1725,3044
00150400,MANATEE COMMUNITY COLLEGE               ,FL,34207-3596,Public       ,1070,1536,2606,3671,5040,8711
00150500,LYNN UNIVERSITY                         ,FL,33431-5598,Private      ,160,140,300,1373,506,1879
00150600,MIAMI DADE COLLEGE ADMINISTRATION ONLY  ,FL,33176-3393,Public       ,162,257,419,556,624,1180
00150601,MIAMI DADE COLLEGE - NORTH CAMPUS       ,FL,33167-3495,Public       ,2605,3182,5787,8176,9470,17646
00150602,MIAMI DADE COLLEGE - KENDALL CAMPUS     ,FL,33176-3393,Public       ,3602,2729,6331,11032,7819,18851
00150603,MIAMI DADE COLLEGE - WOLFSON CAMPUS     ,FL,33132-2297,Public       ,1609,1704,3313,4841,4869,9710
00150604,MIAMI DADE COLLEGE - MEDICAL CAMPUS     ,FL,33127-4693,Public       ,261,867,1128,1091,2757,3848
00150605,MIAMI DADE COLLEGE - HOMESTEAD CAMPUS   ,FL,33030-6009,Public       ,489,612,1101,1213,1558,2771
00150606,MIAMI DADE COLLEGE -INTERAMERICAN CAMPUS,FL,33135-0000,Public       ,826,1238,2064,2336,3871,6207
00150607,MIAMI DADE COLLEGE - HIALEAH CAMPUS     ,FL,33012-2918,Public       ,492,576,1068,1477,1672,3149
00150800,NORTH FLORIDA COMMUNITY COLLEGE         ,FL,32340-1699,Public       ,142,215,357,420,592,1012
00150900,NOVA SOUTHEASTERN UNIVERSITY            ,FL,33314-7796,Private      ,648,6585,7233,4004,25919,29923
00151000,NORTHWEST FLORIDA STATE COLLEGE         ,FL,32578-1295,Public       ,424,1021,1445,1400,2818,4218
00151200,PALM BEACH COMMUNITY COLLEGE            ,FL,33461-4796,Public       ,2672,3039,5711,7497,7938,15435
00151300,PENSACOLA JR COLLEGE                    ,FL,32504-8998,Public       ,1109,1753,2862,3203,4984,8187
00151400,POLK COMMUNITY COLLEGE                  ,FL,33881-4299,Public       ,695,1107,1802,2407,3410,5817
00151500,ROLLINS COLLEGE                         ,FL,32789-4499,Private      ,141,290,431,2130,1061,3191
00151900,SANTA FE COLLEGE                        ,FL,32606-6200,Public       ,1488,1482,2970,6397,4693,11090
00152000,SEMINOLE COMMUNITY COLLEGE              ,FL,32773-6199,Public       ,1730,2502,4232,4481,6462,10943
00152100,SOUTHEASTERN UNIVERSITY                 ,FL,33801-6099,Private      ,303,310,613,2562,1149,3711
00152200,SOUTH FLORIDA COMMUNITY COLLEGE         ,FL,33825-9399,Public       ,276,452,728,964,1291,2255
00152300,ST JOHNS RIVER COMMUNITY COLLEGE        ,FL,32177-3897,Public       ,598,820,1418,1544,2362,3906
00152600,SAINT LEO UNIVERSITY                    ,FL,33574-6665,Private      ,414,2365,2779,2699,8655,11354
00152800,ST. PETERSBURG COLLEGE                  ,FL,33760-3768,Public       ,1912,3760,5672,5619,11778,17397
00153100,STETSON UNIVERSITY                      ,FL,32723-3761,Private      ,226,152,378,2561,594,3155
00153101,STETSON UNIVERSITY - COLLEGE OF LAW     ,FL,33707-3299,Private      ,6,116,122,40,1744,1784
00153300,TALLAHASSEE COMMUNITY COLLEGE           ,FL,32304-2895,Public       ,1852,1877,3729,6829,5742,12571
00153400,EVEREST UNIVERSITY                      ,FL,33614-5801,Proprietary  ,216,1946,2162,663,7675,8338
00153408,EVEREST UNIVERSITY - TAMPA BRANDON CAMPU,FL,33619-1354,Proprietary  ,225,1375,1600,329,2371,2700
00153409,EVEREST UNIVERSITY - ORANGE PARK        ,FL,32073-1111,Proprietary  ,112,446,558,260,1347,1607
00153500,UNIVERSITY OF FLORIDA                   ,FL,32611-3150,Public       ,2329,2402,4731,27559,15080,42639
00153600,UNIVERSITY OF MIAMI                     ,FL,33146-6531,Private      ,783,697,1480,13565,4450,18015
00153601,UNIV OF MIAMI SCHOOL OF LAW             ,FL,33124-0000,Private      ,2,123,125,55,1678,1733
00153602,UNIV OF MIAMI-SCH OF MEDICINE           ,FL,33136-0000,Private      ,34,88,122,453,1126,1579
00153700,UNIVERSITY OF SOUTH FLORIDA             ,FL,33620-6960,Public       ,2832,3805,6637,24752,17316,42068
00153701,UNIV OF SOUTH FLORIDA-ST PETERSBURG     ,FL,33701-0000,Public       ,78,179,257,633,719,1352
00153702,UNIV OF SOUTH FLORIDA-SARASOTA          ,FL,34243-0000,Public       ,34,120,154,219,531,750
00153705,UNIV OF SOUTH FLORIDA                   ,FL,33803-0000,Public       ,55,107,162,471,444,915
00153706,UNIV OF SOUTH FLORIDA- MEDICINE         ,FL,33612-0000,Public       ,77,78,155,685,965,1650
00153800,UNIVERSITY OF TAMPA                     ,FL,33606-1490,Private      ,531,387,918,6220,1571,7791
00154000,WEBBER INTERNATIONAL UNIVERSITY         ,FL,33827-0096,Private      ,69,44,113,612,169,781
00173308,NATIONAL-LOUIS UNIVERSITY               ,FL,33609-0000,Private      ,1,20,21,3,55,58
00177201,TRINITY INTERNATIONAL UNIVERSITY - SOUTH,FL,33324-4611,Private      ,4,116,120,24,326,350
00395400,UNIV OF CENTRAL FLORIDA                 ,FL,32816-0001,Public       ,3568,3478,7046,33535,15480,49015
00395500,UNIVERSITY OF WEST FLORIDA              ,FL,32514-5750,Public       ,723,1091,1814,4866,4310,9176
00407215,NORTHWOOD UNIVERSITY                    ,FL,33409-0000,Private      ,80,55,135,526,234,760
00558500,LIVELY TECHNICAL CENTER                 ,FL,32304-0000,Public       ,119,330,449,242,807,1049
00558501,LIVELY TECHNICAL CENTER - AVIATION SCHOO,FL,32304-8723,Public       ,3,12,15,11,43,54
00558600,LINDSEY HOPKINS TECHNICAL ED CENTER     ,FL,33127-4692,Public       ,93,327,420,173,628,801
00559400,D G ERWIN TECHNICAL CENTER              ,FL,33610-8255,Public       ,140,496,636,387,1388,1775
00560500,PINELLAS TECH ED CTR-CLEARWATER         ,FL,33760-2194,Public       ,75,201,276,157,494,651
00560700,SARASOTA COUNTY TECHNICAL INSTITUTE     ,FL,34233-0000,Public       ,45,212,257,135,528,663
00560800,TRAVISS TECHNICAL CENTER                ,FL,33803-0000,Public       ,76,229,305,170,650,820
00561200,MANATEE TECHNICAL INSTITUTE             ,FL,34210-0000,Public       ,93,266,359,198,586,784
00561201,MANATEE TECHNICAL INSTITUTE-EAST        ,FL,34211-0000,Public       ,33,171,204,105,470,575
00675000,VALENCIA COMMUNITY COLLEGE              ,FL,32802-3028,Public       ,4921,4441,9362,15832,13018,28850
00752500,SUWANNEE-HAMILTON AREA VOC TECH CTR     ,FL,32060-0000,Public       ,11,55,66,44,175,219
00752600,WASHINGTON HOLMES TECHNICAL CENTER      ,FL,32428-1699,Public       ,52,179,231,103,343,446
00755800,LEE COUNTY HIGH TECH CENTER CENTRAL     ,FL,33916-2299,Public       ,117,249,366,226,520,746
00758600,REMINGTON COLLEGE - TAMPA CAMPUS        ,FL,33612-8410,Proprietary  ,45,202,247,108,492,600
00758604,REMINGTON COLLEGE-LARGO CAMPUS          ,FL,33771-0000,Proprietary  ,2,16,18,7,38,45
00758605,REMINGTON COLLEGE-JACKSONVILLE CAMPUS   ,FL,32256-6932,Proprietary  ,0,2,2,7,15,22
00787000,HILLSBOROUGH COMMUNITY COLLEGE          ,FL,33606-3572,Public       ,2523,3296,5819,8990,10788,19778
00789300,FLAGLER COLLEGE                         ,FL,32085-1027,Private      ,217,97,314,2607,424,3031
00789301,FLAGLER COLLEGE - TALLAHASSEE COMMUNITY ,FL,32304-2895,Private      ,28,85,113,103,300,403
00807500,ST JOHN VIANNEY COLLEGE SEMINARY        ,FL,33165-3244,Private      ,3,2,5,17,4,21
00814600,EVEREST UNIVERSITY - POMPANO BEACH      ,FL,33062-2522,Proprietary  ,193,821,1014,390,1893,2283
00822300,ST VINCENT DE PAUL REGIONL SEMINARY     ,FL,33436-0000,Private      ,0,2,2,0,7,7
00841700,STENOTYPE INST OF JACKSONVILLE          ,FL,32207-0000,Proprietary  ,36,179,215,48,266,314
00850100,RASMUSSEN COLLEGE                       ,FL,34471-7051,Proprietary  ,75,449,524,267,1293,1560
00850103,RASMUSSEN COLLEGE-HOLIDAY               ,FL,34690-0000,Proprietary  ,40,182,222,123,607,730
00850106,RASMUSSEN COLLEGE - FORT MYERS          ,FL,33905-7805,Proprietary  ,24,117,141,41,172,213
00884800,WARNER SOUTHERN COLLEGE                 ,FL,33859-8725,Private      ,108,217,325,538,615,1153
00884900,PALM BEACH ATLANTIC UNIVERSITY          ,FL,33401-6505,Private      ,305,603,908,2291,1796,4087
00887800,MIAMI INTERNATIONAL UNIV ART&DESIGN     ,FL,33132-1418,Proprietary  ,642,536,1178,2562,1831,4393
00910400,RIVERSIDE HAIRSTYLING ACADEMY           ,FL,32207-3810,Proprietary  ,7,29,36,18,61,79
00963500,FLORIDA INTERNATIONAL UNIVERSITY        ,FL,33199-0001,Public       ,2694,3829,6523,20631,18039,38670
00984100,UNIVERSITY OF NORTH FLORIDA             ,FL,32224-2645,Public       ,1001,1209,2210,8675,5931,14606
00990200,SHERIDAN TECHNICAL CENTER               ,FL,33021-3399,Public       ,173,503,676,381,1116,1497
01016100,"LORAINE'S ACADEMY, INC                  ",FL,33710-0000,Proprietary  ,20,62,82,31,125,156
01019500,ART INSTITUTE OF FT LAUDERDALE          ,FL,33316-3000,Proprietary  ,363,385,748,2075,1768,3843
01065200,PASCO-HERNANDO COMMUNITY CLG            ,FL,34654-5199,Public       ,864,1319,2183,2752,4155,6907
01072401,CARLOS ALBIZU UNIVERSITY                ,FL,33172-0000,Private      ,33,392,425,88,1022,1110
01082600,TOM P. HANEY TECHNICAL CENTER           ,FL,32405-5099,Public       ,38,142,180,87,364,451
01112700,GOODING INST OF NUR ANES BAY MED CT     ,FL,32401-0000,Public       ,0,6,6,3,57,60
01226300,ATLANTIC TECHNICAL CENTER               ,FL,33063-3902,Public       ,157,397,554,331,902,1233
01254400,FIRST COAST TECHNICAL COLLEGE           ,FL,32084-1921,Public       ,66,183,249,136,462,598
01254401,FIRST COAST TECHNICAL INSTITUTE - PUTNAM,FL,32077-6830,Public       ,13,39,52,35,79,114
01257400,RINGLING SCHOOL OF ART AND DESIGN       ,FL,34234-5895,Private      ,146,38,184,1427,264,1691
01303904,SOUTH UNIVERSITY                        ,FL,33409-5149,Proprietary  ,88,352,440,262,1095,1357
01323400,LORENZO WALKER INST OF TECHNOLOGY       ,FL,34104-4405,Public       ,61,164,225,183,391,574
02052002,FLORIDA EDUCATION CENTER - LAUDERHILL   ,FL,33313-5857,Proprietary  ,24,123,147,72,298,370
02089600,CONCORDE CAREER INSTITUTE               ,FL,32211-0000,Proprietary  ,52,263,315,130,744,874
02089709,HERZING COLLEGE                         ,FL,32792-5509,Proprietary  ,4,17,21,22,61,83
02113609,AMERICAN INTERCONTINENTAL UNIV - WESTON ,FL,33326-3233,Proprietary  ,124,286,410,496,879,1375
02115300,PINELLAS TECHNICAL EDUCATION CENTERS - S,FL,33711-0000,Public       ,60,238,298,123,543,666
02116006,SANFORD-BROWN INSTITUTE - FT. LAUDERDALE,FL,33309-1906,Proprietary  ,92,230,322,240,761,1001
02121800,EVEREST INSTITUTE                       ,FL,33169-4759,Proprietary  ,164,516,680,273,842,1115
02121801,EVEREST INSTITUTE  - HIALEAH            ,FL,33012-7193,Proprietary  ,223,369,592,400,723,1123
02148200,FASHION FOCUS HAIR ACADEMY              ,FL,34231-0000,Proprietary  ,7,12,19,13,33,46
02148300,MANHATTAN BEAUTY SCHOOL                 ,FL,33611-0000,Proprietary  ,55,247,302,87,365,452
02149900,PAUL MITCHELL THE SCHOOL-JACKSONVILLE   ,FL,32205-0000,Proprietary  ,36,80,116,72,144,216
02151100,ATI COLLEGE OF HEALTH                   ,FL,33169-0000,Proprietary  ,117,483,600,244,1351,1595
02151900,KEISER  UNIVERSITY                      ,FL,33309-0000,Proprietary  ,1350,3993,5343,3097,10438,13535
02156700,FLORIDA CHRISTIAN COLLEGE               ,FL,34744-0000,Private      ,36,43,79,181,117,298
02159600,BAPTIST COLLEGE OF FLORIDA (THE)        ,FL,32440-0000,Private      ,65,96,161,258,259,517
02172700,CONCORDE CAREER INSTITUTE               ,FL,33607-0000,Proprietary  ,62,205,267,134,519,653
02188900,HOBE SOUND BIBLE COLLEGE                ,FL,33475-0000,Private      ,59,26,85,83,44,127
02200100,BRADENTON BEAUTY & BARBER ACADEMY       ,FL,34209-0000,Proprietary  ,13,84,97,26,134,160
02215900,ATI CAREER TRAINING CENTER              ,FL,33309-1785,Proprietary  ,31,123,154,83,344,427
02218700,FLORIDA TECHNICAL COLLEGE               ,FL,32826-2707,Proprietary  ,128,543,671,293,1150,1443
02218707,FLORIDA TECHNICAL COLLEGE - LAKELAND    ,FL,33813-2101,Proprietary  ,1,26,27,9,64,73
02218709,FLORIDA TECHNICAL COLLEGE - DELAND      ,FL,32720-7415,Proprietary  ,5,19,24,16,56,72
02228300,LAKE TECHNICAL CENTER                   ,FL,32726-0000,Public       ,45,171,216,134,509,643
02245500,CENTRAL FLORIDA COLLEGE                 ,FL,32789-4679,Proprietary  ,39,230,269,150,675,825
02257900,INTERNATIONAL ACADEMY                   ,FL,32119-3541,Proprietary  ,36,106,142,53,157,210
02275100,CONCORDE CAREER INSTITUTE               ,FL,33025-0000,Proprietary  ,32,144,176,63,359,422
02278800,SOUTHWEST FLORIDA COLLEGE               ,FL,33907-0000,Private      ,158,415,573,392,1070,1462
02278801,SOUTHWEST FLORIDA COLLEGE - TAMPA       ,FL,33619-1344,Private      ,70,169,239,183,420,603
02279600,CORTIVA INSTITUTE - FLORIDA             ,FL,33781-0000,Proprietary  ,16,38,54,29,115,144
02280800,NEW ENGLAND INST TECH-PALM BEACH        ,FL,33407-0000,Proprietary  ,242,480,722,597,1294,1891
02283800,BEAUTY SCHOOLS OF AMERICA               ,FL,33012-3322,Proprietary  ,143,665,808,259,1210,1469
02286500,ITT TECHNICAL INSTITUTE                 ,FL,33634-7515,Proprietary  ,460,852,1312,896,1712,2608
02287100,LA BELLE BEAUTY SCHOOL                  ,FL,33012-0000,Proprietary  ,21,119,140,31,189,220
02293200,ATI CAREER TRAINING CENTER              ,FL,33309-0000,Proprietary  ,207,533,740,427,1252,1679
02293201,ATI CAREER TRAINING CENTER - MIAMI      ,FL,33122-0000,Proprietary  ,8,25,33,25,58,83
02293600,ADVANCED TECHNICAL CENTERS              ,FL,33266-1597,Private      ,1,10,11,3,21,24
02297000,CHARLOTTE TECHNICAL CENTER              ,FL,33948-0000,Public       ,39,135,174,116,321,437
02300900,WITHLACOOCHEE TECHNICAL INSTITUTE       ,FL,34450-0000,Public       ,39,118,157,156,394,550
02305700,GULF COAST COLLEGE                      ,FL,33619-0000,Proprietary  ,13,87,100,48,220,268
02305800,FLORIDA CAREER COLLEGE                  ,FL,33012-7028,Proprietary  ,587,1061,1648,1144,2245,3389
02307400,GEORGE STONE AREA VOCATIONAL TECHNICAL  ,FL,32526-0000,Public       ,54,214,268,108,428,536
02314100,SCHILLER INTERNATIONAL UNIVERSITY       ,FL,33770-3716,Proprietary  ,11,33,44,67,98,165
02316200,MIAMI LAKES TECHNICAL EDUCATION CTR     ,FL,33014-0000,Public       ,98,209,307,210,508,718
02321200,ORANGE TECH EDUC CTR- WESTSIDE TECH     ,FL,34787-0000,Public       ,86,172,258,172,333,505
02325100,KEY COLLEGE                             ,FL,33004-3046,Proprietary  ,3,15,18,14,82,96
02326303,MEDVANCE INSTITUTE - WEST PALM          ,FL,33461-2171,Proprietary  ,89,209,298,210,463,673
02326306,MEDVANCE INSTITUTE - MIAMI              ,FL,33173-3431,Proprietary  ,40,95,135,84,294,378
02326800,RESORT & SPA SCHOOLS INTERNATIONAL      ,FL,34233-0000,Proprietary  ,27,82,109,31,105,136
02326900,SUNSTATE ACADEMY OF HAIR DESIGN         ,FL,33907-1415,Proprietary  ,49,105,154,77,143,220
02329900,FLORIDA INSTITUTE OF ULTRASOUND         ,FL,32514-0000,Proprietary  ,2,34,36,29,112,141
02337000,SUNCOAST II THE TAMPA BAY SCHOOL OF MASS,FL,33607-3802,Proprietary  ,0,0,0,4,8,12
02338400,FT PIERCE BEAUTY ACADEMY                ,FL,34982-0000,Proprietary  ,42,134,176,70,232,302
02341001,FORTIS COLLEGE - DBA FORTIS INSTITUTE   ,FL,32504-7322,Proprietary  ,1,19,20,14,70,84
02346200,WYOTECH                                 ,FL,32174-1010,Proprietary  ,154,214,368,447,514,961
02362100,FULL SAIL UNIVERSITY                    ,FL,32792-0000,Proprietary  ,1647,1320,2967,6887,4340,11227
02499000,ACADEMY OF COSMETOLOGY                  ,FL,32953-3311,Proprietary  ,12,61,73,22,113,135
02501500,"O*TEC, MID-FLORIDA TECH                 ",FL,32809-0000,Public       ,98,236,334,262,423,685
02502702,ADVANCED CAREER TRAINING-JACKSONVIL     ,FL,32256-0000,Proprietary  ,0,0,0,51,278,329
02504600,WINTER PARK TECH                        ,FL,32789-0000,Public       ,50,184,234,115,384,499
02508900,TALMUDIC COLLEGE OF FLORIDA             ,FL,33139-0000,Private      ,7,3,10,8,7,15
02511700,RIDGE TECHNICAL CENTER                  ,FL,33881-0000,Public       ,52,148,200,116,370,486
02513200,ORLANDO TECHNICAL CENTER                ,FL,32801-0000,Public       ,94,291,385,212,679,891
02515400,CITY COLLEGE                            ,FL,33309-3073,Private      ,116,430,546,231,989,1220
02517100,SARASOTA SCHOOL OF MASSAGE THERAPY      ,FL,34243-6130,Proprietary  ,13,38,51,39,80,119
02524000,SUNSTATE ACADEMY OF HAIR DESIGN         ,FL,34624-0000,Proprietary  ,44,68,112,52,91,143
02524200,ROBERT MORGAN EDUCATIONAL CENTER        ,FL,33177-0000,Public       ,189,318,507,334,557,891
02547600,FLORIDA NATIONAL COLLEGE                ,FL,33012-0000,Proprietary  ,206,715,921,693,2226,2919
02554200,RADFORD LOCKLIN TECH CENTER             ,FL,32570-0000,Public       ,10,56,66,19,93,112
02573200,LA BELLE BEAUTY ACADEMY                 ,FL,33135-0000,Proprietary  ,17,124,141,26,143,169
02586200,FLORIDA CAREER COLLEGE                  ,FL,33759-3924,Proprietary  ,110,242,352,232,647,879
02586201,FLORIDA CAREER COLLEGE -                ,FL,33569-2553,Proprietary  ,2,8,10,8,18,26
02597100,HERITAGE INSTITUTE                      ,FL,33912-7132,Proprietary  ,91,266,357,177,606,783
02598200,FLORIDA TECHNICAL CLG JACKSONVILLE      ,FL,32211-5123,Proprietary  ,29,115,144,65,241,306
02599800,EVEREST UNIVERSITY                      ,FL,33759-1359,Proprietary  ,98,493,591,181,1198,1379
02599801,EVEREST UNIVERSITY - TAMPA LAKELAND CAMP,FL,33801-3801,Proprietary  ,99,531,630,175,1146,1321
02599805,EVEREST UNIVERSITY - JACKSONVILLE       ,FL,32256-0000,Proprietary  ,132,574,706,305,1485,1790
02601600,HENRY W BREWSTER TECHNICAL CENTER       ,FL,33602-0000,Public       ,28,148,176,61,292,353
02612700,DARLYNE MCGEE'S ACAD OF COSMETOLOGY     ,FL,32905-2805,Proprietary  ,11,50,61,18,81,99
02616400,SANFORD-BROWN INSTITUTE                 ,FL,32256-3520,Proprietary  ,144,507,651,347,1473,1820
02616401,SANFORD-BROWN INSTITUTE - TAMPA         ,FL,33610-8304,Proprietary  ,76,275,351,157,781,938
03003200,EVEREST INSTITUTE                       ,FL,33186-1410,Proprietary  ,147,278,425,250,588,838
03003201,EVEREST INSTITUTE - FT. LAUDERDALE      ,FL,33304-2522,Proprietary  ,92,196,288,147,370,517
03003600,MCFATTER TECHNICAL CENTER               ,FL,33317-7499,Public       ,95,247,342,212,555,767
03006801,PENNSYLVANIA CULINARY INSTITUTE - LE COR,FL,33025-3929,Proprietary  ,102,320,422,163,471,634
03008600,FLORIDA COLLEGE OF NATURAL HEALTH       ,FL,33064-1342,Proprietary  ,90,318,408,231,732,963
03010608,VIRGINIA COLLEGE - PENSACOLA            ,FL,32501-5650,Proprietary  ,18,119,137,62,398,460
03010612,VIRGINIA COLLEGE - GOLF ACADEMY OF AMERI,FL,32701-0000,Proprietary  ,34,50,84,96,132,228
03012300,ASM BEAUTY WORLD ACADEMY                ,FL,33021-0000,Proprietary  ,2,42,44,16,107,123
03018500,BENE'S INTERNATIONAL SCHOOL OF BEAUTY   ,FL,34652-1637,Proprietary  ,42,76,118,63,160,223
03028200,TRINITY COLLEGE OF FLORIDA              ,FL,34655-4401,Private      ,32,33,65,122,98,220
03031400,INTERNATIONAL ACAD OF DESIGN & TECH     ,FL,33634-6313,Proprietary  ,636,1073,1709,2411,3371,5782
03031402,INTERNATIONAL ACADEMY OF DESIGN AND TECH,FL,32809-4633,Proprietary  ,115,95,210,567,525,1092
03031403,IADT - ORLANDO CULINARY ACADEMY         ,FL,32819-0000,Proprietary  ,58,94,152,268,263,531
03035800,HERITAGE INSTITUTE                      ,FL,32216-0948,Proprietary  ,38,142,180,66,249,315
03035900,NATIONAL AVIATION ACADEMY               ,FL,33760-3931,Proprietary  ,48,99,147,158,367,525
03037500,HODGES UNIVERSITY                       ,FL,34119-7932,Private      ,209,902,1111,403,1954,2357
03054200,TECHNICAL CAREER INSTITUTE              ,FL,33144-2373,Proprietary  ,164,193,357,402,387,789
03071600,COLLEGE OF BUSINESS & TECHNOLOGY        ,FL,33176-1412,Proprietary  ,41,307,348,97,692,789
03071601,COLLEGE OF BUSINESS & TECHNOLOGY -      ,FL,33144-2072,Proprietary  ,2,3,5,18,16,34
03071602,COLLEGE OF BUSINESS & TECHNOLOGY -      ,FL,33012-3436,Proprietary  ,0,3,3,2,7,9
03076402,HIGH-TECH INSTITUTE - ORLANDO           ,FL,32803-3509,Proprietary  ,16,36,52,90,169,259
03079800,GEORGE T BAKER AVIATION                 ,FL,33142-5687,Public       ,90,68,158,152,143,295
03079900,CITY COLLEGE                            ,FL,32707-5342,Private      ,16,76,92,32,209,241
03087600,ITT TECHNICAL INSTITUTE                 ,FL,32746-1607,Proprietary  ,444,869,1313,887,1879,2766
03089200,NOUVELLE INSTITUTE                      ,FL,33125-4141,Proprietary  ,25,167,192,29,284,313
03096300,FLORIDA CAREER INSTITUTE                ,FL,33860-0000,Proprietary  ,21,65,86,41,171,212
03099600,MERCY HOSPITAL SCHOOL OF PRACTICAL NSG  ,FL,33133-4237,Private      ,9,23,32,36,102,138
03100800,TAYLOR TECHNICAL INSTITUTE              ,FL,32348-0894,Public       ,33,94,127,57,146,203
03101900,TRINITY BAPTIST COLLEGE                 ,FL,32221-1398,Private      ,52,41,93,174,89,263
03103900,MARION COUNTY COMMUNITY TECH & ADUL     ,FL,34474-3172,Public       ,25,101,126,128,390,518
03108500,EVERGLADES UNIVERSITY                   ,FL,33431-0000,Private      ,48,375,423,119,902,1021
03108600,COM-PU-MED VOCATIONAL CAREERS           ,FL,33012-4861,Proprietary  ,27,173,200,42,322,364
03113400,ACADEMY OF HEALING ARTS                 ,FL,33463-2113,Proprietary  ,15,40,55,21,67,88
03114700,PRAXIS INSTITUTE                        ,FL,33135-2657,Proprietary  ,22,160,182,31,272,303
03115500,FLORIDA HOSPITAL COLG OF HEALTH SCI     ,FL,32803-1237,Private      ,164,523,687,672,1609,2281
03123900,KEISER CAREER INSTITUTE                 ,FL,33413-0000,Proprietary  ,147,354,501,304,981,1285
03125600,MIAMI AD SCHOOL                         ,FL,33139-5203,Proprietary  ,22,72,94,53,232,285
03127900,TECHNICAL EDUCATION CTR OSCEOLA         ,FL,34744-4459,Public       ,73,168,241,152,357,509
03139600,DELTA CONNECTION ACADEMY                ,FL,32773-9683,Proprietary  ,11,21,32,38,74,112
03158300,LEE COUNTY HIGH TECH CENTER NORTH       ,FL,33993-2479,Public       ,45,124,169,84,251,335
03178400,CORAL RIDGE NURSES ASST TRAINING        ,FL,33306-0000,Proprietary  ,0,34,34,5,45,50
03224300,NEW PROFESSIONS TECHNICAL INSTITUTE     ,FL,33134-1640,Proprietary  ,23,192,215,39,370,409
03230300,OKALOOSA APPLIED TECHNOLOGY CENTER      ,FL,32547-1299,Public       ,31,152,183,71,360,431
03238300,FLORIDA COLLEGE OF INTEGRATIVE MED      ,FL,32809-5721,Proprietary  ,3,28,31,23,134,157
03255300,FLORIDA GULF COAST UNIVERSITY           ,FL,33965-6565,Public       ,704,534,1238,6518,2687,9205
03256300,YESHIVA GEDOLAH RABBINICAL COLLEGE      ,FL,33139-4708,Private      ,0,0,0,1,1,2
03264300,SOUTH FLORIDA BIBLE COLLEGE AND THEOLOGI,FL,33441-5768,Private      ,0,6,6,0,6,6
03346300,ACAD FOR PRAC NURSING & HEALTH OCCP     ,FL,33417-4574,Private      ,37,225,262,91,539,630
03348400,PROFESSIONAL TRAINING CENTERS           ,FL,33184-0000,Proprietary  ,35,142,177,86,363,449
03370300,AUDIO RECORDING TECHNOLOGY INSTITUTE    ,FL,32811-0000,Proprietary  ,11,27,38,66,79,145
03373300,BEACON COLLEGE                          ,FL,34748-5224,Private      ,13,6,19,78,24,102
03374300,FLORIDA COASTAL SCHOOL OF LAW           ,FL,32256-0000,Proprietary  ,1,250,251,17,2660,2677
03382300,BRADFORD-UNION AREA CAREERTECHNICAL CENT,FL,32091-2434,Public       ,20,64,84,35,157,192
03390300,AMERICARE SCHOOL OF NURSING             ,FL,32730-2351,Proprietary  ,19,162,181,51,382,433
03390301,AMERICARE SCHOOL OF NURSING - ST. PETERS,FL,33709-3142,Proprietary  ,0,0,0,8,15,23
03411400,INTERNATIONAL TRAINING CAREERS          ,FL,33155-1462,Private      ,22,153,175,25,221,246
03414500,SOUTHEAST INSTITUTE OF ORIENTAL MED     ,FL,33176-1509,Proprietary  ,6,47,53,9,119,128
03425400,CENTRAL FLORIDA INSTITUTE               ,FL,34684-4436,Proprietary  ,61,227,288,148,583,731
03429600,ATLANTIC INST OF ORIENTAL MEDICINE      ,FL,33316-0000,Private      ,1,36,37,4,80,84
03429700,EAST WEST COLLG OF NATURAL MEDICINE     ,FL,34236-4959,Proprietary  ,0,43,43,3,124,127
03433400,NEW CONCEPT MASSAGE AND BEAUTY SCHO     ,FL,33135-0000,Proprietary  ,4,36,40,7,50,57
03434300,NORTH FLORIDA INSTITUTE                 ,FL,32073-2999,Proprietary  ,44,188,232,88,477,565
03459400,SAINT PETERSBURG THEOLOGICAL SEMINA     ,FL,33708-3116,Private      ,2,20,22,7,47,54
03480301,MEDVANCE INSTITUTE - FORT LAUDERDALE    ,FL,33313-7261,Proprietary  ,50,204,254,111,426,537
03480302,MEDVANCE INSTITUTE - STUART             ,FL,34994-3000,Proprietary  ,38,119,157,79,351,430
03491400,AMERICAN ADVANCED TECHNICIANS INST      ,FL,33014-4430,Proprietary  ,5,18,23,10,23,33
03549300,ULTIMATE MEDICAL ACADEMY                ,FL,33756-5802,Proprietary  ,114,581,695,215,1147,1362
03553300,KEISER CAREER COLLEGE                   ,FL,32216-0000,Proprietary  ,13,33,46,18,68,86
03557300,NORTH FLORIDA COSMETOLOGY INSTITUTE     ,FL,32312-0000,Proprietary  ,12,50,62,35,119,154
03564300,SUPERIOR CAREER INSTITUTE               ,FL,33311-1141,Proprietary  ,10,59,69,14,84,98
03570400,ENGLISH CENTER (THE)                    ,FL,33133-2703,Public       ,10,42,52,21,122,143
03595400,ANGLEY COLLEGE                          ,FL,32720-4257,Proprietary  ,8,103,111,21,153,174
03611400,FLORIDA BARBER ACADEMY                  ,FL,33441-0000,Proprietary  ,24,75,99,29,87,116
03618300,FLORIDA INSTITUTE OF ANIMAL ARTS        ,FL,32792-1740,Proprietary  ,31,64,95,60,136,196
03627400,JACKSONVILLE BEAUTY INSTITUTE           ,FL,32208-1885,Proprietary  ,15,106,121,25,166,191
03627600,FLORIDA EDUCATION INSTITUTE             ,FL,33144-5036,Proprietary  ,32,186,218,42,209,251
03661400,SOUTH FLORIDA INSTITUTE OF TECHNOLO     ,FL,33135-0000,Proprietary  ,30,289,319,40,318,358
03696400,SABER                                   ,FL,33134-1604,Private      ,2,143,145,4,197,201
03706300,AMERICAN INSTITUTE                      ,FL,33319-5613,Proprietary  ,56,171,227,81,314,395
03757300,ADVANCE SCIENCE INSTITUTE               ,FL,33012-0000,Proprietary  ,17,78,95,19,80,99
03801400,BEAUTY INSTITUTE (THE)                  ,FL,33409-2972,Proprietary  ,11,53,64,18,85,103
03801401,BEAUTY INSTITUTE (THE) - MARGATE        ,FL,33068-5704,Proprietary  ,0,3,3,5,11,16
03816300,ARTISTIC NAILS & BEAUTY ACADEMY         ,FL,33605-5919,Proprietary  ,27,97,124,36,158,194
03823300,FLORIDA ACADEMY OF HEALTH & BEAUTY      ,FL,33311-0000,Proprietary  ,3,23,26,7,32,39
03832300,DADE MEDICAL COLLEGE                    ,FL,33125-4013,Proprietary  ,85,327,412,109,391,500
03842500,CAMBRIDGE INSTITUTE OF ALLIED HEALTH    ,FL,32750-0000,Proprietary  ,3,37,40,9,100,109
03856300,UNIVERSAL BEAUTY SCHOOL                 ,FL,33174-4406,Proprietary  ,11,52,63,14,94,108
03866300,GALIANO CAREER ACADEMY                  ,FL,32701-0000,Proprietary  ,38,201,239,52,285,337
03875300,MEDICAL CAREER INSTITUTE OF SOUTH FLORID,FL,33407-2103,Proprietary  ,22,131,153,36,205,241
03888300,DRAGON RISES COLLEGE OF ORIENTAL MEDICIN,FL,32601-5089,Proprietary  ,0,16,16,6,48,54
03903500,SOUTHERN TECHNICAL COLLEGE              ,FL,32809-0000,Proprietary  ,41,235,276,85,388,473
03906300,CAREER INSTITUTE OF FLORIDA             ,FL,33773-3434,Proprietary  ,14,99,113,28,212,240
03911300,TOTAL INTERNATIONAL CAREER INSTITUTE    ,FL,33012-0000,Proprietary  ,0,9,9,3,20,23
03939300,WOLFORD COLLEGE                         ,FL,34108-1931,Private      ,0,94,94,6,220,226
03939400,CENTURA INSTITUTE                       ,FL,32807-3566,Proprietary  ,13,55,68,29,114,143
03939600,DAYTONA COLLEGE                         ,FL,32174-8445,Proprietary  ,13,37,50,38,67,105
03941300,AVE MARIA UNIVERSITY                    ,FL,34142-9505,Private      ,114,25,139,571,121,692
03957400,NEW COLLEGE OF FLORIDA                  ,FL,34243-2109,Public       ,62,20,82,1113,122,1235
03985300,COMMERCIAL DIVING ACADEMY               ,FL,32208-0000,Proprietary  ,43,124,167,99,334,433
03985400,SPACE COAST HEALTH INSTITUTE            ,FL,32904-8771,Proprietary  ,1,14,15,10,51,61
03986300,ARI BEN AVIATOR                         ,FL,34946-0000,Proprietary  ,4,4,8,16,26,42
04016500,AMERICAN INSTITUTE OF BEAUTY            ,FL,33773-0000,Proprietary  ,12,72,84,27,126,153
04029300,TRENDSETTERS OF FLORIDA SCHOOL OF BEAUTY,FL,32205-0000,Proprietary  ,4,8,12,12,30,42
04058300,HEALTH OPPORTUNITY TECHNICAL CENTER     ,FL,33169-4517,Proprietary  ,5,57,62,11,149,160
04105400,PENSACOLA SCHOOL OF MASSAGE THERAPY & HE,FL,32504-7337,Proprietary  ,13,41,54,29,81,110
04106300,PALM BEACH ACADEMY OF HEALTH & BEAUTY   ,FL,33403-2130,Proprietary  ,11,29,40,19,67,86
04116600,PROFESSIONAL HEALTH TRAINING ACADEMY    ,FL,34480-8714,Proprietary  ,7,64,71,16,162,178
04119400,AVEDA INSTITUTE - SAINT PETERSBURG      ,FL,33701-4242,Proprietary  ,43,49,92,125,132,257
04120400,HI-TECH SCHOOL OF COSMETOLOGY           ,FL,33174-0000,Proprietary  ,15,23,38,30,50,80
04120500,ACADEMY OF PROFESSIONAL CAREERS         ,FL,32792-4433,Proprietary  ,9,14,23,20,32,52
04126900,ACADEMY OF CAREER TRAINING              ,FL,34741-4644,Proprietary  ,24,43,67,48,106,154
04127400,DIGITAL MEDIA ARTS COLLEGE              ,FL,33431-5919,Proprietary  ,76,52,128,270,175,445
04128400,MANAGEMENT RESOURCES INSTITUTE          ,FL,33134-1586,Proprietary  ,0,50,50,2,75,77
04129900,FLORIDA SCHOOL OF MASSAGE               ,FL,32608-5419,Proprietary  ,23,71,94,26,90,116
04130400,SHEAR EXCELLENCE INTERNATIONAL HAIR ACAD,FL,33614-2783,Private      ,8,33,41,9,40,49
04131900,FASTTRAIN OF MIAMI                      ,FL,33134-1065,Proprietary  ,22,89,111,38,172,210
04132000,FASTTRAIN OF FORT LAUDERDALE            ,FL,33311-1506,Proprietary  ,6,47,53,6,50,56
04132100,FASTTRAIN OF TAMPA                      ,FL,33607-4153,Proprietary  ,9,55,64,9,60,69
04132200,FASTTRAIN OF JACKSONVILLE               ,FL,32256-4843,Proprietary  ,4,44,48,8,82,90
04133500,ACADEMY FOR FIVE ELEMENT ACUPUNCTURE    ,FL,32601-6811,Private      ,0,15,15,4,52,56
04134800,AVEDA INSTITUTE - TALLAHASSEE           ,FL,32304-3186,Proprietary  ,27,26,53,48,52,100
04135000,COZMO THE SCHOOL                        ,FL,34135-4810,Proprietary  ,15,33,48,15,33,48
04135900,ALLIED HEALTH INSTITUTE                 ,FL,33309-1900,Proprietary  ,1,38,39,1,38,39
00160500,CHAMINADE UNIV OF HONOLULU              ,HI,96816-1578,Private      ,139,311,450,1285,1270,2555
00160600,BRIGHAM YOUNG UNIV-HAWAII CAMPUS        ,HI,96762-1294,Private      ,176,161,337,788,555,1343
00161000,UNIVERSITY OF HAWAII AT MANOA           ,HI,96822-2399,Public       ,642,771,1413,9381,6325,15706
00161100,UNIVERSITY OF HAWAII AT HILO            ,HI,96720-4091,Public       ,207,225,432,2726,1762,4488
00161200,HONOLULU COMMUNITY COLLEGE              ,HI,96817-4598,Public       ,189,216,405,1077,1012,2089
00161300,KAPIOLANI COMMUNITY COLLEGE             ,HI,96816-4421,Public       ,314,384,698,1832,1719,3551
00161400,KAUAI COMMUNITY COLLEGE                 ,HI,96766-9591,Public       ,48,74,122,233,289,522
00161500,MAUI COMMUNITY COLLEGE                  ,HI,96732-1644,Public       ,184,306,490,869,1226,2095
00454900,LEEWARD COMMUNITY COLLEGE               ,HI,96782-3393,Public       ,304,340,644,1487,1555,3042
00525800,HAWAII COMMUNITY COLLEGE                ,HI,96720-4075,Public       ,190,278,468,1004,1212,2216
00723401,HEALD COLLEGE - HONOLULU                ,HI,96814-0000,Proprietary  ,211,267,478,537,611,1148
00727900,HAWAII PACIFIC UNIVERSITY               ,HI,96813-2882,Private      ,266,488,754,3425,2630,6055
00777500,HOLLYWOOD BEAUTY COLLEGE                ,HI,96701-4100,Proprietary  ,0,0,0,4,10,14
01122000,WINDWARD COMMUNITY COLLEGE              ,HI,96744-0000,Public       ,134,166,300,493,669,1162
02100300,MED-ASSIST SCHOOL OF HAWAII             ,HI,96813-0000,Proprietary  ,16,27,43,40,84,124
02107800,UNIVERSITY OF HAWAII - WEST OAHU        ,HI,96782-0000,Public       ,47,125,172,500,742,1242
02139500,HAWAII INSTITUTE OF HAIR DESIGN         ,HI,96817-5195,Proprietary  ,9,33,42,19,69,88
02208704,SAN DIEGO GOLF ACADEMY - THE GOLF ACADEM,HI,96744-3724,Proprietary  ,0,0,0,4,3,7
02321300,HAWAI'I THEOLOGICAL SEMINARY            ,HI,96817-0000,Private      ,0,0,0,2,7,9
03017800,TRAVEL INSTITUTE OF THE PACIFIC         ,HI,96814-1946,Proprietary  ,15,49,64,37,106,143
03020800,NEW YORK TECHNICAL INST OF HAWAII       ,HI,96817-4415,Proprietary  ,0,3,3,12,20,32
03072500,WORLD MEDICINE INSTITUTE                ,HI,96826-0000,Private      ,2,20,22,9,56,65
03649300,HAWAII TECHNOLOGY INSTITUTE             ,HI,96813-3036,Private      ,3,17,20,18,41,59
03735300,INST OF CLINICAL ACUPUNCTURE & ORIENT MD,HI,96813-2307,Proprietary  ,0,7,7,1,31,32
03999400,TRADITIONAL CHINESE MEDICAL COLLEGE OF H,HI,96743-8324,Private      ,0,10,10,1,33,34
00161600,BOISE STATE UNIVERSITY                  ,ID,83725-1000,Public       ,982,1791,2773,8884,9639,18523
00161700,"COLLEGE OF IDAHO, THE                   ",ID,83605-4432,Private      ,71,48,119,1134,195,1329
00161900,COLLEGE OF SOUTHERN IDAHO               ,ID,83301-0000,Public       ,533,827,1360,2090,2460,4550
00162000,IDAHO STATE UNIVERSITY                  ,ID,83209-5377,Public       ,731,1756,2487,4043,6910,10953
00162100,LEWIS-CLARK STATE COLLEGE               ,ID,83501-2698,Public       ,213,354,567,1819,1617,3436
00162300,NORTH IDAHO COLLEGE                     ,ID,83814-2199,Public       ,291,461,752,1879,2064,3943
00162400,NORTHWEST NAZARENE UNIVERSITY           ,ID,83686-5897,Private      ,117,292,409,1262,907,2169
00162500,BRIGHAM YOUNG UNIVERSITY-IDAHO          ,ID,83460-1650,Private      ,1501,2101,3602,6108,4846,10954
00162600,UNIVERSITY OF IDAHO                     ,ID,83844-4291,Public       ,532,609,1141,7453,3585,11038
00455300,ITT TECHNICAL INSTITUTE                 ,ID,83713-1529,Proprietary  ,265,513,778,558,1167,1725
00458304,BROWN MACKIE COLLEGE-SOUTH BEND - BROWN ,ID,83709-2746,Proprietary  ,3,11,14,3,11,14
00987300,MR JUAN'S CLG OF HAIR DESIGN            ,ID,83301-4154,Proprietary  ,5,11,16,15,28,43
01113300,EASTERN IDAHO TECHNICAL COLLEGE         ,ID,83404-5788,Public       ,55,208,263,210,751,961
02210700,CAREER BEAUTY COLLEGE                   ,ID,83440-0000,Proprietary  ,13,14,27,28,34,62
02218000,APOLLO COLLEGE                          ,ID,83704-0000,Proprietary  ,114,330,444,273,848,1121
02234500,BOISE BIBLE COLLEGE                     ,ID,83714-1220,Private      ,34,16,50,152,49,201
02275800,MR LEONS SCHOOL OF HAIR DESIGN          ,ID,83843-8384,Proprietary  ,13,19,32,35,43,78
02314000,SCHOOL OF HAIRSTYLING (THE)             ,ID,83202-0000,Proprietary  ,8,18,26,34,55,89
02319800,HEADMASTERS SCHOOL OF HAIR DESIGN       ,ID,83814-0000,Proprietary  ,30,40,70,76,117,193
02349200,HEADMASTERS SCHOOL OF HAIR DESIGN       ,ID,83501-0000,Proprietary  ,14,8,22,32,15,47
02559500,RAZZLE DAZZLE CLG OF HAIR DESIGN        ,ID,83686-5104,Proprietary  ,10,34,44,35,103,138
02607100,SCOT LEWIS SCHOOLS                      ,ID,83709-1662,Proprietary  ,27,55,82,81,100,181
03098700,ACADEMY OF COURT REPORTING              ,ID,83704-8320,Proprietary  ,97,285,382,211,642,853
03832400,COSMETOLOGY SCHOOL OF ARTS & SCIENCES   ,ID,83318-1327,Proprietary  ,1,10,11,12,37,49
00163200,AQUINAS INSTITUTE OF THEOLOGY           ,MO,63108-3323,Private      ,0,12,12,0,66,66
00244900,AVILA COLLEGE                           ,MO,64145-1698,Private      ,152,372,524,1004,1114,2118
00245000,CALVARY BIBLE COLLEGE                   ,MO,64147-1341,Private      ,24,46,70,169,143,312
00245200,CENTRAL BIBLE COLLEGE                   ,MO,65803-1096,Private      ,110,69,179,476,254,730
00245300,CENTRAL METHODIST UNIVERSITY            ,MO,65248-1198,Private      ,85,146,231,1219,512,1731
00245301,CENTRAL METHODIST UNIVERSITY            ,MO,63601-0000,Private      ,12,71,83,54,190,244
00245302,CENTRAL METHODIST UNIVERSITY- UNION     ,MO,63084-0000,Private      ,5,13,18,29,42,71
00245400,UNIVERSITY OF CENTRAL MISSOURI          ,MO,64093-5178,Public       ,628,689,1317,6849,3431,10280
00245600,COLUMBIA COLLEGE                        ,MO,65216-4581,Private      ,459,2691,3150,2429,11228,13657
00245700,CONCORDIA SEMINARY                      ,MO,63105-3199,Private      ,0,6,6,2,536,538
00245800,COTTEY COLLEGE                          ,MO,64772-2790,Private      ,16,7,23,344,27,371
00245900,CROWDER COLLEGE                         ,MO,64850-9165,Public       ,356,491,847,1484,1722,3206
00246000,CULVER STOCKTON COLLEGE                 ,MO,63435-1299,Private      ,58,15,73,1110,128,1238
00246100,DRURY UNIVERSITY                        ,MO,65802-3791,Private      ,297,838,1135,2038,2964,5002
00246200,EDEN THEOLOGICAL SEMINARY               ,MO,63119-0000,Private      ,0,32,32,2,115,117
00246300,EVANGEL UNIVERSITY                      ,MO,65802-2125,Private      ,227,165,392,1728,593,2321
00246400,FONTBONNE UNIVERSITY                    ,MO,63105-3098,Private      ,81,557,638,1161,2325,3486
00246600,HARRIS-STOWE STATE COLLEGE              ,MO,63103-2199,Public       ,394,560,954,1485,1606,3091
00246700,CONCEPTION SEMINARY COLLEGE             ,MO,64433-0000,Private      ,12,5,17,41,15,56
00246800,JEFFERSON COLLEGE                       ,MO,63050-2441,Public       ,524,576,1100,2143,1729,3872
00247100,ST LOUIS COMMUNITY COLLEGE              ,MO,63102-0000,Public       ,2491,4015,6506,7268,10040,17308
00247104,SAINT LOUIS COMMUNITY COLLEGE - WILDWOOD,MO,63040-1168,Public       ,0,0,0,24,44,68
00247300,KANSAS CITY ART INSTITUTE               ,MO,64111-1874,Private      ,80,36,116,914,193,1107
00247400,KANSAS CITY UNIV OF MED & BIOSCIENCES   ,MO,64106-0000,Private      ,1,51,52,31,1156,1187
00247600,KENRICK-GLENNON SEMINARY                ,MO,63119-0000,Private      ,2,3,5,7,5,12
00247700,A.T. STILL UNIV OF HEALTH SCIENCES      ,MO,63501-0000,Private      ,0,463,463,2,2312,2314
00247900,LINCOLN UNIVERSITY                      ,MO,65101-3500,Public       ,377,351,728,2481,1327,3808
00248000,LINDENWOOD UNIVERSITY                   ,MO,63301-1695,Private      ,411,1463,1874,4106,4991,9097
00248200,MARYVILLE UNIVERSITY                    ,MO,63141-7299,Private      ,132,406,538,2072,1716,3788
00248400,METROPOLITAN COMMUNITY COLLEGE          ,MO,64111-2408,Public       ,1344,2348,3692,6747,8637,15384
00248500,MIDWESTERN BAPTIST THEOL SEMINARY       ,MO,64118-4697,Private      ,16,84,100,56,195,251
00248600,MINERAL AREA COLLEGE                    ,MO,63601-1000,Public       ,308,559,867,1409,1532,2941
00248800,MISSOURI SOUTHERN STATE UNIVERSITY      ,MO,64801-1595,Public       ,277,451,728,3186,2812,5998
00248900,MISSOURI VALLEY COLLEGE                 ,MO,65340-3197,Private      ,157,61,218,1466,300,1766
00249000,MISSOURI WESTERN STATE UNIVERSITY       ,MO,64507-2294,Public       ,429,421,850,3873,1929,5802
00249100,MOBERLY AREA COMMUNITY COLLEGE          ,MO,65270-1304,Public       ,369,485,854,2019,1841,3860
00249400,NAZARENE THEOLOGICAL SEMINARY           ,MO,64131-1246,Private      ,1,53,54,4,132,136
00249500,TRUMAN STATE UNIVERSITY                 ,MO,63501-4221,Public       ,331,70,401,5054,392,5446
00249600,NORTHWEST MISSOURI STATE UNIV           ,MO,64468-6001,Public       ,452,242,694,5896,1042,6938
00249800,PARK UNIVERSITY                         ,MO,64152-3795,Private      ,262,1740,2002,1190,6060,7250
00249900,ROCKHURST UNIVERSITY                    ,MO,64110-2561,Private      ,154,262,416,1840,1088,2928
00250000,COLLEGE OF THE OZARKS                   ,MO,65726-2502,Private      ,74,24,98,2657,269,2926
00250100,SOUTHEAST MISSOURI STATE UNIV           ,MO,63701-4799,Public       ,661,694,1355,6582,3071,9653
00250200,SOUTHWEST BAPTIST UNIVERSITY            ,MO,65613-2597,Private      ,178,424,602,1847,1330,3177
00250300,MISSOURI STATE UNIVERSITY               ,MO,65897-0094,Public       ,1188,1293,2481,11749,5595,17344
00250400,ST LOUIS COLLEGE OF PHARMACY            ,MO,63110-1088,Private      ,27,31,58,731,476,1207
00250600,SAINT LOUIS UNIVERSITY                  ,MO,63103-2097,Private      ,382,899,1281,7744,6176,13920
00250900,SAINT PAUL SCHOOL OF THEOLOGY           ,MO,64127-2499,Private      ,0,25,25,3,154,157
00251200,STEPHENS COLLEGE                        ,MO,65215-0001,Private      ,59,93,152,904,391,1295
00251400,NORTH CENTRAL MISSOURI COLLEGE          ,MO,64683-1824,Public       ,119,229,348,669,673,1342
00251600,UNIVERSITY OF MISSOURI-COLUMBIA         ,MO,65211-1600,Public       ,1371,1009,2380,19181,6470,25651
00251700,MISSOURI UNIVERSITY OF SCIENCE & TECHNOL,MO,65409-0250,Public       ,255,151,406,4104,875,4979
00251800,UNIVERSITY OF MISSOURI-KANSAS CITY      ,MO,64110-2497,Public       ,692,1594,2286,5578,7228,12806
00251900,UNIVERSITY OF MISSOURI-ST LOUIS         ,MO,63121-4499,Public       ,862,1850,2712,4817,7083,11900
00252000,WASHINGTON UNIVERSITY                   ,MO,63130-4899,Private      ,195,433,628,11582,4821,16403
00252001,WASHINGTON UNIV-SCHOOL OF MEDICINE      ,MO,63110-0000,Private      ,5,30,35,59,1241,1300
00252100,WEBSTER UNIVERSITY                      ,MO,63119-3194,Private      ,212,2263,2475,3027,11283,14310
00252200,WENTWORTH MILITARY ACADEMY              ,MO,64067-1799,Private      ,42,59,101,116,150,266
00252300,WESTMINSTER COLLEGE                     ,MO,65251-1299,Private      ,44,14,58,1024,71,1095
00252400,WILLIAM JEWELL COLLEGE                  ,MO,64068-1896,Private      ,77,45,122,1365,203,1568
00252500,WILLIAM WOODS UNIVERSITY                ,MO,65251-2388,Private      ,87,669,756,895,1751,2646
00405704,NATIONAL AMERICAN UNIVERSITY            ,MO,64057-1791,Proprietary  ,7,67,74,32,255,287
00441300,ST JOHNS HOSP SCH RAD TECH              ,MO,65802-0000,Private      ,2,10,12,34,45,79
00470300,LOGAN COLLEGE OF CHIROPRACTIC           ,MO,63006-1065,Private      ,12,101,113,59,1138,1197
00470700,COVENANT THEOLOGICAL SEMINARY           ,MO,63141-8697,Private      ,1,76,77,4,473,477
00471100,LINN STATE TECHNICAL COLLEGE            ,MO,65051-9607,Public       ,105,73,178,934,266,1200
00471300,THREE RIVERS COMMUNITY COLLEGE          ,MO,63901-2393,Public       ,301,535,836,1435,1873,3308
00528800,KIRKSVILLE AREA TECHNICAL CENTER        ,MO,63501-0000,Public       ,3,14,17,21,60,81
00528900,WAYNESVILLE TECHNICAL ACADEMY           ,MO,65583-0000,Public       ,3,29,32,16,97,113
00542400,SOUTH CENTRAL CAREER CENTER             ,MO,65775-3334,Public       ,14,51,65,30,105,135
00542600,SIKESTON CAREER AND TECHNOLOGY CTR      ,MO,63801-0000,Public       ,4,21,25,25,110,135
00542900,ROLLA TECHNICAL INSTITUTE               ,MO,65401-3601,Public       ,29,56,85,218,259,477
00543000,POPLAR BLUFF TECHNICAL CAREER CNTR      ,MO,63901-0000,Public       ,4,7,11,28,83,111
00543800,SALINE COUNTY CAREER CENTER             ,MO,65340-0000,Public       ,2,16,18,13,71,84
00544500,TRUMAN MEDICAL CENTER SCHOOL OF NURSE AN,MO,64108-2677,Private      ,1,8,9,25,63,88
00553100,GRAND RIVER TECHNICAL SCHOOL            ,MO,64601-1299,Public       ,12,9,21,60,31,91
00553200,CAPE GIRARDEAU CAREER & TECHNOLOGY CENTE,MO,63703-7511,Public       ,18,68,86,71,242,313
00638500,CHAMBERLAIN COLLEGE OF NURSING          ,MO,63139-3297,Proprietary  ,120,989,1109,522,3066,3588
00638900,BARNES JEWISH COLLEGE OF NURSING AND ALL,MO,63110-1091,Private      ,21,114,135,222,587,809
00639200,RESEARCH COLLEGE OF NURSING             ,MO,64132-1199,Proprietary  ,12,32,44,40,128,168
00639201,RESEARCH MEDICAL CENTER - COLLEGE OF NUR,MO,64132-1199,Proprietary  ,1,3,4,5,12,17
00666600,LUTHERAN  SCHOOL OF NURSING             ,MO,63118-3909,Proprietary  ,10,61,71,60,263,323
00754000,MISSOURI BAPTIST UNIVERSITY             ,MO,63141-8698,Private      ,146,453,599,1162,1503,2665
00755700,ITT TECHNICAL INSTITUTE                 ,MO,63045-1122,Proprietary  ,523,1105,1628,1110,2248,3358
00808000,STATE FAIR COMMUNITY COLLEGE            ,MO,65301-0000,Public       ,373,539,912,1632,1674,3306
00826900,HILLYARD TECHNICAL CENTER               ,MO,64506-0000,Public       ,13,41,54,81,140,221
00855200,PATRICIA STEVENS COLLEGE                ,MO,63102-2334,Proprietary  ,22,54,76,63,111,174
00860600,TRI-COUNTY TECHNICAL SCHOOL             ,MO,65026-0000,Public       ,3,15,18,13,36,49
00886200,EAST CENTRAL COLLEGE                    ,MO,63084-0529,Public       ,330,379,709,1507,1245,2752
00908900,HANNIBAL-LAGRANGE COLLEGE               ,MO,63401-1999,Private      ,97,113,210,771,442,1213
00952000,NATIONAL ACADEMY OF BEAUTY ARTS         ,MO,63128-1307,Proprietary  ,57,105,162,125,237,362
00959000,INDEPENDENCE COLLEGE OF COSMETOLOGY     ,MO,64055-1105,Proprietary  ,19,22,41,33,43,76
00960700,HOUSE OF HEAVILIN BEAUTY COLLEGE        ,MO,64110-2826,Proprietary  ,7,19,26,19,55,74
00978200,SAINT LUKE'S COLLEGE                    ,MO,64114-3237,Private      ,4,16,20,68,138,206
00979500,MISSOURI COLLEGE                        ,MO,63144-2901,Proprietary  ,105,237,342,248,585,833
01014814,COLORADO TECHNL UNIV NORTH KANSAS CITY  ,MO,64116-3614,Proprietary  ,57,213,270,187,822,1009
01027900,HICKEY COLLEGE                          ,MO,63146-0000,Proprietary  ,151,65,216,314,138,452
01040500,PINNACLE CAREER INSTITUTE               ,MO,64131-3367,Proprietary  ,50,302,352,173,1069,1242
01040501,PINNACLE CAREER INSTITUTE - NORTH KANSAS,MO,64153-1151,Proprietary  ,15,61,76,16,72,88
01102600,WARRENSBURG AREA VOC TECH SCH           ,MO,64093-0000,Public       ,1,4,5,24,53,77
01173500,PIKE/LINCOLN TECHNICAL CENTER           ,MO,63344-0000,Public       ,7,12,19,28,61,89
01212000,ASSEMBLIES OF GOD THEO. SEMINARY        ,MO,65802-0000,Private      ,3,84,87,8,259,267
01250000,RANKEN TECHNICAL COLLEGE                ,MO,63113-2811,Private      ,214,195,409,1012,713,1725
01258000,ST LOUIS CHRISTIAN COLLEGE              ,MO,63033-6499,Private      ,42,59,101,126,185,311
01320800,BAPTIST BIBLE COLLEGE                   ,MO,65803-3498,Private      ,112,70,182,349,186,535
02056100,FOUR RIVERS CAREER CENTER               ,MO,63090-0000,Public       ,4,6,10,12,33,45
02066900,NICHOLS CAREER CENTER                   ,MO,65101-2814,Public       ,7,18,25,60,95,155
02068200,COX HEALTH - COX COLLEGE                ,MO,65802-0000,Private      ,28,107,135,175,470,645
02068202,COX HEALTH - RADIOLOGIC TECHNOLOGY      ,MO,65802-0000,Private      ,3,11,14,25,46,71
02068204,COX HEALTH - MEDICAL TECHNOLOGY         ,MO,65807-0000,Private      ,1,3,4,3,12,15
02073600,KENNETT CAREER & TECHNOLOGY CENTER      ,MO,63857-0000,Public       ,2,3,5,11,39,50
02090400,BOONSLICK TECHNICAL EDUCATION CTR       ,MO,65233-0000,Public       ,2,10,12,11,46,57
02121100,MIDWEST INSTITUTE                       ,MO,63122-0000,Proprietary  ,18,66,84,35,149,184
02124500,FRANKLIN TECHNOLOGY CENTER              ,MO,64801-0000,Public       ,26,84,110,81,270,351
02142200,LEX LA RAY TECHNICAL CENTER             ,MO,64067-0000,Public       ,1,4,5,23,67,90
02151000,HANNIBAL CAREER AND TECHNICAL CENTE     ,MO,63401-2285,Public       ,2,14,16,20,76,96
02164200,FOREST INST PROFESSIONAL PSYCHOLOGY     ,MO,65807-0000,Private      ,0,95,95,0,268,268
02165900,CHILLICOTHE BEAUTY ACADEMY              ,MO,64601-0000,Proprietary  ,4,10,14,10,19,29
02180200,METRO BUSINESS COLLEGE                  ,MO,63701-0000,Proprietary  ,78,210,288,160,555,715
02188100,NORTHLAND CAREER CENTER                 ,MO,64079-8333,Public       ,2,7,9,17,50,67
02202700,OZARK CHRISTIAN COLLEGE                 ,MO,64801-0000,Private      ,100,60,160,480,161,641
02203400,NEVADA REGIONAL TECHNICAL CENTER        ,MO,64772-0000,Public       ,1,10,11,15,54,69
02205200,SANFORD-BROWN COLLEGE                   ,MO,63026-7305,Proprietary  ,123,418,541,467,2038,2505
02205203,SANFORD BROWN COLLEGE-ST. PETERS        ,MO,63301-4042,Proprietary  ,61,228,289,175,845,1020
02205205,SANFORD BROWN COLLEGE-HAZELWOOD         ,MO,63042-2708,Proprietary  ,47,282,329,121,823,944
02214500,SALEM COLLEGE OF HAIRSTYLING            ,MO,65401-0000,Proprietary  ,12,22,34,14,31,45
02239200,ALLIED COLLEGE - NORTH                  ,MO,63043-0000,Proprietary  ,214,440,654,505,1164,1669
02239202,ALLIED COLLEGE - METRO SOUTH            ,MO,63026-0000,Proprietary  ,1,8,9,31,32,63
02242800,GIBSON TECHNICAL CENTER                 ,MO,65737-0169,Public       ,0,1,1,2,47,49
02250600,EVEREST COLLEGE                         ,MO,65807-2446,Proprietary  ,29,182,211,127,776,903
02263106,HIGH-TECH INSTITUTE - KANSAS CITY       ,MO,64114-0000,Proprietary  ,6,13,19,21,34,55
02263400,LAKE CAREER AND TECHNICAL CENTER        ,MO,65020-0000,Public       ,1,3,4,11,12,23
02266400,CENTRAL CHRISTIAN CLG OF THE BIBLE      ,MO,65270-0000,Private      ,66,41,107,275,171,446
02277500,HOUSE OF HEAVILIN OF BLUE SPRINGS       ,MO,64014-3953,Proprietary  ,15,29,44,30,77,107
02289200,COLUMBIA AREA CAREER CENTER             ,MO,65203-0000,Public       ,8,23,31,41,132,173
02295700,MISSOURI BEAUTY ACADEMY                 ,MO,63640-1827,Proprietary  ,13,35,48,40,94,134
02300105,EVEREST COLLEGE - EARTH CITY            ,MO,63045-1100,Proprietary  ,55,297,352,118,734,852
02304000,MISSOURI TECH                           ,MO,63132-0000,Proprietary  ,9,29,38,35,82,117
02309100,AMERICAN COLLEGE OF HAIR DESIGN         ,MO,65301-2144,Proprietary  ,5,13,18,16,34,50
02311100,ABBOTT ACADEMY OF COSMETIC ARTS/SCI     ,MO,63376-0000,Proprietary  ,0,0,0,5,3,8
02313000,CASS CAREER CENTER                      ,MO,64701-0000,Public       ,0,6,6,8,45,53
02340500,ST LOUIS COLLEGE OF HEALTH CAREERS      ,MO,63110-0000,Proprietary  ,43,188,231,93,463,556
02340501,ST LOUIS COLLEGE OF HEALTH              ,MO,63129-0000,Proprietary  ,1,7,8,7,26,33
02342100,CAREER & TECHNOLOGY CTR AT FT OSAGE     ,MO,64058-0000,Public       ,4,4,8,9,10,19
02361600,CONCORDE CAREER COLLEGE                 ,MO,64111-0000,Proprietary  ,65,323,388,130,794,924
02497500,CLINTON TECHNICAL SCHOOL                ,MO,64735-2966,Public       ,1,3,4,2,6,8
02520800,MERRELL UNIV OF BTY ARTS & SCIENCES     ,MO,65109-0000,Proprietary  ,23,51,74,62,115,177
02530600,SAINT CHARLES COMMUNITY COLLEGE         ,MO,63376-0975,Public       ,670,618,1288,2834,1853,4687
02543800,PARIS II EDUCATIONAL CENTER (THE)       ,MO,64118-0000,Proprietary  ,19,41,60,25,65,90
02555300,PATSY AND ROB'S ACADEMY OF BEAUTY       ,MO,63074-0000,Proprietary  ,24,53,77,42,89,131
02564700,ELAINE STEVEN BEAUTY COLLEGE            ,MO,63136-0000,Proprietary  ,22,64,86,41,100,141
02564701,ELAINE STEVEN BEAUTY COLLEGE - ADVANCE B,MO,63383-2006,Proprietary  ,0,3,3,0,7,7
02564702,ELAINE STEVEN BEAUTY COLLEGE - ADVANCE B,MO,63401-2269,Proprietary  ,0,5,5,2,6,8
02568500,GRABBER SCHOOL OF HAIR DESIGN           ,MO,63011-0000,Proprietary  ,18,19,37,44,50,94
02599700,VATTEROTT COLLEGE                       ,MO,63134-2900,Proprietary  ,138,503,641,236,1104,1340
02599701,VATTEROTT COLLEGE - KANSAS CITY         ,MO,64129-1692,Proprietary  ,59,268,327,153,741,894
02599702,VATTEROTT COLLEGE - SPRINGFIELD LOCATION,MO,65807-5340,Proprietary  ,41,130,171,120,536,656
02599703,VATTEROTT COLLEGE - JOPLIN              ,MO,64801-5033,Proprietary  ,21,110,131,76,405,481
02599705,VATTEROTT COLLEGE - SUNSET HILLS        ,MO,63127-1516,Proprietary  ,49,194,243,167,646,813
02599712,VATTEROTT COLLEGE - O'FALLON            ,MO,63366-2748,Proprietary  ,27,81,108,84,249,333
02608000,NEOSHO BEAUTY COLLEGE                   ,MO,64850-1525,Proprietary  ,5,6,11,11,26,37
02608001,NEOSHO BEAUTY COLLEGE - CLASS ACT I COSM,MO,64801-2314,Proprietary  ,0,0,0,3,4,7
02609202,VATTEROTT COLLEGE-ST JOSEPH             ,MO,64501-2911,Proprietary  ,29,115,144,93,336,429
02609203,VATTEROTT COLLEGE - L'ECOLE CULINAIRE   ,MO,63124-1103,Proprietary  ,86,189,275,210,535,745
02611004,HERITAGE COLLEGE-KANSAS CITY            ,MO,64131-4203,Proprietary  ,45,167,212,133,416,549
03042400,LEBANON TECHNOLOGY & CAREER CENTER      ,MO,65536-3296,Public       ,6,36,42,28,98,126
03066300,BRYAN CAREER COLLEGE                    ,MO,65806-2507,Proprietary  ,18,50,68,51,183,234
03068600,NORTH COUNTY TECH SPECIAL SCH DIST      ,MO,63033-6498,Public       ,12,120,132,44,377,421
03070200,CENTRAL COLLEGE OF COSMETOLOGY          ,MO,65583-0000,Proprietary  ,14,43,57,21,67,88
03070900,SE MO HOSP CLG NURSING & HEALTH SCI     ,MO,63703-4507,Private      ,5,27,32,59,202,261
03077200,COSMETOLOGY CONCEPTS INSTITUTE          ,MO,65202-1972,Proprietary  ,5,14,19,27,43,70
03083000,OZARKS TECHNICAL COMMUNITY COLLEGE      ,MO,65802-3601,Public       ,1031,1671,2702,4928,5499,10427
03092600,MESSENGER COLLEGE                       ,MO,64804-4909,Private      ,24,22,46,43,39,82
03097600,ST LOUIS HAIR ACADEMY                   ,MO,63107-1737,Proprietary  ,2,19,21,10,39,49
03101000,NEW DIMENSION SCHOOL OF HAIR DESIGN     ,MO,64801-5017,Proprietary  ,10,16,26,20,38,58
03106000,MISSOURI STATE UNIVERSITY - WEST PLAINS ,MO,65775-2715,Public       ,139,267,406,886,864,1750
03110900,HOUSE OF HEAVILIN BEAUTY COLLEGE        ,MO,64030-1154,Proprietary  ,1,9,10,14,46,60
03166300,MOBERLY AREA TECHNICAL CENTER           ,MO,65270-1904,Public       ,2,3,5,12,9,21
03174300,HERNDON CAREER CENTER                   ,MO,64138-2695,Public       ,5,5,10,19,13,32
03519300,MISSOURI COLLEGE OF COSMETOLOGY NORTH   ,MO,65803-1235,Proprietary  ,25,63,88,84,167,251
03528300,MIDWEST UNIVERSITY                      ,MO,63385-2905,Private      ,0,11,11,2,31,33
03579300,TEXAS COUNTY TECHNICAL INSTITUTE        ,MO,65483-2700,Private      ,10,75,85,37,261,298
03616300,AVIATION INSTITUTE OF MAINTENANCE       ,MO,64129-1811,Proprietary  ,6,35,41,36,193,229
03663400,UNIVERSITY OF COSMETOLOGY               ,MO,63080-1910,Proprietary  ,11,12,23,14,21,35
03817300,ST. CHARLES SCHOOL OF MASSAGE THERAPY   ,MO,63303-5607,Proprietary  ,0,3,3,6,18,24
03878300,PROFESSIONAL MASSAGE TRAINING CENTER    ,MO,65803-2939,Proprietary  ,10,25,35,30,49,79
03916300,ECLIPS SCHOOL OF COSMETOLOGY AND BARBERI,MO,63703-5809,Proprietary  ,4,23,27,13,30,43
03924300,HAIR ACADEMY 110 (THE)                  ,MO,63501-2915,Proprietary  ,0,2,2,8,19,27
03970400,MTTI-WELLSPRING CENTER FOR NATURAL HEALT,MO,64114-3313,Proprietary  ,16,46,62,31,86,117
04037500,ACADEMY OF HAIR DESIGN                  ,MO,65804-2303,Proprietary  ,14,29,43,58,90,148
04048300,DIVAS UNLIMITED ACADEMY                 ,MO,63114-2625,Proprietary  ,5,8,13,11,21,32
04127000,PEMISCOT COUNTY SPECIAL SCHOOL DISTRICT ,MO,63851-1666,Public       ,3,9,12,7,21,28
04130600,HEALING ARTS CENTER                     ,MO,63143-2103,Proprietary  ,4,17,21,4,17,21
04133300,TREND SETTERS SCHOOL OF COSMETOLOGY     ,MO,63702-7607,Proprietary  ,6,12,18,35,45,80
00163201,AQUINAS INSTITUTE OF THEOLOGY - MINISTRY,OK,73123-0380,Private      ,0,2,2,0,6,6
00314600,WESTERN OKLAHOMA STATE COLLEGE          ,OK,73521-1397,Public       ,160,271,431,480,731,1211
00314700,BACONE COLLEGE                          ,OK,74403-1597,Private      ,182,194,376,723,650,1373
00314900,SOUTHERN NAZARENE UNIVERSITY            ,OK,73008-2694,Private      ,238,555,793,1147,1144,2291
00315000,CAMERON UNIVERSITY                      ,OK,73505-6377,Public       ,381,808,1189,1653,2672,4325
00315100,OKLAHOMA WESLEYAN UNIVERSITY            ,OK,74006-6299,Private      ,56,163,219,502,680,1182
00315200,UNIV OF CENTRAL OKLAHOMA                ,OK,73034-5209,Public       ,1379,1493,2872,6725,5512,12237
00315300,CONNORS STATE COLLEGE                   ,OK,74469-9700,Public       ,184,287,471,830,1002,1832
00315400,EAST CENTRAL UNIVERSITY                 ,OK,74820-6999,Public       ,397,613,1010,2056,2209,4265
00315500,EASTERN OKLAHOMA STATE COLLEGE          ,OK,74578-4999,Public       ,177,292,469,724,897,1621
00315600,REDLANDS COMMUNITY COLLEGE              ,OK,73036-5304,Public       ,182,361,543,572,877,1449
00315700,LANGSTON UNIVERSITY                     ,OK,73050-0000,Public       ,484,549,1033,1945,1818,3763
00315800,MURRAY STATE COLLEGE                    ,OK,73460-3137,Public       ,248,446,694,990,1361,2351
00316000,NORTHEASTERN OKLAHOMA A & M COLLEGE     ,OK,74354-6497,Public       ,292,236,528,1186,738,1924
00316100,NORTHEASTERN STATE UNIVERSITY           ,OK,74464-2399,Public       ,612,1112,1724,4167,4942,9109
00316200,NORTHERN OKLAHOMA COLLEGE               ,OK,74653-0310,Public       ,509,536,1045,1539,1617,3156
00316300,NORTHWESTERN OKLAHOMA STATE UNIV        ,OK,73717-2799,Public       ,226,243,469,980,775,1755
00316400,OKLAHOMA BAPTIST UNIVERSITY             ,OK,74801-2590,Private      ,168,84,252,1580,282,1862
00316500,OKLAHOMA CHRISTIAN UNIVERSITY           ,OK,73131-0000,Private      ,279,175,454,1869,542,2411
00316600,OKLAHOMA CITY UNIVERSITY                ,OK,73106-1493,Private      ,194,391,585,1887,2069,3956
00316700,UNIV OF SCIENCE & ARTS OF OKLAHOMA      ,OK,73018-5322,Public       ,134,121,255,716,430,1146
00316800,ROGERS STATE UNIVERSITY                 ,OK,74017-3252,Public       ,340,528,868,1911,2133,4044
00317000,OKLAHOMA STATE UNIVERSITY               ,OK,74078-1015,Public       ,2023,1456,3479,11806,5838,17644
00317200,OKLAHOMA STATE UNIVERSITY-OKMULGEE      ,OK,74447-3901,Public       ,282,331,613,1288,1056,2344
00317400,OKLAHOMA PANHANDLE STATE UNIVERSITY     ,OK,73939-0000,Public       ,173,130,303,689,340,1029
00317600,CARL ALBERT STATE COLLEGE               ,OK,74953-5208,Public       ,230,408,638,1088,1492,2580
00317800,SEMINOLE STATE COLLEGE                  ,OK,74818-1902,Public       ,183,335,518,750,921,1671
00317900,SOUTHEASTERN OKLAHOMA STATE UNIV        ,OK,74701-0609,Public       ,494,502,996,2112,1674,3786
00318000,SOUTHWESTERN CHRISTIAN UNIVERSITY       ,OK,73008-2335,Private      ,40,60,100,146,179,325
00318100,SOUTHWESTERN OKLAHOMA STATE UNIV        ,OK,73096-3098,Public       ,499,453,952,2421,1476,3897
00318101,SOUTHWESTERN OK STATE UNIV AT SAYRE     ,OK,73662-0000,Public       ,41,85,126,114,187,301
00318300,ST GREGORY'S UNIVERSITY                 ,OK,74804-2499,Private      ,60,119,179,315,335,650
00318308,SAINT GREGORY'S UNIVERSITY - IPD TULSA  ,OK,74135-2499,Private      ,5,36,41,28,135,163
00318400,UNIVERSITY OF OKLAHOMA                  ,OK,73019-4078,Public       ,1579,1739,3318,13382,7929,21311
00318401,UNIVERSITY OF OKLAHOMA-HLTH SCI CTR     ,OK,73190-0000,Public       ,59,440,499,384,3051,3435
00318500,UNIVERSITY OF TULSA                     ,OK,74104-3189,Private      ,252,312,564,2602,1654,4256
00398500,ORAL ROBERTS UNIVERSITY                 ,OK,74171-0001,Private      ,359,357,716,2403,1221,3624
00458305,BROWN MACKIE COLLEGE-SOUTH BEND - BROWN ,OK,74146-5234,Proprietary  ,0,2,2,0,2,2
00531100,TULSA COUNTY AREA VOC TECH SCHOOL       ,OK,74145-0000,Public       ,38,158,196,144,543,687
00531200,RED RIVER TECHNOLOGY CENTER             ,OK,73533-2700,Public       ,3,56,59,18,143,161
00533900,METRO TECHNOLOGY CENTERS SCH DIST22     ,OK,73111-0000,Public       ,57,277,334,145,777,922
00533903,METRO TECHNOLOGY CENTERS SCH DIST22     ,OK,73129-0000,Public       ,12,64,76,46,187,233
00694200,MID-AMERICA CHRISTIAN UNIVERSITY        ,OK,73170-4504,Private      ,117,343,460,445,791,1236
00767800,SPARTAN COLLEGE OF AERONAUTICS AND TECHN,OK,74115-5800,Proprietary  ,190,165,355,962,701,1663
00791100,VIRGILS BEAUTY COLLEGE                  ,OK,74401-6802,Proprietary  ,10,26,36,12,35,47
00834300,AUTRY TECHNOLOGY CENTER                 ,OK,73703-2598,Public       ,16,62,78,47,219,266
00861900,TRI COUNTY TECHNOLOGY CENTER            ,OK,74006-6029,Public       ,17,35,52,102,127,229
00918500,ROSE STATE COLLEGE                      ,OK,73110-2799,Public       ,510,1263,1773,1721,3681,5402
00920400,KIAMICHI AREA VOC TECH SCHOOL           ,OK,74578-0548,Public       ,101,279,380,236,843,1079
00920408,KIAMICHI AREA VOC TECH SCHOOL           ,OK,74953-0000,Public       ,6,23,29,28,92,120
00961800,TULSA WELDING SCHOOL                    ,OK,74104-0000,Proprietary  ,259,372,631,636,765,1401
00964700,"OKLAHOMA STATE UNIV, OKLA CITY          ",OK,73107-6159,Public       ,408,1176,1584,1437,3483,4920
00970800,EVES COLLEGE OF HAIRSTYLING             ,OK,73501-4359,Proprietary  ,10,43,53,21,68,89
00976300,TULSA COMMUNITY COLLEGE                 ,OK,74135-6198,Public       ,1029,2304,3333,5744,7563,13307
00996300,CADDO KIOWA VOC TECH CENTER             ,OK,73038-0000,Public       ,33,116,149,54,247,301
00996400,CENTRAL OKLAHOMA AREA VOC TECH SCH      ,OK,74030-9613,Public       ,22,62,84,45,172,217
00996500,CANADIAN VALLEY TECHNOLOGY CENTER       ,OK,73036-9117,Public       ,25,106,131,53,256,309
00996800,GORDON COOPER TECHNOLOGY CENTER         ,OK,74804-9913,Public       ,20,86,106,60,269,329
01005300,INDIAN CAPITAL TECHNOLGY CENTER #4      ,OK,74403-9907,Public       ,53,113,166,140,437,577
01026600,HILLSDALE FREE WILL BAPTIST COLLEGE     ,OK,73153-0000,Private      ,68,29,97,208,57,265
01034200,SOUTHERN OKLAHOMA TECHNOLOGY CENTER     ,OK,73401-2100,Public       ,22,57,79,74,166,240
01039100,OKLAHOMA CITY COMMUNITY COLLEGE         ,OK,73159-4444,Public       ,1006,1782,2788,3108,5359,8467
01071700,GREAT PLAINS TECHNOLOGY CENTER SCHOOL DI,OK,73505-8399,Public       ,18,84,102,70,299,369
01076200,WESTERN OK AREA VOC TECH SCH DIST12     ,OK,73624-1469,Public       ,16,35,51,36,86,122
01120600,PIONEER TECHNOLOGY CENTER               ,OK,74601-1106,Public       ,13,46,59,24,121,145
01128200,OKLAHOMA STATE UNV CLG OSTEOPTHC MD     ,OK,74107-0000,Public       ,4,48,52,35,493,528
01153700,MID-AMERICA TECHNOLOGY CENTER           ,OK,73095-0210,Public       ,12,19,31,23,51,74
01227200,MOORE-NORMAN TECHNOLOGY CENTER          ,OK,73069-8399,Public       ,39,165,204,119,493,612
02052700,NORTHEAST TECHNOLOGY CENTER             ,OK,74361-0487,Public       ,34,118,152,67,294,361
02060800,MERIDIAN TECHNOLOGY CENTER              ,OK,74074-0000,Public       ,26,56,82,89,188,277
02069301,VATTEROTT COLLEGE                       ,OK,73127-2103,Proprietary  ,8,85,93,40,402,442
02126500,ENID BEAUTY COLLEGE                     ,OK,73701-0000,Proprietary  ,6,15,21,14,38,52
02177900,STATE BARBER AND HAIR DESIGN CLG        ,OK,73108-0000,Proprietary  ,6,43,49,9,53,62
02184400,SAND SPRINGS BEAUTY COLLEGE             ,OK,74063-0000,Proprietary  ,14,46,60,28,90,118
02197300,HOLLYWOOD COSMETOLOGY CENTER            ,OK,73189-0000,Proprietary  ,3,13,16,6,23,29
02222700,FRANCIS TUTTLE TECHNOLOGY CENTER        ,OK,73142-0000,Public       ,61,260,321,192,801,993
02238500,CENTRAL STATE BEAUTY ACADEMY            ,OK,73162-6007,Proprietary  ,16,70,86,42,163,205
02250900,E OK COUNTY AREA VO-TECH                ,OK,73020-0000,Public       ,8,22,30,22,54,76
02256200,"BROKEN ARROW BEAUTY COLLEGE, INC        ",OK,74012-0000,Proprietary  ,18,32,50,50,90,140
02282100,HIGH PLAINS AREA VOC-TECH               ,OK,73801-0000,Public       ,7,19,26,19,58,77
02306800,PLATT COLLEGE                           ,OK,74145-0000,Proprietary  ,111,552,663,234,1442,1676
02510300,BEAUTY TECHNICAL COLLEGE                ,OK,74465-0000,Proprietary  ,4,14,18,5,18,23
02531200,WOODWARD BEAUTY COLLEGE                 ,OK,73801-0000,Proprietary  ,11,9,20,13,16,29
02554300,AMERICAN BEAUTY INSTITUTE               ,OK,74501-0000,Proprietary  ,7,5,12,14,19,33
02556500,YUKON BEAUTY COLLEGE                    ,OK,73099-4108,Proprietary  ,7,12,19,8,18,26
02560200,PHILLIPS THEOLOGICAL SEMINARY -         ,OK,74116-5612,Private      ,0,14,14,2,86,88
02581100,CLAREMORE BEAUTY COLLEGE                ,OK,74017-7034,Proprietary  ,5,8,13,7,11,18
02581200,CC'S COSMETOLOGY COLLEGE                ,OK,74129-0000,Proprietary  ,3,51,54,5,139,144
02591101,CAREER POINT INSTITUTE                  ,OK,74146-0000,Proprietary  ,1,10,11,10,45,55
02596501,ATI-CAREER TRAINING CENTER - OKLAHOMA CI,OK,73107-2442,Proprietary  ,1,11,12,4,23,27
02597400,PONTOTOC TECHNOLOGY CENTER SCHOOL       ,OK,74820-8621,Public       ,17,43,60,35,140,175
02599706,VATTEROTT COLLEGE - TULSA               ,OK,74146-2205,Proprietary  ,13,72,85,42,244,286
02600000,NORTHWEST TECHNOLOG CTR SCH DIST 10     ,OK,73717-9600,Public       ,12,30,42,19,39,58
02600500,WES WATKINS TECHNOLOGY CENTER           ,OK,74883-9660,Public       ,9,37,46,37,135,172
03008700,SOUTHWEST TECHNOLOGY CENTER             ,OK,73521-1527,Public       ,14,40,54,25,91,116
03010300,POTEAU BEAUTY COLLEGE                   ,OK,74953-5400,Proprietary  ,22,52,74,30,75,105
03024700,STILLWATER BEAUTY ACADEMY               ,OK,74075-3467,Proprietary  ,6,17,23,14,20,34
03030700,OKLAHOMA SCHOOL OF PHOTOGRAPHY          ,OK,73160-3320,Proprietary  ,7,10,17,13,29,42
03030800,AMERICAN BROADCASTING SCHOOL            ,OK,73115-3334,Proprietary  ,17,52,69,40,160,200
03051100,CHISHOLM TRAIL TECHNOLOGY CENTER        ,OK,73764-9720,Public       ,4,16,20,10,40,50
03078500,TECH INST OF COSMETOLOGY ARTS & SCI     ,OK,74120-3610,Proprietary  ,3,9,12,8,37,45
03089400,SCHOOL OF HAIR DESIGN                   ,OK,74745-3447,Proprietary  ,0,0,0,5,19,24
03103800,SOUTHERN SCHOOL OF BEAUTY               ,OK,74701-5008,Proprietary  ,6,8,14,13,31,44
03109800,PONCA CITY BEAUTY COLLEGE               ,OK,74601-4201,Proprietary  ,0,12,12,0,12,12
03109801,BARTLESVILLE BEAUTY COLLEGE             ,OK,74003-2835,Proprietary  ,4,7,11,5,12,17
03115100,HERITAGE COLLEGE                        ,OK,73119-0000,Proprietary  ,64,275,339,157,657,814
03124800,PLATT COLLEGE                           ,OK,73501-3808,Proprietary  ,14,65,79,40,164,204
03126200,GREEN COUNTRY AREA VOC TECH SCHOOL      ,OK,74447-1217,Public       ,10,26,36,28,69,97
03198400,MID-DEL AREA VOCATIONAL & TECH SCH      ,OK,73110-4825,Public       ,1,15,16,11,50,61
03329400,PRYOR BEAUTY COLLEGE                    ,OK,74361-0000,Proprietary  ,3,13,16,3,14,17
03329401,PRYOR BEAUTY COLLEGE - GROVE BEAUTY COLL,OK,74345-0009,Proprietary  ,8,15,23,8,17,25
03329402,PRYOR BEAUTY COLLEGE - NORTH EAST OKLAHO,OK,74338-0000,Proprietary  ,2,14,16,2,16,18
03367400,COMMUNITY CARE COLLEGE                  ,OK,74145-6420,Proprietary  ,84,277,361,243,825,1068
03396300,OKLAHOMA HEALTH ACADEMY                 ,OK,74105-6220,Proprietary  ,10,46,56,26,118,144
03396400,OKLAHOMA HEALTH ACADEMY                 ,OK,73160-3667,Proprietary  ,14,66,80,26,149,175
03453400,SHAWNEE BEAUTY COLLEGE                  ,OK,74801-7014,Proprietary  ,7,18,25,11,25,36
03676300,FAMILY OF FAITH COLLEGE                 ,OK,74802-1805,Private      ,6,3,9,7,6,13
03831300,INSTITUTE OF HAIR DESIGN                ,OK,74804-0000,Proprietary  ,6,14,20,10,25,35
03928300,CENTRAL STATE MASSAGE ACADEMY           ,OK,73162-6007,Proprietary  ,6,49,55,13,86,99
04027300,4-STATES ACADEMY OF COSMETOLOGY         ,OK,74354-0000,Proprietary  ,4,19,23,8,28,36
04060300,AMERICAN INSTITUTE OF MEDICAL TECHNOLOGY,OK,74136-5700,Proprietary  ,9,20,29,14,55,69
04062300,OKLAHOMA TECHNOLOGY INSTITUTE           ,OK,73114-6318,Proprietary  ,6,25,31,19,53,72
04121300,4-STATES OKMULGEE ACADEMY OF COSMETOLOGY,OK,74447-0000,Proprietary  ,6,18,24,8,23,31
04133600,CUTTER'S EDGE SCHOOL OF COSMETOLOGY     ,OK,74023-2905,Proprietary  ,2,8,10,2,8,10
00163700,BETHANY THEOLOGICAL SEMINARY            ,IN,47374-0000,Private      ,0,6,6,1,23,24
00178400,ANCILLA COLLEGE-FINANCIAL AID OFFC      ,IN,46513-0001,Private      ,42,52,94,442,382,824
00178500,ANDERSON UNIVERSITY                     ,IN,46012-3495,Private      ,158,238,396,2690,811,3501
00178600,BALL STATE UNIVERSITY                   ,IN,47306-0880,Public       ,782,733,1515,18086,7140,25226
00178700,BETHEL COLLEGE INC                      ,IN,46545-5591,Private      ,49,210,259,1419,1100,2519
00178800,BUTLER UNIVERSITY                       ,IN,46208-3487,Private      ,64,94,158,5512,1118,6630
00178900,CHRISTIAN THEOLOGICAL SEMINARY          ,IN,46208-0000,Private      ,3,35,38,5,207,212
00179200,DEPAUW UNIVERSITY                       ,IN,46135-0037,Private      ,48,2,50,2766,52,2818
00179300,EARLHAM COLLEGE                         ,IN,47374-4095,Private      ,51,15,66,1528,124,1652
00179301,EARLHAM SCHOOL OF RELIGION              ,IN,47374-0000,Private      ,0,3,3,20,53,73
00179500,UNIVERSITY OF EVANSVILLE                ,IN,47722-0002,Private      ,53,45,98,3447,480,3927
00179800,FRANKLIN COLLEGE OF INDIANA             ,IN,46131-2623,Private      ,28,17,45,1703,122,1825
00179900,GOSHEN COLLEGE                          ,IN,46526-4794,Private      ,26,65,91,950,283,1233
00180000,GRACE COLLEGE & THEO SEMINARY           ,IN,46590-1224,Private      ,57,44,101,1423,667,2090
00180100,HANOVER COLLEGE                         ,IN,47243-0108,Private      ,22,2,24,1581,44,1625
00180300,HUNTINGTON UNIVERSITY                   ,IN,46750-1299,Private      ,48,59,107,1243,256,1499
00180400,UNIVERSITY OF INDIANAPOLIS              ,IN,46227-3697,Private      ,135,346,481,4472,2519,6991
00180500,INDIANA INSTITUTE OF TECHNOLOGY         ,IN,46803-1297,Private      ,71,421,492,1376,2230,3606
00180700,INDIANA STATE UNIVERSITY                ,IN,47809-2501,Public       ,392,712,1104,8066,4994,13060
00180800,UNIVERSITY OF SOUTHERN INDIANA          ,IN,47712-3596,Public       ,391,450,841,7759,2653,10412
00180900,INDIANA UNIVERSITY-BLOOMINGTON          ,IN,47405-1223,Public       ,1334,1043,2377,27580,9550,37130
00181100,INDIANA UNIV-EAST                       ,IN,47374-1289,Public       ,121,376,497,1017,1524,2541
00181300,INDIANA UNIV-PURDUE UNIV INDPLS         ,IN,46202-5145,Public       ,877,2306,3183,13656,16424,30080
00181301,INDIANA UNIVERSITY - PURDUE UNIVERSITY I,IN,47203-1769,Public       ,109,179,288,1040,1058,2098
00181400,INDIANA UNIV KOKOMO                     ,IN,46902-3557,Public       ,86,260,346,1330,1486,2816
00181500,INDIANA UNIV-NORTHWEST                  ,IN,46408-1197,Public       ,278,622,900,2256,3306,5562
00181600,INDIANA UNIVERSITY - SOUTH BEND         ,IN,46615-0000,Public       ,336,674,1010,3569,3851,7420
00181700,INDIANA UNIVERSITY-SOUTHEAST            ,IN,47150-6405,Public       ,355,594,949,3210,2930,6140
00182000,MANCHESTER COLLEGE                      ,IN,46962-1276,Private      ,41,4,45,2061,100,2161
00182100,MARIAN COLLEGE  (INDIANAPOLIS)          ,IN,46222-1997,Private      ,45,174,219,1765,1439,3204
00182200,INDIANA WESLEYAN UNIVERSITY             ,IN,46953-4974,Private      ,142,2572,2714,3815,9597,13412
00182300,ASSOCIATED MENNONITE BIBLICAL SEM       ,IN,46517-1999,Private      ,1,4,5,1,82,83
00182400,OAKLAND CITY UNIVERSITY                 ,IN,47660-1099,Private      ,33,135,168,690,1905,2595
00182500,PURDUE UNIVERSITY                       ,IN,47907-2050,Public       ,1108,710,1818,29330,6060,35390
00182600,PURDUE UNIV NORTH CENTRAL CAMPUS        ,IN,46391-9528,Public       ,261,334,595,2109,2233,4342
00182700,PURDUE UNIV CALUMET                     ,IN,46323-2094,Public       ,558,846,1404,4819,4321,9140
00182800,INDIANA UNIV-PURDUE UNIV FORT WAYNE     ,IN,46805-1499,Public       ,562,925,1487,7341,5910,13251
00183000,ROSE HULMAN INSTITUTE OF TECHNOLOGY     ,IN,47803-3999,Private      ,56,8,64,2801,73,2874
00183200,UNIVERSITY OF SAINT FRANCIS             ,IN,46808-3994,Private      ,44,154,198,2015,1362,3377
00183300,ST JOSEPH'S COLLEGE                     ,IN,47978-0000,Private      ,23,11,34,1262,115,1377
00183400,CALUMET COLLEGE OF SAINT JOSEPH         ,IN,46394-2195,Private      ,65,174,239,423,721,1144
00183500,SAINT MARY-OF-THE-WOODS COLLEGE         ,IN,47876-0067,Private      ,14,214,228,419,1166,1585
00183600,ST MARY'S COLLEGE                       ,IN,46556-5007,Private      ,30,2,32,1737,48,1785
00183800,TAYLOR UNIVERSITY                       ,IN,46989-1001,Private      ,40,34,74,2197,165,2362
00183801,TAYLOR UNIVERSITY - FORT WAYNE          ,IN,46807-0000,Private      ,25,45,70,542,267,809
00183900,TRINE UNIVERSITY                        ,IN,46703-1764,Private      ,30,75,105,2180,591,2771
00184000,UNIVERSITY OF NOTRE DAME                ,IN,46556-5602,Private      ,154,178,332,11277,2946,14223
00184200,VALPARAISO UNIVERSITY                   ,IN,46383-6493,Private      ,108,224,332,3908,1906,5814
00184300,VINCENNES UNIVERSITY                    ,IN,47591-1523,Public       ,457,532,989,5092,2676,7768
00184400,WABASH COLLEGE                          ,IN,47933-0352,Private      ,10,5,15,1136,32,1168
00224905,DAVENPORT UNIVERSITY-MERRILLVILLE       ,IN,46410-0000,Private      ,4,51,55,61,415,476
00420300,GOOD SAMARITAN HOSP RADIOGRAPHY PRG     ,IN,47591-0000,Public       ,1,1,2,9,7,16
00457900,INTERNATIONAL BUSINESS COLLEGE          ,IN,46804-0000,Proprietary  ,54,40,94,642,228,870
00457901,INTERNATIONAL BUSINESS COLLEGE          ,IN,46256-0000,Proprietary  ,23,29,52,419,121,540
00458300,BROWN MACKIE COLLEGE-SOUTH BEND         ,IN,46617-3123,Proprietary  ,166,857,1023,578,3023,3601
00458301,BROWN MACKIE COLLEGE-SOUTH BEND - BROWN ,IN,46805-0000,Proprietary  ,3,7,10,3,7,10
00512730,BROWN MACKIE COLLEGE-MERRILLVILLE       ,IN,46410-0000,Proprietary  ,35,154,189,254,1319,1573
00512731,BROWN MACKIE COLLEGE-CINCINNATI - BROWN ,IN,46360-4362,Proprietary  ,0,0,0,1,10,11
00625700,SAINT ELIZABETH SCHOOL OF NURSING       ,IN,47904-2198,Private      ,6,15,21,130,198,328
00726300,HOLY CROSS COLLEGE                      ,IN,46556-0308,Private      ,30,6,36,548,74,622
00727600,SAINT MEINRAD SCHOOL OF THEOLOGY        ,IN,47577-1002,Private      ,0,46,46,5,100,105
00732700,ITT TECHNICAL INSTITUTE                 ,IN,47630-7430,Proprietary  ,702,1400,2102,1415,2595,4010
00732900,ITT TECHNICAL INSTITUTE                 ,IN,46268-1119,Proprietary  ,728,2558,3286,1677,5356,7033
00736200,MEDTECH COLLEGE                         ,IN,46250-3970,Proprietary  ,39,267,306,70,697,767
00736201,STUART SCHOOL OF BUSINESS ADMINISTRATION,IN,46250-2876,Proprietary  ,0,0,0,7,83,90
00736202,MEDTECH COLLEGE - STUART SCHOOL OF BUSIN,IN,46143-6478,Proprietary  ,27,168,195,44,332,376
00736204,MEDTECH COLLEGE - THE STUART SCHOOL     ,IN,46804-2209,Proprietary  ,5,38,43,5,38,43
00793800,LINCOLN COLLEGE OF TECHNOLOGY           ,IN,46202-0000,Proprietary  ,423,279,702,1849,721,2570
00832900,ITT TECHNICAL INSTITUTE                 ,IN,46825-2393,Proprietary  ,596,1197,1793,1289,2469,3758
00842300,IVY TECH COMMUNITY COLLEGE OF INDIANA - ,IN,46601-3892,Public       ,305,1190,1495,1781,4838,6619
00854600,NOT FOR STUDENT USE                     ,IN,46208-4700,Public       ,18,26,44,1084,1635,2719
00854700,IVY TECH COMMUNITY COLLEGE OF INDIANA - ,IN,47802-4898,Public       ,278,818,1096,1712,3679,5391
00951500,J MICHAEL HARROLD BEAUTY ACADEMY        ,IN,47807-3390,Proprietary  ,7,15,22,17,32,49
00961200,"APEX SCHOOL OF BEAUTY CULTURE, INC      ",IN,46016-0000,Proprietary  ,4,4,8,13,16,29
00961300,MERRILLVILLE BEAUTY COLLEGE             ,IN,46410-3401,Proprietary  ,14,48,62,28,73,101
00967300,RUDAE'S SCHOOL OF BEAUTY CULTURE        ,IN,46825-5444,Proprietary  ,30,63,93,51,108,159
00967301,RUDAE'S SCHOOL OF BEAUTY CULTURE - FORT ,IN,46825-5444,Proprietary  ,2,5,7,24,26,50
00977700,KAPLAN COLLEGE                          ,IN,46278-1736,Proprietary  ,89,428,517,320,1100,1420
00977701,KAPLAN COLLEGE - ADDITIONAL CLASSROOM   ,IN,46278-1734,Proprietary  ,0,0,0,5,29,34
00977702,KAPLAN COLLEGE - TEMPORARY FACILITY EXPA,IN,46268-4111,Proprietary  ,0,11,11,1,23,24
00991700,IVY TECH COMMUNITY COLLEGE OF INDIANA - ,IN,46208-1763,Public       ,1057,2648,3705,5296,10142,15438
00992300,IVY TECH COMMUNITY COLLEGE OF INDIANA - ,IN,47250-1881,Public       ,139,433,572,699,1526,2225
00992400,IVY TECH COMMUNITY COLLEGE OF INDIANA - ,IN,47302-9448,Public       ,404,1113,1517,2484,4752,7236
00992500,IVY TECH COMMUNITY COLLEGE OF INDIANA - ,IN,47710-3398,Public       ,288,887,1175,1662,3185,4847
00992600,IVY TECH COMMUNITY COLLEGE OF INDIANA- R,IN,46805-1489,Public       ,542,1490,2032,3091,6232,9323
01003700,IVY TECH STATE COLLEGE - REGION 9       ,IN,47374-1220,Public       ,154,609,763,756,2282,3038
01003800,IVY TECH COMMUNITY COLLEGE OF INDIANA - ,IN,47203-1868,Public       ,195,532,727,1036,2275,3311
01003900,IVY TECH COMMUNITY COLLEGE OF INDIANA - ,IN,47903-6299,Public       ,363,690,1053,2380,3366,5746
01004000,IVY TECH COMMUNITY COLLEGE OF INDIANA - ,IN,46409-1303,Public       ,463,1378,1841,1728,4634,6362
01004100,IVY TECH STATE COLLEGE - REGION 5       ,IN,46903-1373,Public       ,224,897,1121,1148,3183,4331
01010900,IVY TECH COMMUNITY COLLEGE OF INDIANA - ,IN,47172-1897,Public       ,191,460,651,959,2186,3145
01015100,VINCENNES BEAUTY COLLEGE                ,IN,47591-1297,Proprietary  ,6,19,25,27,42,69
01040900,LAFAYETTE BEAUTY ACADEMY                ,IN,47901-1149,Proprietary  ,3,18,21,34,50,84
01061800,MID-AMERICA CLG FUNERAL SERVICE         ,IN,47130-9990,Private      ,22,19,41,41,68,109
01150500,CREATIVE HAIR STYLING ACADEMY           ,IN,46322-1554,Proprietary  ,11,25,36,40,61,101
02084800,RAVENSCROFT BEAUTY COLLEGE              ,IN,46815-0000,Proprietary  ,19,74,93,35,98,133
02087600,CONCORDIA THEOLOGICAL SEMINARY          ,IN,46825-0000,Private      ,0,16,16,2,256,258
02100402,EVEREST INSTITUTE - EVEREST COLLEGE     ,IN,46410-5683,Proprietary  ,68,258,326,186,855,1041
02118900,EVANSVILLE TRI STATE BEAUTY COLLEGE     ,IN,47715-0000,Proprietary  ,0,0,0,15,16,31
02140800,MARTIN UNIVERSITY                       ,IN,46218-0000,Private      ,24,236,260,131,1072,1203
02158400,HARRISON COLLEGE                        ,IN,46204-2611,Proprietary  ,151,817,968,537,2188,2725
02158401,HARRISON COLLEGE - COLUMBUS             ,IN,47203-1843,Proprietary  ,17,70,87,80,325,405
02158402,HARRISON COLLEGE - LAFAYETTE            ,IN,47905-4859,Proprietary  ,26,110,136,117,386,503
02158404,HARRISON COLLEGE - MARION               ,IN,46952-0000,Proprietary  ,11,47,58,42,169,211
02158405,HARRISON COLLEGE - TERRE HAUTE          ,IN,47802-0000,Proprietary  ,8,75,83,70,363,433
02158407,HARRISON COLLEGE - ANDERSON             ,IN,46013-0000,Proprietary  ,12,74,86,83,307,390
02158409,HARRISON COLLEGE - EVANSVILLE           ,IN,47715-3901,Proprietary  ,23,107,130,108,380,488
02158410,HARRISON COLLEGE - EAST                 ,IN,46239-8903,Proprietary  ,31,195,226,173,723,896
02158412,HARRISON COLLEGE - FORT WAYNE           ,IN,46825-0000,Proprietary  ,20,133,153,200,668,868
02158413,HARRISON COLLEGE - NORTHWEST            ,IN,46278-0000,Proprietary  ,24,67,91,153,334,487
02158800,DON ROBERTS BEAUTY SCHOOLS              ,IN,46383-0000,Proprietary  ,7,7,14,17,22,39
02164300,DON ROBERTS SCHOOL OF HAIR DESIGN       ,IN,46375-9999,Proprietary  ,10,26,36,21,57,78
02201800,KAPLAN COLLEGE                          ,IN,46410-0000,Proprietary  ,19,122,141,109,527,636
02201802,KAPLAN COLLEGE - HAMMOND                ,IN,46324-3347,Proprietary  ,39,191,230,158,706,864
02241700,PJ'S COLLEGE OF COSMETOLOGY             ,IN,47129-0000,Proprietary  ,11,46,57,26,85,111
02302700,J EVERETT LIGHT CAREER CENTER           ,IN,46240-0000,Public       ,1,35,36,25,148,173
02304800,PJ'S COLLEGE OF COSMETOLOGY             ,IN,47374-0000,Proprietary  ,3,11,14,15,33,48
02308900,MASTER'S OF COSMETOLOGY COLLEGE         ,IN,46809-0000,Proprietary  ,5,14,19,46,43,89
02339600,ROGER'S ACADEMY OF HAIR DESIGN          ,IN,47712-0000,Proprietary  ,38,69,107,67,118,185
02345200,EMPIRE BEAUTY SCHOOL                    ,IN,46237-0000,Proprietary  ,32,58,90,84,191,275
02351300,KNOX BEAUTY COLLEGE                     ,IN,46534-0000,Proprietary  ,2,5,7,6,17,23
02490500,HAIR FASHIONS BY KAYE BEAUTY CLG        ,IN,46250-0000,Proprietary  ,1,8,9,23,51,74
02490800,HAIR FASHIONS BY KAYE BEAUTY CLG        ,IN,46060-0000,Proprietary  ,14,60,74,33,163,196
02607000,HAIR ARTS ACADEMY                       ,IN,47404-3581,Proprietary  ,5,19,24,18,41,59
02615800,COLLEGE OF COURT REPORTING              ,IN,46342-5969,Proprietary  ,6,107,113,19,298,317
02616203,BROWN MACKIE COLLEGE-FINDLAY - INDIANAPO,IN,46204-1017,Proprietary  ,37,203,240,102,624,726
03009700,HARRISON COLLEGE                        ,IN,47303-6413,Proprietary  ,13,97,110,95,350,445
03009701,HARRISON COLLEGE - MUNCIE - ELKHART     ,IN,46516-9795,Proprietary  ,20,77,97,66,243,309
03084601,THE ART INSTITUTE OF INDIANAPOLIS       ,IN,46268-1170,Proprietary  ,150,188,338,870,736,1606
03100600,MARION COMM TUCKER AREA VOC SCHOOL      ,IN,46952-3831,Public       ,6,10,16,47,102,149
03176300,AMERICAN TRANS AIR AVIATION ACADEMY     ,IN,46241-1445,Proprietary  ,9,64,73,42,179,221
03262300,DAVID DEMUTH INSTITUTE OF COSM          ,IN,47374-4101,Proprietary  ,6,6,12,23,28,51
03456700,CROSSROADS BIBLE COLLEGE                ,IN,46219-4912,Private      ,9,60,69,57,186,243
03521300,IVY TECH COMMUNITY COLLEGE OF INDIANA - ,IN,47404-9772,Public       ,349,766,1115,2410,3089,5499
03538300,ALEXANDRIA SCH OF SCIENTIFIC THERAP     ,IN,46001-0287,Proprietary  ,3,14,17,23,50,73
04038700,IDEAL BEAUTY ACADEMY                    ,IN,47130-4215,Proprietary  ,5,15,20,10,40,50
04100300,SUCCESS SCHOOLS                         ,IN,46410-5310,Proprietary  ,7,25,32,19,77,96
04119700,MOLER HAIRSTYLING COLLEGE               ,IN,46406-1745,Proprietary  ,1,16,17,3,34,37
04121000,TECHSKILLS - INDIANAPOLIS               ,IN,46240-4302,Proprietary  ,2,61,63,8,100,108
04130900,HONORS BEAUTY COLLEGE                   ,IN,46256-3317,Proprietary  ,10,28,38,47,116,163
00163203,AQUINAS INSTITUTE OF THEOLOGY - MINISTRY,KS,66109-3718,Private      ,0,1,1,0,2,2
00190100,ALLEN COUNTY COMMUNITY COLLEGE          ,KS,66749-1607,Public       ,218,395,613,761,863,1624
00190200,COWLEY COUNTY COMMUNITY COLLEGE & AREA V,KS,67005-2662,Public       ,407,663,1070,1310,1704,3014
00190300,BAKER UNIVERSITY                        ,KS,66006-0065,Private      ,96,710,806,1433,2075,3508
00190400,BETHANY COLLEGE                         ,KS,67456-1897,Private      ,61,26,87,781,101,882
00190500,BETHEL COLLEGE                          ,KS,67117-0531,Private      ,32,28,60,500,130,630
00190600,BUTLER COUNTY COMMUNITY COLLEGE         ,KS,67042-3280,Public       ,720,1088,1808,2725,2962,5687
00190700,CENTRAL BAPTIST THEOLOGY SEMINARY       ,KS,66226-3513,Private      ,0,11,11,0,28,28
00190800,CENTRAL CHRISTIAN COLLEGE OF KANSAS     ,KS,67460-5799,Private      ,22,6,28,435,54,489
00190900,CLOUD COUNTY COMMUNITY COLLEGE          ,KS,66901-1002,Public       ,126,254,380,654,648,1302
00191000,COFFEYVILLE COMMUNITY COLLEGE           ,KS,67337-5064,Public       ,186,103,289,851,289,1140
00191100,COLBY COMMUNITY COLLEGE                 ,KS,67701-4099,Public       ,106,116,222,555,284,839
00191300,DODGE CITY COMMUNITY COLLEGE            ,KS,67801-2399,Public       ,140,118,258,439,307,746
00191400,DONNELLY COLLEGE                        ,KS,66102-4298,Private      ,73,302,375,180,509,689
00191500,FORT HAYS STATE UNIVERSITY              ,KS,67601-4099,Public       ,391,773,1164,3159,3023,6182
00191600,FORT SCOTT COMMUNITY COLLEGE            ,KS,66701-3199,Public       ,189,208,397,1011,567,1578
00191700,BARCLAY COLLEGE                         ,KS,67059-0288,Private      ,29,28,57,103,54,157
00191800,FRIENDS UNIVERSITY                      ,KS,67213-3397,Private      ,121,618,739,1169,2257,3426
00191900,GARDEN CITY COMMUNITY COLLEGE           ,KS,67846-6398,Public       ,167,166,333,728,434,1162
00192000,HESSTON COLLEGE                         ,KS,67062-2093,Private      ,20,16,36,425,149,574
00192100,HIGHLAND COMMUNITY COLLEGE              ,KS,66035-4062,Public       ,244,272,516,1010,697,1707
00192114,HIGHLAND COMMUNITY COLLEGE - NOTHEAST KA,KS,66002-1513,Public       ,35,59,94,68,119,187
00192300,HUTCHINSON COMMUNITY COLLEGE            ,KS,67501-5894,Public       ,306,517,823,1601,1452,3053
00192400,INDEPENDENCE COMMUNITY COLLEGE          ,KS,67301-0000,Public       ,148,120,268,409,213,622
00192500,KANSAS CITY KANSAS COMMUNITY CLG        ,KS,66112-9978,Public       ,499,1065,1564,1259,2591,3850
00192502,"KANSAS CITY KS AREA TECH SCHOOL, KS     ",KS,66104-0000,Public       ,35,103,138,124,289,413
00192600,PITTSBURG STATE UNIVERSITY              ,KS,66762-7500,Public       ,688,598,1286,4107,2147,6254
00192700,EMPORIA STATE UNIVERSITY                ,KS,66801-5087,Public       ,384,460,844,3169,2324,5493
00192800,KANSAS STATE UNIVERSITY                 ,KS,66506-1104,Public       ,1365,1042,2407,13695,4903,18598
00192900,KANSAS WESLEYAN UNIVERSITY              ,KS,67401-6196,Private      ,53,58,111,821,344,1165
00193000,LABETTE COMMUNITY COLLEGE               ,KS,67357-4299,Public       ,156,249,405,498,576,1074
00193100,MANHATTAN CHRISTIAN COLLEGE             ,KS,66502-4081,Private      ,29,30,59,328,103,431
00193300,MCPHERSON COLLEGE                       ,KS,67460-3899,Private      ,28,19,47,646,123,769
00193600,NEOSHO COUNTY COMMUNITY COLLEGE         ,KS,66720-2699,Public       ,118,182,300,529,566,1095
00193700,OTTAWA UNIVERSITY                       ,KS,66067-3399,Private      ,71,704,775,994,1759,2753
00193800,PRATT COMMUNITY COLLEGE                 ,KS,67124-8432,Public       ,125,121,246,489,348,837
00193900,NEWMAN UNIVERSITY                       ,KS,67213-2084,Private      ,80,211,291,838,1103,1941
00194000,SOUTHWESTERN COLLEGE                    ,KS,67156-2499,Private      ,48,238,286,655,920,1575
00194300,UNIVERSITY OF ST MARY                   ,KS,66048-5023,Private      ,77,163,240,531,462,993
00194500,STERLING COLLEGE                        ,KS,67579-1533,Private      ,60,25,85,802,137,939
00194600,TABOR COLLEGE                           ,KS,67063-1799,Private      ,45,44,89,647,124,771
00194800,UNIVERSITY OF KANSAS                    ,KS,66045-7535,Public       ,1427,1161,2588,14358,8238,22596
00194900,WASHBURN UNIVERSITY                     ,KS,66621-1110,Public       ,418,756,1174,2905,3723,6628
00195000,WICHITA STATE UNIVERSITY                ,KS,67208-0001,Public       ,925,1414,2339,5674,6019,11693
00460800,BARTON COUNTY COMMUNITY COLLEGE         ,KS,67530-9283,Public       ,136,320,456,673,887,1560
00526400,FLINT HILLS TECHNICAL COLLEGE           ,KS,66801-5999,Public       ,47,61,108,171,282,453
00526500,NORTH CENTRAL KANSAS TECH COLG          ,KS,67420-0000,Public       ,66,47,113,307,171,478
00526700,NORTHWEST KANSAS TECHNICAL SCHOOL       ,KS,67735-3441,Public       ,39,25,64,189,85,274
00549800,WICHITA AREA TECHNICAL COLLEGE          ,KS,67211-2099,Public       ,158,444,602,334,1094,1428
00549900,SALINA AREA TECHNICAL COLLEGE           ,KS,67401-8195,Public       ,44,40,84,137,102,239
00550000,MANHATTAN AREA TECHNICAL COLLEGE        ,KS,66503-2499,Public       ,51,89,140,232,259,491
00675500,BROWN MACKIE COLLEGE (THE)              ,KS,67401-7307,Proprietary  ,101,361,462,219,942,1161
00703200,MID AMERICA NAZARENE UNIVERSITY         ,KS,66062-1899,Private      ,68,180,248,993,761,1754
00817200,SOUTHWEST KANSAS TECHNICAL SCHOOL       ,KS,67905-2013,Public       ,14,2,16,40,15,55
00822800,SEWARD CO COMM CO/AREA TECHNICAL SCHOOL ,KS,67905-0000,Public       ,114,119,233,340,291,631
00824400,JOHNSON COUNTY COMMUNITY COLLEGE        ,KS,66210-1299,Public       ,935,1261,2196,3912,4339,8251
00833200,B-STREET DESIGN SCHOOL OF INTERNATIONAL ,KS,66502-6082,Proprietary  ,10,22,32,21,51,72
00868200,ACADEMY OF HAIR DESIGN                  ,KS,67401-2803,Proprietary  ,9,18,27,19,30,49
01025600,BENEDICTINE COLLEGE                     ,KS,66002-1499,Private      ,130,26,156,1723,129,1852
01043800,HASKELL INDIAN NATIONS UNIVERSITY       ,KS,66046-4800,Public       ,187,157,344,723,529,1252
01050300,WICHITA TECHNICAL INSTITUTE             ,KS,67213-1927,Proprietary  ,91,519,610,251,1504,1755
01068900,KAW AREA TECHNICAL SCHOOL               ,KS,66604-2199,Public       ,27,89,116,139,305,444
02090700,CLEVELAND CHIROPRACTIC COLLEGE          ,KS,66210-1613,Private      ,15,97,112,52,552,604
02134800,OLD TOWN BARBER AND BEAUTY COLLEGE      ,KS,67211-0000,Proprietary  ,8,25,33,15,62,77
02196400,CAPITOL CITY HAIR DESIGN COLLEGE        ,KS,66102-0000,Proprietary  ,23,86,109,26,125,151
02257700,HAYS ACADEMY OF HAIR DESIGN             ,KS,67601-0000,Proprietary  ,11,14,25,30,39,69
02303500,AMERICAN INSTITUTE OF BAKING            ,KS,66502-0000,Private      ,0,1,1,6,10,16
02340700,LABARON HAIRDRESSING ACADEMY            ,KS,66204-0000,Proprietary  ,5,31,36,14,38,52
02590900,WRIGHT CAREER COLLEGE                   ,KS,66212-0000,Private      ,78,606,684,134,1213,1347
02599709,VATTEROTT COLLEGE - WICHITA             ,KS,67226-1304,Proprietary  ,21,105,126,51,319,370
02603100,XENON INTERNATIONAL ACADEMY             ,KS,67203-5428,Proprietary  ,42,53,95,116,122,238
02606300,VERNON'S KANSAS SCHOOL OF COSMETOLOGY   ,KS,67217-2803,Proprietary  ,6,9,15,15,40,55
02611005,HERITAGE COLLEGE - WICHITA              ,KS,67210-1879,Proprietary  ,38,153,191,88,340,428
02613000,PINNACLE CAREER INSTITUTE               ,KS,66046-2703,Proprietary  ,14,67,81,48,188,236
03031300,XENON INTERNATIONAL ACADEMY IV          ,KS,66061-3765,Proprietary  ,15,31,46,31,58,89
03066200,BRYAN COLLEGE                           ,KS,66604-2496,Proprietary  ,10,57,67,42,215,257
03450300,B-STREET DESIGN SCHOOL OF INTERNATIONAL ,KS,66611-2373,Proprietary  ,16,47,63,27,66,93
03450301,B-STREET DESIGN SCHOOL OF INTERNATIONAL ,KS,67207-5148,Proprietary  ,15,23,38,26,48,74
03450302,B-STREET DESIGN SCHOOL OF INTERNATIONAL ,KS,66212-5451,Proprietary  ,18,27,45,47,83,130
03529300,SIDNEY'S HAIRDRESSING COLLEGE           ,KS,67501-7094,Proprietary  ,8,10,18,26,37,63
03862300,BMSI INSTITUTE                          ,KS,66212-3388,Proprietary  ,0,1,1,1,7,8
04132900,Z HAIR ACADEMY                          ,KS,66046-4040,Proprietary  ,4,4,8,10,20,30
00203300,UNIVERSITY OF MAINE-PRESQUE ISLE        ,ME,04769-2888,Public       ,63,83,146,682,392,1074
00203500,BANGOR THEOLOGICAL SEMINARY             ,ME,04402-0411,Private      ,0,17,17,1,78,79
00203600,BATES COLLEGE                           ,ME,04240-6028,Private      ,30,6,36,2695,39,2734
00203800,BOWDOIN COLLEGE                         ,ME,04011-8451,Private      ,49,3,52,3396,47,3443
00203900,COLBY COLLEGE                           ,ME,04901-8841,Private      ,44,2,46,2673,35,2708
00204000,UNIVERSITY OF MAINE-FARMINGTON          ,ME,04938-1990,Public       ,62,51,113,2606,384,2990
00204100,UNIVERSITY OF MAINE-FORT KENT           ,ME,04743-1292,Public       ,47,58,105,460,261,721
00204300,HUSSON UNIVERSITY                       ,ME,04401-2999,Private      ,132,156,288,2158,826,2984
00204400,MAINE MARITIME ACADEMY                  ,ME,04420-0001,Public       ,43,20,63,880,108,988
00205000,UNIVERSITY OF NEW ENGLAND               ,ME,04005-9599,Private      ,91,237,328,3530,2031,5561
00205100,SAINT JOSEPH'S COLLEGE                  ,ME,04084-5263,Private      ,44,109,153,1619,319,1938
00205200,THOMAS COLLEGE                          ,ME,04901-5097,Private      ,78,33,111,900,134,1034
00205300,UNIVERSITY OF MAINE                     ,ME,04469-0001,Public       ,378,346,724,10404,2681,13085
00205400,UNIVERSITY OF SOUTHERN MAINE            ,ME,04104-0000,Public       ,399,496,895,5971,4093,10064
00205500,UNIVERSITY OF MAINE-MACHIAS             ,ME,04654-1397,Public       ,42,46,88,525,225,750
00520400,BEAL COLLEGE                            ,ME,04401-6896,Proprietary  ,36,104,140,173,405,578
00527600,CENTRAL MAINE COMMUNITY COLLEGE         ,ME,04210-6498,Public       ,173,258,431,1300,1072,2372
00527700,EASTERN MAINE COMMUNITY COLLEGE         ,ME,04401-4280,Public       ,156,192,348,1338,892,2230
00552500,SOUTHERN MAINE COMMUNITY  COLLEGE       ,ME,04106-1698,Public       ,477,503,980,2522,1988,4510
00576000,NORTHERN MAINE COMMUNITY COLLEGE        ,ME,04769-2016,Public       ,90,124,214,456,487,943
00577600,MERCY HOSP SCH OF RADIOLOGIC TECH       ,ME,04101-3795,Private      ,0,3,3,6,29,35
00630501,CENTRAL MAINE MEDICAL CENTER - COLLEGE O,ME,04240-4500,Private      ,1,17,18,30,179,209
00676000,UNIVERSITY OF MAINE-AUGUSTA             ,ME,04330-9410,Public       ,242,758,1000,1533,3912,5445
00685800,UNITY COLLEGE                           ,ME,04988-9502,Private      ,34,12,46,834,73,907
00903800,MR BERNARD'S SCH HAIR FASHION INC       ,ME,04243-1163,Proprietary  ,10,24,34,31,83,114
00923100,WASHINGTON COUNTY COMMUNITY COLLEGE     ,ME,04619-9704,Public       ,20,52,72,222,189,411
00929200,ANDOVER COLLEGE                         ,ME,04106-2415,Proprietary  ,68,207,275,166,571,737
00929201,ANDOVER COLLEGE -                       ,ME,04240-0000,Proprietary  ,54,187,241,139,662,801
00945900,PIERRE'S SCHOOL OF COSMETOLOGY          ,ME,04101-3348,Proprietary  ,35,79,114,158,213,371
00945901,PIERRE'S SCHOOL OF COSMETOLOGY - SANFORD,ME,04073-3564,Proprietary  ,0,2,2,0,3,3
00945902,PIERRE'S SCHOOL OF COSMETOLOGY - CARIBOU,ME,04736-2020,Proprietary  ,3,0,3,6,2,8
00945903,PIERRE'S SCHOOL OF COSMETOLOGY - BANGOR ,ME,04401-6534,Proprietary  ,6,9,15,15,15,30
00982600,KENNEBEC VALLEY  COMMUNITY  COLLEGE     ,ME,04937-1367,Public       ,94,237,331,616,1152,1768
01138500,COLLEGE OF THE ATLANTIC                 ,ME,04609-1105,Private      ,5,4,9,435,57,492
01167300,MAINE COLLEGE OF ART                    ,ME,04101-3987,Private      ,32,14,46,532,145,677
02104400,SPA TECH INSTITUTE                      ,ME,04102-0000,Proprietary  ,41,156,197,140,318,458
02347100,NEW ENGLAND SCHOOL OF COMMUNICATIONS    ,ME,04401-0000,Private      ,38,14,52,482,79,561
02361300,LANDING SCHOOL OF BOATBUILDING & DESIGN ,ME,04046-1490,Private      ,5,9,14,29,33,62
03122900,YORK COUNTY COMMUNITY COLLEGE           ,ME,04090-0529,Public       ,98,94,192,387,369,756
03429300,SEACOAST CAREER SCHOOLS                 ,ME,04073-0000,Proprietary  ,67,275,342,93,387,480
03612300,BIRTHWISE MIDWIFERY SCHOOL              ,ME,04009-1110,Proprietary  ,1,3,4,6,40,46
00209300,ST JOHN'S COLLEGE                       ,NM,87505-4599,Private      ,15,34,49,466,174,640
00264900,COLLEGE OF SANTA FE                     ,NM,87505-7634,Private      ,60,179,239,740,599,1339
00265000,UNIVERSITY OF THE SOUTHWEST             ,NM,88240-9129,Private      ,86,134,220,312,355,667
00265100,EASTERN NEW MEXICO UNIV PORTALES        ,NM,88130-6000,Public       ,552,665,1217,2305,1863,4168
00265101,EASTERN NEW MEXICO UNIV-ROSWELL CAM     ,NM,88202-0000,Public       ,254,398,652,866,1109,1975
00265300,NEW MEXICO HIGHLANDS UNIVERSITY         ,NM,87701-4436,Public       ,283,468,751,1434,1762,3196
00265400,NEW MEXICO INST OF MINING & TECH        ,NM,87801-4796,Public       ,153,85,238,926,268,1194
00265500,NEW MEXICO JUNIOR COLLEGE               ,NM,88240-9123,Public       ,224,300,524,610,599,1209
00265600,NEW MEXICO MILITARY INSTITUTE           ,NM,88201-5173,Public       ,66,7,73,281,22,303
00265700,NEW MEXICO STATE UNIVERSITY             ,NM,88003-8001,Public       ,1580,1837,3417,9166,6875,16041
00265701,NEW MEXICO STATE UNIV-ALAMOGORDO        ,NM,88311-0000,Public       ,125,285,410,351,818,1169
00265702,NEW MEXICO STATE UNIV.-DONA ANA CLG     ,NM,88003-0000,Public       ,418,729,1147,1567,2297,3864
00265703,NEW MEXICO STATE UNIV-CARLSBAD          ,NM,88220-0000,Public       ,119,226,345,259,528,787
00265704,NEW MEXICO STATE UNIV-GRANTS            ,NM,87020-0000,Public       ,68,137,205,163,302,465
00266000,SAN JUAN COLLEGE                        ,NM,87402-4699,Public       ,383,846,1229,1154,2051,3205
00266300,THE UNIVERSITY OF NEW MEXICO            ,NM,87131-0001,Public       ,2425,3067,5492,11414,11838,23252
00266301,UNIV OF NEW MEXICO - GALLUP BRANCH      ,NM,87301-5697,Public       ,121,230,351,344,625,969
00266302,UNIV OF NEW MEXICO - VALENCIA BRANCH    ,NM,87031-0000,Public       ,88,115,203,263,327,590
00266303,UNIV OF NEW MEXICO - LOS ALAMOS         ,NM,87544-0000,Public       ,20,33,53,88,82,170
00266400,WESTERN NEW MEXICO UNIVERSITY           ,NM,88061-5417,Public       ,228,466,694,877,1271,2148
00405701,NATIONAL AMERICAN UNIVERSITY            ,NM,87110-0000,Proprietary  ,6,71,77,21,288,309
00474200,CENTRAL NEW MEXICO COMMUNITY COLLEGE    ,NM,87106-4096,Public       ,2322,4372,6694,4922,9650,14572
00474300,CLOVIS COMMUNITY COLLEGE                ,NM,88101-8381,Public       ,228,583,811,470,1110,1580
00996200,LUNA COMMUNITY COLLEGE                  ,NM,87701-0000,Public       ,138,183,321,338,395,733
01063200,DEWOLFF CLG HAIRSTYLING/COSMETOLOGY     ,NM,87112-4113,Proprietary  ,17,38,55,33,87,120
01300500,OLYMPIAN UNIVERSITY OF COSMETOLOGY      ,NM,88310-5051,Proprietary  ,173,271,444,283,647,930
02083900,NORTHERN NEW MEXICO COLLEGE             ,NM,87530-0000,Public       ,179,308,487,486,781,1267
02146400,INSTITUTE OF AMERICAN INDIAN ARTS       ,NM,87508-0000,Public       ,59,46,105,159,183,342
02151102,ATI COLLEGE OF HEALTH - ATI CAREER TRAIN,NM,87109-2016,Proprietary  ,1,6,7,8,29,37
02278100,SANTA FE COMMUNITY COLLEGE              ,NM,87507-0000,Public       ,257,456,713,539,1044,1583
02357600,CROWNPOINT INSTITUTE OF TECHNOLOGY      ,NM,87313-0000,Public       ,110,203,313,178,349,527
02491501,THE ART CENTER DESIGN COLLEGE- ALBQ     ,NM,87110-0000,Proprietary  ,0,0,0,42,22,64
02511000,SOUTHWESTERN INDIAN POLYTECH INST       ,NM,87184-0000,Public       ,118,122,240,243,277,520
02622000,SOUTHWEST ACUPUNCTURE COLLEGE           ,NM,87505-0000,Proprietary  ,1,32,33,5,276,281
03076100,SOUTHWESTERN COLLEGE                    ,NM,87507-0000,Private      ,0,34,34,2,142,144
03128200,KAPLAN CAREER INSTITUTE                 ,NM,87109-2072,Proprietary  ,0,15,15,10,37,47
03128201,KAPLAN CAREER INSTITUTE                 ,NM,87109-0000,Proprietary  ,0,4,4,2,10,12
03206300,MESALANDS COMMUNITY COLLEGE             ,NM,88401-3352,Public       ,63,108,171,129,192,321
03430300,UNIVERSAL THERAPEUTIC MASSAGE INSTITUTE ,NM,87107-4403,Proprietary  ,7,34,41,28,78,106
03678300,PIMA MEDICAL INSTITUTE                  ,NM,87110-4127,Proprietary  ,7,31,38,37,66,103
03944300,MASSAGE THERAPY TRAINING INSTITUTE      ,NM,88007-0000,Proprietary  ,13,10,23,23,29,52
00223400,ADRIAN COLLEGE                          ,MI,49221-2575,Private      ,88,38,126,2474,196,2670
00223500,ALBION COLLEGE                          ,MI,49224-1831,Private      ,83,9,92,2256,61,2317
00223600,ALMA COLLEGE                            ,MI,48801-1599,Private      ,56,14,70,2137,93,2230
00223700,ALPENA COMMUNITY COLLEGE                ,MI,49707-1495,Public       ,243,350,593,976,907,1883
00223800,ANDREWS UNIVERSITY                      ,MI,49104-0750,Private      ,261,316,577,1551,1076,2627
00223900,AQUINAS COLLEGE                         ,MI,49506-1799,Private      ,98,157,255,2155,578,2733
00224000,BAY DE NOC COMMUNITY COLLEGE            ,MI,49829-2524,Public       ,238,407,645,1058,1067,2125
00224100,CALVIN COLLEGE                          ,MI,49546-4388,Private      ,151,46,197,3927,243,4170
00224200,CALVIN THEOLOGICAL SEMINARY             ,MI,49546-4387,Private      ,1,20,21,13,173,186
00224300,CENTRAL MICHIGAN UNIVERSITY             ,MI,48859-0001,Public       ,1574,2276,3850,18849,8006,26855
00224600,CLEARY UNIVERSITY                       ,MI,48105-2659,Private      ,58,189,247,187,632,819
00224700,CONCORDIA UNIVERSITY-ANN ARBOR          ,MI,48105-2797,Private      ,69,172,241,538,419,957
00224800,CRANBROOK ACADEMY OF ART                ,MI,48303-0000,Private      ,3,6,9,18,218,236
00224900,DAVENPORT UNIVERSITY                    ,MI,49503-0000,Private      ,495,2504,2999,2951,10668,13619
00225100,DELTA COLLEGE                           ,MI,48710-0001,Public       ,901,1513,2414,5085,5691,10776
00225400,MICHIGAN STATE UNIVERSITY COLLEGE OF LAW,MI,48824-1300,Private      ,30,170,200,320,1527,1847
00225900,EASTERN MICHIGAN UNIVERSITY             ,MI,48197-2214,Public       ,1894,2801,4695,12784,9434,22218
00226000,FERRIS STATE UNIVERSITY                 ,MI,49307-2251,Public       ,970,977,1947,11513,5178,16691
00226100,CHARLES STEWART MOTT COMMUNITY CLG      ,MI,48503-2089,Public       ,1606,2862,4468,4420,7367,11787
00226200,KETTERING UNIVERSITY                    ,MI,48504-4898,Private      ,145,63,208,2222,257,2479
00226300,GLEN OAKS COMMUNITY COLLEGE             ,MI,49032-9784,Public       ,78,276,354,464,745,1209
00226400,GOGEBIC COMMUNITY COLLEGE               ,MI,49938-1365,Public       ,82,170,252,516,469,985
00226500,GRACE BIBLE COLLEGE                     ,MI,49509-1998,Private      ,18,19,37,218,54,272
00226600,CORNERSTONE UNIVERSITY                  ,MI,49525-5897,Private      ,77,301,378,1418,1396,2814
00226700,GRAND RAPIDS COMMUNITY COLLEGE          ,MI,49503-3295,Public       ,1661,2254,3915,7929,6993,14922
00226800,GRAND VALLEY STATE UNIVERSITY           ,MI,49401-9403,Public       ,1227,1276,2503,19327,6210,25537
00226900,GREAT LAKES CHRISTIAN COLLEGE           ,MI,48917-1299,Private      ,25,33,58,172,128,300
00227000,HENRY FORD COMMUNITY COLLEGE            ,MI,48128-1495,Public       ,2214,2664,4878,7265,9565,16830
00227300,HOPE COLLEGE                            ,MI,49423-3607,Private      ,83,18,101,3800,139,3939
00227400,JACKSON COMMUNITY COLLEGE               ,MI,49201-8399,Public       ,767,1400,2167,3076,4000,7076
00227500,KALAMAZOO COLLEGE                       ,MI,49006-3295,Private      ,43,17,60,1752,76,1828
00227600,KELLOGG COMMUNITY COLLEGE               ,MI,49017-3397,Public       ,442,1072,1514,1918,3392,5310
00227700,LAKE MICHIGAN COLLEGE                   ,MI,49022-1899,Public       ,308,700,1008,1341,1943,3284
00227800,LANSING COMMUNITY COLLEGE               ,MI,48933-1293,Public       ,1926,3374,5300,6254,8342,14596
00227900,LAWRENCE TECHNOLOGICAL UNIVERSITY       ,MI,48075-1058,Private      ,212,385,597,1702,1202,2904
00228200,MADONNA UNIVERSITY                      ,MI,48150-1173,Private      ,180,464,644,1322,2282,3604
00228400,MARYGROVE COLLEGE                       ,MI,48221-2599,Private      ,128,790,918,616,2466,3082
00228800,ROCHESTER COLLEGE                       ,MI,48307-2764,Private      ,76,140,216,596,578,1174
00229000,MICHIGAN STATE UNIVERSITY               ,MI,48824-1113,Public       ,2564,1651,4215,31320,9844,41164
00229200,MICHIGAN TECHNOLOGICAL UNIV             ,MI,49931-1295,Public       ,296,149,445,5679,787,6466
00229300,LAKE SUPERIOR STATE UNIVERSITY          ,MI,49783-1691,Public       ,228,239,467,2274,792,3066
00229400,MONROE COUNTY COMMUNITY CLG             ,MI,48161-9746,Public       ,330,537,867,1168,1465,2633
00229500,MONTCALM COMMUNITY COLLEGE              ,MI,48885-9723,Public       ,191,485,676,794,1493,2287
00229700,MUSKEGON COMMUNITY COLLEGE              ,MI,49442-1432,Public       ,492,745,1237,2413,2471,4884
00229900,NORTH CENTRAL MICHIGAN COLLEGE          ,MI,49770-8740,Public       ,158,417,575,875,1344,2219
00230100,NORTHERN MICHIGAN UNIVERSITY            ,MI,49855-5316,Public       ,683,542,1225,7095,2403,9498
00230200,NORTHWESTERN MICHIGAN COLLEGE           ,MI,49686-3061,Public       ,328,550,878,2114,2106,4220
00230300,OAKLAND COMMUNITY COLLEGE               ,MI,48304-2266,Public       ,55,85,140,286,364,650
00230301,OAKLAND COMMUNITY COLLEGE - ORCHARD RIDG,MI,48334-4579,Public       ,407,568,975,1516,1936,3452
00230302,OAKLAND COMMUNITY COLLEGE - ROYAL OAK CA,MI,48067-3898,Public       ,570,974,1544,2138,3578,5716
00230303,OAKLAND COMMUNITY COLLEGE - SOUTHFIELD C,MI,48075-4793,Public       ,587,1265,1852,724,1580,2304
00230304,OAKLAND COMMUNITY COLLEGE - AUBURN HILLS,MI,48323-2845,Public       ,545,1015,1560,2048,2719,4767
00230305,OAKLAND COMMUNITY COLLEGE - HIGHLAND LAK,MI,48327-4187,Public       ,314,557,871,1070,1727,2797
00230700,OAKLAND UNIVERSITY                      ,MI,48309-4401,Public       ,1241,1601,2842,10357,6264,16621
00230800,OLIVET COLLEGE                          ,MI,49076-9902,Private      ,92,51,143,1415,271,1686
00231000,ST. CLAIR COUNTY COMMUNITY COLLEGE      ,MI,48061-0000,Public       ,378,721,1099,1665,2234,3899
00231100,KUYPER COLLEGE                          ,MI,49525-9749,Private      ,29,23,52,325,109,434
00231300,SACRED HEART MAJOR SEMINARY             ,MI,48206-1799,Private      ,3,30,33,13,144,157
00231400,SAGINAW VALLEY STATE UNIV               ,MI,48710-0001,Public       ,494,618,1112,7575,3090,10665
00231500,SCHOOLCRAFT COLLEGE                     ,MI,48152-2696,Public       ,1136,1650,2786,4050,5072,9122
00231600,SIENA HEIGHTS UNIVERSITY                ,MI,49221-1796,Private      ,151,402,553,992,1282,2274
00231700,SOUTHWESTERN MICHIGAN COLLEGE           ,MI,49047-9793,Public       ,265,540,805,1069,1468,2537
00231800,SPRING ARBOR UNIVERSITY                 ,MI,49283-9984,Private      ,146,840,986,2066,2909,4975
00232200,FINLANDIA UNIVERSITY                    ,MI,49930-1882,Private      ,58,43,101,492,242,734
00232300,UNIVERSITY OF DETROIT MERCY             ,MI,48221-3038,Private      ,277,747,1024,2943,3278,6221
00232301,UNIVERSITY OF DETROIT MERCY- DENTAL SCH ,MI,48219-3580,Private      ,0,0,0,41,172,213
00232303,UNIV OF DETROIT MERCY - LAW SCHOOL      ,MI,48226-0000,Private      ,3,93,96,24,912,936
00232330,UNIV OF DETROIT MERCY - DENTAL SCHOOL   ,MI,48208-2576,Private      ,8,25,33,32,267,299
00232500,UNIVERSITY OF MICHIGAN - ANN ARBOR      ,MI,48109-1316,Public       ,740,1030,1770,24867,9791,34658
00232501,UNIVERSITY OF MICHIGAN-MEDICAL SCH      ,MI,48109-0000,Public       ,15,23,38,145,1012,1157
00232503,UNIVERSITY OF MICHIGAN LAW SCHOOL       ,MI,48109-0000,Public       ,4,67,71,36,2941,2977
00232600,UNIVERSITY OF MICHIGAN-DEARBORN         ,MI,48128-2406,Public       ,627,1035,1662,4445,3725,8170
00232700,UNIVERSITY OF MICHIGAN-FLINT            ,MI,48502-1950,Public       ,552,1249,1801,3364,4457,7821
00232800,WASHTENAW COMMUNITY COLLEGE             ,MI,48106-0000,Public       ,1338,2153,3491,3472,5029,8501
00232900,WAYNE STATE UNIVERSITY                  ,MI,48202-0000,Public       ,2372,4353,6725,14747,16654,31401
00232901,WAYNE STATE UNIV SCH OF MEDICINE        ,MI,48201-3359,Public       ,22,93,115,191,1391,1582
00232902,WAYNE STATE UNIVERSITY - LAW SCHOOL     ,MI,48202-3424,Public       ,18,132,150,129,1312,1441
00233000,WESTERN MICHIGAN UNIVERSITY             ,MI,49008-3899,Public       ,2130,1514,3644,16796,7045,23841
00233100,WESTERN THEOLOGICAL SEMINARY            ,MI,49423-0000,Private      ,0,20,20,0,106,106
00407100,WALSH COLLEGE OF ACCT & BUS ADMN        ,MI,48007-7006,Private      ,57,789,846,226,1821,2047
00407200,NORTHWOOD UNIVERSITY                    ,MI,48640-2398,Private      ,171,408,579,2314,1447,3761
00467300,BAKER COLLEGE - FLINT                   ,MI,48507-5508,Private      ,532,1900,2432,1984,5512,7496
00467301,BAKER COLLEGE OF CADILLAC               ,MI,49601-0000,Private      ,116,542,658,432,1481,1913
00467302,BAKER COLLEGE OF CLINTON TOWNSHIP       ,MI,48035-0000,Private      ,551,1462,2013,1979,4581,6560
00467303,BAKER COLLEGE OF MUSKEGON               ,MI,49442-0000,Private      ,503,1306,1809,2385,3835,6220
00467304,BAKER COLLEGE OF OWOSSO                 ,MI,48867-0000,Private      ,320,639,959,1519,1842,3361
00467305,BAKER COLLEGE OF AUBURN HILLS           ,MI,48326-0000,Private      ,318,1075,1393,1080,2987,4067
00467306,BAKER COLLEGE OF PORT HURON             ,MI,48060-0000,Private      ,149,445,594,537,1322,1859
00467309,BAKER COLLEGE OF JACKSON                ,MI,49202-0000,Private      ,165,644,809,572,1677,2249
00467311,BAKER COLLEGE-CASS CITY                 ,MI,48726-0000,Private      ,40,140,180,155,369,524
00467313,BAKER COLLEGE - GRADUATE ON-LINE        ,MI,48507-0000,Private      ,93,1205,1298,291,4351,4642
00467317,BAKER COLLEGE-ALLEN PARK                ,MI,48101-0000,Private      ,291,712,1003,809,2253,3062
00469200,DORSEY SCHOOL OF BUSINESS               ,MI,48195-2334,Proprietary  ,24,102,126,43,190,233
00469201,DORSEY SCHOOL OF BUSINESS               ,MI,48184-0000,Proprietary  ,28,123,151,41,219,260
00469202,DORSEY SCHOOL OF BUSINESS               ,MI,48071-0000,Proprietary  ,15,90,105,46,182,228
00469204,DORSEY SCHOOL OF BUSINESS               ,MI,48066-0000,Proprietary  ,43,254,297,86,459,545
00469205,DORSEY BUSINESS SCHOOL - FARMINGTON HILL,MI,48334-3385,Proprietary  ,7,37,44,14,68,82
00469206,DORSEY BUSINESS SCHOOL - ROSEVILLE CULIN,MI,48066-4555,Proprietary  ,3,4,7,3,4,7
00676800,MID MICHIGAN COMMUNITY COLLEGE          ,MI,48625-9447,Public       ,520,687,1207,2067,2245,4312
00677100,COLLEGE FOR CREATIVE STUDIES            ,MI,48202-4034,Private      ,134,98,232,1413,446,1859
00694900,KALAMAZOO VALLEY COMMUNITY COLLEGE      ,MI,49003-4070,Public       ,1184,1614,2798,4330,4392,8722
00717100,KIRTLAND COMMUNITY COLLEGE              ,MI,48653-0000,Public       ,150,363,513,752,1272,2024
00761700,CARNEGIE INSTITUTE                      ,MI,48083-1159,Proprietary  ,20,106,126,54,384,438
00795000,WEST SHORE COMMUNITY COLLEGE            ,MI,49454-0000,Public       ,110,191,301,473,643,1116
00817800,CHIC UNIVERSITY OF COSMETOLOGY          ,MI,49525-2440,Proprietary  ,89,148,237,220,336,556
00817801,CHIC UNIVERSITY OF COSMETOLOGY - KALAMAZ,MI,49024-2694,Proprietary  ,5,11,16,10,18,28
00890600,MACOMB COMMUNITY COLLEGE                ,MI,48088-3896,Public       ,2298,3061,5359,7214,8237,15451
00894600,PORT HURON COSMETOLOGY COLLEGE          ,MI,48329-1618,Proprietary  ,9,13,22,13,52,65
00923000,WAYNE COUNTY COMMUNITY CLG-DISTRICT     ,MI,48226-3095,Public       ,2974,6990,9964,6995,18444,25439
00973200,VIRGINIA FARRELL BEAUTY SCHOOL          ,MI,48080-1448,Proprietary  ,12,23,35,24,49,73
00973400,VIRGINIA FARRELL BEAUTY SCHOOL          ,MI,48220-1739,Proprietary  ,32,53,85,73,153,226
00982800,EVEREST INSTITUTE                       ,MI,48033-4400,Proprietary  ,196,599,795,362,1289,1651
00982801,EVEREST INSTITUTE- DEARBORN             ,MI,48124-1927,Proprietary  ,173,468,641,333,1060,1393
00982803,EVEREST INSTITUTE - DETROIT             ,MI,48207-4291,Proprietary  ,127,410,537,214,649,863
01047000,KALAMAZOO BEAUTY ACADEMY                ,MI,49002-5220,Proprietary  ,7,17,24,16,24,40
01062700,ITT TECHNICAL INSTITUTE                 ,MI,49519-0000,Proprietary  ,375,792,1167,957,1790,2747
01082700,DAVID PRESSLEY PROF SCH OF COSMTLGY     ,MI,48067-3219,Proprietary  ,33,37,70,66,79,145
01109800,FLINT INSTITUTE OF BARBERING            ,MI,48504-4395,Proprietary  ,8,25,33,18,81,99
01164600,VIRGINIA FARRELL BEAUTY SCHOOL          ,MI,48185-3091,Proprietary  ,18,35,53,39,97,136
01229100,WRIGHT BEAUTY ACADEMY                   ,MI,49015-2696,Proprietary  ,10,45,55,23,57,80
01262700,THOMAS M. COOLEY LAW SCHOOL             ,MI,48901-1586,Private      ,0,836,836,10,4539,4549
01321800,M J MURPHY BTY CLG MT PLEASANT          ,MI,48858-2502,Proprietary  ,12,29,41,35,57,92
02060300,MICHIGAN INSTITUTE OF AERONAUTICS       ,MI,48111-0000,Proprietary  ,133,247,380,336,476,812
02068700,ADRIAN BEAUTY ACADEMY                   ,MI,49221-0000,Proprietary  ,11,15,26,19,38,57
02099700,ROSS MEDICAL EDUCATION CENTER           ,MI,48532-0000,Proprietary  ,89,360,449,164,813,977
02099701,ROSS MEDICAL EDUCATION CENTER-SAGINAW   ,MI,48603-5227,Proprietary  ,4,17,21,4,31,35
02099702,ROSS MEDICAL EDUCATION CENTER-PORT HURON,MI,48060-1958,Proprietary  ,1,12,13,3,17,20
02099703,ROSS MEDICAL EDUCATION CENTER-ROOSEVELT ,MI,49441-4156,Proprietary  ,0,4,4,1,7,8
02100400,EVEREST INSTITUTE                       ,MI,49525-2301,Proprietary  ,73,321,394,201,981,1182
02100401,EVEREST INSTITUTE - KALAMAZOO           ,MI,49009-3307,Proprietary  ,60,336,396,115,565,680
02100403,EVEREST INSTITUTE - SOUTHFIELD          ,MI,48076-4492,Proprietary  ,11,42,53,31,147,178
02125600,MICHIGAN COLLEGE OF BEAUTY              ,MI,48083-0000,Proprietary  ,64,100,164,136,245,381
02152103,ACADEMY OF COURT REPORTING & TECHNOLOGY ,MI,48017-1495,Proprietary  ,4,19,23,4,19,23
02158600,MR BELA'S SCHOOL OF COSMETOLOGY         ,MI,48092-4637,Proprietary  ,16,33,49,21,41,62
02160303,INTERNATIONAL ACADEMY OF DESIGN AND TECH,MI,48083-2160,Proprietary  ,152,142,294,735,695,1430
02180100,ROSS MEDICAL EDUCATION CENTER           ,MI,48092-0000,Proprietary  ,44,162,206,85,376,461
02180105,ROSS MEDICAL EDUCATION CENTER-REDFORD   ,MI,48239-1260,Proprietary  ,2,11,13,4,18,22
02198900,MICHIGAN SCHOOL OF PROFESSIONAL PSYCHOLO,MI,48334-4512,Private      ,1,18,19,4,144,148
02209200,TAYLORTOWN SCHOOL OF BEAUTY             ,MI,48180-0000,Proprietary  ,9,31,40,24,83,107
02237800,SPECS HOWARD SCHL OF BROADCAST ARTS     ,MI,48075-0000,Proprietary  ,162,153,315,430,439,869
02285700,BAYSHIRE BEAUTY ACADEMY                 ,MI,48708-5614,Proprietary  ,14,30,44,23,66,89
02289801,KAPLAN INSTITUTE - DETROIT CAMPUS       ,MI,48202-0000,Proprietary  ,70,300,370,155,732,887
02324500,MICHIGAN COLLEGE OF BEAUTY              ,MI,48161-0000,Proprietary  ,28,44,72,61,100,161
02339700,ROSS MEDICAL EDUCATION CENTER           ,MI,48116-0000,Proprietary  ,39,244,283,74,485,559
02339701,ROSS MEDICAL EDUCATION CENTER-ANN ARBOR ,MI,48108-1411,Proprietary  ,5,12,17,6,19,25
02361500,MICHIGAN BARBER COLLEGE                 ,MI,48204-2244,Private      ,32,105,137,76,188,264
02363800,YESHIVA GEDOLAH OF GREATER DETROIT      ,MI,48237-0000,Private      ,8,2,10,8,3,11
02491000,WEST MI COLG OF BARBERING & BEAUTY      ,MI,49008-0000,Proprietary  ,9,44,53,13,66,79
02495800,FOCUS:HOPE                              ,MI,48238-0000,Private      ,0,0,0,1,3,4
02498300,VIRGINIA FARRELL BEAUTY SCHOOL          ,MI,48154-0000,Proprietary  ,26,34,60,58,109,167
02533600,ROSS MEDICAL EDUCATION CENTER           ,MI,48917-2108,Proprietary  ,42,180,222,104,421,525
02533601,ROSS MEDICAL EDUCATION CENTER - GRAND RA,MI,49546-2430,Proprietary  ,4,22,26,5,34,39
02588200,DOUGLAS J AVEDA INSTITUTE               ,MI,48823-4351,Proprietary  ,112,127,239,310,340,650
02588201,DOUGLAS J AVEDA INSTITUTE - ANN ARBOR   ,MI,48104-2211,Proprietary  ,19,16,35,65,84,149
02595700,HILLSDALE BEAUTY COLLEGE                ,MI,49242-0000,Proprietary  ,6,7,13,27,11,38
02618400,MICHIGAN CAREER & TECHNICAL INST        ,MI,49080-9254,Public       ,74,55,129,142,76,218
03005700,DETROIT BUSINESS INST. DOWNRIVER        ,MI,48193-6761,Proprietary  ,41,84,125,60,211,271
03028500,LAWTON SCHOOL                           ,MI,48075-5406,Proprietary  ,19,69,88,39,134,173
03066600,BAY MILLS COMMUNITY COLLEGE             ,MI,49715-9750,Public       ,43,129,172,125,262,387
03075200,TWIN CITY BEAUTY COLLEGE                ,MI,49085-3305,Proprietary  ,29,69,98,51,127,178
03075201,TWIN CITY BEAUTY COLLEGE - TRAVERSE CITY,MI,49686-5119,Proprietary  ,1,3,4,6,12,18
03090000,SHARP'S ACADEMY OF HAIRSTYLING INC.     ,MI,48433-0000,Proprietary  ,4,9,13,16,32,48
03109700,HOUGHTON LAKE INST OF COSMETOLOGY       ,MI,48629-9702,Proprietary  ,2,3,5,12,9,21
03110300,THE SCHOOL OF CREATIVE HAIR DESIGN      ,MI,49036-1139,Proprietary  ,5,26,31,14,42,56
03124000,NORTHWESTERN TECHNOLOGICAL INST         ,MI,48075-2412,Proprietary  ,22,129,151,65,293,358
03135300,MICHIGAN THEOLOGICAL SEMINARY           ,MI,48170-4399,Private      ,1,42,43,2,100,102
03284300,MICHIGAN JEWISH INSTITUTE               ,MI,48237-0000,Private      ,230,25,255,357,35,392
03490300,PAUL MITCHELL THE SCHOOL ESCANABA       ,MI,49829-0000,Proprietary  ,8,6,14,12,13,25
03588300,IRENE'S MYOMASSOLOGY INSTITUTE          ,MI,48033-2404,Proprietary  ,26,116,142,61,279,340
03691400,AVE MARIA SCHOOL OF LAW                 ,MI,48105-0000,Private      ,0,53,53,1,586,587
03704300,BLUE WATER COLLEGE OF COSMETOLOGY       ,MI,48040-0000,Proprietary  ,8,19,27,24,28,52
03772300,SAGINAW CHIPPEWA TRIBAL COLLEGE         ,MI,48858-0000,Public       ,3,16,19,8,32,40
03815300,IN SESSION-ARTS OF COSMETOLOGY BEAU     ,MI,48609-0000,Proprietary  ,10,33,43,33,88,121
03907300,PAUL MITCHELL THE SCHOOL GREAT LAKES    ,MI,48060-0000,Proprietary  ,37,37,74,61,51,112
03915300,CAREER QUEST LEARNING CENTER            ,MI,48910-4732,Proprietary  ,11,146,157,27,357,384
03968300,LAKEWOOD SCHOOL OF THERAPEUTIC MASSAGE  ,MI,48060-0000,Proprietary  ,7,15,22,13,31,44
03976500,ANN ARBOR INSTITUTE OF MASSAGE THERAPY  ,MI,48103-0000,Proprietary  ,6,24,30,25,53,78
04002400,ECUMENICAL THEOLOGICAL SEMINARY         ,MI,48201-3035,Private      ,0,31,31,3,80,83
04006300,NUVO COLLEGE OF COSMETOLOGY             ,MI,49441-3822,Proprietary  ,12,23,35,18,48,66
04014300,P&A SCHOLARS BEAUTY SCHOOL              ,MI,48204-0000,Proprietary  ,26,60,86,51,130,181
04055300,CREATIVE HAIR SCHOOL OF COSMETOLOGY     ,MI,48504-1234,Proprietary  ,16,18,34,24,45,69
04094300,ROBERT B. MILLER COLLEGE (THE)          ,MI,49017-3306,Private      ,6,76,82,33,231,264
04121100,GALLERY COLLEGE OF BEAUTY (THE)         ,MI,48036-3591,Proprietary  ,19,48,67,34,83,117
04136300,FOCUS:  HOPE INFORMATION TECHNOLOGIES CE,MI,48238-2949,Private      ,9,28,37,9,28,37
04138400,SCHOOL OF DESIGNING ARTS                ,MI,49037-7995,Proprietary  ,7,16,23,10,28,38
04140900,INTERNATIONAL COSMETOLOGY ACADEMY       ,MI,49508-1308,Proprietary  ,4,34,38,4,41,45
00233200,ANOKA-RAMSEY CC-CAMBRIDGE/COONRAPID     ,MN,55433-3499,Public       ,1191,1127,2318,2564,2612,5176
00233400,AUGSBURG COLLEGE                        ,MN,55454-1351,Private      ,141,586,727,2364,1761,4125
00233500,RIVERLAND COMMUNITY COLLEGE             ,MN,55912-1473,Public       ,347,528,875,913,1199,2112
00233600,BEMIDJI STATE UNIVERSITY                ,MN,56601-2699,Public       ,541,552,1093,2913,1406,4319
00233700,BETHANY LUTHERAN COLLEGE INC            ,MN,56001-6163,Private      ,73,10,83,656,39,695
00233900,CENTRAL LAKES COLG-BRAINERD/STAPLES     ,MN,56401-3900,Public       ,477,598,1075,1333,1383,2716
00234000,CARLETON COLLEGE                        ,MN,55057-4001,Private      ,49,6,55,2964,28,2992
00234100,COLLEGE OF ST BENEDICT                  ,MN,56374-2099,Private      ,145,7,152,2048,37,2085
00234200,COLLEGE OF ST CATHERINE                 ,MN,55105-1789,Private      ,178,658,836,2104,2718,4822
00234300,COLLEGE OF ST SCHOLASTICA               ,MN,55811-4199,Private      ,281,474,755,2267,1360,3627
00234500,UNIVERSITY OF ST THOMAS                 ,MN,55105-1096,Private      ,414,872,1286,5846,3367,9213
00234600,CONCORDIA COLLEGE-MOORHEAD              ,MN,56562-0001,Private      ,296,39,335,3226,144,3370
00234700,"CONCORDIA UNIVERSITY, ST PAUL, MN       ",MN,55104-5494,Private      ,191,631,822,1222,1358,2580
00235000,VERMILION COMMUNITY COLLEGE             ,MN,55731-1996,Public       ,99,40,139,435,116,551
00235200,FERGUS FALLS COMMUNITY COLLEGE          ,MN,56537-1000,Public       ,41,39,80,41,39,80
00235300,GUSTAVUS ADOLPHUS COLLEGE               ,MN,56082-1498,Private      ,100,10,110,3047,36,3083
00235400,HAMLINE UNIVERSITY                      ,MN,55104-1284,Private      ,304,563,867,2526,2736,5262
00235500,HIBBING COMMUNITY COLLEGE               ,MN,55746-3300,Public       ,240,369,609,630,797,1427
00235600,ITASCA COMMUNITY COLLEGE                ,MN,55744-3397,Public       ,161,140,301,667,404,1071
00235700,LUTHER SEMINARY                         ,MN,55108-0000,Private      ,0,62,62,2,411,413
00235800,MACALESTER COLLEGE                      ,MN,55105-1899,Private      ,66,14,80,3283,75,3358
00236000,"MINNESOTA STATE UNIVERSITY, MANKATO     ",MN,56002-0000,Public       ,1774,923,2697,9813,3215,13028
00236100,MARTIN LUTHER COLLEGE                   ,MN,56073-3965,Private      ,18,7,25,651,56,707
00236200,MINNEAPOLIS COMM AND TECH COLLEGE       ,MN,55403-1779,Public       ,1230,2739,3969,3379,6558,9937
00236500,MINNEAPOLIS COLLEGE OF ART & DESIGN     ,MN,55404-4343,Private      ,40,50,90,869,305,1174
00236600,CROSSROADS COLLEGE                      ,MN,55902-2382,Private      ,22,29,51,118,74,192
00236700,MINNESOTA STATE UNIVERSITY MOORHEAD     ,MN,56563-0001,Public       ,1012,624,1636,5026,1841,6867
00236900,NORTH CENTRAL UNIVERSITY                ,MN,55404-1391,Private      ,113,81,194,1071,315,1386
00237000,NORTH HENNEPIN COMMUNITY COLLEGE        ,MN,55445-2299,Public       ,923,1369,2292,2101,3155,5256
00237100,NORTHWESTERN COLLEGE                    ,MN,55113-1598,Private      ,205,254,459,2215,658,2873
00237300,ROCHESTER COMMUNITY/TECH COLLEGE        ,MN,55904-4999,Public       ,824,852,1676,2438,2178,4616
00237500,SOUTHWEST MINNESOTA STATE UNIVERSITY    ,MN,56258-1598,Public       ,217,267,484,1968,859,2827
00237700,ST CLOUD STATE UNIVERSITY               ,MN,56301-4498,Public       ,2242,1381,3623,9233,3650,12883
00237900,SAINT JOHNS UNIVERSITY                  ,MN,56321-0000,Private      ,113,14,127,1757,91,1848
00238000,SAINT MARY'S UNIVERSITY                 ,MN,55987-1399,Private      ,111,914,1025,1528,2357,3885
00238200,ST OLAF COLLEGE                         ,MN,55057-1098,Private      ,106,9,115,3729,53,3782
00238300,CROWN COLLEGE                           ,MN,55375-9001,Private      ,133,228,361,729,519,1248
00238500,NORTHLAND COMMUNITY & TECHNICAL CLG     ,MN,56701-2598,Public       ,571,659,1230,1419,1593,3012
00238600,UNITED THEOLGCL SEMINRY TWIN CITIES     ,MN,55112-0000,Private      ,0,25,25,1,94,95
00238800,"UNIVERSITY OF MINNESOTA, DULUTH         ",MN,55812-2496,Public       ,1459,532,1991,8558,1689,10247
00238900,"UNIVERSITY OF MINNESOTA, MORRIS         ",MN,56267-2113,Public       ,126,43,169,1647,194,1841
00239100,WILLIAM MITCHELL COLLEGE OF LAW         ,MN,55105-0000,Private      ,0,157,157,6,1278,1284
00239300,MINNESOTA STATE COLLEGE-SE TECH         ,MN,55987-0409,Public       ,323,455,778,718,1021,1739
00239400,WINONA STATE UNIVERSITY                 ,MN,55987-5838,Public       ,1155,421,1576,6399,1102,7501
00396900,UNIVERSITY OF MINNESOTA-TWIN CITIES     ,MN,55455-0422,Public       ,3212,3552,6764,25255,15321,40576
00400900,MESABI RANGE CMNTY & TECH COLLEGE       ,MN,55792-0000,Public       ,230,280,510,557,553,1110
00405708,NATIONAL AMERICAN UNIVERSITY            ,MN,55113-0000,Proprietary  ,22,108,130,45,247,292
00405715,NATIONAL AMERICAN UNIVERSITY - BLOOMINGT,MN,55425-5550,Proprietary  ,3,54,57,13,161,174
00406900,UNIVERSITY OF MINNESOTA-CROOKSTON       ,MN,56716-5001,Public       ,165,102,267,932,295,1227
00438600,VETERAN'S MEDICAL CTR- SCH RAD TECH     ,MN,55417-2399,Public       ,0,2,2,3,8,11
00464100,DUNWOODY COLLEGE OF TECHNOLOGY          ,MN,55403-1192,Private      ,314,384,698,899,983,1882
00464200,GLOBE UNIVERSITY                        ,MN,55128-0000,Proprietary  ,256,561,817,581,1185,1766
00464500,MINNEAPOLIS BUSINESS COLLEGE            ,MN,55113-4036,Proprietary  ,53,32,85,457,112,569
00464600,MINNESOTA SCHOOL OF BUSINESS            ,MN,55423-0000,Proprietary  ,770,1480,2250,2215,4775,6990
00464800,RASMUSSEN COLLEGE - EAGAN               ,MN,55122-1346,Proprietary  ,63,218,281,198,804,1002
00484602,RASMUSSEN COLLEGE - MOORHEAD            ,MN,56560-4513,Proprietary  ,0,0,0,0,1,1
00525200,RIDGEWATER COLLEGE                      ,MN,56201-2098,Public       ,627,573,1200,1884,1435,3319
00526300,MINNESOTA WEST CMNTY & TECH COLG        ,MN,56241-1096,Public       ,296,418,714,928,1039,1967
00553300,"SAINT PAUL COLLEGE, COMMUNITY/TECHNICAL ",MN,55102-1800,Public       ,543,1426,1969,1805,3500,5305
00553400,ST CLOUD TECHNICAL COLLEGE              ,MN,56303-1240,Public       ,772,609,1381,2080,1404,3484
00553500,PINE TECHNICAL COLLEGE                  ,MN,55063-2198,Public       ,86,174,260,176,431,607
00553700,SOUTH CENTRAL COLLEGE                   ,MN,56003-0000,Public       ,510,526,1036,1418,1392,2810
00554100,MINNESOTA STATE COMMUNITY AND TECHNICAL ,MN,56573-1405,Public       ,830,1013,1843,2276,2467,4743
00554400,ALEXANDRIA TECHNICAL COLLEGE            ,MN,56308-3799,Public       ,273,239,512,1176,615,1791
00575700,LAKE SUPERIOR COLLEGE                   ,MN,55811-3399,Public       ,694,710,1404,1743,1856,3599
00575900,NORTHWEST TECHNICAL COLLEGE - BEMIDJI   ,MN,56601-4907,Public       ,139,275,414,396,751,1147
00677500,RAINY RIVER COMMUNITY COLLEGE           ,MN,56649-2187,Public       ,50,51,101,108,105,213
00735000,ANOKA-HENNEPIN TECHNICAL COLLEGE        ,MN,55303-1590,Public       ,311,558,869,662,1239,1901
00735100,BROWN COLLEGE                           ,MN,55120-1004,Proprietary  ,209,281,490,1059,977,2036
00746200,COLLEGE OF VISUAL ARTS                  ,MN,55102-2199,Private      ,38,16,54,202,54,256
00795400,NORMANDALE COMMUNITY COLLEGE            ,MN,55431-4399,Public       ,1165,1216,2381,3327,3309,6636
00826700,NORTHWEST TECHNICAL INSTITUTE           ,MN,55121-5001,Proprietary  ,23,13,36,115,30,145
00869400,RASMUSSEN COLLEGE ST. CLOUD             ,MN,56301-3713,Proprietary  ,74,242,316,276,965,1241
00869401,RASMUSSEN COLLEGE - SAINT CLOUD - BROOKL,MN,55445-1512,Proprietary  ,77,291,368,217,1031,1248
00905800,BETHEL UNIVERSITY                       ,MN,55112-6999,Private      ,271,592,863,2886,1589,4475
00960000,COSMETOLOGY CAREERS UNLTD-DULUTH        ,MN,55802-2031,Proprietary  ,10,15,25,16,32,48
00972200,EMPIRE BEAUTY SCHOOL                    ,MN,55119-7003,Proprietary  ,28,57,85,64,131,195
00974000,INVER HILLS COMMUNITY COLLEGE           ,MN,55076-3224,Public       ,720,944,1664,1620,2041,3661
00983100,MODEL COLLEGE OF HAIR DESIGN            ,MN,56301-4280,Proprietary  ,20,13,33,70,34,104
00987000,SCOT LEWIS SCHOOL - BLOOMINGTON         ,MN,55420-2919,Proprietary  ,45,82,127,112,177,289
00989200,"DULUTH BUSINESS UNIV, INC.              ",MN,55807-0000,Proprietary  ,54,115,169,127,308,435
00999200,OAK HILLS CHRISTIAN COLLEGE             ,MN,56601-0000,Private      ,31,31,62,112,69,181
01024800,ART INSTITUTES INTL MINNESOTA           ,MN,55402-3137,Proprietary  ,320,290,610,1544,880,2424
01035602,EVEREST INSTITUTE - EAGAN               ,MN,55121-1696,Proprietary  ,54,291,345,111,684,795
01037400,METROPOLITAN STATE UNIVERSITY           ,MN,55106-5000,Public       ,359,1577,1936,1440,4606,6046
01040200,DAKOTA COUNTY TECHNICAL COLLEGE         ,MN,55068-2999,Public       ,440,543,983,977,1243,2220
01049000,REGENCY BEAUTY INSTITUTE                ,MN,55428-0000,Proprietary  ,680,1048,1728,1797,2680,4477
01049100,HENNEPIN TECHNICAL COLLEGE              ,MN,55445-2399,Public       ,536,1120,1656,1329,2777,4106
01054600,CENTURY COMMUNITY AND TECHNICAL CLG     ,MN,55110-1894,Public       ,1422,1622,3044,3447,3977,7424
01101700,HERZING COLLEGE                         ,MN,55428-3548,Proprietary  ,48,92,140,148,261,409
01168600,RASMUSSEN COLLEGE - EDEN PRAIRIE        ,MN,55344-7220,Proprietary  ,58,422,480,180,1294,1474
01173200,"MAYO CLINIC, COLLEGE OF MEDICINE        ",MN,55905-0000,Private      ,3,26,29,33,310,343
01173201,MAYO SCHOOL OF HEALTH-RELATED SCIEN     ,MN,55905-0000,Private      ,1,9,10,36,115,151
01173206,MAYO GRAD SCHOOL                        ,MN,55901-0000,Private      ,0,7,7,0,35,35
01173207,MAYO MEDICAL SCHOOL                     ,MN,55901-0000,Private      ,0,9,9,1,160,161
01232800,NORTHWESTERN HEALTH SCIENCES UNIV       ,MN,55431-1599,Private      ,15,190,205,45,832,877
02050300,ACADEMY COLLEGE                         ,MN,55420-1554,Proprietary  ,12,61,73,43,155,198
02123200,AVEDA INSTITUTE                         ,MN,55414-0000,Proprietary  ,94,73,167,313,212,525
02159800,COSMETOLOGY CAREERS UNLTD - HIBBING     ,MN,55746-0000,Proprietary  ,10,7,17,17,13,30
02160901,"SALON PROFESSIONAL ACADEMY, THE - THE SA",MN,55428-4928,Proprietary  ,20,22,42,45,46,91
02179901,ARGOSY UNIVERSITY - TWIN CITIES         ,MN,55121-1756,Proprietary  ,0,0,0,47,133,180
02238100,MINNESOTA SCHOOL OF COSMETOLOGY         ,MN,55125-0000,Proprietary  ,36,61,97,73,141,214
02260500,SUMMIT ACAD OPPORTUNITIES IND CTR       ,MN,55405-0000,Private      ,12,100,112,16,125,141
02263102,HIGH-TECH INSTITUTE - MINNEAPOLIS       ,MN,55416-2467,Proprietary  ,2,12,14,12,34,46
02284500,PILLSBURY BAPTIST BIBLE COLLEGE         ,MN,55060-0000,Private      ,29,3,32,129,18,147
02503300,RASMUSSEN COLLEGE - MANKATO             ,MN,56001-8658,Proprietary  ,56,163,219,234,710,944
02503302,RASMUSSEN COLLEGE - MANKATO -  LAKE ELMO,MN,55042-8624,Proprietary  ,50,154,204,133,539,672
02504200,WALDEN UNIVERSITY                       ,MN,55401-2511,Proprietary  ,19,9313,9332,57,25953,26010
02514100,AMERICAN INDIAN OPPORTUNITIES CTR       ,MN,55404-0000,Private      ,1,48,49,4,88,92
02543600,INGENUE                                 ,MN,56560-0000,Proprietary  ,8,5,13,16,7,23
02551200,EAST METRO OIC                          ,MN,55104-3435,Private      ,9,71,80,20,98,118
03001200,MCNALLY SMITH COLLEGE OF MUSIC          ,MN,55101-2220,Proprietary  ,147,55,202,583,176,759
03051900,ALFRED ADLER GRADUATE SCHOOL            ,MN,55305-0000,Private      ,0,59,59,0,183,183
03096400,LEECH LAKE TRIBAL COLLEGE               ,MN,56633-0000,Public       ,22,118,140,42,210,252
03129100,FOND DU LAC TRIBAL & COMMUNITY CLG      ,MN,55720-2984,Public       ,205,378,583,388,669,1057
03267300,CAPELLA UNIVERSITY                      ,MN,55402-3389,Proprietary  ,25,6321,6346,61,28966,29027
03833300,AMERICAN ACADEMY OF ACUPUNCTURE AND ORIE,MN,55113-0000,Proprietary  ,3,34,37,4,68,72
03921400,WHITE EARTH TRIBAL AND COMMUNITY COLLEGE,MN,56557-0478,Private      ,8,35,43,15,68,83
04044300,HAZELDEN GRADUATE SCHOOL OF ADDICTION ST,MN,55012-0000,Private      ,0,23,23,0,72,72
00239600,ALCORN STATE UNIVERSITY                 ,MS,39096-7500,Public       ,569,908,1477,3070,2568,5638
00239700,BELHAVEN COLLEGE                        ,MS,39202-1789,Private      ,127,796,923,1215,2498,3713
00239800,BLUE MOUNTAIN COLLEGE                   ,MS,38610-9370,Private      ,67,86,153,328,267,595
00240100,COAHOMA COMMUNITY COLLEGE               ,MS,38614-9799,Public       ,591,1165,1756,1277,1941,3218
00240200,COPIAH-LINCOLN COMMUNITY COLLEGE        ,MS,39191-0649,Public       ,659,716,1375,1743,1801,3544
00240300,DELTA STATE UNIVERSITY                  ,MS,38733-0000,Public       ,519,874,1393,2722,2671,5393
00240400,EAST CENTRAL COMMUNITY COLLEGE          ,MS,39327-0129,Public       ,414,644,1058,1368,1511,2879
00240500,EAST MISSISSIPPI COMM COLLEGE           ,MS,39358-0000,Public       ,852,1340,2192,1992,2574,4566
00240700,HINDS COMMUNITY COLLEGE                 ,MS,39154-9799,Public       ,1994,2586,4580,5454,6717,12171
00240800,HOLMES COMMUNITY COLLEGE                ,MS,39079-0000,Public       ,967,1615,2582,2756,4047,6803
00240900,ITAWAMBA COMMUNITY COLLEGE              ,MS,38843-1099,Public       ,976,2026,3002,3042,4372,7414
00241000,JACKSON STATE UNIVERSITY                ,MS,39217-0001,Public       ,1376,2625,4001,7574,7479,15053
00241100,JONES COUNTY JUNIOR COLLEGE             ,MS,39437-3999,Public       ,759,753,1512,2946,2082,5028
00241300,MERIDIAN COMMUNITY COLLEGE              ,MS,39307-5890,Public       ,714,933,1647,1879,2043,3922
00241400,MILLSAPS COLLEGE                        ,MS,39201-0000,Private      ,111,112,223,1289,339,1628
00241500,MISSISSIPPI COLLEGE                     ,MS,39058-0001,Private      ,412,702,1114,2160,2618,4778
00241501,MISSISSIPPI COLLEGE SCHOOL OF LAW       ,MS,39201-0000,Private      ,2,110,112,25,809,834
00241502,MISSISSIPPI COLLEGE - RANKIN CAMPUS     ,MS,39042-0000,Private      ,1,13,14,11,42,53
00241600,MISSISSIPPI DELTA CMTY COLLEGE          ,MS,38761-0000,Public       ,676,944,1620,1752,1982,3734
00241700,MISSISSIPPI GULF CST CLG-PERKINSTON     ,MS,39573-0000,Public       ,305,194,499,1151,569,1720
00241701,MISSISSIPPI GULF CST CLG-JEFF DAVIS     ,MS,39507-0000,Public       ,482,766,1248,1208,1978,3186
00241702,MISSISSIPPI GULF CST CLG-JACKSON CN     ,MS,39553-0000,Public       ,416,637,1053,1098,1462,2560
00242200,MISSISSIPPI UNIV FOR WOMEN              ,MS,39701-5818,Public       ,297,492,789,1375,1474,2849
00242300,MISSISSIPPI STATE UNIVERSITY            ,MS,39762-9698,Public       ,1784,1730,3514,10071,5339,15410
00242400,MISSISSIPPI VALLEY STATE UNIVERSITY     ,MS,38941-1400,Public       ,685,1322,2007,2725,3159,5884
00242600,NORTHEAST MS CMNTY COLLEGE              ,MS,38829-1731,Public       ,593,622,1215,2013,1657,3670
00242700,NORTHWEST MISSISSIPPI COMMUNITY CLG     ,MS,38668-1703,Public       ,1340,1487,2827,3946,3647,7593
00243000,PEARL RIVER COMMUNITY COLLEGE           ,MS,39470-2201,Public       ,902,1026,1928,2406,2473,4879
00243300,RUST COLLEGE                            ,MS,38635-2328,Private      ,266,158,424,1327,428,1755
00243500,SOUTHEASTERN BAPTIST COLLEGE            ,MS,39440-0000,Private      ,14,28,42,28,57,85
00243600,SOUTHWEST MISSISSIPPI CMNTY CLG         ,MS,39666-8099,Public       ,413,378,791,1198,1055,2253
00243900,TOUGALOO COLLEGE                        ,MS,39174-9799,Private      ,219,136,355,1471,440,1911
00244000,UNIVERSITY OF MISSISSIPPI               ,MS,38677-1848,Public       ,1584,1435,3019,7984,4935,12919
00244001,UNIVERSITY OF MISSISSIPPI - MED CTR     ,MS,39216-0000,Public       ,45,152,197,343,1449,1792
00244100,UNIVERSITY OF SOUTHERN MISSISSIPPI      ,MS,39406-0001,Public       ,1917,2271,4188,9089,7084,16173
00244700,WILLIAM CAREY UNIVERSITY                ,MS,39401-5499,Private      ,300,870,1170,1039,2454,3493
01146100,WESLEY COLLEGE                          ,MS,39073-1070,Private      ,34,30,64,61,72,133
01289101,ANTONELLI COLLEGE - JACKSON             ,MS,39208-4526,Proprietary  ,38,192,230,109,367,476
01289102,ANTONELLI COLLEGE - HATTIESBURG         ,MS,39401-3056,Proprietary  ,44,158,202,109,528,637
02074900,CHRIS' BEAUTY COLLEGE                   ,MS,39501-0000,Proprietary  ,3,24,27,21,73,94
02160500,NORTH MISSISSIPPI MED CTR MED TECH      ,MS,38801-0000,Private      ,3,5,8,7,28,35
02235900,ACADEMY OF HAIR DESIGN #4               ,MS,39208-0000,Proprietary  ,8,28,36,25,83,108
02244300,ACADEMY OF HAIR DESIGN #1               ,MS,38901-0000,Proprietary  ,21,83,104,52,190,242
02249900,DELTA BEAUTY COLLEGE                    ,MS,38701-0000,Proprietary  ,10,24,34,30,68,98
02251600,ACADEMY OF HAIR DESIGN #6               ,MS,39401-7581,Proprietary  ,15,29,44,28,103,131
02251700,FOSTER'S COSMETOLOGY COLLEGE            ,MS,38663-0000,Proprietary  ,2,29,31,5,39,44
02302800,MISSISSIPPI COLLEGE OF BEAUTY CULT      ,MS,39440-0000,Proprietary  ,10,30,40,13,34,47
02320800,MAGNOLIA COLLEGE OF COSMETOLOGY         ,MS,39206-0000,Proprietary  ,31,76,107,53,146,199
02361200,MAGNOLIA BIBLE COLLEGE                  ,MS,39090-0000,Private      ,1,13,14,10,29,39
02490200,"ICS, THE WRIGHT BEAUTY COLLEGE          ",MS,38834-0000,Proprietary  ,3,10,13,7,27,34
02502100,CREATIONS COLLEGE OF COSMETOLOGY        ,MS,38803-0000,Proprietary  ,9,25,34,20,82,102
02516200,WESLEY BIBLICAL SEMINARY                ,MS,39206-0000,Private      ,0,37,37,0,93,93
02554600,GIBSON'S BARBER AND BEAUTY COLLEGE      ,MS,39773-0000,Proprietary  ,12,35,47,17,48,65
02586000,J & J HAIR DESIGN COLLEGE               ,MS,39051-3716,Proprietary  ,9,48,57,22,89,111
03004000,FINAL TOUCH BEAUTY SCHOOL               ,MS,39307-2934,Proprietary  ,9,23,32,19,44,63
03010401,CRESCENT CITY BARTENDING SCHOOL         ,MS,39501-0000,Proprietary  ,1,9,10,3,20,23
03010404,CRESCENT CITY SCHOOL OF GAMING & BARTEND,MS,38664-1903,Proprietary  ,1,3,4,2,5,7
03010603,VIRGINIA COLLEGE - JACKSON              ,MS,39206-5602,Proprietary  ,25,94,119,60,252,312
03010610,VIRGINIA COLLEGE - BILOXI               ,MS,39532-2124,Proprietary  ,4,56,60,25,166,191
03263300,TRAXLER'S SCHOOL OF HAIR                ,MS,39212-2529,Proprietary  ,5,23,28,7,36,43
03464300,ACADEMY OF HAIR DESIGN                  ,MS,39562-0000,Proprietary  ,7,16,23,10,43,53
03525300,BLUE CLIFF COLLEGE                      ,MS,39507-0000,Proprietary  ,22,62,84,56,197,253
03848300,DAY SPA CAREER COLLEGE                  ,MS,39564-0000,Proprietary  ,2,27,29,11,57,68
03963300,HEALING TOUCH SCHOOL OF MASSAGE THERAPY ,MS,39402-1300,Proprietary  ,0,7,7,5,30,35
04131300,CORINTH ACADEMY OF COSMETOLOGY          ,MS,38834-4813,Proprietary  ,5,23,28,12,40,52
00252600,CARROLL COLLEGE                         ,MT,59625-0002,Private      ,65,49,114,1464,201,1665
00252700,UNIVERSITY OF GREAT FALLS               ,MT,59405-4996,Private      ,75,147,222,453,441,894
00252800,MILES COMMUNITY COLLEGE                 ,MT,59301-4799,Public       ,75,68,143,274,199,473
00252900,DAWSON COMMUNITY COLLEGE                ,MT,59330-1405,Public       ,58,41,99,221,95,316
00253000,MONTANA STATE UNIVERSITY - BILLINGS     ,MT,59101-0298,Public       ,394,739,1133,2272,2654,4926
00253100,MONTANA TECH OF THE UNIV OF MONTANA     ,MT,59701-8997,Public       ,165,202,367,1310,857,2167
00253200,MONTANA STATE UNIVERSITY - BOZEMAN      ,MT,59717-0001,Public       ,867,769,1636,7428,3245,10673
00253300,MONTANA STATE UNIVERSITY-NORTHERN       ,MT,59501-3148,Public       ,125,217,342,644,693,1337
00253400,ROCKY MOUNTAIN COLLEGE                  ,MT,59102-1796,Private      ,79,71,150,829,306,1135
00253600,UNIVERSITY OF MONTANA (THE)             ,MT,59812-0001,Public       ,894,1194,2088,7384,5867,13251
00253700,UNIVERSITY OF MONTANA WESTERN (THE)     ,MT,59725-3598,Public       ,112,72,184,923,419,1342
00442500,BENEFIS HEALTHCARE SCH RAD TECH         ,MT,59405-4324,Private      ,1,3,4,8,12,20
00677700,FLATHEAD VALLEY COMMUNITY COLLEGE       ,MT,59901-2699,Public       ,136,249,385,544,764,1308
00757000,HELENA COLLEGE OF TECHNOLOGY            ,MT,59601-3098,Public       ,78,153,231,340,566,906
00790000,BUTTE ACADEMY OF BEAUTY CULTURE         ,MT,59701-9197,Proprietary  ,7,13,20,21,25,46
00894700,"DAHL'S COLLEGE OF BEAUTY,INC            ",MT,59401-3731,Proprietary  ,1,6,7,14,25,39
00931400,MSU COLLEGE OF TECH-GREAT FALLS         ,MT,59405-4907,Public       ,149,383,532,540,1102,1642
02143400,SALISH KOOTENAI COLLEGE                 ,MT,59855-0000,Public       ,61,249,310,232,624,856
02286600,LITTLE BIG HORN COLLEGE                 ,MT,59022-0000,Public       ,34,91,125,71,164,235
02343000,FT PECK COMMUNITY COLLEGE               ,MT,59255-0000,Public       ,29,131,160,49,186,235
02510600,BLACKFEET COMMUNITY COLLEGE             ,MT,59417-0000,Private      ,52,216,268,129,364,493
02517500,FORT BELKNAP COLLEGE                    ,MT,59526-0000,Public       ,23,53,76,48,99,147
02545200,CHIEF DULL KNIFE COLLEGE                ,MT,59043-0098,Public       ,12,59,71,55,112,167
02610900,STONE CHILD COLLEGE                     ,MT,59521-9796,Public       ,29,116,145,64,169,233
02621300,ACADEMY OF COSMETOLOGY                  ,MT,59715-3544,Proprietary  ,10,8,18,25,29,54
03205300,MODERN BEAUTY SCHOOL                    ,MT,59801-8386,Proprietary  ,11,6,17,38,31,69
03763400,"ACADEMY OF NAIL, SKIN & HAIR            ",MT,59101-0000,Proprietary  ,9,28,37,40,70,110
03778300,HEALTH WORKS INSTITUTE                  ,MT,59715-0000,Proprietary  ,10,11,21,12,18,30
00253900,CHADRON STATE COLLEGE                   ,NE,69337-2690,Public       ,185,200,385,1535,788,2323
00254000,COLLEGE OF ST MARY                      ,NE,68106-2606,Private      ,81,264,345,403,873,1276
00254100,CONCORDIA UNIVERSITY                    ,NE,68434-1594,Private      ,98,56,154,1289,164,1453
00254200,CREIGHTON UNIVERSITY                    ,NE,68178-0001,Private      ,272,396,668,4533,4160,8693
00254300,DANA COLLEGE                            ,NE,68008-9905,Private      ,53,14,67,835,75,910
00254400,DOANE COLLEGE                           ,NE,68333-2421,Private      ,112,300,412,1300,739,2039
00254700,GRACE UNIVERSITY                        ,NE,68108-3629,Private      ,36,71,107,316,242,558
00254800,HASTINGS COLLEGE                        ,NE,68901-7621,Private      ,100,32,132,1456,104,1560
00255100,UNIVERSITY OF NEBRASKA AT KEARNEY       ,NE,68849-0001,Public       ,512,393,905,3793,1318,5111
00255300,MIDLAND LUTHERAN COLLEGE                ,NE,68025-4254,Private      ,107,59,166,846,188,1034
00255400,UNIVERSITY OF NEBRASKA-OMAHA            ,NE,68182-0001,Public       ,1322,1264,2586,7119,4571,11690
00255500,NEBRASKA WESLEYAN UNIVERSITY            ,NE,68504-2796,Private      ,175,121,296,1834,443,2277
00255700,MID-PLAINS COMM COLLEGE - NORTH PLATTE  ,NE,69101-9420,Public       ,107,210,317,392,462,854
00255701,MID-PLAINS COMMUNITY COLLEGE - MCCOOK   ,NE,69001-2631,Public       ,61,47,108,239,131,370
00255900,PERU STATE COLLEGE                      ,NE,68421-0010,Public       ,112,271,383,879,891,1770
00256000,WESTERN NEBRASKA COMMUNITY COLLEGE      ,NE,69361-1815,Public       ,157,272,429,641,706,1347
00256300,UNION COLLEGE                           ,NE,68506-4387,Private      ,154,65,219,753,268,1021
00256500,UNIVERSITY OF NEBRASKA-LINCOLN          ,NE,68588-0419,Public       ,1520,854,2374,13822,4301,18123
00256596,UNIVERSITY OF NEBRASKA - CURTIS         ,NE,69025-9522,Public       ,20,8,28,204,26,230
00256600,WAYNE STATE COLLEGE                     ,NE,68787-1172,Public       ,345,219,564,2535,727,3262
00256700,YORK COLLEGE                            ,NE,68467-2699,Private      ,135,42,177,425,81,506
00443100,MARY LANNING MEM HOSP SCH RAD TECH      ,NE,68901-4497,Private      ,1,0,1,10,2,12
00443600,REGNL WST MEDCL CTR SCHL RAD            ,NE,69361-0000,Private      ,2,2,4,11,6,17
00458608,KAPLAN UNIVERSITY - OMAHA               ,NE,68134-1002,Proprietary  ,66,370,436,167,1026,1193
00458609,KAPLAN UNIVERSITY - LINCOLN             ,NE,68508-2668,Proprietary  ,38,190,228,133,687,820
00639900,BRYANLGH COLLEGE OF HEALTH SCIENCES     ,NE,68506-1398,Private      ,29,39,68,273,215,488
00640400,NEBR METHODIST CLG OF NURS ALLD HLTH    ,NE,68114-2852,Private      ,47,102,149,344,458,802
00689500,UNIVERSITY OF NEBRASKA-MED CTR          ,NE,68198-4265,Public       ,24,196,220,510,1996,2506
00750100,VATTEROTT COLLEGE                       ,NE,68137-1237,Proprietary  ,47,165,212,144,612,756
00849200,ALEGENT HEALTH SCHOOLS                  ,NE,68114-2767,Private      ,5,18,23,22,57,79
00952300,BAHNER COLLEGE OF HAIRSTYLING           ,NE,68025-3297,Proprietary  ,6,7,13,37,20,57
00961700,CAPITOL BEAUTY SCHOOL                   ,NE,68144-3873,Proprietary  ,28,15,43,94,55,149
00974300,BELLEVUE UNIVERSITY                     ,NE,68005-0000,Private      ,244,1878,2122,711,4840,5551
00986200,CLARKSON COLLEGE                        ,NE,68131-2739,Private      ,50,131,181,389,560,949
01151900,JOSEPH'S COLLEGE OF BEAUTY/ALL CAMPUSES ,NE,68510-2226,Proprietary  ,36,85,121,149,227,376
01151909,JOSEPH'S COLLEGE OF BEAUTY - OMAHA      ,NE,68131-0000,Proprietary  ,1,1,2,5,5,10
01166700,NORTHEAST COMMUNITY COLLEGE             ,NE,68702-0000,Public       ,261,314,575,1366,869,2235
01181400,GATEWAY ELECTRONICS INST                ,NE,68114-0000,Proprietary  ,0,1,1,0,1,1
01258600,METROPOLITAN COMMUNITY COLLEGE          ,NE,68103-0000,Public       ,910,1629,2539,3049,5904,8953
01297600,NEBRASKA CHRISTIAN COLLEGE              ,NE,68046-4256,Private      ,50,26,76,132,40,172
02079700,COLLEGE OF HAIR DESIGN                  ,NE,68508-0000,Proprietary  ,51,17,68,174,72,246
02099500,CENTRAL COMMUNITY COLLEGE- GI           ,NE,68801-0000,Public       ,169,343,512,523,883,1406
02099501,CENTRAL COMMUNITY COLLEGE - HASTINGS    ,NE,68902-0000,Public       ,136,185,321,813,495,1308
02099502,CENTRAL COMMUNITY COLLEGE - COLUMBUS    ,NE,68602-0000,Public       ,82,119,201,376,320,696
02508300,SOUTHEAST COMM. COLLEGE-ALL CAMPUSES    ,NE,68520-0000,Public       ,941,905,1846,4053,3615,7668
02550800,NEBRASKA INDIAN COMMUNITY COLLEGE       ,NE,68039-0000,Private      ,9,41,50,11,53,64
02610500,XENON INTERNATIONAL ACADEMY II          ,NE,68127-3522,Proprietary  ,43,63,106,167,113,280
03127300,OMAHA SCHOOL OF MASSAGE THERAPY         ,NE,68127-5002,Proprietary  ,23,27,50,59,72,131
03164300,THE CREATIVE CENTER                     ,NE,68164-2911,Proprietary  ,28,6,34,147,22,169
03279300,MYOTHERAPY INSTITUTE                    ,NE,68516-3641,Proprietary  ,5,6,11,28,23,51
03323300,LITTLE PRIEST TRIBAL COLLEGE            ,NE,68071-0000,Private      ,16,49,65,24,62,86
03821400,UNIVERSAL COLLEGE OF HEALING ARTS       ,NE,68112-1810,Proprietary  ,2,7,9,8,32,40
00256800,UNIVERSITY OF NEVADA RENO               ,NV,89557-0002,Public       ,754,716,1470,6069,3582,9651
00256900,UNIVERSITY OF NEVADA-LAS VEGAS          ,NV,89154-1001,Public       ,1299,2007,3306,9808,10518,20326
00697700,GREAT BASIN COLLEGE                     ,NV,89801-3348,Public       ,132,305,437,376,711,1087
00736700,MARINELLO SCHOOLS OF BEAUTY             ,NV,89110-3563,Proprietary  ,38,116,154,78,277,355
00737100,MARINELLO SCHOOL OF BEAUTY              ,NV,89502-5982,Proprietary  ,19,47,66,45,97,142
00919200,SIERRA NEVADA COLLEGE                   ,NV,89451-0000,Private      ,45,167,212,246,371,617
01036200,COLLEGE OF SOUTHERN NEVADA              ,NV,89030-4296,Public       ,1838,3452,5290,5338,10360,15698
01036300,WESTERN NEVADA COLLEGE                  ,NV,89703-0000,Public       ,196,449,645,632,1320,1952
01323200,ACADEMY OF HAIR DESIGN                  ,NV,89102-0000,Proprietary  ,49,56,105,82,119,201
02107700,TRUCKEE MEADOWS COMMUNITY CLG           ,NV,89512-0000,Public       ,538,904,1442,1783,3183,4966
02237500,LAS VEGAS COLLEGE                       ,NV,89103-0000,Proprietary  ,86,242,328,263,677,940
02338509,NEVADA CAREER INSTITUTE                 ,NV,89121-0000,Proprietary  ,2,26,28,14,65,79
02361001,ITT TECHNICAL INSTITUTE                 ,NV,89014-0000,Proprietary  ,143,355,498,278,648,926
02616703,SCOTTSDALE CULINARY INSTITUTE - LE CORDO,NV,89144-7047,Proprietary  ,20,61,81,89,169,258
02621500,CAREER COLLEGE OF NORTHERN NEVADA       ,NV,89502-2331,Proprietary  ,56,180,236,89,348,437
03030603,UTAH CLG OF MASSAGE THERAPY-NSMT        ,NV,89123-0000,Proprietary  ,58,137,195,111,276,387
03031405,INTERNATIONAL ACADEMY OF DESIGN AND TECH,NV,89074-7750,Proprietary  ,75,102,177,223,311,534
03043200,KAPLAN COLLEGE                          ,NV,89102-8618,Proprietary  ,44,204,248,110,519,629
03076404,HIGH-TECH INSTITUTE - LAS VEGAS         ,NV,89102-4514,Proprietary  ,18,31,49,38,86,124
03084600,THE ART INSTITUTE OF LAS VEGAS          ,NV,89074-7737,Proprietary  ,226,291,517,1062,1152,2214
03088200,CARSON CITY BEAUTY ACADEMY              ,NV,89706-0000,Proprietary  ,5,31,36,14,84,98
03110000,ACADEMY OF HEALING ARTS                 ,NV,89106-4031,Proprietary  ,60,241,301,127,539,666
03232306,EUPHORIA INSTITUTE - SUMMERLIN          ,NV,89117-8803,Proprietary  ,45,50,95,112,154,266
03232307,EUPHORIA INSTITUTE - GREEN VALLEY       ,NV,89052-4964,Proprietary  ,56,62,118,94,162,256
03232308,EUPHORIA INSTITUTE - ALIANTE            ,NV,89131-1036,Proprietary  ,30,38,68,30,38,68
03787300,EXPERTISE SCHOOL OF BEAUTY              ,NV,89106-2516,Private      ,18,48,66,25,94,119
03838500,NORTHWEST HEALTH CAREERS                ,NV,89128-0000,Proprietary  ,20,81,101,34,119,153
03975300,INSTITUTE OF PROFESSIONAL CAREERS       ,NV,89119-7825,Proprietary  ,1,8,9,11,43,54
04065300,UNIVERSITY OF SOUTHERN NEVADA           ,NV,89014-2333,Private      ,18,74,92,120,1108,1228
04114300,NEVADA STATE COLLEGE                    ,NV,89002-9455,Public       ,128,264,392,608,1002,1610
00257200,COLBY-SAWYER COLLEGE                    ,NH,03257-4648,Private      ,28,4,32,1844,37,1881
00257300,DARTMOUTH COLLEGE                       ,NH,03755-3529,Private      ,110,79,189,8936,1759,10695
00257500,FRANKLIN PIERCE COLLEGE                 ,NH,03461-0060,Private      ,114,182,296,3039,820,3859
00257900,NEW ENGLAND COLLEGE                     ,NH,03242-3293,Private      ,98,220,318,1457,587,2044
00258000,SOUTHERN NEW HAMPSHIRE UNIVERSITY       ,NH,03106-1045,Private      ,178,763,941,3795,2991,6786
00258100,NHTI  - CONCORD'S COMMUNITY COLLEGE     ,NH,03301-7412,Public       ,383,289,672,1886,1037,2923
00258200,MANCHESTER COMMUNITY COLLEGE            ,NH,03102-8518,Public       ,206,229,435,798,777,1575
00258202,NEW HAMPSHIRE COMMUNITY TECHNICAL COLLEG,NH,03038-0000,Public       ,9,6,15,38,12,50
00258300,GREAT BAY COMMUNITY COLLEGE             ,NH,03885-0000,Public       ,140,124,264,592,572,1164
00258600,RIVIER COLLEGE                          ,NH,03060-5086,Private      ,83,187,270,1309,719,2028
00258700,SAINT ANSELM COLLEGE                    ,NH,03102-1310,Private      ,25,9,34,3698,62,3760
00258900,UNIVERSITY OF NEW HAMPSHIRE             ,NH,03824-2511,Public       ,340,238,578,17982,2679,20661
00259000,KEENE STATE COLLEGE                     ,NH,03431-0000,Public       ,203,59,262,6622,492,7114
00259100,PLYMOUTH STATE UNIVERSITY               ,NH,03264-1595,Public       ,168,94,262,5875,726,6601
00301004,ANTIOCH UNIVERSITY                      ,NH,03431-0000,Private      ,0,85,85,2,783,785
00472900,HESSER COLLEGE                          ,NH,03103-7230,Proprietary  ,245,316,561,754,881,1635
00472901,HESSER COLLEGE - NASHUA CAMPUS          ,NH,03063-1286,Proprietary  ,71,179,250,154,408,562
00472904,HESSER COLLEGE - PORTSMOUTH CAMPUS      ,NH,03801-3245,Proprietary  ,55,134,189,117,356,473
00472905,HESSER COLLEGE - SALEM CAMPUS           ,NH,03079-2842,Proprietary  ,96,193,289,213,488,701
00472906,HESSER COLLEGE - CONCORD CAMPUS         ,NH,03301-3415,Proprietary  ,30,107,137,82,339,421
00473000,MCINTOSH COLLEGE INC                    ,NH,03820-3990,Proprietary  ,12,16,28,263,203,466
00473100,DANIEL WEBSTER COLLEGE                  ,NH,03063-1300,Private      ,61,39,100,1084,208,1292
00473300,CHESTER COLLEGE OF NEW ENGLAND          ,NH,03036-4331,Private      ,24,10,34,287,29,316
00529100,WHITE MOUNTAINS COMMUNITY COLLEGE       ,NH,03570-3799,Public       ,65,146,211,260,448,708
00702500,LEBANON COLLEGE                         ,NH,03766-0000,Private      ,4,14,18,33,46,79
00755500,LAKES REGION COMMUNITY COLLEGE          ,NH,03246-1326,Public       ,141,85,226,493,319,812
00756000,RIVER VALLEY COMMUNITY COLLEGE          ,NH,03743-9707,Public       ,45,133,178,204,479,683
00849300,CONTINENTAL ACADEMIE OF HAIR DESIGN     ,NH,03103-4901,Proprietary  ,2,3,5,10,8,18
00864500,EMPIRE BEAUTY SCHOOL                    ,NH,03220-0000,Proprietary  ,53,44,97,96,69,165
00923600,NASHUA COMMUNITY COLLEGE                ,NH,03063-2052,Public       ,184,163,347,614,531,1145
01318900,CONTINENTAL ACADEMIE OF HAIR DESIGN     ,NH,03051-3754,Proprietary  ,12,8,20,20,12,32
02097900,FRANKLIN PIERCE LAW CENTER              ,NH,03301-0000,Private      ,1,48,49,13,765,778
02140400,ST JOSEPH SCH OF PRAC NRSG              ,NH,03060-0000,Private      ,4,23,27,34,81,115
02174800,MICHAEL'S SCHOOL OF HAIR DESIGN & ESTHET,NH,03110-0000,Proprietary  ,32,27,59,63,45,108
02179600,EMPIRE BEAUTY SCHOOL                    ,NH,03878-0000,Proprietary  ,40,63,103,76,118,194
02211600,PORTSMOUTH BTY SCH OF HAIR DESIGN       ,NH,03801-4084,Proprietary  ,10,1,11,24,6,30
02245400,KEENE BEAUTY ACADEMY                    ,NH,03431-0000,Proprietary  ,14,16,30,31,29,60
02247000,NEW ENGLAND SCHOOL OF HAIR DESIGN       ,NH,03784-0000,Proprietary  ,10,12,22,24,31,55
02300200,CONCORD ACADEMY OF HAIR DESIGN          ,NH,03301-0000,Proprietary  ,2,4,6,5,9,14
03043100,THOMAS MORE COLLEGE OF LIBERAL ARTS     ,NH,03054-4818,Private      ,12,1,13,100,9,109
03101300,GRANITE STATE COLLEGE                   ,NH,03301-6400,Public       ,56,281,337,203,1085,1288
03182300,NEW HAMPSHIRE INSTITUTE OF ART          ,NH,03104-4858,Private      ,29,18,47,458,81,539
03305300,SECOND START                            ,NH,03301-5706,Private      ,0,0,0,0,1,1
03437300,UPPER VALLEY TEACHER INSTITUTE          ,NH,03766-1358,Private      ,1,10,11,5,40,45
03729300,NH INSTITUTE FOR THERAPEUTIC ARTS       ,NH,03051-4906,Proprietary  ,2,21,23,6,33,39
00267000,BAPTIST BIBLE COLG OF PENNSYLVANIA      ,PA,18411-1297,Private      ,76,46,122,637,123,760
00322800,BRYN ATHYN COLLEGE OF THE NEW CHURCH    ,PA,19009-0717,Private      ,16,2,18,73,12,85
00322900,ALBRIGHT COLLEGE                        ,PA,19612-5234,Private      ,114,99,213,3212,705,3917
00323000,ALLEGHENY COLLEGE                       ,PA,16335-3902,Private      ,38,9,47,3417,53,3470
00323100,COMM CLG OF ALLEGHENY-ALLEGHENY CMP     ,PA,15212-0000,Public       ,421,856,1277,2063,3463,5526
00323101,"COMM CLG OF ALLEGHENY, BOYCE CAMPUS     ",PA,15146-0000,Public       ,246,345,591,1085,1475,2560
00323102,"COMM CLG OF ALLEGHENY, NORTH CAMPUS     ",PA,15237-0000,Public       ,212,238,450,943,857,1800
00323103,"COMM CLG OF ALLEGHENY, SOUTH CAMPUS     ",PA,15122-0000,Public       ,307,349,656,1473,1618,3091
00323300,ALVERNIA UNIVERSITY                     ,PA,19607-1799,Private      ,72,187,259,1861,1205,3066
00323500,ARCADIA UNIVERSITY                      ,PA,19038-3295,Private      ,78,181,259,3889,1423,5312
00323700,BRYN MAWR COLLEGE                       ,PA,19010-2899,Private      ,27,36,63,1500,459,1959
00323800,BUCKNELL UNIVERSITY                     ,PA,17837-2122,Private      ,52,16,68,5023,118,5141
00323900,BUCKS COUNTY COMMUNITY COLLEGE          ,PA,18940-1320,Public       ,584,539,1123,2790,2076,4866
00324000,BUTLER COUNTY COMMUNITY COLLEGE         ,PA,16001-0000,Public       ,301,324,625,1483,1276,2759
00324100,CABRINI COLLEGE                         ,PA,19087-3698,Private      ,120,458,578,2993,1003,3996
00324200,CARNEGIE MELLON UNIVERSITY              ,PA,15213-3890,Private      ,155,140,295,9312,1099,10411
00324201,CARNEGIE MELLON UNIV- THE HEINZ SCH     ,PA,15213-0000,Private      ,5,43,48,298,449,747
00324202,CARNEGIE MELLON- TEPPER SCHOOL OF BUSINE,PA,15213-0000,Private      ,5,78,83,268,512,780
00324300,CEDAR CREST COLLEGE                     ,PA,18104-6196,Private      ,35,145,180,1370,976,2346
00324400,CHATHAM UNIVERSITY                      ,PA,15232-2826,Private      ,24,240,264,747,1226,1973
00324500,CHESTNUT HILL COLLEGE                   ,PA,19118-2693,Private      ,103,274,377,1440,1269,2709
00324700,MISERICORDIA  UNIVERSITY                ,PA,18612-1008,Private      ,64,129,193,1918,815,2733
00324900,COMMUNITY COLLEGE OF PHILADELPHIA       ,PA,19130-3991,Public       ,1898,3497,5395,8605,12758,21363
00325100,CURTIS INSTITUTE OF MUSIC               ,PA,19103-6187,Private      ,4,3,7,249,58,307
00325200,DELAWARE VALLEY COLLEGE                 ,PA,18901-2697,Private      ,76,63,139,2213,265,2478
00325300,DICKINSON COLLEGE                       ,PA,17013-2896,Private      ,72,8,80,3039,61,3100
00325400,DICKINSON SCHOOL OF LAW                 ,PA,17013-2899,Private      ,2,55,57,25,1586,1611
00325600,DREXEL UNIVERSITY                       ,PA,19104-2875,Private      ,524,1782,2306,19181,11272,30453
00325800,DUQUESNE UNIVERSITY                     ,PA,15282-0001,Private      ,267,593,860,7034,3659,10693
00325900,EASTERN UNIVERSITY                      ,PA,19087-3696,Private      ,156,425,581,2104,2011,4115
00325908,EASTERN BAPTIST THEOLGCL SEMINARY       ,PA,19096-0000,Private      ,0,18,18,2,72,74
00326200,ELIZABETHTOWN COLLEGE                   ,PA,17022-2298,Private      ,27,51,78,2882,354,3236
00326300,EVANGELICAL SCHOOL OF THEOLOGY          ,PA,17067-0000,Private      ,0,10,10,0,98,98
00326500,FRANKLIN & MARSHALL COLLEGE             ,PA,17604-0000,Private      ,49,10,59,2983,62,3045
00326600,GANNON UNIVERSITY                       ,PA,16541-0001,Private      ,65,195,260,3420,1227,4647
00326700,GENEVA COLLEGE                          ,PA,15010-3599,Private      ,54,124,178,1846,780,2626
00326800,GETTYSBURG COLLEGE                      ,PA,17325-1486,Private      ,44,5,49,3986,55,4041
00326900,GROVE CITY COLLEGE                      ,PA,16127-0000,Private      ,17,4,21,1781,32,1813
00327000,GWYNEDD-MERCY COLLEGE                   ,PA,19437-0901,Private      ,82,207,289,1708,943,2651
00327200,HARCUM COLLEGE                          ,PA,19010-3476,Private      ,67,112,179,476,785,1261
00327300,HARRISBURG AREA COMMUNITY COLLEGE       ,PA,17110-2999,Public       ,1353,2081,3434,6620,9120,15740
00327400,HAVERFORD COLLEGE                       ,PA,19041-1392,Private      ,50,7,57,2033,26,2059
00327500,HOLY FAMILY UNIVERSITY                  ,PA,19114-2094,Private      ,82,241,323,1971,1571,3542
00327600,IMMACULATA UNIVERSITY                   ,PA,19345-0647,Private      ,94,434,528,1448,1269,2717
00327700,INDIANA UNIVERSITY OF PENNSYLVANIA      ,PA,15705-1097,Public       ,525,418,943,12577,3139,15716
00327900,JUNIATA COLLEGE                         ,PA,16652-2196,Private      ,27,6,33,2338,65,2403
00328000,KEYSTONE COLLEGE                        ,PA,18440-0200,Private      ,95,87,182,1604,667,2271
00328200,KINGS COLLEGE                           ,PA,18711-0801,Private      ,89,58,147,2813,402,3215
00328300,LACKAWANNA COLLEGE                      ,PA,18509-9961,Private      ,220,162,382,1306,685,1991
00328400,LAFAYETTE COLLEGE                       ,PA,18042-1768,Private      ,34,11,45,3642,55,3697
00328500,LANCASTER BIBLE COLLEGE                 ,PA,17601-5036,Private      ,41,65,106,548,280,828
00328600,LANCASTER THEOLOGICAL SEMINARY          ,PA,17603-0000,Private      ,0,5,5,0,103,103
00328700,LASALLE UNIVERSITY                      ,PA,19141-1199,Private      ,219,457,676,5284,2578,7862
00328800,LEBANON VALLEY COLLEGE                  ,PA,17003-1400,Private      ,29,13,42,2330,184,2514
00328900,LEHIGH UNIVERSITY                       ,PA,18015-1588,Private      ,108,103,211,8235,580,8815
00329000,LINCOLN UNIVERSITY                      ,PA,19352-0999,Public       ,303,260,563,3760,1018,4778
00329100,LUTHERAN THEOLOG SEMINARY-GETTYSBRG     ,PA,17325-0000,Private      ,0,15,15,0,141,141
00329200,LUTHERAN THEOLOGICAL SEMINARY           ,PA,19119-0000,Private      ,0,19,19,0,165,165
00329300,LYCOMING COLLEGE                        ,PA,17701-5192,Private      ,43,7,50,1813,72,1885
00329400,MANOR COLLEGE                           ,PA,19046-3399,Private      ,64,92,156,559,458,1017
00329600,MARYWOOD UNIVERSITY                     ,PA,18509-1598,Private      ,69,171,240,2519,1425,3944
00329700,MERCYHURST COLLEGE                      ,PA,16546-0001,Private      ,255,262,517,3997,1348,5345
00329800,MESSIAH COLLEGE                         ,PA,17027-0800,Private      ,121,15,136,3385,115,3500
00330000,MOORE COLLEGE OF ART & DESIGN           ,PA,19103-1179,Private      ,46,30,76,695,191,886
00330100,MORAVIAN COLLEGE                        ,PA,18018-6650,Private      ,55,33,88,2129,203,2332
00330101,MORAVIAN THEOLOGICAL SEMINARY           ,PA,18018-0000,Private      ,1,6,7,11,54,65
00330200,MOUNT ALOYSIUS COLLEGE                  ,PA,16630-1999,Private      ,52,85,137,1216,782,1998
00330300,CARLOW COLLEGE                          ,PA,15213-3165,Private      ,44,283,327,1165,1444,2609
00330400,MUHLENBERG COLLEGE                      ,PA,18104-5586,Private      ,70,42,112,3315,187,3502
00330600,VALLEY FORGE CHRISTIAN COLLEGE          ,PA,19460-2399,Private      ,74,38,112,814,195,1009
00330900,PEIRCE COLLEGE                          ,PA,19102-4699,Private      ,63,364,427,274,1963,2237
00331100,PENNSYLVANIA COLLEGE OF OPTOMETRY       ,PA,19027-1598,Private      ,0,30,30,10,844,854
00331300,WIDENER UNIVERSITY                      ,PA,19013-5792,Private      ,214,270,484,4092,1893,5985
00331302,WIDENER UNIV SCH OF LAW- HARRISBURG     ,PA,17106-9381,Private      ,0,60,60,3,838,841
00331500,BLOOMSBURG UNIVERSITY OF PA             ,PA,17815-1301,Public       ,436,184,620,10117,1523,11640
00331600,CALIFORNIA UNIV OF PENNSYLVANIA         ,PA,15419-1394,Public       ,354,576,930,6418,3441,9859
00331700,CHEYNEY UNIVERSITY OF PENNSYLVANIA      ,PA,19319-0200,Public       ,237,177,414,2190,775,2965
00331800,CLARION UNIVERSITY OF PENNSYLVANIA      ,PA,16214-1232,Public       ,273,272,545,5256,1867,7123
00332000,EAST STROUDSBURG UNIVERSITY             ,PA,18301-2999,Public       ,363,218,581,7288,1333,8621
00332100,EDINBORO UNIVERSITY OF PENNSYLVANIA     ,PA,16444-0001,Public       ,443,472,915,5675,2792,8467
00332200,KUTZTOWN UNIVERSITY OF PENNSYLVANIA     ,PA,19530-9339,Public       ,568,204,772,9703,1512,11215
00332300,LOCK HAVEN UNIV OF PENNSYLVANIA         ,PA,17745-2439,Public       ,203,118,321,5418,1031,6449
00332400,MANSFIELD UNIVERSITY                    ,PA,16933-1123,Public       ,193,179,372,2962,933,3895
00332500,MILLERSVILLE UNIVERSITY OF PA           ,PA,17551-1800,Public       ,362,210,572,7733,1632,9365
00332600,SHIPPENSBURG UNIVERSITY                 ,PA,17257-2299,Public       ,475,217,692,7225,1180,8405
00332700,SLIPPERY ROCK UNIVERSITY                ,PA,16057-1326,Public       ,422,237,659,7836,1821,9657
00332800,WEST CHESTER UNIVERSITY                 ,PA,19383-0001,Public       ,661,421,1082,13098,2828,15926
00332900,PENN STATE UNIVERSITY                   ,PA,16802-1503,Public       ,3471,2460,5931,65618,15080,80698
00332901,PENN STATE UNIV-HERSHEY MEDCL CTR       ,PA,17033-0000,Public       ,6,23,29,64,1048,1112
00335000,UNIVERSITY OF THE ARTS (THE)            ,PA,19102-9493,Private      ,201,73,274,3206,558,3764
00335100,PHILADELPHIA BIBLICAL UNIVERSITY        ,PA,19047-2942,Private      ,81,166,247,921,498,1419
00335200,PHILADELPHIA CLG OSTEOPATHIC MED        ,PA,19131-0000,Private      ,1,198,199,15,2561,2576
00335300,UNIVERSITY OF THE SCIENCES IN PHILADELPH,PA,19104-4495,Private      ,114,81,195,3295,803,4098
00335400,PHILADELPHIA UNIVERSITY                 ,PA,19144-5497,Private      ,139,150,289,3823,868,4691
00335600,PITTSBURGH THEOLOGICAL SEMINARY         ,PA,15206-0000,Private      ,0,33,33,1,188,189
00335700,POINT PARK UNIVERSITY                   ,PA,15222-1912,Private      ,162,410,572,2978,1890,4868
00335800,REFORMED PRESBYTERIAN THEOL SEMINAR     ,PA,15208-0000,Private      ,0,5,5,0,24,24
00335900,ROBERT MORRIS UNIVERSITY                ,PA,15108-1189,Private      ,174,373,547,3761,1748,5509
00336000,ROSEMONT COLLEGE                        ,PA,19010-1699,Private      ,15,116,131,512,414,926
00336200,SETON HILL UNIVERSITY                   ,PA,15601-1599,Private      ,59,101,160,1752,719,2471
00336400,ST. CHARLES BORROMEO SEMINARY           ,PA,19096-0000,Private      ,5,28,33,25,46,71
00336600,SAINT FRANCIS UNIVERSITY                ,PA,15940-0600,Private      ,88,74,162,1905,483,2388
00336700,SAINT JOSEPH'S UNIVERSITY               ,PA,19131-1395,Private      ,313,546,859,5823,1664,7487
00336800,ST VINCENT COLLEGE                      ,PA,15650-2690,Private      ,56,43,99,2098,287,2385
00336900,SUSQUEHANNA UNIVERSITY                  ,PA,17870-1001,Private      ,55,9,64,2735,91,2826
00337000,SWARTHMORE COLLEGE                      ,PA,19081-1397,Private      ,57,8,65,3556,41,3597
00337100,TEMPLE UNIV - MAIN CAMPUS               ,PA,19122-6003,Private      ,1268,956,2224,25709,6508,32217
00337101,TEMPLE UNIV - SCHOOL OF LAW             ,PA,19122-0000,Private      ,4,63,67,46,2573,2619
00337102,TEMPLE UNIV - SCHOOL OF MEDICINE        ,PA,19140-0000,Private      ,11,28,39,110,1236,1346
00337103,TEMPLE UNIV - SCHOOL OF DENTISTRY       ,PA,19140-0000,Private      ,1,23,24,26,570,596
00337104,TEMPLE UNIV - AMBLER CAMPUS             ,PA,19002-0000,Private      ,69,86,155,778,576,1354
00337105,TEMPLE UNIV - SCH OF ALLIED HEALTH      ,PA,19140-0000,Private      ,15,48,63,315,389,704
00337106,TEMPLE UNIV - SCHOOL OF PHARMACY        ,PA,19140-0000,Private      ,6,57,63,207,654,861
00337107,TEMPLE UNIV - TYLER SCHOOL OF ART       ,PA,19122-0000,Private      ,25,19,44,709,230,939
00337108,TEMPLE UNIV - GRAD DIV HEALTH SCI       ,PA,19140-0000,Private      ,4,62,66,80,434,514
00337109,TEMPLE UNIV - GRADUATE DIVISION         ,PA,19122-0000,Private      ,17,487,504,175,2524,2699
00337111,TEMPLE UNIV-SCH OF PODIATRIC MED        ,PA,19107-0000,Private      ,0,25,25,9,362,371
00337600,THIEL COLLEGE                           ,PA,16125-2181,Private      ,108,29,137,1506,128,1634
00337800,UNIVERSITY OF PENNSYLVANIA              ,PA,19104-6216,Private      ,328,1081,1409,14684,11338,26022
00337900,UNIVERSITY OF PITTSBURGH                ,PA,15260-0000,Public       ,1231,1346,2577,24801,9141,33942
00337906,UNIV OF PITTSBURGH-SCH OF MEDICINE      ,PA,15261-0000,Public       ,4,22,26,52,877,929
00337907,UNIV OF PITTSBURGH-DENTAL MEDICINE      ,PA,15261-0000,Public       ,0,3,3,24,336,360
00338400,UNIVERSITY OF SCRANTON                  ,PA,18510-4622,Private      ,162,409,571,6554,1333,7887
00338500,URSINUS COLLEGE                         ,PA,19426-2562,Private      ,52,14,66,3718,79,3797
00338600,VALLEY FORGE MILITARY COLLEGE           ,PA,19087-3695,Private      ,41,2,43,225,10,235
00338800,VILLANOVA UNIVERSITY                    ,PA,19085-1699,Private      ,169,281,450,11236,1614,12850
00338801,VILLANOVA UNIV SCH OF LAW               ,PA,19085-0000,Private      ,1,60,61,20,1669,1689
00338900,WASHINGTON & JEFFERSON COLLEGE          ,PA,15301-4801,Private      ,61,2,63,2574,43,2617
00339100,WAYNESBURG UNIVERSITY                   ,PA,15370-1222,Private      ,56,200,256,1894,755,2649
00339200,WESTMINSTER COLLEGE                     ,PA,16172-0002,Private      ,25,8,33,2163,87,2250
00339300,WESTMINSTER THEOLOGICAL SEMINARY        ,PA,19038-0000,Private      ,0,50,50,3,267,270
00339400,WILKES UNIVERSITY                       ,PA,18766-0998,Private      ,171,187,358,3170,829,3999
00339500,PENNSYLVANIA COLLEGE OF TECHNOLOGY      ,PA,17701-5779,Public       ,274,237,511,5389,1946,7335
00339600,WILSON COLLEGE                          ,PA,17201-1285,Private      ,13,56,69,387,336,723
00339900,YORK COLLEGE OF PENNSYLVANIA            ,PA,17405-7199,Private      ,306,167,473,5947,933,6880
00398600,DESALES UNIVERSITY                      ,PA,18034-9568,Private      ,131,169,300,2210,871,3081
00398700,LA ROCHE COLLEGE                        ,PA,15237-5898,Private      ,70,59,129,1053,330,1383
00398800,NEUMANN COLLEGE                         ,PA,19014-1298,Private      ,191,224,415,2632,846,3478
00405800,GRATZ COLLEGE                           ,PA,19027-3097,Private      ,0,45,45,0,98,98
00445200,MONTGOMERY COUNTY COMMUNITY COLLEGE     ,PA,19422-6300,Public       ,576,739,1315,3150,3029,6179
00488700,BRANDYWINE SCHOOL OF NURSING            ,PA,19320-1536,Proprietary  ,5,12,17,41,83,124
00488900,CAMBRIA-ROWE BUSINESS COLLEGE           ,PA,15902-2494,Proprietary  ,30,61,91,173,240,413
00489000,CENTRAL PENNSYLVANIA COLLEGE            ,PA,17093-0309,Proprietary  ,74,116,190,786,739,1525
00489300,DU BOIS BUSINESS COLLEGE                ,PA,15801-2401,Proprietary  ,35,55,90,191,239,430
00489400,ERIE BUSINESS CENTER                    ,PA,16501-1305,Proprietary  ,43,180,223,83,326,409
00489401,ERIE BUSINESS CENTER SOUTH              ,PA,16101-0000,Proprietary  ,7,17,24,18,65,83
00489800,MCCANN SCHOOL OF BUSINESS & TECHNOL     ,PA,17901-1335,Proprietary  ,182,364,546,807,1743,2550
00489900,MERCY HOSP SCH OF NURSING               ,PA,15219-5166,Private      ,6,6,12,95,63,158
00490100,NEWPORT BUSINESS INSTITUTE              ,PA,15068-3929,Proprietary  ,11,10,21,46,47,93
00490200,PENN COMMERCIAL BUSINESS/TECHNICAL SCHL ,PA,15301-2871,Proprietary  ,57,91,148,236,355,591
00491000,KAPLAN CAREER INSTITUTE                 ,PA,17111-3571,Proprietary  ,60,159,219,224,452,676
00491001,THOMPSON INSTITUTE-PHILADEPHIA CAMPUS   ,PA,19104-3386,Proprietary  ,102,416,518,181,620,801
00491400,NEWPORT BUSINESS INSTITUTE              ,PA,17701-5855,Proprietary  ,4,21,25,46,83,129
00500701,WEST VIRGINIA CAREER INSTITUTE          ,PA,15456-0000,Proprietary  ,7,22,29,50,107,157
00531000,PITTSBURGH INST OF AERONAUTICS          ,PA,15236-0000,Private      ,27,16,43,239,97,336
00533000,FAYETTE CNTY AREA VOC TECH PRC NRSG     ,PA,15401-0000,Public       ,4,21,25,21,100,121
00533500,CENTRAL PENN INST OF SCI & TECH PNP     ,PA,16823-0000,Public       ,7,19,26,37,96,133
00534100,UPPER BUCKS CO AREA VOC-TECH SCHOOL     ,PA,18944-0000,Public       ,0,1,1,1,3,4
00536500,YORK CO AREA VOC-TECH SCH-PRAC NSG      ,PA,17402-0000,Public       ,7,38,45,14,97,111
00594200,UPMC PRESBYTERIAN SCH OF RADIOLOGIC     ,PA,15213-2582,Private      ,2,10,12,24,33,57
00594600,SCHOOL OF RADIOLOGIC TECHNOLOGY AT ST. C,PA,19134-1995,Proprietary  ,4,2,6,23,38,61
00653400,CITIZENS SCHOOL OF NURSING              ,PA,15068-6591,Private      ,2,7,9,80,133,213
00653700,CONEMAUGH VLY MEM HOSP SCH NRSNG        ,PA,15905-4398,Private      ,5,9,14,90,128,218
00653702,CONEMAUGH HOSP- SCH HISTOTECHNOLOGY     ,PA,15905-0000,Private      ,0,0,0,4,3,7
00653704,CONEMAUGH VLY MEM HOSP SCH RAD TECH     ,PA,15905-0000,Private      ,0,0,0,22,10,32
00653706,CONEMAUGH VLY MEM HOSP SCH  MED TECH    ,PA,15905-4398,Private      ,0,0,0,8,2,10
00653900,EPISCOPAL HOSPITAL SCHL OF NURSING      ,PA,19125-1000,Private      ,0,10,10,11,95,106
00655100,ST MARGARET SCHL OF NURSING             ,PA,15238-3205,Private      ,9,22,31,62,137,199
00656000,OHIO VALLEY HOSP SCH OF NURSING         ,PA,15136-1694,Private      ,15,16,31,46,60,106
00656500,READING HOSPITAL SCHOOL OF HEALTH SCIENC,PA,19611-1744,Private      ,13,45,58,197,313,510
00657400,"ST LUKE'S HOSPITAL OF BETHLEHEM, PA     ",PA,18015-1065,Private      ,1,3,4,80,135,215
00657600,SEWICKLEY VALLEY HOSP SCH NRSNG         ,PA,15143-1498,Private      ,1,5,6,54,67,121
00657700,UPMC SHADYSIDE SCHOOL OF NURSING        ,PA,15232-1381,Private      ,9,56,65,103,235,338
00657800,SHARON REGIONAL SCHOOL OF NURSING       ,PA,16146-3395,Private      ,1,13,14,19,51,70
00658200,WASHINGTON HOSP SCH OF NURSING          ,PA,15301-3398,Private      ,9,9,18,60,139,199
00658202,WASHINGTON HOSP SCH OF RAD TECH         ,PA,15301-3398,Private      ,6,5,11,18,16,34
00658300,WESTERN PENN HOSP-SCH OF NURSING        ,PA,15224-1790,Private      ,6,12,18,106,124,230
00680700,COMMUNITY COLLEGE OF BEAVER COUNTY      ,PA,15061-2588,Public       ,169,242,411,1097,1080,2177
00681000,LEHIGH CARBON COMMUNITY COLLEGE         ,PA,18078-2598,Public       ,409,517,926,2398,2247,4645
00681100,LUZERNE COUNTY COMMUNITY COLLEGE        ,PA,18634-3899,Public       ,455,506,961,2792,2373,5165
00708700,ABINGTON MEM HOSP SCHL OF NURSING       ,PA,19090-1284,Private      ,4,16,20,93,252,345
00709000,METHODIST HOSPITAL SCH OF NURSING       ,PA,19148-3594,Private      ,0,0,0,4,17,21
00709100,EVEREST INSTITUTE                       ,PA,15222-1320,Proprietary  ,69,279,348,128,637,765
00711000,DELAWARE COUNTY COMMUNITY COLLEGE       ,PA,19063-1094,Public       ,745,953,1698,3347,3725,7072
00719100,NORTHAMPTON COMMUNITY COLLEGE           ,PA,18020-7599,Public       ,551,642,1193,4098,3291,7389
00739802,KATHERINE GIBBS-PHILADELPHIA            ,PA,19403-2422,Proprietary  ,4,8,12,169,289,458
00743000,ANTONELLI INST OF ART & PHOTOGRAPHY     ,PA,19038-8242,Proprietary  ,33,3,36,242,18,260
00743600,KAPLAN CAREER INSTITUTE - ICM CAMPUS    ,PA,15222-1977,Proprietary  ,100,203,303,428,864,1292
00743700,PITTSBURGH TECHNICAL INSTITUTE          ,PA,15071-3205,Proprietary  ,186,126,312,2282,727,3009
00746900,"HUSSIAN SCHOOL OF ART, INC.             ",PA,19106-0000,Proprietary  ,21,4,25,138,25,163
00747000,"ART INSTITUTE OF PITTSBURGH, THE        ",PA,15219-1328,Proprietary  ,1119,5360,6479,5046,12243,17289
00752900,CTR ART TCH BRDYWN CMPS PRC NRS PRG     ,PA,19320-2459,Public       ,1,11,12,19,112,131
00775900,LINCOLN TECHNICAL INSTITUTE             ,PA,18104-3298,Proprietary  ,88,169,257,338,466,804
00777900,LANSDALE SCHOOL OF BUSINESS             ,PA,19454-4148,Proprietary  ,37,99,136,84,282,366
00778000,NEW CASTLE SCHOOL OF TRADES             ,PA,16143-9721,Proprietary  ,64,131,195,208,376,584
00778100,CHI INSTITUTE/RETS CAMPUS               ,PA,19008-3516,Proprietary  ,101,199,300,234,509,743
00783200,LINCOLN TECH INSTITUTE                  ,PA,19136-1595,Proprietary  ,123,96,219,398,313,711
00783900,TRIANGLE TECH                           ,PA,15214-3897,Proprietary  ,24,39,63,148,126,274
00791200,THADDEUS STEVENS CLG OF TECHNOLOGY      ,PA,17602-0000,Public       ,75,35,110,909,259,1168
00791600,FRANKLIN CNTY CAREER & TECH CTR-PNP     ,PA,17201-0000,Public       ,4,4,8,11,22,33
00820000,JAMESON MEMORIAL HOSP SCH NURSING       ,PA,16105-2595,Private      ,1,7,8,33,98,131
00826301,AWARD BEAUTY SCHOOL - CHAMBERSBURG BEAUT,PA,17201-2435,Proprietary  ,0,0,0,2,3,5
00835000,ART INSTITUTE OF PHILADELPHIA           ,PA,19103-5198,Proprietary  ,573,433,1006,3541,1839,5380
00844100,ANTHEM INSTITUTE                        ,PA,19064-1243,Proprietary  ,141,207,348,340,569,909
00856800,MEDIAN SCHOOL                           ,PA,15222-3400,Proprietary  ,35,18,53,282,114,396
00865300,JEFFERSON CO DUBOIS VOC TECH-PR NSG     ,PA,15851-0000,Public       ,3,4,7,19,57,76
00888900,LEHIGH VALLEY COLLEGE                   ,PA,18034-8447,Proprietary  ,5,9,14,212,225,437
00895500,PRUONTOS HAIR DESIGN INSTITUTE & BEAUTY ,PA,16602-0000,Proprietary  ,5,8,13,15,22,37
00915705,WYOMING TECHNICAL INSTITUTE - BLAIRSVILL,PA,15717-8060,Proprietary  ,90,36,126,151,56,207
00918600,DEAN INSTITUTE OF TECHNOLOGY            ,PA,15226-1197,Proprietary  ,15,25,40,35,89,124
00944900,PENNCO TECH                             ,PA,19007-0000,Proprietary  ,70,136,206,215,303,518
00966400,EMPIRE BEAUTY SCHOOL                    ,PA,18052-5730,Proprietary  ,51,86,137,112,191,303
00966500,EMPIRE BEAUTY SCHOOL                    ,PA,17109-2210,Proprietary  ,16,63,79,45,175,220
00966600,EMPIRE BEAUTY SCHOOL                    ,PA,19605-2803,Proprietary  ,39,67,106,103,180,283
00972100,BRADFORD SCHOOL                         ,PA,15219-2602,Proprietary  ,40,24,64,659,134,793
00972300,FRANKFORD HOSP SCH OF NURSING           ,PA,19124-2696,Private      ,18,37,55,199,260,459
00978300,GORDON PHILLIPS SCH OF BEAUTY CULT      ,PA,19135-0000,Proprietary  ,67,84,151,192,228,420
00986301,LANCASTER INSTITUTE FOR HEALTH EDUC     ,PA,17602-4955,Private      ,22,75,97,269,451,720
01000600,GREATER JOHNSTOWN AREA VOC TECH SCH     ,PA,15904-0000,Public       ,18,63,81,55,215,270
01005500,CRAWFORD CNTY AREA VO-TECH PRAC NUR     ,PA,16335-0000,Public       ,0,0,0,8,26,34
01017600,WESTMORELAND COUNTY COMMUNITY CLG       ,PA,15697-1895,Public       ,442,636,1078,2224,2405,4629
01038800,READING AREA COMMUNITY COLLEGE          ,PA,19603-1706,Public       ,460,822,1282,1580,2616,4196
01054100,EMPIRE BEAUTY SCHOOL                    ,PA,15146-2229,Proprietary  ,46,70,116,121,199,320
01054200,EMPIRE BEAUTY SCHOOL                    ,PA,18701-0000,Proprietary  ,34,59,93,139,177,316
01054300,EMPIRE BEAUTY SCHOOL                    ,PA,17701-3914,Proprietary  ,27,49,76,90,132,222
01081400,PITTSBURGH INST MORTUARY SCIENCE        ,PA,15206-3706,Private      ,12,40,52,67,148,215
01086000,GREATER ALTOONA CAREER/TECH CENTER      ,PA,16602-0000,Public       ,17,28,45,62,163,225
01096300,GREENE COUNTY VOC-TECH SCHOOL           ,PA,15370-0000,Public       ,3,4,7,8,26,34
01097000,EMPIRE BEAUTY SCHOOL                    ,PA,17042-5209,Proprietary  ,10,11,21,26,29,55
01099800,PENNSYLVANIA INSTITUTE OF TECH          ,PA,19063-4098,Private      ,149,305,454,481,757,1238
01102000,EMPIRE BEAUTY SCHOOL                    ,PA,17604-4335,Proprietary  ,24,24,48,51,61,112
01102100,EMPIRE BEAUTY SCHOOL                    ,PA,17402-2862,Proprietary  ,57,92,149,135,300,435
01162100,AUTOMOTIVE TRAINING CENTER              ,PA,19341-1310,Proprietary  ,79,45,124,462,156,618
01162200,WELDER TRAINING & TESTING INST          ,PA,18109-3253,Proprietary  ,6,12,18,22,25,47
01163800,EMPIRE BEAUTY SCHOOL                    ,PA,17876-0000,Proprietary  ,13,15,28,34,43,77
01171500,POTTSVILLE HOSPITAL SCHOOL OF NURSING   ,PA,17901-3692,Private      ,0,1,1,49,46,95
01191900,BEAVER FALLS BEAUTY ACADEMY             ,PA,15010-4208,Proprietary  ,9,13,22,15,36,51
01205000,ROSEDALE TECHNICAL INSTITUTE            ,PA,15205-9791,Private      ,29,27,56,155,125,280
01239300,THOMAS JEFF UNIV-CLG ALLIED HEALTH      ,PA,19107-0000,Private      ,8,86,94,358,845,1203
01239301,JEFFERSON MED CLG-T. JEFFERSON UNIV     ,PA,19107-5587,Private      ,8,59,67,134,1412,1546
01239303,THOMAS JEFFERSON UNIV-GRADUATE COLG     ,PA,19107-0000,Private      ,14,96,110,179,907,1086
01246104,LINCOLN TECHNICAL INSTITUTE             ,PA,19104-0202,Proprietary  ,155,345,500,241,480,721
01246105,LINCOLN TECHNICAL INSTITUTE             ,PA,19116-4202,Proprietary  ,66,103,169,167,242,409
01252300,TALMUDICAL YESHIVA OF PHILA             ,PA,19131-1296,Private      ,4,0,4,5,1,6
01260500,EMPIRE BEAUTY SCHOOL                    ,PA,17331-2405,Proprietary  ,10,26,36,39,66,105
01260600,EMPIRE BEAUTY SCHOOL                    ,PA,17901-2505,Proprietary  ,39,97,136,104,271,375
01260700,EMPIRE BEAUTY SCHOOL                    ,PA,16801-5218,Proprietary  ,0,8,8,14,22,36
01292900,SOUTH HILLS BEAUTY ACADEMY              ,PA,15216-2335,Proprietary  ,20,34,54,31,46,77
01301500,GORDON PHILLIPS SCH BEAUTY CULTURE      ,PA,19102-2701,Proprietary  ,70,134,204,161,349,510
01313400,YESHIVATH BETH MOSHE                    ,PA,18505-2196,Private      ,25,0,25,26,1,27
01321400,ROXBOROUGH MEM HOSP SCH OF NURSING      ,PA,19128-0000,Proprietary  ,2,20,22,60,204,264
01326300,SOUTH HILLS SCH OF BUS & TECHNOLOGY     ,PA,16801-4516,Proprietary  ,55,94,149,482,412,894
01326304,SOUTH HILLS SCHOOL OF BUSINESS & TECHNOL,PA,16602-1188,Proprietary  ,2,4,6,32,25,57
02061000,VENUS BEAUTY ACADEMY                    ,PA,19079-0000,Proprietary  ,35,28,63,60,36,96
02068300,DOUGLAS SCHOOL OF BUSINESS              ,PA,15062-0000,Proprietary  ,41,46,87,194,197,391
02068301,DOUGLAS EDUCATION CENTER - DOUGLAS SCHOO,PA,15062-9901,Proprietary  ,0,0,0,22,24,46
02090200,TRIANGLE TECH                           ,PA,16502-0000,Proprietary  ,20,33,53,119,138,257
02092500,LAUREL TECHNICAL INSTITUTE              ,PA,16146-0000,Proprietary  ,10,65,75,40,183,223
02092502,BUSINESS INSTITUTE OF PENNSYLVANIA      ,PA,16335-0000,Proprietary  ,1,0,1,4,18,22
02107300,PENNSYLVANIA ACADEMY OF FINE ARTS       ,PA,19102-1424,Private      ,11,12,23,200,233,433
02112200,GREAT LAKES INSTITUTE OF TECHNOLOGY     ,PA,16509-0000,Proprietary  ,62,123,185,228,322,550
02114200,JOHNSON COLLEGE                         ,PA,18508-0000,Private      ,46,25,71,409,144,553
02116001,SANFORD-BROWN INSTITUTE - TREVOSE       ,PA,19053-4700,Proprietary  ,132,248,380,392,971,1363
02118000,LEVITTOWN BEAUTY ACADEMY LLC            ,PA,19054-1713,Proprietary  ,17,21,38,20,26,46
02119300,PA ACAD OF COSMETOLOGY ARTS & SCI       ,PA,15904-0000,Proprietary  ,17,29,46,56,71,127
02119301,PA ACAD OF COSMTLGY ARTS & SCI          ,PA,15801-0000,Proprietary  ,0,0,0,1,0,1
02120800,"YORKTOWNE BUSINESS INSTITUTE, INC.      ",PA,17404-0000,Proprietary  ,22,30,52,102,158,260
02127400,YORK TECHNICAL INSTITUTE                ,PA,17402-0000,Proprietary  ,155,239,394,951,912,1863
02129000,TRIANGLE TECH                           ,PA,15601-0000,Proprietary  ,37,36,73,237,216,453
02129001,TRIANGLE TECH - BUSINESS CAREERS INSTITU,PA,15601-3304,Proprietary  ,0,1,1,2,3,5
02144000,"VISION ACADEMY, THE                     ",PA,18103-0000,Proprietary  ,18,25,43,47,48,95
02147800,SCHUYLKILL INST BUSINESS & TECHNLGY     ,PA,17901-0000,Proprietary  ,0,0,0,0,1,1
02149000,EMPIRE BEAUTY SCHOOL                    ,PA,19341-2804,Proprietary  ,34,26,60,66,81,147
02151500,CENTRAL SUSQUEHANNA LPN CENTER          ,PA,17847-0000,Public       ,3,13,16,23,137,160
02152105,ACADEMY OF COURT REPORTING & TECHNOLOGY ,PA,15222-1710,Proprietary  ,5,11,16,5,11,16
02153500,OAKBRIDGE ACADEMY OF ARTS               ,PA,15068-0000,Proprietary  ,5,4,9,69,16,85
02158300,JUNIATA-MIFFLIN CO AREA VOC TECH        ,PA,17044-0000,Public       ,6,15,21,15,55,70
02161400,NORTHEASTERN HOSP SCH OF NRSG           ,PA,19134-0000,Private      ,4,13,17,54,134,188
02169600,CLEARFIELD CTY CAREER AND TECH CNTR     ,PA,16830-0000,Public       ,13,18,31,40,81,121
02174400,TRIANGLE TECH                           ,PA,15801-0000,Proprietary  ,43,38,81,297,194,491
02178900,ACADEMY OF HAIR DESIGN                  ,PA,18202-1465,Proprietary  ,4,12,16,12,20,32
02183000,ORLEANS TECHNICAL INSTITUTE             ,PA,19111-0000,Private      ,77,271,348,127,430,557
02192800,WALNUT HILL COLLEGE                     ,PA,19104-0000,Proprietary  ,41,30,71,420,172,592
02202300,SANFORD-BROWN INSTITUTE                 ,PA,15219-1907,Proprietary  ,84,192,276,320,755,1075
02202301,SANFORD-BROWN INSTITUTE                 ,PA,15146-2141,Proprietary  ,36,127,163,166,476,642
02203900,ERIE INSTITUTE OF TECHNOLOGY            ,PA,16565-1002,Proprietary  ,20,36,56,106,178,284
02206200,AMBLER BEAUTY ACADEMY                   ,PA,19002-0000,Proprietary  ,5,25,30,11,37,48
02206300,STROUDSBURG SCHOOL OF COSMETOLOGY       ,PA,18360-0000,Proprietary  ,9,12,21,13,18,31
02212700,LANCASTER SCHOOL OF COSMETOLOGY         ,PA,17602-0000,Proprietary  ,15,55,70,34,79,113
02213400,PROFESSIONAL SKILLS CAREER ACADEMY      ,PA,16148-0000,Proprietary  ,0,0,0,5,7,12
02234200,ACADEMY OF MEDICAL ARTS & BUSINESS      ,PA,17112-0000,Proprietary  ,19,52,71,80,149,229
02251200,SCHUYLKILL COUNTY AREA VOC TECH SCH     ,PA,17931-0000,Public       ,5,16,21,23,69,92
02251202,SCHUYLKILL COUNTY AREA VOC TECH SCH     ,PA,17931-0000,Public       ,5,5,10,12,17,29
02253900,BERKS TECHNICAL INSTITUTE               ,PA,19610-0000,Proprietary  ,60,99,159,382,504,886
02255200,PENNSYLVANIA SCHOOL OF BUSINESS         ,PA,18101-1604,Proprietary  ,63,182,245,115,445,560
02269900,PENNSYLVANIA COLLEGE OF ART & DESIGN    ,PA,17603-3528,Private      ,27,11,38,336,61,397
02270500,BUCKS COUNTY SCHOOL OF BEAUTY CULT      ,PA,19053-0000,Proprietary  ,17,8,25,28,20,48
02273400,RECONSTRUCTIONIST RABBINICAL COLLEG     ,PA,19095-0000,Private      ,0,14,14,0,27,27
02276600,HANOVER PUBLIC SCH DIST PRAC NURSG      ,PA,17331-0000,Public       ,0,6,6,8,24,32
02282500,LENAPE SCHOOL OF PRACTICAL NURSING      ,PA,16226-0000,Public       ,10,16,26,25,124,149
02288800,EMPIRE BEAUTY SCHOOL                    ,PA,18974-4508,Proprietary  ,14,18,32,39,43,82
02289500,PACE INSTITUTE                          ,PA,19601-0000,Proprietary  ,20,68,88,49,271,320
02289600,CONSOLIDATED SCHOOL OF BUSINESS         ,PA,17404-0000,Proprietary  ,7,37,44,42,124,166
02289700,ACADEMY OF CREATIVE HAIR DESIGN         ,PA,18702-0000,Proprietary  ,15,14,29,27,27,54
02289800,CHI INSTITUTE - FRANKLIN MILLS          ,PA,19154-0000,Proprietary  ,116,307,423,367,972,1339
02290400,"ALTOONA BEAUTY SCHOOL, INC              ",PA,16602-0000,Proprietary  ,7,14,21,33,45,78
02292700,LANSDALE SCHOOL OF COSMETOLOGY          ,PA,19446-0000,Proprietary  ,10,12,22,19,25,44
02299300,TRINITY EPISCOPAL SCHOOL MINISTRY       ,PA,15003-0000,Private      ,0,18,18,1,57,58
02301300,PJA SCHOOL (THE)                        ,PA,19082-1917,Proprietary  ,31,82,113,82,288,370
02304400,YTI CAREER INSTITUTE - MECHANICSBURG    ,PA,17055-0000,Proprietary  ,27,32,59,152,186,338
02306200,VENANGO COUNTY AREA VOC TECH SCHOOL     ,PA,16301-0000,Public       ,2,9,11,8,32,40
02310800,LANCASTER COUNTY CAREER & TECH CTR      ,PA,17584-0000,Public       ,36,142,178,114,447,561
02330300,LEBANON CO CAREER & TECHNOLOGY CTR      ,PA,17042-0000,Public       ,0,13,13,16,94,110
02330600,PENNSYLVANIA GUNSMITH SCHOOL            ,PA,15202-0000,Proprietary  ,7,7,14,32,32,64
02350100,WESTERN AREA CAREER & TECHNOLOGY CT     ,PA,15317-0000,Public       ,0,3,3,17,51,68
02350200,INDIANA COUNTY TECH CTR SCH PR NSG      ,PA,15701-1465,Public       ,3,17,20,20,34,54
02353100,NORTHERN TIER CAREER CENTER             ,PA,18848-0000,Public       ,1,1,2,18,46,64
02361002,ITT TECHNICAL INSTITUTE                 ,PA,19406-0000,Proprietary  ,81,121,202,255,298,553
02362300,MERCER COUNTY AREA VOC TECH SCHOOL      ,PA,16137-0000,Public       ,1,12,13,14,49,63
02492500,DELAWARE VLY ACAD MED DNTL ASSTS        ,PA,19114-0000,Proprietary  ,15,43,58,28,81,109
02492600,EASTERN CTR ARTS AND TECH PR NSG        ,PA,19090-0000,Public       ,5,33,38,15,133,148
02495500,ALL-STATE CAREER SCHOOL                 ,PA,19029-0000,Proprietary  ,88,321,409,170,592,762
02529800,WILKES BARRE AREA CAREER AND TECHNICAL C,PA,18705-0000,Public       ,21,59,80,49,156,205
02536600,COMMONWEALTH TECH INSTIT @ HIRAM G      ,PA,15905-0000,Public       ,53,29,82,172,103,275
02539900,STAR TECHNICAL INSTITUTE                ,PA,19082-0000,Proprietary  ,5,27,32,25,120,145
02544300,BUTLER BEAUTY SCHOOL                    ,PA,16001-0000,Proprietary  ,16,41,57,44,79,123
02545000,LAWRENCE COUNTY CAREER AND TECHNICAL CEN,PA,16101-0000,Public       ,1,9,10,9,60,69
02546200,LAUREL BUSINESS INSTITUTE               ,PA,15401-0877,Proprietary  ,30,41,71,173,253,426
02550000,CLARION CO AREA VOC-TECH PRAC NRSG      ,PA,16254-0000,Public       ,5,19,24,12,44,56
02554500,HAZLETON AREA VOC TECH SCH PR NSG       ,PA,18201-1597,Public       ,9,15,24,14,37,51
02557800,ART INSTITUTE OF YORK (THE) - PENNSYLVAN,PA,17402-9012,Proprietary  ,103,61,164,699,202,901
02566400,ALBERT EINSTEIN MED CTR DEPT DNTL       ,PA,19141-3098,Private      ,1,2,3,6,19,25
02574800,PENNSYLVANIA INSTITUTE OF TAXIDERMY     ,PA,15931-0000,Proprietary  ,1,5,6,5,10,15
02609500,CAREER TRAINING ACADEMY                 ,PA,15068-6308,Proprietary  ,11,54,65,47,153,200
02609501,CAREER TRAINING ACADEMY                 ,PA,15146-0000,Proprietary  ,0,1,1,3,3,6
02615400,STAR TECHNICAL INSTITUTE                ,PA,19114-2204,Proprietary  ,26,107,133,73,340,413
02616100,JEAN MADELINE ED CTR FOR COSM           ,PA,19147-1542,Proprietary  ,65,60,125,274,199,473
03006800,PENNSYLVANIA CULINARY INSTITUTE         ,PA,15222-3511,Proprietary  ,125,126,251,912,911,1823
03010800,TRI-STATE BUSINESS INSTITUTE            ,PA,16506-1013,Proprietary  ,147,415,562,613,1610,2223
03011500,ALLIED MEDICAL AND TECHNICAL INSTITUTE  ,PA,18702-0000,Proprietary  ,30,93,123,146,244,390
03011600,ALLIED MEDICAL AND TECHNICAL INSTITUTE  ,PA,18509-2903,Proprietary  ,49,116,165,173,256,429
03029900,CONSOLIDATED SCHOOL OF BUSINESS         ,PA,17603-2389,Proprietary  ,8,35,43,46,149,195
03031600,DPT BUSINESS SCHOOL                     ,PA,19116-3961,Proprietary  ,35,177,212,54,281,335
03031601,DPT BUSINESS SCHOOL                     ,PA,19106-0000,Proprietary  ,26,98,124,41,163,204
03067000,ANTONELLI MEDICAL & PROF INST           ,PA,19464-9244,Proprietary  ,1,14,15,7,21,28
03072400,ALL-STATE CAREER SCHOOL                 ,PA,15122-1000,Proprietary  ,6,46,52,9,80,89
03072600,DCI CAREER INSTITUTE                    ,PA,15061-2307,Proprietary  ,15,59,74,30,128,158
03081900,YTI CAREER INSTITUTE - ALTOONA          ,PA,16602-4457,Proprietary  ,35,60,95,115,242,357
03090800,LAKE ERIE COLL OF OSTEOPATHIC MED       ,PA,16509-0000,Private      ,3,105,108,81,2515,2596
03098600,CAREER TECH CTR OF LACKAWANNA CNTY      ,PA,18508-0000,Public       ,7,28,35,26,81,107
03101500,BIDWELL TRAINING CENTER                 ,PA,15233-2233,Private      ,0,6,6,15,18,33
03103300,JNA INSTITUTE OF CULINARY ARTS          ,PA,19146-3119,Proprietary  ,7,19,26,59,94,153
03109100,METROPOLITAN CAREER CENTER              ,PA,19144-0000,Private      ,10,49,59,28,143,171
03110700,AVIATION INSTITUTE OF MAINTENANCE       ,PA,19114-1017,Proprietary  ,49,105,154,105,254,359
03120400,REGIONAL CAREER & TECHNICAL CENTER      ,PA,16509-4699,Public       ,0,2,2,3,6,9
03126000,CENTER FOR INNOVATIVE TRAINING & ED     ,PA,19106-4414,Proprietary  ,0,1,1,1,3,4
03128400,DELAWARE COUNTY TECHNICAL SCHOOL        ,PA,19032-1998,Public       ,2,51,53,20,157,177
03180400,PENNSYLVANIA HIGHLANDS COMMUNITY COLLEGE,PA,15904-2927,Public       ,83,135,218,544,572,1116
03236400,LT INTERNATIONAL BEAUTY SCHOOL          ,PA,19130-2235,Proprietary  ,9,47,56,11,54,65
03353300,ACADEMY OF VOCAL ARTS                   ,PA,19103-6685,Private      ,1,14,15,4,32,36
03439400,NAWCC SCHOOL OF HOROLOGY                ,PA,17512-2130,Private      ,1,2,3,1,5,6
03503300,WINNER INSTITUTE OF ARTS & SCIENCES     ,PA,16154-1811,Private      ,0,1,1,9,4,13
03535300,HUNTINGDON COUNTY CAREER AND TECHNO     ,PA,17060-0905,Public       ,3,11,14,10,33,43
03561400,SUSQUEHANNA COUNTY CAREER & TECHNOL     ,PA,18816-0100,Public       ,3,6,9,6,10,16
03766300,PENNSYLVANIA SCHOOL OF MUSCLE THERAPY   ,PA,19406-3101,Proprietary  ,12,42,54,30,73,103
03899300,CALVARY BAPTIST THEOLOGICAL SEMINARY    ,PA,19446-4718,Private      ,0,4,4,0,9,9
03923300,PRECISION MANUFACTURING INSTITUTE       ,PA,16335-8380,Private      ,1,9,10,12,32,44
03948300,HARRISBURG UNIVERSITY OF SCIENCE AND TEC,PA,17101-2116,Private      ,18,23,41,152,116,268
03949300,WON INSTITUTE OF GRADUATE STUDIES       ,PA,19038-4535,Private      ,0,16,16,0,35,35
03950500,NORTHWEST REGIONAL TECHNOLOGY INSTITUTE ,PA,16508-2820,Proprietary  ,2,21,23,4,24,28
03952300,NATIONAL MASSAGE THERAPY INSTITUTE      ,PA,19116-3965,Proprietary  ,56,172,228,100,307,407
04119900,PENNSYLVANIA MYOTHERAPY INSTITUTE       ,PA,17350-8426,Proprietary  ,2,5,7,4,15,19
04127500,CAREER DEVELOPMENT & EMPLOYMENT         ,PA,18702-5253,Proprietary  ,0,8,8,2,18,20
00267813,BRYANT & STRATTON COLLEGE - MIL DOWNTOWN,WI,53203-2608,Proprietary  ,175,484,659,494,1660,2154
00383200,ALVERNO COLLEGE                         ,WI,53234-3922,Private      ,200,396,596,1402,1917,3319
00383500,BELOIT COLLEGE                          ,WI,53511-5595,Private      ,36,11,47,1914,70,1984
00383700,CARDINAL STRITCH UNIVERSITY             ,WI,53217-9884,Private      ,97,1241,1338,890,3326,4216
00383800,CARROLL UNIVERSITY                      ,WI,53186-5593,Private      ,202,113,315,3036,605,3641
00383900,CARTHAGE COLLEGE                        ,WI,53141-0000,Private      ,196,145,341,3727,483,4210
00384000,WESTERN TECHNICAL COLLEGE               ,WI,54601-0908,Public       ,531,685,1216,1566,1770,3336
00384200,CONCORDIA UNIVERSITY WISCONSIN          ,WI,53097-2402,Private      ,166,951,1117,1982,2538,4520
00384800,EDGEWOOD COLLEGE                        ,WI,53711-1958,Private      ,167,204,371,1527,813,2340
00385000,SILVER LAKE COLLEGE                     ,WI,54220-9319,Private      ,23,97,120,182,343,525
00385400,LAKELAND COLLEGE                        ,WI,53082-0000,Private      ,94,516,610,1131,1562,2693
00385600,LAWRENCE UNIVERSITY                     ,WI,54912-0599,Private      ,61,9,70,2210,57,2267
00386100,MARIAN UNIVERSITY                       ,WI,54935-4699,Private      ,104,278,382,1208,1018,2226
00386300,MARQUETTE UNIVERSITY                    ,WI,53201-0000,Private      ,240,351,591,10703,3713,14416
00386600,MILWAUKEE AREA TECH COLLEGE             ,WI,53233-1443,Public       ,1633,3422,5055,4304,10202,14506
00386800,MILWAUKEE SCHOOL OF ENGINEERING         ,WI,53202-3109,Private      ,173,119,292,2542,526,3068
00386900,MOUNT MARY COLLEGE                      ,WI,53222-4597,Private      ,82,225,307,745,1153,1898
00387400,NASHOTAH HOUSE                          ,WI,53058-0000,Private      ,0,11,11,0,40,40
00387500,NORTHLAND COLLEGE                       ,WI,54806-3999,Private      ,65,39,104,778,129,907
00388400,RIPON COLLEGE                           ,WI,54971-0248,Private      ,104,12,116,1255,51,1306
00389200,ST. NORBERT COLLEGE                     ,WI,54115-2002,Private      ,122,19,141,2204,96,2300
00389500,UNIVERSITY OF WISCONSIN-MADISON         ,WI,53715-1382,Public       ,2052,1225,3277,20681,9649,30330
00389600,UNIVERSITY OF WISCONSIN-MILWAUKEE       ,WI,53201-3165,Public       ,2582,1921,4503,15586,8893,24479
00389700,UNIVERSITY OF WISCONSIN COLLEGES        ,WI,53708-8680,Public       ,338,312,650,1485,1041,2526
00389701,UNIVERSITY OF WISCONSIN-BARABOO         ,WI,53913-1098,Public       ,76,35,111,266,138,404
00389702,UNIVERSITY OF WISCONSIN-BARRON          ,WI,54868-2497,Public       ,43,32,75,203,106,309
00389703,UNIVERSITY OF WISCONSIN-FOND DU LAC     ,WI,54935-2998,Public       ,95,42,137,412,160,572
00389704,UNIVERSITY OF WISCONSIN-FOX VALLEY      ,WI,54952-1297,Public       ,154,77,231,707,333,1040
00389705,UNIVERSITY OF WISCONSIN-MANITOWOC       ,WI,54220-6699,Public       ,64,20,84,251,100,351
00389706,UNIVERSITY OF WISCONSIN-MARATHON        ,WI,54401-5396,Public       ,158,92,250,691,262,953
00389707,UNIVERSITY OF WISCONSIN-MARINETTE       ,WI,54143-4299,Public       ,36,36,72,220,90,310
00389708,UNIVERSITY OF WISCONSIN-MARSHFIELD      ,WI,54449-3310,Public       ,58,42,100,257,135,392
00389709,UNIVERSITY OF WISCONSIN-RICHLAND        ,WI,53581-1399,Public       ,42,18,60,243,62,305
00389710,UNIVERSITY OF WISCONSIN COLLEGES - ROCK ,WI,53546-5699,Public       ,99,86,185,441,254,695
00389711,UNIVERSITY OF WISCONSIN-SHEBOYGAN       ,WI,53081-4789,Public       ,74,59,133,304,183,487
00389712,UNIVERSITY OF WISCONSIN-WASHINGTON      ,WI,53095-3699,Public       ,100,54,154,398,143,541
00389713,UNIVERSITY OF WISCONSIN-WAUKESHA        ,WI,53188-2799,Public       ,238,73,311,821,287,1108
00389900,UNIVERSITY OF WISCONSIN-GREEN BAY       ,WI,54311-7001,Public       ,484,328,812,4045,1440,5485
00391100,VITERBO UNIVERSITY                      ,WI,54601-4777,Private      ,98,216,314,1513,918,2431
00391500,UNIVERSITY OF WISCONSIN-STOUT           ,WI,54751-0790,Public       ,923,437,1360,5546,1581,7127
00391700,UNIVERSITY OF WISCONSIN-EAU CLAIRE      ,WI,54702-4004,Public       ,935,356,1291,7762,1396,9158
00391900,UNIVERSITY OF WISCONSIN-LA CROSSE       ,WI,54601-3742,Public       ,730,371,1101,6663,1413,8076
00392000,UNIVERSITY OF WISCONSIN-OSHKOSH         ,WI,54901-8604,Public       ,1090,641,1731,6708,2568,9276
00392100,UNIVERSITY OF WISCONSIN-PLATTEVILLE     ,WI,53818-3099,Public       ,705,381,1086,4930,1243,6173
00392300,UNIVERSITY OF WISCONSIN-RIVER FALLS     ,WI,54022-5013,Public       ,922,343,1265,4591,995,5586
00392400,UNIVERSITY OF WISCONSIN-STEVENS POINT   ,WI,54481-3871,Public       ,903,343,1246,6311,1508,7819
00392500,UNIVERSITY OF WISCONSIN-SUPERIOR        ,WI,54880-2898,Public       ,323,366,689,1446,1107,2553
00392600,UNIVERSITY OF WISCONSIN-WHITEWATER      ,WI,53190-1792,Public       ,943,480,1423,7344,1858,9202
00400700,MADISON AREA TECHNICAL COLLEGE          ,WI,53704-2599,Public       ,1065,1402,2467,3342,4131,7473
00501500,UNIVERSITY OF WISCONSIN-PARKSIDE        ,WI,53141-2000,Public       ,719,504,1223,3032,1670,4702
00529400,WAUKESHA COUNTY TECHNICAL COLLEGE       ,WI,53072-4696,Public       ,362,518,880,1088,1649,2737
00530100,NORTHEAST WISCONSIN TECHNICAL COLLEGE   ,WI,54307-9042,Public       ,550,967,1517,1874,2983,4857
00530400,CHIPPEWA VALLEY TECHNICAL COLLEGE       ,WI,54701-6162,Public       ,593,716,1309,2034,2457,4491
00538000,MID-STATE TECHNICAL COLLEGE             ,WI,54494-5512,Public       ,258,420,678,694,1313,2007
00538400,NICOLET AREA TECHNICAL COLLEGE          ,WI,54501-0000,Public       ,100,205,305,401,551,952
00538700,NORTHCENTRAL TECHNICAL COLLEGE          ,WI,54401-1899,Public       ,260,545,805,768,1481,2249
00538900,GATEWAY TECHNICAL COLLEGE               ,WI,53144-1690,Public       ,435,1005,1440,1297,4027,5324
00539000,BLACKHAWK TECHNICAL COLLEGE             ,WI,53547-5009,Public       ,165,528,693,707,1686,2393
00610800,BELLIN HOSP SCH OF RAD TECH             ,WI,54305-3505,Private      ,2,0,2,11,1,12
00611500,MERCY MED CTR SCH OF RAD TECH           ,WI,54904-3370,Private      ,1,1,2,12,6,18
00612601,ST LUKE'S MEDCL CTR SCHL RAD TECH       ,WI,53215-4330,Private      ,1,5,6,2,14,16
00612603,ST LUKE'S MED CTR SCH OF SONOGRAPHY     ,WI,53215-0000,Private      ,1,3,4,2,9,11
00613100,THEDA CLARK REG MED CTR SCH RAD TEC     ,WI,54957-0000,Private      ,1,2,3,2,7,9
00663900,BELLIN COLLEGE                          ,WI,54305-3400,Private      ,12,15,27,207,119,326
00766900,SOUTHWEST WISCONSIN TECH COLLEGE        ,WI,53809-0000,Public       ,156,195,351,620,607,1227
00777400,SCIENTIFIC COLLEGE OF BEAUTY/BARBER     ,WI,54601-0000,Proprietary  ,0,0,0,13,26,39
00821700,WISCONSIN COLLEGE OF COSMETOLOGY        ,WI,54304-5531,Proprietary  ,12,9,21,44,32,76
00919400,LAKESHORE TECHNICAL COLLEGE             ,WI,53015-1412,Public       ,123,323,446,448,1152,1600
00925600,MORAINE PARK TECHNICAL COLLEGE          ,WI,54936-0000,Public       ,177,397,574,700,1503,2203
00941900,STATE CLG OF BEAUTY CULT-WAUSAU         ,WI,54403-4667,Proprietary  ,12,17,29,29,36,65
00962100,HERZING COLLEGE                         ,WI,53718-4236,Proprietary  ,134,665,799,531,2294,2825
00974400,FOX VALLEY TECHNICAL COLLEGE            ,WI,54913-0000,Public       ,551,813,1364,2029,2777,4806
01091300,MADISON MEDIA INSTITUTE                 ,WI,53718-6787,Proprietary  ,92,47,139,282,145,427
01148400,ADVANCED INSTITUTE OF HAIR DESIGN       ,WI,53225-0000,Proprietary  ,55,55,110,112,100,212
01182400,WISCONSIN INDIANHEAD TECH CLG WITC      ,WI,54871-9300,Public       ,312,543,855,949,1622,2571
01290600,MADISON COSMETOLOGY COLLEGE             ,WI,53711-1030,Proprietary  ,0,0,0,8,19,27
02077100,MILWAUKEE INST OF ART & DESIGN          ,WI,53202-0000,Private      ,47,20,67,733,141,874
02078000,SACRED HEART SCHOOL OF THEOLOGY         ,WI,53130-0000,Private      ,0,5,5,0,6,6
02136600,WISCONSIN LUTHERAN COLLEGE              ,WI,53226-0000,Private      ,67,20,87,804,66,870
02201803,KAPLAN COLLEGE - MILWAUKEE              ,WI,53212-3939,Proprietary  ,86,303,389,126,518,644
02239204,HIGH-TECH INSTITUTE - MILWAUKEE         ,WI,53005-4207,Proprietary  ,0,9,9,11,22,33
02271300,WI SCH OF PROFESSIONAL PSYCHOLOGY       ,WI,53225-0000,Private      ,1,9,10,4,61,65
02317200,MARANATHA BAPTIST BIBLE COLLEGE         ,WI,53094-0000,Private      ,182,45,227,645,90,735
02324700,MARTIN'S COLLEGE OF COSMETOLOGY         ,WI,53717-0000,Proprietary  ,33,46,79,81,125,206
02332100,MARTIN'S SCH HAIR DESIGN MANITOWOC      ,WI,54220-0000,Proprietary  ,28,32,60,84,96,180
02332101,MARTIN'S COLLEGE OF COSMETOLOGY -       ,WI,54914-4644,Proprietary  ,4,6,10,5,8,13
02453500,MEDICAL COLLEGE OF WISCONSIN            ,WI,53226-0000,Private      ,1,23,24,13,1119,1132
02494300,GILL-TECH ACADEMY OF HAIR DESIGN        ,WI,54911-0000,Proprietary  ,19,14,33,51,37,88
02503303,RASMUSSEN COLLEGE - MANKATO - GREEN BAY ,WI,54303-2349,Proprietary  ,50,146,196,122,413,535
02532200,LAC COURTE OREILLES OJIBWA CMTY CLG     ,WI,54843-0000,Public       ,43,168,211,73,307,380
03007400,LAKESIDE SCHOOL OF MASSAGE THERAPY      ,WI,53719-1103,Private      ,19,41,60,41,99,140
03061200,MIDWEST COLLEGE OF ORIENTAL MEDICINE    ,WI,53403-9747,Proprietary  ,2,76,78,7,155,162
03077600,MARTIN'S COLLEGE OF COSMETOLOGY         ,WI,54304-4838,Proprietary  ,67,102,169,141,237,378
03087500,ITT TECHNICAL INSTITUTE                 ,WI,53220-4612,Proprietary  ,452,871,1323,942,1814,2756
03125100,COLLEGE OF MENOMINEE NATION             ,WI,54135-0000,Private      ,33,154,187,97,369,466
03125102,COLLEGE OF  THE MENOMINEE NATION - GREEN,WI,54304-4964,Private      ,3,29,32,15,66,81
03220300,PROFESSIONAL HAIR DESIGN ACADEMY        ,WI,54701-7633,Proprietary  ,23,26,49,66,67,133
03309300,MONTESSORI INSTITUTE OF MILWAUKEE       ,WI,53207-0000,Private      ,0,4,4,2,10,12
03808300,INSTITUTE OF BEAUTY AND WELLNESS (THE)  ,WI,53202-5715,Proprietary  ,22,18,40,59,68,127
03822300,FOUR SEASONS SALON & DAY SPA            ,WI,53566-0000,Proprietary  ,2,5,7,12,20,32
03872500,NORTHLAND INTERNATIONAL UNIVERSITY      ,WI,54119-9285,Private      ,111,22,133,365,42,407
03925300,BLUE SKY SCHOOL OF PROFESSIONAL MASSAGE ,WI,53024-2624,Private      ,17,36,53,40,84,124
04117400,MILWAUKEE CAREER COLLEGE                ,WI,53222-4305,Proprietary  ,25,126,151,44,242,286
04118600,ACADEMY OF COSMETOLOGY                  ,WI,53548-3307,Proprietary  ,13,21,34,26,49,75
04132600,WISCONSIN ACADEMY (THE)                 ,WI,54157-1726,Proprietary  ,12,15,27,16,25,41
04138200,SALON PROFESSIONAL ACADEMY (THE)        ,WI,54914-3921,Proprietary  ,7,11,18,7,11,18
00290500,NORTH CAROLINA A&T STATE UNIV           ,NC,27411-0001,Public       ,1047,841,1888,12083,3909,15992
00290600,APPALACHIAN STATE UNIVERSITY            ,NC,28608-2059,Public       ,874,546,1420,13224,3112,16336
00290700,UNIVERSITY OF NC AT ASHEVILLE           ,NC,28804-3299,Public       ,181,172,353,2849,1114,3963
00290800,BARTON COLLEGE                          ,NC,27893-3104,Private      ,107,148,255,1399,593,1992
00291000,BELMONT ABBEY COLLEGE                   ,NC,28012-1802,Private      ,93,270,363,1044,908,1952
00291100,BENNETT COLLEGE                         ,NC,27401-3239,Private      ,87,54,141,1057,240,1297
00291200,BREVARD COLLEGE                         ,NC,28712-3306,Private      ,68,27,95,887,105,992
00291300,CAMPBELL UNIVERSITY                     ,NC,27506-0036,Private      ,313,471,784,3886,2652,6538
00291400,CATAWBA COLLEGE                         ,NC,28144-2488,Private      ,100,106,206,1363,481,1844
00291500,CENTRAL PIEDMONT COMMUNITY COLLEGE      ,NC,28204-2297,Public       ,1424,2800,4224,4792,9001,13793
00291600,CHOWAN UNIVERSITY                       ,NC,27855-1850,Private      ,122,68,190,1518,232,1750
00291700,COLLEGE OF THE ALBEMARLE                ,NC,27909-2327,Public       ,144,350,494,538,1093,1631
00291800,DAVIDSON COLLEGE                        ,NC,28035-7157,Private      ,73,13,86,2652,61,2713
00291900,DAVIDSON COUNTY COMMUNITY COLLEGE       ,NC,27293-0000,Public       ,226,595,821,872,2229,3101
00292000,DUKE UNIVERSITY                         ,NC,27708-0397,Private      ,238,113,351,11939,1127,13066
00292001,DUKE UNIV - SCHOOL OF MEDICINE          ,NC,27710-0000,Private      ,10,38,48,77,1214,1291
00292002,DUKE UNIV - SCHOOL OF LAW               ,NC,27708-0000,Private      ,4,63,67,34,2824,2858
00292003,DUKE UNIV - GRAD SCH ARTS & SCIENCE     ,NC,27708-0000,Private      ,6,80,86,61,702,763
00292004,DUKE UNIV - FUQUA SCH OF BUSINESS       ,NC,27708-0000,Private      ,7,54,61,43,1060,1103
00292005,DUKE UNIV/NICHOLAS SCH OF ENVIRON.      ,NC,27708-0000,Private      ,0,18,18,11,279,290
00292006,DUKE UNIV - DIVINITY SCHOOL             ,NC,27708-0000,Private      ,3,30,33,79,623,702
00292007,DUKE UNIV - SCHOOL OF NURSING           ,NC,27710-0000,Private      ,5,90,95,55,440,495
00292300,EAST CAROLINA UNIVERSITY                ,NC,27858-1818,Public       ,1646,1759,3405,17291,8949,26240
00292600,ELIZABETH CITY STATE UNIVERSITY         ,NC,27909-7806,Public       ,337,244,581,3467,1169,4636
00292700,ELON UNIVERSITY                         ,NC,27244-2010,Private      ,217,92,309,5729,747,6476
00292800,FAYETTEVILLE STATE UNIVERSITY           ,NC,28301-4298,Public       ,609,1131,1740,5114,5069,10183
00292900,GARDNER-WEBB UNIVERSITY                 ,NC,28017-0000,Private      ,203,576,779,2070,1862,3932
00293000,GREENSBORO COLLEGE                      ,NC,27401-1875,Private      ,105,139,244,1248,616,1864
00293100,GUILFORD COLLEGE                        ,NC,27410-4171,Private      ,130,453,583,2373,1841,4214
00293300,HIGH POINT UNIVERSITY                   ,NC,27262-4221,Private      ,152,344,496,3018,1302,4320
00293400,ISOTHERMAL COMMUNITY COLLEGE            ,NC,28160-0804,Public       ,206,418,624,682,1091,1773
00293500,JOHN WESLEY COLLEGE                     ,NC,27265-0000,Private      ,5,33,38,35,104,139
00293600,JOHNSON C SMITH UNIVERSITY              ,NC,28216-5398,Private      ,307,146,453,3368,692,4060
00293700,KING'S COLLEGE-CHARLOTTE                ,NC,28204-2435,Proprietary  ,166,102,268,631,274,905
00293900,LEES MCRAE COLLEGE                      ,NC,28604-0000,Private      ,94,75,169,939,267,1206
00294000,LENOIR COMMUNITY COLLEGE                ,NC,28502-0188,Public       ,232,687,919,705,1764,2469
00294100,LENOIR-RHYNE COLLEGE                    ,NC,28603-0000,Private      ,146,84,230,1921,446,2367
00294200,LIVINGSTONE COLLEGE                     ,NC,28144-5298,Private      ,300,116,416,1239,355,1594
00294300,LOUISBURG COLLEGE                       ,NC,27549-2398,Private      ,209,21,230,922,86,1008
00294400,MARS HILL COLLEGE                       ,NC,28754-0000,Private      ,114,90,204,1359,386,1745
00294500,MEREDITH COLLEGE                        ,NC,27607-5298,Private      ,96,169,265,1835,776,2611
00294600,METHODIST UNIVERSITY                    ,NC,28311-1420,Private      ,200,329,529,2050,1048,3098
00294700,MITCHELL COMMUNITY COLLEGE              ,NC,28677-5264,Public       ,171,466,637,672,1647,2319
00294800,MONTREAT COLLEGE                        ,NC,28757-1267,Private      ,61,294,355,611,740,1351
00294900,MOUNT OLIVE COLLEGE                     ,NC,28365-1299,Private      ,130,744,874,960,2752,3712
00295000,NORTH CAROLINA CENTRAL UNIVERSITY       ,NC,27707-3198,Public       ,635,1015,1650,7404,6225,13629
00295100,NORTH CAROLINA WESLEYAN COLLEGE         ,NC,27804-8699,Private      ,139,241,380,1076,846,1922
00295300,PEACE COLLEGE                           ,NC,27604-1194,Private      ,70,43,113,821,213,1034
00295400,UNIV OF NORTH CAROLINA AT PEMBROKE      ,NC,28372-1510,Public       ,505,744,1249,4728,3092,7820
00295500,PFEIFFER UNIVERSITY                     ,NC,28109-0000,Private      ,134,476,610,938,1058,1996
00295600,PIEDMONT BAPTIST COLLEGE AND GRADUATE SC,NC,27101-5025,Private      ,21,50,71,192,151,343
00295700,QUEENS UNIVERSITY OF CHARLOTTE          ,NC,28274-0001,Private      ,148,402,550,1529,1344,2873
00295800,ROCKINGHAM COMMUNITY COLLEGE            ,NC,27375-0000,Public       ,152,319,471,583,1026,1609
00296000,SALEM COLLEGE                           ,NC,27108-0000,Private      ,50,151,201,478,512,990
00296100,SANDHILLS COMMUNITY COLLEGE             ,NC,28374-8283,Public       ,366,766,1132,1091,2108,3199
00296200,SHAW UNIVERSITY                         ,NC,27601-2393,Private      ,441,574,1015,2887,2178,5065
00296300,SOUTHEASTERN BAPTIST THEOL SEMINARY     ,NC,27588-0000,Private      ,2,24,26,27,98,125
00296400,SOUTHEASTERN COMMUNITY COLLEGE          ,NC,28472-5422,Public       ,290,515,805,607,1155,1762
00296700,ST ANDREWS PRESBYTERIAN COLLEGE         ,NC,28352-9979,Private      ,74,27,101,762,108,870
00296800,ST AUGUSTINES COLLEGE                   ,NC,27610-2298,Private      ,283,157,440,1826,538,2364
00297000,SURRY COMMUNITY COLLEGE                 ,NC,27017-0304,Public       ,181,268,449,943,1119,2062
00297200,NORTH CAROLINA STATE UNIV-RALEIGH       ,NC,27695-1751,Public       ,1164,1083,2247,19058,6359,25417
00297300,GASTON COLLEGE                          ,NC,28034-1499,Public       ,311,741,1052,1167,2489,3656
00297400,UNIVERSITY OF N C-CHAPEL HILL           ,NC,27514-0000,Public       ,584,822,1406,17234,10129,27363
00297500,UNIVERSITY OF NC AT CHARLOTTE           ,NC,28223-0001,Public       ,1490,1709,3199,13840,8241,22081
00297600,UNIVERSITY OF N C - GREENSBORO          ,NC,27412-0001,Public       ,806,1047,1853,12648,6944,19592
00297800,WAKE FOREST UNIV - UNDERGRADUATE        ,NC,27109-7246,Private      ,146,27,173,5121,187,5308
00297801,WAKE FOREST UNIV - SCH OF MEDICINE      ,NC,27157-1090,Private      ,8,31,39,29,919,948
00297803,WAKE FOREST UNIV - MBA                  ,NC,27109-7659,Private      ,4,92,96,16,476,492
00297805,WAKE FOREST UNIV - SCH OF LAW           ,NC,27109-7206,Private      ,3,98,101,13,1279,1292
00297806,WAKE FOREST UNIV - GRAD A&S/DIVINITY    ,NC,27109-7246,Private      ,4,58,62,44,363,407
00297900,WARREN WILSON COLLEGE                   ,NC,28815-0000,Private      ,52,62,114,1088,288,1376
00298000,WAYNE COMMUNITY COLLEGE                 ,NC,27533-0000,Public       ,331,719,1050,945,1817,2762
00298100,WESTERN CAROLINA UNIVERSITY             ,NC,28723-9731,Public       ,417,494,911,5951,2581,8532
00298200,WESTERN PIEDMONT COMMUNITY COLLEGE      ,NC,28655-4504,Public       ,234,467,701,807,1516,2323
00298300,WILKES COMMUNITY COLLEGE                ,NC,28697-2100,Public       ,273,386,659,762,1026,1788
00298400,UNIVERSITY OF N C-WILMINGTON            ,NC,28403-3297,Public       ,788,612,1400,9654,3113,12767
00298500,WINGATE UNIVERSITY                      ,NC,28174-0159,Private      ,224,153,377,2035,697,2732
00298600,WINSTON-SALEM STATE UNIVERSITY          ,NC,27102-0000,Public       ,487,569,1056,6882,3384,10266
00398100,NORTH CAROLINA SCHOOL OF THE ARTS       ,NC,27127-2188,Public       ,84,34,118,1063,246,1309
00403300,ASHEVILLE BUNCOMBE TECH CMTY CLG        ,NC,28801-4897,Public       ,302,709,1011,1144,2154,3298
00406200,PITT COMMUNITY COLLEGE                  ,NC,28590-0000,Public       ,622,1009,1631,2369,3333,5702
00483500,CALDWELL COMMUNITY CLG & TECH INST      ,NC,28638-2626,Public       ,285,476,761,1007,1596,2603
00483800,GUILFORD TECHNICAL COMMUNITY CLG        ,NC,27282-0309,Public       ,914,1646,2560,3748,6236,9984
00484400,WAKE TECHNICAL COMMUNITY COLLEGE        ,NC,27603-5696,Public       ,749,1462,2211,3128,5372,8500
00484500,WILSON COMMUNITY COLLEGE                ,NC,27893-3310,Public       ,185,585,770,388,1255,1643
00499201,MILLER-MOTTE TECHNICAL COLLEGE - CARY   ,NC,27511-9209,Proprietary  ,56,312,368,100,704,804
00499202,MILLER-MOTTE TECHNICAL COLLEGE - MILLER-,NC,27604-6072,Proprietary  ,23,86,109,27,97,124
00531600,COASTAL CAROLINA COMMUNITY COLLEGE      ,NC,28546-6816,Public       ,295,981,1276,906,2435,3341
00531700,FORSYTH TECHNICAL COMMUNITY COLLEGE     ,NC,27103-5197,Public       ,438,1107,1545,1718,4139,5857
00531800,CATAWBA VALLEY COMMUNITY COLLEGE        ,NC,28602-8302,Public       ,291,594,885,1283,2199,3482
00532000,CAPE FEAR COMMUNITY COLLEGE             ,NC,28401-3910,Public       ,730,993,1723,2242,2627,4869
00544700,RANDOLPH COMMUNITY COLLEGE              ,NC,27204-1009,Public       ,191,370,561,585,1156,1741
00544800,DURHAM TECHNICAL CMNTY COLLEGE          ,NC,27703-5023,Public       ,287,975,1262,800,2716,3516
00544900,CENTRAL CAROLINA COMMUNITY COLLEGE      ,NC,27330-9000,Public       ,276,820,1096,831,2118,2949
00546300,ALAMANCE COMMUNITY COLLEGE              ,NC,27253-0000,Public       ,252,660,912,865,1954,2819
00546400,RICHMOND COMMUNITY COLLEGE              ,NC,28345-4522,Public       ,170,437,607,475,1298,1773
00575400,ROWAN-CABARRUS COMMUNITY COLLEGE        ,NC,28145-1595,Public       ,507,1026,1533,1359,2818,4177
00647700,CABARRUS COLLEGE OF HEALTH SCIENCES     ,NC,28025-0000,Private      ,27,91,118,259,364,623
00647800,MERCY HOSP SCH OF NURSING               ,NC,28207-0000,Public       ,21,69,90,101,308,409
00648300,WATTS SCHOOL OF NURSING                 ,NC,27704-0000,Private      ,9,27,36,52,157,209
00679900,CRAVEN COMMUNITY COLLEGE                ,NC,28562-0000,Public       ,145,515,660,539,1659,2198
00703100,PAMLICO COMMUNITY COLLEGE               ,NC,28529-0000,Public       ,31,99,130,70,225,295
00764000,FAYETTEVILLE TECHNICAL CMTY COLLEGE     ,NC,28303-0236,Public       ,727,2416,3143,2342,8034,10376
00768700,JAMES SPRUNT COMMUNITY COLLEGE          ,NC,28349-0398,Public       ,90,231,321,289,714,1003
00781400,BROOKSTONE COLLEGE OF BUSINESS          ,NC,28262-0000,Proprietary  ,31,138,169,56,239,295
00781401,BROOKSTONE COLLEGE OF BUSINESS          ,NC,27409-0000,Proprietary  ,15,160,175,35,239,274
00789200,SAMPSON COMMUNITY COLLEGE               ,NC,28328-0000,Public       ,116,297,413,419,983,1402
00798500,SOUTH PIEDMONT COMMUNITY COLLEGE        ,NC,28135-9703,Public       ,165,456,621,539,1291,1830
00798600,HALIFAX COMMUNITY COLLEGE               ,NC,27890-0089,Public       ,188,446,634,435,967,1402
00798700,BLADEN COMMUNITY COLLEGE                ,NC,28332-0266,Public       ,168,434,602,364,1159,1523
00798800,MARTIN COMMUNITY COLLEGE                ,NC,27892-8307,Public       ,43,164,207,169,472,641
00808100,CARTERET COMMUNITY COLLEGE              ,NC,28557-2989,Public       ,155,297,452,393,873,1266
00808200,CLEVELAND COMMUNITY COLLEGE             ,NC,28150-0000,Public       ,257,688,945,647,1666,2313
00808300,HAYWOOD COMMUNITY COLLEGE               ,NC,28721-0000,Public       ,161,287,448,412,725,1137
00808500,MCDOWELL TECHNICAL COMMUNITY CLG        ,NC,28752-8728,Public       ,113,316,429,231,549,780
00808700,MONTGOMERY COMMUNITY COLLEGE            ,NC,27371-0787,Public       ,64,177,241,209,540,749
00846600,SOUTHWESTERN COMMUNITY COLLEGE          ,NC,28779-8581,Public       ,120,232,352,570,940,1510
00855700,NASH COMMUNITY COLLEGE                  ,NC,27804-0488,Public       ,255,625,880,649,1292,1941
00855800,BEAUFORT COUNTY COMMUNITY COLLEGE       ,NC,27889-7889,Public       ,113,286,399,403,1034,1437
00861200,ROBESON COMMUNITY COLLEGE               ,NC,28359-2151,Public       ,302,741,1043,746,2128,2874
00861300,ROANOKE-CHOWAN COMMUNITY COLLEGE        ,NC,27910-9522,Public       ,92,189,281,248,507,755
00885500,EDGECOMBE COMMUNITY COLLEGE             ,NC,27886-9399,Public       ,194,658,852,387,1425,1812
00885501,EDGECOMBE COMMUNITY COLLEGE             ,NC,27801-0000,Public       ,48,233,281,107,481,588
00902500,SOUTH EASTERN CLG OF BEAUTY CULTURE     ,NC,28204-0000,Proprietary  ,50,141,191,108,287,395
00933600,JOHNSTON COMMUNITY COLLEGE              ,NC,27577-0000,Public       ,225,517,742,790,1611,2401
00943000,TRI-COUNTY COMMUNITY COLLEGE            ,NC,28906-7919,Public       ,95,255,350,234,510,744
00964600,PIEDMONT COMMUNITY COLLEGE              ,NC,27573-1197,Public       ,182,427,609,375,940,1315
00968400,BLUE RIDGE COMMUNITY COLLEGE            ,NC,28731-9624,Public       ,108,236,344,444,655,1099
00974701,GORDON-CONWELL THEO SEM - CHARLOTTE     ,NC,28273-0000,Private      ,0,35,35,2,139,141
00990300,VANCE-GRANVILLE CMTY COLLEGE            ,NC,27536-0917,Public       ,397,895,1292,878,2094,2972
01026400,SOUTH COLLEGE                           ,NC,28803-3152,Proprietary  ,14,156,170,39,282,321
01119400,STANLY COMMUNITY COLLEGE                ,NC,28001-7458,Public       ,149,416,565,463,1220,1683
01119700,MAYLAND COMMUNITY COLLEGE               ,NC,28777-2777,Public       ,71,126,197,242,381,623
01179900,PAUL MITCHELL THE SCHOOL FAYETTEVILLE   ,NC,28303-5364,Proprietary  ,5,14,19,10,61,71
01192600,LEON'S BEAUTY SCHOOL                    ,NC,27403-2812,Proprietary  ,33,49,82,75,133,208
02056500,MITCHELL'S HAIR STYLING ACADEMY         ,NC,27893-0000,Proprietary  ,27,32,59,48,88,136
02056501,MITCHELL'S HAIR STYLING ACADEMY - MITCHE,NC,27606-3326,Proprietary  ,4,6,10,16,29,45
02110500,ART INSTITUTE OF CHARLOTTE (THE)        ,NC,28217-0000,Proprietary  ,305,530,835,1497,1343,2840
02170700,BRUNSWICK COMMUNITY COLLEGE             ,NC,28422-0000,Public       ,166,183,349,425,540,965
02205000,COLLEGE OF WILMINGTON                   ,NC,28403-0000,Proprietary  ,13,67,80,23,111,134
02210400,FAYETTEVILLE BEAUTY COLLEGE             ,NC,28303-0000,Proprietary  ,8,43,51,28,88,116
02227800,MITCHELL'S HAIR STYLING ACADEMY         ,NC,27534-0000,Proprietary  ,0,0,0,1,9,10
02227900,MITCHELL'S HAIR STYLING ACADEMY         ,NC,27858-0000,Proprietary  ,4,9,13,9,21,30
02238700,HAIRSTYLING INSTITUTE OF CHARLOTTE      ,NC,28204-0000,Proprietary  ,11,31,42,36,80,116
02280900,ROANOKE BIBLE COLLEGE                   ,NC,27909-0000,Private      ,23,30,53,103,82,185
02286300,CAROLINA BEAUTY COLLEGE                 ,NC,27262-0000,Proprietary  ,47,203,250,107,571,678
02560600,PINNACLE INSTITUTE OF COSMETOLOGY       ,NC,28115-8020,Proprietary  ,10,10,20,21,34,55
02614201,MILLER-MOTTE BUSINESS COLLEGE           ,NC,28403-0000,Proprietary  ,127,410,537,196,752,948
03009500,WINSTON-SALEM BARBER SCHOOL             ,NC,27107-0000,Proprietary  ,9,23,32,42,69,111
03064400,COSM INST OF BEAUTY ARTS & SCIENCES     ,NC,27127-7150,Proprietary  ,2,29,31,26,95,121
03089300,HERITAGE BIBLE COLLEGE                  ,NC,28335-0000,Private      ,5,20,25,21,91,112
03104200,CAROLINAS COLLEGE OF HEALTH SCIENCE     ,NC,28232-2861,Public       ,40,107,147,232,446,678
03104201,CHS NURSE ANESTHESIA PROGRAM / UNCC     ,NC,28232-2861,Public       ,50,64,114,295,221,516
03109000,SCHOOL OF COMMUNICATION ARTS            ,NC,27614-7076,Proprietary  ,121,74,195,389,198,587
03361300,MEDICAL ARTS MASSAGE SCHOOL             ,NC,27616-6453,Proprietary  ,9,73,82,20,134,154
03513400,APEX SCHOOL OF THEOLOGY                 ,NC,27703-8024,Private      ,5,104,109,6,206,212
03555300,SOUTHEASTERN INSTITUTE                  ,NC,28217-0000,Proprietary  ,30,81,111,46,175,221
03555400,SOUTHEASTERN SCHOOL OF NEUROMUSCULAR  MA,NC,29406-0000,Proprietary  ,8,47,55,21,78,99
03570300,CAROLINA CHRISTIAN COLLEGE              ,NC,27105-3241,Private      ,2,8,10,5,37,42
03663300,HOOD THEOLOGICAL SEMINARY               ,NC,28144-5768,Private      ,1,96,97,2,192,194
03748500,LA SHE'S BEAUTY ACADEMY                 ,NC,27707-3569,Proprietary  ,9,60,69,19,74,93
03777300,CAROLINA ACAD OF COSMETIC ART & SCI     ,NC,28054-0460,Proprietary  ,32,81,113,59,153,212
03827300,NEW LIFE THEOLOGICAL SEMINARY           ,NC,28205-1648,Private      ,2,22,24,4,67,71
04098300,TECHSKILLS - CHARLOTTE                  ,NC,28217-0000,Proprietary  ,2,16,18,2,16,18
04101300,CAROLINA SCHOOL OF BROADCASTING         ,NC,28214-8085,Proprietary  ,8,27,35,25,68,93
04115700,REGINA'S COLLEGE OF BEAUTY              ,NC,28110-2831,Proprietary  ,4,13,17,8,20,28
04120300,ASHEBORO BEAUTY SCHOOL OF RANDOLPH      ,NC,27203-6406,Proprietary  ,5,7,12,9,25,34
00298800,BISMARCK STATE COLLEGE                  ,ND,58501-1299,Public       ,413,428,841,1882,1238,3120
00298900,DICKINSON STATE UNIVERSITY              ,ND,58601-4896,Public       ,184,177,361,1233,652,1885
00299000,JAMESTOWN COLLEGE                       ,ND,58405-3401,Private      ,110,29,139,933,130,1063
00299100,LAKE REGION STATE COLLEGE               ,ND,58301-1598,Public       ,79,118,197,309,292,601
00299200,UNIVERSITY OF MARY                      ,ND,58504-9652,Private      ,171,372,543,1558,1183,2741
00299300,MAYVILLE STATE UNIVERSITY               ,ND,58257-1299,Public       ,72,44,116,420,175,595
00299400,MINOT STATE UNIVERSITY                  ,ND,58707-0002,Public       ,299,382,681,1460,1320,2780
00299500,MINOT STATE UNIV-BOTTINEAU CAMPUS       ,ND,58318-1159,Public       ,52,82,134,224,218,442
00299600,NORTH DAKOTA STATE CLG OF SCIENCE       ,ND,58076-0002,Public       ,301,237,538,1353,607,1960
00299700,NORTH DAKOTA STATE UNIVERSITY           ,ND,58108-6050,Public       ,1337,653,1990,8475,2212,10687
00300500,UNIVERSITY OF NORTH DAKOTA              ,ND,58202-8193,Public       ,1099,893,1992,7093,3606,10699
00300700,WILLISTON STATE COLLEGE                 ,ND,58802-1326,Public       ,55,122,177,252,326,578
00300800,VALLEY CITY STATE UNIVERSITY            ,ND,58072-0000,Public       ,76,68,144,559,218,777
00484600,RASMUSSEN COLLEGE                       ,ND,58103-7196,Proprietary  ,106,265,371,350,1226,1576
00484601,RASMUSSEN COLLEGE - BISMARCK            ,ND,58503-0000,Proprietary  ,39,55,94,71,125,196
00775600,JOSEF'S SCHOOL OF HAIR DESIGN INC       ,ND,58102-4977,Proprietary  ,17,18,35,66,45,111
00935400,MEDCENTER ONE COLLEGE OF NURSING        ,ND,58501-4494,Private      ,11,16,27,59,64,123
01040600,JOSEF'S SCHOOL OF HAIR DESIGN           ,ND,58201-6394,Proprietary  ,17,10,27,39,53,92
01205900,TRINITY BIBLE COLLEGE                   ,ND,58436-7150,Private      ,70,48,118,218,117,335
01229500,R D HAIRSTYLING COLLEGE                 ,ND,58501-4001,Proprietary  ,11,8,19,41,24,65
02188200,SITTING BULL COLLEGE                    ,ND,58538-9721,Public       ,24,135,159,64,300,364
02236500,LITTLE HOOP COMMUNITY COLLEGE           ,ND,58335-0000,Public       ,13,115,128,18,138,156
02242900,UNITED TRIBES TECHNICAL COLLEGE         ,ND,58504-0000,Private      ,66,232,298,156,573,729
02298200,HEADQUARTERS ACADEMY OF HAIR DESIGN     ,ND,58701-0000,Proprietary  ,3,13,16,15,21,36
02301100,TURTLE MTN CMNTY COLG-FIN AID OFC       ,ND,58316-0000,Private      ,85,221,306,163,386,549
02553700,FORT BERTHOLD COMMUNITY COLLEGE         ,ND,58763-0000,Public       ,19,47,66,31,69,100
03087200,MOLER BARBER CLG OF HAIRSTYLING         ,ND,58103-0000,Proprietary  ,4,3,7,4,6,10
04031300,SALON PROFESSIONAL ACADEMY (THE)        ,ND,58103-3337,Proprietary  ,18,19,37,59,37,96
04139400,HAIR ACADEMY (THE)                      ,ND,58501-4929,Proprietary  ,11,12,23,11,12,23
00301005,ANTIOCH UNIV/SEATTLE                    ,WA,98121-0000,Private      ,7,183,190,34,988,1022
00376900,BELLEVUE COMMUNITY COLLEGE              ,WA,98007-6484,Public       ,539,805,1344,2451,3227,5678
00377000,BIG BEND COMMUNITY COLLEGE              ,WA,98837-3299,Public       ,186,292,478,819,969,1788
00377100,"CENTRAL WASHINGTON UNIV., FIN AID       ",WA,98926-7495,Public       ,924,724,1648,7733,3496,11229
00377200,CENTRALIA COLLEGE                       ,WA,98531-4099,Public       ,151,327,478,792,1022,1814
00377300,CLARK COLLEGE                           ,WA,98663-3598,Public       ,786,1282,2068,2974,4944,7918
00377400,COLUMBIA BASIN COLLEGE                  ,WA,99301-3379,Public       ,387,784,1171,1916,2723,4639
00377500,EASTERN WASHINGTON UNIVERSITY           ,WA,99004-2447,Public       ,640,864,1504,7400,4931,12331
00377600,EVERETT COMMUNITY COLLEGE               ,WA,98201-1352,Public       ,382,875,1257,1392,3103,4495
00377700,HERITAGE UNIVERSITY                     ,WA,98948-9562,Private      ,38,258,296,366,1304,1670
00377800,GONZAGA UNIVERSITY                      ,WA,99258-0083,Private      ,114,367,481,6049,2978,9027
00377900,GRAYS HARBOR COLLEGE                    ,WA,98520-7599,Public       ,174,318,492,565,935,1500
00378000,GREEN RIVER COMMUNITY COLLEGE           ,WA,98092-3622,Public       ,394,727,1121,1769,2579,4348
00378100,HIGHLINE COMMUNITY COLLEGE              ,WA,98198-9800,Public       ,382,776,1158,1835,3108,4943
00378200,LOWER COLUMBIA COLLEGE                  ,WA,98632-0310,Public       ,283,669,952,764,1866,2630
00378300,NORTHWEST UNIVERSITY                    ,WA,98083-0000,Private      ,127,182,309,1012,586,1598
00378400,OLYMPIC COLLEGE                         ,WA,98337-1600,Public       ,351,812,1163,1204,2808,4012
00378500,PACIFIC LUTHERAN UNIVERSITY             ,WA,98447-0003,Private      ,160,135,295,3911,1317,5228
00378600,PENINSULA COLLEGE                       ,WA,98362-6660,Public       ,142,373,515,406,968,1374
00378700,SEATTLE CENTRAL COMMUNITY COLLEGE       ,WA,98122-2413,Public       ,409,961,1370,1848,3770,5618
00378703,SEATTLE VOCATIONAL INSTITUTE            ,WA,98144-0000,Public       ,31,160,191,51,239,290
00378800,SEATTLE PACIFIC UNIVERSITY              ,WA,98119-1997,Private      ,172,282,454,4128,1478,5606
00379000,SEATTLE UNIVERSITY                      ,WA,98122-1090,Private      ,350,498,848,6075,5536,11611
00379100,SHORELINE COMMUNITY COLLEGE             ,WA,98133-5696,Public       ,305,550,855,1313,2258,3571
00379200,SKAGIT VALLEY COLLEGE                   ,WA,98273-5899,Public       ,252,604,856,884,1929,2813
00379300,SPOKANE COMMUNITY COLLEGE               ,WA,99207-5399,Public       ,491,1523,2014,2575,6156,8731
00379400,ST MARTIN'S UNIVERSITY                  ,WA,98503-7500,Private      ,43,100,143,1186,838,2024
00379600,TACOMA COMMUNITY COLLEGE                ,WA,98466-6100,Public       ,389,1076,1465,1943,4674,6617
00379700,UNIVERSITY OF PUGET SOUND               ,WA,98416-1039,Private      ,94,66,160,4467,834,5301
00379800,UNIVERSITY OF WASHINGTON                ,WA,98195-5880,Public       ,1419,2015,3434,24209,20276,44485
00379900,WALLA WALLA UNIVERSITY                  ,WA,99324-1198,Private      ,228,141,369,1329,612,1941
00380000,WASHINGTON STATE UNIVERSITY             ,WA,99164-1035,Public       ,1300,1388,2688,16630,9186,25816
00380100,WENATCHEE VALLEY COLLEGE                ,WA,98801-1799,Public       ,270,583,853,1063,1815,2878
00380200,WESTERN WASHINGTON UNIVERSITY           ,WA,98225-5946,Public       ,898,514,1412,12608,3440,16048
00380300,WHITMAN COLLEGE                         ,WA,99362-2067,Private      ,37,7,44,2564,54,2618
00380400,WHITWORTH UNIVERSITY                    ,WA,99251-0001,Private      ,109,177,286,3364,848,4212
00380500,YAKIMA VALLEY COMMUNITY COLLEGE         ,WA,98907-2520,Public       ,326,742,1068,1942,3352,5294
00499900,BELLINGHAM TECHNICAL COLLEGE            ,WA,98225-0000,Public       ,159,380,539,455,1101,1556
00500000,PIERCE COLLEGE                          ,WA,98498-1919,Public       ,446,1066,1512,1930,4107,6037
00500100,EDMONDS COMMUNITY COLLEGE               ,WA,98036-5999,Public       ,347,669,1016,1305,2478,3783
00500600,WALLA WALLA COMMUNITY COLLEGE           ,WA,99362-9267,Public       ,231,409,640,1223,1730,2953
00530600,BATES TECHNICAL COLLEGE                 ,WA,98405-0000,Public       ,123,526,649,433,1654,2087
00537200,SOUTH PUGET SOUND COMMUNITY COLLEGE     ,WA,98512-6292,Public       ,277,593,870,1375,2537,3912
00537300,LAKE WASHINGTON TECHNICAL COLLEGE       ,WA,98034-8505,Public       ,118,381,499,368,1180,1548
00575200,CLOVER PARK TECHNICAL COLLEGE           ,WA,98499-0000,Public       ,276,1009,1285,785,2740,3525
00815500,EVERGREEN STATE COLLEGE (THE)           ,WA,98505-0002,Public       ,240,406,646,3250,2881,6131
00844300,ITT TECHNICAL INSTITUTE                 ,WA,98168-3334,Proprietary  ,141,438,579,367,879,1246
00907901,EVEREST COLLEGE                         ,WA,98684-6950,Proprietary  ,36,173,209,71,362,433
00938700,PERRY TECHNICAL INSTITUTE               ,WA,98903-1239,Private      ,76,112,188,332,488,820
00954400,SPOKANE FALLS COMMUNITY COLLEGE         ,WA,99224-5204,Public       ,625,1118,1743,2841,4030,6871
00970400,NORTH SEATTLE COMMUNITY COLLEGE         ,WA,98103-3599,Public       ,204,593,797,927,2269,3196
00970600,SOUTH SEATTLE COMMUNITY COLLEGE         ,WA,98106-1499,Public       ,225,586,811,1100,1965,3065
00973900,GLEN DOW ACAD OF HAIR DESIGN            ,WA,99201-0209,Proprietary  ,35,46,81,90,106,196
01036400,WHATCOM COMMUNITY COLLEGE               ,WA,98226-8003,Public       ,245,337,582,1201,1368,2569
01043400,RENTON TECHNICAL COLLEGE                ,WA,98056-0000,Public       ,137,490,627,456,1359,1815
01148100,DIVERS INSTITUTE OF TECHNOLOGY          ,WA,98107-0667,Proprietary  ,36,90,126,84,254,338
01231500,CORNISH COLLEGE OF THE ARTS             ,WA,98121-4604,Private      ,65,26,91,1022,255,1277
01249600,GREENWOOD BEAUTY SCHOOL                 ,WA,98103-0000,Proprietary  ,14,28,42,24,66,90
01302200,CITY UNIVERSITY OF SEATTLE              ,WA,98005-3030,Private      ,26,618,644,101,2065,2166
01309400,BELLINGHAM BEAUTY SCHOOL                ,WA,98225-0000,Proprietary  ,7,13,20,20,36,56
02091701,KAPLAN COLLEGE - SEATTLE                ,WA,98055-4910,Proprietary  ,26,88,114,50,201,251
02105300,BELLEVUE BEAUTY SCHOOL                  ,WA,98007-0000,Proprietary  ,6,2,8,15,21,36
02106700,TRINITY LUTHERAN COLLEGE                ,WA,98201-3569,Private      ,17,9,26,94,38,132
02180000,NORTHWEST INDIAN COLLEGE                ,WA,98226-9278,Public       ,42,187,229,83,384,467
02184200,PAROBA COLLEGE OF COSMETOLOGY           ,WA,98208-0000,Proprietary  ,17,31,48,28,57,85
02202200,STYLEMASTERS COLLEGE OF HAIR DESIGN     ,WA,98632-0000,Proprietary  ,12,27,39,21,52,73
02203300,GENE JUAREZ ACADEMY OF BEAUTY           ,WA,98125-0000,Proprietary  ,92,120,212,282,352,634
02203301,GENE JUAREZ ACADEMY OF BEAUTY           ,WA,98003-0000,Proprietary  ,11,19,30,51,57,108
02222900,INTERNATIONAL AIR & HOSPITALITY ACADEMY ,WA,98661-4835,Proprietary  ,105,77,182,214,151,365
02236800,PROFESSIONAL BEAUTY SCHOOL              ,WA,98902-0000,Proprietary  ,14,14,28,44,44,88
02242500,BASTYR UNIVERSITY                       ,WA,98028-0000,Private      ,16,183,199,103,1030,1133
02263107,CAMBRIDGE COLLEGE-BELLEVUE              ,WA,98007-0000,Proprietary  ,1,5,6,4,13,17
02291300,ART INSTITUTE OF SEATTLE                ,WA,98121-1622,Proprietary  ,345,302,647,1831,1349,3180
02300100,EVEREST COLLEGE                         ,WA,98367-1835,Proprietary  ,27,116,143,61,267,328
02300103,EVEREST COLLEGE - EVERETT               ,WA,98208-2610,Proprietary  ,46,135,181,87,295,382
02300104,EVEREST COLLEGE - TACOMA                ,WA,98402-3004,Proprietary  ,50,230,280,83,454,537
02326500,INTERFACE COLLEGE                       ,WA,99201-3209,Proprietary  ,2,45,47,4,140,144
02331400,NORTHWEST HAIR ACADEMY                  ,WA,98273-0000,Proprietary  ,27,45,72,59,74,133
02331402,NORTHWEST HAIR ACADEMY - EVERETT        ,WA,98204-0000,Proprietary  ,5,7,12,13,14,27
02345100,PHAGAN'S ORCHARDS BEAUTY SCHOOL         ,WA,98662-0000,Proprietary  ,0,0,0,6,19,25
02504900,ACADEMY OF HAIR DESIGN (THE)            ,WA,98801-0000,Proprietary  ,9,20,29,21,43,64
02541900,BJ'S BEAUTY AND BARBER COLLEGE          ,WA,98409-0000,Proprietary  ,9,51,60,19,93,112
02602100,NORTHWEST COLLEGE OF ART                ,WA,98370-8625,Proprietary  ,17,4,21,118,28,146
02606200,EVEREST COLLEGE                         ,WA,98055-2990,Proprietary  ,55,189,244,92,361,453
02617500,EVEREST COLLEGE                         ,WA,98133-9018,Proprietary  ,26,45,71,54,124,178
02617501,EVEREST COLLEGE - FIFE                  ,WA,98424-2647,Proprietary  ,25,62,87,80,231,311
02617503,EVEREST COLLEGE - VANCOUVER             ,WA,98684-6951,Proprietary  ,36,69,105,73,224,297
02617505,ASHMEAD COLLEGE - NEW EVERETT CAMPUS    ,WA,98201-4022,Proprietary  ,0,0,0,2,6,8
03031406,INTERNATIONAL ACADEMY OF DESIGN AND TECH,WA,98188-3319,Proprietary  ,48,58,106,214,252,466
03065000,CLARE'S BEAUTY COLLEGE                  ,WA,99301-5505,Proprietary  ,5,20,25,17,45,62
03071800,ITT TECHNICAL INSTITUTE                 ,WA,99216-1589,Proprietary  ,161,374,535,366,936,1302
03099000,CORTIVA INSTITUTE - SEATTLE             ,WA,98109-5474,Proprietary  ,25,45,70,84,200,284
03139500,MONTESSORI SCHOOLS OF WASHINGTON        ,WA,98203-6600,Private      ,0,1,1,0,1,1
03280300,SEATTLE INST OF ORIENTAL MEDICINE       ,WA,98115-0000,Proprietary  ,1,12,13,4,43,47
03283300,NORTHWEST HVAC/R ASSOCIATION & TRAINING ,WA,99202-2125,Private      ,2,25,27,5,47,52
03361600,SEATTLE MIDWIFERY SCHOOL                ,WA,98144-0000,Private      ,0,10,10,6,50,56
03466400,MARS HILL GRADUATE SCHOOL               ,WA,98121-0000,Private      ,0,28,28,2,253,255
03483500,CASCADIA COMMUNITY COLLEGE              ,WA,98011-9510,Public       ,142,170,312,528,631,1159
03490400,EMIL FRIES PIANO HOSPITAL & TRAININ     ,WA,98661-4323,Private      ,0,1,1,3,8,11
03631500,CORTIVA INSTITUTE - BRIAN UTTING SCHOOL ,WA,98109-5211,Proprietary  ,0,1,1,9,13,22
03689400,FAITH EVANGELICAL SEMINARY              ,WA,98407-2607,Private      ,0,62,62,4,146,150
03707500,CHETTA'S ACADEMY OF HAIR AND NAILS      ,WA,98362-4310,Proprietary  ,2,5,7,6,8,14
03724300,DIGIPEN INSTITUTE OF TECHNOLOGY         ,WA,98052-5170,Proprietary  ,50,33,83,629,236,865
03917300,EVERGREEN BEAUTY AND BARBER COLLEGE     ,WA,98208-3759,Proprietary  ,13,56,69,32,103,135
03932500,TOTAL COSMETOLOGY TRAINING CENTER       ,WA,99217-6231,Proprietary  ,8,26,34,26,78,104
03953300,YAKIMA BEAUTY SCHOOL;BEAUTYWORKS        ,WA,98901-2202,Proprietary  ,11,17,28,26,44,70
04043400,ALPINE COLLEGE                          ,WA,99206-5097,Proprietary  ,6,36,42,20,92,112
04120000,SUNNYSIDE BEAUTY ACADEMY                ,WA,98944-8711,Proprietary  ,1,5,6,9,12,21
04127200,VICTORIA'S ACADEMY OF COSMETOLOGY       ,WA,99336-3826,Proprietary  ,8,26,34,30,62,92
04130500,PACIFIC NORTHWEST UNIV OF HEALTH SCIENCE,WA,98901-1471,Private      ,0,1,1,0,1,1
04130800,CASCADE BEAUTY COLLEGE                  ,WA,98002-5504,Proprietary  ,6,9,15,12,19,31
04132800,INLAND MASSAGE INSTITUTE                ,WA,99208-5923,Proprietary  ,6,18,24,6,19,25
00340100,BROWN UNIVERSITY                        ,RI,02912-9127,Private      ,91,29,120,12837,295,13132
00340101,BROWN UNIVERSITY - GRADUATE SCHOOL      ,RI,02912-1827,Private      ,1,60,61,40,1324,1364
00340102,BROWN MEDICAL SCHOOL                    ,RI,02912-0000,Private      ,3,8,11,24,406,430
00340200,BRYANT UNIVERSITY                       ,RI,02917-1284,Private      ,85,33,118,5768,302,6070
00340400,JOHNSON & WALES UNIVERSITY              ,RI,02903-3703,Private      ,1307,601,1908,17481,3125,20606
00340600,PROVIDENCE COLLEGE                      ,RI,02918-0001,Private      ,89,87,176,7243,446,7689
00340700,RHODE ISLAND COLLEGE                    ,RI,02908-1991,Public       ,270,329,599,6579,2779,9358
00340800,COMMUNITY COLLEGE OF RI - WARWICK       ,RI,02906-0000,Public       ,733,846,1579,3766,4189,7955
00340801,COMMUNITY COLLEGE OF RI - LINCOLN       ,RI,02865-4585,Public       ,248,284,532,1488,1584,3072
00340802,COMMUNITY COLLEGE OF RI- PROVIDENCE     ,RI,02905-2313,Public       ,176,307,483,1256,1651,2907
00340900,RHODE ISLAND SCHOOL OF DESIGN           ,RI,02903-2784,Private      ,70,55,125,2616,1109,3725
00341000,ROGER WILLIAMS UNIVERSITY               ,RI,02809-2921,Private      ,76,80,156,7292,1309,8601
00341100,SALVE REGINA UNIVERSITY                 ,RI,02840-4192,Private      ,71,58,129,4726,282,5008
00341400,UNIVERSITY OF RHODE ISLAND              ,RI,02881-0000,Public       ,779,494,1273,16873,3053,19926
00659100,ST. JOSEPH HOSP SCH OF NURSING          ,RI,02904-5199,Private      ,2,15,17,40,135,175
00784400,GIBBS COLLEGE                           ,RI,02920-7807,Proprietary  ,4,8,12,243,380,623
00784500,NEW ENGLAND INSTITUTE OF TECHNOLOGY     ,RI,02886-2266,Private      ,405,359,764,2402,1665,4067
01115900,"SAWYER SCHOOL,THE                       ",RI,02860-4117,Proprietary  ,76,371,447,185,909,1094
02071900,ARTHUR ANGELO SCH COSMET&HAIR DSGN      ,RI,02903-0000,Proprietary  ,21,43,64,101,162,263
02176900,WARWICK ACADEMY OF BEAUTY CULTURE       ,RI,02886-1534,Proprietary  ,24,30,54,69,117,186
02584400,NEW ENGLAND TRACTOR TRAILER TRAINING SCH,RI,02860-1752,Proprietary  ,18,226,244,42,418,460
03080000,NEWPORT SCHOOL OF HAIRDRESSING          ,RI,02860-4038,Proprietary  ,3,15,18,11,62,73
03115200,MOTORING TECHNICAL TRAINING INST        ,RI,02914-5022,Proprietary  ,46,83,129,109,180,289
03232300,LINCOLN TECHNICAL INSTITUTE             ,RI,02865-4211,Proprietary  ,156,237,393,366,590,956
03570500,ZION BIBLE COLLEGE                      ,RI,02806-1246,Private      ,37,18,55,136,95,231
03732300,INTERNATIONAL YACHT RESTORATION SCH     ,RI,02840-6720,Private      ,2,5,7,9,21,30
00341700,ALLEN UNIVERSITY                        ,SC,29204-1085,Private      ,258,115,373,963,386,1349
00341800,ANDERSON UNIVERSITY                     ,SC,29621-4035,Private      ,139,165,304,1688,592,2280
00341900,CHARLESTON SOUTHERN UNIVERSITY          ,SC,29406-2160,Private      ,325,350,675,3384,1533,4917
00342000,BENEDICT COLLEGE                        ,SC,29204-1086,Private      ,699,311,1010,3654,1176,4830
00342100,BOB JONES UNIVERSITY                    ,SC,29614-1000,Proprietary  ,566,90,656,2838,276,3114
00342200,SOUTHERN WESLEYAN UNIVERSITY            ,SC,29630-1020,Private      ,58,478,536,901,2007,2908
00342300,THE CITADEL                             ,SC,29409-0002,Public       ,230,238,468,2047,757,2804
00342400,CLAFLIN UNIVERSITY                      ,SC,29115-4498,Private      ,298,236,534,2364,906,3270
00342500,CLEMSON UNIVERSITY                      ,SC,29634-0001,Public       ,1010,561,1571,13377,2663,16040
00342600,UNIV OF SC AT SUMTER                    ,SC,29150-2498,Public       ,186,141,327,696,503,1199
00342700,COKER COLLEGE                           ,SC,29550-3797,Private      ,104,182,286,907,844,1751
00342800,COLLEGE OF CHARLESTON                   ,SC,29424-0100,Public       ,800,429,1229,8091,1883,9974
00342900,COLUMBIA INTERNATIONAL UNIVERSITY       ,SC,29203-1599,Private      ,46,110,156,490,593,1083
00343000,COLUMBIA COLLEGE                        ,SC,29203-5998,Private      ,118,283,401,1311,984,2295
00343100,CONVERSE COLLEGE                        ,SC,29302-0006,Private      ,51,124,175,732,569,1301
00343200,ERSKINE COLLEGE                         ,SC,29639-0000,Private      ,42,5,47,726,30,756
00343201,ERSKINE THEOLOGICAL SEMINARY            ,SC,29639-0000,Private      ,0,58,58,7,145,152
00343400,FURMAN UNIVERSITY                       ,SC,29613-5253,Private      ,111,56,167,3040,283,3323
00343500,LANDER UNIVERSITY                       ,SC,29649-2099,Public       ,262,176,438,2579,736,3315
00343600,LIMESTONE COLLEGE                       ,SC,29340-3799,Private      ,195,689,884,1038,2715,3753
00343700,LUTHERAN THEOLOGICAL SOUTHERN SEM       ,SC,29203-5898,Private      ,0,14,14,0,127,127
00343800,MEDICAL UNIV OF SOUTH CAROLINA - FA     ,SC,29425-1760,Public       ,28,224,252,204,2598,2802
00343900,MORRIS COLLEGE                          ,SC,29150-3599,Private      ,271,137,408,1363,445,1808
00344000,NEWBERRY COLLEGE                        ,SC,29108-2197,Private      ,80,29,109,1511,171,1682
00344100,NORTH GREENVILLE COLLEGE                ,SC,29688-1892,Private      ,245,77,322,2044,275,2319
00344500,PRESBYTERIAN COLLEGE                    ,SC,29325-2503,Private      ,81,5,86,1374,26,1400
00344600,SOUTH CAROLINA STATE UNIVERSITY         ,SC,29117-4427,Public       ,720,576,1296,6841,2465,9306
00344700,SPARTANBURG METHODIST COLLEGE           ,SC,29301-5899,Private      ,148,30,178,1109,119,1228
00344800,UNIVERSITY OF SOUTH CAROLINA            ,SC,29208-3999,Public       ,2143,1887,4030,17320,9691,27011
00344900,UNIVERSITY OF SOUTH CAROLINA AIKEN      ,SC,29801-6399,Public       ,349,240,589,2647,1105,3752
00345000,UNIV OF SC AT BEAUFORT                  ,SC,29902-4602,Public       ,157,226,383,910,710,1620
00345100,COASTAL CAROLINA UNIVERSITY             ,SC,29528-0000,Public       ,952,389,1341,8704,1644,10348
00345300,UNIV OF SC AT LANCASTER                 ,SC,29721-0889,Public       ,189,165,354,751,543,1294
00345400,UNIV OF SC SYSTEM SALKEHATCHIE          ,SC,29810-0617,Public       ,138,155,293,450,433,883
00345500,VOORHEES COLLEGE                        ,SC,29042-0000,Private      ,151,124,275,610,353,963
00345600,WINTHROP UNIVERSITY                     ,SC,29733-0001,Public       ,563,422,985,5400,1803,7203
00345700,WOFFORD COLLEGE                         ,SC,29303-3663,Private      ,55,21,76,1585,88,1673
00399000,FLORENCE-DARLINGTON TECH COLLEGE        ,SC,29501-0548,Public       ,851,1292,2143,2297,3510,5807
00399100,GREENVILLE TECHNICAL COLLEGE            ,SC,29607-2439,Public       ,2432,3570,6002,6395,9631,16026
00399200,PIEDMONT TECHNICAL COLLEGE              ,SC,29648-1467,Public       ,803,1585,2388,1869,3784,5653
00399300,MIDLANDS TECHNICAL COLLEGE              ,SC,29202-0000,Public       ,2109,2889,4998,5889,8524,14413
00399400,SPARTANBURG COMMUNITY COLLEGE           ,SC,29305-4386,Public       ,812,1152,1964,2467,3584,6051
00399500,CENTRAL CAROLINA TECHNICAL COLLEGE      ,SC,29150-2499,Public       ,483,1177,1660,1104,2829,3933
00399600,YORK TECHNICAL COLLEGE                  ,SC,29730-3395,Public       ,752,1382,2134,2124,3776,5900
00492000,TRIDENT TECHNICAL COLLEGE               ,SC,29423-8067,Public       ,2310,3017,5327,5411,8213,13624
00492300,CLINTON JR COLLEGE                      ,SC,29730-5152,Private      ,46,16,62,105,38,143
00492400,FORREST JUNIOR COLLEGE                  ,SC,29624-2405,Proprietary  ,6,66,72,22,129,151
00492500,HORRY-GEORGETOWN TECH COLLEGE           ,SC,29526-9521,Public       ,1066,1602,2668,2477,4240,6717
00492600,TRI-COUNTY TECHNICAL COLLEGE            ,SC,29670-9133,Public       ,953,1056,2009,2828,3039,5867
00492700,UNIV OF SC AT UNION                     ,SC,29379-0729,Public       ,58,51,109,219,159,378
00536300,DENMARK TECHNICAL COLLEGE               ,SC,29042-0000,Public       ,451,488,939,772,730,1502
00681500,ORANGEBURG-CALHOUN TECHNICAL COLG       ,SC,29118-8299,Public       ,471,788,1259,1194,1972,3166
00695100,UNIVERSITY OF SOUTH CAROLINA UPSTATE    ,SC,29303-9972,Public       ,632,547,1179,4268,2168,6436
00760200,NORTHEASTERN TECHNICAL COLLEGE          ,SC,29520-7015,Public       ,169,359,528,451,925,1376
00922600,FRANCIS MARION UNIVERSITY               ,SC,29501-0000,Public       ,402,296,698,3841,1300,5141
00932200,WILLIAMSBURG TECHNICAL COLLEGE          ,SC,29556-4197,Public       ,127,272,399,273,588,861
00991000,TECHNICAL COLLEGE OF THE LOWCOUNTRY     ,SC,29902-5441,Public       ,335,737,1072,675,1701,2376
00991100,UNIV OF SC-REGIONAL CAMPUSES ADMIN      ,SC,29208-0001,Public       ,18,19,37,147,85,232
01005600,AIKEN TECHNICAL COLLEGE                 ,SC,29802-0696,Public       ,473,824,1297,1490,2610,4100
01209200,KENNETH SHULER SCHOOL OF COSMETOLOGY    ,SC,29730-3552,Proprietary  ,4,18,22,16,66,82
01303907,SOUTH UNIVERSITY                        ,SC,29203-6400,Proprietary  ,112,580,692,259,1357,1616
02063700,SHERMAN CLG STRAIGHT CHIROPRACTIC       ,SC,29316-0000,Private      ,2,29,31,9,271,280
02189800,NO AMER INST OF AVIATION OF SO CAR      ,SC,29527-0000,Proprietary  ,0,3,3,4,6,10
02329600,BETTY STEVENS COSMETOLOGY INSTITUTE     ,SC,29501-0000,Proprietary  ,0,0,0,1,0,1
02338600,CHARZANNE BEAUTY COLLEGE                ,SC,29649-0000,Proprietary  ,7,31,38,18,67,85
02341100,KENNETH SHULER SCHOOL OF COSMETOLOGY & N,SC,29210-0000,Proprietary  ,75,218,293,152,420,572
02356600,CHARLESTON COSMETOLOGY INSTITUTE        ,SC,29420-0000,Proprietary  ,27,29,56,52,68,120
02552400,ACADEMY OF HAIR TECHNOLOGY              ,SC,29615-2363,Proprietary  ,24,40,64,47,99,146
02567600,SUMTER BEAUTY COLLEGE                   ,SC,29150-0000,Proprietary  ,11,28,39,29,79,108
02614202,MILLER-MOTTE TECHNICAL COLLEGE          ,SC,29406-0000,Proprietary  ,103,292,395,247,822,1069
03010614,VIRGINIA COLLEGE - GOLF ACADEMY OF AMERI,SC,29579-0000,Proprietary  ,52,44,96,197,188,385
03052300,KENNETH SHULER SCH COSM & HAIR DESG     ,SC,29841-2013,Proprietary  ,11,46,57,33,102,135
03088300,ACADEMY OF COSMETOLOGY                  ,SC,29418-5667,Proprietary  ,16,33,49,32,68,100
03258300,SOUTHERN METHODIST COLLEGE              ,SC,29116-1027,Private      ,3,7,10,7,23,30
03293300,STRAND COLLEGE OF HAIR DESIGN           ,SC,29572-4310,Proprietary  ,4,32,36,14,63,77
03304300,CENTURA COLLEGE                         ,SC,29406-9235,Proprietary  ,35,148,183,71,353,424
03513300,LACY COSMETOLOGY SCHOOL                 ,SC,29803-9084,Proprietary  ,4,22,26,11,48,59
03513301,LACY COSMETOLOGY SCHOOL -               ,SC,29072-0000,Proprietary  ,5,17,22,8,37,45
03513302,LACY COSMETOLOGY SCHOOL -               ,SC,29445-0000,Proprietary  ,3,18,21,11,29,40
03595300,CHARLESTON SCHOOL OF MASSAGE            ,SC,29412-8270,Proprietary  ,2,9,11,5,30,35
03746300,LEGRAND INSTITUTE OF COSMETOLOGY        ,SC,29020-0000,Proprietary  ,7,7,14,16,34,50
03746400,SOUTHEASTERN INSTITUTE                  ,SC,29210-0000,Proprietary  ,25,77,102,70,180,250
03768400,STYLETRENDS BARBER AND HAIRSTYLING ACADE,SC,29730-4511,Proprietary  ,3,14,17,6,36,42
03856400,W. L. BONNER COLLEGE                    ,SC,29203-0000,Private      ,2,26,28,4,61,65
03892300,HARLEY'S BEAUTY & BARBER CAREER INST.   ,SC,29204-1919,Proprietary  ,4,24,28,11,48,59
04096300,CHARLESTON SCHOOL OF LAW                ,SC,29402-0535,Proprietary  ,3,223,226,10,934,944
00345800,AUGUSTANA COLLEGE                       ,SD,57197-0001,Private      ,196,55,251,1677,179,1856
00345900,BLACK HILLS STATE UNIVERSITY            ,SD,57799-9670,Public       ,366,410,776,2002,1377,3379
00346100,DAKOTA WESLEYAN UNIVERSITY              ,SD,57301-4398,Private      ,64,44,108,596,269,865
00346300,DAKOTA STATE UNIVERSITY                 ,SD,57042-1799,Public       ,182,142,324,1137,514,1651
00346500,MOUNT MARTY COLLEGE                     ,SD,57078-3724,Private      ,56,134,190,538,456,994
00346600,NORTHERN STATE UNIVERSITY               ,SD,57401-7198,Public       ,146,126,272,1475,583,2058
00346700,PRESENTATION COLLEGE                    ,SD,57401-1299,Private      ,38,112,150,359,499,858
00346900,UNIVERSITY OF SIOUX FALLS               ,SD,57105-1699,Private      ,87,102,189,1316,393,1709
00347000,SOUTH DAKOTA SCH OF MINES & TECH        ,SD,57701-3995,Public       ,144,140,284,1281,470,1751
00347100,SOUTH DAKOTA STATE UNIVERSITY           ,SD,57007-2298,Public       ,1099,708,1807,7397,2552,9949
00347400,UNIVERSITY OF SOUTH DAKOTA              ,SD,57069-2390,Public       ,656,823,1479,4400,3691,8091
00405600,SIOUX FALLS SEMINARY                    ,SD,57105-0000,Private      ,1,32,33,1,85,86
00405700,NATIONAL AMERICAN UNIVERSITY            ,SD,57701-3692,Proprietary  ,207,1749,1956,452,4283,4735
00405707,NATIONAL AMERICAN UNIVERSITY            ,SD,57105-0000,Proprietary  ,12,47,59,51,233,284
00492900,MCKENNAN HOSP-RADOLOGICAL TECH          ,SD,57101-0000,Private      ,3,1,4,19,8,27
00530900,LAKE AREA TECHNICAL INSTITUTE           ,SD,57201-2869,Public       ,134,109,243,736,339,1075
00598700,AVERA SACRED HEART HOSPITAL SCHOOL OF RA,SD,57078-3899,Private      ,0,0,0,8,2,10
00776400,SOUTHEAST TECHNICAL INST                ,SD,57107-0000,Public       ,365,322,687,1276,871,2147
00828400,MITCHELL TECHNICAL INSTITUTE            ,SD,57301-2002,Public       ,92,67,159,477,228,705
01013800,STEWART SCHOOL                          ,SD,57104-0000,Proprietary  ,27,17,44,81,43,124
01014804,COLORADO TECHNICAL UNIVERSITY           ,SD,57108-2272,Proprietary  ,50,182,232,279,868,1147
01017000,WESTERN DAKOTA TECHNICAL INSTITUTE      ,SD,57701-4018,Public       ,126,228,354,416,704,1120
01147701,SIOUX VALLEY HOSP-MEDICAL TECH          ,SD,57117-5039,Private      ,0,0,0,17,10,27
01465900,OGLALA LAKOTA COLLEGE                   ,SD,57752-0490,Public       ,123,526,649,231,1065,1296
02137100,BLACK HILLS BEAUTY COLLEGE              ,SD,57701-0000,Proprietary  ,20,17,37,53,50,103
02143700,SINTE GLESKA UNIVERSITY                 ,SD,57570-0000,Public       ,72,306,378,120,538,658
02144600,KILIAN COMMUNITY COLLEGE                ,SD,57103-7020,Private      ,32,103,135,83,315,398
02277300,SISSETON WAHPETON COLLEGE               ,SD,57262-0000,Public       ,29,95,124,38,142,180
02297800,HEADLINES ACADEMY                       ,SD,57701-0000,Proprietary  ,15,20,35,34,61,95
00347700,AQUINAS COLLEGE                         ,TN,37205-2086,Private      ,33,123,156,243,627,870
00347701,AQUINAS COLLEGE -  PRIMETIME PROGRAM    ,TN,37214-3644,Private      ,2,77,79,8,220,228
00347800,AUSTIN PEAY STATE UNIVERSITY            ,TN,37044-0002,Public       ,841,1450,2291,5905,5724,11629
00347900,BELMONT UNIVERSITY                      ,TN,37212-3757,Private      ,311,355,666,4630,1948,6578
00348000,BETHEL COLLEGE                          ,TN,38201-1705,Private      ,88,644,732,1168,2179,3347
00348100,CARSON-NEWMAN COLLEGE                   ,TN,37760-2204,Private      ,187,99,286,2758,512,3270
00348200,CHRISTIAN BROTHERS UNIVERSITY           ,TN,38104-5581,Private      ,152,317,469,1933,1246,3179
00348300,COLUMBIA STATE COMMUNITY COLLEGE        ,TN,38401-5653,Public       ,498,721,1219,2252,2209,4461
00348500,CUMBERLAND UNIVERSITY                   ,TN,37087-3554,Private      ,140,222,362,1255,688,1943
00348600,LIPSCOMB UNIVERSITY                     ,TN,37204-3951,Private      ,269,299,568,2668,1004,3672
00348700,EAST TENNESSEE STATE UNIV - MAIN CAMPUS ,TN,37614-2857,Public       ,1131,1169,2300,9363,5533,14896
00348701,EAST TENNESSEE STATE UNIV - MEDICINE    ,TN,37614-1708,Public       ,15,27,42,135,351,486
00348709,EAST TENNESSEE STATE UNIV - PHARMACY    ,TN,37614-1704,Public       ,5,25,30,82,269,351
00349000,FISK UNIVERSITY                         ,TN,37208-3045,Private      ,167,82,249,1417,312,1729
00349200,FREED-HARDEMAN UNIVERSITY               ,TN,38340-2399,Private      ,179,187,366,1669,781,2450
00349400,HIWASSEE COLLEGE                        ,TN,37354-4001,Private      ,0,0,0,309,68,377
00349500,JOHNSON BIBLE COLLEGE                   ,TN,37998-9775,Private      ,99,75,174,543,269,812
00349600,KING COLLEGE                            ,TN,37620-2699,Private      ,79,227,306,1140,823,1963
00349800,LAMBUTH UNIVERSITY                      ,TN,38301-5296,Private      ,95,63,158,1193,303,1496
00349900,LANE COLLEGE                            ,TN,38301-4598,Private      ,375,197,572,2842,894,3736
00350000,LEE UNIVERSITY                          ,TN,37320-0000,Private      ,380,250,630,3244,1020,4264
00350100,LEMOYNE-OWEN COLLEGE                    ,TN,38126-6510,Private      ,129,243,372,733,874,1607
00350200,LINCOLN MEMORIAL UNIVERSITY             ,TN,37752-7920,Private      ,120,543,663,1308,2594,3902
00350400,MARTIN METHODIST COLLEGE                ,TN,38478-2799,Private      ,89,75,164,834,361,1195
00350500,MARYVILLE COLLEGE                       ,TN,37804-5907,Private      ,51,27,78,1791,176,1967
00350600,MEHARRY MEDICAL COLLEGE                 ,TN,37208-0000,Private      ,4,80,84,33,1162,1195
00350700,MEMPHIS COLLEGE OF ART                  ,TN,38104-2764,Private      ,74,32,106,529,167,696
00350900,UNIVERSITY OF MEMPHIS (THE)             ,TN,38152-4611,Public       ,1979,3016,4995,13475,13094,26569
00351000,MIDDLE TENNESSEE STATE UNIV             ,TN,37130-0000,Public       ,2700,2049,4749,19116,8499,27615
00351100,MILLIGAN COLLEGE                        ,TN,37682-4001,Private      ,62,67,129,984,423,1407
00351700,SOUTHERN COLLEGE OF OPTOMETRY           ,TN,38104-2222,Private      ,2,10,12,14,573,587
00351800,SOUTHERN ADVENTIST UNIVERSITY           ,TN,37315-0370,Private      ,305,128,433,2066,547,2613
00351900,RHODES COLLEGE                          ,TN,38112-1690,Private      ,135,38,173,2300,199,2499
00352200,TENNESSEE STATE UNIVERSITY              ,TN,37209-1561,Public       ,1008,1326,2334,9729,6450,16179
00352201,TENNESSEE STATE UNIVERSITY - AVON WILLIA,TN,37203-3401,Public       ,53,192,245,54,207,261
00352300,TENNESSEE TECHNOLOGICAL UNIV            ,TN,38505-0001,Public       ,960,818,1778,7779,3172,10951
00352400,TENNESSEE TEMPLE UNIVERSITY             ,TN,37404-3587,Private      ,90,91,181,491,298,789
00352500,TENNESSEE WESLEYAN COLLEGE              ,TN,37371-0040,Private      ,70,72,142,996,406,1402
00352600,TREVECCA NAZARENE UNIVERSITY            ,TN,37210-2877,Private      ,143,418,561,1108,1672,2780
00352700,TUSCULUM COLLEGE                        ,TN,37743-0001,Private      ,74,278,352,1773,1739,3512
00352800,UNION UNIVERSITY                        ,TN,38305-3697,Private      ,230,599,829,2212,1876,4088
00352900,UNIVERSITY OF TENNESSEE-CHATTANOOGA     ,TN,37403-2598,Public       ,1053,747,1800,9643,3266,12909
00353000,UNIVERSITY OF TENNESSEE-KNOXVILLE       ,TN,37996-0150,Public       ,2947,1522,4469,23692,7997,31689
00353006,UNIVERSITY OF TENNESSEE-HEALTH SCI CTR  ,TN,38103-0000,Public       ,28,194,222,317,2842,3159
00353100,UNIVERSITY OF TENNESSEE-MARTIN          ,TN,38238-0002,Public       ,711,646,1357,6670,2534,9204
00353400,UNIVERSITY OF THE SOUTH                 ,TN,37383-1000,Private      ,55,12,67,1554,57,1611
00353500,VANDERBILT UNIVERSITY                   ,TN,37240-0001,Private      ,315,523,838,10398,5124,15522
00353501,VANDERBILT UNIV MED CTR ALLIEDHEAL      ,TN,37232-5510,Private      ,3,19,22,32,184,216
00353502,VANDERBILT UNIV - SCH OF MED            ,TN,37232-0000,Private      ,9,25,34,68,861,929
00353600,BRYAN COLLEGE                           ,TN,37321-7000,Private      ,80,123,203,974,391,1365
00399800,CHATTANOOGA STATE TECH CMTY CLG         ,TN,37406-1097,Public       ,1083,1877,2960,3810,5307,9117
00399900,CLEVELAND STATE COMMUNITY COLLEGE       ,TN,37312-2858,Public       ,296,487,783,1348,1731,3079
00402500,TN TECHNOLOGY CTR AT KNOXVILLE          ,TN,37919-2327,Public       ,87,295,382,337,852,1189
00402600,TENNESSEE TECH. CNTR AT CROSSVILLE      ,TN,38555-4142,Public       ,51,118,169,199,440,639
00461700,NATIONAL COLLEGE OF BUSINESS & TECH     ,TN,37211-6605,Proprietary  ,78,494,572,219,1593,1812
00493400,DRAUGHONS JR CLG OF BUSINESS            ,TN,37217-1056,Proprietary  ,172,801,973,380,2115,2495
00493700,JACKSON STATE COMMUNITY COLLEGE         ,TN,38301-3797,Public       ,360,671,1031,2321,2646,4967
00493800,SOUTH COLLEGE                           ,TN,37909-3323,Proprietary  ,91,474,565,302,1254,1556
00494700,WEST TENNESSEE BUSINESS COLLEGE         ,TN,38301-3256,Proprietary  ,23,153,176,94,420,514
00528000,TN TECHNOLOGY CTR AT COVINGTON          ,TN,38019-0249,Public       ,44,99,143,112,280,392
00528100,TN TECHNOLOGY CTR AT ELIZABETHTON       ,TN,37643-0789,Public       ,56,150,206,200,646,846
00528200,TN TECHNOLOGY CTR AT HARTSVILLE         ,TN,37074-0000,Public       ,42,91,133,153,262,415
00528300,TN TECHNOLOGY CTR AT NEWBERN            ,TN,38059-1198,Public       ,29,102,131,110,317,427
00530700,TN TECHNOLOGY CTR AT MCMINNVILLE        ,TN,37110-1322,Public       ,25,85,110,119,300,419
00535100,TENNESSEE TECHNOLOGY CENTER AT MORRISTOW,TN,37813-2094,Public       ,67,221,288,361,818,1179
00535200,TN TECHNOLOGY CENTER AT MCKENZIE        ,TN,38201-1620,Public       ,25,91,116,154,306,460
00535300,TN TECHNOLOGY CENTER AT LIVINGSTON      ,TN,38570-0219,Public       ,38,88,126,187,341,528
00535400,TN TECHNOLOGY CTR AT JACKSON            ,TN,38301-0000,Public       ,74,177,251,378,798,1176
00535600,TENNESSEE TECHNOLOGY CENTER AT HOHENWALD,TN,38462-0000,Public       ,52,157,209,213,355,568
00535700,TENNESSEE TECHNOLOGY CENTER AT CRUMP    ,TN,38327-3402,Public       ,29,72,101,167,322,489
00535800,TN TECHNOLOGY CENTER AT ATHENS          ,TN,37371-0848,Public       ,32,69,101,182,368,550
00535900,TENNESSEE TECHNOLOGY CENTER AT NASHVILLE,TN,37209-0000,Public       ,114,377,491,351,956,1307
00536000,TENNESSEE TECHNOLOGY CENTER AT MEMPHIS  ,TN,38105-3604,Public       ,219,437,656,694,1564,2258
00537800,NORTHEAST STATE TECH CMNTY COLG         ,TN,37617-0246,Public       ,621,893,1514,2499,2966,5465
00537900,TN TECHNOLOGY CTR AT SHELBYVILLE        ,TN,37160-3697,Public       ,53,147,200,346,643,989
00683500,DYERSBURG STATE COMMUNITY COLLEGE       ,TN,38024-0000,Public       ,285,512,797,1294,1726,3020
00683600,MOTLOW STATE COMMUNITY COLLEGE          ,TN,37388-7972,Public       ,546,703,1249,2134,2094,4228
00743900,FOUNTAINHEAD COLLEGE OF TECHNOLOGY      ,TN,37918-2583,Proprietary  ,33,63,96,74,202,276
00744000,NASHVILLE AUTO DIESEL COLLEGE           ,TN,37206-3298,Proprietary  ,417,219,636,2143,688,2831
00778200,TENNESSEE TECHNOLOGY CENTER AT DICKSON  ,TN,37055-0000,Public       ,77,177,254,256,594,850
00778300,MIDDLE TENNESSEE SCH OF ANESTHESIA      ,TN,37116-0417,Private      ,5,3,8,16,151,167
00814500,NASHVILLE STATE TECH CMNTY COLLEGE      ,TN,37209-0000,Public       ,782,1529,2311,2339,4269,6608
00865500,GENESIS CAREER COLLEGE OF COOKEVILLE    ,TN,38501-1959,Proprietary  ,10,38,48,27,94,121
00885900,JOHN A GUPTON COLLEGE                   ,TN,37203-2934,Private      ,7,21,28,61,107,168
00886300,WALTERS STATE COMMUNITY COLLEGE         ,TN,37813-6899,Public       ,561,839,1400,3175,3043,6218
00946400,TN TECHNOLOGY CTR AT PULASKI            ,TN,38478-4541,Public       ,43,69,112,123,247,370
00956700,TENNESSEE SCHOOL OF BEAUTY              ,TN,37921-3303,Proprietary  ,22,86,108,88,204,292
00971000,TENNESSEE TECHNOLOGY CENTER AT ONEIDA/HU,TN,37756-4149,Public       ,20,72,92,65,214,279
00991200,VOLUNTEER STATE COMMUNITY COLLEGE       ,TN,37066-3188,Public       ,736,1022,1758,2897,3156,6053
00991400,ROANE STATE COMMUNITY COLLEGE           ,TN,37748-8664,Public       ,609,915,1524,2754,2932,5686
00998200,CRICHTON COLLEGE                        ,TN,38111-4745,Private      ,118,495,613,544,1309,1853
01021700,INTERNATIONAL ACADEMY OF DESIGN & TECH  ,TN,37212-0000,Proprietary  ,106,118,224,436,536,972
01032600,TN TECHNOLOGY CTR AT HARRIMAN           ,TN,37748-1109,Public       ,53,119,172,133,271,404
01043900,SOUTHWEST TENNESSEE COMMUNITY COLLG     ,TN,38104-3322,Public       ,1551,3015,4566,5179,9278,14457
01044700,"PLAZA BEAUTY SCHOOL, INC.               ",TN,38117-4822,Proprietary  ,14,44,58,36,112,148
01046000,AMERICAN BAPTIST THEOLOGICAL SEMINA     ,TN,37207-4994,Private      ,6,32,38,22,98,120
01052900,MEMPHIS THEOLOGICAL SEMINARY            ,TN,38104-0000,Private      ,1,53,54,1,179,180
01070000,TN TECHNOLOGY CENTER AT JACKSBORO       ,TN,37757-2461,Public       ,32,40,72,115,175,290
01155300,WM R MOORE COLLEGE OF TECHNOLOGY        ,TN,38104-0000,Private      ,19,32,51,54,102,156
01216400,TENNESSEE TECHNICAL CNTR AT RIPLEY      ,TN,38063-7359,Public       ,21,77,98,48,207,255
01254700,EMMANUEL SCHOOL OF RELIGION             ,TN,37601-0000,Private      ,0,23,23,1,51,52
01269300,PELLISSIPPI STATE COMMUNITY COLLEGE     ,TN,37933-0990,Public       ,1154,1216,2370,4060,3459,7519
02092800,TENNESSEE TECHNOLOGY CENTER AT WHITEVILL,TN,38075-0000,Public       ,40,78,118,120,245,365
02103500,TN TECHNOLOGY CTR AT MURFREESBORO       ,TN,37129-0000,Public       ,69,146,215,211,383,594
02106400,O'MORE COLLEGE OF DESIGN                ,TN,37064-0000,Private      ,30,21,51,183,69,252
02125300,NASHVILLE CLG OF MEDICAL CAREERS        ,TN,37115-0000,Proprietary  ,17,71,88,37,192,229
02153100,JON NAVE UNIVERSITY OF COSMETOLOGY      ,TN,37013-3347,Proprietary  ,50,81,131,105,166,271
02157100,CONCORDE CAREER COLLEGE                 ,TN,38137-0000,Proprietary  ,96,460,556,255,1349,1604
02188300,CHURCH OF GOD THEOLOGICAL SEMINARY      ,TN,37320-0000,Private      ,1,48,49,2,181,183
02204200,"CHATTANOOGA COLLEGE - MEDICAL, DENTAL AN",TN,37411-0000,Proprietary  ,23,81,104,64,296,360
02237900,TN TECHNOLOGY CENTER AT PARIS           ,TN,38242-0000,Public       ,38,175,213,162,529,691
02257400,ARNOLD'S BEAUTY SCHOOL                  ,TN,38358-0000,Proprietary  ,17,17,34,36,37,73
02263104,HIGH-TECH INSTITUTE - NASHVILLE         ,TN,37214-2531,Proprietary  ,13,41,54,75,87,162
02275500,REUBEN-ALLEN COLLEGE                    ,TN,37922-0000,Proprietary  ,8,10,18,24,35,59
02278700,MR WAYNES SCH OF UNISEX HAIR DESIGN     ,TN,38501-0000,Proprietary  ,4,10,14,10,27,37
02293900,VOLUNTEER BEAUTY ACADEMY-NASHVILLE      ,TN,37115-2112,Proprietary  ,7,37,44,13,63,76
02294000,VOLUNTEER BEAUTY ACADEMY-DYERSBURG      ,TN,38024-1622,Proprietary  ,14,45,59,24,73,97
02326200,KAPLAN CAREER INSTITUTE                 ,TN,37217-1342,Proprietary  ,53,236,289,129,637,766
02326202,KAPLAN CAREER INSTITUTE - THOMPSON LANE ,TN,37204-3692,Proprietary  ,5,15,20,11,47,58
02326300,MEDVANCE INSTITUTE                      ,TN,38501-4305,Proprietary  ,40,149,189,214,761,975
02335900,VOLUNTEER BEAUTY ACADEMY-NASHVILLE      ,TN,37209-3033,Proprietary  ,7,29,36,18,55,73
02359800,ITT TECHNICAL INSTITUTE                 ,TN,37214-3717,Proprietary  ,385,888,1273,881,1852,2733
02498000,NEW WAVE HAIR ACADEMY                   ,TN,38128-0000,Proprietary  ,12,40,52,46,149,195
02539800,QUEEN CITY COLLEGE                      ,TN,37042-0000,Proprietary  ,6,47,53,34,160,194
02540000,TENNESSEE ACADEMY OF COSMETOLOGY        ,TN,38133-0000,Proprietary  ,17,56,73,23,77,100
02578200,NOSSI COLLEGE OF ART                    ,TN,37072-0000,Proprietary  ,52,73,125,248,292,540
02595000,FAYETTEVILLE BEAUTY SCHOOL              ,TN,37334-2909,Proprietary  ,14,35,49,19,53,72
02597600,NEW WAVE HAIR ACADEMY                   ,TN,38301-3812,Proprietary  ,12,36,48,33,164,197
02599710,VATTEROTT COLLEGE - MEMPHIS             ,TN,38132-1714,Proprietary  ,45,257,302,105,704,809
02605501,REMINGTON COLLEGE - MEMPHIS CAMPUS      ,TN,38132-0000,Proprietary  ,80,394,474,247,1095,1342
02614200,MILLER MOTTE BUSINESS COLLEGE           ,TN,37040-6023,Proprietary  ,56,183,239,181,685,866
02614203,MILLER-MOTTE TECHNICAL COLLEGE          ,TN,37421-0000,Proprietary  ,62,201,263,223,777,1000
02614204,MILLER - MOTTE TECHNICAL COLLEGE - GOODL,TN,37072-1870,Proprietary  ,12,87,99,35,259,294
03001800,FREE WILL BAPTIST BIBLE COLLEGE         ,TN,37205-2498,Private      ,43,53,96,217,110,327
03008800,FRANKLIN ACADEMY                        ,TN,37312-3939,Private      ,9,18,27,17,44,61
03010606,VIRGINIA COLLEGE - SCH OF BUSNSS & HLTH ,TN,37411-5600,Proprietary  ,14,42,56,48,112,160
03012500,NEW WAVE HAIR ACADEMY                   ,TN,38111-4253,Proprietary  ,43,99,142,112,315,427
03024900,TENNESSEE ACADEMY OF COSMETOLOGY        ,TN,38125-3442,Proprietary  ,16,68,84,32,93,125
03061100,GENESIS CAREER COLLEGE OF LEBANON       ,TN,37087-2718,Proprietary  ,41,157,198,56,219,275
03073400,ITT TECHNICAL INSTITUTE                 ,TN,37932-3343,Proprietary  ,565,1000,1565,1035,1850,2885
03076405,HIGH-TECH INSTITUTE - MEMPHIS           ,TN,38134-7345,Proprietary  ,13,36,49,67,159,226
03079100,NORTH CENTRAL INSTITUTE                 ,TN,37042-3116,Proprietary  ,3,21,24,12,44,56
03088800,WATKINS INSTITUTE COLLEGE OF ART & DESIG,TN,37228-1306,Private      ,46,49,95,350,217,567
03126900,STYLES & PROFILES BEAUTY COLLEGE        ,TN,38375-2109,Proprietary  ,5,8,13,11,16,27
03149300,NEW DIRECTIONS HAIR ACADEMY             ,TN,37209-0000,Proprietary  ,47,113,160,80,234,314
03355400,RICHMONT GRADUATE UNIVERSITY            ,TN,37404-0000,Private      ,3,42,45,11,110,121
03440300,BAPTIST MEMORIAL COLLEGE OF HEALTH      ,TN,38104-3104,Private      ,72,202,274,635,1199,1834
03454300,TENNESSEE CAREER COLLEGE                ,TN,37214-2945,Proprietary  ,0,0,0,4,7,11
03480303,MEDVANCE INSTITUTE - NASHVILLE          ,TN,37203-1536,Proprietary  ,43,180,223,84,352,436
03513500,WILLIAMSON CHRISTIAN COLLEGE            ,TN,37067-8237,Private      ,3,21,24,13,46,59
03647300,NEW CONCEPTS SCHOOL OF COSMETOLOGY      ,TN,37311-7373,Proprietary  ,6,15,21,8,23,31
03683300,INTERNATIONAL BARBER & STYLE COLLEGE    ,TN,37218-2205,Proprietary  ,10,55,65,22,71,93
03701300,MEMPHIS INSTITUTE OF BARBERING          ,TN,38107-4334,Proprietary  ,7,34,41,15,66,81
03774400,SHEAR ACADEMY                           ,TN,38555-4177,Proprietary  ,3,6,9,10,21,31
03830300,SAE INSTITUTE OF TECHNOLOGY             ,TN,37203-4310,Proprietary  ,39,50,89,138,175,313
03841300,CAREER BEAUTY COLLEGE                   ,TN,38464-3634,Proprietary  ,6,13,19,11,26,37
03920300,INSTITUTE OF HAIR DESIGN                ,TN,38310-1801,Proprietary  ,7,16,23,14,41,55
03930300,BUCHANAN BEAUTY COLLEGE                 ,TN,37160-2741,Proprietary  ,1,12,13,5,22,27
03982300,VISIBLE SCHOOL - MUSIC AND WORSHIPS ARTS,TN,38002-9755,Private      ,19,8,27,71,36,107
04025300,LAST MINUTE CUTS SCHOOL OF BARBERING AND,TN,38109-7709,Proprietary  ,3,45,48,17,67,84
04035300,NAVE COSMETOLOGY ACADEMY                ,TN,38401-6335,Proprietary  ,21,47,68,44,97,141
04037400,MASON ACADEMY OF COSMETOLOGY            ,TN,38049-7048,Proprietary  ,0,0,0,0,2,2
04124100,ELITE COLLEGE OF COSMETOLOGY            ,TN,38351-1431,Proprietary  ,9,23,32,16,47,63
00353700,ABILENE CHRISTIAN UNIVERSITY            ,TX,79699-3701,Private      ,623,373,996,3923,1261,5184
00353900,ALVIN COMMUNITY COLLEGE                 ,TX,77511-4807,Public       ,232,428,660,736,1311,2047
00354000,AMARILLO COLLEGE                        ,TX,79109-2446,Public       ,613,1346,1959,2358,4201,6559
00354100,ANGELO STATE UNIVERSITY                 ,TX,76909-5069,Public       ,617,425,1042,5237,1886,7123
00354300,AUSTIN COLLEGE                          ,TX,75090-4440,Private      ,70,22,92,1648,125,1773
00354400,AUSTIN PRESBYTERIAN THEOLOGICAL SEM     ,TX,78705-5797,Private      ,1,11,12,2,128,130
00354500,BAYLOR UNIVERSITY                       ,TX,76798-1458,Private      ,913,448,1361,14421,3446,17867
00354600,COASTAL BEND COLLEGE                    ,TX,78102-2197,Public       ,362,700,1062,1309,1839,3148
00354900,BLINN COLLEGE                           ,TX,77833-4098,Public       ,1470,754,2224,7154,2774,9928
00355300,CISCO JUNIOR COLLEGE                    ,TX,76437-9803,Public       ,448,626,1074,1466,1650,3116
00355400,CLARENDON COLLEGE                       ,TX,79226-0000,Public       ,147,144,291,415,271,686
00355600,COMMONWEALTH INST OF FUNERAL SVC        ,TX,77090-5918,Private      ,13,26,39,46,113,159
00355700,CONCORDIA UNIVERSITY TEXAS              ,TX,78726-4141,Private      ,141,567,708,1058,1602,2660
00355800,NORTH CENTRAL TEXAS COLLEGE             ,TX,76240-4699,Public       ,575,691,1266,1859,2252,4111
00356000,DALLAS BAPTIST UNIVERSITY               ,TX,75211-9299,Private      ,432,1001,1433,2205,3010,5215
00356100,CEDAR VALLEY COLLEGE                    ,TX,75134-0000,Public       ,522,1069,1591,1421,2509,3930
00356200,DALLAS THEOLOGICAL SEM                  ,TX,75204-0000,Private      ,2,87,89,12,494,506
00356300,DEL MAR COLLEGE                         ,TX,78404-3897,Public       ,949,1521,2470,3924,5083,9007
00356400,EAST TEXAS BAPTIST UNIVERSITY           ,TX,75670-1423,Private      ,113,63,176,1425,282,1707
00356500,TEXAS A&M UNIVERSITY - COMMERCE         ,TX,75429-3011,Public       ,603,1267,1870,3427,4639,8066
00356600,EPISCOPAL THEOL SEM OF THE STHWST       ,TX,78768-0000,Private      ,0,3,3,0,12,12
00356800,FRANK PHILLIPS COLLEGE                  ,TX,79008-0000,Public       ,129,167,296,318,375,693
00357000,GRAYSON COUNTY COLLEGE                  ,TX,75020-8299,Public       ,354,630,984,1233,1918,3151
00357100,HARDIN-SIMMONS UNIVERSITY               ,TX,79698-6050,Private      ,210,164,374,2048,816,2864
00357200,TRINITY VALLEY COMMUNITY COLLEGE        ,TX,75751-2734,Public       ,467,780,1247,1537,2374,3911
00357300,HILL COLLEGE                            ,TX,76645-2711,Public       ,182,232,414,594,605,1199
00357301,HILL COLLEGE                            ,TX,76031-0000,Public       ,161,297,458,475,912,1387
00357400,HOWARD COLLEGE                          ,TX,79720-0213,Public       ,245,453,698,919,1426,2345
00357500,HOWARD PAYNE UNIVERSITY                 ,TX,76801-2794,Private      ,143,65,208,1308,346,1654
00357600,HOUSTON BAPTIST UNIVERSITY              ,TX,77074-3298,Private      ,282,341,623,3116,1660,4776
00357700,HUSTON - TILLOTSON UNIVERSITY           ,TX,78702-2795,Private      ,175,139,314,794,489,1283
00357800,UNIVERSITY OF THE INCARNATE WORD        ,TX,78209-6398,Private      ,469,822,1291,4168,3762,7930
00357900,JACKSONVILLE COLLEGE                    ,TX,75766-4759,Private      ,56,40,96,197,104,301
00358000,KILGORE COLLEGE                         ,TX,75662-3299,Public       ,576,841,1417,2210,2594,4804
00358100,LAMAR UNIVERSITY-BEAUMONT               ,TX,77710-0042,Public       ,1181,1212,2393,6088,4172,10260
00358200,LAREDO COMMUNITY COLLEGE                ,TX,78040-4395,Public       ,1265,1150,2415,4123,3000,7123
00358300,LEE COLLEGE                             ,TX,77520-4796,Public       ,352,752,1104,1056,2446,3502
00358400,LETOURNEAU UNIVERSITY                   ,TX,75607-0000,Private      ,106,796,902,1440,2419,3859
00358500,LON MORRIS COLLEGE                      ,TX,75766-2900,Private      ,67,31,98,326,78,404
00358600,LUBBOCK CHRISTIAN UNIVERSITY            ,TX,79407-2099,Private      ,272,258,530,1304,924,2228
00358800,UNIVERSITY OF MARY HARDIN-BAYLOR        ,TX,76513-2599,Private      ,189,246,435,2610,1180,3790
00359000,MCLENNAN COMMUNITY COLLEGE              ,TX,76708-1498,Public       ,701,1320,2021,2960,4608,7568
00359100,MCMURRY UNIVERSITY                      ,TX,79697-0001,Private      ,203,146,349,1646,599,2245
00359200,MIDWESTERN STATE UNIVERSITY             ,TX,76308-2099,Public       ,564,568,1132,3278,2306,5584
00359300,NAVARRO COLLEGE                         ,TX,75110-4818,Public       ,906,1266,2172,2831,3247,6078
00359400,UNIVERSITY OF NORTH TEXAS               ,TX,76203-1370,Public       ,2836,2978,5814,21530,14060,35590
00359500,OBLATE SCHOOL OF THEOLOGY               ,TX,78216-0000,Private      ,0,4,4,0,9,9
00359600,ODESSA COLLEGE                          ,TX,79764-7127,Public       ,333,569,902,1162,1724,2886
00359800,OUR LADY OF THE LAKE UNIVERSITY         ,TX,78207-4689,Private      ,160,654,814,2029,2345,4374
00359900,UNIVERSITY OF TEXAS - PAN AMERICAN      ,TX,78541-2999,Public       ,1414,2038,3452,12537,7944,20481
00360000,PANOLA COLLEGE                          ,TX,75633-2397,Public       ,215,320,535,709,887,1596
00360100,PARIS JR COLLEGE                        ,TX,75460-6298,Public       ,475,748,1223,1298,1915,3213
00360200,PAUL QUINN COLLEGE                      ,TX,75241-4398,Private      ,136,257,393,485,681,1166
00360300,RANGER COLLEGE                          ,TX,76470-3298,Public       ,143,84,227,416,257,673
00360400,RICE UNIVERSITY                         ,TX,77251-1892,Private      ,231,314,545,6348,1670,8018
00360600,SAM HOUSTON STATE UNIVERSITY            ,TX,77340-0000,Public       ,1580,1120,2700,12060,5169,17229
00360700,ALAMO CMTY CLG DISTRICT PROGRAM         ,TX,78207-0000,Public       ,71,144,215,269,389,658
00360800,ST PHILLIPS COLLEGE                     ,TX,78203-2098,Public       ,1096,2561,3657,3619,6810,10429
00360900,SAN JACINTO CLG-CENTRAL-NORTH-SOUTH     ,TX,77501-0000,Public       ,1671,2175,3846,5244,6822,12066
00361000,SCHREINER UNIVERSITY                    ,TX,78028-5697,Private      ,81,46,127,1195,347,1542
00361100,SOUTH PLAINS COLLEGE                    ,TX,79336-6504,Public       ,953,1134,2087,3855,3643,7498
00361200,UNIV OF HOUSTON-DOWNTOWN                ,TX,77002-1001,Public       ,951,1867,2818,5422,7587,13009
00361300,SOUTHERN METHODIST UNIVERSITY           ,TX,75275-0181,Private      ,378,769,1147,5029,4226,9255
00361400,SOUTHWEST TEXAS JR COLLEGE              ,TX,78801-6221,Public       ,592,868,1460,1951,2163,4114
00361500,TEXAS STATE UNIVERSITY--SAN MARCOS      ,TX,78666-4602,Public       ,2297,1826,4123,20205,10347,30552
00361600,SOUTHWESTERN ASSEMBLIES OF GOD UNIV     ,TX,75165-2397,Private      ,344,317,661,1319,876,2195
00361700,SOUTHWESTERN BAPTIST THEOL SEMINARY     ,TX,76122-0000,Private      ,6,42,48,42,165,207
00361800,SOUTHWESTERN CHRISTIAN COLLEGE          ,TX,75160-3400,Private      ,92,37,129,199,74,273
00361900,SOUTHWESTERN ADVENTIST UNIVERSITY       ,TX,76059-1922,Private      ,158,87,245,629,336,965
00362000,SOUTHWESTERN UNIVERSITY                 ,TX,78626-6111,Private      ,58,24,82,1761,132,1893
00362100,ST EDWARDS UNIVERSITY                   ,TX,78704-0000,Private      ,213,387,600,4069,2287,6356
00362300,ST MARY'S UNIV OF SAN ANTONIO           ,TX,78228-8500,Private      ,190,338,528,3311,2570,5881
00362400,STEPHEN F AUSTIN STATE UNIVERSITY       ,TX,75962-0001,Public       ,1359,1003,2362,9910,3576,13486
00362500,SUL ROSS STATE UNIVERSITY               ,TX,79832-0113,Public       ,259,604,863,1276,1598,2874
00362600,TARRANT COUNTY COLLEGE                  ,TX,76102-6599,Public       ,2849,4237,7086,9427,13415,22842
00362700,TEMPLE COLLEGE                          ,TX,76504-7435,Public       ,509,968,1477,1654,3018,4672
00362800,TEXARKANA COLLEGE                       ,TX,75599-0001,Public       ,346,574,920,1423,1782,3205
00363000,PRAIRIE VIEW A&M UNIVERSITY             ,TX,77446-2967,Public       ,1455,1382,2837,8681,4541,13222
00363100,TARLETON STATE UNIVERSITY               ,TX,76402-0000,Public       ,911,1107,2018,5156,4130,9286
00363200,TEXAS A&M UNIVERSITY                    ,TX,77842-0000,Public       ,3232,1416,4648,29516,6733,36249
00363400,TEXAS STATE TECHNICAL CLG AT WACO       ,TX,76705-1695,Public       ,646,885,1531,2262,2350,4612
00363500,TEXAS CHIROPRACTIC COLLEGE              ,TX,77505-1699,Private      ,4,76,80,19,401,420
00363600,TEXAS CHRISTIAN UNIVERSITY              ,TX,76129-0001,Private      ,484,349,833,7508,2292,9800
00363700,JARVIS CHRISTIAN COLLEGE                ,TX,75765-1470,Private      ,277,107,384,696,225,921
00363800,TEXAS COLLEGE                           ,TX,75702-4500,Private      ,182,160,342,704,503,1207
00363900,TEXAS A&M UNIVERSITY-KINGSVILLE         ,TX,78363-8203,Public       ,667,1153,1820,4919,3804,8723
00364100,TEXAS LUTHERAN UNIVERSITY               ,TX,78155-5999,Private      ,183,52,235,1773,229,2002
00364200,TEXAS SOUTHERN UNIVERSITY               ,TX,77004-4598,Public       ,1767,2265,4032,8509,8940,17449
00364300,TEXAS SOUTHMOST COLLEGE                 ,TX,78520-4992,Public       ,29,83,112,171,296,467
00364400,TEXAS TECH UNIVERSITY                   ,TX,79409-0000,Public       ,2448,1700,4148,17787,7780,25567
00364500,TEXAS WESLEYAN UNIVERSITY               ,TX,76105-1536,Private      ,204,461,665,1067,3320,4387
00364600,TEXAS WOMAN'S UNIVERSITY                ,TX,76204-5587,Public       ,543,1296,1839,4770,7957,12727
00364700,TRINITY UNIVERSITY                      ,TX,78212-7200,Private      ,149,77,226,2811,454,3265
00364800,TYLER JUNIOR COLLEGE                    ,TX,75701-3436,Public       ,1245,1349,2594,5047,4084,9131
00365100,UNIVERSITY OF DALLAS                    ,TX,75062-4799,Private      ,130,280,410,1733,1095,2828
00365200,UNIVERSITY OF HOUSTON                   ,TX,77204-2010,Public       ,2978,3431,6409,23071,17683,40754
00365400,UNIVERSITY OF ST THOMAS                 ,TX,77006-4626,Private      ,160,294,454,1331,1050,2381
00365600,UNIVERSITY OF TEXAS-ARLINGTON           ,TX,76019-0000,Public       ,1674,2528,4202,13186,13392,26578
00365800,UNIVERSITY OF TEXAS-AUSTIN              ,TX,78713-7758,Public       ,2020,1619,3639,34425,15818,50243
00365900,UT HEALTH CENTER-SAN ANTONIO            ,TX,78229-3900,Public       ,79,292,371,485,2706,3191
00366100,UNIVERSITY OF TEXAS-EL PASO             ,TX,79968-0629,Public       ,1423,1982,3405,10830,9102,19932
00366200,VICTORIA COLLEGE (THE)                  ,TX,77901-4494,Public       ,271,501,772,1035,1675,2710
00366300,WAYLAND BAPTIST UNIVERSITY              ,TX,79072-6998,Private      ,228,848,1076,984,2651,3635
00366400,WEATHERFORD COLLEGE                     ,TX,76086-5699,Public       ,331,464,795,1413,1577,2990
00366500,WEST TEXAS A&M UNIVERSITY               ,TX,79016-0000,Public       ,603,788,1391,4192,3007,7199
00366800,WHARTON COUNTY JR COLLEGE               ,TX,77488-3298,Public       ,466,511,977,1736,1660,3396
00366900,WILEY COLLEGE                           ,TX,75670-5199,Private      ,196,203,399,747,564,1311
00400300,CENTRAL TEXAS COLLEGE                   ,TX,76540-4199,Public       ,498,2587,3085,1775,7452,9227
00407221,NORTHWOOD UNIVERSITY                    ,TX,75104-0000,Private      ,122,217,339,604,631,1235
00445300,EL CENTRO COLLEGE                       ,TX,75202-0000,Public       ,628,1704,2332,2182,4592,6774
00481102,EVEREST INSTITUTE - EVEREST COLLEGE     ,TX,76011-6750,Proprietary  ,87,263,350,156,662,818
00494800,TEXAS A&M UNIV SYSTEM HEALTH SCI CT     ,TX,77840-7896,Public       ,31,124,155,148,1073,1221
00494801,TEXAS A&M UNIV SYSTEMS-HSC              ,TX,77843-1114,Public       ,0,0,0,287,341,628
00494900,BAYLOR COLLEGE OF MEDICINE              ,TX,77030-0000,Private      ,27,72,99,178,1240,1418
00495100,UNIV OF TEXAS HEALTH SCIENCE CENTER     ,TX,77225-0000,Public       ,43,279,322,324,2435,2759
00495200,UNIV OF TEXAS MEDICAL BRANCH            ,TX,77550-0000,Public       ,39,229,268,264,1919,2183
00497200,GALVESTON COLLEGE                       ,TX,77550-7447,Public       ,300,375,675,804,1115,1919
00497700,SOUTH TEXAS COLLEGE OF LAW              ,TX,77002-0000,Private      ,4,89,93,23,1921,1944
00520307,REMINGTON COLLEGE - DALLAS CAMPUS       ,TX,75041-9935,Proprietary  ,11,52,63,44,108,152
00661200,COVENANT SCH OF NSG & ALLIED HEALTH     ,TX,79410-0000,Private      ,13,42,55,90,240,330
00666100,ANGELINA COLLEGE                        ,TX,75902-0000,Public       ,498,835,1333,1657,2235,3892
00694100,DALLAS CHRISTIAN COLLEGE                ,TX,75234-7229,Private      ,42,100,142,197,260,457
00709600,COLLEGE OF THE MAINLAND                 ,TX,77591-2499,Public       ,296,593,889,719,1614,2333
00728700,BRAZOSPORT COLLEGE                      ,TX,77566-3199,Public       ,238,341,579,642,913,1555
00732907,ITT TECHNICAL INSTITUTE                 ,TX,77063-3751,Proprietary  ,23,73,96,117,215,332
00754805,WESTWOOD COLLEGE OF TECHNOLOGY          ,TX,77074-0000,Proprietary  ,78,132,210,263,374,637
00758602,REMINGTON COLLEGE - FORT WORTH CAMPUS   ,TX,76112-1280,Proprietary  ,79,254,333,193,624,817
00835300,LINCOLN COLLEGE OF TECHNOLOGY           ,TX,75052-0000,Proprietary  ,376,396,772,770,865,1635
00849800,MIMS CLASSIC BEAUTY COLLEGE             ,TX,78216-0000,Proprietary  ,12,20,32,30,54,84
00850300,MOUNTAIN VIEW COLLEGE                   ,TX,75211-6599,Public       ,650,1299,1949,2123,3290,5413
00850400,RICHLAND COLLEGE                        ,TX,75243-2199,Public       ,928,1488,2416,2894,3895,6789
00851000,EASTFIELD COLLEGE                       ,TX,75150-2099,Public       ,772,1445,2217,2427,4025,6452
00907905,EVEREST COLLEGE                         ,TX,75206-5209,Proprietary  ,164,519,683,287,1050,1337
00908200,INTERNATIONAL BUSINESS COLLEGE          ,TX,79903-0000,Proprietary  ,77,258,335,120,411,531
00916300,SAN ANTONIO COLLEGE                     ,TX,78212-4299,Public       ,2455,3885,6340,8740,12133,20873
00922500,TEXAS STATE TECHNICAL COLLEGE  HARLINGEN,TX,78550-3697,Public       ,704,939,1643,2694,2700,5394
00946600,KAPLAN CAREER INSTITUTE                 ,TX,78216-1899,Proprietary  ,93,310,403,270,1108,1378
00946607,SAN ANT COL OF MED & DENTAL - MCALLEN   ,TX,78503-1622,Proprietary  ,150,293,443,310,739,1049
00946609,CAREER CENTERS OF TX - CORPUS CHRISTI   ,TX,78416-9900,Proprietary  ,64,317,381,154,797,951
00946610,KAPLAN CAREER INSTITUTE - CAREER CENTERS,TX,76103-2310,Proprietary  ,87,223,310,145,530,675
00954900,WESTERN TEXAS COLLEGE                   ,TX,79549-9501,Public       ,120,104,224,450,269,719
00965100,TEXAS A&M INTERNATIONAL UNIVERSITY      ,TX,78041-1900,Public       ,559,776,1335,3637,2563,6200
00974100,UNIVERSITY OF TEXAS AT DALLAS           ,TX,75083-0000,Public       ,782,1610,2392,5867,6422,12289
00976800,UNIVERSITY OF NORTH TEXAS HEALTH SCIENCE,TX,76107-2699,Public       ,7,116,123,71,1276,1347
00979700,MIDLAND COLLEGE                         ,TX,79705-6397,Public       ,281,569,850,1264,1764,3028
00982802,EVEREST INSTITUTE- AUSTIN               ,TX,78754-0000,Proprietary  ,119,465,584,200,829,1029
00993000,UNIVERSITY OF TEXAS-PERMIAN BASIN       ,TX,79762-0001,Public       ,336,545,881,1434,1777,3211
00993200,TEXAS STATE TECH CLG-WEST TEXAS         ,TX,79556-4108,Public       ,135,267,402,422,695,1117
00993201,TEXAS STATE TECH COLLEGE-ABILENE        ,TX,79601-0000,Public       ,41,113,154,152,315,467
00993204,TEXAS STATE TECH CLG-BRECKENRIDGE       ,TX,76424-0000,Public       ,16,60,76,26,146,172
00993205,TEXAS STATE TECH COLLEGE-BROWNWOOD      ,TX,76801-0000,Public       ,51,113,164,114,274,388
01001900,UNIV OF TEXAS SOUTHWESTERN MED CTR      ,TX,75390-9096,Public       ,20,121,141,122,1537,1659
01005700,AMERICAN COMMERCIAL COLLEGE             ,TX,79602-1399,Proprietary  ,32,164,196,51,258,309
01005900,AMERICAN COMMERCIAL COLLEGE             ,TX,79761-0000,Proprietary  ,24,122,146,43,242,285
01005901,AMERICAN COMMERCIAL COLLEGE - AMERICAN C,TX,76310-2303,Proprietary  ,13,106,119,27,195,222
01006000,VERNON COLLEGE                          ,TX,76384-4092,Public       ,181,429,610,804,1603,2407
01011500,UNIVERSITY OF TEXAS-SAN ANTONIO         ,TX,78249-0600,Public       ,2446,2564,5010,21845,12961,34806
01013000,WADE COLLEGE                            ,TX,75207-3199,Proprietary  ,47,48,95,183,179,362
01038700,EL PASO COMMUNITY COLLEGE               ,TX,79998-0000,Public       ,2533,2825,5358,10421,10383,20804
01050900,HALLMARK COLLEGE OF AERONAUTICS         ,TX,78214-0000,Proprietary  ,106,270,376,207,619,826
01062400,CENTRAL TEXAS COMMERCIAL COLLEGE        ,TX,75231-5033,Proprietary  ,8,11,19,18,36,54
01063300,HOUSTON COMMUNITY COLLEGE               ,TX,77002-0000,Public       ,3655,6756,10411,7559,13877,21436
01063303,HOUSTON COMMUNITY COLLEGE - CENTRAL     ,TX,77004-0000,Public       ,0,0,0,1221,2683,3904
01063304,HOUSTON COMMUNITY COLLEGE - RICE AVIATIO,TX,77061-5001,Public       ,0,0,0,666,1176,1842
01063305,HOUSTON COMMUNITY COLLEGE - NORTHEAST CO,TX,77066-5221,Public       ,0,0,0,870,1446,2316
01063306,HOUSTON COMMUNITY COLLEGE - CENTRAL COLL,TX,77088-6372,Public       ,0,0,0,646,967,1613
01063339,HOUSTON COMMUNITY COLLEGE - STAFFORD    ,TX,77477-0000,Public       ,0,0,0,675,783,1458
01063347,HOUSTON COMMUNITY COLLEGE - SOUTHWEST   ,TX,77081-7849,Public       ,0,0,0,1312,1894,3206
01063348,HOUSTON COMMUNITY COLLEGE - COLEMAN     ,TX,77030-0000,Public       ,0,0,0,219,927,1146
01067400,TEXAS TECH U HEALTH SCIENCES CENTER     ,TX,79430-0000,Public       ,67,334,401,545,2399,2944
01076100,DALLAS INSTITUTE OF FUNERAL SERVICE     ,TX,75227-4314,Private      ,22,49,71,49,121,170
01114500,LONE STAR COLLEGE SYSTEM DISTRICT       ,TX,77073-3499,Public       ,930,1681,2611,3750,5779,9529
01114501,LONE STAR COLLEGE-KINGWOOD              ,TX,77339-0000,Public       ,430,682,1112,1105,1972,3077
01114502,LONE STAR COLLEGE-TOMBALL               ,TX,77375-0000,Public       ,268,416,684,858,1446,2304
01114503,LONE STAR COLLEGE-MONTGOMERY            ,TX,77384-0000,Public       ,423,665,1088,1375,2348,3723
01114504,LONE STAR COLLEGE-CY-FAIR               ,TX,77433-1383,Public       ,469,592,1061,1669,2164,3833
01116100,TEXAS A&M UNIV CORPUS CHRISTI           ,TX,78412-5599,Public       ,760,888,1648,6735,3803,10538
01116300,UNIVERSITY OF TEXAS AT TYLER            ,TX,75799-6699,Public       ,525,774,1299,3326,3195,6521
01171100,UNIVERSITY OF HOUSTON-CLEAR LAKE        ,TX,77058-1002,Public       ,278,1286,1564,1461,5154,6615
01201500,AUSTIN COMMUNITY COLLEGE                ,TX,78752-4390,Public       ,2349,3646,5995,9342,13061,22403
01202000,VICTORIA BEAUTY COLLEGE                 ,TX,77901-6233,Proprietary  ,16,46,62,30,94,124
01226800,BALDWIN BEAUTY SCHOOL #5                ,TX,78704-4785,Proprietary  ,17,34,51,39,96,135
01229700,LAREDO BEAUTY COLLEGE                   ,TX,78040-1051,Proprietary  ,16,79,95,46,216,262
01248200,ATI TECHNICAL TRAINING CENTER           ,TX,75235-4622,Proprietary  ,146,484,630,437,1355,1792
01248209,ATI CAREER TRAINING CENTER - GARLAND    ,TX,75041-2497,Proprietary  ,2,9,11,8,18,26
01248300,COSMETOLOGY CAREER CENTER               ,TX,75006-2566,Proprietary  ,76,102,178,124,251,375
01248800,INTERNATIONAL BEAUTY COLLEGE NO 3       ,TX,75040-0000,Proprietary  ,5,20,25,19,63,82
01276400,METROPLEX BEAUTY SCHOOL                 ,TX,75149-0000,Proprietary  ,9,31,40,26,66,92
01293000,CHARLES & SUE'S SCH OF HAIR DESIGN      ,TX,77801-0000,Proprietary  ,16,21,37,31,55,86
01293100,VELMA B'S BEAUTY ACADEMY                ,TX,75216-1511,Proprietary  ,4,17,21,11,43,54
01293200,INTERNATIONAL BEAUTY COLLEGE            ,TX,75061-4235,Proprietary  ,5,24,29,12,58,70
01300300,NEILSON BEAUTY COLLEGE                  ,TX,75208-4637,Proprietary  ,5,16,21,11,45,56
01301600,OGLE SCHOOL HAIR SKIN NAILS             ,TX,76013-7401,Proprietary  ,54,83,137,123,182,305
01323100,UNIVERSITY OF HOUSTON-VICTORIA          ,TX,77901-5731,Public       ,91,572,663,345,1948,2293
02058600,CONLEE'S COLLEGE OF COSMETOLOGY         ,TX,78028-0000,Proprietary  ,1,2,3,4,17,21
02069302,VATTEROTT COLLEGE - VATTEROTT EDUCATION ,TX,75220-5441,Proprietary  ,27,72,99,77,232,309
02074100,CAPITOL CITY TRADE & TECHNICAL SCH      ,TX,78704-0000,Proprietary  ,69,200,269,142,422,564
02077400,NORTH LAKE COLLEGE                      ,TX,75038-0000,Public       ,505,845,1350,1543,2324,3867
02078100,STEPHENVILLE BEAUTY COLLEGE             ,TX,76401-0000,Proprietary  ,9,17,26,15,29,44
02081400,ARLINGTON BAPTIST COLLEGE               ,TX,76012-0000,Private      ,23,53,76,81,114,195
02093600,SOUTHWEST SCHOOL OF ELECTRONIC          ,TX,78735-0000,Proprietary  ,4,20,24,11,36,47
02098300,WESTERN TECHNICAL COLLEGE               ,TX,79927-2105,Proprietary  ,372,514,886,541,665,1206
02100200,BROOKHAVEN COLLEGE                      ,TX,75244-0000,Public       ,440,982,1422,1519,2890,4409
02113610,AMERICAN INTERCONTINENTAL UNIV - HOUSTON,TX,77042-4516,Proprietary  ,28,164,192,136,557,693
02116008,SANFORD-BROWN COLLEGE - HOUSTON         ,TX,77036-8507,Proprietary  ,90,289,379,180,682,862
02116012,SANFORD-BROWN INSTITUTE - HOUSTON NORTH ,TX,77008-1058,Proprietary  ,37,134,171,91,370,461
02117100,ART INSTITUTE OF HOUSTON                ,TX,77056-0000,Proprietary  ,441,403,844,1979,1612,3591
02119200,COURT REPORTING INSTITUTE OF DALLAS     ,TX,75247-6913,Proprietary  ,43,238,281,140,1008,1148
02119202,COURT REPORTING INSTIUTE OF HOUSTON     ,TX,77040-6315,Proprietary  ,17,78,95,24,117,141
02128302,INSTITUTE FOR BUSINESS & TECHNOLOGY - LA,TX,78230-2520,Proprietary  ,19,72,91,49,164,213
02136800,AMERICAN COMMERCIAL COLLEGE             ,TX,76904-0000,Proprietary  ,11,70,81,25,139,164
02144800,BRADFORD SCHOOL OF BUSINESS             ,TX,77027-9881,Proprietary  ,42,44,86,118,129,247
02176100,PIPO ACADEMY OF HAIR DESIGN             ,TX,79903-0000,Proprietary  ,8,31,39,20,52,72
02188600,AUSTIN BUSINESS COLLEGE                 ,TX,78741-0000,Proprietary  ,0,0,0,8,21,29
02200800,AMERICAN COMMERCIAL COLLEGE             ,TX,79411-0000,Proprietary  ,18,127,145,26,197,223
02218300,SOUTHWEST SCHOOL OF BUSINESS & TECHNICAL,TX,78221-0000,Proprietary  ,68,259,327,118,463,581
02218305,SOUTHWEST SCHOOL OF BUSINESS AND TECHNIC,TX,78501-6053,Proprietary  ,40,120,160,42,134,176
02218306,SOUTHWEST SCHOOL OF BUSINESS AND TECHNIC,TX,78413-2045,Proprietary  ,6,47,53,11,70,81
02224600,TRI-STATE BEAUTY SCHOOL #1              ,TX,79915-0000,Proprietary  ,58,133,191,107,265,372
02230500,OGLE SCHOOL HAIR SKIN NAILS             ,TX,76132-3638,Proprietary  ,70,133,203,163,289,452
02230600,OGLE SCHOOL HAIR SKIN NAILS             ,TX,76053-0000,Proprietary  ,33,40,73,67,115,182
02239100,CENTRAL TEXAS BEAUTY COLLEGE #2         ,TX,78664-0000,Proprietary  ,11,63,74,21,93,114
02248200,MILAN INSTITUTE OF COSMETOLOGY          ,TX,79103-0000,Proprietary  ,157,450,607,336,920,1256
02254800,TEXAS VOCATIONAL SCHOOLS                ,TX,77901-0000,Proprietary  ,16,64,80,24,83,107
02259400,AMBERTON UNIVERSITY                     ,TX,75041-0000,Private      ,4,49,53,20,159,179
02261300,EVEREST INSTITUTE                       ,TX,78213-3841,Proprietary  ,102,435,537,167,847,1014
02261302,EVEREST INSTITUTE - HOUSTON GREENSPOINT ,TX,77060-3249,Proprietary  ,108,372,480,212,866,1078
02261303,EVEREST INSTITUTE - HOUSTON HOBBY       ,TX,77087-2737,Proprietary  ,54,313,367,151,753,904
02267100,EXPOSITO SCHOOL OF HAIR DESIGN          ,TX,79109-0000,Proprietary  ,12,17,29,22,58,80
02276000,FRANKLIN BEAUTY SCHOOL #2               ,TX,77021-0000,Proprietary  ,16,68,84,34,105,139
02285900,UNIVERSITY OF COSMETOLOGY ARTS&SCI      ,TX,78504-0000,Proprietary  ,49,117,166,98,284,382
02294800,CAPITOL CITY CAREERS                    ,TX,78745-0000,Proprietary  ,8,67,75,18,148,166
02298501,EVEREST COLLEGE- FORT WORTH             ,TX,76137-2472,Proprietary  ,82,259,341,129,527,656
02305300,PARKER COLLEGE OF CHIROPRACTIC          ,TX,75229-0000,Private      ,18,174,192,57,1152,1209
02306700,FORT WORTH BEAUTY SCHOOL                ,TX,76116-3299,Proprietary  ,18,77,95,36,160,196
02312200,TEXAS SCHOOL OF BUSINESS                ,TX,77073-6032,Proprietary  ,131,339,470,181,518,699
02312201,TEXAS SCHOOL OF BUSINESS - SOUTHWEST CAM,TX,77057-0000,Proprietary  ,70,201,271,154,482,636
02312202,TEXAS SCHOOL OF BUSINESS - FRIENDSWOOD C,TX,77546-8938,Proprietary  ,23,136,159,57,350,407
02312203,TEXAS SCHOOL OF BUSINESS - EAST CAMPUS  ,TX,77029-1916,Proprietary  ,92,310,402,124,438,562
02313901,WESTWOOD COLLEGE - DALLAS               ,TX,75243-0000,Proprietary  ,143,221,364,358,579,937
02315400,NORTHEAST TEXAS COMMUNITY COLLEGE       ,TX,75456-0000,Public       ,289,423,712,959,1126,2085
02318200,"KD STUDIO, ACTOR'S CONSERVATORY         ",TX,75207-2111,Proprietary  ,49,46,95,92,114,206
02320200,HOUSTON GRADUATE SCHOOL OF THEOLOGY     ,TX,77004-0000,Private      ,0,50,50,0,127,127
02326000,SAN ANTONIO BEAUTY COLLEGE NO 3         ,TX,78217-0000,Proprietary  ,23,45,68,40,80,120
02328600,ITT TECHNICAL INSTITUTE                 ,TX,76011-0000,Proprietary  ,183,351,534,344,633,977
02331200,BAPTIST MISSIONARY ASSN THEOL SEM       ,TX,75766-0000,Private      ,1,11,12,3,22,25
02331300,INTERACTIVE LEARNING SYSTEMS            ,TX,75247-0000,Proprietary  ,1,44,45,1,73,74
02331301,INTERACTIVE LEARNING SYSTEMS            ,TX,77081-0000,Proprietary  ,15,97,112,28,210,238
02331303,INTERACTIVE LEARNING SYSTEMS            ,TX,77502-0000,Proprietary  ,7,79,86,18,156,174
02331304,INTERACTIVE LEARNING SYSTEMS            ,TX,77060-0000,Proprietary  ,4,67,71,10,127,137
02341300,PALO ALTO COLLEGE                       ,TX,78224-0000,Public       ,945,1496,2441,3605,4521,8126
02348500,LAMAR STATE COLLEGE-PORT ARTHUR         ,TX,77640-0000,Public       ,200,313,513,677,1010,1687
02357700,ACADEMY OF HAIR DESIGN                  ,TX,77090-0000,Proprietary  ,39,53,92,82,111,193
02358200,LAMAR STATE COLLEGE-ORANGE              ,TX,77630-0000,Public       ,226,510,736,575,1305,1880
02361400,COLLIN COUNTY COMMUNITY COLLEGE         ,TX,75071-0000,Public       ,1097,1452,2549,3530,4265,7795
02362000,UNIVERSAL TECHNICAL INSTITUTE           ,TX,77073-0000,Proprietary  ,1023,485,1508,3916,1628,5544
02362800,AUSTIN GRADUATE SCHOOL OF THEOLOGY      ,TX,78752-1333,Private      ,0,20,20,4,47,51
02521200,ARLINGTON CAREER INSTITUTE              ,TX,75050-0000,Proprietary  ,38,149,187,58,318,376
02521800,SEGUIN BEAUTY SCHOOL                    ,TX,78155-0000,Proprietary  ,16,34,50,26,57,83
02527500,HOUSTON TRAINING SCHOOLS                ,TX,77020-0000,Proprietary  ,79,412,491,102,539,641
02530700,SEBRING CAREER SCHOOLS                  ,TX,77083-1510,Proprietary  ,11,46,57,18,59,77
02539600,ART INSTITUTE OF DALLAS                 ,TX,75231-5993,Proprietary  ,457,372,829,1739,1237,2976
02548800,SOUTH TEXAS VO-TECH INSTITUTE           ,TX,78596-0000,Proprietary  ,159,470,629,312,921,1233
02548802,SOUTH TEXAS VOCATIONAL TECHNICAL INSTITU,TX,78520-8710,Proprietary  ,4,6,10,15,19,34
02549400,SOUTH TEXAS VO-TECH INSTITUTE           ,TX,78501-0000,Proprietary  ,122,388,510,283,627,910
02555400,UNIV OF TX MD ANDERSON CANCER CTR       ,TX,77030-0000,Public       ,14,54,68,68,210,278
02557400,STAR COLLEGE OF COSMETOLOGY             ,TX,75961-0000,Proprietary  ,0,0,0,2,5,7
02568100,TEXAS BARBER COLLEGES & HAIRSTYLING     ,TX,75208-0000,Proprietary  ,78,246,324,174,645,819
02569300,TEXAS CULINARY ACADEMY                  ,TX,78758-3403,Proprietary  ,309,596,905,923,1473,2396
02572000,COMPUTER CAREER CENTER                  ,TX,79925-2021,Proprietary  ,87,374,461,104,461,565
02572100,"CAREER ACADEMY, INC.                    ",TX,75501-0000,Proprietary  ,3,17,20,7,33,40
02580100,IVERSON BUSINESS SCH & COURT REPORT     ,TX,76011-1344,Proprietary  ,31,152,183,79,368,447
02591100,CAREER POINT INSTITUTE                  ,TX,78201-2027,Proprietary  ,135,812,947,261,1700,1961
02591900,CAREER CENTERS OF TEXAS - EL PASO       ,TX,79907-1525,Proprietary  ,171,459,630,359,1000,1359
02591905,CAREER CENTERS OF TEXAS-BROWNSVILLE     ,TX,78521-9905,Proprietary  ,81,231,312,190,511,701
02596400,REDSTONE COLLEGE - LOS ANGELES          ,TX,77061-0000,Proprietary  ,36,49,85,217,243,460
02596412,WESTWOOD COLLEGE OF AVIATION TECHNOLOGY ,TX,77061-5114,Proprietary  ,5,10,15,20,29,49
02596500,ATI CAREER TRAINING CENTER              ,TX,76180-1599,Proprietary  ,165,361,526,433,1149,1582
02596600,ATI-CAREER TRAINING CENTER              ,TX,75220-4443,Proprietary  ,178,509,687,500,1774,2274
02596601,ATI CAREER TRAINING CENTER - RICHARDSON ,TX,75081-6745,Proprietary  ,4,15,19,15,21,36
02600200,OCEAN CORPORATION (THE)                 ,TX,77099-3479,Proprietary  ,43,149,192,105,401,506
02604700,CENTER FOR ADVANCED LEGAL STUDIES       ,TX,77098-4151,Proprietary  ,6,71,77,17,185,202
02606202,EVEREST COLLEGE - EVEREST INSTITUTE - BI,TX,77036-8014,Proprietary  ,125,408,533,242,821,1063
02615000,SANFORD-BROWN INSTITUTE                 ,TX,75247-6931,Proprietary  ,150,529,679,372,1404,1776
03009400,SW SCH BUS & TECH CAREERS               ,TX,78212-2840,Proprietary  ,15,49,64,17,64,81
03010000,VANGUARD INSTITUTE OF TECHNOLOGY        ,TX,78539-0000,Proprietary  ,0,0,0,2,1,3
03010604,VIRGINIA COLLEGE - VIRGINIA COLLEGE AT A,TX,78723-0000,Proprietary  ,53,240,293,136,572,708
03011800,SAN ANTONIO BEAUTY COLLEGE #4           ,TX,78226-1160,Proprietary  ,12,20,32,32,71,103
03019800,PCI HEALTH TRAINING CENTER              ,TX,75247-4720,Proprietary  ,149,253,402,255,516,771
03021500,SW SCH BUS & TECH CAREERS               ,TX,78852-4859,Proprietary  ,14,38,52,34,85,119
03023800,AIMS ACADEMY                            ,TX,75050-0000,Proprietary  ,2,8,10,9,20,29
03025000,TEXAS COLLEGE OF COSMETOLOGY            ,TX,79605-2001,Proprietary  ,19,67,86,43,118,161
03026500,REMINGTON COLLEGE - HOUSTON CAMPUS      ,TX,77082-1849,Proprietary  ,197,501,698,390,1227,1617
03026501,REMINGTON COLLEGE - NORTH HOUSTON CAMPUS,TX,77067-1849,Proprietary  ,5,36,41,34,109,143
03028800,CIRCLE J BEAUTY SCHOOL                  ,TX,77587-3714,Proprietary  ,20,63,83,36,137,173
03031408,INTERNATIONAL ACADEMY OF DESIGN AND TECH,TX,78229-2263,Proprietary  ,70,126,196,228,367,595
03032300,SCHOOL OF AUTOMOTIVE MACHINISTS         ,TX,77055-1803,Proprietary  ,17,29,46,65,89,154
03035200,JONES BEAUTY COLLEGE                    ,TX,75229-3734,Proprietary  ,6,41,47,16,78,94
03035300,SOUTHERN CAREERS INSTITUTE              ,TX,78704-5252,Proprietary  ,167,501,668,277,820,1097
03035301,SOUTHERN CAREERS INSTITUTE              ,TX,78577-0000,Proprietary  ,56,137,193,134,312,446
03035302,SOUTHERN CAREERS INSTITUTE - CORPUS CHRI,TX,78414-2904,Proprietary  ,57,147,204,93,240,333
03035303,SOUTHERN CAREERS INSTITUTE - #1         ,TX,78221-4351,Proprietary  ,63,267,330,91,437,528
03035304,SOUTHERN CAREERS INSTITUTE-LAREDO       ,TX,78041-0000,Proprietary  ,1,4,5,9,19,28
03061800,STAR COLLEGE OF COSMETOLOGY             ,TX,75702-8214,Proprietary  ,23,36,59,48,106,154
03064600,UNIVERSITY OF TEXAS AT BROWNSVILLE      ,TX,78520-4993,Public       ,1017,1595,2612,6179,6208,12387
03071400,ITT TECHNICAL INSTITUTE                 ,TX,78249-3303,Proprietary  ,128,212,340,307,522,829
03075400,ICC TECHNICAL INSTITUTE                 ,TX,77004-2930,Private      ,5,28,33,14,49,63
03076403,HIGH-TECH INSTITUTE - DALLAS            ,TX,75038-4201,Proprietary  ,6,17,23,44,58,102
03079201,WESTWOOD COLLEGE OF TECHNOLOGY          ,TX,76180-0000,Proprietary  ,67,110,177,227,317,544
03091200,CAREERS UNLIMITED                       ,TX,75702-7110,Proprietary  ,1,8,9,6,28,34
03103400,SOUTH TEXAS COLLEGE                     ,TX,78501-6699,Public       ,2118,3227,5345,8640,9048,17688
03104700,TEXAS COLLEGE OF COSMETOLOGY            ,TX,76903-4708,Proprietary  ,14,49,63,31,87,118
03108700,ROYAL BEAUTY CAREERS                    ,TX,77069-4611,Proprietary  ,39,94,133,94,273,367
03111000,MID-CITIES BARBER COLLEGE               ,TX,75051-4810,Proprietary  ,22,66,88,36,96,132
03115800,TEXAS CAREERS                           ,TX,78213-3792,Proprietary  ,70,404,474,123,887,1010
03115802,TEXAS CAREERS - LAREDO                  ,TX,78041-6181,Proprietary  ,54,126,180,87,243,330
03115803,TEXAS CAREERS - BEAUMONT                ,TX,77701-3706,Proprietary  ,50,132,182,103,377,480
03115804,TEXAS CAREERS - LUBBOCK                 ,TX,79401-2601,Proprietary  ,47,193,240,106,425,531
03128100,ACADEMY OF HEALTH CARE PROFESSIONS      ,TX,77092-8108,Proprietary  ,121,403,524,201,687,888
03144300,NATIONAL BEAUTY COLLEGE                 ,TX,75041-3433,Proprietary  ,5,26,31,8,38,46
03153300,AMER COLL OF ACUPUNCTURE & O.M.         ,TX,77063-4104,Proprietary  ,0,35,35,4,74,78
03156400,ACADEMY OF ORIENTAL MEDICINE AT AUSTIN  ,TX,78757-1132,Proprietary  ,0,37,37,5,215,220
03159300,ARLINGTON MEDICAL INSTITUTE             ,TX,76011-2645,Proprietary  ,18,39,57,56,110,166
03170300,TEXAS A&M UNIVERSITY-TEXARKANA          ,TX,75501-0000,Public       ,64,260,324,285,1003,1288
03179500,TEXAS COLG TRADITIONAL CHINESE MED      ,TX,78704-6748,Proprietary  ,0,24,24,4,96,100
03189400,COLLEGE OF SAINT THOMAS MORE            ,TX,76109-2323,Private      ,2,6,8,23,10,33
03237400,FARIS COMPUTER SCHOOL                   ,TX,77627-3829,Proprietary  ,3,14,17,3,27,30
03272300,SOUTHEASTERN CAREER INSTITUTE           ,TX,75234-7288,Proprietary  ,30,103,133,64,302,366
03272301,SOUTHEASTERN CAREER INSTITUTE - MIDLAND ,TX,79703-5531,Proprietary  ,56,184,240,64,246,310
03275300,TOUCH OF CLASS SCHOOL OF COSM           ,TX,75402-6314,Proprietary  ,6,14,20,20,57,77
03276300,ACADEMY OF HAIR DESIGN                  ,TX,75901-4900,Proprietary  ,22,56,78,32,84,116
03277300,ACADEMY OF HAIR DESIGN                  ,TX,77701-4650,Proprietary  ,9,43,52,16,59,75
03303300,NORTHWEST EDUCATIONAL CENTER            ,TX,77092-7055,Proprietary  ,9,114,123,16,174,190
03371300,TONI&GUY HAIRDRESSING ACADEMY           ,TX,75006-2351,Proprietary  ,44,34,78,95,96,191
03372300,NORTHWEST VISTA COLLEGE                 ,TX,78251-4217,Public       ,1392,1610,3002,4858,4877,9735
03396500,TEXAS STATE TECHNICAL COLG/MARSHALL     ,TX,75672-7402,Public       ,92,124,216,327,345,672
03400300,CAREER QUEST                            ,TX,78229-3539,Proprietary  ,14,150,164,17,176,193
03412300,ADVANCED BARBER COLLEGE & HAIR DESI     ,TX,78596-0000,Proprietary  ,7,32,39,23,77,100
03416500,DALLAS NURSING INSTITUTE                ,TX,75243-5502,Proprietary  ,25,230,255,101,767,868
03422300,MILAN INSTITUTE                         ,TX,78238-3327,Proprietary  ,119,216,335,283,452,735
03422400,COLLEGE OF BIBLICAL STUDIES-HOUSTON     ,TX,77036-3211,Private      ,11,126,137,39,459,498
03424400,MEDVANCE INSTITUTE                      ,TX,77057-7386,Proprietary  ,59,204,263,108,465,573
03424401,MEDVANCE INSTITUTE -                    ,TX,77060-3551,Proprietary  ,22,69,91,29,108,137
03426300,CAREER ADVANCEMENT CENTER               ,TX,78752-1470,Proprietary  ,24,78,102,41,211,252
03480304,MEDVANCE INSTITUTE OF BATON ROUGE - GRAN,TX,75050-2342,Proprietary  ,1,0,1,1,0,1
03509400,CORYELL COSMETOLOGY COLLEGE             ,TX,76528-2036,Proprietary  ,1,11,12,3,16,19
03520300,LUBBOCK HAIR ACADEMY                    ,TX,79410-3524,Proprietary  ,15,28,43,25,60,85
03541300,BEHOLD! BEAUTY ACADEMY                  ,TX,77016-3725,Proprietary  ,0,0,0,3,8,11
03542300,CONCORDE CAREER INSTITUTE               ,TX,76011-4016,Proprietary  ,75,396,471,164,1029,1193
03551400,STATE BEAUTY ACADEMY                    ,TX,75116-3501,Proprietary  ,8,18,26,19,56,75
03556400,KUSSAD INSTITUTE OF COURT REPORTING     ,TX,78704-5712,Proprietary  ,3,8,11,6,31,37
03563300,ACADEMY OF COSEMTOLOGY                  ,TX,78745-2858,Proprietary  ,2,24,26,19,71,90
03573300,AVIATION INSTITUTE OF MAINTENANCE       ,TX,75209-3017,Proprietary  ,31,122,153,100,374,474
03610300,MJ'S BEAUTY ACADEMY INC                 ,TX,75224-4409,Proprietary  ,11,18,29,17,39,56
03612400,VALLEY GRANDE INSTITUTE FOR ACADEMI     ,TX,78596-0000,Private      ,45,225,270,83,363,446
03627300,LAMAR INSTITUTE OF TECHNOLOGY           ,TX,77705-4142,Public       ,371,466,837,1127,1571,2698
03676400,HEALTHY HAIR ACADEMY                    ,TX,75227-0000,Proprietary  ,14,51,65,22,85,107
03680300,JAY'S TECHNICAL INSTITUTE               ,TX,77031-3509,Proprietary  ,15,59,74,20,77,97
03682400,DALLAS BARBER & STYLIST COLLEGE         ,TX,75231-0000,Proprietary  ,22,86,108,38,136,174
03714300,TREND BARBER COLLEGE                    ,TX,77071-2104,Proprietary  ,18,65,83,34,134,168
03723300,CULINARY INST ALAIN & MARIE LENOTRE     ,TX,77022-4322,Proprietary  ,21,50,71,80,153,233
03727600,CULINARY ACADEMY OF AUSTIN              ,TX,78752-0000,Proprietary  ,8,27,35,70,90,160
03733300,BAPTIST UNIVERSITY OF THE AMERICAS      ,TX,78224-1336,Private      ,20,55,75,59,167,226
03756300,ANAMARC EDUCATIONAL INSTITUTE           ,TX,79930-6230,Proprietary  ,52,378,430,85,507,592
03885400,COMPUTER LABS                           ,TX,79906-5924,Proprietary  ,1,0,1,2,7,9
03885700,HOUSTON'S TRAINING AND EDUCATION CENTER ,TX,77036-2021,Proprietary  ,2,40,42,5,70,75
03922300,SOUTH TEXAS BARBER COLLEGE              ,TX,78415-3463,Proprietary  ,7,22,29,15,38,53
03926300,AMESED                                  ,TX,75081-0000,Proprietary  ,2,13,15,11,26,37
03944400,PROFESSIONAL CAREERS INSTITUTE          ,TX,77036-2252,Proprietary  ,10,30,40,19,77,96
03984300,ALLIED CAREER CENTER                    ,TX,75007-0000,Proprietary  ,0,0,0,1,6,7
03987300,TEXAS HEALTH SCHOOL                     ,TX,77079-2106,Proprietary  ,17,54,71,39,123,162
04036300,SOUTHEAST TEXAS CAREER INSTITUTE        ,TX,77656-8601,Proprietary  ,12,28,40,17,65,82
04045300,NORTHWEST BEAUTY SCHOOL                 ,TX,77091-1208,Proprietary  ,7,24,31,10,36,46
04045400,MAI-TRIX BEAUTY COLLEGE                 ,TX,77040-0000,Proprietary  ,12,45,57,17,52,69
04089400,CCI TRAINING CENTER                     ,TX,76011-4857,Proprietary  ,7,100,107,18,138,156
04117900,CHAMPION BEAUTY COLLEGE                 ,TX,77069-4611,Proprietary  ,5,29,34,20,62,82
04122100,BENCHMARK CAREER INSTITUTE              ,TX,75080-7426,Proprietary  ,0,0,0,0,2,2
04125400,ACADEMY AT AUSTIN (THE)                 ,TX,78660-3287,Proprietary  ,25,46,71,61,98,159
04125500,MANUEL AND THERESA'S SCHOOL OF HAIR DESI,TX,77803-3236,Proprietary  ,8,10,18,14,25,39
04129800,MEDIATECH INSTITUTE DALLAS              ,TX,75039-3105,Proprietary  ,36,26,62,36,26,62
04131700,SOUTHWEST CAREER INSTITUTE              ,TX,79925-6230,Proprietary  ,50,104,154,76,163,239
04136500,PCCENTER                                ,TX,75115-4214,Proprietary  ,0,6,6,0,6,6
00367000,BRIGHAM YOUNG UNIVERSITY                ,UT,84602-8406,Private      ,1678,3810,5488,8557,10285,18842
00367100,DIXIE STATE COLLEGE OF UTAH             ,UT,84770-3876,Public       ,653,939,1592,1703,2078,3781
00367200,LDS BUSINESS COLLEGE                    ,UT,84101-3500,Private      ,143,171,314,395,394,789
00367400,STEVENS HENAGER COLLEGE                 ,UT,84401-1420,Proprietary  ,250,975,1225,481,2519,3000
00367500,UNIVERSITY OF UTAH                      ,UT,84112-9055,Public       ,1339,2718,4057,6976,11695,18671
00367600,COLLEGE OF EASTERN UTAH                 ,UT,84501-2699,Public       ,188,248,436,575,534,1109
00367700,UTAH STATE UNIVERSITY                   ,UT,84322-1400,Public       ,1294,2191,3485,5420,7331,12751
00367800,SOUTHERN UTAH UNIVERSITY                ,UT,84720-2470,Public       ,691,809,1500,2758,2165,4923
00367900,SNOW COLLEGE                            ,UT,84627-1299,Public       ,338,223,561,1364,504,1868
00368000,WEBER STATE UNIVERSITY                  ,UT,84408-1136,Public       ,1038,2266,3304,3516,7532,11048
00368100,WESTMINSTER COLLEGE                     ,UT,84105-3697,Private      ,121,289,410,1552,1265,2817
00402700,UTAH VALLEY UNIVERSITY                  ,UT,84058-5999,Public       ,1876,3692,5568,5139,10078,15217
00522000,SALT LAKE COMMUNITY COLLEGE             ,UT,84123-0000,Public       ,1860,3511,5371,4222,8563,12785
00943300,SHERMAN KENDALL'S ACADEMY OF BEAUTY     ,UT,84106-1836,Proprietary  ,16,17,33,21,41,62
01009800,NEUMONT UNIVERSITY                      ,UT,84095-0000,Proprietary  ,46,63,109,294,166,460
01116500,UINTAH BASIN APPLIED TECHNOLOGY CLG     ,UT,84066-0000,Public       ,0,13,13,1,40,41
01116600,UTAH CAREER COLLEGE                     ,UT,84088-4021,Proprietary  ,129,311,440,288,925,1213
02078800,SHERMAN KENDALL'S ACADEMY OF BEAUTY     ,UT,84047-0000,Proprietary  ,7,9,16,8,19,27
02115400,BRIDGERLAND APPLIED TECHNOLOGY COLLEGE  ,UT,84321-0000,Public       ,43,174,217,110,404,514
02156600,DAVIS APPLIED TECHNOLOGY COLLEGE        ,UT,84037-0000,Public       ,60,228,288,139,594,733
02178500,EAGLE GATE COLLEGE                      ,UT,84123-0000,Proprietary  ,124,333,457,204,812,1016
02270800,AMERITECH COLLEGE                       ,UT,84604-6927,Proprietary  ,20,123,143,41,262,303
02270802,AMERITECH COLLEGE - DRAPER              ,UT,84020-6545,Proprietary  ,4,25,29,8,90,98
02298500,EVEREST COLLEGE                         ,UT,84119-2668,Proprietary  ,63,292,355,80,371,451
02346500,OGDEN-WEBER APPLIED TECHNOLOGY COLG     ,UT,84404-0000,Public       ,57,280,337,125,707,832
02360800,PROVO COLLEGE                           ,UT,84601-0000,Proprietary  ,90,194,284,192,439,631
02361000,ITT TECHNICAL INSTITUTE                 ,UT,84123-0000,Proprietary  ,71,212,283,143,596,739
02504000,MARINELLO SCHOOL OF BEAUTY              ,UT,84041-0000,Proprietary  ,25,38,63,33,75,108
02516100,STACEY'S HANDS OF CHAMPIONS BTY CLG     ,UT,84405-0000,Proprietary  ,14,59,73,27,75,102
02531800,VON CURTIS ACADEMY OF HAIR DESIGN       ,UT,84606-0000,Proprietary  ,327,310,637,519,527,1046
02556800,HAIRITAGE COLLEGE OF BEAUTY             ,UT,84117-7204,Proprietary  ,32,40,72,57,65,122
02557700,PREMIER HAIR ACADEMY                    ,UT,84120-3603,Proprietary  ,2,9,11,7,31,38
02572700,EVANS HAIRSTYLING COLLEGE               ,UT,84770-0000,Proprietary  ,6,3,9,14,18,32
02572800,VISTA COLLEGE                           ,UT,84015-0000,Proprietary  ,7,38,45,12,64,76
02572801,CERTIFIED CAREERS INSTITUTE             ,UT,84015-0000,Proprietary  ,7,30,37,14,68,82
02573100,EVANS HAIRSTYLING COLLEGE               ,UT,84720-0000,Proprietary  ,11,6,17,24,23,47
02612200,MARINELLO SCHOOL OF BEAUTY              ,UT,84604-1585,Proprietary  ,25,18,43,66,51,117
03030600,UTAH COLLEGE OF MASSAGE THERAPY         ,UT,84111-1606,Proprietary  ,121,156,277,315,426,741
03030601,UTAH CLG OF MASSAGE THER-PROVO CMPS     ,UT,84042-0000,Proprietary  ,35,45,80,89,129,218
03082100,MYOTHERAPY COLLEGE OF UTAH              ,UT,84115-2522,Proprietary  ,5,24,29,12,50,62
03108200,ECHELON EDGE ACADEMY OF HAIR SKIN & NAIL,UT,84070-2004,Proprietary  ,13,12,25,13,18,31
03110400,HAIRITAGE HAIR ACADEMY                  ,UT,84770-5233,Proprietary  ,4,6,10,15,20,35
03339400,WESTERN GOVERNORS UNIVERSITY            ,UT,84107-2533,Private      ,94,4530,4624,227,10260,10487
03413300,MOUNTAINLAND APPLIED TECHNOLOGY COLLEGE ,UT,84058-5857,Public       ,17,46,63,42,117,159
03463300,CAREERS UNLIMITED                       ,UT,84058-0000,Proprietary  ,8,17,25,35,83,118
03617300,HEALING MOUNTAIN MASSAGE SCHOOL         ,UT,84111-3232,Proprietary  ,4,12,16,16,35,51
03829500,SKINWORKS SCHOOL OF ADVANCED SKINCARE   ,UT,84115-0000,Proprietary  ,7,20,27,13,49,62
03838300,OGDEN INSTITUTE OF MASSAGE THERAPY      ,UT,84403-0000,Proprietary  ,7,16,23,12,35,47
03902300,RENAISSANCE SCHOOL OF THERAPEUTIC MASSAG,UT,84010-2835,Proprietary  ,2,4,6,3,8,11
03909300,MAXIMUM STYLE TEC SCHOOL OF COSMETOLOGY ,UT,84323-4679,Proprietary  ,5,13,18,12,30,42
03921300,CAMEO COLLEGE OF ESSENTIAL BEAUTY       ,UT,84115-0000,Proprietary  ,30,73,103,69,152,221
04054300,SOUTHWEST APPLIED TECHNOLOGY COLLEGE    ,UT,84720-6608,Public       ,10,27,37,13,42,55
04072300,DALLAS ROBERTS ACADEMY OF HAIR DESIGN & ,UT,84604-1008,Proprietary  ,20,16,36,40,39,79
04118100,IMAGEWORKS ACADEMY OF HAIR DESIGN       ,UT,84660-1210,Proprietary  ,8,14,22,14,26,40
04121700,DIXIE APPLIED TECHNOLOGY COLLEGE        ,UT,84770-3025,Public       ,39,46,85,148,123,271
00368200,BENNINGTON COLLEGE                      ,VT,05201-6001,Private      ,20,37,57,937,278,1215
00368300,CASTLETON STATE COLLEGE                 ,VT,05735-0000,Public       ,171,55,226,2629,350,2979
00368400,CHAMPLAIN COLLEGE                       ,VT,05401-3950,Private      ,75,168,243,3097,680,3777
00368402,WOODBURY COLLEGE                        ,VT,05602-0000,Private      ,0,47,47,9,169,178
00368500,COLLEGE OF ST JOSEPH                    ,VT,05701-3899,Private      ,23,64,87,181,205,386
00368600,GODDARD COLLEGE                         ,VT,05667-0000,Private      ,28,160,188,78,826,904
00368700,GREEN MOUNTAIN COLLEGE                  ,VT,05764-1199,Private      ,72,34,106,1210,158,1368
00368800,JOHNSON STATE COLLEGE                   ,VT,05656-9898,Public       ,119,190,309,1404,851,2255
00368900,LYNDON STATE COLLEGE                    ,VT,05851-0919,Public       ,125,53,178,1556,281,1837
00369000,MARLBORO COLLEGE                        ,VT,05344-0300,Private      ,13,16,29,459,78,537
00369100,MIDDLEBURY COLLEGE                      ,VT,05753-0000,Private      ,62,15,77,3505,459,3964
00369200,NORWICH UNIVERSITY                      ,VT,05663-1035,Private      ,121,364,485,2524,1488,4012
00369300,SOUTHERN VERMONT COLLEGE                ,VT,05201-6002,Private      ,34,23,57,573,148,721
00369400,ST MICHAELS COLLEGE                     ,VT,05439-0001,Private      ,59,37,96,3344,166,3510
00369600,UNIVERSITY OF VERMONT                   ,VT,05405-0160,Public       ,325,229,554,15658,2501,18159
00369800,VERMONT TECHNICAL COLLEGE               ,VT,05061-0000,Public       ,120,114,234,1133,564,1697
00857500,SALON PROFESSIONAL ACADEMY (THE)        ,VT,05495-4001,Proprietary  ,11,13,24,56,49,105
00865800,O'BRIEN'S TRAINING CENTER               ,VT,05403-7747,Proprietary  ,12,14,26,23,27,50
00886000,SIT                                     ,VT,05301-4801,Private      ,2,88,90,17,524,541
01116700,COMMUNITY COLLEGE OF VERMONT            ,VT,05676-1552,Public       ,524,970,1494,1310,2938,4248
01193400,VERMONT LAW SCHOOL                      ,VT,05068-0000,Private      ,0,42,42,1,1044,1045
01218300,BURLINGTON COLLEGE                      ,VT,05401-8477,Private      ,19,36,55,128,113,241
02143500,STERLING COLLEGE                        ,VT,05827-0000,Private      ,13,6,19,136,23,159
02254000,NEW ENGLAND CULINARY INSTITUTE          ,VT,05602-0000,Proprietary  ,61,65,126,496,302,798
02532600,LANDMARK COLLEGE                        ,VT,05346-0000,Private      ,50,5,55,340,38,378
03708300,BURLINGTON TECHNICAL CENTER             ,VT,05401-2721,Public       ,2,2,4,7,9,16
00392800,CASPER COLLEGE                          ,WY,82601-4612,Public       ,247,353,600,1051,966,2017
00392900,EASTERN WYOMING COLLEGE                 ,WY,82240-1603,Public       ,78,101,179,354,243,597
00393000,SHERIDAN COLLEGE                        ,WY,82801-9133,Public       ,154,224,378,659,587,1246
00393100,NORTHWEST COLLEGE                       ,WY,82435-1895,Public       ,141,147,288,727,432,1159
00393200,UNIVERSITY OF WYOMING                   ,WY,82071-3663,Public       ,825,870,1695,5646,3684,9330
00393300,WESTERN WYOMING COMMUNITY COLLEGE       ,WY,82902-0000,Public       ,162,192,354,637,611,1248
00728900,CENTRAL WYOMING COLLEGE                 ,WY,82501-0000,Public       ,96,161,257,416,503,919
00915700,WYOMING TECHNICAL INSTITUTE             ,WY,82072-9519,Proprietary  ,621,257,878,3670,1468,5138
00925900,LARAMIE COUNTY COMMUNITY CLG            ,WY,82007-3299,Public       ,199,428,627,1002,1356,2358
02211900,CHEEKS INTERNATIONAL ACDMY              ,WY,82001-0000,Proprietary  ,29,54,83,47,113,160
03291300,BUSINESS SKILLS INSTITUTE A DEPARTMENT O,WY,82930-0000,Public       ,1,3,4,3,5,8
00393500,UNIV OF GUAM                            ,GU,96923-0000,Public       ,608,377,985,1529,1108,2637
01536100,GUAM COMMUNITY COLLEGE                  ,GU,96921-0000,Public       ,332,301,633,693,848,1541
03438300,PACIFIC ISLANDS BIBLE COLLEGE           ,GU,96913-2619,Private      ,56,32,88,77,52,129
00393600,PONTIFICAL CATHOLIC UNIV OF PR          ,PR,00717-0777,Private      ,1145,2028,3173,5010,4333,9343
00393700,UNIVERSITY OF THE SACRED HEART          ,PR,00914-0383,Private      ,859,855,1714,3097,1830,4927
00393800,INTER-AMER UNIV PR-CNTRL ADMN           ,PR,00936-0000,Private      ,979,2236,3215,3449,6000,9449
00393801,INTER-AMER UNIV PR SCHL LAW             ,PR,00936-8351,Private      ,3,90,93,16,339,355
00393802,INTER AMERICAN UNIVERSITY OF PUERTO RICO,PR,00926-0000,Private      ,41,95,136,41,95,136
00393803,INTER AMERICAN UNIVERSITY OF PR         ,PR,00683-0000,Private      ,905,780,1685,3688,1961,5649
00393804,INTER-AMER UNIV PR-RECINTO AGUADILA     ,PR,00605-2000,Private      ,749,963,1712,2398,2210,4608
00393805,INTER-AMER UNIV PR-ARECIBO CAMPUS       ,PR,00614-4050,Private      ,543,786,1329,2785,2287,5072
00393806,INTER-AMER UNIV PR-BARRANQUITAS REG     ,PR,00794-0517,Private      ,254,380,634,1442,990,2432
00393807,INTER-AMER UNIV PR-FAJARDO REGIONAL     ,PR,00738-0000,Private      ,350,455,805,1217,1059,2276
00393808,INTER-AMER UNIV PR - GUAYAMA CAMPUS     ,PR,00785-4004,Private      ,319,514,833,1103,1258,2361
00393809,INTER-AMER UNIV PR-PONCE REGIONAL       ,PR,00715-0000,Private      ,544,1030,1574,3385,3112,6497
00393810,INTER-AMER UNIV PR - SCH OF OPTOMETRY   ,PR,00918-0000,Private      ,0,0,0,5,59,64
00393811,INTER-AMER UNIV PR-BAYAMON REG CLG      ,PR,00959-0000,Private      ,1165,780,1945,4086,1745,5831
00394100,COLEGIO UNIVERSITARIO DEL ESTE          ,PR,00983-0000,Private      ,2047,3475,5522,5370,7341,12711
00394200,UNIVERSITY OF PR-CENTRAL ADMINISTRATION ,PR,00936-4984,Public       ,60,87,147,730,346,1076
00394201,UNIVERSITY OF PR-RIO PIEDRAS CAMPUS     ,PR,00931-3300,Public       ,664,419,1083,8578,2427,11005
00394202,UNIV OF PUERTO RICO-MAYAGUEZ CAMPUS     ,PR,00681-5000,Public       ,748,255,1003,8883,1455,10338
00394203,"UNIVERSITY OF PR, MED. SCIENCES CAMPUS  ",PR,00936-5067,Public       ,29,192,221,488,1285,1773
00394204,"UNIVERSITY OF PUERTO RICO, CAYEY CAMPUS ",PR,00736-0000,Public       ,110,61,171,2972,534,3506
00394205,"UNIVERSITY OF PR, HUMACAO CAMPUS        ",PR,00791-4057,Public       ,312,117,429,3457,570,4027
00394206,UNIVERSITY OF PR-AGUADILLA CAMPUS       ,PR,00604-6150,Public       ,168,83,251,2534,495,3029
00394207,UNIVERSITY OF PUERTO RICO-ARECIBO CAMPUS,PR,00614-0000,Public       ,180,72,252,3627,490,4117
00394208,UNIVERSITY OF PUERTO RICO-BAYAMON CAMPUS,PR,00959-0000,Public       ,206,98,304,3774,524,4298
00394209,UNIVERSITY OF PUERTO RICO-CAROLINA      ,PR,00984-4800,Public       ,387,101,488,3114,468,3582
00394210,UNIVERSITY OF PUERTO RICO-PONCE         ,PR,00732-0000,Public       ,128,56,184,3010,409,3419
00394211,"UNIVERSITY OF PR, UTUADO CAMPUS         ",PR,00641-0000,Public       ,150,31,181,1466,251,1717
00501900,UNIV ADVENTISTA DE LAS ANTILLAS         ,PR,00681-0118,Private      ,255,190,445,523,317,840
00502200,BAYAMON CENTRAL UNIVERSITY              ,PR,00960-0000,Private      ,279,425,704,919,1074,1993
00890200,COLUMBIA CENTRO UNIVERSITARIO           ,PR,00726-0000,Proprietary  ,263,501,764,534,927,1461
01056700,COLEGIO TECNOLOGICO DE SAN JUAN         ,PR,00918-2973,Public       ,263,370,633,529,675,1204
01072400,CARLOS ALBIZU UNIVERSITY                ,PR,00902-3711,Private      ,16,143,159,87,692,779
01081900,CONSERVATORIO DE MUSICA DE PUERTO RICO  ,PR,00907-3373,Public       ,56,29,85,263,80,343
01120300,RYDER MEMORIAL HOSP SCH OF NURSING      ,PR,00792-0000,Private      ,10,14,24,14,19,33
01171900,UNIVERSIDAD DEL TURABO                  ,PR,00778-0000,Private      ,2155,4387,6542,6862,9419,16281
01194000,ICPR JUNIOR COLLEGE                     ,PR,00919-0000,Proprietary  ,513,625,1138,704,853,1557
01194100,AMERICAN UNIVERSITY OF PUERTO RICO      ,PR,00960-2037,Private      ,368,274,642,811,631,1442
01194101,AMERICAN UNIVERSITY OF PUERTO RICO      ,PR,00674-0000,Private      ,247,288,535,629,568,1197
01252500,CARIBBEAN UNIVERSITY                    ,PR,00960-0493,Private      ,823,1497,2320,2120,2938,5058
01314800,RAMIREZ COLLEGE OF BUS & TECH           ,PR,00918-0000,Proprietary  ,117,174,291,198,400,598
02063100,MBTI BUSINESS TRNG INSTITUTE            ,PR,00907-3917,Proprietary  ,119,260,379,229,445,674
02100000,POLYTECHNIC UNIVERSITY OF PR            ,PR,00917-0000,Private      ,642,743,1385,2963,1935,4898
02163300,UNIVERSIDAD CENTRAL DEL CARIBE          ,PR,00960-0000,Private      ,38,100,138,132,418,550
02165100,EDP COLLEGE OF PUERTO RICO              ,PR,00919-0000,Proprietary  ,452,780,1232,715,1202,1917
02166400,INSTITUTO DE BANCA Y COMERCIO           ,PR,00925-0000,Proprietary  ,3326,3789,7115,7137,8087,15224
02170300,INST EDUC TECNIA OCUP LA REINA          ,PR,00674-0000,Proprietary  ,95,120,215,256,301,557
02170301,INST EDUC TECNICA OCUPLA LA REINA       ,PR,00603-0000,Proprietary  ,1,0,1,2,0,2
02189100,CENTRO DE ESTUDIOS MULTIDISCIPLIN       ,PR,00926-0000,Private      ,724,979,1703,871,1183,2054
02189300,EMMA'S BEAUTY ACADEMY                   ,PR,00680-0000,Proprietary  ,75,78,153,212,202,414
02195400,MODERN HAIRSTYLING INSTITUTE            ,PR,00960-0000,Proprietary  ,301,213,514,383,260,643
02195500,MODERN HAIRSTYLING INSTITUTE            ,PR,00612-0000,Proprietary  ,1,0,1,5,0,5
02195800,LICEO E ARTE Y TECNOLGIA                ,PR,00919-0000,Private      ,192,135,327,661,460,1121
02195900,MODERN HAIRSTYLING INSTITUTE            ,PR,00980-0000,Proprietary  ,0,2,2,6,4,10
02234900,ANTILLES SCHOOL OF TECH CAREERS         ,PR,00909-0000,Proprietary  ,71,99,170,103,134,237
02241901,COMMONWEALTH OF PR DEPT OF EDUC - CARLOS,PR,00986-0000,Public       ,28,34,62,31,34,65
02241902,COMMONWEALTH OF PR DEPT OF EDUC - TOMAS ,PR,00613-0000,Public       ,7,10,17,8,14,22
02241904,COMMONWEALTH OF PR DEPT OF EDUC - ITPR R,PR,00655-0000,Public       ,120,53,173,483,220,703
02241905,COMMONWEALTH OF PR DEPT OF EDUC - JOSE A,PR,00674-0000,Public       ,71,39,110,564,135,699
02241907,COMMONWEALTH OF PR DEPT OF EDUC - ITPR R,PR,00928-0000,Public       ,161,45,206,473,183,656
02241908,COMMONWEALTH OF PR DEPT OF EDUC - ITPR R,PR,00732-0000,Public       ,131,68,199,544,240,784
02241909,COMMONWEALTH OF PR DEPT OF EDUC - TROQUE,PR,00959-0000,Public       ,0,1,1,34,5,39
02241910,COMMONWEALTH OF PR DEPT OF EDUC - ITPR R,PR,00701-1091,Public       ,81,42,123,416,126,542
02260600,NATIONAL COLLEGE OF BUSINESS & TECH     ,PR,00960-2036,Proprietary  ,993,1238,2231,3248,3759,7007
02260601,NATIONAL COLLEGE OF BUSINESS & TECHNOLOG,PR,00612-0000,Proprietary  ,4,3,7,51,25,76
02260602,NATIONAL COLLEGE OF BUSINESS & TECHNOLOG,PR,00745-9903,Proprietary  ,5,1,6,19,11,30
02260800,HUERTAS JUNIOR COLLEGE                  ,PR,00726-0000,Proprietary  ,422,640,1062,983,1163,2146
02297700,AUTOMECA TECHNICAL COLLEGE              ,PR,00957-0000,Proprietary  ,447,295,742,1002,558,1560
02303800,AMERICAN EDUCATIONAL COLLEGE            ,PR,00961-0000,Proprietary  ,223,365,588,419,637,1056
02335500,COLEGIO BIBLICO PENTECOSTAL DE PR       ,PR,00978-0000,Private      ,11,91,102,16,130,146
02340600,HUMACAO COMMUNITY COLLEGE               ,PR,00792-0000,Private      ,266,338,604,318,361,679
02343600,INSTITUTE OF BEAUTY CAREERS             ,PR,00613-0000,Proprietary  ,113,136,249,303,388,691
02482400,PONCE SCHOOL OF MEDICINE                ,PR,00716-2347,Private      ,2,94,96,17,604,621
02502400,SERBIA'S SCHOOL OF BEAUTY CULTURE       ,PR,00785-0000,Proprietary  ,83,99,182,172,166,338
02504500,INSTITUCION CHAVIANO DE MAYAGUEZ        ,PR,00708-0000,Proprietary  ,14,98,112,15,100,115
02505400,ATLANTIC COLLEGE                        ,PR,00970-0000,Private      ,387,220,607,830,419,1249
02534900,PONCE PARAMEDICAL COLLEGE (POPAC)       ,PR,00731-0000,Proprietary  ,879,668,1547,1735,1290,3025
02549700,ACADEMIA MAISON D'ESTHETIQUE            ,PR,00907-0000,Proprietary  ,50,113,163,123,236,359
02552300,COLEGIO MAYOR DE TECHNOLOGIA            ,PR,00714-0000,Proprietary  ,114,120,234,227,266,493
02562500,INTERNATIONAL TECHNICAL COLLEGE         ,PR,00918-0000,Proprietary  ,11,22,33,42,79,121
02563500,ROGIES SCHOOL OF BEAUTY CULTURE         ,PR,00910-0000,Proprietary  ,56,52,108,87,75,162
02566800,PUERTO RICO TECH JUNIOR COLLEGE         ,PR,00917-0000,Proprietary  ,0,0,0,4,2,6
02569400,ESCUELA DE ARTES PLASTICAS              ,PR,00902-1112,Public       ,52,39,91,324,146,470
02570400,EDUCATIONAL TECHNICAL COLLEGE           ,PR,00925-3404,Proprietary  ,223,352,575,399,633,1032
02576100,ESCUELA TECNICA DE ELECTRICIDAD         ,PR,00731-0000,Proprietary  ,105,108,213,315,297,612
02587500,UNIVERSIDAD METROPOLITANA               ,PR,00928-1150,Private      ,2018,4187,6205,4657,7353,12010
02588600,SEMINARIO EVANGELICO DE PUERTO RICO     ,PR,00925-0000,Private      ,0,9,9,1,25,26
02593700,HISPANIC AMERICAN COLLEGE               ,PR,00725-0000,Proprietary  ,48,60,108,108,119,227
02611100,INSTITUTO MERLIX                        ,PR,00961-0000,Proprietary  ,47,119,166,50,122,172
03021900,EDIC COLLEGE                            ,PR,00726-0000,Proprietary  ,202,338,540,589,778,1367
03025500,MECH TECH COLLEGE                       ,PR,00725-6118,Proprietary  ,873,463,1336,2195,861,3056
03025900,"LICEO DE ARTE, DISENOS Y COMERCIO       ",PR,00726-0000,Proprietary  ,113,180,293,286,374,660
03029700,"UNIVERSAL TECHNOLOGY CLG OF PR, INC     ",PR,00605-1955,Private      ,274,418,692,658,1146,1804
03061900,COLEGIO TECHNOLOGICO Y COMERCIAL        ,PR,00602-0000,Proprietary  ,19,51,70,19,51,70
03068400,STAR BEAUTY ACADEMY                     ,PR,00961-6312,Proprietary  ,31,52,83,33,52,85
03070500,D'MART INSTITUTE                        ,PR,00794-3517,Proprietary  ,299,296,595,760,792,1552
03075600,EMMA'S BEAUTY ACADEMY                   ,PR,00795-0000,Proprietary  ,99,96,195,244,188,432
03076000,PUERTO RICO BARBER COLLEGE              ,PR,00738-4632,Proprietary  ,11,26,37,20,36,56
03085700,PROFESSIONAL TECHNICAL INSTITUTION      ,PR,00960-7061,Proprietary  ,169,113,282,244,154,398
03104400,PROFESSIONAL ELECTRIC SCHOOL            ,PR,00674-1797,Proprietary  ,34,40,74,63,61,124
03106900,ESCUELA DE PERITOS ELECTRICITAS         ,PR,00662-0457,Proprietary  ,16,20,36,26,51,77
03112100,JOHN DEWEY COLLEGE                      ,PR,00915-9538,Private      ,1126,2045,3171,1611,2930,4541
03112101,JOHN DEWEY COLLEGE                      ,PR,00986-0000,Private      ,318,368,686,462,529,991
03112102,JOHN DEWEY COLLEGE-BAYAMON CAMPUS       ,PR,00959-0000,Private      ,168,220,388,219,279,498
03112104,JOHN DEWEY COLLEGE - YABUCOA LRNING SITE,PR,00767-0767,Private      ,50,109,159,87,191,278
03112105,JOHN DEWEY COLLEGE - FAJARDO BRANCH     ,PR,00738-0738,Private      ,63,82,145,111,130,241
03112106,JOHN DEWEY COLLEGE - ARROYO BRANCH      ,PR,00714-0714,Private      ,52,72,124,107,206,313
03112107,JOHN DEWEY COLLEGE - JUANA DIAZ BRANCH  ,PR,00795-0000,Private      ,96,108,204,202,304,506
03115900,TRINITY COLLEGE OF PUERTO RICO          ,PR,00734-0000,Private      ,78,134,212,85,144,229
03122500,ACADEMIA SERRANT INC.                   ,PR,00717-1568,Proprietary  ,35,99,134,77,175,252
03123100,GLOBELLE TECHNICAL INSTITUTE            ,PR,00693-4218,Proprietary  ,13,18,31,51,61,112
03124200,NOVA COLLEGE DE PUERTO RICO             ,PR,00960-4016,Proprietary  ,27,99,126,62,185,247
03157600,"COLEGIO DE CINEMATOGRAFIA, ARTES Y TELEV",PR,00961-6345,Proprietary  ,199,92,291,269,115,384
03177300,SAN JUAN BAUTISTA SCH OF MEDICINE       ,PR,00726-0000,Private      ,0,29,29,2,281,283
03326300,UNIVERSAL CAREER COMMUNITY COLLEGE      ,PR,00907-0000,Proprietary  ,224,301,525,340,455,795
03336300,CENTURY COLLEGE                         ,PR,00603-4802,Proprietary  ,44,63,107,90,109,199
03414300,MONTECLARO                              ,PR,00745-9612,Private      ,5,0,5,7,0,7
03452300,INSTITUTO PRE-VOCACIONAL E INDUSTRI     ,PR,00613-1800,Private      ,27,73,100,34,90,124
03469300,IVAEM COLLEGE                           ,PR,00725-0000,Proprietary  ,42,33,75,123,64,187
03531300,COLEGIO PENTECOSTAL MIZPA               ,PR,00928-0966,Private      ,8,84,92,13,187,200
03544300,ATENAS COLLEGE                          ,PR,00674-0000,Private      ,355,481,836,568,774,1342
03552300,LESTON COLLEGE                          ,PR,00961-6309,Proprietary  ,24,59,83,38,96,134
03608300,CARIBBEAN FORENSIC & TECHNICAL COLL     ,PR,00926-0000,Proprietary  ,25,38,63,38,63,101
03638300,ROSSLYN TRAINING ACADEMY OF COSMETOLOGY ,PR,00602-3225,Proprietary  ,3,8,11,3,8,11
03735400,"CHARLIES GUARD,DETECTIVE BUREAU&ACA     ",PR,00605-0000,Proprietary  ,38,61,99,62,117,179
03751300,ESCUELA HOTELERA DE SAN JUAN            ,PR,00917-0091,Proprietary  ,141,65,206,357,184,541
03758300,BAYAMON COMMUNITY COLLEGE               ,PR,00960-0000,Proprietary  ,32,112,144,47,134,181
03781400,INDUSTRIAL TECHNICAL COLLEGE            ,PR,00792-0000,Proprietary  ,53,63,116,83,112,195
03785300,J.G. GUAYNABO TECHNICAL COLLEGE         ,PR,00960-0000,Proprietary  ,8,21,29,9,28,37
03800300,COLEGIO TECNICO DE ELECTRICIDAD GALLOSA ,PR,00602-0000,Proprietary  ,25,37,62,25,41,66
03800400,INSTITUTE OF BEAUTY OCCUPATIONS AND TECH,PR,00676-5071,Proprietary  ,20,26,46,38,79,117
03843300,ADVANCED TECH COLLEGE                   ,PR,00961-6321,Proprietary  ,15,75,90,18,96,114
03849300,AGUADILLA TECHNICAL COLLEGE             ,PR,00603-0000,Proprietary  ,11,28,39,15,34,49
03965400,MYRANGEL BEAUTY INSTITUTE               ,PR,00754-3917,Proprietary  ,31,64,95,31,64,95
04030300,ASPIRA  DE PUERTO RICO                  ,PR,00987-0000,Private      ,1,6,7,1,12,13
04107300,CARIB TECHNOLOGICAL INSTITUTE           ,PR,00960-0000,Proprietary  ,19,49,68,22,49,71
04117200,INSTITUTO EDUCATIVO PREMIER             ,PR,00731-0000,Proprietary  ,13,48,61,20,59,79
00394600,UNIVERSITY OF THE VIRGIN ISLANDS        ,VI,00802-6000,Public       ,118,139,257,870,627,1497
00394601,UNIV OF THE VIRGIN ISLANDS-ST CROIX     ,VI,00850-0000,Public       ,68,104,172,377,363,740
00667400,CANADIAN THEOLOGICAL SEMINARY           ,CN,00000-0000,Private      ,0,0,0,2,0,2
00667700,MCGILL UNIVERSITY                       ,CN,00000-0000,Public       ,109,47,156,1702,341,2043
00667900,QUEEN'S UNIVERSITY AT KINGSTON          ,CN,00000-0000,Public       ,8,9,17,113,26,139
00668100,ST FRANCIS XAVIER UNIVERSITY            ,CN,00000-0000,Public       ,4,5,9,35,9,44
00668200,ST THOMAS UNIVERSITY                    ,CN,00000-0000,Public       ,4,0,4,14,2,16
00668300,UNIVERSITY OF GUELPH                    ,CN,00000-0000,Public       ,2,6,8,34,48,82
00668400,UNIVERSITY OF MANITOBA                  ,CN,00000-0000,Public       ,5,7,12,16,19,35
00668500,UNIVERSITY OF NEW BRUNSWICK (THE)       ,CN,00000-0000,Public       ,2,3,5,14,19,33
00668600,UNIVERSITY OF OTTAWA                    ,CN,00000-0000,Public       ,4,7,11,35,24,59
00668800,UNIVERSITY OF TORONTO                   ,CN,00000-0000,Public       ,31,52,83,256,368,624
00668900,UNIVERSITY OF WINDSOR                   ,CN,00000-0000,Public       ,3,10,13,18,56,74
00683700,UNIVERSITE LAVAL                        ,CN,00000-0000,Public       ,0,2,2,5,16,21
00683800,DALHOUSIE UNIVERSITY                    ,CN,00000-0000,Public       ,5,17,22,118,60,178
00685200,BISHOP'S UNIVERSITY                     ,CN,00000-0000,Private      ,4,0,4,27,1,28
00685300,MCMASTER UNIVERSITY                     ,CN,00000-0000,Public       ,3,5,8,13,21,34
00767900,YORK UNIVERSITY                         ,CN,00000-0000,Public       ,14,25,39,92,94,186
00787400,UNIVERSITY AT CALGARY (THE)             ,CN,00000-0000,Public       ,1,11,12,15,42,57
00814800,UNIVERSITY OF WINNIPEG                  ,CN,00000-0000,Public       ,2,1,3,6,5,11
00836200,UNIVERSITY OF ALBERTA (THE)             ,CN,00000-0000,Public       ,0,7,7,23,41,64
00836300,MOUNT SAINT VINCENT UNIVERSITY          ,CN,00000-0000,Private      ,2,3,5,4,5,9
00836400,SAINT MARY'S UNIVERSITY                 ,CN,00000-0000,Public       ,9,4,13,29,8,37
00836500,CONCORDIA UNIVERSITY - SIR GEORGE W     ,CN,00000-0000,Public       ,30,16,46,233,134,367
00836600,UNIVERSITE DE MONTREAL                  ,CN,00000-0000,Public       ,0,7,7,10,35,45
00836800,CARLETON UNIVERSITY                     ,CN,00000-0000,Public       ,1,4,5,44,32,76
00836900,UNIVERSITY OF BRITISH COLUMBIA          ,CN,00000-0000,Public       ,58,49,107,644,416,1060
00837000,"SAFA, UNIVERSITY OF VICTORIA            ",CN,00000-0000,Public       ,8,12,20,92,52,144
00844400,SIMON FRASER UNIVERSITY                 ,CN,00000-0000,Public       ,5,27,32,63,93,156
00844600,UNIVERSITY OF WESTERN ONTARIO (THE)     ,CN,00000-0000,Public       ,3,5,8,35,39,74
00844800,UNIVERSITY OF REGINA                    ,CN,00000-0000,Public       ,0,3,3,5,11,16
00844900,ACADIA UNIVERSITY                       ,CN,00000-0000,Public       ,7,0,7,55,8,63
00852600,UNIVERSITY OF WATERLOO                  ,CN,00000-0000,Public       ,5,3,8,36,14,50
00858200,WILFRID LAURIER UNIVERSITY              ,CN,00000-0000,Public       ,1,4,5,9,6,15
00891300,LAKEHEAD UNIVERSITY                     ,CN,00000-0000,Public       ,1,1,2,2,3,5
00911900,UNIVERSITE DE MONCTON                   ,CN,00000-0000,Public       ,0,0,0,0,1,1
00918000,LAURENTIAN UNIVERSITY OF SUDBURY        ,CN,00000-0000,Public       ,0,0,0,0,2,2
00925200,BROCK UNIVERSITY                        ,CN,00000-0000,Public       ,6,2,8,14,11,25
00936700,UNIVERSITY OF PRINCE EDWARD ISLAND      ,CN,00000-0000,Public       ,2,20,22,9,97,106
00942100,BRANDON UNIVERSITY                      ,CN,00000-0000,Public       ,0,3,3,4,6,10
00948600,TRINITY WESTERN UNIVERSITY              ,CN,00000-0000,Private      ,20,12,32,316,44,360
00950000,MEMORIAL UNIVERSITY OF NEWFOUNDLAND     ,CN,00000-0000,Public       ,0,0,0,4,4,8
00950100,UNIVERSITY OF KING'S COLLEGE            ,CN,00000-0000,Public       ,3,0,3,21,1,22
00950300,MOUNT ALLISON UNIVERSITY                ,CN,00000-0000,Public       ,5,1,6,31,2,33
00950500,TRENT UNIVERSITY                        ,CN,00000-0000,Public       ,1,1,2,11,4,15
00969700,LETHBRIDGE COLLEGE                      ,CN,00000-0000,Public       ,2,0,2,7,1,8
00969800,MEDICINE HAT COLLEGE                    ,CN,00000-0000,Public       ,0,2,2,1,5,6
00970100,SENECA COLG OF APPLIED ARTS & TECH      ,CN,00000-0000,Public       ,3,3,6,16,9,25
01012300,NOVA SCOTIA COLLEGE OF ART & DESIGN     ,CN,00000-0000,Public       ,1,0,1,9,14,23
01022100,SAINT PAUL UNIVERSITY                   ,CN,00000-0000,Public       ,1,0,1,2,3,5
01045800,SHERIDAN COLLEGE OF APPLIED ARTS AN     ,CN,00000-0000,Public       ,1,3,4,15,10,25
01067500,REGENT COLLEGE                          ,CN,00000-0000,Private      ,0,22,22,2,106,108
01070300,UNIVERSITY OF LETHBRIDGE                ,CN,00000-0000,Public       ,0,0,0,6,1,7
01072000,RYERSON UNIVERSITY                      ,CN,00000-0000,Public       ,3,6,9,50,57,107
01172200,BRIERCREST BIBLE COLLEGE                ,CN,00000-0000,Private      ,4,5,9,16,11,27
01221100,ALGONQUIN CLG OF APPLIED ARTS &TECH     ,CN,00000-0000,Public       ,0,2,2,5,7,12
01222800,HUMBER COLLEGE                          ,CN,00000-0000,Public       ,0,4,4,10,15,25
01227400,PROVIDENCE COLLEGE                      ,CN,00000-0000,Private      ,3,1,4,14,5,19
02102100,BETHANY BIBLE COLLEGE                   ,CN,00000-0000,Private      ,12,9,21,68,24,92
02167000,PRAIRIE BIBLE INST                      ,CN,00000-0000,Private      ,9,5,14,28,14,42
02184600,INSTITUTE FOR CHRISTIAN STUDIES         ,CN,00000-0000,Private      ,0,2,2,0,5,5
02195600,LASALLE COLLEGE                         ,CN,00000-0000,Private      ,0,7,7,5,18,23
02195700,TAYLOR UNIVERSITY COLLEGE AND SEMINARY  ,CN,00000-0000,Private      ,0,0,0,6,1,7
02201100,COLUMBIA BIBLE COLLEGE                  ,CN,00000-0000,Private      ,4,0,4,23,4,27
02209700,UNIVERSITE DU QUEBEC (UNIVERSITY OF     ,CN,00000-0000,Public       ,0,0,0,1,6,7
02216400,TYNDALE COLLEGE & SEMINARY              ,CN,00000-0000,Private      ,0,3,3,3,8,11
02219000,ST. LAWRENCE COLLEGE                    ,CN,00000-0000,Public       ,1,2,3,5,2,7
02219200,UNIVERSITY OF SASKATCHEWAN              ,CN,00000-0000,Public       ,2,3,5,6,13,19
02338800,EMILY CARR UNIVERSITY OF ART AND DESIGN ,CN,00000-0000,Public       ,7,5,12,59,26,85
02354700,RED DEER COLLEGE                        ,CN,00000-0000,Public       ,0,0,0,1,1,2
02577200,SALVATION ARMY WM & CATHERINE BOOTH     ,CN,00000-0000,Private      ,1,0,1,1,1,2
02592600,NEW BRUNSWICK COMMUNITY COLLEGE         ,CN,00000-0000,Public       ,0,0,0,2,0,2
02593800,CONCORDIA UNIVERSITY COLLEGE            ,CN,00000-0000,Private      ,0,2,2,4,3,7
02611900,THE KING'S UNIVERSITY COLLEGE           ,CN,00000-0000,Private      ,1,0,1,3,0,3
03018300,ROCKY MOUNTAIN COLLEGE: CENTRE FOR      ,CN,00000-0000,Private      ,1,0,1,3,0,3
03033200,SAINT PHILIP'S SEMINARY                 ,CN,00000-0000,Private      ,0,0,0,0,1,1
03033800,UNIVERSITY COLLEGE OF CAPE BRETON       ,CN,00000-0000,Public       ,0,0,0,3,2,5
03078300,VANCOUVER SCHOOL OF THEOLOGY            ,CN,00000-0000,Private      ,0,1,1,1,4,5
03273300,CANADIAN COLLEGE OF NATUROPATHIC ME     ,CN,00000-0000,Private      ,0,1,1,1,22,23
03298300,ALBERTA COLLEGE OF ART & DESIGN         ,CN,00000-0000,Public       ,6,4,10,21,10,31
03332500,KWANTLEN UNIVERSITY COLLEGE             ,CN,00000-0000,Public       ,0,2,2,4,7,11
03335400,CANADIAN UNIVERSITY COLLEGE             ,CN,00000-0000,Private      ,8,1,9,32,2,34
03339300,ST. STEPHENS UNIVERSITY                 ,CN,00000-0000,Private      ,1,0,1,6,2,8
03348500,REDEEMER UNIVERSITY COLLEGE             ,CN,00000-0000,Private      ,1,0,1,10,2,12
03408300,CANDIAN NAZARENE UNIVERSITY COLLEGE     ,CN,00000-0000,Private      ,0,1,1,4,2,6
03420300,HOLLAND COLLEGE                         ,CN,00000-0000,Public       ,0,1,1,1,1,2
03421300,LOYALIST COLLEGE OF APPLIED ARTS &      ,CN,00000-0000,Public       ,1,0,1,4,0,4
03435400,ROYAL ROADS UNIVERSITY                  ,CN,00000-0000,Public       ,0,0,0,1,1,2
03465300,NIPISSING UNIVERSITY                    ,CN,00000-0000,Public       ,0,1,1,1,1,2
03511300,CN CLG ACUPUNCTURE & ORIENTAL MED       ,CN,00000-0000,Private      ,0,1,1,0,9,9
03551300,INTERNATIONAL BIBLE COLLEGE             ,CN,00000-0000,Private      ,0,1,1,2,2,4
03560400,NIAGARA COLLEGE-WELLAND CAMPUS          ,CN,00000-0000,Public       ,1,0,1,5,4,9
03613300,UNIV OF NORTHERN BRITISH COLUMBIA       ,CN,00000-0000,Public       ,0,0,0,8,2,10
03644400,CANADIAN MENNONITE UNIVERSITY           ,CN,00000-0000,Private      ,1,1,2,10,2,12
03674400,CANADIAN SOUTHERN BAPTIST SEMINARY      ,CN,00000-0000,Private      ,0,0,0,0,2,2
03711300,CAPILANO UNIVERSITY                     ,CN,00000-0000,Public       ,2,4,6,7,10,17
03745300,BRITISH COLUMBIA INSTITUTE OF TECHNOLOGY,CN,00000-0000,Public       ,0,2,2,3,6,9
03846300,PACIFIC LIFE BIBLE COLLEGE              ,CN,00000-0000,Private      ,1,0,1,7,1,8
03847300,ATLANTIC BAPTIST UNIVERSITY             ,CN,00000-0000,Private      ,1,0,1,7,1,8
00814700,UNIVERSIDAD AUTONOMA DE GUADALAJARA     ,MX,00000-0000,Private      ,4,150,154,48,918,966
01041800,INST TEC Y DE ESTSUPER DE MONTERRE      ,MX,00000-0000,Private      ,8,11,19,69,46,115
01067600,UNIVERSIDAD DE MONTERREY                ,MX,00000-0000,Private      ,2,8,10,17,29,46
01093800,UNIVERSIDAD DE GUANAJUATO               ,MX,00000-0000,Public       ,1,2,3,13,16,29
01097600,INSTITUTO ALLENDE                       ,MX,00000-0000,Private      ,1,0,1,3,5,8
02053300,CENTRO DE ESTUDIOS UNIVERSITARIOS D     ,MX,00000-0000,Private      ,56,44,100,128,163,291
02283100,UNIVERSIDAD TECNOLOGICA DE MEXICO       ,MX,00000-0000,Proprietary  ,2,4,6,17,27,44
01001000,AMERICAN SAMOA CMNTY COLLEGE            ,AS,96799-2609,Public       ,799,128,927,1330,266,1596
01034300,COLLEGE OF MICRONESIA - FSM             ,FM,96941-0159,Public       ,959,358,1317,1692,485,2177
01100900,PALAU COMMUNITY COLLEGE                 ,PW,96940-0009,Public       ,155,74,229,677,263,940
03022400,COLLEGE OF THE MARSHALL ISLANDS         ,MH,96960-1258,Public       ,422,172,594,549,269,818
03033000,NORTHERN MARIANAS COLLEGE               ,MP,96950-0000,Public       ,186,123,309,297,223,520
