OPE ID,School,State,Zip Code,School Type,20092010Qtr5_Dependent Students,20092010Qtr5_Independent Students,Quarterly Total,YTD_20092010Qtr5_Dependent Students,YTD_20092010Qtr5_Independent Students,Award Year To Date Total
00100200,ALABAMA AGRCLTL & MECHL UNIV            ,AL,35762-1357,Public       ,102,118,220,5539,3120,8659
00100300,FAULKNER UNIVERSITY                     ,AL,36109-3398,Private      ,35,211,246,1424,3894,5318
00100400,UNIVERSITY OF MONTEVALLO                ,AL,35115-6000,Public       ,50,51,101,1967,1302,3269
00100500,ALABAMA STATE UNIVERSITY                ,AL,36101-0000,Public       ,195,171,366,7714,4739,12453
00100700,CENTRAL ALABAMA COMMUNITY COLLEGE       ,AL,35011-0000,Public       ,67,101,168,1348,2254,3602
00100800,ATHENS STATE UNIVERSITY                 ,AL,35611-1999,Public       ,18,107,125,622,3063,3685
00100900,AUBURN UNIVERSITY                       ,AL,36849-5113,Public       ,250,176,426,14428,5535,19963
00101200,BIRMINGHAM SOUTHERN COLLEGE             ,AL,35254-0002,Private      ,27,12,39,1858,373,2231
00101300,CALHOUN COMMUNITY COLLEGE               ,AL,35609-2216,Public       ,202,460,662,4517,7781,12298
00101500,ENTERPRISE STATE COMMUNITY COLLEGE      ,AL,36331-1300,Public       ,54,116,170,1219,1889,3108
00101600,UNIVERSITY OF NORTH ALABAMA             ,AL,35632-0001,Public       ,104,116,220,4174,2622,6796
00101700,GADSDEN STATE COMMUNITY COLLEGE         ,AL,35903-2269,Public       ,167,368,535,3143,6093,9236
00101800,GEORGE C WALLACE COMMUNITY COLLEGE      ,AL,36303-0943,Public       ,104,315,419,1929,4102,6031
00101900,HUNTINGDON COLLEGE                      ,AL,36106-2148,Private      ,22,28,50,1060,522,1582
00102000,JACKSONVILLE STATE UNIVERSITY           ,AL,36265-1602,Public       ,148,217,365,5971,5284,11255
00102100,JEFFERSON DAVIS COMMUNITY COLLEGE       ,AL,36427-2790,Public       ,39,82,121,647,1111,1758
00102200,JEFFERSON STATE COMMUNITY COLLEGE       ,AL,35215-3098,Public       ,134,420,554,3711,7234,10945
00102300,JUDSON COLLEGE                          ,AL,36756-2504,Private      ,5,8,13,318,125,443
00102400,UNIVERSITY OF WEST ALABAMA              ,AL,35470-0000,Public       ,47,271,318,1768,4915,6683
00102600,MARION MILITARY INSTITUTE               ,AL,36756-3214,Public       ,5,5,10,556,80,636
00102800,MILES COLLEGE                           ,AL,35064-2697,Private      ,57,53,110,2183,1367,3550
00102900,UNIVERSITY OF MOBILE                    ,AL,36613-0000,Private      ,24,78,102,1220,1580,2800
00103000,BISHOP STATE COMMUNITY COLLEGE          ,AL,36603-5898,Public       ,72,254,326,1815,4618,6433
00103001,BISHOP STATE COMM COLG-CARVER CMPS      ,AL,36617-0000,Public       ,3,23,26,144,420,564
00103002,BISHOP STAT COMM CLG-SW CMPS            ,AL,36605-0000,Public       ,3,14,17,84,191,275
00103100,NORTHEAST ALABAMA STATE CMNTY COLG      ,AL,35986-0159,Public       ,96,181,277,1381,2476,3857
00103300,OAKWOOD COLLEGE                         ,AL,35896-0001,Private      ,36,34,70,1803,741,2544
00103400,ALABAMA SOUTHERN COMMUNITY COLLEGE      ,AL,36460-5698,Public       ,52,54,106,1113,1340,2453
00103600,SAMFORD UNIVERSITY                      ,AL,35229-7000,Private      ,38,69,107,2776,2561,5337
00103800,SNEAD STATE COMMUNITY COLLEGE           ,AL,35957-0734,Public       ,50,115,165,1116,2011,3127
00104000,SOUTHERN UNION STATE COMMUNITY CLG      ,AL,36276-0000,Public       ,108,187,295,2932,3225,6157
00104100,SPRING HILL COLLEGE                     ,AL,36608-1791,Private      ,15,27,42,1822,598,2420
00104400,STILLMAN COLLEGE                        ,AL,35403-1430,Private      ,38,26,64,2215,534,2749
00104600,TALLADEGA COLLEGE                       ,AL,35160-2354,Private      ,9,18,27,581,345,926
00104700,TROY STATE UNIVERSITY                   ,AL,36082-0001,Public       ,215,1461,1676,7559,25604,33163
00105000,TUSKEGEE UNIVERSITY                     ,AL,36088-1645,Private      ,77,30,107,4667,1189,5856
00105100,UNIVERSITY OF ALABAMA (THE)             ,AL,35487-0120,Public       ,335,299,634,17314,8972,26286
00105200,UNIVERSITY OF ALABAMA AT BIRMINGHAM     ,AL,35294-1150,Public       ,153,336,489,7714,10161,17875
00105500,UNIVERSITY OF ALABAMA IN HUNTSVILLE     ,AL,35899-0001,Public       ,87,118,205,3978,3707,7685
00105700,UNIVERSITY OF SOUTH ALABAMA             ,AL,36688-0002,Public       ,144,327,471,7247,8982,16229
00105900,LAWSON STATE COMMUNITY COLLEGE          ,AL,35221-1798,Public       ,144,299,443,2465,4365,6830
00105901,LAWSON STATE COMMUNITY COLLEGE - BESSEME,AL,35021-0308,Public       ,21,78,99,454,1104,1558
00106000,FAULKNER STATE COMMUNITY COLLEGE        ,AL,36507-2698,Public       ,105,170,275,2638,3272,5910
00526000,J.F. DRAKE STATE TECH COLLEGE           ,AL,35811-1584,Public       ,42,121,163,427,1824,2251
00569100,SHELTON STATE COMMUNITY CLG             ,AL,35405-4017,Public       ,228,214,442,3795,4140,7935
00569200,REID STATE TECHNICAL COLLEGE            ,AL,36401-0000,Public       ,24,65,89,327,866,1193
00569700,NORTHWEST- SHOALS COMMUNITY COLLEGE     ,AL,35661-0000,Public       ,191,162,353,2054,2800,4854
00569702,NORTHWEST-SHOALS C.C.-PHIL CAMPBELL     ,AL,35581-0000,Public       ,25,14,39,242,297,539
00569900,GEORGE C WALLACE STATE CMTY COLLEGE     ,AL,36703-0000,Public       ,43,109,152,1108,1962,3070
00573300,BEVILL STATE CMTY COLLEGE-WALKER        ,AL,35148-0000,Public       ,81,175,256,1266,2593,3859
00573301,BEVILL STATE COMMUNITY COLLEGE - FAYETTE,AL,35555-0000,Public       ,27,33,60,485,791,1276
00573302,BEVILL STATE CMTY CLG-HAMILTON CAMP     ,AL,35570-0000,Public       ,9,20,29,204,393,597
00573305,BEVILL STATE CMTY CLG-WALKER CLG        ,AL,35501-0000,Public       ,8,33,41,375,594,969
00573400,H. COUNCILL TRENHOLM STATE TECH COLLEGE ,AL,36108-0020,Public       ,35,148,183,823,2185,3008
00573401,H. C. TRENHOLM ST TECH COL-PATTERSON CAM,AL,36116-2612,Public       ,20,26,46,366,678,1044
00787100,GEORGE C WALLACE STATE CMTY CLG         ,AL,35077-2000,Public       ,103,258,361,3139,4849,7988
00831000,AUBURN UNIVERSITY-MONTGOMERY            ,AL,36124-0000,Public       ,64,180,244,2953,4268,7221
00898800,LURLEEN B WALLACE COMMUNITY COLLEGE     ,AL,36420-0418,Public       ,68,114,182,929,1520,2449
01019300,HERZING COLLEGE                         ,AL,35209-4816,Proprietary  ,9,70,79,127,1062,1189
01055400,CONCORDIA COLLEGE                       ,AL,36701-3323,Private      ,21,16,37,597,446,1043
01218200,CHATTAHOOCHEE VALLEY CMTY CLG           ,AL,36869-7917,Public       ,38,100,138,871,1871,2742
01303906,SOUTH UNIVERSITY - MONTGOMERY           ,AL,36116-1120,Proprietary  ,33,160,193,331,1397,1728
02170600,UNITED STATES SPORTS ACADEMY            ,AL,36526-7055,Private      ,0,73,73,26,823,849
02199700,HERITAGE CHRISTIAN UNIVERSITY           ,AL,35630-0000,Private      ,0,3,3,21,81,102
02270400,SOUTHEASTERN BIBLE COLLEGE              ,AL,35244-2083,Private      ,1,8,9,111,203,314
02285000,PAUL MITCHELL THE SCHOOL HUNTSVILLE     ,AL,35758-0000,Proprietary  ,2,7,9,2,7,9
02296000,PRINCE INSTITUTE OF PROFESSIONAL STUDIES,AL,36117-0000,Proprietary  ,1,10,11,35,170,205
02341000,FORTIS COLLEGE                          ,AL,36609-0000,Proprietary  ,81,323,404,565,1481,2046
02341002,CAPPS COLLEGE - MONTGOMERY              ,AL,36109-3624,Proprietary  ,4,6,10,42,147,189
02341004,FORTIS COLLEGE - SCHOOL OF COSMETOLOGY  ,AL,36609-1981,Proprietary  ,2,5,7,20,61,81
02503400,AMRIDGE UNIVERSITY                      ,AL,36124-0000,Private      ,2,42,44,38,963,1001
02605500,REMINGTON COLLEGE - MOBILE CAMPUS       ,AL,36609-5593,Proprietary  ,85,339,424,653,2701,3354
03010600,VIRGINIA COLLEGE                        ,AL,35209-5154,Proprietary  ,313,3356,3669,2490,23692,26182
03010602,VIRGINIA COLLEGE - HUNTSVILLE           ,AL,35805-0000,Proprietary  ,31,173,204,292,1758,2050
03010607,VIRGINIA COLLEGE - MOBILE               ,AL,36606-4748,Proprietary  ,11,136,147,126,740,866
03010616,VIRGINIA COLLEGE - MONTGOMERY           ,AL,36117-2802,Proprietary  ,56,174,230,382,1483,1865
03032500,ALABAMA STATE CLG BARBER STYLING        ,AL,35215-8308,Proprietary  ,3,12,15,37,96,133
03361400,FORTIS COLLEGE                          ,AL,36535-3547,Proprietary  ,13,57,70,64,357,421
03459300,SOUTHEASTERN SCHOOL OF COSMETOLOGY      ,AL,35228-0000,Private      ,4,36,40,43,226,269
03783300,BLUE CLIFF CAREER COLLEGE               ,AL,63306-4749,Proprietary  ,11,36,47,87,256,343
03894300,HUNTSVILLE BIBLE COLLEGE                ,AL,35811-0000,Private      ,0,2,2,11,67,78
04066300,CARDIAC AND VASCULAR INSTITUTE OF ULTRAS,AL,36604-1411,Proprietary  ,1,8,9,7,59,66
04067300,SELMA UNIVERSITY                        ,AL,36701-0000,Private      ,6,27,33,57,291,348
04116500,MIMI'S BEAUTY ACADEMY OF COSMETOLOGY    ,AL,35810-3453,Proprietary  ,0,0,0,7,39,46
04121500,COLUMBIA SOUTHERN UNIVERSITY            ,AL,36561-3815,Proprietary  ,36,844,880,203,6118,6321
04149200,XCELL ACADEMY-A PAUL MITCHELL PARTNER SC,AL,35216-4990,Proprietary  ,18,21,39,76,138,214
00111100,ALLAN HANCOCK COLLEGE                   ,CA,93454-6399,Public       ,193,434,627,3329,4407,7736
00111300,ANTELOPE VALLEY COLLEGE                 ,CA,93536-5426,Public       ,315,670,985,5600,9863,15463
00111600,ART CENTER COLLEGE OF DESIGN            ,CA,91103-1999,Private      ,44,29,73,1242,1332,2574
00111700,AZUSA PACIFIC UNIVERSITY                ,CA,91702-7000,Private      ,111,484,595,6597,6352,12949
00111800,BAKERSFIELD COLLEGE                     ,CA,93305-1299,Public       ,316,673,989,8728,11058,19786
00111900,BARSTOW COMMUNITY COLLEGE               ,CA,92311-6608,Public       ,116,544,660,851,3779,4630
00112000,AMER BAPT SEM OF THE WEST-BERKELEY      ,CA,94704-0000,Private      ,0,6,6,2,63,65
00112100,BETHANY UNIVERSITY /  ASSEMBLIES OF GOD ,CA,95066-2896,Private      ,6,8,14,417,339,756
00112200,BIOLA UNIVERSITY                        ,CA,90639-0001,Private      ,67,81,148,5096,2279,7375
00112300,BROOKS INSTITUTE                        ,CA,93103-1809,Proprietary  ,37,55,92,1120,785,1905
00112400,CABRILLO COLLEGE                        ,CA,95003-3194,Public       ,248,511,759,3816,5210,9026
00112500,CALIFORNIA BAPTIST UNIVERSITY           ,CA,92504-3297,Private      ,54,113,167,3616,2621,6237
00112700,CALIFORNIA COLLEGE OF THE ARTS          ,CA,94107-2206,Private      ,23,25,48,1630,1726,3356
00113100,CALIFORNIA INSTITUTE OF TECHNOLOGY      ,CA,91125-0001,Private      ,24,8,32,2890,465,3355
00113200,CALIFORNIA INSTITUTE OF THE ARTS        ,CA,91355-2397,Private      ,19,15,34,1630,1366,2996
00113300,CALIFORNIA LUTHERAN UNIVERSITY          ,CA,91360-2787,Private      ,44,102,146,3079,1620,4699
00113400,CALIFORNIA MARITIME ACADEMY             ,CA,94590-8181,Public       ,18,11,29,668,276,944
00113700,CALIF STATE UNIV-FULLERTON              ,CA,92831-3599,Public       ,588,455,1043,32291,16810,49101
00113800,"CALIFORNIA STATE UNIVERSITY, EAST BAY   ",CA,94542-3000,Public       ,192,329,521,9703,10550,20253
00113900,CALIF STATE UNIV-LONG BEACH             ,CA,90840-0006,Public       ,648,439,1087,38510,18839,57349
00114000,CALIF STATE UNIV-LOS ANGELES            ,CA,90032-4226,Public       ,386,381,767,21988,17132,39120
00114100,"CALIF STATE UNIV, DOMINGUEZ HILLS       ",CA,90747-0001,Public       ,238,418,656,10243,11320,21563
00114200,CALIF STATE UNIV SAN BERNARDINO         ,CA,92407-2397,Public       ,224,280,504,14213,12478,26691
00114300,CAL POLY STATE UNIVERSITY               ,CA,93407-0001,Public       ,362,109,471,27530,3937,31467
00114400,CALIF STATE POLYTECHNIC UNIV POMONA     ,CA,91768-2500,Public       ,382,222,604,21509,8429,29938
00114600,CALIF STATE UNIV - CHICO                ,CA,95929-0001,Public       ,220,102,322,14204,5937,20141
00114700,CALIF STATE UNIV - FRESNO               ,CA,93740-8026,Public       ,226,217,443,17932,10432,28364
00114900,HUMBOLDT STATE UNIVERSITY               ,CA,95521-8299,Public       ,125,64,189,9370,4056,13426
00115000,CALIF STATE UNIV-SACRAMENTO             ,CA,95819-6044,Public       ,390,393,783,22215,16815,39030
00115100,SAN DIEGO STATE UNIVERSITY              ,CA,92182-1690,Public       ,724,437,1161,38713,16898,55611
00115300,CALIF STATE UNIV-NORTHRIDGE             ,CA,91330-8307,Public       ,450,510,960,27646,17985,45631
00115400,SAN FRANCISCO STATE UNIVERSITY          ,CA,94132-1740,Public       ,414,347,761,27817,18095,45912
00115500,SAN JOSE STATE UNIVERSITY               ,CA,95192-0036,Public       ,311,328,639,22519,15058,37577
00115600,SONOMA STATE UNIVERSITY                 ,CA,94928-3609,Public       ,129,90,219,8563,3261,11824
00115700,CALIF STATE UNIV-STANISLAUS             ,CA,95382-0299,Public       ,105,142,247,6931,5258,12189
00116100,CERRITOS COLLEGE                        ,CA,90650-6296,Public       ,466,688,1154,11656,10097,21753
00116200,CHABOT COLLEGE                          ,CA,94545-2400,Public       ,263,468,731,4516,6509,11025
00116300,CHAFFEY COLLEGE                         ,CA,91737-9400,Public       ,353,527,880,9676,11948,21624
00116400,CHAPMAN UNIVERSITY                      ,CA,92866-1099,Private      ,124,743,867,7079,9832,16911
00116415,CHAPMAN UNIVERSITY - IRVINE CAMPUS      ,CA,92618-3801,Private      ,0,0,0,0,1,1
00116453,CHAPMAN UNIVERSITY SCHOOL OF LAW        ,CA,92866-0000,Private      ,3,15,18,92,2101,2193
00116500,CHURCH DIV SCH OF THE PACIFIC           ,CA,94709-0000,Private      ,0,1,1,0,60,60
00116600,CITRUS COLLEGE                          ,CA,91741-1899,Public       ,373,459,832,6413,5619,12032
00116900,CLAREMONT GRADUATE UNIVERSITY           ,CA,91711-0000,Private      ,0,46,46,12,1950,1962
00117000,CLAREMONT MCKENNA COLLEGE               ,CA,91711-6400,Private      ,16,2,18,3129,128,3257
00117100,HARVEY MUDD COLLEGE                     ,CA,91711-5990,Private      ,14,0,14,1824,28,1852
00117200,PITZER COLLEGE                          ,CA,91711-6101,Private      ,27,0,27,2879,145,3024
00117300,POMONA COLLEGE                          ,CA,91711-6301,Private      ,32,3,35,4338,130,4468
00117400,SCRIPPS COLLEGE                         ,CA,91711-3948,Private      ,11,4,15,1588,77,1665
00117600,WEST HILLS COMMUNITY COLLEGE            ,CA,93210-1399,Public       ,49,109,158,1140,1366,2506
00117700,COGSWELL POLYTECHNICAL COLLEGE          ,CA,94089-1210,Private      ,4,1,5,122,71,193
00117800,COLLEGE OF MARIN                        ,CA,94904-2590,Public       ,81,241,322,833,2124,2957
00117801,COLG OF MARIN-INDIAN VALLEY CMPS        ,CA,94949-0000,Public       ,4,16,20,23,122,145
00117900,NOTRE DAME DE NAMUR UNIVERSITY          ,CA,94002-1997,Private      ,15,57,72,1028,997,2025
00118100,COLLEGE OF SAN MATEO                    ,CA,94402-3784,Public       ,134,245,379,1942,2348,4290
00118200,COLLEGE OF THE DESERT                   ,CA,92260-9305,Public       ,184,302,486,3852,4394,8246
00118300,HOLY NAMES UNIVERSITY                   ,CA,94619-1699,Private      ,11,33,44,703,776,1479
00118500,COLLEGE OF THE REDWOODS                 ,CA,95501-9300,Public       ,110,312,422,2613,4668,7281
00118600,COLLEGE OF THE SEQUOIAS                 ,CA,93277-2234,Public       ,303,657,960,5642,7437,13079
00118700,COLLEGE OF THE SISKIYOUS                ,CA,96094-2899,Public       ,34,88,122,998,1341,2339
00118701,COLLEGE OF THE SISKIYOUS - YREKA CENTER ,CA,96097-9538,Public       ,3,10,13,44,145,189
00119000,CONTRA COSTA COLLEGE                    ,CA,94806-3195,Public       ,150,394,544,1973,3579,5552
00119100,DIABLO VALLEY COLLEGE                   ,CA,94523-1544,Public       ,304,482,786,4051,4518,8569
00119200,CUESTA COLLEGE                          ,CA,93403-8106,Public       ,183,296,479,3554,3522,7076
00119300,CYPRESS COLLEGE                         ,CA,90630-5897,Public       ,317,480,797,5879,6525,12404
00119600,DOMINICAN UNIVERSITY OF CALIFORNIA      ,CA,94901-2298,Private      ,37,42,79,2141,1365,3506
00119700,EL CAMINO COLLEGE                       ,CA,90506-0002,Public       ,620,953,1573,9602,9431,19033
00119701,COMPTON COMMUNITY COLLEGE               ,CA,90221-5393,Public       ,179,616,795,1653,4048,5701
00119900,FOOTHILL COLLEGE                        ,CA,94022-4597,Public       ,127,251,378,1964,3046,5010
00120000,FULLER THEOLOGICAL SEMINARY             ,CA,91182-0000,Private      ,1,65,66,12,2267,2279
00120100,FULLERTON COLLEGE                       ,CA,92832-2095,Public       ,438,511,949,8577,6611,15188
00120200,GAVILAN COLLEGE                         ,CA,95020-9599,Public       ,108,185,293,1480,1913,3393
00120300,GLENDALE COMMUNITY COLLEGE              ,CA,91208-2894,Public       ,454,723,1177,6544,7149,13693
00120400,GOLDEN GATE BAPT THEOL SEMINARY         ,CA,94941-0000,Private      ,0,1,1,1,57,58
00120500,GOLDEN GATE UNIVERSITY                  ,CA,94105-2967,Private      ,7,132,139,88,3943,4031
00120600,GOLDEN WEST COLLEGE                     ,CA,92647-2748,Public       ,272,476,748,5521,5792,11313
00120700,GRADUATE THEOLOGICAL UNION              ,CA,94709-0000,Private      ,0,9,9,0,344,344
00120800,GROSSMONT COLLEGE                       ,CA,92020-1798,Public       ,315,597,912,6068,7908,13976
00120900,HARTNELL COMMUNITY COLLEGE              ,CA,93901-1697,Public       ,191,320,511,2823,2852,5675
00121200,HUMPHREYS COLLEGE                       ,CA,95207-3896,Private      ,37,115,152,232,1174,1406
00121400,IMPERIAL VALLEY COLLEGE                 ,CA,92251-9787,Public       ,318,457,775,4366,3895,8261
00121500,LA SIERRA UNIVERSITY                    ,CA,92515-3332,Private      ,43,49,92,1839,801,2640
00121600,UNIVERSITY OF LA VERNE                  ,CA,91750-4443,Private      ,61,410,471,2495,6593,9088
00121700,LASSEN COLLEGE                          ,CA,96130-3000,Public       ,17,88,105,407,777,1184
00121800,LOMA LINDA UNIVERSITY                   ,CA,92350-0001,Private      ,20,94,114,757,5003,5760
00121900,LONG BEACH CITY COLLEGE                 ,CA,90808-1780,Public       ,572,1146,1718,11648,14849,26497
00122000,MASTER'S COLLEGE & SEMINARY (THE)       ,CA,91321-1200,Private      ,7,28,35,1084,371,1455
00122300,LOS ANGELES CITY COLLEGE                ,CA,90029-3588,Public       ,384,944,1328,5592,9911,15503
00122400,LOS ANGELES HARBOR COLLEGE              ,CA,90744-2397,Public       ,288,544,832,2992,4091,7083
00122600,LOS ANGELES PIERCE COLLEGE              ,CA,91371-0001,Public       ,532,694,1226,7820,7119,14939
00122700,LOS ANGELES TRADE TECH COLLEGE          ,CA,90015-4181,Public       ,346,984,1330,3876,8428,12304
00122800,LOS ANGELES VALLEY COLLEGE              ,CA,91401-4096,Public       ,468,879,1347,5793,7296,13089
00122900,SO CA UNIV  HEALTH SCIENCES             ,CA,90604-4051,Private      ,3,46,49,25,671,696
00123000,SOUTHERN CA COLLEGE OF OPTOMETRY        ,CA,92831-1699,Private      ,0,2,2,8,478,486
00123200,AMERICAN RIVER COLLEGE                  ,CA,95841-4286,Public       ,529,1309,1838,9634,18527,28161
00123300,SACRAMENTO CITY COLLEGE                 ,CA,95822-1386,Public       ,451,975,1426,9717,14045,23762
00123600,MENLO COLLEGE                           ,CA,94027-4301,Private      ,22,8,30,994,165,1159
00123700,MERCED COMMUNITY COLLEGE                ,CA,95348-2898,Public       ,283,432,715,5261,5607,10868
00123800,MILLS COLLEGE                           ,CA,94613-1301,Private      ,15,35,50,1513,1606,3119
00123900,MIRACOSTA COLLEGE                       ,CA,92056-3899,Public       ,181,365,546,2576,4232,6808
00124000,MODESTO JUNIOR COLLEGE                  ,CA,95350-5800,Public       ,354,584,938,8391,10679,19070
00124200,MONTEREY PENINSULA COLLEGE              ,CA,93940-4799,Public       ,129,236,365,1984,2218,4202
00124300,MOUNT ST MARYS COLLEGE                  ,CA,90049-1599,Private      ,41,80,121,2063,1929,3992
00124500,MT. SAN ANTONIO COLLEGE                 ,CA,91789-1399,Public       ,917,1194,2111,13398,11113,24511
00124600,MT SAN JACINTO COLLEGE                  ,CA,92583-2399,Public       ,429,995,1424,6480,10889,17369
00124700,NAPA VALLEY COLLEGE                     ,CA,94558-6236,Public       ,118,210,328,1879,2440,4319
00124900,OCCIDENTAL COLLEGE                      ,CA,90041-3314,Private      ,42,7,49,4814,229,5043
00125000,ORANGE COAST COLLEGE - FIN AID OFF      ,CA,92628-5005,Public       ,423,581,1004,9781,7683,17464
00125100,OTIS COLLEGE OF ART AND DESIGN          ,CA,90045-3505,Private      ,28,17,45,1458,680,2138
00125200,HOPE INTERNATIONAL UNIVERSITY           ,CA,92631-0000,Private      ,12,53,65,609,743,1352
00125300,FRESNO PACIFIC UNIVERSITY               ,CA,93702-4798,Private      ,46,241,287,1479,2476,3955
00125302,FRESNO PACIFIC UNIVERSITY - VISALIA CENT,CA,93277-8341,Private      ,0,0,0,28,160,188
00125303,FRESNO PACIFIC UNIVERSITY - BAKERSFIELD ,CA,93301-4533,Private      ,0,0,0,42,164,206
00125400,PACIFIC LUTHERAN THEOLOGICAL SEM        ,CA,94708-0000,Private      ,0,1,1,0,98,98
00125500,PACIFIC OAKS COLLEGE                    ,CA,91103-3592,Private      ,1,20,21,13,542,555
00125600,PACIFIC SCHOOL OF RELIGION              ,CA,94709-0000,Private      ,0,4,4,0,178,178
00125800,PACIFIC UNION COLLEGE                   ,CA,94508-9797,Private      ,29,22,51,1411,487,1898
00125900,PALO VERDE COLLEGE                      ,CA,92225-0000,Public       ,14,48,62,241,571,812
00126000,PALOMAR COLLEGE                         ,CA,92069-1486,Public       ,304,494,798,6464,6865,13329
00126100,PASADENA CITY COLLEGE                   ,CA,91106-2003,Public       ,721,1030,1751,13708,9831,23539
00126200,POINT LOMA NAZARENE UNIVERSITY          ,CA,92106-2899,Private      ,50,111,161,3599,1491,5090
00126600,LANEY COLLEGE                           ,CA,94607-4893,Public       ,216,643,859,3306,7076,10382
00126700,MERRITT COLLEGE                         ,CA,94619-3196,Public       ,86,401,487,1469,3884,5353
00126800,PORTERVILLE COLLEGE                     ,CA,93257-6059,Public       ,83,222,305,1821,2708,4529
00126900,RIO HONDO COLLEGE                       ,CA,90601-1699,Public       ,361,469,830,7617,6769,14386
00127000,RIVERSIDE COMMUNITY COLLEGE             ,CA,92506-1299,Public       ,1332,2102,3434,18729,22805,41534
00127200,SAN BERNARDINO VALLEY COLLEGE           ,CA,92410-2798,Public       ,284,721,1005,5764,11033,16797
00127300,SAN DIEGO CITY COLLEGE                  ,CA,92101-4787,Public       ,314,886,1200,6126,11771,17897
00127500,SAN DIEGO MESA COLLEGE                  ,CA,92111-4996,Public       ,347,595,942,6817,8609,15426
00127800,SAN FRANCISCO CONSERVATORY OF MUSIC     ,CA,94122-4498,Private      ,1,2,3,323,372,695
00127900,SAN FRANCISCO THEOLOGICAL SEMINARY      ,CA,94960-0000,Private      ,0,4,4,1,105,106
00128000,SAN JOAQUIN DELTA COLLEGE               ,CA,95207-6370,Public       ,404,646,1050,8577,11629,20206
00128100,WILLIAM JESSUP UNIVERSITY               ,CA,95765-3707,Private      ,11,43,54,549,421,970
00128200,SAN JOSE CITY COLLEGE                   ,CA,95128-2797,Public       ,224,490,714,3199,5360,8559
00128400,SANTA ANA COLLEGE                       ,CA,92706-3398,Public       ,355,665,1020,5362,5963,11325
00128500,SANTA BARBARA CITY COLLEGE              ,CA,93109-2394,Public       ,307,376,683,5607,4653,10260
00128600,SANTA MONICA COLLEGE                    ,CA,90405-1644,Public       ,640,796,1436,12607,8963,21570
00128700,SANTA ROSA JUNIOR COLLEGE               ,CA,95401-4395,Public       ,283,549,832,4833,6859,11692
00128800,CLAREMONT SCHOOL OF THEOLOGY            ,CA,91711-0000,Private      ,0,4,4,4,188,192
00128900,SHASTA COLLEGE                          ,CA,96049-7692,Public       ,174,365,539,3646,5717,9363
00129000,SIERRA COLLEGE                          ,CA,95677-3397,Public       ,370,586,956,6140,8005,14145
00129100,SIMPSON UNIVERSITY                      ,CA,96003-8606,Private      ,17,26,43,1094,881,1975
00129200,SOLANO COMMUNITY COLLEGE                ,CA,94534-3197,Public       ,217,458,675,2991,5612,8603
00129300,VANGUARD UNIVERSITY OF SOUTHERN CA      ,CA,92626-6597,Private      ,22,69,91,1785,927,2712
00129400,SOUTHWESTERN COLLEGE                    ,CA,91910-7299,Public       ,311,414,725,8006,6756,14762
00129500,SOUTHWESTERN LAW SCHOOL                 ,CA,90010-1106,Private      ,0,24,24,19,2710,2729
00129600,DOMINICAN SCH PHILOSOPHY & THEOLOGY     ,CA,94709-0000,Private      ,0,1,1,2,42,44
00129900,ST JOHN'S SEMINARY COLLEGE              ,CA,93010-0000,Private      ,0,0,0,0,2,2
00130200,SAINT MARY'S COLLEGE OF CALIFORNIA      ,CA,94556-2744,Private      ,54,101,155,3739,1520,5259
00130500,STANFORD UNIVERSITY                     ,CA,94305-6106,Private      ,198,146,344,20798,3781,24579
00130501,STANFORD UNIVERSITY - GRADUATE SCHOOL OF,CA,94305-5301,Private      ,3,18,21,135,689,824
00130502,STANFORD UNIVERSITY - GRADUATE SCHOOL OF,CA,94305-5015,Private      ,6,20,26,66,1137,1203
00130503,STANFORD UNIVERSITY - STANFORD LAW SCHOO,CA,94305-3096,Private      ,5,9,14,45,2274,2319
00130700,FRESNO CITY COLLEGE                     ,CA,93741-0002,Public       ,425,973,1398,13645,16877,30522
00130800,REEDLEY COLLEGE                         ,CA,93654-2099,Public       ,214,348,562,5376,5421,10797
00130900,TAFT COLLEGE                            ,CA,93268-2317,Public       ,50,113,163,917,1274,2191
00131200,UNIVERSITY OF CALIFORNIA-BERKELEY       ,CA,94720-1520,Public       ,505,426,931,46801,19420,66221
00131300,UNIVERSITY OF CALIFORNIA-DAVIS          ,CA,95616-8558,Public       ,513,193,706,44511,13750,58261
00131400,UNIVERSITY OF CALIFORNIA-IRVINE         ,CA,92697-2825,Public       ,623,268,891,46543,12548,59091
00131500,UNIVERSITY OF CALIFORNIA (UCLA)         ,CA,90095-9000,Public       ,754,524,1278,57270,26188,83458
00131502,UNIV OF CALIFORNIA LOS ANG SCH MED      ,CA,90095-0000,Public       ,4,6,10,174,913,1087
00131503,UNIV OF CALIFORNIA LOS ANG DENTAL       ,CA,90095-0000,Public       ,2,2,4,23,127,150
00131600,UNIVERSITY OF CALIFORNIA-RIVERSIDE      ,CA,92521-0209,Public       ,393,195,588,29317,7034,36351
00131700,UNIVERSITY OF CALIFORNIA-SAN DIEGO      ,CA,92093-0013,Public       ,458,172,630,42696,8926,51622
00131900,UNIVERSITY OF CALIFORNIA-SFRANCISCO     ,CA,94143-0246,Public       ,20,47,67,611,3416,4027
00132000,UNIVERSITY OF CALIFORNIA-SANTA BARB     ,CA,93106-3180,Public       ,503,137,640,41597,6620,48217
00132100,UNIVERSITY OF CALIFORNIA-SANTA CRUZ     ,CA,95064-0001,Public       ,358,120,478,27270,4228,31498
00132200,UNIVERSITY OF REDLANDS                  ,CA,92373-0999,Private      ,53,264,317,3914,2595,6509
00132500,UNIVERSITY OF SAN FRANCISCO             ,CA,94117-1080,Private      ,127,301,428,7912,7433,15345
00132600,SANTA CLARA UNIVERSITY                  ,CA,95053-4956,Private      ,85,119,204,8308,4949,13257
00132604,JESUIT SCHOOL OF THEOLOGY - BERKELEY    ,CA,94709-1193,Private      ,0,1,1,1,53,54
00132800,UNIVERSITY OF SOUTHERN CALIFORNIA       ,CA,90089-0914,Private      ,304,516,820,29317,22422,51739
00132900,UNIVERSITY OF THE PACIFIC               ,CA,95211-0197,Private      ,121,50,171,9660,3050,12710
00132901,UNIVERSITY OF THE PACIFIC - MCGEORGE SCH,CA,95817-2799,Private      ,2,21,23,24,2399,2423
00132902,UNIV OF THE PACIFIC SCH OF DENT         ,CA,94115-0000,Private      ,0,0,0,25,567,592
00133400,VENTURA COLLEGE                         ,CA,93003-3899,Public       ,204,341,545,4648,4223,8871
00133500,VICTOR VALLEY COLLEGE                   ,CA,92395-5849,Public       ,484,1077,1561,5553,10623,16176
00133800,WEST VALLEY COLLEGE                     ,CA,95070-5697,Public       ,173,256,429,2090,2695,4785
00134100,WESTMONT COLLEGE                        ,CA,93108-1099,Private      ,22,2,24,2120,80,2200
00134200,WHITTIER COLLEGE                        ,CA,90601-4413,Private      ,32,21,53,2542,374,2916
00134201,WHITTIER COLLEGE - COLLEGE OF LAW       ,CA,92626-1501,Private      ,1,10,11,10,1522,1532
00134300,WOODBURY UNIVERSITY                     ,CA,91510-7846,Private      ,19,40,59,1094,913,2007
00134400,YUBA COLLEGE                            ,CA,95901-7699,Public       ,181,480,661,3649,6287,9936
00177212,TRINITY INTERNATIONAL UNIV-CA           ,CA,92705-0000,Private      ,0,12,12,4,219,223
00274100,AMERICAN JEWISH UNIVERSITY              ,CA,90077-1599,Private      ,3,4,7,83,167,250
00301002,ANTIOCH UNIV/LOS ANGELES                ,CA,90230-7615,Private      ,3,81,84,42,1067,1109
00301003,ANTIOCH  UNIV/SANTA BARBARA             ,CA,93101-0000,Private      ,8,15,23,392,495,887
00369110,MIDDLEBURY COLLEGE - MONTEREY INSTITUTE ,CA,93940-2691,Private      ,1,12,13,28,951,979
00394700,UC-HASTINGS COLLEGE OF THE LAW          ,CA,94102-0000,Public       ,1,23,24,18,4284,4302
00394800,SAN FRANCISCO ART INSTITUTE             ,CA,94133-2299,Private      ,30,23,53,1212,942,2154
00405500,HEBREW UNION COLLEGE - JEWISH INSTITUTE ,CA,90007-3796,Private      ,0,0,0,2,83,85
00408000,STARR KING SCHOOL FOR THE MINISTRY      ,CA,94709-1299,Private      ,0,2,2,0,73,73
00448000,DE ANZA COLLEGE                         ,CA,95014-5793,Public       ,349,457,806,6379,5284,11663
00448100,OHLONE COLLEGE                          ,CA,94539-5847,Public       ,143,205,348,2388,2481,4869
00448101,OHLONE COLLEGE - NEWARK CENTER FOR HEALT,CA,94560-4902,Public       ,10,11,21,53,109,162
00448400,JOHN F. KENNEDY UNIVERSITY              ,CA,94523-4817,Private      ,7,70,77,29,1737,1766
00449000,PATTEN UNIVERSITY                       ,CA,94601-2699,Private      ,6,47,53,219,478,697
00449400,EVEREST COLLEGE                         ,CA,92408-3752,Proprietary  ,74,240,314,542,1446,1988
00450200,CITY COLLEGE OF SAN FRANCISCO           ,CA,94112-0000,Public       ,474,1086,1560,8379,12828,21207
00563800,DOWNEY ADULT SCHOOL                     ,CA,90241-5610,Public       ,8,24,32,48,124,172
00565500,HACIENDA LA PUENTE ADULT EDUC CTR       ,CA,91746-0000,Public       ,19,103,122,134,611,745
00616500,LA CNTY CLG OF NURSING & ALLD HLTH      ,CA,90033-1018,Public       ,4,26,30,86,418,504
00672000,COLLEGE OF ALAMEDA                      ,CA,94501-2109,Public       ,133,294,427,1653,2563,4216
00673100,CASA LOMA COLLEGE                       ,CA,91405-4523,Private      ,26,91,117,208,650,858
00686300,VENTURA COUNTY CMTY CLG DISTRICT        ,CA,93010-8552,Public       ,0,4,4,27,26,53
00697300,CANADA COLLEGE                          ,CA,94061-1099,Public       ,77,173,250,726,1505,2231
00697500,LINCOLN UNIVERSITY                      ,CA,94612-2801,Private      ,1,5,6,12,85,97
00701200,SAMUEL MERRITT COLLEGE                  ,CA,94609-3108,Private      ,6,57,63,308,2243,2551
00704700,LOS ANGELES SOUTHWEST COLLEGE           ,CA,90047-4810,Public       ,225,752,977,2540,6307,8847
00705000,BAY VISTA COLLEGE OF BEAUTY             ,CA,91950-3616,Proprietary  ,16,36,52,88,210,298
00711500,MOORPARK COLLEGE                        ,CA,93021-1695,Public       ,178,213,391,3232,2772,6004
00713000,NEWBERRY SCHOOLS OF BEAUTY              ,CA,91344-7404,Proprietary  ,14,13,27,76,109,185
00714200,LYLE'S COLLEGE OF BEAUTY                ,CA,93710-3948,Proprietary  ,6,28,34,89,223,312
00714201,LYLE'S CLG OF BTY BAKERSFIELD           ,CA,93301-0000,Proprietary  ,1,3,4,41,68,109
00716400,BRYAN COLLEGE                           ,CA,90057-0000,Proprietary  ,18,143,161,149,1122,1271
00717801,WESTERN SEMINARY - BAY AREA CENTER      ,CA,95032-0000,Private      ,0,1,1,2,28,30
00717804,WESTERN SEMINARY - SACRAMENTO           ,CA,95821-3939,Private      ,0,5,5,8,46,54
00718700,NORTH ADRIAN'S COLLEGE OF BEAUTY        ,CA,95350-2381,Proprietary  ,35,58,93,197,297,494
00719000,WYOTECH                                 ,CA,94539-7663,Proprietary  ,170,350,520,972,2050,3022
00719001,WYOTECH - SIERRA CAMPUS                 ,CA,94621-4523,Proprietary  ,0,0,0,31,18,49
00720300,SALON SUCCESS ACADEMY                   ,CA,91786-4060,Proprietary  ,18,20,38,92,150,242
00720400,MODERN BEAUTY ACADEMY                   ,CA,93030-7016,Proprietary  ,6,5,11,41,47,88
00722900,WESTERN BEAUTY INSTITUTE                ,CA,91402-3104,Proprietary  ,51,108,159,242,614,856
00723400,HEALD COLLEGE                           ,CA,94105-2206,Proprietary  ,100,283,383,639,1795,2434
00723600,ART INST OF CALIFORNIA-LOS ANGELES      ,CA,90405-3035,Proprietary  ,354,479,833,5761,4853,10614
00725300,FEDERICO BEAUTY INSTITUTE               ,CA,95834-1905,Proprietary  ,18,42,60,199,304,503
00729600,COLEMAN COLLEGE                         ,CA,92123-0000,Private      ,20,78,98,178,751,929
00746501,AMERICAN ACADEMY OF DRAMATIC ARTS - HOLL,CA,90028-7504,Private      ,5,2,7,207,113,320
00747600,MARINELLO SCHOOLS OF BEAUTY             ,CA,90023-2666,Proprietary  ,165,371,536,1024,2155,3179
00747602,MARINELLO SCHOOLS OF BEAUTY - SPA ACADEM,CA,90048-5101,Proprietary  ,2,6,8,38,50,88
00747603,MARINELLO SCHOOLS OF BEAUTY - INGLEWOOD ,CA,90301-2306,Proprietary  ,0,6,6,13,21,34
00747604,MARINELLO SCHOOLS OF BEAUTY - RESEDA    ,CA,91335-4218,Proprietary  ,0,2,2,10,22,32
00747605,MARINELLO SCHOOLS OF BEAUTY - NORTH HOLL,CA,91606-3210,Proprietary  ,0,1,1,13,18,31
00747606,MARINELLO SCHOOLS OF BEAUTY - WEST COVIN,CA,91790-2805,Proprietary  ,1,1,2,12,12,24
00747607,MARINELLO SCHOOLS OF BEAUTY - SAN BERNAR,CA,92410-3261,Proprietary  ,2,3,5,32,35,67
00747608,MARINELLO SCHOOLS OF BEAUTY - ONTARIO   ,CA,91762-2113,Proprietary  ,3,7,10,50,66,116
00747609,MARINELLO SCHOOLS OF BEAUTY - WHITTIER  ,CA,90601-4107,Proprietary  ,1,2,3,23,27,50
00747611,MARINELLO SCHOOLS OF BEAUTY - SAN DIEGO ,CA,92126-4217,Proprietary  ,5,15,20,51,71,122
00747700,"HEALD COLLEGE,SCHOOLS OF BUS & TECH     ",CA,95670-6005,Proprietary  ,69,240,309,503,1662,2165
00753100,ACADEMY OF ART UNIVERSITY               ,CA,94105-3410,Proprietary  ,391,940,1331,7052,12112,19164
00753600,COSUMNES RIVER COLLEGE                  ,CA,95823-5799,Public       ,284,527,811,5347,6740,12087
00754802,WESTWOOD COLLEGE OF TECHNOLOGY          ,CA,92801-0000,Proprietary  ,83,86,169,1345,826,2171
00754803,WESTWOOD COLLEGE OF TECHNOLOGY          ,CA,91786-0000,Proprietary  ,83,91,174,1209,1056,2265
00760600,EVEREST COLLEGE                         ,CA,90010-2221,Proprietary  ,52,135,187,372,741,1113
00760700,CONCORDE CAREER INSTITUTE               ,CA,91606-3134,Proprietary  ,81,136,217,461,801,1262
00770700,COLUMBIA COLLEGE                        ,CA,95370-8580,Public       ,45,84,129,920,1314,2234
00771300,SKYLINE COLLEGE                         ,CA,94066-1698,Public       ,177,226,403,2339,2593,4932
00793000,CONCORDE CAREER INSTITUTE               ,CA,92108-0000,Proprietary  ,60,153,213,344,1119,1463
00799300,CALIF STATE UNIV BAKERSFIELD            ,CA,93311-1022,Public       ,111,210,321,5971,5847,11818
00807100,CONCORDE CAREER INSTITUTE               ,CA,92840-9201,Proprietary  ,56,152,208,420,1032,1452
00807300,BUTTE COMMUNITY COLLEGE                 ,CA,95965-0000,Public       ,296,543,839,5600,7458,13058
00809000,EVEREST COLLEGE                         ,CA,91803-1310,Proprietary  ,66,141,207,352,761,1113
00809300,HEALD COLLEGE                           ,CA,93704-1706,Proprietary  ,105,328,433,942,2339,3281
00853200,HEALD COLLEGE                           ,CA,94545-2352,Proprietary  ,127,322,449,914,2210,3124
00853700,CONCORDE CAREER INSTITUTE               ,CA,92401-0000,Proprietary  ,65,180,245,484,1287,1771
00859600,WEST LOS ANGELES COLLEGE                ,CA,90230-3500,Public       ,283,737,1020,2614,5531,8145
00859700,FEATHER RIVER COLLEGE                   ,CA,95971-9124,Public       ,24,56,80,678,593,1271
00884400,CALIFORNIA CHRISTIAN COLLEGE            ,CA,93703-3599,Private      ,2,4,6,39,43,82
00884600,WRIGHT INSTITUTE                        ,CA,94704-0000,Private      ,0,7,7,0,474,474
00890300,COLLEGE OF THE CANYONS                  ,CA,91355-1899,Public       ,405,453,858,4020,3673,7693
00891800,SADDLEBACK COLLEGE                      ,CA,92692-3699,Public       ,175,320,495,3273,4290,7563
00902200,ASSOCIATED TECHNICAL COLLEGE            ,CA,90017-0000,Proprietary  ,64,179,243,270,823,1093
00903200,EMPIRE COLLEGE                          ,CA,95403-2122,Proprietary  ,29,95,124,167,566,733
00915706,WYOMING TECHNICAL INSTITUTE - WEST SACRA,CA,95605-1507,Proprietary  ,162,301,463,1105,1629,2734
00927200,CRAFTON HILLS COLLEGE                   ,CA,92399-1799,Public       ,122,204,326,2545,3115,5660
00932500,ABRAM FRIEDMAN OCCUP CTR                ,CA,90015-3507,Public       ,3,13,16,40,104,144
00950900,SKILLS & BUSINESS EDUCATION CENTER      ,CA,95824-1529,Public       ,25,142,167,209,1228,1437
00974800,WESTERN CAREER COLLEGE                  ,CA,95826-3203,Proprietary  ,118,418,536,787,2400,3187
00974801,WESTERN CAREER COLLEGE - SAN LEANDRO CAM,CA,94578-3711,Proprietary  ,55,151,206,461,1191,1652
00974802,WESTERN CAREER COLLEGE - PLEASANT HILL C,CA,94523-1984,Proprietary  ,50,88,138,294,677,971
00974803,WESTERN CAREER COLLEGE - STOCKTON       ,CA,95207-5509,Proprietary  ,69,107,176,439,730,1169
00974804,WESTERN CAREER COLLEGE - CITRUS HEIGHTS ,CA,95621-5577,Proprietary  ,47,156,203,380,1182,1562
00974806,WESTERN CAREER COLLEGE -  ANTIOCH/WALNUT,CA,94531-1604,Proprietary  ,29,107,136,295,746,1041
00974807,WESTERN CAREER COLLEGE - SAN JOSE       ,CA,95119-1325,Proprietary  ,69,180,249,675,1557,2232
00974808,WESTERN CAREER COLLEGE - EMERYVILLE     ,CA,94608-3006,Proprietary  ,19,67,86,166,515,681
00974810,WESTERN CAREER COLLEGE - CONCORD        ,CA,94520-5671,Proprietary  ,1,4,5,23,45,68
00998900,SANTA BARBARA BUSINESS COLLEGE          ,CA,93111-0000,Proprietary  ,31,81,112,225,600,825
01011100,CERRO-COSO COMMUNITY COLLEGE            ,CA,93555-9571,Public       ,50,218,268,615,1864,2479
01014225,TOURO CLG OSEOPATHIC MEDICINE           ,CA,94592-1115,Private      ,1,13,14,17,704,721
01014900,PEPPERDINE UNIVERSITY                   ,CA,90263-0000,Private      ,104,231,335,6256,7218,13474
01034000,LOS MEDANOS COLLEGE                     ,CA,94565-5197,Public       ,241,430,671,2645,4320,6965
01036500,CHARLES R DREW UNIV OF MED & SCI        ,CA,90059-0000,Private      ,1,17,18,59,521,580
01036800,MENNONITE BRETHREN BIBLICAL SEM         ,CA,93727-0000,Private      ,0,2,2,1,65,66
01037500,HARBOR OCCUPATIONAL CENTER              ,CA,90731-0000,Public       ,0,0,0,22,29,51
01039500,UNIVERSITY OF SAN DIEGO                 ,CA,92110-2492,Private      ,171,151,322,13102,4057,17159
01039501,UNIVERSITY OF SAN DIEGO - SCHOOL OF LAW ,CA,92110-2492,Private      ,27,33,60,164,3448,3612
01044100,PARDEE RAND GRADUATE SCHOOL             ,CA,90407-2138,Private      ,0,2,2,0,26,26
01047400,MARYMOUNT COLLEGE OF PALOS VERDES       ,CA,90275-0000,Private      ,21,6,27,593,74,667
01057900,WEST VALLEY OCCUPATIONAL CTR            ,CA,91367-0000,Public       ,0,0,0,61,100,161
01072706,DEVRY INST. TECH.                       ,CA,91768-0000,Proprietary  ,16,43,59,16,43,59
01083200,WESTERN STATE UNIV COLLEGE OF LAW       ,CA,92831-3014,Proprietary  ,2,15,17,9,1055,1064
01085400,THOMAS JEFFERSON SCHOOL OF LAW          ,CA,92110-0000,Private      ,0,23,23,11,2175,2186
01102400,EVEREST COLLEGE                         ,CA,94103-2091,Proprietary  ,43,152,195,248,621,869
01110700,EVEREST  COLLEGE                        ,CA,92801-5231,Proprietary  ,105,204,309,526,1241,1767
01110900,EVEREST COLLEGE                         ,CA,91335-4631,Proprietary  ,102,163,265,511,919,1430
01111200,FIDM-FASHION INSTITUTE OF DESIGN        ,CA,90015-1421,Proprietary  ,253,160,413,6432,2404,8836
01111700,ALLIANT INTERNATIONAL UNIVERSITY        ,CA,92131-1799,Private      ,3,83,86,87,2618,2705
01111705,ALLIANT INTERNATIONAL UNIVERSITY - LOS A,CA,91803-1360,Private      ,0,8,8,11,601,612
01111706,ALLIANT INTERNATIONAL UNIVERSITY - SAN F,CA,94133-1221,Private      ,2,33,35,12,701,713
01111707,ALLIANT INTERNATIONAL UNIVERSITY - FRESN,CA,93727-2014,Private      ,0,17,17,17,428,445
01112100,EVEREST COLLEGE                         ,CA,94541-4007,Proprietary  ,34,163,197,162,753,915
01112300,EVEREST COLLEGE                         ,CA,90247-4163,Proprietary  ,74,249,323,335,1146,1481
01146000,NATIONAL UNIVERSITY                     ,CA,92037-1011,Private      ,79,2282,2361,547,16351,16898
01162600,PRACTICAL SCHOOLS                       ,CA,92805-0000,Proprietary  ,42,100,142,496,941,1437
01164900,LOYOLA MARYMOUNT UNIVERSITY             ,CA,90045-0000,Private      ,108,107,215,10134,3238,13372
01164901,LMU  - LOYOLA LAW SCHOOL                ,CA,90015-0019,Private      ,7,34,41,50,3815,3865
01167200,MENDOCINO COMMUNITY COLLEGE             ,CA,95482-3000,Public       ,80,204,284,1059,1699,2758
01169600,NATIONAL POLYTECHNIC COLLEGE OF SCIENCE ,CA,90744-6399,Private      ,13,36,49,77,369,446
01170700,NORTH-WEST COLLEGE                      ,CA,91790-2097,Proprietary  ,46,106,152,244,554,798
01179200,FRANCISCAN SCHOOL OF THEOLOGY           ,CA,94709-0000,Private      ,0,0,0,1,40,41
01182000,SAN DIEGO MIRAMAR COLLEGE               ,CA,92126-0000,Public       ,142,322,464,2685,4068,6753
01186500,CALIFORNIA HAIR DESIGN ACADEMY          ,CA,92115-0000,Proprietary  ,19,35,54,101,175,276
01186600,LU ROSS ACADEMY                         ,CA,93001-2927,Proprietary  ,21,26,47,71,101,172
01202600,JE BOUTIQUE COLLEGE OF BEAUTY           ,CA,92021-6247,Proprietary  ,7,21,28,61,117,178
01202700,GALEN COLLEGE OF CALIFORNIA             ,CA,93728-2381,Proprietary  ,5,16,21,49,143,192
01203100,SAN DIEGO CHRISTIAN COLLEGE             ,CA,92019-1157,Private      ,11,17,28,507,216,723
01206100,EVEREST COLLEGE                         ,CA,95128-3908,Proprietary  ,47,121,168,279,779,1058
01215400,CALIFORNIA INSTITUTE OF INTEGRAL STUDIES,CA,94103-2557,Private      ,0,21,21,17,1474,1491
01215402,CALIFORNIA INSTITUTE OF INTEGRAL STUDIES,CA,94102-5403,Private      ,0,0,0,1,29,30
01231600,MANCHESTER BEAUTY COLLEGE               ,CA,93726-5306,Proprietary  ,11,38,49,95,282,377
01231700,TULARE BEAUTY COLLEGE                   ,CA,93274-3432,Proprietary  ,1,12,13,16,52,68
01244600,UNIVERSAL COLLEGE OF BEAUTY             ,CA,90044-0044,Proprietary  ,4,12,16,32,104,136
01245200,EVERGREEN VALLEY COLLEGE                ,CA,95135-1598,Public       ,211,325,536,3723,3964,7687
01255000,LOS ANGELES MISSION COLLEGE             ,CA,91342-3200,Public       ,271,450,721,3094,3795,6889
01265000,MARINELLO SCHOOL OF BEAUTY              ,CA,91502-2828,Proprietary  ,34,79,113,171,376,547
01265100,MARINELLO SCHOOL OF BEAUTY              ,CA,91748-1674,Proprietary  ,11,37,48,51,189,240
01284200,OXNARD COLLEGE                          ,CA,93030-0000,Public       ,157,275,432,2444,3390,5834
01287200,NORTH-WEST COLLEGE                      ,CA,91768-3199,Proprietary  ,27,50,77,167,458,625
01287300,WYOTECH                                 ,CA,90810-3800,Proprietary  ,157,356,513,1150,2330,3480
01287301,WYOTECH - EVEREST  COLLEGE              ,CA,90034-3158,Proprietary  ,22,165,187,203,901,1104
01287302,WYOTECH - EVEREST  COLLEGE              ,CA,91746-3412,Proprietary  ,123,264,387,573,1347,1920
01290700,LAKE TAHOE COMMUNITY COLLEGE            ,CA,96150-4524,Public       ,35,121,156,567,882,1449
01291100,MARINELLO SCHOOL OF BEAUTY              ,CA,92646-2552,Proprietary  ,12,30,42,65,125,190
01291200,MTI COLLEGE                             ,CA,95841-0000,Proprietary  ,60,202,262,457,1388,1845
01294200,ROSEMEAD BEAUTY SCHOOL                  ,CA,91770-1639,Proprietary  ,6,49,55,58,251,309
01298400,PROFESSIONAL INSTITUTE OF BEAUTY        ,CA,91731-2613,Proprietary  ,12,29,41,34,153,187
01298500,HAIR CALIFORNIA BEAUTY ACADEMY          ,CA,92867-7127,Proprietary  ,5,6,11,15,46,61
01298900,OCEANSIDE COLLEGE OF BEAUTY             ,CA,92054-5393,Proprietary  ,5,9,14,46,82,128
01301000,LANCASTER BEAUTY SCHOOL                 ,CA,93534-3098,Proprietary  ,28,61,89,101,201,302
01307400,AMERICAN BEAUTY COLLEGE                 ,CA,91790-2906,Proprietary  ,1,8,9,29,50,79
01309500,SALON SUCCESS ACADEMY                   ,CA,92879-6561,Proprietary  ,22,31,53,168,189,357
01310300,CALIFORNIA WESTERN SCHOOL OF LAW        ,CA,92101-0000,Private      ,1,17,18,27,2338,2365
01324000,LYTLE'S REDWOOD EMPIRE BEAUTY CLG       ,CA,95403-0000,Proprietary  ,13,17,30,117,156,273
02054900,MARINELLO SCHOOL OF BEAUTY              ,CA,92630-0000,Proprietary  ,12,32,44,71,152,223
02059800,PARIS BEAUTY COLLEGE                    ,CA,94520-2611,Proprietary  ,10,34,44,84,218,302
02063500,COASTLINE COMMUNITY COLLEGE             ,CA,92708-0000,Public       ,57,438,495,910,4095,5005
02064300,SIERRA COLLEGE OF BEAUTY                ,CA,95340-0000,Proprietary  ,12,22,34,59,116,175
02065500,BROOKS COLLEGE                          ,CA,90804-3289,Proprietary  ,0,0,0,28,11,39
02065700,CALIFORNIA BEAUTY COLLEGE               ,CA,95354-0000,Proprietary  ,11,9,20,83,103,186
02070500,CONCORDIA UNIVERSITY                    ,CA,92612-0000,Private      ,30,206,236,1987,1509,3496
02075800,SOUTHERN CA INST OF ARCHITECTURE        ,CA,90013-0000,Private      ,4,6,10,147,618,765
02086400,MARINELLO SCHOOL OF BEAUTY              ,CA,95050-0000,Proprietary  ,69,126,195,295,580,875
02091200,ELEGANCE INTERNATIONAL                  ,CA,90028-0000,Proprietary  ,18,19,37,116,159,275
02091700,KAPLAN COLLEGE                          ,CA,92123-1509,Proprietary  ,118,273,391,609,2198,2807
02091702,KAPLAN COLLEGE - CHULA VISTA            ,CA,91910-5342,Proprietary  ,8,16,24,8,16,24
02096100,FIELDING INSTITUTE                      ,CA,93105-0000,Private      ,0,44,44,0,1455,1455
02099200,AMERICAN CONSERVATORY THEATER           ,CA,94108-0000,Private      ,1,5,6,23,155,178
02110200,COLUMBIA COLLEGE                        ,CA,91356-0000,Private      ,11,7,18,307,151,458
02110800,CALIFORNIA COLLEGE SAN DIEGO            ,CA,92108-3821,Proprietary  ,78,245,323,602,1835,2437
02111300,CUYAMACA COLLEGE                        ,CA,92019-0000,Public       ,159,323,482,2828,4159,6987
02113601,AMERICAN INTERCONTINENTAL UNIV - LOS ANG,CA,90066-7008,Proprietary  ,0,16,16,65,278,343
02119100,MISSION COLLEGE                         ,CA,95054-1897,Public       ,160,336,496,2163,4025,6188
02120600,SAYBROOK GRADUATE SCHOOL                ,CA,94111-1920,Private      ,0,24,24,4,770,774
02120700,SAN JOAQUIN VALLEY COLLEGE              ,CA,93291-0000,Proprietary  ,385,1040,1425,2711,6719,9430
02120900,ITT TECHNICAL INSTITUTE                 ,CA,95670-6034,Proprietary  ,110,341,451,778,2068,2846
02125000,CAREER ACADEMY OF BEAUTY                ,CA,92845-0000,Proprietary  ,18,32,50,68,160,228
02128200,"VICTOR VALLEY BEAUTY COLLEGE, INC       ",CA,92392-0000,Proprietary  ,14,29,43,134,180,314
02128300,INSTITUTE FOR BUSINESS & TECHNOLOGY     ,CA,95050-0000,Proprietary  ,41,216,257,196,869,1065
02128301,INSTITUTE FOR BUSINESS & TECHNOLOGY - NA,CA,95670-6351,Proprietary  ,15,107,122,95,439,534
02138300,PALO ALTO UNIVERSITY                    ,CA,94304-1337,Private      ,0,7,7,21,592,613
02147400,CLEVELAND CHIROPRACTIC COLLEGE          ,CA,90004-0000,Private      ,3,18,21,36,421,457
02161800,MUSICIANS INSTITUTE                     ,CA,90028-6157,Proprietary  ,146,119,265,1632,1257,2889
02167800,ESTES INSTITUTE OF COSMETOLOGY          ,CA,93291-0000,Proprietary  ,13,13,26,106,102,208
02174600,MARINELLO SCHOOL OF BEAUTY              ,CA,90201-0000,Proprietary  ,12,32,44,85,165,250
02180600,BRIDGES  ACADEMY OF BEAUTY              ,CA,92311-2327,Proprietary  ,2,7,9,13,23,36
02184900,PALMER COLLEGE OF CHIROPRACTIC WEST     ,CA,95134-0000,Private      ,1,7,8,9,370,379
02185800,MOLER BARBER COLLEGE                    ,CA,94611-0000,Proprietary  ,0,9,9,17,70,87
02187500,"HEALD COLLEGE, SCH OF BUS & TECH        ",CA,94520-0000,Proprietary  ,129,314,443,875,2051,2926
02188400,SIERRA VALLEY COLLEGE OF COURT REPORTING,CA,93726-0000,Proprietary  ,10,17,27,73,230,303
02208600,MADERA BEAUTY COLLEGE                   ,CA,93637-3519,Proprietary  ,6,11,17,39,55,94
02211000,HAIRMASTERS UNIVERSITY OF BEAUTY        ,CA,92405-0000,Proprietary  ,3,9,12,39,67,106
02220000,COLLEEN O'HARA BEAUTY ACADEMY           ,CA,92701-0000,Proprietary  ,10,37,47,110,248,358
02220200,CALIFORNIA CULINARY ACADEMY             ,CA,94102-3336,Proprietary  ,67,126,193,806,1163,1969
02221300,MARINELLO SCHOOL OF BEAUTY              ,CA,92553-0000,Proprietary  ,32,72,104,184,391,575
02222000,AMERICAN FILM INSTITUTE                 ,CA,90027-0000,Private      ,4,11,15,120,556,676
02226000,EAST LOS ANGELES COLLEGE                ,CA,91754-0000,Public       ,690,955,1645,9753,8917,18670
02228500,LIFE CHIROPRACTIC COLLEGE-WEST          ,CA,94545-0000,Private      ,0,8,8,9,420,429
02230900,FREDRICK & CHARLES BEAUTY COLLEGE       ,CA,95501-0000,Proprietary  ,6,14,20,45,85,130
02231900,GEMOLOGICAL INSTITUTE OF AMERICA        ,CA,92008-4698,Private      ,4,17,21,66,272,338
02234300,FASHION CAREERS OF CALIFORNIA           ,CA,92110-0000,Proprietary  ,12,9,21,132,138,270
02236400,"THANH LE COLG, SCH OF COSMETOLOGY       ",CA,92840-0000,Proprietary  ,1,8,9,10,67,77
02237200,PHILLIPS GRADUATE INSTITUTE             ,CA,91316-0000,Private      ,0,6,6,4,330,334
02241600,SAN DIEGO CONTINUING EDUCATION          ,CA,92113-0000,Public       ,9,87,96,72,500,572
02241800,AMERICAN CAREER COLLEGE                 ,CA,90004-0000,Proprietary  ,316,624,940,2078,4421,6499
02242700,BERKELEY CITY COLLEGE                   ,CA,94704-0000,Public       ,131,246,377,1701,2712,4413
02250602,EVEREST COLLEGE                         ,CA,91761-8525,Proprietary  ,50,146,196,420,1332,1752
02255400,INTERNATIONAL SCHOOL OF COSMETOLOGY     ,CA,90250-0000,Proprietary  ,5,19,24,61,68,129
02255600,MARINELLO SCHOOL OF BEAUTY              ,CA,90723-0000,Proprietary  ,12,35,47,97,218,315
02258600,ALAMEDA BEAUTY COLLEGE                  ,CA,94501-0000,Proprietary  ,14,39,53,149,254,403
02262400,YESHIVA OHR ELCHONON CHABAD             ,CA,90046-0000,Private      ,34,0,34,71,4,75
02263101,ANTHEM COLLEGE - HIGH-TECH INSTITUTE - S,CA,95827-3378,Proprietary  ,0,0,0,62,86,148
02267600,INSTITUTE OF TRANSPERSONAL PSYCHLGY     ,CA,94303-4624,Private      ,0,7,7,1,471,472
02270600,LIFE PACIFIC COLLEGE                    ,CA,91773-0000,Private      ,5,13,18,318,207,525
02276800,WESTMINSTER SEMINARY CALIFORNIA         ,CA,92027-0000,Private      ,1,1,2,1,145,146
02277400,SOUTH COAST COLLEGE                     ,CA,92868-2616,Proprietary  ,9,51,60,114,473,587
02282300,ALHAMBRA BEAUTY COLLEGE                 ,CA,91802-0000,Proprietary  ,5,27,32,38,153,191
02285100,HILLTOP BEAUTY SCHOOL                   ,CA,94014-0000,Proprietary  ,6,28,34,31,175,206
02291500,ITT TECHNICAL INSTITUTE                 ,CA,91773-0000,Proprietary  ,150,265,415,979,1730,2709
02291600,ITT TECHNICAL INSTITUTE                 ,CA,92123-0000,Proprietary  ,146,442,588,1001,2573,3574
02298000,DESIGN INSTITUTE OF SAN DIEGO           ,CA,92121-0000,Proprietary  ,7,6,13,145,257,402
02304300,"PLATT COLLEGE, SAN DIEGO                ",CA,92115-0000,Proprietary  ,18,47,65,213,370,583
02306300,KAPLAN COLLEGE                          ,CA,95368-0000,Proprietary  ,106,174,280,649,1259,1908
02306302,KAPLAN COLLEGE - FRESNO                 ,CA,93612-3802,Proprietary  ,46,107,153,365,798,1163
02309500,CLOVIS ADULT EDUC                       ,CA,93611-0000,Public       ,2,32,34,42,299,341
02312400,LA COLLEGE INTERNATIONAL                ,CA,90010-0000,Proprietary  ,44,557,601,116,1966,2082
02321800,ITT TECHNICAL INSTITUTE                 ,CA,91342-3664,Proprietary  ,143,389,532,978,1942,2920
02321900,ITT TECHNICAL INSTITUTE                 ,CA,92801-0000,Proprietary  ,146,375,521,827,1921,2748
02327600,ART INST OF CALIFORNIA-SAN DIEGO        ,CA,92108-4401,Proprietary  ,212,292,504,3376,3236,6612
02330500,LAGUNA COLLEGE OF ART AND DESIGN        ,CA,92651-0000,Private      ,8,6,14,394,182,576
02332800,CENTER FOR EMPLOYMENT TRAINING          ,CA,95110-0000,Private      ,129,612,741,574,3022,3596
02338500,GLENDALE CAREER COLLEGE                 ,CA,91201-0000,Proprietary  ,19,51,70,130,286,416
02338700,MARINELLO SCHOOL OF BEAUTY              ,CA,94103-0000,Proprietary  ,35,83,118,146,347,493
02342400,ACADEMY OF RADIO BROADCASTING           ,CA,92647-3809,Proprietary  ,9,45,54,70,226,296
02343400,"BELLUS ACADEMY, THE ACADEMY OF BEAUTY AN",CA,92064-4633,Proprietary  ,26,81,107,140,321,461
02345800,MONTEBELLO BEAUTY COLLEGE               ,CA,90640-0000,Proprietary  ,4,13,17,45,85,130
02351900,KAPLAN COLLEGE                          ,CA,95660-5512,Proprietary  ,36,146,182,324,1259,1583
02351901,KAPLAN COLLEGE - BAKERSFIELD            ,CA,93304-0000,Proprietary  ,70,192,262,523,1332,1855
02358000,THOMAS AQUINAS COLLEGE                  ,CA,93060-9622,Private      ,1,0,1,342,25,367
02359300,SHASTA BIBLE COLLEGE                    ,CA,96002-0000,Private      ,0,1,1,48,61,109
02482700,WESTERN UNIVERSITY OF HEALTH S          ,CA,91766-1854,Private      ,6,27,33,91,4538,4629
02494800,LOLA BEAUTY COLLEGE                     ,CA,92641-0000,Proprietary  ,1,4,5,7,36,43
02497300,TRINITY COLLEGE                         ,CA,93277-8109,Proprietary  ,36,168,204,257,1007,1264
02500000,SAN JOAQUIN COLLEGE OF LAW              ,CA,93612-0000,Private      ,1,3,4,12,311,323
02518400,THE NATIONAL HISPANIC UNIVERSITY        ,CA,95127-0000,Private      ,16,33,49,317,459,776
02519800,AVANCE BEAUTY COLLEGE                   ,CA,92154-0000,Proprietary  ,4,11,15,49,107,156
02520200,CALIFORNIA CAREER SCHOOLS               ,CA,92805-0000,Proprietary  ,3,17,20,19,83,102
02520300,INTERIOR DESIGNERS INSTITUTE            ,CA,92660-0000,Proprietary  ,6,26,32,43,160,203
02520400,ADRIAN'S BEAUTY COLLEGE OF TURLOCK      ,CA,95382-0000,Proprietary  ,15,26,41,105,165,270
02537200,PALOMAR INSTITUTE OF COSMETOLOGY        ,CA,92069-0000,Proprietary  ,16,23,39,157,184,341
02539100,KAPLAN COLLEGE                          ,CA,91606-3231,Proprietary  ,79,171,250,574,1513,2087
02539102,KAPLAN COLLEGE -  RIVERSIDE             ,CA,92507-4223,Proprietary  ,78,167,245,508,1181,1689
02539500,IRVINE VALLEY COLLEGE                   ,CA,92620-0000,Public       ,128,215,343,2610,2820,5430
02542300,NATIONAL HOLISTIC INSTITUTE             ,CA,94608-0000,Proprietary  ,44,116,160,235,723,958
02543400,BROWNSON TECHNICAL SCHOOL               ,CA,92805-0000,Proprietary  ,10,38,48,28,249,277
02545900,HYPNOSIS MOTIVATION INSTITUTE           ,CA,91356-0000,Private      ,1,45,46,7,191,198
02546400,MTI BUSINESS COLLEGE INC                ,CA,95207-0000,Proprietary  ,6,45,51,26,201,227
02549000,KAPLAN COLLEGE                          ,CA,92083-7736,Proprietary  ,93,256,349,709,1789,2498
02549005,KAPLAN COLLEGE -  PALM SPRINGS          ,CA,92262-7011,Proprietary  ,56,131,187,372,1022,1394
02553500,ASSOCIATED TECHNICAL COLLEGE            ,CA,92101-0000,Proprietary  ,13,48,61,95,323,418
02553600,DIVERSIFIED LANGUAGE INSTITUTE          ,CA,90017-0000,Proprietary  ,10,190,200,37,1053,1090
02559300,UNITED EDUCATION INSTITUTE              ,CA,90020-0000,Proprietary  ,1009,2033,3042,4057,8807,12864
02559301,UNITED EDUCATION INSTITUTE - SAN BERNARD,CA,92408-3740,Proprietary  ,2,3,5,2,3,5
02559303,UNITED EDUCATION INSTITUTE - SAN DIEGO  ,CA,92123-1949,Proprietary  ,2,14,16,2,14,16
02559304,UNITED EDUCATION INSTITUTE - ONTARIO    ,CA,91764-5574,Proprietary  ,3,6,9,3,6,9
02559305,UNITED EDUCATION INSTITUTE  - VAN NUYS  ,CA,91405-1951,Proprietary  ,1,6,7,1,6,7
02559400,INTERCOAST COLLEGES                     ,CA,92868-1656,Proprietary  ,71,603,674,318,3183,3501
02565400,KAPLAN COLLEGE                          ,CA,95207-6216,Proprietary  ,52,104,156,360,851,1211
02570300,LOS ANGELES ORT COLLEGE                 ,CA,90048-0000,Private      ,32,248,280,220,1161,1381
02577900,SANTA BARBARA BUSINESS COLLEGE          ,CA,93309-1664,Proprietary  ,84,186,270,508,1168,1676
02578000,SANTA BARBARA BUSINESS COLLEGE          ,CA,93454-6943,Proprietary  ,24,65,89,181,497,678
02584200,NEWBRIDGE COLLEGE                       ,CA,92701-0000,Proprietary  ,37,90,127,230,779,1009
02591600,NORTH-WEST COLLEGE                      ,CA,91101-1744,Proprietary  ,8,18,26,55,135,190
02593100,HEALD COLLEGE                           ,CA,95678-5303,Proprietary  ,84,289,373,536,1791,2327
02593200,HEALD COLLEGE                           ,CA,95035-8008,Proprietary  ,90,245,335,668,1879,2547
02593300,HEALD COLLEGE                           ,CA,95210-5667,Proprietary  ,142,365,507,924,2504,3428
02595600,ASIAN AMERICAN INTERNATIONAL BTY CG     ,CA,92683-4043,Proprietary  ,1,6,7,20,73,93
02597300,SOUTH BAYLO UNIVERSITY                  ,CA,92801-1701,Private      ,1,29,30,4,234,238
02602300,CENTRAL COAST COLLEGE                   ,CA,93901-3301,Proprietary  ,27,79,106,166,379,545
02608900,PINNACLE COLLEGE                        ,CA,91803-8842,Proprietary  ,13,18,31,60,118,178
02608901,PINNACLE COLLEGE - SACRAMENTO           ,CA,95670-6386,Proprietary  ,16,37,53,85,130,215
02609000,EMPERORS COLG OF TRAD ORIENTAL MED      ,CA,90403-5609,Proprietary  ,0,18,18,4,184,188
02612800,LOS ANGELES RECORDING SCHOOL            ,CA,90028-3112,Proprietary  ,46,33,79,745,811,1556
02619300,SAMRA UNIV OF ORIENTAL MEDICINE         ,CA,90015-1019,Private      ,0,8,8,1,93,94
03010611,VIRGINIA COLLEGE - GOLF ACADEMY OF AMERI,CA,92008-6512,Proprietary  ,7,29,36,141,327,468
03011300,"CALIF STATE UNIV, SAN MARCOS            ",CA,92096-0001,Public       ,183,129,312,9260,5173,14433
03019900,ADELANTE CAREER INSTITUTE               ,CA,91402-4924,Proprietary  ,4,28,32,14,91,105
03025600,DELL'ARTE SCH OF PHYSICAL THEATRE       ,CA,95525-0816,Private      ,0,0,0,6,42,48
03027700,PACIFIC COLLEGE OF ORIENTAL MED         ,CA,92108-4408,Proprietary  ,5,35,40,28,562,590
03029600,POMONA ADULT SCHOOL                     ,CA,91766-0000,Public       ,14,46,60,72,234,306
03031409,INTERNATIONAL ACADEMY OF DESIGN AND TECH,CA,95834-9664,Proprietary  ,26,78,104,393,646,1039
03034000,HEALD COLLEGE                           ,CA,93906-5100,Proprietary  ,113,227,340,762,1527,2289
03035700,LAS POSITAS COLLEGE                     ,CA,94551-6750,Public       ,124,211,335,1834,2104,3938
03039900,FREMONT COLLEGE                         ,CA,90703-5342,Proprietary  ,24,71,95,166,347,513
03043900,NEWSCHOOL OF ARCHITECTURE & DESIGN      ,CA,92101-6634,Proprietary  ,9,24,33,261,573,834
03044500,KAPLAN COLLEGE                          ,CA,91402-4222,Proprietary  ,23,74,97,162,476,638
03054100,ROYALE COLLEGE OF BEAUTY                ,CA,92590-2525,Proprietary  ,16,18,34,62,127,189
03062300,WESTECH COLLEGE                         ,CA,91764-4988,Proprietary  ,53,188,241,222,964,1186
03062400,MT DIABLO ADULT EDUC LOMA VISTA CTR     ,CA,94518-1122,Public       ,5,14,19,46,181,227
03062700,PLATT COLLEGE                           ,CA,90041-0000,Proprietary  ,21,21,42,144,201,345
03062701,PLATT COLLEGE                           ,CA,91764-0000,Proprietary  ,26,56,82,246,429,675
03063400,MODERN TECHNOLOGY SCHOOL                ,CA,92708-9821,Proprietary  ,10,27,37,59,209,268
03067400,BALDWIN PARK ADULT SCHOOL               ,CA,91706-4897,Public       ,25,49,74,101,228,329
03067500,INSTITUTE OF TECHNOLOGY                 ,CA,93612-3217,Proprietary  ,211,737,948,1141,3844,4985
03067505,INSTITUTE OF TECHNOLOGY - REDDING       ,CA,96002-0926,Proprietary  ,6,23,29,12,52,64
03069500,SAGE COLLEGE                            ,CA,92557-6720,Proprietary  ,17,81,98,162,641,803
03070400,ITT TECHNICAL INSTITUTE                 ,CA,92408-3519,Proprietary  ,163,275,438,1132,2126,3258
03072300,EVEREST COLLEGE                         ,CA,91761-3222,Proprietary  ,80,217,297,452,1096,1548
03072700,WESTWOOD COLLEGE - LOS ANGELES          ,CA,90010-1577,Proprietary  ,258,1778,2036,2679,10220,12899
03074900,MARTINEZ ADULT CENTER                   ,CA,94553-3298,Public       ,0,12,12,3,75,78
03078200,AMERICAN CLG TRADITIONAL CHINESE MD     ,CA,94107-2813,Private      ,1,8,9,4,262,266
03084700,VENTURA ADULT\CONTINUING EDUCATION      ,CA,93003-7313,Public       ,8,49,57,59,230,289
03087400,ITT TECHNICAL INSTITUTE                 ,CA,90502-1356,Proprietary  ,151,397,548,1009,2764,3773
03094400,ELITE PROGRESSIVE SCHOOL OF COSM        ,CA,95841-2909,Proprietary  ,36,78,114,265,423,688
03097700,CENTRAL CALIF SCH CONTINUING EDUC       ,CA,93401-6739,Proprietary  ,3,22,25,66,259,325
03098200,YO SAN UNIV TRADITIONAL CHINESE MED     ,CA,90066-1103,Private      ,0,4,4,2,175,177
03108100,SUMMIT CAREER COLLEGE                   ,CA,92324-3956,Proprietary  ,94,319,413,521,1867,2388
03109500,DONGGUK ROYAL UNIVERSITY                ,CA,90020-1765,Private      ,1,12,13,3,81,84
03113300,MCED CAREER COLLEGE                     ,CA,93727-1620,Proprietary  ,3,36,39,53,537,590
03113600,SOUTHERN CALIFORNIA INST OF TECHNOL     ,CA,92805-3758,Proprietary  ,21,164,185,110,1152,1262
03116600,EAST SAN GABRIEL VLY REG OCCUP PROG     ,CA,91790-2105,Public       ,30,184,214,91,825,916
03125300,JOHN WESLEY INTER. BARBER & BTY CLG     ,CA,90813-4321,Proprietary  ,5,20,25,47,100,147
03125400,ART INSTITUTE OF CALIFORNIA-HOLLYWOOD (T,CA,90010-1014,Proprietary  ,163,197,360,2178,1904,4082
03125800,PREMIERE CAREER COLLEGE                 ,CA,91706-3746,Proprietary  ,37,89,126,181,468,649
03126800,PACIFICA GRADUATE INSTITUTE             ,CA,93013-0000,Proprietary  ,0,19,19,2,919,921
03128700,MT SIERRA COLLEGE                       ,CA,91016-3414,Proprietary  ,24,46,70,270,474,744
03131300,FIVE BRANCHES UNIVERSITY                ,CA,95062-4669,Private      ,0,17,17,18,370,388
03144400,AMERICAN CLG OF HEALTH PROFESSIONS      ,CA,92374-0000,Proprietary  ,17,52,69,35,124,159
03150500,VIRGINIA SEWING MACHINES & SCH CTR      ,CA,90015-3535,Proprietary  ,0,16,16,2,76,78
03162300,FOUR-D SUCCESS ACADEMY                  ,CA,92324-4218,Proprietary  ,43,133,176,265,1004,1269
03163300,PACIFIC STATES UNIVERSITY               ,CA,90006-4298,Private      ,1,2,3,21,47,68
03195400,EVEREST COLLEGE                         ,CA,90501-2867,Proprietary  ,33,53,86,139,266,405
03210300,LE CORDON BLEU COLLEGE OF CULINARY ARTS ,CA,91101-5221,Proprietary  ,256,801,1057,1861,3460,5321
03225300,AMERICAN UNIVERSITY OF HEALTH SCIENCES  ,CA,90755-3612,Proprietary  ,4,11,15,70,156,226
03242300,CAREER NETWORK INSTITUTE                ,CA,92868-4710,Proprietary  ,25,124,149,179,659,838
03250300,COMMUNITY BASED EDUCATION AND DEVEL     ,CA,90036-1137,Private      ,8,27,35,72,301,373
03260300,CALIFORNIA STATE U-MONTEREY BAY         ,CA,93955-8001,Public       ,91,95,186,7157,2536,9693
03266300,BETHESDA CHRISTIAN UNIVERSITY           ,CA,92801-4132,Private      ,0,7,7,12,54,66
03278300,CLARITA CAREER COLLEGE                  ,CA,91351-5432,Proprietary  ,150,320,470,655,1565,2220
03282300,KIM ANH ACADEMY OF BEAUTY               ,CA,92683-4605,Proprietary  ,2,70,72,21,283,304
03288300,ACAD CHINESE CULTURE & HEALTH SCIS      ,CA,94512-0000,Private      ,0,7,7,4,89,93
03299300,PACIFIC COLLEGE                         ,CA,92626-3160,Proprietary  ,16,123,139,91,656,747
03308300,KENSINGTON COLLEGE                      ,CA,92705-8708,Proprietary  ,0,12,12,7,81,88
03321300,SCRIPPS RESEARCH INSTITUTE (THE)        ,CA,92037-0000,Private      ,0,0,0,6,35,41
03327400,ACUPUNCTURE AND INTEGRATIVE MEDICINE COL,CA,94704-2724,Private      ,2,13,15,6,214,220
03332300,SOUTHERN CA BIBLE CLG & SEMINARY        ,CA,92019-1109,Private      ,1,6,7,7,161,168
03359300,ST. FRANCIS CAREER COLLEGE              ,CA,90262-2659,Private      ,6,29,35,116,345,461
03367300,PROFESSIONAL GOLFERS CAREER COLLEGE     ,CA,92591-6013,Proprietary  ,15,37,52,297,485,782
03394300,REMINGTON COLLEGE - SAN DIEGO CAMPUS    ,CA,92108-3002,Proprietary  ,37,100,137,373,749,1122
03395300,INTERNATIONAL CAREER DEVELOPMENT        ,CA,90027-5794,Proprietary  ,219,1128,1347,1109,3715,4824
03399300,NORTHWESTERN TECHNICAL COLLEGE          ,CA,95670-4443,Proprietary  ,24,113,137,156,584,740
03403300,TRINITY LIFE BIBLE COLLEGE              ,CA,95842-3546,Private      ,7,41,48,79,333,412
03413400,ENGLISH CENTER  (THE)                   ,CA,94607-3734,Private      ,8,32,40,38,252,290
03427400,CAREER COLLEGES OF AMERICA              ,CA,90280-7420,Proprietary  ,93,365,458,561,2427,2988
03427500,ANTELOPE VALLEY MEDICAL COLLEGE         ,CA,93534-3324,Proprietary  ,62,115,177,411,914,1325
03440400,MARIAN HEALTH CAREERS CENTER            ,CA,90010-1728,Proprietary  ,32,57,89,87,190,277
03441400,VALLEY CAREER COLLEGE                   ,CA,92020-3057,Proprietary  ,18,89,107,134,490,624
03455900,VALLECITOS CENTER FOR EMPLOYMENT TR     ,CA,94541-5027,Private      ,0,0,0,4,9,13
03458300,MY LE'S BEAUTY COLLEGE                  ,CA,95824-3039,Proprietary  ,5,32,37,55,204,259
03467300,MARINELLO SCHOOL OF BEAUTY              ,CA,92545-3661,Proprietary  ,34,81,115,203,424,627
03467301,CALIFORNIA BEAUTY COLLEGE - DESERT HOT S,CA,92240-1307,Proprietary  ,0,0,0,3,1,4
03474700,OPPORTUNITIES INDUSTRIALIZATION CEN     ,CA,94025-1413,Private      ,0,0,0,1,4,5
03479300,PROFESSIONAL CAREER INSTITUTE           ,CA,90703-2522,Proprietary  ,6,31,37,68,251,319
03485400,JAMES ALBERT SCHOOL OF COSMETOLOGY      ,CA,92627-3831,Proprietary  ,10,26,36,81,163,244
03485401,JAMES ALBERT SCHOOL OF COSMETOLOGY - ANA,CA,92804-5384,Proprietary  ,0,0,0,8,11,19
03516300,THE KING'S COLLEGE AND SEMINARY         ,CA,91405-2233,Private      ,19,35,54,78,341,419
03532400,ADVANCED TRAINING ASSOCIATES            ,CA,92020-1236,Proprietary  ,5,10,15,14,58,72
03542400,COPPER MOUNTAIN COLLEGE                 ,CA,92252-6102,Public       ,46,126,172,658,1916,2574
03577300,COBA ACADEMY                            ,CA,92866-1407,Proprietary  ,17,20,37,82,85,167
03590400,NTMA TRAINING CENTERS OF SOUTHERN C     ,CA,90650-6099,Private      ,28,136,164,109,626,735
03592400,IRELL & MANELLA GRADUATE SCHOOL OF BIOLO,CA,91010-0000,Private      ,0,0,0,2,17,19
03598300,AVALON BEAUTY COLLEGE                   ,CA,93103-3137,Proprietary  ,14,12,26,92,76,168
03614300,UNITED BEAUTY COLLEGE                   ,CA,91733-0000,Proprietary  ,1,17,18,12,84,96
03621300,LIBERTY TRAINING INSTITUTE              ,CA,90057-3202,Proprietary  ,0,1,1,28,101,129
03639300,WEST COAST ULTRASOUND INSTITUTE         ,CA,90211-3312,Proprietary  ,28,169,197,292,1277,1569
03646300,DESIGN'S SCHOOL OF COSMETOLOGY          ,CA,93446-1471,Proprietary  ,19,31,50,86,183,269
03681300,CALIFORNIA HEALING ARTS COLLEGE         ,CA,90025-2589,Proprietary  ,9,49,58,51,185,236
03695300,COMMUNITY ENHANCEMENT SERVICES          ,CA,91205-2395,Private      ,2,15,17,19,115,134
03695700,SANTIAGO CANYON COLLEGE                 ,CA,92869-4512,Public       ,145,167,312,1924,1602,3526
03696300,UNIVERSITY OF THE WEST                  ,CA,91770-3709,Private      ,0,6,6,6,58,64
03698300,WEST COAST UNIVERSITY                   ,CA,91606-3206,Proprietary  ,151,255,406,865,2596,3461
03698400,CA COLLEGE OF VOCATIONAL CAREER         ,CA,93301-1800,Proprietary  ,3,34,37,57,195,252
03736300,ADVANCE BEAUTY COLLEGE                  ,CA,92843-4752,Proprietary  ,4,72,76,30,427,457
03740400,ATI COLLEGE                             ,CA,90650-0000,Proprietary  ,8,48,56,56,286,342
03759300,COMPUTER TUTOR BUSINESS & TECH INST     ,CA,95356-0000,Proprietary  ,8,37,45,42,167,209
03786300,ADVANCED COLLEGE                        ,CA,90280-5255,Proprietary  ,16,66,82,87,456,543
03797400,CAREER CARE INSTITUTE                   ,CA,93534-4766,Proprietary  ,69,135,204,255,816,1071
03797401,CAREER CARE INSTITUTE - VENTURA         ,CA,93003-0000,Proprietary  ,2,9,11,28,89,117
03806300,LAKE COLLEGE                            ,CA,96002-0926,Proprietary  ,0,0,0,9,62,71
03810300,SILICON VALLEY UNIVERSITY               ,CA,95131-1868,Private      ,0,0,0,13,44,57
03814400,SOKA UNIVERSITY OF AMERICA              ,CA,92656-8081,Private      ,6,2,8,469,50,519
03838400,WALTER JAY M.D. INSTITUTE AN EDUCATIONAL,CA,90057-0000,Proprietary  ,4,25,29,15,117,132
03852500,CIT COLLEGE OF INFOMEDICAL TECHNOLOGY   ,CA,92831-3703,Proprietary  ,41,167,208,110,647,757
03852501,CIT COLLEGE OF INFOMEDICAL TECHNOLOGY - ,CA,90010-1308,Proprietary  ,0,0,0,1,2,3
03853300,KECK GRADUATE INSTITUTE OF APPLIED LIFE ,CA,91711-4817,Private      ,0,2,2,2,73,75
03853400,LADERA CAREER PATHS TRAINING CENTERS    ,CA,90045-1931,Proprietary  ,0,4,4,6,41,47
03868300,WORLD MISSION UNIVERSITY                ,CA,90020-1789,Private      ,0,8,8,2,79,81
03868400,LOS ANGELES MUSIC ACADEMY               ,CA,91105-2540,Proprietary  ,8,6,14,81,70,151
03871300,FOLSOM LAKE COLLEGE                     ,CA,95630-6798,Public       ,139,263,402,2019,2858,4877
03874300,CAMBRIDGE JUNIOR COLLEGE                ,CA,95993-0000,Proprietary  ,11,28,39,89,215,304
03874400,COMMMUNITY CHRISTIAN COLLEGE            ,CA,92373-4465,Private      ,6,13,19,72,83,155
03889300,STANBRIDGE COLLEGE                      ,CA,92612-0000,Proprietary  ,37,99,136,163,661,824
03901300,PACIFIC COAST TRADE SCHOOL              ,CA,93033-2441,Proprietary  ,11,47,58,45,219,264
03910400,NATIONAL POLYTECHNIC COLLEGE            ,CA,90040-3066,Proprietary  ,14,47,61,75,283,358
03933300,MUELLER COLLEGE OF HOLISTIC STUDIES     ,CA,92116-2630,Proprietary  ,5,45,50,54,276,330
03933301,MUELLER COLLEGE OF HOLISTIC STUDIES -   ,CA,92120-3449,Proprietary  ,0,4,4,1,24,25
03935300,CALIFORNIA NURSES EDUCATIONAL INSTITUTE ,CA,92234-7248,Proprietary  ,8,19,27,26,78,104
03962300,AMERICAN INSTITUTE OF MASSAGE THERAPY   ,CA,92705-5463,Proprietary  ,4,6,10,32,55,87
03964400,INTERNATIONAL SCHOOL OF BEAUTY          ,CA,92260-2740,Proprietary  ,13,47,60,76,236,312
03969600,AMERICAN AUTO INSTITUTE                 ,CA,90703-2637,Proprietary  ,19,54,73,69,171,240
03971300,AMERICAN CAREER COLLEGE                 ,CA,91764-4906,Proprietary  ,137,303,440,782,1754,2536
03973300,EX'PRESSION COLLEGE FOR DIGITAL ARTS    ,CA,94608-1021,Proprietary  ,59,54,113,725,735,1460
03974500,CALIFORNIA CAREER COLLEGE               ,CA,91303-2006,Proprietary  ,7,15,22,34,114,148
03980300,CALIFORNIA STATE UNIVERSITY CHANNEL ISLA,CA,93012-8599,Public       ,61,69,130,3927,2004,5931
03995300,UNIVERSITY OF EAST-WEST MEDICINE        ,CA,94087-6106,Proprietary  ,0,2,2,8,58,66
03999300,BEAUMONT ADULT SCHOOL                   ,CA,92223-1927,Public       ,8,20,28,36,160,196
04001300,PALACE BEAUTY COLLEGE                   ,CA,90006-4233,Proprietary  ,4,20,24,35,126,161
04001400,MOJAVE BARBER COLLEGE                   ,CA,92395-3201,Proprietary  ,7,16,23,31,105,136
04003300,CSI CAREER COLLEGE                      ,CA,95687-3100,Proprietary  ,19,52,71,157,544,701
04004300,THUY PRINCESS BEAUTY COLLEGE            ,CA,91766-0000,Proprietary  ,1,18,19,14,108,122
04005300,INTERAMERICAN COLLEGE                   ,CA,91950-4437,Private      ,5,43,48,15,239,254
04014400,PALLADIUM TECHNICAL ACADEMY             ,CA,91731-2429,Proprietary  ,9,32,41,39,125,164
04023400,PROTEUS                                 ,CA,93291-3014,Private      ,1,10,11,5,25,30
04037300,LOS ANGELES FILM SCHOOL (THE)           ,CA,90028-7300,Proprietary  ,175,225,400,829,936,1765
04049300,MAXINE WATERS EMPLOYMENT PREPARATION CEN,CA,90059-1023,Public       ,2,9,11,17,108,125
04056300,CAREER COLLEGE OF CALIFORNIA            ,CA,92705-5805,Proprietary  ,1,6,7,11,41,52
04057300,TECHSKILLS OF SACRAMENTO                ,CA,95815-4025,Proprietary  ,6,94,100,60,476,536
04071300,AMERICAN PACIFIC COLLEGE                ,CA,91405-6232,Proprietary  ,0,0,0,5,23,28
04076400,GNOMON SCHOOL OF VISUAL EFFECTS         ,CA,90038-2616,Proprietary  ,3,11,14,33,150,183
04092300,COASTLINE BEAUTY COLLEGE                ,CA,92708-3847,Proprietary  ,1,43,44,18,215,233
04092400,MAKE-UP DESIGNORY                       ,CA,91502-1322,Proprietary  ,31,43,74,311,332,643
04100400,TAFT UNIVERSITY SYSTEM (THE)            ,CA,92704-6954,Proprietary  ,0,48,48,3,352,355
04109300,ACADEMY OF BARBERING ARTS (THE)         ,CA,91324-3406,Proprietary  ,12,31,43,68,145,213
04111300,WEST HILLS COLLEGE LEMOORE              ,CA,93245-9248,Public       ,36,138,174,1424,2483,3907
04114500,VALLEY COLLEGE OF MEDICAL CAREERS       ,CA,91304-2354,Proprietary  ,19,29,48,75,197,272
04115300,COACHELLA VALLEY BEAUTY COLLEGE         ,CA,92253-2051,Proprietary  ,5,12,17,33,76,109
04115600,MAYFIELD COLLEGE                        ,CA,92234-7014,Proprietary  ,42,140,182,69,265,334
04116000,VIDEO SYMPHONY ENTERTRAINING            ,CA,91502-3253,Proprietary  ,7,40,47,82,370,452
04119200,CAREER COLLEGE CONSULTANTS              ,CA,90041-2088,Proprietary  ,3,25,28,15,116,131
04126400,CHAMPION INSTITUTE OF COSMETOLOGY       ,CA,92264-7458,Proprietary  ,2,5,7,17,63,80
04126500,COAST CAREER INSTITUTE                  ,CA,90015-3040,Proprietary  ,68,208,276,197,694,891
04127100,"UNIVERSITY OF CALIFORNIA, MERCED        ",CA,95343-5001,Public       ,127,27,154,8013,1031,9044
04127800,HEALTHY HAIR ACADEMY                    ,CA,90303-3137,Proprietary  ,11,49,60,43,170,213
04127900,TUI UNIVERSITY                          ,CA,90630-5023,Proprietary  ,2,243,245,29,2055,2084
04129700,INTERNATIONAL POLYTECHNIC INSTITUTE     ,CA,92231-1737,Private      ,0,0,0,4,20,24
04132300,INSTITUTE OF MEDICAL EDUCATION          ,CA,95113-2207,Proprietary  ,11,64,75,116,705,821
04132400,ACADEMY OF ESTHETICS AND COSMETOLOGY    ,CA,91342-3373,Proprietary  ,5,4,9,16,24,40
04132700,INFOTECH CAREER COLLEGE                 ,CA,90706-5579,Proprietary  ,13,72,85,70,261,331
04133000,BIOHEALTH COLLEGE                       ,CA,95134-2033,Proprietary  ,5,55,60,21,212,233
04134500,CAREER COLLEGE OF SAN DIEGO             ,CA,92102-3348,Proprietary  ,14,49,63,59,326,385
04134700,INTERNATL PROFESSIONAL SCHL OF BODYWORK ,CA,92123-1520,Proprietary  ,5,24,29,42,206,248
04137200,BORNER'S BARBER COLLEGE                 ,CA,90047-3856,Proprietary  ,0,6,6,11,33,44
04138700,CAO INSTITUTE OF AESTHETICS (THE)       ,CA,91801-3903,Proprietary  ,18,14,32,71,96,167
04140500,HORIZON COLLEGE SAN DIEGO               ,CA,92131-9906,Private      ,1,15,16,1,15,16
04140600,MODERN INSTITUTE OF TECHNOLOGY          ,CA,93036-1387,Proprietary  ,0,22,22,0,22,22
04141300,SAN FRANCISCO INSTITUTE OF ESTHETICS    ,CA,94103-4083,Proprietary  ,8,22,30,114,183,297
04141400,LAURUS COLLEGE                          ,CA,93401-5405,Proprietary  ,20,54,74,62,230,292
04141700,HEALING HANDS SCHOOL OF HOLISTIC HEALTH ,CA,92025-1722,Proprietary  ,0,18,18,13,115,128
04144200,CAREER DEVELOPMENT INSTITUTE            ,CA,90035-4364,Proprietary  ,1,7,8,5,48,53
04145000,SAN DIEGO CULINARY INSTITUTE            ,CA,91941-6435,Proprietary  ,21,42,63,34,86,120
04146000,NATIONAL CAREER COLLEGE                 ,CA,91605-1400,Proprietary  ,4,15,19,10,57,67
04148200,BEYOND 21ST CENTURY BEAUTY ACADEMY      ,CA,90670-6316,Proprietary  ,3,7,10,6,12,18
04149700,HOMESTEAD SCHOOLS                       ,CA,90505-5945,Private      ,15,42,57,39,118,157
04150000,CENTRAL NURSING COLLEGE                 ,CA,90010-2444,Proprietary  ,9,35,44,24,156,180
04150300,RWM FIBER OPTICS                        ,CA,90746-1051,Proprietary  ,0,32,32,7,70,77
04152800,CALIFORNIA ACADEMY (THE) - A PAUL MITCHE,CA,95825-2276,Proprietary  ,22,48,70,130,220,350
04153900,PROVIDENCE CHRISTIAN COLLEGE            ,CA,91761-5626,Private      ,0,1,1,4,4,8
04154400,FRANKLIN CAREER COLLEGE                 ,CA,91761-1522,Proprietary  ,2,12,14,2,12,14
04155500,"ACADEMY FOR JEWISH RELIGION, CALIFORNIA ",CA,90024-3234,Private      ,1,8,9,1,18,19
04158200,PAUL MITCHELL THE SCHOOL SHERMAN OAKS   ,CA,91403-5882,Proprietary  ,30,47,77,48,71,119
04158700,HOLLYWOOD BEAUTY COLLEGE                ,CA,95210-3514,Proprietary  ,12,42,54,12,42,54
04160400,ANGELES COLLEGE OF NURSING              ,CA,90010-2100,Proprietary  ,5,14,19,5,14,19
04161700,SHASTA SCHOOL OF COSMETOLOGY            ,CA,96003-0000,Proprietary  ,4,21,25,5,23,28
04163900,L.A. BARBER COLLEGE                     ,CA,90013-1121,Proprietary  ,3,18,21,3,18,21
00184600,BRIAR CLIFF UNIVERSITY                  ,IA,51104-2100,Private      ,12,14,26,1155,458,1613
00184700,BUENA VISTA UNIVERSITY                  ,IA,50588-9987,Private      ,18,99,117,1868,1950,3818
00184800,SOUTHEASTERN COMMUNITY COLLEGE          ,IA,52655-0000,Public       ,40,181,221,1243,2690,3933
00185000,CENTRAL COLLEGE                         ,IA,50219-1999,Private      ,15,6,21,2330,135,2465
00185200,CLARKE COLLEGE                          ,IA,52001-3198,Private      ,2,17,19,1011,530,1541
00185400,COE COLLEGE                             ,IA,52402-5092,Private      ,11,8,19,1837,209,2046
00185500,DES MOINES UNIV-OSTEOPATHIC MED CTR     ,IA,50312-0000,Private      ,0,14,14,15,1787,1802
00185600,CORNELL COLLEGE                         ,IA,52314-1098,Private      ,17,3,20,1876,95,1971
00185700,SOUTHWESTERN COMMUNITY COLLEGE          ,IA,50801-1098,Public       ,11,55,66,619,877,1496
00185800,DIVINE WORD COLLEGE                     ,IA,52045-0380,Private      ,0,1,1,13,14,27
00185900,DORDT COLLEGE                           ,IA,51250-1697,Private      ,15,2,17,1391,84,1475
00186000,DRAKE UNIVERSITY                        ,IA,50311-4505,Private      ,30,44,74,4341,2475,6816
00186200,ELLSWORTH COMMUNITY COLLEGE             ,IA,50126-1199,Public       ,13,18,31,751,369,1120
00186400,IOWA LAKES COMMUNITY COLLEGE            ,IA,51334-2234,Public       ,34,107,141,1365,1538,2903
00186500,IOWA CENTRAL COMMUNITY COLLEGE          ,IA,50501-0000,Public       ,58,250,308,2379,2918,5297
00186600,GRACELAND UNIVERSITY                    ,IA,50140-1699,Private      ,8,102,110,1061,1394,2455
00186700,GRAND VIEW UNIVERSITY                   ,IA,50316-1599,Private      ,10,28,38,1717,1187,2904
00186800,GRINNELL COLLEGE                        ,IA,50112-1690,Private      ,20,1,21,2517,48,2565
00186900,IOWA STATE UNIV SCIENCE & TECHNOLOG     ,IA,50011-2028,Public       ,160,149,309,20289,5695,25984
00187100,IOWA WESLEYAN COLLEGE                   ,IA,52641-1398,Private      ,6,19,25,912,512,1424
00187300,LORAS COLLEGE                           ,IA,52004-0178,Private      ,9,6,15,2311,179,2490
00187400,LUTHER COLLEGE                          ,IA,52101-1045,Private      ,9,3,12,3256,85,3341
00187500,MARSHALLTOWN COMMUNITY COLLEGE          ,IA,50158-4760,Public       ,19,86,105,718,1089,1807
00187700,NORTH IOWA AREA COMMUNITY COLLEGE       ,IA,50401-7299,Public       ,39,117,156,1640,1456,3096
00187900,MORNINGSIDE COLLEGE                     ,IA,51106-1751,Private      ,10,30,40,1584,547,2131
00188000,MOUNT MERCY COLLEGE                     ,IA,52402-4797,Private      ,12,41,53,1028,891,1919
00188100,ASHFORD UNIVERSITY                      ,IA,52732-3910,Proprietary  ,614,14237,14851,3471,81395,84866
00188300,NORTHWESTERN COLLEGE                    ,IA,51041-1996,Private      ,7,2,9,1521,99,1620
00188700,SIMPSON COLLEGE                         ,IA,50125-1297,Private      ,13,22,35,2122,583,2705
00188900,ST AMBROSE UNIVERSITY                   ,IA,52803-2898,Private      ,21,46,67,2734,1336,4070
00189000,UNIVERSITY OF NORTHERN IOWA             ,IA,50614-0705,Public       ,78,93,171,10515,3207,13722
00189100,UNIVERSITY OF DUBUQUE                   ,IA,52001-5099,Private      ,20,22,42,1739,617,2356
00189200,UNIVERSITY OF IOWA                      ,IA,52242-1316,Public       ,146,230,376,17540,9751,27291
00189300,UPPER IOWA UNIVERSITY                   ,IA,52142-9206,Private      ,31,341,372,1360,5262,6622
00189500,WALDORF COLLEGE                         ,IA,50436-1700,Private      ,7,6,13,680,102,782
00189600,WARTBURG COLLEGE                        ,IA,50677-2200,Private      ,11,4,15,2453,110,2563
00189700,WARTBURG THEOLOGICAL SEMINARY           ,IA,52004-5004,Private      ,0,2,2,2,145,147
00190000,WILLIAM PENN UNIVERSITY                 ,IA,52577-1799,Private      ,13,132,145,1117,1522,2639
00396300,AIB COLLEGE OF BUSINESS                 ,IA,50321-1799,Private      ,15,55,70,667,694,1361
00407500,ESTRN IOWA COMMUNITY COLLEGE DIST       ,IA,52801-1221,Public       ,4,9,13,64,175,239
00407501,CLINTON COMMUNITY COLLEGE               ,IA,52732-0000,Public       ,15,78,93,445,842,1287
00407502,MUSCATINE COMMUNITY COLLEGE             ,IA,52761-0000,Public       ,13,50,63,466,752,1218
00407503,SCOTT COMMUNITY COLLEGE                 ,IA,52722-0000,Public       ,73,240,313,1515,3479,4994
00407600,KIRKWOOD COMMUNITY COLLEGE              ,IA,52406-2068,Public       ,185,636,821,7612,8890,16502
00423300,MERCY/ST. LUKE'S SCH RAD TECH           ,IA,52402-0000,Private      ,1,2,3,15,34,49
00458600,KAPLAN UNIVERSITY                       ,IA,52807-2095,Proprietary  ,1655,26105,27760,7964,142126,150090
00458604,KAPLAN UNIVERSITY - CEDAR RAPIDS        ,IA,52404-2998,Proprietary  ,13,183,196,208,1655,1863
00458605,KAPLAN UNIVERSITY - DES MOINES          ,IA,50323-5702,Proprietary  ,34,255,289,394,2186,2580
00458606,KAPLAN UNIVERSITY - MASON CITY          ,IA,50401-4665,Proprietary  ,10,106,116,133,864,997
00458607,KAPLAN UNIVERSITY - CEDAR FALLS         ,IA,50613-6309,Proprietary  ,25,210,235,264,1681,1945
00458610,KAPLAN UNIVERSITY - COUNCIL BLUFFS      ,IA,51503-5289,Proprietary  ,14,86,100,88,697,785
00458700,NORTHEAST IOWA COMMUNITY COLLEGE        ,IA,52132-0400,Public       ,18,69,87,737,987,1724
00458701,NORTHEAST IOWA COMMUNITY COLLEGE        ,IA,52068-0000,Public       ,43,108,151,1235,1687,2922
00459500,HAWKEYE COMMUNITY COLLEGE               ,IA,50701-0000,Public       ,93,252,345,3410,3214,6624
00459800,IOWA WESTERN CMTY CLG-COUNCIL BLUFF     ,IA,51502-0000,Public       ,79,161,240,2996,2903,5899
00460000,NORTHWEST IOWA COMMUNITY COLLEGE        ,IA,51201-1046,Public       ,13,21,34,514,487,1001
00626700,IOWA METHODIST MEDICAL CENTER SCHOOLS   ,IA,50309-1499,Private      ,0,2,2,24,42,66
00627300,MERCY COLLEGE OF HEALTH SCIENCES        ,IA,50309-1239,Private      ,10,49,59,415,900,1315
00712000,DES MOINES AREA CMTY COLLEGE            ,IA,50021-0000,Public       ,229,791,1020,6714,11024,17738
00712100,FAITH BAPTIST BIBLE CLG & THEOL SEM     ,IA,50021-0000,Private      ,1,2,3,349,73,422
00729100,ST LUKE'S COLLEGE                       ,IA,51104-0263,Private      ,2,2,4,126,131,257
00731600,WESTERN IOWA TECH COMMUNITY COLLEGE     ,IA,51106-0000,Public       ,61,223,284,1770,3287,5057
00758800,CAPRI COLLEGE                           ,IA,52004-0873,Proprietary  ,15,24,39,111,143,254
00761100,EQ SCHOOL OF HAIR DESIGN                ,IA,51503-0813,Proprietary  ,4,7,11,47,60,107
00765600,AMERICAN COLLEGE OF HARISTYLING -CR     ,IA,52402-0000,Proprietary  ,0,1,1,11,23,34
00765800,AMER COLL OF HAIRSTYLING-DES MOINES     ,IA,50309-5446,Proprietary  ,0,7,7,10,50,60
00765900,LA JAMES COLLEGE OF HAIRSTYLING         ,IA,50401-3308,Proprietary  ,6,17,23,77,97,174
00771700,CAPRI COLLEGE                           ,IA,52807-2622,Proprietary  ,12,30,42,110,182,292
00794100,COLLEGE OF HAIR DESIGN                  ,IA,50703-1834,Proprietary  ,1,8,9,26,63,89
00811600,DAYTON'S SCHOOL OF HAIR DESIGN          ,IA,52601-0000,Proprietary  ,0,0,0,5,13,18
00826000,IOWA SCHOOL OF BEAUTY INC               ,IA,50322-0000,Proprietary  ,14,32,46,74,209,283
00840300,INDIAN HILLS COMMUNITY COLLEGE          ,IA,52501-1398,Public       ,89,296,385,1844,2985,4829
00840301,INDIAN HILLS COMMUNITY COLLEGE          ,IA,52544-0000,Public       ,8,46,54,245,389,634
00842400,LA JAMES INTERNATIONAL COLLEGE          ,IA,50501-5577,Proprietary  ,6,12,18,112,125,237
00959300,LA'JAMES COLLEGE OF HAIRSTYLING         ,IA,52240-0000,Proprietary  ,16,14,30,90,85,175
01111300,MAHARISHI UNIV OF MANAGEMENT            ,IA,52557-0001,Private      ,2,15,17,175,357,532
01206400,HAMILTON TECHNICAL COLLEGE              ,IA,52807-2653,Proprietary  ,13,58,71,125,390,515
01230000,PALMER COLLEGE OF CHIROPRACTIC          ,IA,52803-5287,Private      ,1,27,28,63,2442,2505
01300600,LA' JAMES INTERNATIONAL COLLEGE-CF      ,IA,50613-5242,Proprietary  ,7,19,26,76,95,171
02090300,CAPRI COLLEGE                           ,IA,52404-0000,Proprietary  ,12,22,34,106,161,267
02134500,LA JAMES INTERNATIONAL COLLEGE - DAV    ,IA,52806-3952,Proprietary  ,5,20,25,66,115,181
02160900,"SALON PROFESSIONAL ACADEMY, THE         ",IA,50010-0000,Proprietary  ,2,10,12,117,86,203
02262500,FAUST INSTITUTE OF COSMETOLOGY          ,IA,50588-0000,Proprietary  ,12,7,19,37,48,85
02274100,LA' JAMES INTERNATIONAL COLLEGE - DM    ,IA,50131-0000,Proprietary  ,12,34,46,154,197,351
02289000,AMERICAN HAIR ACADEMY                   ,IA,52627-4530,Proprietary  ,0,4,4,14,38,52
02306900,IOWA SCHOOL OF BEAUTY                   ,IA,52501-0000,Proprietary  ,5,16,21,34,68,102
02328900,EMMAUS BIBLE COLLEGE                    ,IA,52001-0000,Private      ,0,0,0,237,43,280
02330900,IOWA SCHOOL OF BEAUTY                   ,IA,50158-0000,Proprietary  ,1,8,9,12,48,60
02333200,DAYTON'S SCHOOL OF HAIR DESIGN          ,IA,52632-0000,Proprietary  ,0,0,0,1,12,13
02609200,VATTEROTT COLLEGE                       ,IA,50321-4704,Proprietary  ,18,141,159,149,933,1082
03069100,ALLEN COLLEGE                           ,IA,50703-1916,Private      ,3,10,13,316,349,665
03441300,IOWA SCHOOL OF BEAUTY                   ,IA,51106-5111,Proprietary  ,1,12,13,35,77,112
03607400,TOTAL LOOK SCHOOL OF COSMETOLOGY AND MAS,IA,52136-1053,Proprietary  ,2,2,4,6,12,18
03720300,CARLSON COLLEGE OF MASSAGE THERAPY      ,IA,52205-7519,Proprietary  ,1,6,7,17,38,55
04089300,BIO-CHI INSTITUTE OF MASSAGE THERAPY    ,IA,51103-2138,Proprietary  ,0,1,1,11,31,42
00259600,ATLANTIC COMMUNITY COLLEGE              ,NJ,08330-2699,Public       ,128,323,451,4011,4936,8947
00259700,BLOOMFIELD COLLEGE                      ,NJ,07003-3425,Private      ,50,56,106,2725,1574,4299
00259800,CALDWELL COLLEGE                        ,NJ,07006-6195,Private      ,18,56,74,1442,1131,2573
00259900,CENTENARY COLLEGE                       ,NJ,07840-2184,Private      ,19,80,99,1545,1104,2649
00260000,COLLEGE OF SAINT ELIZABETH              ,NJ,07960-6989,Private      ,15,39,54,775,756,1531
00260100,CUMBERLAND COUNTY COLLEGE               ,NJ,08362-0517,Public       ,31,101,132,2286,3123,5409
00260300,DREW UNIVERSITY                         ,NJ,07940-4063,Private      ,51,20,71,3809,649,4458
00260700,FAIRLEIGH DICKINSON UNIV-TEANECK        ,NJ,07666-1996,Private      ,66,129,195,3297,2485,5782
00260701,FAIRLEIGH DICKINSON UNIV-FLORHAM        ,NJ,07940-0000,Private      ,41,32,73,2421,618,3039
00260702,FAIRLEIGH DICKINSON UNIV-ED WMS CLG     ,NJ,07601-0000,Private      ,12,7,19,190,157,347
00260703,FAIRLEIGH DICKINSON UNIVERSITY          ,NJ,07940-0000,Private      ,33,29,62,1931,866,2797
00260800,GEORGIAN COURT UNIVERSITY               ,NJ,08701-2697,Private      ,13,56,69,1489,1730,3219
00260900,ROWAN UNIVERSITY                        ,NJ,08028-1702,Public       ,132,157,289,11677,4124,15801
00261000,FELICIAN COLLEGE                        ,NJ,07644-2198,Private      ,38,70,108,1752,1427,3179
00261300,NEW JERSEY CITY UNIVERSITY              ,NJ,07305-1597,Public       ,80,223,303,4668,5791,10459
00261500,MIDDLESEX COUNTY COLLEGE                ,NJ,08818-3050,Public       ,174,281,455,6310,5018,11328
00261600,MONMOUTH UNIVERSITY                     ,NJ,07764-1898,Private      ,81,75,156,7317,2420,9737
00261700,MONTCLAIR STATE UNIVERSITY              ,NJ,07043-9987,Public       ,213,248,461,16225,6952,23177
00261900,NEW BRUNSWICK THEOLOGICAL SEMINARY      ,NJ,08901-0000,Private      ,2,2,4,27,134,161
00262100,NEW JERSEY INST OF TECHNOLOGY           ,NJ,07102-1982,Public       ,75,107,182,5313,2689,8002
00262200,KEAN UNIVERSITY                         ,NJ,07083-7131,Public       ,192,253,445,10542,7906,18448
00262400,OCEAN COUNTY COLLEGE                    ,NJ,08754-2001,Public       ,142,265,407,5397,4139,9536
00262500,WILLIAM PATERSON UNIVERSITY             ,NJ,07470-2152,Public       ,153,147,300,10059,4391,14450
00262600,PRINCETON THEOLOGICAL SEMINARY          ,NJ,08542-0000,Private      ,1,2,3,14,688,702
00262700,PRINCETON UNIVERSITY                    ,NJ,08544-0001,Private      ,131,35,166,14243,1644,15887
00262800,RIDER UNIVERSITY                        ,NJ,08648-3099,Private      ,77,75,152,7234,1740,8974
00262900,"RUTGERS, THE STATE UNIVERSITY OF NJ     ",NJ,08901-1281,Public       ,473,551,1024,42086,21299,63385
00263200,SETON HALL UNIVERSITY                   ,NJ,07079-2697,Private      ,137,172,309,10178,3819,13997
00263201,SETON HALL UNIVERSITY - SCHOOL OF LAW   ,NJ,07079-5210,Private      ,8,18,26,218,2434,2652
00263800,ST PETER'S COLLEGE                      ,NJ,07306-5997,Private      ,57,77,134,3523,1238,4761
00263900,STEVENS INSTITUTE OF TECHNOLOGY         ,NJ,07030-5370,Private      ,46,51,97,3282,678,3960
00264200,COLLEGE OF NEW JERSEY (THE)             ,NJ,08628-0718,Public       ,116,54,170,10065,1202,11267
00264300,UNION COUNTY COLLEGE                    ,NJ,07016-1598,Public       ,152,483,635,4976,8011,12987
00473600,BERGEN COMMUNITY COLLEGE                ,NJ,07652-1595,Public       ,209,327,536,7559,5320,12879
00474000,MERCER COUNTY COMMUNITY COLLEGE         ,NJ,08690-0000,Public       ,118,349,467,3276,4622,7898
00539900,MONMOUTH COUNTY VOCATIONAL SCH DIST     ,NJ,07728-5033,Public       ,1,12,13,48,133,181
00539905,MONMOUTH COUNTY VOCATIONAL SCHOOL DISTRI,NJ,07753-4473,Public       ,0,0,0,1,12,13
00545200,TETERBORO SCH OF AERONAUTICS            ,NJ,07608-1083,Proprietary  ,17,19,36,113,115,228
00546000,SOMERSET COUNTY TECHNICAL INSTITUTE     ,NJ,08807-0350,Public       ,1,7,8,56,209,265
00546100,SALEM COMMUNITY COLLEGE                 ,NJ,08069-2799,Public       ,20,74,94,648,872,1520
00641000,C E GREGORY SCHOOL OF NURSING           ,NJ,08857-0000,Private      ,0,0,0,4,4,8
00641700,HOLY NAME HOSPITAL SCH OF NURSING       ,NJ,07666-4254,Private      ,0,4,4,71,179,250
00642000,MOUNTAINSIDE HOSP SCH NRSG              ,NJ,07042-4898,Proprietary  ,0,2,2,34,140,174
00642100,MUHLENBERG SNYDER SCHOOLS               ,NJ,07061-3399,Private      ,5,14,19,124,549,673
00642900,ST FRANCIS MEDICAL CTR SCH NURSING      ,NJ,08629-1986,Private      ,0,2,2,20,52,72
00642902,ST FRANCIS MED CTR RAD TECH             ,NJ,08629-0000,Private      ,0,0,0,3,24,27
00686500,CAMDEN COUNTY COLLEGE                   ,NJ,08012-3240,Public       ,157,456,613,6741,9399,16140
00690100,GLOUCESTER COUNTY COLLEGE               ,NJ,08080-4249,Public       ,69,139,208,3144,2881,6025
00710700,ESSEX COUNTY COLLEGE                    ,NJ,07102-1798,Public       ,251,506,757,5629,9138,14767
00736203,STUART SCHOOL OF BUSINESS ADMINISTRATION,NJ,07719-3970,Proprietary  ,0,0,0,1,1,2
00750200,BERKELEY COLLEGE                        ,NJ,07424-3367,Proprietary  ,51,157,208,1868,1949,3817
00750201,BERKELEY COLLEGE                        ,NJ,07095-0000,Proprietary  ,38,74,112,815,821,1636
00750202,BERKELEY COLLEGE - PARAMUS              ,NJ,07652-2931,Proprietary  ,19,49,68,498,570,1068
00750600,LINCOLN TECHNICAL INSTITUTE             ,NJ,07083-5032,Proprietary  ,128,239,367,1185,1657,2842
00750601,LINCOLN TECHNICAL INSTITUTE             ,NJ,07430-0000,Proprietary  ,89,102,191,687,671,1358
00750700,GIBBS COLLEGE                           ,NJ,07039-1611,Proprietary  ,0,2,2,54,104,158
00750701,KATHARINE GIBBS - PISCATAWAY            ,NJ,08854-0000,Proprietary  ,0,0,0,0,3,3
00759300,PARISIAN BEAUTY ACADEMY                 ,NJ,07601-5509,Proprietary  ,18,43,61,143,192,335
00772900,COUNTY COLLEGE OF MORRIS                ,NJ,07869-0000,Public       ,98,123,221,3386,1897,5283
00773000,BURLINGTON COUNTY COLLEGE               ,NJ,08068-1599,Public       ,96,242,338,3924,4144,8068
00773100,RARITAN VALLEY COMMUNITY COLLEGE        ,NJ,08876-1265,Public       ,70,171,241,2269,2116,4385
00780401,CAREER ACADEMY OF NEW YORK - STAR LAKEWO,NJ,08701-5900,Proprietary  ,17,85,102,89,539,628
00780402,CAREER ACADEMY OF NEW YORK - STAR EGG HA,NJ,08234-4863,Proprietary  ,13,75,88,88,469,557
00794700,BETH MEDRASH GOVOHA OF AMERICA          ,NJ,08701-0000,Private      ,82,220,302,338,1920,2258
00840400,BROOKDALE COMMUNITY COLLEGE             ,NJ,07738-1597,Public       ,247,372,619,6161,4620,10781
00844101,ANTHEM INSTITUTE                        ,NJ,08002-0000,Proprietary  ,0,15,15,22,75,97
00849400,HO HO KUS SCHL OF TRADE & TECH SCIENCES ,NJ,07513-1402,Proprietary  ,14,49,63,124,322,446
00860900,RABBINICAL COLLEGE OF AMERICA           ,NJ,07960-3600,Private      ,15,2,17,83,9,92
00907800,CAPRI INSTITUTE OF HAIR DESIGN          ,NJ,07011-2111,Proprietary  ,9,22,31,109,209,318
00934400,RAMAPO COLLEGE OF NEW JERSEY            ,NJ,07430-1680,Public       ,63,36,99,6532,1138,7670
00934500,RICHARD STOCKTON COLLEGE OF NJ          ,NJ,08240-0195,Public       ,94,103,197,7362,2953,10315
00982804,EVEREST INSTITUTE - SOUTH PLAINFIELD    ,NJ,07080-1125,Proprietary  ,34,175,209,240,852,1092
00999400,PASSAIC COUNTY COMMUNITY COLLEGE        ,NJ,07505-1179,Public       ,227,569,796,3816,5380,9196
01039400,UNIV OF MEDICINE & DENTISTRY OF NJ      ,NJ,07107-0000,Public       ,10,102,112,247,4710,4957
01062900,P B COSMETOLOGY EDUCATION CENTRE        ,NJ,08030-1750,Proprietary  ,11,26,37,111,153,264
01072718,DEVRY INSTITUTE                         ,NJ,08902-3362,Proprietary  ,4,25,29,4,25,29
01085100,ANTHEM INSTITUTE                        ,NJ,07054-3409,Proprietary  ,72,221,293,627,1379,2006
01085101,ANTHEM INSTITUTE                        ,NJ,07306-0000,Proprietary  ,4,14,18,56,167,223
01085102,ANTHEM INSTITUTE                        ,NJ,08902-0000,Proprietary  ,3,8,11,27,86,113
01090300,RIZZIERI INSTITUTE                      ,NJ,08043-4600,Proprietary  ,15,25,40,126,175,301
01152300,MORRIS COUNTY SCHOOL OF TECHNOLOGY      ,NJ,07834-0000,Public       ,1,5,6,29,77,106
01170800,NATURAL MOTION INST OF HAIR DESIGN      ,NJ,07306-5496,Proprietary  ,3,16,19,56,125,181
01198900,TALMUDICAL ACADEMY                      ,NJ,07710-0000,Private      ,1,1,2,45,4,49
01209000,REIGNBOW BEAUTY ACADEMY                 ,NJ,08861-4118,Proprietary  ,8,28,36,51,163,214
01234600,DOVER BUSINESS COLLEGE                  ,NJ,07011-2161,Proprietary  ,26,107,133,383,1007,1390
01234602,DOVER BUSINESS COLLEGE                  ,NJ,07801-4643,Proprietary  ,16,78,94,166,508,674
01246100,LINCOLN TECHNICAL INSTITUTE             ,NJ,08820-2896,Proprietary  ,54,173,227,430,1098,1528
01246102,LINCOLN TECHNICAL INSTITUTE             ,NJ,08054-0000,Proprietary  ,28,187,215,294,1417,1711
01246103,LINCOLN TECHNICAL INSTITUTE             ,NJ,07652-2106,Proprietary  ,43,143,186,459,1134,1593
01246200,HOHOKUS - HACKENSACK SCHOOL OF BUSINESS ,NJ,07601-7197,Proprietary  ,23,160,183,182,850,1032
01295400,HUDSON COUNTY COMMUNITY COLLEGE         ,NJ,07306-4012,Public       ,282,516,798,4556,6660,11216
02053700,EASTWICK COLLEGE                        ,NJ,07446-0000,Proprietary  ,29,126,155,325,1019,1344
02061800,ROMAN ACADEMY OF BEAUTY CULTURE         ,NJ,07506-0000,Proprietary  ,6,15,21,40,55,95
02092300,HOHOKUS SCHOOL - RETS/NUTLEY            ,NJ,07110-0000,Proprietary  ,30,102,132,282,729,1011
02103700,CAPRI INSTITUTE OF HAIR DESIGN          ,NJ,07652-0000,Proprietary  ,8,15,23,65,130,195
02104000,HARRIS SCHOOL OF BUSINESS               ,NJ,08002-2983,Proprietary  ,58,272,330,345,1669,2014
02106601,FOX INSTITUTE OF BUSINESS - CLIFTON     ,NJ,07011-2345,Proprietary  ,25,121,146,149,521,670
02131100,DU CRET SCHOOL OF THE ARTS              ,NJ,07060-0000,Private      ,1,0,1,30,25,55
02131600,PENNCO TECH                             ,NJ,08012-0000,Proprietary  ,66,181,247,476,999,1475
02132300,BERDAN INSTITUTE                        ,NJ,07512-0000,Proprietary  ,24,90,114,269,587,856
02146800,JOE KUBERT SCH OF CARTOON & GRAPHIC     ,NJ,07801-0000,Proprietary  ,0,0,0,56,54,110
02149800,EMPIRE BEAUTY SCHOOL                    ,NJ,08021-0000,Proprietary  ,6,57,63,124,382,506
02149801,EMPIRE BEAUTY SCHOOL - BORDENTOWN       ,NJ,08505-1513,Proprietary  ,1,1,2,12,34,46
02154000,DIVERS ACAD OF EASTERN SEABOARD         ,NJ,08081-1139,Proprietary  ,19,50,69,116,248,364
02183600,CAPRI INSTITUTE OF HAIR DESIGN          ,NJ,07033-0000,Proprietary  ,12,33,45,79,163,242
02192200,THOMAS EDISON STATE COLLEGE             ,NJ,08608-0000,Public       ,18,446,464,317,5272,5589
02219600,OMEGA INSTITUTE                         ,NJ,08109-0000,Proprietary  ,5,41,46,47,250,297
02223700,NEW HORIZON INST OF COSMETOLOGY         ,NJ,07093-0000,Proprietary  ,6,41,47,30,236,266
02223900,DRAKE COLLEGE OF BUSINESS               ,NJ,07201-0000,Proprietary  ,102,560,662,620,3781,4401
02223902,DRAKE COLLEGE OF BUSINESS - NEWARK CAMPU,NJ,07112-2760,Proprietary  ,1,5,6,1,10,11
02232500,UNION COUNTY VOCATIONAL TECH INST       ,NJ,07076-0000,Public       ,8,13,21,75,146,221
02234600,SHORE BEAUTY SCHOOL                     ,NJ,08232-0000,Proprietary  ,15,41,56,77,137,214
02246000,ROSS UNIVERSITY - MEDICAL SCHOOL        ,NJ,08837-0000,Proprietary  ,1,122,123,17,4540,4557
02248600,COOPER HEALTH SYS-CTR ALLIED HEALTH     ,NJ,08103-0000,Private      ,0,2,2,24,99,123
02252700,CONCORDE SCHOOL OF HAIR DESIGN          ,NJ,07712-0000,Proprietary  ,32,57,89,149,392,541
02252701,CONCORDE SCHOOL OF HAIR DESIGN - BLOOMFI,NJ,07003-2517,Proprietary  ,2,2,4,21,30,51
02261800,EUROPEAN ACADEMY OF COSMETOLOGY         ,NJ,07083-0000,Proprietary  ,7,27,34,66,200,266
02265500,CAPRI INSTITUTE OF HAIR DESIGN          ,NJ,08724-0000,Proprietary  ,2,15,17,52,135,187
02277900,ROSS UNIV - SCH OF VETERINARY MED       ,NJ,08837-0000,Proprietary  ,0,57,57,4,1185,1189
02291000,LINCOLN TECHNICAL INSTITUTE             ,NJ,07080-2424,Proprietary  ,39,53,92,170,178,348
02312000,BERGEN COUNTY TECHNICAL SCHOOLS         ,NJ,07601-6110,Public       ,6,26,32,41,146,187
02344200,EMPIRE BEAUTY SCHOOL                    ,NJ,08002-0000,Proprietary  ,14,52,66,126,334,460
02503900,WARREN COUNTY COMMUNITY COLLEGE         ,NJ,07882-0000,Public       ,24,35,59,686,669,1355
02523700,OCEAN COUNTY VOCATIONAL-TECH SCHOOL     ,NJ,08753-0000,Public       ,0,14,14,151,341,492
02525900,ARTISTIC ACADEMY OF HAIR DESIGN         ,NJ,07950-1409,Proprietary  ,15,22,37,113,118,231
02528200,REIGNBOW BEAUTY ACADEMY                 ,NJ,07060-0000,Proprietary  ,4,16,20,26,121,147
02558700,PRISM CAREER INSTITUTE                  ,NJ,08037-0000,Proprietary  ,55,291,346,283,1497,1780
02568800,SUSSEX COUNTY COMMUNITY COLLEGE         ,NJ,07860-1149,Public       ,63,106,169,1607,1123,2730
02586900,HARRIS SCHOOL OF BUSINESS               ,NJ,08084-1520,Proprietary  ,20,114,134,120,861,981
02615401,STAR TECHNICAL INSTITUTE -              ,NJ,07102-4599,Proprietary  ,0,0,0,1,8,9
02616402,SANFORD-BROWN INSTITUTE - ISELIN        ,NJ,08830-0000,Proprietary  ,59,168,227,511,1425,1936
03077500,RABBI JACOB JOSEPH SCHOOL               ,NJ,08817-4494,Private      ,2,0,2,16,0,16
03122600,EASTERN INTERNATIONAL COLLEGE           ,NJ,07306-3906,Proprietary  ,19,67,86,139,423,562
03187300,STENOTECH CAREER INSTITUTE              ,NJ,07004-3490,Proprietary  ,0,11,11,48,102,150
03197300,INSTITUTE FOR HEALTH EDUCATION(THE)     ,NJ,07306-2929,Proprietary  ,11,60,71,41,244,285
03324300,CENTRAL CAREER SCHOOL                   ,NJ,07080-2408,Proprietary  ,7,42,49,34,160,194
03380302,CULINARY ACADEMY OF LONG ISLAND - STAR N,NJ,07102-4510,Proprietary  ,25,93,118,111,705,816
03380303,CULINARY ACADEMY OF LONG ISLAND - STAR C,NJ,07011-2248,Proprietary  ,5,53,58,14,141,155
03389300,ACADEMY OF MASSAGE THERAPY              ,NJ,07631-0000,Proprietary  ,9,28,37,43,179,222
03424500,NEW COMMUNITY WORKFORCE DEVELOPMENT     ,NJ,07103-2402,Private      ,4,29,33,40,548,588
03530300,"KEY SKILLS LEARNING, INC.               ",NJ,07013-1900,Proprietary  ,0,9,9,0,66,66
03536300,INSTITUTE FOR THERAPEUTIC MASSAGE       ,NJ,07420-1452,Proprietary  ,9,30,39,30,185,215
03574400,CORTIVA INSTITUTE - SOMERSET SCHOOL OF M,NJ,08854-3908,Proprietary  ,4,19,23,40,145,185
03625300,PERFORMANCE TRAINING INSTITUTE          ,NJ,08753-0000,Proprietary  ,5,131,136,9,236,245
03637300,METRO AUTO ELECTRONICS TRAINING INSTITUT,NJ,07033-1798,Proprietary  ,5,9,14,36,121,157
03650600,PC AGE                                  ,NJ,07306-3936,Proprietary  ,6,45,51,41,243,284
03650603,PC AGE                                  ,NJ,08817-2842,Proprietary  ,0,5,5,1,33,34
03666300,SOMERSET CHRISTIAN COLLEGE              ,NJ,08890-9035,Private      ,3,34,37,61,346,407
03769300,PC TECH LEARNING CENTER                 ,NJ,07306-9900,Proprietary  ,8,26,34,26,212,238
03803300,HEALTHCARE TRAINING INSTITUTE           ,NJ,07083-3504,Proprietary  ,6,48,54,49,329,378
03811300,EASTERN SCHOOL OF ACUPUNCTURE AND TRADIT,NJ,07042-3562,Proprietary  ,1,5,6,2,67,69
04081300,BAIS MEDRASH TORAS CHESED               ,NJ,08701-0000,Private      ,7,1,8,23,3,26
04123400,YESHIVAS BE'ER YITZCHOK                 ,NJ,07208-2380,Private      ,1,3,4,5,21,26
04125000,GENTLE HEALING SCHOOL OF MASSAGE        ,NJ,08512-3600,Proprietary  ,1,8,9,3,38,41
04131100,YESHIVA TORAS CHAIM                     ,NJ,08701-2120,Private      ,14,0,14,102,0,102
04131200,TOTAL IMAGE BEAUTY ACADEMY              ,NJ,07307-2943,Proprietary  ,0,2,2,5,37,42
04134100,CENTER FOR ALLIED HEALTH & NURSING EDUCA,NJ,07601-5801,Proprietary  ,20,115,135,90,726,816
04136400,AMERICAN INSTITUTE OF MEDICAL SCIENCES &,NJ,07080-1183,Proprietary  ,1,21,22,24,181,205
04154900,NATIONAL CAREER INSTITUTE               ,NJ,07018-2011,Proprietary  ,8,55,63,9,84,93
        ,BROOKLYN LAW SCHOOL                     ,NY,11201-0000,Private      ,0,0,0,2,82,84
00266500,VAUGHN COLLEGE OF AERONAUTICS AND TECHNO,NY,11369-9997,Private      ,26,48,74,959,703,1662
00266600,ADELPHI UNIVERSITY                      ,NY,11530-4299,Private      ,97,191,288,7712,4813,12525
00266700,DOWLING COLLEGE                         ,NY,11769-1999,Private      ,48,130,178,2660,2396,5056
00266800,ALFRED UNIVERSITY                       ,NY,14802-1205,Private      ,37,11,48,3197,634,3831
00266900,BANK STREET COLLEGE OF EDUCATION        ,NY,10025-0000,Private      ,1,25,26,12,992,1004
00267100,BARD COLLEGE                            ,NY,12504-5000,Private      ,15,10,25,2777,663,3440
00267400,NEW YORK THEOLOGICAL SEMINARY           ,NY,10115-0002,Private      ,0,28,28,0,90,90
00267700,BROOKLYN LAW SCHOOL                     ,NY,11201-0000,Private      ,0,22,22,44,3684,3728
00267800,BRYANT & STRATTON COLLEGE               ,NY,14203-1713,Proprietary  ,183,1013,1196,2549,11153,13702
00267803,BRYANT & STRATTON COLLEGE - GREECE      ,NY,14606-4227,Proprietary  ,18,115,133,332,1184,1516
00267805,BRYANT & STRATTON COLLEGE - SYRACUSE    ,NY,13203-2502,Proprietary  ,41,103,144,760,1705,2465
00267807,BRYANT & STRATTON COLLEGE - ALBANY      ,NY,12205-5230,Proprietary  ,22,94,116,304,984,1288
00268100,CANISIUS COLLEGE                        ,NY,14208-1098,Private      ,41,89,130,4616,1711,6327
00268300,SEMINARY OF THE IMMACULATE CONCEPT      ,NY,11743-0000,Private      ,0,0,0,1,0,1
00268500,CAZENOVIA COLLEGE                       ,NY,13035-1085,Private      ,10,7,17,1797,164,1961
00268700,CUNY-BROOKLYN COLLEGE                   ,NY,11210-2814,Public       ,317,364,681,14774,10599,25373
00268800,CITY COLLEGE-CUNY                       ,NY,10031-9198,Public       ,334,311,645,17364,8700,26064
00268900,CUNY-HUNTER COLLEGE                     ,NY,10021-0000,Public       ,500,423,923,23812,14400,38212
00269000,QUEENS COLLEGE-CUNY                     ,NY,11367-1597,Public       ,373,408,781,14768,8480,23248
00269100,CUNY- BOROUGH OF MANHATTAN CMTY CLG     ,NY,10007-1047,Public       ,820,737,1557,19781,13831,33612
00269200,CUNY BRONX COMMUNITY COLLEGE            ,NY,10453-3102,Public       ,400,453,853,9486,8644,18130
00269300,CUNY-JOHN JAY CLG CRIMINAL JUSTICE      ,NY,10019-1093,Public       ,266,241,507,13680,7083,20763
00269400,KINGSBOROUGH COMMUNITY COLLEGE          ,NY,11235-2398,Public       ,783,577,1360,11181,6720,17901
00269600,NY CITY COLLEGE OF TECHNOLOGY-CUNY      ,NY,11201-2983,Public       ,392,405,797,13328,7796,21124
00269700,QUEENSBOROUGH COMMUNITY COLLEGE         ,NY,11364-1497,Public       ,439,241,680,10246,5376,15622
00269800,CUNY THE COLLEGE OF STATEN ISLAND       ,NY,10314-6600,Public       ,236,205,441,9910,4599,14509
00269900,CLARKSON UNIVERSITY                     ,NY,13699-5615,Private      ,24,8,32,4385,362,4747
00270000,COLGATE ROCHESTER CROZER DIVINITY S     ,NY,14620-0000,Private      ,0,4,4,1,81,82
00270100,COLGATE UNIVERSITY                      ,NY,13346-1386,Private      ,40,4,44,4384,77,4461
00270300,COLLEGE OF MOUNT SAINT VINCENT          ,NY,10471-1093,Private      ,21,23,44,2146,463,2609
00270400,COLLEGE OF NEW ROCHELLE                 ,NY,10805-2339,Private      ,53,439,492,1021,5303,6324
00270500,COLLEGE OF SAINT ROSE                   ,NY,12203-1490,Private      ,47,84,131,4391,2360,6751
00270700,COLUMBIA UNIVERSITY                     ,NY,10027-0000,Private      ,82,113,195,5580,4031,9611
00270701,COLUMBIA UNIV ARCHITECTURE              ,NY,10027-0000,Private      ,1,14,15,52,818,870
00270702,COLUMBIA UNIV SCHOOL OF THE ARTS        ,NY,10027-0000,Private      ,3,9,12,107,1430,1537
00270703,COLUMBIA UNIV BUSINESS GRAD             ,NY,10027-0000,Private      ,0,28,28,25,1699,1724
00270704,COLUMBIA UNIV SCHOOL ENGIN-UNDERGRA     ,NY,10027-0000,Private      ,9,2,11,2204,93,2297
00270705,COLUMBIA UNIV SCHOOL GENERAL STUDIE     ,NY,10027-0000,Private      ,14,41,55,484,1311,1795
00270706,COLUMBIA UNIV GRAD SCHL ARTS & SCI      ,NY,10027-0000,Private      ,1,141,142,36,2033,2069
00270707,COLUMBIA UNIV SCH INTL PUB AFFAIRS      ,NY,10027-0000,Private      ,4,42,46,18,1488,1506
00270708,COLUMBIA UNIV JOURNALISM GRAD           ,NY,10027-0000,Private      ,1,10,11,22,702,724
00270710,COLUMBIA UNIV COLUMBIA COLLEGE          ,NY,10027-0000,Private      ,66,10,76,8915,372,9287
00270711,COLUMBIA UNIV SCHOOL OF LAW             ,NY,10027-0000,Private      ,1,24,25,35,4506,4541
00270712,COLUMBIA UNIV SOCIAL WORK               ,NY,10025-0000,Private      ,0,12,12,14,1096,1110
00270713,COLUMBIA UNIV SCHL DENT & ORAL SURG     ,NY,10032-0000,Private      ,0,2,2,5,406,411
00270714,COLUMBIA UNIV INST HUMAN NUTRITION      ,NY,10032-0000,Private      ,0,0,0,3,74,77
00270715,COLUMBIA UNIV NURSING                   ,NY,10032-0000,Private      ,6,19,25,122,896,1018
00270716,COLUMBIA UNIV COLL PHYS & SURGEONS      ,NY,10032-0000,Private      ,1,3,4,29,1170,1199
00270717,COLUMBIA UNIV PHYSICAL THERAPY          ,NY,10032-0000,Private      ,1,4,5,9,146,155
00270718,COLUMBIA UNIV OCCUPATIONAL THERAPY      ,NY,10032-0000,Private      ,0,3,3,4,104,108
00270719,COLUMBIA UNIV PUBLIC HEALTH             ,NY,10032-0000,Private      ,1,9,10,10,1060,1070
00270720,COLUMBIA UNIV - ENGINEERING (GRAD)      ,NY,10027-0000,Private      ,3,11,14,70,426,496
00270721,COLUMBIA UNIV-CONT ED & SP PROGMS       ,NY,10027-0000,Private      ,2,27,29,13,475,488
00270800,BARNARD COLLEGE-COLUMBIA UNIV           ,NY,10027-6598,Private      ,32,12,44,3708,190,3898
00270900,CONCORDIA COLLEGE                       ,NY,10708-1998,Private      ,6,20,26,757,327,1084
00271000,COOPER UNION                            ,NY,10003-7120,Private      ,29,9,38,1700,217,1917
00271100,CORNELL UNIVERSITY                      ,NY,14853-2801,Private      ,213,112,325,25432,6449,31881
00271101,WEILL CORNELL MEDICAL COLLEGE AND GRADUA,NY,10021-0000,Private      ,1,29,30,26,862,888
00271200,D'YOUVILLE COLLEGE                      ,NY,14201-1084,Private      ,20,58,78,1622,1723,3345
00271300,DOMINICAN COLLEGE                       ,NY,10962-1299,Private      ,21,46,67,1649,966,2615
00271800,ELMIRA COLLEGE                          ,NY,14901-2099,Private      ,23,38,61,2078,630,2708
00272200,FORDHAM UNIVERSITY                      ,NY,10458-5157,Private      ,273,220,493,19701,10240,29941
00272600,GENERAL THEOLOGICAL SEMINARY            ,NY,10011-0000,Private      ,0,0,0,1,112,113
00272800,HAMILTON COLLEGE                        ,NY,13323-1218,Private      ,17,1,18,2759,49,2808
00272900,HARTWICK COLLEGE                        ,NY,13820-4020,Private      ,37,5,42,2549,94,2643
00273100,HOBART & WILLIAM SMITH COLLEGES         ,NY,14456-3397,Private      ,20,1,21,3684,67,3751
00273200,HOFSTRA UNIVERSITY                      ,NY,11549-1010,Private      ,209,166,375,16669,6703,23372
00273400,HOUGHTON COLLEGE                        ,NY,14744-0128,Private      ,5,26,31,1612,231,1843
00273500,HILBERT COLLEGE                         ,NY,14075-1597,Private      ,13,16,29,967,353,1320
00273700,IONA COLLEGE                            ,NY,10801-1890,Private      ,73,58,131,6904,1271,8175
00273900,ITHACA COLLEGE                          ,NY,14850-7130,Private      ,89,13,102,12378,867,13245
00274000,JEWISH THEOLOGICAL SEMINARY OF AMER     ,NY,10027-4649,Private      ,0,2,2,120,175,295
00274200,THE JUILLIARD SCHOOL                    ,NY,10023-6588,Private      ,13,6,19,1147,586,1733
00274400,KEUKA COLLEGE                           ,NY,14478-0000,Private      ,13,77,90,1307,1194,2501
00274800,LEMOYNE COLLEGE                         ,NY,13214-1399,Private      ,34,49,83,4423,1077,5500
00274900,NEW YORK COLLEGE OF PODIATRIC MED       ,NY,10035-0000,Private      ,2,7,9,54,416,470
00275100,LONG ISLAND UNIVERSITY                  ,NY,11548-1326,Private      ,270,581,851,11666,10993,22659
00275101,LONG ISLAND UNIVERSITY - BRENTWOOD CAMPU,NY,11717-5326,Private      ,0,0,0,0,7,7
00275102,LONG ISLAND UNIVERSITY - ROCKLAND CAMPUS,NY,10962-0000,Private      ,0,0,0,1,7,8
00275104,LONG ISLAND UNIVERSITY - NEW YORK UNIVER,NY,10011-0000,Private      ,0,0,0,3,5,8
00275105,LONG ISLAND UNIVERSITY - WEST POINT CAMP,NY,10966-0000,Private      ,0,0,0,3,0,3
00275106,LONG ISLAND UNIVERSITY - JEWISH BOARD OF,NY,10019-0000,Private      ,0,0,0,0,1,1
00275107,LONG ISLAND UNIVERSITY - QUEENS DISTRICT,NY,11364-0000,Private      ,0,0,0,0,1,1
00275110,LONG ISLAND UNIVERSITY - WESTBURY SENIOR,NY,11568-1619,Private      ,0,0,0,4,3,7
00275111,LONG ISLAND UNIVERSITY - BABYLON SENIOR ,NY,11702-2222,Private      ,0,0,0,0,1,1
00275115,LONG ISLAND UNIVERSITY - SOUTHAMPTON COL,NY,11968-4198,Private      ,0,0,0,0,3,3
00275116,LONG ISLAND UNIVERSITY - BROOKLYN       ,NY,11201-8423,Private      ,0,0,0,41,95,136
00275800,MANHATTAN COLLEGE                       ,NY,10471-4098,Private      ,54,26,80,5332,541,5873
00275900,MANHATTAN SCHOOL OF MUSIC               ,NY,10027-4698,Private      ,6,8,14,667,717,1384
00276000,MANHATTANVILLE COLLEGE                  ,NY,10577-2132,Private      ,42,84,126,2918,1133,4051
00276300,MARIA COLLEGE                           ,NY,12208-1798,Private      ,4,26,30,214,820,1034
00276500,MARIST COLLEGE                          ,NY,12601-1387,Private      ,93,67,160,9538,1265,10803
00276900,MARYMOUNT MANHATTAN COLLEGE             ,NY,10021-4597,Private      ,44,11,55,3301,359,3660
00277200,MERCY COLLEGE                           ,NY,10522-1189,Private      ,146,538,684,3729,7536,11265
00277500,MOLLOY COLLEGE                          ,NY,11570-1100,Private      ,54,78,132,2764,1934,4698
00277700,MEDAILLE COLLEGE                        ,NY,14214-2695,Private      ,11,86,97,1613,1494,3107
00277800,MOUNT SAINT MARY COLLEGE                ,NY,12550-3494,Private      ,31,56,87,2793,1189,3982
00277900,NAZARETH COLLEGE OF ROCHESTER           ,NY,14618-3790,Private      ,21,29,50,3095,1639,4734
00278200,NEW YORK INSTITUTE OF TECHNOLOGY        ,NY,11568-8000,Private      ,99,123,222,4990,3320,8310
00278202,NY INSTITUTE OF TECHNOLOGY-OSTEOPATHIC M,NY,11568-0000,Private      ,2,5,7,108,1126,1234
00278300,NEW YORK LAW SCHOOL                     ,NY,10013-0000,Private      ,2,22,24,36,3486,3522
00278400,NEW YORK MEDICAL COLLEGE                ,NY,10595-0000,Private      ,0,15,15,18,2222,2240
00278500,NEW YORK UNIVERSITY                     ,NY,10012-1091,Private      ,360,581,941,34685,29437,64122
00278800,NIAGARA UNIVERSITY                      ,NY,14109-2010,Private      ,29,35,64,3813,872,4685
00279000,NYACK COLLEGE                           ,NY,10960-3698,Private      ,20,202,222,1432,2323,3755
00279100,PACE UNIVERSITY - NEW YORK              ,NY,10038-1598,Private      ,98,137,235,8105,3511,11616
00279101,PACE UNIVERSITY-PLEASANTVILLE           ,NY,10570-0000,Private      ,40,68,108,3454,1194,4648
00279102,PACE UNIVERSITY - WHITE PLAINS          ,NY,10603-0000,Private      ,7,41,48,320,2315,2635
00279500,PAUL SMITHS CLG OF ARTS & SCIENCES      ,NY,12970-0000,Private      ,10,5,15,1152,155,1307
00279600,POLYTECHNIC INTSTITUTE OF NEW YORK UNIV ,NY,11201-3840,Private      ,36,55,91,2236,1029,3265
00279800,PRATT INSTITUTE                         ,NY,11205-3899,Private      ,55,49,104,4707,2872,7579
00280300,RENSSELAER POLYTECHNIC INSTITUTE        ,NY,12180-3590,Private      ,60,13,73,10254,718,10972
00280500,ROBERTS WESLEYAN COLLEGE                ,NY,14624-1997,Private      ,8,61,69,1479,1249,2728
00280600,ROCHESTER INSTITUTE OF TECHNOLOGY       ,NY,14623-5608,Private      ,146,122,268,14328,3165,17493
00280700,ROCKEFELLER UNIVERSITY                  ,NY,10021-0000,Private      ,1,0,1,9,22,31
00280800,DAEMEN COLLEGE                          ,NY,14226-3592,Private      ,31,48,79,2080,1028,3108
00281000,THE SAGE COLLEGES                       ,NY,12180-4199,Private      ,19,51,70,1505,1881,3386
00281200,TROCAIRE COLLEGE                        ,NY,14220-2094,Private      ,16,55,71,552,1394,1946
00281300,SARAH LAWRENCE COLLEGE                  ,NY,10708-5999,Private      ,20,8,28,2007,764,2771
00281400,SKIDMORE COLLEGE                        ,NY,12866-1632,Private      ,22,7,29,4016,143,4159
00281401,SKIDMORE COLL-UNIV WITHOUT WALLS        ,NY,12866-0000,Private      ,0,1,1,26,16,42
00281500,ST BERNARDS SCH THEOLOGY & MINISTRY     ,NY,14618-3822,Private      ,0,0,0,1,42,43
00281600,SIENA COLLEGE                           ,NY,12211-1462,Private      ,60,9,69,5937,262,6199
00281700,ST BONAVENTURE UNIVERSITY               ,NY,14778-2284,Private      ,14,14,28,2530,580,3110
00282000,ST FRANCIS COLLEGE                      ,NY,11201-4398,Private      ,69,39,108,2357,588,2945
00282100,ST JOHN FISHER COLLEGE                  ,NY,14618-3597,Private      ,32,33,65,4431,1825,6256
00282200,CHRIST THE KING SEMINARY                ,NY,14052-0607,Private      ,0,0,0,1,8,9
00282300,ST JOHN'S UNIVERSITY                    ,NY,11439-1343,Private      ,329,148,477,23588,7008,30596
00282500,ST JOSEPH'S COLLEGE                     ,NY,11205-3688,Private      ,16,53,69,1103,734,1837
00282501,ST JOSEPH'S COLLEGE-SUFFOLK CAMPUS      ,NY,11772-0000,Private      ,62,73,135,3209,1404,4613
00282600,ST JOSEPH'S SEMINARY                    ,NY,10704-0000,Private      ,0,0,0,1,0,1
00282900,ST LAWRENCE UNIVERSITY                  ,NY,13617-1455,Private      ,37,7,44,2904,136,3040
00283200,ST THOMAS AQUINAS COLLEGE               ,NY,10976-1050,Private      ,35,15,50,1838,385,2223
00283300,ST VLADIMIR ORTHODOX THEOL SEM          ,NY,10707-0000,Private      ,0,0,0,0,58,58
00283400,EXCELSIOR COLLEGE                       ,NY,12203-5159,Private      ,19,766,785,234,6632,6866
00283500,SUNY AT ALBANY                          ,NY,12222-0001,Public       ,291,123,414,21126,5665,26791
00283600,BINGHAMTON UNIVERSITY (SUNY)            ,NY,13902-6000,Public       ,300,78,378,24110,3065,27175
00283700,SUNY AT BUFFALO                         ,NY,14260-0001,Public       ,294,144,438,22743,10344,33087
00283800,SUNY AT STONY BROOK                     ,NY,11794-0001,Public       ,408,218,626,24466,7853,32319
00283900,SUNY-DOWNSTATE MEDICAL CENTER           ,NY,11203-2098,Public       ,4,37,41,139,1981,2120
00284000,SUNY UPSTATE MEDICAL UNIVERSITY         ,NY,13210-2375,Public       ,0,17,17,183,1291,1474
00284100,SUNY BROCKPORT - FIN AID OFF            ,NY,14420-2914,Public       ,117,92,209,9136,3101,12237
00284200,BUFFALO STATE COLLEGE - SUNY            ,NY,14222-1095,Public       ,214,190,404,11979,5549,17528
00284300,SUNY COLLEGE-CORTLAND                   ,NY,13045-0900,Public       ,88,59,147,11248,1867,13115
00284400,SUNY AT FREDONIA                        ,NY,14063-1145,Public       ,67,18,85,7460,1073,8533
00284500,SUNY GENESEO                            ,NY,14454-1401,Public       ,79,13,92,9728,561,10289
00284600,SUNY COLLEGE-NEW PALTZ                  ,NY,12561-2499,Public       ,169,70,239,12049,2385,14434
00284700,SUNY COLLEGE-ONEONTA                    ,NY,13820-4015,Public       ,109,22,131,10522,822,11344
00284800,SUNY OSWEGO                             ,NY,13126-3599,Public       ,121,79,200,10318,2387,12705
00284900,SUNY COLLEGE AT PLATTSBURGH             ,NY,12901-2681,Public       ,96,47,143,7002,1512,8514
00285000,SUNY COLLEGE-POTSDAM                    ,NY,13676-2294,Public       ,72,33,105,4928,1087,6015
00285100,SUNY COLLEGE OF ENVIRONMENT SCIENCE AND ,NY,13210-2778,Public       ,21,10,31,2042,557,2599
00285300,SUNY MARITIME COLLEGE                   ,NY,10465-4198,Public       ,22,7,29,1456,322,1778
00285400,SUNY COLLEGE OF TECHNOLOGY-ALFRED       ,NY,14802-9951,Public       ,34,21,55,3838,936,4774
00285500,SUNY CANTON COLG OF TECHNOLOGY          ,NY,13617-1098,Public       ,57,55,112,2903,1502,4405
00285600,SUNY AG & TECH COLLEGE-COBLESKILL       ,NY,12043-9986,Public       ,55,23,78,3150,545,3695
00285700,SUNY DELHI                              ,NY,13753-1190,Public       ,47,26,73,3516,906,4422
00285800,SUNY FARMINGDALE                        ,NY,11735-1021,Public       ,140,94,234,5789,2165,7954
00285900,SUNY COLLEGE OF AG & TECH AT MORRISVILLE,NY,13408-0901,Public       ,50,65,115,3661,1262,4923
00286000,ADIRONDACK COMMUNITY COLLEGE            ,NY,12804-2004,Public       ,92,88,180,2083,1705,3788
00286100,CAYUGA COMMUNITY COLLEGE                ,NY,13021-3099,Public       ,79,202,281,1943,2437,4380
00286200,BROOME COMMUNITY COLLEGE                ,NY,13902-0000,Public       ,100,133,233,3589,2893,6482
00286300,CORNING COMMUNITY COLLEGE               ,NY,14830-3297,Public       ,76,152,228,2036,2555,4591
00286400,DUTCHESS COMMUNITY COLLEGE              ,NY,12601-1595,Public       ,191,204,395,3447,2603,6050
00286600,FASHION INSTITUTE OF TECHNOLOGY         ,NY,10001-5992,Public       ,121,97,218,7649,3462,11111
00286700,SUNY FULTON MONTGOMERY COMM CLG         ,NY,12095-3790,Public       ,57,95,152,1526,1233,2759
00286800,HUDSON VALLEY COMMUNITY COLLEGE         ,NY,12180-6096,Public       ,206,221,427,7182,4960,12142
00286900,JAMESTOWN COMMUNITY COLLEGE             ,NY,14702-0020,Public       ,73,110,183,2692,2339,5031
00287000,JEFFERSON COMMUNITY COLLEGE             ,NY,13601-1897,Public       ,53,191,244,1494,2045,3539
00287100,"SUNY, MOHAWK VALLEY COMMUNITY CLG       ",NY,13501-5394,Public       ,95,174,269,4346,3340,7686
00287200,MONROE COMMUNITY COLLEGE                ,NY,14623-5780,Public       ,410,690,1100,10494,9738,20232
00287300,NASSAU COMMUNITY COLLEGE                ,NY,11530-6793,Public       ,455,365,820,11424,6205,17629
00287400,NIAGARA COUNTY COMMUNITY COLLEGE        ,NY,14132-9460,Public       ,96,108,204,4310,3598,7908
00287500,ONONDAGA COMMUNITY COLLEGE              ,NY,13215-4585,Public       ,221,273,494,6551,4596,11147
00287600,ORANGE COUNTY COMMUNITY COLLEGE         ,NY,10940-6441,Public       ,133,136,269,3054,2386,5440
00287700,ROCKLAND COMMUNITY COLLEGE              ,NY,10901-3611,Public       ,160,156,316,2591,2110,4701
00287800,SUFFOLK COMMUNITY COLLEGE               ,NY,11784-2899,Public       ,300,241,541,7365,3709,11074
00287801,SUFFOLK COMMUNITY CLG-W. CAMPUS         ,NY,11717-0000,Public       ,142,139,281,3499,2689,6188
00287803,SUFFOLK COMMUNITY CLG-EASTRN CAMPUS     ,NY,11901-0000,Public       ,53,62,115,1150,872,2022
00287900,SULLIVAN COUNTY COMMUNITY COLLEGE       ,NY,12759-5151,Public       ,51,45,96,1625,897,2522
00288000,ULSTER COUNTY COMMUNITY COLLEGE         ,NY,12484-0557,Public       ,65,66,131,1402,1105,2507
00288100,SUNY WESTCHESTER COMMUNITY COLLEGE      ,NY,10595-1698,Public       ,204,270,474,5383,4620,10003
00288200,SYRACUSE UNIVERSITY                     ,NY,13244-2130,Private      ,205,197,402,20533,6461,26994
00288300,UTICA COLLEGE OF SYRACUSE UNIV          ,NY,13502-4892,Private      ,36,55,91,3432,1706,5138
00288500,ALBANY COLLEGE OF PHARMACY AND HEALTH SC,NY,12208-3492,Private      ,17,2,19,1529,664,2193
00288600,ALBANY LAW SCHOOL                       ,NY,12208-0000,Private      ,2,6,8,31,1598,1629
00288700,ALBANY MEDICAL COLLEGE                  ,NY,12208-0000,Private      ,2,4,6,43,1100,1143
00288900,UNION COLLEGE                           ,NY,12308-2311,Private      ,34,5,39,3303,102,3405
00289000,UNION THEOLOGICAL SEMINARY              ,NY,10027-0000,Private      ,0,1,1,0,307,307
00289200,UNITED STATES MERCHANT MARINE ACADEMY   ,NY,11024-1699,Public       ,5,1,6,427,27,454
00289400,UNIVERSITY OF ROCHESTER                 ,NY,14627-9000,Private      ,72,78,150,7650,1957,9607
00289401,EASTMAN SCH OF MUSIC/UNIV ROCHESTER     ,NY,14604-0000,Private      ,11,2,13,731,382,1113
00289402,UNIV OF ROCHESTER SCHL OF MEDICINE      ,NY,14642-0000,Private      ,2,9,11,45,765,810
00289500,VASSAR COLLEGE                          ,NY,12604-0008,Private      ,28,4,32,5022,121,5143
00289600,VILLA MARIA COLLEGE-BUFFALO             ,NY,14225-3999,Private      ,7,18,25,490,278,768
00289900,WAGNER COLLEGE                          ,NY,10301-4495,Private      ,30,19,49,2779,439,3218
00290000,WEBB INSTITUTE                          ,NY,11542-1398,Private      ,0,0,0,54,7,61
00290100,WELLS COLLEGE                           ,NY,13026-0500,Private      ,17,3,20,1282,87,1369
00290300,YESHIVA UNIVERSITY                      ,NY,10033-3201,Private      ,24,32,56,2102,3503,5605
00290302,YESHIVA UNIVERSITY - BRONX CAMPUS       ,NY,10461-1975,Private      ,1,10,11,19,1210,1229
00397400,MESIVTHA TIFERETH JERUSALEM OF AMER     ,NY,10002-6382,Private      ,1,0,1,27,0,27
00397600,RABBINICAL ACAD MESIVTA RABBI CHAIM     ,NY,11230-4715,Private      ,8,0,8,26,2,28
00397700,RABBINICAL COLLEGE CH'SAN SOFER         ,NY,11204-1252,Private      ,20,18,38,20,25,45
00397800,RABBINICAL SEMINARY OF AMERICA          ,NY,11375-0000,Private      ,4,0,4,17,25,42
00397900,COLUMBIA UNIV TEACHERS COLLEGE          ,NY,10027-0000,Private      ,6,180,186,38,4618,4656
00405400,HEBREW UNION COL-JEWISH INST OF REL     ,NY,10012-0000,Private      ,0,0,0,0,93,93
00455301,ITT TECHNICAL INSTITUTE                 ,NY,12205-0000,Proprietary  ,39,122,161,229,659,888
00475900,"CUNY, YORK COLLEGE                      ",NY,11451-0001,Public       ,199,192,391,7794,4624,12418
00476500,CUNY GRADUATE SCH & UNIV CTR            ,NY,10016-4309,Public       ,2,113,115,79,2957,3036
00477600,CENTRAL YESHIVA TOMCHEI TMIMIM LUBA     ,NY,11230-2798,Private      ,194,5,199,372,33,405
00478800,HERKIMER COUNTY COMMUNITY COLLEGE       ,NY,13350-1598,Public       ,59,66,125,2709,1411,4120
00479800,MIRRER YESHIVA CENTRAL INST             ,NY,11223-2010,Private      ,2,6,8,87,59,146
00479900,MONROE COLLEGE                          ,NY,10468-4305,Proprietary  ,164,380,544,3908,6787,10695
00481100,EVEREST INSTITUTE                       ,NY,14621-3007,Proprietary  ,75,314,389,481,2344,2825
00506401,ST JAMES MERCY HOSP SCH OF RAD          ,NY,14843-2197,Private      ,0,0,0,11,23,34
00506600,FAXTON ST. LUKE'S SCHOOL OF RADIOGRAPHY ,NY,13502-4856,Private      ,0,1,1,20,19,39
00520800,THE COLLEGE OF WESTCHESTER              ,NY,10602-0000,Proprietary  ,39,134,173,983,959,1942
00587700,ROBERT J HOCHSTIM SCHOOL OF RADIOG      ,NY,11572-1151,Private      ,0,1,1,1,8,9
00643501,ARNOT OGDEN MEDICAL CENTER              ,NY,14905-1676,Private      ,1,2,3,32,56,88
00643800,PHILLIPS BETH ISRAEL SCH OF NURSING     ,NY,10001-6354,Private      ,0,6,6,95,318,413
00644300,COCHRAN SCH NSG-ST JOHN RVSDE HOSP      ,NY,10701-1399,Private      ,0,6,6,53,394,447
00644500,CROUSE HOSP SCH OF NURSING              ,NY,13210-1690,Private      ,4,6,10,155,264,419
00644800,ELLIS HOSPITAL SCHOOL OF NURSING        ,NY,12308-0000,Private      ,0,5,5,43,146,189
00646101,ST ELIZABETH COLLEGE OF NURSING         ,NY,13501-2998,Private      ,0,2,2,109,207,316
00646102,ST ELIZABETH SCH OF RADIOGRAPHY         ,NY,13501-0000,Private      ,0,2,2,16,24,40
00646700,SAINT JOSEPH'S COLLEGE OF NURSING       ,NY,13203-1806,Private      ,3,3,6,176,260,436
00678200,GENESEE COMMUNITY COLLEGE               ,NY,14020-9704,Public       ,99,186,285,2807,2739,5546
00678500,SCHENECTADY COUNTY COMMUNITY CLG        ,NY,12305-2294,Public       ,96,124,220,2143,2163,4306
00678700,CLINTON COMMUNITY COLLEGE               ,NY,12901-5690,Public       ,44,58,102,1310,845,2155
00678800,TOMPKINS CORTLAND COMMUNITY COLLEGE     ,NY,13053-8504,Public       ,75,104,179,2697,1780,4477
00678900,COLUMBIA-GREENE COMMUNITY COLLEGE       ,NY,12534-9543,Public       ,44,62,106,1059,905,1964
00679100,SUNY AT PURCHASE                        ,NY,10577-1400,Public       ,99,24,123,6818,1065,7883
00702200,CUNY-LEHMAN COLLEGE                     ,NY,10468-1589,Public       ,212,355,567,11249,9183,20432
00702600,"MT SINAI SCH OF MEDICINE, NY UNIV       ",NY,10029-0000,Private      ,0,8,8,17,1088,1105
00710900,SUNY COLLEGE-OLD WESTBURY               ,NY,11568-0210,Public       ,111,75,186,5267,1833,7100
00711100,NORTH COUNTRY COMMUNITY COLLEGE         ,NY,12983-2046,Public       ,34,51,85,753,784,1537
00726400,MESIFTA TORAH VODAATH RABBINCAL SEM     ,NY,11218-5209,Private      ,1,3,4,25,31,56
00727300,CUNY-BERNARD BARUCH COLLEGE             ,NY,10010-5518,Public       ,377,284,661,15612,7956,23568
00730400,CULINARY INSTITUTE OF AMERICA           ,NY,12538-1499,Private      ,134,122,256,3416,1673,5089
00737200,AUSTIN'S SCHOOL OF SPA TECHNOLOGY       ,NY,12206-1513,Proprietary  ,32,72,104,195,457,652
00737500,ISLAND DRAFTING & TECHNICAL INST        ,NY,11701-2704,Proprietary  ,6,11,17,82,109,191
00738700,LONG ISLAND BEAUTY SCHOOL               ,NY,11788-4346,Proprietary  ,31,34,65,100,156,256
00738800,LONG ISLAND BEAUTY SCHOOL               ,NY,11550-3704,Proprietary  ,6,38,44,46,159,205
00739100,BEAUTY SCHOOL OF MIDDLETOWN             ,NY,10940-6574,Proprietary  ,5,15,20,34,84,118
00739400,BERKELEY COLLEGE                        ,NY,10017-0000,Proprietary  ,137,340,477,2781,3301,6082
00739402,BERKELEY COLLEGE-WESTCHESTER CAMPUS     ,NY,10601-1533,Proprietary  ,27,35,62,847,452,1299
00739800,KATHARINE GIBBS SCHOOL                  ,NY,10018-2602,Proprietary  ,0,1,1,109,212,321
00740100,MANDL SCHOOL                            ,NY,10019-5516,Proprietary  ,8,60,68,163,772,935
00740500,WOOD TOBE-COBURN SCHOOL                 ,NY,10016-0102,Proprietary  ,21,15,36,615,150,765
00746500,AMERICAN ACADEMY OF DRAMATIC ARTS       ,NY,10016-7089,Private      ,8,7,15,407,175,582
00746600,LIM COLLEGE                             ,NY,10022-5268,Proprietary  ,20,20,40,1704,237,1941
00746800,SCHOOL OF VISUAL ARTS                   ,NY,10010-3994,Proprietary  ,57,32,89,3910,1614,5524
00750602,LINCOLN TECHNICAL INSTITUTE             ,NY,11357-6092,Proprietary  ,62,65,127,606,412,1018
00751800,APEX TECHNICAL SCHOOL                   ,NY,10011-2008,Proprietary  ,223,535,758,1054,2615,3669
00752200,CONTINENTAL SCH OF BEAUTY CULTURE       ,NY,14623-3231,Proprietary  ,30,95,125,218,594,812
00753200,FINGER LAKES COMMUNITY COLLEGE          ,NY,14424-8395,Public       ,92,151,243,3538,2519,6057
00757200,AMERICAN MUSICAL AND DRAMATIC ACAD      ,NY,10023-2106,Private      ,39,11,50,1724,321,2045
00757300,EMPIRE BEAUTY SCHOOL                    ,NY,11103-4028,Proprietary  ,13,39,52,95,250,345
00780400,CAREER ACADEMY OF NEW YORK              ,NY,10011-7307,Proprietary  ,35,139,174,216,853,1069
00818900,CONTINENTAL SCH OF BEAUTY CULTURE       ,NY,14223-0000,Proprietary  ,2,4,6,10,24,34
00818902,CONTINENTAL SCHOOL OF BEAUTY CULTURE  - ,NY,14224-3402,Proprietary  ,0,0,0,3,2,5
00843700,CHAMPLAIN VALLEY - TEC/PRN              ,NY,12901-0000,Public       ,1,1,2,19,45,64
00849500,JAMESTOWN BUSINESS COLLEGE              ,NY,14702-0429,Proprietary  ,3,50,53,157,393,550
00861100,"CUNY, HOSTOS CMTY COLLEGE               ",NY,10451-1499,Public       ,186,229,415,4871,5598,10469
00861400,RABBINICAL CLG BOBOVER YESHIVA BNEI     ,NY,11219-3293,Private      ,44,11,55,130,34,164
00861700,RABBINICAL SEM MKOR CHAIM-YESHIVA       ,NY,11219-4300,Private      ,5,0,5,20,1,21
00878800,SUNY-STUDENT LOAN SERVICE CENTER        ,NY,12144-3440,Public       ,0,1,1,12,7,19
00900300,OLEAN BUSINESS INSTITUTE INC            ,NY,14760-2691,Proprietary  ,1,8,9,25,91,116
00902900,NEIGHBORHOOD PLAYHOUSE                  ,NY,10022-5017,Private      ,0,1,1,25,37,62
00904300,ELMIRA BUSINESS INSTITUTE               ,NY,14901-2731,Proprietary  ,25,196,221,151,1040,1191
00907700,UTICA SCHOOL OF COMMERCE                ,NY,13501-2280,Proprietary  ,15,46,61,180,550,730
00924800,SAMARITAN HOSPITAL SCH NURSING          ,NY,12180-2475,Private      ,0,1,1,46,196,242
00928300,MIDWAY-PARIS BEAUTY SCHOOL              ,NY,11385-3453,Proprietary  ,5,24,29,30,121,151
00928400,LEARNING INST FOR BEAUTY SCIENCES       ,NY,11756-1345,Proprietary  ,19,69,88,119,295,414
00933500,MESIVTA EASTERN PKWY RABBINICAL CLG     ,NY,11218-5559,Private      ,1,0,1,22,6,28
00947900,SAINT VINCENTS CMC SI NURSING SCHOOL    ,NY,10304-3850,Proprietary  ,4,19,23,80,183,263
00976900,METROPOLITAN COLLEGE OF NEW YORK        ,NY,10013-1919,Private      ,10,76,86,213,1773,1986
00992900,SUNY COLLEGE OF OPTOMETRY               ,NY,10036-8003,Public       ,0,0,0,24,350,374
01005100,LA GUARDIA CMTY COLLEGE - CUNY          ,NY,11101-3083,Public       ,609,719,1328,10507,8699,19206
01005200,JEFFERSON-LEWIS BOCES PRAC NRSGPRG      ,NY,13601-9509,Public       ,3,7,10,27,122,149
01009700,CUNY-MEDGAR W EVERS COLLEGE             ,NY,11225-2010,Public       ,196,359,555,4928,5830,10758
01014200,TOURO COLLEGE                           ,NY,10010-4202,Private      ,300,746,1046,3738,12791,16529
01014700,WESTERN SUFFOLK BOCES                   ,NY,11768-3499,Public       ,8,62,70,80,345,425
01015300,HELENE FULD COL OF NRSNG/N GEN HOSP     ,NY,10035-0000,Private      ,1,84,85,29,561,590
01028600,EMPIRE STATE COLLEGE                    ,NY,12866-4391,Public       ,48,678,726,839,12161,13000
01037800,RABBINICAL COLLEGE OF LONG ISLAND       ,NY,11561-3244,Private      ,11,0,11,46,1,47
01054900,KEHILATH YAKOV RABBINICAL SEMINARY      ,NY,10562-1001,Private      ,20,1,21,40,10,50
01055100,NEW YORK SCH MED & DENTAL ASSISTANT     ,NY,11101-2327,Proprietary  ,19,51,70,184,435,619
01064100,SOUTHERN WESTCHESTER BOCES              ,NY,10543-0000,Public       ,1,7,8,18,148,166
01068400,ERIE COMMUNITY COLLEGE-ALL CAMPUSES     ,NY,14203-2698,Public       ,311,413,724,8492,8090,16582
01081300,AMERICAN ACAD MCALLISTER INST           ,NY,10019-3604,Private      ,0,18,18,79,341,420
01083700,SIMMONS INST OF FUNERAL SERVICE         ,NY,13207-2098,Proprietary  ,0,1,1,35,38,73
01093000,SUBURBAN TECHNICAL SCHOOL               ,NY,11550-3771,Proprietary  ,52,251,303,278,1091,1369
01094300,RABBINICAL COLLEGE BETH SHRAGA          ,NY,10952-3033,Private      ,7,0,7,16,0,16
01095200,PNW BOCES LPN PROGRAM                   ,NY,10598-0000,Public       ,0,5,5,11,91,102
01103100,TECHNICAL CAREER INSTITUTE              ,NY,10001-2789,Proprietary  ,336,675,1011,2665,5301,7966
01118900,UNITED TALMUDICAL SEMINARY              ,NY,11211-7984,Private      ,99,249,348,595,483,1078
01161400,CHAMPLAIN VALLEY HOSP SCH RAD TECH      ,NY,12901-1490,Private      ,1,0,1,23,11,34
01161700,NEW YORK METHODIST HOSPITAL             ,NY,11229-9023,Private      ,1,10,11,67,165,232
01164700,SBI CAMPUS - AN AFFILIATE OF SANFORD-BRO,NY,11747-3785,Proprietary  ,37,92,129,371,666,1037
01167000,YESHIVA OF NITRA RABBINICAL COLLEGE     ,NY,11211-7108,Private      ,32,14,46,80,15,95
01167700,MEMORIAL SLOAN KETTERING CANCER CTR     ,NY,10021-6094,Private      ,0,2,2,1,25,26
01167800,SUNY INST OF TECHNOLOGY UTICA ROME      ,NY,13504-3050,Public       ,16,37,53,1691,1257,2948
01182100,YESHIVATH ZICHRON MOSHE                 ,NY,12779-0580,Private      ,27,1,28,89,3,92
01183000,BERK TRADE AND BUSINESS SCHOOL          ,NY,11101-0000,Proprietary  ,22,54,76,48,201,249
01185900,WORD OF LIFE BIBLE INSTITUTE            ,NY,12860-0129,Private      ,10,1,11,513,82,595
01186000,MERCY MED CNTR SCHL OF RADIOGRAPHY      ,NY,11570-1098,Private      ,0,1,1,6,15,21
01192100,WESTCHESTER SCH OF BEAUTY CULTURE       ,NY,10550-2295,Proprietary  ,0,12,12,16,104,120
01192200,BETH HATALMUD RABBINICAL CLG            ,NY,11214-2594,Private      ,38,1,39,40,1,41
01198400,OHR HAMEIR THEOLOGICAL SEMINARY         ,NY,10566-0990,Private      ,21,0,21,52,2,54
01201100,TALMUDICAL SEM OHOLEI TORAH             ,NY,11213-3310,Private      ,67,1,68,197,1,198
01207200,PHILLIPS HAIRSTYLING INSTITUTE          ,NY,13210-1509,Proprietary  ,4,17,21,41,131,172
01210700,INSTITUTE OF DESIGN & CONSTRUCTION      ,NY,11201-5380,Private      ,5,12,17,49,163,212
01220300,MEMORIAL HOSPITAL SCH OF NURSING        ,NY,12204-1083,Private      ,2,1,3,36,150,186
01227700,NEW YORK CHIROPRACTIC COLLEGE           ,NY,13148-0800,Private      ,1,17,18,20,730,750
01229300,VEEB NASSAU CNTY SCHL OF PRACT NURS     ,NY,11553-3037,Public       ,2,9,11,53,209,262
01235800,PLAZA COLLEGE                           ,NY,11372-6300,Proprietary  ,83,162,245,530,1213,1743
01236400,SAINT VINCENTS CATHOLIC MEDICAL CENTERS ,NY,11354-0000,Proprietary  ,4,14,18,53,222,275
01240700,SCHUYLER-CHEMUNG-TIOGA BOCES            ,NY,14903-1089,Public       ,2,11,13,28,161,189
01240701,STEUBEN SCHUYLER CHEMUNG TIOGA ALLEGANY ,NY,14870-9518,Public       ,0,0,0,1,2,3
01256100,FIVE TOWNS COLLEGE                      ,NY,11746-5871,Proprietary  ,31,21,52,1427,318,1745
01258900,ERIE 1 BOCES                            ,NY,14224-0000,Public       ,17,39,56,78,295,373
01265200,ONONDAGA CORTLAND MADISON BOCES         ,NY,13090-4500,Public       ,20,73,93,197,1032,1229
01278300,OSWEGO COUNTY BOCES ADULT CAREERS       ,NY,13114-4498,Public       ,4,14,18,35,138,173
01292700,CENTRAL TECH NURSING PROGRAM            ,NY,13202-3092,Public       ,1,1,2,15,80,95
01302600,MACHZIKEI HADATH RABBINICAL COLLEGE     ,NY,11204-1805,Private      ,9,22,31,16,22,38
01302700,YESHIVATH VIZNITZ                       ,NY,10952-3021,Private      ,0,0,0,1,0,1
01302900,BORICUA COLLEGE                         ,NY,10032-1599,Private      ,34,106,140,407,1217,1624
02056400,CAPRI COSMETOLOGY LEARNING CENTER       ,NY,10954-0000,Proprietary  ,17,41,58,83,205,288
02066200,THE NEW SCHOOL                          ,NY,10011-0000,Private      ,92,141,233,5424,6144,11568
02069000,NEW YORK SCHOOL OF INTERIOR DESIGN      ,NY,10021-0000,Private      ,3,11,14,207,355,562
02075700,BRIARCLIFFE COLLEGE                     ,NY,11714-0000,Proprietary  ,35,51,86,969,800,1769
02075702,BRIARCLIFFE COLLEGE - PATCHOGUE         ,NY,11772-3019,Proprietary  ,25,50,75,676,632,1308
02092400,RIDLEY-LOWELL SCHOOL OF BUSINESS        ,NY,13905-0000,Proprietary  ,5,42,47,42,338,380
02093700,LONG ISLAND BUSINESS INSTITUTE          ,NY,11725-0000,Proprietary  ,66,106,172,531,1179,1710
02093701,LONG ISLAND BUSINESS INSTITUTE - FLUSHIN,NY,11354-4429,Proprietary  ,0,0,0,31,49,80
02098400,HERKIMER COUNTY BOCES                   ,NY,13350-0000,Public       ,3,3,6,42,140,182
02104300,OTSEGO AREA SCHOOL OF PRAC NURSING      ,NY,12167-0000,Public       ,1,0,1,10,36,46
02105900,HAIR DESIGN INSTITUTE AT FIFTH AVE      ,NY,11220-0000,Proprietary  ,20,65,85,57,232,289
02106800,BRAMSON ORT COLLEGE                     ,NY,11375-0000,Private      ,89,131,220,442,753,1195
02110900,CATTARAUGUS/ALLEGANY BOCES              ,NY,14760-0000,Public       ,1,0,1,29,121,150
02112301,RIDLEY - LOWELL BUSINESS & TECHNICAL INS,NY,12601-3328,Proprietary  ,10,96,106,98,550,648
02116011,SANFORD-BROWN INSTITUTE - NEW YORK      ,NY,10003-2103,Proprietary  ,116,347,463,817,2213,3030
02118700,LONG ISLAND COLLEGE HOSPITAL - SCHOOL OF,NY,11201-6001,Private      ,1,14,15,68,253,321
02118702,LONG ISLAND COLLEGE HOSPITAL - SCHOOL OF,NY,11201-6001,Private      ,2,9,11,75,162,237
02124000,ORANGE ULSTER BOCES SCH OF PRAC NRS     ,NY,10924-9401,Public       ,1,4,5,30,129,159
02125500,CIRCLE IN THE SQUARE THEATRE SCHOOL     ,NY,10019-0000,Private      ,0,1,1,62,53,115
02126300,MADISON-ONEIDA BOCES PRAC NRS           ,NY,13478-0000,Public       ,4,19,23,26,185,211
02138500,BOCES RENSSELAER SCH OF PRAC NRSG       ,NY,12033-3221,Public       ,0,2,2,23,92,115
02145800,CAYUGA ONONDAGA BOCES                   ,NY,13021-9430,Public       ,1,1,2,17,86,103
02146000,WAYNE-FINGER LAKES BOCES                ,NY,14513-0000,Public       ,1,0,1,45,251,296
02152000,YESHIVA SHAAR HATORAH ITRI TORAH        ,NY,11418-0000,Private      ,0,0,0,1,0,1
02153600,BROOME-TIOGA BOCES PN PROG              ,NY,13905-0000,Public       ,1,2,3,31,163,194
02157900,ROCHESTER GENERAL HOSPITAL              ,NY,14621-3001,Private      ,1,3,4,21,117,138
02158200,WSHNGTN-SARTGA-WARN-HMLTN-ESX BOCES     ,NY,12839-1051,Public       ,0,0,0,38,133,171
02160100,GENEVA GENERAL HOSPITAL                 ,NY,14456-0000,Private      ,1,0,1,26,99,125
02163400,NEW YORK CAREER INSTITUTE               ,NY,10007-2801,Proprietary  ,21,64,85,257,771,1028
02169100,DAVIS COLLEGE                           ,NY,13790-0000,Private      ,1,4,5,178,120,298
02170000,SWEDISH INSTITUTE                       ,NY,10001-0000,Proprietary  ,11,60,71,128,724,852
02170200,ALBANY SCHOHARIE SCHENECTADY            ,NY,12205-0000,Public       ,2,1,3,40,181,221
02171900,AILEY SCHOOL (THE)                      ,NY,10019-4402,Private      ,0,0,0,99,31,130
02172100,HAMILTON-FULTON-MONTGOMERY BOCES        ,NY,12095-0000,Public       ,0,3,3,35,60,95
02172800,DUTCHESS COUNTY BOCES SCH PRAC NURS     ,NY,12601-0000,Public       ,0,10,10,46,186,232
02173200,EMPIRE BEAUTY SCHOOL                    ,NY,10001-0000,Proprietary  ,62,169,231,472,1000,1472
02173201,LEARNING INSTITUTES FOR BEAUTY SCIENCES-,NY,11214-4347,Proprietary  ,0,1,1,5,16,21
02173900,ULSTER COUNTY BOCES PRACTICAL NRSG      ,NY,12466-0000,Public       ,1,6,7,33,184,217
02176000,CHERYL FELL'S SCHOOL OF BUSINESS        ,NY,14304-0000,Proprietary  ,0,5,5,7,76,83
02179400,EASTERN SUFFOLK BOCES                   ,NY,11713-0000,Public       ,2,9,11,147,472,619
02182200,NEW SCHOOL OF RADIO & TELEVISION        ,NY,12206-1106,Proprietary  ,9,20,29,47,81,128
02187300,DARKEI NOAM RABBINICAL COLLEGE          ,NY,11210-0000,Private      ,0,0,0,0,1,1
02191600,TORAH TEMIMAH TALMUDICAL SEMINARY       ,NY,11218-0000,Private      ,6,0,6,48,0,48
02192500,BELLEVUE HOSP CTR SCH RAD TECH          ,NY,10016-0000,Public       ,0,0,0,11,46,57
02193700,SAINT LAWRENCE LEWIS COUNTY BOCES       ,NY,13617-0000,Public       ,0,0,0,74,4,78
02193701,SAINT LAWRENCE LEWIS COUNTY BOCES - NORT,NY,13669-0798,Public       ,0,0,0,0,1,1
02193703,SAINT LAWRENCE LEWIS COUNTY BOCES - ADUL,NY,13668-3238,Public       ,0,0,0,1,0,1
02199300,ORLEANS-NIAGARA BOCES                   ,NY,14132-0000,Public       ,0,16,16,9,72,81
02206000,HUNTER BUSINESS SCHOOL                  ,NY,11756-0000,Proprietary  ,36,160,196,187,872,1059
02206001,HUNTER BUSINESS SCHOOL -                ,NY,11763-0000,Proprietary  ,0,0,0,13,11,24
02217800,D.HOPFER SCH NURSING AT MT.VRN HOSP     ,NY,10550-0000,Private      ,1,2,3,39,249,288
02219500,MILDRED ELLEY                           ,NY,12206-1513,Proprietary  ,68,262,330,352,1592,1944
02235600,ERIE 2-CHAUTAUQUA-CATTARAUGUS BOCES     ,NY,14006-0000,Public       ,1,32,33,28,180,208
02265100,YESHIVA DERECH CHAIM                    ,NY,11218-0000,Private      ,13,1,14,46,9,55
02265200,GLOBAL BUSINESS INSTITUTE               ,NY,11691-0000,Private      ,85,233,318,444,1351,1795
02272900,ROCKLAND COUNTY BOCES PRAC NRSG SCH     ,NY,10994-0000,Public       ,0,0,0,19,112,131
02275900,"MODERN WELDING SCHOOL, INC.             ",NY,12304-0000,Proprietary  ,6,33,39,55,120,175
02287800,NATIONAL TRACTOR TRAILER SCHOOL         ,NY,13088-2505,Proprietary  ,11,161,172,33,503,536
02294900,INSTITUTE OF AUDIO RESEARCH             ,NY,10003-0000,Proprietary  ,65,86,151,486,507,993
02306500,PROFESSIONAL BUSINESS INSTITUTE         ,NY,10002-0000,Private      ,83,93,176,514,828,1342
02314200,NORTHERN WESTCHESTER SCH COSMETOL       ,NY,10566-0000,Proprietary  ,6,4,10,24,24,48
02320100,OHR SOMAYACH TANENBAUM EDUCATIONAL CENTE,NY,10952-0000,Private      ,0,0,0,1,1,2
02325600,NEW YORK INSTITUTE OF ENGLISH & BUS     ,NY,10001-0000,Private      ,29,73,102,136,354,490
02349700,RABBINICAL SEMINARY ADAS YEREIM         ,NY,11211-0000,Private      ,0,0,0,1,0,1
02350600,YESHIVA AND KOLLEL HARBOTZAS TORAH      ,NY,11230-0000,Private      ,0,4,4,0,18,18
02454300,NEW YORK UNIVERSITY SCHOOL OF MEDICINE  ,NY,10016-6497,Private      ,0,0,0,204,840,1044
02491400,SPANISH AMERICAN INSTITUTE              ,NY,10036-0000,Private      ,0,3,3,4,24,28
02505800,YESHIVA KARLIN STOLIN RAB INSTITUTE     ,NY,11204-0000,Private      ,30,12,42,36,27,63
02505900,SH-OR YOSHUV RABBINICAL COLLEGE         ,NY,11691-0000,Private      ,3,0,3,31,11,42
02506000,ASSOCIATED BETH RIVKAH SCHOOLS          ,NY,11225-0000,Private      ,3,0,3,78,17,95
02506100,CITY UNIV OF NEW YORK-CENTRAL           ,NY,10021-0000,Public       ,13,13,26,604,438,1042
02506200,MERCE CUNNINGHAM STUDIO                 ,NY,10014-0000,Private      ,0,0,0,4,7,11
02506800,YESHIVAT MIKDASH MELECH                 ,NY,11230-0000,Private      ,13,6,19,28,9,37
02511500,JOFFREY BALLET SCHOOL                   ,NY,10011-0000,Proprietary  ,1,0,1,51,3,54
02513500,MAR JON SCHOOL OF BEAUTY CULTURE        ,NY,14150-0000,Proprietary  ,4,20,24,28,79,107
02525600,ART INSTITUTE OF NEW YORK CITY (THE)    ,NY,10013-2429,Proprietary  ,113,128,241,1966,1255,3221
02540800,"GLOBE INSTITUTE OF TECHNOLOGY, INC.     ",NY,10007-0000,Proprietary  ,46,63,109,398,398,796
02546000,TRI-STATE COLLEGE OF ACUPUNCTURE        ,NY,10011-0000,Proprietary  ,0,3,3,1,161,162
02546300,YESHIVA OF THE TELSHE ALUMNI            ,NY,10471-0000,Private      ,18,0,18,28,0,28
02550600,TALMUDICAL INST OF UPSTATE NY           ,NY,14607-0000,Private      ,1,2,3,4,8,12
02556700,SEMINAR L'MOROS BAIS YAAKOV             ,NY,11219-0000,Private      ,7,0,7,288,3,291
02572900,BUSINESS INFORMATICS CENTER             ,NY,11580-0000,Proprietary  ,10,15,25,43,111,154
02575400,FRENCH CULINARY INSTITUTE               ,NY,10013-2618,Proprietary  ,26,121,147,330,1017,1347
02587600,ORLO SCH HAIR DESIGN & COSMETOLOGY      ,NY,12206-1723,Proprietary  ,4,18,22,79,117,196
02599400,NEW YORK COLLEGE OF HEALTH PROFESSIONS  ,NY,11791-4413,Private      ,4,23,27,195,772,967
02600100,NEW YORK ACADEMY OF ART (THE)           ,NY,10013-2911,Private      ,4,1,5,71,205,276
02614900,SANFORD-BROWN INSTITUTE                 ,NY,10604-2910,Proprietary  ,20,113,133,210,789,999
02615001,SANFORD-BROWN INSTITUTE - GARDEN CITY   ,NY,11530-4734,Proprietary  ,4,9,13,31,84,115
02616600,SHEAR EGO INTL SCH OF HAIR DESIGN       ,NY,14617-3501,Proprietary  ,3,18,21,68,179,247
02617000,CONTINENTAL SCH OF BEAUTY CULTURE       ,NY,14020-1908,Proprietary  ,10,32,42,51,151,202
02617001,CONTINENTAL SCHOOL OF BEAUTY CULTURE - O,NY,14760-2618,Proprietary  ,1,0,1,4,3,7
02622900,BAIS MEDRASH ELYON                      ,NY,10952-3013,Private      ,0,0,0,1,1,2
03000100,YESHIVA GEDOLAH IMREI YOSEF DSPINKA     ,NY,11219-4696,Private      ,1,24,25,1,82,83
03007200,DANCE THEATRE OF HARLEM                 ,NY,10031-0000,Private      ,0,0,0,10,6,16
03027701,PACIFIC COLLEGE OF ORIENTAL MEDICINE - N,NY,10010-7108,Proprietary  ,2,33,35,24,494,518
03081600,DELAWARE CHENANGO MADISON OT. BOCES     ,NY,13815-9554,Public       ,6,24,30,21,115,136
03088500,NEW YORK INTERNATIONAL BEAUTY SCH       ,NY,10019-0000,Proprietary  ,0,0,0,26,76,102
03089700,COMPUTER CAREER CENTER                  ,NY,11530-3334,Proprietary  ,99,362,461,418,1714,2132
03095500,ASA INST BUSINESS & COMPUTER TECH       ,NY,11201-5208,Proprietary  ,462,970,1432,2329,5383,7712
03096200,CHARLES STUART SCHOOL                   ,NY,11229-2004,Proprietary  ,1,17,18,10,64,74
03097801,CARSTEN INSTITUTE                       ,NY,10003-1901,Proprietary  ,0,3,3,3,27,30
03099100,SUNBRIDGE COLLEGE                       ,NY,10977-0000,Private      ,0,1,1,0,15,15
03103700,ADIRONDACK BEAUTY SCHOOL                ,NY,12801-3158,Proprietary  ,0,2,2,17,41,58
03104900,SULLIVAN COUNTY BOCES                   ,NY,12754-2116,Public       ,0,5,5,21,48,69
03111100,NEW YORK PARALEGAL SCHOOL               ,NY,10007-0000,Proprietary  ,0,0,0,5,12,17
03115300,GENESEE VALLEY BOCES                    ,NY,14020-1099,Public       ,8,24,32,35,186,221
03120700,NEW YORK CONSERVATORY FOR DRAMATIC ARTS ,NY,10011-4225,Proprietary  ,6,7,13,482,136,618
03127100,YESHIVAS NOVOMINSK                      ,NY,11219-0000,Private      ,25,0,25,41,0,41
03129200,RABBINICAL CLG OHR SHIMAR YISROEL       ,NY,11211-8102,Private      ,6,57,63,42,103,145
03147300,YESHIVA D'MONSEY                        ,NY,10952-3106,Private      ,18,27,45,18,27,45
03169300,STUDIO JEWELERS                         ,NY,10016-4112,Proprietary  ,0,3,3,3,32,35
03181400,MERKAZ BNOS                             ,NY,11204-0000,Private      ,1,47,48,19,354,373
03191300,CUNY SCHOOL OF LAW @ QUEENS COLLEGE     ,NY,11367-0000,Public       ,14,12,26,213,1290,1503
03193300,MANHATTAN SCHOOL OF COMPUTER TECH       ,NY,11230-1617,Private      ,22,106,128,91,590,681
03203300,NEW YORK INSTITUTE OF MASSAGE           ,NY,14221-6021,Proprietary  ,4,21,25,58,187,245
03216300,UNIFICATION THEOLOGICAL SEMINARY        ,NY,12507-5021,Private      ,0,3,3,0,19,19
03315300,HARLEM SCHOOL OF TECHNOLOGY             ,NY,10027-4426,Proprietary  ,1,3,4,14,47,61
03328300,FRANKLIN CAREER INSTITUTE               ,NY,11550-3003,Private      ,15,37,52,252,625,877
03328301,FRANKLIN CAREER INSTITUTE - BROOKLYN    ,NY,11220-3110,Private      ,34,53,87,42,65,107
03342400,AMERICAN BARBER INSTITUTE               ,NY,10001-5271,Proprietary  ,9,25,34,68,188,256
03358300,ALLEN SCHOOL                            ,NY,11432-4901,Proprietary  ,41,225,266,359,1689,2048
03358301,ALLEN SCHOOL - BROOKLYN                 ,NY,11201-0000,Proprietary  ,43,136,179,61,216,277
03361500,WILLSEY INSTITUTE                       ,NY,10301-1989,Proprietary  ,0,0,0,1,2,3
03380300,CULINARY ACADEMY OF LONG ISLAND         ,NY,11791-5311,Proprietary  ,18,58,76,140,331,471
03419400,NORTHEASTERN SEMINARY                   ,NY,14624-1997,Private      ,0,7,7,7,116,123
03426400,ANTHEM INSTITUTE                        ,NY,10018-0000,Proprietary  ,57,112,169,402,743,1145
03433500,LIA SCHORR INSTITUTE OF COSMETIC SK     ,NY,10022-2614,Proprietary  ,1,14,15,12,93,105
03443300,NEW YORK COLLEGE OF TRADITIONAL CHINESE ,NY,11501-0000,Private      ,0,11,11,1,92,93
03496300,YESHIVA SHAAREI TORAH OF ROCKLAND       ,NY,10901-4003,Private      ,0,0,0,4,9,13
03537300,NEW YORK AUTOMOTIVE & DIESEL INSTIT     ,NY,11101-0000,Proprietary  ,32,73,105,211,502,713
03568300,LEON STUDIO ONE SCHOOL OF HAIR DESI     ,NY,14221-5323,Proprietary  ,8,22,30,41,102,143
03651300,SAINT JOSEPH'S MEDICAL CENTER SCHOO     ,NY,10701-4080,Private      ,1,0,1,4,24,28
03652300,METROPOLITAN LEARNING INSTITUTE         ,NY,11374-2101,Private      ,10,88,98,45,797,842
03691300,USA BEAUTY SCHOOL INTERNATIONAL         ,NY,10013-3530,Proprietary  ,9,49,58,31,296,327
03713300,BEIS MEDRASH HEICHAL DOVID              ,NY,11691-4433,Private      ,15,4,19,39,5,44
03773300,CENTER FOR NATURAL WELLNESS SCHOOL OF MA,NY,12205-1601,Proprietary  ,3,21,24,30,145,175
03802300,UTA MESIVTA OF KIRYAS JOEL              ,NY,10950-2169,Private      ,138,283,421,450,436,886
03809400,MICROPOWER CAREER INSTITUTE             ,NY,10001-2812,Proprietary  ,15,226,241,59,675,734
03819400,HUDSON VALLEY SCHOOL OF ADVANCED AESTHET,NY,12493-0000,Proprietary  ,0,4,4,6,29,35
03839300,AVEDA INSTITUTE NEW YORK                ,NY,10013-1522,Proprietary  ,15,44,59,112,275,387
03881300,UNION GRADUATE COLLEGE                  ,NY,12308-3131,Private      ,0,10,10,18,236,254
03903400,AMERICAN BEAUTY SCHOOL                  ,NY,10462-8003,Proprietary  ,22,94,116,107,401,508
03941400,ELITE ACADEMY OF BEAUTY ARTS            ,NY,11223-1630,Proprietary  ,3,12,15,20,104,124
03983300,"SCHOOL OF PROFESSIONAL HORTICULTURE, AT ",NY,10458-5126,Private      ,0,1,1,1,19,20
04043300,ACE COMPUTER TRAINING CENTER            ,NY,11375-5337,Proprietary  ,2,9,11,9,79,88
04092401,MAKE-UP DESIGNORY -                     ,NY,10012-0041,Proprietary  ,25,29,54,71,103,174
04095300,KING'S COLLEGE (THE)                    ,NY,10018-0110,Private      ,7,0,7,419,31,450
04102300,NEW AGE TRAINING                        ,NY,10018-0000,Proprietary  ,0,0,0,0,14,14
04115500,TALMUDICAL SEMINARY OF BOBOV            ,NY,11219-3826,Private      ,46,6,52,61,36,97
04117700,"MONROE 2-ORLEANS BOCES, CENTER FOR WORK ",NY,14624-1119,Public       ,4,29,33,25,112,137
04123200,INSTITUTE OF ALLIED MEDICAL PROFESSIONS ,NY,11373-5541,Private      ,10,63,73,114,678,792
04123300,HUDSON VALLEY SCHOOL OF MASSAGE THERAPY ,NY,12493-0000,Proprietary  ,1,9,10,17,61,78
04125600,CAREER SCHOOL OF NY                     ,NY,10301-2416,Private      ,5,11,16,67,81,148
04133700,NEW YORK MEDICAL CAREER TRAINING CENTER ,NY,11354-6504,Proprietary  ,3,12,15,3,12,15
04134000,"JOHN PAOLO'S XTREME BEAUTY INSTITUTE, GO",NY,12020-1245,Proprietary  ,2,19,21,18,98,116
04137700,ANN MARIE'S WORLD OF BEAUTY SCHOOL      ,NY,13901-2308,Proprietary  ,0,1,1,10,35,45
04138100,YESHIVA OF MACHZIKAI HADAS              ,NY,11219-1408,Private      ,7,64,71,7,98,105
04144300,INSTITUTE OF CULINARY EDUCATION         ,NY,10010-5205,Proprietary  ,52,170,222,110,398,508
04148000,NEW LIFE BUSINESS INSTITUTE             ,NY,11432-6149,Proprietary  ,3,21,24,3,33,36
04151200,SALON PROFESSIONAL ACADEMY (THE)        ,NY,14150-9200,Proprietary  ,5,6,11,5,6,11
04155300,ONONDAGA SCHOOL OF THERAPEUTIC MASSAGE  ,NY,13210-1533,Proprietary  ,5,24,29,5,24,29
00267808,BRYANT & STRATTON COLLEGE - PARMA       ,OH,44130-0000,Proprietary  ,39,148,187,683,3445,4128
00301000,ANTIOCH UNIVERSITY                      ,OH,45387-1608,Private      ,1,74,75,36,1074,1110
00301100,ART ACADEMY OF CINCINNATI               ,OH,45202-7106,Private      ,1,9,10,301,98,399
00301200,ASHLAND UNIVERSITY                      ,OH,44805-3799,Private      ,39,225,264,3670,3448,7118
00301300,ATHENAEUM OF OHIO                       ,OH,45230-2000,Private      ,1,4,5,1,16,17
00301400,BALDWIN-WALLACE COLLEGE                 ,OH,44017-2088,Private      ,21,65,86,4664,1643,6307
00301600,BLUFFTON UNIVERSITY                     ,OH,45817-2104,Private      ,9,13,22,1559,392,1951
00301800,BOWLING GREEN STATE UNIVERSITY          ,OH,43403-0001,Public       ,165,223,388,17303,6658,23961
00302300,CAPITAL UNIVERSITY                      ,OH,43209-2394,Private      ,36,92,128,3960,2841,6801
00302400,CASE WESTERN RESERVE UNIV               ,OH,44106-0000,Private      ,37,26,63,6352,1137,7489
00302401,CASE WESTERN RESERVE UNIV - MED         ,OH,44106-0000,Private      ,1,5,6,38,1096,1134
00302402,CASE WESTERN RESERVE UNIV - DENTAL      ,OH,44106-0000,Private      ,1,0,1,14,287,301
00302403,CASE WESTERN RESERVE UNIV - LAW         ,OH,44106-0000,Private      ,0,4,4,14,1396,1410
00302404,CASE WESTERN RESERVE UNIV - UG          ,OH,44106-0000,Private      ,3,2,5,460,60,520
00302405,CASE WESTERN RESERVE UNIV - MSASS       ,OH,44106-0000,Private      ,0,0,0,12,428,440
00302406,CASE WESTERN RESERVE UNIV - NURS UG     ,OH,44106-0000,Private      ,4,5,9,192,139,331
00302407,CASE WESTERN RESERVE UNIV - WSOM        ,OH,44106-0000,Private      ,0,7,7,11,310,321
00302408,CASE WESTERN RESERVE UNIV -A&S GRAD     ,OH,44106-0000,Private      ,0,3,3,3,356,359
00302409,CASE WESTERN RESERVE UNIV -ENG GRAD     ,OH,44106-0000,Private      ,0,3,3,14,106,120
00302410,CASE WESTERN RESERVE UNIV -NURS GRD     ,OH,44106-0000,Private      ,0,3,3,6,332,338
00302500,CEDARVILLE UNIVERSITY                   ,OH,45314-8564,Private      ,27,10,37,3750,220,3970
00302600,CENTRAL STATE UNIVERSITY                ,OH,45384-1004,Public       ,38,36,74,3747,1643,5390
00302900,CINCINNATI CHRISTIAN UNIVERSITY         ,OH,45204-3200,Private      ,7,41,48,538,651,1189
00303000,OHIO CHRISTIAN UNIVERSITY               ,OH,43113-9487,Private      ,15,176,191,438,1318,1756
00303100,CLEVELAND INSTITUTE OF MUSIC            ,OH,44106-1776,Private      ,4,5,9,423,373,796
00303200,CLEVELAND STATE UNIVERSITY              ,OH,44115-2214,Public       ,138,540,678,8008,14750,22758
00303300,COLLEGE OF MT ST JOSEPH                 ,OH,45233-1670,Private      ,16,48,64,1750,1277,3027
00303500,OHIO DOMINICAN UNIVERSITY               ,OH,43219-2099,Private      ,31,224,255,2329,2797,5126
00303600,FRANCISCAN UNIV OF STEUBENVILLE         ,OH,43952-1763,Private      ,11,21,32,2263,683,2946
00303700,COLLEGE OF WOOSTER                      ,OH,44691-2363,Private      ,23,9,32,3035,108,3143
00303900,COLUMBUS COLLEGE OF ART AND DESIGN      ,OH,43215-1758,Private      ,23,19,42,1755,438,2193
00304000,CUYAHOGA COMMUNITY COLLEGE              ,OH,44115-2878,Public       ,298,1303,1601,7722,22721,30443
00304001,CUYAHOGA COMMUNITY CLG-EASTERN CAM      ,OH,44122-6195,Public       ,0,0,0,566,1126,1692
00304002,CUYAHOGA COMMUNITY CLG-METRO CAMPUS     ,OH,44115-0000,Public       ,0,0,0,913,2296,3209
00304003,CUYAHOGA COMMUNITY CLG-WESTERN CMPS     ,OH,44130-0000,Public       ,0,0,0,1638,1770,3408
00304100,"DEFIANCE COLLEGE, THE                   ",OH,43512-1695,Private      ,23,19,42,1347,502,1849
00304200,DENISON UNIVERSITY                      ,OH,43023-1329,Private      ,17,4,21,2896,80,2976
00304300,CHANCELLOR UNIVERSITY                   ,OH,44114-1096,Proprietary  ,3,93,96,38,921,959
00304400,TRINITY LUTHERAN SEMINARY               ,OH,43209-0000,Private      ,0,3,3,1,157,158
00304500,UNIVERSITY OF FINDLAY                   ,OH,45840-3695,Private      ,21,52,73,3279,1679,4958
00304600,FRANKLIN UNIVERSITY                     ,OH,43215-5399,Private      ,22,406,428,1006,9624,10630
00304700,HEBREW UNION COLLEGE MAIN CAMPUS        ,OH,45220-0000,Private      ,0,2,2,1,93,94
00304800,HEIDELBERG UNIVERSITY                   ,OH,44883-2462,Private      ,13,25,38,2086,398,2484
00304900,HIRAM COLLEGE                           ,OH,44234-1808,Private      ,10,21,31,1683,411,2094
00305000,JOHN CARROLL UNIVERSITY                 ,OH,44118-4581,Private      ,20,46,66,4310,1041,5351
00305100,KENT STATE UNIV - KENT CAMPUS           ,OH,44242-0001,Public       ,228,348,576,20824,11113,31937
00305101,KENT STATE UNIV - GEAUGA CAMPUS         ,OH,44021-0000,Public       ,6,22,28,368,612,980
00305102,KENT STATE UNIV - STARK CAMPUS          ,OH,44720-0000,Public       ,44,81,125,2392,2527,4919
00305103,KENT STATE UNIV - TUSCARAWAS CAMPUS     ,OH,44663-0000,Public       ,20,89,109,966,1614,2580
00305104,KENT STATE UNIV - TRUMBULL CAMPUS       ,OH,44483-0000,Public       ,23,86,109,901,1884,2785
00305105,KENT STATE UNIV - ASHTABULA CAMPUS      ,OH,44004-0000,Public       ,21,79,100,830,1833,2663
00305106,KENT STATE UNIV -E.LIVERPOOL CAMPUS     ,OH,43920-0000,Public       ,3,16,19,353,813,1166
00305107,KENT STATE UNIV - SALEM CAMPUS          ,OH,44460-0000,Public       ,11,36,47,721,1149,1870
00306500,KENYON COLLEGE                          ,OH,43022-9623,Private      ,12,0,12,2592,41,2633
00306600,LAKE ERIE COLLEGE                       ,OH,44077-3389,Private      ,11,14,25,1441,455,1896
00306800,LORAIN COUNTY COMMUNITY COLLEGE         ,OH,44035-1691,Public       ,148,592,740,3895,8845,12740
00306900,LOURDES COLLEGE                         ,OH,43560-2898,Private      ,9,71,80,717,2088,2805
00307200,MALONE UNIVERSITY                       ,OH,44709-3897,Private      ,10,82,92,2206,1473,3679
00307300,MARIETTA COLLEGE                        ,OH,45750-4033,Private      ,18,12,30,2421,290,2711
00307500,METHODIST THEOLOGICAL SCH IN OHIO       ,OH,43015-0000,Private      ,0,5,5,0,244,244
00307600,MIAMI-JACOBS COLLEGE                    ,OH,45401-0000,Proprietary  ,10,240,250,221,1826,2047
00307602,MIAMI - JACOBS CAREER COLLEGE - SPRINGBO,OH,45066-1115,Proprietary  ,23,124,147,167,803,970
00307603,MIAMI - JACOBS CAREER COLLEGE - TROY    ,OH,45373-3837,Proprietary  ,34,179,213,232,1048,1280
00307700,MIAMI UNIVERSITY                        ,OH,45056-1831,Public       ,194,280,474,18938,5814,24752
00307800,WRIGHT STATE UNIVERSITY                 ,OH,45435-0002,Public       ,189,526,715,13099,10704,23803
00308300,MOUNT UNION COLLEGE                     ,OH,44601-3993,Private      ,22,16,38,3322,273,3595
00308400,MUSKINGUM UNIVERSITY                    ,OH,43762-1199,Private      ,16,64,80,2267,735,3002
00308500,NOTRE DAME COLLEGE OF OHIO              ,OH,44121-4293,Private      ,16,49,65,1618,1409,3027
00308600,OBERLIN COLLEGE                         ,OH,44074-1090,Private      ,37,4,41,4906,161,5067
00308800,OHIO COLLEGE OF PODIATRIC MEDICINE      ,OH,44131-7304,Private      ,0,1,1,0,463,463
00308900,OHIO NORTHERN UNIVERSITY                ,OH,45810-1555,Private      ,17,9,26,4035,1173,5208
00309000,OHIO STATE UNIVERSITY-ALL CAMPUSES      ,OH,43210-1358,Public       ,507,751,1258,45274,25455,70729
00310000,OHIO UNIVERSITY                         ,OH,45701-2979,Public       ,175,440,615,20026,6737,26763
00310002,"OHIO UNIVERSITY, ZANESVILLE CAMPUS      ",OH,43701-0000,Public       ,15,96,111,1070,1471,2541
00310003,"OHIO UNIVERSITY, LANCASTER CAMPUS       ",OH,43130-0000,Public       ,32,136,168,1185,1660,2845
00310004,"OHIO UNIVERSITY, SOUTHERN CAMPUS        ",OH,45638-0000,Public       ,29,119,148,863,1799,2662
00310005,"OHIO UNIVERSITY, CHILLICOTHE CAMPUS     ",OH,45601-0000,Public       ,50,185,235,1034,2286,3320
00310006,"OHIO UNIVERSITY, EASTERN CAMPUS         ",OH,43950-0000,Public       ,5,14,19,508,299,807
00310008,OHIO UNIV COLL OF OSTEOPATHIC MED       ,OH,45701-0000,Public       ,0,4,4,10,490,500
00310900,OHIO WESLEYAN UNIVERSITY                ,OH,43015-2398,Private      ,23,9,32,2871,154,3025
00311000,OTTERBEIN COLLEGE                       ,OH,43081-2006,Private      ,33,54,87,4057,1088,5145
00311300,PONTIFICAL COLLEGE JOSEPHINUM           ,OH,43235-1498,Private      ,1,0,1,18,24,42
00311401,FIRELANDS REGIONAL MEDICAL CENTER       ,OH,44870-4788,Private      ,0,3,3,49,155,204
00311500,RABBINICAL COLLEGE OF TELSHE            ,OH,44092-2584,Private      ,0,10,10,0,12,12
00311600,UNIV OF RIO GRANDE                      ,OH,45674-3131,Private      ,17,100,117,961,1332,2293
00311601,UNIVERSITY OF RIO GRANDE                ,OH,45674-9989,Private      ,0,0,0,642,531,1173
00311602,UNIVERSITY OF RIO GRANDE - MEIGS CENTER ,OH,45760-0000,Private      ,0,0,0,3,16,19
00311603,UNIVERSITY OF RIO GRANDE - CHILLICOTHE G,OH,45601-0000,Private      ,0,0,0,2,11,13
00311604,UNIVERSITY OF RIO GRANDE - HAMILTON GRAD,OH,45011-2833,Private      ,0,0,0,3,4,7
00311605,UNIVERSITY OF RIO GRANDE - COLUMBUS GRAD,OH,43215-0000,Private      ,0,0,0,15,48,63
00311606,UNIVERSITY OF RIO GRANDE - PORTSMOUTH GR,OH,45662-0000,Private      ,0,0,0,6,10,16
00311607,UNIVERSITY OF RIO GRANDE -              ,OH,45764-0000,Private      ,0,0,0,16,26,42
00311900,SINCLAIR COMMUNITY COLLEGE              ,OH,45402-1460,Public       ,373,1790,2163,8422,20041,28463
00312100,TIFFIN UNIVERSITY                       ,OH,44883-2161,Private      ,63,330,393,2316,2992,5308
00312200,UNITED THEOLOGICAL SEMINARY             ,OH,45406-0000,Private      ,0,32,32,1,257,258
00312300,UNIVERSITY OF AKRON                     ,OH,44325-6211,Public       ,217,364,581,19239,14964,34203
00312500,UNIVERSITY OF CINCINNATI                ,OH,45221-0125,Public       ,386,1179,1565,24200,21242,45442
00312504,UNIVERSITY OF CINCINNATI - MEDICINE     ,OH,45267-0553,Public       ,19,55,74,204,1120,1324
00312700,UNIVERSITY OF DAYTON                    ,OH,45469-0002,Private      ,58,176,234,10652,4067,14719
00313100,UNIVERSITY OF TOLEDO                    ,OH,43606-3390,Public       ,175,283,458,17796,10087,27883
00313101,UNIVERSITY OF TOLEDO - HEALTH SCIENCE CA,OH,43614-2598,Public       ,12,28,40,653,1710,2363
00313300,URBANA UNIVERSITY                       ,OH,43078-2091,Private      ,14,31,45,998,752,1750
00313400,URSULINE COLLEGE                        ,OH,44124-4398,Private      ,9,58,67,678,1371,2049
00313500,WALSH UNIVERSITY                        ,OH,44720-3396,Private      ,20,42,62,2469,1200,3669
00314100,WILBERFORCE UNIVERSITY                  ,OH,45384-1001,Private      ,10,22,32,1060,561,1621
00314200,WILMINGTON COLLEGE                      ,OH,45177-2499,Private      ,15,20,35,1915,600,2515
00314300,WITTENBERG UNIVERSITY                   ,OH,45501-2199,Private      ,20,12,32,2882,282,3164
00314400,XAVIER UNIVERSITY                       ,OH,45207-1035,Private      ,49,147,196,5894,3364,9258
00314500,YOUNGSTOWN STATE UNIVERSITY             ,OH,44555-0001,Public       ,136,233,369,9440,8611,18051
00398200,CLEVELAND INSTITUTE OF ART              ,OH,44106-1700,Private      ,12,10,22,813,212,1025
00406000,WINEBRENNER THEOLOGICAL SEMINARY        ,OH,45840-0000,Private      ,0,2,2,2,63,65
00485200,CLARK STATE COMMUNITY COLLEGE           ,OH,45505-4795,Public       ,76,448,524,1692,5148,6840
00485300,BRADFORD SCHOOL                         ,OH,43219-0000,Proprietary  ,31,62,93,745,681,1426
00485500,DAVIS COLLEGE                           ,OH,43623-4307,Proprietary  ,8,78,86,153,865,1018
00486100,UNIVERSITY OF NORTHWESTERN OHIO         ,OH,45805-1498,Private      ,122,180,302,4166,1938,6104
00486600,STAUTZENBERGER COLLEGE                  ,OH,43537-4007,Proprietary  ,32,186,218,489,1757,2246
00510200,SCH OF DIAGNOSTIC IMAGING-CLEVELAND     ,OH,44119-0000,Private      ,0,0,0,11,44,55
00512700,BROWN MACKIE COLLEGE-CINCINNATI         ,OH,45215-1107,Proprietary  ,164,859,1023,1921,8777,10698
00512728,BROWN MACKIE COLLEGE-CINCINNATI - LANDMA,OH,45215-1231,Proprietary  ,1,1,2,41,156,197
00521000,CLEVELAND INSTITUTE OF ELECTRONICS      ,OH,44114-0000,Proprietary  ,5,48,53,25,399,424
00531300,NORTH CENTRAL STATE COLLEGE             ,OH,44901-0000,Public       ,65,315,380,1458,3526,4984
00575300,OWENS STATE COMMUNITY COLLEGE           ,OH,43699-0000,Public       ,173,627,800,7052,15004,22056
00648700,AULTMAN COLLEGE OF NURSING AND HEALTH SC,OH,44710-1799,Private      ,0,8,8,177,387,564
00649400,GOOD SAMARITAN COLG-NURSING/HEALTH      ,OH,45220-2489,Private      ,3,9,12,217,424,641
00649800,MERIDIA HURON SCHOOL OF NURSING         ,OH,44112-4308,Private      ,2,11,13,62,550,612
00650700,TRINIT HEALTH SYSTEM SCH OF NURSING     ,OH,43952-2667,Private      ,1,3,4,42,108,150
00680400,LAKELAND COMMUNITY COLLEGE              ,OH,44094-5198,Public       ,97,407,504,3249,6719,9968
00686700,COLUMBUS STATE COMMUNITY COLLEGE        ,OH,43215-1786,Public       ,543,2310,2853,12913,27863,40776
00703500,KETTERING COLLEGE OF MEDICAL ARTS       ,OH,45429-1299,Private      ,9,51,60,503,967,1470
00708500,MOUNT VERNON NAZARENE UNIVERSITY        ,OH,43050-9500,Private      ,13,35,48,1609,641,2250
00708501,MOUNT VERNON NAZARENE UNIV - AGS        ,OH,43050-0000,Private      ,3,124,127,54,1071,1125
00727500,EASTERN GATEWAY COMMUNITY COLLEGE       ,OH,43952-3598,Public       ,21,92,113,876,1601,2477
00747300,CHOFFIN CAREER & TECHNICAL CENTER       ,OH,44503-1628,Public       ,0,8,8,56,332,388
00759800,HOCKING TECHNICAL COLLEGE               ,OH,45764-9582,Public       ,144,437,581,3980,4671,8651
00777700,REMINGTON COLLEGE - CLEVELAND CAMPUS    ,OH,44125-1957,Proprietary  ,34,196,230,357,1833,2190
00777704,REMINGTON COLLEGE-CLEVELAND WEST CAMPUS ,OH,44070-3129,Proprietary  ,18,108,126,154,566,720
00812900,ADULT AND COMMUNITY EDUCATION @ HUDSON  ,OH,43211-2017,Public       ,1,39,40,44,438,482
00813200,TOLEDO SCHOOL OF PRACTICAL NURSING      ,OH,43613-5110,Public       ,1,35,36,99,546,645
00813300,ZANE STATE COLLEGE                      ,OH,43701-2626,Public       ,49,231,280,1162,2876,4038
00819400,AKRON SCHOOL OF PRACTICAL NRSG          ,OH,44311-0000,Public       ,0,4,4,56,166,222
00827800,TERRA COMMUNITY COLLEGE                 ,OH,43420-9670,Public       ,33,183,216,936,2602,3538
00867700,NORTHWEST STATE COMMUNITY COLLEGE       ,OH,43502-9542,Public       ,29,151,180,1170,2998,4168
00888600,PORTAGE LAKES CAREER CENTER             ,OH,44232-0000,Public       ,0,9,9,30,167,197
00908800,ITT TECHNICAL INSTITUTE                 ,OH,45414-3456,Proprietary  ,81,361,442,745,2487,3232
00915600,WAYNE COUNTY SCHOOLS CAREER CENTER      ,OH,44677-9672,Public       ,4,22,26,54,291,345
00917200,SPRINGFIELD REGIONAL SCHOOL OF NURSING  ,OH,45501-0000,Private      ,1,5,6,60,269,329
00941200,NATIONAL INSTITUTE OF TECHNOLOGY        ,OH,44221-2998,Proprietary  ,28,160,188,302,1096,1398
00945101,BROWN MACKIE COLLEGE-NORTH CANTON       ,OH,44720-0000,Proprietary  ,20,194,214,113,591,704
00953000,GERBER AKRON BEAUTY SCHOOL              ,OH,44313-6995,Proprietary  ,1,12,13,20,91,111
00953100,SPA SCHOOL (THE)                        ,OH,43214-1524,Proprietary  ,6,34,40,49,189,238
00966000,TIFFIN ACADEMY OF HAIR DESIGN           ,OH,44883-2833,Proprietary  ,5,10,15,48,98,146
00983700,ITT TECHNICAL INSTITUTE                 ,OH,44509-4098,Proprietary  ,94,258,352,801,2131,2932
00994100,BELMONT TECHNICAL COLLEGE               ,OH,43950-9766,Public       ,29,196,225,1039,2090,3129
00994200,SHAWNEE STATE UNIVERSITY                ,OH,45662-4344,Public       ,53,80,133,3965,2481,6446
01001700,PAYNE THEOLOGICAL SEMINARY              ,OH,45384-0474,Private      ,0,13,13,1,149,150
01002700,JAMES A. RHODES STATE COLLEGE           ,OH,45804-3597,Public       ,63,318,381,1854,4041,5895
01016800,NATIONWIDE BEAUTY ACADEMY               ,OH,43228-1000,Proprietary  ,12,43,55,208,380,588
01028000,OHIO STATE BEAUTY ACADEMY               ,OH,45801-4950,Proprietary  ,4,19,23,67,127,194
01032300,HANNAH E MULLINS SCH-PRAC NRSG          ,OH,44460-2906,Public       ,4,16,20,28,119,147
01034500,CINCINNATI STATE TECH & COMM CLG        ,OH,45223-2690,Public       ,331,1197,1528,5284,11930,17214
01045300,WASHINGTON STATE CMTY COLLEGE           ,OH,45750-9225,Public       ,23,149,172,987,1879,2866
01063000,NORTHERN INSTITUTE OF COSMETOLOGY       ,OH,44052-1803,Proprietary  ,1,8,9,16,91,107
01073600,MARION TECHNICAL COLLEGE                ,OH,43302-5694,Public       ,37,191,228,843,2374,3217
01088000,CHATFIELD COLLEGE                       ,OH,45118-9705,Private      ,2,20,22,41,235,276
01088100,STARK STATE COLLEGE OF TECHNOLOGY       ,OH,44720-7299,Public       ,102,320,422,3844,10635,14479
01090600,CINCINNATI CLG OF MORTUARY SCIENCE      ,OH,45224-1428,Private      ,3,5,8,82,181,263
01092300,UNION INSTITUTE & UNIVERSITY            ,OH,45206-1925,Private      ,4,181,185,47,2081,2128
01096200,MOORE UNIV OF HAIR DESIGN               ,OH,45213-0000,Proprietary  ,0,0,0,4,18,22
01099300,HOBART INSTITUTE OF WELDING TECHNOLOGY  ,OH,45373-2400,Private      ,13,42,55,229,285,514
01100500,KAPLAN COLLEGE                          ,OH,43232-4827,Proprietary  ,25,195,220,195,1233,1428
01104600,CENTRAL OHIO TECHNICAL COLLEGE          ,OH,43055-1767,Public       ,67,404,471,1740,5370,7110
01170300,PENTA COUNTY JOINT VOCATIONAL SCH       ,OH,43551-0000,Public       ,0,3,3,26,146,172
01174400,NATIONAL BEAUTY COLLEGE                 ,OH,44720-0000,Proprietary  ,6,18,24,57,156,213
01174500,OHIO TECHNICAL COLLEGE                  ,OH,44103-1228,Proprietary  ,44,88,132,1346,757,2103
01182500,OHIO STATE SCHOOL OF COSMETOLOGY        ,OH,43224-1107,Proprietary  ,3,19,22,47,175,222
01212800,SOUTHWESTERN COLLEGE                    ,OH,45402-3003,Proprietary  ,38,223,261,414,2479,2893
01212802,SOUTHWESTERN COLLEGE                    ,OH,45005-2267,Proprietary  ,15,92,107,95,634,729
01212803,SOUTHWESTERN COLLEGE                    ,OH,45202-4304,Proprietary  ,44,190,234,272,1617,1889
01212804,SOUTHWESTERN COLLEGE                    ,OH,45246-3121,Proprietary  ,45,252,297,365,2247,2612
01212806,SOUTHWESTERN COLLEGE - TOLEDO           ,OH,43615-6800,Proprietary  ,30,166,196,84,432,516
01216600,CAROUSEL BEAUTY COLLEGE                 ,OH,45402-8935,Proprietary  ,5,21,26,76,216,292
01224800,CENTRAL SCHOOL OF PRACTICAL NURSING     ,OH,44103-4371,Private      ,2,27,29,72,418,490
01267200,CAROUSEL BEAUTY COLLEGE                 ,OH,45044-5113,Proprietary  ,4,11,15,14,51,65
01267400,CAROUSEL OF MIAMI VALLEY BEAUTY CLG     ,OH,45424-2063,Proprietary  ,0,1,1,5,11,16
01275000,EDISON COMMUNITY COLLEGE                ,OH,45356-9239,Public       ,27,159,186,1106,2795,3901
01283800,LAURA AND ALVIN SIEGAL COLLEGE OF JUDAIC,OH,44122-7197,Private      ,0,0,0,2,4,6
01284800,MOLER-HOLLYWOOD BEAUTY COLLEGE          ,OH,45202-2577,Proprietary  ,1,12,13,18,130,148
01287000,SOUTHERN STATE COMMUNITY COLLEGE        ,OH,45133-9406,Public       ,59,392,451,1166,3410,4576
01289100,ANTONELLI COLLEGE                       ,OH,45202-2592,Proprietary  ,21,66,87,234,589,823
01289600,VIRGINIA MARTI COLLEGE OF ART AND DESIGN,OH,44107-0778,Proprietary  ,5,15,20,214,237,451
01313200,INTERNATIONAL CLG OF BROADCASTING       ,OH,45431-1898,Proprietary  ,3,18,21,59,163,222
02052000,OHIO INST OF PHOTOGRAPHY & TECHNOLOGY   ,OH,45439-1984,Proprietary  ,28,196,224,324,1298,1622
02054300,TRUMBULL BUSINESS COLLEGE               ,OH,44484-0000,Proprietary  ,2,61,63,99,655,754
02056800,DAYMAR COLLEGE                          ,OH,45601-1038,Proprietary  ,23,154,177,116,1109,1225
02056802,DAYMAR COLLEGE - LANCASTER              ,OH,43130-0000,Proprietary  ,6,28,34,12,85,97
02056803,DAYMAR COLLEGE - NEW BOSTON             ,OH,45662-4900,Proprietary  ,0,9,9,4,27,31
02056804,DAYMAR COLLEGE - JACKSON                ,OH,45640-1728,Proprietary  ,0,1,1,4,42,46
02066100,OHIO STATE COLLEGE/BARBER STYLING       ,OH,43213-0000,Proprietary  ,5,33,38,72,293,365
02069500,AKRON INSTITUTE                         ,OH,44306-0000,Proprietary  ,26,141,167,304,1618,1922
02073300,GALLIA-JACKSON-VINTON SCH ADULT ED      ,OH,45674-0000,Public       ,2,8,10,49,261,310
02110700,CLEVELAND INST OF DENTAL-MED ASST       ,OH,44115-2285,Proprietary  ,23,144,167,188,842,1030
02116009,SANFORD-BROWN COLLEGE - MIDDLEBURG HEIGH,OH,44130-8362,Proprietary  ,56,258,314,392,1984,2376
02116900,UPPER VALLEY JVS                        ,OH,45356-0000,Public       ,0,51,51,39,426,465
02117300,GREAT OAKS INSTITUTE OF TECHNOLOGY      ,OH,45241-1581,Public       ,13,45,58,170,965,1135
02128600,THE ART INSTITUTE OF CINCINNATI         ,OH,45246-0000,Proprietary  ,15,22,37,323,197,520
02140700,COMMUNITY EDUCATIONAL SERVICES          ,OH,44702-1710,Public       ,0,1,1,29,261,290
02152100,ACADEMY OF COURT REPORTING AND TECHNOLOG,OH,44115-0000,Proprietary  ,5,45,50,66,526,592
02152101,ACADEMY OF COURT REPORTING & TECHNOLOGY ,OH,43215-3902,Proprietary  ,13,105,118,71,715,786
02152102,ACADEMY OF COURT REPORTING - MIAMI-JACOB,OH,44313-3607,Proprietary  ,0,1,1,9,144,153
02152104,ACADEMY OF COURT REPORTING AND TECHNOLOG,OH,45202-2123,Proprietary  ,0,0,0,14,199,213
02152106,ACADEMY OF COURT REPORTING AND TECHNOLOG,OH,45241-5428,Proprietary  ,9,70,79,18,161,179
02158500,OHIO BUSINESS COLLEGE                   ,OH,44055-3344,Proprietary  ,10,112,122,135,903,1038
02158501,OHIO BUSINESS COLLEGE                   ,OH,44870-9953,Proprietary  ,4,69,73,85,663,748
02168100,TRI-COUNTY JOINT VOCATIONAL SCHOOL      ,OH,45764-0000,Public       ,1,12,13,33,129,162
02187900,ASHTABULA CO JOINT VOC SCH ADULT ED     ,OH,44047-0000,Public       ,1,11,12,32,269,301
02189000,ADULT CENTER FOR EDUCATION              ,OH,43701-0000,Public       ,4,37,41,61,419,480
02190700,RETS TECH CENTER                        ,OH,45459-0000,Proprietary  ,65,488,553,495,3338,3833
02192100,BUTLER TECHNOLOGY AND CAREER DEVELOPMENT,OH,45011-0000,Public       ,16,64,80,199,805,1004
02196300,COLLINS CAREER CENTER                   ,OH,45619-0000,Public       ,6,35,41,220,661,881
02210800,MEDINA COUNTY CAREER CENTER             ,OH,44256-0000,Public       ,2,12,14,30,200,230
02215400,OHIO STATE SCHOOL OF COSMETOLOGY        ,OH,43207-0000,Proprietary  ,1,8,9,53,153,206
02220500,GOD'S BIBLE SCHOOL & COLLEGE            ,OH,45210-0000,Private      ,3,3,6,194,71,265
02220800,CAREER & TECHNOLOGY EDUCATION CENTERS OF,OH,43055-0000,Public       ,2,43,45,38,255,293
02239800,PIONEER CAREER & TECHNOLOGY CENTER      ,OH,44875-0000,Public       ,0,4,4,9,71,80
02245600,WARREN COUNTY CAREER CENTER             ,OH,45036-0000,Public       ,4,51,55,43,279,322
02246300,INSTITUTE OF MEDICAL-DENTAL TECH        ,OH,45246-3317,Proprietary  ,14,60,74,63,323,386
02263700,MIAMI VALLEY CAREER TECHNOLOGY CTR      ,OH,45315-0000,Public       ,8,51,59,93,538,631
02269400,EASTERN HILLS ACAD OF HAIR DESIGN       ,OH,45255-0000,Proprietary  ,4,15,19,27,124,151
02269500,WESTERN HILLS SCHOOL OF BEAUTY & HAIR DE,OH,45211-0000,Proprietary  ,7,38,45,61,331,392
02270100,OHIO HI-POINT CAREER CENTER             ,OH,43311-0000,Public       ,1,16,17,28,445,473
02272700,COLUMBIANA COUNTY CAREER CENTER         ,OH,44432-0000,Public       ,1,16,17,36,312,348
02287900,RAPHAEL'S SCHOOL OF BEAUTY CULTURE      ,OH,44446-0000,Proprietary  ,8,58,66,67,226,293
02289802,KAPLAN COLLEGE                          ,OH,45203-0000,Proprietary  ,22,200,222,169,1281,1450
02301400,OHIO VALLEY COLLEGE OF TECHNOLOGY       ,OH,43920-0000,Proprietary  ,2,19,21,100,238,338
02303600,BOHECKER'S BUSINESS COLLEGE             ,OH,44266-0000,Proprietary  ,16,100,116,195,918,1113
02304700,TRI-RIVERS CAREER CENTER                ,OH,43302-0000,Public       ,2,20,22,39,277,316
02311200,AMERICAN SCHOOL OF TECHNOLOGY           ,OH,43229-0000,Proprietary  ,8,118,126,58,714,772
02315500,TOLEDO ACADEMY OF BEAUTY CULTURE - EAST ,OH,43616-0000,Proprietary  ,4,10,14,44,145,189
02328500,MOLER-PICKENS BEAUTY COLLEGE            ,OH,45014-0000,Proprietary  ,2,15,17,15,81,96
02334300,INTERNATIONAL ACAD OF HAIR DESIGN       ,OH,45239-0000,Proprietary  ,1,6,7,53,102,155
02336300,KNOX COUNTY CAREER CENTER               ,OH,43050-4298,Public       ,0,12,12,29,257,286
02336700,CUYAHOGA VALLEY CAREER CENTER           ,OH,44141-1296,Public       ,0,7,7,56,263,319
02337700,PROFESSIONAL SKILLS INSTITUTE           ,OH,43607-0000,Proprietary  ,3,32,35,132,889,1021
02351500,WILLOUGHBY EASTLAKE SCH OF PRAC NSG     ,OH,44094-0000,Public       ,0,1,1,20,134,154
02352800,POLARIS CAREER CENTER-ADULT ED DEPT     ,OH,44130-0000,Public       ,2,39,41,69,367,436
02354200,SCIOTO COUNTY JOINT VOCATIONAL SCH      ,OH,45648-0000,Public       ,9,42,51,74,355,429
02454400,NORTHEASTERN OHIO UNIVS COL OF MED      ,OH,44272-0000,Public       ,1,3,4,78,754,832
02497800,GREENE COUNTY CAREER CENTER             ,OH,45385-0000,Public       ,3,25,28,31,237,268
02512600,ADULT VOCATIONAL SERVICES               ,OH,44308-0000,Public       ,0,2,2,2,34,36
02519300,OHIO STATE SCH COSMETOLOGY              ,OH,43068-0000,Proprietary  ,9,14,23,14,39,53
02522700,EASTLAND-FAIRFIELD CAREER AND TECHNICAL ,OH,43125-0000,Public       ,7,55,62,55,400,455
02528300,TDDS TECHNICAL INSTITUTE                ,OH,44429-0000,Proprietary  ,12,105,117,79,663,742
02529500,HAMRICK SCHOOL                          ,OH,44256-0000,Proprietary  ,2,69,71,28,240,268
02541400,TOLEDO ACADEMY OF BEAUTY CULTURE-SO     ,OH,43614-0000,Proprietary  ,5,22,27,59,216,275
02545800,INNER STATE BEAUTY SCHOOLS              ,OH,44124-0000,Proprietary  ,3,21,24,68,277,345
02553000,SCHOOL OF ADVERTISING ART               ,OH,45440-0000,Proprietary  ,2,0,2,211,33,244
02560000,CASAL AVEDA INSTITUTE                   ,OH,44515-0000,Proprietary  ,3,14,17,103,125,228
02560700,PICKAWAY ROSS CO JOINT VOC TECH SCH     ,OH,45601-0000,Public       ,2,39,41,65,393,458
02560701,PICKAWAY ROSS COUNTY JOINT VOCATIONAL SC,OH,45601-9010,Public       ,0,7,7,9,67,76
02562300,APOLLO CAREER CENTER-ADULT EDUC         ,OH,45806-0000,Public       ,6,54,60,84,751,835
02563000,RAPHAELS SCHOOL OF BEAUTY CULTURE       ,OH,44601-2847,Proprietary  ,5,16,21,55,136,191
02568600,MAHONING COUNTY CAREER & TECH CENTR     ,OH,44406-0000,Public       ,1,2,3,20,108,128
02582900,KAPLAN CAREER INSTITUTE                 ,OH,44129-6810,Proprietary  ,42,192,234,264,1256,1520
02586400,TRUMBULL CAREER & TECH CENTER-ADULT     ,OH,44483-1997,Public       ,3,25,28,60,466,526
02588500,OHIO STATE SCHOOL OF COSMETOLOGY        ,OH,43081-0000,Proprietary  ,6,24,30,80,123,203
02599711,VATTEROTT COLLEGE - CLEVELAND           ,OH,44147-3502,Proprietary  ,12,103,115,66,706,772
02603800,LORAIN COUNTY JVS ADULT CAREER CTR      ,OH,44074-9799,Public       ,0,30,30,51,406,457
02616200,BROWN MACKIE COLLEGE-FINDLAY            ,OH,45840-6848,Proprietary  ,92,426,518,873,4378,5251
02620000,SANDUSKY CAREER CENTER                  ,OH,44870-4786,Public       ,0,8,8,27,245,272
03007900,GALLIPOLIS CAREER COLLEGE               ,OH,45631-2600,Proprietary  ,7,34,41,42,289,331
03009702,"HARRISON COLLEGE - MUNCIE - COLUMBUS, OH",OH,43123-0000,Proprietary  ,4,28,32,12,88,100
03015100,ALLIANCE HIGH SCH-CMTY SERVICES DIV     ,OH,44601-2899,Public       ,6,26,32,32,225,257
03015300,EHOVE CAREER CENTER                     ,OH,44846-9500,Public       ,3,16,19,92,508,600
03023700,MADISON ADULT CAREER CENTER             ,OH,44905-2718,Public       ,1,19,20,31,240,271
03024300,VALLEY BEAUTY SCHOOL                    ,OH,43725-2332,Proprietary  ,6,20,26,40,116,156
03027100,FAIRVIEW ACADEMY                        ,OH,44126-2214,Proprietary  ,1,11,12,16,68,84
03034200,WASHINGTON COUNTY CAREER CENTER ADULT TE,OH,45750-9290,Public       ,1,47,48,48,399,447
03051400,AUBURN CAREER CENTER                    ,OH,44077-9723,Public       ,6,20,26,54,234,288
03051500,US GRANT JOINT VOCATIONAL SCHOOL        ,OH,45106-9502,Public       ,1,1,2,3,32,35
03065800,OHIO INSTITUTE OF HEALTH CAREERS        ,OH,44035-2394,Proprietary  ,3,15,18,66,281,347
03065900,BUCKEYE CAREER CENTER                   ,OH,44663-9437,Public       ,1,1,2,75,338,413
03067600,RAPHAEL'S SCHOOL OF BEAUTY CULTURE      ,OH,44512-2222,Proprietary  ,2,12,14,17,68,85
03068200,OHIO CENTER FOR BROADCASTING            ,OH,44125-4220,Proprietary  ,10,43,53,129,427,556
03068202,OHIO CENTER FOR BROADCASTING - COLUMBUS ,OH,43213-2571,Proprietary  ,4,24,28,50,212,262
03071900,MOUNT CARMEL COLLEGE OF NURSING         ,OH,43222-1598,Private      ,8,36,44,661,798,1459
03072303,EVEREST INSTITUTE - COLUMBUS            ,OH,43230-6653,Proprietary  ,45,277,322,200,1357,1557
03078000,OHIO CENTER FOR BROADCASTING            ,OH,45227-1509,Proprietary  ,2,10,12,45,153,198
03079000,ETI TECHNICAL COLLEGE                   ,OH,44446-4398,Proprietary  ,3,53,56,106,503,609
03084800,DELAWARE AREA CAREER CENTER             ,OH,43015-8969,Public       ,0,4,4,6,40,46
03084801,DELAWARE AREA CAREER CENTER -           ,OH,43015-9001,Public       ,0,0,0,6,19,25
03095600,VANTAGE CAREER CENTER                   ,OH,45891-1378,Public       ,2,19,21,24,197,221
03097000,MERCY COLLEGE OF NORTHWEST OHIO         ,OH,43604-1132,Private      ,4,32,36,549,1015,1564
03100100,PARAMOUNT BEAUTY ACADEMY                ,OH,45662-4136,Proprietary  ,3,11,14,32,102,134
03105400,CLEVELAND EXTENSION HIGH SCH-WEST       ,OH,44102-2298,Public       ,6,38,44,31,206,237
03116200,DAYTON BARBER COLLEGE                   ,OH,45402-2310,Proprietary  ,1,14,15,30,133,163
03116300,OHIO COLLEGE OF MASSOTHERAPY            ,OH,44321-1363,Private      ,6,19,25,56,201,257
03116400,VANGUARD-SENTINELL VOC SCH DISTRICT     ,OH,43420-1197,Public       ,0,1,1,4,61,65
03117000,ASHLAND COUNTY-W HOLMES CAREER CTR      ,OH,44805-0000,Public       ,1,7,8,21,214,235
03319300,CREATIVE IMAGES-A CERTIFIED MATRIX      ,OH,45414-2557,Proprietary  ,7,27,34,79,236,315
03319301,CREATIVE IMAGES-A CERTIFIED MATRIX      ,OH,45459-0000,Proprietary  ,5,31,36,58,161,219
03416400,VALLEY BEAUTY SCHOOL                    ,OH,43701-3624,Proprietary  ,2,12,14,11,72,83
03425300,ROSEDALE BIBLE COLLEGE                  ,OH,43029-9517,Private      ,3,3,6,65,12,77
03457300,ALLEGHENY WESLEYAN COLLEGE              ,OH,44460-9598,Private      ,3,3,6,46,19,65
03468400,NATIONAL INSTITUTE OF MASSOTHERAPY      ,OH,44319-2100,Proprietary  ,0,8,8,29,103,132
03468500,ATS INSTITUTE OF TECHNOLOGY             ,OH,44143-2216,Proprietary  ,1,31,32,55,754,809
03475400,TRI-STATE BIBLE COLLEGE                 ,OH,45680-8402,Private      ,0,1,1,6,38,44
03534400,AMERICAN INST OF ALTERNATIVE MEDICI     ,OH,43229-1113,Proprietary  ,12,43,55,55,265,320
03578300,TRI-STATE COLLEGE                       ,OH,44452-8535,Proprietary  ,0,0,0,21,61,82
03586400,MED CENTRAL COLLEGE OF NURSING          ,OH,44903-2265,Private      ,5,9,14,376,276,652
03626300,BROWN AVEDA INSTITUTE                   ,OH,44060-6212,Proprietary  ,21,36,57,192,278,470
03693300,CARNEGIE CAREER COLLEGE                 ,OH,44260-9608,Private      ,2,34,36,15,166,181
03700300,REGENCY BEAUTY INSTITUTE - CLEVELAND    ,OH,44094-0000,Proprietary  ,13,35,48,124,347,471
03726300,TEMPLE BAPTIST COLLEGE                  ,OH,45240-0000,Private      ,0,3,3,12,35,47
03747300,BEXLEY HALL SEMINARY                    ,OH,43209-2325,Private      ,0,1,1,0,16,16
03776400,HEALING ARTS INSTITUTE                  ,OH,43551-3138,Proprietary  ,2,15,17,24,73,97
03837300,AVEDA FREDRIC'S INSTITUTE               ,OH,45208-1304,Proprietary  ,5,21,26,112,111,223
03882300,OREGON CAREER CENTER                    ,OH,43616-2631,Public       ,3,28,31,15,156,171
04050400,DESIGNER'S BEAUTY ACADEMY               ,OH,43920-0000,Proprietary  ,1,7,8,14,57,71
04068300,FOUR COUNTY CAREER CENTER               ,OH,43512-9541,Public       ,2,11,13,2,11,13
04074300,HONDROS COLLEGE                         ,OH,43081-3855,Proprietary  ,24,161,185,256,1643,1899
04116700,NEWLIFE TECHNICAL INSTITUTE             ,OH,43920-2920,Private      ,3,17,20,12,45,57
04117300,DAYTON SCHOOL OF MEDICAL MASSAGE        ,OH,45429-1111,Proprietary  ,41,148,189,250,750,1000
04118300,NORTHCOAST MEDICAL TRAINING ACADEMY     ,OH,44240-4174,Proprietary  ,11,54,65,96,365,461
04124500,TECHSKILLS                              ,OH,43231-0000,Proprietary  ,1,53,54,20,283,303
04125700,CUT BEAUTY SCHOOL (THE)                 ,OH,44118-2918,Proprietary  ,3,27,30,38,244,282
04126000,OHIO ACADEMY PAUL MITCHELL PARTNER SCHOO,OH,44087-3107,Proprietary  ,7,20,27,19,33,52
04137800,AVEDA INSTITUTE COLUMBUS                ,OH,43201-2333,Proprietary  ,11,40,51,173,235,408
04138000,INSTITUTE OF THERAPEUTIC MASSAGE        ,OH,45875-0350,Proprietary  ,2,8,10,18,80,98
04140100,CISORIA ACADEMY OF COSMETOLOGY          ,OH,44137-2915,Proprietary  ,3,5,8,10,48,58
04149100,CINCINNATI ACADEMY A PAUL MITCHELL PARTN,OH,45241-1702,Proprietary  ,6,19,25,108,121,229
04151400,VANITY SCHOOL OF COSMETOLOGY            ,OH,44035-0000,Proprietary  ,3,10,13,3,10,13
04152600,PIKE COUNTY CAREER TECHNOLOGY CENTER    ,OH,45661-9114,Public       ,1,5,6,2,24,26
04153300,OHIO ACADEMY COLUMBUS (THE)             ,OH,43231-6038,Proprietary  ,8,11,19,19,31,50
04154000,TOLLES CAREER & TECHNICAL CENTER        ,OH,43064-8854,Public       ,2,4,6,2,5,7
04166800,SALON PROFESSIONAL ACADEMY (THE)        ,OH,45551-0000,Proprietary  ,5,10,15,5,10,15
        ,INVALID SCHOOL CODE                     ,  ,00000-0000,,282,1381,1663,4357,10204,14561
00134500,ADAMS STATE COLLEGE                     ,CO,81102-2373,Public       ,43,146,189,2294,2122,4416
00134600,ARAPAHOE COMMUNITY COLLEGE              ,CO,80160-9002,Public       ,118,434,552,2115,5119,7234
00134700,COLORADO COLLEGE                        ,CO,80903-3294,Private      ,18,15,33,2627,358,2985
00134800,COLORADO SCHOOL OF MINES                ,CO,80401-1887,Public       ,49,28,77,4514,975,5489
00134900,UNIVERSITY OF NORTHERN COLORADO         ,CO,80639-0001,Public       ,142,195,337,9570,4228,13798
00135000,COLORADO STATE UNIVERSITY               ,CO,80523-0100,Public       ,286,365,651,19462,9241,28703
00135200,DENVER  SEMINARY                        ,CO,80120-2192,Private      ,0,24,24,0,640,640
00135300,FORT LEWIS COLLEGE                      ,CO,81301-3999,Public       ,67,43,110,3588,1348,4936
00135400,ILIFF SCHOOL OF THEOLOGY                ,CO,80210-0000,Private      ,0,9,9,1,230,231
00135500,LAMAR COMMUNITY COLLEGE                 ,CO,81052-3999,Public       ,17,40,57,375,468,843
00135800,MESA STATE COLLEGE                      ,CO,81501-7682,Public       ,147,228,375,4745,3344,8089
00135900,COLORADO NORTHWESTERN COMMUNITY COLLEGE ,CO,81648-3598,Public       ,13,47,60,367,427,794
00136000,METROPOLITAN STATE CLG OF DENVER        ,CO,80204-0000,Public       ,363,740,1103,10856,15514,26370
00136100,NORTHEASTERN JUNIOR COLLEGE             ,CO,80751-2399,Public       ,30,57,87,1079,606,1685
00136200,OTERO JUNIOR COLLEGE                    ,CO,81050-3346,Public       ,35,94,129,580,879,1459
00136300,REGIS UNIVERSITY                        ,CO,80221-1099,Private      ,40,526,566,2282,9207,11489
00136500,COLORADO STATE UNIVERSITY-PUEBLO        ,CO,81001-4901,Public       ,73,256,329,4234,3431,7665
00136800,TRINIDAD STATE JR COLLEGE               ,CO,81082-2396,Public       ,39,144,183,668,1320,1988
00137000,UNIVERSITY OF COLORADO-BOULDER          ,CO,80309-0077,Public       ,290,249,539,21859,9501,31360
00137100,UNIVERSITY OF DENVER                    ,CO,80208-2000,Private      ,83,275,358,6299,9801,16100
00137200,WESTERN STATE COLLEGE                   ,CO,81231-0000,Public       ,28,12,40,2121,484,2605
00163202,AQUINAS INSTITUTE OF THEOLOGY - AQUINAS ,CO,80903-1498,Private      ,0,1,1,0,5,5
00405702,NATIONAL AMERICAN UNIVERSITY            ,CO,80918-0000,Proprietary  ,1,31,32,19,256,275
00405703,NATIONAL AMERICAN UNIVERSITY            ,CO,80222-0000,Proprietary  ,4,25,29,37,318,355
00450300,EVEREST COLLEGE                         ,CO,80916-3548,Proprietary  ,53,254,307,237,1403,1640
00450600,COLORADO MOUNTAIN COLLEGE               ,CO,81602-0000,Public       ,35,109,144,1274,1233,2507
00450700,EVEREST COLLEGE                         ,CO,80229-4339,Proprietary  ,47,246,293,294,1580,1874
00450701,"EVEREST COLLEGE- EVEREST COLLEGE, AURORA",CO,80012-5692,Proprietary  ,53,190,243,228,1050,1278
00450800,UNIVERSITY OF COLORADO DENVER           ,CO,80204-2029,Public       ,128,574,702,308,3472,3780
00450824,UNIVERSITY OF COLORADO DENVER - AURARIA ,CO,80217-3364,Public       ,0,0,0,6216,10817,17033
00450900,UNIV OF COLORADO AT COLO SPRINGS        ,CO,80918-3735,Public       ,114,207,321,5562,4891,10453
00559600,EMILY GRIFFITH OPPORTUNITY SCH          ,CO,80204-2197,Public       ,53,310,363,510,2147,2657
00729700,REDSTONE COLLEGE                        ,CO,80020-9988,Proprietary  ,30,149,179,310,929,1239
00754700,LINCOLN COLLEGE OF TECHNOLOGY           ,CO,80223-2013,Proprietary  ,120,128,248,995,940,1935
00754800,WESTWOOD COLLEGE - DENVER NORTH         ,CO,80221-3653,Proprietary  ,46,277,323,1091,3925,5016
00754801,WESTWOOD COLLEGE - DENVER SOUTH         ,CO,80227-3653,Proprietary  ,20,139,159,309,1102,1411
00758200,AIMS COMMUNITY COLLEGE                  ,CO,80632-0000,Public       ,79,288,367,1952,3759,5711
00764900,ROCKY MOUNTAIN COLG OF ART & DESIGN     ,CO,80214-0000,Proprietary  ,18,10,28,900,278,1178
00793300,FRONT RANGE COMMUNITY COLLEGE           ,CO,80031-2199,Public       ,287,874,1161,6039,11459,17498
00863500,INTELLITEC MEDICAL INSTITUTE            ,CO,80909-1570,Proprietary  ,21,103,124,85,489,574
00887100,CONCORDE CAREER INSTITUTE               ,CO,80203-0000,Proprietary  ,32,185,217,254,1176,1430
00889600,PIKES PEAK COMMUNITY COLLEGE            ,CO,80906-5498,Public       ,289,1015,1304,4488,11009,15497
00940100,COLORADO CHRISTIAN UNIVERSITY           ,CO,80226-7449,Private      ,18,155,173,1448,2150,3598
00954200,COMMUNITY COLLEGE OF DENVER             ,CO,80217-2026,Public       ,180,773,953,3693,8701,12394
00954300,RED ROCKS COMMUNITY COLLEGE             ,CO,80228-1255,Public       ,125,484,609,2342,5396,7738
00998100,MORGAN COMMUNITY COLLEGE                ,CO,80701-4399,Public       ,26,126,152,352,1026,1378
01014800,COLORADO TECHNICAL UNIVERSITY           ,CO,80907-3896,Proprietary  ,70,1254,1324,583,9583,10166
01014802,COLORADO TECHNICAL UNIV - DENVER        ,CO,80111-3201,Proprietary  ,16,126,142,163,1146,1309
01014805,COLORADO TECH UNIV - ON LINE            ,CO,80907-0000,Proprietary  ,347,8150,8497,1626,44240,45866
01014806,COLORADO TECH UNIV - FED EXPRESS        ,CO,80921-3800,Proprietary  ,1,14,15,8,121,129
01014808,COLORADO TECH UNIV - USAA               ,CO,80920-1005,Proprietary  ,0,4,4,5,29,34
01014809,COLORADO TECH UNIV - SCHRIEVER AFB      ,CO,80912-7298,Proprietary  ,0,0,0,0,3,3
01014810,COLORADO TECH UNIV - PETERSON AFB       ,CO,80914-1586,Proprietary  ,0,0,0,0,6,6
01014811,COLORADO TECH UNIV-HEWLETT PACKARD      ,CO,80919-2303,Proprietary  ,0,0,0,4,9,13
01014812,COLORADO TECHNICAL UNIVERSITY - WESTMINS,CO,80021-3498,Proprietary  ,21,196,217,180,1465,1645
01014813,COLORADO TECH UNIV - ORACLE             ,CO,80921-3660,Proprietary  ,0,3,3,2,30,32
01014815,COLORADO TECHNCL UNIV PUEBLO            ,CO,81003-2315,Proprietary  ,6,49,55,80,576,656
01070900,EMPIRE BEAUTY SCHOOL-LAKEWOOD           ,CO,80215-0000,Proprietary  ,5,18,23,44,171,215
01073200,SAN JUAN BASINTECHNICAL COLLEGE         ,CO,81328-9196,Public       ,1,7,8,19,97,116
01157200,COLORADO SCHOOL OF TRADES               ,CO,80215-2996,Proprietary  ,9,21,30,103,233,336
01267000,BEL-REA INST OF ANIMAL TECH             ,CO,80247-3048,Proprietary  ,33,64,97,522,791,1313
01285000,INTERNATIONAL SALON AND SPA ACADEMY     ,CO,80918-3684,Proprietary  ,17,46,63,110,263,373
01287500,PICKENS TECHNICAL COLLEGE               ,CO,80011-9307,Public       ,7,37,44,259,750,1009
01300700,NAZARENE BIBLE COLLEGE                  ,CO,80910-3717,Private      ,2,39,41,69,742,811
02072200,EMPIRE BEAUTY SCHOOL -ARVADA            ,CO,80212-0000,Proprietary  ,9,16,25,64,141,205
02078900,ART INSTITUTE OF COLORADO (THE)         ,CO,80203-2983,Proprietary  ,106,198,304,1913,2214,4127
02116300,PUEBLO COMMUNITY COLLEGE                ,CO,81004-0000,Public       ,143,481,624,1995,6016,8011
02117500,NAROPA UNIVERSITY                       ,CO,80302-0000,Private      ,4,21,25,381,1288,1669
02133100,COLORADO CENTER FOR MEDICAL LABORATORY S,CO,80218-0000,Private      ,0,4,4,6,62,68
02141100,ARTISTIC BEAUTY COLGS-WESTMINSTER       ,CO,80030-0000,Proprietary  ,17,43,60,98,217,315
02141102,ARTISTIC BEAUTY COLLEGES-LITTLETON      ,CO,80123-3480,Proprietary  ,0,0,0,5,7,12
02141103,ARTISTIC BEAUTY COLLEGES-AURORA         ,CO,80017-3194,Proprietary  ,1,6,7,37,111,148
02156200,DELTA - MONTROSE TECHNICAL COLLEGE      ,CO,81416-0000,Public       ,1,21,22,71,256,327
02160600,EMPIRE BEAUTY SCHOOL -THORNTON          ,CO,80241-1659,Proprietary  ,13,25,38,100,204,304
02165200,SALON PROFESSIONAL ACADEMY (THE)        ,CO,81504-5309,Proprietary  ,7,14,21,74,83,157
02167600,KAPLAN COLLEGE                          ,CO,80229-5309,Proprietary  ,13,111,124,132,769,901
02171300,TRINIDAD STATE JUNIOR COLLEGE           ,CO,81101-0000,Proprietary  ,0,0,0,0,2,2
02188700,DENVER ACAD OF COURT REPORTING          ,CO,80030-0000,Proprietary  ,1,19,20,29,178,207
02211901,CHEEKS INTERNATIONAL ACADEMY OF BEAUTY C,CO,80525-3053,Proprietary  ,0,3,3,7,27,34
02211902,CHEEKS INTERNATIONAL ACDMY BTY CULT     ,CO,80631-0000,Proprietary  ,0,0,0,6,23,29
02253700,INTELLITEC COLLEGE                      ,CO,80909-0000,Proprietary  ,33,157,190,148,708,856
02267500,GLENWOOD BEAUTY ACADEMY                 ,CO,81601-0000,Proprietary  ,3,13,16,21,55,76
02276900,COMMUNITY COLLEGE OF AURORA             ,CO,80011-9036,Public       ,108,465,573,1914,5413,7327
02321700,ITT TECHNICAL INSTITUTE                 ,CO,80229-5338,Proprietary  ,111,334,445,511,1806,2317
02518500,HAIR DYNAMICS EDUCATION CENTER          ,CO,80525-0000,Proprietary  ,18,26,44,111,183,294
02594300,COLLEGE AMERICA - DENVER                ,CO,80222-3380,Proprietary  ,100,541,641,595,3413,4008
02611000,HERITAGE COLLEGE                        ,CO,80212-7413,Proprietary  ,25,194,219,234,1077,1311
03006300,INST OF BUSINESS & MEDICAL CAREERS      ,CO,80525-3044,Proprietary  ,29,138,167,269,1100,1369
03012100,REMINGTON COLLEGE - COLORADO SPRINGS CAM,CO,80215-0000,Proprietary  ,11,33,44,51,301,352
03013100,BOULDER COLLEGE OF MASSAGE THERAPY      ,CO,80301-3295,Private      ,6,24,30,84,218,302
03014900,PLATT COLLEGE                           ,CO,80014-3141,Proprietary  ,5,18,23,50,234,284
03027400,XENON INTERNATIONAL ACADEMY III         ,CO,80014-1193,Proprietary  ,7,17,24,57,121,178
03030606,UTAH COLLEGE OF MASSAGE THERAPY - DENVER,CO,80031-2921,Proprietary  ,32,55,87,140,334,474
03030607,UTAH COLLEGE OF MASSAGE THERAPY - DENVER,CO,80012-2523,Proprietary  ,20,49,69,124,271,395
03031603,DPT BUSINESS SCHOOL                     ,CO,80223-0000,Proprietary  ,0,0,0,0,2,2
03066900,INTELLITEC COLLEGE                      ,CO,81506-3994,Proprietary  ,40,165,205,234,961,1195
03068201,OHIO CENTER FOR BROADCASTING - COLORADO ,CO,80214-4129,Proprietary  ,5,42,47,69,251,320
03076401,BRYMAN SCHOOL OF ARIZONA (THE) - ANTHEM ,CO,80014-2622,Proprietary  ,1,5,6,8,26,34
03289300,COLORADO HEIGHTS UNIVERSITY             ,CO,80236-2711,Private      ,9,42,51,27,163,190
03306300,MONTESSORI EDUC CRT OF THE ROCKIES      ,CO,80301-2587,Private      ,0,2,2,2,34,36
03534300,JONES INTERNATIONAL UNIVERSITY          ,CO,80112-3446,Proprietary  ,70,1438,1508,167,5478,5645
03545300,UNIVERSITY OF THE ROCKIES               ,CO,80903-3612,Proprietary  ,0,321,321,23,1904,1927
03584400,COLORADO SCHOOL OF HEALING ARTS         ,CO,80226-4332,Proprietary  ,8,37,45,81,290,371
03670300,TONI & GUY HAIRDRESSING ACADEMY         ,CO,80911-1713,Proprietary  ,9,18,27,65,167,232
03686300,COLORADO SCHOOL OF TRADITIONAL CHINESE M,CO,80206-2127,Proprietary  ,0,12,12,4,139,143
03776300,CULINARY SCHOOL OF THE ROCKIES          ,CO,80305-5961,Proprietary  ,3,8,11,25,78,103
03972300,CUTTIN' UP BEAUTY ACADEMY               ,CO,80220-0000,Proprietary  ,4,12,16,22,105,127
03976300,MASSAGE THERAPY INSTITUTE OF COLORADO   ,CO,80206-2127,Proprietary  ,3,9,12,26,115,141
04080300,ASPEN UNIVERSITY                        ,CO,80246-1930,Proprietary  ,2,11,13,16,122,138
04093300,ACADEMY OF NATURAL THERAPY              ,CO,80631-3425,Proprietary  ,3,15,18,22,75,97
04121200,INSTITUTE OF TAOIST EDUCATION AND ACUPUN,CO,80027-1028,Private      ,0,0,0,2,43,45
04125100,MONTESSORI CENTRE INTERNATIONAL DENVER  ,CO,80111-5263,Private      ,0,4,4,0,13,13
04139300,NATIONAL BEAUTY COLLEGE                 ,CO,80221-0000,Proprietary  ,4,18,22,21,113,134
04148300,DENVER SCHOOL OF NURSING                ,CO,80202-1213,Proprietary  ,14,42,56,75,523,598
04151100,SUMMIT SALON & BEAUTY SCHOOL            ,CO,80866-4569,Proprietary  ,0,4,4,0,27,27
00267811,BRYANT & STRATTON COLLEGE - VIRGINIA BEA,VA,23462-4417,Proprietary  ,31,195,226,455,2220,2675
00370200,AVERETT UNIVERSITY                      ,VA,24541-3692,Private      ,22,307,329,1370,1996,3366
00370300,BLUEFIELD COLLEGE                       ,VA,24605-1799,Private      ,9,29,38,561,593,1154
00370400,BRIDGEWATER COLLEGE                     ,VA,22812-1599,Private      ,30,4,34,3024,157,3181
00370500,COLLEGE OF WILLIAM & MARY               ,VA,23187-8795,Public       ,78,43,121,9751,4278,14029
00370600,CHRISTOPHER NEWPORT UNIVERSITY          ,VA,23606-2998,Public       ,57,47,104,6974,1075,8049
00370700,RICHARD BLAND COLLEGE                   ,VA,23805-7100,Public       ,28,20,48,1144,563,1707
00370800,EASTERN MENNONITE UNIVERSITY            ,VA,22802-2462,Private      ,5,18,23,1044,495,1539
00370900,EMORY & HENRY COLLEGE                   ,VA,24327-0010,Private      ,8,9,17,1403,155,1558
00371100,FERRUM COLLEGE                          ,VA,24088-2612,Private      ,33,3,36,2739,276,3015
00371200,TIDEWATER COMMUNITY COLLEGE             ,VA,23510-1910,Public       ,403,1426,1829,10245,20958,31203
00371300,HAMPDEN-SYDNEY COLLEGE                  ,VA,23943-0128,Private      ,13,1,14,1220,38,1258
00371400,HAMPTON UNIVERSITY                      ,VA,23668-0099,Private      ,156,73,229,9684,2909,12593
00371500,HOLLINS UNIVERSITY                      ,VA,24020-0000,Private      ,13,20,33,945,614,1559
00371900,LONGWOOD UNIVERSITY                     ,VA,23909-1899,Public       ,47,20,67,5015,702,5717
00372000,LYNCHBURG COLLEGE                       ,VA,24501-3199,Private      ,25,19,44,3338,639,3977
00372100,JAMES MADISON UNIVERSITY                ,VA,22807-3780,Public       ,148,41,189,20790,2341,23131
00372300,MARY BALDWIN COLLEGE                    ,VA,24401-3610,Private      ,17,35,52,1276,1045,2321
00372400,MARYMOUNT UNIVERSITY                    ,VA,22207-4224,Private      ,46,64,110,2439,2080,4519
00372600,NATIONAL COLLEGE                        ,VA,24153-4524,Proprietary  ,153,1139,1292,1220,9684,10904
00372700,NORTHERN VA CMTY CLG                    ,VA,22003-3743,Public       ,461,1087,1548,10978,14577,25555
00372800,OLD DOMINION UNIVERSITY                 ,VA,23529-0052,Public       ,223,416,639,17314,12776,30090
00373200,RADFORD UNIVERSITY                      ,VA,24142-6905,Public       ,100,49,149,8048,2172,10220
00373300,RANDOLPH-MACON COLLEGE                  ,VA,23005-5505,Private      ,24,2,26,2464,132,2596
00373400,RANDOLPH COLLEGE                        ,VA,24503-1526,Private      ,8,2,10,881,97,978
00373500,VIRGINIA COMMONWEALTH UNIVERSITY        ,VA,23284-9004,Public       ,324,348,672,21890,13528,35418
00373600,ROANOKE COLLEGE                         ,VA,24153-3794,Private      ,18,10,28,3040,232,3272
00373700,SHENANDOAH UNIVERSITY                   ,VA,22601-5195,Private      ,29,37,66,2450,1908,4358
00373800,SOUTHERN VIRGINIA UNIVERSITY            ,VA,24416-3038,Private      ,20,7,27,731,248,979
00373900,ST PAULS COLLEGE                        ,VA,23868-1299,Private      ,9,15,24,575,440,1015
00374200,SWEET BRIAR COLLEGE                     ,VA,24595-9998,Private      ,5,1,6,749,50,799
00374300,UNION THEO SEMINARY & PRESBYTRN SCH     ,VA,23227-0000,Private      ,0,4,4,1,88,89
00374400,UNIVERSITY OF RICHMOND                  ,VA,23173-0001,Private      ,42,48,90,5285,2506,7791
00374500,UNIVERSITY OF VIRGINIA - SFS            ,VA,22903-0000,Public       ,185,151,336,18497,9803,28300
00374600,UNIVERSITY OF MARY WASHINGTON           ,VA,22401-5358,Public       ,40,45,85,4778,1173,5951
00374700,UNIV OF VIRGINIA'S COLLEGE AT WISE      ,VA,24293-4412,Public       ,14,13,27,1909,426,2335
00374800,EASTERN SHORE COMMUNITY COLLEGE         ,VA,23410-3000,Public       ,12,24,36,381,685,1066
00374900,GEORGE MASON UNIVERSITY                 ,VA,22030-4444,Public       ,268,456,724,16444,14407,30851
00375100,PATRICK HENRY COMMUNITY COLLEGE         ,VA,24112-5311,Public       ,42,141,183,1134,2740,3874
00375200,VIRGINIA INTERMONT COLLEGE              ,VA,24201-4298,Private      ,20,17,37,848,344,1192
00375300,VIRGINIA MILITARY INSTITUTE             ,VA,24450-2138,Public       ,17,3,20,1572,69,1641
00375400,VIRGINIA POLYTECH INST & STATE UNIV     ,VA,24061-2000,Public       ,211,142,353,25020,5088,30108
00375800,DANVILLE COMMUNITY COLLEGE              ,VA,24541-4004,Public       ,33,183,216,1394,3106,4500
00375900,J. SARGEANT REYNOLDS COMMUNITY CLG      ,VA,23285-0000,Public       ,134,501,635,4378,9106,13484
00376000,VIRGINIA WESTERN CMTY COLLEGE           ,VA,24038-0000,Public       ,60,236,296,2528,4235,6763
00376100,WYTHEVILLE COMMUNITY COLLEGE            ,VA,24382-3308,Public       ,44,123,167,1203,2184,3387
00376200,VIRGINIA UNIVERSITY OF LYNCHBURG        ,VA,24501-6400,Private      ,10,48,58,99,418,517
00376400,VIRGINIA STATE UNIVERSITY               ,VA,23806-0001,Public       ,155,86,241,9678,2884,12562
00376500,NORFOLK STATE UNIVERSITY                ,VA,23504-8000,Public       ,129,184,313,8950,6158,15108
00376600,VIRGINIA UNION UNIVERSITY               ,VA,23220-1711,Private      ,104,42,146,3454,1142,4596
00376700,VIRGINIA WESLEYAN COLLEGE               ,VA,23502-5599,Private      ,17,15,32,1903,625,2528
00376800,WASHINGTON & LEE UNIVERSITY             ,VA,24450-0303,Private      ,20,4,24,2524,1657,4181
00400400,JOHN TYLER COMMUNITY COLLEGE            ,VA,23831-5316,Public       ,73,259,332,3002,5370,8372
00450301,"EVEREST COLLEGE- EVEREST COLLEGE, MCLEAN",VA,22102-3000,Proprietary  ,35,142,177,186,618,804
00450702,"EVEREST COLLEGE- EVEREST COLLEGE, ARLING",VA,22203-1905,Proprietary  ,53,178,231,330,1014,1344
00498800,CENTRAL VIRGINIA COMMUNITY COLLEGE      ,VA,24502-2498,Public       ,43,128,171,1494,2385,3879
00499200,MILLER-MOTTE TECHNICAL COLLEGE          ,VA,24505-0000,Proprietary  ,24,127,151,202,599,801
00499600,DABNEY S LANCASTER COMMUNITY CLG        ,VA,24422-1000,Public       ,9,47,56,512,631,1143
00522300,NEW RIVER COMMUNITY COLLEGE             ,VA,24084-1127,Public       ,44,135,179,1568,2338,3906
00607500,ROANOKE MEM HOSP SCH RAD ONCOLOGY       ,VA,24033-0000,Private      ,0,0,0,9,11,20
00607501,ROANOKE MEM HOSP SCH RAD TECH           ,VA,24014-1850,Private      ,0,0,0,5,13,18
00662200,COLLEGE OF HEALTH SCIENCES - CHRV       ,VA,24031-0000,Private      ,7,16,23,520,921,1441
00681900,BLUE RIDGE COMMUNITY COLLEGE            ,VA,24486-0080,Public       ,44,114,158,1845,2151,3996
00687100,THOMAS NELSON COMMUNITY COLLEGE         ,VA,23670-0000,Public       ,149,437,586,3507,7286,10793
00709900,VIRGINIA HIGHLANDS COMMUNITY CLG        ,VA,24210-4210,Public       ,20,69,89,1220,1791,3011
00726000,SOUTHWEST VIRGINIA COMMUNITY CLG        ,VA,24641-1510,Public       ,49,192,241,1208,2148,3356
00859200,LOUISE OBICI SCHOOL OF NURSING          ,VA,23434-8038,Private      ,0,2,2,13,37,50
00859202,SUFFOLK PUB SCH-LOUISE OBICI SCH PN     ,VA,23434-0000,Private      ,0,0,0,2,6,8
00865900,LORD FAIRFAX COMMUNITY COLLEGE          ,VA,22645-0047,Public       ,59,161,220,1744,2618,4362
00866000,GERMANNA COMMUNITY COLLEGE              ,VA,22508-0339,Public       ,62,193,255,1762,2908,4670
00866100,SOUTHSIDE VIRGINIA CMTY CLG             ,VA,23821-2930,Public       ,84,330,414,1612,3669,5281
00915900,PAUL D CAMP COMMUNITY COLLEGE           ,VA,23851-0737,Public       ,17,127,144,465,1324,1789
00916000,RAPPAHANNOCK COMMUNITY COLLEGE          ,VA,23149-2616,Public       ,24,100,124,789,1225,2014
00926700,EVEREST COLLEGE                         ,VA,23606-4203,Proprietary  ,34,156,190,152,989,1141
00926701,EVEREST COLLEGE - CHESAPEAKE            ,VA,23320-2637,Proprietary  ,44,277,321,213,1296,1509
00942000,SANFORD-BROWN COLLEGE                   ,VA,22182-3913,Proprietary  ,58,148,206,426,974,1400
00953500,STAUNTON SCHOOL OF COSMETOLOGY          ,VA,24401-4323,Proprietary  ,2,6,8,16,44,60
00953700,VIRGINIA SCH OF HAIR DESIGN             ,VA,23669-0000,Proprietary  ,9,20,29,43,141,184
00962900,MOUNTAIN EMPIRE COMMUNITY COLLEGE       ,VA,24219-0700,Public       ,30,119,149,1169,2028,3197
00992800,PIEDMONT VIRGINIA COMMUNITY COLLEGE     ,VA,22902-7589,Public       ,59,192,251,1384,2225,3609
01004300,BON SECOURS MEMORIAL COLLEGE OF NURSING ,VA,23227-4612,Private      ,4,9,13,155,494,649
01019800,ECPI COLLEGE OF TECHNOLOGY              ,VA,23462-6542,Proprietary  ,392,1730,2122,3831,14044,17875
01033800,EASTERN VIRGINIA MEDICAL SCHOOL         ,VA,23501-1980,Private      ,0,13,13,45,1247,1292
01159600,RALPH'S VIRGINIA SCH OF COSMETOLOGY     ,VA,24501-2652,Proprietary  ,2,7,9,15,35,50
01162601,WESTWOOD COLLEGE - SOUTH BAY - ARLINGTON,VA,22203-4167,Proprietary  ,39,106,145,511,721,1232
01162602,WESTWOOD COLLEGE - SOUTH BAY - ANNANDALE,VA,22003-2602,Proprietary  ,38,70,108,280,712,992
01274400,SOUTHSIDE REGIONAL MED CTR PROF SCHOOLS ,VA,23803-5133,Proprietary  ,1,2,3,63,228,291
01274402,SOUTHSIDE REG MED CTR SCH RAD TECH      ,VA,23803-0000,Proprietary  ,0,1,1,7,28,35
02053000,LIBERTY UNIVERSITY                      ,VA,24502-0000,Private      ,259,3090,3349,16682,38216,54898
02108800,WARDS CORNER BEAUTY ACADEMY             ,VA,23505-0000,Proprietary  ,13,79,92,74,453,527
02111600,DANVILLE REGIONAL MEDICAL CENTER SCHOOL ,VA,24541-0000,Proprietary  ,0,2,2,45,100,145
02128700,CENTRAL SCHOOL OF PRACTICAL NURSING     ,VA,23502-2230,Public       ,1,5,6,22,110,132
02140000,RIVERSIDE SCHOOL OF HEALTH CAREERS      ,VA,23608-3802,Private      ,2,34,36,115,558,673
02175800,LYNCHBURG GENERAL HOSP SCH OF NURSG     ,VA,24501-0000,Private      ,1,4,5,92,192,284
02197600,WOODROW WILSON REHABILITATION CTR       ,VA,22939-0000,Public       ,12,8,20,31,29,60
02242400,HENRICO CTY ST MARYS HOSP PRAC NRSG     ,VA,23075-0000,Public       ,0,0,0,11,45,56
02247200,MEDSPA CAREERS INSTITUTE                ,VA,23606-0000,Proprietary  ,7,16,23,111,378,489
02304500,HERITAGE INSTITUTE                      ,VA,20111-0000,Proprietary  ,21,81,102,143,576,719
02320900,TIDEWATER TECH                          ,VA,23517-0000,Proprietary  ,25,121,146,137,677,814
02334400,CENTURA COLLEGE                         ,VA,23452-0000,Proprietary  ,83,691,774,625,5202,5827
02342700,FORTIS COLLEGE                          ,VA,23502-4101,Proprietary  ,12,70,82,133,511,644
02342701,FORTIS COLLEGE - RICHMOND CAMPUS        ,VA,23236-3472,Proprietary  ,19,91,110,152,476,628
02358500,BON SECOURS SAINT MARY'S HOSPITAL SCHOOL,VA,23227-4612,Private      ,0,5,5,12,58,70
02535400,ECPI TECHNICAL COLLEGE                  ,VA,23236-0000,Proprietary  ,17,51,68,303,692,995
02538800,SUFFOLK BEAUTY ACADEMY                  ,VA,23434-0000,Proprietary  ,4,9,13,19,79,98
02541200,STRATFORD UNIVERSITY                    ,VA,22043-0000,Proprietary  ,17,135,152,177,919,1096
02541201,STRATFORD UNIVERSITY-WOODBRIDGE         ,VA,22192-0000,Proprietary  ,3,20,23,59,262,321
02610100,WASHINGTON COUNTY ADULT SKILL CTR       ,VA,24210-2346,Public       ,4,20,24,31,148,179
03002400,GRAHAM WEBB INTERNATIONAL ACAD HAIR     ,VA,22209-2129,Proprietary  ,14,25,39,75,140,215
03010700,BAR PALMA BEAUTY CAREERS  ACADEMY       ,VA,24014-2255,Proprietary  ,4,27,31,34,113,147
03042800,"VIRGINIA BEACH CITY SCHOOLS, SCH.-PR.NSG",VA,23456-0038,Public       ,1,4,5,29,71,100
03091100,ACT COLLEGE                             ,VA,22209-2297,Proprietary  ,28,89,117,137,529,666
03091300,REGENT UNIVERSITY                       ,VA,23464-9800,Private      ,22,342,364,766,6324,7090
03092700,ECPI TECHNICAL COLLEGE-ROANOKE          ,VA,24012-1603,Proprietary  ,13,57,70,146,622,768
03096500,SPRINGFIELD BEAUTY ACADEMY              ,VA,22003-3016,Proprietary  ,5,22,27,11,121,132
03106500,SENTARA NORFOLK GENERAL HOSPITAL        ,VA,23320-2843,Private      ,1,12,13,134,540,674
03116900,BAPTIST THEOLOGICAL SEM.-RICHMOND       ,VA,23227-0000,Private      ,0,3,3,1,49,50
03126300,TIDEWATER TECH AVIATION                 ,VA,23320-5987,Proprietary  ,21,78,99,153,555,708
03126400,CENTURA COLLEGE                         ,VA,23235-5230,Proprietary  ,17,106,123,180,782,962
03126401,CENTURA COLLEGE - WEST                  ,VA,23294-0000,Proprietary  ,0,9,9,15,113,128
03127500,ADVANCED TECHNOLOGY INSTITUTE           ,VA,23462-2409,Proprietary  ,42,85,127,572,733,1305
03280400,VIRGINIA SCHOOL OF MASSAGE              ,VA,22903-0000,Proprietary  ,12,33,45,76,196,272
03409500,RICHMOND SCHOOL OF HEALTH AND TECH      ,VA,23227-0000,Proprietary  ,16,103,119,142,914,1056
03455300,CRESCENT COSMETOLOGY UNIVERSITY         ,VA,23666-3115,Proprietary  ,1,1,2,5,24,29
03559300,APPALACHIAN SCHOOL OF LAW               ,VA,24614-0000,Private      ,0,3,3,8,730,738
03638400,TAP THIS VALLEY WORKS CTR FOR EMPLO     ,VA,24016-1901,Private      ,0,3,3,1,21,22
03645400,RUDY & KELLY ACADEMY OF HAIR AND NA     ,VA,23464-6857,Proprietary  ,8,18,26,130,233,363
03654300,CAREER TRAINING SOLUTIONS               ,VA,22406-1014,Proprietary  ,9,46,55,73,454,527
03709300,EDWARD VIA VIRGINIA CLG OSTEOPATHIC MED ,VA,24060-6360,Private      ,0,2,2,5,746,751
03872400,INSTITUTE FOR THE PSYCHOLOGICAL SCIENCES,VA,22202-3609,Private      ,0,0,0,5,102,107
03876300,CULPEPER COSMETOLOGY TRAINING CENTER    ,VA,22701-3155,Public       ,1,6,7,11,53,64
03883400,AVIATION INSTITUTE OF MAINTENANCE       ,VA,20110-4156,Proprietary  ,22,89,111,103,387,490
04038400,AVI CAREER INSTITUTE                    ,VA,22066-1839,Proprietary  ,0,13,13,7,93,100
04124000,DOMINION SCHOOL OF HAIR DESIGN          ,VA,23062-2221,Proprietary  ,3,5,8,11,36,47
04127300,COLUMBIA COLLEGE                        ,VA,22031-4413,Proprietary  ,2,35,37,7,102,109
04133400,CENTURA COLLEGE                         ,VA,22312-2670,Proprietary  ,3,39,42,31,142,173
04133800,SOUTHEAST CULINARY & HOSPITALITY COLLEGE,VA,24201-4159,Proprietary  ,5,14,19,51,92,143
04137300,CAYCE/REILLY SCHOOL OF MASSOTHERAPY     ,VA,23451-2061,Private      ,1,10,11,12,51,63
04140000,GLOBAL HEALTH NURSE TRAINING SERVICES   ,VA,22314-4585,Proprietary  ,7,32,39,32,266,298
04153800,BETHEL COLLEGE                          ,VA,23666-3122,Private      ,2,2,4,2,2,4
04156200,INSTITUTE OF ADVANCED MEDICAL ESTHETICS ,VA,23294-4701,Proprietary  ,0,11,11,2,23,25
00107000,THUNDERBIRD SCHOOL OF GLOBAL MANAGEMENT ,AZ,85306-6000,Private      ,0,25,25,8,888,896
00107100,ARIZONA WESTERN COLLEGE                 ,AZ,85366-0000,Public       ,110,241,351,3878,4711,8589
00107200,COCHISE COLLEGE                         ,AZ,85607-6190,Public       ,62,194,256,1336,2500,3836
00107300,EASTERN ARIZONA COLLEGE                 ,AZ,85552-0769,Public       ,58,130,188,1371,1810,3181
00107400,GRAND CANYON UNIVERSITY                 ,AZ,85017-3030,Proprietary  ,249,5986,6235,3327,52835,56162
00107600,GLENDALE COMMUNITY COLLEGE              ,AZ,85302-3090,Public       ,334,761,1095,8132,10944,19076
00107700,MESA COMMUNITY COLLEGE                  ,AZ,85202-4866,Public       ,434,1082,1516,9312,15053,24365
00107800,PHOENIX COLLEGE                         ,AZ,85013-4234,Public       ,243,749,992,4460,9832,14292
00107900,YAVAPAI COLLEGE                         ,AZ,86301-3297,Public       ,71,279,350,1889,3658,5547
00108100,ARIZONA STATE UNIV (ALL CAMPUSES)       ,AZ,85287-0412,Public       ,1094,1093,2187,41124,31912,73036
00108200,NORTHERN ARIZONA UNIVERSITY             ,AZ,86011-0001,Public       ,315,438,753,19236,12242,31478
00108300,UNIVERSITY OF ARIZONA                   ,AZ,85721-0066,Public       ,558,409,967,25193,14290,39483
00165701,MIDWESTERN UNIVERSITY                   ,AZ,85308-0000,Private      ,2,31,33,76,2844,2920
00446700,TUCSON COLLEGE                          ,AZ,85711-3781,Proprietary  ,25,144,169,187,765,952
00711300,SOUTHWESTERN COLLEGE                    ,AZ,85032-7097,Private      ,5,17,22,406,228,634
00726600,PIMA COUNTY COMMUNITY COLLEGE           ,AZ,85709-1110,Public       ,400,1233,1633,9627,16882,26509
00728300,CENTRAL ARIZONA COLLEGE                 ,AZ,85228-9779,Public       ,106,327,433,2211,4138,6349
00822100,UNIVERSAL TECHNICAL INSTITUTE           ,AZ,85323-7946,Proprietary  ,780,1148,1928,10355,7888,18243
00824600,DINè COLLEGE                            ,AZ,86556-0126,Public       ,73,151,224,856,1363,2219
00830300,GATEWAY COMMUNITY COLLEGE               ,AZ,85034-1795,Public       ,93,472,565,1632,5963,7595
00830302,MARICOPA SKILL CENTER                   ,AZ,85034-0000,Public       ,36,212,248,496,1853,2349
00830400,SCOTTSDALE COMMUNITY COLLEGE            ,AZ,85250-0000,Public       ,149,326,475,3258,4155,7413
00886400,ARIZONA ACADEMY OF BEAUTY               ,AZ,85712-5021,Proprietary  ,7,14,21,27,97,124
00886500,ARTISTIC BEAUTY COLLEGES-TUCSON         ,AZ,85716-3999,Proprietary  ,17,59,76,181,414,595
00886501,ARTISTIC BEAUTY COLLEGES - TUCSON  - NOR,AZ,85705-1665,Proprietary  ,3,0,3,7,23,30
00945100,BROWN MACKIE COLLEGE                    ,AZ,85712-5300,Proprietary  ,135,684,819,749,3882,4631
01072702,DEVRY INSTITUTE OF TECHNOLOGY           ,AZ,85021-2995,Proprietary  ,11,45,56,11,45,56
01084700,ARIZONA AUTOMOTIVE INSTITUTE            ,AZ,85301-3503,Proprietary  ,109,330,439,594,1846,2440
01085800,AVALON SCHOOL OF COSMETOLOGY            ,AZ,85210-4010,Proprietary  ,31,60,91,210,439,649
01168900,REFRIGERATION SCHOOL                    ,AZ,85034-0000,Proprietary  ,27,132,159,168,1046,1214
01180200,ARIZONA ACADEMY OF BEAUTY-NORTH         ,AZ,85705-2720,Proprietary  ,8,10,18,26,80,106
01180800,ARTISTIC BEAUTY COLLEGES-FLAGSTAFF      ,AZ,86004-5119,Proprietary  ,17,50,67,159,433,592
01180801,CLG OF BEAUTY ARTS & SCI/CHANDLER       ,AZ,85224-0000,Proprietary  ,0,2,2,10,21,31
01180802,CLG OF BEAUTY ARTS & SCI/PRESCOTT       ,AZ,86303-0000,Proprietary  ,0,2,2,8,15,23
01186200,NORTHLAND PIONEER COLLEGE               ,AZ,86025-2996,Public       ,43,158,201,696,1922,2618
01186400,MOHAVE COMMUNITY COLLEGE                ,AZ,86409-1238,Public       ,133,515,648,1515,5883,7398
01218400,INTERNATIONAL ACAD OF HAIR DESIGN       ,AZ,85225-7198,Proprietary  ,13,41,54,109,222,331
01234300,ARTISTIC BEAUTY COLLEGES-PHOENIX        ,AZ,85304-0000,Proprietary  ,23,46,69,196,331,527
01234301,EMPIRE BEAUTY SCHOOL - AVONDALE         ,AZ,85323-2352,Proprietary  ,0,0,0,12,28,40
01293700,ARTISTIC BEAUTY COLLEGES - PARADISE VALL,AZ,85257-0000,Proprietary  ,9,26,35,57,113,170
02065200,ITT TECHNICAL INSTITUTE                 ,AZ,85282-0000,Proprietary  ,104,417,521,842,3196,4038
02065300,PRESCOTT COLLEGE                        ,AZ,86301-0000,Private      ,7,43,50,466,1105,1571
02071200,KAPLAN COLLEGE                          ,AZ,85029-4349,Proprietary  ,50,232,282,467,2001,2468
02098800,UNIVERSITY OF PHOENIX                   ,AZ,85040-0000,Proprietary  ,6411,108210,114621,31027,572780,603807
02100500,UNIVERSAL TECHNICAL INSTITUTE           ,AZ,85027-0000,Proprietary  ,544,1096,1640,8486,10618,19104
02100600,APOLLO COLLEGE                          ,AZ,85015-0000,Proprietary  ,276,1038,1314,2098,7338,9436
02113800,ROBERTO-VENN SCH OF LUTHIERY            ,AZ,85040-0000,Proprietary  ,0,5,5,32,76,108
02146600,SOUTH MOUNTAIN COMMUNITY COLLEGE        ,AZ,85040-0000,Public       ,99,274,373,1797,3240,5037
02171500,WESTERN INTERNATIONAL UNIVERSITY        ,AZ,85021-0000,Proprietary  ,16,552,568,79,2883,2962
02174900,COLLINS COLLEGE                         ,AZ,85040-4000,Proprietary  ,59,111,170,1231,1178,2409
02177500,RIO SALADO COMMUNITY COLLEGE            ,AZ,85281-0000,Public       ,230,2295,2525,1692,14948,16640
02190702,RETS COLLEGE - FORTIS COLLEGE-PHOENIX   ,AZ,85006-3759,Proprietary  ,2,3,5,7,26,33
02192300,MARICOPA BEAUTY COLLEGE                 ,AZ,85323-0000,Proprietary  ,4,25,29,54,135,189
02199900,AMERICAN INDIAN CLG-ASSEMBLIES GOD      ,AZ,85021-0000,Private      ,2,3,5,69,86,155
02217100,PIMA MEDICAL INSTITUTE                  ,AZ,85716-0000,Proprietary  ,455,1421,1876,2792,9455,12247
02218800,BROOKLINE COLLEGE                       ,AZ,85019-1600,Proprietary  ,78,429,507,450,2657,3107
02218804,BROOKLINE COLLEGE - MESA                ,AZ,85204-4448,Proprietary  ,26,128,154,113,549,662
02218805,BROOKLINE COLLEGE - TUCSON              ,AZ,85711-5444,Proprietary  ,39,216,255,177,855,1032
02220300,ARTISTIC BEAUTY COLLEGES-GLENDALE       ,AZ,85051-0000,Proprietary  ,17,56,73,187,484,671
02263100,ANTHEM COLLEGE                          ,AZ,85014-0000,Proprietary  ,112,615,727,770,3411,4181
02280500,CHARLES OF ITALY BEAUTY COLLEGE         ,AZ,86403-0000,Proprietary  ,7,19,26,36,94,130
02295000,EVEREST COLLEGE                         ,AZ,85021-1610,Proprietary  ,204,1819,2023,1243,11517,12760
02295002,EVEREST COLLEGE - MESA                  ,AZ,85206-4704,Proprietary  ,37,194,231,197,1133,1330
02317800,AMERICAN INSTITUTE OF TECHNOLOGY        ,AZ,85043-0000,Proprietary  ,13,484,497,57,1849,1906
02361100,ITT TECHNICAL INSTITUTE                 ,AZ,85704-0000,Proprietary  ,137,403,540,909,2366,3275
02491500,THE ART CENTER DESIGN COLLEGE           ,AZ,85716-0000,Proprietary  ,10,20,30,239,446,685
02521500,LAMSON COLLEGE                          ,AZ,85284-1141,Proprietary  ,7,103,110,126,617,743
02533200,FRANK LLOYD WRIGHT SCHOOL OF ARCHITECTUR,AZ,85261-4430,Private      ,0,2,2,12,47,59
02559000,UNIVERSITY OF ADVANCING TECHNOLOGY      ,AZ,85283-0000,Proprietary  ,41,60,101,1126,813,1939
02561900,TONI AND GUY HAIRDRESSING ACADEMY       ,AZ,85251-3301,Proprietary  ,24,26,50,191,197,388
02582700,CORTIVA INSTITUTE - TUCSON              ,AZ,85710-3503,Proprietary  ,9,29,38,69,255,324
02616700,LE CORDON BLEU COLLEGE OF CULINARY ARTS ,AZ,85251-2729,Proprietary  ,89,261,350,1179,2617,3796
02623600,PARADISE VALLEY COMMUNITY COLLEGE       ,AZ,85032-1210,Public       ,126,273,399,2747,4179,6926
02623800,CORTIVA INSTITUTE - SCOTTSDALE          ,AZ,85257-4218,Proprietary  ,5,34,39,64,237,301
03005000,SAFFORD COLLEGE OF BEAUTY CULTURE       ,AZ,85546-3309,Proprietary  ,1,8,9,16,51,67
03010613,VIRGINIA COLLEGE - GOLF ACADEMY OF ARIZO,AZ,85225-6742,Proprietary  ,11,20,31,153,278,431
03030604,UTAH COLLEGE OF MASSAGE THERAPY - ARIZON,AZ,85282-0000,Proprietary  ,21,58,79,169,440,609
03030605,UTAH COLLEGE OF MASSAGE THERAPY - ARIZON,AZ,85051-3470,Proprietary  ,46,64,110,233,375,608
03034400,CONSERVATORY RECORDING ARTS & SCIS      ,AZ,85282-1707,Proprietary  ,47,77,124,700,831,1531
03072200,CHANDLER-GILBERT COMMUNITY COLLEGE      ,AZ,85225-2499,Public       ,180,314,494,3733,4734,8467
03076400,BRYMAN SCHOOL OF ARIZONA                ,AZ,85029-4919,Proprietary  ,198,698,896,1377,4284,5661
03097800,CARSTEN INSTITUTE OF HAIR & BEAUTY      ,AZ,85282-5404,Proprietary  ,16,33,49,104,245,349
03100400,COCONINO COUNTY COMMUNITY COLLEGE       ,AZ,86001-2701,Public       ,55,111,166,1181,1960,3141
03107000,SOUTHWEST CLG OF NATUROPATHIC MED       ,AZ,85282-0000,Private      ,1,7,8,9,437,446
03115000,ARIZONA COLLEGE OF ALLIED HEALTH        ,AZ,85302-3843,Proprietary  ,41,187,228,226,1227,1453
03120300,COLLEGE AMERICA                         ,AZ,86004-3936,Proprietary  ,34,167,201,216,924,1140
03156300,ESTRELLA MOUNTAIN COMMUNITY COLLEGE     ,AZ,85392-1010,Public       ,138,304,442,2528,4044,6572
03156301,ESTRELLA MOUNTAIN COMMUNITY COLLEGE - SO,AZ,85392-1010,Public       ,55,142,197,789,1478,2267
03347300,INTERNATIONAL BAPTIST COLLEGE           ,AZ,85282-6799,Private      ,4,1,5,56,22,78
03445300,HDS TRUCK DRIVING INSTITUTE             ,AZ,85731-0000,Proprietary  ,0,9,9,2,66,68
03478400,PHOENIX SEMINARY                        ,AZ,85018-7611,Private      ,0,4,4,5,94,99
03572300,EAST VALLEY INSTITUTE OF TECHNOLOGY     ,AZ,85201-6910,Public       ,17,18,35,117,199,316
03593300,SOUTHWEST INSTITUTE OF HEALING ARTS     ,AZ,85281-3658,Proprietary  ,15,107,122,105,743,848
03617500,PHOENIX INSTITUTE OF HERBAL MEDICINE & A,AZ,85012-0000,Proprietary  ,1,10,11,7,181,188
03695500,ARIZONA SCHOOL OF ACUPUNCTURE AND ORIENT,AZ,85712-1100,Proprietary  ,0,6,6,5,75,80
03740500,ART INSTITUTE OF TUCSON (THE)           ,AZ,85712-2732,Proprietary  ,20,40,60,297,442,739
03784400,TOHONO O'ODHAM COMMUNITY COLLEGE        ,AZ,85634-3129,Public       ,1,4,5,20,85,105
03813300,NORTHCENTRAL UNIVERSITY                 ,AZ,86314-2336,Proprietary  ,3,462,465,8,2030,2038
03814300,TURNING POINT BEAUTY COLLEGE            ,AZ,85222-4229,Proprietary  ,1,11,12,21,79,100
04051300,ART INSTITUTE OF PHOENIX (THE)          ,AZ,85021-2859,Proprietary  ,582,3023,3605,2051,4606,6657
04059300,TUCSON COLLEGE OF BEAUTY                ,AZ,85705-2451,Proprietary  ,9,20,29,50,102,152
04120900,ARIZONA CULINARY INSTITUTE              ,AZ,85259-4939,Proprietary  ,14,49,63,184,297,481
04131400,PHOENIX SCHOOL OF LAW                   ,AZ,85012-3330,Proprietary  ,3,44,47,14,1023,1037
04138800,MODERN TECHNIQUES BEAUTY COLLEGE        ,AZ,86403-2974,Proprietary  ,4,5,9,17,32,49
04139200,UNIVERSAL BARBER COLLEGE                ,AZ,85007-3914,Proprietary  ,14,32,46,16,37,53
04152900,STUDIO ACADEMY OF BEAUTY (THE)          ,AZ,85224-3600,Proprietary  ,7,24,31,39,91,130
00142800,DELAWARE STATE UNIVERSITY               ,DE,19901-2277,Public       ,129,68,197,6888,1988,8876
00142900,GOLDEY BEACOM COLLEGE                   ,DE,19808-1993,Private      ,9,29,38,499,408,907
00143100,UNIVERSITY OF DELAWARE                  ,DE,19716-0099,Public       ,189,118,307,22230,2942,25172
00143300,WESLEY COLLEGE                          ,DE,19901-3875,Private      ,28,22,50,2398,563,2961
00143301,WESLEY COLLEGE-CTR FOR ADULT STUDIE     ,DE,19720-0000,Private      ,2,34,36,32,391,423
00331301,WIDENER UNIV SCHOOL OF LAW - DE         ,DE,19803-0000,Private      ,1,18,19,43,1811,1854
00705300,DELAWARE TECH & CMTY COLLEGE-OWENS      ,DE,19947-0000,Public       ,48,232,280,1989,3074,5063
00794800,WILMINGTON UNIVERSITY                   ,DE,19720-6491,Private      ,56,460,516,2040,6609,8649
01172700,DELAWARE TECH & CMTY CLG-TERRY          ,DE,19901-8736,Public       ,53,169,222,1646,2367,4013
02125200,BEEBE SCHOOL OF NURSING                 ,DE,19958-1462,Private      ,1,5,6,42,83,125
02144900,DELAWARE TECH & CMTY CLG-STANTN/WLM     ,DE,19801-0000,Public       ,87,202,289,3334,3959,7293
02190400,SCHILLING DOUGLAS SCH OF HAIR DSGN      ,DE,19711-0000,Proprietary  ,10,21,31,81,150,231
02586902,STAR TECHNICAL INSTITUTE -              ,DE,19901-4615,Proprietary  ,0,6,6,3,44,47
03025800,DAWN TRAINING CENTRE                    ,DE,19805-1511,Proprietary  ,24,215,239,91,669,760
03543300,HARRIS SCHOOL OF BUSINESS               ,DE,19803-5341,Proprietary  ,36,168,204,195,762,957
03702300,DELAWARE LEARNING INSTITUTE OF COSMETOLO,DE,19939-9759,Proprietary  ,5,30,35,61,172,233
04130700,ACADEMY OF MASSAGE AND BODYWORK         ,DE,19701-1321,Proprietary  ,1,4,5,9,47,56
04139800,DELAWARE COLLEGE OF ART & DESIGN        ,DE,19801-3007,Private      ,9,4,13,375,88,463
        ,FEDERAL STUDENT AID USE ONLY            ,DC,20202-0000,,0,0,0,2,116,118
00143400,AMERICAN UNIVERSITY                     ,DC,20016-8020,Private      ,100,148,248,12124,11108,23232
00143700,CATHOLIC UNIVERSITY OF AMERICA          ,DC,20064-0002,Private      ,53,91,144,4924,2669,7593
00143711,"CATHOLIC UNIV AMERICA, LAW SCHOOL       ",DC,20064-0000,Private      ,1,5,6,43,1748,1791
00144100,UNIV OF THE DISTRICT OF COLUMBIA        ,DC,20008-0000,Public       ,63,218,281,2367,5084,7451
00144102,UNIV OF THE DIST OF COLU -SCHOOL OF LAW ,DC,20008-1173,Public       ,32,121,153,117,1223,1340
00144300,GALLAUDET UNIVERSITY                    ,DC,20002-3695,Private      ,16,13,29,843,865,1708
00144400,GEORGE WASHINGTON UNIVERSITY            ,DC,20052-2353,Private      ,104,305,409,12088,11042,23130
00144402,GEORGE WASHINGTON UNIV LAW SCHL         ,DC,20052-0000,Private      ,2,26,28,37,5104,5141
00144403,GEORGE WASHINGTON UNIV SCH MED          ,DC,20052-0000,Private      ,0,13,13,52,1607,1659
00144500,GEORGETOWN UNIVERSITY                   ,DC,20057-1252,Private      ,98,107,205,12932,5610,18542
00144501,"GEORGETOWN UNIV, SCH OF MEDICINE        ",DC,20007-0000,Private      ,1,7,8,43,1101,1144
00144502,GEORGETOWN UNIVERSITY - GRADUATE SCHOOL ,DC,20057-0004,Private      ,3,63,66,23,1991,2014
00144503,GEORGETOWN UNIV LAW CENTER              ,DC,20001-0000,Private      ,0,30,30,24,6211,6235
00144800,HOWARD UNIVERSITY                       ,DC,20059-0001,Private      ,231,177,408,14476,9103,23579
00145600,SOUTHEASTERN UNIVERSITY                 ,DC,20024-2788,Private      ,0,0,0,110,476,586
00145900,STRAYER UNIVERSITY                      ,DC,20005-2603,Proprietary  ,443,7786,8229,2783,61342,64125
00146000,TRINITY UNIVERSITY                      ,DC,20017-1004,Private      ,26,86,112,1009,2161,3170
00146400,WESLEY THEOLOGICAL SEMINARY             ,DC,20016-0000,Private      ,0,16,16,2,327,329
00207701,JOHNS HOPKINS UNIV SCH ADV INTL STU     ,DC,20036-0000,Private      ,3,20,23,28,1476,1504
01006500,WASHINGTON THEOLOGICAL UNION            ,DC,20012-0000,Private      ,0,0,0,3,36,39
01195000,THE CORCORAN COLLEGE OF ART & DESIG     ,DC,20006-4804,Private      ,7,7,14,500,404,904
01280300,DOMINICAN HOUSE OF STUDIES              ,DC,20017-1584,Private      ,0,0,0,2,14,16
02132800,NAT'L CONSERVATORY DRAMATIC ARTS        ,DC,20007-2758,Private      ,1,0,1,11,38,49
02279200,DUDLEY BEAUTY COLG-WASHINGTON           ,DC,20018-0000,Proprietary  ,11,24,35,67,163,230
02588900,SANZ SCHOOL                             ,DC,20006-0000,Proprietary  ,72,318,390,377,1652,2029
03104300,CAREER BLAZERS LEARNING CENTER OF WASHIN,DC,20037-1881,Proprietary  ,32,207,239,166,941,1107
03218300,POTOMAC COLLEGE                         ,DC,20016-1860,Proprietary  ,16,104,120,81,754,835
03409600,BENNETT CAREER INSTITUTE                ,DC,20017-1754,Proprietary  ,11,59,70,100,335,435
03750300,TECHNICAL LEARNING CENTERS              ,DC,20005-3415,Proprietary  ,16,134,150,73,552,625
04114400,INSTITUTE OF WORLD POLITICS (THE)       ,DC,20036-1464,Private      ,0,3,3,0,80,80
04142700,PONTIFICAL JOHN PAUL II INSTITUTE FOR ST,DC,20064-0001,Private      ,0,1,1,0,23,23
00154100,ABRAHAM BALDWIN AGRICULTURAL CLG        ,GA,31794-0000,Public       ,64,83,147,3250,1873,5123
00154200,AGNES SCOTT COLLEGE                     ,GA,30030-3797,Private      ,24,18,42,1315,429,1744
00154300,DARTON COLLEGE                          ,GA,31707-3098,Public       ,77,368,445,3098,5999,9097
00154400,ALBANY STATE UNIVERSITY                 ,GA,31705-2796,Public       ,131,166,297,6889,4562,11451
00154500,ANDREW COLLEGE                          ,GA,39840-1313,Private      ,7,5,12,389,71,460
00154600,ARMSTRONG ATLANTIC STATE UNIVERSITY     ,GA,31419-1997,Public       ,105,298,403,4745,6167,10912
00154700,ATLANTA CHRISTIAN COLLEGE               ,GA,30344-1999,Private      ,10,84,94,420,982,1402
00155200,AUGUSTA STATE UNIVERSITY                ,GA,30904-2200,Public       ,107,218,325,4971,5438,10409
00155400,BERRY COLLEGE                           ,GA,30149-5007,Private      ,27,9,36,2529,303,2832
00155500,THOMAS UNIVERSITY                       ,GA,31792-7499,Private      ,8,64,72,322,1276,1598
00155600,BRENAU UNIVERSITY                       ,GA,30501-3668,Private      ,22,167,189,1158,3052,4210
00155700,BREWTON PARKER COLLEGE                  ,GA,30445-0000,Private      ,9,20,29,713,679,1392
00155800,COASTAL GEORGIA COMMUNITY COLLEGE       ,GA,31520-3644,Public       ,52,169,221,1667,3167,4834
00155900,CLARK ATLANTA UNIVERSITY                ,GA,30314-4385,Private      ,296,168,464,13304,5124,18428
00156000,COLUMBIA THEOLOGICAL SEMINARY           ,GA,30031-0000,Private      ,0,5,5,1,213,214
00156100,COLUMBUS STATE UNIVERSITY               ,GA,31907-5645,Public       ,101,270,371,5799,5801,11600
00156200,GEORGIA PERIMETER COLLEGE               ,GA,30021-0000,Public       ,491,1273,1764,15553,22888,38441
00156300,EMMANUEL COLLEGE                        ,GA,30639-0000,Private      ,8,5,13,750,240,990
00156400,EMORY UNIVERSITY                        ,GA,30322-1960,Private      ,147,235,382,11376,9992,21368
00156600,FORT VALLEY STATE UNIVERSITY            ,GA,31030-3298,Public       ,104,110,214,5881,2253,8134
00156700,GAINESVILLE STATE COLLEGE               ,GA,30503-0000,Public       ,139,203,342,6204,3666,9870
00156800,INTERDENOMINATIONAL THEOLOGY CENTER     ,GA,30314-0000,Private      ,0,14,14,4,588,592
00156900,GEORGIA INSTITUTE OF TECHNOLOGY         ,GA,30332-0002,Public       ,227,141,368,15068,5013,20081
00157000,SOUTHERN POLYTECHNIC STATE UNIV         ,GA,30060-2896,Public       ,67,179,246,3142,3050,6192
00157100,GEORGIA MILITARY COLLEGE                ,GA,31061-3398,Public       ,192,436,628,3717,5222,8939
00157200,GEORGIA SOUTHERN UNIVERSITY             ,GA,30460-8065,Public       ,525,308,833,18735,7073,25808
00157300,GEORGIA SOUTHWESTERN STATE UNIV         ,GA,31709-4693,Public       ,45,89,134,2246,2142,4388
00157400,GEORGIA STATE UNIVERSITY                ,GA,30303-3010,Public       ,506,1026,1532,25612,27637,53249
00157500,GORDON COLLEGE                          ,GA,30204-1762,Public       ,97,121,218,4879,3007,7886
00157700,KENNESAW STATE UNIVERSITY               ,GA,30144-5591,Public       ,311,671,982,15165,14683,29848
00157800,LAGRANGE COLLEGE                        ,GA,30240-2999,Private      ,23,61,84,1199,678,1877
00157900,MEDICAL COLLEGE OF GEORGIA              ,GA,30912-0004,Public       ,19,56,75,625,2725,3350
00158000,MERCER UNIVERSITY                       ,GA,31207-0003,Private      ,74,288,362,4431,8712,13143
00158100,MIDDLE GEORGIA COLLEGE                  ,GA,31014-1599,Public       ,63,113,176,3535,2261,5796
00158200,MOREHOUSE COLLEGE                       ,GA,30314-3773,Private      ,75,42,117,5221,1203,6424
00158500,NORTH GEORGIA COLLEGE & STATE UNIV      ,GA,30597-0001,Public       ,128,121,249,4213,2226,6439
00158600,OGLETHORPE UNIVERSITY                   ,GA,30319-2737,Private      ,28,34,62,1740,646,2386
00158700,PAINE COLLEGE                           ,GA,30901-3182,Private      ,29,26,55,1641,596,2237
00158800,PIEDMONT COLLEGE                        ,GA,30535-5644,Private      ,15,114,129,924,2610,3534
00158900,REINHARDT COLLEGE                       ,GA,30183-2981,Private      ,16,31,47,968,530,1498
00159000,SAVANNAH STATE UNIVERSITY               ,GA,31404-5298,Public       ,122,99,221,6473,2875,9348
00159100,SHORTER COLLEGE                         ,GA,30165-4298,Private      ,34,287,321,1819,3647,5466
00159200,SOUTH GEORGIA COLLEGE                   ,GA,31533-8104,Public       ,61,56,117,1710,1364,3074
00159400,SPELMAN COLLEGE                         ,GA,30314-4399,Private      ,140,45,185,6517,1412,7929
00159600,TOCCOA FALLS COLLEGE                    ,GA,30598-0001,Private      ,11,9,20,911,246,1157
00159700,TRUETT MCCONNELL COLLEGE                ,GA,30528-1264,Private      ,6,9,15,466,116,582
00159800,UNIVERSITY OF GEORGIA                   ,GA,30602-6114,Public       ,408,320,728,22674,12236,34910
00159900,VALDOSTA STATE UNIVERSITY               ,GA,31698-0001,Public       ,241,259,500,12211,5962,18173
00160000,WESLEYAN COLLEGE                        ,GA,31210-4407,Private      ,13,31,44,408,543,951
00160100,UNIV OF WEST GEORGIA                    ,GA,30118-0002,Public       ,152,248,400,9867,5761,15628
00160200,GEORGIA COLLEGE & STATE UNIVERSITY      ,GA,31061-0490,Public       ,116,100,216,5684,2288,7972
00160400,YOUNG HARRIS COLLEGE                    ,GA,30582-4137,Private      ,28,5,33,955,92,1047
00348400,COVENANT COLLEGE                        ,GA,30750-4164,Private      ,10,38,48,1275,481,1756
00395600,DALTON STATE COLLEGE                    ,GA,30720-3797,Public       ,74,253,327,3610,4391,8001
00402300,APPALACHIAN TECHNICAL COLLEGE           ,GA,30143-0000,Public       ,1,8,9,249,830,1079
00402400,GEORGIA NORTHWESTERN TECHNICAL COLLEGE  ,GA,30161-6757,Public       ,168,831,999,1844,6618,8462
00402403,NORTHWESTERN TECHNICAL COLLEGE          ,GA,30739-0569,Public       ,0,0,0,793,2441,3234
00411700,GRADY HEALTH SYSTEM                     ,GA,30303-3050,Public       ,4,29,33,87,448,535
00525400,LANIER TECHNICAL COLLEGE                ,GA,30566-3499,Public       ,90,447,537,1087,4179,5266
00525500,MOULTRIE TECHNICAL COLLEGE              ,GA,31768-0000,Public       ,82,343,425,867,3221,4088
00525600,VALDOSTA TECHNICAL COLLEGE              ,GA,31603-0000,Public       ,125,532,657,1368,4720,6088
00551100,OKEFENOKEE TECHNICAL COLLEGE            ,GA,31501-4016,Public       ,48,254,302,534,2022,2556
00559900,AUGUSTA TECHNICAL COLLEGE               ,GA,30906-3399,Public       ,128,582,710,2199,7389,9588
00560000,ATHENS TECHNICAL COLLEGE                ,GA,30601-1579,Public       ,118,538,656,2575,6550,9125
00560100,ALBANY TECHNICAL COLLEGE                ,GA,31701-2648,Public       ,129,714,843,1666,6694,8360
00561300,FLINT RIVER TECHNICAL INSTITUTE         ,GA,30286-0014,Public       ,18,122,140,245,1377,1622
00561400,WEST GEORGIA TECHNICAL COLLEGE          ,GA,30240-5957,Public       ,23,53,76,730,2030,2760
00561401,WEST GEORGIA TECHNICAL COLLEGE - ROOSEVE,GA,31830-0268,Public       ,0,0,0,17,14,31
00561500,SOUTHWEST GEORGIA TECHNICAL COLLEGE     ,GA,31792-2622,Public       ,42,218,260,738,2754,3492
00561700,SOUTH GEORGIA TECHNICAL COLLEGE         ,GA,31709-8167,Public       ,102,319,421,1141,2670,3811
00561800,SAVANNAH TECHNICAL COLLEGE              ,GA,31405-5594,Public       ,226,1037,1263,2705,9811,12516
00561900,NORTH GEORGIA TECHNICAL COLLEGE         ,GA,30523-0000,Public       ,91,365,456,1344,3334,4678
00562000,CHATTAHOOCHEE TECHNICAL COLLEGE         ,GA,30060-3398,Public       ,362,1295,1657,3892,10495,14387
00562004,NORTH METRO TECHNICAL COLLEGE           ,GA,30102-3129,Public       ,4,24,28,1289,2831,4120
00562100,GRIFFIN TECHNICAL COLLEGE               ,GA,30223-2097,Public       ,122,565,687,1716,6253,7969
00562200,DEKALB TECHNICAL COLLEGE                ,GA,30021-0000,Public       ,130,855,985,2157,10004,12161
00562400,COLUMBUS TECHNICAL COLLEGE              ,GA,31904-6572,Public       ,143,609,752,1721,5522,7243
00576300,CENTRAL GEORGIA TECHNICAL COLLEGE       ,GA,31206-3628,Public       ,180,943,1123,2303,10154,12457
00772800,MACON STATE COLLEGE                     ,GA,31206-5145,Public       ,73,291,364,3655,6320,9975
00854300,ATLANTA TECHNICAL COLLEGE               ,GA,30310-4499,Public       ,183,817,1000,2526,9526,12052
00897600,CLAYTON STATE UNIVERSITY                ,GA,30260-0285,Public       ,109,417,526,5217,9705,14922
00918300,EAST CENTRAL TECHNICAL COLLEGE          ,GA,31750-0000,Public       ,34,184,218,405,1756,2161
00927000,ART INSTITUTE OF ATLANTA                ,GA,30328-1649,Proprietary  ,425,767,1192,8432,7449,15881
00950700,GEORGIA HIGHLANDS COLLEGE               ,GA,30162-0000,Public       ,93,195,288,3336,3490,6826
01031903,MEDIX SCHOOL                            ,GA,30080-7630,Proprietary  ,22,222,244,316,1334,1650
01035601,EVEREST INSTITUTE - DEKALB              ,GA,30035-3420,Proprietary  ,98,341,439,530,2155,2685
01048700,WEST GEORGIA TECHNICAL COLLEGE          ,GA,30182-6476,Public       ,197,783,980,2281,6856,9137
01077100,GUPTON JONES COLLEGE                    ,GA,30035-4022,Private      ,7,39,46,152,446,598
01099700,EAST GEORGIA COLLEGE                    ,GA,30401-2699,Public       ,68,104,172,2566,1448,4014
01107400,BAINBRIDGE COLLEGE                      ,GA,39819-8400,Public       ,94,227,321,1413,4281,5694
01110901,EVEREST COLLEGE - EVEREST INSTITUTE     ,GA,30067-8340,Proprietary  ,31,177,208,208,1285,1493
01112301,EVEREST COLLEGE - EVEREST INSTITUTE- NOR,GA,30093-2813,Proprietary  ,47,237,284,293,1584,1877
01157400,BAUDER COLLEGE                          ,GA,30313-2439,Proprietary  ,48,160,208,894,1823,2717
01205100,PRO WAY HAIR SCHOOL                     ,GA,30083-2884,Proprietary  ,10,61,71,108,489,597
01216500,ATLANTA METROPOLITAN COLLEGE            ,GA,30310-4498,Public       ,101,307,408,2724,5133,7857
01303900,SOUTH UNIVERSITY                        ,GA,31406-4881,Proprietary  ,482,6958,7440,2315,33581,35896
02055000,WAYCROSS COLLEGE                        ,GA,31503-0000,Public       ,29,39,68,645,864,1509
02060900,BROWN CLG OF COURT REPORTING & M.T.     ,GA,30318-2570,Proprietary  ,5,43,48,40,472,512
02074800,LIFE UNIVERSITY                         ,GA,30060-0000,Private      ,14,75,89,372,2490,2862
02089700,HERZING COLLEGE                         ,GA,30326-1332,Proprietary  ,24,180,204,321,1615,1936
02110501,ART INSTITUTE OF CHARLOTTE (THE) - BROWN,GA,30319-3054,Proprietary  ,32,106,138,125,223,348
02113604,AMERICAN INTERCONTINENTAL UNIV - DUNWOOD,GA,30328-1649,Proprietary  ,0,0,0,98,284,382
02113613,AMERICAN INTERCONTINENTAL UNIVERSITY    ,GA,30328-1649,Proprietary  ,65,380,445,289,1360,1649
02116000,SANFORD-BROWN COLLEGE                   ,GA,30328-4803,Proprietary  ,39,257,296,381,2323,2704
02141500,SAVANNAH COLLEGE OF ART & DESIGN        ,GA,31402-3146,Private      ,152,169,321,9348,4420,13768
02202800,AUGUSTA AREA DIET INTERN UNIV HOSP      ,GA,30901-0000,Private      ,0,0,0,5,33,38
02205300,SAVANNAH RIVER COLLEGE                  ,GA,30909-0000,Proprietary  ,0,0,0,19,84,103
02217200,PORTFOLIO CENTER                        ,GA,30309-0000,Proprietary  ,3,13,16,19,164,183
02263105,ANTHEM COLLEGE - HIGH-TECH INSTITUTE - M,GA,30324-3398,Proprietary  ,0,0,0,10,28,38
02266200,AMERICAN PROFESSIONAL INSTITUTE         ,GA,31201-3185,Proprietary  ,92,391,483,416,2354,2770
02279500,HEART OF GEORGIA TECHNICAL COLLEGE      ,GA,31021-0000,Public       ,39,193,232,567,1865,2432
02284300,INTERACTIVE COLLEGE OF TECHNOLOGY       ,GA,30341-0000,Proprietary  ,58,422,480,293,2343,2636
02284308,INTERACTIVE LEARNING SYSTEMS            ,GA,30260-0000,Proprietary  ,4,65,69,51,389,440
02284309,INTERACTIVE COLLEGE OF TECHNOLOGY       ,GA,30501-0000,Proprietary  ,8,67,75,40,382,422
02285500,"CREATIVE CIRCUS, THE                    ",GA,30324-0000,Proprietary  ,6,20,26,90,289,379
02288400,GWINNETT TECHNICAL INSTITUTE            ,GA,30043-5702,Public       ,234,780,1014,3382,9859,13241
02313902,WESTWOOD COLLEGE - O'HARE AIRPORT - ATLA,GA,30345-2807,Proprietary  ,39,126,165,398,933,1331
02321400,ROFFLER-MOLER HAIRSTYLING COLLEGE       ,GA,30062-0000,Proprietary  ,7,29,36,44,217,261
02354500,SOUTHEASTERN BEAUTY SCHOOLS             ,GA,31906-0000,Proprietary  ,8,41,49,28,148,176
02482100,MOREHOUSE SCHOOL OF MEDICINE            ,GA,30310-0000,Private      ,7,6,13,128,649,777
02502700,ADVANCED CAREER TRAINING                ,GA,30329-0000,Proprietary  ,91,377,468,286,1591,1877
02502701,ADVANCED CAREER TRAINING-RIVERDALE      ,GA,30274-0000,Proprietary  ,53,250,303,256,1128,1384
02508600,MIDDLE GEORGIA TECHNICAL COLLEGE        ,GA,31088-0000,Public       ,133,521,654,1117,3768,4885
02520000,INTERNATIONAL SCH SKIN & NAILCARE       ,GA,30342-1119,Proprietary  ,7,83,90,40,422,462
02577000,ARNOLD / PADRICKS  UNIV OF COSM         ,GA,30297-0000,Proprietary  ,13,51,64,95,305,400
02577700,BEAUTY COLLEGE OF AMERICA               ,GA,30297-0000,Proprietary  ,2,15,17,36,128,164
02578300,INTERNATIONAL CITY BEAUTY COLLEGE       ,GA,31093-3631,Proprietary  ,0,5,5,11,37,48
02580200,ATLANTA SCHOOL OF MASSAGE               ,GA,30338-0000,Proprietary  ,7,79,86,85,429,514
02583000,GWINNETT COLLEGE OF BUSINESS            ,GA,30047-3447,Proprietary  ,13,78,91,153,802,955
02607600,CAPELLI LEARNING CTR FOR COSM           ,GA,30324-0000,Proprietary  ,4,61,65,88,337,425
02614206,MILLER - MOTTE TECHNICAL COLLEGE - COLUM,GA,31907-3222,Proprietary  ,3,67,70,3,67,70
03005400,ARTISTIC BEAUTY COLLEGE                 ,GA,30013-2076,Proprietary  ,34,118,152,356,952,1308
03010619,VIRGINIA COLLEGE - AUGUSTA              ,GA,30909-5515,Proprietary  ,1,29,30,1,29,30
03022601,WESTERN CULINARY INSTITUTE - LE CORDON B,GA,30084-5893,Proprietary  ,6,40,46,218,363,581
03030000,OGEECHEE TECHNICAL COLLEGE              ,GA,30458-8049,Public       ,94,439,533,1391,3544,4935
03032100,ALTAMAHA TECHNICAL COLLEGE              ,GA,31545-4465,Public       ,49,208,257,489,1921,2410
03042700,LAURUSTECHNICAL INSTITUTE               ,GA,30030-1506,Proprietary  ,7,119,126,91,726,817
03066500,SOUTHEASTERN TECHNICAL COLLEGE          ,GA,30474-8817,Public       ,40,272,312,531,2045,2576
03066502,SWAINSBORO TECHNICAL COLLEGE            ,GA,30401-5700,Public       ,2,18,20,201,696,897
03072304,EVEREST COLLEGE - EVEREST INSTITUTE     ,GA,30236-0000,Proprietary  ,40,234,274,303,1610,1913
03076300,BEULAH HEIGHTS BIBLE COLLEGE            ,GA,30316-1873,Private      ,1,35,36,46,831,877
03079202,WESTWOOD COLLEGE - ATLANTA MIDTOWN      ,GA,30309-2848,Proprietary  ,66,183,249,824,1699,2523
03081500,SOUTHEASTERN BEAUTY SCHOOL              ,GA,31917-0000,Proprietary  ,4,23,27,20,126,146
03089100,GEORGIA INSTITUTE OF COSMETOLOGY        ,GA,30606-3152,Proprietary  ,17,79,96,139,414,553
03090600,COBB BEAUTY COLLEGE                     ,GA,30144-2828,Proprietary  ,2,14,16,27,96,123
03100900,LUTHER RICE UNIVERSITY                  ,GA,30038-2454,Private      ,1,28,29,33,770,803
03102000,RIVERTOWN SCHOOL OF BEAUTY              ,GA,31904-4747,Proprietary  ,13,52,65,48,223,271
03104500,ATLANTA INSTITUTE OF MUSIC              ,GA,30096-4988,Proprietary  ,14,24,38,246,231,477
03116100,VOGUE BEAUTY SCHOOL                     ,GA,30141-2226,Proprietary  ,5,12,17,42,141,183
03155500,SANDERSVILLE REGIONAL TECH INST         ,GA,31082-6179,Public       ,24,102,126,276,1027,1303
03173300,ATLANTA'S JOHN MARSHALL LAW SCHOOL      ,GA,30309-0000,Proprietary  ,0,21,21,19,1332,1351
03232304,LINCOLN COLLEGE OF TECHNOLOGY           ,GA,30067-8638,Proprietary  ,56,134,190,253,760,1013
03251300,BEACON UNIVERSITY                       ,GA,31909-4663,Private      ,0,0,0,15,108,123
03418300,GWINNETT COLLEGE-SANDY SPRINGS          ,GA,30328-3161,Proprietary  ,4,37,41,37,291,328
03445500,FAYETTE BEAUTY ACADEMY                  ,GA,30214-1191,Proprietary  ,3,16,19,19,92,111
03523300,AVIATION INSTITUTE OF MAINTENANCE       ,GA,30045-6716,Proprietary  ,23,94,117,230,805,1035
03635300,CARVER BIBLE COLLEGE                    ,GA,30331-1300,Private      ,4,10,14,4,10,14
03753400,MICHAEL'S SCHOOL OF BEAUTY              ,GA,31211-1493,Proprietary  ,3,17,20,34,158,192
03804400,JAVELIN TECHNICAL TRAINING CENTER       ,GA,30339-6040,Proprietary  ,104,407,511,505,2231,2736
03804401,JAVELIN TECHNICAL TRAINING CENTER -     ,GA,30260-1756,Proprietary  ,4,16,20,17,140,157
03804402,JAVELIN TECHNICAL TRAINING CENTER -     ,GA,30084-5252,Proprietary  ,0,9,9,16,93,109
03812300,OMNITECH INSTITUTE                      ,GA,30035-1206,Proprietary  ,20,70,90,169,570,739
04021300,AUGUSTA SCHOOL OF MASSAGE               ,GA,30809-0000,Proprietary  ,1,3,4,14,56,70
04091300,SAVANNAH SCHOOL OF MASSAGE THERAPY      ,GA,31406-2711,Private      ,1,16,17,13,74,87
04126800,ACADEMY OF SOMATIC HEALING ARTS (ASHA)  ,GA,30071-1024,Proprietary  ,1,27,28,31,229,260
04128500,SOUTHERN CATHOLIC COLLEGE               ,GA,30534-3111,Private      ,2,0,2,173,21,194
04142900,GEORGIA GWINNETT COLLEGE                ,GA,30043-7409,Public       ,135,190,325,2021,2277,4298
04147000,PAUL MITCHELL THE SCHOOL ATLANTA        ,GA,30318-5241,Proprietary  ,14,30,44,160,318,478
04147700,LAKE LANIER SCHOOL OF MASSAGE           ,GA,30501-4546,Proprietary  ,4,13,17,10,55,65
04149900,PROFILE INSTITUTE OF BARBER-STYLING     ,GA,30315-8459,Proprietary  ,1,18,19,15,58,73
04150900,PROCESS INSTITUTE OF COSMETOLOGY (THE)  ,GA,30043-7344,Proprietary  ,6,17,23,35,53,88
04152300,GEORGIA BEAUTY ACADEMY                  ,GA,30721-3952,Proprietary  ,5,20,25,12,69,81
04160200,ATLANTA BEAUTY ACADEMY                  ,GA,30340-1334,Proprietary  ,4,93,97,4,93,97
        ,CHICAGO THEOLOGICAL SEMINARY            ,IL,60637-0000,Private      ,0,0,0,0,4,4
00162800,AMERICAN ACADEMY OF ART                 ,IL,60604-4302,Proprietary  ,11,8,19,633,173,806
00163300,AUGUSTANA COLLEGE                       ,IL,61201-2296,Private      ,19,6,25,3674,172,3846
00163400,AURORA UNIVERSITY                       ,IL,60506-4892,Private      ,30,135,165,2478,2753,5231
00163600,SOUTHWESTERN ILLINOIS COLLEGE           ,IL,62221-5899,Public       ,204,553,757,4127,7570,11697
00163800,BLACK HAWK COLLEGE                      ,IL,61265-5899,Public       ,69,216,285,2088,3368,5456
00163900,BLACKBURN COLLEGE                       ,IL,62626-1498,Private      ,6,4,10,829,163,992
00164000,PRAIRIE STATE COLLEGE                   ,IL,60411-8226,Public       ,99,291,390,2446,4718,7164
00164100,BRADLEY UNIVERSITY                      ,IL,61625-0002,Private      ,38,28,66,6739,1151,7890
00164300,SPOON RIVER COLLEGE                     ,IL,61520-8907,Public       ,20,57,77,750,911,1661
00164700,CITY COLLEGES OF CHICAGO                ,IL,60606-6998,Public       ,7,47,54,469,810,1279
00164800,TRUMAN COLLEGE                          ,IL,60640-5691,Public       ,135,440,575,3001,5608,8609
00164900,RICHARD J DALEY COLLEGE                 ,IL,60652-1299,Public       ,139,381,520,2694,4678,7372
00165000,CITY COLLEGES OF CHICAGO-MALCOLM X      ,IL,60612-3197,Public       ,120,606,726,2797,7011,9808
00165200,HAROLD WASHINGTON COLLEGE               ,IL,60601-2403,Public       ,180,458,638,5675,7453,13128
00165400,KENNEDY KING COLLEGE                    ,IL,60621-3798,Public       ,169,784,953,3745,10517,14262
00165500,WRIGHT COLLEGE                          ,IL,60634-1591,Public       ,170,380,550,4898,5816,10714
00165700,MIDWESTERN UNIVERSITY                   ,IL,60515-1200,Private      ,0,12,12,112,2744,2856
00165900,ROSALIND FRANKLIN UNIVERSITY OF MEDICINE,IL,60064-3095,Private      ,0,24,24,18,2130,2148
00166100,CHICAGO THEOLOGICAL SEMINARY            ,IL,60637-0000,Private      ,0,3,3,5,165,170
00166300,SPERTUS COLLEGE                         ,IL,60605-1995,Private      ,0,13,13,1,113,114
00166400,UNIVERSITY OF ST FRANCIS                ,IL,60435-6188,Private      ,14,65,79,1505,1881,3386
00166500,COLUMBIA COLLEGE                        ,IL,60605-1996,Private      ,210,159,369,13137,5264,18401
00166600,CONCORDIA UNIVERSITY                    ,IL,60305-1499,Private      ,18,178,196,1983,3780,5763
00166900,DANVILLE AREA COMMUNITY COLLEGE         ,IL,61832-5199,Public       ,36,154,190,940,2149,3089
00167100,DEPAUL UNIVERSITY                       ,IL,60604-2287,Private      ,196,723,919,16754,16518,33272
00167400,EASTERN ILLINOIS UNIVERSITY             ,IL,61920-3099,Public       ,118,110,228,10632,3697,14329
00167500,ELGIN COMMUNITY COLLEGE                 ,IL,60123-7193,Public       ,88,217,305,3240,4210,7450
00167600,ELMHURST COLLEGE                        ,IL,60126-3296,Private      ,30,40,70,3608,1127,4735
00167800,EUREKA COLLEGE                          ,IL,61530-9976,Private      ,7,4,11,978,241,1219
00168100,HIGHLAND COMMUNITY COLLEGE              ,IL,61032-9341,Public       ,55,135,190,963,1444,2407
00168200,GARRETT-EVANGELICAL THEOLOGICAL SEM     ,IL,60201-0000,Private      ,0,7,7,0,214,214
00168400,GREENVILLE COLLEGE                      ,IL,62246-1199,Private      ,12,48,60,1569,871,2440
00168500,HEBREW THEOLOGICAL COLLEGE              ,IL,60077-3263,Private      ,2,0,2,348,21,369
00168800,ILLINOIS COLLEGE                        ,IL,62650-2299,Private      ,9,1,10,1394,95,1489
00168900,ILLINOIS COLLEGE OF OPTOMETRY           ,IL,60616-3878,Private      ,0,3,3,9,668,677
00169100,ILLINOIS INSTITUTE OF TECHNOLOGY        ,IL,60616-0000,Private      ,27,62,89,2725,2259,4984
00169101,ILLINOIS INSTITUTE OF TECHNOLOGY - IIT D,IL,60661-3691,Private      ,4,8,12,4,8,12
00169103,CHICAGO KENT COLLEGE OF LAW             ,IL,60661-0000,Private      ,1,18,19,19,2330,2349
00169200,ILLINOIS STATE UNIVERSITY               ,IL,61790-1000,Public       ,163,95,258,18840,4898,23738
00169300,NORTHEASTERN ILLINOIS UNIV              ,IL,60625-4699,Public       ,97,251,348,5863,7541,13404
00169400,CHICAGO STATE UNIVERSITY                ,IL,60628-1598,Public       ,104,426,530,6181,11708,17889
00169600,ILLINOIS WESLEYAN UNIVERSITY            ,IL,61701-0000,Private      ,11,3,14,3145,133,3278
00169800,JOHN MARSHALL LAW SCHOOL                ,IL,60604-0000,Private      ,2,38,40,19,2657,2676
00169900,JOLIET JUNIOR COLLEGE                   ,IL,60431-8938,Public       ,152,410,562,5937,6699,12636
00170000,JUDSON UNIVERSITY                       ,IL,60123-1498,Private      ,6,74,80,888,904,1792
00170100,KASKASKIA COLLEGE                       ,IL,62801-7878,Public       ,56,190,246,1497,2780,4277
00170300,KENDALL COLLEGE                         ,IL,60622-4278,Proprietary  ,41,181,222,1216,2560,3776
00170400,KNOX COLLEGE                            ,IL,61401-4999,Private      ,16,3,19,2237,112,2349
00170500,ILLINOIS VALLEY COMMUNITY COLLEGE       ,IL,61348-9692,Public       ,36,123,159,1367,2011,3378
00170600,LAKE FOREST COLLEGE                     ,IL,60045-2399,Private      ,23,4,27,1808,142,1950
00170700,LEWIS UNIVERSITY                        ,IL,60446-2200,Private      ,42,155,197,4031,3305,7336
00170800,LINCOLN CHRISTIAN UNIVERSITY            ,IL,62656-2167,Private      ,3,34,37,468,613,1081
00170900,LINCOLN COLLEGE                         ,IL,62656-1699,Private      ,22,29,51,1295,641,1936
00171000,LOYOLA UNIVERSITY CHICAGO               ,IL,60626-0000,Private      ,139,267,406,16679,10917,27596
00171002,LOYOLA STRITCH SCHOOL OF MEDICINE       ,IL,60153-0000,Private      ,0,3,3,34,538,572
00171200,LUTHERAN SCHOOL OF THEOL AT CHICAGO     ,IL,60615-0000,Private      ,0,2,2,0,153,153
00171600,MACCORMAC COLLEGE                       ,IL,60602-4405,Private      ,0,23,23,47,187,234
00171700,MACMURRAY COLLEGE                       ,IL,62650-2590,Private      ,5,6,11,578,239,817
00172100,MCCORMICK THEOLOGICAL SEMINARY          ,IL,60615-5108,Private      ,0,4,4,1,157,158
00172200,MCKENDREE UNIVERSITY                    ,IL,62254-1299,Private      ,14,86,100,1720,1658,3378
00172300,MEADVILLE LOMBARD THEOLOGICAL SCHOOL    ,IL,60637-1602,Private      ,0,0,0,0,73,73
00172400,MILLIKIN UNIVERSITY                     ,IL,62522-2084,Private      ,17,43,60,2793,897,3690
00172500,MONMOUTH COLLEGE                        ,IL,61462-1963,Private      ,9,2,11,1958,129,2087
00172700,MOODY BIBLE INSTITUTE                   ,IL,60610-3214,Private      ,0,0,0,1,1,2
00172800,MORTON COLLEGE                          ,IL,60804-4398,Public       ,92,180,272,1907,2215,4122
00173200,NATIONAL UNIV OF HEALTH SCIENCES        ,IL,60148-4583,Private      ,2,30,32,53,969,1022
00173300,NATIONAL-LOUIS UNIVERSITY               ,IL,60603-3032,Private      ,6,521,527,350,7747,8097
00173400,NORTH CENTRAL COLLEGE                   ,IL,60540-4690,Private      ,20,29,49,3184,914,4098
00173500,NORTH PARK UNIVERSITY                   ,IL,60625-4895,Private      ,28,89,117,2489,1649,4138
00173600,NORTHERN BAPTIST THEOL SEMINARY         ,IL,60148-0000,Private      ,0,0,0,1,17,18
00173700,NORTHERN ILLINOIS UNIVERSITY            ,IL,60115-2854,Public       ,217,281,498,21247,10097,31344
00173900,NORTHWESTERN UNIV                       ,IL,60208-0001,Private      ,117,302,419,16641,11303,27944
00174100,OLIVET NAZARENE UNIVERSITY              ,IL,60914-2271,Private      ,18,205,223,3237,2433,5670
00174200,IL EASTERN COMM COLGS-OLNEY CENTRAL     ,IL,62450-1099,Public       ,17,39,56,741,985,1726
00174500,QUINCY UNIVERSITY                       ,IL,62301-2699,Private      ,14,72,86,1408,1131,2539
00174600,ROBERT MORRIS UNIVERSITY ILLINOIS       ,IL,60605-1225,Private      ,113,367,480,4786,6037,10823
00174700,ROCK VALLEY COLLEGE                     ,IL,61114-5699,Public       ,99,456,555,3240,6023,9263
00174800,ROCKFORD COLLEGE                        ,IL,61108-2393,Private      ,11,72,83,996,1269,2265
00174900,ROOSEVELT UNIVERSITY                    ,IL,60605-1394,Private      ,63,311,374,4427,7988,12415
00175000,DOMINICAN UNIVERSITY                    ,IL,60305-1066,Private      ,18,84,102,2383,2105,4488
00175200,SAUK VALLEY COMMUNITY COLLEGE           ,IL,61021-9112,Public       ,31,129,160,1142,1522,2664
00175300,SCHOOL OF ART INSTITUTE OF CHICAGO      ,IL,60603-3013,Private      ,55,51,106,3399,2578,5977
00175400,SEABURY-WESTERN THEO SEMINARY           ,IL,60201-0000,Private      ,0,0,0,0,7,7
00175600,SHIMER COLLEGE                          ,IL,60616-3893,Private      ,2,0,2,156,78,234
00175700,SOUTHEASTERN ILLINOIS COLLEGE           ,IL,62946-4925,Public       ,12,62,74,686,992,1678
00175800,SOUTHERN ILL UNIV-CARBONDALE            ,IL,62901-0000,Public       ,197,338,535,14917,8771,23688
00175900,SOUTHERN ILL UNIV-EDWARDSVILLE          ,IL,62026-1060,Public       ,91,236,327,10620,6052,16672
00175924,SO IL UNIV-SCHL OF DENTAL MEDICINE      ,IL,62002-0000,Public       ,0,2,2,10,194,204
00176100,SPRINGFIELD COLLEGE IN ILLINOIS         ,IL,62702-2694,Private      ,7,21,28,456,635,1091
00176500,UNIVERSITY OF ST MARY OF THE LAKE       ,IL,60060-0000,Private      ,0,1,1,3,17,20
00176700,BENEDICTINE UNIVERSITY                  ,IL,60532-0900,Private      ,22,289,311,2558,3975,6533
00176800,ST XAVIER UNIVERSITY                    ,IL,60655-3199,Private      ,38,124,162,3980,3695,7675
00176900,SOUTH SUBURBAN COLLEGE                  ,IL,60473-9978,Public       ,125,513,638,2962,7834,10796
00177100,TRINITY CHRISTIAN COLLEGE               ,IL,60463-0929,Private      ,12,32,44,1225,939,2164
00177200,TRINITY INTERNATIONAL UNIVERSITY        ,IL,60015-1283,Private      ,13,54,67,842,1288,2130
00177300,TRITON COLLEGE                          ,IL,60171-1995,Public       ,213,473,686,3832,5534,9366
00177400,UNIVERSITY OF CHICAGO                   ,IL,60637-1476,Private      ,124,60,184,10452,2700,13152
00177401,UNIV OF CHICAGO PRITZKER SCH OF MED     ,IL,60637-0000,Private      ,0,1,1,38,548,586
00177403,"UNIV OF CHICAGO, GRAD SCH OF BUS        ",IL,60637-0000,Private      ,2,59,61,37,1438,1475
00177405,UNIVERSITY OF CHICAGO GRADUATE          ,IL,60637-0000,Private      ,6,54,60,94,5891,5985
00177500,UNIV OF ILLINOIS @ URBANA-CHAMPAIGN     ,IL,61820-5796,Public       ,229,189,418,26888,9310,36198
00177600,UNIV OF ILLINOIS AT CHICAGO             ,IL,60607-7163,Public       ,269,386,655,19649,15971,35620
00177800,VANDERCOOK COLLEGE OF MUSIC             ,IL,60616-3731,Private      ,2,5,7,156,92,248
00177900,IL EASTERN COMM COLGS-WABASH VALLEY     ,IL,62863-2699,Public       ,10,46,56,540,723,1263
00178000,WESTERN ILLINOIS UNIVERSITY             ,IL,61455-1390,Public       ,129,127,256,10585,4133,14718
00178100,WHEATON COLLEGE                         ,IL,60187-5535,Private      ,18,15,33,2686,656,3342
00178300,WORSHAM COLLEGE OF MORTUARY SCIENCE     ,IL,60090-2646,Proprietary  ,6,8,14,69,127,196
00396100,HARPER COLLEGE                          ,IL,60067-7398,Public       ,214,429,643,5042,4860,9902
00418100,ADVOCATE TRINITY HOSPITAL SCHOOL OF RADI,IL,60617-3982,Private      ,2,7,9,24,101,125
00456000,GEM CITY COLLEGE                        ,IL,62301-4949,Proprietary  ,1,12,13,19,61,80
00456800,MIDSTATE COLLEGE                        ,IL,61614-3558,Proprietary  ,2,111,113,72,1068,1140
00457100,SPARKS COLLEGE                          ,IL,62565-2241,Proprietary  ,0,0,0,5,17,22
00512732,BROWN MACKIE COLLEGE-CINCINNATI - BROWN ,IL,61265-7062,Proprietary  ,13,71,84,26,154,180
00621400,BLESSING RIEMAN COLLEGE OF NURSING      ,IL,62301-0000,Private      ,0,1,1,69,70,139
00621401,BLESSING HOSP SCH MED LAB TECH          ,IL,62301-0000,Private      ,0,0,0,2,11,13
00621402,BLESSING HOSP SCH OF RAD TECH           ,IL,62301-2852,Private      ,2,1,3,14,20,34
00621403,BLESSING HOSPITAL - COLLEGE OF NURSING  ,IL,62305-7005,Private      ,0,0,0,16,21,37
00622501,TRINITY COLLEGE OF NURSING & HEALTH SCIE,IL,61201-5317,Private      ,3,12,15,78,227,305
00622800,METHODIST MED CTR OF ILL SCH NRSNG      ,IL,61636-0000,Private      ,1,1,2,118,245,363
00624000,ST FRANCIS MED CLG OF NRSG              ,IL,61603-3783,Private      ,2,7,9,160,361,521
00665600,COLLEGE OF DUPAGE                       ,IL,60137-6599,Public       ,252,615,867,7766,8303,16069
00675300,ILLINOIS CENTRAL COLLEGE                ,IL,61635-0001,Public       ,119,480,599,4238,6415,10653
00693100,WAUBONSEE COMMUNITY COLLEGE             ,IL,60554-0000,Public       ,105,308,413,2251,3501,5752
00711800,PARKLAND COLLEGE                        ,IL,61821-1899,Public       ,78,199,277,4186,4199,8385
00711900,REND LAKE COLLEGE                       ,IL,62846-9801,Public       ,37,85,122,1346,1824,3170
00717000,LINCOLN LAND COMMUNITY COLLEGE          ,IL,62794-9256,Public       ,41,153,194,2439,4162,6601
00726500,CARL SANDBURG COLLEGE                   ,IL,61401-9576,Public       ,28,90,118,1016,1863,2879
00754900,COYNE AMERICAN INSTITUTE                ,IL,60607-1300,Proprietary  ,60,220,280,439,1561,2000
00764400,LAKE LAND COLLEGE                       ,IL,61938-9366,Public       ,55,115,170,2407,2861,5268
00768400,KISHWAUKEE COLLEGE                      ,IL,60150-9699,Public       ,47,104,151,1864,2049,3913
00769000,KANKAKEE COMMUNITY COLLEGE              ,IL,60901-6505,Public       ,39,173,212,1353,2822,4175
00769100,MCHENRY COUNTY COLLEGE                  ,IL,60012-2761,Public       ,55,183,238,3001,2213,5214
00769200,MORAINE VALLEY COMMUNITY COLLEGE        ,IL,60465-0937,Public       ,201,370,571,5188,5106,10294
00769300,SHAWNEE COMMUNITY COLLEGE               ,IL,62992-9725,Public       ,45,145,190,827,1673,2500
00769400,COLLEGE OF LAKE COUNTY                  ,IL,60030-1198,Public       ,234,555,789,3808,5467,9275
00793700,MS ROBERTS ACADEMY OF BEAUTY CULT       ,IL,60181-2930,Proprietary  ,5,18,23,29,74,103
00807600,JOHN A LOGAN COLLEGE                    ,IL,62918-2500,Public       ,89,187,276,2290,2993,5283
00814604,EVEREST UNIVERSITY - EVEREST  COLLEGE   ,IL,60803-4517,Proprietary  ,36,244,280,232,1405,1637
00825900,EDUCATORS OF BEAUTY                     ,IL,61081-3611,Proprietary  ,8,18,26,67,164,231
00825901,EDUCATORS OF BEAUTY                     ,IL,61104-0000,Proprietary  ,3,13,16,18,60,78
00832800,ALVAREITA'S COLLEGE OF COSMETOLOGY      ,IL,62025-2041,Proprietary  ,4,10,14,48,101,149
00854500,ROCKFORD BUSINESS COLLEGE               ,IL,61103-0000,Proprietary  ,16,131,147,221,1208,1429
00869402,RASMUSSEN COLLEGE - ROCKFORD            ,IL,61108-2513,Proprietary  ,48,261,309,373,1656,2029
00869403,RASMUSSEN COLLEGE - AURORA              ,IL,60506-6219,Proprietary  ,38,85,123,173,603,776
00869404,RASMUSSEN COLLEGE - ROMEOVILLE          ,IL,60446-0000,Proprietary  ,22,92,114,47,216,263
00888000,MORRISON INSTITUTE OF TECHNOLOGY        ,IL,61270-2959,Private      ,1,4,5,126,40,166
00893800,GRAHAM HOSPITAL SCH OF NURSING          ,IL,61520-2497,Private      ,0,0,0,26,65,91
00893900,CANNELLA SCHOOL OF HAIR DESIGN          ,IL,60406-2130,Proprietary  ,5,47,52,36,193,229
00914500,GOVERNORS STATE UNIVERSITY              ,IL,60466-0975,Public       ,30,302,332,923,6312,7235
00923200,CATHOLIC THEOLOGICAL UNION              ,IL,60615-0000,Private      ,0,1,1,0,71,71
00933300,UNIV OF ILLINOIS AT SPRINGFIELD         ,IL,62703-5407,Public       ,29,128,157,2012,3060,5072
00947500,EDUCATORS OF BEAUTY                     ,IL,61301-2404,Proprietary  ,9,14,23,33,60,93
00959500,CANNELLA SCHOOL OF HAIR DESIGN          ,IL,60617-4303,Proprietary  ,6,26,32,33,173,206
00976700,OLIVE-HARVEY COLLEGE                    ,IL,60628-1696,Public       ,90,337,427,1581,4403,5984
00978600,IL EASTERN COMM COLGS-LINCOLN TRAIL     ,IL,62454-5708,Public       ,15,24,39,374,516,890
00980000,RUSH UNIVERSITY                         ,IL,60612-3806,Private      ,2,40,42,141,2382,2523
00989600,OAKTON COMMUNITY COLLEGE                ,IL,60016-1268,Public       ,112,250,362,3186,3133,6319
00998700,SAINT ANTHONY COLLEGE OF NURSING        ,IL,61108-2468,Private      ,1,12,13,103,253,356
01002000,LEWIS AND CLARK COMMUNITY COLLEGE       ,IL,62035-2466,Public       ,80,239,319,2159,3247,5406
01031600,LINCOLN COLLEGE OF TECHNOLOGY           ,IL,60160-1605,Proprietary  ,119,209,328,1137,1588,2725
01050100,LAKEVIEW  COLLEGE OF NURSING            ,IL,61832-3781,Private      ,1,7,8,154,208,362
01069500,TRI-COUNTY BEAUTY ACADEMY               ,IL,62056-2036,Proprietary  ,0,1,1,16,46,62
01071000,CAPITAL AREA SCH OF PRAC NRSG           ,IL,62707-0000,Public       ,3,14,17,57,493,550
01072700,DEVRY UNIVERSITY                        ,IL,60618-5994,Proprietary  ,1644,9704,11348,23335,89811,113146
01083600,PIVOT POINT INTNL CSMTLGY RSRCH CTR     ,IL,60626-0000,Proprietary  ,48,54,102,391,595,986
01087900,RICHLAND COMMUNITY COLLEGE              ,IL,62521-8513,Public       ,35,150,185,997,2234,3231
01102401,EVEREST COLLEGE - CHICAGO               ,IL,60604-2052,Proprietary  ,75,425,500,700,2655,3355
01151002,EVEREST INSTITUTE - EVEREST COLLEGE     ,IL,60542-1610,Proprietary  ,33,147,180,147,786,933
01181000,TAYLOR BUSINESS INSTITUTE               ,IL,60606-5111,Proprietary  ,5,35,40,44,339,383
01185800,EVEREST COLLEGE                         ,IL,60077-1074,Proprietary  ,91,285,376,383,1419,1802
01185802,EVEREST COLLEGE - BURR RIDGE            ,IL,60527-7826,Proprietary  ,38,175,213,217,967,1184
01236200,NORTHWESTERN COLLEGE                    ,IL,60630-2298,Proprietary  ,77,347,424,1460,4208,5668
01238500,BLOOMINGTON-NORMAL SCH RADIOGRAPHY      ,IL,61761-4604,Private      ,0,1,1,8,22,30
01258400,ILLINOIS INSTITUTE OF ART (THE)         ,IL,60654-1593,Proprietary  ,243,483,726,5316,4501,9817
01281300,JOHN WOOD COMMUNITY COLLEGE             ,IL,62305-0401,Public       ,35,123,158,1265,1839,3104
01308700,CAPRI GARFIELD RIDGE SCH OF BTY CLR     ,IL,60629-1613,Proprietary  ,8,36,44,86,236,322
01308800,CAPRI OAK FOREST COLLEGE OF BEAUTY      ,IL,60452-2798,Proprietary  ,13,25,38,144,221,365
02055200,HARRINGTON COLLEGE OF DESIGN            ,IL,60606-3433,Proprietary  ,27,74,101,722,991,1713
02068100,ADLER SCH OF PROFESSIONAL PSYCHLGY      ,IL,60601-0000,Private      ,0,20,20,16,992,1008
02069300,VATTEROTT COLLEGE                       ,IL,62305-5938,Proprietary  ,14,88,102,150,796,946
02073200,TELSHE YESHIVA-CHICAGO                  ,IL,60625-0000,Private      ,1,0,1,36,8,44
02074400,IL EASTERN COMM COLGS-FRONTIER          ,IL,62837-0000,Public       ,13,42,55,174,524,698
02075400,KELLER GRADUATE SCHOOL OF MGMT.         ,IL,60515-5683,Proprietary  ,4,1649,1653,39,18317,18356
02113600,AMERICAN INTERCONTINENTAL UNIVERSITY    ,IL,60192-3713,Proprietary  ,486,6768,7254,3830,48173,52003
02117400,BECK AREA CAREER CENTER                 ,IL,62278-0000,Public       ,0,1,1,19,148,167
02124400,UNIVERSITY OF SPA & COSMETOLOGY ART     ,IL,62704-0000,Proprietary  ,6,27,33,94,229,323
02150600,COSMETOLOGY AND SPA INSTITUTE (THE)     ,IL,60014-4003,Proprietary  ,4,22,26,99,199,298
02155300,THE CHICAGO SCHOOL OF PROF PSYCHOLOGY   ,IL,60610-4705,Private      ,1,177,178,38,3857,3895
02160300,INTERNATIONAL ACAD OF DESIGN & TECH     ,IL,60602-3319,Proprietary  ,76,145,221,1248,1646,2894
02160304,INTERNATIONAL ACADEMY OF DESIGN AND TECH,IL,60173-5160,Proprietary  ,16,39,55,199,351,550
02168600,EAST WEST UNIVERSITY                    ,IL,60605-0000,Private      ,50,68,118,1067,1582,2649
02179900,ARGOSY UNIVERSITY                       ,IL,60601-7757,Proprietary  ,452,4444,4896,2083,36711,38794
02185400,ST AUGUSTINE COLLEGE                    ,IL,60640-0000,Private      ,47,170,217,458,2017,2475
02192400,MR JOHNS SCHOOL OF COSMETOLOGY          ,IL,62521-0000,Proprietary  ,2,18,20,26,109,135
02202600,CANNELLA SCHOOL OF HAIR DESIGN          ,IL,60181-1321,Proprietary  ,2,22,24,9,97,106
02214100,WEST SUBURBAN COLLEGE OF NURSING        ,IL,60302-2519,Private      ,2,7,9,111,401,512
02228100,MAC DANIEL'S BEAUTY SCHOOL              ,IL,60640-0000,Proprietary  ,1,7,8,19,71,90
02261200,HAIR PROFESSIONALS ACAD COSMETOLOGY     ,IL,60118-0000,Proprietary  ,12,47,59,109,260,369
02261201,HAIR PROFESSIONALS ACADEMY OF COSMETOLOG,IL,60118-9333,Proprietary  ,0,0,0,6,6,12
02262100,HAIR PROFESSIONALS SCH COSMETOLOGY      ,IL,60543-0000,Proprietary  ,10,12,22,53,90,143
02291200,CANNELLA SCHOOL OF HAIR DESIGN          ,IL,60639-0000,Proprietary  ,2,30,32,38,190,228
02295500,CANNELLA SCHOOL OF HAIR DESIGN          ,IL,60120-0000,Proprietary  ,1,13,14,18,95,113
02297500,OEHRLEIN SCHOOL OF COSMETOLOGY          ,IL,61611-0000,Proprietary  ,1,19,20,62,114,176
02312300,LA' JAMES COLLEGE HAIRSTYLING           ,IL,61244-0000,Proprietary  ,5,13,18,20,63,83
02313900,WESTWOOD COLLEGE - O'HARE AIRPORT       ,IL,60631-2801,Proprietary  ,51,153,204,788,1314,2102
02317300,CONCEPT COLLEGE OF COSMETOLOGY          ,IL,61832-0000,Proprietary  ,6,12,18,45,122,167
02319200,LAKE FOREST GRAD SCHL OF MGMT           ,IL,60045-4824,Private      ,0,35,35,2,394,396
02323300,PROFESSIONAL'S CHOICE HAIR DSN ACAD     ,IL,60435-0000,Proprietary  ,1,7,8,18,41,59
02332200,HAIR PROFESSIONALS CAREER COLLEGE       ,IL,60178-0000,Proprietary  ,6,9,15,36,62,98
02337800,THE COLLEGE OF OFFICE TECHNOLOGY        ,IL,60622-0000,Proprietary  ,37,93,130,116,482,598
02349400,ALVAREITA'S COLLEGE OF COSMETOLOGY      ,IL,62035-0000,Proprietary  ,0,16,16,21,60,81
02349500,CANNELLA SCHOOL OF HAIR DESIGN          ,IL,60632-0000,Proprietary  ,3,18,21,39,135,174
02352200,LE CORDON BLEU COLLEGE OF CULINARY ARTS ,IL,60610-3050,Proprietary  ,50,203,253,710,1630,2340
02498200,HAIR PROFESSIONALS ACAD COSMETOLOGY     ,IL,60187-0000,Proprietary  ,18,42,60,68,235,303
02498201,HAIR PROFESSIONALS ACADEMY OF COSMETOLOG,IL,60563-0000,Proprietary  ,2,3,5,14,21,35
02522800,FOX COLLEGE                             ,IL,60453-0000,Proprietary  ,25,31,56,418,321,739
02527600,LEXINGTON COLLEGE                       ,IL,60607-0000,Private      ,1,2,3,62,42,104
02536700,BELL MAR BEAUTY COLLEGE                 ,IL,60650-0000,Proprietary  ,0,3,3,7,59,66
02556100,ENVIRONMENTAL TECHNICAL INSTITUTE       ,IL,60143-0000,Proprietary  ,37,110,147,177,466,643
02556600,NILES SCHOOL OF COSMETOLOGY             ,IL,60714-0000,Proprietary  ,4,8,12,26,61,87
02570305,LOS ANGELES ORT TECHNICAL INSTITUTE -D/B,IL,60077-0000,Private      ,2,1,3,4,5,9
02573700,INSTITUTE FOR CLINICAL SOCIAL WORK      ,IL,60601-0000,Private      ,0,3,3,10,106,116
02579200,INGALLS MEMORIAL HOSPITAL               ,IL,60426-0000,Private      ,0,0,0,3,16,19
02584900,"FIRST INSTITUTE, INC.                   ",IL,60014-7489,Proprietary  ,8,77,85,43,320,363
02587700,HAIR PROFESSIONALS CAREER COLLEGE       ,IL,60465-1929,Proprietary  ,8,18,26,44,101,145
02599500,HANOVER PARK COLLEGE OF BEAUTY CULT     ,IL,60133-5421,Proprietary  ,10,11,21,69,114,183
02622700,KNOWLEDGE SYSTEMS INSTITUTE             ,IL,60076-0000,Private      ,0,0,0,1,10,11
03002000,HAIRMASTERS INST OF COSMETOLOGY         ,IL,61701-5547,Proprietary  ,3,5,8,31,93,124
03027702,PACIFIC COLLEGE OF ORIENTAL MEDICINE - C,IL,60613-4418,Proprietary  ,1,18,19,8,266,274
03065300,TREND SETTERS COLL OF COSMETOLOGY       ,IL,60915-2101,Proprietary  ,20,40,60,118,190,308
03072701,WESTWOOD COLLEGE OF TECHNOLOGY          ,IL,60409-0000,Proprietary  ,37,151,188,405,1389,1794
03072702,WESTWOOD COLLEGE OF TECHNOLOGY          ,IL,60602-0000,Proprietary  ,58,169,227,890,1871,2761
03078400,CAMEO BEAUTY ACADEMY                    ,IL,60453-3196,Proprietary  ,6,20,26,54,101,155
03079200,WESTWOOD COLLEGE - DUPAGE               ,IL,60517-2321,Proprietary  ,31,80,111,531,799,1330
03082900,ROSEL SCHOOL OF COSMETOLOGY             ,IL,60659-1913,Proprietary  ,1,14,15,28,159,187
03083800,HEARTLAND COMMUNITY COLLEGE             ,IL,61761-9446,Public       ,53,132,185,1902,2601,4503
03098000,ST JOHN'S COLLEGE OF NURSING            ,IL,62702-5321,Private      ,0,2,2,104,69,173
03098002,ST JOHN'S HOSP SCH MED TECH             ,IL,62769-5324,Private      ,0,0,0,5,13,18
03099700,CAIN'S BARBER COLLEGE                   ,IL,60615-3510,Proprietary  ,14,54,68,94,393,487
03099800,ILLINOIS SCHOOL OF HEALTH CAREERS       ,IL,60604-0000,Proprietary  ,37,189,226,335,1199,1534
03101800,ILLINOIS CENTER FOR BROADCASTING        ,IL,60148-7015,Proprietary  ,18,49,67,134,348,482
03128300,PYRAMID CAREER INSTITUTE                ,IL,60657-4207,Proprietary  ,0,1,1,0,8,8
03128500,NATIONAL LATINO EDUCATION INSTITUTE     ,IL,60609-2205,Private      ,9,24,33,42,125,167
03199300,CHRISTIAN LIFE COLLEGE                  ,IL,60056-2522,Private      ,0,0,0,20,25,45
03368300,MIDWEST TECHNICAL INSTITUTE             ,IL,62707-8805,Proprietary  ,78,430,508,448,2326,2774
03416300,COMPUTER SYSTEMS INSTITUTE              ,IL,60077-0000,Proprietary  ,53,253,306,243,1193,1436
03448300,BUSINESS INDUSTRIAL RESOURCES           ,IL,60659-1298,Proprietary  ,15,177,192,58,863,921
03455700,CORTIVA INSTITUTE - CHICAGO             ,IL,60602-3315,Proprietary  ,30,87,117,254,691,945
03455701,CORTIVA INSTITUTE - CHICAGO             ,IL,60014-6285,Proprietary  ,0,2,2,2,20,22
03510300,ERIKSON INSTITUTE                       ,IL,60654-4510,Private      ,0,4,4,1,301,302
03623300,VEE'S SCHOOL OF BEAUTY CULTURE          ,IL,62205-2326,Proprietary  ,0,6,6,3,41,44
03643300,"MR. JOHN'S SCHOOL OF JACKSONVILLE,  INC,",IL,62650-3488,Proprietary  ,1,11,12,13,50,63
03684300,NORTHSHORE UNIVERSITY HEALTHSYSTEM SCHOO,IL,60201-9872,Private      ,0,1,1,2,30,32
03721400,AMERICAN CAREER COLLEGE                 ,IL,60402-0000,Proprietary  ,3,21,24,22,123,145
03881400,EUROPEAN MASSAGE THERAPY SCHOOL         ,IL,60077-2269,Proprietary  ,2,35,37,16,170,186
03891300,SOMA INSTITUTE - THE NATIONAL SCHOOL OF ,IL,60604-4466,Proprietary  ,12,74,86,87,339,426
03914300,"CALC, INSTITUTE OF TECHNOLOGY           ",IL,62002-5931,Proprietary  ,6,46,52,22,267,289
04117500,SOLEX MEDICAL ACADEMY                   ,IL,60090-3104,Proprietary  ,1,7,8,2,31,33
04118400,ZAREM /GOLDE ORT TECHNICAL INSTITUTE    ,IL,60077-3210,Private      ,1,1,2,1,1,2
04124700,AMERICARE INSTITUTE                     ,IL,60133-5456,Proprietary  ,11,41,52,39,219,258
04136900,UNIVERSITY OF AESTHETICS (THE)          ,IL,60622-2151,Proprietary  ,0,7,7,6,34,40
04137000,UNIVERSITY OF AESTHETICS (THE)          ,IL,60515-5602,Proprietary  ,1,6,7,7,30,37
04137500,TRICOCI UNIVERSITY OF BEAUTY CULTURE    ,IL,60656-1805,Proprietary  ,12,23,35,146,244,390
04139000,CITI COLLEGE OF ALLIED HEALTH           ,IL,60602-1032,Proprietary  ,5,49,54,7,56,63
04141000,AVEDA INSTITUTE CHICAGO                 ,IL,60647-0000,Proprietary  ,12,20,32,54,152,206
04147100,TRICOCI UNIVERSITY OF BEAUTY CULTURE    ,IL,60048-2906,Proprietary  ,3,21,24,29,81,110
04147200,TRICOCI UNIVERSITY OF BEAUTY CULTURE    ,IL,60455-1824,Proprietary  ,11,23,34,53,93,146
04147300,TRICOCI UNIVERSITY OF BEAUTY CULTURE    ,IL,60139-3119,Proprietary  ,5,11,16,55,78,133
04147400,TRICOCI UNIVERSITY OF BEAUTY CULTURE    ,IL,61614-4831,Proprietary  ,2,12,14,27,59,86
04147500,TRICOCI UNIVERSITY OF BEAUTY CULTURE    ,IL,61108-2337,Proprietary  ,6,46,52,49,163,212
04160600,PAUL MITCHELL THE SCHOOL NORMAL         ,IL,61761-0000,Proprietary  ,2,4,6,2,4,6
04167800,INNOVATIONS DESIGN ACADEMY              ,IL,61520-2625,Proprietary  ,1,3,4,1,3,4
        ,ASBURY THEOLOGICAL SEMINARY             ,KY,40390-0000,Private      ,0,0,0,1,30,31
00195100,ALICE LLOYD COLLEGE                     ,KY,41844-9703,Private      ,14,3,17,957,152,1109
00195200,ASBURY COLLEGE                          ,KY,40390-1198,Private      ,13,25,38,1528,532,2060
00195300,ASBURY THEOLOGICAL SEMINARY             ,KY,40390-0000,Private      ,0,35,35,18,1340,1358
00195400,BELLARMINE UNIVERSITY                   ,KY,40205-1877,Private      ,40,80,120,3464,1437,4901
00195500,BEREA COLLEGE                           ,KY,40403-0000,Private      ,28,15,43,2811,654,3465
00195800,BRESCIA UNIVERSITY                      ,KY,42301-3023,Private      ,4,23,27,670,570,1240
00195900,CAMPBELLSVILLE UNIVERSITY               ,KY,42718-2799,Private      ,27,89,116,2267,1525,3792
00196000,SPALDING UNIVERSITY                     ,KY,40203-2188,Private      ,11,118,129,646,2431,3077
00196100,CENTRE COLLEGE                          ,KY,40422-1394,Private      ,11,5,16,2047,91,2138
00196200,UNIVERSITY OF THE CUMBERLANDS           ,KY,40769-1372,Private      ,27,111,138,2320,1593,3913
00196300,EASTERN KENTUCKY UNIVERSITY             ,KY,40475-3102,Public       ,241,350,591,11488,9035,20523
00196400,GEORGETOWN COLLEGE                      ,KY,40324-1628,Private      ,10,49,59,2170,761,2931
00196500,KENTUCKY CHRISTIAN UNIVERSITY           ,KY,41143-2205,Private      ,4,3,7,714,156,870
00196800,KENTUCKY STATE UNIVERSITY               ,KY,40601-2355,Public       ,61,79,140,3311,1831,5142
00196900,KENTUCKY WESLEYAN COLLEGE               ,KY,42302-1039,Private      ,17,14,31,1253,306,1559
00197000,LEES COLLEGE                            ,KY,41339-0000,Private      ,0,0,0,1,1,2
00197100,LEXINGTON THEOLOGICAL SEMINARY          ,KY,40508-0000,Private      ,0,2,2,0,60,60
00197200,LINDSEY WILSON COLLEGE                  ,KY,42728-1223,Private      ,34,82,116,1932,1678,3610
00197400,LOUISVILLE PRESBYTERIAN THEOL SEM       ,KY,40205-0000,Private      ,0,4,4,1,151,152
00197500,MIDWAY COLLEGE                          ,KY,40347-1120,Private      ,10,95,105,582,1549,2131
00197600,MOREHEAD STATE UNIVERSITY               ,KY,40351-1689,Public       ,112,209,321,6001,5449,11450
00197700,MURRAY STATE UNIVERSITY                 ,KY,42071-0009,Public       ,71,147,218,6176,4014,10190
00197900,WEST KENTUCKY CMNTY & TECHNICAL COLG    ,KY,42002-7380,Public       ,62,201,263,1696,3778,5474
00198000,PIKEVILLE COLLEGE                       ,KY,41501-1194,Private      ,23,16,39,1072,408,1480
00198001,PIKEVILLE CLG-SCH OSTEOPATHIC MEDIC     ,KY,41501-0000,Private      ,0,1,1,8,323,331
00198200,SOUTHERN BAPTIST THEOL SEMINARY         ,KY,40280-0000,Private      ,1,9,10,52,203,255
00198300,ST. CATHARINE COLLEGE                   ,KY,40061-9499,Private      ,9,20,29,686,502,1188
00198700,TRANSYLVANIA UNIVERSITY                 ,KY,40508-1797,Private      ,11,6,17,1643,162,1805
00198800,UNION COLLEGE                           ,KY,40906-1499,Private      ,21,81,102,1305,1150,2455
00198900,UNIVERSITY OF KENTUCKY                  ,KY,40506-0054,Public       ,244,238,482,16551,8928,25479
00198901,UNIV OF KY-COLLEGE OF DENTISTRY         ,KY,40536-0000,Public       ,0,2,2,11,218,229
00198902,UNIV OF KY-COLLEGE OF MEDICINE          ,KY,40536-0000,Public       ,5,3,8,45,456,501
00199000,ASHLAND COMMUNITY AND TECHNICAL COLLEGE ,KY,41101-3683,Public       ,72,180,252,1533,2918,4451
00199100,ELIZABETHTOWN COMMUNITY  AND TECHNICAL C,KY,42701-3081,Public       ,102,385,487,2343,5607,7950
00199300,HENDERSON COMMUNITY COLLEGE             ,KY,42420-4699,Public       ,15,78,93,612,1579,2191
00199400,HOPKINSVILLE COMMUNITY COLLEGE          ,KY,42241-2621,Public       ,42,265,307,1154,4294,5448
00199600,BIG SANDY COMMUNITY AND TECHNICAL COLG  ,KY,41653-1815,Public       ,77,239,316,1844,2673,4517
00199700,SOMERSET COMMUNITY COLLEGE              ,KY,42501-2973,Public       ,66,324,390,2899,6767,9666
00199800,SOUTHEAST KENTUCKY COMMUNITY AND TECHNIC,KY,40823-1099,Public       ,58,191,249,1290,1987,3277
00199802,CUMBERLAND VLY TEC CLG MIDDLESBORO      ,KY,40965-2265,Public       ,1,1,2,20,30,50
00199804,SOUTHEAST COMMUNITY COLLEGE             ,KY,40831-1796,Public       ,6,11,17,109,175,284
00199900,UNIVERSITY OF LOUISVILLE                ,KY,40292-0000,Public       ,172,382,554,12968,12301,25269
00200100,THOMAS MORE COLLEGE                     ,KY,41017-3495,Private      ,15,93,108,1421,976,2397
00200200,WESTERN KENTUCKY UNIVERSITY             ,KY,42101-3576,Public       ,277,479,756,13889,9871,23760
00461800,SPENCERIAN COLLEGE                      ,KY,40216-2605,Proprietary  ,62,279,341,780,2676,3456
00461900,SULLIVAN UNIVERSITY                     ,KY,40205-3000,Proprietary  ,238,779,1017,2356,6720,9076
00512729,BROWN MACKIE COLLEGE-CINCINNATI - 279 BU,KY,41017-2136,Proprietary  ,0,11,11,26,123,149
00524400,BLUEGRASS COMMUNITY & TECHNICAL COLLEGE ,KY,40506-0235,Public       ,163,714,877,4979,10743,15722
00527100,BOWLING GREEN TECHNICAL COLLEGE         ,KY,42101-3601,Public       ,50,188,238,1063,2858,3921
00527300,GATEWAY COMMUNITY & TECHNOLOGY COLL     ,KY,41011-0000,Public       ,74,288,362,1315,3736,5051
00696000,MAYSVILLE CMNTY & TECHNCL COLG          ,KY,41056-8910,Public       ,32,220,252,1011,3193,4204
00696100,JEFFERSON COMMUNITY AND TECHNICAL COLLEG,KY,40202-2005,Public       ,181,637,818,6258,12226,18484
00696200,HAZARD COMMUNITY COLLEGE                ,KY,41701-2402,Public       ,52,183,235,1392,2364,3756
00696203,KY TECH-KNOTT CO. TECHNOLOGY CTR        ,KY,41822-0000,Public       ,0,0,0,2,2,4
00696204,KY TECH-LESLIE COUNTY AREA TECH CTR     ,KY,41749-0000,Public       ,1,0,1,2,1,3
00696205,KY TECH-LEE COUNTY AREA TECH CTR        ,KY,41311-0000,Public       ,0,0,0,1,3,4
00696206,KY TECH-LETCHER CNTY AREA TECH CTR      ,KY,41858-0000,Public       ,2,1,3,23,15,38
00696207,KY TECH-BREATHITT COUNTY VOC ED CTR     ,KY,41339-0000,Public       ,0,0,0,12,10,22
00736205,MEDTECH COLLEGE - LEXINGTON             ,KY,40511-1200,Proprietary  ,5,57,62,13,176,189
00842500,DAYMAR COLLEGE                          ,KY,42001-0000,Proprietary  ,8,83,91,90,695,785
00901000,MADISONVILLE COMMUNITY COLLEGE          ,KY,42431-9199,Public       ,54,158,212,1193,2858,4051
00927500,NORTHERN KENTUCKY UNIVERSITY            ,KY,41099-0001,Public       ,176,281,457,9170,7843,17013
00931300,DAYMAR COLLEGE                          ,KY,42301-5830,Proprietary  ,72,603,675,405,3179,3584
00931302,DAYMAR COLLEGE - LOUISVILLE CAMPUS      ,KY,40219-1973,Proprietary  ,2,21,23,64,284,348
01042400,SALON PROFESSIONAL ACADEMY THE          ,KY,40502-1776,Proprietary  ,1,9,10,71,137,208
01048900,NATIONAL COLLEGE                        ,KY,40508-0000,Proprietary  ,78,663,741,748,5887,6635
01172500,COLLINS SCHOOL OF COSMETOLOGY           ,KY,40965-2809,Proprietary  ,1,10,11,23,75,98
01208800,SULLIVAN COLLEGE OF TECHNOLOGY AND DESIG,KY,40218-4528,Proprietary  ,67,98,165,580,809,1389
01212801,SOUTHWESTERN COLLEGE                    ,KY,41042-1466,Proprietary  ,20,133,153,156,951,1107
01240400,LEXINGTON BEAUTY COLLEGE                ,KY,40503-1819,Proprietary  ,0,0,0,17,47,64
01272300,KY TECH-WAYNE COUNTY AREA TECH CTR      ,KY,42633-1088,Public       ,0,1,1,1,3,4
01291400,EMPIRE BEAUTY SCHOOL                    ,KY,40218-0000,Proprietary  ,20,51,71,142,358,500
01291500,EMPIRE BEAUTY SCHOOL                    ,KY,41042-5113,Proprietary  ,10,28,38,103,202,305
01291600,EMPIRE BEAUTY SCHOOL                    ,KY,40216-4212,Proprietary  ,2,34,36,55,208,263
01291700,EMPIRE BEAUTY SCHOOL                    ,KY,40160-0000,Proprietary  ,7,35,42,104,267,371
01296800,EMPIRE BEAUTY SCHOOL                    ,KY,40207-2695,Proprietary  ,7,18,25,90,157,247
02159100,"APPALACHIAN BEAUTY SCHOOL, INC.         ",KY,41503-0000,Proprietary  ,1,5,6,18,55,73
02177100,EMPIRE BEAUTY SCHOOL                    ,KY,40204-0000,Proprietary  ,6,24,30,83,222,305
02251500,TREND SETTERS ACAD OF BEAUTY CULT       ,KY,40258-0000,Proprietary  ,4,36,40,53,215,268
02275000,JENNY LEA ACADEMY OF COSMETOLOGY        ,KY,40831-0000,Proprietary  ,10,37,47,75,246,321
02279800,ELIZABETHTOWN BEAUTY SCHOOL             ,KY,42701-0000,Proprietary  ,0,0,0,4,5,9
02284306,INTERACTIVE LEARNING SYSTEMS            ,KY,41042-0000,Proprietary  ,1,17,18,9,104,113
02323700,PAT WILSON'S BEAUTY COLLEGE             ,KY,42420-0000,Proprietary  ,0,9,9,13,75,88
02337200,PJ'S COLLEGE OF COSMETOLOGY             ,KY,42101-0000,Proprietary  ,12,98,110,138,654,792
02340800,PAUL MITCHELL THE SCHOOL LEXINGTON      ,KY,40601-0000,Proprietary  ,18,34,52,56,111,167
02351700,PAUL MITCHELL THE SCHOOL - LOUISVILLE   ,KY,40203-3093,Proprietary  ,11,19,30,67,142,209
02491100,BECKFIELD COLLEGE                       ,KY,41042-0000,Proprietary  ,38,252,290,282,1638,1920
02518900,BARRETT & COMPANY SCH HAIR DESIGN       ,KY,40356-0000,Proprietary  ,2,15,17,44,140,184
02526100,JENNY LEA ACADEMY OF COSMETOLOGY        ,KY,41858-0000,Proprietary  ,1,1,2,9,41,50
02535600,CLEAR CREEK BAPTIST BIBLE COLLEGE       ,KY,40977-0000,Private      ,1,3,4,42,153,195
02551100,PJ'S COLLEGE OF COSMETOLOGY             ,KY,42121-0000,Proprietary  ,3,17,20,27,117,144
02560800,SOUTHEAST SCHOOL OF COSMETOLOGY         ,KY,40962-0000,Proprietary  ,0,4,4,14,54,68
02576200,MID-CONTINENT UNIVERSITY                ,KY,42066-9007,Private      ,14,283,297,288,2733,3021
02616204,BROWN MACKIE COLLEGE-FINDLAY - BROWN MAC,KY,40219-1916,Proprietary  ,7,49,56,152,675,827
02616205,BROWN MACKIE COLLEGE-LOUISVILLE - BROWN ,KY,42240-3579,Proprietary  ,8,69,77,36,269,305
03002100,KENTUCKY MOUNTAIN BIBLE COLLEGE         ,KY,41385-0010,Private      ,2,2,4,56,35,91
03007000,FRONTIER SCH OF MIDWIFERY&FAMILY NU     ,KY,41749-0000,Private      ,0,78,78,2,1049,1051
03026200,HEAD'S WEST KENTUCKY BEAUTY COLLEGE     ,KY,42431-0000,Proprietary  ,1,4,5,13,46,59
03029200,NU-TEK ACADEMY OF BEAUTY                ,KY,40353-9767,Proprietary  ,0,7,7,12,51,63
03034500,OWENSBORO COMMUNITY & TECHNICAL COLLEGE ,KY,42303-1899,Public       ,48,211,259,1548,3516,5064
03083700,GALEN HEALTH INSTITUTES                 ,KY,40207-1047,Proprietary  ,55,335,390,631,3959,4590
03103500,MR JIM'S BEAUTY COLLEGE                 ,KY,42301-2646,Proprietary  ,1,8,9,7,52,59
03516500,EZELL'S COSMETOLOGY SCHOOL              ,KY,42071-2530,Proprietary  ,2,4,6,20,80,100
03611300,BRIGHTON CENTER'S CENTER FOR EMPLOY     ,KY,41071-1968,Private      ,1,35,36,7,178,185
03804300,BELLEFONTE ACADEMY OF BEAUTY            ,KY,41169-2015,Proprietary  ,8,27,35,34,132,166
03885300,EMPLOYMENT SOLUTIONS                    ,KY,40517-3260,Private      ,6,46,52,26,279,305
03886300,REGENCY SCHOOL OF HAIR DESIGN           ,KY,41653-1278,Proprietary  ,0,6,6,21,66,87
04038300,ATA CAREER EDUCATION                    ,KY,40223-3832,Proprietary  ,28,206,234,216,1368,1584
04123900,LEXINGTON HEALING ARTS ACADEMY          ,KY,40503-1932,Proprietary  ,2,7,9,34,122,156
00200300,CENTENARY COLLEGE OF LOUISIANA          ,LA,71104-3396,Private      ,9,9,18,1233,262,1495
00200400,DILLARD UNIVERSITY                      ,LA,70122-3097,Private      ,42,37,79,1977,748,2725
00200500,NICHOLLS STATE UNIVERSITY               ,LA,70310-0001,Public       ,92,117,209,5266,2917,8183
00200600,GRAMBLING STATE UNIVERSITY              ,LA,71245-2215,Public       ,119,110,229,6709,3386,10095
00200700,LOUISIANA COLLEGE                       ,LA,71359-0000,Private      ,17,50,67,1110,774,1884
00200800,LOUISIANA TECH UNIVERSITY               ,LA,71272-0001,Public       ,102,161,263,6296,3155,9451
00201000,LOUISIANA STATE UNIV & A&M COLG         ,LA,70803-5710,Public       ,262,196,458,20773,7635,28408
00201100,LOUISIANA STATE UNIV-ALEXANDRIA         ,LA,71302-9121,Public       ,37,89,126,1467,2209,3676
00201200,LOUISIANA STATE UNIV-EUNICE             ,LA,70535-6726,Public       ,43,77,120,1960,1916,3876
00201300,LOUISIANA STATE UNIV-SHREVEPORT         ,LA,71115-2399,Public       ,41,113,154,2503,3214,5717
00201400,LA STATE UNIV HEALTH SCIENCES CTR       ,LA,70112-2223,Public       ,8,41,49,438,2101,2539
00201409,LOUISIANA STATE UNIVERSITY HEALTH SCIENC,LA,70119-2799,Public       ,3,3,6,3,3,6
00201500,(THE) UNIVERSITY OF NEW ORLEANS         ,LA,70148-0001,Public       ,94,303,397,6467,7246,13713
00201600,LOYOLA UNIVERSITY NEW ORLEANS           ,LA,70118-6195,Private      ,47,80,127,3214,2741,5955
00201700,MCNEESE STATE UNIVERSITY                ,LA,70609-4510,Public       ,112,173,285,5087,3928,9015
00201900,NEW ORLEANS BAPTIST THEOL SEMINARY      ,LA,70126-0000,Private      ,0,3,3,28,147,175
00202000,UNIVERSITY OF LOUISIANA AT MONROE       ,LA,71209-9001,Public       ,91,164,255,5992,4748,10740
00202100,NORTHWESTERN STATE UNIVERSITY           ,LA,71497-0001,Public       ,111,265,376,6013,5654,11667
00202200,NOTRE DAME SEMINARY                     ,LA,70118-0000,Private      ,0,0,0,3,13,16
00202300,OUR LADY OF HOLY CROSS COLLEGE          ,LA,70131-7399,Private      ,13,46,59,646,1244,1890
00202400,SOUTHEASTERN LOUISIANA UNIV             ,LA,70402-0001,Public       ,256,247,503,10884,6087,16971
00202500,SOUTHERN UNIVERSITY A & M COLLEGE       ,LA,70813-9374,Public       ,154,207,361,7792,7028,14820
00202600,SOUTHERN UNIV NEW ORLEANS               ,LA,70126-0002,Public       ,81,181,262,1716,3950,5666
00202700,ST JOSEPH SEMINARY COLLEGE              ,LA,70457-9990,Private      ,2,2,4,34,23,57
00202900,TULANE UNIVERSITY                       ,LA,70118-5698,Private      ,151,172,323,11235,6824,18059
00203100,UNIV OF LOUISIANA AT LAFAYETTE          ,LA,70504-0001,Public       ,164,173,337,11696,5288,16984
00203200,XAVIER UNIVERSITY OF LOUISIANA          ,LA,70125-1098,Private      ,75,41,116,4462,1748,6210
00462100,AYERS CAREER COLLEGE                    ,LA,71108-5845,Proprietary  ,11,83,94,79,534,613
00462500,DELGADO COMMUNITY COLLEGE               ,LA,70119-0000,Public       ,331,835,1166,7612,14875,22487
00520300,REMINGTON COLLEGE - LAFAYETTE CAMPUS    ,LA,70508-5760,Proprietary  ,78,280,358,731,2187,2918
00520306,REMINGTON COLLEGE - BATON ROUGE CAMPUS  ,LA,70816-4040,Proprietary  ,11,97,108,189,732,921
00546700,SOWELA TECHNICAL COMMUNITY COLLEGE      ,LA,70616-6950,Public       ,37,101,138,911,1495,2406
00548800,LOUISIANA TECH COLG-BATON ROUGE         ,LA,70807-0000,Public       ,49,105,154,486,1254,1740
00548802,LOUISIANA TECH COLG-ACADIAN CMPS        ,LA,70526-0000,Public       ,10,18,28,115,227,342
00548803,LOUISIANA TECH COLG-ALEXANDRIA CMPS     ,LA,71302-3137,Public       ,16,61,77,211,651,862
00548804,LOUISIANA TECH COLG-ASCENSION CMPS      ,LA,70778-3007,Public       ,11,30,41,91,216,307
00548805,LA TECH COLLEGE-AVOYELLES CAMPUS        ,LA,71327-0000,Public       ,9,10,19,92,158,250
00548806,LA TECHNICAL COLG-BASTROP CMPS          ,LA,71221-0000,Public       ,6,14,20,77,233,310
00548808,LA TECH COLG CHARLES B COREILCMPS       ,LA,70586-0000,Public       ,5,12,17,115,213,328
00548809,LA TECHNICAL COLG-DELTA-OUACHITA        ,LA,71292-9064,Public       ,8,55,63,199,660,859
00548810,EVANGELINE TECHNICAL INST               ,LA,70582-3104,Public       ,5,26,31,95,258,353
00548811,LA TECHN COLLEGE - FLORIDA PARISHES     ,LA,70441-0000,Public       ,3,11,14,80,221,301
00548812,LOUISIANA TECH COLG-FOLKES CAMPUS       ,LA,70748-0000,Public       ,6,27,33,34,95,129
00548813,LA TECHNICAL INST-GULF AREA CMPS        ,LA,70510-0878,Public       ,18,18,36,180,315,495
00548814,LOUISIANA TECH COLG-HAMMOND CMPS        ,LA,70404-0000,Public       ,9,53,62,200,532,732
00548815,LA TECH COLG-HUEY P. LONG CAMPUS        ,LA,71483-0000,Public       ,14,31,45,87,222,309
00548816,LA TECH COLLEGE-JEFFERSON CAMPUS        ,LA,70001-5605,Public       ,10,47,57,93,431,524
00548817,LOUISIANA TEC CLG-JUMONVILLE MEM CP     ,LA,70760-0000,Public       ,4,18,22,55,154,209
00548818,LA TECH COLLEGE-LAFAYETTE CAMPUS        ,LA,70506-0000,Public       ,25,91,116,579,1118,1697
00548819,LOUISIANA TECHNICAL COLLEGE-LAFOURC     ,LA,70301-4336,Public       ,4,18,22,126,262,388
00548820,LOUISIANA TEC CLG-LAMAR SALTER CMPS     ,LA,71446-0000,Public       ,9,34,43,90,278,368
00548822,LOUISIANA TECHNICAL CLG-MANSFIELD       ,LA,71052-1236,Public       ,2,5,7,64,200,264
00548823,LA. TECH COLG.-MORGAN SMITH CAMPUS      ,LA,70546-0000,Public       ,6,21,27,41,131,172
00548824,LOUISIANA TEC CLG-NATCHITOCHES CMPS     ,LA,71458-0000,Public       ,16,21,37,120,284,404
00548825,LOUISIANA TECH COLG-NORTH CTRL CMPS     ,LA,71241-0000,Public       ,3,10,13,50,165,215
00548826,LOUISIANA TECH CLG-NORTHEAST LA CMP     ,LA,71295-2999,Public       ,9,24,33,95,232,327
00548827,LOUISIANA TEC CLG-NW LOUISIANA CMPS     ,LA,71058-0000,Public       ,20,63,83,262,600,862
00548828,LA TECHNICAL COLG-OAKDALE CMPS          ,LA,71463-0000,Public       ,5,20,25,65,164,229
00548829,LTC-RIVER PARISHES CAMPUS               ,LA,70084-0000,Public       ,11,20,31,218,366,584
00548830,LOUISIANA TECHNICAL COLLEGE-RUSTON      ,LA,71273-0000,Public       ,8,15,23,272,346,618
00548831,LTC - SABINE VALLEY CAMPUS              ,LA,71449-3839,Public       ,2,14,16,45,150,195
00548832,LOUISIANA TECH COLG-SHELBY JACKSON      ,LA,71334-0000,Public       ,2,30,32,65,291,356
00548833,LA TECH COLG SHREVEPORT-BOSSIER         ,LA,71137-0000,Public       ,21,96,117,314,1383,1697
00548837,LOUISIANA TECH COLG-SULLIVAN CAMPUS     ,LA,70427-5866,Public       ,16,57,73,226,585,811
00548838,LOUISIANA TECHNICAL COLG - TALLULAH     ,LA,71284-0000,Public       ,18,50,68,123,283,406
00548839,LA TECH COLG-TECHE AREA CAMPUS          ,LA,70562-0000,Public       ,14,25,39,227,409,636
00548840,LOUISIANA TECH COLG-T.H.HARRIS CMPS     ,LA,70570-6113,Public       ,12,31,43,386,613,999
00548841,LOUISIANA TECH COLG W JEFFERSON CMP     ,LA,70058-0000,Public       ,9,32,41,87,256,343
00548842,LOUISIANA TECHNICAL COLLEGE - WESTSIDE C,LA,70765-0733,Public       ,2,7,9,25,113,138
00548843,LTC-YOUNG MEMORIAL CAMPUS               ,LA,70381-0000,Public       ,11,39,50,154,448,602
00576100,L. E. FLETCHER TECHNICAL COMMUNITY COLLE,LA,70360-2863,Public       ,23,57,80,665,1020,1685
00768600,SOUTHERN UNIV AT SHREVEPORT/BOSSIER     ,LA,71107-4795,Public       ,86,215,301,1473,3262,4735
00806700,LSU HEALTH SCIENCES CENTR-SHREVEPOR     ,LA,71130-3932,Public       ,7,35,42,262,967,1229
00989800,DEMMON SCHOOL OF BEAUTY                 ,LA,70607-2128,Proprietary  ,1,11,12,14,82,96
01005701,AMERICAN COMMERCIAL COLLEGE             ,LA,71105-2502,Proprietary  ,4,38,42,52,252,304
01109700,CLOYD'S BEAUTY SCHOOL #1                ,LA,71291-3131,Proprietary  ,5,21,26,49,177,226
01163100,"D-JAY'S SCHL OF BEAUTY, ARTS & SCI      ",LA,70806-0000,Proprietary  ,3,21,24,35,110,145
01184100,JOHN JAY BEAUTY COLLEGE                 ,LA,70124-2592,Proprietary  ,2,7,9,48,79,127
01261100,RONNIE & DORMANS SCHOOL HAIR DESIGN     ,LA,70501-0000,Proprietary  ,0,1,1,7,24,31
01282300,PAT GOINS RUSTON BEAUTY SCHOOL          ,LA,71270-4301,Proprietary  ,1,5,6,17,47,64
01287900,PAT GOINS BENTON ROAD BEAUTY SCHOOL     ,LA,71111-4838,Proprietary  ,0,20,20,14,74,88
01288000,PAT GOINS BEAUTY SCHOOL                 ,LA,71201-5167,Proprietary  ,1,4,5,10,29,39
02055400,BOSSIER PARISH COMMUNITY COLLEGE        ,LA,71111-0000,Public       ,101,273,374,2361,3950,6311
02055500,DELTA SCH OF BUSINESS & TECHNOLOGY      ,LA,70601-0000,Proprietary  ,14,68,82,90,519,609
02089711,HERZING COLLEGE                         ,LA,70062-8727,Proprietary  ,2,18,20,67,339,406
02117800,AVEDA INSTITUTE LAFAYETTE               ,LA,70503-3246,Proprietary  ,9,20,29,113,192,305
02166100,NUNEZ COMMUNITY COLLEGE                 ,LA,70043-0000,Public       ,37,149,186,517,1407,1924
02166200,ITI TECHNICAL COLLEGE                   ,LA,70817-0000,Proprietary  ,42,91,133,351,640,991
02197500,BATON ROUGE SCHOOL OF COMPUTERS         ,LA,70816-0000,Proprietary  ,1,8,9,27,72,99
02234000,CAMERON COLLEGE                         ,LA,70119-0000,Proprietary  ,14,28,42,55,214,269
02258400,AVEDA INSTITUTE BATON ROUGE             ,LA,70816-2246,Proprietary  ,21,42,63,157,242,399
02260200,DIESEL DRIVING ACADEMY                  ,LA,71109-5617,Proprietary  ,13,132,145,54,472,526
02263600,BASTROP BEAUTY SCHOOL #1                ,LA,71220-0000,Proprietary  ,0,0,0,4,6,10
02265600,JOHN JAY KENNER ACADEMY                 ,LA,70062-0000,Proprietary  ,3,14,17,52,122,174
02269300,STEVENSON'S ACADEMY OF HAIR DESIGN      ,LA,70116-0000,Proprietary  ,11,20,31,72,156,228
02327800,PINEVILLE BEAUTY SCHOOL                 ,LA,71360-0000,Proprietary  ,2,10,12,24,76,100
02335701,BATON ROUGE GEN MED CTR SCH NSG         ,LA,70821-0000,Private      ,1,3,4,52,180,232
02335702,BATON ROUGE GEN MED CTR-RAD TECH        ,LA,70806-0000,Private      ,0,2,2,25,50,75
02338000,"CLOYD'S BEAUTY SCHOOL #2, INC           ",LA,71202-3539,Proprietary  ,5,18,23,41,162,203
02352500,"CLOYD'S BEAUTY SCHOOL #3, INC           ",LA,71201-3211,Proprietary  ,5,18,23,48,175,223
02358600,"STAGE ONE THE HAIR SCHOOL, INC.         ",LA,70605-0000,Proprietary  ,6,11,17,61,117,178
02518300,SOUTH LOUISIANA BEAUTY COLLEGE          ,LA,70363-0000,Proprietary  ,8,7,15,34,64,98
02536400,LOUISIANA ACADEMY OF BEAUTY             ,LA,70535-0000,Proprietary  ,3,3,6,29,48,77
02538300,DELTA COLLEGE OF ARTS & TECH INC        ,LA,70806-1529,Proprietary  ,14,80,94,151,592,743
02538301,DELTA COLLEGE OF ARTS & TECHNOLOGY - LAF,LA,70508-6831,Proprietary  ,7,38,45,40,214,254
02548500,COSMETOLOGY TRAINING CENTER             ,LA,70503-0000,Proprietary  ,6,12,18,61,74,135
02554800,VANGUARD COLLEGE OF COSMETOLOGY         ,LA,70458-8823,Proprietary  ,18,27,45,133,174,307
02582200,"GUY'S ACADEMY HAIR, SKIN & NAILS        ",LA,71105-2404,Proprietary  ,5,18,23,56,191,247
02600900,AVEDA INSTITUTE                         ,LA,70433-2922,Proprietary  ,72,186,258,695,1257,1952
02601000,AMERICAN SCHOOL OF BUSINESS             ,LA,71105-5646,Proprietary  ,3,20,23,22,100,122
02601100,OPELOUSAS SCHOOL OF COSMETOLOGY         ,LA,70570-6156,Proprietary  ,3,5,8,13,31,44
02606800,CAREER TRAINING SPECIALISTS             ,LA,71201-6046,Proprietary  ,46,168,214,392,1103,1495
02606801,CAREER TECHNICAL COLLEGE - SHREVEPORT   ,LA,71105-2405,Proprietary  ,23,85,108,155,623,778
02617100,BATON ROUGE COLLEGE                     ,LA,70816-2246,Proprietary  ,3,13,16,55,143,198
02619200,DENHAM SPRINGS BEAUTY COLLEGE           ,LA,70726-3829,Proprietary  ,4,12,16,44,86,130
03010400,CRESCENT CITY SCH GAMING & BARTENDG     ,LA,70119-5507,Proprietary  ,23,174,197,78,788,866
03023500,CAMELOT CAREER COLLEGE                  ,LA,70805-7539,Proprietary  ,19,52,71,131,284,415
03030900,DIESEL DRIVING ACADEMY                  ,LA,70815-8109,Proprietary  ,6,113,119,43,570,613
03061400,ASCENSION COLLEGE                       ,LA,70737-2912,Proprietary  ,10,39,49,97,275,372
03095100,GRETNA CAREER COLLEGE                   ,LA,70053-2436,Proprietary  ,11,73,84,72,334,406
03106200,OUR LADY OF THE LAKE COLLEGE            ,LA,70808-4345,Private      ,24,61,85,832,2081,2913
03253300,JONESVILLE BEAUTY SCHOOL                ,LA,71343-0000,Proprietary  ,16,20,36,110,156,266
03294300,BLUE CLIFF SCH THERAPEUTIC MASSAGE      ,LA,70002-3458,Proprietary  ,41,166,207,319,1018,1337
03332600,DELTA COLLEGE                           ,LA,70433-9042,Proprietary  ,10,40,50,90,350,440
03332601,DELTA COLLEGE - SLIDELL                 ,LA,70460-2624,Proprietary  ,7,36,43,48,286,334
03356300,MEDICAL TRAINING COLLEGE                ,LA,70816-5820,Proprietary  ,20,65,85,121,395,516
03422500,BLUE CLIFF COLLEGE                      ,LA,71107-6520,Proprietary  ,23,144,167,182,701,883
03422600,BLUE CLIFF COLLEGE                      ,LA,70508-3858,Proprietary  ,29,133,162,235,759,994
03480300,MEDVANCE INSTITUTE                      ,LA,70809-1908,Proprietary  ,36,107,143,406,1436,1842
03498400,OMEGA INSTITUTE OF COSMETOLOGY          ,LA,70360-0000,Proprietary  ,5,15,20,36,52,88
03727500,MOORE CAREER COLLEGE                    ,LA,70808-4191,Proprietary  ,4,5,9,33,59,92
03730300,BATON ROUGE COMMUNITY COLLEGE           ,LA,78806-4129,Public       ,186,356,542,4577,5760,10337
03752400,SCHOOL OF URBAN MISSIONS                ,LA,70053-0000,Private      ,2,14,16,87,107,194
03789300,UNITECH TRAINING ACADEMY                ,LA,70503-5132,Proprietary  ,27,152,179,177,965,1142
03789301,UNITECH TRAINING ACADEMY - WEST MONROE  ,LA,71291-2913,Proprietary  ,8,70,78,9,77,86
03789302,UNITECH TRAINING ACADEMY - HOUMA        ,LA,70363-5556,Proprietary  ,16,43,59,22,58,80
03789303,UNITECH TRAINING ACADEMY -  ALEXANDRIA  ,LA,71303-3625,Proprietary  ,1,6,7,3,13,16
03789304,UNITECH TRAINING ACADEMY - LAKE CHARLES ,LA,70601-7887,Proprietary  ,13,57,70,26,90,116
03789400,RIVER PARISHES COMMUNITY COLLEGE        ,LA,70778-0310,Public       ,21,46,67,453,664,1117
03810500,COURT REPORTING INSTITUTE OF LOUISI     ,LA,70816-0000,Proprietary  ,0,4,4,10,77,87
03956300,SOUTH LOUISIANA COMMUNITY COLLEGE       ,LA,70506-0000,Public       ,65,101,166,1497,1739,3236
04040300,COMPASS CAREER COLLEGE                  ,LA,70403-0653,Proprietary  ,9,31,40,63,263,326
04112300,LOUISIANA CULINARY INSTITUTE            ,LA,70816-4109,Proprietary  ,13,14,27,108,167,275
04120700,ALDEN'S SCHOOL OF COSMETOLOGY           ,LA,70714-1502,Proprietary  ,4,21,25,19,106,125
04130100,LOUISIANA DELTA COMMUNITY COLLEGE       ,LA,71203-3618,Public       ,35,70,105,948,1297,2245
04149500,A & W HEALTHCARE EDUCATORS              ,LA,70122-3146,Proprietary  ,1,14,15,1,19,20
04151600,MY-LE'S BEAUTY COLLEGE                  ,LA,70056-3150,Proprietary  ,7,38,45,13,78,91
00143600,CAPITOL COLLEGE                         ,MD,20708-9759,Private      ,3,19,22,368,340,708
00146200,WASHINGTON BIBLE COLLEGE                ,MD,20706-3599,Private      ,3,23,26,87,440,527
00205700,ALLEGANY COLLEGE OF MARYLAND            ,MD,21502-2596,Public       ,55,94,149,2262,1951,4213
00205800,ANNE ARUNDEL COMMUNITY COLLEGE          ,MD,21012-1895,Public       ,251,568,819,4154,6600,10754
00206000,BALTIMORE HEBREW UNIVERSITY             ,MD,21215-3996,Private      ,0,0,0,5,38,43
00206100,BALTIMORE CITY COMMUNITY COLLEGE        ,MD,21215-7893,Public       ,163,694,857,3353,9171,12524
00206200,BOWIE STATE UNIVERSITY                  ,MD,20715-9465,Public       ,148,187,335,7303,4876,12179
00206300,COMMUNITY COLLEGE OF BALTIMORE COUNTY   ,MD,21228-5381,Public       ,438,1175,1613,7591,13762,21353
00206400,COLLEGE OF SOUTHERN MARYLAND            ,MD,20646-0910,Public       ,119,269,388,2523,3476,5999
00206401,COLLEGE OF SOUTHERN MARYLAND - PRINCE FR,MD,20676-9702,Public       ,0,0,0,149,201,350
00206402,COLLEGE OF SOUTHERN MARYLAND - LEONARDTO,MD,20650-1758,Public       ,0,0,0,170,309,479
00206477,COLLEGE OF SOUTHERN MARYLAND - WALDORF C,MD,20602-3223,Public       ,0,0,0,69,134,203
00206500,CLG NOTRE DAME OF MARYLAND              ,MD,21210-2476,Private      ,7,60,67,740,1500,2240
00206700,COLUMBIA UNION COLLEGE                  ,MD,20912-7796,Private      ,14,46,60,819,891,1710
00206800,COPPIN STATE UNIVERSITY                 ,MD,21216-3698,Public       ,90,162,252,4204,4480,8684
00207100,FREDERICK COMMUNITY COLLEGE             ,MD,21702-9745,Public       ,69,170,239,1719,2457,4176
00207200,FROSTBURG STATE UNIVERSITY              ,MD,21532-1099,Public       ,89,49,138,6327,1340,7667
00207300,GOUCHER COLLEGE                         ,MD,21204-2794,Private      ,30,30,60,3027,621,3648
00207400,HAGERSTOWN COMMUNITY COLLEGE            ,MD,21742-6590,Public       ,57,197,254,1630,2643,4273
00207500,HARFORD COMMUNITY COLLEGE               ,MD,21015-1696,Public       ,89,208,297,1946,2620,4566
00207600,HOOD COLLEGE                            ,MD,21701-8575,Private      ,24,24,48,2101,904,3005
00207700,JOHNS HOPKINS UNIVERSITY                ,MD,21218-2693,Private      ,81,80,161,7831,2254,10085
00207702,JOHNS HOPKINS UNIV SCH ARTS/SCI/ENG     ,MD,21218-0000,Private      ,25,68,93,3865,1987,5852
00207703,JOHNS HOPKINS UNIV SCH OF BUS/ED        ,MD,21046-0000,Private      ,1,68,69,46,1502,1548
00207705,JOHNS HOPKINS BLOOMBERG SCH OF PH       ,MD,21205-0000,Private      ,1,21,22,26,1319,1345
00207706,JOHNS HOPKINS UNIV SCH OF MEDICINE      ,MD,21205-0000,Private      ,2,14,16,123,1125,1248
00207707,JOHNS HOPKINS UNIV SCH OF NURSING       ,MD,21205-0000,Private      ,6,28,34,234,882,1116
00207708,JOHNS HOPKINS UNIV PEABODY CONSERV      ,MD,21202-2397,Private      ,8,4,12,606,432,1038
00207800,LOYOLA UNIVERSITY MARYLAND              ,MD,21210-2699,Private      ,58,62,120,6952,2063,9015
00208000,MARYLAND INST COLLEGE OF ART            ,MD,21217-4191,Private      ,31,22,53,2600,827,3427
00208300,MORGAN STATE UNIVERSITY                 ,MD,21251-0002,Public       ,249,190,439,11739,5245,16984
00208600,MOUNT SAINT MARY'S UNIVERSITY           ,MD,21727-7799,Private      ,20,22,42,2666,378,3044
00208700,NER ISRAEL RABBINICAL COLLEGE           ,MD,21208-1198,Private      ,6,3,9,93,49,142
00208900,PRINCE GEORGES COMMUNITY COLLEGE        ,MD,20774-2199,Public       ,262,683,945,5579,9295,14874
00209100,SALISBURY UNIVERSITY                    ,MD,21801-6862,Public       ,136,68,204,9834,1919,11753
00209200,ST JOHN'S COLLEGE                       ,MD,21404-0000,Private      ,4,20,24,629,202,831
00209500,ST. MARY'S COLLEGE OF MARYLAND          ,MD,20686-3001,Public       ,26,4,30,2621,194,2815
00209600,ST MARY'S SEMINARY & UNIV               ,MD,21210-1994,Private      ,2,2,4,25,30,55
00209900,TOWSON UNIVERSITY                       ,MD,21252-0002,Public       ,303,236,539,20813,7029,27842
00210200,UNIVERSITY OF BALTIMORE                 ,MD,21201-5779,Public       ,38,205,243,1477,6464,7941
00210300,"UNIVERSITY OF MARYLAND, COLLEGE PARK    ",MD,20742-5145,Public       ,373,465,838,30721,13350,44071
00210400,"UNIVERSITY OF MARYLAND, BALTIMORE       ",MD,21201-1691,Public       ,42,185,227,2260,9084,11344
00210500,UMBC                                    ,MD,21250-0002,Public       ,155,194,349,8721,4138,12859
00210600,UNIVERSITY MARYLAND EASTERN SHORE       ,MD,21853-4053,Public       ,118,49,167,5507,1702,7209
00210700,STEVENSON UNIVERSITY                    ,MD,21153-0641,Private      ,50,55,105,4063,1203,5266
00210800,WASHINGTON COLLEGE                      ,MD,21620-1197,Private      ,19,5,24,2736,122,2858
00210900,MCDANIEL COLLEGE                        ,MD,21157-4390,Private      ,20,22,42,2843,672,3515
00458612,KAPLAN COLLEGE                          ,MD,21742-2797,Proprietary  ,44,223,267,448,1491,1939
00458613,KAPLAN COLLEGE -  CAREER TECHNOLOGY CENT,MD,21742-2797,Proprietary  ,0,0,0,18,48,66
00458614,KAPLAN COLLEGE - FREDERICK              ,MD,21704-8307,Proprietary  ,9,29,38,102,388,490
00465000,CHESAPEAKE COLLEGE                      ,MD,21679-0008,Public       ,43,133,176,1121,1702,2823
00691100,MONTGOMERY COLLEGE                      ,MD,20850-1195,Public       ,379,645,1024,9323,9621,18944
00734100,INTERNATIONAL BEAUTY SCHOOL             ,MD,21502-2370,Proprietary  ,11,133,144,95,710,805
00744700,DEL-MAR-VA BEAUTY ACADEMY               ,MD,21804-0000,Proprietary  ,1,11,12,52,88,140
00749100,TESST COLLEGE OF TECHNOLOGY             ,MD,21227-1063,Proprietary  ,45,251,296,492,1993,2485
00793600,LINCOLN TECHNICAL INSTITUTE             ,MD,21046-1544,Proprietary  ,130,201,331,1049,1388,2437
00817500,HOWARD COMMUNITY COLLEGE                ,MD,21044-3197,Public       ,124,271,395,2670,3459,6129
00826300,AWARD BEAUTY SCHOOL                     ,MD,21740-5624,Proprietary  ,23,73,96,96,331,427
00830800,CECIL COLLEGE                           ,MD,21901-1999,Public       ,24,96,120,948,1141,2089
00907906,EVEREST COLLEGE- EVEREST INSTITUTE      ,MD,20910-3737,Proprietary  ,48,185,233,349,894,1243
01001400,GARRETT COMMUNITY COLLEGE               ,MD,21541-1265,Public       ,32,36,68,786,424,1210
01031900,MEDIX SCHOOL                            ,MD,21204-2538,Proprietary  ,76,356,432,693,2471,3164
01041000,TESST COLLEGE OF TECHNOLOGY             ,MD,21286-2201,Proprietary  ,29,139,168,205,828,1033
01164400,UNIV OF MARYLAND UNIVERSITY COLLEGE     ,MD,20783-8078,Public       ,139,2202,2341,2274,26561,28835
01164402,U OF MD UNIVERSITY COLLEGE - EUROPE     ,MD,20832-0000,Public       ,8,98,106,273,1382,1655
01164404,U OF MD UNIVERSITY COLLEGE - ASIA       ,MD,31207-0000,Public       ,5,61,66,84,730,814
02073900,WOR-WIC COMMUNITY COLLEGE               ,MD,21804-0000,Public       ,56,207,263,1489,3037,4526
02083600,TESST COLLEGE OF TECHNOLOGY             ,MD,20705-2698,Proprietary  ,57,122,179,464,1000,1464
02116005,SANFORD-BROWN INSTITUTE - LANDOVER      ,MD,20785-2287,Proprietary  ,28,220,248,193,1302,1495
02127900,SOJOURNER DOUGLASS COLLEGE              ,MD,21205-0000,Private      ,17,189,206,182,2642,2824
02155100,MARYLAND COLLEGE OF ART AND DESIGN      ,MD,20902-0000,Private      ,2,2,4,65,65,130
02269700,INTERNATIONAL BEAUTY SCHOOL             ,MD,21014-0000,Proprietary  ,7,8,15,36,56,92
02314800,BALTIMORE INTERNATIONAL COLLEGE         ,MD,21202-0000,Private      ,16,30,46,608,619,1227
02331000,MARYLAND BEAUTY ACADEMY OF ESSEX        ,MD,21221-0000,Proprietary  ,10,26,36,64,152,216
02333000,HAIR ACADEMY                            ,MD,20784-0000,Proprietary  ,28,70,98,183,477,660
02343800,MONTGOMERY BEAUTY SCHOOL                ,MD,20901-0000,Proprietary  ,10,38,48,67,215,282
02494700,BALTIMORE STUDIO OF HAIR DESIGN         ,MD,21201-0000,Proprietary  ,7,48,55,68,272,340
02495000,ROBERT PAUL ACAD COSMTGY ARTS & SCI     ,MD,21093-0000,Proprietary  ,7,11,18,68,71,139
02495100,MARYLAND BEAUTY ACADEMY                 ,MD,21136-0000,Proprietary  ,1,8,9,11,54,65
02545400,NORTH AMERICAN TRADE SCHOOLS            ,MD,21244-0069,Proprietary  ,34,170,204,217,997,1214
02573800,"L' ACADEMIE DE CUISINE, INC.            ",MD,20877-0000,Proprietary  ,5,22,27,44,161,205
02578400,TAI SOPHIA INSTITUTE                    ,MD,20723-6010,Private      ,0,23,23,0,333,333
03027200,BLADES SCHOOL OF HAIR DESIGN            ,MD,20619-0226,Proprietary  ,7,17,24,44,96,140
03064900,AARON'S ACADEMY OF BEAUTY               ,MD,20602-2715,Proprietary  ,4,6,10,33,86,119
03097200,AESTHETICS INSTITUTE OF COSMETOLOGY     ,MD,20877-1305,Proprietary  ,2,6,8,27,64,91
03100700,CARROLL COMMUNITY COLLEGE               ,MD,21157-6913,Public       ,41,81,122,1065,1014,2079
03148300,AMERICAN BEAUTY ACADEMY                 ,MD,20902-1911,Proprietary  ,47,126,173,277,703,980
03296300,BALTIMORE SCHOOL OF MASSAGE             ,MD,21090-2261,Proprietary  ,42,123,165,251,705,956
03327300,NEW CREATIONS ACADEMY OF HAIR DSN       ,MD,20746-2960,Proprietary  ,0,7,7,13,44,57
03455500,NATIONAL LABOR COLLEGE                  ,MD,20903-1790,Private      ,0,21,21,0,79,79
03493300,ALL-STATE CAREER SCHOOL                 ,MD,21224-6658,Proprietary  ,107,549,656,554,2421,2975
03771300,AMERICAN CAREER INSTITUTE               ,MD,20902-4637,Proprietary  ,66,426,492,141,874,1015
03822400,MAPLE SPRINGS BAPTIST BIBLE COLLEGE & SE,MD,20743-5711,Private      ,0,1,1,2,59,61
03937300,YESHIVA COLLEGE OF THE NATION'S CAPITAL ,MD,20902-1700,Private      ,1,0,1,8,2,10
03965500,HAIR EXPRESSIONS ACADEMY                ,MD,20852-1729,Proprietary  ,9,20,29,51,101,152
04121600,FILA ACADEMY (THE)                      ,MD,21061-1634,Proprietary  ,10,30,40,49,158,207
04139700,FREDERICK SCHOOL OF COSMETOLOGY         ,MD,21701-0000,Proprietary  ,2,1,3,15,30,45
04141600,OMEGA STUDIOS' SCHOOL OF APPLIED RECORDI,MD,20852-1731,Proprietary  ,8,16,24,44,95,139
04151800,TEMPLE (THE): A PAUL MITCHELL PARTNER SC,MD,21701-5409,Proprietary  ,10,10,20,56,71,127
00211400,AMERICAN INTERNATIONAL COLLEGE          ,MA,01109-3189,Private      ,27,120,147,2065,2605,4670
00211500,AMHERST COLLEGE                         ,MA,01002-5000,Private      ,30,1,31,4637,177,4814
00211600,ANDOVER NEWTON THEOLOGICAL SCHOOL       ,MA,02459-0000,Private      ,0,2,2,1,203,204
00211700,ANNA MARIA COLLEGE                      ,MA,01612-1198,Private      ,21,29,50,1760,498,2258
00211800,ASSUMPTION COLLEGE                      ,MA,01615-1294,Private      ,23,12,35,4219,617,4836
00211900,ATLANTIC UNION COLLEGE                  ,MA,01561-1000,Private      ,9,14,23,313,336,649
00212000,MERRIMACK COLLEGE                       ,MA,01845-5800,Private      ,28,7,35,3965,261,4226
00212100,BABSON COLLEGE                          ,MA,02457-0310,Private      ,9,70,79,2388,990,3378
00212200,BAY PATH COLLEGE                        ,MA,01106-2212,Private      ,8,117,125,837,1929,2766
00212300,BECKER COLLEGE-WORCESTER                ,MA,01615-0071,Private      ,25,41,66,2179,1103,3282
00212400,BENTLEY UNIVERSITY                      ,MA,02452-4705,Private      ,35,26,61,5815,935,6750
00212600,BERKLEE COLLEGE OF MUSIC                ,MA,02215-3693,Private      ,88,55,143,4052,1145,5197
00212800,BOSTON COLLEGE                          ,MA,02467-3800,Private      ,122,79,201,19269,7416,26685
00212900,BOSTON CONSERVATORY OF MUSIC            ,MA,02215-9830,Private      ,9,4,13,1056,296,1352
00213000,BOSTON UNIVERSITY                       ,MA,02215-1789,Private      ,243,384,627,30361,18384,48745
00213300,BRANDEIS UNIVERSITY                     ,MA,02453-2700,Private      ,28,25,53,4779,1324,6103
00213900,CLARK UNIVERSITY                        ,MA,01610-1473,Private      ,25,25,50,3794,688,4482
00214000,ELMS COLLEGE                            ,MA,01013-2839,Private      ,10,13,23,1037,586,1623
00214100,COLLEGE OF THE HOLY CROSS               ,MA,01610-2395,Private      ,32,4,36,5576,103,5679
00214300,CURRY COLLEGE                           ,MA,02186-2395,Private      ,40,66,106,4109,1146,5255
00214400,DEAN COLLEGE                            ,MA,02038-1994,Private      ,29,8,37,1506,207,1713
00214500,EASTERN NAZARENE COLLEGE                ,MA,02170-2999,Private      ,9,40,49,781,542,1323
00214507,EASTERN NAZARENE CLG - LEAD PROGRAM     ,MA,02170-0000,Private      ,0,6,6,12,86,98
00214600,EMERSON COLLEGE                         ,MA,02116-4624,Private      ,43,25,68,6749,1528,8277
00214700,EMMANUEL COLLEGE                        ,MA,02115-5798,Private      ,34,23,57,4487,499,4986
00214800,ENDICOTT COLLEGE                        ,MA,01915-2098,Private      ,26,34,60,4014,423,4437
00214900,EPISCOPAL DIVINITY SCHOOL               ,MA,02138-0000,Private      ,0,6,6,1,87,88
00215000,FISHER COLLEGE                          ,MA,02116-1500,Private      ,21,103,124,1334,1040,2374
00215100,BENJAMIN FRANKLIN INSTITUTE OF TECH     ,MA,02116-6296,Public       ,15,14,29,728,331,1059
00215300,GORDON COLLEGE                          ,MA,01984-1899,Private      ,17,5,22,1983,98,2081
00215400,HELLENIC COLLEGE                        ,MA,02445-7496,Private      ,1,5,6,57,107,164
00215500,HARVARD UNIVERSITY                      ,MA,02138-3800,Private      ,82,53,135,7037,1222,8259
00215501,AMRCN REPERTORY THTR INST ADV THTR      ,MA,02138-0000,Private      ,0,2,2,6,105,111
00215502,HARVARD BUSINESS SCHOOL                 ,MA,02163-0000,Private      ,4,30,34,233,1776,2009
00215503,HARVARD EXTENSION SCHOOL                ,MA,02138-0000,Private      ,18,97,115,166,1374,1540
00215504,HARVARD SCH OF DENTAL MEDICINE          ,MA,02115-0000,Private      ,0,1,1,10,173,183
00215505,HARVARD UNIV GRAD SCH DESIGN            ,MA,02138-0000,Private      ,2,9,11,8,1046,1054
00215506,HARVARD DIVINITY SCHOOL                 ,MA,02138-0000,Private      ,1,4,5,33,726,759
00215507,HARVARD UNIV GRAD SCH ED                ,MA,02138-0000,Private      ,0,18,18,6,1430,1436
00215508,HARVARD UNIV GRAD S OF ARTS & SCIEN     ,MA,02138-0000,Private      ,0,22,22,100,984,1084
00215509,HARVARD JOHN F KENNEDY SCHL OF GOVT     ,MA,02138-0000,Private      ,1,12,13,24,1457,1481
00215510,HARVARD LAW SCHOOL                      ,MA,02138-0000,Private      ,4,18,22,85,4403,4488
00215511,HARVARD UNIV MEDICAL SCHOOL             ,MA,02115-0000,Private      ,2,1,3,128,1040,1168
00215512,HARVARD UNIV SCH PUBLIC HEALTH          ,MA,02115-0000,Private      ,1,3,4,41,814,855
00215513,HARVARD UNIVERSITY-HARVARD COLLEGE      ,MA,02138-0000,Private      ,90,11,101,14240,375,14615
00215700,HEBREW COLLEGE                          ,MA,02459-2237,Private      ,0,1,1,2,81,83
00215800,LASELL COLLEGE                          ,MA,02466-2716,Private      ,21,10,31,2874,232,3106
00216000,LESLEY UNIVERSITY                       ,MA,02138-2790,Private      ,23,366,389,2579,5200,7779
00216100,UMASS LOWELL                            ,MA,01854-3089,Public       ,126,242,368,9860,4724,14584
00216300,MARIST COLLEGE & SEMINARY               ,MA,01701-0000,Private      ,0,0,0,2,526,528
00216400,NEW ENGLAND COLLEGE OF OPTOMETRY        ,MA,02115-1129,Private      ,0,3,3,7,404,411
00216500,MASS. COLLEGE OF PHARMACY  & HEALTH SCIE,MA,02115-5804,Private      ,30,26,56,3947,2542,6489
00216700,BERKSHIRE COMMUNITY COLLEGE             ,MA,01201-5786,Public       ,33,67,100,944,1332,2276
00216800,CAPE COD COMMUNITY COLLEGE              ,MA,02668-1599,Public       ,65,143,208,1742,2059,3801
00216900,GREENFIELD COMMUNITY COLLEGE            ,MA,01301-9739,Public       ,66,97,163,915,1509,2424
00217000,HOLYOKE COMMUNITY COLLEGE               ,MA,01040-1099,Public       ,77,175,252,3727,4567,8294
00217100,MASSACHUSETTS BAY COMMUNITY COLLEGE     ,MA,02181-0000,Public       ,74,108,182,2295,2394,4689
00217200,MOUNT WACHUSETT COMMUNITY COLLEGE       ,MA,01440-1000,Public       ,52,202,254,1873,3190,5063
00217300,NORTH SHORE COMMUNITY COLLEGE           ,MA,01923-4093,Public       ,98,226,324,3262,4122,7384
00217400,NORTHERN ESSEX COMMUNITY COLLEGE        ,MA,01830-2399,Public       ,129,313,442,2878,4198,7076
00217500,QUINSIGAMOND COMMUNITY COLLEGE          ,MA,01606-2092,Public       ,137,270,407,3873,4494,8367
00217600,BRISTOL COMMUNITY COLLEGE               ,MA,02720-7399,Public       ,125,253,378,3965,4379,8344
00217700,MASSASOIT COMMUNITY COLLEGE             ,MA,02302-3996,Public       ,66,166,232,3245,3712,6957
00217800,MASSACHUSETTS INST OF TECHNOLOGY        ,MA,02139-4307,Private      ,54,117,171,10492,2967,13459
00218000,MASSACHUSETTS COLLEGE OF ART AND DESIGN ,MA,02115-5803,Public       ,23,13,36,2418,758,3176
00218100,MASSACHUSETTS MARITIME ACADEMY          ,MA,02532-3400,Public       ,10,5,15,1251,91,1342
00218300,BRIDGEWATER STATE COLLEGE               ,MA,02325-0001,Public       ,113,107,220,11238,3120,14358
00218400,FITCHBURG STATE COLLEGE                 ,MA,01420-2697,Public       ,42,45,87,5635,1480,7115
00218500,FRAMINGHAM STATE COLLEGE                ,MA,01702-2471,Public       ,50,25,75,5084,1164,6248
00218700,MASSACHUSETTS CLG OF LIBERAL ARTS       ,MA,01247-4100,Public       ,17,21,38,2115,548,2663
00218800,SALEM STATE COLLEGE                     ,MA,01970-5353,Public       ,91,114,205,8585,3543,12128
00218900,WESTFIELD STATE COLLEGE                 ,MA,01086-1630,Public       ,59,26,85,7732,1283,9015
00219000,WORCESTER STATE COLLEGE                 ,MA,01602-2597,Public       ,51,71,122,5506,2080,7586
00219200,MOUNT HOLYOKE COLLEGE                   ,MA,01075-1492,Private      ,15,4,19,2530,321,2851
00219300,MOUNT IDA COLLEGE                       ,MA,02459-3323,Private      ,22,8,30,2246,357,2603
00219400,NEW ENGLAND CONSERVATORY OF MUSIC       ,MA,02115-5018,Private      ,5,4,9,748,645,1393
00219700,NICHOLS COLLEGE                         ,MA,01571-6346,Private      ,13,26,39,2081,394,2475
00219900,NORTHEASTERN UNIVERSITY                 ,MA,02115-5000,Private      ,283,429,712,30655,11088,41743
00220100,PINE MANOR COLLEGE                      ,MA,02167-0000,Private      ,5,1,6,563,178,741
00220200,BLESSED JOHN XXIII NATIONAL SEMINARY    ,MA,02493-0000,Private      ,0,0,0,0,3,3
00220500,QUINCY COLLEGE                          ,MA,02169-4501,Public       ,48,144,192,1398,2782,4180
00220600,REGIS COLLEGE                           ,MA,02193-0000,Private      ,27,20,47,1847,640,2487
00220800,SIMMONS COLLEGE                         ,MA,02115-5898,Private      ,30,84,114,3133,3581,6714
00220900,SMITH COLLEGE                           ,MA,01063-2936,Private      ,30,14,44,3619,969,4588
00221000,UNIV OF MASSACHUSETTS-DARTMOUTH         ,MA,02747-2300,Public       ,112,64,176,11023,2344,13367
00221100,SPRINGFIELD COLLEGE                     ,MA,01109-3797,Private      ,39,166,205,3967,4245,8212
00221400,ST JOHN'S SEMINARY                      ,MA,02135-8839,Private      ,3,12,15,20,75,95
00221700,STONEHILL COLLEGE                       ,MA,02357-6110,Private      ,38,3,41,5601,120,5721
00221800,SUFFOLK UNIVERSITY                      ,MA,02108-2770,Private      ,79,53,132,9520,2648,12168
00221802,SUFFOLK UNIVERSITY LAW SCHOOL           ,MA,02108-0000,Private      ,0,0,0,171,2866,3037
00221810,SUFFOLK UNIVERSITY - LAW SCHOOL         ,MA,02108-4977,Private      ,0,3,3,0,3,3
00221900,TUFTS UNIVERSITY                        ,MA,02155-5808,Private      ,63,42,105,9946,2624,12570
00221901,TUFTS UNIV SCH OF DENTAL MEDICINE       ,MA,02111-0000,Private      ,0,4,4,11,836,847
00221902,TUFTS UNIVERSITY - CUMMINGS SCHOOL OF VE,MA,01536-0000,Private      ,0,4,4,33,433,466
00221904,TUFTS UNIV SCHOOL OF MEDICINE           ,MA,02111-0000,Private      ,1,5,6,60,1758,1818
00222100,UNIV OF MASSACHUSETTS-AMHERST           ,MA,01003-0000,Public       ,236,182,418,33062,7162,40224
00222200,UNIV OF MASSACHUSETTS-BOSTON            ,MA,02125-3393,Public       ,153,313,466,10436,9222,19658
00222400,WELLESLEY COLLEGE                       ,MA,02481-8203,Private      ,26,2,28,3439,159,3598
00222500,WENTWORTH INSTITUTE OF TECHNOLOGY       ,MA,02115-5998,Private      ,49,45,94,4776,730,5506
00222600,WESTERN NEW ENGLAND COLLEGE             ,MA,01119-2654,Private      ,49,27,76,5060,1703,6763
00222700,WHEATON COLLEGE                         ,MA,02766-2322,Private      ,18,3,21,2578,68,2646
00222800,WHEELOCK COLLEGE                        ,MA,02215-4176,Private      ,11,16,27,1377,601,1978
00222900,WILLIAMS COLLEGE                        ,MA,01267-2600,Private      ,19,2,21,3621,106,3727
00223300,WORCESTER POLYTECHNIC INSTITUTE         ,MA,01609-2280,Private      ,40,17,57,5880,484,6364
00396500,BAY STATE COLLEGE                       ,MA,02116-2901,Proprietary  ,29,32,61,1291,748,2039
00396600,BOSTON ARCHITECTURAL COLLEGE            ,MA,02115-2795,Private      ,11,36,47,515,1124,1639
00466100,HAMPSHIRE COLLEGE                       ,MA,01002-3359,Private      ,23,1,24,2412,110,2522
00466600,SALTER COLLEGE                          ,MA,01583-1700,Proprietary  ,99,581,680,853,3872,4725
00466700,SCHOOL OF MUSEUM OF FINE ARTS           ,MA,02115-5534,Private      ,11,6,17,878,274,1152
00466900,UPPER CAPE COD REGIONAL VOC TECH        ,MA,02532-3310,Public       ,0,5,5,12,110,122
00527900,GREATER LOWELL REGNL VOC TECH SCH       ,MA,01879-0000,Public       ,0,2,2,24,91,115
00551900,DIMAN REGIONAL VOC TECH INST            ,MA,02723-3519,Public       ,0,2,2,28,78,106
00552300,BLUE HILLS REGIONAL VOC TECH            ,MA,02021-1398,Public       ,0,3,3,23,149,172
00555700,MCCANN TECHNICAL SCHOOL                 ,MA,01247-0000,Public       ,0,2,2,18,70,88
00613600,NATIONAL AVIATION ACADEMY - NEW ENGLAND ,MA,01730-2620,Proprietary  ,11,22,33,101,146,247
00632200,BROCKTON HOSPITAL SCH OF NURSING        ,MA,02302-0000,Private      ,1,8,9,126,421,547
00632400,LABOURE COLLEGE                         ,MA,02124-5698,Private      ,2,28,30,212,773,985
00633100,LAWRENCE MEM HOSPITAL SCH OF NRSNG      ,MA,02155-1643,Private      ,2,6,8,67,384,451
00635200,BAYSTATE MEDICAL CENTER                 ,MA,01199-0001,Private      ,0,0,0,3,29,32
00687300,MARIAN COURT COLLEGE                    ,MA,01907-2896,Private      ,4,10,14,172,115,287
00748100,GIBBS COLLEGE                           ,MA,02116-2904,Proprietary  ,28,58,86,122,299,421
00748400,NEWBURY COLLEGE                         ,MA,02445-5796,Private      ,39,12,51,1908,296,2204
00748600,THE NEW ENGLAND INSTITUTE OF ART        ,MA,02445-7295,Proprietary  ,45,38,83,2017,796,2813
00748800,KAPLAN CAREER INSTITUTE                 ,MA,02129-1644,Proprietary  ,45,154,199,246,863,1109
00748801,KAPLAN CAREER INSTITUTE -               ,MA,02215-2606,Proprietary  ,18,88,106,67,347,414
00807800,SPRINGFIELD TECHNICAL COMMUNITY CLG     ,MA,01105-0000,Public       ,99,196,295,2856,5124,7980
00809002,EVEREST COLLEGE - EVEREST INSTITUTE     ,MA,02150-2333,Proprietary  ,30,157,187,168,661,829
00891600,NEW ENGLAND SCHOOL OF LAW               ,MA,02116-0000,Private      ,0,5,5,9,2263,2272
00964500,BARD COLLEGE AT SIMON'S ROCK            ,MA,01230-9702,Private      ,5,0,5,483,23,506
00974700,GORDON-CONWELL THEOLOGICAL SEMINARY     ,MA,01982-0000,Private      ,0,18,18,5,583,588
00975600,UNIVERSITY OF MASS MEDICAL CENTER       ,MA,01655-0000,Public       ,0,10,10,28,812,840
00987700,HENRI'S SCHOOL OF HAIR DESIGN           ,MA,01420-5675,Proprietary  ,1,8,9,26,31,57
00989900,LOWELL ACADEMY HAIRSTYLING INST         ,MA,01852-1909,Proprietary  ,8,14,22,36,60,96
00993600,MIDDLESEX COMMUNITY COLLEGE             ,MA,01730-1197,Public       ,80,102,182,1598,1295,2893
00993602,"MIDDLESEX COMMUNITY COLLEGE, LOWELL     ",MA,01852-0000,Public       ,110,183,293,2481,2321,4802
01121000,BUNKER HILL COMMUNITY COLLEGE           ,MA,02129-2991,Public       ,141,324,465,4674,7441,12115
01151000,EVEREST INSTITUTE                       ,MA,02135-7638,Proprietary  ,39,134,173,215,690,905
01193000,ROXBURY COMMUNITY COLLEGE               ,MA,02120-3400,Public       ,52,150,202,1138,2889,4027
01204200,MANSFIELD BEAUTY SCHOOLS                ,MA,02169-5061,Proprietary  ,10,17,27,37,92,129
01206800,MANSFIELD BEAUTY SCHOOL                 ,MA,01103-1410,Proprietary  ,1,7,8,12,56,68
01238600,SOUTHEASTERN TECHNICAL INSTITUTE        ,MA,02375-1780,Public       ,0,8,8,49,235,284
01288100,MONTACHUSETT REG VOC TECH SCH           ,MA,01420-4649,Public       ,1,0,1,10,47,57
01292100,EMPIRE BEAUTY SCHOOL                    ,MA,02215-0000,Proprietary  ,19,64,83,206,459,665
01292101,EMPIRE BEAUTY SCHOOL - HYANNIS          ,MA,02601-2022,Proprietary  ,0,3,3,24,29,53
01294800,ROB ROY ACADEMY                         ,MA,02721-5330,Proprietary  ,12,15,27,65,137,202
02063000,MONTSERRAT COLLEGE OF ART               ,MA,01915-0000,Private      ,3,1,4,558,56,614
02063800,BUTERA SCHOOL OF ART                    ,MA,02116-0000,Proprietary  ,1,2,3,37,16,53
02076700,EMPIRE BEAUTY SCHOOL                    ,MA,02148-0000,Proprietary  ,10,38,48,83,224,307
02079400,EMPIRE BEAUTY SCHOOL                    ,MA,02453-0000,Proprietary  ,13,39,52,88,215,303
02092100,MASSACHUSETTS SCHOOL OF BARBERING       ,MA,02169-5058,Proprietary  ,2,14,16,46,147,193
02092200,EMPIRE BEAUTY SCHOOL                    ,MA,01852-0000,Proprietary  ,8,32,40,68,183,251
02122000,NEW ENGLAND HAIR ACADEMY                ,MA,02148-0000,Proprietary  ,10,15,25,73,139,212
02137000,ROB ROY ACADEMY                         ,MA,02780-0000,Proprietary  ,5,9,14,31,62,93
02137200,MASS GEN HOSP DIETETIC INTERNSHIP       ,MA,02114-0000,Private      ,0,0,0,3,10,13
02143000,LONGY SCHOOL OF MUSIC                   ,MA,02138-3599,Private      ,1,2,3,50,141,191
02163500,NEW ENGLAND SCHOOL OF PHOTOGRAPHY       ,MA,02215-0000,Proprietary  ,1,3,4,146,135,281
02163600,MASS SCH OF PROFESSIONAL PSYCHOLOGY     ,MA,02132-0000,Private      ,1,7,8,3,25,28
02169900,ASSABET VALLEY REGIONAL VOC SCHOOL      ,MA,01752-0000,Public       ,1,2,3,19,85,104
02181600,ROB ROY ACADEMY                         ,MA,01609-0000,Proprietary  ,17,29,46,105,223,328
02182900,CAMBRIDGE COLLEGE                       ,MA,02138-5304,Private      ,38,412,450,341,4960,5301
02197900,NORTH BENNET STREET SCHOOL              ,MA,02113-0000,Private      ,1,4,5,40,107,147
02215100,HALLMARK INSTITUTE OF PHOTOGRAPHY       ,MA,01376-0000,Proprietary  ,2,4,6,166,152,318
02219501,MILDRED ELLEY - PITTSFIELD              ,MA,01201-5300,Proprietary  ,2,1,3,8,26,34
02220400,CATHERINE HINDS INST OF ESTHETICS       ,MA,01801-0000,Proprietary  ,4,36,40,59,203,262
02231600,MGH INSTITUTE OF HEALTH PROFESSION      ,MA,02129-0000,Private      ,12,94,106,49,1169,1218
02274300,CONWAY SCHOOL OF LANDSCAPE DESIGN       ,MA,01341-0179,Private      ,0,0,0,3,23,26
02325700,LABARON HAIRDRESSING ACADEMY            ,MA,02740-0000,Proprietary  ,4,18,22,34,66,100
02325800,LABARON HAIRDRESSING ACAD-BROCKTON      ,MA,02301-0000,Proprietary  ,3,10,13,23,60,83
02337400,BANCROFT SCHOOL OF MASSAGE THERAPY      ,MA,01604-4614,Proprietary  ,1,10,11,18,66,84
02338200,BAY STATE SCHOOL OF TECHNOLOGY          ,MA,02021-0000,Proprietary  ,10,96,106,63,473,536
02339400,ROB ROY ACADEMY                         ,MA,02746-0000,Proprietary  ,2,3,5,11,18,29
02491700,CORTIVA INSTITUTE -  BOSTON             ,MA,02472-2577,Proprietary  ,5,59,64,43,294,337
02523900,ELIZABETH GRADY SCHOOL OF ESTHETICS     ,MA,02155-0000,Proprietary  ,5,19,24,47,133,180
02579800,NEW ENGLAND SCHOOL OF ACUPUNCTURE       ,MA,02458-0000,Private      ,0,10,10,1,176,177
03006802,PENNSYLVANIA CULINARY INSTITUTE - LE COR,MA,02142-1221,Proprietary  ,25,100,125,275,778,1053
03066700,AILANO SCHOOL OF COSMETOLOGY            ,MA,02303-4740,Proprietary  ,1,6,7,33,39,72
03104000,SHAWSHEEN ADULT TECHNICAL INSTITUTE     ,MA,01821-5499,Public       ,0,3,3,14,49,63
03115200,MOTORING TECHNICAL TRAINING INST        ,MA,02771-5933,Proprietary  ,15,53,68,158,315,473
03120800,KAY HARVEY HAIRDRESSING ACADEMY         ,MA,01089-2701,Proprietary  ,2,7,9,23,47,70
03127700,SOUTHERN NEW ENGLAND SCHOOL OF LAW      ,MA,02747-1252,Private      ,0,0,0,3,266,269
03130500,URBAN COLLEGE OF BOSTON                 ,MA,02111-1093,Private      ,2,56,58,50,691,741
03194300,BOSTON GRAD SCH OF PSYCHOANALYSIS       ,MA,02446-4602,Private      ,1,2,3,3,82,85
03196300,LINCOLN TECHNICAL INSTITUTE             ,MA,02145-1102,Proprietary  ,71,138,209,417,940,1357
03196302,LINCOLN TECHNICAL INSTITUTE             ,MA,01852-5119,Proprietary  ,44,120,164,353,840,1193
03205400,JOLIE HAIR & BEAUTY ACADEMY             ,MA,01056-2769,Proprietary  ,5,31,36,27,146,173
03232302,LINCOLN TECHNICAL INSTITUTE             ,MA,02401-1818,Proprietary  ,45,132,177,305,829,1134
03235300,MASSACHUSETTS SCHOOL OF LAW             ,MA,01810-1094,Private      ,0,15,15,3,693,696
03240300,HAIR IN MOTION BEAUTY ACADEMY           ,MA,01604-2213,Proprietary  ,1,4,5,9,24,33
03248300,BOSTON BAPTIST COLLEGE                  ,MA,02136-4000,Private      ,2,0,2,100,51,151
03316400,FUNERAL INSTITUTE OF THE NORTHEAST      ,MA,02062-4766,Proprietary  ,0,8,8,21,99,120
03504300,NATL GRAD SCH OF QUALITY SYSTM MGMT     ,MA,02540-0000,Private      ,0,27,27,0,54,54
03763300,MEDICAL PROFESSIONAL INSTITUTE          ,MA,02148-8143,Proprietary  ,1,19,20,23,154,177
03859300,E.I.N.E.                                ,MA,01876-4709,Proprietary  ,1,9,10,5,46,51
03946300,FRANKLIN W. OLIN COLLEGE OF ENGINEERING ,MA,02492-1200,Private      ,1,0,1,401,4,405
03965300,NEW ENGLAND COLLEGE OF FINANCE          ,MA,02110-1605,Proprietary  ,3,55,58,16,179,195
04039300,SULLIVAN AND COGLIANO TRAINING CENTER   ,MA,02301-1822,Proprietary  ,25,485,510,109,1779,1888
04116900,DIGRIGOLI SCHOOL OF COSMETOLOGY         ,MA,01089-4623,Proprietary  ,2,8,10,26,55,81
04128000,MILLENNIUM TRAINING INSTITUTE           ,MA,01801-6386,Proprietary  ,2,21,23,9,120,129
04128900,CENTRAL MASS SCHOOL OF MASSAGE AND THERA,MA,01562-1712,Proprietary  ,1,6,7,7,32,39
04153200,SOUTHERN WORCESTER COUNTY REGIONAL VOC S,MA,01507-1331,Public       ,1,16,17,1,16,17
00324204,CARNEGIE MELLON UNIVERSITY - QATAR      ,FC,00000-0000,Private      ,0,0,0,0,8,8
00324206,CARNEGIE MELLON UNIVERSITY THE HEINZ COL,FC,00000-0000,Private      ,0,0,0,0,5,5
00337112,TEMPLE UNIVERSITY - JAPAN               ,FC,00000-0000,Private      ,1,5,6,41,44,85
00369101,MIDDLEBURY COLLEGE - FRANCE             ,FC,00000-0000,Private      ,0,0,0,5,9,14
00369102,MIDDLEBURY COLLEGE - GERMANY            ,FC,00000-0000,Private      ,0,0,0,2,8,10
00369103,MIDDLEBURY COLLEGE - ITALY              ,FC,00000-0000,Private      ,0,1,1,5,8,13
00369104,MIDDLEBURY COLLEGE - SPAIN              ,FC,00000-0000,Private      ,0,1,1,7,20,27
00369105,MIDDLEBURY COLLEGE - RUSSIA             ,FC,00000-0000,Private      ,1,1,2,2,8,10
00369107,MIDDLEBURY COLLEGE - BREAD LOAF SCHOOL/E,FC,00000-0000,Private      ,0,0,0,0,1,1
00401000,INSTITUT INTERNAT'L D'ETUDES FRANCA     ,FC,00000-0000,Public       ,0,0,0,1,4,5
00401200,HEBREW UNIVERSITY OF JERUSALEM (THE)    ,FC,00000-0000,Public       ,1,1,2,40,126,166
00403000,UNIVERSITY OF CAMBRIDGE                 ,FC,00000-0000,Public       ,1,1,2,6,61,67
00503400,AMERICAN UNIVERSITY OF CAIRO            ,FC,00000-0000,Private      ,1,2,3,75,244,319
00667100,KATHOLIEKE UNIVERSITEIT LEUVEN          ,FC,00000-0000,Private      ,0,4,4,2,58,60
00669100,UNIVERSITY OF CAMBRIDGE - PEMBROKE      ,FC,00000-0000,Public       ,0,0,0,2,14,16
00669200,UNIVERSITY OF LEEDS                     ,FC,00000-0000,Public       ,1,0,1,18,106,124
00669300,UNIV OF LONDON-LONDON SCHOOL ECON       ,FC,00000-0000,Public       ,0,7,7,25,561,586
00669400,SCH OF ORIENTAL & AFRICAN STUDIES       ,FC,00000-0000,Public       ,0,1,1,14,169,183
00669500,UNIV OF LONDON-UNIVERSITY COLLEGE       ,FC,00000-0000,Public       ,0,2,2,24,407,431
00669600,UNIV OF LONDON-SCH ADVANCED STUDY       ,FC,00000-0000,Public       ,0,0,0,0,19,19
00669700,"QUEEN MARY, UNIVERSITY OF LONDON        ",FC,00000-0000,Public       ,0,1,1,23,140,163
00669900,UNIVERSITY OF SUSSEX                    ,FC,00000-0000,Public       ,0,0,0,16,96,112
00670000,"UNIVERSITY OF YORK, THE                 ",FC,00000-0000,Public       ,1,1,2,15,111,126
00670400,UNIVERSITY COLLEGE CORK                 ,FC,00000-0000,Public       ,0,0,0,15,69,84
00671300,UPPSALA UNIVERSITY                      ,FC,00000-0000,Public       ,0,5,5,0,51,51
00671500,UNIVERSITY OF GENEVA                    ,FC,00000-0000,Public       ,0,0,0,5,70,75
00683900,UNIVERSITY OF EDINBURGH                 ,FC,00000-0000,Public       ,1,9,10,149,590,739
00684200,UNIVERSITY OF DUBLIN TRINITY COLLEG     ,FC,00000-0000,Public       ,0,1,1,46,177,223
00685000,UNIVERSITY OF CAMBRIDGE - DOWNING C     ,FC,00000-0000,Public       ,0,0,0,1,7,8
00763200,UNIVERSITY OF BRISTOL                   ,FC,00000-0000,Public       ,1,0,1,14,80,94
00768100,COLLEGE OF EUROPE                       ,FC,00000-0000,Private      ,0,1,1,0,5,5
00770500,ROYAL COLLEGE OF SURGEONS IN IRELAN     ,FC,00000-0000,Private      ,0,0,0,5,70,75
00788100,AMERICAN UNIVERSITY OF PARIS            ,FC,00000-0000,Private      ,2,1,3,248,229,477
00837100,AMERICAN UNIVERSITY OF BEIRUT           ,FC,00000-0000,Private      ,2,3,5,88,88,176
00837300,TEL-AVIV UNIVERSITY                     ,FC,00000-0000,Public       ,0,0,0,7,74,81
00837600,VRIJE UNIVERSITEIT AMSTERDAM            ,FC,00000-0000,Public       ,0,1,1,1,32,33
00837700,UNIVERSITEIT VAN AMSTERDAM(UNIVERSI     ,FC,00000-0000,Public       ,1,2,3,5,123,128
00838000,UNIVERSITY OF WARWICK                   ,FC,00000-0000,Public       ,0,3,3,8,78,86
00838300,UNIVERSITY OF GLASGOW                   ,FC,00000-0000,Public       ,1,4,5,44,366,410
00839300,UNIVERSITY OF OSLO                      ,FC,00000-0000,Public       ,0,0,0,3,24,27
00839400,UNIVERSITY OF OXFORD                    ,FC,00000-0000,Public       ,3,9,12,10,266,276
00839800,UNIVERSITY OF SHEFFIELD (THE)           ,FC,00000-0000,Public       ,1,1,2,14,76,90
00839900,UNIVERSITY OF SOUTHAMPTON               ,FC,00000-0000,Public       ,0,0,0,10,45,55
00845200,ABERYSTWYTH UNIVERSITY                  ,FC,00000-0000,Public       ,0,0,0,9,36,45
00845800,LOUGHBOROUGH UNIVERSITY                 ,FC,00000-0000,Public       ,0,0,0,1,4,5
00846000,UNIVERSITY OF NEWCASTLE UPON TYNE       ,FC,00000-0000,Public       ,0,0,0,11,89,100
00846100,UNIVERSITY OF SAINT ANDREWS             ,FC,00000-0000,Public       ,5,2,7,204,202,406
00850500,UNIVERSITY OF MELBOURNE                 ,FC,00000-0000,Public       ,0,12,12,19,169,188
00858600,SWANSEA UNIVERSITY                      ,FC,00000-0000,Public       ,0,0,0,10,38,48
00858700,UNIVERSITY OF DURHAM                    ,FC,00000-0000,Public       ,0,4,4,12,155,167
00866500,UNIVERSITY OF KENT AT CANTERBURY (THE)  ,FC,00000-0000,Public       ,0,2,2,21,141,162
00867000,UNIVERSITY OF NEW SOUTH WALES           ,FC,00000-0000,Public       ,1,10,11,21,134,155
00868700,UNIVERSITY OF ESSEX                     ,FC,00000-0000,Public       ,0,0,0,10,77,87
00869300,CITY UNIVERSITY                         ,FC,00000-0000,Public       ,0,0,0,4,165,169
00890800,THE UNIVERSITY OF BIRMINGHAM            ,FC,00000-0000,Public       ,1,0,1,11,96,107
00891000,UNIVERSITY OF HULL                      ,FC,00000-0000,Public       ,0,2,2,6,20,26
00892000,UNIVERSITY OF NOTTINGHAM                ,FC,00000-0000,Public       ,0,1,1,12,98,110
00900600,UNIVERSITY OF SALFORD (THE)             ,FC,00000-0000,Public       ,0,0,0,3,9,12
00908400,"UNIV OF LONDON, BIRKBECK                ",FC,00000-0000,Public       ,0,1,1,1,87,88
00908500,UNIV OF LONDON KING'S COLLEGE           ,FC,00000-0000,Public       ,0,3,3,35,331,366
00908600,UNIVERSITY OF LONDON - ROYAL HOLLOWAY   ,FC,00000-0000,Public       ,0,2,2,12,83,95
00914300,BAR-ILAN UNIVERSITY                     ,FC,00000-0000,Private      ,0,1,1,7,17,24
00924700,ARCHITECTURAL ASSOC SCH OF ARCHITEC     ,FC,00000-0000,Private      ,0,0,0,1,23,24
00924900,UNIVERSITY OF LIVERPOOL                 ,FC,00000-0000,Public       ,0,6,6,20,95,115
00936800,UNIVERSITY OF ABERDEEN                  ,FC,00000-0000,Public       ,0,3,3,45,117,162
00942300,ROYAL COLLEGE OF ART                    ,FC,00000-0000,Public       ,1,1,2,5,61,66
00942800,TECHNION-ISRAEL INST OF TECHLGY         ,FC,00000-0000,Public       ,0,1,1,1,84,85
00944200,UNIVERSITY OF EXETER                    ,FC,00000-0000,Public       ,0,1,1,9,97,106
00944400,UNIVERSITY OF LANCASTER                 ,FC,00000-0000,Public       ,0,1,1,8,41,49
00963400,UNIVERSITY OF OXFORD ST CATHERINE'S     ,FC,00000-0000,Public       ,0,0,0,0,11,11
00980800,UNIVERSITY OF STRATHCLYDE               ,FC,00000-0000,Public       ,0,0,0,5,38,43
00986000,UNIVERSITY OF SURREY                    ,FC,00000-0000,Public       ,0,1,1,10,21,31
00990600,PONTIFICAL NORTH AMERICAN COLLEGE       ,FC,00000-0000,Private      ,0,0,0,0,8,8
00992700,UNIVERSITY OF CAMBRIDGE - FITZWILLI     ,FC,00000-0000,Public       ,0,0,0,0,5,5
01006700,LUND UNIVERSITY                         ,FC,00000-0000,Public       ,0,5,5,3,95,98
01008400,UNIVERSITY OF CAPE TOWN                 ,FC,00000-0000,Private      ,1,4,5,9,77,86
01008700,UNIVERSITY OF OXFORD ST PETER'S COL     ,FC,00000-0000,Public       ,0,1,1,0,4,4
01008800,UNIVERSITY OF OXFORD - CORPUS CHRIS     ,FC,00000-0000,Public       ,0,0,0,0,5,5
01008900,CENTRAL SCHOOL OF SPEECH AND DRAMA      ,FC,00000-0000,Private      ,0,0,0,14,57,71
01009000,UNIVERSITY OF OXFORD - BALLIOL COLL     ,FC,00000-0000,Public       ,0,1,1,3,14,17
01014300,UNIVERSITY OF READING                   ,FC,00000-0000,Public       ,0,0,0,14,55,69
01015700,CARDIFF UNIVERSITY                      ,FC,00000-0000,Public       ,0,2,2,10,52,62
01015900,PONTIFICIA UNIVERSITA GREGORIANA        ,FC,00000-0000,Private      ,0,0,0,0,7,7
01016000,CG JUNG INST                            ,FC,00000-0000,Private      ,0,1,1,0,4,4
01018800,UNIVERSITY COLLEGE DUBLIN               ,FC,00000-0000,Public       ,0,0,0,8,208,216
01019000,UNIVERSITY OF CAMBRIDGE CHURCHILL C     ,FC,00000-0000,Public       ,0,0,0,0,6,6
01022800,UNIVERSITY OF STIRLING                  ,FC,00000-0000,Public       ,0,1,1,19,44,63
01033200,UNIVERSITY OF CAMBRIDGE - CLARE COL     ,FC,00000-0000,Public       ,0,0,0,1,8,9
01045600,UNIVERSITY OF HAIFA                     ,FC,00000-0000,Public       ,0,0,0,12,9,21
01047200,INST EUROPEEN OPEEN D'ADMINISTRATIO     ,FC,00000-0000,Private      ,0,0,0,0,79,79
01049300,CRANFIELD UNIVERSITY                    ,FC,00000-0000,Public       ,0,1,1,1,16,17
01052000,TRINITY LABAN                           ,FC,00000-0000,Public       ,0,0,0,6,21,27
01052001,LABAN CENTER FOR MOVEMENT & DANCE       ,FC,00000-0000,Public       ,0,0,0,1,12,13
01052500,UNIVERSITY OF HERTFORDSHIRE             ,FC,00000-0000,Public       ,0,0,0,12,14,26
01057400,LONDON INTRNTL FILM SCHOOL              ,FC,00000-0000,Private      ,0,4,4,4,40,44
01058600,INSTITUTE OF SOCIAL STUDIES             ,FC,00000-0000,Private      ,0,0,0,0,20,20
01058800,AUSTRALIAN NATIONAL UNIVERSITY          ,FC,00000-0000,Public       ,0,0,0,9,58,67
01058900,BANGOR UNIVERSITY                       ,FC,00000-0000,Public       ,0,2,2,4,25,29
01059400,"RICHMOND, THE AMERICAN INT UNI IN LONDON",FC,00000-0000,Private      ,2,1,3,330,38,368
01059900,INST D'ETUDES POLITIQUES DE PARIS       ,FC,00000-0000,Public       ,0,0,0,1,54,55
01068100,MACQUARIE UNIVERSITY                    ,FC,00000-0000,Public       ,0,5,5,8,84,92
01069200,UNIVERSITY OF QUEENSLAND (THE)          ,FC,00000-0000,Public       ,1,22,23,25,189,214
01078900,UNIVERSITY OF OXFORD - WORCESTER CO     ,FC,00000-0000,Public       ,0,1,1,0,13,13
01079200,CITY AND GUILDS OF LONDON INSTITUTE     ,FC,00000-0000,Private      ,0,1,1,2,5,7
01079700,"NATIONAL UNIVERSITY OF IRELAND, MAY     ",FC,00000-0000,Public       ,0,1,1,1,10,11
01080300,SEMMELWEIS UNIVERSITY OF BUDAPEST       ,FC,00000-0000,Public       ,1,1,2,3,44,47
01081600,KINGSTON UNIVERSITY                     ,FC,00000-0000,Public       ,0,1,1,37,101,138
01083800,UNIVERSITITY OF BERGEN (UOB)            ,FC,00000-0000,Public       ,0,0,0,1,6,7
01086400,UNIV OF DUNDEE                          ,FC,00000-0000,Public       ,0,4,4,7,74,81
01086600,UNIVERSITY OF OXFORD - MAGDALEN COLLEGE ,FC,00000-0000,Public       ,0,0,0,1,17,18
01086700,UNIVERSITY OF OXFORD ST JOHN'S COLL     ,FC,00000-0000,Public       ,0,0,0,2,7,9
01091400,MONASH UNIVERSITY                       ,FC,00000-0000,Public       ,2,2,4,13,50,63
01091500,UNIV OF EAST ANGLIA                     ,FC,00000-0000,Public       ,0,1,1,15,67,82
01094200,UNIVERSITY OF OXFORD - ST HUGH'S CO     ,FC,00000-0000,Public       ,0,0,0,1,8,9
01097700,UNIVERSIDAD CENTRAL DEL ESTE            ,FC,00000-0000,Private      ,13,51,64,117,888,1005
01098000,SOMERVILLE COLLEGE                      ,FC,00000-0000,Public       ,0,0,0,0,6,6
01099900,UNIV OF OXFORD - WADHAM COLLEGE         ,FC,00000-0000,Public       ,0,0,0,0,6,6
01104400,PONTIFICIA UNIVERSITA SAN TOMMASO       ,FC,00000-0000,Private      ,0,2,2,0,18,18
01105300,UNIVERSITY OF OXFORD - ST HILDA'S C     ,FC,00000-0000,Public       ,0,0,0,0,12,12
01105400,UNIVERSITY OF OXFORD - ST ANNE'S CO     ,FC,00000-0000,Public       ,0,0,0,0,10,10
01105500,UNIV OF OXFORD - LADY MARGARET HALL     ,FC,00000-0000,Public       ,0,0,0,0,12,12
01105600,UNIVERSITY OF OXFORD - UNIVERSITY C     ,FC,00000-0000,Public       ,0,0,0,1,20,21
01105700,UNIVERSITY OF OXFORD - TRINITY COLL     ,FC,00000-0000,Public       ,0,0,0,2,7,9
01105800,UNIVERSITY OF OXFORD-ST EDMUND HALL     ,FC,00000-0000,Public       ,0,1,1,0,11,11
01105900,UNIVERSITY OF OXFORD ST ANTONY'S CO     ,FC,00000-0000,Public       ,0,0,0,0,40,40
01106000,UNIVERSITY OF OXFORD - QUEEN'S COLL     ,FC,00000-0000,Public       ,0,0,0,0,7,7
01106100,UNIVERSITY OF OXFORD - PEMBROKE COL     ,FC,00000-0000,Public       ,0,0,0,1,11,12
01106200,UNIVERSITY OF OXFORD - ORIEL COLLEG     ,FC,00000-0000,Public       ,1,0,1,1,11,12
01106300,UNIVERSITY OF OXFORD - NUFFIELD COL     ,FC,00000-0000,Public       ,0,0,0,0,5,5
01106400,UNIVERSITY OF OXFORD - NEW COLLEGE      ,FC,00000-0000,Public       ,0,0,0,1,20,21
01106500,UNIVERSITY OF OXFORD MERTON COLLEGE     ,FC,00000-0000,Public       ,0,0,0,0,11,11
01106600,UNIVERSITY OF OXFORD - LINCOLN COLL     ,FC,00000-0000,Public       ,0,0,0,1,24,25
01106700,UNIVERSITY OF OXFORD - KEBLE COLLEG     ,FC,00000-0000,Public       ,0,0,0,1,5,6
01106800,UNIVERSITY OF OXFORD - JESUS COLLEG     ,FC,00000-0000,Public       ,0,1,1,1,11,12
01106900,UNIVERSITY OF OXFORD - HERTFORD COL     ,FC,00000-0000,Public       ,0,1,1,0,9,9
01107000,UNIVERSITY OF OXFORD EXETER COLLEGE     ,FC,00000-0000,Public       ,0,1,1,0,22,22
01107100,UNIV OF OXFORD - CHRIST CHURCH          ,FC,00000-0000,Public       ,0,0,0,2,16,18
01107200,UNIVERSITY OF OXFORD - BRASENOSE CO     ,FC,00000-0000,Public       ,0,0,0,0,4,4
01109100,FLINDERS UNIVERSITY OF S AUSTRALIA      ,FC,00000-0000,Public       ,1,3,4,2,18,20
01109400,UNIVERSITY OF WESTERN AUSTRALIA (THE)   ,FC,00000-0000,Public       ,1,3,4,8,23,31
01122600,AARHUS UNIVERSITY                       ,FC,00000-0000,Public       ,1,0,1,1,0,1
01156700,"IMPERIAL COLLEGE OF SCIENCE, TECHNOLOGY ",FC,00000-0000,Public       ,1,1,2,7,53,60
01167900,UNIVERSITY OF BATH                      ,FC,00000-0000,Public       ,0,1,1,10,34,44
01168300,FRANKLIN COLLEGE  SWITZERLAND           ,FC,00000-0000,Private      ,1,0,1,361,10,371
01175800,UNIV OF CAMBRIDGE - PETERHOUSE          ,FC,00000-0000,Public       ,0,0,0,1,7,8
01176400,ROYAL ACADEMY OF MUSIC                  ,FC,00000-0000,Public       ,0,0,0,10,15,25
01176500,GOLDSMITHS' COLLEGE-UNIV OF LONDON      ,FC,00000-0000,Public       ,1,2,3,23,186,209
01176600,UNIV OF LONDON - INST OF EDUC           ,FC,00000-0000,Public       ,0,1,1,2,26,28
01178000,BRUNEL UNIVERSITY                       ,FC,00000-0000,Public       ,1,0,1,2,1,3
01183800,UNIVERSITY OF OXFORD - MANSFIELD CO     ,FC,00000-0000,Public       ,0,0,0,1,2,3
01207500,UNIVERSITY CAMBRIDGE - TRINITY COLL     ,FC,00000-0000,Public       ,0,0,0,3,10,13
01207800,VICTORIA UNIV OF WELLINGTON             ,FC,00000-0000,Public       ,3,4,7,21,68,89
01209600,ECOLE HåTELIERE DE LAUSANNE             ,FC,00000-0000,Private      ,0,0,0,1,2,3
01210100,UNIVERSITY OF CAMBRIDGE - GIRTON CO     ,FC,00000-0000,Public       ,0,0,0,2,1,3
01213600,VICTORIA UNIV OF MANCHESTER (THE)       ,FC,00000-0000,Public       ,0,2,2,17,118,135
01219800,UNIVERSITY OF BRADFORD                  ,FC,00000-0000,Public       ,0,0,0,3,28,31
01220100,UNIVERSITY OF OXFORD - REGENT'S PAR     ,FC,00000-0000,Public       ,0,0,0,1,7,8
01220600,JAMES COOK UNIVERSITY                   ,FC,00000-0000,Public       ,1,6,7,31,89,120
01221500,BIRMINGHAM CITY UNIVERSITY              ,FC,00000-0000,Public       ,0,0,0,7,16,23
01222300,JAGIELLONIAN UNIVERSITY COLLEGIUM M     ,FC,00000-0000,Public       ,0,1,1,3,55,58
01222500,UNIVERSITY OF SZEGED FACULTY OF MEDICINE,FC,00000-0000,Public       ,0,0,0,0,7,7
01225800,ASTON UNIVERSITY                        ,FC,00000-0000,Public       ,0,0,0,1,17,18
01227500,UNIVERSITY OF OXFORD - WOLFSON COLL     ,FC,00000-0000,Public       ,0,0,0,0,22,22
01230200,GONVILLE & CAIUS COLLEGE                ,FC,00000-0000,Public       ,0,2,2,0,8,8
01233300,UNIV OF THE ARTS LONDON- CAMBERWELL COLL,FC,00000-0000,Public       ,1,0,1,12,12,24
01233500,ROYAL COLLEGE OF MUSIC                  ,FC,00000-0000,Public       ,0,0,0,4,19,23
01233700,WROCLAW UNIVERSITY OF MEDICINE          ,FC,00000-0000,Public       ,0,0,0,1,4,5
01234100,UNIVERSITY OF WALES - ST DAVID'S UN     ,FC,00000-0000,Public       ,0,0,0,5,19,24
01236000,EDINBURGH COLLEGE OF ART                ,FC,00000-0000,Public       ,0,1,1,7,46,53
01242100,UNIV OF AUCKLAND                        ,FC,00000-0000,Public       ,3,9,12,21,93,114
01253900,UNIVERSITY OF THE ARTS LONDON IDO - CENT,FC,00000-0000,Public       ,0,1,1,53,105,158
01254000,UNIVERSIDAD DE NAVARRA                  ,FC,00000-0000,Private      ,0,0,0,4,25,29
01276500,UNIVERSITY OF OXFORD - LINACRE COLL     ,FC,00000-0000,Public       ,0,0,0,0,15,15
01276600,"NATIONAL UNIVERSITY IRELAND, GALWAY     ",FC,00000-0000,Public       ,0,0,0,17,85,102
01280200,PONTIFICIA UNIV CATOLICA MAD Y MAES     ,FC,00000-0000,Private      ,12,7,19,115,177,292
01281100,INST TECNOLOGICO DE SANTO DOMINGO       ,FC,00000-0000,Private      ,0,9,9,27,126,153
01283900,UNIVERSITY OF CAMBRIDGE - SAINT JOH     ,FC,00000-0000,Public       ,0,1,1,0,15,15
01286200,MOUNTVIEW ACADEMY OF THEATRE ARTS       ,FC,00000-0000,Private      ,0,0,0,2,5,7
01297800,UNIVERSITY OF HUDDERSFIELD (THE)        ,FC,00000-0000,Public       ,0,0,0,2,9,11
01315300,MASSEY UNIVERSITY                       ,FC,00000-0000,Public       ,2,11,13,15,111,126
01322500,COLLEGE OF LAW                          ,FC,00000-0000,Private      ,0,0,0,0,29,29
02052400,DARWIN COLLEGE                          ,FC,00000-0000,Public       ,0,0,0,0,16,16
02082400,UNIVERSITY OF CAMBRIDGE - QUEEN'S C     ,FC,00000-0000,Public       ,0,0,0,0,20,20
02083400,UNIVERSITY OF CAMBRIDGE - WOLFSON C     ,FC,00000-0000,Public       ,0,0,0,0,8,8
02087400,UNIVERSITY OF CAMBRIDGE - NEWNHAM C     ,FC,00000-0000,Public       ,0,1,1,2,12,14
02087900,OXFORD BROOKES UNIVERSITY               ,FC,00000-0000,Public       ,0,1,1,20,56,76
02094100,BEN-GURION UNIV                         ,FC,00000-0000,Public       ,0,0,0,0,174,174
02094400,UNIV OF CAMBRIDGE - ST EDMUND'S HOU     ,FC,00000-0000,Public       ,0,1,1,1,12,13
02095500,LONDON BUS SCHOOL                       ,FC,00000-0000,Private      ,0,3,3,3,171,174
02098700,FATIMA COLLEGE OF MEDICINE              ,FC,00000-0000,Private      ,0,4,4,2,79,81
02101900,ROEHAMPTON UNIVERSITY                   ,FC,00000-0000,Public       ,0,0,0,17,73,90
02108600,LONDON ACADEMY OF MUSIC & DRAMATIC      ,FC,00000-0000,Private      ,0,0,0,10,21,31
02115900,UNIVERSITY OF PORTSMOUTH                ,FC,00000-0000,Public       ,1,0,1,9,16,25
02116700,UNIVERSITY OF CAMBRIDGE - LUCY CAVE     ,FC,00000-0000,Public       ,1,0,1,2,9,11
02120000,UNIV OF LONDON - COURTALD INST OF A     ,FC,00000-0000,Public       ,0,0,0,1,34,35
02133400,UNIVERSITY OF CAMBRIDGE - SIDNEY SU     ,FC,00000-0000,Public       ,0,0,0,2,7,9
02142000,UNIVERSITY OF CAMBRIDGE - HOMERTON      ,FC,00000-0000,Public       ,0,0,0,0,8,8
02149700,UNIVERSITY OF WINCHESTER (THE)          ,FC,00000-0000,Public       ,0,0,0,7,5,12
02156800,UNIV OF OTAGO                           ,FC,00000-0000,Public       ,0,3,3,5,39,44
02162300,"IESE BUSINESS SCH, UNIV OF NAVARRA      ",FC,00000-0000,Private      ,0,1,1,6,87,93
02167400,UNIVERSITY OF CAMBRIDGE - CORPUS CH     ,FC,00000-0000,Public       ,0,0,0,0,8,8
02175700,OHR SOMAYACH INSTITUTIONS               ,FC,00000-0000,Private      ,0,0,0,5,2,7
02177700,KING'S COLLEGE- UNIV OF CAMBRIDGE       ,FC,00000-0000,Public       ,0,0,0,1,24,25
02180500,MIDDLESEX UNIVERSITY                    ,FC,00000-0000,Public       ,0,1,1,14,75,89
02181000,UNIVERSITY OF SOUTH AUSTRALIA           ,FC,00000-0000,Public       ,0,0,0,2,23,25
02183500,UNIV OF OXFORD - WYCLIFFE HALL          ,FC,00000-0000,Public       ,0,1,1,0,9,9
02186000,UNIVERSITY OF CAMBRIDGE - MAGDALENE     ,FC,00000-0000,Public       ,0,0,0,0,8,8
02186100,UNIVERSITY OF CAMBRIDGE - EMMANUEL      ,FC,00000-0000,Public       ,0,0,0,0,9,9
02189600,UNIVERSITY OF GRONINGEN                 ,FC,00000-0000,Public       ,0,0,0,2,19,21
02194800,UNIVERSITY OF THE WEST OF ENGLAND -     ,FC,00000-0000,Public       ,0,1,1,10,20,30
02195100,UNIV OF WESTMINSTER                     ,FC,00000-0000,Public       ,0,0,0,37,132,169
02196700,GUILDHALL SCHOOL OF MUSIC & DRAMA       ,FC,00000-0000,Public       ,0,0,0,10,16,26
02207300,UNIVERSITY OF CAMBRIDGE - CHRIST'S      ,FC,00000-0000,Public       ,0,0,0,0,9,9
02207400,CHINESE UNIVERSITY OF HONG KONG (THE)   ,FC,00000-0000,Public       ,0,1,1,9,32,41
02209500,UNIVERSITEIT UTRECHT                    ,FC,00000-0000,Public       ,0,0,0,4,49,53
02210000,UNIV OF LONDON - LONDON SCHOOL OF H     ,FC,00000-0000,Public       ,1,1,2,1,63,64
02212300,UNIVERSITY OF CAMBRIDGE - ROBINSON      ,FC,00000-0000,Public       ,0,0,0,0,6,6
02225300,UNIV OF CANTERBURY                      ,FC,00000-0000,Public       ,1,3,4,19,40,59
02229100,UNIVERSITY OF LEICESTER                 ,FC,00000-0000,Public       ,0,6,6,5,94,99
02229600,SACKLER SCHOOL OF MEDICINE              ,FC,00000-0000,Public       ,0,0,0,0,195,195
02232100,UNIVERSITY OF CAMBRIDGE                 ,FC,00000-0000,Public       ,0,0,0,1,15,16
02233300,"ST GEORGE'S UNIV, SCH OF MEDICINE       ",FC,00000-0000,Proprietary  ,0,43,43,13,3027,3040
02235300,LONDON METROPOLITAN UNIVERSITY          ,FC,00000-0000,Public       ,1,2,3,47,195,242
02240900,AISH HATORAH CLG OF JEWISH STUDIES      ,FC,00000-0000,Private      ,0,0,0,1,5,6
02244400,AMERICAN UNIV OF THE CARIBBEAN          ,FC,00000-0000,Proprietary  ,1,67,68,10,1286,1296
02257100,COVENTRY UNIVERSITY                     ,FC,00000-0000,Public       ,0,1,1,7,15,22
02266600,UNIVERSITY OF LONDON - SAINT GEORGE     ,FC,00000-0000,Public       ,0,0,0,0,16,16
02271700,UNIVERSITY OF CAMBRIDGE - CLARE HAL     ,FC,00000-0000,Public       ,0,0,0,0,8,8
02271800,UNIV OF OXFORD - CAMPION HALL           ,FC,00000-0000,Public       ,0,1,1,1,6,7
02271900,UNIVERSITY OF OXFORD - BLACKFRIARS      ,FC,00000-0000,Public       ,0,0,0,1,6,7
02272100,UNIV OF OXFORD - GREYFRIARS             ,FC,00000-0000,Public       ,0,0,0,0,1,1
02272200,UNIV OF CAMBRIDGE - NEW HALL            ,FC,00000-0000,Public       ,0,0,0,0,3,3
02273600,QUEEN'S UNIV OF BELFAST (THE)           ,FC,00000-0000,Public       ,0,1,1,11,89,100
02273900,HERIOT WATT UNIVERSITY                  ,FC,00000-0000,Public       ,0,1,1,7,30,37
02276700,NYENRODE BUSINESS UNIVERSITEIT          ,FC,00000-0000,Private      ,0,0,0,0,3,3
02279700,UNIVERSITY OF MANCHESTER - INSTITUT     ,FC,00000-0000,Public       ,0,0,0,18,87,105
02293400,ECOLE DES HAUTES ETUDES COMERCIALS      ,FC,00000-0000,Public       ,0,2,2,1,46,47
02296300,UNIVERSITY OF CAMBRIDGE - JESUS COL     ,FC,00000-0000,Public       ,0,0,0,0,7,7
02310500,DE MONTFORT UNIVERSITY                  ,FC,00000-0000,Public       ,0,0,0,4,14,18
02320500,ROYAL NORTHERN COLLEGE OF MUSIC         ,FC,00000-0000,Public       ,0,0,0,1,5,6
02335100,UNIV OF CAMBRIDGE - TRINITY HALL        ,FC,00000-0000,Public       ,0,0,0,1,15,16
02338900,UNIVERSITY  FOR THE CREATIVE ARTS       ,FC,00000-0000,Public       ,0,0,0,1,4,5
02338903,KENT INSTITUTE OF ART & DESIGN          ,FC,00000-0000,Public       ,0,0,0,0,1,1
02347300,ESCUELA AUTONOMA DE CIENCIAS MEDICA     ,FC,00000-0000,Private      ,0,0,0,0,3,3
02351800,UNIVERSIDAD IBEROAMERICANA (UNIBE       ,FC,00000-0000,Private      ,11,19,30,153,1227,1380
02355200,ECOLE SUPERIEURE DE CUISINE FRANCAISE-FE,FC,00000-0000,Public       ,0,2,2,8,26,34
02363000,GSA CONSERVATOIRE                       ,FC,00000-0000,Private      ,0,0,0,5,2,7
02502600,PECSI ORVOSTUDOMANYI EGYETEM (PECS      ,FC,00000-0000,Public       ,1,0,1,2,19,21
02545700,GLASGOW SCHOOL OF ART                   ,FC,00000-0000,Public       ,0,0,0,14,37,51
02561600,SOUTHAMPTON SOLENT UNIVERSITY           ,FC,00000-0000,Public       ,0,0,0,3,2,5
02579600,MURDOCH UNIVERSITY                      ,FC,00000-0000,Public       ,0,3,3,8,67,75
02588000,UNIVERSITY OF ULSTER                    ,FC,00000-0000,Public       ,0,0,0,10,21,31
02591800,CURTIN UNIVERSITY OF TECHNOLOGY         ,FC,00000-0000,Public       ,0,2,2,1,27,28
02592300,MILLTOWN INST OF THEOLOGY & PHILOSO     ,FC,00000-0000,Private      ,0,1,1,0,5,5
02604300,AALBORG UNIVERSITY                      ,FC,00000-0000,Public       ,0,0,0,5,18,23
02611500,HELSINKI SCH OF ECONOMICS & BUS ADM     ,FC,00000-0000,Public       ,0,0,0,2,6,8
02611600,ECOL NATIONAL DES PONTS ET CHAUSSEE     ,FC,00000-0000,Public       ,0,1,1,0,10,10
02611700,DUBLIN CITY UNIVERSITY                  ,FC,00000-0000,Public       ,0,1,1,8,41,49
02622500,DENMARKS TEKNISKE UNIVERSITET           ,FC,00000-0000,Public       ,0,0,0,0,8,8
02623200,UNIVERSITY OF NEWCASTLE (THE)           ,FC,00000-0000,Public       ,1,1,2,15,23,38
03012700,UNIVERSITY OF BUCKINGHAM                ,FC,00000-0000,Private      ,0,0,0,6,14,20
03029400,KEELE UNIVERSITY                        ,FC,00000-0000,Public       ,0,0,0,3,4,7
03029500,NORTHUMBRIA UNIVERSITY                  ,FC,00000-0000,Public       ,1,0,1,9,31,40
03029800,NORGES HANDELSHOYSKOLE                  ,FC,00000-0000,Public       ,0,0,0,0,4,4
03033300,MANCHESTER METROPOLITAN UNIV            ,FC,00000-0000,Public       ,1,0,1,15,35,50
03045000,UNIVERSITY OF EAST LONDON               ,FC,00000-0000,Public       ,1,3,4,13,50,63
03050100,STUDIO ART CENTERS INTERNATIONAL        ,FC,00000-0000,Private      ,1,0,1,22,50,72
03066800,PONTIFICIO ATENEO DELLA SANTA CROCE     ,FC,00000-0000,Private      ,0,0,0,1,13,14
03067200,UNIVERSITY OF SYDNEY                    ,FC,00000-0000,Public       ,3,23,26,30,287,317
03073800,UNIV OF DEBRECEN MED & HEALTH SCI       ,FC,00000-0000,Public       ,0,0,0,4,26,30
03080300,SHEFFIELD HALLAM UNIVERSITY             ,FC,00000-0000,Public       ,0,1,1,3,12,15
03084300,UNIVERSITY OF LIMERICK                  ,FC,00000-0000,Public       ,1,1,2,23,40,63
03086900,AMERN GRAD SCHL OF BUS THE INST OF      ,FC,00000-0000,Private      ,0,0,0,0,2,2
03088700,ROYAL SCOTTISH ACAD MUSIC & DRAMA       ,FC,00000-0000,Public       ,0,0,0,18,21,39
03091400,UNIVERSITY OF WOLLONGONG                ,FC,00000-0000,Public       ,1,1,2,12,25,37
03091500,UNIVERSITY OF CANBERRA                  ,FC,00000-0000,Public       ,0,1,1,6,13,19
03091700,KAROL MARCINKOWSKI UNIV OF MED SCI      ,FC,00000-0000,Public       ,0,4,4,13,196,209
03092500,NOTTINGHAM TRENT UNIVERSITY             ,FC,00000-0000,Public       ,0,2,2,5,29,34
03095000,RMIT UNIVERSITY                         ,FC,00000-0000,Public       ,0,4,4,7,37,44
03095400,BOND UNIVERSITY                         ,FC,00000-0000,Private      ,0,2,2,38,94,132
03095900,ESSEC BUSINESS SCHOOL                   ,FC,00000-0000,Private      ,0,0,0,0,26,26
03096100,LA TROBE UNIVERSITY                     ,FC,00000-0000,Public       ,0,1,1,12,40,52
03096900,DEAKIN UNIVERSITY                       ,FC,00000-0000,Public       ,0,2,2,3,19,22
03097100,UNIVERSITY OF WESTERN SYDNEY            ,FC,00000-0000,Public       ,0,1,1,3,16,19
03097300,VICTORIA UNIVERSITY OF TECHNOLOGY       ,FC,00000-0000,Public       ,0,1,1,7,7,14
03097500,CENTRAL QUEENSLAND UNIVERSITY           ,FC,00000-0000,Public       ,1,0,1,3,5,8
03100000,UNIVERSITY OF ADELAIDE (THE)            ,FC,00000-0000,Public       ,0,2,2,5,33,38
03100200,INST DE MANAGEMENT HOTELIER INTERNA     ,FC,00000-0000,Private      ,0,0,0,0,2,2
03101600,ASIAN INSTITUTE OF MANAGEMENT           ,FC,00000-0000,Private      ,0,0,0,2,6,8
03102500,AMERICAN UNIVERSITY OF ROME             ,FC,00000-0000,Private      ,2,2,4,93,60,153
03102800,ROBERT GORDON UNIVERSITY (THE)          ,FC,00000-0000,Public       ,0,0,0,0,22,22
03104800,GRIFFITH UNIVERSITY                     ,FC,00000-0000,Public       ,4,0,4,27,48,75
03104801,GRIFFITH UNIVERSITY - MOUNT GRAVATT CAMP,FC,00000-0000,Public       ,0,0,0,0,1,1
03104802,GRIFFITH UNIVERSITY - GOLD COAST CAMPUS ,FC,00000-0000,Public       ,1,1,2,2,3,5
03104803,GRIFFITH UNIVERSITY - QUEENSLAND CONSERV,FC,00000-0000,Public       ,0,0,0,0,2,2
03104804,GRIFFITH UNIVERSITY - QUEENSLAND COLLEGE,FC,00000-0000,Public       ,1,0,1,1,5,6
03106100,ROSKILDE UNIV ROSKILDE UNIVERSITY C     ,FC,00000-0000,Public       ,0,0,0,0,2,2
03136300,AUSTRALIAN CATHOLIC UNIVERSITY          ,FC,00000-0000,Public       ,0,0,0,2,11,13
03140300,EDITH COWAN UNIVERSITY                  ,FC,00000-0000,Public       ,0,0,0,3,14,17
03140400,NORTHERN TERRITORY UNIVERSITY           ,FC,00000-0000,Public       ,0,0,0,0,1,1
03140500,QUEENSLAND UNIVERSITY OF TECHNOLOGY     ,FC,00000-0000,Public       ,1,3,4,10,34,44
03140600,SOUTHERN CROSS UNIVERSITY               ,FC,00000-0000,Public       ,0,1,1,5,22,27
03140700,SWINBURNE UNIVERSITY OF TECHNOLOGY      ,FC,00000-0000,Public       ,1,2,3,5,11,16
03140900,UNIVERSITY OF BALLARAT                  ,FC,00000-0000,Public       ,0,0,0,1,2,3
03150300,UNIVERSITY OF TASMANIA                  ,FC,00000-0000,Public       ,0,1,1,7,12,19
03150400,"UNIVERSITY OF TECHNOLOGY, SYDNEY        ",FC,00000-0000,Public       ,2,2,4,2,16,18
03274300,"KUNGLIGA TEKNISKA HOGSKOLAN, KTH        ",FC,00000-0000,Public       ,0,1,1,0,29,29
03287300,LIVERPOOL INSTITUTE FOR PERFORMING ARTS ,FC,00000-0000,Public       ,0,0,0,24,8,32
03300300,"2ND SCHOOL OF MEDICINE, CHARLES UNI     ",FC,00000-0000,Public       ,0,0,0,2,11,13
03300400,"FIRST FACULTY OF MEDICINE, CHARLES UNIV.",FC,00000-0000,Public       ,0,0,0,1,29,30
03329300,JOHN CABOT UNIVERSITY                   ,FC,00000-0000,Private      ,2,0,2,123,28,151
03332400,AGRICULTURE UNIVERSITY OF WROCLAW       ,FC,00000-0000,Public       ,0,1,1,1,3,4
03333300,MEDICAL UNIVERSITY SCHOOL OF LUBLIN     ,FC,00000-0000,Public       ,0,22,22,13,261,274
03334300,UNIVERSIDAD NORDESTANA                  ,FC,00000-0000,Private      ,0,1,1,3,46,49
03335300,MEDICAL UNIVERSITY OF SILESIA           ,FC,00000-0000,Public       ,0,4,4,9,106,115
03349400,"QUEEN MARGARET UNIVERSITY COLLEGE, EDINB",FC,00000-0000,Public       ,0,0,0,4,15,19
03350300,BOURNEMOUTH UNIVERSITY                  ,FC,00000-0000,Public       ,0,0,0,10,22,32
03352300,LONDON SOUTH BANK UNIVERSITY            ,FC,00000-0000,Private      ,0,1,1,6,43,49
03363300,THE ARTS EDUCATIONAL SCHOOLS LONDON     ,FC,00000-0000,Private      ,0,0,0,1,5,6
03364300,"FACULTY OF MEDICINE, PALACKY UNIVER     ",FC,00000-0000,Public       ,0,0,0,0,8,8
03365400,AUCKLAND INSTITUTE OF TECHNOLOGY        ,FC,00000-0000,Public       ,0,2,2,3,20,23
03366300,TROPICAL AGRICULTURE RESEARCH AND H     ,FC,00000-0000,Private      ,0,0,0,0,1,1
03377300,"UNIVERSITY OF WALES INSTITUTE, CARD     ",FC,00000-0000,Public       ,0,0,0,1,8,9
03378300,"THE 3RD FACULTY OF MEDICINE, CHARLE     ",FC,00000-0000,Public       ,1,0,1,1,5,6
03386300,CHARLES UNIVERSITY-MEDICAL FACULTY      ,FC,00000-0000,Public       ,0,0,0,1,10,11
03406300,"THE SCHOOL OF PHARMACY, UNIVERSITY      ",FC,00000-0000,Public       ,0,0,0,1,3,4
03418400,NAPIER UNIVERSITY                       ,FC,00000-0000,Public       ,0,0,0,6,29,35
03435300,ANGLIA POLYTECHNIC UNIVERSITY HIGHE     ,FC,00000-0000,Public       ,0,0,0,4,7,11
03460300,INTERNATIONALES THEOLOGISCHES INSTI     ,FC,00000-0000,Private      ,0,0,0,2,18,20
03462400,UNIV OF ARTS LONDON - LON COLL OF COMMUN,FC,00000-0000,Public       ,0,0,0,17,46,63
03466300,INSTITUTO CENTROAMERICANO DE ADMINI     ,FC,00000-0000,Private      ,0,2,2,0,11,11
03473300,UNIV OF ARTS LONDON - LON COLL FASHION  ,FC,00000-0000,Public       ,0,1,1,36,80,116
03475300,UNIV OF THE ARTS  LONDON - CHELSEA COLL ,FC,00000-0000,Public       ,0,0,0,6,15,21
03478300,ROYAL WELSH COLLEGE OF MUSIC AND DRAMA  ,FC,00000-0000,Public       ,0,0,0,1,8,9
03492400,UNIV OF CAMBRIDGE-ST CATHERINE'S CG     ,FC,00000-0000,Public       ,0,0,0,0,7,7
03494400,UNIV OF CAMBRIDGE-SELWYN COLLEGE        ,FC,00000-0000,Public       ,0,0,0,0,4,4
03494600,UNIV OF OXFORD-HARRIS MANCHESTER        ,FC,00000-0000,Public       ,0,0,0,1,8,9
03500300,WIMBLEDON COLLEGE OF ART                ,FC,00000-0000,Public       ,1,0,1,12,2,14
03501400,LEEDS METROPOLITAN UNIVERSITY           ,FC,00000-0000,Public       ,1,0,1,7,15,22
03507300,UNIVERSITY OF SUNDERLAND                ,FC,00000-0000,Public       ,0,0,0,3,13,16
03515300,UNIVERSITY OF CENTRAL LANCASHIRE        ,FC,00000-0000,Public       ,0,0,0,3,14,17
03517300,UNIVERSITY OF BRIGHTON                  ,FC,00000-0000,Public       ,0,2,2,6,31,37
03518300,EUROPEAN GRADUATE SCHOOL                ,FC,00000-0000,Private      ,0,23,23,0,122,122
03526300,INST CENTROAMERICANO DE ADM DE EMP      ,FC,00000-0000,Private      ,0,0,0,0,1,1
03527300,SOFIA UNIVERSITY ST. KLIMENT OHRIDSKI   ,FC,00000-0000,Public       ,0,0,0,0,4,4
03533300,BATH SPA UNIVERSITY                     ,FC,00000-0000,Public       ,0,0,0,7,23,30
03547300,UNIVERSITY OF GLAMORGAN                 ,FC,00000-0000,Public       ,0,0,0,4,8,12
03580300,LIVERPOOL JOHN MOORES UNIVERSITY        ,FC,00000-0000,Public       ,0,0,0,9,10,19
03589400,ARTS INSTITUTE AT BOURNEMOUTH (THE)     ,FC,00000-0000,Public       ,0,0,0,4,2,6
03590300,AVONDALE COLLEGE LIMITED                ,FC,00000-0000,Private      ,2,0,2,2,0,2
03594300,GROUP ESC GRENOBLE GRAD SCH OF BUS.     ,FC,00000-0000,Private      ,0,0,0,2,43,45
03597300,JAGIELLONIAN UNIVERSITY                 ,FC,00000-0000,Public       ,0,1,1,2,33,35
03601300,UNIVERSITAT JAUME I DE CASTELLO/UJI     ,FC,00000-0000,Public       ,0,0,0,1,7,8
03603300,LEEDS COLLEGE OF MUSIC                  ,FC,00000-0000,Public       ,0,0,0,0,1,1
03619300,UNIVERSITY OF GREENWICH                 ,FC,00000-0000,Public       ,1,1,2,14,31,45
03653400,UNIVERSIDAD DE IBEROAMERICA - UNIBE     ,FC,00000-0000,Private      ,0,1,1,6,21,27
03674300,UNIVERSITY OF ABERTAY DUNDEE            ,FC,00000-0000,Public       ,0,0,0,4,6,10
03684400,UNIVERSITY OF LINCOLN                   ,FC,00000-0000,Public       ,0,1,1,1,11,12
03684500,MEDICAL UNIVERSITY OF GDANSK            ,FC,00000-0000,Public       ,0,0,0,3,24,27
03685300,UNIVERSITAT POMPEU FABRA                ,FC,00000-0000,Public       ,0,0,0,8,45,53
03716300,"UNIVERSITY OF WALES, NEWPORT            ",FC,00000-0000,Public       ,0,0,0,4,9,13
03721300,WRITTLE COLLEGE                         ,FC,00000-0000,Public       ,0,0,0,2,2,4
03727400,UNIVERSITY OF WAIKATO (THE)             ,FC,00000-0000,Public       ,0,0,0,6,12,18
03738300,LONDON SCHOOL OF THEOLOGY               ,FC,00000-0000,Private      ,0,2,2,0,10,10
03741300,ALRA (ACADEMY OF LIVE AND RECORDED ARTS),FC,00000-0000,Private      ,0,0,0,2,2,4
03770300,NAZARENE THEOLOGICAL COLLEGE            ,FC,00000-0000,Private      ,0,0,0,1,15,16
03794400,ANGLO EUROPEAN COLLEGE OF CHIROPRACTIC  ,FC,00000-0000,Private      ,0,0,0,0,2,2
03816400,AMERICAN GRAD SCH OF INTERNTL REL & DIPL,FC,00000-0000,Private      ,0,3,3,2,77,79
03818300,LEIPZIG GRADUATE SCHOOL OF MANAGEMENT   ,FC,00000-0000,Private      ,0,0,0,0,12,12
03824300,"ROYAL VETERINARY COLLEGE (THE), UNIVERSI",FC,00000-0000,Public       ,0,2,2,4,115,119
03850400,UNIVERSITY OF NOTRE DAME AUSTRALIA (THE),FC,00000-0000,Private      ,0,0,0,0,5,5
03850500,MEDICAL UNIVERSITY OF LODZ              ,FC,00000-0000,Public       ,0,1,1,4,84,88
03859400,UNIVERSITY COLLEGE FALMOUTH             ,FC,00000-0000,Public       ,0,0,0,4,6,10
03867300,UNIVERSITAT AUTONOMA DE BARCELONA       ,FC,00000-0000,Public       ,0,1,1,2,9,11
03880300,UNIVERSITY OF GLOUCESTERSHIRE (THE)     ,FC,00000-0000,Public       ,0,1,1,4,5,9
03897400,INTERNATIONAL SPACE UNIVERSITY          ,FC,00000-0000,Private      ,0,0,0,0,5,5
03926400,NATIONAL COLLEGE OF ART AND DESIGN      ,FC,00000-0000,Public       ,0,0,0,2,3,5
03941301,AVE MARIA UNIVERSITY - LATIN AMERICA    ,FC,00000-0000,Private      ,12,4,16,186,50,236
03978300,SPURGEON'S COLLEGE                      ,FC,00000-0000,Private      ,0,1,1,1,1,2
03993400,TRINITY COLLEGE CARMARTHEN              ,FC,00000-0000,Public       ,0,0,0,0,4,4
04021400,"AMERICAN COLLEGE, DUBLIN LIMITED (THE)  ",FC,00000-0000,Private      ,0,1,1,5,10,15
04021500,CENTRAL EUROPEAN UNIVERSITY             ,FC,00000-0000,Private      ,0,0,0,4,55,59
04032300,YORK ST JOHN UNIVERSITY                 ,FC,00000-0000,Public       ,0,0,0,8,3,11
04046300,HK UNIVERSITY OF SCI & TECH (HKUST)     ,FC,00000-0000,Public       ,0,1,1,2,23,25
04070300,"RAPHAEL RECANATI INTERNATIONAL SCHOOL, T",FC,00000-0000,Private      ,4,1,5,76,59,135
04085400,NEW ZEALAND COLLEGE OF CHIROPRACTIC     ,FC,00000-0000,Private      ,0,0,0,1,2,3
04113300,LEBANESE AMERICAN UNIVERSITY            ,FC,00000-0000,Private      ,1,0,1,6,7,13
04115900,LIVERPOOL HOPE UNIVERSITY               ,FC,00000-0000,Public       ,0,0,0,0,4,4
04116300,EDHEC BUSINESS SCHOOL                   ,FC,00000-0000,Private      ,0,1,1,0,33,33
04121400,ISAPZURICH (INTERNATIONAL SCHOOL OF ANAL,FC,00000-0000,Private      ,0,0,0,0,6,6
04128600,UNIVERSITY OF WORCESTER                 ,FC,00000-0000,Public       ,0,0,0,1,3,4
04139100,UNIVERSITA DEGLI STUDI DI SCIENZE GASTRO,FC,00000-0000,Private      ,0,4,4,0,11,11
04143700,ST MARY'S UNIVERSITY COLLEGE TWICKENHAM ,FC,00000-0000,Public       ,0,9,9,0,22,22
00380600,ALDERSON-BROADDUS COLLEGE               ,WV,26416-1051,Private      ,9,5,14,791,355,1146
00380700,MOUNTAIN STATE UNIVERSITY               ,WV,25801-5624,Private      ,39,598,637,1315,7522,8837
00380800,BETHANY COLLEGE                         ,WV,26032-0417,Private      ,11,5,16,1421,109,1530
00380900,BLUEFIELD STATE COLLEGE                 ,WV,24701-2198,Public       ,29,70,99,1289,1818,3107
00381000,CONCORD UNIVERSITY                      ,WV,24712-0000,Public       ,28,36,64,2982,1101,4083
00381100,DAVIS & ELKINS COLLEGE                  ,WV,26241-3996,Private      ,16,12,28,758,361,1119
00381200,FAIRMONT STATE UNIVERSITY               ,WV,26554-2470,Public       ,87,157,244,4942,3850,8792
00381300,GLENVILLE STATE COLLEGE                 ,WV,26351-1292,Public       ,19,28,47,1333,588,1921
00381500,MARSHALL UNIVERSITY                     ,WV,25755-3300,Public       ,121,191,312,8707,6849,15556
00381600,SOUTHERN WV COMMUNITY COLLEGE           ,WV,25637-2900,Public       ,34,87,121,1129,1481,2610
00381800,UNIVERSITY OF CHARLESTON                ,WV,25304-1099,Private      ,16,19,35,1432,869,2301
00381900,OHIO VALLEY COLLEGE                     ,WV,26105-8000,Private      ,4,17,21,461,248,709
00382000,SALEM INTERNATIONAL UNIVERSITY          ,WV,26426-0500,Proprietary  ,18,192,210,356,982,1338
00382200,SHEPHERD UNIVERSITY                     ,WV,25443-3210,Public       ,45,68,113,3555,1491,5046
00382300,WEST LIBERTY STATE COLLEGE              ,WV,26074-0295,Public       ,27,29,56,2659,807,3466
00382600,WEST VIRGINIA STATE UNIVERSITY          ,WV,25112-0000,Public       ,33,88,121,2627,2764,5391
00382700,WEST VIRGINIA UNIVERSITY                ,WV,26506-6201,Public       ,234,225,459,23339,9163,32502
00382711,WEST VIRGINIA UNIVERSITY - POTOMAC STATE,WV,26726-3000,Public       ,40,30,70,1639,500,2139
00382721,WEST VIRGINIA UNIV INST OF TECH         ,WV,25136-2436,Public       ,10,14,24,868,379,1247
00382800,WEST VIRGINIA UNIV AT PARKERSBURG       ,WV,26101-9577,Public       ,40,150,190,1646,3258,4904
00383000,WEST VIRGINIA WESLEYAN COLLEGE          ,WV,26201-2600,Private      ,17,6,23,1749,240,1989
00383100,WHEELING JESUIT UNIVERSITY              ,WV,26003-6243,Private      ,12,37,49,1276,667,1943
00500700,WEST VIRGINIA JUNIOR COLLEGE            ,WV,26505-5596,Proprietary  ,9,23,32,135,258,393
00500800,MOUNTAIN STATE COLLEGE                  ,WV,26101-3993,Proprietary  ,4,18,22,44,326,370
00754400,APPALACHIAN BIBLE COLLEGE               ,WV,25818-1353,Private      ,2,1,3,255,78,333
00757800,HUNTINGTON SCHOOL OF BEAUTY CULTURE     ,WV,25705-2030,Proprietary  ,4,15,19,46,120,166
00760000,INTERNATIONAL BEAUTY SCHOOL             ,WV,25401-3231,Proprietary  ,9,38,47,38,158,196
00835500,JAMES RUMSEY TECHNICAL INSTITUTE        ,WV,25403-0259,Public       ,2,13,15,77,239,316
00895900,CLARKSBURG BEAUTY ACADEMY               ,WV,26301-2903,Proprietary  ,8,18,26,61,107,168
00904700,HUNTINGTON JUNIOR COLLEGE               ,WV,25701-2004,Proprietary  ,33,159,192,237,1453,1690
00905400,WEST VIRGINIA NORTHERN CMTY COLLEGE     ,WV,26003-0000,Public       ,37,148,185,1141,2580,3721
01014000,MINERAL COUNTY VOCATIONAL TECH CTR      ,WV,26726-0000,Public       ,0,1,1,10,40,50
01035600,EVEREST INSTITUTE                       ,WV,25313-1304,Proprietary  ,29,182,211,195,907,1102
01057300,WEST VIRGINIA JUNIOR COLLEGE            ,WV,25322-0000,Proprietary  ,8,30,38,156,397,553
01057302,WEST VIRGINIA JUNIOR COLLEGE            ,WV,26330-0000,Proprietary  ,11,42,53,164,325,489
01086100,WEST VIRGINIA BUSINESS COLLEGE          ,WV,26301-0000,Proprietary  ,2,29,31,27,229,256
01124500,WEST VIRGINIA SCH OSTEOPATHIC MED       ,WV,24901-1128,Public       ,0,2,2,7,852,859
01174900,WOOD COUNTY SCH OF PRAC NURSING         ,WV,26101-6424,Public       ,1,0,1,21,44,65
01235900,B M SPURR SCHOOL OF PRAC NURSING        ,WV,26038-1660,Private      ,1,0,1,11,20,31
01257300,WEST VIRGINIA UNIV-HOSP-RAD TECH        ,WV,26506-8062,Private      ,1,2,3,60,46,106
01274300,BENJAMIN FRANKLIN CAREER&TECH           ,WV,25064-0000,Public       ,4,16,20,59,181,240
01290400,MONONGALIA CNTY TECH ED CTR             ,WV,26501-6841,Public       ,1,3,4,47,148,195
01290500,ACADEMY OF CAREERS AND TECHNOLOGY       ,WV,25801-0000,Public       ,4,11,15,81,320,401
02057400,ROANE-JACKSON TECHNICAL CENTER          ,WV,25252-0000,Public       ,1,2,3,15,80,95
02068000,UNITED TECHNICAL CENTER                 ,WV,26301-0000,Public       ,0,7,7,33,107,140
02070100,BECKLEY BEAUTY ACADEMY                  ,WV,25801-0000,Proprietary  ,4,8,12,40,88,128
02073400,CARVER CAREER TECH ED CTR               ,WV,25306-6397,Public       ,11,18,29,145,316,461
02145100,SCOTT COLLEGE OF COSMETOLOGY            ,WV,26003-0000,Proprietary  ,7,13,20,53,55,108
02178200,CHARLESTON SCHOOL OF BEAUTY CULTURE     ,WV,25301-0000,Proprietary  ,2,22,24,40,135,175
02218200,GARNET CAREER CENTER                    ,WV,25301-0000,Public       ,1,31,32,89,361,450
02275300,CABELL COUNTY CAREER TECHNOLOGY CTR     ,WV,25705-0000,Public       ,4,12,16,90,171,261
02524500,RALPH R WILLIS VOCATIONAL CENTER        ,WV,25601-0000,Public       ,0,0,0,16,45,61
02534800,FRED W EBERLE TECHNICAL CENTER          ,WV,26201-0000,Public       ,6,12,18,49,175,224
02535500,MERCER COUNTY TECH EDUC CNTR            ,WV,24740-0000,Public       ,3,6,9,59,177,236
02579900,NORTH CENTRAL OPPORTUNITIES IND CTR     ,WV,26554-2936,Private      ,2,22,24,26,137,163
02609400,VALLEY COLLEGE                          ,WV,25404-5711,Proprietary  ,0,22,22,21,178,199
03052000,MEREDITH MANOR EQUESTRIAN CENTRE        ,WV,26184-9707,Proprietary  ,7,4,11,159,107,266
03076500,FAYETTE INSTITUTE OF TECHNOLOGY         ,WV,25901-2174,Public       ,3,16,19,17,80,97
03084200,VALLEY COLLEGE                          ,WV,24740-3141,Proprietary  ,4,10,14,13,72,85
03084400,VALLEY COLLEGE                          ,WV,25801-2643,Proprietary  ,0,14,14,19,119,138
03098300,PUTNAM CAREER & TECHNICAL CENTER        ,WV,25070-0000,Public       ,2,5,7,25,68,93
03099200,"MOUNTAINEER BEAUTY COLLEGE, INC         ",WV,25177-2917,Proprietary  ,2,6,8,24,57,81
03102100,MORGANTOWN BEAUTY COLLEGE               ,WV,26505-5430,Proprietary  ,4,5,9,51,93,144
03123200,STANLEY TECHNICAL INSTITUTE             ,WV,26505-3751,Private      ,4,9,13,9,69,78
03327500,SOUTH BRANCH VOCATIONAL TECH CENTER     ,WV,26847-1698,Public       ,1,1,2,7,23,30
03734300,JOHN D. ROCKEFELLER IV CAREER CENTER    ,WV,26047-9424,Public       ,1,1,2,12,25,37
03819300,AMERICAN PUBLIC UNIVERSITY SYSTEM       ,WV,25414-1621,Proprietary  ,49,1913,1962,413,12915,13328
03957300,BLUE RIDGE COMMUNITY AND TECHNICAL COLLE,WV,25401-3244,Public       ,38,161,199,644,1411,2055
03960300,NEW RIVER COMMUNITY AND TECHNICAL COLLEG,WV,25801-2636,Public       ,45,188,233,962,2408,3370
04028300,MOUNTAIN STATE SCHOOL OF MASSAGE        ,WV,25304-2025,Proprietary  ,2,6,8,21,71,92
04038500,PIERPONT COMMUNITY & TECHNICAL COLLEGE  ,WV,26554-2451,Public       ,43,74,117,730,905,1635
04038600,WEST VIRGINIA STATE COMMUNITY AND TECHNI,WV,25112-1000,Public       ,7,54,61,505,1301,1806
04041400,MARSHALL COMMUNITY AND TECHNICAL COLLEGE,WV,25755-3300,Public       ,25,130,155,947,1633,2580
04047300,BRIDGEMONT COMMUNITY & TECHNICAL COLLEGE,WV,25136-2435,Public       ,12,13,25,590,350,940
04119000,EASTERN WEST VIRGINIA COMMUNITY & TECHNI,WV,26836-0000,Public       ,17,44,61,41,121,162
00106100,ALASKA PACIFIC UNIVERSITY               ,AK,99508-4672,Private      ,6,33,39,573,675,1248
00106300,UNIVERSITY OF ALASKA FAIRBANKS          ,AK,99775-7500,Public       ,90,242,332,2637,3369,6006
00106500,UNIVERSITY OF ALASKA SOUTHEAST          ,AK,99801-8680,Public       ,32,99,131,585,1278,1863
00884300,ALASKA BIBLE COLLEGE                    ,AK,99588-0000,Private      ,0,1,1,19,11,30
01146200,UNIVERSITY OF ALASKA ANCHORAGE          ,AK,99514-1608,Public       ,213,457,670,5384,7831,13215
02541000,CAREER ACADEMY                          ,AK,99507-0000,Proprietary  ,36,118,154,127,608,735
02576900,CHARTER COLLEGE                         ,AK,99508-0000,Proprietary  ,113,474,587,482,2492,2974
03160300,AVTEC                                   ,AK,99664-0889,Public       ,7,20,27,169,318,487
03461300,ILISAGVIK COLLEGE                       ,AK,99723-0749,Public       ,3,8,11,19,81,100
04138600,ALASKA CHRISTIAN COLLEGE                ,AK,99669-9755,Private      ,7,2,9,47,21,68
00108500,UNIV ARKANSAS MONTICELLO                ,AR,71656-0000,Public       ,62,96,158,2042,2399,4441
00108600,UNIV OF ARKANSAS AT PINE BLUFF          ,AR,71601-2790,Public       ,82,60,142,4150,2147,6297
00108700,ARKANSAS BAPTIST COLLEGE                ,AR,72202-6099,Private      ,17,35,52,687,911,1598
00108800,LYON COLLEGE                            ,AR,72501-3699,Private      ,8,5,13,770,139,909
00108900,ARKANSAS TECH UNIVERSITY                ,AR,72801-2222,Public       ,114,122,236,5007,4040,9047
00109000,ARKANSAS STATE UNIVERSITY               ,AR,72467-0000,Public       ,176,623,799,7534,10291,17825
00109006,DELTA TECHNICAL INSTITUTE               ,AR,72365-9558,Public       ,0,7,7,30,106,136
00109100,ARKANSAS STATE UNIVERSITY - BEEBE       ,AR,72012-1000,Public       ,46,137,183,1851,3132,4983
00109200,UNIVERSITY OF CENTRAL ARKANSAS          ,AR,72035-0001,Public       ,145,125,270,7645,4722,12367
00109300,CENTRAL BAPTIST COLLEGE                 ,AR,72034-6470,Private      ,10,28,38,403,348,751
00109400,UNIVERSITY OF THE OZARKS                ,AR,72830-2880,Private      ,15,4,19,622,143,765
00109500,CROWLEYS RIDGE COLLEGE                  ,AR,72450-9775,Private      ,0,3,3,157,92,249
00109700,HARDING UNIVERSITY                      ,AR,72149-0001,Private      ,51,68,119,3369,1622,4991
00109800,HENDERSON STATE UNIVERSITY              ,AR,71999-0001,Public       ,46,61,107,3097,1786,4883
00109900,HENDRIX COLLEGE                         ,AR,72032-3080,Private      ,22,8,30,1999,126,2125
00110000,JOHN BROWN UNIVERSITY                   ,AR,72761-2747,Private      ,17,59,76,1214,1162,2376
00110100,UNIV ARKANSAS LITTLE ROCK               ,AR,72204-1099,Public       ,88,297,385,4478,10291,14769
00110200,OUACHITA BAPTIST UNIVERSITY             ,AR,71998-0001,Private      ,14,2,16,1461,169,1630
00110300,PHILANDER SMITH COLLEGE                 ,AR,72202-3718,Private      ,16,26,42,830,739,1569
00110400,PHILLIPS COUNTY COMMUNITY COLLEGE       ,AR,72342-0000,Public       ,42,114,156,512,1165,1677
00110401,RICE BELT TECH INST                     ,AR,72042-0000,Public       ,0,2,2,7,13,20
00110600,WILLIAMS BAPTIST COLLEGE                ,AR,72476-4661,Private      ,8,9,17,551,212,763
00110700,SOUTHERN ARKANSAS UNIVERSITY            ,AR,71754-0000,Public       ,55,72,127,2217,1818,4035
00110800,UNIV ARKANSAS FAYETTEVILLE              ,AR,72701-0000,Public       ,226,191,417,10173,6164,16337
00110900,UNIV OF ARKANSAS FOR MEDCL SCIENCES     ,AR,72205-7102,Public       ,9,29,38,459,1961,2420
00110901,UNIV OF ARKANSAS COLG OF MEDICINE       ,AR,72205-0000,Public       ,2,5,7,51,700,751
00111000,UNIVERSITY OF ARKANSAS-FORT SMITH       ,AR,72904-7397,Public       ,105,189,294,3744,4768,8512
00524500,U OF A COMM COLLEGE AT MORRILTON        ,AR,72110-9601,Public       ,31,66,97,1121,2105,3226
00570700,SEARK COLLEGE                           ,AR,71603-0000,Public       ,44,132,176,750,2332,3082
00573200,UNIV AR COMMUNITY COLLEGE AT HOPE       ,AR,71801-0000,Public       ,36,101,137,597,1463,2060
00704400,CROWLEYS RIDGE TECHNICAL INSTITUTE      ,AR,72336-0000,Public       ,12,33,45,126,306,432
00773800,SOUTHERN ARKANSAS UNIVERSITY TECH       ,AR,71701-1900,Public       ,16,34,50,476,904,1380
00792100,FAYETTEVILLE BEAUTY COLLEGE             ,AR,72701-0000,Proprietary  ,3,9,12,42,100,142
00997600,OUACHITA TECHNICAL COLLEGE              ,AR,72104-0816,Public       ,4,39,43,358,1017,1375
01074100,MELLIE'S BEAUTY COLLEGE                 ,AR,72901-3886,Proprietary  ,5,19,24,54,163,217
01210500,NATIONAL PARK COMMUNITY COLLEGE         ,AR,71913-9174,Public       ,39,135,174,1191,2945,4136
01226000,EAST ARKANSAS COMMUNITY COLLEGE         ,AR,72335-2204,Public       ,30,83,113,590,1044,1634
01226100,NORTH ARKANSAS COLLEGE                  ,AR,72601-5508,Public       ,24,83,107,974,2050,3024
01286000,ARKANSAS NORTHEASTERN COLLEGE           ,AR,72316-1109,Public       ,52,185,237,813,1973,2786
02052200,BLACK RIVER TECHNICAL COLLEGE           ,AR,72455-0000,Public       ,33,104,137,786,2093,2879
02073500,UNIVERSITY OF ARKANSAS COMMUNITY COLLEGE,AR,72503-0000,Public       ,32,79,111,530,1451,1981
02073502,UNIVERSITY OF ARKANSAS COMMUNITY COLLEGE,AR,72501-0000,Public       ,0,0,0,31,102,133
02073700,NORTHWEST TECHNICAL INSTITUTE           ,AR,72765-0000,Public       ,5,29,34,167,632,799
02074600,SOUTH ARKANSAS COMMUNITY COLLEGE        ,AR,71731-0000,Public       ,19,68,87,506,1763,2269
02075300,PULASKI TECHNICAL COLLEGE               ,AR,72118-0000,Public       ,92,409,501,3344,12889,16233
02087000,OZARKA COLLEGE                          ,AR,72556-0000,Public       ,13,91,104,321,1249,1570
02111100,RICH MOUNTAIN COMMUNITY COLLEGE         ,AR,71953-0000,Public       ,11,64,75,380,654,1034
02202400,PROFESSIONAL COSMETOLOGY EDUC CTR       ,AR,71730-5828,Proprietary  ,2,13,15,23,94,117
02220900,COSSATOT COMMUNITY COLLEGE              ,AR,71832-0000,Public       ,12,84,96,449,1151,1600
02260400,BEE JAY'S HAIRSTYLING ACADEMY           ,AR,72212-0000,Proprietary  ,5,4,9,13,60,73
02260401,BEE JAY'S HAIRSTYLING ACADEMY - BATESVIL,AR,72501-6709,Proprietary  ,0,8,8,6,36,42
02272400,EASTERN COLLEGE OF HEALTH VOCATIONS     ,AR,72209-0000,Proprietary  ,23,101,124,194,813,1007
02284200,NEW TYLER BARBER COLLEGE INC            ,AR,72114-0000,Proprietary  ,5,28,33,43,171,214
02287400,MARSHA KAY BEAUTY COLLEGE               ,AR,72653-0000,Proprietary  ,0,1,1,22,35,57
02321701,ITT TECHNICAL INSTITUTE                 ,AR,72204-9925,Proprietary  ,39,136,175,396,1162,1558
02330800,JEFFERSON SCHOOL OF NURSING             ,AR,71603-0000,Private      ,1,3,4,33,122,155
02339800,SOUTHERN INSTITUTE OF COSMETOLOGY       ,AR,72301-0000,Proprietary  ,10,27,37,25,93,118
02341700,CAREER ACADEMY OF HAIR DESIGN           ,AR,72764-4304,Proprietary  ,4,15,19,72,214,286
02341701,CAREER ACADEMY OF HAIR DESIGN - ROGERS  ,AR,72756-2102,Proprietary  ,7,22,29,26,115,141
02341702,CAREER ACADEMY OF HAIR DESIGN - SILOAM  ,AR,72761-4217,Proprietary  ,1,4,5,2,9,11
02348200,MID-SOUTH COMMUNITY COLLEGE             ,AR,72301-0000,Public       ,54,193,247,805,2103,2908
02363500,ARTHUR'S BEAUTY COLLEGE                 ,AR,72901-0000,Proprietary  ,2,8,10,23,75,98
02525800,LEE'S SCHOOL OF COSMETOLOGY             ,AR,72114-0000,Proprietary  ,0,6,6,13,62,75
02538500,ARTHUR'S BEAUTY COLLEGE                 ,AR,72076-0000,Proprietary  ,10,27,37,78,225,303
02569600,SEARCY BEAUTY COLLEGE                   ,AR,72143-0000,Proprietary  ,2,10,12,20,83,103
03005100,ARKANSAS BEAUTY SCHOOL                  ,AR,72209-5116,Proprietary  ,3,7,10,25,127,152
03007100,HOT SPRINGS BEAUTY COLLEGE              ,AR,71901-5432,Proprietary  ,7,9,16,46,90,136
03007600,ARKANSAS BEAUTY SCHOOL-CONWAY           ,AR,72032-4354,Proprietary  ,2,7,9,36,82,118
03023400,ARKANSAS COLLEGE OF BARBERING           ,AR,72114-5615,Proprietary  ,6,22,28,60,207,267
03063300,NORTHWEST ARKANSAS COMMUNITY COLLEG     ,AR,72712-5190,Public       ,99,244,343,2477,5022,7499
03065100,ABC BEAUTY COLLEGE                      ,AR,71923-4206,Proprietary  ,3,12,15,27,90,117
03066302,BRYAN COLLEGE -                         ,AR,72756-1825,Proprietary  ,12,66,78,84,402,486
03105200,BAPTIST HEALTH SCHOOLS LITTLE ROCK      ,AR,72210-0000,Private      ,8,19,27,441,1586,2027
03115102,HERITAGE COLLEGE - LITTLE ROCK          ,AR,72227-5544,Proprietary  ,38,181,219,81,509,590
03116800,"DELUXE BEAUTY SCHOOL, L.L.C.            ",AR,71603-0000,Proprietary  ,1,0,1,5,28,33
03124900,IMAGINE -  PAUL MITCHELL PARTNER SCHOOL ,AR,72117-2516,Proprietary  ,22,36,58,143,218,361
03127200,ASKINS VO-TECH                          ,AR,72908-8028,Proprietary  ,2,26,28,14,95,109
03214300,VELVATEX COLLEGE OF BEAUTY CULTURE      ,AR,72202-5452,Proprietary  ,3,2,5,9,34,43
03254300,MARGARET'S HAIR ACADEMY                 ,AR,71655-4905,Proprietary  ,2,10,12,26,79,105
03519400,LYNNDALE FUNDAMENTALS OF BEAUTY SCH     ,AR,71730-4804,Proprietary  ,1,4,5,11,38,49
03855300,ECCLESIA COLLEGE                        ,AR,72762-8159,Private      ,1,6,7,84,46,130
03912300,CROSSETT SCHOOL OF COSMETOLOGY          ,AR,71635-0000,Proprietary  ,1,9,10,5,30,35
03997300,ARKANSAS BEAUTY COLLEGE                 ,AR,72801-3741,Proprietary  ,5,7,12,28,62,90
00133900,CORBAN COLLEGE                          ,OR,97301-9392,Private      ,32,24,56,1231,563,1794
00316505,CASCADE COLLEGE                         ,OR,97216-0000,Private      ,0,10,10,42,167,209
00318600,BLUE MOUNTAIN COMMUNITY COLLEGE         ,OR,97801-0000,Public       ,60,180,240,1012,2145,3157
00318800,CENTRAL OREGON COMMUNITY COLLEGE        ,OR,97701-5998,Public       ,149,584,733,2767,6254,9021
00318900,CLATSOP COMMUNITY COLLEGE               ,OR,97103-3698,Public       ,25,82,107,429,851,1280
00319100,CONCORDIA UNIVERSITY                    ,OR,97211-6099,Private      ,31,169,200,1311,1953,3264
00319300,EASTERN OREGON UNIVERSITY               ,OR,97850-2899,Public       ,63,151,214,2103,2936,5039
00319400,GEORGE FOX UNIVERSITY                   ,OR,97132-2697,Private      ,40,97,137,2395,2146,4541
00319600,LANE COMMUNITY COLLEGE                  ,OR,97405-0640,Public       ,341,1059,1400,6265,13603,19868
00319700,LEWIS & CLARK COLLEGE                   ,OR,97219-7899,Private      ,43,61,104,4513,3668,8181
00319800,LINFIELD COLLEGE                        ,OR,97128-6894,Private      ,44,45,89,2749,804,3553
00319801,LINFIELD COLLEGE - PORTLAND CAMPUS      ,OR,97210-0000,Private      ,9,27,36,293,790,1083
00319900,MARYLHURST UNIVERSITY                   ,OR,97036-7036,Private      ,9,193,202,166,2245,2411
00320300,MOUNT ANGEL SEMINARY                    ,OR,97373-0505,Private      ,0,0,0,16,19,35
00320400,MOUNT HOOD COMMUNITY COLLEGE            ,OR,97030-3300,Public       ,265,753,1018,4081,7837,11918
00320600,MULTNOMAH BIBLE COLLEGE/SEMINARY        ,OR,97220-5898,Private      ,9,30,39,514,698,1212
00320700,PACIFIC NORTHWEST COLLEGE OF ART        ,OR,97209-3023,Private      ,11,13,24,706,617,1323
00320800,NORTHWEST CHRISTIAN UNIVERSITY          ,OR,97401-3727,Private      ,6,18,24,640,580,1220
00320900,WESTERN OREGON UNIVERSITY               ,OR,97361-1394,Public       ,124,93,217,5740,2514,8254
00321000,OREGON STATE UNIVERSITY                 ,OR,97331-8507,Public       ,377,339,716,18443,9531,27974
00321100,OREGON INSTITUTE OF TECHNOLOGY          ,OR,97601-8801,Public       ,48,107,155,2198,2113,4311
00321200,PACIFIC UNIVERSITY                      ,OR,97116-1797,Private      ,45,70,115,2598,2934,5532
00321300,PORTLAND COMMUNITY COLLEGE              ,OR,97219-7198,Public       ,795,2823,3618,11335,29434,40769
00321600,PORTLAND STATE UNIVERSITY               ,OR,97207-0000,Public       ,357,962,1319,13174,21743,34917
00321700,REED COLLEGE                            ,OR,97202-8199,Private      ,28,26,54,2747,450,3197
00321800,CHEMEKETA COMMUNITY COLLEGE             ,OR,97309-1500,Public       ,278,926,1204,5345,12511,17856
00321900,SOUTHERN OREGON UNIVERSITY              ,OR,97520-5010,Public       ,95,184,279,4467,3197,7664
00322000,SOUTHWESTERN OREGON COMMUNITY CLG       ,OR,97420-2956,Public       ,35,129,164,1472,1713,3185
00322100,TREASURE VALLEY COMMUNITY COLLEGE       ,OR,97914-3423,Public       ,64,310,374,1497,2900,4397
00322200,UMPQUA COMMUNITY COLLEGE                ,OR,97470-0226,Public       ,103,335,438,1385,3833,5218
00322300,UNIVERSITY OF OREGON                    ,OR,97403-1226,Public       ,347,303,650,20394,10257,30651
00322400,UNIVERSITY OF PORTLAND                  ,OR,97203-5798,Private      ,103,79,182,7282,1921,9203
00322500,WARNER PACIFIC COLLEGE                  ,OR,97215-4099,Private      ,27,193,220,772,1653,2425
00322700,WILLAMETTE UNIVERSITY                   ,OR,97301-3930,Private      ,57,31,88,4078,1882,5960
00487800,CLACKAMAS COMMUNITY COLLEGE             ,OR,97045-7998,Public       ,217,549,766,3235,5407,8642
00488200,OREGON HEALTH & SCIENCE UNIVERSITY      ,OR,97239-0000,Public       ,11,65,76,421,3378,3799
00488230,OREGON GRAD INST OF SCIENCE & TECH      ,OR,97006-0000,Public       ,0,0,0,2,11,13
00693800,LINN BENTON COMMUNITY COLLEGE           ,OR,97321-3774,Public       ,169,429,598,3713,5657,9370
00717800,WESTERN SEMINARY                        ,OR,97215-0000,Private      ,0,21,21,5,317,322
00723402,HEALD COLLEGE - PORTLAND                ,OR,97205-3432,Proprietary  ,44,257,301,326,1491,1817
00781900,ART INSTITUTE OF PORTLAND (THE)         ,OR,97209-2911,Proprietary  ,80,137,217,1789,1900,3689
00888700,CONCORDE CAREER INSTITUTE               ,OR,97232-2242,Proprietary  ,56,191,247,360,1344,1704
00907900,EVEREST COLLEGE                         ,OR,97204-2296,Proprietary  ,41,177,218,325,1358,1683
00958100,SPRINGFIELD COLLEGE OF BEAUTY           ,OR,97477-5474,Proprietary  ,3,17,20,84,195,279
01012200,PHAGANS' MEDFORD BEAUTY SCHOOL          ,OR,97504-5297,Proprietary  ,8,18,26,61,154,215
01018200,ROGUE COMMUNITY COLLEGE                 ,OR,97527-0000,Public       ,152,562,714,2664,6534,9198
01050700,ACADEMY OF HAIR DESIGN                  ,OR,97301-3526,Proprietary  ,7,20,27,50,127,177
01185200,ITT TECHNICAL INSTITUTE                 ,OR,97220-0000,Proprietary  ,82,270,352,734,1932,2666
01230900,WESTERN STATES CHIROPRACTIC COLLEGE     ,OR,97230-3099,Private      ,4,15,19,35,554,589
01234700,PHAGANS CENTRAL OREGON BEAUTY CLG       ,OR,97701-5175,Proprietary  ,8,36,44,91,293,384
01234800,PHAGANS BEAUTY COLLEGE                  ,OR,97333-4716,Proprietary  ,3,13,16,56,122,178
01235000,PHAGANS SCHOOL OF HAIR DESIGN           ,OR,97267-4808,Proprietary  ,3,7,10,42,105,147
01235100,PHAGANS SCHOOL OF BEAUTY                ,OR,97301-4732,Proprietary  ,4,18,22,50,142,192
01300800,PHAGANS TIGARD BEAUTY SCHOOL            ,OR,97223-0000,Proprietary  ,1,9,10,23,81,104
02101000,NORTHWEST COLLEGE OF HAIR DESIGN        ,OR,97086-7702,Proprietary  ,21,62,83,138,374,512
02101002,NORTHWEST COLLEGE                       ,OR,97007-3954,Proprietary  ,1,10,11,17,49,66
02104900,COLLEGE OF LEGAL ARTS                   ,OR,97219-9998,Proprietary  ,4,38,42,45,314,359
02106100,COLLEGE OF COSMETOLOGY                  ,OR,97601-0000,Proprietary  ,3,8,11,40,84,124
02154400,BEAU MONDE CLG OF HAIR DESIGN           ,OR,97205-0000,Proprietary  ,15,44,59,137,314,451
02159700,EUGENE BIBLE COLLEGE                    ,OR,97405-0000,Private      ,0,5,5,105,121,226
02201900,PHAGANS' SCHOOL OF HAIR DESIGN          ,OR,97232-0000,Proprietary  ,12,30,42,114,362,476
02239203,ALLIED COLLEGE - ANTHEM COLLEGE         ,OR,97005-0000,Proprietary  ,2,16,18,35,142,177
02330100,PIONEER PACIFIC COLLEGE                 ,OR,97070-0000,Proprietary  ,47,233,280,373,1566,1939
02330102,PIONEER PACIFIC COLLEGE                 ,OR,97403-0000,Proprietary  ,19,118,137,152,1090,1242
02337900,COLLEGE OF HAIR DESIGN CAREERS          ,OR,97301-0000,Proprietary  ,8,15,23,64,115,179
02344100,ROSEBURG BEAUTY COLLEGE                 ,OR,97470-0000,Proprietary  ,5,7,12,39,100,139
02534000,NATIONAL COLLEGE OF NATURAL MEDICINE    ,OR,97201-0000,Private      ,0,9,9,16,718,734
02578800,NORTHWEST NANNIES INSTITUTE             ,OR,97035-0000,Proprietary  ,2,2,4,41,14,55
02603700,OREGON COL OF ORIENTAL MEDICINE         ,OR,97216-0000,Private      ,0,5,5,8,377,385
02617506,EVEREST COLLEGE - EVEREST INSTITUTE     ,OR,97223-6581,Proprietary  ,23,101,124,115,447,562
03007300,OREGON COLLEGE OF ART & CRAFT           ,OR,97225-6399,Private      ,5,6,11,155,287,442
03022600,LE CORDON BLEU COLLEGE OF CULINARY ARTS ,OR,97205-2793,Proprietary  ,119,400,519,1632,2981,4613
03042500,APOLLO COLLEGE                          ,OR,97232-1302,Proprietary  ,78,391,469,594,2424,3018
03074400,PHAGANS NEWPORT ACAD CSMTLGY CAREER     ,OR,97365-4963,Proprietary  ,3,3,6,30,67,97
03074500,EAST-WEST COLLEGE OF THE HEALING ARTS   ,OR,97232-2765,Proprietary  ,5,33,38,103,449,552
03185300,PHAGANS GRANTS PASS COLLEGE OF BTY      ,OR,97527-3039,Proprietary  ,3,12,15,42,108,150
03428300,KLAMATH COMMUNITY COLLEGE               ,OR,97603-7121,Public       ,34,149,183,523,1568,2091
03642300,VALLEY MEDICAL COLLEGE                  ,OR,97305-1373,Proprietary  ,9,65,74,53,362,415
03668300,BIRTHINGWAY COLLEGE OF MIDWIFERY        ,OR,97266-4042,Private      ,1,3,4,19,142,161
03783400,ABDILL CAREER COLLEGE                   ,OR,97504-7137,Proprietary  ,7,40,47,40,273,313
04146500,PORTLAND ACTORS CONSERVATORY            ,OR,97201-2557,Private      ,0,3,3,3,7,10
00137400,ALBERTUS MAGNUS COLLEGE                 ,CT,06511-1189,Private      ,12,48,60,864,1073,1937
00137403,ALBERTUS MAGNUS CLG-NEW DIMENSIONS      ,CT,06511-0000,Private      ,3,78,81,51,804,855
00137800,CENTRAL CONNECTICUT STATE UNIV          ,CT,06050-2490,Public       ,132,180,312,9609,4449,14058
00137900,CONNECTICUT COLLEGE                     ,CT,06320-4196,Private      ,24,2,26,2946,102,3048
00138000,WESTERN CONNECTICUT STATE UNIV          ,CT,06810-6826,Public       ,87,54,141,5711,1654,7365
00138500,FAIRFIELD UNIVERSITY                    ,CT,06430-0000,Private      ,50,58,108,6481,1047,7528
00138700,HARTFORD SEMINARY                       ,CT,06105-0000,Private      ,0,5,5,7,44,51
00138900,HOLY APOSTLES COLLEGE & SEMINARY        ,CT,06416-2005,Private      ,0,4,4,13,59,72
00139200,MANCHESTER COMMUNITY COLLEGE            ,CT,06045-1046,Public       ,91,188,279,3381,3288,6669
00139300,MITCHELL COLLEGE                        ,CT,06320-4498,Private      ,19,6,25,1153,229,1382
00139700,UNIVERSITY OF NEW HAVEN                 ,CT,06516-1999,Private      ,77,75,152,7169,2009,9178
00139800,NORTHWESTERN CT COMMUNITY COLLEGE       ,CT,06098-1747,Public       ,11,27,38,567,645,1212
00139900,NORWALK COMMUNITY TECHNICAL COLLEGE     ,CT,06854-1655,Public       ,76,139,215,2108,2563,4671
00140100,POST UNIVERSITY                         ,CT,06723-3240,Proprietary  ,48,435,483,1190,2688,3878
00140200,QUINNIPIAC UNIVERSITY                   ,CT,06518-1908,Private      ,77,58,135,11918,1655,13573
00140201,QUINNIPIAC UNIVERSITY SCHOOL OF LAW     ,CT,06518-0000,Private      ,3,6,9,110,1306,1416
00140300,SACRED HEART UNIVERSITY                 ,CT,06825-1000,Private      ,71,93,164,7096,1662,8758
00140600,SOUTHERN CONNECTICUT STATE UNIV         ,CT,06515-1355,Public       ,103,137,240,9433,5107,14540
00140900,SAINT JOSEPH COLLEGE                    ,CT,06117-2791,Private      ,19,118,137,1178,1242,2420
00141400,TRINITY COLLEGE                         ,CT,06106-3100,Private      ,36,7,43,2814,263,3077
00141600,UNIVERSITY OF BRIDGEPORT                ,CT,06601-5650,Private      ,64,125,189,3478,2869,6347
00141700,UNIVERSITY OF CONNECTICUT-STORRS        ,CT,06269-2151,Public       ,213,175,388,25994,5953,31947
00141702,UNIV CONN STAMFORD                      ,CT,06901-0000,Public       ,8,11,19,420,293,713
00141703,UNIV OF CONNECTICUT - TORINGTON         ,CT,06790-0000,Public       ,3,2,5,176,61,237
00141706,UNIV OF CONNECTICUT SCH LAW             ,CT,06105-0000,Public       ,2,5,7,30,1335,1365
00141707,UNIV OF CT - SCH OF SOCIAL WORK         ,CT,06117-0000,Public       ,1,4,5,79,456,535
00141708,UNIVERSITY OF CONNECTICUT - SCHOOL OF ME,CT,06030-1920,Public       ,2,9,11,30,555,585
00141709,UNIVERSITY OF CONNECTICUT - SCHOOL OF DE,CT,06030-1920,Public       ,10,15,25,42,267,309
00142200,UNIVERSITY OF HARTFORD                  ,CT,06117-1599,Private      ,112,53,165,9502,1882,11384
00142400,WESLEYAN UNIVERSITY                     ,CT,06459-3208,Private      ,36,4,40,5554,214,5768
00142500,EASTERN CONNECTICUT STATE UNIV          ,CT,06226-2295,Public       ,74,42,116,5521,1314,6835
00142600,YALE UNIVERSITY                         ,CT,06520-8288,Private      ,119,79,198,16233,7741,23974
00142601,YALE UNIV PHYSICIANS ASSOC PROG         ,CT,06510-0000,Private      ,0,0,0,9,113,122
00142602,YALE UNIV EPIDEMIOLOGY & PUB HLTH       ,CT,06510-0000,Private      ,0,0,0,0,11,11
00142603,YALE UNIV SCHOOL MEDICINE               ,CT,06510-0000,Private      ,0,0,0,51,872,923
00280301,RENSSELAER POLYTECHNIC INSTITUTE-RENSSEL,CT,06120-2991,Private      ,1,7,8,15,114,129
00451300,HOUSATONIC COMMUNITY COLLEGE            ,CT,06604-4704,Public       ,66,146,212,2545,3863,6408
00618100,BRIDGEPORT HOSP SCHL OF NURSING         ,CT,06610-2896,Private      ,0,12,12,91,354,445
00619100,ST. VINCENT'S COLLEGE                   ,CT,06606-9966,Private      ,2,30,32,269,649,918
00698200,NAUGATUCK VALLEY COMM-TECH COLG         ,CT,06708-3089,Public       ,107,184,291,2743,3196,5939
00730000,ELI WHITNEY TECHNICAL HIGH SCHOOL       ,CT,06514-0000,Public       ,0,2,2,19,74,93
00730300,LINCOLN TECHNICAL INSTITUTE             ,CT,06051-0000,Proprietary  ,173,428,601,1121,2719,3840
00730500,PORTER AND CHESTER INSTITUTE OF BRANFORD,CT,06405-4022,Proprietary  ,27,80,107,295,497,792
00731100,WINDHAM TECHNICAL HIGH SCHOOL           ,CT,06226-2100,Public       ,0,0,0,10,37,47
00745900,PAIER COLLEGE OF ART                    ,CT,06514-3902,Proprietary  ,5,1,6,184,82,266
00763500,CAPITAL COMMUNITY COLLEGE               ,CT,06103-1207,Public       ,57,157,214,1767,4115,5882
00803700,GATEWAY COMMUNITY-TECHNICAL COLLEGE     ,CT,06511-0000,Public       ,128,226,354,2710,4253,6963
00803800,MIDDLESEX COMMUNITY CLG                 ,CT,06457-4889,Public       ,50,86,136,1048,1369,2417
00887200,RENASCI ACADEMY OF HAIR                 ,CT,06460-4160,Proprietary  ,0,0,0,5,31,36
00887300,PAUL MITCHELL THE SCHOOL                ,CT,06810-6716,Proprietary  ,9,11,20,80,64,144
00887400,BRIO ACADEMY OF COSMETOLOGY             ,CT,06450-4836,Proprietary  ,25,66,91,162,389,551
00887403,BRIO ACADEMY OF COSMETOLOGY - WILLIMANTI,CT,06226-1940,Proprietary  ,1,1,2,4,12,16
00906500,THE HARTFORD CONSERVATORY               ,CT,06105-2891,Private      ,1,0,1,49,17,66
00927700,E C GOODWIN TECHNICAL HIGH SCHOOL       ,CT,06053-0000,Public       ,1,4,5,22,48,70
00929100,J M WRIGHT TECHNICAL HIGH SCHOOL        ,CT,06904-0000,Public       ,0,0,0,6,18,24
00940700,BRIARWOOD COLLEGE                       ,CT,06489-1057,Proprietary  ,15,28,43,699,702,1401
00976400,TUNXIS COMMUNITY COLLEGE                ,CT,06032-3187,Public       ,63,88,151,1654,1940,3594
00976500,THREE RIVERS COMMUNITY TECH COLLEGE     ,CT,06360-0000,Public       ,64,180,244,1517,2507,4024
00982200,ALBERT I PRINCE TECHNICAL HIGH SCHOOL   ,CT,06106-3799,Public       ,0,0,0,11,65,76
01041700,BRIO ACADEMY OF EAST HARTFORD           ,CT,06108-2220,Proprietary  ,14,35,49,65,189,254
01053000,QUINEBAUG VALLEY COMMUNITY COLLEGE      ,CT,06239-1440,Public       ,24,88,112,777,1346,2123
01077900,PORTER AND CHESTER INSTITUTE-ALLCAMPUSES,CT,06615-7158,Proprietary  ,269,689,958,1471,3056,4527
01115000,ASNUNTUCK COMMUNITY COLLEGE             ,CT,06082-3800,Public       ,21,52,73,481,791,1272
01149600,BULLARD HAVENS VOC TECH SCHOOL          ,CT,06610-3499,Public       ,0,2,2,12,66,78
01169700,VINAL REGIONAL VOC TECH SCHOOL          ,CT,06457-4918,Public       ,0,1,1,8,29,37
01184300,NORWICH TECHNICAL HIGH SCHOOL           ,CT,06360-7097,Public       ,0,1,1,11,37,48
01218500,H C WILCOX TECHNICAL HIGH SCHOOL        ,CT,06450-0000,Public       ,0,0,0,4,2,6
01242500,STONE ACADEMY                           ,CT,06514-4125,Proprietary  ,23,121,144,231,1304,1535
01242503,STONE ACADEMY -WATERBURY                ,CT,06705-3823,Proprietary  ,1,6,7,18,67,85
01242504,STONE ACADEMY -  EAST HARTFORD          ,CT,06118-0000,Proprietary  ,0,6,6,10,86,96
01287700,GIBBS COLLEGE                           ,CT,06855-1436,Proprietary  ,9,35,44,66,192,258
01291300,LEON INSTITUTE OF HAIR DESIGN           ,CT,06604-4226,Proprietary  ,2,11,13,15,89,104
01326400,HENRY ABBOTT TECHNICAL HIGH SCHOOL      ,CT,06811-4881,Public       ,0,1,1,8,33,41
02058900,HARVARD H ELLIS TECHNICAL HIGH SCHOOL   ,CT,06239-0000,Public       ,1,0,1,11,7,18
02074000,BRANFORD HALL CAREER INSTITUTE          ,CT,06405-0000,Proprietary  ,221,1070,1291,1214,5808,7022
02106600,FOX INSTITUTE OF BUSINESS               ,CT,06110-0000,Proprietary  ,29,94,123,120,553,673
02112300,RIDLEY LOWELL BUSINESS & TECH INST      ,CT,06320-0000,Proprietary  ,17,94,111,80,550,630
02112700,NORTH HAVEN ACADEMY                     ,CT,06473-3108,Proprietary  ,22,15,37,187,124,311
02115100,BUTLER BUSINESS SCHOOL                  ,CT,06604-0000,Proprietary  ,14,78,92,73,464,537
02148700,CONNECTICUT INST OF HAIR DESIGN         ,CT,06716-0000,Proprietary  ,5,6,11,25,64,89
02202500,NEW ENGLAND TRACTOR TRAILER SCH         ,CT,06071-2036,Proprietary  ,34,439,473,115,1364,1479
02213000,ELLA T GRASSO SOUTHEASTERN TECHNICAL HIG,CT,06340-0000,Public       ,0,0,0,4,6,10
02228800,LINCOLN TECHNICAL INSTITUTE - EAST WINDS,CT,06088-9631,Proprietary  ,85,132,217,1028,758,1786
02244900,GOODWIN COLLEGE                         ,CT,06118-9980,Private      ,50,373,423,788,3388,4176
02245300,HOWELL CHENEY TECHNICAL HIGH SCHOOL     ,CT,06040-0000,Public       ,0,2,2,16,31,47
02265900,WINDHAM COMMUNITY MEM HOSP-RAD TECH     ,CT,06226-0000,Private      ,0,0,0,11,15,26
02296100,YALE-NEW HAVEN HOSP DIETETIC INTERN     ,CT,06510-8900,Private      ,0,0,0,9,11,20
02300000,W F KAYNOR TECHNICAL HIGH SCHOOL        ,CT,06708-0000,Public       ,0,2,2,5,54,59
02316600,CONNECTICUT CTR FOR MASSAGE THERAPY     ,CT,06111-3975,Proprietary  ,7,46,53,86,378,464
02316601,CONNECTICUT CENTER FOR MASSAGE THERAPY -,CT,06880-4619,Proprietary  ,1,17,18,35,197,232
02316603,CONNECTICUT CENTER FOR MASSAGE THERAPY -,CT,06340-4619,Proprietary  ,5,13,18,34,166,200
02562400,EMMETT O BRIEN REG VOC TECH SCHOOL      ,CT,06401-2500,Public       ,0,0,0,0,4,4
02565000,PLATT TECHNICAL HIGH SCHOOL             ,CT,06460-2105,Public       ,0,0,0,8,27,35
03079400,LYME ACADEMY COLLEGE OF FINE ARTS       ,CT,06371-2333,Private      ,1,1,2,82,37,119
03094800,INDUSTRIAL MANAGEMENT & TRAINING        ,CT,06706-1211,Proprietary  ,4,8,12,31,190,221
03231400,OLIVER WOLCOTT TECHNICAL HIGH SCHOOL    ,CT,06790-3859,Public       ,0,0,0,1,2,3
03234300,CHARTER OAK STATE COLLEGE               ,CT,06053-2150,Public       ,4,108,112,85,1212,1297
03316300,LINCOLN TECHNICAL INSTITUTE - HARTFORD  ,CT,06105-3630,Proprietary  ,51,106,157,537,608,1145
03381300,CONNECTICUT TRAINING CENTER             ,CT,06108-2705,Private      ,9,45,54,62,266,328
03927300,ALBERT SCHOOL (THE)                     ,CT,06357-2447,Proprietary  ,13,43,56,57,145,202
04053300,CLEMENS COLLEGE                         ,CT,06078-0000,Proprietary  ,1,8,9,120,40,160
04104300,ACADEMY DI CAPELLI - SCHOOL OF COSMETOLO,CT,06492-0000,Proprietary  ,3,6,9,26,55,81
04128800,BRANFORD ACADEMY OF HAIR & COSMETOLOGY  ,CT,06405-0000,Proprietary  ,3,8,11,31,53,84
04145400,OXFORD ACADEMY OF HAIR DESIGN           ,CT,06483-2603,Proprietary  ,4,2,6,20,32,52
04148400,EUROPEAN ACADEMY OF COSMETOLOGY AND HAIR,CT,06437-0000,Proprietary  ,0,0,0,8,4,12
04152400,INTERNATIONAL INSTITUTE OF COSMETOLOGY  ,CT,06109-0000,Proprietary  ,11,7,18,28,16,44
00146600,BARRY UNIVERSITY                        ,FL,33161-6695,Private      ,115,380,495,4999,8770,13769
00146601,BARRY UNIVERSITY - ORLANDO              ,FL,32807-3673,Private      ,1,22,23,66,1504,1570
00146700,BETHUNE COOKMAN UNIVERSITY              ,FL,32114-3099,Private      ,238,63,301,7536,1662,9198
00146800,ST THOMAS UNIVERSITY                    ,FL,33054-0000,Private      ,45,100,145,1312,2870,4182
00146900,FLORIDA INSTITUTE OF TECHNOLOGY         ,FL,32901-6988,Private      ,91,1103,1194,3376,7978,11354
00147000,BREVARD COMMUNITY COLLEGE               ,FL,32922-6503,Public       ,273,691,964,5528,9636,15164
00147100,CENTRAL FLORIDA COMMUNITY COLLEGE       ,FL,34478-1388,Public       ,154,428,582,4443,7926,12369
00147200,CHIPOLA  COLLEGE                        ,FL,32446-2053,Public       ,31,66,97,996,1347,2343
00147300,CLEARWATER CHRISTIAN COLLEGE            ,FL,33759-0000,Private      ,11,9,20,797,131,928
00147500,DAYTONA STATE COLLEGE                   ,FL,32114-2800,Public       ,382,1042,1424,7392,13820,21212
00147700,EDISON COLLEGE                          ,FL,33906-6210,Public       ,214,525,739,6840,10122,16962
00147800,EDWARD WATERS COLLEGE                   ,FL,32209-6199,Private      ,31,37,68,1319,741,2060
00147900,EMBRY-RIDDLE AERONAUTICAL UNIV          ,FL,32114-3900,Private      ,115,498,613,6872,5882,12754
00148000,FLORIDA A & M UNIVERSITY                ,FL,32307-3100,Public       ,649,218,867,16826,8025,24851
00148100,FLORIDA ATLANTIC UNIVERSITY             ,FL,33431-6498,Public       ,655,520,1175,16616,13667,30283
00148101,FLORIDA ATLANTIC UNIVERSITY/DAVIE       ,FL,33314-0000,Public       ,41,98,139,984,2560,3544
00148103,FLORIDA ATLANTIC UNIV-JUPITER/PSL       ,FL,33458-0000,Public       ,13,27,40,454,594,1048
00148200,FLORIDA COLLEGE                         ,FL,33617-5578,Private      ,11,3,14,429,60,489
00148400,FLORIDA STATE COLLEGE AT JACKSONVILLE   ,FL,32202-4030,Public       ,544,2139,2683,11517,25395,36912
00148500,FLORIDA KEYS COMMUNITY COLLEGE          ,FL,33040-4397,Public       ,24,69,93,455,984,1439
00148600,FLORIDA MEMORIAL UNIVERSITY             ,FL,33054-6199,Private      ,84,60,144,2704,1477,4181
00148700,ECKERD COLLEGE                          ,FL,33711-4744,Private      ,24,73,97,2686,1029,3715
00148800,FLORIDA SOUTHERN COLLEGE                ,FL,33801-5698,Private      ,64,37,101,2754,904,3658
00148900,FLORIDA STATE UNIVERSITY                ,FL,32306-2430,Public       ,1742,534,2276,33418,16792,50210
00149000,GULF COAST COMMUNITY COLLEGE            ,FL,32401-1058,Public       ,92,304,396,2237,4682,6919
00149300,INDIAN RIVER STATE COLLEGE              ,FL,34981-5596,Public       ,228,656,884,5659,9975,15634
00149500,JACKSONVILLE UNIVERSITY                 ,FL,32211-3394,Private      ,126,259,385,4303,3585,7888
00149700,JONES COLLEGE                           ,FL,32211-5588,Private      ,4,61,65,106,1076,1182
00149900,EVEREST UNIVERSITY                      ,FL,32810-5601,Proprietary  ,109,394,503,694,3556,4250
00149901,EVEREST UNIVERSITY - ORLANDO SOUTH      ,FL,32819-7666,Proprietary  ,328,3650,3978,1678,14702,16380
00149902,EVEREST UNIVERSITY - MELBOURNE          ,FL,32905-6609,Proprietary  ,44,202,246,332,2610,2942
00150000,BROWARD COLLEGE- DOWNTOWN CTR           ,FL,33301-2208,Public       ,273,769,1042,5968,11246,17214
00150001,BROWARD COLLEGE - DAVIE CAMPUS          ,FL,33314-0000,Public       ,219,385,604,6544,6753,13297
00150002,BROWARD COLLEGE- NORTH CAMPUS           ,FL,33066-0000,Public       ,145,274,419,3922,4917,8839
00150003,BROWARD COLLEGE- SOUTH CAMPUS           ,FL,33024-0000,Public       ,142,328,470,4332,5160,9492
00150100,LAKE CITY COMMUNITY COLLEGE             ,FL,32025-2007,Public       ,52,162,214,1112,2895,4007
00150200,LAKE SUMTER COMMUNITY COLLEGE           ,FL,34788-8751,Public       ,84,173,257,2038,3106,5144
00150400,MANATEE COMMUNITY COLLEGE               ,FL,34207-3596,Public       ,172,415,587,5363,8959,14322
00150500,LYNN UNIVERSITY                         ,FL,33431-5598,Private      ,23,46,69,1579,765,2344
00150600,MIAMI DADE COLLEGE ADMINISTRATION ONLY  ,FL,33176-3393,Public       ,38,95,133,857,990,1847
00150601,MIAMI DADE COLLEGE - NORTH CAMPUS       ,FL,33167-3495,Public       ,397,883,1280,10582,14107,24689
00150602,MIAMI DADE COLLEGE - KENDALL CAMPUS     ,FL,33176-3393,Public       ,594,914,1508,15176,13522,28698
00150603,MIAMI DADE COLLEGE - WOLFSON CAMPUS     ,FL,33132-2297,Public       ,320,531,851,6663,8018,14681
00150604,MIAMI DADE COLLEGE - MEDICAL CAMPUS     ,FL,33127-4693,Public       ,61,234,295,1547,4759,6306
00150605,MIAMI DADE COLLEGE - HOMESTEAD CAMPUS   ,FL,33030-6009,Public       ,114,207,321,1824,2536,4360
00150606,MIAMI DADE COLLEGE -INTERAMERICAN CAMPUS,FL,33135-0000,Public       ,154,427,581,3025,5869,8894
00150607,MIAMI DADE COLLEGE - HIALEAH CAMPUS     ,FL,33012-2918,Public       ,87,244,331,2177,3054,5231
00150800,NORTH FLORIDA COMMUNITY COLLEGE         ,FL,32340-1699,Public       ,22,48,70,511,987,1498
00150900,NOVA SOUTHEASTERN UNIVERSITY            ,FL,33314-7796,Private      ,189,1438,1627,5281,33497,38778
00151000,NORTHWEST FLORIDA STATE COLLEGE         ,FL,32578-1295,Public       ,63,275,338,2034,4799,6833
00151200,PALM BEACH COMMUNITY COLLEGE            ,FL,33461-4796,Public       ,417,866,1283,11777,14780,26557
00151300,PENSACOLA JR COLLEGE                    ,FL,32504-8998,Public       ,160,646,806,4399,8784,13183
00151400,POLK STATE COLLEGE                      ,FL,33881-4299,Public       ,134,354,488,3819,6473,10292
00151500,ROLLINS COLLEGE                         ,FL,32789-4499,Private      ,48,56,104,2387,1461,3848
00151900,SANTA FE COLLEGE                        ,FL,32606-6200,Public       ,262,445,707,8218,8108,16326
00152000,SEMINOLE COMMUNITY COLLEGE              ,FL,32773-6199,Public       ,310,784,1094,7300,12755,20055
00152100,SOUTHEASTERN UNIVERSITY                 ,FL,33801-6099,Private      ,39,63,102,2756,1398,4154
00152200,SOUTH FLORIDA COMMUNITY COLLEGE         ,FL,33825-9399,Public       ,57,135,192,1395,2329,3724
00152300,ST JOHNS RIVER COMMUNITY COLLEGE        ,FL,32177-3897,Public       ,83,266,349,2278,4077,6355
00152600,SAINT LEO UNIVERSITY                    ,FL,33574-6665,Private      ,87,1032,1119,3248,13640,16888
00152800,ST. PETERSBURG COLLEGE                  ,FL,33760-3768,Public       ,333,1208,1541,8201,19518,27719
00153100,STETSON UNIVERSITY                      ,FL,32723-3761,Private      ,63,68,131,3033,1007,4040
00153101,STETSON UNIVERSITY - COLLEGE OF LAW     ,FL,33707-3299,Private      ,2,9,11,44,2036,2080
00153300,TALLAHASSEE COMMUNITY COLLEGE           ,FL,32304-2895,Public       ,306,505,811,8900,9125,18025
00153400,EVEREST UNIVERSITY                      ,FL,33614-5801,Proprietary  ,115,549,664,807,6364,7171
00153408,EVEREST UNIVERSITY - TAMPA BRANDON CAMPU,FL,33619-1354,Proprietary  ,142,1596,1738,1356,16919,18275
00153409,EVEREST UNIVERSITY - ORANGE PARK        ,FL,32073-1111,Proprietary  ,56,311,367,429,2183,2612
00153500,UNIVERSITY OF FLORIDA                   ,FL,32611-3150,Public       ,1418,546,1964,32775,18847,51622
00153600,UNIVERSITY OF MIAMI                     ,FL,33146-6531,Private      ,356,219,575,15538,5958,21496
00153601,UNIV OF MIAMI SCHOOL OF LAW             ,FL,33124-0000,Private      ,7,8,15,83,2058,2141
00153602,UNIV OF MIAMI-SCH OF MEDICINE           ,FL,33136-0000,Private      ,28,29,57,676,1345,2021
00153700,UNIVERSITY OF SOUTH FLORIDA             ,FL,33620-6960,Public       ,1884,837,2721,31402,24015,55417
00153701,UNIV OF SOUTH FLORIDA-ST PETERSBURG     ,FL,33701-0000,Public       ,22,37,59,781,953,1734
00153702,UNIV OF SOUTH FLORIDA-SARASOTA          ,FL,34243-2025,Public       ,5,30,35,283,790,1073
00153705,UNIV OF SOUTH FLORIDA                   ,FL,33803-0000,Public       ,28,26,54,702,717,1419
00153706,UNIV OF SOUTH FLORIDA- MEDICINE         ,FL,33612-0000,Public       ,68,24,92,933,1197,2130
00153800,UNIVERSITY OF TAMPA                     ,FL,33606-1490,Private      ,176,104,280,7951,2456,10407
00154000,WEBBER INTERNATIONAL UNIVERSITY         ,FL,33827-0096,Private      ,10,11,21,829,265,1094
00173308,NATIONAL-LOUIS UNIVERSITY               ,FL,33609-0000,Private      ,0,4,4,2,64,66
00177201,TRINITY INTERNATIONAL UNIVERSITY - SOUTH,FL,33324-4611,Private      ,0,29,29,47,456,503
00395400,UNIV OF CENTRAL FLORIDA                 ,FL,32816-0001,Public       ,1895,778,2673,44396,22638,67034
00395500,UNIVERSITY OF WEST FLORIDA              ,FL,32514-5750,Public       ,193,273,466,6094,6026,12120
00407215,NORTHWOOD UNIVERSITY                    ,FL,33409-0000,Private      ,13,16,29,570,301,871
00491004,KAPLAN CAREER INSTITUTE - KAPLAN COLLEGE,FL,33026-3978,Proprietary  ,10,114,124,10,114,124
00558500,LIVELY TECHNICAL CENTER                 ,FL,32304-0000,Public       ,25,148,173,480,1837,2317
00558501,LIVELY TECHNICAL CENTER - AVIATION SCHOO,FL,32304-8723,Public       ,2,8,10,28,76,104
00558600,LINDSEY HOPKINS TECHNICAL ED CENTER     ,FL,33127-4692,Public       ,17,127,144,289,1225,1514
00559400,D G ERWIN TECHNICAL CENTER              ,FL,33610-8255,Public       ,37,219,256,612,2518,3130
00560500,PINELLAS TECH ED CTR-CLEARWATER         ,FL,33760-2194,Public       ,38,245,283,366,1537,1903
00560700,SARASOTA COUNTY TECHNICAL INSTITUTE     ,FL,34233-0000,Public       ,6,66,72,244,950,1194
00560800,TRAVISS TECHNICAL CENTER                ,FL,33803-0000,Public       ,12,101,113,322,1237,1559
00561200,MANATEE TECHNICAL INSTITUTE             ,FL,34210-0000,Public       ,34,97,131,365,1315,1680
00561201,MANATEE TECHNICAL INSTITUTE-EAST        ,FL,34211-0000,Public       ,8,39,47,214,872,1086
00675000,VALENCIA COMMUNITY COLLEGE              ,FL,32802-3028,Public       ,1320,1470,2790,24021,24199,48220
00752500,SUWANNEE-HAMILTON AREA VOC TECH CTR     ,FL,32060-0000,Public       ,6,41,47,67,292,359
00752600,WASHINGTON HOLMES TECHNICAL CENTER      ,FL,32428-1699,Public       ,12,81,93,147,633,780
00755800,LEE COUNTY HIGH TECH CENTER CENTRAL     ,FL,33916-2299,Public       ,20,94,114,346,1285,1631
00758600,REMINGTON COLLEGE - TAMPA CAMPUS        ,FL,33612-8410,Proprietary  ,24,116,140,208,770,978
00758604,REMINGTON COLLEGE-LARGO CAMPUS          ,FL,33771-0000,Proprietary  ,0,0,0,5,76,81
00787000,HILLSBOROUGH COMMUNITY COLLEGE          ,FL,33606-3572,Public       ,416,1042,1458,13450,19831,33281
00789300,FLAGLER COLLEGE                         ,FL,32085-1027,Private      ,38,19,57,3161,529,3690
00789301,FLAGLER COLLEGE - TALLAHASSEE COMMUNITY ,FL,32304-2895,Private      ,7,13,20,183,463,646
00807500,ST JOHN VIANNEY COLLEGE SEMINARY        ,FL,33165-3244,Private      ,0,1,1,21,16,37
00814600,EVEREST UNIVERSITY - POMPANO BEACH      ,FL,33062-2522,Proprietary  ,71,336,407,565,3506,4071
00822300,ST VINCENT DE PAUL REGIONL SEMINARY     ,FL,33436-0000,Private      ,0,1,1,0,13,13
00841700,STENOTYPE INST OF JACKSONVILLE          ,FL,32207-0000,Proprietary  ,8,75,83,68,512,580
00869410,RASMUSSEN COLLEGE - OCALA               ,FL,34471-7051,Proprietary  ,97,837,934,666,4875,5541
00869411,RASMUSSEN COLLEGE - HOLIDAY             ,FL,34690-0000,Proprietary  ,20,143,163,258,1332,1590
00869413,RASMUSSEN COLLEGE - FORT MYERS          ,FL,33905-7805,Proprietary  ,31,115,146,238,912,1150
00884800,WARNER SOUTHERN COLLEGE                 ,FL,33859-8725,Private      ,10,93,103,600,826,1426
00884900,PALM BEACH ATLANTIC UNIVERSITY          ,FL,33401-6505,Private      ,41,99,140,2450,2300,4750
00887800,MIAMI INTERNATIONAL UNIV ART&DESIGN     ,FL,33132-1418,Proprietary  ,154,282,436,3439,3093,6532
00910400,RIVERSIDE HAIRSTYLING ACADEMY           ,FL,32207-3810,Proprietary  ,0,7,7,21,93,114
00963500,FLORIDA INTERNATIONAL UNIVERSITY        ,FL,33199-0001,Public       ,1407,915,2322,25808,25772,51580
00984100,UNIVERSITY OF NORTH FLORIDA             ,FL,32224-2645,Public       ,626,328,954,11295,7903,19198
00990200,SHERIDAN TECHNICAL CENTER               ,FL,33021-3399,Public       ,71,229,300,690,2463,3153
01016100,"LORAINE'S ACADEMY, INC                  ",FL,33710-0000,Proprietary  ,8,51,59,55,225,280
01019500,ART INSTITUTE OF FT LAUDERDALE          ,FL,33316-3000,Proprietary  ,112,212,324,2394,2627,5021
01065200,PASCO-HERNANDO COMMUNITY CLG            ,FL,34654-5199,Public       ,161,470,631,4136,7968,12104
01072401,CARLOS ALBIZU UNIVERSITY                ,FL,33172-0000,Private      ,6,53,59,122,1267,1389
01082600,TOM P. HANEY TECHNICAL CENTER           ,FL,32405-5099,Public       ,12,96,108,193,1021,1214
01112700,GOODING INST OF NUR ANES BAY MED CT     ,FL,32401-0000,Public       ,1,3,4,3,82,85
01226300,ATLANTIC TECHNICAL CENTER               ,FL,33063-3902,Public       ,36,138,174,539,1831,2370
01254400,FIRST COAST TECHNICAL COLLEGE           ,FL,32084-1921,Public       ,21,93,114,313,1050,1363
01254401,FIRST COAST TECHNICAL INSTITUTE - PUTNAM,FL,32077-6830,Public       ,0,0,0,0,7,7
01257400,RINGLING SCHOOL OF ART AND DESIGN       ,FL,34234-5895,Private      ,17,5,22,1758,347,2105
01303904,SOUTH UNIVERSITY - WEST PALM BEACH CAMPU,FL,33409-5149,Proprietary  ,23,185,208,364,1928,2292
01323400,LORENZO WALKER INST OF TECHNOLOGY       ,FL,34104-4405,Public       ,16,52,68,286,871,1157
02052002,FLORIDA EDUCATION CENTER - LAUDERHILL   ,FL,33313-5857,Proprietary  ,0,3,3,4,26,30
02089600,CONCORDE CAREER INSTITUTE               ,FL,32211-0000,Proprietary  ,20,215,235,210,1396,1606
02089709,HERZING COLLEGE                         ,FL,32792-5509,Proprietary  ,2,21,23,44,221,265
02113609,AMERICAN INTERCONTINENTAL UNIV - WESTON ,FL,33326-3233,Proprietary  ,26,90,116,521,1239,1760
02115300,PINELLAS TECHNICAL EDUCATION CENTERS - S,FL,33711-0000,Public       ,28,198,226,332,1716,2048
02116006,SANFORD-BROWN INSTITUTE - FT. LAUDERDALE,FL,33309-1906,Proprietary  ,32,162,194,236,1159,1395
02121800,EVEREST INSTITUTE                       ,FL,33169-4759,Proprietary  ,68,345,413,495,1760,2255
02121801,EVEREST INSTITUTE  - HIALEAH            ,FL,33012-7193,Proprietary  ,74,139,213,528,1067,1595
02148200,FASHION FOCUS HAIR ACADEMY              ,FL,34231-0000,Proprietary  ,1,8,9,24,72,96
02148300,MANHATTAN BEAUTY SCHOOL                 ,FL,33611-0000,Proprietary  ,25,150,175,158,751,909
02149900,PAUL MITCHELL THE SCHOOL-JACKSONVILLE   ,FL,32205-0000,Proprietary  ,18,55,73,176,367,543
02151900,KEISER  UNIVERSITY                      ,FL,33309-0000,Proprietary  ,482,2114,2596,4940,19006,23946
02156300,MARGATE SCHOOL OF BEAUTY                ,FL,33063-0000,Proprietary  ,26,100,126,115,523,638
02156700,FLORIDA CHRISTIAN COLLEGE               ,FL,34744-0000,Private      ,2,12,14,221,195,416
02159600,BAPTIST COLLEGE OF FLORIDA (THE)        ,FL,32440-0000,Private      ,7,20,27,326,302,628
02172700,CONCORDE CAREER INSTITUTE               ,FL,33607-0000,Proprietary  ,22,134,156,175,928,1103
02188900,HOBE SOUND BIBLE COLLEGE                ,FL,33475-0000,Private      ,1,8,9,85,72,157
02200100,BRADENTON BEAUTY & BARBER ACADEMY       ,FL,34209-0000,Proprietary  ,12,47,59,72,272,344
02215900,ATI CAREER TRAINING CENTER              ,FL,33309-1785,Proprietary  ,45,178,223,298,1103,1401
02218700,FLORIDA TECHNICAL COLLEGE               ,FL,32826-2707,Proprietary  ,56,296,352,395,1858,2253
02218707,FLORIDA TECHNICAL COLLEGE - LAKELAND    ,FL,33813-2101,Proprietary  ,6,73,79,75,607,682
02218709,FLORIDA TECHNICAL COLLEGE - DELAND      ,FL,32720-7415,Proprietary  ,1,10,11,29,167,196
02228300,LAKE TECHNICAL CENTER                   ,FL,32726-0000,Public       ,9,48,57,253,983,1236
02245500,CENTRAL FLORIDA COLLEGE                 ,FL,32789-4679,Proprietary  ,41,164,205,270,904,1174
02257900,INTERNATIONAL ACADEMY                   ,FL,32119-3541,Proprietary  ,25,48,73,96,292,388
02275100,CONCORDE CAREER INSTITUTE               ,FL,33025-0000,Proprietary  ,27,119,146,164,738,902
02278800,SOUTHWEST FLORIDA COLLEGE               ,FL,33907-0000,Proprietary  ,63,256,319,564,2286,2850
02278801,SOUTHWEST FLORIDA COLLEGE - TAMPA       ,FL,33619-1344,Proprietary  ,35,64,99,323,759,1082
02278802,SOUTHWEST FLORIDA COLLEGE - INSTITUTUE O,FL,33928-9469,Proprietary  ,0,1,1,10,17,27
02278803,SOUTHWEST FLORIDA COLLEGE - PORT CHARLOT,FL,33953-3100,Proprietary  ,13,58,71,68,452,520
02279600,CORTIVA INSTITUTE - FLORIDA             ,FL,33781-0000,Proprietary  ,9,33,42,50,269,319
02280800,NEW ENGLAND INST TECH-PALM BEACH        ,FL,33407-0000,Proprietary  ,119,462,581,924,2912,3836
02283800,BEAUTY SCHOOLS OF AMERICA               ,FL,33012-3322,Proprietary  ,124,594,718,663,3038,3701
02286500,ITT TECHNICAL INSTITUTE                 ,FL,33634-7515,Proprietary  ,193,599,792,1443,3834,5277
02287100,LA BELLE BEAUTY SCHOOL                  ,FL,33012-3224,Proprietary  ,12,69,81,42,356,398
02293200,ATI CAREER TRAINING CENTER              ,FL,33309-5916,Proprietary  ,235,912,1147,939,3299,4238
02293201,ATI CAREER TRAINING CENTER - MIAMI      ,FL,33122-1707,Proprietary  ,4,6,10,62,161,223
02293202,ATI CAREER TAINING CENTER - ATI COLLEGE ,FL,87109-2016,Proprietary  ,6,24,30,445,1932,2377
02293600,ADVANCED TECHNICAL CENTERS              ,FL,33266-1597,Private      ,1,3,4,11,34,45
02297000,CHARLOTTE TECHNICAL CENTER              ,FL,33948-0000,Public       ,10,40,50,210,748,958
02300900,WITHLACOOCHEE TECHNICAL INSTITUTE       ,FL,34450-0000,Public       ,4,23,27,217,834,1051
02305700,GULF COAST COLLEGE                      ,FL,33619-0000,Proprietary  ,7,56,63,111,481,592
02305800,FLORIDA CAREER COLLEGE                  ,FL,33012-7028,Proprietary  ,304,1104,1408,2399,6706,9105
02307400,GEORGE STONE AREA VOCATIONAL TECHNICAL  ,FL,32526-0000,Public       ,33,176,209,245,1198,1443
02314100,SCHILLER INTERNATIONAL UNIVERSITY       ,FL,33770-3716,Proprietary  ,4,28,32,89,176,265
02316200,MIAMI LAKES TECHNICAL EDUCATION CTR     ,FL,33014-0000,Public       ,33,112,145,416,1097,1513
02321200,ORANGE TECH EDUC CTR- WESTSIDE TECH     ,FL,34787-0000,Public       ,21,100,121,292,872,1164
02325100,KEY COLLEGE                             ,FL,33004-3046,Proprietary  ,4,6,10,23,110,133
02326303,MEDVANCE INSTITUTE - WEST PALM          ,FL,33461-2171,Proprietary  ,58,197,255,353,1184,1537
02326306,MEDVANCE INSTITUTE - MIAMI              ,FL,33173-3431,Proprietary  ,26,74,100,172,587,759
02326800,MERIDIAN CAREER INSTITUTE               ,FL,34240-8478,Proprietary  ,13,98,111,38,399,437
02326900,SUNSTATE ACADEMY OF HAIR DESIGN         ,FL,33907-1415,Proprietary  ,27,57,84,175,355,530
02329900,FLORIDA INSTITUTE OF ULTRASOUND         ,FL,32514-0000,Proprietary  ,2,6,8,51,215,266
02338400,FT PIERCE BEAUTY ACADEMY                ,FL,34982-0000,Proprietary  ,11,64,75,97,390,487
02341001,FORTIS COLLEGE - DBA FORTIS INSTITUTE   ,FL,32504-7322,Proprietary  ,2,14,16,29,157,186
02346200,WYOTECH                                 ,FL,32174-1010,Proprietary  ,78,203,281,691,1308,1999
02362100,FULL SAIL UNIVERSITY                    ,FL,32792-0000,Proprietary  ,558,1476,2034,9133,11487,20620
02499000,ACADEMY OF COSMETOLOGY                  ,FL,32953-3311,Proprietary  ,7,29,36,48,216,264
02501500,"O*TEC, MID-FLORIDA TECH                 ",FL,32809-0000,Public       ,23,156,179,398,1221,1619
02504600,WINTER PARK TECH                        ,FL,32789-0000,Public       ,10,106,116,145,960,1105
02508900,TALMUDIC COLLEGE OF FLORIDA             ,FL,33139-0000,Private      ,3,0,3,29,13,42
02511700,RIDGE TECHNICAL CENTER                  ,FL,33881-0000,Public       ,15,86,101,271,1031,1302
02513200,ORLANDO TECHNICAL CENTER                ,FL,32801-0000,Public       ,26,123,149,370,1508,1878
02515400,CITY COLLEGE                            ,FL,33309-3073,Private      ,80,278,358,545,2161,2706
02517100,SARASOTA SCHOOL OF MASSAGE THERAPY      ,FL,34243-6130,Proprietary  ,1,17,18,19,173,192
02524000,SUNSTATE ACADEMY OF HAIR DESIGN         ,FL,34624-0000,Proprietary  ,20,32,52,118,238,356
02524200,ROBERT MORGAN EDUCATIONAL CENTER        ,FL,33177-0000,Public       ,52,111,163,495,1239,1734
02547600,FLORIDA NATIONAL COLLEGE                ,FL,33012-0000,Proprietary  ,133,377,510,1080,3381,4461
02554200,RADFORD LOCKLIN TECH CENTER             ,FL,32570-0000,Public       ,3,15,18,41,224,265
02573200,LA BELLE BEAUTY ACADEMY                 ,FL,33135-0000,Proprietary  ,8,68,76,67,341,408
02586200,FLORIDA CAREER COLLEGE                  ,FL,33759-3924,Proprietary  ,18,98,116,157,675,832
02586201,FLORIDA CAREER COLLEGE -                ,FL,33569-2553,Proprietary  ,1,3,4,4,43,47
02597100,HERITAGE INSTITUTE                      ,FL,33912-7132,Proprietary  ,39,272,311,368,1697,2065
02598200,FLORIDA TECHNICAL CLG JACKSONVILLE      ,FL,32211-5123,Proprietary  ,14,109,123,115,604,719
02599800,EVEREST UNIVERSITY                      ,FL,33770-2556,Proprietary  ,42,209,251,350,1890,2240
02599801,EVEREST UNIVERSITY - TAMPA LAKELAND CAMP,FL,33801-3801,Proprietary  ,41,217,258,303,1857,2160
02599805,EVEREST UNIVERSITY - JACKSONVILLE       ,FL,32256-0000,Proprietary  ,70,263,333,432,2235,2667
02601600,HENRY W BREWSTER TECHNICAL CENTER       ,FL,33602-0000,Public       ,10,98,108,140,802,942
02612700,DARLYNE MCGEE'S ACAD OF COSMETOLOGY     ,FL,32905-2805,Proprietary  ,1,19,20,27,139,166
02616400,SANFORD-BROWN INSTITUTE                 ,FL,32256-3520,Proprietary  ,76,412,488,607,3362,3969
02616401,SANFORD-BROWN INSTITUTE - TAMPA         ,FL,33610-8304,Proprietary  ,49,229,278,313,1807,2120
03003200,EVEREST INSTITUTE                       ,FL,33186-1410,Proprietary  ,57,162,219,495,1150,1645
03003201,EVEREST INSTITUTE - FT. LAUDERDALE      ,FL,33304-2522,Proprietary  ,35,159,194,208,754,962
03003600,MCFATTER TECHNICAL CENTER               ,FL,33317-7499,Public       ,36,131,167,428,1355,1783
03006801,PENNSYLVANIA CULINARY INSTITUTE - LE COR,FL,33025-3929,Proprietary  ,24,181,205,465,1448,1913
03008600,FLORIDA COLLEGE OF NATURAL HEALTH       ,FL,33064-1342,Proprietary  ,47,234,281,363,1459,1822
03010608,VIRGINIA COLLEGE - PENSACOLA            ,FL,32501-5650,Proprietary  ,12,151,163,98,897,995
03010612,VIRGINIA COLLEGE - GOLF ACADEMY OF AMERI,FL,32701-0000,Proprietary  ,7,39,46,151,296,447
03010618,VIRGINIA COLLEGE - JACKSONVILLE         ,FL,32207-5167,Proprietary  ,8,21,29,8,21,29
03012300,ASM BEAUTY WORLD ACADEMY                ,FL,33021-0000,Proprietary  ,3,23,26,22,130,152
03018500,BENE'S INTERNATIONAL SCHOOL OF BEAUTY   ,FL,34652-1637,Proprietary  ,12,54,66,114,325,439
03028200,TRINITY COLLEGE OF FLORIDA              ,FL,34655-4401,Private      ,4,10,14,155,158,313
03031400,INTERNATIONAL ACAD OF DESIGN & TECH     ,FL,33634-6313,Proprietary  ,194,679,873,2356,5619,7975
03031402,INTERNATIONAL ACADEMY OF DESIGN AND TECH,FL,32809-4613,Proprietary  ,43,88,131,812,938,1750
03031403,IADT - ORLANDO CULINARY ACADEMY         ,FL,32819-0000,Proprietary  ,17,27,44,428,539,967
03035800,HERITAGE INSTITUTE                      ,FL,32216-0948,Proprietary  ,27,134,161,106,697,803
03035900,NATIONAL AVIATION ACADEMY               ,FL,33760-3931,Proprietary  ,18,73,91,227,596,823
03037500,HODGES UNIVERSITY                       ,FL,34119-7932,Private      ,54,384,438,598,3869,4467
03054200,TECHNICAL CAREER INSTITUTE              ,FL,33144-2373,Proprietary  ,53,114,167,542,687,1229
03071600,COLLEGE OF BUSINESS & TECHNOLOGY        ,FL,33176-1412,Proprietary  ,21,291,312,197,1631,1828
03071601,COLLEGE OF BUSINESS & TECHNOLOGY -      ,FL,33144-2072,Proprietary  ,1,3,4,18,63,81
03071602,COLLEGE OF BUSINESS & TECHNOLOGY -      ,FL,33012-3436,Proprietary  ,0,3,3,7,10,17
03076402,HIGH-TECH INSTITUTE - ORLANDO           ,FL,32803-3509,Proprietary  ,6,17,23,69,264,333
03079800,GEORGE T BAKER AVIATION                 ,FL,33142-5687,Public       ,19,43,62,262,356,618
03079900,CITY COLLEGE                            ,FL,32707-5342,Private      ,9,82,91,69,519,588
03083702,GALEN HEALTH INSTITUTES - FLORIDA CAMPUS,FL,33702-2455,Proprietary  ,1,16,17,1,16,17
03087600,ITT TECHNICAL INSTITUTE                 ,FL,32746-1607,Proprietary  ,249,595,844,1480,3897,5377
03089200,NOUVELLE INSTITUTE                      ,FL,33125-4141,Proprietary  ,11,90,101,50,544,594
03096300,FLORIDA CAREER INSTITUTE                ,FL,33860-0000,Proprietary  ,13,43,56,51,306,357
03099600,MERCY HOSPITAL SCHOOL OF PRACTICAL NSG  ,FL,33133-4237,Private      ,2,8,10,69,210,279
03100800,TAYLOR TECHNICAL INSTITUTE              ,FL,32348-0894,Public       ,13,27,40,90,275,365
03101900,TRINITY BAPTIST COLLEGE                 ,FL,32221-1398,Private      ,3,6,9,213,143,356
03103900,MARION COUNTY COMMUNITY TECH & ADUL     ,FL,34474-3172,Public       ,12,42,54,264,1009,1273
03108500,EVERGLADES UNIVERSITY                   ,FL,33431-0000,Private      ,12,162,174,180,1723,1903
03108600,COM-PU-MED VOCATIONAL CAREERS           ,FL,33012-4861,Proprietary  ,8,110,118,81,656,737
03113400,ACADEMY OF HEALING ARTS                 ,FL,33463-2113,Proprietary  ,5,28,33,27,156,183
03114700,PRAXIS INSTITUTE                        ,FL,33135-2657,Proprietary  ,20,147,167,86,687,773
03115500,FLORIDA HOSPITAL COLG OF HEALTH SCI     ,FL,32803-1237,Private      ,40,196,236,957,2792,3749
03123900,KEISER CAREER INSTITUTE                 ,FL,33413-0000,Proprietary  ,63,291,354,591,2056,2647
03125600,MIAMI AD SCHOOL                         ,FL,33139-5203,Proprietary  ,4,13,17,70,366,436
03127900,TECHNICAL EDUCATION CTR OSCEOLA         ,FL,34744-4459,Public       ,20,70,90,308,1035,1343
03139600,DELTA CONNECTION ACADEMY                ,FL,32773-9683,Proprietary  ,0,0,0,49,94,143
03158300,LEE COUNTY HIGH TECH CENTER NORTH       ,FL,33993-2479,Public       ,13,53,66,137,658,795
03171300,UNIVERSITY OF ST. AUGUSTINE FOR HEALTH S,FL,32084-4215,Proprietary  ,0,124,124,24,1021,1045
03178400,CORAL RIDGE NURSES ASST TRAINING        ,FL,33306-0000,Proprietary  ,0,1,1,1,56,57
03224300,NEW PROFESSIONS TECHNICAL INSTITUTE     ,FL,33134-1640,Proprietary  ,29,281,310,90,904,994
03230300,OKALOOSA APPLIED TECHNOLOGY CENTER      ,FL,32547-1299,Public       ,7,49,56,108,642,750
03238300,FLORIDA COLLEGE OF INTEGRATIVE MED      ,FL,32809-5721,Proprietary  ,1,13,14,32,235,267
03255300,FLORIDA GULF COAST UNIVERSITY           ,FL,33965-6565,Public       ,320,156,476,8895,4106,13001
03256300,YESHIVA GEDOLAH RABBINICAL COLLEGE      ,FL,33139-4708,Private      ,5,0,5,41,3,44
03264300,SOUTH FLORIDA BIBLE COLLEGE AND THEOLOGI,FL,33441-5768,Private      ,2,13,15,17,77,94
03346300,ACAD FOR PRAC NURSING & HEALTH OCCP     ,FL,33417-4574,Private      ,19,84,103,129,722,851
03348400,PROFESSIONAL TRAINING CENTERS           ,FL,33184-0000,Proprietary  ,12,88,100,132,761,893
03370300,AUDIO RECORDING TECHNOLOGY INSTITUTE    ,FL,32811-0000,Proprietary  ,0,0,0,82,144,226
03373300,BEACON COLLEGE                          ,FL,34748-5224,Private      ,1,2,3,90,43,133
03374300,FLORIDA COASTAL SCHOOL OF LAW           ,FL,32256-0000,Proprietary  ,2,21,23,16,3190,3206
03382300,BRADFORD-UNION AREA CAREERTECHNICAL CENT,FL,32091-2434,Public       ,5,17,22,51,253,304
03390300,LINCOLN TECHNICAL INSTITUTE             ,FL,32730-2351,Proprietary  ,19,139,158,163,903,1066
03411400,INTERNATIONAL TRAINING CAREERS          ,FL,33155-1462,Private      ,6,91,97,40,421,461
03414500,SOUTHEAST INSTITUTE OF ORIENTAL MED     ,FL,33176-1509,Proprietary  ,0,29,29,18,195,213
03425400,CENTRAL FLORIDA INSTITUTE               ,FL,34684-4436,Proprietary  ,27,119,146,231,1056,1287
03429600,ATLANTIC INST OF ORIENTAL MEDICINE      ,FL,33316-0000,Private      ,0,12,12,1,136,137
03429700,EAST WEST COLLG OF NATURAL MEDICINE     ,FL,34236-4959,Proprietary  ,0,11,11,4,161,165
03433400,NEW CONCEPT MASSAGE AND BEAUTY SCHO     ,FL,33135-0000,Proprietary  ,1,34,35,10,106,116
03434300,FORTIS COLLEGE                          ,FL,32073-2999,Proprietary  ,36,147,183,234,938,1172
03459400,SAINT PETERSBURG THEOLOGICAL SEMINA     ,FL,33708-3116,Private      ,1,4,5,7,55,62
03480301,MEDVANCE INSTITUTE - FORT LAUDERDALE    ,FL,33313-7261,Proprietary  ,24,140,164,158,864,1022
03480302,MEDVANCE INSTITUTE - STUART             ,FL,34994-3000,Proprietary  ,17,107,124,61,421,482
03491400,AMERICAN ADVANCED TECHNICIANS INST      ,FL,33014-4430,Proprietary  ,11,62,73,29,132,161
03549300,ULTIMATE MEDICAL ACADEMY                ,FL,33756-5802,Proprietary  ,137,1255,1392,579,4151,4730
03553300,KEISER CAREER COLLEGE                   ,FL,32216-0000,Proprietary  ,19,79,98,162,601,763
03557300,NORTH FLORIDA COSMETOLOGY INSTITUTE     ,FL,32312-0000,Proprietary  ,6,25,31,59,268,327
03564300,SUPERIOR CAREER INSTITUTE               ,FL,33311-1141,Proprietary  ,8,37,45,24,204,228
03570400,ENGLISH CENTER (THE)                    ,FL,33133-2703,Public       ,1,38,39,11,176,187
03595400,ANGLEY COLLEGE                          ,FL,32720-4257,Proprietary  ,30,198,228,165,982,1147
03611400,FLORIDA BARBER ACADEMY                  ,FL,33441-0000,Proprietary  ,10,101,111,62,305,367
03618300,FLORIDA INSTITUTE OF ANIMAL ARTS        ,FL,32792-1740,Proprietary  ,13,45,58,127,272,399
03627400,JACKSONVILLE BEAUTY INSTITUTE           ,FL,32208-1885,Proprietary  ,7,60,67,56,288,344
03627600,FLORIDA EDUCATION INSTITUTE             ,FL,33144-5036,Proprietary  ,16,81,97,70,449,519
03661400,SOUTH FLORIDA INSTITUTE OF TECHNOLO     ,FL,33135-0000,Proprietary  ,17,192,209,98,1020,1118
03691400,AVE MARIA SCHOOL OF LAW                 ,FL,34119-1376,Private      ,3,4,7,6,665,671
03696400,SABER                                   ,FL,33134-1604,Private      ,11,49,60,38,591,629
03706300,AMERICAN INSTITUTE                      ,FL,33319-5613,Proprietary  ,47,147,194,209,857,1066
03757300,ADVANCE SCIENCE INSTITUTE               ,FL,33012-0000,Proprietary  ,6,41,47,24,210,234
03801400,BEAUTY INSTITUTE (THE)                  ,FL,33409-2972,Proprietary  ,3,36,39,38,174,212
03801401,BEAUTY INSTITUTE (THE) - MARGATE        ,FL,33068-5704,Proprietary  ,2,3,5,7,15,22
03816300,ARTISTIC NAILS & BEAUTY ACADEMY         ,FL,33605-5919,Proprietary  ,19,61,80,96,318,414
03823300,FLORIDA ACADEMY OF HEALTH & BEAUTY      ,FL,33311-0000,Proprietary  ,0,10,10,5,71,76
03832300,DADE MEDICAL COLLEGE                    ,FL,33126-5534,Proprietary  ,64,207,271,355,1164,1519
03842500,CAMBRIDGE INSTITUTE OF ALLIED HEALTH    ,FL,32750-0000,Proprietary  ,5,43,48,32,251,283
03856300,UNIVERSAL BEAUTY SCHOOL                 ,FL,33174-4406,Proprietary  ,3,23,26,21,111,132
03856500,FLORIDA SCHOOL OF TRADITIONAL MIDWIFERY ,FL,32601-5507,Private      ,0,2,2,2,22,24
03866300,GALIANO CAREER ACADEMY                  ,FL,32701-5039,Proprietary  ,9,39,48,104,521,625
03875300,MCI INSTITUTE OF TECHNOLOGY             ,FL,33409-4937,Proprietary  ,13,91,104,72,503,575
03888300,DRAGON RISES COLLEGE OF ORIENTAL MEDICIN,FL,32601-5089,Proprietary  ,0,2,2,4,59,63
03903500,SOUTHERN TECHNICAL COLLEGE              ,FL,32809-0000,Proprietary  ,31,250,281,210,1391,1601
03906300,CAREER INSTITUTE OF FLORIDA             ,FL,33773-3434,Proprietary  ,7,61,68,34,416,450
03911300,TOTAL INTERNATIONAL CAREER INSTITUTE    ,FL,33012-0000,Proprietary  ,2,40,42,10,169,179
03939300,WOLFORD COLLEGE                         ,FL,34108-1931,Private      ,0,4,4,10,327,337
03939400,CENTURA INSTITUTE                       ,FL,32807-3566,Proprietary  ,7,56,63,68,401,469
03939600,DAYTONA COLLEGE                         ,FL,32174-8445,Proprietary  ,4,23,27,58,167,225
03941300,AVE MARIA UNIVERSITY                    ,FL,34142-9505,Private      ,6,6,12,779,313,1092
03957400,NEW COLLEGE OF FLORIDA                  ,FL,34243-2109,Public       ,26,11,37,1502,179,1681
03985300,COMMERCIAL DIVING ACADEMY               ,FL,32208-0000,Proprietary  ,26,90,116,221,809,1030
03986300,AVIATOR COLLEGE OF AERONAUTICAL SCIENCE ,FL,34946-9022,Proprietary  ,3,14,17,19,76,95
04016500,AMERICAN INSTITUTE OF BEAUTY            ,FL,33773-0000,Proprietary  ,17,33,50,60,224,284
04029300,TRENDSETTERS OF FLORIDA SCHOOL OF BEAUTY,FL,32205-0000,Proprietary  ,1,10,11,23,95,118
04058300,HEALTH OPPORTUNITY TECHNICAL CENTER     ,FL,33169-4517,Proprietary  ,0,22,22,14,264,278
04083400,INSTITUTE OF ALLIED MEDICAL PROFESSIONS ,FL,33484-6543,Proprietary  ,6,26,32,42,248,290
04105400,PENSACOLA SCHOOL OF MASSAGE THERAPY & HE,FL,32504-7337,Proprietary  ,4,28,32,38,223,261
04106300,PALM BEACH ACADEMY OF HEALTH & BEAUTY   ,FL,33403-2130,Proprietary  ,5,20,25,53,157,210
04116600,TAYLOR COLLEGE                          ,FL,34420-8714,Proprietary  ,1,15,16,39,302,341
04119400,AVEDA INSTITUTE - SAINT PETERSBURG      ,FL,33701-4242,Proprietary  ,51,112,163,483,748,1231
04120400,HI-TECH SCHOOL OF COSMETOLOGY           ,FL,33174-0000,Proprietary  ,15,21,36,89,149,238
04120500,ACADEMY OF PROFESSIONAL CAREERS         ,FL,32792-4433,Proprietary  ,0,0,0,4,9,13
04126900,ACADEMY OF CAREER TRAINING              ,FL,34741-4644,Proprietary  ,26,52,78,116,304,420
04127400,DIGITAL MEDIA ARTS COLLEGE              ,FL,33431-5919,Proprietary  ,9,11,20,289,221,510
04128400,MANAGEMENT RESOURCES INSTITUTE          ,FL,33126-5473,Proprietary  ,2,140,142,14,517,531
04129300,INTERNATIONAL B NATURALE BEAUTY SCHOOL  ,FL,33311-1152,Proprietary  ,1,4,5,2,16,18
04129900,FLORIDA SCHOOL OF MASSAGE               ,FL,32608-5419,Proprietary  ,5,23,28,103,245,348
04130400,SHEAR EXCELLENCE INTERNATIONAL HAIR ACAD,FL,33614-2783,Private      ,7,13,20,43,120,163
04131900,FASTTRAIN OF MIAMI                      ,FL,33134-1065,Proprietary  ,9,65,74,52,350,402
04132000,FASTTRAIN OF FORT LAUDERDALE            ,FL,33311-1506,Proprietary  ,3,44,47,21,235,256
04132100,FASTTRAIN OF TAMPA                      ,FL,33607-4153,Proprietary  ,8,41,49,31,249,280
04132200,FASTTRAIN OF JACKSONVILLE               ,FL,32256-4849,Proprietary  ,5,56,61,27,260,287
04133500,ACADEMY FOR FIVE ELEMENT ACUPUNCTURE    ,FL,32601-6811,Private      ,0,5,5,5,100,105
04134800,AVEDA INSTITUTE - TALLAHASSEE           ,FL,32304-3186,Proprietary  ,15,21,36,109,147,256
04134900,ORANGE PARK BEAUTY ACADEMY              ,FL,32073-5524,Proprietary  ,0,0,0,23,90,113
04135000,COZMO THE SCHOOL                        ,FL,34135-4810,Proprietary  ,8,25,33,46,141,187
04135900,ALLIED HEALTH INSTITUTE                 ,FL,33309-1900,Proprietary  ,5,107,112,33,692,725
04140800,NORTH FLORIDA ACADEMY                   ,FL,32065-7758,Proprietary  ,3,12,15,42,67,109
04143100,PROFESSIONAL HANDS INSTITUTE            ,FL,33135-1939,Proprietary  ,10,123,133,27,292,319
04145900,CELEBRITY SCHOOL OF BEAUTY              ,FL,33144-4153,Proprietary  ,4,50,54,29,197,226
04146200,WALTON CAREER DEVELOPMENT CENTER        ,FL,32433-1557,Public       ,7,9,16,10,24,34
04147800,ROSE TRAINING INSTITUTE                 ,FL,33881-4094,Proprietary  ,3,17,20,8,114,122
04148500,MEDICAL INSTITUTE OF PALM BEACH         ,FL,33460-5042,Proprietary  ,9,54,63,31,217,248
04150800,IMMOKALEE TECHNICAL CENTER              ,FL,34142-3146,Public       ,4,7,11,18,26,44
04151500,AMERICAN ACADEMY OF COSMETOLOGY         ,FL,32065-8026,Proprietary  ,1,3,4,1,3,4
04156300,UNIVERSITY OF FORT LAUDERDALE           ,FL,33313-5809,Private      ,0,20,20,0,37,37
04156400,AVIATION INSTITUTE OF MAINTENANCE       ,FL,32803-6487,Proprietary  ,1,0,1,1,0,1
04157100,DELTA CONNECTION ACADEMY                ,FL,32725-9683,Proprietary  ,6,35,41,6,36,42
04162500,HOLLYWOOD INSTITUTE OF BEAUTY CAREERS   ,FL,33020-4807,Proprietary  ,11,74,85,16,145,161
04163000,SALON PROFESSIONAL ACADEMY (THE)        ,FL,33624-6321,Proprietary  ,7,16,23,7,16,23
04163100,SALON PROFESSIONAL ACADEMY (THE)        ,FL,32607-1672,Proprietary  ,1,15,16,1,15,16
04163200,SALON PROFESSIONAL ACADEMY (THE)        ,FL,32162-9311,Proprietary  ,14,31,45,14,31,45
00160500,CHAMINADE UNIV OF HONOLULU              ,HI,96816-1578,Private      ,51,104,155,1562,1640,3202
00160600,BRIGHAM YOUNG UNIV-HAWAII CAMPUS        ,HI,96762-1294,Private      ,52,31,83,1254,782,2036
00161000,UNIVERSITY OF HAWAII AT MANOA           ,HI,96822-2399,Public       ,204,193,397,10976,8442,19418
00161100,UNIVERSITY OF HAWAII AT HILO            ,HI,96720-4091,Public       ,49,43,92,3146,2402,5548
00161200,HONOLULU COMMUNITY COLLEGE              ,HI,96817-4598,Public       ,52,62,114,1609,1958,3567
00161300,KAPIOLANI COMMUNITY COLLEGE             ,HI,96816-4421,Public       ,61,105,166,2591,2959,5550
00161400,KAUAI COMMUNITY COLLEGE                 ,HI,96766-9591,Public       ,13,24,37,396,629,1025
00161500,MAUI COMMUNITY COLLEGE                  ,HI,96732-1644,Public       ,34,81,115,1433,2710,4143
00454900,LEEWARD COMMUNITY COLLEGE               ,HI,96782-3393,Public       ,72,95,167,2099,2620,4719
00525800,HAWAII COMMUNITY COLLEGE                ,HI,96720-4075,Public       ,27,51,78,1458,2175,3633
00723401,HEALD COLLEGE - HONOLULU                ,HI,96814-0000,Proprietary  ,146,298,444,965,1680,2645
00727900,HAWAII PACIFIC UNIVERSITY               ,HI,96813-2882,Private      ,86,178,264,4032,3443,7475
01122000,WINDWARD COMMUNITY COLLEGE              ,HI,96744-0000,Public       ,33,55,88,781,1138,1919
02100300,MED-ASSIST SCHOOL OF HAWAII             ,HI,96813-0000,Proprietary  ,6,37,43,60,192,252
02107800,UNIVERSITY OF HAWAII - WEST OAHU        ,HI,96782-0000,Public       ,15,21,36,668,1058,1726
02139500,HAWAII INSTITUTE OF HAIR DESIGN         ,HI,96817-5195,Proprietary  ,9,22,31,50,162,212
03017800,TRAVEL INSTITUTE OF THE PACIFIC         ,HI,96814-1946,Proprietary  ,8,41,49,55,203,258
03020800,NEW YORK TECHNICAL INST OF HAWAII       ,HI,96817-4415,Proprietary  ,0,0,0,1,3,4
03072500,WORLD MEDICINE INSTITUTE                ,HI,96826-0000,Private      ,0,5,5,17,77,94
03649300,HAWAII TECHNOLOGY INSTITUTE             ,HI,96813-3036,Private      ,1,9,10,28,82,110
03735300,INST OF CLINICAL ACUPUNCTURE & ORIENT MD,HI,96813-2307,Proprietary  ,0,5,5,2,48,50
03999400,TRADITIONAL CHINESE MEDICAL COLLEGE OF H,HI,96743-8324,Private      ,0,4,4,2,56,58
04154100,PACIFIC RIM BIBLE COLLEGE               ,HI,96819-2228,Private      ,0,7,7,5,24,29
00161600,BOISE STATE UNIVERSITY                  ,ID,83725-1000,Public       ,219,455,674,10394,12435,22829
00161700,"COLLEGE OF IDAHO, THE                   ",ID,83605-4432,Private      ,22,15,37,1280,331,1611
00161900,COLLEGE OF SOUTHERN IDAHO               ,ID,83301-0000,Public       ,135,299,434,3384,5187,8571
00161908,COLLEGE OF WESTERN IDAHO                ,ID,83687-1515,Public       ,102,330,432,1162,3144,4306
00162000,IDAHO STATE UNIVERSITY                  ,ID,83209-5377,Public       ,126,312,438,5059,9754,14813
00162100,LEWIS-CLARK STATE COLLEGE               ,ID,83501-2698,Public       ,50,96,146,2206,2330,4536
00162300,NORTH IDAHO COLLEGE                     ,ID,83814-2199,Public       ,70,186,256,2724,3974,6698
00162400,NORTHWEST NAZARENE UNIVERSITY           ,ID,83686-5897,Private      ,17,62,79,1584,1248,2832
00162500,BRIGHAM YOUNG UNIVERSITY-IDAHO          ,ID,83460-1650,Private      ,551,547,1098,9350,7596,16946
00162600,UNIVERSITY OF IDAHO                     ,ID,83844-4291,Public       ,128,127,255,8643,4441,13084
00455300,ITT TECHNICAL INSTITUTE                 ,ID,83713-1529,Proprietary  ,128,408,536,960,2758,3718
00458304,BROWN MACKIE COLLEGE-SOUTH BEND - BROWN ,ID,83709-2746,Proprietary  ,30,150,180,172,935,1107
00987300,MR JUAN'S CLG OF HAIR DESIGN            ,ID,83301-4154,Proprietary  ,2,7,9,22,59,81
01113300,EASTERN IDAHO TECHNICAL COLLEGE         ,ID,83404-5788,Public       ,12,60,72,337,1370,1707
02210700,CAREER BEAUTY COLLEGE                   ,ID,83440-0000,Proprietary  ,0,0,0,9,13,22
02218000,APOLLO COLLEGE                          ,ID,83704-0000,Proprietary  ,33,189,222,309,1461,1770
02234500,BOISE BIBLE COLLEGE                     ,ID,83714-1220,Private      ,2,3,5,142,94,236
02275800,MR LEONS SCHOOL OF HAIR DESIGN          ,ID,83843-8384,Proprietary  ,4,13,17,43,71,114
02275801,MR. LEON'S SCHOOL OF HAIR DESIGN        ,ID,83501-1910,Proprietary  ,0,2,2,3,18,21
02314000,SCHOOL OF HAIRSTYLING (THE)             ,ID,83202-0000,Proprietary  ,4,3,7,45,78,123
02319800,HEADMASTERS SCHOOL OF HAIR DESIGN       ,ID,83814-0000,Proprietary  ,18,25,43,153,234,387
02349200,HEADMASTERS SCHOOL OF HAIR DESIGN       ,ID,83501-0000,Proprietary  ,5,17,22,38,73,111
02559500,RAZZLE DAZZLE CLG OF HAIR DESIGN        ,ID,83686-5104,Proprietary  ,3,14,17,50,146,196
02607100,SCOT LEWIS SCHOOLS                      ,ID,83709-1662,Proprietary  ,16,21,37,137,214,351
03098700,ACADEMY OF COURT REPORTING              ,ID,83704-8320,Proprietary  ,57,207,264,308,1287,1595
03832400,COSMETOLOGY SCHOOL OF ARTS & SCIENCES   ,ID,83318-1327,Proprietary  ,1,8,9,13,71,84
04134300,EVANS HAIRSTYLING COLLEGE               ,ID,83440-5277,Proprietary  ,8,4,12,61,34,95
04144500,HAIR ACDMY PAUL MITCHELL PARTNER SCHOOL ,ID,83440-2600,Proprietary  ,8,19,27,84,114,198
04150600,D & L ACADEMY OF HAIR DESIGN            ,ID,83301-6229,Proprietary  ,1,3,4,2,8,10
04155200,OLIVER FINLEY ACADEMY OF COSMETOLOGY    ,ID,83704-8011,Proprietary  ,12,19,31,46,112,158
04163800,MASTER EDUCATORS BEAUTY SCHOOL          ,ID,83301-4118,Proprietary  ,5,18,23,5,18,23
00163200,AQUINAS INSTITUTE OF THEOLOGY           ,MO,63108-3323,Private      ,0,1,1,3,72,75
00244900,AVILA COLLEGE                           ,MO,64145-1698,Private      ,7,57,64,948,1510,2458
00245000,CALVARY BIBLE COLLEGE                   ,MO,64147-1341,Private      ,2,18,20,157,190,347
00245200,CENTRAL BIBLE COLLEGE                   ,MO,65803-1096,Private      ,6,7,13,553,322,875
00245300,CENTRAL METHODIST UNIVERSITY            ,MO,65248-1198,Private      ,14,60,74,1404,828,2232
00245301,CENTRAL METHODIST UNIVERSITY            ,MO,63601-0000,Private      ,1,12,13,65,236,301
00245302,CENTRAL METHODIST UNIVERSITY- UNION     ,MO,63084-0000,Private      ,0,1,1,31,52,83
00245400,UNIVERSITY OF CENTRAL MISSOURI          ,MO,64093-5178,Public       ,78,166,244,7334,4667,12001
00245600,COLUMBIA COLLEGE                        ,MO,65216-4581,Private      ,112,1253,1365,2921,16947,19868
00245700,CONCORDIA SEMINARY                      ,MO,63105-3199,Private      ,0,12,12,3,503,506
00245800,COTTEY COLLEGE                          ,MO,64772-2790,Private      ,3,2,5,321,42,363
00245900,CROWDER COLLEGE                         ,MO,64850-9165,Public       ,96,233,329,1958,3030,4988
00246000,CULVER STOCKTON COLLEGE                 ,MO,63435-1299,Private      ,9,4,13,1022,185,1207
00246100,DRURY UNIVERSITY                        ,MO,65802-3791,Private      ,48,229,277,2433,4184,6617
00246200,EDEN THEOLOGICAL SEMINARY               ,MO,63119-0000,Private      ,1,1,2,7,109,116
00246300,EVANGEL UNIVERSITY                      ,MO,65802-2125,Private      ,15,44,59,1976,850,2826
00246400,FONTBONNE UNIVERSITY                    ,MO,63105-3098,Private      ,12,140,152,1215,2994,4209
00246600,HARRIS-STOWE STATE COLLEGE              ,MO,63103-2199,Public       ,30,73,103,1611,2048,3659
00246700,CONCEPTION SEMINARY COLLEGE             ,MO,64433-0502,Private      ,1,1,2,66,21,87
00246800,JEFFERSON COLLEGE                       ,MO,63050-2441,Public       ,66,214,280,2697,3340,6037
00247100,ST LOUIS COMMUNITY COLLEGE              ,MO,63102-0000,Public       ,374,1285,1659,10128,18175,28303
00247300,KANSAS CITY ART INSTITUTE               ,MO,64111-1874,Private      ,15,4,19,1002,277,1279
00247400,KANSAS CITY UNIV OF MED AND BIOSCIENCES ,MO,64106-0000,Private      ,1,3,4,9,23,32
00247400,KANSAS CITY UNIV OF MED & BIOSCIENCES   ,MO,64106-0000,Private      ,0,0,0,19,1079,1098
00247600,KENRICK-GLENNON SEMINARY                ,MO,63119-0000,Private      ,0,0,0,8,6,14
00247700,A.T. STILL UNIV OF HEALTH SCIENCES      ,MO,63501-0000,Private      ,1,104,105,11,2970,2981
00247900,LINCOLN UNIVERSITY                      ,MO,65101-3500,Public       ,49,85,134,2850,1930,4780
00248000,LINDENWOOD UNIVERSITY                   ,MO,63301-1695,Private      ,69,516,585,4923,7383,12306
00248200,MARYVILLE UNIVERSITY                    ,MO,63141-7299,Private      ,12,103,115,2052,2215,4267
00248400,METROPOLITAN COMMUNITY COLLEGE          ,MO,64111-2408,Public       ,220,809,1029,9292,15520,24812
00248500,MIDWESTERN BAPTIST THEOL SEMINARY       ,MO,64118-4697,Private      ,2,9,11,82,281,363
00248600,MINERAL AREA COLLEGE                    ,MO,63601-1000,Public       ,56,161,217,1956,2783,4739
00248800,MISSOURI SOUTHERN STATE UNIVERSITY      ,MO,64801-1595,Public       ,62,154,216,3762,3859,7621
00248900,MISSOURI VALLEY COLLEGE                 ,MO,65340-3197,Private      ,14,11,25,1620,477,2097
00249000,MISSOURI WESTERN STATE UNIVERSITY       ,MO,64507-2294,Public       ,56,111,167,4377,2710,7087
00249100,MOBERLY AREA COMMUNITY COLLEGE          ,MO,65270-1304,Public       ,69,140,209,2712,3311,6023
00249400,NAZARENE THEOLOGICAL SEMINARY           ,MO,64131-1246,Private      ,1,6,7,1,178,179
00249500,TRUMAN STATE UNIVERSITY                 ,MO,63501-4221,Public       ,54,17,71,5564,587,6151
00249600,NORTHWEST MISSOURI STATE UNIV           ,MO,64468-6001,Public       ,56,55,111,6490,1438,7928
00249800,PARK UNIVERSITY                         ,MO,64152-3795,Private      ,43,544,587,1412,7998,9410
00249900,ROCKHURST UNIVERSITY                    ,MO,64110-2561,Private      ,13,46,59,1965,1584,3549
00250000,COLLEGE OF THE OZARKS                   ,MO,65726-2502,Private      ,23,4,27,2975,370,3345
00250100,SOUTHEAST MISSOURI STATE UNIV           ,MO,63701-4799,Public       ,74,183,257,7501,4321,11822
00250200,SOUTHWEST BAPTIST UNIVERSITY            ,MO,65613-2597,Private      ,25,73,98,2160,1741,3901
00250300,MISSOURI STATE UNIVERSITY               ,MO,65897-0094,Public       ,150,240,390,13184,7557,20741
00250400,ST LOUIS COLLEGE OF PHARMACY            ,MO,63110-1088,Private      ,7,4,11,793,547,1340
00250600,SAINT LOUIS UNIVERSITY                  ,MO,63103-2097,Private      ,93,252,345,8356,7796,16152
00250900,SAINT PAUL SCHOOL OF THEOLOGY           ,MO,64127-2499,Private      ,0,7,7,3,196,199
00251200,STEPHENS COLLEGE                        ,MO,65215-0001,Private      ,10,25,35,972,599,1571
00251400,NORTH CENTRAL MISSOURI COLLEGE          ,MO,64683-1824,Public       ,14,46,60,756,1071,1827
00251600,UNIVERSITY OF MISSOURI-COLUMBIA         ,MO,65211-1600,Public       ,229,268,497,22226,8640,30866
00251700,MISSOURI UNIVERSITY OF SCIENCE & TECHNOL,MO,65409-0250,Public       ,31,32,63,4741,1180,5921
00251800,UNIVERSITY OF MISSOURI-KANSAS CITY      ,MO,64110-2497,Public       ,85,259,344,6394,9325,15719
00251900,UNIVERSITY OF MISSOURI-ST LOUIS         ,MO,63121-4499,Public       ,98,363,461,5472,9771,15243
00252000,WASHINGTON UNIVERSITY                   ,MO,63130-4899,Private      ,97,121,218,13419,5571,18990
00252001,WASHINGTON UNIV-SCHOOL OF MEDICINE      ,MO,63110-0000,Private      ,2,3,5,56,1286,1342
00252100,WEBSTER UNIVERSITY                      ,MO,63119-3194,Private      ,32,700,732,3154,14035,17189
00252200,WENTWORTH MILITARY ACADEMY              ,MO,64067-1799,Private      ,5,18,23,177,230,407
00252300,WESTMINSTER COLLEGE                     ,MO,65251-1299,Private      ,13,6,19,1269,134,1403
00252400,WILLIAM JEWELL COLLEGE                  ,MO,64068-1896,Private      ,18,15,33,1563,278,1841
00252500,WILLIAM WOODS UNIVERSITY                ,MO,65251-2388,Private      ,11,210,221,1028,2222,3250
00405704,NATIONAL AMERICAN UNIVERSITY            ,MO,64057-1791,Proprietary  ,1,40,41,53,482,535
00441300,ST JOHNS HOSP SCH RAD TECH              ,MO,65802-0000,Private      ,1,6,7,42,101,143
00470300,LOGAN COLLEGE OF CHIROPRACTIC           ,MO,63006-1065,Private      ,4,18,22,82,1214,1296
00470700,COVENANT THEOLOGICAL SEMINARY           ,MO,63141-8697,Private      ,0,6,6,2,545,547
00471100,LINN STATE TECHNICAL COLLEGE            ,MO,65051-9607,Public       ,18,15,33,1103,490,1593
00471300,THREE RIVERS COMMUNITY COLLEGE          ,MO,63901-2393,Public       ,67,245,312,1803,3093,4896
00528800,KIRKSVILLE AREA TECHNICAL CENTER        ,MO,63501-0000,Public       ,2,2,4,34,79,113
00528900,WAYNESVILLE CAREER CENTER               ,MO,65583-2131,Public       ,0,4,4,21,123,144
00542400,SOUTH CENTRAL CAREER CENTER             ,MO,65775-3334,Public       ,1,1,2,55,211,266
00542600,SIKESTON CAREER AND TECHNOLOGY CTR      ,MO,63801-0000,Public       ,3,3,6,41,141,182
00542900,ROLLA TECHNICAL INSTITUTE               ,MO,65401-3601,Public       ,8,11,19,263,350,613
00543000,POPLAR BLUFF TECHNICAL CAREER CNTR      ,MO,63901-0000,Public       ,3,4,7,48,105,153
00543800,SALINE COUNTY CAREER CENTER             ,MO,65340-0000,Public       ,1,2,3,21,95,116
00544500,TRUMAN MEDICAL CENTER SCHOOL OF NURSE AN,MO,64108-2677,Private      ,0,7,7,31,110,141
00553100,GRAND RIVER TECHNICAL SCHOOL            ,MO,64601-1299,Public       ,1,1,2,81,50,131
00553200,CAPE GIRARDEAU CAREER & TECHNOLOGY CENTE,MO,63703-7511,Public       ,0,18,18,94,421,515
00638500,CHAMBERLAIN COLLEGE OF NURSING          ,MO,63139-3297,Proprietary  ,39,1108,1147,1028,8149,9177
00638900,BARNES JEWISH COLLEGE OF NURSING AND ALL,MO,63110-1091,Private      ,5,21,26,272,748,1020
00639200,RESEARCH COLLEGE OF NURSING             ,MO,64132-1199,Proprietary  ,2,16,18,86,286,372
00639201,RESEARCH MEDICAL CENTER - COLLEGE OF NUR,MO,64132-1199,Proprietary  ,0,0,0,9,28,37
00639202,RESEARCH MED CTR SCHL OF RAD TECH       ,MO,64132-0000,Proprietary  ,0,6,6,4,55,59
00666600,LUTHERAN  SCHOOL OF NURSING             ,MO,63118-3909,Proprietary  ,2,9,11,14,57,71
00754000,MISSOURI BAPTIST UNIVERSITY             ,MO,63141-8698,Private      ,18,141,159,1403,2175,3578
00755700,ITT TECHNICAL INSTITUTE                 ,MO,63045-1122,Proprietary  ,215,649,864,1794,4677,6471
00808000,STATE FAIR COMMUNITY COLLEGE            ,MO,65301-0000,Public       ,77,290,367,2159,3182,5341
00826900,HILLYARD TECHNICAL CENTER               ,MO,64506-0000,Public       ,0,6,6,104,261,365
00855200,PATRICIA STEVENS COLLEGE                ,MO,63102-2334,Proprietary  ,4,15,19,81,179,260
00860600,TRI-COUNTY TECHNICAL SCHOOL             ,MO,65026-0000,Public       ,0,0,0,20,91,111
00886200,EAST CENTRAL COLLEGE                    ,MO,63084-0529,Public       ,83,139,222,2083,2564,4647
00908900,HANNIBAL-LAGRANGE COLLEGE               ,MO,63401-1999,Private      ,2,19,21,772,519,1291
00952000,NATIONAL ACADEMY OF BEAUTY ARTS         ,MO,63128-1307,Proprietary  ,25,72,97,218,529,747
00959000,INDEPENDENCE COLLEGE OF COSMETOLOGY     ,MO,64055-1105,Proprietary  ,4,21,25,48,128,176
00960700,HOUSE OF HEAVILIN BEAUTY COLLEGE        ,MO,64110-2826,Proprietary  ,3,12,15,36,115,151
00978200,SAINT LUKE'S COLLEGE                    ,MO,64114-3237,Private      ,0,6,6,76,190,266
00979500,MISSOURI COLLEGE                        ,MO,63144-2901,Proprietary  ,45,140,185,428,1292,1720
01014814,COLORADO TECHNL UNIV NORTH KANSAS CITY  ,MO,64116-3614,Proprietary  ,18,150,168,259,1480,1739
01027900,HICKEY COLLEGE                          ,MO,63146-0000,Proprietary  ,33,34,67,484,275,759
01040500,PINNACLE CAREER INSTITUTE               ,MO,64131-3367,Proprietary  ,45,425,470,271,2306,2577
01040501,PINNACLE CAREER INSTITUTE - NORTH KANSAS,MO,64153-1151,Proprietary  ,4,59,63,48,378,426
01050303,WICHITA TECHNICAL INSTITUTE - WTI JOPLIN,MO,64801-2970,Proprietary  ,9,51,60,42,380,422
01072717,DEVRY INSTITUTE OF TECHNOLOGY           ,MO,64131-3626,Proprietary  ,5,25,30,5,25,30
01102600,WARRENSBURG AREA VOC TECH SCH           ,MO,64093-0000,Public       ,1,4,5,30,59,89
01173500,PIKE/LINCOLN TECHNICAL CENTER           ,MO,63344-0000,Public       ,0,8,8,37,93,130
01212000,ASSEMBLIES OF GOD THEO. SEMINARY        ,MO,65802-0000,Private      ,0,6,6,4,267,271
01250000,RANKEN TECHNICAL COLLEGE                ,MO,63113-2811,Private      ,26,63,89,1430,1462,2892
01258000,ST LOUIS CHRISTIAN COLLEGE              ,MO,63033-6499,Private      ,4,19,23,177,251,428
01320800,BAPTIST BIBLE COLLEGE                   ,MO,65803-3498,Private      ,6,6,12,376,233,609
02056100,FOUR RIVERS CAREER CENTER               ,MO,63090-0000,Public       ,1,1,2,16,55,71
02066900,NICHOLS CAREER CENTER                   ,MO,65101-2814,Public       ,2,3,5,76,147,223
02068200,COX HEALTH - COX COLLEGE                ,MO,65802-0000,Private      ,3,27,30,204,663,867
02068202,COX HEALTH - RADIOLOGIC TECHNOLOGY      ,MO,65802-0000,Private      ,0,3,3,33,84,117
02068204,COX HEALTH - MEDICAL TECHNOLOGY         ,MO,65807-0000,Private      ,0,4,4,14,64,78
02073600,KENNETT CAREER & TECHNOLOGY CENTER      ,MO,63857-0000,Public       ,0,3,3,23,52,75
02090400,BOONSLICK TECHNICAL EDUCATION CTR       ,MO,65233-0000,Public       ,1,1,2,10,67,77
02121100,MIDWEST INSTITUTE                       ,MO,63122-0000,Proprietary  ,11,97,108,68,449,517
02124500,FRANKLIN TECHNOLOGY CENTER              ,MO,64801-0000,Public       ,0,21,21,73,411,484
02142200,LEX LA RAY TECHNICAL CENTER             ,MO,64067-0000,Public       ,0,1,1,17,73,90
02151000,HANNIBAL CAREER AND TECHNICAL CENTE     ,MO,63401-2285,Public       ,0,2,2,22,111,133
02164200,FOREST INST PROFESSIONAL PSYCHOLOGY     ,MO,65807-0000,Private      ,1,4,5,10,314,324
02165900,CHILLICOTHE BEAUTY ACADEMY              ,MO,64601-0000,Proprietary  ,1,3,4,11,35,46
02180200,METRO BUSINESS COLLEGE                  ,MO,63701-0000,Proprietary  ,24,161,185,215,1112,1327
02188100,NORTHLAND CAREER CENTER                 ,MO,64079-8333,Public       ,1,3,4,21,94,115
02202700,OZARK CHRISTIAN COLLEGE                 ,MO,64801-0000,Private      ,10,8,18,503,193,696
02203400,NEVADA REGIONAL TECHNICAL CENTER        ,MO,64772-0000,Public       ,0,2,2,24,82,106
02205200,SANFORD-BROWN COLLEGE                   ,MO,63026-7305,Proprietary  ,28,180,208,355,1872,2227
02205203,SANFORD BROWN COLLEGE-ST. PETERS        ,MO,63301-4042,Proprietary  ,32,156,188,276,1466,1742
02214500,SALEM COLLEGE OF HAIRSTYLING            ,MO,65401-0000,Proprietary  ,0,8,8,13,62,75
02239200,ALLIED COLLEGE - NORTH                  ,MO,63043-0000,Proprietary  ,97,293,390,707,1793,2500
02239202,ALLIED COLLEGE - METRO SOUTH            ,MO,63026-0000,Proprietary  ,1,4,5,53,126,179
02250600,EVEREST COLLEGE                         ,MO,65807-2446,Proprietary  ,32,149,181,172,997,1169
02263106,ANTHEM COLLEGE - HIGH-TECH INSTITUTE - K,MO,64114-3232,Proprietary  ,0,3,3,21,79,100
02263400,LAKE CAREER AND TECHNICAL CENTER        ,MO,65020-0000,Public       ,0,2,2,6,35,41
02266400,CENTRAL CHRISTIAN CLG OF THE BIBLE      ,MO,65270-0000,Private      ,3,7,10,281,169,450
02277500,HOUSE OF HEAVILIN OF BLUE SPRINGS       ,MO,64014-3953,Proprietary  ,7,8,15,73,139,212
02289200,COLUMBIA AREA CAREER CENTER             ,MO,65203-0000,Public       ,5,23,28,55,220,275
02295700,MISSOURI BEAUTY ACADEMY                 ,MO,63640-1827,Proprietary  ,11,25,36,75,215,290
02300105,EVEREST COLLEGE - EARTH CITY            ,MO,63045-1100,Proprietary  ,46,287,333,243,1335,1578
02304000,MISSOURI TECH                           ,MO,63132-0000,Proprietary  ,7,12,19,52,145,197
02309100,AMERICAN COLLEGE OF HAIR DESIGN         ,MO,65301-2144,Proprietary  ,2,6,8,31,61,92
02313000,CASS CAREER CENTER                      ,MO,64701-0000,Public       ,0,0,0,12,77,89
02340500,ST LOUIS COLLEGE OF HEALTH CAREERS      ,MO,63110-0000,Proprietary  ,23,103,126,174,856,1030
02340501,ST LOUIS COLLEGE OF HEALTH              ,MO,63129-0000,Proprietary  ,0,2,2,15,60,75
02342100,CAREER & TECHNOLOGY CTR AT FT OSAGE     ,MO,64058-0000,Public       ,0,4,4,13,24,37
02361600,CONCORDE CAREER COLLEGE                 ,MO,64111-0000,Proprietary  ,28,166,194,224,1326,1550
02497500,CLINTON TECHNICAL SCHOOL                ,MO,64735-2966,Public       ,1,2,3,11,54,65
02520800,MERRELL UNIV OF BTY ARTS & SCIENCES     ,MO,65109-0000,Proprietary  ,8,21,29,87,191,278
02530600,SAINT CHARLES COMMUNITY COLLEGE         ,MO,63376-0975,Public       ,65,184,249,3630,3361,6991
02543800,PARIS II EDUCATIONAL CENTER (THE)       ,MO,64118-0000,Proprietary  ,7,27,34,50,142,192
02555300,PATSY AND ROB'S ACADEMY OF BEAUTY       ,MO,63074-0000,Proprietary  ,3,12,15,41,138,179
02564700,ELAINE STEVEN BEAUTY COLLEGE            ,MO,63136-0000,Proprietary  ,10,35,45,76,223,299
02564701,ELAINE STEVEN BEAUTY COLLEGE - ADVANCE B,MO,63383-2006,Proprietary  ,0,1,1,3,6,9
02564702,ELAINE STEVEN BEAUTY COLLEGE - ADVANCE B,MO,63401-2269,Proprietary  ,0,1,1,6,10,16
02568500,GRABBER SCHOOL OF HAIR DESIGN           ,MO,63011-0000,Proprietary  ,4,13,17,58,125,183
02599700,VATTEROTT COLLEGE                       ,MO,63134-2900,Proprietary  ,60,282,342,454,2163,2617
02599701,VATTEROTT COLLEGE - KANSAS CITY         ,MO,64129-1692,Proprietary  ,32,214,246,233,1622,1855
02599702,VATTEROTT COLLEGE - SPRINGFIELD LOCATION,MO,65807-5340,Proprietary  ,13,129,142,148,963,1111
02599703,VATTEROTT COLLEGE - JOPLIN              ,MO,64801-5033,Proprietary  ,13,104,117,102,783,885
02599705,VATTEROTT COLLEGE - SUNSET HILLS        ,MO,63127-1516,Proprietary  ,14,156,170,172,1199,1371
02599712,VATTEROTT COLLEGE - O'FALLON            ,MO,63366-2748,Proprietary  ,8,67,75,100,520,620
02608000,NEOSHO BEAUTY COLLEGE                   ,MO,64850-1525,Proprietary  ,1,9,10,15,61,76
02609202,VATTEROTT COLLEGE-ST JOSEPH             ,MO,64501-2911,Proprietary  ,15,106,121,143,663,806
02609203,VATTEROTT COLLEGE - L'ECOLE CULINAIRE   ,MO,63124-1103,Proprietary  ,21,104,125,252,859,1111
02611004,HERITAGE COLLEGE-KANSAS CITY            ,MO,64131-4203,Proprietary  ,44,205,249,256,1224,1480
03042400,LEBANON TECHNOLOGY & CAREER CENTER      ,MO,65536-3296,Public       ,1,2,3,38,143,181
03066300,BRYAN CAREER COLLEGE                    ,MO,65806-2507,Proprietary  ,9,79,88,75,461,536
03068600,SPECIAL SCHOOL DISTRICT OF ST. LOUIS CO.,MO,63127-0000,Public       ,4,52,56,78,633,711
03070200,CENTRAL COLLEGE OF COSMETOLOGY          ,MO,65583-0000,Proprietary  ,3,14,17,24,125,149
03070900,SE MO HOSP CLG NURSING & HEALTH SCI     ,MO,63703-4507,Private      ,3,17,20,86,270,356
03077200,COSMETOLOGY CONCEPTS INSTITUTE          ,MO,65202-1972,Proprietary  ,1,9,10,35,98,133
03083000,OZARKS TECHNICAL COMMUNITY COLLEGE      ,MO,65802-3601,Public       ,151,516,667,6513,10029,16542
03092600,MESSENGER COLLEGE                       ,MO,64804-4909,Private      ,2,1,3,49,66,115
03097600,ST LOUIS HAIR ACADEMY                   ,MO,63107-1737,Proprietary  ,2,12,14,17,77,94
03101000,NEW DIMENSION SCHOOL OF HAIR DESIGN     ,MO,64801-5017,Proprietary  ,3,8,11,18,73,91
03106000,MISSOURI STATE UNIVERSITY - WEST PLAINS ,MO,65775-2715,Public       ,37,74,111,1111,1447,2558
03110900,HOUSE OF HEAVILIN BEAUTY COLLEGE        ,MO,64030-1154,Proprietary  ,1,6,7,15,69,84
03166300,MOBERLY AREA TECHNICAL CENTER           ,MO,65270-1904,Public       ,1,1,2,15,30,45
03519300,MISSOURI COLLEGE OF COSMETOLOGY NORTH   ,MO,65803-1235,Proprietary  ,11,30,41,70,253,323
03528300,MIDWEST UNIVERSITY                      ,MO,63385-2905,Private      ,0,0,0,6,36,42
03579300,TEXAS COUNTY TECHNICAL INSTITUTE        ,MO,65483-2700,Private      ,3,29,32,50,375,425
03616300,AVIATION INSTITUTE OF MAINTENANCE       ,MO,64129-1811,Proprietary  ,14,69,83,74,397,471
03663400,UNIVERSITY OF COSMETOLOGY               ,MO,63080-1910,Proprietary  ,2,4,6,15,45,60
03878300,PROFESSIONAL MASSAGE TRAINING CENTER    ,MO,65803-2939,Proprietary  ,1,28,29,39,127,166
03916300,ECLIPS SCHOOL OF COSMETOLOGY AND BARBERI,MO,63703-5809,Proprietary  ,5,28,33,31,126,157
03924300,HAIR ACADEMY 110 (THE)                  ,MO,63501-2915,Proprietary  ,0,5,5,18,23,41
03970400,MTTI-WELLSPRING CENTER FOR NATURAL HEALT,MO,64114-3313,Proprietary  ,8,33,41,50,194,244
04037500,ACADEMY OF HAIR DESIGN                  ,MO,65804-2303,Proprietary  ,10,34,44,71,226,297
04048300,DIVAS UNLIMITED ACADEMY                 ,MO,63114-2625,Proprietary  ,0,0,0,8,25,33
04118700,AMERICAN COLLEGE OF TECHNOLOGY          ,MO,64506-2006,Proprietary  ,0,17,17,0,17,17
04119100,CITY VISION COLLEGE                     ,MO,64141-3188,Private      ,1,20,21,1,20,21
04127000,PEMISCOT COUNTY SPECIAL SCHOOL DISTRICT ,MO,63851-1666,Public       ,0,1,1,10,55,65
04130600,HEALING ARTS CENTER                     ,MO,63143-2103,Proprietary  ,1,16,17,14,100,114
04133300,TREND SETTERS SCHOOL OF COSMETOLOGY     ,MO,63702-7607,Proprietary  ,2,16,18,48,107,155
04145200,TRANSFORMED BARBER AND COSMETOLOGY ACADE,MO,64137-1207,Proprietary  ,6,28,34,17,72,89
04145700,THE SYSTEM A PAUL MITCHELL PARTNER SCHL ,MO,65807-5969,Proprietary  ,24,23,47,127,147,274
04146100,URSHAN GRADUATE SCHOOL OF THEOLOGY      ,MO,63031-7526,Private      ,0,1,1,0,19,19
00163201,AQUINAS INSTITUTE OF THEOLOGY - MINISTRY,OK,73123-0380,Private      ,0,2,2,2,11,13
00314600,WESTERN OKLAHOMA STATE COLLEGE          ,OK,73521-1397,Public       ,39,91,130,641,1073,1714
00314700,BACONE COLLEGE                          ,OK,74403-1597,Private      ,19,35,54,956,786,1742
00314900,SOUTHERN NAZARENE UNIVERSITY            ,OK,73008-2694,Private      ,24,207,231,1212,1876,3088
00315000,CAMERON UNIVERSITY                      ,OK,73505-6377,Public       ,75,226,301,2102,3872,5974
00315100,OKLAHOMA WESLEYAN UNIVERSITY            ,OK,74006-6299,Private      ,13,68,81,617,1026,1643
00315200,UNIV OF CENTRAL OKLAHOMA                ,OK,73034-5209,Public       ,177,309,486,7933,7337,15270
00315300,CONNORS STATE COLLEGE                   ,OK,74469-9700,Public       ,32,92,124,974,1519,2493
00315400,EAST CENTRAL UNIVERSITY                 ,OK,74820-6999,Public       ,37,105,142,2393,2925,5318
00315500,EASTERN OKLAHOMA STATE COLLEGE          ,OK,74578-4999,Public       ,35,76,111,867,1312,2179
00315600,REDLANDS COMMUNITY COLLEGE              ,OK,73036-5304,Public       ,26,87,113,720,1297,2017
00315700,LANGSTON UNIVERSITY                     ,OK,73050-0000,Public       ,42,83,125,2122,2111,4233
00315800,MURRAY STATE COLLEGE                    ,OK,73460-3137,Public       ,40,155,195,1145,2132,3277
00316000,NORTHEASTERN OKLAHOMA A & M COLLEGE     ,OK,74354-6497,Public       ,39,67,106,1482,1247,2729
00316100,NORTHEASTERN STATE UNIVERSITY           ,OK,74464-2399,Public       ,93,210,303,4665,6392,11057
00316200,NORTHERN OKLAHOMA COLLEGE               ,OK,74653-0310,Public       ,66,148,214,1890,2336,4226
00316300,NORTHWESTERN OKLAHOMA STATE UNIV        ,OK,73717-2799,Public       ,25,45,70,1175,1008,2183
00316400,OKLAHOMA BAPTIST UNIVERSITY             ,OK,74801-2590,Private      ,27,14,41,1769,374,2143
00316500,OKLAHOMA CHRISTIAN UNIVERSITY           ,OK,73131-0000,Private      ,21,25,46,2038,673,2711
00316600,OKLAHOMA CITY UNIVERSITY                ,OK,73106-1493,Private      ,30,59,89,2196,2536,4732
00316700,UNIV OF SCIENCE & ARTS OF OKLAHOMA      ,OK,73018-5322,Public       ,12,21,33,726,534,1260
00316800,ROGERS STATE UNIVERSITY                 ,OK,74017-3252,Public       ,53,102,155,2229,3044,5273
00317000,OKLAHOMA STATE UNIVERSITY               ,OK,74078-1015,Public       ,242,223,465,13730,7518,21248
00317200,OKLAHOMA STATE UNIVERSITY-OKMULGEE      ,OK,74447-3901,Public       ,46,89,135,1684,1808,3492
00317400,OKLAHOMA PANHANDLE STATE UNIVERSITY     ,OK,73939-0000,Public       ,20,30,50,857,480,1337
00317600,CARL ALBERT STATE COLLEGE               ,OK,74953-5208,Public       ,27,102,129,1147,2084,3231
00317800,SEMINOLE STATE COLLEGE                  ,OK,74818-1902,Public       ,34,87,121,908,1425,2333
00317900,SOUTHEASTERN OKLAHOMA STATE UNIV        ,OK,74701-0609,Public       ,67,127,194,2375,2461,4836
00318000,SOUTHWESTERN CHRISTIAN UNIVERSITY       ,OK,73008-2335,Private      ,1,13,14,175,229,404
00318100,SOUTHWESTERN OKLAHOMA STATE UNIV        ,OK,73096-3098,Public       ,56,85,141,2731,2004,4735
00318101,SOUTHWESTERN OK STATE UNIV AT SAYRE     ,OK,73662-0000,Public       ,6,19,25,157,295,452
00318300,ST GREGORY'S UNIVERSITY                 ,OK,74804-2499,Private      ,4,67,71,339,547,886
00318308,SAINT GREGORY'S UNIVERSITY - IPD TULSA  ,OK,74135-2499,Private      ,2,11,13,19,168,187
00318400,UNIVERSITY OF OKLAHOMA                  ,OK,73019-4078,Public       ,260,385,645,15406,10292,25698
00318401,UNIVERSITY OF OKLAHOMA-HLTH SCI CTR     ,OK,73190-0000,Public       ,9,63,72,437,3650,4087
00318500,UNIVERSITY OF TULSA                     ,OK,74104-3189,Private      ,37,49,86,2795,1953,4748
00398500,ORAL ROBERTS UNIVERSITY                 ,OK,74171-0001,Private      ,31,82,113,2830,1650,4480
00458305,BROWN MACKIE COLLEGE-SOUTH BEND - BROWN ,OK,74146-5234,Proprietary  ,19,75,94,78,555,633
00531100,TULSA COUNTY AREA VOC TECH SCHOOL       ,OK,74145-0000,Public       ,10,98,108,244,1317,1561
00531200,RED RIVER TECHNOLOGY CENTER             ,OK,73533-2700,Public       ,5,14,19,43,256,299
00533900,METRO TECHNOLOGY CENTERS SCH DIST22     ,OK,73111-0000,Public       ,17,104,121,220,1432,1652
00533903,METRO TECHNOLOGY CENTERS SCH DIST22     ,OK,73129-0000,Public       ,5,21,26,64,392,456
00694200,MID-AMERICA CHRISTIAN UNIVERSITY        ,OK,73170-4504,Private      ,5,171,176,452,1330,1782
00767800,SPARTAN COLLEGE OF AERONAUTICS AND TECHN,OK,74115-5800,Proprietary  ,66,123,189,1203,1190,2393
00791100,VIRGILS BEAUTY COLLEGE                  ,OK,74401-6802,Proprietary  ,5,8,13,24,61,85
00834300,AUTRY TECHNOLOGY CENTER                 ,OK,73703-2598,Public       ,1,11,12,63,321,384
00861900,TRI COUNTY TECHNOLOGY CENTER            ,OK,74006-6029,Public       ,0,7,7,87,217,304
00918500,ROSE STATE COLLEGE                      ,OK,73110-2799,Public       ,110,405,515,2336,5839,8175
00920400,KIAMICHI AREA VOC TECH SCHOOL           ,OK,74578-0548,Public       ,12,76,88,294,1294,1588
00920408,KIAMICHI AREA VOC TECH SCHOOL           ,OK,74953-0000,Public       ,3,10,13,37,131,168
00961800,TULSA WELDING SCHOOL                    ,OK,74104-0000,Proprietary  ,162,370,532,1253,2074,3327
00964700,"OKLAHOMA STATE UNIV, OKLA CITY          ",OK,73107-6159,Public       ,102,422,524,2121,5913,8034
00970800,EVES COLLEGE OF HAIRSTYLING             ,OK,73501-4359,Proprietary  ,7,29,36,32,163,195
00976300,TULSA COMMUNITY COLLEGE                 ,OK,74135-6198,Public       ,225,847,1072,7509,12610,20119
00996300,CADDO KIOWA VOC TECH CENTER             ,OK,73038-0000,Public       ,15,58,73,105,444,549
00996400,CENTRAL OKLAHOMA AREA VOC TECH SCH      ,OK,74030-9613,Public       ,10,30,40,92,337,429
00996500,CANADIAN VALLEY TECHNOLOGY CENTER       ,OK,73036-9117,Public       ,8,61,69,103,537,640
00996800,GORDON COOPER TECHNOLOGY CENTER         ,OK,74804-9913,Public       ,5,24,29,94,436,530
01005300,INDIAN CAPITAL TECHNOLGY CENTER #4      ,OK,74403-9907,Public       ,12,24,36,184,721,905
01026600,HILLSDALE FREE WILL BAPTIST COLLEGE     ,OK,73153-0000,Private      ,5,3,8,236,77,313
01034200,SOUTHERN OKLAHOMA TECHNOLOGY CENTER     ,OK,73401-2100,Public       ,7,13,20,88,294,382
01039100,OKLAHOMA CITY COMMUNITY COLLEGE         ,OK,73159-4444,Public       ,216,649,865,4308,9122,13430
01050304,WTI TULSA CAMPUS                        ,OK,74112-3140,Proprietary  ,4,33,37,19,189,208
01071700,GREAT PLAINS TECHNOLOGY CENTER SCHOOL DI,OK,73505-8399,Public       ,7,28,35,93,479,572
01076200,WESTERN OK AREA VOC TECH SCH DIST12     ,OK,73624-1469,Public       ,3,16,19,57,153,210
01120600,PIONEER TECHNOLOGY CENTER               ,OK,74601-1106,Public       ,1,19,20,40,236,276
01128200,OKLAHOMA STATE UNV CLG OSTEOPTHC MD     ,OK,74107-0000,Public       ,1,11,12,52,575,627
01153700,MID-AMERICA TECHNOLOGY CENTER           ,OK,73095-0210,Public       ,5,5,10,37,110,147
01227200,MOORE-NORMAN TECHNOLOGY CENTER          ,OK,73069-8399,Public       ,10,62,72,167,861,1028
02052700,NORTHEAST TECHNOLOGY CENTER             ,OK,74361-0487,Public       ,12,47,59,87,616,703
02052701,NORTHEAST TECHNOLOGY CENTER -           ,OK,74362-0825,Public       ,0,0,0,20,116,136
02060800,MERIDIAN TECHNOLOGY CENTER              ,OK,74074-0000,Public       ,2,15,17,93,400,493
02126500,ENID BEAUTY COLLEGE                     ,OK,73701-0000,Proprietary  ,5,9,14,33,79,112
02177900,STATE BARBER AND HAIR DESIGN CLG        ,OK,73108-0000,Proprietary  ,0,0,0,1,0,1
02184400,SAND SPRINGS BEAUTY COLLEGE             ,OK,74063-0000,Proprietary  ,5,25,30,42,146,188
02197300,HOLLYWOOD COSMETOLOGY CENTER            ,OK,73189-0000,Proprietary  ,1,5,6,9,50,59
02222700,FRANCIS TUTTLE TECHNOLOGY CENTER        ,OK,73142-0000,Public       ,13,105,118,253,1430,1683
02238500,CENTRAL STATE BEAUTY ACADEMY            ,OK,73162-6007,Proprietary  ,7,44,51,73,312,385
02250900,E OK COUNTY AREA VO-TECH                ,OK,73020-0000,Public       ,1,5,6,39,97,136
02256200,"BROKEN ARROW BEAUTY COLLEGE, INC        ",OK,74012-0000,Proprietary  ,9,31,40,56,162,218
02282100,HIGH PLAINS AREA VOC-TECH               ,OK,73801-0000,Public       ,0,4,4,34,124,158
02306800,PLATT COLLEGE                           ,OK,74145-0000,Proprietary  ,55,388,443,377,2574,2951
02510300,BEAUTY TECHNICAL COLLEGE                ,OK,74465-0000,Proprietary  ,1,11,12,13,39,52
02531200,WOODWARD BEAUTY COLLEGE                 ,OK,73801-0000,Proprietary  ,2,3,5,4,13,17
02554300,AMERICAN BEAUTY INSTITUTE               ,OK,74501-0000,Proprietary  ,1,5,6,17,44,61
02556500,YUKON BEAUTY COLLEGE                    ,OK,73099-4108,Proprietary  ,2,2,4,11,29,40
02560200,PHILLIPS THEOLOGICAL SEMINARY -         ,OK,74116-5612,Private      ,0,7,7,2,106,108
02581100,CLAREMORE BEAUTY COLLEGE                ,OK,74017-7034,Proprietary  ,0,4,4,12,33,45
02581200,CC'S COSMETOLOGY COLLEGE                ,OK,74129-0000,Proprietary  ,10,95,105,49,394,443
02591101,CAREER POINT INSTITUTE                  ,OK,74146-0000,Proprietary  ,2,3,5,15,118,133
02596501,ATI-CAREER TRAINING CENTER - OKLAHOMA CI,OK,73107-2442,Proprietary  ,1,10,11,13,126,139
02596502,ATI- CAREER TRAINING CENTER - OKLAHOMA C,OK,76101-2740,Proprietary  ,2,10,12,3,19,22
02597400,PONTOTOC TECHNOLOGY CENTER SCHOOL       ,OK,74820-8621,Public       ,5,13,18,68,211,279
02599706,VATTEROTT COLLEGE - TULSA               ,OK,74146-2205,Proprietary  ,20,82,102,81,628,709
02600000,NORTHWEST TECHNOLOG CTR SCH DIST 10     ,OK,73717-9600,Public       ,1,5,6,23,68,91
02600500,WES WATKINS TECHNOLOGY CENTER           ,OK,74883-9660,Public       ,1,25,26,37,230,267
02609205,VATTEROTT COLLEGE - OKLAHOMA CITY       ,OK,73127-2103,Proprietary  ,12,96,108,67,776,843
03008700,SOUTHWEST TECHNOLOGY CENTER             ,OK,73521-1527,Public       ,3,14,17,23,118,141
03010300,POTEAU BEAUTY COLLEGE                   ,OK,74953-5400,Proprietary  ,0,0,0,6,22,28
03024700,STILLWATER BEAUTY ACADEMY               ,OK,74075-3467,Proprietary  ,2,4,6,16,45,61
03030700,OKLAHOMA SCHOOL OF PHOTOGRAPHY          ,OK,73160-3320,Proprietary  ,1,16,17,21,82,103
03030800,AMERICAN BROADCASTING SCHOOL            ,OK,73115-3334,Proprietary  ,10,43,53,57,256,313
03051100,CHISHOLM TRAIL TECHNOLOGY CENTER        ,OK,73764-9720,Public       ,2,10,12,23,76,99
03078500,TECH INST OF COSMETOLOGY ARTS & SCI     ,OK,74120-3610,Proprietary  ,1,6,7,17,51,68
03103800,SOUTHERN SCHOOL OF BEAUTY               ,OK,74701-5008,Proprietary  ,2,10,12,16,56,72
03109800,PONCA CITY BEAUTY COLLEGE               ,OK,74601-4201,Proprietary  ,2,5,7,2,29,31
03109801,BARTLESVILLE BEAUTY COLLEGE             ,OK,74003-2835,Proprietary  ,1,8,9,3,36,39
03115100,HERITAGE COLLEGE                        ,OK,73119-0000,Proprietary  ,40,275,315,305,1435,1740
03124800,PLATT COLLEGE                           ,OK,73501-3808,Proprietary  ,4,41,45,60,274,334
03126200,GREEN COUNTRY AREA VOC TECH SCHOOL      ,OK,74447-1217,Public       ,2,8,10,35,127,162
03198400,MID-DEL AREA VOCATIONAL & TECH SCH      ,OK,73110-4825,Public       ,2,9,11,15,119,134
03329400,PRYOR BEAUTY COLLEGE                    ,OK,74361-0000,Proprietary  ,2,5,7,11,34,45
03329401,PRYOR BEAUTY COLLEGE - GROVE BEAUTY COLL,OK,74345-0009,Proprietary  ,0,4,4,3,26,29
03329402,PRYOR BEAUTY COLLEGE - NORTH EAST OKLAHO,OK,74338-0000,Proprietary  ,2,0,2,3,12,15
03367400,COMMUNITY CARE COLLEGE                  ,OK,74145-6420,Proprietary  ,43,239,282,437,1945,2382
03396300,OKLAHOMA HEALTH ACADEMY                 ,OK,74105-6220,Proprietary  ,9,60,69,61,302,363
03396400,OKLAHOMA HEALTH ACADEMY                 ,OK,73160-3667,Proprietary  ,11,52,63,66,323,389
03453400,SHAWNEE BEAUTY COLLEGE                  ,OK,74801-7014,Proprietary  ,3,8,11,25,63,88
03676300,FAMILY OF FAITH COLLEGE                 ,OK,74802-1805,Private      ,2,1,3,14,23,37
03831300,INSTITUTE OF HAIR DESIGN                ,OK,74804-0000,Proprietary  ,2,9,11,15,44,59
03928300,CENTRAL STATE MASSAGE ACADEMY           ,OK,73162-6007,Proprietary  ,4,12,16,47,127,174
04027300,4-STATES ACADEMY OF COSMETOLOGY         ,OK,74354-0000,Proprietary  ,4,3,7,20,97,117
04060300,AMERICAN INSTITUTE OF MEDICAL TECHNOLOGY,OK,74146-5201,Proprietary  ,4,9,13,37,123,160
04062300,OKLAHOMA TECHNOLOGY INSTITUTE           ,OK,73114-6318,Proprietary  ,1,7,8,15,132,147
04121300,4-STATES OKMULGEE ACADEMY OF COSMETOLOGY,OK,74447-0000,Proprietary  ,0,5,5,10,42,52
04133600,CUTTER'S EDGE SCHOOL OF COSMETOLOGY     ,OK,74023-2905,Proprietary  ,0,2,2,6,23,29
04144400,ACADEMY OF HAIR DESIGN (THE)            ,OK,73120-6808,Proprietary  ,3,12,15,35,63,98
00163700,BETHANY THEOLOGICAL SEMINARY            ,IN,47374-0000,Private      ,0,2,2,1,43,44
00178400,ANCILLA COLLEGE-FINANCIAL AID OFFC      ,IN,46513-0001,Private      ,10,30,40,478,637,1115
00178500,ANDERSON UNIVERSITY                     ,IN,46012-3495,Private      ,26,49,75,2859,1161,4020
00178600,BALL STATE UNIVERSITY                   ,IN,47306-0880,Public       ,178,303,481,20507,9658,30165
00178700,BETHEL COLLEGE INC                      ,IN,46545-5591,Private      ,11,75,86,1603,1485,3088
00178800,BUTLER UNIVERSITY                       ,IN,46208-3487,Private      ,34,55,89,6302,1656,7958
00178900,CHRISTIAN THEOLOGICAL SEMINARY          ,IN,46208-0000,Private      ,0,1,1,2,221,223
00179200,DEPAUW UNIVERSITY                       ,IN,46135-0037,Private      ,18,4,22,3086,110,3196
00179300,EARLHAM COLLEGE                         ,IN,47374-4095,Private      ,11,7,18,1551,151,1702
00179301,EARLHAM SCHOOL OF RELIGION              ,IN,47374-0000,Private      ,1,0,1,17,62,79
00179500,UNIVERSITY OF EVANSVILLE                ,IN,47722-0002,Private      ,34,27,61,3840,775,4615
00179800,FRANKLIN COLLEGE OF INDIANA             ,IN,46131-2623,Private      ,16,10,26,1867,188,2055
00179900,GOSHEN COLLEGE                          ,IN,46526-4794,Private      ,7,18,25,1154,483,1637
00180000,GRACE COLLEGE & THEO SEMINARY           ,IN,46590-1224,Private      ,7,20,27,1524,828,2352
00180100,HANOVER COLLEGE                         ,IN,47243-0108,Private      ,13,5,18,1822,76,1898
00180300,HUNTINGTON UNIVERSITY                   ,IN,46750-1299,Private      ,8,25,33,1405,432,1837
00180400,UNIVERSITY OF INDIANAPOLIS              ,IN,46227-3697,Private      ,62,140,202,5005,3857,8862
00180500,INDIANA INSTITUTE OF TECHNOLOGY         ,IN,46803-1297,Private      ,24,215,239,1582,3534,5116
00180700,INDIANA STATE UNIVERSITY                ,IN,47809-2501,Public       ,149,211,360,9035,6795,15830
00180800,UNIVERSITY OF SOUTHERN INDIANA          ,IN,47712-3596,Public       ,73,133,206,8730,3878,12608
00180900,INDIANA UNIVERSITY-BLOOMINGTON          ,IN,47405-1223,Public       ,273,283,556,31362,12159,43521
00181100,INDIANA UNIV-EAST                       ,IN,47374-1289,Public       ,29,105,134,1364,2259,3623
00181300,INDIANA UNIV-PURDUE UNIV INDPLS         ,IN,46202-5145,Public       ,226,730,956,16470,22103,38573
00181301,INDIANA UNIVERSITY - PURDUE UNIVERSITY I,IN,47203-1769,Public       ,33,90,123,1464,1784,3248
00181400,INDIANA UNIV KOKOMO                     ,IN,46902-3557,Public       ,23,67,90,1506,2237,3743
00181500,INDIANA UNIV-NORTHWEST                  ,IN,46408-1197,Public       ,67,228,295,2803,4746,7549
00181600,INDIANA UNIVERSITY - SOUTH BEND         ,IN,46615-0000,Public       ,92,255,347,4726,6113,10839
00181700,INDIANA UNIVERSITY-SOUTHEAST            ,IN,47150-6405,Public       ,80,185,265,3919,4193,8112
00182000,MANCHESTER COLLEGE                      ,IN,46962-1276,Private      ,28,1,29,2420,155,2575
00182100,MARIAN UNIVERSITY                       ,IN,46222-1997,Private      ,27,78,105,1962,1892,3854
00182200,INDIANA WESLEYAN UNIVERSITY             ,IN,46953-4974,Private      ,57,1677,1734,4251,14342,18593
00182300,ASSOCIATED MENNONITE BIBLICAL SEM       ,IN,46517-1999,Private      ,0,1,1,0,112,112
00182400,OAKLAND CITY UNIVERSITY                 ,IN,47660-1099,Private      ,1,46,47,640,2292,2932
00182500,PURDUE UNIVERSITY                       ,IN,47907-2050,Public       ,247,224,471,30948,8316,39264
00182600,PURDUE UNIV NORTH CENTRAL CAMPUS        ,IN,46391-9542,Public       ,42,110,152,2579,3153,5732
00182700,PURDUE UNIV CALUMET                     ,IN,46323-2094,Public       ,106,218,324,5448,6092,11540
00182800,INDIANA UNIV-PURDUE UNIV FORT WAYNE     ,IN,46805-1499,Public       ,120,299,419,8749,8317,17066
00183000,ROSE HULMAN INSTITUTE OF TECHNOLOGY     ,IN,47803-3999,Private      ,17,4,21,3065,127,3192
00183200,UNIVERSITY OF SAINT FRANCIS             ,IN,46808-3994,Private      ,23,56,79,2174,1850,4024
00183300,ST JOSEPH'S COLLEGE                     ,IN,47978-0000,Private      ,12,6,18,1261,148,1409
00183400,CALUMET COLLEGE OF SAINT JOSEPH         ,IN,46394-2195,Private      ,14,74,88,517,986,1503
00183500,SAINT MARY-OF-THE-WOODS COLLEGE         ,IN,47876-0067,Private      ,3,87,90,450,1449,1899
00183600,ST MARY'S COLLEGE                       ,IN,46556-5007,Private      ,9,4,13,1802,77,1879
00183800,TAYLOR UNIVERSITY                       ,IN,46989-1001,Private      ,20,18,38,2483,256,2739
00183801,TAYLOR UNIVERSITY - FORT WAYNE          ,IN,46807-0000,Private      ,0,0,0,126,96,222
00183900,TRINE UNIVERSITY                        ,IN,46703-1764,Private      ,17,45,62,2400,849,3249
00184000,UNIVERSITY OF NOTRE DAME                ,IN,46556-5602,Private      ,71,61,132,12646,3612,16258
00184200,VALPARAISO UNIVERSITY                   ,IN,46383-6493,Private      ,29,46,75,4094,2025,6119
00184300,VINCENNES UNIVERSITY                    ,IN,47591-1523,Public       ,102,198,300,6147,4606,10753
00184400,WABASH COLLEGE                          ,IN,47933-0352,Private      ,5,3,8,1319,61,1380
00224905,DAVENPORT UNIVERSITY-MERRILLVILLE       ,IN,46410-0000,Private      ,0,0,0,19,180,199
00420300,GOOD SAMARITAN HOSP RADIOGRAPHY PRG     ,IN,47591-0000,Public       ,0,1,1,4,18,22
00457900,INTERNATIONAL BUSINESS COLLEGE          ,IN,46804-0000,Proprietary  ,5,22,27,671,346,1017
00457901,INTERNATIONAL BUSINESS COLLEGE          ,IN,46256-0000,Proprietary  ,20,31,51,541,326,867
00458300,BROWN MACKIE COLLEGE-SOUTH BEND         ,IN,46635-1776,Proprietary  ,54,294,348,677,3878,4555
00458301,BROWN MACKIE COLLEGE-SOUTH BEND - BROWN ,IN,46805-0000,Proprietary  ,37,291,328,291,1635,1926
00512730,BROWN MACKIE COLLEGE-MERRILLVILLE       ,IN,46410-0000,Proprietary  ,22,138,160,125,590,715
00512731,BROWN MACKIE COLLEGE-CINCINNATI - BROWN ,IN,46360-4362,Proprietary  ,16,104,120,131,623,754
00625700,SAINT ELIZABETH SCHOOL OF NURSING       ,IN,47904-2198,Private      ,2,5,7,140,279,419
00726300,HOLY CROSS COLLEGE                      ,IN,46556-0308,Private      ,8,5,13,560,107,667
00727600,SAINT MEINRAD SCHOOL OF THEOLOGY        ,IN,47577-1002,Private      ,0,5,5,4,119,123
00732700,ITT TECHNICAL INSTITUTE                 ,IN,47630-7430,Proprietary  ,301,970,1271,2216,5788,8004
00732900,ITT TECHNICAL INSTITUTE                 ,IN,46268-1119,Proprietary  ,475,2674,3149,2965,14570,17535
00736200,MEDTECH COLLEGE                         ,IN,46250-3970,Proprietary  ,8,152,160,235,1861,2096
00736202,MEDTECH COLLEGE - GREENWOOD             ,IN,46143-6478,Proprietary  ,15,143,158,156,966,1122
00736204,MEDTECH COLLEGE - FORT WAYNE            ,IN,46804-2209,Proprietary  ,10,84,94,77,636,713
00793800,LINCOLN COLLEGE OF TECHNOLOGY           ,IN,46202-0000,Proprietary  ,205,265,470,2671,1958,4629
00832900,ITT TECHNICAL INSTITUTE                 ,IN,46825-2393,Proprietary  ,245,731,976,1970,5441,7411
00842300,IVY TECH COMMUNITY COLLEGE OF INDIANA - ,IN,46601-3892,Public       ,107,787,894,2831,10862,13693
00854600,NOT FOR STUDENT USE                     ,IN,46208-4700,Public       ,2,6,8,58,128,186
00854700,IVY TECH COMMUNITY COLLEGE OF INDIANA - ,IN,47802-4898,Public       ,80,319,399,2266,6139,8405
00951500,J MICHAEL HARROLD BEAUTY ACADEMY        ,IN,47807-3390,Proprietary  ,4,10,14,32,70,102
00961200,"APEX SCHOOL OF BEAUTY CULTURE, INC      ",IN,46016-0000,Proprietary  ,2,12,14,11,57,68
00961300,MERRILLVILLE BEAUTY COLLEGE             ,IN,46410-3401,Proprietary  ,8,17,25,48,145,193
00967300,RUDAE'S SCHOOL OF BEAUTY CULTURE        ,IN,46825-5444,Proprietary  ,7,33,40,132,233,365
00967301,RUDAE'S SCHOOL OF BEAUTY CULTURE - FORT ,IN,46825-5444,Proprietary  ,0,0,0,0,1,1
00977700,KAPLAN COLLEGE                          ,IN,46278-1736,Proprietary  ,54,225,279,470,2075,2545
00977702,KAPLAN COLLEGE - TEMPORARY FACILITY EXPA,IN,46268-4111,Proprietary  ,1,10,11,21,73,94
00977703,KAPLAN COLLEGE -  SE INDY               ,IN,46227-0000,Proprietary  ,32,190,222,195,933,1128
00991700,IVY TECH COMMUNITY COLLEGE OF INDIANA - ,IN,46208-1763,Public       ,307,1570,1877,9481,22825,32306
00992300,IVY TECH COMMUNITY COLLEGE OF INDIANA - ,IN,47250-1881,Public       ,47,221,268,1010,2875,3885
00992400,IVY TECH COMMUNITY COLLEGE OF INDIANA - ,IN,47302-9448,Public       ,121,743,864,3760,9741,13501
00992500,IVY TECH COMMUNITY COLLEGE OF INDIANA - ,IN,47710-3398,Public       ,75,346,421,2283,5823,8106
00992600,IVY TECH COMMUNITY COLLEGE OF INDIANA- R,IN,46805-1489,Public       ,158,807,965,4631,12908,17539
01003700,IVY TECH STATE COLLEGE - REGION 9       ,IN,47374-1220,Public       ,48,360,408,1158,4853,6011
01003800,IVY TECH COMMUNITY COLLEGE OF INDIANA - ,IN,47203-1868,Public       ,60,336,396,1788,4799,6587
01003900,IVY TECH COMMUNITY COLLEGE OF INDIANA - ,IN,47903-6299,Public       ,113,502,615,3418,6984,10402
01004000,IVY TECH COMMUNITY COLLEGE OF INDIANA - ,IN,46409-1303,Public       ,201,722,923,2982,9469,12451
01004100,IVY TECH STATE COLLEGE - REGION 5       ,IN,46903-1373,Public       ,69,368,437,1728,6492,8220
01010900,IVY TECH COMMUNITY COLLEGE OF INDIANA - ,IN,47172-1897,Public       ,58,309,367,1484,4164,5648
01015100,VINCENNES BEAUTY COLLEGE                ,IN,47591-1297,Proprietary  ,5,5,10,33,56,89
01040900,LAFAYETTE BEAUTY ACADEMY                ,IN,47901-1149,Proprietary  ,4,26,30,47,139,186
01061800,MID-AMERICA CLG FUNERAL SERVICE         ,IN,47130-9990,Private      ,8,19,27,53,145,198
01150500,CREATIVE HAIR STYLING ACADEMY           ,IN,46322-1554,Proprietary  ,3,19,22,50,105,155
02084800,RAVENSCROFT BEAUTY COLLEGE              ,IN,46815-0000,Proprietary  ,7,34,41,85,249,334
02087600,CONCORDIA THEOLOGICAL SEMINARY          ,IN,46825-0000,Private      ,0,2,2,3,263,266
02100402,EVEREST INSTITUTE - EVEREST COLLEGE     ,IN,46410-5683,Proprietary  ,33,272,305,283,1436,1719
02140800,MARTIN UNIVERSITY                       ,IN,46218-0000,Private      ,27,159,186,234,1583,1817
02158400,HARRISON COLLEGE                        ,IN,46204-2611,Proprietary  ,45,449,494,747,4055,4802
02158401,HARRISON COLLEGE - COLUMBUS             ,IN,47203-1843,Proprietary  ,6,44,50,95,478,573
02158402,HARRISON COLLEGE - LAFAYETTE            ,IN,47905-4859,Proprietary  ,8,36,44,103,478,581
02158404,HARRISON COLLEGE - MARION               ,IN,46952-0000,Proprietary  ,0,5,5,32,120,152
02158405,HARRISON COLLEGE - TERRE HAUTE          ,IN,47802-0000,Proprietary  ,7,46,53,98,559,657
02158407,HARRISON COLLEGE - ANDERSON             ,IN,46013-0000,Proprietary  ,8,54,62,107,526,633
02158409,HARRISON COLLEGE - EVANSVILLE           ,IN,47715-3901,Proprietary  ,3,33,36,96,474,570
02158410,HARRISON COLLEGE - EAST                 ,IN,46239-8903,Proprietary  ,7,59,66,236,1090,1326
02158412,HARRISON COLLEGE - FORT WAYNE           ,IN,46825-0000,Proprietary  ,9,65,74,248,930,1178
02158413,HARRISON COLLEGE - NORTHWEST            ,IN,46278-0000,Proprietary  ,5,23,28,192,474,666
02158800,DON ROBERTS BEAUTY SCHOOLS              ,IN,46383-0000,Proprietary  ,6,12,18,34,51,85
02164300,DON ROBERTS SCHOOL OF HAIR DESIGN       ,IN,46375-9999,Proprietary  ,5,9,14,35,78,113
02180108,ROSS MEDICAL EDUCATION CENTER -         ,IN,46530-4479,Proprietary  ,0,3,3,0,3,3
02201800,KAPLAN COLLEGE                          ,IN,46410-0000,Proprietary  ,13,118,131,177,893,1070
02201802,KAPLAN COLLEGE - HAMMOND                ,IN,46324-3347,Proprietary  ,31,194,225,242,1296,1538
02241700,PJ'S COLLEGE OF COSMETOLOGY             ,IN,47129-0000,Proprietary  ,11,49,60,69,234,303
02245505,CENTRAL FLORIDA COLLEGE - FORTIS COLLEGE,IN,46268-0000,Proprietary  ,1,36,37,1,37,38
02302700,J EVERETT LIGHT CAREER CENTER           ,IN,46240-0000,Public       ,1,6,7,56,218,274
02304800,PJ'S COLLEGE OF COSMETOLOGY             ,IN,47374-0000,Proprietary  ,1,12,13,18,94,112
02308900,MASTER'S OF COSMETOLOGY COLLEGE         ,IN,46809-0000,Proprietary  ,5,11,16,83,106,189
02339600,ROGER'S ACADEMY OF HAIR DESIGN          ,IN,47712-0000,Proprietary  ,8,27,35,114,211,325
02345200,EMPIRE BEAUTY SCHOOL                    ,IN,46237-0000,Proprietary  ,13,94,107,112,483,595
02351300,KNOX BEAUTY COLLEGE                     ,IN,46534-0000,Proprietary  ,1,6,7,7,39,46
02490500,HAIR FASHIONS BY KAYE BEAUTY CLG        ,IN,46250-0000,Proprietary  ,1,7,8,32,120,152
02490800,HAIR FASHIONS BY KAYE BEAUTY CLG        ,IN,46060-0000,Proprietary  ,4,45,49,51,242,293
02607000,HAIR ARTS ACADEMY                       ,IN,47404-3581,Proprietary  ,0,13,13,18,82,100
02615800,COLLEGE OF COURT REPORTING              ,IN,46342-5969,Proprietary  ,0,29,29,28,401,429
02616203,BROWN MACKIE COLLEGE-FINDLAY - INDIANAPO,IN,46204-1017,Proprietary  ,45,240,285,352,2225,2577
03009700,HARRISON COLLEGE                        ,IN,47303-6413,Proprietary  ,5,23,28,90,435,525
03009701,HARRISON COLLEGE - MUNCIE - ELKHART     ,IN,46516-9795,Proprietary  ,6,59,65,102,590,692
03084601,THE ART INSTITUTE OF INDIANAPOLIS       ,IN,46268-1170,Proprietary  ,50,146,196,1227,1347,2574
03100600,MARION COMM TUCKER AREA VOC SCHOOL      ,IN,46952-3831,Public       ,2,3,5,51,130,181
03176300,AMERICAN TRANS AIR AVIATION ACADEMY     ,IN,46241-1445,Proprietary  ,15,56,71,84,411,495
03262300,DAVID DEMUTH INSTITUTE OF COSM          ,IN,47374-4101,Proprietary  ,2,5,7,17,59,76
03456700,CROSSROADS BIBLE COLLEGE                ,IN,46219-4912,Private      ,0,30,30,69,277,346
03521300,IVY TECH COMMUNITY COLLEGE OF INDIANA - ,IN,47404-9772,Public       ,101,393,494,3143,5360,8503
03538300,ALEXANDRIA SCH OF SCIENTIFIC THERAP     ,IN,46001-0287,Proprietary  ,0,2,2,30,68,98
04038700,IDEAL BEAUTY ACADEMY                    ,IN,47130-4215,Proprietary  ,2,16,18,30,98,128
04100300,SUCCESS SCHOOLS                         ,IN,46410-5310,Proprietary  ,9,29,38,42,173,215
04121000,TECHSKILLS - INDIANAPOLIS               ,IN,46240-4302,Proprietary  ,2,42,44,23,289,312
04130900,HONORS BEAUTY COLLEGE                   ,IN,46256-3317,Proprietary  ,5,26,31,77,221,298
04155900,AVEDA FREDRIC'S INSTITUTE               ,IN,46250-4746,Proprietary  ,11,23,34,20,32,52
04166700,REM SPA INC                             ,IN,46013-3136,Proprietary  ,1,9,10,1,9,10
00163203,AQUINAS INSTITUTE OF THEOLOGY - MINISTRY,KS,66109-3718,Private      ,0,0,0,0,2,2
00190100,ALLEN COUNTY COMMUNITY COLLEGE          ,KS,66749-1607,Public       ,43,98,141,980,1424,2404
00190200,COWLEY COUNTY COMMUNITY COLLEGE & AREA V,KS,67005-2662,Public       ,79,171,250,1436,2500,3936
00190300,BAKER UNIVERSITY                        ,KS,66006-0065,Private      ,11,263,274,1602,2888,4490
00190400,BETHANY COLLEGE                         ,KS,67456-1897,Private      ,8,4,12,770,124,894
00190500,BETHEL COLLEGE                          ,KS,67117-0531,Private      ,3,6,9,476,127,603
00190600,BUTLER COUNTY COMMUNITY COLLEGE         ,KS,67042-3280,Public       ,159,365,524,3759,5071,8830
00190700,CENTRAL BAPTIST THEOLOGY SEMINARY       ,KS,66226-3513,Private      ,0,3,3,0,35,35
00190800,CENTRAL CHRISTIAN COLLEGE OF KANSAS     ,KS,67460-5799,Private      ,6,3,9,468,70,538
00190900,CLOUD COUNTY COMMUNITY COLLEGE          ,KS,66901-1002,Public       ,22,78,100,800,1061,1861
00191000,COFFEYVILLE COMMUNITY COLLEGE           ,KS,67337-5064,Public       ,63,27,90,1099,591,1690
00191100,COLBY COMMUNITY COLLEGE                 ,KS,67701-4099,Public       ,13,34,47,592,385,977
00191300,DODGE CITY COMMUNITY COLLEGE            ,KS,67801-2399,Public       ,34,48,82,647,586,1233
00191400,DONNELLY COLLEGE                        ,KS,66102-4298,Private      ,21,122,143,218,859,1077
00191500,FORT HAYS STATE UNIVERSITY              ,KS,67601-4099,Public       ,38,148,186,3476,4166,7642
00191600,FORT SCOTT COMMUNITY COLLEGE            ,KS,66701-3199,Public       ,45,73,118,1192,1031,2223
00191700,BARCLAY COLLEGE                         ,KS,67059-0288,Private      ,0,3,3,117,97,214
00191800,FRIENDS UNIVERSITY                      ,KS,67213-3397,Private      ,21,171,192,1226,2886,4112
00191900,GARDEN CITY COMMUNITY COLLEGE           ,KS,67846-6398,Public       ,46,68,114,904,657,1561
00192000,HESSTON COLLEGE                         ,KS,67062-2093,Private      ,5,3,8,448,168,616
00192100,HIGHLAND COMMUNITY COLLEGE              ,KS,66035-4062,Public       ,36,80,116,1164,1248,2412
00192114,HIGHLAND COMMUNITY COLLEGE - NOTHEAST KA,KS,66002-1513,Public       ,0,10,10,77,140,217
00192300,HUTCHINSON COMMUNITY COLLEGE            ,KS,67501-5894,Public       ,89,189,278,2015,2449,4464
00192400,INDEPENDENCE COMMUNITY COLLEGE          ,KS,67301-0000,Public       ,34,68,102,538,492,1030
00192500,KANSAS CITY KANSAS COMMUNITY CLG        ,KS,66112-9978,Public       ,98,412,510,1778,4405,6183
00192502,"KANSAS CITY KS AREA TECH SCHOOL, KS     ",KS,66104-0000,Public       ,3,18,21,87,253,340
00192600,PITTSBURG STATE UNIVERSITY              ,KS,66762-7500,Public       ,60,110,170,4573,2729,7302
00192700,EMPORIA STATE UNIVERSITY                ,KS,66801-5087,Public       ,39,86,125,3207,2817,6024
00192800,KANSAS STATE UNIVERSITY                 ,KS,66506-1104,Public       ,155,191,346,14442,6074,20516
00192900,KANSAS WESLEYAN UNIVERSITY              ,KS,67401-6196,Private      ,14,12,26,914,435,1349
00193000,LABETTE COMMUNITY COLLEGE               ,KS,67357-4299,Public       ,21,71,92,610,918,1528
00193100,MANHATTAN CHRISTIAN COLLEGE             ,KS,66502-4081,Private      ,5,8,13,290,127,417
00193300,MCPHERSON COLLEGE                       ,KS,67460-3899,Private      ,11,6,17,653,175,828
00193600,NEOSHO COUNTY COMMUNITY COLLEGE         ,KS,66720-2699,Public       ,23,59,82,595,970,1565
00193700,OTTAWA UNIVERSITY                       ,KS,66067-3399,Private      ,18,336,354,976,2880,3856
00193800,PRATT COMMUNITY COLLEGE                 ,KS,67124-8432,Public       ,11,39,50,567,634,1201
00193900,NEWMAN UNIVERSITY                       ,KS,67213-2084,Private      ,11,57,68,1065,1458,2523
00194000,SOUTHWESTERN COLLEGE                    ,KS,67156-2499,Private      ,6,85,91,725,1279,2004
00194300,UNIVERSITY OF ST MARY                   ,KS,66048-5023,Private      ,5,28,33,582,695,1277
00194500,STERLING COLLEGE                        ,KS,67579-1533,Private      ,8,9,17,848,204,1052
00194600,TABOR COLLEGE                           ,KS,67063-1799,Private      ,9,12,21,674,233,907
00194800,UNIVERSITY OF KANSAS                    ,KS,66045-7535,Public       ,205,265,470,15879,10037,25916
00194900,WASHBURN UNIVERSITY                     ,KS,66621-1110,Public       ,44,141,185,3127,4593,7720
00194901,WAHBURN UNIVERSITY - TOPEKA - WASHBURN I,KS,66604-2199,Public       ,4,17,21,219,506,725
00195000,WICHITA STATE UNIVERSITY                ,KS,67208-0001,Public       ,131,283,414,6471,7865,14336
00460800,BARTON COUNTY COMMUNITY COLLEGE         ,KS,67530-9283,Public       ,38,151,189,812,1530,2342
00526400,FLINT HILLS TECHNICAL COLLEGE           ,KS,66801-5999,Public       ,10,18,28,239,382,621
00526500,NORTH CENTRAL KANSAS TECH COLG          ,KS,67420-0000,Public       ,3,6,9,373,303,676
00526700,NORTHWEST KANSAS TECHNICAL SCHOOL       ,KS,67735-3441,Public       ,4,6,10,217,118,335
00549800,WICHITA AREA TECHNICAL COLLEGE          ,KS,67211-2099,Public       ,37,266,303,488,2320,2808
00549900,SALINA AREA TECHNICAL COLLEGE           ,KS,67401-8195,Public       ,0,8,8,157,203,360
00550000,MANHATTAN AREA TECHNICAL COLLEGE        ,KS,66503-2499,Public       ,9,37,46,322,541,863
00675500,BROWN MACKIE COLLEGE (THE)              ,KS,67401-7307,Proprietary  ,41,219,260,378,1750,2128
00703200,MID AMERICA NAZARENE UNIVERSITY         ,KS,66062-1899,Private      ,16,88,104,998,1105,2103
00822800,SEWARD CO COMM CO/AREA TECHNICAL SCHOOL ,KS,67905-0000,Public       ,21,43,64,468,485,953
00824400,JOHNSON COUNTY COMMUNITY COLLEGE        ,KS,66210-1299,Public       ,163,438,601,5607,7581,13188
00833200,B-STREET DESIGN SCHOOL OF INTERNATIONAL ,KS,66502-6082,Proprietary  ,3,17,20,37,125,162
00868200,ACADEMY OF HAIR DESIGN                  ,KS,67401-2803,Proprietary  ,6,17,23,36,82,118
01025600,BENEDICTINE COLLEGE                     ,KS,66002-1499,Private      ,16,5,21,1907,133,2040
01043800,HASKELL INDIAN NATIONS UNIVERSITY       ,KS,66046-4800,Public       ,35,31,66,1008,770,1778
01050300,WICHITA TECHNICAL INSTITUTE             ,KS,67213-1927,Proprietary  ,22,134,156,300,1995,2295
01050302,WICHITA TECHNICAL INSTITUTE - WTI TOPEKA,KS,66609-1217,Proprietary  ,14,82,96,48,285,333
01050305,WICHITA TECHNICAL INSTITUTE - EAST CAMPU,KS,67208-4243,Proprietary  ,6,49,55,27,229,256
02090700,CLEVELAND CHIROPRACTIC COLLEGE          ,KS,66210-1613,Private      ,2,24,26,48,619,667
02134800,OLD TOWN BARBER AND BEAUTY COLLEGE      ,KS,67211-0000,Proprietary  ,3,19,22,37,103,140
02196400,CAPITOL CITY HAIR DESIGN COLLEGE        ,KS,66102-0000,Proprietary  ,7,41,48,39,203,242
02257700,HAYS ACADEMY OF HAIR DESIGN             ,KS,67601-0000,Proprietary  ,2,2,4,48,68,116
02303500,AMERICAN INSTITUTE OF BAKING            ,KS,66502-0000,Private      ,0,4,4,5,17,22
02340700,LABARON HAIRDRESSING ACADEMY            ,KS,66204-0000,Proprietary  ,2,6,8,14,58,72
02590900,WRIGHT CAREER COLLEGE                   ,KS,66212-0000,Private      ,74,408,482,397,2605,3002
02599709,VATTEROTT COLLEGE - WICHITA             ,KS,67226-1304,Proprietary  ,10,88,98,99,691,790
02603100,XENON INTERNATIONAL ACADEMY             ,KS,67203-5428,Proprietary  ,11,34,45,144,267,411
02606300,PAUL MITCHELL THE SCHOOL WICHITA        ,KS,67226-2803,Proprietary  ,9,15,24,80,112,192
02611005,HERITAGE COLLEGE - WICHITA              ,KS,67210-1879,Proprietary  ,51,247,298,281,1486,1767
02613000,PINNACLE CAREER INSTITUTE               ,KS,66046-2703,Proprietary  ,10,50,60,70,358,428
03031300,XENON INTERNATIONAL ACADEMY IV          ,KS,66061-3765,Proprietary  ,6,14,20,54,98,152
03066200,BRYAN COLLEGE                           ,KS,66604-2496,Proprietary  ,3,27,30,46,288,334
03450300,B-STREET DESIGN SCHOOL OF INTERNATIONAL ,KS,66611-2373,Proprietary  ,9,30,39,64,160,224
03450301,B-STREET DESIGN SCHOOL OF INTERNATIONAL ,KS,67207-5148,Proprietary  ,3,18,21,38,125,163
03450302,B-STREET DESIGN SCHOOL OF INTERNATIONAL ,KS,66212-5451,Proprietary  ,7,21,28,64,167,231
03529300,SIDNEY'S HAIRDRESSING COLLEGE           ,KS,67501-7094,Proprietary  ,4,3,7,47,71,118
03862300,BMSI INSTITUTE                          ,KS,66212-3388,Proprietary  ,0,0,0,3,11,14
04132900,Z HAIR ACADEMY                          ,KS,66046-4040,Proprietary  ,3,7,10,32,64,96
04162700,ERIC FISHER ACADEMY                     ,KS,67212-3376,Proprietary  ,23,33,56,23,33,56
00203300,UNIVERSITY OF MAINE-PRESQUE ISLE        ,ME,04769-2888,Public       ,10,21,31,752,538,1290
00203500,BANGOR THEOLOGICAL SEMINARY             ,ME,04402-0411,Private      ,1,1,2,3,87,90
00203600,BATES COLLEGE                           ,ME,04240-6028,Private      ,13,3,16,2757,62,2819
00203800,BOWDOIN COLLEGE                         ,ME,04011-8451,Private      ,14,1,15,3659,64,3723
00203900,COLBY COLLEGE                           ,ME,04901-8841,Private      ,17,3,20,2884,62,2946
00204000,UNIVERSITY OF MAINE-FARMINGTON          ,ME,04938-1990,Public       ,28,10,38,2558,469,3027
00204100,UNIVERSITY OF MAINE-FORT KENT           ,ME,04743-1292,Public       ,9,15,24,495,321,816
00204300,HUSSON UNIVERSITY                       ,ME,04401-2999,Private      ,20,35,55,2395,1217,3612
00204400,MAINE MARITIME ACADEMY                  ,ME,04420-0001,Public       ,5,0,5,981,138,1119
00205000,UNIVERSITY OF NEW ENGLAND               ,ME,04005-9599,Private      ,29,121,150,3885,2878,6763
00205100,SAINT JOSEPH'S COLLEGE                  ,ME,04084-5263,Private      ,12,60,72,1589,630,2219
00205200,THOMAS COLLEGE                          ,ME,04901-5097,Private      ,12,9,21,935,238,1173
00205300,UNIVERSITY OF MAINE                     ,ME,04469-0001,Public       ,94,78,172,10687,3196,13883
00205400,UNIVERSITY OF SOUTHERN MAINE            ,ME,04104-0000,Public       ,88,131,219,6496,5140,11636
00205500,UNIVERSITY OF MAINE-MACHIAS             ,ME,04654-1397,Public       ,5,11,16,518,317,835
00520400,BEAL COLLEGE                            ,ME,04401-6896,Proprietary  ,15,51,66,233,646,879
00527600,CENTRAL MAINE COMMUNITY COLLEGE         ,ME,04210-6498,Public       ,26,53,79,1470,1837,3307
00527700,EASTERN MAINE COMMUNITY COLLEGE         ,ME,04401-4280,Public       ,28,44,72,1516,1613,3129
00552500,SOUTHERN MAINE COMMUNITY  COLLEGE       ,ME,04106-1698,Public       ,72,115,187,3359,3250,6609
00576000,NORTHERN MAINE COMMUNITY COLLEGE        ,ME,04769-2016,Public       ,7,26,33,491,860,1351
00577600,MERCY HOSP SCH OF RADIOLOGIC TECH       ,ME,04101-3795,Private      ,0,0,0,21,43,64
00630501,CENTRAL MAINE MEDICAL CENTER - COLLEGE O,ME,04240-4500,Private      ,2,3,5,59,235,294
00676000,UNIVERSITY OF MAINE-AUGUSTA             ,ME,04330-9410,Public       ,35,118,153,1640,5316,6956
00685800,UNITY COLLEGE                           ,ME,04988-9502,Private      ,6,3,9,934,94,1028
00903800,MR BERNARD'S SCH HAIR FASHION INC       ,ME,04243-1163,Proprietary  ,6,14,20,55,187,242
00923100,WASHINGTON COUNTY COMMUNITY COLLEGE     ,ME,04619-9704,Public       ,6,14,20,281,369,650
00929200,ANDOVER COLLEGE                         ,ME,04106-2415,Proprietary  ,18,124,142,252,995,1247
00929201,ANDOVER COLLEGE -                       ,ME,04240-0000,Proprietary  ,13,119,132,208,1107,1315
00945900,EMPIRE BEAUTY SCHOOL                    ,ME,04101-3348,Proprietary  ,24,67,91,202,438,640
00945902,PIERRE'S SCHOOL OF COSMETOLOGY - CARIBOU,ME,04736-2020,Proprietary  ,2,3,5,7,8,15
00945903,EMPIRE BEAUTY SCHOOL - BANGOR           ,ME,04401-6534,Proprietary  ,1,3,4,22,26,48
00982600,KENNEBEC VALLEY  COMMUNITY  COLLEGE     ,ME,04937-1367,Public       ,11,45,56,767,1738,2505
01138500,COLLEGE OF THE ATLANTIC                 ,ME,04609-1105,Private      ,6,2,8,433,72,505
01167300,MAINE COLLEGE OF ART                    ,ME,04101-3987,Private      ,8,6,14,546,229,775
02104400,SPA TECH INSTITUTE                      ,ME,04102-0000,Proprietary  ,27,108,135,202,616,818
02347100,NEW ENGLAND SCHOOL OF COMMUNICATIONS    ,ME,04401-0000,Private      ,7,4,11,604,111,715
02361300,LANDING SCHOOL OF BOATBUILDING & DESIGN ,ME,04046-1490,Private      ,0,0,0,25,57,82
03122900,YORK COUNTY COMMUNITY COLLEGE           ,ME,04090-0529,Public       ,20,56,76,538,810,1348
03429300,SEACOAST CAREER SCHOOLS                 ,ME,04073-0000,Proprietary  ,36,239,275,191,1072,1263
03612300,BIRTHWISE MIDWIFERY SCHOOL              ,ME,04009-1110,Proprietary  ,0,1,1,9,51,60
00209300,ST JOHN'S COLLEGE                       ,NM,87505-4599,Private      ,6,11,17,463,215,678
00264900,COLLEGE OF SANTA FE                     ,NM,87505-7634,Proprietary  ,6,14,20,462,251,713
00265000,UNIVERSITY OF THE SOUTHWEST             ,NM,88240-9129,Private      ,5,16,21,329,435,764
00265100,EASTERN NEW MEXICO UNIV PORTALES        ,NM,88130-6000,Public       ,49,158,207,2598,2603,5201
00265101,EASTERN NEW MEXICO UNIV-ROSWELL CAM     ,NM,88202-0000,Public       ,70,167,237,1119,1765,2884
00265300,NEW MEXICO HIGHLANDS UNIVERSITY         ,NM,87701-4436,Public       ,34,91,125,1643,2281,3924
00265400,NEW MEXICO INST OF MINING & TECH        ,NM,87801-4796,Public       ,22,14,36,953,382,1335
00265500,NEW MEXICO JUNIOR COLLEGE               ,NM,88240-9123,Public       ,41,90,131,795,1162,1957
00265600,NEW MEXICO MILITARY INSTITUTE           ,NM,88201-5173,Public       ,9,1,10,343,33,376
00265700,NEW MEXICO STATE UNIVERSITY             ,NM,88003-8001,Public       ,309,345,654,10979,9274,20253
00265701,NEW MEXICO STATE UNIV-ALAMOGORDO        ,NM,88311-0000,Public       ,21,95,116,427,1252,1679
00265702,NEW MEXICO STATE UNIV.-DONA ANA CLG     ,NM,88003-0000,Public       ,127,231,358,2141,3526,5667
00265703,NEW MEXICO STATE UNIV-CARLSBAD          ,NM,88220-0000,Public       ,18,54,72,348,734,1082
00265704,NEW MEXICO STATE UNIV-GRANTS            ,NM,87020-0000,Public       ,13,51,64,208,530,738
00266000,SAN JUAN COLLEGE                        ,NM,87402-4699,Public       ,59,302,361,1732,3957,5689
00266300,THE UNIVERSITY OF NEW MEXICO            ,NM,87131-0001,Public       ,433,792,1225,14025,16251,30276
00266301,UNIV OF NEW MEXICO - GALLUP BRANCH      ,NM,87301-5697,Public       ,26,42,68,506,770,1276
00266302,UNIV OF NEW MEXICO - VALENCIA BRANCH    ,NM,87031-0000,Public       ,7,29,36,356,483,839
00266303,UNIV OF NEW MEXICO - LOS ALAMOS         ,NM,87544-0000,Public       ,5,11,16,132,115,247
00266304,UNIVERSITY OF NEW MEXICO                ,NM,87571-6401,Public       ,7,12,19,158,298,456
00266400,WESTERN NEW MEXICO UNIVERSITY           ,NM,88061-5417,Public       ,28,97,125,1042,2054,3096
00369109,MIDDLEBURY COLLEGE - INSTITUTE OF AMERIC,NM,87505-0000,Private      ,0,0,0,4,2,6
00405701,NATIONAL AMERICAN UNIVERSITY            ,NM,87110-0000,Proprietary  ,3,18,21,31,351,382
00474200,CENTRAL NEW MEXICO COMMUNITY COLLEGE    ,NM,87106-4096,Public       ,323,1526,1849,7198,17752,24950
00474300,CLOVIS COMMUNITY COLLEGE                ,NM,88101-8381,Public       ,44,209,253,616,1866,2482
00996200,LUNA COMMUNITY COLLEGE                  ,NM,87701-0000,Public       ,22,57,79,438,638,1076
01063200,DEWOLFF CLG HAIRSTYLING/COSMETOLOGY     ,NM,87112-4113,Proprietary  ,9,27,36,51,193,244
01300500,OLYMPIAN UNIVERSITY OF COSMETOLOGY      ,NM,88310-5051,Proprietary  ,54,229,283,454,1313,1767
02083900,NORTHERN NEW MEXICO COLLEGE             ,NM,87530-0000,Public       ,25,90,115,645,1124,1769
02146400,INSTITUTE OF AMERICAN INDIAN ARTS       ,NM,87508-0000,Public       ,5,8,13,180,260,440
02218808,BROOKLINE COLLEGE - ALBUQUERQUE         ,NM,87105-1649,Proprietary  ,34,168,202,134,623,757
02278100,SANTA FE COMMUNITY COLLEGE              ,NM,87507-0000,Public       ,59,199,258,850,2041,2891
02293203,ATI CAREER TRAINING CENTER - ALBUQUERQUE,NM,87109-2016,Proprietary  ,0,5,5,17,67,84
02357600,CROWNPOINT INSTITUTE OF TECHNOLOGY      ,NM,87313-0000,Public       ,43,54,97,324,698,1022
02511000,SOUTHWESTERN INDIAN POLYTECH INST       ,NM,87184-0000,Public       ,38,52,90,354,496,850
02572003,COMPUTER CAREER CENTER - LAS CRUCES CAMP,NM,88011-8220,Proprietary  ,9,76,85,70,447,517
02622000,SOUTHWEST ACUPUNCTURE COLLEGE           ,NM,87505-0000,Proprietary  ,0,9,9,3,286,289
03076100,SOUTHWESTERN COLLEGE                    ,NM,87507-0000,Private      ,0,6,6,8,173,181
03206300,MESALANDS COMMUNITY COLLEGE             ,NM,88401-3352,Public       ,3,39,42,151,330,481
03430300,UNIVERSAL THERAPEUTIC MASSAGE INSTITUTE ,NM,87107-4403,Proprietary  ,3,29,32,29,136,165
03678300,PIMA MEDICAL INSTITUTE                  ,NM,87110-4127,Proprietary  ,1,12,13,49,138,187
03944300,MASSAGE THERAPY TRAINING INSTITUTE      ,NM,88007-0000,Proprietary  ,3,3,6,25,57,82
04162400,URBAN ACADEMY                           ,NM,87106-4404,Proprietary  ,2,4,6,2,4,6
00223400,ADRIAN COLLEGE                          ,MI,49221-2575,Private      ,30,14,44,2747,310,3057
00223500,ALBION COLLEGE                          ,MI,49224-1831,Private      ,16,4,20,2281,113,2394
00223600,ALMA COLLEGE                            ,MI,48801-1599,Private      ,13,4,17,2150,130,2280
00223700,ALPENA COMMUNITY COLLEGE                ,MI,49707-1495,Public       ,34,94,128,1123,1435,2558
00223800,ANDREWS UNIVERSITY                      ,MI,49104-0750,Private      ,21,53,74,1765,1367,3132
00223900,AQUINAS COLLEGE                         ,MI,49506-1799,Private      ,14,44,58,2425,820,3245
00224000,BAY DE NOC COMMUNITY COLLEGE            ,MI,49829-2524,Public       ,38,115,153,1394,1880,3274
00224100,CALVIN COLLEGE                          ,MI,49546-4388,Private      ,20,15,35,4252,416,4668
00224200,CALVIN THEOLOGICAL SEMINARY             ,MI,49546-4387,Private      ,1,2,3,15,152,167
00224300,CENTRAL MICHIGAN UNIVERSITY             ,MI,48859-0001,Public       ,211,522,733,21468,10991,32459
00224600,CLEARY UNIVERSITY                       ,MI,48105-2659,Private      ,6,63,69,184,907,1091
00224700,CONCORDIA UNIVERSITY-ANN ARBOR          ,MI,48105-2797,Private      ,4,27,31,550,430,980
00224800,CRANBROOK ACADEMY OF ART                ,MI,48303-0000,Private      ,0,2,2,17,333,350
00224900,DAVENPORT UNIVERSITY                    ,MI,49503-0000,Private      ,84,874,958,3642,15717,19359
00225100,DELTA COLLEGE                           ,MI,48710-0001,Public       ,157,658,815,6569,9760,16329
00225400,MICHIGAN STATE UNIVERSITY COLLEGE OF LAW,MI,48824-1300,Private      ,16,15,31,367,1929,2296
00225900,EASTERN MICHIGAN UNIVERSITY             ,MI,48197-2214,Public       ,239,514,753,15517,14161,29678
00226000,FERRIS STATE UNIVERSITY                 ,MI,49307-2251,Public       ,165,209,374,12677,7196,19873
00226100,CHARLES STEWART MOTT COMMUNITY CLG      ,MI,48503-2089,Public       ,208,881,1089,6287,13525,19812
00226200,KETTERING UNIVERSITY                    ,MI,48504-4898,Private      ,22,19,41,2539,485,3024
00226300,GLEN OAKS COMMUNITY COLLEGE             ,MI,49032-9784,Public       ,16,105,121,625,1406,2031
00226400,GOGEBIC COMMUNITY COLLEGE               ,MI,49938-1365,Public       ,7,33,40,664,729,1393
00226500,GRACE BIBLE COLLEGE                     ,MI,49509-1998,Private      ,1,5,6,244,80,324
00226600,CORNERSTONE UNIVERSITY                  ,MI,49525-5897,Private      ,10,139,149,1581,2120,3701
00226700,GRAND RAPIDS COMMUNITY COLLEGE          ,MI,49503-3295,Public       ,265,924,1189,11054,14034,25088
00226800,GRAND VALLEY STATE UNIVERSITY           ,MI,49401-9403,Public       ,189,310,499,21642,8495,30137
00226900,GREAT LAKES CHRISTIAN COLLEGE           ,MI,48917-1299,Private      ,1,9,10,194,167,361
00227000,HENRY FORD COMMUNITY COLLEGE            ,MI,48128-1495,Public       ,329,919,1248,10258,17601,27859
00227300,HOPE COLLEGE                            ,MI,49423-3607,Private      ,21,6,27,3990,191,4181
00227400,JACKSON COMMUNITY COLLEGE               ,MI,49201-8399,Public       ,109,533,642,4075,7975,12050
00227500,KALAMAZOO COLLEGE                       ,MI,49006-3295,Private      ,23,6,29,1867,164,2031
00227600,KELLOGG COMMUNITY COLLEGE               ,MI,49017-3397,Public       ,85,342,427,2667,6267,8934
00227700,LAKE MICHIGAN COLLEGE                   ,MI,49022-1899,Public       ,60,310,370,1985,4085,6070
00227800,LANSING COMMUNITY COLLEGE               ,MI,48933-1293,Public       ,253,1009,1262,9340,16378,25718
00227900,LAWRENCE TECHNOLOGICAL UNIVERSITY       ,MI,48075-1058,Private      ,26,86,112,1906,2184,4090
00228200,MADONNA UNIVERSITY                      ,MI,48150-1173,Private      ,20,128,148,1555,3493,5048
00228400,MARYGROVE COLLEGE                       ,MI,48221-2599,Private      ,29,238,267,780,3518,4298
00228800,ROCHESTER COLLEGE                       ,MI,48307-2764,Private      ,15,32,47,618,745,1363
00228801,ROCHESTER COLLEGE - MACOMB COMMUNITY COL,MI,48038-1139,Private      ,27,48,75,667,1016,1683
00228802,ROCHESTER COLLEGE - MOTT COMMUNITY COLLE,MI,48503-2089,Private      ,4,24,28,236,440,676
00228803,ROCHESTER COLLEGE  - SPECS HOWARD       ,MI,48075-3953,Private      ,1,10,11,30,71,101
00229000,MICHIGAN STATE UNIVERSITY               ,MI,48824-1113,Public       ,394,461,855,35178,13340,48518
00229200,MICHIGAN TECHNOLOGICAL UNIV             ,MI,49931-1295,Public       ,33,30,63,6048,1101,7149
00229300,LAKE SUPERIOR STATE UNIVERSITY          ,MI,49783-1691,Public       ,29,41,70,2410,1012,3422
00229400,MONROE COUNTY COMMUNITY CLG             ,MI,48161-9746,Public       ,43,202,245,1773,2856,4629
00229500,MONTCALM COMMUNITY COLLEGE              ,MI,48885-9723,Public       ,33,139,172,1052,2263,3315
00229700,MUSKEGON COMMUNITY COLLEGE              ,MI,49442-1432,Public       ,65,259,324,3216,4938,8154
00229900,NORTH CENTRAL MICHIGAN COLLEGE          ,MI,49770-8740,Public       ,32,72,104,1069,2220,3289
00230100,NORTHERN MICHIGAN UNIVERSITY            ,MI,49855-5316,Public       ,83,108,191,7792,3169,10961
00230200,NORTHWESTERN MICHIGAN COLLEGE           ,MI,49686-3061,Public       ,64,193,257,2629,3693,6322
00230300,OAKLAND COMMUNITY COLLEGE               ,MI,48304-2266,Public       ,0,0,0,75,63,138
00230301,OAKLAND COMMUNITY COLLEGE - ORCHARD RIDG,MI,48334-4579,Public       ,86,259,345,2499,4054,6553
00230302,OAKLAND COMMUNITY COLLEGE - ROYAL OAK CA,MI,48067-3898,Public       ,112,369,481,2956,5791,8747
00230303,OAKLAND COMMUNITY COLLEGE - SOUTHFIELD C,MI,48075-4793,Public       ,80,325,405,2231,5471,7702
00230304,OAKLAND COMMUNITY COLLEGE - AUBURN HILLS,MI,48323-2845,Public       ,123,433,556,3592,6668,10260
00230305,OAKLAND COMMUNITY COLLEGE - HIGHLAND LAK,MI,48327-4187,Public       ,69,218,287,1859,3413,5272
00230700,OAKLAND UNIVERSITY                      ,MI,48309-4401,Public       ,226,388,614,13311,10232,23543
00230800,OLIVET COLLEGE                          ,MI,49076-9902,Private      ,7,8,15,1513,383,1896
00231000,ST. CLAIR COUNTY COMMUNITY COLLEGE      ,MI,48061-0000,Public       ,58,227,285,2354,4471,6825
00231100,KUYPER COLLEGE                          ,MI,49525-9749,Private      ,0,0,0,360,151,511
00231300,SACRED HEART MAJOR SEMINARY             ,MI,48206-1799,Private      ,2,12,14,39,177,216
00231400,SAGINAW VALLEY STATE UNIV               ,MI,48710-0001,Public       ,93,161,254,9045,4429,13474
00231500,SCHOOLCRAFT COLLEGE                     ,MI,48152-2696,Public       ,180,597,777,6027,9642,15669
00231600,SIENA HEIGHTS UNIVERSITY                ,MI,49221-1796,Private      ,12,74,86,1152,1946,3098
00231700,SOUTHWESTERN MICHIGAN COLLEGE           ,MI,49047-9793,Public       ,37,209,246,1574,2688,4262
00231800,SPRING ARBOR UNIVERSITY                 ,MI,49283-9984,Private      ,20,286,306,2243,3863,6106
00232200,FINLANDIA UNIVERSITY                    ,MI,49930-1882,Private      ,3,14,17,559,334,893
00232300,UNIVERSITY OF DETROIT MERCY             ,MI,48221-3038,Private      ,52,140,192,3174,4233,7407
00232303,UNIV OF DETROIT MERCY - LAW SCHOOL      ,MI,48226-0000,Private      ,0,9,9,20,969,989
00232330,UNIV OF DETROIT MERCY - DENTAL SCHOOL   ,MI,48208-2576,Private      ,5,5,10,58,423,481
00232500,UNIVERSITY OF MICHIGAN - ANN ARBOR      ,MI,48109-1316,Public       ,300,276,576,26907,12437,39344
00232501,UNIVERSITY OF MICHIGAN-MEDICAL SCH      ,MI,48109-0000,Public       ,11,6,17,171,1155,1326
00232503,UNIVERSITY OF MICHIGAN LAW SCHOOL       ,MI,48109-0000,Public       ,0,25,25,46,2854,2900
00232600,UNIVERSITY OF MICHIGAN-DEARBORN         ,MI,48128-2406,Public       ,100,201,301,5301,5441,10742
00232700,UNIVERSITY OF MICHIGAN-FLINT            ,MI,48502-1950,Public       ,83,258,341,4532,6303,10835
00232800,WASHTENAW COMMUNITY COLLEGE             ,MI,48106-0000,Public       ,173,640,813,5356,9645,15001
00232900,WAYNE STATE UNIVERSITY                  ,MI,48202-0000,Public       ,407,863,1270,17771,23317,41088
00232901,WAYNE STATE UNIV SCH OF MEDICINE        ,MI,48201-3359,Public       ,11,19,30,284,1731,2015
00232902,WAYNE STATE UNIVERSITY - LAW SCHOOL     ,MI,48202-3424,Public       ,13,27,40,180,1447,1627
00233000,WESTERN MICHIGAN UNIVERSITY             ,MI,49008-3899,Public       ,236,312,548,19048,9744,28792
00233100,WESTERN THEOLOGICAL SEMINARY            ,MI,49423-0000,Private      ,0,6,6,0,147,147
00407100,WALSH COLLEGE OF ACCT & BUS ADMN        ,MI,48007-7006,Private      ,20,210,230,319,3030,3349
00407200,NORTHWOOD UNIVERSITY                    ,MI,48640-2398,Private      ,19,121,140,2322,2079,4401
00467300,BAKER COLLEGE - FLINT                   ,MI,48507-5508,Private      ,152,797,949,2866,9991,12857
00467301,BAKER COLLEGE OF CADILLAC               ,MI,49601-0000,Private      ,44,240,284,623,2523,3146
00467302,BAKER COLLEGE OF CLINTON TOWNSHIP       ,MI,48035-0000,Private      ,107,479,586,2520,7646,10166
00467303,BAKER COLLEGE OF MUSKEGON               ,MI,49442-0000,Private      ,128,536,664,3258,6764,10022
00467304,BAKER COLLEGE OF OWOSSO                 ,MI,48867-0000,Private      ,86,250,336,2023,3195,5218
00467305,BAKER COLLEGE OF AUBURN HILLS           ,MI,48326-0000,Private      ,79,380,459,1423,5346,6769
00467306,BAKER COLLEGE OF PORT HURON             ,MI,48060-0000,Private      ,42,191,233,725,2426,3151
00467309,BAKER COLLEGE OF JACKSON                ,MI,49202-0000,Private      ,46,315,361,856,3430,4286
00467311,BAKER COLLEGE-CASS CITY                 ,MI,48726-0000,Private      ,16,66,82,273,701,974
00467313,BAKER COLLEGE - GRADUATE ON-LINE        ,MI,48507-0000,Private      ,33,490,523,396,6479,6875
00467317,BAKER COLLEGE-ALLEN PARK                ,MI,48101-0000,Private      ,65,342,407,1216,4412,5628
00469200,DORSEY SCHOOL OF BUSINESS               ,MI,48195-2334,Proprietary  ,14,84,98,114,695,809
00469201,DORSEY SCHOOL OF BUSINESS               ,MI,48184-0000,Proprietary  ,16,68,84,90,536,626
00469202,DORSEY SCHOOL OF BUSINESS               ,MI,48071-0000,Proprietary  ,14,102,116,77,600,677
00469204,DORSEY SCHOOL OF BUSINESS               ,MI,48066-0000,Proprietary  ,29,141,170,201,961,1162
00469205,DORSEY BUSINESS SCHOOL - FARMINGTON HILL,MI,48334-3385,Proprietary  ,19,52,71,50,273,323
00469206,DORSEY BUSINESS SCHOOL - ROSEVILLE CULIN,MI,48066-4555,Proprietary  ,12,54,66,104,524,628
00469207,DORSEY BUSINESS SCHOOL - WATERFORD/PONTI,MI,48341-1037,Proprietary  ,14,68,82,35,210,245
00491003,KAPLAN CAREER INSTITUTE - DEARBORN      ,MI,48228-0000,Proprietary  ,26,139,165,161,891,1052
00676800,MID MICHIGAN COMMUNITY COLLEGE          ,MI,48625-9447,Public       ,69,219,288,2760,3947,6707
00677100,COLLEGE FOR CREATIVE STUDIES            ,MI,48202-4034,Private      ,18,26,44,1570,666,2236
00694900,KALAMAZOO VALLEY COMMUNITY COLLEGE      ,MI,49003-4070,Public       ,135,544,679,5938,8821,14759
00717100,KIRTLAND COMMUNITY COLLEGE              ,MI,48653-0000,Public       ,24,120,144,1030,2233,3263
00761700,CARNEGIE INSTITUTE                      ,MI,48083-1159,Proprietary  ,5,41,46,83,667,750
00795000,WEST SHORE COMMUNITY COLLEGE            ,MI,49454-0000,Public       ,10,37,47,697,1081,1778
00817800,EMPIRE BEAUTY SCHOOL                    ,MI,49525-2440,Proprietary  ,30,61,91,286,698,984
00817801,EMPIRE BEAUTY SCHOOL - KALAMAZOO CAMPUS ,MI,49024-2694,Proprietary  ,0,2,2,21,49,70
00890600,MACOMB COMMUNITY COLLEGE                ,MI,48088-3896,Public       ,341,969,1310,10774,17376,28150
00894600,PORT HURON COSMETOLOGY COLLEGE          ,MI,48329-1618,Proprietary  ,2,9,11,35,75,110
00923000,WAYNE COUNTY COMMUNITY CLG-DISTRICT     ,MI,48226-3095,Public       ,451,1659,2110,10687,31962,42649
00973200,VIRGINIA FARRELL BEAUTY SCHOOL          ,MI,48080-1448,Proprietary  ,1,6,7,33,79,112
00973400,VIRGINIA FARRELL BEAUTY SCHOOL          ,MI,48220-1739,Proprietary  ,7,18,25,79,210,289
00982800,EVEREST INSTITUTE                       ,MI,48033-4400,Proprietary  ,53,252,305,502,2227,2729
00982801,EVEREST INSTITUTE- DEARBORN             ,MI,48124-1927,Proprietary  ,90,256,346,528,1898,2426
00982803,EVEREST INSTITUTE - DETROIT             ,MI,48207-4291,Proprietary  ,49,159,208,372,1290,1662
01047000,KALAMAZOO BEAUTY ACADEMY                ,MI,49002-5220,Proprietary  ,5,12,17,41,78,119
01062700,ITT TECHNICAL INSTITUTE                 ,MI,49519-0000,Proprietary  ,214,617,831,1497,4052,5549
01082700,DAVID PRESSLEY PROF SCH OF COSMTLGY     ,MI,48067-3219,Proprietary  ,21,16,37,126,159,285
01109800,FLINT INSTITUTE OF BARBERING            ,MI,48504-4395,Proprietary  ,2,9,11,29,129,158
01164600,VIRGINIA FARRELL BEAUTY SCHOOL          ,MI,48185-3091,Proprietary  ,5,19,24,46,170,216
01229100,WRIGHT BEAUTY ACADEMY                   ,MI,49015-2696,Proprietary  ,4,13,17,38,125,163
01262700,THOMAS M. COOLEY LAW SCHOOL             ,MI,48901-1586,Private      ,2,164,166,20,5272,5292
01321800,M J MURPHY BTY CLG MT PLEASANT          ,MI,48858-2502,Proprietary  ,5,10,15,62,102,164
02060300,MICHIGAN INSTITUTE OF AERONAUTICS       ,MI,48111-0000,Proprietary  ,29,114,143,557,1187,1744
02068700,ADRIAN BEAUTY ACADEMY                   ,MI,49221-0000,Proprietary  ,4,1,5,31,45,76
02099700,ROSS MEDICAL EDUCATION CENTER           ,MI,48532-0000,Proprietary  ,54,299,353,288,1842,2130
02099701,ROSS MEDICAL EDUCATION CENTER-SAGINAW   ,MI,48603-5227,Proprietary  ,1,12,13,28,140,168
02099702,ROSS MEDICAL EDUCATION CENTER-PORT HURON,MI,48060-1958,Proprietary  ,0,5,5,8,91,99
02099703,ROSS MEDICAL EDUCATION CENTER-ROOSEVELT ,MI,49441-4156,Proprietary  ,0,3,3,9,31,40
02100400,EVEREST INSTITUTE                       ,MI,49525-2301,Proprietary  ,47,253,300,302,1588,1890
02100401,EVEREST INSTITUTE - KALAMAZOO           ,MI,49009-3307,Proprietary  ,39,230,269,209,1201,1410
02125600,MICHIGAN COLLEGE OF BEAUTY              ,MI,48083-0000,Proprietary  ,17,39,56,176,403,579
02152103,ACADEMY OF COURT REPORTING & TECHNOLOGY ,MI,48017-1495,Proprietary  ,10,59,69,60,467,527
02158600,MR BELA'S SCHOOL OF COSMETOLOGY         ,MI,48092-4637,Proprietary  ,5,17,22,37,107,144
02160303,INTERNATIONAL ACADEMY OF DESIGN AND TECH,MI,48083-2160,Proprietary  ,40,86,126,773,1052,1825
02180100,ROSS MEDICAL EDUCATION CENTER           ,MI,48092-0000,Proprietary  ,29,183,212,160,863,1023
02180105,ROSS MEDICAL EDUCATION CENTER-REDFORD   ,MI,48239-1260,Proprietary  ,1,6,7,8,103,111
02198900,MICHIGAN SCHOOL OF PROFESSIONAL PSYCHOLO,MI,48334-4512,Private      ,0,4,4,8,158,166
02209200,TAYLORTOWN SCHOOL OF BEAUTY             ,MI,48180-0000,Proprietary  ,5,8,13,30,86,116
02237800,SPECS HOWARD SCHOOL OF MEDIA ARTS       ,MI,48075-0000,Proprietary  ,37,109,146,582,943,1525
02285700,BAYSHIRE BEAUTY ACADEMY                 ,MI,48708-5614,Proprietary  ,4,24,28,40,144,184
02289801,KAPLAN INSTITUTE - DETROIT CAMPUS       ,MI,48202-0000,Proprietary  ,49,186,235,354,1501,1855
02324500,MICHIGAN COLLEGE OF BEAUTY              ,MI,48161-0000,Proprietary  ,6,29,35,73,173,246
02339700,ROSS MEDICAL EDUCATION CENTER           ,MI,48116-0000,Proprietary  ,53,237,290,224,1342,1566
02339701,ROSS MEDICAL EDUCATION CENTER-ANN ARBOR ,MI,48108-1411,Proprietary  ,1,7,8,23,92,115
02339703,ROSS MEDICAL EDUCATION CENTER - DAVISON ,MI,48423-1751,Proprietary  ,0,4,4,0,8,8
02361500,MICHIGAN BARBER COLLEGE                 ,MI,48204-2244,Private      ,10,33,43,128,405,533
02363800,YESHIVA GEDOLAH OF GREATER DETROIT      ,MI,48237-0000,Private      ,4,0,4,42,4,46
02491000,WEST MI COLG OF BARBERING & BEAUTY      ,MI,49008-0000,Proprietary  ,3,24,27,36,161,197
02498300,VIRGINIA FARRELL BEAUTY SCHOOL          ,MI,48154-0000,Proprietary  ,5,18,23,59,154,213
02533600,ROSS MEDICAL EDUCATION CENTER           ,MI,48917-2108,Proprietary  ,40,225,265,189,1059,1248
02533601,ROSS MEDICAL EDUCATION CENTER - GRAND RA,MI,49546-2430,Proprietary  ,0,13,13,29,200,229
02588200,DOUGLAS J AVEDA INSTITUTE               ,MI,48823-4351,Proprietary  ,48,57,105,567,675,1242
02588201,DOUGLAS J AVEDA INSTITUTE - ANN ARBOR   ,MI,48104-2211,Proprietary  ,2,9,11,85,105,190
02595700,HILLSDALE BEAUTY COLLEGE                ,MI,49242-0000,Proprietary  ,0,3,3,45,27,72
02618400,MICHIGAN CAREER & TECHNICAL INST        ,MI,49080-9254,Public       ,36,17,53,233,132,365
03005700,DETROIT BUSINESS INST. DOWNRIVER        ,MI,48193-6761,Proprietary  ,11,32,43,89,253,342
03028500,LAWTON SCHOOL                           ,MI,48075-0000,Proprietary  ,6,35,41,66,288,354
03066600,BAY MILLS COMMUNITY COLLEGE             ,MI,49715-9750,Public       ,8,36,44,170,479,649
03075200,TWIN CITY BEAUTY COLLEGE                ,MI,49085-3305,Proprietary  ,6,52,58,64,224,288
03075201,TWIN CITY BEAUTY COLLEGE - TRAVERSE CITY,MI,49686-5119,Proprietary  ,0,1,1,14,31,45
03090000,SHARP'S ACADEMY OF HAIRSTYLING INC.     ,MI,48433-0000,Proprietary  ,2,10,12,20,69,89
03109700,HOUGHTON LAKE INST OF COSMETOLOGY       ,MI,48629-0669,Proprietary  ,1,2,3,12,20,32
03110300,THE SCHOOL OF CREATIVE HAIR DESIGN      ,MI,49036-1139,Proprietary  ,1,4,5,22,54,76
03124000,NORTHWESTERN TECHNOLOGICAL INST         ,MI,48075-2412,Proprietary  ,17,142,159,112,677,789
03135300,MICHIGAN THEOLOGICAL SEMINARY           ,MI,48170-4399,Private      ,0,2,2,4,128,132
03284300,MICHIGAN JEWISH INSTITUTE               ,MI,48237-0000,Private      ,16,4,20,1001,253,1254
03490300,PAUL MITCHELL THE SCHOOL ESCANABA       ,MI,49829-0000,Proprietary  ,23,28,51,151,184,335
03588300,IRENE'S MYOMASSOLOGY INSTITUTE          ,MI,48033-2404,Proprietary  ,11,54,65,86,493,579
03704300,BLUE WATER COLLEGE OF COSMETOLOGY       ,MI,48040-0000,Proprietary  ,1,11,12,27,66,93
03772300,SAGINAW CHIPPEWA TRIBAL COLLEGE         ,MI,48858-0000,Public       ,4,6,10,12,54,66
03815300,IN SESSION-ARTS OF COSMETOLOGY BEAU     ,MI,48609-0000,Proprietary  ,0,4,4,36,115,151
03907300,PAUL MITCHELL THE SCHOOL GREAT LAKES    ,MI,48060-0000,Proprietary  ,8,8,16,90,122,212
03915300,CAREER QUEST LEARNING CENTER            ,MI,48910-4732,Proprietary  ,19,172,191,100,912,1012
03968300,LAKEWOOD SCHOOL OF THERAPEUTIC MASSAGE  ,MI,48060-0000,Proprietary  ,0,11,11,5,63,68
03976500,ANN ARBOR INSTITUTE OF MASSAGE THERAPY  ,MI,48103-0000,Proprietary  ,4,23,27,26,106,132
04002400,ECUMENICAL THEOLOGICAL SEMINARY         ,MI,48201-3035,Private      ,1,8,9,2,106,108
04006300,NUVO COLLEGE OF COSMETOLOGY             ,MI,49441-3822,Proprietary  ,1,12,13,25,115,140
04014300,P&A SCHOLARS BEAUTY SCHOOL              ,MI,48204-0000,Proprietary  ,13,30,43,127,265,392
04094300,ROBERT B. MILLER COLLEGE (THE)          ,MI,49017-3306,Private      ,0,11,11,58,353,411
04121100,GALLERY COLLEGE OF BEAUTY (THE)         ,MI,48036-3591,Proprietary  ,12,48,60,97,291,388
04136300,FOCUS:  HOPE INFORMATION TECHNOLOGIES CE,MI,48238-2949,Private      ,5,17,22,59,257,316
04138400,SCHOOL OF DESIGNING ARTS                ,MI,49037-7995,Proprietary  ,4,8,12,35,66,101
04139600,REGAL BEAUTY SCHOOL                     ,MI,48150-4013,Proprietary  ,0,1,1,15,66,81
04140900,INTERNATIONAL COSMETOLOGY ACADEMY       ,MI,49508-1308,Proprietary  ,5,32,37,36,183,219
04141100,FRENCH ACADEMY OF COSMETOLOGY           ,MI,49456-3207,Proprietary  ,4,10,14,38,67,105
04158400,L'ESPRIT ACADEMY                        ,MI,48150-0000,Proprietary  ,9,13,22,28,18,46
04159300,MARKETTI ACADEMY OF COSMETOLOGY         ,MI,48329-3506,Proprietary  ,11,20,31,11,20,31
00233200,ANOKA-RAMSEY CC-CAMBRIDGE/COONRAPID     ,MN,55433-3499,Public       ,96,282,378,3494,4555,8049
00233400,AUGSBURG COLLEGE                        ,MN,55454-1351,Private      ,24,122,146,2674,2316,4990
00233500,RIVERLAND COMMUNITY COLLEGE             ,MN,55912-1473,Public       ,29,120,149,1121,2057,3178
00233600,BEMIDJI STATE UNIVERSITY                ,MN,56601-2699,Public       ,31,89,120,3237,1988,5225
00233700,BETHANY LUTHERAN COLLEGE INC            ,MN,56001-6163,Private      ,3,4,7,719,55,774
00233900,CENTRAL LAKES COLG-BRAINERD/STAPLES     ,MN,56401-3900,Public       ,38,110,148,1543,2245,3788
00234000,CARLETON COLLEGE                        ,MN,55057-4001,Private      ,15,0,15,3019,43,3062
00234100,COLLEGE OF ST BENEDICT                  ,MN,56374-2099,Private      ,3,1,4,2021,49,2070
00234200,ST. CATHERINE UNIVERSITY                ,MN,55105-1789,Private      ,18,129,147,2332,3365,5697
00234300,COLLEGE OF ST SCHOLASTICA               ,MN,55811-4199,Private      ,12,111,123,2394,1795,4189
00234500,UNIVERSITY OF ST THOMAS                 ,MN,55105-1096,Private      ,54,180,234,6278,4130,10408
00234600,CONCORDIA COLLEGE-MOORHEAD              ,MN,56562-0001,Private      ,19,5,24,3264,166,3430
00234700,"CONCORDIA UNIVERSITY, ST PAUL, MN       ",MN,55104-5494,Private      ,18,219,237,1341,2048,3389
00235000,VERMILION COMMUNITY COLLEGE             ,MN,55731-1996,Public       ,5,6,11,484,176,660
00235300,GUSTAVUS ADOLPHUS COLLEGE               ,MN,56082-1498,Private      ,20,2,22,3062,54,3116
00235400,HAMLINE UNIVERSITY                      ,MN,55104-1284,Private      ,18,160,178,2490,3488,5978
00235500,HIBBING COMMUNITY COLLEGE               ,MN,55746-3300,Public       ,24,71,95,718,1147,1865
00235600,ITASCA COMMUNITY COLLEGE                ,MN,55744-3397,Public       ,17,44,61,763,678,1441
00235700,LUTHER SEMINARY                         ,MN,55108-0000,Private      ,0,9,9,2,451,453
00235800,MACALESTER COLLEGE                      ,MN,55105-1899,Private      ,14,6,20,3285,94,3379
00236000,"MINNESOTA STATE UNIVERSITY, MANKATO     ",MN,56002-0000,Public       ,105,152,257,10861,4270,15131
00236100,MARTIN LUTHER COLLEGE                   ,MN,56073-3965,Private      ,2,2,4,661,52,713
00236200,MINNEAPOLIS COMM AND TECH COLLEGE       ,MN,55403-1779,Public       ,107,400,507,4606,10385,14991
00236500,MINNEAPOLIS COLLEGE OF ART & DESIGN     ,MN,55404-4343,Private      ,12,9,21,941,386,1327
00236600,CROSSROADS COLLEGE                      ,MN,55902-2382,Private      ,1,3,4,117,89,206
00236700,MINNESOTA STATE UNIVERSITY MOORHEAD     ,MN,56563-0001,Public       ,38,79,117,5156,2371,7527
00236900,NORTH CENTRAL UNIVERSITY                ,MN,55404-1391,Private      ,15,7,22,1198,367,1565
00237000,NORTH HENNEPIN COMMUNITY COLLEGE        ,MN,55445-2299,Public       ,88,249,337,2911,4969,7880
00237100,NORTHWESTERN COLLEGE                    ,MN,55113-1598,Private      ,12,58,70,2329,879,3208
00237300,ROCHESTER COMMUNITY/TECH COLLEGE        ,MN,55904-4999,Public       ,59,135,194,2979,3456,6435
00237500,SOUTHWEST MINNESOTA STATE UNIVERSITY    ,MN,56258-1598,Public       ,21,40,61,2016,1101,3117
00237700,ST CLOUD STATE UNIVERSITY               ,MN,56301-4498,Public       ,102,200,302,10326,5172,15498
00237900,SAINT JOHNS UNIVERSITY                  ,MN,56321-0000,Private      ,10,5,15,1853,95,1948
00238000,SAINT MARY'S UNIVERSITY                 ,MN,55987-1399,Private      ,10,168,178,1562,3156,4718
00238200,ST OLAF COLLEGE                         ,MN,55057-1098,Private      ,15,1,16,3837,59,3896
00238300,CROWN COLLEGE                           ,MN,55375-9001,Private      ,3,45,48,755,693,1448
00238500,NORTHLAND COMMUNITY & TECHNICAL CLG     ,MN,56701-2598,Public       ,27,100,127,1626,2246,3872
00238600,UNITED THEOLGCL SEMINRY TWIN CITIES     ,MN,55112-0000,Private      ,0,4,4,1,114,115
00238800,"UNIVERSITY OF MINNESOTA, DULUTH         ",MN,55812-2496,Public       ,73,57,130,9654,2107,11761
00238900,"UNIVERSITY OF MINNESOTA, MORRIS         ",MN,56267-2113,Public       ,19,7,26,1789,255,2044
00239100,WILLIAM MITCHELL COLLEGE OF LAW         ,MN,55105-0000,Private      ,0,7,7,0,1286,1286
00239300,MINNESOTA STATE COLLEGE-SE TECH         ,MN,55987-0409,Public       ,28,85,113,881,1698,2579
00239400,WINONA STATE UNIVERSITY                 ,MN,55987-5838,Public       ,50,50,100,7029,1485,8514
00396900,UNIVERSITY OF MINNESOTA-TWIN CITIES     ,MN,55455-0422,Public       ,365,765,1130,28872,19045,47917
00400900,MESABI RANGE CMNTY & TECH COLLEGE       ,MN,55792-0000,Public       ,20,49,69,562,803,1365
00405708,NATIONAL AMERICAN UNIVERSITY            ,MN,55113-0000,Proprietary  ,2,26,28,53,345,398
00405715,NATIONAL AMERICAN UNIVERSITY - BLOOMINGT,MN,55425-5550,Proprietary  ,4,33,37,40,346,386
00406900,UNIVERSITY OF MINNESOTA-CROOKSTON       ,MN,56716-5001,Public       ,13,26,39,992,502,1494
00438600,VETERAN'S MEDICAL CTR- SCH RAD TECH     ,MN,55417-2399,Public       ,0,1,1,1,17,18
00464100,DUNWOODY COLLEGE OF TECHNOLOGY          ,MN,55403-1192,Private      ,34,94,128,1085,1735,2820
00464200,GLOBE UNIVERSITY                        ,MN,55125-5408,Proprietary  ,185,928,1113,1357,4486,5843
00464500,MINNEAPOLIS BUSINESS COLLEGE            ,MN,55113-4036,Proprietary  ,1,5,6,428,165,593
00464600,MINNESOTA SCHOOL OF BUSINESS            ,MN,55423-0000,Proprietary  ,175,910,1085,2693,8097,10790
00525200,RIDGEWATER COLLEGE                      ,MN,56201-2098,Public       ,44,128,172,2068,2271,4339
00526300,MINNESOTA WEST CMNTY & TECH COLG        ,MN,56241-1096,Public       ,35,92,127,1012,1629,2641
00553300,"SAINT PAUL COLLEGE, COMMUNITY/TECHNICAL ",MN,55102-1800,Public       ,72,310,382,2597,6237,8834
00553400,ST CLOUD TECHNICAL COLLEGE              ,MN,56303-1240,Public       ,55,113,168,2663,2526,5189
00553500,PINE TECHNICAL COLLEGE                  ,MN,55063-2198,Public       ,5,35,40,242,855,1097
00553700,SOUTH CENTRAL COLLEGE                   ,MN,56003-0000,Public       ,48,94,142,1691,2167,3858
00554100,MINNESOTA STATE COMMUNITY AND TECHNICAL ,MN,56573-1405,Public       ,54,177,231,2495,3656,6151
00554400,ALEXANDRIA TECHNICAL COLLEGE            ,MN,56308-3799,Public       ,9,37,46,1264,1023,2287
00575700,LAKE SUPERIOR COLLEGE                   ,MN,55811-3399,Public       ,58,111,169,2069,2855,4924
00575900,NORTHWEST TECHNICAL COLLEGE - BEMIDJI   ,MN,56601-4907,Public       ,5,61,66,447,1068,1515
00677500,RAINY RIVER COMMUNITY COLLEGE           ,MN,56649-2187,Public       ,2,4,6,116,158,274
00735000,ANOKA-HENNEPIN TECHNICAL COLLEGE        ,MN,55303-1590,Public       ,24,148,172,859,2397,3256
00735100,BROWN COLLEGE                           ,MN,55120-1004,Proprietary  ,41,115,156,1028,1232,2260
00746200,COLLEGE OF VISUAL ARTS                  ,MN,55102-2199,Private      ,3,2,5,207,58,265
00795400,NORMANDALE COMMUNITY COLLEGE            ,MN,55431-4399,Public       ,134,273,407,4435,5085,9520
00826700,NORTHWEST TECHNICAL INSTITUTE           ,MN,55121-5001,Proprietary  ,5,6,11,130,51,181
00869400,RASMUSSEN COLLEGE - ST. CLOUD           ,MN,56301-3713,Proprietary  ,36,265,301,372,1631,2003
00869401,RASMUSSEN COLLEGE - BROOKLYN PARK       ,MN,55445-1512,Proprietary  ,45,254,299,376,1874,2250
00869406,RASMUSSEN COLLEGE - EAGAN               ,MN,55122-1346,Proprietary  ,29,172,201,343,1443,1786
00869407,RASMUSSEN COLLEGE - EDEN PRAIRIE        ,MN,55344-7220,Proprietary  ,63,667,730,436,3779,4215
00869409,RASMUSSEN COLLEGE - MANKATO             ,MN,56001-8658,Proprietary  ,23,123,146,341,1235,1576
00869412,RASMUSSEN COLLEGE - LAKE ELMO           ,MN,55042-8624,Proprietary  ,27,145,172,254,1093,1347
00869416,RASMUSSEN COLLEGE - MOORHEAD            ,MN,56560-4513,Proprietary  ,0,1,1,0,1,1
00905800,BETHEL UNIVERSITY                       ,MN,55112-6999,Private      ,24,155,179,3048,2175,5223
00960000,COSMETOLOGY CAREERS UNLTD-DULUTH        ,MN,55802-2031,Proprietary  ,1,6,7,30,69,99
00972200,EMPIRE BEAUTY SCHOOL                    ,MN,55119-7003,Proprietary  ,11,34,45,98,310,408
00974000,INVER HILLS COMMUNITY COLLEGE           ,MN,55076-3224,Public       ,69,202,271,2191,3446,5637
00983100,MODEL COLLEGE OF HAIR DESIGN            ,MN,56301-4280,Proprietary  ,6,10,16,100,87,187
00987000,EMPIRE BEAUTY SCHOOL                    ,MN,55420-2919,Proprietary  ,13,39,52,108,321,429
00989200,"DULUTH BUSINESS UNIV, INC.              ",MN,55807-0000,Proprietary  ,10,79,89,160,568,728
00999200,OAK HILLS CHRISTIAN COLLEGE             ,MN,56601-0000,Private      ,3,0,3,126,70,196
01024800,ART INSTITUTES INTL MINNESOTA           ,MN,55402-3137,Proprietary  ,63,117,180,1768,1380,3148
01035602,EVEREST INSTITUTE - EAGAN               ,MN,55121-1696,Proprietary  ,50,257,307,196,1213,1409
01037400,METROPOLITAN STATE UNIVERSITY           ,MN,55106-5000,Public       ,18,236,254,1612,6589,8201
01040200,DAKOTA COUNTY TECHNICAL COLLEGE         ,MN,55068-2999,Public       ,38,118,156,1246,2083,3329
01049000,REGENCY BEAUTY INSTITUTE                ,MN,55428-0000,Proprietary  ,433,1109,1542,3692,6903,10595
01049100,HENNEPIN TECHNICAL COLLEGE              ,MN,55445-2399,Public       ,56,249,305,1874,4832,6706
01054600,CENTURY COMMUNITY AND TECHNICAL CLG     ,MN,55110-1894,Public       ,144,391,535,4847,6891,11738
01101700,HERZING COLLEGE                         ,MN,55428-3548,Proprietary  ,3,42,45,186,511,697
01173200,"MAYO CLINIC, COLLEGE OF MEDICINE        ",MN,55905-0000,Private      ,0,2,2,33,381,414
01173201,MAYO SCHOOL OF HEALTH-RELATED SCIEN     ,MN,55905-0000,Private      ,0,1,1,49,119,168
01173206,MAYO GRAD SCHOOL                        ,MN,55901-0000,Private      ,0,0,0,3,47,50
01173207,MAYO MEDICAL SCHOOL                     ,MN,55901-0000,Private      ,0,0,0,2,139,141
01232800,NORTHWESTERN HEALTH SCIENCES UNIV       ,MN,55431-1599,Private      ,0,30,30,52,875,927
02050300,ACADEMY COLLEGE                         ,MN,55420-1554,Proprietary  ,5,48,53,49,299,348
02097300,HASTINGS BEAUTY SCHOOL                  ,MN,55033-1205,Proprietary  ,2,2,4,2,3,5
02123200,AVEDA INSTITUTE                         ,MN,55414-0000,Proprietary  ,25,48,73,360,421,781
02159800,COSMETOLOGY CAREERS UNLTD - HIBBING     ,MN,55746-0000,Proprietary  ,2,13,15,28,38,66
02160901,"SALON PROFESSIONAL ACADEMY, THE - THE SA",MN,55428-4928,Proprietary  ,6,7,13,52,80,132
02238100,MINNESOTA SCHOOL OF COSMETOLOGY         ,MN,55125-0000,Proprietary  ,8,27,35,100,189,289
02260500,SUMMIT ACAD OPPORTUNITIES IND CTR       ,MN,55405-0000,Private      ,13,90,103,55,369,424
02263102,ANTHEM COLLEGE - HIGH-TECH INSTITUTE-ST.,MN,55416-2467,Proprietary  ,3,9,12,15,59,74
02504200,WALDEN UNIVERSITY                       ,MN,55401-2511,Proprietary  ,12,4983,4995,105,42571,42676
02514100,AMERICAN INDIAN OPPORTUNITIES CTR       ,MN,55404-0000,Private      ,0,21,21,17,174,191
02543600,INGENUE                                 ,MN,56560-0000,Proprietary  ,2,4,6,15,27,42
02551200,EAST METRO OIC                          ,MN,55104-3435,Private      ,0,0,0,30,103,133
03001200,MCNALLY SMITH COLLEGE OF MUSIC          ,MN,55101-2220,Proprietary  ,18,12,30,784,270,1054
03051900,ALFRED ADLER GRADUATE SCHOOL            ,MN,55305-0000,Private      ,0,29,29,0,294,294
03096400,LEECH LAKE TRIBAL COLLEGE               ,MN,56633-0000,Public       ,5,22,27,31,264,295
03129100,FOND DU LAC TRIBAL & COMMUNITY CLG      ,MN,55720-2984,Public       ,29,38,67,529,1010,1539
03267300,CAPELLA UNIVERSITY                      ,MN,55402-3389,Proprietary  ,29,5062,5091,139,48146,48285
03833300,AMERICAN ACADEMY OF ACUPUNCTURE AND ORIE,MN,55113-0000,Proprietary  ,0,2,2,1,103,104
03921400,WHITE EARTH TRIBAL AND COMMUNITY COLLEGE,MN,56557-0478,Private      ,3,18,21,35,152,187
04044300,HAZELDEN GRADUATE SCHOOL OF ADDICTION ST,MN,55012-0000,Private      ,0,13,13,1,139,140
04130200,INST. OF PRODUCTION AND RECORDING       ,MN,55401-1315,Proprietary  ,16,23,39,445,256,701
04148800,CENTERPOINT MASSAGE & SHIATSU THERAPY SC,MN,55414-4525,Proprietary  ,4,21,25,8,58,66
04160000,ALLURE SCHOOL OF COSMETOLOGY            ,MN,55066-2086,Proprietary  ,5,14,19,5,14,19
04160500,AVALON SCHOOL OF COSMETOLOGY            ,MN,56187-1930,Proprietary  ,5,2,7,5,2,7
00239600,ALCORN STATE UNIVERSITY                 ,MS,39096-7500,Public       ,114,152,266,3313,3215,6528
00239700,BELHAVEN COLLEGE                        ,MS,39202-1789,Private      ,27,261,288,1366,3751,5117
00239800,BLUE MOUNTAIN COLLEGE                   ,MS,38610-9370,Private      ,4,12,16,382,347,729
00240100,COAHOMA COMMUNITY COLLEGE               ,MS,38614-9799,Public       ,95,204,299,1630,2913,4543
00240200,COPIAH-LINCOLN COMMUNITY COLLEGE        ,MS,39191-0649,Public       ,107,173,280,2138,2878,5016
00240300,DELTA STATE UNIVERSITY                  ,MS,38733-0000,Public       ,63,129,192,2850,3329,6179
00240400,EAST CENTRAL COMMUNITY COLLEGE          ,MS,39327-0129,Public       ,55,141,196,1691,2289,3980
00240500,EAST MISSISSIPPI COMM COLLEGE           ,MS,39358-0000,Public       ,144,245,389,2686,4327,7013
00240700,HINDS COMMUNITY COLLEGE                 ,MS,39154-9799,Public       ,319,676,995,7140,11229,18369
00240800,HOLMES COMMUNITY COLLEGE                ,MS,39079-0000,Public       ,150,334,484,3477,6223,9700
00240900,ITAWAMBA COMMUNITY COLLEGE              ,MS,38843-1099,Public       ,127,410,537,3894,6903,10797
00241000,JACKSON STATE UNIVERSITY                ,MS,39217-0001,Public       ,169,331,500,8167,9737,17904
00241100,JONES COUNTY JUNIOR COLLEGE             ,MS,39437-3999,Public       ,138,239,377,3617,3318,6935
00241300,MERIDIAN COMMUNITY COLLEGE              ,MS,39307-5890,Public       ,78,211,289,2262,3218,5480
00241400,MILLSAPS COLLEGE                        ,MS,39201-0000,Private      ,22,25,47,1402,471,1873
00241500,MISSISSIPPI COLLEGE                     ,MS,39058-0001,Private      ,43,105,148,2490,3154,5644
00241501,MISSISSIPPI COLLEGE - SCHOOL OF LAW     ,MS,39201-1391,Private      ,5,15,20,36,857,893
00241502,MISSISSIPPI COLLEGE - RANKIN CAMPUS     ,MS,39042-0000,Private      ,0,2,2,18,67,85
00241600,MISSISSIPPI DELTA CMTY COLLEGE          ,MS,38761-0000,Public       ,85,133,218,2108,2711,4819
00241700,MISSISSIPPI GULF CST CLG-PERKINSTON     ,MS,39573-0000,Public       ,55,56,111,1564,1042,2606
00241701,MISSISSIPPI GULF CST CLG-JEFF DAVIS     ,MS,39507-0000,Public       ,54,213,267,1567,3559,5126
00241702,MISSISSIPPI GULF CST CLG-JACKSON CN     ,MS,39553-0000,Public       ,71,173,244,1532,2839,4371
00242200,MISSISSIPPI UNIV FOR WOMEN              ,MS,39701-5818,Public       ,31,69,100,1511,2031,3542
00242300,MISSISSIPPI STATE UNIVERSITY            ,MS,39762-9698,Public       ,229,215,444,11887,6932,18819
00242400,MISSISSIPPI VALLEY STATE UNIVERSITY     ,MS,38941-1400,Public       ,99,142,241,3010,3747,6757
00242600,NORTHEAST MS CMNTY COLLEGE              ,MS,38829-1731,Public       ,68,114,182,2517,2690,5207
00242700,NORTHWEST MISSISSIPPI COMMUNITY CLG     ,MS,38668-1703,Public       ,157,292,449,5184,5958,11142
00243000,PEARL RIVER COMMUNITY COLLEGE           ,MS,39470-2201,Public       ,113,256,369,3151,4068,7219
00243300,RUST COLLEGE                            ,MS,38635-2328,Private      ,29,21,50,1460,624,2084
00243500,SOUTHEASTERN BAPTIST COLLEGE            ,MS,39440-0000,Private      ,1,2,3,36,71,107
00243600,SOUTHWEST MISSISSIPPI CMNTY CLG         ,MS,39666-8099,Public       ,26,51,77,1471,1659,3130
00243900,TOUGALOO COLLEGE                        ,MS,39174-9799,Private      ,31,20,51,1525,578,2103
00244000,UNIVERSITY OF MISSISSIPPI               ,MS,38677-1848,Public       ,232,228,460,9813,6553,16366
00244001,UNIVERSITY OF MISSISSIPPI - MED CTR     ,MS,39216-0000,Public       ,9,40,49,393,1689,2082
00244100,UNIVERSITY OF SOUTHERN MISSISSIPPI      ,MS,39406-0001,Public       ,252,453,705,10295,9672,19967
00244700,WILLIAM CAREY UNIVERSITY                ,MS,39401-5499,Private      ,61,176,237,1224,3473,4697
01146100,WESLEY COLLEGE                          ,MS,39073-1070,Private      ,2,2,4,69,119,188
01289101,ANTONELLI COLLEGE - JACKSON             ,MS,39208-4526,Proprietary  ,16,157,173,140,1185,1325
01289102,ANTONELLI COLLEGE - HATTIESBURG         ,MS,39401-3056,Proprietary  ,19,83,102,171,792,963
02074900,CHRIS' BEAUTY COLLEGE                   ,MS,39501-0000,Proprietary  ,3,25,28,40,162,202
02160500,NORTH MISSISSIPPI MED CTR MED TECH      ,MS,38801-0000,Private      ,0,3,3,14,45,59
02235900,ACADEMY OF HAIR DESIGN #4               ,MS,39208-0000,Proprietary  ,5,14,19,51,135,186
02244300,ACADEMY OF HAIR DESIGN #1               ,MS,38901-0000,Proprietary  ,14,36,50,89,289,378
02249900,DELTA BEAUTY COLLEGE                    ,MS,38701-0000,Proprietary  ,3,8,11,29,85,114
02251600,ACADEMY OF HAIR DESIGN #6               ,MS,39401-7581,Proprietary  ,15,41,56,79,251,330
02251700,FOSTER'S COSMETOLOGY COLLEGE            ,MS,38663-0000,Proprietary  ,1,9,10,14,57,71
02302800,MISSISSIPPI COLLEGE OF BEAUTY CULT      ,MS,39440-0000,Proprietary  ,3,21,24,21,73,94
02320800,MAGNOLIA COLLEGE OF COSMETOLOGY         ,MS,39206-0000,Proprietary  ,9,26,35,60,216,276
02361200,MAGNOLIA BIBLE COLLEGE                  ,MS,39090-0000,Private      ,0,0,0,10,21,31
02502100,CREATIONS COLLEGE OF COSMETOLOGY        ,MS,38803-0000,Proprietary  ,1,17,18,23,123,146
02516200,WESLEY BIBLICAL SEMINARY                ,MS,39206-0000,Private      ,0,1,1,4,113,117
02554600,GIBSON'S BARBER AND BEAUTY COLLEGE      ,MS,39773-0000,Proprietary  ,0,0,0,13,35,48
02586000,J & J HAIR DESIGN COLLEGE               ,MS,39051-3716,Proprietary  ,6,20,26,34,154,188
03004000,FINAL TOUCH BEAUTY SCHOOL               ,MS,39307-2934,Proprietary  ,2,12,14,22,75,97
03010401,CRESCENT CITY BARTENDING SCHOOL         ,MS,39501-0000,Proprietary  ,0,6,6,4,53,57
03010404,CRESCENT CITY SCHOOL OF GAMING & BARTEND,MS,38664-1903,Proprietary  ,0,1,1,3,15,18
03010603,VIRGINIA COLLEGE - JACKSON              ,MS,39206-5602,Proprietary  ,30,204,234,238,1809,2047
03010610,VIRGINIA COLLEGE - BILOXI               ,MS,39532-2124,Proprietary  ,14,102,116,108,894,1002
03263300,TRAXLER'S SCHOOL OF HAIR                ,MS,39212-2529,Proprietary  ,4,16,20,22,89,111
03464300,ACADEMY OF HAIR DESIGN                  ,MS,39562-0000,Proprietary  ,3,29,32,19,107,126
03525300,BLUE CLIFF COLLEGE                      ,MS,39507-0000,Proprietary  ,18,91,109,155,543,698
03848300,DAY SPA CAREER COLLEGE                  ,MS,39564-0000,Proprietary  ,2,13,15,23,82,105
03963300,HEALING TOUCH SCHOOL OF MASSAGE THERAPY ,MS,39402-1300,Proprietary  ,0,3,3,12,44,56
04131300,CORINTH ACADEMY OF COSMETOLOGY          ,MS,38834-4813,Proprietary  ,1,10,11,22,76,98
04137400,MISSISSIPPI SCHOOL OF THERAPEUTIC MASSAG,MS,39216-5023,Proprietary  ,1,12,13,1,13,14
04140200,"MISSISSIPPI INSTITUTE OF AESTHETICS, NAI",MS,39056-5628,Proprietary  ,2,9,11,19,78,97
00252600,CARROLL COLLEGE                         ,MT,59625-0002,Private      ,15,5,20,1598,265,1863
00252700,UNIVERSITY OF GREAT FALLS               ,MT,59405-4996,Private      ,6,31,37,530,645,1175
00252800,MILES COMMUNITY COLLEGE                 ,MT,59301-4799,Public       ,8,14,22,339,266,605
00252900,DAWSON COMMUNITY COLLEGE                ,MT,59330-1405,Public       ,10,11,21,286,155,441
00253000,MONTANA STATE UNIVERSITY - BILLINGS     ,MT,59101-0298,Public       ,55,162,217,2548,3765,6313
00253100,MONTANA TECH OF THE UNIV OF MONTANA     ,MT,59701-8997,Public       ,28,49,77,1519,1326,2845
00253200,MONTANA STATE UNIVERSITY - BOZEMAN      ,MT,59717-0001,Public       ,151,205,356,8972,4434,13406
00253300,MONTANA STATE UNIVERSITY-NORTHERN       ,MT,59501-3148,Public       ,8,52,60,789,837,1626
00253400,ROCKY MOUNTAIN COLLEGE                  ,MT,59102-1796,Private      ,12,11,23,979,358,1337
00253600,UNIVERSITY OF MONTANA (THE)             ,MT,59812-0001,Public       ,167,345,512,8528,7978,16506
00253700,UNIVERSITY OF MONTANA WESTERN (THE)     ,MT,59725-3598,Public       ,13,20,33,1084,556,1640
00677700,FLATHEAD VALLEY COMMUNITY COLLEGE       ,MT,59901-2699,Public       ,51,157,208,877,1908,2785
00757000,HELENA COLLEGE OF TECHNOLOGY            ,MT,59601-3098,Public       ,13,45,58,455,1049,1504
00790000,BUTTE ACADEMY OF BEAUTY CULTURE         ,MT,59701-9197,Proprietary  ,3,6,9,20,47,67
00894700,"DAHL'S COLLEGE OF BEAUTY,INC            ",MT,59401-3731,Proprietary  ,5,6,11,31,72,103
00931400,MSU COLLEGE OF TECH-GREAT FALLS         ,MT,59405-4907,Public       ,34,92,126,688,1754,2442
02143400,SALISH KOOTENAI COLLEGE                 ,MT,59855-0000,Public       ,19,90,109,324,1052,1376
02286600,LITTLE BIG HORN COLLEGE                 ,MT,59022-0000,Public       ,12,46,58,111,300,411
02343000,FT PECK COMMUNITY COLLEGE               ,MT,59255-0000,Public       ,17,50,67,82,322,404
02510600,BLACKFEET COMMUNITY COLLEGE             ,MT,59417-0000,Private      ,18,114,132,189,569,758
02517500,FORT BELKNAP COLLEGE                    ,MT,59526-0000,Public       ,5,18,23,41,126,167
02545200,CHIEF DULL KNIFE COLLEGE                ,MT,59043-0098,Public       ,8,53,61,63,217,280
02610900,STONE CHILD COLLEGE                     ,MT,59521-9796,Public       ,16,37,53,81,220,301
02621300,ACADEMY OF COSMETOLOGY                  ,MT,59715-3544,Proprietary  ,1,5,6,28,41,69
03205300,MODERN BEAUTY SCHOOL                    ,MT,59801-8386,Proprietary  ,3,3,6,33,63,96
03763400,"ACADEMY OF NAIL, SKIN & HAIR            ",MT,59101-0000,Proprietary  ,7,21,28,85,163,248
03778300,HEALTH WORKS INSTITUTE                  ,MT,59715-0000,Proprietary  ,2,5,7,17,50,67
04163700,BITTERROOT SCHOOL OF COSMETOLOGY        ,MT,59840-3118,Proprietary  ,1,3,4,2,4,6
04164100,SALON PROFESSIONAL ACADEMY (THE)        ,MT,59405-0000,Proprietary  ,4,19,23,7,27,34
00253900,CHADRON STATE COLLEGE                   ,NE,69337-2690,Public       ,13,47,60,1631,1092,2723
00254000,COLLEGE OF ST MARY                      ,NE,68106-2606,Private      ,1,35,36,416,1223,1639
00254100,CONCORDIA UNIVERSITY                    ,NE,68434-1594,Private      ,7,50,57,1398,489,1887
00254200,CREIGHTON UNIVERSITY                    ,NE,68178-0001,Private      ,22,87,109,4774,4832,9606
00254300,DANA COLLEGE                            ,NE,68008-9905,Private      ,5,3,8,870,110,980
00254400,DOANE COLLEGE                           ,NE,68333-2421,Private      ,16,99,115,1502,1103,2605
00254700,GRACE UNIVERSITY                        ,NE,68108-3629,Private      ,3,10,13,327,301,628
00254800,HASTINGS COLLEGE                        ,NE,68901-7621,Private      ,11,3,14,1474,168,1642
00255100,UNIVERSITY OF NEBRASKA AT KEARNEY       ,NE,68849-0001,Public       ,37,104,141,4084,1778,5862
00255300,MIDLAND LUTHERAN COLLEGE                ,NE,68025-4254,Private      ,4,10,14,779,255,1034
00255400,UNIVERSITY OF NEBRASKA-OMAHA            ,NE,68182-0001,Public       ,128,256,384,8217,6288,14505
00255500,NEBRASKA WESLEYAN UNIVERSITY            ,NE,68504-2796,Private      ,16,26,42,1846,483,2329
00255700,MID-PLAINS COMM COLLEGE - NORTH PLATTE  ,NE,69101-9420,Public       ,14,53,67,493,683,1176
00255701,MID-PLAINS COMMUNITY COLLEGE - MCCOOK   ,NE,69001-2631,Public       ,9,25,34,250,197,447
00255900,PERU STATE COLLEGE                      ,NE,68421-0010,Public       ,14,45,59,975,1056,2031
00256000,WESTERN NEBRASKA COMMUNITY COLLEGE      ,NE,69361-1815,Public       ,34,93,127,754,1195,1949
00256300,UNION COLLEGE                           ,NE,68506-4387,Private      ,8,5,13,721,322,1043
00256500,UNIVERSITY OF NEBRASKA-LINCOLN          ,NE,68588-0419,Public       ,170,163,333,15119,5397,20516
00256596,UNIVERSITY OF NEBRASKA - CURTIS         ,NE,69025-9522,Public       ,3,2,5,227,47,274
00256600,WAYNE STATE COLLEGE                     ,NE,68787-1172,Public       ,30,26,56,2845,921,3766
00256700,YORK COLLEGE                            ,NE,68467-2699,Private      ,4,0,4,587,143,730
00443100,MARY LANNING MEM HOSP SCH RAD TECH      ,NE,68901-4497,Private      ,0,0,0,7,6,13
00443600,REGNL WST MEDCL CTR SCHL RAD            ,NE,69361-0000,Private      ,0,1,1,5,8,13
00458608,KAPLAN UNIVERSITY - OMAHA               ,NE,68134-1002,Proprietary  ,25,234,259,269,1940,2209
00458609,KAPLAN UNIVERSITY - LINCOLN             ,NE,68508-2668,Proprietary  ,25,150,175,188,1347,1535
00639900,BRYANLGH COLLEGE OF HEALTH SCIENCES     ,NE,68506-1398,Private      ,5,3,8,306,256,562
00640400,NEBR METHODIST CLG OF NURS ALLD HLTH    ,NE,68114-2852,Private      ,11,14,25,379,604,983
00689500,UNIVERSITY OF NEBRASKA-MED CTR          ,NE,68198-4265,Public       ,3,27,30,564,2216,2780
00750100,VATTEROTT COLLEGE                       ,NE,68137-1237,Proprietary  ,23,121,144,206,1049,1255
00849200,ALEGENT HEALTH SCHOOLS                  ,NE,68114-2767,Private      ,0,4,4,32,87,119
00952300,BAHNER COLLEGE OF HAIRSTYLING           ,NE,68025-3297,Proprietary  ,8,5,13,35,37,72
00961700,CAPITOL BEAUTY SCHOOL                   ,NE,68144-3873,Proprietary  ,9,14,23,128,116,244
00974300,BELLEVUE UNIVERSITY                     ,NE,68005-0000,Private      ,43,891,934,779,7431,8210
00986200,CLARKSON COLLEGE                        ,NE,68131-2739,Private      ,13,34,47,466,849,1315
01151900,JOSEPH'S COLLEGE OF BEAUTY/ALL CAMPUSES ,NE,68510-2226,Proprietary  ,14,42,56,179,355,534
01151909,JOSEPH'S COLLEGE OF BEAUTY - OMAHA      ,NE,68131-0000,Proprietary  ,0,0,0,4,23,27
01166700,NORTHEAST COMMUNITY COLLEGE             ,NE,68702-0000,Public       ,40,79,119,1679,1355,3034
01258600,METROPOLITAN COMMUNITY COLLEGE          ,NE,68103-0000,Public       ,260,1185,1445,4396,11019,15415
01297600,NEBRASKA CHRISTIAN COLLEGE              ,NE,68046-4256,Private      ,0,2,2,121,48,169
02079700,COLLEGE OF HAIR DESIGN                  ,NE,68508-0000,Proprietary  ,12,28,40,205,184,389
02099500,CENTRAL COMMUNITY COLLEGE- GI           ,NE,68801-0000,Public       ,24,129,153,652,1380,2032
02099501,CENTRAL COMMUNITY COLLEGE - HASTINGS    ,NE,68902-0000,Public       ,22,82,104,952,831,1783
02099502,CENTRAL COMMUNITY COLLEGE - COLUMBUS    ,NE,68602-0000,Public       ,12,38,50,450,497,947
02508300,SOUTHEAST COMM. COLLEGE-ALL CAMPUSES    ,NE,68520-0000,Public       ,193,488,681,5251,6193,11444
02550800,NEBRASKA INDIAN COMMUNITY COLLEGE       ,NE,68039-0000,Public       ,3,17,20,23,112,135
02610500,XENON INTERNATIONAL ACADEMY II          ,NE,68127-3522,Proprietary  ,14,31,45,237,222,459
03127300,OMAHA SCHOOL OF MASSAGE THERAPY         ,NE,68127-5002,Proprietary  ,9,47,56,80,233,313
03164300,THE CREATIVE CENTER                     ,NE,68164-2911,Proprietary  ,3,0,3,171,30,201
03279300,MYOTHERAPY INSTITUTE                    ,NE,68516-3641,Proprietary  ,0,3,3,24,41,65
03323300,LITTLE PRIEST TRIBAL COLLEGE            ,NE,68071-0000,Private      ,2,28,30,30,124,154
03821400,UNIVERSAL COLLEGE OF HEALING ARTS       ,NE,68112-1810,Proprietary  ,1,10,11,10,77,87
00256800,UNIVERSITY OF NEVADA RENO               ,NV,89557-0002,Public       ,225,181,406,7821,5208,13029
00256900,UNIVERSITY OF NEVADA-LAS VEGAS          ,NV,89154-1001,Public       ,384,554,938,12429,14491,26920
00697700,GREAT BASIN COLLEGE                     ,NV,89801-3348,Public       ,30,121,151,589,1261,1850
00736700,MARINELLO SCHOOLS OF BEAUTY             ,NV,89110-3563,Proprietary  ,26,54,80,179,403,582
00737100,MARINELLO SCHOOL OF BEAUTY              ,NV,89502-5982,Proprietary  ,26,51,77,80,214,294
00844103,ANTHEM INSTITUTE - MORRISON UNIVERSITY  ,NV,89521-4826,Proprietary  ,2,14,16,15,89,104
00919200,SIERRA NEVADA COLLEGE                   ,NV,89451-0000,Private      ,10,59,69,333,588,921
01036200,COLLEGE OF SOUTHERN NEVADA              ,NV,89146-1139,Public       ,533,1379,1912,10347,21341,31688
01036300,WESTERN NEVADA COLLEGE                  ,NV,89703-0000,Public       ,55,239,294,1109,2664,3773
01323200,ACADEMY OF HAIR DESIGN                  ,NV,89146-1617,Proprietary  ,17,32,49,137,209,346
02107700,TRUCKEE MEADOWS COMMUNITY CLG           ,NV,89512-0000,Public       ,203,537,740,3156,6534,9690
02237500,EVEREST COLLEGE                         ,NV,89103-0000,Proprietary  ,134,266,400,627,1564,2191
02338509,NEVADA CAREER INSTITUTE                 ,NV,89121-0000,Proprietary  ,3,31,34,63,369,432
02338512,GLENDALE CAREER COLLEGE - NEVADA CAREER ,NV,89131-3268,Proprietary  ,0,1,1,0,1,1
02361001,ITT TECHNICAL INSTITUTE                 ,NV,89014-0000,Proprietary  ,61,128,189,520,1267,1787
02616703,SCOTTSDALE CULINARY INSTITUTE - LE CORDO,NV,89144-7047,Proprietary  ,7,16,23,113,243,356
02621500,CAREER COLLEGE OF NORTHERN NEVADA       ,NV,89434-7905,Proprietary  ,20,148,168,188,888,1076
03030603,UTAH CLG OF MASSAGE THERAPY-NSMT        ,NV,89123-0000,Proprietary  ,35,53,88,174,506,680
03031405,INTERNATIONAL ACADEMY OF DESIGN AND TECH,NV,89074-7750,Proprietary  ,42,88,130,381,568,949
03043200,KAPLAN COLLEGE                          ,NV,89102-8618,Proprietary  ,62,239,301,294,1400,1694
03076404,HIGH-TECH INSTITUTE - LAS VEGAS         ,NV,89102-4514,Proprietary  ,5,28,33,51,239,290
03084600,THE ART INSTITUTE OF LAS VEGAS          ,NV,89074-7737,Proprietary  ,99,198,297,1407,1828,3235
03088200,CARSON CITY BEAUTY ACADEMY              ,NV,89706-0000,Proprietary  ,8,15,23,44,115,159
03110000,ACADEMY OF HEALING ARTS                 ,NV,89106-4031,Proprietary  ,79,215,294,354,1094,1448
03232306,EUPHORIA INSTITUTE - SUMMERLIN          ,NV,89117-8803,Proprietary  ,29,59,88,150,294,444
03232307,EUPHORIA INSTITUTE - GREEN VALLEY       ,NV,89052-4964,Proprietary  ,13,48,61,157,291,448
03232308,EUPHORIA INSTITUTE - ALIANTE            ,NV,89131-1036,Proprietary  ,19,38,57,166,293,459
03787300,EXPERTISE SCHOOL OF BEAUTY              ,NV,89106-2516,Private      ,4,35,39,42,264,306
03838500,NORTHWEST HEALTH CAREERS                ,NV,89128-0000,Proprietary  ,18,64,82,79,278,357
03975300,INSTITUTE OF PROFESSIONAL CAREERS       ,NV,89119-7825,Proprietary  ,2,9,11,27,112,139
04065300,UNIVERSITY OF SOUTHERN NEVADA           ,NV,89014-2333,Private      ,10,38,48,186,1396,1582
04114300,NEVADA STATE COLLEGE                    ,NV,89002-9455,Public       ,42,109,151,882,1699,2581
04144800,INTERNATIONAL ACADEMY OF STYLE          ,NV,89509-3450,Proprietary  ,4,11,15,7,25,32
04147600,AVEDA INSTITUTE LAS VEGAS               ,NV,89119-6103,Proprietary  ,13,19,32,79,172,251
00257200,COLBY-SAWYER COLLEGE                    ,NH,03257-4648,Private      ,18,1,19,2539,87,2626
00257300,DARTMOUTH COLLEGE                       ,NH,03755-3529,Private      ,88,17,105,10596,1867,12463
00257500,FRANKLIN PIERCE UNIVERSITY              ,NH,03461-0060,Private      ,22,50,72,2641,1167,3808
00257900,NEW ENGLAND COLLEGE                     ,NH,03242-3293,Private      ,13,102,115,1373,1119,2492
00258000,SOUTHERN NEW HAMPSHIRE UNIVERSITY       ,NH,03106-1045,Private      ,58,436,494,4024,4687,8711
00258100,NHTI  - CONCORD'S COMMUNITY COLLEGE     ,NH,03301-7412,Public       ,76,89,165,2517,1784,4301
00258200,MANCHESTER COMMUNITY COLLEGE            ,NH,03102-8518,Public       ,32,68,100,1117,1329,2446
00258202,NEW HAMPSHIRE COMMUNITY TECHNICAL COLLEG,NH,03038-0000,Public       ,0,2,2,19,8,27
00258300,GREAT BAY COMMUNITY COLLEGE             ,NH,03885-0000,Public       ,23,43,66,779,900,1679
00258600,RIVIER COLLEGE                          ,NH,03060-5086,Private      ,6,47,53,1444,1002,2446
00258700,SAINT ANSELM COLLEGE                    ,NH,03102-1310,Private      ,22,2,24,3920,84,4004
00258900,UNIVERSITY OF NEW HAMPSHIRE             ,NH,03824-2511,Public       ,115,90,205,19174,3402,22576
00259000,KEENE STATE COLLEGE                     ,NH,03431-0000,Public       ,59,24,83,7256,632,7888
00259100,PLYMOUTH STATE UNIVERSITY               ,NH,03264-1595,Public       ,51,92,143,6055,1261,7316
00301004,ANTIOCH UNIVERSITY                      ,NH,03431-0000,Private      ,1,14,15,4,853,857
00472900,HESSER COLLEGE                          ,NH,03103-7230,Proprietary  ,61,160,221,916,1584,2500
00472901,HESSER COLLEGE - NASHUA CAMPUS          ,NH,03063-1286,Proprietary  ,21,79,100,236,785,1021
00472904,HESSER COLLEGE - PORTSMOUTH CAMPUS      ,NH,03801-3245,Proprietary  ,28,108,136,216,718,934
00472905,HESSER COLLEGE - SALEM CAMPUS           ,NH,03079-2842,Proprietary  ,26,94,120,328,829,1157
00472906,HESSER COLLEGE - CONCORD CAMPUS         ,NH,03301-3415,Proprietary  ,23,96,119,163,692,855
00473000,MCINTOSH COLLEGE INC                    ,NH,03820-3990,Proprietary  ,0,0,0,10,16,26
00473100,DANIEL WEBSTER COLLEGE                  ,NH,03063-1300,Proprietary  ,12,20,32,1071,260,1331
00473300,CHESTER COLLEGE OF NEW ENGLAND          ,NH,03036-4331,Private      ,2,1,3,266,39,305
00529100,WHITE MOUNTAINS COMMUNITY COLLEGE       ,NH,03570-3799,Public       ,8,42,50,371,683,1054
00702500,LEBANON COLLEGE                         ,NH,03766-0000,Private      ,0,6,6,37,83,120
00755500,LAKES REGION COMMUNITY COLLEGE          ,NH,03246-1326,Public       ,10,39,49,616,603,1219
00756000,RIVER VALLEY COMMUNITY COLLEGE          ,NH,03743-9707,Public       ,15,28,43,326,694,1020
00849300,CONTINENTAL ACADEMIE OF HAIR DESIGN     ,NH,03103-4901,Proprietary  ,1,0,1,25,18,43
00864500,EMPIRE BEAUTY SCHOOL                    ,NH,03220-0000,Proprietary  ,26,29,55,155,159,314
00923600,NASHUA COMMUNITY COLLEGE                ,NH,03063-2052,Public       ,26,46,72,891,955,1846
01318900,CONTINENTAL ACADEMIE OF HAIR DESIGN     ,NH,03051-3754,Proprietary  ,8,8,16,59,54,113
02097900,FRANKLIN PIERCE LAW CENTER              ,NH,03301-0000,Private      ,0,5,5,6,779,785
02140400,ST JOSEPH SCH OF PRAC NRSG              ,NH,03060-0000,Private      ,2,10,12,42,158,200
02174800,MICHAEL'S SCHOOL OF HAIR DESIGN & ESTHET,NH,03110-0000,Proprietary  ,7,9,16,96,74,170
02179600,EMPIRE BEAUTY SCHOOL                    ,NH,03878-0000,Proprietary  ,18,28,46,127,177,304
02211600,PORTSMOUTH BTY SCH OF HAIR DESIGN       ,NH,03801-4084,Proprietary  ,1,0,1,20,20,40
02223300,MAGDALEN COLLEGE                        ,NH,03278-4012,Private      ,1,0,1,54,5,59
02245400,KEENE BEAUTY ACADEMY                    ,NH,03431-0000,Proprietary  ,1,6,7,43,46,89
02247000,NEW ENGLAND SCHOOL OF HAIR DESIGN       ,NH,03784-0000,Proprietary  ,4,14,18,39,77,116
02300200,CONCORD ACADEMY OF HAIR DESIGN          ,NH,03301-0000,Proprietary  ,0,0,0,1,1,2
03043100,THOMAS MORE COLLEGE OF LIBERAL ARTS     ,NH,03054-4818,Private      ,1,0,1,86,7,93
03101300,GRANITE STATE COLLEGE                   ,NH,03301-6400,Public       ,11,109,120,287,1486,1773
03182300,NEW HAMPSHIRE INSTITUTE OF ART          ,NH,03104-4858,Private      ,4,0,4,593,113,706
03437300,UPPER VALLEY TEACHER TRANING PROGRAM    ,NH,03766-1358,Private      ,0,1,1,1,45,46
03729300,NH INSTITUTE FOR THERAPEUTIC ARTS       ,NH,03051-4906,Proprietary  ,0,2,2,19,59,78
00267000,BAPTIST BIBLE COLG OF PENNSYLVANIA      ,PA,18411-1297,Private      ,6,14,20,663,227,890
00322800,BRYN ATHYN COLLEGE OF THE NEW CHURCH    ,PA,19009-0717,Private      ,6,1,7,176,23,199
00322900,ALBRIGHT COLLEGE                        ,PA,19612-5234,Private      ,41,86,127,3629,1044,4673
00323000,ALLEGHENY COLLEGE                       ,PA,16335-3902,Private      ,22,3,25,3483,104,3587
00323100,COMM CLG OF ALLEGHENY-ALLEGHENY CMP     ,PA,15212-0000,Public       ,103,345,448,2783,5316,8099
00323101,"COMM CLG OF ALLEGHENY, BOYCE CAMPUS     ",PA,15146-0000,Public       ,39,157,196,1472,2477,3949
00323102,"COMM CLG OF ALLEGHENY, NORTH CAMPUS     ",PA,15237-0000,Public       ,35,142,177,1202,1610,2812
00323103,"COMM CLG OF ALLEGHENY, SOUTH CAMPUS     ",PA,15122-0000,Public       ,62,140,202,1831,2450,4281
00323300,ALVERNIA UNIVERSITY                     ,PA,19607-1799,Private      ,21,86,107,2045,1588,3633
00323500,ARCADIA UNIVERSITY                      ,PA,19038-3295,Private      ,43,64,107,4025,2079,6104
00323700,BRYN MAWR COLLEGE                       ,PA,19010-2899,Private      ,14,6,20,1726,520,2246
00323800,BUCKNELL UNIVERSITY                     ,PA,17837-2122,Private      ,21,4,25,5251,179,5430
00323900,BUCKS COUNTY COMMUNITY COLLEGE          ,PA,18940-1320,Public       ,102,186,288,3878,3930,7808
00324000,BUTLER COUNTY COMMUNITY COLLEGE         ,PA,16001-0000,Public       ,34,97,131,1916,2183,4099
00324100,CABRINI COLLEGE                         ,PA,19087-3698,Private      ,19,148,167,2251,1611,3862
00324200,CARNEGIE MELLON UNIVERSITY              ,PA,15213-3890,Private      ,58,23,81,10421,1490,11911
00324201,CARNEGIE MELLON UNIV- THE HEINZ COLLEGE ,PA,15213-0000,Private      ,6,13,19,287,578,865
00324202,CARNEGIE MELLON- TEPPER SCHOOL OF BUSINE,PA,15213-0000,Private      ,2,13,15,251,589,840
00324300,CEDAR CREST COLLEGE                     ,PA,18104-6196,Private      ,10,25,35,1361,1221,2582
00324400,CHATHAM UNIVERSITY                      ,PA,15232-2826,Private      ,4,47,51,773,1608,2381
00324500,CHESTNUT HILL COLLEGE                   ,PA,19118-2693,Private      ,26,67,93,1904,1778,3682
00324700,MISERICORDIA  UNIVERSITY                ,PA,18612-1008,Private      ,9,35,44,2046,1147,3193
00324900,COMMUNITY COLLEGE OF PHILADELPHIA       ,PA,19130-3991,Public       ,223,751,974,11051,18756,29807
00325100,CURTIS INSTITUTE OF MUSIC               ,PA,19103-6187,Private      ,5,1,6,223,102,325
00325200,DELAWARE VALLEY COLLEGE                 ,PA,18901-2697,Private      ,26,37,63,2311,462,2773
00325300,DICKINSON COLLEGE                       ,PA,17013-2896,Private      ,16,2,18,3220,176,3396
00325400,DICKINSON SCHOOL OF LAW                 ,PA,17013-2899,Private      ,0,0,0,4,35,39
00325600,DREXEL UNIVERSITY                       ,PA,19104-2875,Private      ,292,692,984,24719,15530,40249
00325800,DUQUESNE UNIVERSITY                     ,PA,15282-0001,Private      ,43,80,123,7958,4436,12394
00325900,EASTERN UNIVERSITY                      ,PA,19087-3696,Private      ,15,122,137,2222,2456,4678
00325908,EASTERN BAPTIST THEOLGCL SEMINARY       ,PA,19096-0000,Private      ,0,0,0,1,91,92
00326200,ELIZABETHTOWN COLLEGE                   ,PA,17022-2298,Private      ,10,30,40,3088,535,3623
00326300,EVANGELICAL SCHOOL OF THEOLOGY          ,PA,17067-0000,Private      ,1,0,1,2,104,106
00326500,FRANKLIN & MARSHALL COLLEGE             ,PA,17604-0000,Private      ,23,2,25,3127,116,3243
00326600,GANNON UNIVERSITY                       ,PA,16541-0001,Private      ,23,24,47,3532,1525,5057
00326700,GENEVA COLLEGE                          ,PA,15010-3599,Private      ,13,57,70,1799,1003,2802
00326800,GETTYSBURG COLLEGE                      ,PA,17325-1486,Private      ,19,8,27,4139,104,4243
00326900,GROVE CITY COLLEGE                      ,PA,16127-0000,Private      ,6,0,6,1900,45,1945
00327000,GWYNEDD-MERCY COLLEGE                   ,PA,19437-0901,Private      ,21,137,158,1832,1400,3232
00327200,HARCUM COLLEGE                          ,PA,19010-3476,Private      ,18,38,56,590,1164,1754
00327300,HARRISBURG AREA COMMUNITY COLLEGE       ,PA,17110-2999,Public       ,212,860,1072,8798,14740,23538
00327400,HAVERFORD COLLEGE                       ,PA,19041-1392,Private      ,14,1,15,2205,33,2238
00327500,HOLY FAMILY UNIVERSITY                  ,PA,19114-2094,Private      ,22,51,73,2061,1895,3956
00327600,IMMACULATA UNIVERSITY                   ,PA,19345-0647,Private      ,12,149,161,1463,1783,3246
00327700,INDIANA UNIVERSITY OF PENNSYLVANIA      ,PA,15705-1097,Public       ,160,134,294,13653,3986,17639
00327900,JUNIATA COLLEGE                         ,PA,16652-2196,Private      ,15,3,18,2228,93,2321
00328000,KEYSTONE COLLEGE                        ,PA,18440-0200,Private      ,20,38,58,1603,870,2473
00328200,KINGS COLLEGE                           ,PA,18711-0801,Private      ,21,27,48,2876,558,3434
00328300,LACKAWANNA COLLEGE                      ,PA,18509-9961,Private      ,38,67,105,1486,1047,2533
00328400,LAFAYETTE COLLEGE                       ,PA,18042-1768,Private      ,30,4,34,3826,89,3915
00328500,LANCASTER BIBLE COLLEGE                 ,PA,17601-5036,Private      ,3,30,33,581,419,1000
00328600,LANCASTER THEOLOGICAL SEMINARY          ,PA,17603-0000,Private      ,0,3,3,1,115,116
00328700,LASALLE UNIVERSITY                      ,PA,19141-1199,Private      ,65,116,181,5480,3511,8991
00328800,LEBANON VALLEY COLLEGE                  ,PA,17003-1400,Private      ,10,6,16,2339,241,2580
00328900,LEHIGH UNIVERSITY                       ,PA,18015-1588,Private      ,46,29,75,8264,845,9109
00329000,LINCOLN UNIVERSITY                      ,PA,19352-0999,Public       ,57,38,95,4194,1356,5550
00329100,LUTHERAN THEOLOG SEMINARY-GETTYSBRG     ,PA,17325-0000,Private      ,0,1,1,0,143,143
00329200,LUTHERAN THEOLOGICAL SEMINARY           ,PA,19119-0000,Private      ,0,6,6,0,210,210
00329300,LYCOMING COLLEGE                        ,PA,17701-5192,Private      ,9,1,10,2035,111,2146
00329400,MANOR COLLEGE                           ,PA,19046-3399,Private      ,13,19,32,535,596,1131
00329600,MARYWOOD UNIVERSITY                     ,PA,18509-1598,Private      ,18,38,56,2723,1662,4385
00329700,MERCYHURST COLLEGE                      ,PA,16546-0001,Private      ,35,106,141,4061,1910,5971
00329800,MESSIAH COLLEGE                         ,PA,17027-0800,Private      ,17,5,22,3480,195,3675
00330000,MOORE COLLEGE OF ART & DESIGN           ,PA,19103-1179,Private      ,9,19,28,769,282,1051
00330100,MORAVIAN COLLEGE                        ,PA,18018-6650,Private      ,11,8,19,2233,281,2514
00330101,MORAVIAN THEOLOGICAL SEMINARY           ,PA,18018-0000,Private      ,1,0,1,13,77,90
00330200,MOUNT ALOYSIUS COLLEGE                  ,PA,16630-1999,Private      ,9,19,28,1257,854,2111
00330300,CARLOW COLLEGE                          ,PA,15213-3165,Private      ,2,66,68,1230,1841,3071
00330400,MUHLENBERG COLLEGE                      ,PA,18104-5586,Private      ,16,19,35,3446,340,3786
00330600,VALLEY FORGE CHRISTIAN COLLEGE          ,PA,19460-2399,Private      ,10,5,15,915,264,1179
00330900,PEIRCE COLLEGE                          ,PA,19102-4699,Private      ,14,132,146,280,2413,2693
00331100,PENNSYLVANIA COLLEGE OF OPTOMETRY       ,PA,19027-1598,Private      ,0,5,5,6,921,927
00331300,WIDENER UNIVERSITY                      ,PA,19013-5792,Private      ,36,57,93,4317,2234,6551
00331302,WIDENER UNIV SCH OF LAW- HARRISBURG     ,PA,17106-9381,Private      ,0,6,6,7,857,864
00331500,BLOOMSBURG UNIVERSITY OF PA             ,PA,17815-1301,Public       ,126,45,171,11393,1999,13392
00331600,CALIFORNIA UNIV OF PENNSYLVANIA         ,PA,15419-1394,Public       ,57,169,226,6901,4374,11275
00331700,CHEYNEY UNIVERSITY OF PENNSYLVANIA      ,PA,19319-0200,Public       ,35,31,66,2237,998,3235
00331800,CLARION UNIVERSITY OF PENNSYLVANIA      ,PA,16214-1232,Public       ,35,74,109,5615,2399,8014
00332000,EAST STROUDSBURG UNIVERSITY             ,PA,18301-2999,Public       ,72,46,118,8015,1771,9786
00332100,EDINBORO UNIVERSITY OF PENNSYLVANIA     ,PA,16444-0001,Public       ,65,124,189,6268,3694,9962
00332200,KUTZTOWN UNIVERSITY OF PENNSYLVANIA     ,PA,19530-9339,Public       ,97,57,154,10777,2213,12990
00332300,LOCK HAVEN UNIV OF PENNSYLVANIA         ,PA,17745-2439,Public       ,62,48,110,5517,1363,6880
00332400,MANSFIELD UNIVERSITY                    ,PA,16933-1123,Public       ,36,41,77,3151,1267,4418
00332500,MILLERSVILLE UNIVERSITY OF PA           ,PA,17551-1800,Public       ,66,64,130,8564,2230,10794
00332600,SHIPPENSBURG UNIVERSITY                 ,PA,17257-2299,Public       ,59,58,117,8169,1744,9913
00332700,SLIPPERY ROCK UNIVERSITY                ,PA,16057-1326,Public       ,52,69,121,8566,2298,10864
00332800,WEST CHESTER UNIVERSITY                 ,PA,19383-0001,Public       ,155,89,244,14767,3843,18610
00332900,PENN STATE UNIVERSITY                   ,PA,16802-1503,Public       ,1138,808,1946,71828,23445,95273
00332901,PENN STATE UNIV-HERSHEY MEDCL CTR       ,PA,17033-0000,Public       ,0,0,0,2,10,12
00335000,UNIVERSITY OF THE ARTS (THE)            ,PA,19102-9493,Private      ,21,14,35,3337,681,4018
00335100,PHILADELPHIA BIBLICAL UNIVERSITY        ,PA,19047-2942,Private      ,12,19,31,935,587,1522
00335200,PHILADELPHIA CLG OSTEOPATHIC MED        ,PA,19131-0000,Private      ,0,22,22,16,2765,2781
00335300,UNIVERSITY OF THE SCIENCES IN PHILADELPH,PA,19104-4495,Private      ,32,16,48,3477,971,4448
00335400,PHILADELPHIA UNIVERSITY                 ,PA,19144-5497,Private      ,32,32,64,4094,1277,5371
00335600,PITTSBURGH THEOLOGICAL SEMINARY         ,PA,15206-0000,Private      ,0,4,4,3,220,223
00335700,POINT PARK UNIVERSITY                   ,PA,15222-1912,Private      ,25,69,94,3271,2442,5713
00335800,REFORMED PRESBYTERIAN THEOL SEMINAR     ,PA,15208-0000,Private      ,0,0,0,0,28,28
00335900,ROBERT MORRIS UNIVERSITY                ,PA,15108-1189,Private      ,37,81,118,4172,2238,6410
00336000,ROSEMONT COLLEGE                        ,PA,19010-1699,Private      ,10,23,33,730,593,1323
00336200,SETON HILL UNIVERSITY                   ,PA,15601-1599,Private      ,10,36,46,1877,995,2872
00336400,ST. CHARLES BORROMEO SEMINARY           ,PA,19096-0000,Private      ,2,2,4,33,54,87
00336600,SAINT FRANCIS UNIVERSITY                ,PA,15940-0600,Private      ,12,33,45,2029,660,2689
00336700,SAINT JOSEPH'S UNIVERSITY               ,PA,19131-1395,Private      ,75,212,287,6226,2815,9041
00336800,ST VINCENT COLLEGE                      ,PA,15650-2690,Private      ,12,13,25,2164,356,2520
00336900,SUSQUEHANNA UNIVERSITY                  ,PA,17870-1001,Private      ,23,2,25,3063,106,3169
00337000,SWARTHMORE COLLEGE                      ,PA,19081-1397,Private      ,23,4,27,3548,70,3618
00337100,TEMPLE UNIV - MAIN CAMPUS               ,PA,19122-6003,Private      ,311,214,525,28426,8593,37019
00337101,TEMPLE UNIV - SCHOOL OF LAW             ,PA,19122-0000,Private      ,2,19,21,52,2761,2813
00337102,TEMPLE UNIV - SCHOOL OF MEDICINE        ,PA,19140-0000,Private      ,6,9,15,152,1442,1594
00337103,TEMPLE UNIV - SCHOOL OF DENTISTRY       ,PA,19140-0000,Private      ,0,2,2,24,605,629
00337104,TEMPLE UNIV - AMBLER CAMPUS             ,PA,19002-0000,Private      ,19,18,37,793,645,1438
00337105,TEMPLE UNIV - SCH OF ALLIED HEALTH      ,PA,19140-0000,Private      ,5,12,17,388,484,872
00337106,TEMPLE UNIV - SCHOOL OF PHARMACY        ,PA,19140-0000,Private      ,3,11,14,196,724,920
00337107,TEMPLE UNIV - TYLER SCHOOL OF ART       ,PA,19122-0000,Private      ,24,11,35,745,394,1139
00337108,TEMPLE UNIV - GRAD DIV HEALTH SCI       ,PA,19140-0000,Private      ,4,18,22,75,606,681
00337109,TEMPLE UNIV - GRADUATE DIVISION         ,PA,19122-0000,Private      ,8,104,112,177,3415,3592
00337111,TEMPLE UNIV-SCH OF PODIATRIC MED        ,PA,19107-0000,Private      ,0,3,3,8,409,417
00337600,THIEL COLLEGE                           ,PA,16125-2181,Private      ,14,6,20,1393,192,1585
00337800,UNIVERSITY OF PENNSYLVANIA              ,PA,19104-6216,Private      ,162,208,370,16569,13303,29872
00337900,UNIVERSITY OF PITTSBURGH                ,PA,15260-0000,Public       ,193,286,479,27465,11275,38740
00337906,UNIVERSITY OF PITTSBURGH - SCHOOL OF MED,PA,15261-0001,Public       ,4,5,9,75,1011,1086
00337907,UNIVERSITY OF PITTSBURGH - SCHOOL OF DEN,PA,15261-2523,Public       ,1,6,7,46,389,435
00338400,UNIVERSITY OF SCRANTON                  ,PA,18510-4622,Private      ,51,140,191,7106,1851,8957
00338500,URSINUS COLLEGE                         ,PA,19426-2562,Private      ,16,1,17,3687,129,3816
00338600,VALLEY FORGE MILITARY COLLEGE           ,PA,19087-3695,Private      ,10,1,11,375,37,412
00338800,VILLANOVA UNIVERSITY                    ,PA,19085-1699,Private      ,69,172,241,10986,2660,13646
00338801,VILLANOVA UNIV SCH OF LAW               ,PA,19085-0000,Private      ,2,9,11,26,1804,1830
00338900,WASHINGTON & JEFFERSON COLLEGE          ,PA,15301-4801,Private      ,13,1,14,2774,55,2829
00339100,WAYNESBURG UNIVERSITY                   ,PA,15370-1222,Private      ,20,79,99,2015,1080,3095
00339200,WESTMINSTER COLLEGE                     ,PA,16172-0002,Private      ,15,6,21,2527,154,2681
00339300,WESTMINSTER THEOLOGICAL SEMINARY        ,PA,19038-0000,Private      ,0,4,4,2,261,263
00339400,WILKES UNIVERSITY                       ,PA,18766-0998,Private      ,27,47,74,3137,1151,4288
00339500,PENNSYLVANIA COLLEGE OF TECHNOLOGY      ,PA,17701-5779,Public       ,35,53,88,5587,2610,8197
00339600,WILSON COLLEGE                          ,PA,17201-1285,Private      ,5,28,33,463,525,988
00339900,YORK COLLEGE OF PENNSYLVANIA            ,PA,17405-7199,Private      ,66,40,106,7403,1295,8698
00398600,DESALES UNIVERSITY                      ,PA,18034-9568,Private      ,15,74,89,2264,1282,3546
00398700,LA ROCHE COLLEGE                        ,PA,15237-5898,Private      ,11,18,29,989,506,1495
00398800,NEUMANN UNIVERSITY                      ,PA,19014-1298,Private      ,23,47,70,2894,1145,4039
00405800,GRATZ COLLEGE                           ,PA,19027-3097,Private      ,0,16,16,2,144,146
00445200,MONTGOMERY COUNTY COMMUNITY COLLEGE     ,PA,19422-6300,Public       ,127,327,454,4353,5283,9636
00488700,BRANDYWINE SCHOOL OF NURSING            ,PA,19320-1536,Proprietary  ,0,3,3,23,59,82
00488900,CAMBRIA-ROWE BUSINESS COLLEGE           ,PA,15902-2494,Proprietary  ,7,35,42,175,348,523
00489000,CENTRAL PENNSYLVANIA COLLEGE            ,PA,17093-0309,Proprietary  ,26,73,99,1145,1098,2243
00489300,DU BOIS BUSINESS COLLEGE                ,PA,15801-2401,Proprietary  ,6,24,30,226,422,648
00489400,ERIE BUSINESS CENTER                    ,PA,16501-1305,Proprietary  ,4,25,29,84,525,609
00489401,ERIE BUSINESS CENTER SOUTH              ,PA,16101-0000,Proprietary  ,2,10,12,30,123,153
00489800,MCCANN SCHOOL OF BUSINESS & TECHNOL     ,PA,17901-1335,Proprietary  ,114,517,631,1197,3236,4433
00489807,MCCANN SCHOOL OF BUSINESS & TECHNOLOGY -,PA,17013-3180,Proprietary  ,0,0,0,0,3,3
00489900,MERCY HOSP SCH OF NURSING               ,PA,15219-5166,Private      ,0,2,2,88,138,226
00490100,NEWPORT BUSINESS INSTITUTE              ,PA,15068-3929,Proprietary  ,3,11,14,43,99,142
00490200,PENN COMMERCIAL BUSINESS/TECHNICAL SCHL ,PA,15301-2871,Proprietary  ,20,77,97,277,596,873
00491000,KAPLAN CAREER INSTITUTE                 ,PA,17111-3571,Proprietary  ,36,170,206,358,1048,1406
00491001,THOMPSON INSTITUTE-PHILADEPHIA CAMPUS   ,PA,19104-3386,Proprietary  ,38,169,207,413,1515,1928
00491400,NEWPORT BUSINESS INSTITUTE              ,PA,17701-5855,Proprietary  ,1,14,15,24,209,233
00500701,WEST VIRGINIA CAREER INSTITUTE          ,PA,15456-0000,Proprietary  ,6,25,31,86,197,283
00531000,PITTSBURGH INST OF AERONAUTICS          ,PA,15236-0000,Private      ,7,14,21,268,179,447
00533000,FAYETTE CNTY AREA VOC TECH PRC NRSG     ,PA,15401-0000,Public       ,2,13,15,34,121,155
00533500,CENTRAL PENN INST OF SCI & TECH PNP     ,PA,16823-0000,Public       ,3,6,9,82,180,262
00536500,YORK CO AREA VOC-TECH SCH-PRAC NSG      ,PA,17402-0000,Public       ,4,18,22,32,221,253
00594200,UPMC PRESBYTERIAN SCH OF RADIOLOGIC     ,PA,15213-2582,Private      ,0,0,0,15,15,30
00594600,SCHOOL OF RADIOLOGIC TECHNOLOGY AT ST. C,PA,19134-1995,Proprietary  ,1,2,3,18,54,72
00653400,CITIZENS SCHOOL OF NURSING              ,PA,15068-6591,Private      ,1,2,3,102,137,239
00653700,CONEMAUGH VLY MEM HOSP SCH NRSNG        ,PA,15905-4398,Private      ,0,0,0,86,108,194
00653702,CONEMAUGH HOSP- SCH HISTOTECHNOLOGY     ,PA,15905-0000,Private      ,0,0,0,3,12,15
00653704,CONEMAUGH VLY MEM HOSP SCH RAD TECH     ,PA,15905-0000,Private      ,0,1,1,38,14,52
00653706,CONEMAUGH VLY MEM HOSP SCH  MED TECH    ,PA,15905-4398,Private      ,0,0,0,4,8,12
00653900,EPISCOPAL HOSPITAL SCHL OF NURSING      ,PA,19125-1000,Private      ,1,2,3,16,67,83
00655100,ST MARGARET SCHL OF NURSING             ,PA,15238-3205,Private      ,4,11,15,67,186,253
00656000,OHIO VALLEY HOSP SCH OF NURSING         ,PA,15136-1694,Private      ,0,1,1,41,56,97
00656500,READING HOSPITAL SCHOOL OF HEALTH SCIENC,PA,19611-1744,Private      ,0,7,7,219,347,566
00657400,"ST LUKE'S HOSPITAL OF BETHLEHEM, PA     ",PA,18015-1065,Private      ,1,11,12,60,164,224
00657600,SEWICKLEY VALLEY HOSP SCH NRSNG         ,PA,15143-1498,Private      ,0,1,1,46,72,118
00657700,UPMC SHADYSIDE SCHOOL OF NURSING        ,PA,15232-1381,Private      ,7,39,46,160,419,579
00657800,SHARON REGIONAL SCHOOL OF NURSING       ,PA,16146-3395,Private      ,0,0,0,10,56,66
00658200,WASHINGTON HOSP SCH OF NURSING          ,PA,15301-3398,Private      ,0,0,0,53,139,192
00658202,WASHINGTON HOSP SCH OF RAD TECH         ,PA,15301-3398,Private      ,1,0,1,21,16,37
00658300,WESTERN PENN HOSP-SCH OF NURSING        ,PA,15224-1790,Private      ,1,1,2,128,138,266
00680700,COMMUNITY COLLEGE OF BEAVER COUNTY      ,PA,15061-2588,Public       ,26,81,107,1332,1585,2917
00681000,LEHIGH CARBON COMMUNITY COLLEGE         ,PA,18078-2598,Public       ,51,231,282,3140,3919,7059
00681100,LUZERNE COUNTY COMMUNITY COLLEGE        ,PA,18634-3899,Public       ,106,208,314,3530,3819,7349
00708700,ABINGTON MEM HOSP SCHL OF NURSING       ,PA,19090-1284,Private      ,1,7,8,90,326,416
00709100,EVEREST INSTITUTE                       ,PA,15222-1320,Proprietary  ,42,172,214,286,1234,1520
00711000,DELAWARE COUNTY COMMUNITY COLLEGE       ,PA,19063-1094,Public       ,114,296,410,4782,6161,10943
00719100,NORTHAMPTON COMMUNITY COLLEGE           ,PA,18020-7599,Public       ,150,322,472,5585,5829,11414
00739802,KATHERINE GIBBS-PHILADELPHIA            ,PA,19403-2422,Proprietary  ,0,0,0,14,34,48
00743000,ANTONELLI INST OF ART & PHOTOGRAPHY     ,PA,19038-8242,Proprietary  ,0,0,0,247,23,270
00743600,KAPLAN CAREER INSTITUTE - ICM CAMPUS    ,PA,15222-1977,Proprietary  ,50,216,266,605,1506,2111
00743700,PITTSBURGH TECHNICAL INSTITUTE          ,PA,15071-3205,Proprietary  ,37,75,112,2444,1143,3587
00746900,"HUSSIAN SCHOOL OF ART, INC.             ",PA,19106-0000,Proprietary  ,1,0,1,125,31,156
00747000,"ART INSTITUTE OF PITTSBURGH, THE        ",PA,15219-1328,Proprietary  ,1004,6302,7306,7629,32642,40271
00752900,CTR ART TCH BRDYWN CMPS PRC NRS PRG     ,PA,19320-2459,Public       ,0,4,4,30,151,181
00775900,LINCOLN TECHNICAL INSTITUTE             ,PA,18104-3298,Proprietary  ,57,138,195,472,948,1420
00777900,LANSDALE SCHOOL OF BUSINESS             ,PA,19454-0000,Proprietary  ,10,66,76,138,605,743
00778000,NEW CASTLE SCHOOL OF TRADES             ,PA,16143-9721,Proprietary  ,37,133,170,295,921,1216
00778100,CHI INSTITUTE/RETS CAMPUS               ,PA,19008-3516,Proprietary  ,42,140,182,293,918,1211
00783200,LINCOLN TECH INSTITUTE                  ,PA,19136-1595,Proprietary  ,43,63,106,485,663,1148
00783900,TRIANGLE TECH                           ,PA,15214-3897,Proprietary  ,12,44,56,241,353,594
00791200,THADDEUS STEVENS CLG OF TECHNOLOGY      ,PA,17602-0000,Public       ,12,11,23,1061,437,1498
00791600,FRANKLIN CNTY CAREER & TECH CTR-PNP     ,PA,17201-0000,Public       ,0,4,4,22,64,86
00820000,JAMESON MEMORIAL HOSP SCH NURSING       ,PA,16105-2595,Private      ,0,2,2,28,87,115
00826301,AWARD BEAUTY SCHOOL - CHAMBERSBURG BEAUT,PA,17201-2435,Proprietary  ,0,1,1,3,10,13
00835000,ART INSTITUTE OF PHILADELPHIA           ,PA,19103-5198,Proprietary  ,144,217,361,4208,2791,6999
00844100,ANTHEM INSTITUTE                        ,PA,19064-1243,Proprietary  ,81,190,271,407,1118,1525
00856800,VET TECH INSTITUTE                      ,PA,15222-3400,Proprietary  ,1,3,4,313,150,463
00865300,JEFFERSON CO DUBOIS VOC TECH-PR NSG     ,PA,15851-0000,Public       ,0,1,1,31,67,98
00888900,LEHIGH VALLEY COLLEGE                   ,PA,18034-8447,Proprietary  ,0,0,0,32,45,77
00895500,PRUONTOS HAIR DESIGN INSTITUTE          ,PA,16602-0000,Proprietary  ,1,6,7,25,33,58
00915705,WYOMING TECHNICAL INSTITUTE - BLAIRSVILL,PA,15717-8060,Proprietary  ,180,174,354,1887,934,2821
00918600,DEAN INSTITUTE OF TECHNOLOGY            ,PA,15226-1197,Proprietary  ,8,40,48,57,198,255
00944900,PENNCO TECH                             ,PA,19007-0000,Proprietary  ,59,168,227,433,878,1311
00966400,EMPIRE BEAUTY SCHOOL                    ,PA,18052-5730,Proprietary  ,18,50,68,212,349,561
00966500,EMPIRE BEAUTY SCHOOL                    ,PA,17109-2210,Proprietary  ,16,36,52,100,300,400
00966600,EMPIRE BEAUTY SCHOOL                    ,PA,19605-2803,Proprietary  ,18,56,74,114,349,463
00972100,BRADFORD SCHOOL                         ,PA,15219-2602,Proprietary  ,2,3,5,635,141,776
00972300,ARIA HEALTH SCHOOL OF NURSING           ,PA,19124-2696,Private      ,2,2,4,205,303,508
00978300,GORDON PHILLIPS SCH OF BEAUTY CULT      ,PA,19135-0000,Proprietary  ,41,95,136,270,536,806
00986300,LANCASTER GENERAL COLLEGE OF NURSING AND,PA,17602-4955,Private      ,8,22,30,411,687,1098
01000600,GREATER JOHNSTOWN AREA VOC TECH SCH     ,PA,15904-0000,Public       ,2,39,41,81,334,415
01005500,CRAWFORD CNTY AREA VO-TECH PRAC NUR     ,PA,16335-0000,Public       ,0,1,1,7,47,54
01017600,WESTMORELAND COUNTY COMMUNITY CLG       ,PA,15697-1895,Public       ,86,261,347,2879,3945,6824
01038800,READING AREA COMMUNITY COLLEGE          ,PA,19603-1706,Public       ,79,310,389,2273,4354,6627
01054100,EMPIRE BEAUTY SCHOOL                    ,PA,15146-2229,Proprietary  ,12,51,63,178,389,567
01054200,EMPIRE BEAUTY SCHOOL                    ,PA,18701-0000,Proprietary  ,17,51,68,179,317,496
01054300,EMPIRE BEAUTY SCHOOL                    ,PA,17701-3914,Proprietary  ,13,39,52,119,234,353
01081400,PITTSBURGH INST MORTUARY SCIENCE        ,PA,15206-3706,Private      ,3,12,15,92,228,320
01086000,GREATER ALTOONA CAREER/TECH CENTER      ,PA,16602-0000,Public       ,1,11,12,58,269,327
01096300,GREENE COUNTY VOC-TECH SCHOOL           ,PA,15370-0000,Public       ,0,0,0,8,41,49
01097000,EMPIRE BEAUTY SCHOOL                    ,PA,17042-5209,Proprietary  ,3,10,13,33,90,123
01099800,PENNSYLVANIA INSTITUTE OF TECH          ,PA,19063-4098,Private      ,37,87,124,673,1179,1852
01102000,EMPIRE BEAUTY SCHOOL                    ,PA,17604-4335,Proprietary  ,19,43,62,135,280,415
01102100,EMPIRE BEAUTY SCHOOL                    ,PA,17402-2862,Proprietary  ,26,67,93,203,579,782
01162100,AUTOMOTIVE TRAINING CENTER              ,PA,19341-1310,Proprietary  ,48,42,90,607,284,891
01162200,WELDER TRAINING & TESTING INST          ,PA,18109-3253,Proprietary  ,5,18,23,50,116,166
01163800,EMPIRE BEAUTY SCHOOL                    ,PA,17876-0000,Proprietary  ,4,12,16,39,79,118
01171500,SCHUYLKILL HEALTH SCHOOL OF NURSING     ,PA,17901-3692,Private      ,0,0,0,56,46,102
01191900,BEAVER FALLS BEAUTY ACADEMY             ,PA,15010-4208,Proprietary  ,5,8,13,25,62,87
01205000,ROSEDALE TECHNICAL INSTITUTE            ,PA,15205-9791,Private      ,16,39,55,228,279,507
01239300,THOMAS JEFF UNIV-CLG ALLIED HEALTH      ,PA,19107-0000,Private      ,3,18,21,309,1077,1386
01239301,JEFFERSON MED CLG-T. JEFFERSON UNIV     ,PA,19107-5587,Private      ,2,7,9,170,1529,1699
01239303,THOMAS JEFFERSON UNIV-GRADUATE COLG     ,PA,19107-0000,Private      ,2,12,14,192,1102,1294
01246104,LINCOLN TECHNICAL INSTITUTE             ,PA,19104-0202,Proprietary  ,96,261,357,570,1313,1883
01246105,LINCOLN TECHNICAL INSTITUTE             ,PA,19116-4202,Proprietary  ,37,96,133,313,625,938
01252300,TALMUDICAL YESHIVA OF PHILA             ,PA,19131-1296,Private      ,3,0,3,36,0,36
01260500,EMPIRE BEAUTY SCHOOL                    ,PA,17331-2405,Proprietary  ,6,25,31,57,122,179
01260600,EMPIRE BEAUTY SCHOOL                    ,PA,17901-2505,Proprietary  ,13,73,86,152,498,650
01260700,EMPIRE BEAUTY SCHOOL                    ,PA,16801-5218,Proprietary  ,1,8,9,16,26,42
01292900,SOUTH HILLS BEAUTY ACADEMY              ,PA,15216-2335,Proprietary  ,2,20,22,34,76,110
01301500,GORDON PHILLIPS SCH BEAUTY CULTURE      ,PA,19102-2701,Proprietary  ,42,129,171,314,715,1029
01313400,YESHIVATH BETH MOSHE                    ,PA,18505-2196,Private      ,0,0,0,51,1,52
01321400,ROXBOROUGH MEM HOSP SCH OF NURSING      ,PA,19128-0000,Proprietary  ,0,2,2,70,176,246
01326300,SOUTH HILLS SCHOOL OF BUSINESS & TECHNOL,PA,16801-4516,Proprietary  ,0,8,8,466,539,1005
01326304,SOUTH HILLS SCHOOL OF BUSINESS & TECHNOL,PA,16602-1188,Proprietary  ,0,0,0,46,39,85
02061000,VENUS BEAUTY ACADEMY                    ,PA,19079-0000,Proprietary  ,9,9,18,64,69,133
02068300,DOUGLAS SCHOOL OF BUSINESS              ,PA,15062-0000,Proprietary  ,12,24,36,297,269,566
02090200,TRIANGLE TECH                           ,PA,16502-0000,Proprietary  ,18,25,43,129,236,365
02092500,LAUREL TECHNICAL INSTITUTE              ,PA,16146-0000,Proprietary  ,13,59,72,106,401,507
02092502,BUSINESS INSTITUTE OF PENNSYLVANIA      ,PA,16335-0000,Proprietary  ,0,2,2,4,25,29
02107300,PENNSYLVANIA ACADEMY OF FINE ARTS       ,PA,19102-1424,Private      ,2,4,6,224,264,488
02112200,GREAT LAKES INSTITUTE OF TECHNOLOGY     ,PA,16509-0000,Proprietary  ,25,98,123,301,706,1007
02114200,JOHNSON COLLEGE                         ,PA,18508-0000,Private      ,6,0,6,458,243,701
02116001,SANFORD-BROWN INSTITUTE - TREVOSE       ,PA,19053-4700,Proprietary  ,54,190,244,469,1558,2027
02118000,LEVITTOWN BEAUTY ACADEMY LLC            ,PA,19054-1713,Proprietary  ,6,4,10,38,45,83
02119300,PA ACAD OF COSMETOLOGY ARTS & SCI       ,PA,15904-0000,Proprietary  ,7,20,27,77,116,193
02119301,PA ACAD OF COSMTLGY ARTS & SCI          ,PA,15801-0000,Proprietary  ,0,0,0,6,1,7
02120800,"YORKTOWNE BUSINESS INSTITUTE, INC.      ",PA,17404-0000,Proprietary  ,7,35,42,132,330,462
02127400,YORK TECHNICAL INSTITUTE                ,PA,17402-0000,Proprietary  ,107,275,382,1374,2113,3487
02129000,TRIANGLE TECH                           ,PA,15601-0000,Proprietary  ,32,42,74,313,372,685
02129001,TRIANGLE TECH - BUSINESS CAREERS INSTITU,PA,15601-3304,Proprietary  ,0,0,0,4,12,16
02144000,"VISION ACADEMY, THE                     ",PA,18103-0000,Proprietary  ,8,23,31,51,104,155
02149000,EMPIRE BEAUTY SCHOOL                    ,PA,19341-2804,Proprietary  ,10,19,29,82,142,224
02151500,CENTRAL SUSQUEHANNA LPN CENTER          ,PA,17837-8818,Public       ,0,1,1,30,157,187
02152105,ACADEMY OF COURT REPORTING AND TECHNOLOG,PA,15222-1710,Proprietary  ,4,12,16,51,270,321
02153500,OAKBRIDGE ACADEMY OF ARTS               ,PA,15068-0000,Proprietary  ,1,1,2,67,23,90
02158300,JUNIATA-MIFFLIN CO AREA VOC TECH        ,PA,17044-0000,Public       ,3,8,11,23,66,89
02161400,NORTHEASTERN HOSP SCH OF NRSG           ,PA,19134-0000,Private      ,1,1,2,47,136,183
02169600,CLEARFIELD CTY CAREER AND TECH CNTR     ,PA,16830-0000,Public       ,0,4,4,35,153,188
02174400,TRIANGLE TECH                           ,PA,15801-0000,Proprietary  ,22,40,62,345,468,813
02178900,ACADEMY OF HAIR DESIGN                  ,PA,18202-1465,Proprietary  ,1,6,7,21,34,55
02183000,ORLEANS TECHNICAL INSTITUTE             ,PA,19111-0000,Private      ,37,119,156,227,804,1031
02192800,WALNUT HILL COLLEGE                     ,PA,19104-0000,Proprietary  ,12,30,42,465,304,769
02202300,SANFORD-BROWN INSTITUTE                 ,PA,15219-1907,Proprietary  ,25,142,167,410,1260,1670
02202301,SANFORD-BROWN INSTITUTE                 ,PA,15146-2141,Proprietary  ,20,111,131,202,781,983
02203900,ERIE INSTITUTE OF TECHNOLOGY            ,PA,16565-1002,Proprietary  ,6,44,50,122,376,498
02206200,AMBLER BEAUTY ACADEMY                   ,PA,19002-0000,Proprietary  ,18,24,42,82,136,218
02206300,STROUDSBURG SCHOOL OF COSMETOLOGY       ,PA,18360-0000,Proprietary  ,3,3,6,22,27,49
02212700,LANCASTER SCHOOL OF COSMETOLOGY         ,PA,17602-0000,Proprietary  ,3,43,46,55,198,253
02234200,ACADEMY OF MEDICAL ARTS & BUSINESS      ,PA,17112-0000,Proprietary  ,22,55,77,159,377,536
02251200,SCHUYLKILL COUNTY AREA VOC TECH SCH     ,PA,17931-0000,Public       ,5,19,24,34,113,147
02251202,SCHUYLKILL COUNTY AREA VOC TECH SCH     ,PA,17931-0000,Public       ,2,6,8,15,75,90
02253900,BERKS TECHNICAL INSTITUTE               ,PA,19610-0000,Proprietary  ,37,111,148,579,951,1530
02255200,PENNSYLVANIA SCHOOL OF BUSINESS         ,PA,18101-1604,Proprietary  ,35,102,137,210,800,1010
02269900,PENNSYLVANIA COLLEGE OF ART & DESIGN    ,PA,17603-3528,Private      ,4,2,6,398,62,460
02270500,BUCKS COUNTY SCHOOL OF BEAUTY CULT      ,PA,19053-0000,Proprietary  ,5,6,11,50,46,96
02273400,RECONSTRUCTIONIST RABBINICAL COLLEG     ,PA,19095-0000,Private      ,0,2,2,0,30,30
02276600,HANOVER PUBLIC SCH DIST PRAC NURSG      ,PA,17331-0000,Public       ,0,1,1,10,54,64
02282500,LENAPE SCHOOL OF PRACTICAL NURSING      ,PA,16226-0000,Public       ,1,15,16,37,194,231
02288800,EMPIRE BEAUTY SCHOOL                    ,PA,18974-4508,Proprietary  ,3,11,14,60,116,176
02289500,PACE INSTITUTE                          ,PA,19601-0000,Proprietary  ,9,44,53,103,359,462
02289600,CONSOLIDATED SCHOOL OF BUSINESS         ,PA,17404-0000,Proprietary  ,1,29,30,36,234,270
02289700,ACADEMY OF CREATIVE HAIR DESIGN         ,PA,18702-0000,Proprietary  ,10,27,37,57,131,188
02289800,CHI INSTITUTE - FRANKLIN MILLS          ,PA,19154-0000,Proprietary  ,64,176,240,540,1437,1977
02290400,"ALTOONA BEAUTY SCHOOL, INC              ",PA,16602-0000,Proprietary  ,6,13,19,33,79,112
02292700,LANSDALE SCHOOL OF COSMETOLOGY          ,PA,19446-0000,Proprietary  ,8,4,12,38,41,79
02299300,TRINITY EPISCOPAL SCHOOL MINISTRY       ,PA,15003-0000,Private      ,0,1,1,1,84,85
02301300,PJA SCHOOL (THE)                        ,PA,19082-1917,Proprietary  ,26,131,157,111,569,680
02304400,YTI CAREER INSTITUTE - MECHANICSBURG    ,PA,17055-0000,Proprietary  ,13,49,62,160,362,522
02306200,VENANGO COUNTY AREA VOC TECH SCHOOL     ,PA,16301-0000,Public       ,0,1,1,22,64,86
02310800,LANCASTER COUNTY CAREER & TECH CTR      ,PA,17584-0000,Public       ,7,46,53,185,730,915
02330300,LEBANON CO CAREER & TECHNOLOGY CTR      ,PA,17042-0000,Public       ,3,3,6,28,143,171
02330600,PENNSYLVANIA GUNSMITH SCHOOL            ,PA,15202-0000,Proprietary  ,3,7,10,37,75,112
02350100,WESTERN AREA CAREER & TECHNOLOGY CT     ,PA,15317-0000,Public       ,1,3,4,19,81,100
02350200,INDIANA COUNTY TECH CTR SCH PR NSG      ,PA,15701-1465,Public       ,3,7,10,38,112,150
02353100,NORTHERN TIER CAREER CENTER             ,PA,18848-0000,Public       ,0,0,0,18,55,73
02361002,ITT TECHNICAL INSTITUTE                 ,PA,19406-0000,Proprietary  ,52,129,181,414,718,1132
02362300,MERCER COUNTY AREA VOC TECH SCHOOL      ,PA,16137-0000,Public       ,0,2,2,17,92,109
02492500,DELAWARE VLY ACAD MED DNTL ASSTS        ,PA,19114-0000,Proprietary  ,3,12,15,53,140,193
02492600,EASTERN CTR ARTS AND TECH PR NSG        ,PA,19090-0000,Public       ,2,13,15,22,173,195
02495500,ALL-STATE CAREER SCHOOL                 ,PA,19029-0000,Proprietary  ,67,239,306,324,1209,1533
02529800,WILKES BARRE AREA CAREER AND TECHNICAL C,PA,18705-0000,Public       ,7,24,31,63,233,296
02536600,COMMONWEALTH TECH INSTIT @ HIRAM G      ,PA,15905-0000,Public       ,20,11,31,269,127,396
02539900,STAR TECHNICAL INSTITUTE                ,PA,19082-0000,Proprietary  ,0,0,0,0,3,3
02544300,BUTLER BEAUTY SCHOOL                    ,PA,16001-0000,Proprietary  ,4,26,30,66,146,212
02545000,LAWRENCE COUNTY CAREER AND TECHNICAL CEN,PA,16101-0000,Public       ,1,3,4,21,87,108
02546200,LAUREL BUSINESS INSTITUTE               ,PA,15401-0877,Proprietary  ,15,36,51,207,318,525
02550000,CLARION CO AREA VOC-TECH PRAC NRSG      ,PA,16254-0000,Public       ,0,2,2,24,94,118
02554500,HAZLETON AREA CAREER CENTER PRACTICAL NU,PA,18201-0000,Public       ,0,0,0,19,44,63
02557800,ART INSTITUTE OF YORK (THE) - PENNSYLVAN,PA,17402-9012,Proprietary  ,28,31,59,773,315,1088
02566400,ALBERT EINSTEIN MED CTR DEPT DNTL       ,PA,19141-3098,Private      ,1,1,2,11,19,30
02574800,PENNSYLVANIA INSTITUTE OF TAXIDERMY     ,PA,15931-0000,Proprietary  ,1,9,10,12,43,55
02609500,CAREER TRAINING ACADEMY                 ,PA,15068-6308,Proprietary  ,5,40,45,81,279,360
02609501,CAREER TRAINING ACADEMY                 ,PA,15146-0000,Proprietary  ,0,1,1,2,21,23
02615400,STAR TECHNICAL INSTITUTE                ,PA,19114-2204,Proprietary  ,0,0,0,3,9,12
02616100,JEAN MADELINE ED CTR FOR COSM           ,PA,19147-1542,Proprietary  ,19,35,54,325,318,643
03006800,PENNSYLVANIA CULINARY INSTITUTE         ,PA,15222-3511,Proprietary  ,36,75,111,673,709,1382
03010800,TRI-STATE BUSINESS INSTITUTE            ,PA,16506-1013,Proprietary  ,86,405,491,996,3078,4074
03011500,ALLIED MEDICAL AND TECHNICAL INSTITUTE  ,PA,18702-0000,Proprietary  ,21,71,92,239,522,761
03011600,ALLIED MEDICAL AND TECHNICAL INSTITUTE  ,PA,18509-2903,Proprietary  ,17,81,98,226,541,767
03029900,CONSOLIDATED SCHOOL OF BUSINESS         ,PA,17603-2389,Proprietary  ,5,13,18,40,200,240
03031600,DPT BUSINESS SCHOOL                     ,PA,19116-3961,Proprietary  ,27,103,130,107,576,683
03031601,DPT BUSINESS SCHOOL                     ,PA,19106-0000,Proprietary  ,8,56,64,75,346,421
03067000,ANTONELLI MEDICAL & PROF INST           ,PA,19464-9244,Proprietary  ,0,23,23,8,94,102
03072400,ALL-STATE CAREER SCHOOL                 ,PA,15122-1000,Proprietary  ,8,69,77,33,264,297
03072600,DCI CAREER INSTITUTE                    ,PA,15061-2307,Proprietary  ,8,40,48,63,225,288
03081900,YTI CAREER INSTITUTE - ALTOONA          ,PA,16602-4457,Proprietary  ,16,57,73,158,424,582
03090800,LAKE ERIE COLL OF OSTEOPATHIC MED       ,PA,16509-0000,Private      ,1,6,7,97,2905,3002
03098600,CAREER TECH CTR OF LACKAWANNA CNTY      ,PA,18508-0000,Public       ,2,32,34,33,160,193
03101500,BIDWELL TRAINING CENTER                 ,PA,15233-2233,Private      ,1,11,12,13,92,105
03103300,JNA INSTITUTE OF CULINARY ARTS          ,PA,19146-3119,Proprietary  ,4,11,15,63,134,197
03109100,METROPOLITAN CAREER CENTER              ,PA,19144-0000,Private      ,6,27,33,56,215,271
03110700,AVIATION INSTITUTE OF MAINTENANCE       ,PA,19114-1017,Proprietary  ,12,41,53,146,425,571
03120400,REGIONAL CAREER & TECHNICAL CENTER      ,PA,16509-4699,Public       ,0,0,0,1,11,12
03128400,DELAWARE COUNTY TECHNICAL SCHOOL        ,PA,19032-1998,Public       ,4,19,23,33,160,193
03180400,PENNSYLVANIA HIGHLANDS COMMUNITY COLLEGE,PA,15904-2927,Public       ,22,43,65,783,900,1683
03236400,LT INTERNATIONAL BEAUTY SCHOOL          ,PA,19130-2235,Proprietary  ,7,39,46,15,142,157
03353300,ACADEMY OF VOCAL ARTS                   ,PA,19103-6685,Private      ,1,0,1,10,36,46
03380301,CULINARY ACADEMY OF LONG ISLAND - STAR P,PA,19114-2204,Proprietary  ,35,161,196,145,676,821
03439400,NAWCC SCHOOL OF HOROLOGY                ,PA,17512-2130,Private      ,0,0,0,3,11,14
03535300,HUNTINGDON COUNTY CAREER AND TECHNO     ,PA,17060-0905,Public       ,0,0,0,10,35,45
03561400,SUSQUEHANNA COUNTY CAREER & TECHNOL     ,PA,18816-0100,Public       ,0,0,0,5,9,14
03766300,PENNSYLVANIA SCHOOL OF MUSCLE THERAPY   ,PA,19406-3101,Proprietary  ,7,31,38,46,164,210
03899300,CALVARY BAPTIST THEOLOGICAL SEMINARY    ,PA,19446-4718,Private      ,0,2,2,0,9,9
03923300,PRECISION MANUFACTURING INSTITUTE       ,PA,16335-8380,Private      ,3,29,32,16,90,106
03948300,HARRISBURG UNIVERSITY OF SCIENCE AND TEC,PA,17101-2116,Private      ,2,6,8,175,200,375
03949300,WON INSTITUTE OF GRADUATE STUDIES       ,PA,19038-4535,Private      ,0,0,0,1,35,36
03950500,NORTHWEST REGIONAL TECHNOLOGY INSTITUTE ,PA,16508-2820,Proprietary  ,0,10,10,7,88,95
03952300,NATIONAL MASSAGE THERAPY INSTITUTE      ,PA,19116-3965,Proprietary  ,38,155,193,183,688,871
04024300,EDUCATION AND TECHNOLOGY INSTITUTE      ,PA,15601-9214,Private      ,0,10,10,3,32,35
04119900,PENNSYLVANIA MYOTHERAPY INSTITUTE       ,PA,17350-8426,Proprietary  ,1,6,7,3,20,23
04127500,CAREER DEVELOPMENT & EMPLOYMENT         ,PA,18702-5253,Proprietary  ,0,20,20,5,49,54
04137100,KIMBERLY'S BEAUTY SCHOOL                ,PA,19134-0000,Proprietary  ,0,9,9,3,51,54
04138300,INTERNATIONAL BEAUTY ACADEMY            ,PA,19149-2710,Proprietary  ,1,7,8,12,61,73
04145800,PULSE BEAUTY ACADEMY A PAUL MITCHELL PAR,PA,19335-0000,Proprietary  ,8,10,18,51,53,104
04158000,METRO BEAUTY ACADEMY                    ,PA,18106-9693,Proprietary  ,21,37,58,31,44,75
04164900,BARONE BEAUTY ACADEMY                   ,PA,17701-5316,Proprietary  ,2,1,3,2,1,3
00267813,BRYANT & STRATTON COLLEGE - MIL DOWNTOWN,WI,53203-2608,Proprietary  ,43,204,247,714,2751,3465
00383200,ALVERNO COLLEGE                         ,WI,53234-3922,Private      ,18,61,79,1443,2400,3843
00383500,BELOIT COLLEGE                          ,WI,53511-5595,Private      ,6,3,9,1877,108,1985
00383700,CARDINAL STRITCH UNIVERSITY             ,WI,53217-9884,Private      ,21,456,477,1053,5019,6072
00383800,CARROLL UNIVERSITY                      ,WI,53186-5593,Private      ,8,21,29,3256,762,4018
00383900,CARTHAGE COLLEGE                        ,WI,53141-0000,Private      ,42,45,87,4414,791,5205
00384000,WESTERN TECHNICAL COLLEGE               ,WI,54601-0908,Public       ,69,130,199,2088,2900,4988
00384200,CONCORDIA UNIVERSITY WISCONSIN          ,WI,53097-2402,Private      ,17,300,317,2365,3954,6319
00384800,EDGEWOOD COLLEGE                        ,WI,53711-1958,Private      ,13,67,80,1531,1114,2645
00385000,SILVER LAKE COLLEGE                     ,WI,54220-9319,Private      ,0,25,25,196,449,645
00385400,LAKELAND COLLEGE                        ,WI,53082-0000,Private      ,12,106,118,1148,2133,3281
00385600,LAWRENCE UNIVERSITY                     ,WI,54912-0599,Private      ,22,0,22,2356,94,2450
00386100,MARIAN UNIVERSITY                       ,WI,54935-4699,Private      ,10,84,94,1385,1402,2787
00386300,MARQUETTE UNIVERSITY                    ,WI,53201-0000,Private      ,84,83,167,12489,4334,16823
00386600,MILWAUKEE AREA TECH COLLEGE             ,WI,53233-1443,Public       ,220,555,775,6369,17545,23914
00386800,MILWAUKEE SCHOOL OF ENGINEERING         ,WI,53202-3109,Private      ,20,40,60,2675,755,3430
00386900,MOUNT MARY COLLEGE                      ,WI,53222-4597,Private      ,6,38,44,897,1550,2447
00387400,NASHOTAH HOUSE                          ,WI,53058-0000,Private      ,0,4,4,1,45,46
00387500,NORTHLAND COLLEGE                       ,WI,54806-3999,Private      ,2,2,4,749,129,878
00388400,RIPON COLLEGE                           ,WI,54971-0248,Private      ,13,3,16,1364,65,1429
00389200,ST. NORBERT COLLEGE                     ,WI,54115-2002,Private      ,15,0,15,2368,115,2483
00389500,UNIVERSITY OF WISCONSIN-MADISON         ,WI,53715-1382,Public       ,215,209,424,22843,11187,34030
00389600,UNIVERSITY OF WISCONSIN-MILWAUKEE       ,WI,53201-3165,Public       ,268,396,664,17788,12209,29997
00389700,UNIVERSITY OF WISCONSIN COLLEGES        ,WI,53708-8680,Public       ,76,109,185,1940,1619,3559
00389701,UNIVERSITY OF WISCONSIN-BARABOO         ,WI,53913-1098,Public       ,8,16,24,332,171,503
00389702,UNIVERSITY OF WISCONSIN-BARRON          ,WI,54868-2497,Public       ,8,15,23,279,197,476
00389703,UNIVERSITY OF WISCONSIN-FOND DU LAC     ,WI,54935-2998,Public       ,14,9,23,486,226,712
00389704,UNIVERSITY OF WISCONSIN-FOX VALLEY      ,WI,54952-1297,Public       ,21,17,38,844,519,1363
00389705,UNIVERSITY OF WISCONSIN-MANITOWOC       ,WI,54220-6699,Public       ,4,10,14,247,151,398
00389706,UNIVERSITY OF WISCONSIN-MARATHON        ,WI,54401-5396,Public       ,23,22,45,842,377,1219
00389707,UNIVERSITY OF WISCONSIN-MARINETTE       ,WI,54143-4299,Public       ,2,11,13,259,152,411
00389708,UNIVERSITY OF WISCONSIN-MARSHFIELD      ,WI,54449-3310,Public       ,8,8,16,312,185,497
00389709,UNIVERSITY OF WISCONSIN-RICHLAND        ,WI,53581-1399,Public       ,8,7,15,263,96,359
00389710,UNIVERSITY OF WISCONSIN COLLEGES - ROCK ,WI,53546-5699,Public       ,14,24,38,676,439,1115
00389711,UNIVERSITY OF WISCONSIN-SHEBOYGAN       ,WI,53081-4789,Public       ,12,9,21,445,270,715
00389712,UNIVERSITY OF WISCONSIN-WASHINGTON      ,WI,53095-3699,Public       ,14,17,31,525,264,789
00389713,UNIVERSITY OF WISCONSIN-WAUKESHA        ,WI,53188-2799,Public       ,27,21,48,1022,491,1513
00389900,UNIVERSITY OF WISCONSIN-GREEN BAY       ,WI,54311-7001,Public       ,49,74,123,4554,2087,6641
00391100,VITERBO UNIVERSITY                      ,WI,54601-4777,Private      ,15,52,67,1695,1206,2901
00391500,UNIVERSITY OF WISCONSIN-STOUT           ,WI,54751-0790,Public       ,46,80,126,6092,2148,8240
00391700,UNIVERSITY OF WISCONSIN-EAU CLAIRE      ,WI,54702-4004,Public       ,100,59,159,8529,1871,10400
00391900,UNIVERSITY OF WISCONSIN-LA CROSSE       ,WI,54601-3742,Public       ,62,57,119,7364,1727,9091
00392000,UNIVERSITY OF WISCONSIN-OSHKOSH         ,WI,54901-8604,Public       ,89,154,243,7662,3388,11050
00392100,UNIVERSITY OF WISCONSIN-PLATTEVILLE     ,WI,53818-3099,Public       ,72,80,152,5710,1727,7437
00392300,UNIVERSITY OF WISCONSIN-RIVER FALLS     ,WI,54022-5013,Public       ,56,66,122,5127,1389,6516
00392400,UNIVERSITY OF WISCONSIN-STEVENS POINT   ,WI,54481-3871,Public       ,81,55,136,7180,1892,9072
00392500,UNIVERSITY OF WISCONSIN-SUPERIOR        ,WI,54880-2898,Public       ,25,66,91,1682,1447,3129
00392600,UNIVERSITY OF WISCONSIN-WHITEWATER      ,WI,53190-1792,Public       ,79,105,184,8265,2566,10831
00400700,MADISON AREA TECHNICAL COLLEGE          ,WI,53704-2599,Public       ,165,355,520,4712,7821,12533
00501500,UNIVERSITY OF WISCONSIN-PARKSIDE        ,WI,53141-2000,Public       ,67,84,151,3522,2351,5873
00529400,WAUKESHA COUNTY TECHNICAL COLLEGE       ,WI,53072-4696,Public       ,44,128,172,1674,3175,4849
00530100,NORTHEAST WISCONSIN TECHNICAL COLLEGE   ,WI,54307-9042,Public       ,84,275,359,2735,5446,8181
00530400,CHIPPEWA VALLEY TECHNICAL COLLEGE       ,WI,54701-6162,Public       ,47,113,160,2421,3655,6076
00538000,MID-STATE TECHNICAL COLLEGE             ,WI,54494-5512,Public       ,33,92,125,938,2283,3221
00538400,NICOLET AREA TECHNICAL COLLEGE          ,WI,54501-0000,Public       ,15,49,64,503,1017,1520
00538700,NORTHCENTRAL TECHNICAL COLLEGE          ,WI,54401-1899,Public       ,54,161,215,1125,2893,4018
00538900,GATEWAY TECHNICAL COLLEGE               ,WI,53144-1690,Public       ,59,247,306,2093,7065,9158
00539000,BLACKHAWK TECHNICAL COLLEGE             ,WI,53547-5009,Public       ,21,191,212,988,3234,4222
00610800,BELLIN HOSP SCH OF RAD TECH             ,WI,54305-3505,Private      ,0,0,0,20,19,39
00611500,MERCY MED CTR SCH OF RAD TECH           ,WI,54904-3370,Private      ,0,1,1,7,15,22
00612601,ST LUKE'S MEDCL CTR SCHL RAD TECH       ,WI,53215-4330,Private      ,1,0,1,9,44,53
00612603,ST LUKE'S MED CTR SCH OF SONOGRAPHY     ,WI,53215-0000,Private      ,1,0,1,9,37,46
00613100,THEDA CLARK REG MED CTR SCH RAD TEC     ,WI,54957-0000,Private      ,0,0,0,7,20,27
00663900,BELLIN COLLEGE                          ,WI,54305-0000,Private      ,1,3,4,217,176,393
00766900,SOUTHWEST WISCONSIN TECH COLLEGE        ,WI,53809-0000,Public       ,15,43,58,715,934,1649
00821700,WISCONSIN COLLEGE OF COSMETOLOGY        ,WI,54304-0000,Proprietary  ,6,6,12,59,62,121
00869405,RASMUSSEN COLLEGE - WAUSAU              ,WI,54401-7804,Proprietary  ,2,9,11,2,9,11
00869414,RASMUSSEN COLLEGE - GREEN BAY           ,WI,54303-2349,Proprietary  ,49,277,326,250,1365,1615
00919400,LAKESHORE TECHNICAL COLLEGE             ,WI,53015-1412,Public       ,12,83,95,691,2312,3003
00925600,MORAINE PARK TECHNICAL COLLEGE          ,WI,54936-0000,Public       ,30,121,151,1064,2988,4052
00941900,STATE CLG OF BEAUTY CULT-WAUSAU         ,WI,54403-4667,Proprietary  ,2,9,11,64,85,149
00962100,HERZING COLLEGE                         ,WI,53718-4236,Proprietary  ,84,904,988,845,6004,6849
00974400,FOX VALLEY TECHNICAL COLLEGE            ,WI,54913-0000,Public       ,91,232,323,2808,5274,8082
01091300,MADISON MEDIA INSTITUTE                 ,WI,53718-6787,Proprietary  ,26,52,78,425,359,784
01148400,ADVANCED INSTITUTE OF HAIR DESIGN       ,WI,53225-0000,Proprietary  ,14,26,40,202,267,469
01182400,WISCONSIN INDIANHEAD TECH CLG WITC      ,WI,54871-9300,Public       ,39,91,130,1210,2512,3722
02077100,MILWAUKEE INST OF ART & DESIGN          ,WI,53202-0000,Private      ,13,4,17,850,188,1038
02078000,SACRED HEART SCHOOL OF THEOLOGY         ,WI,53130-0000,Private      ,0,1,1,0,5,5
02136600,WISCONSIN LUTHERAN COLLEGE              ,WI,53226-0000,Private      ,7,7,14,906,101,1007
02201803,KAPLAN COLLEGE - MILWAUKEE              ,WI,53212-3939,Proprietary  ,34,179,213,275,1268,1543
02239204,HIGH-TECH INSTITUTE - MILWAUKEE         ,WI,53005-4207,Proprietary  ,0,3,3,17,29,46
02271300,WI SCH OF PROFESSIONAL PSYCHOLOGY       ,WI,53225-0000,Private      ,0,1,1,3,96,99
02317200,MARANATHA BAPTIST BIBLE COLLEGE         ,WI,53094-0000,Private      ,13,8,21,810,135,945
02324700,EMPIRE BEAUTY SCHOOL                    ,WI,53717-0000,Proprietary  ,2,29,31,59,210,269
02332100,EMPIRE BEAUTY SCHOOL                    ,WI,54220-0000,Proprietary  ,16,53,69,103,261,364
02332101,EMPIRE BEAUTY SCHOOL - APPLETON         ,WI,54914-4644,Proprietary  ,1,1,2,12,17,29
02453500,MEDICAL COLLEGE OF WISCONSIN            ,WI,53226-0000,Private      ,0,6,6,16,1159,1175
02494300,GILL-TECH ACADEMY OF HAIR DESIGN        ,WI,54911-0000,Proprietary  ,6,10,16,87,79,166
02532200,LAC COURTE OREILLES OJIBWA CMTY CLG     ,WI,54843-0000,Public       ,14,67,81,86,484,570
03007400,LAKESIDE SCHOOL OF MASSAGE THERAPY      ,WI,53719-1103,Private      ,6,33,39,40,150,190
03061200,MIDWEST COLLEGE OF ORIENTAL MEDICINE    ,WI,53403-9747,Proprietary  ,0,7,7,2,223,225
03077600,EMPIRE BEAUTY SCHOOL                    ,WI,54304-4838,Proprietary  ,20,82,102,205,476,681
03087500,ITT TECHNICAL INSTITUTE                 ,WI,53220-4612,Proprietary  ,214,598,812,1543,3973,5516
03125100,COLLEGE OF MENOMINEE NATION             ,WI,54135-0000,Private      ,10,49,59,145,623,768
03125102,COLLEGE OF  THE MENOMINEE NATION - GREEN,WI,54304-4964,Private      ,2,1,3,21,94,115
03220300,"SALON PROFESSIONAL ACADEMY, THE         ",WI,54701-7633,Proprietary  ,5,9,14,73,88,161
03309300,MONTESSORI INSTITUTE OF MILWAUKEE       ,WI,53207-0000,Private      ,0,0,0,3,28,31
03808300,INSTITUTE OF BEAUTY AND WELLNESS (THE)  ,WI,53202-5715,Proprietary  ,8,14,22,81,151,232
03822300,FOUR SEASONS SALON AND COSMETOLOGY SCHOO,WI,53566-0000,Proprietary  ,2,8,10,15,28,43
03872500,NORTHLAND INTERNATIONAL UNIVERSITY      ,WI,54119-9285,Private      ,7,3,10,467,68,535
03925300,BLUE SKY SCHOOL OF PROFESSIONAL MASSAGE ,WI,53024-9699,Private      ,6,28,34,46,160,206
04117400,MILWAUKEE CAREER COLLEGE                ,WI,53222-4305,Proprietary  ,33,166,199,215,1004,1219
04118600,ACADEMY OF COSMETOLOGY                  ,WI,53548-3307,Proprietary  ,2,12,14,22,69,91
04124800,VISIONS IN HAIR DESIGN INSTITUTE OF COSM,WI,53210-1120,Proprietary  ,1,3,4,13,29,42
04132600,WISCONSIN ACADEMY (THE)                 ,WI,54157-1726,Proprietary  ,2,6,8,18,52,70
04137900,PC PROSCHOOLS                           ,WI,53005-6003,Proprietary  ,12,21,33,40,68,108
04138200,SALON PROFESSIONAL ACADEMY (THE)        ,WI,54914-3921,Proprietary  ,2,3,5,66,59,125
04157700,SALON PROFESSIONAL ACADEMY (THE)        ,WI,54650-8699,Proprietary  ,9,18,27,33,52,85
00290500,NORTH CAROLINA A&T STATE UNIV           ,NC,27411-0001,Public       ,179,168,347,13090,5701,18791
00290600,APPALACHIAN STATE UNIVERSITY            ,NC,28608-2059,Public       ,175,113,288,15084,4069,19153
00290700,UNIVERSITY OF NC AT ASHEVILLE           ,NC,28804-3299,Public       ,39,38,77,3482,1488,4970
00290800,BARTON COLLEGE                          ,NC,27893-3104,Private      ,12,31,43,1488,753,2241
00291000,BELMONT ABBEY COLLEGE                   ,NC,28012-1802,Private      ,8,39,47,1221,1265,2486
00291100,BENNETT COLLEGE                         ,NC,27401-3239,Private      ,15,11,26,1182,339,1521
00291200,BREVARD COLLEGE                         ,NC,28712-3306,Private      ,12,4,16,911,141,1052
00291300,CAMPBELL UNIVERSITY                     ,NC,27506-0036,Private      ,58,129,187,4040,3357,7397
00291400,CATAWBA COLLEGE                         ,NC,28144-2488,Private      ,11,35,46,1493,643,2136
00291500,CENTRAL PIEDMONT COMMUNITY COLLEGE      ,NC,28204-2297,Public       ,229,1253,1482,7595,18252,25847
00291600,CHOWAN UNIVERSITY                       ,NC,27855-1850,Private      ,30,10,40,1546,363,1909
00291700,COLLEGE OF THE ALBEMARLE                ,NC,27909-2327,Public       ,24,118,142,795,1999,2794
00291800,DAVIDSON COLLEGE                        ,NC,28035-7157,Private      ,15,3,18,3063,105,3168
00291900,DAVIDSON COUNTY COMMUNITY COLLEGE       ,NC,27293-0000,Public       ,28,189,217,1417,3844,5261
00292000,DUKE UNIVERSITY                         ,NC,27708-0397,Private      ,151,36,187,15059,1638,16697
00292001,DUKE UNIV - SCHOOL OF MEDICINE          ,NC,27710-0000,Private      ,5,5,10,102,1269,1371
00292002,DUKE UNIV - SCHOOL OF LAW               ,NC,27708-0000,Private      ,2,44,46,40,2966,3006
00292003,DUKE UNIV - GRAD SCH ARTS & SCIENCE     ,NC,27708-0000,Private      ,3,17,20,86,910,996
00292004,DUKE UNIV - FUQUA SCH OF BUSINESS       ,NC,27708-0000,Private      ,0,16,16,53,1226,1279
00292005,DUKE UNIV/NICHOLAS SCH OF ENVIRON.      ,NC,27708-0000,Private      ,0,3,3,10,304,314
00292006,DUKE UNIV - DIVINITY SCHOOL             ,NC,27708-0000,Private      ,5,10,15,99,660,759
00292007,DUKE UNIV - SCHOOL OF NURSING           ,NC,27710-0000,Private      ,1,19,20,91,649,740
00292010,DUKE UNIVERSITY - SCHOOL OF PUBLIC POLIC,NC,27708-0239,Private      ,3,3,6,15,48,63
00292300,EAST CAROLINA UNIVERSITY                ,NC,27858-1818,Public       ,218,363,581,20691,11634,32325
00292600,ELIZABETH CITY STATE UNIVERSITY         ,NC,27909-7806,Public       ,52,52,104,3934,1606,5540
00292700,ELON UNIVERSITY                         ,NC,27244-2010,Private      ,42,30,72,6300,1097,7397
00292800,FAYETTEVILLE STATE UNIVERSITY           ,NC,28301-4298,Public       ,74,201,275,5477,6548,12025
00292900,GARDNER-WEBB UNIVERSITY                 ,NC,28017-0000,Private      ,31,108,139,2471,2426,4897
00293000,GREENSBORO COLLEGE                      ,NC,27401-1875,Private      ,26,25,51,1414,951,2365
00293100,GUILFORD COLLEGE                        ,NC,27410-4171,Private      ,20,98,118,2812,2588,5400
00293300,HIGH POINT UNIVERSITY                   ,NC,27262-4221,Private      ,47,40,87,3892,1500,5392
00293400,ISOTHERMAL COMMUNITY COLLEGE            ,NC,28160-0804,Public       ,28,146,174,961,2154,3115
00293500,JOHN WESLEY COLLEGE                     ,NC,27265-0000,Private      ,0,16,16,38,187,225
00293600,JOHNSON C SMITH UNIVERSITY              ,NC,28216-5398,Private      ,32,46,78,3450,1049,4499
00293700,KING'S COLLEGE-CHARLOTTE                ,NC,28204-2435,Proprietary  ,28,62,90,762,590,1352
00293900,LEES MCRAE COLLEGE                      ,NC,28604-0000,Private      ,13,4,17,1027,310,1337
00294000,LENOIR COMMUNITY COLLEGE                ,NC,28502-0188,Public       ,23,168,191,995,2865,3860
00294100,LENOIR-RHYNE UNIVERSITY                 ,NC,28603-0000,Private      ,35,16,51,2172,655,2827
00294200,LIVINGSTONE COLLEGE                     ,NC,28144-5298,Private      ,24,17,41,1525,486,2011
00294300,LOUISBURG COLLEGE                       ,NC,27549-2398,Private      ,20,7,27,1016,168,1184
00294400,MARS HILL COLLEGE                       ,NC,28754-0000,Private      ,19,14,33,1525,456,1981
00294500,MEREDITH COLLEGE                        ,NC,27607-5298,Private      ,21,29,50,1946,975,2921
00294600,METHODIST UNIVERSITY                    ,NC,28311-1420,Private      ,32,85,117,2355,1409,3764
00294700,MITCHELL COMMUNITY COLLEGE              ,NC,28677-5264,Public       ,30,164,194,1054,2849,3903
00294800,MONTREAT COLLEGE                        ,NC,28757-1267,Private      ,4,68,72,610,1092,1702
00294900,MOUNT OLIVE COLLEGE                     ,NC,28365-1299,Private      ,17,215,232,1186,3961,5147
00295000,NORTH CAROLINA CENTRAL UNIVERSITY       ,NC,27707-3198,Public       ,145,186,331,7973,7638,15611
00295100,NORTH CAROLINA WESLEYAN COLLEGE         ,NC,27804-8699,Private      ,13,55,68,1170,1100,2270
00295300,PEACE COLLEGE                           ,NC,27604-1194,Private      ,13,10,23,898,376,1274
00295400,UNIV OF NORTH CAROLINA AT PEMBROKE      ,NC,28372-1510,Public       ,82,141,223,5539,4151,9690
00295500,PFEIFFER UNIVERSITY                     ,NC,28109-0000,Private      ,8,73,81,1030,1343,2373
00295600,PIEDMONT BAPTIST COLLEGE AND GRADUATE SC,NC,27101-5025,Private      ,5,7,12,222,213,435
00295700,QUEENS UNIVERSITY OF CHARLOTTE          ,NC,28274-0001,Private      ,29,117,146,1970,2340,4310
00295800,ROCKINGHAM COMMUNITY COLLEGE            ,NC,27375-0000,Public       ,19,117,136,869,1823,2692
00296000,SALEM COLLEGE                           ,NC,27108-0000,Private      ,6,35,41,588,676,1264
00296100,SANDHILLS COMMUNITY COLLEGE             ,NC,28374-8283,Public       ,49,153,202,1506,3342,4848
00296200,SHAW UNIVERSITY                         ,NC,27601-2393,Private      ,55,87,142,2795,2492,5287
00296300,SOUTHEASTERN BAPTIST THEOL SEMINARY     ,NC,27588-0000,Private      ,0,7,7,57,166,223
00296400,SOUTHEASTERN COMMUNITY COLLEGE          ,NC,28472-5422,Public       ,36,154,190,818,1932,2750
00296700,ST ANDREWS PRESBYTERIAN COLLEGE         ,NC,28352-9979,Private      ,2,3,5,731,138,869
00296800,ST AUGUSTINES COLLEGE                   ,NC,27610-2298,Private      ,24,27,51,2046,783,2829
00297000,SURRY COMMUNITY COLLEGE                 ,NC,27017-0304,Public       ,22,146,168,1251,1984,3235
00297200,NORTH CAROLINA STATE UNIV-RALEIGH       ,NC,27695-1751,Public       ,231,258,489,22384,9133,31517
00297300,GASTON COLLEGE                          ,NC,28034-1499,Public       ,59,317,376,2131,5770,7901
00297400,UNIVERSITY OF N C-CHAPEL HILL           ,NC,27514-0000,Public       ,213,307,520,19569,12622,32191
00297500,UNIVERSITY OF NC AT CHARLOTTE           ,NC,28223-0001,Public       ,195,472,667,16888,12482,29370
00297600,UNIVERSITY OF N C - GREENSBORO          ,NC,27412-0001,Public       ,147,239,386,14512,9301,23813
00297800,WAKE FOREST UNIV - UNDERGRADUATE        ,NC,27109-7246,Private      ,52,11,63,6895,354,7249
00297801,WAKE FOREST UNIV - SCH OF MEDICINE      ,NC,27157-1090,Private      ,1,10,11,55,942,997
00297803,WAKE FOREST GRAD SCHOOLS OF BUSINESS    ,NC,27109-7659,Private      ,8,18,26,41,706,747
00297805,WAKE FOREST UNIV - SCH OF LAW           ,NC,27109-7206,Private      ,0,8,8,24,1481,1505
00297806,WAKE FOREST UNIV - GRAD A&S/DIVINITY    ,NC,27109-7246,Private      ,7,12,19,79,549,628
00297900,WARREN WILSON COLLEGE                   ,NC,28815-0000,Private      ,10,17,27,1268,373,1641
00298000,WAYNE COMMUNITY COLLEGE                 ,NC,27533-0000,Public       ,46,173,219,1302,2962,4264
00298100,WESTERN CAROLINA UNIVERSITY             ,NC,28723-9731,Public       ,116,110,226,7844,3505,11349
00298200,WESTERN PIEDMONT COMMUNITY COLLEGE      ,NC,28655-4504,Public       ,41,139,180,1171,2610,3781
00298300,WILKES COMMUNITY COLLEGE                ,NC,28697-2100,Public       ,40,102,142,1050,1803,2853
00298400,UNIVERSITY OF N C-WILMINGTON            ,NC,28403-3297,Public       ,100,120,220,11069,4253,15322
00298500,WINGATE UNIVERSITY                      ,NC,28174-0159,Private      ,32,31,63,2358,989,3347
00298600,WINSTON-SALEM STATE UNIVERSITY          ,NC,27102-0000,Public       ,66,125,191,7143,4530,11673
00398100,UNC SCHOOL OF THE ARTS                  ,NC,27127-2188,Public       ,9,4,13,1207,339,1546
00403300,ASHEVILLE BUNCOMBE TECH CMTY CLG        ,NC,28801-4897,Public       ,64,267,331,1814,4182,5996
00406200,PITT COMMUNITY COLLEGE                  ,NC,28590-0000,Public       ,75,247,322,3400,5614,9014
00483500,CALDWELL COMMUNITY CLG & TECH INST      ,NC,28638-2626,Public       ,41,182,223,1525,3048,4573
00483800,GUILFORD TECHNICAL COMMUNITY CLG        ,NC,27282-0309,Public       ,130,597,727,6022,12236,18258
00484400,WAKE TECHNICAL COMMUNITY COLLEGE        ,NC,27603-5696,Public       ,154,650,804,5690,11151,16841
00484500,WILSON COMMUNITY COLLEGE                ,NC,27893-3310,Public       ,21,136,157,602,2210,2812
00499201,MILLER-MOTTE TECHNICAL COLLEGE - MILLER-,NC,27511-9209,Proprietary  ,15,160,175,194,1046,1240
00499202,MILLER-MOTTE TECHNICAL COLLEGE - MILLER-,NC,27604-6072,Proprietary  ,32,176,208,188,1014,1202
00499203,MILLER-MOTTE TECHNICAL COLLEGE - FAYETTE,NC,28311-7651,Proprietary  ,32,187,219,55,322,377
00531600,COASTAL CAROLINA COMMUNITY COLLEGE      ,NC,28546-6816,Public       ,58,291,349,1365,4149,5514
00531700,FORSYTH TECHNICAL COMMUNITY COLLEGE     ,NC,27103-5197,Public       ,80,408,488,2856,7686,10542
00531800,CATAWBA VALLEY COMMUNITY COLLEGE        ,NC,28602-8302,Public       ,65,274,339,2085,4300,6385
00532000,CAPE FEAR COMMUNITY COLLEGE             ,NC,28401-3910,Public       ,90,303,393,3449,5694,9143
00544700,RANDOLPH COMMUNITY COLLEGE              ,NC,27204-1009,Public       ,18,148,166,911,2308,3219
00544800,DURHAM TECHNICAL CMNTY COLLEGE          ,NC,27703-5023,Public       ,37,302,339,1429,5227,6656
00544900,CENTRAL CAROLINA COMMUNITY COLLEGE      ,NC,27330-9000,Public       ,40,235,275,1318,4158,5476
00546300,ALAMANCE COMMUNITY COLLEGE              ,NC,27253-0000,Public       ,42,244,286,1475,4108,5583
00546400,RICHMOND COMMUNITY COLLEGE              ,NC,28345-4522,Public       ,18,57,75,651,2040,2691
00575400,ROWAN-CABARRUS COMMUNITY COLLEGE        ,NC,28145-1595,Public       ,70,319,389,2030,5303,7333
00647700,CABARRUS COLLEGE OF HEALTH SCIENCES     ,NC,28025-0000,Private      ,7,23,30,262,659,921
00647800,MERCY HOSP SCH OF NURSING               ,NC,28207-0000,Public       ,5,34,39,124,612,736
00648300,WATTS SCHOOL OF NURSING                 ,NC,27704-0000,Private      ,3,11,14,76,240,316
00679900,CRAVEN COMMUNITY COLLEGE                ,NC,28562-0000,Public       ,45,197,242,819,3023,3842
00703100,PAMLICO COMMUNITY COLLEGE               ,NC,28529-0000,Public       ,20,22,42,95,354,449
00764000,FAYETTEVILLE TECHNICAL CMTY COLLEGE     ,NC,28303-0236,Public       ,135,691,826,3343,12959,16302
00768700,JAMES SPRUNT COMMUNITY COLLEGE          ,NC,28349-0398,Public       ,9,48,57,402,1270,1672
00781400,BROOKSTONE COLLEGE OF BUSINESS          ,NC,28262-0000,Proprietary  ,7,72,79,97,520,617
00781401,BROOKSTONE COLLEGE OF BUSINESS          ,NC,27409-0000,Proprietary  ,10,79,89,72,531,603
00789200,SAMPSON COMMUNITY COLLEGE               ,NC,28328-0000,Public       ,12,55,67,532,1464,1996
00798500,SOUTH PIEDMONT COMMUNITY COLLEGE        ,NC,28135-9703,Public       ,18,134,152,781,2535,3316
00798600,HALIFAX COMMUNITY COLLEGE               ,NC,27890-0089,Public       ,32,130,162,641,1646,2287
00798700,BLADEN COMMUNITY COLLEGE                ,NC,28332-0266,Public       ,23,100,123,554,1780,2334
00798800,MARTIN COMMUNITY COLLEGE                ,NC,27892-8307,Public       ,8,19,27,253,794,1047
00808100,CARTERET COMMUNITY COLLEGE              ,NC,28557-2989,Public       ,17,86,103,559,1543,2102
00808200,CLEVELAND COMMUNITY COLLEGE             ,NC,28150-0000,Public       ,37,191,228,1001,3218,4219
00808300,HAYWOOD COMMUNITY COLLEGE               ,NC,28721-0000,Public       ,35,137,172,627,1408,2035
00808500,MCDOWELL TECHNICAL COMMUNITY CLG        ,NC,28752-8728,Public       ,16,111,127,382,1192,1574
00808700,MONTGOMERY COMMUNITY COLLEGE            ,NC,27371-0787,Public       ,8,47,55,269,789,1058
00846600,SOUTHWESTERN COMMUNITY COLLEGE          ,NC,28779-8581,Public       ,27,108,135,749,1606,2355
00855700,NASH COMMUNITY COLLEGE                  ,NC,27804-0488,Public       ,21,126,147,1025,2480,3505
00855800,BEAUFORT COUNTY COMMUNITY COLLEGE       ,NC,27889-7889,Public       ,8,71,79,543,1709,2252
00861200,ROBESON COMMUNITY COLLEGE               ,NC,28359-2151,Public       ,26,126,152,1070,3214,4284
00861300,ROANOKE-CHOWAN COMMUNITY COLLEGE        ,NC,27910-9522,Public       ,14,34,48,317,800,1117
00885500,EDGECOMBE COMMUNITY COLLEGE             ,NC,27886-9399,Public       ,38,175,213,783,3340,4123
00902500,SOUTH EASTERN CLG OF BEAUTY CULTURE     ,NC,28204-0000,Proprietary  ,31,100,131,156,523,679
00933600,JOHNSTON COMMUNITY COLLEGE              ,NC,27577-0000,Public       ,24,123,147,1227,3010,4237
00943000,TRI-COUNTY COMMUNITY COLLEGE            ,NC,28906-7919,Public       ,19,73,92,367,954,1321
00964600,PIEDMONT COMMUNITY COLLEGE              ,NC,27573-1197,Public       ,27,92,119,555,1587,2142
00968400,BLUE RIDGE COMMUNITY COLLEGE            ,NC,28731-9624,Public       ,26,115,141,596,1442,2038
00974701,GORDON-CONWELL THEO SEM - CHARLOTTE     ,NC,28273-0000,Private      ,0,18,18,3,218,221
00990300,VANCE-GRANVILLE CMTY COLLEGE            ,NC,27536-0917,Public       ,35,169,204,1242,3331,4573
01026400,SOUTH COLLEGE                           ,NC,28803-3152,Proprietary  ,9,108,117,81,653,734
01119400,STANLY COMMUNITY COLLEGE                ,NC,28001-7458,Public       ,25,159,184,775,2319,3094
01119700,MAYLAND COMMUNITY COLLEGE               ,NC,28777-2777,Public       ,15,43,58,393,692,1085
01179900,PAUL MITCHELL THE SCHOOL FAYETTEVILLE   ,NC,28303-5364,Proprietary  ,4,19,23,53,185,238
01192600,LEON'S BEAUTY SCHOOL                    ,NC,27403-2812,Proprietary  ,11,22,33,112,274,386
02056500,MITCHELL'S HAIR STYLING ACADEMY         ,NC,27893-0000,Proprietary  ,7,31,38,88,173,261
02056501,MITCHELL'S HAIR STYLING ACADEMY - MITCHE,NC,27606-3326,Proprietary  ,2,9,11,27,79,106
02110500,ART INSTITUTE OF CHARLOTTE (THE)        ,NC,28217-0000,Proprietary  ,152,324,476,2156,3046,5202
02170700,BRUNSWICK COMMUNITY COLLEGE             ,NC,28422-0000,Public       ,20,69,89,555,1086,1641
02205000,COLLEGE OF WILMINGTON                   ,NC,28403-0000,Proprietary  ,4,17,21,63,182,245
02210400,FAYETTEVILLE BEAUTY COLLEGE             ,NC,28303-0000,Proprietary  ,3,21,24,49,201,250
02227800,MITCHELL'S HAIR STYLING ACADEMY         ,NC,27534-0000,Proprietary  ,0,1,1,4,17,21
02227900,MITCHELL'S HAIR STYLING ACADEMY         ,NC,27858-0000,Proprietary  ,0,2,2,14,30,44
02238700,HAIRSTYLING INSTITUTE OF CHARLOTTE      ,NC,28204-0000,Proprietary  ,6,21,27,60,234,294
02280900,ROANOKE BIBLE COLLEGE                   ,NC,27909-0000,Private      ,0,5,5,129,103,232
02286300,CAROLINA BEAUTY COLLEGE                 ,NC,27262-0000,Proprietary  ,0,0,0,74,342,416
02560600,PINNACLE INSTITUTE OF COSMETOLOGY       ,NC,28115-8020,Proprietary  ,2,11,13,46,83,129
02614201,MILLER-MOTTE BUSINESS COLLEGE           ,NC,28403-0000,Proprietary  ,62,439,501,416,2331,2747
02614205,MILLER - MOTTE TECHNICAL COLLEGE - MILLE,NC,27834-5052,Proprietary  ,17,113,130,117,749,866
03009500,WINSTON-SALEM BARBER SCHOOL             ,NC,27107-0000,Proprietary  ,2,16,18,48,144,192
03064400,REGENCY BEAUTY INSTITUTE                ,NC,27127-0000,Proprietary  ,33,69,102,107,245,352
03089300,HERITAGE BIBLE COLLEGE                  ,NC,28335-0000,Private      ,0,7,7,23,91,114
03104200,CAROLINAS COLLEGE OF HEALTH SCIENCE     ,NC,28232-2861,Public       ,4,38,42,294,941,1235
03109000,SCHOOL OF COMMUNICATION ARTS OF NORTH CA,NC,27614-7076,Proprietary  ,33,56,89,472,666,1138
03109001,SCHOOL OF COMMUNICATION ARTS OF NORTH CA,NC,27107-3217,Proprietary  ,0,3,3,0,3,3
03361300,MEDICAL ARTS MASSAGE SCHOOL             ,NC,27616-6453,Proprietary  ,4,43,47,52,295,347
03513400,APEX SCHOOL OF THEOLOGY                 ,NC,27703-8024,Private      ,1,59,60,8,464,472
03555300,SOUTHEASTERN INSTITUTE                  ,NC,28217-0000,Proprietary  ,12,117,129,93,565,658
03555400,SOUTHEASTERN SCHOOL OF NEUROMUSCULAR  MA,NC,29406-0000,Proprietary  ,11,51,62,68,311,379
03570300,CAROLINA CHRISTIAN COLLEGE              ,NC,27105-3241,Private      ,0,4,4,5,56,61
03663300,HOOD THEOLOGICAL SEMINARY               ,NC,28144-5768,Private      ,0,6,6,0,255,255
03748500,LA SHE'S BEAUTY ACADEMY                 ,NC,27707-3569,Proprietary  ,7,18,25,35,130,165
03777300,CAROLINA ACAD OF COSMETIC ART & SCI     ,NC,28054-0460,Proprietary  ,13,38,51,100,267,367
03827300,NEW LIFE THEOLOGICAL SEMINARY           ,NC,28205-1648,Private      ,0,9,9,5,142,147
04098300,TECHSKILLS - CHARLOTTE                  ,NC,28217-0000,Proprietary  ,3,49,52,38,361,399
04101300,CAROLINA SCHOOL OF BROADCASTING         ,NC,28214-8085,Proprietary  ,4,19,23,63,190,253
04115700,REGINA'S COLLEGE OF BEAUTY              ,NC,28110-2831,Proprietary  ,4,49,53,19,181,200
04120300,"FILA ACADEMY, THE                       ",NC,27265-3114,Proprietary  ,3,12,15,21,85,106
04129400,CENTER FOR MASSAGE & NATURAL HEALTH     ,NC,28787-8331,Proprietary  ,3,16,19,16,61,77
04140700,AVEDA INSTITUTE CHAPEL HILL             ,NC,27516-2559,Proprietary  ,20,38,58,159,252,411
04143500,CHARLOTTE SCHOOL OF LAW                 ,NC,28208-2816,Proprietary  ,1,28,29,28,944,972
04146400,DAOIST TRADITIONS COLLEGE OF CHINESE MED,NC,28801-1060,Proprietary  ,0,2,2,3,50,53
04149300,PARK WEST BARBER SCHOOL                 ,NC,27701-4022,Proprietary  ,3,47,50,12,100,112
00298800,BISMARCK STATE COLLEGE                  ,ND,58501-1299,Public       ,43,85,128,2074,1665,3739
00298900,DICKINSON STATE UNIVERSITY              ,ND,58601-4896,Public       ,12,40,52,1265,775,2040
00299000,JAMESTOWN COLLEGE                       ,ND,58405-3401,Private      ,8,4,12,1024,149,1173
00299100,LAKE REGION STATE COLLEGE               ,ND,58301-1598,Public       ,18,29,47,346,447,793
00299200,UNIVERSITY OF MARY                      ,ND,58504-9652,Private      ,11,69,80,1527,1655,3182
00299300,MAYVILLE STATE UNIVERSITY               ,ND,58257-1299,Public       ,3,13,16,504,276,780
00299400,MINOT STATE UNIVERSITY                  ,ND,58707-0002,Public       ,18,70,88,1496,1562,3058
00299500,DAKOTA COLLEGE AT BOTTINEAU             ,ND,58318-1159,Public       ,9,18,27,295,286,581
00299600,NORTH DAKOTA STATE CLG OF SCIENCE       ,ND,58076-0002,Public       ,20,21,41,1350,771,2121
00299700,NORTH DAKOTA STATE UNIVERSITY           ,ND,58108-6050,Public       ,89,102,191,9299,2888,12187
00300500,UNIVERSITY OF NORTH DAKOTA              ,ND,58202-8193,Public       ,67,187,254,7568,4747,12315
00300700,WILLISTON STATE COLLEGE                 ,ND,58802-1326,Public       ,8,16,24,264,381,645
00300800,VALLEY CITY STATE UNIVERSITY            ,ND,58072-0000,Public       ,9,16,25,642,304,946
00775600,JOSEF'S SCHOOL OF HAIR DESIGN INC       ,ND,58102-4977,Proprietary  ,5,10,15,91,109,200
00869408,RASMUSSEN COLLEGE - FARGO               ,ND,58103-7196,Proprietary  ,33,205,238,428,1717,2145
00869415,RASMUSSEN COLLEGE - BISMARCK            ,ND,58503-0000,Proprietary  ,11,79,90,190,744,934
00935400,MEDCENTER ONE COLLEGE OF NURSING        ,ND,58501-4494,Private      ,0,2,2,60,76,136
01040600,JOSEF'S SCHOOL OF HAIR DESIGN           ,ND,58201-6394,Proprietary  ,5,13,18,71,86,157
01205900,TRINITY BIBLE COLLEGE                   ,ND,58436-7150,Private      ,3,3,6,234,113,347
01229500,R D HAIRSTYLING COLLEGE                 ,ND,58501-4001,Proprietary  ,3,5,8,48,43,91
02188200,SITTING BULL COLLEGE                    ,ND,58538-9721,Public       ,6,27,33,63,369,432
02236500,LITTLE HOOP COMMUNITY COLLEGE           ,ND,58335-0000,Public       ,5,45,50,40,240,280
02242900,UNITED TRIBES TECHNICAL COLLEGE         ,ND,58504-0000,Private      ,8,47,55,204,740,944
02298200,HEADQUARTERS ACADEMY OF HAIR DESIGN     ,ND,58701-0000,Proprietary  ,1,11,12,24,84,108
02301100,TURTLE MTN CMNTY COLG-FIN AID OFC       ,ND,58316-0000,Private      ,21,65,86,258,587,845
02553700,FORT BERTHOLD COMMUNITY COLLEGE         ,ND,58763-0000,Public       ,10,67,77,50,235,285
03087200,MOLER BARBER CLG OF HAIRSTYLING         ,ND,58103-0000,Proprietary  ,0,3,3,3,21,24
04031300,SALON PROFESSIONAL ACADEMY (THE)        ,ND,58103-3337,Proprietary  ,1,6,7,60,65,125
04139400,HAIR ACADEMY (THE)                      ,ND,58501-4929,Proprietary  ,3,12,15,59,57,116
00301005,ANTIOCH UNIV/SEATTLE                    ,WA,98121-0000,Private      ,0,71,71,62,1334,1396
00376900,BELLEVUE COMMUNITY COLLEGE              ,WA,98007-6484,Public       ,182,538,720,3819,6823,10642
00377000,BIG BEND COMMUNITY COLLEGE              ,WA,98837-3299,Public       ,66,184,250,1073,1770,2843
00377100,"CENTRAL WASHINGTON UNIV., FIN AID       ",WA,98926-7495,Public       ,189,181,370,9338,4655,13993
00377200,CENTRALIA COLLEGE                       ,WA,98531-4099,Public       ,62,236,298,1070,2162,3232
00377300,CLARK COLLEGE                           ,WA,98663-3598,Public       ,320,1052,1372,4952,10265,15217
00377400,COLUMBIA BASIN COLLEGE                  ,WA,99301-3379,Public       ,126,396,522,2442,4338,6780
00377500,EASTERN WASHINGTON UNIVERSITY           ,WA,99004-2447,Public       ,178,248,426,8497,6331,14828
00377600,EVERETT COMMUNITY COLLEGE               ,WA,98201-1352,Public       ,137,594,731,2488,6242,8730
00377700,HERITAGE UNIVERSITY                     ,WA,98948-9562,Private      ,11,42,53,387,1536,1923
00377800,GONZAGA UNIVERSITY                      ,WA,99258-0083,Private      ,59,183,242,6618,3992,10610
00377900,GRAYS HARBOR COLLEGE                    ,WA,98520-7599,Public       ,37,185,222,848,1853,2701
00378000,GREEN RIVER COMMUNITY COLLEGE           ,WA,98092-3622,Public       ,178,595,773,2813,5422,8235
00378100,HIGHLINE COMMUNITY COLLEGE              ,WA,98198-9800,Public       ,188,583,771,2829,5909,8738
00378200,LOWER COLUMBIA COLLEGE                  ,WA,98632-0310,Public       ,76,352,428,1238,3725,4963
00378300,NORTHWEST UNIVERSITY                    ,WA,98083-0000,Private      ,12,50,62,1150,869,2019
00378400,OLYMPIC COLLEGE                         ,WA,98337-1600,Public       ,105,424,529,1815,4848,6663
00378500,PACIFIC LUTHERAN UNIVERSITY             ,WA,98447-0003,Private      ,66,51,117,4259,1657,5916
00378600,PENINSULA COLLEGE                       ,WA,98362-6660,Public       ,42,206,248,568,1872,2440
00378700,SEATTLE CENTRAL COMMUNITY COLLEGE       ,WA,98122-2413,Public       ,159,588,747,2872,6939,9811
00378703,SEATTLE VOCATIONAL INSTITUTE            ,WA,98144-0000,Public       ,19,112,131,126,573,699
00378800,SEATTLE PACIFIC UNIVERSITY              ,WA,98119-1997,Private      ,73,94,167,4400,2214,6614
00379000,SEATTLE UNIVERSITY                      ,WA,98122-1090,Private      ,99,183,282,7141,6690,13831
00379100,SHORELINE COMMUNITY COLLEGE             ,WA,98133-5696,Public       ,98,322,420,1926,4159,6085
00379200,SKAGIT VALLEY COLLEGE                   ,WA,98273-5899,Public       ,108,356,464,1374,3528,4902
00379300,SPOKANE COMMUNITY COLLEGE               ,WA,99207-5399,Public       ,246,1044,1290,3861,11041,14902
00379400,ST MARTIN'S UNIVERSITY                  ,WA,98503-7500,Private      ,17,45,62,1324,1089,2413
00379600,TACOMA COMMUNITY COLLEGE                ,WA,98466-6100,Public       ,182,745,927,3110,8466,11576
00379700,UNIVERSITY OF PUGET SOUND               ,WA,98416-1039,Private      ,53,35,88,4513,1155,5668
00379800,UNIVERSITY OF WASHINGTON                ,WA,98195-5880,Public       ,546,718,1264,28860,25979,54839
00379900,WALLA WALLA UNIVERSITY                  ,WA,99324-1198,Private      ,25,28,53,1489,701,2190
00380000,WASHINGTON STATE UNIVERSITY             ,WA,99164-1035,Public       ,338,356,694,19596,11818,31414
00380100,WENATCHEE VALLEY COLLEGE                ,WA,98801-1799,Public       ,100,304,404,1452,2961,4413
00380200,WESTERN WASHINGTON UNIVERSITY           ,WA,98225-5946,Public       ,216,158,374,14910,4462,19372
00380300,WHITMAN COLLEGE                         ,WA,99362-2067,Private      ,30,3,33,2854,104,2958
00380400,WHITWORTH UNIVERSITY                    ,WA,99251-0001,Private      ,44,64,108,3623,1161,4784
00380500,YAKIMA VALLEY COMMUNITY COLLEGE         ,WA,98907-2520,Public       ,84,380,464,2535,5037,7572
00499900,BELLINGHAM TECHNICAL COLLEGE            ,WA,98225-0000,Public       ,62,240,302,815,2677,3492
00500000,PIERCE COLLEGE                          ,WA,98498-1919,Public       ,194,714,908,3002,7321,10323
00500100,EDMONDS COMMUNITY COLLEGE               ,WA,98036-5999,Public       ,148,479,627,2159,4999,7158
00500600,WALLA WALLA COMMUNITY COLLEGE           ,WA,99362-9267,Public       ,63,241,304,1660,2902,4562
00530600,BATES TECHNICAL COLLEGE                 ,WA,98405-0000,Public       ,65,408,473,741,3238,3979
00530601,BATES TECHNICAL COLLEGE - SOUTH CAMPUS  ,WA,98409-5847,Public       ,0,0,0,61,194,255
00537200,SOUTH PUGET SOUND COMMUNITY COLLEGE     ,WA,98512-6292,Public       ,154,474,628,2212,4934,7146
00537300,LAKE WASHINGTON TECHNICAL COLLEGE       ,WA,98034-8505,Public       ,57,297,354,704,2820,3524
00575200,CLOVER PARK TECHNICAL COLLEGE           ,WA,98499-0000,Public       ,132,627,759,1411,5832,7243
00815500,EVERGREEN STATE COLLEGE (THE)           ,WA,98505-0002,Public       ,71,149,220,3672,3839,7511
00844300,ITT TECHNICAL INSTITUTE                 ,WA,98168-3334,Proprietary  ,97,352,449,661,2129,2790
00907901,EVEREST COLLEGE                         ,WA,98684-6950,Proprietary  ,9,91,100,140,696,836
00938700,PERRY TECHNICAL INSTITUTE               ,WA,98903-1239,Private      ,40,78,118,577,917,1494
00954400,SPOKANE FALLS COMMUNITY COLLEGE         ,WA,99224-5204,Public       ,228,657,885,3778,6706,10484
00970400,NORTH SEATTLE COMMUNITY COLLEGE         ,WA,98103-3599,Public       ,66,375,441,1405,4551,5956
00970600,SOUTH SEATTLE COMMUNITY COLLEGE         ,WA,98106-1499,Public       ,74,352,426,1573,3819,5392
00973900,GLEN DOW ACAD OF HAIR DESIGN            ,WA,99201-0209,Proprietary  ,6,27,33,103,186,289
01036400,WHATCOM COMMUNITY COLLEGE               ,WA,98226-8003,Public       ,126,252,378,1970,2758,4728
01043400,RENTON TECHNICAL COLLEGE                ,WA,98056-0000,Public       ,54,273,327,881,3132,4013
01148100,DIVERS INSTITUTE OF TECHNOLOGY          ,WA,98107-0667,Proprietary  ,27,75,102,167,573,740
01231500,CORNISH COLLEGE OF THE ARTS             ,WA,98121-4604,Private      ,28,14,42,1323,399,1722
01249600,GREENWOOD BEAUTY SCHOOL                 ,WA,98103-0000,Proprietary  ,4,15,19,46,142,188
01260100,NORTHWEST BAPTIST SEMINARY              ,WA,98402-6699,Private      ,0,1,1,0,6,6
01302200,CITY UNIVERSITY OF SEATTLE              ,WA,98005-3030,Private      ,8,207,215,138,2840,2978
01309400,BELLINGHAM BEAUTY SCHOOL                ,WA,98225-0000,Proprietary  ,1,13,14,33,90,123
02091701,KAPLAN COLLEGE - SEATTLE                ,WA,98055-4910,Proprietary  ,1,19,20,76,419,495
02105300,BELLEVUE BEAUTY SCHOOL                  ,WA,98007-0000,Proprietary  ,6,24,30,49,129,178
02106700,TRINITY LUTHERAN COLLEGE                ,WA,98201-3569,Private      ,5,5,10,100,63,163
02180000,NORTHWEST INDIAN COLLEGE                ,WA,98226-9278,Public       ,18,112,130,161,717,878
02184200,PAROBA COLLEGE OF COSMETOLOGY           ,WA,98208-0000,Proprietary  ,11,13,24,41,108,149
02202200,STYLEMASTERS COLLEGE OF HAIR DESIGN     ,WA,98632-0000,Proprietary  ,7,15,22,33,109,142
02203300,GENE JUAREZ ACADEMY OF BEAUTY           ,WA,98125-0000,Proprietary  ,47,77,124,434,587,1021
02203301,GENE JUAREZ ACADEMY OF BEAUTY           ,WA,98003-0000,Proprietary  ,5,13,18,81,123,204
02222900,INTERNATIONAL AIR & HOSPITALITY ACADEMY ,WA,98661-4835,Proprietary  ,51,123,174,309,621,930
02222906,INTERNATIONAL AIR & HOSPITALITY ACADEMY ,WA,98661-3805,Proprietary  ,0,2,2,6,15,21
02236800,PROFESSIONAL BEAUTY SCHOOL              ,WA,98902-0000,Proprietary  ,4,8,12,56,99,155
02242500,BASTYR UNIVERSITY                       ,WA,98028-0000,Private      ,3,22,25,97,1163,1260
02263107,CAMBRIDGE COLLEGE-BELLEVUE              ,WA,98007-0000,Proprietary  ,0,0,0,3,15,18
02291300,ART INSTITUTE OF SEATTLE                ,WA,98121-1622,Proprietary  ,104,193,297,2496,2224,4720
02300100,EVEREST COLLEGE                         ,WA,98367-1835,Proprietary  ,21,101,122,134,589,723
02300103,EVEREST COLLEGE - EVERETT               ,WA,98208-2610,Proprietary  ,59,205,264,250,1003,1253
02300104,EVEREST COLLEGE - TACOMA                ,WA,98402-3004,Proprietary  ,48,261,309,217,1142,1359
02326500,INTERFACE COLLEGE                       ,WA,99201-4326,Proprietary  ,5,55,60,29,326,355
02331400,NORTHWEST HAIR ACADEMY                  ,WA,98273-0000,Proprietary  ,26,39,65,119,152,271
02331402,NORTHWEST HAIR ACADEMY - EVERETT        ,WA,98204-0000,Proprietary  ,1,4,5,43,44,87
02504900,ACADEMY OF HAIR DESIGN (THE)            ,WA,98801-0000,Proprietary  ,6,13,19,47,97,144
02541900,BJ'S BEAUTY AND BARBER COLLEGE          ,WA,98409-0000,Proprietary  ,7,22,29,63,176,239
02602100,NORTHWEST COLLEGE OF ART                ,WA,98370-8625,Proprietary  ,3,3,6,169,48,217
02606200,EVEREST COLLEGE                         ,WA,98055-2990,Proprietary  ,61,222,283,288,1068,1356
02617500,EVEREST COLLEGE                         ,WA,98133-9018,Proprietary  ,18,91,109,115,414,529
02617501,EVEREST COLLEGE - FIFE                  ,WA,98424-2647,Proprietary  ,16,33,49,151,373,524
02617503,EVEREST COLLEGE - VANCOUVER             ,WA,98684-6951,Proprietary  ,8,39,47,97,373,470
03031406,INTERNATIONAL ACADEMY OF DESIGN AND TECH,WA,98188-3319,Proprietary  ,8,15,23,228,314,542
03065000,CLARE'S BEAUTY COLLEGE                  ,WA,99301-5505,Proprietary  ,8,12,20,38,100,138
03071800,ITT TECHNICAL INSTITUTE                 ,WA,99216-1589,Proprietary  ,122,384,506,634,2286,2920
03099000,CORTIVA INSTITUTE - SEATTLE             ,WA,98109-5474,Proprietary  ,21,41,62,144,415,559
03110800,BAKKE GRADUATE UNIVERSITY               ,WA,98104-1222,Private      ,0,11,11,0,38,38
03139500,MONTESSORI SCHOOLS OF WASHINGTON        ,WA,98203-6600,Private      ,0,0,0,0,8,8
03280300,SEATTLE INST OF ORIENTAL MEDICINE       ,WA,98115-0000,Proprietary  ,0,2,2,8,60,68
03283300,NORTHWEST HVAC/R ASSOCIATION & TRAINING ,WA,99202-2125,Private      ,1,2,3,14,101,115
03361600,SEATTLE MIDWIFERY SCHOOL                ,WA,98144-0000,Private      ,0,2,2,4,91,95
03466400,MARS HILL GRADUATE SCHOOL               ,WA,98121-0000,Private      ,1,5,6,3,311,314
03483500,CASCADIA COMMUNITY COLLEGE              ,WA,98011-9510,Public       ,56,127,183,884,1372,2256
03490400,EMIL FRIES PIANO HOSPITAL & TRAININ     ,WA,98661-4323,Private      ,0,0,0,1,9,10
03670301,TONI&GUY HAIRDRESSING ACADEMY -         ,WA,98225-4526,Proprietary  ,0,0,0,0,1,1
03689400,FAITH EVANGELICAL SEMINARY              ,WA,98407-2607,Private      ,1,19,20,5,227,232
03707500,CHETTA'S ACADEMY OF HAIR AND NAILS      ,WA,98362-4310,Proprietary  ,0,0,0,5,17,22
03724300,DIGIPEN INSTITUTE OF TECHNOLOGY         ,WA,98052-5170,Proprietary  ,6,2,8,698,317,1015
03917300,EVERGREEN BEAUTY AND BARBER COLLEGE     ,WA,98208-3759,Proprietary  ,23,45,68,71,260,331
03932500,TOTAL COSMETOLOGY TRAINING CENTER       ,WA,99217-6231,Proprietary  ,5,24,29,43,160,203
03953300,YAKIMA BEAUTY SCHOOL;BEAUTYWORKS        ,WA,98901-2202,Proprietary  ,2,6,8,27,52,79
04043400,ALPINE COLLEGE                          ,WA,99206-5097,Proprietary  ,4,37,41,53,341,394
04120000,SUNNYSIDE BEAUTY ACADEMY                ,WA,98944-8711,Proprietary  ,0,7,7,3,23,26
04127200,VICTORIA'S ACADEMY OF COSMETOLOGY       ,WA,99336-3826,Proprietary  ,5,13,18,61,122,183
04130500,PACIFIC NORTHWEST UNIV OF HEALTH SCIENCE,WA,98901-1471,Private      ,0,2,2,10,238,248
04130800,CASCADE BEAUTY COLLEGE                  ,WA,98002-5504,Proprietary  ,2,8,10,19,62,81
04132800,INLAND MASSAGE INSTITUTE                ,WA,99208-5923,Proprietary  ,3,20,23,20,95,115
04149400,GARY MANUEL AVEDA INSTITUTE             ,WA,98122-3807,Proprietary  ,24,55,79,61,136,197
04155000,NORTHWEST SCHOOL OF WOODEN BOAT BUILDING,WA,98339-8706,Private      ,0,5,5,1,10,11
00340100,BROWN UNIVERSITY                        ,RI,02912-9127,Private      ,128,16,144,17323,499,17822
00340101,BROWN UNIVERSITY - GRADUATE SCHOOL      ,RI,02912-1827,Private      ,0,26,26,37,1669,1706
00340102,BROWN MEDICAL SCHOOL                    ,RI,02912-0000,Private      ,1,1,2,21,434,455
00340200,BRYANT UNIVERSITY                       ,RI,02917-1284,Private      ,36,18,54,5534,458,5992
00340400,JOHNSON & WALES UNIVERSITY              ,RI,02903-3703,Private      ,258,217,475,19079,4452,23531
00340600,PROVIDENCE COLLEGE                      ,RI,02918-0001,Private      ,47,27,74,7401,691,8092
00340700,RHODE ISLAND COLLEGE                    ,RI,02908-1991,Public       ,76,107,183,7217,3618,10835
00340800,COMMUNITY COLLEGE OF RI - WARWICK       ,RI,02906-0000,Public       ,151,304,455,5066,6410,11476
00340801,COMMUNITY COLLEGE OF RI - LINCOLN       ,RI,02865-4585,Public       ,52,71,123,1862,2160,4022
00340802,COMMUNITY COLLEGE OF RI- PROVIDENCE     ,RI,02905-2313,Public       ,31,65,96,1594,2401,3995
00340900,RHODE ISLAND SCHOOL OF DESIGN           ,RI,02903-2784,Private      ,26,26,52,2650,1482,4132
00341000,ROGER WILLIAMS UNIVERSITY               ,RI,02809-2921,Private      ,40,29,69,7476,1648,9124
00341100,SALVE REGINA UNIVERSITY                 ,RI,02840-4192,Private      ,30,15,45,4562,393,4955
00341400,UNIVERSITY OF RHODE ISLAND              ,RI,02881-0000,Public       ,189,143,332,19189,3936,23125
00659100,ST. JOSEPH HOSP SCH OF NURSING          ,RI,02904-5199,Private      ,2,3,5,55,160,215
00784400,GIBBS COLLEGE                           ,RI,02920-7807,Proprietary  ,7,73,80,41,173,214
00784500,NEW ENGLAND INSTITUTE OF TECHNOLOGY     ,RI,02886-2266,Private      ,105,295,400,3081,2696,5777
01115900,"SAWYER SCHOOL,THE                       ",RI,02860-4117,Proprietary  ,67,267,334,398,1782,2180
02071900,ARTHUR ANGELO SCH COSMET&HAIR DSGN      ,RI,02903-0000,Proprietary  ,6,36,42,115,249,364
02176900,WARWICK ACADEMY OF BEAUTY CULTURE       ,RI,02886-1534,Proprietary  ,10,21,31,92,165,257
02584400,NEW ENGLAND TRACTOR TRAILER TRAINING SCH,RI,02860-1752,Proprietary  ,22,199,221,91,846,937
03080000,NEWPORT SCHOOL OF HAIRDRESSING          ,RI,02860-4038,Proprietary  ,2,10,12,12,87,99
03232300,LINCOLN TECHNICAL INSTITUTE             ,RI,02865-4211,Proprietary  ,80,169,249,629,1212,1841
03570500,ZION BIBLE COLLEGE                      ,RI,02806-1246,Private      ,0,7,7,162,111,273
03732300,INTERNATIONAL YACHT RESTORATION SCH     ,RI,02840-6720,Private      ,2,2,4,20,34,54
04141200,TONI & GUY HAIRDRESSING ACADEMY         ,RI,02920-0000,Proprietary  ,10,8,18,67,57,124
00341700,ALLEN UNIVERSITY                        ,SC,29204-1085,Private      ,24,24,48,1226,606,1832
00341800,ANDERSON UNIVERSITY                     ,SC,29621-4035,Private      ,19,53,72,2057,955,3012
00341900,CHARLESTON SOUTHERN UNIVERSITY          ,SC,29406-2160,Private      ,59,82,141,3936,2129,6065
00342000,BENEDICT COLLEGE                        ,SC,29204-1086,Private      ,78,62,140,4196,1619,5815
00342100,BOB JONES UNIVERSITY                    ,SC,29614-1000,Proprietary  ,40,23,63,2998,437,3435
00342200,SOUTHERN WESLEYAN UNIVERSITY            ,SC,29630-1020,Private      ,8,126,134,920,2175,3095
00342300,THE CITADEL                             ,SC,29409-0002,Public       ,25,46,71,2405,1145,3550
00342400,CLAFLIN UNIVERSITY                      ,SC,29115-4498,Private      ,43,30,73,2577,1084,3661
00342500,CLEMSON UNIVERSITY                      ,SC,29634-0001,Public       ,135,87,222,16407,3804,20211
00342600,UNIV OF SC AT SUMTER                    ,SC,29150-2498,Public       ,14,32,46,761,659,1420
00342700,COKER COLLEGE                           ,SC,29550-3797,Private      ,12,29,41,990,1025,2015
00342800,COLLEGE OF CHARLESTON                   ,SC,29424-0100,Public       ,113,72,185,9856,2714,12570
00342900,COLUMBIA INTERNATIONAL UNIVERSITY       ,SC,29203-1599,Private      ,5,30,35,522,769,1291
00343000,COLUMBIA COLLEGE                        ,SC,29203-5998,Private      ,19,68,87,1345,1311,2656
00343100,CONVERSE COLLEGE                        ,SC,29302-0006,Private      ,10,44,54,721,791,1512
00343200,ERSKINE COLLEGE                         ,SC,29639-0000,Private      ,6,2,8,779,41,820
00343201,ERSKINE THEOLOGICAL SEMINARY            ,SC,29639-0000,Private      ,1,4,5,7,153,160
00343400,FURMAN UNIVERSITY                       ,SC,29613-5253,Private      ,22,24,46,3329,441,3770
00343500,LANDER UNIVERSITY                       ,SC,29649-2099,Public       ,46,44,90,3338,967,4305
00343600,LIMESTONE COLLEGE                       ,SC,29340-3799,Private      ,21,160,181,1331,3355,4686
00343700,LUTHERAN THEOLOGICAL SOUTHERN SEM       ,SC,29203-5898,Private      ,0,1,1,2,143,145
00343800,MEDICAL UNIV OF SOUTH CAROLINA - FA     ,SC,29425-1760,Public       ,5,42,47,235,2903,3138
00343900,MORRIS COLLEGE                          ,SC,29150-3599,Private      ,26,21,47,1459,602,2061
00344000,NEWBERRY COLLEGE                        ,SC,29108-2197,Private      ,19,9,28,1663,304,1967
00344100,NORTH GREENVILLE COLLEGE                ,SC,29688-1892,Private      ,25,20,45,2272,401,2673
00344500,PRESBYTERIAN COLLEGE                    ,SC,29325-2503,Private      ,13,4,17,1525,77,1602
00344600,SOUTH CAROLINA STATE UNIVERSITY         ,SC,29117-4427,Public       ,122,74,196,6501,3038,9539
00344700,SPARTANBURG METHODIST COLLEGE           ,SC,29301-5899,Private      ,9,7,16,1300,218,1518
00344800,UNIVERSITY OF SOUTH CAROLINA            ,SC,29208-3999,Public       ,221,291,512,20561,11690,32251
00344900,UNIVERSITY OF SOUTH CAROLINA AIKEN      ,SC,29801-6399,Public       ,33,41,74,3133,1394,4527
00345000,UNIV OF SC AT BEAUFORT                  ,SC,29902-4602,Public       ,27,38,65,1235,1036,2271
00345100,COASTAL CAROLINA UNIVERSITY             ,SC,29528-0000,Public       ,137,89,226,10432,2446,12878
00345300,UNIV OF SC AT LANCASTER                 ,SC,29721-0889,Public       ,15,38,53,948,791,1739
00345400,UNIV OF SC SYSTEM SALKEHATCHIE          ,SC,29810-0617,Public       ,11,43,54,511,672,1183
00345500,VOORHEES COLLEGE                        ,SC,29042-0000,Private      ,25,19,44,896,449,1345
00345600,WINTHROP UNIVERSITY                     ,SC,29733-0001,Public       ,52,94,146,6128,2478,8606
00345700,WOFFORD COLLEGE                         ,SC,29303-3663,Private      ,17,4,21,1889,129,2018
00399000,FLORENCE-DARLINGTON TECH COLLEGE        ,SC,29501-0548,Public       ,133,288,421,2999,6047,9046
00399100,GREENVILLE TECHNICAL COLLEGE            ,SC,29607-2439,Public       ,241,825,1066,7872,14851,22723
00399200,PIEDMONT TECHNICAL COLLEGE              ,SC,29648-1467,Public       ,83,377,460,2391,5713,8104
00399300,MIDLANDS TECHNICAL COLLEGE              ,SC,29202-0000,Public       ,177,702,879,7328,12782,20110
00399400,SPARTANBURG COMMUNITY COLLEGE           ,SC,29305-4386,Public       ,91,346,437,3370,6252,9622
00399500,CENTRAL CAROLINA TECHNICAL COLLEGE      ,SC,29150-2499,Public       ,96,354,450,1644,4729,6373
00399600,YORK TECHNICAL COLLEGE                  ,SC,29730-3395,Public       ,105,497,602,3049,7208,10257
00492000,TRIDENT TECHNICAL COLLEGE               ,SC,29423-8067,Public       ,251,861,1112,7094,13645,20739
00492300,CLINTON JR COLLEGE                      ,SC,29730-5152,Private      ,4,5,9,139,83,222
00492400,FORREST JUNIOR COLLEGE                  ,SC,29624-2405,Proprietary  ,2,25,27,26,198,224
00492500,HORRY-GEORGETOWN TECH COLLEGE           ,SC,29526-9521,Public       ,139,482,621,3673,7572,11245
00492600,TRI-COUNTY TECHNICAL COLLEGE            ,SC,29670-9133,Public       ,80,285,365,3688,5155,8843
00492700,UNIV OF SC AT UNION                     ,SC,29379-0729,Public       ,14,5,19,267,288,555
00536300,DENMARK TECHNICAL COLLEGE               ,SC,29042-0000,Public       ,76,171,247,1031,1328,2359
00681500,ORANGEBURG-CALHOUN TECHNICAL COLG       ,SC,29118-8299,Public       ,60,166,226,1458,2910,4368
00695100,UNIVERSITY OF SOUTH CAROLINA UPSTATE    ,SC,29303-9972,Public       ,63,78,141,5066,2913,7979
00760200,NORTHEASTERN TECHNICAL COLLEGE          ,SC,29520-7015,Public       ,25,80,105,584,1394,1978
00922600,FRANCIS MARION UNIVERSITY               ,SC,29501-0000,Public       ,55,67,122,4699,1856,6555
00932200,WILLIAMSBURG TECHNICAL COLLEGE          ,SC,29556-4197,Public       ,29,77,106,403,945,1348
00991000,TECHNICAL COLLEGE OF THE LOWCOUNTRY     ,SC,29902-5441,Public       ,64,222,286,979,3124,4103
00991100,UNIV OF SC-REGIONAL CAMPUSES ADMIN      ,SC,29208-0001,Public       ,1,2,3,156,101,257
01005600,AIKEN TECHNICAL COLLEGE                 ,SC,29802-0696,Public       ,56,245,301,1988,4135,6123
01209200,KENNETH SHULER SCHOOL OF COSMETOLOGY    ,SC,29732-2169,Proprietary  ,8,19,27,57,158,215
01303907,SOUTH UNIVERSITY                        ,SC,29203-6400,Proprietary  ,42,273,315,463,2734,3197
02063700,SHERMAN CLG STRAIGHT CHIROPRACTIC       ,SC,29316-0000,Private      ,0,1,1,6,276,282
02189800,NO AMER INST OF AVIATION OF SO CAR      ,SC,29527-0000,Proprietary  ,0,3,3,5,16,21
02338600,CHARZANNE BEAUTY COLLEGE                ,SC,29649-0000,Proprietary  ,2,9,11,19,73,92
02341100,KENNETH SHULER SCHOOL OF COSMETOLOGY & N,SC,29210-0000,Proprietary  ,16,55,71,168,639,807
02356600,CHARLESTON COSMETOLOGY INSTITUTE        ,SC,29420-0000,Proprietary  ,7,31,38,86,187,273
02552400,ACADEMY OF HAIR TECHNOLOGY              ,SC,29615-2363,Proprietary  ,6,26,32,71,158,229
02567600,SUMTER BEAUTY COLLEGE                   ,SC,29150-0000,Proprietary  ,3,8,11,20,111,131
02614202,MILLER - MOTTE TECHNICAL COLLEGE - NORTH,SC,29406-9239,Proprietary  ,44,138,182,397,1448,1845
03010614,VIRGINIA COLLEGE - GOLF ACADEMY OF AMERI,SC,29579-0000,Proprietary  ,6,23,29,224,389,613
03010617,VIRGINIA COLLEGE - GREENVILLE           ,SC,29607-7200,Proprietary  ,5,27,32,5,27,32
03010620,VIRGINIA COLLEGE - CHARLESTON           ,SC,29406-4999,Proprietary  ,5,50,55,5,50,55
03052300,KENNETH SHULER SCH COSM & HAIR DESG     ,SC,29841-2013,Proprietary  ,9,25,34,57,148,205
03088300,ACADEMY OF COSMETOLOGY                  ,SC,29418-5667,Proprietary  ,7,24,31,55,175,230
03293300,STRAND COLLEGE OF HAIR DESIGN           ,SC,29572-4310,Proprietary  ,5,15,20,39,143,182
03304300,CENTURA COLLEGE                         ,SC,29406-9235,Proprietary  ,24,212,236,160,950,1110
03513300,LACY COSMETOLOGY SCHOOL                 ,SC,29803-9084,Proprietary  ,1,9,10,15,80,95
03513301,LACY COSMETOLOGY SCHOOL -               ,SC,29072-0000,Proprietary  ,3,9,12,15,57,72
03513302,LACY COSMETOLOGY SCHOOL -               ,SC,29445-0000,Proprietary  ,2,5,7,12,69,81
03595300,CHARLESTON SCHOOL OF MASSAGE            ,SC,29412-8270,Proprietary  ,3,7,10,11,60,71
03746300,LEGRAND INSTITUTE OF COSMETOLOGY        ,SC,29020-0000,Proprietary  ,1,7,8,28,65,93
03746400,SOUTHEASTERN INSTITUTE                  ,SC,29210-0000,Proprietary  ,9,71,80,91,402,493
03768400,STYLETRENDS BARBER AND HAIRSTYLING ACADE,SC,29730-4511,Proprietary  ,5,9,14,27,97,124
03856400,W. L. BONNER COLLEGE                    ,SC,29203-0000,Private      ,0,2,2,9,83,92
03892300,HARLEY'S BEAUTY & BARBER CAREER INST.   ,SC,29204-1919,Proprietary  ,1,11,12,21,106,127
04096300,CHARLESTON SCHOOL OF LAW                ,SC,29402-0535,Proprietary  ,1,14,15,7,1251,1258
04158100,AIKEN SCHOOL OF COSMETOLOGY             ,SC,29801-4026,Proprietary  ,2,9,11,9,22,31
00345800,AUGUSTANA COLLEGE                       ,SD,57197-0001,Private      ,8,8,16,1817,236,2053
00345900,BLACK HILLS STATE UNIVERSITY            ,SD,57799-9670,Public       ,49,68,117,2318,1749,4067
00346100,DAKOTA WESLEYAN UNIVERSITY              ,SD,57301-4398,Private      ,1,1,2,658,310,968
00346300,DAKOTA STATE UNIVERSITY                 ,SD,57042-1799,Public       ,11,26,37,1257,688,1945
00346500,MOUNT MARTY COLLEGE                     ,SD,57078-3724,Private      ,11,12,23,547,524,1071
00346600,NORTHERN STATE UNIVERSITY               ,SD,57401-7198,Public       ,20,9,29,1539,691,2230
00346700,PRESENTATION COLLEGE                    ,SD,57401-1299,Private      ,3,20,23,336,525,861
00346900,UNIVERSITY OF SIOUX FALLS               ,SD,57105-1699,Private      ,12,23,35,1323,527,1850
00347000,SOUTH DAKOTA SCH OF MINES & TECH        ,SD,57701-3995,Public       ,19,17,36,1407,598,2005
00347100,SOUTH DAKOTA STATE UNIVERSITY           ,SD,57007-2298,Public       ,60,80,140,7854,3186,11040
00347400,UNIVERSITY OF SOUTH DAKOTA              ,SD,57069-2390,Public       ,55,105,160,4585,4404,8989
00405600,SIOUX FALLS SEMINARY                    ,SD,57105-2729,Private      ,0,5,5,1,91,92
00405700,NATIONAL AMERICAN UNIVERSITY            ,SD,57701-3692,Proprietary  ,132,1425,1557,820,8988,9808
00405707,NATIONAL AMERICAN UNIVERSITY            ,SD,57105-0000,Proprietary  ,3,31,34,52,370,422
00492900,MCKENNAN HOSP-RADOLOGICAL TECH          ,SD,57101-0000,Private      ,1,0,1,18,15,33
00530900,LAKE AREA TECHNICAL INSTITUTE           ,SD,57201-2869,Public       ,14,17,31,886,547,1433
00598700,AVERA SACRED HEART HOSPITAL SCHOOL OF RA,SD,57078-3899,Private      ,0,0,0,4,4,8
00776400,SOUTHEAST TECHNICAL INST                ,SD,57107-0000,Public       ,35,86,121,1444,1554,2998
00828400,MITCHELL TECHNICAL INSTITUTE            ,SD,57301-2002,Public       ,10,8,18,636,454,1090
01013800,STEWART SCHOOL                          ,SD,57104-0000,Proprietary  ,5,13,18,96,108,204
01014804,COLORADO TECHNICAL UNIVERSITY           ,SD,57108-2272,Proprietary  ,18,123,141,318,1396,1714
01017000,WESTERN DAKOTA TECHNICAL INSTITUTE      ,SD,57701-4018,Public       ,18,66,84,541,1237,1778
01147701,SIOUX VALLEY HOSP-MEDICAL TECH          ,SD,57117-5039,Private      ,0,0,0,13,12,25
01465900,OGLALA LAKOTA COLLEGE                   ,SD,57752-0490,Public       ,49,222,271,342,1680,2022
02137100,BLACK HILLS BEAUTY COLLEGE              ,SD,57701-0000,Proprietary  ,10,12,22,77,95,172
02143700,SINTE GLESKA UNIVERSITY                 ,SD,57570-0000,Public       ,19,101,120,145,732,877
02144600,KILIAN COMMUNITY COLLEGE                ,SD,57103-7020,Private      ,10,41,51,106,486,592
02277300,SISSETON WAHPETON COLLEGE               ,SD,57262-0000,Public       ,6,42,48,47,209,256
02297800,HEADLINES ACADEMY                       ,SD,57701-0000,Proprietary  ,6,12,18,58,115,173
00347700,AQUINAS COLLEGE                         ,TN,37205-2086,Private      ,1,22,23,257,800,1057
00347701,AQUINAS COLLEGE -  PRIMETIME PROGRAM    ,TN,37214-3644,Private      ,1,15,16,15,223,238
00347800,AUSTIN PEAY STATE UNIVERSITY            ,TN,37044-0002,Public       ,133,383,516,6769,7898,14667
00347900,BELMONT UNIVERSITY                      ,TN,37212-3757,Private      ,64,89,153,5532,3094,8626
00348000,BETHEL UNIVERSITY                       ,TN,38201-1705,Private      ,28,302,330,1304,3524,4828
00348100,CARSON-NEWMAN COLLEGE                   ,TN,37760-2204,Private      ,32,25,57,3075,732,3807
00348200,CHRISTIAN BROTHERS UNIVERSITY           ,TN,38104-5581,Private      ,37,65,102,2105,1708,3813
00348300,COLUMBIA STATE COMMUNITY COLLEGE        ,TN,38401-5653,Public       ,85,200,285,3090,3658,6748
00348500,CUMBERLAND UNIVERSITY                   ,TN,37087-3554,Private      ,27,47,74,1401,1005,2406
00348600,LIPSCOMB UNIVERSITY                     ,TN,37204-3951,Private      ,28,71,99,3098,1730,4828
00348700,EAST TENNESSEE STATE UNIV - MAIN CAMPUS ,TN,37614-2857,Public       ,103,234,337,10426,7597,18023
00348701,EAST TENNESSEE STATE UNIV - MEDICINE    ,TN,37614-1708,Public       ,4,6,10,218,464,682
00348709,EAST TENNESSEE STATE UNIV - PHARMACY    ,TN,37614-1704,Public       ,0,3,3,80,398,478
00349000,FISK UNIVERSITY                         ,TN,37208-3045,Private      ,22,16,38,1232,480,1712
00349200,FREED-HARDEMAN UNIVERSITY               ,TN,38340-2399,Private      ,24,38,62,1753,949,2702
00349500,JOHNSON BIBLE COLLEGE                   ,TN,37998-9775,Private      ,9,5,14,603,322,925
00349600,KING COLLEGE                            ,TN,37620-2699,Private      ,16,44,60,1230,1213,2443
00349800,LAMBUTH UNIVERSITY                      ,TN,38301-5296,Private      ,13,10,23,1143,379,1522
00349900,LANE COLLEGE                            ,TN,38301-4598,Private      ,71,34,105,3219,1237,4456
00350000,LEE UNIVERSITY                          ,TN,37320-0000,Private      ,47,60,107,3563,1420,4983
00350100,LEMOYNE-OWEN COLLEGE                    ,TN,38126-6510,Private      ,33,87,120,1045,1559,2604
00350200,LINCOLN MEMORIAL UNIVERSITY             ,TN,37752-7920,Private      ,13,72,85,1605,3725,5330
00350400,MARTIN METHODIST COLLEGE                ,TN,38478-2799,Private      ,15,17,32,864,544,1408
00350500,MARYVILLE COLLEGE                       ,TN,37804-5907,Private      ,14,9,23,1892,249,2141
00350600,MEHARRY MEDICAL COLLEGE                 ,TN,37208-0000,Private      ,2,11,13,41,1331,1372
00350700,MEMPHIS COLLEGE OF ART                  ,TN,38104-2764,Private      ,14,9,23,624,255,879
00350900,UNIVERSITY OF MEMPHIS (THE)             ,TN,38152-4611,Public       ,256,502,758,15573,17300,32873
00351000,MIDDLE TENNESSEE STATE UNIV             ,TN,37130-0000,Public       ,249,430,679,21523,12540,34063
00351100,MILLIGAN COLLEGE                        ,TN,37682-4001,Private      ,10,24,34,1084,613,1697
00351700,SOUTHERN COLLEGE OF OPTOMETRY           ,TN,38104-2222,Private      ,1,3,4,14,570,584
00351800,SOUTHERN ADVENTIST UNIVERSITY           ,TN,37315-0370,Private      ,26,28,54,2346,710,3056
00351900,RHODES COLLEGE                          ,TN,38112-1690,Private      ,31,15,46,2662,326,2988
00352200,TENNESSEE STATE UNIVERSITY              ,TN,37209-1561,Public       ,203,288,491,10632,8716,19348
00352201,TENNESSEE STATE UNIVERSITY - AVON WILLIA,TN,37203-3401,Public       ,0,0,0,205,106,311
00352300,TENNESSEE TECHNOLOGICAL UNIV            ,TN,38505-0001,Public       ,73,132,205,9023,4185,13208
00352400,TENNESSEE TEMPLE UNIVERSITY             ,TN,37404-3587,Private      ,8,80,88,519,613,1132
00352500,TENNESSEE WESLEYAN COLLEGE              ,TN,37371-0040,Private      ,10,11,21,1198,532,1730
00352600,TREVECCA NAZARENE UNIVERSITY            ,TN,37210-2877,Private      ,19,119,138,1320,2263,3583
00352700,TUSCULUM COLLEGE                        ,TN,37743-0001,Private      ,45,95,140,2182,2018,4200
00352800,UNION UNIVERSITY                        ,TN,38305-3697,Private      ,30,166,196,2652,2702,5354
00352900,UNIVERSITY OF TENNESSEE-CHATTANOOGA     ,TN,37403-2598,Public       ,135,170,305,11729,4656,16385
00353000,UNIVERSITY OF TENNESSEE-KNOXVILLE       ,TN,37996-0150,Public       ,283,266,549,24503,10116,34619
00353006,UNIVERSITY OF TENNESSEE-HEALTH SCI CTR  ,TN,38103-0000,Public       ,4,53,57,301,3119,3420
00353100,UNIVERSITY OF TENNESSEE-MARTIN          ,TN,38238-0002,Public       ,96,145,241,7251,3553,10804
00353400,UNIVERSITY OF THE SOUTH                 ,TN,37383-1000,Private      ,16,6,22,1751,98,1849
00353500,VANDERBILT UNIVERSITY                   ,TN,37240-0001,Private      ,119,88,207,12821,6568,19389
00353501,VANDERBILT UNIV MED CTR ALLIEDHEAL      ,TN,37232-5510,Private      ,1,6,7,43,229,272
00353502,VANDERBILT UNIV - SCH OF MED            ,TN,37232-0000,Private      ,6,4,10,112,1031,1143
00353600,BRYAN COLLEGE                           ,TN,37321-7000,Private      ,11,49,60,1006,615,1621
00399800,CHATTANOOGA STATE COMMUNITY COLLEGE     ,TN,37406-1097,Public       ,160,508,668,4950,8861,13811
00399900,CLEVELAND STATE COMMUNITY COLLEGE       ,TN,37312-2858,Public       ,53,134,187,1867,2877,4744
00402500,TN TECHNOLOGY CTR AT KNOXVILLE          ,TN,37919-2327,Public       ,30,111,141,472,1615,2087
00402600,TENNESSEE TECH. CNTR AT CROSSVILLE      ,TN,38555-4142,Public       ,12,45,57,339,658,997
00461700,NATIONAL COLLEGE OF BUSINESS & TECH     ,TN,37211-6605,Proprietary  ,51,389,440,483,3263,3746
00493400,DRAUGHONS JR CLG OF BUSINESS            ,TN,37217-1056,Proprietary  ,85,452,537,606,3440,4046
00493700,JACKSON STATE COMMUNITY COLLEGE         ,TN,38301-3797,Public       ,65,214,279,2922,4636,7558
00493800,SOUTH COLLEGE                           ,TN,37909-3323,Proprietary  ,32,246,278,476,2223,2699
00494700,WEST TENNESSEE BUSINESS COLLEGE         ,TN,38301-3256,Proprietary  ,10,59,69,136,684,820
00528000,TN TECHNOLOGY CTR AT COVINGTON          ,TN,38019-0249,Public       ,6,38,44,173,399,572
00528100,TN TECHNOLOGY CTR AT ELIZABETHTON       ,TN,37643-0789,Public       ,12,93,105,301,1147,1448
00528200,TN TECHNOLOGY CTR AT HARTSVILLE         ,TN,37074-0000,Public       ,10,36,46,232,519,751
00528300,TN TECHNOLOGY CTR AT NEWBERN            ,TN,38059-1198,Public       ,5,25,30,193,581,774
00530700,TN TECHNOLOGY CTR AT MCMINNVILLE        ,TN,37110-1322,Public       ,5,30,35,185,607,792
00535100,TENNESSEE TECHNOLOGY CENTER AT MORRISTOW,TN,37813-2094,Public       ,16,60,76,494,1369,1863
00535200,TN TECHNOLOGY CENTER AT MCKENZIE        ,TN,38201-1620,Public       ,7,41,48,176,604,780
00535300,TN TECHNOLOGY CENTER AT LIVINGSTON      ,TN,38570-0219,Public       ,17,42,59,271,537,808
00535400,TN TECHNOLOGY CTR AT JACKSON            ,TN,38301-0000,Public       ,11,39,50,445,1426,1871
00535600,TENNESSEE TECHNOLOGY CENTER AT HOHENWALD,TN,38462-0000,Public       ,30,100,130,301,758,1059
00535700,TENNESSEE TECHNOLOGY CENTER AT CRUMP    ,TN,38327-3402,Public       ,11,45,56,268,634,902
00535800,TN TECHNOLOGY CENTER AT ATHENS          ,TN,37371-0848,Public       ,4,15,19,294,549,843
00535900,TENNESSEE TECHNOLOGY CENTER AT NASHVILLE,TN,37209-0000,Public       ,26,142,168,492,1701,2193
00536000,TENNESSEE TECHNOLOGY CENTER AT MEMPHIS  ,TN,38105-3604,Public       ,39,176,215,870,2467,3337
00537800,NORTHEAST STATE COMMUNITY COLLEGE       ,TN,37617-0246,Public       ,78,271,349,3125,5137,8262
00537900,TN TECHNOLOGY CTR AT SHELBYVILLE        ,TN,37160-3697,Public       ,12,47,59,377,1084,1461
00683500,DYERSBURG STATE COMMUNITY COLLEGE       ,TN,38024-0000,Public       ,50,154,204,1740,3206,4946
00683600,MOTLOW STATE COMMUNITY COLLEGE          ,TN,37388-7972,Public       ,74,170,244,2937,3642,6579
00743900,FOUNTAINHEAD COLLEGE OF TECHNOLOGY      ,TN,37918-2583,Proprietary  ,3,29,32,131,463,594
00744000,NASHVILLE AUTO DIESEL COLLEGE           ,TN,37206-3298,Proprietary  ,200,158,358,2865,1296,4161
00778200,TENNESSEE TECHNOLOGY CENTER AT DICKSON  ,TN,37055-0000,Public       ,14,119,133,364,1074,1438
00778300,MIDDLE TENNESSEE SCH OF ANESTHESIA      ,TN,37116-0417,Private      ,1,2,3,19,166,185
00814500,NASHVILLE STATE TECH CMNTY COLLEGE      ,TN,37209-0000,Public       ,118,436,554,3359,7684,11043
00865500,GENESIS CAREER COLLEGE OF COOKEVILLE    ,TN,38501-1959,Proprietary  ,21,75,96,69,214,283
00885900,JOHN A GUPTON COLLEGE                   ,TN,37203-2934,Private      ,4,16,20,100,183,283
00886300,WALTERS STATE COMMUNITY COLLEGE         ,TN,37813-6899,Public       ,88,282,370,4173,5329,9502
00946400,TN TECHNOLOGY CTR AT PULASKI            ,TN,38478-4541,Public       ,9,107,116,153,652,805
00956700,TENNESSEE SCHOOL OF BEAUTY              ,TN,37921-3303,Proprietary  ,11,54,65,202,444,646
00971000,TENNESSEE TECHNOLOGY CENTER AT ONEIDA/HU,TN,37756-4149,Public       ,5,49,54,133,381,514
00991200,VOLUNTEER STATE COMMUNITY COLLEGE       ,TN,37066-3188,Public       ,91,368,459,3931,5913,9844
00991400,ROANE STATE COMMUNITY COLLEGE           ,TN,37748-8664,Public       ,71,262,333,3700,4764,8464
00998200,CRICHTON COLLEGE                        ,TN,38111-4745,Private      ,9,77,86,266,1362,1628
01021700,INTERNATIONAL ACADEMY OF DESIGN & TECH  ,TN,37212-0000,Proprietary  ,34,72,106,541,743,1284
01032600,TN TECHNOLOGY CTR AT HARRIMAN           ,TN,37748-1109,Public       ,6,47,53,216,478,694
01043900,SOUTHWEST TENNESSEE COMMUNITY COLLG     ,TN,38104-3322,Public       ,232,684,916,7305,15439,22744
01044700,"PLAZA BEAUTY SCHOOL, INC.               ",TN,38117-4822,Proprietary  ,14,15,29,78,210,288
01046000,AMERICAN BAPTIST THEOLOGICAL SEMINA     ,TN,37207-4994,Private      ,2,5,7,18,124,142
01052900,MEMPHIS THEOLOGICAL SEMINARY            ,TN,38104-0000,Private      ,0,6,6,2,245,247
01070000,TN TECHNOLOGY CENTER AT JACKSBORO       ,TN,37757-2461,Public       ,6,15,21,146,346,492
01155300,WM R MOORE COLLEGE OF TECHNOLOGY        ,TN,38104-0000,Private      ,7,14,21,91,243,334
01216400,TENNESSEE TECHNICAL CNTR AT RIPLEY      ,TN,38063-7359,Public       ,2,40,42,80,478,558
01254700,EMMANUEL SCHOOL OF RELIGION             ,TN,37601-0000,Private      ,1,5,6,3,84,87
01269300,PELLISSIPPI STATE COMMUNITY COLLEGE     ,TN,37933-0990,Public       ,143,347,490,5525,6030,11555
02069303,VATTEROTT COLLEGE -                     ,TN,38016-5877,Proprietary  ,24,108,132,106,475,581
02092800,TENNESSEE TECHNOLOGY CENTER AT WHITEVILL,TN,38075-0000,Public       ,5,32,37,173,444,617
02103500,TN TECHNOLOGY CTR AT MURFREESBORO       ,TN,37129-0000,Public       ,4,39,43,253,761,1014
02106400,O'MORE COLLEGE OF DESIGN                ,TN,37064-0000,Private      ,3,4,7,189,67,256
02125300,NASHVILLE CLG OF MEDICAL CAREERS        ,TN,37115-0000,Proprietary  ,6,63,69,55,329,384
02153100,JON NAVE UNIVERSITY OF COSMETOLOGY      ,TN,37013-3347,Proprietary  ,33,63,96,193,314,507
02157100,CONCORDE CAREER COLLEGE                 ,TN,38137-0000,Proprietary  ,57,241,298,432,2050,2482
02188300,PENTECOSTAL THEOLOGICAL SEMINARY        ,TN,37320-0000,Private      ,0,9,9,4,234,238
02204200,"CHATTANOOGA COLLEGE - MEDICAL, DENTAL AN",TN,37411-0000,Proprietary  ,18,94,112,132,730,862
02237900,TN TECHNOLOGY CENTER AT PARIS           ,TN,38242-0000,Public       ,3,27,30,161,734,895
02257400,ARNOLD'S BEAUTY SCHOOL                  ,TN,38358-0000,Proprietary  ,5,9,14,43,77,120
02263104,HIGH-TECH INSTITUTE - NASHVILLE         ,TN,37214-2531,Proprietary  ,4,9,13,60,170,230
02275500,REUBEN-ALLEN COLLEGE                    ,TN,37922-0000,Proprietary  ,3,11,14,49,85,134
02278700,MR WAYNES SCH OF UNISEX HAIR DESIGN     ,TN,38501-0000,Proprietary  ,2,10,12,22,58,80
02293900,VOLUNTEER BEAUTY ACADEMY-NASHVILLE      ,TN,37115-2112,Proprietary  ,2,29,31,34,150,184
02294000,VOLUNTEER BEAUTY ACADEMY-DYERSBURG      ,TN,38024-1622,Proprietary  ,0,14,14,17,100,117
02326200,KAPLAN CAREER INSTITUTE                 ,TN,37217-1342,Proprietary  ,33,258,291,266,1628,1894
02326202,KAPLAN CAREER INSTITUTE - THOMPSON LANE ,TN,37204-3692,Proprietary  ,0,0,0,21,118,139
02326300,MEDVANCE INSTITUTE                      ,TN,38501-4305,Proprietary  ,12,81,93,149,659,808
02335900,VOLUNTEER BEAUTY ACADEMY-NASHVILLE      ,TN,37209-3033,Proprietary  ,4,10,14,21,102,123
02359800,ITT TECHNICAL INSTITUTE                 ,TN,37214-3717,Proprietary  ,187,526,713,1403,3594,4997
02498000,NEW WAVE HAIR ACADEMY                   ,TN,38128-0000,Proprietary  ,0,0,0,29,90,119
02539800,QUEEN CITY COLLEGE                      ,TN,37042-0000,Proprietary  ,1,37,38,45,264,309
02540000,TENNESSEE ACADEMY OF COSMETOLOGY        ,TN,38133-0000,Proprietary  ,4,25,29,58,197,255
02578200,NOSSI COLLEGE OF ART                    ,TN,37072-0000,Proprietary  ,14,22,36,330,377,707
02595000,FAYETTEVILLE BEAUTY SCHOOL              ,TN,37334-2909,Proprietary  ,1,15,16,18,93,111
02597600,NEW WAVE HAIR ACADEMY                   ,TN,38301-3812,Proprietary  ,0,0,0,28,107,135
02599710,VATTEROTT COLLEGE - MEMPHIS             ,TN,38132-1714,Proprietary  ,21,110,131,181,1042,1223
02605501,REMINGTON COLLEGE - MEMPHIS CAMPUS      ,TN,38132-0000,Proprietary  ,44,197,241,488,1962,2450
02609204,VATTEROTT COLLEGE - VATTEROTT CAREER COL,TN,38133-4727,Proprietary  ,12,74,86,108,517,625
02614200,MILLER MOTTE BUSINESS COLLEGE           ,TN,37040-6023,Proprietary  ,21,148,169,310,1265,1575
02614203,MILLER - MOTTE TECHNICAL COLLEGE - CHATT,TN,37421-7220,Proprietary  ,14,142,156,244,1179,1423
02614204,MILLER - MOTTE TECHNICAL COLLEGE - GOODL,TN,37072-1870,Proprietary  ,17,100,117,111,534,645
03001800,FREE WILL BAPTIST BIBLE COLLEGE         ,TN,37205-2498,Private      ,3,9,12,236,158,394
03008800,FRANKLIN ACADEMY                        ,TN,37312-3939,Private      ,2,19,21,30,97,127
03010606,VIRGINIA COLLEGE - SCH OF BUSNSS & HLTH ,TN,37411-5600,Proprietary  ,5,30,35,53,350,403
03012500,NEW WAVE HAIR ACADEMY                   ,TN,38111-4253,Proprietary  ,0,0,0,50,173,223
03024900,TENNESSEE ACADEMY OF COSMETOLOGY        ,TN,38125-3442,Proprietary  ,2,9,11,56,166,222
03061100,GENESIS CAREER COLLEGE OF LEBANON       ,TN,37087-2718,Proprietary  ,28,67,95,130,386,516
03073400,ITT TECHNICAL INSTITUTE                 ,TN,37932-3343,Proprietary  ,254,623,877,1707,4369,6076
03076405,HIGH-TECH INSTITUTE - MEMPHIS           ,TN,38134-7345,Proprietary  ,2,17,19,68,282,350
03079100,NORTH CENTRAL INSTITUTE                 ,TN,37042-3116,Proprietary  ,1,15,16,17,101,118
03088800,WATKINS INSTITUTE COLLEGE OF ART & DESIG,TN,37228-1306,Private      ,8,6,14,466,290,756
03126900,STYLES & PROFILES BEAUTY COLLEGE        ,TN,38375-2109,Proprietary  ,0,4,4,8,34,42
03149300,NEW DIRECTIONS HAIR ACADEMY             ,TN,37209-0000,Proprietary  ,0,0,0,44,126,170
03355400,RICHMONT GRADUATE UNIVERSITY            ,TN,37404-0000,Private      ,0,4,4,4,234,238
03440300,BAPTIST MEMORIAL COLLEGE OF HEALTH      ,TN,38104-3104,Private      ,5,21,26,754,1601,2355
03480303,MEDVANCE INSTITUTE - NASHVILLE          ,TN,37203-1536,Proprietary  ,27,132,159,181,893,1074
03513500,WILLIAMSON CHRISTIAN COLLEGE            ,TN,37067-8237,Private      ,1,12,13,4,62,66
03647300,NEW CONCEPTS SCHOOL OF COSMETOLOGY      ,TN,37311-7373,Proprietary  ,2,11,13,19,62,81
03683300,INTERNATIONAL BARBER & STYLE COLLEGE    ,TN,37209-0000,Proprietary  ,8,53,61,46,273,319
03701300,MEMPHIS INSTITUTE OF BARBERING          ,TN,38107-4334,Proprietary  ,10,21,31,70,261,331
03774400,SHEAR ACADEMY                           ,TN,38555-4177,Proprietary  ,2,5,7,10,41,51
03830300,SAE INSTITUTE OF TECHNOLOGY             ,TN,37203-4310,Proprietary  ,6,29,35,174,274,448
03841300,CAREER BEAUTY COLLEGE                   ,TN,38464-3634,Proprietary  ,1,5,6,12,34,46
03920300,INSTITUTE OF HAIR DESIGN                ,TN,38310-1801,Proprietary  ,3,10,13,23,45,68
03930300,BUCHANAN BEAUTY COLLEGE                 ,TN,37160-2741,Proprietary  ,2,10,12,16,102,118
03982300,VISIBLE SCHOOL - MUSIC AND WORSHIPS ARTS,TN,38104-5814,Private      ,1,0,1,93,38,131
04025300,LAST MINUTE CUTS SCHOOL OF BARBERING AND,TN,38109-7709,Proprietary  ,0,0,0,9,18,27
04035300,NAVE COSMETOLOGY ACADEMY                ,TN,38401-6335,Proprietary  ,8,20,28,61,188,249
04124100,ELITE COLLEGE OF COSMETOLOGY            ,TN,38351-1431,Proprietary  ,5,13,18,32,93,125
04157200,LOVE BEAUTY SCHOOL                      ,TN,37355-2950,Proprietary  ,4,18,22,7,38,45
00353700,ABILENE CHRISTIAN UNIVERSITY            ,TX,79699-3701,Private      ,48,102,150,4422,1703,6125
00353900,ALVIN COMMUNITY COLLEGE                 ,TX,77511-4807,Public       ,42,149,191,1057,2300,3357
00354000,AMARILLO COLLEGE                        ,TX,79109-2446,Public       ,98,388,486,3138,7034,10172
00354100,ANGELO STATE UNIVERSITY                 ,TX,76909-5069,Public       ,115,102,217,6052,2600,8652
00354300,AUSTIN COLLEGE                          ,TX,75090-4440,Private      ,21,6,27,1946,181,2127
00354400,AUSTIN PRESBYTERIAN THEOLOGICAL SEM     ,TX,78705-5797,Private      ,0,2,2,0,140,140
00354500,BAYLOR UNIVERSITY                       ,TX,76798-1458,Private      ,369,128,497,18370,4434,22804
00354600,COASTAL BEND COLLEGE                    ,TX,78102-2197,Public       ,66,184,250,1741,2693,4434
00354900,BLINN COLLEGE                           ,TX,77833-4098,Public       ,245,230,475,9306,4478,13784
00355300,CISCO JUNIOR COLLEGE                    ,TX,76437-9803,Public       ,54,125,179,1932,2628,4560
00355400,CLARENDON COLLEGE                       ,TX,79226-0000,Public       ,20,48,68,525,640,1165
00355600,COMMONWEALTH INST OF FUNERAL SVC        ,TX,77090-5918,Private      ,3,25,28,55,219,274
00355700,CONCORDIA UNIVERSITY TEXAS              ,TX,78726-4141,Private      ,15,134,149,1233,2213,3446
00355800,NORTH CENTRAL TEXAS COLLEGE             ,TX,76240-4699,Public       ,94,226,320,2769,4177,6946
00356000,DALLAS BAPTIST UNIVERSITY               ,TX,75211-9299,Private      ,43,239,282,2534,4333,6867
00356100,CEDAR VALLEY COLLEGE                    ,TX,75134-0000,Public       ,82,277,359,1914,4316,6230
00356200,DALLAS THEOLOGICAL SEM                  ,TX,75204-0000,Private      ,0,24,24,15,653,668
00356300,DEL MAR COLLEGE                         ,TX,78404-3897,Public       ,143,410,553,4963,7878,12841
00356400,EAST TEXAS BAPTIST UNIVERSITY           ,TX,75670-1423,Private      ,13,9,22,1442,364,1806
00356500,TEXAS A&M UNIVERSITY - COMMERCE         ,TX,75429-3011,Public       ,107,291,398,4260,6484,10744
00356600,EPISCOPAL THEOL SEM OF THE STHWST       ,TX,78768-0000,Private      ,0,0,0,1,13,14
00356800,FRANK PHILLIPS COLLEGE                  ,TX,79008-0000,Public       ,18,53,71,456,653,1109
00357000,GRAYSON COUNTY COLLEGE                  ,TX,75020-8299,Public       ,75,185,260,1594,3596,5190
00357100,HARDIN-SIMMONS UNIVERSITY               ,TX,79698-6050,Private      ,27,21,48,2245,979,3224
00357200,TRINITY VALLEY COMMUNITY COLLEGE        ,TX,75751-2734,Public       ,105,343,448,2108,4248,6356
00357300,HILL COLLEGE                            ,TX,76645-2711,Public       ,31,91,122,853,1280,2133
00357301,HILL COLLEGE                            ,TX,76031-0000,Public       ,23,128,151,664,1815,2479
00357400,HOWARD COLLEGE                          ,TX,79720-0213,Public       ,40,126,166,1245,2358,3603
00357500,HOWARD PAYNE UNIVERSITY                 ,TX,76801-2715,Private      ,20,11,31,1265,405,1670
00357600,HOUSTON BAPTIST UNIVERSITY              ,TX,77074-3298,Private      ,66,73,139,3954,2243,6197
00357700,HUSTON - TILLOTSON UNIVERSITY           ,TX,78702-2795,Private      ,14,35,49,970,643,1613
00357800,UNIVERSITY OF THE INCARNATE WORD        ,TX,78209-6398,Private      ,57,177,234,4369,4782,9151
00357900,JACKSONVILLE COLLEGE                    ,TX,75766-4759,Private      ,9,15,24,229,182,411
00358000,KILGORE COLLEGE                         ,TX,75662-3299,Public       ,86,196,282,2938,4685,7623
00358100,LAMAR UNIVERSITY-BEAUMONT               ,TX,77710-0042,Public       ,179,493,672,7712,7200,14912
00358200,LAREDO COMMUNITY COLLEGE                ,TX,78040-4395,Public       ,106,150,256,5488,4874,10362
00358300,LEE COLLEGE                             ,TX,77520-4796,Public       ,74,219,293,1601,3829,5430
00358400,LETOURNEAU UNIVERSITY                   ,TX,75607-0000,Private      ,21,181,202,1560,3449,5009
00358500,LON MORRIS COLLEGE                      ,TX,75766-2900,Private      ,23,14,37,799,216,1015
00358600,LUBBOCK CHRISTIAN UNIVERSITY            ,TX,79407-2099,Private      ,21,67,88,1368,1329,2697
00358800,UNIVERSITY OF MARY HARDIN-BAYLOR        ,TX,76513-2599,Private      ,40,45,85,3148,1354,4502
00359000,MCLENNAN COMMUNITY COLLEGE              ,TX,76708-1498,Public       ,88,259,347,3800,7237,11037
00359100,MCMURRY UNIVERSITY                      ,TX,79697-0001,Private      ,24,12,36,1791,743,2534
00359200,MIDWESTERN STATE UNIVERSITY             ,TX,76308-2099,Public       ,67,133,200,4053,3068,7121
00359300,NAVARRO COLLEGE                         ,TX,75110-4818,Public       ,129,339,468,3833,5536,9369
00359400,UNIVERSITY OF NORTH TEXAS               ,TX,76203-1370,Public       ,454,703,1157,24876,19303,44179
00359500,OBLATE SCHOOL OF THEOLOGY               ,TX,78216-0000,Private      ,0,0,0,4,21,25
00359600,ODESSA COLLEGE                          ,TX,79764-7127,Public       ,68,192,260,1707,3111,4818
00359800,OUR LADY OF THE LAKE UNIVERSITY         ,TX,78207-4689,Private      ,24,90,114,1910,2717,4627
00359900,UNIVERSITY OF TEXAS - PAN AMERICAN      ,TX,78541-2999,Public       ,312,349,661,14735,9993,24728
00360000,PANOLA COLLEGE                          ,TX,75633-2397,Public       ,29,127,156,832,1600,2432
00360100,PARIS JR COLLEGE                        ,TX,75460-6298,Public       ,112,298,410,1899,3534,5433
00360200,PAUL QUINN COLLEGE                      ,TX,75241-4398,Private      ,3,22,25,409,713,1122
00360300,RANGER COLLEGE                          ,TX,76470-3298,Public       ,14,23,37,444,382,826
00360400,RICE UNIVERSITY                         ,TX,77251-1892,Private      ,99,80,179,8155,2300,10455
00360600,SAM HOUSTON STATE UNIVERSITY            ,TX,77340-0000,Public       ,243,312,555,13946,6904,20850
00360700,ALAMO CMTY CLG DISTRICT PROGRAM         ,TX,78207-0000,Public       ,16,56,72,506,800,1306
00360800,ST PHILLIPS COLLEGE                     ,TX,78203-2098,Public       ,156,567,723,4809,10339,15148
00360900,SAN JACINTO CLG-CENTRAL-NORTH-SOUTH     ,TX,77501-0000,Public       ,353,805,1158,7436,11683,19119
00361000,SCHREINER UNIVERSITY                    ,TX,78028-5697,Private      ,16,24,40,1347,500,1847
00361100,SOUTH PLAINS COLLEGE                    ,TX,79336-6504,Public       ,135,246,381,4692,5487,10179
00361200,UNIV OF HOUSTON-DOWNTOWN                ,TX,77002-1001,Public       ,178,347,525,6307,10136,16443
00361300,SOUTHERN METHODIST UNIVERSITY           ,TX,75275-0181,Private      ,101,150,251,6085,5587,11672
00361400,SOUTHWEST TEXAS JR COLLEGE              ,TX,78801-6221,Public       ,113,203,316,2594,3448,6042
00361500,TEXAS STATE UNIVERSITY--SAN MARCOS      ,TX,78666-4602,Public       ,469,455,924,24605,13910,38515
00361600,SOUTHWESTERN ASSEMBLIES OF GOD UNIV     ,TX,75165-2397,Private      ,39,44,83,1539,1229,2768
00361700,SOUTHWESTERN BAPTIST THEOL SEMINARY     ,TX,76122-0000,Private      ,0,4,4,45,181,226
00361800,SOUTHWESTERN CHRISTIAN COLLEGE          ,TX,75160-3400,Private      ,6,5,11,219,117,336
00361900,SOUTHWESTERN ADVENTIST UNIVERSITY       ,TX,76059-1922,Private      ,10,15,25,643,439,1082
00362000,SOUTHWESTERN UNIVERSITY                 ,TX,78626-6111,Private      ,17,10,27,2198,233,2431
00362100,ST EDWARDS UNIVERSITY                   ,TX,78704-0000,Private      ,42,107,149,4680,2780,7460
00362300,ST MARY'S UNIV OF SAN ANTONIO           ,TX,78228-8500,Private      ,45,56,101,3617,2898,6515
00362400,STEPHEN F AUSTIN STATE UNIVERSITY       ,TX,75962-0001,Public       ,262,204,466,12516,4863,17379
00362500,SUL ROSS STATE UNIVERSITY               ,TX,79832-0113,Public       ,29,93,122,1552,2044,3596
00362600,TARRANT COUNTY COLLEGE                  ,TX,76102-6599,Public       ,541,1645,2186,14197,24615,38812
00362700,TEMPLE COLLEGE                          ,TX,76504-7435,Public       ,57,256,313,2145,4720,6865
00362800,TEXARKANA COLLEGE                       ,TX,75599-0001,Public       ,52,158,210,1741,3036,4777
00363000,PRAIRIE VIEW A&M UNIVERSITY             ,TX,77446-2967,Public       ,176,189,365,10105,6129,16234
00363100,TARLETON STATE UNIVERSITY               ,TX,76402-0000,Public       ,123,202,325,6206,5668,11874
00363200,TEXAS A&M UNIVERSITY                    ,TX,77842-0000,Public       ,675,246,921,35613,8780,44393
00363204,TEXAS A&M UNIVERSITY - GALVESTON        ,TX,77553-1675,Public       ,0,0,0,417,146,563
00363400,TEXAS STATE TECHNICAL CLG AT WACO       ,TX,76705-1695,Public       ,99,264,363,3113,4314,7427
00363500,TEXAS CHIROPRACTIC COLLEGE              ,TX,77505-1699,Private      ,0,7,7,12,426,438
00363600,TEXAS CHRISTIAN UNIVERSITY              ,TX,76129-0001,Private      ,167,107,274,8984,3157,12141
00363700,JARVIS CHRISTIAN COLLEGE                ,TX,75765-1470,Private      ,18,3,21,738,286,1024
00363800,TEXAS COLLEGE                           ,TX,75702-4500,Private      ,18,33,51,873,726,1599
00363900,TEXAS A&M UNIVERSITY-KINGSVILLE         ,TX,78363-8203,Public       ,128,235,363,6196,5426,11622
00364100,TEXAS LUTHERAN UNIVERSITY               ,TX,78155-5999,Private      ,23,7,30,1839,298,2137
00364200,TEXAS SOUTHERN UNIVERSITY               ,TX,77004-4598,Public       ,188,343,531,9452,11690,21142
00364300,TEXAS SOUTHMOST COLLEGE                 ,TX,78520-4992,Public       ,4,11,15,221,372,593
00364400,TEXAS TECH UNIVERSITY                   ,TX,79409-0000,Public       ,374,292,666,21924,9943,31867
00364500,TEXAS WESLEYAN UNIVERSITY               ,TX,76105-1536,Private      ,27,70,97,1223,3811,5034
00364600,TEXAS WOMAN'S UNIVERSITY                ,TX,76204-5587,Public       ,101,332,433,5565,10620,16185
00364700,TRINITY UNIVERSITY                      ,TX,78212-7200,Private      ,36,25,61,3378,552,3930
00364800,TYLER JUNIOR COLLEGE                    ,TX,75701-3436,Public       ,156,288,444,6774,7163,13937
00365100,UNIVERSITY OF DALLAS                    ,TX,75062-4799,Private      ,20,61,81,1888,1410,3298
00365200,UNIVERSITY OF HOUSTON                   ,TX,77204-2010,Public       ,516,775,1291,26965,24215,51180
00365400,UNIVERSITY OF ST THOMAS                 ,TX,77006-4626,Private      ,14,130,144,1552,1543,3095
00365600,UNIVERSITY OF TEXAS-ARLINGTON           ,TX,76019-0000,Public       ,269,839,1108,17439,20594,38033
00365800,UNIVERSITY OF TEXAS-AUSTIN              ,TX,78713-7758,Public       ,458,427,885,40010,20036,60046
00365900,UT HEALTH CENTER-SAN ANTONIO            ,TX,78229-3900,Public       ,16,49,65,624,3150,3774
00366100,UNIVERSITY OF TEXAS-EL PASO             ,TX,79968-0629,Public       ,297,427,724,12294,11393,23687
00366200,VICTORIA COLLEGE (THE)                  ,TX,77901-4494,Public       ,56,150,206,1432,2777,4209
00366300,WAYLAND BAPTIST UNIVERSITY              ,TX,79072-6998,Private      ,25,321,346,1039,3538,4577
00366400,WEATHERFORD COLLEGE                     ,TX,76086-5699,Public       ,61,166,227,2131,3043,5174
00366500,WEST TEXAS A&M UNIVERSITY               ,TX,79016-0000,Public       ,83,134,217,5074,3801,8875
00366800,WHARTON COUNTY JR COLLEGE               ,TX,77488-3298,Public       ,96,177,273,2407,2965,5372
00366900,WILEY COLLEGE                           ,TX,75670-5199,Private      ,17,30,47,985,849,1834
00400300,CENTRAL TEXAS COLLEGE                   ,TX,76540-4199,Public       ,108,1214,1322,2478,12396,14874
00407221,NORTHWOOD UNIVERSITY                    ,TX,75104-0000,Private      ,14,52,66,611,879,1490
00445300,EL CENTRO COLLEGE                       ,TX,75202-0000,Public       ,135,637,772,3231,8941,12172
00481102,EVEREST INSTITUTE - EVEREST COLLEGE     ,TX,76011-6750,Proprietary  ,31,215,246,270,1239,1509
00494800,TEXAS A&M UNIV SYSTEM HEALTH SCI CT     ,TX,77840-7896,Public       ,22,12,34,589,1644,2233
00494900,BAYLOR COLLEGE OF MEDICINE              ,TX,77030-0000,Private      ,5,21,26,241,1376,1617
00495100,UNIV OF TEXAS HEALTH SCIENCE CENTER     ,TX,77225-0000,Public       ,3,53,56,391,2998,3389
00495200,UNIV OF TEXAS MEDICAL BRANCH            ,TX,77550-0000,Public       ,5,38,43,207,2224,2431
00497200,GALVESTON COLLEGE                       ,TX,77550-7447,Public       ,54,125,179,898,1552,2450
00497700,SOUTH TEXAS COLLEGE OF LAW              ,TX,77002-0000,Private      ,2,12,14,36,2142,2178
00520307,REMINGTON COLLEGE - DALLAS CAMPUS       ,TX,75041-9935,Proprietary  ,5,18,23,99,307,406
00660600,BAPTIST HS SCHOOL OF HEALTH PROFESSIONS ,TX,78229-3234,Proprietary  ,2,24,26,166,913,1079
00661200,COVENANT SCH OF NSG & ALLIED HEALTH     ,TX,79410-0000,Private      ,1,6,7,130,360,490
00666100,ANGELINA COLLEGE                        ,TX,75902-0000,Public       ,78,248,326,2134,3851,5985
00694100,DALLAS CHRISTIAN COLLEGE                ,TX,75234-7229,Private      ,5,14,19,234,367,601
00709600,COLLEGE OF THE MAINLAND                 ,TX,77591-2499,Public       ,61,211,272,1054,2756,3810
00728700,BRAZOSPORT COLLEGE                      ,TX,77566-3199,Public       ,91,103,194,1159,1702,2861
00732907,ITT TECHNICAL INSTITUTE                 ,TX,77063-3751,Proprietary  ,7,38,45,154,496,650
00754805,WESTWOOD COLLEGE OF TECHNOLOGY          ,TX,77074-0000,Proprietary  ,38,118,156,509,932,1441
00758602,REMINGTON COLLEGE - FORT WORTH CAMPUS   ,TX,76112-1280,Proprietary  ,50,147,197,397,1222,1619
00835300,LINCOLN COLLEGE OF TECHNOLOGY           ,TX,75052-0000,Proprietary  ,238,244,482,1451,1628,3079
00849800,MIMS CLASSIC BEAUTY COLLEGE             ,TX,78216-0000,Proprietary  ,1,8,9,28,75,103
00850300,MOUNTAIN VIEW COLLEGE                   ,TX,75211-6599,Public       ,93,353,446,2887,5601,8488
00850400,RICHLAND COLLEGE                        ,TX,75243-2199,Public       ,173,606,779,4139,7096,11235
00851000,EASTFIELD COLLEGE                       ,TX,75150-2099,Public       ,151,472,623,3462,6684,10146
00907905,EVEREST COLLEGE                         ,TX,75206-5209,Proprietary  ,73,286,359,498,2107,2605
00908200,INTERNATIONAL BUSINESS COLLEGE          ,TX,79903-0000,Proprietary  ,38,150,188,195,708,903
00916300,SAN ANTONIO COLLEGE                     ,TX,78212-4299,Public       ,325,912,1237,11501,18666,30167
00922500,TEXAS STATE TECHNICAL COLLEGE  HARLINGEN,TX,78550-3697,Public       ,137,322,459,3353,4109,7462
00946600,KAPLAN CAREER INSTITUTE                 ,TX,78216-1899,Proprietary  ,54,280,334,392,1787,2179
00946607,SAN ANT COL OF MED & DENTAL - MCALLEN   ,TX,78503-1622,Proprietary  ,55,198,253,481,1357,1838
00946609,CAREER CENTERS OF TX - CORPUS CHRISTI   ,TX,78416-9900,Proprietary  ,29,161,190,216,1246,1462
00946610,KAPLAN CAREER INSTITUTE - CAREER CENTERS,TX,76103-2310,Proprietary  ,41,167,208,232,1120,1352
00954900,WESTERN TEXAS COLLEGE                   ,TX,79549-9501,Public       ,15,35,50,640,491,1131
00965100,TEXAS A&M INTERNATIONAL UNIVERSITY      ,TX,78041-1900,Public       ,75,130,205,4382,3284,7666
00974100,UNIVERSITY OF TEXAS AT DALLAS           ,TX,75083-0000,Public       ,130,304,434,7502,8841,16343
00976800,UNIVERSITY OF NORTH TEXAS HEALTH SCIENCE,TX,76107-2699,Public       ,3,24,27,135,1568,1703
00979700,MIDLAND COLLEGE                         ,TX,79705-6397,Public       ,34,142,176,1668,2753,4421
00982802,EVEREST INSTITUTE- AUSTIN               ,TX,78754-0000,Proprietary  ,89,334,423,442,1949,2391
00993000,UNIVERSITY OF TEXAS-PERMIAN BASIN       ,TX,79762-0001,Public       ,32,102,134,1692,2285,3977
00993200,TEXAS STATE TECH CLG-WEST TEXAS         ,TX,79556-4108,Public       ,23,89,112,637,1059,1696
00993201,TEXAS STATE TECH COLLEGE-ABILENE        ,TX,79601-0000,Public       ,5,34,39,190,493,683
00993204,TEXAS STATE TECH CLG-BRECKENRIDGE       ,TX,76424-0000,Public       ,2,10,12,40,205,245
00993205,TEXAS STATE TECH COLLEGE-BROWNWOOD      ,TX,76801-0000,Public       ,7,37,44,122,421,543
01001900,UNIV OF TEXAS SOUTHWESTERN MED CTR      ,TX,75390-9096,Public       ,6,32,38,183,1811,1994
01005700,AMERICAN COMMERCIAL COLLEGE             ,TX,79602-1399,Proprietary  ,13,98,111,59,505,564
01005900,AMERICAN COMMERCIAL COLLEGE             ,TX,79761-0000,Proprietary  ,9,49,58,46,300,346
01005901,AMERICAN COMMERCIAL COLLEGE - AMERICAN C,TX,76310-2303,Proprietary  ,9,64,73,41,391,432
01006000,VERNON COLLEGE                          ,TX,76384-4092,Public       ,38,113,151,1123,2559,3682
01011500,UNIVERSITY OF TEXAS-SAN ANTONIO         ,TX,78249-0600,Public       ,438,444,882,25170,16291,41461
01013000,WADE COLLEGE                            ,TX,75207-3199,Proprietary  ,16,23,39,217,229,446
01038700,EL PASO COMMUNITY COLLEGE               ,TX,79998-0000,Public       ,485,873,1358,13319,15425,28744
01050900,HALLMARK COLLEGE OF AERONAUTICS         ,TX,78214-0000,Proprietary  ,47,229,276,355,1399,1754
01062400,CENTRAL TEXAS COMMERCIAL COLLEGE        ,TX,75231-5033,Proprietary  ,5,44,49,35,198,233
01063300,HOUSTON COMMUNITY COLLEGE               ,TX,77002-0000,Public       ,868,2845,3713,17715,38596,56311
01067400,TEXAS TECH U HEALTH SCIENCES CENTER     ,TX,79430-0000,Public       ,20,46,66,725,3121,3846
01076100,DALLAS INSTITUTE OF FUNERAL SERVICE     ,TX,75227-4314,Private      ,4,36,40,59,291,350
01114500,LONE STAR COLLEGE SYSTEM                ,TX,77073-3499,Public       ,580,1644,2224,6509,13415,19924
01114501,LONE STAR COLLEGE-KINGWOOD              ,TX,77339-0000,Public       ,34,59,93,1581,3063,4644
01114502,LONE STAR COLLEGE-TOMBALL               ,TX,77375-0000,Public       ,24,61,85,1246,2235,3481
01114503,LONE STAR COLLEGE-MONTGOMERY            ,TX,77384-0000,Public       ,26,61,87,1929,3706,5635
01114504,LONE STAR COLLEGE-CY-FAIR               ,TX,77433-1383,Public       ,20,51,71,2467,3406,5873
01116100,TEXAS A&M UNIV CORPUS CHRISTI           ,TX,78412-5599,Public       ,141,166,307,7832,4923,12755
01116300,UNIVERSITY OF TEXAS AT TYLER            ,TX,75799-6699,Public       ,74,156,230,3983,4167,8150
01171100,UNIVERSITY OF HOUSTON-CLEAR LAKE        ,TX,77058-1002,Public       ,44,241,285,1712,6490,8202
01201500,AUSTIN COMMUNITY COLLEGE                ,TX,78752-4390,Public       ,507,1621,2128,13327,23867,37194
01202000,VICTORIA BEAUTY COLLEGE                 ,TX,77901-6233,Proprietary  ,5,33,38,55,154,209
01226800,BALDWIN BEAUTY SCHOOL #5                ,TX,78704-4785,Proprietary  ,13,28,41,117,304,421
01229700,LAREDO BEAUTY COLLEGE                   ,TX,78040-1051,Proprietary  ,12,48,60,87,308,395
01248200,ATI TECHNICAL TRAINING CENTER           ,TX,75235-4622,Proprietary  ,217,747,964,1062,4234,5296
01248209,ATI CAREER TRAINING CENTER - GARLAND    ,TX,75041-2497,Proprietary  ,1,10,11,16,92,108
01248210,ATI CAREER TRAINING CENTER - WACO       ,TX,76711-1682,Proprietary  ,4,8,12,20,84,104
01248300,COSMETOLOGY CAREER CENTER-A PAUL MITCHEL,TX,75006-2567,Proprietary  ,31,85,116,273,475,748
01248800,INTERNATIONAL BEAUTY COLLEGE NO 3       ,TX,75040-0000,Proprietary  ,1,16,17,21,89,110
01276400,METROPLEX BEAUTY SCHOOL                 ,TX,75149-0000,Proprietary  ,4,22,26,37,150,187
01293000,CHARLES & SUE'S SCH OF HAIR DESIGN      ,TX,77801-0000,Proprietary  ,3,11,14,51,80,131
01293200,TINT SCHOOL OF MAKEUP & COSMETOLOGY     ,TX,75061-4235,Proprietary  ,3,11,14,20,92,112
01300300,NEILSON BEAUTY COLLEGE                  ,TX,75208-4637,Proprietary  ,2,15,17,26,116,142
01301600,OGLE SCHOOL HAIR SKIN NAILS             ,TX,76013-7400,Proprietary  ,33,44,77,176,335,511
01323100,UNIVERSITY OF HOUSTON-VICTORIA          ,TX,77901-5731,Public       ,25,115,140,465,2902,3367
02058600,CONLEE'S COLLEGE OF COSMETOLOGY         ,TX,78028-0000,Proprietary  ,2,6,8,14,53,67
02069302,VATTEROTT COLLEGE - VATTEROTT EDUCATION ,TX,75220-5441,Proprietary  ,22,99,121,121,540,661
02074100,CAPITOL CITY TRADE & TECHNICAL SCH      ,TX,78704-0000,Proprietary  ,70,125,195,401,802,1203
02077400,NORTH LAKE COLLEGE                      ,TX,75038-0000,Public       ,102,298,400,2305,4267,6572
02078100,STEPHENVILLE BEAUTY COLLEGE             ,TX,76401-0000,Proprietary  ,3,4,7,17,35,52
02081400,ARLINGTON BAPTIST COLLEGE               ,TX,76012-0000,Private      ,4,9,13,96,179,275
02093600,SOUTHWEST SCHOOL OF ELECTRONIC          ,TX,78735-0000,Proprietary  ,7,10,17,32,57,89
02098300,WESTERN TECHNICAL COLLEGE               ,TX,79927-2105,Proprietary  ,155,220,375,1085,1501,2586
02100200,BROOKHAVEN COLLEGE                      ,TX,75244-0000,Public       ,88,434,522,2196,5206,7402
02113610,AMERICAN INTERCONTINENTAL UNIV - HOUSTON,TX,77042-4516,Proprietary  ,12,84,96,188,870,1058
02116008,SANFORD-BROWN COLLEGE - HOUSTON         ,TX,77036-8507,Proprietary  ,65,301,366,514,1866,2380
02116012,SANFORD-BROWN INSTITUTE - HOUSTON NORTH ,TX,77008-1058,Proprietary  ,27,98,125,167,763,930
02117100,ART INSTITUTE OF HOUSTON                ,TX,77056-0000,Proprietary  ,187,309,496,3151,3075,6226
02119200,COURT REPORTING INSTITUTE OF DALLAS     ,TX,75247-6913,Proprietary  ,4,59,63,105,881,986
02119202,COURT REPORTING INSTIUTE OF DALLAS - COU,TX,77040-6315,Proprietary  ,2,61,63,71,583,654
02128302,INSTITUTE FOR BUSINESS & TECHNOLOGY - LA,TX,78230-2520,Proprietary  ,24,83,107,121,493,614
02136800,AMERICAN COMMERCIAL COLLEGE             ,TX,76904-0000,Proprietary  ,8,46,54,52,281,333
02144800,VET TECH INSTITUTE OF HOUSTON           ,TX,77027-9881,Proprietary  ,19,29,48,208,244,452
02176100,PIPO ACADEMY OF HAIR DESIGN             ,TX,79903-0000,Proprietary  ,3,16,19,26,80,106
02200800,AMERICAN COMMERCIAL COLLEGE             ,TX,79411-0000,Proprietary  ,11,63,74,45,383,428
02218300,SOUTHWEST SCHOOL OF BUSINESS & TECHNICAL,TX,78221-0000,Proprietary  ,42,182,224,203,844,1047
02218305,SOUTHWEST SCHOOL OF BUSINESS AND TECHNIC,TX,78501-6053,Proprietary  ,17,33,50,75,252,327
02218306,SOUTHWEST SCHOOL OF BUSINESS AND TECHNIC,TX,78413-2045,Proprietary  ,6,55,61,40,246,286
02224600,TRI-STATE BEAUTY SCHOOL #1              ,TX,79915-0000,Proprietary  ,9,72,81,130,417,547
02230500,OGLE SCHOOL HAIR SKIN NAILS             ,TX,76132-3638,Proprietary  ,55,134,189,315,701,1016
02230600,OGLE SCHOOL HAIR SKIN NAILS             ,TX,76053-4650,Proprietary  ,13,21,34,112,199,311
02239100,CENTRAL TEXAS BEAUTY COLLEGE #2         ,TX,78664-4204,Proprietary  ,5,45,50,43,260,303
02248200,MILAN INSTITUTE OF COSMETOLOGY          ,TX,79103-0000,Proprietary  ,127,317,444,753,1977,2730
02254800,TEXAS VOCATIONAL SCHOOLS                ,TX,77901-0000,Proprietary  ,11,30,41,61,162,223
02259400,AMBERTON UNIVERSITY                     ,TX,75041-0000,Private      ,1,25,26,19,305,324
02261300,EVEREST INSTITUTE                       ,TX,78213-3841,Proprietary  ,63,356,419,311,1903,2214
02261302,EVEREST INSTITUTE - HOUSTON GREENSPOINT ,TX,77060-3249,Proprietary  ,53,287,340,339,1750,2089
02261303,EVEREST INSTITUTE - HOUSTON HOBBY       ,TX,77087-2737,Proprietary  ,49,263,312,304,1470,1774
02267100,EXPOSITO SCHOOL OF HAIR DESIGN          ,TX,79109-0000,Proprietary  ,7,15,22,36,103,139
02276000,FRANKLIN BEAUTY SCHOOL #2               ,TX,77021-0000,Proprietary  ,5,38,43,41,189,230
02285900,UNIVERSITY OF COSMETOLOGY ARTS&SCI      ,TX,78504-0000,Proprietary  ,23,156,179,218,770,988
02294800,CAPITOL CITY CAREERS                    ,TX,78745-0000,Proprietary  ,4,38,42,41,195,236
02298501,EVEREST COLLEGE- FORT WORTH             ,TX,76137-2472,Proprietary  ,51,225,276,270,1291,1561
02305300,PARKER COLLEGE OF CHIROPRACTIC          ,TX,75229-0000,Private      ,2,26,28,69,1263,1332
02306700,FORT WORTH BEAUTY SCHOOL                ,TX,76116-3299,Proprietary  ,5,44,49,49,232,281
02312200,TEXAS SCHOOL OF BUSINESS                ,TX,77073-6032,Proprietary  ,54,150,204,324,978,1302
02312201,TEXAS SCHOOL OF BUSINESS - SOUTHWEST CAM,TX,77057-0000,Proprietary  ,15,130,145,188,788,976
02312202,TEXAS SCHOOL OF BUSINESS - FRIENDSWOOD C,TX,77546-8938,Proprietary  ,18,137,155,122,728,850
02312203,TEXAS SCHOOL OF BUSINESS - EAST CAMPUS  ,TX,77029-1916,Proprietary  ,26,105,131,199,704,903
02313901,WESTWOOD COLLEGE - DALLAS               ,TX,75243-0000,Proprietary  ,35,152,187,590,1337,1927
02315400,NORTHEAST TEXAS COMMUNITY COLLEGE       ,TX,75456-0000,Public       ,77,155,232,1298,2066,3364
02318200,"KD STUDIO, ACTOR'S CONSERVATORY         ",TX,75207-2111,Proprietary  ,5,20,25,154,203,357
02320200,HOUSTON GRADUATE SCHOOL OF THEOLOGY     ,TX,77004-0000,Private      ,1,4,5,5,167,172
02326000,SAN ANTONIO BEAUTY COLLEGE NO 3         ,TX,78217-0000,Proprietary  ,2,19,21,39,125,164
02328600,ITT TECHNICAL INSTITUTE                 ,TX,76011-0000,Proprietary  ,76,244,320,589,1635,2224
02331200,BAPTIST MISSIONARY ASSN THEOL SEM       ,TX,75766-0000,Private      ,1,4,5,7,34,41
02331300,INTERACTIVE LEARNING SYSTEMS            ,TX,77502-1201,Proprietary  ,10,95,105,28,227,255
02331301,INTERACTIVE LEARNING SYSTEMS            ,TX,77081-0000,Proprietary  ,22,119,141,91,547,638
02331303,INTERACTIVE LEARNING SYSTEMS            ,TX,77502-0000,Proprietary  ,0,0,0,20,146,166
02331304,INTERACTIVE LEARNING SYSTEMS            ,TX,77060-0000,Proprietary  ,12,121,133,43,523,566
02341300,PALO ALTO COLLEGE                       ,TX,78224-0000,Public       ,145,376,521,4472,6569,11041
02348500,LAMAR STATE COLLEGE-PORT ARTHUR         ,TX,77640-0000,Public       ,38,86,124,900,1555,2455
02357700,ACADEMY OF HAIR DESIGN                  ,TX,77090-0000,Proprietary  ,19,44,63,159,275,434
02358200,LAMAR STATE COLLEGE-ORANGE              ,TX,77630-0000,Public       ,26,120,146,710,1929,2639
02361400,COLLIN COUNTY COMMUNITY COLLEGE         ,TX,75071-0000,Public       ,254,600,854,5639,8860,14499
02362000,UNIVERSAL TECHNICAL INSTITUTE           ,TX,77073-0000,Proprietary  ,364,446,810,5357,3337,8694
02362800,AUSTIN GRADUATE SCHOOL OF THEOLOGY      ,TX,78752-1333,Private      ,0,4,4,10,70,80
02521200,ARLINGTON CAREER INSTITUTE              ,TX,75050-0000,Proprietary  ,8,65,73,77,531,608
02521800,SEGUIN BEAUTY SCHOOL                    ,TX,78155-0000,Proprietary  ,10,19,29,56,125,181
02521801,SEGUIN BEAUTY SCHOOL-NEW BRAUNFELS      ,TX,78130-7937,Proprietary  ,0,0,0,3,8,11
02527500,HOUSTON TRAINING SCHOOLS                ,TX,77020-0000,Proprietary  ,23,198,221,135,977,1112
02530700,SEBRING CAREER SCHOOLS                  ,TX,77083-1510,Proprietary  ,4,24,28,24,133,157
02539600,ART INSTITUTE OF DALLAS                 ,TX,75231-5993,Proprietary  ,127,232,359,2302,2200,4502
02548800,SOUTH TEXAS VO-TECH INSTITUTE           ,TX,78596-0000,Proprietary  ,111,326,437,711,1777,2488
02548802,SOUTH TEXAS VOCATIONAL TECHNICAL INSTITU,TX,78520-8710,Proprietary  ,2,2,4,27,46,73
02549400,SOUTH TEXAS VO-TECH INSTITUTE           ,TX,78501-0000,Proprietary  ,129,411,540,968,2457,3425
02549402,SOUTH TEXAS VOCATIONAL TECHNICAL INSTITU,TX,78416-1141,Proprietary  ,1,8,9,30,61,91
02555400,UNIV OF TX MD ANDERSON CANCER CTR       ,TX,77030-0000,Public       ,1,14,15,77,253,330
02567200,OFFICE CAREER CENTER                    ,TX,76180-0000,Proprietary  ,0,0,0,0,2,2
02568100,TEXAS BARBER COLLEGES & HAIRSTYLING     ,TX,75208-0000,Proprietary  ,64,248,312,430,1561,1991
02569300,TEXAS CULINARY ACADEMY                  ,TX,78758-3403,Proprietary  ,212,867,1079,2056,6463,8519
02572000,COMPUTER CAREER CENTER                  ,TX,79925-2021,Proprietary  ,43,167,210,197,868,1065
02572004,COMPUTER CAREER CENTER - AMARILLO CAMPUS,TX,79101-2404,Proprietary  ,13,85,98,53,327,380
02572005,COMPUTER CAREER CENTER - LUBBOCK CAMPUS ,TX,79414-3517,Proprietary  ,8,98,106,38,278,316
02572100,"CAREER ACADEMY, INC.                    ",TX,75501-0000,Proprietary  ,0,0,0,0,2,2
02580100,IVERSON BUSINESS SCH & COURT REPORT     ,TX,76011-1344,Proprietary  ,15,74,89,128,557,685
02591100,CAREER POINT INSTITUTE                  ,TX,78201-2027,Proprietary  ,85,530,615,499,3091,3590
02591900,CAREER CENTERS OF TEXAS - EL PASO       ,TX,79907-1525,Proprietary  ,100,327,427,607,1878,2485
02591905,CAREER CENTERS OF TEXAS-BROWNSVILLE     ,TX,78521-9905,Proprietary  ,51,141,192,319,847,1166
02596400,REDSTONE COLLEGE - LOS ANGELES          ,TX,77061-0000,Proprietary  ,24,62,86,244,392,636
02596500,ATI CAREER TRAINING CENTER              ,TX,76180-1599,Proprietary  ,252,1005,1257,1255,4399,5654
02596503,ATI- CAREER TRAINING CENTER - HOUSTON (#,TX,77029-1978,Proprietary  ,3,3,6,5,12,17
02596600,ATI-CAREER TRAINING CENTER              ,TX,75220-4443,Proprietary  ,184,545,729,981,3473,4454
02596601,ATI CAREER TRAINING CENTER - RICHARDSON ,TX,75081-6745,Proprietary  ,2,10,12,25,125,150
02596602,ATI CAREER TRAINING CENTER - DALLAS (STE,TX,75247-6103,Proprietary  ,8,25,33,81,328,409
02600200,OCEAN CORPORATION (THE)                 ,TX,77099-3479,Proprietary  ,16,94,110,157,862,1019
02604700,CENTER FOR ADVANCED LEGAL STUDIES       ,TX,77098-4151,Proprietary  ,2,65,67,22,361,383
02606202,EVEREST COLLEGE - EVEREST INSTITUTE - BI,TX,77036-8014,Proprietary  ,54,284,338,408,1583,1991
02615000,SANFORD-BROWN INSTITUTE                 ,TX,75247-6931,Proprietary  ,99,456,555,815,3116,3931
03009400,SW SCH BUS & TECH CAREERS               ,TX,78212-2840,Proprietary  ,1,31,32,26,98,124
03010604,VIRGINIA COLLEGE - VIRGINIA COLLEGE AT A,TX,78723-0000,Proprietary  ,29,178,207,293,1440,1733
03011800,UNIVERSITY OF COSMETOLOGY ARTS & SCIENCE,TX,78226-1160,Proprietary  ,1,20,21,31,121,152
03019800,PCI HEALTH TRAINING CENTER              ,TX,75247-4720,Proprietary  ,99,254,353,490,1173,1663
03021500,SW SCH BUS & TECH CAREERS               ,TX,78852-4859,Proprietary  ,11,24,35,69,153,222
03025000,TEXAS COLLEGE OF COSMETOLOGY            ,TX,79605-2001,Proprietary  ,15,32,47,79,256,335
03026500,REMINGTON COLLEGE - HOUSTON CAMPUS      ,TX,77082-1849,Proprietary  ,101,336,437,821,2352,3173
03026501,REMINGTON COLLEGE - NORTH HOUSTON CAMPUS,TX,77067-1849,Proprietary  ,4,22,26,89,294,383
03028800,CIRCLE J BEAUTY SCHOOL                  ,TX,77587-3714,Proprietary  ,6,27,33,63,195,258
03031408,INTERNATIONAL ACADEMY OF DESIGN AND TECH,TX,78229-2263,Proprietary  ,37,89,126,359,618,977
03032300,SCHOOL OF AUTOMOTIVE MACHINISTS         ,TX,77055-1803,Proprietary  ,5,10,15,97,147,244
03035200,TINT SCHOOL OF MAKEUP & COSMETOLOGY     ,TX,75229-3734,Proprietary  ,6,27,33,50,201,251
03035300,SOUTHERN CAREERS INSTITUTE              ,TX,78704-5252,Proprietary  ,140,637,777,615,2518,3133
03035301,SOUTHERN CAREERS INSTITUTE              ,TX,78577-0000,Proprietary  ,58,236,294,297,1021,1318
03035302,SOUTHERN CAREERS INSTITUTE - CORPUS CHRI,TX,78414-2904,Proprietary  ,23,151,174,151,595,746
03035303,SOUTHERN CAREERS INSTITUTE - #1         ,TX,78221-4351,Proprietary  ,74,310,384,277,1242,1519
03035305,SOUTHERN CAREERS INSTITUTE - BROWNSVILLE,TX,78520-8680,Proprietary  ,0,0,0,2,17,19
03035306,SOUTHERN CAREERS INSTITUTE - HARLINGEN  ,TX,78550-7911,Proprietary  ,1,3,4,13,36,49
03035307,SOUTHERN CAREERS INSTITUTE - CORPUS CHRI,TX,78410-1609,Proprietary  ,1,2,3,13,27,40
03061800,STAR COLLEGE OF COSMETOLOGY             ,TX,75702-8214,Proprietary  ,3,27,30,61,179,240
03064600,UNIVERSITY OF TEXAS AT BROWNSVILLE      ,TX,78520-4993,Public       ,251,315,566,7638,8433,16071
03071400,ITT TECHNICAL INSTITUTE                 ,TX,78249-3303,Proprietary  ,50,145,195,387,1027,1414
03075400,ICC TECHNICAL INSTITUTE                 ,TX,77004-2930,Private      ,0,17,17,34,132,166
03076403,HIGH-TECH INSTITUTE - DALLAS            ,TX,75038-4201,Proprietary  ,1,16,17,45,139,184
03079201,WESTWOOD COLLEGE OF TECHNOLOGY          ,TX,76180-0000,Proprietary  ,23,110,133,265,710,975
03083701,GALEN HEALTH INSTITUTES - TEXAS CAMPUS  ,TX,78229-6041,Proprietary  ,2,27,29,2,27,29
03103400,SOUTH TEXAS COLLEGE                     ,TX,78501-6699,Public       ,558,884,1442,12064,14064,26128
03104700,TEXAS COLLEGE OF COSMETOLOGY            ,TX,76903-4708,Proprietary  ,10,32,42,48,218,266
03108700,ROYAL BEAUTY CAREERS                    ,TX,77069-4611,Proprietary  ,13,54,67,133,446,579
03111000,MID-CITIES BARBER COLLEGE               ,TX,75051-4810,Proprietary  ,18,47,65,67,160,227
03115800,TEXAS CAREERS                           ,TX,78238-4203,Proprietary  ,30,175,205,237,1535,1772
03115802,TEXAS CAREERS - LAREDO                  ,TX,78041-6181,Proprietary  ,25,83,108,193,566,759
03115803,TEXAS CAREERS - BEAUMONT                ,TX,77701-3706,Proprietary  ,47,175,222,254,875,1129
03115804,TEXAS CAREERS - LUBBOCK                 ,TX,79401-2601,Proprietary  ,28,156,184,223,890,1113
03128100,ACADEMY OF HEALTH CARE PROFESSIONS      ,TX,77092-8108,Proprietary  ,75,213,288,439,1308,1747
03144300,NATIONAL BEAUTY COLLEGE                 ,TX,75043-4046,Proprietary  ,1,11,12,16,61,77
03153300,AMER COLL OF ACUPUNCTURE & O.M.         ,TX,77063-4104,Proprietary  ,0,4,4,3,108,111
03156400,ACADEMY OF ORIENTAL MEDICINE AT AUSTIN  ,TX,78757-1132,Proprietary  ,0,8,8,5,245,250
03159300,ARLINGTON MEDICAL INSTITUTE             ,TX,76011-2645,Proprietary  ,3,30,33,58,268,326
03170300,TEXAS A&M UNIVERSITY-TEXARKANA          ,TX,75501-0000,Public       ,22,75,97,404,1412,1816
03179500,TEXAS COLG TRADITIONAL CHINESE MED      ,TX,78704-6748,Proprietary  ,0,5,5,2,134,136
03189400,COLLEGE OF SAINT THOMAS MORE            ,TX,76109-2323,Private      ,1,0,1,28,20,48
03237400,FARIS COMPUTER SCHOOL                   ,TX,77627-3829,Proprietary  ,0,8,8,2,36,38
03272300,KAPLAN COLLEGE                          ,TX,75234-7288,Proprietary  ,48,216,264,172,784,956
03272301,KAPLAN COLLEGE - MIDLAND                ,TX,79703-5531,Proprietary  ,30,133,163,164,868,1032
03272303,KAPLAN COLLEGE - ARLINGTON              ,TX,76010-8121,Proprietary  ,5,12,17,5,12,17
03275300,TOUCH OF CLASS SCHOOL OF COSM           ,TX,75402-6314,Proprietary  ,6,17,23,41,139,180
03276300,ACADEMY OF HAIR DESIGN                  ,TX,75901-4900,Proprietary  ,12,36,48,56,188,244
03277300,ACADEMY OF HAIR DESIGN                  ,TX,77701-4650,Proprietary  ,5,19,24,42,125,167
03303300,NORTHWEST EDUCATIONAL CENTER            ,TX,77092-7055,Proprietary  ,8,98,106,63,462,525
03371300,TONI&GUY HAIRDRESSING ACADEMY           ,TX,75006-2351,Proprietary  ,19,17,36,141,163,304
03372300,NORTHWEST VISTA COLLEGE                 ,TX,78251-4217,Public       ,195,369,564,7146,8034,15180
03396500,TEXAS STATE TECHNICAL COLG/MARSHALL     ,TX,75672-7402,Public       ,24,45,69,440,681,1121
03400300,CAREER QUEST                            ,TX,78229-3539,Proprietary  ,19,101,120,73,876,949
03412300,ADVANCED BARBER COLLEGE & HAIR DESI     ,TX,78596-0000,Proprietary  ,15,33,48,58,179,237
03416500,DALLAS NURSING INSTITUTE                ,TX,75243-5502,Proprietary  ,14,167,181,181,1672,1853
03422300,MILAN INSTITUTE                         ,TX,78238-3327,Proprietary  ,88,197,285,551,1221,1772
03422400,COLLEGE OF BIBLICAL STUDIES-HOUSTON     ,TX,77036-3211,Private      ,4,38,42,59,592,651
03424400,MEDVANCE INSTITUTE                      ,TX,77057-7386,Proprietary  ,58,239,297,317,1353,1670
03424401,MEDVANCE INSTITUTE -                    ,TX,77060-3551,Proprietary  ,1,21,22,29,156,185
03426300,CAREER ADVANCEMENT CENTER               ,TX,78752-1470,Proprietary  ,18,75,93,71,332,403
03480304,MEDVANCE INSTITUTE OF BATON ROUGE - GRAN,TX,75050-2342,Proprietary  ,17,91,108,163,613,776
03509400,CORYELL COSMETOLOGY COLLEGE             ,TX,76528-2036,Proprietary  ,1,6,7,8,28,36
03520300,LUBBOCK HAIR ACADEMY                    ,TX,79410-3524,Proprietary  ,0,11,11,23,119,142
03542300,CONCORDE CAREER INSTITUTE               ,TX,76011-4016,Proprietary  ,42,217,259,326,1638,1964
03551400,STATE BEAUTY ACADEMY                    ,TX,75116-3501,Proprietary  ,1,8,9,10,64,74
03556400,KUSSAD INSTITUTE OF COURT REPORTING     ,TX,78704-5712,Proprietary  ,0,0,0,3,32,35
03563300,ACADEMY OF COSEMTOLOGY                  ,TX,78745-2858,Proprietary  ,0,0,0,9,10,19
03573300,AVIATION INSTITUTE OF MAINTENANCE       ,TX,75209-3017,Proprietary  ,11,104,115,188,913,1101
03610300,MJ'S BEAUTY ACADEMY INC                 ,TX,75224-4409,Proprietary  ,4,7,11,27,66,93
03612400,VALLEY GRANDE INSTITUTE FOR ACADEMI     ,TX,78596-0000,Private      ,20,85,105,161,672,833
03627300,LAMAR INSTITUTE OF TECHNOLOGY           ,TX,77705-4142,Public       ,59,132,191,1596,2502,4098
03676400,HEALTHY HAIR ACADEMY                    ,TX,75227-0000,Proprietary  ,10,75,85,92,318,410
03680300,JAY'S TECHNICAL INSTITUTE               ,TX,77031-3509,Proprietary  ,9,32,41,51,255,306
03682400,DALLAS BARBER & STYLIST COLLEGE         ,TX,75231-0000,Proprietary  ,10,61,71,82,335,417
03714300,TREND BARBER COLLEGE                    ,TX,77071-2104,Proprietary  ,21,69,90,114,494,608
03723300,CULINARY INST ALAIN & MARIE LENOTRE     ,TX,77022-4322,Proprietary  ,22,38,60,152,333,485
03727600,CULINARY ACADEMY OF AUSTIN              ,TX,78752-0000,Proprietary  ,6,16,22,107,158,265
03733300,BAPTIST UNIVERSITY OF THE AMERICAS      ,TX,78224-1336,Private      ,1,19,20,55,205,260
03756300,ANAMARC EDUCATIONAL INSTITUTE           ,TX,79930-6230,Proprietary  ,15,122,137,119,957,1076
03885400,COMPUTER LABS                           ,TX,79906-5924,Proprietary  ,0,0,0,2,1,3
03885700,HOUSTON'S TRAINING AND EDUCATION CENTER ,TX,77036-2021,Proprietary  ,4,23,27,19,187,206
03922300,SOUTH TEXAS BARBER COLLEGE              ,TX,78415-3463,Proprietary  ,2,15,17,26,63,89
03944400,PROFESSIONAL CAREERS INSTITUTE          ,TX,77036-2252,Proprietary  ,14,44,58,47,251,298
03970300,HANDS ON THERAPY                        ,TX,75149-2294,Proprietary  ,1,33,34,33,176,209
03987300,TEXAS HEALTH SCHOOL                     ,TX,77079-2106,Proprietary  ,7,43,50,64,260,324
04036300,SOUTHEAST TEXAS CAREER INSTITUTE        ,TX,77656-8601,Proprietary  ,2,15,17,34,115,149
04045300,NORTHWEST BEAUTY SCHOOL                 ,TX,77091-1208,Proprietary  ,5,24,29,22,108,130
04045400,MAI-TRIX BEAUTY COLLEGE                 ,TX,77040-0000,Proprietary  ,1,14,15,25,101,126
04082300,PROFESSIONAL CAREER TRAINING INSTITUTE  ,TX,77090-0000,Proprietary  ,2,37,39,6,112,118
04089400,CCI TRAINING CENTER                     ,TX,76011-4857,Proprietary  ,9,84,93,37,426,463
04117900,CHAMPION BEAUTY COLLEGE                 ,TX,77069-4611,Proprietary  ,2,7,9,33,151,184
04125400,ACADEMY AT AUSTIN (THE)                 ,TX,78660-3287,Proprietary  ,12,35,47,110,238,348
04125500,MANUEL AND THERESA'S SCHOOL OF HAIR DESI,TX,77803-3236,Proprietary  ,3,7,10,17,35,52
04129800,MEDIATECH INSTITUTE DALLAS              ,TX,75039-3105,Proprietary  ,14,27,41,180,271,451
04129801,MEDIATECH INSTITUTE AUSTIN              ,TX,78704-8933,Proprietary  ,11,13,24,117,126,243
04129802,MEDIATECH INSTITUTE HOUSTON             ,TX,77042-4712,Proprietary  ,15,25,40,114,186,300
04131700,SOUTHWEST CAREER COLLEGE                ,TX,79925-6230,Proprietary  ,50,150,200,269,990,1259
04135600,CANNON INSTITUTE OF HIGHER LEARNING     ,TX,75247-9998,Proprietary  ,0,1,1,0,1,1
04136500,PCCENTER                                ,TX,75115-4214,Proprietary  ,0,18,18,7,83,90
04138500,CARDIOTECH ULTRASOUND SCHOOL            ,TX,77099-1440,Proprietary  ,1,14,15,1,14,15
04142300,AVEDA INSTITUTE SAN ANTONIO             ,TX,78215-1260,Proprietary  ,14,48,62,137,316,453
04146600,360 DEGREES BEAUTY ACADEMY              ,TX,77084-2714,Proprietary  ,2,11,13,26,84,110
04146800,SOUTH TEXAS TRAINING CENTER             ,TX,78586-7721,Proprietary  ,1,18,19,10,64,74
04152700,ASTRODOME CAREER CENTERS                ,TX,77054-2678,Proprietary  ,1,12,13,1,14,15
04154800,DUVALL'S SCHOOL OF COSMETOLOGY          ,TX,76021-4159,Proprietary  ,9,11,20,34,37,71
04155800,ADVANCED BEAUTY COLLEGE                 ,TX,75061-1918,Proprietary  ,0,7,7,0,7,7
04158500,TEXAS BEAUTY COLLEGE                    ,TX,76117-3201,Proprietary  ,1,22,23,1,22,23
04160700,AVENUE FIVE INSTITUTE                   ,TX,78757-7000,Proprietary  ,20,51,71,22,69,91
04161100,CORPUS CHRISTI BEAUTY ACADEMY           ,TX,78412-3900,Proprietary  ,2,5,7,2,5,7
04165800,SALON PROFESSIONAL ACADEMY (THE)        ,TX,75067-5390,Proprietary  ,19,28,47,19,28,47
00367000,BRIGHAM YOUNG UNIVERSITY                ,UT,84602-8406,Private      ,532,760,1292,11889,13511,25400
00367100,DIXIE STATE COLLEGE OF UTAH             ,UT,84770-3876,Public       ,140,336,476,2981,4256,7237
00367200,LDS BUSINESS COLLEGE                    ,UT,84101-3500,Private      ,52,50,102,692,727,1419
00367400,STEVENS HENAGER COLLEGE                 ,UT,84401-1420,Proprietary  ,237,1797,2034,1298,8858,10156
00367500,UNIVERSITY OF UTAH                      ,UT,84112-9055,Public       ,295,669,964,9541,15979,25520
00367600,COLLEGE OF EASTERN UTAH                 ,UT,84501-2699,Public       ,37,96,133,900,1068,1968
00367700,UTAH STATE UNIVERSITY                   ,UT,84322-1400,Public       ,228,472,700,7694,10203,17897
00367800,SOUTHERN UTAH UNIVERSITY                ,UT,84720-2470,Public       ,151,167,318,4056,3357,7413
00367900,SNOW COLLEGE                            ,UT,84627-1299,Public       ,83,72,155,2086,1004,3090
00368000,WEBER STATE UNIVERSITY                  ,UT,84408-1136,Public       ,232,659,891,5476,11695,17171
00368100,WESTMINSTER COLLEGE                     ,UT,84105-3697,Private      ,30,86,116,1941,1805,3746
00402700,UTAH VALLEY UNIVERSITY                  ,UT,84058-5999,Public       ,496,1077,1573,8252,16122,24374
00522000,SALT LAKE COMMUNITY COLLEGE             ,UT,84123-0000,Public       ,568,1484,2052,7511,17170,24681
00943300,SHERMAN KENDALL'S ACADEMY OF BEAUTY     ,UT,84106-1836,Proprietary  ,5,14,19,38,84,122
01009800,NEUMONT UNIVERSITY                      ,UT,84095-0000,Proprietary  ,11,5,16,358,117,475
01116500,UINTAH BASIN APPLIED TECHNOLOGY CLG     ,UT,84066-0000,Public       ,5,22,27,13,134,147
01116600,UTAH CAREER COLLEGE                     ,UT,84088-4021,Proprietary  ,55,248,303,553,1995,2548
02078800,SHERMAN KENDALL'S ACADEMY OF BEAUTY     ,UT,84047-0000,Proprietary  ,3,8,11,32,53,85
02115400,BRIDGERLAND APPLIED TECHNOLOGY COLLEGE  ,UT,84321-0000,Public       ,18,90,108,241,870,1111
02156600,DAVIS APPLIED TECHNOLOGY COLLEGE        ,UT,84037-0000,Public       ,38,209,247,310,1742,2052
02178500,EAGLE GATE COLLEGE                      ,UT,84123-0000,Proprietary  ,62,284,346,342,1664,2006
02178501,EAGLE GATE COLLEGE - LAYTON CAMPUS      ,UT,84041-2383,Proprietary  ,1,5,6,4,19,23
02178502,EAGLE GATE COLLEGE - SLC DOWNTOWN LEARNI,UT,84111-3407,Proprietary  ,2,6,8,4,10,14
02270800,AMERITECH COLLEGE                       ,UT,84604-6927,Proprietary  ,8,51,59,60,337,397
02270802,AMERITECH COLLEGE - DRAPER              ,UT,84020-6545,Proprietary  ,2,5,7,22,176,198
02298500,EVEREST COLLEGE                         ,UT,84119-2668,Proprietary  ,37,162,199,174,1035,1209
02346500,OGDEN-WEBER APPLIED TECHNOLOGY COLG     ,UT,84404-0000,Public       ,41,222,263,299,1734,2033
02360800,PROVO COLLEGE                           ,UT,84601-0000,Proprietary  ,39,97,136,317,996,1313
02360802,PROVO COLLEGE - AMERICAN FORK CAMPUS    ,UT,84003-3395,Proprietary  ,1,1,2,1,5,6
02361000,ITT TECHNICAL INSTITUTE                 ,UT,84123-0000,Proprietary  ,85,298,383,354,1415,1769
02504000,MARINELLO SCHOOL OF BEAUTY              ,UT,84041-0000,Proprietary  ,14,30,44,79,187,266
02516100,MARINELLO SCHOOL OF BEAUTY              ,UT,84405-1501,Proprietary  ,9,33,42,54,160,214
02531800,VON CURTIS ACADEMY OF HAIR DESIGN       ,UT,84606-0000,Proprietary  ,137,192,329,986,1039,2025
02556800,HAIRITAGE COLLEGE OF BEAUTY             ,UT,84117-7204,Proprietary  ,33,48,81,186,291,477
02557700,PREMIER HAIR ACADEMY                    ,UT,84120-3603,Proprietary  ,0,5,5,10,58,68
02572700,EVANS HAIRSTYLING COLLEGE               ,UT,84770-0000,Proprietary  ,4,7,11,21,51,72
02572800,VISTA COLLEGE                           ,UT,84015-0000,Proprietary  ,4,23,27,48,218,266
02572801,CERTIFIED CAREERS INSTITUTE             ,UT,84015-0000,Proprietary  ,0,0,0,1,3,4
02572802,VISTA COLLEGE - SALT LAKE CITY          ,UT,84119-1458,Proprietary  ,0,1,1,3,29,32
02573100,EVANS HAIRSTYLING COLLEGE               ,UT,84720-0000,Proprietary  ,2,4,6,23,46,69
02612200,MARINELLO SCHOOL OF BEAUTY              ,UT,84604-1585,Proprietary  ,8,15,23,76,103,179
03030600,UTAH COLLEGE OF MASSAGE THERAPY         ,UT,84111-1606,Proprietary  ,44,85,129,424,716,1140
03030601,UTAH CLG OF MASSAGE THER-PROVO CMPS     ,UT,84042-0000,Proprietary  ,16,29,45,94,215,309
03082100,MYOTHERAPY COLLEGE OF UTAH              ,UT,84115-2522,Proprietary  ,4,14,18,34,99,133
03108200,ECHELON EDGE ACADEMY OF HAIR SKIN & NAIL,UT,84070-2004,Proprietary  ,8,19,27,42,78,120
03110400,HAIRITAGE HAIR ACADEMY                  ,UT,84770-5233,Proprietary  ,4,8,12,26,61,87
03339400,WESTERN GOVERNORS UNIVERSITY            ,UT,84107-2533,Private      ,75,2449,2524,592,22445,23037
03413300,MOUNTAINLAND APPLIED TECHNOLOGY COLLEGE ,UT,84058-5857,Public       ,6,48,54,110,368,478
03463300,CAREERS UNLIMITED                       ,UT,84058-0000,Proprietary  ,9,12,21,59,117,176
03617300,HEALING MOUNTAIN MASSAGE SCHOOL         ,UT,84111-3232,Proprietary  ,4,8,12,21,82,103
03829500,SKINWORKS SCHOOL OF ADVANCED SKINCARE   ,UT,84115-0000,Proprietary  ,3,7,10,19,83,102
03838300,OGDEN INSTITUTE OF MASSAGE THERAPY      ,UT,84403-0000,Proprietary  ,2,16,18,17,58,75
03902300,RENAISSANCE SCHOOL OF THERAPEUTIC MASSAG,UT,84010-2835,Proprietary  ,0,4,4,10,26,36
03909300,MAXIMUM STYLE TEC SCHOOL OF COSMETOLOGY ,UT,84323-4679,Proprietary  ,5,9,14,37,67,104
03921300,CAMEO COLLEGE OF ESSENTIAL BEAUTY       ,UT,84115-0000,Proprietary  ,7,42,49,84,323,407
04054300,SOUTHWEST APPLIED TECHNOLOGY COLLEGE    ,UT,84720-6608,Public       ,8,35,43,39,195,234
04072300,DALLAS ROBERTS ACADEMY OF HAIR DESIGN & ,UT,84604-1008,Proprietary  ,1,9,10,39,67,106
04118100,IMAGEWORKS ACADEMY OF HAIR DESIGN       ,UT,84660-1210,Proprietary  ,5,11,16,15,47,62
04121700,DIXIE APPLIED TECHNOLOGY COLLEGE        ,UT,84770-3025,Public       ,8,62,70,207,354,561
04142100,SKIN INSTITUTE (THE)                    ,UT,84770-6452,Proprietary  ,4,6,10,18,37,55
04145500,SKIN SCIENCE INSTITUTE (THE)            ,UT,84115-0000,Proprietary  ,5,12,17,44,120,164
04153000,RENAISSANCE ACADEMIE                    ,UT,84604-0000,Proprietary  ,2,6,8,9,15,24
00368200,BENNINGTON COLLEGE                      ,VT,05201-6001,Private      ,7,11,18,1060,313,1373
00368300,CASTLETON STATE COLLEGE                 ,VT,05735-0000,Public       ,19,14,33,2935,476,3411
00368400,CHAMPLAIN COLLEGE                       ,VT,05401-3950,Private      ,31,50,81,3394,1078,4472
00368402,WOODBURY COLLEGE                        ,VT,05602-0000,Private      ,0,0,0,1,44,45
00368500,COLLEGE OF ST JOSEPH                    ,VT,05701-3899,Private      ,0,3,3,167,303,470
00368600,GODDARD COLLEGE                         ,VT,05667-0000,Private      ,3,48,51,90,1045,1135
00368700,GREEN MOUNTAIN COLLEGE                  ,VT,05764-1199,Private      ,11,8,19,1185,226,1411
00368800,JOHNSON STATE COLLEGE                   ,VT,05656-9898,Public       ,15,39,54,1539,1004,2543
00368900,LYNDON STATE COLLEGE                    ,VT,05851-0919,Public       ,16,8,24,1698,348,2046
00369000,MARLBORO COLLEGE                        ,VT,05344-0300,Private      ,2,9,11,510,114,624
00369100,MIDDLEBURY COLLEGE                      ,VT,05753-0000,Private      ,27,16,43,3692,475,4167
00369106,MIDDLEBURY COLLEGE - BREAD LOAF SCHOOL O,VT,05753-0000,Private      ,0,0,0,11,101,112
00369200,NORWICH UNIVERSITY                      ,VT,05663-1035,Private      ,25,149,174,2698,1942,4640
00369300,SOUTHERN VERMONT COLLEGE                ,VT,05201-6002,Private      ,9,9,18,578,178,756
00369400,ST MICHAELS COLLEGE                     ,VT,05439-0001,Private      ,15,17,32,3214,232,3446
00369600,UNIVERSITY OF VERMONT                   ,VT,05405-0160,Public       ,131,71,202,17948,3195,21143
00369700,VERMONT COLLEGE OF FINE ARTS            ,VT,05602-3128,Private      ,0,11,11,3,113,116
00369800,VERMONT TECHNICAL COLLEGE               ,VT,05061-0000,Public       ,14,20,34,1215,823,2038
00857500,SALON PROFESSIONAL ACADEMY (THE)        ,VT,05495-4001,Proprietary  ,0,4,4,62,75,137
00865800,O'BRIENS AVEDA INSTITUTE                ,VT,05403-7747,Proprietary  ,3,10,13,29,63,92
00886000,SIT                                     ,VT,05301-4801,Private      ,1,8,9,19,562,581
01116700,COMMUNITY COLLEGE OF VERMONT            ,VT,05676-1552,Public       ,102,327,429,1871,4491,6362
01193400,VERMONT LAW SCHOOL                      ,VT,05068-0000,Private      ,0,3,3,4,1049,1053
01218300,BURLINGTON COLLEGE                      ,VT,05401-8477,Private      ,3,5,8,176,147,323
02143500,STERLING COLLEGE                        ,VT,05827-0000,Private      ,1,0,1,165,28,193
02254000,NEW ENGLAND CULINARY INSTITUTE          ,VT,05602-0000,Proprietary  ,13,13,26,475,420,895
02532600,LANDMARK COLLEGE                        ,VT,05346-0000,Private      ,15,1,16,438,64,502
03708300,BURLINGTON TECHNICAL CENTER             ,VT,05401-2721,Public       ,1,0,1,17,11,28
04146900,ADVANCED WELDING INSTITUTE              ,VT,05403-0000,Proprietary  ,3,3,6,15,12,27
00392800,CASPER COLLEGE                          ,WY,82601-4612,Public       ,47,107,154,1324,1690,3014
00392900,EASTERN WYOMING COLLEGE                 ,WY,82240-1603,Public       ,19,30,49,438,380,818
00393000,SHERIDAN COLLEGE                        ,WY,82801-9133,Public       ,29,81,110,887,1223,2110
00393100,NORTHWEST COLLEGE                       ,WY,82435-1895,Public       ,35,47,82,945,722,1667
00393200,UNIVERSITY OF WYOMING                   ,WY,82071-3663,Public       ,115,169,284,6330,4617,10947
00393300,WESTERN WYOMING COMMUNITY COLLEGE       ,WY,82902-0000,Public       ,37,104,141,903,1266,2169
00728900,CENTRAL WYOMING COLLEGE                 ,WY,82501-0000,Public       ,34,82,116,542,958,1500
00915700,WYOMING TECHNICAL INSTITUTE             ,WY,82072-9519,Proprietary  ,232,140,372,2652,1294,3946
00925900,LARAMIE COUNTY COMMUNITY CLG            ,WY,82007-3299,Public       ,45,144,189,1354,2112,3466
02211900,CHEEKS INTERNATIONAL ACDMY              ,WY,82001-0000,Proprietary  ,11,38,49,61,214,275
00393500,UNIV OF GUAM                            ,GU,96923-0000,Public       ,79,112,191,2042,1627,3669
01536100,GUAM COMMUNITY COLLEGE                  ,GU,96921-0000,Public       ,69,51,120,1047,1287,2334
03438300,PACIFIC ISLANDS BIBLE COLLEGE           ,GU,96913-2619,Private      ,1,2,3,64,61,125
00393600,PONTIFICAL CATHOLIC UNIV OF PR          ,PR,00717-0777,Private      ,84,251,335,5320,5285,10605
00393700,UNIVERSITY OF THE SACRED HEART          ,PR,00914-0383,Private      ,71,197,268,3348,2471,5819
00393800,INTER-AMER UNIV PR-CNTRL ADMN           ,PR,00936-0000,Private      ,129,476,605,2905,6855,9760
00393801,INTER-AMER UNIV PR SCHL LAW             ,PR,00936-8351,Private      ,0,6,6,19,374,393
00393802,INTER AMERICAN UNIVERSITY OF PUERTO RICO,PR,00926-0000,Private      ,14,70,84,753,1282,2035
00393803,INTER AMERICAN UNIVERSITY OF PR         ,PR,00683-0000,Private      ,68,151,219,3679,2383,6062
00393804,INTER-AMER UNIV PR-RECINTO AGUADILA     ,PR,00605-2000,Private      ,105,202,307,2186,2930,5116
00393805,INTER-AMER UNIV PR-ARECIBO CAMPUS       ,PR,00614-4050,Private      ,63,202,265,2428,3286,5714
00393806,INTER-AMER UNIV PR-BARRANQUITAS REG     ,PR,00794-0517,Private      ,86,92,178,1434,1399,2833
00393807,INTER-AMER UNIV PR-FAJARDO REGIONAL     ,PR,00738-0000,Private      ,33,81,114,1341,1366,2707
00393808,INTER-AMER UNIV PR - GUAYAMA CAMPUS     ,PR,00785-4004,Private      ,32,140,172,1088,1697,2785
00393809,INTER-AMER UNIV PR-PONCE REGIONAL       ,PR,00715-0000,Private      ,88,243,331,3149,4169,7318
00393811,INTER-AMER UNIV PR-BAYAMON REG CLG      ,PR,00959-0000,Private      ,86,105,191,3620,2554,6174
00394100,COLEGIO UNIVERSITARIO DEL ESTE          ,PR,00983-0000,Private      ,226,725,951,6444,9085,15529
00394200,UNIVERSITY OF PR-CENTRAL ADMINISTRATION ,PR,00936-4984,Public       ,1,5,6,334,132,466
00394201,UNIVERSITY OF PR-RIO PIEDRAS CAMPUS     ,PR,00931-3300,Public       ,129,167,296,9980,3578,13558
00394202,UNIV OF PUERTO RICO-MAYAGUEZ CAMPUS     ,PR,00681-5000,Public       ,106,91,197,9761,2112,11873
00394203,"UNIVERSITY OF PR, MED. SCIENCES CAMPUS  ",PR,00936-5067,Public       ,7,32,39,399,1358,1757
00394204,"UNIVERSITY OF PUERTO RICO, CAYEY CAMPUS ",PR,00736-0000,Public       ,10,20,30,3273,647,3920
00394205,"UNIVERSITY OF PR, HUMACAO CAMPUS        ",PR,00791-4057,Public       ,34,34,68,3837,761,4598
00394206,UNIVERSITY OF PR-AGUADILLA CAMPUS       ,PR,00604-6150,Public       ,20,14,34,2640,633,3273
00394207,UNIVERSITY OF PUERTO RICO-ARECIBO CAMPUS,PR,00614-0000,Public       ,19,18,37,4032,689,4721
00394208,UNIVERSITY OF PUERTO RICO-BAYAMON CAMPUS,PR,00959-0000,Public       ,37,21,58,4360,743,5103
00394209,UNIVERSITY OF PUERTO RICO-CAROLINA      ,PR,00984-4800,Public       ,49,33,82,3651,722,4373
00394210,UNIVERSITY OF PUERTO RICO-PONCE         ,PR,00732-0000,Public       ,16,20,36,3417,524,3941
00394211,"UNIVERSITY OF PR, UTUADO CAMPUS         ",PR,00641-0000,Public       ,11,7,18,1441,276,1717
00501900,UNIV ADVENTISTA DE LAS ANTILLAS         ,PR,00681-0118,Private      ,28,25,53,658,438,1096
00502200,BAYAMON CENTRAL UNIVERSITY              ,PR,00960-0000,Private      ,33,121,154,1008,1292,2300
00890200,COLUMBIA CENTRO UNIVERSITARIO           ,PR,00726-0000,Proprietary  ,71,178,249,884,1557,2441
01056700,COLEGIO TECNOLOGICO DE SAN JUAN         ,PR,00918-2973,Public       ,47,69,116,782,1115,1897
01072400,CARLOS ALBIZU UNIVERSITY                ,PR,00902-3711,Private      ,2,25,27,88,762,850
01081900,CONSERVATORIO DE MUSICA DE PUERTO RICO  ,PR,00907-3373,Public       ,7,11,18,272,103,375
01120300,RYDER MEMORIAL HOSP SCH OF NURSING      ,PR,00792-0000,Private      ,0,0,0,6,9,15
01171900,UNIVERSIDAD DEL TURABO                  ,PR,00778-0000,Private      ,175,863,1038,7277,11110,18387
01194000,ICPR JUNIOR COLLEGE                     ,PR,00919-0000,Proprietary  ,162,215,377,1102,1337,2439
01194002,INSTITUTO COMERCIAL DE PUERTO RICO JUNIO,PR,00681-1108,Proprietary  ,0,0,0,1,0,1
01194100,AMERICAN UNIVERSITY OF PUERTO RICO      ,PR,00960-2037,Private      ,40,56,96,966,868,1834
01194101,AMERICAN UNIVERSITY OF PUERTO RICO      ,PR,00674-0000,Private      ,48,48,96,782,809,1591
01252500,CARIBBEAN UNIVERSITY                    ,PR,00960-0493,Private      ,85,247,332,2518,3841,6359
01314800,RAMIREZ COLLEGE OF BUS & TECH           ,PR,00918-0000,Proprietary  ,7,18,25,238,500,738
02063100,MBTI BUSINESS TRNG INSTITUTE            ,PR,00907-3917,Proprietary  ,67,200,267,412,958,1370
02100000,POLYTECHNIC UNIVERSITY OF PR            ,PR,00917-0000,Private      ,64,163,227,2922,2603,5525
02163300,UNIVERSIDAD CENTRAL DEL CARIBE          ,PR,00960-0000,Private      ,1,10,11,157,459,616
02165100,EDP COLLEGE OF PUERTO RICO              ,PR,00919-0000,Private      ,61,193,254,904,1747,2651
02166400,INSTITUTO DE BANCA Y COMERCIO           ,PR,00925-0000,Proprietary  ,1120,2027,3147,9754,13366,23120
02170300,INST EDUC TECNIA OCUP LA REINA          ,PR,00674-0000,Proprietary  ,45,105,150,345,519,864
02170301,INST EDUC TECNICA OCUPLA LA REINA       ,PR,00603-0000,Proprietary  ,0,0,0,4,4,8
02189100,CENTRO DE ESTUDIOS MULTIDISCIPLIN       ,PR,00926-0000,Private      ,190,267,457,1431,2094,3525
02189300,EMMA'S BEAUTY ACADEMY                   ,PR,00680-0000,Proprietary  ,22,45,67,232,260,492
02195400,MODERN HAIRSTYLING INSTITUTE            ,PR,00960-0000,Proprietary  ,122,148,270,636,687,1323
02195500,MODERN HAIRSTYLING INSTITUTE            ,PR,00612-0000,Proprietary  ,0,0,0,4,1,5
02195800,LICEO E ARTE Y TECNOLGIA                ,PR,00919-0000,Private      ,52,112,164,728,738,1466
02195900,MODERN HAIRSTYLING INSTITUTE            ,PR,00980-0000,Proprietary  ,0,0,0,7,7,14
02234900,ANTILLES SCHOOL OF TECH CAREERS         ,PR,00909-0000,Proprietary  ,21,48,69,165,263,428
02241901,COMMONWEALTH OF PR DEPT OF EDUC - CARLOS,PR,00986-0000,Public       ,5,7,12,38,52,90
02241902,COMMONWEALTH OF PR DEPT OF EDUC - TOMAS ,PR,00613-0000,Public       ,0,0,0,13,29,42
02241904,COMMONWEALTH OF PR DEPT OF EDUC - ITPR R,PR,00655-0000,Public       ,29,27,56,525,287,812
02241905,COMMONWEALTH OF PR DEPT OF EDUC - JOSE A,PR,00674-0000,Public       ,1,2,3,68,14,82
02241907,COMMONWEALTH OF PR DEPT OF EDUC - ITPR R,PR,00928-0000,Public       ,2,7,9,464,209,673
02241908,COMMONWEALTH OF PR DEPT OF EDUC - ITPR R,PR,00732-0000,Public       ,3,3,6,525,253,778
02241909,COMMONWEALTH OF PR DEPT OF EDUC - TROQUE,PR,00959-0000,Public       ,0,1,1,45,15,60
02241910,COMMONWEALTH OF PR DEPT OF EDUC - ITPR R,PR,00701-1091,Public       ,9,11,20,676,231,907
02260600,NATIONAL COLLEGE OF BUSINESS & TECH     ,PR,00960-2036,Proprietary  ,285,683,968,3967,5575,9542
02260601,NATIONAL COLLEGE OF BUSINESS & TECHNOLOG,PR,00612-0000,Proprietary  ,1,6,7,45,37,82
02260602,NATIONAL COLLEGE OF BUSINESS & TECHNOLOG,PR,00745-9903,Proprietary  ,1,2,3,17,24,41
02260800,HUERTAS JUNIOR COLLEGE                  ,PR,00726-0000,Proprietary  ,71,182,253,1159,1594,2753
02297700,AUTOMECA TECHNICAL COLLEGE              ,PR,00957-0000,Proprietary  ,72,102,174,1291,826,2117
02303800,AMERICAN EDUCATIONAL COLLEGE            ,PR,00961-0000,Proprietary  ,78,150,228,519,781,1300
02335500,COLEGIO BIBLICO PENTECOSTAL DE PR       ,PR,00978-0000,Private      ,1,18,19,21,166,187
02340600,HUMACAO COMMUNITY COLLEGE               ,PR,00792-0000,Private      ,24,57,81,383,512,895
02343600,INSTITUTE OF BEAUTY CAREERS             ,PR,00613-0000,Proprietary  ,41,84,125,314,514,828
02482400,PONCE SCHOOL OF MEDICINE                ,PR,00716-2347,Private      ,1,10,11,17,637,654
02502400,SERBIA'S SCHOOL OF BEAUTY CULTURE       ,PR,00785-0000,Proprietary  ,21,48,69,203,267,470
02504500,INSTITUCION CHAVIANO DE MAYAGUEZ        ,PR,00708-0000,Proprietary  ,8,49,57,22,189,211
02505400,ATLANTIC COLLEGE                        ,PR,00970-0000,Private      ,46,45,91,836,622,1458
02534900,PONCE PARAMEDICAL COLLEGE (POPAC)       ,PR,00731-0000,Proprietary  ,143,237,380,2199,1960,4159
02549700,ACADEMIA MAISON D'ESTHETIQUE            ,PR,00907-0000,Proprietary  ,0,0,0,66,162,228
02552300,COLEGIO MAYOR DE TECHNOLOGIA            ,PR,00714-0000,Proprietary  ,23,44,67,243,298,541
02562500,INTERNATIONAL TECHNICAL COLLEGE         ,PR,00918-0000,Proprietary  ,10,28,38,56,167,223
02563500,ROGIES SCHOOL OF BEAUTY CULTURE         ,PR,00910-0000,Proprietary  ,26,41,67,166,261,427
02569400,ESCUELA DE ARTES PLASTICAS              ,PR,00902-1112,Public       ,5,8,13,369,183,552
02570400,EDUCATIONAL TECHNICAL COLLEGE           ,PR,00925-3404,Proprietary  ,76,200,276,516,1030,1546
02576100,ESCUELA TECNICA DE ELECTRICIDAD         ,PR,00731-0000,Proprietary  ,28,79,107,333,398,731
02587500,UNIVERSIDAD METROPOLITANA               ,PR,00928-0000,Private      ,189,819,1008,5254,9143,14397
02588600,SEMINARIO EVANGELICO DE PUERTO RICO     ,PR,00925-0000,Private      ,0,4,4,1,47,48
02593700,HISPANIC AMERICAN COLLEGE               ,PR,00725-0000,Proprietary  ,18,56,74,186,265,451
02611100,INSTITUTO MERLIX                        ,PR,00961-0000,Proprietary  ,0,0,0,2,1,3
03021900,EDIC COLLEGE                            ,PR,00726-0000,Proprietary  ,58,146,204,898,1233,2131
03025500,MECH TECH COLLEGE                       ,PR,00725-6118,Proprietary  ,240,335,575,3072,2037,5109
03025900,"LICEO DE ARTE, DISENOS Y COMERCIO       ",PR,00726-0000,Proprietary  ,19,73,92,385,580,965
03029700,"UNIVERSAL TECHNOLOGY CLG OF PR, INC     ",PR,00605-1955,Private      ,78,178,256,824,1438,2262
03061900,COLEGIO TECHNOLOGICO Y COMERCIAL        ,PR,00602-0000,Proprietary  ,6,11,17,43,77,120
03068400,STAR BEAUTY ACADEMY                     ,PR,00961-6312,Proprietary  ,11,20,31,77,110,187
03070500,D'MART INSTITUTE                        ,PR,00794-3517,Proprietary  ,105,194,299,1043,1392,2435
03075600,EMMA'S BEAUTY ACADEMY                   ,PR,00795-0000,Proprietary  ,41,49,90,349,306,655
03076000,PUERTO RICO BARBER COLLEGE              ,PR,00738-4632,Proprietary  ,0,0,0,1,0,1
03085700,PROFESSIONAL TECHNICAL INSTITUTION      ,PR,00960-7061,Proprietary  ,15,26,41,240,219,459
03104400,PROFESSIONAL ELECTRIC SCHOOL            ,PR,00674-1797,Proprietary  ,4,10,14,61,77,138
03106900,ESCUELA DE PERITOS ELECTRICITAS         ,PR,00662-0457,Proprietary  ,0,5,5,41,59,100
03112100,JOHN DEWEY COLLEGE                      ,PR,00915-9538,Private      ,352,658,1010,2526,4863,7389
03112101,JOHN DEWEY COLLEGE                      ,PR,00986-0000,Private      ,109,125,234,679,844,1523
03112102,JOHN DEWEY COLLEGE-BAYAMON CAMPUS       ,PR,00959-0000,Private      ,91,142,233,594,903,1497
03112104,JOHN DEWEY COLLEGE - YABUCOA LRNING SITE,PR,00767-0767,Private      ,31,69,100,178,414,592
03112105,JOHN DEWEY COLLEGE - FAJARDO BRANCH     ,PR,00738-0738,Private      ,15,29,44,207,357,564
03112106,JOHN DEWEY COLLEGE - ARROYO BRANCH      ,PR,00714-0714,Private      ,20,48,68,145,262,407
03112107,JOHN DEWEY COLLEGE - JUANA DIAZ BRANCH  ,PR,00795-0000,Private      ,11,32,43,177,278,455
03112108,JOHN DEWEY COLLEGE - HATILLO CAMPUS     ,PR,00659-0000,Private      ,0,2,2,1,4,5
03112109,JOHN DEWEY COLLEGE - MANATI             ,PR,00674-0000,Private      ,23,58,81,63,131,194
03115900,TRINITY COLLEGE OF PUERTO RICO          ,PR,00734-0000,Private      ,10,26,36,119,185,304
03122500,ACADEMIA SERRANT INC.                   ,PR,00717-1568,Proprietary  ,19,73,92,117,343,460
03123100,GLOBELLE TECHNICAL INSTITUTE            ,PR,00693-4218,Proprietary  ,44,25,69,175,92,267
03124200,NOVA COLLEGE DE PUERTO RICO             ,PR,00960-4016,Proprietary  ,17,59,76,90,281,371
03157600,"COLEGIO DE CINEMATOGRAFIA, ARTES Y TELEV",PR,00961-6345,Proprietary  ,44,39,83,425,270,695
03177300,SAN JUAN BAUTISTA SCH OF MEDICINE       ,PR,00726-0000,Private      ,0,6,6,3,284,287
03326300,UNIVERSAL CAREER COMMUNITY COLLEGE      ,PR,00907-0000,Proprietary  ,79,179,258,542,894,1436
03336300,CENTURY COLLEGE                         ,PR,00603-4802,Proprietary  ,15,48,63,116,217,333
03414300,MONTECLARO                              ,PR,00745-9612,Private      ,0,0,0,19,0,19
03452300,INSTITUTO PRE-VOCACIONAL E INDUSTRI     ,PR,00613-1800,Private      ,17,39,56,91,171,262
03469300,IVAEM COLLEGE                           ,PR,00725-0000,Proprietary  ,8,8,16,149,76,225
03531300,COLEGIO PENTECOSTAL MIZPA               ,PR,00928-0966,Private      ,1,29,30,16,236,252
03544300,ATENAS COLLEGE                          ,PR,00674-0000,Private      ,29,76,105,779,1226,2005
03552300,LESTON COLLEGE                          ,PR,00961-6309,Proprietary  ,16,20,36,82,134,216
03608300,CARIBBEAN FORENSIC & TECHNICAL COLL     ,PR,00926-0000,Proprietary  ,8,20,28,55,108,163
03638300,ROSSLYN TRAINING ACADEMY OF COSMETOLOGY ,PR,00602-3225,Proprietary  ,5,9,14,24,55,79
03735400,"CHARLIES GUARD,DETECTIVE BUREAU&ACA     ",PR,00605-0000,Proprietary  ,11,20,31,65,184,249
03751300,ESCUELA HOTELERA DE SAN JUAN            ,PR,00917-0091,Proprietary  ,25,33,58,497,397,894
03758300,BAYAMON COMMUNITY COLLEGE               ,PR,00960-0000,Proprietary  ,10,44,54,55,182,237
03781400,INDUSTRIAL TECHNICAL COLLEGE            ,PR,00792-0000,Proprietary  ,15,19,34,120,194,314
03785300,J.G. GUAYNABO TECHNICAL COLLEGE         ,PR,00960-0000,Proprietary  ,6,16,22,40,97,137
03800300,COLEGIO TECNICO DE ELECTRICIDAD GALLOSA ,PR,00602-0000,Proprietary  ,1,8,9,18,62,80
03800400,INSTITUTE OF BEAUTY OCCUPATIONS AND TECH,PR,00676-5071,Proprietary  ,11,26,37,68,117,185
03843300,ADVANCED TECH COLLEGE                   ,PR,00961-6321,Proprietary  ,17,54,71,137,324,461
03849300,AGUADILLA TECHNICAL COLLEGE             ,PR,00603-0000,Proprietary  ,4,14,18,11,33,44
03965400,MYRANGEL BEAUTY INSTITUTE               ,PR,00754-3917,Proprietary  ,14,37,51,80,233,313
04030300,ASPIRA  DE PUERTO RICO                  ,PR,00987-0000,Private      ,1,0,1,3,8,11
04107300,CARIB TECHNOLOGICAL INSTITUTE           ,PR,00960-0000,Proprietary  ,63,50,113,205,153,358
04117200,INSTITUTO EDUCATIVO PREMIER             ,PR,00731-0000,Proprietary  ,6,30,36,87,182,269
04131600,LIBERTY TECHNICAL COLLEGE               ,PR,00737-1298,Proprietary  ,13,14,27,33,49,82
04158600,SCOTLAND EDUCATIONAL INSTITUTE          ,PR,00961-6312,Proprietary  ,1,14,15,1,14,15
00394600,UNIVERSITY OF THE VIRGIN ISLANDS        ,VI,00802-6000,Public       ,20,22,42,1073,831,1904
00394601,UNIV OF THE VIRGIN ISLANDS-ST CROIX     ,VI,00850-0000,Public       ,13,21,34,484,586,1070
00667400,CANADIAN THEOLOGICAL SEMINARY           ,CN,00000-0000,Private      ,0,0,0,2,1,3
00667700,MCGILL UNIVERSITY                       ,CN,00000-0000,Public       ,21,9,30,1769,433,2202
00667900,QUEEN'S UNIVERSITY AT KINGSTON          ,CN,00000-0000,Public       ,1,1,2,108,42,150
00668100,ST FRANCIS XAVIER UNIVERSITY            ,CN,00000-0000,Public       ,1,0,1,37,11,48
00668200,ST THOMAS UNIVERSITY                    ,CN,00000-0000,Public       ,1,0,1,13,5,18
00668300,UNIVERSITY OF GUELPH                    ,CN,00000-0000,Public       ,0,1,1,32,59,91
00668400,UNIVERSITY OF MANITOBA                  ,CN,00000-0000,Public       ,2,1,3,32,35,67
00668500,UNIVERSITY OF NEW BRUNSWICK (THE)       ,CN,00000-0000,Public       ,0,0,0,16,9,25
00668600,UNIVERSITY OF OTTAWA                    ,CN,00000-0000,Public       ,1,1,2,33,35,68
00668800,UNIVERSITY OF TORONTO                   ,CN,00000-0000,Public       ,2,7,9,297,469,766
00668900,UNIVERSITY OF WINDSOR                   ,CN,00000-0000,Public       ,0,1,1,17,50,67
00683700,UNIVERSITE LAVAL                        ,CN,00000-0000,Public       ,0,3,3,8,16,24
00683800,DALHOUSIE UNIVERSITY                    ,CN,00000-0000,Public       ,2,2,4,140,64,204
00685200,BISHOP'S UNIVERSITY                     ,CN,00000-0000,Private      ,1,0,1,42,2,44
00685300,MCMASTER UNIVERSITY                     ,CN,00000-0000,Public       ,0,0,0,24,25,49
00767900,YORK UNIVERSITY                         ,CN,00000-0000,Public       ,1,3,4,108,109,217
00787400,UNIVERSITY AT CALGARY (THE)             ,CN,00000-0000,Public       ,1,4,5,32,61,93
00814800,UNIVERSITY OF WINNIPEG                  ,CN,00000-0000,Public       ,1,0,1,7,6,13
00836200,UNIVERSITY OF ALBERTA (THE)             ,CN,00000-0000,Public       ,2,2,4,23,60,83
00836300,MOUNT SAINT VINCENT UNIVERSITY          ,CN,00000-0000,Private      ,0,0,0,1,3,4
00836400,SAINT MARY'S UNIVERSITY                 ,CN,00000-0000,Public       ,0,0,0,24,15,39
00836500,CONCORDIA UNIVERSITY - SIR GEORGE W     ,CN,00000-0000,Public       ,6,0,6,243,168,411
00836600,UNIVERSITE DE MONTREAL                  ,CN,00000-0000,Public       ,0,2,2,17,38,55
00836800,CARLETON UNIVERSITY                     ,CN,00000-0000,Public       ,1,2,3,51,30,81
00836900,UNIVERSITY OF BRITISH COLUMBIA          ,CN,00000-0000,Public       ,12,5,17,731,526,1257
00837000,"SAFA, UNIVERSITY OF VICTORIA            ",CN,00000-0000,Public       ,4,2,6,81,61,142
00844400,SIMON FRASER UNIVERSITY                 ,CN,00000-0000,Public       ,2,2,4,70,95,165
00844600,UNIVERSITY OF WESTERN ONTARIO (THE)     ,CN,00000-0000,Public       ,0,0,0,43,54,97
00844800,UNIVERSITY OF REGINA                    ,CN,00000-0000,Public       ,0,0,0,9,11,20
00844900,ACADIA UNIVERSITY                       ,CN,00000-0000,Public       ,0,1,1,43,17,60
00852600,UNIVERSITY OF WATERLOO                  ,CN,00000-0000,Public       ,1,1,2,38,24,62
00858200,WILFRID LAURIER UNIVERSITY              ,CN,00000-0000,Public       ,0,0,0,8,6,14
00891300,LAKEHEAD UNIVERSITY                     ,CN,00000-0000,Public       ,0,0,0,7,6,13
00911900,UNIVERSITE DE MONCTON                   ,CN,00000-0000,Public       ,0,1,1,0,3,3
00925200,BROCK UNIVERSITY                        ,CN,00000-0000,Public       ,0,1,1,7,21,28
00936700,UNIVERSITY OF PRINCE EDWARD ISLAND      ,CN,00000-0000,Public       ,0,0,0,11,110,121
00942100,BRANDON UNIVERSITY                      ,CN,00000-0000,Public       ,0,0,0,8,5,13
00948600,TRINITY WESTERN UNIVERSITY              ,CN,00000-0000,Private      ,9,0,9,323,50,373
00950000,MEMORIAL UNIVERSITY OF NEWFOUNDLAND     ,CN,00000-0000,Public       ,0,4,4,0,4,4
00950100,UNIVERSITY OF KING'S COLLEGE            ,CN,00000-0000,Public       ,0,0,0,23,6,29
00950300,MOUNT ALLISON UNIVERSITY                ,CN,00000-0000,Public       ,1,0,1,38,4,42
00950400,NOVA SCOTIA AGRICULTURAL COLLEGE        ,CN,00000-0000,Public       ,0,0,0,2,5,7
00950500,TRENT UNIVERSITY                        ,CN,00000-0000,Public       ,1,0,1,9,8,17
00969700,LETHBRIDGE COLLEGE                      ,CN,00000-0000,Public       ,0,0,0,2,6,8
00969800,MEDICINE HAT COLLEGE                    ,CN,00000-0000,Public       ,0,0,0,6,1,7
00970100,SENECA COLG OF APPLIED ARTS & TECH      ,CN,00000-0000,Public       ,0,1,1,14,29,43
01012300,NOVA SCOTIA COLLEGE OF ART & DESIGN     ,CN,00000-0000,Public       ,0,1,1,15,12,27
01022100,SAINT PAUL UNIVERSITY                   ,CN,00000-0000,Public       ,0,1,1,1,6,7
01045800,SHERIDAN COLLEGE OF APPLIED ARTS AN     ,CN,00000-0000,Public       ,0,0,0,16,14,30
01067500,REGENT COLLEGE                          ,CN,00000-0000,Private      ,0,2,2,2,100,102
01070300,UNIVERSITY OF LETHBRIDGE                ,CN,00000-0000,Public       ,0,0,0,5,11,16
01072000,RYERSON UNIVERSITY                      ,CN,00000-0000,Public       ,0,4,4,45,67,112
01172200,BRIERCREST BIBLE COLLEGE                ,CN,00000-0000,Private      ,0,0,0,15,11,26
01221100,ALGONQUIN CLG OF APPLIED ARTS &TECH     ,CN,00000-0000,Public       ,0,0,0,7,9,16
01222800,HUMBER COLLEGE                          ,CN,00000-0000,Public       ,0,0,0,12,18,30
01227400,PROVIDENCE COLLEGE                      ,CN,00000-0000,Private      ,0,0,0,9,7,16
02102100,BETHANY BIBLE COLLEGE                   ,CN,00000-0000,Private      ,1,0,1,60,24,84
02116600,CANADIAN MEMORIAL CHIROPRACTIC COLL     ,CN,00000-0000,Private      ,0,0,0,0,2,2
02167000,PRAIRIE BIBLE INST                      ,CN,00000-0000,Private      ,0,0,0,30,16,46
02184600,INSTITUTE FOR CHRISTIAN STUDIES         ,CN,00000-0000,Private      ,0,0,0,1,7,8
02195600,LASALLE COLLEGE                         ,CN,00000-0000,Private      ,0,0,0,13,7,20
02195700,TAYLOR UNIVERSITY COLLEGE AND SEMINARY  ,CN,00000-0000,Private      ,0,0,0,0,3,3
02201100,COLUMBIA BIBLE COLLEGE                  ,CN,00000-0000,Private      ,0,0,0,20,10,30
02216400,TYNDALE COLLEGE & SEMINARY              ,CN,00000-0000,Private      ,0,0,0,1,3,4
02219000,ST. LAWRENCE COLLEGE                    ,CN,00000-0000,Public       ,0,0,0,4,5,9
02219200,UNIVERSITY OF SASKATCHEWAN              ,CN,00000-0000,Public       ,0,0,0,10,23,33
02324900,EMMANUEL BIBLE COLLEGE                  ,CN,00000-0000,Private      ,0,0,0,0,1,1
02338800,EMILY CARR UNIVERSITY OF ART AND DESIGN ,CN,00000-0000,Public       ,0,0,0,48,44,92
02354700,RED DEER COLLEGE                        ,CN,00000-0000,Public       ,0,0,0,1,4,5
02577200,SALVATION ARMY WM & CATHERINE BOOTH     ,CN,00000-0000,Private      ,0,0,0,1,0,1
02593800,CONCORDIA UNIVERSITY COLLEGE            ,CN,00000-0000,Private      ,1,1,2,6,8,14
02611900,THE KING'S UNIVERSITY COLLEGE           ,CN,00000-0000,Private      ,0,0,0,1,5,6
03018300,ROCKY MOUNTAIN COLLEGE: CENTRE FOR      ,CN,00000-0000,Private      ,0,2,2,1,7,8
03033800,UNIVERSITY COLLEGE OF CAPE BRETON       ,CN,00000-0000,Public       ,0,0,0,3,1,4
03078300,VANCOUVER SCHOOL OF THEOLOGY            ,CN,00000-0000,Private      ,0,1,1,0,8,8
03273300,CANADIAN COLLEGE OF NATUROPATHIC ME     ,CN,00000-0000,Private      ,0,0,0,0,30,30
03298300,ALBERTA COLLEGE OF ART & DESIGN         ,CN,00000-0000,Public       ,1,0,1,24,10,34
03332500,KWANTLEN UNIVERSITY COLLEGE             ,CN,00000-0000,Public       ,0,0,0,7,11,18
03335400,CANADIAN UNIVERSITY COLLEGE             ,CN,00000-0000,Private      ,0,2,2,22,14,36
03339300,ST. STEPHENS UNIVERSITY                 ,CN,00000-0000,Private      ,0,0,0,4,4,8
03348500,REDEEMER UNIVERSITY COLLEGE             ,CN,00000-0000,Private      ,0,0,0,13,2,15
03408300,CANDIAN NAZARENE UNIVERSITY COLLEGE     ,CN,00000-0000,Private      ,0,0,0,1,3,4
03420300,HOLLAND COLLEGE                         ,CN,00000-0000,Public       ,0,0,0,0,3,3
03421300,LOYALIST COLLEGE OF APPLIED ARTS &      ,CN,00000-0000,Public       ,0,0,0,3,2,5
03465300,NIPISSING UNIVERSITY                    ,CN,00000-0000,Public       ,0,0,0,2,0,2
03511300,CN CLG ACUPUNCTURE & ORIENTAL MED       ,CN,00000-0000,Private      ,0,0,0,0,7,7
03551300,INTERNATIONAL BIBLE COLLEGE             ,CN,00000-0000,Private      ,0,0,0,0,1,1
03560400,NIAGARA COLLEGE-WELLAND CAMPUS          ,CN,00000-0000,Public       ,0,0,0,2,5,7
03613300,UNIV OF NORTHERN BRITISH COLUMBIA       ,CN,00000-0000,Public       ,0,0,0,7,9,16
03644400,CANADIAN MENNONITE UNIVERSITY           ,CN,00000-0000,Private      ,1,0,1,13,3,16
03674400,CANADIAN SOUTHERN BAPTIST SEMINARY      ,CN,00000-0000,Private      ,0,1,1,0,2,2
03711300,CAPILANO UNIVERSITY                     ,CN,00000-0000,Public       ,0,0,0,10,19,29
03745300,BRITISH COLUMBIA INSTITUTE OF TECHNOLOGY,CN,00000-0000,Public       ,0,0,0,3,17,20
03846300,PACIFIC LIFE BIBLE COLLEGE              ,CN,00000-0000,Private      ,0,0,0,5,3,8
03847300,ATLANTIC BAPTIST UNIVERSITY             ,CN,00000-0000,Private      ,0,0,0,11,1,12
04122700,MCMASTER DIVINITY COLLEGE               ,CN,00000-0000,Private      ,0,0,0,0,6,6
04156700,AMBROSE UNIVERSITY COLLEGE              ,CN,00000-0000,Private      ,2,0,2,2,0,2
00814700,UNIVERSIDAD AUTONOMA DE GUADALAJARA     ,MX,00000-0000,Private      ,1,21,22,62,1129,1191
01041800,INST TEC Y DE ESTSUPER DE MONTERRE      ,MX,00000-0000,Private      ,3,1,4,88,74,162
01067600,UNIVERSIDAD DE MONTERREY                ,MX,00000-0000,Private      ,0,0,0,32,50,82
01093800,UNIVERSIDAD DE GUANAJUATO               ,MX,00000-0000,Public       ,1,0,1,8,28,36
01097600,INSTITUTO ALLENDE                       ,MX,00000-0000,Private      ,0,0,0,2,18,20
02053300,CENTRO DE ESTUDIOS UNIVERSITARIOS D     ,MX,00000-0000,Private      ,8,4,12,120,193,313
01001000,AMERICAN SAMOA CMNTY COLLEGE            ,AS,96799-2609,Public       ,99,52,151,1696,421,2117
01034300,COLLEGE OF MICRONESIA - FSM             ,FM,96941-0159,Public       ,127,119,246,2520,1167,3687
01100900,PALAU COMMUNITY COLLEGE                 ,PW,96940-0009,Public       ,16,31,47,774,373,1147
03022400,COLLEGE OF THE MARSHALL ISLANDS         ,MH,96960-1258,Public       ,133,48,181,779,379,1158
03033000,NORTHERN MARIANAS COLLEGE               ,MP,96950-0000,Public       ,65,57,122,513,427,940
