OPE ID,School,State,Zip Code,School Type,20092010Qtr6_Dependent Students,20092010Qtr6_Independent Students,Quarterly Total,YTD_20092010Qtr6_Dependent Students,YTD_20092010Qtr6_Independent Students,Award Year To Date Total
00100200,ALABAMA AGRCLTL & MECHL UNIV            ,AL,35762-1357,Public       ,68,67,135,5607,3187,8794
00100300,FAULKNER UNIVERSITY                     ,AL,36109-3398,Private      ,13,88,101,1437,3982,5419
00100400,UNIVERSITY OF MONTEVALLO                ,AL,35115-6000,Public       ,17,51,68,1984,1353,3337
00100500,ALABAMA STATE UNIVERSITY                ,AL,36101-0000,Public       ,243,136,379,7957,4875,12832
00100700,CENTRAL ALABAMA COMMUNITY COLLEGE       ,AL,35011-0000,Public       ,43,131,174,1391,2385,3776
00100800,ATHENS STATE UNIVERSITY                 ,AL,35611-1999,Public       ,8,87,95,630,3150,3780
00100900,AUBURN UNIVERSITY                       ,AL,36849-5113,Public       ,109,143,252,14537,5678,20215
00101200,BIRMINGHAM SOUTHERN COLLEGE             ,AL,35254-0002,Private      ,6,5,11,1864,378,2242
00101300,CALHOUN COMMUNITY COLLEGE               ,AL,35609-2216,Public       ,91,278,369,4608,8059,12667
00101500,ENTERPRISE STATE COMMUNITY COLLEGE      ,AL,36331-1300,Public       ,46,115,161,1265,2004,3269
00101600,UNIVERSITY OF NORTH ALABAMA             ,AL,35632-0001,Public       ,48,72,120,4222,2694,6916
00101700,GADSDEN STATE COMMUNITY COLLEGE         ,AL,35903-2269,Public       ,87,292,379,3230,6385,9615
00101800,GEORGE C WALLACE COMMUNITY COLLEGE      ,AL,36303-0943,Public       ,108,251,359,2037,4353,6390
00101900,HUNTINGDON COLLEGE                      ,AL,36106-2148,Private      ,5,15,20,1065,537,1602
00102000,JACKSONVILLE STATE UNIVERSITY           ,AL,36265-1602,Public       ,70,132,202,6041,5416,11457
00102100,JEFFERSON DAVIS COMMUNITY COLLEGE       ,AL,36427-2790,Public       ,31,59,90,678,1170,1848
00102200,JEFFERSON STATE COMMUNITY COLLEGE       ,AL,35215-3098,Public       ,52,226,278,3763,7460,11223
00102300,JUDSON COLLEGE                          ,AL,36756-2504,Private      ,2,2,4,320,127,447
00102400,UNIVERSITY OF WEST ALABAMA              ,AL,35470-0000,Public       ,38,203,241,1806,5118,6924
00102600,MARION MILITARY INSTITUTE               ,AL,36756-3214,Public       ,3,0,3,559,80,639
00102800,MILES COLLEGE                           ,AL,35064-2697,Private      ,10,34,44,2193,1401,3594
00102900,UNIVERSITY OF MOBILE                    ,AL,36613-0000,Private      ,8,55,63,1228,1635,2863
00103000,BISHOP STATE COMMUNITY COLLEGE          ,AL,36603-5898,Public       ,57,194,251,1872,4812,6684
00103001,BISHOP STATE COMM COLG-CARVER CMPS      ,AL,36617-0000,Public       ,7,21,28,151,441,592
00103002,BISHOP STAT COMM CLG-SW CMPS            ,AL,36605-0000,Public       ,3,7,10,87,198,285
00103100,NORTHEAST ALABAMA STATE CMNTY COLG      ,AL,35986-0159,Public       ,62,174,236,1443,2650,4093
00103300,OAKWOOD COLLEGE                         ,AL,35896-0001,Private      ,4,10,14,1807,751,2558
00103400,ALABAMA SOUTHERN COMMUNITY COLLEGE      ,AL,36460-5698,Public       ,45,54,99,1158,1394,2552
00103600,SAMFORD UNIVERSITY                      ,AL,35229-7000,Private      ,7,60,67,2783,2621,5404
00103800,SNEAD STATE COMMUNITY COLLEGE           ,AL,35957-0734,Public       ,13,50,63,1129,2061,3190
00104000,SOUTHERN UNION STATE COMMUNITY CLG      ,AL,36276-0000,Public       ,37,121,158,2969,3346,6315
00104100,SPRING HILL COLLEGE                     ,AL,36608-1791,Private      ,8,13,21,1830,611,2441
00104400,STILLMAN COLLEGE                        ,AL,35403-1430,Private      ,20,13,33,2235,547,2782
00104600,TALLADEGA COLLEGE                       ,AL,35160-2354,Private      ,4,10,14,585,355,940
00104700,TROY STATE UNIVERSITY                   ,AL,36082-0001,Public       ,91,934,1025,7650,26538,34188
00105000,TUSKEGEE UNIVERSITY                     ,AL,36088-1645,Private      ,24,19,43,4691,1208,5899
00105100,UNIVERSITY OF ALABAMA (THE)             ,AL,35487-0120,Public       ,130,196,326,17444,9168,26612
00105200,UNIVERSITY OF ALABAMA AT BIRMINGHAM     ,AL,35294-1150,Public       ,62,249,311,7776,10410,18186
00105500,UNIVERSITY OF ALABAMA IN HUNTSVILLE     ,AL,35899-0001,Public       ,24,75,99,4002,3782,7784
00105700,UNIVERSITY OF SOUTH ALABAMA             ,AL,36688-0002,Public       ,64,203,267,7311,9185,16496
00105900,LAWSON STATE COMMUNITY COLLEGE          ,AL,35221-1798,Public       ,85,260,345,2550,4625,7175
00105901,LAWSON STATE COMMUNITY COLLEGE - BESSEME,AL,35021-0308,Public       ,10,55,65,464,1159,1623
00106000,FAULKNER STATE COMMUNITY COLLEGE        ,AL,36507-2698,Public       ,79,149,228,2717,3421,6138
00526000,J.F. DRAKE STATE TECH COLLEGE           ,AL,35811-1584,Public       ,31,107,138,458,1931,2389
00569100,SHELTON STATE COMMUNITY CLG             ,AL,35405-4017,Public       ,127,173,300,3922,4313,8235
00569200,REID STATE TECHNICAL COLLEGE            ,AL,36401-0000,Public       ,13,46,59,340,912,1252
00569700,NORTHWEST- SHOALS COMMUNITY COLLEGE     ,AL,35661-0000,Public       ,107,151,258,2161,2951,5112
00569702,NORTHWEST-SHOALS C.C.-PHIL CAMPBELL     ,AL,35581-0000,Public       ,17,13,30,259,310,569
00569900,GEORGE C WALLACE STATE CMTY COLLEGE     ,AL,36703-0000,Public       ,81,112,193,1189,2074,3263
00573300,BEVILL STATE CMTY COLLEGE-WALKER        ,AL,35148-0000,Public       ,63,192,255,1329,2785,4114
00573301,BEVILL STATE COMMUNITY COLLEGE - FAYETTE,AL,35555-0000,Public       ,12,37,49,497,828,1325
00573302,BEVILL STATE CMTY CLG-HAMILTON CAMP     ,AL,35570-0000,Public       ,4,13,17,208,406,614
00573305,BEVILL STATE CMTY CLG-WALKER CLG        ,AL,35501-0000,Public       ,3,27,30,378,621,999
00573400,H. COUNCILL TRENHOLM STATE TECH COLLEGE ,AL,36108-0020,Public       ,34,144,178,857,2329,3186
00573401,H. C. TRENHOLM ST TECH COL-PATTERSON CAM,AL,36116-2612,Public       ,17,32,49,383,710,1093
00787100,GEORGE C WALLACE STATE CMTY CLG         ,AL,35077-2000,Public       ,89,189,278,3228,5038,8266
00831000,AUBURN UNIVERSITY-MONTGOMERY            ,AL,36124-0000,Public       ,57,156,213,3010,4424,7434
00898800,LURLEEN B WALLACE COMMUNITY COLLEGE     ,AL,36420-0418,Public       ,36,88,124,965,1608,2573
01019300,HERZING COLLEGE                         ,AL,35209-4816,Proprietary  ,9,63,72,136,1125,1261
01055400,CONCORDIA COLLEGE                       ,AL,36701-3323,Private      ,54,10,64,651,456,1107
01218200,CHATTAHOOCHEE VALLEY CMTY CLG           ,AL,36869-7917,Public       ,32,58,90,903,1929,2832
01303906,SOUTH UNIVERSITY - MONTGOMERY           ,AL,36116-1120,Proprietary  ,9,45,54,340,1442,1782
02170600,UNITED STATES SPORTS ACADEMY            ,AL,36526-7055,Private      ,0,35,35,26,858,884
02199700,HERITAGE CHRISTIAN UNIVERSITY           ,AL,35630-0000,Private      ,0,1,1,21,82,103
02270400,SOUTHEASTERN BIBLE COLLEGE              ,AL,35244-2083,Private      ,2,1,3,113,204,317
02285000,PAUL MITCHELL THE SCHOOL HUNTSVILLE     ,AL,35758-0000,Proprietary  ,9,10,19,11,17,28
02296000,PRINCE INSTITUTE OF PROFESSIONAL STUDIES,AL,36117-0000,Proprietary  ,0,1,1,35,171,206
02341000,FORTIS COLLEGE                          ,AL,36609-0000,Proprietary  ,78,133,211,643,1614,2257
02341002,CAPPS COLLEGE - MONTGOMERY              ,AL,36109-3624,Proprietary  ,1,5,6,43,152,195
02341004,FORTIS COLLEGE - SCHOOL OF COSMETOLOGY  ,AL,36609-1981,Proprietary  ,2,0,2,22,61,83
02503400,AMRIDGE UNIVERSITY                      ,AL,36124-0000,Private      ,1,31,32,39,994,1033
02605500,REMINGTON COLLEGE - MOBILE CAMPUS       ,AL,36609-5593,Proprietary  ,30,190,220,683,2891,3574
03010600,VIRGINIA COLLEGE                        ,AL,35209-5154,Proprietary  ,207,2351,2558,2697,26043,28740
03010602,VIRGINIA COLLEGE - HUNTSVILLE           ,AL,35805-0000,Proprietary  ,26,128,154,318,1886,2204
03010607,VIRGINIA COLLEGE - MOBILE               ,AL,36608-1626,Proprietary  ,29,123,152,155,863,1018
03010616,VIRGINIA COLLEGE - MONTGOMERY           ,AL,36117-2802,Proprietary  ,43,151,194,425,1634,2059
03032500,ALABAMA STATE CLG BARBER STYLING        ,AL,35215-8308,Proprietary  ,0,3,3,37,99,136
03361400,FORTIS COLLEGE                          ,AL,36535-3547,Proprietary  ,12,53,65,76,410,486
03459300,SOUTHEASTERN SCHOOL OF COSMETOLOGY      ,AL,35228-0000,Private      ,1,17,18,44,243,287
03783300,BLUE CLIFF CAREER COLLEGE               ,AL,63306-4749,Proprietary  ,1,3,4,88,259,347
03894300,HUNTSVILLE BIBLE COLLEGE                ,AL,35811-0000,Private      ,0,0,0,11,67,78
04066300,CARDIAC AND VASCULAR INSTITUTE OF ULTRAS,AL,36604-1411,Proprietary  ,0,0,0,7,59,66
04067300,SELMA UNIVERSITY                        ,AL,36701-0000,Private      ,1,1,2,58,292,350
04116500,MIMI'S BEAUTY ACADEMY OF COSMETOLOGY    ,AL,35810-3453,Proprietary  ,0,0,0,7,39,46
04121500,COLUMBIA SOUTHERN UNIVERSITY            ,AL,36561-3815,Proprietary  ,12,234,246,215,6352,6567
04149200,XCELL ACADEMY-A PAUL MITCHELL PARTNER SC,AL,35216-4990,Proprietary  ,3,11,14,79,149,228
00111100,ALLAN HANCOCK COLLEGE                   ,CA,93454-6399,Public       ,32,70,102,3361,4477,7838
00111300,ANTELOPE VALLEY COLLEGE                 ,CA,93536-5426,Public       ,131,375,506,5731,10238,15969
00111600,ART CENTER COLLEGE OF DESIGN            ,CA,91103-1999,Private      ,1,8,9,1243,1340,2583
00111700,AZUSA PACIFIC UNIVERSITY                ,CA,91702-7000,Private      ,21,203,224,6618,6555,13173
00111800,BAKERSFIELD COLLEGE                     ,CA,93305-1299,Public       ,164,420,584,8892,11478,20370
00111900,BARSTOW COMMUNITY COLLEGE               ,CA,92311-6608,Public       ,57,214,271,908,3993,4901
00112000,AMER BAPT SEM OF THE WEST-BERKELEY      ,CA,94704-0000,Private      ,0,1,1,2,64,66
00112100,BETHANY UNIVERSITY /  ASSEMBLIES OF GOD ,CA,95066-2896,Private      ,1,2,3,418,341,759
00112200,BIOLA UNIVERSITY                        ,CA,90639-0001,Private      ,5,19,24,5101,2298,7399
00112300,BROOKS INSTITUTE                        ,CA,93103-1809,Proprietary  ,13,20,33,1133,805,1938
00112400,CABRILLO COLLEGE                        ,CA,95003-3194,Public       ,84,104,188,3900,5314,9214
00112500,CALIFORNIA BAPTIST UNIVERSITY           ,CA,92504-3297,Private      ,8,74,82,3624,2695,6319
00112700,CALIFORNIA COLLEGE OF THE ARTS          ,CA,94107-2206,Private      ,4,11,15,1634,1737,3371
00113100,CALIFORNIA INSTITUTE OF TECHNOLOGY      ,CA,91125-0001,Private      ,1,1,2,2891,466,3357
00113200,CALIFORNIA INSTITUTE OF THE ARTS        ,CA,91355-2397,Private      ,1,1,2,1631,1367,2998
00113300,CALIFORNIA LUTHERAN UNIVERSITY          ,CA,91360-2787,Private      ,6,51,57,3085,1671,4756
00113400,CALIFORNIA MARITIME ACADEMY             ,CA,94590-8181,Public       ,0,4,4,668,280,948
00113700,CALIF STATE UNIV-FULLERTON              ,CA,92831-3599,Public       ,51,115,166,32342,16925,49267
00113800,"CALIFORNIA STATE UNIVERSITY, EAST BAY   ",CA,94542-3000,Public       ,22,82,104,9725,10632,20357
00113900,CALIF STATE UNIV-LONG BEACH             ,CA,90840-0006,Public       ,50,120,170,38560,18959,57519
00114000,CALIF STATE UNIV-LOS ANGELES            ,CA,90032-4226,Public       ,23,72,95,22011,17204,39215
00114100,"CALIF STATE UNIV, DOMINGUEZ HILLS       ",CA,90747-0001,Public       ,27,132,159,10270,11452,21722
00114200,CALIF STATE UNIV SAN BERNARDINO         ,CA,92407-2397,Public       ,53,108,161,14266,12586,26852
00114300,CAL POLY STATE UNIVERSITY               ,CA,93407-0001,Public       ,101,20,121,27631,3957,31588
00114400,CALIF STATE POLYTECHNIC UNIV POMONA     ,CA,91768-2500,Public       ,128,61,189,21637,8490,30127
00114600,CALIF STATE UNIV - CHICO                ,CA,95929-0001,Public       ,23,31,54,14227,5968,20195
00114700,CALIF STATE UNIV - FRESNO               ,CA,93740-8026,Public       ,25,41,66,17957,10473,28430
00114900,HUMBOLDT STATE UNIVERSITY               ,CA,95521-8299,Public       ,7,11,18,9377,4067,13444
00115000,CALIF STATE UNIV-SACRAMENTO             ,CA,95819-6044,Public       ,41,86,127,22256,16901,39157
00115100,SAN DIEGO STATE UNIVERSITY              ,CA,92182-1690,Public       ,72,111,183,38785,17009,55794
00115300,CALIF STATE UNIV-NORTHRIDGE             ,CA,91330-8307,Public       ,35,84,119,27681,18069,45750
00115400,SAN FRANCISCO STATE UNIVERSITY          ,CA,94132-1740,Public       ,56,130,186,27873,18225,46098
00115500,SAN JOSE STATE UNIVERSITY               ,CA,95192-0036,Public       ,21,87,108,22540,15145,37685
00115600,SONOMA STATE UNIVERSITY                 ,CA,94928-3609,Public       ,7,20,27,8570,3281,11851
00115700,CALIF STATE UNIV-STANISLAUS             ,CA,95382-0299,Public       ,11,30,41,6942,5288,12230
00116100,CERRITOS COLLEGE                        ,CA,90650-6296,Public       ,126,200,326,11782,10297,22079
00116200,CHABOT COLLEGE                          ,CA,94545-2400,Public       ,58,171,229,4574,6680,11254
00116300,CHAFFEY COLLEGE                         ,CA,91737-9400,Public       ,88,147,235,9764,12095,21859
00116400,CHAPMAN UNIVERSITY                      ,CA,92866-1099,Private      ,27,259,286,7106,10091,17197
00116415,CHAPMAN UNIVERSITY - IRVINE CAMPUS      ,CA,92618-3801,Private      ,0,0,0,0,1,1
00116453,CHAPMAN UNIVERSITY SCHOOL OF LAW        ,CA,92866-0000,Private      ,0,5,5,92,2106,2198
00116500,CHURCH DIV SCH OF THE PACIFIC           ,CA,94709-0000,Private      ,0,0,0,0,60,60
00116600,CITRUS COLLEGE                          ,CA,91741-1899,Public       ,140,191,331,6553,5810,12363
00116900,CLAREMONT GRADUATE UNIVERSITY           ,CA,91711-0000,Private      ,1,28,29,13,1978,1991
00117000,CLAREMONT MCKENNA COLLEGE               ,CA,91711-6400,Private      ,1,1,2,3130,129,3259
00117100,HARVEY MUDD COLLEGE                     ,CA,91711-5990,Private      ,0,0,0,1824,28,1852
00117200,PITZER COLLEGE                          ,CA,91711-6101,Private      ,0,0,0,2879,145,3024
00117300,POMONA COLLEGE                          ,CA,91711-6301,Private      ,0,0,0,4338,130,4468
00117400,SCRIPPS COLLEGE                         ,CA,91711-3948,Private      ,0,1,1,1588,78,1666
00117600,WEST HILLS COMMUNITY COLLEGE            ,CA,93210-1399,Public       ,4,40,44,1144,1406,2550
00117700,COGSWELL POLYTECHNICAL COLLEGE          ,CA,94089-1210,Private      ,2,3,5,124,74,198
00117800,COLLEGE OF MARIN                        ,CA,94904-2590,Public       ,12,51,63,845,2175,3020
00117801,COLG OF MARIN-INDIAN VALLEY CMPS        ,CA,94949-0000,Public       ,1,3,4,24,125,149
00117900,NOTRE DAME DE NAMUR UNIVERSITY          ,CA,94002-1997,Private      ,2,18,20,1030,1015,2045
00118100,COLLEGE OF SAN MATEO                    ,CA,94402-3784,Public       ,61,103,164,2003,2451,4454
00118200,COLLEGE OF THE DESERT                   ,CA,92260-9305,Public       ,31,68,99,3883,4462,8345
00118300,HOLY NAMES UNIVERSITY                   ,CA,94619-1699,Private      ,1,7,8,704,783,1487
00118500,COLLEGE OF THE REDWOODS                 ,CA,95501-9300,Public       ,19,65,84,2632,4733,7365
00118600,COLLEGE OF THE SEQUOIAS                 ,CA,93277-2234,Public       ,126,197,323,5768,7634,13402
00118700,COLLEGE OF THE SISKIYOUS                ,CA,96094-2899,Public       ,12,41,53,1010,1382,2392
00118701,COLLEGE OF THE SISKIYOUS - YREKA CENTER ,CA,96097-9538,Public       ,1,5,6,45,150,195
00119000,CONTRA COSTA COLLEGE                    ,CA,94806-3195,Public       ,38,142,180,2011,3721,5732
00119100,DIABLO VALLEY COLLEGE                   ,CA,94523-1544,Public       ,71,144,215,4122,4662,8784
00119200,CUESTA COLLEGE                          ,CA,93403-8106,Public       ,31,82,113,3585,3604,7189
00119300,CYPRESS COLLEGE                         ,CA,90630-5897,Public       ,55,143,198,5934,6668,12602
00119600,DOMINICAN UNIVERSITY OF CALIFORNIA      ,CA,94901-2298,Private      ,0,13,13,2141,1378,3519
00119700,EL CAMINO COLLEGE                       ,CA,90506-0002,Public       ,138,300,438,9740,9731,19471
00119701,COMPTON COMMUNITY COLLEGE               ,CA,90221-5393,Public       ,59,167,226,1712,4215,5927
00119900,FOOTHILL COLLEGE                        ,CA,94022-4597,Public       ,40,96,136,2004,3142,5146
00120000,FULLER THEOLOGICAL SEMINARY             ,CA,91182-0000,Private      ,0,15,15,12,2282,2294
00120100,FULLERTON COLLEGE                       ,CA,92832-2095,Public       ,122,184,306,8699,6795,15494
00120200,GAVILAN COLLEGE                         ,CA,95020-9599,Public       ,53,77,130,1533,1990,3523
00120300,GLENDALE COMMUNITY COLLEGE              ,CA,91208-2894,Public       ,121,213,334,6665,7362,14027
00120400,GOLDEN GATE BAPT THEOL SEMINARY         ,CA,94941-0000,Private      ,0,0,0,1,57,58
00120500,GOLDEN GATE UNIVERSITY                  ,CA,94105-2967,Private      ,0,64,64,88,4007,4095
00120600,GOLDEN WEST COLLEGE                     ,CA,92647-2748,Public       ,34,86,120,5555,5878,11433
00120700,GRADUATE THEOLOGICAL UNION              ,CA,94709-0000,Private      ,0,1,1,0,345,345
00120800,GROSSMONT COLLEGE                       ,CA,92020-1798,Public       ,114,241,355,6182,8149,14331
00120900,HARTNELL COMMUNITY COLLEGE              ,CA,93901-1697,Public       ,25,43,68,2848,2895,5743
00121200,HUMPHREYS COLLEGE                       ,CA,95207-3896,Private      ,1,19,20,233,1193,1426
00121400,IMPERIAL VALLEY COLLEGE                 ,CA,92251-9787,Public       ,66,111,177,4432,4006,8438
00121500,LA SIERRA UNIVERSITY                    ,CA,92515-3332,Private      ,9,8,17,1848,809,2657
00121600,UNIVERSITY OF LA VERNE                  ,CA,91750-4443,Private      ,7,153,160,2502,6746,9248
00121700,LASSEN COLLEGE                          ,CA,96130-3000,Public       ,7,28,35,414,805,1219
00121800,LOMA LINDA UNIVERSITY                   ,CA,92350-0001,Private      ,5,29,34,762,5032,5794
00121900,LONG BEACH CITY COLLEGE                 ,CA,90808-1780,Public       ,150,488,638,11798,15337,27135
00122000,MASTER'S COLLEGE & SEMINARY (THE)       ,CA,91321-1200,Private      ,1,9,10,1085,380,1465
00122300,LOS ANGELES CITY COLLEGE                ,CA,90029-3588,Public       ,46,184,230,5638,10095,15733
00122400,LOS ANGELES HARBOR COLLEGE              ,CA,90744-2397,Public       ,40,72,112,3032,4163,7195
00122600,LOS ANGELES PIERCE COLLEGE              ,CA,91371-0001,Public       ,77,136,213,7897,7255,15152
00122700,LOS ANGELES TRADE TECH COLLEGE          ,CA,90015-4181,Public       ,55,219,274,3931,8647,12578
00122800,LOS ANGELES VALLEY COLLEGE              ,CA,91401-4096,Public       ,54,101,155,5847,7397,13244
00122900,SO CA UNIV  HEALTH SCIENCES             ,CA,90604-4051,Private      ,3,24,27,28,695,723
00123000,SOUTHERN CA COLLEGE OF OPTOMETRY        ,CA,92831-1699,Private      ,0,0,0,8,478,486
00123200,AMERICAN RIVER COLLEGE                  ,CA,95841-4286,Public       ,181,619,800,9815,19146,28961
00123300,SACRAMENTO CITY COLLEGE                 ,CA,95822-1386,Public       ,313,821,1134,10030,14866,24896
00123600,MENLO COLLEGE                           ,CA,94027-4301,Private      ,6,4,10,1000,169,1169
00123700,MERCED COMMUNITY COLLEGE                ,CA,95348-2898,Public       ,108,181,289,5369,5788,11157
00123800,MILLS COLLEGE                           ,CA,94613-1301,Private      ,0,4,4,1513,1610,3123
00123900,MIRACOSTA COLLEGE                       ,CA,92056-3899,Public       ,27,113,140,2603,4345,6948
00124000,MODESTO JUNIOR COLLEGE                  ,CA,95350-5800,Public       ,103,273,376,8494,10952,19446
00124200,MONTEREY PENINSULA COLLEGE              ,CA,93940-4799,Public       ,37,85,122,2021,2303,4324
00124300,MOUNT ST MARYS COLLEGE                  ,CA,90049-1599,Private      ,4,30,34,2067,1959,4026
00124500,MT. SAN ANTONIO COLLEGE                 ,CA,91789-1399,Public       ,115,178,293,13513,11291,24804
00124600,MT SAN JACINTO COLLEGE                  ,CA,92583-2399,Public       ,75,271,346,6555,11160,17715
00124700,NAPA VALLEY COLLEGE                     ,CA,94558-6236,Public       ,26,59,85,1905,2499,4404
00124900,OCCIDENTAL COLLEGE                      ,CA,90041-3314,Private      ,1,2,3,4815,231,5046
00125000,ORANGE COAST COLLEGE - FIN AID OFF      ,CA,92628-5005,Public       ,63,115,178,9844,7798,17642
00125100,OTIS COLLEGE OF ART AND DESIGN          ,CA,90045-3505,Private      ,3,6,9,1461,686,2147
00125200,HOPE INTERNATIONAL UNIVERSITY           ,CA,92631-0000,Private      ,2,21,23,611,764,1375
00125300,FRESNO PACIFIC UNIVERSITY               ,CA,93702-4798,Private      ,10,72,82,1489,2548,4037
00125302,FRESNO PACIFIC UNIVERSITY - VISALIA CENT,CA,93277-8341,Private      ,0,0,0,28,160,188
00125303,FRESNO PACIFIC UNIVERSITY - BAKERSFIELD ,CA,93301-4533,Private      ,0,0,0,42,164,206
00125400,PACIFIC LUTHERAN THEOLOGICAL SEM        ,CA,94708-0000,Private      ,0,1,1,0,99,99
00125500,PACIFIC OAKS COLLEGE                    ,CA,91103-3592,Private      ,0,6,6,13,548,561
00125600,PACIFIC SCHOOL OF RELIGION              ,CA,94709-0000,Private      ,0,0,0,0,178,178
00125800,PACIFIC UNION COLLEGE                   ,CA,94508-9797,Private      ,7,7,14,1418,494,1912
00125900,PALO VERDE COLLEGE                      ,CA,92225-0000,Public       ,2,4,6,243,575,818
00126000,PALOMAR COLLEGE                         ,CA,92069-1486,Public       ,72,151,223,6536,7016,13552
00126100,PASADENA CITY COLLEGE                   ,CA,91106-2003,Public       ,115,186,301,13823,10017,23840
00126200,POINT LOMA NAZARENE UNIVERSITY          ,CA,92106-2899,Private      ,6,61,67,3605,1552,5157
00126600,LANEY COLLEGE                           ,CA,94607-4893,Public       ,73,253,326,3379,7329,10708
00126700,MERRITT COLLEGE                         ,CA,94619-3196,Public       ,36,179,215,1505,4063,5568
00126800,PORTERVILLE COLLEGE                     ,CA,93257-6059,Public       ,38,71,109,1859,2779,4638
00126900,RIO HONDO COLLEGE                       ,CA,90601-1699,Public       ,42,105,147,7659,6874,14533
00127000,RIVERSIDE COMMUNITY COLLEGE             ,CA,92506-1299,Public       ,297,668,965,19026,23473,42499
00127200,SAN BERNARDINO VALLEY COLLEGE           ,CA,92410-2798,Public       ,88,340,428,5852,11373,17225
00127300,SAN DIEGO CITY COLLEGE                  ,CA,92101-4787,Public       ,177,556,733,6303,12327,18630
00127500,SAN DIEGO MESA COLLEGE                  ,CA,92111-4996,Public       ,113,308,421,6930,8917,15847
00127800,SAN FRANCISCO CONSERVATORY OF MUSIC     ,CA,94122-4498,Private      ,1,1,2,324,373,697
00127900,SAN FRANCISCO THEOLOGICAL SEMINARY      ,CA,94960-0000,Private      ,0,1,1,1,106,107
00128000,SAN JOAQUIN DELTA COLLEGE               ,CA,95207-6370,Public       ,118,205,323,8695,11834,20529
00128100,WILLIAM JESSUP UNIVERSITY               ,CA,95765-3707,Private      ,0,11,11,549,432,981
00128200,SAN JOSE CITY COLLEGE                   ,CA,95128-2797,Public       ,39,146,185,3238,5506,8744
00128400,SANTA ANA COLLEGE                       ,CA,92706-3398,Public       ,70,177,247,5432,6140,11572
00128500,SANTA BARBARA CITY COLLEGE              ,CA,93109-2394,Public       ,108,191,299,5715,4844,10559
00128600,SANTA MONICA COLLEGE                    ,CA,90405-1644,Public       ,118,192,310,12725,9155,21880
00128700,SANTA ROSA JUNIOR COLLEGE               ,CA,95401-4395,Public       ,33,106,139,4866,6965,11831
00128800,CLAREMONT SCHOOL OF THEOLOGY            ,CA,91711-0000,Private      ,0,0,0,4,188,192
00128900,SHASTA COLLEGE                          ,CA,96049-7692,Public       ,30,104,134,3676,5821,9497
00129000,SIERRA COLLEGE                          ,CA,95677-3397,Public       ,65,156,221,6205,8161,14366
00129100,SIMPSON UNIVERSITY                      ,CA,96003-8606,Private      ,0,6,6,1094,887,1981
00129200,SOLANO COMMUNITY COLLEGE                ,CA,94534-3197,Public       ,41,114,155,3032,5726,8758
00129300,VANGUARD UNIVERSITY OF SOUTHERN CA      ,CA,92626-6597,Private      ,10,50,60,1795,977,2772
00129400,SOUTHWESTERN COLLEGE                    ,CA,91910-7299,Public       ,53,117,170,8059,6873,14932
00129500,SOUTHWESTERN LAW SCHOOL                 ,CA,90010-1106,Private      ,0,6,6,19,2716,2735
00129600,DOMINICAN SCH PHILOSOPHY & THEOLOGY     ,CA,94709-0000,Private      ,1,0,1,3,42,45
00129900,ST JOHN'S SEMINARY COLLEGE              ,CA,93010-0000,Private      ,0,0,0,0,2,2
00130200,SAINT MARY'S COLLEGE OF CALIFORNIA      ,CA,94556-2744,Private      ,0,31,31,3739,1551,5290
00130500,STANFORD UNIVERSITY                     ,CA,94305-6106,Private      ,16,27,43,20814,3808,24622
00130501,STANFORD UNIVERSITY - GRADUATE SCHOOL OF,CA,94305-5301,Private      ,0,3,3,135,692,827
00130502,STANFORD UNIVERSITY - GRADUATE SCHOOL OF,CA,94305-5015,Private      ,0,5,5,66,1142,1208
00130503,STANFORD UNIVERSITY - STANFORD LAW SCHOO,CA,94305-3096,Private      ,3,2,5,48,2276,2324
00130700,FRESNO CITY COLLEGE                     ,CA,93741-0002,Public       ,135,419,554,13780,17296,31076
00130800,REEDLEY COLLEGE                         ,CA,93654-2099,Public       ,81,134,215,5457,5555,11012
00130900,TAFT COLLEGE                            ,CA,93268-2317,Public       ,30,54,84,947,1328,2275
00131200,UNIVERSITY OF CALIFORNIA-BERKELEY       ,CA,94720-1520,Public       ,265,128,393,47066,19548,66614
00131300,UNIVERSITY OF CALIFORNIA-DAVIS          ,CA,95616-8558,Public       ,55,45,100,44566,13795,58361
00131400,UNIVERSITY OF CALIFORNIA-IRVINE         ,CA,92697-2825,Public       ,276,120,396,46819,12668,59487
00131500,UNIVERSITY OF CALIFORNIA (UCLA)         ,CA,90095-9000,Public       ,68,156,224,57338,26344,83682
00131502,UNIV OF CALIFORNIA LOS ANG SCH MED      ,CA,90095-0000,Public       ,0,2,2,174,915,1089
00131503,UNIV OF CALIFORNIA LOS ANG DENTAL       ,CA,90095-0000,Public       ,0,0,0,23,127,150
00131600,UNIVERSITY OF CALIFORNIA-RIVERSIDE      ,CA,92521-0209,Public       ,26,43,69,29343,7077,36420
00131700,UNIVERSITY OF CALIFORNIA-SAN DIEGO      ,CA,92093-0013,Public       ,41,55,96,42737,8981,51718
00131900,UNIVERSITY OF CALIFORNIA-SFRANCISCO     ,CA,94143-0246,Public       ,2,21,23,613,3437,4050
00132000,UNIVERSITY OF CALIFORNIA-SANTA BARB     ,CA,93106-3180,Public       ,218,62,280,41815,6682,48497
00132100,UNIVERSITY OF CALIFORNIA-SANTA CRUZ     ,CA,95064-0001,Public       ,31,51,82,27301,4279,31580
00132200,UNIVERSITY OF REDLANDS                  ,CA,92373-0999,Private      ,4,93,97,3918,2688,6606
00132500,UNIVERSITY OF SAN FRANCISCO             ,CA,94117-1080,Private      ,10,103,113,7922,7536,15458
00132600,SANTA CLARA UNIVERSITY                  ,CA,95053-4956,Private      ,4,37,41,8312,4986,13298
00132604,JESUIT SCHOOL OF THEOLOGY - BERKELEY    ,CA,94709-1193,Private      ,0,0,0,1,53,54
00132800,UNIVERSITY OF SOUTHERN CALIFORNIA       ,CA,90089-0914,Private      ,24,144,168,29341,22566,51907
00132900,UNIVERSITY OF THE PACIFIC               ,CA,95211-0197,Private      ,10,10,20,9670,3060,12730
00132901,UNIVERSITY OF THE PACIFIC - MCGEORGE SCH,CA,95817-2799,Private      ,1,4,5,25,2403,2428
00132902,UNIV OF THE PACIFIC SCH OF DENT         ,CA,94115-0000,Private      ,0,0,0,25,567,592
00133400,VENTURA COLLEGE                         ,CA,93003-3899,Public       ,89,183,272,4737,4406,9143
00133500,VICTOR VALLEY COLLEGE                   ,CA,92395-5849,Public       ,199,492,691,5752,11115,16867
00133800,WEST VALLEY COLLEGE                     ,CA,95070-5697,Public       ,33,70,103,2123,2765,4888
00134100,WESTMONT COLLEGE                        ,CA,93108-1099,Private      ,0,1,1,2120,81,2201
00134200,WHITTIER COLLEGE                        ,CA,90601-4413,Private      ,3,6,9,2545,380,2925
00134201,WHITTIER COLLEGE - COLLEGE OF LAW       ,CA,92626-1501,Private      ,0,5,5,10,1527,1537
00134300,WOODBURY UNIVERSITY                     ,CA,91510-7846,Private      ,1,22,23,1095,935,2030
00134400,YUBA COLLEGE                            ,CA,95901-7699,Public       ,28,92,120,3677,6379,10056
00177212,TRINITY INTERNATIONAL UNIV-CA           ,CA,92705-0000,Private      ,0,7,7,4,226,230
00274100,AMERICAN JEWISH UNIVERSITY              ,CA,90077-1599,Private      ,0,0,0,83,167,250
00301002,ANTIOCH UNIV/LOS ANGELES                ,CA,90230-7615,Private      ,0,12,12,42,1079,1121
00301003,ANTIOCH  UNIV/SANTA BARBARA             ,CA,93101-0000,Private      ,2,5,7,394,500,894
00369110,MIDDLEBURY COLLEGE - MONTEREY INSTITUTE ,CA,93940-2691,Private      ,0,1,1,28,952,980
00394700,UC-HASTINGS COLLEGE OF THE LAW          ,CA,94102-0000,Public       ,0,0,0,18,4284,4302
00394800,SAN FRANCISCO ART INSTITUTE             ,CA,94133-2299,Private      ,5,7,12,1217,949,2166
00405500,HEBREW UNION COLLEGE - JEWISH INSTITUTE ,CA,90007-3796,Private      ,0,0,0,2,83,85
00408000,STARR KING SCHOOL FOR THE MINISTRY      ,CA,94709-1299,Private      ,0,1,1,0,74,74
00448000,DE ANZA COLLEGE                         ,CA,95014-5793,Public       ,83,161,244,6462,5445,11907
00448100,OHLONE COLLEGE                          ,CA,94539-5847,Public       ,37,51,88,2425,2532,4957
00448101,OHLONE COLLEGE - NEWARK CENTER FOR HEALT,CA,94560-4902,Public       ,3,5,8,56,114,170
00448400,JOHN F. KENNEDY UNIVERSITY              ,CA,94523-4817,Private      ,0,20,20,29,1757,1786
00449000,PATTEN UNIVERSITY                       ,CA,94601-2699,Private      ,4,27,31,223,505,728
00449400,EVEREST COLLEGE                         ,CA,92408-3752,Proprietary  ,66,178,244,608,1624,2232
00450200,CITY COLLEGE OF SAN FRANCISCO           ,CA,94112-0000,Public       ,77,213,290,8456,13041,21497
00563800,DOWNEY ADULT SCHOOL                     ,CA,90241-5610,Public       ,1,3,4,49,127,176
00565500,HACIENDA LA PUENTE ADULT EDUC CTR       ,CA,91746-0000,Public       ,3,46,49,137,657,794
00616500,LA CNTY CLG OF NURSING & ALLD HLTH      ,CA,90033-1018,Public       ,0,5,5,86,423,509
00672000,COLLEGE OF ALAMEDA                      ,CA,94501-2109,Public       ,42,105,147,1695,2668,4363
00673100,CASA LOMA COLLEGE                       ,CA,91405-4523,Private      ,12,39,51,220,689,909
00686300,VENTURA COUNTY CMTY CLG DISTRICT        ,CA,93010-8552,Public       ,1,1,2,28,27,55
00697300,CANADA COLLEGE                          ,CA,94061-1099,Public       ,17,64,81,743,1569,2312
00697500,LINCOLN UNIVERSITY                      ,CA,94612-2801,Private      ,2,2,4,14,87,101
00701200,SAMUEL MERRITT COLLEGE                  ,CA,94609-3108,Private      ,2,14,16,310,2257,2567
00704700,LOS ANGELES SOUTHWEST COLLEGE           ,CA,90047-4810,Public       ,28,96,124,2568,6403,8971
00705000,BAY VISTA COLLEGE OF BEAUTY             ,CA,91950-3616,Proprietary  ,12,25,37,100,235,335
00711500,MOORPARK COLLEGE                        ,CA,93021-1695,Public       ,63,104,167,3295,2876,6171
00713000,NEWBERRY SCHOOLS OF BEAUTY              ,CA,91344-7404,Proprietary  ,8,19,27,84,128,212
00714200,LYLE'S COLLEGE OF BEAUTY                ,CA,93710-3948,Proprietary  ,8,11,19,97,234,331
00714201,LYLE'S CLG OF BTY BAKERSFIELD           ,CA,93301-0000,Proprietary  ,0,1,1,41,69,110
00716400,BRYAN COLLEGE                           ,CA,90057-0000,Proprietary  ,9,131,140,158,1253,1411
00717801,WESTERN SEMINARY - BAY AREA CENTER      ,CA,95032-0000,Private      ,0,0,0,2,28,30
00717804,WESTERN SEMINARY - SACRAMENTO           ,CA,95821-3939,Private      ,0,1,1,8,47,55
00718700,NORTH ADRIAN'S COLLEGE OF BEAUTY        ,CA,95350-2381,Proprietary  ,25,29,54,222,326,548
00719000,WYOTECH                                 ,CA,94539-7663,Proprietary  ,72,150,222,1044,2200,3244
00719001,WYOTECH - SIERRA CAMPUS                 ,CA,94621-4523,Proprietary  ,0,0,0,31,18,49
00720300,SALON SUCCESS ACADEMY                   ,CA,91786-4060,Proprietary  ,15,11,26,107,161,268
00720400,MODERN BEAUTY ACADEMY                   ,CA,93030-7016,Proprietary  ,1,7,8,42,54,96
00722900,WESTERN BEAUTY INSTITUTE                ,CA,91402-3104,Proprietary  ,39,72,111,281,686,967
00723400,HEALD COLLEGE                           ,CA,94105-2206,Proprietary  ,51,161,212,690,1956,2646
00723600,ART INST OF CALIFORNIA-LOS ANGELES      ,CA,90405-3035,Proprietary  ,71,119,190,5832,4972,10804
00725300,FEDERICO BEAUTY INSTITUTE               ,CA,95834-1905,Proprietary  ,10,23,33,209,327,536
00729600,COLEMAN COLLEGE                         ,CA,92123-0000,Private      ,1,14,15,179,765,944
00746501,AMERICAN ACADEMY OF DRAMATIC ARTS - HOLL,CA,90028-7504,Private      ,1,0,1,208,113,321
00747600,MARINELLO SCHOOLS OF BEAUTY             ,CA,90023-2666,Proprietary  ,97,246,343,1121,2401,3522
00747602,MARINELLO SCHOOLS OF BEAUTY - SPA ACADEM,CA,90048-5101,Proprietary  ,0,0,0,38,50,88
00747603,MARINELLO SCHOOLS OF BEAUTY - INGLEWOOD ,CA,90301-2306,Proprietary  ,0,0,0,13,21,34
00747604,MARINELLO SCHOOLS OF BEAUTY - RESEDA    ,CA,91335-4218,Proprietary  ,0,1,1,10,23,33
00747605,MARINELLO SCHOOLS OF BEAUTY - NORTH HOLL,CA,91606-3210,Proprietary  ,0,0,0,13,18,31
00747606,MARINELLO SCHOOLS OF BEAUTY - WEST COVIN,CA,91790-2805,Proprietary  ,0,0,0,12,12,24
00747607,MARINELLO SCHOOLS OF BEAUTY - SAN BERNAR,CA,92410-3261,Proprietary  ,1,3,4,33,38,71
00747608,MARINELLO SCHOOLS OF BEAUTY - ONTARIO   ,CA,91762-2113,Proprietary  ,1,2,3,51,68,119
00747609,MARINELLO SCHOOLS OF BEAUTY - WHITTIER  ,CA,90601-4107,Proprietary  ,0,1,1,23,28,51
00747611,MARINELLO SCHOOLS OF BEAUTY - SAN DIEGO ,CA,92126-4217,Proprietary  ,0,6,6,51,77,128
00747700,"HEALD COLLEGE,SCHOOLS OF BUS & TECH     ",CA,95670-6005,Proprietary  ,45,140,185,548,1802,2350
00753100,ACADEMY OF ART UNIVERSITY               ,CA,94105-3410,Proprietary  ,252,513,765,7304,12625,19929
00753600,COSUMNES RIVER COLLEGE                  ,CA,95823-5799,Public       ,112,235,347,5459,6975,12434
00754802,WESTWOOD COLLEGE OF TECHNOLOGY          ,CA,92801-0000,Proprietary  ,29,18,47,1374,844,2218
00754803,WESTWOOD COLLEGE OF TECHNOLOGY          ,CA,91786-0000,Proprietary  ,56,62,118,1265,1118,2383
00760600,EVEREST COLLEGE                         ,CA,90010-2221,Proprietary  ,25,72,97,397,813,1210
00760700,CONCORDE CAREER INSTITUTE               ,CA,91606-3134,Proprietary  ,27,32,59,488,833,1321
00770700,COLUMBIA COLLEGE                        ,CA,95370-8580,Public       ,12,28,40,932,1342,2274
00771300,SKYLINE COLLEGE                         ,CA,94066-1698,Public       ,49,108,157,2388,2701,5089
00793000,CONCORDE CAREER INSTITUTE               ,CA,92108-0000,Proprietary  ,28,75,103,372,1194,1566
00799300,CALIF STATE UNIV BAKERSFIELD            ,CA,93311-1022,Public       ,14,40,54,5985,5887,11872
00807100,CONCORDE CAREER INSTITUTE               ,CA,92840-9201,Proprietary  ,34,75,109,454,1107,1561
00807300,BUTTE COMMUNITY COLLEGE                 ,CA,95965-0000,Public       ,56,140,196,5656,7598,13254
00809000,EVEREST COLLEGE                         ,CA,91803-1310,Proprietary  ,57,112,169,409,873,1282
00809300,HEALD COLLEGE                           ,CA,93704-1706,Proprietary  ,58,211,269,1000,2550,3550
00853200,HEALD COLLEGE                           ,CA,94545-2352,Proprietary  ,62,154,216,976,2364,3340
00853202,HEALD COLLEGE - MODESTO                 ,CA,95368-9095,Proprietary  ,0,1,1,0,1,1
00853700,CONCORDE CAREER INSTITUTE               ,CA,92401-0000,Proprietary  ,27,63,90,511,1350,1861
00859600,WEST LOS ANGELES COLLEGE                ,CA,90230-3500,Public       ,28,130,158,2642,5661,8303
00859700,FEATHER RIVER COLLEGE                   ,CA,95971-9124,Public       ,5,15,20,683,608,1291
00884400,CALIFORNIA CHRISTIAN COLLEGE            ,CA,93703-3599,Private      ,0,0,0,39,43,82
00884600,WRIGHT INSTITUTE                        ,CA,94704-0000,Private      ,0,3,3,0,477,477
00890300,COLLEGE OF THE CANYONS                  ,CA,91355-1899,Public       ,80,120,200,4100,3793,7893
00891800,SADDLEBACK COLLEGE                      ,CA,92692-3699,Public       ,55,170,225,3328,4460,7788
00902200,ASSOCIATED TECHNICAL COLLEGE            ,CA,90017-0000,Proprietary  ,69,202,271,339,1025,1364
00903200,EMPIRE COLLEGE                          ,CA,95403-2122,Proprietary  ,4,19,23,171,585,756
00915706,WYOMING TECHNICAL INSTITUTE - WEST SACRA,CA,95605-1507,Proprietary  ,50,93,143,1155,1722,2877
00927200,CRAFTON HILLS COLLEGE                   ,CA,92399-1799,Public       ,42,80,122,2587,3195,5782
00932500,ABRAM FRIEDMAN OCCUP CTR                ,CA,90015-3507,Public       ,1,3,4,41,107,148
00950900,SKILLS & BUSINESS EDUCATION CENTER      ,CA,95824-1529,Public       ,10,65,75,219,1293,1512
00974800,WESTERN CAREER COLLEGE                  ,CA,95826-3203,Proprietary  ,40,140,180,827,2540,3367
00974801,WESTERN CAREER COLLEGE - SAN LEANDRO CAM,CA,94578-3711,Proprietary  ,14,66,80,475,1257,1732
00974802,WESTERN CAREER COLLEGE - PLEASANT HILL C,CA,94523-1984,Proprietary  ,7,23,30,301,700,1001
00974803,WESTERN CAREER COLLEGE - STOCKTON       ,CA,95207-5509,Proprietary  ,21,35,56,460,765,1225
00974804,WESTERN CAREER COLLEGE - CITRUS HEIGHTS ,CA,95621-5577,Proprietary  ,20,43,63,400,1225,1625
00974806,WESTERN CAREER COLLEGE -  ANTIOCH/WALNUT,CA,94531-1604,Proprietary  ,21,50,71,316,796,1112
00974807,WESTERN CAREER COLLEGE - SAN JOSE       ,CA,95119-1325,Proprietary  ,25,55,80,700,1612,2312
00974808,WESTERN CAREER COLLEGE - EMERYVILLE     ,CA,94608-3006,Proprietary  ,3,17,20,169,532,701
00974810,WESTERN CAREER COLLEGE - CONCORD        ,CA,94520-5671,Proprietary  ,0,0,0,23,45,68
00998900,SANTA BARBARA BUSINESS COLLEGE          ,CA,93111-0000,Proprietary  ,12,67,79,237,667,904
01011100,CERRO-COSO COMMUNITY COLLEGE            ,CA,93555-9571,Public       ,24,108,132,639,1972,2611
01014225,TOURO CLG OSEOPATHIC MEDICINE           ,CA,94592-1115,Private      ,0,2,2,17,706,723
01014900,PEPPERDINE UNIVERSITY                   ,CA,90263-0000,Private      ,10,100,110,6266,7318,13584
01034000,LOS MEDANOS COLLEGE                     ,CA,94565-5197,Public       ,43,128,171,2688,4448,7136
01036500,CHARLES R DREW UNIV OF MED & SCI        ,CA,90059-0000,Private      ,0,3,3,59,524,583
01036800,MENNONITE BRETHREN BIBLICAL SEM         ,CA,93727-0000,Private      ,0,1,1,1,66,67
01037500,HARBOR OCCUPATIONAL CENTER              ,CA,90731-0000,Public       ,0,0,0,22,29,51
01039500,UNIVERSITY OF SAN DIEGO                 ,CA,92110-2492,Private      ,6,59,65,13108,4116,17224
01039501,UNIVERSITY OF SAN DIEGO - SCHOOL OF LAW ,CA,92110-2492,Private      ,0,9,9,164,3457,3621
01044100,PARDEE RAND GRADUATE SCHOOL             ,CA,90407-2138,Private      ,0,5,5,0,31,31
01047400,MARYMOUNT COLLEGE OF PALOS VERDES       ,CA,90275-0000,Private      ,1,0,1,594,74,668
01057900,WEST VALLEY OCCUPATIONAL CTR            ,CA,91367-0000,Public       ,0,0,0,61,100,161
01072706,DEVRY INST. TECH.                       ,CA,91768-0000,Proprietary  ,2,11,13,18,54,72
01083200,WESTERN STATE UNIV COLLEGE OF LAW       ,CA,92831-3014,Proprietary  ,0,3,3,9,1058,1067
01085400,THOMAS JEFFERSON SCHOOL OF LAW          ,CA,92110-0000,Private      ,0,5,5,11,2180,2191
01102400,EVEREST COLLEGE                         ,CA,94103-2091,Proprietary  ,24,59,83,272,680,952
01110700,EVEREST  COLLEGE                        ,CA,92801-5231,Proprietary  ,75,166,241,601,1407,2008
01110900,EVEREST COLLEGE                         ,CA,91335-4631,Proprietary  ,58,115,173,569,1034,1603
01111200,FIDM-FASHION INSTITUTE OF DESIGN        ,CA,90015-1421,Proprietary  ,27,14,41,6459,2418,8877
01111700,ALLIANT INTERNATIONAL UNIVERSITY        ,CA,92131-1799,Private      ,2,24,26,89,2642,2731
01111705,ALLIANT INTERNATIONAL UNIVERSITY - LOS A,CA,91803-1360,Private      ,0,1,1,11,602,613
01111706,ALLIANT INTERNATIONAL UNIVERSITY - SAN F,CA,94133-1221,Private      ,1,7,8,13,708,721
01111707,ALLIANT INTERNATIONAL UNIVERSITY - FRESN,CA,93727-2014,Private      ,1,3,4,18,431,449
01112100,EVEREST COLLEGE                         ,CA,94541-4007,Proprietary  ,37,104,141,199,857,1056
01112300,EVEREST COLLEGE                         ,CA,90247-4163,Proprietary  ,45,141,186,380,1287,1667
01146000,NATIONAL UNIVERSITY                     ,CA,92037-1011,Private      ,23,1144,1167,570,17495,18065
01162600,PRACTICAL SCHOOLS                       ,CA,92805-0000,Proprietary  ,17,67,84,513,1008,1521
01164900,LOYOLA MARYMOUNT UNIVERSITY             ,CA,90045-0000,Private      ,19,42,61,10153,3280,13433
01164901,LMU  - LOYOLA LAW SCHOOL                ,CA,90015-0019,Private      ,1,8,9,51,3823,3874
01167200,MENDOCINO COLLEGE                       ,CA,95482-3000,Public       ,9,22,31,1068,1721,2789
01169600,NATIONAL POLYTECHNIC COLLEGE OF SCIENCE ,CA,90744-6399,Private      ,2,12,14,79,381,460
01170700,NORTH-WEST COLLEGE                      ,CA,91790-2097,Proprietary  ,39,77,116,283,631,914
01179200,FRANCISCAN SCHOOL OF THEOLOGY           ,CA,94709-0000,Private      ,0,0,0,1,40,41
01182000,SAN DIEGO MIRAMAR COLLEGE               ,CA,92126-0000,Public       ,63,189,252,2748,4257,7005
01186500,CALIFORNIA HAIR DESIGN ACADEMY          ,CA,92115-0000,Proprietary  ,12,24,36,113,199,312
01186600,LU ROSS ACADEMY                         ,CA,93001-2927,Proprietary  ,6,15,21,77,116,193
01202600,JE BOUTIQUE COLLEGE OF BEAUTY           ,CA,92021-6247,Proprietary  ,2,14,16,63,131,194
01202700,GALEN COLLEGE OF CALIFORNIA             ,CA,93728-2381,Proprietary  ,4,9,13,53,152,205
01203100,SAN DIEGO CHRISTIAN COLLEGE             ,CA,92019-1157,Private      ,1,2,3,508,218,726
01206100,EVEREST COLLEGE                         ,CA,95128-3908,Proprietary  ,32,91,123,311,870,1181
01215400,CALIFORNIA INSTITUTE OF INTEGRAL STUDIES,CA,94103-2557,Private      ,0,6,6,17,1480,1497
01215402,CALIFORNIA INSTITUTE OF INTEGRAL STUDIES,CA,94102-5403,Private      ,0,0,0,1,29,30
01231600,MANCHESTER BEAUTY COLLEGE               ,CA,93726-5306,Proprietary  ,9,29,38,104,311,415
01231700,TULARE BEAUTY COLLEGE                   ,CA,93274-3432,Proprietary  ,0,2,2,16,54,70
01244600,UNIVERSAL COLLEGE OF BEAUTY             ,CA,90044-0044,Proprietary  ,1,2,3,33,106,139
01245200,EVERGREEN VALLEY COLLEGE                ,CA,95135-1598,Public       ,52,117,169,3775,4081,7856
01255000,LOS ANGELES MISSION COLLEGE             ,CA,91342-3200,Public       ,49,67,116,3143,3862,7005
01265000,MARINELLO SCHOOL OF BEAUTY              ,CA,91502-2828,Proprietary  ,29,58,87,200,434,634
01265100,MARINELLO SCHOOL OF BEAUTY              ,CA,91748-1674,Proprietary  ,14,27,41,65,216,281
01284200,OXNARD COLLEGE                          ,CA,93030-0000,Public       ,52,116,168,2496,3506,6002
01287200,NORTH-WEST COLLEGE                      ,CA,91768-3199,Proprietary  ,21,53,74,188,511,699
01287300,WYOTECH                                 ,CA,90810-3800,Proprietary  ,174,361,535,1324,2691,4015
01287301,WYOTECH - EVEREST  COLLEGE              ,CA,90034-3158,Proprietary  ,23,93,116,226,994,1220
01287302,WYOTECH - EVEREST  COLLEGE              ,CA,91746-3412,Proprietary  ,66,147,213,639,1494,2133
01290700,LAKE TAHOE COMMUNITY COLLEGE            ,CA,96150-4524,Public       ,22,42,64,589,924,1513
01291100,MARINELLO SCHOOL OF BEAUTY              ,CA,92646-2552,Proprietary  ,6,13,19,71,138,209
01291200,MTI COLLEGE                             ,CA,95841-0000,Proprietary  ,25,69,94,482,1457,1939
01294200,ROSEMEAD BEAUTY SCHOOL                  ,CA,91770-1639,Proprietary  ,5,47,52,63,298,361
01298400,PROFESSIONAL INSTITUTE OF BEAUTY        ,CA,91731-2613,Proprietary  ,3,12,15,37,165,202
01298500,HAIR CALIFORNIA BEAUTY ACADEMY          ,CA,92867-7127,Proprietary  ,0,2,2,15,48,63
01298900,OCEANSIDE COLLEGE OF BEAUTY             ,CA,92054-5393,Proprietary  ,5,5,10,51,87,138
01301000,LANCASTER BEAUTY SCHOOL                 ,CA,93534-3098,Proprietary  ,7,27,34,108,228,336
01307400,AMERICAN BEAUTY COLLEGE                 ,CA,91790-2906,Proprietary  ,12,5,17,41,55,96
01309500,SALON SUCCESS ACADEMY                   ,CA,92879-6561,Proprietary  ,22,29,51,190,218,408
01310300,CALIFORNIA WESTERN SCHOOL OF LAW        ,CA,92101-0000,Private      ,0,7,7,27,2345,2372
01324000,LYTLE'S REDWOOD EMPIRE BEAUTY CLG       ,CA,95403-0000,Proprietary  ,3,3,6,120,159,279
02054900,MARINELLO SCHOOL OF BEAUTY              ,CA,92630-0000,Proprietary  ,9,20,29,80,172,252
02059800,PARIS BEAUTY COLLEGE                    ,CA,94520-2611,Proprietary  ,7,27,34,91,245,336
02063500,COASTLINE COMMUNITY COLLEGE             ,CA,92708-0000,Public       ,7,120,127,917,4215,5132
02064300,SIERRA COLLEGE OF BEAUTY                ,CA,95340-0000,Proprietary  ,4,9,13,63,125,188
02065500,BROOKS COLLEGE                          ,CA,90804-3289,Proprietary  ,0,0,0,28,11,39
02065700,CALIFORNIA BEAUTY COLLEGE               ,CA,95354-0000,Proprietary  ,7,8,15,90,111,201
02070500,CONCORDIA UNIVERSITY                    ,CA,92612-0000,Private      ,1,42,43,1988,1551,3539
02075800,SOUTHERN CA INST OF ARCHITECTURE        ,CA,90013-0000,Private      ,0,0,0,147,618,765
02086400,MARINELLO SCHOOL OF BEAUTY              ,CA,95050-0000,Proprietary  ,40,88,128,335,668,1003
02091200,ELEGANCE INTERNATIONAL                  ,CA,90028-0000,Proprietary  ,6,4,10,122,163,285
02091700,KAPLAN COLLEGE                          ,CA,92123-1509,Proprietary  ,57,171,228,666,2369,3035
02091702,KAPLAN COLLEGE - CHULA VISTA            ,CA,91910-5342,Proprietary  ,12,34,46,20,50,70
02096100,FIELDING INSTITUTE                      ,CA,93105-0000,Private      ,0,86,86,0,1541,1541
02099200,AMERICAN CONSERVATORY THEATER           ,CA,94108-0000,Private      ,1,3,4,24,158,182
02110200,COLUMBIA COLLEGE                        ,CA,91356-0000,Private      ,0,2,2,307,153,460
02110800,CALIFORNIA COLLEGE SAN DIEGO            ,CA,92108-3821,Proprietary  ,24,159,183,626,1994,2620
02111300,CUYAMACA COLLEGE                        ,CA,92019-0000,Public       ,52,112,164,2880,4271,7151
02113601,AMERICAN INTERCONTINENTAL UNIV - LOS ANG,CA,90066-7008,Proprietary  ,0,1,1,65,279,344
02119100,MISSION COLLEGE                         ,CA,95054-1897,Public       ,28,92,120,2191,4117,6308
02120600,SAYBROOK GRADUATE SCHOOL                ,CA,94111-1920,Private      ,0,6,6,4,776,780
02120700,SAN JOAQUIN VALLEY COLLEGE              ,CA,93291-0000,Proprietary  ,105,396,501,2816,7115,9931
02120900,ITT TECHNICAL INSTITUTE                 ,CA,95670-6034,Proprietary  ,35,136,171,813,2204,3017
02125000,CAREER ACADEMY OF BEAUTY                ,CA,92845-0000,Proprietary  ,2,23,25,70,183,253
02128200,"VICTOR VALLEY BEAUTY COLLEGE, INC       ",CA,92392-0000,Proprietary  ,9,17,26,143,197,340
02128300,INSTITUTE FOR BUSINESS & TECHNOLOGY     ,CA,95050-0000,Proprietary  ,14,91,105,210,960,1170
02128301,INSTITUTE FOR BUSINESS & TECHNOLOGY - NA,CA,95670-6351,Proprietary  ,5,58,63,100,497,597
02138300,PALO ALTO UNIVERSITY                    ,CA,94304-1337,Private      ,3,1,4,24,593,617
02147400,CLEVELAND CHIROPRACTIC COLLEGE          ,CA,90004-0000,Private      ,1,11,12,37,432,469
02161800,MUSICIANS INSTITUTE                     ,CA,90028-6157,Proprietary  ,9,10,19,1641,1267,2908
02167800,ESTES INSTITUTE OF COSMETOLOGY          ,CA,93291-0000,Proprietary  ,4,7,11,110,109,219
02174600,MARINELLO SCHOOL OF BEAUTY              ,CA,90201-0000,Proprietary  ,14,16,30,99,181,280
02180600,BRIDGES  ACADEMY OF BEAUTY              ,CA,92311-2327,Proprietary  ,0,0,0,13,23,36
02184900,PALMER COLLEGE OF CHIROPRACTIC WEST     ,CA,95134-0000,Private      ,0,0,0,9,370,379
02185800,MOLER BARBER COLLEGE                    ,CA,94611-0000,Proprietary  ,0,5,5,17,75,92
02187500,"HEALD COLLEGE, SCH OF BUS & TECH        ",CA,94520-0000,Proprietary  ,82,180,262,957,2231,3188
02188400,SIERRA VALLEY COLLEGE OF COURT REPORTING,CA,93726-0000,Proprietary  ,0,1,1,73,231,304
02208600,MADERA BEAUTY COLLEGE                   ,CA,93637-3519,Proprietary  ,4,15,19,43,70,113
02211000,HAIRMASTERS UNIVERSITY OF BEAUTY        ,CA,92405-0000,Proprietary  ,4,5,9,43,72,115
02220000,COLLEEN O'HARA BEAUTY ACADEMY           ,CA,92701-0000,Proprietary  ,17,30,47,127,278,405
02220200,CALIFORNIA CULINARY ACADEMY             ,CA,94102-3336,Proprietary  ,16,38,54,822,1201,2023
02221300,MARINELLO SCHOOL OF BEAUTY              ,CA,92553-0000,Proprietary  ,19,55,74,203,446,649
02222000,AMERICAN FILM INSTITUTE                 ,CA,90027-0000,Private      ,1,1,2,121,557,678
02226000,EAST LOS ANGELES COLLEGE                ,CA,91754-0000,Public       ,66,166,232,9819,9083,18902
02228500,LIFE CHIROPRACTIC COLLEGE-WEST          ,CA,94545-0000,Private      ,0,2,2,9,422,431
02230900,FREDRICK & CHARLES BEAUTY COLLEGE       ,CA,95501-0000,Proprietary  ,4,5,9,49,90,139
02231900,GEMOLOGICAL INSTITUTE OF AMERICA        ,CA,92008-4698,Private      ,1,6,7,67,278,345
02234300,FASHION CAREERS OF CALIFORNIA           ,CA,92110-0000,Proprietary  ,3,9,12,135,147,282
02236400,"THANH LE COLG, SCH OF COSMETOLOGY       ",CA,92840-0000,Proprietary  ,3,11,14,13,78,91
02237200,PHILLIPS GRADUATE INSTITUTE             ,CA,91316-0000,Private      ,0,1,1,4,331,335
02241600,SAN DIEGO CONTINUING EDUCATION          ,CA,92113-0000,Public       ,5,38,43,77,538,615
02241800,AMERICAN CAREER COLLEGE                 ,CA,90004-0000,Proprietary  ,156,308,464,2234,4729,6963
02242700,BERKELEY CITY COLLEGE                   ,CA,94704-0000,Public       ,43,82,125,1744,2794,4538
02250602,EVEREST COLLEGE                         ,CA,91761-8525,Proprietary  ,29,91,120,449,1423,1872
02255400,INTERNATIONAL SCHOOL OF COSMETOLOGY     ,CA,90250-0000,Proprietary  ,5,4,9,66,72,138
02255600,MARINELLO SCHOOL OF BEAUTY              ,CA,90723-0000,Proprietary  ,6,22,28,103,240,343
02258600,ALAMEDA BEAUTY COLLEGE                  ,CA,94501-0000,Proprietary  ,12,19,31,161,273,434
02262400,YESHIVA OHR ELCHONON CHABAD             ,CA,90046-0000,Private      ,21,0,21,92,4,96
02263101,ANTHEM COLLEGE - SACRAMENTO             ,CA,95827-3378,Proprietary  ,1,3,4,63,89,152
02267600,INSTITUTE OF TRANSPERSONAL PSYCHLGY     ,CA,94303-4624,Private      ,0,1,1,1,472,473
02270600,LIFE PACIFIC COLLEGE                    ,CA,91773-0000,Private      ,0,1,1,318,208,526
02276800,WESTMINSTER SEMINARY CALIFORNIA         ,CA,92027-0000,Private      ,0,1,1,1,146,147
02277400,SOUTH COAST COLLEGE                     ,CA,92868-2616,Proprietary  ,0,8,8,114,481,595
02282300,ALHAMBRA BEAUTY COLLEGE                 ,CA,91802-0000,Proprietary  ,13,34,47,51,187,238
02285100,HILLTOP BEAUTY SCHOOL                   ,CA,94014-0000,Proprietary  ,3,11,14,34,186,220
02291500,ITT TECHNICAL INSTITUTE                 ,CA,91773-0000,Proprietary  ,75,111,186,1054,1841,2895
02291600,ITT TECHNICAL INSTITUTE                 ,CA,92123-0000,Proprietary  ,86,204,290,1087,2777,3864
02298000,DESIGN INSTITUTE OF SAN DIEGO           ,CA,92121-0000,Proprietary  ,0,3,3,145,260,405
02304300,"PLATT COLLEGE, SAN DIEGO                ",CA,92115-0000,Proprietary  ,6,23,29,219,393,612
02306300,KAPLAN COLLEGE                          ,CA,95368-0000,Proprietary  ,62,75,137,711,1334,2045
02306302,KAPLAN COLLEGE - FRESNO                 ,CA,93612-3802,Proprietary  ,26,70,96,391,868,1259
02309500,CLOVIS ADULT EDUC                       ,CA,93611-0000,Public       ,0,18,18,42,317,359
02312400,LA COLLEGE INTERNATIONAL                ,CA,90010-0000,Proprietary  ,20,367,387,136,2333,2469
02321800,ITT TECHNICAL INSTITUTE                 ,CA,91342-3664,Proprietary  ,34,71,105,1012,2013,3025
02321900,ITT TECHNICAL INSTITUTE                 ,CA,92801-0000,Proprietary  ,62,146,208,889,2067,2956
02327600,ART INST OF CALIFORNIA-SAN DIEGO        ,CA,92108-4401,Proprietary  ,49,80,129,3425,3316,6741
02330500,LAGUNA COLLEGE OF ART AND DESIGN        ,CA,92651-0000,Private      ,0,1,1,394,183,577
02332800,CENTER FOR EMPLOYMENT TRAINING          ,CA,95110-0000,Private      ,98,405,503,672,3427,4099
02338500,GLENDALE CAREER COLLEGE                 ,CA,91201-0000,Proprietary  ,15,49,64,145,335,480
02338700,MARINELLO SCHOOL OF BEAUTY              ,CA,94103-0000,Proprietary  ,13,56,69,159,403,562
02342400,ACADEMY OF RADIO BROADCASTING           ,CA,92647-3809,Proprietary  ,2,25,27,72,251,323
02343400,"BELLUS ACADEMY, THE ACADEMY OF BEAUTY AN",CA,92064-4633,Proprietary  ,17,36,53,157,357,514
02345800,MONTEBELLO BEAUTY COLLEGE               ,CA,90640-0000,Proprietary  ,8,7,15,53,92,145
02351900,KAPLAN COLLEGE                          ,CA,95660-5512,Proprietary  ,21,73,94,345,1332,1677
02351901,KAPLAN COLLEGE - BAKERSFIELD            ,CA,93304-0000,Proprietary  ,60,115,175,583,1447,2030
02358000,THOMAS AQUINAS COLLEGE                  ,CA,93060-9622,Private      ,0,0,0,342,25,367
02359300,SHASTA BIBLE COLLEGE                    ,CA,96002-0000,Private      ,0,1,1,48,62,110
02482700,WESTERN UNIVERSITY OF HEALTH S          ,CA,91766-1854,Private      ,2,5,7,93,4543,4636
02494800,LOLA BEAUTY COLLEGE                     ,CA,92641-0000,Proprietary  ,3,1,4,10,37,47
02497300,TRINITY COLLEGE                         ,CA,93277-8109,Proprietary  ,14,81,95,271,1088,1359
02500000,SAN JOAQUIN COLLEGE OF LAW              ,CA,93612-0000,Private      ,0,3,3,12,314,326
02518400,THE NATIONAL HISPANIC UNIVERSITY        ,CA,95127-0000,Private      ,31,13,44,348,472,820
02519800,AVANCE BEAUTY COLLEGE                   ,CA,92154-0000,Proprietary  ,1,6,7,50,113,163
02520200,CALIFORNIA CAREER SCHOOLS               ,CA,92805-0000,Proprietary  ,1,12,13,20,95,115
02520300,INTERIOR DESIGNERS INSTITUTE            ,CA,92660-0000,Proprietary  ,7,14,21,50,174,224
02520400,ADRIAN'S BEAUTY COLLEGE OF TURLOCK      ,CA,95382-0000,Proprietary  ,15,27,42,120,192,312
02537200,PALOMAR INSTITUTE OF COSMETOLOGY        ,CA,92069-0000,Proprietary  ,8,12,20,165,196,361
02539100,KAPLAN COLLEGE                          ,CA,91606-3231,Proprietary  ,40,88,128,614,1601,2215
02539102,KAPLAN COLLEGE -  RIVERSIDE             ,CA,92507-4223,Proprietary  ,42,101,143,550,1282,1832
02539500,IRVINE VALLEY COLLEGE                   ,CA,92620-0000,Public       ,59,112,171,2669,2932,5601
02542300,NATIONAL HOLISTIC INSTITUTE             ,CA,94608-0000,Proprietary  ,7,16,23,242,739,981
02543400,BROWNSON TECHNICAL SCHOOL               ,CA,92805-0000,Proprietary  ,3,24,27,31,273,304
02545900,HYPNOSIS MOTIVATION INSTITUTE           ,CA,91356-0000,Private      ,1,52,53,8,243,251
02546400,MTI BUSINESS COLLEGE INC                ,CA,95207-0000,Proprietary  ,6,29,35,32,230,262
02549000,KAPLAN COLLEGE                          ,CA,92083-7736,Proprietary  ,44,141,185,753,1930,2683
02549005,KAPLAN COLLEGE -  PALM SPRINGS          ,CA,92262-7011,Proprietary  ,23,64,87,395,1086,1481
02553500,ASSOCIATED TECHNICAL COLLEGE            ,CA,92101-0000,Proprietary  ,9,59,68,104,382,486
02553600,DIVERSIFIED LANGUAGE INSTITUTE          ,CA,90017-0000,Proprietary  ,19,152,171,56,1205,1261
02559300,UNITED EDUCATION INSTITUTE              ,CA,90020-0000,Proprietary  ,759,1537,2296,4816,10344,15160
02559301,UNITED EDUCATION INSTITUTE - SAN BERNARD,CA,92408-3740,Proprietary  ,0,1,1,2,4,6
02559303,UNITED EDUCATION INSTITUTE - SAN DIEGO  ,CA,92123-1949,Proprietary  ,2,3,5,4,17,21
02559304,UNITED EDUCATION INSTITUTE - ONTARIO    ,CA,91764-5574,Proprietary  ,0,3,3,3,9,12
02559305,UNITED EDUCATION INSTITUTE  - VAN NUYS  ,CA,91405-1951,Proprietary  ,0,2,2,1,8,9
02559400,INTERCOAST COLLEGES                     ,CA,92868-1656,Proprietary  ,14,169,183,332,3352,3684
02565400,KAPLAN COLLEGE                          ,CA,95207-6216,Proprietary  ,28,55,83,388,906,1294
02570300,LOS ANGELES ORT COLLEGE                 ,CA,90048-0000,Private      ,42,228,270,262,1389,1651
02577900,SANTA BARBARA BUSINESS COLLEGE          ,CA,93309-1664,Proprietary  ,42,102,144,550,1270,1820
02578000,SANTA BARBARA BUSINESS COLLEGE          ,CA,93454-6943,Proprietary  ,10,30,40,191,527,718
02584200,NEWBRIDGE COLLEGE                       ,CA,92701-0000,Proprietary  ,21,55,76,251,834,1085
02591600,NORTH-WEST COLLEGE                      ,CA,91101-1744,Proprietary  ,9,40,49,64,175,239
02593100,HEALD COLLEGE                           ,CA,95678-5303,Proprietary  ,50,153,203,586,1944,2530
02593200,HEALD COLLEGE                           ,CA,95035-8008,Proprietary  ,63,132,195,731,2011,2742
02593300,HEALD COLLEGE                           ,CA,95210-5667,Proprietary  ,35,113,148,959,2617,3576
02595600,ASIAN AMERICAN INTERNATIONAL BTY CG     ,CA,92683-4043,Proprietary  ,5,13,18,25,86,111
02597300,SOUTH BAYLO UNIVERSITY                  ,CA,92801-1701,Private      ,0,6,6,4,240,244
02602300,CENTRAL COAST COLLEGE                   ,CA,93901-3301,Proprietary  ,5,11,16,171,390,561
02608900,PINNACLE COLLEGE                        ,CA,91803-8842,Proprietary  ,8,17,25,68,135,203
02608901,PINNACLE COLLEGE - SACRAMENTO           ,CA,95670-6386,Proprietary  ,8,9,17,93,139,232
02609000,EMPERORS COLG OF TRAD ORIENTAL MED      ,CA,90403-5609,Proprietary  ,0,6,6,4,190,194
02612800,LOS ANGELES RECORDING SCHOOL            ,CA,90028-3112,Proprietary  ,5,8,13,750,819,1569
02619300,SAMRA UNIV OF ORIENTAL MEDICINE         ,CA,90015-1019,Private      ,0,3,3,1,96,97
03010611,VIRGINIA COLLEGE - GOLF ACADEMY OF AMERI,CA,92008-6512,Proprietary  ,3,16,19,144,343,487
03011300,"CALIF STATE UNIV, SAN MARCOS            ",CA,92096-0001,Public       ,79,44,123,9339,5217,14556
03019900,ADELANTE CAREER INSTITUTE               ,CA,91402-4924,Proprietary  ,7,6,13,21,97,118
03025600,DELL'ARTE SCH OF PHYSICAL THEATRE       ,CA,95525-0816,Private      ,0,0,0,6,42,48
03027700,PACIFIC COLLEGE OF ORIENTAL MED         ,CA,92108-4408,Proprietary  ,0,13,13,28,575,603
03029600,POMONA ADULT SCHOOL                     ,CA,91766-0000,Public       ,9,20,29,81,254,335
03031409,INTERNATIONAL ACADEMY OF DESIGN AND TECH,CA,95834-9664,Proprietary  ,12,22,34,405,668,1073
03034000,HEALD COLLEGE                           ,CA,93906-5100,Proprietary  ,56,151,207,818,1678,2496
03035700,LAS POSITAS COLLEGE                     ,CA,94551-6750,Public       ,37,90,127,1871,2194,4065
03039900,FREMONT COLLEGE                         ,CA,90703-5342,Proprietary  ,11,43,54,177,390,567
03043900,NEWSCHOOL OF ARCHITECTURE & DESIGN      ,CA,92101-6634,Proprietary  ,1,4,5,262,577,839
03044500,KAPLAN COLLEGE                          ,CA,91402-4222,Proprietary  ,7,29,36,169,505,674
03054100,ROYALE COLLEGE OF BEAUTY                ,CA,92590-2525,Proprietary  ,2,6,8,64,133,197
03062300,WESTECH COLLEGE                         ,CA,91764-4988,Proprietary  ,24,156,180,246,1120,1366
03062400,MT DIABLO ADULT EDUC LOMA VISTA CTR     ,CA,94518-1122,Public       ,0,6,6,46,187,233
03062700,PLATT COLLEGE                           ,CA,90041-0000,Proprietary  ,3,16,19,147,217,364
03062701,PLATT COLLEGE                           ,CA,91764-0000,Proprietary  ,17,31,48,263,460,723
03063400,MODERN TECHNOLOGY SCHOOL                ,CA,92708-9821,Proprietary  ,11,13,24,70,222,292
03067400,BALDWIN PARK ADULT SCHOOL               ,CA,91706-4897,Public       ,2,17,19,103,245,348
03067500,INSTITUTE OF TECHNOLOGY                 ,CA,93612-3217,Proprietary  ,119,420,539,1260,4264,5524
03067505,INSTITUTE OF TECHNOLOGY - REDDING       ,CA,96002-0926,Proprietary  ,1,8,9,13,60,73
03069500,SAGE COLLEGE                            ,CA,92557-6720,Proprietary  ,2,27,29,164,668,832
03070400,ITT TECHNICAL INSTITUTE                 ,CA,92408-3519,Proprietary  ,31,60,91,1163,2186,3349
03072300,EVEREST COLLEGE                         ,CA,91761-3222,Proprietary  ,39,128,167,491,1224,1715
03072700,WESTWOOD COLLEGE - LOS ANGELES          ,CA,90010-1577,Proprietary  ,102,504,606,2781,10724,13505
03074900,MARTINEZ ADULT CENTER                   ,CA,94553-3298,Public       ,1,3,4,4,78,82
03078200,AMERICAN CLG TRADITIONAL CHINESE MD     ,CA,94107-2813,Private      ,0,4,4,4,266,270
03084700,VENTURA ADULT\CONTINUING EDUCATION      ,CA,93003-7313,Public       ,3,22,25,62,252,314
03087400,ITT TECHNICAL INSTITUTE                 ,CA,90502-1356,Proprietary  ,43,134,177,1052,2898,3950
03094400,ELITE PROGRESSIVE SCHOOL OF COSM        ,CA,95841-2909,Proprietary  ,28,62,90,293,485,778
03097700,CENTRAL CALIF SCH CONTINUING EDUC       ,CA,93401-6739,Proprietary  ,1,3,4,67,262,329
03098200,YO SAN UNIV TRADITIONAL CHINESE MED     ,CA,90066-1103,Private      ,0,6,6,2,181,183
03108100,SUMMIT CAREER COLLEGE                   ,CA,92324-3956,Proprietary  ,44,166,210,565,2033,2598
03109500,DONGGUK ROYAL UNIVERSITY                ,CA,90020-1765,Private      ,0,3,3,3,84,87
03113300,MCED CAREER COLLEGE                     ,CA,93727-1620,Proprietary  ,5,17,22,58,554,612
03113600,SOUTHERN CALIFORNIA INST OF TECHNOL     ,CA,92805-3758,Proprietary  ,6,104,110,116,1256,1372
03116600,EAST SAN GABRIEL VLY REG OCCUP PROG     ,CA,91790-2105,Public       ,16,107,123,107,932,1039
03125300,JOHN WESLEY INTER. BARBER & BTY CLG     ,CA,90813-4321,Proprietary  ,3,6,9,50,106,156
03125400,ART INSTITUTE OF CALIFORNIA-HOLLYWOOD (T,CA,91601-3112,Proprietary  ,28,58,86,2206,1962,4168
03125800,PREMIERE CAREER COLLEGE                 ,CA,91706-3746,Proprietary  ,15,42,57,196,510,706
03126800,PACIFICA GRADUATE INSTITUTE             ,CA,93013-0000,Proprietary  ,0,7,7,2,926,928
03128700,MT SIERRA COLLEGE                       ,CA,91016-3414,Proprietary  ,5,8,13,275,482,757
03131300,FIVE BRANCHES UNIVERSITY                ,CA,95062-4669,Private      ,0,5,5,18,375,393
03144400,AMERICAN CLG OF HEALTH PROFESSIONS      ,CA,92374-0000,Proprietary  ,29,84,113,64,208,272
03150500,VIRGINIA SEWING MACHINES & SCH CTR      ,CA,90015-3535,Proprietary  ,0,15,15,2,91,93
03162300,FOUR-D SUCCESS ACADEMY                  ,CA,92324-4218,Proprietary  ,13,82,95,278,1086,1364
03163300,PACIFIC STATES UNIVERSITY               ,CA,90006-4298,Private      ,0,0,0,21,47,68
03195400,EVEREST COLLEGE                         ,CA,90501-2867,Proprietary  ,16,45,61,155,311,466
03210300,LE CORDON BLEU COLLEGE OF CULINARY ARTS ,CA,91101-5221,Proprietary  ,17,84,101,1878,3544,5422
03225300,AMERICAN UNIVERSITY OF HEALTH SCIENCES  ,CA,90755-3612,Proprietary  ,3,18,21,73,174,247
03242300,CAREER NETWORK INSTITUTE                ,CA,92868-4710,Proprietary  ,32,87,119,211,746,957
03250300,COMMUNITY BASED EDUCATION AND DEVEL     ,CA,90036-1137,Private      ,7,44,51,79,345,424
03260300,CALIFORNIA STATE U-MONTEREY BAY         ,CA,93955-8001,Public       ,5,57,62,7162,2593,9755
03266300,BETHESDA CHRISTIAN UNIVERSITY           ,CA,92801-4132,Private      ,0,1,1,12,55,67
03278300,CLARITA CAREER COLLEGE                  ,CA,91351-5432,Proprietary  ,76,149,225,731,1714,2445
03282300,KIM ANH ACADEMY OF BEAUTY               ,CA,92683-4605,Proprietary  ,4,51,55,25,334,359
03288300,ACAD CHINESE CULTURE & HEALTH SCIS      ,CA,94512-0000,Private      ,0,2,2,4,91,95
03299300,PACIFIC COLLEGE                         ,CA,92626-3160,Proprietary  ,2,25,27,93,681,774
03308300,KENSINGTON COLLEGE                      ,CA,92705-8708,Proprietary  ,0,6,6,7,87,94
03321300,SCRIPPS RESEARCH INSTITUTE (THE)        ,CA,92037-0000,Private      ,0,0,0,6,35,41
03327400,ACUPUNCTURE AND INTEGRATIVE MEDICINE COL,CA,94704-2724,Private      ,0,4,4,6,218,224
03332300,SOUTHERN CA BIBLE CLG & SEMINARY        ,CA,92019-1109,Private      ,0,4,4,7,165,172
03359300,ST. FRANCIS CAREER COLLEGE              ,CA,90262-2659,Private      ,0,5,5,116,350,466
03367300,PROFESSIONAL GOLFERS CAREER COLLEGE     ,CA,92591-6013,Proprietary  ,3,11,14,300,496,796
03394300,REMINGTON COLLEGE - SAN DIEGO CAMPUS    ,CA,92108-3002,Proprietary  ,14,47,61,387,796,1183
03395300,INTERNATIONAL CAREER DEVELOPMENT        ,CA,90027-5794,Proprietary  ,157,652,809,1266,4367,5633
03399300,NORTHWESTERN TECHNICAL COLLEGE          ,CA,95670-4443,Proprietary  ,20,103,123,176,687,863
03403300,TRINITY LIFE BIBLE COLLEGE              ,CA,95842-3546,Private      ,3,16,19,82,349,431
03413400,ENGLISH CENTER  (THE)                   ,CA,94607-3734,Private      ,4,23,27,42,275,317
03427400,CAREER COLLEGES OF AMERICA              ,CA,90280-7420,Proprietary  ,52,233,285,613,2660,3273
03427500,ANTELOPE VALLEY MEDICAL COLLEGE         ,CA,93534-3324,Proprietary  ,46,98,144,457,1012,1469
03440400,MARIAN HEALTH CAREERS CENTER            ,CA,90010-1728,Proprietary  ,21,22,43,108,212,320
03441400,VALLEY CAREER COLLEGE                   ,CA,92020-3057,Proprietary  ,7,51,58,141,541,682
03455900,VALLECITOS CENTER FOR EMPLOYMENT TR     ,CA,94541-5027,Private      ,0,0,0,4,9,13
03458300,MY LE'S BEAUTY COLLEGE                  ,CA,95824-3039,Proprietary  ,0,14,14,55,218,273
03467300,MARINELLO SCHOOL OF BEAUTY              ,CA,92545-3661,Proprietary  ,22,69,91,225,493,718
03467301,CALIFORNIA BEAUTY COLLEGE - DESERT HOT S,CA,92240-1307,Proprietary  ,0,0,0,3,1,4
03474700,OPPORTUNITIES INDUSTRIALIZATION CEN     ,CA,94025-1413,Private      ,0,0,0,1,4,5
03479300,PROFESSIONAL CAREER INSTITUTE           ,CA,90703-2522,Proprietary  ,4,11,15,72,262,334
03485400,JAMES ALBERT SCHOOL OF COSMETOLOGY      ,CA,92627-3831,Proprietary  ,18,31,49,99,194,293
03485401,JAMES ALBERT SCHOOL OF COSMETOLOGY - ANA,CA,92804-5384,Proprietary  ,0,0,0,8,11,19
03516300,KING'S UNIVERSITY (THE)                 ,CA,91405-2233,Private      ,2,7,9,80,348,428
03532400,ADVANCED TRAINING ASSOCIATES            ,CA,92020-1236,Proprietary  ,0,1,1,14,59,73
03542400,COPPER MOUNTAIN COLLEGE                 ,CA,92252-6102,Public       ,7,54,61,665,1970,2635
03577300,COBA ACADEMY                            ,CA,92866-1407,Proprietary  ,6,5,11,88,90,178
03590400,NTMA TRAINING CENTERS OF SOUTHERN C     ,CA,90650-6099,Private      ,24,79,103,133,705,838
03592400,IRELL & MANELLA GRADUATE SCHOOL OF BIOLO,CA,91010-0000,Private      ,0,0,0,2,17,19
03598300,AVALON BEAUTY COLLEGE                   ,CA,93103-3137,Proprietary  ,7,10,17,99,86,185
03614300,UNITED BEAUTY COLLEGE                   ,CA,91733-0000,Proprietary  ,2,23,25,14,107,121
03621300,LIBERTY TRAINING INSTITUTE              ,CA,90057-3202,Proprietary  ,0,0,0,28,101,129
03639300,WEST COAST ULTRASOUND INSTITUTE         ,CA,90211-3312,Proprietary  ,4,16,20,296,1293,1589
03646300,DESIGN'S SCHOOL OF COSMETOLOGY          ,CA,93446-1471,Proprietary  ,6,12,18,92,195,287
03681300,CALIFORNIA HEALING ARTS COLLEGE         ,CA,90025-2589,Proprietary  ,2,17,19,53,202,255
03695300,COMMUNITY ENHANCEMENT SERVICES          ,CA,91502-2750,Private      ,0,41,41,19,156,175
03695700,SANTIAGO CANYON COLLEGE                 ,CA,92869-4512,Public       ,28,29,57,1952,1631,3583
03696300,UNIVERSITY OF THE WEST                  ,CA,91770-3709,Private      ,0,2,2,6,60,66
03698300,WEST COAST UNIVERSITY                   ,CA,91606-3206,Proprietary  ,44,75,119,909,2671,3580
03698400,CA COLLEGE OF VOCATIONAL CAREER         ,CA,93301-1800,Proprietary  ,4,14,18,61,209,270
03736300,ADVANCE BEAUTY COLLEGE                  ,CA,92843-4752,Proprietary  ,5,77,82,35,504,539
03740400,ATI COLLEGE                             ,CA,90650-0000,Proprietary  ,6,33,39,62,319,381
03759300,COMPUTER TUTOR BUSINESS & TECH INST     ,CA,95356-0000,Proprietary  ,2,8,10,44,175,219
03786300,ADVANCED COLLEGE                        ,CA,90280-5255,Proprietary  ,13,53,66,100,509,609
03797400,CAREER CARE INSTITUTE                   ,CA,93534-4766,Proprietary  ,14,37,51,269,853,1122
03797401,CAREER CARE INSTITUTE - VENTURA         ,CA,93003-0000,Proprietary  ,1,2,3,29,91,120
03806300,LAKE COLLEGE                            ,CA,96002-0926,Proprietary  ,0,0,0,9,62,71
03810300,SILICON VALLEY UNIVERSITY               ,CA,95131-1868,Private      ,0,0,0,13,44,57
03814400,SOKA UNIVERSITY OF AMERICA              ,CA,92656-8081,Private      ,0,1,1,469,51,520
03838400,WALTER JAY M.D. INSTITUTE AN EDUCATIONAL,CA,90057-0000,Proprietary  ,0,0,0,15,117,132
03852500,CIT COLLEGE OF INFOMEDICAL TECHNOLOGY   ,CA,92831-3703,Proprietary  ,6,51,57,116,698,814
03852501,CIT COLLEGE OF INFOMEDICAL TECHNOLOGY - ,CA,90010-1308,Proprietary  ,0,0,0,1,2,3
03853300,KECK GRADUATE INSTITUTE OF APPLIED LIFE ,CA,91711-4817,Private      ,0,0,0,2,73,75
03853400,LADERA CAREER PATHS TRAINING CENTERS    ,CA,90045-1931,Proprietary  ,0,4,4,6,45,51
03868300,WORLD MISSION UNIVERSITY                ,CA,90020-1789,Private      ,1,3,4,3,82,85
03868400,LOS ANGELES MUSIC ACADEMY               ,CA,91105-2540,Proprietary  ,0,1,1,81,71,152
03871300,FOLSOM LAKE COLLEGE                     ,CA,95630-6798,Public       ,49,110,159,2068,2968,5036
03874300,CAMBRIDGE JUNIOR COLLEGE                ,CA,95993-0000,Proprietary  ,8,19,27,97,234,331
03874400,COMMMUNITY CHRISTIAN COLLEGE            ,CA,92373-4465,Private      ,1,1,2,73,84,157
03889300,STANBRIDGE COLLEGE                      ,CA,92612-0000,Proprietary  ,14,59,73,177,720,897
03901300,PACIFIC COAST TRADE SCHOOL              ,CA,93033-2441,Proprietary  ,7,36,43,52,255,307
03910400,NATIONAL POLYTECHNIC COLLEGE            ,CA,90040-3066,Proprietary  ,14,45,59,89,328,417
03933300,MUELLER COLLEGE OF HOLISTIC STUDIES     ,CA,92116-2630,Proprietary  ,0,6,6,54,282,336
03933301,MUELLER COLLEGE OF HOLISTIC STUDIES -   ,CA,92120-3449,Proprietary  ,0,1,1,1,25,26
03935300,CALIFORNIA NURSES EDUCATIONAL INSTITUTE ,CA,92234-7248,Proprietary  ,0,2,2,26,80,106
03962300,AMERICAN INSTITUTE OF MASSAGE THERAPY   ,CA,92705-5463,Proprietary  ,0,3,3,32,58,90
03964400,INTERNATIONAL SCHOOL OF BEAUTY          ,CA,92260-2740,Proprietary  ,2,7,9,78,243,321
03969600,AMERICAN AUTO INSTITUTE                 ,CA,90703-2637,Proprietary  ,26,36,62,95,207,302
03971300,AMERICAN CAREER COLLEGE                 ,CA,91764-4906,Proprietary  ,81,177,258,863,1931,2794
03973300,EX'PRESSION COLLEGE FOR DIGITAL ARTS    ,CA,94608-1021,Proprietary  ,9,18,27,734,753,1487
03974500,CALIFORNIA CAREER COLLEGE               ,CA,91303-2006,Proprietary  ,0,2,2,34,116,150
03980300,CALIFORNIA STATE UNIVERSITY CHANNEL ISLA,CA,93012-8599,Public       ,2,16,18,3929,2020,5949
03995300,UNIVERSITY OF EAST-WEST MEDICINE        ,CA,94087-6106,Proprietary  ,0,0,0,8,58,66
03999300,BEAUMONT ADULT SCHOOL                   ,CA,92223-1927,Public       ,0,0,0,36,160,196
04001300,PALACE BEAUTY COLLEGE                   ,CA,90006-4233,Proprietary  ,2,18,20,37,144,181
04001400,MOJAVE BARBER COLLEGE                   ,CA,92395-3201,Proprietary  ,2,8,10,33,113,146
04003300,CSI CAREER COLLEGE                      ,CA,95687-3100,Proprietary  ,7,18,25,164,562,726
04004300,THUY PRINCESS BEAUTY COLLEGE            ,CA,91766-0000,Proprietary  ,1,17,18,15,125,140
04005300,INTERAMERICAN COLLEGE                   ,CA,91950-4437,Proprietary  ,2,26,28,17,265,282
04014400,PALLADIUM TECHNICAL ACADEMY             ,CA,91731-2429,Proprietary  ,5,11,16,44,136,180
04023400,PROTEUS                                 ,CA,93291-3014,Private      ,0,2,2,5,27,32
04037300,LOS ANGELES FILM SCHOOL (THE)           ,CA,90028-7300,Proprietary  ,45,59,104,874,995,1869
04049300,MAXINE WATERS EMPLOYMENT PREPARATION CEN,CA,90059-1023,Public       ,1,5,6,18,113,131
04056300,CAREER COLLEGE OF CALIFORNIA            ,CA,92705-5805,Proprietary  ,1,1,2,12,42,54
04057300,TECHSKILLS OF SACRAMENTO                ,CA,95815-4025,Proprietary  ,2,40,42,62,516,578
04071300,AMERICAN PACIFIC COLLEGE                ,CA,91405-6232,Proprietary  ,0,0,0,5,23,28
04076400,GNOMON SCHOOL OF VISUAL EFFECTS         ,CA,90038-2616,Proprietary  ,1,7,8,34,157,191
04092300,COASTLINE BEAUTY COLLEGE                ,CA,92708-3847,Proprietary  ,1,24,25,19,239,258
04092400,MAKE-UP DESIGNORY                       ,CA,91502-1322,Proprietary  ,7,5,12,318,337,655
04100400,TAFT UNIVERSITY SYSTEM (THE)            ,CA,92704-6954,Proprietary  ,0,19,19,3,371,374
04109300,ACADEMY OF BARBERING ARTS (THE)         ,CA,91324-3406,Proprietary  ,8,21,29,76,166,242
04111300,WEST HILLS COLLEGE LEMOORE              ,CA,93245-9248,Public       ,8,47,55,1432,2530,3962
04114500,VALLEY COLLEGE OF MEDICAL CAREERS       ,CA,91304-2354,Proprietary  ,5,34,39,80,231,311
04115300,COACHELLA VALLEY BEAUTY COLLEGE         ,CA,92253-2051,Proprietary  ,1,4,5,34,80,114
04115600,MAYFIELD COLLEGE                        ,CA,92234-7014,Proprietary  ,17,67,84,86,332,418
04116000,VIDEO SYMPHONY ENTERTRAINING            ,CA,91502-3253,Proprietary  ,0,5,5,82,375,457
04119200,CAREER COLLEGE CONSULTANTS              ,CA,90041-2088,Proprietary  ,4,23,27,19,139,158
04126400,CHAMPION INSTITUTE OF COSMETOLOGY       ,CA,92264-7458,Proprietary  ,1,0,1,18,63,81
04126500,COAST CAREER INSTITUTE                  ,CA,90015-3040,Proprietary  ,38,138,176,235,832,1067
04127100,"UNIVERSITY OF CALIFORNIA, MERCED        ",CA,95343-5001,Public       ,39,10,49,8052,1041,9093
04127800,HEALTHY HAIR ACADEMY                    ,CA,90303-3137,Proprietary  ,4,15,19,47,185,232
04127900,TUI UNIVERSITY                          ,CA,90630-5023,Proprietary  ,3,113,116,32,2168,2200
04129700,INTERNATIONAL POLYTECHNIC INSTITUTE     ,CA,92231-1737,Private      ,0,0,0,4,20,24
04132300,INSTITUTE OF MEDICAL EDUCATION          ,CA,95113-2207,Proprietary  ,1,18,19,117,723,840
04132400,ACADEMY OF ESTHETICS AND COSMETOLOGY    ,CA,91342-3373,Proprietary  ,1,2,3,17,26,43
04132700,INFOTECH CAREER COLLEGE                 ,CA,90706-5579,Proprietary  ,13,56,69,83,317,400
04133000,BIOHEALTH COLLEGE                       ,CA,95134-2033,Proprietary  ,7,47,54,28,259,287
04134500,CAREER COLLEGE OF SAN DIEGO             ,CA,92102-3348,Proprietary  ,2,18,20,61,344,405
04134700,INTERNATL PROFESSIONAL SCHL OF BODYWORK ,CA,92123-1520,Proprietary  ,0,9,9,42,215,257
04137200,BORNER'S BARBER COLLEGE                 ,CA,90047-3856,Proprietary  ,0,2,2,11,35,46
04138700,CAO INSTITUTE OF AESTHETICS (THE)       ,CA,91801-3903,Proprietary  ,9,9,18,80,105,185
04140500,HORIZON COLLEGE SAN DIEGO               ,CA,92131-9906,Private      ,0,2,2,1,17,18
04140600,MODERN INSTITUTE OF TECHNOLOGY          ,CA,93036-1387,Proprietary  ,0,13,13,0,35,35
04141300,SAN FRANCISCO INSTITUTE OF ESTHETICS    ,CA,94103-4083,Proprietary  ,2,10,12,116,193,309
04141400,LAURUS COLLEGE                          ,CA,93401-5405,Proprietary  ,8,34,42,70,264,334
04141700,HEALING HANDS SCHOOL OF HOLISTIC HEALTH ,CA,92025-1722,Proprietary  ,1,4,5,14,119,133
04142600,TOURO UNIVERSITY                        ,CA,94592-1118,Private      ,0,6,6,0,6,6
04143800,WOODLAND COMMUNITY COLLEGE              ,CA,95776-5156,Public       ,1,0,1,1,0,1
04144200,CAREER DEVELOPMENT INSTITUTE            ,CA,90035-4364,Proprietary  ,0,0,0,5,48,53
04145000,SAN DIEGO CULINARY INSTITUTE            ,CA,91941-6435,Proprietary  ,3,8,11,37,94,131
04146000,NATIONAL CAREER COLLEGE                 ,CA,91605-1400,Proprietary  ,0,3,3,10,60,70
04148200,BEYOND 21ST CENTURY BEAUTY ACADEMY      ,CA,90670-6316,Proprietary  ,3,6,9,9,18,27
04148900,N CALIF INSTITUTE OF COSMETOLOGY        ,CA,94577-2820,Proprietary  ,0,2,2,0,2,2
04149700,HOMESTEAD SCHOOLS                       ,CA,90505-5945,Private      ,2,9,11,41,127,168
04150000,CENTRAL NURSING COLLEGE                 ,CA,90010-2444,Proprietary  ,1,10,11,25,166,191
04150300,RWM FIBER OPTICS                        ,CA,90746-1051,Proprietary  ,0,6,6,7,76,83
04150500,"PREFERRED COLLEGE OF NURSING, LOS ANGELE",CA,90010-2202,Proprietary  ,3,5,8,3,5,8
04152800,CALIFORNIA ACADEMY (THE) - A PAUL MITCHE,CA,95825-2276,Proprietary  ,11,16,27,141,236,377
04153900,PROVIDENCE CHRISTIAN COLLEGE            ,CA,91761-5626,Private      ,0,0,0,4,4,8
04154400,FRANKLIN CAREER COLLEGE                 ,CA,91761-1522,Proprietary  ,3,17,20,5,29,34
04155500,"ACADEMY FOR JEWISH RELIGION, CALIFORNIA ",CA,90024-3234,Private      ,0,1,1,1,19,20
04158200,PAUL MITCHELL THE SCHOOL SHERMAN OAKS   ,CA,91403-5882,Proprietary  ,7,12,19,55,83,138
04158700,HOLLYWOOD BEAUTY COLLEGE                ,CA,95210-3514,Proprietary  ,4,33,37,16,75,91
04160400,ANGELES COLLEGE OF NURSING              ,CA,90010-2100,Proprietary  ,3,27,30,8,41,49
04161700,SHASTA SCHOOL OF COSMETOLOGY            ,CA,96003-0000,Proprietary  ,1,5,6,6,28,34
04163400,COSMO BEAUTY ACADEMY                    ,CA,95605-1904,Proprietary  ,1,1,2,1,1,2
04163900,L.A. BARBER COLLEGE                     ,CA,90013-1121,Proprietary  ,4,14,18,7,32,39
04164400,ANGELES INSTITUTE                       ,CA,90712-2903,Proprietary  ,5,24,29,5,24,29
04167000,ESTHETIQUES COSMETOLOGY INSTITUTE       ,CA,92591-4663,Proprietary  ,28,23,51,28,23,51
04169700,UNITEK COLLEGE                          ,CA,94538-3185,Proprietary  ,3,43,46,3,43,46
04169800,GURNICK ACADEMY OF MEDICAL ARTS         ,CA,94403-1849,Proprietary  ,22,110,132,22,110,132
00184600,BRIAR CLIFF UNIVERSITY                  ,IA,51104-2100,Private      ,0,5,5,1155,463,1618
00184700,BUENA VISTA UNIVERSITY                  ,IA,50588-9987,Private      ,5,90,95,1873,2040,3913
00184800,SOUTHEASTERN COMMUNITY COLLEGE          ,IA,52655-0000,Public       ,31,97,128,1274,2787,4061
00185000,CENTRAL COLLEGE                         ,IA,50219-1999,Private      ,1,1,2,2331,136,2467
00185200,CLARKE COLLEGE                          ,IA,52001-3198,Private      ,0,9,9,1011,539,1550
00185400,COE COLLEGE                             ,IA,52402-5092,Private      ,0,2,2,1837,211,2048
00185500,DES MOINES UNIV-OSTEOPATHIC MED CTR     ,IA,50312-0000,Private      ,0,8,8,15,1795,1810
00185600,CORNELL COLLEGE                         ,IA,52314-1098,Private      ,1,1,2,1877,96,1973
00185700,SOUTHWESTERN COMMUNITY COLLEGE          ,IA,50801-1098,Public       ,7,28,35,626,905,1531
00185800,DIVINE WORD COLLEGE                     ,IA,52045-0380,Private      ,0,1,1,13,15,28
00185900,DORDT COLLEGE                           ,IA,51250-1697,Private      ,1,6,7,1392,90,1482
00186000,DRAKE UNIVERSITY                        ,IA,50311-4505,Private      ,3,13,16,4344,2488,6832
00186200,ELLSWORTH COMMUNITY COLLEGE             ,IA,50126-1199,Public       ,10,11,21,761,380,1141
00186400,IOWA LAKES COMMUNITY COLLEGE            ,IA,51334-2234,Public       ,21,92,113,1386,1630,3016
00186500,IOWA CENTRAL COMMUNITY COLLEGE          ,IA,50501-0000,Public       ,10,100,110,2389,3018,5407
00186600,GRACELAND UNIVERSITY                    ,IA,50140-1699,Private      ,2,42,44,1063,1436,2499
00186700,GRAND VIEW UNIVERSITY                   ,IA,50316-1599,Private      ,1,30,31,1718,1217,2935
00186800,GRINNELL COLLEGE                        ,IA,50112-1690,Private      ,0,1,1,2517,49,2566
00186900,IOWA STATE UNIV SCIENCE & TECHNOLOG     ,IA,50011-2028,Public       ,72,82,154,20361,5777,26138
00187100,IOWA WESLEYAN COLLEGE                   ,IA,52641-1398,Private      ,2,10,12,914,522,1436
00187300,LORAS COLLEGE                           ,IA,52004-0178,Private      ,1,4,5,2312,183,2495
00187400,LUTHER COLLEGE                          ,IA,52101-1045,Private      ,1,0,1,3257,85,3342
00187500,MARSHALLTOWN COMMUNITY COLLEGE          ,IA,50158-4760,Public       ,12,54,66,730,1143,1873
00187700,NORTH IOWA AREA COMMUNITY COLLEGE       ,IA,50401-7299,Public       ,21,46,67,1661,1502,3163
00187900,MORNINGSIDE COLLEGE                     ,IA,51106-1751,Private      ,1,24,25,1585,571,2156
00188000,MOUNT MERCY COLLEGE                     ,IA,52402-4797,Private      ,1,18,19,1029,909,1938
00188100,ASHFORD UNIVERSITY                      ,IA,52732-3910,Proprietary  ,304,10165,10469,3775,91560,95335
00188300,NORTHWESTERN COLLEGE                    ,IA,51041-1996,Private      ,1,2,3,1522,101,1623
00188700,SIMPSON COLLEGE                         ,IA,50125-1297,Private      ,3,9,12,2125,592,2717
00188900,ST AMBROSE UNIVERSITY                   ,IA,52803-2898,Private      ,2,29,31,2736,1365,4101
00189000,UNIVERSITY OF NORTHERN IOWA             ,IA,50614-0705,Public       ,20,69,89,10535,3276,13811
00189100,UNIVERSITY OF DUBUQUE                   ,IA,52001-5099,Private      ,3,12,15,1742,629,2371
00189200,UNIVERSITY OF IOWA                      ,IA,52242-1316,Public       ,46,108,154,17586,9859,27445
00189300,UPPER IOWA UNIVERSITY                   ,IA,52142-9206,Private      ,14,189,203,1374,5451,6825
00189500,WALDORF COLLEGE                         ,IA,50436-1700,Private      ,2,3,5,682,105,787
00189600,WARTBURG COLLEGE                        ,IA,50677-2200,Private      ,1,0,1,2454,110,2564
00189700,WARTBURG THEOLOGICAL SEMINARY           ,IA,52004-5004,Private      ,0,0,0,2,145,147
00190000,WILLIAM PENN UNIVERSITY                 ,IA,52577-1799,Private      ,10,70,80,1127,1592,2719
00396300,AIB COLLEGE OF BUSINESS                 ,IA,50321-1799,Private      ,2,15,17,669,709,1378
00407500,ESTRN IOWA COMMUNITY COLLEGE DIST       ,IA,52801-1221,Public       ,1,5,6,65,180,245
00407501,CLINTON COMMUNITY COLLEGE               ,IA,52732-0000,Public       ,11,45,56,456,887,1343
00407502,MUSCATINE COMMUNITY COLLEGE             ,IA,52761-0000,Public       ,7,33,40,473,785,1258
00407503,SCOTT COMMUNITY COLLEGE                 ,IA,52722-0000,Public       ,36,130,166,1551,3609,5160
00407600,KIRKWOOD COMMUNITY COLLEGE              ,IA,52406-2068,Public       ,96,548,644,7708,9438,17146
00423300,MERCY/ST. LUKE'S SCH RAD TECH           ,IA,52402-0000,Private      ,0,2,2,15,36,51
00458600,KAPLAN UNIVERSITY                       ,IA,52807-2095,Proprietary  ,856,12855,13711,8820,154981,163801
00458604,KAPLAN UNIVERSITY - CEDAR RAPIDS        ,IA,52404-2998,Proprietary  ,6,44,50,214,1699,1913
00458605,KAPLAN UNIVERSITY - DES MOINES          ,IA,50323-5702,Proprietary  ,18,124,142,412,2310,2722
00458606,KAPLAN UNIVERSITY - MASON CITY          ,IA,50401-4665,Proprietary  ,4,54,58,137,918,1055
00458607,KAPLAN UNIVERSITY - CEDAR FALLS         ,IA,50613-6309,Proprietary  ,11,85,96,275,1766,2041
00458610,KAPLAN UNIVERSITY - COUNCIL BLUFFS      ,IA,51503-5289,Proprietary  ,8,61,69,96,758,854
00458700,NORTHEAST IOWA COMMUNITY COLLEGE        ,IA,52132-0400,Public       ,21,39,60,758,1026,1784
00458701,NORTHEAST IOWA COMMUNITY COLLEGE        ,IA,52068-0000,Public       ,20,56,76,1255,1743,2998
00459500,HAWKEYE COMMUNITY COLLEGE               ,IA,50701-0000,Public       ,38,120,158,3448,3334,6782
00459800,IOWA WESTERN CMTY CLG-COUNCIL BLUFF     ,IA,51502-0000,Public       ,31,113,144,3027,3016,6043
00460000,NORTHWEST IOWA COMMUNITY COLLEGE        ,IA,51201-1046,Public       ,6,10,16,520,497,1017
00626700,IOWA METHODIST MEDICAL CENTER SCHOOLS   ,IA,50309-1499,Private      ,0,2,2,24,44,68
00627300,MERCY COLLEGE OF HEALTH SCIENCES        ,IA,50309-1239,Private      ,12,28,40,427,928,1355
00712000,DES MOINES AREA CMTY COLLEGE            ,IA,50021-0000,Public       ,118,602,720,6832,11626,18458
00712100,FAITH BAPTIST BIBLE CLG & THEOL SEM     ,IA,50021-0000,Private      ,0,0,0,349,73,422
00729100,ST LUKE'S COLLEGE                       ,IA,51104-0263,Private      ,0,2,2,126,133,259
00731600,WESTERN IOWA TECH COMMUNITY COLLEGE     ,IA,51106-0000,Public       ,51,191,242,1821,3478,5299
00758800,CAPRI COLLEGE                           ,IA,52004-0873,Proprietary  ,0,2,2,111,145,256
00761100,EQ SCHOOL OF HAIR DESIGN                ,IA,51503-0813,Proprietary  ,1,2,3,48,62,110
00765600,AMERICAN COLLEGE OF HARISTYLING -CR     ,IA,52402-0000,Proprietary  ,0,2,2,11,25,36
00765800,AMER COLL OF HAIRSTYLING-DES MOINES     ,IA,50309-5446,Proprietary  ,1,4,5,11,54,65
00765900,LA JAMES COLLEGE OF HAIRSTYLING         ,IA,50401-3308,Proprietary  ,3,10,13,80,107,187
00771700,CAPRI COLLEGE                           ,IA,52807-2622,Proprietary  ,1,4,5,111,186,297
00794100,COLLEGE OF HAIR DESIGN                  ,IA,50703-1834,Proprietary  ,3,4,7,29,67,96
00811600,DAYTON'S SCHOOL OF HAIR DESIGN          ,IA,52601-0000,Proprietary  ,0,0,0,5,13,18
00826000,IOWA SCHOOL OF BEAUTY INC               ,IA,50322-0000,Proprietary  ,4,12,16,78,221,299
00840300,INDIAN HILLS COMMUNITY COLLEGE          ,IA,52501-1398,Public       ,49,148,197,1893,3133,5026
00840301,INDIAN HILLS COMMUNITY COLLEGE          ,IA,52544-0000,Public       ,10,24,34,255,413,668
00842400,LA JAMES INTERNATIONAL COLLEGE          ,IA,50501-5577,Proprietary  ,7,7,14,119,132,251
00959300,LA'JAMES COLLEGE OF HAIRSTYLING         ,IA,52240-0000,Proprietary  ,4,5,9,94,90,184
01111300,MAHARISHI UNIV OF MANAGEMENT            ,IA,52557-0001,Private      ,2,9,11,177,366,543
01206400,HAMILTON TECHNICAL COLLEGE              ,IA,52807-2653,Proprietary  ,9,28,37,134,418,552
01230000,PALMER COLLEGE OF CHIROPRACTIC          ,IA,52803-5287,Private      ,0,3,3,63,2445,2508
01300600,LA' JAMES INTERNATIONAL COLLEGE-CF      ,IA,50613-5242,Proprietary  ,0,7,7,76,102,178
02090300,CAPRI COLLEGE                           ,IA,52404-0000,Proprietary  ,3,4,7,109,165,274
02134500,LA JAMES INTERNATIONAL COLLEGE - DAV    ,IA,52806-3952,Proprietary  ,1,5,6,67,120,187
02160900,"SALON PROFESSIONAL ACADEMY, THE         ",IA,50010-0000,Proprietary  ,1,2,3,118,88,206
02262500,FAUST INSTITUTE OF COSMETOLOGY          ,IA,50588-0000,Proprietary  ,4,3,7,41,51,92
02274100,LA' JAMES INTERNATIONAL COLLEGE - DM    ,IA,50131-0000,Proprietary  ,1,9,10,155,206,361
02289000,AMERICAN HAIR ACADEMY                   ,IA,52627-4530,Proprietary  ,0,0,0,14,38,52
02306900,IOWA SCHOOL OF BEAUTY                   ,IA,52501-0000,Proprietary  ,2,9,11,36,77,113
02328900,EMMAUS BIBLE COLLEGE                    ,IA,52001-0000,Private      ,0,0,0,237,43,280
02330900,IOWA SCHOOL OF BEAUTY                   ,IA,50158-0000,Proprietary  ,2,3,5,14,51,65
02333200,DAYTON'S SCHOOL OF HAIR DESIGN          ,IA,52632-0000,Proprietary  ,0,0,0,1,12,13
02609200,VATTEROTT COLLEGE                       ,IA,50321-4704,Proprietary  ,0,6,6,149,939,1088
03069100,ALLEN COLLEGE                           ,IA,50703-1916,Private      ,1,2,3,317,351,668
03441300,IOWA SCHOOL OF BEAUTY                   ,IA,51106-5111,Proprietary  ,0,3,3,35,80,115
03607400,TOTAL LOOK SCHOOL OF COSMETOLOGY AND MAS,IA,52136-1053,Proprietary  ,0,0,0,6,12,18
03720300,CARLSON COLLEGE OF MASSAGE THERAPY      ,IA,52205-7519,Proprietary  ,0,0,0,17,38,55
04089300,BIO-CHI INSTITUTE OF MASSAGE THERAPY    ,IA,51103-2138,Proprietary  ,0,0,0,11,31,42
00259600,ATLANTIC COMMUNITY COLLEGE              ,NJ,08330-2699,Public       ,43,141,184,4054,5077,9131
00259700,BLOOMFIELD COLLEGE                      ,NJ,07003-3425,Private      ,7,29,36,2732,1603,4335
00259800,CALDWELL COLLEGE                        ,NJ,07006-6195,Private      ,2,16,18,1444,1147,2591
00259900,CENTENARY COLLEGE                       ,NJ,07840-2184,Private      ,5,39,44,1550,1143,2693
00260000,COLLEGE OF SAINT ELIZABETH              ,NJ,07960-6989,Private      ,0,11,11,775,767,1542
00260100,CUMBERLAND COUNTY COLLEGE               ,NJ,08362-0517,Public       ,8,18,26,2294,3141,5435
00260300,DREW UNIVERSITY                         ,NJ,07940-4063,Private      ,3,4,7,3812,653,4465
00260700,FAIRLEIGH DICKINSON UNIV-TEANECK        ,NJ,07666-1996,Private      ,11,59,70,3308,2544,5852
00260701,FAIRLEIGH DICKINSON UNIV-FLORHAM        ,NJ,07940-0000,Private      ,5,7,12,2426,625,3051
00260702,FAIRLEIGH DICKINSON UNIV-ED WMS CLG     ,NJ,07601-0000,Private      ,2,8,10,192,165,357
00260703,FAIRLEIGH DICKINSON UNIVERSITY          ,NJ,07940-0000,Private      ,4,17,21,1935,883,2818
00260800,GEORGIAN COURT UNIVERSITY               ,NJ,08701-2697,Private      ,7,21,28,1496,1751,3247
00260900,ROWAN UNIVERSITY                        ,NJ,08028-1702,Public       ,16,62,78,11693,4186,15879
00261000,FELICIAN COLLEGE                        ,NJ,07644-2198,Private      ,3,39,42,1755,1466,3221
00261300,NEW JERSEY CITY UNIVERSITY              ,NJ,07305-1597,Public       ,19,77,96,4687,5868,10555
00261500,MIDDLESEX COUNTY COLLEGE                ,NJ,08818-3050,Public       ,49,92,141,6359,5110,11469
00261600,MONMOUTH UNIVERSITY                     ,NJ,07764-1898,Private      ,10,37,47,7327,2457,9784
00261700,MONTCLAIR STATE UNIVERSITY              ,NJ,07043-9987,Public       ,31,85,116,16256,7037,23293
00261900,NEW BRUNSWICK THEOLOGICAL SEMINARY      ,NJ,08901-0000,Private      ,0,0,0,27,134,161
00262100,NEW JERSEY INST OF TECHNOLOGY           ,NJ,07102-1982,Public       ,15,32,47,5328,2721,8049
00262200,KEAN UNIVERSITY                         ,NJ,07083-7131,Public       ,16,67,83,10558,7973,18531
00262400,OCEAN COUNTY COLLEGE                    ,NJ,08754-2001,Public       ,32,89,121,5429,4228,9657
00262500,WILLIAM PATERSON UNIVERSITY             ,NJ,07470-2152,Public       ,23,56,79,10082,4447,14529
00262600,PRINCETON THEOLOGICAL SEMINARY          ,NJ,08542-0000,Private      ,0,0,0,14,688,702
00262700,PRINCETON UNIVERSITY                    ,NJ,08544-0001,Private      ,4,8,12,14247,1652,15899
00262800,RIDER UNIVERSITY                        ,NJ,08648-3099,Private      ,11,31,42,7245,1771,9016
00262900,"RUTGERS, THE STATE UNIVERSITY OF NJ     ",NJ,08901-1281,Public       ,76,189,265,42162,21488,63650
00263200,SETON HALL UNIVERSITY                   ,NJ,07079-2697,Private      ,6,30,36,10184,3849,14033
00263201,SETON HALL UNIVERSITY - SCHOOL OF LAW   ,NJ,07079-5210,Private      ,0,8,8,218,2442,2660
00263800,ST PETER'S COLLEGE                      ,NJ,07306-5997,Private      ,11,35,46,3534,1273,4807
00263900,STEVENS INSTITUTE OF TECHNOLOGY         ,NJ,07030-5370,Private      ,2,13,15,3284,691,3975
00264200,COLLEGE OF NEW JERSEY (THE)             ,NJ,08628-0718,Public       ,8,40,48,10073,1242,11315
00264300,UNION COUNTY COLLEGE                    ,NJ,07016-1598,Public       ,67,218,285,5043,8229,13272
00473600,BERGEN COMMUNITY COLLEGE                ,NJ,07652-1595,Public       ,42,103,145,7601,5423,13024
00474000,MERCER COUNTY COMMUNITY COLLEGE         ,NJ,08690-0000,Public       ,33,142,175,3309,4764,8073
00539900,MONMOUTH COUNTY VOCATIONAL SCH DIST     ,NJ,07728-5033,Public       ,0,1,1,48,134,182
00539905,MONMOUTH COUNTY VOCATIONAL SCHOOL DISTRI,NJ,07753-4473,Public       ,0,0,0,1,12,13
00545200,TETERBORO SCH OF AERONAUTICS            ,NJ,07608-1083,Proprietary  ,0,2,2,113,117,230
00546000,SOMERSET COUNTY TECHNICAL INSTITUTE     ,NJ,08807-0350,Public       ,0,0,0,56,209,265
00546100,SALEM COMMUNITY COLLEGE                 ,NJ,08069-2799,Public       ,9,24,33,657,896,1553
00641000,C E GREGORY SCHOOL OF NURSING           ,NJ,08857-0000,Private      ,0,0,0,4,4,8
00641700,HOLY NAME HOSPITAL SCH OF NURSING       ,NJ,07666-4254,Private      ,0,0,0,71,179,250
00642000,MOUNTAINSIDE HOSP SCH NRSG              ,NJ,07042-4898,Proprietary  ,0,0,0,34,140,174
00642100,MUHLENBERG SNYDER SCHOOLS               ,NJ,07061-3399,Private      ,1,2,3,125,551,676
00642900,ST FRANCIS MEDICAL CTR SCH NURSING      ,NJ,08629-1986,Private      ,0,1,1,20,53,73
00642902,ST FRANCIS MED CTR RAD TECH             ,NJ,08629-0000,Private      ,0,1,1,3,25,28
00686500,CAMDEN COUNTY COLLEGE                   ,NJ,08012-3240,Public       ,59,195,254,6800,9594,16394
00690100,GLOUCESTER COUNTY COLLEGE               ,NJ,08080-4249,Public       ,27,71,98,3171,2952,6123
00710700,ESSEX COUNTY COLLEGE                    ,NJ,07102-1798,Public       ,42,154,196,5671,9292,14963
00736203,STUART SCHOOL OF BUSINESS ADMINISTRATION,NJ,07719-3970,Proprietary  ,0,0,0,1,1,2
00750200,BERKELEY COLLEGE                        ,NJ,07424-3367,Proprietary  ,4,11,15,1872,1960,3832
00750201,BERKELEY COLLEGE                        ,NJ,07095-0000,Proprietary  ,5,6,11,820,827,1647
00750202,BERKELEY COLLEGE - PARAMUS              ,NJ,07652-2931,Proprietary  ,0,6,6,498,576,1074
00750600,LINCOLN TECHNICAL INSTITUTE             ,NJ,07083-5032,Proprietary  ,46,126,172,1231,1783,3014
00750601,LINCOLN TECHNICAL INSTITUTE             ,NJ,07430-0000,Proprietary  ,42,68,110,729,739,1468
00750700,GIBBS COLLEGE                           ,NJ,07039-1611,Proprietary  ,0,0,0,54,104,158
00750701,KATHARINE GIBBS - PISCATAWAY            ,NJ,08854-0000,Proprietary  ,0,0,0,0,3,3
00759300,PARISIAN BEAUTY ACADEMY                 ,NJ,07601-5509,Proprietary  ,6,12,18,149,204,353
00772900,COUNTY COLLEGE OF MORRIS                ,NJ,07869-0000,Public       ,27,50,77,3413,1947,5360
00773000,BURLINGTON COUNTY COLLEGE               ,NJ,08068-1599,Public       ,36,129,165,3960,4273,8233
00773100,RARITAN VALLEY COMMUNITY COLLEGE        ,NJ,08876-1265,Public       ,19,65,84,2288,2181,4469
00780401,STAR CAREER ACADEMY - STAR LAKEWOOD     ,NJ,08701-5900,Proprietary  ,14,56,70,103,595,698
00780402,STAR CAREER ACADEMY - STAR EGG HARBOR   ,NJ,08234-4863,Proprietary  ,7,49,56,95,518,613
00794700,BETH MEDRASH GOVOHA OF AMERICA          ,NJ,08701-0000,Private      ,131,207,338,469,2127,2596
00840400,BROOKDALE COMMUNITY COLLEGE             ,NJ,07738-1597,Public       ,58,112,170,6219,4732,10951
00844101,ANTHEM INSTITUTE                        ,NJ,08002-0000,Proprietary  ,3,2,5,25,77,102
00849400,HO HO KUS SCHL OF TRADE & TECH SCIENCES ,NJ,07513-1402,Proprietary  ,5,31,36,129,353,482
00860900,RABBINICAL COLLEGE OF AMERICA           ,NJ,07960-3600,Private      ,5,0,5,88,9,97
00907800,CAPRI INSTITUTE OF HAIR DESIGN          ,NJ,07011-2111,Proprietary  ,3,8,11,112,217,329
00922800,DEVRY INSTITUTE                         ,NJ,08902-3362,Proprietary  ,4,7,11,8,32,40
00934400,RAMAPO COLLEGE OF NEW JERSEY            ,NJ,07430-1680,Public       ,4,9,13,6536,1147,7683
00934500,RICHARD STOCKTON COLLEGE OF NJ          ,NJ,08240-0195,Public       ,12,15,27,7374,2968,10342
00982804,EVEREST INSTITUTE - SOUTH PLAINFIELD    ,NJ,07080-1125,Proprietary  ,7,95,102,247,947,1194
00999400,PASSAIC COUNTY COMMUNITY COLLEGE        ,NJ,07505-1179,Public       ,53,200,253,3869,5580,9449
01039400,UNIV OF MEDICINE & DENTISTRY OF NJ      ,NJ,07107-0000,Public       ,7,55,62,254,4765,5019
01062900,P B COSMETOLOGY EDUCATION CENTRE        ,NJ,08030-1750,Proprietary  ,1,3,4,112,156,268
01085100,ANTHEM INSTITUTE                        ,NJ,07054-3409,Proprietary  ,49,110,159,676,1489,2165
01085101,ANTHEM INSTITUTE                        ,NJ,07306-0000,Proprietary  ,2,10,12,58,177,235
01085102,ANTHEM INSTITUTE                        ,NJ,08902-0000,Proprietary  ,0,2,2,27,88,115
01090300,RIZZIERI INSTITUTE                      ,NJ,08043-4600,Proprietary  ,1,0,1,127,175,302
01152300,MORRIS COUNTY SCHOOL OF TECHNOLOGY      ,NJ,07834-0000,Public       ,1,1,2,30,78,108
01170800,NATURAL MOTION INST OF HAIR DESIGN      ,NJ,07306-5496,Proprietary  ,2,9,11,58,134,192
01198900,TALMUDICAL ACADEMY                      ,NJ,07710-0000,Private      ,0,0,0,45,4,49
01209000,REIGNBOW BEAUTY ACADEMY                 ,NJ,08861-4118,Proprietary  ,6,19,25,57,182,239
01234600,DOVER BUSINESS COLLEGE                  ,NJ,07011-2161,Proprietary  ,8,10,18,391,1017,1408
01234602,DOVER BUSINESS COLLEGE                  ,NJ,07801-4643,Proprietary  ,2,6,8,168,514,682
01246100,LINCOLN TECHNICAL INSTITUTE             ,NJ,08820-2896,Proprietary  ,18,57,75,448,1155,1603
01246102,LINCOLN TECHNICAL INSTITUTE             ,NJ,08054-0000,Proprietary  ,14,102,116,308,1519,1827
01246103,LINCOLN TECHNICAL INSTITUTE             ,NJ,07652-2106,Proprietary  ,27,56,83,486,1190,1676
01246200,HOHOKUS - HACKENSACK SCHOOL OF BUSINESS ,NJ,07601-7197,Proprietary  ,11,53,64,193,903,1096
01295400,HUDSON COUNTY COMMUNITY COLLEGE         ,NJ,07306-4012,Public       ,33,118,151,4589,6778,11367
02053700,EASTWICK COLLEGE                        ,NJ,07446-0000,Proprietary  ,11,70,81,336,1089,1425
02061800,ROMAN ACADEMY OF BEAUTY CULTURE         ,NJ,07506-0000,Proprietary  ,4,8,12,44,63,107
02092300,HOHOKUS SCHOOL - RETS/NUTLEY            ,NJ,07110-0000,Proprietary  ,22,63,85,304,792,1096
02103700,CAPRI INSTITUTE OF HAIR DESIGN          ,NJ,07652-0000,Proprietary  ,1,9,10,66,139,205
02104000,HARRIS SCHOOL OF BUSINESS               ,NJ,08002-2983,Proprietary  ,28,151,179,373,1820,2193
02106601,FOX INSTITUTE OF BUSINESS - CLIFTON     ,NJ,07011-2345,Proprietary  ,14,48,62,163,569,732
02131100,DU CRET SCHOOL OF THE ARTS              ,NJ,07060-0000,Private      ,0,0,0,30,25,55
02131600,PENNCO TECH                             ,NJ,08012-0000,Proprietary  ,21,39,60,497,1038,1535
02132300,BERDAN INSTITUTE                        ,NJ,07512-0000,Proprietary  ,16,72,88,285,659,944
02146800,JOE KUBERT SCH OF CARTOON & GRAPHIC     ,NJ,07801-0000,Proprietary  ,1,0,1,57,54,111
02149800,EMPIRE BEAUTY SCHOOL                    ,NJ,08021-0000,Proprietary  ,7,28,35,131,410,541
02149801,EMPIRE BEAUTY SCHOOL - BORDENTOWN       ,NJ,08505-1513,Proprietary  ,2,2,4,14,36,50
02154000,DIVERS ACAD OF EASTERN SEABOARD         ,NJ,08081-1139,Proprietary  ,2,14,16,118,262,380
02183600,CAPRI INSTITUTE OF HAIR DESIGN          ,NJ,07033-0000,Proprietary  ,1,8,9,80,171,251
02192200,THOMAS EDISON STATE COLLEGE             ,NJ,08608-0000,Public       ,9,163,172,326,5435,5761
02219600,OMEGA INSTITUTE                         ,NJ,08109-0000,Proprietary  ,5,26,31,52,276,328
02223700,NEW HORIZON INST OF COSMETOLOGY         ,NJ,07093-0000,Proprietary  ,3,27,30,33,263,296
02223900,DRAKE COLLEGE OF BUSINESS               ,NJ,07201-0000,Proprietary  ,52,416,468,672,4197,4869
02223902,DRAKE COLLEGE OF BUSINESS - NEWARK CAMPU,NJ,07112-2760,Proprietary  ,1,0,1,2,10,12
02232500,UNION COUNTY VOCATIONAL TECH INST       ,NJ,07076-0000,Public       ,4,6,10,79,152,231
02234600,SHORE BEAUTY SCHOOL                     ,NJ,08232-0000,Proprietary  ,0,9,9,77,146,223
02246000,ROSS UNIVERSITY - MEDICAL SCHOOL        ,NJ,08837-0000,Proprietary  ,0,47,47,17,4587,4604
02248600,COOPER HEALTH SYS-CTR ALLIED HEALTH     ,NJ,08103-0000,Private      ,1,0,1,25,99,124
02252700,CONCORDE SCHOOL OF HAIR DESIGN          ,NJ,07712-0000,Proprietary  ,11,34,45,160,426,586
02252701,CONCORDE SCHOOL OF HAIR DESIGN - BLOOMFI,NJ,07003-2517,Proprietary  ,0,2,2,21,32,53
02261800,EUROPEAN ACADEMY OF COSMETOLOGY         ,NJ,07083-0000,Proprietary  ,2,16,18,68,216,284
02265500,CAPRI INSTITUTE OF HAIR DESIGN          ,NJ,08724-0000,Proprietary  ,2,11,13,54,146,200
02277900,ROSS UNIV - SCH OF VETERINARY MED       ,NJ,08837-0000,Proprietary  ,0,4,4,4,1189,1193
02291000,LINCOLN TECHNICAL INSTITUTE             ,NJ,07080-2424,Proprietary  ,14,28,42,184,206,390
02312000,BERGEN COUNTY TECHNICAL SCHOOLS         ,NJ,07601-6110,Public       ,0,4,4,41,150,191
02344200,EMPIRE BEAUTY SCHOOL                    ,NJ,08002-0000,Proprietary  ,14,30,44,140,364,504
02503900,WARREN COUNTY COMMUNITY COLLEGE         ,NJ,07882-0000,Public       ,6,2,8,692,671,1363
02523700,OCEAN COUNTY VOCATIONAL-TECH SCHOOL     ,NJ,08753-0000,Public       ,1,2,3,152,343,495
02525900,ARTISTIC ACADEMY OF HAIR DESIGN         ,NJ,07950-1409,Proprietary  ,0,6,6,113,124,237
02528200,REIGNBOW BEAUTY ACADEMY                 ,NJ,07060-0000,Proprietary  ,1,8,9,27,129,156
02558700,PRISM CAREER INSTITUTE                  ,NJ,08037-0000,Proprietary  ,8,92,100,291,1589,1880
02568800,SUSSEX COUNTY COMMUNITY COLLEGE         ,NJ,07860-1149,Public       ,20,34,54,1627,1157,2784
02586900,HARRIS SCHOOL OF BUSINESS               ,NJ,08084-1520,Proprietary  ,12,90,102,132,951,1083
02615401,STAR TECHNICAL INSTITUTE -              ,NJ,07102-4599,Proprietary  ,0,0,0,1,8,9
02616402,SANFORD-BROWN INSTITUTE - ISELIN        ,NJ,08830-0000,Proprietary  ,11,40,51,522,1465,1987
03077500,RABBI JACOB JOSEPH SCHOOL               ,NJ,08817-4494,Private      ,3,0,3,19,0,19
03122600,EASTERN INTERNATIONAL COLLEGE           ,NJ,07306-3906,Proprietary  ,13,51,64,152,474,626
03187300,STENOTECH CAREER INSTITUTE              ,NJ,07004-3490,Proprietary  ,5,13,18,53,115,168
03197300,INSTITUTE FOR HEALTH EDUCATION(THE)     ,NJ,07306-2929,Proprietary  ,11,38,49,52,282,334
03324300,CENTRAL CAREER SCHOOL                   ,NJ,07080-2408,Proprietary  ,5,14,19,39,174,213
03380302,STAR CAREER ACADEMY - STAR NEWARK       ,NJ,07102-4510,Proprietary  ,9,49,58,120,754,874
03380303,STAR CAREER ACADEMY - STAR CLIFTON      ,NJ,07011-2248,Proprietary  ,2,6,8,16,147,163
03389300,ACADEMY OF MASSAGE THERAPY              ,NJ,07631-0000,Proprietary  ,1,13,14,44,192,236
03424500,NEW COMMUNITY WORKFORCE DEVELOPMENT     ,NJ,07103-2402,Private      ,1,6,7,41,554,595
03530300,"KEY SKILLS LEARNING, INC.               ",NJ,07013-1900,Proprietary  ,0,10,10,0,76,76
03536300,INSTITUTE FOR THERAPEUTIC MASSAGE       ,NJ,07420-1452,Proprietary  ,2,11,13,32,196,228
03574400,CORTIVA INSTITUTE - SOMERSET SCHOOL OF M,NJ,08854-3908,Proprietary  ,0,3,3,40,148,188
03625300,PERFORMANCE TRAINING INSTITUTE          ,NJ,08753-0000,Proprietary  ,2,83,85,11,319,330
03637300,METRO AUTO ELECTRONICS TRAINING INSTITUT,NJ,07033-1798,Proprietary  ,3,4,7,39,125,164
03650600,PC AGE                                  ,NJ,07306-3936,Proprietary  ,2,17,19,43,260,303
03650603,PC AGE                                  ,NJ,08817-2842,Proprietary  ,1,2,3,2,35,37
03666300,SOMERSET CHRISTIAN COLLEGE              ,NJ,08890-9035,Private      ,1,17,18,62,363,425
03769300,PC TECH LEARNING CENTER                 ,NJ,07306-9900,Proprietary  ,0,5,5,26,217,243
03803300,HEALTHCARE TRAINING INSTITUTE           ,NJ,07083-3504,Proprietary  ,0,5,5,49,334,383
03811300,EASTERN SCHOOL OF ACUPUNCTURE AND TRADIT,NJ,07042-3562,Proprietary  ,0,3,3,2,70,72
04081300,BAIS MEDRASH TORAS CHESED               ,NJ,08701-0000,Private      ,3,1,4,26,4,30
04123400,YESHIVAS BE'ER YITZCHOK                 ,NJ,07208-2380,Private      ,2,1,3,7,22,29
04125000,GENTLE HEALING SCHOOL OF MASSAGE        ,NJ,08512-3600,Proprietary  ,0,1,1,3,39,42
04131100,YESHIVA TORAS CHAIM                     ,NJ,08701-2120,Private      ,2,0,2,104,0,104
04131200,TOTAL IMAGE BEAUTY ACADEMY              ,NJ,07307-2943,Proprietary  ,0,0,0,5,37,42
04134100,CENTER FOR ALLIED HEALTH & NURSING EDUCA,NJ,07601-5801,Proprietary  ,7,78,85,97,804,901
04136400,AMERICAN INSTITUTE OF MEDICAL SCIENCES &,NJ,07080-1183,Proprietary  ,0,2,2,24,183,207
04154900,NATIONAL CAREER INSTITUTE               ,NJ,07018-2011,Proprietary  ,3,37,40,12,121,133
        ,BROOKLYN LAW SCHOOL                     ,NY,11201-0000,Private      ,0,0,0,2,82,84
00266500,VAUGHN COLLEGE OF AERONAUTICS AND TECHNO,NY,11369-9997,Private      ,5,6,11,964,709,1673
00266600,ADELPHI UNIVERSITY                      ,NY,11530-4299,Private      ,12,25,37,7724,4838,12562
00266700,DOWLING COLLEGE                         ,NY,11769-1999,Private      ,5,25,30,2665,2421,5086
00266800,ALFRED UNIVERSITY                       ,NY,14802-1205,Private      ,3,12,15,3200,646,3846
00266900,BANK STREET COLLEGE OF EDUCATION        ,NY,10025-0000,Private      ,0,10,10,12,1002,1014
00267100,BARD COLLEGE                            ,NY,12504-5000,Private      ,1,2,3,2778,665,3443
00267400,NEW YORK THEOLOGICAL SEMINARY           ,NY,10115-0002,Private      ,0,12,12,0,102,102
00267700,BROOKLYN LAW SCHOOL                     ,NY,11201-0000,Private      ,0,35,35,44,3719,3763
00267800,BRYANT & STRATTON COLLEGE               ,NY,14203-1713,Proprietary  ,43,384,427,2592,11537,14129
00267803,BRYANT & STRATTON COLLEGE - GREECE      ,NY,14606-4227,Proprietary  ,4,18,22,336,1202,1538
00267805,BRYANT & STRATTON COLLEGE - SYRACUSE    ,NY,13203-2502,Proprietary  ,4,16,20,764,1721,2485
00267807,BRYANT & STRATTON COLLEGE - ALBANY      ,NY,12205-5230,Proprietary  ,9,32,41,313,1016,1329
00268100,CANISIUS COLLEGE                        ,NY,14208-1098,Private      ,3,22,25,4619,1733,6352
00268300,SEMINARY OF THE IMMACULATE CONCEPT      ,NY,11743-0000,Private      ,0,0,0,1,0,1
00268500,CAZENOVIA COLLEGE                       ,NY,13035-1085,Private      ,3,1,4,1800,165,1965
00268700,CUNY-BROOKLYN COLLEGE                   ,NY,11210-2814,Public       ,107,66,173,14881,10665,25546
00268800,CITY COLLEGE-CUNY                       ,NY,10031-9198,Public       ,42,62,104,17406,8762,26168
00268900,CUNY-HUNTER COLLEGE                     ,NY,10021-0000,Public       ,87,92,179,23899,14492,38391
00269000,QUEENS COLLEGE-CUNY                     ,NY,11367-1597,Public       ,66,69,135,14834,8549,23383
00269100,CUNY- BOROUGH OF MANHATTAN CMTY CLG     ,NY,10007-1047,Public       ,86,94,180,19867,13925,33792
00269200,CUNY BRONX COMMUNITY COLLEGE            ,NY,10453-3102,Public       ,25,35,60,9511,8679,18190
00269300,CUNY-JOHN JAY CLG CRIMINAL JUSTICE      ,NY,10019-1093,Public       ,53,45,98,13733,7128,20861
00269400,KINGSBOROUGH COMMUNITY COLLEGE          ,NY,11235-2398,Public       ,82,52,134,11263,6772,18035
00269600,NY CITY COLLEGE OF TECHNOLOGY-CUNY      ,NY,11201-2983,Public       ,56,47,103,13384,7843,21227
00269700,QUEENSBOROUGH COMMUNITY COLLEGE         ,NY,11364-1497,Public       ,62,44,106,10308,5420,15728
00269800,CUNY THE COLLEGE OF STATEN ISLAND       ,NY,10314-6600,Public       ,35,38,73,9945,4637,14582
00269900,CLARKSON UNIVERSITY                     ,NY,13699-5615,Private      ,1,0,1,4386,362,4748
00270000,COLGATE ROCHESTER CROZER DIVINITY S     ,NY,14620-0000,Private      ,0,1,1,1,82,83
00270100,COLGATE UNIVERSITY                      ,NY,13346-1386,Private      ,0,1,1,4384,78,4462
00270300,COLLEGE OF MOUNT SAINT VINCENT          ,NY,10471-1093,Private      ,2,6,8,2148,469,2617
00270400,COLLEGE OF NEW ROCHELLE                 ,NY,10805-2339,Private      ,3,27,30,1024,5330,6354
00270500,COLLEGE OF SAINT ROSE                   ,NY,12203-1490,Private      ,6,21,27,4397,2381,6778
00270700,COLUMBIA UNIVERSITY                     ,NY,10027-0000,Private      ,6,31,37,5586,4062,9648
00270701,COLUMBIA UNIV ARCHITECTURE              ,NY,10027-0000,Private      ,0,2,2,52,820,872
00270702,COLUMBIA UNIV SCHOOL OF THE ARTS        ,NY,10027-0000,Private      ,0,1,1,107,1431,1538
00270703,COLUMBIA UNIV BUSINESS GRAD             ,NY,10027-0000,Private      ,0,11,11,25,1710,1735
00270704,COLUMBIA UNIV SCHOOL ENGIN-UNDERGRA     ,NY,10027-0000,Private      ,0,2,2,2204,95,2299
00270705,COLUMBIA UNIV SCHOOL GENERAL STUDIE     ,NY,10027-0000,Private      ,1,6,7,485,1317,1802
00270706,COLUMBIA UNIV GRAD SCHL ARTS & SCI      ,NY,10027-0000,Private      ,0,11,11,36,2044,2080
00270707,COLUMBIA UNIV SCH INTL PUB AFFAIRS      ,NY,10027-0000,Private      ,0,7,7,18,1495,1513
00270708,COLUMBIA UNIV JOURNALISM GRAD           ,NY,10027-0000,Private      ,0,7,7,22,709,731
00270710,COLUMBIA UNIV COLUMBIA COLLEGE          ,NY,10027-0000,Private      ,3,5,8,8918,377,9295
00270711,COLUMBIA UNIV SCHOOL OF LAW             ,NY,10027-0000,Private      ,0,3,3,35,4509,4544
00270712,COLUMBIA UNIV SOCIAL WORK               ,NY,10025-0000,Private      ,0,1,1,14,1097,1111
00270713,COLUMBIA UNIV SCHL DENT & ORAL SURG     ,NY,10032-0000,Private      ,0,0,0,5,406,411
00270714,COLUMBIA UNIV INST HUMAN NUTRITION      ,NY,10032-0000,Private      ,0,0,0,3,74,77
00270715,COLUMBIA UNIV NURSING                   ,NY,10032-0000,Private      ,0,3,3,122,899,1021
00270716,COLUMBIA UNIV COLL PHYS & SURGEONS      ,NY,10032-0000,Private      ,0,1,1,29,1171,1200
00270717,COLUMBIA UNIV PHYSICAL THERAPY          ,NY,10032-0000,Private      ,0,0,0,9,146,155
00270718,COLUMBIA UNIV OCCUPATIONAL THERAPY      ,NY,10032-0000,Private      ,0,0,0,4,104,108
00270719,COLUMBIA UNIV PUBLIC HEALTH             ,NY,10032-0000,Private      ,0,2,2,10,1062,1072
00270720,COLUMBIA UNIV - ENGINEERING (GRAD)      ,NY,10027-0000,Private      ,0,1,1,70,427,497
00270721,COLUMBIA UNIV-CONT ED & SP PROGMS       ,NY,10027-0000,Private      ,2,15,17,15,490,505
00270800,BARNARD COLLEGE-COLUMBIA UNIV           ,NY,10027-6598,Private      ,0,1,1,3708,191,3899
00270900,CONCORDIA COLLEGE                       ,NY,10708-1998,Private      ,1,2,3,758,329,1087
00271000,COOPER UNION                            ,NY,10003-7120,Private      ,5,1,6,1705,218,1923
00271100,CORNELL UNIVERSITY                      ,NY,14853-2801,Private      ,16,44,60,25448,6493,31941
00271101,WEILL CORNELL MEDICAL COLLEGE AND GRADUA,NY,10021-0000,Private      ,0,8,8,26,870,896
00271200,D'YOUVILLE COLLEGE                      ,NY,14201-1084,Private      ,7,8,15,1629,1731,3360
00271300,DOMINICAN COLLEGE                       ,NY,10962-1299,Private      ,4,21,25,1653,987,2640
00271800,ELMIRA COLLEGE                          ,NY,14901-2099,Private      ,2,8,10,2080,638,2718
00272200,FORDHAM UNIVERSITY                      ,NY,10458-5157,Private      ,41,78,119,19742,10318,30060
00272600,GENERAL THEOLOGICAL SEMINARY            ,NY,10011-0000,Private      ,0,0,0,1,112,113
00272800,HAMILTON COLLEGE                        ,NY,13323-1218,Private      ,0,0,0,2759,49,2808
00272900,HARTWICK COLLEGE                        ,NY,13820-4020,Private      ,4,2,6,2553,96,2649
00273100,HOBART & WILLIAM SMITH COLLEGES         ,NY,14456-3397,Private      ,0,0,0,3684,67,3751
00273200,HOFSTRA UNIVERSITY                      ,NY,11549-1010,Private      ,24,20,44,16693,6723,23416
00273400,HOUGHTON COLLEGE                        ,NY,14744-0128,Private      ,4,6,10,1616,237,1853
00273500,HILBERT COLLEGE                         ,NY,14075-1597,Private      ,1,1,2,968,354,1322
00273700,IONA COLLEGE                            ,NY,10801-1890,Private      ,5,11,16,6909,1282,8191
00273900,ITHACA COLLEGE                          ,NY,14850-7130,Private      ,2,1,3,12380,868,13248
00274000,JEWISH THEOLOGICAL SEMINARY OF AMER     ,NY,10027-4649,Private      ,1,1,2,121,176,297
00274200,THE JUILLIARD SCHOOL                    ,NY,10023-6588,Private      ,1,0,1,1148,586,1734
00274400,KEUKA COLLEGE                           ,NY,14478-0000,Private      ,2,20,22,1309,1214,2523
00274800,LEMOYNE COLLEGE                         ,NY,13214-1399,Private      ,4,11,15,4427,1088,5515
00274900,NEW YORK COLLEGE OF PODIATRIC MED       ,NY,10035-0000,Private      ,0,2,2,54,418,472
00275100,LONG ISLAND UNIVERSITY                  ,NY,11548-1326,Private      ,28,116,144,11694,11109,22803
00275101,LONG ISLAND UNIVERSITY - BRENTWOOD CAMPU,NY,11717-5326,Private      ,0,0,0,0,7,7
00275102,LONG ISLAND UNIVERSITY - ROCKLAND CAMPUS,NY,10962-0000,Private      ,0,0,0,1,7,8
00275104,LONG ISLAND UNIVERSITY - NEW YORK UNIVER,NY,10011-0000,Private      ,0,0,0,3,5,8
00275105,LONG ISLAND UNIVERSITY - WEST POINT CAMP,NY,10966-0000,Private      ,0,0,0,3,0,3
00275106,LONG ISLAND UNIVERSITY - JEWISH BOARD OF,NY,10019-0000,Private      ,0,0,0,0,1,1
00275107,LONG ISLAND UNIVERSITY - QUEENS DISTRICT,NY,11364-0000,Private      ,0,0,0,0,1,1
00275110,LONG ISLAND UNIVERSITY - WESTBURY SENIOR,NY,11568-1619,Private      ,0,0,0,4,3,7
00275111,LONG ISLAND UNIVERSITY - BABYLON SENIOR ,NY,11702-2222,Private      ,0,0,0,0,1,1
00275115,LONG ISLAND UNIVERSITY - SOUTHAMPTON COL,NY,11968-4198,Private      ,0,0,0,0,3,3
00275116,LONG ISLAND UNIVERSITY - BROOKLYN       ,NY,11201-8423,Private      ,0,0,0,41,95,136
00275800,MANHATTAN COLLEGE                       ,NY,10471-4098,Private      ,8,7,15,5340,548,5888
00275900,MANHATTAN SCHOOL OF MUSIC               ,NY,10027-4698,Private      ,1,1,2,668,718,1386
00276000,MANHATTANVILLE COLLEGE                  ,NY,10577-2132,Private      ,3,17,20,2921,1150,4071
00276300,MARIA COLLEGE                           ,NY,12208-1798,Private      ,2,12,14,216,832,1048
00276500,MARIST COLLEGE                          ,NY,12601-1387,Private      ,4,28,32,9542,1293,10835
00276900,MARYMOUNT MANHATTAN COLLEGE             ,NY,10021-4597,Private      ,5,1,6,3306,360,3666
00277200,MERCY COLLEGE                           ,NY,10522-1189,Private      ,26,245,271,3755,7781,11536
00277500,MOLLOY COLLEGE                          ,NY,11570-1100,Private      ,8,15,23,2772,1949,4721
00277700,MEDAILLE COLLEGE                        ,NY,14214-2695,Private      ,4,21,25,1617,1515,3132
00277800,MOUNT SAINT MARY COLLEGE                ,NY,12550-3494,Private      ,3,10,13,2796,1199,3995
00277900,NAZARETH COLLEGE OF ROCHESTER           ,NY,14618-3790,Private      ,1,6,7,3096,1645,4741
00278200,NEW YORK INSTITUTE OF TECHNOLOGY        ,NY,11568-8000,Private      ,18,26,44,5008,3346,8354
00278202,NY INSTITUTE OF TECHNOLOGY-OSTEOPATHIC M,NY,11568-0000,Private      ,0,1,1,108,1127,1235
00278300,NEW YORK LAW SCHOOL                     ,NY,10013-0000,Private      ,0,5,5,36,3491,3527
00278400,NEW YORK MEDICAL COLLEGE                ,NY,10595-0000,Private      ,0,3,3,18,2225,2243
00278500,NEW YORK UNIVERSITY                     ,NY,10012-1091,Private      ,28,143,171,34713,29580,64293
00278800,NIAGARA UNIVERSITY                      ,NY,14109-2010,Private      ,5,7,12,3818,879,4697
00279000,NYACK COLLEGE                           ,NY,10960-3698,Private      ,3,48,51,1435,2371,3806
00279100,PACE UNIVERSITY - NEW YORK              ,NY,10038-1598,Private      ,10,37,47,8115,3548,11663
00279101,PACE UNIVERSITY-PLEASANTVILLE           ,NY,10570-0000,Private      ,2,9,11,3456,1203,4659
00279102,PACE UNIVERSITY - WHITE PLAINS          ,NY,10603-0000,Private      ,0,17,17,320,2332,2652
00279500,PAUL SMITHS CLG OF ARTS & SCIENCES      ,NY,12970-0000,Private      ,0,0,0,1152,155,1307
00279600,POLYTECHNIC INTSTITUTE OF NEW YORK UNIV ,NY,11201-3840,Private      ,3,6,9,2239,1035,3274
00279800,PRATT INSTITUTE                         ,NY,11205-3899,Private      ,10,4,14,4717,2876,7593
00280300,RENSSELAER POLYTECHNIC INSTITUTE        ,NY,12180-3590,Private      ,4,6,10,10258,724,10982
00280500,ROBERTS WESLEYAN COLLEGE                ,NY,14624-1997,Private      ,2,38,40,1481,1287,2768
00280600,ROCHESTER INSTITUTE OF TECHNOLOGY       ,NY,14623-5608,Private      ,19,24,43,14347,3189,17536
00280700,ROCKEFELLER UNIVERSITY                  ,NY,10021-0000,Private      ,0,0,0,9,22,31
00280800,DAEMEN COLLEGE                          ,NY,14226-3592,Private      ,3,12,15,2083,1040,3123
00281000,THE SAGE COLLEGES                       ,NY,12180-4199,Private      ,1,12,13,1506,1893,3399
00281200,TROCAIRE COLLEGE                        ,NY,14220-2094,Private      ,12,27,39,564,1421,1985
00281300,SARAH LAWRENCE COLLEGE                  ,NY,10708-5999,Private      ,0,0,0,2007,764,2771
00281400,SKIDMORE COLLEGE                        ,NY,12866-1632,Private      ,2,2,4,4018,145,4163
00281401,SKIDMORE COLL-UNIV WITHOUT WALLS        ,NY,12866-0000,Private      ,0,0,0,26,16,42
00281500,ST BERNARDS SCH THEOLOGY & MINISTRY     ,NY,14618-3822,Private      ,0,0,0,1,42,43
00281600,SIENA COLLEGE                           ,NY,12211-1462,Private      ,3,0,3,5940,262,6202
00281700,ST BONAVENTURE UNIVERSITY               ,NY,14778-2284,Private      ,0,3,3,2530,583,3113
00282000,ST FRANCIS COLLEGE                      ,NY,11201-4398,Private      ,7,6,13,2364,594,2958
00282100,ST JOHN FISHER COLLEGE                  ,NY,14618-3597,Private      ,1,14,15,4432,1839,6271
00282200,CHRIST THE KING SEMINARY                ,NY,14052-0607,Private      ,0,0,0,1,8,9
00282300,ST JOHN'S UNIVERSITY                    ,NY,11439-1343,Private      ,34,22,56,23622,7030,30652
00282500,ST JOSEPH'S COLLEGE                     ,NY,11205-3688,Private      ,3,7,10,1106,741,1847
00282501,ST JOSEPH'S COLLEGE-SUFFOLK CAMPUS      ,NY,11772-0000,Private      ,9,11,20,3218,1415,4633
00282600,ST JOSEPH'S SEMINARY                    ,NY,10704-0000,Private      ,0,0,0,1,0,1
00282900,ST LAWRENCE UNIVERSITY                  ,NY,13617-1455,Private      ,1,0,1,2905,136,3041
00283200,ST THOMAS AQUINAS COLLEGE               ,NY,10976-1050,Private      ,5,3,8,1843,388,2231
00283300,ST VLADIMIR ORTHODOX THEOL SEM          ,NY,10707-0000,Private      ,0,0,0,0,58,58
00283400,EXCELSIOR COLLEGE                       ,NY,12203-5159,Private      ,10,263,273,244,6895,7139
00283500,SUNY AT ALBANY                          ,NY,12222-0001,Public       ,34,32,66,21160,5697,26857
00283600,BINGHAMTON UNIVERSITY (SUNY)            ,NY,13902-6000,Public       ,26,19,45,24136,3084,27220
00283700,SUNY AT BUFFALO                         ,NY,14260-0001,Public       ,31,32,63,22774,10376,33150
00283800,SUNY AT STONY BROOK                     ,NY,11794-0001,Public       ,61,58,119,24527,7911,32438
00283900,SUNY-DOWNSTATE MEDICAL CENTER           ,NY,11203-2098,Public       ,1,10,11,140,1991,2131
00284000,SUNY UPSTATE MEDICAL UNIVERSITY         ,NY,13210-2375,Public       ,0,3,3,183,1294,1477
00284100,SUNY BROCKPORT - FIN AID OFF            ,NY,14420-2914,Public       ,11,28,39,9147,3129,12276
00284200,BUFFALO STATE COLLEGE - SUNY            ,NY,14222-1095,Public       ,27,67,94,12006,5616,17622
00284300,SUNY COLLEGE-CORTLAND                   ,NY,13045-0900,Public       ,10,7,17,11258,1874,13132
00284400,SUNY AT FREDONIA                        ,NY,14063-1145,Public       ,7,6,13,7467,1079,8546
00284500,SUNY GENESEO                            ,NY,14454-1401,Public       ,5,3,8,9733,564,10297
00284600,SUNY COLLEGE-NEW PALTZ                  ,NY,12561-2499,Public       ,9,10,19,12058,2395,14453
00284700,SUNY COLLEGE-ONEONTA                    ,NY,13820-4015,Public       ,5,8,13,10527,830,11357
00284800,SUNY OSWEGO                             ,NY,13126-3599,Public       ,11,11,22,10329,2398,12727
00284900,SUNY COLLEGE AT PLATTSBURGH             ,NY,12901-2681,Public       ,12,11,23,7014,1523,8537
00285000,SUNY COLLEGE-POTSDAM                    ,NY,13676-2294,Public       ,7,11,18,4935,1098,6033
00285100,SUNY COLLEGE OF ENVIRONMENT SCIENCE AND ,NY,13210-2778,Public       ,1,2,3,2043,559,2602
00285300,SUNY MARITIME COLLEGE                   ,NY,10465-4198,Public       ,5,2,7,1461,324,1785
00285400,SUNY COLLEGE OF TECHNOLOGY-ALFRED       ,NY,14802-9951,Public       ,10,5,15,3848,941,4789
00285500,SUNY CANTON COLG OF TECHNOLOGY          ,NY,13617-1098,Public       ,6,9,15,2909,1511,4420
00285600,SUNY AG & TECH COLLEGE-COBLESKILL       ,NY,12043-9986,Public       ,11,1,12,3161,546,3707
00285700,SUNY DELHI                              ,NY,13753-1190,Public       ,8,3,11,3524,909,4433
00285800,SUNY FARMINGDALE                        ,NY,11735-1021,Public       ,23,15,38,5812,2180,7992
00285900,SUNY COLLEGE OF AG & TECH AT MORRISVILLE,NY,13408-0901,Public       ,10,7,17,3671,1269,4940
00286000,ADIRONDACK COMMUNITY COLLEGE            ,NY,12804-2004,Public       ,9,14,23,2092,1719,3811
00286100,CAYUGA COMMUNITY COLLEGE                ,NY,13021-3099,Public       ,10,77,87,1953,2514,4467
00286200,BROOME COMMUNITY COLLEGE                ,NY,13902-0000,Public       ,20,39,59,3609,2932,6541
00286300,CORNING COMMUNITY COLLEGE               ,NY,14830-3297,Public       ,17,44,61,2053,2599,4652
00286400,DUTCHESS COMMUNITY COLLEGE              ,NY,12601-1595,Public       ,45,49,94,3492,2652,6144
00286600,FASHION INSTITUTE OF TECHNOLOGY         ,NY,10001-5992,Public       ,18,24,42,7667,3486,11153
00286700,SUNY FULTON MONTGOMERY COMM CLG         ,NY,12095-3790,Public       ,2,10,12,1528,1243,2771
00286800,HUDSON VALLEY COMMUNITY COLLEGE         ,NY,12180-6096,Public       ,30,35,65,7212,4995,12207
00286900,JAMESTOWN COMMUNITY COLLEGE             ,NY,14702-0020,Public       ,7,11,18,2699,2350,5049
00287000,JEFFERSON COMMUNITY COLLEGE             ,NY,13601-1897,Public       ,7,85,92,1501,2130,3631
00287100,"SUNY, MOHAWK VALLEY COMMUNITY CLG       ",NY,13501-5394,Public       ,8,20,28,4354,3360,7714
00287200,MONROE COMMUNITY COLLEGE                ,NY,14623-5780,Public       ,40,70,110,10534,9808,20342
00287300,NASSAU COMMUNITY COLLEGE                ,NY,11530-6793,Public       ,103,108,211,11527,6313,17840
00287400,NIAGARA COUNTY COMMUNITY COLLEGE        ,NY,14132-9460,Public       ,13,25,38,4323,3623,7946
00287500,ONONDAGA COMMUNITY COLLEGE              ,NY,13215-4585,Public       ,28,100,128,6579,4696,11275
00287600,ORANGE COUNTY COMMUNITY COLLEGE         ,NY,10940-6441,Public       ,24,59,83,3078,2445,5523
00287700,ROCKLAND COMMUNITY COLLEGE              ,NY,10901-3611,Public       ,20,29,49,2611,2139,4750
00287800,SUFFOLK COMMUNITY COLLEGE               ,NY,11784-2899,Public       ,60,40,100,7425,3749,11174
00287801,SUFFOLK COMMUNITY CLG-W. CAMPUS         ,NY,11717-0000,Public       ,19,23,42,3518,2712,6230
00287803,SUFFOLK COMMUNITY CLG-EASTRN CAMPUS     ,NY,11901-0000,Public       ,5,4,9,1155,876,2031
00287900,SULLIVAN COUNTY COMMUNITY COLLEGE       ,NY,12759-5151,Public       ,3,2,5,1628,899,2527
00288000,ULSTER COUNTY COMMUNITY COLLEGE         ,NY,12484-0557,Public       ,3,14,17,1405,1119,2524
00288100,SUNY WESTCHESTER COMMUNITY COLLEGE      ,NY,10595-1698,Public       ,48,90,138,5431,4710,10141
00288200,SYRACUSE UNIVERSITY                     ,NY,13244-2130,Private      ,13,157,170,20546,6618,27164
00288300,UTICA COLLEGE OF SYRACUSE UNIV          ,NY,13502-4892,Private      ,4,19,23,3436,1725,5161
00288500,ALBANY COLLEGE OF PHARMACY AND HEALTH SC,NY,12208-3492,Private      ,3,0,3,1532,664,2196
00288600,ALBANY LAW SCHOOL                       ,NY,12208-0000,Private      ,1,0,1,32,1598,1630
00288700,ALBANY MEDICAL COLLEGE                  ,NY,12208-0000,Private      ,0,1,1,43,1101,1144
00288900,UNION COLLEGE                           ,NY,12308-2311,Private      ,2,0,2,3305,102,3407
00289000,UNION THEOLOGICAL SEMINARY              ,NY,10027-0000,Private      ,0,2,2,0,309,309
00289200,UNITED STATES MERCHANT MARINE ACADEMY   ,NY,11024-1699,Public       ,1,0,1,428,27,455
00289400,UNIVERSITY OF ROCHESTER                 ,NY,14627-9000,Private      ,14,63,77,7664,2020,9684
00289401,EASTMAN SCH OF MUSIC/UNIV ROCHESTER     ,NY,14604-0000,Private      ,1,7,8,732,389,1121
00289402,UNIV OF ROCHESTER SCHL OF MEDICINE      ,NY,14642-0000,Private      ,0,3,3,45,768,813
00289500,VASSAR COLLEGE                          ,NY,12604-0008,Private      ,2,0,2,5024,121,5145
00289600,VILLA MARIA COLLEGE-BUFFALO             ,NY,14225-3999,Private      ,0,2,2,490,280,770
00289900,WAGNER COLLEGE                          ,NY,10301-4495,Private      ,5,3,8,2784,442,3226
00290000,WEBB INSTITUTE                          ,NY,11542-1398,Private      ,0,0,0,54,7,61
00290100,WELLS COLLEGE                           ,NY,13026-0500,Private      ,1,1,2,1283,88,1371
00290300,YESHIVA UNIVERSITY                      ,NY,10033-3201,Private      ,6,12,18,2108,3515,5623
00290302,YESHIVA UNIVERSITY - BRONX CAMPUS       ,NY,10461-1975,Private      ,1,6,7,20,1216,1236
00397400,MESIVTHA TIFERETH JERUSALEM OF AMER     ,NY,10002-6382,Private      ,3,0,3,30,0,30
00397600,RABBINICAL ACAD MESIVTA RABBI CHAIM     ,NY,11230-4715,Private      ,5,1,6,31,3,34
00397700,RABBINICAL COLLEGE CH'SAN SOFER         ,NY,11204-1252,Private      ,0,0,0,20,25,45
00397800,RABBINICAL SEMINARY OF AMERICA          ,NY,11375-0000,Private      ,23,12,35,40,37,77
00397900,COLUMBIA UNIV TEACHERS COLLEGE          ,NY,10027-0000,Private      ,3,144,147,41,4762,4803
00405400,HEBREW UNION COL-JEWISH INST OF REL     ,NY,10012-0000,Private      ,0,0,0,0,93,93
00455301,ITT TECHNICAL INSTITUTE                 ,NY,12205-0000,Proprietary  ,7,41,48,236,700,936
00475900,"CUNY, YORK COLLEGE                      ",NY,11451-0001,Public       ,32,18,50,7826,4642,12468
00476500,CUNY GRADUATE SCH & UNIV CTR            ,NY,10016-4309,Public       ,0,28,28,79,2985,3064
00477600,CENTRAL YESHIVA TOMCHEI TMIMIM LUBA     ,NY,11230-2798,Private      ,117,7,124,489,40,529
00478800,HERKIMER COUNTY COMMUNITY COLLEGE       ,NY,13350-1598,Public       ,4,15,19,2713,1426,4139
00479800,MIRRER YESHIVA CENTRAL INST             ,NY,11223-2010,Private      ,9,4,13,96,63,159
00479900,MONROE COLLEGE                          ,NY,10468-4305,Proprietary  ,69,230,299,3977,7017,10994
00481100,EVEREST INSTITUTE                       ,NY,14621-3007,Proprietary  ,45,177,222,526,2521,3047
00506400,SAINT JAMES MERCY HOSPITAL SCHOOL OF RAD,NY,14843-2197,Private      ,0,0,0,11,23,34
00506600,FAXTON ST. LUKE'S SCHOOL OF RADIOGRAPHY ,NY,13502-4856,Private      ,0,0,0,20,19,39
00520800,THE COLLEGE OF WESTCHESTER              ,NY,10602-0000,Proprietary  ,9,41,50,992,1000,1992
00587700,ROBERT J HOCHSTIM SCHOOL OF RADIOG      ,NY,11572-1151,Private      ,1,1,2,2,9,11
00643501,ARNOT OGDEN MEDICAL CENTER              ,NY,14905-1676,Private      ,0,1,1,32,57,89
00643800,PHILLIPS BETH ISRAEL SCH OF NURSING     ,NY,10001-6354,Private      ,1,1,2,96,319,415
00644300,COCHRAN SCH NSG-ST JOHN RVSDE HOSP      ,NY,10701-1399,Private      ,0,1,1,53,395,448
00644500,CROUSE HOSP SCH OF NURSING              ,NY,13210-1690,Private      ,0,3,3,155,267,422
00644800,ELLIS HOSPITAL SCHOOL OF NURSING        ,NY,12308-0000,Private      ,1,1,2,44,147,191
00646101,ST ELIZABETH COLLEGE OF NURSING         ,NY,13501-2998,Private      ,0,0,0,109,207,316
00646102,ST ELIZABETH SCH OF RADIOGRAPHY         ,NY,13501-0000,Private      ,0,0,0,16,24,40
00646700,SAINT JOSEPH'S COLLEGE OF NURSING       ,NY,13203-1806,Private      ,1,2,3,177,262,439
00678200,GENESEE COMMUNITY COLLEGE               ,NY,14020-9704,Public       ,19,85,104,2826,2824,5650
00678500,SCHENECTADY COUNTY COMMUNITY CLG        ,NY,12305-2294,Public       ,7,22,29,2150,2185,4335
00678700,CLINTON COMMUNITY COLLEGE               ,NY,12901-5690,Public       ,7,7,14,1317,852,2169
00678800,TOMPKINS CORTLAND COMMUNITY COLLEGE     ,NY,13053-8504,Public       ,4,9,13,2701,1789,4490
00678900,COLUMBIA-GREENE COMMUNITY COLLEGE       ,NY,12534-9543,Public       ,10,20,30,1069,925,1994
00679100,SUNY AT PURCHASE                        ,NY,10577-1400,Public       ,6,3,9,6824,1068,7892
00702200,CUNY-LEHMAN COLLEGE                     ,NY,10468-1589,Public       ,26,44,70,11275,9227,20502
00702600,"MT SINAI SCH OF MEDICINE, NY UNIV       ",NY,10029-0000,Private      ,1,1,2,18,1089,1107
00710900,SUNY COLLEGE-OLD WESTBURY               ,NY,11568-0210,Public       ,16,17,33,5283,1850,7133
00711100,NORTH COUNTRY COMMUNITY COLLEGE         ,NY,12983-2046,Public       ,3,6,9,756,790,1546
00726400,MESIFTA TORAH VODAATH RABBINCAL SEM     ,NY,11218-5209,Private      ,2,4,6,27,35,62
00727300,CUNY-BERNARD BARUCH COLLEGE             ,NY,10010-5518,Public       ,56,72,128,15668,8028,23696
00730400,CULINARY INSTITUTE OF AMERICA           ,NY,12538-1499,Private      ,20,18,38,3436,1691,5127
00737200,AUSTIN'S SCHOOL OF SPA TECHNOLOGY       ,NY,12206-1513,Proprietary  ,15,32,47,210,489,699
00737500,ISLAND DRAFTING & TECHNICAL INST        ,NY,11701-2704,Proprietary  ,1,5,6,83,114,197
00738700,LONG ISLAND BEAUTY SCHOOL               ,NY,11788-4346,Proprietary  ,7,21,28,107,177,284
00738800,LONG ISLAND BEAUTY SCHOOL               ,NY,11550-3704,Proprietary  ,3,16,19,49,175,224
00739100,BEAUTY SCHOOL OF MIDDLETOWN             ,NY,10940-6574,Proprietary  ,2,5,7,36,89,125
00739400,BERKELEY COLLEGE                        ,NY,10017-0000,Proprietary  ,10,21,31,2791,3322,6113
00739402,BERKELEY COLLEGE-WESTCHESTER CAMPUS     ,NY,10601-1533,Proprietary  ,3,3,6,850,455,1305
00739800,KATHARINE GIBBS SCHOOL                  ,NY,10018-2602,Proprietary  ,0,0,0,109,212,321
00740100,MANDL SCHOOL                            ,NY,10019-5516,Proprietary  ,14,87,101,177,859,1036
00740500,WOOD TOBE-COBURN SCHOOL                 ,NY,10016-0102,Proprietary  ,0,0,0,615,150,765
00746500,AMERICAN ACADEMY OF DRAMATIC ARTS       ,NY,10016-7089,Private      ,2,1,3,409,176,585
00746600,LIM COLLEGE                             ,NY,10022-5268,Proprietary  ,6,3,9,1710,240,1950
00746800,SCHOOL OF VISUAL ARTS                   ,NY,10010-3994,Proprietary  ,6,0,6,3916,1614,5530
00750602,LINCOLN TECHNICAL INSTITUTE             ,NY,11357-6092,Proprietary  ,42,42,84,648,454,1102
00751800,APEX TECHNICAL SCHOOL                   ,NY,10011-2008,Proprietary  ,99,226,325,1153,2841,3994
00752200,CONTINENTAL SCH OF BEAUTY CULTURE       ,NY,14623-3231,Proprietary  ,43,125,168,261,719,980
00753200,FINGER LAKES COMMUNITY COLLEGE          ,NY,14424-8395,Public       ,15,36,51,3553,2555,6108
00757200,AMERICAN MUSICAL AND DRAMATIC ACAD      ,NY,10023-2106,Private      ,5,0,5,1729,321,2050
00757300,EMPIRE BEAUTY SCHOOL                    ,NY,11103-4028,Proprietary  ,11,42,53,106,292,398
00780400,STAR CAREER ACADEMY                     ,NY,10011-7307,Proprietary  ,26,145,171,242,998,1240
00818900,CONTINENTAL SCHOOL OF BEAUTY CULTURE - B,NY,14224-3402,Proprietary  ,0,0,0,10,24,34
00818902,CONTINENTAL SCHOOL OF BEAUTY CULTURE  - ,NY,14224-3402,Proprietary  ,0,0,0,3,2,5
00843700,CHAMPLAIN VALLEY - TEC/PRN              ,NY,12901-0000,Public       ,0,0,0,19,45,64
00849500,JAMESTOWN BUSINESS COLLEGE              ,NY,14702-0429,Proprietary  ,1,13,14,158,406,564
00861100,"CUNY, HOSTOS CMTY COLLEGE               ",NY,10451-1499,Public       ,20,24,44,4891,5622,10513
00861400,RABBINICAL CLG BOBOVER YESHIVA BNEI     ,NY,11219-3293,Private      ,25,17,42,155,51,206
00861700,RABBINICAL SEM MKOR CHAIM-YESHIVA       ,NY,11219-4300,Private      ,4,0,4,24,1,25
00878800,SUNY-STUDENT LOAN SERVICE CENTER        ,NY,12144-3440,Public       ,1,0,1,13,7,20
00900300,OLEAN BUSINESS INSTITUTE INC            ,NY,14760-2691,Proprietary  ,0,2,2,25,93,118
00902900,NEIGHBORHOOD PLAYHOUSE                  ,NY,10022-5017,Private      ,0,0,0,25,37,62
00904300,ELMIRA BUSINESS INSTITUTE               ,NY,14901-2731,Proprietary  ,6,63,69,157,1103,1260
00907700,UTICA SCHOOL OF COMMERCE                ,NY,13501-2280,Proprietary  ,1,4,5,181,554,735
00924800,SAMARITAN HOSPITAL SCH NURSING          ,NY,12180-2475,Private      ,1,1,2,47,197,244
00928300,MIDWAY-PARIS BEAUTY SCHOOL              ,NY,11385-3453,Proprietary  ,1,21,22,31,142,173
00928400,LEARNING INST FOR BEAUTY SCIENCES       ,NY,11756-1345,Proprietary  ,11,41,52,130,336,466
00933500,MESIVTA EASTERN PKWY RABBINICAL CLG     ,NY,11218-5559,Private      ,2,0,2,24,6,30
00947900,SAINT VINCENTS CMC SI NURSING SCHOOL    ,NY,10304-3850,Proprietary  ,3,2,5,83,185,268
00976900,METROPOLITAN COLLEGE OF NEW YORK        ,NY,10013-1919,Private      ,3,13,16,216,1786,2002
00992900,SUNY COLLEGE OF OPTOMETRY               ,NY,10036-8003,Public       ,0,1,1,24,351,375
01005100,LA GUARDIA CMTY COLLEGE - CUNY          ,NY,11101-3083,Public       ,58,60,118,10565,8759,19324
01005200,JEFFERSON-LEWIS BOCES PRAC NRSGPRG      ,NY,13601-9509,Public       ,0,0,0,27,122,149
01009700,CUNY-MEDGAR W EVERS COLLEGE             ,NY,11225-2010,Public       ,22,27,49,4950,5857,10807
01014200,TOURO COLLEGE                           ,NY,10010-4202,Private      ,50,100,150,3788,12891,16679
01014700,WESTERN SUFFOLK BOCES                   ,NY,11768-3499,Public       ,1,6,7,81,351,432
01015300,HELENE FULD COL OF NRSNG/N GEN HOSP     ,NY,10035-0000,Private      ,0,36,36,29,597,626
01028600,EMPIRE STATE COLLEGE                    ,NY,12866-4391,Public       ,5,119,124,844,12280,13124
01037800,RABBINICAL COLLEGE OF LONG ISLAND       ,NY,11561-3244,Private      ,2,0,2,48,1,49
01054900,KEHILATH YAKOV RABBINICAL SEMINARY      ,NY,10562-1001,Private      ,17,24,41,57,34,91
01055100,NEW YORK SCH MED & DENTAL ASSISTANT     ,NY,11101-2327,Proprietary  ,4,15,19,188,450,638
01064100,SOUTHERN WESTCHESTER BOCES              ,NY,10543-0000,Public       ,1,3,4,19,151,170
01068400,ERIE COMMUNITY COLLEGE-ALL CAMPUSES     ,NY,14203-2698,Public       ,35,69,104,8527,8159,16686
01081300,AMERICAN ACAD MCALLISTER INST           ,NY,10019-3604,Private      ,1,5,6,80,346,426
01083700,SIMMONS INST OF FUNERAL SERVICE         ,NY,13207-2098,Proprietary  ,0,0,0,35,38,73
01093000,SUBURBAN TECHNICAL SCHOOL               ,NY,11550-3771,Proprietary  ,25,197,222,303,1288,1591
01094300,RABBINICAL COLLEGE BETH SHRAGA          ,NY,10952-3033,Private      ,0,0,0,16,0,16
01095200,PNW BOCES LPN PROGRAM                   ,NY,10598-0000,Public       ,0,0,0,11,91,102
01103100,TECHNICAL CAREER INSTITUTE              ,NY,10001-2789,Proprietary  ,104,237,341,2769,5538,8307
01118900,UNITED TALMUDICAL SEMINARY              ,NY,11211-7984,Private      ,66,112,178,661,595,1256
01119200,BETH HAMEDRASH SHAAREI YOSHER INST      ,NY,11204-1052,Private      ,4,4,8,4,4,8
01161400,CHAMPLAIN VALLEY HOSP SCH RAD TECH      ,NY,12901-1490,Private      ,0,0,0,23,11,34
01161700,NEW YORK METHODIST HOSPITAL             ,NY,11229-9023,Private      ,0,4,4,67,169,236
01164700,SBI CAMPUS - AN AFFILIATE OF SANFORD-BRO,NY,11747-3785,Proprietary  ,15,45,60,386,711,1097
01167000,YESHIVA OF NITRA RABBINICAL COLLEGE     ,NY,11211-7108,Private      ,44,12,56,124,27,151
01167700,MEMORIAL SLOAN KETTERING CANCER CTR     ,NY,10021-6094,Private      ,0,0,0,1,25,26
01167800,SUNY INST OF TECHNOLOGY UTICA ROME      ,NY,13504-3050,Public       ,2,7,9,1693,1264,2957
01182100,YESHIVATH ZICHRON MOSHE                 ,NY,12779-0580,Private      ,13,0,13,102,3,105
01183000,BERK TRADE AND BUSINESS SCHOOL          ,NY,11101-0000,Proprietary  ,1,10,11,49,211,260
01185900,WORD OF LIFE BIBLE INSTITUTE            ,NY,12860-0129,Private      ,2,2,4,515,84,599
01186000,MERCY MED CNTR SCHL OF RADIOGRAPHY      ,NY,11570-1098,Private      ,0,0,0,6,15,21
01192100,WESTCHESTER SCH OF BEAUTY CULTURE       ,NY,10550-2295,Proprietary  ,0,12,12,16,116,132
01192200,BETH HATALMUD RABBINICAL CLG            ,NY,11214-2594,Private      ,5,0,5,45,1,46
01198400,OHR HAMEIR THEOLOGICAL SEMINARY         ,NY,10566-0990,Private      ,16,0,16,68,2,70
01201100,TALMUDICAL SEM OHOLEI TORAH             ,NY,11213-3310,Private      ,28,0,28,225,1,226
01207200,PHILLIPS HAIRSTYLING INSTITUTE          ,NY,13210-1509,Proprietary  ,0,6,6,41,137,178
01210700,INSTITUTE OF DESIGN & CONSTRUCTION      ,NY,11201-5380,Private      ,0,2,2,49,165,214
01220300,MEMORIAL HOSPITAL SCH OF NURSING        ,NY,12204-1083,Private      ,0,2,2,36,152,188
01227700,NEW YORK CHIROPRACTIC COLLEGE           ,NY,13148-0800,Private      ,1,0,1,21,730,751
01229300,VEEB NASSAU CNTY SCHL OF PRACT NURS     ,NY,11553-3037,Public       ,0,1,1,53,210,263
01235800,PLAZA COLLEGE                           ,NY,11372-6300,Proprietary  ,27,72,99,557,1285,1842
01236400,SAINT VINCENTS CATHOLIC MEDICAL CENTERS ,NY,11354-0000,Proprietary  ,0,0,0,53,222,275
01240700,SCHUYLER-CHEMUNG-TIOGA BOCES            ,NY,14903-1089,Public       ,0,0,0,28,161,189
01240701,STEUBEN SCHUYLER CHEMUNG TIOGA ALLEGANY ,NY,14870-9518,Public       ,0,0,0,1,2,3
01256100,FIVE TOWNS COLLEGE                      ,NY,11746-5871,Proprietary  ,6,6,12,1433,324,1757
01258900,ERIE 1 BOCES                            ,NY,14224-0000,Public       ,0,1,1,78,296,374
01265200,ONONDAGA CORTLAND MADISON BOCES         ,NY,13090-4500,Public       ,0,2,2,197,1034,1231
01278300,OSWEGO COUNTY BOCES ADULT CAREERS       ,NY,13114-4498,Public       ,0,0,0,35,138,173
01292700,CENTRAL TECH NURSING PROGRAM            ,NY,13202-3092,Public       ,0,0,0,15,80,95
01302600,MACHZIKEI HADATH RABBINICAL COLLEGE     ,NY,11204-1805,Private      ,26,23,49,42,45,87
01302700,YESHIVATH VIZNITZ                       ,NY,10952-3021,Private      ,165,155,320,166,155,321
01302900,BORICUA COLLEGE                         ,NY,10032-1599,Private      ,0,5,5,407,1222,1629
02056400,CAPRI COSMETOLOGY LEARNING CENTER       ,NY,10954-0000,Proprietary  ,6,14,20,89,219,308
02066200,THE NEW SCHOOL                          ,NY,10011-0000,Private      ,14,46,60,5438,6190,11628
02069000,NEW YORK SCHOOL OF INTERIOR DESIGN      ,NY,10021-0000,Private      ,0,1,1,207,356,563
02075700,BRIARCLIFFE COLLEGE                     ,NY,11714-0000,Proprietary  ,1,5,6,970,805,1775
02075702,BRIARCLIFFE COLLEGE - PATCHOGUE         ,NY,11772-3019,Proprietary  ,0,3,3,676,635,1311
02092400,RIDLEY-LOWELL SCHOOL OF BUSINESS        ,NY,13905-0000,Proprietary  ,1,20,21,43,358,401
02093700,LONG ISLAND BUSINESS INSTITUTE          ,NY,11725-0000,Proprietary  ,62,122,184,593,1301,1894
02093701,LONG ISLAND BUSINESS INSTITUTE - FLUSHIN,NY,11354-4429,Proprietary  ,0,0,0,31,49,80
02098400,HERKIMER COUNTY BOCES                   ,NY,13350-0000,Public       ,0,0,0,42,140,182
02104300,OTSEGO AREA SCHOOL OF PRAC NURSING      ,NY,12167-0000,Public       ,0,0,0,10,36,46
02105900,HAIR DESIGN INSTITUTE AT FIFTH AVE      ,NY,11220-0000,Proprietary  ,11,57,68,68,289,357
02106800,BRAMSON ORT COLLEGE                     ,NY,11375-0000,Private      ,3,1,4,445,754,1199
02110900,CATTARAUGUS/ALLEGANY BOCES              ,NY,14760-0000,Public       ,0,0,0,29,121,150
02112301,RIDLEY - LOWELL BUSINESS & TECHNICAL INS,NY,12601-3328,Proprietary  ,4,16,20,102,566,668
02116011,SANFORD-BROWN INSTITUTE - NEW YORK      ,NY,10003-2103,Proprietary  ,90,271,361,907,2484,3391
02118700,LONG ISLAND COLLEGE HOSPITAL - SCHOOL OF,NY,11201-6001,Private      ,0,2,2,68,255,323
02118702,LONG ISLAND COLLEGE HOSPITAL - SCHOOL OF,NY,11201-6001,Private      ,1,0,1,76,162,238
02124000,ORANGE ULSTER BOCES SCH OF PRAC NRS     ,NY,10924-9401,Public       ,0,2,2,30,131,161
02125500,CIRCLE IN THE SQUARE THEATRE SCHOOL     ,NY,10019-0000,Private      ,0,1,1,62,54,116
02126300,MADISON-ONEIDA BOCES PRAC NRS           ,NY,13478-0000,Public       ,1,9,10,27,194,221
02138500,BOCES RENSSELAER SCH OF PRAC NRSG       ,NY,12033-3221,Public       ,0,2,2,23,94,117
02145800,CAYUGA ONONDAGA BOCES                   ,NY,13021-9430,Public       ,0,0,0,17,86,103
02146000,WAYNE-FINGER LAKES BOCES                ,NY,14513-0000,Public       ,0,0,0,45,251,296
02152000,YESHIVA SHAAR HATORAH ITRI TORAH        ,NY,11418-0000,Private      ,10,0,10,11,0,11
02153600,BROOME-TIOGA BOCES PN PROG              ,NY,13905-0000,Public       ,0,0,0,31,163,194
02157900,ROCHESTER GENERAL HOSPITAL              ,NY,14621-3001,Private      ,0,1,1,21,118,139
02158200,WSHNGTN-SARTGA-WARN-HMLTN-ESX BOCES     ,NY,12839-1051,Public       ,0,0,0,38,133,171
02160100,GENEVA GENERAL HOSPITAL                 ,NY,14456-0000,Private      ,0,0,0,26,99,125
02163400,NEW YORK CAREER INSTITUTE               ,NY,10007-2801,Proprietary  ,2,2,4,259,773,1032
02169100,DAVIS COLLEGE                           ,NY,13790-0000,Private      ,0,0,0,178,120,298
02170000,SWEDISH INSTITUTE                       ,NY,10001-0000,Proprietary  ,3,27,30,131,751,882
02170200,ALBANY SCHOHARIE SCHENECTADY            ,NY,12205-0000,Public       ,0,1,1,40,182,222
02171900,AILEY SCHOOL (THE)                      ,NY,10019-4402,Private      ,1,0,1,100,31,131
02172100,HAMILTON-FULTON-MONTGOMERY BOCES        ,NY,12095-0665,Public       ,0,0,0,35,60,95
02172800,DUTCHESS COUNTY BOCES SCH PRAC NURS     ,NY,12601-0000,Public       ,0,1,1,46,187,233
02173200,EMPIRE BEAUTY SCHOOL                    ,NY,10001-0000,Proprietary  ,33,93,126,505,1093,1598
02173201,LEARNING INSTITUTES FOR BEAUTY SCIENCES-,NY,11214-4347,Proprietary  ,0,0,0,5,16,21
02173900,ULSTER COUNTY BOCES PRACTICAL NRSG      ,NY,12466-0000,Public       ,0,2,2,33,186,219
02176000,CHERYL FELL'S SCHOOL OF BUSINESS        ,NY,14304-0000,Proprietary  ,0,3,3,7,79,86
02179400,EASTERN SUFFOLK BOCES                   ,NY,11713-0000,Public       ,0,2,2,147,474,621
02182200,NEW SCHOOL OF RADIO & TELEVISION        ,NY,12206-1106,Proprietary  ,1,0,1,48,81,129
02187300,DARKEI NOAM RABBINICAL COLLEGE          ,NY,11210-0000,Private      ,0,0,0,0,1,1
02191600,TORAH TEMIMAH TALMUDICAL SEMINARY       ,NY,11218-0000,Private      ,16,0,16,64,0,64
02192500,BELLEVUE HOSP CTR SCH RAD TECH          ,NY,10016-0000,Public       ,0,0,0,11,46,57
02193700,SAINT LAWRENCE LEWIS COUNTY BOCES       ,NY,13617-0000,Public       ,0,0,0,74,4,78
02193701,SAINT LAWRENCE LEWIS COUNTY BOCES - NORT,NY,13669-0798,Public       ,0,0,0,0,1,1
02193703,SAINT LAWRENCE LEWIS COUNTY BOCES - ADUL,NY,13668-3238,Public       ,0,0,0,1,0,1
02199300,ORLEANS-NIAGARA BOCES                   ,NY,14132-0000,Public       ,0,0,0,9,72,81
02206000,HUNTER BUSINESS SCHOOL                  ,NY,11756-0000,Proprietary  ,6,30,36,193,902,1095
02206001,HUNTER BUSINESS SCHOOL -                ,NY,11763-0000,Proprietary  ,0,0,0,13,11,24
02217800,D.HOPFER SCH NURSING AT MT.VRN HOSP     ,NY,10550-0000,Private      ,0,0,0,39,249,288
02219500,MILDRED ELLEY                           ,NY,12206-1513,Proprietary  ,38,194,232,390,1786,2176
02235600,ERIE 2-CHAUTAUQUA-CATTARAUGUS BOCES     ,NY,14006-0000,Public       ,0,2,2,28,182,210
02256700,KOL YAAKOV TORAH CENTER                 ,NY,10952-0000,Private      ,2,6,8,2,6,8
02265100,YESHIVA DERECH CHAIM                    ,NY,11218-0000,Private      ,8,0,8,54,9,63
02265200,GLOBAL BUSINESS INSTITUTE               ,NY,11691-0000,Private      ,2,2,4,446,1353,1799
02272900,ROCKLAND COUNTY BOCES PRAC NRSG SCH     ,NY,10994-0000,Public       ,0,1,1,19,113,132
02275900,"MODERN WELDING SCHOOL, INC.             ",NY,12304-0000,Proprietary  ,4,18,22,59,138,197
02287800,NATIONAL TRACTOR TRAILER SCHOOL         ,NY,13088-2505,Proprietary  ,3,82,85,36,585,621
02294900,INSTITUTE OF AUDIO RESEARCH             ,NY,10003-0000,Proprietary  ,7,12,19,493,519,1012
02306500,PROFESSIONAL BUSINESS INSTITUTE         ,NY,10002-0000,Private      ,97,98,195,611,926,1537
02314200,NORTHERN WESTCHESTER SCH COSMETOL       ,NY,10566-0000,Proprietary  ,2,2,4,26,26,52
02320100,OHR SOMAYACH TANENBAUM EDUCATIONAL CENTE,NY,10952-0000,Private      ,0,0,0,1,1,2
02325600,NEW YORK INSTITUTE OF ENGLISH & BUS     ,NY,10001-0000,Private      ,32,43,75,168,397,565
02349700,RABBINICAL SEMINARY ADAS YEREIM         ,NY,11211-0000,Private      ,0,0,0,1,0,1
02350600,YESHIVA AND KOLLEL HARBOTZAS TORAH      ,NY,11230-0000,Private      ,0,7,7,0,25,25
02454300,NEW YORK UNIVERSITY SCHOOL OF MEDICINE  ,NY,10016-6497,Private      ,0,0,0,204,840,1044
02491400,SPANISH AMERICAN INSTITUTE              ,NY,10036-0000,Private      ,1,5,6,5,29,34
02505800,YESHIVA KARLIN STOLIN RAB INSTITUTE     ,NY,11204-0000,Private      ,5,16,21,41,43,84
02505900,SH-OR YOSHUV RABBINICAL COLLEGE         ,NY,11691-0000,Private      ,17,15,32,48,26,74
02506000,ASSOCIATED BETH RIVKAH SCHOOLS          ,NY,11225-0000,Private      ,0,1,1,78,18,96
02506100,CITY UNIV OF NEW YORK-CENTRAL           ,NY,10021-0000,Public       ,2,4,6,606,442,1048
02506200,MERCE CUNNINGHAM STUDIO                 ,NY,10014-0000,Private      ,0,0,0,4,7,11
02506800,YESHIVAT MIKDASH MELECH                 ,NY,11230-0000,Private      ,22,3,25,50,12,62
02511500,JOFFREY BALLET SCHOOL                   ,NY,10011-0000,Proprietary  ,0,1,1,51,4,55
02513500,MAR JON SCHOOL OF BEAUTY CULTURE        ,NY,14150-0000,Proprietary  ,2,3,5,30,82,112
02525600,ART INSTITUTE OF NEW YORK CITY (THE)    ,NY,10013-2429,Proprietary  ,32,26,58,1998,1281,3279
02540800,"GLOBE INSTITUTE OF TECHNOLOGY, INC.     ",NY,10007-0000,Proprietary  ,15,35,50,413,433,846
02546000,TRI-STATE COLLEGE OF ACUPUNCTURE        ,NY,10011-0000,Proprietary  ,0,1,1,1,162,163
02546300,YESHIVA OF THE TELSHE ALUMNI            ,NY,10471-0000,Private      ,11,0,11,39,0,39
02550600,TALMUDICAL INST OF UPSTATE NY           ,NY,14607-0000,Private      ,3,0,3,7,8,15
02556700,SEMINAR L'MOROS BAIS YAAKOV             ,NY,11219-0000,Private      ,6,0,6,294,3,297
02572900,BUSINESS INFORMATICS CENTER             ,NY,11580-0000,Proprietary  ,1,4,5,44,115,159
02575400,FRENCH CULINARY INSTITUTE               ,NY,10013-2618,Proprietary  ,4,26,30,334,1043,1377
02587600,ORLO SCH HAIR DESIGN & COSMETOLOGY      ,NY,12206-1723,Proprietary  ,0,2,2,79,119,198
02599400,NEW YORK COLLEGE OF HEALTH PROFESSIONS  ,NY,11791-4413,Private      ,2,2,4,197,774,971
02600100,NEW YORK ACADEMY OF ART (THE)           ,NY,10013-2911,Private      ,0,0,0,71,205,276
02614900,SANFORD-BROWN INSTITUTE                 ,NY,10604-2910,Proprietary  ,2,1,3,212,790,1002
02615001,SANFORD-BROWN COLLEGE - SANFORD-BROWN IN,NY,11530-4734,Proprietary  ,0,0,0,31,84,115
02616600,SHEAR EGO INTL SCH OF HAIR DESIGN       ,NY,14617-3501,Proprietary  ,2,3,5,70,182,252
02617000,CONTINENTAL SCH OF BEAUTY CULTURE       ,NY,14020-1908,Proprietary  ,5,19,24,56,170,226
02617001,CONTINENTAL SCHOOL OF BEAUTY CULTURE - O,NY,14760-2618,Proprietary  ,0,0,0,4,3,7
02622900,BAIS MEDRASH ELYON                      ,NY,10952-3013,Private      ,20,0,20,21,1,22
03000100,YESHIVA GEDOLAH IMREI YOSEF DSPINKA     ,NY,11219-4696,Private      ,6,20,26,7,102,109
03007200,DANCE THEATRE OF HARLEM                 ,NY,10031-0000,Private      ,0,0,0,10,6,16
03027701,PACIFIC COLLEGE OF ORIENTAL MEDICINE - N,NY,10010-7108,Proprietary  ,1,22,23,25,516,541
03081600,DELAWARE CHENANGO MADISON OT. BOCES     ,NY,13815-9554,Public       ,0,2,2,21,117,138
03088500,NEW YORK INTERNATIONAL BEAUTY SCH       ,NY,10019-0000,Proprietary  ,0,0,0,26,76,102
03089700,COMPUTER CAREER CENTER                  ,NY,11530-3334,Proprietary  ,52,159,211,470,1873,2343
03095500,ASA INST BUSINESS & COMPUTER TECH       ,NY,11201-5208,Proprietary  ,236,626,862,2565,6009,8574
03096200,CHARLES STUART SCHOOL                   ,NY,11229-2004,Proprietary  ,0,12,12,10,76,86
03097801,CARSTEN INSTITUTE                       ,NY,10003-1901,Proprietary  ,0,2,2,3,29,32
03099100,SUNBRIDGE COLLEGE                       ,NY,10977-0000,Private      ,0,0,0,0,15,15
03103700,ADIRONDACK BEAUTY SCHOOL                ,NY,12801-3158,Proprietary  ,1,0,1,18,41,59
03104900,SULLIVAN COUNTY BOCES                   ,NY,12754-2116,Public       ,0,0,0,21,48,69
03111100,NEW YORK PARALEGAL SCHOOL               ,NY,10007-0000,Proprietary  ,0,0,0,5,12,17
03115300,GENESEE VALLEY BOCES                    ,NY,14020-1099,Public       ,11,26,37,46,212,258
03120700,NEW YORK CONSERVATORY FOR DRAMATIC ARTS ,NY,10011-4225,Proprietary  ,2,0,2,484,136,620
03127100,YESHIVAS NOVOMINSK                      ,NY,11219-0000,Private      ,10,1,11,51,1,52
03129200,RABBINICAL CLG OHR SHIMAR YISROEL       ,NY,11211-8102,Private      ,4,12,16,46,115,161
03147300,YESHIVA D'MONSEY                        ,NY,10952-3106,Private      ,0,4,4,18,31,49
03169300,STUDIO JEWELERS                         ,NY,10016-4112,Proprietary  ,0,2,2,3,34,37
03181400,MERKAZ BNOS                             ,NY,11204-0000,Private      ,8,25,33,27,379,406
03191300,CUNY SCHOOL OF LAW @ QUEENS COLLEGE     ,NY,11367-0000,Public       ,2,6,8,215,1296,1511
03193300,MANHATTAN SCHOOL OF COMPUTER TECH       ,NY,11230-1617,Private      ,23,110,133,114,700,814
03203300,NEW YORK INSTITUTE OF MASSAGE           ,NY,14221-6021,Proprietary  ,0,4,4,58,191,249
03216300,UNIFICATION THEOLOGICAL SEMINARY        ,NY,12507-5021,Private      ,0,0,0,0,19,19
03315300,HARLEM SCHOOL OF TECHNOLOGY             ,NY,10027-4426,Proprietary  ,1,1,2,15,48,63
03328300,FRANKLIN CAREER INSTITUTE               ,NY,11550-3003,Private      ,14,40,54,266,665,931
03328301,FRANKLIN CAREER INSTITUTE - BROOKLYN    ,NY,11220-3110,Private      ,13,43,56,55,108,163
03342400,AMERICAN BARBER INSTITUTE               ,NY,10001-5271,Proprietary  ,16,20,36,84,208,292
03358300,ALLEN SCHOOL                            ,NY,11432-4901,Proprietary  ,14,115,129,373,1804,2177
03358301,ALLEN SCHOOL - BROOKLYN                 ,NY,11201-0000,Proprietary  ,13,95,108,74,311,385
03361500,WILLSEY INSTITUTE                       ,NY,10301-1989,Proprietary  ,0,0,0,1,2,3
03380300,STAR CAREER ACADEMY                     ,NY,11791-5311,Proprietary  ,3,13,16,143,344,487
03419400,NORTHEASTERN SEMINARY                   ,NY,14624-1997,Private      ,0,2,2,7,118,125
03426400,ANTHEM INSTITUTE                        ,NY,10018-0000,Proprietary  ,39,76,115,441,819,1260
03433500,LIA SCHORR INSTITUTE OF COSMETIC SK     ,NY,10022-2614,Proprietary  ,0,6,6,12,99,111
03443300,NEW YORK COLLEGE OF TRADITIONAL CHINESE ,NY,11501-0000,Private      ,0,5,5,1,97,98
03496300,YESHIVA SHAAREI TORAH OF ROCKLAND       ,NY,10901-4003,Private      ,0,0,0,4,9,13
03537300,NEW YORK AUTOMOTIVE & DIESEL INSTIT     ,NY,11101-0000,Proprietary  ,21,63,84,232,565,797
03568300,LEON STUDIO ONE SCHOOL OF HAIR DESI     ,NY,14221-5323,Proprietary  ,1,4,5,42,106,148
03651300,SAINT JOSEPH'S MEDICAL CENTER SCHOO     ,NY,10701-4080,Private      ,2,4,6,6,28,34
03652300,METROPOLITAN LEARNING INSTITUTE         ,NY,11374-2101,Private      ,13,227,240,58,1024,1082
03691300,USA BEAUTY SCHOOL INTERNATIONAL         ,NY,10013-3530,Proprietary  ,3,13,16,34,309,343
03713300,BEIS MEDRASH HEICHAL DOVID              ,NY,11691-4433,Private      ,3,0,3,42,5,47
03773300,CENTER FOR NATURAL WELLNESS SCHOOL OF MA,NY,12205-1601,Proprietary  ,0,1,1,30,146,176
03802300,UTA MESIVTA OF KIRYAS JOEL              ,NY,10950-2169,Private      ,128,122,250,578,558,1136
03809400,MICROPOWER CAREER INSTITUTE             ,NY,10001-2812,Proprietary  ,7,248,255,66,923,989
03819400,HUDSON VALLEY SCHOOL OF ADVANCED AESTHET,NY,12493-0000,Proprietary  ,0,1,1,6,30,36
03839300,AVEDA INSTITUTE NEW YORK                ,NY,10013-1522,Proprietary  ,4,15,19,116,290,406
03881300,UNION GRADUATE COLLEGE                  ,NY,12308-3131,Private      ,0,0,0,18,236,254
03903400,AMERICAN BEAUTY SCHOOL                  ,NY,10462-8003,Proprietary  ,10,68,78,117,469,586
03941400,ELITE ACADEMY OF BEAUTY ARTS            ,NY,11223-1630,Proprietary  ,0,6,6,20,110,130
03983300,"SCHOOL OF PROFESSIONAL HORTICULTURE, AT ",NY,10458-5126,Private      ,0,1,1,1,20,21
03988300,"SAE INSTITUTE OF TECHNOLOGY, NEW YORK   ",NY,10001-2915,Proprietary  ,0,2,2,0,2,2
04043300,ACE COMPUTER TRAINING CENTER            ,NY,11375-5337,Proprietary  ,1,1,2,10,80,90
04092401,MAKE-UP DESIGNORY -                     ,NY,10012-0041,Proprietary  ,5,12,17,76,115,191
04095300,KING'S COLLEGE (THE)                    ,NY,10018-0110,Private      ,2,0,2,421,31,452
04102300,NEW AGE TRAINING                        ,NY,10018-0000,Proprietary  ,0,0,0,0,14,14
04115500,TALMUDICAL SEMINARY OF BOBOV            ,NY,11219-3826,Private      ,35,19,54,96,55,151
04117700,"MONROE 2-ORLEANS BOCES, CENTER FOR WORK ",NY,14624-1119,Public       ,1,5,6,26,117,143
04123200,INSTITUTE OF ALLIED MEDICAL PROFESSIONS ,NY,11373-5541,Private      ,10,49,59,124,727,851
04123300,HUDSON VALLEY SCHOOL OF MASSAGE THERAPY ,NY,12493-0000,Proprietary  ,0,0,0,17,61,78
04125600,CAREER SCHOOL OF NY                     ,NY,10301-2416,Private      ,1,8,9,68,89,157
04133700,NEW YORK MEDICAL CAREER TRAINING CENTER ,NY,11354-6504,Proprietary  ,4,23,27,7,35,42
04134000,"JOHN PAOLO'S XTREME BEAUTY INSTITUTE, GO",NY,12020-1245,Proprietary  ,3,13,16,21,111,132
04137700,ANN MARIE'S WORLD OF BEAUTY SCHOOL      ,NY,13901-2308,Proprietary  ,0,3,3,10,38,48
04138100,YESHIVA OF MACHZIKAI HADAS              ,NY,11219-1408,Private      ,75,27,102,82,125,207
04144300,INSTITUTE OF CULINARY EDUCATION         ,NY,10010-5205,Proprietary  ,9,44,53,119,442,561
04148000,NEW LIFE BUSINESS INSTITUTE             ,NY,11432-6149,Proprietary  ,6,39,45,9,72,81
04151200,SALON PROFESSIONAL ACADEMY (THE)        ,NY,14150-9200,Proprietary  ,1,5,6,6,11,17
04155300,ONONDAGA SCHOOL OF THERAPEUTIC MASSAGE  ,NY,13210-1533,Proprietary  ,0,2,2,5,26,31
04156000,ACADEMY OF COSMETOLOGY & ESTHETICS NYC (,NY,10306-3003,Proprietary  ,13,15,28,13,15,28
04165700,"JOHN PAOLO'S XTREME BEAUTY INSTITUTE, GO",NY,12110-3053,Proprietary  ,0,2,2,0,2,2
04167600,FINGER LAKES SCHOOL OF MASSAGE (THE)    ,NY,14850-1384,Proprietary  ,11,23,34,11,23,34
04167601,FINGER LAKES SCHOOL OF MASSAGE (THE) -  ,NY,10549-1103,Proprietary  ,0,2,2,0,2,2
00267808,BRYANT & STRATTON COLLEGE - PARMA       ,OH,44130-0000,Proprietary  ,2,10,12,685,3455,4140
00301000,ANTIOCH UNIVERSITY                      ,OH,45387-1608,Private      ,0,12,12,36,1086,1122
00301100,ART ACADEMY OF CINCINNATI               ,OH,45202-7106,Private      ,1,5,6,302,103,405
00301200,ASHLAND UNIVERSITY                      ,OH,44805-3799,Private      ,4,86,90,3674,3534,7208
00301300,ATHENAEUM OF OHIO                       ,OH,45230-2000,Private      ,0,0,0,1,16,17
00301400,BALDWIN-WALLACE COLLEGE                 ,OH,44017-2088,Private      ,3,30,33,4667,1673,6340
00301600,BLUFFTON UNIVERSITY                     ,OH,45817-2104,Private      ,0,2,2,1559,394,1953
00301800,BOWLING GREEN STATE UNIVERSITY          ,OH,43403-0001,Public       ,32,58,90,17335,6716,24051
00302300,CAPITAL UNIVERSITY                      ,OH,43209-2394,Private      ,7,22,29,3967,2863,6830
00302400,CASE WESTERN RESERVE UNIV               ,OH,44106-0000,Private      ,1,15,16,6353,1152,7505
00302401,CASE WESTERN RESERVE UNIV - MED         ,OH,44106-0000,Private      ,0,0,0,38,1096,1134
00302402,CASE WESTERN RESERVE UNIV - DENTAL      ,OH,44106-0000,Private      ,0,0,0,14,287,301
00302403,CASE WESTERN RESERVE UNIV - LAW         ,OH,44106-0000,Private      ,0,0,0,14,1396,1410
00302404,CASE WESTERN RESERVE UNIV - UG          ,OH,44106-0000,Private      ,0,0,0,460,60,520
00302405,CASE WESTERN RESERVE UNIV - MSASS       ,OH,44106-0000,Private      ,0,3,3,12,431,443
00302406,CASE WESTERN RESERVE UNIV - NURS UG     ,OH,44106-0000,Private      ,0,0,0,192,139,331
00302407,CASE WESTERN RESERVE UNIV - WSOM        ,OH,44106-0000,Private      ,0,2,2,11,312,323
00302408,CASE WESTERN RESERVE UNIV -A&S GRAD     ,OH,44106-0000,Private      ,0,1,1,3,357,360
00302409,CASE WESTERN RESERVE UNIV -ENG GRAD     ,OH,44106-0000,Private      ,0,1,1,14,107,121
00302410,CASE WESTERN RESERVE UNIV -NURS GRD     ,OH,44106-0000,Private      ,0,1,1,6,333,339
00302500,CEDARVILLE UNIVERSITY                   ,OH,45314-8564,Private      ,5,1,6,3755,221,3976
00302600,CENTRAL STATE UNIVERSITY                ,OH,45384-1004,Public       ,14,13,27,3761,1656,5417
00302900,CINCINNATI CHRISTIAN UNIVERSITY         ,OH,45204-3200,Private      ,1,6,7,539,657,1196
00303000,OHIO CHRISTIAN UNIVERSITY               ,OH,43113-9487,Private      ,3,77,80,441,1395,1836
00303100,CLEVELAND INSTITUTE OF MUSIC            ,OH,44106-1776,Private      ,0,0,0,423,373,796
00303200,CLEVELAND STATE UNIVERSITY              ,OH,44115-2214,Public       ,38,248,286,8046,14998,23044
00303300,COLLEGE OF MT ST JOSEPH                 ,OH,45233-1670,Private      ,0,21,21,1750,1298,3048
00303500,OHIO DOMINICAN UNIVERSITY               ,OH,43219-2099,Private      ,4,58,62,2333,2855,5188
00303600,FRANCISCAN UNIV OF STEUBENVILLE         ,OH,43952-1763,Private      ,3,6,9,2266,689,2955
00303700,COLLEGE OF WOOSTER                      ,OH,44691-2363,Private      ,1,0,1,3036,108,3144
00303900,COLUMBUS COLLEGE OF ART AND DESIGN      ,OH,43215-1758,Private      ,3,2,5,1758,440,2198
00304000,CUYAHOGA COMMUNITY COLLEGE              ,OH,44115-2878,Public       ,72,339,411,7794,23060,30854
00304001,CUYAHOGA COMMUNITY CLG-EASTERN CAM      ,OH,44122-6195,Public       ,0,0,0,566,1126,1692
00304002,CUYAHOGA COMMUNITY CLG-METRO CAMPUS     ,OH,44115-0000,Public       ,0,0,0,913,2296,3209
00304003,CUYAHOGA COMMUNITY CLG-WESTERN CMPS     ,OH,44130-0000,Public       ,0,0,0,1638,1770,3408
00304100,"DEFIANCE COLLEGE, THE                   ",OH,43512-1695,Private      ,1,5,6,1348,507,1855
00304200,DENISON UNIVERSITY                      ,OH,43023-1329,Private      ,0,0,0,2896,80,2976
00304300,CHANCELLOR UNIVERSITY                   ,OH,44114-1096,Proprietary  ,2,35,37,40,956,996
00304400,TRINITY LUTHERAN SEMINARY               ,OH,43209-0000,Private      ,0,1,1,1,158,159
00304500,UNIVERSITY OF FINDLAY                   ,OH,45840-3695,Private      ,1,27,28,3280,1706,4986
00304600,FRANKLIN UNIVERSITY                     ,OH,43215-5399,Private      ,9,107,116,1015,9731,10746
00304700,HEBREW UNION COLLEGE MAIN CAMPUS        ,OH,45220-0000,Private      ,0,0,0,1,93,94
00304800,HEIDELBERG UNIVERSITY                   ,OH,44883-2462,Private      ,2,10,12,2088,408,2496
00304900,HIRAM COLLEGE                           ,OH,44234-1808,Private      ,0,7,7,1683,418,2101
00305000,JOHN CARROLL UNIVERSITY                 ,OH,44118-4581,Private      ,6,22,28,4316,1063,5379
00305100,KENT STATE UNIV - KENT CAMPUS           ,OH,44242-0001,Public       ,30,102,132,20854,11215,32069
00305101,KENT STATE UNIV - GEAUGA CAMPUS         ,OH,44021-0000,Public       ,3,9,12,371,621,992
00305102,KENT STATE UNIV - STARK CAMPUS          ,OH,44720-0000,Public       ,3,19,22,2395,2546,4941
00305103,KENT STATE UNIV - TUSCARAWAS CAMPUS     ,OH,44663-0000,Public       ,0,11,11,966,1625,2591
00305104,KENT STATE UNIV - TRUMBULL CAMPUS       ,OH,44483-0000,Public       ,1,16,17,902,1900,2802
00305105,KENT STATE UNIV - ASHTABULA CAMPUS      ,OH,44004-0000,Public       ,5,20,25,835,1853,2688
00305106,KENT STATE UNIV -E.LIVERPOOL CAMPUS     ,OH,43920-0000,Public       ,1,7,8,354,820,1174
00305107,KENT STATE UNIV - SALEM CAMPUS          ,OH,44460-0000,Public       ,0,6,6,721,1155,1876
00306500,KENYON COLLEGE                          ,OH,43022-9623,Private      ,1,0,1,2593,41,2634
00306600,LAKE ERIE COLLEGE                       ,OH,44077-3389,Private      ,1,2,3,1442,457,1899
00306800,LORAIN COUNTY COMMUNITY COLLEGE         ,OH,44035-1691,Public       ,21,102,123,3916,8947,12863
00306900,LOURDES COLLEGE                         ,OH,43560-2898,Private      ,4,21,25,721,2109,2830
00307200,MALONE UNIVERSITY                       ,OH,44709-3897,Private      ,1,16,17,2207,1489,3696
00307300,MARIETTA COLLEGE                        ,OH,45750-4033,Private      ,3,8,11,2424,298,2722
00307500,METHODIST THEOLOGICAL SCH IN OHIO       ,OH,43015-0000,Private      ,0,1,1,0,245,245
00307600,MIAMI-JACOBS COLLEGE                    ,OH,45401-0000,Proprietary  ,5,58,63,226,1884,2110
00307602,MIAMI - JACOBS CAREER COLLEGE - SPRINGBO,OH,45066-1115,Proprietary  ,1,24,25,168,827,995
00307603,MIAMI - JACOBS CAREER COLLEGE - TROY    ,OH,45373-3837,Proprietary  ,9,45,54,241,1093,1334
00307700,MIAMI UNIVERSITY                        ,OH,45056-1831,Public       ,32,133,165,18970,5947,24917
00307800,WRIGHT STATE UNIVERSITY                 ,OH,45435-0002,Public       ,21,112,133,13120,10816,23936
00308300,MOUNT UNION COLLEGE                     ,OH,44601-3993,Private      ,1,1,2,3323,274,3597
00308400,MUSKINGUM UNIVERSITY                    ,OH,43762-1199,Private      ,1,23,24,2268,758,3026
00308500,NOTRE DAME COLLEGE OF OHIO              ,OH,44121-4293,Private      ,4,25,29,1622,1434,3056
00308600,OBERLIN COLLEGE                         ,OH,44074-1090,Private      ,2,1,3,4908,162,5070
00308800,OHIO COLLEGE OF PODIATRIC MEDICINE      ,OH,44131-7304,Private      ,0,2,2,0,465,465
00308900,OHIO NORTHERN UNIVERSITY                ,OH,45810-1555,Private      ,1,6,7,4036,1179,5215
00309000,OHIO STATE UNIVERSITY-ALL CAMPUSES      ,OH,43210-1358,Public       ,61,149,210,45335,25604,70939
00310000,OHIO UNIVERSITY                         ,OH,45701-2979,Public       ,35,150,185,20061,6887,26948
00310002,"OHIO UNIVERSITY, ZANESVILLE CAMPUS      ",OH,43701-0000,Public       ,3,18,21,1073,1489,2562
00310003,"OHIO UNIVERSITY, LANCASTER CAMPUS       ",OH,43130-0000,Public       ,4,22,26,1189,1682,2871
00310004,"OHIO UNIVERSITY, SOUTHERN CAMPUS        ",OH,45638-0000,Public       ,5,19,24,868,1818,2686
00310005,"OHIO UNIVERSITY, CHILLICOTHE CAMPUS     ",OH,45601-0000,Public       ,2,28,30,1036,2314,3350
00310006,"OHIO UNIVERSITY, EASTERN CAMPUS         ",OH,43950-0000,Public       ,1,1,2,509,300,809
00310008,OHIO UNIV COLL OF OSTEOPATHIC MED       ,OH,45701-0000,Public       ,0,0,0,10,490,500
00310900,OHIO WESLEYAN UNIVERSITY                ,OH,43015-2398,Private      ,1,2,3,2872,156,3028
00311000,OTTERBEIN COLLEGE                       ,OH,43081-2006,Private      ,8,21,29,4065,1109,5174
00311300,PONTIFICAL COLLEGE JOSEPHINUM           ,OH,43235-1498,Private      ,0,0,0,18,24,42
00311401,FIRELANDS REGIONAL MEDICAL CENTER       ,OH,44870-4788,Private      ,1,1,2,50,156,206
00311500,RABBINICAL COLLEGE OF TELSHE            ,OH,44092-2584,Private      ,15,4,19,15,16,31
00311600,UNIV OF RIO GRANDE                      ,OH,45674-3131,Private      ,5,32,37,966,1364,2330
00311601,UNIVERSITY OF RIO GRANDE                ,OH,45674-9989,Private      ,0,0,0,642,531,1173
00311602,UNIVERSITY OF RIO GRANDE - MEIGS CENTER ,OH,45760-0000,Private      ,0,0,0,3,16,19
00311603,UNIVERSITY OF RIO GRANDE - CHILLICOTHE G,OH,45601-0000,Private      ,0,0,0,2,11,13
00311604,UNIVERSITY OF RIO GRANDE - HAMILTON GRAD,OH,45011-2833,Private      ,0,0,0,3,4,7
00311605,UNIVERSITY OF RIO GRANDE - COLUMBUS GRAD,OH,43215-0000,Private      ,0,0,0,15,48,63
00311606,UNIVERSITY OF RIO GRANDE - PORTSMOUTH GR,OH,45662-0000,Private      ,0,0,0,6,10,16
00311607,UNIVERSITY OF RIO GRANDE -              ,OH,45764-0000,Private      ,0,0,0,16,26,42
00311900,SINCLAIR COMMUNITY COLLEGE              ,OH,45402-1460,Public       ,51,279,330,8473,20320,28793
00312100,TIFFIN UNIVERSITY                       ,OH,44883-2161,Private      ,5,35,40,2321,3027,5348
00312200,UNITED THEOLOGICAL SEMINARY             ,OH,45406-0000,Private      ,0,2,2,1,259,260
00312300,UNIVERSITY OF AKRON                     ,OH,44325-6211,Public       ,28,126,154,19267,15090,34357
00312500,UNIVERSITY OF CINCINNATI                ,OH,45221-0125,Public       ,114,516,630,24314,21758,46072
00312504,UNIVERSITY OF CINCINNATI - MEDICINE     ,OH,45267-0553,Public       ,2,8,10,206,1128,1334
00312700,UNIVERSITY OF DAYTON                    ,OH,45469-0002,Private      ,11,87,98,10663,4154,14817
00313100,UNIVERSITY OF TOLEDO                    ,OH,43606-3390,Public       ,37,91,128,17833,10178,28011
00313101,UNIVERSITY OF TOLEDO - HEALTH SCIENCE CA,OH,43614-2598,Public       ,0,1,1,653,1711,2364
00313300,URBANA UNIVERSITY                       ,OH,43078-2091,Private      ,1,9,10,999,761,1760
00313400,URSULINE COLLEGE                        ,OH,44124-4398,Private      ,2,20,22,680,1391,2071
00313500,WALSH UNIVERSITY                        ,OH,44720-3396,Private      ,3,17,20,2472,1217,3689
00314100,WILBERFORCE UNIVERSITY                  ,OH,45384-1001,Private      ,6,4,10,1066,565,1631
00314200,WILMINGTON COLLEGE                      ,OH,45177-2499,Private      ,1,4,5,1916,604,2520
00314300,WITTENBERG UNIVERSITY                   ,OH,45501-2199,Private      ,1,2,3,2883,284,3167
00314400,XAVIER UNIVERSITY                       ,OH,45207-1035,Private      ,8,56,64,5902,3420,9322
00314500,YOUNGSTOWN STATE UNIVERSITY             ,OH,44555-0001,Public       ,17,52,69,9457,8663,18120
00398200,CLEVELAND INSTITUTE OF ART              ,OH,44106-1700,Private      ,0,1,1,813,213,1026
00406000,WINEBRENNER THEOLOGICAL SEMINARY        ,OH,45840-0000,Private      ,0,4,4,2,67,69
00485200,CLARK STATE COMMUNITY COLLEGE           ,OH,45505-4795,Public       ,12,77,89,1704,5225,6929
00485300,BRADFORD SCHOOL                         ,OH,43219-0000,Proprietary  ,1,3,4,746,684,1430
00485500,DAVIS COLLEGE                           ,OH,43623-4307,Proprietary  ,3,29,32,156,894,1050
00486100,UNIVERSITY OF NORTHWESTERN OHIO         ,OH,45805-1498,Private      ,22,20,42,4188,1958,6146
00486600,STAUTZENBERGER COLLEGE                  ,OH,43537-4007,Proprietary  ,6,34,40,495,1791,2286
00510200,SCH OF DIAGNOSTIC IMAGING-CLEVELAND     ,OH,44119-0000,Private      ,0,0,0,11,44,55
00512700,BROWN MACKIE COLLEGE-CINCINNATI         ,OH,45215-1107,Proprietary  ,103,322,425,2024,9099,11123
00512728,BROWN MACKIE COLLEGE-CINCINNATI - LANDMA,OH,45215-1231,Proprietary  ,0,0,0,41,156,197
00521000,CLEVELAND INSTITUTE OF ELECTRONICS      ,OH,44114-0000,Proprietary  ,0,20,20,25,419,444
00531300,NORTH CENTRAL STATE COLLEGE             ,OH,44901-0000,Public       ,4,34,38,1462,3560,5022
00575300,OWENS STATE COMMUNITY COLLEGE           ,OH,43699-0000,Public       ,24,175,199,7076,15179,22255
00648700,AULTMAN COLLEGE OF NURSING AND HEALTH SC,OH,44710-1799,Private      ,2,2,4,179,389,568
00648900,CHRIST HOSP SCH OF NURSING              ,OH,45219-2906,Private      ,3,9,12,3,9,12
00649400,GOOD SAMARITAN COLG-NURSING/HEALTH      ,OH,45220-2489,Private      ,1,1,2,218,425,643
00649800,MERIDIA HURON SCHOOL OF NURSING         ,OH,44112-4308,Private      ,0,4,4,62,554,616
00650700,TRINIT HEALTH SYSTEM SCH OF NURSING     ,OH,43952-2667,Private      ,0,0,0,42,108,150
00680400,LAKELAND COMMUNITY COLLEGE              ,OH,44094-5198,Public       ,24,118,142,3273,6837,10110
00686700,COLUMBUS STATE COMMUNITY COLLEGE        ,OH,43215-1786,Public       ,90,403,493,13003,28266,41269
00703500,KETTERING COLLEGE OF MEDICAL ARTS       ,OH,45429-1299,Private      ,0,11,11,503,978,1481
00708500,MOUNT VERNON NAZARENE UNIVERSITY        ,OH,43050-9500,Private      ,1,7,8,1610,648,2258
00708501,MOUNT VERNON NAZARENE UNIV - AGS        ,OH,43050-0000,Private      ,1,21,22,55,1092,1147
00727500,EASTERN GATEWAY COMMUNITY COLLEGE       ,OH,43952-3598,Public       ,11,23,34,887,1624,2511
00747300,CHOFFIN CAREER & TECHNICAL CENTER       ,OH,44503-1628,Public       ,0,2,2,56,334,390
00759800,HOCKING TECHNICAL COLLEGE               ,OH,45764-9582,Public       ,26,67,93,4006,4738,8744
00777700,REMINGTON COLLEGE - CLEVELAND CAMPUS    ,OH,44125-1957,Proprietary  ,10,53,63,367,1886,2253
00777704,REMINGTON COLLEGE-CLEVELAND WEST CAMPUS ,OH,44070-3129,Proprietary  ,5,40,45,159,606,765
00812900,ADULT AND COMMUNITY EDUCATION @ HUDSON  ,OH,43211-2017,Public       ,1,12,13,45,450,495
00813200,TOLEDO SCHOOL OF PRACTICAL NURSING      ,OH,43613-5110,Public       ,1,7,8,100,553,653
00813300,ZANE STATE COLLEGE                      ,OH,43701-2626,Public       ,10,24,34,1172,2900,4072
00819400,AKRON SCHOOL OF PRACTICAL NRSG          ,OH,44311-0000,Public       ,0,0,0,56,166,222
00827800,TERRA COMMUNITY COLLEGE                 ,OH,43420-9670,Public       ,20,99,119,956,2701,3657
00867700,NORTHWEST STATE COMMUNITY COLLEGE       ,OH,43502-9542,Public       ,2,26,28,1172,3024,4196
00888600,PORTAGE LAKES CAREER CENTER             ,OH,44232-0000,Public       ,1,0,1,31,167,198
00908800,ITT TECHNICAL INSTITUTE                 ,OH,45414-3456,Proprietary  ,5,45,50,750,2532,3282
00915600,WAYNE COUNTY SCHOOLS CAREER CENTER      ,OH,44677-9672,Public       ,0,4,4,54,295,349
00917200,SPRINGFIELD REGIONAL SCHOOL OF NURSING  ,OH,45501-0000,Private      ,0,2,2,60,271,331
00941200,FORTIS COLLEGE                          ,OH,44221-2998,Proprietary  ,22,91,113,324,1187,1511
00945101,BROWN MACKIE COLLEGE-NORTH CANTON       ,OH,44720-0000,Proprietary  ,13,81,94,126,672,798
00953000,GERBER AKRON BEAUTY SCHOOL              ,OH,44313-6995,Proprietary  ,0,7,7,20,98,118
00953100,SPA SCHOOL (THE)                        ,OH,43214-1524,Proprietary  ,2,10,12,51,199,250
00966000,TIFFIN ACADEMY OF HAIR DESIGN           ,OH,44883-2833,Proprietary  ,2,5,7,50,103,153
00983700,ITT TECHNICAL INSTITUTE                 ,OH,44509-4098,Proprietary  ,26,51,77,827,2182,3009
00994100,BELMONT TECHNICAL COLLEGE               ,OH,43950-9766,Public       ,5,14,19,1044,2104,3148
00994200,SHAWNEE STATE UNIVERSITY                ,OH,45662-4344,Public       ,10,27,37,3975,2508,6483
01001700,PAYNE THEOLOGICAL SEMINARY              ,OH,45384-0474,Private      ,0,4,4,1,153,154
01002700,JAMES A. RHODES STATE COLLEGE           ,OH,45804-3597,Public       ,5,36,41,1859,4077,5936
01016800,NATIONWIDE BEAUTY ACADEMY               ,OH,43228-1000,Proprietary  ,6,22,28,214,402,616
01028000,OHIO STATE BEAUTY ACADEMY               ,OH,45801-4950,Proprietary  ,2,13,15,69,140,209
01032300,HANNAH E MULLINS SCH-PRAC NRSG          ,OH,44460-2906,Public       ,1,1,2,29,120,149
01034500,CINCINNATI STATE TECH & COMM CLG        ,OH,45223-2690,Public       ,75,279,354,5359,12209,17568
01045300,WASHINGTON STATE CMTY COLLEGE           ,OH,45750-9225,Public       ,5,32,37,992,1911,2903
01063000,NORTHERN INSTITUTE OF COSMETOLOGY       ,OH,44052-1803,Proprietary  ,3,2,5,19,93,112
01073600,MARION TECHNICAL COLLEGE                ,OH,43302-5694,Public       ,4,27,31,847,2401,3248
01088000,CHATFIELD COLLEGE                       ,OH,45118-9705,Private      ,3,19,22,44,254,298
01088100,STARK STATE COLLEGE OF TECHNOLOGY       ,OH,44720-7299,Public       ,14,115,129,3858,10750,14608
01090600,CINCINNATI CLG OF MORTUARY SCIENCE      ,OH,45224-1428,Private      ,0,1,1,82,182,264
01092300,UNION INSTITUTE & UNIVERSITY            ,OH,45206-1925,Private      ,6,117,123,53,2198,2251
01096200,MOORE UNIV OF HAIR DESIGN               ,OH,45213-0000,Proprietary  ,0,0,0,4,18,22
01099300,HOBART INSTITUTE OF WELDING TECHNOLOGY  ,OH,45373-2400,Private      ,2,13,15,231,298,529
01100500,KAPLAN COLLEGE                          ,OH,43232-4827,Proprietary  ,17,110,127,212,1343,1555
01104600,CENTRAL OHIO TECHNICAL COLLEGE          ,OH,43055-1767,Public       ,6,40,46,1746,5410,7156
01170300,PENTA COUNTY JOINT VOCATIONAL SCH       ,OH,43551-0000,Public       ,0,2,2,26,148,174
01174400,NATIONAL BEAUTY COLLEGE                 ,OH,44720-0000,Proprietary  ,0,7,7,57,163,220
01174500,OHIO TECHNICAL COLLEGE                  ,OH,44103-1228,Proprietary  ,13,26,39,1359,783,2142
01182500,OHIO STATE SCHOOL OF COSMETOLOGY        ,OH,43224-1107,Proprietary  ,1,10,11,48,185,233
01212800,SOUTHWESTERN COLLEGE                    ,OH,45402-3003,Proprietary  ,16,110,126,430,2589,3019
01212802,SOUTHWESTERN COLLEGE                    ,OH,45005-2267,Proprietary  ,7,45,52,102,679,781
01212803,SOUTHWESTERN COLLEGE                    ,OH,45202-4304,Proprietary  ,23,103,126,295,1720,2015
01212804,SOUTHWESTERN COLLEGE                    ,OH,45246-3121,Proprietary  ,28,127,155,393,2374,2767
01212806,SOUTHWESTERN COLLEGE - TOLEDO           ,OH,43615-6800,Proprietary  ,25,100,125,109,532,641
01216600,CAROUSEL BEAUTY COLLEGE                 ,OH,45402-8935,Proprietary  ,6,13,19,82,229,311
01224800,CENTRAL SCHOOL OF PRACTICAL NURSING     ,OH,44103-4371,Private      ,0,1,1,72,419,491
01267200,CAROUSEL BEAUTY COLLEGE                 ,OH,45044-5113,Proprietary  ,0,3,3,14,54,68
01267400,CAROUSEL OF MIAMI VALLEY BEAUTY CLG     ,OH,45424-2063,Proprietary  ,0,0,0,5,11,16
01275000,EDISON COMMUNITY COLLEGE                ,OH,45356-9239,Public       ,4,29,33,1110,2824,3934
01283800,LAURA AND ALVIN SIEGAL COLLEGE OF JUDAIC,OH,44122-7197,Private      ,0,0,0,2,4,6
01284800,MOLER-HOLLYWOOD BEAUTY COLLEGE          ,OH,45202-2577,Proprietary  ,2,27,29,20,157,177
01287000,SOUTHERN STATE COMMUNITY COLLEGE        ,OH,45133-9406,Public       ,5,35,40,1171,3445,4616
01289100,ANTONELLI COLLEGE                       ,OH,45202-2592,Proprietary  ,6,16,22,240,605,845
01289600,VIRGINIA MARTI COLLEGE OF ART AND DESIGN,OH,44107-0778,Proprietary  ,3,0,3,217,237,454
01313200,INTERNATIONAL CLG OF BROADCASTING       ,OH,45431-1898,Proprietary  ,0,0,0,59,163,222
02052000,KAPLAN COLLEGE                          ,OH,45439-1984,Proprietary  ,13,106,119,337,1404,1741
02054300,TRUMBULL BUSINESS COLLEGE               ,OH,44484-0000,Proprietary  ,4,4,8,103,659,762
02056800,DAYMAR COLLEGE                          ,OH,45601-1038,Proprietary  ,5,65,70,121,1174,1295
02056802,DAYMAR COLLEGE - LANCASTER              ,OH,43130-0000,Proprietary  ,2,32,34,14,117,131
02056803,DAYMAR COLLEGE - NEW BOSTON             ,OH,45662-4900,Proprietary  ,0,13,13,4,40,44
02056804,DAYMAR COLLEGE - JACKSON                ,OH,45640-1728,Proprietary  ,0,1,1,4,43,47
02066100,OHIO STATE COLLEGE/BARBER STYLING       ,OH,43213-0000,Proprietary  ,4,14,18,76,307,383
02069500,AKRON INSTITUTE                         ,OH,44306-0000,Proprietary  ,20,120,140,324,1738,2062
02073300,GALLIA-JACKSON-VINTON SCH ADULT ED      ,OH,45674-0000,Public       ,0,3,3,49,264,313
02110700,CLEVELAND INST OF DENTAL-MED ASST       ,OH,44115-2285,Proprietary  ,9,54,63,197,896,1093
02116009,SANFORD-BROWN COLLEGE - MIDDLEBURG HEIGH,OH,44130-8362,Proprietary  ,24,87,111,416,2071,2487
02116900,UPPER VALLEY JVS                        ,OH,45356-0000,Public       ,0,3,3,39,429,468
02117300,GREAT OAKS INSTITUTE OF TECHNOLOGY      ,OH,45241-1581,Public       ,2,3,5,172,968,1140
02128600,THE ART INSTITUTE OF CINCINNATI         ,OH,45246-0000,Proprietary  ,2,4,6,325,201,526
02140700,COMMUNITY EDUCATIONAL SERVICES          ,OH,44702-1710,Public       ,0,0,0,29,261,290
02152100,ACADEMY OF COURT REPORTING AND TECHNOLOG,OH,44115-0000,Proprietary  ,7,37,44,73,563,636
02152101,ACADEMY OF COURT REPORTING & TECHNOLOGY ,OH,43215-3902,Proprietary  ,5,49,54,76,764,840
02152102,ACADEMY OF COURT REPORTING - MIAMI-JACOB,OH,44313-3607,Proprietary  ,0,0,0,9,144,153
02152104,ACADEMY OF COURT REPORTING AND TECHNOLOG,OH,45202-2123,Proprietary  ,0,0,0,14,199,213
02152106,ACADEMY OF COURT REPORTING AND TECHNOLOG,OH,45241-5428,Proprietary  ,3,31,34,21,192,213
02158500,OHIO BUSINESS COLLEGE                   ,OH,44055-3344,Proprietary  ,3,15,18,138,918,1056
02158501,OHIO BUSINESS COLLEGE                   ,OH,44870-9953,Proprietary  ,0,4,4,85,667,752
02168100,TRI-COUNTY JOINT VOCATIONAL SCHOOL      ,OH,45764-0000,Public       ,0,2,2,33,131,164
02187900,ASHTABULA CO JOINT VOC SCH ADULT ED     ,OH,44047-0000,Public       ,0,0,0,32,269,301
02189000,ADULT CENTER FOR EDUCATION              ,OH,43701-0000,Public       ,0,3,3,61,422,483
02190700,FORTIS COLLEGE                          ,OH,45459-0000,Proprietary  ,28,193,221,523,3531,4054
02192100,BUTLER TECHNOLOGY AND CAREER DEVELOPMENT,OH,45011-0000,Public       ,2,11,13,201,816,1017
02196300,COLLINS CAREER CENTER                   ,OH,45619-0000,Public       ,1,6,7,221,667,888
02210800,MEDINA COUNTY CAREER CENTER             ,OH,44256-0000,Public       ,1,2,3,31,202,233
02215400,OHIO STATE SCHOOL OF COSMETOLOGY        ,OH,43207-0000,Proprietary  ,4,4,8,57,157,214
02220500,GOD'S BIBLE SCHOOL & COLLEGE            ,OH,45210-0000,Private      ,1,0,1,195,71,266
02220800,CAREER & TECHNOLOGY EDUCATION CENTERS OF,OH,43055-0000,Public       ,2,4,6,40,259,299
02239800,PIONEER CAREER & TECHNOLOGY CENTER      ,OH,44875-0000,Public       ,0,0,0,9,71,80
02245600,WARREN COUNTY CAREER CENTER             ,OH,45036-0000,Public       ,0,7,7,43,286,329
02246300,INSTITUTE OF MEDICAL-DENTAL TECH        ,OH,45246-3317,Proprietary  ,5,22,27,68,345,413
02263700,MIAMI VALLEY CAREER TECHNOLOGY CTR      ,OH,45315-0000,Public       ,0,4,4,93,542,635
02269400,EASTERN HILLS ACAD OF HAIR DESIGN       ,OH,45255-0000,Proprietary  ,0,1,1,27,125,152
02269500,WESTERN HILLS SCHOOL OF BEAUTY & HAIR DE,OH,45211-0000,Proprietary  ,2,7,9,63,338,401
02270100,OHIO HI-POINT CAREER CENTER             ,OH,43311-0000,Public       ,0,4,4,28,449,477
02272700,COLUMBIANA COUNTY CAREER CENTER         ,OH,44432-0000,Public       ,1,5,6,37,317,354
02287900,RAPHAEL'S SCHOOL OF BEAUTY CULTURE      ,OH,44446-0000,Proprietary  ,2,18,20,69,244,313
02289802,KAPLAN COLLEGE                          ,OH,45203-0000,Proprietary  ,20,118,138,189,1399,1588
02301400,OHIO VALLEY COLLEGE OF TECHNOLOGY       ,OH,43920-0000,Proprietary  ,0,0,0,100,238,338
02303600,BOHECKER'S BUSINESS COLLEGE             ,OH,44266-0000,Proprietary  ,7,40,47,202,958,1160
02304700,TRI-RIVERS CAREER CENTER                ,OH,43302-0000,Public       ,0,0,0,39,277,316
02311200,AMERICAN SCHOOL OF TECHNOLOGY           ,OH,43229-0000,Proprietary  ,3,49,52,61,763,824
02315500,TOLEDO ACADEMY OF BEAUTY CULTURE - EAST ,OH,43616-0000,Proprietary  ,0,6,6,44,151,195
02328500,MOLER-PICKENS BEAUTY COLLEGE            ,OH,45014-0000,Proprietary  ,1,5,6,16,86,102
02334300,INTERNATIONAL ACAD OF HAIR DESIGN       ,OH,45239-0000,Proprietary  ,1,0,1,54,102,156
02336300,KNOX COUNTY CAREER CENTER               ,OH,43050-4298,Public       ,0,1,1,29,258,287
02336700,CUYAHOGA VALLEY CAREER CENTER           ,OH,44141-1296,Public       ,0,0,0,56,263,319
02337700,PROFESSIONAL SKILLS INSTITUTE           ,OH,43607-0000,Proprietary  ,0,5,5,132,894,1026
02351500,WILLOUGHBY EASTLAKE SCH OF PRAC NSG     ,OH,44094-0000,Public       ,0,0,0,20,134,154
02352800,POLARIS CAREER CENTER-ADULT ED DEPT     ,OH,44130-0000,Public       ,0,4,4,69,371,440
02354200,SCIOTO COUNTY JOINT VOCATIONAL SCH      ,OH,45648-0000,Public       ,0,3,3,74,358,432
02454400,NORTHEASTERN OHIO UNIVS COL OF MED      ,OH,44272-0000,Public       ,1,0,1,79,754,833
02497800,GREENE COUNTY CAREER CENTER             ,OH,45385-0000,Public       ,1,6,7,32,243,275
02512600,ADULT VOCATIONAL SERVICES               ,OH,44308-0000,Public       ,0,0,0,2,34,36
02519300,OHIO STATE SCH COSMETOLOGY              ,OH,43068-0000,Proprietary  ,1,7,8,15,46,61
02522700,EASTLAND-FAIRFIELD CAREER AND TECHNICAL ,OH,43125-0000,Public       ,3,14,17,58,414,472
02528300,TDDS TECHNICAL INSTITUTE                ,OH,44429-0000,Proprietary  ,2,14,16,81,677,758
02529500,HAMRICK SCHOOL                          ,OH,44256-0000,Proprietary  ,2,32,34,30,272,302
02541400,TOLEDO ACADEMY OF BEAUTY CULTURE-SO     ,OH,43614-0000,Proprietary  ,1,2,3,60,218,278
02545800,INNER STATE BEAUTY SCHOOLS              ,OH,44124-0000,Proprietary  ,1,1,2,69,278,347
02553000,SCHOOL OF ADVERTISING ART               ,OH,45440-0000,Proprietary  ,0,0,0,211,33,244
02560000,CASAL AVEDA INSTITUTE                   ,OH,44515-0000,Proprietary  ,3,7,10,106,132,238
02560700,PICKAWAY ROSS CO JOINT VOC TECH SCH     ,OH,45601-0000,Public       ,0,8,8,65,401,466
02560701,PICKAWAY ROSS COUNTY JOINT VOCATIONAL SC,OH,45601-9010,Public       ,0,5,5,9,72,81
02562300,APOLLO CAREER CENTER-ADULT EDUC         ,OH,45806-0000,Public       ,0,10,10,84,761,845
02563000,RAPHAELS SCHOOL OF BEAUTY CULTURE       ,OH,44601-2847,Proprietary  ,2,13,15,57,149,206
02568600,MAHONING COUNTY CAREER & TECH CENTR     ,OH,44406-0000,Public       ,1,1,2,21,109,130
02582900,KAPLAN CAREER INSTITUTE                 ,OH,44129-6810,Proprietary  ,17,94,111,281,1350,1631
02586400,TRUMBULL CAREER & TECH CENTER-ADULT     ,OH,44483-1997,Public       ,0,2,2,60,468,528
02588500,OHIO STATE SCHOOL OF COSMETOLOGY        ,OH,43081-0000,Proprietary  ,4,5,9,84,128,212
02599711,VATTEROTT COLLEGE - CLEVELAND           ,OH,44147-3502,Proprietary  ,1,21,22,67,727,794
02603800,LORAIN COUNTY JVS ADULT CAREER CTR      ,OH,44074-9799,Public       ,0,5,5,51,411,462
02616200,BROWN MACKIE COLLEGE-FINDLAY            ,OH,45840-6848,Proprietary  ,28,168,196,901,4546,5447
02620000,SANDUSKY CAREER CENTER                  ,OH,44870-4786,Public       ,0,2,2,27,247,274
03007900,GALLIPOLIS CAREER COLLEGE               ,OH,45631-2600,Proprietary  ,0,2,2,42,291,333
03009702,"HARRISON COLLEGE - MUNCIE - COLUMBUS, OH",OH,43123-0000,Proprietary  ,2,1,3,14,89,103
03015100,ALLIANCE HIGH SCH-CMTY SERVICES DIV     ,OH,44601-2899,Public       ,1,1,2,33,226,259
03015300,EHOVE CAREER CENTER                     ,OH,44846-9500,Public       ,4,11,15,96,519,615
03023700,MADISON ADULT CAREER CENTER             ,OH,44905-2718,Public       ,1,1,2,32,241,273
03024300,VALLEY BEAUTY SCHOOL                    ,OH,43725-2332,Proprietary  ,1,5,6,41,121,162
03027100,FAIRVIEW ACADEMY                        ,OH,44126-2214,Proprietary  ,1,4,5,17,72,89
03034200,WASHINGTON COUNTY CAREER CENTER ADULT TE,OH,45750-9290,Public       ,0,36,36,48,435,483
03051400,AUBURN CAREER CENTER                    ,OH,44077-9723,Public       ,0,6,6,54,240,294
03051500,US GRANT JOINT VOCATIONAL SCHOOL        ,OH,45106-9502,Public       ,0,0,0,3,32,35
03065800,OHIO INSTITUTE OF HEALTH CAREERS        ,OH,44035-2394,Proprietary  ,1,1,2,67,282,349
03065900,BUCKEYE CAREER CENTER                   ,OH,44663-9437,Public       ,1,2,3,76,340,416
03067600,RAPHAEL'S SCHOOL OF BEAUTY CULTURE      ,OH,44512-2222,Proprietary  ,1,5,6,18,73,91
03068200,OHIO CENTER FOR BROADCASTING            ,OH,44125-6273,Proprietary  ,0,1,1,129,428,557
03068202,OHIO CENTER FOR BROADCASTING - COLUMBUS ,OH,43213-2571,Proprietary  ,0,2,2,50,214,264
03071900,MOUNT CARMEL COLLEGE OF NURSING         ,OH,43222-1598,Private      ,3,5,8,664,803,1467
03072303,EVEREST INSTITUTE - COLUMBUS            ,OH,43230-6653,Proprietary  ,14,190,204,214,1547,1761
03078000,OHIO CENTER FOR BROADCASTING            ,OH,45227-1509,Proprietary  ,0,0,0,45,153,198
03079000,ETI TECHNICAL COLLEGE                   ,OH,44446-4398,Proprietary  ,1,11,12,107,514,621
03084800,DELAWARE AREA CAREER CENTER             ,OH,43015-8969,Public       ,0,2,2,6,42,48
03084801,DELAWARE AREA CAREER CENTER -           ,OH,43015-9001,Public       ,0,1,1,6,20,26
03095600,VANTAGE CAREER CENTER                   ,OH,45891-1378,Public       ,0,6,6,24,203,227
03097000,MERCY COLLEGE OF NORTHWEST OHIO         ,OH,43604-1132,Private      ,0,13,13,549,1028,1577
03100100,PARAMOUNT BEAUTY ACADEMY                ,OH,45662-4136,Proprietary  ,3,8,11,35,110,145
03105400,CLEVELAND EXTENSION HIGH SCH-WEST       ,OH,44102-2298,Public       ,0,0,0,31,206,237
03116200,DAYTON BARBER COLLEGE                   ,OH,45402-2310,Proprietary  ,2,9,11,32,142,174
03116300,OHIO COLLEGE OF MASSOTHERAPY            ,OH,44321-1363,Private      ,0,7,7,56,208,264
03116400,VANGUARD-SENTINELL VOC SCH DISTRICT     ,OH,43420-1197,Public       ,0,0,0,4,61,65
03117000,ASHLAND COUNTY-W HOLMES CAREER CTR      ,OH,44805-0000,Public       ,0,1,1,21,215,236
03319300,CREATIVE IMAGES-A CERTIFIED MATRIX      ,OH,45414-2557,Proprietary  ,1,6,7,80,242,322
03319301,CREATIVE IMAGES-A CERTIFIED MATRIX      ,OH,45459-0000,Proprietary  ,1,8,9,59,169,228
03416400,VALLEY BEAUTY SCHOOL                    ,OH,43701-3624,Proprietary  ,1,4,5,12,76,88
03425300,ROSEDALE BIBLE COLLEGE                  ,OH,43029-9517,Private      ,2,0,2,67,12,79
03457300,ALLEGHENY WESLEYAN COLLEGE              ,OH,44460-9598,Private      ,0,0,0,46,19,65
03468400,NATIONAL INSTITUTE OF MASSOTHERAPY      ,OH,44319-2100,Proprietary  ,1,1,2,30,104,134
03468500,ATS INSTITUTE OF TECHNOLOGY             ,OH,44143-2216,Proprietary  ,1,26,27,56,780,836
03475400,TRI-STATE BIBLE COLLEGE                 ,OH,45680-8402,Private      ,0,1,1,6,39,45
03534400,AMERICAN INST OF ALTERNATIVE MEDICI     ,OH,43229-1113,Proprietary  ,0,22,22,55,287,342
03578300,TRI-STATE COLLEGE                       ,OH,44452-8535,Proprietary  ,0,0,0,21,61,82
03586400,MED CENTRAL COLLEGE OF NURSING          ,OH,44903-2265,Private      ,4,12,16,380,288,668
03626300,BROWN AVEDA INSTITUTE                   ,OH,44060-6212,Proprietary  ,1,13,14,193,291,484
03693300,CARNEGIE CAREER COLLEGE                 ,OH,44260-9608,Private      ,4,44,48,19,210,229
03700300,REGENCY BEAUTY INSTITUTE - CLEVELAND    ,OH,44094-0000,Proprietary  ,3,18,21,127,365,492
03726300,TEMPLE BAPTIST COLLEGE                  ,OH,45240-0000,Private      ,1,1,2,13,36,49
03747300,BEXLEY HALL SEMINARY                    ,OH,43209-2325,Private      ,0,1,1,0,17,17
03776400,HEALING ARTS INSTITUTE                  ,OH,43551-3138,Proprietary  ,1,0,1,25,73,98
03837300,AVEDA FREDRIC'S INSTITUTE               ,OH,45208-1304,Proprietary  ,0,1,1,112,112,224
03882300,OREGON CAREER CENTER                    ,OH,43616-2631,Public       ,0,1,1,15,157,172
04050400,DESIGNER'S BEAUTY ACADEMY               ,OH,43920-0000,Proprietary  ,0,3,3,14,60,74
04068300,FOUR COUNTY CAREER CENTER               ,OH,43512-9541,Public       ,2,1,3,4,12,16
04074300,HONDROS COLLEGE                         ,OH,43081-3855,Proprietary  ,1,21,22,257,1664,1921
04116700,NEWLIFE TECHNICAL INSTITUTE             ,OH,43920-2920,Private      ,0,0,0,12,45,57
04117300,DAYTON SCHOOL OF MEDICAL MASSAGE        ,OH,45429-1111,Proprietary  ,15,50,65,265,800,1065
04118300,NORTHCOAST MEDICAL TRAINING ACADEMY     ,OH,44240-4174,Proprietary  ,4,10,14,100,375,475
04124500,TECHSKILLS                              ,OH,43231-0000,Proprietary  ,2,16,18,22,299,321
04125700,CUT BEAUTY SCHOOL (THE)                 ,OH,44118-2918,Proprietary  ,1,10,11,39,254,293
04126000,OHIO ACADEMY PAUL MITCHELL PARTNER SCHOO,OH,44087-3107,Proprietary  ,3,7,10,22,40,62
04137800,AVEDA INSTITUTE COLUMBUS                ,OH,43201-2333,Proprietary  ,14,11,25,187,246,433
04138000,INSTITUTE OF THERAPEUTIC MASSAGE        ,OH,45875-0350,Proprietary  ,1,7,8,19,87,106
04140100,CISORIA ACADEMY OF COSMETOLOGY          ,OH,44137-2915,Proprietary  ,0,2,2,10,50,60
04149100,CINCINNATI ACADEMY A PAUL MITCHELL PARTN,OH,45241-1702,Proprietary  ,7,9,16,115,130,245
04151400,VANITY SCHOOL OF COSMETOLOGY            ,OH,44035-0000,Proprietary  ,1,9,10,4,19,23
04152600,PIKE COUNTY CAREER TECHNOLOGY CENTER    ,OH,45661-9114,Public       ,0,0,0,2,24,26
04153300,OHIO ACADEMY COLUMBUS (THE)             ,OH,43231-6038,Proprietary  ,3,8,11,22,39,61
04154000,TOLLES CAREER & TECHNICAL CENTER        ,OH,43064-8854,Public       ,0,0,0,2,5,7
04166800,SALON PROFESSIONAL ACADEMY (THE)        ,OH,45551-0000,Proprietary  ,1,5,6,6,15,21
        ,INVALID SCHOOL CODE                     ,  ,00000-0000,,97,480,577,4454,10684,15138
00134500,ADAMS STATE COLLEGE                     ,CO,81102-2373,Public       ,16,84,100,2310,2206,4516
00134600,ARAPAHOE COMMUNITY COLLEGE              ,CO,80160-9002,Public       ,53,301,354,2168,5420,7588
00134700,COLORADO COLLEGE                        ,CO,80903-3294,Private      ,5,10,15,2632,368,3000
00134800,COLORADO SCHOOL OF MINES                ,CO,80401-1887,Public       ,12,4,16,4526,979,5505
00134900,UNIVERSITY OF NORTHERN COLORADO         ,CO,80639-0001,Public       ,30,131,161,9600,4359,13959
00135000,COLORADO STATE UNIVERSITY               ,CO,80523-0100,Public       ,81,188,269,19543,9429,28972
00135200,DENVER  SEMINARY                        ,CO,80120-2192,Private      ,0,3,3,0,643,643
00135300,FORT LEWIS COLLEGE                      ,CO,81301-3999,Public       ,14,23,37,3602,1371,4973
00135400,ILIFF SCHOOL OF THEOLOGY                ,CO,80210-0000,Private      ,0,2,2,1,232,233
00135500,LAMAR COMMUNITY COLLEGE                 ,CO,81052-3999,Public       ,4,22,26,379,490,869
00135800,MESA STATE COLLEGE                      ,CO,81501-7682,Public       ,28,99,127,4773,3443,8216
00135900,COLORADO NORTHWESTERN COMMUNITY COLLEGE ,CO,81648-3598,Public       ,5,63,68,372,490,862
00136000,METROPOLITAN STATE CLG OF DENVER        ,CO,80204-0000,Public       ,81,379,460,10937,15893,26830
00136100,NORTHEASTERN JUNIOR COLLEGE             ,CO,80751-2399,Public       ,12,35,47,1091,641,1732
00136200,OTERO JUNIOR COLLEGE                    ,CO,81050-3346,Public       ,11,56,67,591,935,1526
00136300,REGIS UNIVERSITY                        ,CO,80221-1099,Private      ,7,150,157,2289,9357,11646
00136500,COLORADO STATE UNIVERSITY-PUEBLO        ,CO,81001-4901,Public       ,21,109,130,4255,3540,7795
00136800,TRINIDAD STATE JR COLLEGE               ,CO,81082-2396,Public       ,10,67,77,678,1387,2065
00137000,UNIVERSITY OF COLORADO-BOULDER          ,CO,80309-0077,Public       ,82,145,227,21941,9646,31587
00137100,UNIVERSITY OF DENVER                    ,CO,80208-2000,Private      ,7,151,158,6306,9952,16258
00137200,WESTERN STATE COLLEGE                   ,CO,81231-0000,Public       ,4,6,10,2125,490,2615
00163202,AQUINAS INSTITUTE OF THEOLOGY - AQUINAS ,CO,80903-1498,Private      ,0,0,0,0,5,5
00405702,NATIONAL AMERICAN UNIVERSITY            ,CO,80918-0000,Proprietary  ,0,4,4,19,260,279
00405703,NATIONAL AMERICAN UNIVERSITY            ,CO,80222-0000,Proprietary  ,0,6,6,37,324,361
00450300,EVEREST COLLEGE                         ,CO,80916-3548,Proprietary  ,25,117,142,262,1520,1782
00450600,COLORADO MOUNTAIN COLLEGE               ,CO,81602-0000,Public       ,12,80,92,1286,1313,2599
00450700,EVEREST COLLEGE                         ,CO,80229-4339,Proprietary  ,33,173,206,327,1753,2080
00450701,"EVEREST COLLEGE- EVEREST COLLEGE, AURORA",CO,80012-5692,Proprietary  ,19,94,113,247,1144,1391
00450800,UNIVERSITY OF COLORADO DENVER           ,CO,80204-2029,Public       ,33,283,316,341,3755,4096
00450824,UNIVERSITY OF COLORADO DENVER - AURARIA ,CO,80217-3364,Public       ,0,0,0,6216,10817,17033
00450900,UNIV OF COLORADO AT COLO SPRINGS        ,CO,80918-3735,Public       ,28,131,159,5590,5022,10612
00559600,EMILY GRIFFITH OPPORTUNITY SCH          ,CO,80204-2197,Public       ,10,98,108,520,2245,2765
00729700,REDSTONE COLLEGE                        ,CO,80020-9988,Proprietary  ,4,23,27,314,952,1266
00754700,LINCOLN COLLEGE OF TECHNOLOGY           ,CO,80223-2013,Proprietary  ,63,83,146,1058,1023,2081
00754800,WESTWOOD COLLEGE - DENVER NORTH         ,CO,80221-3653,Proprietary  ,9,70,79,1100,3995,5095
00754801,WESTWOOD COLLEGE - DENVER SOUTH         ,CO,80227-3653,Proprietary  ,3,23,26,312,1125,1437
00758200,AIMS COMMUNITY COLLEGE                  ,CO,80632-0000,Public       ,39,102,141,1991,3861,5852
00764900,ROCKY MOUNTAIN COLG OF ART & DESIGN     ,CO,80214-0000,Proprietary  ,4,3,7,904,281,1185
00793300,FRONT RANGE COMMUNITY COLLEGE           ,CO,80031-2199,Public       ,103,412,515,6142,11871,18013
00863500,INTELLITEC MEDICAL INSTITUTE            ,CO,80909-1570,Proprietary  ,9,53,62,94,542,636
00887100,CONCORDE CAREER INSTITUTE               ,CO,80203-0000,Proprietary  ,7,44,51,261,1220,1481
00889600,PIKES PEAK COMMUNITY COLLEGE            ,CO,80906-5498,Public       ,140,604,744,4628,11613,16241
00940100,COLORADO CHRISTIAN UNIVERSITY           ,CO,80226-7449,Private      ,7,44,51,1455,2194,3649
00954200,COMMUNITY COLLEGE OF DENVER             ,CO,80217-2026,Public       ,99,481,580,3792,9182,12974
00954300,RED ROCKS COMMUNITY COLLEGE             ,CO,80228-1255,Public       ,62,345,407,2404,5741,8145
00998100,MORGAN COMMUNITY COLLEGE                ,CO,80701-4399,Public       ,22,62,84,374,1088,1462
01014800,COLORADO TECHNICAL UNIVERSITY           ,CO,80907-3896,Proprietary  ,31,472,503,614,10055,10669
01014802,COLORADO TECHNICAL UNIV - DENVER        ,CO,80111-3201,Proprietary  ,5,51,56,168,1197,1365
01014805,COLORADO TECH UNIV - ON LINE            ,CO,80907-0000,Proprietary  ,151,3553,3704,1777,47793,49570
01014806,COLORADO TECH UNIV - FED EXPRESS        ,CO,80921-3800,Proprietary  ,0,9,9,8,130,138
01014808,COLORADO TECH UNIV - USAA               ,CO,80920-1005,Proprietary  ,0,2,2,5,31,36
01014809,COLORADO TECH UNIV - SCHRIEVER AFB      ,CO,80912-7298,Proprietary  ,0,0,0,0,3,3
01014810,COLORADO TECH UNIV - PETERSON AFB       ,CO,80914-1586,Proprietary  ,0,0,0,0,6,6
01014811,COLORADO TECH UNIV-HEWLETT PACKARD      ,CO,80919-2303,Proprietary  ,0,1,1,4,10,14
01014812,COLORADO TECHNICAL UNIVERSITY - WESTMINS,CO,80021-3498,Proprietary  ,13,73,86,193,1538,1731
01014813,COLORADO TECH UNIV - ORACLE             ,CO,80921-3660,Proprietary  ,0,1,1,2,31,33
01014815,COLORADO TECHNCL UNIV PUEBLO            ,CO,81003-2315,Proprietary  ,2,8,10,82,584,666
01070900,EMPIRE BEAUTY SCHOOL-LAKEWOOD           ,CO,80215-0000,Proprietary  ,4,5,9,48,176,224
01157200,COLORADO SCHOOL OF TRADES               ,CO,80215-2996,Proprietary  ,1,8,9,104,241,345
01267000,BEL-REA INST OF ANIMAL TECH             ,CO,80247-3048,Proprietary  ,3,11,14,525,802,1327
01285000,INTERNATIONAL SALON AND SPA ACADEMY     ,CO,80918-3684,Proprietary  ,16,20,36,126,283,409
01287500,PICKENS TECHNICAL COLLEGE               ,CO,80011-9307,Public       ,9,16,25,268,766,1034
01300700,NAZARENE BIBLE COLLEGE                  ,CO,80910-3717,Private      ,0,10,10,69,752,821
02072200,EMPIRE BEAUTY SCHOOL -ARVADA            ,CO,80212-0000,Proprietary  ,2,7,9,66,148,214
02078900,ART INSTITUTE OF COLORADO (THE)         ,CO,80203-2983,Proprietary  ,39,78,117,1952,2292,4244
02116300,PUEBLO COMMUNITY COLLEGE                ,CO,81004-0000,Public       ,63,343,406,2058,6359,8417
02116313,SAN JUAN BASINTECHNICAL COLLEGE         ,CO,81328-9196,Public       ,1,2,3,20,99,119
02117500,NAROPA UNIVERSITY                       ,CO,80302-0000,Private      ,0,7,7,381,1295,1676
02133100,COLORADO CENTER FOR MEDICAL LABORATORY S,CO,80218-0000,Private      ,0,1,1,6,63,69
02141100,ARTISTIC BEAUTY COLGS-WESTMINSTER       ,CO,80030-0000,Proprietary  ,6,14,20,104,231,335
02141102,ARTISTIC BEAUTY COLLEGES-LITTLETON      ,CO,80123-3480,Proprietary  ,0,0,0,5,7,12
02141103,ARTISTIC BEAUTY COLLEGES-AURORA         ,CO,80017-3194,Proprietary  ,0,3,3,37,114,151
02156200,DELTA - MONTROSE TECHNICAL COLLEGE      ,CO,81416-0000,Public       ,0,2,2,71,258,329
02160600,EMPIRE BEAUTY SCHOOL -THORNTON          ,CO,80241-1659,Proprietary  ,0,11,11,100,215,315
02165200,SALON PROFESSIONAL ACADEMY (THE)        ,CO,81504-5309,Proprietary  ,4,5,9,78,88,166
02167600,KAPLAN COLLEGE                          ,CO,80229-5309,Proprietary  ,6,63,69,138,832,970
02171300,TRINIDAD STATE JUNIOR COLLEGE           ,CO,81101-0000,Proprietary  ,0,0,0,0,2,2
02188700,DENVER ACAD OF COURT REPORTING          ,CO,80030-0000,Proprietary  ,0,3,3,29,181,210
02211901,CHEEKS INTERNATIONAL ACADEMY OF BEAUTY C,CO,80525-3053,Proprietary  ,1,0,1,8,27,35
02211902,CHEEKS INTERNATIONAL ACDMY BTY CULT     ,CO,80631-0000,Proprietary  ,0,1,1,6,24,30
02253700,INTELLITEC COLLEGE                      ,CO,80909-0000,Proprietary  ,12,95,107,160,803,963
02267500,GLENWOOD BEAUTY ACADEMY                 ,CO,81601-0000,Proprietary  ,1,9,10,22,64,86
02276900,COMMUNITY COLLEGE OF AURORA             ,CO,80011-9036,Public       ,70,331,401,1984,5744,7728
02321700,ITT TECHNICAL INSTITUTE                 ,CO,80229-5338,Proprietary  ,23,78,101,534,1884,2418
02518500,HAIR DYNAMICS EDUCATION CENTER          ,CO,80525-0000,Proprietary  ,2,3,5,113,186,299
02594300,COLLEGE AMERICA - DENVER                ,CO,80222-3380,Proprietary  ,57,319,376,652,3732,4384
02611000,HERITAGE COLLEGE                        ,CO,80212-7413,Proprietary  ,31,93,124,265,1170,1435
03006300,INST OF BUSINESS & MEDICAL CAREERS      ,CO,80525-3044,Proprietary  ,9,65,74,278,1165,1443
03012100,REMINGTON COLLEGE - COLORADO SPRINGS CAM,CO,80215-0000,Proprietary  ,1,7,8,52,308,360
03013100,BOULDER COLLEGE OF MASSAGE THERAPY      ,CO,80301-3295,Private      ,0,1,1,84,219,303
03014900,PLATT COLLEGE                           ,CO,80014-3141,Proprietary  ,2,9,11,52,243,295
03027400,XENON INTERNATIONAL ACADEMY III         ,CO,80014-1193,Proprietary  ,4,9,13,61,130,191
03030606,UTAH COLLEGE OF MASSAGE THERAPY - DENVER,CO,80031-2921,Proprietary  ,15,27,42,155,361,516
03030607,UTAH COLLEGE OF MASSAGE THERAPY - DENVER,CO,80012-2523,Proprietary  ,8,19,27,132,290,422
03031603,DPT BUSINESS SCHOOL                     ,CO,80223-0000,Proprietary  ,0,0,0,0,2,2
03066900,INTELLITEC COLLEGE                      ,CO,81506-3994,Proprietary  ,19,92,111,253,1053,1306
03068201,OHIO CENTER FOR BROADCASTING - COLORADO ,CO,80214-4129,Proprietary  ,1,6,7,70,257,327
03076401,BRYMAN SCHOOL OF ARIZONA (THE) - ANTHEM ,CO,80014-2622,Proprietary  ,1,1,2,9,27,36
03289300,COLORADO HEIGHTS UNIVERSITY             ,CO,80236-2711,Private      ,3,10,13,30,173,203
03306300,MONTESSORI EDUC CRT OF THE ROCKIES      ,CO,80301-2587,Private      ,0,2,2,2,36,38
03534300,JONES INTERNATIONAL UNIVERSITY          ,CO,80112-3446,Proprietary  ,100,1058,1158,267,6536,6803
03545300,UNIVERSITY OF THE ROCKIES               ,CO,80903-3612,Proprietary  ,1,135,136,24,2039,2063
03584400,COLORADO SCHOOL OF HEALING ARTS         ,CO,80226-4332,Proprietary  ,4,6,10,85,296,381
03670300,TONI & GUY HAIRDRESSING ACADEMY         ,CO,80911-1713,Proprietary  ,6,16,22,71,183,254
03686300,COLORADO SCHOOL OF TRADITIONAL CHINESE M,CO,80206-2127,Proprietary  ,0,6,6,4,145,149
03776300,CULINARY SCHOOL OF THE ROCKIES          ,CO,80305-5961,Proprietary  ,0,2,2,25,80,105
03972300,CUTTIN' UP BEAUTY ACADEMY               ,CO,80220-0000,Proprietary  ,2,4,6,24,109,133
03976300,MASSAGE THERAPY INSTITUTE OF COLORADO   ,CO,80206-2127,Proprietary  ,0,4,4,26,119,145
04080300,ASPEN UNIVERSITY                        ,CO,80246-1930,Proprietary  ,0,14,14,16,136,152
04093300,ACADEMY OF NATURAL THERAPY              ,CO,80631-3425,Proprietary  ,4,7,11,26,82,108
04121200,INSTITUTE OF TAOIST EDUCATION AND ACUPUN,CO,80027-1028,Private      ,0,1,1,2,44,46
04125100,MONTESSORI CENTRE INTERNATIONAL DENVER  ,CO,80111-5263,Private      ,0,0,0,0,13,13
04139300,NATIONAL BEAUTY COLLEGE                 ,CO,80221-0000,Proprietary  ,1,10,11,22,123,145
04148300,DENVER SCHOOL OF NURSING                ,CO,80202-1213,Proprietary  ,1,5,6,76,528,604
04151100,SUMMIT SALON & BEAUTY SCHOOL            ,CO,80866-4569,Proprietary  ,0,0,0,0,27,27
04167100,AVEDA INSTITUTE DENVER                  ,CO,80202-0000,Proprietary  ,19,23,42,19,23,42
04170200,PAUL MITCHELL THE SCHOOL COLORADO SPRING,CO,80903-0000,Proprietary  ,14,12,26,14,12,26
04173800,SALON PROFESSIONAL ACADEMY (THE)        ,CO,80918-2932,Proprietary  ,4,1,5,4,1,5
00267811,BRYANT & STRATTON COLLEGE - VIRGINIA BEA,VA,23462-4417,Proprietary  ,4,100,104,459,2320,2779
00370200,AVERETT UNIVERSITY                      ,VA,24541-3692,Private      ,7,166,173,1377,2162,3539
00370300,BLUEFIELD COLLEGE                       ,VA,24605-1799,Private      ,2,17,19,563,610,1173
00370400,BRIDGEWATER COLLEGE                     ,VA,22812-1599,Private      ,0,3,3,3024,160,3184
00370500,COLLEGE OF WILLIAM & MARY               ,VA,23187-8795,Public       ,8,23,31,9759,4301,14060
00370600,CHRISTOPHER NEWPORT UNIVERSITY          ,VA,23606-2998,Public       ,8,12,20,6982,1087,8069
00370700,RICHARD BLAND COLLEGE                   ,VA,23805-7100,Public       ,2,6,8,1146,569,1715
00370800,EASTERN MENNONITE UNIVERSITY            ,VA,22802-2462,Private      ,0,4,4,1044,499,1543
00370900,EMORY & HENRY COLLEGE                   ,VA,24327-0010,Private      ,2,2,4,1405,157,1562
00371100,FERRUM COLLEGE                          ,VA,24088-2612,Private      ,5,1,6,2744,277,3021
00371200,TIDEWATER COMMUNITY COLLEGE             ,VA,23510-1910,Public       ,169,833,1002,10414,21791,32205
00371300,HAMPDEN-SYDNEY COLLEGE                  ,VA,23943-0128,Private      ,0,1,1,1220,39,1259
00371400,HAMPTON UNIVERSITY                      ,VA,23668-0099,Private      ,25,26,51,9709,2935,12644
00371500,HOLLINS UNIVERSITY                      ,VA,24020-0000,Private      ,1,9,10,946,623,1569
00371900,LONGWOOD UNIVERSITY                     ,VA,23909-1899,Public       ,5,14,19,5020,716,5736
00372000,LYNCHBURG COLLEGE                       ,VA,24501-3199,Private      ,1,8,9,3339,647,3986
00372100,JAMES MADISON UNIVERSITY                ,VA,22807-3780,Public       ,14,17,31,20804,2358,23162
00372300,MARY BALDWIN COLLEGE                    ,VA,24401-3610,Private      ,2,31,33,1278,1076,2354
00372400,MARYMOUNT UNIVERSITY                    ,VA,22207-4224,Private      ,5,28,33,2444,2108,4552
00372600,NATIONAL COLLEGE                        ,VA,24153-4524,Proprietary  ,17,91,108,1237,9775,11012
00372700,NORTHERN VA CMTY CLG                    ,VA,22003-3743,Public       ,202,613,815,11180,15190,26370
00372800,OLD DOMINION UNIVERSITY                 ,VA,23529-0052,Public       ,47,210,257,17361,12986,30347
00373200,RADFORD UNIVERSITY                      ,VA,24142-6905,Public       ,4,29,33,8052,2201,10253
00373300,RANDOLPH-MACON COLLEGE                  ,VA,23005-5505,Private      ,2,0,2,2466,132,2598
00373400,RANDOLPH COLLEGE                        ,VA,24503-1526,Private      ,1,1,2,882,98,980
00373500,VIRGINIA COMMONWEALTH UNIVERSITY        ,VA,23284-9004,Public       ,69,136,205,21959,13664,35623
00373600,ROANOKE COLLEGE                         ,VA,24153-3794,Private      ,1,1,2,3041,233,3274
00373700,SHENANDOAH UNIVERSITY                   ,VA,22601-5195,Private      ,3,21,24,2453,1929,4382
00373800,SOUTHERN VIRGINIA UNIVERSITY            ,VA,24416-3038,Private      ,3,3,6,734,251,985
00373900,ST PAULS COLLEGE                        ,VA,23868-1299,Private      ,1,7,8,576,447,1023
00374200,SWEET BRIAR COLLEGE                     ,VA,24595-9998,Private      ,1,1,2,750,51,801
00374300,UNION THEO SEMINARY & PRESBYTRN SCH     ,VA,23227-0000,Private      ,0,4,4,1,92,93
00374400,UNIVERSITY OF RICHMOND                  ,VA,23173-0001,Private      ,0,15,15,5285,2521,7806
00374500,UNIVERSITY OF VIRGINIA - SFS            ,VA,22903-0000,Public       ,24,53,77,18521,9856,28377
00374600,UNIVERSITY OF MARY WASHINGTON           ,VA,22401-5358,Public       ,6,17,23,4784,1190,5974
00374700,UNIV OF VIRGINIA'S COLLEGE AT WISE      ,VA,24293-4412,Public       ,4,5,9,1913,431,2344
00374800,EASTERN SHORE COMMUNITY COLLEGE         ,VA,23410-3000,Public       ,7,19,26,388,704,1092
00374900,GEORGE MASON UNIVERSITY                 ,VA,22030-4444,Public       ,47,176,223,16491,14583,31074
00375100,PATRICK HENRY COMMUNITY COLLEGE         ,VA,24112-5311,Public       ,12,110,122,1146,2850,3996
00375200,VIRGINIA INTERMONT COLLEGE              ,VA,24201-4298,Private      ,2,1,3,850,345,1195
00375300,VIRGINIA MILITARY INSTITUTE             ,VA,24450-2138,Public       ,6,0,6,1578,69,1647
00375400,VIRGINIA POLYTECH INST & STATE UNIV     ,VA,24061-2000,Public       ,32,65,97,25052,5153,30205
00375800,DANVILLE COMMUNITY COLLEGE              ,VA,24541-4004,Public       ,26,96,122,1420,3202,4622
00375900,J. SARGEANT REYNOLDS COMMUNITY CLG      ,VA,23285-0000,Public       ,62,232,294,4440,9338,13778
00376000,VIRGINIA WESTERN CMTY COLLEGE           ,VA,24038-0000,Public       ,31,201,232,2559,4436,6995
00376100,WYTHEVILLE COMMUNITY COLLEGE            ,VA,24382-3308,Public       ,31,87,118,1234,2271,3505
00376200,VIRGINIA UNIVERSITY OF LYNCHBURG        ,VA,24501-6400,Private      ,3,21,24,102,439,541
00376400,VIRGINIA STATE UNIVERSITY               ,VA,23806-0001,Public       ,31,27,58,9709,2911,12620
00376500,NORFOLK STATE UNIVERSITY                ,VA,23504-8000,Public       ,34,61,95,8984,6219,15203
00376600,VIRGINIA UNION UNIVERSITY               ,VA,23220-1711,Private      ,7,9,16,3461,1151,4612
00376700,VIRGINIA WESLEYAN COLLEGE               ,VA,23502-5599,Private      ,1,7,8,1904,632,2536
00376800,WASHINGTON & LEE UNIVERSITY             ,VA,24450-0303,Private      ,1,2,3,2525,1659,4184
00400400,JOHN TYLER COMMUNITY COLLEGE            ,VA,23831-5316,Public       ,41,171,212,3043,5541,8584
00450301,"EVEREST COLLEGE- EVEREST COLLEGE, MCLEAN",VA,22102-3000,Proprietary  ,29,97,126,215,715,930
00450702,"EVEREST COLLEGE- EVEREST COLLEGE, ARLING",VA,22203-1905,Proprietary  ,30,128,158,360,1142,1502
00498800,CENTRAL VIRGINIA COMMUNITY COLLEGE      ,VA,24502-2498,Public       ,15,69,84,1509,2454,3963
00499200,MILLER-MOTTE TECHNICAL COLLEGE          ,VA,24505-0000,Proprietary  ,14,49,63,216,648,864
00499600,DABNEY S LANCASTER COMMUNITY CLG        ,VA,24422-1000,Public       ,13,38,51,525,669,1194
00522300,NEW RIVER COMMUNITY COLLEGE             ,VA,24084-1127,Public       ,12,36,48,1580,2374,3954
00607500,ROANOKE MEM HOSP SCH RAD ONCOLOGY       ,VA,24033-0000,Private      ,0,0,0,9,11,20
00607501,ROANOKE MEM HOSP SCH RAD TECH           ,VA,24014-1850,Private      ,1,0,1,6,13,19
00662200,COLLEGE OF HEALTH SCIENCES - CHRV       ,VA,24031-0000,Private      ,1,10,11,521,931,1452
00681900,BLUE RIDGE COMMUNITY COLLEGE            ,VA,24486-0080,Public       ,20,57,77,1865,2208,4073
00687100,THOMAS NELSON COMMUNITY COLLEGE         ,VA,23670-0000,Public       ,52,279,331,3559,7565,11124
00709900,VIRGINIA HIGHLANDS COMMUNITY CLG        ,VA,24210-4210,Public       ,3,27,30,1223,1818,3041
00726000,SOUTHWEST VIRGINIA COMMUNITY CLG        ,VA,24641-1510,Public       ,8,28,36,1216,2176,3392
00859200,LOUISE OBICI SCHOOL OF NURSING          ,VA,23434-8038,Private      ,0,0,0,13,37,50
00859202,SUFFOLK PUB SCH-LOUISE OBICI SCH PN     ,VA,23434-0000,Private      ,0,0,0,2,6,8
00865900,LORD FAIRFAX COMMUNITY COLLEGE          ,VA,22645-0047,Public       ,38,112,150,1782,2730,4512
00866000,GERMANNA COMMUNITY COLLEGE              ,VA,22508-0339,Public       ,29,84,113,1791,2992,4783
00866100,SOUTHSIDE VIRGINIA CMTY CLG             ,VA,23821-2930,Public       ,53,245,298,1665,3914,5579
00915900,PAUL D CAMP COMMUNITY COLLEGE           ,VA,23851-0737,Public       ,10,65,75,475,1389,1864
00916000,RAPPAHANNOCK COMMUNITY COLLEGE          ,VA,23149-2616,Public       ,16,57,73,805,1282,2087
00926700,EVEREST COLLEGE                         ,VA,23606-4203,Proprietary  ,15,103,118,167,1092,1259
00926701,EVEREST COLLEGE - CHESAPEAKE            ,VA,23320-2637,Proprietary  ,16,138,154,229,1434,1663
00942000,SANFORD-BROWN COLLEGE                   ,VA,22182-3913,Proprietary  ,31,106,137,457,1080,1537
00953500,STAUNTON SCHOOL OF COSMETOLOGY          ,VA,24401-4323,Proprietary  ,0,2,2,16,46,62
00953700,VIRGINIA SCH OF HAIR DESIGN             ,VA,23669-0000,Proprietary  ,1,15,16,44,156,200
00962900,MOUNTAIN EMPIRE COMMUNITY COLLEGE       ,VA,24219-0700,Public       ,4,22,26,1173,2050,3223
00992800,PIEDMONT VIRGINIA COMMUNITY COLLEGE     ,VA,22902-7589,Public       ,26,68,94,1410,2293,3703
01004300,BON SECOURS MEMORIAL COLLEGE OF NURSING ,VA,23227-4612,Private      ,1,5,6,156,499,655
01019800,ECPI COLLEGE OF TECHNOLOGY              ,VA,23462-6542,Proprietary  ,72,321,393,3903,14365,18268
01033800,EASTERN VIRGINIA MEDICAL SCHOOL         ,VA,23501-1980,Private      ,0,2,2,45,1249,1294
01159600,RALPH'S VIRGINIA SCH OF COSMETOLOGY     ,VA,24501-2652,Proprietary  ,1,6,7,16,41,57
01162601,WESTWOOD COLLEGE - SOUTH BAY - ARLINGTON,VA,22203-4167,Proprietary  ,3,16,19,514,737,1251
01162602,WESTWOOD COLLEGE - SOUTH BAY - ANNANDALE,VA,22003-2602,Proprietary  ,4,9,13,284,721,1005
01274400,SOUTHSIDE REGIONAL MED CTR PROF SCHOOLS ,VA,23803-5133,Proprietary  ,1,2,3,64,230,294
01274402,SOUTHSIDE REG MED CTR SCH RAD TECH      ,VA,23803-0000,Proprietary  ,0,0,0,7,28,35
02053000,LIBERTY UNIVERSITY                      ,VA,24502-0000,Private      ,99,1878,1977,16781,40094,56875
02108800,WARDS CORNER BEAUTY ACADEMY             ,VA,23505-0000,Proprietary  ,3,22,25,77,475,552
02111600,DANVILLE REGIONAL MEDICAL CENTER SCHOOL ,VA,24541-0000,Proprietary  ,0,0,0,45,100,145
02128700,CENTRAL SCHOOL OF PRACTICAL NURSING     ,VA,23502-2230,Public       ,0,3,3,22,113,135
02140000,RIVERSIDE SCHOOL OF HEALTH CAREERS      ,VA,23608-3802,Private      ,2,9,11,117,567,684
02175800,LYNCHBURG GENERAL HOSP SCH OF NURSG     ,VA,24501-0000,Private      ,1,1,2,93,193,286
02197600,WOODROW WILSON REHABILITATION CTR       ,VA,22939-0000,Public       ,2,0,2,33,29,62
02242400,HENRICO CTY ST MARYS HOSP PRAC NRSG     ,VA,23075-0000,Public       ,0,0,0,11,45,56
02247200,MEDSPA CAREERS INSTITUTE                ,VA,23606-0000,Proprietary  ,1,9,10,112,387,499
02304500,HERITAGE INSTITUTE                      ,VA,20111-0000,Proprietary  ,12,51,63,155,627,782
02320900,TIDEWATER TECH                          ,VA,23517-0000,Proprietary  ,22,92,114,159,769,928
02334400,CENTURA COLLEGE                         ,VA,23452-0000,Proprietary  ,54,523,577,679,5725,6404
02342700,FORTIS COLLEGE                          ,VA,23502-4101,Proprietary  ,6,32,38,139,543,682
02342701,FORTIS COLLEGE - RICHMOND CAMPUS        ,VA,23236-3472,Proprietary  ,13,42,55,165,518,683
02358500,BON SECOURS SAINT MARY'S HOSPITAL SCHOOL,VA,23227-4612,Private      ,0,7,7,12,65,77
02535400,SKYLINE COLLEGE - RICHMOND              ,VA,23236-0000,Proprietary  ,7,14,21,310,706,1016
02538800,SUFFOLK BEAUTY ACADEMY                  ,VA,23434-0000,Proprietary  ,1,9,10,20,88,108
02541200,STRATFORD UNIVERSITY                    ,VA,22043-0000,Proprietary  ,5,35,40,182,954,1136
02541201,STRATFORD UNIVERSITY-WOODBRIDGE         ,VA,22192-0000,Proprietary  ,1,8,9,60,270,330
02610100,WASHINGTON COUNTY ADULT SKILL CTR       ,VA,24210-2346,Public       ,1,7,8,32,155,187
03002400,GRAHAM WEBB INTERNATIONAL ACAD HAIR     ,VA,22209-2129,Proprietary  ,5,15,20,80,155,235
03010700,BAR PALMA BEAUTY CAREERS  ACADEMY       ,VA,24014-2255,Proprietary  ,3,7,10,37,120,157
03042800,"VIRGINIA BEACH CITY SCHOOLS, SCH.-PR.NSG",VA,23456-0038,Public       ,0,2,2,29,73,102
03091100,ACT COLLEGE                             ,VA,22209-2297,Proprietary  ,7,49,56,144,578,722
03091300,REGENT UNIVERSITY                       ,VA,23464-9800,Private      ,8,150,158,774,6474,7248
03092700,SKYLINE COLLEGE                         ,VA,24012-1603,Proprietary  ,3,3,6,149,625,774
03096500,SPRINGFIELD BEAUTY ACADEMY              ,VA,22003-3016,Proprietary  ,1,17,18,12,138,150
03106500,SENTARA NORFOLK GENERAL HOSPITAL        ,VA,23320-2843,Private      ,2,2,4,136,542,678
03116900,BAPTIST THEOLOGICAL SEM.-RICHMOND       ,VA,23227-0000,Private      ,0,0,0,1,49,50
03126300,AVIATION INSTITUTE OF MAINTENANCE       ,VA,23320-5987,Proprietary  ,12,66,78,165,621,786
03126400,CENTURA COLLEGE                         ,VA,23235-5230,Proprietary  ,9,76,85,189,858,1047
03126401,CENTURA COLLEGE - WEST                  ,VA,23294-0000,Proprietary  ,0,3,3,15,116,131
03127500,ADVANCED TECHNOLOGY INSTITUTE           ,VA,23462-2409,Proprietary  ,11,35,46,583,768,1351
03280400,VIRGINIA SCHOOL OF MASSAGE              ,VA,22903-0000,Proprietary  ,6,16,22,82,212,294
03409500,RICHMOND SCHOOL OF HEALTH AND TECH      ,VA,23227-0000,Proprietary  ,13,54,67,155,968,1123
03455300,CRESCENT COSMETOLOGY UNIVERSITY         ,VA,23666-3115,Proprietary  ,0,3,3,5,27,32
03559300,APPALACHIAN SCHOOL OF LAW               ,VA,24614-0000,Private      ,0,2,2,8,732,740
03638400,TAP THIS VALLEY WORKS CTR FOR EMPLO     ,VA,24016-1901,Private      ,0,2,2,1,23,24
03645400,RUDY & KELLY ACADEMY OF HAIR AND NA     ,VA,23464-6857,Proprietary  ,2,9,11,132,242,374
03654300,CAREER TRAINING SOLUTIONS               ,VA,22406-1014,Proprietary  ,7,40,47,80,494,574
03709300,EDWARD VIA VIRGINIA CLG OSTEOPATHIC MED ,VA,24060-6360,Private      ,0,0,0,5,746,751
03872400,INSTITUTE FOR THE PSYCHOLOGICAL SCIENCES,VA,22202-3609,Private      ,0,0,0,5,102,107
03876300,CULPEPER COSMETOLOGY TRAINING CENTER    ,VA,22701-3155,Public       ,0,0,0,11,53,64
03883400,AVIATION INSTITUTE OF MAINTENANCE       ,VA,20110-4156,Proprietary  ,23,77,100,126,464,590
04038400,AVI CAREER INSTITUTE                    ,VA,22066-1839,Proprietary  ,1,6,7,8,99,107
04124000,DOMINION SCHOOL OF HAIR DESIGN          ,VA,23062-2221,Proprietary  ,0,0,0,11,36,47
04127300,COLUMBIA COLLEGE                        ,VA,22031-4413,Proprietary  ,0,23,23,7,125,132
04133400,CENTURA COLLEGE                         ,VA,22312-2670,Proprietary  ,4,21,25,35,163,198
04133800,SOUTHEAST CULINARY & HOSPITALITY COLLEGE,VA,24201-4159,Proprietary  ,2,3,5,53,95,148
04137300,CAYCE/REILLY SCHOOL OF MASSOTHERAPY     ,VA,23451-2061,Private      ,0,0,0,12,51,63
04140000,GLOBAL HEALTH NURSE TRAINING SERVICES   ,VA,22314-4585,Proprietary  ,3,16,19,35,282,317
04153800,BETHEL COLLEGE                          ,VA,23666-3122,Private      ,0,5,5,2,7,9
04156200,INSTITUTE OF ADVANCED MEDICAL ESTHETICS ,VA,23294-4701,Proprietary  ,1,7,8,3,30,33
00107000,THUNDERBIRD SCHOOL OF GLOBAL MANAGEMENT ,AZ,85306-6000,Private      ,0,13,13,8,901,909
00107100,ARIZONA WESTERN COLLEGE                 ,AZ,85366-0000,Public       ,155,170,325,4033,4881,8914
00107200,COCHISE COLLEGE                         ,AZ,85607-6190,Public       ,42,89,131,1378,2589,3967
00107300,EASTERN ARIZONA COLLEGE                 ,AZ,85552-0769,Public       ,16,37,53,1387,1847,3234
00107400,GRAND CANYON UNIVERSITY                 ,AZ,85017-3030,Proprietary  ,35,1163,1198,3362,53998,57360
00107600,GLENDALE COMMUNITY COLLEGE              ,AZ,85302-3090,Public       ,208,419,627,8340,11363,19703
00107700,MESA COMMUNITY COLLEGE                  ,AZ,85202-4866,Public       ,154,542,696,9466,15595,25061
00107800,PHOENIX COLLEGE                         ,AZ,85013-4234,Public       ,106,352,458,4566,10184,14750
00107900,YAVAPAI COLLEGE                         ,AZ,86301-3297,Public       ,23,102,125,1912,3760,5672
00108100,ARIZONA STATE UNIV (ALL CAMPUSES)       ,AZ,85287-0412,Public       ,433,538,971,41557,32450,74007
00108200,NORTHERN ARIZONA UNIVERSITY             ,AZ,86011-0001,Public       ,75,285,360,19311,12527,31838
00108300,UNIVERSITY OF ARIZONA                   ,AZ,85721-0066,Public       ,333,191,524,25526,14481,40007
00165701,MIDWESTERN UNIVERSITY                   ,AZ,85308-0000,Private      ,0,6,6,76,2850,2926
00446700,TUCSON COLLEGE                          ,AZ,85711-3781,Proprietary  ,24,79,103,211,844,1055
00711300,SOUTHWESTERN COLLEGE                    ,AZ,85032-7097,Private      ,2,6,8,408,234,642
00726600,PIMA COUNTY COMMUNITY COLLEGE           ,AZ,85709-1110,Public       ,155,516,671,9782,17398,27180
00728300,CENTRAL ARIZONA COLLEGE                 ,AZ,85228-9779,Public       ,70,205,275,2281,4343,6624
00822100,UNIVERSAL TECHNICAL INSTITUTE           ,AZ,85323-7946,Proprietary  ,285,445,730,10640,8333,18973
00824600,DINè COLLEGE                            ,AZ,86556-0126,Public       ,24,52,76,880,1415,2295
00830300,GATEWAY COMMUNITY COLLEGE               ,AZ,85034-1795,Public       ,42,221,263,1674,6184,7858
00830302,MARICOPA SKILL CENTER                   ,AZ,85034-0000,Public       ,16,82,98,512,1935,2447
00830400,SCOTTSDALE COMMUNITY COLLEGE            ,AZ,85250-0000,Public       ,42,138,180,3300,4293,7593
00832200,DEVRY INSTITUTE OF TECHNOLOGY           ,AZ,85021-2995,Proprietary  ,4,23,27,15,68,83
00886400,ARIZONA ACADEMY OF BEAUTY               ,AZ,85712-5021,Proprietary  ,5,8,13,32,105,137
00886500,ARTISTIC BEAUTY COLLEGES-TUCSON         ,AZ,85716-3999,Proprietary  ,13,19,32,194,433,627
00886501,ARTISTIC BEAUTY COLLEGES - TUCSON  - NOR,AZ,85705-1665,Proprietary  ,0,0,0,7,23,30
00945100,BROWN MACKIE COLLEGE                    ,AZ,85712-5300,Proprietary  ,70,402,472,819,4284,5103
01084700,ARIZONA AUTOMOTIVE INSTITUTE            ,AZ,85301-3503,Proprietary  ,42,109,151,636,1955,2591
01085800,AVALON SCHOOL OF COSMETOLOGY            ,AZ,85210-4010,Proprietary  ,17,38,55,227,477,704
01168900,REFRIGERATION SCHOOL                    ,AZ,85034-0000,Proprietary  ,9,87,96,177,1133,1310
01180200,ARIZONA ACADEMY OF BEAUTY-NORTH         ,AZ,85705-2720,Proprietary  ,5,4,9,31,84,115
01180800,ARTISTIC BEAUTY COLLEGES-FLAGSTAFF      ,AZ,86004-5119,Proprietary  ,7,14,21,166,447,613
01180801,CLG OF BEAUTY ARTS & SCI/CHANDLER       ,AZ,85224-0000,Proprietary  ,0,0,0,10,21,31
01180802,CLG OF BEAUTY ARTS & SCI/PRESCOTT       ,AZ,86303-0000,Proprietary  ,0,1,1,8,16,24
01186200,NORTHLAND PIONEER COLLEGE               ,AZ,86025-2996,Public       ,22,62,84,718,1984,2702
01186400,MOHAVE COMMUNITY COLLEGE                ,AZ,86409-1238,Public       ,49,200,249,1564,6083,7647
01218400,INTERNATIONAL ACAD OF HAIR DESIGN       ,AZ,85225-7198,Proprietary  ,21,24,45,130,246,376
01234300,ARTISTIC BEAUTY COLLEGES-PHOENIX        ,AZ,85304-0000,Proprietary  ,12,15,27,208,346,554
01234301,EMPIRE BEAUTY SCHOOL - AVONDALE         ,AZ,85323-2352,Proprietary  ,0,0,0,12,28,40
01293700,ARTISTIC BEAUTY COLLEGES - PARADISE VALL,AZ,85257-0000,Proprietary  ,5,10,15,62,123,185
02065200,ITT TECHNICAL INSTITUTE                 ,AZ,85282-0000,Proprietary  ,27,84,111,869,3280,4149
02065300,PRESCOTT COLLEGE                        ,AZ,86301-0000,Private      ,1,5,6,467,1110,1577
02071200,KAPLAN COLLEGE                          ,AZ,85029-4349,Proprietary  ,21,108,129,488,2109,2597
02098800,UNIVERSITY OF PHOENIX                   ,AZ,85040-0000,Proprietary  ,3103,57239,60342,34130,630019,664149
02100500,UNIVERSAL TECHNICAL INSTITUTE           ,AZ,85027-0000,Proprietary  ,195,410,605,8681,11028,19709
02100600,APOLLO COLLEGE                          ,AZ,85015-0000,Proprietary  ,76,330,406,2174,7668,9842
02113800,ROBERTO-VENN SCH OF LUTHIERY            ,AZ,85040-0000,Proprietary  ,0,1,1,32,77,109
02146600,SOUTH MOUNTAIN COMMUNITY COLLEGE        ,AZ,85040-0000,Public       ,62,137,199,1859,3377,5236
02171500,WESTERN INTERNATIONAL UNIVERSITY        ,AZ,85021-0000,Proprietary  ,9,259,268,88,3142,3230
02174900,COLLINS COLLEGE                         ,AZ,85040-4000,Proprietary  ,5,16,21,1236,1194,2430
02177500,RIO SALADO COMMUNITY COLLEGE            ,AZ,85281-0000,Public       ,91,1062,1153,1783,16010,17793
02190702,FORTIS COLLEGE - PHOENIX CAMPUS         ,AZ,85006-3759,Proprietary  ,1,4,5,8,30,38
02192300,MARICOPA BEAUTY COLLEGE                 ,AZ,85323-0000,Proprietary  ,1,5,6,55,140,195
02199900,AMERICAN INDIAN CLG-ASSEMBLIES GOD      ,AZ,85021-0000,Private      ,0,0,0,69,86,155
02217100,PIMA MEDICAL INSTITUTE                  ,AZ,85716-0000,Proprietary  ,195,561,756,2987,10016,13003
02218800,BROOKLINE COLLEGE                       ,AZ,85019-1600,Proprietary  ,65,332,397,515,2989,3504
02218804,BROOKLINE COLLEGE - MESA                ,AZ,85204-4448,Proprietary  ,26,104,130,139,653,792
02218805,BROOKLINE COLLEGE - TUCSON              ,AZ,85711-5444,Proprietary  ,41,183,224,218,1038,1256
02220300,ARTISTIC BEAUTY COLLEGES-GLENDALE       ,AZ,85051-0000,Proprietary  ,11,25,36,198,509,707
02263100,ANTHEM COLLEGE                          ,AZ,85014-0000,Proprietary  ,79,453,532,849,3864,4713
02280500,CHARLES OF ITALY BEAUTY COLLEGE         ,AZ,86403-0000,Proprietary  ,3,7,10,39,101,140
02295000,EVEREST COLLEGE                         ,AZ,85021-1610,Proprietary  ,108,1100,1208,1351,12617,13968
02295002,EVEREST COLLEGE - MESA                  ,AZ,85206-4704,Proprietary  ,15,89,104,212,1222,1434
02317800,AMERICAN INSTITUTE OF TECHNOLOGY        ,AZ,85043-0000,Proprietary  ,9,194,203,66,2043,2109
02361100,ITT TECHNICAL INSTITUTE                 ,AZ,85704-0000,Proprietary  ,80,168,248,989,2534,3523
02491500,THE ART CENTER DESIGN COLLEGE           ,AZ,85716-0000,Proprietary  ,5,14,19,244,460,704
02521500,LAMSON COLLEGE                          ,AZ,85284-1141,Proprietary  ,7,39,46,133,656,789
02533200,FRANK LLOYD WRIGHT SCHOOL OF ARCHITECTUR,AZ,85261-4430,Private      ,0,0,0,12,47,59
02559000,UNIVERSITY OF ADVANCING TECHNOLOGY      ,AZ,85283-0000,Proprietary  ,11,29,40,1137,842,1979
02561900,TONI AND GUY HAIRDRESSING ACADEMY       ,AZ,85251-3301,Proprietary  ,11,11,22,202,208,410
02582700,CORTIVA INSTITUTE - TUCSON              ,AZ,85710-3503,Proprietary  ,2,10,12,71,265,336
02616700,LE CORDON BLEU COLLEGE OF CULINARY ARTS ,AZ,85251-2729,Proprietary  ,6,27,33,1185,2644,3829
02623600,PARADISE VALLEY COMMUNITY COLLEGE       ,AZ,85032-1210,Public       ,49,140,189,2796,4319,7115
02623800,CORTIVA INSTITUTE - SCOTTSDALE          ,AZ,85257-4218,Proprietary  ,3,5,8,67,242,309
03005000,SAFFORD COLLEGE OF BEAUTY CULTURE       ,AZ,85546-3309,Proprietary  ,2,24,26,18,75,93
03010613,VIRGINIA COLLEGE - GOLF ACADEMY OF ARIZO,AZ,85225-6742,Proprietary  ,0,13,13,153,291,444
03030604,UTAH COLLEGE OF MASSAGE THERAPY - ARIZON,AZ,85282-0000,Proprietary  ,24,47,71,193,487,680
03030605,UTAH COLLEGE OF MASSAGE THERAPY - ARIZON,AZ,85051-3470,Proprietary  ,23,28,51,256,403,659
03034400,CONSERVATORY RECORDING ARTS & SCIS      ,AZ,85282-1707,Proprietary  ,18,22,40,718,853,1571
03072200,CHANDLER-GILBERT COMMUNITY COLLEGE      ,AZ,85225-2499,Public       ,66,151,217,3799,4885,8684
03076400,BRYMAN SCHOOL OF ARIZONA                ,AZ,85029-4919,Proprietary  ,159,523,682,1536,4807,6343
03097800,CARSTEN INSTITUTE OF HAIR & BEAUTY      ,AZ,85282-5404,Proprietary  ,3,14,17,107,259,366
03100400,COCONINO COUNTY COMMUNITY COLLEGE       ,AZ,86001-2701,Public       ,18,48,66,1199,2008,3207
03107000,SOUTHWEST CLG OF NATUROPATHIC MED       ,AZ,85282-0000,Private      ,0,5,5,9,442,451
03115000,ARIZONA COLLEGE OF ALLIED HEALTH        ,AZ,85302-3843,Proprietary  ,8,41,49,234,1268,1502
03120300,COLLEGE AMERICA                         ,AZ,86004-3936,Proprietary  ,18,100,118,234,1024,1258
03156300,ESTRELLA MOUNTAIN COMMUNITY COLLEGE     ,AZ,85392-1010,Public       ,59,160,219,2587,4204,6791
03156301,ESTRELLA MOUNTAIN COMMUNITY COLLEGE - SO,AZ,85392-1010,Public       ,18,48,66,807,1526,2333
03347300,INTERNATIONAL BAPTIST COLLEGE           ,AZ,85282-6799,Private      ,2,0,2,58,22,80
03445300,HDS TRUCK DRIVING INSTITUTE             ,AZ,85731-0000,Proprietary  ,0,17,17,2,83,85
03478400,PHOENIX SEMINARY                        ,AZ,85018-7611,Private      ,0,4,4,5,98,103
03572300,EAST VALLEY INSTITUTE OF TECHNOLOGY     ,AZ,85201-6910,Public       ,4,4,8,121,203,324
03593300,SOUTHWEST INSTITUTE OF HEALING ARTS     ,AZ,85281-3658,Proprietary  ,5,29,34,110,772,882
03617500,PHOENIX INSTITUTE OF HERBAL MEDICINE & A,AZ,85012-0000,Proprietary  ,0,7,7,7,188,195
03695500,ARIZONA SCHOOL OF ACUPUNCTURE AND ORIENT,AZ,85712-1100,Proprietary  ,0,3,3,5,78,83
03740500,ART INSTITUTE OF TUCSON (THE)           ,AZ,85712-2732,Proprietary  ,5,26,31,302,468,770
03784400,TOHONO O'ODHAM COMMUNITY COLLEGE        ,AZ,85634-3129,Public       ,2,4,6,22,89,111
03813300,NORTHCENTRAL UNIVERSITY                 ,AZ,86314-2336,Proprietary  ,1,161,162,9,2191,2200
03814300,TURNING POINT BEAUTY COLLEGE            ,AZ,85222-4229,Proprietary  ,7,10,17,28,89,117
04051300,ART INSTITUTE OF PHOENIX (THE)          ,AZ,85021-2859,Proprietary  ,332,1688,2020,2383,6294,8677
04059300,TUCSON COLLEGE OF BEAUTY                ,AZ,85705-2451,Proprietary  ,3,4,7,53,106,159
04120900,ARIZONA CULINARY INSTITUTE              ,AZ,85259-4939,Proprietary  ,2,12,14,186,309,495
04131400,PHOENIX SCHOOL OF LAW                   ,AZ,85012-3330,Proprietary  ,0,6,6,14,1029,1043
04138800,MODERN TECHNIQUES BEAUTY COLLEGE        ,AZ,86403-2974,Proprietary  ,1,4,5,18,36,54
04139200,UNIVERSAL BARBER COLLEGE                ,AZ,85007-3914,Proprietary  ,9,11,20,25,48,73
04152900,STUDIO ACADEMY OF BEAUTY (THE)          ,AZ,85224-3600,Proprietary  ,6,22,28,45,113,158
00142800,DELAWARE STATE UNIVERSITY               ,DE,19901-2277,Public       ,29,22,51,6917,2010,8927
00142900,GOLDEY BEACOM COLLEGE                   ,DE,19808-1993,Private      ,3,16,19,502,424,926
00143100,UNIVERSITY OF DELAWARE                  ,DE,19716-0099,Public       ,27,30,57,22257,2972,25229
00143300,WESLEY COLLEGE                          ,DE,19901-3875,Private      ,5,17,22,2403,580,2983
00143301,WESLEY COLLEGE-CTR FOR ADULT STUDIE     ,DE,19720-0000,Private      ,0,10,10,32,401,433
00331301,WIDENER UNIV SCHOOL OF LAW - DE         ,DE,19803-0000,Private      ,0,3,3,43,1814,1857
00705300,DELAWARE TECH & CMTY COLLEGE-OWENS      ,DE,19947-0000,Public       ,26,101,127,2015,3175,5190
00794800,WILMINGTON UNIVERSITY                   ,DE,19720-6491,Private      ,23,201,224,2063,6810,8873
01172700,DELAWARE TECH & CMTY CLG-TERRY          ,DE,19901-8736,Public       ,21,78,99,1667,2445,4112
02125200,BEEBE SCHOOL OF NURSING                 ,DE,19958-1462,Private      ,0,0,0,42,83,125
02144900,DELAWARE TECH & CMTY CLG-STANTN/WLM     ,DE,19801-0000,Public       ,28,125,153,3362,4084,7446
02190400,SCHILLING DOUGLAS SCH OF HAIR DSGN      ,DE,19711-0000,Proprietary  ,0,3,3,81,153,234
02586902,STAR TECHNICAL INSTITUTE -              ,DE,19901-4615,Proprietary  ,0,0,0,3,44,47
03025800,DAWN TRAINING CENTRE                    ,DE,19805-1511,Proprietary  ,22,170,192,113,839,952
03543300,HARRIS SCHOOL OF BUSINESS               ,DE,19803-5341,Proprietary  ,16,80,96,211,842,1053
03702300,DELAWARE LEARNING INSTITUTE OF COSMETOLO,DE,19939-9759,Proprietary  ,0,6,6,61,178,239
04130700,ACADEMY OF MASSAGE AND BODYWORK         ,DE,19701-1321,Proprietary  ,0,0,0,9,47,56
04139800,DELAWARE COLLEGE OF ART & DESIGN        ,DE,19801-3007,Private      ,3,6,9,378,94,472
04171100,DELAWARE ACADEMY PAUL MITCHELL PARTNER S,DE,19702-5108,Proprietary  ,2,2,4,2,2,4
        ,FEDERAL STUDENT AID USE ONLY            ,DC,20202-0000,,0,0,0,2,116,118
00143400,AMERICAN UNIVERSITY                     ,DC,20016-8020,Private      ,9,39,48,12133,11147,23280
00143700,CATHOLIC UNIVERSITY OF AMERICA          ,DC,20064-0002,Private      ,10,48,58,4934,2717,7651
00143711,"CATHOLIC UNIV AMERICA, LAW SCHOOL       ",DC,20064-0000,Private      ,0,3,3,43,1751,1794
00144100,UNIV OF THE DISTRICT OF COLUMBIA        ,DC,20008-0000,Public       ,17,90,107,2384,5174,7558
00144102,UNIV OF THE DIST OF COLU -SCHOOL OF LAW ,DC,20008-1173,Public       ,3,19,22,120,1242,1362
00144300,GALLAUDET UNIVERSITY                    ,DC,20002-3695,Private      ,3,6,9,846,871,1717
00144400,GEORGE WASHINGTON UNIVERSITY            ,DC,20052-2353,Private      ,18,176,194,12106,11218,23324
00144402,GEORGE WASHINGTON UNIV LAW SCHL         ,DC,20052-0000,Private      ,0,1,1,37,5105,5142
00144403,GEORGE WASHINGTON UNIV SCH MED          ,DC,20052-0000,Private      ,0,2,2,52,1609,1661
00144500,GEORGETOWN UNIVERSITY                   ,DC,20057-1252,Private      ,14,80,94,12946,5690,18636
00144501,"GEORGETOWN UNIV, SCH OF MEDICINE        ",DC,20007-0000,Private      ,1,2,3,44,1103,1147
00144502,GEORGETOWN UNIVERSITY - GRADUATE SCHOOL ,DC,20057-0004,Private      ,0,45,45,23,2036,2059
00144503,GEORGETOWN UNIV LAW CENTER              ,DC,20001-0000,Private      ,0,5,5,24,6216,6240
00144800,HOWARD UNIVERSITY                       ,DC,20059-0001,Private      ,23,44,67,14499,9147,23646
00145600,SOUTHEASTERN UNIVERSITY                 ,DC,20024-2788,Private      ,0,0,0,110,476,586
00145900,STRAYER UNIVERSITY                      ,DC,20005-2603,Proprietary  ,86,1220,1306,2869,62562,65431
00146000,TRINITY UNIVERSITY                      ,DC,20017-1004,Private      ,4,46,50,1013,2207,3220
00146400,WESLEY THEOLOGICAL SEMINARY             ,DC,20016-0000,Private      ,0,6,6,2,333,335
00207701,JOHNS HOPKINS UNIV SCH ADV INTL STU     ,DC,20036-0000,Private      ,0,5,5,28,1481,1509
01006500,WASHINGTON THEOLOGICAL UNION            ,DC,20012-0000,Private      ,0,0,0,3,36,39
01195000,THE CORCORAN COLLEGE OF ART & DESIG     ,DC,20006-4804,Private      ,2,5,7,502,409,911
01280300,DOMINICAN HOUSE OF STUDIES              ,DC,20017-1584,Private      ,0,0,0,2,14,16
02132800,NAT'L CONSERVATORY DRAMATIC ARTS        ,DC,20007-2758,Private      ,0,1,1,11,39,50
02279200,DUDLEY BEAUTY COLG-WASHINGTON           ,DC,20018-0000,Proprietary  ,6,17,23,73,180,253
02588900,SANZ SCHOOL                             ,DC,20006-0000,Proprietary  ,48,227,275,425,1879,2304
03104300,CAREER BLAZERS LEARNING CENTER OF WASHIN,DC,20037-1881,Proprietary  ,11,93,104,177,1034,1211
03218300,POTOMAC COLLEGE                         ,DC,20016-1860,Proprietary  ,2,59,61,83,813,896
03409600,BENNETT CAREER INSTITUTE                ,DC,20017-1754,Proprietary  ,5,34,39,105,369,474
03750300,TECHNICAL LEARNING CENTERS              ,DC,20005-3415,Proprietary  ,2,19,21,75,571,646
04114400,INSTITUTE OF WORLD POLITICS (THE)       ,DC,20036-1464,Private      ,0,2,2,0,82,82
04142700,PONTIFICAL JOHN PAUL II INSTITUTE FOR ST,DC,20064-0001,Private      ,0,0,0,0,23,23
00154100,ABRAHAM BALDWIN AGRICULTURAL CLG        ,GA,31794-0000,Public       ,36,40,76,3286,1913,5199
00154200,AGNES SCOTT COLLEGE                     ,GA,30030-3797,Private      ,2,4,6,1317,433,1750
00154300,DARTON COLLEGE                          ,GA,31707-3098,Public       ,77,258,335,3175,6257,9432
00154400,ALBANY STATE UNIVERSITY                 ,GA,31705-2796,Public       ,45,75,120,6934,4637,11571
00154500,ANDREW COLLEGE                          ,GA,39840-1313,Private      ,3,3,6,392,74,466
00154600,ARMSTRONG ATLANTIC STATE UNIVERSITY     ,GA,31419-1997,Public       ,39,119,158,4784,6286,11070
00154700,ATLANTA CHRISTIAN COLLEGE               ,GA,30344-1999,Private      ,2,31,33,422,1013,1435
00155200,AUGUSTA STATE UNIVERSITY                ,GA,30904-2200,Public       ,34,83,117,5005,5521,10526
00155400,BERRY COLLEGE                           ,GA,30149-5007,Private      ,1,15,16,2530,318,2848
00155500,THOMAS UNIVERSITY                       ,GA,31792-7499,Private      ,1,58,59,323,1334,1657
00155600,BRENAU UNIVERSITY                       ,GA,30501-3668,Private      ,6,92,98,1164,3144,4308
00155700,BREWTON PARKER COLLEGE                  ,GA,30445-0000,Private      ,14,7,21,727,686,1413
00155800,COASTAL GEORGIA COMMUNITY COLLEGE       ,GA,31520-3644,Public       ,32,110,142,1699,3277,4976
00155900,CLARK ATLANTA UNIVERSITY                ,GA,30314-4385,Private      ,40,55,95,13344,5179,18523
00156000,COLUMBIA THEOLOGICAL SEMINARY           ,GA,30031-0000,Private      ,0,2,2,1,215,216
00156100,COLUMBUS STATE UNIVERSITY               ,GA,31907-5645,Public       ,47,93,140,5846,5894,11740
00156200,GEORGIA PERIMETER COLLEGE               ,GA,30021-0000,Public       ,232,491,723,15785,23379,39164
00156300,EMMANUEL COLLEGE                        ,GA,30639-0000,Private      ,4,1,5,754,241,995
00156400,EMORY UNIVERSITY                        ,GA,30322-1960,Private      ,22,87,109,11398,10079,21477
00156600,FORT VALLEY STATE UNIVERSITY            ,GA,31030-3298,Public       ,44,69,113,5925,2322,8247
00156700,GAINESVILLE STATE COLLEGE               ,GA,30503-0000,Public       ,79,86,165,6283,3752,10035
00156800,INTERDENOMINATIONAL THEOLOGY CENTER     ,GA,30314-0000,Private      ,0,4,4,4,592,596
00156900,GEORGIA INSTITUTE OF TECHNOLOGY         ,GA,30332-0002,Public       ,135,67,202,15203,5080,20283
00157000,SOUTHERN POLYTECHNIC STATE UNIV         ,GA,30060-2896,Public       ,37,60,97,3179,3110,6289
00157100,GEORGIA MILITARY COLLEGE                ,GA,31061-3398,Public       ,99,195,294,3816,5417,9233
00157200,GEORGIA SOUTHERN UNIVERSITY             ,GA,30460-8065,Public       ,331,165,496,19066,7238,26304
00157300,GEORGIA SOUTHWESTERN STATE UNIV         ,GA,31709-4693,Public       ,20,68,88,2266,2210,4476
00157400,GEORGIA STATE UNIVERSITY                ,GA,30303-3010,Public       ,154,488,642,25766,28125,53891
00157500,GORDON COLLEGE                          ,GA,30204-1762,Public       ,57,68,125,4936,3075,8011
00157700,KENNESAW STATE UNIVERSITY               ,GA,30144-5591,Public       ,114,338,452,15279,15021,30300
00157800,LAGRANGE COLLEGE                        ,GA,30240-2999,Private      ,3,73,76,1202,751,1953
00157900,MEDICAL COLLEGE OF GEORGIA              ,GA,30912-0004,Public       ,29,22,51,654,2747,3401
00158000,MERCER UNIVERSITY                       ,GA,31207-0003,Private      ,19,179,198,4450,8891,13341
00158100,MIDDLE GEORGIA COLLEGE                  ,GA,31014-1599,Public       ,40,78,118,3575,2339,5914
00158200,MOREHOUSE COLLEGE                       ,GA,30314-3773,Private      ,17,8,25,5238,1211,6449
00158500,NORTH GEORGIA COLLEGE & STATE UNIV      ,GA,30597-0001,Public       ,63,73,136,4276,2299,6575
00158600,OGLETHORPE UNIVERSITY                   ,GA,30319-2737,Private      ,3,14,17,1743,660,2403
00158700,PAINE COLLEGE                           ,GA,30901-3182,Private      ,9,8,17,1650,604,2254
00158800,PIEDMONT COLLEGE                        ,GA,30535-5644,Private      ,9,164,173,933,2774,3707
00158900,REINHARDT COLLEGE                       ,GA,30183-2981,Private      ,6,3,9,974,533,1507
00159000,SAVANNAH STATE UNIVERSITY               ,GA,31404-5298,Public       ,67,48,115,6540,2923,9463
00159100,SHORTER UNIVERSITY                      ,GA,30165-4298,Private      ,4,101,105,1823,3748,5571
00159200,SOUTH GEORGIA COLLEGE                   ,GA,31533-8104,Public       ,37,42,79,1747,1406,3153
00159400,SPELMAN COLLEGE                         ,GA,30314-4399,Private      ,12,11,23,6529,1423,7952
00159600,TOCCOA FALLS COLLEGE                    ,GA,30598-0001,Private      ,2,6,8,913,252,1165
00159700,TRUETT MCCONNELL COLLEGE                ,GA,30528-1264,Private      ,2,4,6,468,120,588
00159800,UNIVERSITY OF GEORGIA                   ,GA,30602-6114,Public       ,165,238,403,22839,12474,35313
00159900,VALDOSTA STATE UNIVERSITY               ,GA,31698-0001,Public       ,79,155,234,12290,6117,18407
00160000,WESLEYAN COLLEGE                        ,GA,31210-4407,Private      ,2,16,18,410,559,969
00160100,UNIV OF WEST GEORGIA                    ,GA,30118-0002,Public       ,59,177,236,9926,5938,15864
00160200,GEORGIA COLLEGE & STATE UNIVERSITY      ,GA,31061-0490,Public       ,81,58,139,5765,2346,8111
00160400,YOUNG HARRIS COLLEGE                    ,GA,30582-4137,Private      ,13,2,15,968,94,1062
00348400,COVENANT COLLEGE                        ,GA,30750-4164,Private      ,2,11,13,1277,492,1769
00395600,DALTON STATE COLLEGE                    ,GA,30720-3797,Public       ,20,61,81,3630,4452,8082
00402300,APPALACHIAN TECHNICAL COLLEGE           ,GA,30143-0000,Public       ,0,0,0,249,830,1079
00402400,GEORGIA NORTHWESTERN TECHNICAL COLLEGE  ,GA,30161-6757,Public       ,32,91,123,1876,6709,8585
00402403,NORTHWESTERN TECHNICAL COLLEGE          ,GA,30739-0569,Public       ,0,0,0,793,2441,3234
00411700,GRADY HEALTH SYSTEM                     ,GA,30303-3050,Public       ,0,9,9,87,457,544
00525400,LANIER TECHNICAL COLLEGE                ,GA,30566-3499,Public       ,26,63,89,1113,4242,5355
00525500,MOULTRIE TECHNICAL COLLEGE              ,GA,31768-0000,Public       ,20,49,69,887,3270,4157
00525600,VALDOSTA TECHNICAL COLLEGE              ,GA,31603-0000,Public       ,33,91,124,1401,4811,6212
00551100,OKEFENOKEE TECHNICAL COLLEGE            ,GA,31501-4016,Public       ,12,49,61,546,2071,2617
00559900,AUGUSTA TECHNICAL COLLEGE               ,GA,30906-3399,Public       ,20,77,97,2219,7466,9685
00560000,ATHENS TECHNICAL COLLEGE                ,GA,30601-1579,Public       ,25,73,98,2600,6623,9223
00560100,ALBANY TECHNICAL COLLEGE                ,GA,31701-2648,Public       ,20,117,137,1686,6811,8497
00561300,FLINT RIVER TECHNICAL INSTITUTE         ,GA,30286-0014,Public       ,6,35,41,251,1412,1663
00561400,WEST GEORGIA TECHNICAL COLLEGE          ,GA,30240-5957,Public       ,0,0,0,730,2030,2760
00561401,WEST GEORGIA TECHNICAL COLLEGE - ROOSEVE,GA,31830-0268,Public       ,0,0,0,17,14,31
00561500,SOUTHWEST GEORGIA TECHNICAL COLLEGE     ,GA,31792-2622,Public       ,9,25,34,747,2779,3526
00561700,SOUTH GEORGIA TECHNICAL COLLEGE         ,GA,31709-8167,Public       ,43,114,157,1184,2784,3968
00561800,SAVANNAH TECHNICAL COLLEGE              ,GA,31405-5594,Public       ,35,127,162,2740,9938,12678
00561900,NORTH GEORGIA TECHNICAL COLLEGE         ,GA,30523-0000,Public       ,17,28,45,1361,3362,4723
00562000,CHATTAHOOCHEE TECHNICAL COLLEGE         ,GA,30060-3398,Public       ,56,185,241,3948,10680,14628
00562004,NORTH METRO TECHNICAL COLLEGE           ,GA,30102-3129,Public       ,0,0,0,1289,2831,4120
00562100,GRIFFIN TECHNICAL COLLEGE               ,GA,30223-2097,Public       ,21,114,135,1737,6367,8104
00562200,DEKALB TECHNICAL COLLEGE                ,GA,30021-0000,Public       ,29,145,174,2186,10149,12335
00562400,COLUMBUS TECHNICAL COLLEGE              ,GA,31904-6572,Public       ,31,69,100,1752,5591,7343
00576300,CENTRAL GEORGIA TECHNICAL COLLEGE       ,GA,31206-3628,Public       ,40,113,153,2343,10267,12610
00772800,MACON STATE COLLEGE                     ,GA,31206-5145,Public       ,46,182,228,3701,6502,10203
00854300,ATLANTA TECHNICAL COLLEGE               ,GA,30310-4499,Public       ,45,215,260,2571,9741,12312
00897600,CLAYTON STATE UNIVERSITY                ,GA,30260-0285,Public       ,52,195,247,5269,9900,15169
00918300,EAST CENTRAL TECHNICAL COLLEGE          ,GA,31750-0000,Public       ,7,42,49,412,1798,2210
00927000,ART INSTITUTE OF ATLANTA                ,GA,30328-1649,Proprietary  ,105,203,308,8537,7652,16189
00950700,GEORGIA HIGHLANDS COLLEGE               ,GA,30162-0000,Public       ,29,80,109,3365,3570,6935
01031903,MEDIX SCHOOL                            ,GA,30080-7630,Proprietary  ,4,31,35,320,1365,1685
01035601,EVEREST INSTITUTE - DEKALB              ,GA,30035-3420,Proprietary  ,32,159,191,562,2314,2876
01048700,WEST GEORGIA TECHNICAL COLLEGE          ,GA,30182-6476,Public       ,31,138,169,2312,6994,9306
01077100,GUPTON JONES COLLEGE                    ,GA,30035-4022,Private      ,2,6,8,154,452,606
01099700,EAST GEORGIA COLLEGE                    ,GA,30401-2699,Public       ,37,56,93,2603,1504,4107
01107400,BAINBRIDGE COLLEGE                      ,GA,39819-8400,Public       ,98,264,362,1511,4545,6056
01110901,EVEREST COLLEGE - EVEREST INSTITUTE     ,GA,30067-8340,Proprietary  ,13,82,95,221,1367,1588
01112301,EVEREST COLLEGE - EVEREST INSTITUTE- NOR,GA,30093-2813,Proprietary  ,28,135,163,321,1719,2040
01157400,BAUDER COLLEGE                          ,GA,30313-2439,Proprietary  ,14,60,74,908,1883,2791
01205100,PRO WAY HAIR SCHOOL                     ,GA,30083-2884,Proprietary  ,2,4,6,110,493,603
01216500,ATLANTA METROPOLITAN COLLEGE            ,GA,30310-4498,Public       ,60,128,188,2784,5261,8045
01303900,SOUTH UNIVERSITY                        ,GA,31406-4881,Proprietary  ,258,3794,4052,2573,37375,39948
02055000,WAYCROSS COLLEGE                        ,GA,31503-0000,Public       ,27,31,58,672,895,1567
02060900,BROWN CLG OF COURT REPORTING & M.T.     ,GA,30318-2570,Proprietary  ,1,5,6,41,477,518
02074800,LIFE UNIVERSITY                         ,GA,30060-0000,Private      ,7,26,33,379,2516,2895
02089700,HERZING COLLEGE                         ,GA,30326-1332,Proprietary  ,22,140,162,343,1755,2098
02110501,ART INSTITUTE OF CHARLOTTE (THE) - BROWN,GA,30319-3054,Proprietary  ,18,97,115,143,320,463
02113604,AMERICAN INTERCONTINENTAL UNIV - DUNWOOD,GA,30328-1649,Proprietary  ,0,0,0,98,284,382
02113613,AMERICAN INTERCONTINENTAL UNIVERSITY    ,GA,30328-1649,Proprietary  ,4,70,74,293,1430,1723
02116000,SANFORD-BROWN COLLEGE                   ,GA,30328-4803,Proprietary  ,0,31,31,381,2354,2735
02141500,SAVANNAH COLLEGE OF ART & DESIGN        ,GA,31402-3146,Private      ,25,39,64,9373,4459,13832
02202800,AUGUSTA AREA DIET INTERN UNIV HOSP      ,GA,30901-0000,Private      ,0,1,1,5,34,39
02205300,SAVANNAH RIVER COLLEGE                  ,GA,30909-0000,Proprietary  ,0,0,0,19,84,103
02217200,PORTFOLIO CENTER                        ,GA,30309-0000,Proprietary  ,1,2,3,20,166,186
02263105,ANTHEM COLLEGE - HIGH-TECH INSTITUTE - M,GA,30324-3398,Proprietary  ,0,0,0,10,28,38
02266200,AMERICAN PROFESSIONAL INSTITUTE         ,GA,31201-3185,Proprietary  ,81,304,385,497,2658,3155
02279500,HEART OF GEORGIA TECHNICAL COLLEGE      ,GA,31021-0000,Public       ,6,24,30,573,1889,2462
02284300,INTERACTIVE COLLEGE OF TECHNOLOGY       ,GA,30341-0000,Proprietary  ,45,301,346,338,2644,2982
02284308,INTERACTIVE LEARNING SYSTEMS            ,GA,30260-0000,Proprietary  ,7,28,35,58,417,475
02284309,INTERACTIVE COLLEGE OF TECHNOLOGY       ,GA,30501-0000,Proprietary  ,6,49,55,46,431,477
02285500,"CREATIVE CIRCUS, THE                    ",GA,30324-0000,Proprietary  ,2,1,3,92,290,382
02288400,GWINNETT TECHNICAL INSTITUTE            ,GA,30043-5702,Public       ,39,170,209,3421,10029,13450
02313902,WESTWOOD COLLEGE - O'HARE AIRPORT - ATLA,GA,30345-2807,Proprietary  ,1,15,16,399,948,1347
02321400,ROFFLER-MOLER HAIRSTYLING COLLEGE       ,GA,30062-0000,Proprietary  ,3,14,17,47,231,278
02354500,SOUTHEASTERN BEAUTY SCHOOLS             ,GA,31906-0000,Proprietary  ,6,27,33,34,175,209
02482100,MOREHOUSE SCHOOL OF MEDICINE            ,GA,30310-0000,Private      ,0,1,1,128,650,778
02502700,ADVANCED CAREER TRAINING                ,GA,30329-0000,Proprietary  ,135,418,553,421,2009,2430
02502701,ADVANCED CAREER TRAINING-RIVERDALE      ,GA,30274-0000,Proprietary  ,54,228,282,310,1356,1666
02508600,MIDDLE GEORGIA TECHNICAL COLLEGE        ,GA,31088-0000,Public       ,32,99,131,1149,3867,5016
02520000,INTERNATIONAL SCH SKIN & NAILCARE       ,GA,30342-1119,Proprietary  ,6,49,55,46,471,517
02577000,ARNOLD / PADRICKS  UNIV OF COSM         ,GA,30297-0000,Proprietary  ,6,12,18,101,317,418
02577700,BEAUTY COLLEGE OF AMERICA               ,GA,30297-0000,Proprietary  ,0,6,6,36,134,170
02578300,INTERNATIONAL CITY BEAUTY COLLEGE       ,GA,31093-3631,Proprietary  ,0,2,2,11,39,50
02580200,ATLANTA SCHOOL OF MASSAGE               ,GA,30338-0000,Proprietary  ,1,21,22,86,450,536
02583000,GWINNETT COLLEGE OF BUSINESS            ,GA,30047-3447,Proprietary  ,1,8,9,154,810,964
02607600,CAPELLI LEARNING CTR FOR COSM           ,GA,30324-0000,Proprietary  ,5,27,32,93,364,457
02614206,MILLER - MOTTE TECHNICAL COLLEGE - COLUM,GA,31907-3222,Proprietary  ,8,57,65,11,124,135
03005400,ARTISTIC BEAUTY COLLEGE                 ,GA,30013-2076,Proprietary  ,30,87,117,386,1039,1425
03010619,VIRGINIA COLLEGE - AUGUSTA              ,GA,30909-5515,Proprietary  ,25,144,169,26,173,199
03022601,WESTERN CULINARY INSTITUTE - LE CORDON B,GA,30084-5893,Proprietary  ,2,5,7,220,368,588
03030000,OGEECHEE TECHNICAL COLLEGE              ,GA,30458-8049,Public       ,23,58,81,1414,3602,5016
03032100,ALTAMAHA TECHNICAL COLLEGE              ,GA,31545-4465,Public       ,6,31,37,495,1952,2447
03042700,LAURUSTECHNICAL INSTITUTE               ,GA,30030-1506,Proprietary  ,11,76,87,102,802,904
03066500,SOUTHEASTERN TECHNICAL COLLEGE          ,GA,30474-8817,Public       ,3,28,31,534,2073,2607
03066502,SWAINSBORO TECHNICAL COLLEGE            ,GA,30401-5700,Public       ,0,7,7,201,703,904
03072304,EVEREST COLLEGE - EVEREST INSTITUTE     ,GA,30236-0000,Proprietary  ,26,120,146,329,1730,2059
03076300,BEULAH HEIGHTS BIBLE COLLEGE            ,GA,30316-1873,Private      ,2,28,30,48,859,907
03079202,WESTWOOD COLLEGE - ATLANTA MIDTOWN      ,GA,30309-2848,Proprietary  ,34,85,119,858,1784,2642
03081500,SOUTHEASTERN BEAUTY SCHOOL              ,GA,31917-0000,Proprietary  ,3,11,14,23,137,160
03089100,GEORGIA INSTITUTE OF COSMETOLOGY        ,GA,30606-3152,Proprietary  ,10,43,53,149,457,606
03090600,COBB BEAUTY COLLEGE                     ,GA,30144-2828,Proprietary  ,1,10,11,28,106,134
03100900,LUTHER RICE UNIVERSITY                  ,GA,30038-2454,Private      ,0,13,13,33,783,816
03102000,RIVERTOWN SCHOOL OF BEAUTY              ,GA,31904-4747,Proprietary  ,10,32,42,58,255,313
03104500,ATLANTA INSTITUTE OF MUSIC              ,GA,30096-4988,Proprietary  ,3,2,5,249,233,482
03116100,VOGUE BEAUTY SCHOOL                     ,GA,30141-2226,Proprietary  ,2,18,20,44,159,203
03155500,SANDERSVILLE REGIONAL TECH INST         ,GA,31082-6179,Public       ,10,32,42,286,1059,1345
03173300,ATLANTA'S JOHN MARSHALL LAW SCHOOL      ,GA,30309-0000,Proprietary  ,0,6,6,19,1338,1357
03232304,LINCOLN COLLEGE OF TECHNOLOGY           ,GA,30067-8638,Proprietary  ,30,80,110,283,840,1123
03251300,BEACON UNIVERSITY                       ,GA,31909-4663,Private      ,0,0,0,15,108,123
03418300,GWINNETT COLLEGE-SANDY SPRINGS          ,GA,30328-3161,Proprietary  ,1,4,5,38,295,333
03445500,FAYETTE BEAUTY ACADEMY                  ,GA,30214-1191,Proprietary  ,0,7,7,19,99,118
03523300,AVIATION INSTITUTE OF MAINTENANCE       ,GA,30045-6716,Proprietary  ,22,59,81,252,864,1116
03635300,CARVER BIBLE COLLEGE                    ,GA,30331-1300,Private      ,4,12,16,8,22,30
03748300,KEVOSNIK SCHOOL OF HAIR DESIGN          ,GA,31021-0000,Proprietary  ,0,3,3,0,3,3
03753400,MICHAEL'S SCHOOL OF BEAUTY              ,GA,31211-1493,Proprietary  ,0,7,7,34,165,199
03804400,JAVELIN TECHNICAL TRAINING CENTER       ,GA,30339-6040,Proprietary  ,57,216,273,562,2447,3009
03804401,JAVELIN TECHNICAL TRAINING CENTER -     ,GA,30260-1756,Proprietary  ,0,7,7,17,147,164
03804402,JAVELIN TECHNICAL TRAINING CENTER -     ,GA,30084-5252,Proprietary  ,0,3,3,16,96,112
03812300,OMNITECH INSTITUTE                      ,GA,30035-1206,Proprietary  ,23,74,97,192,644,836
04021300,AUGUSTA SCHOOL OF MASSAGE               ,GA,30809-0000,Proprietary  ,1,4,5,15,60,75
04091300,SAVANNAH SCHOOL OF MASSAGE THERAPY      ,GA,31406-2711,Private      ,0,1,1,13,75,88
04126800,ACADEMY OF SOMATIC HEALING ARTS (ASHA)  ,GA,30071-1024,Proprietary  ,0,8,8,31,237,268
04128500,SOUTHERN CATHOLIC COLLEGE               ,GA,30534-3111,Private      ,1,0,1,174,21,195
04142900,GEORGIA GWINNETT COLLEGE                ,GA,30043-7409,Public       ,61,63,124,2082,2340,4422
04147000,PAUL MITCHELL THE SCHOOL ATLANTA        ,GA,30318-5241,Proprietary  ,10,13,23,170,331,501
04147700,LAKE LANIER SCHOOL OF MASSAGE           ,GA,30501-4546,Proprietary  ,6,18,24,16,73,89
04149900,PROFILE INSTITUTE OF BARBER-STYLING     ,GA,30315-8459,Proprietary  ,0,4,4,15,62,77
04150900,PROCESS INSTITUTE OF COSMETOLOGY (THE)  ,GA,30043-7344,Proprietary  ,1,4,5,36,57,93
04152300,GEORGIA BEAUTY ACADEMY                  ,GA,30721-3952,Proprietary  ,6,19,25,18,88,106
04160200,ATLANTA BEAUTY ACADEMY                  ,GA,30340-1334,Proprietary  ,1,35,36,5,128,133
        ,CHICAGO THEOLOGICAL SEMINARY            ,IL,60637-0000,Private      ,0,0,0,0,4,4
00162800,AMERICAN ACADEMY OF ART                 ,IL,60604-4302,Proprietary  ,3,2,5,636,175,811
00163300,AUGUSTANA COLLEGE                       ,IL,61201-2296,Private      ,2,2,4,3676,174,3850
00163400,AURORA UNIVERSITY                       ,IL,60506-4892,Private      ,3,105,108,2481,2858,5339
00163600,SOUTHWESTERN ILLINOIS COLLEGE           ,IL,62221-5899,Public       ,90,380,470,4217,7950,12167
00163800,BLACK HAWK COLLEGE                      ,IL,61265-5899,Public       ,30,111,141,2118,3479,5597
00163900,BLACKBURN COLLEGE                       ,IL,62626-1498,Private      ,2,3,5,831,166,997
00164000,PRAIRIE STATE COLLEGE                   ,IL,60411-8226,Public       ,25,119,144,2471,4837,7308
00164100,BRADLEY UNIVERSITY                      ,IL,61625-0002,Private      ,6,6,12,6745,1157,7902
00164300,SPOON RIVER COLLEGE                     ,IL,61520-8907,Public       ,4,17,21,754,928,1682
00164700,CITY COLLEGES OF CHICAGO                ,IL,60606-6998,Public       ,3,12,15,472,822,1294
00164800,TRUMAN COLLEGE                          ,IL,60640-5691,Public       ,52,238,290,3053,5846,8899
00164900,RICHARD J DALEY COLLEGE                 ,IL,60652-1299,Public       ,51,164,215,2745,4842,7587
00165000,CITY COLLEGES OF CHICAGO-MALCOLM X      ,IL,60612-3197,Public       ,62,275,337,2859,7286,10145
00165200,HAROLD WASHINGTON COLLEGE               ,IL,60601-2403,Public       ,84,221,305,5759,7674,13433
00165400,KENNEDY KING COLLEGE                    ,IL,60621-3798,Public       ,52,335,387,3797,10852,14649
00165500,WRIGHT COLLEGE                          ,IL,60634-1591,Public       ,48,146,194,4946,5962,10908
00165700,MIDWESTERN UNIVERSITY                   ,IL,60515-1200,Private      ,0,5,5,112,2749,2861
00165900,ROSALIND FRANKLIN UNIVERSITY OF MEDICINE,IL,60064-3095,Private      ,0,10,10,18,2140,2158
00166100,CHICAGO THEOLOGICAL SEMINARY            ,IL,60637-0000,Private      ,0,0,0,5,165,170
00166300,SPERTUS COLLEGE                         ,IL,60605-1995,Private      ,0,4,4,1,117,118
00166400,UNIVERSITY OF ST FRANCIS                ,IL,60435-6188,Private      ,2,50,52,1507,1931,3438
00166500,COLUMBIA COLLEGE                        ,IL,60605-1996,Private      ,52,66,118,13189,5330,18519
00166600,CONCORDIA UNIVERSITY                    ,IL,60305-1499,Private      ,4,72,76,1987,3852,5839
00166900,DANVILLE AREA COMMUNITY COLLEGE         ,IL,61832-5199,Public       ,21,83,104,961,2232,3193
00167100,DEPAUL UNIVERSITY                       ,IL,60604-2287,Private      ,50,282,332,16804,16800,33604
00167400,EASTERN ILLINOIS UNIVERSITY             ,IL,61920-3099,Public       ,28,62,90,10660,3759,14419
00167500,ELGIN COMMUNITY COLLEGE                 ,IL,60123-7193,Public       ,17,82,99,3257,4292,7549
00167600,ELMHURST COLLEGE                        ,IL,60126-3296,Private      ,2,19,21,3610,1146,4756
00167800,EUREKA COLLEGE                          ,IL,61530-9976,Private      ,1,4,5,979,245,1224
00168100,HIGHLAND COMMUNITY COLLEGE              ,IL,61032-9341,Public       ,22,57,79,985,1501,2486
00168200,GARRETT-EVANGELICAL THEOLOGICAL SEM     ,IL,60201-0000,Private      ,0,1,1,0,215,215
00168400,GREENVILLE COLLEGE                      ,IL,62246-1199,Private      ,3,38,41,1572,909,2481
00168500,HEBREW THEOLOGICAL COLLEGE              ,IL,60077-3263,Private      ,3,0,3,351,21,372
00168800,ILLINOIS COLLEGE                        ,IL,62650-2299,Private      ,0,2,2,1394,97,1491
00168900,ILLINOIS COLLEGE OF OPTOMETRY           ,IL,60616-3878,Private      ,0,0,0,9,668,677
00169100,ILLINOIS INSTITUTE OF TECHNOLOGY        ,IL,60616-0000,Private      ,5,30,35,2730,2289,5019
00169101,ILLINOIS INSTITUTE OF TECHNOLOGY - IIT D,IL,60661-3691,Private      ,2,12,14,6,20,26
00169103,CHICAGO KENT COLLEGE OF LAW             ,IL,60661-0000,Private      ,0,9,9,19,2339,2358
00169200,ILLINOIS STATE UNIVERSITY               ,IL,61790-1000,Public       ,49,40,89,18889,4938,23827
00169300,NORTHEASTERN ILLINOIS UNIV              ,IL,60625-4699,Public       ,25,103,128,5888,7644,13532
00169400,CHICAGO STATE UNIVERSITY                ,IL,60628-1598,Public       ,25,179,204,6206,11887,18093
00169600,ILLINOIS WESLEYAN UNIVERSITY            ,IL,61701-0000,Private      ,3,4,7,3148,137,3285
00169800,JOHN MARSHALL LAW SCHOOL                ,IL,60604-0000,Private      ,0,12,12,19,2669,2688
00169900,JOLIET JUNIOR COLLEGE                   ,IL,60431-8938,Public       ,46,136,182,5983,6835,12818
00170000,JUDSON UNIVERSITY                       ,IL,60123-1498,Private      ,1,24,25,889,928,1817
00170100,KASKASKIA COLLEGE                       ,IL,62801-7878,Public       ,49,121,170,1546,2901,4447
00170300,KENDALL COLLEGE                         ,IL,60622-4278,Proprietary  ,6,39,45,1222,2599,3821
00170400,KNOX COLLEGE                            ,IL,61401-4999,Private      ,1,3,4,2238,115,2353
00170500,ILLINOIS VALLEY COMMUNITY COLLEGE       ,IL,61348-9692,Public       ,32,66,98,1399,2077,3476
00170600,LAKE FOREST COLLEGE                     ,IL,60045-2399,Private      ,1,3,4,1809,145,1954
00170700,LEWIS UNIVERSITY                        ,IL,60446-2200,Private      ,6,110,116,4037,3415,7452
00170800,LINCOLN CHRISTIAN UNIVERSITY            ,IL,62656-2167,Private      ,2,11,13,470,624,1094
00170900,LINCOLN COLLEGE                         ,IL,62656-1699,Private      ,9,13,22,1304,654,1958
00171000,LOYOLA UNIVERSITY CHICAGO               ,IL,60626-0000,Private      ,24,135,159,16703,11052,27755
00171002,LOYOLA STRITCH SCHOOL OF MEDICINE       ,IL,60153-0000,Private      ,0,0,0,34,538,572
00171200,LUTHERAN SCHOOL OF THEOL AT CHICAGO     ,IL,60615-0000,Private      ,0,0,0,0,153,153
00171600,MACCORMAC COLLEGE                       ,IL,60602-4405,Private      ,2,14,16,49,201,250
00171700,MACMURRAY COLLEGE                       ,IL,62650-2590,Private      ,3,1,4,581,240,821
00172100,MCCORMICK THEOLOGICAL SEMINARY          ,IL,60615-5108,Private      ,0,3,3,1,160,161
00172200,MCKENDREE UNIVERSITY                    ,IL,62254-1299,Private      ,4,36,40,1724,1694,3418
00172300,MEADVILLE LOMBARD THEOLOGICAL SCHOOL    ,IL,60637-1602,Private      ,0,0,0,0,73,73
00172400,MILLIKIN UNIVERSITY                     ,IL,62522-2084,Private      ,2,8,10,2795,905,3700
00172500,MONMOUTH COLLEGE                        ,IL,61462-1963,Private      ,0,0,0,1958,129,2087
00172700,MOODY BIBLE INSTITUTE                   ,IL,60610-3214,Private      ,0,2,2,1,3,4
00172800,MORTON COLLEGE                          ,IL,60804-4398,Public       ,55,77,132,1962,2292,4254
00173200,NATIONAL UNIV OF HEALTH SCIENCES        ,IL,60148-4583,Private      ,2,25,27,55,994,1049
00173300,NATIONAL-LOUIS UNIVERSITY               ,IL,60603-3032,Private      ,2,220,222,352,7967,8319
00173400,NORTH CENTRAL COLLEGE                   ,IL,60540-4690,Private      ,6,9,15,3190,923,4113
00173500,NORTH PARK UNIVERSITY                   ,IL,60625-4895,Private      ,6,21,27,2495,1670,4165
00173600,NORTHERN BAPTIST THEOL SEMINARY         ,IL,60148-0000,Private      ,0,0,0,1,17,18
00173700,NORTHERN ILLINOIS UNIVERSITY            ,IL,60115-2854,Public       ,61,150,211,21308,10247,31555
00173900,NORTHWESTERN UNIV                       ,IL,60208-0001,Private      ,20,105,125,16661,11408,28069
00174100,OLIVET NAZARENE UNIVERSITY              ,IL,60914-2271,Private      ,8,38,46,3245,2471,5716
00174200,IL EASTERN COMM COLGS-OLNEY CENTRAL     ,IL,62450-1099,Public       ,18,28,46,759,1013,1772
00174500,QUINCY UNIVERSITY                       ,IL,62301-2699,Private      ,0,11,11,1408,1142,2550
00174600,ROBERT MORRIS UNIVERSITY ILLINOIS       ,IL,60605-1225,Private      ,18,80,98,4804,6117,10921
00174700,ROCK VALLEY COLLEGE                     ,IL,61114-5699,Public       ,41,160,201,3281,6183,9464
00174800,ROCKFORD COLLEGE                        ,IL,61108-2393,Private      ,4,35,39,1000,1304,2304
00174900,ROOSEVELT UNIVERSITY                    ,IL,60605-1394,Private      ,6,99,105,4433,8087,12520
00175000,DOMINICAN UNIVERSITY                    ,IL,60305-1066,Private      ,6,27,33,2389,2132,4521
00175200,SAUK VALLEY COMMUNITY COLLEGE           ,IL,61021-9112,Public       ,25,53,78,1167,1575,2742
00175300,SCHOOL OF ART INSTITUTE OF CHICAGO      ,IL,60603-3013,Private      ,8,15,23,3407,2593,6000
00175400,SEABURY-WESTERN THEO SEMINARY           ,IL,60201-0000,Private      ,0,0,0,0,7,7
00175600,SHIMER COLLEGE                          ,IL,60616-3893,Private      ,1,1,2,157,79,236
00175700,SOUTHEASTERN ILLINOIS COLLEGE           ,IL,62946-4925,Public       ,21,46,67,707,1038,1745
00175800,SOUTHERN ILL UNIV-CARBONDALE            ,IL,62901-0000,Public       ,55,216,271,14972,8987,23959
00175900,SOUTHERN ILL UNIV-EDWARDSVILLE          ,IL,62026-1060,Public       ,30,95,125,10650,6147,16797
00175924,SO IL UNIV-SCHL OF DENTAL MEDICINE      ,IL,62002-0000,Public       ,1,0,1,11,194,205
00176100,SPRINGFIELD COLLEGE IN ILLINOIS         ,IL,62702-2694,Private      ,0,8,8,456,643,1099
00176500,UNIVERSITY OF ST MARY OF THE LAKE       ,IL,60060-0000,Private      ,0,0,0,3,17,20
00176700,BENEDICTINE UNIVERSITY                  ,IL,60532-0900,Private      ,3,124,127,2561,4099,6660
00176800,ST XAVIER UNIVERSITY                    ,IL,60655-3199,Private      ,9,61,70,3989,3756,7745
00176900,SOUTH SUBURBAN COLLEGE                  ,IL,60473-9978,Public       ,50,260,310,3012,8094,11106
00177100,TRINITY CHRISTIAN COLLEGE               ,IL,60463-0929,Private      ,0,4,4,1225,943,2168
00177200,TRINITY INTERNATIONAL UNIVERSITY        ,IL,60015-1283,Private      ,0,14,14,842,1302,2144
00177300,TRITON COLLEGE                          ,IL,60171-1995,Public       ,46,143,189,3878,5677,9555
00177400,UNIVERSITY OF CHICAGO                   ,IL,60637-1476,Private      ,9,28,37,10461,2728,13189
00177401,UNIV OF CHICAGO PRITZKER SCH OF MED     ,IL,60637-0000,Private      ,1,4,5,39,552,591
00177403,"UNIV OF CHICAGO, GRAD SCH OF BUS        ",IL,60637-0000,Private      ,0,11,11,37,1449,1486
00177405,UNIVERSITY OF CHICAGO GRADUATE          ,IL,60637-0000,Private      ,2,23,25,96,5914,6010
00177500,UNIV OF ILLINOIS @ URBANA-CHAMPAIGN     ,IL,61820-5796,Public       ,62,158,220,26950,9468,36418
00177600,UNIV OF ILLINOIS AT CHICAGO             ,IL,60607-7163,Public       ,43,116,159,19692,16087,35779
00177800,VANDERCOOK COLLEGE OF MUSIC             ,IL,60616-3731,Private      ,0,4,4,156,96,252
00177900,IL EASTERN COMM COLGS-WABASH VALLEY     ,IL,62863-2699,Public       ,17,67,84,557,790,1347
00178000,WESTERN ILLINOIS UNIVERSITY             ,IL,61455-1390,Public       ,27,64,91,10612,4197,14809
00178100,WHEATON COLLEGE                         ,IL,60187-5535,Private      ,1,9,10,2687,665,3352
00178300,WORSHAM COLLEGE OF MORTUARY SCIENCE     ,IL,60090-2646,Proprietary  ,1,1,2,70,128,198
00396100,HARPER COLLEGE                          ,IL,60067-7398,Public       ,76,218,294,5118,5078,10196
00418100,ADVOCATE TRINITY HOSPITAL SCHOOL OF RADI,IL,60617-3982,Private      ,0,2,2,24,103,127
00456000,GEM CITY COLLEGE                        ,IL,62301-4949,Proprietary  ,0,3,3,19,64,83
00456800,MIDSTATE COLLEGE                        ,IL,61614-3558,Proprietary  ,3,45,48,75,1113,1188
00457100,SPARKS COLLEGE                          ,IL,62565-2241,Proprietary  ,0,0,0,5,17,22
00512732,BROWN MACKIE COLLEGE-CINCINNATI - BROWN ,IL,61265-7062,Proprietary  ,7,40,47,33,194,227
00621400,BLESSING RIEMAN COLLEGE OF NURSING      ,IL,62301-0000,Private      ,0,3,3,69,73,142
00621401,BLESSING HOSPITAL - SCHOOL OF MEDICAL LA,IL,62305-7005,Private      ,0,1,1,2,12,14
00621402,BLESSING HOSPITAL - SCHOOL OF RADIOLOGIC,IL,62305-7005,Private      ,0,0,0,14,20,34
00621403,BLESSING HOSPITAL - COLLEGE OF NURSING  ,IL,62305-7005,Private      ,0,3,3,16,24,40
00622500,TRINITY COLLEGE OF NURSING AND HEALTH SC,IL,61201-5317,Private      ,2,4,6,80,231,311
00622800,METHODIST MED CTR OF ILL SCH NRSNG      ,IL,61636-0000,Private      ,1,2,3,119,247,366
00624000,ST FRANCIS MED CLG OF NRSG              ,IL,61603-3783,Private      ,2,3,5,162,364,526
00665600,COLLEGE OF DUPAGE                       ,IL,60137-6599,Public       ,117,335,452,7883,8638,16521
00675300,ILLINOIS CENTRAL COLLEGE                ,IL,61635-0001,Public       ,83,257,340,4321,6672,10993
00693100,WAUBONSEE COMMUNITY COLLEGE             ,IL,60554-0000,Public       ,34,107,141,2285,3608,5893
00711800,PARKLAND COLLEGE                        ,IL,61821-1899,Public       ,40,135,175,4226,4334,8560
00711900,REND LAKE COLLEGE                       ,IL,62846-9801,Public       ,40,60,100,1386,1884,3270
00717000,LINCOLN LAND COMMUNITY COLLEGE          ,IL,62794-9256,Public       ,10,68,78,2449,4230,6679
00726500,CARL SANDBURG COLLEGE                   ,IL,61401-9576,Public       ,15,44,59,1031,1907,2938
00754900,COYNE AMERICAN INSTITUTE                ,IL,60607-1300,Proprietary  ,31,91,122,470,1652,2122
00764400,LAKE LAND COLLEGE                       ,IL,61938-9366,Public       ,20,112,132,2427,2973,5400
00768400,KISHWAUKEE COLLEGE                      ,IL,60150-9699,Public       ,18,69,87,1882,2118,4000
00769000,KANKAKEE COMMUNITY COLLEGE              ,IL,60901-6505,Public       ,25,75,100,1378,2897,4275
00769100,MCHENRY COUNTY COLLEGE                  ,IL,60012-2761,Public       ,11,43,54,3012,2256,5268
00769200,MORAINE VALLEY COMMUNITY COLLEGE        ,IL,60465-0937,Public       ,93,208,301,5281,5314,10595
00769300,SHAWNEE COMMUNITY COLLEGE               ,IL,62992-9725,Public       ,56,103,159,883,1776,2659
00769400,COLLEGE OF LAKE COUNTY                  ,IL,60030-1198,Public       ,85,320,405,3893,5787,9680
00793700,MS ROBERTS ACADEMY OF BEAUTY CULT       ,IL,60181-2930,Proprietary  ,4,12,16,33,86,119
00807600,JOHN A LOGAN COLLEGE                    ,IL,62918-2500,Public       ,43,107,150,2333,3100,5433
00814604,EVEREST UNIVERSITY - EVEREST  COLLEGE   ,IL,60803-4517,Proprietary  ,23,165,188,255,1570,1825
00825900,EDUCATORS OF BEAUTY                     ,IL,61081-3611,Proprietary  ,6,8,14,73,172,245
00825901,EDUCATORS OF BEAUTY                     ,IL,61104-0000,Proprietary  ,0,3,3,18,63,81
00832800,ALVAREITA'S COLLEGE OF COSMETOLOGY      ,IL,62025-2041,Proprietary  ,0,10,10,48,111,159
00854500,ROCKFORD BUSINESS COLLEGE               ,IL,61103-0000,Proprietary  ,1,37,38,222,1245,1467
00869402,RASMUSSEN COLLEGE - ROCKFORD            ,IL,61108-2513,Proprietary  ,3,58,61,376,1714,2090
00869403,RASMUSSEN COLLEGE - AURORA              ,IL,60506-6219,Proprietary  ,5,29,34,178,632,810
00869404,RASMUSSEN COLLEGE - ROMEOVILLE          ,IL,60446-0000,Proprietary  ,3,26,29,50,242,292
00869418,RASMUSSEN COLLEGE -  MOKENA             ,IL,60448-0000,Proprietary  ,0,1,1,0,1,1
00888000,MORRISON INSTITUTE OF TECHNOLOGY        ,IL,61270-2959,Private      ,0,0,0,126,40,166
00893800,GRAHAM HOSPITAL SCH OF NURSING          ,IL,61520-2497,Private      ,0,2,2,26,67,93
00893900,CANNELLA SCHOOL OF HAIR DESIGN          ,IL,60406-2130,Proprietary  ,4,21,25,40,214,254
00914500,GOVERNORS STATE UNIVERSITY              ,IL,60466-0975,Public       ,10,128,138,933,6440,7373
00923200,CATHOLIC THEOLOGICAL UNION              ,IL,60615-0000,Private      ,0,3,3,0,74,74
00933300,UNIV OF ILLINOIS AT SPRINGFIELD         ,IL,62703-5407,Public       ,4,53,57,2016,3113,5129
00947500,EDUCATORS OF BEAUTY                     ,IL,61301-2404,Proprietary  ,4,4,8,37,64,101
00959500,CANNELLA SCHOOL OF HAIR DESIGN          ,IL,60617-4303,Proprietary  ,3,24,27,36,197,233
00976700,OLIVE-HARVEY COLLEGE                    ,IL,60628-1696,Public       ,40,148,188,1621,4551,6172
00978600,IL EASTERN COMM COLGS-LINCOLN TRAIL     ,IL,62454-5708,Public       ,2,15,17,376,531,907
00980000,RUSH UNIVERSITY                         ,IL,60612-3806,Private      ,1,15,16,142,2397,2539
00989600,OAKTON COMMUNITY COLLEGE                ,IL,60016-1268,Public       ,61,141,202,3247,3274,6521
00998700,SAINT ANTHONY COLLEGE OF NURSING        ,IL,61108-2468,Private      ,0,0,0,103,253,356
01002000,LEWIS AND CLARK COMMUNITY COLLEGE       ,IL,62035-2466,Public       ,27,112,139,2186,3359,5545
01031600,LINCOLN COLLEGE OF TECHNOLOGY           ,IL,60160-1605,Proprietary  ,40,113,153,1177,1701,2878
01050100,LAKEVIEW  COLLEGE OF NURSING            ,IL,61832-3781,Private      ,1,0,1,155,208,363
01069500,TRI-COUNTY BEAUTY ACADEMY               ,IL,62056-2036,Proprietary  ,3,3,6,19,49,68
01071000,CAPITAL AREA SCH OF PRAC NRSG           ,IL,62707-0000,Public       ,0,5,5,57,498,555
01072700,DEVRY UNIVERSITY                        ,IL,60618-5994,Proprietary  ,506,3032,3538,23841,92843,116684
01083600,PIVOT POINT INTNL CSMTLGY RSRCH CTR     ,IL,60626-0000,Proprietary  ,3,21,24,394,616,1010
01087900,RICHLAND COMMUNITY COLLEGE              ,IL,62521-8513,Public       ,33,111,144,1030,2345,3375
01102401,EVEREST COLLEGE - CHICAGO               ,IL,60604-2052,Proprietary  ,40,185,225,740,2840,3580
01151002,EVEREST INSTITUTE - EVEREST COLLEGE     ,IL,60542-1610,Proprietary  ,14,70,84,161,856,1017
01181000,TAYLOR BUSINESS INSTITUTE               ,IL,60606-5111,Proprietary  ,8,26,34,52,365,417
01185800,EVEREST COLLEGE                         ,IL,60077-1074,Proprietary  ,32,160,192,415,1579,1994
01185802,EVEREST COLLEGE - BURR RIDGE            ,IL,60527-7826,Proprietary  ,23,115,138,240,1082,1322
01236200,NORTHWESTERN COLLEGE                    ,IL,60630-2298,Proprietary  ,26,190,216,1486,4398,5884
01238500,BLOOMINGTON-NORMAL SCH RADIOGRAPHY      ,IL,61761-4604,Private      ,0,0,0,8,22,30
01258400,ILLINOIS INSTITUTE OF ART (THE)         ,IL,60654-1593,Proprietary  ,53,136,189,5369,4637,10006
01281300,JOHN WOOD COMMUNITY COLLEGE             ,IL,62305-0401,Public       ,23,74,97,1288,1913,3201
01308700,CAPRI GARFIELD RIDGE SCH OF BTY CLR     ,IL,60629-1613,Proprietary  ,3,8,11,89,244,333
01308800,CAPRI OAK FOREST COLLEGE OF BEAUTY      ,IL,60452-2798,Proprietary  ,3,5,8,147,226,373
02055200,HARRINGTON COLLEGE OF DESIGN            ,IL,60606-3433,Proprietary  ,3,20,23,725,1011,1736
02068100,ADLER SCH OF PROFESSIONAL PSYCHLGY      ,IL,60601-0000,Private      ,0,8,8,16,1000,1016
02069300,VATTEROTT COLLEGE                       ,IL,62305-5938,Proprietary  ,1,0,1,151,796,947
02073200,TELSHE YESHIVA-CHICAGO                  ,IL,60625-0000,Private      ,6,0,6,42,8,50
02074400,IL EASTERN COMM COLGS-FRONTIER          ,IL,62837-0000,Public       ,12,25,37,186,549,735
02075400,KELLER GRADUATE SCHOOL OF MGMT.         ,IL,60515-5683,Proprietary  ,1,644,645,40,18961,19001
02113600,AMERICAN INTERCONTINENTAL UNIVERSITY    ,IL,60192-3713,Proprietary  ,151,2525,2676,3981,50698,54679
02117400,BECK AREA CAREER CENTER                 ,IL,62278-0000,Public       ,0,1,1,19,149,168
02124400,UNIVERSITY OF SPA & COSMETOLOGY ART     ,IL,62704-0000,Proprietary  ,22,13,35,116,242,358
02150600,COSMETOLOGY AND SPA INSTITUTE (THE)     ,IL,60014-4003,Proprietary  ,6,11,17,105,210,315
02155300,THE CHICAGO SCHOOL OF PROF PSYCHOLOGY   ,IL,60610-4705,Private      ,0,43,43,38,3900,3938
02160300,INTERNATIONAL ACAD OF DESIGN & TECH     ,IL,60602-3319,Proprietary  ,41,66,107,1289,1712,3001
02160304,INTERNATIONAL ACADEMY OF DESIGN AND TECH,IL,60173-5160,Proprietary  ,5,8,13,204,359,563
02168600,EAST WEST UNIVERSITY                    ,IL,60605-0000,Private      ,35,21,56,1102,1603,2705
02179900,ARGOSY UNIVERSITY                       ,IL,60601-7757,Proprietary  ,173,2301,2474,2256,39012,41268
02185400,ST AUGUSTINE COLLEGE                    ,IL,60640-0000,Private      ,0,5,5,458,2022,2480
02192400,MR JOHNS SCHOOL OF COSMETOLOGY          ,IL,62521-0000,Proprietary  ,1,12,13,27,121,148
02202600,CANNELLA SCHOOL OF HAIR DESIGN          ,IL,60181-1321,Proprietary  ,0,7,7,9,104,113
02214100,WEST SUBURBAN COLLEGE OF NURSING        ,IL,60302-2519,Private      ,0,3,3,111,404,515
02228100,MAC DANIEL'S BEAUTY SCHOOL              ,IL,60640-0000,Proprietary  ,4,11,15,23,82,105
02261200,HAIR PROFESSIONALS ACAD COSMETOLOGY     ,IL,60118-0000,Proprietary  ,8,33,41,117,293,410
02261201,HAIR PROFESSIONALS ACADEMY OF COSMETOLOG,IL,60118-9333,Proprietary  ,0,0,0,6,6,12
02262100,HAIR PROFESSIONALS SCH COSMETOLOGY      ,IL,60543-0000,Proprietary  ,4,6,10,57,96,153
02291200,CANNELLA SCHOOL OF HAIR DESIGN          ,IL,60639-0000,Proprietary  ,1,13,14,39,203,242
02295500,CANNELLA SCHOOL OF HAIR DESIGN          ,IL,60120-0000,Proprietary  ,1,3,4,19,98,117
02297500,OEHRLEIN SCHOOL OF COSMETOLOGY          ,IL,61611-0000,Proprietary  ,2,4,6,64,118,182
02312300,LA' JAMES COLLEGE HAIRSTYLING           ,IL,61244-0000,Proprietary  ,1,2,3,21,65,86
02313900,WESTWOOD COLLEGE - O'HARE AIRPORT       ,IL,60631-2801,Proprietary  ,8,19,27,796,1333,2129
02317300,CONCEPT COLLEGE OF COSMETOLOGY          ,IL,61832-0000,Proprietary  ,0,7,7,45,129,174
02319200,LAKE FOREST GRAD SCHL OF MGMT           ,IL,60045-4824,Private      ,0,12,12,2,406,408
02323300,PROFESSIONAL'S CHOICE HAIR DSN ACAD     ,IL,60435-0000,Proprietary  ,0,3,3,18,44,62
02332200,HAIR PROFESSIONALS CAREER COLLEGE       ,IL,60178-0000,Proprietary  ,3,6,9,39,68,107
02337800,THE COLLEGE OF OFFICE TECHNOLOGY        ,IL,60622-0000,Proprietary  ,13,48,61,129,530,659
02349400,ALVAREITA'S COLLEGE OF COSMETOLOGY      ,IL,62035-0000,Proprietary  ,1,3,4,22,63,85
02349500,CANNELLA SCHOOL OF HAIR DESIGN          ,IL,60632-0000,Proprietary  ,3,17,20,42,152,194
02352200,LE CORDON BLEU COLLEGE OF CULINARY ARTS ,IL,60610-3050,Proprietary  ,8,20,28,718,1650,2368
02498200,G SKIN & BEAUTY INSTITUTE               ,IL,60523-1805,Proprietary  ,3,21,24,71,256,327
02498201,HAIR PROFESSIONALS ACADEMY OF COSMETOLOG,IL,60563-0000,Proprietary  ,0,1,1,14,22,36
02522800,FOX COLLEGE                             ,IL,60453-0000,Proprietary  ,0,2,2,418,323,741
02527600,LEXINGTON COLLEGE                       ,IL,60607-0000,Private      ,0,2,2,62,44,106
02536700,BELL MAR BEAUTY COLLEGE                 ,IL,60650-0000,Proprietary  ,0,0,0,7,59,66
02556100,ENVIRONMENTAL TECHNICAL INSTITUTE       ,IL,60143-0000,Proprietary  ,3,23,26,180,489,669
02556600,NILES SCHOOL OF COSMETOLOGY             ,IL,60714-0000,Proprietary  ,2,9,11,28,70,98
02570305,LOS ANGELES ORT TECHNICAL INSTITUTE -D/B,IL,60077-0000,Private      ,0,0,0,4,5,9
02573700,INSTITUTE FOR CLINICAL SOCIAL WORK      ,IL,60601-0000,Private      ,0,2,2,10,108,118
02579200,INGALLS MEMORIAL HOSPITAL               ,IL,60426-0000,Private      ,0,0,0,3,16,19
02584900,"FIRST INSTITUTE, INC.                   ",IL,60014-7489,Proprietary  ,0,1,1,43,321,364
02587700,HAIR PROFESSIONALS CAREER COLLEGE       ,IL,60465-1929,Proprietary  ,10,14,24,54,115,169
02599500,HANOVER PARK COLLEGE OF BEAUTY CULT     ,IL,60133-5421,Proprietary  ,6,9,15,75,123,198
02622700,KNOWLEDGE SYSTEMS INSTITUTE             ,IL,60076-0000,Private      ,0,0,0,1,10,11
03002000,HAIRMASTERS INST OF COSMETOLOGY         ,IL,61701-5547,Proprietary  ,4,7,11,35,100,135
03027702,PACIFIC COLLEGE OF ORIENTAL MEDICINE - C,IL,60613-4418,Proprietary  ,1,10,11,9,276,285
03065300,TREND SETTERS COLL OF COSMETOLOGY       ,IL,60915-2101,Proprietary  ,10,16,26,128,206,334
03072701,WESTWOOD COLLEGE OF TECHNOLOGY          ,IL,60409-0000,Proprietary  ,13,55,68,418,1444,1862
03072702,WESTWOOD COLLEGE OF TECHNOLOGY          ,IL,60602-0000,Proprietary  ,5,12,17,895,1883,2778
03078400,CAMEO BEAUTY ACADEMY                    ,IL,60453-3196,Proprietary  ,2,3,5,56,104,160
03079200,WESTWOOD COLLEGE - DUPAGE               ,IL,60517-2321,Proprietary  ,3,12,15,534,811,1345
03082900,ROSEL SCHOOL OF COSMETOLOGY             ,IL,60659-1913,Proprietary  ,4,14,18,32,173,205
03083800,HEARTLAND COMMUNITY COLLEGE             ,IL,61761-9446,Public       ,21,78,99,1923,2679,4602
03098000,ST JOHN'S COLLEGE OF NURSING            ,IL,62702-5321,Private      ,0,4,4,104,73,177
03098002,ST JOHN'S HOSP SCH MED TECH             ,IL,62769-5324,Private      ,0,2,2,5,15,20
03099700,CAIN'S BARBER COLLEGE                   ,IL,60615-3510,Proprietary  ,6,23,29,100,416,516
03099800,ILLINOIS SCHOOL OF HEALTH CAREERS       ,IL,60604-0000,Proprietary  ,24,119,143,359,1318,1677
03101800,ILLINOIS CENTER FOR BROADCASTING        ,IL,60148-7015,Proprietary  ,1,5,6,135,353,488
03128300,PYRAMID CAREER INSTITUTE                ,IL,60657-4207,Proprietary  ,0,0,0,0,8,8
03128500,NATIONAL LATINO EDUCATION INSTITUTE     ,IL,60609-2205,Private      ,0,3,3,42,128,170
03199300,CHRISTIAN LIFE COLLEGE                  ,IL,60056-2522,Private      ,1,2,3,21,27,48
03368300,MIDWEST TECHNICAL INSTITUTE             ,IL,62707-8805,Proprietary  ,34,196,230,482,2522,3004
03416300,COMPUTER SYSTEMS INSTITUTE              ,IL,60077-0000,Proprietary  ,26,113,139,269,1306,1575
03448300,BUSINESS INDUSTRIAL RESOURCES           ,IL,60659-1298,Proprietary  ,4,47,51,62,910,972
03455700,CORTIVA INSTITUTE - CHICAGO             ,IL,60602-3315,Proprietary  ,7,23,30,261,714,975
03455701,CORTIVA INSTITUTE - CHICAGO             ,IL,60014-6285,Proprietary  ,0,0,0,2,20,22
03510300,ERIKSON INSTITUTE                       ,IL,60654-4510,Private      ,0,2,2,1,303,304
03623300,VEE'S SCHOOL OF BEAUTY CULTURE          ,IL,62205-2326,Proprietary  ,0,4,4,3,45,48
03643300,"MR. JOHN'S SCHOOL OF JACKSONVILLE,  INC,",IL,62650-3488,Proprietary  ,0,3,3,13,53,66
03684300,NORTHSHORE UNIVERSITY HEALTHSYSTEM SCHOO,IL,60201-9872,Private      ,0,2,2,2,32,34
03721400,AMERICAN CAREER COLLEGE                 ,IL,60402-0000,Proprietary  ,1,2,3,23,125,148
03881400,EUROPEAN MASSAGE THERAPY SCHOOL         ,IL,60077-2269,Proprietary  ,3,33,36,19,203,222
03891300,SOMA INSTITUTE - THE NATIONAL SCHOOL OF ,IL,60604-4466,Proprietary  ,10,23,33,97,362,459
03914300,"CALC, INSTITUTE OF TECHNOLOGY           ",IL,62002-5931,Proprietary  ,1,18,19,23,285,308
04117500,SOLEX MEDICAL ACADEMY                   ,IL,60090-3104,Proprietary  ,0,1,1,2,32,34
04118400,ZAREM /GOLDE ORT TECHNICAL INSTITUTE    ,IL,60077-3210,Private      ,13,112,125,14,113,127
04124700,AMERICARE INSTITUTE                     ,IL,60133-5456,Proprietary  ,4,23,27,43,242,285
04136900,UNIVERSITY OF AESTHETICS (THE)          ,IL,60622-2151,Proprietary  ,0,1,1,6,35,41
04137000,UNIVERSITY OF AESTHETICS (THE)          ,IL,60515-5602,Proprietary  ,0,1,1,7,31,38
04137500,TRICOCI UNIVERSITY OF BEAUTY CULTURE    ,IL,60656-1805,Proprietary  ,6,11,17,152,255,407
04139000,CITI COLLEGE OF ALLIED HEALTH           ,IL,60602-1032,Proprietary  ,2,32,34,9,88,97
04141000,AVEDA INSTITUTE CHICAGO                 ,IL,60647-0000,Proprietary  ,5,5,10,59,157,216
04147100,TRICOCI UNIVERSITY OF BEAUTY CULTURE    ,IL,60048-2906,Proprietary  ,2,14,16,31,95,126
04147200,TRICOCI UNIVERSITY OF BEAUTY CULTURE    ,IL,60455-1824,Proprietary  ,2,14,16,55,107,162
04147300,TRICOCI UNIVERSITY OF BEAUTY CULTURE    ,IL,60139-3119,Proprietary  ,5,3,8,60,81,141
04147400,TRICOCI UNIVERSITY OF BEAUTY CULTURE    ,IL,61614-4831,Proprietary  ,2,5,7,29,64,93
04147500,TRICOCI UNIVERSITY OF BEAUTY CULTURE    ,IL,61108-2337,Proprietary  ,8,19,27,57,182,239
04160600,PAUL MITCHELL THE SCHOOL NORMAL         ,IL,61761-0000,Proprietary  ,14,12,26,16,16,32
04167800,INNOVATIONS DESIGN ACADEMY              ,IL,61520-2625,Proprietary  ,1,3,4,2,6,8
04170800,UNITY COSMETOLOGY COLLEGE               ,IL,61764-9652,Proprietary  ,0,3,3,0,3,3
        ,ASBURY THEOLOGICAL SEMINARY             ,KY,40390-0000,Private      ,0,0,0,1,30,31
00195100,ALICE LLOYD COLLEGE                     ,KY,41844-9703,Private      ,1,0,1,958,152,1110
00195200,ASBURY COLLEGE                          ,KY,40390-1198,Private      ,1,7,8,1529,539,2068
00195300,ASBURY THEOLOGICAL SEMINARY             ,KY,40390-0000,Private      ,0,3,3,18,1343,1361
00195400,BELLARMINE UNIVERSITY                   ,KY,40205-1877,Private      ,11,68,79,3475,1505,4980
00195500,BEREA COLLEGE                           ,KY,40403-0000,Private      ,3,2,5,2814,656,3470
00195800,BRESCIA UNIVERSITY                      ,KY,42301-3023,Private      ,0,3,3,670,573,1243
00195900,CAMPBELLSVILLE UNIVERSITY               ,KY,42718-2799,Private      ,5,42,47,2272,1567,3839
00196000,SPALDING UNIVERSITY                     ,KY,40203-2188,Private      ,2,42,44,648,2473,3121
00196100,CENTRE COLLEGE                          ,KY,40422-1394,Private      ,2,1,3,2049,92,2141
00196200,UNIVERSITY OF THE CUMBERLANDS           ,KY,40769-1372,Private      ,2,36,38,2322,1629,3951
00196300,EASTERN KENTUCKY UNIVERSITY             ,KY,40475-3102,Public       ,92,191,283,11580,9226,20806
00196400,GEORGETOWN COLLEGE                      ,KY,40324-1628,Private      ,0,49,49,2170,810,2980
00196500,KENTUCKY CHRISTIAN UNIVERSITY           ,KY,41143-2205,Private      ,0,1,1,714,157,871
00196800,KENTUCKY STATE UNIVERSITY               ,KY,40601-2355,Public       ,11,26,37,3322,1857,5179
00196900,KENTUCKY WESLEYAN COLLEGE               ,KY,42302-1039,Private      ,1,2,3,1254,308,1562
00197000,LEES COLLEGE                            ,KY,41339-0000,Private      ,0,0,0,1,1,2
00197100,LEXINGTON THEOLOGICAL SEMINARY          ,KY,40508-0000,Private      ,0,0,0,0,60,60
00197200,LINDSEY WILSON COLLEGE                  ,KY,42728-1223,Private      ,3,15,18,1935,1693,3628
00197400,LOUISVILLE PRESBYTERIAN THEOL SEM       ,KY,40205-0000,Private      ,0,0,0,1,151,152
00197500,MIDWAY COLLEGE                          ,KY,40347-1120,Private      ,3,31,34,585,1580,2165
00197600,MOREHEAD STATE UNIVERSITY               ,KY,40351-1689,Public       ,55,147,202,6056,5596,11652
00197700,MURRAY STATE UNIVERSITY                 ,KY,42071-0009,Public       ,33,76,109,6209,4090,10299
00197900,WEST KENTUCKY CMNTY & TECHNICAL COLG    ,KY,42002-7380,Public       ,28,125,153,1724,3903,5627
00198000,PIKEVILLE COLLEGE                       ,KY,41501-1194,Private      ,4,4,8,1076,412,1488
00198001,PIKEVILLE CLG-SCH OSTEOPATHIC MEDIC     ,KY,41501-0000,Private      ,0,0,0,8,323,331
00198200,SOUTHERN BAPTIST THEOL SEMINARY         ,KY,40280-0000,Private      ,0,2,2,52,205,257
00198300,ST. CATHARINE COLLEGE                   ,KY,40061-9499,Private      ,1,6,7,687,508,1195
00198700,TRANSYLVANIA UNIVERSITY                 ,KY,40508-1797,Private      ,1,0,1,1644,162,1806
00198800,UNION COLLEGE                           ,KY,40906-1499,Private      ,3,52,55,1308,1202,2510
00198900,UNIVERSITY OF KENTUCKY                  ,KY,40506-0054,Public       ,42,99,141,16593,9027,25620
00198901,UNIV OF KY-COLLEGE OF DENTISTRY         ,KY,40536-0000,Public       ,0,0,0,11,218,229
00198902,UNIV OF KY-COLLEGE OF MEDICINE          ,KY,40536-0000,Public       ,2,2,4,47,458,505
00199000,ASHLAND COMMUNITY AND TECHNICAL COLLEGE ,KY,41101-3683,Public       ,17,74,91,1550,2992,4542
00199100,ELIZABETHTOWN COMMUNITY  AND TECHNICAL C,KY,42701-3081,Public       ,32,179,211,2375,5786,8161
00199300,HENDERSON COMMUNITY COLLEGE             ,KY,42420-4699,Public       ,5,46,51,617,1625,2242
00199400,HOPKINSVILLE COMMUNITY COLLEGE          ,KY,42241-2621,Public       ,14,106,120,1168,4400,5568
00199600,BIG SANDY COMMUNITY AND TECHNICAL COLG  ,KY,41653-1815,Public       ,24,71,95,1868,2744,4612
00199700,SOMERSET COMMUNITY COLLEGE              ,KY,42501-2973,Public       ,31,200,231,2930,6967,9897
00199800,SOUTHEAST KENTUCKY COMMUNITY AND TECHNIC,KY,40823-1099,Public       ,19,61,80,1309,2048,3357
00199802,CUMBERLAND VLY TEC CLG MIDDLESBORO      ,KY,40965-2265,Public       ,0,0,0,20,30,50
00199804,SOUTHEAST COMMUNITY COLLEGE             ,KY,40831-1796,Public       ,3,0,3,112,175,287
00199900,UNIVERSITY OF LOUISVILLE                ,KY,40292-0000,Public       ,62,201,263,13030,12502,25532
00200100,THOMAS MORE COLLEGE                     ,KY,41017-3495,Private      ,1,22,23,1422,998,2420
00200200,WESTERN KENTUCKY UNIVERSITY             ,KY,42101-3576,Public       ,92,220,312,13981,10091,24072
00461800,SPENCERIAN COLLEGE                      ,KY,40216-2605,Proprietary  ,15,40,55,795,2716,3511
00461900,SULLIVAN UNIVERSITY                     ,KY,40205-3000,Proprietary  ,34,156,190,2390,6876,9266
00493402,DAYMAR COLLEGE - BOWLING GREEN          ,KY,42101-4063,Proprietary  ,0,2,2,0,2,2
00512729,BROWN MACKIE COLLEGE-CINCINNATI - 279 BU,KY,41017-2136,Proprietary  ,0,4,4,26,127,153
00524400,BLUEGRASS COMMUNITY & TECHNICAL COLLEGE ,KY,40506-0235,Public       ,59,296,355,5038,11039,16077
00527100,BOWLING GREEN TECHNICAL COLLEGE         ,KY,42101-3601,Public       ,11,111,122,1074,2969,4043
00527300,GATEWAY COMMUNITY & TECHNOLOGY COLL     ,KY,41011-0000,Public       ,24,147,171,1339,3883,5222
00696000,MAYSVILLE CMNTY & TECHNCL COLG          ,KY,41056-8910,Public       ,22,75,97,1033,3268,4301
00696100,JEFFERSON COMMUNITY AND TECHNICAL COLLEG,KY,40202-2005,Public       ,49,220,269,6307,12446,18753
00696200,HAZARD COMMUNITY COLLEGE                ,KY,41701-2402,Public       ,17,70,87,1409,2434,3843
00696203,KY TECH-KNOTT CO. TECHNOLOGY CTR        ,KY,41822-0000,Public       ,0,0,0,2,2,4
00696204,KY TECH-LESLIE COUNTY AREA TECH CTR     ,KY,41749-0000,Public       ,0,0,0,2,1,3
00696205,KY TECH-LEE COUNTY AREA TECH CTR        ,KY,41311-0000,Public       ,0,0,0,1,3,4
00696206,KY TECH-LETCHER CNTY AREA TECH CTR      ,KY,41858-0000,Public       ,0,0,0,23,15,38
00696207,KY TECH-BREATHITT COUNTY VOC ED CTR     ,KY,41339-0000,Public       ,0,0,0,12,10,22
00736205,MEDTECH COLLEGE - LEXINGTON             ,KY,40511-1200,Proprietary  ,0,12,12,13,188,201
00842500,DAYMAR COLLEGE                          ,KY,42001-0000,Proprietary  ,3,22,25,93,717,810
00901000,MADISONVILLE COMMUNITY COLLEGE          ,KY,42431-9199,Public       ,17,54,71,1210,2912,4122
00927500,NORTHERN KENTUCKY UNIVERSITY            ,KY,41099-0001,Public       ,26,151,177,9196,7994,17190
00931300,DAYMAR COLLEGE                          ,KY,42301-5830,Proprietary  ,43,313,356,448,3492,3940
00931302,DAYMAR COLLEGE - LOUISVILLE CAMPUS      ,KY,40219-1973,Proprietary  ,0,9,9,64,293,357
01042400,SALON PROFESSIONAL ACADEMY THE          ,KY,40502-1776,Proprietary  ,3,7,10,74,144,218
01048900,NATIONAL COLLEGE                        ,KY,40508-0000,Proprietary  ,9,42,51,757,5929,6686
01172500,COLLINS SCHOOL OF COSMETOLOGY           ,KY,40965-2809,Proprietary  ,4,21,25,27,96,123
01208800,SULLIVAN COLLEGE OF TECHNOLOGY AND DESIG,KY,40218-4528,Proprietary  ,19,26,45,599,835,1434
01212801,SOUTHWESTERN COLLEGE                    ,KY,41042-1466,Proprietary  ,13,71,84,169,1022,1191
01240400,LEXINGTON BEAUTY COLLEGE                ,KY,40503-1819,Proprietary  ,0,0,0,17,47,64
01272300,KY TECH-WAYNE COUNTY AREA TECH CTR      ,KY,42633-1088,Public       ,0,0,0,1,3,4
01291400,EMPIRE BEAUTY SCHOOL                    ,KY,40218-0000,Proprietary  ,7,45,52,149,403,552
01291500,EMPIRE BEAUTY SCHOOL                    ,KY,41042-5113,Proprietary  ,3,12,15,106,214,320
01291600,EMPIRE BEAUTY SCHOOL                    ,KY,40216-4212,Proprietary  ,2,13,15,57,221,278
01291700,EMPIRE BEAUTY SCHOOL                    ,KY,40160-0000,Proprietary  ,6,15,21,110,282,392
01296800,EMPIRE BEAUTY SCHOOL                    ,KY,40207-2695,Proprietary  ,2,7,9,92,164,256
02159100,"APPALACHIAN BEAUTY SCHOOL, INC.         ",KY,41503-0000,Proprietary  ,0,0,0,18,55,73
02177100,EMPIRE BEAUTY SCHOOL                    ,KY,40204-0000,Proprietary  ,0,12,12,83,234,317
02251500,TREND SETTERS ACAD OF BEAUTY CULT       ,KY,40258-0000,Proprietary  ,5,30,35,58,245,303
02275000,JENNY LEA ACADEMY OF COSMETOLOGY        ,KY,40831-0000,Proprietary  ,6,15,21,81,261,342
02279800,ELIZABETHTOWN BEAUTY SCHOOL             ,KY,42701-0000,Proprietary  ,0,0,0,4,5,9
02284306,INTERACTIVE LEARNING SYSTEMS            ,KY,41042-0000,Proprietary  ,0,3,3,9,107,116
02323700,PAT WILSON'S BEAUTY COLLEGE             ,KY,42420-0000,Proprietary  ,0,2,2,13,77,90
02337200,PJ'S COLLEGE OF COSMETOLOGY             ,KY,42101-0000,Proprietary  ,10,49,59,148,703,851
02340800,PAUL MITCHELL THE SCHOOL LEXINGTON      ,KY,40601-0000,Proprietary  ,11,11,22,67,122,189
02351700,PAUL MITCHELL THE SCHOOL - LOUISVILLE   ,KY,40203-3093,Proprietary  ,4,19,23,71,161,232
02491100,BECKFIELD COLLEGE                       ,KY,41042-0000,Proprietary  ,5,12,17,287,1650,1937
02518900,BARRETT & COMPANY SCH HAIR DESIGN       ,KY,40356-0000,Proprietary  ,3,7,10,47,147,194
02526100,JENNY LEA ACADEMY OF COSMETOLOGY        ,KY,41858-0000,Proprietary  ,0,3,3,9,44,53
02535600,CLEAR CREEK BAPTIST BIBLE COLLEGE       ,KY,40977-0000,Private      ,0,2,2,42,155,197
02551100,PJ'S COLLEGE OF COSMETOLOGY             ,KY,42121-0000,Proprietary  ,1,17,18,28,134,162
02560800,SOUTHEAST SCHOOL OF COSMETOLOGY         ,KY,40962-0000,Proprietary  ,0,6,6,14,60,74
02576200,MID-CONTINENT UNIVERSITY                ,KY,42066-9007,Private      ,2,51,53,290,2784,3074
02616204,BROWN MACKIE COLLEGE-FINDLAY - BROWN MAC,KY,40219-1916,Proprietary  ,3,6,9,155,681,836
02616205,BROWN MACKIE COLLEGE-LOUISVILLE - BROWN ,KY,42240-3579,Proprietary  ,4,43,47,40,312,352
03002100,KENTUCKY MOUNTAIN BIBLE COLLEGE         ,KY,41385-0010,Private      ,0,0,0,56,35,91
03007000,FRONTIER SCH OF MIDWIFERY&FAMILY NU     ,KY,41749-0000,Private      ,0,9,9,2,1058,1060
03026200,HEAD'S WEST KENTUCKY BEAUTY COLLEGE     ,KY,42431-0000,Proprietary  ,0,3,3,13,49,62
03029200,NU-TEK ACADEMY OF BEAUTY                ,KY,40353-9767,Proprietary  ,1,1,2,13,52,65
03034500,OWENSBORO COMMUNITY & TECHNICAL COLLEGE ,KY,42303-1899,Public       ,27,109,136,1575,3625,5200
03083700,GALEN HEALTH INSTITUTES                 ,KY,40207-1047,Proprietary  ,20,100,120,651,4059,4710
03103500,MR JIM'S BEAUTY COLLEGE                 ,KY,42301-2646,Proprietary  ,1,12,13,8,64,72
03516500,EZELL'S COSMETOLOGY SCHOOL              ,KY,42071-2530,Proprietary  ,0,0,0,20,80,100
03611300,BRIGHTON CENTER'S CENTER FOR EMPLOY     ,KY,41071-1968,Private      ,1,14,15,8,192,200
03804300,BELLEFONTE ACADEMY OF BEAUTY            ,KY,41169-2015,Proprietary  ,4,10,14,38,142,180
03885300,EMPLOYMENT SOLUTIONS                    ,KY,40517-3260,Private      ,0,13,13,26,292,318
03886300,REGENCY SCHOOL OF HAIR DESIGN           ,KY,41653-1278,Proprietary  ,0,3,3,21,69,90
04038300,ATA CAREER EDUCATION                    ,KY,40223-3832,Proprietary  ,10,52,62,226,1420,1646
04123900,LEXINGTON HEALING ARTS ACADEMY          ,KY,40503-1932,Proprietary  ,0,3,3,34,125,159
00200300,CENTENARY COLLEGE OF LOUISIANA          ,LA,71104-3396,Private      ,0,8,8,1233,270,1503
00200400,DILLARD UNIVERSITY                      ,LA,70122-3097,Private      ,28,11,39,2005,759,2764
00200500,NICHOLLS STATE UNIVERSITY               ,LA,70310-0001,Public       ,37,64,101,5303,2981,8284
00200600,GRAMBLING STATE UNIVERSITY              ,LA,71245-2215,Public       ,148,78,226,6857,3464,10321
00200700,LOUISIANA COLLEGE                       ,LA,71359-0000,Private      ,13,127,140,1123,901,2024
00200800,LOUISIANA TECH UNIVERSITY               ,LA,71272-0001,Public       ,57,50,107,6353,3205,9558
00201000,LOUISIANA STATE UNIV & A&M COLG         ,LA,70803-5710,Public       ,77,91,168,20850,7726,28576
00201100,LOUISIANA STATE UNIV-ALEXANDRIA         ,LA,71302-9121,Public       ,16,54,70,1483,2263,3746
00201200,LOUISIANA STATE UNIV-EUNICE             ,LA,70535-6726,Public       ,44,49,93,2004,1965,3969
00201300,LOUISIANA STATE UNIV-SHREVEPORT         ,LA,71115-2399,Public       ,15,58,73,2518,3272,5790
00201400,LA STATE UNIV HEALTH SCIENCES CTR       ,LA,70112-2223,Public       ,4,18,22,442,2119,2561
00201409,LOUISIANA STATE UNIVERSITY HEALTH SCIENC,LA,70119-2799,Public       ,1,1,2,4,4,8
00201500,(THE) UNIVERSITY OF NEW ORLEANS         ,LA,70148-0001,Public       ,70,166,236,6537,7412,13949
00201600,LOYOLA UNIVERSITY NEW ORLEANS           ,LA,70118-6195,Private      ,17,47,64,3231,2788,6019
00201700,MCNEESE STATE UNIVERSITY                ,LA,70609-4510,Public       ,50,90,140,5137,4018,9155
00201900,NEW ORLEANS BAPTIST THEOL SEMINARY      ,LA,70126-0000,Private      ,0,1,1,28,148,176
00202000,UNIVERSITY OF LOUISIANA AT MONROE       ,LA,71209-9001,Public       ,32,92,124,6024,4840,10864
00202100,NORTHWESTERN STATE UNIVERSITY           ,LA,71497-0001,Public       ,75,189,264,6088,5843,11931
00202200,NOTRE DAME SEMINARY                     ,LA,70118-0000,Private      ,0,1,1,3,14,17
00202300,OUR LADY OF HOLY CROSS COLLEGE          ,LA,70131-7399,Private      ,5,24,29,651,1268,1919
00202400,SOUTHEASTERN LOUISIANA UNIV             ,LA,70402-0001,Public       ,118,161,279,11002,6248,17250
00202500,SOUTHERN UNIVERSITY A & M COLLEGE       ,LA,70813-9374,Public       ,110,124,234,7902,7152,15054
00202600,SOUTHERN UNIV NEW ORLEANS               ,LA,70126-0002,Public       ,204,106,310,1920,4056,5976
00202700,ST JOSEPH SEMINARY COLLEGE              ,LA,70457-9990,Private      ,0,0,0,34,23,57
00202900,TULANE UNIVERSITY                       ,LA,70118-5698,Private      ,18,76,94,11253,6900,18153
00203100,UNIV OF LOUISIANA AT LAFAYETTE          ,LA,70504-0001,Public       ,106,69,175,11802,5357,17159
00203200,XAVIER UNIVERSITY OF LOUISIANA          ,LA,70125-1098,Private      ,25,18,43,4487,1766,6253
00462100,AYERS CAREER COLLEGE                    ,LA,71108-5845,Proprietary  ,2,42,44,81,576,657
00462500,DELGADO COMMUNITY COLLEGE               ,LA,70119-0000,Public       ,180,486,666,7792,15361,23153
00520300,REMINGTON COLLEGE - LAFAYETTE CAMPUS    ,LA,70508-5760,Proprietary  ,48,198,246,779,2385,3164
00520306,REMINGTON COLLEGE - BATON ROUGE CAMPUS  ,LA,70816-4040,Proprietary  ,8,45,53,197,777,974
00546700,SOWELA TECHNICAL COMMUNITY COLLEGE      ,LA,70616-6950,Public       ,24,61,85,935,1556,2491
00548800,LOUISIANA TECH COLG-BATON ROUGE         ,LA,70807-0000,Public       ,27,99,126,513,1353,1866
00548802,LOUISIANA TECH COLG-ACADIAN CMPS        ,LA,70526-0000,Public       ,11,23,34,126,250,376
00548803,LOUISIANA TECH COLG-ALEXANDRIA CMPS     ,LA,71302-3137,Public       ,6,40,46,217,691,908
00548804,LOUISIANA TECH COLG-ASCENSION CMPS      ,LA,70778-3007,Public       ,3,20,23,94,236,330
00548805,LA TECH COLLEGE-AVOYELLES CAMPUS        ,LA,71327-0000,Public       ,12,15,27,104,173,277
00548806,LA TECHNICAL COLG-BASTROP CMPS          ,LA,71221-0000,Public       ,10,21,31,87,254,341
00548808,LA TECH COLG CHARLES B COREILCMPS       ,LA,70586-0000,Public       ,5,10,15,120,223,343
00548809,LA TECHNICAL COLG-DELTA-OUACHITA        ,LA,71292-9064,Public       ,13,35,48,212,695,907
00548810,EVANGELINE TECHNICAL INST               ,LA,70582-3104,Public       ,5,23,28,100,281,381
00548811,LA TECHN COLLEGE - FLORIDA PARISHES     ,LA,70441-0000,Public       ,5,15,20,85,236,321
00548812,LOUISIANA TECH COLG-FOLKES CAMPUS       ,LA,70748-0000,Public       ,1,11,12,35,106,141
00548813,LA TECHNICAL INST-GULF AREA CMPS        ,LA,70510-0878,Public       ,17,32,49,197,347,544
00548814,LOUISIANA TECH COLG-HAMMOND CMPS        ,LA,70404-0000,Public       ,15,53,68,215,585,800
00548815,LA TECH COLG-HUEY P. LONG CAMPUS        ,LA,71483-0000,Public       ,6,11,17,93,233,326
00548816,LA TECH COLLEGE-JEFFERSON CAMPUS        ,LA,70001-5605,Public       ,8,42,50,101,473,574
00548817,LOUISIANA TEC CLG-JUMONVILLE MEM CP     ,LA,70760-0000,Public       ,8,22,30,63,176,239
00548818,LA TECH COLLEGE-LAFAYETTE CAMPUS        ,LA,70506-0000,Public       ,17,71,88,596,1189,1785
00548819,LOUISIANA TECHNICAL COLLEGE-LAFOURC     ,LA,70301-4336,Public       ,5,17,22,131,279,410
00548820,LOUISIANA TEC CLG-LAMAR SALTER CMPS     ,LA,71446-0000,Public       ,8,23,31,98,301,399
00548822,LOUISIANA TECHNICAL CLG-MANSFIELD       ,LA,71052-1236,Public       ,3,7,10,67,207,274
00548823,LA. TECH COLG.-MORGAN SMITH CAMPUS      ,LA,70546-0000,Public       ,3,7,10,44,138,182
00548824,LOUISIANA TEC CLG-NATCHITOCHES CMPS     ,LA,71458-0000,Public       ,2,18,20,122,302,424
00548825,LOUISIANA TECH COLG-NORTH CTRL CMPS     ,LA,71241-0000,Public       ,2,3,5,52,168,220
00548826,LOUISIANA TECH CLG-NORTHEAST LA CMP     ,LA,71295-2999,Public       ,2,10,12,97,242,339
00548827,LOUISIANA TEC CLG-NW LOUISIANA CMPS     ,LA,71058-0000,Public       ,21,52,73,283,652,935
00548828,LA TECHNICAL COLG-OAKDALE CMPS          ,LA,71463-0000,Public       ,2,4,6,67,168,235
00548829,LTC-RIVER PARISHES CAMPUS               ,LA,70084-0000,Public       ,5,16,21,223,382,605
00548830,LOUISIANA TECHNICAL COLLEGE-RUSTON      ,LA,71273-0000,Public       ,4,9,13,276,355,631
00548831,LTC - SABINE VALLEY CAMPUS              ,LA,71449-3839,Public       ,5,11,16,50,161,211
00548832,LOUISIANA TECH COLG-SHELBY JACKSON      ,LA,71334-0000,Public       ,5,28,33,70,319,389
00548833,LA TECH COLG SHREVEPORT-BOSSIER         ,LA,71137-0000,Public       ,13,51,64,327,1434,1761
00548837,LOUISIANA TECH COLG-SULLIVAN CAMPUS     ,LA,70427-5866,Public       ,17,46,63,243,631,874
00548838,LOUISIANA TECHNICAL COLG - TALLULAH     ,LA,71284-0000,Public       ,14,34,48,137,317,454
00548839,LA TECH COLG-TECHE AREA CAMPUS          ,LA,70562-0000,Public       ,13,24,37,240,433,673
00548840,LOUISIANA TECH COLG-T.H.HARRIS CMPS     ,LA,70570-6113,Public       ,19,38,57,405,651,1056
00548841,LOUISIANA TECH COLG W JEFFERSON CMP     ,LA,70058-0000,Public       ,4,18,22,91,274,365
00548842,LOUISIANA TECHNICAL COLLEGE - WESTSIDE C,LA,70765-0733,Public       ,0,7,7,25,120,145
00548843,LTC-YOUNG MEMORIAL CAMPUS               ,LA,70381-0000,Public       ,8,18,26,162,466,628
00576100,L. E. FLETCHER TECHNICAL COMMUNITY COLLE,LA,70360-2863,Public       ,22,37,59,687,1057,1744
00768600,SOUTHERN UNIV AT SHREVEPORT/BOSSIER     ,LA,71107-4795,Public       ,71,101,172,1544,3363,4907
00806700,LSU HEALTH SCIENCES CENTR-SHREVEPOR     ,LA,71130-3932,Public       ,3,17,20,265,984,1249
00989800,DEMMON SCHOOL OF BEAUTY                 ,LA,70607-2128,Proprietary  ,0,1,1,14,83,97
01005701,AMERICAN COMMERCIAL COLLEGE             ,LA,71105-2502,Proprietary  ,2,26,28,54,278,332
01109700,CLOYD'S BEAUTY SCHOOL #1                ,LA,71291-3131,Proprietary  ,3,13,16,52,190,242
01163100,"D-JAY'S SCHL OF BEAUTY, ARTS & SCI      ",LA,70806-0000,Proprietary  ,2,9,11,37,119,156
01184100,JOHN JAY BEAUTY COLLEGE                 ,LA,70124-2592,Proprietary  ,1,3,4,49,82,131
01261100,RONNIE & DORMANS SCHOOL HAIR DESIGN     ,LA,70501-0000,Proprietary  ,0,0,0,7,24,31
01282300,PAT GOINS RUSTON BEAUTY SCHOOL          ,LA,71270-4301,Proprietary  ,0,8,8,17,55,72
01287900,PAT GOINS BENTON ROAD BEAUTY SCHOOL     ,LA,71111-4838,Proprietary  ,1,6,7,15,80,95
01288000,PAT GOINS BEAUTY SCHOOL                 ,LA,71201-5167,Proprietary  ,3,3,6,13,32,45
02055400,BOSSIER PARISH COMMUNITY COLLEGE        ,LA,71111-0000,Public       ,54,127,181,2415,4077,6492
02055500,DELTA SCH OF BUSINESS & TECHNOLOGY      ,LA,70601-0000,Proprietary  ,5,27,32,95,546,641
02089711,HERZING COLLEGE                         ,LA,70062-8727,Proprietary  ,2,20,22,69,359,428
02117800,AVEDA INSTITUTE LAFAYETTE               ,LA,70503-3246,Proprietary  ,4,4,8,117,196,313
02166100,NUNEZ COMMUNITY COLLEGE                 ,LA,70043-0000,Public       ,24,63,87,541,1470,2011
02166200,ITI TECHNICAL COLLEGE                   ,LA,70817-0000,Proprietary  ,12,35,47,363,675,1038
02197500,BATON ROUGE SCHOOL OF COMPUTERS         ,LA,70816-0000,Proprietary  ,1,4,5,28,76,104
02234000,CAMERON COLLEGE                         ,LA,70119-0000,Proprietary  ,5,22,27,60,236,296
02258400,AVEDA INSTITUTE BATON ROUGE             ,LA,70816-2246,Proprietary  ,9,7,16,166,249,415
02260200,DIESEL DRIVING ACADEMY                  ,LA,71109-5617,Proprietary  ,4,33,37,58,505,563
02263600,BASTROP BEAUTY SCHOOL #1                ,LA,71220-0000,Proprietary  ,0,0,0,4,6,10
02265600,JOHN JAY KENNER ACADEMY                 ,LA,70062-0000,Proprietary  ,4,8,12,56,130,186
02269300,STEVENSON'S ACADEMY OF HAIR DESIGN      ,LA,70116-0000,Proprietary  ,3,11,14,75,167,242
02327800,PINEVILLE BEAUTY SCHOOL                 ,LA,71360-0000,Proprietary  ,2,1,3,26,77,103
02335701,BATON ROUGE GEN MED CTR SCH NSG         ,LA,70821-0000,Private      ,2,9,11,54,189,243
02335702,BATON ROUGE GEN MED CTR-RAD TECH        ,LA,70806-0000,Private      ,0,2,2,25,52,77
02338000,"CLOYD'S BEAUTY SCHOOL #2, INC           ",LA,71202-3539,Proprietary  ,3,13,16,44,175,219
02352500,"CLOYD'S BEAUTY SCHOOL #3, INC           ",LA,71201-3211,Proprietary  ,3,13,16,51,188,239
02358600,"STAGE ONE THE HAIR SCHOOL, INC.         ",LA,70605-0000,Proprietary  ,3,8,11,64,125,189
02518300,SOUTH LOUISIANA BEAUTY COLLEGE          ,LA,70363-0000,Proprietary  ,2,2,4,36,66,102
02536400,LOUISIANA ACADEMY OF BEAUTY             ,LA,70535-0000,Proprietary  ,0,6,6,29,54,83
02538300,DELTA COLLEGE OF ARTS & TECH INC        ,LA,70806-1529,Proprietary  ,5,10,15,156,602,758
02538301,DELTA COLLEGE OF ARTS & TECHNOLOGY - LAF,LA,70508-6831,Proprietary  ,2,4,6,42,218,260
02548500,COSMETOLOGY TRAINING CENTER             ,LA,70503-0000,Proprietary  ,2,6,8,63,80,143
02554800,VANGUARD COLLEGE OF COSMETOLOGY         ,LA,70458-8823,Proprietary  ,12,5,17,145,179,324
02582200,"GUY'S ACADEMY HAIR, SKIN & NAILS        ",LA,71105-2404,Proprietary  ,5,6,11,61,197,258
02600900,AVEDA INSTITUTE                         ,LA,70433-2922,Proprietary  ,20,63,83,715,1320,2035
02601000,AMERICAN SCHOOL OF BUSINESS             ,LA,71105-5646,Proprietary  ,2,16,18,24,116,140
02601100,OPELOUSAS SCHOOL OF COSMETOLOGY         ,LA,70570-6156,Proprietary  ,1,4,5,14,35,49
02606800,CAREER TRAINING SPECIALISTS             ,LA,71201-6046,Proprietary  ,17,47,64,409,1150,1559
02606801,CAREER TECHNICAL COLLEGE - SHREVEPORT   ,LA,71105-2405,Proprietary  ,5,36,41,160,659,819
02617100,BATON ROUGE COLLEGE                     ,LA,70816-2246,Proprietary  ,2,4,6,57,147,204
02619200,DENHAM SPRINGS BEAUTY COLLEGE           ,LA,70726-3829,Proprietary  ,2,6,8,46,92,138
03010400,CRESCENT CITY SCH GAMING & BARTENDG     ,LA,70119-5507,Proprietary  ,16,153,169,94,941,1035
03023500,CAMELOT CAREER COLLEGE                  ,LA,70805-7539,Proprietary  ,22,38,60,153,322,475
03030900,DIESEL DRIVING ACADEMY                  ,LA,70815-8109,Proprietary  ,5,53,58,48,623,671
03061400,ASCENSION COLLEGE                       ,LA,70737-2912,Proprietary  ,2,16,18,99,291,390
03095100,GRETNA CAREER COLLEGE                   ,LA,70053-2436,Proprietary  ,8,38,46,80,372,452
03106200,OUR LADY OF THE LAKE COLLEGE            ,LA,70808-4345,Private      ,12,48,60,844,2129,2973
03253300,JONESVILLE BEAUTY SCHOOL                ,LA,71343-0000,Proprietary  ,2,6,8,112,162,274
03294300,BLUE CLIFF SCH THERAPEUTIC MASSAGE      ,LA,70002-3458,Proprietary  ,23,79,102,342,1097,1439
03332600,DELTA COLLEGE                           ,LA,70433-9042,Proprietary  ,2,9,11,92,359,451
03332601,DELTA COLLEGE - SLIDELL                 ,LA,70460-2624,Proprietary  ,1,4,5,49,290,339
03356300,MEDICAL TRAINING COLLEGE                ,LA,70816-5820,Proprietary  ,5,29,34,126,424,550
03422500,BLUE CLIFF COLLEGE                      ,LA,71107-6520,Proprietary  ,14,60,74,196,761,957
03422600,BLUE CLIFF COLLEGE                      ,LA,70508-3858,Proprietary  ,6,42,48,241,801,1042
03480300,MEDVANCE INSTITUTE                      ,LA,70809-1908,Proprietary  ,15,45,60,421,1481,1902
03498400,OMEGA INSTITUTE OF COSMETOLOGY          ,LA,70360-0000,Proprietary  ,3,4,7,39,56,95
03727500,MOORE CAREER COLLEGE                    ,LA,70808-4191,Proprietary  ,0,6,6,33,65,98
03730300,BATON ROUGE COMMUNITY COLLEGE           ,LA,78806-4129,Public       ,82,148,230,4659,5908,10567
03752400,SCHOOL OF URBAN MISSIONS                ,LA,70053-0000,Private      ,2,2,4,89,109,198
03789300,UNITECH TRAINING ACADEMY                ,LA,70503-5132,Proprietary  ,19,82,101,196,1047,1243
03789301,UNITECH TRAINING ACADEMY - WEST MONROE  ,LA,71291-2913,Proprietary  ,7,47,54,16,124,140
03789302,UNITECH TRAINING ACADEMY - HOUMA        ,LA,70363-5556,Proprietary  ,12,30,42,34,88,122
03789303,UNITECH TRAINING ACADEMY -  ALEXANDRIA  ,LA,71303-3625,Proprietary  ,3,2,5,6,15,21
03789304,UNITECH TRAINING ACADEMY - LAKE CHARLES ,LA,70601-7887,Proprietary  ,9,30,39,35,120,155
03789400,RIVER PARISHES COMMUNITY COLLEGE        ,LA,70778-0310,Public       ,15,46,61,468,710,1178
03810500,COURT REPORTING INSTITUTE OF LOUISI     ,LA,70816-0000,Proprietary  ,1,2,3,11,79,90
03956300,SOUTH LOUISIANA COMMUNITY COLLEGE       ,LA,70506-0000,Public       ,50,90,140,1547,1829,3376
04040300,COMPASS CAREER COLLEGE                  ,LA,70403-0653,Proprietary  ,5,10,15,68,273,341
04112300,LOUISIANA CULINARY INSTITUTE            ,LA,70816-4109,Proprietary  ,2,2,4,110,169,279
04120700,ALDEN'S SCHOOL OF COSMETOLOGY           ,LA,70714-1502,Proprietary  ,0,7,7,19,113,132
04130100,LOUISIANA DELTA COMMUNITY COLLEGE       ,LA,71203-3618,Public       ,21,64,85,969,1361,2330
04149500,A & W HEALTHCARE EDUCATORS              ,LA,70122-3146,Proprietary  ,1,2,3,2,21,23
04151600,MY-LE'S BEAUTY COLLEGE                  ,LA,70056-3150,Proprietary  ,1,8,9,14,86,100
00143600,CAPITOL COLLEGE                         ,MD,20708-9759,Private      ,0,14,14,368,354,722
00146200,WASHINGTON BIBLE COLLEGE                ,MD,20706-3599,Private      ,1,4,5,88,444,532
00205700,ALLEGANY COLLEGE OF MARYLAND            ,MD,21502-2596,Public       ,8,30,38,2270,1981,4251
00205800,ANNE ARUNDEL COMMUNITY COLLEGE          ,MD,21012-1895,Public       ,67,313,380,4221,6913,11134
00206000,BALTIMORE HEBREW UNIVERSITY             ,MD,21215-3996,Private      ,0,0,0,5,38,43
00206100,BALTIMORE CITY COMMUNITY COLLEGE        ,MD,21215-7893,Public       ,32,179,211,3385,9350,12735
00206200,BOWIE STATE UNIVERSITY                  ,MD,20715-9465,Public       ,14,40,54,7317,4916,12233
00206300,COMMUNITY COLLEGE OF BALTIMORE COUNTY   ,MD,21228-5381,Public       ,113,383,496,7704,14145,21849
00206400,COLLEGE OF SOUTHERN MARYLAND            ,MD,20646-0910,Public       ,15,70,85,2538,3546,6084
00206401,COLLEGE OF SOUTHERN MARYLAND - PRINCE FR,MD,20676-9702,Public       ,0,0,0,149,201,350
00206402,COLLEGE OF SOUTHERN MARYLAND - LEONARDTO,MD,20650-1758,Public       ,0,0,0,170,309,479
00206477,COLLEGE OF SOUTHERN MARYLAND - WALDORF C,MD,20602-3223,Public       ,0,0,0,69,134,203
00206500,CLG NOTRE DAME OF MARYLAND              ,MD,21210-2476,Private      ,3,22,25,743,1522,2265
00206700,COLUMBIA UNION COLLEGE                  ,MD,20912-7796,Private      ,3,17,20,822,908,1730
00206800,COPPIN STATE UNIVERSITY                 ,MD,21216-3698,Public       ,16,27,43,4220,4507,8727
00207100,FREDERICK COMMUNITY COLLEGE             ,MD,21702-9745,Public       ,20,74,94,1739,2531,4270
00207200,FROSTBURG STATE UNIVERSITY              ,MD,21532-1099,Public       ,6,8,14,6333,1348,7681
00207300,GOUCHER COLLEGE                         ,MD,21204-2794,Private      ,1,12,13,3028,633,3661
00207400,HAGERSTOWN COMMUNITY COLLEGE            ,MD,21742-6590,Public       ,9,43,52,1639,2686,4325
00207500,HARFORD COMMUNITY COLLEGE               ,MD,21015-1696,Public       ,18,94,112,1964,2714,4678
00207600,HOOD COLLEGE                            ,MD,21701-8575,Private      ,5,10,15,2106,914,3020
00207700,JOHNS HOPKINS UNIVERSITY                ,MD,21218-2693,Private      ,3,42,45,7834,2296,10130
00207702,JOHNS HOPKINS UNIV SCH ARTS/SCI/ENG     ,MD,21218-0000,Private      ,4,65,69,3869,2052,5921
00207703,JOHNS HOPKINS UNIV SCH OF BUS/ED        ,MD,21046-0000,Private      ,0,15,15,46,1517,1563
00207705,JOHNS HOPKINS BLOOMBERG SCH OF PH       ,MD,21205-0000,Private      ,0,3,3,26,1322,1348
00207706,JOHNS HOPKINS UNIV SCH OF MEDICINE      ,MD,21205-0000,Private      ,0,3,3,123,1128,1251
00207707,JOHNS HOPKINS UNIV SCH OF NURSING       ,MD,21205-0000,Private      ,0,3,3,234,885,1119
00207708,JOHNS HOPKINS UNIV PEABODY CONSERV      ,MD,21202-2397,Private      ,0,2,2,606,434,1040
00207800,LOYOLA UNIVERSITY MARYLAND              ,MD,21210-2699,Private      ,1,20,21,6953,2083,9036
00208000,MARYLAND INST COLLEGE OF ART            ,MD,21217-4191,Private      ,2,3,5,2602,830,3432
00208300,MORGAN STATE UNIVERSITY                 ,MD,21251-0002,Public       ,25,36,61,11764,5281,17045
00208600,MOUNT SAINT MARY'S UNIVERSITY           ,MD,21727-7799,Private      ,3,7,10,2669,385,3054
00208700,NER ISRAEL RABBINICAL COLLEGE           ,MD,21208-1198,Private      ,3,5,8,96,54,150
00208900,PRINCE GEORGES COMMUNITY COLLEGE        ,MD,20774-2199,Public       ,42,210,252,5621,9505,15126
00209100,SALISBURY UNIVERSITY                    ,MD,21801-6862,Public       ,11,8,19,9845,1927,11772
00209200,ST JOHN'S COLLEGE                       ,MD,21404-0000,Private      ,1,6,7,630,208,838
00209500,ST. MARY'S COLLEGE OF MARYLAND          ,MD,20686-3001,Public       ,1,2,3,2622,196,2818
00209600,ST MARY'S SEMINARY & UNIV               ,MD,21210-1994,Private      ,0,0,0,25,30,55
00209900,TOWSON UNIVERSITY                       ,MD,21252-0002,Public       ,43,76,119,20856,7105,27961
00210200,UNIVERSITY OF BALTIMORE                 ,MD,21201-5779,Public       ,7,62,69,1484,6526,8010
00210300,"UNIVERSITY OF MARYLAND, COLLEGE PARK    ",MD,20742-5145,Public       ,46,209,255,30767,13559,44326
00210400,"UNIVERSITY OF MARYLAND, BALTIMORE       ",MD,21201-1691,Public       ,2,37,39,2262,9121,11383
00210500,UMBC                                    ,MD,21250-0002,Public       ,18,42,60,8739,4180,12919
00210600,UNIVERSITY MARYLAND EASTERN SHORE       ,MD,21853-4053,Public       ,16,6,22,5523,1708,7231
00210700,STEVENSON UNIVERSITY                    ,MD,21153-0641,Private      ,4,7,11,4067,1210,5277
00210800,WASHINGTON COLLEGE                      ,MD,21620-1197,Private      ,2,2,4,2738,124,2862
00210900,MCDANIEL COLLEGE                        ,MD,21157-4390,Private      ,1,9,10,2844,681,3525
00458612,KAPLAN COLLEGE                          ,MD,21742-2797,Proprietary  ,24,142,166,472,1633,2105
00458613,KAPLAN COLLEGE -  CAREER TECHNOLOGY CENT,MD,21742-2797,Proprietary  ,0,0,0,18,48,66
00458614,KAPLAN COLLEGE - FREDERICK              ,MD,21704-8307,Proprietary  ,0,7,7,102,395,497
00465000,CHESAPEAKE COLLEGE                      ,MD,21679-0008,Public       ,11,47,58,1132,1749,2881
00691100,MONTGOMERY COLLEGE                      ,MD,20850-1195,Public       ,85,199,284,9408,9820,19228
00734100,INTERNATIONAL BEAUTY SCHOOL             ,MD,21502-2370,Proprietary  ,8,61,69,103,771,874
00744700,DEL-MAR-VA BEAUTY ACADEMY               ,MD,21804-0000,Proprietary  ,2,3,5,54,91,145
00749100,TESST COLLEGE OF TECHNOLOGY             ,MD,21227-1063,Proprietary  ,27,137,164,519,2130,2649
00793600,LINCOLN TECHNICAL INSTITUTE             ,MD,21046-1544,Proprietary  ,65,119,184,1114,1507,2621
00817500,HOWARD COMMUNITY COLLEGE                ,MD,21044-3197,Public       ,34,96,130,2704,3555,6259
00826300,AWARD BEAUTY SCHOOL                     ,MD,21740-5624,Proprietary  ,15,60,75,111,391,502
00830800,CECIL COLLEGE                           ,MD,21901-1999,Public       ,10,29,39,958,1170,2128
00907906,EVEREST COLLEGE- EVEREST INSTITUTE      ,MD,20910-3737,Proprietary  ,17,91,108,366,985,1351
01001400,GARRETT COMMUNITY COLLEGE               ,MD,21541-1265,Public       ,1,14,15,787,438,1225
01031900,MEDIX SCHOOL                            ,MD,21204-2538,Proprietary  ,45,177,222,738,2648,3386
01041000,TESST COLLEGE OF TECHNOLOGY             ,MD,21286-2201,Proprietary  ,17,66,83,222,894,1116
01164400,UNIV OF MARYLAND UNIVERSITY COLLEGE     ,MD,20783-8078,Public       ,37,1035,1072,2311,27596,29907
01164402,U OF MD UNIVERSITY COLLEGE - EUROPE     ,MD,20832-0000,Public       ,3,31,34,276,1413,1689
01164404,U OF MD UNIVERSITY COLLEGE - ASIA       ,MD,31207-0000,Public       ,1,22,23,85,752,837
02073900,WOR-WIC COMMUNITY COLLEGE               ,MD,21804-0000,Public       ,21,91,112,1510,3128,4638
02083600,TESST COLLEGE OF TECHNOLOGY             ,MD,20705-2698,Proprietary  ,23,71,94,487,1071,1558
02116005,SANFORD-BROWN INSTITUTE - LANDOVER      ,MD,20785-2287,Proprietary  ,10,33,43,203,1335,1538
02127900,SOJOURNER DOUGLASS COLLEGE              ,MD,21205-0000,Private      ,1,18,19,183,2660,2843
02155100,MARYLAND COLLEGE OF ART AND DESIGN      ,MD,20902-0000,Private      ,0,0,0,65,65,130
02269700,INTERNATIONAL BEAUTY SCHOOL             ,MD,21014-0000,Proprietary  ,3,1,4,39,57,96
02314800,BALTIMORE INTERNATIONAL COLLEGE         ,MD,21202-0000,Private      ,6,11,17,614,630,1244
02331000,MARYLAND BEAUTY ACADEMY OF ESSEX        ,MD,21221-0000,Proprietary  ,4,13,17,68,165,233
02333000,HAIR ACADEMY                            ,MD,20784-0000,Proprietary  ,39,74,113,222,551,773
02343800,MONTGOMERY BEAUTY SCHOOL                ,MD,20901-0000,Proprietary  ,13,26,39,80,241,321
02494700,BALTIMORE STUDIO OF HAIR DESIGN         ,MD,21201-0000,Proprietary  ,3,22,25,71,294,365
02495000,ROBERT PAUL ACAD COSMTGY ARTS & SCI     ,MD,21093-0000,Proprietary  ,0,0,0,68,71,139
02495100,MARYLAND BEAUTY ACADEMY                 ,MD,21136-0000,Proprietary  ,0,11,11,11,65,76
02545400,NORTH AMERICAN TRADE SCHOOLS            ,MD,21244-0069,Proprietary  ,27,112,139,244,1109,1353
02573800,"L' ACADEMIE DE CUISINE, INC.            ",MD,20877-0000,Proprietary  ,0,1,1,44,162,206
02578400,TAI SOPHIA INSTITUTE                    ,MD,20723-6010,Private      ,0,16,16,0,349,349
03027200,BLADES SCHOOL OF HAIR DESIGN            ,MD,20619-0226,Proprietary  ,0,8,8,44,104,148
03064900,AARON'S ACADEMY OF BEAUTY               ,MD,20602-2715,Proprietary  ,2,0,2,35,86,121
03097200,AESTHETICS INSTITUTE OF COSMETOLOGY     ,MD,20877-1305,Proprietary  ,1,5,6,28,69,97
03100700,CARROLL COMMUNITY COLLEGE               ,MD,21157-6913,Public       ,9,32,41,1074,1046,2120
03148300,AMERICAN BEAUTY ACADEMY                 ,MD,20902-1911,Proprietary  ,26,81,107,303,784,1087
03296300,BALTIMORE SCHOOL OF MASSAGE             ,MD,21090-2261,Proprietary  ,17,60,77,268,765,1033
03327300,NEW CREATIONS ACADEMY OF HAIR DSN       ,MD,20746-2960,Proprietary  ,0,1,1,13,45,58
03455500,NATIONAL LABOR COLLEGE                  ,MD,20903-1790,Private      ,0,7,7,0,86,86
03493300,ALL-STATE CAREER SCHOOL                 ,MD,21224-6658,Proprietary  ,44,254,298,598,2675,3273
03771300,AMERICAN CAREER INSTITUTE               ,MD,20902-4637,Proprietary  ,71,485,556,212,1359,1571
03822400,MAPLE SPRINGS BAPTIST BIBLE COLLEGE & SE,MD,20743-5711,Private      ,0,0,0,2,59,61
03937300,YESHIVA COLLEGE OF THE NATION'S CAPITAL ,MD,20902-1700,Private      ,1,2,3,9,4,13
03965500,HAIR EXPRESSIONS ACADEMY                ,MD,20852-1729,Proprietary  ,2,8,10,53,109,162
04121600,FILA ACADEMY (THE)                      ,MD,21061-1634,Proprietary  ,4,15,19,53,173,226
04139700,FREDERICK SCHOOL OF COSMETOLOGY         ,MD,21701-0000,Proprietary  ,0,1,1,15,31,46
04141600,OMEGA STUDIOS' SCHOOL OF APPLIED RECORDI,MD,20852-1731,Proprietary  ,1,3,4,45,98,143
04151800,TEMPLE (THE): A PAUL MITCHELL PARTNER SC,MD,21701-5409,Proprietary  ,4,7,11,60,78,138
00211400,AMERICAN INTERNATIONAL COLLEGE          ,MA,01109-3189,Private      ,7,23,30,2072,2628,4700
00211500,AMHERST COLLEGE                         ,MA,01002-5000,Private      ,1,0,1,4638,177,4815
00211600,ANDOVER NEWTON THEOLOGICAL SCHOOL       ,MA,02459-0000,Private      ,0,0,0,1,203,204
00211700,ANNA MARIA COLLEGE                      ,MA,01612-1198,Private      ,0,22,22,1760,520,2280
00211800,ASSUMPTION COLLEGE                      ,MA,01615-1294,Private      ,1,8,9,4220,625,4845
00211900,ATLANTIC UNION COLLEGE                  ,MA,01561-1000,Private      ,2,0,2,315,336,651
00212000,MERRIMACK COLLEGE                       ,MA,01845-5800,Private      ,1,3,4,3966,264,4230
00212100,BABSON COLLEGE                          ,MA,02457-0310,Private      ,0,13,13,2388,1003,3391
00212200,BAY PATH COLLEGE                        ,MA,01106-2212,Private      ,1,22,23,838,1951,2789
00212300,BECKER COLLEGE-WORCESTER                ,MA,01615-0071,Private      ,4,14,18,2183,1117,3300
00212400,BENTLEY UNIVERSITY                      ,MA,02452-4705,Private      ,4,22,26,5819,957,6776
00212600,BERKLEE COLLEGE OF MUSIC                ,MA,02215-3693,Private      ,37,20,57,4089,1165,5254
00212800,BOSTON COLLEGE                          ,MA,02467-3800,Private      ,6,19,25,19275,7435,26710
00212900,BOSTON CONSERVATORY OF MUSIC            ,MA,02215-9830,Private      ,1,1,2,1057,297,1354
00213000,BOSTON UNIVERSITY                       ,MA,02215-1789,Private      ,13,97,110,30374,18481,48855
00213300,BRANDEIS UNIVERSITY                     ,MA,02453-2700,Private      ,2,10,12,4781,1334,6115
00213900,CLARK UNIVERSITY                        ,MA,01610-1473,Private      ,1,2,3,3795,690,4485
00214000,ELMS COLLEGE                            ,MA,01013-2839,Private      ,0,2,2,1037,588,1625
00214100,COLLEGE OF THE HOLY CROSS               ,MA,01610-2395,Private      ,4,1,5,5580,104,5684
00214300,CURRY COLLEGE                           ,MA,02186-2395,Private      ,4,21,25,4113,1167,5280
00214400,DEAN COLLEGE                            ,MA,02038-1994,Private      ,2,4,6,1508,211,1719
00214500,EASTERN NAZARENE COLLEGE                ,MA,02170-2999,Private      ,1,11,12,782,553,1335
00214507,EASTERN NAZARENE CLG - LEAD PROGRAM     ,MA,02170-0000,Private      ,0,0,0,12,86,98
00214600,EMERSON COLLEGE                         ,MA,02116-4624,Private      ,1,2,3,6750,1530,8280
00214700,EMMANUEL COLLEGE                        ,MA,02115-5798,Private      ,1,4,5,4488,503,4991
00214800,ENDICOTT COLLEGE                        ,MA,01915-2098,Private      ,4,13,17,4018,436,4454
00214900,EPISCOPAL DIVINITY SCHOOL               ,MA,02138-0000,Private      ,0,2,2,1,89,90
00215000,FISHER COLLEGE                          ,MA,02116-1500,Private      ,5,25,30,1339,1065,2404
00215100,BENJAMIN FRANKLIN INSTITUTE OF TECH     ,MA,02116-6296,Public       ,0,4,4,728,335,1063
00215300,GORDON COLLEGE                          ,MA,01984-1899,Private      ,3,2,5,1986,100,2086
00215400,HELLENIC COLLEGE                        ,MA,02445-7496,Private      ,0,1,1,57,108,165
00215500,HARVARD UNIVERSITY                      ,MA,02138-3800,Private      ,14,20,34,7051,1242,8293
00215501,AMRCN REPERTORY THTR INST ADV THTR      ,MA,02138-0000,Private      ,0,0,0,6,105,111
00215502,HARVARD BUSINESS SCHOOL                 ,MA,02163-0000,Private      ,0,11,11,233,1787,2020
00215503,HARVARD EXTENSION SCHOOL                ,MA,02138-0000,Private      ,6,38,44,172,1412,1584
00215504,HARVARD SCH OF DENTAL MEDICINE          ,MA,02115-0000,Private      ,1,1,2,11,174,185
00215505,HARVARD UNIV GRAD SCH DESIGN            ,MA,02138-0000,Private      ,0,1,1,8,1047,1055
00215506,HARVARD DIVINITY SCHOOL                 ,MA,02138-0000,Private      ,0,1,1,33,727,760
00215507,HARVARD UNIV GRAD SCH ED                ,MA,02138-0000,Private      ,0,1,1,6,1431,1437
00215508,HARVARD UNIV GRAD S OF ARTS & SCIEN     ,MA,02138-0000,Private      ,0,5,5,100,989,1089
00215509,HARVARD JOHN F KENNEDY SCHL OF GOVT     ,MA,02138-0000,Private      ,0,5,5,24,1462,1486
00215510,HARVARD LAW SCHOOL                      ,MA,02138-0000,Private      ,2,2,4,87,4405,4492
00215511,HARVARD UNIV MEDICAL SCHOOL             ,MA,02115-0000,Private      ,0,2,2,128,1042,1170
00215512,HARVARD UNIV SCH PUBLIC HEALTH          ,MA,02115-0000,Private      ,0,4,4,41,818,859
00215513,HARVARD UNIVERSITY-HARVARD COLLEGE      ,MA,02138-0000,Private      ,4,1,5,14244,376,14620
00215700,HEBREW COLLEGE                          ,MA,02459-2237,Private      ,0,0,0,2,81,83
00215800,LASELL COLLEGE                          ,MA,02466-2716,Private      ,1,6,7,2875,238,3113
00216000,LESLEY UNIVERSITY                       ,MA,02138-2790,Private      ,5,256,261,2584,5456,8040
00216100,UMASS LOWELL                            ,MA,01854-3089,Public       ,22,70,92,9882,4794,14676
00216300,MARIST COLLEGE & SEMINARY               ,MA,01701-0000,Private      ,0,0,0,2,526,528
00216400,NEW ENGLAND COLLEGE OF OPTOMETRY        ,MA,02115-1129,Private      ,0,2,2,7,406,413
00216500,MASS. COLLEGE OF PHARMACY  & HEALTH SCIE,MA,02115-5804,Private      ,3,4,7,3950,2546,6496
00216700,BERKSHIRE COMMUNITY COLLEGE             ,MA,01201-5786,Public       ,6,16,22,950,1348,2298
00216800,CAPE COD COMMUNITY COLLEGE              ,MA,02668-1599,Public       ,7,17,24,1749,2076,3825
00216900,GREENFIELD COMMUNITY COLLEGE            ,MA,01301-9739,Public       ,7,17,24,922,1526,2448
00217000,HOLYOKE COMMUNITY COLLEGE               ,MA,01040-1099,Public       ,19,76,95,3746,4643,8389
00217100,MASSACHUSETTS BAY COMMUNITY COLLEGE     ,MA,02181-0000,Public       ,11,45,56,2306,2439,4745
00217200,MOUNT WACHUSETT COMMUNITY COLLEGE       ,MA,01440-1000,Public       ,30,88,118,1903,3278,5181
00217300,NORTH SHORE COMMUNITY COLLEGE           ,MA,01923-4093,Public       ,13,77,90,3275,4199,7474
00217400,NORTHERN ESSEX COMMUNITY COLLEGE        ,MA,01830-2399,Public       ,34,121,155,2912,4319,7231
00217500,QUINSIGAMOND COMMUNITY COLLEGE          ,MA,01606-2092,Public       ,23,102,125,3896,4596,8492
00217600,BRISTOL COMMUNITY COLLEGE               ,MA,02720-7399,Public       ,24,98,122,3989,4477,8466
00217700,MASSASOIT COMMUNITY COLLEGE             ,MA,02302-3996,Public       ,10,36,46,3255,3748,7003
00217800,MASSACHUSETTS INST OF TECHNOLOGY        ,MA,02139-4307,Private      ,5,26,31,10497,2993,13490
00218000,MASSACHUSETTS COLLEGE OF ART AND DESIGN ,MA,02115-5803,Public       ,2,4,6,2420,762,3182
00218100,MASSACHUSETTS MARITIME ACADEMY          ,MA,02532-3400,Public       ,0,0,0,1251,91,1342
00218300,BRIDGEWATER STATE COLLEGE               ,MA,02325-0001,Public       ,17,25,42,11255,3145,14400
00218400,FITCHBURG STATE COLLEGE                 ,MA,01420-2697,Public       ,12,16,28,5647,1496,7143
00218500,FRAMINGHAM STATE COLLEGE                ,MA,01702-2471,Public       ,4,5,9,5088,1169,6257
00218700,MASSACHUSETTS CLG OF LIBERAL ARTS       ,MA,01247-4100,Public       ,3,26,29,2118,574,2692
00218800,SALEM STATE COLLEGE                     ,MA,01970-5353,Public       ,19,50,69,8604,3593,12197
00218900,WESTFIELD STATE COLLEGE                 ,MA,01086-1630,Public       ,1,3,4,7733,1286,9019
00219000,WORCESTER STATE COLLEGE                 ,MA,01602-2597,Public       ,7,24,31,5513,2104,7617
00219200,MOUNT HOLYOKE COLLEGE                   ,MA,01075-1492,Private      ,1,1,2,2531,322,2853
00219300,MOUNT IDA COLLEGE                       ,MA,02459-3323,Private      ,2,3,5,2248,360,2608
00219400,NEW ENGLAND CONSERVATORY OF MUSIC       ,MA,02115-5018,Private      ,0,0,0,748,645,1393
00219700,NICHOLS COLLEGE                         ,MA,01571-6346,Private      ,0,13,13,2081,407,2488
00219900,NORTHEASTERN UNIVERSITY                 ,MA,02115-5000,Private      ,34,134,168,30689,11222,41911
00220100,PINE MANOR COLLEGE                      ,MA,02167-0000,Private      ,0,0,0,563,178,741
00220200,BLESSED JOHN XXIII NATIONAL SEMINARY    ,MA,02493-0000,Private      ,0,0,0,0,3,3
00220500,QUINCY COLLEGE                          ,MA,02169-4501,Public       ,13,69,82,1411,2851,4262
00220600,REGIS COLLEGE                           ,MA,02193-0000,Private      ,1,4,5,1848,644,2492
00220800,SIMMONS COLLEGE                         ,MA,02115-5898,Private      ,1,20,21,3134,3601,6735
00220900,SMITH COLLEGE                           ,MA,01063-2936,Private      ,1,1,2,3620,970,4590
00221000,UNIV OF MASSACHUSETTS-DARTMOUTH         ,MA,02747-2300,Public       ,12,34,46,11035,2378,13413
00221100,SPRINGFIELD COLLEGE                     ,MA,01109-3797,Private      ,4,131,135,3971,4376,8347
00221400,ST JOHN'S SEMINARY                      ,MA,02135-8839,Private      ,2,4,6,22,79,101
00221700,STONEHILL COLLEGE                       ,MA,02357-6110,Private      ,1,0,1,5602,120,5722
00221800,SUFFOLK UNIVERSITY                      ,MA,02108-2770,Private      ,2,17,19,9522,2665,12187
00221802,SUFFOLK UNIVERSITY LAW SCHOOL           ,MA,02108-0000,Private      ,0,0,0,171,2866,3037
00221810,SUFFOLK UNIVERSITY - LAW SCHOOL         ,MA,02108-4977,Private      ,0,0,0,0,3,3
00221900,TUFTS UNIVERSITY                        ,MA,02155-5808,Private      ,1,8,9,9947,2632,12579
00221901,TUFTS UNIV SCH OF DENTAL MEDICINE       ,MA,02111-0000,Private      ,1,0,1,12,836,848
00221902,TUFTS UNIVERSITY - CUMMINGS SCHOOL OF VE,MA,01536-0000,Private      ,0,1,1,33,434,467
00221904,TUFTS UNIV SCHOOL OF MEDICINE           ,MA,02111-0000,Private      ,0,3,3,60,1761,1821
00222100,UNIV OF MASSACHUSETTS-AMHERST           ,MA,01003-0000,Public       ,25,49,74,33087,7211,40298
00222200,UNIV OF MASSACHUSETTS-BOSTON            ,MA,02125-3393,Public       ,25,153,178,10461,9375,19836
00222400,WELLESLEY COLLEGE                       ,MA,02481-8203,Private      ,0,1,1,3439,160,3599
00222500,WENTWORTH INSTITUTE OF TECHNOLOGY       ,MA,02115-5998,Private      ,6,12,18,4782,742,5524
00222600,WESTERN NEW ENGLAND COLLEGE             ,MA,01119-2654,Private      ,0,11,11,5060,1714,6774
00222700,WHEATON COLLEGE                         ,MA,02766-2322,Private      ,0,0,0,2578,68,2646
00222800,WHEELOCK COLLEGE                        ,MA,02215-4176,Private      ,1,2,3,1378,603,1981
00222900,WILLIAMS COLLEGE                        ,MA,01267-2600,Private      ,0,0,0,3621,106,3727
00223300,WORCESTER POLYTECHNIC INSTITUTE         ,MA,01609-2280,Private      ,2,5,7,5882,489,6371
00396500,BAY STATE COLLEGE                       ,MA,02116-2901,Proprietary  ,11,21,32,1302,769,2071
00396600,BOSTON ARCHITECTURAL COLLEGE            ,MA,02115-2795,Private      ,0,1,1,515,1125,1640
00466100,HAMPSHIRE COLLEGE                       ,MA,01002-3359,Private      ,0,0,0,2412,110,2522
00466600,SALTER COLLEGE                          ,MA,01583-1700,Proprietary  ,56,379,435,909,4251,5160
00466700,SCHOOL OF MUSEUM OF FINE ARTS           ,MA,02115-5534,Private      ,1,0,1,879,274,1153
00466900,UPPER CAPE COD REGIONAL VOC TECH        ,MA,02532-3310,Public       ,0,0,0,12,110,122
00527900,GREATER LOWELL REGNL VOC TECH SCH       ,MA,01879-0000,Public       ,0,0,0,24,91,115
00551900,DIMAN REGIONAL VOC TECH INST            ,MA,02723-3519,Public       ,0,0,0,28,78,106
00552300,BLUE HILLS REGIONAL VOC TECH            ,MA,02021-1398,Public       ,0,3,3,23,152,175
00555700,MCCANN TECHNICAL SCHOOL                 ,MA,01247-0000,Public       ,0,1,1,18,71,89
00613600,NATIONAL AVIATION ACADEMY - NEW ENGLAND ,MA,01730-2620,Proprietary  ,4,14,18,105,160,265
00632200,BROCKTON HOSPITAL SCH OF NURSING        ,MA,02302-0000,Private      ,0,0,0,126,421,547
00632400,LABOURE COLLEGE                         ,MA,02124-5698,Private      ,1,13,14,213,786,999
00633100,LAWRENCE MEM HOSPITAL SCH OF NRSNG      ,MA,02155-1643,Private      ,0,1,1,67,385,452
00635200,BAYSTATE MEDICAL CENTER                 ,MA,01199-0001,Private      ,0,2,2,3,31,34
00687300,MARIAN COURT COLLEGE                    ,MA,01907-2896,Private      ,0,6,6,172,121,293
00748100,GIBBS COLLEGE                           ,MA,02116-2904,Proprietary  ,7,15,22,129,314,443
00748400,NEWBURY COLLEGE                         ,MA,02445-5796,Private      ,0,1,1,1908,297,2205
00748600,THE NEW ENGLAND INSTITUTE OF ART        ,MA,02445-7295,Proprietary  ,5,8,13,2022,804,2826
00748800,KAPLAN CAREER INSTITUTE                 ,MA,02129-1644,Proprietary  ,16,81,97,262,944,1206
00748801,KAPLAN CAREER INSTITUTE -               ,MA,02215-2606,Proprietary  ,8,55,63,75,402,477
00807800,SPRINGFIELD TECHNICAL COMMUNITY CLG     ,MA,01105-0000,Public       ,5,36,41,2861,5160,8021
00809002,EVEREST COLLEGE - EVEREST INSTITUTE     ,MA,02150-2333,Proprietary  ,31,126,157,199,787,986
00891600,NEW ENGLAND SCHOOL OF LAW               ,MA,02116-0000,Private      ,0,1,1,9,2264,2273
00964500,BARD COLLEGE AT SIMON'S ROCK            ,MA,01230-9702,Private      ,0,0,0,483,23,506
00974700,GORDON-CONWELL THEOLOGICAL SEMINARY     ,MA,01982-0000,Private      ,0,6,6,5,589,594
00975600,UNIVERSITY OF MASS MEDICAL CENTER       ,MA,01655-0000,Public       ,0,6,6,28,818,846
00987700,HENRI'S SCHOOL OF HAIR DESIGN           ,MA,01420-5675,Proprietary  ,1,1,2,27,32,59
00989900,LOWELL ACADEMY HAIRSTYLING INST         ,MA,01852-1909,Proprietary  ,3,8,11,39,68,107
00993600,MIDDLESEX COMMUNITY COLLEGE             ,MA,01730-1197,Public       ,11,30,41,1609,1325,2934
00993602,"MIDDLESEX COMMUNITY COLLEGE, LOWELL     ",MA,01852-0000,Public       ,13,70,83,2494,2391,4885
01121000,BUNKER HILL COMMUNITY COLLEGE           ,MA,02129-2991,Public       ,15,61,76,4689,7502,12191
01151000,EVEREST INSTITUTE                       ,MA,02135-7638,Proprietary  ,32,86,118,247,776,1023
01193000,ROXBURY COMMUNITY COLLEGE               ,MA,02120-3400,Public       ,5,23,28,1143,2912,4055
01204200,MANSFIELD BEAUTY SCHOOLS                ,MA,02169-5061,Proprietary  ,0,7,7,37,99,136
01206800,MANSFIELD BEAUTY SCHOOL                 ,MA,01103-1410,Proprietary  ,2,8,10,14,64,78
01218700,BLACKSTONE VALLEY VOCATIONAL REGIONAL SC,MA,01568-1499,Public       ,0,1,1,0,1,1
01238600,SOUTHEASTERN TECHNICAL INSTITUTE        ,MA,02375-1780,Public       ,0,2,2,49,237,286
01288100,MONTACHUSETT REG VOC TECH SCH           ,MA,01420-4649,Public       ,0,1,1,10,48,58
01292100,EMPIRE BEAUTY SCHOOL                    ,MA,02215-0000,Proprietary  ,11,28,39,217,487,704
01292101,EMPIRE BEAUTY SCHOOL - HYANNIS          ,MA,02601-2022,Proprietary  ,2,1,3,26,30,56
01294800,ROB ROY ACADEMY                         ,MA,02721-5330,Proprietary  ,5,13,18,70,150,220
02063000,MONTSERRAT COLLEGE OF ART               ,MA,01915-0000,Private      ,1,1,2,559,57,616
02063800,BUTERA SCHOOL OF ART                    ,MA,02116-0000,Proprietary  ,1,0,1,38,16,54
02076700,EMPIRE BEAUTY SCHOOL                    ,MA,02148-0000,Proprietary  ,5,18,23,88,242,330
02079400,EMPIRE BEAUTY SCHOOL                    ,MA,02453-0000,Proprietary  ,6,19,25,94,234,328
02092100,MASSACHUSETTS SCHOOL OF BARBERING       ,MA,02169-5058,Proprietary  ,1,3,4,47,150,197
02092200,EMPIRE BEAUTY SCHOOL                    ,MA,01852-0000,Proprietary  ,6,19,25,74,202,276
02122000,NEW ENGLAND HAIR ACADEMY                ,MA,02148-0000,Proprietary  ,0,6,6,73,145,218
02137000,ROB ROY ACADEMY                         ,MA,02780-0000,Proprietary  ,4,11,15,35,73,108
02137200,MASS GEN HOSP DIETETIC INTERNSHIP       ,MA,02114-0000,Private      ,0,0,0,3,10,13
02143000,LONGY SCHOOL OF MUSIC                   ,MA,02138-3599,Private      ,0,0,0,50,141,191
02163500,NEW ENGLAND SCHOOL OF PHOTOGRAPHY       ,MA,02215-0000,Proprietary  ,0,1,1,146,136,282
02163600,MASS SCH OF PROFESSIONAL PSYCHOLOGY     ,MA,02132-0000,Private      ,0,0,0,3,25,28
02169900,ASSABET VALLEY REGIONAL VOC SCHOOL      ,MA,01752-0000,Public       ,0,2,2,19,87,106
02181600,ROB ROY ACADEMY                         ,MA,01609-0000,Proprietary  ,17,34,51,122,257,379
02182900,CAMBRIDGE COLLEGE                       ,MA,02138-5304,Private      ,7,327,334,348,5287,5635
02197900,NORTH BENNET STREET SCHOOL              ,MA,02113-0000,Private      ,0,0,0,40,107,147
02215100,HALLMARK INSTITUTE OF PHOTOGRAPHY       ,MA,01376-0000,Proprietary  ,1,0,1,167,152,319
02219501,MILDRED ELLEY - PITTSFIELD              ,MA,01201-5300,Proprietary  ,0,0,0,8,26,34
02220400,CATHERINE HINDS INST OF ESTHETICS       ,MA,01801-0000,Proprietary  ,0,9,9,59,212,271
02231600,MGH INSTITUTE OF HEALTH PROFESSION      ,MA,02129-0000,Private      ,3,19,22,52,1188,1240
02274300,CONWAY SCHOOL OF LANDSCAPE DESIGN       ,MA,01341-0179,Private      ,0,0,0,3,23,26
02325700,LABARON HAIRDRESSING ACADEMY            ,MA,02740-0000,Proprietary  ,2,6,8,36,72,108
02325800,LABARON HAIRDRESSING ACAD-BROCKTON      ,MA,02301-0000,Proprietary  ,0,2,2,23,62,85
02337400,BANCROFT SCHOOL OF MASSAGE THERAPY      ,MA,01604-4614,Proprietary  ,0,2,2,18,68,86
02338200,BAY STATE SCHOOL OF TECHNOLOGY          ,MA,02021-0000,Proprietary  ,5,30,35,68,503,571
02339400,ROB ROY ACADEMY                         ,MA,02746-0000,Proprietary  ,1,1,2,12,19,31
02491700,CORTIVA INSTITUTE -  BOSTON             ,MA,02472-2577,Proprietary  ,1,11,12,44,305,349
02523900,ELIZABETH GRADY SCHOOL OF ESTHETICS     ,MA,02155-0000,Proprietary  ,1,4,5,48,137,185
02579800,NEW ENGLAND SCHOOL OF ACUPUNCTURE       ,MA,02458-0000,Private      ,0,0,0,1,176,177
03006802,PENNSYLVANIA CULINARY INSTITUTE - LE COR,MA,02142-1221,Proprietary  ,3,0,3,278,778,1056
03066700,AILANO SCHOOL OF COSMETOLOGY            ,MA,02303-4740,Proprietary  ,0,2,2,33,41,74
03104000,SHAWSHEEN ADULT TECHNICAL INSTITUTE     ,MA,01821-5499,Public       ,0,1,1,14,50,64
03115200,MOTORING TECHNICAL TRAINING INST        ,MA,02771-5933,Proprietary  ,5,19,24,163,334,497
03120800,KAY HARVEY HAIRDRESSING ACADEMY         ,MA,01089-2701,Proprietary  ,2,8,10,25,55,80
03127700,SOUTHERN NEW ENGLAND SCHOOL OF LAW      ,MA,02747-1252,Private      ,0,2,2,3,268,271
03130500,URBAN COLLEGE OF BOSTON                 ,MA,02111-1093,Private      ,0,23,23,50,714,764
03194300,BOSTON GRAD SCH OF PSYCHOANALYSIS       ,MA,02446-4602,Private      ,0,1,1,3,83,86
03196300,LINCOLN TECHNICAL INSTITUTE             ,MA,02145-1102,Proprietary  ,37,105,142,454,1045,1499
03196302,LINCOLN TECHNICAL INSTITUTE             ,MA,01852-5119,Proprietary  ,16,54,70,369,894,1263
03205400,JOLIE HAIR & BEAUTY ACADEMY             ,MA,01056-2769,Proprietary  ,2,27,29,29,173,202
03232302,LINCOLN TECHNICAL INSTITUTE             ,MA,02401-1818,Proprietary  ,6,62,68,311,891,1202
03235300,MASSACHUSETTS SCHOOL OF LAW             ,MA,01810-1094,Private      ,0,3,3,3,696,699
03240300,HAIR IN MOTION BEAUTY ACADEMY           ,MA,01604-2213,Proprietary  ,2,2,4,11,26,37
03248300,BOSTON BAPTIST COLLEGE                  ,MA,02136-4000,Private      ,0,0,0,100,51,151
03316400,FUNERAL INSTITUTE OF THE NORTHEAST      ,MA,02062-4766,Proprietary  ,0,0,0,21,99,120
03504300,NATL GRAD SCH OF QUALITY SYSTM MGMT     ,MA,02540-0000,Private      ,0,16,16,0,70,70
03763300,MEDICAL PROFESSIONAL INSTITUTE          ,MA,02148-8143,Proprietary  ,0,11,11,23,165,188
03859300,E.I.N.E.                                ,MA,01876-4709,Proprietary  ,0,2,2,5,48,53
03946300,FRANKLIN W. OLIN COLLEGE OF ENGINEERING ,MA,02492-1200,Private      ,0,0,0,401,4,405
03965300,NEW ENGLAND COLLEGE OF FINANCE          ,MA,02110-1605,Proprietary  ,5,23,28,21,202,223
04039300,SULLIVAN AND COGLIANO TRAINING CENTER   ,MA,02301-4921,Proprietary  ,16,435,451,125,2214,2339
04116900,DIGRIGOLI SCHOOL OF COSMETOLOGY         ,MA,01089-4623,Proprietary  ,1,2,3,27,57,84
04128000,MILLENNIUM TRAINING INSTITUTE           ,MA,01801-6386,Proprietary  ,1,10,11,10,130,140
04128900,CENTRAL MASS SCHOOL OF MASSAGE AND THERA,MA,01562-1712,Proprietary  ,1,1,2,8,33,41
04153200,SOUTHERN WORCESTER COUNTY REGIONAL VOC S,MA,01507-1331,Public       ,0,0,0,1,16,17
00324204,CARNEGIE MELLON UNIVERSITY - QATAR      ,FC,00000-0000,Private      ,0,0,0,0,8,8
00324206,CARNEGIE MELLON UNIVERSITY THE HEINZ COL,FC,00000-0000,Private      ,0,0,0,0,5,5
00337112,TEMPLE UNIVERSITY - JAPAN               ,FC,00000-0000,Private      ,1,0,1,42,44,86
00369101,MIDDLEBURY COLLEGE - FRANCE             ,FC,00000-0000,Private      ,0,0,0,5,9,14
00369102,MIDDLEBURY COLLEGE - GERMANY            ,FC,00000-0000,Private      ,0,0,0,2,8,10
00369103,MIDDLEBURY COLLEGE - ITALY              ,FC,00000-0000,Private      ,0,0,0,5,8,13
00369104,MIDDLEBURY COLLEGE - SPAIN              ,FC,00000-0000,Private      ,0,1,1,7,21,28
00369105,MIDDLEBURY COLLEGE - RUSSIA             ,FC,00000-0000,Private      ,0,0,0,2,8,10
00369107,MIDDLEBURY COLLEGE - BREAD LOAF SCHOOL/E,FC,00000-0000,Private      ,0,0,0,0,1,1
00401000,INSTITUT INTERNAT'L D'ETUDES FRANCA     ,FC,00000-0000,Public       ,0,0,0,1,4,5
00401200,HEBREW UNIVERSITY OF JERUSALEM (THE)    ,FC,00000-0000,Public       ,0,0,0,40,126,166
00403000,UNIVERSITY OF CAMBRIDGE                 ,FC,00000-0000,Public       ,0,1,1,6,62,68
00503400,AMERICAN UNIVERSITY OF CAIRO            ,FC,00000-0000,Private      ,0,2,2,75,246,321
00667100,KATHOLIEKE UNIVERSITEIT LEUVEN          ,FC,00000-0000,Private      ,0,0,0,2,58,60
00669100,UNIVERSITY OF CAMBRIDGE - PEMBROKE      ,FC,00000-0000,Public       ,0,1,1,2,15,17
00669200,UNIVERSITY OF LEEDS                     ,FC,00000-0000,Public       ,0,0,0,18,106,124
00669300,UNIV OF LONDON-LONDON SCHOOL ECON       ,FC,00000-0000,Public       ,0,2,2,25,563,588
00669400,SCH OF ORIENTAL & AFRICAN STUDIES       ,FC,00000-0000,Public       ,0,1,1,14,170,184
00669500,UNIV OF LONDON-UNIVERSITY COLLEGE       ,FC,00000-0000,Public       ,0,0,0,24,407,431
00669600,UNIV OF LONDON-SCH ADVANCED STUDY       ,FC,00000-0000,Public       ,0,1,1,0,20,20
00669700,"QUEEN MARY, UNIVERSITY OF LONDON        ",FC,00000-0000,Public       ,0,1,1,23,141,164
00669900,UNIVERSITY OF SUSSEX                    ,FC,00000-0000,Public       ,0,0,0,16,96,112
00670000,"UNIVERSITY OF YORK, THE                 ",FC,00000-0000,Public       ,0,1,1,15,112,127
00670400,UNIVERSITY COLLEGE CORK                 ,FC,00000-0000,Public       ,0,0,0,15,69,84
00671300,UPPSALA UNIVERSITY                      ,FC,00000-0000,Public       ,0,0,0,0,51,51
00671500,UNIVERSITY OF GENEVA                    ,FC,00000-0000,Public       ,0,0,0,5,70,75
00683900,UNIVERSITY OF EDINBURGH                 ,FC,00000-0000,Public       ,1,3,4,150,593,743
00684200,UNIVERSITY OF DUBLIN TRINITY COLLEG     ,FC,00000-0000,Public       ,0,0,0,46,177,223
00685000,UNIVERSITY OF CAMBRIDGE - DOWNING C     ,FC,00000-0000,Public       ,0,0,0,1,7,8
00763200,UNIVERSITY OF BRISTOL                   ,FC,00000-0000,Public       ,1,0,1,15,80,95
00768100,COLLEGE OF EUROPE                       ,FC,00000-0000,Private      ,0,0,0,0,5,5
00770500,ROYAL COLLEGE OF SURGEONS IN IRELAN     ,FC,00000-0000,Private      ,0,0,0,5,70,75
00788100,AMERICAN UNIVERSITY OF PARIS            ,FC,00000-0000,Private      ,0,1,1,248,230,478
00837100,AMERICAN UNIVERSITY OF BEIRUT           ,FC,00000-0000,Private      ,0,2,2,88,90,178
00837300,TEL-AVIV UNIVERSITY                     ,FC,00000-0000,Public       ,0,0,0,7,74,81
00837600,VRIJE UNIVERSITEIT AMSTERDAM            ,FC,00000-0000,Public       ,0,2,2,1,34,35
00837700,UNIVERSITEIT VAN AMSTERDAM(UNIVERSI     ,FC,00000-0000,Public       ,0,0,0,5,123,128
00838000,UNIVERSITY OF WARWICK                   ,FC,00000-0000,Public       ,0,0,0,8,78,86
00838300,UNIVERSITY OF GLASGOW                   ,FC,00000-0000,Public       ,1,1,2,45,367,412
00839300,UNIVERSITY OF OSLO                      ,FC,00000-0000,Public       ,0,0,0,3,24,27
00839400,UNIVERSITY OF OXFORD                    ,FC,00000-0000,Public       ,0,2,2,10,268,278
00839800,UNIVERSITY OF SHEFFIELD (THE)           ,FC,00000-0000,Public       ,0,0,0,14,76,90
00839900,UNIVERSITY OF SOUTHAMPTON               ,FC,00000-0000,Public       ,0,0,0,10,45,55
00845200,ABERYSTWYTH UNIVERSITY                  ,FC,00000-0000,Public       ,0,0,0,9,36,45
00845800,LOUGHBOROUGH UNIVERSITY                 ,FC,00000-0000,Public       ,0,0,0,1,4,5
00846000,UNIVERSITY OF NEWCASTLE UPON TYNE       ,FC,00000-0000,Public       ,0,0,0,11,89,100
00846100,UNIVERSITY OF SAINT ANDREWS             ,FC,00000-0000,Public       ,0,2,2,204,204,408
00850500,UNIVERSITY OF MELBOURNE                 ,FC,00000-0000,Public       ,0,2,2,19,171,190
00858600,SWANSEA UNIVERSITY                      ,FC,00000-0000,Public       ,0,0,0,10,38,48
00858700,UNIVERSITY OF DURHAM                    ,FC,00000-0000,Public       ,0,4,4,12,159,171
00866500,UNIVERSITY OF KENT AT CANTERBURY (THE)  ,FC,00000-0000,Public       ,0,1,1,21,142,163
00867000,UNIVERSITY OF NEW SOUTH WALES           ,FC,00000-0000,Public       ,2,0,2,23,134,157
00868700,UNIVERSITY OF ESSEX                     ,FC,00000-0000,Public       ,0,0,0,10,77,87
00869300,CITY UNIVERSITY                         ,FC,00000-0000,Public       ,0,2,2,4,167,171
00890800,THE UNIVERSITY OF BIRMINGHAM            ,FC,00000-0000,Public       ,0,1,1,11,97,108
00891000,UNIVERSITY OF HULL                      ,FC,00000-0000,Public       ,0,0,0,6,20,26
00892000,UNIVERSITY OF NOTTINGHAM                ,FC,00000-0000,Public       ,0,0,0,12,98,110
00900600,UNIVERSITY OF SALFORD (THE)             ,FC,00000-0000,Public       ,0,2,2,3,11,14
00908400,"UNIV OF LONDON, BIRKBECK                ",FC,00000-0000,Public       ,0,0,0,1,87,88
00908500,UNIV OF LONDON KING'S COLLEGE           ,FC,00000-0000,Public       ,0,0,0,35,331,366
00908600,UNIVERSITY OF LONDON - ROYAL HOLLOWAY   ,FC,00000-0000,Public       ,0,0,0,12,83,95
00914300,BAR-ILAN UNIVERSITY                     ,FC,00000-0000,Private      ,0,2,2,7,19,26
00924700,ARCHITECTURAL ASSOC SCH OF ARCHITEC     ,FC,00000-0000,Private      ,0,0,0,1,23,24
00924900,UNIVERSITY OF LIVERPOOL                 ,FC,00000-0000,Public       ,0,0,0,20,95,115
00936800,UNIVERSITY OF ABERDEEN                  ,FC,00000-0000,Public       ,0,0,0,45,117,162
00942300,ROYAL COLLEGE OF ART                    ,FC,00000-0000,Public       ,0,0,0,5,61,66
00942800,TECHNION-ISRAEL INST OF TECHLGY         ,FC,00000-0000,Public       ,0,3,3,1,87,88
00944200,UNIVERSITY OF EXETER                    ,FC,00000-0000,Public       ,0,0,0,9,97,106
00944400,UNIVERSITY OF LANCASTER                 ,FC,00000-0000,Public       ,0,0,0,8,41,49
00963400,UNIVERSITY OF OXFORD ST CATHERINE'S     ,FC,00000-0000,Public       ,0,0,0,0,11,11
00980800,UNIVERSITY OF STRATHCLYDE               ,FC,00000-0000,Public       ,0,0,0,5,38,43
00986000,UNIVERSITY OF SURREY                    ,FC,00000-0000,Public       ,0,0,0,10,21,31
00990600,PONTIFICAL NORTH AMERICAN COLLEGE       ,FC,00000-0000,Private      ,0,0,0,0,8,8
00992700,UNIVERSITY OF CAMBRIDGE - FITZWILLI     ,FC,00000-0000,Public       ,0,0,0,0,5,5
01006700,LUND UNIVERSITY                         ,FC,00000-0000,Public       ,0,1,1,3,96,99
01008400,UNIVERSITY OF CAPE TOWN                 ,FC,00000-0000,Private      ,0,0,0,9,77,86
01008700,UNIVERSITY OF OXFORD ST PETER'S COL     ,FC,00000-0000,Public       ,0,0,0,0,4,4
01008800,UNIVERSITY OF OXFORD - CORPUS CHRIS     ,FC,00000-0000,Public       ,0,0,0,0,5,5
01008900,CENTRAL SCHOOL OF SPEECH AND DRAMA      ,FC,00000-0000,Private      ,0,0,0,14,57,71
01009000,UNIVERSITY OF OXFORD - BALLIOL COLL     ,FC,00000-0000,Public       ,0,0,0,3,14,17
01014300,UNIVERSITY OF READING                   ,FC,00000-0000,Public       ,0,0,0,14,55,69
01015700,CARDIFF UNIVERSITY                      ,FC,00000-0000,Public       ,0,0,0,10,52,62
01015900,PONTIFICIA UNIVERSITA GREGORIANA        ,FC,00000-0000,Private      ,0,0,0,0,7,7
01016000,CG JUNG INST                            ,FC,00000-0000,Private      ,0,0,0,0,4,4
01018800,UNIVERSITY COLLEGE DUBLIN               ,FC,00000-0000,Public       ,0,1,1,8,209,217
01019000,UNIVERSITY OF CAMBRIDGE CHURCHILL C     ,FC,00000-0000,Public       ,0,0,0,0,6,6
01022800,UNIVERSITY OF STIRLING                  ,FC,00000-0000,Public       ,0,0,0,19,44,63
01033200,UNIVERSITY OF CAMBRIDGE - CLARE COL     ,FC,00000-0000,Public       ,0,0,0,1,8,9
01045600,UNIVERSITY OF HAIFA                     ,FC,00000-0000,Public       ,0,0,0,12,9,21
01047200,INST EUROPEEN OPEEN D'ADMINISTRATIO     ,FC,00000-0000,Private      ,0,0,0,0,79,79
01049300,CRANFIELD UNIVERSITY                    ,FC,00000-0000,Public       ,0,0,0,1,16,17
01052000,TRINITY LABAN                           ,FC,00000-0000,Public       ,0,0,0,6,21,27
01052001,LABAN CENTER FOR MOVEMENT & DANCE       ,FC,00000-0000,Public       ,0,0,0,1,12,13
01052500,UNIVERSITY OF HERTFORDSHIRE             ,FC,00000-0000,Public       ,0,0,0,12,14,26
01057400,LONDON INTRNTL FILM SCHOOL              ,FC,00000-0000,Private      ,0,0,0,4,40,44
01058600,INSTITUTE OF SOCIAL STUDIES             ,FC,00000-0000,Private      ,0,0,0,0,20,20
01058800,AUSTRALIAN NATIONAL UNIVERSITY          ,FC,00000-0000,Public       ,0,1,1,9,59,68
01058900,BANGOR UNIVERSITY                       ,FC,00000-0000,Public       ,0,0,0,4,25,29
01059400,"RICHMOND, THE AMERICAN INT UNI IN LONDON",FC,00000-0000,Private      ,0,0,0,330,38,368
01059900,INST D'ETUDES POLITIQUES DE PARIS       ,FC,00000-0000,Public       ,0,0,0,1,54,55
01068100,MACQUARIE UNIVERSITY                    ,FC,00000-0000,Public       ,0,1,1,8,85,93
01069200,UNIVERSITY OF QUEENSLAND (THE)          ,FC,00000-0000,Public       ,0,2,2,25,191,216
01078900,UNIVERSITY OF OXFORD - WORCESTER CO     ,FC,00000-0000,Public       ,0,0,0,0,13,13
01079200,CITY AND GUILDS OF LONDON INSTITUTE     ,FC,00000-0000,Private      ,0,0,0,2,5,7
01079700,"NATIONAL UNIVERSITY OF IRELAND, MAY     ",FC,00000-0000,Public       ,0,0,0,1,10,11
01080300,SEMMELWEIS UNIVERSITY OF BUDAPEST       ,FC,00000-0000,Public       ,0,0,0,3,44,47
01081600,KINGSTON UNIVERSITY                     ,FC,00000-0000,Public       ,0,0,0,37,101,138
01083800,UNIVERSITITY OF BERGEN (UOB)            ,FC,00000-0000,Public       ,0,0,0,1,6,7
01086400,UNIV OF DUNDEE                          ,FC,00000-0000,Public       ,0,0,0,7,74,81
01086600,UNIVERSITY OF OXFORD - MAGDALEN COLLEGE ,FC,00000-0000,Public       ,0,0,0,1,17,18
01086700,UNIVERSITY OF OXFORD ST JOHN'S COLL     ,FC,00000-0000,Public       ,0,0,0,2,7,9
01091400,MONASH UNIVERSITY                       ,FC,00000-0000,Public       ,0,0,0,13,50,63
01091500,UNIV OF EAST ANGLIA                     ,FC,00000-0000,Public       ,0,1,1,15,68,83
01094200,UNIVERSITY OF OXFORD - ST HUGH'S CO     ,FC,00000-0000,Public       ,0,0,0,1,8,9
01097700,UNIVERSIDAD CENTRAL DEL ESTE            ,FC,00000-0000,Private      ,3,26,29,120,914,1034
01098000,SOMERVILLE COLLEGE                      ,FC,00000-0000,Public       ,0,0,0,0,6,6
01099900,UNIV OF OXFORD - WADHAM COLLEGE         ,FC,00000-0000,Public       ,0,0,0,0,6,6
01104400,PONTIFICIA UNIVERSITA SAN TOMMASO       ,FC,00000-0000,Private      ,0,0,0,0,18,18
01105300,UNIVERSITY OF OXFORD - ST HILDA'S C     ,FC,00000-0000,Public       ,0,0,0,0,12,12
01105400,UNIVERSITY OF OXFORD - ST ANNE'S CO     ,FC,00000-0000,Public       ,0,0,0,0,10,10
01105500,UNIV OF OXFORD - LADY MARGARET HALL     ,FC,00000-0000,Public       ,0,0,0,0,12,12
01105600,UNIVERSITY OF OXFORD - UNIVERSITY C     ,FC,00000-0000,Public       ,0,0,0,1,20,21
01105700,UNIVERSITY OF OXFORD - TRINITY COLL     ,FC,00000-0000,Public       ,0,0,0,2,7,9
01105800,UNIVERSITY OF OXFORD-ST EDMUND HALL     ,FC,00000-0000,Public       ,0,1,1,0,12,12
01105900,UNIVERSITY OF OXFORD ST ANTONY'S CO     ,FC,00000-0000,Public       ,0,0,0,0,40,40
01106000,UNIVERSITY OF OXFORD - QUEEN'S COLL     ,FC,00000-0000,Public       ,0,0,0,0,7,7
01106100,UNIVERSITY OF OXFORD - PEMBROKE COL     ,FC,00000-0000,Public       ,0,0,0,1,11,12
01106200,UNIVERSITY OF OXFORD - ORIEL COLLEG     ,FC,00000-0000,Public       ,0,0,0,1,11,12
01106300,UNIVERSITY OF OXFORD - NUFFIELD COL     ,FC,00000-0000,Public       ,0,0,0,0,5,5
01106400,UNIVERSITY OF OXFORD - NEW COLLEGE      ,FC,00000-0000,Public       ,0,0,0,1,20,21
01106500,UNIVERSITY OF OXFORD MERTON COLLEGE     ,FC,00000-0000,Public       ,0,0,0,0,11,11
01106600,UNIVERSITY OF OXFORD - LINCOLN COLL     ,FC,00000-0000,Public       ,0,0,0,1,24,25
01106700,UNIVERSITY OF OXFORD - KEBLE COLLEG     ,FC,00000-0000,Public       ,0,0,0,1,5,6
01106800,UNIVERSITY OF OXFORD - JESUS COLLEG     ,FC,00000-0000,Public       ,0,0,0,1,11,12
01106900,UNIVERSITY OF OXFORD - HERTFORD COL     ,FC,00000-0000,Public       ,0,0,0,0,9,9
01107000,UNIVERSITY OF OXFORD EXETER COLLEGE     ,FC,00000-0000,Public       ,0,0,0,0,22,22
01107100,UNIV OF OXFORD - CHRIST CHURCH          ,FC,00000-0000,Public       ,0,0,0,2,16,18
01107200,UNIVERSITY OF OXFORD - BRASENOSE CO     ,FC,00000-0000,Public       ,0,0,0,0,4,4
01109100,FLINDERS UNIVERSITY OF S AUSTRALIA      ,FC,00000-0000,Public       ,0,1,1,2,19,21
01109400,UNIVERSITY OF WESTERN AUSTRALIA (THE)   ,FC,00000-0000,Public       ,0,0,0,8,23,31
01122600,AARHUS UNIVERSITY                       ,FC,00000-0000,Public       ,0,0,0,1,0,1
01156700,"IMPERIAL COLLEGE OF SCIENCE, TECHNOLOGY ",FC,00000-0000,Public       ,0,0,0,7,53,60
01167900,UNIVERSITY OF BATH                      ,FC,00000-0000,Public       ,0,0,0,10,34,44
01168300,FRANKLIN COLLEGE  SWITZERLAND           ,FC,00000-0000,Private      ,0,0,0,361,10,371
01175800,UNIV OF CAMBRIDGE - PETERHOUSE          ,FC,00000-0000,Public       ,0,1,1,1,8,9
01176400,ROYAL ACADEMY OF MUSIC                  ,FC,00000-0000,Public       ,0,0,0,10,15,25
01176500,GOLDSMITHS' COLLEGE-UNIV OF LONDON      ,FC,00000-0000,Public       ,0,0,0,23,186,209
01176600,UNIV OF LONDON - INST OF EDUC           ,FC,00000-0000,Public       ,0,0,0,2,26,28
01178000,BRUNEL UNIVERSITY                       ,FC,00000-0000,Public       ,0,0,0,2,1,3
01183800,UNIVERSITY OF OXFORD - MANSFIELD CO     ,FC,00000-0000,Public       ,0,0,0,1,2,3
01207500,UNIVERSITY CAMBRIDGE - TRINITY COLL     ,FC,00000-0000,Public       ,0,0,0,3,10,13
01207800,VICTORIA UNIV OF WELLINGTON             ,FC,00000-0000,Public       ,1,0,1,22,68,90
01209600,ECOLE HåTELIERE DE LAUSANNE             ,FC,00000-0000,Private      ,0,0,0,1,2,3
01210100,UNIVERSITY OF CAMBRIDGE - GIRTON CO     ,FC,00000-0000,Public       ,0,0,0,2,1,3
01213600,VICTORIA UNIV OF MANCHESTER (THE)       ,FC,00000-0000,Public       ,0,0,0,17,118,135
01219800,UNIVERSITY OF BRADFORD                  ,FC,00000-0000,Public       ,0,0,0,3,28,31
01220100,UNIVERSITY OF OXFORD - REGENT'S PAR     ,FC,00000-0000,Public       ,0,0,0,1,7,8
01220600,JAMES COOK UNIVERSITY                   ,FC,00000-0000,Public       ,0,0,0,31,89,120
01221500,BIRMINGHAM CITY UNIVERSITY              ,FC,00000-0000,Public       ,0,0,0,7,16,23
01222300,JAGIELLONIAN UNIVERSITY COLLEGIUM M     ,FC,00000-0000,Public       ,0,0,0,3,55,58
01222500,UNIVERSITY OF SZEGED FACULTY OF MEDICINE,FC,00000-0000,Public       ,0,0,0,0,7,7
01225800,ASTON UNIVERSITY                        ,FC,00000-0000,Public       ,0,0,0,1,17,18
01227500,UNIVERSITY OF OXFORD - WOLFSON COLL     ,FC,00000-0000,Public       ,0,0,0,0,22,22
01230200,GONVILLE & CAIUS COLLEGE                ,FC,00000-0000,Public       ,0,0,0,0,8,8
01233300,UNIV OF THE ARTS LONDON- CAMBERWELL COLL,FC,00000-0000,Public       ,0,0,0,12,12,24
01233500,ROYAL COLLEGE OF MUSIC                  ,FC,00000-0000,Public       ,0,0,0,4,19,23
01233700,WROCLAW UNIVERSITY OF MEDICINE          ,FC,00000-0000,Public       ,0,0,0,1,4,5
01234100,UNIVERSITY OF WALES - ST DAVID'S UN     ,FC,00000-0000,Public       ,0,0,0,5,19,24
01236000,EDINBURGH COLLEGE OF ART                ,FC,00000-0000,Public       ,0,0,0,7,46,53
01242100,UNIV OF AUCKLAND                        ,FC,00000-0000,Public       ,1,1,2,22,94,116
01253900,UNIVERSITY OF THE ARTS LONDON IDO - CENT,FC,00000-0000,Public       ,0,1,1,53,106,159
01254000,UNIVERSIDAD DE NAVARRA                  ,FC,00000-0000,Private      ,0,0,0,4,25,29
01276500,UNIVERSITY OF OXFORD - LINACRE COLL     ,FC,00000-0000,Public       ,0,0,0,0,15,15
01276600,"NATIONAL UNIVERSITY IRELAND, GALWAY     ",FC,00000-0000,Public       ,0,0,0,17,85,102
01280200,PONTIFICIA UNIV CATOLICA MAD Y MAES     ,FC,00000-0000,Private      ,4,8,12,119,185,304
01281100,INST TECNOLOGICO DE SANTO DOMINGO       ,FC,00000-0000,Private      ,0,5,5,27,131,158
01283900,UNIVERSITY OF CAMBRIDGE - SAINT JOH     ,FC,00000-0000,Public       ,0,0,0,0,15,15
01286200,MOUNTVIEW ACADEMY OF THEATRE ARTS       ,FC,00000-0000,Private      ,0,0,0,2,5,7
01297800,UNIVERSITY OF HUDDERSFIELD (THE)        ,FC,00000-0000,Public       ,0,0,0,2,9,11
01315300,MASSEY UNIVERSITY                       ,FC,00000-0000,Public       ,0,2,2,15,113,128
01322500,COLLEGE OF LAW                          ,FC,00000-0000,Private      ,0,0,0,0,29,29
02052400,DARWIN COLLEGE                          ,FC,00000-0000,Public       ,0,0,0,0,16,16
02082400,UNIVERSITY OF CAMBRIDGE - QUEEN'S C     ,FC,00000-0000,Public       ,0,0,0,0,20,20
02083400,UNIVERSITY OF CAMBRIDGE - WOLFSON C     ,FC,00000-0000,Public       ,0,0,0,0,8,8
02087400,UNIVERSITY OF CAMBRIDGE - NEWNHAM C     ,FC,00000-0000,Public       ,0,0,0,2,12,14
02087900,OXFORD BROOKES UNIVERSITY               ,FC,00000-0000,Public       ,0,0,0,20,56,76
02094100,BEN-GURION UNIV                         ,FC,00000-0000,Public       ,0,1,1,0,175,175
02094400,UNIV OF CAMBRIDGE - ST EDMUND'S HOU     ,FC,00000-0000,Public       ,0,0,0,1,12,13
02095500,LONDON BUS SCHOOL                       ,FC,00000-0000,Private      ,0,1,1,3,172,175
02098700,FATIMA COLLEGE OF MEDICINE              ,FC,00000-0000,Private      ,0,1,1,2,80,82
02101900,ROEHAMPTON UNIVERSITY                   ,FC,00000-0000,Public       ,0,0,0,17,73,90
02108600,LONDON ACADEMY OF MUSIC & DRAMATIC      ,FC,00000-0000,Private      ,0,0,0,10,21,31
02115900,UNIVERSITY OF PORTSMOUTH                ,FC,00000-0000,Public       ,0,0,0,9,16,25
02116700,UNIVERSITY OF CAMBRIDGE - LUCY CAVE     ,FC,00000-0000,Public       ,0,0,0,2,9,11
02120000,UNIV OF LONDON - COURTALD INST OF A     ,FC,00000-0000,Public       ,0,0,0,1,34,35
02133400,UNIVERSITY OF CAMBRIDGE - SIDNEY SU     ,FC,00000-0000,Public       ,0,0,0,2,7,9
02142000,UNIVERSITY OF CAMBRIDGE - HOMERTON      ,FC,00000-0000,Public       ,0,0,0,0,8,8
02149700,UNIVERSITY OF WINCHESTER (THE)          ,FC,00000-0000,Public       ,0,0,0,7,5,12
02156800,UNIV OF OTAGO                           ,FC,00000-0000,Public       ,0,0,0,5,39,44
02162300,"IESE BUSINESS SCH, UNIV OF NAVARRA      ",FC,00000-0000,Private      ,0,1,1,6,88,94
02167400,UNIVERSITY OF CAMBRIDGE - CORPUS CH     ,FC,00000-0000,Public       ,0,0,0,0,8,8
02175700,OHR SOMAYACH INSTITUTIONS               ,FC,00000-0000,Private      ,0,0,0,5,2,7
02177700,KING'S COLLEGE- UNIV OF CAMBRIDGE       ,FC,00000-0000,Public       ,0,1,1,1,25,26
02180500,MIDDLESEX UNIVERSITY                    ,FC,00000-0000,Public       ,0,1,1,14,76,90
02181000,UNIVERSITY OF SOUTH AUSTRALIA           ,FC,00000-0000,Public       ,0,0,0,2,23,25
02183500,UNIV OF OXFORD - WYCLIFFE HALL          ,FC,00000-0000,Public       ,0,0,0,0,9,9
02186000,UNIVERSITY OF CAMBRIDGE - MAGDALENE     ,FC,00000-0000,Public       ,0,0,0,0,8,8
02186100,UNIVERSITY OF CAMBRIDGE - EMMANUEL      ,FC,00000-0000,Public       ,0,0,0,0,9,9
02189600,UNIVERSITY OF GRONINGEN                 ,FC,00000-0000,Public       ,0,0,0,2,19,21
02194800,UNIVERSITY OF THE WEST OF ENGLAND -     ,FC,00000-0000,Public       ,0,0,0,10,20,30
02195100,UNIV OF WESTMINSTER                     ,FC,00000-0000,Public       ,0,1,1,37,133,170
02196700,GUILDHALL SCHOOL OF MUSIC & DRAMA       ,FC,00000-0000,Public       ,0,0,0,10,16,26
02207300,UNIVERSITY OF CAMBRIDGE - CHRIST'S      ,FC,00000-0000,Public       ,0,0,0,0,9,9
02207400,CHINESE UNIVERSITY OF HONG KONG (THE)   ,FC,00000-0000,Public       ,0,1,1,9,33,42
02209500,UNIVERSITEIT UTRECHT                    ,FC,00000-0000,Public       ,0,1,1,4,50,54
02210000,UNIV OF LONDON - LONDON SCHOOL OF H     ,FC,00000-0000,Public       ,0,0,0,1,63,64
02212300,UNIVERSITY OF CAMBRIDGE - ROBINSON      ,FC,00000-0000,Public       ,0,0,0,0,6,6
02225300,UNIV OF CANTERBURY                      ,FC,00000-0000,Public       ,0,1,1,19,41,60
02229100,UNIVERSITY OF LEICESTER                 ,FC,00000-0000,Public       ,0,1,1,5,95,100
02229600,SACKLER SCHOOL OF MEDICINE              ,FC,00000-0000,Public       ,0,0,0,0,195,195
02232100,UNIVERSITY OF CAMBRIDGE                 ,FC,00000-0000,Public       ,0,0,0,1,15,16
02233300,SAINT GEORGES UNIVERSITY SCHOOL OF MEDIC,FC,00000-0000,Proprietary  ,0,13,13,13,3040,3053
02235300,LONDON METROPOLITAN UNIVERSITY          ,FC,00000-0000,Public       ,0,2,2,47,197,244
02240900,AISH HATORAH CLG OF JEWISH STUDIES      ,FC,00000-0000,Private      ,0,5,5,1,10,11
02244400,AMERICAN UNIV OF THE CARIBBEAN          ,FC,00000-0000,Proprietary  ,1,29,30,11,1315,1326
02257100,COVENTRY UNIVERSITY                     ,FC,00000-0000,Public       ,0,0,0,7,15,22
02266600,UNIVERSITY OF LONDON - SAINT GEORGE     ,FC,00000-0000,Public       ,0,0,0,0,16,16
02271700,UNIVERSITY OF CAMBRIDGE - CLARE HAL     ,FC,00000-0000,Public       ,0,0,0,0,8,8
02271800,UNIV OF OXFORD - CAMPION HALL           ,FC,00000-0000,Public       ,0,0,0,1,6,7
02271900,UNIVERSITY OF OXFORD - BLACKFRIARS      ,FC,00000-0000,Public       ,0,0,0,1,6,7
02272100,UNIV OF OXFORD - GREYFRIARS             ,FC,00000-0000,Public       ,0,0,0,0,1,1
02272200,UNIV OF CAMBRIDGE - NEW HALL            ,FC,00000-0000,Public       ,0,0,0,0,3,3
02273600,QUEEN'S UNIV OF BELFAST (THE)           ,FC,00000-0000,Public       ,0,0,0,11,89,100
02273900,HERIOT WATT UNIVERSITY                  ,FC,00000-0000,Public       ,0,0,0,7,30,37
02276700,NYENRODE BUSINESS UNIVERSITEIT          ,FC,00000-0000,Private      ,0,0,0,0,3,3
02279700,UNIVERSITY OF MANCHESTER - INSTITUT     ,FC,00000-0000,Public       ,0,0,0,18,87,105
02293400,ECOLE DES HAUTES ETUDES COMERCIALS      ,FC,00000-0000,Public       ,0,2,2,1,48,49
02296300,UNIVERSITY OF CAMBRIDGE - JESUS COL     ,FC,00000-0000,Public       ,0,0,0,0,7,7
02310500,DE MONTFORT UNIVERSITY                  ,FC,00000-0000,Public       ,0,0,0,4,14,18
02320500,ROYAL NORTHERN COLLEGE OF MUSIC         ,FC,00000-0000,Public       ,0,0,0,1,5,6
02335100,UNIV OF CAMBRIDGE - TRINITY HALL        ,FC,00000-0000,Public       ,0,0,0,1,15,16
02338900,UNIVERSITY  FOR THE CREATIVE ARTS       ,FC,00000-0000,Public       ,0,0,0,1,4,5
02338903,KENT INSTITUTE OF ART & DESIGN          ,FC,00000-0000,Public       ,0,0,0,0,1,1
02347300,ESCUELA AUTONOMA DE CIENCIAS MEDICA     ,FC,00000-0000,Private      ,0,0,0,0,3,3
02351800,UNIVERSIDAD IBEROAMERICANA (UNIBE       ,FC,00000-0000,Private      ,1,10,11,154,1237,1391
02355200,ECOLE SUPERIEURE DE CUISINE FRANCAISE-FE,FC,00000-0000,Public       ,0,0,0,8,26,34
02363000,GSA CONSERVATOIRE                       ,FC,00000-0000,Private      ,0,0,0,5,2,7
02502600,PECSI ORVOSTUDOMANYI EGYETEM (PECS      ,FC,00000-0000,Public       ,0,0,0,2,19,21
02545700,GLASGOW SCHOOL OF ART                   ,FC,00000-0000,Public       ,0,0,0,14,37,51
02561600,SOUTHAMPTON SOLENT UNIVERSITY           ,FC,00000-0000,Public       ,0,0,0,3,2,5
02579600,MURDOCH UNIVERSITY                      ,FC,00000-0000,Public       ,0,0,0,8,67,75
02588000,UNIVERSITY OF ULSTER                    ,FC,00000-0000,Public       ,0,0,0,10,21,31
02591800,CURTIN UNIVERSITY OF TECHNOLOGY         ,FC,00000-0000,Public       ,0,1,1,1,28,29
02592300,MILLTOWN INST OF THEOLOGY & PHILOSO     ,FC,00000-0000,Private      ,0,0,0,0,5,5
02604300,AALBORG UNIVERSITY                      ,FC,00000-0000,Public       ,0,0,0,5,18,23
02611500,HELSINKI SCH OF ECONOMICS & BUS ADM     ,FC,00000-0000,Public       ,0,0,0,2,6,8
02611600,ECOL NATIONAL DES PONTS ET CHAUSSEE     ,FC,00000-0000,Public       ,0,0,0,0,10,10
02611700,DUBLIN CITY UNIVERSITY                  ,FC,00000-0000,Public       ,0,0,0,8,41,49
02622500,DENMARKS TEKNISKE UNIVERSITET           ,FC,00000-0000,Public       ,0,0,0,0,8,8
02623200,UNIVERSITY OF NEWCASTLE (THE)           ,FC,00000-0000,Public       ,0,0,0,15,23,38
03012700,UNIVERSITY OF BUCKINGHAM                ,FC,00000-0000,Private      ,0,0,0,6,14,20
03029400,KEELE UNIVERSITY                        ,FC,00000-0000,Public       ,0,0,0,3,4,7
03029500,NORTHUMBRIA UNIVERSITY                  ,FC,00000-0000,Public       ,0,0,0,9,31,40
03029800,NORGES HANDELSHOYSKOLE                  ,FC,00000-0000,Public       ,0,0,0,0,4,4
03033300,MANCHESTER METROPOLITAN UNIV            ,FC,00000-0000,Public       ,0,0,0,15,35,50
03045000,UNIVERSITY OF EAST LONDON               ,FC,00000-0000,Public       ,0,0,0,13,50,63
03050100,STUDIO ART CENTERS INTERNATIONAL        ,FC,00000-0000,Private      ,0,0,0,22,50,72
03066800,PONTIFICIO ATENEO DELLA SANTA CROCE     ,FC,00000-0000,Private      ,0,0,0,1,13,14
03067200,UNIVERSITY OF SYDNEY                    ,FC,00000-0000,Public       ,0,4,4,30,291,321
03073800,UNIV OF DEBRECEN MED & HEALTH SCI       ,FC,00000-0000,Public       ,0,1,1,4,27,31
03080300,SHEFFIELD HALLAM UNIVERSITY             ,FC,00000-0000,Public       ,0,0,0,3,12,15
03084300,UNIVERSITY OF LIMERICK                  ,FC,00000-0000,Public       ,0,0,0,23,40,63
03086900,AMERN GRAD SCHL OF BUS THE INST OF      ,FC,00000-0000,Private      ,0,0,0,0,2,2
03088700,ROYAL SCOTTISH ACAD MUSIC & DRAMA       ,FC,00000-0000,Public       ,0,0,0,18,21,39
03091400,UNIVERSITY OF WOLLONGONG                ,FC,00000-0000,Public       ,0,0,0,12,25,37
03091500,UNIVERSITY OF CANBERRA                  ,FC,00000-0000,Public       ,0,0,0,6,13,19
03091700,KAROL MARCINKOWSKI UNIV OF MED SCI      ,FC,00000-0000,Public       ,0,0,0,13,196,209
03092500,NOTTINGHAM TRENT UNIVERSITY             ,FC,00000-0000,Public       ,0,0,0,5,29,34
03095000,RMIT UNIVERSITY                         ,FC,00000-0000,Public       ,0,0,0,7,37,44
03095400,BOND UNIVERSITY                         ,FC,00000-0000,Private      ,0,0,0,38,94,132
03095900,ESSEC BUSINESS SCHOOL                   ,FC,00000-0000,Private      ,0,0,0,0,26,26
03096100,LA TROBE UNIVERSITY                     ,FC,00000-0000,Public       ,0,0,0,12,40,52
03096900,DEAKIN UNIVERSITY                       ,FC,00000-0000,Public       ,0,0,0,3,19,22
03097100,UNIVERSITY OF WESTERN SYDNEY            ,FC,00000-0000,Public       ,0,0,0,3,16,19
03097300,VICTORIA UNIVERSITY OF TECHNOLOGY       ,FC,00000-0000,Public       ,0,0,0,7,7,14
03097500,CENTRAL QUEENSLAND UNIVERSITY           ,FC,00000-0000,Public       ,0,0,0,3,5,8
03100000,UNIVERSITY OF ADELAIDE (THE)            ,FC,00000-0000,Public       ,0,1,1,5,34,39
03100200,INST DE MANAGEMENT HOTELIER INTERNA     ,FC,00000-0000,Private      ,0,0,0,0,2,2
03101600,ASIAN INSTITUTE OF MANAGEMENT           ,FC,00000-0000,Private      ,0,0,0,2,6,8
03102500,AMERICAN UNIVERSITY OF ROME             ,FC,00000-0000,Private      ,0,1,1,93,61,154
03102800,ROBERT GORDON UNIVERSITY (THE)          ,FC,00000-0000,Public       ,0,0,0,0,22,22
03104800,GRIFFITH UNIVERSITY                     ,FC,00000-0000,Public       ,0,0,0,27,48,75
03104801,GRIFFITH UNIVERSITY - MOUNT GRAVATT CAMP,FC,00000-0000,Public       ,0,0,0,0,1,1
03104802,GRIFFITH UNIVERSITY - GOLD COAST CAMPUS ,FC,00000-0000,Public       ,1,0,1,3,3,6
03104803,GRIFFITH UNIVERSITY - QUEENSLAND CONSERV,FC,00000-0000,Public       ,0,0,0,0,2,2
03104804,GRIFFITH UNIVERSITY - QUEENSLAND COLLEGE,FC,00000-0000,Public       ,0,0,0,1,5,6
03106100,ROSKILDE UNIV ROSKILDE UNIVERSITY C     ,FC,00000-0000,Public       ,0,0,0,0,2,2
03136300,AUSTRALIAN CATHOLIC UNIVERSITY          ,FC,00000-0000,Public       ,0,0,0,2,11,13
03140300,EDITH COWAN UNIVERSITY                  ,FC,00000-0000,Public       ,0,0,0,3,14,17
03140400,NORTHERN TERRITORY UNIVERSITY           ,FC,00000-0000,Public       ,0,0,0,0,1,1
03140500,QUEENSLAND UNIVERSITY OF TECHNOLOGY     ,FC,00000-0000,Public       ,0,0,0,10,34,44
03140600,SOUTHERN CROSS UNIVERSITY               ,FC,00000-0000,Public       ,0,0,0,5,22,27
03140700,SWINBURNE UNIVERSITY OF TECHNOLOGY      ,FC,00000-0000,Public       ,0,0,0,5,11,16
03140900,UNIVERSITY OF BALLARAT                  ,FC,00000-0000,Public       ,0,0,0,1,2,3
03150300,UNIVERSITY OF TASMANIA                  ,FC,00000-0000,Public       ,0,0,0,7,12,19
03150400,"UNIVERSITY OF TECHNOLOGY, SYDNEY        ",FC,00000-0000,Public       ,0,0,0,2,16,18
03274300,"KUNGLIGA TEKNISKA HOGSKOLAN, KTH        ",FC,00000-0000,Public       ,0,0,0,0,29,29
03287300,LIVERPOOL INSTITUTE FOR PERFORMING ARTS ,FC,00000-0000,Public       ,0,0,0,24,8,32
03300300,"2ND SCHOOL OF MEDICINE, CHARLES UNI     ",FC,00000-0000,Public       ,0,0,0,2,11,13
03300400,"FIRST FACULTY OF MEDICINE, CHARLES UNIV.",FC,00000-0000,Public       ,0,0,0,1,29,30
03329300,JOHN CABOT UNIVERSITY                   ,FC,00000-0000,Private      ,0,0,0,123,28,151
03332400,AGRICULTURE UNIVERSITY OF WROCLAW       ,FC,00000-0000,Public       ,0,0,0,1,3,4
03333300,MEDICAL UNIVERSITY SCHOOL OF LUBLIN     ,FC,00000-0000,Public       ,0,7,7,13,268,281
03334300,UNIVERSIDAD NORDESTANA                  ,FC,00000-0000,Private      ,0,0,0,3,46,49
03335300,MEDICAL UNIVERSITY OF SILESIA           ,FC,00000-0000,Public       ,0,2,2,9,108,117
03349400,"QUEEN MARGARET UNIVERSITY COLLEGE, EDINB",FC,00000-0000,Public       ,0,0,0,4,15,19
03350300,BOURNEMOUTH UNIVERSITY                  ,FC,00000-0000,Public       ,0,0,0,10,22,32
03352300,LONDON SOUTH BANK UNIVERSITY            ,FC,00000-0000,Private      ,0,0,0,6,43,49
03363300,THE ARTS EDUCATIONAL SCHOOLS LONDON     ,FC,00000-0000,Private      ,0,0,0,1,5,6
03364300,"FACULTY OF MEDICINE, PALACKY UNIVER     ",FC,00000-0000,Public       ,0,0,0,0,8,8
03365400,AUCKLAND INSTITUTE OF TECHNOLOGY        ,FC,00000-0000,Public       ,0,0,0,3,20,23
03366300,TROPICAL AGRICULTURE RESEARCH AND H     ,FC,00000-0000,Private      ,0,0,0,0,1,1
03377300,"UNIVERSITY OF WALES INSTITUTE, CARD     ",FC,00000-0000,Public       ,0,0,0,1,8,9
03378300,"THE 3RD FACULTY OF MEDICINE, CHARLE     ",FC,00000-0000,Public       ,0,0,0,1,5,6
03386300,CHARLES UNIVERSITY-MEDICAL FACULTY      ,FC,00000-0000,Public       ,0,0,0,1,10,11
03406300,"THE SCHOOL OF PHARMACY, UNIVERSITY      ",FC,00000-0000,Public       ,0,0,0,1,3,4
03418400,NAPIER UNIVERSITY                       ,FC,00000-0000,Public       ,0,0,0,6,29,35
03435300,ANGLIA POLYTECHNIC UNIVERSITY HIGHE     ,FC,00000-0000,Public       ,0,0,0,4,7,11
03460300,INTERNATIONALES THEOLOGISCHES INSTI     ,FC,00000-0000,Private      ,0,0,0,2,18,20
03462400,UNIV OF ARTS LONDON - LON COLL OF COMMUN,FC,00000-0000,Public       ,0,0,0,17,46,63
03466300,INSTITUTO CENTROAMERICANO DE ADMINI     ,FC,00000-0000,Private      ,0,0,0,0,11,11
03473300,UNIV OF ARTS LONDON - LON COLL FASHION  ,FC,00000-0000,Public       ,0,0,0,36,80,116
03475300,UNIV OF THE ARTS  LONDON - CHELSEA COLL ,FC,00000-0000,Public       ,0,0,0,6,15,21
03478300,ROYAL WELSH COLLEGE OF MUSIC AND DRAMA  ,FC,00000-0000,Public       ,0,0,0,1,8,9
03492400,UNIV OF CAMBRIDGE-ST CATHERINE'S CG     ,FC,00000-0000,Public       ,0,0,0,0,7,7
03494400,UNIV OF CAMBRIDGE-SELWYN COLLEGE        ,FC,00000-0000,Public       ,0,0,0,0,4,4
03494600,UNIV OF OXFORD-HARRIS MANCHESTER        ,FC,00000-0000,Public       ,0,0,0,1,8,9
03500300,WIMBLEDON COLLEGE OF ART                ,FC,00000-0000,Public       ,0,0,0,12,2,14
03501400,LEEDS METROPOLITAN UNIVERSITY           ,FC,00000-0000,Public       ,0,0,0,7,15,22
03507300,UNIVERSITY OF SUNDERLAND                ,FC,00000-0000,Public       ,0,0,0,3,13,16
03515300,UNIVERSITY OF CENTRAL LANCASHIRE        ,FC,00000-0000,Public       ,0,0,0,3,14,17
03517300,UNIVERSITY OF BRIGHTON                  ,FC,00000-0000,Public       ,0,0,0,6,31,37
03518300,EUROPEAN GRADUATE SCHOOL                ,FC,00000-0000,Private      ,0,10,10,0,132,132
03526300,INST CENTROAMERICANO DE ADM DE EMP      ,FC,00000-0000,Private      ,0,0,0,0,1,1
03527300,SOFIA UNIVERSITY ST. KLIMENT OHRIDSKI   ,FC,00000-0000,Public       ,0,0,0,0,4,4
03533300,BATH SPA UNIVERSITY                     ,FC,00000-0000,Public       ,0,0,0,7,23,30
03547300,UNIVERSITY OF GLAMORGAN                 ,FC,00000-0000,Public       ,0,0,0,4,8,12
03580300,LIVERPOOL JOHN MOORES UNIVERSITY        ,FC,00000-0000,Public       ,0,0,0,9,10,19
03589400,ARTS INSTITUTE AT BOURNEMOUTH (THE)     ,FC,00000-0000,Public       ,0,0,0,4,2,6
03590300,AVONDALE COLLEGE LIMITED                ,FC,00000-0000,Private      ,0,0,0,2,0,2
03594300,GROUP ESC GRENOBLE GRAD SCH OF BUS.     ,FC,00000-0000,Private      ,0,0,0,2,43,45
03597300,JAGIELLONIAN UNIVERSITY                 ,FC,00000-0000,Public       ,0,0,0,2,33,35
03601300,UNIVERSITAT JAUME I DE CASTELLO/UJI     ,FC,00000-0000,Public       ,0,0,0,1,7,8
03603300,LEEDS COLLEGE OF MUSIC                  ,FC,00000-0000,Public       ,0,0,0,0,1,1
03619300,UNIVERSITY OF GREENWICH                 ,FC,00000-0000,Public       ,0,0,0,14,31,45
03653400,UNIVERSIDAD DE IBEROAMERICA - UNIBE     ,FC,00000-0000,Private      ,0,3,3,6,24,30
03674300,UNIVERSITY OF ABERTAY DUNDEE            ,FC,00000-0000,Public       ,0,0,0,4,6,10
03684400,UNIVERSITY OF LINCOLN                   ,FC,00000-0000,Public       ,0,0,0,1,11,12
03684500,MEDICAL UNIVERSITY OF GDANSK            ,FC,00000-0000,Public       ,0,0,0,3,24,27
03685300,UNIVERSITAT POMPEU FABRA                ,FC,00000-0000,Public       ,0,1,1,8,46,54
03716300,"UNIVERSITY OF WALES, NEWPORT            ",FC,00000-0000,Public       ,0,0,0,4,9,13
03721300,WRITTLE COLLEGE                         ,FC,00000-0000,Public       ,0,0,0,2,2,4
03727400,UNIVERSITY OF WAIKATO (THE)             ,FC,00000-0000,Public       ,0,0,0,6,12,18
03738300,LONDON SCHOOL OF THEOLOGY               ,FC,00000-0000,Private      ,0,0,0,0,10,10
03741300,ALRA (ACADEMY OF LIVE AND RECORDED ARTS),FC,00000-0000,Private      ,0,1,1,2,3,5
03770300,NAZARENE THEOLOGICAL COLLEGE            ,FC,00000-0000,Private      ,0,1,1,1,16,17
03794400,ANGLO EUROPEAN COLLEGE OF CHIROPRACTIC  ,FC,00000-0000,Private      ,0,0,0,0,2,2
03816400,AMERICAN GRAD SCH OF INTERNTL REL & DIPL,FC,00000-0000,Private      ,0,1,1,2,78,80
03818300,LEIPZIG GRADUATE SCHOOL OF MANAGEMENT   ,FC,00000-0000,Private      ,0,0,0,0,12,12
03824300,"ROYAL VETERINARY COLLEGE (THE), UNIVERSI",FC,00000-0000,Public       ,0,0,0,4,115,119
03850400,UNIVERSITY OF NOTRE DAME AUSTRALIA (THE),FC,00000-0000,Private      ,0,0,0,0,5,5
03850500,MEDICAL UNIVERSITY OF LODZ              ,FC,00000-0000,Public       ,0,0,0,4,84,88
03859400,UNIVERSITY COLLEGE FALMOUTH             ,FC,00000-0000,Public       ,0,0,0,4,6,10
03867300,UNIVERSITAT AUTONOMA DE BARCELONA       ,FC,00000-0000,Public       ,1,0,1,3,9,12
03880300,UNIVERSITY OF GLOUCESTERSHIRE (THE)     ,FC,00000-0000,Public       ,0,0,0,4,5,9
03897400,INTERNATIONAL SPACE UNIVERSITY          ,FC,00000-0000,Private      ,0,0,0,0,5,5
03926400,NATIONAL COLLEGE OF ART AND DESIGN      ,FC,00000-0000,Public       ,0,0,0,2,3,5
03941301,AVE MARIA UNIVERSITY - LATIN AMERICA    ,FC,00000-0000,Private      ,1,0,1,187,50,237
03978300,SPURGEON'S COLLEGE                      ,FC,00000-0000,Private      ,0,0,0,1,1,2
03993400,TRINITY COLLEGE CARMARTHEN              ,FC,00000-0000,Public       ,0,0,0,0,4,4
04021400,"AMERICAN COLLEGE, DUBLIN LIMITED (THE)  ",FC,00000-0000,Private      ,0,0,0,5,10,15
04021500,CENTRAL EUROPEAN UNIVERSITY             ,FC,00000-0000,Private      ,0,1,1,4,56,60
04032300,YORK ST JOHN UNIVERSITY                 ,FC,00000-0000,Public       ,0,0,0,8,3,11
04046300,HK UNIVERSITY OF SCI & TECH (HKUST)     ,FC,00000-0000,Public       ,0,0,0,2,23,25
04070300,"RAPHAEL RECANATI INTERNATIONAL SCHOOL, T",FC,00000-0000,Private      ,1,2,3,77,61,138
04085400,NEW ZEALAND COLLEGE OF CHIROPRACTIC     ,FC,00000-0000,Private      ,0,0,0,1,2,3
04113300,LEBANESE AMERICAN UNIVERSITY            ,FC,00000-0000,Private      ,0,1,1,6,8,14
04115900,LIVERPOOL HOPE UNIVERSITY               ,FC,00000-0000,Public       ,0,2,2,0,6,6
04116300,EDHEC BUSINESS SCHOOL                   ,FC,00000-0000,Private      ,0,0,0,0,33,33
04121400,ISAPZURICH (INTERNATIONAL SCHOOL OF ANAL,FC,00000-0000,Private      ,0,0,0,0,6,6
04128600,UNIVERSITY OF WORCESTER                 ,FC,00000-0000,Public       ,0,0,0,1,3,4
04139100,UNIVERSITA DEGLI STUDI DI SCIENZE GASTRO,FC,00000-0000,Private      ,0,0,0,0,11,11
04143700,ST MARY'S UNIVERSITY COLLEGE TWICKENHAM ,FC,00000-0000,Public       ,0,1,1,0,23,23
00380600,ALDERSON-BROADDUS COLLEGE               ,WV,26416-1051,Private      ,1,1,2,792,356,1148
00380700,MOUNTAIN STATE UNIVERSITY               ,WV,25801-5624,Private      ,13,228,241,1328,7750,9078
00380800,BETHANY COLLEGE                         ,WV,26032-0417,Private      ,2,0,2,1423,109,1532
00380900,BLUEFIELD STATE COLLEGE                 ,WV,24701-2198,Public       ,11,30,41,1300,1848,3148
00381000,CONCORD UNIVERSITY                      ,WV,24712-0000,Public       ,3,25,28,2985,1126,4111
00381100,DAVIS & ELKINS COLLEGE                  ,WV,26241-3996,Private      ,5,2,7,763,363,1126
00381200,FAIRMONT STATE UNIVERSITY               ,WV,26554-2470,Public       ,14,58,72,4956,3908,8864
00381300,GLENVILLE STATE COLLEGE                 ,WV,26351-1292,Public       ,7,11,18,1340,599,1939
00381500,MARSHALL UNIVERSITY                     ,WV,25755-3300,Public       ,43,126,169,8750,6975,15725
00381600,SOUTHERN WV COMMUNITY COLLEGE           ,WV,25637-2900,Public       ,1,13,14,1130,1494,2624
00381800,UNIVERSITY OF CHARLESTON                ,WV,25304-1099,Private      ,1,3,4,1433,872,2305
00381900,OHIO VALLEY COLLEGE                     ,WV,26105-8000,Private      ,1,8,9,462,256,718
00382000,SALEM INTERNATIONAL UNIVERSITY          ,WV,26426-0500,Proprietary  ,9,74,83,365,1056,1421
00382200,SHEPHERD UNIVERSITY                     ,WV,25443-3210,Public       ,11,18,29,3566,1509,5075
00382300,WEST LIBERTY STATE COLLEGE              ,WV,26074-0295,Public       ,3,15,18,2662,822,3484
00382600,WEST VIRGINIA STATE UNIVERSITY          ,WV,25112-0000,Public       ,3,16,19,2630,2780,5410
00382700,WEST VIRGINIA UNIVERSITY                ,WV,26506-6201,Public       ,49,138,187,23388,9301,32689
00382711,WEST VIRGINIA UNIVERSITY - POTOMAC STATE,WV,26726-3000,Public       ,3,17,20,1642,517,2159
00382721,WEST VIRGINIA UNIV INST OF TECH         ,WV,25136-2436,Public       ,1,6,7,869,385,1254
00382800,WEST VIRGINIA UNIV AT PARKERSBURG       ,WV,26101-9577,Public       ,15,75,90,1661,3333,4994
00383000,WEST VIRGINIA WESLEYAN COLLEGE          ,WV,26201-2600,Private      ,3,1,4,1752,241,1993
00383100,WHEELING JESUIT UNIVERSITY              ,WV,26003-6243,Private      ,1,18,19,1277,685,1962
00500700,WEST VIRGINIA JUNIOR COLLEGE            ,WV,26505-5596,Proprietary  ,4,11,15,139,269,408
00500800,MOUNTAIN STATE COLLEGE                  ,WV,26101-3993,Proprietary  ,0,2,2,44,328,372
00754400,APPALACHIAN BIBLE COLLEGE               ,WV,25818-1353,Private      ,0,0,0,255,78,333
00757800,HUNTINGTON SCHOOL OF BEAUTY CULTURE     ,WV,25705-2030,Proprietary  ,1,4,5,47,124,171
00760000,INTERNATIONAL BEAUTY SCHOOL             ,WV,25401-3231,Proprietary  ,5,24,29,43,182,225
00835500,JAMES RUMSEY TECHNICAL INSTITUTE        ,WV,25403-0259,Public       ,0,4,4,77,243,320
00895900,CLARKSBURG BEAUTY ACADEMY               ,WV,26301-2903,Proprietary  ,1,11,12,62,118,180
00904700,HUNTINGTON JUNIOR COLLEGE               ,WV,25701-2004,Proprietary  ,2,25,27,239,1478,1717
00905400,WEST VIRGINIA NORTHERN CMTY COLLEGE     ,WV,26003-0000,Public       ,9,82,91,1150,2662,3812
01014000,MINERAL COUNTY VOCATIONAL TECH CTR      ,WV,26726-0000,Public       ,0,0,0,10,40,50
01035600,EVEREST INSTITUTE                       ,WV,25313-1304,Proprietary  ,5,99,104,200,1006,1206
01057300,WEST VIRGINIA JUNIOR COLLEGE            ,WV,25322-0000,Proprietary  ,4,18,22,160,415,575
01057302,WEST VIRGINIA JUNIOR COLLEGE            ,WV,26330-0000,Proprietary  ,4,20,24,168,345,513
01086100,WEST VIRGINIA BUSINESS COLLEGE          ,WV,26301-0000,Proprietary  ,1,8,9,28,237,265
01124500,WEST VIRGINIA SCH OSTEOPATHIC MED       ,WV,24901-1128,Public       ,0,0,0,7,852,859
01174900,WOOD COUNTY SCH OF PRAC NURSING         ,WV,26101-6424,Public       ,0,0,0,21,44,65
01235900,B M SPURR SCHOOL OF PRAC NURSING        ,WV,26038-1660,Private      ,0,0,0,11,20,31
01257300,WEST VIRGINIA UNIV-HOSP-RAD TECH        ,WV,26506-8062,Private      ,0,1,1,60,47,107
01274300,BENJAMIN FRANKLIN CAREER&TECH           ,WV,25064-0000,Public       ,0,1,1,59,182,241
01290400,MONONGALIA CNTY TECH ED CTR             ,WV,26501-6841,Public       ,0,3,3,47,151,198
01290500,ACADEMY OF CAREERS AND TECHNOLOGY       ,WV,25801-0000,Public       ,0,1,1,81,321,402
02057400,ROANE-JACKSON TECHNICAL CENTER          ,WV,25252-0000,Public       ,0,1,1,15,81,96
02068000,UNITED TECHNICAL CENTER                 ,WV,26301-0000,Public       ,0,2,2,33,109,142
02070100,BECKLEY BEAUTY ACADEMY                  ,WV,25801-0000,Proprietary  ,4,8,12,44,96,140
02073400,CARVER CAREER TECH ED CTR               ,WV,25306-6397,Public       ,2,0,2,147,316,463
02145100,SCOTT COLLEGE OF COSMETOLOGY            ,WV,26003-0000,Proprietary  ,1,3,4,54,58,112
02178200,CHARLESTON SCHOOL OF BEAUTY CULTURE     ,WV,25301-0000,Proprietary  ,3,14,17,43,149,192
02218200,GARNET CAREER CENTER                    ,WV,25301-0000,Public       ,0,18,18,89,379,468
02275300,CABELL COUNTY CAREER TECHNOLOGY CTR     ,WV,25705-0000,Public       ,0,7,7,90,178,268
02524500,RALPH R WILLIS VOCATIONAL CENTER        ,WV,25601-0000,Public       ,0,0,0,16,45,61
02534800,FRED W EBERLE TECHNICAL CENTER          ,WV,26201-0000,Public       ,0,4,4,49,179,228
02535500,MERCER COUNTY TECH EDUC CNTR            ,WV,24740-0000,Public       ,0,0,0,59,177,236
02579900,NORTH CENTRAL OPPORTUNITIES IND CTR     ,WV,26554-2936,Private      ,0,9,9,26,146,172
02609400,VALLEY COLLEGE                          ,WV,25404-5711,Proprietary  ,1,19,20,22,197,219
03052000,MEREDITH MANOR EQUESTRIAN CENTRE        ,WV,26184-9707,Proprietary  ,2,0,2,161,107,268
03076500,FAYETTE INSTITUTE OF TECHNOLOGY         ,WV,25901-2174,Public       ,1,0,1,18,80,98
03084200,VALLEY COLLEGE                          ,WV,24740-3141,Proprietary  ,1,4,5,14,76,90
03084400,VALLEY COLLEGE                          ,WV,25801-2643,Proprietary  ,1,9,10,20,128,148
03098300,PUTNAM CAREER & TECHNICAL CENTER        ,WV,25070-0000,Public       ,0,2,2,25,70,95
03099200,"MOUNTAINEER BEAUTY COLLEGE, INC         ",WV,25177-2917,Proprietary  ,1,2,3,25,59,84
03102100,MORGANTOWN BEAUTY COLLEGE               ,WV,26505-5430,Proprietary  ,0,2,2,51,95,146
03123200,STANLEY TECHNICAL INSTITUTE             ,WV,26505-3751,Private      ,0,0,0,9,69,78
03327500,SOUTH BRANCH VOCATIONAL TECH CENTER     ,WV,26847-1698,Public       ,0,0,0,7,23,30
03734300,JOHN D. ROCKEFELLER IV CAREER CENTER    ,WV,26047-9424,Public       ,0,0,0,12,25,37
03819300,AMERICAN PUBLIC UNIVERSITY SYSTEM       ,WV,25414-1621,Proprietary  ,26,773,799,439,13688,14127
03957300,BLUE RIDGE COMMUNITY AND TECHNICAL COLLE,WV,25401-3244,Public       ,10,70,80,654,1481,2135
03960300,NEW RIVER COMMUNITY AND TECHNICAL COLLEG,WV,25801-2636,Public       ,14,91,105,976,2499,3475
04028300,MOUNTAIN STATE SCHOOL OF MASSAGE        ,WV,25304-2025,Proprietary  ,0,0,0,21,71,92
04038500,PIERPONT COMMUNITY & TECHNICAL COLLEGE  ,WV,26554-2451,Public       ,4,36,40,734,941,1675
04038600,KANAWHA VALLEY COMMUNITY & TECH COLLEGE ,WV,25112-1000,Public       ,0,12,12,505,1313,1818
04041400,MARSHALL COMMUNITY AND TECHNICAL COLLEGE,WV,25755-3300,Public       ,6,35,41,953,1668,2621
04047300,BRIDGEMONT COMMUNITY & TECHNICAL COLLEGE,WV,25136-2435,Public       ,2,4,6,592,354,946
04119000,EASTERN WEST VIRGINIA COMMUNITY & TECHNI,WV,26836-0000,Public       ,1,13,14,42,134,176
00106100,ALASKA PACIFIC UNIVERSITY               ,AK,99508-4672,Private      ,1,11,12,574,686,1260
00106300,UNIVERSITY OF ALASKA FAIRBANKS          ,AK,99775-7500,Public       ,37,97,134,2674,3466,6140
00106500,UNIVERSITY OF ALASKA SOUTHEAST          ,AK,99801-8680,Public       ,1,54,55,586,1332,1918
00884300,ALASKA BIBLE COLLEGE                    ,AK,99588-0000,Private      ,1,0,1,20,11,31
01146200,UNIVERSITY OF ALASKA ANCHORAGE          ,AK,99514-1608,Public       ,35,179,214,5419,8010,13429
02541000,CAREER ACADEMY                          ,AK,99507-0000,Proprietary  ,11,48,59,138,656,794
02576900,CHARTER COLLEGE                         ,AK,99508-0000,Proprietary  ,56,261,317,538,2753,3291
03160300,AVTEC                                   ,AK,99664-0889,Public       ,2,9,11,171,327,498
03461300,ILISAGVIK COLLEGE                       ,AK,99723-0749,Public       ,0,4,4,19,85,104
04138600,ALASKA CHRISTIAN COLLEGE                ,AK,99669-9755,Private      ,0,2,2,47,23,70
00108500,UNIV ARKANSAS MONTICELLO                ,AR,71656-0000,Public       ,42,121,163,2084,2520,4604
00108600,UNIV OF ARKANSAS AT PINE BLUFF          ,AR,71601-2790,Public       ,38,36,74,4188,2183,6371
00108700,ARKANSAS BAPTIST COLLEGE                ,AR,72202-6099,Private      ,27,14,41,714,925,1639
00108800,LYON COLLEGE                            ,AR,72501-3699,Private      ,3,2,5,773,141,914
00108900,ARKANSAS TECH UNIVERSITY                ,AR,72801-2222,Public       ,25,41,66,5032,4081,9113
00109000,ARKANSAS STATE UNIVERSITY               ,AR,72467-0000,Public       ,95,439,534,7629,10730,18359
00109002,ARKANSAS STATE UNIVERSITY - NEWPORT     ,AR,72112-1120,Public       ,1,10,11,1,10,11
00109003,ARKANSAS STATE UNIVERSITY - MOUNTAIN HOM,AR,72653-4405,Public       ,4,6,10,4,6,10
00109006,DELTA TECHNICAL INSTITUTE               ,AR,72365-9558,Public       ,1,1,2,31,107,138
00109100,ARKANSAS STATE UNIVERSITY - BEEBE       ,AR,72012-1000,Public       ,13,69,82,1864,3201,5065
00109200,UNIVERSITY OF CENTRAL ARKANSAS          ,AR,72035-0001,Public       ,74,102,176,7719,4824,12543
00109300,CENTRAL BAPTIST COLLEGE                 ,AR,72034-6470,Private      ,8,4,12,411,352,763
00109400,UNIVERSITY OF THE OZARKS                ,AR,72830-2880,Private      ,3,2,5,625,145,770
00109500,CROWLEYS RIDGE COLLEGE                  ,AR,72450-9775,Private      ,3,1,4,160,93,253
00109700,HARDING UNIVERSITY                      ,AR,72149-0001,Private      ,18,53,71,3387,1675,5062
00109800,HENDERSON STATE UNIVERSITY              ,AR,71999-0001,Public       ,24,37,61,3121,1823,4944
00109900,HENDRIX COLLEGE                         ,AR,72032-3080,Private      ,3,0,3,2002,126,2128
00110000,JOHN BROWN UNIVERSITY                   ,AR,72761-2747,Private      ,1,14,15,1215,1176,2391
00110100,UNIV ARKANSAS LITTLE ROCK               ,AR,72204-1099,Public       ,40,215,255,4518,10506,15024
00110200,OUACHITA BAPTIST UNIVERSITY             ,AR,71998-0001,Private      ,8,2,10,1469,171,1640
00110300,PHILANDER SMITH COLLEGE                 ,AR,72202-3718,Private      ,7,9,16,837,748,1585
00110400,PHILLIPS COUNTY COMMUNITY COLLEGE       ,AR,72342-0000,Public       ,47,49,96,559,1214,1773
00110401,RICE BELT TECH INST                     ,AR,72042-0000,Public       ,0,0,0,7,13,20
00110600,WILLIAMS BAPTIST COLLEGE                ,AR,72476-4661,Private      ,0,0,0,551,212,763
00110700,SOUTHERN ARKANSAS UNIVERSITY            ,AR,71754-0000,Public       ,48,54,102,2265,1872,4137
00110800,UNIV ARKANSAS FAYETTEVILLE              ,AR,72701-0000,Public       ,96,110,206,10269,6274,16543
00110900,UNIV OF ARKANSAS FOR MEDCL SCIENCES     ,AR,72205-7102,Public       ,5,12,17,464,1973,2437
00110901,UNIV OF ARKANSAS COLG OF MEDICINE       ,AR,72205-0000,Public       ,0,1,1,51,701,752
00111000,UNIVERSITY OF ARKANSAS-FORT SMITH       ,AR,72904-7397,Public       ,49,131,180,3793,4899,8692
00524500,U OF A COMM COLLEGE AT MORRILTON        ,AR,72110-9601,Public       ,14,74,88,1135,2179,3314
00570700,SEARK COLLEGE                           ,AR,71603-0000,Public       ,26,116,142,776,2448,3224
00573200,UNIV AR COMMUNITY COLLEGE AT HOPE       ,AR,71801-0000,Public       ,22,57,79,619,1520,2139
00704400,CROWLEYS RIDGE TECHNICAL INSTITUTE      ,AR,72336-0000,Public       ,2,3,5,128,309,437
00773800,SOUTHERN ARKANSAS UNIVERSITY TECH       ,AR,71701-1900,Public       ,10,25,35,486,929,1415
00792100,FAYETTEVILLE BEAUTY COLLEGE             ,AR,72701-0000,Proprietary  ,7,9,16,49,109,158
00997600,OUACHITA TECHNICAL COLLEGE              ,AR,72104-0816,Public       ,5,19,24,363,1036,1399
01074100,MELLIE'S BEAUTY COLLEGE                 ,AR,72901-3886,Proprietary  ,2,8,10,56,171,227
01210500,NATIONAL PARK COMMUNITY COLLEGE         ,AR,71913-9174,Public       ,23,124,147,1214,3069,4283
01226000,EAST ARKANSAS COMMUNITY COLLEGE         ,AR,72335-2204,Public       ,13,35,48,603,1079,1682
01226100,NORTH ARKANSAS COLLEGE                  ,AR,72601-5508,Public       ,16,39,55,990,2089,3079
01286000,ARKANSAS NORTHEASTERN COLLEGE           ,AR,72316-1109,Public       ,48,106,154,861,2079,2940
02052200,BLACK RIVER TECHNICAL COLLEGE           ,AR,72455-0000,Public       ,28,78,106,814,2171,2985
02073500,UNIVERSITY OF ARKANSAS COMMUNITY COLLEGE,AR,72503-0000,Public       ,19,48,67,549,1499,2048
02073502,UNIVERSITY OF ARKANSAS COMMUNITY COLLEGE,AR,72501-0000,Public       ,0,0,0,31,102,133
02073700,NORTHWEST TECHNICAL INSTITUTE           ,AR,72765-0000,Public       ,1,4,5,168,636,804
02074600,SOUTH ARKANSAS COMMUNITY COLLEGE        ,AR,71731-0000,Public       ,11,68,79,517,1831,2348
02075300,PULASKI TECHNICAL COLLEGE               ,AR,72118-0000,Public       ,58,237,295,3402,13126,16528
02087000,OZARKA COLLEGE                          ,AR,72556-0000,Public       ,6,38,44,327,1287,1614
02111100,RICH MOUNTAIN COMMUNITY COLLEGE         ,AR,71953-0000,Public       ,4,37,41,384,691,1075
02202400,PROFESSIONAL COSMETOLOGY EDUC CTR       ,AR,71730-5828,Proprietary  ,0,0,0,23,94,117
02220900,COSSATOT COMMUNITY COLLEGE              ,AR,71832-0000,Public       ,4,26,30,453,1177,1630
02260400,BEE JAY'S HAIRSTYLING ACADEMY           ,AR,72212-0000,Proprietary  ,1,4,5,14,64,78
02260401,BEE JAY'S HAIRSTYLING ACADEMY - BATESVIL,AR,72501-6709,Proprietary  ,2,3,5,8,39,47
02272400,EASTERN COLLEGE OF HEALTH VOCATIONS     ,AR,72209-0000,Proprietary  ,19,78,97,213,891,1104
02284200,NEW TYLER BARBER COLLEGE INC            ,AR,72114-0000,Proprietary  ,5,13,18,48,184,232
02287400,MARSHA KAY BEAUTY COLLEGE               ,AR,72653-0000,Proprietary  ,1,2,3,23,37,60
02321701,ITT TECHNICAL INSTITUTE                 ,AR,72204-9925,Proprietary  ,15,44,59,411,1206,1617
02330800,JEFFERSON SCHOOL OF NURSING             ,AR,71603-0000,Private      ,0,4,4,33,126,159
02339800,SOUTHERN INSTITUTE OF COSMETOLOGY       ,AR,72301-0000,Proprietary  ,5,8,13,30,101,131
02341700,CAREER ACADEMY OF HAIR DESIGN           ,AR,72764-4304,Proprietary  ,5,4,9,77,218,295
02341701,CAREER ACADEMY OF HAIR DESIGN - ROGERS  ,AR,72756-2102,Proprietary  ,2,8,10,28,123,151
02341702,CAREER ACADEMY OF HAIR DESIGN - SILOAM  ,AR,72761-4217,Proprietary  ,0,3,3,2,12,14
02348200,MID-SOUTH COMMUNITY COLLEGE             ,AR,72301-0000,Public       ,11,32,43,816,2135,2951
02363500,ARTHUR'S BEAUTY COLLEGE                 ,AR,72901-0000,Proprietary  ,0,2,2,23,77,100
02525800,LEE'S SCHOOL OF COSMETOLOGY             ,AR,72114-0000,Proprietary  ,0,6,6,13,68,81
02538500,ARTHUR'S BEAUTY COLLEGE                 ,AR,72076-0000,Proprietary  ,6,12,18,84,237,321
02569600,SEARCY BEAUTY COLLEGE                   ,AR,72143-0000,Proprietary  ,1,7,8,21,90,111
03005100,ARKANSAS BEAUTY SCHOOL                  ,AR,72209-5116,Proprietary  ,1,6,7,26,133,159
03007100,HOT SPRINGS BEAUTY COLLEGE              ,AR,71901-5432,Proprietary  ,3,11,14,49,101,150
03007600,ARKANSAS BEAUTY SCHOOL-CONWAY           ,AR,72032-4354,Proprietary  ,4,3,7,40,85,125
03023400,ARKANSAS COLLEGE OF BARBERING           ,AR,72114-5615,Proprietary  ,6,14,20,66,221,287
03063300,NORTHWEST ARKANSAS COMMUNITY COLLEG     ,AR,72712-5190,Public       ,49,189,238,2526,5211,7737
03065100,ABC BEAUTY COLLEGE                      ,AR,71923-4206,Proprietary  ,0,3,3,27,93,120
03066302,BRYAN COLLEGE -                         ,AR,72756-1825,Proprietary  ,1,14,15,85,416,501
03105200,BAPTIST HEALTH SCHOOLS LITTLE ROCK      ,AR,72210-0000,Private      ,0,6,6,441,1592,2033
03115102,HERITAGE COLLEGE - LITTLE ROCK          ,AR,72227-5544,Proprietary  ,20,110,130,101,619,720
03116800,"DELUXE BEAUTY SCHOOL, L.L.C.            ",AR,71603-0000,Proprietary  ,0,0,0,5,28,33
03124900,IMAGINE -  PAUL MITCHELL PARTNER SCHOOL ,AR,72117-2516,Proprietary  ,13,18,31,156,236,392
03127200,ASKINS VO-TECH                          ,AR,72908-8028,Proprietary  ,0,2,2,14,97,111
03214300,VELVATEX COLLEGE OF BEAUTY CULTURE      ,AR,72202-5452,Proprietary  ,0,4,4,9,38,47
03254300,MARGARET'S HAIR ACADEMY                 ,AR,71655-4905,Proprietary  ,3,7,10,29,86,115
03519400,LYNNDALE FUNDAMENTALS OF BEAUTY SCH     ,AR,71730-4804,Proprietary  ,0,1,1,11,39,50
03855300,ECCLESIA COLLEGE                        ,AR,72762-8159,Private      ,0,0,0,84,46,130
03912300,CROSSETT SCHOOL OF COSMETOLOGY          ,AR,71635-0000,Proprietary  ,1,5,6,6,35,41
03997300,ARKANSAS BEAUTY COLLEGE                 ,AR,72801-3741,Proprietary  ,0,5,5,28,67,95
00133900,CORBAN COLLEGE                          ,OR,97301-9392,Private      ,1,10,11,1232,573,1805
00316505,CASCADE COLLEGE                         ,OR,97216-0000,Private      ,0,0,0,42,167,209
00318600,BLUE MOUNTAIN COMMUNITY COLLEGE         ,OR,97801-0000,Public       ,2,22,24,1014,2167,3181
00318800,CENTRAL OREGON COMMUNITY COLLEGE        ,OR,97701-5998,Public       ,18,77,95,2785,6331,9116
00318900,CLATSOP COMMUNITY COLLEGE               ,OR,97103-3698,Public       ,3,24,27,432,875,1307
00319100,CONCORDIA UNIVERSITY                    ,OR,97211-6099,Private      ,1,61,62,1312,2014,3326
00319300,EASTERN OREGON UNIVERSITY               ,OR,97850-2899,Public       ,6,24,30,2109,2960,5069
00319400,GEORGE FOX UNIVERSITY                   ,OR,97132-2697,Private      ,5,44,49,2400,2190,4590
00319600,LANE COMMUNITY COLLEGE                  ,OR,97405-0640,Public       ,39,145,184,6304,13748,20052
00319700,LEWIS & CLARK COLLEGE                   ,OR,97219-7899,Private      ,0,12,12,4513,3680,8193
00319800,LINFIELD COLLEGE                        ,OR,97128-6894,Private      ,4,6,10,2753,810,3563
00319801,LINFIELD COLLEGE - PORTLAND CAMPUS      ,OR,97210-0000,Private      ,3,6,9,296,796,1092
00319900,MARYLHURST UNIVERSITY                   ,OR,97036-7036,Private      ,2,80,82,168,2325,2493
00320300,MOUNT ANGEL SEMINARY                    ,OR,97373-0505,Private      ,0,2,2,16,21,37
00320400,MOUNT HOOD COMMUNITY COLLEGE            ,OR,97030-3300,Public       ,39,129,168,4120,7966,12086
00320600,MULTNOMAH BIBLE COLLEGE/SEMINARY        ,OR,97220-5898,Private      ,0,13,13,514,711,1225
00320700,PACIFIC NORTHWEST COLLEGE OF ART        ,OR,97209-3023,Private      ,2,1,3,708,618,1326
00320800,NORTHWEST CHRISTIAN UNIVERSITY          ,OR,97401-3727,Private      ,0,1,1,640,581,1221
00320900,WESTERN OREGON UNIVERSITY               ,OR,97361-1394,Public       ,10,56,66,5750,2570,8320
00321000,OREGON STATE UNIVERSITY                 ,OR,97331-8507,Public       ,39,70,109,18482,9601,28083
00321100,OREGON INSTITUTE OF TECHNOLOGY          ,OR,97601-8801,Public       ,1,22,23,2199,2135,4334
00321200,PACIFIC UNIVERSITY                      ,OR,97116-1797,Private      ,3,23,26,2601,2957,5558
00321300,PORTLAND COMMUNITY COLLEGE              ,OR,97219-7198,Public       ,221,1048,1269,11556,30482,42038
00321600,PORTLAND STATE UNIVERSITY               ,OR,97207-0000,Public       ,61,359,420,13235,22102,35337
00321700,REED COLLEGE                            ,OR,97202-8199,Private      ,2,0,2,2749,450,3199
00321800,CHEMEKETA COMMUNITY COLLEGE             ,OR,97309-1500,Public       ,26,185,211,5371,12696,18067
00321900,SOUTHERN OREGON UNIVERSITY              ,OR,97520-5010,Public       ,15,71,86,4482,3268,7750
00322000,SOUTHWESTERN OREGON COMMUNITY CLG       ,OR,97420-2956,Public       ,6,17,23,1478,1730,3208
00322100,TREASURE VALLEY COMMUNITY COLLEGE       ,OR,97914-3423,Public       ,21,102,123,1518,3002,4520
00322200,UMPQUA COMMUNITY COLLEGE                ,OR,97470-0226,Public       ,10,28,38,1395,3861,5256
00322300,UNIVERSITY OF OREGON                    ,OR,97403-1226,Public       ,77,189,266,20471,10446,30917
00322400,UNIVERSITY OF PORTLAND                  ,OR,97203-5798,Private      ,4,12,16,7286,1933,9219
00322500,WARNER PACIFIC COLLEGE                  ,OR,97215-4099,Private      ,4,55,59,776,1708,2484
00322700,WILLAMETTE UNIVERSITY                   ,OR,97301-3930,Private      ,2,3,5,4080,1885,5965
00487800,CLACKAMAS COMMUNITY COLLEGE             ,OR,97045-7998,Public       ,32,84,116,3267,5491,8758
00488200,OREGON HEALTH & SCIENCE UNIVERSITY      ,OR,97239-0000,Public       ,2,9,11,423,3387,3810
00488230,OREGON GRAD INST OF SCIENCE & TECH      ,OR,97006-0000,Public       ,0,0,0,2,11,13
00693800,LINN BENTON COMMUNITY COLLEGE           ,OR,97321-3774,Public       ,16,46,62,3729,5703,9432
00717800,WESTERN SEMINARY                        ,OR,97215-0000,Private      ,0,6,6,5,323,328
00723402,HEALD COLLEGE - PORTLAND                ,OR,97205-3432,Proprietary  ,29,146,175,355,1637,1992
00781900,ART INSTITUTE OF PORTLAND (THE)         ,OR,97209-2911,Proprietary  ,12,25,37,1801,1925,3726
00888700,CONCORDE CAREER INSTITUTE               ,OR,97232-2242,Proprietary  ,23,91,114,383,1435,1818
00907900,EVEREST COLLEGE                         ,OR,97204-2296,Proprietary  ,21,97,118,346,1455,1801
00958100,SPRINGFIELD COLLEGE OF BEAUTY           ,OR,97477-5474,Proprietary  ,2,4,6,86,199,285
01012200,PHAGANS' MEDFORD BEAUTY SCHOOL          ,OR,97504-5297,Proprietary  ,1,8,9,62,162,224
01018200,ROGUE COMMUNITY COLLEGE                 ,OR,97527-0000,Public       ,15,47,62,2679,6581,9260
01050700,ACADEMY OF HAIR DESIGN                  ,OR,97301-3526,Proprietary  ,3,9,12,53,136,189
01185200,ITT TECHNICAL INSTITUTE                 ,OR,97220-0000,Proprietary  ,17,40,57,751,1972,2723
01230900,UNIVERSITY OF WESTERN STATES            ,OR,97230-3099,Private      ,1,3,4,36,557,593
01234700,PHAGANS CENTRAL OREGON BEAUTY CLG       ,OR,97701-5175,Proprietary  ,4,7,11,95,300,395
01234800,PHAGANS BEAUTY COLLEGE                  ,OR,97333-4716,Proprietary  ,1,6,7,57,128,185
01235000,PHAGANS SCHOOL OF HAIR DESIGN           ,OR,97267-4808,Proprietary  ,2,3,5,44,108,152
01235100,PHAGANS SCHOOL OF BEAUTY                ,OR,97301-4732,Proprietary  ,1,14,15,51,156,207
01300800,PHAGANS TIGARD BEAUTY SCHOOL            ,OR,97223-0000,Proprietary  ,0,1,1,23,82,105
02101000,NORTHWEST COLLEGE OF HAIR DESIGN        ,OR,97086-7702,Proprietary  ,7,29,36,145,403,548
02101002,NORTHWEST COLLEGE                       ,OR,97007-3954,Proprietary  ,0,0,0,17,49,66
02104900,COLLEGE OF LEGAL ARTS                   ,OR,97219-9998,Proprietary  ,3,20,23,48,334,382
02106100,COLLEGE OF COSMETOLOGY                  ,OR,97601-0000,Proprietary  ,2,3,5,42,87,129
02154400,BEAU MONDE CLG OF HAIR DESIGN           ,OR,97205-0000,Proprietary  ,7,9,16,144,323,467
02159700,EUGENE BIBLE COLLEGE                    ,OR,97405-0000,Private      ,0,2,2,105,123,228
02201900,PHAGANS' SCHOOL OF HAIR DESIGN          ,OR,97232-0000,Proprietary  ,3,14,17,117,376,493
02239203,ANTHEM COLLEGE - BEAVERTON              ,OR,97005-0000,Proprietary  ,0,6,6,35,148,183
02330100,PIONEER PACIFIC COLLEGE                 ,OR,97070-0000,Proprietary  ,14,78,92,387,1644,2031
02330102,PIONEER PACIFIC COLLEGE                 ,OR,97403-0000,Proprietary  ,10,37,47,162,1127,1289
02337900,COLLEGE OF HAIR DESIGN CAREERS          ,OR,97301-0000,Proprietary  ,4,7,11,68,122,190
02344100,ROSEBURG BEAUTY COLLEGE                 ,OR,97470-0000,Proprietary  ,0,1,1,39,101,140
02534000,NATIONAL COLLEGE OF NATURAL MEDICINE    ,OR,97201-0000,Private      ,0,1,1,16,719,735
02578800,NORTHWEST NANNIES INSTITUTE             ,OR,97035-0000,Proprietary  ,0,0,0,41,14,55
02603700,OREGON COL OF ORIENTAL MEDICINE         ,OR,97216-0000,Private      ,0,2,2,8,379,387
02617506,EVEREST COLLEGE - EVEREST INSTITUTE     ,OR,97223-6581,Proprietary  ,23,53,76,138,500,638
03007300,OREGON COLLEGE OF ART & CRAFT           ,OR,97225-6399,Private      ,0,2,2,155,289,444
03022600,LE CORDON BLEU COLLEGE OF CULINARY ARTS ,OR,97205-2793,Proprietary  ,11,37,48,1643,3018,4661
03042500,APOLLO COLLEGE                          ,OR,97232-1302,Proprietary  ,22,95,117,616,2519,3135
03074400,PHAGANS NEWPORT ACAD CSMTLGY CAREER     ,OR,97365-4963,Proprietary  ,0,2,2,30,69,99
03074500,EAST-WEST COLLEGE OF THE HEALING ARTS   ,OR,97232-2765,Proprietary  ,0,4,4,103,453,556
03185300,PHAGANS GRANTS PASS COLLEGE OF BTY      ,OR,97527-3039,Proprietary  ,0,7,7,42,115,157
03428300,KLAMATH COMMUNITY COLLEGE               ,OR,97603-7121,Public       ,6,30,36,529,1598,2127
03642300,VALLEY MEDICAL COLLEGE                  ,OR,97305-1373,Proprietary  ,1,7,8,54,369,423
03668300,BIRTHINGWAY COLLEGE OF MIDWIFERY        ,OR,97266-4042,Private      ,0,1,1,19,143,162
03783400,ABDILL CAREER COLLEGE                   ,OR,97504-7137,Proprietary  ,1,14,15,41,287,328
04146500,PORTLAND ACTORS CONSERVATORY            ,OR,97201-2557,Private      ,0,1,1,3,8,11
04167400,SAGE SCHOOL OF MASSAGE & HEALING ARTS   ,OR,97701-4082,Proprietary  ,1,5,6,1,5,6
00137400,ALBERTUS MAGNUS COLLEGE                 ,CT,06511-1189,Private      ,0,11,11,864,1084,1948
00137403,ALBERTUS MAGNUS CLG-NEW DIMENSIONS      ,CT,06511-0000,Private      ,1,14,15,52,818,870
00137800,CENTRAL CONNECTICUT STATE UNIV          ,CT,06050-2490,Public       ,22,43,65,9631,4492,14123
00137900,CONNECTICUT COLLEGE                     ,CT,06320-4196,Private      ,1,1,2,2947,103,3050
00138000,WESTERN CONNECTICUT STATE UNIV          ,CT,06810-6826,Public       ,12,14,26,5723,1668,7391
00138500,FAIRFIELD UNIVERSITY                    ,CT,06430-0000,Private      ,4,18,22,6485,1065,7550
00138700,HARTFORD SEMINARY                       ,CT,06105-0000,Private      ,0,0,0,7,44,51
00138900,HOLY APOSTLES COLLEGE & SEMINARY        ,CT,06416-2005,Private      ,0,2,2,13,61,74
00139200,MANCHESTER COMMUNITY COLLEGE            ,CT,06045-1046,Public       ,13,52,65,3394,3340,6734
00139300,MITCHELL COLLEGE                        ,CT,06320-4498,Private      ,0,0,0,1153,229,1382
00139700,UNIVERSITY OF NEW HAVEN                 ,CT,06516-1999,Private      ,7,18,25,7176,2027,9203
00139800,NORTHWESTERN CT COMMUNITY COLLEGE       ,CT,06098-1747,Public       ,0,12,12,567,657,1224
00139900,NORWALK COMMUNITY TECHNICAL COLLEGE     ,CT,06854-1655,Public       ,4,16,20,2112,2579,4691
00140100,POST UNIVERSITY                         ,CT,06723-3240,Proprietary  ,6,145,151,1196,2833,4029
00140200,QUINNIPIAC UNIVERSITY                   ,CT,06518-1908,Private      ,7,7,14,11925,1662,13587
00140201,QUINNIPIAC UNIVERSITY SCHOOL OF LAW     ,CT,06518-0000,Private      ,1,0,1,111,1306,1417
00140300,SACRED HEART UNIVERSITY                 ,CT,06825-1000,Private      ,1,36,37,7097,1698,8795
00140600,SOUTHERN CONNECTICUT STATE UNIV         ,CT,06515-1355,Public       ,11,54,65,9444,5161,14605
00140900,SAINT JOSEPH COLLEGE                    ,CT,06117-2791,Private      ,3,12,15,1181,1254,2435
00141400,TRINITY COLLEGE                         ,CT,06106-3100,Private      ,1,4,5,2815,267,3082
00141600,UNIVERSITY OF BRIDGEPORT                ,CT,06601-5650,Private      ,6,26,32,3484,2895,6379
00141700,UNIVERSITY OF CONNECTICUT-STORRS        ,CT,06269-2151,Public       ,20,86,106,26014,6039,32053
00141702,UNIV CONN STAMFORD                      ,CT,06901-0000,Public       ,0,2,2,420,295,715
00141703,UNIV OF CONNECTICUT - TORINGTON         ,CT,06790-0000,Public       ,0,1,1,176,62,238
00141706,UNIV OF CONNECTICUT SCH LAW             ,CT,06105-0000,Public       ,0,1,1,30,1336,1366
00141707,UNIV OF CT - SCH OF SOCIAL WORK         ,CT,06117-0000,Public       ,1,9,10,80,465,545
00141708,UNIVERSITY OF CONNECTICUT - SCHOOL OF ME,CT,06030-1920,Public       ,0,3,3,30,558,588
00141709,UNIVERSITY OF CONNECTICUT - SCHOOL OF DE,CT,06030-1920,Public       ,1,2,3,43,269,312
00142200,UNIVERSITY OF HARTFORD                  ,CT,06117-1599,Private      ,6,14,20,9508,1896,11404
00142400,WESLEYAN UNIVERSITY                     ,CT,06459-3208,Private      ,2,4,6,5556,218,5774
00142500,EASTERN CONNECTICUT STATE UNIV          ,CT,06226-2295,Public       ,8,15,23,5529,1329,6858
00142600,YALE UNIVERSITY                         ,CT,06520-8288,Private      ,3,15,18,16236,7756,23992
00142601,YALE UNIV PHYSICIANS ASSOC PROG         ,CT,06510-0000,Private      ,0,0,0,9,113,122
00142602,YALE UNIV EPIDEMIOLOGY & PUB HLTH       ,CT,06510-0000,Private      ,0,0,0,0,11,11
00142603,YALE UNIV SCHOOL MEDICINE               ,CT,06510-0000,Private      ,0,0,0,51,872,923
00280301,RENSSELAER POLYTECHNIC INSTITUTE-RENSSEL,CT,06120-2991,Private      ,2,7,9,17,121,138
00451300,HOUSATONIC COMMUNITY COLLEGE            ,CT,06604-4704,Public       ,15,37,52,2560,3900,6460
00618100,BRIDGEPORT HOSP SCHL OF NURSING         ,CT,06610-2896,Private      ,0,3,3,91,357,448
00619100,ST. VINCENT'S COLLEGE                   ,CT,06606-9966,Private      ,3,7,10,272,656,928
00698200,NAUGATUCK VALLEY COMM-TECH COLG         ,CT,06708-3089,Public       ,12,28,40,2755,3224,5979
00730000,ELI WHITNEY TECHNICAL HIGH SCHOOL       ,CT,06514-0000,Public       ,0,0,0,19,74,93
00730300,LINCOLN TECHNICAL INSTITUTE             ,CT,06051-0000,Proprietary  ,31,94,125,1152,2813,3965
00730500,PORTER AND CHESTER INSTITUTE OF BRANFORD,CT,06405-4022,Proprietary  ,8,24,32,303,521,824
00731100,WINDHAM TECHNICAL HIGH SCHOOL           ,CT,06226-2100,Public       ,0,0,0,10,37,47
00745900,PAIER COLLEGE OF ART                    ,CT,06514-3902,Proprietary  ,4,0,4,188,82,270
00763500,CAPITAL COMMUNITY COLLEGE               ,CT,06103-1207,Public       ,4,49,53,1771,4164,5935
00803700,GATEWAY COMMUNITY-TECHNICAL COLLEGE     ,CT,06511-0000,Public       ,9,34,43,2719,4287,7006
00803800,MIDDLESEX COMMUNITY CLG                 ,CT,06457-4889,Public       ,12,26,38,1060,1395,2455
00887200,RENASCI ACADEMY OF HAIR                 ,CT,06460-4160,Proprietary  ,0,0,0,5,31,36
00887300,PAUL MITCHELL THE SCHOOL                ,CT,06810-6716,Proprietary  ,1,2,3,81,66,147
00887400,BRIO ACADEMY OF COSMETOLOGY             ,CT,06450-4836,Proprietary  ,8,54,62,170,443,613
00887403,BRIO ACADEMY OF COSMETOLOGY - WILLIMANTI,CT,06226-1940,Proprietary  ,1,0,1,5,12,17
00906500,THE HARTFORD CONSERVATORY               ,CT,06105-2891,Private      ,0,0,0,49,17,66
00927700,E C GOODWIN TECHNICAL HIGH SCHOOL       ,CT,06053-0000,Public       ,0,0,0,22,48,70
00929100,J M WRIGHT TECHNICAL HIGH SCHOOL        ,CT,06904-0000,Public       ,0,0,0,6,18,24
00940700,BRIARWOOD COLLEGE                       ,CT,06489-1057,Proprietary  ,4,4,8,703,706,1409
00976400,TUNXIS COMMUNITY COLLEGE                ,CT,06032-3187,Public       ,9,56,65,1663,1996,3659
00976500,THREE RIVERS COMMUNITY TECH COLLEGE     ,CT,06360-0000,Public       ,20,74,94,1537,2581,4118
00982200,ALBERT I PRINCE TECHNICAL HIGH SCHOOL   ,CT,06106-3799,Public       ,0,0,0,11,65,76
01041700,BRIO ACADEMY OF EAST HARTFORD           ,CT,06108-2220,Proprietary  ,3,17,20,68,206,274
01053000,QUINEBAUG VALLEY COMMUNITY COLLEGE      ,CT,06239-1440,Public       ,1,12,13,778,1358,2136
01077900,PORTER AND CHESTER INSTITUTE-ALLCAMPUSES,CT,06615-7158,Proprietary  ,89,197,286,1560,3253,4813
01115000,ASNUNTUCK COMMUNITY COLLEGE             ,CT,06082-3800,Public       ,5,33,38,486,824,1310
01149600,BULLARD HAVENS VOC TECH SCHOOL          ,CT,06610-3499,Public       ,0,0,0,12,66,78
01169700,VINAL REGIONAL VOC TECH SCHOOL          ,CT,06457-4918,Public       ,0,0,0,8,29,37
01184300,NORWICH TECHNICAL HIGH SCHOOL           ,CT,06360-7097,Public       ,0,0,0,11,37,48
01218500,H C WILCOX TECHNICAL HIGH SCHOOL        ,CT,06450-0000,Public       ,0,0,0,4,2,6
01242500,STONE ACADEMY                           ,CT,06514-4125,Proprietary  ,9,44,53,240,1348,1588
01242503,STONE ACADEMY -WATERBURY                ,CT,06705-3823,Proprietary  ,0,0,0,18,67,85
01242504,STONE ACADEMY -  EAST HARTFORD          ,CT,06118-0000,Proprietary  ,0,1,1,10,87,97
01287700,GIBBS COLLEGE                           ,CT,06855-1436,Proprietary  ,2,11,13,68,203,271
01291300,LEON INSTITUTE OF HAIR DESIGN           ,CT,06604-4226,Proprietary  ,0,6,6,15,95,110
01326400,HENRY ABBOTT TECHNICAL HIGH SCHOOL      ,CT,06811-4881,Public       ,0,0,0,8,33,41
02058900,HARVARD H ELLIS TECHNICAL HIGH SCHOOL   ,CT,06239-0000,Public       ,0,0,0,11,7,18
02074000,BRANFORD HALL CAREER INSTITUTE          ,CT,06405-0000,Proprietary  ,121,523,644,1335,6331,7666
02106600,FOX INSTITUTE OF BUSINESS               ,CT,06110-0000,Proprietary  ,3,35,38,123,588,711
02112300,RIDLEY LOWELL BUSINESS & TECH INST      ,CT,06320-0000,Proprietary  ,4,16,20,84,566,650
02112700,NORTH HAVEN ACADEMY                     ,CT,06473-3108,Proprietary  ,1,2,3,188,126,314
02115100,BUTLER BUSINESS SCHOOL                  ,CT,06604-0000,Proprietary  ,5,36,41,78,500,578
02148700,CONNECTICUT INST OF HAIR DESIGN         ,CT,06716-0000,Proprietary  ,0,1,1,25,65,90
02202500,NEW ENGLAND TRACTOR TRAILER SCH         ,CT,06071-2036,Proprietary  ,29,204,233,144,1568,1712
02213000,ELLA T GRASSO SOUTHEASTERN TECHNICAL HIG,CT,06340-0000,Public       ,0,0,0,4,6,10
02228800,LINCOLN TECHNICAL INSTITUTE - EAST WINDS,CT,06088-9631,Proprietary  ,41,72,113,1069,830,1899
02244900,GOODWIN COLLEGE                         ,CT,06118-9980,Private      ,32,206,238,820,3594,4414
02245300,HOWELL CHENEY TECHNICAL HIGH SCHOOL     ,CT,06040-0000,Public       ,0,1,1,16,32,48
02265900,WINDHAM COMMUNITY MEM HOSP-RAD TECH     ,CT,06226-0000,Private      ,0,0,0,11,15,26
02296100,YALE-NEW HAVEN HOSP DIETETIC INTERN     ,CT,06510-8900,Private      ,0,0,0,9,11,20
02300000,W F KAYNOR TECHNICAL HIGH SCHOOL        ,CT,06708-0000,Public       ,0,0,0,5,54,59
02316600,CONNECTICUT CTR FOR MASSAGE THERAPY     ,CT,06111-3975,Proprietary  ,2,19,21,88,397,485
02316601,CONNECTICUT CENTER FOR MASSAGE THERAPY -,CT,06880-4619,Proprietary  ,3,12,15,38,209,247
02316603,CONNECTICUT CENTER FOR MASSAGE THERAPY -,CT,06340-4619,Proprietary  ,0,12,12,34,178,212
02562400,EMMETT O BRIEN REG VOC TECH SCHOOL      ,CT,06401-2500,Public       ,0,0,0,0,4,4
02565000,PLATT TECHNICAL HIGH SCHOOL             ,CT,06460-2105,Public       ,0,0,0,8,27,35
03079400,LYME ACADEMY COLLEGE OF FINE ARTS       ,CT,06371-2333,Private      ,0,0,0,82,37,119
03094800,INDUSTRIAL MANAGEMENT & TRAINING        ,CT,06706-1211,Proprietary  ,1,0,1,32,190,222
03231400,OLIVER WOLCOTT TECHNICAL HIGH SCHOOL    ,CT,06790-3859,Public       ,0,0,0,1,2,3
03234300,CHARTER OAK STATE COLLEGE               ,CT,06053-2150,Public       ,2,38,40,87,1250,1337
03316300,LINCOLN TECHNICAL INSTITUTE - HARTFORD  ,CT,06105-3630,Proprietary  ,4,4,8,541,612,1153
03381300,CONNECTICUT TRAINING CENTER             ,CT,06108-2705,Private      ,7,42,49,69,308,377
03927300,ALBERT SCHOOL (THE)                     ,CT,06357-2447,Proprietary  ,8,18,26,65,163,228
04053300,CLEMENS COLLEGE                         ,CT,06078-0000,Proprietary  ,2,2,4,122,42,164
04104300,ACADEMY DI CAPELLI - SCHOOL OF COSMETOLO,CT,06492-0000,Proprietary  ,4,1,5,30,56,86
04128800,BRANFORD ACADEMY OF HAIR & COSMETOLOGY  ,CT,06405-0000,Proprietary  ,2,6,8,33,59,92
04145400,OXFORD ACADEMY OF HAIR DESIGN           ,CT,06483-2603,Proprietary  ,1,1,2,21,33,54
04148400,EUROPEAN ACADEMY OF COSMETOLOGY AND HAIR,CT,06437-0000,Proprietary  ,0,0,0,8,4,12
04152400,INTERNATIONAL INSTITUTE OF COSMETOLOGY  ,CT,06109-0000,Proprietary  ,0,0,0,28,16,44
04162900,TONSORIAL ACADEMY OF COSMETOLOGY AND BAR,CT,06516-0000,Proprietary  ,1,1,2,1,1,2
00146600,BARRY UNIVERSITY                        ,FL,33161-6695,Private      ,34,95,129,5033,8865,13898
00146601,BARRY UNIVERSITY - ORLANDO              ,FL,32807-3673,Private      ,1,11,12,67,1515,1582
00146700,BETHUNE COOKMAN UNIVERSITY              ,FL,32114-3099,Private      ,53,25,78,7589,1687,9276
00146800,ST THOMAS UNIVERSITY                    ,FL,33054-0000,Private      ,19,66,85,1331,2936,4267
00146900,FLORIDA INSTITUTE OF TECHNOLOGY         ,FL,32901-6988,Private      ,27,410,437,3403,8388,11791
00147000,BREVARD COMMUNITY COLLEGE               ,FL,32922-6503,Public       ,161,428,589,5689,10064,15753
00147100,CENTRAL FLORIDA COMMUNITY COLLEGE       ,FL,34478-1388,Public       ,74,230,304,4517,8156,12673
00147200,CHIPOLA  COLLEGE                        ,FL,32446-2053,Public       ,24,37,61,1020,1384,2404
00147300,CLEARWATER CHRISTIAN COLLEGE            ,FL,33759-0000,Private      ,2,3,5,799,134,933
00147500,DAYTONA STATE COLLEGE                   ,FL,32114-2800,Public       ,189,550,739,7581,14370,21951
00147700,EDISON COLLEGE                          ,FL,33906-6210,Public       ,116,311,427,6956,10433,17389
00147800,EDWARD WATERS COLLEGE                   ,FL,32209-6199,Private      ,12,8,20,1331,749,2080
00147900,EMBRY-RIDDLE AERONAUTICAL UNIV          ,FL,32114-3900,Private      ,47,246,293,6919,6128,13047
00148000,FLORIDA A & M UNIVERSITY                ,FL,32307-3100,Public       ,459,99,558,17285,8124,25409
00148100,FLORIDA ATLANTIC UNIVERSITY             ,FL,33431-6498,Public       ,222,272,494,16838,13939,30777
00148101,FLORIDA ATLANTIC UNIVERSITY/DAVIE       ,FL,33314-0000,Public       ,16,53,69,1000,2613,3613
00148103,FLORIDA ATLANTIC UNIV-JUPITER/PSL       ,FL,33458-0000,Public       ,3,13,16,457,607,1064
00148200,FLORIDA COLLEGE                         ,FL,33617-5578,Private      ,1,0,1,430,60,490
00148400,FLORIDA STATE COLLEGE AT JACKSONVILLE   ,FL,32202-4030,Public       ,238,915,1153,11755,26310,38065
00148500,FLORIDA KEYS COMMUNITY COLLEGE          ,FL,33040-4397,Public       ,10,27,37,465,1011,1476
00148600,FLORIDA MEMORIAL UNIVERSITY             ,FL,33054-6199,Private      ,46,43,89,2750,1520,4270
00148700,ECKERD COLLEGE                          ,FL,33711-4744,Private      ,5,22,27,2691,1051,3742
00148800,FLORIDA SOUTHERN COLLEGE                ,FL,33801-5698,Private      ,11,18,29,2765,922,3687
00148900,FLORIDA STATE UNIVERSITY                ,FL,32306-2430,Public       ,610,296,906,34028,17088,51116
00149000,GULF COAST COMMUNITY COLLEGE            ,FL,32401-1058,Public       ,39,151,190,2276,4833,7109
00149300,INDIAN RIVER STATE COLLEGE              ,FL,34981-5596,Public       ,188,498,686,5847,10473,16320
00149500,JACKSONVILLE UNIVERSITY                 ,FL,32211-3394,Private      ,42,131,173,4345,3716,8061
00149700,JONES COLLEGE                           ,FL,32211-5588,Private      ,5,45,50,111,1121,1232
00149900,EVEREST UNIVERSITY                      ,FL,32810-5601,Proprietary  ,42,250,292,736,3806,4542
00149901,EVEREST UNIVERSITY - ORLANDO SOUTH      ,FL,32819-7666,Proprietary  ,132,1228,1360,1810,15930,17740
00149902,EVEREST UNIVERSITY - MELBOURNE          ,FL,32905-6609,Proprietary  ,24,147,171,356,2757,3113
00150000,BROWARD COLLEGE- DOWNTOWN CTR           ,FL,33301-2208,Public       ,180,566,746,6148,11812,17960
00150001,BROWARD COLLEGE - DAVIE CAMPUS          ,FL,33314-0000,Public       ,141,198,339,6685,6951,13636
00150002,BROWARD COLLEGE- NORTH CAMPUS           ,FL,33066-0000,Public       ,76,178,254,3998,5095,9093
00150003,BROWARD COLLEGE- SOUTH CAMPUS           ,FL,33024-0000,Public       ,100,192,292,4432,5352,9784
00150100,LAKE CITY COMMUNITY COLLEGE             ,FL,32025-2007,Public       ,37,118,155,1149,3013,4162
00150200,LAKE SUMTER COMMUNITY COLLEGE           ,FL,34788-8751,Public       ,29,72,101,2067,3178,5245
00150400,MANATEE COMMUNITY COLLEGE               ,FL,34207-3596,Public       ,126,329,455,5489,9288,14777
00150500,LYNN UNIVERSITY                         ,FL,33431-5598,Private      ,7,12,19,1586,777,2363
00150600,MIAMI DADE COLLEGE ADMINISTRATION ONLY  ,FL,33176-3393,Public       ,43,38,81,900,1028,1928
00150601,MIAMI DADE COLLEGE - NORTH CAMPUS       ,FL,33167-3495,Public       ,276,558,834,10858,14665,25523
00150602,MIAMI DADE COLLEGE - KENDALL CAMPUS     ,FL,33176-3393,Public       ,441,477,918,15617,13999,29616
00150603,MIAMI DADE COLLEGE - WOLFSON CAMPUS     ,FL,33132-2297,Public       ,249,376,625,6912,8394,15306
00150604,MIAMI DADE COLLEGE - MEDICAL CAMPUS     ,FL,33127-4693,Public       ,29,123,152,1576,4882,6458
00150605,MIAMI DADE COLLEGE - HOMESTEAD CAMPUS   ,FL,33030-6009,Public       ,70,117,187,1894,2653,4547
00150606,MIAMI DADE COLLEGE -INTERAMERICAN CAMPUS,FL,33135-0000,Public       ,106,239,345,3131,6108,9239
00150607,MIAMI DADE COLLEGE - HIALEAH CAMPUS     ,FL,33012-2918,Public       ,48,91,139,2225,3145,5370
00150800,NORTH FLORIDA COMMUNITY COLLEGE         ,FL,32340-1699,Public       ,10,40,50,521,1027,1548
00150900,NOVA SOUTHEASTERN UNIVERSITY            ,FL,33314-7796,Private      ,36,746,782,5317,34243,39560
00151000,NORTHWEST FLORIDA STATE COLLEGE         ,FL,32578-1295,Public       ,42,167,209,2076,4966,7042
00151200,PALM BEACH COMMUNITY COLLEGE            ,FL,33461-4796,Public       ,267,528,795,12044,15308,27352
00151300,PENSACOLA JR COLLEGE                    ,FL,32504-8998,Public       ,111,286,397,4510,9070,13580
00151400,POLK STATE COLLEGE                      ,FL,33881-4299,Public       ,78,203,281,3897,6676,10573
00151500,ROLLINS COLLEGE                         ,FL,32789-4499,Private      ,13,26,39,2400,1487,3887
00151900,SANTA FE COLLEGE                        ,FL,32606-6200,Public       ,137,342,479,8355,8450,16805
00152000,SEMINOLE COMMUNITY COLLEGE              ,FL,32773-6199,Public       ,187,585,772,7487,13340,20827
00152100,SOUTHEASTERN UNIVERSITY                 ,FL,33801-6099,Private      ,15,23,38,2771,1421,4192
00152200,SOUTH FLORIDA COMMUNITY COLLEGE         ,FL,33825-9399,Public       ,29,70,99,1424,2399,3823
00152300,ST JOHNS RIVER COMMUNITY COLLEGE        ,FL,32177-3897,Public       ,58,161,219,2336,4238,6574
00152600,SAINT LEO UNIVERSITY                    ,FL,33574-6665,Private      ,32,472,504,3280,14112,17392
00152800,ST. PETERSBURG COLLEGE                  ,FL,33760-3768,Public       ,202,684,886,8403,20202,28605
00153100,STETSON UNIVERSITY                      ,FL,32723-3761,Private      ,6,40,46,3039,1047,4086
00153101,STETSON UNIVERSITY - COLLEGE OF LAW     ,FL,33707-3299,Private      ,1,8,9,45,2044,2089
00153300,TALLAHASSEE COMMUNITY COLLEGE           ,FL,32304-2895,Public       ,200,321,521,9100,9446,18546
00153400,EVEREST UNIVERSITY                      ,FL,33614-5801,Proprietary  ,65,306,371,872,6670,7542
00153408,EVEREST UNIVERSITY - TAMPA BRANDON CAMPU,FL,33619-1354,Proprietary  ,163,2312,2475,1519,19231,20750
00153409,EVEREST UNIVERSITY - ORANGE PARK        ,FL,32073-1111,Proprietary  ,38,161,199,467,2344,2811
00153500,UNIVERSITY OF FLORIDA                   ,FL,32611-3150,Public       ,444,252,696,33219,19099,52318
00153600,UNIVERSITY OF MIAMI                     ,FL,33146-6531,Private      ,44,80,124,15582,6038,21620
00153601,UNIV OF MIAMI SCHOOL OF LAW             ,FL,33124-0000,Private      ,0,6,6,83,2064,2147
00153602,UNIV OF MIAMI-SCH OF MEDICINE           ,FL,33136-0000,Private      ,4,8,12,680,1353,2033
00153700,UNIVERSITY OF SOUTH FLORIDA             ,FL,33620-6960,Public       ,516,330,846,31918,24345,56263
00153701,UNIV OF SOUTH FLORIDA-ST PETERSBURG     ,FL,33701-0000,Public       ,8,26,34,789,979,1768
00153702,UNIV OF SOUTH FLORIDA-SARASOTA          ,FL,34243-2025,Public       ,3,13,16,286,803,1089
00153705,UNIV OF SOUTH FLORIDA                   ,FL,33803-0000,Public       ,6,11,17,708,728,1436
00153706,UNIV OF SOUTH FLORIDA- MEDICINE         ,FL,33612-0000,Public       ,9,6,15,942,1203,2145
00153800,UNIVERSITY OF TAMPA                     ,FL,33606-1490,Private      ,29,51,80,7980,2507,10487
00154000,WEBBER INTERNATIONAL UNIVERSITY         ,FL,33827-0096,Private      ,2,6,8,831,271,1102
00173308,NATIONAL-LOUIS UNIVERSITY               ,FL,33609-0000,Private      ,0,0,0,2,64,66
00177201,TRINITY INTERNATIONAL UNIVERSITY - SOUTH,FL,33324-4611,Private      ,1,16,17,48,472,520
00395400,UNIV OF CENTRAL FLORIDA                 ,FL,32816-0001,Public       ,781,409,1190,45177,23047,68224
00395500,UNIVERSITY OF WEST FLORIDA              ,FL,32514-5750,Public       ,51,139,190,6145,6165,12310
00407215,NORTHWOOD UNIVERSITY                    ,FL,33409-0000,Private      ,3,6,9,573,307,880
00491004,KAPLAN CAREER INSTITUTE - KAPLAN COLLEGE,FL,33026-3978,Proprietary  ,25,247,272,35,361,396
00558500,LIVELY TECHNICAL CENTER                 ,FL,32304-0000,Public       ,4,32,36,484,1869,2353
00558501,LIVELY TECHNICAL CENTER - AVIATION SCHOO,FL,32304-8723,Public       ,0,2,2,28,78,106
00558600,LINDSEY HOPKINS TECHNICAL ED CENTER     ,FL,33127-4692,Public       ,16,77,93,305,1302,1607
00559400,D G ERWIN TECHNICAL CENTER              ,FL,33610-8255,Public       ,24,89,113,636,2607,3243
00560500,PINELLAS TECH ED CTR-CLEARWATER         ,FL,33760-2194,Public       ,15,41,56,381,1578,1959
00560700,SARASOTA COUNTY TECHNICAL INSTITUTE     ,FL,34233-0000,Public       ,6,11,17,250,961,1211
00560800,TRAVISS TECHNICAL CENTER                ,FL,33803-0000,Public       ,6,13,19,328,1250,1578
00561200,MANATEE TECHNICAL INSTITUTE             ,FL,34210-0000,Public       ,4,20,24,369,1335,1704
00561201,MANATEE TECHNICAL INSTITUTE-EAST        ,FL,34211-0000,Public       ,0,9,9,214,881,1095
00675000,VALENCIA COMMUNITY COLLEGE              ,FL,32802-3028,Public       ,487,729,1216,24508,24928,49436
00752500,SUWANNEE-HAMILTON AREA VOC TECH CTR     ,FL,32060-0000,Public       ,2,2,4,69,294,363
00752600,WASHINGTON HOLMES TECHNICAL CENTER      ,FL,32428-1699,Public       ,4,9,13,151,642,793
00755800,LEE COUNTY HIGH TECH CENTER CENTRAL     ,FL,33916-2299,Public       ,4,21,25,350,1306,1656
00758600,REMINGTON COLLEGE - TAMPA CAMPUS        ,FL,33612-8410,Proprietary  ,9,81,90,217,851,1068
00758604,REMINGTON COLLEGE-LARGO CAMPUS          ,FL,33771-0000,Proprietary  ,0,0,0,5,76,81
00787000,HILLSBOROUGH COMMUNITY COLLEGE          ,FL,33606-3572,Public       ,220,546,766,13670,20377,34047
00789300,FLAGLER COLLEGE                         ,FL,32085-1027,Private      ,10,8,18,3171,537,3708
00789301,FLAGLER COLLEGE - TALLAHASSEE COMMUNITY ,FL,32304-2895,Private      ,2,5,7,185,468,653
00807500,ST JOHN VIANNEY COLLEGE SEMINARY        ,FL,33165-3244,Private      ,0,0,0,21,16,37
00814600,EVEREST UNIVERSITY - POMPANO BEACH      ,FL,33062-2522,Proprietary  ,40,268,308,605,3774,4379
00822300,ST VINCENT DE PAUL REGIONL SEMINARY     ,FL,33436-0000,Private      ,0,0,0,0,13,13
00841700,STENOTYPE INST OF JACKSONVILLE          ,FL,32207-0000,Proprietary  ,1,4,5,69,516,585
00869410,RASMUSSEN COLLEGE - OCALA               ,FL,34471-7051,Proprietary  ,45,321,366,711,5196,5907
00869411,RASMUSSEN COLLEGE - PASCO COUNTY        ,FL,34690-4554,Proprietary  ,22,51,73,280,1383,1663
00869413,RASMUSSEN COLLEGE - FORT MYERS          ,FL,33905-7805,Proprietary  ,11,42,53,249,954,1203
00884800,WARNER SOUTHERN COLLEGE                 ,FL,33859-8725,Private      ,2,27,29,602,853,1455
00884900,PALM BEACH ATLANTIC UNIVERSITY          ,FL,33401-6505,Private      ,12,47,59,2462,2347,4809
00887800,MIAMI INTERNATIONAL UNIV ART&DESIGN     ,FL,33132-1418,Proprietary  ,44,75,119,3483,3168,6651
00910400,RIVERSIDE HAIRSTYLING ACADEMY           ,FL,32207-3810,Proprietary  ,3,4,7,24,97,121
00963500,FLORIDA INTERNATIONAL UNIVERSITY        ,FL,33199-0001,Public       ,814,452,1266,26622,26224,52846
00984100,UNIVERSITY OF NORTH FLORIDA             ,FL,32224-2645,Public       ,252,161,413,11547,8064,19611
00990200,SHERIDAN TECHNICAL CENTER               ,FL,33021-3399,Public       ,23,86,109,713,2549,3262
01016100,"LORAINE'S ACADEMY, INC                  ",FL,33710-0000,Proprietary  ,4,23,27,59,248,307
01019500,ART INSTITUTE OF FT LAUDERDALE          ,FL,33316-3000,Proprietary  ,26,53,79,2420,2680,5100
01065200,PASCO-HERNANDO COMMUNITY CLG            ,FL,34654-5199,Public       ,96,312,408,4232,8280,12512
01072401,CARLOS ALBIZU UNIVERSITY                ,FL,33172-0000,Private      ,4,35,39,126,1302,1428
01082600,TOM P. HANEY TECHNICAL CENTER           ,FL,32405-5099,Public       ,4,17,21,197,1038,1235
01112700,GOODING INST OF NUR ANES BAY MED CT     ,FL,32401-0000,Public       ,0,0,0,3,82,85
01226300,ATLANTIC TECHNICAL CENTER               ,FL,33063-3902,Public       ,11,36,47,550,1867,2417
01254400,FIRST COAST TECHNICAL COLLEGE           ,FL,32084-1921,Public       ,8,20,28,321,1070,1391
01254401,FIRST COAST TECHNICAL INSTITUTE - PUTNAM,FL,32077-6830,Public       ,0,0,0,0,7,7
01257400,RINGLING SCHOOL OF ART AND DESIGN       ,FL,34234-5895,Private      ,4,1,5,1762,348,2110
01303904,SOUTH UNIVERSITY - WEST PALM BEACH CAMPU,FL,33409-5149,Proprietary  ,16,84,100,380,2012,2392
01323400,LORENZO WALKER INST OF TECHNOLOGY       ,FL,34104-4405,Public       ,2,14,16,288,885,1173
02052002,FLORIDA EDUCATION CENTER - LAUDERHILL   ,FL,33313-5857,Proprietary  ,0,0,0,4,26,30
02089600,CONCORDE CAREER INSTITUTE               ,FL,32211-0000,Proprietary  ,18,152,170,228,1548,1776
02089709,HERZING COLLEGE                         ,FL,32792-5509,Proprietary  ,2,7,9,46,228,274
02113609,AMERICAN INTERCONTINENTAL UNIV - WESTON ,FL,33326-3233,Proprietary  ,0,13,13,521,1252,1773
02115300,PINELLAS TECHNICAL EDUCATION CENTERS - S,FL,33711-0000,Public       ,7,49,56,339,1765,2104
02116006,SANFORD-BROWN INSTITUTE - FT. LAUDERDALE,FL,33309-1906,Proprietary  ,2,6,8,238,1165,1403
02121800,EVEREST INSTITUTE                       ,FL,33169-4759,Proprietary  ,60,232,292,555,1992,2547
02121801,EVEREST INSTITUTE  - HIALEAH            ,FL,33012-7193,Proprietary  ,40,88,128,568,1155,1723
02148200,FASHION FOCUS HAIR ACADEMY              ,FL,34231-0000,Proprietary  ,2,3,5,26,75,101
02148300,MANHATTAN BEAUTY SCHOOL                 ,FL,33611-0000,Proprietary  ,19,101,120,177,852,1029
02149900,PAUL MITCHELL THE SCHOOL-JACKSONVILLE   ,FL,32205-0000,Proprietary  ,5,11,16,181,378,559
02151900,KEISER  UNIVERSITY                      ,FL,33309-0000,Proprietary  ,299,1404,1703,5239,20410,25649
02156300,MARGATE SCHOOL OF BEAUTY                ,FL,33063-0000,Proprietary  ,15,62,77,130,585,715
02156700,FLORIDA CHRISTIAN COLLEGE               ,FL,34744-0000,Private      ,0,2,2,221,197,418
02159600,BAPTIST COLLEGE OF FLORIDA (THE)        ,FL,32440-0000,Private      ,2,2,4,328,304,632
02172700,CONCORDE CAREER INSTITUTE               ,FL,33607-0000,Proprietary  ,11,69,80,186,997,1183
02188900,HOBE SOUND BIBLE COLLEGE                ,FL,33475-0000,Private      ,1,1,2,86,73,159
02200100,BRADENTON BEAUTY & BARBER ACADEMY       ,FL,34209-0000,Proprietary  ,7,20,27,79,292,371
02215900,ATI CAREER TRAINING CENTER              ,FL,33309-1785,Proprietary  ,29,97,126,327,1200,1527
02218700,FLORIDA TECHNICAL COLLEGE               ,FL,32826-2707,Proprietary  ,29,208,237,424,2066,2490
02218707,FLORIDA TECHNICAL COLLEGE - LAKELAND    ,FL,33813-2101,Proprietary  ,7,47,54,82,654,736
02218709,FLORIDA TECHNICAL COLLEGE - DELAND      ,FL,32720-7415,Proprietary  ,1,9,10,30,176,206
02228300,LAKE TECHNICAL CENTER                   ,FL,32726-0000,Public       ,0,11,11,253,994,1247
02245500,FORTIS COLLEGE                          ,FL,32789-4679,Proprietary  ,20,70,90,290,974,1264
02257900,INTERNATIONAL ACADEMY                   ,FL,32119-3541,Proprietary  ,2,22,24,98,314,412
02275100,CONCORDE CAREER INSTITUTE               ,FL,33025-0000,Proprietary  ,13,77,90,177,815,992
02278800,SOUTHWEST FLORIDA COLLEGE               ,FL,33907-0000,Proprietary  ,28,120,148,592,2406,2998
02278801,SOUTHWEST FLORIDA COLLEGE - TAMPA       ,FL,33619-1344,Proprietary  ,16,19,35,339,778,1117
02278802,SOUTHWEST FLORIDA COLLEGE - INSTITUTUE O,FL,33928-9469,Proprietary  ,0,2,2,10,19,29
02278803,SOUTHWEST FLORIDA COLLEGE - PORT CHARLOT,FL,33953-3100,Proprietary  ,4,40,44,72,492,564
02279600,CORTIVA INSTITUTE - FLORIDA             ,FL,33781-0000,Proprietary  ,2,6,8,52,275,327
02280800,NEW ENGLAND INST TECH-PALM BEACH        ,FL,33407-0000,Proprietary  ,61,197,258,985,3109,4094
02283800,BEAUTY SCHOOLS OF AMERICA               ,FL,33012-3322,Proprietary  ,138,516,654,801,3554,4355
02286500,ITT TECHNICAL INSTITUTE                 ,FL,33634-7515,Proprietary  ,74,218,292,1517,4052,5569
02287100,LA BELLE BEAUTY SCHOOL                  ,FL,33012-3224,Proprietary  ,11,57,68,53,413,466
02293200,ATI CAREER TRAINING CENTER              ,FL,33309-5916,Proprietary  ,218,860,1078,1157,4159,5316
02293201,ATI CAREER TRAINING CENTER - MIAMI      ,FL,33122-1707,Proprietary  ,1,5,6,63,166,229
02293202,ATI CAREER TAINING CENTER - ATI COLLEGE ,FL,87109-2016,Proprietary  ,0,1,1,445,1933,2378
02293600,ADVANCED TECHNICAL CENTERS              ,FL,33266-1597,Private      ,0,4,4,11,38,49
02297000,CHARLOTTE TECHNICAL CENTER              ,FL,33948-0000,Public       ,0,7,7,210,755,965
02300900,WITHLACOOCHEE TECHNICAL INSTITUTE       ,FL,34450-0000,Public       ,2,10,12,219,844,1063
02305700,FORTIS COLLEGE                          ,FL,33619-1283,Proprietary  ,4,8,12,115,489,604
02305800,FLORIDA CAREER COLLEGE                  ,FL,33012-7028,Proprietary  ,312,996,1308,2711,7702,10413
02307400,GEORGE STONE AREA VOCATIONAL TECHNICAL  ,FL,32526-0000,Public       ,7,30,37,252,1228,1480
02314100,SCHILLER INTERNATIONAL UNIVERSITY       ,FL,33770-0000,Proprietary  ,2,37,39,91,213,304
02316200,MIAMI LAKES TECHNICAL EDUCATION CTR     ,FL,33014-0000,Public       ,59,79,138,475,1176,1651
02321200,ORANGE TECH EDUC CTR- WESTSIDE TECH     ,FL,34787-0000,Public       ,9,29,38,301,901,1202
02325100,KEY COLLEGE                             ,FL,33004-3046,Proprietary  ,3,9,12,26,119,145
02326303,MEDVANCE INSTITUTE - WEST PALM          ,FL,33461-2171,Proprietary  ,47,132,179,400,1316,1716
02326306,MEDVANCE INSTITUTE - MIAMI              ,FL,33173-3431,Proprietary  ,2,12,14,174,599,773
02326800,MERIDIAN CAREER INSTITUTE               ,FL,34240-8478,Proprietary  ,9,39,48,47,438,485
02326801,MERIDIAN CAREER INSTITUTE -             ,FL,33619-1378,Proprietary  ,2,10,12,2,10,12
02326900,SUNSTATE ACADEMY OF HAIR DESIGN         ,FL,33907-1415,Proprietary  ,17,30,47,192,385,577
02329900,FLORIDA INSTITUTE OF ULTRASOUND         ,FL,32514-0000,Proprietary  ,1,5,6,52,220,272
02338400,FT PIERCE BEAUTY ACADEMY                ,FL,34982-0000,Proprietary  ,12,59,71,109,449,558
02341001,FORTIS COLLEGE - DBA FORTIS INSTITUTE   ,FL,32504-7322,Proprietary  ,1,6,7,30,163,193
02346200,WYOTECH                                 ,FL,32174-1010,Proprietary  ,41,81,122,732,1389,2121
02362100,FULL SAIL UNIVERSITY                    ,FL,32792-0000,Proprietary  ,141,367,508,9274,11854,21128
02499000,ACADEMY OF COSMETOLOGY                  ,FL,32953-3311,Proprietary  ,3,8,11,51,224,275
02501500,"O*TEC, MID-FLORIDA TECH                 ",FL,32809-0000,Public       ,29,70,99,427,1291,1718
02504600,WINTER PARK TECH                        ,FL,32789-0000,Public       ,4,15,19,149,975,1124
02508900,TALMUDIC COLLEGE OF FLORIDA             ,FL,33139-0000,Private      ,0,2,2,29,15,44
02511700,RIDGE TECHNICAL CENTER                  ,FL,33881-0000,Public       ,2,11,13,273,1042,1315
02513200,ORLANDO TECHNICAL CENTER                ,FL,32801-0000,Public       ,11,17,28,381,1525,1906
02515400,CITY COLLEGE                            ,FL,33309-3073,Private      ,39,110,149,584,2271,2855
02517100,SARASOTA SCHOOL OF MASSAGE THERAPY      ,FL,34243-6130,Proprietary  ,1,1,2,20,174,194
02524000,SUNSTATE ACADEMY OF HAIR DESIGN         ,FL,34624-0000,Proprietary  ,7,14,21,125,252,377
02524200,ROBERT MORGAN EDUCATIONAL CENTER        ,FL,33177-0000,Public       ,42,72,114,537,1311,1848
02547600,FLORIDA NATIONAL COLLEGE                ,FL,33012-0000,Proprietary  ,64,234,298,1144,3615,4759
02554200,RADFORD LOCKLIN TECH CENTER             ,FL,32570-0000,Public       ,0,3,3,41,227,268
02573200,LA BELLE BEAUTY ACADEMY                 ,FL,33135-0000,Proprietary  ,4,47,51,71,388,459
02586200,FLORIDA CAREER COLLEGE                  ,FL,33759-3924,Proprietary  ,18,76,94,175,751,926
02586201,FLORIDA CAREER COLLEGE -                ,FL,33569-2553,Proprietary  ,0,2,2,4,45,49
02597100,HERITAGE INSTITUTE                      ,FL,33912-7132,Proprietary  ,7,30,37,375,1727,2102
02598200,SOUTHERN CAREER COLLEGE                 ,FL,32211-5123,Proprietary  ,2,26,28,117,630,747
02599800,EVEREST UNIVERSITY                      ,FL,33770-2556,Proprietary  ,18,117,135,368,2007,2375
02599801,EVEREST UNIVERSITY - TAMPA LAKELAND CAMP,FL,33801-3801,Proprietary  ,55,186,241,358,2043,2401
02599805,EVEREST UNIVERSITY - JACKSONVILLE       ,FL,32256-0000,Proprietary  ,25,158,183,457,2393,2850
02601600,HENRY W BREWSTER TECHNICAL CENTER       ,FL,33602-0000,Public       ,8,43,51,148,845,993
02612700,DARLYNE MCGEE'S ACAD OF COSMETOLOGY     ,FL,32905-2805,Proprietary  ,2,8,10,29,147,176
02616400,SANFORD-BROWN INSTITUTE                 ,FL,32256-3520,Proprietary  ,13,39,52,620,3401,4021
02616401,SANFORD-BROWN INSTITUTE - TAMPA         ,FL,33610-8304,Proprietary  ,9,31,40,322,1838,2160
03003200,EVEREST INSTITUTE                       ,FL,33186-1410,Proprietary  ,79,135,214,574,1285,1859
03003201,EVEREST INSTITUTE - FT. LAUDERDALE      ,FL,33304-2522,Proprietary  ,21,89,110,229,843,1072
03003600,MCFATTER TECHNICAL CENTER               ,FL,33317-7499,Public       ,13,61,74,441,1416,1857
03006801,PENNSYLVANIA CULINARY INSTITUTE - LE COR,FL,33025-3929,Proprietary  ,2,10,12,467,1458,1925
03008600,FLORIDA COLLEGE OF NATURAL HEALTH       ,FL,33064-1342,Proprietary  ,9,79,88,372,1538,1910
03010608,VIRGINIA COLLEGE - PENSACOLA            ,FL,32501-5650,Proprietary  ,17,43,60,115,940,1055
03010612,VIRGINIA COLLEGE - GOLF ACADEMY OF AMERI,FL,32701-0000,Proprietary  ,3,12,15,154,308,462
03010618,VIRGINIA COLLEGE - JACKSONVILLE         ,FL,32207-5167,Proprietary  ,3,17,20,11,38,49
03012300,ASM BEAUTY WORLD ACADEMY                ,FL,33021-0000,Proprietary  ,0,16,16,22,146,168
03018500,BENE'S INTERNATIONAL SCHOOL OF BEAUTY   ,FL,34652-1637,Proprietary  ,14,26,40,128,351,479
03028200,TRINITY COLLEGE OF FLORIDA              ,FL,34655-4401,Private      ,0,0,0,155,158,313
03031400,INTERNATIONAL ACAD OF DESIGN & TECH     ,FL,33634-6313,Proprietary  ,60,276,336,2416,5895,8311
03031402,INTERNATIONAL ACADEMY OF DESIGN AND TECH,FL,32809-4613,Proprietary  ,12,24,36,824,962,1786
03031403,IADT - ORLANDO CULINARY ACADEMY         ,FL,32819-0000,Proprietary  ,2,5,7,430,544,974
03035800,HERITAGE INSTITUTE                      ,FL,32216-0948,Proprietary  ,18,72,90,124,769,893
03035900,NATIONAL AVIATION ACADEMY               ,FL,33760-3931,Proprietary  ,18,54,72,245,650,895
03037500,HODGES UNIVERSITY                       ,FL,34119-7932,Private      ,40,318,358,638,4187,4825
03054200,FORTIS COLLEGE                          ,FL,33144-2373,Proprietary  ,36,57,93,578,744,1322
03071600,COLLEGE OF BUSINESS & TECHNOLOGY        ,FL,33176-0000,Proprietary  ,8,95,103,205,1726,1931
03071601,COLLEGE OF BUSINESS & TECHNOLOGY -      ,FL,33144-2072,Proprietary  ,0,1,1,18,64,82
03071602,COLLEGE OF BUSINESS & TECHNOLOGY -      ,FL,33012-3436,Proprietary  ,1,0,1,8,10,18
03076402,BRYMAN SCHOOL OF ARIZONA (THE) - ANTHEM ,FL,32803-3509,Proprietary  ,6,9,15,75,273,348
03079800,GEORGE T BAKER AVIATION                 ,FL,33142-5687,Public       ,6,14,20,268,370,638
03079900,CITY COLLEGE                            ,FL,32707-5342,Private      ,4,27,31,73,546,619
03083702,GALEN HEALTH INSTITUTES - FLORIDA CAMPUS,FL,33702-2455,Proprietary  ,0,0,0,1,16,17
03087600,ITT TECHNICAL INSTITUTE                 ,FL,32746-1607,Proprietary  ,57,121,178,1537,4018,5555
03089200,NOUVELLE INSTITUTE                      ,FL,33125-4141,Proprietary  ,10,69,79,60,613,673
03096300,FORTIS INSTITUTE                        ,FL,33860-0000,Proprietary  ,8,29,37,59,335,394
03099600,MERCY HOSPITAL SCHOOL OF PRACTICAL NSG  ,FL,33133-4237,Private      ,3,9,12,72,219,291
03100800,TAYLOR TECHNICAL INSTITUTE              ,FL,32348-0894,Public       ,2,7,9,92,282,374
03101900,TRINITY BAPTIST COLLEGE                 ,FL,32221-1398,Private      ,0,1,1,213,144,357
03103900,MARION COUNTY COMMUNITY TECH & ADUL     ,FL,34474-3172,Public       ,4,17,21,268,1026,1294
03108500,EVERGLADES UNIVERSITY                   ,FL,33431-0000,Private      ,11,58,69,191,1781,1972
03108600,COM-PU-MED VOCATIONAL CAREERS           ,FL,33012-4861,Proprietary  ,6,94,100,87,750,837
03113400,ACADEMY OF HEALING ARTS                 ,FL,33463-2113,Proprietary  ,2,13,15,29,169,198
03114700,PRAXIS INSTITUTE                        ,FL,33135-2657,Proprietary  ,19,89,108,105,776,881
03115500,FLORIDA HOSPITAL COLG OF HEALTH SCI     ,FL,32803-1237,Private      ,14,53,67,971,2845,3816
03123900,KEISER CAREER INSTITUTE                 ,FL,33413-0000,Proprietary  ,31,145,176,622,2201,2823
03125600,MIAMI AD SCHOOL                         ,FL,33139-5203,Proprietary  ,1,3,4,71,369,440
03127900,TECHNICAL EDUCATION CTR OSCEOLA         ,FL,34744-4459,Public       ,7,17,24,315,1052,1367
03139600,DELTA CONNECTION ACADEMY                ,FL,32773-9683,Proprietary  ,0,0,0,49,94,143
03158300,LEE COUNTY HIGH TECH CENTER NORTH       ,FL,33993-2479,Public       ,0,13,13,137,671,808
03171300,UNIVERSITY OF ST. AUGUSTINE FOR HEALTH S,FL,32084-4215,Proprietary  ,1,32,33,25,1053,1078
03178400,CORAL RIDGE NURSES ASST TRAINING        ,FL,33306-0000,Proprietary  ,0,14,14,1,70,71
03224300,NEW PROFESSIONS TECHNICAL INSTITUTE     ,FL,33134-1640,Proprietary  ,13,111,124,103,1015,1118
03230300,OKALOOSA APPLIED TECHNOLOGY CENTER      ,FL,32547-1299,Public       ,4,9,13,112,651,763
03238300,FLORIDA COLLEGE OF INTEGRATIVE MED      ,FL,32809-5721,Proprietary  ,0,4,4,32,239,271
03255300,FLORIDA GULF COAST UNIVERSITY           ,FL,33965-6565,Public       ,111,78,189,9006,4184,13190
03256300,YESHIVA GEDOLAH RABBINICAL COLLEGE      ,FL,33139-4708,Private      ,2,0,2,43,3,46
03264300,SOUTH FLORIDA BIBLE COLLEGE AND THEOLOGI,FL,33441-5768,Private      ,0,4,4,17,81,98
03346300,ACAD FOR PRAC NURSING & HEALTH OCCP     ,FL,33417-4574,Private      ,17,61,78,146,783,929
03348400,PROFESSIONAL TRAINING CENTERS           ,FL,33184-0000,Proprietary  ,6,38,44,138,799,937
03370300,AUDIO RECORDING TECHNOLOGY INSTITUTE    ,FL,32811-0000,Proprietary  ,0,0,0,82,144,226
03373300,BEACON COLLEGE                          ,FL,34748-5224,Private      ,1,0,1,91,43,134
03374300,FLORIDA COASTAL SCHOOL OF LAW           ,FL,32256-0000,Proprietary  ,0,10,10,16,3200,3216
03382300,BRADFORD-UNION AREA CAREERTECHNICAL CENT,FL,32091-2434,Public       ,0,6,6,51,259,310
03390300,LINCOLN TECHNICAL INSTITUTE             ,FL,32730-2351,Proprietary  ,9,105,114,172,1008,1180
03411400,INTERNATIONAL TRAINING CAREERS          ,FL,33155-1462,Private      ,2,21,23,42,442,484
03414500,ACUPUNCTURE AND MASSAGE COLLEGE         ,FL,33176-1509,Proprietary  ,1,20,21,19,215,234
03425400,CENTRAL FLORIDA INSTITUTE               ,FL,34684-4436,Proprietary  ,6,23,29,237,1079,1316
03429600,ATLANTIC INST OF ORIENTAL MEDICINE      ,FL,33316-0000,Private      ,0,5,5,1,141,142
03429700,EAST WEST COLLG OF NATURAL MEDICINE     ,FL,34236-4959,Proprietary  ,0,2,2,4,163,167
03433400,NEW CONCEPT MASSAGE AND BEAUTY SCHO     ,FL,33135-0000,Proprietary  ,0,13,13,10,119,129
03434300,FORTIS COLLEGE                          ,FL,32073-2999,Proprietary  ,18,63,81,252,1001,1253
03459400,SAINT PETERSBURG THEOLOGICAL SEMINA     ,FL,33708-3116,Private      ,0,2,2,7,57,64
03480301,MEDVANCE INSTITUTE - FORT LAUDERDALE    ,FL,33313-7261,Proprietary  ,18,69,87,176,933,1109
03480302,MEDVANCE INSTITUTE - STUART             ,FL,34994-3000,Proprietary  ,4,32,36,65,453,518
03491400,AMERICAN ADVANCED TECHNICIANS INST      ,FL,33014-4430,Proprietary  ,10,74,84,39,206,245
03549300,ULTIMATE MEDICAL ACADEMY                ,FL,33756-5802,Proprietary  ,83,817,900,662,4968,5630
03553300,KEISER CAREER COLLEGE                   ,FL,32216-0000,Proprietary  ,10,36,46,172,637,809
03557300,NORTH FLORIDA COSMETOLOGY INSTITUTE     ,FL,32312-0000,Proprietary  ,3,16,19,62,284,346
03564300,SUPERIOR CAREER INSTITUTE               ,FL,33311-1141,Proprietary  ,18,110,128,42,314,356
03570400,ENGLISH CENTER (THE)                    ,FL,33133-2703,Public       ,5,41,46,16,217,233
03595400,ANGLEY COLLEGE                          ,FL,32720-4257,Proprietary  ,1,16,17,166,998,1164
03611400,FLORIDA BARBER ACADEMY                  ,FL,33441-0000,Proprietary  ,14,97,111,76,402,478
03618300,FLORIDA INSTITUTE OF ANIMAL ARTS        ,FL,32792-1740,Proprietary  ,8,20,28,135,292,427
03627400,JACKSONVILLE BEAUTY INSTITUTE           ,FL,32208-1885,Proprietary  ,5,31,36,61,319,380
03627600,FLORIDA EDUCATION INSTITUTE             ,FL,33144-5036,Proprietary  ,13,65,78,83,514,597
03661400,SOUTH FLORIDA INSTITUTE OF TECHNOLO     ,FL,33135-0000,Proprietary  ,8,122,130,106,1142,1248
03691400,AVE MARIA SCHOOL OF LAW                 ,FL,34119-1376,Private      ,0,1,1,6,666,672
03696400,SABER                                   ,FL,33134-1604,Private      ,2,24,26,40,615,655
03706300,AMERICAN INSTITUTE                      ,FL,33319-5613,Proprietary  ,20,91,111,229,948,1177
03757300,ADVANCE SCIENCE INSTITUTE               ,FL,33012-0000,Proprietary  ,2,21,23,26,231,257
03801400,BEAUTY INSTITUTE (THE)                  ,FL,33409-2972,Proprietary  ,4,23,27,42,197,239
03801401,BEAUTY INSTITUTE (THE) - MARGATE        ,FL,33068-5704,Proprietary  ,0,0,0,7,15,22
03816300,ARTISTIC NAILS & BEAUTY ACADEMY         ,FL,33605-5919,Proprietary  ,5,32,37,101,350,451
03823300,FLORIDA ACADEMY OF HEALTH & BEAUTY      ,FL,33311-0000,Proprietary  ,2,21,23,7,92,99
03832300,DADE MEDICAL COLLEGE                    ,FL,33126-5534,Proprietary  ,50,176,226,405,1340,1745
03842500,CAMBRIDGE INSTITUTE OF ALLIED HEALTH    ,FL,32750-0000,Proprietary  ,2,11,13,34,262,296
03856300,UNIVERSAL BEAUTY SCHOOL                 ,FL,33174-4406,Proprietary  ,4,10,14,25,121,146
03856500,FLORIDA SCHOOL OF TRADITIONAL MIDWIFERY ,FL,32601-5507,Private      ,0,0,0,2,22,24
03866300,GALIANO CAREER ACADEMY                  ,FL,32701-5039,Proprietary  ,2,15,17,106,536,642
03875300,MCI INSTITUTE OF TECHNOLOGY             ,FL,33409-4937,Proprietary  ,9,37,46,81,540,621
03888300,DRAGON RISES COLLEGE OF ORIENTAL MEDICIN,FL,32601-5089,Proprietary  ,0,0,0,4,59,63
03903500,SOUTHERN TECHNICAL COLLEGE              ,FL,32809-0000,Proprietary  ,11,151,162,221,1542,1763
03906300,CAREER INSTITUTE OF FLORIDA             ,FL,33773-3434,Proprietary  ,6,36,42,40,452,492
03911300,TOTAL INTERNATIONAL CAREER INSTITUTE    ,FL,33012-0000,Proprietary  ,2,26,28,12,195,207
03939300,WOLFORD COLLEGE                         ,FL,34108-1931,Private      ,0,2,2,10,329,339
03939400,CENTURA INSTITUTE                       ,FL,32807-3566,Proprietary  ,7,41,48,75,442,517
03939600,DAYTONA COLLEGE                         ,FL,32174-8445,Proprietary  ,4,41,45,62,208,270
03941300,AVE MARIA UNIVERSITY                    ,FL,34142-9505,Private      ,3,1,4,782,314,1096
03957400,NEW COLLEGE OF FLORIDA                  ,FL,34243-2109,Public       ,6,2,8,1508,181,1689
03985300,COMMERCIAL DIVING ACADEMY               ,FL,32208-0000,Proprietary  ,4,14,18,225,823,1048
03986300,AVIATOR COLLEGE OF AERONAUTICAL SCIENCE ,FL,34946-9022,Proprietary  ,0,2,2,19,78,97
04016500,AMERICAN INSTITUTE OF BEAUTY            ,FL,33773-0000,Proprietary  ,11,26,37,71,250,321
04029300,TRENDSETTERS OF FLORIDA SCHOOL OF BEAUTY,FL,32205-0000,Proprietary  ,1,4,5,24,99,123
04058300,HEALTH OPPORTUNITY TECHNICAL CENTER     ,FL,33169-4517,Proprietary  ,0,17,17,14,281,295
04083400,INSTITUTE OF ALLIED MEDICAL PROFESSIONS ,FL,33484-6543,Proprietary  ,5,20,25,47,268,315
04105400,PENSACOLA SCHOOL OF MASSAGE THERAPY & HE,FL,32504-7337,Proprietary  ,3,17,20,41,240,281
04106300,PALM BEACH ACADEMY OF HEALTH & BEAUTY   ,FL,33403-2130,Proprietary  ,3,3,6,56,160,216
04116600,TAYLOR COLLEGE                          ,FL,34420-8714,Proprietary  ,0,6,6,39,308,347
04119400,AVEDA INSTITUTE - SAINT PETERSBURG      ,FL,33701-4242,Proprietary  ,13,43,56,496,791,1287
04120400,HI-TECH SCHOOL OF COSMETOLOGY           ,FL,33174-0000,Proprietary  ,3,5,8,92,154,246
04120500,ACADEMY OF PROFESSIONAL CAREERS         ,FL,32792-4433,Proprietary  ,0,0,0,4,9,13
04126900,ACADEMY OF CAREER TRAINING              ,FL,34741-4644,Proprietary  ,14,22,36,130,326,456
04127400,DIGITAL MEDIA ARTS COLLEGE              ,FL,33431-5919,Proprietary  ,4,6,10,293,227,520
04128400,MANAGEMENT RESOURCES INSTITUTE          ,FL,33126-5473,Proprietary  ,3,121,124,17,638,655
04129300,INTERNATIONAL B NATURALE BEAUTY SCHOOL  ,FL,33311-1152,Proprietary  ,0,4,4,2,20,22
04129900,FLORIDA SCHOOL OF MASSAGE               ,FL,32608-5419,Proprietary  ,9,22,31,112,267,379
04130400,SHEAR EXCELLENCE INTERNATIONAL HAIR ACAD,FL,33614-2783,Private      ,6,15,21,49,135,184
04131900,FASTTRAIN OF MIAMI                      ,FL,33134-1065,Proprietary  ,2,30,32,54,380,434
04132000,FASTTRAIN OF FORT LAUDERDALE            ,FL,33311-1506,Proprietary  ,6,25,31,27,260,287
04132100,FASTTRAIN OF TAMPA                      ,FL,33607-4153,Proprietary  ,5,23,28,36,272,308
04132200,FASTTRAIN OF JACKSONVILLE               ,FL,32256-4849,Proprietary  ,2,38,40,29,298,327
04133500,ACADEMY FOR FIVE ELEMENT ACUPUNCTURE    ,FL,32601-6811,Private      ,0,0,0,5,100,105
04134800,AVEDA INSTITUTE - TALLAHASSEE           ,FL,32304-3186,Proprietary  ,4,3,7,113,150,263
04134900,ORANGE PARK BEAUTY ACADEMY              ,FL,32073-5524,Proprietary  ,2,11,13,25,101,126
04135000,COZMO THE SCHOOL                        ,FL,34135-4810,Proprietary  ,6,5,11,52,146,198
04135900,ALLIED HEALTH INSTITUTE                 ,FL,33309-1900,Proprietary  ,6,59,65,39,751,790
04140800,NORTH FLORIDA ACADEMY                   ,FL,32065-7758,Proprietary  ,1,2,3,43,69,112
04143100,PROFESSIONAL HANDS INSTITUTE            ,FL,33135-1939,Proprietary  ,7,57,64,34,349,383
04145900,CELEBRITY SCHOOL OF BEAUTY              ,FL,33144-4153,Proprietary  ,3,44,47,32,241,273
04146200,WALTON CAREER DEVELOPMENT CENTER        ,FL,32433-1557,Public       ,0,2,2,10,26,36
04146300,MARCHMAN TECHNICAL EDUCATION CENTER     ,FL,34653-1211,Public       ,1,0,1,1,0,1
04147800,ROSE TRAINING INSTITUTE                 ,FL,33881-4094,Proprietary  ,1,4,5,9,118,127
04148500,MEDICAL INSTITUTE OF PALM BEACH         ,FL,33460-5042,Proprietary  ,7,30,37,38,247,285
04150800,IMMOKALEE TECHNICAL CENTER              ,FL,34142-3146,Public       ,1,5,6,19,31,50
04151500,AMERICAN ACADEMY OF COSMETOLOGY         ,FL,32065-8026,Proprietary  ,4,19,23,5,22,27
04156300,UNIVERSITY OF FORT LAUDERDALE           ,FL,33313-5809,Private      ,0,5,5,0,42,42
04156400,AVIATION INSTITUTE OF MAINTENANCE       ,FL,32803-6487,Proprietary  ,26,100,126,27,100,127
04157100,DELTA CONNECTION ACADEMY                ,FL,32725-9683,Proprietary  ,0,0,0,6,36,42
04162500,HOLLYWOOD INSTITUTE OF BEAUTY CAREERS   ,FL,33020-4807,Proprietary  ,7,48,55,23,193,216
04163000,SALON PROFESSIONAL ACADEMY (THE)        ,FL,33624-6321,Proprietary  ,12,25,37,19,41,60
04163100,SALON PROFESSIONAL ACADEMY (THE)        ,FL,32607-1672,Proprietary  ,5,8,13,6,23,29
04163200,SALON PROFESSIONAL ACADEMY (THE)        ,FL,32162-9311,Proprietary  ,7,26,33,21,57,78
00160500,CHAMINADE UNIV OF HONOLULU              ,HI,96816-1578,Private      ,9,21,30,1571,1661,3232
00160600,BRIGHAM YOUNG UNIV-HAWAII CAMPUS        ,HI,96762-1294,Private      ,18,25,43,1272,807,2079
00161000,UNIVERSITY OF HAWAII AT MANOA           ,HI,96822-2399,Public       ,26,55,81,11002,8497,19499
00161100,UNIVERSITY OF HAWAII AT HILO            ,HI,96720-4091,Public       ,6,13,19,3152,2415,5567
00161200,HONOLULU COMMUNITY COLLEGE              ,HI,96817-4598,Public       ,9,32,41,1618,1990,3608
00161300,KAPIOLANI COMMUNITY COLLEGE             ,HI,96816-4421,Public       ,27,57,84,2618,3016,5634
00161400,KAUAI COMMUNITY COLLEGE                 ,HI,96766-9591,Public       ,8,10,18,404,639,1043
00161500,UNIVERSITY OF HAWAII MAUI COLLEGE       ,HI,96732-1644,Public       ,8,19,27,1441,2729,4170
00454900,LEEWARD COMMUNITY COLLEGE               ,HI,96782-3393,Public       ,22,63,85,2121,2683,4804
00525800,HAWAII COMMUNITY COLLEGE                ,HI,96720-4075,Public       ,5,18,23,1463,2193,3656
00723401,HEALD COLLEGE - HONOLULU                ,HI,96814-0000,Proprietary  ,68,157,225,1033,1837,2870
00727900,HAWAII PACIFIC UNIVERSITY               ,HI,96813-2882,Private      ,15,67,82,4047,3510,7557
01122000,WINDWARD COMMUNITY COLLEGE              ,HI,96744-0000,Public       ,8,22,30,789,1160,1949
02100300,MED-ASSIST SCHOOL OF HAWAII             ,HI,96813-0000,Proprietary  ,2,11,13,62,203,265
02107800,UNIVERSITY OF HAWAII - WEST OAHU        ,HI,96782-0000,Public       ,1,9,10,669,1067,1736
02139500,HAWAII INSTITUTE OF HAIR DESIGN         ,HI,96817-5195,Proprietary  ,2,12,14,52,174,226
03017800,TRAVEL INSTITUTE OF THE PACIFIC         ,HI,96814-1946,Proprietary  ,3,27,30,58,230,288
03020800,NEW YORK TECHNICAL INST OF HAWAII       ,HI,96817-4415,Proprietary  ,0,0,0,1,3,4
03072500,WORLD MEDICINE INSTITUTE                ,HI,96826-0000,Private      ,0,1,1,17,78,95
03649300,HAWAII TECHNOLOGY INSTITUTE             ,HI,96813-3036,Private      ,0,1,1,28,83,111
03735300,INST OF CLINICAL ACUPUNCTURE & ORIENT MD,HI,96813-2307,Proprietary  ,0,0,0,2,48,50
03999400,TRADITIONAL CHINESE MEDICAL COLLEGE OF H,HI,96743-8324,Private      ,0,0,0,2,56,58
04154100,PACIFIC RIM BIBLE COLLEGE               ,HI,96819-2228,Private      ,1,2,3,6,26,32
00161600,BOISE STATE UNIVERSITY                  ,ID,83725-1000,Public       ,71,208,279,10465,12643,23108
00161700,"COLLEGE OF IDAHO, THE                   ",ID,83605-4432,Private      ,2,5,7,1282,336,1618
00161900,COLLEGE OF SOUTHERN IDAHO               ,ID,83301-0000,Public       ,28,137,165,3412,5324,8736
00161908,COLLEGE OF WESTERN IDAHO                ,ID,83687-1515,Public       ,38,210,248,1200,3354,4554
00162000,IDAHO STATE UNIVERSITY                  ,ID,83209-5377,Public       ,34,145,179,5093,9899,14992
00162100,LEWIS-CLARK STATE COLLEGE               ,ID,83501-2698,Public       ,9,27,36,2215,2357,4572
00162300,NORTH IDAHO COLLEGE                     ,ID,83814-2199,Public       ,17,97,114,2741,4071,6812
00162400,NORTHWEST NAZARENE UNIVERSITY           ,ID,83686-5897,Private      ,2,43,45,1586,1291,2877
00162500,BRIGHAM YOUNG UNIVERSITY-IDAHO          ,ID,83460-1650,Private      ,214,291,505,9564,7887,17451
00162600,UNIVERSITY OF IDAHO                     ,ID,83844-4291,Public       ,13,77,90,8656,4518,13174
00455300,ITT TECHNICAL INSTITUTE                 ,ID,83713-1529,Proprietary  ,38,96,134,998,2854,3852
00458304,BROWN MACKIE COLLEGE-SOUTH BEND - BROWN ,ID,83709-2746,Proprietary  ,15,79,94,187,1014,1201
00987300,MR JUAN'S CLG OF HAIR DESIGN            ,ID,83301-4154,Proprietary  ,3,5,8,25,64,89
01113300,EASTERN IDAHO TECHNICAL COLLEGE         ,ID,83404-5788,Public       ,2,19,21,339,1389,1728
02210700,CAREER BEAUTY COLLEGE                   ,ID,83440-0000,Proprietary  ,0,0,0,9,13,22
02218000,APOLLO COLLEGE                          ,ID,83704-0000,Proprietary  ,10,77,87,319,1538,1857
02234500,BOISE BIBLE COLLEGE                     ,ID,83714-1220,Private      ,1,1,2,143,95,238
02275800,MR LEONS SCHOOL OF HAIR DESIGN          ,ID,83843-8384,Proprietary  ,7,7,14,50,78,128
02275801,MR. LEON'S SCHOOL OF HAIR DESIGN        ,ID,83501-1910,Proprietary  ,0,5,5,3,23,26
02314000,SCHOOL OF HAIRSTYLING (THE)             ,ID,83202-0000,Proprietary  ,0,1,1,45,79,124
02319800,HEADMASTERS SCHOOL OF HAIR DESIGN       ,ID,83814-0000,Proprietary  ,8,10,18,161,244,405
02349200,HEADMASTERS SCHOOL OF HAIR DESIGN       ,ID,83501-0000,Proprietary  ,2,10,12,40,83,123
02559500,RAZZLE DAZZLE CLG OF HAIR DESIGN        ,ID,83686-5104,Proprietary  ,2,8,10,52,154,206
02607100,SCOT LEWIS SCHOOLS                      ,ID,83709-1662,Proprietary  ,4,3,7,141,217,358
03098700,ACADEMY OF COURT REPORTING              ,ID,83704-8320,Proprietary  ,18,90,108,326,1377,1703
03832400,COSMETOLOGY SCHOOL OF ARTS & SCIENCES   ,ID,83318-1327,Proprietary  ,0,3,3,13,74,87
04134300,EVANS HAIRSTYLING COLLEGE               ,ID,83440-5277,Proprietary  ,5,5,10,66,39,105
04144500,HAIR ACDMY PAUL MITCHELL PARTNER SCHOOL ,ID,83440-2600,Proprietary  ,3,6,9,87,120,207
04150600,D & L ACADEMY OF HAIR DESIGN            ,ID,83301-6229,Proprietary  ,3,0,3,5,8,13
04155200,OLIVER FINLEY ACADEMY OF COSMETOLOGY    ,ID,83704-8011,Proprietary  ,5,9,14,51,121,172
04163800,MASTER EDUCATORS BEAUTY SCHOOL          ,ID,83301-4118,Proprietary  ,3,4,7,8,22,30
00163200,AQUINAS INSTITUTE OF THEOLOGY           ,MO,63108-3323,Private      ,0,0,0,3,72,75
00244900,AVILA COLLEGE                           ,MO,64145-1698,Private      ,5,27,32,953,1537,2490
00245000,CALVARY BIBLE COLLEGE                   ,MO,64147-1341,Private      ,2,6,8,159,196,355
00245200,CENTRAL BIBLE COLLEGE                   ,MO,65803-1096,Private      ,1,3,4,554,325,879
00245300,CENTRAL METHODIST UNIVERSITY            ,MO,65248-1198,Private      ,2,19,21,1406,847,2253
00245301,CENTRAL METHODIST UNIVERSITY            ,MO,63601-0000,Private      ,2,3,5,67,239,306
00245302,CENTRAL METHODIST UNIVERSITY- UNION     ,MO,63084-0000,Private      ,0,2,2,31,54,85
00245400,UNIVERSITY OF CENTRAL MISSOURI          ,MO,64093-5178,Public       ,20,110,130,7354,4777,12131
00245500,DEVRY INSTITUTE OF TECHNOLOGY           ,MO,64131-3626,Proprietary  ,1,6,7,6,31,37
00245600,COLUMBIA COLLEGE                        ,MO,65216-4581,Private      ,34,591,625,2955,17538,20493
00245700,CONCORDIA SEMINARY                      ,MO,63105-3199,Private      ,0,12,12,3,515,518
00245800,COTTEY COLLEGE                          ,MO,64772-2790,Private      ,0,2,2,321,44,365
00245900,CROWDER COLLEGE                         ,MO,64850-9165,Public       ,65,145,210,2023,3175,5198
00246000,CULVER STOCKTON COLLEGE                 ,MO,63435-1299,Private      ,2,0,2,1024,185,1209
00246100,DRURY UNIVERSITY                        ,MO,65802-3791,Private      ,16,124,140,2449,4308,6757
00246200,EDEN THEOLOGICAL SEMINARY               ,MO,63119-0000,Private      ,0,2,2,7,111,118
00246300,EVANGEL UNIVERSITY                      ,MO,65802-2125,Private      ,4,21,25,1980,871,2851
00246400,FONTBONNE UNIVERSITY                    ,MO,63105-3098,Private      ,1,34,35,1216,3028,4244
00246600,HARRIS-STOWE STATE COLLEGE              ,MO,63103-2199,Public       ,10,13,23,1621,2061,3682
00246700,CONCEPTION SEMINARY COLLEGE             ,MO,64433-0502,Private      ,0,0,0,66,21,87
00246800,JEFFERSON COLLEGE                       ,MO,63050-2441,Public       ,61,153,214,2758,3493,6251
00247100,ST LOUIS COMMUNITY COLLEGE              ,MO,63102-0000,Public       ,193,687,880,10321,18862,29183
00247300,KANSAS CITY ART INSTITUTE               ,MO,64111-1874,Private      ,0,1,1,1002,278,1280
00247400,KANSAS CITY UNIV OF MED AND BIOSCIENCES ,MO,64106-0000,Private      ,0,1,1,9,24,33
00247400,KANSAS CITY UNIV OF MED & BIOSCIENCES   ,MO,64106-0000,Private      ,0,0,0,19,1079,1098
00247600,KENRICK-GLENNON SEMINARY                ,MO,63119-0000,Private      ,0,0,0,8,6,14
00247700,A.T. STILL UNIV OF HEALTH SCIENCES      ,MO,63501-0000,Private      ,1,50,51,12,3020,3032
00247900,LINCOLN UNIVERSITY                      ,MO,65101-3500,Public       ,10,40,50,2860,1970,4830
00248000,LINDENWOOD UNIVERSITY                   ,MO,63301-1695,Private      ,19,196,215,4942,7579,12521
00248200,MARYVILLE UNIVERSITY                    ,MO,63141-7299,Private      ,4,34,38,2056,2249,4305
00248400,METROPOLITAN COMMUNITY COLLEGE          ,MO,64111-2408,Public       ,207,628,835,9499,16148,25647
00248500,MIDWESTERN BAPTIST THEOL SEMINARY       ,MO,64118-4697,Private      ,1,0,1,83,281,364
00248600,MINERAL AREA COLLEGE                    ,MO,63601-1000,Public       ,28,72,100,1984,2855,4839
00248800,MISSOURI SOUTHERN STATE UNIVERSITY      ,MO,64801-1595,Public       ,21,71,92,3783,3930,7713
00248900,MISSOURI VALLEY COLLEGE                 ,MO,65340-3197,Private      ,4,5,9,1624,482,2106
00249000,MISSOURI WESTERN STATE UNIVERSITY       ,MO,64507-2294,Public       ,13,49,62,4390,2759,7149
00249100,MOBERLY AREA COMMUNITY COLLEGE          ,MO,65270-1304,Public       ,78,184,262,2790,3495,6285
00249400,NAZARENE THEOLOGICAL SEMINARY           ,MO,64131-1246,Private      ,0,1,1,1,179,180
00249500,TRUMAN STATE UNIVERSITY                 ,MO,63501-4221,Public       ,4,3,7,5568,590,6158
00249600,NORTHWEST MISSOURI STATE UNIV           ,MO,64468-6001,Public       ,8,47,55,6498,1485,7983
00249800,PARK UNIVERSITY                         ,MO,64152-3795,Private      ,9,242,251,1421,8240,9661
00249900,ROCKHURST UNIVERSITY                    ,MO,64110-2561,Private      ,3,29,32,1968,1613,3581
00250000,COLLEGE OF THE OZARKS                   ,MO,65726-2502,Private      ,2,0,2,2977,370,3347
00250100,SOUTHEAST MISSOURI STATE UNIV           ,MO,63701-4799,Public       ,22,93,115,7523,4414,11937
00250200,SOUTHWEST BAPTIST UNIVERSITY            ,MO,65613-2597,Private      ,7,57,64,2167,1798,3965
00250300,MISSOURI STATE UNIVERSITY               ,MO,65897-0094,Public       ,63,119,182,13247,7676,20923
00250400,ST LOUIS COLLEGE OF PHARMACY            ,MO,63110-1088,Private      ,1,2,3,794,549,1343
00250600,SAINT LOUIS UNIVERSITY                  ,MO,63103-2097,Private      ,18,106,124,8374,7902,16276
00250900,SAINT PAUL SCHOOL OF THEOLOGY           ,MO,64127-2499,Private      ,0,1,1,3,197,200
00251200,STEPHENS COLLEGE                        ,MO,65215-0001,Private      ,3,2,5,975,601,1576
00251400,NORTH CENTRAL MISSOURI COLLEGE          ,MO,64683-1824,Public       ,25,38,63,781,1109,1890
00251600,UNIVERSITY OF MISSOURI-COLUMBIA         ,MO,65211-1600,Public       ,85,127,212,22311,8767,31078
00251700,MISSOURI UNIVERSITY OF SCIENCE & TECHNOL,MO,65409-0250,Public       ,8,18,26,4749,1198,5947
00251800,UNIVERSITY OF MISSOURI-KANSAS CITY      ,MO,64110-2497,Public       ,24,147,171,6418,9472,15890
00251900,UNIVERSITY OF MISSOURI-ST LOUIS         ,MO,63121-4499,Public       ,23,165,188,5495,9936,15431
00252000,WASHINGTON UNIVERSITY                   ,MO,63130-4899,Private      ,11,26,37,13430,5597,19027
00252001,WASHINGTON UNIV-SCHOOL OF MEDICINE      ,MO,63110-0000,Private      ,0,3,3,56,1289,1345
00252100,WEBSTER UNIVERSITY                      ,MO,63119-3194,Private      ,5,175,180,3159,14210,17369
00252200,WENTWORTH MILITARY ACADEMY              ,MO,64067-1799,Private      ,10,11,21,187,241,428
00252300,WESTMINSTER COLLEGE                     ,MO,65251-1299,Private      ,1,1,2,1270,135,1405
00252400,WILLIAM JEWELL COLLEGE                  ,MO,64068-1896,Private      ,1,5,6,1564,283,1847
00252500,WILLIAM WOODS UNIVERSITY                ,MO,65251-2388,Private      ,0,134,134,1028,2356,3384
00405704,NATIONAL AMERICAN UNIVERSITY            ,MO,64057-1791,Proprietary  ,1,3,4,54,485,539
00441300,ST JOHNS HOSP SCH RAD TECH              ,MO,65802-0000,Private      ,0,0,0,42,101,143
00470300,LOGAN COLLEGE OF CHIROPRACTIC           ,MO,63006-1065,Private      ,2,3,5,84,1217,1301
00470700,COVENANT THEOLOGICAL SEMINARY           ,MO,63141-8697,Private      ,0,0,0,2,545,547
00471100,LINN STATE TECHNICAL COLLEGE            ,MO,65051-9607,Public       ,7,4,11,1110,494,1604
00471300,THREE RIVERS COMMUNITY COLLEGE          ,MO,63901-2393,Public       ,59,117,176,1862,3210,5072
00528800,KIRKSVILLE AREA TECHNICAL CENTER        ,MO,63501-0000,Public       ,0,3,3,34,82,116
00528900,WAYNESVILLE CAREER CENTER               ,MO,65583-2131,Public       ,0,2,2,21,125,146
00542400,SOUTH CENTRAL CAREER CENTER             ,MO,65775-3334,Public       ,1,1,2,56,212,268
00542600,SIKESTON CAREER AND TECHNOLOGY CTR      ,MO,63801-0000,Public       ,0,0,0,41,141,182
00542900,ROLLA TECHNICAL INSTITUTE               ,MO,65401-3601,Public       ,1,5,6,264,355,619
00543000,POPLAR BLUFF TECHNICAL CAREER CNTR      ,MO,63901-0000,Public       ,1,3,4,49,108,157
00543800,SALINE COUNTY CAREER CENTER             ,MO,65340-0000,Public       ,0,1,1,21,96,117
00544500,TRUMAN MEDICAL CENTER SCHOOL OF NURSE AN,MO,64108-2677,Private      ,1,1,2,32,111,143
00553100,GRAND RIVER TECHNICAL SCHOOL            ,MO,64601-1299,Public       ,0,0,0,81,50,131
00553200,CAPE GIRARDEAU CAREER & TECHNOLOGY CENTE,MO,63703-7511,Public       ,4,8,12,98,429,527
00638500,CHAMBERLAIN COLLEGE OF NURSING          ,MO,63146-0000,Proprietary  ,6,341,347,1034,8490,9524
00638900,BARNES JEWISH COLLEGE OF NURSING AND ALL,MO,63110-1091,Private      ,2,6,8,274,754,1028
00639200,RESEARCH COLLEGE OF NURSING             ,MO,64132-1199,Proprietary  ,0,4,4,86,290,376
00639201,RESEARCH MEDICAL CENTER - COLLEGE OF NUR,MO,64132-1199,Proprietary  ,0,0,0,9,28,37
00639202,RESEARCH MED CTR SCHL OF RAD TECH       ,MO,64132-0000,Proprietary  ,0,0,0,4,55,59
00666600,LUTHERAN  SCHOOL OF NURSING             ,MO,63118-3909,Proprietary  ,1,1,2,15,58,73
00754000,MISSOURI BAPTIST UNIVERSITY             ,MO,63141-8698,Private      ,9,71,80,1412,2246,3658
00755700,ITT TECHNICAL INSTITUTE                 ,MO,63045-1122,Proprietary  ,49,89,138,1843,4766,6609
00808000,STATE FAIR COMMUNITY COLLEGE            ,MO,65301-0000,Public       ,39,116,155,2198,3298,5496
00826900,HILLYARD TECHNICAL CENTER               ,MO,64506-0000,Public       ,0,1,1,104,262,366
00855200,PATRICIA STEVENS COLLEGE                ,MO,63102-2334,Proprietary  ,7,5,12,88,184,272
00860600,TRI-COUNTY TECHNICAL SCHOOL             ,MO,65026-0000,Public       ,0,0,0,20,91,111
00886200,EAST CENTRAL COLLEGE                    ,MO,63084-0529,Public       ,27,72,99,2110,2636,4746
00908900,HANNIBAL-LAGRANGE COLLEGE               ,MO,63401-1999,Private      ,2,13,15,774,532,1306
00952000,NATIONAL ACADEMY OF BEAUTY ARTS         ,MO,63128-1307,Proprietary  ,5,34,39,223,563,786
00959000,INDEPENDENCE COLLEGE OF COSMETOLOGY     ,MO,64055-1105,Proprietary  ,1,7,8,49,135,184
00960700,HOUSE OF HEAVILIN BEAUTY COLLEGE        ,MO,64110-2826,Proprietary  ,1,9,10,37,124,161
00978200,SAINT LUKE'S COLLEGE                    ,MO,64114-3237,Private      ,0,1,1,76,191,267
00979500,MISSOURI COLLEGE                        ,MO,63144-2901,Proprietary  ,5,13,18,433,1305,1738
01014814,COLORADO TECHNL UNIV NORTH KANSAS CITY  ,MO,64116-3614,Proprietary  ,8,61,69,267,1541,1808
01027900,HICKEY COLLEGE                          ,MO,63146-0000,Proprietary  ,3,2,5,487,277,764
01040500,PINNACLE CAREER INSTITUTE               ,MO,64131-3367,Proprietary  ,21,266,287,292,2572,2864
01040501,PINNACLE CAREER INSTITUTE - NORTH KANSAS,MO,64153-1151,Proprietary  ,7,27,34,55,405,460
01050303,WICHITA TECHNICAL INSTITUTE - WTI JOPLIN,MO,64801-2970,Proprietary  ,1,26,27,43,406,449
01102600,WARRENSBURG AREA VOC TECH SCH           ,MO,64093-0000,Public       ,0,1,1,30,60,90
01173500,PIKE/LINCOLN TECHNICAL CENTER           ,MO,63344-0000,Public       ,0,5,5,37,98,135
01212000,ASSEMBLIES OF GOD THEO. SEMINARY        ,MO,65802-0000,Private      ,0,5,5,4,272,276
01250000,RANKEN TECHNICAL COLLEGE                ,MO,63113-2811,Private      ,4,16,20,1434,1478,2912
01258000,ST LOUIS CHRISTIAN COLLEGE              ,MO,63033-6499,Private      ,0,3,3,177,254,431
01320800,BAPTIST BIBLE COLLEGE                   ,MO,65803-3498,Private      ,1,4,5,377,237,614
02056100,FOUR RIVERS CAREER CENTER               ,MO,63090-0000,Public       ,0,1,1,16,56,72
02066900,NICHOLS CAREER CENTER                   ,MO,65101-2814,Public       ,0,2,2,76,149,225
02068200,COX HEALTH - COX COLLEGE                ,MO,65802-0000,Private      ,4,13,17,208,676,884
02068202,COX HEALTH - RADIOLOGIC TECHNOLOGY      ,MO,65802-0000,Private      ,0,0,0,33,84,117
02068204,COX HEALTH - MEDICAL TECHNOLOGY         ,MO,65807-0000,Private      ,0,0,0,14,64,78
02073600,KENNETT CAREER & TECHNOLOGY CENTER      ,MO,63857-0000,Public       ,0,0,0,23,52,75
02090400,BOONSLICK TECHNICAL EDUCATION CTR       ,MO,65233-0000,Public       ,0,1,1,10,68,78
02121100,MIDWEST INSTITUTE                       ,MO,63122-0000,Proprietary  ,10,31,41,78,480,558
02124500,FRANKLIN TECHNOLOGY CENTER              ,MO,64801-0000,Public       ,0,6,6,73,417,490
02142200,LEX LA RAY TECHNICAL CENTER             ,MO,64067-0000,Public       ,1,0,1,18,73,91
02151000,HANNIBAL CAREER AND TECHNICAL CENTE     ,MO,63401-2285,Public       ,0,1,1,22,112,134
02164200,FOREST INST PROFESSIONAL PSYCHOLOGY     ,MO,65807-0000,Private      ,0,2,2,10,316,326
02165900,CHILLICOTHE BEAUTY ACADEMY              ,MO,64601-0000,Proprietary  ,0,3,3,11,38,49
02180200,METRO BUSINESS COLLEGE                  ,MO,63701-0000,Proprietary  ,7,67,74,222,1179,1401
02188100,NORTHLAND CAREER CENTER                 ,MO,64079-8333,Public       ,0,0,0,21,94,115
02202700,OZARK CHRISTIAN COLLEGE                 ,MO,64801-0000,Private      ,2,1,3,505,194,699
02203400,NEVADA REGIONAL TECHNICAL CENTER        ,MO,64772-0000,Public       ,0,1,1,24,83,107
02205200,SANFORD-BROWN COLLEGE                   ,MO,63026-7305,Proprietary  ,5,52,57,360,1924,2284
02205203,SANFORD BROWN COLLEGE-ST. PETERS        ,MO,63301-4042,Proprietary  ,5,21,26,281,1487,1768
02214500,SALEM COLLEGE OF HAIRSTYLING            ,MO,65401-0000,Proprietary  ,1,1,2,14,63,77
02239200,ANTHEM COLLEGE                          ,MO,63043-0000,Proprietary  ,75,174,249,782,1967,2749
02239202,ANTHEM COLLEGE - METRO SOUTH            ,MO,63026-0000,Proprietary  ,0,2,2,53,128,181
02250600,EVEREST COLLEGE                         ,MO,65807-2446,Proprietary  ,11,61,72,183,1058,1241
02263106,ANTHEM COLLEGE - ANTHEM COLLEGE - KANSAS,MO,64114-3232,Proprietary  ,0,2,2,21,81,102
02263400,LAKE CAREER AND TECHNICAL CENTER        ,MO,65020-0000,Public       ,0,0,0,6,35,41
02266400,CENTRAL CHRISTIAN CLG OF THE BIBLE      ,MO,65270-0000,Private      ,1,0,1,282,169,451
02277500,HOUSE OF HEAVILIN OF BLUE SPRINGS       ,MO,64014-3953,Proprietary  ,2,3,5,75,142,217
02289200,COLUMBIA AREA CAREER CENTER             ,MO,65203-0000,Public       ,0,1,1,55,221,276
02295700,MISSOURI BEAUTY ACADEMY                 ,MO,63640-1827,Proprietary  ,2,15,17,77,230,307
02300105,EVEREST COLLEGE - EARTH CITY            ,MO,63045-1100,Proprietary  ,35,223,258,278,1558,1836
02304000,MISSOURI TECH                           ,MO,63303-3887,Proprietary  ,2,5,7,54,150,204
02309100,AMERICAN COLLEGE OF HAIR DESIGN         ,MO,65301-2144,Proprietary  ,3,3,6,34,64,98
02313000,CASS CAREER CENTER                      ,MO,64701-0000,Public       ,0,0,0,12,77,89
02340500,ST LOUIS COLLEGE OF HEALTH CAREERS      ,MO,63110-0000,Proprietary  ,6,35,41,180,891,1071
02340501,ST LOUIS COLLEGE OF HEALTH              ,MO,63129-0000,Proprietary  ,0,0,0,15,60,75
02342100,CAREER & TECHNOLOGY CTR AT FT OSAGE     ,MO,64058-0000,Public       ,0,0,0,13,24,37
02361600,CONCORDE CAREER COLLEGE                 ,MO,64111-0000,Proprietary  ,8,78,86,232,1404,1636
02497500,CLINTON TECHNICAL SCHOOL                ,MO,64735-2966,Public       ,0,1,1,11,55,66
02520800,MERRELL UNIV OF BTY ARTS & SCIENCES     ,MO,65109-0000,Proprietary  ,4,5,9,91,196,287
02530600,SAINT CHARLES COMMUNITY COLLEGE         ,MO,63376-0975,Public       ,36,85,121,3666,3446,7112
02543800,PARIS II EDUCATIONAL CENTER (THE)       ,MO,64118-0000,Proprietary  ,6,12,18,56,154,210
02555300,PATSY AND ROB'S ACADEMY OF BEAUTY       ,MO,63074-0000,Proprietary  ,1,6,7,42,144,186
02564700,ELAINE STEVEN BEAUTY COLLEGE            ,MO,63136-0000,Proprietary  ,6,16,22,82,239,321
02564701,ELAINE STEVEN BEAUTY COLLEGE - ADVANCE B,MO,63383-2006,Proprietary  ,0,0,0,3,6,9
02564702,ELAINE STEVEN BEAUTY COLLEGE - ADVANCE B,MO,63401-2269,Proprietary  ,0,0,0,6,10,16
02568500,GRABBER SCHOOL OF HAIR DESIGN           ,MO,63011-0000,Proprietary  ,1,4,5,59,129,188
02599700,VATTEROTT COLLEGE                       ,MO,63134-2900,Proprietary  ,2,5,7,456,2168,2624
02599701,VATTEROTT COLLEGE - KANSAS CITY         ,MO,64129-1692,Proprietary  ,1,7,8,234,1629,1863
02599702,VATTEROTT COLLEGE - SPRINGFIELD LOCATION,MO,65807-5340,Proprietary  ,0,7,7,148,970,1118
02599703,VATTEROTT COLLEGE - JOPLIN              ,MO,64801-5033,Proprietary  ,1,0,1,103,783,886
02599705,VATTEROTT COLLEGE - SUNSET HILLS        ,MO,63127-1516,Proprietary  ,2,13,15,174,1212,1386
02599712,VATTEROTT COLLEGE - O'FALLON            ,MO,63366-2748,Proprietary  ,3,1,4,103,521,624
02608000,NEOSHO BEAUTY COLLEGE                   ,MO,64850-1525,Proprietary  ,0,1,1,15,62,77
02609202,VATTEROTT COLLEGE-ST JOSEPH             ,MO,64501-2911,Proprietary  ,4,12,16,147,675,822
02609203,VATTEROTT COLLEGE - L'ECOLE CULINAIRE   ,MO,63124-1103,Proprietary  ,1,6,7,253,865,1118
02611004,HERITAGE COLLEGE-KANSAS CITY            ,MO,64131-4203,Proprietary  ,19,123,142,275,1347,1622
03042400,LEBANON TECHNOLOGY & CAREER CENTER      ,MO,65536-3296,Public       ,1,0,1,39,143,182
03066300,BRYAN CAREER COLLEGE                    ,MO,65806-2507,Proprietary  ,7,36,43,82,497,579
03068600,SPECIAL SCHOOL DISTRICT OF ST. LOUIS CO.,MO,63127-0000,Public       ,1,8,9,79,641,720
03070200,CENTRAL COLLEGE OF COSMETOLOGY          ,MO,65583-0000,Proprietary  ,1,6,7,25,131,156
03070900,SE MO HOSP CLG NURSING & HEALTH SCI     ,MO,63703-4507,Private      ,0,6,6,86,276,362
03077200,COSMETOLOGY CONCEPTS INSTITUTE          ,MO,65202-1972,Proprietary  ,0,4,4,35,102,137
03083000,OZARKS TECHNICAL COMMUNITY COLLEGE      ,MO,65802-3601,Public       ,117,225,342,6630,10254,16884
03092600,MESSENGER COLLEGE                       ,MO,64804-4909,Private      ,0,0,0,49,66,115
03097600,ST LOUIS HAIR ACADEMY                   ,MO,63107-1737,Proprietary  ,0,3,3,17,80,97
03101000,NEW DIMENSION SCHOOL OF HAIR DESIGN     ,MO,64801-5017,Proprietary  ,1,2,3,19,75,94
03106000,MISSOURI STATE UNIVERSITY - WEST PLAINS ,MO,65775-2715,Public       ,33,29,62,1144,1476,2620
03110900,HOUSE OF HEAVILIN BEAUTY COLLEGE        ,MO,64030-1154,Proprietary  ,0,1,1,15,70,85
03166300,MOBERLY AREA TECHNICAL CENTER           ,MO,65270-1904,Public       ,0,0,0,15,30,45
03519300,MISSOURI COLLEGE OF COSMETOLOGY NORTH   ,MO,65803-1235,Proprietary  ,2,4,6,72,257,329
03528300,MIDWEST UNIVERSITY                      ,MO,63385-2905,Private      ,0,0,0,6,36,42
03579300,TEXAS COUNTY TECHNICAL INSTITUTE        ,MO,65483-2700,Private      ,2,10,12,52,385,437
03616300,AVIATION INSTITUTE OF MAINTENANCE       ,MO,64129-1811,Proprietary  ,8,63,71,82,460,542
03663400,UNIVERSITY OF COSMETOLOGY               ,MO,63080-1910,Proprietary  ,0,2,2,15,47,62
03878300,PROFESSIONAL MASSAGE TRAINING CENTER    ,MO,65803-2939,Proprietary  ,5,6,11,44,133,177
03916300,ECLIPS SCHOOL OF COSMETOLOGY AND BARBERI,MO,63703-5809,Proprietary  ,1,12,13,32,138,170
03924300,HAIR ACADEMY 110 (THE)                  ,MO,63501-2915,Proprietary  ,0,1,1,18,24,42
03970400,MTTI-WELLSPRING CENTER FOR NATURAL HEALT,MO,64114-3313,Proprietary  ,1,14,15,51,208,259
04037500,ACADEMY OF HAIR DESIGN                  ,MO,65804-2303,Proprietary  ,2,2,4,73,228,301
04048300,DIVAS UNLIMITED ACADEMY                 ,MO,63114-2625,Proprietary  ,0,0,0,8,25,33
04118700,AMERICAN COLLEGE OF TECHNOLOGY          ,MO,64506-2006,Proprietary  ,0,11,11,0,28,28
04119100,CITY VISION COLLEGE                     ,MO,64141-3188,Private      ,0,10,10,1,30,31
04127000,PEMISCOT COUNTY SPECIAL SCHOOL DISTRICT ,MO,63851-1666,Public       ,0,0,0,10,55,65
04130600,HEALING ARTS CENTER                     ,MO,63143-2103,Proprietary  ,1,8,9,15,108,123
04133300,TREND SETTERS SCHOOL OF COSMETOLOGY     ,MO,63702-7607,Proprietary  ,4,3,7,52,110,162
04145200,TRANSFORMED BARBER AND COSMETOLOGY ACADE,MO,64137-1207,Proprietary  ,4,13,17,21,85,106
04145700,THE SYSTEM A PAUL MITCHELL PARTNER SCHL ,MO,65807-5969,Proprietary  ,6,3,9,133,150,283
04146100,URSHAN GRADUATE SCHOOL OF THEOLOGY      ,MO,63031-7526,Private      ,0,0,0,0,19,19
00163201,AQUINAS INSTITUTE OF THEOLOGY - MINISTRY,OK,73123-0380,Private      ,0,1,1,2,12,14
00314600,WESTERN OKLAHOMA STATE COLLEGE          ,OK,73521-1397,Public       ,23,55,78,664,1128,1792
00314700,BACONE COLLEGE                          ,OK,74403-1597,Private      ,16,13,29,972,799,1771
00314900,SOUTHERN NAZARENE UNIVERSITY            ,OK,73008-2694,Private      ,7,77,84,1219,1953,3172
00315000,CAMERON UNIVERSITY                      ,OK,73505-6377,Public       ,38,121,159,2140,3993,6133
00315100,OKLAHOMA WESLEYAN UNIVERSITY            ,OK,74006-6299,Private      ,6,19,25,623,1045,1668
00315200,UNIV OF CENTRAL OKLAHOMA                ,OK,73034-5209,Public       ,41,151,192,7974,7488,15462
00315300,CONNORS STATE COLLEGE                   ,OK,74469-9700,Public       ,19,66,85,993,1585,2578
00315400,EAST CENTRAL UNIVERSITY                 ,OK,74820-6999,Public       ,22,116,138,2415,3041,5456
00315500,EASTERN OKLAHOMA STATE COLLEGE          ,OK,74578-4999,Public       ,27,62,89,894,1374,2268
00315600,REDLANDS COMMUNITY COLLEGE              ,OK,73036-5304,Public       ,21,51,72,741,1348,2089
00315700,LANGSTON UNIVERSITY                     ,OK,73050-0000,Public       ,26,47,73,2148,2158,4306
00315800,MURRAY STATE COLLEGE                    ,OK,73460-3137,Public       ,53,120,173,1198,2252,3450
00316000,NORTHEASTERN OKLAHOMA A & M COLLEGE     ,OK,74354-6497,Public       ,33,57,90,1515,1304,2819
00316100,NORTHEASTERN STATE UNIVERSITY           ,OK,74464-2399,Public       ,22,107,129,4687,6499,11186
00316200,NORTHERN OKLAHOMA COLLEGE               ,OK,74653-0310,Public       ,42,71,113,1932,2407,4339
00316300,NORTHWESTERN OKLAHOMA STATE UNIV        ,OK,73717-2799,Public       ,7,32,39,1182,1040,2222
00316400,OKLAHOMA BAPTIST UNIVERSITY             ,OK,74801-2590,Private      ,2,3,5,1771,377,2148
00316500,OKLAHOMA CHRISTIAN UNIVERSITY           ,OK,73131-0000,Private      ,1,10,11,2039,683,2722
00316600,OKLAHOMA CITY UNIVERSITY                ,OK,73106-1493,Private      ,7,26,33,2203,2562,4765
00316700,UNIV OF SCIENCE & ARTS OF OKLAHOMA      ,OK,73018-5322,Public       ,5,3,8,731,537,1268
00316800,ROGERS STATE UNIVERSITY                 ,OK,74017-3252,Public       ,27,64,91,2256,3108,5364
00317000,OKLAHOMA STATE UNIVERSITY               ,OK,74078-1015,Public       ,80,119,199,13810,7637,21447
00317200,OKLAHOMA STATE UNIVERSITY-OKMULGEE      ,OK,74447-3901,Public       ,22,56,78,1706,1864,3570
00317400,OKLAHOMA PANHANDLE STATE UNIVERSITY     ,OK,73939-0000,Public       ,3,12,15,860,492,1352
00317600,CARL ALBERT STATE COLLEGE               ,OK,74953-5208,Public       ,24,92,116,1171,2176,3347
00317800,SEMINOLE STATE COLLEGE                  ,OK,74818-1902,Public       ,16,70,86,924,1495,2419
00317900,SOUTHEASTERN OKLAHOMA STATE UNIV        ,OK,74701-0609,Public       ,32,68,100,2407,2529,4936
00318000,SOUTHWESTERN CHRISTIAN UNIVERSITY       ,OK,73008-2335,Private      ,0,2,2,175,231,406
00318100,SOUTHWESTERN OKLAHOMA STATE UNIV        ,OK,73096-3098,Public       ,22,58,80,2753,2062,4815
00318101,SOUTHWESTERN OK STATE UNIV AT SAYRE     ,OK,73662-0000,Public       ,3,16,19,160,311,471
00318300,ST GREGORY'S UNIVERSITY                 ,OK,74804-2499,Private      ,1,26,27,340,573,913
00318308,SAINT GREGORY'S UNIVERSITY - IPD TULSA  ,OK,74135-2499,Private      ,0,6,6,19,174,193
00318400,UNIVERSITY OF OKLAHOMA                  ,OK,73019-4078,Public       ,68,159,227,15474,10451,25925
00318401,UNIVERSITY OF OKLAHOMA-HLTH SCI CTR     ,OK,73190-0000,Public       ,1,14,15,438,3664,4102
00318500,UNIVERSITY OF TULSA                     ,OK,74104-3189,Private      ,14,25,39,2809,1978,4787
00398500,ORAL ROBERTS UNIVERSITY                 ,OK,74171-0001,Private      ,7,42,49,2837,1692,4529
00458305,BROWN MACKIE COLLEGE-SOUTH BEND - BROWN ,OK,74146-5234,Proprietary  ,8,51,59,86,606,692
00531100,TULSA COUNTY AREA VOC TECH SCHOOL       ,OK,74145-0000,Public       ,4,28,32,248,1345,1593
00531200,RED RIVER TECHNOLOGY CENTER             ,OK,73533-2700,Public       ,0,0,0,43,256,299
00533900,METRO TECHNOLOGY CENTERS SCH DIST22     ,OK,73111-0000,Public       ,3,29,32,223,1461,1684
00533903,METRO TECHNOLOGY CENTERS SCH DIST22     ,OK,73129-0000,Public       ,1,8,9,65,400,465
00694200,MID-AMERICA CHRISTIAN UNIVERSITY        ,OK,73170-4504,Private      ,4,108,112,456,1438,1894
00767800,SPARTAN COLLEGE OF AERONAUTICS AND TECHN,OK,74115-5800,Proprietary  ,17,34,51,1220,1224,2444
00791100,VIRGILS BEAUTY COLLEGE                  ,OK,74401-6802,Proprietary  ,0,3,3,24,64,88
00834300,AUTRY TECHNOLOGY CENTER                 ,OK,73703-2598,Public       ,0,5,5,63,326,389
00861900,TRI COUNTY TECHNOLOGY CENTER            ,OK,74006-6029,Public       ,0,2,2,87,219,306
00918500,ROSE STATE COLLEGE                      ,OK,73110-2799,Public       ,47,236,283,2383,6075,8458
00920400,KIAMICHI AREA VOC TECH SCHOOL           ,OK,74578-0548,Public       ,1,5,6,295,1299,1594
00920408,KIAMICHI AREA VOC TECH SCHOOL           ,OK,74953-0000,Public       ,0,2,2,37,133,170
00961800,TULSA WELDING SCHOOL                    ,OK,74104-0000,Proprietary  ,110,245,355,1363,2319,3682
00964700,"OKLAHOMA STATE UNIV, OKLA CITY          ",OK,73107-6159,Public       ,45,242,287,2166,6155,8321
00970800,EVES COLLEGE OF HAIRSTYLING             ,OK,73501-4359,Proprietary  ,2,18,20,34,181,215
00976300,TULSA COMMUNITY COLLEGE                 ,OK,74135-6198,Public       ,185,476,661,7694,13086,20780
00996300,CADDO KIOWA VOC TECH CENTER             ,OK,73038-0000,Public       ,0,2,2,105,446,551
00996400,CENTRAL OKLAHOMA AREA VOC TECH SCH      ,OK,74030-9613,Public       ,0,9,9,92,346,438
00996500,CANADIAN VALLEY TECHNOLOGY CENTER       ,OK,73036-9117,Public       ,1,10,11,104,547,651
00996800,GORDON COOPER TECHNOLOGY CENTER         ,OK,74804-9913,Public       ,0,5,5,94,441,535
01005300,INDIAN CAPITAL TECHNOLGY CENTER #4      ,OK,74403-9907,Public       ,0,4,4,184,725,909
01026600,HILLSDALE FREE WILL BAPTIST COLLEGE     ,OK,73153-0000,Private      ,0,2,2,236,79,315
01034200,SOUTHERN OKLAHOMA TECHNOLOGY CENTER     ,OK,73401-2100,Public       ,1,3,4,89,297,386
01039100,OKLAHOMA CITY COMMUNITY COLLEGE         ,OK,73159-4444,Public       ,87,407,494,4395,9529,13924
01050304,WTI TULSA CAMPUS                        ,OK,74112-3140,Proprietary  ,1,2,3,20,191,211
01071700,GREAT PLAINS TECHNOLOGY CENTER SCHOOL DI,OK,73505-8399,Public       ,3,12,15,96,491,587
01076200,WESTERN OK AREA VOC TECH SCH DIST12     ,OK,73624-1469,Public       ,0,2,2,57,155,212
01120600,PIONEER TECHNOLOGY CENTER               ,OK,74601-1106,Public       ,1,3,4,41,239,280
01128200,OKLAHOMA STATE UNV CLG OSTEOPTHC MD     ,OK,74107-0000,Public       ,0,3,3,52,578,630
01153700,MID-AMERICA TECHNOLOGY CENTER           ,OK,73095-0210,Public       ,2,3,5,39,113,152
01227200,MOORE-NORMAN TECHNOLOGY CENTER          ,OK,73069-8399,Public       ,2,16,18,169,877,1046
02052700,NORTHEAST TECHNOLOGY CENTER             ,OK,74361-0487,Public       ,2,7,9,89,623,712
02052701,NORTHEAST TECHNOLOGY CENTER -           ,OK,74362-0825,Public       ,0,0,0,20,116,136
02060800,MERIDIAN TECHNOLOGY CENTER              ,OK,74074-0000,Public       ,1,1,2,94,401,495
02126500,ENID BEAUTY COLLEGE                     ,OK,73701-0000,Proprietary  ,3,4,7,36,83,119
02177900,STATE BARBER AND HAIR DESIGN CLG        ,OK,73108-0000,Proprietary  ,0,0,0,1,0,1
02184400,SAND SPRINGS BEAUTY COLLEGE             ,OK,74063-0000,Proprietary  ,5,13,18,47,159,206
02197300,HOLLYWOOD COSMETOLOGY CENTER            ,OK,73189-0000,Proprietary  ,0,5,5,9,55,64
02222700,FRANCIS TUTTLE TECHNOLOGY CENTER        ,OK,73142-0000,Public       ,3,32,35,256,1462,1718
02238500,CENTRAL STATE BEAUTY ACADEMY            ,OK,73162-6007,Proprietary  ,2,26,28,75,338,413
02250900,E OK COUNTY AREA VO-TECH                ,OK,73020-0000,Public       ,1,3,4,40,100,140
02256200,"BROKEN ARROW BEAUTY COLLEGE, INC        ",OK,74012-0000,Proprietary  ,3,7,10,59,169,228
02282100,HIGH PLAINS AREA VOC-TECH               ,OK,73801-0000,Public       ,0,1,1,34,125,159
02306800,PLATT COLLEGE                           ,OK,74145-0000,Proprietary  ,26,221,247,403,2795,3198
02510300,BEAUTY TECHNICAL COLLEGE                ,OK,74465-0000,Proprietary  ,1,3,4,14,42,56
02531200,WOODWARD BEAUTY COLLEGE                 ,OK,73801-0000,Proprietary  ,0,4,4,4,17,21
02554300,AMERICAN BEAUTY INSTITUTE               ,OK,74501-0000,Proprietary  ,1,2,3,18,46,64
02556500,YUKON BEAUTY COLLEGE                    ,OK,73099-4108,Proprietary  ,0,1,1,11,30,41
02560200,PHILLIPS THEOLOGICAL SEMINARY -         ,OK,74116-5612,Private      ,0,3,3,2,109,111
02581100,CLAREMORE BEAUTY COLLEGE                ,OK,74017-7034,Proprietary  ,0,3,3,12,36,48
02581200,CC'S COSMETOLOGY COLLEGE                ,OK,74129-0000,Proprietary  ,3,43,46,52,437,489
02591101,CAREER POINT INSTITUTE                  ,OK,74146-0000,Proprietary  ,1,3,4,16,121,137
02596501,ATI-CAREER TRAINING CENTER - OKLAHOMA CI,OK,73107-2442,Proprietary  ,0,2,2,13,128,141
02596502,ATI- CAREER TRAINING CENTER - OKLAHOMA C,OK,76101-2740,Proprietary  ,0,9,9,3,28,31
02597400,PONTOTOC TECHNOLOGY CENTER SCHOOL       ,OK,74820-8621,Public       ,0,3,3,68,214,282
02599706,VATTEROTT COLLEGE - TULSA               ,OK,74146-2205,Proprietary  ,1,9,10,82,637,719
02600000,NORTHWEST TECHNOLOG CTR SCH DIST 10     ,OK,73717-9600,Public       ,0,1,1,23,69,92
02600500,WES WATKINS TECHNOLOGY CENTER           ,OK,74883-9660,Public       ,0,1,1,37,231,268
02609205,VATTEROTT COLLEGE - OKLAHOMA CITY       ,OK,73127-2103,Proprietary  ,1,11,12,68,787,855
03008700,SOUTHWEST TECHNOLOGY CENTER             ,OK,73521-1527,Public       ,0,1,1,23,119,142
03010300,POTEAU BEAUTY COLLEGE                   ,OK,74953-5400,Proprietary  ,0,0,0,6,22,28
03024700,STILLWATER BEAUTY ACADEMY               ,OK,74075-3467,Proprietary  ,1,7,8,17,52,69
03030700,OKLAHOMA SCHOOL OF PHOTOGRAPHY          ,OK,73160-3320,Proprietary  ,1,6,7,22,88,110
03030800,AMERICAN BROADCASTING SCHOOL            ,OK,73115-3334,Proprietary  ,4,30,34,61,286,347
03051100,CHISHOLM TRAIL TECHNOLOGY CENTER        ,OK,73764-9720,Public       ,0,4,4,23,80,103
03078500,TECH INST OF COSMETOLOGY ARTS & SCI     ,OK,74120-3610,Proprietary  ,0,4,4,17,55,72
03103800,SOUTHERN SCHOOL OF BEAUTY               ,OK,74701-5008,Proprietary  ,3,4,7,19,60,79
03109800,PONCA CITY BEAUTY COLLEGE               ,OK,74601-4201,Proprietary  ,2,3,5,4,32,36
03109801,BARTLESVILLE BEAUTY COLLEGE             ,OK,74003-2835,Proprietary  ,0,3,3,3,39,42
03115100,HERITAGE COLLEGE                        ,OK,73119-0000,Proprietary  ,38,154,192,343,1589,1932
03124800,PLATT COLLEGE                           ,OK,73501-3808,Proprietary  ,4,39,43,64,313,377
03126200,GREEN COUNTRY AREA VOC TECH SCHOOL      ,OK,74447-1217,Public       ,2,8,10,37,135,172
03198400,MID-DEL AREA VOCATIONAL & TECH SCH      ,OK,73110-4825,Public       ,0,3,3,15,122,137
03329400,PRYOR BEAUTY COLLEGE                    ,OK,74361-0000,Proprietary  ,1,5,6,12,39,51
03329401,PRYOR BEAUTY COLLEGE - GROVE BEAUTY COLL,OK,74345-0009,Proprietary  ,1,3,4,4,29,33
03329402,PRYOR BEAUTY COLLEGE - NORTH EAST OKLAHO,OK,74338-0000,Proprietary  ,0,3,3,3,15,18
03367400,COMMUNITY CARE COLLEGE                  ,OK,74145-6420,Proprietary  ,17,108,125,454,2053,2507
03396300,OKLAHOMA HEALTH ACADEMY                 ,OK,74105-6220,Proprietary  ,5,40,45,66,342,408
03396400,OKLAHOMA HEALTH ACADEMY                 ,OK,73160-3667,Proprietary  ,6,22,28,72,345,417
03453400,SHAWNEE BEAUTY COLLEGE                  ,OK,74801-7014,Proprietary  ,0,1,1,25,64,89
03676300,FAMILY OF FAITH COLLEGE                 ,OK,74802-1805,Private      ,0,1,1,14,24,38
03831300,INSTITUTE OF HAIR DESIGN                ,OK,74804-0000,Proprietary  ,2,5,7,17,49,66
03928300,CENTRAL STATE MASSAGE ACADEMY           ,OK,73162-6007,Proprietary  ,1,10,11,48,137,185
04027300,4-STATES ACADEMY OF COSMETOLOGY         ,OK,74354-0000,Proprietary  ,0,2,2,20,99,119
04060300,AMERICAN INSTITUTE OF MEDICAL TECHNOLOGY,OK,74146-5201,Proprietary  ,1,1,2,38,124,162
04062300,OKLAHOMA TECHNOLOGY INSTITUTE           ,OK,73114-6318,Proprietary  ,1,7,8,16,139,155
04121300,4-STATES OKMULGEE ACADEMY OF COSMETOLOGY,OK,74447-0000,Proprietary  ,0,2,2,10,44,54
04133600,CUTTER'S EDGE SCHOOL OF COSMETOLOGY     ,OK,74023-2905,Proprietary  ,0,2,2,6,25,31
04144400,ACADEMY OF HAIR DESIGN (THE)            ,OK,73120-6808,Proprietary  ,2,2,4,37,65,102
00163700,BETHANY THEOLOGICAL SEMINARY            ,IN,47374-0000,Private      ,0,1,1,1,44,45
00178400,ANCILLA COLLEGE-FINANCIAL AID OFFC      ,IN,46513-0001,Private      ,3,15,18,481,652,1133
00178500,ANDERSON UNIVERSITY                     ,IN,46012-3495,Private      ,2,18,20,2861,1179,4040
00178600,BALL STATE UNIVERSITY                   ,IN,47306-0880,Public       ,25,136,161,20532,9794,30326
00178700,BETHEL COLLEGE INC                      ,IN,46545-5591,Private      ,1,38,39,1604,1523,3127
00178800,BUTLER UNIVERSITY                       ,IN,46208-3487,Private      ,3,21,24,6305,1677,7982
00178900,CHRISTIAN THEOLOGICAL SEMINARY          ,IN,46208-0000,Private      ,0,0,0,2,221,223
00179200,DEPAUW UNIVERSITY                       ,IN,46135-0037,Private      ,4,0,4,3090,110,3200
00179300,EARLHAM COLLEGE                         ,IN,47374-4095,Private      ,1,1,2,1552,152,1704
00179301,EARLHAM SCHOOL OF RELIGION              ,IN,47374-0000,Private      ,1,0,1,18,62,80
00179500,UNIVERSITY OF EVANSVILLE                ,IN,47722-0002,Private      ,2,17,19,3842,792,4634
00179800,FRANKLIN COLLEGE OF INDIANA             ,IN,46131-2623,Private      ,1,0,1,1868,188,2056
00179900,GOSHEN COLLEGE                          ,IN,46526-4794,Private      ,1,5,6,1155,488,1643
00180000,GRACE COLLEGE & THEO SEMINARY           ,IN,46590-1224,Private      ,1,2,3,1525,830,2355
00180100,HANOVER COLLEGE                         ,IN,47243-0108,Private      ,0,0,0,1822,76,1898
00180300,HUNTINGTON UNIVERSITY                   ,IN,46750-1299,Private      ,0,8,8,1405,440,1845
00180400,UNIVERSITY OF INDIANAPOLIS              ,IN,46227-3697,Private      ,7,64,71,5012,3921,8933
00180500,INDIANA INSTITUTE OF TECHNOLOGY         ,IN,46803-1297,Private      ,2,69,71,1584,3603,5187
00180700,INDIANA STATE UNIVERSITY                ,IN,47809-2501,Public       ,25,78,103,9060,6873,15933
00180800,UNIVERSITY OF SOUTHERN INDIANA          ,IN,47712-3596,Public       ,23,50,73,8753,3928,12681
00180900,INDIANA UNIVERSITY-BLOOMINGTON          ,IN,47405-1223,Public       ,57,98,155,31419,12257,43676
00181100,INDIANA UNIV-EAST                       ,IN,47374-1289,Public       ,4,46,50,1368,2305,3673
00181300,INDIANA UNIV-PURDUE UNIV INDPLS         ,IN,46202-5145,Public       ,41,312,353,16511,22415,38926
00181301,INDIANA UNIVERSITY - PURDUE UNIVERSITY I,IN,47203-1769,Public       ,5,25,30,1469,1809,3278
00181400,INDIANA UNIV KOKOMO                     ,IN,46902-3557,Public       ,3,37,40,1509,2274,3783
00181500,INDIANA UNIV-NORTHWEST                  ,IN,46408-1197,Public       ,15,99,114,2818,4845,7663
00181600,INDIANA UNIVERSITY - SOUTH BEND         ,IN,46615-0000,Public       ,15,113,128,4741,6226,10967
00181700,INDIANA UNIVERSITY-SOUTHEAST            ,IN,47150-6405,Public       ,14,70,84,3933,4263,8196
00182000,MANCHESTER COLLEGE                      ,IN,46962-1276,Private      ,1,0,1,2421,155,2576
00182100,MARIAN UNIVERSITY                       ,IN,46222-1997,Private      ,2,31,33,1964,1923,3887
00182200,INDIANA WESLEYAN UNIVERSITY             ,IN,46953-4974,Private      ,8,404,412,4259,14746,19005
00182300,ASSOCIATED MENNONITE BIBLICAL SEM       ,IN,46517-1999,Private      ,0,0,0,0,112,112
00182400,OAKLAND CITY UNIVERSITY                 ,IN,47660-1099,Private      ,2,14,16,642,2306,2948
00182500,PURDUE UNIVERSITY                       ,IN,47907-2050,Public       ,39,72,111,30987,8388,39375
00182600,PURDUE UNIV NORTH CENTRAL CAMPUS        ,IN,46391-9542,Public       ,7,30,37,2586,3183,5769
00182700,PURDUE UNIV CALUMET                     ,IN,46323-2094,Public       ,21,81,102,5469,6173,11642
00182800,INDIANA UNIV-PURDUE UNIV FORT WAYNE     ,IN,46805-1499,Public       ,20,119,139,8769,8436,17205
00183000,ROSE HULMAN INSTITUTE OF TECHNOLOGY     ,IN,47803-3999,Private      ,0,0,0,3065,127,3192
00183200,UNIVERSITY OF SAINT FRANCIS             ,IN,46808-3994,Private      ,1,27,28,2175,1877,4052
00183300,ST JOSEPH'S COLLEGE                     ,IN,47978-0000,Private      ,0,1,1,1261,149,1410
00183400,CALUMET COLLEGE OF SAINT JOSEPH         ,IN,46394-2195,Private      ,5,36,41,522,1022,1544
00183500,SAINT MARY-OF-THE-WOODS COLLEGE         ,IN,47876-0067,Private      ,0,17,17,450,1466,1916
00183600,ST MARY'S COLLEGE                       ,IN,46556-5007,Private      ,1,2,3,1803,79,1882
00183800,TAYLOR UNIVERSITY                       ,IN,46989-1001,Private      ,3,3,6,2486,259,2745
00183801,TAYLOR UNIVERSITY - FORT WAYNE          ,IN,46807-0000,Private      ,0,0,0,126,96,222
00183900,TRINE UNIVERSITY                        ,IN,46703-1764,Private      ,2,9,11,2402,858,3260
00184000,UNIVERSITY OF NOTRE DAME                ,IN,46556-5602,Private      ,3,15,18,12649,3627,16276
00184200,VALPARAISO UNIVERSITY                   ,IN,46383-6493,Private      ,10,30,40,4104,2055,6159
00184300,VINCENNES UNIVERSITY                    ,IN,47591-1523,Public       ,39,104,143,6186,4710,10896
00184400,WABASH COLLEGE                          ,IN,47933-0352,Private      ,0,0,0,1319,61,1380
00224905,DAVENPORT UNIVERSITY-MERRILLVILLE       ,IN,46410-0000,Private      ,0,0,0,19,180,199
00420300,GOOD SAMARITAN HOSP RADIOGRAPHY PRG     ,IN,47591-0000,Public       ,0,0,0,4,18,22
00457900,INTERNATIONAL BUSINESS COLLEGE          ,IN,46804-0000,Proprietary  ,1,4,5,672,350,1022
00457901,INTERNATIONAL BUSINESS COLLEGE          ,IN,46256-0000,Proprietary  ,0,4,4,541,330,871
00458300,BROWN MACKIE COLLEGE-SOUTH BEND         ,IN,46635-1776,Proprietary  ,25,117,142,702,3995,4697
00458301,BROWN MACKIE COLLEGE-SOUTH BEND - BROWN ,IN,46805-0000,Proprietary  ,23,151,174,314,1786,2100
00512730,BROWN MACKIE COLLEGE-MERRILLVILLE       ,IN,46410-0000,Proprietary  ,6,86,92,131,676,807
00512731,BROWN MACKIE COLLEGE-CINCINNATI - BROWN ,IN,46360-4362,Proprietary  ,3,19,22,134,642,776
00625700,SAINT ELIZABETH SCHOOL OF NURSING       ,IN,47904-2198,Private      ,0,1,1,140,280,420
00726300,HOLY CROSS COLLEGE                      ,IN,46556-0308,Private      ,0,0,0,560,107,667
00727600,SAINT MEINRAD SCHOOL OF THEOLOGY        ,IN,47577-1002,Private      ,0,1,1,4,120,124
00732700,ITT TECHNICAL INSTITUTE                 ,IN,47630-7430,Proprietary  ,92,174,266,2308,5962,8270
00732900,ITT TECHNICAL INSTITUTE                 ,IN,46268-1119,Proprietary  ,221,1215,1436,3186,15785,18971
00736200,MEDTECH COLLEGE                         ,IN,46250-3970,Proprietary  ,12,89,101,247,1950,2197
00736202,MEDTECH COLLEGE - GREENWOOD             ,IN,46143-6478,Proprietary  ,0,11,11,156,977,1133
00736204,MEDTECH COLLEGE - FORT WAYNE            ,IN,46804-2209,Proprietary  ,4,25,29,81,661,742
00793800,LINCOLN COLLEGE OF TECHNOLOGY           ,IN,46202-0000,Proprietary  ,143,188,331,2814,2146,4960
00832900,ITT TECHNICAL INSTITUTE                 ,IN,46825-2393,Proprietary  ,34,112,146,2004,5553,7557
00842300,IVY TECH COMMUNITY COLLEGE OF INDIANA - ,IN,46601-3892,Public       ,37,320,357,2868,11182,14050
00854600,NOT FOR STUDENT USE                     ,IN,46208-4700,Public       ,0,4,4,58,132,190
00854700,IVY TECH COMMUNITY COLLEGE OF INDIANA - ,IN,47802-4898,Public       ,14,171,185,2280,6310,8590
00951500,J MICHAEL HARROLD BEAUTY ACADEMY        ,IN,47807-3390,Proprietary  ,3,4,7,35,74,109
00961200,"APEX SCHOOL OF BEAUTY CULTURE, INC      ",IN,46016-0000,Proprietary  ,1,3,4,12,60,72
00961300,MERRILLVILLE BEAUTY COLLEGE             ,IN,46410-3401,Proprietary  ,9,31,40,57,176,233
00967300,RUDAE'S SCHOOL OF BEAUTY CULTURE        ,IN,46825-5444,Proprietary  ,4,8,12,136,241,377
00967301,RUDAE'S SCHOOL OF BEAUTY CULTURE - FORT ,IN,46825-5444,Proprietary  ,0,0,0,0,1,1
00977700,KAPLAN COLLEGE                          ,IN,46278-1736,Proprietary  ,17,118,135,487,2193,2680
00977702,KAPLAN COLLEGE - TEMPORARY FACILITY EXPA,IN,46268-4111,Proprietary  ,0,3,3,21,76,97
00977703,KAPLAN COLLEGE -  SE INDY               ,IN,46227-0000,Proprietary  ,11,80,91,206,1013,1219
00991700,IVY TECH COMMUNITY COLLEGE OF INDIANA - ,IN,46208-1763,Public       ,113,635,748,9594,23460,33054
00992300,IVY TECH COMMUNITY COLLEGE OF INDIANA - ,IN,47250-1881,Public       ,17,89,106,1027,2964,3991
00992400,IVY TECH COMMUNITY COLLEGE OF INDIANA - ,IN,47302-9448,Public       ,55,331,386,3815,10072,13887
00992500,IVY TECH COMMUNITY COLLEGE OF INDIANA - ,IN,47710-3398,Public       ,24,163,187,2307,5986,8293
00992600,IVY TECH COMMUNITY COLLEGE OF INDIANA- R,IN,46805-1489,Public       ,74,406,480,4705,13314,18019
01003700,IVY TECH STATE COLLEGE - REGION 9       ,IN,47374-1220,Public       ,17,211,228,1175,5064,6239
01003800,IVY TECH COMMUNITY COLLEGE OF INDIANA - ,IN,47203-1868,Public       ,25,149,174,1813,4948,6761
01003900,IVY TECH COMMUNITY COLLEGE OF INDIANA - ,IN,47903-6299,Public       ,44,221,265,3462,7205,10667
01004000,IVY TECH COMMUNITY COLLEGE OF INDIANA - ,IN,46409-1303,Public       ,64,382,446,3046,9851,12897
01004100,IVY TECH STATE COLLEGE - REGION 5       ,IN,46903-1373,Public       ,32,201,233,1760,6693,8453
01010900,IVY TECH COMMUNITY COLLEGE OF INDIANA - ,IN,47172-1897,Public       ,22,127,149,1506,4291,5797
01015100,VINCENNES BEAUTY COLLEGE                ,IN,47591-1297,Proprietary  ,3,5,8,36,61,97
01040900,LAFAYETTE BEAUTY ACADEMY                ,IN,47901-1149,Proprietary  ,0,2,2,47,141,188
01061800,MID-AMERICA CLG FUNERAL SERVICE         ,IN,47130-9990,Private      ,0,1,1,53,146,199
01150500,CREATIVE HAIR STYLING ACADEMY           ,IN,46322-1554,Proprietary  ,1,1,2,51,106,157
02084800,RAVENSCROFT BEAUTY COLLEGE              ,IN,46815-0000,Proprietary  ,5,20,25,90,269,359
02087600,CONCORDIA THEOLOGICAL SEMINARY          ,IN,46825-0000,Private      ,1,8,9,4,271,275
02100402,EVEREST INSTITUTE - EVEREST COLLEGE     ,IN,46410-5683,Proprietary  ,19,126,145,302,1562,1864
02140800,MARTIN UNIVERSITY                       ,IN,46218-0000,Private      ,9,72,81,243,1655,1898
02158400,HARRISON COLLEGE                        ,IN,46204-2611,Proprietary  ,13,146,159,760,4201,4961
02158401,HARRISON COLLEGE - COLUMBUS             ,IN,47203-1843,Proprietary  ,1,8,9,96,486,582
02158402,HARRISON COLLEGE - LAFAYETTE            ,IN,47905-4859,Proprietary  ,1,2,3,104,480,584
02158404,HARRISON COLLEGE - MARION               ,IN,46952-0000,Proprietary  ,0,1,1,32,121,153
02158405,HARRISON COLLEGE - TERRE HAUTE          ,IN,47802-0000,Proprietary  ,0,5,5,98,564,662
02158407,HARRISON COLLEGE - ANDERSON             ,IN,46013-0000,Proprietary  ,1,8,9,108,534,642
02158409,HARRISON COLLEGE - EVANSVILLE           ,IN,47715-3901,Proprietary  ,1,6,7,97,480,577
02158410,HARRISON COLLEGE - EAST                 ,IN,46239-8903,Proprietary  ,1,14,15,237,1104,1341
02158412,HARRISON COLLEGE - FORT WAYNE           ,IN,46825-0000,Proprietary  ,1,14,15,249,944,1193
02158413,HARRISON COLLEGE - NORTHWEST            ,IN,46278-0000,Proprietary  ,0,4,4,192,478,670
02158800,DON ROBERTS BEAUTY SCHOOLS              ,IN,46383-0000,Proprietary  ,0,1,1,34,52,86
02164300,DON ROBERTS SCHOOL OF HAIR DESIGN       ,IN,46375-9999,Proprietary  ,1,5,6,36,83,119
02180108,ROSS MEDICAL EDUCATION CENTER -         ,IN,46530-4479,Proprietary  ,0,1,1,0,4,4
02201800,KAPLAN COLLEGE                          ,IN,46410-0000,Proprietary  ,6,45,51,183,938,1121
02201802,KAPLAN COLLEGE - HAMMOND                ,IN,46324-3347,Proprietary  ,12,112,124,254,1408,1662
02241700,PJ'S COLLEGE OF COSMETOLOGY             ,IN,47129-0000,Proprietary  ,1,25,26,70,259,329
02245505,FORTIS COLLEGE - INDIANAPOLIS CAMPUS    ,IN,46268-0000,Proprietary  ,0,19,19,1,56,57
02302700,J EVERETT LIGHT CAREER CENTER           ,IN,46240-0000,Public       ,0,2,2,56,220,276
02304800,PJ'S COLLEGE OF COSMETOLOGY             ,IN,47374-0000,Proprietary  ,0,11,11,18,105,123
02308900,MASTER'S OF COSMETOLOGY COLLEGE         ,IN,46809-0000,Proprietary  ,2,5,7,85,111,196
02339600,ROGER'S ACADEMY OF HAIR DESIGN          ,IN,47712-0000,Proprietary  ,4,5,9,118,216,334
02345200,EMPIRE BEAUTY SCHOOL                    ,IN,46237-0000,Proprietary  ,5,27,32,117,510,627
02351300,KNOX BEAUTY COLLEGE                     ,IN,46534-0000,Proprietary  ,0,0,0,7,39,46
02490500,HAIR FASHIONS BY KAYE BEAUTY CLG        ,IN,46250-0000,Proprietary  ,1,2,3,33,122,155
02490800,HAIR FASHIONS BY KAYE BEAUTY CLG        ,IN,46060-0000,Proprietary  ,5,13,18,56,255,311
02607000,HAIR ARTS ACADEMY                       ,IN,47404-3581,Proprietary  ,6,6,12,24,88,112
02615800,COLLEGE OF COURT REPORTING              ,IN,46342-5969,Proprietary  ,1,5,6,29,406,435
02616203,BROWN MACKIE COLLEGE-FINDLAY - INDIANAPO,IN,46204-1017,Proprietary  ,15,149,164,367,2374,2741
03009700,HARRISON COLLEGE                        ,IN,47303-6413,Proprietary  ,0,8,8,90,443,533
03009701,HARRISON COLLEGE - MUNCIE - ELKHART     ,IN,46516-9795,Proprietary  ,0,7,7,102,597,699
03084601,THE ART INSTITUTE OF INDIANAPOLIS       ,IN,46268-1170,Proprietary  ,15,41,56,1242,1388,2630
03100600,MARION COMM TUCKER AREA VOC SCHOOL      ,IN,46952-3831,Public       ,0,3,3,51,133,184
03176300,AVIATION INSTITUTE OF MAINTENANCE       ,IN,46241-1445,Proprietary  ,11,50,61,95,461,556
03262300,DAVID DEMUTH INSTITUTE OF COSM          ,IN,47374-4101,Proprietary  ,0,1,1,17,60,77
03456700,CROSSROADS BIBLE COLLEGE                ,IN,46219-4912,Private      ,0,6,6,69,283,352
03521300,IVY TECH COMMUNITY COLLEGE OF INDIANA - ,IN,47404-9772,Public       ,25,173,198,3168,5533,8701
03538300,ALEXANDRIA SCH OF SCIENTIFIC THERAP     ,IN,46001-0287,Proprietary  ,0,2,2,30,70,100
04038700,IDEAL BEAUTY ACADEMY                    ,IN,47130-4215,Proprietary  ,2,5,7,32,103,135
04100300,SUCCESS SCHOOLS                         ,IN,46410-5310,Proprietary  ,2,12,14,44,185,229
04121000,TECHSKILLS - INDIANAPOLIS               ,IN,46240-4302,Proprietary  ,0,12,12,23,301,324
04130900,HONORS BEAUTY COLLEGE                   ,IN,46256-3317,Proprietary  ,3,13,16,80,234,314
04155900,AVEDA FREDRIC'S INSTITUTE               ,IN,46250-4746,Proprietary  ,1,3,4,21,35,56
04166700,REM SPA INC                             ,IN,46013-3136,Proprietary  ,6,13,19,7,22,29
04172700,SALON PROFESSIONAL ACADEMY (THE)        ,IN,47715-7822,Proprietary  ,1,2,3,1,2,3
00163203,AQUINAS INSTITUTE OF THEOLOGY - MINISTRY,KS,66109-3718,Private      ,0,0,0,0,2,2
00190100,ALLEN COUNTY COMMUNITY COLLEGE          ,KS,66749-1607,Public       ,23,67,90,1003,1491,2494
00190200,COWLEY COUNTY COMMUNITY COLLEGE & AREA V,KS,67005-2662,Public       ,53,110,163,1489,2610,4099
00190300,BAKER UNIVERSITY                        ,KS,66006-0065,Private      ,4,58,62,1606,2946,4552
00190400,BETHANY COLLEGE                         ,KS,67456-1897,Private      ,1,0,1,771,124,895
00190500,BETHEL COLLEGE                          ,KS,67117-0531,Private      ,0,1,1,476,128,604
00190600,BUTLER COUNTY COMMUNITY COLLEGE         ,KS,67042-3280,Public       ,55,144,199,3814,5215,9029
00190700,CENTRAL BAPTIST THEOLOGY SEMINARY       ,KS,66226-3513,Private      ,0,0,0,0,35,35
00190800,CENTRAL CHRISTIAN COLLEGE OF KANSAS     ,KS,67460-5799,Private      ,1,1,2,469,71,540
00190900,CLOUD COUNTY COMMUNITY COLLEGE          ,KS,66901-1002,Public       ,11,36,47,811,1097,1908
00191000,COFFEYVILLE COMMUNITY COLLEGE           ,KS,67337-5064,Public       ,69,16,85,1168,607,1775
00191100,COLBY COMMUNITY COLLEGE                 ,KS,67701-4099,Public       ,7,20,27,599,405,1004
00191300,DODGE CITY COMMUNITY COLLEGE            ,KS,67801-2399,Public       ,15,9,24,662,595,1257
00191400,DONNELLY COLLEGE                        ,KS,66102-4298,Private      ,11,80,91,229,939,1168
00191500,FORT HAYS STATE UNIVERSITY              ,KS,67601-4099,Public       ,8,111,119,3484,4277,7761
00191600,FORT SCOTT COMMUNITY COLLEGE            ,KS,66701-3199,Public       ,11,24,35,1203,1055,2258
00191700,BARCLAY COLLEGE                         ,KS,67059-0288,Private      ,1,2,3,118,99,217
00191800,FRIENDS UNIVERSITY                      ,KS,67213-3397,Private      ,3,39,42,1229,2925,4154
00191900,GARDEN CITY COMMUNITY COLLEGE           ,KS,67846-6398,Public       ,41,42,83,945,699,1644
00192000,HESSTON COLLEGE                         ,KS,67062-2093,Private      ,2,1,3,450,169,619
00192100,HIGHLAND COMMUNITY COLLEGE              ,KS,66035-4062,Public       ,46,49,95,1210,1297,2507
00192114,HIGHLAND COMMUNITY COLLEGE - NOTHEAST KA,KS,66002-1513,Public       ,0,0,0,77,140,217
00192300,HUTCHINSON COMMUNITY COLLEGE            ,KS,67501-5894,Public       ,79,121,200,2094,2570,4664
00192400,INDEPENDENCE COMMUNITY COLLEGE          ,KS,67301-0000,Public       ,42,52,94,580,544,1124
00192500,KANSAS CITY KANSAS COMMUNITY CLG        ,KS,66112-9978,Public       ,48,201,249,1826,4606,6432
00192502,"KANSAS CITY KS AREA TECH SCHOOL, KS     ",KS,66104-0000,Public       ,2,6,8,89,259,348
00192600,PITTSBURG STATE UNIVERSITY              ,KS,66762-7500,Public       ,12,65,77,4585,2794,7379
00192700,EMPORIA STATE UNIVERSITY                ,KS,66801-5087,Public       ,7,34,41,3214,2851,6065
00192800,KANSAS STATE UNIVERSITY                 ,KS,66506-1104,Public       ,73,97,170,14515,6171,20686
00192900,KANSAS WESLEYAN UNIVERSITY              ,KS,67401-6196,Private      ,2,12,14,916,447,1363
00193000,LABETTE COMMUNITY COLLEGE               ,KS,67357-4299,Public       ,13,40,53,623,958,1581
00193100,MANHATTAN CHRISTIAN COLLEGE             ,KS,66502-4081,Private      ,0,0,0,290,127,417
00193300,MCPHERSON COLLEGE                       ,KS,67460-3899,Private      ,0,1,1,653,176,829
00193600,NEOSHO COUNTY COMMUNITY COLLEGE         ,KS,66720-2699,Public       ,11,38,49,606,1008,1614
00193700,OTTAWA UNIVERSITY                       ,KS,66067-3399,Private      ,6,136,142,982,3016,3998
00193800,PRATT COMMUNITY COLLEGE                 ,KS,67124-8432,Public       ,2,7,9,569,641,1210
00193900,NEWMAN UNIVERSITY                       ,KS,67213-2084,Private      ,2,14,16,1067,1472,2539
00194000,SOUTHWESTERN COLLEGE                    ,KS,67156-2499,Private      ,1,33,34,726,1312,2038
00194300,UNIVERSITY OF ST MARY                   ,KS,66048-5023,Private      ,1,4,5,583,699,1282
00194500,STERLING COLLEGE                        ,KS,67579-1533,Private      ,1,8,9,849,212,1061
00194600,TABOR COLLEGE                           ,KS,67063-1799,Private      ,3,4,7,677,237,914
00194800,UNIVERSITY OF KANSAS                    ,KS,66045-7535,Public       ,65,128,193,15944,10165,26109
00194900,WASHBURN UNIVERSITY                     ,KS,66621-1110,Public       ,7,49,56,3134,4642,7776
00194901,WAHBURN UNIVERSITY - TOPEKA - WASHBURN I,KS,66604-2199,Public       ,2,10,12,221,516,737
00195000,WICHITA STATE UNIVERSITY                ,KS,67208-0001,Public       ,56,195,251,6527,8060,14587
00460800,BARTON COUNTY COMMUNITY COLLEGE         ,KS,67530-9283,Public       ,12,70,82,824,1600,2424
00526400,FLINT HILLS TECHNICAL COLLEGE           ,KS,66801-5999,Public       ,0,2,2,239,384,623
00526500,NORTH CENTRAL KANSAS TECH COLG          ,KS,67420-0000,Public       ,0,6,6,373,309,682
00526700,NORTHWEST KANSAS TECHNICAL SCHOOL       ,KS,67735-3441,Public       ,0,6,6,217,124,341
00549800,WICHITA AREA TECHNICAL COLLEGE          ,KS,67211-2099,Public       ,25,142,167,513,2462,2975
00549900,SALINA AREA TECHNICAL COLLEGE           ,KS,67401-8195,Public       ,2,6,8,159,209,368
00550000,MANHATTAN AREA TECHNICAL COLLEGE        ,KS,66503-2499,Public       ,4,11,15,326,552,878
00675500,BROWN MACKIE COLLEGE (THE)              ,KS,67401-7307,Proprietary  ,24,140,164,402,1890,2292
00703200,MID AMERICA NAZARENE UNIVERSITY         ,KS,66062-1899,Private      ,1,69,70,999,1174,2173
00822800,SEWARD CO COMM CO/AREA TECHNICAL SCHOOL ,KS,67905-0000,Public       ,4,11,15,472,496,968
00824400,JOHNSON COUNTY COMMUNITY COLLEGE        ,KS,66210-1299,Public       ,66,239,305,5673,7820,13493
00833200,B-STREET DESIGN SCHOOL OF INTERNATIONAL ,KS,66502-6082,Proprietary  ,3,8,11,40,133,173
00868200,ACADEMY OF HAIR DESIGN                  ,KS,67401-2803,Proprietary  ,1,15,16,37,97,134
01025600,BENEDICTINE COLLEGE                     ,KS,66002-1499,Private      ,0,3,3,1907,136,2043
01043800,HASKELL INDIAN NATIONS UNIVERSITY       ,KS,66046-4800,Public       ,10,12,22,1018,782,1800
01050300,WICHITA TECHNICAL INSTITUTE             ,KS,67213-1927,Proprietary  ,0,13,13,300,2008,2308
01050302,WICHITA TECHNICAL INSTITUTE - WTI TOPEKA,KS,66609-1217,Proprietary  ,4,40,44,52,325,377
01050305,WICHITA TECHNICAL INSTITUTE - EAST CAMPU,KS,67208-4243,Proprietary  ,0,3,3,27,232,259
02090700,CLEVELAND CHIROPRACTIC COLLEGE          ,KS,66210-1613,Private      ,1,10,11,49,629,678
02134800,OLD TOWN BARBER AND BEAUTY COLLEGE      ,KS,67211-0000,Proprietary  ,4,4,8,41,107,148
02196400,CAPITOL CITY HAIR DESIGN COLLEGE        ,KS,66102-0000,Proprietary  ,9,30,39,48,233,281
02257700,HAYS ACADEMY OF HAIR DESIGN             ,KS,67601-0000,Proprietary  ,0,2,2,48,70,118
02303500,AMERICAN INSTITUTE OF BAKING            ,KS,66502-0000,Private      ,0,2,2,5,19,24
02340700,LABARON HAIRDRESSING ACADEMY            ,KS,66204-0000,Proprietary  ,1,1,2,15,59,74
02590900,WRIGHT CAREER COLLEGE                   ,KS,66212-0000,Private      ,66,357,423,463,2962,3425
02599709,VATTEROTT COLLEGE - WICHITA             ,KS,67226-1304,Proprietary  ,0,3,3,99,694,793
02603100,XENON INTERNATIONAL ACADEMY             ,KS,67203-5428,Proprietary  ,0,4,4,144,271,415
02606300,PAUL MITCHELL THE SCHOOL WICHITA        ,KS,67226-2803,Proprietary  ,3,4,7,83,116,199
02611005,HERITAGE COLLEGE - WICHITA              ,KS,67210-1879,Proprietary  ,31,132,163,312,1618,1930
02613000,PINNACLE CAREER INSTITUTE               ,KS,66046-2703,Proprietary  ,4,44,48,74,402,476
03031300,XENON INTERNATIONAL ACADEMY IV          ,KS,66061-3765,Proprietary  ,3,2,5,57,100,157
03066200,BRYAN COLLEGE                           ,KS,66604-2496,Proprietary  ,1,10,11,47,298,345
03450300,B-STREET DESIGN SCHOOL OF INTERNATIONAL ,KS,66611-2373,Proprietary  ,3,10,13,67,170,237
03450301,B-STREET DESIGN SCHOOL OF INTERNATIONAL ,KS,67207-5148,Proprietary  ,2,6,8,40,131,171
03450302,B-STREET DESIGN SCHOOL OF INTERNATIONAL ,KS,66212-5451,Proprietary  ,2,9,11,66,176,242
03529300,SIDNEY'S HAIRDRESSING COLLEGE           ,KS,67501-7094,Proprietary  ,2,1,3,49,72,121
03862300,BMSI INSTITUTE                          ,KS,66212-3388,Proprietary  ,0,0,0,3,11,14
04132900,Z HAIR ACADEMY                          ,KS,66046-4040,Proprietary  ,2,1,3,34,65,99
04162700,ERIC FISHER ACADEMY                     ,KS,67212-3376,Proprietary  ,5,6,11,28,39,67
00203300,UNIVERSITY OF MAINE-PRESQUE ISLE        ,ME,04769-2888,Public       ,1,2,3,753,540,1293
00203500,BANGOR THEOLOGICAL SEMINARY             ,ME,04402-0411,Private      ,0,0,0,3,87,90
00203600,BATES COLLEGE                           ,ME,04240-6028,Private      ,1,2,3,2758,64,2822
00203800,BOWDOIN COLLEGE                         ,ME,04011-8451,Private      ,1,0,1,3660,64,3724
00203900,COLBY COLLEGE                           ,ME,04901-8841,Private      ,0,0,0,2884,62,2946
00204000,UNIVERSITY OF MAINE-FARMINGTON          ,ME,04938-1990,Public       ,5,8,13,2563,477,3040
00204100,UNIVERSITY OF MAINE-FORT KENT           ,ME,04743-1292,Public       ,0,6,6,495,327,822
00204300,HUSSON UNIVERSITY                       ,ME,04401-2999,Private      ,6,15,21,2401,1232,3633
00204400,MAINE MARITIME ACADEMY                  ,ME,04420-0001,Public       ,0,0,0,981,138,1119
00205000,UNIVERSITY OF NEW ENGLAND               ,ME,04005-9599,Private      ,1,39,40,3886,2917,6803
00205100,SAINT JOSEPH'S COLLEGE                  ,ME,04084-5263,Private      ,0,23,23,1589,653,2242
00205200,THOMAS COLLEGE                          ,ME,04901-5097,Private      ,0,1,1,935,239,1174
00205300,UNIVERSITY OF MAINE                     ,ME,04469-0001,Public       ,10,33,43,10697,3229,13926
00205400,UNIVERSITY OF SOUTHERN MAINE            ,ME,04104-0000,Public       ,5,17,22,6501,5157,11658
00205500,UNIVERSITY OF MAINE-MACHIAS             ,ME,04654-1397,Public       ,2,2,4,520,319,839
00520400,BEAL COLLEGE                            ,ME,04401-6896,Proprietary  ,5,13,18,238,659,897
00527600,CENTRAL MAINE COMMUNITY COLLEGE         ,ME,04210-6498,Public       ,3,22,25,1473,1859,3332
00527700,EASTERN MAINE COMMUNITY COLLEGE         ,ME,04401-4280,Public       ,5,11,16,1521,1624,3145
00552500,SOUTHERN MAINE COMMUNITY  COLLEGE       ,ME,04106-1698,Public       ,14,40,54,3373,3290,6663
00576000,NORTHERN MAINE COMMUNITY COLLEGE        ,ME,04769-2016,Public       ,0,8,8,491,868,1359
00577600,MERCY HOSP SCH OF RADIOLOGIC TECH       ,ME,04101-3795,Private      ,0,0,0,21,43,64
00630501,CENTRAL MAINE MEDICAL CENTER - COLLEGE O,ME,04240-4500,Private      ,0,1,1,59,236,295
00676000,UNIVERSITY OF MAINE-AUGUSTA             ,ME,04330-9410,Public       ,3,25,28,1643,5341,6984
00685800,UNITY COLLEGE                           ,ME,04988-9502,Private      ,0,1,1,934,95,1029
00903800,MR BERNARD'S SCH HAIR FASHION INC       ,ME,04243-1163,Proprietary  ,1,13,14,56,200,256
00923100,WASHINGTON COUNTY COMMUNITY COLLEGE     ,ME,04619-9704,Public       ,0,2,2,281,371,652
00929200,ANDOVER COLLEGE                         ,ME,04106-2415,Proprietary  ,4,52,56,256,1047,1303
00929201,ANDOVER COLLEGE -                       ,ME,04240-0000,Proprietary  ,12,74,86,220,1181,1401
00945900,EMPIRE BEAUTY SCHOOL                    ,ME,04101-3348,Proprietary  ,7,44,51,209,482,691
00945902,PIERRE'S SCHOOL OF COSMETOLOGY - CARIBOU,ME,04736-2020,Proprietary  ,0,0,0,7,8,15
00945903,EMPIRE BEAUTY SCHOOL - BANGOR           ,ME,04401-6534,Proprietary  ,1,0,1,23,26,49
00982600,KENNEBEC VALLEY  COMMUNITY  COLLEGE     ,ME,04937-1367,Public       ,3,28,31,770,1766,2536
01138500,COLLEGE OF THE ATLANTIC                 ,ME,04609-1105,Private      ,0,0,0,433,72,505
01167300,MAINE COLLEGE OF ART                    ,ME,04101-3987,Private      ,0,2,2,546,231,777
02104400,SPA TECH INSTITUTE                      ,ME,04102-0000,Proprietary  ,1,19,20,203,635,838
02347100,NEW ENGLAND SCHOOL OF COMMUNICATIONS    ,ME,04401-0000,Private      ,1,1,2,605,112,717
02361300,LANDING SCHOOL OF BOATBUILDING & DESIGN ,ME,04046-1490,Private      ,0,1,1,25,58,83
03122900,YORK COUNTY COMMUNITY COLLEGE           ,ME,04090-0529,Public       ,7,36,43,545,846,1391
03429300,SEACOAST CAREER SCHOOLS                 ,ME,04073-0000,Proprietary  ,39,204,243,230,1276,1506
03612300,BIRTHWISE MIDWIFERY SCHOOL              ,ME,04009-1110,Proprietary  ,0,1,1,9,52,61
00209300,ST JOHN'S COLLEGE                       ,NM,87505-4599,Private      ,1,4,5,464,219,683
00264900,COLLEGE OF SANTA FE                     ,NM,87505-7634,Proprietary  ,3,3,6,465,254,719
00265000,UNIVERSITY OF THE SOUTHWEST             ,NM,88240-9129,Private      ,0,13,13,329,448,777
00265100,EASTERN NEW MEXICO UNIV PORTALES        ,NM,88130-6000,Public       ,24,84,108,2622,2687,5309
00265101,EASTERN NEW MEXICO UNIV-ROSWELL CAM     ,NM,88202-0000,Public       ,38,106,144,1157,1871,3028
00265300,NEW MEXICO HIGHLANDS UNIVERSITY         ,NM,87701-4436,Public       ,3,21,24,1646,2302,3948
00265400,NEW MEXICO INST OF MINING & TECH        ,NM,87801-4796,Public       ,7,10,17,960,392,1352
00265500,NEW MEXICO JUNIOR COLLEGE               ,NM,88240-9123,Public       ,43,92,135,838,1254,2092
00265600,NEW MEXICO MILITARY INSTITUTE           ,NM,88201-5173,Public       ,3,0,3,346,33,379
00265700,NEW MEXICO STATE UNIVERSITY             ,NM,88003-8001,Public       ,59,133,192,11038,9407,20445
00265701,NEW MEXICO STATE UNIV-ALAMOGORDO        ,NM,88311-0000,Public       ,12,56,68,439,1308,1747
00265702,NEW MEXICO STATE UNIV.-DONA ANA CLG     ,NM,88003-0000,Public       ,19,121,140,2160,3647,5807
00265703,NEW MEXICO STATE UNIV-CARLSBAD          ,NM,88220-0000,Public       ,9,34,43,357,768,1125
00265704,NEW MEXICO STATE UNIV-GRANTS            ,NM,87020-0000,Public       ,5,16,21,213,546,759
00266000,SAN JUAN COLLEGE                        ,NM,87402-4699,Public       ,27,141,168,1759,4098,5857
00266300,THE UNIVERSITY OF NEW MEXICO            ,NM,87131-0001,Public       ,132,396,528,14157,16647,30804
00266301,UNIV OF NEW MEXICO - GALLUP BRANCH      ,NM,87301-5697,Public       ,11,24,35,517,794,1311
00266302,UNIV OF NEW MEXICO - VALENCIA BRANCH    ,NM,87031-0000,Public       ,5,22,27,361,505,866
00266303,UNIV OF NEW MEXICO - LOS ALAMOS         ,NM,87544-0000,Public       ,2,4,6,134,119,253
00266304,UNIVERSITY OF NEW MEXICO                ,NM,87571-6401,Public       ,4,4,8,162,302,464
00266400,WESTERN NEW MEXICO UNIVERSITY           ,NM,88061-5417,Public       ,6,45,51,1048,2099,3147
00369109,MIDDLEBURY COLLEGE - INSTITUTE OF AMERIC,NM,87505-0000,Private      ,0,0,0,4,2,6
00405701,NATIONAL AMERICAN UNIVERSITY            ,NM,87110-0000,Proprietary  ,1,5,6,32,356,388
00474200,CENTRAL NEW MEXICO COMMUNITY COLLEGE    ,NM,87106-4096,Public       ,302,1312,1614,7500,19064,26564
00474300,CLOVIS COMMUNITY COLLEGE                ,NM,88101-8381,Public       ,26,96,122,642,1962,2604
00996200,LUNA COMMUNITY COLLEGE                  ,NM,87701-0000,Public       ,12,30,42,450,668,1118
01063200,DEWOLFF CLG HAIRSTYLING/COSMETOLOGY     ,NM,87112-4113,Proprietary  ,2,9,11,53,202,255
01300500,OLYMPIAN UNIVERSITY OF COSMETOLOGY      ,NM,88310-5051,Proprietary  ,54,187,241,508,1500,2008
02083900,NORTHERN NEW MEXICO COLLEGE             ,NM,87530-0000,Public       ,8,37,45,653,1161,1814
02146400,INSTITUTE OF AMERICAN INDIAN ARTS       ,NM,87508-0000,Public       ,0,2,2,180,262,442
02218808,BROOKLINE COLLEGE - ALBUQUERQUE         ,NM,87105-1649,Proprietary  ,29,91,120,163,714,877
02278100,SANTA FE COMMUNITY COLLEGE              ,NM,87507-0000,Public       ,21,119,140,871,2160,3031
02293203,ATI CAREER TRAINING CENTER - ALBUQUERQUE,NM,87109-2016,Proprietary  ,2,2,4,19,69,88
02357600,CROWNPOINT INSTITUTE OF TECHNOLOGY      ,NM,87313-0000,Public       ,11,36,47,335,734,1069
02511000,SOUTHWESTERN INDIAN POLYTECH INST       ,NM,87184-0000,Public       ,27,41,68,381,537,918
02572003,COMPUTER CAREER CENTER - LAS CRUCES CAMP,NM,88011-8220,Proprietary  ,18,60,78,88,507,595
02622000,SOUTHWEST ACUPUNCTURE COLLEGE           ,NM,87505-0000,Proprietary  ,0,5,5,3,291,294
03076100,SOUTHWESTERN COLLEGE                    ,NM,87507-0000,Private      ,0,1,1,8,174,182
03206300,MESALANDS COMMUNITY COLLEGE             ,NM,88401-3352,Public       ,4,18,22,155,348,503
03430300,UNIVERSAL THERAPEUTIC MASSAGE INSTITUTE ,NM,87107-4403,Proprietary  ,0,9,9,29,145,174
03678300,PIMA MEDICAL INSTITUTE                  ,NM,87110-4127,Proprietary  ,0,2,2,49,140,189
03944300,MASSAGE THERAPY TRAINING INSTITUTE      ,NM,88007-0000,Proprietary  ,0,0,0,25,57,82
04162400,URBAN ACADEMY                           ,NM,87106-4404,Proprietary  ,3,13,16,5,17,22
00223400,ADRIAN COLLEGE                          ,MI,49221-2575,Private      ,4,5,9,2751,315,3066
00223500,ALBION COLLEGE                          ,MI,49224-1831,Private      ,0,0,0,2281,113,2394
00223600,ALMA COLLEGE                            ,MI,48801-1599,Private      ,1,1,2,2151,131,2282
00223700,ALPENA COMMUNITY COLLEGE                ,MI,49707-1495,Public       ,12,31,43,1135,1466,2601
00223800,ANDREWS UNIVERSITY                      ,MI,49104-0750,Private      ,3,41,44,1768,1408,3176
00223900,AQUINAS COLLEGE                         ,MI,49506-1799,Private      ,4,18,22,2429,838,3267
00224000,BAY DE NOC COMMUNITY COLLEGE            ,MI,49829-2524,Public       ,5,37,42,1399,1917,3316
00224100,CALVIN COLLEGE                          ,MI,49546-4388,Private      ,4,5,9,4256,421,4677
00224200,CALVIN THEOLOGICAL SEMINARY             ,MI,49546-4387,Private      ,0,1,1,15,153,168
00224300,CENTRAL MICHIGAN UNIVERSITY             ,MI,48859-0001,Public       ,39,185,224,21507,11176,32683
00224600,CLEARY UNIVERSITY                       ,MI,48105-2659,Private      ,0,20,20,184,927,1111
00224700,CONCORDIA UNIVERSITY-ANN ARBOR          ,MI,48105-2797,Private      ,0,10,10,550,440,990
00224800,CRANBROOK ACADEMY OF ART                ,MI,48303-0000,Private      ,0,0,0,17,333,350
00224900,DAVENPORT UNIVERSITY                    ,MI,49503-0000,Private      ,37,418,455,3679,16135,19814
00225100,DELTA COLLEGE                           ,MI,48710-0001,Public       ,43,129,172,6612,9889,16501
00225400,MICHIGAN STATE UNIVERSITY COLLEGE OF LAW,MI,48824-1300,Private      ,4,12,16,371,1941,2312
00225900,EASTERN MICHIGAN UNIVERSITY             ,MI,48197-2214,Public       ,88,267,355,15605,14428,30033
00226000,FERRIS STATE UNIVERSITY                 ,MI,49307-2251,Public       ,26,92,118,12703,7288,19991
00226100,CHARLES STEWART MOTT COMMUNITY CLG      ,MI,48503-2089,Public       ,82,296,378,6369,13821,20190
00226200,KETTERING UNIVERSITY                    ,MI,48504-4898,Private      ,9,6,15,2548,491,3039
00226300,GLEN OAKS COMMUNITY COLLEGE             ,MI,49032-9784,Public       ,6,40,46,631,1446,2077
00226400,GOGEBIC COMMUNITY COLLEGE               ,MI,49938-1365,Public       ,12,15,27,676,744,1420
00226500,GRACE BIBLE COLLEGE                     ,MI,49509-1998,Private      ,0,0,0,244,80,324
00226600,CORNERSTONE UNIVERSITY                  ,MI,49525-5897,Private      ,3,23,26,1584,2143,3727
00226700,GRAND RAPIDS COMMUNITY COLLEGE          ,MI,49503-3295,Public       ,78,205,283,11132,14239,25371
00226800,GRAND VALLEY STATE UNIVERSITY           ,MI,49401-9403,Public       ,39,144,183,21681,8639,30320
00226900,GREAT LAKES CHRISTIAN COLLEGE           ,MI,48917-1299,Private      ,0,1,1,194,168,362
00227000,HENRY FORD COMMUNITY COLLEGE            ,MI,48128-1495,Public       ,107,375,482,10365,17976,28341
00227300,HOPE COLLEGE                            ,MI,49423-3607,Private      ,2,4,6,3992,195,4187
00227400,JACKSON COMMUNITY COLLEGE               ,MI,49201-8399,Public       ,52,252,304,4127,8227,12354
00227500,KALAMAZOO COLLEGE                       ,MI,49006-3295,Private      ,3,2,5,1870,166,2036
00227600,KELLOGG COMMUNITY COLLEGE               ,MI,49017-3397,Public       ,24,139,163,2691,6406,9097
00227700,LAKE MICHIGAN COLLEGE                   ,MI,49022-1899,Public       ,19,112,131,2004,4197,6201
00227800,LANSING COMMUNITY COLLEGE               ,MI,48933-1293,Public       ,144,838,982,9484,17216,26700
00227900,LAWRENCE TECHNOLOGICAL UNIVERSITY       ,MI,48075-1058,Private      ,7,41,48,1913,2225,4138
00228200,MADONNA UNIVERSITY                      ,MI,48150-1173,Private      ,4,36,40,1559,3529,5088
00228400,MARYGROVE COLLEGE                       ,MI,48221-2599,Private      ,4,103,107,784,3621,4405
00228800,ROCHESTER COLLEGE                       ,MI,48307-2764,Private      ,4,14,18,622,759,1381
00228801,ROCHESTER COLLEGE - MACOMB COMMUNITY COL,MI,48038-1139,Private      ,5,16,21,672,1032,1704
00228802,ROCHESTER COLLEGE - MOTT COMMUNITY COLLE,MI,48503-2089,Private      ,3,13,16,239,453,692
00228803,ROCHESTER COLLEGE  - SPECS HOWARD       ,MI,48075-3953,Private      ,2,3,5,32,74,106
00229000,MICHIGAN STATE UNIVERSITY               ,MI,48824-1113,Public       ,93,318,411,35271,13658,48929
00229200,MICHIGAN TECHNOLOGICAL UNIV             ,MI,49931-1295,Public       ,6,3,9,6054,1104,7158
00229300,LAKE SUPERIOR STATE UNIVERSITY          ,MI,49783-1691,Public       ,8,14,22,2418,1026,3444
00229400,MONROE COUNTY COMMUNITY CLG             ,MI,48161-9746,Public       ,22,70,92,1795,2926,4721
00229500,MONTCALM COMMUNITY COLLEGE              ,MI,48885-9723,Public       ,17,55,72,1069,2318,3387
00229700,MUSKEGON COMMUNITY COLLEGE              ,MI,49442-1432,Public       ,24,69,93,3240,5007,8247
00229900,NORTH CENTRAL MICHIGAN COLLEGE          ,MI,49770-8740,Public       ,3,26,29,1072,2246,3318
00230100,NORTHERN MICHIGAN UNIVERSITY            ,MI,49855-5316,Public       ,14,50,64,7806,3219,11025
00230200,NORTHWESTERN MICHIGAN COLLEGE           ,MI,49686-3061,Public       ,7,59,66,2636,3752,6388
00230300,OAKLAND COMMUNITY COLLEGE               ,MI,48304-2266,Public       ,0,0,0,75,63,138
00230301,OAKLAND COMMUNITY COLLEGE - ORCHARD RIDG,MI,48334-4579,Public       ,36,104,140,2535,4158,6693
00230302,OAKLAND COMMUNITY COLLEGE - ROYAL OAK CA,MI,48067-3898,Public       ,39,179,218,2995,5970,8965
00230303,OAKLAND COMMUNITY COLLEGE - SOUTHFIELD C,MI,48075-4793,Public       ,23,140,163,2254,5611,7865
00230304,OAKLAND COMMUNITY COLLEGE - AUBURN HILLS,MI,48323-2845,Public       ,33,191,224,3625,6859,10484
00230305,OAKLAND COMMUNITY COLLEGE - HIGHLAND LAK,MI,48327-4187,Public       ,23,95,118,1882,3508,5390
00230700,OAKLAND UNIVERSITY                      ,MI,48309-4401,Public       ,42,126,168,13353,10358,23711
00230800,OLIVET COLLEGE                          ,MI,49076-9902,Private      ,15,2,17,1528,385,1913
00231000,ST. CLAIR COUNTY COMMUNITY COLLEGE      ,MI,48061-0000,Public       ,22,73,95,2376,4544,6920
00231100,KUYPER COLLEGE                          ,MI,49525-9749,Private      ,0,1,1,360,152,512
00231300,SACRED HEART MAJOR SEMINARY             ,MI,48206-1799,Private      ,0,1,1,39,178,217
00231400,SAGINAW VALLEY STATE UNIV               ,MI,48710-0001,Public       ,16,46,62,9061,4475,13536
00231500,SCHOOLCRAFT COLLEGE                     ,MI,48152-2696,Public       ,31,176,207,6058,9818,15876
00231600,SIENA HEIGHTS UNIVERSITY                ,MI,49221-1796,Private      ,3,40,43,1155,1986,3141
00231700,SOUTHWESTERN MICHIGAN COLLEGE           ,MI,49047-9793,Public       ,16,79,95,1590,2767,4357
00231800,SPRING ARBOR UNIVERSITY                 ,MI,49283-9984,Private      ,1,51,52,2244,3914,6158
00232200,FINLANDIA UNIVERSITY                    ,MI,49930-1882,Private      ,1,2,3,560,336,896
00232300,UNIVERSITY OF DETROIT MERCY             ,MI,48221-3038,Private      ,17,56,73,3191,4289,7480
00232303,UNIV OF DETROIT MERCY - LAW SCHOOL      ,MI,48226-0000,Private      ,0,2,2,20,971,991
00232330,UNIV OF DETROIT MERCY - DENTAL SCHOOL   ,MI,48208-2576,Private      ,1,6,7,59,429,488
00232500,UNIVERSITY OF MICHIGAN - ANN ARBOR      ,MI,48109-1316,Public       ,186,108,294,27093,12545,39638
00232501,UNIVERSITY OF MICHIGAN-MEDICAL SCH      ,MI,48109-0000,Public       ,2,0,2,173,1155,1328
00232503,UNIVERSITY OF MICHIGAN LAW SCHOOL       ,MI,48109-0000,Public       ,2,2,4,48,2856,2904
00232600,UNIVERSITY OF MICHIGAN-DEARBORN         ,MI,48128-2406,Public       ,32,103,135,5333,5544,10877
00232700,UNIVERSITY OF MICHIGAN-FLINT            ,MI,48502-1950,Public       ,27,97,124,4559,6400,10959
00232800,WASHTENAW COMMUNITY COLLEGE             ,MI,48106-0000,Public       ,98,325,423,5454,9970,15424
00232900,WAYNE STATE UNIVERSITY                  ,MI,48202-0000,Public       ,106,339,445,17877,23656,41533
00232901,WAYNE STATE UNIV SCH OF MEDICINE        ,MI,48201-3359,Public       ,4,9,13,288,1740,2028
00232902,WAYNE STATE UNIVERSITY - LAW SCHOOL     ,MI,48202-3424,Public       ,6,8,14,186,1455,1641
00233000,WESTERN MICHIGAN UNIVERSITY             ,MI,49008-3899,Public       ,48,126,174,19096,9870,28966
00233100,WESTERN THEOLOGICAL SEMINARY            ,MI,49423-0000,Private      ,0,1,1,0,148,148
00407100,WALSH COLLEGE OF ACCT & BUS ADMN        ,MI,48007-7006,Private      ,2,77,79,321,3107,3428
00407200,NORTHWOOD UNIVERSITY                    ,MI,48640-2398,Private      ,4,28,32,2326,2107,4433
00467300,BAKER COLLEGE - FLINT                   ,MI,48507-5508,Private      ,90,432,522,2956,10423,13379
00467301,BAKER COLLEGE OF CADILLAC               ,MI,49601-0000,Private      ,14,97,111,637,2620,3257
00467302,BAKER COLLEGE OF CLINTON TOWNSHIP       ,MI,48035-0000,Private      ,36,157,193,2556,7803,10359
00467303,BAKER COLLEGE OF MUSKEGON               ,MI,49442-0000,Private      ,41,276,317,3299,7040,10339
00467304,BAKER COLLEGE OF OWOSSO                 ,MI,48867-0000,Private      ,24,104,128,2047,3299,5346
00467305,BAKER COLLEGE OF AUBURN HILLS           ,MI,48326-0000,Private      ,35,174,209,1458,5520,6978
00467306,BAKER COLLEGE OF PORT HURON             ,MI,48060-0000,Private      ,7,72,79,732,2498,3230
00467309,BAKER COLLEGE OF JACKSON                ,MI,49202-0000,Private      ,31,149,180,887,3579,4466
00467311,BAKER COLLEGE-CASS CITY                 ,MI,48726-0000,Private      ,6,33,39,279,734,1013
00467313,BAKER COLLEGE - GRADUATE ON-LINE        ,MI,48507-0000,Private      ,14,225,239,410,6704,7114
00467317,BAKER COLLEGE-ALLEN PARK                ,MI,48101-0000,Private      ,29,125,154,1245,4537,5782
00469200,DORSEY SCHOOL OF BUSINESS               ,MI,48195-2334,Proprietary  ,8,52,60,122,747,869
00469201,DORSEY SCHOOL OF BUSINESS               ,MI,48184-0000,Proprietary  ,6,32,38,96,568,664
00469202,DORSEY SCHOOL OF BUSINESS               ,MI,48071-0000,Proprietary  ,6,66,72,83,666,749
00469204,DORSEY SCHOOL OF BUSINESS               ,MI,48066-0000,Proprietary  ,15,62,77,216,1023,1239
00469205,DORSEY BUSINESS SCHOOL - FARMINGTON HILL,MI,48334-3385,Proprietary  ,4,11,15,54,284,338
00469206,DORSEY BUSINESS SCHOOL - ROSEVILLE CULIN,MI,48066-4555,Proprietary  ,9,16,25,113,540,653
00469207,DORSEY BUSINESS SCHOOL - WATERFORD/PONTI,MI,48341-1037,Proprietary  ,9,26,35,44,236,280
00491003,KAPLAN CAREER INSTITUTE - DEARBORN      ,MI,48228-0000,Proprietary  ,6,82,88,167,973,1140
00676800,MID MICHIGAN COMMUNITY COLLEGE          ,MI,48625-9447,Public       ,28,106,134,2788,4053,6841
00677100,COLLEGE FOR CREATIVE STUDIES            ,MI,48202-4034,Private      ,4,3,7,1574,669,2243
00694900,KALAMAZOO VALLEY COMMUNITY COLLEGE      ,MI,49003-4070,Public       ,46,276,322,5984,9097,15081
00717100,KIRTLAND COMMUNITY COLLEGE              ,MI,48653-0000,Public       ,11,48,59,1041,2281,3322
00761700,CARNEGIE INSTITUTE                      ,MI,48083-1159,Proprietary  ,1,7,8,84,674,758
00795000,WEST SHORE COMMUNITY COLLEGE            ,MI,49454-0000,Public       ,1,4,5,698,1085,1783
00817800,EMPIRE BEAUTY SCHOOL                    ,MI,49525-2440,Proprietary  ,14,28,42,300,726,1026
00817801,EMPIRE BEAUTY SCHOOL - KALAMAZOO CAMPUS ,MI,49024-2694,Proprietary  ,1,1,2,22,50,72
00890600,MACOMB COMMUNITY COLLEGE                ,MI,48088-3896,Public       ,92,264,356,10866,17640,28506
00894600,PORT HURON COSMETOLOGY COLLEGE          ,MI,48329-1618,Proprietary  ,0,5,5,35,80,115
00923000,WAYNE COUNTY COMMUNITY CLG-DISTRICT     ,MI,48226-3095,Public       ,200,897,1097,10887,32859,43746
00973200,VIRGINIA FARRELL BEAUTY SCHOOL          ,MI,48080-1448,Proprietary  ,2,4,6,35,83,118
00973400,VIRGINIA FARRELL BEAUTY SCHOOL          ,MI,48220-1739,Proprietary  ,5,16,21,84,226,310
00982800,EVEREST INSTITUTE                       ,MI,48033-4400,Proprietary  ,38,163,201,540,2390,2930
00982801,EVEREST INSTITUTE- DEARBORN             ,MI,48124-1927,Proprietary  ,29,182,211,557,2080,2637
00982803,EVEREST INSTITUTE - DETROIT             ,MI,48207-4291,Proprietary  ,31,115,146,403,1405,1808
01047000,KALAMAZOO BEAUTY ACADEMY                ,MI,49002-5220,Proprietary  ,0,1,1,41,79,120
01062700,ITT TECHNICAL INSTITUTE                 ,MI,49519-0000,Proprietary  ,47,91,138,1544,4143,5687
01082700,DAVID PRESSLEY PROF SCH OF COSMTLGY     ,MI,48067-3219,Proprietary  ,4,6,10,130,165,295
01109800,FLINT INSTITUTE OF BARBERING            ,MI,48504-4395,Proprietary  ,1,2,3,30,131,161
01164600,VIRGINIA FARRELL BEAUTY SCHOOL          ,MI,48185-3091,Proprietary  ,4,7,11,50,177,227
01229100,WRIGHT BEAUTY ACADEMY                   ,MI,49015-2696,Proprietary  ,1,10,11,39,135,174
01262700,THOMAS M. COOLEY LAW SCHOOL             ,MI,48901-1586,Private      ,0,51,51,20,5323,5343
01321800,M J MURPHY BTY CLG MT PLEASANT          ,MI,48858-2502,Proprietary  ,2,1,3,64,103,167
02060300,MICHIGAN INSTITUTE OF AERONAUTICS       ,MI,48188-2533,Proprietary  ,15,75,90,572,1262,1834
02068700,ADRIAN BEAUTY ACADEMY                   ,MI,49221-0000,Proprietary  ,0,1,1,31,46,77
02099700,ROSS MEDICAL EDUCATION CENTER           ,MI,48532-0000,Proprietary  ,22,137,159,310,1979,2289
02099701,ROSS MEDICAL EDUCATION CENTER-SAGINAW   ,MI,48603-5227,Proprietary  ,1,6,7,29,146,175
02099702,ROSS MEDICAL EDUCATION CENTER-PORT HURON,MI,48060-1958,Proprietary  ,0,2,2,8,93,101
02099703,ROSS MEDICAL EDUCATION CENTER-ROOSEVELT ,MI,49441-4156,Proprietary  ,0,0,0,9,31,40
02100400,EVEREST INSTITUTE                       ,MI,49525-2301,Proprietary  ,15,107,122,317,1695,2012
02100401,EVEREST INSTITUTE - KALAMAZOO           ,MI,49009-3307,Proprietary  ,29,145,174,238,1346,1584
02125600,MICHIGAN COLLEGE OF BEAUTY              ,MI,48083-0000,Proprietary  ,7,26,33,183,429,612
02152103,ACADEMY OF COURT REPORTING & TECHNOLOGY ,MI,48017-1495,Proprietary  ,5,22,27,65,489,554
02158600,MR BELA'S SCHOOL OF COSMETOLOGY         ,MI,48092-4637,Proprietary  ,1,13,14,38,120,158
02160303,INTERNATIONAL ACADEMY OF DESIGN AND TECH,MI,48083-2160,Proprietary  ,4,26,30,777,1078,1855
02180100,ROSS MEDICAL EDUCATION CENTER           ,MI,48092-0000,Proprietary  ,6,90,96,166,953,1119
02180105,ROSS MEDICAL EDUCATION CENTER-REDFORD   ,MI,48239-1260,Proprietary  ,0,0,0,8,103,111
02198900,MICHIGAN SCHOOL OF PROFESSIONAL PSYCHOLO,MI,48334-4512,Private      ,0,1,1,8,159,167
02209200,TAYLORTOWN SCHOOL OF BEAUTY             ,MI,48180-0000,Proprietary  ,1,0,1,31,86,117
02237800,SPECS HOWARD SCHOOL OF MEDIA ARTS       ,MI,48075-0000,Proprietary  ,16,33,49,598,976,1574
02285700,BAYSHIRE BEAUTY ACADEMY                 ,MI,48708-5614,Proprietary  ,1,7,8,41,151,192
02289801,KAPLAN INSTITUTE - DETROIT CAMPUS       ,MI,48202-0000,Proprietary  ,14,68,82,368,1569,1937
02324500,MICHIGAN COLLEGE OF BEAUTY              ,MI,48161-0000,Proprietary  ,2,6,8,75,179,254
02339700,ROSS MEDICAL EDUCATION CENTER           ,MI,48116-0000,Proprietary  ,21,106,127,245,1448,1693
02339701,ROSS MEDICAL EDUCATION CENTER-ANN ARBOR ,MI,48108-1411,Proprietary  ,0,2,2,23,94,117
02339703,ROSS MEDICAL EDUCATION CENTER - DAVISON ,MI,48423-1751,Proprietary  ,1,3,4,1,11,12
02361500,MICHIGAN BARBER COLLEGE                 ,MI,48204-2244,Private      ,1,10,11,129,415,544
02363800,YESHIVA GEDOLAH OF GREATER DETROIT      ,MI,48237-0000,Private      ,1,0,1,43,4,47
02491000,WEST MI COLG OF BARBERING & BEAUTY      ,MI,49008-0000,Proprietary  ,1,4,5,37,165,202
02498300,VIRGINIA FARRELL BEAUTY SCHOOL          ,MI,48154-0000,Proprietary  ,3,5,8,62,159,221
02533600,ROSS MEDICAL EDUCATION CENTER           ,MI,48917-2108,Proprietary  ,14,91,105,203,1150,1353
02533601,ROSS MEDICAL EDUCATION CENTER - GRAND RA,MI,49546-2430,Proprietary  ,1,4,5,30,204,234
02588200,DOUGLAS J AVEDA INSTITUTE               ,MI,48823-4351,Proprietary  ,8,18,26,575,693,1268
02588201,DOUGLAS J AVEDA INSTITUTE - ANN ARBOR   ,MI,48104-2211,Proprietary  ,1,6,7,86,111,197
02595700,HILLSDALE BEAUTY COLLEGE                ,MI,49242-0000,Proprietary  ,0,1,1,45,28,73
02618400,MICHIGAN CAREER & TECHNICAL INST        ,MI,49080-9254,Public       ,18,15,33,251,147,398
03005700,DETROIT BUSINESS INST. DOWNRIVER        ,MI,48193-6761,Proprietary  ,8,20,28,97,273,370
03028500,LAWTON SCHOOL                           ,MI,48075-0000,Proprietary  ,5,20,25,71,308,379
03066600,BAY MILLS COMMUNITY COLLEGE             ,MI,49715-9750,Public       ,6,16,22,176,495,671
03075200,TWIN CITY BEAUTY COLLEGE                ,MI,49085-3305,Proprietary  ,7,19,26,71,243,314
03075201,TWIN CITY BEAUTY COLLEGE - TRAVERSE CITY,MI,49686-5119,Proprietary  ,0,1,1,14,32,46
03090000,SHARP'S ACADEMY OF HAIRSTYLING INC.     ,MI,48433-0000,Proprietary  ,0,0,0,20,69,89
03109700,HOUGHTON LAKE INST OF COSMETOLOGY       ,MI,48629-0669,Proprietary  ,0,1,1,12,21,33
03110300,THE SCHOOL OF CREATIVE HAIR DESIGN      ,MI,49036-1139,Proprietary  ,2,4,6,24,58,82
03124000,NORTHWESTERN TECHNOLOGICAL INST         ,MI,48075-2412,Proprietary  ,14,61,75,126,738,864
03135300,MICHIGAN THEOLOGICAL SEMINARY           ,MI,48170-4399,Private      ,0,0,0,4,128,132
03284300,MICHIGAN JEWISH INSTITUTE               ,MI,48237-0000,Private      ,10,2,12,1011,255,1266
03490300,PAUL MITCHELL THE SCHOOL ESCANABA       ,MI,49829-0000,Proprietary  ,9,17,26,160,201,361
03588300,IRENE'S MYOMASSOLOGY INSTITUTE          ,MI,48033-2404,Proprietary  ,0,8,8,86,501,587
03704300,BLUE WATER COLLEGE OF COSMETOLOGY       ,MI,48040-0000,Proprietary  ,0,2,2,27,68,95
03772300,SAGINAW CHIPPEWA TRIBAL COLLEGE         ,MI,48858-0000,Public       ,0,1,1,12,55,67
03815300,IN SESSION-ARTS OF COSMETOLOGY BEAU     ,MI,48609-0000,Proprietary  ,0,15,15,36,130,166
03907300,PAUL MITCHELL THE SCHOOL GREAT LAKES    ,MI,48060-0000,Proprietary  ,4,9,13,94,131,225
03915300,CAREER QUEST LEARNING CENTER            ,MI,48910-4732,Proprietary  ,1,21,22,101,933,1034
03968300,LAKEWOOD SCHOOL OF THERAPEUTIC MASSAGE  ,MI,48060-0000,Proprietary  ,0,1,1,5,64,69
03976500,ANN ARBOR INSTITUTE OF MASSAGE THERAPY  ,MI,48103-0000,Proprietary  ,0,1,1,26,107,133
04002400,ECUMENICAL THEOLOGICAL SEMINARY         ,MI,48201-3035,Private      ,0,1,1,2,107,109
04006300,NUVO COLLEGE OF COSMETOLOGY             ,MI,49441-3822,Proprietary  ,0,3,3,25,118,143
04014300,P&A SCHOLARS BEAUTY SCHOOL              ,MI,48204-0000,Proprietary  ,5,13,18,132,278,410
04094300,ROBERT B. MILLER COLLEGE (THE)          ,MI,49017-3306,Private      ,1,3,4,59,356,415
04121100,GALLERY COLLEGE OF BEAUTY (THE)         ,MI,48036-3591,Proprietary  ,2,4,6,99,295,394
04136300,FOCUS:  HOPE INFORMATION TECHNOLOGIES CE,MI,48238-2949,Private      ,3,5,8,62,262,324
04138400,SCHOOL OF DESIGNING ARTS                ,MI,49037-7995,Proprietary  ,0,3,3,35,69,104
04139600,REGAL BEAUTY SCHOOL                     ,MI,48150-4013,Proprietary  ,0,0,0,15,66,81
04140900,INTERNATIONAL COSMETOLOGY ACADEMY       ,MI,49508-1308,Proprietary  ,2,5,7,38,188,226
04141100,FRENCH ACADEMY OF COSMETOLOGY           ,MI,49456-3207,Proprietary  ,2,5,7,40,72,112
04158400,L'ESPRIT ACADEMY                        ,MI,48150-0000,Proprietary  ,1,3,4,29,21,50
04159300,MARKETTI ACADEMY OF COSMETOLOGY         ,MI,48329-3506,Proprietary  ,2,7,9,13,27,40
00233200,ANOKA-RAMSEY CC-CAMBRIDGE/COONRAPID     ,MN,55433-3499,Public       ,48,138,186,3542,4693,8235
00233400,AUGSBURG COLLEGE                        ,MN,55454-1351,Private      ,0,25,25,2674,2341,5015
00233500,RIVERLAND COMMUNITY COLLEGE             ,MN,55912-1473,Public       ,22,51,73,1143,2108,3251
00233600,BEMIDJI STATE UNIVERSITY                ,MN,56601-2699,Public       ,8,59,67,3245,2047,5292
00233700,BETHANY LUTHERAN COLLEGE INC            ,MN,56001-6163,Private      ,0,3,3,719,58,777
00233900,CENTRAL LAKES COLG-BRAINERD/STAPLES     ,MN,56401-3900,Public       ,20,77,97,1563,2322,3885
00234000,CARLETON COLLEGE                        ,MN,55057-4001,Private      ,0,0,0,3019,43,3062
00234100,COLLEGE OF ST BENEDICT                  ,MN,56374-2099,Private      ,1,0,1,2022,49,2071
00234200,ST. CATHERINE UNIVERSITY                ,MN,55105-1789,Private      ,7,51,58,2339,3416,5755
00234300,COLLEGE OF ST SCHOLASTICA               ,MN,55811-4199,Private      ,5,93,98,2399,1888,4287
00234500,UNIVERSITY OF ST THOMAS                 ,MN,55105-1096,Private      ,11,113,124,6289,4243,10532
00234600,CONCORDIA COLLEGE-MOORHEAD              ,MN,56562-0001,Private      ,0,5,5,3264,171,3435
00234700,"CONCORDIA UNIVERSITY, ST PAUL, MN       ",MN,55104-5494,Private      ,6,93,99,1347,2141,3488
00235000,VERMILION COMMUNITY COLLEGE             ,MN,55731-1996,Public       ,2,2,4,486,178,664
00235300,GUSTAVUS ADOLPHUS COLLEGE               ,MN,56082-1498,Private      ,4,0,4,3066,54,3120
00235400,HAMLINE UNIVERSITY                      ,MN,55104-1284,Private      ,0,101,101,2490,3589,6079
00235500,HIBBING COMMUNITY COLLEGE               ,MN,55746-3300,Public       ,8,26,34,726,1173,1899
00235600,ITASCA COMMUNITY COLLEGE                ,MN,55744-3397,Public       ,11,8,19,774,686,1460
00235700,LUTHER SEMINARY                         ,MN,55108-0000,Private      ,0,4,4,2,455,457
00235800,MACALESTER COLLEGE                      ,MN,55105-1899,Private      ,0,1,1,3285,95,3380
00236000,"MINNESOTA STATE UNIVERSITY, MANKATO     ",MN,56002-0000,Public       ,80,107,187,10941,4377,15318
00236100,MARTIN LUTHER COLLEGE                   ,MN,56073-3965,Private      ,0,0,0,661,52,713
00236200,MINNEAPOLIS COMM AND TECH COLLEGE       ,MN,55403-1779,Public       ,77,334,411,4683,10719,15402
00236500,MINNEAPOLIS COLLEGE OF ART & DESIGN     ,MN,55404-4343,Private      ,1,3,4,942,389,1331
00236600,CROSSROADS COLLEGE                      ,MN,55902-2382,Private      ,0,1,1,117,90,207
00236700,MINNESOTA STATE UNIVERSITY MOORHEAD     ,MN,56563-0001,Public       ,13,44,57,5169,2415,7584
00236900,NORTH CENTRAL UNIVERSITY                ,MN,55404-1391,Private      ,0,6,6,1198,373,1571
00237000,NORTH HENNEPIN COMMUNITY COLLEGE        ,MN,55445-2299,Public       ,48,207,255,2959,5176,8135
00237100,NORTHWESTERN COLLEGE                    ,MN,55113-1598,Private      ,5,28,33,2334,907,3241
00237300,ROCHESTER COMMUNITY/TECH COLLEGE        ,MN,55904-4999,Public       ,31,93,124,3010,3549,6559
00237500,SOUTHWEST MINNESOTA STATE UNIVERSITY    ,MN,56258-1598,Public       ,3,16,19,2019,1117,3136
00237700,ST CLOUD STATE UNIVERSITY               ,MN,56301-4498,Public       ,47,141,188,10373,5313,15686
00237900,SAINT JOHNS UNIVERSITY                  ,MN,56321-0000,Private      ,2,2,4,1855,97,1952
00238000,SAINT MARY'S UNIVERSITY                 ,MN,55987-1399,Private      ,1,56,57,1563,3212,4775
00238200,ST OLAF COLLEGE                         ,MN,55057-1098,Private      ,2,1,3,3839,60,3899
00238300,CROWN COLLEGE                           ,MN,55375-9001,Private      ,1,7,8,756,700,1456
00238500,NORTHLAND COMMUNITY & TECHNICAL CLG     ,MN,56701-2598,Public       ,11,46,57,1637,2292,3929
00238600,UNITED THEOLGCL SEMINRY TWIN CITIES     ,MN,55112-0000,Private      ,0,1,1,1,115,116
00238800,"UNIVERSITY OF MINNESOTA, DULUTH         ",MN,55812-2496,Public       ,20,25,45,9674,2132,11806
00238900,"UNIVERSITY OF MINNESOTA, MORRIS         ",MN,56267-2113,Public       ,0,4,4,1789,259,2048
00239100,WILLIAM MITCHELL COLLEGE OF LAW         ,MN,55105-0000,Private      ,0,2,2,0,1288,1288
00239300,MINNESOTA STATE COLLEGE-SE TECH         ,MN,55987-0409,Public       ,5,44,49,886,1742,2628
00239400,WINONA STATE UNIVERSITY                 ,MN,55987-5838,Public       ,11,20,31,7040,1505,8545
00396900,UNIVERSITY OF MINNESOTA-TWIN CITIES     ,MN,55455-0422,Public       ,63,338,401,28935,19383,48318
00400900,MESABI RANGE CMNTY & TECH COLLEGE       ,MN,55792-0000,Public       ,0,18,18,562,821,1383
00405708,NATIONAL AMERICAN UNIVERSITY            ,MN,55113-0000,Proprietary  ,1,4,5,54,349,403
00405715,NATIONAL AMERICAN UNIVERSITY - BLOOMINGT,MN,55425-5550,Proprietary  ,1,3,4,41,349,390
00406900,UNIVERSITY OF MINNESOTA-CROOKSTON       ,MN,56716-5001,Public       ,2,20,22,994,522,1516
00438600,VETERAN'S MEDICAL CTR- SCH RAD TECH     ,MN,55417-2399,Public       ,0,0,0,1,17,18
00464100,DUNWOODY COLLEGE OF TECHNOLOGY          ,MN,55403-1192,Private      ,0,11,11,1085,1746,2831
00464200,GLOBE UNIVERSITY                        ,MN,55125-5408,Proprietary  ,18,114,132,1375,4600,5975
00464500,MINNEAPOLIS BUSINESS COLLEGE            ,MN,55113-4036,Proprietary  ,0,1,1,428,166,594
00464600,MINNESOTA SCHOOL OF BUSINESS            ,MN,55423-0000,Proprietary  ,16,64,80,2709,8161,10870
00525200,RIDGEWATER COLLEGE                      ,MN,56201-2098,Public       ,34,68,102,2102,2339,4441
00526300,MINNESOTA WEST CMNTY & TECH COLG        ,MN,56241-1096,Public       ,30,53,83,1042,1682,2724
00553300,"SAINT PAUL COLLEGE, COMMUNITY/TECHNICAL ",MN,55102-1800,Public       ,46,234,280,2643,6471,9114
00553400,SAINT CLOUD TECHNICAL COLLEGE AND COMMUN,MN,56303-1240,Public       ,23,87,110,2686,2613,5299
00553500,PINE TECHNICAL COLLEGE                  ,MN,55063-2198,Public       ,6,28,34,248,883,1131
00553700,SOUTH CENTRAL COLLEGE                   ,MN,56003-0000,Public       ,21,55,76,1712,2222,3934
00554100,MINNESOTA STATE COMMUNITY AND TECHNICAL ,MN,56573-1405,Public       ,28,113,141,2523,3769,6292
00554400,ALEXANDRIA TECHNICAL COLLEGE            ,MN,56308-3799,Public       ,6,14,20,1270,1037,2307
00575700,LAKE SUPERIOR COLLEGE                   ,MN,55811-3399,Public       ,15,72,87,2084,2927,5011
00575900,NORTHWEST TECHNICAL COLLEGE - BEMIDJI   ,MN,56601-4907,Public       ,6,34,40,453,1102,1555
00677500,RAINY RIVER COMMUNITY COLLEGE           ,MN,56649-2187,Public       ,1,0,1,117,158,275
00735000,ANOKA-HENNEPIN TECHNICAL COLLEGE        ,MN,55303-1590,Public       ,14,44,58,873,2441,3314
00735100,BROWN COLLEGE                           ,MN,55120-1004,Proprietary  ,9,33,42,1037,1265,2302
00746200,COLLEGE OF VISUAL ARTS                  ,MN,55102-2199,Private      ,0,0,0,207,58,265
00795400,NORMANDALE COMMUNITY COLLEGE            ,MN,55431-4399,Public       ,51,158,209,4486,5243,9729
00826700,NORTHWEST TECHNICAL INSTITUTE           ,MN,55121-5001,Proprietary  ,1,0,1,131,51,182
00869400,RASMUSSEN COLLEGE - ST. CLOUD           ,MN,56301-3713,Proprietary  ,7,68,75,379,1699,2078
00869401,RASMUSSEN COLLEGE - BROOKLYN PARK       ,MN,55445-1512,Proprietary  ,9,52,61,385,1926,2311
00869406,RASMUSSEN COLLEGE - EAGAN               ,MN,55122-1346,Proprietary  ,7,34,41,350,1477,1827
00869407,RASMUSSEN COLLEGE - EDEN PRAIRIE        ,MN,55344-7220,Proprietary  ,31,242,273,467,4021,4488
00869409,RASMUSSEN COLLEGE - MANKATO             ,MN,56001-8658,Proprietary  ,4,38,42,345,1273,1618
00869412,RASMUSSEN COLLEGE - LAKE ELMO           ,MN,55042-8624,Proprietary  ,8,43,51,262,1136,1398
00869416,RASMUSSEN COLLEGE - MOORHEAD            ,MN,56560-4513,Proprietary  ,1,32,33,1,33,34
00869417,RASMUSSEN COLLEGE - BLAINE              ,MN,55014-0000,Proprietary  ,0,8,8,0,8,8
00905800,BETHEL UNIVERSITY                       ,MN,55112-6999,Private      ,7,73,80,3055,2248,5303
00960000,COSMETOLOGY CAREERS UNLTD-DULUTH        ,MN,55802-2031,Proprietary  ,0,2,2,30,71,101
00972200,EMPIRE BEAUTY SCHOOL                    ,MN,55119-7003,Proprietary  ,1,23,24,99,333,432
00974000,INVER HILLS COMMUNITY COLLEGE           ,MN,55076-3224,Public       ,36,110,146,2227,3556,5783
00983100,MODEL COLLEGE OF HAIR DESIGN            ,MN,56301-4280,Proprietary  ,1,4,5,101,91,192
00987000,EMPIRE BEAUTY SCHOOL                    ,MN,55420-2919,Proprietary  ,6,27,33,114,348,462
00989200,"DULUTH BUSINESS UNIV, INC.              ",MN,55807-0000,Proprietary  ,1,3,4,161,571,732
00999200,OAK HILLS CHRISTIAN COLLEGE             ,MN,56601-0000,Private      ,0,0,0,126,70,196
01024800,ART INSTITUTES INTL MINNESOTA           ,MN,55402-3137,Proprietary  ,24,36,60,1792,1416,3208
01035602,EVEREST INSTITUTE - EAGAN               ,MN,55121-1696,Proprietary  ,31,134,165,227,1347,1574
01037400,METROPOLITAN STATE UNIVERSITY           ,MN,55106-5000,Public       ,9,145,154,1621,6734,8355
01040200,DAKOTA COUNTY TECHNICAL COLLEGE         ,MN,55068-2999,Public       ,20,64,84,1266,2147,3413
01049000,REGENCY BEAUTY INSTITUTE                ,MN,55428-0000,Proprietary  ,150,390,540,3842,7293,11135
01049100,HENNEPIN TECHNICAL COLLEGE              ,MN,55445-2399,Public       ,28,207,235,1902,5039,6941
01054600,CENTURY COMMUNITY AND TECHNICAL CLG     ,MN,55110-1894,Public       ,65,288,353,4912,7179,12091
01101700,HERZING COLLEGE                         ,MN,55428-3548,Proprietary  ,5,30,35,191,541,732
01173200,"MAYO CLINIC, COLLEGE OF MEDICINE        ",MN,55905-0000,Private      ,1,0,1,34,381,415
01173201,MAYO SCHOOL OF HEALTH-RELATED SCIEN     ,MN,55905-0000,Private      ,0,0,0,49,119,168
01173206,MAYO GRAD SCHOOL                        ,MN,55901-0000,Private      ,0,0,0,3,47,50
01173207,MAYO MEDICAL SCHOOL                     ,MN,55901-0000,Private      ,0,1,1,2,140,142
01232800,NORTHWESTERN HEALTH SCIENCES UNIV       ,MN,55431-1599,Private      ,4,10,14,56,885,941
02050300,ACADEMY COLLEGE                         ,MN,55420-1554,Proprietary  ,2,15,17,51,314,365
02097300,HASTINGS BEAUTY SCHOOL                  ,MN,55033-1205,Proprietary  ,0,3,3,2,6,8
02123200,AVEDA INSTITUTE                         ,MN,55414-0000,Proprietary  ,15,24,39,375,445,820
02159800,COSMETOLOGY CAREERS UNLTD - HIBBING     ,MN,55746-0000,Proprietary  ,1,3,4,29,41,70
02160901,"SALON PROFESSIONAL ACADEMY, THE - THE SA",MN,55428-4928,Proprietary  ,3,4,7,55,84,139
02238100,MINNESOTA SCHOOL OF COSMETOLOGY         ,MN,55125-0000,Proprietary  ,0,13,13,100,202,302
02260500,SUMMIT ACAD OPPORTUNITIES IND CTR       ,MN,55405-0000,Private      ,9,70,79,64,439,503
02263102,ANTHEM COLLEGE - ST. LOUIS PARK         ,MN,55416-2467,Proprietary  ,1,1,2,16,60,76
02504200,WALDEN UNIVERSITY                       ,MN,55401-2511,Proprietary  ,10,2387,2397,115,44958,45073
02514100,AMERICAN INDIAN OPPORTUNITIES CTR       ,MN,55404-0000,Private      ,0,4,4,17,178,195
02543600,INGENUE                                 ,MN,56560-0000,Proprietary  ,0,0,0,15,27,42
02551200,EAST METRO OIC                          ,MN,55104-3435,Private      ,0,0,0,30,103,133
03001200,MCNALLY SMITH COLLEGE OF MUSIC          ,MN,55101-2220,Proprietary  ,1,3,4,785,273,1058
03051900,ALFRED ADLER GRADUATE SCHOOL            ,MN,55305-0000,Private      ,0,11,11,0,305,305
03096400,LEECH LAKE TRIBAL COLLEGE               ,MN,56633-0000,Public       ,3,38,41,34,302,336
03129100,FOND DU LAC TRIBAL & COMMUNITY CLG      ,MN,55720-2984,Public       ,5,29,34,534,1039,1573
03267300,CAPELLA UNIVERSITY                      ,MN,55402-3389,Proprietary  ,16,2851,2867,155,50997,51152
03833300,AMERICAN ACADEMY OF ACUPUNCTURE AND ORIE,MN,55113-0000,Proprietary  ,0,5,5,1,108,109
03921400,WHITE EARTH TRIBAL AND COMMUNITY COLLEGE,MN,56557-0478,Private      ,0,0,0,35,152,187
04044300,HAZELDEN GRADUATE SCHOOL OF ADDICTION ST,MN,55012-0000,Private      ,0,1,1,1,140,141
04130200,INST. OF PRODUCTION AND RECORDING       ,MN,55401-1315,Proprietary  ,0,1,1,445,257,702
04148800,CENTERPOINT MASSAGE & SHIATSU THERAPY SC,MN,55414-4525,Proprietary  ,5,10,15,13,68,81
04160000,ALLURE SCHOOL OF COSMETOLOGY            ,MN,55066-2086,Proprietary  ,5,5,10,10,19,29
04160500,AVALON SCHOOL OF COSMETOLOGY            ,MN,56187-1930,Proprietary  ,0,2,2,5,4,9
00239600,ALCORN STATE UNIVERSITY                 ,MS,39096-7500,Public       ,169,104,273,3482,3319,6801
00239700,BELHAVEN UNIVERSITY                     ,MS,39202-1789,Private      ,6,94,100,1372,3845,5217
00239800,BLUE MOUNTAIN COLLEGE                   ,MS,38610-9370,Private      ,1,7,8,383,354,737
00240100,COAHOMA COMMUNITY COLLEGE               ,MS,38614-9799,Public       ,74,43,117,1704,2956,4660
00240200,COPIAH-LINCOLN COMMUNITY COLLEGE        ,MS,39191-0649,Public       ,94,106,200,2232,2984,5216
00240300,DELTA STATE UNIVERSITY                  ,MS,38733-0000,Public       ,58,73,131,2908,3402,6310
00240400,EAST CENTRAL COMMUNITY COLLEGE          ,MS,39327-0129,Public       ,71,96,167,1762,2385,4147
00240500,EAST MISSISSIPPI COMM COLLEGE           ,MS,39358-0000,Public       ,221,244,465,2907,4571,7478
00240700,HINDS COMMUNITY COLLEGE                 ,MS,39154-9799,Public       ,279,504,783,7419,11733,19152
00240800,HOLMES COMMUNITY COLLEGE                ,MS,39079-0000,Public       ,156,228,384,3633,6451,10084
00240900,ITAWAMBA COMMUNITY COLLEGE              ,MS,38843-1099,Public       ,145,370,515,4039,7273,11312
00241000,JACKSON STATE UNIVERSITY                ,MS,39217-0001,Public       ,191,227,418,8358,9964,18322
00241100,JONES COUNTY JUNIOR COLLEGE             ,MS,39437-3999,Public       ,145,151,296,3762,3469,7231
00241300,MERIDIAN COMMUNITY COLLEGE              ,MS,39307-5890,Public       ,55,147,202,2317,3365,5682
00241400,MILLSAPS COLLEGE                        ,MS,39201-0000,Private      ,6,8,14,1408,479,1887
00241500,MISSISSIPPI COLLEGE                     ,MS,39058-0001,Private      ,9,55,64,2499,3209,5708
00241501,MISSISSIPPI COLLEGE - SCHOOL OF LAW     ,MS,39201-1391,Private      ,1,3,4,37,860,897
00241502,MISSISSIPPI COLLEGE - RANKIN CAMPUS     ,MS,39042-0000,Private      ,0,1,1,18,68,86
00241600,MISSISSIPPI DELTA CMTY COLLEGE          ,MS,38761-0000,Public       ,105,73,178,2213,2784,4997
00241700,MISSISSIPPI GULF CST CLG-PERKINSTON     ,MS,39573-0000,Public       ,77,51,128,1641,1093,2734
00241701,MISSISSIPPI GULF CST CLG-JEFF DAVIS     ,MS,39507-0000,Public       ,39,167,206,1606,3726,5332
00241702,MISSISSIPPI GULF CST CLG-JACKSON CN     ,MS,39553-0000,Public       ,43,123,166,1575,2962,4537
00242200,MISSISSIPPI UNIV FOR WOMEN              ,MS,39701-5818,Public       ,23,75,98,1534,2106,3640
00242300,MISSISSIPPI STATE UNIVERSITY            ,MS,39762-9698,Public       ,193,195,388,12080,7127,19207
00242400,MISSISSIPPI VALLEY STATE UNIVERSITY     ,MS,38941-1400,Public       ,181,80,261,3191,3827,7018
00242600,NORTHEAST MS CMNTY COLLEGE              ,MS,38829-1731,Public       ,58,71,129,2575,2761,5336
00242700,NORTHWEST MISSISSIPPI COMMUNITY CLG     ,MS,38668-1703,Public       ,107,165,272,5291,6123,11414
00243000,PEARL RIVER COMMUNITY COLLEGE           ,MS,39470-2201,Public       ,116,163,279,3267,4231,7498
00243300,RUST COLLEGE                            ,MS,38635-2328,Private      ,8,9,17,1468,633,2101
00243500,SOUTHEASTERN BAPTIST COLLEGE            ,MS,39440-0000,Private      ,0,4,4,36,75,111
00243600,SOUTHWEST MISSISSIPPI CMNTY CLG         ,MS,39666-8099,Public       ,39,31,70,1510,1690,3200
00243900,TOUGALOO COLLEGE                        ,MS,39174-9799,Private      ,28,12,40,1553,590,2143
00244000,UNIVERSITY OF MISSISSIPPI               ,MS,38677-1848,Public       ,134,146,280,9947,6699,16646
00244001,UNIVERSITY OF MISSISSIPPI - MED CTR     ,MS,39216-0000,Public       ,2,14,16,395,1703,2098
00244100,UNIVERSITY OF SOUTHERN MISSISSIPPI      ,MS,39406-0001,Public       ,146,232,378,10441,9904,20345
00244700,WILLIAM CAREY UNIVERSITY                ,MS,39401-5499,Private      ,7,95,102,1231,3568,4799
01146100,WESLEY COLLEGE                          ,MS,39073-1070,Private      ,0,1,1,69,120,189
01289101,ANTONELLI COLLEGE - JACKSON             ,MS,39232-9514,Proprietary  ,5,92,97,145,1277,1422
01289102,ANTONELLI COLLEGE - HATTIESBURG         ,MS,39401-3056,Proprietary  ,2,48,50,173,840,1013
02074900,CHRIS' BEAUTY COLLEGE                   ,MS,39501-0000,Proprietary  ,3,4,7,43,166,209
02160500,NORTH MISSISSIPPI MED CTR MED TECH      ,MS,38801-0000,Private      ,1,0,1,15,45,60
02235900,ACADEMY OF HAIR DESIGN #4               ,MS,39208-0000,Proprietary  ,0,3,3,51,138,189
02244300,ACADEMY OF HAIR DESIGN #1               ,MS,38901-0000,Proprietary  ,1,19,20,90,308,398
02249900,DELTA BEAUTY COLLEGE                    ,MS,38701-0000,Proprietary  ,0,4,4,29,89,118
02251600,ACADEMY OF HAIR DESIGN #6               ,MS,39401-7581,Proprietary  ,5,18,23,84,269,353
02251700,FOSTER'S COSMETOLOGY COLLEGE            ,MS,38663-0000,Proprietary  ,0,4,4,14,61,75
02302800,MISSISSIPPI COLLEGE OF BEAUTY CULT      ,MS,39440-0000,Proprietary  ,0,1,1,21,74,95
02320800,MAGNOLIA COLLEGE OF COSMETOLOGY         ,MS,39206-0000,Proprietary  ,3,22,25,63,238,301
02361200,MAGNOLIA BIBLE COLLEGE                  ,MS,39090-0000,Private      ,0,0,0,10,21,31
02502100,CREATIONS COLLEGE OF COSMETOLOGY        ,MS,38803-0000,Proprietary  ,0,2,2,23,125,148
02516200,WESLEY BIBLICAL SEMINARY                ,MS,39206-0000,Private      ,0,2,2,4,115,119
02554600,GIBSON'S BARBER AND BEAUTY COLLEGE      ,MS,39773-0000,Proprietary  ,0,0,0,13,35,48
02586000,J & J HAIR DESIGN COLLEGE               ,MS,39051-3716,Proprietary  ,3,13,16,37,167,204
03004000,FINAL TOUCH BEAUTY SCHOOL               ,MS,39307-2934,Proprietary  ,2,1,3,24,76,100
03010401,CRESCENT CITY BARTENDING SCHOOL         ,MS,39501-0000,Proprietary  ,0,3,3,4,56,60
03010404,CRESCENT CITY SCHOOL OF GAMING & BARTEND,MS,38664-1903,Proprietary  ,0,0,0,3,15,18
03010603,VIRGINIA COLLEGE - JACKSON              ,MS,39206-5602,Proprietary  ,26,158,184,264,1967,2231
03010610,VIRGINIA COLLEGE - BILOXI               ,MS,39532-2124,Proprietary  ,6,80,86,114,974,1088
03263300,TRAXLER'S SCHOOL OF HAIR                ,MS,39212-2529,Proprietary  ,1,10,11,23,99,122
03464300,ACADEMY OF HAIR DESIGN                  ,MS,39562-0000,Proprietary  ,2,19,21,21,126,147
03525300,BLUE CLIFF COLLEGE                      ,MS,39507-0000,Proprietary  ,5,38,43,160,581,741
03848300,DAY SPA CAREER COLLEGE                  ,MS,39564-0000,Proprietary  ,1,5,6,24,87,111
03963300,HEALING TOUCH SCHOOL OF MASSAGE THERAPY ,MS,39402-1300,Proprietary  ,1,1,2,13,45,58
04131300,CORINTH ACADEMY OF COSMETOLOGY          ,MS,38834-4813,Proprietary  ,4,7,11,26,83,109
04137400,MISSISSIPPI SCHOOL OF THERAPEUTIC MASSAG,MS,39216-5023,Proprietary  ,0,4,4,1,17,18
04140200,"MISSISSIPPI INSTITUTE OF AESTHETICS, NAI",MS,39056-5628,Proprietary  ,0,4,4,19,82,101
00252600,CARROLL COLLEGE                         ,MT,59625-0002,Private      ,2,5,7,1600,270,1870
00252700,UNIVERSITY OF GREAT FALLS               ,MT,59405-4996,Private      ,6,13,19,536,658,1194
00252800,MILES COMMUNITY COLLEGE                 ,MT,59301-4799,Public       ,2,7,9,341,273,614
00252900,DAWSON COMMUNITY COLLEGE                ,MT,59330-1405,Public       ,1,4,5,287,159,446
00253000,MONTANA STATE UNIVERSITY - BILLINGS     ,MT,59101-0298,Public       ,14,55,69,2562,3820,6382
00253100,MONTANA TECH OF THE UNIV OF MONTANA     ,MT,59701-8997,Public       ,2,6,8,1521,1332,2853
00253200,MONTANA STATE UNIVERSITY - BOZEMAN      ,MT,59717-0001,Public       ,20,111,131,8992,4545,13537
00253300,MONTANA STATE UNIVERSITY-NORTHERN       ,MT,59501-3148,Public       ,2,28,30,791,865,1656
00253400,ROCKY MOUNTAIN COLLEGE                  ,MT,59102-1796,Private      ,3,3,6,982,361,1343
00253600,UNIVERSITY OF MONTANA (THE)             ,MT,59812-0001,Public       ,33,100,133,8561,8078,16639
00253700,UNIVERSITY OF MONTANA WESTERN (THE)     ,MT,59725-3598,Public       ,2,5,7,1086,561,1647
00677700,FLATHEAD VALLEY COMMUNITY COLLEGE       ,MT,59901-2699,Public       ,22,81,103,899,1989,2888
00757000,HELENA COLLEGE OF TECHNOLOGY            ,MT,59601-3098,Public       ,3,18,21,458,1067,1525
00790000,BUTTE ACADEMY OF BEAUTY CULTURE         ,MT,59701-9197,Proprietary  ,0,0,0,20,47,67
00894700,"DAHL'S COLLEGE OF BEAUTY,INC            ",MT,59401-3731,Proprietary  ,0,1,1,31,73,104
00931400,MSU COLLEGE OF TECH-GREAT FALLS         ,MT,59405-4907,Public       ,10,43,53,698,1797,2495
02143400,SALISH KOOTENAI COLLEGE                 ,MT,59855-0000,Public       ,4,12,16,328,1064,1392
02286600,LITTLE BIG HORN COLLEGE                 ,MT,59022-0000,Public       ,1,5,6,112,305,417
02343000,FT PECK COMMUNITY COLLEGE               ,MT,59255-0000,Public       ,2,3,5,84,325,409
02510600,BLACKFEET COMMUNITY COLLEGE             ,MT,59417-0000,Private      ,7,34,41,196,603,799
02517500,FORT BELKNAP COLLEGE                    ,MT,59526-0000,Public       ,1,5,6,42,131,173
02545200,CHIEF DULL KNIFE COLLEGE                ,MT,59043-0098,Public       ,3,6,9,66,223,289
02610900,STONE CHILD COLLEGE                     ,MT,59521-9796,Public       ,7,28,35,88,248,336
02621300,ACADEMY OF COSMETOLOGY                  ,MT,59715-3544,Proprietary  ,0,0,0,28,41,69
03205300,MODERN BEAUTY SCHOOL                    ,MT,59801-8386,Proprietary  ,2,4,6,35,67,102
03763400,"ACADEMY OF NAIL, SKIN & HAIR            ",MT,59101-0000,Proprietary  ,0,2,2,85,165,250
03778300,HEALTH WORKS INSTITUTE                  ,MT,59715-0000,Proprietary  ,0,0,0,17,50,67
04163700,BITTERROOT SCHOOL OF COSMETOLOGY        ,MT,59840-3118,Proprietary  ,1,0,1,3,4,7
04164100,SALON PROFESSIONAL ACADEMY (THE)        ,MT,59405-0000,Proprietary  ,1,13,14,8,40,48
00253900,CHADRON STATE COLLEGE                   ,NE,69337-2690,Public       ,3,43,46,1634,1135,2769
00254000,COLLEGE OF ST MARY                      ,NE,68106-2606,Private      ,2,22,24,418,1245,1663
00254100,CONCORDIA UNIVERSITY                    ,NE,68434-1594,Private      ,1,10,11,1399,499,1898
00254200,CREIGHTON UNIVERSITY                    ,NE,68178-0001,Private      ,3,41,44,4777,4873,9650
00254300,DANA COLLEGE                            ,NE,68008-9905,Private      ,2,0,2,872,110,982
00254400,DOANE COLLEGE                           ,NE,68333-2421,Private      ,3,81,84,1505,1184,2689
00254700,GRACE UNIVERSITY                        ,NE,68108-3629,Private      ,0,5,5,327,306,633
00254800,HASTINGS COLLEGE                        ,NE,68901-7621,Private      ,3,1,4,1477,169,1646
00255100,UNIVERSITY OF NEBRASKA AT KEARNEY       ,NE,68849-0001,Public       ,8,93,101,4092,1871,5963
00255300,MIDLAND LUTHERAN COLLEGE                ,NE,68025-4254,Private      ,2,3,5,781,258,1039
00255400,UNIVERSITY OF NEBRASKA-OMAHA            ,NE,68182-0001,Public       ,31,102,133,8248,6390,14638
00255500,NEBRASKA WESLEYAN UNIVERSITY            ,NE,68504-2796,Private      ,4,16,20,1850,499,2349
00255700,MID-PLAINS COMM COLLEGE - NORTH PLATTE  ,NE,69101-9420,Public       ,6,39,45,499,722,1221
00255701,MID-PLAINS COMMUNITY COLLEGE - MCCOOK   ,NE,69001-2631,Public       ,0,12,12,250,209,459
00255900,PERU STATE COLLEGE                      ,NE,68421-0010,Public       ,15,38,53,990,1094,2084
00256000,WESTERN NEBRASKA COMMUNITY COLLEGE      ,NE,69361-1815,Public       ,11,60,71,765,1255,2020
00256300,UNION COLLEGE                           ,NE,68506-4387,Private      ,2,0,2,723,322,1045
00256500,UNIVERSITY OF NEBRASKA-LINCOLN          ,NE,68588-0419,Public       ,35,69,104,15154,5466,20620
00256596,UNIVERSITY OF NEBRASKA - CURTIS         ,NE,69025-9522,Public       ,1,1,2,228,48,276
00256600,WAYNE STATE COLLEGE                     ,NE,68787-1172,Public       ,4,32,36,2849,953,3802
00256700,YORK COLLEGE                            ,NE,68467-2699,Private      ,2,1,3,589,144,733
00443100,MARY LANNING MEM HOSP SCH RAD TECH      ,NE,68901-4497,Private      ,0,0,0,7,6,13
00443600,REGNL WST MEDCL CTR SCHL RAD            ,NE,69361-0000,Private      ,0,0,0,5,8,13
00458608,KAPLAN UNIVERSITY - OMAHA               ,NE,68134-1002,Proprietary  ,26,106,132,295,2046,2341
00458609,KAPLAN UNIVERSITY - LINCOLN             ,NE,68508-2668,Proprietary  ,16,128,144,204,1475,1679
00639900,BRYANLGH COLLEGE OF HEALTH SCIENCES     ,NE,68506-1398,Private      ,0,4,4,306,260,566
00640400,NEBR METHODIST CLG OF NURS ALLD HLTH    ,NE,68114-2852,Private      ,4,9,13,383,613,996
00689500,UNIVERSITY OF NEBRASKA-MED CTR          ,NE,68198-4265,Public       ,0,15,15,564,2231,2795
00750100,VATTEROTT COLLEGE                       ,NE,68137-1237,Proprietary  ,0,3,3,206,1052,1258
00849200,ALEGENT HEALTH SCHOOLS                  ,NE,68114-2767,Private      ,0,4,4,32,91,123
00952300,BAHNER COLLEGE OF HAIRSTYLING           ,NE,68025-3297,Proprietary  ,2,3,5,37,40,77
00961700,CAPITOL BEAUTY SCHOOL                   ,NE,68144-3873,Proprietary  ,5,9,14,133,125,258
00974300,BELLEVUE UNIVERSITY                     ,NE,68005-0000,Private      ,24,486,510,803,7917,8720
00986200,CLARKSON COLLEGE                        ,NE,68131-2739,Private      ,0,18,18,466,867,1333
01151900,JOSEPH'S COLLEGE OF BEAUTY/ALL CAMPUSES ,NE,68510-2226,Proprietary  ,5,28,33,184,383,567
01151909,JOSEPH'S COLLEGE OF BEAUTY - OMAHA      ,NE,68131-0000,Proprietary  ,0,2,2,4,25,29
01166700,NORTHEAST COMMUNITY COLLEGE             ,NE,68702-0000,Public       ,23,59,82,1702,1414,3116
01258600,METROPOLITAN COMMUNITY COLLEGE          ,NE,68103-0000,Public       ,41,198,239,4437,11217,15654
01297600,NEBRASKA CHRISTIAN COLLEGE              ,NE,68046-4256,Private      ,0,0,0,121,48,169
02079700,COLLEGE OF HAIR DESIGN                  ,NE,68508-0000,Proprietary  ,3,6,9,208,190,398
02099500,CENTRAL COMMUNITY COLLEGE- GI           ,NE,68801-0000,Public       ,8,83,91,660,1463,2123
02099501,CENTRAL COMMUNITY COLLEGE - HASTINGS    ,NE,68902-0000,Public       ,5,28,33,957,859,1816
02099502,CENTRAL COMMUNITY COLLEGE - COLUMBUS    ,NE,68602-0000,Public       ,6,22,28,456,519,975
02508300,SOUTHEAST COMM. COLLEGE-ALL CAMPUSES    ,NE,68520-0000,Public       ,43,55,98,5294,6248,11542
02550800,NEBRASKA INDIAN COMMUNITY COLLEGE       ,NE,68039-0000,Public       ,1,13,14,24,125,149
02610500,XENON INTERNATIONAL ACADEMY II          ,NE,68127-3522,Proprietary  ,2,4,6,239,226,465
03127300,OMAHA SCHOOL OF MASSAGE THERAPY         ,NE,68127-5002,Proprietary  ,3,8,11,83,241,324
03164300,THE CREATIVE CENTER                     ,NE,68164-2911,Proprietary  ,0,0,0,171,30,201
03279300,MYOTHERAPY INSTITUTE                    ,NE,68516-3641,Proprietary  ,0,0,0,24,41,65
03323300,LITTLE PRIEST TRIBAL COLLEGE            ,NE,68071-0000,Private      ,0,3,3,30,127,157
03821400,UNIVERSAL COLLEGE OF HEALING ARTS       ,NE,68112-1810,Proprietary  ,0,5,5,10,82,92
00256800,UNIVERSITY OF NEVADA RENO               ,NV,89557-0002,Public       ,36,59,95,7857,5267,13124
00256900,UNIVERSITY OF NEVADA-LAS VEGAS          ,NV,89154-1001,Public       ,86,225,311,12515,14716,27231
00697700,GREAT BASIN COLLEGE                     ,NV,89801-3348,Public       ,7,12,19,596,1273,1869
00736700,MARINELLO SCHOOLS OF BEAUTY             ,NV,89110-3563,Proprietary  ,20,36,56,199,439,638
00737100,MARINELLO SCHOOL OF BEAUTY              ,NV,89502-5982,Proprietary  ,17,34,51,97,248,345
00844103,ANTHEM INSTITUTE - MORRISON UNIVERSITY  ,NV,89521-4826,Proprietary  ,0,7,7,15,96,111
00919200,SIERRA NEVADA COLLEGE                   ,NV,89451-0000,Private      ,1,22,23,334,610,944
01036200,COLLEGE OF SOUTHERN NEVADA              ,NV,89146-1139,Public       ,174,610,784,10521,21951,32472
01036300,WESTERN NEVADA COLLEGE                  ,NV,89703-0000,Public       ,30,75,105,1139,2739,3878
01323200,ACADEMY OF HAIR DESIGN                  ,NV,89146-1617,Proprietary  ,6,21,27,143,230,373
02107700,TRUCKEE MEADOWS COMMUNITY CLG           ,NV,89512-0000,Public       ,40,226,266,3196,6760,9956
02237500,EVEREST COLLEGE                         ,NV,89103-0000,Proprietary  ,69,201,270,696,1765,2461
02338509,NEVADA CAREER INSTITUTE                 ,NV,89121-0000,Proprietary  ,0,0,0,63,369,432
02338512,GLENDALE CAREER COLLEGE - NEVADA CAREER ,NV,89131-3268,Proprietary  ,0,2,2,0,3,3
02361001,ITT TECHNICAL INSTITUTE                 ,NV,89014-0000,Proprietary  ,23,39,62,543,1306,1849
02616703,SCOTTSDALE CULINARY INSTITUTE - LE CORDO,NV,89144-7047,Proprietary  ,1,3,4,114,246,360
02621500,CAREER COLLEGE OF NORTHERN NEVADA       ,NV,89434-7905,Proprietary  ,10,28,38,198,916,1114
03030603,UTAH CLG OF MASSAGE THERAPY-NSMT        ,NV,89123-0000,Proprietary  ,16,46,62,190,552,742
03031405,INTERNATIONAL ACADEMY OF DESIGN AND TECH,NV,89074-7750,Proprietary  ,21,55,76,402,623,1025
03043200,KAPLAN COLLEGE                          ,NV,89102-8618,Proprietary  ,24,131,155,318,1531,1849
03076404,BRYMAN SCHOOL OF ARIZONA (THE) - ANTHEM ,NV,89102-4514,Proprietary  ,3,13,16,54,252,306
03084600,THE ART INSTITUTE OF LAS VEGAS          ,NV,89074-7737,Proprietary  ,34,63,97,1441,1891,3332
03088200,CARSON CITY BEAUTY ACADEMY              ,NV,89706-0000,Proprietary  ,9,14,23,53,129,182
03110000,ACADEMY OF HEALING ARTS                 ,NV,89106-4031,Proprietary  ,60,132,192,414,1226,1640
03232306,EUPHORIA INSTITUTE - SUMMERLIN          ,NV,89117-8803,Proprietary  ,10,30,40,160,324,484
03232307,EUPHORIA INSTITUTE - GREEN VALLEY       ,NV,89052-4964,Proprietary  ,14,33,47,171,324,495
03232308,EUPHORIA INSTITUTE - ALIANTE            ,NV,89131-1036,Proprietary  ,10,13,23,176,306,482
03787300,EXPERTISE SCHOOL OF BEAUTY              ,NV,89106-2516,Private      ,4,20,24,46,284,330
03838500,NORTHWEST HEALTH CAREERS                ,NV,89128-0255,Proprietary  ,9,31,40,88,309,397
03975300,INSTITUTE OF PROFESSIONAL CAREERS       ,NV,89119-7825,Proprietary  ,1,3,4,28,115,143
04065300,UNIVERSITY OF SOUTHERN NEVADA           ,NV,89014-2333,Private      ,2,13,15,188,1409,1597
04114300,NEVADA STATE COLLEGE                    ,NV,89002-9455,Public       ,4,46,50,886,1745,2631
04142601,TOURO UNIVERSITY - NEVADA               ,NV,89014-8800,Private      ,0,2,2,0,2,2
04144800,INTERNATIONAL ACADEMY OF STYLE          ,NV,89509-3450,Proprietary  ,2,8,10,9,33,42
04147600,AVEDA INSTITUTE LAS VEGAS               ,NV,89119-6103,Proprietary  ,5,7,12,84,179,263
00257200,COLBY-SAWYER COLLEGE                    ,NH,03257-4648,Private      ,0,0,0,2539,87,2626
00257300,DARTMOUTH COLLEGE                       ,NH,03755-3529,Private      ,3,7,10,10599,1874,12473
00257500,FRANKLIN PIERCE UNIVERSITY              ,NH,03461-0060,Private      ,1,18,19,2642,1185,3827
00257900,NEW ENGLAND COLLEGE                     ,NH,03242-3293,Private      ,1,32,33,1374,1151,2525
00258000,SOUTHERN NEW HAMPSHIRE UNIVERSITY       ,NH,03106-1045,Private      ,9,191,200,4033,4878,8911
00258100,NHTI  - CONCORD'S COMMUNITY COLLEGE     ,NH,03301-7412,Public       ,9,22,31,2526,1806,4332
00258200,MANCHESTER COMMUNITY COLLEGE            ,NH,03102-8518,Public       ,7,22,29,1124,1351,2475
00258202,NEW HAMPSHIRE COMMUNITY TECHNICAL COLLEG,NH,03038-0000,Public       ,0,0,0,19,8,27
00258300,GREAT BAY COMMUNITY COLLEGE             ,NH,03801-0000,Public       ,2,13,15,781,913,1694
00258600,RIVIER COLLEGE                          ,NH,03060-5086,Private      ,0,25,25,1444,1027,2471
00258700,SAINT ANSELM COLLEGE                    ,NH,03102-1310,Private      ,3,0,3,3923,84,4007
00258900,UNIVERSITY OF NEW HAMPSHIRE             ,NH,03824-2511,Public       ,9,14,23,19183,3416,22599
00259000,KEENE STATE COLLEGE                     ,NH,03431-0000,Public       ,4,4,8,7260,636,7896
00259100,PLYMOUTH STATE UNIVERSITY               ,NH,03264-1595,Public       ,2,12,14,6057,1273,7330
00301004,ANTIOCH UNIVERSITY                      ,NH,03431-0000,Private      ,0,5,5,4,858,862
00472900,HESSER COLLEGE                          ,NH,03103-7230,Proprietary  ,24,51,75,940,1635,2575
00472901,HESSER COLLEGE - NASHUA CAMPUS          ,NH,03063-1286,Proprietary  ,10,46,56,246,831,1077
00472904,HESSER COLLEGE - PORTSMOUTH CAMPUS      ,NH,03801-3245,Proprietary  ,11,30,41,227,748,975
00472905,HESSER COLLEGE - SALEM CAMPUS           ,NH,03079-2842,Proprietary  ,14,34,48,342,863,1205
00472906,HESSER COLLEGE - CONCORD CAMPUS         ,NH,03301-3415,Proprietary  ,13,48,61,176,740,916
00473000,MCINTOSH COLLEGE INC                    ,NH,03820-3990,Proprietary  ,0,0,0,10,16,26
00473100,DANIEL WEBSTER COLLEGE                  ,NH,03063-1300,Proprietary  ,0,3,3,1071,263,1334
00473300,CHESTER COLLEGE OF NEW ENGLAND          ,NH,03036-4331,Private      ,0,0,0,266,39,305
00529100,WHITE MOUNTAINS COMMUNITY COLLEGE       ,NH,03570-3799,Public       ,0,8,8,371,691,1062
00702500,LEBANON COLLEGE                         ,NH,03766-0000,Private      ,1,0,1,38,83,121
00755500,LAKES REGION COMMUNITY COLLEGE          ,NH,03246-1326,Public       ,1,8,9,617,611,1228
00756000,RIVER VALLEY COMMUNITY COLLEGE          ,NH,03743-9707,Public       ,4,10,14,330,704,1034
00849300,CONTINENTAL ACADEMIE OF HAIR DESIGN     ,NH,03103-4901,Proprietary  ,1,0,1,26,18,44
00864500,EMPIRE BEAUTY SCHOOL                    ,NH,03220-0000,Proprietary  ,9,13,22,164,172,336
00923600,NASHUA COMMUNITY COLLEGE                ,NH,03063-2052,Public       ,5,13,18,896,968,1864
01318900,CONTINENTAL ACADEMIE OF HAIR DESIGN     ,NH,03051-3754,Proprietary  ,2,5,7,61,59,120
02097900,FRANKLIN PIERCE LAW CENTER              ,NH,03301-0000,Private      ,0,4,4,6,783,789
02140400,ST JOSEPH SCH OF PRAC NRSG              ,NH,03060-0000,Private      ,1,14,15,43,172,215
02174800,MICHAEL'S SCHOOL OF HAIR DESIGN & ESTHET,NH,03110-0000,Proprietary  ,4,4,8,100,78,178
02179600,EMPIRE BEAUTY SCHOOL                    ,NH,03878-0000,Proprietary  ,8,20,28,135,197,332
02211600,PORTSMOUTH BTY SCH OF HAIR DESIGN       ,NH,03801-4084,Proprietary  ,0,1,1,20,21,41
02223300,MAGDALEN COLLEGE                        ,NH,03278-4012,Private      ,0,0,0,54,5,59
02245400,KEENE BEAUTY ACADEMY                    ,NH,03431-0000,Proprietary  ,0,3,3,43,49,92
02247000,NEW ENGLAND SCHOOL OF HAIR DESIGN       ,NH,03784-0000,Proprietary  ,0,2,2,39,79,118
02300200,CONCORD ACADEMY OF HAIR DESIGN          ,NH,03301-0000,Proprietary  ,0,0,0,1,1,2
03043100,THOMAS MORE COLLEGE OF LIBERAL ARTS     ,NH,03054-4818,Private      ,0,0,0,86,7,93
03101300,GRANITE STATE COLLEGE                   ,NH,03301-6400,Public       ,0,23,23,287,1509,1796
03182300,NEW HAMPSHIRE INSTITUTE OF ART          ,NH,03104-4858,Private      ,0,0,0,593,113,706
03437300,UPPER VALLEY TEACHER TRANING PROGRAM    ,NH,03766-1358,Private      ,0,0,0,1,45,46
03729300,NH INSTITUTE FOR THERAPEUTIC ARTS       ,NH,03051-4906,Proprietary  ,0,0,0,19,59,78
00267000,BAPTIST BIBLE COLG OF PENNSYLVANIA      ,PA,18411-1297,Private      ,0,9,9,663,236,899
00322800,BRYN ATHYN COLLEGE OF THE NEW CHURCH    ,PA,19009-0717,Private      ,0,0,0,176,23,199
00322900,ALBRIGHT COLLEGE                        ,PA,19612-5234,Private      ,5,36,41,3634,1080,4714
00323000,ALLEGHENY COLLEGE                       ,PA,16335-3902,Private      ,2,0,2,3485,104,3589
00323100,COMM CLG OF ALLEGHENY-ALLEGHENY CMP     ,PA,15212-0000,Public       ,54,156,210,2837,5472,8309
00323101,"COMM CLG OF ALLEGHENY, BOYCE CAMPUS     ",PA,15146-0000,Public       ,13,68,81,1485,2545,4030
00323102,"COMM CLG OF ALLEGHENY, NORTH CAMPUS     ",PA,15237-0000,Public       ,18,56,74,1220,1666,2886
00323103,"COMM CLG OF ALLEGHENY, SOUTH CAMPUS     ",PA,15122-0000,Public       ,25,59,84,1856,2509,4365
00323300,ALVERNIA UNIVERSITY                     ,PA,19607-1799,Private      ,3,34,37,2048,1622,3670
00323500,ARCADIA UNIVERSITY                      ,PA,19038-3295,Private      ,2,30,32,4027,2109,6136
00323700,BRYN MAWR COLLEGE                       ,PA,19010-2899,Private      ,1,6,7,1727,526,2253
00323800,BUCKNELL UNIVERSITY                     ,PA,17837-2122,Private      ,1,0,1,5252,179,5431
00323900,BUCKS COUNTY COMMUNITY COLLEGE          ,PA,18940-1320,Public       ,46,91,137,3924,4021,7945
00324000,BUTLER COUNTY COMMUNITY COLLEGE         ,PA,16001-0000,Public       ,22,59,81,1938,2242,4180
00324100,CABRINI COLLEGE                         ,PA,19087-3698,Private      ,6,128,134,2257,1739,3996
00324200,CARNEGIE MELLON UNIVERSITY              ,PA,15213-3890,Private      ,3,2,5,10424,1492,11916
00324201,CARNEGIE MELLON UNIV- THE HEINZ COLLEGE ,PA,15213-0000,Private      ,2,1,3,289,579,868
00324202,CARNEGIE MELLON- TEPPER SCHOOL OF BUSINE,PA,15213-0000,Private      ,1,3,4,252,592,844
00324300,CEDAR CREST COLLEGE                     ,PA,18104-6196,Private      ,1,15,16,1362,1236,2598
00324400,CHATHAM UNIVERSITY                      ,PA,15232-2826,Private      ,1,22,23,774,1630,2404
00324500,CHESTNUT HILL COLLEGE                   ,PA,19118-2693,Private      ,5,43,48,1909,1821,3730
00324700,MISERICORDIA  UNIVERSITY                ,PA,18612-1008,Private      ,0,9,9,2046,1156,3202
00324900,COMMUNITY COLLEGE OF PHILADELPHIA       ,PA,19130-3991,Public       ,146,519,665,11197,19275,30472
00325100,CURTIS INSTITUTE OF MUSIC               ,PA,19103-6187,Private      ,0,0,0,223,102,325
00325200,DELAWARE VALLEY COLLEGE                 ,PA,18901-2697,Private      ,6,18,24,2317,480,2797
00325300,DICKINSON COLLEGE                       ,PA,17013-2896,Private      ,1,0,1,3221,176,3397
00325400,DICKINSON SCHOOL OF LAW                 ,PA,17013-2899,Private      ,0,0,0,4,35,39
00325600,DREXEL UNIVERSITY                       ,PA,19104-2875,Private      ,37,246,283,24756,15776,40532
00325800,DUQUESNE UNIVERSITY                     ,PA,15282-0001,Private      ,13,69,82,7971,4505,12476
00325900,EASTERN UNIVERSITY                      ,PA,19087-3696,Private      ,4,38,42,2226,2494,4720
00325908,EASTERN BAPTIST THEOLGCL SEMINARY       ,PA,19096-0000,Private      ,0,0,0,1,91,92
00326200,ELIZABETHTOWN COLLEGE                   ,PA,17022-2298,Private      ,0,3,3,3088,538,3626
00326300,EVANGELICAL SCHOOL OF THEOLOGY          ,PA,17067-0000,Private      ,0,0,0,2,104,106
00326500,FRANKLIN & MARSHALL COLLEGE             ,PA,17604-0000,Private      ,1,0,1,3128,116,3244
00326600,GANNON UNIVERSITY                       ,PA,16541-0001,Private      ,1,8,9,3533,1533,5066
00326700,GENEVA COLLEGE                          ,PA,15010-3599,Private      ,1,6,7,1800,1009,2809
00326800,GETTYSBURG COLLEGE                      ,PA,17325-1486,Private      ,0,2,2,4139,106,4245
00326900,GROVE CITY COLLEGE                      ,PA,16127-0000,Private      ,1,2,3,1901,47,1948
00327000,GWYNEDD-MERCY COLLEGE                   ,PA,19437-0901,Private      ,2,44,46,1834,1444,3278
00327200,HARCUM COLLEGE                          ,PA,19010-3476,Private      ,5,13,18,595,1177,1772
00327300,HARRISBURG AREA COMMUNITY COLLEGE       ,PA,17110-2999,Public       ,111,407,518,8909,15147,24056
00327400,HAVERFORD COLLEGE                       ,PA,19041-1392,Private      ,0,1,1,2205,34,2239
00327500,HOLY FAMILY UNIVERSITY                  ,PA,19114-2094,Private      ,3,21,24,2064,1916,3980
00327600,IMMACULATA UNIVERSITY                   ,PA,19345-0647,Private      ,3,60,63,1466,1843,3309
00327700,INDIANA UNIVERSITY OF PENNSYLVANIA      ,PA,15705-1097,Public       ,113,109,222,13766,4095,17861
00327900,JUNIATA COLLEGE                         ,PA,16652-2196,Private      ,1,1,2,2229,94,2323
00328000,KEYSTONE COLLEGE                        ,PA,18440-0200,Private      ,4,25,29,1607,895,2502
00328200,KINGS COLLEGE                           ,PA,18711-0801,Private      ,1,10,11,2877,568,3445
00328300,LACKAWANNA COLLEGE                      ,PA,18509-9961,Private      ,8,19,27,1494,1066,2560
00328400,LAFAYETTE COLLEGE                       ,PA,18042-1768,Private      ,1,2,3,3827,91,3918
00328500,LANCASTER BIBLE COLLEGE                 ,PA,17601-5036,Private      ,1,7,8,582,426,1008
00328600,LANCASTER THEOLOGICAL SEMINARY          ,PA,17603-0000,Private      ,0,0,0,1,115,116
00328700,LASALLE UNIVERSITY                      ,PA,19141-1199,Private      ,13,79,92,5493,3590,9083
00328800,LEBANON VALLEY COLLEGE                  ,PA,17003-1400,Private      ,0,5,5,2339,246,2585
00328900,LEHIGH UNIVERSITY                       ,PA,18015-1588,Private      ,3,10,13,8267,855,9122
00329000,LINCOLN UNIVERSITY                      ,PA,19352-0999,Public       ,14,15,29,4208,1371,5579
00329100,LUTHERAN THEOLOG SEMINARY-GETTYSBRG     ,PA,17325-0000,Private      ,0,0,0,0,143,143
00329200,LUTHERAN THEOLOGICAL SEMINARY           ,PA,19119-0000,Private      ,0,0,0,0,210,210
00329300,LYCOMING COLLEGE                        ,PA,17701-5192,Private      ,1,1,2,2036,112,2148
00329400,MANOR COLLEGE                           ,PA,19046-3399,Private      ,1,3,4,536,599,1135
00329600,MARYWOOD UNIVERSITY                     ,PA,18509-1598,Private      ,2,12,14,2725,1674,4399
00329700,MERCYHURST COLLEGE                      ,PA,16546-0001,Private      ,4,14,18,4065,1924,5989
00329800,MESSIAH COLLEGE                         ,PA,17027-0800,Private      ,1,3,4,3481,198,3679
00330000,MOORE COLLEGE OF ART & DESIGN           ,PA,19103-1179,Private      ,2,3,5,771,285,1056
00330100,MORAVIAN COLLEGE                        ,PA,18018-6650,Private      ,1,2,3,2234,283,2517
00330101,MORAVIAN THEOLOGICAL SEMINARY           ,PA,18018-0000,Private      ,0,1,1,13,78,91
00330200,MOUNT ALOYSIUS COLLEGE                  ,PA,16630-1999,Private      ,1,11,12,1258,865,2123
00330300,CARLOW COLLEGE                          ,PA,15213-3165,Private      ,3,25,28,1233,1866,3099
00330400,MUHLENBERG COLLEGE                      ,PA,18104-5586,Private      ,0,3,3,3446,343,3789
00330600,VALLEY FORGE CHRISTIAN COLLEGE          ,PA,19460-2399,Private      ,2,1,3,917,265,1182
00330900,PEIRCE COLLEGE                          ,PA,19102-4699,Private      ,8,79,87,288,2492,2780
00331100,PENNSYLVANIA COLLEGE OF OPTOMETRY       ,PA,19027-1598,Private      ,0,2,2,6,923,929
00331300,WIDENER UNIVERSITY                      ,PA,19013-5792,Private      ,3,18,21,4320,2252,6572
00331302,WIDENER UNIV SCH OF LAW- HARRISBURG     ,PA,17106-9381,Private      ,0,2,2,7,859,866
00331500,BLOOMSBURG UNIVERSITY OF PA             ,PA,17815-1301,Public       ,39,25,64,11432,2024,13456
00331600,CALIFORNIA UNIV OF PENNSYLVANIA         ,PA,15419-1394,Public       ,5,51,56,6906,4425,11331
00331700,CHEYNEY UNIVERSITY OF PENNSYLVANIA      ,PA,19319-0200,Public       ,10,8,18,2247,1006,3253
00331800,CLARION UNIVERSITY OF PENNSYLVANIA      ,PA,16214-1232,Public       ,11,44,55,5626,2443,8069
00332000,EAST STROUDSBURG UNIVERSITY             ,PA,18301-2999,Public       ,5,33,38,8020,1804,9824
00332100,EDINBORO UNIVERSITY OF PENNSYLVANIA     ,PA,16444-0001,Public       ,15,91,106,6283,3785,10068
00332200,KUTZTOWN UNIVERSITY OF PENNSYLVANIA     ,PA,19530-9339,Public       ,20,25,45,10797,2238,13035
00332300,LOCK HAVEN UNIV OF PENNSYLVANIA         ,PA,17745-2439,Public       ,17,21,38,5534,1384,6918
00332400,MANSFIELD UNIVERSITY                    ,PA,16933-1123,Public       ,18,45,63,3169,1312,4481
00332500,MILLERSVILLE UNIVERSITY OF PA           ,PA,17551-1800,Public       ,13,28,41,8577,2258,10835
00332600,SHIPPENSBURG UNIVERSITY                 ,PA,17257-2299,Public       ,20,30,50,8189,1774,9963
00332700,SLIPPERY ROCK UNIVERSITY                ,PA,16057-1326,Public       ,17,51,68,8583,2349,10932
00332800,WEST CHESTER UNIVERSITY                 ,PA,19383-0001,Public       ,131,70,201,14898,3913,18811
00332900,PENN STATE UNIVERSITY                   ,PA,16802-1503,Public       ,508,417,925,72336,23862,96198
00332901,PENN STATE UNIV-HERSHEY MEDCL CTR       ,PA,17033-0000,Public       ,0,0,0,2,10,12
00335000,UNIVERSITY OF THE ARTS (THE)            ,PA,19102-9493,Private      ,4,3,7,3341,684,4025
00335100,PHILADELPHIA BIBLICAL UNIVERSITY        ,PA,19047-2942,Private      ,1,2,3,936,589,1525
00335200,PHILADELPHIA CLG OSTEOPATHIC MED        ,PA,19131-0000,Private      ,1,5,6,17,2770,2787
00335300,UNIVERSITY OF THE SCIENCES IN PHILADELPH,PA,19104-4495,Private      ,7,2,9,3484,973,4457
00335400,PHILADELPHIA UNIVERSITY                 ,PA,19144-5497,Private      ,3,22,25,4097,1299,5396
00335600,PITTSBURGH THEOLOGICAL SEMINARY         ,PA,15206-0000,Private      ,0,2,2,3,222,225
00335700,POINT PARK UNIVERSITY                   ,PA,15222-1912,Private      ,5,39,44,3276,2481,5757
00335800,REFORMED PRESBYTERIAN THEOL SEMINAR     ,PA,15208-0000,Private      ,0,0,0,0,28,28
00335900,ROBERT MORRIS UNIVERSITY                ,PA,15108-1189,Private      ,6,49,55,4178,2287,6465
00336000,ROSEMONT COLLEGE                        ,PA,19010-1699,Private      ,1,20,21,731,613,1344
00336200,SETON HILL UNIVERSITY                   ,PA,15601-1599,Private      ,3,12,15,1880,1007,2887
00336400,ST. CHARLES BORROMEO SEMINARY           ,PA,19096-0000,Private      ,0,0,0,33,54,87
00336600,SAINT FRANCIS UNIVERSITY                ,PA,15940-0600,Private      ,7,26,33,2036,686,2722
00336700,SAINT JOSEPH'S UNIVERSITY               ,PA,19131-1395,Private      ,16,140,156,6242,2955,9197
00336800,ST VINCENT COLLEGE                      ,PA,15650-2690,Private      ,2,11,13,2166,367,2533
00336900,SUSQUEHANNA UNIVERSITY                  ,PA,17870-1001,Private      ,0,0,0,3063,106,3169
00337000,SWARTHMORE COLLEGE                      ,PA,19081-1397,Private      ,2,1,3,3550,71,3621
00337100,TEMPLE UNIV - MAIN CAMPUS               ,PA,19122-6003,Private      ,59,76,135,28485,8669,37154
00337101,TEMPLE UNIV - SCHOOL OF LAW             ,PA,19122-0000,Private      ,0,8,8,52,2769,2821
00337102,TEMPLE UNIV - SCHOOL OF MEDICINE        ,PA,19140-0000,Private      ,0,3,3,152,1445,1597
00337103,TEMPLE UNIV - SCHOOL OF DENTISTRY       ,PA,19140-0000,Private      ,0,0,0,24,605,629
00337104,TEMPLE UNIV - AMBLER CAMPUS             ,PA,19002-0000,Private      ,4,4,8,797,649,1446
00337105,TEMPLE UNIV - SCH OF ALLIED HEALTH      ,PA,19140-0000,Private      ,1,8,9,389,492,881
00337106,TEMPLE UNIV - SCHOOL OF PHARMACY        ,PA,19140-0000,Private      ,0,1,1,196,725,921
00337107,TEMPLE UNIV - TYLER SCHOOL OF ART       ,PA,19122-0000,Private      ,1,2,3,746,396,1142
00337108,TEMPLE UNIV - GRAD DIV HEALTH SCI       ,PA,19140-0000,Private      ,2,23,25,77,629,706
00337109,TEMPLE UNIV - GRADUATE DIVISION         ,PA,19122-0000,Private      ,1,49,50,178,3464,3642
00337111,TEMPLE UNIV-SCH OF PODIATRIC MED        ,PA,19107-0000,Private      ,0,2,2,8,411,419
00337600,THIEL COLLEGE                           ,PA,16125-2181,Private      ,2,3,5,1395,195,1590
00337800,UNIVERSITY OF PENNSYLVANIA              ,PA,19104-6216,Private      ,6,53,59,16575,13356,29931
00337900,UNIVERSITY OF PITTSBURGH                ,PA,15260-0000,Public       ,48,156,204,27513,11431,38944
00337906,UNIVERSITY OF PITTSBURGH - SCHOOL OF MED,PA,15261-0001,Public       ,0,6,6,75,1017,1092
00337907,UNIVERSITY OF PITTSBURGH - SCHOOL OF DEN,PA,15261-2523,Public       ,1,4,5,47,393,440
00338400,UNIVERSITY OF SCRANTON                  ,PA,18510-4622,Private      ,8,97,105,7114,1948,9062
00338500,URSINUS COLLEGE                         ,PA,19426-2562,Private      ,1,1,2,3688,130,3818
00338600,VALLEY FORGE MILITARY COLLEGE           ,PA,19087-3695,Private      ,1,0,1,376,37,413
00338800,VILLANOVA UNIVERSITY                    ,PA,19085-1699,Private      ,4,51,55,10990,2711,13701
00338801,VILLANOVA UNIV SCH OF LAW               ,PA,19085-0000,Private      ,0,2,2,26,1806,1832
00338900,WASHINGTON & JEFFERSON COLLEGE          ,PA,15301-4801,Private      ,1,2,3,2775,57,2832
00339100,WAYNESBURG UNIVERSITY                   ,PA,15370-1222,Private      ,2,18,20,2017,1098,3115
00339200,WESTMINSTER COLLEGE                     ,PA,16172-0002,Private      ,3,0,3,2530,154,2684
00339300,WESTMINSTER THEOLOGICAL SEMINARY        ,PA,19038-0000,Private      ,0,0,0,2,261,263
00339400,WILKES UNIVERSITY                       ,PA,18766-0998,Private      ,5,51,56,3142,1202,4344
00339500,PENNSYLVANIA COLLEGE OF TECHNOLOGY      ,PA,17701-5779,Public       ,9,10,19,5596,2620,8216
00339600,WILSON COLLEGE                          ,PA,17201-1285,Private      ,1,17,18,464,542,1006
00339900,YORK COLLEGE OF PENNSYLVANIA            ,PA,17405-7199,Private      ,13,15,28,7416,1310,8726
00398600,DESALES UNIVERSITY                      ,PA,18034-9568,Private      ,0,27,27,2264,1309,3573
00398700,LA ROCHE COLLEGE                        ,PA,15237-5898,Private      ,1,9,10,990,515,1505
00398800,NEUMANN UNIVERSITY                      ,PA,19014-1298,Private      ,5,30,35,2899,1175,4074
00405800,GRATZ COLLEGE                           ,PA,19027-3097,Private      ,0,10,10,2,154,156
00445200,MONTGOMERY COUNTY COMMUNITY COLLEGE     ,PA,19422-6300,Public       ,56,148,204,4409,5431,9840
00488700,BRANDYWINE SCHOOL OF NURSING            ,PA,19320-1536,Proprietary  ,0,0,0,23,59,82
00488900,CAMBRIA-ROWE BUSINESS COLLEGE           ,PA,15902-2494,Proprietary  ,6,24,30,181,372,553
00489000,CENTRAL PENNSYLVANIA COLLEGE            ,PA,17093-0309,Proprietary  ,8,8,16,1153,1106,2259
00489300,DU BOIS BUSINESS COLLEGE                ,PA,15801-2401,Proprietary  ,0,3,3,226,425,651
00489400,ERIE BUSINESS CENTER                    ,PA,16501-1305,Proprietary  ,1,14,15,85,539,624
00489401,ERIE BUSINESS CENTER SOUTH              ,PA,16101-0000,Proprietary  ,1,5,6,31,128,159
00489800,MCCANN SCHOOL OF BUSINESS & TECHNOL     ,PA,17901-1335,Proprietary  ,70,295,365,1267,3531,4798
00489807,MCCANN SCHOOL OF BUSINESS & TECHNOLOGY -,PA,17013-3180,Proprietary  ,0,1,1,0,4,4
00489900,MERCY HOSP SCH OF NURSING               ,PA,15219-5166,Private      ,0,0,0,88,138,226
00490100,NEWPORT BUSINESS INSTITUTE              ,PA,15068-3929,Proprietary  ,1,0,1,44,99,143
00490200,PENN COMMERCIAL BUSINESS/TECHNICAL SCHL ,PA,15301-2871,Proprietary  ,2,2,4,279,598,877
00491000,KAPLAN CAREER INSTITUTE                 ,PA,17111-3571,Proprietary  ,19,112,131,377,1160,1537
00491001,THOMPSON INSTITUTE-PHILADEPHIA CAMPUS   ,PA,19104-3386,Proprietary  ,36,179,215,449,1694,2143
00491400,NEWPORT BUSINESS INSTITUTE              ,PA,17701-5855,Proprietary  ,0,3,3,24,212,236
00500701,WEST VIRGINIA CAREER INSTITUTE          ,PA,15456-0000,Proprietary  ,3,16,19,89,213,302
00531000,PITTSBURGH INST OF AERONAUTICS          ,PA,15236-0000,Private      ,2,0,2,270,179,449
00533000,FAYETTE CNTY AREA VOC TECH PRC NRSG     ,PA,15401-0000,Public       ,0,0,0,34,121,155
00533500,CENTRAL PENN INST OF SCI & TECH PNP     ,PA,16823-0000,Public       ,0,1,1,82,181,263
00536500,YORK CO AREA VOC-TECH SCH-PRAC NSG      ,PA,17402-0000,Public       ,1,5,6,33,226,259
00594200,UPMC PRESBYTERIAN SCH OF RADIOLOGIC     ,PA,15213-2582,Private      ,0,0,0,15,15,30
00594600,SCHOOL OF RADIOLOGIC TECHNOLOGY AT ST. C,PA,19134-1995,Proprietary  ,0,0,0,18,54,72
00653400,CITIZENS SCHOOL OF NURSING              ,PA,15068-6591,Private      ,1,0,1,103,137,240
00653700,CONEMAUGH VLY MEM HOSP SCH NRSNG        ,PA,15905-4398,Private      ,0,1,1,86,109,195
00653702,CONEMAUGH HOSP- SCH HISTOTECHNOLOGY     ,PA,15905-0000,Private      ,0,1,1,3,13,16
00653704,CONEMAUGH VLY MEM HOSP SCH RAD TECH     ,PA,15905-0000,Private      ,0,2,2,38,16,54
00653706,CONEMAUGH VLY MEM HOSP SCH  MED TECH    ,PA,15905-4398,Private      ,0,0,0,4,8,12
00653900,EPISCOPAL HOSPITAL SCHL OF NURSING      ,PA,19125-1000,Private      ,0,0,0,16,67,83
00655100,ST MARGARET SCHL OF NURSING             ,PA,15238-3205,Private      ,1,2,3,68,188,256
00656000,OHIO VALLEY HOSP SCH OF NURSING         ,PA,15136-1694,Private      ,0,0,0,41,56,97
00656500,READING HOSPITAL SCHOOL OF HEALTH SCIENC,PA,19611-1744,Private      ,2,1,3,221,348,569
00657400,"ST LUKE'S HOSPITAL OF BETHLEHEM, PA     ",PA,18015-1065,Private      ,2,5,7,62,169,231
00657600,SEWICKLEY VALLEY HOSP SCH NRSNG         ,PA,15143-1498,Private      ,0,0,0,46,72,118
00657700,UPMC SHADYSIDE SCHOOL OF NURSING        ,PA,15232-1381,Private      ,3,5,8,163,424,587
00657800,SHARON REGIONAL SCHOOL OF NURSING       ,PA,16146-3395,Private      ,0,0,0,10,56,66
00658200,WASHINGTON HOSP SCH OF NURSING          ,PA,15301-3398,Private      ,1,0,1,54,139,193
00658202,WASHINGTON HOSP SCH OF RAD TECH         ,PA,15301-3398,Private      ,0,0,0,21,16,37
00658300,WESTERN PENN HOSP-SCH OF NURSING        ,PA,15224-1790,Private      ,1,1,2,129,139,268
00680700,COMMUNITY COLLEGE OF BEAVER COUNTY      ,PA,15061-2588,Public       ,15,59,74,1347,1644,2991
00681000,LEHIGH CARBON COMMUNITY COLLEGE         ,PA,18078-2598,Public       ,28,87,115,3168,4006,7174
00681100,LUZERNE COUNTY COMMUNITY COLLEGE        ,PA,18634-3899,Public       ,28,83,111,3558,3902,7460
00708700,ABINGTON MEM HOSP SCHL OF NURSING       ,PA,19090-1284,Private      ,0,4,4,90,330,420
00709100,EVEREST INSTITUTE                       ,PA,15222-1320,Proprietary  ,38,121,159,324,1355,1679
00711000,DELAWARE COUNTY COMMUNITY COLLEGE       ,PA,19063-1094,Public       ,42,160,202,4824,6321,11145
00719100,NORTHAMPTON COMMUNITY COLLEGE           ,PA,18020-7599,Public       ,34,111,145,5619,5940,11559
00739802,KATHERINE GIBBS-PHILADELPHIA            ,PA,19403-2422,Proprietary  ,0,0,0,14,34,48
00743000,ANTONELLI INST OF ART & PHOTOGRAPHY     ,PA,19038-8242,Proprietary  ,0,0,0,247,23,270
00743600,KAPLAN CAREER INSTITUTE - ICM CAMPUS    ,PA,15222-1977,Proprietary  ,34,117,151,639,1623,2262
00743700,PITTSBURGH TECHNICAL INSTITUTE          ,PA,15071-3205,Proprietary  ,6,8,14,2450,1151,3601
00746900,"HUSSIAN SCHOOL OF ART, INC.             ",PA,19106-0000,Proprietary  ,0,0,0,125,31,156
00747000,"ART INSTITUTE OF PITTSBURGH, THE        ",PA,15219-1328,Proprietary  ,467,3205,3672,8096,35847,43943
00752900,CTR ART TCH BRDYWN CMPS PRC NRS PRG     ,PA,19320-2459,Public       ,1,3,4,31,154,185
00775900,LINCOLN TECHNICAL INSTITUTE             ,PA,18104-3298,Proprietary  ,46,92,138,518,1040,1558
00777900,LANSDALE SCHOOL OF BUSINESS             ,PA,19454-0000,Proprietary  ,2,23,25,140,628,768
00778000,NEW CASTLE SCHOOL OF TRADES             ,PA,16143-9721,Proprietary  ,15,71,86,310,992,1302
00778100,CHI INSTITUTE/RETS CAMPUS               ,PA,19008-3516,Proprietary  ,17,89,106,310,1007,1317
00783200,LINCOLN TECH INSTITUTE                  ,PA,19136-1595,Proprietary  ,24,38,62,509,701,1210
00783900,TRIANGLE TECH                           ,PA,15214-3897,Proprietary  ,3,5,8,244,358,602
00791200,THADDEUS STEVENS CLG OF TECHNOLOGY      ,PA,17602-0000,Public       ,6,3,9,1067,440,1507
00791600,FRANKLIN CNTY CAREER & TECH CTR-PNP     ,PA,17201-0000,Public       ,0,0,0,22,64,86
00820000,JAMESON MEMORIAL HOSP SCH NURSING       ,PA,16105-2595,Private      ,0,2,2,28,89,117
00826301,AWARD BEAUTY SCHOOL - CHAMBERSBURG BEAUT,PA,17201-2435,Proprietary  ,0,0,0,3,10,13
00835000,ART INSTITUTE OF PHILADELPHIA           ,PA,19103-5198,Proprietary  ,30,33,63,4238,2824,7062
00844100,ANTHEM INSTITUTE                        ,PA,19064-1243,Proprietary  ,14,94,108,421,1212,1633
00856800,VET TECH INSTITUTE                      ,PA,15222-3400,Proprietary  ,1,0,1,314,150,464
00865300,JEFFERSON CO DUBOIS VOC TECH-PR NSG     ,PA,15851-0000,Public       ,0,0,0,31,67,98
00888900,LEHIGH VALLEY COLLEGE                   ,PA,18034-8447,Proprietary  ,0,0,0,32,45,77
00895500,PRUONTOS HAIR DESIGN INSTITUTE          ,PA,16602-0000,Proprietary  ,0,2,2,25,35,60
00915705,WYOMING TECHNICAL INSTITUTE - BLAIRSVILL,PA,15717-8060,Proprietary  ,5,9,14,1892,943,2835
00918600,DEAN INSTITUTE OF TECHNOLOGY            ,PA,15226-1197,Proprietary  ,2,19,21,59,217,276
00944900,PENNCO TECH                             ,PA,19007-0000,Proprietary  ,18,35,53,451,913,1364
00966400,EMPIRE BEAUTY SCHOOL                    ,PA,18052-5730,Proprietary  ,11,27,38,223,376,599
00966500,EMPIRE BEAUTY SCHOOL                    ,PA,17109-2210,Proprietary  ,8,20,28,108,320,428
00966600,EMPIRE BEAUTY SCHOOL                    ,PA,19605-2803,Proprietary  ,6,24,30,120,373,493
00972100,BRADFORD SCHOOL                         ,PA,15219-2602,Proprietary  ,2,1,3,637,142,779
00972300,ARIA HEALTH SCHOOL OF NURSING           ,PA,19124-2696,Private      ,0,1,1,205,304,509
00978300,GORDON PHILLIPS SCH OF BEAUTY CULT      ,PA,19135-0000,Proprietary  ,14,51,65,284,587,871
00986300,LANCASTER GENERAL COLLEGE OF NURSING AND,PA,17602-4955,Private      ,4,2,6,415,689,1104
01000600,GREATER JOHNSTOWN AREA VOC TECH SCH     ,PA,15904-0000,Public       ,0,2,2,81,336,417
01005500,CRAWFORD CNTY AREA VO-TECH PRAC NUR     ,PA,16335-0000,Public       ,0,0,0,7,47,54
01017600,WESTMORELAND COUNTY COMMUNITY CLG       ,PA,15697-1895,Public       ,67,193,260,2946,4138,7084
01038800,READING AREA COMMUNITY COLLEGE          ,PA,19603-1706,Public       ,35,129,164,2308,4483,6791
01054100,EMPIRE BEAUTY SCHOOL                    ,PA,15146-2229,Proprietary  ,10,23,33,188,412,600
01054200,EMPIRE BEAUTY SCHOOL                    ,PA,18701-0000,Proprietary  ,11,18,29,190,335,525
01054300,EMPIRE BEAUTY SCHOOL                    ,PA,17701-3914,Proprietary  ,9,9,18,128,243,371
01081400,PITTSBURGH INST MORTUARY SCIENCE        ,PA,15206-3706,Private      ,0,8,8,92,236,328
01086000,GREATER ALTOONA CAREER/TECH CENTER      ,PA,16602-0000,Public       ,1,5,6,59,274,333
01096300,GREENE COUNTY VOC-TECH SCHOOL           ,PA,15370-0000,Public       ,0,0,0,8,41,49
01097000,EMPIRE BEAUTY SCHOOL                    ,PA,17042-5209,Proprietary  ,0,7,7,33,97,130
01099800,PENNSYLVANIA INSTITUTE OF TECH          ,PA,19063-4098,Private      ,13,62,75,686,1241,1927
01102000,EMPIRE BEAUTY SCHOOL                    ,PA,17604-4335,Proprietary  ,9,30,39,144,310,454
01102100,EMPIRE BEAUTY SCHOOL                    ,PA,17402-2862,Proprietary  ,13,34,47,216,613,829
01162100,AUTOMOTIVE TRAINING CENTER              ,PA,19341-1310,Proprietary  ,34,20,54,641,304,945
01162200,WELDER TRAINING & TESTING INST          ,PA,18109-3253,Proprietary  ,3,4,7,53,120,173
01163800,EMPIRE BEAUTY SCHOOL                    ,PA,17876-0000,Proprietary  ,6,5,11,45,84,129
01171500,SCHUYLKILL HEALTH SCHOOL OF NURSING     ,PA,17901-3692,Private      ,0,1,1,56,47,103
01191900,BEAVER FALLS BEAUTY ACADEMY             ,PA,15010-4208,Proprietary  ,6,9,15,31,71,102
01205000,ROSEDALE TECHNICAL INSTITUTE            ,PA,15205-9791,Private      ,2,0,2,230,279,509
01239300,THOMAS JEFF UNIV-CLG ALLIED HEALTH      ,PA,19107-0000,Private      ,2,10,12,311,1087,1398
01239301,THOMAS JEFFERSON UNIVERSITY - JEFFERSON ,PA,19107-5001,Private      ,0,3,3,170,1532,1702
01239303,THOMAS JEFFERSON UNIVERSITY - COLLEGE OF,PA,19107-6731,Private      ,2,11,13,194,1113,1307
01246104,LINCOLN TECHNICAL INSTITUTE             ,PA,19104-0202,Proprietary  ,41,151,192,611,1464,2075
01246105,LINCOLN TECHNICAL INSTITUTE             ,PA,19116-4202,Proprietary  ,21,58,79,334,683,1017
01252300,TALMUDICAL YESHIVA OF PHILA             ,PA,19131-1296,Private      ,0,0,0,36,0,36
01260500,EMPIRE BEAUTY SCHOOL                    ,PA,17331-2405,Proprietary  ,6,17,23,63,139,202
01260600,EMPIRE BEAUTY SCHOOL                    ,PA,17901-2505,Proprietary  ,18,40,58,170,538,708
01260700,EMPIRE BEAUTY SCHOOL                    ,PA,16801-5218,Proprietary  ,0,6,6,16,32,48
01292900,SOUTH HILLS BEAUTY ACADEMY              ,PA,15216-2335,Proprietary  ,3,12,15,37,88,125
01301500,GORDON PHILLIPS SCH BEAUTY CULTURE      ,PA,19102-2701,Proprietary  ,33,75,108,347,790,1137
01313400,YESHIVATH BETH MOSHE                    ,PA,18505-2196,Private      ,1,0,1,52,1,53
01321400,ROXBOROUGH MEM HOSP SCH OF NURSING      ,PA,19128-0000,Proprietary  ,0,0,0,70,176,246
01326300,SOUTH HILLS SCHOOL OF BUSINESS & TECHNOL,PA,16801-4516,Proprietary  ,0,2,2,466,541,1007
01326304,SOUTH HILLS SCHOOL OF BUSINESS & TECHNOL,PA,16602-1188,Proprietary  ,0,0,0,46,39,85
02061000,VENUS BEAUTY ACADEMY                    ,PA,19079-0000,Proprietary  ,2,8,10,66,77,143
02068300,DOUGLAS SCHOOL OF BUSINESS              ,PA,15062-0000,Proprietary  ,5,5,10,302,274,576
02090200,TRIANGLE TECH                           ,PA,16502-0000,Proprietary  ,11,15,26,140,251,391
02092500,LAUREL TECHNICAL INSTITUTE              ,PA,16146-0000,Proprietary  ,2,26,28,108,427,535
02092502,BUSINESS INSTITUTE OF PENNSYLVANIA      ,PA,16335-0000,Proprietary  ,0,0,0,4,25,29
02107300,PENNSYLVANIA ACADEMY OF FINE ARTS       ,PA,19102-1424,Private      ,1,1,2,225,265,490
02112200,GREAT LAKES INSTITUTE OF TECHNOLOGY     ,PA,16509-0000,Proprietary  ,7,31,38,308,737,1045
02114200,JOHNSON COLLEGE                         ,PA,18508-0000,Private      ,2,1,3,460,244,704
02116001,SANFORD-BROWN INSTITUTE - TREVOSE       ,PA,19053-4700,Proprietary  ,6,28,34,475,1586,2061
02118000,LEVITTOWN BEAUTY ACADEMY LLC            ,PA,19054-1713,Proprietary  ,1,3,4,39,48,87
02119300,PA ACAD OF COSMETOLOGY ARTS & SCI       ,PA,15904-0000,Proprietary  ,5,5,10,82,121,203
02119301,PA ACAD OF COSMTLGY ARTS & SCI          ,PA,15801-0000,Proprietary  ,0,0,0,6,1,7
02120800,"YORKTOWNE BUSINESS INSTITUTE, INC.      ",PA,17404-0000,Proprietary  ,0,3,3,132,333,465
02127400,YORK TECHNICAL INSTITUTE                ,PA,17402-0000,Proprietary  ,32,96,128,1406,2209,3615
02129000,TRIANGLE TECH                           ,PA,15601-0000,Proprietary  ,20,12,32,333,384,717
02129001,TRIANGLE TECH - BUSINESS CAREERS INSTITU,PA,15601-3304,Proprietary  ,1,0,1,5,12,17
02144000,"VISION ACADEMY, THE                     ",PA,18103-0000,Proprietary  ,4,14,18,55,118,173
02149000,EMPIRE BEAUTY SCHOOL                    ,PA,19341-2804,Proprietary  ,4,15,19,86,157,243
02151500,CENTRAL SUSQUEHANNA LPN CENTER          ,PA,17837-8818,Public       ,0,0,0,30,157,187
02152105,ACADEMY OF COURT REPORTING AND TECHNOLOG,PA,15222-1710,Proprietary  ,0,1,1,51,271,322
02153500,OAKBRIDGE ACADEMY OF ARTS               ,PA,15068-0000,Proprietary  ,0,1,1,67,24,91
02158300,JUNIATA-MIFFLIN CO AREA VOC TECH        ,PA,17044-0000,Public       ,1,0,1,24,66,90
02161400,NORTHEASTERN HOSP SCH OF NRSG           ,PA,19134-0000,Private      ,2,2,4,49,138,187
02169600,CLEARFIELD CTY CAREER AND TECH CNTR     ,PA,16830-0000,Public       ,0,0,0,35,153,188
02174400,TRIANGLE TECH                           ,PA,15801-0000,Proprietary  ,33,47,80,378,515,893
02178900,ACADEMY OF HAIR DESIGN                  ,PA,18202-1465,Proprietary  ,1,4,5,22,38,60
02183000,ORLEANS TECHNICAL INSTITUTE             ,PA,19111-0000,Private      ,31,87,118,258,891,1149
02192800,WALNUT HILL COLLEGE                     ,PA,19104-0000,Proprietary  ,2,7,9,467,311,778
02202300,SANFORD-BROWN INSTITUTE                 ,PA,15219-1907,Proprietary  ,24,78,102,434,1338,1772
02202301,SANFORD-BROWN INSTITUTE                 ,PA,15146-2141,Proprietary  ,6,22,28,208,803,1011
02203900,ERIE INSTITUTE OF TECHNOLOGY            ,PA,16565-1002,Proprietary  ,0,3,3,122,379,501
02206200,AMBLER BEAUTY ACADEMY                   ,PA,19002-0000,Proprietary  ,4,19,23,86,155,241
02206300,STROUDSBURG SCHOOL OF COSMETOLOGY       ,PA,18360-0000,Proprietary  ,6,3,9,28,30,58
02212700,LANCASTER SCHOOL OF COSMETOLOGY         ,PA,17602-0000,Proprietary  ,3,13,16,58,211,269
02234200,ACADEMY OF MEDICAL ARTS & BUSINESS      ,PA,17112-0000,Proprietary  ,6,38,44,165,415,580
02251200,SCHUYLKILL COUNTY AREA VOC TECH SCH     ,PA,17931-0000,Public       ,1,0,1,35,113,148
02251202,SCHUYLKILL COUNTY AREA VOC TECH SCH     ,PA,17931-0000,Public       ,2,3,5,17,78,95
02253900,BERKS TECHNICAL INSTITUTE               ,PA,19610-0000,Proprietary  ,15,45,60,594,996,1590
02255200,PENNSYLVANIA SCHOOL OF BUSINESS         ,PA,18101-1604,Proprietary  ,26,39,65,236,839,1075
02269900,PENNSYLVANIA COLLEGE OF ART & DESIGN    ,PA,17603-3528,Private      ,1,0,1,399,62,461
02270500,BUCKS COUNTY SCHOOL OF BEAUTY CULT      ,PA,19053-0000,Proprietary  ,0,1,1,50,47,97
02273400,RECONSTRUCTIONIST RABBINICAL COLLEG     ,PA,19095-0000,Private      ,0,1,1,0,31,31
02276600,HANOVER PUBLIC SCH DIST PRAC NURSG      ,PA,17331-0000,Public       ,0,0,0,10,54,64
02282500,LENAPE SCHOOL OF PRACTICAL NURSING      ,PA,16226-0000,Public       ,0,1,1,37,195,232
02288800,EMPIRE BEAUTY SCHOOL                    ,PA,18974-4508,Proprietary  ,8,8,16,68,124,192
02289500,PACE INSTITUTE                          ,PA,19601-0000,Proprietary  ,8,36,44,111,395,506
02289600,CONSOLIDATED SCHOOL OF BUSINESS         ,PA,17404-0000,Proprietary  ,0,2,2,36,236,272
02289700,ACADEMY OF CREATIVE HAIR DESIGN         ,PA,18702-0000,Proprietary  ,3,9,12,60,140,200
02289800,CHI INSTITUTE - FRANKLIN MILLS          ,PA,19154-0000,Proprietary  ,34,104,138,574,1541,2115
02290400,"ALTOONA BEAUTY SCHOOL, INC              ",PA,16602-0000,Proprietary  ,0,8,8,33,87,120
02292700,LANSDALE SCHOOL OF COSMETOLOGY          ,PA,19446-0000,Proprietary  ,1,4,5,39,45,84
02299300,TRINITY EPISCOPAL SCHOOL MINISTRY       ,PA,15003-0000,Private      ,0,0,0,1,84,85
02301300,PJA SCHOOL (THE)                        ,PA,19082-1917,Proprietary  ,7,44,51,118,613,731
02304400,YTI CAREER INSTITUTE - MECHANICSBURG    ,PA,17055-0000,Proprietary  ,8,25,33,168,387,555
02306200,VENANGO COUNTY AREA VOC TECH SCHOOL     ,PA,16301-0000,Public       ,0,0,0,22,64,86
02310800,LANCASTER COUNTY CAREER & TECH CTR      ,PA,17584-0000,Public       ,6,7,13,191,737,928
02323000,BIBLICAL THEOLOGICAL SEMINARY           ,PA,19440-2421,Private      ,0,27,27,0,27,27
02330300,LEBANON CO CAREER & TECHNOLOGY CTR      ,PA,17042-0000,Public       ,0,1,1,28,144,172
02330600,PENNSYLVANIA GUNSMITH SCHOOL            ,PA,15202-0000,Proprietary  ,0,3,3,37,78,115
02350100,WESTERN AREA CAREER & TECHNOLOGY CT     ,PA,15317-0000,Public       ,0,0,0,19,81,100
02350200,INDIANA COUNTY TECH CTR SCH PR NSG      ,PA,15701-1465,Public       ,3,15,18,41,127,168
02353100,NORTHERN TIER CAREER CENTER             ,PA,18848-0000,Public       ,0,0,0,18,55,73
02361002,ITT TECHNICAL INSTITUTE                 ,PA,19406-0000,Proprietary  ,16,24,40,430,742,1172
02362300,MERCER COUNTY AREA VOC TECH SCHOOL      ,PA,16137-0000,Public       ,0,1,1,17,93,110
02492500,DELAWARE VLY ACAD MED DNTL ASSTS        ,PA,19114-0000,Proprietary  ,1,2,3,54,142,196
02492600,EASTERN CTR ARTS AND TECH PR NSG        ,PA,19090-0000,Public       ,0,3,3,22,176,198
02495500,ALL-STATE CAREER SCHOOL                 ,PA,19029-0000,Proprietary  ,25,136,161,349,1345,1694
02529800,WILKES BARRE AREA CAREER AND TECHNICAL C,PA,18705-0000,Public       ,0,0,0,63,233,296
02536600,COMMONWEALTH TECH INSTIT @ HIRAM G      ,PA,15905-0000,Public       ,6,5,11,275,132,407
02539900,STAR TECHNICAL INSTITUTE                ,PA,19082-0000,Proprietary  ,0,0,0,0,3,3
02544300,BUTLER BEAUTY SCHOOL                    ,PA,16001-0000,Proprietary  ,11,20,31,77,166,243
02545000,LAWRENCE COUNTY CAREER AND TECHNICAL CEN,PA,16101-0000,Public       ,0,2,2,21,89,110
02546200,LAUREL BUSINESS INSTITUTE               ,PA,15401-0877,Proprietary  ,8,16,24,215,334,549
02550000,CLARION CO AREA VOC-TECH PRAC NRSG      ,PA,16254-0000,Public       ,0,1,1,24,95,119
02554500,HAZLETON AREA CAREER CENTER PRACTICAL NU,PA,18201-0000,Public       ,0,0,0,19,44,63
02557800,ART INSTITUTE OF YORK (THE) - PENNSYLVAN,PA,17402-9012,Proprietary  ,14,11,25,787,326,1113
02566400,ALBERT EINSTEIN MED CTR DEPT DNTL       ,PA,19141-3098,Private      ,0,0,0,11,19,30
02574800,PENNSYLVANIA INSTITUTE OF TAXIDERMY     ,PA,15931-0000,Proprietary  ,1,0,1,13,43,56
02609500,CAREER TRAINING ACADEMY                 ,PA,15068-6308,Proprietary  ,6,19,25,87,298,385
02609501,CAREER TRAINING ACADEMY                 ,PA,15146-0000,Proprietary  ,0,0,0,2,21,23
02615400,STAR TECHNICAL INSTITUTE                ,PA,19114-2204,Proprietary  ,0,0,0,3,9,12
02616100,JEAN MADELINE ED CTR FOR COSM           ,PA,19147-1542,Proprietary  ,15,22,37,340,340,680
03006800,LE CORDON BLEU INSTITUTE OF CULINARY ART,PA,15222-3511,Proprietary  ,4,7,11,677,716,1393
03010800,TRI-STATE BUSINESS INSTITUTE            ,PA,16506-1013,Proprietary  ,110,235,345,1106,3313,4419
03011500,FORTIS INSTITUTE                        ,PA,18702-0000,Proprietary  ,5,44,49,244,566,810
03011600,FORTIS INSTITUTE                        ,PA,18509-2903,Proprietary  ,7,61,68,233,602,835
03029900,CONSOLIDATED SCHOOL OF BUSINESS         ,PA,17603-2389,Proprietary  ,1,5,6,41,205,246
03031600,DPT BUSINESS SCHOOL                     ,PA,19116-3961,Proprietary  ,16,65,81,123,641,764
03031601,DPT BUSINESS SCHOOL                     ,PA,19106-0000,Proprietary  ,14,34,48,89,380,469
03067000,ANTONELLI MEDICAL & PROF INST           ,PA,19464-9244,Proprietary  ,1,8,9,9,102,111
03072400,ALL-STATE CAREER SCHOOL                 ,PA,15122-0000,Proprietary  ,2,45,47,35,309,344
03072600,DCI CAREER INSTITUTE                    ,PA,15061-2307,Proprietary  ,1,23,24,64,248,312
03081900,YTI CAREER INSTITUTE - ALTOONA          ,PA,16602-4457,Proprietary  ,5,22,27,163,446,609
03090800,LAKE ERIE COLL OF OSTEOPATHIC MED       ,PA,16509-0000,Private      ,0,1,1,97,2906,3003
03098600,CAREER TECH CTR OF LACKAWANNA CNTY      ,PA,18508-0000,Public       ,0,0,0,33,160,193
03101500,BIDWELL TRAINING CENTER                 ,PA,15233-2233,Private      ,2,36,38,15,128,143
03103300,JNA INSTITUTE OF CULINARY ARTS          ,PA,19146-3119,Proprietary  ,1,5,6,64,139,203
03109100,METROPOLITAN CAREER CENTER              ,PA,19144-0000,Private      ,5,18,23,61,233,294
03110700,AVIATION INSTITUTE OF MAINTENANCE       ,PA,19114-1017,Proprietary  ,14,33,47,160,458,618
03120400,REGIONAL CAREER & TECHNICAL CENTER      ,PA,16509-4699,Public       ,0,0,0,1,11,12
03128400,DELAWARE COUNTY TECHNICAL SCHOOL        ,PA,19032-1998,Public       ,0,1,1,33,161,194
03180400,PENNSYLVANIA HIGHLANDS COMMUNITY COLLEGE,PA,15904-2927,Public       ,10,38,48,793,938,1731
03236400,LT INTERNATIONAL BEAUTY SCHOOL          ,PA,19130-2235,Proprietary  ,3,19,22,18,161,179
03353300,ACADEMY OF VOCAL ARTS                   ,PA,19103-6685,Private      ,1,1,2,11,37,48
03380301,STAR CAREER ACADEMY - STAR PHILADELPHIA ,PA,19114-2204,Proprietary  ,16,109,125,161,785,946
03439400,NAWCC SCHOOL OF HOROLOGY                ,PA,17512-2130,Private      ,0,0,0,3,11,14
03535300,HUNTINGDON COUNTY CAREER AND TECHNO     ,PA,17060-0905,Public       ,0,0,0,10,35,45
03561400,SUSQUEHANNA COUNTY CAREER & TECHNOL     ,PA,18816-0100,Public       ,0,0,0,5,9,14
03766300,PENNSYLVANIA SCHOOL OF MUSCLE THERAPY   ,PA,19406-3101,Proprietary  ,1,6,7,47,170,217
03899300,CALVARY BAPTIST THEOLOGICAL SEMINARY    ,PA,19446-4718,Private      ,0,0,0,0,9,9
03923300,PRECISION MANUFACTURING INSTITUTE       ,PA,16335-8380,Private      ,0,3,3,16,93,109
03948300,HARRISBURG UNIVERSITY OF SCIENCE AND TEC,PA,17101-2116,Private      ,1,3,4,176,203,379
03949300,WON INSTITUTE OF GRADUATE STUDIES       ,PA,19038-4535,Private      ,0,0,0,1,35,36
03950500,NORTHWEST REGIONAL TECHNOLOGY INSTITUTE ,PA,16508-2820,Proprietary  ,1,9,10,8,97,105
03952300,NATIONAL MASSAGE THERAPY INSTITUTE      ,PA,19116-3965,Proprietary  ,23,112,135,206,800,1006
04024300,EDUCATION AND TECHNOLOGY INSTITUTE      ,PA,15601-9214,Private      ,0,11,11,3,43,46
04119900,PENNSYLVANIA MYOTHERAPY INSTITUTE       ,PA,17350-8426,Proprietary  ,0,2,2,3,22,25
04127500,CAREER DEVELOPMENT & EMPLOYMENT         ,PA,18702-5253,Proprietary  ,1,11,12,6,60,66
04137100,KIMBERLY'S BEAUTY SCHOOL                ,PA,19134-0000,Proprietary  ,0,2,2,3,53,56
04138300,INTERNATIONAL BEAUTY ACADEMY            ,PA,19149-2710,Proprietary  ,1,9,10,13,70,83
04145800,PULSE BEAUTY ACADEMY A PAUL MITCHELL PAR,PA,19335-0000,Proprietary  ,2,4,6,53,57,110
04149800,SOMERSET COUNTY TECHNOLOGY CENTER       ,PA,15501-1444,Public       ,3,13,16,3,13,16
04158000,METRO BEAUTY ACADEMY                    ,PA,18106-9693,Proprietary  ,2,5,7,33,49,82
04164900,BARONE BEAUTY ACADEMY                   ,PA,17701-5316,Proprietary  ,2,6,8,4,7,11
00267813,BRYANT & STRATTON COLLEGE - MIL DOWNTOWN,WI,53203-2608,Proprietary  ,21,114,135,735,2865,3600
00383200,ALVERNO COLLEGE                         ,WI,53234-3922,Private      ,4,12,16,1447,2412,3859
00383500,BELOIT COLLEGE                          ,WI,53511-5595,Private      ,0,0,0,1877,108,1985
00383700,CARDINAL STRITCH UNIVERSITY             ,WI,53217-9884,Private      ,6,90,96,1059,5109,6168
00383800,CARROLL UNIVERSITY                      ,WI,53186-5593,Private      ,2,3,5,3258,765,4023
00383900,CARTHAGE COLLEGE                        ,WI,53141-0000,Private      ,6,19,25,4420,810,5230
00384000,WESTERN TECHNICAL COLLEGE               ,WI,54601-0908,Public       ,15,71,86,2103,2971,5074
00384200,CONCORDIA UNIVERSITY WISCONSIN          ,WI,53097-2402,Private      ,8,168,176,2373,4122,6495
00384800,EDGEWOOD COLLEGE                        ,WI,53711-1958,Private      ,4,13,17,1535,1127,2662
00385000,SILVER LAKE COLLEGE                     ,WI,54220-9319,Private      ,0,12,12,196,461,657
00385400,LAKELAND COLLEGE                        ,WI,53082-0000,Private      ,4,89,93,1152,2222,3374
00385600,LAWRENCE UNIVERSITY                     ,WI,54912-0599,Private      ,1,0,1,2357,94,2451
00386100,MARIAN UNIVERSITY                       ,WI,54935-4699,Private      ,2,51,53,1387,1453,2840
00386300,MARQUETTE UNIVERSITY                    ,WI,53201-0000,Private      ,13,39,52,12502,4373,16875
00386600,MILWAUKEE AREA TECH COLLEGE             ,WI,53233-1443,Public       ,30,167,197,6399,17712,24111
00386800,MILWAUKEE SCHOOL OF ENGINEERING         ,WI,53202-3109,Private      ,3,6,9,2678,761,3439
00386900,MOUNT MARY COLLEGE                      ,WI,53222-4597,Private      ,1,9,10,898,1559,2457
00387400,NASHOTAH HOUSE                          ,WI,53058-0000,Private      ,0,3,3,1,48,49
00387500,NORTHLAND COLLEGE                       ,WI,54806-3999,Private      ,0,0,0,749,129,878
00388400,RIPON COLLEGE                           ,WI,54971-0248,Private      ,0,0,0,1364,65,1429
00389200,ST. NORBERT COLLEGE                     ,WI,54115-2002,Private      ,1,4,5,2369,119,2488
00389500,UNIVERSITY OF WISCONSIN-MADISON         ,WI,53715-1382,Public       ,36,43,79,22879,11230,34109
00389600,UNIVERSITY OF WISCONSIN-MILWAUKEE       ,WI,53201-3165,Public       ,50,202,252,17838,12411,30249
00389700,UNIVERSITY OF WISCONSIN COLLEGES        ,WI,53708-8680,Public       ,11,35,46,1951,1654,3605
00389701,UNIVERSITY OF WISCONSIN-BARABOO         ,WI,53913-1098,Public       ,2,5,7,334,176,510
00389702,UNIVERSITY OF WISCONSIN-BARRON          ,WI,54868-2497,Public       ,0,1,1,279,198,477
00389703,UNIVERSITY OF WISCONSIN-FOND DU LAC     ,WI,54935-2998,Public       ,0,3,3,486,229,715
00389704,UNIVERSITY OF WISCONSIN-FOX VALLEY      ,WI,54952-1297,Public       ,1,8,9,845,527,1372
00389705,UNIVERSITY OF WISCONSIN-MANITOWOC       ,WI,54220-6699,Public       ,3,1,4,250,152,402
00389706,UNIVERSITY OF WISCONSIN-MARATHON        ,WI,54401-5396,Public       ,4,2,6,846,379,1225
00389707,UNIVERSITY OF WISCONSIN-MARINETTE       ,WI,54143-4299,Public       ,2,3,5,261,155,416
00389708,UNIVERSITY OF WISCONSIN-MARSHFIELD      ,WI,54449-3310,Public       ,2,3,5,314,188,502
00389709,UNIVERSITY OF WISCONSIN-RICHLAND        ,WI,53581-1399,Public       ,4,4,8,267,100,367
00389710,UNIVERSITY OF WISCONSIN COLLEGES - ROCK ,WI,53546-5699,Public       ,6,14,20,682,453,1135
00389711,UNIVERSITY OF WISCONSIN-SHEBOYGAN       ,WI,53081-4789,Public       ,1,6,7,446,276,722
00389712,UNIVERSITY OF WISCONSIN-WASHINGTON      ,WI,53095-3699,Public       ,3,3,6,528,267,795
00389713,UNIVERSITY OF WISCONSIN-WAUKESHA        ,WI,53188-2799,Public       ,5,5,10,1027,496,1523
00389900,UNIVERSITY OF WISCONSIN-GREEN BAY       ,WI,54311-7001,Public       ,12,20,32,4566,2107,6673
00391100,VITERBO UNIVERSITY                      ,WI,54601-4777,Private      ,0,46,46,1695,1252,2947
00391500,UNIVERSITY OF WISCONSIN-STOUT           ,WI,54751-0790,Public       ,7,59,66,6099,2207,8306
00391700,UNIVERSITY OF WISCONSIN-EAU CLAIRE      ,WI,54702-4004,Public       ,12,33,45,8541,1904,10445
00391900,UNIVERSITY OF WISCONSIN-LA CROSSE       ,WI,54601-3742,Public       ,9,16,25,7373,1743,9116
00392000,UNIVERSITY OF WISCONSIN-OSHKOSH         ,WI,54901-8604,Public       ,11,39,50,7673,3427,11100
00392100,UNIVERSITY OF WISCONSIN-PLATTEVILLE     ,WI,53818-3099,Public       ,9,29,38,5719,1756,7475
00392300,UNIVERSITY OF WISCONSIN-RIVER FALLS     ,WI,54022-5013,Public       ,9,31,40,5136,1420,6556
00392400,UNIVERSITY OF WISCONSIN-STEVENS POINT   ,WI,54481-3871,Public       ,13,26,39,7193,1918,9111
00392500,UNIVERSITY OF WISCONSIN-SUPERIOR        ,WI,54880-2898,Public       ,9,25,34,1691,1472,3163
00392600,UNIVERSITY OF WISCONSIN-WHITEWATER      ,WI,53190-1792,Public       ,16,49,65,8281,2615,10896
00400700,MADISON AREA TECHNICAL COLLEGE          ,WI,53704-2599,Public       ,31,78,109,4743,7899,12642
00501500,UNIVERSITY OF WISCONSIN-PARKSIDE        ,WI,53141-2000,Public       ,14,25,39,3536,2376,5912
00529400,WAUKESHA COUNTY TECHNICAL COLLEGE       ,WI,53072-4696,Public       ,7,38,45,1681,3213,4894
00530100,NORTHEAST WISCONSIN TECHNICAL COLLEGE   ,WI,54307-9042,Public       ,43,137,180,2778,5583,8361
00530400,CHIPPEWA VALLEY TECHNICAL COLLEGE       ,WI,54701-6162,Public       ,8,29,37,2429,3684,6113
00538000,MID-STATE TECHNICAL COLLEGE             ,WI,54494-5512,Public       ,8,31,39,946,2314,3260
00538400,NICOLET AREA TECHNICAL COLLEGE          ,WI,54501-0000,Public       ,8,22,30,511,1039,1550
00538700,NORTHCENTRAL TECHNICAL COLLEGE          ,WI,54401-1899,Public       ,5,35,40,1130,2928,4058
00538900,GATEWAY TECHNICAL COLLEGE               ,WI,53144-1690,Public       ,15,77,92,2108,7142,9250
00539000,BLACKHAWK TECHNICAL COLLEGE             ,WI,53547-5009,Public       ,9,95,104,997,3329,4326
00610800,BELLIN HOSP SCH OF RAD TECH             ,WI,54305-3505,Private      ,0,0,0,20,19,39
00611500,MERCY MED CTR SCH OF RAD TECH           ,WI,54904-3370,Private      ,0,0,0,7,15,22
00612601,ST LUKE'S MEDCL CTR SCHL RAD TECH       ,WI,53215-4330,Private      ,0,0,0,9,44,53
00612603,ST LUKE'S MED CTR SCH OF SONOGRAPHY     ,WI,53215-0000,Private      ,0,2,2,9,39,48
00613100,THEDA CLARK REG MED CTR SCH RAD TEC     ,WI,54957-0000,Private      ,0,0,0,7,20,27
00663900,BELLIN COLLEGE                          ,WI,54305-0000,Private      ,2,3,5,219,179,398
00766900,SOUTHWEST WISCONSIN TECH COLLEGE        ,WI,53809-0000,Public       ,3,6,9,718,940,1658
00821700,WISCONSIN COLLEGE OF COSMETOLOGY        ,WI,54304-0000,Proprietary  ,0,3,3,59,65,124
00869405,RASMUSSEN COLLEGE - WAUSAU              ,WI,54401-7804,Proprietary  ,1,24,25,3,33,36
00869414,RASMUSSEN COLLEGE - GREEN BAY           ,WI,54303-2349,Proprietary  ,9,52,61,259,1417,1676
00919400,LAKESHORE TECHNICAL COLLEGE             ,WI,53015-1412,Public       ,3,24,27,694,2336,3030
00925600,MORAINE PARK TECHNICAL COLLEGE          ,WI,54936-0000,Public       ,12,23,35,1076,3011,4087
00941900,STATE CLG OF BEAUTY CULT-WAUSAU         ,WI,54403-4667,Proprietary  ,0,1,1,64,86,150
00962100,HERZING COLLEGE                         ,WI,53718-4236,Proprietary  ,77,655,732,922,6659,7581
00974400,FOX VALLEY TECHNICAL COLLEGE            ,WI,54913-0000,Public       ,24,107,131,2832,5381,8213
01091300,MADISON MEDIA INSTITUTE                 ,WI,53718-6787,Proprietary  ,7,2,9,432,361,793
01148400,ADVANCED INSTITUTE OF HAIR DESIGN       ,WI,53225-0000,Proprietary  ,4,7,11,206,274,480
01182400,WISCONSIN INDIANHEAD TECH CLG WITC      ,WI,54871-9300,Public       ,8,39,47,1218,2551,3769
02077100,MILWAUKEE INST OF ART & DESIGN          ,WI,53202-0000,Private      ,1,1,2,851,189,1040
02078000,SACRED HEART SCHOOL OF THEOLOGY         ,WI,53130-0000,Private      ,0,0,0,0,5,5
02136600,WISCONSIN LUTHERAN COLLEGE              ,WI,53226-0000,Private      ,0,6,6,906,107,1013
02201803,KAPLAN COLLEGE - MILWAUKEE              ,WI,53212-3939,Proprietary  ,26,137,163,301,1405,1706
02239204,ANTHEM COLLEGE - BROOKFIELD             ,WI,53005-4207,Proprietary  ,0,2,2,17,31,48
02271300,WI SCH OF PROFESSIONAL PSYCHOLOGY       ,WI,53225-0000,Private      ,0,0,0,3,96,99
02317200,MARANATHA BAPTIST BIBLE COLLEGE         ,WI,53094-0000,Private      ,4,1,5,814,136,950
02324700,EMPIRE BEAUTY SCHOOL                    ,WI,53717-0000,Proprietary  ,3,11,14,62,221,283
02332100,EMPIRE BEAUTY SCHOOL                    ,WI,54220-0000,Proprietary  ,13,22,35,116,283,399
02332101,EMPIRE BEAUTY SCHOOL - APPLETON         ,WI,54914-4644,Proprietary  ,1,1,2,13,18,31
02453500,MEDICAL COLLEGE OF WISCONSIN            ,WI,53226-0000,Private      ,0,2,2,16,1161,1177
02494300,GILL-TECH ACADEMY OF HAIR DESIGN        ,WI,54911-0000,Proprietary  ,3,8,11,90,87,177
02532200,LAC COURTE OREILLES OJIBWA CMTY CLG     ,WI,54843-0000,Public       ,1,2,3,87,486,573
03007400,LAKESIDE SCHOOL OF MASSAGE THERAPY      ,WI,53719-1103,Private      ,0,0,0,40,150,190
03061200,MIDWEST COLLEGE OF ORIENTAL MEDICINE    ,WI,53403-9747,Proprietary  ,0,4,4,2,227,229
03077600,EMPIRE BEAUTY SCHOOL                    ,WI,54304-4838,Proprietary  ,8,24,32,213,500,713
03087500,ITT TECHNICAL INSTITUTE                 ,WI,53220-4612,Proprietary  ,70,147,217,1613,4120,5733
03125100,COLLEGE OF MENOMINEE NATION             ,WI,54135-0000,Private      ,3,18,21,148,641,789
03125102,COLLEGE OF  THE MENOMINEE NATION - GREEN,WI,54304-4964,Private      ,0,1,1,21,95,116
03220300,"SALON PROFESSIONAL ACADEMY, THE         ",WI,54701-7633,Proprietary  ,2,2,4,75,90,165
03309300,MONTESSORI INSTITUTE OF MILWAUKEE       ,WI,53207-0000,Private      ,0,1,1,3,29,32
03808300,INSTITUTE OF BEAUTY AND WELLNESS (THE)  ,WI,53202-5715,Proprietary  ,2,1,3,83,152,235
03822300,FOUR SEASONS SALON AND COSMETOLOGY SCHOO,WI,53566-0000,Proprietary  ,0,1,1,15,29,44
03872500,NORTHLAND INTERNATIONAL UNIVERSITY      ,WI,54119-9285,Private      ,2,0,2,469,68,537
03925300,BLUE SKY SCHOOL OF PROFESSIONAL MASSAGE ,WI,53024-9699,Private      ,2,1,3,48,161,209
04117400,MILWAUKEE CAREER COLLEGE                ,WI,53222-4305,Proprietary  ,30,111,141,245,1115,1360
04118600,ACADEMY OF COSMETOLOGY                  ,WI,53548-3307,Proprietary  ,2,4,6,24,73,97
04124800,VISIONS IN HAIR DESIGN INSTITUTE OF COSM,WI,53210-1120,Proprietary  ,0,3,3,13,32,45
04132600,WISCONSIN ACADEMY (THE)                 ,WI,54157-1726,Proprietary  ,0,3,3,18,55,73
04137900,PC PROSCHOOLS                           ,WI,53005-6003,Proprietary  ,6,20,26,46,88,134
04138200,SALON PROFESSIONAL ACADEMY (THE)        ,WI,54914-3921,Proprietary  ,0,0,0,66,59,125
04157700,SALON PROFESSIONAL ACADEMY (THE)        ,WI,54650-8699,Proprietary  ,2,5,7,35,57,92
04165300,ACADEMY WAUKESHA (THE)                  ,WI,53072-5524,Proprietary  ,11,17,28,11,17,28
00290500,NORTH CAROLINA A&T STATE UNIV           ,NC,27411-0001,Public       ,34,57,91,13124,5758,18882
00290600,APPALACHIAN STATE UNIVERSITY            ,NC,28608-2059,Public       ,31,36,67,15115,4105,19220
00290700,UNIVERSITY OF NC AT ASHEVILLE           ,NC,28804-3299,Public       ,10,16,26,3492,1504,4996
00290800,BARTON COLLEGE                          ,NC,27893-3104,Private      ,1,9,10,1489,762,2251
00291000,BELMONT ABBEY COLLEGE                   ,NC,28012-1802,Private      ,1,30,31,1222,1295,2517
00291100,BENNETT COLLEGE                         ,NC,27401-3239,Private      ,5,0,5,1187,339,1526
00291200,BREVARD COLLEGE                         ,NC,28712-3306,Private      ,3,0,3,914,141,1055
00291300,CAMPBELL UNIVERSITY                     ,NC,27506-0036,Private      ,12,64,76,4052,3421,7473
00291400,CATAWBA COLLEGE                         ,NC,28144-2488,Private      ,3,9,12,1496,652,2148
00291500,CENTRAL PIEDMONT COMMUNITY COLLEGE      ,NC,28204-2297,Public       ,111,552,663,7706,18804,26510
00291600,CHOWAN UNIVERSITY                       ,NC,27855-1850,Private      ,7,11,18,1553,374,1927
00291700,COLLEGE OF THE ALBEMARLE                ,NC,27909-2327,Public       ,8,31,39,803,2030,2833
00291800,DAVIDSON COLLEGE                        ,NC,28035-7157,Private      ,1,1,2,3064,106,3170
00291900,DAVIDSON COUNTY COMMUNITY COLLEGE       ,NC,27293-0000,Public       ,16,114,130,1433,3958,5391
00292000,DUKE UNIVERSITY                         ,NC,27708-0397,Private      ,14,9,23,15073,1647,16720
00292001,DUKE UNIV - SCHOOL OF MEDICINE          ,NC,27710-0000,Private      ,0,1,1,102,1270,1372
00292002,DUKE UNIV - SCHOOL OF LAW               ,NC,27708-0000,Private      ,1,9,10,41,2975,3016
00292003,DUKE UNIV - GRAD SCH ARTS & SCIENCE     ,NC,27708-0000,Private      ,1,4,5,87,914,1001
00292004,DUKE UNIV - FUQUA SCH OF BUSINESS       ,NC,27708-0000,Private      ,0,9,9,53,1235,1288
00292005,DUKE UNIV/NICHOLAS SCH OF ENVIRON.      ,NC,27708-0000,Private      ,0,0,0,10,304,314
00292006,DUKE UNIV - DIVINITY SCHOOL             ,NC,27708-0000,Private      ,0,2,2,99,662,761
00292007,DUKE UNIV - SCHOOL OF NURSING           ,NC,27710-0000,Private      ,0,11,11,91,660,751
00292010,DUKE UNIVERSITY - SCHOOL OF PUBLIC POLIC,NC,27708-0239,Private      ,1,0,1,16,48,64
00292300,EAST CAROLINA UNIVERSITY                ,NC,27858-1818,Public       ,48,227,275,20739,11861,32600
00292600,ELIZABETH CITY STATE UNIVERSITY         ,NC,27909-7806,Public       ,23,29,52,3957,1635,5592
00292700,ELON UNIVERSITY                         ,NC,27244-2010,Private      ,4,26,30,6304,1123,7427
00292800,FAYETTEVILLE STATE UNIVERSITY           ,NC,28301-4298,Public       ,18,78,96,5495,6626,12121
00292900,GARDNER-WEBB UNIVERSITY                 ,NC,28017-0000,Private      ,13,79,92,2484,2505,4989
00293000,GREENSBORO COLLEGE                      ,NC,27401-1875,Private      ,4,25,29,1418,976,2394
00293100,GUILFORD COLLEGE                        ,NC,27410-4171,Private      ,4,56,60,2816,2644,5460
00293300,HIGH POINT UNIVERSITY                   ,NC,27262-4221,Private      ,33,24,57,3925,1524,5449
00293400,ISOTHERMAL COMMUNITY COLLEGE            ,NC,28160-0804,Public       ,5,33,38,966,2187,3153
00293500,JOHN WESLEY COLLEGE                     ,NC,27265-0000,Private      ,0,6,6,38,193,231
00293600,JOHNSON C SMITH UNIVERSITY              ,NC,28216-5398,Private      ,8,17,25,3458,1066,4524
00293700,KING'S COLLEGE-CHARLOTTE                ,NC,28204-2435,Proprietary  ,1,5,6,763,595,1358
00293900,LEES MCRAE COLLEGE                      ,NC,28604-0000,Private      ,1,3,4,1028,313,1341
00294000,LENOIR COMMUNITY COLLEGE                ,NC,28502-0188,Public       ,13,93,106,1008,2958,3966
00294100,LENOIR-RHYNE UNIVERSITY                 ,NC,28603-0000,Private      ,3,11,14,2175,666,2841
00294200,LIVINGSTONE COLLEGE                     ,NC,28144-5298,Private      ,5,6,11,1530,492,2022
00294300,LOUISBURG COLLEGE                       ,NC,27549-2398,Private      ,14,2,16,1030,170,1200
00294400,MARS HILL COLLEGE                       ,NC,28754-0000,Private      ,1,1,2,1526,457,1983
00294500,MEREDITH COLLEGE                        ,NC,27607-5298,Private      ,3,5,8,1949,980,2929
00294600,METHODIST UNIVERSITY                    ,NC,28311-1420,Private      ,6,15,21,2361,1424,3785
00294700,MITCHELL COMMUNITY COLLEGE              ,NC,28677-5264,Public       ,14,63,77,1068,2912,3980
00294800,MONTREAT COLLEGE                        ,NC,28757-1267,Private      ,1,13,14,611,1105,1716
00294900,MOUNT OLIVE COLLEGE                     ,NC,28365-1299,Private      ,4,66,70,1190,4027,5217
00295000,NORTH CAROLINA CENTRAL UNIVERSITY       ,NC,27707-3198,Public       ,48,93,141,8021,7731,15752
00295100,NORTH CAROLINA WESLEYAN COLLEGE         ,NC,27804-8699,Private      ,4,15,19,1174,1115,2289
00295300,PEACE COLLEGE                           ,NC,27604-1194,Private      ,2,7,9,900,383,1283
00295400,UNIV OF NORTH CAROLINA AT PEMBROKE      ,NC,28372-1510,Public       ,42,98,140,5581,4249,9830
00295500,PFEIFFER UNIVERSITY                     ,NC,28109-0000,Private      ,2,48,50,1032,1391,2423
00295600,PIEDMONT BAPTIST COLLEGE AND GRADUATE SC,NC,27101-5025,Private      ,0,4,4,222,217,439
00295700,QUEENS UNIVERSITY OF CHARLOTTE          ,NC,28274-0001,Private      ,8,67,75,1978,2407,4385
00295800,ROCKINGHAM COMMUNITY COLLEGE            ,NC,27375-0000,Public       ,13,58,71,882,1881,2763
00296000,SALEM COLLEGE                           ,NC,27108-0000,Private      ,0,12,12,588,688,1276
00296100,SANDHILLS COMMUNITY COLLEGE             ,NC,28374-8283,Public       ,32,100,132,1538,3442,4980
00296200,SHAW UNIVERSITY                         ,NC,27601-2393,Private      ,13,25,38,2808,2517,5325
00296300,SOUTHEASTERN BAPTIST THEOL SEMINARY     ,NC,27588-0000,Private      ,0,0,0,57,166,223
00296400,SOUTHEASTERN COMMUNITY COLLEGE          ,NC,28472-5422,Public       ,13,91,104,831,2023,2854
00296700,ST ANDREWS PRESBYTERIAN COLLEGE         ,NC,28352-9979,Private      ,2,1,3,733,139,872
00296800,ST AUGUSTINES COLLEGE                   ,NC,27610-2298,Private      ,13,17,30,2059,800,2859
00297000,SURRY COMMUNITY COLLEGE                 ,NC,27017-0304,Public       ,13,37,50,1264,2021,3285
00297200,NORTH CAROLINA STATE UNIV-RALEIGH       ,NC,27695-1751,Public       ,47,149,196,22431,9282,31713
00297300,GASTON COLLEGE                          ,NC,28034-1499,Public       ,17,124,141,2148,5894,8042
00297400,UNIVERSITY OF N C-CHAPEL HILL           ,NC,27514-0000,Public       ,42,173,215,19611,12795,32406
00297500,UNIVERSITY OF NC AT CHARLOTTE           ,NC,28223-0001,Public       ,54,273,327,16942,12755,29697
00297600,UNIVERSITY OF N C - GREENSBORO          ,NC,27412-0001,Public       ,27,108,135,14539,9409,23948
00297800,WAKE FOREST UNIV - UNDERGRADUATE        ,NC,27109-7246,Private      ,14,7,21,6909,361,7270
00297801,WAKE FOREST UNIV - SCH OF MEDICINE      ,NC,27157-1090,Private      ,0,5,5,55,947,1002
00297803,WAKE FOREST GRAD SCHOOLS OF BUSINESS    ,NC,27109-7659,Private      ,2,10,12,43,716,759
00297805,WAKE FOREST UNIV - SCH OF LAW           ,NC,27109-7206,Private      ,0,1,1,24,1482,1506
00297806,WAKE FOREST UNIV - GRAD A&S/DIVINITY    ,NC,27109-7246,Private      ,0,3,3,79,552,631
00297900,WARREN WILSON COLLEGE                   ,NC,28815-0000,Private      ,1,6,7,1269,379,1648
00298000,WAYNE COMMUNITY COLLEGE                 ,NC,27533-0000,Public       ,12,82,94,1314,3044,4358
00298100,WESTERN CAROLINA UNIVERSITY             ,NC,28723-9731,Public       ,51,48,99,7895,3553,11448
00298200,WESTERN PIEDMONT COMMUNITY COLLEGE      ,NC,28655-4504,Public       ,22,88,110,1193,2698,3891
00298300,WILKES COMMUNITY COLLEGE                ,NC,28697-2100,Public       ,9,76,85,1059,1879,2938
00298400,UNIVERSITY OF N C-WILMINGTON            ,NC,28403-3297,Public       ,33,82,115,11102,4335,15437
00298500,WINGATE UNIVERSITY                      ,NC,28174-0159,Private      ,4,7,11,2362,996,3358
00298600,WINSTON-SALEM STATE UNIVERSITY          ,NC,27102-0000,Public       ,17,60,77,7160,4590,11750
00398100,UNC SCHOOL OF THE ARTS                  ,NC,27127-2188,Public       ,1,2,3,1208,341,1549
00403300,ASHEVILLE BUNCOMBE TECH CMTY CLG        ,NC,28801-4897,Public       ,24,149,173,1838,4331,6169
00406200,PITT COMMUNITY COLLEGE                  ,NC,28590-0000,Public       ,35,151,186,3435,5765,9200
00483500,CALDWELL COMMUNITY CLG & TECH INST      ,NC,28638-2626,Public       ,20,77,97,1545,3125,4670
00483800,GUILFORD TECHNICAL COMMUNITY CLG        ,NC,27282-0309,Public       ,40,264,304,6062,12500,18562
00484400,WAKE TECHNICAL COMMUNITY COLLEGE        ,NC,27603-5696,Public       ,79,303,382,5769,11454,17223
00484500,WILSON COMMUNITY COLLEGE                ,NC,27893-3310,Public       ,22,112,134,624,2322,2946
00499201,MILLER-MOTTE TECHNICAL COLLEGE - MILLER-,NC,27511-9209,Proprietary  ,4,59,63,198,1105,1303
00499202,MILLER-MOTTE TECHNICAL COLLEGE - MILLER-,NC,27604-6072,Proprietary  ,14,77,91,202,1091,1293
00499203,MILLER-MOTTE TECHNICAL COLLEGE - FAYETTE,NC,28311-7651,Proprietary  ,13,68,81,68,390,458
00531600,COASTAL CAROLINA COMMUNITY COLLEGE      ,NC,28546-6816,Public       ,26,157,183,1391,4306,5697
00531700,FORSYTH TECHNICAL COMMUNITY COLLEGE     ,NC,27103-5197,Public       ,28,149,177,2884,7835,10719
00531800,CATAWBA VALLEY COMMUNITY COLLEGE        ,NC,28602-8302,Public       ,13,63,76,2098,4363,6461
00532000,CAPE FEAR COMMUNITY COLLEGE             ,NC,28401-3910,Public       ,39,170,209,3488,5864,9352
00544700,RANDOLPH COMMUNITY COLLEGE              ,NC,27204-1009,Public       ,9,46,55,920,2354,3274
00544800,DURHAM TECHNICAL CMNTY COLLEGE          ,NC,27703-5023,Public       ,33,160,193,1462,5387,6849
00544900,CENTRAL CAROLINA COMMUNITY COLLEGE      ,NC,27330-9000,Public       ,12,89,101,1330,4247,5577
00546300,ALAMANCE COMMUNITY COLLEGE              ,NC,27253-0000,Public       ,19,118,137,1494,4226,5720
00546400,RICHMOND COMMUNITY COLLEGE              ,NC,28345-4522,Public       ,8,53,61,659,2093,2752
00575400,ROWAN-CABARRUS COMMUNITY COLLEGE        ,NC,28145-1595,Public       ,16,149,165,2046,5452,7498
00647700,CABARRUS COLLEGE OF HEALTH SCIENCES     ,NC,28025-0000,Private      ,1,10,11,263,669,932
00647800,MERCY HOSP SCH OF NURSING               ,NC,28207-0000,Public       ,0,6,6,124,618,742
00648300,WATTS SCHOOL OF NURSING                 ,NC,27704-0000,Private      ,0,2,2,76,242,318
00679900,CRAVEN COMMUNITY COLLEGE                ,NC,28562-0000,Public       ,9,80,89,828,3103,3931
00703100,PAMLICO COMMUNITY COLLEGE               ,NC,28529-0000,Public       ,0,5,5,95,359,454
00764000,FAYETTEVILLE TECHNICAL CMTY COLLEGE     ,NC,28303-0236,Public       ,42,243,285,3385,13202,16587
00768700,JAMES SPRUNT COMMUNITY COLLEGE          ,NC,28349-0398,Public       ,1,19,20,403,1289,1692
00781400,BROOKSTONE COLLEGE OF BUSINESS          ,NC,28262-1294,Proprietary  ,3,17,20,100,537,637
00781401,BROOKSTONE COLLEGE OF BUSINESS          ,NC,27409-0000,Proprietary  ,1,36,37,73,567,640
00789200,SAMPSON COMMUNITY COLLEGE               ,NC,28328-0000,Public       ,1,20,21,533,1484,2017
00798500,SOUTH PIEDMONT COMMUNITY COLLEGE        ,NC,28135-9703,Public       ,10,70,80,791,2605,3396
00798600,HALIFAX COMMUNITY COLLEGE               ,NC,27890-0089,Public       ,9,47,56,650,1693,2343
00798700,BLADEN COMMUNITY COLLEGE                ,NC,28332-0266,Public       ,10,20,30,564,1800,2364
00798800,MARTIN COMMUNITY COLLEGE                ,NC,27892-8307,Public       ,1,6,7,254,800,1054
00808100,CARTERET COMMUNITY COLLEGE              ,NC,28557-2989,Public       ,5,57,62,564,1600,2164
00808200,CLEVELAND COMMUNITY COLLEGE             ,NC,28150-0000,Public       ,8,63,71,1009,3281,4290
00808300,HAYWOOD COMMUNITY COLLEGE               ,NC,28721-0000,Public       ,11,79,90,638,1487,2125
00808500,MCDOWELL TECHNICAL COMMUNITY CLG        ,NC,28752-8728,Public       ,16,52,68,398,1244,1642
00808700,MONTGOMERY COMMUNITY COLLEGE            ,NC,27371-0787,Public       ,8,16,24,277,805,1082
00846600,SOUTHWESTERN COMMUNITY COLLEGE          ,NC,28779-8581,Public       ,9,49,58,758,1655,2413
00855700,NASH COMMUNITY COLLEGE                  ,NC,27804-0488,Public       ,24,80,104,1049,2560,3609
00855800,BEAUFORT COUNTY COMMUNITY COLLEGE       ,NC,27889-7889,Public       ,6,24,30,549,1733,2282
00861200,ROBESON COMMUNITY COLLEGE               ,NC,28359-2151,Public       ,12,78,90,1082,3292,4374
00861300,ROANOKE-CHOWAN COMMUNITY COLLEGE        ,NC,27910-9522,Public       ,1,6,7,318,806,1124
00885500,EDGECOMBE COMMUNITY COLLEGE             ,NC,27886-9399,Public       ,10,100,110,793,3440,4233
00902500,EMPIRE BEAUTY SCHOOL                    ,NC,28105-2508,Proprietary  ,10,57,67,166,580,746
00933600,JOHNSTON COMMUNITY COLLEGE              ,NC,27577-0000,Public       ,5,48,53,1232,3058,4290
00943000,TRI-COUNTY COMMUNITY COLLEGE            ,NC,28906-7919,Public       ,9,43,52,376,997,1373
00964600,PIEDMONT COMMUNITY COLLEGE              ,NC,27573-1197,Public       ,12,43,55,567,1630,2197
00968400,BLUE RIDGE COMMUNITY COLLEGE            ,NC,28731-9624,Public       ,12,40,52,608,1482,2090
00974701,GORDON-CONWELL THEO SEM - CHARLOTTE     ,NC,28273-0000,Private      ,0,5,5,3,223,226
00990300,VANCE-GRANVILLE CMTY COLLEGE            ,NC,27536-0917,Public       ,26,161,187,1268,3492,4760
01026400,SOUTH COLLEGE                           ,NC,28803-3152,Proprietary  ,4,28,32,85,681,766
01119400,STANLY COMMUNITY COLLEGE                ,NC,28001-7458,Public       ,12,64,76,787,2383,3170
01119700,MAYLAND COMMUNITY COLLEGE               ,NC,28777-2777,Public       ,9,26,35,402,718,1120
01179900,PAUL MITCHELL THE SCHOOL FAYETTEVILLE   ,NC,28303-5364,Proprietary  ,3,5,8,56,190,246
01192600,LEON'S BEAUTY SCHOOL                    ,NC,27403-2812,Proprietary  ,2,6,8,114,280,394
02056500,MITCHELL'S HAIR STYLING ACADEMY         ,NC,27893-0000,Proprietary  ,4,18,22,92,191,283
02056501,MITCHELL'S HAIR STYLING ACADEMY - MITCHE,NC,27606-3326,Proprietary  ,1,1,2,28,80,108
02110500,ART INSTITUTE OF CHARLOTTE (THE)        ,NC,28217-0000,Proprietary  ,43,197,240,2199,3243,5442
02170700,BRUNSWICK COMMUNITY COLLEGE             ,NC,28422-0000,Public       ,3,28,31,558,1114,1672
02205000,COLLEGE OF WILMINGTON                   ,NC,28403-0000,Proprietary  ,2,10,12,65,192,257
02210400,FAYETTEVILLE BEAUTY COLLEGE             ,NC,28303-0000,Proprietary  ,0,2,2,49,203,252
02227800,MITCHELL'S HAIR STYLING ACADEMY         ,NC,27534-0000,Proprietary  ,0,0,0,4,17,21
02227900,MITCHELL'S HAIR STYLING ACADEMY         ,NC,27858-0000,Proprietary  ,0,2,2,14,32,46
02238700,HAIRSTYLING INSTITUTE OF CHARLOTTE      ,NC,28204-0000,Proprietary  ,1,5,6,61,239,300
02280900,MID-ATLANTIC CHRISTIAN UNIVERSITY       ,NC,27909-0000,Private      ,1,0,1,130,103,233
02286300,CAROLINA BEAUTY COLLEGE                 ,NC,27262-0000,Proprietary  ,0,0,0,74,342,416
02560600,PINNACLE INSTITUTE OF COSMETOLOGY       ,NC,28115-8020,Proprietary  ,0,2,2,46,85,131
02614201,MILLER-MOTTE BUSINESS COLLEGE           ,NC,28403-0000,Proprietary  ,14,171,185,430,2502,2932
02614205,MILLER - MOTTE TECHNICAL COLLEGE - MILLE,NC,27834-5052,Proprietary  ,7,48,55,124,797,921
03009500,WINSTON-SALEM BARBER SCHOOL             ,NC,27107-0000,Proprietary  ,0,4,4,48,148,196
03064400,REGENCY BEAUTY INSTITUTE                ,NC,27127-0000,Proprietary  ,4,17,21,111,262,373
03089300,HERITAGE BIBLE COLLEGE                  ,NC,28335-0000,Private      ,0,2,2,23,93,116
03104200,CAROLINAS COLLEGE OF HEALTH SCIENCE     ,NC,28232-2861,Public       ,2,14,16,296,955,1251
03109000,LIVING ARTS COLLEGE                     ,NC,27614-7076,Proprietary  ,3,18,21,475,684,1159
03109001,LIVING ARTS INSTITUTE                   ,NC,27107-3217,Proprietary  ,0,1,1,0,4,4
03361300,MEDICAL ARTS MASSAGE SCHOOL             ,NC,27616-6453,Proprietary  ,1,7,8,53,302,355
03513400,APEX SCHOOL OF THEOLOGY                 ,NC,27703-8024,Private      ,0,9,9,8,473,481
03555300,SOUTHEASTERN INSTITUTE                  ,NC,28217-0000,Proprietary  ,12,73,85,105,638,743
03555400,SOUTHEASTERN SCHOOL OF NEUROMUSCULAR  MA,NC,29406-0000,Proprietary  ,7,36,43,75,347,422
03570300,CAROLINA CHRISTIAN COLLEGE              ,NC,27105-3241,Private      ,0,3,3,5,59,64
03663300,HOOD THEOLOGICAL SEMINARY               ,NC,28144-5768,Private      ,0,3,3,0,258,258
03748500,LA SHE'S BEAUTY ACADEMY                 ,NC,27707-3569,Proprietary  ,2,16,18,37,146,183
03777300,CAROLINA ACAD OF COSMETIC ART & SCI     ,NC,28054-0460,Proprietary  ,7,30,37,107,297,404
03827300,NEW LIFE THEOLOGICAL SEMINARY           ,NC,28205-1648,Private      ,0,3,3,5,145,150
04098300,TECHSKILLS - CHARLOTTE                  ,NC,28217-0000,Proprietary  ,0,3,3,38,364,402
04101300,CAROLINA SCHOOL OF BROADCASTING         ,NC,28214-8085,Proprietary  ,4,5,9,67,195,262
04115700,REGINA'S COLLEGE OF BEAUTY              ,NC,28110-2831,Proprietary  ,7,41,48,26,222,248
04120300,"FILA ACADEMY, THE                       ",NC,27265-3114,Proprietary  ,1,2,3,22,87,109
04129400,CENTER FOR MASSAGE & NATURAL HEALTH     ,NC,28787-8331,Proprietary  ,2,12,14,18,73,91
04140700,AVEDA INSTITUTE CHAPEL HILL             ,NC,27516-2559,Proprietary  ,13,20,33,172,272,444
04143500,CHARLOTTE SCHOOL OF LAW                 ,NC,28208-2816,Proprietary  ,0,6,6,28,950,978
04146400,DAOIST TRADITIONS COLLEGE OF CHINESE MED,NC,28801-1060,Proprietary  ,0,0,0,3,50,53
04149300,PARK WEST BARBER SCHOOL                 ,NC,27701-4022,Proprietary  ,2,24,26,14,124,138
00298800,BISMARCK STATE COLLEGE                  ,ND,58501-1299,Public       ,7,43,50,2081,1708,3789
00298900,DICKINSON STATE UNIVERSITY              ,ND,58601-4896,Public       ,3,19,22,1268,794,2062
00299000,JAMESTOWN COLLEGE                       ,ND,58405-3401,Private      ,1,4,5,1025,153,1178
00299100,LAKE REGION STATE COLLEGE               ,ND,58301-1598,Public       ,0,27,27,346,474,820
00299200,UNIVERSITY OF MARY                      ,ND,58504-9652,Private      ,4,27,31,1531,1682,3213
00299300,MAYVILLE STATE UNIVERSITY               ,ND,58257-1299,Public       ,4,10,14,508,286,794
00299400,MINOT STATE UNIVERSITY                  ,ND,58707-0002,Public       ,3,41,44,1499,1603,3102
00299500,DAKOTA COLLEGE AT BOTTINEAU             ,ND,58318-1159,Public       ,1,11,12,296,297,593
00299600,NORTH DAKOTA STATE CLG OF SCIENCE       ,ND,58076-0002,Public       ,24,14,38,1374,785,2159
00299700,NORTH DAKOTA STATE UNIVERSITY           ,ND,58108-6050,Public       ,22,45,67,9321,2933,12254
00300500,UNIVERSITY OF NORTH DAKOTA              ,ND,58202-8193,Public       ,27,116,143,7595,4863,12458
00300700,WILLISTON STATE COLLEGE                 ,ND,58802-1326,Public       ,3,13,16,267,394,661
00300800,VALLEY CITY STATE UNIVERSITY            ,ND,58072-0000,Public       ,1,21,22,643,325,968
00775600,JOSEF'S SCHOOL OF HAIR DESIGN INC       ,ND,58102-4977,Proprietary  ,1,3,4,92,112,204
00869408,RASMUSSEN COLLEGE - FARGO               ,ND,58103-7196,Proprietary  ,8,43,51,436,1760,2196
00869415,RASMUSSEN COLLEGE - BISMARCK            ,ND,58503-0000,Proprietary  ,6,25,31,196,769,965
00935400,MEDCENTER ONE COLLEGE OF NURSING        ,ND,58501-4494,Private      ,0,0,0,60,76,136
01040600,JOSEF'S SCHOOL OF HAIR DESIGN           ,ND,58201-6394,Proprietary  ,2,7,9,73,93,166
01205900,TRINITY BIBLE COLLEGE                   ,ND,58436-7150,Private      ,1,2,3,235,115,350
01229500,JZ TREND ACADEMY PAUL MITCHELL PARTNER S,ND,58501-0000,Proprietary  ,1,1,2,49,44,93
02188200,SITTING BULL COLLEGE                    ,ND,58538-9721,Public       ,1,7,8,64,376,440
02236500,LITTLE HOOP COMMUNITY COLLEGE           ,ND,58335-0000,Public       ,4,26,30,44,266,310
02242900,UNITED TRIBES TECHNICAL COLLEGE         ,ND,58504-0000,Private      ,1,5,6,205,745,950
02298200,HEADQUARTERS ACADEMY OF HAIR DESIGN     ,ND,58701-0000,Proprietary  ,0,7,7,24,91,115
02301100,TURTLE MTN CMNTY COLG-FIN AID OFC       ,ND,58316-0000,Private      ,15,63,78,273,650,923
02553700,FORT BERTHOLD COMMUNITY COLLEGE         ,ND,58763-0000,Public       ,1,1,2,51,236,287
03087200,MOLER BARBER CLG OF HAIRSTYLING         ,ND,58103-0000,Proprietary  ,0,0,0,3,21,24
04031300,SALON PROFESSIONAL ACADEMY (THE)        ,ND,58103-3337,Proprietary  ,0,0,0,60,65,125
04139400,HAIR ACADEMY (THE)                      ,ND,58501-4929,Proprietary  ,1,0,1,60,57,117
00301005,ANTIOCH UNIV/SEATTLE                    ,WA,98121-0000,Private      ,2,10,12,64,1344,1408
00376900,BELLEVUE COLLEGE                        ,WA,98007-6484,Public       ,49,109,158,3868,6932,10800
00377000,BIG BEND COMMUNITY COLLEGE              ,WA,98837-3299,Public       ,7,46,53,1080,1816,2896
00377100,"CENTRAL WASHINGTON UNIV., FIN AID       ",WA,98926-7495,Public       ,42,108,150,9380,4763,14143
00377200,CENTRALIA COLLEGE                       ,WA,98531-4099,Public       ,15,108,123,1085,2270,3355
00377300,CLARK COLLEGE                           ,WA,98663-3598,Public       ,54,180,234,5006,10445,15451
00377400,COLUMBIA BASIN COLLEGE                  ,WA,99301-3379,Public       ,39,121,160,2481,4459,6940
00377500,EASTERN WASHINGTON UNIVERSITY           ,WA,99004-2447,Public       ,23,103,126,8520,6434,14954
00377600,EVERETT COMMUNITY COLLEGE               ,WA,98201-1352,Public       ,17,106,123,2505,6348,8853
00377700,HERITAGE UNIVERSITY                     ,WA,98948-9562,Private      ,5,27,32,392,1563,1955
00377800,GONZAGA UNIVERSITY                      ,WA,99258-0083,Private      ,15,116,131,6633,4108,10741
00377900,GRAYS HARBOR COLLEGE                    ,WA,98520-7599,Public       ,9,25,34,857,1878,2735
00378000,GREEN RIVER COMMUNITY COLLEGE           ,WA,98092-3622,Public       ,68,221,289,2881,5643,8524
00378100,HIGHLINE COMMUNITY COLLEGE              ,WA,98198-9800,Public       ,45,195,240,2874,6104,8978
00378200,LOWER COLUMBIA COLLEGE                  ,WA,98632-0310,Public       ,11,53,64,1249,3778,5027
00378300,NORTHWEST UNIVERSITY                    ,WA,98083-0000,Private      ,4,11,15,1154,880,2034
00378400,OLYMPIC COLLEGE                         ,WA,98337-1600,Public       ,11,68,79,1826,4916,6742
00378500,PACIFIC LUTHERAN UNIVERSITY             ,WA,98447-0003,Private      ,1,13,14,4260,1670,5930
00378600,PENINSULA COLLEGE                       ,WA,98362-6660,Public       ,13,61,74,581,1933,2514
00378700,SEATTLE CENTRAL COMMUNITY COLLEGE       ,WA,98122-2413,Public       ,48,171,219,2920,7110,10030
00378703,SEATTLE VOCATIONAL INSTITUTE            ,WA,98144-0000,Public       ,10,52,62,136,625,761
00378800,SEATTLE PACIFIC UNIVERSITY              ,WA,98119-1997,Private      ,11,68,79,4411,2282,6693
00379000,SEATTLE UNIVERSITY                      ,WA,98122-1090,Private      ,10,45,55,7151,6735,13886
00379100,SHORELINE COMMUNITY COLLEGE             ,WA,98133-5696,Public       ,17,53,70,1943,4212,6155
00379200,SKAGIT VALLEY COLLEGE                   ,WA,98273-5899,Public       ,13,43,56,1387,3571,4958
00379300,SPOKANE COMMUNITY COLLEGE               ,WA,99207-5399,Public       ,47,280,327,3908,11321,15229
00379400,ST MARTIN'S UNIVERSITY                  ,WA,98503-7500,Private      ,0,12,12,1324,1101,2425
00379600,TACOMA COMMUNITY COLLEGE                ,WA,98466-6100,Public       ,42,228,270,3152,8694,11846
00379700,UNIVERSITY OF PUGET SOUND               ,WA,98416-1039,Private      ,3,4,7,4516,1159,5675
00379800,UNIVERSITY OF WASHINGTON                ,WA,98195-5880,Public       ,72,139,211,28932,26118,55050
00379900,WALLA WALLA UNIVERSITY                  ,WA,99324-1198,Private      ,18,19,37,1507,720,2227
00380000,WASHINGTON STATE UNIVERSITY             ,WA,99164-1035,Public       ,62,123,185,19658,11941,31599
00380100,WENATCHEE VALLEY COLLEGE                ,WA,98801-1799,Public       ,17,74,91,1469,3035,4504
00380200,WESTERN WASHINGTON UNIVERSITY           ,WA,98225-5946,Public       ,36,58,94,14946,4520,19466
00380300,WHITMAN COLLEGE                         ,WA,99362-2067,Private      ,0,0,0,2854,104,2958
00380400,WHITWORTH UNIVERSITY                    ,WA,99251-0001,Private      ,2,23,25,3625,1184,4809
00380500,YAKIMA VALLEY COMMUNITY COLLEGE         ,WA,98907-2520,Public       ,13,92,105,2548,5129,7677
00499900,BELLINGHAM TECHNICAL COLLEGE            ,WA,98225-0000,Public       ,6,38,44,821,2715,3536
00500000,PIERCE COLLEGE                          ,WA,98498-1919,Public       ,29,150,179,3031,7471,10502
00500100,EDMONDS COMMUNITY COLLEGE               ,WA,98036-5999,Public       ,27,67,94,2186,5066,7252
00500600,WALLA WALLA COMMUNITY COLLEGE           ,WA,99362-9267,Public       ,14,73,87,1674,2975,4649
00530600,BATES TECHNICAL COLLEGE                 ,WA,98405-0000,Public       ,9,100,109,750,3338,4088
00530601,BATES TECHNICAL COLLEGE - SOUTH CAMPUS  ,WA,98409-5847,Public       ,0,0,0,61,194,255
00537200,SOUTH PUGET SOUND COMMUNITY COLLEGE     ,WA,98512-6292,Public       ,25,137,162,2237,5071,7308
00537300,LAKE WASHINGTON TECHNICAL COLLEGE       ,WA,98034-8505,Public       ,15,46,61,719,2866,3585
00575200,CLOVER PARK TECHNICAL COLLEGE           ,WA,98499-0000,Public       ,29,131,160,1440,5963,7403
00815500,EVERGREEN STATE COLLEGE (THE)           ,WA,98505-0002,Public       ,14,45,59,3686,3884,7570
00844300,ITT TECHNICAL INSTITUTE                 ,WA,98168-3334,Proprietary  ,19,58,77,680,2187,2867
00907901,EVEREST COLLEGE                         ,WA,98684-6950,Proprietary  ,1,13,14,141,709,850
00938700,PERRY TECHNICAL INSTITUTE               ,WA,98903-1239,Private      ,10,19,29,587,936,1523
00954400,SPOKANE FALLS COMMUNITY COLLEGE         ,WA,99224-5204,Public       ,54,186,240,3832,6892,10724
00970400,NORTH SEATTLE COMMUNITY COLLEGE         ,WA,98103-3599,Public       ,29,136,165,1434,4687,6121
00970600,SOUTH SEATTLE COMMUNITY COLLEGE         ,WA,98106-1499,Public       ,14,96,110,1587,3915,5502
00973900,GLEN DOW ACAD OF HAIR DESIGN            ,WA,99201-0209,Proprietary  ,10,16,26,113,202,315
01036400,WHATCOM COMMUNITY COLLEGE               ,WA,98226-8003,Public       ,24,65,89,1994,2823,4817
01043400,RENTON TECHNICAL COLLEGE                ,WA,98056-0000,Public       ,17,64,81,898,3196,4094
01148100,DIVERS INSTITUTE OF TECHNOLOGY          ,WA,98107-0667,Proprietary  ,18,27,45,185,600,785
01231500,CORNISH COLLEGE OF THE ARTS             ,WA,98121-4604,Private      ,2,2,4,1325,401,1726
01249600,GREENWOOD BEAUTY SCHOOL                 ,WA,98103-0000,Proprietary  ,2,2,4,48,144,192
01260100,NORTHWEST BAPTIST SEMINARY              ,WA,98402-6699,Private      ,0,0,0,0,6,6
01302200,CITY UNIVERSITY OF SEATTLE              ,WA,98005-3030,Private      ,1,37,38,139,2877,3016
01309400,BELLINGHAM BEAUTY SCHOOL                ,WA,98225-0000,Proprietary  ,0,6,6,33,96,129
02091701,KAPLAN COLLEGE - SEATTLE                ,WA,98055-4910,Proprietary  ,0,0,0,76,419,495
02105300,BELLEVUE BEAUTY SCHOOL                  ,WA,98007-0000,Proprietary  ,1,4,5,50,133,183
02106700,TRINITY LUTHERAN COLLEGE                ,WA,98201-3569,Private      ,1,3,4,101,66,167
02180000,NORTHWEST INDIAN COLLEGE                ,WA,98226-9278,Public       ,7,38,45,168,755,923
02184200,PAROBA COLLEGE OF COSMETOLOGY           ,WA,98208-0000,Proprietary  ,4,7,11,45,115,160
02202200,STYLEMASTERS COLLEGE OF HAIR DESIGN     ,WA,98632-0000,Proprietary  ,6,15,21,39,124,163
02203300,GENE JUAREZ ACADEMY OF BEAUTY           ,WA,98125-0000,Proprietary  ,26,38,64,460,625,1085
02203301,GENE JUAREZ ACADEMY OF BEAUTY           ,WA,98003-0000,Proprietary  ,1,2,3,82,125,207
02222900,INTERNATIONAL AIR & HOSPITALITY ACADEMY ,WA,98661-4835,Proprietary  ,26,48,74,335,669,1004
02222906,INTERNATIONAL AIR & HOSPITALITY ACADEMY ,WA,98661-3805,Proprietary  ,2,1,3,8,16,24
02236800,PROFESSIONAL BEAUTY SCHOOL              ,WA,98902-0000,Proprietary  ,7,9,16,63,108,171
02242500,BASTYR UNIVERSITY                       ,WA,98028-0000,Private      ,0,7,7,97,1170,1267
02242504,SEATTLE MIDWIFERY SCHOOL                ,WA,98144-0000,Private      ,0,1,1,4,92,96
02263107,CAMBRIDGE COLLEGE-BELLEVUE              ,WA,98007-0000,Proprietary  ,0,0,0,3,15,18
02291300,ART INSTITUTE OF SEATTLE                ,WA,98121-1622,Proprietary  ,15,42,57,2511,2266,4777
02300100,EVEREST COLLEGE                         ,WA,98367-1835,Proprietary  ,5,35,40,139,624,763
02300103,EVEREST COLLEGE - EVERETT               ,WA,98208-2610,Proprietary  ,30,111,141,280,1114,1394
02300104,EVEREST COLLEGE - TACOMA                ,WA,98402-3004,Proprietary  ,18,160,178,235,1302,1537
02326500,INTERFACE COLLEGE                       ,WA,99201-4326,Proprietary  ,1,16,17,30,342,372
02331400,NORTHWEST HAIR ACADEMY                  ,WA,98273-0000,Proprietary  ,9,19,28,128,171,299
02331402,NORTHWEST HAIR ACADEMY - EVERETT        ,WA,98204-0000,Proprietary  ,0,0,0,43,44,87
02504900,ACADEMY OF HAIR DESIGN (THE)            ,WA,98801-0000,Proprietary  ,2,2,4,49,99,148
02541900,BJ'S BEAUTY AND BARBER COLLEGE          ,WA,98409-0000,Proprietary  ,4,8,12,67,184,251
02602100,NORTHWEST COLLEGE OF ART                ,WA,98370-8625,Proprietary  ,0,0,0,169,48,217
02606200,EVEREST COLLEGE                         ,WA,98055-2990,Proprietary  ,48,160,208,336,1228,1564
02617500,EVEREST COLLEGE                         ,WA,98133-9018,Proprietary  ,17,79,96,132,493,625
02617501,EVEREST COLLEGE - FIFE                  ,WA,98424-2647,Proprietary  ,2,3,5,153,376,529
02617503,EVEREST COLLEGE - VANCOUVER             ,WA,98684-6951,Proprietary  ,2,19,21,99,392,491
03031406,INTERNATIONAL ACADEMY OF DESIGN AND TECH,WA,98188-3319,Proprietary  ,3,7,10,231,321,552
03065000,CLARE'S BEAUTY COLLEGE                  ,WA,99301-5505,Proprietary  ,8,6,14,46,106,152
03071800,ITT TECHNICAL INSTITUTE                 ,WA,99216-1589,Proprietary  ,27,98,125,661,2384,3045
03099000,CORTIVA INSTITUTE - SEATTLE             ,WA,98109-5474,Proprietary  ,1,8,9,145,423,568
03110800,BAKKE GRADUATE UNIVERSITY               ,WA,98104-1222,Private      ,0,0,0,0,38,38
03139500,MONTESSORI SCHOOLS OF WASHINGTON        ,WA,98203-6600,Private      ,0,1,1,0,9,9
03280300,SEATTLE INST OF ORIENTAL MEDICINE       ,WA,98115-0000,Proprietary  ,0,0,0,8,60,68
03283300,NORTHWEST HVAC/R ASSOCIATION & TRAINING ,WA,99202-2125,Private      ,0,1,1,14,102,116
03466400,MARS HILL GRADUATE SCHOOL               ,WA,98121-0000,Private      ,0,1,1,3,312,315
03483500,CASCADIA COMMUNITY COLLEGE              ,WA,98011-9510,Public       ,10,23,33,894,1395,2289
03490400,EMIL FRIES PIANO HOSPITAL & TRAININ     ,WA,98661-4323,Private      ,0,0,0,1,9,10
03670301,TONI&GUY HAIRDRESSING ACADEMY -         ,WA,98225-4526,Proprietary  ,0,0,0,0,1,1
03689400,FAITH EVANGELICAL SEMINARY              ,WA,98407-2607,Private      ,0,7,7,5,234,239
03707500,CHETTA'S ACADEMY OF HAIR AND NAILS      ,WA,98362-4310,Proprietary  ,0,0,0,5,17,22
03724300,DIGIPEN INSTITUTE OF TECHNOLOGY         ,WA,98052-5170,Proprietary  ,3,4,7,701,321,1022
03917300,EVERGREEN BEAUTY AND BARBER COLLEGE     ,WA,98208-3759,Proprietary  ,7,14,21,78,274,352
03932500,TOTAL COSMETOLOGY TRAINING CENTER       ,WA,99217-6231,Proprietary  ,1,9,10,44,169,213
03953300,YAKIMA BEAUTY SCHOOL;BEAUTYWORKS        ,WA,98901-2202,Proprietary  ,0,2,2,27,54,81
04043400,ALPINE COLLEGE                          ,WA,99206-5097,Proprietary  ,3,22,25,56,363,419
04120000,SUNNYSIDE BEAUTY ACADEMY                ,WA,98944-8711,Proprietary  ,0,2,2,3,25,28
04127200,VICTORIA'S ACADEMY OF COSMETOLOGY       ,WA,99336-3826,Proprietary  ,5,7,12,66,129,195
04130500,PACIFIC NORTHWEST UNIV OF HEALTH SCIENCE,WA,98901-1471,Private      ,1,0,1,11,238,249
04130800,CASCADE BEAUTY COLLEGE                  ,WA,98002-5504,Proprietary  ,1,6,7,20,68,88
04132800,INLAND MASSAGE INSTITUTE                ,WA,99208-5923,Proprietary  ,0,2,2,20,97,117
04149400,GARY MANUEL AVEDA INSTITUTE             ,WA,98122-3807,Proprietary  ,13,12,25,74,148,222
04155000,NORTHWEST SCHOOL OF WOODEN BOAT BUILDING,WA,98339-8706,Private      ,1,1,2,2,11,13
04161200,BAINBRIDGE GRADUATE INSTITUTE           ,WA,98110-2870,Private      ,0,92,92,0,92,92
04170100,SALON PROFESSIONAL ACADEMY (THE)        ,WA,98409-7360,Proprietary  ,3,12,15,3,12,15
00340100,BROWN UNIVERSITY                        ,RI,02912-9127,Private      ,2,4,6,17325,503,17828
00340101,BROWN UNIVERSITY - GRADUATE SCHOOL      ,RI,02912-1827,Private      ,0,5,5,37,1674,1711
00340102,BROWN MEDICAL SCHOOL                    ,RI,02912-0000,Private      ,0,0,0,21,434,455
00340200,BRYANT UNIVERSITY                       ,RI,02917-1284,Private      ,1,8,9,5535,466,6001
00340400,JOHNSON & WALES UNIVERSITY              ,RI,02903-3703,Private      ,55,47,102,19134,4499,23633
00340600,PROVIDENCE COLLEGE                      ,RI,02918-0001,Private      ,1,7,8,7402,698,8100
00340700,RHODE ISLAND COLLEGE                    ,RI,02908-1991,Public       ,6,19,25,7223,3637,10860
00340800,COMMUNITY COLLEGE OF RI - WARWICK       ,RI,02906-0000,Public       ,9,44,53,5075,6454,11529
00340801,COMMUNITY COLLEGE OF RI - LINCOLN       ,RI,02865-4585,Public       ,9,10,19,1871,2170,4041
00340802,COMMUNITY COLLEGE OF RI- PROVIDENCE     ,RI,02905-2313,Public       ,3,17,20,1597,2418,4015
00340900,RHODE ISLAND SCHOOL OF DESIGN           ,RI,02903-2784,Private      ,2,2,4,2652,1484,4136
00341000,ROGER WILLIAMS UNIVERSITY               ,RI,02809-2921,Private      ,4,8,12,7480,1656,9136
00341100,SALVE REGINA UNIVERSITY                 ,RI,02840-4192,Private      ,1,7,8,4563,400,4963
00341400,UNIVERSITY OF RHODE ISLAND              ,RI,02881-0000,Public       ,20,42,62,19209,3978,23187
00659100,ST. JOSEPH HOSP SCH OF NURSING          ,RI,02904-5199,Private      ,0,0,0,55,160,215
00784400,SANFORD-BROWN INSTITUTE                 ,RI,02920-7807,Proprietary  ,20,81,101,61,254,315
00784500,NEW ENGLAND INSTITUTE OF TECHNOLOGY     ,RI,02886-2266,Private      ,7,15,22,3088,2711,5799
01115900,"SAWYER SCHOOL,THE                       ",RI,02860-4117,Proprietary  ,50,175,225,448,1957,2405
02071900,ARTHUR ANGELO SCH COSMET&HAIR DSGN      ,RI,02903-0000,Proprietary  ,3,5,8,118,254,372
02176900,WARWICK ACADEMY OF BEAUTY CULTURE       ,RI,02886-1534,Proprietary  ,3,9,12,95,174,269
02584400,NEW ENGLAND TRACTOR TRAILER TRAINING SCH,RI,02860-1752,Proprietary  ,7,108,115,98,954,1052
03080000,NEWPORT SCHOOL OF HAIRDRESSING          ,RI,02860-4038,Proprietary  ,0,7,7,12,94,106
03232300,LINCOLN TECHNICAL INSTITUTE             ,RI,02865-4211,Proprietary  ,26,92,118,655,1304,1959
03570500,ZION BIBLE COLLEGE                      ,RI,02806-1246,Private      ,0,4,4,162,115,277
03732300,INTERNATIONAL YACHT RESTORATION SCH     ,RI,02840-6720,Private      ,0,0,0,20,34,54
04141200,TONI & GUY HAIRDRESSING ACADEMY         ,RI,02920-0000,Proprietary  ,0,1,1,67,58,125
00341700,ALLEN UNIVERSITY                        ,SC,29204-1085,Private      ,9,5,14,1235,611,1846
00341800,ANDERSON UNIVERSITY                     ,SC,29621-4035,Private      ,6,18,24,2063,973,3036
00341900,CHARLESTON SOUTHERN UNIVERSITY          ,SC,29406-2160,Private      ,54,49,103,3990,2178,6168
00342000,BENEDICT COLLEGE                        ,SC,29204-1086,Private      ,15,11,26,4211,1630,5841
00342100,BOB JONES UNIVERSITY                    ,SC,29614-1000,Proprietary  ,6,16,22,3004,453,3457
00342200,SOUTHERN WESLEYAN UNIVERSITY            ,SC,29630-1020,Private      ,1,59,60,921,2234,3155
00342300,THE CITADEL                             ,SC,29409-0002,Public       ,10,32,42,2415,1177,3592
00342400,CLAFLIN UNIVERSITY                      ,SC,29115-4498,Private      ,18,13,31,2595,1097,3692
00342500,CLEMSON UNIVERSITY                      ,SC,29634-0001,Public       ,46,62,108,16453,3866,20319
00342600,UNIV OF SC AT SUMTER                    ,SC,29150-2498,Public       ,5,10,15,766,669,1435
00342700,COKER COLLEGE                           ,SC,29550-3797,Private      ,2,10,12,992,1035,2027
00342800,COLLEGE OF CHARLESTON                   ,SC,29424-0100,Public       ,27,35,62,9883,2749,12632
00342900,COLUMBIA INTERNATIONAL UNIVERSITY       ,SC,29203-1599,Private      ,0,7,7,522,776,1298
00343000,COLUMBIA COLLEGE                        ,SC,29203-5998,Private      ,7,49,56,1352,1360,2712
00343100,CONVERSE COLLEGE                        ,SC,29302-0006,Private      ,1,9,10,722,800,1522
00343200,ERSKINE COLLEGE                         ,SC,29639-0000,Private      ,2,0,2,781,41,822
00343201,ERSKINE THEOLOGICAL SEMINARY            ,SC,29639-0000,Private      ,0,1,1,7,154,161
00343400,FURMAN UNIVERSITY                       ,SC,29613-5253,Private      ,7,12,19,3336,453,3789
00343500,LANDER UNIVERSITY                       ,SC,29649-2099,Public       ,16,19,35,3354,986,4340
00343600,LIMESTONE COLLEGE                       ,SC,29340-3799,Private      ,10,55,65,1341,3410,4751
00343700,LUTHERAN THEOLOGICAL SOUTHERN SEM       ,SC,29203-5898,Private      ,0,1,1,2,144,146
00343800,MEDICAL UNIV OF SOUTH CAROLINA - FA     ,SC,29425-1760,Public       ,1,18,19,236,2921,3157
00343900,MORRIS COLLEGE                          ,SC,29150-3599,Private      ,17,6,23,1476,608,2084
00344000,NEWBERRY COLLEGE                        ,SC,29108-2197,Private      ,0,2,2,1663,306,1969
00344100,NORTH GREENVILLE COLLEGE                ,SC,29688-1892,Private      ,14,9,23,2286,410,2696
00344500,PRESBYTERIAN COLLEGE                    ,SC,29325-2503,Private      ,3,1,4,1528,78,1606
00344600,SOUTH CAROLINA STATE UNIVERSITY         ,SC,29117-4427,Public       ,213,76,289,6714,3114,9828
00344700,SPARTANBURG METHODIST COLLEGE           ,SC,29301-5899,Private      ,6,2,8,1306,220,1526
00344800,UNIVERSITY OF SOUTH CAROLINA            ,SC,29208-3999,Public       ,64,183,247,20625,11873,32498
00344900,UNIVERSITY OF SOUTH CAROLINA AIKEN      ,SC,29801-6399,Public       ,6,8,14,3139,1402,4541
00345000,UNIV OF SC AT BEAUFORT                  ,SC,29902-4602,Public       ,5,15,20,1240,1051,2291
00345100,COASTAL CAROLINA UNIVERSITY             ,SC,29528-0000,Public       ,38,54,92,10470,2500,12970
00345300,UNIV OF SC AT LANCASTER                 ,SC,29721-0889,Public       ,8,14,22,956,805,1761
00345400,UNIV OF SC SYSTEM SALKEHATCHIE          ,SC,29810-0617,Public       ,4,13,17,515,685,1200
00345500,VOORHEES COLLEGE                        ,SC,29042-0000,Private      ,5,4,9,901,453,1354
00345600,WINTHROP UNIVERSITY                     ,SC,29733-0001,Public       ,16,42,58,6144,2520,8664
00345700,WOFFORD COLLEGE                         ,SC,29303-3663,Private      ,0,2,2,1889,131,2020
00399000,FLORENCE-DARLINGTON TECH COLLEGE        ,SC,29501-0548,Public       ,60,164,224,3059,6211,9270
00399100,GREENVILLE TECHNICAL COLLEGE            ,SC,29607-2439,Public       ,110,462,572,7982,15313,23295
00399200,PIEDMONT TECHNICAL COLLEGE              ,SC,29648-1467,Public       ,36,255,291,2427,5968,8395
00399300,MIDLANDS TECHNICAL COLLEGE              ,SC,29202-0000,Public       ,83,378,461,7411,13160,20571
00399400,SPARTANBURG COMMUNITY COLLEGE           ,SC,29305-4386,Public       ,59,202,261,3429,6454,9883
00399500,CENTRAL CAROLINA TECHNICAL COLLEGE      ,SC,29150-2499,Public       ,32,174,206,1676,4903,6579
00399600,YORK TECHNICAL COLLEGE                  ,SC,29730-3395,Public       ,58,203,261,3107,7411,10518
00492000,TRIDENT TECHNICAL COLLEGE               ,SC,29423-8067,Public       ,154,600,754,7248,14245,21493
00492300,CLINTON JR COLLEGE                      ,SC,29730-5152,Private      ,2,0,2,141,83,224
00492400,FORREST JUNIOR COLLEGE                  ,SC,29624-2405,Proprietary  ,0,10,10,26,208,234
00492500,HORRY-GEORGETOWN TECH COLLEGE           ,SC,29526-9521,Public       ,54,168,222,3727,7740,11467
00492600,TRI-COUNTY TECHNICAL COLLEGE            ,SC,29670-9133,Public       ,36,133,169,3724,5288,9012
00492700,UNIV OF SC AT UNION                     ,SC,29379-0729,Public       ,1,1,2,268,289,557
00536300,DENMARK TECHNICAL COLLEGE               ,SC,29042-0000,Public       ,18,57,75,1049,1385,2434
00681500,ORANGEBURG-CALHOUN TECHNICAL COLG       ,SC,29118-8299,Public       ,36,102,138,1494,3012,4506
00695100,UNIVERSITY OF SOUTH CAROLINA UPSTATE    ,SC,29303-9972,Public       ,17,29,46,5083,2942,8025
00760200,NORTHEASTERN TECHNICAL COLLEGE          ,SC,29520-7015,Public       ,17,60,77,601,1454,2055
00922600,FRANCIS MARION UNIVERSITY               ,SC,29501-0000,Public       ,17,41,58,4716,1897,6613
00932200,WILLIAMSBURG TECHNICAL COLLEGE          ,SC,29556-4197,Public       ,25,50,75,428,995,1423
00991000,TECHNICAL COLLEGE OF THE LOWCOUNTRY     ,SC,29902-5441,Public       ,33,157,190,1012,3281,4293
00991100,UNIV OF SC-REGIONAL CAMPUSES ADMIN      ,SC,29208-0001,Public       ,1,1,2,157,102,259
01005600,AIKEN TECHNICAL COLLEGE                 ,SC,29802-0696,Public       ,20,133,153,2008,4268,6276
01031906,MEDIX SCHOOL - FORTIS COLLEGE           ,SC,29210-0000,Proprietary  ,0,7,7,0,7,7
01209200,KENNETH SHULER SCHOOL OF COSMETOLOGY    ,SC,29732-2169,Proprietary  ,5,6,11,62,164,226
01303907,SOUTH UNIVERSITY                        ,SC,29203-6400,Proprietary  ,17,112,129,480,2846,3326
02063700,SHERMAN CLG STRAIGHT CHIROPRACTIC       ,SC,29316-0000,Private      ,0,0,0,6,276,282
02189800,NO AMER INST OF AVIATION OF SO CAR      ,SC,29527-0000,Proprietary  ,0,1,1,5,17,22
02338600,CHARZANNE BEAUTY COLLEGE                ,SC,29649-0000,Proprietary  ,2,9,11,21,82,103
02341100,KENNETH SHULER SCHOOL OF COSMETOLOGY & N,SC,29210-0000,Proprietary  ,8,26,34,176,665,841
02356600,CHARLESTON COSMETOLOGY INSTITUTE        ,SC,29420-0000,Proprietary  ,6,10,16,92,197,289
02552400,ACADEMY OF HAIR TECHNOLOGY              ,SC,29615-2363,Proprietary  ,0,9,9,71,167,238
02567600,SUMTER BEAUTY COLLEGE                   ,SC,29150-0000,Proprietary  ,1,4,5,21,115,136
02614202,MILLER - MOTTE TECHNICAL COLLEGE - NORTH,SC,29406-9239,Proprietary  ,12,55,67,409,1503,1912
03010614,VIRGINIA COLLEGE - GOLF ACADEMY OF AMERI,SC,29579-0000,Proprietary  ,3,14,17,227,403,630
03010617,VIRGINIA COLLEGE - GREENVILLE           ,SC,29607-7200,Proprietary  ,39,144,183,44,171,215
03010620,VIRGINIA COLLEGE - CHARLESTON           ,SC,29406-4999,Proprietary  ,16,64,80,21,114,135
03010621,VIRGINIA COLLEGE - COLUMBIA             ,SC,29223-7527,Proprietary  ,19,150,169,19,150,169
03052300,KENNETH SHULER SCH COSM & HAIR DESG     ,SC,29841-2013,Proprietary  ,1,10,11,58,158,216
03088300,ACADEMY OF COSMETOLOGY                  ,SC,29418-5667,Proprietary  ,4,13,17,59,188,247
03293300,STRAND COLLEGE OF HAIR DESIGN           ,SC,29572-4310,Proprietary  ,1,7,8,40,150,190
03304300,CENTURA COLLEGE                         ,SC,29406-9235,Proprietary  ,21,138,159,181,1088,1269
03513300,LACY COSMETOLOGY SCHOOL                 ,SC,29803-9084,Proprietary  ,2,5,7,17,85,102
03513301,LACY COSMETOLOGY SCHOOL -               ,SC,29072-0000,Proprietary  ,1,4,5,16,61,77
03513302,LACY COSMETOLOGY SCHOOL -               ,SC,29445-0000,Proprietary  ,0,5,5,12,74,86
03595300,CHARLESTON SCHOOL OF MASSAGE            ,SC,29412-8270,Proprietary  ,0,6,6,11,66,77
03746300,LEGRAND INSTITUTE OF COSMETOLOGY        ,SC,29020-0000,Proprietary  ,1,3,4,29,68,97
03746400,SOUTHEASTERN INSTITUTE                  ,SC,29210-0000,Proprietary  ,7,40,47,98,442,540
03768400,STYLETRENDS BARBER AND HAIRSTYLING ACADE,SC,29730-4511,Proprietary  ,1,0,1,28,97,125
03856400,W. L. BONNER COLLEGE                    ,SC,29203-0000,Private      ,0,0,0,9,83,92
03892300,HARLEY'S BEAUTY & BARBER CAREER INST.   ,SC,29204-1919,Proprietary  ,2,8,10,23,114,137
04083300,MARION COUNTY TECHNICAL EDUCATION CENTER,SC,29571-0000,Public       ,0,1,1,0,1,1
04096300,CHARLESTON SCHOOL OF LAW                ,SC,29402-0535,Proprietary  ,0,1,1,7,1252,1259
04158100,AIKEN SCHOOL OF COSMETOLOGY             ,SC,29801-4026,Proprietary  ,0,2,2,9,24,33
00345800,AUGUSTANA COLLEGE                       ,SD,57197-0001,Private      ,2,5,7,1819,241,2060
00345900,BLACK HILLS STATE UNIVERSITY            ,SD,57799-9670,Public       ,5,17,22,2323,1766,4089
00346100,DAKOTA WESLEYAN UNIVERSITY              ,SD,57301-4398,Private      ,1,2,3,659,312,971
00346300,DAKOTA STATE UNIVERSITY                 ,SD,57042-1799,Public       ,2,15,17,1259,703,1962
00346500,MOUNT MARTY COLLEGE                     ,SD,57078-3724,Private      ,0,5,5,547,529,1076
00346600,NORTHERN STATE UNIVERSITY               ,SD,57401-7198,Public       ,4,11,15,1543,702,2245
00346700,PRESENTATION COLLEGE                    ,SD,57401-1299,Private      ,3,5,8,339,530,869
00346900,UNIVERSITY OF SIOUX FALLS               ,SD,57105-1699,Private      ,0,17,17,1323,544,1867
00347000,SOUTH DAKOTA SCH OF MINES & TECH        ,SD,57701-3995,Public       ,2,6,8,1409,604,2013
00347100,SOUTH DAKOTA STATE UNIVERSITY           ,SD,57007-2298,Public       ,6,30,36,7860,3216,11076
00347400,UNIVERSITY OF SOUTH DAKOTA              ,SD,57069-2390,Public       ,5,41,46,4590,4445,9035
00405600,SIOUX FALLS SEMINARY                    ,SD,57105-2729,Private      ,0,0,0,1,91,92
00405700,NATIONAL AMERICAN UNIVERSITY            ,SD,57701-3692,Proprietary  ,15,120,135,835,9108,9943
00405707,NATIONAL AMERICAN UNIVERSITY            ,SD,57105-0000,Proprietary  ,1,9,10,53,379,432
00492900,MCKENNAN HOSP-RADOLOGICAL TECH          ,SD,57101-0000,Private      ,0,0,0,18,15,33
00530900,LAKE AREA TECHNICAL INSTITUTE           ,SD,57201-2869,Public       ,5,5,10,891,552,1443
00598700,AVERA SACRED HEART HOSPITAL SCHOOL OF RA,SD,57078-3899,Private      ,0,0,0,4,4,8
00776400,SOUTHEAST TECHNICAL INST                ,SD,57107-0000,Public       ,10,43,53,1454,1597,3051
00828400,MITCHELL TECHNICAL INSTITUTE            ,SD,57301-2002,Public       ,1,1,2,637,455,1092
01013800,STEWART SCHOOL                          ,SD,57104-0000,Proprietary  ,3,6,9,99,114,213
01014804,COLORADO TECHNICAL UNIVERSITY           ,SD,57108-2272,Proprietary  ,5,22,27,323,1418,1741
01017000,WESTERN DAKOTA TECHNICAL INSTITUTE      ,SD,57701-4018,Public       ,8,29,37,549,1266,1815
01147701,SIOUX VALLEY HOSP-MEDICAL TECH          ,SD,57117-5039,Private      ,0,0,0,13,12,25
01465900,OGLALA LAKOTA COLLEGE                   ,SD,57752-0490,Public       ,7,37,44,349,1717,2066
02137100,BLACK HILLS BEAUTY COLLEGE              ,SD,57701-0000,Proprietary  ,0,0,0,77,95,172
02143700,SINTE GLESKA UNIVERSITY                 ,SD,57570-0000,Public       ,4,30,34,149,762,911
02144600,KILIAN COMMUNITY COLLEGE                ,SD,57103-7020,Private      ,2,5,7,108,491,599
02277300,SISSETON WAHPETON COLLEGE               ,SD,57262-0000,Public       ,0,7,7,47,216,263
02297800,HEADLINES ACADEMY                       ,SD,57701-0000,Proprietary  ,1,7,8,59,122,181
00347700,AQUINAS COLLEGE                         ,TN,37205-2086,Private      ,0,9,9,257,809,1066
00347701,AQUINAS COLLEGE -  PRIMETIME PROGRAM    ,TN,37214-3644,Private      ,0,7,7,15,230,245
00347800,AUSTIN PEAY STATE UNIVERSITY            ,TN,37044-0002,Public       ,32,199,231,6801,8097,14898
00347900,BELMONT UNIVERSITY                      ,TN,37212-3757,Private      ,10,54,64,5542,3148,8690
00348000,BETHEL UNIVERSITY                       ,TN,38201-1705,Private      ,5,149,154,1309,3673,4982
00348100,CARSON-NEWMAN COLLEGE                   ,TN,37760-2204,Private      ,4,11,15,3079,743,3822
00348200,CHRISTIAN BROTHERS UNIVERSITY           ,TN,38104-5581,Private      ,7,32,39,2112,1740,3852
00348300,COLUMBIA STATE COMMUNITY COLLEGE        ,TN,38401-5653,Public       ,33,106,139,3123,3764,6887
00348500,CUMBERLAND UNIVERSITY                   ,TN,37087-3554,Private      ,4,19,23,1405,1024,2429
00348600,LIPSCOMB UNIVERSITY                     ,TN,37204-3951,Private      ,12,44,56,3110,1774,4884
00348700,EAST TENNESSEE STATE UNIV - MAIN CAMPUS ,TN,37614-2857,Public       ,21,134,155,10447,7731,18178
00348701,EAST TENNESSEE STATE UNIV - MEDICINE    ,TN,37614-1708,Public       ,1,5,6,219,469,688
00348709,EAST TENNESSEE STATE UNIV - PHARMACY    ,TN,37614-1704,Public       ,0,1,1,80,399,479
00349000,FISK UNIVERSITY                         ,TN,37208-3045,Private      ,9,2,11,1241,482,1723
00349200,FREED-HARDEMAN UNIVERSITY               ,TN,38340-2399,Private      ,2,13,15,1755,962,2717
00349500,JOHNSON BIBLE COLLEGE                   ,TN,37998-9775,Private      ,1,8,9,604,330,934
00349600,KING COLLEGE                            ,TN,37620-2699,Private      ,2,29,31,1232,1242,2474
00349800,LAMBUTH UNIVERSITY                      ,TN,38301-5296,Private      ,1,1,2,1144,380,1524
00349900,LANE COLLEGE                            ,TN,38301-4598,Private      ,13,9,22,3232,1246,4478
00350000,LEE UNIVERSITY                          ,TN,37320-0000,Private      ,15,35,50,3578,1455,5033
00350100,LEMOYNE-OWEN COLLEGE                    ,TN,38126-6510,Private      ,10,26,36,1055,1585,2640
00350200,LINCOLN MEMORIAL UNIVERSITY             ,TN,37752-7920,Private      ,5,46,51,1610,3771,5381
00350400,MARTIN METHODIST COLLEGE                ,TN,38478-2799,Private      ,0,3,3,864,547,1411
00350500,MARYVILLE COLLEGE                       ,TN,37804-5907,Private      ,2,3,5,1894,252,2146
00350600,MEHARRY MEDICAL COLLEGE                 ,TN,37208-0000,Private      ,0,4,4,41,1335,1376
00350700,MEMPHIS COLLEGE OF ART                  ,TN,38104-2764,Private      ,1,2,3,625,257,882
00350900,UNIVERSITY OF MEMPHIS (THE)             ,TN,38152-4611,Public       ,79,294,373,15652,17594,33246
00351000,MIDDLE TENNESSEE STATE UNIV             ,TN,37130-0000,Public       ,62,244,306,21585,12784,34369
00351100,MILLIGAN COLLEGE                        ,TN,37682-4001,Private      ,2,6,8,1086,619,1705
00351700,SOUTHERN COLLEGE OF OPTOMETRY           ,TN,38104-2222,Private      ,0,0,0,14,570,584
00351800,SOUTHERN ADVENTIST UNIVERSITY           ,TN,37315-0370,Private      ,3,10,13,2349,720,3069
00351900,RHODES COLLEGE                          ,TN,38112-1690,Private      ,3,3,6,2665,329,2994
00352200,TENNESSEE STATE UNIVERSITY              ,TN,37209-1561,Public       ,56,128,184,10688,8844,19532
00352201,TENNESSEE STATE UNIVERSITY - AVON WILLIA,TN,37203-3401,Public       ,0,0,0,205,106,311
00352300,TENNESSEE TECHNOLOGICAL UNIV            ,TN,38505-0001,Public       ,14,81,95,9037,4266,13303
00352400,TENNESSEE TEMPLE UNIVERSITY             ,TN,37404-3587,Private      ,6,82,88,525,695,1220
00352500,TENNESSEE WESLEYAN COLLEGE              ,TN,37371-0040,Private      ,1,3,4,1199,535,1734
00352600,TREVECCA NAZARENE UNIVERSITY            ,TN,37210-2877,Private      ,1,38,39,1321,2301,3622
00352700,TUSCULUM COLLEGE                        ,TN,37743-0001,Private      ,4,35,39,2186,2053,4239
00352800,UNION UNIVERSITY                        ,TN,38305-3697,Private      ,8,93,101,2660,2795,5455
00352900,UNIVERSITY OF TENNESSEE-CHATTANOOGA     ,TN,37403-2598,Public       ,14,74,88,11743,4730,16473
00353000,UNIVERSITY OF TENNESSEE-KNOXVILLE       ,TN,37996-0150,Public       ,52,97,149,24555,10213,34768
00353006,UNIVERSITY OF TENNESSEE-HEALTH SCI CTR  ,TN,38103-0000,Public       ,1,21,22,302,3140,3442
00353100,UNIVERSITY OF TENNESSEE-MARTIN          ,TN,38238-0002,Public       ,23,76,99,7274,3629,10903
00353400,UNIVERSITY OF THE SOUTH                 ,TN,37383-1000,Private      ,0,15,15,1751,113,1864
00353500,VANDERBILT UNIVERSITY                   ,TN,37240-0001,Private      ,17,45,62,12838,6613,19451
00353501,VANDERBILT UNIV MED CTR ALLIEDHEAL      ,TN,37232-5510,Private      ,0,3,3,43,232,275
00353502,VANDERBILT UNIV - SCH OF MED            ,TN,37232-0000,Private      ,0,2,2,112,1033,1145
00353600,BRYAN COLLEGE                           ,TN,37321-7000,Private      ,0,8,8,1006,623,1629
00399800,CHATTANOOGA STATE COMMUNITY COLLEGE     ,TN,37406-1097,Public       ,66,254,320,5016,9115,14131
00399900,CLEVELAND STATE COMMUNITY COLLEGE       ,TN,37312-2858,Public       ,15,65,80,1882,2942,4824
00402500,TN TECHNOLOGY CTR AT KNOXVILLE          ,TN,37919-2327,Public       ,13,45,58,485,1660,2145
00402600,TENNESSEE TECH. CNTR AT CROSSVILLE      ,TN,38555-4142,Public       ,6,17,23,345,675,1020
00461700,NATIONAL COLLEGE OF BUSINESS & TECH     ,TN,37211-6605,Proprietary  ,10,29,39,493,3292,3785
00493400,DRAUGHONS JR CLG OF BUSINESS            ,TN,37217-1056,Proprietary  ,37,235,272,643,3675,4318
00493401,DAYMAR INSTITUTE - CLARKSVILLE          ,TN,37040-6718,Proprietary  ,1,3,4,1,3,4
00493700,JACKSON STATE COMMUNITY COLLEGE         ,TN,38301-3797,Public       ,13,74,87,2935,4710,7645
00493800,SOUTH COLLEGE                           ,TN,37909-3323,Proprietary  ,11,82,93,487,2305,2792
00494700,WEST TENNESSEE BUSINESS COLLEGE         ,TN,38301-3256,Proprietary  ,2,9,11,138,693,831
00528000,TN TECHNOLOGY CTR AT COVINGTON          ,TN,38019-0249,Public       ,3,11,14,176,410,586
00528100,TN TECHNOLOGY CTR AT ELIZABETHTON       ,TN,37643-0789,Public       ,7,47,54,308,1194,1502
00528200,TN TECHNOLOGY CTR AT HARTSVILLE         ,TN,37074-0000,Public       ,2,4,6,234,523,757
00528300,TN TECHNOLOGY CTR AT NEWBERN            ,TN,38059-1198,Public       ,2,24,26,195,605,800
00530700,TN TECHNOLOGY CTR AT MCMINNVILLE        ,TN,37110-1322,Public       ,1,3,4,186,610,796
00535100,TENNESSEE TECHNOLOGY CENTER AT MORRISTOW,TN,37813-2094,Public       ,3,12,15,497,1381,1878
00535200,TN TECHNOLOGY CENTER AT MCKENZIE        ,TN,38201-1620,Public       ,0,4,4,176,608,784
00535300,TN TECHNOLOGY CENTER AT LIVINGSTON      ,TN,38570-0219,Public       ,1,6,7,272,543,815
00535400,TN TECHNOLOGY CTR AT JACKSON            ,TN,38301-0000,Public       ,4,12,16,449,1438,1887
00535600,TENNESSEE TECHNOLOGY CENTER AT HOHENWALD,TN,38462-0000,Public       ,12,25,37,313,783,1096
00535700,TENNESSEE TECHNOLOGY CENTER AT CRUMP    ,TN,38327-3402,Public       ,5,12,17,273,646,919
00535800,TN TECHNOLOGY CENTER AT ATHENS          ,TN,37371-0848,Public       ,1,4,5,295,553,848
00535900,TENNESSEE TECHNOLOGY CENTER AT NASHVILLE,TN,37209-0000,Public       ,14,58,72,506,1759,2265
00536000,TENNESSEE TECHNOLOGY CENTER AT MEMPHIS  ,TN,38105-3604,Public       ,12,58,70,882,2525,3407
00537800,NORTHEAST STATE COMMUNITY COLLEGE       ,TN,37617-0246,Public       ,30,152,182,3155,5289,8444
00537900,TN TECHNOLOGY CTR AT SHELBYVILLE        ,TN,37160-3697,Public       ,2,19,21,379,1103,1482
00683500,DYERSBURG STATE COMMUNITY COLLEGE       ,TN,38024-0000,Public       ,13,61,74,1753,3267,5020
00683600,MOTLOW STATE COMMUNITY COLLEGE          ,TN,37388-7972,Public       ,20,99,119,2957,3741,6698
00743900,FOUNTAINHEAD COLLEGE OF TECHNOLOGY      ,TN,37918-2583,Proprietary  ,0,8,8,131,471,602
00744000,NASHVILLE AUTO DIESEL COLLEGE           ,TN,37206-3298,Proprietary  ,44,82,126,2909,1378,4287
00778200,TENNESSEE TECHNOLOGY CENTER AT DICKSON  ,TN,37055-0000,Public       ,7,16,23,371,1090,1461
00778300,MIDDLE TENNESSEE SCH OF ANESTHESIA      ,TN,37116-0417,Private      ,0,0,0,19,166,185
00814500,NASHVILLE STATE TECH CMNTY COLLEGE      ,TN,37209-0000,Public       ,44,246,290,3403,7930,11333
00865500,GENESIS CAREER COLLEGE OF COOKEVILLE    ,TN,38501-1959,Proprietary  ,11,53,64,80,267,347
00885900,JOHN A GUPTON COLLEGE                   ,TN,37203-2934,Private      ,0,4,4,100,187,287
00886300,WALTERS STATE COMMUNITY COLLEGE         ,TN,37813-6899,Public       ,18,102,120,4191,5431,9622
00946400,TN TECHNOLOGY CTR AT PULASKI            ,TN,38478-4541,Public       ,5,17,22,158,669,827
00956700,TENNESSEE SCHOOL OF BEAUTY              ,TN,37921-3303,Proprietary  ,10,12,22,212,456,668
00971000,TENNESSEE TECHNOLOGY CENTER AT ONEIDA/HU,TN,37756-4149,Public       ,0,5,5,133,386,519
00991200,VOLUNTEER STATE COMMUNITY COLLEGE       ,TN,37066-3188,Public       ,41,187,228,3972,6100,10072
00991400,ROANE STATE COMMUNITY COLLEGE           ,TN,37748-8664,Public       ,26,100,126,3726,4864,8590
00998200,CRICHTON COLLEGE                        ,TN,38111-4745,Private      ,2,35,37,268,1397,1665
01021700,INTERNATIONAL ACADEMY OF DESIGN & TECH  ,TN,37212-0000,Proprietary  ,16,21,37,557,764,1321
01032600,TN TECHNOLOGY CTR AT HARRIMAN           ,TN,37748-1109,Public       ,4,11,15,220,489,709
01043900,SOUTHWEST TENNESSEE COMMUNITY COLLG     ,TN,38104-3322,Public       ,161,530,691,7466,15969,23435
01044700,"PLAZA BEAUTY SCHOOL, INC.               ",TN,38117-4822,Proprietary  ,4,18,22,82,228,310
01046000,AMERICAN BAPTIST THEOLOGICAL SEMINA     ,TN,37207-4994,Private      ,0,3,3,18,127,145
01052900,MEMPHIS THEOLOGICAL SEMINARY            ,TN,38104-0000,Private      ,0,3,3,2,248,250
01070000,TN TECHNOLOGY CENTER AT JACKSBORO       ,TN,37757-2461,Public       ,2,0,2,148,346,494
01155300,WM R MOORE COLLEGE OF TECHNOLOGY        ,TN,38104-0000,Private      ,0,4,4,91,247,338
01216400,TENNESSEE TECHNICAL CNTR AT RIPLEY      ,TN,38063-7359,Public       ,5,34,39,85,512,597
01254700,EMMANUEL SCHOOL OF RELIGION             ,TN,37601-0000,Private      ,0,0,0,3,84,87
01269300,PELLISSIPPI STATE COMMUNITY COLLEGE     ,TN,37933-0990,Public       ,59,185,244,5584,6215,11799
02069303,VATTEROTT COLLEGE -                     ,TN,38016-5877,Proprietary  ,6,21,27,112,496,608
02092800,TENNESSEE TECHNOLOGY CENTER AT WHITEVILL,TN,38075-0000,Public       ,2,4,6,175,448,623
02103500,TN TECHNOLOGY CTR AT MURFREESBORO       ,TN,37129-0000,Public       ,5,13,18,258,774,1032
02106400,O'MORE COLLEGE OF DESIGN                ,TN,37064-0000,Private      ,0,2,2,189,69,258
02125300,NASHVILLE CLG OF MEDICAL CAREERS        ,TN,37115-0000,Proprietary  ,1,18,19,56,347,403
02153100,JON NAVE UNIVERSITY OF COSMETOLOGY      ,TN,37013-3347,Proprietary  ,9,25,34,202,339,541
02157100,CONCORDE CAREER COLLEGE                 ,TN,38137-0000,Proprietary  ,13,136,149,445,2186,2631
02188300,PENTECOSTAL THEOLOGICAL SEMINARY        ,TN,37320-0000,Private      ,0,2,2,4,236,240
02204200,"CHATTANOOGA COLLEGE - MEDICAL, DENTAL AN",TN,37411-0000,Proprietary  ,7,54,61,139,784,923
02237900,TN TECHNOLOGY CENTER AT PARIS           ,TN,38242-0000,Public       ,1,1,2,162,735,897
02255000,KNOXVILLE INSTITUTE OF HAIR DESIGN      ,TN,37917-0000,Proprietary  ,0,2,2,0,2,2
02257400,ARNOLD'S BEAUTY SCHOOL                  ,TN,38358-0000,Proprietary  ,1,1,2,44,78,122
02263104,ANTHEM COLLEGE - ANTHEM CAREER COLLEGE -,TN,37214-2531,Proprietary  ,0,6,6,60,176,236
02275500,REUBEN-ALLEN COLLEGE                    ,TN,37922-0000,Proprietary  ,0,3,3,49,88,137
02278700,MR WAYNES SCH OF UNISEX HAIR DESIGN     ,TN,38501-0000,Proprietary  ,1,3,4,23,61,84
02293900,VOLUNTEER BEAUTY ACADEMY-NASHVILLE      ,TN,37115-2112,Proprietary  ,0,9,9,34,159,193
02294000,VOLUNTEER BEAUTY ACADEMY-DYERSBURG      ,TN,38024-1622,Proprietary  ,1,14,15,18,114,132
02326200,KAPLAN CAREER INSTITUTE                 ,TN,37217-1342,Proprietary  ,20,112,132,286,1740,2026
02326202,KAPLAN CAREER INSTITUTE - THOMPSON LANE ,TN,37204-3692,Proprietary  ,0,0,0,21,118,139
02326300,MEDVANCE INSTITUTE                      ,TN,38501-4305,Proprietary  ,14,55,69,163,714,877
02335900,VOLUNTEER BEAUTY ACADEMY-NASHVILLE      ,TN,37209-3033,Proprietary  ,2,3,5,23,105,128
02359800,ITT TECHNICAL INSTITUTE                 ,TN,37214-3717,Proprietary  ,35,127,162,1438,3721,5159
02498000,NEW WAVE HAIR ACADEMY                   ,TN,38128-0000,Proprietary  ,0,0,0,29,90,119
02539800,QUEEN CITY COLLEGE                      ,TN,37042-0000,Proprietary  ,0,8,8,45,272,317
02540000,TENNESSEE ACADEMY OF COSMETOLOGY        ,TN,38133-0000,Proprietary  ,3,18,21,61,215,276
02578200,NOSSI COLLEGE OF ART                    ,TN,37072-0000,Proprietary  ,4,12,16,334,389,723
02595000,FAYETTEVILLE BEAUTY SCHOOL              ,TN,37334-2909,Proprietary  ,3,7,10,21,100,121
02597600,NEW WAVE HAIR ACADEMY                   ,TN,38301-3812,Proprietary  ,0,0,0,28,107,135
02599710,VATTEROTT COLLEGE - MEMPHIS             ,TN,38132-1714,Proprietary  ,6,32,38,187,1074,1261
02605501,REMINGTON COLLEGE - MEMPHIS CAMPUS      ,TN,38132-0000,Proprietary  ,21,151,172,509,2113,2622
02609204,VATTEROTT COLLEGE - VATTEROTT CAREER COL,TN,38133-4727,Proprietary  ,3,28,31,111,545,656
02614200,MILLER MOTTE BUSINESS COLLEGE           ,TN,37040-6023,Proprietary  ,12,72,84,322,1337,1659
02614203,MILLER - MOTTE TECHNICAL COLLEGE - CHATT,TN,37421-7220,Proprietary  ,7,77,84,251,1256,1507
02614204,MILLER - MOTTE TECHNICAL COLLEGE - GOODL,TN,37072-1870,Proprietary  ,13,61,74,124,595,719
03001800,FREE WILL BAPTIST BIBLE COLLEGE         ,TN,37205-2498,Private      ,0,2,2,236,160,396
03008800,FRANKLIN ACADEMY                        ,TN,37312-3939,Private      ,0,6,6,30,103,133
03010606,VIRGINIA COLLEGE - SCH OF BUSNSS & HLTH ,TN,37411-5600,Proprietary  ,4,17,21,57,367,424
03012500,NEW WAVE HAIR ACADEMY                   ,TN,38111-4253,Proprietary  ,0,0,0,50,173,223
03024900,TENNESSEE ACADEMY OF COSMETOLOGY        ,TN,38125-3442,Proprietary  ,3,17,20,59,183,242
03061100,GENESIS CAREER COLLEGE OF LEBANON       ,TN,37087-2718,Proprietary  ,12,36,48,142,422,564
03073400,ITT TECHNICAL INSTITUTE                 ,TN,37932-3343,Proprietary  ,63,166,229,1770,4535,6305
03076405,BRYMAN SCHOOL OF ARIZONA (THE) - ANTHEM ,TN,38134-7345,Proprietary  ,1,6,7,69,288,357
03079100,NORTH CENTRAL INSTITUTE                 ,TN,37042-3116,Proprietary  ,1,6,7,18,107,125
03088800,WATKINS INSTITUTE COLLEGE OF ART & DESIG,TN,37228-1306,Private      ,0,1,1,466,291,757
03126900,STYLES & PROFILES BEAUTY COLLEGE        ,TN,38375-2109,Proprietary  ,1,1,2,9,35,44
03149300,NEW DIRECTIONS HAIR ACADEMY             ,TN,37209-0000,Proprietary  ,0,0,0,44,126,170
03355400,RICHMONT GRADUATE UNIVERSITY            ,TN,37404-0000,Private      ,0,1,1,4,235,239
03440300,BAPTIST MEMORIAL COLLEGE OF HEALTH      ,TN,38104-3104,Private      ,2,11,13,756,1612,2368
03480303,MEDVANCE INSTITUTE - NASHVILLE          ,TN,37203-1536,Proprietary  ,17,84,101,198,977,1175
03513500,WILLIAMSON CHRISTIAN COLLEGE            ,TN,37067-8237,Private      ,15,126,141,19,188,207
03647300,NEW CONCEPTS SCHOOL OF COSMETOLOGY      ,TN,37311-7373,Proprietary  ,2,7,9,21,69,90
03683300,INTERNATIONAL BARBER & STYLE COLLEGE    ,TN,37209-0000,Proprietary  ,2,32,34,48,305,353
03701300,MEMPHIS INSTITUTE OF BARBERING          ,TN,38107-4334,Proprietary  ,6,16,22,76,277,353
03774400,SHEAR ACADEMY                           ,TN,38555-4177,Proprietary  ,1,2,3,11,43,54
03830300,SAE INSTITUTE OF TECHNOLOGY             ,TN,37203-4310,Proprietary  ,2,8,10,176,282,458
03841300,CAREER BEAUTY COLLEGE                   ,TN,38464-3634,Proprietary  ,2,0,2,14,34,48
03920300,INSTITUTE OF HAIR DESIGN                ,TN,38310-1801,Proprietary  ,1,2,3,24,47,71
03930300,BUCHANAN BEAUTY COLLEGE                 ,TN,37160-2741,Proprietary  ,3,13,16,19,115,134
03982300,VISIBLE SCHOOL - MUSIC AND WORSHIPS ARTS,TN,38104-5814,Private      ,0,1,1,93,39,132
04025300,LAST MINUTE CUTS SCHOOL OF BARBERING AND,TN,38109-7709,Proprietary  ,0,0,0,9,18,27
04035300,NAVE COSMETOLOGY ACADEMY                ,TN,38401-6335,Proprietary  ,3,10,13,64,198,262
04124100,ELITE COLLEGE OF COSMETOLOGY            ,TN,38351-1431,Proprietary  ,2,6,8,34,99,133
04157200,LOVE BEAUTY SCHOOL                      ,TN,37355-2950,Proprietary  ,0,3,3,7,41,48
00353700,ABILENE CHRISTIAN UNIVERSITY            ,TX,79699-3701,Private      ,17,61,78,4439,1764,6203
00353900,ALVIN COMMUNITY COLLEGE                 ,TX,77511-4807,Public       ,28,102,130,1085,2402,3487
00354000,AMARILLO COLLEGE                        ,TX,79109-2446,Public       ,58,270,328,3196,7304,10500
00354100,ANGELO STATE UNIVERSITY                 ,TX,76909-5069,Public       ,39,100,139,6091,2700,8791
00354300,AUSTIN COLLEGE                          ,TX,75090-4440,Private      ,1,3,4,1947,184,2131
00354400,AUSTIN PRESBYTERIAN THEOLOGICAL SEM     ,TX,78705-5797,Private      ,0,1,1,0,141,141
00354500,BAYLOR UNIVERSITY                       ,TX,76798-1458,Private      ,103,44,147,18473,4478,22951
00354600,COASTAL BEND COLLEGE                    ,TX,78102-2197,Public       ,52,99,151,1793,2792,4585
00354900,BLINN COLLEGE                           ,TX,77833-4098,Public       ,133,128,261,9439,4606,14045
00355300,CISCO JUNIOR COLLEGE                    ,TX,76437-9803,Public       ,10,20,30,1942,2648,4590
00355400,CLARENDON COLLEGE                       ,TX,79226-0000,Public       ,11,29,40,536,669,1205
00355600,COMMONWEALTH INST OF FUNERAL SVC        ,TX,77090-5918,Private      ,2,5,7,57,224,281
00355700,CONCORDIA UNIVERSITY TEXAS              ,TX,78726-4141,Private      ,5,87,92,1238,2300,3538
00355800,NORTH CENTRAL TEXAS COLLEGE             ,TX,76240-4699,Public       ,55,132,187,2824,4309,7133
00356000,DALLAS BAPTIST UNIVERSITY               ,TX,75211-9299,Private      ,19,145,164,2553,4478,7031
00356100,CEDAR VALLEY COLLEGE                    ,TX,75134-0000,Public       ,55,182,237,1969,4498,6467
00356200,DALLAS THEOLOGICAL SEM                  ,TX,75204-0000,Private      ,0,10,10,15,663,678
00356300,DEL MAR COLLEGE                         ,TX,78404-3897,Public       ,93,288,381,5056,8166,13222
00356400,EAST TEXAS BAPTIST UNIVERSITY           ,TX,75670-1423,Private      ,0,4,4,1442,368,1810
00356500,TEXAS A&M UNIVERSITY - COMMERCE         ,TX,75429-3011,Public       ,40,211,251,4300,6695,10995
00356600,EPISCOPAL THEOL SEM OF THE STHWST       ,TX,78768-0000,Private      ,0,0,0,1,13,14
00356800,FRANK PHILLIPS COLLEGE                  ,TX,79008-0000,Public       ,16,36,52,472,689,1161
00357000,GRAYSON COUNTY COLLEGE                  ,TX,75020-8299,Public       ,20,108,128,1614,3704,5318
00357100,HARDIN-SIMMONS UNIVERSITY               ,TX,79698-6050,Private      ,4,13,17,2249,992,3241
00357200,TRINITY VALLEY COMMUNITY COLLEGE        ,TX,75751-2734,Public       ,48,150,198,2156,4398,6554
00357300,HILL COLLEGE                            ,TX,76645-2711,Public       ,15,36,51,868,1316,2184
00357301,HILL COLLEGE                            ,TX,76031-0000,Public       ,16,62,78,680,1877,2557
00357400,HOWARD COLLEGE                          ,TX,79720-0213,Public       ,31,85,116,1276,2443,3719
00357500,HOWARD PAYNE UNIVERSITY                 ,TX,76801-2715,Private      ,4,4,8,1269,409,1678
00357600,HOUSTON BAPTIST UNIVERSITY              ,TX,77074-3298,Private      ,16,37,53,3970,2280,6250
00357700,HUSTON - TILLOTSON UNIVERSITY           ,TX,78702-2795,Private      ,4,21,25,974,664,1638
00357800,UNIVERSITY OF THE INCARNATE WORD        ,TX,78209-6398,Private      ,20,64,84,4389,4846,9235
00357900,JACKSONVILLE COLLEGE                    ,TX,75766-4759,Private      ,4,13,17,233,195,428
00358000,KILGORE COLLEGE                         ,TX,75662-3299,Public       ,41,113,154,2979,4798,7777
00358100,LAMAR UNIVERSITY-BEAUMONT               ,TX,77710-0042,Public       ,80,266,346,7792,7466,15258
00358200,LAREDO COMMUNITY COLLEGE                ,TX,78040-4395,Public       ,136,115,251,5624,4989,10613
00358300,LEE COLLEGE                             ,TX,77520-4796,Public       ,41,113,154,1642,3942,5584
00358400,LETOURNEAU UNIVERSITY                   ,TX,75607-0000,Private      ,5,122,127,1565,3571,5136
00358500,LON MORRIS COLLEGE                      ,TX,75766-2900,Private      ,13,9,22,812,225,1037
00358600,LUBBOCK CHRISTIAN UNIVERSITY            ,TX,79407-2099,Private      ,11,16,27,1379,1345,2724
00358800,UNIVERSITY OF MARY HARDIN-BAYLOR        ,TX,76513-2599,Private      ,5,45,50,3153,1399,4552
00359000,MCLENNAN COMMUNITY COLLEGE              ,TX,76708-1498,Public       ,69,222,291,3869,7459,11328
00359100,MCMURRY UNIVERSITY                      ,TX,79697-0001,Private      ,6,14,20,1797,757,2554
00359200,MIDWESTERN STATE UNIVERSITY             ,TX,76308-2099,Public       ,24,72,96,4077,3140,7217
00359300,NAVARRO COLLEGE                         ,TX,75110-4818,Public       ,106,254,360,3939,5790,9729
00359400,UNIVERSITY OF NORTH TEXAS               ,TX,76203-1370,Public       ,117,446,563,24993,19749,44742
00359500,OBLATE SCHOOL OF THEOLOGY               ,TX,78216-0000,Private      ,0,0,0,4,21,25
00359600,ODESSA COLLEGE                          ,TX,79764-7127,Public       ,28,69,97,1735,3180,4915
00359800,OUR LADY OF THE LAKE UNIVERSITY         ,TX,78207-4689,Private      ,8,54,62,1918,2771,4689
00359900,UNIVERSITY OF TEXAS - PAN AMERICAN      ,TX,78541-2999,Public       ,197,276,473,14932,10269,25201
00360000,PANOLA COLLEGE                          ,TX,75633-2397,Public       ,12,60,72,844,1660,2504
00360100,PARIS JR COLLEGE                        ,TX,75460-6298,Public       ,61,195,256,1960,3729,5689
00360200,PAUL QUINN COLLEGE                      ,TX,75241-4398,Private      ,1,4,5,410,717,1127
00360300,RANGER COLLEGE                          ,TX,76470-3298,Public       ,13,20,33,457,402,859
00360400,RICE UNIVERSITY                         ,TX,77251-1892,Private      ,19,20,39,8174,2320,10494
00360600,SAM HOUSTON STATE UNIVERSITY            ,TX,77340-0000,Public       ,88,176,264,14034,7080,21114
00360700,ALAMO CMTY CLG DISTRICT PROGRAM         ,TX,78207-0000,Public       ,17,25,42,523,825,1348
00360800,ST PHILLIPS COLLEGE                     ,TX,78203-2098,Public       ,105,346,451,4914,10685,15599
00360900,SAN JACINTO CLG-CENTRAL-NORTH-SOUTH     ,TX,77501-0000,Public       ,206,557,763,7642,12240,19882
00361000,SCHREINER UNIVERSITY                    ,TX,78028-5697,Private      ,3,11,14,1350,511,1861
00361100,SOUTH PLAINS COLLEGE                    ,TX,79336-6504,Public       ,56,148,204,4748,5635,10383
00361200,UNIV OF HOUSTON-DOWNTOWN                ,TX,77002-1001,Public       ,54,184,238,6361,10320,16681
00361300,SOUTHERN METHODIST UNIVERSITY           ,TX,75275-0181,Private      ,18,62,80,6103,5649,11752
00361400,SOUTHWEST TEXAS JR COLLEGE              ,TX,78801-6221,Public       ,71,114,185,2665,3562,6227
00361500,TEXAS STATE UNIVERSITY--SAN MARCOS      ,TX,78666-4602,Public       ,189,224,413,24794,14134,38928
00361600,SOUTHWESTERN ASSEMBLIES OF GOD UNIV     ,TX,75165-2397,Private      ,5,25,30,1544,1254,2798
00361700,SOUTHWESTERN BAPTIST THEOL SEMINARY     ,TX,76122-0000,Private      ,0,5,5,45,186,231
00361800,SOUTHWESTERN CHRISTIAN COLLEGE          ,TX,75160-3400,Private      ,1,4,5,220,121,341
00361900,SOUTHWESTERN ADVENTIST UNIVERSITY       ,TX,76059-1922,Private      ,2,11,13,645,450,1095
00362000,SOUTHWESTERN UNIVERSITY                 ,TX,78626-6111,Private      ,4,4,8,2202,237,2439
00362100,ST EDWARDS UNIVERSITY                   ,TX,78704-0000,Private      ,11,38,49,4691,2818,7509
00362300,ST MARY'S UNIV OF SAN ANTONIO           ,TX,78228-8500,Private      ,20,24,44,3637,2922,6559
00362400,STEPHEN F AUSTIN STATE UNIVERSITY       ,TX,75962-0001,Public       ,187,143,330,12703,5006,17709
00362500,SUL ROSS STATE UNIVERSITY               ,TX,79832-0113,Public       ,11,62,73,1563,2106,3669
00362600,TARRANT COUNTY COLLEGE                  ,TX,76102-6599,Public       ,330,1059,1389,14527,25674,40201
00362700,TEMPLE COLLEGE                          ,TX,76504-7435,Public       ,40,170,210,2185,4890,7075
00362800,TEXARKANA COLLEGE                       ,TX,75599-0001,Public       ,29,60,89,1770,3096,4866
00363000,PRAIRIE VIEW A&M UNIVERSITY             ,TX,77446-2967,Public       ,67,106,173,10172,6235,16407
00363100,TARLETON STATE UNIVERSITY               ,TX,76402-0000,Public       ,53,123,176,6259,5791,12050
00363200,TEXAS A&M UNIVERSITY                    ,TX,77842-0000,Public       ,269,153,422,35882,8933,44815
00363204,TEXAS A&M UNIVERSITY - GALVESTON        ,TX,77553-1675,Public       ,0,0,0,417,146,563
00363400,TEXAS STATE TECHNICAL CLG AT WACO       ,TX,76705-1695,Public       ,56,210,266,3169,4524,7693
00363500,TEXAS CHIROPRACTIC COLLEGE              ,TX,77505-1699,Private      ,0,5,5,12,431,443
00363600,TEXAS CHRISTIAN UNIVERSITY              ,TX,76129-0001,Private      ,19,36,55,9003,3193,12196
00363700,JARVIS CHRISTIAN COLLEGE                ,TX,75765-1470,Private      ,84,8,92,822,294,1116
00363800,TEXAS COLLEGE                           ,TX,75702-4500,Private      ,6,7,13,879,733,1612
00363900,TEXAS A&M UNIVERSITY-KINGSVILLE         ,TX,78363-8203,Public       ,43,105,148,6239,5531,11770
00364100,TEXAS LUTHERAN UNIVERSITY               ,TX,78155-5999,Private      ,5,4,9,1844,302,2146
00364200,TEXAS SOUTHERN UNIVERSITY               ,TX,77004-4598,Public       ,86,160,246,9538,11850,21388
00364300,TEXAS SOUTHMOST COLLEGE                 ,TX,78520-4992,Public       ,5,10,15,226,382,608
00364400,TEXAS TECH UNIVERSITY                   ,TX,79409-0000,Public       ,114,216,330,22038,10159,32197
00364500,TEXAS WESLEYAN UNIVERSITY               ,TX,76105-1536,Private      ,4,31,35,1227,3842,5069
00364600,TEXAS WOMAN'S UNIVERSITY                ,TX,76204-5587,Public       ,16,129,145,5581,10749,16330
00364700,TRINITY UNIVERSITY                      ,TX,78212-7200,Private      ,6,8,14,3384,560,3944
00364800,TYLER JUNIOR COLLEGE                    ,TX,75701-3436,Public       ,61,154,215,6835,7317,14152
00365100,UNIVERSITY OF DALLAS                    ,TX,75062-4799,Private      ,4,22,26,1892,1432,3324
00365200,UNIVERSITY OF HOUSTON                   ,TX,77204-2010,Public       ,180,345,525,27145,24560,51705
00365400,UNIVERSITY OF ST THOMAS                 ,TX,77006-4626,Private      ,14,28,42,1566,1571,3137
00365600,UNIVERSITY OF TEXAS-ARLINGTON           ,TX,76019-0000,Public       ,70,363,433,17509,20957,38466
00365800,UNIVERSITY OF TEXAS-AUSTIN              ,TX,78713-7758,Public       ,80,164,244,40090,20200,60290
00365900,UT HEALTH CENTER-SAN ANTONIO            ,TX,78229-3900,Public       ,9,41,50,633,3191,3824
00366100,UNIVERSITY OF TEXAS-EL PASO             ,TX,79968-0629,Public       ,111,221,332,12405,11614,24019
00366200,VICTORIA COLLEGE (THE)                  ,TX,77901-4494,Public       ,41,100,141,1473,2877,4350
00366300,WAYLAND BAPTIST UNIVERSITY              ,TX,79072-6998,Private      ,9,132,141,1048,3670,4718
00366400,WEATHERFORD COLLEGE                     ,TX,76086-5699,Public       ,28,85,113,2159,3128,5287
00366500,WEST TEXAS A&M UNIVERSITY               ,TX,79016-0000,Public       ,71,103,174,5145,3904,9049
00366800,WHARTON COUNTY JR COLLEGE               ,TX,77488-3298,Public       ,69,106,175,2476,3071,5547
00366900,WILEY COLLEGE                           ,TX,75670-5199,Private      ,6,22,28,991,871,1862
00400300,CENTRAL TEXAS COLLEGE                   ,TX,76540-4199,Public       ,79,691,770,2557,13087,15644
00407221,NORTHWOOD UNIVERSITY                    ,TX,75104-0000,Private      ,5,28,33,616,907,1523
00445300,EL CENTRO COLLEGE                       ,TX,75202-0000,Public       ,76,368,444,3307,9309,12616
00450303,EVEREST COLLEGE - FORT WORTH SOUTH      ,TX,76115-1407,Proprietary  ,0,4,4,0,4,4
00481102,EVEREST INSTITUTE - EVEREST COLLEGE     ,TX,76011-6630,Proprietary  ,18,143,161,288,1382,1670
00494800,TEXAS A&M UNIV SYSTEM HEALTH SCI CT     ,TX,77840-7896,Public       ,7,4,11,596,1648,2244
00494900,BAYLOR COLLEGE OF MEDICINE              ,TX,77030-0000,Private      ,1,4,5,242,1380,1622
00495100,UNIV OF TEXAS HEALTH SCIENCE CENTER     ,TX,77225-0000,Public       ,0,20,20,391,3018,3409
00495200,UNIV OF TEXAS MEDICAL BRANCH            ,TX,77550-0000,Public       ,2,17,19,209,2241,2450
00497200,GALVESTON COLLEGE                       ,TX,77550-7447,Public       ,17,30,47,915,1582,2497
00497700,SOUTH TEXAS COLLEGE OF LAW              ,TX,77002-0000,Private      ,1,2,3,37,2144,2181
00520307,REMINGTON COLLEGE - DALLAS CAMPUS       ,TX,75041-9935,Proprietary  ,3,5,8,102,312,414
00660600,BAPTIST HS SCHOOL OF HEALTH PROFESSIONS ,TX,78229-3234,Proprietary  ,2,13,15,168,926,1094
00661200,COVENANT SCH OF NSG & ALLIED HEALTH     ,TX,79410-0000,Private      ,0,4,4,130,364,494
00666100,ANGELINA COLLEGE                        ,TX,75902-0000,Public       ,42,133,175,2176,3984,6160
00694100,DALLAS CHRISTIAN COLLEGE                ,TX,75234-7229,Private      ,3,7,10,237,374,611
00709600,COLLEGE OF THE MAINLAND                 ,TX,77591-2499,Public       ,54,130,184,1108,2886,3994
00728700,BRAZOSPORT COLLEGE                      ,TX,77566-3199,Public       ,84,55,139,1243,1757,3000
00732907,ITT TECHNICAL INSTITUTE                 ,TX,77063-3751,Proprietary  ,4,16,20,158,512,670
00754805,WESTWOOD COLLEGE OF TECHNOLOGY          ,TX,77074-0000,Proprietary  ,7,47,54,516,979,1495
00758602,REMINGTON COLLEGE - FORT WORTH CAMPUS   ,TX,76112-1280,Proprietary  ,31,93,124,428,1315,1743
00835300,LINCOLN COLLEGE OF TECHNOLOGY           ,TX,75052-0000,Proprietary  ,109,137,246,1560,1765,3325
00849800,MIMS CLASSIC BEAUTY COLLEGE             ,TX,78216-0000,Proprietary  ,1,2,3,29,77,106
00850300,MOUNTAIN VIEW COLLEGE                   ,TX,75211-6599,Public       ,62,208,270,2949,5809,8758
00850400,RICHLAND COLLEGE                        ,TX,75243-2199,Public       ,81,321,402,4220,7417,11637
00851000,EASTFIELD COLLEGE                       ,TX,75150-2099,Public       ,71,289,360,3533,6973,10506
00907905,EVEREST COLLEGE                         ,TX,75206-5209,Proprietary  ,55,253,308,553,2360,2913
00908200,INTERNATIONAL BUSINESS COLLEGE          ,TX,79903-0000,Proprietary  ,22,101,123,217,809,1026
00916300,SAN ANTONIO COLLEGE                     ,TX,78212-4299,Public       ,255,551,806,11756,19217,30973
00922500,TEXAS STATE TECHNICAL COLLEGE  HARLINGEN,TX,78550-3697,Public       ,66,175,241,3419,4284,7703
00946600,KAPLAN COLLEGE                          ,TX,78216-1899,Proprietary  ,50,182,232,442,1969,2411
00946607,KAPLAN COLLEGE - MCALLEN                ,TX,78503-1622,Proprietary  ,49,111,160,530,1468,1998
00946609,KAPLAN COLLEGE - CAREER CENTERS OF TEXAS,TX,78416-9900,Proprietary  ,28,106,134,244,1352,1596
00946610,KAPLAN COLLEGE - CAREER CENTERS OF TEXAS,TX,76103-2310,Proprietary  ,26,102,128,258,1222,1480
00954900,WESTERN TEXAS COLLEGE                   ,TX,79549-9501,Public       ,10,16,26,650,507,1157
00965100,TEXAS A&M INTERNATIONAL UNIVERSITY      ,TX,78041-1900,Public       ,61,74,135,4443,3358,7801
00974100,UNIVERSITY OF TEXAS AT DALLAS           ,TX,75083-0000,Public       ,44,162,206,7546,9003,16549
00976800,UNIVERSITY OF NORTH TEXAS HEALTH SCIENCE,TX,76107-2699,Public       ,1,12,13,136,1580,1716
00979700,MIDLAND COLLEGE                         ,TX,79705-6397,Public       ,21,74,95,1689,2827,4516
00982802,EVEREST INSTITUTE- AUSTIN               ,TX,78754-0000,Proprietary  ,63,216,279,505,2165,2670
00993000,UNIVERSITY OF TEXAS-PERMIAN BASIN       ,TX,79762-0001,Public       ,13,57,70,1705,2342,4047
00993200,TEXAS STATE TECH CLG-WEST TEXAS         ,TX,79556-4108,Public       ,4,24,28,641,1083,1724
00993201,TEXAS STATE TECH COLLEGE-ABILENE        ,TX,79601-0000,Public       ,2,11,13,192,504,696
00993204,TEXAS STATE TECH CLG-BRECKENRIDGE       ,TX,76424-0000,Public       ,1,5,6,41,210,251
00993205,TEXAS STATE TECH COLLEGE-BROWNWOOD      ,TX,76801-0000,Public       ,3,5,8,125,426,551
01001900,UNIV OF TEXAS SOUTHWESTERN MED CTR      ,TX,75390-9096,Public       ,1,9,10,184,1820,2004
01005700,AMERICAN COMMERCIAL COLLEGE             ,TX,79602-1399,Proprietary  ,4,46,50,63,551,614
01005900,AMERICAN COMMERCIAL COLLEGE             ,TX,79761-0000,Proprietary  ,5,25,30,51,325,376
01005901,AMERICAN COMMERCIAL COLLEGE - AMERICAN C,TX,76310-2303,Proprietary  ,4,32,36,45,423,468
01006000,VERNON COLLEGE                          ,TX,76384-4092,Public       ,13,81,94,1136,2640,3776
01011500,UNIVERSITY OF TEXAS-SAN ANTONIO         ,TX,78249-0600,Public       ,133,247,380,25303,16538,41841
01013000,WADE COLLEGE                            ,TX,75207-3199,Proprietary  ,1,1,2,218,230,448
01038700,EL PASO COMMUNITY COLLEGE               ,TX,79998-0000,Public       ,190,431,621,13509,15856,29365
01050900,HALLMARK COLLEGE OF AERONAUTICS         ,TX,78214-0000,Proprietary  ,19,76,95,374,1475,1849
01062400,CENTRAL TEXAS COMMERCIAL COLLEGE        ,TX,75231-5033,Proprietary  ,3,33,36,38,231,269
01063300,HOUSTON COMMUNITY COLLEGE               ,TX,77002-0000,Public       ,418,1524,1942,18133,40120,58253
01067400,TEXAS TECH U HEALTH SCIENCES CENTER     ,TX,79430-0000,Public       ,7,42,49,732,3163,3895
01076100,DALLAS INSTITUTE OF FUNERAL SERVICE     ,TX,75227-4314,Private      ,3,20,23,62,311,373
01114500,LONE STAR COLLEGE SYSTEM                ,TX,77073-3499,Public       ,265,776,1041,6774,14191,20965
01114501,LONE STAR COLLEGE-KINGWOOD              ,TX,77339-0000,Public       ,24,61,85,1605,3124,4729
01114502,LONE STAR COLLEGE-TOMBALL               ,TX,77375-0000,Public       ,36,84,120,1282,2319,3601
01114503,LONE STAR COLLEGE-MONTGOMERY            ,TX,77384-0000,Public       ,35,86,121,1964,3792,5756
01114504,LONE STAR COLLEGE-CY-FAIR               ,TX,77433-1383,Public       ,35,68,103,2502,3474,5976
01116100,TEXAS A&M UNIV CORPUS CHRISTI           ,TX,78412-5599,Public       ,44,118,162,7876,5041,12917
01116300,UNIVERSITY OF TEXAS AT TYLER            ,TX,75799-6699,Public       ,16,71,87,3999,4238,8237
01171100,UNIVERSITY OF HOUSTON-CLEAR LAKE        ,TX,77058-1002,Public       ,19,140,159,1731,6630,8361
01201500,AUSTIN COMMUNITY COLLEGE                ,TX,78752-4390,Public       ,272,945,1217,13599,24812,38411
01202000,VICTORIA BEAUTY COLLEGE                 ,TX,77901-6233,Proprietary  ,3,10,13,58,164,222
01226800,BALDWIN BEAUTY SCHOOL #5                ,TX,78704-4785,Proprietary  ,7,16,23,124,320,444
01229700,LAREDO BEAUTY COLLEGE                   ,TX,78040-1051,Proprietary  ,4,31,35,91,339,430
01248200,ATI TECHNICAL TRAINING CENTER           ,TX,75235-4622,Proprietary  ,184,664,848,1246,4898,6144
01248209,ATI CAREER TRAINING CENTER - GARLAND    ,TX,75041-2497,Proprietary  ,1,1,2,17,93,110
01248210,ATI CAREER TRAINING CENTER - WACO       ,TX,76711-1682,Proprietary  ,0,2,2,20,86,106
01248300,COSMETOLOGY CAREER CENTER-A PAUL MITCHEL,TX,75006-2567,Proprietary  ,19,47,66,292,522,814
01248800,INTERNATIONAL BEAUTY COLLEGE NO 3       ,TX,75040-0000,Proprietary  ,6,3,9,27,92,119
01276400,METROPLEX BEAUTY SCHOOL                 ,TX,75149-0000,Proprietary  ,4,16,20,41,166,207
01293000,CHARLES & SUE'S SCH OF HAIR DESIGN      ,TX,77801-0000,Proprietary  ,1,7,8,52,87,139
01293200,TINT SCHOOL OF MAKEUP & COSMETOLOGY     ,TX,75061-4235,Proprietary  ,1,11,12,21,103,124
01300300,NEILSON BEAUTY COLLEGE                  ,TX,75208-4637,Proprietary  ,1,2,3,27,118,145
01301600,OGLE SCHOOL HAIR SKIN NAILS             ,TX,76013-7400,Proprietary  ,14,25,39,190,360,550
01323100,UNIVERSITY OF HOUSTON-VICTORIA          ,TX,77901-5731,Public       ,7,90,97,472,2992,3464
02058600,CONLEE'S COLLEGE OF COSMETOLOGY         ,TX,78028-0000,Proprietary  ,0,1,1,14,54,68
02069302,VATTEROTT COLLEGE - VATTEROTT EDUCATION ,TX,75220-5441,Proprietary  ,12,25,37,133,565,698
02074100,CAPITOL CITY TRADE & TECHNICAL SCH      ,TX,78704-0000,Proprietary  ,43,81,124,444,883,1327
02077400,NORTH LAKE COLLEGE                      ,TX,75038-0000,Public       ,41,194,235,2346,4461,6807
02078100,STEPHENVILLE BEAUTY COLLEGE             ,TX,76401-0000,Proprietary  ,1,0,1,18,35,53
02081400,ARLINGTON BAPTIST COLLEGE               ,TX,76012-0000,Private      ,1,7,8,97,186,283
02093600,SOUTHWEST SCHOOL OF ELECTRONIC          ,TX,78735-0000,Proprietary  ,5,4,9,37,61,98
02098300,WESTERN TECHNICAL COLLEGE               ,TX,79927-2105,Proprietary  ,67,147,214,1152,1648,2800
02100200,BROOKHAVEN COLLEGE                      ,TX,75244-0000,Public       ,43,202,245,2239,5408,7647
02113610,AMERICAN INTERCONTINENTAL UNIV - HOUSTON,TX,77042-4516,Proprietary  ,1,19,20,189,889,1078
02116008,SANFORD-BROWN COLLEGE - HOUSTON         ,TX,77036-8507,Proprietary  ,11,43,54,525,1909,2434
02116012,SANFORD-BROWN INSTITUTE - HOUSTON NORTH ,TX,77008-1058,Proprietary  ,6,33,39,173,796,969
02117100,ART INSTITUTE OF HOUSTON                ,TX,77056-0000,Proprietary  ,58,104,162,3209,3179,6388
02119200,COURT REPORTING INSTITUTE OF DALLAS     ,TX,75247-6913,Proprietary  ,0,8,8,105,889,994
02119202,COURT REPORTING INSTIUTE OF DALLAS - COU,TX,77040-6315,Proprietary  ,0,6,6,71,589,660
02128302,INSTITUTE FOR BUSINESS & TECHNOLOGY - LA,TX,78230-2520,Proprietary  ,20,64,84,141,557,698
02136800,AMERICAN COMMERCIAL COLLEGE             ,TX,76904-0000,Proprietary  ,8,24,32,60,305,365
02144800,VET TECH INSTITUTE OF HOUSTON           ,TX,77027-9881,Proprietary  ,2,7,9,210,251,461
02176100,PIPO ACADEMY OF HAIR DESIGN             ,TX,79903-0000,Proprietary  ,0,4,4,26,84,110
02200800,AMERICAN COMMERCIAL COLLEGE             ,TX,79411-0000,Proprietary  ,4,49,53,49,432,481
02218300,SOUTHWEST SCHOOL OF BUSINESS & TECHNICAL,TX,78221-0000,Proprietary  ,24,114,138,227,958,1185
02218305,SOUTHWEST SCHOOL OF BUSINESS AND TECHNIC,TX,78501-6053,Proprietary  ,7,32,39,82,284,366
02218306,SOUTHWEST SCHOOL OF BUSINESS AND TECHNIC,TX,78413-2045,Proprietary  ,4,29,33,44,275,319
02224600,TRI-STATE BEAUTY SCHOOL #1              ,TX,79915-0000,Proprietary  ,7,33,40,137,450,587
02230500,OGLE SCHOOL HAIR SKIN NAILS             ,TX,76132-3638,Proprietary  ,29,80,109,344,781,1125
02230600,OGLE SCHOOL HAIR SKIN NAILS             ,TX,76053-4650,Proprietary  ,8,17,25,120,216,336
02239100,CENTRAL TEXAS BEAUTY COLLEGE #2         ,TX,78664-4204,Proprietary  ,2,22,24,45,282,327
02248200,MILAN INSTITUTE OF COSMETOLOGY          ,TX,79103-0000,Proprietary  ,84,204,288,837,2181,3018
02254800,TEXAS VOCATIONAL SCHOOLS                ,TX,77901-0000,Proprietary  ,6,22,28,67,184,251
02259400,AMBERTON UNIVERSITY                     ,TX,75041-0000,Private      ,0,10,10,19,315,334
02261300,EVEREST INSTITUTE                       ,TX,78213-3841,Proprietary  ,27,176,203,338,2079,2417
02261302,EVEREST INSTITUTE - HOUSTON GREENSPOINT ,TX,77060-3249,Proprietary  ,55,280,335,394,2030,2424
02261303,EVEREST INSTITUTE - HOUSTON HOBBY       ,TX,77087-2737,Proprietary  ,29,213,242,333,1683,2016
02267100,EXPOSITO SCHOOL OF HAIR DESIGN          ,TX,79109-0000,Proprietary  ,1,9,10,37,112,149
02276000,FRANKLIN BEAUTY SCHOOL #2               ,TX,77021-0000,Proprietary  ,6,15,21,47,204,251
02285900,UNIVERSITY OF COSMETOLOGY ARTS&SCI      ,TX,78504-0000,Proprietary  ,15,72,87,233,842,1075
02294800,CAPITOL CITY CAREERS                    ,TX,78745-0000,Proprietary  ,1,21,22,42,216,258
02298501,EVEREST COLLEGE- FORT WORTH             ,TX,76137-2472,Proprietary  ,35,170,205,305,1461,1766
02305300,PARKER COLLEGE OF CHIROPRACTIC          ,TX,75229-0000,Private      ,0,9,9,69,1272,1341
02306700,FORT WORTH BEAUTY SCHOOL                ,TX,76116-3299,Proprietary  ,7,64,71,56,296,352
02312200,TEXAS SCHOOL OF BUSINESS                ,TX,77073-6032,Proprietary  ,34,86,120,358,1064,1422
02312201,TEXAS SCHOOL OF BUSINESS - SOUTHWEST CAM,TX,77057-0000,Proprietary  ,11,67,78,199,855,1054
02312202,TEXAS SCHOOL OF BUSINESS - FRIENDSWOOD C,TX,77546-8938,Proprietary  ,13,82,95,135,810,945
02312203,TEXAS SCHOOL OF BUSINESS - EAST CAMPUS  ,TX,77029-1916,Proprietary  ,13,54,67,212,758,970
02313901,WESTWOOD COLLEGE - DALLAS               ,TX,75243-0000,Proprietary  ,8,31,39,598,1368,1966
02315400,NORTHEAST TEXAS COMMUNITY COLLEGE       ,TX,75456-0000,Public       ,33,78,111,1331,2144,3475
02318200,"KD STUDIO, ACTOR'S CONSERVATORY         ",TX,75207-2111,Proprietary  ,2,2,4,156,205,361
02320200,HOUSTON GRADUATE SCHOOL OF THEOLOGY     ,TX,77004-0000,Private      ,0,4,4,5,171,176
02326000,SAN ANTONIO BEAUTY COLLEGE NO 3         ,TX,78217-0000,Proprietary  ,6,12,18,45,137,182
02328600,ITT TECHNICAL INSTITUTE                 ,TX,76011-0000,Proprietary  ,35,86,121,624,1721,2345
02331200,BAPTIST MISSIONARY ASSN THEOL SEM       ,TX,75766-0000,Private      ,0,3,3,7,37,44
02331300,INTERACTIVE LEARNING SYSTEMS            ,TX,77502-1201,Proprietary  ,7,77,84,35,304,339
02331301,INTERACTIVE LEARNING SYSTEMS            ,TX,77081-0000,Proprietary  ,16,98,114,107,645,752
02331303,INTERACTIVE LEARNING SYSTEMS            ,TX,77502-0000,Proprietary  ,0,0,0,20,146,166
02331304,INTERACTIVE LEARNING SYSTEMS            ,TX,77060-0000,Proprietary  ,11,75,86,54,598,652
02341300,PALO ALTO COLLEGE                       ,TX,78224-0000,Public       ,171,254,425,4643,6823,11466
02348500,LAMAR STATE COLLEGE-PORT ARTHUR         ,TX,77640-0000,Public       ,23,61,84,923,1616,2539
02357700,ACADEMY OF HAIR DESIGN                  ,TX,77090-0000,Proprietary  ,7,9,16,166,284,450
02358200,LAMAR STATE COLLEGE-ORANGE              ,TX,77630-0000,Public       ,18,95,113,728,2024,2752
02361400,COLLIN COUNTY COMMUNITY COLLEGE         ,TX,75071-0000,Public       ,120,410,530,5759,9270,15029
02362000,UNIVERSAL TECHNICAL INSTITUTE           ,TX,77073-0000,Proprietary  ,169,186,355,5526,3523,9049
02362800,AUSTIN GRADUATE SCHOOL OF THEOLOGY      ,TX,78752-1333,Private      ,0,0,0,10,70,80
02521200,ARLINGTON CAREER INSTITUTE              ,TX,75050-0000,Proprietary  ,2,8,10,79,539,618
02521800,SEGUIN BEAUTY SCHOOL                    ,TX,78155-0000,Proprietary  ,4,11,15,60,136,196
02521801,SEGUIN BEAUTY SCHOOL-NEW BRAUNFELS      ,TX,78130-7937,Proprietary  ,0,0,0,3,8,11
02527500,HOUSTON TRAINING SCHOOLS                ,TX,77020-0000,Proprietary  ,23,121,144,158,1098,1256
02530700,SEBRING CAREER SCHOOLS                  ,TX,77083-1510,Proprietary  ,3,22,25,27,155,182
02539600,ART INSTITUTE OF DALLAS                 ,TX,75231-5993,Proprietary  ,47,73,120,2349,2273,4622
02548800,SOUTH TEXAS VO-TECH INSTITUTE           ,TX,78596-0000,Proprietary  ,128,266,394,839,2043,2882
02548802,SOUTH TEXAS VOCATIONAL TECHNICAL INSTITU,TX,78520-8710,Proprietary  ,0,1,1,27,47,74
02549400,SOUTH TEXAS VO-TECH INSTITUTE           ,TX,78501-0000,Proprietary  ,73,205,278,1041,2662,3703
02549402,SOUTH TEXAS VOCATIONAL TECHNICAL INSTITU,TX,78416-1141,Proprietary  ,0,4,4,30,65,95
02555400,UNIV OF TX MD ANDERSON CANCER CTR       ,TX,77030-0000,Public       ,0,3,3,77,256,333
02567200,OFFICE CAREER CENTER                    ,TX,76180-0000,Proprietary  ,0,0,0,0,2,2
02568100,TEXAS BARBER COLLEGES & HAIRSTYLING     ,TX,75208-0000,Proprietary  ,63,169,232,493,1730,2223
02569300,TEXAS CULINARY ACADEMY                  ,TX,78758-3403,Proprietary  ,18,118,136,2074,6581,8655
02572000,COMPUTER CAREER CENTER                  ,TX,79925-2021,Proprietary  ,28,117,145,225,985,1210
02572004,COMPUTER CAREER CENTER - AMARILLO CAMPUS,TX,79101-2404,Proprietary  ,10,42,52,63,369,432
02572005,COMPUTER CAREER CENTER - LUBBOCK CAMPUS ,TX,79414-3517,Proprietary  ,5,40,45,43,318,361
02572100,"CAREER ACADEMY, INC.                    ",TX,75501-0000,Proprietary  ,0,0,0,0,2,2
02580100,IVERSON BUSINESS SCH & COURT REPORT     ,TX,76011-1344,Proprietary  ,8,63,71,136,620,756
02591100,CAREER POINT INSTITUTE                  ,TX,78201-2027,Proprietary  ,75,440,515,574,3531,4105
02591900,CAREER CENTERS OF TEXAS - EL PASO       ,TX,79907-1525,Proprietary  ,53,232,285,660,2110,2770
02591905,CAREER CENTERS OF TEXAS-BROWNSVILLE     ,TX,78521-9905,Proprietary  ,28,110,138,347,957,1304
02596400,REDSTONE COLLEGE - LOS ANGELES          ,TX,77061-0000,Proprietary  ,21,29,50,265,421,686
02596500,ATI CAREER TRAINING CENTER              ,TX,76180-1599,Proprietary  ,201,677,878,1456,5076,6532
02596503,ATI- CAREER TRAINING CENTER - HOUSTON (#,TX,77029-1978,Proprietary  ,0,7,7,5,19,24
02596600,ATI-CAREER TRAINING CENTER              ,TX,75220-4443,Proprietary  ,136,423,559,1117,3896,5013
02596601,ATI CAREER TRAINING CENTER - RICHARDSON ,TX,75081-6745,Proprietary  ,0,6,6,25,131,156
02596602,ATI CAREER TRAINING CENTER - DALLAS (STE,TX,75247-6103,Proprietary  ,0,11,11,81,339,420
02600200,OCEAN CORPORATION (THE)                 ,TX,77099-3479,Proprietary  ,1,25,26,158,887,1045
02604700,CENTER FOR ADVANCED LEGAL STUDIES       ,TX,77098-4151,Proprietary  ,1,15,16,23,376,399
02606202,EVEREST COLLEGE - EVEREST INSTITUTE - BI,TX,77036-8014,Proprietary  ,39,182,221,447,1765,2212
02615000,SANFORD-BROWN COLLEGE                   ,TX,75247-6931,Proprietary  ,29,134,163,844,3250,4094
03009400,SW SCH BUS & TECH CAREERS               ,TX,78212-2840,Proprietary  ,6,17,23,32,115,147
03010604,VIRGINIA COLLEGE - VIRGINIA COLLEGE AT A,TX,78723-0000,Proprietary  ,22,146,168,315,1586,1901
03011800,UNIVERSITY OF COSMETOLOGY ARTS & SCIENCE,TX,78226-1160,Proprietary  ,2,15,17,33,136,169
03019800,PCI HEALTH TRAINING CENTER              ,TX,75247-4720,Proprietary  ,40,97,137,530,1270,1800
03021500,SW SCH BUS & TECH CAREERS               ,TX,78852-4859,Proprietary  ,6,13,19,75,166,241
03025000,TEXAS COLLEGE OF COSMETOLOGY            ,TX,79605-2001,Proprietary  ,5,13,18,84,269,353
03026500,REMINGTON COLLEGE - HOUSTON CAMPUS      ,TX,77082-1849,Proprietary  ,42,204,246,863,2556,3419
03026501,REMINGTON COLLEGE - NORTH HOUSTON CAMPUS,TX,77067-1849,Proprietary  ,2,7,9,91,301,392
03028800,CIRCLE J BEAUTY SCHOOL                  ,TX,77587-3714,Proprietary  ,9,24,33,72,219,291
03031408,INTERNATIONAL ACADEMY OF DESIGN AND TECH,TX,78229-2263,Proprietary  ,16,28,44,375,646,1021
03032300,SCHOOL OF AUTOMOTIVE MACHINISTS         ,TX,77055-1803,Proprietary  ,4,5,9,101,152,253
03035200,TINT SCHOOL OF MAKEUP & COSMETOLOGY     ,TX,75229-3734,Proprietary  ,6,22,28,56,223,279
03035300,SOUTHERN CAREERS INSTITUTE              ,TX,78704-5252,Proprietary  ,57,348,405,672,2866,3538
03035301,SOUTHERN CAREERS INSTITUTE              ,TX,78577-0000,Proprietary  ,27,159,186,324,1180,1504
03035302,SOUTHERN CAREERS INSTITUTE - CORPUS CHRI,TX,78414-2904,Proprietary  ,10,63,73,161,658,819
03035303,SOUTHERN CAREERS INSTITUTE - #1         ,TX,78221-4351,Proprietary  ,20,143,163,297,1385,1682
03035305,SOUTHERN CAREERS INSTITUTE - BROWNSVILLE,TX,78520-8680,Proprietary  ,0,1,1,2,18,20
03035306,SOUTHERN CAREERS INSTITUTE - HARLINGEN  ,TX,78550-7911,Proprietary  ,0,0,0,13,36,49
03035307,SOUTHERN CAREERS INSTITUTE - CORPUS CHRI,TX,78410-1609,Proprietary  ,1,0,1,14,27,41
03061800,STAR COLLEGE OF COSMETOLOGY             ,TX,75702-8214,Proprietary  ,3,8,11,64,187,251
03064600,UNIVERSITY OF TEXAS AT BROWNSVILLE      ,TX,78520-4993,Public       ,83,182,265,7721,8615,16336
03071400,ITT TECHNICAL INSTITUTE                 ,TX,78249-3303,Proprietary  ,2,51,53,389,1078,1467
03075400,ICC TECHNICAL INSTITUTE                 ,TX,77004-2930,Private      ,0,14,14,34,146,180
03076403,HIGH-TECH INSTITUTE - DALLAS            ,TX,75038-4201,Proprietary  ,1,12,13,46,151,197
03079201,WESTWOOD COLLEGE OF TECHNOLOGY          ,TX,76180-0000,Proprietary  ,5,7,12,270,717,987
03083701,GALEN HEALTH INSTITUTES - TEXAS CAMPUS  ,TX,78229-6041,Proprietary  ,0,0,0,2,27,29
03103400,SOUTH TEXAS COLLEGE                     ,TX,78501-6699,Public       ,373,606,979,12437,14670,27107
03104700,TEXAS COLLEGE OF COSMETOLOGY            ,TX,76903-4708,Proprietary  ,2,12,14,50,230,280
03108700,ROYAL BEAUTY CAREERS                    ,TX,77069-4611,Proprietary  ,20,66,86,153,512,665
03111000,MID-CITIES BARBER COLLEGE               ,TX,75051-4810,Proprietary  ,8,21,29,75,181,256
03115800,KAPLAN COLLEGE                          ,TX,78238-4203,Proprietary  ,32,157,189,269,1692,1961
03115802,KAPLAN COLLEGE - LAREDO                 ,TX,78041-6181,Proprietary  ,17,50,67,210,616,826
03115803,KAPLAN COLLEGE-BEAUMONT                 ,TX,77701-3706,Proprietary  ,44,119,163,298,994,1292
03115804,KAPLAN COLLEGE - LUBBOCK                ,TX,79401-2601,Proprietary  ,26,86,112,249,976,1225
03128100,ACADEMY OF HEALTH CARE PROFESSIONS      ,TX,77092-8108,Proprietary  ,30,123,153,469,1431,1900
03144300,NATIONAL BEAUTY COLLEGE                 ,TX,75043-4046,Proprietary  ,1,8,9,17,69,86
03153300,AMER COLL OF ACUPUNCTURE & O.M.         ,TX,77063-4104,Proprietary  ,0,8,8,3,116,119
03156400,ACADEMY OF ORIENTAL MEDICINE AT AUSTIN  ,TX,78757-1132,Proprietary  ,1,2,3,6,247,253
03159300,ARLINGTON MEDICAL INSTITUTE             ,TX,76011-2645,Proprietary  ,4,17,21,62,285,347
03170300,TEXAS A&M UNIVERSITY-TEXARKANA          ,TX,75501-0000,Public       ,8,62,70,412,1474,1886
03179500,TEXAS COLG TRADITIONAL CHINESE MED      ,TX,78704-6748,Proprietary  ,0,3,3,2,137,139
03189400,COLLEGE OF SAINT THOMAS MORE            ,TX,76109-2323,Private      ,0,4,4,28,24,52
03237400,FARIS COMPUTER SCHOOL                   ,TX,77627-3829,Proprietary  ,0,5,5,2,41,43
03272300,KAPLAN COLLEGE                          ,TX,75234-7288,Proprietary  ,23,86,109,195,870,1065
03272301,KAPLAN COLLEGE - MIDLAND                ,TX,79703-5531,Proprietary  ,19,102,121,183,970,1153
03272303,KAPLAN COLLEGE - ARLINGTON              ,TX,76010-8121,Proprietary  ,18,116,134,23,128,151
03275300,TOUCH OF CLASS SCHOOL OF COSM           ,TX,75402-6314,Proprietary  ,2,6,8,43,145,188
03276300,ACADEMY OF HAIR DESIGN                  ,TX,75901-4900,Proprietary  ,2,26,28,58,214,272
03277300,ACADEMY OF HAIR DESIGN                  ,TX,77701-4650,Proprietary  ,2,21,23,44,146,190
03303300,NORTHWEST EDUCATIONAL CENTER            ,TX,77092-7055,Proprietary  ,8,84,92,71,546,617
03371300,TONI&GUY HAIRDRESSING ACADEMY           ,TX,75006-2351,Proprietary  ,4,3,7,145,166,311
03372300,NORTHWEST VISTA COLLEGE                 ,TX,78251-4217,Public       ,135,254,389,7281,8288,15569
03396500,TEXAS STATE TECHNICAL COLG/MARSHALL     ,TX,75672-7402,Public       ,10,37,47,450,718,1168
03400300,CAREER QUEST                            ,TX,78229-3539,Proprietary  ,6,62,68,79,938,1017
03412300,ADVANCED BARBER COLLEGE & HAIR DESI     ,TX,78596-0000,Proprietary  ,9,24,33,67,203,270
03416500,DALLAS NURSING INSTITUTE                ,TX,75243-5502,Proprietary  ,4,86,90,185,1758,1943
03422300,MILAN INSTITUTE                         ,TX,78238-3327,Proprietary  ,51,107,158,602,1328,1930
03422400,COLLEGE OF BIBLICAL STUDIES-HOUSTON     ,TX,77036-3211,Private      ,0,8,8,59,600,659
03424400,MEDVANCE INSTITUTE                      ,TX,77057-7386,Proprietary  ,28,182,210,345,1535,1880
03424401,MEDVANCE INSTITUTE -                    ,TX,77060-3551,Proprietary  ,0,6,6,29,162,191
03426300,CAREER ADVANCEMENT CENTER               ,TX,78752-1470,Proprietary  ,4,28,32,75,360,435
03480304,MEDVANCE INSTITUTE OF BATON ROUGE - GRAN,TX,75050-2342,Proprietary  ,19,47,66,182,660,842
03509400,CORYELL COSMETOLOGY COLLEGE             ,TX,76528-2036,Proprietary  ,1,3,4,9,31,40
03520300,LUBBOCK HAIR ACADEMY                    ,TX,79410-3524,Proprietary  ,1,7,8,24,126,150
03542300,CONCORDE CAREER INSTITUTE               ,TX,76011-4016,Proprietary  ,23,85,108,349,1723,2072
03551400,STATE BEAUTY ACADEMY                    ,TX,75116-3501,Proprietary  ,2,2,4,12,66,78
03556400,KUSSAD INSTITUTE OF COURT REPORTING     ,TX,78704-5712,Proprietary  ,0,1,1,3,33,36
03563300,ACADEMY OF COSEMTOLOGY                  ,TX,78745-2858,Proprietary  ,0,0,0,9,10,19
03573300,AVIATION INSTITUTE OF MAINTENANCE       ,TX,75209-3017,Proprietary  ,9,71,80,197,984,1181
03610300,MJ'S BEAUTY ACADEMY INC                 ,TX,75224-4409,Proprietary  ,0,5,5,27,71,98
03612400,VALLEY GRANDE INSTITUTE FOR ACADEMI     ,TX,78596-0000,Private      ,19,54,73,180,726,906
03627300,LAMAR INSTITUTE OF TECHNOLOGY           ,TX,77705-4142,Public       ,10,63,73,1606,2565,4171
03676400,HEALTHY HAIR ACADEMY                    ,TX,75227-0000,Proprietary  ,6,58,64,98,376,474
03680300,JAY'S TECHNICAL INSTITUTE               ,TX,77031-3509,Proprietary  ,6,17,23,57,272,329
03682400,DALLAS BARBER & STYLIST COLLEGE         ,TX,75231-0000,Proprietary  ,3,34,37,85,369,454
03714300,TREND BARBER COLLEGE                    ,TX,77071-2104,Proprietary  ,15,27,42,129,521,650
03723300,CULINARY INST ALAIN & MARIE LENOTRE     ,TX,77022-4322,Proprietary  ,6,22,28,158,355,513
03727600,CULINARY ACADEMY OF AUSTIN              ,TX,78752-0000,Proprietary  ,0,3,3,107,161,268
03733300,BAPTIST UNIVERSITY OF THE AMERICAS      ,TX,78224-1336,Private      ,1,0,1,56,205,261
03756300,ANAMARC COLLEGE                         ,TX,79930-6230,Proprietary  ,13,93,106,132,1050,1182
03885400,COMPUTER LABS                           ,TX,79906-5924,Proprietary  ,0,0,0,2,1,3
03885700,HOUSTON'S TRAINING AND EDUCATION CENTER ,TX,77036-2021,Proprietary  ,0,28,28,19,215,234
03922300,SOUTH TEXAS BARBER COLLEGE              ,TX,78415-3463,Proprietary  ,0,5,5,26,68,94
03944400,PROFESSIONAL CAREERS INSTITUTE          ,TX,77036-2252,Proprietary  ,7,44,51,54,295,349
03970300,HANDS ON THERAPY                        ,TX,75149-2294,Proprietary  ,3,15,18,36,191,227
03987300,TEXAS HEALTH SCHOOL                     ,TX,77079-2106,Proprietary  ,10,25,35,74,285,359
04036300,SOUTHEAST TEXAS CAREER INSTITUTE        ,TX,77656-8601,Proprietary  ,1,4,5,35,119,154
04045300,NORTHWEST BEAUTY SCHOOL                 ,TX,77091-1208,Proprietary  ,0,5,5,22,113,135
04045400,MAI-TRIX BEAUTY COLLEGE                 ,TX,77040-0000,Proprietary  ,1,12,13,26,113,139
04082300,PROFESSIONAL CAREER TRAINING INSTITUTE  ,TX,77090-0000,Proprietary  ,1,20,21,7,132,139
04089400,CCI TRAINING CENTER                     ,TX,76011-4857,Proprietary  ,2,25,27,39,451,490
04117900,CHAMPION BEAUTY COLLEGE                 ,TX,77069-4611,Proprietary  ,0,4,4,33,155,188
04125400,ACADEMY AT AUSTIN (THE)                 ,TX,78660-3287,Proprietary  ,6,11,17,116,249,365
04125500,MANUEL AND THERESA'S SCHOOL OF HAIR DESI,TX,77803-3236,Proprietary  ,1,9,10,18,44,62
04129800,MEDIATECH INSTITUTE DALLAS              ,TX,75039-3105,Proprietary  ,4,9,13,184,280,464
04129801,MEDIATECH INSTITUTE AUSTIN              ,TX,78704-8933,Proprietary  ,1,2,3,118,128,246
04129802,MEDIATECH INSTITUTE HOUSTON             ,TX,77042-4712,Proprietary  ,9,8,17,123,194,317
04131700,SOUTHWEST CAREER COLLEGE                ,TX,79925-6230,Proprietary  ,36,93,129,305,1083,1388
04135600,CANNON INSTITUTE OF HIGHER LEARNING     ,TX,75247-9998,Proprietary  ,0,2,2,0,3,3
04136500,PCCENTER                                ,TX,75115-4214,Proprietary  ,0,13,13,7,96,103
04138500,CARDIOTECH ULTRASOUND SCHOOL            ,TX,77099-1440,Proprietary  ,2,15,17,3,29,32
04142300,AVEDA INSTITUTE SAN ANTONIO             ,TX,78215-1260,Proprietary  ,7,9,16,144,325,469
04146600,360 DEGREES BEAUTY ACADEMY              ,TX,77084-2714,Proprietary  ,2,3,5,28,87,115
04146800,SOUTH TEXAS TRAINING CENTER             ,TX,78586-7721,Proprietary  ,1,9,10,11,73,84
04152700,ASTRODOME CAREER CENTERS                ,TX,77054-2678,Proprietary  ,6,5,11,7,19,26
04154800,DUVALL'S SCHOOL OF COSMETOLOGY          ,TX,76021-4159,Proprietary  ,5,6,11,39,43,82
04155800,ADVANCED BEAUTY COLLEGE                 ,TX,75061-1918,Proprietary  ,0,11,11,0,18,18
04158500,TEXAS BEAUTY COLLEGE                    ,TX,76117-3201,Proprietary  ,1,11,12,2,33,35
04160700,AVENUE FIVE INSTITUTE                   ,TX,78757-7000,Proprietary  ,10,9,19,32,78,110
04161100,CORPUS CHRISTI BEAUTY ACADEMY           ,TX,78412-3900,Proprietary  ,0,3,3,2,8,10
04165800,SALON PROFESSIONAL ACADEMY (THE)        ,TX,75067-5390,Proprietary  ,2,11,13,21,39,60
04168700,LAWYER'S ASSISTANT SCHOOL OF DALLAS     ,TX,75201-2829,Proprietary  ,0,1,1,0,1,1
00367000,BRIGHAM YOUNG UNIVERSITY                ,UT,84602-8406,Private      ,238,409,647,12127,13920,26047
00367100,DIXIE STATE COLLEGE OF UTAH             ,UT,84770-3876,Public       ,43,162,205,3024,4418,7442
00367200,LDS BUSINESS COLLEGE                    ,UT,84101-3500,Private      ,22,26,48,714,753,1467
00367400,STEVENS HENAGER COLLEGE                 ,UT,84401-1420,Proprietary  ,115,1039,1154,1413,9897,11310
00367500,UNIVERSITY OF UTAH                      ,UT,84112-9055,Public       ,69,297,366,9610,16276,25886
00367600,COLLEGE OF EASTERN UTAH                 ,UT,84501-2699,Public       ,15,39,54,915,1107,2022
00367700,UTAH STATE UNIVERSITY                   ,UT,84322-1400,Public       ,72,299,371,7766,10502,18268
00367800,SOUTHERN UTAH UNIVERSITY                ,UT,84720-2470,Public       ,36,108,144,4092,3465,7557
00367900,SNOW COLLEGE                            ,UT,84627-1299,Public       ,29,28,57,2115,1032,3147
00368000,WEBER STATE UNIVERSITY                  ,UT,84408-1136,Public       ,96,328,424,5572,12023,17595
00368100,WESTMINSTER COLLEGE                     ,UT,84105-3697,Private      ,8,53,61,1949,1858,3807
00402700,UTAH VALLEY UNIVERSITY                  ,UT,84058-5999,Public       ,196,545,741,8448,16667,25115
00522000,SALT LAKE COMMUNITY COLLEGE             ,UT,84123-0000,Public       ,282,903,1185,7793,18073,25866
00943300,SHERMAN KENDALL'S ACADEMY OF BEAUTY     ,UT,84106-1836,Proprietary  ,3,1,4,41,85,126
01009800,NEUMONT UNIVERSITY                      ,UT,84095-0000,Proprietary  ,0,1,1,358,118,476
01116500,UINTAH BASIN APPLIED TECHNOLOGY CLG     ,UT,84066-0000,Public       ,0,10,10,13,144,157
01116600,UTAH CAREER COLLEGE                     ,UT,84088-4021,Proprietary  ,9,36,45,562,2031,2593
02078800,SHERMAN KENDALL'S ACADEMY OF BEAUTY     ,UT,84047-0000,Proprietary  ,0,1,1,32,54,86
02115400,BRIDGERLAND APPLIED TECHNOLOGY COLLEGE  ,UT,84321-0000,Public       ,5,21,26,246,891,1137
02156600,DAVIS APPLIED TECHNOLOGY COLLEGE        ,UT,84037-0000,Public       ,14,47,61,324,1789,2113
02178500,EAGLE GATE COLLEGE                      ,UT,84123-0000,Proprietary  ,25,83,108,367,1747,2114
02178501,EAGLE GATE COLLEGE - LAYTON CAMPUS      ,UT,84041-2383,Proprietary  ,0,0,0,4,19,23
02178502,EAGLE GATE COLLEGE - SLC DOWNTOWN LEARNI,UT,84111-3407,Proprietary  ,0,0,0,4,10,14
02270800,AMERITECH COLLEGE                       ,UT,84604-6927,Proprietary  ,5,27,32,65,364,429
02270802,AMERITECH COLLEGE - DRAPER              ,UT,84020-6545,Proprietary  ,0,8,8,22,184,206
02298500,EVEREST COLLEGE                         ,UT,84119-2668,Proprietary  ,6,58,64,180,1093,1273
02346500,OGDEN-WEBER APPLIED TECHNOLOGY COLG     ,UT,84404-0000,Public       ,15,62,77,314,1796,2110
02360800,PROVO COLLEGE                           ,UT,84601-0000,Proprietary  ,11,43,54,328,1039,1367
02360802,PROVO COLLEGE - AMERICAN FORK CAMPUS    ,UT,84003-3395,Proprietary  ,0,0,0,1,5,6
02361000,ITT TECHNICAL INSTITUTE                 ,UT,84123-0000,Proprietary  ,21,83,104,375,1498,1873
02504000,MARINELLO SCHOOL OF BEAUTY              ,UT,84041-0000,Proprietary  ,7,14,21,86,201,287
02504001,MARINELLO SCHOOL OF BEAUTY - MAIN STREET,UT,84041-3002,Proprietary  ,1,1,2,1,1,2
02516100,MARINELLO SCHOOL OF BEAUTY              ,UT,84405-1501,Proprietary  ,5,19,24,59,179,238
02531800,VON CURTIS ACADEMY OF HAIR DESIGN       ,UT,84606-0000,Proprietary  ,45,71,116,1031,1110,2141
02556800,HAIRITAGE COLLEGE OF BEAUTY             ,UT,84117-7204,Proprietary  ,16,14,30,202,305,507
02557700,PREMIER HAIR ACADEMY                    ,UT,84120-3603,Proprietary  ,0,1,1,10,59,69
02572700,EVANS HAIRSTYLING COLLEGE               ,UT,84770-0000,Proprietary  ,2,1,3,23,52,75
02572800,VISTA COLLEGE                           ,UT,84015-0000,Proprietary  ,3,7,10,51,225,276
02572801,CERTIFIED CAREERS INSTITUTE             ,UT,84015-0000,Proprietary  ,0,0,0,1,3,4
02572802,VISTA COLLEGE - SALT LAKE CITY          ,UT,84119-1458,Proprietary  ,0,0,0,3,29,32
02573100,EVANS HAIRSTYLING COLLEGE               ,UT,84720-0000,Proprietary  ,4,4,8,27,50,77
02612200,MARINELLO SCHOOL OF BEAUTY              ,UT,84604-1585,Proprietary  ,7,8,15,83,111,194
03030600,UTAH COLLEGE OF MASSAGE THERAPY         ,UT,84111-1606,Proprietary  ,22,61,83,446,777,1223
03030601,UTAH CLG OF MASSAGE THER-PROVO CMPS     ,UT,84042-0000,Proprietary  ,11,10,21,105,225,330
03082100,MYOTHERAPY COLLEGE OF UTAH              ,UT,84115-2522,Proprietary  ,0,2,2,34,101,135
03108200,ECHELON EDGE ACADEMY OF HAIR SKIN & NAIL,UT,84070-2004,Proprietary  ,7,8,15,49,86,135
03110400,HAIRITAGE HAIR ACADEMY                  ,UT,84770-5233,Proprietary  ,2,1,3,28,62,90
03339400,WESTERN GOVERNORS UNIVERSITY            ,UT,84107-2533,Private      ,26,872,898,618,23317,23935
03413300,MOUNTAINLAND APPLIED TECHNOLOGY COLLEGE ,UT,84058-5857,Public       ,10,10,20,120,378,498
03463300,CAREERS UNLIMITED                       ,UT,84058-0000,Proprietary  ,4,1,5,63,118,181
03617300,HEALING MOUNTAIN MASSAGE SCHOOL         ,UT,84111-3232,Proprietary  ,0,2,2,21,84,105
03829500,SKINWORKS SCHOOL OF ADVANCED SKINCARE   ,UT,84115-0000,Proprietary  ,0,5,5,19,88,107
03838300,OGDEN INSTITUTE OF MASSAGE THERAPY      ,UT,84403-0000,Proprietary  ,0,0,0,17,58,75
03902300,RENAISSANCE SCHOOL OF THERAPEUTIC MASSAG,UT,84010-2835,Proprietary  ,0,3,3,10,29,39
03909300,MAXIMUM STYLE TEC SCHOOL OF COSMETOLOGY ,UT,84323-4679,Proprietary  ,2,7,9,39,74,113
03921300,CAMEO COLLEGE OF ESSENTIAL BEAUTY       ,UT,84115-0000,Proprietary  ,2,12,14,86,335,421
04054300,SOUTHWEST APPLIED TECHNOLOGY COLLEGE    ,UT,84720-6608,Public       ,0,4,4,39,199,238
04072300,DALLAS ROBERTS ACADEMY OF HAIR DESIGN & ,UT,84604-1008,Proprietary  ,3,2,5,42,69,111
04118100,IMAGEWORKS ACADEMY OF HAIR DESIGN       ,UT,84660-1210,Proprietary  ,2,7,9,17,54,71
04121700,DIXIE APPLIED TECHNOLOGY COLLEGE        ,UT,84770-3025,Public       ,3,10,13,210,364,574
04142100,SKIN INSTITUTE (THE)                    ,UT,84770-6452,Proprietary  ,0,3,3,18,40,58
04145500,SKIN SCIENCE INSTITUTE (THE)            ,UT,84115-0000,Proprietary  ,2,6,8,46,126,172
04153000,RENAISSANCE ACADEMIE                    ,UT,84604-0000,Proprietary  ,2,2,4,11,17,28
04169900,AMERICAN BEAUTY ACADEMY                 ,UT,84651-0000,Proprietary  ,3,5,8,3,5,8
00368200,BENNINGTON COLLEGE                      ,VT,05201-6001,Private      ,0,1,1,1060,314,1374
00368300,CASTLETON STATE COLLEGE                 ,VT,05735-0000,Public       ,5,3,8,2940,479,3419
00368400,CHAMPLAIN COLLEGE                       ,VT,05401-3950,Private      ,2,22,24,3396,1100,4496
00368402,WOODBURY COLLEGE                        ,VT,05602-0000,Private      ,0,1,1,1,45,46
00368500,COLLEGE OF ST JOSEPH                    ,VT,05701-3899,Private      ,0,3,3,167,306,473
00368600,GODDARD COLLEGE                         ,VT,05667-0000,Private      ,0,10,10,90,1055,1145
00368700,GREEN MOUNTAIN COLLEGE                  ,VT,05764-1199,Private      ,0,1,1,1185,227,1412
00368800,JOHNSON STATE COLLEGE                   ,VT,05656-9898,Public       ,1,7,8,1540,1011,2551
00368900,LYNDON STATE COLLEGE                    ,VT,05851-0919,Public       ,0,3,3,1698,351,2049
00369000,MARLBORO COLLEGE                        ,VT,05344-0300,Private      ,1,4,5,511,118,629
00369100,MIDDLEBURY COLLEGE                      ,VT,05753-0000,Private      ,1,7,8,3693,482,4175
00369106,MIDDLEBURY COLLEGE - BREAD LOAF SCHOOL O,VT,05753-0000,Private      ,0,0,0,11,101,112
00369200,NORWICH UNIVERSITY                      ,VT,05663-1035,Private      ,7,32,39,2705,1974,4679
00369300,SOUTHERN VERMONT COLLEGE                ,VT,05201-6002,Private      ,1,0,1,579,178,757
00369400,ST MICHAELS COLLEGE                     ,VT,05439-0001,Private      ,2,11,13,3216,243,3459
00369600,UNIVERSITY OF VERMONT                   ,VT,05405-0160,Public       ,19,30,49,17967,3225,21192
00369700,VERMONT COLLEGE OF FINE ARTS            ,VT,05602-3128,Private      ,0,3,3,3,116,119
00369800,VERMONT TECHNICAL COLLEGE               ,VT,05061-0000,Public       ,3,5,8,1218,828,2046
00857500,SALON PROFESSIONAL ACADEMY (THE)        ,VT,05495-4001,Proprietary  ,0,0,0,62,75,137
00865800,O'BRIENS AVEDA INSTITUTE                ,VT,05403-7747,Proprietary  ,0,4,4,29,67,96
00886000,SIT                                     ,VT,05301-4801,Private      ,0,6,6,19,568,587
01116700,COMMUNITY COLLEGE OF VERMONT            ,VT,05676-1552,Public       ,7,57,64,1878,4548,6426
01193400,VERMONT LAW SCHOOL                      ,VT,05068-0000,Private      ,0,0,0,4,1049,1053
01218300,BURLINGTON COLLEGE                      ,VT,05401-8477,Private      ,0,2,2,176,149,325
02143500,STERLING COLLEGE                        ,VT,05827-0000,Private      ,0,0,0,165,28,193
02254000,NEW ENGLAND CULINARY INSTITUTE          ,VT,05602-0000,Proprietary  ,0,3,3,475,423,898
02532600,LANDMARK COLLEGE                        ,VT,05346-0000,Private      ,5,0,5,443,64,507
03708300,BURLINGTON TECHNICAL CENTER             ,VT,05401-2721,Public       ,0,0,0,17,11,28
04146900,ADVANCED WELDING INSTITUTE              ,VT,05403-0000,Proprietary  ,0,0,0,15,12,27
00392800,CASPER COLLEGE                          ,WY,82601-4612,Public       ,14,57,71,1338,1747,3085
00392900,EASTERN WYOMING COLLEGE                 ,WY,82240-1603,Public       ,3,11,14,441,391,832
00393000,SHERIDAN COLLEGE                        ,WY,82801-9133,Public       ,2,13,15,889,1236,2125
00393100,NORTHWEST COLLEGE                       ,WY,82435-1895,Public       ,6,18,24,951,740,1691
00393200,UNIVERSITY OF WYOMING                   ,WY,82071-3663,Public       ,21,82,103,6351,4699,11050
00393300,WESTERN WYOMING COMMUNITY COLLEGE       ,WY,82902-0000,Public       ,5,34,39,908,1300,2208
00728900,CENTRAL WYOMING COLLEGE                 ,WY,82501-0000,Public       ,5,44,49,547,1002,1549
00915700,WYOMING TECHNICAL INSTITUTE             ,WY,82072-9519,Proprietary  ,12,9,21,2664,1303,3967
00925900,LARAMIE COUNTY COMMUNITY CLG            ,WY,82007-3299,Public       ,20,58,78,1374,2170,3544
02211900,CHEEKS INTERNATIONAL ACDMY              ,WY,82001-0000,Proprietary  ,3,10,13,64,224,288
00393500,UNIV OF GUAM                            ,GU,96923-0000,Public       ,28,34,62,2070,1661,3731
01536100,GUAM COMMUNITY COLLEGE                  ,GU,96921-0000,Public       ,5,16,21,1052,1303,2355
03438300,PACIFIC ISLANDS UNIVERSITY              ,GU,96913-2619,Private      ,3,1,4,67,62,129
00393600,PONTIFICAL CATHOLIC UNIV OF PR          ,PR,00717-0777,Private      ,77,24,101,5397,5309,10706
00393700,UNIVERSITY OF THE SACRED HEART          ,PR,00914-0383,Private      ,14,30,44,3362,2501,5863
00393800,INTER-AMER UNIV PR-CNTRL ADMN           ,PR,00936-0000,Private      ,15,61,76,2920,6916,9836
00393801,INTER-AMER UNIV PR SCHL LAW             ,PR,00936-8351,Private      ,0,0,0,19,374,393
00393802,INTER AMERICAN UNIVERSITY OF PUERTO RICO,PR,00926-0000,Private      ,5,8,13,758,1290,2048
00393803,INTER AMERICAN UNIVERSITY OF PR         ,PR,00683-0000,Private      ,15,9,24,3694,2392,6086
00393804,INTER-AMER UNIV PR-RECINTO AGUADILA     ,PR,00605-2000,Private      ,14,23,37,2200,2953,5153
00393805,INTER-AMER UNIV PR-ARECIBO CAMPUS       ,PR,00614-4050,Private      ,9,25,34,2437,3311,5748
00393806,INTER-AMER UNIV PR-BARRANQUITAS REG     ,PR,00794-0517,Private      ,185,20,205,1619,1419,3038
00393807,INTER-AMER UNIV PR-FAJARDO REGIONAL     ,PR,00738-0000,Private      ,1,8,9,1342,1374,2716
00393808,INTER-AMER UNIV PR - GUAYAMA CAMPUS     ,PR,00785-4004,Private      ,79,22,101,1167,1719,2886
00393809,INTER-AMER UNIV PR-PONCE REGIONAL       ,PR,00715-0000,Private      ,9,21,30,3158,4190,7348
00393811,INTER-AMER UNIV PR-BAYAMON REG CLG      ,PR,00959-0000,Private      ,14,19,33,3634,2573,6207
00394100,COLEGIO UNIVERSITARIO DEL ESTE          ,PR,00983-0000,Private      ,31,161,192,6475,9246,15721
00394200,UNIVERSITY OF PR-CENTRAL ADMINISTRATION ,PR,00936-4984,Public       ,0,0,0,334,132,466
00394201,UNIVERSITY OF PR-RIO PIEDRAS CAMPUS     ,PR,00931-3300,Public       ,22,15,37,10002,3593,13595
00394202,UNIV OF PUERTO RICO-MAYAGUEZ CAMPUS     ,PR,00681-5000,Public       ,22,3,25,9783,2115,11898
00394203,"UNIVERSITY OF PR, MED. SCIENCES CAMPUS  ",PR,00936-5067,Public       ,0,11,11,399,1369,1768
00394204,"UNIVERSITY OF PUERTO RICO, CAYEY CAMPUS ",PR,00736-0000,Public       ,11,2,13,3284,649,3933
00394205,"UNIVERSITY OF PR, HUMACAO CAMPUS        ",PR,00791-4057,Public       ,5,0,5,3842,761,4603
00394206,UNIVERSITY OF PR-AGUADILLA CAMPUS       ,PR,00604-6150,Public       ,1,1,2,2641,634,3275
00394207,UNIVERSITY OF PUERTO RICO-ARECIBO CAMPUS,PR,00614-0000,Public       ,3,7,10,4035,696,4731
00394208,UNIVERSITY OF PUERTO RICO-BAYAMON CAMPUS,PR,00959-0000,Public       ,7,4,11,4367,747,5114
00394209,UNIVERSITY OF PUERTO RICO-CAROLINA      ,PR,00984-4800,Public       ,12,13,25,3663,735,4398
00394210,UNIVERSITY OF PUERTO RICO-PONCE         ,PR,00732-0000,Public       ,10,0,10,3427,524,3951
00394211,"UNIVERSITY OF PR, UTUADO CAMPUS         ",PR,00641-0000,Public       ,3,1,4,1444,277,1721
00501900,UNIV ADVENTISTA DE LAS ANTILLAS         ,PR,00681-0118,Private      ,9,13,22,667,451,1118
00502200,BAYAMON CENTRAL UNIVERSITY              ,PR,00960-0000,Private      ,88,19,107,1096,1311,2407
00890200,COLUMBIA CENTRO UNIVERSITARIO           ,PR,00726-0000,Proprietary  ,43,90,133,927,1647,2574
01056700,COLEGIO TECNOLOGICO DE SAN JUAN         ,PR,00918-2973,Public       ,1,0,1,783,1115,1898
01072400,CARLOS ALBIZU UNIVERSITY                ,PR,00902-3711,Private      ,1,4,5,89,766,855
01081900,CONSERVATORIO DE MUSICA DE PUERTO RICO  ,PR,00907-3373,Public       ,1,0,1,273,103,376
01120300,RYDER MEMORIAL HOSP SCH OF NURSING      ,PR,00792-0000,Private      ,0,0,0,6,9,15
01171900,UNIVERSIDAD DEL TURABO                  ,PR,00778-0000,Private      ,38,183,221,7315,11293,18608
01194000,ICPR JUNIOR COLLEGE                     ,PR,00919-0000,Proprietary  ,2,3,5,1104,1340,2444
01194002,INSTITUTO COMERCIAL DE PUERTO RICO JUNIO,PR,00681-1108,Proprietary  ,0,0,0,1,0,1
01194100,AMERICAN UNIVERSITY OF PUERTO RICO      ,PR,00960-2037,Private      ,35,15,50,1001,883,1884
01194101,AMERICAN UNIVERSITY OF PUERTO RICO      ,PR,00674-0000,Private      ,49,21,70,831,830,1661
01252500,CARIBBEAN UNIVERSITY                    ,PR,00960-0493,Private      ,62,79,141,2580,3920,6500
01314800,RAMIREZ COLLEGE OF BUS & TECH           ,PR,00918-0000,Proprietary  ,0,0,0,238,500,738
02063100,MBTI BUSINESS TRNG INSTITUTE            ,PR,00907-3917,Proprietary  ,9,15,24,421,973,1394
02100000,POLYTECHNIC UNIVERSITY OF PR            ,PR,00917-0000,Private      ,8,12,20,2930,2615,5545
02163300,UNIVERSIDAD CENTRAL DEL CARIBE          ,PR,00960-0000,Private      ,1,2,3,158,461,619
02165100,EDP COLLEGE OF PUERTO RICO              ,PR,00919-0000,Private      ,58,69,127,962,1816,2778
02166400,INSTITUTO DE BANCA Y COMERCIO           ,PR,00925-0000,Proprietary  ,177,193,370,9931,13559,23490
02170300,INST EDUC TECNIA OCUP LA REINA          ,PR,00674-0000,Proprietary  ,6,6,12,351,525,876
02170301,INST EDUC TECNICA OCUPLA LA REINA       ,PR,00603-0000,Proprietary  ,0,0,0,4,4,8
02189100,CENTRO DE ESTUDIOS MULTIDISCIPLIN       ,PR,00926-0000,Private      ,79,120,199,1510,2214,3724
02189300,EMMA'S BEAUTY ACADEMY                   ,PR,00680-0000,Proprietary  ,7,16,23,239,276,515
02195400,MODERN HAIRSTYLING INSTITUTE            ,PR,00960-0000,Proprietary  ,48,45,93,684,732,1416
02195500,MODERN HAIRSTYLING INSTITUTE            ,PR,00612-0000,Proprietary  ,0,0,0,4,1,5
02195800,LICEO E ARTE Y TECNOLGIA                ,PR,00919-0000,Proprietary  ,23,70,93,751,808,1559
02195900,MODERN HAIRSTYLING INSTITUTE            ,PR,00980-0000,Proprietary  ,0,0,0,7,7,14
02234900,ANTILLES SCHOOL OF TECH CAREERS         ,PR,00909-0000,Proprietary  ,4,18,22,169,281,450
02241901,COMMONWEALTH OF PR DEPT OF EDUC - CARLOS,PR,00986-0000,Public       ,0,1,1,38,53,91
02241902,COMMONWEALTH OF PR DEPT OF EDUC - TOMAS ,PR,00613-0000,Public       ,0,0,0,13,29,42
02241904,COMMONWEALTH OF PR DEPT OF EDUC - ITPR R,PR,00655-0000,Public       ,1,2,3,526,289,815
02241905,COMMONWEALTH OF PR DEPT OF EDUC - JOSE A,PR,00674-0000,Public       ,0,0,0,68,14,82
02241907,COMMONWEALTH OF PR DEPT OF EDUC - ITPR R,PR,00928-0000,Public       ,0,0,0,464,209,673
02241908,COMMONWEALTH OF PR DEPT OF EDUC - ITPR R,PR,00732-0000,Public       ,1,0,1,526,253,779
02241909,COMMONWEALTH OF PR DEPT OF EDUC - TROQUE,PR,00959-0000,Public       ,0,0,0,45,15,60
02241910,COMMONWEALTH OF PR DEPT OF EDUC - ITPR R,PR,00701-1091,Public       ,1,2,3,677,233,910
02260600,NATIONAL COLLEGE OF BUSINESS & TECH     ,PR,00960-2036,Proprietary  ,11,27,38,3978,5602,9580
02260601,NATIONAL COLLEGE OF BUSINESS & TECHNOLOG,PR,00612-0000,Proprietary  ,0,0,0,45,37,82
02260602,NATIONAL COLLEGE OF BUSINESS & TECHNOLOG,PR,00745-9903,Proprietary  ,0,0,0,17,24,41
02260800,HUERTAS JUNIOR COLLEGE                  ,PR,00726-0000,Proprietary  ,41,111,152,1200,1705,2905
02297700,AUTOMECA TECHNICAL COLLEGE              ,PR,00957-0000,Proprietary  ,1,0,1,1292,826,2118
02303800,AMERICAN EDUCATIONAL COLLEGE            ,PR,00961-0000,Proprietary  ,48,55,103,567,836,1403
02335500,COLEGIO BIBLICO PENTECOSTAL DE PR       ,PR,00978-0000,Private      ,0,1,1,21,167,188
02340600,HUMACAO COMMUNITY COLLEGE               ,PR,00792-0000,Private      ,14,39,53,397,551,948
02343600,INSTITUTE OF BEAUTY CAREERS             ,PR,00613-0000,Proprietary  ,32,47,79,346,561,907
02482400,PONCE SCHOOL OF MEDICINE                ,PR,00716-2347,Private      ,1,0,1,18,637,655
02502400,SERBIA'S SCHOOL OF BEAUTY CULTURE       ,PR,00785-0000,Proprietary  ,20,34,54,223,301,524
02504500,INSTITUCION CHAVIANO DE MAYAGUEZ        ,PR,00708-0000,Proprietary  ,10,16,26,32,205,237
02505400,ATLANTIC COLLEGE                        ,PR,00970-0000,Private      ,2,7,9,838,629,1467
02534900,PONCE PARAMEDICAL COLLEGE (POPAC)       ,PR,00731-0000,Proprietary  ,62,101,163,2261,2061,4322
02549700,ACADEMIA MAISON D'ESTHETIQUE            ,PR,00907-0000,Proprietary  ,0,0,0,66,162,228
02552300,COLEGIO MAYOR DE TECHNOLOGIA            ,PR,00714-0000,Proprietary  ,5,8,13,248,306,554
02562500,INTERNATIONAL TECHNICAL COLLEGE         ,PR,00918-0000,Proprietary  ,5,11,16,61,178,239
02563500,ROGIES SCHOOL OF BEAUTY CULTURE         ,PR,00910-0000,Proprietary  ,2,11,13,168,272,440
02569400,ESCUELA DE ARTES PLASTICAS              ,PR,00902-1112,Public       ,6,4,10,375,187,562
02570400,EDUCATIONAL TECHNICAL COLLEGE           ,PR,00925-3404,Proprietary  ,27,52,79,543,1082,1625
02576100,ESCUELA TECNICA DE ELECTRICIDAD         ,PR,00731-0000,Proprietary  ,10,28,38,343,426,769
02587500,UNIVERSIDAD METROPOLITANA               ,PR,00928-0000,Private      ,32,170,202,5286,9313,14599
02588600,SEMINARIO EVANGELICO DE PUERTO RICO     ,PR,00925-0000,Private      ,0,0,0,1,47,48
02593700,HISPANIC AMERICAN COLLEGE               ,PR,00725-0000,Proprietary  ,19,60,79,205,325,530
02611100,INSTITUTO MERLIX                        ,PR,00961-0000,Proprietary  ,0,0,0,2,1,3
03021900,EDIC COLLEGE                            ,PR,00726-0000,Proprietary  ,0,9,9,898,1242,2140
03025500,MECH TECH COLLEGE                       ,PR,00725-6118,Proprietary  ,110,155,265,3182,2192,5374
03025900,"LICEO DE ARTE, DISENOS Y COMERCIO       ",PR,00726-0000,Proprietary  ,14,30,44,399,610,1009
03029700,"UNIVERSAL TECHNOLOGY CLG OF PR, INC     ",PR,00605-1955,Private      ,18,63,81,842,1501,2343
03061900,COLEGIO TECHNOLOGICO Y COMERCIAL        ,PR,00602-0960,Proprietary  ,2,11,13,45,88,133
03068400,STAR BEAUTY ACADEMY                     ,PR,00961-6312,Proprietary  ,7,6,13,84,116,200
03070500,D'MART INSTITUTE                        ,PR,00794-3517,Proprietary  ,19,49,68,1062,1441,2503
03075600,EMMA'S BEAUTY ACADEMY                   ,PR,00795-0000,Proprietary  ,16,15,31,365,321,686
03076000,PUERTO RICO BARBER COLLEGE              ,PR,00738-4632,Proprietary  ,0,0,0,1,0,1
03085700,PROFESSIONAL TECHNICAL INSTITUTION      ,PR,00960-7061,Proprietary  ,10,9,19,250,228,478
03104400,PROFESSIONAL ELECTRIC SCHOOL            ,PR,00674-1797,Proprietary  ,1,0,1,62,77,139
03106900,ESCUELA DE PERITOS ELECTRICITAS         ,PR,00662-0457,Proprietary  ,0,8,8,41,67,108
03112100,JOHN DEWEY COLLEGE                      ,PR,00915-9538,Private      ,201,458,659,2727,5321,8048
03112101,JOHN DEWEY COLLEGE                      ,PR,00986-0000,Private      ,40,75,115,719,919,1638
03112102,JOHN DEWEY COLLEGE-BAYAMON CAMPUS       ,PR,00959-0000,Private      ,61,95,156,655,998,1653
03112104,JOHN DEWEY COLLEGE - YABUCOA LRNING SITE,PR,00767-0767,Private      ,11,54,65,189,468,657
03112105,JOHN DEWEY COLLEGE - FAJARDO BRANCH     ,PR,00738-0738,Private      ,16,17,33,223,374,597
03112106,JOHN DEWEY COLLEGE - ARROYO BRANCH      ,PR,00714-0714,Private      ,5,26,31,150,288,438
03112107,JOHN DEWEY COLLEGE - JUANA DIAZ BRANCH  ,PR,00795-0000,Private      ,4,22,26,181,300,481
03112108,JOHN DEWEY COLLEGE - HATILLO CAMPUS     ,PR,00659-0000,Private      ,0,0,0,1,4,5
03112109,JOHN DEWEY COLLEGE - MANATI             ,PR,00674-0000,Private      ,20,50,70,83,181,264
03115900,TRINITY COLLEGE OF PUERTO RICO          ,PR,00734-0000,Private      ,10,26,36,129,211,340
03122500,ACADEMIA SERRANT INC.                   ,PR,00717-1568,Proprietary  ,10,42,52,127,385,512
03123100,GLOBELLE TECHNICAL INSTITUTE            ,PR,00693-4218,Proprietary  ,9,5,14,184,97,281
03124200,NOVA COLLEGE DE PUERTO RICO             ,PR,00960-4016,Proprietary  ,15,53,68,105,334,439
03157600,"COLEGIO DE CINEMATOGRAFIA, ARTES Y TELEV",PR,00961-6345,Proprietary  ,18,20,38,443,290,733
03177300,SAN JUAN BAUTISTA SCH OF MEDICINE       ,PR,00726-0000,Private      ,0,1,1,3,285,288
03326300,UNIVERSAL CAREER COMMUNITY COLLEGE      ,PR,00907-0000,Proprietary  ,50,97,147,592,991,1583
03336300,CENTURY COLLEGE                         ,PR,00603-0000,Proprietary  ,4,20,24,120,237,357
03414300,MONTECLARO                              ,PR,00745-9612,Private      ,0,0,0,19,0,19
03452300,INSTITUTO PRE-VOCACIONAL E INDUSTRI     ,PR,00613-1800,Private      ,0,0,0,91,171,262
03469300,IVAEM COLLEGE                           ,PR,00725-0000,Proprietary  ,2,4,6,151,80,231
03531300,COLEGIO PENTECOSTAL MIZPA               ,PR,00928-0966,Private      ,0,0,0,16,236,252
03544300,ATENAS COLLEGE                          ,PR,00674-0000,Private      ,23,68,91,802,1294,2096
03552300,LESTON COLLEGE                          ,PR,00961-6309,Proprietary  ,7,6,13,89,140,229
03608300,CARIBBEAN FORENSIC & TECHNICAL COLL     ,PR,00926-0000,Proprietary  ,4,10,14,59,118,177
03638300,ROSSLYN TRAINING ACADEMY OF COSMETOLOGY ,PR,00602-3225,Proprietary  ,1,5,6,25,60,85
03735400,"CHARLIES GUARD,DETECTIVE BUREAU&ACA     ",PR,00605-0000,Proprietary  ,9,18,27,74,202,276
03751300,ESCUELA HOTELERA DE SAN JUAN            ,PR,00917-0091,Proprietary  ,6,8,14,503,405,908
03758300,BAYAMON COMMUNITY COLLEGE               ,PR,00960-0000,Proprietary  ,1,12,13,56,194,250
03781400,INDUSTRIAL TECHNICAL COLLEGE            ,PR,00792-0000,Proprietary  ,16,71,87,136,265,401
03785300,J.G. GUAYNABO TECHNICAL COLLEGE         ,PR,00960-0000,Proprietary  ,8,19,27,48,116,164
03800300,COLEGIO TECNICO DE ELECTRICIDAD GALLOSA ,PR,00602-0000,Proprietary  ,0,3,3,18,65,83
03800400,INSTITUTE OF BEAUTY OCCUPATIONS AND TECH,PR,00676-5071,Proprietary  ,9,13,22,77,130,207
03843300,ADVANCED TECH COLLEGE                   ,PR,00961-6321,Proprietary  ,14,22,36,151,346,497
03849300,AGUADILLA TECHNICAL COLLEGE             ,PR,00603-0000,Proprietary  ,0,0,0,11,33,44
03965400,MYRANGEL BEAUTY INSTITUTE               ,PR,00754-3917,Proprietary  ,7,24,31,87,257,344
04030300,ASPIRA  DE PUERTO RICO                  ,PR,00987-0000,Private      ,0,0,0,3,8,11
04107300,CARIB TECHNOLOGICAL INSTITUTE           ,PR,00960-0000,Proprietary  ,84,116,200,289,269,558
04117200,INSTITUTO EDUCATIVO PREMIER             ,PR,00731-0000,Proprietary  ,25,29,54,112,211,323
04131600,LIBERTY TECHNICAL COLLEGE               ,PR,00737-1298,Proprietary  ,5,4,9,38,53,91
04158600,SCOTLAND EDUCATIONAL INSTITUTE          ,PR,00961-6312,Proprietary  ,1,2,3,2,16,18
00394600,UNIVERSITY OF THE VIRGIN ISLANDS        ,VI,00802-6000,Public       ,2,7,9,1075,838,1913
00394601,UNIV OF THE VIRGIN ISLANDS-ST CROIX     ,VI,00850-0000,Public       ,4,7,11,488,593,1081
00667400,CANADIAN THEOLOGICAL SEMINARY           ,CN,00000-0000,Private      ,0,0,0,2,1,3
00667700,MCGILL UNIVERSITY                       ,CN,00000-0000,Public       ,3,2,5,1772,435,2207
00667900,QUEEN'S UNIVERSITY AT KINGSTON          ,CN,00000-0000,Public       ,1,1,2,109,43,152
00668100,ST FRANCIS XAVIER UNIVERSITY            ,CN,00000-0000,Public       ,0,0,0,37,11,48
00668200,ST THOMAS UNIVERSITY                    ,CN,00000-0000,Public       ,0,0,0,13,5,18
00668300,UNIVERSITY OF GUELPH                    ,CN,00000-0000,Public       ,0,0,0,32,59,91
00668400,UNIVERSITY OF MANITOBA                  ,CN,00000-0000,Public       ,0,0,0,32,35,67
00668500,UNIVERSITY OF NEW BRUNSWICK (THE)       ,CN,00000-0000,Public       ,0,0,0,16,9,25
00668600,UNIVERSITY OF OTTAWA                    ,CN,00000-0000,Public       ,1,0,1,34,35,69
00668800,UNIVERSITY OF TORONTO                   ,CN,00000-0000,Public       ,3,5,8,300,474,774
00668900,UNIVERSITY OF WINDSOR                   ,CN,00000-0000,Public       ,0,1,1,17,51,68
00683700,UNIVERSITE LAVAL                        ,CN,00000-0000,Public       ,0,1,1,8,17,25
00683800,DALHOUSIE UNIVERSITY                    ,CN,00000-0000,Public       ,0,0,0,140,64,204
00685200,BISHOP'S UNIVERSITY                     ,CN,00000-0000,Private      ,0,0,0,42,2,44
00685300,MCMASTER UNIVERSITY                     ,CN,00000-0000,Public       ,0,1,1,24,26,50
00767900,YORK UNIVERSITY                         ,CN,00000-0000,Public       ,0,2,2,108,111,219
00787400,UNIVERSITY AT CALGARY (THE)             ,CN,00000-0000,Public       ,0,0,0,32,61,93
00814800,UNIVERSITY OF WINNIPEG                  ,CN,00000-0000,Public       ,0,0,0,7,6,13
00836200,UNIVERSITY OF ALBERTA (THE)             ,CN,00000-0000,Public       ,0,0,0,23,60,83
00836300,MOUNT SAINT VINCENT UNIVERSITY          ,CN,00000-0000,Private      ,0,0,0,1,3,4
00836400,SAINT MARY'S UNIVERSITY                 ,CN,00000-0000,Public       ,0,0,0,24,15,39
00836500,CONCORDIA UNIVERSITY - SIR GEORGE W     ,CN,00000-0000,Public       ,0,2,2,243,170,413
00836600,UNIVERSITE DE MONTREAL                  ,CN,00000-0000,Public       ,0,1,1,17,39,56
00836800,CARLETON UNIVERSITY                     ,CN,00000-0000,Public       ,0,0,0,51,30,81
00836900,UNIVERSITY OF BRITISH COLUMBIA          ,CN,00000-0000,Public       ,0,3,3,731,529,1260
00837000,"SAFA, UNIVERSITY OF VICTORIA            ",CN,00000-0000,Public       ,1,1,2,82,62,144
00844400,SIMON FRASER UNIVERSITY                 ,CN,00000-0000,Public       ,1,3,4,71,98,169
00844600,UNIVERSITY OF WESTERN ONTARIO (THE)     ,CN,00000-0000,Public       ,0,0,0,43,54,97
00844800,UNIVERSITY OF REGINA                    ,CN,00000-0000,Public       ,0,0,0,9,11,20
00844900,ACADIA UNIVERSITY                       ,CN,00000-0000,Public       ,0,0,0,43,17,60
00852600,UNIVERSITY OF WATERLOO                  ,CN,00000-0000,Public       ,0,0,0,38,24,62
00858200,WILFRID LAURIER UNIVERSITY              ,CN,00000-0000,Public       ,0,0,0,8,6,14
00891300,LAKEHEAD UNIVERSITY                     ,CN,00000-0000,Public       ,0,0,0,7,6,13
00911900,UNIVERSITE DE MONCTON                   ,CN,00000-0000,Public       ,0,0,0,0,3,3
00925200,BROCK UNIVERSITY                        ,CN,00000-0000,Public       ,0,0,0,7,21,28
00936700,UNIVERSITY OF PRINCE EDWARD ISLAND      ,CN,00000-0000,Public       ,0,0,0,11,110,121
00942100,BRANDON UNIVERSITY                      ,CN,00000-0000,Public       ,0,1,1,8,6,14
00948600,TRINITY WESTERN UNIVERSITY              ,CN,00000-0000,Private      ,0,0,0,323,50,373
00950000,MEMORIAL UNIVERSITY OF NEWFOUNDLAND     ,CN,00000-0000,Public       ,0,0,0,0,4,4
00950100,UNIVERSITY OF KING'S COLLEGE            ,CN,00000-0000,Public       ,0,0,0,23,6,29
00950300,MOUNT ALLISON UNIVERSITY                ,CN,00000-0000,Public       ,1,1,2,39,5,44
00950400,NOVA SCOTIA AGRICULTURAL COLLEGE        ,CN,00000-0000,Public       ,0,0,0,2,5,7
00950500,TRENT UNIVERSITY                        ,CN,00000-0000,Public       ,0,1,1,9,9,18
00969700,LETHBRIDGE COLLEGE                      ,CN,00000-0000,Public       ,0,0,0,2,6,8
00969800,MEDICINE HAT COLLEGE                    ,CN,00000-0000,Public       ,0,0,0,6,1,7
00970100,SENECA COLG OF APPLIED ARTS & TECH      ,CN,00000-0000,Public       ,0,0,0,14,29,43
01012300,NOVA SCOTIA COLLEGE OF ART & DESIGN     ,CN,00000-0000,Public       ,0,0,0,15,12,27
01022100,SAINT PAUL UNIVERSITY                   ,CN,00000-0000,Public       ,0,0,0,1,6,7
01045800,SHERIDAN COLLEGE OF APPLIED ARTS AN     ,CN,00000-0000,Public       ,0,0,0,16,14,30
01067500,REGENT COLLEGE                          ,CN,00000-0000,Private      ,0,1,1,2,101,103
01070300,UNIVERSITY OF LETHBRIDGE                ,CN,00000-0000,Public       ,0,0,0,5,11,16
01072000,RYERSON UNIVERSITY                      ,CN,00000-0000,Public       ,0,0,0,45,67,112
01172200,BRIERCREST BIBLE COLLEGE                ,CN,00000-0000,Private      ,0,0,0,15,11,26
01221100,ALGONQUIN CLG OF APPLIED ARTS &TECH     ,CN,00000-0000,Public       ,0,0,0,7,9,16
01222800,HUMBER COLLEGE                          ,CN,00000-0000,Public       ,0,0,0,12,18,30
01227400,PROVIDENCE COLLEGE                      ,CN,00000-0000,Private      ,0,0,0,9,7,16
02102100,BETHANY BIBLE COLLEGE                   ,CN,00000-0000,Private      ,0,0,0,60,24,84
02116600,CANADIAN MEMORIAL CHIROPRACTIC COLL     ,CN,00000-0000,Private      ,0,0,0,0,2,2
02167000,PRAIRIE BIBLE INST                      ,CN,00000-0000,Private      ,0,0,0,30,16,46
02184600,INSTITUTE FOR CHRISTIAN STUDIES         ,CN,00000-0000,Private      ,0,0,0,1,7,8
02195600,LASALLE COLLEGE                         ,CN,00000-0000,Private      ,0,0,0,13,7,20
02195700,TAYLOR UNIVERSITY COLLEGE AND SEMINARY  ,CN,00000-0000,Private      ,0,0,0,0,3,3
02201100,COLUMBIA BIBLE COLLEGE                  ,CN,00000-0000,Private      ,0,0,0,20,10,30
02216400,TYNDALE COLLEGE & SEMINARY              ,CN,00000-0000,Private      ,0,1,1,1,4,5
02219000,ST. LAWRENCE COLLEGE                    ,CN,00000-0000,Public       ,0,0,0,4,5,9
02219200,UNIVERSITY OF SASKATCHEWAN              ,CN,00000-0000,Public       ,1,0,1,11,23,34
02324900,EMMANUEL BIBLE COLLEGE                  ,CN,00000-0000,Private      ,0,0,0,0,1,1
02338800,EMILY CARR UNIVERSITY OF ART AND DESIGN ,CN,00000-0000,Public       ,0,0,0,48,44,92
02354700,RED DEER COLLEGE                        ,CN,00000-0000,Public       ,0,0,0,1,4,5
02577200,SALVATION ARMY WM & CATHERINE BOOTH     ,CN,00000-0000,Private      ,0,0,0,1,0,1
02593800,CONCORDIA UNIVERSITY COLLEGE            ,CN,00000-0000,Private      ,0,0,0,6,8,14
02611900,THE KING'S UNIVERSITY COLLEGE           ,CN,00000-0000,Private      ,0,0,0,1,5,6
03018300,ROCKY MOUNTAIN COLLEGE: CENTRE FOR      ,CN,00000-0000,Private      ,0,0,0,1,7,8
03033800,UNIVERSITY COLLEGE OF CAPE BRETON       ,CN,00000-0000,Public       ,0,0,0,3,1,4
03078300,VANCOUVER SCHOOL OF THEOLOGY            ,CN,00000-0000,Private      ,0,0,0,0,8,8
03273300,CANADIAN COLLEGE OF NATUROPATHIC ME     ,CN,00000-0000,Private      ,0,0,0,0,30,30
03298300,ALBERTA COLLEGE OF ART & DESIGN         ,CN,00000-0000,Public       ,0,0,0,24,10,34
03332500,KWANTLEN UNIVERSITY COLLEGE             ,CN,00000-0000,Public       ,0,0,0,7,11,18
03335400,CANADIAN UNIVERSITY COLLEGE             ,CN,00000-0000,Private      ,0,0,0,22,14,36
03339300,ST. STEPHENS UNIVERSITY                 ,CN,00000-0000,Private      ,0,0,0,4,4,8
03348500,REDEEMER UNIVERSITY COLLEGE             ,CN,00000-0000,Private      ,0,0,0,13,2,15
03408300,CANDIAN NAZARENE UNIVERSITY COLLEGE     ,CN,00000-0000,Private      ,0,0,0,1,3,4
03420300,HOLLAND COLLEGE                         ,CN,00000-0000,Public       ,0,0,0,0,3,3
03421300,LOYALIST COLLEGE OF APPLIED ARTS &      ,CN,00000-0000,Public       ,0,0,0,3,2,5
03465300,NIPISSING UNIVERSITY                    ,CN,00000-0000,Public       ,0,0,0,2,0,2
03511300,CN CLG ACUPUNCTURE & ORIENTAL MED       ,CN,00000-0000,Private      ,0,0,0,0,7,7
03551300,INTERNATIONAL BIBLE COLLEGE             ,CN,00000-0000,Private      ,0,0,0,0,1,1
03560400,NIAGARA COLLEGE-WELLAND CAMPUS          ,CN,00000-0000,Public       ,0,0,0,2,5,7
03613300,UNIV OF NORTHERN BRITISH COLUMBIA       ,CN,00000-0000,Public       ,0,0,0,7,9,16
03644400,CANADIAN MENNONITE UNIVERSITY           ,CN,00000-0000,Private      ,0,0,0,13,3,16
03674400,CANADIAN SOUTHERN BAPTIST SEMINARY      ,CN,00000-0000,Private      ,0,0,0,0,2,2
03711300,CAPILANO UNIVERSITY                     ,CN,00000-0000,Public       ,0,0,0,10,19,29
03745300,BRITISH COLUMBIA INSTITUTE OF TECHNOLOGY,CN,00000-0000,Public       ,0,0,0,3,17,20
03846300,PACIFIC LIFE BIBLE COLLEGE              ,CN,00000-0000,Private      ,0,0,0,5,3,8
03847300,ATLANTIC BAPTIST UNIVERSITY             ,CN,00000-0000,Private      ,0,0,0,11,1,12
04122700,MCMASTER DIVINITY COLLEGE               ,CN,00000-0000,Private      ,0,0,0,0,6,6
04156700,AMBROSE UNIVERSITY COLLEGE              ,CN,00000-0000,Private      ,0,0,0,2,0,2
00814700,UNIVERSIDAD AUTONOMA DE GUADALAJARA     ,MX,00000-0000,Private      ,1,5,6,63,1134,1197
01041800,INST TEC Y DE ESTSUPER DE MONTERRE      ,MX,00000-0000,Private      ,0,0,0,88,74,162
01067600,UNIVERSIDAD DE MONTERREY                ,MX,00000-0000,Private      ,0,0,0,32,50,82
01093800,UNIVERSIDAD DE GUANAJUATO               ,MX,00000-0000,Public       ,0,0,0,8,28,36
01097600,INSTITUTO ALLENDE                       ,MX,00000-0000,Private      ,0,0,0,2,18,20
02053300,CENTRO DE ESTUDIOS UNIVERSITARIOS D     ,MX,00000-0000,Private      ,0,1,1,120,194,314
01001000,AMERICAN SAMOA CMNTY COLLEGE            ,AS,96799-2609,Public       ,240,36,276,1936,457,2393
01034300,COLLEGE OF MICRONESIA - FSM             ,FM,96941-0159,Public       ,37,28,65,2557,1195,3752
01100900,PALAU COMMUNITY COLLEGE                 ,PW,96940-0009,Public       ,121,19,140,895,392,1287
03022400,COLLEGE OF THE MARSHALL ISLANDS         ,MH,96960-1258,Public       ,47,60,107,826,439,1265
03033000,NORTHERN MARIANAS COLLEGE               ,MP,96950-0000,Public       ,2,2,4,515,429,944
